01/01/2000,OPF,FL,ASO,ES,Federal Contract Tower,0,4,17,2,23,0,0,73,12,85,0,4,90,14,108,24,0,24,132
01/02/2000,OPF,FL,ASO,ES,Federal Contract Tower,0,2,40,3,45,0,0,120,0,120,0,2,160,3,165,81,8,89,254
01/03/2000,OPF,FL,ASO,ES,Federal Contract Tower,0,9,35,4,48,0,20,144,22,186,0,29,179,26,234,96,50,146,380
01/04/2000,OPF,FL,ASO,ES,Federal Contract Tower,3,10,38,5,56,2,22,132,18,174,5,32,170,23,230,85,32,117,347
01/05/2000,OPF,FL,ASO,ES,Federal Contract Tower,4,16,58,7,85,1,16,123,23,163,5,32,181,30,248,30,88,118,366
01/06/2000,OPF,FL,ASO,ES,Federal Contract Tower,4,13,47,5,69,3,14,156,33,206,7,27,203,38,275,84,68,152,427
01/07/2000,OPF,FL,ASO,ES,Federal Contract Tower,4,12,43,5,64,1,20,138,21,180,5,32,181,26,244,78,12,90,334
01/08/2000,OPF,FL,ASO,ES,Federal Contract Tower,1,0,17,2,20,0,0,136,6,142,1,0,153,8,162,56,0,56,218
01/09/2000,OPF,FL,ASO,ES,Federal Contract Tower,0,4,21,2,27,0,0,103,6,109,0,4,124,8,136,86,30,116,252
01/10/2000,OPF,FL,ASO,ES,Federal Contract Tower,1,12,36,4,53,0,11,142,35,188,1,23,178,39,241,90,96,186,427
01/11/2000,OPF,FL,ASO,ES,Federal Contract Tower,2,11,35,5,53,1,13,122,9,145,3,24,157,14,198,72,8,80,278
01/12/2000,OPF,FL,ASO,ES,Federal Contract Tower,0,16,51,6,73,0,11,139,34,184,0,27,190,40,257,112,44,156,413
01/13/2000,OPF,FL,ASO,ES,Federal Contract Tower,0,12,37,5,54,0,17,131,22,170,0,29,168,27,224,63,66,129,353
01/14/2000,OPF,FL,ASO,ES,Federal Contract Tower,1,13,41,6,61,0,10,81,13,104,1,23,122,19,165,2,2,4,169
01/15/2000,OPF,FL,ASO,ES,Federal Contract Tower,0,5,20,3,28,5,0,110,17,132,5,5,130,20,160,42,4,46,206
01/16/2000,OPF,FL,ASO,ES,Federal Contract Tower,0,1,20,4,25,2,0,113,12,127,2,1,133,16,152,80,0,80,232
01/17/2000,OPF,FL,ASO,ES,Federal Contract Tower,0,8,27,4,39,0,1,149,14,164,0,9,176,18,203,70,0,70,273
01/18/2000,OPF,FL,ASO,ES,Federal Contract Tower,1,10,31,5,47,0,18,143,22,183,1,28,174,27,230,125,26,151,381
01/19/2000,OPF,FL,ASO,ES,Federal Contract Tower,1,13,39,6,59,1,12,144,18,175,2,25,183,24,234,146,0,146,380
01/20/2000,OPF,FL,ASO,ES,Federal Contract Tower,1,13,41,6,61,1,19,112,21,153,2,32,153,27,214,94,2,96,310
01/21/2000,OPF,FL,ASO,ES,Federal Contract Tower,1,12,37,5,55,0,16,163,23,202,1,28,200,28,257,84,2,86,343
01/22/2000,OPF,FL,ASO,ES,Federal Contract Tower,1,4,26,3,34,1,0,163,8,172,2,4,189,11,206,112,1,113,319
01/23/2000,OPF,FL,ASO,ES,Federal Contract Tower,0,3,24,2,29,0,0,111,8,119,0,3,135,10,148,54,0,54,202
01/24/2000,OPF,FL,ASO,ES,Federal Contract Tower,1,12,38,5,56,1,9,88,20,118,2,21,126,25,174,70,30,100,274
01/25/2000,OPF,FL,ASO,ES,Federal Contract Tower,2,14,44,5,65,0,13,98,17,128,2,27,142,22,193,46,6,52,245
01/26/2000,OPF,FL,ASO,ES,Federal Contract Tower,0,18,57,7,82,0,8,162,16,186,0,26,219,23,268,171,10,181,449
01/27/2000,OPF,FL,ASO,ES,Federal Contract Tower,2,16,52,6,76,3,17,152,24,196,5,33,204,30,272,106,76,182,454
01/28/2000,OPF,FL,ASO,ES,Federal Contract Tower,2,19,63,8,92,1,7,140,20,168,3,26,203,28,260,110,42,152,412
01/29/2000,OPF,FL,ASO,ES,Federal Contract Tower,1,5,25,3,34,1,0,144,6,151,2,5,169,9,185,88,0,88,273
01/30/2000,OPF,FL,ASO,ES,Federal Contract Tower,0,6,36,5,47,0,0,126,9,135,0,6,162,14,182,52,0,52,234
01/31/2000,OPF,FL,ASO,ES,Federal Contract Tower,0,14,46,5,65,0,5,88,18,111,0,19,134,23,176,117,116,233,409
02/01/2000,OPF,FL,ASO,ES,Federal Contract Tower,2,11,43,4,60,0,12,83,21,116,2,23,126,25,176,60,0,60,236
02/02/2000,OPF,FL,ASO,ES,Federal Contract Tower,1,15,58,6,80,0,15,92,22,129,1,30,150,28,209,100,42,142,351
02/03/2000,OPF,FL,ASO,ES,Federal Contract Tower,0,14,55,6,75,0,8,89,18,115,0,22,144,24,190,39,28,67,257
02/04/2000,OPF,FL,ASO,ES,Federal Contract Tower,0,13,50,5,68,0,27,99,18,144,0,40,149,23,212,95,86,181,393
02/05/2000,OPF,FL,ASO,ES,Federal Contract Tower,2,8,33,3,46,2,2,155,14,173,4,10,188,17,219,136,0,136,355
02/06/2000,OPF,FL,ASO,ES,Federal Contract Tower,0,4,17,2,23,0,0,122,13,135,0,4,139,15,158,172,54,226,384
02/07/2000,OPF,FL,ASO,ES,Federal Contract Tower,0,7,28,3,38,0,17,181,17,215,0,24,209,20,253,100,152,252,505
02/08/2000,OPF,FL,ASO,ES,Federal Contract Tower,2,13,53,6,74,2,12,86,11,111,4,25,139,17,185,30,18,48,233
02/09/2000,OPF,FL,ASO,ES,Federal Contract Tower,2,13,50,6,71,6,6,143,19,174,8,19,193,25,245,74,76,150,395
02/10/2000,OPF,FL,ASO,ES,Federal Contract Tower,2,14,54,6,76,4,12,147,25,188,6,26,201,31,264,120,74,194,458
02/11/2000,OPF,FL,ASO,ES,Federal Contract Tower,2,13,50,6,71,0,17,113,21,151,2,30,163,27,222,128,74,202,424
02/12/2000,OPF,FL,ASO,ES,Federal Contract Tower,1,5,20,2,28,3,0,147,7,157,4,5,167,9,185,168,0,168,353
02/13/2000,OPF,FL,ASO,ES,Federal Contract Tower,1,1,24,3,29,0,0,116,9,125,1,1,140,12,154,106,28,134,288
02/14/2000,OPF,FL,ASO,ES,Federal Contract Tower,0,12,42,4,58,0,9,124,15,148,0,21,166,19,206,92,90,182,388
02/15/2000,OPF,FL,ASO,ES,Federal Contract Tower,2,14,49,6,71,2,12,131,16,161,4,26,180,22,232,124,86,210,442
02/16/2000,OPF,FL,ASO,ES,Federal Contract Tower,0,16,57,6,79,0,6,224,15,245,0,22,281,21,324,227,18,245,569
02/17/2000,OPF,FL,ASO,ES,Federal Contract Tower,2,26,95,11,134,0,5,184,20,209,2,31,279,31,343,144,80,224,567
02/18/2000,OPF,FL,ASO,ES,Federal Contract Tower,2,23,84,10,119,0,0,172,18,190,2,23,256,28,309,128,44,172,481
02/19/2000,OPF,FL,ASO,ES,Federal Contract Tower,1,4,40,5,50,1,0,184,8,193,2,4,224,13,243,92,0,92,335
02/20/2000,OPF,FL,ASO,ES,Federal Contract Tower,0,1,39,5,45,0,0,172,5,177,0,1,211,10,222,96,0,96,318
02/21/2000,OPF,FL,ASO,ES,Federal Contract Tower,1,9,52,7,69,0,0,195,15,210,1,9,247,22,279,118,0,118,397
02/22/2000,OPF,FL,ASO,ES,Federal Contract Tower,0,14,49,7,70,0,11,151,23,185,0,25,200,30,255,82,16,98,353
02/23/2000,OPF,FL,ASO,ES,Federal Contract Tower,2,18,66,8,94,2,7,141,21,171,4,25,207,29,265,98,8,106,371
02/24/2000,OPF,FL,ASO,ES,Federal Contract Tower,2,20,70,9,101,0,6,159,30,195,2,26,229,39,296,156,34,190,486
02/25/2000,OPF,FL,ASO,ES,Federal Contract Tower,0,18,63,8,89,0,11,136,11,158,0,29,199,19,247,70,2,72,319
02/26/2000,OPF,FL,ASO,ES,Federal Contract Tower,1,6,43,6,56,6,0,151,12,169,7,6,194,18,225,134,40,174,399
02/27/2000,OPF,FL,ASO,ES,Federal Contract Tower,0,4,23,2,29,0,0,128,14,142,0,4,151,16,171,84,0,84,255
02/28/2000,OPF,FL,ASO,ES,Federal Contract Tower,1,14,53,6,74,0,9,162,28,199,1,23,215,34,273,220,24,244,517
02/29/2000,OPF,FL,ASO,ES,Federal Contract Tower,2,16,62,7,87,0,8,144,25,177,2,24,206,32,264,154,32,186,450
03/01/2000,OPF,FL,ASO,ES,Federal Contract Tower,2,15,53,8,78,3,17,159,22,201,5,32,212,30,279,194,32,226,505
03/02/2000,OPF,FL,ASO,ES,Federal Contract Tower,2,16,57,10,85,2,15,156,22,195,4,31,213,32,280,133,6,139,419
03/03/2000,OPF,FL,ASO,ES,Federal Contract Tower,1,15,55,9,80,0,4,202,13,219,1,19,257,22,299,184,68,252,551
03/04/2000,OPF,FL,ASO,ES,Federal Contract Tower,2,4,31,5,42,1,0,169,2,172,3,4,200,7,214,104,8,112,326
03/05/2000,OPF,FL,ASO,ES,Federal Contract Tower,0,5,26,4,35,0,0,129,9,138,0,5,155,13,173,126,2,128,301
03/06/2000,OPF,FL,ASO,ES,Federal Contract Tower,1,12,44,7,64,0,6,144,13,163,1,18,188,20,227,146,30,176,403
03/07/2000,OPF,FL,ASO,ES,Federal Contract Tower,0,12,43,7,62,0,9,143,16,168,0,21,186,23,230,124,12,136,366
03/08/2000,OPF,FL,ASO,ES,Federal Contract Tower,2,15,54,9,80,3,14,147,13,177,5,29,201,22,257,74,32,106,363
03/09/2000,OPF,FL,ASO,ES,Federal Contract Tower,1,17,61,10,89,0,20,160,22,202,1,37,221,32,291,166,14,180,471
03/10/2000,OPF,FL,ASO,ES,Federal Contract Tower,2,15,50,8,75,1,10,172,29,212,3,25,222,37,287,124,50,174,461
03/11/2000,OPF,FL,ASO,ES,Federal Contract Tower,0,5,18,3,26,0,7,99,8,114,0,12,117,11,140,98,0,98,238
03/12/2000,OPF,FL,ASO,ES,Federal Contract Tower,1,3,26,5,35,0,0,92,25,117,1,3,118,30,152,114,4,118,270
03/13/2000,OPF,FL,ASO,ES,Federal Contract Tower,2,21,70,12,105,0,35,157,10,202,2,56,227,22,307,154,32,186,493
03/14/2000,OPF,FL,ASO,ES,Federal Contract Tower,2,18,58,9,87,1,5,140,6,152,3,23,198,15,239,168,14,182,421
03/15/2000,OPF,FL,ASO,ES,Federal Contract Tower,1,18,62,10,91,0,6,127,15,148,1,24,189,25,239,160,8,168,407
03/16/2000,OPF,FL,ASO,ES,Federal Contract Tower,2,16,52,9,79,0,10,145,18,173,2,26,197,27,252,110,24,134,386
03/17/2000,OPF,FL,ASO,ES,Federal Contract Tower,0,16,54,9,79,0,6,143,24,173,0,22,197,33,252,112,24,136,388
03/18/2000,OPF,FL,ASO,ES,Federal Contract Tower,0,6,28,5,39,0,0,221,2,223,0,6,249,7,262,104,2,106,368
03/19/2000,OPF,FL,ASO,ES,Federal Contract Tower,0,3,17,2,22,0,0,156,7,163,0,3,173,9,185,136,8,144,329
03/20/2000,OPF,FL,ASO,ES,Federal Contract Tower,2,18,61,10,91,0,13,123,17,153,2,31,184,27,244,82,6,88,332
03/21/2000,OPF,FL,ASO,ES,Federal Contract Tower,0,2,27,5,34,3,0,138,8,149,3,2,165,13,183,128,24,152,335
03/22/2000,OPF,FL,ASO,ES,Federal Contract Tower,0,1,28,5,34,1,0,51,13,65,1,1,79,18,99,8,36,44,143
03/23/2000,OPF,FL,ASO,ES,Federal Contract Tower,1,16,53,10,80,0,11,177,9,197,1,27,230,19,277,118,130,248,525
03/24/2000,OPF,FL,ASO,ES,Federal Contract Tower,1,16,54,10,81,1,13,181,17,212,2,29,235,27,293,168,6,174,467
03/25/2000,OPF,FL,ASO,ES,Federal Contract Tower,1,18,59,11,89,0,11,212,8,231,1,29,271,19,320,158,92,250,570
03/26/2000,OPF,FL,ASO,ES,Federal Contract Tower,2,23,77,12,114,1,8,147,14,170,3,31,224,26,284,56,2,58,342
03/27/2000,OPF,FL,ASO,ES,Federal Contract Tower,0,17,58,10,85,0,13,168,20,201,0,30,226,30,286,136,4,140,426
03/28/2000,OPF,FL,ASO,ES,Federal Contract Tower,0,16,55,9,80,0,10,170,18,198,0,26,225,27,278,104,36,140,418
03/29/2000,OPF,FL,ASO,ES,Federal Contract Tower,1,18,59,10,88,5,12,169,15,201,6,30,228,25,289,222,56,278,567
03/30/2000,OPF,FL,ASO,ES,Federal Contract Tower,1,20,67,11,99,0,10,214,24,248,1,30,281,35,347,112,6,118,465
03/31/2000,OPF,FL,ASO,ES,Federal Contract Tower,0,19,63,10,92,0,12,170,21,203,0,31,233,31,295,120,6,126,421
04/01/2000,OPF,FL,ASO,ES,Federal Contract Tower,0,0,30,2,32,0,0,137,13,150,0,0,167,15,182,136,2,138,320
04/02/2000,OPF,FL,ASO,ES,Federal Contract Tower,0,4,31,2,37,0,0,138,9,147,0,4,169,11,184,128,28,156,340
04/03/2000,OPF,FL,ASO,ES,Federal Contract Tower,2,13,58,5,78,0,17,129,20,166,2,30,187,25,244,188,4,192,436
04/04/2000,OPF,FL,ASO,ES,Federal Contract Tower,4,13,58,5,80,4,16,140,19,179,8,29,198,24,259,180,18,198,457
04/05/2000,OPF,FL,ASO,ES,Federal Contract Tower,3,12,54,5,74,1,20,149,22,192,4,32,203,27,266,62,58,120,386
04/06/2000,OPF,FL,ASO,ES,Federal Contract Tower,3,17,68,6,94,1,17,194,19,231,4,34,262,25,325,152,10,162,487
04/07/2000,OPF,FL,ASO,ES,Federal Contract Tower,1,13,52,4,70,0,18,151,19,188,1,31,203,23,258,100,38,138,396
04/08/2000,OPF,FL,ASO,ES,Federal Contract Tower,0,2,26,2,30,0,0,118,4,122,0,2,144,6,152,90,0,90,242
04/09/2000,OPF,FL,ASO,ES,Federal Contract Tower,0,2,43,4,49,0,0,125,4,129,0,2,168,8,178,263,4,267,445
04/10/2000,OPF,FL,ASO,ES,Federal Contract Tower,1,14,51,4,70,0,12,189,21,222,1,26,240,25,292,156,18,174,466
04/11/2000,OPF,FL,ASO,ES,Federal Contract Tower,2,16,61,6,85,4,10,156,26,196,6,26,217,32,281,88,22,110,391
04/12/2000,OPF,FL,ASO,ES,Federal Contract Tower,2,16,61,7,86,0,12,98,3,113,2,28,159,10,199,64,0,64,263
04/13/2000,OPF,FL,ASO,ES,Federal Contract Tower,1,13,50,6,70,3,15,31,18,67,4,28,81,24,137,30,4,34,171
04/14/2000,OPF,FL,ASO,ES,Federal Contract Tower,2,15,56,6,79,0,15,90,4,109,2,30,146,10,188,104,0,104,292
04/15/2000,OPF,FL,ASO,ES,Federal Contract Tower,1,8,36,4,49,2,0,118,8,128,3,8,154,12,177,184,0,184,361
04/16/2000,OPF,FL,ASO,ES,Federal Contract Tower,0,1,32,4,37,0,0,129,12,141,0,1,161,16,178,141,0,141,319
04/17/2000,OPF,FL,ASO,ES,Federal Contract Tower,0,21,78,8,107,0,5,148,22,175,0,26,226,30,282,144,42,186,468
04/18/2000,OPF,FL,ASO,ES,Federal Contract Tower,2,18,69,7,96,4,4,167,33,208,6,22,236,40,304,166,14,180,484
04/19/2000,OPF,FL,ASO,ES,Federal Contract Tower,1,12,46,5,64,4,13,188,15,220,5,25,234,20,284,144,4,148,432
04/20/2000,OPF,FL,ASO,ES,Federal Contract Tower,1,15,59,6,81,0,16,163,13,192,1,31,222,19,273,160,34,194,467
04/21/2000,OPF,FL,ASO,ES,Federal Contract Tower,2,15,57,6,80,0,11,155,23,189,2,26,212,29,269,233,60,293,562
04/22/2000,OPF,FL,ASO,ES,Federal Contract Tower,1,1,42,5,49,2,0,159,0,161,3,1,201,5,210,188,8,196,406
04/23/2000,OPF,FL,ASO,ES,Federal Contract Tower,1,0,28,3,32,0,0,115,5,120,1,0,143,8,152,72,12,84,236
04/24/2000,OPF,FL,ASO,ES,Federal Contract Tower,0,14,54,6,74,0,15,190,13,218,0,29,244,19,292,80,0,80,372
04/25/2000,OPF,FL,ASO,ES,Federal Contract Tower,1,15,59,5,80,0,4,133,20,157,1,19,192,25,237,84,28,112,349
04/26/2000,OPF,FL,ASO,ES,Federal Contract Tower,0,16,62,6,84,0,6,142,15,163,0,22,204,21,247,218,22,240,487
04/27/2000,OPF,FL,ASO,ES,Federal Contract Tower,2,21,80,7,110,0,7,150,24,181,2,28,230,31,291,200,0,200,491
04/28/2000,OPF,FL,ASO,ES,Federal Contract Tower,1,17,65,6,89,0,3,150,16,169,1,20,215,22,258,169,0,169,427
04/29/2000,OPF,FL,ASO,ES,Federal Contract Tower,0,1,25,2,28,4,0,152,6,162,4,1,177,8,190,114,2,116,306
04/30/2000,OPF,FL,ASO,ES,Federal Contract Tower,0,1,37,3,41,0,0,177,12,189,0,1,214,15,230,97,0,97,327
05/01/2000,OPF,FL,ASO,ES,Federal Contract Tower,1,13,45,5,64,0,11,128,18,157,1,24,173,23,221,91,5,96,317
05/02/2000,OPF,FL,ASO,ES,Federal Contract Tower,2,14,51,6,73,0,22,190,4,216,2,36,241,10,289,200,0,200,489
05/03/2000,OPF,FL,ASO,ES,Federal Contract Tower,2,19,66,8,95,3,16,172,10,201,5,35,238,18,296,178,86,264,560
05/04/2000,OPF,FL,ASO,ES,Federal Contract Tower,1,20,71,8,100,0,15,134,6,155,1,35,205,14,255,162,16,178,433
05/05/2000,OPF,FL,ASO,ES,Federal Contract Tower,1,20,71,8,100,0,7,150,14,171,1,27,221,22,271,199,0,199,470
05/06/2000,OPF,FL,ASO,ES,Federal Contract Tower,1,2,31,4,38,3,0,182,8,193,4,2,213,12,231,73,4,77,308
05/07/2000,OPF,FL,ASO,ES,Federal Contract Tower,0,3,34,5,42,0,0,119,8,127,0,3,153,13,169,154,0,154,323
05/08/2000,OPF,FL,ASO,ES,Federal Contract Tower,1,11,42,5,59,0,11,107,15,133,1,22,149,20,192,78,50,128,320
05/09/2000,OPF,FL,ASO,ES,Federal Contract Tower,2,20,70,8,100,0,8,152,22,182,2,28,222,30,282,68,44,112,394
05/10/2000,OPF,FL,ASO,ES,Federal Contract Tower,0,14,50,6,70,0,15,144,19,178,0,29,194,25,248,138,6,144,392
05/11/2000,OPF,FL,ASO,ES,Federal Contract Tower,2,15,54,6,77,0,5,141,19,165,2,20,195,25,242,30,36,66,308
05/12/2000,OPF,FL,ASO,ES,Federal Contract Tower,2,16,56,6,80,1,13,165,19,198,3,29,221,25,278,83,20,103,381
05/13/2000,OPF,FL,ASO,ES,Federal Contract Tower,0,3,26,4,33,0,0,165,18,183,0,3,191,22,216,162,10,172,388
05/14/2000,OPF,FL,ASO,ES,Federal Contract Tower,0,2,26,4,32,0,0,130,8,138,0,2,156,12,170,50,2,52,222
05/15/2000,OPF,FL,ASO,ES,Federal Contract Tower,2,14,45,5,66,1,16,170,39,226,3,30,215,44,292,130,2,132,424
05/16/2000,OPF,FL,ASO,ES,Federal Contract Tower,3,21,69,8,101,3,14,149,20,186,6,35,218,28,287,113,36,149,436
05/17/2000,OPF,FL,ASO,ES,Federal Contract Tower,1,19,62,9,91,0,6,189,19,214,1,25,251,28,305,104,28,132,437
05/18/2000,OPF,FL,ASO,ES,Federal Contract Tower,1,16,52,7,76,1,22,165,22,210,2,38,217,29,286,153,26,179,465
05/19/2000,OPF,FL,ASO,ES,Federal Contract Tower,0,17,57,8,82,0,15,160,17,192,0,32,217,25,274,97,6,103,377
05/20/2000,OPF,FL,ASO,ES,Federal Contract Tower,1,2,35,5,43,1,0,178,5,184,2,2,213,10,227,102,0,102,329
05/21/2000,OPF,FL,ASO,ES,Federal Contract Tower,0,7,35,5,47,0,0,219,7,226,0,7,254,12,273,113,0,113,386
05/22/2000,OPF,FL,ASO,ES,Federal Contract Tower,0,12,40,6,58,0,16,170,15,201,0,28,210,21,259,104,14,118,377
05/23/2000,OPF,FL,ASO,ES,Federal Contract Tower,1,16,55,7,79,6,16,169,8,199,7,32,224,15,278,110,8,118,396
05/24/2000,OPF,FL,ASO,ES,Federal Contract Tower,1,14,45,5,65,4,16,166,2,188,5,30,211,7,253,169,4,173,426
05/25/2000,OPF,FL,ASO,ES,Federal Contract Tower,1,20,66,8,95,2,7,176,20,205,3,27,242,28,300,139,4,143,443
05/26/2000,OPF,FL,ASO,ES,Federal Contract Tower,1,14,48,6,69,0,17,155,18,190,1,31,203,24,259,140,18,158,417
05/27/2000,OPF,FL,ASO,ES,Federal Contract Tower,0,3,26,3,32,0,0,172,3,175,0,3,198,6,207,64,0,64,271
05/28/2000,OPF,FL,ASO,ES,Federal Contract Tower,0,4,25,3,32,0,0,141,5,146,0,4,166,8,178,28,0,28,206
05/29/2000,OPF,FL,ASO,ES,Federal Contract Tower,0,8,34,5,47,0,0,202,5,207,0,8,236,10,254,126,12,138,392
05/30/2000,OPF,FL,ASO,ES,Federal Contract Tower,0,16,54,7,77,0,14,126,25,165,0,30,180,32,242,80,20,100,342
05/31/2000,OPF,FL,ASO,ES,Federal Contract Tower,1,20,67,8,96,1,18,118,11,148,2,38,185,19,244,142,28,170,414
06/01/2000,OPF,FL,ASO,ES,Federal Contract Tower,2,16,43,4,65,2,21,137,16,176,4,37,180,20,241,142,2,144,385
06/02/2000,OPF,FL,ASO,ES,Federal Contract Tower,3,17,50,5,75,0,7,143,22,172,3,24,193,27,247,170,12,182,429
06/03/2000,OPF,FL,ASO,ES,Federal Contract Tower,2,3,35,3,43,1,0,151,10,162,3,3,186,13,205,148,4,152,357
06/04/2000,OPF,FL,ASO,ES,Federal Contract Tower,0,0,22,2,24,0,0,145,10,155,0,0,167,12,179,132,2,134,313
06/05/2000,OPF,FL,ASO,ES,Federal Contract Tower,0,14,38,3,55,0,12,152,30,194,0,26,190,33,249,204,68,272,521
06/06/2000,OPF,FL,ASO,ES,Federal Contract Tower,0,18,49,4,71,0,12,174,27,213,0,30,223,31,284,101,52,153,437
06/07/2000,OPF,FL,ASO,ES,Federal Contract Tower,3,19,51,5,78,0,4,106,12,122,3,23,157,17,200,78,8,86,286
06/08/2000,OPF,FL,ASO,ES,Federal Contract Tower,2,18,47,4,71,0,16,134,16,166,2,34,181,20,237,114,76,190,427
06/09/2000,OPF,FL,ASO,ES,Federal Contract Tower,0,18,47,4,69,0,12,119,16,147,0,30,166,20,216,120,130,250,466
06/10/2000,OPF,FL,ASO,ES,Federal Contract Tower,1,3,20,2,26,1,0,172,5,178,2,3,192,7,204,187,4,191,395
06/11/2000,OPF,FL,ASO,ES,Federal Contract Tower,2,1,30,3,36,0,0,82,4,86,2,1,112,7,122,30,6,36,158
06/12/2000,OPF,FL,ASO,ES,Federal Contract Tower,1,21,54,5,81,0,6,154,30,190,1,27,208,35,271,144,68,212,483
06/13/2000,OPF,FL,ASO,ES,Federal Contract Tower,3,19,49,5,76,3,17,213,30,263,6,36,262,35,339,192,0,192,531
06/14/2000,OPF,FL,ASO,ES,Federal Contract Tower,2,14,36,4,56,1,17,182,17,217,3,31,218,21,273,126,14,140,413
06/15/2000,OPF,FL,ASO,ES,Federal Contract Tower,0,16,41,4,61,0,19,149,5,173,0,35,190,9,234,192,2,194,428
06/16/2000,OPF,FL,ASO,ES,Federal Contract Tower,1,17,43,6,67,0,20,164,13,197,1,37,207,19,264,133,70,203,467
06/17/2000,OPF,FL,ASO,ES,Federal Contract Tower,0,6,17,3,26,1,0,157,4,162,1,6,174,7,188,146,2,148,336
06/18/2000,OPF,FL,ASO,ES,Federal Contract Tower,0,6,22,3,31,2,0,118,6,126,2,6,140,9,157,36,6,42,199
06/19/2000,OPF,FL,ASO,ES,Federal Contract Tower,2,20,52,6,80,0,15,143,17,175,2,35,195,23,255,138,48,186,441
06/20/2000,OPF,FL,ASO,ES,Federal Contract Tower,2,18,49,6,75,0,19,155,21,195,2,37,204,27,270,166,36,202,472
06/21/2000,OPF,FL,ASO,ES,Federal Contract Tower,2,20,53,6,81,1,21,162,15,199,3,41,215,21,280,214,34,248,528
06/22/2000,OPF,FL,ASO,ES,Federal Contract Tower,2,27,68,8,105,2,9,200,34,245,4,36,268,42,350,80,8,88,438
06/23/2000,OPF,FL,ASO,ES,Federal Contract Tower,1,17,43,4,65,0,15,143,11,169,1,32,186,15,234,270,22,292,526
06/24/2000,OPF,FL,ASO,ES,Federal Contract Tower,0,5,22,2,29,0,0,188,4,192,0,5,210,6,221,171,25,196,417
06/25/2000,OPF,FL,ASO,ES,Federal Contract Tower,0,3,32,3,38,0,0,194,7,201,0,3,226,10,239,161,6,167,406
06/26/2000,OPF,FL,ASO,ES,Federal Contract Tower,1,16,42,5,64,1,13,134,17,165,2,29,176,22,229,118,81,199,428
06/27/2000,OPF,FL,ASO,ES,Federal Contract Tower,2,24,63,6,95,0,19,117,23,159,2,43,180,29,254,140,6,146,400
06/28/2000,OPF,FL,ASO,ES,Federal Contract Tower,2,22,58,4,86,1,26,170,0,197,3,48,228,4,283,172,0,172,455
06/29/2000,OPF,FL,ASO,ES,Federal Contract Tower,0,19,50,5,74,0,22,132,18,172,0,41,182,23,246,115,44,159,405
06/30/2000,OPF,FL,ASO,ES,Federal Contract Tower,0,17,44,5,66,0,12,159,3,174,0,29,203,8,240,123,0,123,363
07/01/2000,OPF,FL,ASO,ES,Federal Contract Tower,0,5,29,4,38,0,0,118,3,121,0,5,147,7,159,74,0,74,233
07/02/2000,OPF,FL,ASO,ES,Federal Contract Tower,0,7,30,3,40,0,3,98,5,106,0,10,128,8,146,87,0,87,233
07/03/2000,OPF,FL,ASO,ES,Federal Contract Tower,1,13,47,6,67,0,12,117,10,139,1,25,164,16,206,128,12,140,346
07/04/2000,OPF,FL,ASO,ES,Federal Contract Tower,0,8,33,4,45,0,0,159,3,162,0,8,192,7,207,116,0,116,323
07/05/2000,OPF,FL,ASO,ES,Federal Contract Tower,2,17,59,7,85,0,13,173,23,209,2,30,232,30,294,142,82,224,518
07/06/2000,OPF,FL,ASO,ES,Federal Contract Tower,2,12,47,6,67,0,19,134,17,170,2,31,181,23,237,116,40,156,393
07/07/2000,OPF,FL,ASO,ES,Federal Contract Tower,2,16,57,7,82,0,24,154,20,198,2,40,211,27,280,111,46,157,437
07/08/2000,OPF,FL,ASO,ES,Federal Contract Tower,0,6,35,4,45,0,0,122,12,134,0,6,157,16,179,140,8,148,327
07/09/2000,OPF,FL,ASO,ES,Federal Contract Tower,0,0,31,4,35,0,0,132,4,136,0,0,163,8,171,123,0,123,294
07/10/2000,OPF,FL,ASO,ES,Federal Contract Tower,1,14,44,5,64,0,12,116,25,153,1,26,160,30,217,54,28,82,299
07/11/2000,OPF,FL,ASO,ES,Federal Contract Tower,2,17,57,7,83,0,10,160,27,197,2,27,217,34,280,102,22,124,404
07/12/2000,OPF,FL,ASO,ES,Federal Contract Tower,1,15,51,6,73,0,15,137,15,167,1,30,188,21,240,96,40,136,376
07/13/2000,OPF,FL,ASO,ES,Federal Contract Tower,0,16,51,6,73,0,12,189,25,226,0,28,240,31,299,108,30,138,437
07/14/2000,OPF,FL,ASO,ES,Federal Contract Tower,0,12,37,4,53,0,21,128,8,157,0,33,165,12,210,128,2,130,340
07/15/2000,OPF,FL,ASO,ES,Federal Contract Tower,1,3,22,3,29,3,0,118,5,126,4,3,140,8,155,161,0,161,316
07/16/2000,OPF,FL,ASO,ES,Federal Contract Tower,0,4,29,5,38,0,0,146,8,154,0,4,175,13,192,102,0,102,294
07/17/2000,OPF,FL,ASO,ES,Federal Contract Tower,1,16,53,8,78,0,14,132,32,178,1,30,185,40,256,110,28,138,394
07/18/2000,OPF,FL,ASO,ES,Federal Contract Tower,1,15,53,8,77,2,13,116,23,154,3,28,169,31,231,90,14,104,335
07/19/2000,OPF,FL,ASO,ES,Federal Contract Tower,1,22,73,10,106,2,7,150,8,167,3,29,223,18,273,128,0,128,401
07/20/2000,OPF,FL,ASO,ES,Federal Contract Tower,1,18,61,9,89,0,10,174,32,216,1,28,235,41,305,130,14,144,449
07/21/2000,OPF,FL,ASO,ES,Federal Contract Tower,1,18,59,8,86,1,11,133,21,166,2,29,192,29,252,156,18,174,426
07/22/2000,OPF,FL,ASO,ES,Federal Contract Tower,0,4,39,7,50,1,0,154,1,156,1,4,193,8,206,189,0,189,395
07/23/2000,OPF,FL,ASO,ES,Federal Contract Tower,0,1,40,6,47,0,0,148,7,155,0,1,188,13,202,84,0,84,286
07/24/2000,OPF,FL,ASO,ES,Federal Contract Tower,1,18,59,8,86,2,11,115,14,142,3,29,174,22,228,80,10,90,318
07/25/2000,OPF,FL,ASO,ES,Federal Contract Tower,1,18,58,8,85,0,18,124,16,158,1,36,182,24,243,98,0,98,341
07/26/2000,OPF,FL,ASO,ES,Federal Contract Tower,1,20,66,10,97,3,17,147,10,177,4,37,213,20,274,68,0,68,342
07/27/2000,OPF,FL,ASO,ES,Federal Contract Tower,0,16,56,7,79,0,20,180,14,214,0,36,236,21,293,94,6,100,393
07/28/2000,OPF,FL,ASO,ES,Federal Contract Tower,0,18,63,8,89,0,10,143,13,166,0,28,206,21,255,102,8,110,365
07/29/2000,OPF,FL,ASO,ES,Federal Contract Tower,0,4,28,3,35,0,0,174,6,180,0,4,202,9,215,87,4,91,306
07/30/2000,OPF,FL,ASO,ES,Federal Contract Tower,0,1,28,3,32,0,0,152,16,168,0,1,180,19,200,125,0,125,325
07/31/2000,OPF,FL,ASO,ES,Federal Contract Tower,0,18,60,8,86,0,21,169,23,213,0,39,229,31,299,54,38,92,391
08/01/2000,OPF,FL,ASO,ES,Federal Contract Tower,2,18,67,7,94,1,9,116,17,143,3,27,183,24,237,34,10,44,281
08/02/2000,OPF,FL,ASO,ES,Federal Contract Tower,2,15,58,6,81,1,14,112,14,141,3,29,170,20,222,42,4,46,268
08/03/2000,OPF,FL,ASO,ES,Federal Contract Tower,2,19,70,7,98,0,14,136,21,171,2,33,206,28,269,85,0,85,354
08/04/2000,OPF,FL,ASO,ES,Federal Contract Tower,0,13,51,5,69,0,18,142,29,189,0,31,193,34,258,103,12,115,373
08/05/2000,OPF,FL,ASO,ES,Federal Contract Tower,0,1,32,4,37,0,0,97,4,101,0,1,129,8,138,76,0,76,214
08/06/2000,OPF,FL,ASO,ES,Federal Contract Tower,0,1,17,1,19,0,0,83,11,94,0,1,100,12,113,28,0,28,141
08/07/2000,OPF,FL,ASO,ES,Federal Contract Tower,0,17,62,6,85,0,7,162,15,184,0,24,224,21,269,114,2,116,385
08/08/2000,OPF,FL,ASO,ES,Federal Contract Tower,0,14,50,5,69,0,15,134,20,169,0,29,184,25,238,132,4,136,374
08/09/2000,OPF,FL,ASO,ES,Federal Contract Tower,2,14,50,5,71,0,18,105,22,145,2,32,155,27,216,112,26,138,354
08/10/2000,OPF,FL,ASO,ES,Federal Contract Tower,2,21,73,8,104,0,17,114,23,154,2,38,187,31,258,90,4,94,352
08/11/2000,OPF,FL,ASO,ES,Federal Contract Tower,0,20,68,7,95,0,8,111,20,139,0,28,179,27,234,73,4,77,311
08/12/2000,OPF,FL,ASO,ES,Federal Contract Tower,0,3,27,3,33,0,0,135,7,142,0,3,162,10,175,110,0,110,285
08/13/2000,OPF,FL,ASO,ES,Federal Contract Tower,0,3,37,5,45,1,0,131,24,156,1,3,168,29,201,141,46,187,388
08/14/2000,OPF,FL,ASO,ES,Federal Contract Tower,1,16,55,6,78,0,12,111,21,144,1,28,166,27,222,42,10,52,274
08/15/2000,OPF,FL,ASO,ES,Federal Contract Tower,0,12,41,5,58,2,18,138,18,176,2,30,179,23,234,158,0,158,392
08/16/2000,OPF,FL,ASO,ES,Federal Contract Tower,0,14,51,6,71,0,19,164,12,195,0,33,215,18,266,156,8,164,430
08/17/2000,OPF,FL,ASO,ES,Federal Contract Tower,0,12,41,6,59,0,17,146,15,178,0,29,187,21,237,98,0,98,335
08/18/2000,OPF,FL,ASO,ES,Federal Contract Tower,1,16,57,7,81,1,19,117,31,168,2,35,174,38,249,116,38,154,403
08/19/2000,OPF,FL,ASO,ES,Federal Contract Tower,0,2,24,4,30,0,0,141,2,143,0,2,165,6,173,144,0,144,317
08/20/2000,OPF,FL,ASO,ES,Federal Contract Tower,0,2,25,3,30,0,0,136,7,143,0,2,161,10,173,72,0,72,245
08/21/2000,OPF,FL,ASO,ES,Federal Contract Tower,1,16,59,6,82,1,8,127,18,154,2,24,186,24,236,62,6,68,304
08/22/2000,OPF,FL,ASO,ES,Federal Contract Tower,0,13,44,4,61,2,11,135,22,170,2,24,179,26,231,112,0,112,343
08/23/2000,OPF,FL,ASO,ES,Federal Contract Tower,0,16,57,6,79,0,6,137,12,155,0,22,194,18,234,99,4,103,337
08/24/2000,OPF,FL,ASO,ES,Federal Contract Tower,0,18,64,6,88,0,14,144,6,164,0,32,208,12,252,96,0,96,348
08/25/2000,OPF,FL,ASO,ES,Federal Contract Tower,0,13,46,5,64,6,14,110,15,145,6,27,156,20,209,90,34,124,333
08/26/2000,OPF,FL,ASO,ES,Federal Contract Tower,0,1,26,2,29,0,0,118,9,127,0,1,144,11,156,107,8,115,271
08/27/2000,OPF,FL,ASO,ES,Federal Contract Tower,0,0,41,4,45,0,0,81,4,85,0,0,122,8,130,98,0,98,228
08/28/2000,OPF,FL,ASO,ES,Federal Contract Tower,0,18,67,7,92,0,14,124,9,147,0,32,191,16,239,72,60,132,371
08/29/2000,OPF,FL,ASO,ES,Federal Contract Tower,1,15,57,6,79,1,6,126,21,154,2,21,183,27,233,122,24,146,379
08/30/2000,OPF,FL,ASO,ES,Federal Contract Tower,0,19,68,7,94,0,16,135,22,173,0,35,203,29,267,194,22,216,483
08/31/2000,OPF,FL,ASO,ES,Federal Contract Tower,1,18,66,7,92,2,13,116,17,148,3,31,182,24,240,128,22,150,390
09/01/2000,OPF,FL,ASO,ES,Federal Contract Tower,2,13,52,5,72,1,19,183,17,220,3,32,235,22,292,164,0,164,456
09/02/2000,OPF,FL,ASO,ES,Federal Contract Tower,1,2,34,3,40,1,0,194,18,213,2,2,228,21,253,220,0,220,473
09/03/2000,OPF,FL,ASO,ES,Federal Contract Tower,0,0,16,1,17,0,0,173,11,184,0,0,189,12,201,123,0,123,324
09/04/2000,OPF,FL,ASO,ES,Federal Contract Tower,0,4,28,2,34,0,0,168,10,178,0,4,196,12,212,45,4,49,261
09/05/2000,OPF,FL,ASO,ES,Federal Contract Tower,1,11,44,4,60,0,13,148,12,173,1,24,192,16,233,110,6,116,349
09/06/2000,OPF,FL,ASO,ES,Federal Contract Tower,1,10,41,4,56,1,22,83,6,112,2,32,124,10,168,68,0,68,236
09/07/2000,OPF,FL,ASO,ES,Federal Contract Tower,0,12,52,5,69,0,19,115,23,157,0,31,167,28,226,176,10,186,412
09/08/2000,OPF,FL,ASO,ES,Federal Contract Tower,0,12,50,5,67,0,14,116,33,163,0,26,166,38,230,142,32,174,404
09/09/2000,OPF,FL,ASO,ES,Federal Contract Tower,0,1,26,3,30,0,0,161,9,170,0,1,187,12,200,210,0,210,410
09/10/2000,OPF,FL,ASO,ES,Federal Contract Tower,0,0,38,4,42,0,0,126,11,137,0,0,164,15,179,179,0,179,358
09/11/2000,OPF,FL,ASO,ES,Federal Contract Tower,2,17,68,7,94,1,16,168,8,193,3,33,236,15,287,86,19,105,392
09/12/2000,OPF,FL,ASO,ES,Federal Contract Tower,2,12,44,4,62,1,23,149,24,197,3,35,193,28,259,156,44,200,459
09/13/2000,OPF,FL,ASO,ES,Federal Contract Tower,1,14,54,5,74,0,11,166,16,193,1,25,220,21,267,162,0,162,429
09/14/2000,OPF,FL,ASO,ES,Federal Contract Tower,0,15,57,6,78,0,12,126,19,157,0,27,183,25,235,102,55,157,392
09/15/2000,OPF,FL,ASO,ES,Federal Contract Tower,0,19,71,7,97,0,11,109,0,120,0,30,180,7,217,142,17,159,376
09/16/2000,OPF,FL,ASO,ES,Federal Contract Tower,0,1,34,5,40,0,0,110,4,114,0,1,144,9,154,276,4,280,434
09/17/2000,OPF,FL,ASO,ES,Federal Contract Tower,0,3,18,2,23,0,0,43,9,52,0,3,61,11,75,4,0,4,79
09/18/2000,OPF,FL,ASO,ES,Federal Contract Tower,1,19,73,9,102,3,4,135,17,159,4,23,208,26,261,154,78,232,493
09/19/2000,OPF,FL,ASO,ES,Federal Contract Tower,1,16,59,7,83,1,15,128,29,173,2,31,187,36,256,52,18,70,326
09/20/2000,OPF,FL,ASO,ES,Federal Contract Tower,1,15,54,6,76,5,23,122,11,161,6,38,176,17,237,48,18,66,303
09/21/2000,OPF,FL,ASO,ES,Federal Contract Tower,1,14,52,6,73,0,11,99,7,117,1,25,151,13,190,156,22,178,368
09/22/2000,OPF,FL,ASO,ES,Federal Contract Tower,1,17,63,7,88,2,9,112,16,139,3,26,175,23,227,208,58,266,493
09/23/2000,OPF,FL,ASO,ES,Federal Contract Tower,0,2,29,4,35,0,0,146,13,159,0,2,175,17,194,139,30,169,363
09/24/2000,OPF,FL,ASO,ES,Federal Contract Tower,0,1,34,5,40,0,0,176,6,182,0,1,210,11,222,128,0,128,350
09/25/2000,OPF,FL,ASO,ES,Federal Contract Tower,0,14,53,6,73,0,9,155,9,173,0,23,208,15,246,90,0,90,336
09/26/2000,OPF,FL,ASO,ES,Federal Contract Tower,1,17,66,8,92,2,4,128,9,143,3,21,194,17,235,73,14,87,322
09/27/2000,OPF,FL,ASO,ES,Federal Contract Tower,1,18,70,7,96,0,1,156,21,178,1,19,226,28,274,119,38,157,431
09/28/2000,OPF,FL,ASO,ES,Federal Contract Tower,1,14,55,5,75,2,17,110,8,137,3,31,165,13,212,138,6,144,356
09/29/2000,OPF,FL,ASO,ES,Federal Contract Tower,0,1,42,5,48,0,0,172,10,182,0,1,214,15,230,97,0,97,327
09/30/2000,OPF,FL,ASO,ES,Federal Contract Tower,0,2,27,3,32,0,0,109,9,118,0,2,136,12,150,118,18,136,286
10/01/2000,OPF,FL,ASO,ES,Federal Contract Tower,0,0,49,6,55,0,2,109,35,146,0,2,158,41,201,91,8,99,300
10/02/2000,OPF,FL,ASO,ES,Federal Contract Tower,0,0,65,8,73,0,22,23,15,60,0,22,88,23,133,12,0,12,145
10/03/2000,OPF,FL,ASO,ES,Federal Contract Tower,0,0,55,7,62,2,36,0,0,38,2,36,55,7,100,12,0,12,112
10/04/2000,OPF,FL,ASO,ES,Federal Contract Tower,0,0,73,9,82,7,20,99,28,154,7,20,172,37,236,51,12,63,299
10/05/2000,OPF,FL,ASO,ES,Federal Contract Tower,0,0,78,9,87,2,15,168,36,221,2,15,246,45,308,123,7,130,438
10/06/2000,OPF,FL,ASO,ES,Federal Contract Tower,0,0,66,8,74,0,23,102,20,145,0,23,168,28,219,43,0,43,262
10/07/2000,OPF,FL,ASO,ES,Federal Contract Tower,0,0,52,6,58,0,4,183,1,188,0,4,235,7,246,155,0,155,401
10/08/2000,OPF,FL,ASO,ES,Federal Contract Tower,0,0,44,5,49,0,0,160,9,169,0,0,204,14,218,55,0,55,273
10/09/2000,OPF,FL,ASO,ES,Federal Contract Tower,0,0,46,6,52,0,10,74,13,97,0,10,120,19,149,38,0,38,187
10/10/2000,OPF,FL,ASO,ES,Federal Contract Tower,0,0,65,8,73,0,24,110,15,149,0,24,175,23,222,68,14,82,304
10/11/2000,OPF,FL,ASO,ES,Federal Contract Tower,0,0,73,9,82,2,19,118,20,159,2,19,191,29,241,110,76,186,427
10/12/2000,OPF,FL,ASO,ES,Federal Contract Tower,0,0,76,9,85,2,20,106,27,155,2,20,182,36,240,78,6,84,324
10/13/2000,OPF,FL,ASO,ES,Federal Contract Tower,0,0,54,6,60,2,16,124,20,162,2,16,178,26,222,116,18,134,356
10/14/2000,OPF,FL,ASO,ES,Federal Contract Tower,0,0,32,4,36,0,3,126,9,138,0,3,158,13,174,122,2,124,298
10/15/2000,OPF,FL,ASO,ES,Federal Contract Tower,0,0,40,5,45,0,1,115,3,119,0,1,155,8,164,94,0,94,258
10/16/2000,OPF,FL,ASO,ES,Federal Contract Tower,0,0,70,8,78,3,23,128,28,182,3,23,198,36,260,70,16,86,346
10/17/2000,OPF,FL,ASO,ES,Federal Contract Tower,0,0,77,8,85,0,35,149,30,214,0,35,226,38,299,172,44,216,515
10/18/2000,OPF,FL,ASO,ES,Federal Contract Tower,0,0,73,7,80,5,31,132,25,193,5,31,205,32,273,134,14,148,421
10/19/2000,OPF,FL,ASO,ES,Federal Contract Tower,0,0,56,6,62,1,26,134,21,182,1,26,190,27,244,146,10,156,400
10/20/2000,OPF,FL,ASO,ES,Federal Contract Tower,0,0,81,8,89,0,25,125,15,165,0,25,206,23,254,196,10,206,460
10/21/2000,OPF,FL,ASO,ES,Federal Contract Tower,0,0,42,4,46,2,7,161,12,182,2,7,203,16,228,161,8,169,397
10/22/2000,OPF,FL,ASO,ES,Federal Contract Tower,0,0,54,5,59,0,3,118,18,139,0,3,172,23,198,120,16,136,334
10/23/2000,OPF,FL,ASO,ES,Federal Contract Tower,0,0,65,7,72,2,30,86,26,144,2,30,151,33,216,105,12,117,333
10/24/2000,OPF,FL,ASO,ES,Federal Contract Tower,0,0,75,8,83,2,25,91,34,152,2,25,166,42,235,90,26,116,351
10/25/2000,OPF,FL,ASO,ES,Federal Contract Tower,0,0,87,9,96,2,22,165,28,217,2,22,252,37,313,110,22,132,445
10/26/2000,OPF,FL,ASO,ES,Federal Contract Tower,0,0,79,8,87,1,26,173,16,216,1,26,252,24,303,132,24,156,459
10/27/2000,OPF,FL,ASO,ES,Federal Contract Tower,0,0,85,9,94,2,19,130,20,171,2,19,215,29,265,132,48,180,445
10/28/2000,OPF,FL,ASO,ES,Federal Contract Tower,0,0,45,4,49,0,8,145,7,160,0,8,190,11,209,227,7,234,443
10/29/2000,OPF,FL,ASO,ES,Federal Contract Tower,0,0,53,5,58,0,6,145,8,159,0,6,198,13,217,170,0,170,387
10/30/2000,OPF,FL,ASO,ES,Federal Contract Tower,0,0,88,9,97,0,23,133,26,182,0,23,221,35,279,132,12,144,423
10/31/2000,OPF,FL,ASO,ES,Federal Contract Tower,0,0,75,8,83,3,29,132,3,167,3,29,207,11,250,165,0,165,415
11/01/2000,OPF,FL,ASO,ES,Federal Contract Tower,2,16,79,8,105,0,13,165,22,200,2,29,244,30,305,174,44,218,523
11/02/2000,OPF,FL,ASO,ES,Federal Contract Tower,0,14,64,6,84,0,4,196,13,213,0,18,260,19,297,132,4,136,433
11/03/2000,OPF,FL,ASO,ES,Federal Contract Tower,0,16,75,7,98,0,13,159,26,198,0,29,234,33,296,229,18,247,543
11/04/2000,OPF,FL,ASO,ES,Federal Contract Tower,0,4,54,6,64,0,0,185,9,194,0,4,239,15,258,210,0,210,468
11/05/2000,OPF,FL,ASO,ES,Federal Contract Tower,0,11,54,6,71,0,6,189,20,215,0,17,243,26,286,74,0,74,360
11/06/2000,OPF,FL,ASO,ES,Federal Contract Tower,0,13,60,6,79,0,12,147,26,185,0,25,207,32,264,108,19,127,391
11/07/2000,OPF,FL,ASO,ES,Federal Contract Tower,1,13,61,6,81,1,11,174,29,215,2,24,235,35,296,122,27,149,445
11/08/2000,OPF,FL,ASO,ES,Federal Contract Tower,1,14,66,6,87,1,10,189,47,247,2,24,255,53,334,153,58,211,545
11/09/2000,OPF,FL,ASO,ES,Federal Contract Tower,1,15,72,8,96,0,11,138,23,172,1,26,210,31,268,199,0,199,467
11/10/2000,OPF,FL,ASO,ES,Federal Contract Tower,0,16,76,8,100,0,11,206,10,227,0,27,282,18,327,186,44,230,557
11/11/2000,OPF,FL,ASO,ES,Federal Contract Tower,0,4,43,4,51,0,0,222,8,230,0,4,265,12,281,200,0,200,481
11/12/2000,OPF,FL,ASO,ES,Federal Contract Tower,0,2,41,4,47,0,0,142,11,153,0,2,183,15,200,92,0,92,292
11/13/2000,OPF,FL,ASO,ES,Federal Contract Tower,2,20,89,9,120,0,1,188,10,199,2,21,277,19,319,145,4,149,468
11/14/2000,OPF,FL,ASO,ES,Federal Contract Tower,1,14,62,6,83,0,8,166,18,192,1,22,228,24,275,161,0,161,436
11/15/2000,OPF,FL,ASO,ES,Federal Contract Tower,1,16,71,7,95,2,8,193,27,230,3,24,264,34,325,70,54,124,449
11/16/2000,OPF,FL,ASO,ES,Federal Contract Tower,1,17,73,7,98,2,10,192,17,221,3,27,265,24,319,86,10,96,415
11/17/2000,OPF,FL,ASO,ES,Federal Contract Tower,1,14,61,6,82,1,15,205,21,242,2,29,266,27,324,159,4,163,487
11/18/2000,OPF,FL,ASO,ES,Federal Contract Tower,0,4,45,4,53,0,0,155,7,162,0,4,200,11,215,182,3,185,400
11/19/2000,OPF,FL,ASO,ES,Federal Contract Tower,0,5,37,4,46,1,0,128,7,136,1,5,165,11,182,116,6,122,304
11/20/2000,OPF,FL,ASO,ES,Federal Contract Tower,1,18,80,9,108,0,10,107,24,141,1,28,187,33,249,143,4,147,396
11/21/2000,OPF,FL,ASO,ES,Federal Contract Tower,1,19,85,9,114,0,6,148,40,194,1,25,233,49,308,87,63,150,458
11/22/2000,OPF,FL,ASO,ES,Federal Contract Tower,0,16,71,9,96,1,19,196,16,232,1,35,267,25,328,64,14,78,406
11/23/2000,OPF,FL,ASO,ES,Federal Contract Tower,0,4,17,3,24,0,1,97,2,100,0,5,114,5,124,25,0,25,149
11/24/2000,OPF,FL,ASO,ES,Federal Contract Tower,0,10,43,3,56,0,21,125,0,146,0,31,168,3,202,99,4,103,305
11/25/2000,OPF,FL,ASO,ES,Federal Contract Tower,0,4,34,4,42,0,0,89,1,90,0,4,123,5,132,36,0,36,168
11/26/2000,OPF,FL,ASO,ES,Federal Contract Tower,0,2,46,5,53,0,0,117,13,130,0,2,163,18,183,84,32,116,299
11/27/2000,OPF,FL,ASO,ES,Federal Contract Tower,0,19,89,9,117,0,13,194,13,220,0,32,283,22,337,64,2,66,403
11/28/2000,OPF,FL,ASO,ES,Federal Contract Tower,1,18,78,7,104,1,10,167,32,210,2,28,245,39,314,175,27,202,516
11/29/2000,OPF,FL,ASO,ES,Federal Contract Tower,1,19,90,9,119,0,8,173,25,206,1,27,263,34,325,130,56,186,511
11/30/2000,OPF,FL,ASO,ES,Federal Contract Tower,0,17,74,7,98,2,11,187,21,221,2,28,261,28,319,138,24,162,481
12/01/2000,OPF,FL,ASO,ES,Federal Contract Tower,2,17,68,6,93,1,19,167,11,198,3,36,235,17,291,155,16,171,462
12/02/2000,OPF,FL,ASO,ES,Federal Contract Tower,0,8,35,3,46,0,0,140,6,146,0,8,175,9,192,107,0,107,299
12/03/2000,OPF,FL,ASO,ES,Federal Contract Tower,0,6,44,4,54,0,0,109,9,118,0,6,153,13,172,128,4,132,304
12/04/2000,OPF,FL,ASO,ES,Federal Contract Tower,2,19,76,7,104,2,5,116,17,140,4,24,192,24,244,90,2,92,336
12/05/2000,OPF,FL,ASO,ES,Federal Contract Tower,2,20,83,8,113,0,10,165,28,203,2,30,248,36,316,104,22,126,442
12/06/2000,OPF,FL,ASO,ES,Federal Contract Tower,2,20,81,8,111,1,10,149,27,187,3,30,230,35,298,186,51,237,535
12/07/2000,OPF,FL,ASO,ES,Federal Contract Tower,0,20,83,8,111,0,0,206,24,230,0,20,289,32,341,147,50,197,538
12/08/2000,OPF,FL,ASO,ES,Federal Contract Tower,1,18,74,7,100,0,9,147,34,190,1,27,221,41,290,176,16,192,482
12/09/2000,OPF,FL,ASO,ES,Federal Contract Tower,0,2,48,4,54,0,0,127,6,133,0,2,175,10,187,162,2,164,351
12/10/2000,OPF,FL,ASO,ES,Federal Contract Tower,0,2,64,6,72,0,0,48,7,55,0,2,112,13,127,18,0,18,145
12/11/2000,OPF,FL,ASO,ES,Federal Contract Tower,2,18,73,7,100,0,3,189,26,218,2,21,262,33,318,222,20,242,560
12/12/2000,OPF,FL,ASO,ES,Federal Contract Tower,2,19,77,7,105,0,9,148,28,185,2,28,225,35,290,141,0,141,431
12/13/2000,OPF,FL,ASO,ES,Federal Contract Tower,1,17,70,6,94,0,19,164,23,206,1,36,234,29,300,148,12,160,460
12/14/2000,OPF,FL,ASO,ES,Federal Contract Tower,2,16,64,6,88,3,14,170,16,203,5,30,234,22,291,150,2,152,443
12/15/2000,OPF,FL,ASO,ES,Federal Contract Tower,2,19,72,7,100,0,13,196,20,229,2,32,268,27,329,118,54,172,501
12/16/2000,OPF,FL,ASO,ES,Federal Contract Tower,0,3,28,2,33,0,0,164,14,178,0,3,192,16,211,90,11,101,312
12/17/2000,OPF,FL,ASO,ES,Federal Contract Tower,0,4,45,4,53,0,0,171,14,185,0,4,216,18,238,85,0,85,323
12/18/2000,OPF,FL,ASO,ES,Federal Contract Tower,2,17,64,6,89,5,7,187,8,207,7,24,251,14,296,104,48,152,448
12/19/2000,OPF,FL,ASO,ES,Federal Contract Tower,1,18,70,8,97,3,16,130,16,165,4,34,200,24,262,63,2,65,327
12/20/2000,OPF,FL,ASO,ES,Federal Contract Tower,1,19,71,7,98,3,33,163,12,211,4,52,234,19,309,83,12,95,404
12/21/2000,OPF,FL,ASO,ES,Federal Contract Tower,1,17,66,7,91,3,7,228,14,252,4,24,294,21,343,180,0,180,523
12/22/2000,OPF,FL,ASO,ES,Federal Contract Tower,1,13,48,5,67,2,19,179,3,203,3,32,227,8,270,84,4,88,358
12/23/2000,OPF,FL,ASO,ES,Federal Contract Tower,0,4,32,4,40,0,0,83,4,87,0,4,115,8,127,62,34,96,223
12/24/2000,OPF,FL,ASO,ES,Federal Contract Tower,0,3,22,3,28,0,0,31,10,41,0,3,53,13,69,0,0,0,69
12/25/2000,OPF,FL,ASO,ES,Federal Contract Tower,0,0,8,1,9,1,0,38,5,44,1,0,46,6,53,4,0,4,57
12/26/2000,OPF,FL,ASO,ES,Federal Contract Tower,0,11,40,5,56,0,11,90,9,110,0,22,130,14,166,2,0,2,168
12/27/2000,OPF,FL,ASO,ES,Federal Contract Tower,1,16,63,7,87,1,14,128,4,147,2,30,191,11,234,22,2,24,258
12/28/2000,OPF,FL,ASO,ES,Federal Contract Tower,0,16,64,6,86,0,7,171,5,183,0,23,235,11,269,62,4,66,335
12/29/2000,OPF,FL,ASO,ES,Federal Contract Tower,0,15,58,5,78,0,21,114,10,145,0,36,172,15,223,76,10,86,309
12/30/2000,OPF,FL,ASO,ES,Federal Contract Tower,0,1,52,4,57,0,0,189,14,203,0,1,241,18,260,58,13,71,331
12/31/2000,OPF,FL,ASO,ES,Federal Contract Tower,0,3,29,2,34,0,0,104,20,124,0,3,133,22,158,67,50,117,275
01/01/2001,OPF,FL,ASO,ES,Federal Contract Tower,0,4,35,3,42,0,0,118,13,131,0,4,153,16,173,8,0,8,181
01/02/2001,OPF,FL,ASO,ES,Federal Contract Tower,2,15,79,8,104,1,21,147,16,185,3,36,226,24,289,32,8,40,329
01/03/2001,OPF,FL,ASO,ES,Federal Contract Tower,0,18,93,10,121,0,14,227,1,242,0,32,320,11,363,65,0,65,428
01/04/2001,OPF,FL,ASO,ES,Federal Contract Tower,2,20,103,11,136,1,17,184,21,223,3,37,287,32,359,71,46,117,476
01/05/2001,OPF,FL,ASO,ES,Federal Contract Tower,1,10,50,5,66,0,23,173,18,214,1,33,223,23,280,59,52,111,391
01/06/2001,OPF,FL,ASO,ES,Federal Contract Tower,0,8,42,4,54,0,0,169,11,180,0,8,211,15,234,160,14,174,408
01/07/2001,OPF,FL,ASO,ES,Federal Contract Tower,0,9,45,4,58,0,4,128,13,145,0,13,173,17,203,138,0,138,341
01/08/2001,OPF,FL,ASO,ES,Federal Contract Tower,0,13,61,6,80,0,11,185,17,213,0,24,246,23,293,151,58,209,502
01/09/2001,OPF,FL,ASO,ES,Federal Contract Tower,0,18,84,9,111,0,15,148,24,187,0,33,232,33,298,77,26,103,401
01/10/2001,OPF,FL,ASO,ES,Federal Contract Tower,2,14,67,7,90,0,11,162,25,198,2,25,229,32,288,107,72,179,467
01/11/2001,OPF,FL,ASO,ES,Federal Contract Tower,2,15,70,7,94,0,11,213,23,247,2,26,283,30,341,126,32,158,499
01/12/2001,OPF,FL,ASO,ES,Federal Contract Tower,0,17,81,8,106,0,13,213,28,254,0,30,294,36,360,159,83,242,602
01/13/2001,OPF,FL,ASO,ES,Federal Contract Tower,1,10,43,4,58,0,7,200,19,226,1,17,243,23,284,133,0,133,417
01/14/2001,OPF,FL,ASO,ES,Federal Contract Tower,0,3,39,4,46,0,0,114,10,124,0,3,153,14,170,56,60,116,286
01/15/2001,OPF,FL,ASO,ES,Federal Contract Tower,1,4,42,5,52,0,0,153,14,167,1,4,195,19,219,86,0,86,305
01/16/2001,OPF,FL,ASO,ES,Federal Contract Tower,0,12,60,7,79,0,11,168,28,207,0,23,228,35,286,122,2,124,410
01/17/2001,OPF,FL,ASO,ES,Federal Contract Tower,1,16,77,9,103,1,2,144,34,181,2,18,221,43,284,126,37,163,447
01/18/2001,OPF,FL,ASO,ES,Federal Contract Tower,1,16,78,9,104,1,10,201,26,238,2,26,279,35,342,56,82,138,480
01/19/2001,OPF,FL,ASO,ES,Federal Contract Tower,0,12,57,8,77,0,12,192,24,228,0,24,249,32,305,91,20,111,416
01/20/2001,OPF,FL,ASO,ES,Federal Contract Tower,0,4,46,6,56,0,0,85,4,89,0,4,131,10,145,83,0,83,228
01/21/2001,OPF,FL,ASO,ES,Federal Contract Tower,0,3,37,5,45,0,0,169,14,183,0,3,206,19,228,78,46,124,352
01/22/2001,OPF,FL,ASO,ES,Federal Contract Tower,0,20,95,11,126,0,0,41,14,55,0,20,136,25,181,0,94,94,275
01/23/2001,OPF,FL,ASO,ES,Federal Contract Tower,1,15,75,9,100,1,9,127,22,159,2,24,202,31,259,51,120,171,430
01/24/2001,OPF,FL,ASO,ES,Federal Contract Tower,1,17,83,10,111,2,6,179,34,221,3,23,262,44,332,110,98,208,540
01/25/2001,OPF,FL,ASO,ES,Federal Contract Tower,1,17,78,9,105,1,9,222,24,256,2,26,300,33,361,86,137,223,584
01/26/2001,OPF,FL,ASO,ES,Federal Contract Tower,1,12,60,7,80,2,15,188,22,227,3,27,248,29,307,184,120,304,611
01/27/2001,OPF,FL,ASO,ES,Federal Contract Tower,0,4,41,5,50,4,0,189,14,207,4,4,230,19,257,186,0,186,443
01/28/2001,OPF,FL,ASO,ES,Federal Contract Tower,0,3,42,4,49,0,0,139,9,148,0,3,181,13,197,174,0,174,371
01/29/2001,OPF,FL,ASO,ES,Federal Contract Tower,0,13,64,6,83,0,7,189,40,236,0,20,253,46,319,56,90,146,465
01/30/2001,OPF,FL,ASO,ES,Federal Contract Tower,0,13,67,7,87,0,14,174,23,211,0,27,241,30,298,134,86,220,518
01/31/2001,OPF,FL,ASO,ES,Federal Contract Tower,1,19,88,9,117,3,3,211,27,244,4,22,299,36,361,130,108,238,599
02/01/2001,OPF,FL,ASO,ES,Federal Contract Tower,0,16,79,8,103,0,10,194,22,226,0,26,273,30,329,92,123,215,544
02/02/2001,OPF,FL,ASO,ES,Federal Contract Tower,1,10,49,5,65,0,16,168,13,197,1,26,217,18,262,96,0,96,358
02/03/2001,OPF,FL,ASO,ES,Federal Contract Tower,1,3,45,5,54,0,0,166,7,173,1,3,211,12,227,153,2,155,382
02/04/2001,OPF,FL,ASO,ES,Federal Contract Tower,1,5,62,6,74,0,0,134,22,156,1,5,196,28,230,115,22,137,367
02/05/2001,OPF,FL,ASO,ES,Federal Contract Tower,1,18,89,10,118,0,12,116,39,167,1,30,205,49,285,56,30,86,371
02/06/2001,OPF,FL,ASO,ES,Federal Contract Tower,2,14,74,8,98,1,12,238,29,280,3,26,312,37,378,112,0,112,490
02/07/2001,OPF,FL,ASO,ES,Federal Contract Tower,1,11,54,6,72,2,15,171,19,207,3,26,225,25,279,105,0,105,384
02/08/2001,OPF,FL,ASO,ES,Federal Contract Tower,0,13,68,7,88,0,12,194,12,218,0,25,262,19,306,162,0,162,468
02/09/2001,OPF,FL,ASO,ES,Federal Contract Tower,2,14,62,6,84,0,18,209,29,256,2,32,271,35,340,105,28,133,473
02/10/2001,OPF,FL,ASO,ES,Federal Contract Tower,0,3,47,5,55,0,0,167,4,171,0,3,214,9,226,118,0,118,344
02/11/2001,OPF,FL,ASO,ES,Federal Contract Tower,1,4,47,5,57,2,0,173,11,186,3,4,220,16,243,88,2,90,333
02/12/2001,OPF,FL,ASO,ES,Federal Contract Tower,0,12,53,5,70,0,10,213,36,259,0,22,266,41,329,130,36,166,495
02/13/2001,OPF,FL,ASO,ES,Federal Contract Tower,2,17,79,8,106,0,13,201,38,252,2,30,280,46,358,83,40,123,481
02/14/2001,OPF,FL,ASO,ES,Federal Contract Tower,2,17,83,9,111,1,23,228,32,284,3,40,311,41,395,190,0,190,585
02/15/2001,OPF,FL,ASO,ES,Federal Contract Tower,1,21,99,12,133,1,10,227,11,249,2,31,326,23,382,141,0,141,523
02/16/2001,OPF,FL,ASO,ES,Federal Contract Tower,1,22,103,13,139,1,12,187,17,217,2,34,290,30,356,141,16,157,513
02/17/2001,OPF,FL,ASO,ES,Federal Contract Tower,1,5,62,7,75,1,0,220,8,229,2,5,282,15,304,155,0,155,459
02/18/2001,OPF,FL,ASO,ES,Federal Contract Tower,0,6,86,6,98,0,0,142,0,142,0,6,228,6,240,116,0,116,356
02/19/2001,OPF,FL,ASO,ES,Federal Contract Tower,0,14,74,9,97,0,0,171,5,176,0,14,245,14,273,182,0,182,455
02/20/2001,OPF,FL,ASO,ES,Federal Contract Tower,0,15,74,9,98,0,10,184,15,209,0,25,258,24,307,67,0,67,374
02/21/2001,OPF,FL,ASO,ES,Federal Contract Tower,1,18,85,10,114,1,6,202,5,214,2,24,287,15,328,134,2,136,464
02/22/2001,OPF,FL,ASO,ES,Federal Contract Tower,1,16,77,9,103,1,23,184,25,233,2,39,261,34,336,99,76,175,511
02/23/2001,OPF,FL,ASO,ES,Federal Contract Tower,0,14,66,8,88,0,10,182,22,214,0,24,248,30,302,254,0,254,556
02/24/2001,OPF,FL,ASO,ES,Federal Contract Tower,0,6,57,6,69,0,0,169,11,180,0,6,226,17,249,130,0,130,379
02/25/2001,OPF,FL,ASO,ES,Federal Contract Tower,0,10,48,5,63,2,7,147,7,163,2,17,195,12,226,87,0,87,313
02/26/2001,OPF,FL,ASO,ES,Federal Contract Tower,1,14,67,7,89,1,6,185,17,209,2,20,252,24,298,160,0,160,458
02/27/2001,OPF,FL,ASO,ES,Federal Contract Tower,1,17,83,9,110,2,25,176,22,225,3,42,259,31,335,128,0,128,463
02/28/2001,OPF,FL,ASO,ES,Federal Contract Tower,1,19,88,9,117,2,19,165,25,211,3,38,253,34,328,220,10,230,558
03/01/2001,OPF,FL,ASO,ES,Federal Contract Tower,1,18,74,9,102,0,21,187,20,228,1,39,261,29,330,98,2,100,430
03/02/2001,OPF,FL,ASO,ES,Federal Contract Tower,2,15,63,8,88,3,18,184,24,229,5,33,247,32,317,125,100,225,542
03/03/2001,OPF,FL,ASO,ES,Federal Contract Tower,1,9,44,5,59,0,0,175,9,184,1,9,219,14,243,159,3,162,405
03/04/2001,OPF,FL,ASO,ES,Federal Contract Tower,0,5,33,4,42,0,0,132,7,139,0,5,165,11,181,102,0,102,283
03/05/2001,OPF,FL,ASO,ES,Federal Contract Tower,2,13,55,6,76,0,26,154,29,209,2,39,209,35,285,34,118,152,437
03/06/2001,OPF,FL,ASO,ES,Federal Contract Tower,2,13,53,6,74,0,17,193,30,240,2,30,246,36,314,66,28,94,408
03/07/2001,OPF,FL,ASO,ES,Federal Contract Tower,2,16,68,9,95,1,4,197,21,223,3,20,265,30,318,79,2,81,399
03/08/2001,OPF,FL,ASO,ES,Federal Contract Tower,2,16,67,8,93,3,14,216,20,253,5,30,283,28,346,183,22,205,551
03/09/2001,OPF,FL,ASO,ES,Federal Contract Tower,2,15,65,8,90,1,15,181,25,222,3,30,246,33,312,97,13,110,422
03/10/2001,OPF,FL,ASO,ES,Federal Contract Tower,1,7,41,5,54,0,0,114,5,119,1,7,155,10,173,140,8,148,321
03/11/2001,OPF,FL,ASO,ES,Federal Contract Tower,0,1,48,6,55,0,0,163,8,171,0,1,211,14,226,118,2,120,346
03/12/2001,OPF,FL,ASO,ES,Federal Contract Tower,1,14,55,7,77,0,13,173,13,199,1,27,228,20,276,74,26,100,376
03/13/2001,OPF,FL,ASO,ES,Federal Contract Tower,2,19,74,9,104,0,4,194,20,218,2,23,268,29,322,146,42,188,510
03/14/2001,OPF,FL,ASO,ES,Federal Contract Tower,2,20,77,10,109,0,7,187,26,220,2,27,264,36,329,202,58,260,589
03/15/2001,OPF,FL,ASO,ES,Federal Contract Tower,0,18,70,9,97,0,16,200,10,226,0,34,270,19,323,144,98,242,565
03/16/2001,OPF,FL,ASO,ES,Federal Contract Tower,0,18,70,8,96,0,15,199,19,233,0,33,269,27,329,122,48,170,499
03/17/2001,OPF,FL,ASO,ES,Federal Contract Tower,1,9,44,6,60,1,0,181,2,184,2,9,225,8,244,220,0,220,464
03/18/2001,OPF,FL,ASO,ES,Federal Contract Tower,0,5,42,6,53,0,0,118,5,123,0,5,160,11,176,56,0,56,232
03/19/2001,OPF,FL,ASO,ES,Federal Contract Tower,1,12,45,6,64,1,13,108,16,138,2,25,153,22,202,74,16,90,292
03/20/2001,OPF,FL,ASO,ES,Federal Contract Tower,1,19,72,9,101,1,15,171,24,211,2,34,243,33,312,178,39,217,529
03/21/2001,OPF,FL,ASO,ES,Federal Contract Tower,2,25,99,13,139,2,4,212,35,253,4,29,311,48,392,76,66,142,534
03/22/2001,OPF,FL,ASO,ES,Federal Contract Tower,0,21,83,9,113,0,4,199,0,203,0,25,282,9,316,171,0,171,487
03/23/2001,OPF,FL,ASO,ES,Federal Contract Tower,1,20,78,11,110,1,15,227,25,268,2,35,305,36,378,170,12,182,560
03/24/2001,OPF,FL,ASO,ES,Federal Contract Tower,0,9,33,5,47,2,1,216,2,221,2,10,249,7,268,225,0,225,493
03/25/2001,OPF,FL,ASO,ES,Federal Contract Tower,0,1,53,6,60,0,0,189,8,197,0,1,242,14,257,80,0,80,337
03/26/2001,OPF,FL,ASO,ES,Federal Contract Tower,1,18,70,8,97,2,5,188,34,229,3,23,258,42,326,198,12,210,536
03/27/2001,OPF,FL,ASO,ES,Federal Contract Tower,1,15,58,7,81,3,9,184,17,213,4,24,242,24,294,105,83,188,482
03/28/2001,OPF,FL,ASO,ES,Federal Contract Tower,0,16,63,7,86,0,12,171,10,193,0,28,234,17,279,106,74,180,459
03/29/2001,OPF,FL,ASO,ES,Federal Contract Tower,1,18,69,8,96,1,2,119,18,140,2,20,188,26,236,44,26,70,306
03/30/2001,OPF,FL,ASO,ES,Federal Contract Tower,0,20,79,10,109,0,13,170,15,198,0,33,249,25,307,94,0,94,401
03/31/2001,OPF,FL,ASO,ES,Federal Contract Tower,0,6,44,5,55,0,0,204,4,208,0,6,248,9,263,85,0,85,348
04/01/2001,OPF,FL,ASO,ES,Federal Contract Tower,0,15,63,1,79,0,1,141,7,149,0,16,204,8,228,76,0,76,304
04/02/2001,OPF,FL,ASO,ES,Federal Contract Tower,5,17,57,3,82,0,8,216,21,245,5,25,273,24,327,168,8,176,503
04/03/2001,OPF,FL,ASO,ES,Federal Contract Tower,3,13,50,8,74,0,18,178,17,213,3,31,228,25,287,200,51,251,538
04/04/2001,OPF,FL,ASO,ES,Federal Contract Tower,0,13,59,5,77,0,11,166,29,206,0,24,225,34,283,158,62,220,503
04/05/2001,OPF,FL,ASO,ES,Federal Contract Tower,2,11,77,5,95,0,7,160,27,194,2,18,237,32,289,159,16,175,464
04/06/2001,OPF,FL,ASO,ES,Federal Contract Tower,0,22,83,6,111,0,17,166,20,203,0,39,249,26,314,124,8,132,446
04/07/2001,OPF,FL,ASO,ES,Federal Contract Tower,1,5,52,0,58,0,5,188,7,200,1,10,240,7,258,94,8,102,360
04/08/2001,OPF,FL,ASO,ES,Federal Contract Tower,3,6,31,3,43,0,0,140,15,155,3,6,171,18,198,84,2,86,284
04/09/2001,OPF,FL,ASO,ES,Federal Contract Tower,0,18,47,3,68,0,7,153,12,172,0,25,200,15,240,200,22,222,462
04/10/2001,OPF,FL,ASO,ES,Federal Contract Tower,2,24,58,6,90,0,5,208,21,234,2,29,266,27,324,206,38,244,568
04/11/2001,OPF,FL,ASO,ES,Federal Contract Tower,0,17,49,5,71,0,10,223,15,248,0,27,272,20,319,132,46,178,497
04/12/2001,OPF,FL,ASO,ES,Federal Contract Tower,1,21,61,3,86,0,6,179,11,196,1,27,240,14,282,134,72,206,488
04/13/2001,OPF,FL,ASO,ES,Federal Contract Tower,1,13,53,6,73,0,8,183,17,208,1,21,236,23,281,125,4,129,410
04/14/2001,OPF,FL,ASO,ES,Federal Contract Tower,2,1,36,2,41,0,2,175,6,183,2,3,211,8,224,151,7,158,382
04/15/2001,OPF,FL,ASO,ES,Federal Contract Tower,0,1,40,3,44,0,0,139,3,142,0,1,179,6,186,176,0,176,362
04/16/2001,OPF,FL,ASO,ES,Federal Contract Tower,4,13,63,5,85,0,13,153,24,190,4,26,216,29,275,216,2,218,493
04/17/2001,OPF,FL,ASO,ES,Federal Contract Tower,2,24,81,9,116,1,4,198,28,231,3,28,279,37,347,72,54,126,473
04/18/2001,OPF,FL,ASO,ES,Federal Contract Tower,4,19,54,4,81,0,10,224,26,260,4,29,278,30,341,204,18,222,563
04/19/2001,OPF,FL,ASO,ES,Federal Contract Tower,1,19,72,14,106,0,5,193,28,226,1,24,265,42,332,124,44,168,500
04/20/2001,OPF,FL,ASO,ES,Federal Contract Tower,0,17,67,8,92,0,15,174,24,213,0,32,241,32,305,72,14,86,391
04/21/2001,OPF,FL,ASO,ES,Federal Contract Tower,0,0,50,11,61,0,1,151,17,169,0,1,201,28,230,124,6,130,360
04/22/2001,OPF,FL,ASO,ES,Federal Contract Tower,2,1,50,3,56,0,1,124,6,131,2,2,174,9,187,116,4,120,307
04/23/2001,OPF,FL,ASO,ES,Federal Contract Tower,0,21,67,10,98,0,14,131,9,154,0,35,198,19,252,80,30,110,362
04/24/2001,OPF,FL,ASO,ES,Federal Contract Tower,0,18,74,7,99,0,12,259,18,289,0,30,333,25,388,137,10,147,535
04/25/2001,OPF,FL,ASO,ES,Federal Contract Tower,4,17,62,9,92,0,8,186,25,219,4,25,248,34,311,112,0,112,423
04/26/2001,OPF,FL,ASO,ES,Federal Contract Tower,2,16,64,2,84,0,11,180,21,212,2,27,244,23,296,142,8,150,446
04/27/2001,OPF,FL,ASO,ES,Federal Contract Tower,0,19,71,6,96,0,10,227,8,245,0,29,298,14,341,176,14,190,531
04/28/2001,OPF,FL,ASO,ES,Federal Contract Tower,0,7,45,8,60,1,3,175,15,194,1,10,220,23,254,108,6,114,368
04/29/2001,OPF,FL,ASO,ES,Federal Contract Tower,0,3,38,4,45,0,0,115,3,118,0,3,153,7,163,46,0,46,209
04/30/2001,OPF,FL,ASO,ES,Federal Contract Tower,5,23,60,11,99,0,14,133,8,155,5,37,193,19,254,19,14,33,287
05/01/2001,OPF,FL,ASO,ES,Federal Contract Tower,2,24,64,10,100,0,13,110,11,134,2,37,174,21,234,62,0,62,296
05/02/2001,OPF,FL,ASO,ES,Federal Contract Tower,0,22,63,6,91,0,1,229,12,242,0,23,292,18,333,112,52,164,497
05/03/2001,OPF,FL,ASO,ES,Federal Contract Tower,1,17,72,7,97,0,9,96,6,111,1,26,168,13,208,61,0,61,269
05/04/2001,OPF,FL,ASO,ES,Federal Contract Tower,3,22,65,8,98,0,0,163,23,186,3,22,228,31,284,101,6,107,391
05/05/2001,OPF,FL,ASO,ES,Federal Contract Tower,0,1,42,5,48,0,0,158,15,173,0,1,200,20,221,78,38,116,337
05/06/2001,OPF,FL,ASO,ES,Federal Contract Tower,0,2,34,10,46,0,2,152,16,170,0,4,186,26,216,101,26,127,343
05/07/2001,OPF,FL,ASO,ES,Federal Contract Tower,0,19,57,9,85,0,11,164,22,197,0,30,221,31,282,48,16,64,346
05/08/2001,OPF,FL,ASO,ES,Federal Contract Tower,2,19,78,11,110,0,11,181,23,215,2,30,259,34,325,36,18,54,379
05/09/2001,OPF,FL,ASO,ES,Federal Contract Tower,2,19,56,11,88,0,17,128,13,158,2,36,184,24,246,70,54,124,370
05/10/2001,OPF,FL,ASO,ES,Federal Contract Tower,0,17,72,5,94,0,7,225,26,258,0,24,297,31,352,144,0,144,496
05/11/2001,OPF,FL,ASO,ES,Federal Contract Tower,0,19,61,5,85,0,11,177,13,201,0,30,238,18,286,218,33,251,537
05/12/2001,OPF,FL,ASO,ES,Federal Contract Tower,0,2,42,0,44,0,0,207,7,214,0,2,249,7,258,188,0,188,446
05/13/2001,OPF,FL,ASO,ES,Federal Contract Tower,0,2,44,1,47,0,0,194,4,198,0,2,238,5,245,66,0,66,311
05/14/2001,OPF,FL,ASO,ES,Federal Contract Tower,4,13,59,8,84,0,6,219,14,239,4,19,278,22,323,84,8,92,415
05/15/2001,OPF,FL,ASO,ES,Federal Contract Tower,0,18,66,4,88,0,6,218,22,246,0,24,284,26,334,88,7,95,429
05/16/2001,OPF,FL,ASO,ES,Federal Contract Tower,1,18,62,5,86,0,8,195,11,214,1,26,257,16,300,170,16,186,486
05/17/2001,OPF,FL,ASO,ES,Federal Contract Tower,3,16,58,3,80,0,4,185,8,197,3,20,243,11,277,196,0,196,473
05/18/2001,OPF,FL,ASO,ES,Federal Contract Tower,0,17,63,3,83,0,3,221,24,248,0,20,284,27,331,114,50,164,495
05/19/2001,OPF,FL,ASO,ES,Federal Contract Tower,1,1,37,0,39,0,0,191,10,201,1,1,228,10,240,110,46,156,396
05/20/2001,OPF,FL,ASO,ES,Federal Contract Tower,0,1,34,4,39,1,0,98,10,109,1,1,132,14,148,46,8,54,202
05/21/2001,OPF,FL,ASO,ES,Federal Contract Tower,1,16,71,10,98,0,7,196,24,227,1,23,267,34,325,114,34,148,473
05/22/2001,OPF,FL,ASO,ES,Federal Contract Tower,2,17,73,4,96,0,3,205,18,226,2,20,278,22,322,94,32,126,448
05/23/2001,OPF,FL,ASO,ES,Federal Contract Tower,1,12,53,5,71,4,9,89,18,120,5,21,142,23,191,22,0,22,213
05/24/2001,OPF,FL,ASO,ES,Federal Contract Tower,4,18,79,8,109,0,5,208,14,227,4,23,287,22,336,98,0,98,434
05/25/2001,OPF,FL,ASO,ES,Federal Contract Tower,0,19,77,4,100,0,7,201,11,219,0,26,278,15,319,172,18,190,509
05/26/2001,OPF,FL,ASO,ES,Federal Contract Tower,1,0,35,4,40,0,0,107,6,113,1,0,142,10,153,180,0,180,333
05/27/2001,OPF,FL,ASO,ES,Federal Contract Tower,0,2,30,3,35,0,0,157,6,163,0,2,187,9,198,90,0,90,288
05/28/2001,OPF,FL,ASO,ES,Federal Contract Tower,0,5,61,2,68,0,4,163,12,179,0,9,224,14,247,78,10,88,335
05/29/2001,OPF,FL,ASO,ES,Federal Contract Tower,0,17,60,9,86,0,10,159,17,186,0,27,219,26,272,46,0,46,318
05/30/2001,OPF,FL,ASO,ES,Federal Contract Tower,2,19,46,8,75,0,9,200,28,237,2,28,246,36,312,109,32,141,453
05/31/2001,OPF,FL,ASO,ES,Federal Contract Tower,2,18,67,5,92,0,5,167,16,188,2,23,234,21,280,87,0,87,367
06/01/2001,OPF,FL,ASO,ES,Federal Contract Tower,1,15,52,6,74,1,5,135,14,155,2,20,187,20,229,114,0,114,343
06/02/2001,OPF,FL,ASO,ES,Federal Contract Tower,0,2,40,1,43,0,0,151,21,172,0,2,191,22,215,136,0,136,351
06/03/2001,OPF,FL,ASO,ES,Federal Contract Tower,0,2,42,4,48,0,0,137,7,144,0,2,179,11,192,104,30,134,326
06/04/2001,OPF,FL,ASO,ES,Federal Contract Tower,2,15,61,6,84,0,6,152,16,174,2,21,213,22,258,201,64,265,523
06/05/2001,OPF,FL,ASO,ES,Federal Contract Tower,2,20,51,7,80,0,3,159,16,178,2,23,210,23,258,169,64,233,491
06/06/2001,OPF,FL,ASO,ES,Federal Contract Tower,2,17,48,6,73,0,6,197,28,231,2,23,245,34,304,182,40,222,526
06/07/2001,OPF,FL,ASO,ES,Federal Contract Tower,4,19,63,4,90,0,2,193,20,215,4,21,256,24,305,198,20,218,523
06/08/2001,OPF,FL,ASO,ES,Federal Contract Tower,5,17,56,7,85,0,5,170,6,181,5,22,226,13,266,173,0,173,439
06/09/2001,OPF,FL,ASO,ES,Federal Contract Tower,0,2,39,2,43,0,0,121,5,126,0,2,160,7,169,139,0,139,308
06/10/2001,OPF,FL,ASO,ES,Federal Contract Tower,1,1,41,7,50,0,0,137,5,142,1,1,178,12,192,80,0,80,272
06/11/2001,OPF,FL,ASO,ES,Federal Contract Tower,0,15,68,10,93,0,5,150,15,170,0,20,218,25,263,44,36,80,343
06/12/2001,OPF,FL,ASO,ES,Federal Contract Tower,0,19,41,9,69,0,8,167,17,192,0,27,208,26,261,102,0,102,363
06/13/2001,OPF,FL,ASO,ES,Federal Contract Tower,5,16,37,4,62,0,9,184,17,210,5,25,221,21,272,116,38,154,426
06/14/2001,OPF,FL,ASO,ES,Federal Contract Tower,0,15,50,4,69,0,14,165,22,201,0,29,215,26,270,134,57,191,461
06/15/2001,OPF,FL,ASO,ES,Federal Contract Tower,0,18,43,5,66,0,8,156,28,192,0,26,199,33,258,117,48,165,423
06/16/2001,OPF,FL,ASO,ES,Federal Contract Tower,0,1,32,0,33,0,0,111,9,120,0,1,143,9,153,82,0,82,235
06/17/2001,OPF,FL,ASO,ES,Federal Contract Tower,0,3,33,0,36,0,0,135,12,147,0,3,168,12,183,92,0,92,275
06/18/2001,OPF,FL,ASO,ES,Federal Contract Tower,0,18,44,5,67,0,4,186,19,209,0,22,230,24,276,158,30,188,464
06/19/2001,OPF,FL,ASO,ES,Federal Contract Tower,2,24,64,7,97,0,7,228,13,248,2,31,292,20,345,144,28,172,517
06/20/2001,OPF,FL,ASO,ES,Federal Contract Tower,5,22,54,3,84,0,16,197,4,217,5,38,251,7,301,174,0,174,475
06/21/2001,OPF,FL,ASO,ES,Federal Contract Tower,1,14,44,2,61,0,5,146,5,156,1,19,190,7,217,176,0,176,393
06/22/2001,OPF,FL,ASO,ES,Federal Contract Tower,0,25,40,3,68,0,7,142,10,159,0,32,182,13,227,50,0,50,277
06/23/2001,OPF,FL,ASO,ES,Federal Contract Tower,0,4,24,0,28,0,1,85,12,98,0,5,109,12,126,28,0,28,154
06/24/2001,OPF,FL,ASO,ES,Federal Contract Tower,0,2,40,2,44,0,0,132,12,144,0,2,172,14,188,92,0,92,280
06/25/2001,OPF,FL,ASO,ES,Federal Contract Tower,0,21,44,7,72,0,10,163,11,184,0,31,207,18,256,78,4,82,338
06/26/2001,OPF,FL,ASO,ES,Federal Contract Tower,2,22,69,10,103,1,4,163,23,191,3,26,232,33,294,212,0,212,506
06/27/2001,OPF,FL,ASO,ES,Federal Contract Tower,1,17,62,6,86,0,4,150,14,168,1,21,212,20,254,81,36,117,371
06/28/2001,OPF,FL,ASO,ES,Federal Contract Tower,1,18,49,5,73,0,9,123,23,155,1,27,172,28,228,104,52,156,384
06/29/2001,OPF,FL,ASO,ES,Federal Contract Tower,4,23,45,2,74,0,5,194,16,215,4,28,239,18,289,140,2,142,431
06/30/2001,OPF,FL,ASO,ES,Federal Contract Tower,0,2,56,2,60,0,2,152,10,164,0,4,208,12,224,122,0,122,346
07/01/2001,OPF,FL,ASO,ES,Federal Contract Tower,0,4,37,4,45,0,0,125,2,127,0,4,162,6,172,52,0,52,224
07/02/2001,OPF,FL,ASO,ES,Federal Contract Tower,1,17,59,5,82,1,5,183,22,211,2,22,242,27,293,102,30,132,425
07/03/2001,OPF,FL,ASO,ES,Federal Contract Tower,0,13,74,4,91,0,7,214,12,233,0,20,288,16,324,94,20,114,438
07/04/2001,OPF,FL,ASO,ES,Federal Contract Tower,0,4,42,3,49,0,0,149,4,153,0,4,191,7,202,42,34,76,278
07/05/2001,OPF,FL,ASO,ES,Federal Contract Tower,0,20,59,2,81,0,12,201,29,242,0,32,260,31,323,68,48,116,439
07/06/2001,OPF,FL,ASO,ES,Federal Contract Tower,1,19,61,7,88,0,4,179,23,206,1,23,240,30,294,148,13,161,455
07/07/2001,OPF,FL,ASO,ES,Federal Contract Tower,0,4,34,2,40,0,0,138,1,139,0,4,172,3,179,212,2,214,393
07/08/2001,OPF,FL,ASO,ES,Federal Contract Tower,2,6,46,5,59,2,0,152,2,156,4,6,198,7,215,108,0,108,323
07/09/2001,OPF,FL,ASO,ES,Federal Contract Tower,0,15,28,6,49,0,2,138,4,144,0,17,166,10,193,74,0,74,267
07/10/2001,OPF,FL,ASO,ES,Federal Contract Tower,2,10,38,8,58,0,3,176,11,190,2,13,214,19,248,170,14,184,432
07/11/2001,OPF,FL,ASO,ES,Federal Contract Tower,3,17,56,7,83,0,1,141,19,161,3,18,197,26,244,202,12,214,458
07/12/2001,OPF,FL,ASO,ES,Federal Contract Tower,3,21,50,4,78,0,10,203,10,223,3,31,253,14,301,212,0,212,513
07/13/2001,OPF,FL,ASO,ES,Federal Contract Tower,0,34,52,5,91,0,3,208,17,228,0,37,260,22,319,250,0,250,569
07/14/2001,OPF,FL,ASO,ES,Federal Contract Tower,0,3,42,1,46,0,1,104,4,109,0,4,146,5,155,72,0,72,227
07/15/2001,OPF,FL,ASO,ES,Federal Contract Tower,3,6,23,1,33,0,4,138,1,143,3,10,161,2,176,178,0,178,354
07/16/2001,OPF,FL,ASO,ES,Federal Contract Tower,1,17,57,5,80,0,14,207,10,231,1,31,264,15,311,138,6,144,455
07/17/2001,OPF,FL,ASO,ES,Federal Contract Tower,4,21,61,1,87,0,2,145,28,175,4,23,206,29,262,199,2,201,463
07/18/2001,OPF,FL,ASO,ES,Federal Contract Tower,0,19,54,6,79,0,3,148,4,155,0,22,202,10,234,133,0,133,367
07/19/2001,OPF,FL,ASO,ES,Federal Contract Tower,4,16,53,6,79,0,5,177,9,191,4,21,230,15,270,141,0,141,411
07/20/2001,OPF,FL,ASO,ES,Federal Contract Tower,0,22,64,7,93,0,3,183,20,206,0,25,247,27,299,199,2,201,500
07/21/2001,OPF,FL,ASO,ES,Federal Contract Tower,0,0,41,6,47,0,1,146,11,158,0,1,187,17,205,214,4,218,423
07/22/2001,OPF,FL,ASO,ES,Federal Contract Tower,0,3,32,4,39,0,0,105,4,109,0,3,137,8,148,58,0,58,206
07/23/2001,OPF,FL,ASO,ES,Federal Contract Tower,0,17,32,7,56,0,2,75,12,89,0,19,107,19,145,30,16,46,191
07/24/2001,OPF,FL,ASO,ES,Federal Contract Tower,4,21,75,6,106,0,5,152,27,184,4,26,227,33,290,90,42,132,422
07/25/2001,OPF,FL,ASO,ES,Federal Contract Tower,4,19,40,8,71,0,8,180,23,211,4,27,220,31,282,163,4,167,449
07/26/2001,OPF,FL,ASO,ES,Federal Contract Tower,1,17,39,4,61,0,8,212,26,246,1,25,251,30,307,128,0,128,435
07/27/2001,OPF,FL,ASO,ES,Federal Contract Tower,0,25,47,6,78,0,0,167,15,182,0,25,214,21,260,197,10,207,467
07/28/2001,OPF,FL,ASO,ES,Federal Contract Tower,0,4,33,2,39,0,3,188,7,198,0,7,221,9,237,110,0,110,347
07/29/2001,OPF,FL,ASO,ES,Federal Contract Tower,0,4,32,0,36,0,0,175,11,186,0,4,207,11,222,50,6,56,278
07/30/2001,OPF,FL,ASO,ES,Federal Contract Tower,0,16,47,3,66,0,3,185,18,206,0,19,232,21,272,108,64,172,444
07/31/2001,OPF,FL,ASO,ES,Federal Contract Tower,0,28,59,8,95,0,4,215,14,233,0,32,274,22,328,84,2,86,414
08/01/2001,OPF,FL,ASO,ES,Federal Contract Tower,0,21,32,4,57,0,3,91,6,100,0,24,123,10,157,38,0,38,195
08/02/2001,OPF,FL,ASO,ES,Federal Contract Tower,4,24,50,2,80,0,9,86,9,104,4,33,136,11,184,44,0,44,228
08/03/2001,OPF,FL,ASO,ES,Federal Contract Tower,1,26,36,5,68,0,3,131,1,135,1,29,167,6,203,123,0,123,326
08/04/2001,OPF,FL,ASO,ES,Federal Contract Tower,0,7,45,2,54,0,3,140,7,150,0,10,185,9,204,177,4,181,385
08/05/2001,OPF,FL,ASO,ES,Federal Contract Tower,0,4,23,0,27,0,0,148,1,149,0,4,171,1,176,118,0,118,294
08/06/2001,OPF,FL,ASO,ES,Federal Contract Tower,0,11,48,2,61,0,9,156,10,175,0,20,204,12,236,78,0,78,314
08/07/2001,OPF,FL,ASO,ES,Federal Contract Tower,2,20,65,8,95,0,6,207,22,235,2,26,272,30,330,275,22,297,627
08/08/2001,OPF,FL,ASO,ES,Federal Contract Tower,3,13,62,2,80,0,10,216,32,258,3,23,278,34,338,276,30,306,644
08/09/2001,OPF,FL,ASO,ES,Federal Contract Tower,1,14,46,10,71,0,7,215,26,248,1,21,261,36,319,248,18,266,585
08/10/2001,OPF,FL,ASO,ES,Federal Contract Tower,0,17,49,5,71,0,7,221,10,238,0,24,270,15,309,170,102,272,581
08/11/2001,OPF,FL,ASO,ES,Federal Contract Tower,0,0,42,2,44,0,2,150,6,158,0,2,192,8,202,160,0,160,362
08/12/2001,OPF,FL,ASO,ES,Federal Contract Tower,0,3,37,4,44,0,1,185,9,195,0,4,222,13,239,90,0,90,329
08/13/2001,OPF,FL,ASO,ES,Federal Contract Tower,1,12,47,4,64,0,9,155,15,179,1,21,202,19,243,108,48,156,399
08/14/2001,OPF,FL,ASO,ES,Federal Contract Tower,0,15,50,5,70,2,9,180,21,212,2,24,230,26,282,118,22,140,422
08/15/2001,OPF,FL,ASO,ES,Federal Contract Tower,0,18,57,2,77,0,3,214,10,227,0,21,271,12,304,140,2,142,446
08/16/2001,OPF,FL,ASO,ES,Federal Contract Tower,0,19,72,2,93,0,12,204,22,238,0,31,276,24,331,134,0,134,465
08/17/2001,OPF,FL,ASO,ES,Federal Contract Tower,0,20,71,3,94,0,9,232,16,257,0,29,303,19,351,124,20,144,495
08/18/2001,OPF,FL,ASO,ES,Federal Contract Tower,0,2,29,0,31,0,1,171,8,180,0,3,200,8,211,117,18,135,346
08/19/2001,OPF,FL,ASO,ES,Federal Contract Tower,0,8,38,6,52,0,1,186,7,194,0,9,224,13,246,144,2,146,392
08/20/2001,OPF,FL,ASO,ES,Federal Contract Tower,1,17,44,12,74,0,9,182,14,205,1,26,226,26,279,104,100,204,483
08/21/2001,OPF,FL,ASO,ES,Federal Contract Tower,2,18,56,10,86,0,14,178,25,217,2,32,234,35,303,120,0,120,423
08/22/2001,OPF,FL,ASO,ES,Federal Contract Tower,0,18,57,2,77,0,8,151,18,177,0,26,208,20,254,133,8,141,395
08/23/2001,OPF,FL,ASO,ES,Federal Contract Tower,0,20,55,3,78,0,7,239,20,266,0,27,294,23,344,191,24,215,559
08/24/2001,OPF,FL,ASO,ES,Federal Contract Tower,0,21,68,10,99,0,4,205,27,236,0,25,273,37,335,90,32,122,457
08/25/2001,OPF,FL,ASO,ES,Federal Contract Tower,0,4,47,3,54,0,4,198,6,208,0,8,245,9,262,142,0,142,404
08/26/2001,OPF,FL,ASO,ES,Federal Contract Tower,0,4,33,4,41,0,4,124,12,140,0,8,157,16,181,44,10,54,235
08/27/2001,OPF,FL,ASO,ES,Federal Contract Tower,0,26,41,15,82,0,5,171,24,200,0,31,212,39,282,164,8,172,454
08/28/2001,OPF,FL,ASO,ES,Federal Contract Tower,3,15,60,8,86,0,5,199,26,230,3,20,259,34,316,166,38,204,520
08/29/2001,OPF,FL,ASO,ES,Federal Contract Tower,0,18,55,7,80,0,11,196,24,231,0,29,251,31,311,166,20,186,497
08/30/2001,OPF,FL,ASO,ES,Federal Contract Tower,5,18,50,9,82,0,4,232,29,265,5,22,282,38,347,242,8,250,597
08/31/2001,OPF,FL,ASO,ES,Federal Contract Tower,5,24,52,6,87,0,8,239,22,269,5,32,291,28,356,89,90,179,535
09/01/2001,OPF,FL,ASO,ES,Federal Contract Tower,0,3,26,5,34,0,0,149,6,155,0,3,175,11,189,124,0,124,313
09/02/2001,OPF,FL,ASO,ES,Federal Contract Tower,0,7,30,1,38,0,4,135,7,146,0,11,165,8,184,82,0,82,266
09/03/2001,OPF,FL,ASO,ES,Federal Contract Tower,0,4,31,7,42,0,2,193,9,204,0,6,224,16,246,118,0,118,364
09/04/2001,OPF,FL,ASO,ES,Federal Contract Tower,0,18,43,8,69,0,5,174,15,194,0,23,217,23,263,146,6,152,415
09/05/2001,OPF,FL,ASO,ES,Federal Contract Tower,2,15,54,4,75,0,3,188,16,207,2,18,242,20,282,141,0,141,423
09/06/2001,OPF,FL,ASO,ES,Federal Contract Tower,0,23,44,4,71,0,6,147,30,183,0,29,191,34,254,114,18,132,386
09/07/2001,OPF,FL,ASO,ES,Federal Contract Tower,0,22,58,18,98,0,2,199,33,234,0,24,257,51,332,154,96,250,582
09/08/2001,OPF,FL,ASO,ES,Federal Contract Tower,0,3,32,0,35,0,0,126,2,128,0,3,158,2,163,114,0,114,277
09/09/2001,OPF,FL,ASO,ES,Federal Contract Tower,0,3,25,3,31,0,0,94,11,105,0,3,119,14,136,54,2,56,192
09/10/2001,OPF,FL,ASO,ES,Federal Contract Tower,0,19,42,8,69,0,4,132,8,144,0,23,174,16,213,84,56,140,353
09/11/2001,OPF,FL,ASO,ES,Federal Contract Tower,0,6,8,1,15,0,3,38,9,50,0,9,46,10,65,52,0,52,117
09/12/2001,OPF,FL,ASO,ES,Federal Contract Tower,0,0,1,4,5,0,0,5,1,6,0,0,6,5,11,0,0,0,11
09/13/2001,OPF,FL,ASO,ES,Federal Contract Tower,0,16,12,16,44,0,0,0,0,0,0,16,12,16,44,0,38,38,82
09/14/2001,OPF,FL,ASO,ES,Federal Contract Tower,0,37,3,6,46,0,5,8,4,17,0,42,11,10,63,0,0,0,63
09/15/2001,OPF,FL,ASO,ES,Federal Contract Tower,2,23,19,25,69,0,8,13,14,35,2,31,32,39,104,0,0,0,104
09/16/2001,OPF,FL,ASO,ES,Federal Contract Tower,0,15,20,15,50,0,0,19,4,23,0,15,39,19,73,0,0,0,73
09/17/2001,OPF,FL,ASO,ES,Federal Contract Tower,0,40,36,13,89,0,1,9,9,19,0,41,45,22,108,0,48,48,156
09/18/2001,OPF,FL,ASO,ES,Federal Contract Tower,0,32,64,20,116,0,2,16,8,26,0,34,80,28,142,0,0,0,142
09/19/2001,OPF,FL,ASO,ES,Federal Contract Tower,0,53,73,15,141,0,3,14,17,34,0,56,87,32,175,0,0,0,175
09/20/2001,OPF,FL,ASO,ES,Federal Contract Tower,2,43,89,15,149,0,9,22,8,39,2,52,111,23,188,0,28,28,216
09/21/2001,OPF,FL,ASO,ES,Federal Contract Tower,0,40,97,24,161,0,3,16,5,24,0,43,113,29,185,0,0,0,185
09/22/2001,OPF,FL,ASO,ES,Federal Contract Tower,1,4,75,5,85,0,1,49,6,56,1,5,124,11,141,30,34,64,205
09/23/2001,OPF,FL,ASO,ES,Federal Contract Tower,0,5,53,5,63,0,0,65,14,79,0,5,118,19,142,62,22,84,226
09/24/2001,OPF,FL,ASO,ES,Federal Contract Tower,0,22,39,11,72,0,14,88,32,134,0,36,127,43,206,76,52,128,334
09/25/2001,OPF,FL,ASO,ES,Federal Contract Tower,2,33,91,12,138,0,8,68,16,92,2,41,159,28,230,42,0,42,272
09/26/2001,OPF,FL,ASO,ES,Federal Contract Tower,2,34,67,4,107,0,9,65,12,86,2,43,132,16,193,64,0,64,257
09/27/2001,OPF,FL,ASO,ES,Federal Contract Tower,3,40,51,4,98,0,6,92,19,117,3,46,143,23,215,90,0,90,305
09/28/2001,OPF,FL,ASO,ES,Federal Contract Tower,1,33,64,6,104,0,1,61,13,75,1,34,125,19,179,48,0,48,227
09/29/2001,OPF,FL,ASO,ES,Federal Contract Tower,0,10,27,11,48,0,0,40,15,55,0,10,67,26,103,4,18,22,125
09/30/2001,OPF,FL,ASO,ES,Federal Contract Tower,0,10,54,1,65,0,4,69,11,84,0,14,123,12,149,38,34,72,221
10/01/2001,OPF,FL,ASO,ES,Federal Contract Tower,1,26,74,4,105,0,6,139,25,170,1,32,213,29,275,78,8,86,361
10/02/2001,OPF,FL,ASO,ES,Federal Contract Tower,0,31,115,15,161,0,9,104,28,141,0,40,219,43,302,90,8,98,400
10/03/2001,OPF,FL,ASO,ES,Federal Contract Tower,3,35,69,1,108,0,6,112,23,141,3,41,181,24,249,106,44,150,399
10/04/2001,OPF,FL,ASO,ES,Federal Contract Tower,4,40,76,4,124,0,10,116,20,146,4,50,192,24,270,130,48,178,448
10/05/2001,OPF,FL,ASO,ES,Federal Contract Tower,0,36,88,7,131,0,0,85,9,94,0,36,173,16,225,192,0,192,417
10/06/2001,OPF,FL,ASO,ES,Federal Contract Tower,0,5,57,0,62,0,7,94,11,112,0,12,151,11,174,182,0,182,356
10/07/2001,OPF,FL,ASO,ES,Federal Contract Tower,0,4,40,0,44,0,4,58,12,74,0,8,98,12,118,16,2,18,136
10/08/2001,OPF,FL,ASO,ES,Federal Contract Tower,0,24,54,4,82,0,1,90,6,97,0,25,144,10,179,126,0,126,305
10/09/2001,OPF,FL,ASO,ES,Federal Contract Tower,0,31,57,5,93,0,3,51,19,73,0,34,108,24,166,24,0,24,190
10/10/2001,OPF,FL,ASO,ES,Federal Contract Tower,2,26,55,10,93,0,18,101,23,142,2,44,156,33,235,104,26,130,365
10/11/2001,OPF,FL,ASO,ES,Federal Contract Tower,0,42,61,9,112,0,4,99,10,113,0,46,160,19,225,56,10,66,291
10/12/2001,OPF,FL,ASO,ES,Federal Contract Tower,0,31,78,5,114,0,4,94,7,105,0,35,172,12,219,94,10,104,323
10/13/2001,OPF,FL,ASO,ES,Federal Contract Tower,0,6,47,2,55,0,0,100,11,111,0,6,147,13,166,116,0,116,282
10/14/2001,OPF,FL,ASO,ES,Federal Contract Tower,0,9,43,3,55,0,5,62,13,80,0,14,105,16,135,64,12,76,211
10/15/2001,OPF,FL,ASO,ES,Federal Contract Tower,1,26,54,8,89,0,2,79,14,95,1,28,133,22,184,56,44,100,284
10/16/2001,OPF,FL,ASO,ES,Federal Contract Tower,3,27,53,11,94,0,7,74,25,106,3,34,127,36,200,128,22,150,350
10/17/2001,OPF,FL,ASO,ES,Federal Contract Tower,3,26,61,3,93,0,9,80,28,117,3,35,141,31,210,94,0,94,304
10/18/2001,OPF,FL,ASO,ES,Federal Contract Tower,0,29,59,3,91,0,0,51,18,69,0,29,110,21,160,14,4,18,178
10/19/2001,OPF,FL,ASO,ES,Federal Contract Tower,0,42,40,10,92,0,1,62,19,82,0,43,102,29,174,72,10,82,256
10/20/2001,OPF,FL,ASO,ES,Federal Contract Tower,0,6,19,2,27,0,1,49,6,56,0,7,68,8,83,98,0,98,181
10/21/2001,OPF,FL,ASO,ES,Federal Contract Tower,0,7,15,12,34,0,0,34,6,40,0,7,49,18,74,14,32,46,120
10/22/2001,OPF,FL,ASO,ES,Federal Contract Tower,0,27,57,12,96,0,5,72,11,88,0,32,129,23,184,56,48,104,288
10/23/2001,OPF,FL,ASO,ES,Federal Contract Tower,2,39,75,7,123,0,0,125,31,156,2,39,200,38,279,150,20,170,449
10/24/2001,OPF,FL,ASO,ES,Federal Contract Tower,0,38,51,9,98,0,11,84,14,109,0,49,135,23,207,120,12,132,339
10/25/2001,OPF,FL,ASO,ES,Federal Contract Tower,0,40,69,4,113,0,0,116,15,131,0,40,185,19,244,103,6,109,353
10/26/2001,OPF,FL,ASO,ES,Federal Contract Tower,1,37,41,9,88,0,2,97,13,112,1,39,138,22,200,131,20,151,351
10/27/2001,OPF,FL,ASO,ES,Federal Contract Tower,1,5,54,4,64,0,7,165,15,187,1,12,219,19,251,98,2,100,351
10/28/2001,OPF,FL,ASO,ES,Federal Contract Tower,0,7,42,0,49,0,4,106,15,125,0,11,148,15,174,62,0,62,236
10/29/2001,OPF,FL,ASO,ES,Federal Contract Tower,0,19,40,9,68,0,14,103,22,139,0,33,143,31,207,84,70,154,361
10/30/2001,OPF,FL,ASO,ES,Federal Contract Tower,0,26,69,8,103,0,2,115,16,133,0,28,184,24,236,48,46,94,330
10/31/2001,OPF,FL,ASO,ES,Federal Contract Tower,2,21,50,5,78,0,22,101,21,144,2,43,151,26,222,100,4,104,326
11/01/2001,OPF,FL,ASO,ES,Federal Contract Tower,3,34,52,4,93,0,7,106,16,129,3,41,158,20,222,68,7,75,297
11/02/2001,OPF,FL,ASO,ES,Federal Contract Tower,2,40,60,12,114,0,7,72,21,100,2,47,132,33,214,10,50,60,274
11/03/2001,OPF,FL,ASO,ES,Federal Contract Tower,3,7,22,1,33,0,3,64,7,74,3,10,86,8,107,24,0,24,131
11/04/2001,OPF,FL,ASO,ES,Federal Contract Tower,0,13,22,4,39,0,7,12,1,20,0,20,34,5,59,0,0,0,59
11/05/2001,OPF,FL,ASO,ES,Federal Contract Tower,0,10,16,8,34,0,5,27,9,41,0,15,43,17,75,0,0,0,75
11/06/2001,OPF,FL,ASO,ES,Federal Contract Tower,2,27,55,8,92,0,21,116,27,164,2,48,171,35,256,128,36,164,420
11/07/2001,OPF,FL,ASO,ES,Federal Contract Tower,0,31,57,4,92,0,10,138,21,169,0,41,195,25,261,166,60,226,487
11/08/2001,OPF,FL,ASO,ES,Federal Contract Tower,0,26,52,5,83,0,15,112,24,151,0,41,164,29,234,135,22,157,391
11/09/2001,OPF,FL,ASO,ES,Federal Contract Tower,2,32,61,3,98,0,8,159,16,183,2,40,220,19,281,162,2,164,445
11/10/2001,OPF,FL,ASO,ES,Federal Contract Tower,1,4,72,3,80,1,0,118,14,133,2,4,190,17,213,142,0,142,355
11/11/2001,OPF,FL,ASO,ES,Federal Contract Tower,0,9,45,1,55,0,2,150,19,171,0,11,195,20,226,88,2,90,316
11/12/2001,OPF,FL,ASO,ES,Federal Contract Tower,1,9,61,2,73,0,6,132,4,142,1,15,193,6,215,42,0,42,257
11/13/2001,OPF,FL,ASO,ES,Federal Contract Tower,0,32,62,8,102,0,8,153,20,181,0,40,215,28,283,153,0,153,436
11/14/2001,OPF,FL,ASO,ES,Federal Contract Tower,5,37,79,6,127,0,1,96,20,117,5,38,175,26,244,108,80,188,432
11/15/2001,OPF,FL,ASO,ES,Federal Contract Tower,1,33,88,22,144,0,3,110,42,155,1,36,198,64,299,92,117,209,508
11/16/2001,OPF,FL,ASO,ES,Federal Contract Tower,1,38,67,12,118,0,3,135,23,161,1,41,202,35,279,84,34,118,397
11/17/2001,OPF,FL,ASO,ES,Federal Contract Tower,0,5,55,8,68,0,0,156,12,168,0,5,211,20,236,88,14,102,338
11/18/2001,OPF,FL,ASO,ES,Federal Contract Tower,0,7,67,8,82,0,1,143,7,151,0,8,210,15,233,72,0,72,305
11/19/2001,OPF,FL,ASO,ES,Federal Contract Tower,1,18,68,6,93,0,9,131,14,154,1,27,199,20,247,68,144,212,459
11/20/2001,OPF,FL,ASO,ES,Federal Contract Tower,0,19,73,10,102,0,13,136,31,180,0,32,209,41,282,134,20,154,436
11/21/2001,OPF,FL,ASO,ES,Federal Contract Tower,0,24,69,10,103,0,11,214,21,246,0,35,283,31,349,109,22,131,480
11/22/2001,OPF,FL,ASO,ES,Federal Contract Tower,0,5,30,2,37,0,10,108,8,126,0,15,138,10,163,90,0,90,253
11/23/2001,OPF,FL,ASO,ES,Federal Contract Tower,0,20,64,4,88,0,13,141,5,159,0,33,205,9,247,156,16,172,419
11/24/2001,OPF,FL,ASO,ES,Federal Contract Tower,0,3,42,3,48,0,0,136,5,141,0,3,178,8,189,122,0,122,311
11/25/2001,OPF,FL,ASO,ES,Federal Contract Tower,0,7,55,2,64,0,3,162,4,169,0,10,217,6,233,118,2,120,353
11/26/2001,OPF,FL,ASO,ES,Federal Contract Tower,0,17,56,3,76,0,16,130,11,157,0,33,186,14,233,70,2,72,305
11/27/2001,OPF,FL,ASO,ES,Federal Contract Tower,3,18,41,10,72,0,5,155,15,175,3,23,196,25,247,122,44,166,413
11/28/2001,OPF,FL,ASO,ES,Federal Contract Tower,1,25,63,7,96,0,8,144,13,165,1,33,207,20,261,64,44,108,369
11/29/2001,OPF,FL,ASO,ES,Federal Contract Tower,0,19,51,6,76,0,6,218,14,238,0,25,269,20,314,122,6,128,442
11/30/2001,OPF,FL,ASO,ES,Federal Contract Tower,0,28,84,12,124,0,4,191,19,214,0,32,275,31,338,118,22,140,478
12/01/2001,OPF,FL,ASO,ES,Federal Contract Tower,0,4,51,4,59,0,2,157,2,161,0,6,208,6,220,158,0,158,378
12/02/2001,OPF,FL,ASO,ES,Federal Contract Tower,0,8,62,8,78,0,2,136,7,145,0,10,198,15,223,108,8,116,339
12/03/2001,OPF,FL,ASO,ES,Federal Contract Tower,2,16,56,5,79,0,11,147,24,182,2,27,203,29,261,90,44,134,395
12/04/2001,OPF,FL,ASO,ES,Federal Contract Tower,2,18,66,11,97,0,9,176,16,201,2,27,242,27,298,82,44,126,424
12/05/2001,OPF,FL,ASO,ES,Federal Contract Tower,2,26,78,8,114,0,11,142,14,167,2,37,220,22,281,154,32,186,467
12/06/2001,OPF,FL,ASO,ES,Federal Contract Tower,3,24,80,6,113,0,6,88,17,111,3,30,168,23,224,64,54,118,342
12/07/2001,OPF,FL,ASO,ES,Federal Contract Tower,3,26,55,8,92,0,9,161,9,179,3,35,216,17,271,102,46,148,419
12/08/2001,OPF,FL,ASO,ES,Federal Contract Tower,0,4,46,0,50,0,2,161,6,169,0,6,207,6,219,118,4,122,341
12/09/2001,OPF,FL,ASO,ES,Federal Contract Tower,0,4,50,5,59,0,0,148,14,162,0,4,198,19,221,178,0,178,399
12/10/2001,OPF,FL,ASO,ES,Federal Contract Tower,0,12,69,14,95,0,13,170,16,199,0,25,239,30,294,108,48,156,450
12/11/2001,OPF,FL,ASO,ES,Federal Contract Tower,2,17,49,10,78,0,6,150,20,176,2,23,199,30,254,118,66,184,438
12/12/2001,OPF,FL,ASO,ES,Federal Contract Tower,2,16,58,4,80,0,12,182,32,226,2,28,240,36,306,214,65,279,585
12/13/2001,OPF,FL,ASO,ES,Federal Contract Tower,0,20,69,4,93,0,12,142,31,185,0,32,211,35,278,139,74,213,491
12/14/2001,OPF,FL,ASO,ES,Federal Contract Tower,0,24,68,10,102,0,5,199,19,223,0,29,267,29,325,120,104,224,549
12/15/2001,OPF,FL,ASO,ES,Federal Contract Tower,0,3,43,6,52,0,11,159,14,184,0,14,202,20,236,130,4,134,370
12/16/2001,OPF,FL,ASO,ES,Federal Contract Tower,0,2,34,3,39,0,3,106,4,113,0,5,140,7,152,82,58,140,292
12/17/2001,OPF,FL,ASO,ES,Federal Contract Tower,0,18,45,4,67,0,6,133,15,154,0,24,178,19,221,78,52,130,351
12/18/2001,OPF,FL,ASO,ES,Federal Contract Tower,2,24,64,5,95,0,15,144,16,175,2,39,208,21,270,156,17,173,443
12/19/2001,OPF,FL,ASO,ES,Federal Contract Tower,2,14,61,1,78,1,12,189,16,218,3,26,250,17,296,99,24,123,419
12/20/2001,OPF,FL,ASO,ES,Federal Contract Tower,5,22,84,1,112,0,1,177,12,190,5,23,261,13,302,84,5,89,391
12/21/2001,OPF,FL,ASO,ES,Federal Contract Tower,1,20,54,2,77,0,5,126,4,135,1,25,180,6,212,166,0,166,378
12/22/2001,OPF,FL,ASO,ES,Federal Contract Tower,0,11,32,2,45,0,4,162,9,175,0,15,194,11,220,88,18,106,326
12/23/2001,OPF,FL,ASO,ES,Federal Contract Tower,0,6,40,0,46,0,1,119,9,129,0,7,159,9,175,50,0,50,225
12/24/2001,OPF,FL,ASO,ES,Federal Contract Tower,0,13,36,0,49,0,10,104,4,118,0,23,140,4,167,48,0,48,215
12/25/2001,OPF,FL,ASO,ES,Federal Contract Tower,0,1,13,0,14,0,1,54,2,57,0,2,67,2,71,2,0,2,73
12/26/2001,OPF,FL,ASO,ES,Federal Contract Tower,0,24,42,3,69,1,6,85,8,100,1,30,127,11,169,14,43,57,226
12/27/2001,OPF,FL,ASO,ES,Federal Contract Tower,0,24,49,7,80,0,0,147,28,175,0,24,196,35,255,113,26,139,394
12/28/2001,OPF,FL,ASO,ES,Federal Contract Tower,0,22,41,2,65,0,5,176,4,185,0,27,217,6,250,160,56,216,466
12/29/2001,OPF,FL,ASO,ES,Federal Contract Tower,0,10,49,0,59,0,1,201,8,210,0,11,250,8,269,84,0,84,353
12/30/2001,OPF,FL,ASO,ES,Federal Contract Tower,0,8,52,0,60,0,1,164,7,172,0,9,216,7,232,47,26,73,305
12/31/2001,OPF,FL,ASO,ES,Federal Contract Tower,0,17,43,1,61,0,7,68,8,83,0,24,111,9,144,44,43,87,231
01/01/2002,OPF,FL,ASO,ES,Federal Contract Tower,0,7,25,2,34,0,4,103,14,121,0,11,128,16,155,34,2,36,191
01/02/2002,OPF,FL,ASO,ES,Federal Contract Tower,0,9,71,7,87,0,17,130,4,151,0,26,201,11,238,56,28,84,322
01/03/2002,OPF,FL,ASO,ES,Federal Contract Tower,2,17,70,4,93,0,7,181,4,192,2,24,251,8,285,156,43,199,484
01/04/2002,OPF,FL,ASO,ES,Federal Contract Tower,0,20,65,5,90,0,11,156,12,179,0,31,221,17,269,64,84,148,417
01/05/2002,OPF,FL,ASO,ES,Federal Contract Tower,0,3,35,5,43,0,0,160,13,173,0,3,195,18,216,158,12,170,386
01/06/2002,OPF,FL,ASO,ES,Federal Contract Tower,0,2,55,8,65,0,2,95,23,120,0,4,150,31,185,62,52,114,299
01/07/2002,OPF,FL,ASO,ES,Federal Contract Tower,0,12,61,9,82,0,9,152,23,184,0,21,213,32,266,69,106,175,441
01/08/2002,OPF,FL,ASO,ES,Federal Contract Tower,2,17,66,6,91,0,16,220,15,251,2,33,286,21,342,90,9,99,441
01/09/2002,OPF,FL,ASO,ES,Federal Contract Tower,2,19,48,8,77,0,11,230,24,265,2,30,278,32,342,117,60,177,519
01/10/2002,OPF,FL,ASO,ES,Federal Contract Tower,0,18,82,10,110,0,4,184,20,208,0,22,266,30,318,74,48,122,440
01/11/2002,OPF,FL,ASO,ES,Federal Contract Tower,0,18,54,10,82,0,7,195,12,214,0,25,249,22,296,98,132,230,526
01/12/2002,OPF,FL,ASO,ES,Federal Contract Tower,0,9,52,6,67,0,3,168,10,181,0,12,220,16,248,126,0,126,374
01/13/2002,OPF,FL,ASO,ES,Federal Contract Tower,0,7,46,6,59,0,1,127,14,142,0,8,173,20,201,116,0,116,317
01/14/2002,OPF,FL,ASO,ES,Federal Contract Tower,2,17,39,9,67,0,5,131,21,157,2,22,170,30,224,94,138,232,456
01/15/2002,OPF,FL,ASO,ES,Federal Contract Tower,2,25,63,9,99,0,7,174,29,210,2,32,237,38,309,202,84,286,595
01/16/2002,OPF,FL,ASO,ES,Federal Contract Tower,2,25,63,16,106,0,8,166,25,199,2,33,229,41,305,126,114,240,545
01/17/2002,OPF,FL,ASO,ES,Federal Contract Tower,2,22,91,7,122,0,10,179,42,231,2,32,270,49,353,108,64,172,525
01/18/2002,OPF,FL,ASO,ES,Federal Contract Tower,0,27,83,13,123,0,9,150,20,179,0,36,233,33,302,62,106,168,470
01/19/2002,OPF,FL,ASO,ES,Federal Contract Tower,0,10,51,12,73,0,0,156,13,169,0,10,207,25,242,94,42,136,378
01/20/2002,OPF,FL,ASO,ES,Federal Contract Tower,0,9,51,6,66,0,4,124,9,137,0,13,175,15,203,74,22,96,299
01/21/2002,OPF,FL,ASO,ES,Federal Contract Tower,0,12,78,5,95,0,3,175,10,188,0,15,253,15,283,106,16,122,405
01/22/2002,OPF,FL,ASO,ES,Federal Contract Tower,0,17,85,6,108,0,6,190,22,218,0,23,275,28,326,127,78,205,531
01/23/2002,OPF,FL,ASO,ES,Federal Contract Tower,0,16,69,14,99,0,5,190,29,224,0,21,259,43,323,92,141,233,556
01/24/2002,OPF,FL,ASO,ES,Federal Contract Tower,3,19,89,17,128,0,1,200,31,232,3,20,289,48,360,123,122,245,605
01/25/2002,OPF,FL,ASO,ES,Federal Contract Tower,0,16,69,8,93,0,7,212,17,236,0,23,281,25,329,158,88,246,575
01/26/2002,OPF,FL,ASO,ES,Federal Contract Tower,0,3,47,3,53,0,0,201,8,209,0,3,248,11,262,88,0,88,350
01/27/2002,OPF,FL,ASO,ES,Federal Contract Tower,0,1,51,6,58,0,4,153,7,164,0,5,204,13,222,116,0,116,338
01/28/2002,OPF,FL,ASO,ES,Federal Contract Tower,4,15,56,11,86,0,6,178,26,210,4,21,234,37,296,138,52,190,486
01/29/2002,OPF,FL,ASO,ES,Federal Contract Tower,5,16,67,17,105,0,11,190,31,232,5,27,257,48,337,132,18,150,487
01/30/2002,OPF,FL,ASO,ES,Federal Contract Tower,2,18,66,3,89,0,5,172,12,189,2,23,238,15,278,83,0,83,361
01/31/2002,OPF,FL,ASO,ES,Federal Contract Tower,2,24,79,6,111,0,1,194,21,216,2,25,273,27,327,78,14,92,419
02/01/2002,OPF,FL,ASO,ES,Federal Contract Tower,0,21,61,12,94,0,2,159,18,179,0,23,220,30,273,56,8,64,337
02/02/2002,OPF,FL,ASO,ES,Federal Contract Tower,0,7,70,2,79,0,1,216,8,225,0,8,286,10,304,136,0,136,440
02/03/2002,OPF,FL,ASO,ES,Federal Contract Tower,0,1,53,4,58,0,3,164,17,184,0,4,217,21,242,158,24,182,424
02/04/2002,OPF,FL,ASO,ES,Federal Contract Tower,1,15,65,4,85,0,4,170,17,191,1,19,235,21,276,100,104,204,480
02/05/2002,OPF,FL,ASO,ES,Federal Contract Tower,1,16,77,5,99,0,3,197,16,216,1,19,274,21,315,218,30,248,563
02/06/2002,OPF,FL,ASO,ES,Federal Contract Tower,4,14,69,9,96,0,10,150,21,181,4,24,219,30,277,114,46,160,437
02/07/2002,OPF,FL,ASO,ES,Federal Contract Tower,3,18,88,10,119,0,2,136,23,161,3,20,224,33,280,112,6,118,398
02/08/2002,OPF,FL,ASO,ES,Federal Contract Tower,1,22,82,7,112,0,1,178,13,192,1,23,260,20,304,192,35,227,531
02/09/2002,OPF,FL,ASO,ES,Federal Contract Tower,0,3,53,6,62,0,0,151,22,173,0,3,204,28,235,114,0,114,349
02/10/2002,OPF,FL,ASO,ES,Federal Contract Tower,2,3,47,6,58,0,0,138,20,158,2,3,185,26,216,124,0,124,340
02/11/2002,OPF,FL,ASO,ES,Federal Contract Tower,0,16,62,19,97,0,8,171,12,191,0,24,233,31,288,154,2,156,444
02/12/2002,OPF,FL,ASO,ES,Federal Contract Tower,4,24,92,7,127,0,8,187,22,217,4,32,279,29,344,138,10,148,492
02/13/2002,OPF,FL,ASO,ES,Federal Contract Tower,2,21,94,4,121,0,3,195,27,225,2,24,289,31,346,166,70,236,582
02/14/2002,OPF,FL,ASO,ES,Federal Contract Tower,1,26,137,4,168,0,6,141,19,166,1,32,278,23,334,75,4,79,413
02/15/2002,OPF,FL,ASO,ES,Federal Contract Tower,0,30,156,12,198,0,6,254,13,273,0,36,410,25,471,186,0,186,657
02/16/2002,OPF,FL,ASO,ES,Federal Contract Tower,0,13,108,2,123,0,1,120,3,124,0,14,228,5,247,158,0,158,405
02/17/2002,OPF,FL,ASO,ES,Federal Contract Tower,0,4,93,7,104,0,2,202,12,216,0,6,295,19,320,28,0,28,348
02/18/2002,OPF,FL,ASO,ES,Federal Contract Tower,0,16,111,10,137,0,3,238,31,272,0,19,349,41,409,130,0,130,539
02/19/2002,OPF,FL,ASO,ES,Federal Contract Tower,2,14,98,5,119,0,4,201,25,230,2,18,299,30,349,132,18,150,499
02/20/2002,OPF,FL,ASO,ES,Federal Contract Tower,4,15,60,3,82,0,2,233,31,266,4,17,293,34,348,64,2,66,414
02/21/2002,OPF,FL,ASO,ES,Federal Contract Tower,0,23,63,12,98,0,0,183,33,216,0,23,246,45,314,136,0,136,450
02/22/2002,OPF,FL,ASO,ES,Federal Contract Tower,0,24,80,13,117,0,4,204,33,241,0,28,284,46,358,132,16,148,506
02/23/2002,OPF,FL,ASO,ES,Federal Contract Tower,0,3,37,11,51,0,0,54,3,57,0,3,91,14,108,78,0,78,186
02/24/2002,OPF,FL,ASO,ES,Federal Contract Tower,0,11,62,5,78,0,1,207,20,228,0,12,269,25,306,58,0,58,364
02/25/2002,OPF,FL,ASO,ES,Federal Contract Tower,1,15,60,8,84,0,6,203,36,245,1,21,263,44,329,214,32,246,575
02/26/2002,OPF,FL,ASO,ES,Federal Contract Tower,1,14,78,12,105,0,7,203,37,247,1,21,281,49,352,216,2,218,570
02/27/2002,OPF,FL,ASO,ES,Federal Contract Tower,2,28,82,4,116,0,8,206,36,250,2,36,288,40,366,152,2,154,520
02/28/2002,OPF,FL,ASO,ES,Federal Contract Tower,2,13,77,16,108,0,2,178,25,205,2,15,255,41,313,116,18,134,447
03/01/2002,OPF,FL,ASO,ES,Federal Contract Tower,1,23,79,10,113,0,1,168,31,200,1,24,247,41,313,88,118,206,519
03/02/2002,OPF,FL,ASO,ES,Federal Contract Tower,0,5,46,1,52,0,0,139,1,140,0,5,185,2,192,130,0,130,322
03/03/2002,OPF,FL,ASO,ES,Federal Contract Tower,0,8,55,4,67,0,0,171,19,190,0,8,226,23,257,96,0,96,353
03/04/2002,OPF,FL,ASO,ES,Federal Contract Tower,0,14,73,10,97,0,3,143,21,167,0,17,216,31,264,120,6,126,390
03/05/2002,OPF,FL,ASO,ES,Federal Contract Tower,2,22,73,23,120,0,1,184,38,223,2,23,257,61,343,96,46,142,485
03/06/2002,OPF,FL,ASO,ES,Federal Contract Tower,3,19,107,12,141,0,7,74,20,101,3,26,181,32,242,30,33,63,305
03/07/2002,OPF,FL,ASO,ES,Federal Contract Tower,3,17,80,7,107,0,0,153,23,176,3,17,233,30,283,159,34,193,476
03/08/2002,OPF,FL,ASO,ES,Federal Contract Tower,0,19,79,13,111,0,5,210,33,248,0,24,289,46,359,216,32,248,607
03/09/2002,OPF,FL,ASO,ES,Federal Contract Tower,0,6,43,4,53,0,3,256,14,273,0,9,299,18,326,224,0,224,550
03/10/2002,OPF,FL,ASO,ES,Federal Contract Tower,0,1,61,5,67,0,0,229,10,239,0,1,290,15,306,120,14,134,440
03/11/2002,OPF,FL,ASO,ES,Federal Contract Tower,0,12,71,14,97,0,6,166,28,200,0,18,237,42,297,127,100,227,524
03/12/2002,OPF,FL,ASO,ES,Federal Contract Tower,3,19,57,12,91,0,8,188,28,224,3,27,245,40,315,146,60,206,521
03/13/2002,OPF,FL,ASO,ES,Federal Contract Tower,1,24,75,10,110,0,5,182,31,218,1,29,257,41,328,228,66,294,622
03/14/2002,OPF,FL,ASO,ES,Federal Contract Tower,0,18,87,11,116,0,1,232,26,259,0,19,319,37,375,236,64,300,675
03/15/2002,OPF,FL,ASO,ES,Federal Contract Tower,0,17,97,12,126,0,3,210,29,242,0,20,307,41,368,143,8,151,519
03/16/2002,OPF,FL,ASO,ES,Federal Contract Tower,0,6,45,1,52,0,2,255,7,264,0,8,300,8,316,158,0,158,474
03/17/2002,OPF,FL,ASO,ES,Federal Contract Tower,0,3,42,0,45,0,1,188,13,202,0,4,230,13,247,188,0,188,435
03/18/2002,OPF,FL,ASO,ES,Federal Contract Tower,2,16,71,6,95,0,2,191,25,218,2,18,262,31,313,110,34,144,457
03/19/2002,OPF,FL,ASO,ES,Federal Contract Tower,2,14,56,9,81,0,8,247,24,279,2,22,303,33,360,135,0,135,495
03/20/2002,OPF,FL,ASO,ES,Federal Contract Tower,2,18,63,11,94,0,4,227,14,245,2,22,290,25,339,162,30,192,531
03/21/2002,OPF,FL,ASO,ES,Federal Contract Tower,1,19,79,11,110,0,2,269,11,282,1,21,348,22,392,192,0,192,584
03/22/2002,OPF,FL,ASO,ES,Federal Contract Tower,1,23,96,12,132,0,3,195,13,211,1,26,291,25,343,248,0,248,591
03/23/2002,OPF,FL,ASO,ES,Federal Contract Tower,1,10,49,4,64,0,5,313,10,328,1,15,362,14,392,244,34,278,670
03/24/2002,OPF,FL,ASO,ES,Federal Contract Tower,0,13,46,8,67,0,7,157,14,178,0,20,203,22,245,120,10,130,375
03/25/2002,OPF,FL,ASO,ES,Federal Contract Tower,2,11,49,5,67,0,7,209,20,236,2,18,258,25,303,204,54,258,561
03/26/2002,OPF,FL,ASO,ES,Federal Contract Tower,2,15,59,11,87,0,6,179,23,208,2,21,238,34,295,130,62,192,487
03/27/2002,OPF,FL,ASO,ES,Federal Contract Tower,2,16,78,16,112,0,12,180,21,213,2,28,258,37,325,263,10,273,598
03/28/2002,OPF,FL,ASO,ES,Federal Contract Tower,0,18,111,9,138,0,7,131,15,153,0,25,242,24,291,112,0,112,403
03/29/2002,OPF,FL,ASO,ES,Federal Contract Tower,0,14,58,6,78,0,0,204,11,215,0,14,262,17,293,166,2,168,461
03/30/2002,OPF,FL,ASO,ES,Federal Contract Tower,1,7,52,1,61,0,0,198,8,206,1,7,250,9,267,200,20,220,487
03/31/2002,OPF,FL,ASO,ES,Federal Contract Tower,0,11,48,2,61,0,3,132,9,144,0,14,180,11,205,98,0,98,303
04/01/2002,OPF,FL,ASO,ES,Federal Contract Tower,1,14,55,10,80,0,6,179,20,205,1,20,234,30,285,124,94,218,503
04/02/2002,OPF,FL,ASO,ES,Federal Contract Tower,3,15,79,4,101,0,9,149,16,174,3,24,228,20,275,156,34,190,465
04/03/2002,OPF,FL,ASO,ES,Federal Contract Tower,3,21,74,8,106,0,5,205,16,226,3,26,279,24,332,201,46,247,579
04/04/2002,OPF,FL,ASO,ES,Federal Contract Tower,0,19,79,10,108,0,5,225,22,252,0,24,304,32,360,136,20,156,516
04/05/2002,OPF,FL,ASO,ES,Federal Contract Tower,0,27,76,5,108,0,7,195,18,220,0,34,271,23,328,172,64,236,564
04/06/2002,OPF,FL,ASO,ES,Federal Contract Tower,1,6,46,3,56,0,2,189,12,203,1,8,235,15,259,170,0,170,429
04/07/2002,OPF,FL,ASO,ES,Federal Contract Tower,1,8,56,0,65,0,5,138,5,148,1,13,194,5,213,70,0,70,283
04/08/2002,OPF,FL,ASO,ES,Federal Contract Tower,0,16,47,12,75,0,4,130,13,147,0,20,177,25,222,106,0,106,328
04/09/2002,OPF,FL,ASO,ES,Federal Contract Tower,3,16,76,5,100,0,7,190,20,217,3,23,266,25,317,60,0,60,377
04/10/2002,OPF,FL,ASO,ES,Federal Contract Tower,1,21,59,5,86,0,6,208,24,238,1,27,267,29,324,84,34,118,442
04/11/2002,OPF,FL,ASO,ES,Federal Contract Tower,0,22,62,8,92,0,4,166,21,191,0,26,228,29,283,140,34,174,457
04/12/2002,OPF,FL,ASO,ES,Federal Contract Tower,1,25,47,8,81,0,5,173,8,186,1,30,220,16,267,158,0,158,425
04/13/2002,OPF,FL,ASO,ES,Federal Contract Tower,0,14,50,2,66,0,9,179,8,196,0,23,229,10,262,157,16,173,435
04/14/2002,OPF,FL,ASO,ES,Federal Contract Tower,0,7,30,3,40,0,17,131,10,158,0,24,161,13,198,93,0,93,291
04/15/2002,OPF,FL,ASO,ES,Federal Contract Tower,0,14,66,8,88,0,9,170,13,192,0,23,236,21,280,66,34,100,380
04/16/2002,OPF,FL,ASO,ES,Federal Contract Tower,2,18,69,15,104,0,6,181,27,214,2,24,250,42,318,148,18,166,484
04/17/2002,OPF,FL,ASO,ES,Federal Contract Tower,2,19,82,4,107,0,5,187,14,206,2,24,269,18,313,140,38,178,491
04/18/2002,OPF,FL,ASO,ES,Federal Contract Tower,0,21,60,8,89,0,3,236,18,257,0,24,296,26,346,162,26,188,534
04/19/2002,OPF,FL,ASO,ES,Federal Contract Tower,0,19,73,10,102,0,1,194,6,201,0,20,267,16,303,196,0,196,499
04/20/2002,OPF,FL,ASO,ES,Federal Contract Tower,0,7,39,1,47,0,1,158,8,167,0,8,197,9,214,144,0,144,358
04/21/2002,OPF,FL,ASO,ES,Federal Contract Tower,0,5,40,4,49,0,0,167,4,171,0,5,207,8,220,98,0,98,318
04/22/2002,OPF,FL,ASO,ES,Federal Contract Tower,0,15,58,7,80,0,1,161,12,174,0,16,219,19,254,94,76,170,424
04/23/2002,OPF,FL,ASO,ES,Federal Contract Tower,2,14,75,6,97,0,3,153,26,182,2,17,228,32,279,104,6,110,389
04/24/2002,OPF,FL,ASO,ES,Federal Contract Tower,0,19,58,7,84,0,0,172,15,187,0,19,230,22,271,198,0,198,469
04/25/2002,OPF,FL,ASO,ES,Federal Contract Tower,0,19,67,11,97,0,8,207,18,233,0,27,274,29,330,201,14,215,545
04/26/2002,OPF,FL,ASO,ES,Federal Contract Tower,0,21,71,11,103,0,3,178,11,192,0,24,249,22,295,206,8,214,509
04/27/2002,OPF,FL,ASO,ES,Federal Contract Tower,0,7,40,1,48,0,1,180,7,188,0,8,220,8,236,146,0,146,382
04/28/2002,OPF,FL,ASO,ES,Federal Contract Tower,0,4,58,3,65,0,0,155,6,161,0,4,213,9,226,66,28,94,320
04/29/2002,OPF,FL,ASO,ES,Federal Contract Tower,0,16,55,4,75,0,3,164,28,195,0,19,219,32,270,174,22,196,466
04/30/2002,OPF,FL,ASO,ES,Federal Contract Tower,2,15,81,3,101,0,3,162,26,191,2,18,243,29,292,146,10,156,448
05/01/2002,OPF,FL,ASO,ES,Federal Contract Tower,0,23,51,14,88,0,4,161,29,194,0,27,212,43,282,172,64,236,518
05/02/2002,OPF,FL,ASO,ES,Federal Contract Tower,2,21,51,5,79,0,0,162,26,188,2,21,213,31,267,60,84,144,411
05/03/2002,OPF,FL,ASO,ES,Federal Contract Tower,0,16,64,7,87,0,3,189,36,228,0,19,253,43,315,212,6,218,533
05/04/2002,OPF,FL,ASO,ES,Federal Contract Tower,0,6,30,1,37,0,0,171,15,186,0,6,201,16,223,144,0,144,367
05/05/2002,OPF,FL,ASO,ES,Federal Contract Tower,0,4,35,7,46,0,0,158,14,172,0,4,193,21,218,162,0,162,380
05/06/2002,OPF,FL,ASO,ES,Federal Contract Tower,2,16,52,7,77,0,7,161,9,177,2,23,213,16,254,256,0,256,510
05/07/2002,OPF,FL,ASO,ES,Federal Contract Tower,0,16,60,11,87,0,11,199,10,220,0,27,259,21,307,118,0,118,425
05/08/2002,OPF,FL,ASO,ES,Federal Contract Tower,2,19,72,2,95,0,10,192,13,215,2,29,264,15,310,72,24,96,406
05/09/2002,OPF,FL,ASO,ES,Federal Contract Tower,1,20,72,11,104,0,7,147,15,169,1,27,219,26,273,220,28,248,521
05/10/2002,OPF,FL,ASO,ES,Federal Contract Tower,1,15,76,9,101,0,6,192,22,220,1,21,268,31,321,156,28,184,505
05/11/2002,OPF,FL,ASO,ES,Federal Contract Tower,0,4,37,3,44,0,3,177,7,187,0,7,214,10,231,227,0,227,458
05/12/2002,OPF,FL,ASO,ES,Federal Contract Tower,0,4,45,5,54,0,6,150,18,174,0,10,195,23,228,142,0,142,370
05/13/2002,OPF,FL,ASO,ES,Federal Contract Tower,0,12,62,11,85,0,10,173,18,201,0,22,235,29,286,114,74,188,474
05/14/2002,OPF,FL,ASO,ES,Federal Contract Tower,2,17,61,7,87,0,4,158,31,193,2,21,219,38,280,92,0,92,372
05/15/2002,OPF,FL,ASO,ES,Federal Contract Tower,0,23,66,7,96,0,3,156,14,173,0,26,222,21,269,100,44,144,413
05/16/2002,OPF,FL,ASO,ES,Federal Contract Tower,0,15,69,3,87,0,2,124,15,141,0,17,193,18,228,68,4,72,300
05/17/2002,OPF,FL,ASO,ES,Federal Contract Tower,0,18,54,15,87,0,4,179,22,205,0,22,233,37,292,126,22,148,440
05/18/2002,OPF,FL,ASO,ES,Federal Contract Tower,0,1,39,1,41,0,0,137,5,142,0,1,176,6,183,152,0,152,335
05/19/2002,OPF,FL,ASO,ES,Federal Contract Tower,0,6,35,2,43,0,0,43,7,50,0,6,78,9,93,36,0,36,129
05/20/2002,OPF,FL,ASO,ES,Federal Contract Tower,3,17,59,14,93,0,2,129,20,151,3,19,188,34,244,92,18,110,354
05/21/2002,OPF,FL,ASO,ES,Federal Contract Tower,3,16,68,1,88,0,4,166,23,193,3,20,234,24,281,98,16,114,395
05/22/2002,OPF,FL,ASO,ES,Federal Contract Tower,2,18,78,5,103,0,8,178,10,196,2,26,256,15,299,80,30,110,409
05/23/2002,OPF,FL,ASO,ES,Federal Contract Tower,0,16,61,8,85,0,1,194,29,224,0,17,255,37,309,122,0,122,431
05/24/2002,OPF,FL,ASO,ES,Federal Contract Tower,0,15,65,14,94,0,3,204,20,227,0,18,269,34,321,204,32,236,557
05/25/2002,OPF,FL,ASO,ES,Federal Contract Tower,0,2,21,3,26,0,0,166,9,175,0,2,187,12,201,232,12,244,445
05/26/2002,OPF,FL,ASO,ES,Federal Contract Tower,0,3,41,0,44,0,0,154,11,165,0,3,195,11,209,162,0,162,371
05/27/2002,OPF,FL,ASO,ES,Federal Contract Tower,0,3,51,1,55,0,1,150,5,156,0,4,201,6,211,124,0,124,335
05/28/2002,OPF,FL,ASO,ES,Federal Contract Tower,0,14,58,9,81,0,7,123,16,146,0,21,181,25,227,60,28,88,315
05/29/2002,OPF,FL,ASO,ES,Federal Contract Tower,2,15,73,7,97,0,4,202,11,217,2,19,275,18,314,196,26,222,536
05/30/2002,OPF,FL,ASO,ES,Federal Contract Tower,0,16,73,6,95,0,0,145,16,161,0,16,218,22,256,102,8,110,366
05/31/2002,OPF,FL,ASO,ES,Federal Contract Tower,2,18,76,8,104,0,3,141,9,153,2,21,217,17,257,87,92,179,436
06/01/2002,OPF,FL,ASO,ES,Federal Contract Tower,0,7,34,5,46,0,0,127,14,141,0,7,161,19,187,88,0,88,275
06/02/2002,OPF,FL,ASO,ES,Federal Contract Tower,0,4,35,0,39,0,0,121,16,137,0,4,156,16,176,84,8,92,268
06/03/2002,OPF,FL,ASO,ES,Federal Contract Tower,2,21,43,3,69,0,2,167,7,176,2,23,210,10,245,96,0,96,341
06/04/2002,OPF,FL,ASO,ES,Federal Contract Tower,2,16,37,3,58,0,0,131,19,150,2,16,168,22,208,118,10,128,336
06/05/2002,OPF,FL,ASO,ES,Federal Contract Tower,0,18,29,10,57,0,1,171,6,178,0,19,200,16,235,200,20,220,455
06/06/2002,OPF,FL,ASO,ES,Federal Contract Tower,1,19,67,8,95,0,8,160,11,179,1,27,227,19,274,208,36,244,518
06/07/2002,OPF,FL,ASO,ES,Federal Contract Tower,0,12,65,9,86,0,3,187,10,200,0,15,252,19,286,78,12,90,376
06/08/2002,OPF,FL,ASO,ES,Federal Contract Tower,0,2,44,4,50,0,1,132,6,139,0,3,176,10,189,186,44,230,419
06/09/2002,OPF,FL,ASO,ES,Federal Contract Tower,0,4,47,6,57,0,3,171,2,176,0,7,218,8,233,116,0,116,349
06/10/2002,OPF,FL,ASO,ES,Federal Contract Tower,2,15,45,9,71,0,1,138,9,148,2,16,183,18,219,132,39,171,390
06/11/2002,OPF,FL,ASO,ES,Federal Contract Tower,2,13,53,6,74,0,1,107,12,120,2,14,160,18,194,88,22,110,304
06/12/2002,OPF,FL,ASO,ES,Federal Contract Tower,0,18,62,4,84,0,7,97,10,114,0,25,159,14,198,82,0,82,280
06/13/2002,OPF,FL,ASO,ES,Federal Contract Tower,0,21,69,8,98,0,0,112,14,126,0,21,181,22,224,50,30,80,304
06/14/2002,OPF,FL,ASO,ES,Federal Contract Tower,0,21,68,3,92,0,0,118,16,134,0,21,186,19,226,26,2,28,254
06/15/2002,OPF,FL,ASO,ES,Federal Contract Tower,0,5,23,3,31,0,2,42,5,49,0,7,65,8,80,18,0,18,98
06/16/2002,OPF,FL,ASO,ES,Federal Contract Tower,0,1,40,5,46,0,1,170,10,181,0,2,210,15,227,113,10,123,350
06/17/2002,OPF,FL,ASO,ES,Federal Contract Tower,2,10,60,6,78,0,0,161,14,175,2,10,221,20,253,186,58,244,497
06/18/2002,OPF,FL,ASO,ES,Federal Contract Tower,2,15,47,2,66,0,1,141,15,157,2,16,188,17,223,270,4,274,497
06/19/2002,OPF,FL,ASO,ES,Federal Contract Tower,0,17,65,6,88,0,0,151,14,165,0,17,216,20,253,92,22,114,367
06/20/2002,OPF,FL,ASO,ES,Federal Contract Tower,0,19,59,4,82,0,5,127,22,154,0,24,186,26,236,36,0,36,272
06/21/2002,OPF,FL,ASO,ES,Federal Contract Tower,0,21,52,8,81,0,0,92,15,107,0,21,144,23,188,46,0,46,234
06/22/2002,OPF,FL,ASO,ES,Federal Contract Tower,0,6,40,4,50,0,1,87,2,90,0,7,127,6,140,68,0,68,208
06/23/2002,OPF,FL,ASO,ES,Federal Contract Tower,1,6,45,4,56,0,0,69,7,76,1,6,114,11,132,78,0,78,210
06/24/2002,OPF,FL,ASO,ES,Federal Contract Tower,0,12,44,4,60,0,5,122,16,143,0,17,166,20,203,118,0,118,321
06/25/2002,OPF,FL,ASO,ES,Federal Contract Tower,4,15,47,5,71,2,2,130,18,152,6,17,177,23,223,26,46,72,295
06/26/2002,OPF,FL,ASO,ES,Federal Contract Tower,0,14,66,3,83,0,0,127,9,136,0,14,193,12,219,128,4,132,351
06/27/2002,OPF,FL,ASO,ES,Federal Contract Tower,1,21,62,2,86,0,2,170,31,203,1,23,232,33,289,185,8,193,482
06/28/2002,OPF,FL,ASO,ES,Federal Contract Tower,1,19,48,7,75,0,0,204,11,215,1,19,252,18,290,122,0,122,412
06/29/2002,OPF,FL,ASO,ES,Federal Contract Tower,0,1,43,1,45,0,2,207,12,221,0,3,250,13,266,186,6,192,458
06/30/2002,OPF,FL,ASO,ES,Federal Contract Tower,0,4,36,4,44,0,1,82,13,96,0,5,118,17,140,58,0,58,198
07/01/2002,OPF,FL,ASO,ES,Federal Contract Tower,2,14,52,4,72,0,1,106,11,118,2,15,158,15,190,32,36,68,258
07/02/2002,OPF,FL,ASO,ES,Federal Contract Tower,2,17,53,2,74,0,1,161,17,179,2,18,214,19,253,92,0,92,345
07/03/2002,OPF,FL,ASO,ES,Federal Contract Tower,0,15,55,2,72,0,5,149,5,159,0,20,204,7,231,152,0,152,383
07/04/2002,OPF,FL,ASO,ES,Federal Contract Tower,0,3,36,3,42,0,0,132,13,145,0,3,168,16,187,126,0,126,313
07/05/2002,OPF,FL,ASO,ES,Federal Contract Tower,0,11,29,4,44,0,0,167,17,184,0,11,196,21,228,86,14,100,328
07/06/2002,OPF,FL,ASO,ES,Federal Contract Tower,0,1,29,1,31,0,0,146,17,163,0,1,175,18,194,145,3,148,342
07/07/2002,OPF,FL,ASO,ES,Federal Contract Tower,0,2,41,6,49,0,3,112,3,118,0,5,153,9,167,82,18,100,267
07/08/2002,OPF,FL,ASO,ES,Federal Contract Tower,0,18,34,5,57,0,3,128,11,142,0,21,162,16,199,112,28,140,339
07/09/2002,OPF,FL,ASO,ES,Federal Contract Tower,2,16,48,9,75,0,0,145,12,157,2,16,193,21,232,86,46,132,364
07/10/2002,OPF,FL,ASO,ES,Federal Contract Tower,4,14,40,11,69,0,0,94,34,128,4,14,134,45,197,86,10,96,293
07/11/2002,OPF,FL,ASO,ES,Federal Contract Tower,1,18,78,5,102,0,1,166,23,190,1,19,244,28,292,92,20,112,404
07/12/2002,OPF,FL,ASO,ES,Federal Contract Tower,0,17,44,4,65,0,1,176,18,195,0,18,220,22,260,90,18,108,368
07/13/2002,OPF,FL,ASO,ES,Federal Contract Tower,0,2,39,3,44,0,0,178,17,195,0,2,217,20,239,274,0,274,513
07/14/2002,OPF,FL,ASO,ES,Federal Contract Tower,2,3,41,2,48,0,0,159,5,164,2,3,200,7,212,156,0,156,368
07/15/2002,OPF,FL,ASO,ES,Federal Contract Tower,5,16,51,5,77,0,1,152,19,172,5,17,203,24,249,102,10,112,361
07/16/2002,OPF,FL,ASO,ES,Federal Contract Tower,0,10,40,4,54,2,6,152,18,178,2,16,192,22,232,204,18,222,454
07/17/2002,OPF,FL,ASO,ES,Federal Contract Tower,2,17,58,4,81,0,2,135,15,152,2,19,193,19,233,156,38,194,427
07/18/2002,OPF,FL,ASO,ES,Federal Contract Tower,0,9,50,1,60,0,0,141,16,157,0,9,191,17,217,152,0,152,369
07/19/2002,OPF,FL,ASO,ES,Federal Contract Tower,0,19,60,5,84,0,1,174,13,188,0,20,234,18,272,84,98,182,454
07/20/2002,OPF,FL,ASO,ES,Federal Contract Tower,0,4,41,0,45,0,1,133,8,142,0,5,174,8,187,156,0,156,343
07/21/2002,OPF,FL,ASO,ES,Federal Contract Tower,0,5,41,1,47,0,0,150,8,158,0,5,191,9,205,62,0,62,267
07/22/2002,OPF,FL,ASO,ES,Federal Contract Tower,0,10,51,2,63,0,2,152,12,166,0,12,203,14,229,76,4,80,309
07/23/2002,OPF,FL,ASO,ES,Federal Contract Tower,3,13,59,7,82,0,1,203,17,221,3,14,262,24,303,168,0,168,471
07/24/2002,OPF,FL,ASO,ES,Federal Contract Tower,0,17,46,0,63,0,0,155,16,171,0,17,201,16,234,114,1,115,349
07/25/2002,OPF,FL,ASO,ES,Federal Contract Tower,0,15,60,6,81,0,0,166,24,190,0,15,226,30,271,184,10,194,465
07/26/2002,OPF,FL,ASO,ES,Federal Contract Tower,0,11,55,7,73,0,0,209,14,223,0,11,264,21,296,167,0,167,463
07/27/2002,OPF,FL,ASO,ES,Federal Contract Tower,0,4,50,4,58,0,1,192,9,202,0,5,242,13,260,154,10,164,424
07/28/2002,OPF,FL,ASO,ES,Federal Contract Tower,0,2,33,8,43,0,0,136,9,145,0,2,169,17,188,103,0,103,291
07/29/2002,OPF,FL,ASO,ES,Federal Contract Tower,2,14,52,10,78,0,1,172,19,192,2,15,224,29,270,88,28,116,386
07/30/2002,OPF,FL,ASO,ES,Federal Contract Tower,2,19,49,8,78,0,0,169,19,188,2,19,218,27,266,266,74,340,606
07/31/2002,OPF,FL,ASO,ES,Federal Contract Tower,0,20,66,0,86,0,1,184,18,203,0,21,250,18,289,78,33,111,400
08/01/2002,OPF,FL,ASO,ES,Federal Contract Tower,0,15,87,4,106,0,0,194,15,209,0,15,281,19,315,172,80,252,567
08/02/2002,OPF,FL,ASO,ES,Federal Contract Tower,0,18,58,12,88,0,1,165,35,201,0,19,223,47,289,80,24,104,393
08/03/2002,OPF,FL,ASO,ES,Federal Contract Tower,0,0,41,3,44,0,1,173,13,187,0,1,214,16,231,104,4,108,339
08/04/2002,OPF,FL,ASO,ES,Federal Contract Tower,0,4,35,5,44,0,0,146,17,163,0,4,181,22,207,108,6,114,321
08/05/2002,OPF,FL,ASO,ES,Federal Contract Tower,0,12,43,5,60,0,2,139,5,146,0,14,182,10,206,94,0,94,300
08/06/2002,OPF,FL,ASO,ES,Federal Contract Tower,2,20,56,8,86,0,0,114,31,145,2,20,170,39,231,106,0,106,337
08/07/2002,OPF,FL,ASO,ES,Federal Contract Tower,0,12,51,7,70,0,0,130,20,150,0,12,181,27,220,94,54,148,368
08/08/2002,OPF,FL,ASO,ES,Federal Contract Tower,0,16,57,16,89,0,0,175,35,210,0,16,232,51,299,102,14,116,415
08/09/2002,OPF,FL,ASO,ES,Federal Contract Tower,0,15,59,6,80,0,0,196,21,217,0,15,255,27,297,102,14,116,413
08/10/2002,OPF,FL,ASO,ES,Federal Contract Tower,0,5,33,3,41,0,0,163,15,178,0,5,196,18,219,204,0,204,423
08/11/2002,OPF,FL,ASO,ES,Federal Contract Tower,0,3,30,3,36,0,0,135,11,146,0,3,165,14,182,121,0,121,303
08/12/2002,OPF,FL,ASO,ES,Federal Contract Tower,0,13,42,8,63,0,1,162,14,177,0,14,204,22,240,96,110,206,446
08/13/2002,OPF,FL,ASO,ES,Federal Contract Tower,3,12,46,6,67,0,0,162,18,180,3,12,208,24,247,96,12,108,355
08/14/2002,OPF,FL,ASO,ES,Federal Contract Tower,3,15,43,12,73,0,1,194,32,227,3,16,237,44,300,142,2,144,444
08/15/2002,OPF,FL,ASO,ES,Federal Contract Tower,0,17,65,3,85,0,0,172,13,185,0,17,237,16,270,74,8,82,352
08/16/2002,OPF,FL,ASO,ES,Federal Contract Tower,0,10,50,7,67,0,12,176,8,196,0,22,226,15,263,38,0,38,301
08/17/2002,OPF,FL,ASO,ES,Federal Contract Tower,0,9,32,6,47,0,1,174,8,183,0,10,206,14,230,166,2,168,398
08/18/2002,OPF,FL,ASO,ES,Federal Contract Tower,0,3,31,6,40,0,0,156,12,168,0,3,187,18,208,152,0,152,360
08/19/2002,OPF,FL,ASO,ES,Federal Contract Tower,2,10,50,7,69,0,3,144,11,158,2,13,194,18,227,82,26,108,335
08/20/2002,OPF,FL,ASO,ES,Federal Contract Tower,2,14,47,0,63,0,2,97,10,109,2,16,144,10,172,86,0,86,258
08/21/2002,OPF,FL,ASO,ES,Federal Contract Tower,0,12,52,3,67,0,0,181,18,199,0,12,233,21,266,186,0,186,452
08/22/2002,OPF,FL,ASO,ES,Federal Contract Tower,0,15,59,9,83,0,0,172,16,188,0,15,231,25,271,180,2,182,453
08/23/2002,OPF,FL,ASO,ES,Federal Contract Tower,0,20,55,1,76,0,0,202,12,214,0,20,257,13,290,114,4,118,408
08/24/2002,OPF,FL,ASO,ES,Federal Contract Tower,0,6,41,4,51,0,0,184,11,195,0,6,225,15,246,177,0,177,423
08/25/2002,OPF,FL,ASO,ES,Federal Contract Tower,0,2,30,3,35,0,1,179,6,186,0,3,209,9,221,134,0,134,355
08/26/2002,OPF,FL,ASO,ES,Federal Contract Tower,0,15,33,3,51,0,0,176,11,187,0,15,209,14,238,64,0,64,302
08/27/2002,OPF,FL,ASO,ES,Federal Contract Tower,2,18,47,6,73,0,0,105,23,128,2,18,152,29,201,66,0,66,267
08/28/2002,OPF,FL,ASO,ES,Federal Contract Tower,0,19,53,3,75,0,2,152,18,172,0,21,205,21,247,102,18,120,367
08/29/2002,OPF,FL,ASO,ES,Federal Contract Tower,0,19,53,6,78,0,0,193,15,208,0,19,246,21,286,130,6,136,422
08/30/2002,OPF,FL,ASO,ES,Federal Contract Tower,0,21,53,3,77,0,0,133,3,136,0,21,186,6,213,78,0,78,291
08/31/2002,OPF,FL,ASO,ES,Federal Contract Tower,1,3,25,2,31,0,0,186,4,190,1,3,211,6,221,166,0,166,387
09/01/2002,OPF,FL,ASO,ES,Federal Contract Tower,0,1,27,1,29,0,0,118,11,129,0,1,145,12,158,74,0,74,232
09/02/2002,OPF,FL,ASO,ES,Federal Contract Tower,0,3,45,1,49,0,0,127,12,139,0,3,172,13,188,64,0,64,252
09/03/2002,OPF,FL,ASO,ES,Federal Contract Tower,0,13,40,1,54,0,0,110,18,128,0,13,150,19,182,90,8,98,280
09/04/2002,OPF,FL,ASO,ES,Federal Contract Tower,2,20,49,8,79,0,0,149,25,174,2,20,198,33,253,108,64,172,425
09/05/2002,OPF,FL,ASO,ES,Federal Contract Tower,0,19,42,7,68,0,0,134,18,152,0,19,176,25,220,118,12,130,350
09/06/2002,OPF,FL,ASO,ES,Federal Contract Tower,0,14,51,3,68,0,1,125,24,150,0,15,176,27,218,82,0,82,300
09/07/2002,OPF,FL,ASO,ES,Federal Contract Tower,0,4,49,0,53,0,4,171,8,183,0,8,220,8,236,134,0,134,370
09/08/2002,OPF,FL,ASO,ES,Federal Contract Tower,0,2,43,2,47,0,0,116,11,127,0,2,159,13,174,96,0,96,270
09/09/2002,OPF,FL,ASO,ES,Federal Contract Tower,2,14,42,9,67,0,0,184,10,194,2,14,226,19,261,114,24,138,399
09/10/2002,OPF,FL,ASO,ES,Federal Contract Tower,0,15,58,13,86,0,0,108,25,133,0,15,166,38,219,88,12,100,319
09/11/2002,OPF,FL,ASO,ES,Federal Contract Tower,1,17,45,15,78,0,2,116,19,137,1,19,161,34,215,28,18,46,261
09/12/2002,OPF,FL,ASO,ES,Federal Contract Tower,2,15,60,3,80,0,1,127,15,143,2,16,187,18,223,70,0,70,293
09/13/2002,OPF,FL,ASO,ES,Federal Contract Tower,1,15,50,6,72,0,0,144,16,160,1,15,194,22,232,106,34,140,372
09/14/2002,OPF,FL,ASO,ES,Federal Contract Tower,0,1,37,0,38,0,0,110,18,128,0,1,147,18,166,108,2,110,276
09/15/2002,OPF,FL,ASO,ES,Federal Contract Tower,0,1,34,3,38,0,0,159,6,165,0,1,193,9,203,134,8,142,345
09/16/2002,OPF,FL,ASO,ES,Federal Contract Tower,0,13,54,4,71,0,1,167,16,184,0,14,221,20,255,48,46,94,349
09/17/2002,OPF,FL,ASO,ES,Federal Contract Tower,2,14,64,14,94,0,4,184,29,217,2,18,248,43,311,78,46,124,435
09/18/2002,OPF,FL,ASO,ES,Federal Contract Tower,0,14,49,12,75,0,2,166,24,192,0,16,215,36,267,86,0,86,353
09/19/2002,OPF,FL,ASO,ES,Federal Contract Tower,0,20,57,6,83,0,3,118,16,137,0,23,175,22,220,14,18,32,252
09/20/2002,OPF,FL,ASO,ES,Federal Contract Tower,2,18,45,0,65,0,0,136,12,148,2,18,181,12,213,28,2,30,243
09/21/2002,OPF,FL,ASO,ES,Federal Contract Tower,0,7,29,1,37,0,0,144,3,147,0,7,173,4,184,226,0,226,410
09/22/2002,OPF,FL,ASO,ES,Federal Contract Tower,0,1,21,2,24,0,0,129,10,139,0,1,150,12,163,78,0,78,241
09/23/2002,OPF,FL,ASO,ES,Federal Contract Tower,6,10,40,5,61,0,3,108,21,132,6,13,148,26,193,24,26,50,243
09/24/2002,OPF,FL,ASO,ES,Federal Contract Tower,2,17,49,8,76,0,6,160,18,184,2,23,209,26,260,74,0,74,334
09/25/2002,OPF,FL,ASO,ES,Federal Contract Tower,0,23,60,9,92,0,2,144,20,166,0,25,204,29,258,60,2,62,320
09/26/2002,OPF,FL,ASO,ES,Federal Contract Tower,0,15,50,11,76,0,2,155,16,173,0,17,205,27,249,56,28,84,333
09/27/2002,OPF,FL,ASO,ES,Federal Contract Tower,0,18,58,8,84,0,0,141,26,167,0,18,199,34,251,96,6,102,353
09/28/2002,OPF,FL,ASO,ES,Federal Contract Tower,0,3,32,2,37,0,0,131,10,141,0,3,163,12,178,158,0,158,336
09/29/2002,OPF,FL,ASO,ES,Federal Contract Tower,0,3,60,5,68,0,3,151,10,164,0,6,211,15,232,78,2,80,312
09/30/2002,OPF,FL,ASO,ES,Federal Contract Tower,2,16,35,4,57,0,0,185,10,195,2,16,220,14,252,42,58,100,352
10/01/2002,OPF,FL,ASO,ES,Federal Contract Tower,0,16,48,8,72,0,3,102,25,130,0,19,150,33,202,28,16,44,246
10/02/2002,OPF,FL,ASO,ES,Federal Contract Tower,1,19,59,3,82,0,3,157,4,164,1,22,216,7,246,74,2,76,322
10/03/2002,OPF,FL,ASO,ES,Federal Contract Tower,3,25,55,5,88,0,3,191,17,211,3,28,246,22,299,78,6,84,383
10/04/2002,OPF,FL,ASO,ES,Federal Contract Tower,0,19,52,3,74,0,0,189,18,207,0,19,241,21,281,108,16,124,405
10/05/2002,OPF,FL,ASO,ES,Federal Contract Tower,0,10,45,6,61,0,0,146,9,155,0,10,191,15,216,130,0,130,346
10/06/2002,OPF,FL,ASO,ES,Federal Contract Tower,0,6,42,0,48,0,0,175,3,178,0,6,217,3,226,146,8,154,380
10/07/2002,OPF,FL,ASO,ES,Federal Contract Tower,2,16,35,4,57,0,5,181,20,206,2,21,216,24,263,78,64,142,405
10/08/2002,OPF,FL,ASO,ES,Federal Contract Tower,3,18,71,2,94,0,1,131,27,159,3,19,202,29,253,52,4,56,309
10/09/2002,OPF,FL,ASO,ES,Federal Contract Tower,0,23,50,4,77,0,0,160,18,178,0,23,210,22,255,86,20,106,361
10/10/2002,OPF,FL,ASO,ES,Federal Contract Tower,1,17,44,4,66,0,0,178,13,191,1,17,222,17,257,96,0,96,353
10/11/2002,OPF,FL,ASO,ES,Federal Contract Tower,0,19,47,0,66,0,2,156,14,172,0,21,203,14,238,88,12,100,338
10/12/2002,OPF,FL,ASO,ES,Federal Contract Tower,0,3,36,4,43,0,2,162,4,168,0,5,198,8,211,122,0,122,333
10/13/2002,OPF,FL,ASO,ES,Federal Contract Tower,0,7,53,1,61,0,1,140,10,151,0,8,193,11,212,74,0,74,286
10/14/2002,OPF,FL,ASO,ES,Federal Contract Tower,0,4,43,2,49,0,1,161,5,167,0,5,204,7,216,166,0,166,382
10/15/2002,OPF,FL,ASO,ES,Federal Contract Tower,0,1,44,5,50,0,15,115,16,146,0,16,159,21,196,92,38,130,326
10/16/2002,OPF,FL,ASO,ES,Federal Contract Tower,2,19,31,7,59,0,1,147,7,155,2,20,178,14,214,186,0,186,400
10/17/2002,OPF,FL,ASO,ES,Federal Contract Tower,0,21,65,12,98,0,0,181,18,199,0,21,246,30,297,122,10,132,429
10/18/2002,OPF,FL,ASO,ES,Federal Contract Tower,0,26,42,13,81,0,0,142,25,167,0,26,184,38,248,110,12,122,370
10/19/2002,OPF,FL,ASO,ES,Federal Contract Tower,0,2,50,6,58,0,2,158,7,167,0,4,208,13,225,178,0,178,403
10/20/2002,OPF,FL,ASO,ES,Federal Contract Tower,0,2,35,10,47,0,0,150,3,153,0,2,185,13,200,212,8,220,420
10/21/2002,OPF,FL,ASO,ES,Federal Contract Tower,0,18,43,8,69,0,1,144,22,167,0,19,187,30,236,50,96,146,382
10/22/2002,OPF,FL,ASO,ES,Federal Contract Tower,2,15,40,4,61,0,4,142,23,169,2,19,182,27,230,148,0,148,378
10/23/2002,OPF,FL,ASO,ES,Federal Contract Tower,4,21,64,1,90,0,5,184,34,223,4,26,248,35,313,172,6,178,491
10/24/2002,OPF,FL,ASO,ES,Federal Contract Tower,0,15,64,3,82,0,0,172,14,186,0,15,236,17,268,138,0,138,406
10/25/2002,OPF,FL,ASO,ES,Federal Contract Tower,2,20,66,6,94,0,0,140,14,154,2,20,206,20,248,76,0,76,324
10/26/2002,OPF,FL,ASO,ES,Federal Contract Tower,0,3,31,2,36,0,1,159,6,166,0,4,190,8,202,144,2,146,348
10/27/2002,OPF,FL,ASO,ES,Federal Contract Tower,0,1,30,2,33,0,0,135,4,139,0,1,165,6,172,110,0,110,282
10/28/2002,OPF,FL,ASO,ES,Federal Contract Tower,0,14,60,4,78,0,2,201,10,213,0,16,261,14,291,170,0,170,461
10/29/2002,OPF,FL,ASO,ES,Federal Contract Tower,0,13,57,5,75,0,4,203,19,226,0,17,260,24,301,148,0,148,449
10/30/2002,OPF,FL,ASO,ES,Federal Contract Tower,1,19,67,6,93,1,6,151,16,174,2,25,218,22,267,238,6,244,511
10/31/2002,OPF,FL,ASO,ES,Federal Contract Tower,5,19,66,4,94,0,5,199,12,216,5,24,265,16,310,182,2,184,494
11/01/2002,OPF,FL,ASO,ES,Federal Contract Tower,0,21,82,3,106,0,0,152,15,167,0,21,234,18,273,120,28,148,421
11/02/2002,OPF,FL,ASO,ES,Federal Contract Tower,0,7,45,3,55,0,4,214,17,235,0,11,259,20,290,166,0,166,456
11/03/2002,OPF,FL,ASO,ES,Federal Contract Tower,0,5,56,3,64,0,4,185,11,200,0,9,241,14,264,114,0,114,378
11/04/2002,OPF,FL,ASO,ES,Federal Contract Tower,0,20,61,2,83,0,1,180,13,194,0,21,241,15,277,108,0,108,385
11/05/2002,OPF,FL,ASO,ES,Federal Contract Tower,2,19,72,4,97,0,0,158,13,171,2,19,230,17,268,78,2,80,348
11/06/2002,OPF,FL,ASO,ES,Federal Contract Tower,0,28,57,0,85,0,5,148,12,165,0,33,205,12,250,66,0,66,316
11/07/2002,OPF,FL,ASO,ES,Federal Contract Tower,0,15,59,2,76,0,0,171,18,189,0,15,230,20,265,160,0,160,425
11/08/2002,OPF,FL,ASO,ES,Federal Contract Tower,0,14,53,1,68,0,5,179,17,201,0,19,232,18,269,136,8,144,413
11/09/2002,OPF,FL,ASO,ES,Federal Contract Tower,0,8,35,9,52,0,1,192,14,207,0,9,227,23,259,126,18,144,403
11/10/2002,OPF,FL,ASO,ES,Federal Contract Tower,0,4,46,2,52,0,0,113,12,125,0,4,159,14,177,96,0,96,273
11/11/2002,OPF,FL,ASO,ES,Federal Contract Tower,0,4,60,5,69,0,1,164,10,175,0,5,224,15,244,76,18,94,338
11/12/2002,OPF,FL,ASO,ES,Federal Contract Tower,0,11,62,2,75,0,2,156,24,182,0,13,218,26,257,62,46,108,365
11/13/2002,OPF,FL,ASO,ES,Federal Contract Tower,3,25,85,10,123,0,0,144,18,162,3,25,229,28,285,38,42,80,365
11/14/2002,OPF,FL,ASO,ES,Federal Contract Tower,0,14,80,14,108,0,7,234,30,271,0,21,314,44,379,70,8,78,457
11/15/2002,OPF,FL,ASO,ES,Federal Contract Tower,6,22,50,7,85,7,4,196,15,222,13,26,246,22,307,154,2,156,463
11/16/2002,OPF,FL,ASO,ES,Federal Contract Tower,0,6,34,1,41,0,1,108,4,113,0,7,142,5,154,64,0,64,218
11/17/2002,OPF,FL,ASO,ES,Federal Contract Tower,0,8,44,3,55,0,0,93,9,102,0,8,137,12,157,64,2,66,223
11/18/2002,OPF,FL,ASO,ES,Federal Contract Tower,1,11,74,6,92,0,12,180,12,204,1,23,254,18,296,52,6,58,354
11/19/2002,OPF,FL,ASO,ES,Federal Contract Tower,2,20,77,2,101,0,6,198,26,230,2,26,275,28,331,80,12,92,423
11/20/2002,OPF,FL,ASO,ES,Federal Contract Tower,2,20,66,5,93,0,1,175,3,179,2,21,241,8,272,46,0,46,318
11/21/2002,OPF,FL,ASO,ES,Federal Contract Tower,0,20,61,11,92,0,0,145,16,161,0,20,206,27,253,126,52,178,431
11/22/2002,OPF,FL,ASO,ES,Federal Contract Tower,0,24,57,6,87,0,3,186,26,215,0,27,243,32,302,74,0,74,376
11/23/2002,OPF,FL,ASO,ES,Federal Contract Tower,0,3,45,4,52,0,1,199,12,212,0,4,244,16,264,88,12,100,364
11/24/2002,OPF,FL,ASO,ES,Federal Contract Tower,0,6,46,6,58,0,2,178,4,184,0,8,224,10,242,192,14,206,448
11/25/2002,OPF,FL,ASO,ES,Federal Contract Tower,0,14,51,3,68,0,5,164,16,185,0,19,215,19,253,44,44,88,341
11/26/2002,OPF,FL,ASO,ES,Federal Contract Tower,0,20,72,13,105,0,3,185,25,213,0,23,257,38,318,51,32,83,401
11/27/2002,OPF,FL,ASO,ES,Federal Contract Tower,0,33,65,6,104,0,3,194,16,213,0,36,259,22,317,94,30,124,441
11/28/2002,OPF,FL,ASO,ES,Federal Contract Tower,0,5,16,3,24,0,0,130,4,134,0,5,146,7,158,116,0,116,274
11/29/2002,OPF,FL,ASO,ES,Federal Contract Tower,0,19,57,2,78,0,0,137,10,147,0,19,194,12,225,160,38,198,423
11/30/2002,OPF,FL,ASO,ES,Federal Contract Tower,0,7,42,2,51,0,0,137,9,146,0,7,179,11,197,156,14,170,367
12/01/2002,OPF,FL,ASO,ES,Federal Contract Tower,0,10,59,6,75,0,0,178,6,184,0,10,237,12,259,151,0,151,410
12/02/2002,OPF,FL,ASO,ES,Federal Contract Tower,2,15,47,7,71,0,7,129,16,152,2,22,176,23,223,128,20,148,371
12/03/2002,OPF,FL,ASO,ES,Federal Contract Tower,4,19,60,3,86,0,3,175,29,207,4,22,235,32,293,178,58,236,529
12/04/2002,OPF,FL,ASO,ES,Federal Contract Tower,0,27,53,7,87,0,3,173,31,207,0,30,226,38,294,64,42,106,400
12/05/2002,OPF,FL,ASO,ES,Federal Contract Tower,0,43,62,16,121,0,4,161,24,189,0,47,223,40,310,114,26,140,450
12/06/2002,OPF,FL,ASO,ES,Federal Contract Tower,0,25,67,14,106,0,1,101,26,128,0,26,168,40,234,130,78,208,442
12/07/2002,OPF,FL,ASO,ES,Federal Contract Tower,0,6,60,2,68,0,0,141,13,154,0,6,201,15,222,116,0,116,338
12/08/2002,OPF,FL,ASO,ES,Federal Contract Tower,0,5,57,10,72,0,0,115,9,124,0,5,172,19,196,68,4,72,268
12/09/2002,OPF,FL,ASO,ES,Federal Contract Tower,2,20,61,9,92,0,0,80,16,96,2,20,141,25,188,36,28,64,252
12/10/2002,OPF,FL,ASO,ES,Federal Contract Tower,2,19,63,16,100,0,0,97,26,123,2,19,160,42,223,24,36,60,283
12/11/2002,OPF,FL,ASO,ES,Federal Contract Tower,1,25,59,10,95,0,1,154,14,169,1,26,213,24,264,220,18,238,502
12/12/2002,OPF,FL,ASO,ES,Federal Contract Tower,0,14,60,4,78,0,0,125,27,152,0,14,185,31,230,134,16,150,380
12/13/2002,OPF,FL,ASO,ES,Federal Contract Tower,0,16,46,2,64,0,0,101,11,112,0,16,147,13,176,16,2,18,194
12/14/2002,OPF,FL,ASO,ES,Federal Contract Tower,0,3,50,4,57,0,0,138,7,145,0,3,188,11,202,114,0,114,316
12/15/2002,OPF,FL,ASO,ES,Federal Contract Tower,0,5,58,4,67,0,0,130,9,139,0,5,188,13,206,138,0,138,344
12/16/2002,OPF,FL,ASO,ES,Federal Contract Tower,1,16,56,5,78,2,9,163,23,197,3,25,219,28,275,76,22,98,373
12/17/2002,OPF,FL,ASO,ES,Federal Contract Tower,12,18,75,6,111,0,6,174,32,212,12,24,249,38,323,104,50,154,477
12/18/2002,OPF,FL,ASO,ES,Federal Contract Tower,3,23,90,10,126,0,6,179,9,194,3,29,269,19,320,110,0,110,430
12/19/2002,OPF,FL,ASO,ES,Federal Contract Tower,4,21,66,11,102,0,0,173,29,202,4,21,239,40,304,40,22,62,366
12/20/2002,OPF,FL,ASO,ES,Federal Contract Tower,1,20,54,2,77,0,0,108,20,128,1,20,162,22,205,22,46,68,273
12/21/2002,OPF,FL,ASO,ES,Federal Contract Tower,0,14,56,4,74,0,0,184,11,195,0,14,240,15,269,158,44,202,471
12/22/2002,OPF,FL,ASO,ES,Federal Contract Tower,0,6,59,2,67,0,0,148,9,157,0,6,207,11,224,190,0,190,414
12/23/2002,OPF,FL,ASO,ES,Federal Contract Tower,0,12,46,7,65,0,6,119,13,138,0,18,165,20,203,82,0,82,285
12/24/2002,OPF,FL,ASO,ES,Federal Contract Tower,1,17,37,0,55,0,0,81,9,90,1,17,118,9,145,54,0,54,199
12/25/2002,OPF,FL,ASO,ES,Federal Contract Tower,0,2,12,0,14,0,0,33,3,36,0,2,45,3,50,36,0,36,86
12/26/2002,OPF,FL,ASO,ES,Federal Contract Tower,1,8,41,3,53,0,1,161,8,170,1,9,202,11,223,74,2,76,299
12/27/2002,OPF,FL,ASO,ES,Federal Contract Tower,0,25,61,3,89,0,0,173,9,182,0,25,234,12,271,90,8,98,369
12/28/2002,OPF,FL,ASO,ES,Federal Contract Tower,0,8,59,0,67,0,0,131,15,146,0,8,190,15,213,64,28,92,305
12/29/2002,OPF,FL,ASO,ES,Federal Contract Tower,0,5,48,1,54,0,0,156,13,169,0,5,204,14,223,84,0,84,307
12/30/2002,OPF,FL,ASO,ES,Federal Contract Tower,0,19,44,7,70,0,3,132,8,143,0,22,176,15,213,48,38,86,299
12/31/2002,OPF,FL,ASO,ES,Federal Contract Tower,0,17,35,2,54,0,0,88,19,107,0,17,123,21,161,26,8,34,195
01/01/2003,OPF,FL,ASO,ES,Federal Contract Tower,0,3,33,0,36,0,2,50,12,64,0,5,83,12,100,4,0,4,104
01/02/2003,OPF,FL,ASO,ES,Federal Contract Tower,0,13,60,4,77,0,1,118,15,134,0,14,178,19,211,44,14,58,269
01/03/2003,OPF,FL,ASO,ES,Federal Contract Tower,0,15,67,4,86,0,3,80,8,91,0,18,147,12,177,44,26,70,247
01/04/2003,OPF,FL,ASO,ES,Federal Contract Tower,0,3,80,2,85,0,4,184,10,198,0,7,264,12,283,96,20,116,399
01/05/2003,OPF,FL,ASO,ES,Federal Contract Tower,0,5,65,6,76,0,0,159,11,170,0,5,224,17,246,90,20,110,356
01/06/2003,OPF,FL,ASO,ES,Federal Contract Tower,0,18,63,0,81,0,5,150,8,163,0,23,213,8,244,32,0,32,276
01/07/2003,OPF,FL,ASO,ES,Federal Contract Tower,2,15,56,11,84,0,0,137,16,153,2,15,193,27,237,90,8,98,335
01/08/2003,OPF,FL,ASO,ES,Federal Contract Tower,0,22,54,7,83,0,0,153,18,171,0,22,207,25,254,144,28,172,426
01/09/2003,OPF,FL,ASO,ES,Federal Contract Tower,0,15,73,5,93,0,2,134,18,154,0,17,207,23,247,132,84,216,463
01/10/2003,OPF,FL,ASO,ES,Federal Contract Tower,1,17,90,6,114,0,0,190,16,206,1,17,280,22,320,114,4,118,438
01/11/2003,OPF,FL,ASO,ES,Federal Contract Tower,0,0,77,4,81,0,0,189,11,200,0,0,266,15,281,152,2,154,435
01/12/2003,OPF,FL,ASO,ES,Federal Contract Tower,0,4,62,6,72,0,0,143,9,152,0,4,205,15,224,72,8,80,304
01/13/2003,OPF,FL,ASO,ES,Federal Contract Tower,2,12,61,5,80,0,0,156,17,173,2,12,217,22,253,178,40,218,471
01/14/2003,OPF,FL,ASO,ES,Federal Contract Tower,0,14,63,7,84,0,0,125,24,149,0,14,188,31,233,104,72,176,409
01/15/2003,OPF,FL,ASO,ES,Federal Contract Tower,2,20,75,6,103,0,7,159,12,178,2,27,234,18,281,250,56,306,587
01/16/2003,OPF,FL,ASO,ES,Federal Contract Tower,1,12,78,11,102,0,0,154,12,166,1,12,232,23,268,190,44,234,502
01/17/2003,OPF,FL,ASO,ES,Federal Contract Tower,2,22,59,2,85,1,2,155,20,178,3,24,214,22,263,90,38,128,391
01/18/2003,OPF,FL,ASO,ES,Federal Contract Tower,0,2,51,27,80,0,0,126,15,141,0,2,177,42,221,144,26,170,391
01/19/2003,OPF,FL,ASO,ES,Federal Contract Tower,0,5,51,9,65,0,1,108,5,114,0,6,159,14,179,46,30,76,255
01/20/2003,OPF,FL,ASO,ES,Federal Contract Tower,1,16,64,5,86,0,4,207,9,220,1,20,271,14,306,160,2,162,468
01/21/2003,OPF,FL,ASO,ES,Federal Contract Tower,0,12,74,3,89,0,1,143,15,159,0,13,217,18,248,172,118,290,538
01/22/2003,OPF,FL,ASO,ES,Federal Contract Tower,2,18,61,8,89,0,0,188,20,208,2,18,249,28,297,220,100,320,617
01/23/2003,OPF,FL,ASO,ES,Federal Contract Tower,0,17,69,9,95,0,0,162,32,194,0,17,231,41,289,86,52,138,427
01/24/2003,OPF,FL,ASO,ES,Federal Contract Tower,1,23,59,10,93,0,1,130,19,150,1,24,189,29,243,70,76,146,389
01/25/2003,OPF,FL,ASO,ES,Federal Contract Tower,0,5,69,5,79,0,1,189,10,200,0,6,258,15,279,168,18,186,465
01/26/2003,OPF,FL,ASO,ES,Federal Contract Tower,1,1,38,7,47,0,0,86,12,98,1,1,124,19,145,54,22,76,221
01/27/2003,OPF,FL,ASO,ES,Federal Contract Tower,3,27,63,4,97,0,4,213,20,237,3,31,276,24,334,116,80,196,530
01/28/2003,OPF,FL,ASO,ES,Federal Contract Tower,3,23,65,9,100,0,0,180,16,196,3,23,245,25,296,162,66,228,524
01/29/2003,OPF,FL,ASO,ES,Federal Contract Tower,3,15,63,7,88,0,2,139,13,154,3,17,202,20,242,228,64,292,534
01/30/2003,OPF,FL,ASO,ES,Federal Contract Tower,3,20,69,13,105,0,4,201,21,226,3,24,270,34,331,234,70,304,635
01/31/2003,OPF,FL,ASO,ES,Federal Contract Tower,1,21,65,4,91,0,2,274,21,297,1,23,339,25,388,162,80,242,630
02/01/2003,OPF,FL,ASO,ES,Federal Contract Tower,0,0,47,13,60,0,1,198,20,219,0,1,245,33,279,192,0,192,471
02/02/2003,OPF,FL,ASO,ES,Federal Contract Tower,0,2,36,3,41,0,0,129,11,140,0,2,165,14,181,106,0,106,287
02/03/2003,OPF,FL,ASO,ES,Federal Contract Tower,0,25,59,6,90,0,1,165,17,183,0,26,224,23,273,212,10,222,495
02/04/2003,OPF,FL,ASO,ES,Federal Contract Tower,1,23,67,5,96,0,2,127,10,139,1,25,194,15,235,158,0,158,393
02/05/2003,OPF,FL,ASO,ES,Federal Contract Tower,3,18,111,8,140,0,2,91,10,103,3,20,202,18,243,106,28,134,377
02/06/2003,OPF,FL,ASO,ES,Federal Contract Tower,0,19,104,8,131,0,0,208,13,221,0,19,312,21,352,160,8,168,520
02/07/2003,OPF,FL,ASO,ES,Federal Contract Tower,2,15,76,7,100,0,6,176,14,196,2,21,252,21,296,174,2,176,472
02/08/2003,OPF,FL,ASO,ES,Federal Contract Tower,0,8,63,8,79,0,0,176,6,182,0,8,239,14,261,248,8,256,517
02/09/2003,OPF,FL,ASO,ES,Federal Contract Tower,0,1,62,5,68,0,0,125,8,133,0,1,187,13,201,164,60,224,425
02/10/2003,OPF,FL,ASO,ES,Federal Contract Tower,3,10,73,6,92,0,2,172,8,182,3,12,245,14,274,188,0,188,462
02/11/2003,OPF,FL,ASO,ES,Federal Contract Tower,1,16,68,4,89,0,0,157,16,173,1,16,225,20,262,142,28,170,432
02/12/2003,OPF,FL,ASO,ES,Federal Contract Tower,3,19,94,5,121,0,4,178,15,197,3,23,272,20,318,188,70,258,576
02/13/2003,OPF,FL,ASO,ES,Federal Contract Tower,1,19,140,5,165,0,3,228,12,243,1,22,368,17,408,172,0,172,580
02/14/2003,OPF,FL,ASO,ES,Federal Contract Tower,0,23,147,3,173,0,3,285,15,303,0,26,432,18,476,184,8,192,668
02/15/2003,OPF,FL,ASO,ES,Federal Contract Tower,1,8,86,1,96,0,3,196,5,204,1,11,282,6,300,128,4,132,432
02/16/2003,OPF,FL,ASO,ES,Federal Contract Tower,0,9,98,9,116,0,2,138,8,148,0,11,236,17,264,118,0,118,382
02/17/2003,OPF,FL,ASO,ES,Federal Contract Tower,1,3,92,7,103,0,0,141,4,145,1,3,233,11,248,104,0,104,352
02/18/2003,OPF,FL,ASO,ES,Federal Contract Tower,2,13,102,3,120,0,1,153,10,164,2,14,255,13,284,138,0,138,422
02/19/2003,OPF,FL,ASO,ES,Federal Contract Tower,3,21,74,1,99,0,0,164,20,184,3,21,238,21,283,102,40,142,425
02/20/2003,OPF,FL,ASO,ES,Federal Contract Tower,3,24,83,6,116,0,0,154,19,173,3,24,237,25,289,104,0,104,393
02/21/2003,OPF,FL,ASO,ES,Federal Contract Tower,3,15,65,5,88,0,0,205,14,219,3,15,270,19,307,190,0,190,497
02/22/2003,OPF,FL,ASO,ES,Federal Contract Tower,0,2,49,3,54,0,1,162,6,169,0,3,211,9,223,150,28,178,401
02/23/2003,OPF,FL,ASO,ES,Federal Contract Tower,0,3,50,6,59,0,0,109,8,117,0,3,159,14,176,108,14,122,298
02/24/2003,OPF,FL,ASO,ES,Federal Contract Tower,3,15,77,11,106,0,0,154,18,172,3,15,231,29,278,120,4,124,402
02/25/2003,OPF,FL,ASO,ES,Federal Contract Tower,4,11,64,2,81,0,0,117,14,131,4,11,181,16,212,134,0,134,346
02/26/2003,OPF,FL,ASO,ES,Federal Contract Tower,1,21,80,13,115,0,5,147,17,169,1,26,227,30,284,112,4,116,400
02/27/2003,OPF,FL,ASO,ES,Federal Contract Tower,1,10,122,14,147,0,1,198,24,223,1,11,320,38,370,130,34,164,534
02/28/2003,OPF,FL,ASO,ES,Federal Contract Tower,3,14,90,12,119,0,4,179,10,193,3,18,269,22,312,130,44,174,486
03/01/2003,OPF,FL,ASO,ES,Federal Contract Tower,0,4,40,10,54,0,0,173,13,186,0,4,213,23,240,230,34,264,504
03/02/2003,OPF,FL,ASO,ES,Federal Contract Tower,0,5,79,5,89,0,0,114,15,129,0,5,193,20,218,104,14,118,336
03/03/2003,OPF,FL,ASO,ES,Federal Contract Tower,2,16,61,3,82,0,0,149,12,161,2,16,210,15,243,154,14,168,411
03/04/2003,OPF,FL,ASO,ES,Federal Contract Tower,1,16,65,3,85,0,0,186,17,203,1,16,251,20,288,80,0,80,368
03/05/2003,OPF,FL,ASO,ES,Federal Contract Tower,1,18,89,0,108,0,0,147,19,166,1,18,236,19,274,150,54,204,478
03/06/2003,OPF,FL,ASO,ES,Federal Contract Tower,2,28,61,8,99,0,3,238,25,266,2,31,299,33,365,184,0,184,549
03/07/2003,OPF,FL,ASO,ES,Federal Contract Tower,0,19,72,5,96,0,2,202,15,219,0,21,274,20,315,170,0,170,485
03/08/2003,OPF,FL,ASO,ES,Federal Contract Tower,0,5,63,4,72,0,0,161,10,171,0,5,224,14,243,148,0,148,391
03/09/2003,OPF,FL,ASO,ES,Federal Contract Tower,0,4,74,3,81,0,0,185,10,195,0,4,259,13,276,98,0,98,374
03/10/2003,OPF,FL,ASO,ES,Federal Contract Tower,2,13,67,8,90,0,1,79,13,93,2,14,146,21,183,152,30,182,365
03/11/2003,OPF,FL,ASO,ES,Federal Contract Tower,4,18,70,10,102,0,3,172,29,204,4,21,242,39,306,202,18,220,526
03/12/2003,OPF,FL,ASO,ES,Federal Contract Tower,1,14,72,3,90,0,1,203,14,218,1,15,275,17,308,196,52,248,556
03/13/2003,OPF,FL,ASO,ES,Federal Contract Tower,1,13,66,11,91,0,0,243,17,260,1,13,309,28,351,210,14,224,575
03/14/2003,OPF,FL,ASO,ES,Federal Contract Tower,0,15,79,8,102,0,0,231,16,247,0,15,310,24,349,122,28,150,499
03/15/2003,OPF,FL,ASO,ES,Federal Contract Tower,0,6,54,2,62,0,1,154,6,161,0,7,208,8,223,74,0,74,297
03/16/2003,OPF,FL,ASO,ES,Federal Contract Tower,0,9,47,2,58,0,2,128,3,133,0,11,175,5,191,119,0,119,310
03/17/2003,OPF,FL,ASO,ES,Federal Contract Tower,2,9,57,2,70,0,1,114,17,132,2,10,171,19,202,68,36,104,306
03/18/2003,OPF,FL,ASO,ES,Federal Contract Tower,4,11,70,5,90,0,2,163,34,199,4,13,233,39,289,174,10,184,473
03/19/2003,OPF,FL,ASO,ES,Federal Contract Tower,0,14,107,2,123,0,0,189,18,207,0,14,296,20,330,126,12,138,468
03/20/2003,OPF,FL,ASO,ES,Federal Contract Tower,3,16,63,5,87,0,1,214,19,234,3,17,277,24,321,152,94,246,567
03/21/2003,OPF,FL,ASO,ES,Federal Contract Tower,2,12,86,5,105,0,3,190,16,209,2,15,276,21,314,92,16,108,422
03/22/2003,OPF,FL,ASO,ES,Federal Contract Tower,0,6,58,2,66,0,0,184,9,193,0,6,242,11,259,280,2,282,541
03/23/2003,OPF,FL,ASO,ES,Federal Contract Tower,0,5,57,0,62,0,0,126,9,135,0,5,183,9,197,152,8,160,357
03/24/2003,OPF,FL,ASO,ES,Federal Contract Tower,2,14,77,6,99,0,0,159,13,172,2,14,236,19,271,132,2,134,405
03/25/2003,OPF,FL,ASO,ES,Federal Contract Tower,4,14,78,6,102,0,2,155,18,175,4,16,233,24,277,188,20,208,485
03/26/2003,OPF,FL,ASO,ES,Federal Contract Tower,3,15,60,2,80,0,0,205,19,224,3,15,265,21,304,190,4,194,498
03/27/2003,OPF,FL,ASO,ES,Federal Contract Tower,2,15,53,2,72,0,0,102,20,122,2,15,155,22,194,74,4,78,272
03/28/2003,OPF,FL,ASO,ES,Federal Contract Tower,1,17,74,5,97,0,0,199,5,204,1,17,273,10,301,204,0,204,505
03/29/2003,OPF,FL,ASO,ES,Federal Contract Tower,0,5,64,6,75,0,1,257,8,266,0,6,321,14,341,186,36,222,563
03/30/2003,OPF,FL,ASO,ES,Federal Contract Tower,0,8,59,1,68,0,0,138,13,151,0,8,197,14,219,132,0,132,351
03/31/2003,OPF,FL,ASO,ES,Federal Contract Tower,2,9,67,3,81,0,0,172,24,196,2,9,239,27,277,36,0,36,313
04/01/2003,OPF,FL,ASO,ES,Federal Contract Tower,2,28,60,7,97,0,4,151,18,173,2,32,211,25,270,84,0,84,354
04/02/2003,OPF,FL,ASO,ES,Federal Contract Tower,1,19,59,5,84,0,0,199,14,213,1,19,258,19,297,148,44,192,489
04/03/2003,OPF,FL,ASO,ES,Federal Contract Tower,0,19,61,6,86,0,0,194,13,207,0,19,255,19,293,82,40,122,415
04/04/2003,OPF,FL,ASO,ES,Federal Contract Tower,0,16,63,7,86,0,0,208,10,218,0,16,271,17,304,198,4,202,506
04/05/2003,OPF,FL,ASO,ES,Federal Contract Tower,0,2,50,9,61,0,1,174,8,183,0,3,224,17,244,204,8,212,456
04/06/2003,OPF,FL,ASO,ES,Federal Contract Tower,0,3,47,6,56,0,0,156,11,167,0,3,203,17,223,124,0,124,347
04/07/2003,OPF,FL,ASO,ES,Federal Contract Tower,0,12,59,9,80,0,0,147,20,167,0,12,206,29,247,142,4,146,393
04/08/2003,OPF,FL,ASO,ES,Federal Contract Tower,2,18,52,3,75,0,1,122,17,140,2,19,174,20,215,136,14,150,365
04/09/2003,OPF,FL,ASO,ES,Federal Contract Tower,0,14,62,2,78,0,1,115,16,132,0,15,177,18,210,94,69,163,373
04/10/2003,OPF,FL,ASO,ES,Federal Contract Tower,2,15,107,9,133,0,2,188,26,216,2,17,295,35,349,118,18,136,485
04/11/2003,OPF,FL,ASO,ES,Federal Contract Tower,1,25,75,9,110,0,0,202,15,217,1,25,277,24,327,128,0,128,455
04/12/2003,OPF,FL,ASO,ES,Federal Contract Tower,2,5,49,1,57,0,1,197,6,204,2,6,246,7,261,239,0,239,500
04/13/2003,OPF,FL,ASO,ES,Federal Contract Tower,0,4,37,6,47,0,0,165,6,171,0,4,202,12,218,106,0,106,324
04/14/2003,OPF,FL,ASO,ES,Federal Contract Tower,2,17,70,6,95,0,0,164,16,180,2,17,234,22,275,130,28,158,433
04/15/2003,OPF,FL,ASO,ES,Federal Contract Tower,2,12,57,5,76,0,1,166,25,192,2,13,223,30,268,94,6,100,368
04/16/2003,OPF,FL,ASO,ES,Federal Contract Tower,0,21,72,0,93,0,1,209,18,228,0,22,281,18,321,156,0,156,477
04/17/2003,OPF,FL,ASO,ES,Federal Contract Tower,0,22,67,5,94,0,0,224,13,237,0,22,291,18,331,97,4,101,432
04/18/2003,OPF,FL,ASO,ES,Federal Contract Tower,0,14,55,4,73,2,1,216,9,228,2,15,271,13,301,189,2,191,492
04/19/2003,OPF,FL,ASO,ES,Federal Contract Tower,0,3,31,2,36,0,0,148,7,155,0,3,179,9,191,174,0,174,365
04/20/2003,OPF,FL,ASO,ES,Federal Contract Tower,0,6,35,4,45,0,0,129,7,136,0,6,164,11,181,68,4,72,253
04/21/2003,OPF,FL,ASO,ES,Federal Contract Tower,2,23,60,10,95,0,6,196,25,227,2,29,256,35,322,104,11,115,437
04/22/2003,OPF,FL,ASO,ES,Federal Contract Tower,2,15,78,1,96,0,2,193,24,219,2,17,271,25,315,150,3,153,468
04/23/2003,OPF,FL,ASO,ES,Federal Contract Tower,3,19,76,7,105,0,1,201,10,212,3,20,277,17,317,192,6,198,515
04/24/2003,OPF,FL,ASO,ES,Federal Contract Tower,1,23,61,8,93,0,0,186,12,198,1,23,247,20,291,166,2,168,459
04/25/2003,OPF,FL,ASO,ES,Federal Contract Tower,0,18,72,0,90,0,0,216,11,227,0,18,288,11,317,112,0,112,429
04/26/2003,OPF,FL,ASO,ES,Federal Contract Tower,0,1,28,1,30,0,0,10,6,16,0,1,38,7,46,0,0,0,46
04/27/2003,OPF,FL,ASO,ES,Federal Contract Tower,0,2,74,1,77,0,0,99,8,107,0,2,173,9,184,98,0,98,282
04/28/2003,OPF,FL,ASO,ES,Federal Contract Tower,2,18,61,5,86,1,0,133,22,156,3,18,194,27,242,53,4,57,299
04/29/2003,OPF,FL,ASO,ES,Federal Contract Tower,2,13,67,4,86,0,0,155,27,182,2,13,222,31,268,130,6,136,404
04/30/2003,OPF,FL,ASO,ES,Federal Contract Tower,0,21,49,5,75,0,0,46,3,49,0,21,95,8,124,20,0,20,144
05/01/2003,OPF,FL,ASO,ES,Federal Contract Tower,1,13,58,4,76,0,0,176,18,194,1,13,234,22,270,74,0,74,344
05/02/2003,OPF,FL,ASO,ES,Federal Contract Tower,1,14,78,4,97,0,0,210,23,233,1,14,288,27,330,157,0,157,487
05/03/2003,OPF,FL,ASO,ES,Federal Contract Tower,0,4,51,2,57,0,1,144,12,157,0,5,195,14,214,120,0,120,334
05/04/2003,OPF,FL,ASO,ES,Federal Contract Tower,0,4,41,5,50,0,0,176,9,185,0,4,217,14,235,176,6,182,417
05/05/2003,OPF,FL,ASO,ES,Federal Contract Tower,0,8,58,2,68,0,0,165,17,182,0,8,223,19,250,62,27,89,339
05/06/2003,OPF,FL,ASO,ES,Federal Contract Tower,2,21,53,3,79,0,1,169,13,183,2,22,222,16,262,145,60,205,467
05/07/2003,OPF,FL,ASO,ES,Federal Contract Tower,2,13,69,5,89,0,1,163,10,174,2,14,232,15,263,190,0,190,453
05/08/2003,OPF,FL,ASO,ES,Federal Contract Tower,2,12,60,9,83,0,0,188,13,201,2,12,248,22,284,142,0,142,426
05/09/2003,OPF,FL,ASO,ES,Federal Contract Tower,1,22,48,4,75,0,0,170,11,181,1,22,218,15,256,204,26,230,486
05/10/2003,OPF,FL,ASO,ES,Federal Contract Tower,0,6,41,0,47,0,1,157,1,159,0,7,198,1,206,58,0,58,264
05/11/2003,OPF,FL,ASO,ES,Federal Contract Tower,1,1,36,2,40,0,1,117,9,127,1,2,153,11,167,94,0,94,261
05/12/2003,OPF,FL,ASO,ES,Federal Contract Tower,0,8,38,11,57,0,0,180,27,207,0,8,218,38,264,201,26,227,491
05/13/2003,OPF,FL,ASO,ES,Federal Contract Tower,4,12,47,3,66,0,0,186,11,197,4,12,233,14,263,94,39,133,396
05/14/2003,OPF,FL,ASO,ES,Federal Contract Tower,0,13,57,2,72,0,0,158,15,173,0,13,215,17,245,208,38,246,491
05/15/2003,OPF,FL,ASO,ES,Federal Contract Tower,0,14,67,5,86,0,0,209,20,229,0,14,276,25,315,70,46,116,431
05/16/2003,OPF,FL,ASO,ES,Federal Contract Tower,0,16,54,4,74,0,1,188,13,202,0,17,242,17,276,100,46,146,422
05/17/2003,OPF,FL,ASO,ES,Federal Contract Tower,2,2,42,2,48,0,1,191,10,202,2,3,233,12,250,118,0,118,368
05/18/2003,OPF,FL,ASO,ES,Federal Contract Tower,0,5,50,2,57,1,0,148,10,159,1,5,198,12,216,108,18,126,342
05/19/2003,OPF,FL,ASO,ES,Federal Contract Tower,1,10,52,6,69,0,0,132,17,149,1,10,184,23,218,115,2,117,335
05/20/2003,OPF,FL,ASO,ES,Federal Contract Tower,2,28,50,5,85,0,0,167,13,180,2,28,217,18,265,126,18,144,409
05/21/2003,OPF,FL,ASO,ES,Federal Contract Tower,0,17,52,3,72,0,0,189,6,195,0,17,241,9,267,102,80,182,449
05/22/2003,OPF,FL,ASO,ES,Federal Contract Tower,0,13,61,12,86,0,0,104,24,128,0,13,165,36,214,28,24,52,266
05/23/2003,OPF,FL,ASO,ES,Federal Contract Tower,0,19,62,5,86,0,0,137,8,145,0,19,199,13,231,40,30,70,301
05/24/2003,OPF,FL,ASO,ES,Federal Contract Tower,0,5,54,1,60,0,1,161,4,166,0,6,215,5,226,176,0,176,402
05/25/2003,OPF,FL,ASO,ES,Federal Contract Tower,0,5,34,10,49,0,0,144,16,160,0,5,178,26,209,76,6,82,291
05/26/2003,OPF,FL,ASO,ES,Federal Contract Tower,0,11,64,2,77,0,0,212,8,220,0,11,276,10,297,152,2,154,451
05/27/2003,OPF,FL,ASO,ES,Federal Contract Tower,0,13,73,5,91,0,0,129,16,145,0,13,202,21,236,39,20,59,295
05/28/2003,OPF,FL,ASO,ES,Federal Contract Tower,1,14,54,6,75,0,0,76,12,88,1,14,130,18,163,98,18,116,279
05/29/2003,OPF,FL,ASO,ES,Federal Contract Tower,2,20,80,9,111,0,0,124,11,135,2,20,204,20,246,50,0,50,296
05/30/2003,OPF,FL,ASO,ES,Federal Contract Tower,2,28,81,5,116,0,1,199,10,210,2,29,280,15,326,208,10,218,544
05/31/2003,OPF,FL,ASO,ES,Federal Contract Tower,0,5,50,0,55,0,0,162,4,166,0,5,212,4,221,147,0,147,368
06/01/2003,OPF,FL,ASO,ES,Federal Contract Tower,0,5,38,4,47,0,2,115,3,120,0,7,153,7,167,76,0,76,243
06/02/2003,OPF,FL,ASO,ES,Federal Contract Tower,0,10,47,8,65,0,0,162,24,186,0,10,209,32,251,174,6,180,431
06/03/2003,OPF,FL,ASO,ES,Federal Contract Tower,0,11,64,10,85,0,0,126,19,145,0,11,190,29,230,132,0,132,362
06/04/2003,OPF,FL,ASO,ES,Federal Contract Tower,0,13,71,3,87,0,0,122,14,136,0,13,193,17,223,88,6,94,317
06/05/2003,OPF,FL,ASO,ES,Federal Contract Tower,1,16,47,4,68,0,0,151,16,167,1,16,198,20,235,128,0,128,363
06/06/2003,OPF,FL,ASO,ES,Federal Contract Tower,1,10,57,5,73,0,1,134,14,149,1,11,191,19,222,168,6,174,396
06/07/2003,OPF,FL,ASO,ES,Federal Contract Tower,0,4,39,0,43,0,0,109,3,112,0,4,148,3,155,166,2,168,323
06/08/2003,OPF,FL,ASO,ES,Federal Contract Tower,0,3,46,2,51,0,1,160,6,167,0,4,206,8,218,148,0,148,366
06/09/2003,OPF,FL,ASO,ES,Federal Contract Tower,0,8,46,8,62,0,0,91,16,107,0,8,137,24,169,78,0,78,247
06/10/2003,OPF,FL,ASO,ES,Federal Contract Tower,2,16,63,4,85,0,0,136,18,154,2,16,199,22,239,108,22,130,369
06/11/2003,OPF,FL,ASO,ES,Federal Contract Tower,0,14,62,7,83,0,1,132,11,144,0,15,194,18,227,128,4,132,359
06/12/2003,OPF,FL,ASO,ES,Federal Contract Tower,2,18,80,5,105,0,0,202,16,218,2,18,282,21,323,118,2,120,443
06/13/2003,OPF,FL,ASO,ES,Federal Contract Tower,0,20,59,6,85,0,0,182,22,204,0,20,241,28,289,154,68,222,511
06/14/2003,OPF,FL,ASO,ES,Federal Contract Tower,1,1,34,3,39,0,0,117,6,123,1,1,151,9,162,159,2,161,323
06/15/2003,OPF,FL,ASO,ES,Federal Contract Tower,0,1,20,3,24,0,1,73,9,83,0,2,93,12,107,28,0,28,135
06/16/2003,OPF,FL,ASO,ES,Federal Contract Tower,2,13,54,3,72,0,0,126,13,139,2,13,180,16,211,175,26,201,412
06/17/2003,OPF,FL,ASO,ES,Federal Contract Tower,0,14,40,1,55,0,1,157,20,178,0,15,197,21,233,82,0,82,315
06/18/2003,OPF,FL,ASO,ES,Federal Contract Tower,2,10,61,0,73,0,0,163,9,172,2,10,224,9,245,110,2,112,357
06/19/2003,OPF,FL,ASO,ES,Federal Contract Tower,0,14,64,4,82,0,0,110,9,119,0,14,174,13,201,70,0,70,271
06/20/2003,OPF,FL,ASO,ES,Federal Contract Tower,2,10,48,5,65,0,0,153,8,161,2,10,201,13,226,96,4,100,326
06/21/2003,OPF,FL,ASO,ES,Federal Contract Tower,0,5,38,2,45,0,0,159,7,166,0,5,197,9,211,172,0,172,383
06/22/2003,OPF,FL,ASO,ES,Federal Contract Tower,0,1,38,8,47,0,0,77,6,83,0,1,115,14,130,84,0,84,214
06/23/2003,OPF,FL,ASO,ES,Federal Contract Tower,0,9,46,4,59,0,0,92,8,100,0,9,138,12,159,18,40,58,217
06/24/2003,OPF,FL,ASO,ES,Federal Contract Tower,2,16,51,2,71,0,0,128,23,151,2,16,179,25,222,116,14,130,352
06/25/2003,OPF,FL,ASO,ES,Federal Contract Tower,0,15,70,3,88,0,0,165,12,177,0,15,235,15,265,102,14,116,381
06/26/2003,OPF,FL,ASO,ES,Federal Contract Tower,0,18,57,7,82,0,0,186,23,209,0,18,243,30,291,88,12,100,391
06/27/2003,OPF,FL,ASO,ES,Federal Contract Tower,1,15,58,2,76,0,0,172,18,190,1,15,230,20,266,185,0,185,451
06/28/2003,OPF,FL,ASO,ES,Federal Contract Tower,0,7,38,1,46,0,0,143,8,151,0,7,181,9,197,108,30,138,335
06/29/2003,OPF,FL,ASO,ES,Federal Contract Tower,0,4,38,0,42,0,0,129,11,140,0,4,167,11,182,77,44,121,303
06/30/2003,OPF,FL,ASO,ES,Federal Contract Tower,0,8,34,4,46,0,0,84,17,101,0,8,118,21,147,46,2,48,195
07/01/2003,OPF,FL,ASO,ES,Federal Contract Tower,3,8,54,6,71,0,0,159,14,173,3,8,213,20,244,136,0,136,380
07/02/2003,OPF,FL,ASO,ES,Federal Contract Tower,0,16,60,2,78,0,2,125,15,142,0,18,185,17,220,126,12,138,358
07/03/2003,OPF,FL,ASO,ES,Federal Contract Tower,2,15,49,2,68,0,0,265,21,286,2,15,314,23,354,250,0,250,604
07/04/2003,OPF,FL,ASO,ES,Federal Contract Tower,0,3,42,4,49,0,1,125,6,132,0,4,167,10,181,144,0,144,325
07/05/2003,OPF,FL,ASO,ES,Federal Contract Tower,0,1,31,0,32,0,0,122,6,128,0,1,153,6,160,112,34,146,306
07/06/2003,OPF,FL,ASO,ES,Federal Contract Tower,0,2,50,1,53,0,0,140,5,145,0,2,190,6,198,64,30,94,292
07/07/2003,OPF,FL,ASO,ES,Federal Contract Tower,0,11,53,2,66,2,0,216,10,228,2,11,269,12,294,68,4,72,366
07/08/2003,OPF,FL,ASO,ES,Federal Contract Tower,2,9,36,0,47,0,0,188,18,206,2,9,224,18,253,88,0,88,341
07/09/2003,OPF,FL,ASO,ES,Federal Contract Tower,4,16,48,1,69,0,0,192,19,211,4,16,240,20,280,172,10,182,462
07/10/2003,OPF,FL,ASO,ES,Federal Contract Tower,3,11,69,7,90,0,0,167,21,188,3,11,236,28,278,149,6,155,433
07/11/2003,OPF,FL,ASO,ES,Federal Contract Tower,0,11,50,4,65,0,1,167,4,172,0,12,217,8,237,115,2,117,354
07/12/2003,OPF,FL,ASO,ES,Federal Contract Tower,0,1,52,7,60,0,0,164,14,178,0,1,216,21,238,157,0,157,395
07/13/2003,OPF,FL,ASO,ES,Federal Contract Tower,1,2,47,5,55,0,0,153,11,164,1,2,200,16,219,116,36,152,371
07/14/2003,OPF,FL,ASO,ES,Federal Contract Tower,4,7,36,4,51,0,0,112,18,130,4,7,148,22,181,88,0,88,269
07/15/2003,OPF,FL,ASO,ES,Federal Contract Tower,2,12,48,7,69,0,0,148,14,162,2,12,196,21,231,136,0,136,367
07/16/2003,OPF,FL,ASO,ES,Federal Contract Tower,0,15,45,0,60,0,0,153,6,159,0,15,198,6,219,186,0,186,405
07/17/2003,OPF,FL,ASO,ES,Federal Contract Tower,2,14,56,8,80,0,2,198,21,221,2,16,254,29,301,116,0,116,417
07/18/2003,OPF,FL,ASO,ES,Federal Contract Tower,0,18,37,6,61,0,0,165,15,180,0,18,202,21,241,130,52,182,423
07/19/2003,OPF,FL,ASO,ES,Federal Contract Tower,0,5,24,2,31,0,0,195,7,202,0,5,219,9,233,167,0,167,400
07/20/2003,OPF,FL,ASO,ES,Federal Contract Tower,0,1,43,1,45,0,0,146,7,153,0,1,189,8,198,96,0,96,294
07/21/2003,OPF,FL,ASO,ES,Federal Contract Tower,0,6,42,7,55,0,0,124,15,139,0,6,166,22,194,34,0,34,228
07/22/2003,OPF,FL,ASO,ES,Federal Contract Tower,2,12,44,3,61,0,0,154,15,169,2,12,198,18,230,80,0,80,310
07/23/2003,OPF,FL,ASO,ES,Federal Contract Tower,0,14,49,5,68,0,1,182,20,203,0,15,231,25,271,93,74,167,438
07/24/2003,OPF,FL,ASO,ES,Federal Contract Tower,0,15,89,4,108,0,0,153,13,166,0,15,242,17,274,114,0,114,388
07/25/2003,OPF,FL,ASO,ES,Federal Contract Tower,0,12,49,5,66,0,2,147,25,174,0,14,196,30,240,92,14,106,346
07/26/2003,OPF,FL,ASO,ES,Federal Contract Tower,0,1,45,4,50,0,0,193,9,202,0,1,238,13,252,120,0,120,372
07/27/2003,OPF,FL,ASO,ES,Federal Contract Tower,0,11,32,11,54,0,0,162,15,177,0,11,194,26,231,152,4,156,387
07/28/2003,OPF,FL,ASO,ES,Federal Contract Tower,0,9,47,5,61,0,0,138,16,154,0,9,185,21,215,114,32,146,361
07/29/2003,OPF,FL,ASO,ES,Federal Contract Tower,0,11,45,5,61,0,3,127,17,147,0,14,172,22,208,62,0,62,270
07/30/2003,OPF,FL,ASO,ES,Federal Contract Tower,0,12,69,6,87,0,8,135,11,154,0,20,204,17,241,92,0,92,333
07/31/2003,OPF,FL,ASO,ES,Federal Contract Tower,3,9,68,3,83,0,0,212,15,227,3,9,280,18,310,130,4,134,444
08/01/2003,OPF,FL,ASO,ES,Federal Contract Tower,1,22,49,8,80,0,4,127,8,139,1,26,176,16,219,162,42,204,423
08/02/2003,OPF,FL,ASO,ES,Federal Contract Tower,0,2,47,0,49,0,2,122,12,136,0,4,169,12,185,236,0,236,421
08/03/2003,OPF,FL,ASO,ES,Federal Contract Tower,0,3,28,3,34,0,0,103,12,115,0,3,131,15,149,95,0,95,244
08/04/2003,OPF,FL,ASO,ES,Federal Contract Tower,0,15,51,1,67,0,0,128,7,135,0,15,179,8,202,28,0,28,230
08/05/2003,OPF,FL,ASO,ES,Federal Contract Tower,2,15,50,1,68,0,0,143,10,153,2,15,193,11,221,86,1,87,308
08/06/2003,OPF,FL,ASO,ES,Federal Contract Tower,0,13,56,6,75,0,3,165,13,181,0,16,221,19,256,86,0,86,342
08/07/2003,OPF,FL,ASO,ES,Federal Contract Tower,0,13,51,2,66,0,1,180,10,191,0,14,231,12,257,94,22,116,373
08/08/2003,OPF,FL,ASO,ES,Federal Contract Tower,0,8,58,0,66,0,4,152,13,169,0,12,210,13,235,84,2,86,321
08/09/2003,OPF,FL,ASO,ES,Federal Contract Tower,0,1,32,3,36,0,2,130,14,146,0,3,162,17,182,180,0,180,362
08/10/2003,OPF,FL,ASO,ES,Federal Contract Tower,0,2,65,0,67,0,1,138,6,145,0,3,203,6,212,110,0,110,322
08/11/2003,OPF,FL,ASO,ES,Federal Contract Tower,0,15,39,6,60,0,5,168,17,190,0,20,207,23,250,76,12,88,338
08/12/2003,OPF,FL,ASO,ES,Federal Contract Tower,0,11,70,8,89,0,2,167,14,183,0,13,237,22,272,108,0,108,380
08/13/2003,OPF,FL,ASO,ES,Federal Contract Tower,2,17,55,6,80,0,5,141,10,156,2,22,196,16,236,76,12,88,324
08/14/2003,OPF,FL,ASO,ES,Federal Contract Tower,0,16,44,3,63,0,0,68,4,72,0,16,112,7,135,34,0,34,169
08/15/2003,OPF,FL,ASO,ES,Federal Contract Tower,2,12,68,6,88,0,1,187,14,202,2,13,255,20,290,130,26,156,446
08/16/2003,OPF,FL,ASO,ES,Federal Contract Tower,0,1,36,1,38,0,0,175,6,181,0,1,211,7,219,198,4,202,421
08/17/2003,OPF,FL,ASO,ES,Federal Contract Tower,0,3,39,4,46,0,1,138,15,154,0,4,177,19,200,186,4,190,390
08/18/2003,OPF,FL,ASO,ES,Federal Contract Tower,0,20,55,3,78,0,8,153,27,188,0,28,208,30,266,80,3,83,349
08/19/2003,OPF,FL,ASO,ES,Federal Contract Tower,2,28,49,5,84,0,0,118,13,131,2,28,167,18,215,138,10,148,363
08/20/2003,OPF,FL,ASO,ES,Federal Contract Tower,0,17,34,1,52,0,0,50,7,57,0,17,84,8,109,0,0,0,109
08/21/2003,OPF,FL,ASO,ES,Federal Contract Tower,2,13,82,7,104,0,0,205,14,219,2,13,287,21,323,138,0,138,461
08/22/2003,OPF,FL,ASO,ES,Federal Contract Tower,1,21,47,3,72,0,1,141,13,155,1,22,188,16,227,100,54,154,381
08/23/2003,OPF,FL,ASO,ES,Federal Contract Tower,0,1,37,0,38,0,1,175,13,189,0,2,212,13,227,166,0,166,393
08/24/2003,OPF,FL,ASO,ES,Federal Contract Tower,0,4,47,1,52,0,1,128,7,136,0,5,175,8,188,120,0,120,308
08/25/2003,OPF,FL,ASO,ES,Federal Contract Tower,0,12,37,9,58,0,4,135,15,154,0,16,172,24,212,90,0,90,302
08/26/2003,OPF,FL,ASO,ES,Federal Contract Tower,0,16,54,2,72,0,3,130,23,156,0,19,184,25,228,82,0,82,310
08/27/2003,OPF,FL,ASO,ES,Federal Contract Tower,2,14,63,1,80,0,4,169,25,198,2,18,232,26,278,86,28,114,392
08/28/2003,OPF,FL,ASO,ES,Federal Contract Tower,2,12,46,2,62,0,1,103,13,117,2,13,149,15,179,104,0,104,283
08/29/2003,OPF,FL,ASO,ES,Federal Contract Tower,0,10,61,6,77,0,3,179,18,200,0,13,240,24,277,64,28,92,369
08/30/2003,OPF,FL,ASO,ES,Federal Contract Tower,0,1,33,0,34,0,1,192,10,203,0,2,225,10,237,138,10,148,385
08/31/2003,OPF,FL,ASO,ES,Federal Contract Tower,0,3,34,2,39,0,1,157,11,169,0,4,191,13,208,64,0,64,272
09/01/2003,OPF,FL,ASO,ES,Federal Contract Tower,0,0,40,2,42,0,0,160,4,164,0,0,200,6,206,60,0,60,266
09/02/2003,OPF,FL,ASO,ES,Federal Contract Tower,0,9,43,9,61,0,0,136,19,155,0,9,179,28,216,84,28,112,328
09/03/2003,OPF,FL,ASO,ES,Federal Contract Tower,2,11,59,4,76,0,4,117,24,145,2,15,176,28,221,40,86,126,347
09/04/2003,OPF,FL,ASO,ES,Federal Contract Tower,0,9,84,4,97,0,8,142,25,175,0,17,226,29,272,84,4,88,360
09/05/2003,OPF,FL,ASO,ES,Federal Contract Tower,0,12,58,4,74,0,1,115,18,134,0,13,173,22,208,36,36,72,280
09/06/2003,OPF,FL,ASO,ES,Federal Contract Tower,0,3,40,1,44,0,0,92,16,108,0,3,132,17,152,138,4,142,294
09/07/2003,OPF,FL,ASO,ES,Federal Contract Tower,0,1,42,1,44,0,0,127,5,132,0,1,169,6,176,114,4,118,294
09/08/2003,OPF,FL,ASO,ES,Federal Contract Tower,0,12,72,1,85,0,2,137,21,160,0,14,209,22,245,118,14,132,377
09/09/2003,OPF,FL,ASO,ES,Federal Contract Tower,2,23,44,7,76,0,1,94,17,112,2,24,138,24,188,90,16,106,294
09/10/2003,OPF,FL,ASO,ES,Federal Contract Tower,0,13,55,9,77,0,9,167,20,196,0,22,222,29,273,172,76,248,521
09/11/2003,OPF,FL,ASO,ES,Federal Contract Tower,2,25,71,1,99,0,3,185,21,209,2,28,256,22,308,70,0,70,378
09/12/2003,OPF,FL,ASO,ES,Federal Contract Tower,0,13,52,5,70,0,5,239,17,261,0,18,291,22,331,180,0,180,511
09/13/2003,OPF,FL,ASO,ES,Federal Contract Tower,0,3,51,1,55,0,0,128,4,132,0,3,179,5,187,124,0,124,311
09/14/2003,OPF,FL,ASO,ES,Federal Contract Tower,0,2,30,0,32,0,0,123,3,126,0,2,153,3,158,63,0,63,221
09/15/2003,OPF,FL,ASO,ES,Federal Contract Tower,0,15,53,5,73,0,0,194,21,215,0,15,247,26,288,76,2,78,366
09/16/2003,OPF,FL,ASO,ES,Federal Contract Tower,0,19,45,3,67,0,2,132,24,158,0,21,177,27,225,88,0,88,313
09/17/2003,OPF,FL,ASO,ES,Federal Contract Tower,2,12,48,9,71,0,4,116,6,126,2,16,164,15,197,64,0,64,261
09/18/2003,OPF,FL,ASO,ES,Federal Contract Tower,4,12,44,4,64,0,8,192,23,223,4,20,236,27,287,121,0,121,408
09/19/2003,OPF,FL,ASO,ES,Federal Contract Tower,0,13,56,6,75,0,5,191,9,205,0,18,247,15,280,34,120,154,434
09/20/2003,OPF,FL,ASO,ES,Federal Contract Tower,0,0,45,2,47,0,3,124,12,139,0,3,169,14,186,128,0,128,314
09/21/2003,OPF,FL,ASO,ES,Federal Contract Tower,0,2,50,10,62,0,0,125,11,136,0,2,175,21,198,54,0,54,252
09/22/2003,OPF,FL,ASO,ES,Federal Contract Tower,0,12,33,7,52,0,6,203,19,228,0,18,236,26,280,70,4,74,354
09/23/2003,OPF,FL,ASO,ES,Federal Contract Tower,2,13,53,2,70,0,6,122,21,149,2,19,175,23,219,64,42,106,325
09/24/2003,OPF,FL,ASO,ES,Federal Contract Tower,0,16,64,3,83,0,8,143,19,170,0,24,207,22,253,142,18,160,413
09/25/2003,OPF,FL,ASO,ES,Federal Contract Tower,0,10,61,8,79,0,0,175,17,192,0,10,236,25,271,118,0,118,389
09/26/2003,OPF,FL,ASO,ES,Federal Contract Tower,0,16,48,5,69,0,7,135,9,151,0,23,183,14,220,60,0,60,280
09/27/2003,OPF,FL,ASO,ES,Federal Contract Tower,0,2,43,0,45,0,2,158,8,168,0,4,201,8,213,190,0,190,403
09/28/2003,OPF,FL,ASO,ES,Federal Contract Tower,0,5,71,0,76,0,0,121,8,129,0,5,192,8,205,108,0,108,313
09/29/2003,OPF,FL,ASO,ES,Federal Contract Tower,0,17,49,12,78,0,2,75,20,97,0,19,124,32,175,30,44,74,249
09/30/2003,OPF,FL,ASO,ES,Federal Contract Tower,3,9,67,5,84,0,8,117,19,144,3,17,184,24,228,72,0,72,300
10/01/2003,OPF,FL,ASO,ES,Federal Contract Tower,1,14,76,6,97,1,20,133,29,183,2,34,209,35,280,90,90,180,460
10/02/2003,OPF,FL,ASO,ES,Federal Contract Tower,1,13,76,6,96,1,0,183,21,205,2,13,259,27,301,124,2,126,427
10/03/2003,OPF,FL,ASO,ES,Federal Contract Tower,0,10,54,4,68,0,4,176,14,194,0,14,230,18,262,94,4,98,360
10/04/2003,OPF,FL,ASO,ES,Federal Contract Tower,0,5,41,3,49,0,0,218,2,220,0,5,259,5,269,162,0,162,431
10/05/2003,OPF,FL,ASO,ES,Federal Contract Tower,0,4,47,4,55,0,0,120,21,141,0,4,167,25,196,112,18,130,326
10/06/2003,OPF,FL,ASO,ES,Federal Contract Tower,0,5,29,2,36,0,3,146,17,166,0,8,175,19,202,40,0,40,242
10/07/2003,OPF,FL,ASO,ES,Federal Contract Tower,0,13,71,5,89,0,4,147,24,175,0,17,218,29,264,90,2,92,356
10/08/2003,OPF,FL,ASO,ES,Federal Contract Tower,0,14,78,6,98,0,11,159,7,177,0,25,237,13,275,124,2,126,401
10/09/2003,OPF,FL,ASO,ES,Federal Contract Tower,1,10,57,5,73,0,3,180,21,204,1,13,237,26,277,110,26,136,413
10/10/2003,OPF,FL,ASO,ES,Federal Contract Tower,1,14,77,6,98,0,13,184,3,200,1,27,261,9,298,54,0,54,352
10/11/2003,OPF,FL,ASO,ES,Federal Contract Tower,0,11,66,5,82,0,0,208,17,225,0,11,274,22,307,134,0,134,441
10/12/2003,OPF,FL,ASO,ES,Federal Contract Tower,0,4,49,4,57,0,0,171,3,174,0,4,220,7,231,78,0,78,309
10/13/2003,OPF,FL,ASO,ES,Federal Contract Tower,0,10,52,4,66,0,9,231,10,250,0,19,283,14,316,68,0,68,384
10/14/2003,OPF,FL,ASO,ES,Federal Contract Tower,0,12,61,5,78,0,3,133,23,159,0,15,194,28,237,22,6,28,265
10/15/2003,OPF,FL,ASO,ES,Federal Contract Tower,0,17,86,7,110,0,20,126,10,156,0,37,212,17,266,110,0,110,376
10/16/2003,OPF,FL,ASO,ES,Federal Contract Tower,1,16,81,6,104,3,7,207,36,253,4,23,288,42,357,130,22,152,509
10/17/2003,OPF,FL,ASO,ES,Federal Contract Tower,0,16,79,6,101,0,6,173,21,200,0,22,252,27,301,62,26,88,389
10/18/2003,OPF,FL,ASO,ES,Federal Contract Tower,0,7,35,4,46,0,3,185,2,190,0,10,220,6,236,80,28,108,344
10/19/2003,OPF,FL,ASO,ES,Federal Contract Tower,0,7,51,5,63,0,0,147,4,151,0,7,198,9,214,98,46,144,358
10/20/2003,OPF,FL,ASO,ES,Federal Contract Tower,0,8,42,4,54,2,9,182,11,204,2,17,224,15,258,140,12,152,410
10/21/2003,OPF,FL,ASO,ES,Federal Contract Tower,0,14,70,6,90,0,5,175,17,197,0,19,245,23,287,108,2,110,397
10/22/2003,OPF,FL,ASO,ES,Federal Contract Tower,0,18,92,8,118,0,29,162,26,217,0,47,254,34,335,118,12,130,465
10/23/2003,OPF,FL,ASO,ES,Federal Contract Tower,1,20,109,10,140,1,20,281,30,332,2,40,390,40,472,76,20,96,568
10/24/2003,OPF,FL,ASO,ES,Federal Contract Tower,0,11,57,6,74,0,4,200,16,220,0,15,257,22,294,96,14,110,404
10/25/2003,OPF,FL,ASO,ES,Federal Contract Tower,0,5,26,3,34,0,0,64,11,75,0,5,90,14,109,54,2,56,165
10/26/2003,OPF,FL,ASO,ES,Federal Contract Tower,0,7,39,4,50,0,1,130,13,144,0,8,169,17,194,86,20,106,300
10/27/2003,OPF,FL,ASO,ES,Federal Contract Tower,0,11,57,4,72,0,5,172,18,195,0,16,229,22,267,48,2,50,317
10/28/2003,OPF,FL,ASO,ES,Federal Contract Tower,0,11,54,4,69,2,6,237,23,268,2,17,291,27,337,176,0,176,513
10/29/2003,OPF,FL,ASO,ES,Federal Contract Tower,0,14,75,6,95,0,18,152,7,177,0,32,227,13,272,98,0,98,370
10/30/2003,OPF,FL,ASO,ES,Federal Contract Tower,0,14,75,6,95,2,8,171,17,198,2,22,246,23,293,66,46,112,405
10/31/2003,OPF,FL,ASO,ES,Federal Contract Tower,0,13,69,6,88,0,7,134,9,150,0,20,203,15,238,96,12,108,346
11/01/2003,OPF,FL,ASO,ES,Federal Contract Tower,0,5,28,1,34,0,1,171,9,181,0,6,199,10,215,142,0,142,357
11/02/2003,OPF,FL,ASO,ES,Federal Contract Tower,0,9,54,3,66,0,3,125,5,133,0,12,179,8,199,68,0,68,267
11/03/2003,OPF,FL,ASO,ES,Federal Contract Tower,1,8,49,3,61,1,9,147,25,182,2,17,196,28,243,30,24,54,297
11/04/2003,OPF,FL,ASO,ES,Federal Contract Tower,1,9,54,4,68,1,11,87,21,120,2,20,141,25,188,78,0,78,266
11/05/2003,OPF,FL,ASO,ES,Federal Contract Tower,0,16,85,5,106,0,14,119,12,145,0,30,204,17,251,62,2,64,315
11/06/2003,OPF,FL,ASO,ES,Federal Contract Tower,0,11,64,4,79,0,11,51,10,72,0,22,115,14,151,20,8,28,179
11/07/2003,OPF,FL,ASO,ES,Federal Contract Tower,0,22,109,7,138,0,2,177,36,215,0,24,286,43,353,66,56,122,475
11/08/2003,OPF,FL,ASO,ES,Federal Contract Tower,0,8,43,3,54,0,1,124,1,126,0,9,167,4,180,82,0,82,262
11/09/2003,OPF,FL,ASO,ES,Federal Contract Tower,0,15,71,5,91,0,0,129,7,136,0,15,200,12,227,96,0,96,323
11/10/2003,OPF,FL,ASO,ES,Federal Contract Tower,0,10,55,3,68,0,0,129,11,140,0,10,184,14,208,64,12,76,284
11/11/2003,OPF,FL,ASO,ES,Federal Contract Tower,0,12,54,3,69,0,5,139,7,151,0,17,193,10,220,32,0,32,252
11/12/2003,OPF,FL,ASO,ES,Federal Contract Tower,1,16,76,5,98,1,2,136,27,166,2,18,212,32,264,68,0,68,332
11/13/2003,OPF,FL,ASO,ES,Federal Contract Tower,1,18,88,6,113,1,15,170,12,198,2,33,258,18,311,120,42,162,473
11/14/2003,OPF,FL,ASO,ES,Federal Contract Tower,1,14,66,4,85,1,12,149,25,187,2,26,215,29,272,74,4,78,350
11/15/2003,OPF,FL,ASO,ES,Federal Contract Tower,0,5,40,2,47,0,0,206,15,221,0,5,246,17,268,154,0,154,422
11/16/2003,OPF,FL,ASO,ES,Federal Contract Tower,1,12,70,5,88,0,0,186,22,208,1,12,256,27,296,144,0,144,440
11/17/2003,OPF,FL,ASO,ES,Federal Contract Tower,0,14,66,5,85,2,10,183,19,214,2,24,249,24,299,88,0,88,387
11/18/2003,OPF,FL,ASO,ES,Federal Contract Tower,0,10,48,4,62,0,11,165,27,203,0,21,213,31,265,86,0,86,351
11/19/2003,OPF,FL,ASO,ES,Federal Contract Tower,0,16,74,6,96,0,4,140,8,152,0,20,214,14,248,52,30,82,330
11/20/2003,OPF,FL,ASO,ES,Federal Contract Tower,0,15,68,5,88,0,9,215,20,244,0,24,283,25,332,62,48,110,442
11/21/2003,OPF,FL,ASO,ES,Federal Contract Tower,0,13,62,5,80,0,21,161,13,195,0,34,223,18,275,112,0,112,387
11/22/2003,OPF,FL,ASO,ES,Federal Contract Tower,0,6,31,3,40,0,0,225,11,236,0,6,256,14,276,215,0,215,491
11/23/2003,OPF,FL,ASO,ES,Federal Contract Tower,0,9,45,4,58,2,0,177,9,188,2,9,222,13,246,94,18,112,358
11/24/2003,OPF,FL,ASO,ES,Federal Contract Tower,0,11,52,5,68,1,15,176,12,204,1,26,228,17,272,110,20,130,402
11/25/2003,OPF,FL,ASO,ES,Federal Contract Tower,0,15,68,5,88,2,8,135,21,166,2,23,203,26,254,70,42,112,366
11/26/2003,OPF,FL,ASO,ES,Federal Contract Tower,0,18,88,7,113,0,14,168,10,192,0,32,256,17,305,98,36,134,439
11/27/2003,OPF,FL,ASO,ES,Federal Contract Tower,0,6,27,1,34,0,3,115,11,129,0,9,142,12,163,70,0,70,233
11/28/2003,OPF,FL,ASO,ES,Federal Contract Tower,0,8,38,2,48,0,4,139,6,149,0,12,177,8,197,64,0,64,261
11/29/2003,OPF,FL,ASO,ES,Federal Contract Tower,0,9,43,3,55,0,4,93,5,102,0,13,136,8,157,84,0,84,241
11/30/2003,OPF,FL,ASO,ES,Federal Contract Tower,0,5,71,5,81,0,0,171,11,182,0,5,242,16,263,80,0,80,343
12/01/2003,OPF,FL,ASO,ES,Federal Contract Tower,1,14,53,4,72,1,3,163,27,194,2,17,216,31,266,80,12,92,358
12/02/2003,OPF,FL,ASO,ES,Federal Contract Tower,1,15,56,4,76,3,7,114,25,149,4,22,170,29,225,78,0,78,303
12/03/2003,OPF,FL,ASO,ES,Federal Contract Tower,1,13,50,3,67,1,16,132,19,168,2,29,182,22,235,44,20,64,299
12/04/2003,OPF,FL,ASO,ES,Federal Contract Tower,2,15,62,4,83,0,11,149,20,180,2,26,211,24,263,54,48,102,365
12/05/2003,OPF,FL,ASO,ES,Federal Contract Tower,0,13,51,4,68,0,8,148,6,162,0,21,199,10,230,158,50,208,438
12/06/2003,OPF,FL,ASO,ES,Federal Contract Tower,0,7,30,2,39,0,2,124,24,150,0,9,154,26,189,108,16,124,313
12/07/2003,OPF,FL,ASO,ES,Federal Contract Tower,0,14,59,4,77,0,0,135,0,135,0,14,194,4,212,84,26,110,322
12/08/2003,OPF,FL,ASO,ES,Federal Contract Tower,0,15,61,4,80,0,8,148,12,168,0,23,209,16,248,96,10,106,354
12/09/2003,OPF,FL,ASO,ES,Federal Contract Tower,0,16,63,4,83,0,2,129,13,144,0,18,192,17,227,132,30,162,389
12/10/2003,OPF,FL,ASO,ES,Federal Contract Tower,2,20,72,5,99,0,2,103,13,118,2,22,175,18,217,36,2,38,255
12/11/2003,OPF,FL,ASO,ES,Federal Contract Tower,2,17,68,4,91,1,0,167,28,196,3,17,235,32,287,118,18,136,423
12/12/2003,OPF,FL,ASO,ES,Federal Contract Tower,1,19,67,4,91,0,5,176,23,204,1,24,243,27,295,76,40,116,411
12/13/2003,OPF,FL,ASO,ES,Federal Contract Tower,0,11,46,3,60,0,0,155,9,164,0,11,201,12,224,78,0,78,302
12/14/2003,OPF,FL,ASO,ES,Federal Contract Tower,0,6,34,2,42,0,0,45,12,57,0,6,79,14,99,58,0,58,157
12/15/2003,OPF,FL,ASO,ES,Federal Contract Tower,2,16,56,3,77,0,0,167,19,186,2,16,223,22,263,78,34,112,375
12/16/2003,OPF,FL,ASO,ES,Federal Contract Tower,2,21,89,6,118,0,0,62,20,82,2,21,151,26,200,50,30,80,280
12/17/2003,OPF,FL,ASO,ES,Federal Contract Tower,1,20,72,6,99,1,17,119,11,148,2,37,191,17,247,98,14,112,359
12/18/2003,OPF,FL,ASO,ES,Federal Contract Tower,0,19,67,5,91,0,1,150,15,166,0,20,217,20,257,60,32,92,349
12/19/2003,OPF,FL,ASO,ES,Federal Contract Tower,0,17,63,5,85,0,8,202,4,214,0,25,265,9,299,62,20,82,381
12/20/2003,OPF,FL,ASO,ES,Federal Contract Tower,0,16,56,4,76,0,10,177,4,191,0,26,233,8,267,58,0,58,325
12/21/2003,OPF,FL,ASO,ES,Federal Contract Tower,0,11,39,4,54,0,5,69,5,79,0,16,108,9,133,16,6,22,155
12/22/2003,OPF,FL,ASO,ES,Federal Contract Tower,0,15,54,5,74,0,16,95,11,122,0,31,149,16,196,12,6,18,214
12/23/2003,OPF,FL,ASO,ES,Federal Contract Tower,0,16,55,5,76,7,12,107,8,134,7,28,162,13,210,44,10,54,264
12/24/2003,OPF,FL,ASO,ES,Federal Contract Tower,0,13,48,3,64,0,5,92,10,107,0,18,140,13,171,24,0,24,195
12/25/2003,OPF,FL,ASO,ES,Federal Contract Tower,0,3,13,0,16,0,0,67,8,75,0,3,80,8,91,0,0,0,91
12/26/2003,OPF,FL,ASO,ES,Federal Contract Tower,0,10,51,4,65,0,0,145,5,150,0,10,196,9,215,60,0,60,275
12/27/2003,OPF,FL,ASO,ES,Federal Contract Tower,0,9,44,3,56,0,0,162,4,166,0,9,206,7,222,86,0,86,308
12/28/2003,OPF,FL,ASO,ES,Federal Contract Tower,0,16,56,4,76,0,0,113,3,116,0,16,169,7,192,71,0,71,263
12/29/2003,OPF,FL,ASO,ES,Federal Contract Tower,0,13,45,3,61,0,1,164,9,174,0,14,209,12,235,100,0,100,335
12/30/2003,OPF,FL,ASO,ES,Federal Contract Tower,1,18,65,4,88,0,12,132,7,151,1,30,197,11,239,92,0,92,331
12/31/2003,OPF,FL,ASO,ES,Federal Contract Tower,0,12,42,3,57,0,3,147,11,161,0,15,189,14,218,128,2,130,348
01/01/2004,OPF,FL,ASO,ES,Federal Contract Tower,0,7,36,3,46,0,2,115,4,121,0,9,151,7,167,20,0,20,187
01/02/2004,OPF,FL,ASO,ES,Federal Contract Tower,0,10,53,4,67,0,7,118,0,125,0,17,171,4,192,26,0,26,218
01/03/2004,OPF,FL,ASO,ES,Federal Contract Tower,0,12,62,5,79,0,5,170,6,181,0,17,232,11,260,80,0,80,340
01/04/2004,OPF,FL,ASO,ES,Federal Contract Tower,0,12,62,5,79,0,4,154,6,164,0,16,216,11,243,72,0,72,315
01/05/2004,OPF,FL,ASO,ES,Federal Contract Tower,1,8,45,4,58,1,11,124,5,141,2,19,169,9,199,96,0,96,295
01/06/2004,OPF,FL,ASO,ES,Federal Contract Tower,3,13,67,5,88,0,7,137,23,167,3,20,204,28,255,60,0,60,315
01/07/2004,OPF,FL,ASO,ES,Federal Contract Tower,1,14,69,6,90,0,5,92,22,119,1,19,161,28,209,24,76,100,309
01/08/2004,OPF,FL,ASO,ES,Federal Contract Tower,2,15,72,6,95,0,6,148,19,173,2,21,220,25,268,100,10,110,378
01/09/2004,OPF,FL,ASO,ES,Federal Contract Tower,0,14,59,5,78,0,3,147,41,191,0,17,206,46,269,171,78,249,518
01/10/2004,OPF,FL,ASO,ES,Federal Contract Tower,0,7,45,3,55,0,0,54,6,60,0,7,99,9,115,46,20,66,181
01/11/2004,OPF,FL,ASO,ES,Federal Contract Tower,0,10,48,4,62,0,0,73,29,102,0,10,121,33,164,20,26,46,210
01/12/2004,OPF,FL,ASO,ES,Federal Contract Tower,1,11,45,4,61,1,12,167,29,209,2,23,212,33,270,96,54,150,420
01/13/2004,OPF,FL,ASO,ES,Federal Contract Tower,1,10,42,4,57,1,9,211,29,250,2,19,253,33,307,111,6,117,424
01/14/2004,OPF,FL,ASO,ES,Federal Contract Tower,0,18,81,7,106,0,6,196,14,216,0,24,277,21,322,162,2,164,486
01/15/2004,OPF,FL,ASO,ES,Federal Contract Tower,0,15,68,6,89,0,9,172,15,196,0,24,240,21,285,84,0,84,369
01/16/2004,OPF,FL,ASO,ES,Federal Contract Tower,0,15,65,5,85,0,10,187,7,204,0,25,252,12,289,188,2,190,479
01/17/2004,OPF,FL,ASO,ES,Federal Contract Tower,0,4,46,5,55,0,0,181,7,188,0,4,227,12,243,128,2,130,373
01/18/2004,OPF,FL,ASO,ES,Federal Contract Tower,0,2,20,2,24,0,0,109,2,111,0,2,129,4,135,42,38,80,215
01/19/2004,OPF,FL,ASO,ES,Federal Contract Tower,0,15,63,6,84,0,0,140,5,145,0,15,203,11,229,52,36,88,317
01/20/2004,OPF,FL,ASO,ES,Federal Contract Tower,0,12,48,5,65,0,3,118,11,132,0,15,166,16,197,84,0,84,281
01/21/2004,OPF,FL,ASO,ES,Federal Contract Tower,0,17,82,8,107,0,0,167,17,184,0,17,249,25,291,92,12,104,395
01/22/2004,OPF,FL,ASO,ES,Federal Contract Tower,1,17,94,9,121,7,0,210,4,221,8,17,304,13,342,162,12,174,516
01/23/2004,OPF,FL,ASO,ES,Federal Contract Tower,1,23,99,9,132,0,20,161,23,204,1,43,260,32,336,148,14,162,498
01/24/2004,OPF,FL,ASO,ES,Federal Contract Tower,0,6,53,5,64,0,0,243,14,257,0,6,296,19,321,228,0,228,549
01/25/2004,OPF,FL,ASO,ES,Federal Contract Tower,0,14,60,6,80,0,0,209,3,212,0,14,269,9,292,116,62,178,470
01/26/2004,OPF,FL,ASO,ES,Federal Contract Tower,0,13,53,5,71,2,2,168,20,192,2,15,221,25,263,76,40,116,379
01/27/2004,OPF,FL,ASO,ES,Federal Contract Tower,1,15,65,6,87,0,4,62,11,77,1,19,127,17,164,50,0,50,214
01/28/2004,OPF,FL,ASO,ES,Federal Contract Tower,0,13,55,4,72,1,5,141,20,167,1,18,196,24,239,122,28,150,389
01/29/2004,OPF,FL,ASO,ES,Federal Contract Tower,0,14,59,5,78,0,7,185,27,219,0,21,244,32,297,114,0,114,411
01/30/2004,OPF,FL,ASO,ES,Federal Contract Tower,1,18,78,6,103,3,5,134,16,158,4,23,212,22,261,98,26,124,385
01/31/2004,OPF,FL,ASO,ES,Federal Contract Tower,0,12,59,5,76,0,0,32,29,61,0,12,91,34,137,16,4,20,157
02/01/2004,OPF,FL,ASO,ES,Federal Contract Tower,0,3,36,2,41,0,0,94,7,101,0,3,130,9,142,60,0,60,202
02/02/2004,OPF,FL,ASO,ES,Federal Contract Tower,0,9,48,3,60,0,7,198,22,227,0,16,246,25,287,108,24,132,419
02/03/2004,OPF,FL,ASO,ES,Federal Contract Tower,2,16,77,5,100,1,3,135,23,162,3,19,212,28,262,172,2,174,436
02/04/2004,OPF,FL,ASO,ES,Federal Contract Tower,1,15,75,5,96,0,9,171,17,197,1,24,246,22,293,168,6,174,467
02/05/2004,OPF,FL,ASO,ES,Federal Contract Tower,1,14,67,5,87,1,13,132,44,190,2,27,199,49,277,78,80,158,435
02/06/2004,OPF,FL,ASO,ES,Federal Contract Tower,0,16,78,5,99,0,6,181,6,193,0,22,259,11,292,98,10,108,400
02/07/2004,OPF,FL,ASO,ES,Federal Contract Tower,0,5,40,2,47,0,0,131,20,151,0,5,171,22,198,124,23,147,345
02/08/2004,OPF,FL,ASO,ES,Federal Contract Tower,0,9,51,4,64,0,0,112,19,131,0,9,163,23,195,48,12,60,255
02/09/2004,OPF,FL,ASO,ES,Federal Contract Tower,0,14,63,5,82,0,2,152,20,174,0,16,215,25,256,88,6,94,350
02/10/2004,OPF,FL,ASO,ES,Federal Contract Tower,1,12,56,4,73,1,5,157,19,182,2,17,213,23,255,178,0,178,433
02/11/2004,OPF,FL,ASO,ES,Federal Contract Tower,0,19,86,6,111,0,4,186,12,202,0,23,272,18,313,126,6,132,445
02/12/2004,OPF,FL,ASO,ES,Federal Contract Tower,0,26,120,9,155,0,20,249,22,291,0,46,369,31,446,104,0,104,550
02/13/2004,OPF,FL,ASO,ES,Federal Contract Tower,1,17,140,10,168,0,0,206,13,219,1,17,346,23,387,212,20,232,619
02/14/2004,OPF,FL,ASO,ES,Federal Contract Tower,0,13,69,5,87,0,0,197,4,201,0,13,266,9,288,48,0,48,336
02/15/2004,OPF,FL,ASO,ES,Federal Contract Tower,0,10,86,6,102,0,0,103,2,105,0,10,189,8,207,84,32,116,323
02/16/2004,OPF,FL,ASO,ES,Federal Contract Tower,0,17,93,7,117,0,0,214,5,219,0,17,307,12,336,76,0,76,412
02/17/2004,OPF,FL,ASO,ES,Federal Contract Tower,0,16,75,6,97,0,1,138,26,165,0,17,213,32,262,152,6,158,420
02/18/2004,OPF,FL,ASO,ES,Federal Contract Tower,0,14,64,6,84,2,13,125,5,145,2,27,189,11,229,30,38,68,297
02/19/2004,OPF,FL,ASO,ES,Federal Contract Tower,0,17,76,6,99,0,8,179,14,201,0,25,255,20,300,159,70,229,529
02/20/2004,OPF,FL,ASO,ES,Federal Contract Tower,0,20,89,7,116,0,16,156,18,190,0,36,245,25,306,102,2,104,410
02/21/2004,OPF,FL,ASO,ES,Federal Contract Tower,0,8,48,4,60,0,0,212,10,222,0,8,260,14,282,128,12,140,422
02/22/2004,OPF,FL,ASO,ES,Federal Contract Tower,0,6,50,5,61,1,0,197,10,208,1,6,247,15,269,106,30,136,405
02/23/2004,OPF,FL,ASO,ES,Federal Contract Tower,0,12,55,4,71,1,5,167,12,185,1,17,222,16,256,84,0,84,340
02/24/2004,OPF,FL,ASO,ES,Federal Contract Tower,1,16,77,5,99,3,2,142,19,166,4,18,219,24,265,102,16,118,383
02/25/2004,OPF,FL,ASO,ES,Federal Contract Tower,0,13,57,4,74,3,7,67,13,90,3,20,124,17,164,6,28,34,198
02/26/2004,OPF,FL,ASO,ES,Federal Contract Tower,1,17,77,5,100,4,12,170,6,192,5,29,247,11,292,126,18,144,436
02/27/2004,OPF,FL,ASO,ES,Federal Contract Tower,1,18,83,6,108,2,4,167,19,192,3,22,250,25,300,62,14,76,376
02/28/2004,OPF,FL,ASO,ES,Federal Contract Tower,0,6,47,3,56,2,0,173,9,184,2,6,220,12,240,106,4,110,350
02/29/2004,OPF,FL,ASO,ES,Federal Contract Tower,0,15,68,5,88,0,1,121,0,122,0,16,189,5,210,98,28,126,336
03/01/2004,OPF,FL,ASO,ES,Federal Contract Tower,0,12,49,3,64,0,4,175,12,191,0,16,224,15,255,18,2,20,275
03/02/2004,OPF,FL,ASO,ES,Federal Contract Tower,2,15,64,4,85,0,0,145,15,160,2,15,209,19,245,120,18,138,383
03/03/2004,OPF,FL,ASO,ES,Federal Contract Tower,1,17,68,5,91,0,1,146,13,160,1,18,214,18,251,116,26,142,393
03/04/2004,OPF,FL,ASO,ES,Federal Contract Tower,2,21,81,5,109,3,12,121,15,151,5,33,202,20,260,126,40,166,426
03/05/2004,OPF,FL,ASO,ES,Federal Contract Tower,1,19,76,5,101,0,5,138,21,164,1,24,214,26,265,74,30,104,369
03/06/2004,OPF,FL,ASO,ES,Federal Contract Tower,0,9,46,4,59,0,0,195,12,207,0,9,241,16,266,100,0,100,366
03/07/2004,OPF,FL,ASO,ES,Federal Contract Tower,0,10,60,4,74,0,0,128,3,131,0,10,188,7,205,52,0,52,257
03/08/2004,OPF,FL,ASO,ES,Federal Contract Tower,1,9,46,4,60,0,0,221,15,236,1,9,267,19,296,74,68,142,438
03/09/2004,OPF,FL,ASO,ES,Federal Contract Tower,2,18,73,5,98,1,6,216,6,229,3,24,289,11,327,190,68,258,585
03/10/2004,OPF,FL,ASO,ES,Federal Contract Tower,1,14,59,4,78,0,9,173,8,190,1,23,232,12,268,98,54,152,420
03/11/2004,OPF,FL,ASO,ES,Federal Contract Tower,2,17,63,4,86,0,6,213,17,236,2,23,276,21,322,104,62,166,488
03/12/2004,OPF,FL,ASO,ES,Federal Contract Tower,0,16,62,4,82,0,4,207,33,244,0,20,269,37,326,196,60,256,582
03/13/2004,OPF,FL,ASO,ES,Federal Contract Tower,1,8,39,2,50,0,0,192,1,193,1,8,231,3,243,54,2,56,299
03/14/2004,OPF,FL,ASO,ES,Federal Contract Tower,0,8,50,4,62,0,0,133,12,145,0,8,183,16,207,90,0,90,297
03/15/2004,OPF,FL,ASO,ES,Federal Contract Tower,1,15,55,4,75,0,3,152,22,177,1,18,207,26,252,92,82,174,426
03/16/2004,OPF,FL,ASO,ES,Federal Contract Tower,1,21,79,7,108,2,5,154,20,181,3,26,233,27,289,46,4,50,339
03/17/2004,OPF,FL,ASO,ES,Federal Contract Tower,1,19,70,6,96,0,11,157,4,172,1,30,227,10,268,92,54,146,414
03/18/2004,OPF,FL,ASO,ES,Federal Contract Tower,1,17,62,5,85,2,18,230,10,260,3,35,292,15,345,124,52,176,521
03/19/2004,OPF,FL,ASO,ES,Federal Contract Tower,0,16,60,5,81,0,4,218,8,230,0,20,278,13,311,142,32,174,485
03/20/2004,OPF,FL,ASO,ES,Federal Contract Tower,0,11,39,4,54,0,5,220,2,227,0,16,259,6,281,134,0,134,415
03/21/2004,OPF,FL,ASO,ES,Federal Contract Tower,0,12,52,4,68,0,0,190,4,194,0,12,242,8,262,112,10,122,384
03/22/2004,OPF,FL,ASO,ES,Federal Contract Tower,0,15,60,5,80,0,0,175,26,201,0,15,235,31,281,236,0,236,517
03/23/2004,OPF,FL,ASO,ES,Federal Contract Tower,1,15,54,3,73,0,14,149,7,170,1,29,203,10,243,188,0,188,431
03/24/2004,OPF,FL,ASO,ES,Federal Contract Tower,1,18,66,4,89,0,14,92,18,124,1,32,158,22,213,94,0,94,307
03/25/2004,OPF,FL,ASO,ES,Federal Contract Tower,1,18,68,5,92,4,19,111,15,149,5,37,179,20,241,56,0,56,297
03/26/2004,OPF,FL,ASO,ES,Federal Contract Tower,1,17,63,4,85,0,3,168,19,190,1,20,231,23,275,94,38,132,407
03/27/2004,OPF,FL,ASO,ES,Federal Contract Tower,0,11,45,3,59,0,0,171,11,182,0,11,216,14,241,74,4,78,319
03/28/2004,OPF,FL,ASO,ES,Federal Contract Tower,1,16,66,4,87,0,0,176,13,189,1,16,242,17,276,110,0,110,386
03/29/2004,OPF,FL,ASO,ES,Federal Contract Tower,1,14,52,3,70,1,20,144,18,183,2,34,196,21,253,120,0,120,373
03/30/2004,OPF,FL,ASO,ES,Federal Contract Tower,1,17,64,4,86,2,7,211,18,238,3,24,275,22,324,100,8,108,432
03/31/2004,OPF,FL,ASO,ES,Federal Contract Tower,0,17,65,4,86,0,5,169,6,180,0,22,234,10,266,118,36,154,420
04/01/2004,OPF,FL,ASO,ES,Federal Contract Tower,2,16,86,7,111,0,18,172,24,214,2,34,258,31,325,128,12,140,465
04/02/2004,OPF,FL,ASO,ES,Federal Contract Tower,0,13,69,5,87,0,9,180,16,205,0,22,249,21,292,106,12,118,410
04/03/2004,OPF,FL,ASO,ES,Federal Contract Tower,0,9,73,5,87,0,0,162,9,171,0,9,235,14,258,78,0,78,336
04/04/2004,OPF,FL,ASO,ES,Federal Contract Tower,0,8,41,3,52,0,0,181,34,215,0,8,222,37,267,78,0,78,345
04/05/2004,OPF,FL,ASO,ES,Federal Contract Tower,1,11,54,4,70,2,14,116,14,146,3,25,170,18,216,58,6,64,280
04/06/2004,OPF,FL,ASO,ES,Federal Contract Tower,2,12,66,5,85,0,9,141,31,181,2,21,207,36,266,156,2,158,424
04/07/2004,OPF,FL,ASO,ES,Federal Contract Tower,0,13,65,5,83,0,7,151,6,164,0,20,216,11,247,170,34,204,451
04/08/2004,OPF,FL,ASO,ES,Federal Contract Tower,0,15,76,6,97,0,22,207,23,252,0,37,283,29,349,126,2,128,477
04/09/2004,OPF,FL,ASO,ES,Federal Contract Tower,0,8,48,4,60,0,0,155,15,170,0,8,203,19,230,106,4,110,340
04/10/2004,OPF,FL,ASO,ES,Federal Contract Tower,0,10,49,3,62,0,4,148,6,158,0,14,197,9,220,104,0,104,324
04/11/2004,OPF,FL,ASO,ES,Federal Contract Tower,0,11,49,4,64,0,3,149,11,163,0,14,198,15,227,108,0,108,335
04/12/2004,OPF,FL,ASO,ES,Federal Contract Tower,0,13,58,4,75,0,4,93,15,112,0,17,151,19,187,94,10,104,291
04/13/2004,OPF,FL,ASO,ES,Federal Contract Tower,2,15,72,5,94,2,1,82,8,93,4,16,154,13,187,16,4,20,207
04/14/2004,OPF,FL,ASO,ES,Federal Contract Tower,0,16,72,5,93,0,9,157,24,190,0,25,229,29,283,26,40,66,349
04/15/2004,OPF,FL,ASO,ES,Federal Contract Tower,0,15,73,6,94,0,7,193,27,227,0,22,266,33,321,84,24,108,429
04/16/2004,OPF,FL,ASO,ES,Federal Contract Tower,0,16,78,6,100,0,3,184,22,209,0,19,262,28,309,68,32,100,409
04/17/2004,OPF,FL,ASO,ES,Federal Contract Tower,0,5,42,5,52,0,0,186,10,196,0,5,228,15,248,86,8,94,342
04/18/2004,OPF,FL,ASO,ES,Federal Contract Tower,0,5,55,5,65,0,0,136,9,145,0,5,191,14,210,54,0,54,264
04/19/2004,OPF,FL,ASO,ES,Federal Contract Tower,0,10,49,5,64,2,3,129,11,145,2,13,178,16,209,98,42,140,349
04/20/2004,OPF,FL,ASO,ES,Federal Contract Tower,0,13,59,6,78,3,10,145,9,167,3,23,204,15,245,127,42,169,414
04/21/2004,OPF,FL,ASO,ES,Federal Contract Tower,0,18,83,7,108,0,2,179,15,196,0,20,262,22,304,140,0,140,444
04/22/2004,OPF,FL,ASO,ES,Federal Contract Tower,0,14,64,6,84,1,7,173,15,196,1,21,237,21,280,132,0,132,412
04/23/2004,OPF,FL,ASO,ES,Federal Contract Tower,0,11,48,4,63,3,3,130,4,140,3,14,178,8,203,120,10,130,333
04/24/2004,OPF,FL,ASO,ES,Federal Contract Tower,0,6,28,3,37,0,4,167,9,180,0,10,195,12,217,70,4,74,291
04/25/2004,OPF,FL,ASO,ES,Federal Contract Tower,0,10,45,5,60,2,1,176,3,182,2,11,221,8,242,120,0,120,362
04/26/2004,OPF,FL,ASO,ES,Federal Contract Tower,0,11,50,5,66,0,4,212,15,231,0,15,262,20,297,122,0,122,419
04/27/2004,OPF,FL,ASO,ES,Federal Contract Tower,0,11,52,6,69,0,1,176,19,196,0,12,228,25,265,126,2,128,393
04/28/2004,OPF,FL,ASO,ES,Federal Contract Tower,1,14,68,5,88,1,11,54,4,70,2,25,122,9,158,18,0,18,176
04/29/2004,OPF,FL,ASO,ES,Federal Contract Tower,1,15,73,5,94,3,8,178,16,205,4,23,251,21,299,56,0,56,355
04/30/2004,OPF,FL,ASO,ES,Federal Contract Tower,0,14,64,5,83,1,1,192,8,202,1,15,256,13,285,126,0,126,411
05/01/2004,OPF,FL,ASO,ES,Federal Contract Tower,0,4,37,3,44,0,0,131,31,162,0,4,168,34,206,94,0,94,300
05/02/2004,OPF,FL,ASO,ES,Federal Contract Tower,0,7,48,4,59,0,3,139,3,145,0,10,187,7,204,66,0,66,270
05/03/2004,OPF,FL,ASO,ES,Federal Contract Tower,1,11,66,4,82,2,13,72,18,105,3,24,138,22,187,26,0,26,213
05/04/2004,OPF,FL,ASO,ES,Federal Contract Tower,1,11,72,5,89,0,6,123,4,133,1,17,195,9,222,140,6,146,368
05/05/2004,OPF,FL,ASO,ES,Federal Contract Tower,0,14,77,5,96,0,7,140,11,158,0,21,217,16,254,72,0,72,326
05/06/2004,OPF,FL,ASO,ES,Federal Contract Tower,1,10,57,4,72,1,5,175,14,195,2,15,232,18,267,96,2,98,365
05/07/2004,OPF,FL,ASO,ES,Federal Contract Tower,0,10,55,4,69,0,1,269,3,273,0,11,324,7,342,168,1,169,511
05/08/2004,OPF,FL,ASO,ES,Federal Contract Tower,0,1,35,2,38,0,0,192,8,200,0,1,227,10,238,140,0,140,378
05/09/2004,OPF,FL,ASO,ES,Federal Contract Tower,0,11,62,5,78,0,0,154,15,169,0,11,216,20,247,94,20,114,361
05/10/2004,OPF,FL,ASO,ES,Federal Contract Tower,0,8,39,2,49,0,2,168,19,189,0,10,207,21,238,98,27,125,363
05/11/2004,OPF,FL,ASO,ES,Federal Contract Tower,0,11,53,3,67,0,11,111,12,134,0,22,164,15,201,74,4,78,279
05/12/2004,OPF,FL,ASO,ES,Federal Contract Tower,0,12,59,4,75,0,6,157,6,169,0,18,216,10,244,98,0,98,342
05/13/2004,OPF,FL,ASO,ES,Federal Contract Tower,0,13,63,4,80,0,9,176,15,200,0,22,239,19,280,112,32,144,424
05/14/2004,OPF,FL,ASO,ES,Federal Contract Tower,1,12,61,5,79,0,2,160,19,181,1,14,221,24,260,86,10,96,356
05/15/2004,OPF,FL,ASO,ES,Federal Contract Tower,0,7,35,2,44,0,1,125,3,129,0,8,160,5,173,58,0,58,231
05/16/2004,OPF,FL,ASO,ES,Federal Contract Tower,0,8,50,4,62,0,0,88,14,102,0,8,138,18,164,94,0,94,258
05/17/2004,OPF,FL,ASO,ES,Federal Contract Tower,1,11,56,4,72,2,6,134,10,152,3,17,190,14,224,72,27,99,323
05/18/2004,OPF,FL,ASO,ES,Federal Contract Tower,1,13,64,5,83,1,6,149,16,172,2,19,213,21,255,66,9,75,330
05/19/2004,OPF,FL,ASO,ES,Federal Contract Tower,0,10,52,3,65,0,8,157,0,165,0,18,209,3,230,88,0,88,318
05/20/2004,OPF,FL,ASO,ES,Federal Contract Tower,0,11,57,6,74,0,6,175,10,191,0,17,232,16,265,154,5,159,424
05/21/2004,OPF,FL,ASO,ES,Federal Contract Tower,0,10,52,5,67,0,15,206,21,242,0,25,258,26,309,86,4,90,399
05/22/2004,OPF,FL,ASO,ES,Federal Contract Tower,0,5,25,3,33,0,4,192,9,205,0,9,217,12,238,76,0,76,314
05/23/2004,OPF,FL,ASO,ES,Federal Contract Tower,0,8,39,4,51,0,2,147,8,157,0,10,186,12,208,46,0,46,254
05/24/2004,OPF,FL,ASO,ES,Federal Contract Tower,0,10,50,4,64,2,7,177,11,197,2,17,227,15,261,68,0,68,329
05/25/2004,OPF,FL,ASO,ES,Federal Contract Tower,1,13,71,5,90,1,5,182,12,200,2,18,253,17,290,66,3,69,359
05/26/2004,OPF,FL,ASO,ES,Federal Contract Tower,0,9,47,4,60,0,12,189,14,215,0,21,236,18,275,110,28,138,413
05/27/2004,OPF,FL,ASO,ES,Federal Contract Tower,1,15,76,5,97,3,7,178,12,200,4,22,254,17,297,100,42,142,439
05/28/2004,OPF,FL,ASO,ES,Federal Contract Tower,0,11,58,4,73,4,13,185,13,215,4,24,243,17,288,28,0,28,316
05/29/2004,OPF,FL,ASO,ES,Federal Contract Tower,0,6,33,2,41,0,0,206,17,223,0,6,239,19,264,132,2,134,398
05/30/2004,OPF,FL,ASO,ES,Federal Contract Tower,0,5,37,2,44,0,0,194,5,199,0,5,231,7,243,60,0,60,303
05/31/2004,OPF,FL,ASO,ES,Federal Contract Tower,0,10,50,3,63,0,1,214,10,225,0,11,264,13,288,50,0,50,338
06/01/2004,OPF,FL,ASO,ES,Federal Contract Tower,0,11,61,4,76,0,9,148,13,170,0,20,209,17,246,136,10,146,392
06/02/2004,OPF,FL,ASO,ES,Federal Contract Tower,0,10,63,4,77,0,7,223,5,235,0,17,286,9,312,70,0,70,382
06/03/2004,OPF,FL,ASO,ES,Federal Contract Tower,1,9,51,3,64,1,13,182,17,213,2,22,233,20,277,88,2,90,367
06/04/2004,OPF,FL,ASO,ES,Federal Contract Tower,0,7,43,3,53,0,10,181,3,194,0,17,224,6,247,84,2,86,333
06/05/2004,OPF,FL,ASO,ES,Federal Contract Tower,0,3,28,2,33,0,0,137,6,143,0,3,165,8,176,118,0,118,294
06/06/2004,OPF,FL,ASO,ES,Federal Contract Tower,0,3,38,3,44,0,0,135,10,145,0,3,173,13,189,60,0,60,249
06/07/2004,OPF,FL,ASO,ES,Federal Contract Tower,0,9,55,4,68,0,7,131,6,144,0,16,186,10,212,78,0,78,290
06/08/2004,OPF,FL,ASO,ES,Federal Contract Tower,1,10,60,5,76,1,7,92,11,111,2,17,152,16,187,12,0,12,199
06/09/2004,OPF,FL,ASO,ES,Federal Contract Tower,0,6,35,2,43,0,10,164,11,185,0,16,199,13,228,68,0,68,296
06/10/2004,OPF,FL,ASO,ES,Federal Contract Tower,0,9,55,4,68,0,9,127,15,151,0,18,182,19,219,26,12,38,257
06/11/2004,OPF,FL,ASO,ES,Federal Contract Tower,0,9,54,4,67,0,11,222,12,245,0,20,276,16,312,92,16,108,420
06/12/2004,OPF,FL,ASO,ES,Federal Contract Tower,0,4,25,1,30,0,3,199,12,214,0,7,224,13,244,170,0,170,414
06/13/2004,OPF,FL,ASO,ES,Federal Contract Tower,0,2,56,4,62,0,0,133,10,143,0,2,189,14,205,70,16,86,291
06/14/2004,OPF,FL,ASO,ES,Federal Contract Tower,1,7,37,3,48,1,6,186,10,203,2,13,223,13,251,111,0,111,362
06/15/2004,OPF,FL,ASO,ES,Federal Contract Tower,1,11,59,5,76,1,8,157,9,175,2,19,216,14,251,54,8,62,313
06/16/2004,OPF,FL,ASO,ES,Federal Contract Tower,0,10,51,3,64,0,14,158,15,187,0,24,209,18,251,130,18,148,399
06/17/2004,OPF,FL,ASO,ES,Federal Contract Tower,0,11,55,4,70,0,9,158,10,177,0,20,213,14,247,86,1,87,334
06/18/2004,OPF,FL,ASO,ES,Federal Contract Tower,0,15,79,5,99,0,3,186,19,208,0,18,265,24,307,100,38,138,445
06/19/2004,OPF,FL,ASO,ES,Federal Contract Tower,0,5,25,2,32,0,1,168,4,173,0,6,193,6,205,74,0,74,279
06/20/2004,OPF,FL,ASO,ES,Federal Contract Tower,0,8,47,3,58,0,0,141,8,149,0,8,188,11,207,92,0,92,299
06/21/2004,OPF,FL,ASO,ES,Federal Contract Tower,0,7,34,3,44,2,16,117,12,147,2,23,151,15,191,64,0,64,255
06/22/2004,OPF,FL,ASO,ES,Federal Contract Tower,0,10,52,5,67,2,11,145,10,168,2,21,197,15,235,116,0,116,351
06/23/2004,OPF,FL,ASO,ES,Federal Contract Tower,0,11,58,5,74,0,11,168,4,183,0,22,226,9,257,134,0,134,391
06/24/2004,OPF,FL,ASO,ES,Federal Contract Tower,0,11,56,5,72,6,6,163,9,184,6,17,219,14,256,144,0,144,400
06/25/2004,OPF,FL,ASO,ES,Federal Contract Tower,0,8,44,4,56,1,15,246,11,273,1,23,290,15,329,164,44,208,537
06/26/2004,OPF,FL,ASO,ES,Federal Contract Tower,0,6,31,3,40,0,1,193,8,202,0,7,224,11,242,170,0,170,412
06/27/2004,OPF,FL,ASO,ES,Federal Contract Tower,0,4,47,5,56,0,0,169,3,172,0,4,216,8,228,44,12,56,284
06/28/2004,OPF,FL,ASO,ES,Federal Contract Tower,0,8,41,3,52,0,7,137,9,153,0,15,178,12,205,136,0,136,341
06/29/2004,OPF,FL,ASO,ES,Federal Contract Tower,0,13,68,5,86,2,11,200,7,220,2,24,268,12,306,160,0,160,466
06/30/2004,OPF,FL,ASO,ES,Federal Contract Tower,0,9,48,3,60,0,14,165,16,195,0,23,213,19,255,166,28,194,449
07/01/2004,OPF,FL,ASO,ES,Federal Contract Tower,0,15,60,3,78,0,5,211,7,223,0,20,271,10,301,70,0,70,371
07/02/2004,OPF,FL,ASO,ES,Federal Contract Tower,1,13,49,2,65,3,16,247,26,292,4,29,296,28,357,196,34,230,587
07/03/2004,OPF,FL,ASO,ES,Federal Contract Tower,1,3,13,0,17,0,1,210,12,223,1,4,223,12,240,108,0,108,348
07/04/2004,OPF,FL,ASO,ES,Federal Contract Tower,0,17,71,4,92,0,0,52,1,53,0,17,123,5,145,42,0,42,187
07/05/2004,OPF,FL,ASO,ES,Federal Contract Tower,0,8,32,2,42,0,7,143,4,154,0,15,175,6,196,146,0,146,342
07/06/2004,OPF,FL,ASO,ES,Federal Contract Tower,1,13,52,3,69,0,0,191,9,200,1,13,243,12,269,114,0,114,383
07/07/2004,OPF,FL,ASO,ES,Federal Contract Tower,1,12,46,3,62,2,9,194,8,213,3,21,240,11,275,114,38,152,427
07/08/2004,OPF,FL,ASO,ES,Federal Contract Tower,1,13,52,2,68,0,6,166,12,184,1,19,218,14,252,210,0,210,462
07/09/2004,OPF,FL,ASO,ES,Federal Contract Tower,0,12,45,2,59,0,15,175,18,208,0,27,220,20,267,112,12,124,391
07/10/2004,OPF,FL,ASO,ES,Federal Contract Tower,0,5,23,1,29,0,5,149,5,159,0,10,172,6,188,144,0,144,332
07/11/2004,OPF,FL,ASO,ES,Federal Contract Tower,1,12,45,2,60,0,8,197,3,208,1,20,242,5,268,74,0,74,342
07/12/2004,OPF,FL,ASO,ES,Federal Contract Tower,1,11,43,3,58,1,5,156,35,197,2,16,199,38,255,198,10,208,463
07/13/2004,OPF,FL,ASO,ES,Federal Contract Tower,1,14,48,3,66,1,18,122,19,160,2,32,170,22,226,160,90,250,476
07/14/2004,OPF,FL,ASO,ES,Federal Contract Tower,0,15,56,3,74,0,7,142,27,176,0,22,198,30,250,56,56,112,362
07/15/2004,OPF,FL,ASO,ES,Federal Contract Tower,0,18,65,4,87,0,2,212,8,222,0,20,277,12,309,102,8,110,419
07/16/2004,OPF,FL,ASO,ES,Federal Contract Tower,0,10,34,1,45,0,6,155,8,169,0,16,189,9,214,96,50,146,360
07/17/2004,OPF,FL,ASO,ES,Federal Contract Tower,1,2,21,1,25,0,0,129,12,141,1,2,150,13,166,206,0,206,372
07/18/2004,OPF,FL,ASO,ES,Federal Contract Tower,1,15,54,4,74,0,11,163,6,180,1,26,217,10,254,36,46,82,336
07/19/2004,OPF,FL,ASO,ES,Federal Contract Tower,0,9,29,2,40,6,7,122,12,147,6,16,151,14,187,86,0,86,273
07/20/2004,OPF,FL,ASO,ES,Federal Contract Tower,0,12,42,4,58,0,17,131,15,163,0,29,173,19,221,96,2,98,319
07/21/2004,OPF,FL,ASO,ES,Federal Contract Tower,0,14,48,3,65,0,8,173,13,194,0,22,221,16,259,116,0,116,375
07/22/2004,OPF,FL,ASO,ES,Federal Contract Tower,0,16,57,4,77,0,14,181,19,214,0,30,238,23,291,64,28,92,383
07/23/2004,OPF,FL,ASO,ES,Federal Contract Tower,0,11,37,3,51,0,8,204,23,235,0,19,241,26,286,98,36,134,420
07/24/2004,OPF,FL,ASO,ES,Federal Contract Tower,0,10,34,2,46,0,0,227,6,233,0,10,261,8,279,174,56,230,509
07/25/2004,OPF,FL,ASO,ES,Federal Contract Tower,0,7,44,3,54,0,0,206,4,210,0,7,250,7,264,12,14,26,290
07/26/2004,OPF,FL,ASO,ES,Federal Contract Tower,0,13,45,4,62,0,10,138,14,162,0,23,183,18,224,166,54,220,444
07/27/2004,OPF,FL,ASO,ES,Federal Contract Tower,0,15,56,4,75,0,7,137,24,168,0,22,193,28,243,144,14,158,401
07/28/2004,OPF,FL,ASO,ES,Federal Contract Tower,0,12,44,3,59,0,5,116,17,138,0,17,160,20,197,120,2,122,319
07/29/2004,OPF,FL,ASO,ES,Federal Contract Tower,0,14,52,2,68,0,25,175,12,212,0,39,227,14,280,152,0,152,432
07/30/2004,OPF,FL,ASO,ES,Federal Contract Tower,0,11,39,2,52,0,9,157,13,179,0,20,196,15,231,136,0,136,367
07/31/2004,OPF,FL,ASO,ES,Federal Contract Tower,0,6,28,1,35,0,0,143,11,154,0,6,171,12,189,144,0,144,333
08/01/2004,OPF,FL,ASO,ES,Federal Contract Tower,0,5,36,2,43,0,0,139,8,147,0,5,175,10,190,38,0,38,228
08/02/2004,OPF,FL,ASO,ES,Federal Contract Tower,0,10,63,5,78,0,0,101,30,131,0,10,164,35,209,112,68,180,389
08/03/2004,OPF,FL,ASO,ES,Federal Contract Tower,0,13,59,4,76,0,4,88,13,105,0,17,147,17,181,28,0,28,209
08/04/2004,OPF,FL,ASO,ES,Federal Contract Tower,0,15,62,4,81,0,5,134,8,147,0,20,196,12,228,92,0,92,320
08/05/2004,OPF,FL,ASO,ES,Federal Contract Tower,0,13,55,4,72,0,13,109,9,131,0,26,164,13,203,65,2,67,270
08/06/2004,OPF,FL,ASO,ES,Federal Contract Tower,0,13,53,4,70,0,19,175,25,219,0,32,228,29,289,136,16,152,441
08/07/2004,OPF,FL,ASO,ES,Federal Contract Tower,0,10,53,5,68,0,0,92,12,104,0,10,145,17,172,86,0,86,258
08/08/2004,OPF,FL,ASO,ES,Federal Contract Tower,0,7,34,3,44,1,0,163,20,184,1,7,197,23,228,38,10,48,276
08/09/2004,OPF,FL,ASO,ES,Federal Contract Tower,0,7,30,3,40,1,9,172,21,203,1,16,202,24,243,136,16,152,395
08/10/2004,OPF,FL,ASO,ES,Federal Contract Tower,0,15,62,5,82,0,2,176,33,211,0,17,238,38,293,182,10,192,485
08/11/2004,OPF,FL,ASO,ES,Federal Contract Tower,0,12,50,4,66,0,7,171,22,200,0,19,221,26,266,208,18,226,492
08/12/2004,OPF,FL,ASO,ES,Federal Contract Tower,0,14,57,5,76,0,9,145,4,158,0,23,202,9,234,120,0,120,354
08/13/2004,OPF,FL,ASO,ES,Federal Contract Tower,0,4,18,2,24,1,3,33,7,44,1,7,51,9,68,12,0,12,80
08/14/2004,OPF,FL,ASO,ES,Federal Contract Tower,0,4,38,3,45,0,0,153,23,176,0,4,191,26,221,114,30,144,365
08/15/2004,OPF,FL,ASO,ES,Federal Contract Tower,0,7,32,3,42,0,0,192,24,216,0,7,224,27,258,60,0,60,318
08/16/2004,OPF,FL,ASO,ES,Federal Contract Tower,0,9,39,4,52,0,4,136,17,157,0,13,175,21,209,56,56,112,321
08/17/2004,OPF,FL,ASO,ES,Federal Contract Tower,0,14,56,5,75,0,5,150,23,178,0,19,206,28,253,94,11,105,358
08/18/2004,OPF,FL,ASO,ES,Federal Contract Tower,0,17,69,6,92,0,7,124,3,134,0,24,193,9,226,90,0,90,316
08/19/2004,OPF,FL,ASO,ES,Federal Contract Tower,0,17,72,6,95,0,5,156,14,175,0,22,228,20,270,102,14,116,386
08/20/2004,OPF,FL,ASO,ES,Federal Contract Tower,0,12,52,5,69,0,6,171,13,190,0,18,223,18,259,75,0,75,334
08/21/2004,OPF,FL,ASO,ES,Federal Contract Tower,0,5,28,3,36,0,0,215,13,228,0,5,243,16,264,128,20,148,412
08/22/2004,OPF,FL,ASO,ES,Federal Contract Tower,0,9,38,2,49,1,0,211,22,234,1,9,249,24,283,102,0,102,385
08/23/2004,OPF,FL,ASO,ES,Federal Contract Tower,0,11,47,3,61,0,5,179,11,195,0,16,226,14,256,58,0,58,314
08/24/2004,OPF,FL,ASO,ES,Federal Contract Tower,0,11,47,3,61,0,4,158,34,196,0,15,205,37,257,36,0,36,293
08/25/2004,OPF,FL,ASO,ES,Federal Contract Tower,0,16,67,5,88,0,7,136,19,162,0,23,203,24,250,58,18,76,326
08/26/2004,OPF,FL,ASO,ES,Federal Contract Tower,0,15,62,4,81,0,8,175,21,204,0,23,237,25,285,158,0,158,443
08/27/2004,OPF,FL,ASO,ES,Federal Contract Tower,0,11,47,3,61,1,7,142,15,165,1,18,189,18,226,78,10,88,314
08/28/2004,OPF,FL,ASO,ES,Federal Contract Tower,0,8,32,2,42,0,2,228,6,236,0,10,260,8,278,130,0,130,408
08/29/2004,OPF,FL,ASO,ES,Federal Contract Tower,0,6,38,2,46,0,0,288,12,300,0,6,326,14,346,42,0,42,388
08/30/2004,OPF,FL,ASO,ES,Federal Contract Tower,0,10,44,3,57,1,8,184,19,212,1,18,228,22,269,120,2,122,391
08/31/2004,OPF,FL,ASO,ES,Federal Contract Tower,0,5,19,1,25,0,22,147,19,188,0,27,166,20,213,50,2,52,265
09/01/2004,OPF,FL,ASO,ES,Federal Contract Tower,1,16,57,4,78,0,3,125,12,140,1,19,182,16,218,104,32,136,354
09/02/2004,OPF,FL,ASO,ES,Federal Contract Tower,0,19,69,5,93,0,7,130,10,147,0,26,199,15,240,14,0,14,254
09/03/2004,OPF,FL,ASO,ES,Federal Contract Tower,1,3,11,0,15,0,1,35,17,53,1,4,46,17,68,0,4,4,72
09/04/2004,OPF,FL,ASO,ES,Federal Contract Tower,0,0,0,0,0,0,0,0,0,0,0,0,0,0,0,0,0,0,0
09/05/2004,OPF,FL,ASO,ES,Federal Contract Tower,0,0,1,0,1,0,0,11,8,19,0,0,12,8,20,0,0,0,20
09/06/2004,OPF,FL,ASO,ES,Federal Contract Tower,0,8,33,2,43,0,4,97,20,121,0,12,130,22,164,0,0,0,164
09/07/2004,OPF,FL,ASO,ES,Federal Contract Tower,0,10,36,2,48,0,8,96,27,131,0,18,132,29,179,4,20,24,203
09/08/2004,OPF,FL,ASO,ES,Federal Contract Tower,0,13,47,3,63,0,8,99,15,122,0,21,146,18,185,40,42,82,267
09/09/2004,OPF,FL,ASO,ES,Federal Contract Tower,0,15,50,4,69,0,9,137,10,156,0,24,187,14,225,112,0,112,337
09/10/2004,OPF,FL,ASO,ES,Federal Contract Tower,0,15,52,4,71,0,3,177,13,193,0,18,229,17,264,44,8,52,316
09/11/2004,OPF,FL,ASO,ES,Federal Contract Tower,0,4,30,3,37,0,0,203,21,224,0,4,233,24,261,96,0,96,357
09/12/2004,OPF,FL,ASO,ES,Federal Contract Tower,0,5,16,2,23,0,9,157,2,168,0,14,173,4,191,40,0,40,231
09/13/2004,OPF,FL,ASO,ES,Federal Contract Tower,0,9,31,3,43,0,13,103,21,137,0,22,134,24,180,26,36,62,242
09/14/2004,OPF,FL,ASO,ES,Federal Contract Tower,0,12,42,4,58,0,10,185,25,220,0,22,227,29,278,20,0,20,298
09/15/2004,OPF,FL,ASO,ES,Federal Contract Tower,0,12,40,4,56,1,7,59,2,69,1,19,99,6,125,20,32,52,177
09/16/2004,OPF,FL,ASO,ES,Federal Contract Tower,0,16,56,5,77,0,15,148,13,176,0,31,204,18,253,48,0,48,301
09/17/2004,OPF,FL,ASO,ES,Federal Contract Tower,0,12,40,4,56,0,8,171,14,193,0,20,211,18,249,86,0,86,335
09/18/2004,OPF,FL,ASO,ES,Federal Contract Tower,0,11,39,4,54,0,2,125,10,137,0,13,164,14,191,86,0,86,277
09/19/2004,OPF,FL,ASO,ES,Federal Contract Tower,0,6,34,3,43,0,0,194,5,199,0,6,228,8,242,18,0,18,260
09/20/2004,OPF,FL,ASO,ES,Federal Contract Tower,0,9,29,3,41,0,20,149,24,193,0,29,178,27,234,44,50,94,328
09/21/2004,OPF,FL,ASO,ES,Federal Contract Tower,0,13,46,3,62,0,1,162,27,190,0,14,208,30,252,96,46,142,394
09/22/2004,OPF,FL,ASO,ES,Federal Contract Tower,0,16,59,5,80,0,0,71,8,79,0,16,130,13,159,58,12,70,229
09/23/2004,OPF,FL,ASO,ES,Federal Contract Tower,0,16,55,4,75,0,6,175,16,197,0,22,230,20,272,96,0,96,368
09/24/2004,OPF,FL,ASO,ES,Federal Contract Tower,0,14,47,3,64,0,6,172,9,187,0,20,219,12,251,124,14,138,389
09/25/2004,OPF,FL,ASO,ES,Federal Contract Tower,0,4,25,1,30,0,0,62,11,73,0,4,87,12,103,0,0,0,103
09/26/2004,OPF,FL,ASO,ES,Federal Contract Tower,0,2,7,0,9,0,0,31,8,39,0,2,38,8,48,0,0,0,48
09/27/2004,OPF,FL,ASO,ES,Federal Contract Tower,0,15,50,3,68,0,14,158,13,185,0,29,208,16,253,48,0,48,301
09/28/2004,OPF,FL,ASO,ES,Federal Contract Tower,0,15,49,3,67,0,0,156,44,200,0,15,205,47,267,80,6,86,353
09/29/2004,OPF,FL,ASO,ES,Federal Contract Tower,0,0,1,0,1,0,14,171,12,197,0,14,172,12,198,54,42,96,294
09/30/2004,OPF,FL,ASO,ES,Federal Contract Tower,0,2,7,0,9,0,0,21,32,53,0,2,28,32,62,0,0,0,62
10/01/2004,OPF,FL,ASO,ES,Federal Contract Tower,0,10,49,3,62,0,10,212,21,243,0,20,261,24,305,158,14,172,477
10/02/2004,OPF,FL,ASO,ES,Federal Contract Tower,0,11,25,0,36,0,0,154,5,159,0,11,179,5,195,108,0,108,303
10/03/2004,OPF,FL,ASO,ES,Federal Contract Tower,0,7,60,0,67,0,1,296,0,297,0,8,356,0,364,78,0,78,442
10/04/2004,OPF,FL,ASO,ES,Federal Contract Tower,0,15,34,2,51,0,0,235,17,252,0,15,269,19,303,90,22,112,415
10/05/2004,OPF,FL,ASO,ES,Federal Contract Tower,0,16,69,1,86,0,3,242,10,255,0,19,311,11,341,106,12,118,459
10/06/2004,OPF,FL,ASO,ES,Federal Contract Tower,0,13,67,0,80,0,5,211,12,228,0,18,278,12,308,82,6,88,396
10/07/2004,OPF,FL,ASO,ES,Federal Contract Tower,0,15,64,4,83,0,14,146,22,182,0,29,210,26,265,36,18,54,319
10/08/2004,OPF,FL,ASO,ES,Federal Contract Tower,0,18,63,0,81,0,11,216,15,242,0,29,279,15,323,132,26,158,481
10/09/2004,OPF,FL,ASO,ES,Federal Contract Tower,0,1,27,1,29,0,4,207,8,219,0,5,234,9,248,164,0,164,412
10/10/2004,OPF,FL,ASO,ES,Federal Contract Tower,0,4,41,0,45,0,0,323,5,328,0,4,364,5,373,96,0,96,469
10/11/2004,OPF,FL,ASO,ES,Federal Contract Tower,0,5,54,0,59,0,6,162,17,185,0,11,216,17,244,122,0,122,366
10/12/2004,OPF,FL,ASO,ES,Federal Contract Tower,0,11,41,0,52,0,6,135,14,155,0,17,176,14,207,130,12,142,349
10/13/2004,OPF,FL,ASO,ES,Federal Contract Tower,0,18,62,2,82,0,8,160,12,180,0,26,222,14,262,62,0,62,324
10/14/2004,OPF,FL,ASO,ES,Federal Contract Tower,0,16,68,7,91,0,6,187,20,213,0,22,255,27,304,118,0,118,422
10/15/2004,OPF,FL,ASO,ES,Federal Contract Tower,1,14,60,5,80,0,5,169,20,194,1,19,229,25,274,80,0,80,354
10/16/2004,OPF,FL,ASO,ES,Federal Contract Tower,0,2,47,3,52,0,1,160,7,168,0,3,207,10,220,96,0,96,316
10/17/2004,OPF,FL,ASO,ES,Federal Contract Tower,0,4,52,5,61,0,2,273,8,283,0,6,325,13,344,132,0,132,476
10/18/2004,OPF,FL,ASO,ES,Federal Contract Tower,0,12,53,4,69,0,6,136,17,159,0,18,189,21,228,102,12,114,342
10/19/2004,OPF,FL,ASO,ES,Federal Contract Tower,0,18,41,4,63,0,7,170,26,203,0,25,211,30,266,112,28,140,406
10/20/2004,OPF,FL,ASO,ES,Federal Contract Tower,0,13,46,1,60,0,3,123,6,132,0,16,169,7,192,132,0,132,324
10/21/2004,OPF,FL,ASO,ES,Federal Contract Tower,2,23,50,0,75,0,1,163,13,177,2,24,213,13,252,70,2,72,324
10/22/2004,OPF,FL,ASO,ES,Federal Contract Tower,0,12,57,9,78,0,8,170,24,202,0,20,227,33,280,52,12,64,344
10/23/2004,OPF,FL,ASO,ES,Federal Contract Tower,0,2,56,4,62,1,0,247,6,254,1,2,303,10,316,96,0,96,412
10/24/2004,OPF,FL,ASO,ES,Federal Contract Tower,0,5,57,3,65,0,2,218,9,229,0,7,275,12,294,102,0,102,396
10/25/2004,OPF,FL,ASO,ES,Federal Contract Tower,0,15,67,1,83,0,7,182,9,198,0,22,249,10,281,82,0,82,363
10/26/2004,OPF,FL,ASO,ES,Federal Contract Tower,0,17,79,9,105,0,3,178,28,209,0,20,257,37,314,136,28,164,478
10/27/2004,OPF,FL,ASO,ES,Federal Contract Tower,0,15,89,1,105,0,8,192,15,215,0,23,281,16,320,126,66,192,512
10/28/2004,OPF,FL,ASO,ES,Federal Contract Tower,0,18,67,9,94,0,9,212,12,233,0,27,279,21,327,74,14,88,415
10/29/2004,OPF,FL,ASO,ES,Federal Contract Tower,0,16,37,11,64,0,9,251,29,289,0,25,288,40,353,172,24,196,549
10/30/2004,OPF,FL,ASO,ES,Federal Contract Tower,0,3,54,12,69,0,0,225,40,265,0,3,279,52,334,132,2,134,468
10/31/2004,OPF,FL,ASO,ES,Federal Contract Tower,0,6,43,1,50,0,0,154,3,157,0,6,197,4,207,32,0,32,239
11/01/2004,OPF,FL,ASO,ES,Federal Contract Tower,0,9,41,4,54,0,8,198,27,233,0,17,239,31,287,90,40,130,417
11/02/2004,OPF,FL,ASO,ES,Federal Contract Tower,0,21,45,5,71,0,10,206,26,242,0,31,251,31,313,78,16,94,407
11/03/2004,OPF,FL,ASO,ES,Federal Contract Tower,0,18,48,1,67,0,3,163,24,190,0,21,211,25,257,184,16,200,457
11/04/2004,OPF,FL,ASO,ES,Federal Contract Tower,0,19,101,5,125,0,12,198,14,224,0,31,299,19,349,204,0,204,553
11/05/2004,OPF,FL,ASO,ES,Federal Contract Tower,0,18,70,14,102,0,5,178,19,202,0,23,248,33,304,116,22,138,442
11/06/2004,OPF,FL,ASO,ES,Federal Contract Tower,0,7,48,0,55,0,3,149,6,158,0,10,197,6,213,118,12,130,343
11/07/2004,OPF,FL,ASO,ES,Federal Contract Tower,0,2,60,6,68,0,5,239,23,267,0,7,299,29,335,170,0,170,505
11/08/2004,OPF,FL,ASO,ES,Federal Contract Tower,0,7,42,6,55,0,6,193,13,212,0,13,235,19,267,111,68,179,446
11/09/2004,OPF,FL,ASO,ES,Federal Contract Tower,2,15,45,1,63,0,3,157,25,185,2,18,202,26,248,116,60,176,424
11/10/2004,OPF,FL,ASO,ES,Federal Contract Tower,0,20,68,20,108,0,9,136,21,166,0,29,204,41,274,46,32,78,352
11/11/2004,OPF,FL,ASO,ES,Federal Contract Tower,0,13,80,2,95,0,10,221,8,239,0,23,301,10,334,116,18,134,468
11/12/2004,OPF,FL,ASO,ES,Federal Contract Tower,0,14,80,6,100,0,9,195,19,223,0,23,275,25,323,148,8,156,479
11/13/2004,OPF,FL,ASO,ES,Federal Contract Tower,0,3,39,4,46,0,4,161,8,173,0,7,200,12,219,166,0,166,385
11/14/2004,OPF,FL,ASO,ES,Federal Contract Tower,0,7,82,3,92,0,5,92,8,105,0,12,174,11,197,64,0,64,261
11/15/2004,OPF,FL,ASO,ES,Federal Contract Tower,2,15,41,8,66,0,7,108,19,134,2,22,149,27,200,86,8,94,294
11/16/2004,OPF,FL,ASO,ES,Federal Contract Tower,1,18,85,8,112,1,5,179,7,192,2,23,264,15,304,108,0,108,412
11/17/2004,OPF,FL,ASO,ES,Federal Contract Tower,1,17,95,9,122,0,4,159,16,179,1,21,254,25,301,130,6,136,437
11/18/2004,OPF,FL,ASO,ES,Federal Contract Tower,0,22,105,9,136,0,4,177,11,192,0,26,282,20,328,132,0,132,460
11/19/2004,OPF,FL,ASO,ES,Federal Contract Tower,0,18,72,6,96,0,3,176,24,203,0,21,248,30,299,174,6,180,479
11/20/2004,OPF,FL,ASO,ES,Federal Contract Tower,0,3,62,3,68,0,3,127,7,137,0,6,189,10,205,188,6,194,399
11/21/2004,OPF,FL,ASO,ES,Federal Contract Tower,0,9,56,2,67,0,7,126,10,143,0,16,182,12,210,68,0,68,278
11/22/2004,OPF,FL,ASO,ES,Federal Contract Tower,2,12,47,3,64,0,2,153,28,183,2,14,200,31,247,132,44,176,423
11/23/2004,OPF,FL,ASO,ES,Federal Contract Tower,0,16,68,0,84,0,6,189,23,218,0,22,257,23,302,170,0,170,472
11/24/2004,OPF,FL,ASO,ES,Federal Contract Tower,0,15,80,2,97,0,5,127,16,148,0,20,207,18,245,56,16,72,317
11/25/2004,OPF,FL,ASO,ES,Federal Contract Tower,1,7,33,0,41,0,3,49,4,56,1,10,82,4,97,62,0,62,159
11/26/2004,OPF,FL,ASO,ES,Federal Contract Tower,0,11,24,2,37,0,30,166,8,204,0,41,190,10,241,128,26,154,395
11/27/2004,OPF,FL,ASO,ES,Federal Contract Tower,2,2,48,2,54,0,8,149,5,162,2,10,197,7,216,240,14,254,470
11/28/2004,OPF,FL,ASO,ES,Federal Contract Tower,0,5,94,5,104,0,4,130,5,139,0,9,224,10,243,42,0,42,285
11/29/2004,OPF,FL,ASO,ES,Federal Contract Tower,2,13,66,2,83,0,3,118,13,134,2,16,184,15,217,88,4,92,309
11/30/2004,OPF,FL,ASO,ES,Federal Contract Tower,0,22,63,2,87,0,2,160,26,188,0,24,223,28,275,134,34,168,443
12/01/2004,OPF,FL,ASO,ES,Federal Contract Tower,2,23,54,2,81,0,6,104,11,121,2,29,158,13,202,76,0,76,278
12/02/2004,OPF,FL,ASO,ES,Federal Contract Tower,0,23,77,9,109,0,2,145,20,167,0,25,222,29,276,166,18,184,460
12/03/2004,OPF,FL,ASO,ES,Federal Contract Tower,1,20,85,3,109,0,11,178,23,212,1,31,263,26,321,123,2,125,446
12/04/2004,OPF,FL,ASO,ES,Federal Contract Tower,0,5,72,7,84,0,3,184,20,207,0,8,256,27,291,70,0,70,361
12/05/2004,OPF,FL,ASO,ES,Federal Contract Tower,0,7,79,4,90,0,15,158,28,201,0,22,237,32,291,120,0,120,411
12/06/2004,OPF,FL,ASO,ES,Federal Contract Tower,2,18,45,6,71,0,6,141,19,166,2,24,186,25,237,60,22,82,319
12/07/2004,OPF,FL,ASO,ES,Federal Contract Tower,2,15,69,7,93,0,4,189,14,207,2,19,258,21,300,136,18,154,454
12/08/2004,OPF,FL,ASO,ES,Federal Contract Tower,0,16,63,1,80,0,5,136,19,160,0,21,199,20,240,114,28,142,382
12/09/2004,OPF,FL,ASO,ES,Federal Contract Tower,0,18,83,8,109,0,9,137,15,161,0,27,220,23,270,88,30,118,388
12/10/2004,OPF,FL,ASO,ES,Federal Contract Tower,1,27,71,5,104,0,7,191,9,207,1,34,262,14,311,78,68,146,457
12/11/2004,OPF,FL,ASO,ES,Federal Contract Tower,1,2,50,0,53,0,5,145,7,157,1,7,195,7,210,98,4,102,312
12/12/2004,OPF,FL,ASO,ES,Federal Contract Tower,1,3,65,4,73,0,5,144,6,155,1,8,209,10,228,116,0,116,344
12/13/2004,OPF,FL,ASO,ES,Federal Contract Tower,1,12,56,0,69,0,2,138,18,158,1,14,194,18,227,140,33,173,400
12/14/2004,OPF,FL,ASO,ES,Federal Contract Tower,0,21,50,4,75,0,5,191,22,218,0,26,241,26,293,152,12,164,457
12/15/2004,OPF,FL,ASO,ES,Federal Contract Tower,2,23,61,6,92,0,6,143,8,157,2,29,204,14,249,42,38,80,329
12/16/2004,OPF,FL,ASO,ES,Federal Contract Tower,1,18,56,13,88,0,2,151,25,178,1,20,207,38,266,96,14,110,376
12/17/2004,OPF,FL,ASO,ES,Federal Contract Tower,0,29,57,5,91,0,4,101,27,132,0,33,158,32,223,72,48,120,343
12/18/2004,OPF,FL,ASO,ES,Federal Contract Tower,0,6,71,0,77,0,0,133,10,143,0,6,204,10,220,90,0,90,310
12/19/2004,OPF,FL,ASO,ES,Federal Contract Tower,0,6,51,0,57,0,4,94,7,105,0,10,145,7,162,68,8,76,238
12/20/2004,OPF,FL,ASO,ES,Federal Contract Tower,2,13,84,4,103,0,6,151,21,178,2,19,235,25,281,46,0,46,327
12/21/2004,OPF,FL,ASO,ES,Federal Contract Tower,0,20,47,11,78,0,6,143,12,161,0,26,190,23,239,97,46,143,382
12/22/2004,OPF,FL,ASO,ES,Federal Contract Tower,0,28,63,0,91,0,7,166,11,184,0,35,229,11,275,82,18,100,375
12/23/2004,OPF,FL,ASO,ES,Federal Contract Tower,0,20,46,1,67,0,4,152,6,162,0,24,198,7,229,26,2,28,257
12/24/2004,OPF,FL,ASO,ES,Federal Contract Tower,3,14,49,0,66,0,3,120,12,135,3,17,169,12,201,112,0,112,313
12/25/2004,OPF,FL,ASO,ES,Federal Contract Tower,0,4,14,1,19,0,3,21,5,29,0,7,35,6,48,6,0,6,54
12/26/2004,OPF,FL,ASO,ES,Federal Contract Tower,0,5,47,0,52,0,4,19,12,35,0,9,66,12,87,20,0,20,107
12/27/2004,OPF,FL,ASO,ES,Federal Contract Tower,0,10,53,0,63,0,6,169,15,190,0,16,222,15,253,52,0,52,305
12/28/2004,OPF,FL,ASO,ES,Federal Contract Tower,0,18,70,0,88,0,0,132,9,141,0,18,202,9,229,27,0,27,256
12/29/2004,OPF,FL,ASO,ES,Federal Contract Tower,0,17,65,0,82,0,2,152,10,164,0,19,217,10,246,86,0,86,332
12/30/2004,OPF,FL,ASO,ES,Federal Contract Tower,0,21,69,4,94,0,7,177,8,192,0,28,246,12,286,32,12,44,330
12/31/2004,OPF,FL,ASO,ES,Federal Contract Tower,1,19,52,0,72,0,4,98,5,107,1,23,150,5,179,24,0,24,203
01/01/2005,OPF,FL,ASO,ES,Federal Contract Tower,0,2,40,0,42,0,5,90,6,101,0,7,130,6,143,6,0,6,149
01/02/2005,OPF,FL,ASO,ES,Federal Contract Tower,0,14,91,3,108,0,3,90,7,100,0,17,181,10,208,74,10,84,292
01/03/2005,OPF,FL,ASO,ES,Federal Contract Tower,0,16,56,1,73,0,0,157,8,165,0,16,213,9,238,40,0,40,278
01/04/2005,OPF,FL,ASO,ES,Federal Contract Tower,0,26,88,7,121,0,7,108,30,145,0,33,196,37,266,144,0,144,410
01/05/2005,OPF,FL,ASO,ES,Federal Contract Tower,0,28,133,5,166,0,2,109,14,125,0,30,242,19,291,74,12,86,377
01/06/2005,OPF,FL,ASO,ES,Federal Contract Tower,0,23,85,1,109,0,8,156,19,183,0,31,241,20,292,100,4,104,396
01/07/2005,OPF,FL,ASO,ES,Federal Contract Tower,0,31,71,2,104,0,2,199,12,213,0,33,270,14,317,114,0,114,431
01/08/2005,OPF,FL,ASO,ES,Federal Contract Tower,0,5,31,0,36,0,2,140,12,154,0,7,171,12,190,136,0,136,326
01/09/2005,OPF,FL,ASO,ES,Federal Contract Tower,0,7,62,2,71,0,3,94,3,100,0,10,156,5,171,84,20,104,275
01/10/2005,OPF,FL,ASO,ES,Federal Contract Tower,0,19,60,1,80,0,3,146,22,171,0,22,206,23,251,84,0,84,335
01/11/2005,OPF,FL,ASO,ES,Federal Contract Tower,0,21,54,7,82,0,3,136,16,155,0,24,190,23,237,72,4,76,313
01/12/2005,OPF,FL,ASO,ES,Federal Contract Tower,0,16,53,9,78,0,9,129,9,147,0,25,182,18,225,94,0,94,319
01/13/2005,OPF,FL,ASO,ES,Federal Contract Tower,0,16,83,3,102,0,5,129,17,151,0,21,212,20,253,92,66,158,411
01/14/2005,OPF,FL,ASO,ES,Federal Contract Tower,0,32,45,7,84,0,2,85,14,101,0,34,130,21,185,70,10,80,265
01/15/2005,OPF,FL,ASO,ES,Federal Contract Tower,0,6,77,4,87,0,0,14,1,15,0,6,91,5,102,0,0,0,102
01/16/2005,OPF,FL,ASO,ES,Federal Contract Tower,0,10,35,3,48,0,7,77,10,94,0,17,112,13,142,0,0,0,142
01/17/2005,OPF,FL,ASO,ES,Federal Contract Tower,0,4,61,1,66,0,5,127,11,143,0,9,188,12,209,28,24,52,261
01/18/2005,OPF,FL,ASO,ES,Federal Contract Tower,0,19,79,3,101,0,6,120,28,154,0,25,199,31,255,102,22,124,379
01/19/2005,OPF,FL,ASO,ES,Federal Contract Tower,0,22,64,2,88,0,5,149,9,163,0,27,213,11,251,142,16,158,409
01/20/2005,OPF,FL,ASO,ES,Federal Contract Tower,0,20,110,5,135,0,4,173,15,192,0,24,283,20,327,162,14,176,503
01/21/2005,OPF,FL,ASO,ES,Federal Contract Tower,0,28,76,5,109,0,7,195,24,226,0,35,271,29,335,198,46,244,579
01/22/2005,OPF,FL,ASO,ES,Federal Contract Tower,0,15,59,2,76,0,1,165,10,176,0,16,224,12,252,82,0,82,334
01/23/2005,OPF,FL,ASO,ES,Federal Contract Tower,0,4,41,9,54,0,2,74,15,91,0,6,115,24,145,52,12,64,209
01/24/2005,OPF,FL,ASO,ES,Federal Contract Tower,0,10,59,0,69,0,4,154,13,171,0,14,213,13,240,122,0,122,362
01/25/2005,OPF,FL,ASO,ES,Federal Contract Tower,1,23,50,1,75,0,4,115,10,129,1,27,165,11,204,92,0,92,296
01/26/2005,OPF,FL,ASO,ES,Federal Contract Tower,0,31,86,1,118,0,8,141,23,172,0,39,227,24,290,116,32,148,438
01/27/2005,OPF,FL,ASO,ES,Federal Contract Tower,0,28,95,2,125,0,4,168,17,189,0,32,263,19,314,214,32,246,560
01/28/2005,OPF,FL,ASO,ES,Federal Contract Tower,0,20,89,6,115,0,5,179,16,200,0,25,268,22,315,62,22,84,399
01/29/2005,OPF,FL,ASO,ES,Federal Contract Tower,0,5,50,0,55,0,4,179,11,194,0,9,229,11,249,100,0,100,349
01/30/2005,OPF,FL,ASO,ES,Federal Contract Tower,1,18,63,5,87,0,2,140,7,149,1,20,203,12,236,98,16,114,350
01/31/2005,OPF,FL,ASO,ES,Federal Contract Tower,1,14,62,3,80,0,0,145,18,163,1,14,207,21,243,112,20,132,375
02/01/2005,OPF,FL,ASO,ES,Federal Contract Tower,0,18,58,2,78,0,1,130,18,149,0,19,188,20,227,86,0,86,313
02/02/2005,OPF,FL,ASO,ES,Federal Contract Tower,0,26,80,7,113,0,8,118,12,138,0,34,198,19,251,176,62,238,489
02/03/2005,OPF,FL,ASO,ES,Federal Contract Tower,0,26,63,3,92,0,2,142,26,170,0,28,205,29,262,126,70,196,458
02/04/2005,OPF,FL,ASO,ES,Federal Contract Tower,0,28,83,8,119,0,4,123,5,132,0,32,206,13,251,44,68,112,363
02/05/2005,OPF,FL,ASO,ES,Federal Contract Tower,0,10,65,7,82,0,2,120,16,138,0,12,185,23,220,138,2,140,360
02/06/2005,OPF,FL,ASO,ES,Federal Contract Tower,0,5,66,4,75,0,3,118,21,142,0,8,184,25,217,72,28,100,317
02/07/2005,OPF,FL,ASO,ES,Federal Contract Tower,0,13,56,4,73,0,2,183,14,199,0,15,239,18,272,130,0,130,402
02/08/2005,OPF,FL,ASO,ES,Federal Contract Tower,0,20,69,5,94,0,7,112,18,137,0,27,181,23,231,112,4,116,347
02/09/2005,OPF,FL,ASO,ES,Federal Contract Tower,1,19,78,3,101,0,4,152,28,184,1,23,230,31,285,174,36,210,495
02/10/2005,OPF,FL,ASO,ES,Federal Contract Tower,3,22,103,12,140,0,3,198,24,225,3,25,301,36,365,142,70,212,577
02/11/2005,OPF,FL,ASO,ES,Federal Contract Tower,1,21,72,3,97,0,4,201,18,223,1,25,273,21,320,134,46,180,500
02/12/2005,OPF,FL,ASO,ES,Federal Contract Tower,0,5,68,4,77,0,2,159,11,172,0,7,227,15,249,132,24,156,405
02/13/2005,OPF,FL,ASO,ES,Federal Contract Tower,0,10,51,7,68,0,1,113,16,130,0,11,164,23,198,90,28,118,316
02/14/2005,OPF,FL,ASO,ES,Federal Contract Tower,0,13,51,9,73,0,3,155,24,182,0,16,206,33,255,86,34,120,375
02/15/2005,OPF,FL,ASO,ES,Federal Contract Tower,3,13,76,5,97,0,6,119,31,156,3,19,195,36,253,60,34,94,347
02/16/2005,OPF,FL,ASO,ES,Federal Contract Tower,0,21,108,3,132,0,3,209,14,226,0,24,317,17,358,196,4,200,558
02/17/2005,OPF,FL,ASO,ES,Federal Contract Tower,0,26,135,6,167,0,2,243,19,264,0,28,378,25,431,144,16,160,591
02/18/2005,OPF,FL,ASO,ES,Federal Contract Tower,0,18,170,2,190,0,10,250,20,280,0,28,420,22,470,124,16,140,610
02/19/2005,OPF,FL,ASO,ES,Federal Contract Tower,0,6,108,1,115,0,8,172,7,187,0,14,280,8,302,106,2,108,410
02/20/2005,OPF,FL,ASO,ES,Federal Contract Tower,0,15,90,4,109,0,0,220,12,232,0,15,310,16,341,104,72,176,517
02/21/2005,OPF,FL,ASO,ES,Federal Contract Tower,0,5,91,4,100,0,1,163,15,179,0,6,254,19,279,102,48,150,429
02/22/2005,OPF,FL,ASO,ES,Federal Contract Tower,0,16,79,4,99,0,6,172,26,204,0,22,251,30,303,74,10,84,387
02/23/2005,OPF,FL,ASO,ES,Federal Contract Tower,1,20,67,15,103,0,11,147,12,170,1,31,214,27,273,70,62,132,405
02/24/2005,OPF,FL,ASO,ES,Federal Contract Tower,0,21,82,10,113,0,2,129,17,148,0,23,211,27,261,52,102,154,415
02/25/2005,OPF,FL,ASO,ES,Federal Contract Tower,1,27,76,7,111,0,15,158,19,192,1,42,234,26,303,68,96,164,467
02/26/2005,OPF,FL,ASO,ES,Federal Contract Tower,0,9,86,7,102,0,2,104,31,137,0,11,190,38,239,128,20,148,387
02/27/2005,OPF,FL,ASO,ES,Federal Contract Tower,1,13,58,2,74,0,3,70,11,84,1,16,128,13,158,32,0,32,190
02/28/2005,OPF,FL,ASO,ES,Federal Contract Tower,0,12,57,18,87,0,6,119,30,155,0,18,176,48,242,50,0,50,292
03/01/2005,OPF,FL,ASO,ES,Federal Contract Tower,0,17,75,4,96,0,4,170,16,190,0,21,245,20,286,62,38,100,386
03/02/2005,OPF,FL,ASO,ES,Federal Contract Tower,0,22,77,4,103,0,3,193,7,203,0,25,270,11,306,74,32,106,412
03/03/2005,OPF,FL,ASO,ES,Federal Contract Tower,2,16,90,5,113,0,1,200,20,221,2,17,290,25,334,100,38,138,472
03/04/2005,OPF,FL,ASO,ES,Federal Contract Tower,0,21,88,5,114,0,1,171,8,180,0,22,259,13,294,60,92,152,446
03/05/2005,OPF,FL,ASO,ES,Federal Contract Tower,0,11,65,3,79,0,9,208,6,223,0,20,273,9,302,136,42,178,480
03/06/2005,OPF,FL,ASO,ES,Federal Contract Tower,0,3,87,1,91,0,0,203,11,214,0,3,290,12,305,182,22,204,509
03/07/2005,OPF,FL,ASO,ES,Federal Contract Tower,0,16,64,7,87,0,0,190,28,218,0,16,254,35,305,124,42,166,471
03/08/2005,OPF,FL,ASO,ES,Federal Contract Tower,1,18,61,5,85,0,10,82,13,105,1,28,143,18,190,142,76,218,408
03/09/2005,OPF,FL,ASO,ES,Federal Contract Tower,1,23,60,7,91,0,0,19,6,25,1,23,79,13,116,24,0,24,140
03/10/2005,OPF,FL,ASO,ES,Federal Contract Tower,0,12,72,6,90,0,0,159,21,180,0,12,231,27,270,96,102,198,468
03/11/2005,OPF,FL,ASO,ES,Federal Contract Tower,0,19,86,10,115,0,0,201,17,218,0,19,287,27,333,146,104,250,583
03/12/2005,OPF,FL,ASO,ES,Federal Contract Tower,0,8,48,1,57,0,2,171,5,178,0,10,219,6,235,98,0,98,333
03/13/2005,OPF,FL,ASO,ES,Federal Contract Tower,0,6,56,2,64,0,2,156,14,172,0,8,212,16,236,116,24,140,376
03/14/2005,OPF,FL,ASO,ES,Federal Contract Tower,1,19,65,5,90,0,1,156,19,176,1,20,221,24,266,110,82,192,458
03/15/2005,OPF,FL,ASO,ES,Federal Contract Tower,1,15,82,1,99,0,3,198,18,219,1,18,280,19,318,196,10,206,524
03/16/2005,OPF,FL,ASO,ES,Federal Contract Tower,1,22,59,0,82,0,4,150,15,169,1,26,209,15,251,64,74,138,389
03/17/2005,OPF,FL,ASO,ES,Federal Contract Tower,2,20,46,1,69,0,0,114,13,127,2,20,160,14,196,80,90,170,366
03/18/2005,OPF,FL,ASO,ES,Federal Contract Tower,0,21,91,4,116,0,3,234,33,270,0,24,325,37,386,140,108,248,634
03/19/2005,OPF,FL,ASO,ES,Federal Contract Tower,0,2,46,2,50,0,2,228,7,237,0,4,274,9,287,182,46,228,515
03/20/2005,OPF,FL,ASO,ES,Federal Contract Tower,6,10,58,2,76,0,2,168,4,174,6,12,226,6,250,190,2,192,442
03/21/2005,OPF,FL,ASO,ES,Federal Contract Tower,0,11,58,6,75,0,5,146,11,162,0,16,204,17,237,146,36,182,419
03/22/2005,OPF,FL,ASO,ES,Federal Contract Tower,1,31,76,4,112,0,4,144,12,160,1,35,220,16,272,124,44,168,440
03/23/2005,OPF,FL,ASO,ES,Federal Contract Tower,3,20,77,1,101,0,2,110,13,125,3,22,187,14,226,78,26,104,330
03/24/2005,OPF,FL,ASO,ES,Federal Contract Tower,0,21,98,8,127,0,5,258,17,280,0,26,356,25,407,208,52,260,667
03/25/2005,OPF,FL,ASO,ES,Federal Contract Tower,2,16,54,4,76,0,0,217,11,228,2,16,271,15,304,142,20,162,466
03/26/2005,OPF,FL,ASO,ES,Federal Contract Tower,2,13,64,1,80,0,2,188,8,198,2,15,252,9,278,234,12,246,524
03/27/2005,OPF,FL,ASO,ES,Federal Contract Tower,0,5,72,1,78,0,0,110,8,118,0,5,182,9,196,50,0,50,246
03/28/2005,OPF,FL,ASO,ES,Federal Contract Tower,2,23,84,3,112,0,11,70,11,92,2,34,154,14,204,46,0,46,250
03/29/2005,OPF,FL,ASO,ES,Federal Contract Tower,2,16,69,9,96,0,2,237,13,252,2,18,306,22,348,162,0,162,510
03/30/2005,OPF,FL,ASO,ES,Federal Contract Tower,0,20,76,1,97,0,7,171,20,198,0,27,247,21,295,144,18,162,457
03/31/2005,OPF,FL,ASO,ES,Federal Contract Tower,0,22,94,5,121,0,4,197,14,215,0,26,291,19,336,152,12,164,500
04/01/2005,OPF,FL,ASO,ES,Federal Contract Tower,0,11,45,4,60,0,0,217,10,227,0,11,262,14,287,84,8,92,379
04/02/2005,OPF,FL,ASO,ES,Federal Contract Tower,0,8,49,3,60,0,5,63,7,75,0,13,112,10,135,24,0,24,159
04/03/2005,OPF,FL,ASO,ES,Federal Contract Tower,2,13,86,5,106,0,5,125,8,138,2,18,211,13,244,66,0,66,310
04/04/2005,OPF,FL,ASO,ES,Federal Contract Tower,0,13,50,2,65,0,6,272,13,291,0,19,322,15,356,96,0,96,452
04/05/2005,OPF,FL,ASO,ES,Federal Contract Tower,1,21,46,8,76,0,2,249,21,272,1,23,295,29,348,100,58,158,506
04/06/2005,OPF,FL,ASO,ES,Federal Contract Tower,0,18,72,4,94,0,1,180,13,194,0,19,252,17,288,84,21,105,393
04/07/2005,OPF,FL,ASO,ES,Federal Contract Tower,2,24,86,6,118,0,6,256,17,279,2,30,342,23,397,124,12,136,533
04/08/2005,OPF,FL,ASO,ES,Federal Contract Tower,0,26,66,5,97,0,1,153,15,169,0,27,219,20,266,62,24,86,352
04/09/2005,OPF,FL,ASO,ES,Federal Contract Tower,0,12,40,2,54,0,0,163,8,171,0,12,203,10,225,180,0,180,405
04/10/2005,OPF,FL,ASO,ES,Federal Contract Tower,0,4,63,5,72,0,7,148,8,163,0,11,211,13,235,148,0,148,383
04/11/2005,OPF,FL,ASO,ES,Federal Contract Tower,1,22,74,3,100,0,2,196,15,213,1,24,270,18,313,218,0,218,531
04/12/2005,OPF,FL,ASO,ES,Federal Contract Tower,0,20,97,6,123,0,4,159,29,192,0,24,256,35,315,236,2,238,553
04/13/2005,OPF,FL,ASO,ES,Federal Contract Tower,0,21,78,2,101,0,4,148,6,158,0,25,226,8,259,98,0,98,357
04/14/2005,OPF,FL,ASO,ES,Federal Contract Tower,0,17,80,10,107,0,3,183,22,208,0,20,263,32,315,130,66,196,511
04/15/2005,OPF,FL,ASO,ES,Federal Contract Tower,0,16,70,6,92,0,8,218,15,241,0,24,288,21,333,124,40,164,497
04/16/2005,OPF,FL,ASO,ES,Federal Contract Tower,2,3,84,2,91,0,1,115,13,129,2,4,199,15,220,72,2,74,294
04/17/2005,OPF,FL,ASO,ES,Federal Contract Tower,0,2,65,3,70,0,3,153,9,165,0,5,218,12,235,72,0,72,307
04/18/2005,OPF,FL,ASO,ES,Federal Contract Tower,0,19,85,12,116,0,0,145,25,170,0,19,230,37,286,70,6,76,362
04/19/2005,OPF,FL,ASO,ES,Federal Contract Tower,0,18,77,3,98,0,16,169,24,209,0,34,246,27,307,184,24,208,515
04/20/2005,OPF,FL,ASO,ES,Federal Contract Tower,0,21,67,2,90,0,0,186,6,192,0,21,253,8,282,190,0,190,472
04/21/2005,OPF,FL,ASO,ES,Federal Contract Tower,0,22,105,10,137,0,4,184,19,207,0,26,289,29,344,210,20,230,574
04/22/2005,OPF,FL,ASO,ES,Federal Contract Tower,0,25,73,1,99,0,3,205,10,218,0,28,278,11,317,188,68,256,573
04/23/2005,OPF,FL,ASO,ES,Federal Contract Tower,1,6,60,2,69,0,5,177,8,190,1,11,237,10,259,156,0,156,415
04/24/2005,OPF,FL,ASO,ES,Federal Contract Tower,0,1,54,0,55,0,0,137,5,142,0,1,191,5,197,156,0,156,353
04/25/2005,OPF,FL,ASO,ES,Federal Contract Tower,2,22,79,14,117,0,2,135,15,152,2,24,214,29,269,140,36,176,445
04/26/2005,OPF,FL,ASO,ES,Federal Contract Tower,0,14,66,10,90,0,6,152,11,169,0,20,218,21,259,56,38,94,353
04/27/2005,OPF,FL,ASO,ES,Federal Contract Tower,0,24,64,3,91,0,3,124,25,152,0,27,188,28,243,76,90,166,409
04/28/2005,OPF,FL,ASO,ES,Federal Contract Tower,0,22,65,10,97,0,5,199,30,234,0,27,264,40,331,128,0,128,459
04/29/2005,OPF,FL,ASO,ES,Federal Contract Tower,0,16,71,24,111,0,6,184,46,236,0,22,255,70,347,152,108,260,607
04/30/2005,OPF,FL,ASO,ES,Federal Contract Tower,0,7,42,3,52,0,0,191,55,246,0,7,233,58,298,68,20,88,386
05/01/2005,OPF,FL,ASO,ES,Federal Contract Tower,0,5,58,11,74,0,2,134,41,177,0,7,192,52,251,78,44,122,373
05/02/2005,OPF,FL,ASO,ES,Federal Contract Tower,0,14,55,25,94,0,3,115,20,138,0,17,170,45,232,87,6,93,325
05/03/2005,OPF,FL,ASO,ES,Federal Contract Tower,0,22,62,2,86,0,5,97,13,115,0,27,159,15,201,76,0,76,277
05/04/2005,OPF,FL,ASO,ES,Federal Contract Tower,1,19,71,7,98,0,3,88,13,104,1,22,159,20,202,70,36,106,308
05/05/2005,OPF,FL,ASO,ES,Federal Contract Tower,0,21,63,1,85,0,1,101,13,115,0,22,164,14,200,106,8,114,314
05/06/2005,OPF,FL,ASO,ES,Federal Contract Tower,0,16,77,7,100,0,8,128,23,159,0,24,205,30,259,176,18,194,453
05/07/2005,OPF,FL,ASO,ES,Federal Contract Tower,1,2,53,0,56,0,4,136,7,147,1,6,189,7,203,184,8,192,395
05/08/2005,OPF,FL,ASO,ES,Federal Contract Tower,0,3,58,0,61,0,2,134,7,143,0,5,192,7,204,64,12,76,280
05/09/2005,OPF,FL,ASO,ES,Federal Contract Tower,0,17,67,3,87,0,0,144,13,157,0,17,211,16,244,136,0,136,380
05/10/2005,OPF,FL,ASO,ES,Federal Contract Tower,1,20,56,3,80,0,0,228,18,246,1,20,284,21,326,174,38,212,538
05/11/2005,OPF,FL,ASO,ES,Federal Contract Tower,2,22,56,2,82,0,1,132,6,139,2,23,188,8,221,194,0,194,415
05/12/2005,OPF,FL,ASO,ES,Federal Contract Tower,1,19,84,9,113,0,1,148,13,162,1,20,232,22,275,228,8,236,511
05/13/2005,OPF,FL,ASO,ES,Federal Contract Tower,0,16,51,4,71,0,0,228,8,236,0,16,279,12,307,316,0,316,623
05/14/2005,OPF,FL,ASO,ES,Federal Contract Tower,0,2,40,1,43,0,0,136,13,149,0,2,176,14,192,184,14,198,390
05/15/2005,OPF,FL,ASO,ES,Federal Contract Tower,0,6,53,6,65,0,1,156,8,165,0,7,209,14,230,174,0,174,404
05/16/2005,OPF,FL,ASO,ES,Federal Contract Tower,0,16,66,0,82,0,0,167,18,185,0,16,233,18,267,264,10,274,541
05/17/2005,OPF,FL,ASO,ES,Federal Contract Tower,0,19,62,3,84,0,2,157,14,173,0,21,219,17,257,216,60,276,533
05/18/2005,OPF,FL,ASO,ES,Federal Contract Tower,0,26,86,5,117,0,2,139,5,146,0,28,225,10,263,194,10,204,467
05/19/2005,OPF,FL,ASO,ES,Federal Contract Tower,0,21,88,1,110,0,4,158,11,173,0,25,246,12,283,204,0,204,487
05/20/2005,OPF,FL,ASO,ES,Federal Contract Tower,0,19,59,4,82,0,0,173,25,198,0,19,232,29,280,150,2,152,432
05/21/2005,OPF,FL,ASO,ES,Federal Contract Tower,0,1,39,4,44,0,0,186,15,201,0,1,225,19,245,130,0,130,375
05/22/2005,OPF,FL,ASO,ES,Federal Contract Tower,0,3,38,6,47,0,0,135,8,143,0,3,173,14,190,58,22,80,270
05/23/2005,OPF,FL,ASO,ES,Federal Contract Tower,0,11,45,0,56,0,2,158,7,167,0,13,203,7,223,196,0,196,419
05/24/2005,OPF,FL,ASO,ES,Federal Contract Tower,0,17,55,4,76,0,4,215,13,232,0,21,270,17,308,186,10,196,504
05/25/2005,OPF,FL,ASO,ES,Federal Contract Tower,0,15,76,4,95,0,4,167,9,180,0,19,243,13,275,150,62,212,487
05/26/2005,OPF,FL,ASO,ES,Federal Contract Tower,0,21,71,2,94,0,1,163,13,177,0,22,234,15,271,100,0,100,371
05/27/2005,OPF,FL,ASO,ES,Federal Contract Tower,0,17,64,6,87,0,7,180,6,193,0,24,244,12,280,171,54,225,505
05/28/2005,OPF,FL,ASO,ES,Federal Contract Tower,0,4,53,1,58,0,2,177,13,192,0,6,230,14,250,68,6,74,324
05/29/2005,OPF,FL,ASO,ES,Federal Contract Tower,0,3,35,3,41,0,1,120,10,131,0,4,155,13,172,102,0,102,274
05/30/2005,OPF,FL,ASO,ES,Federal Contract Tower,0,1,48,3,52,0,3,211,13,227,0,4,259,16,279,80,0,80,359
05/31/2005,OPF,FL,ASO,ES,Federal Contract Tower,0,15,26,9,50,0,1,89,11,101,0,16,115,20,151,74,14,88,239
06/01/2005,OPF,FL,ASO,ES,Federal Contract Tower,0,19,31,5,55,0,4,61,3,68,0,23,92,8,123,46,0,46,169
06/02/2005,OPF,FL,ASO,ES,Federal Contract Tower,0,22,62,2,86,0,1,91,8,100,0,23,153,10,186,72,0,72,258
06/03/2005,OPF,FL,ASO,ES,Federal Contract Tower,0,15,69,7,91,0,3,110,7,120,0,18,179,14,211,82,38,120,331
06/04/2005,OPF,FL,ASO,ES,Federal Contract Tower,0,5,47,4,56,0,4,122,6,132,0,9,169,10,188,92,8,100,288
06/05/2005,OPF,FL,ASO,ES,Federal Contract Tower,0,4,49,2,55,0,1,76,14,91,0,5,125,16,146,18,2,20,166
06/06/2005,OPF,FL,ASO,ES,Federal Contract Tower,0,14,50,1,65,0,2,98,6,106,0,16,148,7,171,74,0,74,245
06/07/2005,OPF,FL,ASO,ES,Federal Contract Tower,0,24,45,5,74,0,5,127,16,148,0,29,172,21,222,132,34,166,388
06/08/2005,OPF,FL,ASO,ES,Federal Contract Tower,0,18,77,3,98,0,3,132,9,144,0,21,209,12,242,188,0,188,430
06/09/2005,OPF,FL,ASO,ES,Federal Contract Tower,0,17,45,2,64,0,8,93,14,115,0,25,138,16,179,46,0,46,225
06/10/2005,OPF,FL,ASO,ES,Federal Contract Tower,0,12,48,17,77,0,6,27,9,42,0,18,75,26,119,0,0,0,119
06/11/2005,OPF,FL,ASO,ES,Federal Contract Tower,0,5,41,3,49,0,2,83,7,92,0,7,124,10,141,56,0,56,197
06/12/2005,OPF,FL,ASO,ES,Federal Contract Tower,0,3,61,2,66,0,11,121,6,138,0,14,182,8,204,108,6,114,318
06/13/2005,OPF,FL,ASO,ES,Federal Contract Tower,0,14,58,3,75,0,3,175,7,185,0,17,233,10,260,144,8,152,412
06/14/2005,OPF,FL,ASO,ES,Federal Contract Tower,0,14,53,1,68,0,4,148,11,163,0,18,201,12,231,220,4,224,455
06/15/2005,OPF,FL,ASO,ES,Federal Contract Tower,0,12,65,1,78,0,2,156,6,164,0,14,221,7,242,174,0,174,416
06/16/2005,OPF,FL,ASO,ES,Federal Contract Tower,0,18,55,1,74,0,4,146,16,166,0,22,201,17,240,116,40,156,396
06/17/2005,OPF,FL,ASO,ES,Federal Contract Tower,0,12,64,3,79,0,5,129,11,145,0,17,193,14,224,104,0,104,328
06/18/2005,OPF,FL,ASO,ES,Federal Contract Tower,0,7,50,1,58,0,2,128,6,136,0,9,178,7,194,160,0,160,354
06/19/2005,OPF,FL,ASO,ES,Federal Contract Tower,0,4,43,3,50,0,2,91,7,100,0,6,134,10,150,34,0,34,184
06/20/2005,OPF,FL,ASO,ES,Federal Contract Tower,0,13,49,2,64,0,7,70,19,96,0,20,119,21,160,64,40,104,264
06/21/2005,OPF,FL,ASO,ES,Federal Contract Tower,0,14,44,5,63,0,3,128,8,139,0,17,172,13,202,196,10,206,408
06/22/2005,OPF,FL,ASO,ES,Federal Contract Tower,0,23,63,2,88,0,5,53,4,62,0,28,116,6,150,48,0,48,198
06/23/2005,OPF,FL,ASO,ES,Federal Contract Tower,0,17,85,2,104,0,2,118,10,130,0,19,203,12,234,142,2,144,378
06/24/2005,OPF,FL,ASO,ES,Federal Contract Tower,0,16,60,0,76,0,4,138,11,153,0,20,198,11,229,170,0,170,399
06/25/2005,OPF,FL,ASO,ES,Federal Contract Tower,0,2,49,0,51,0,2,118,9,129,0,4,167,9,180,102,0,102,282
06/26/2005,OPF,FL,ASO,ES,Federal Contract Tower,0,2,53,0,55,0,4,133,8,145,0,6,186,8,200,76,0,76,276
06/27/2005,OPF,FL,ASO,ES,Federal Contract Tower,0,10,50,0,60,0,3,150,14,167,0,13,200,14,227,104,0,104,331
06/28/2005,OPF,FL,ASO,ES,Federal Contract Tower,1,20,65,0,86,0,2,106,13,121,1,22,171,13,207,190,12,202,409
06/29/2005,OPF,FL,ASO,ES,Federal Contract Tower,0,18,64,6,88,0,1,121,20,142,0,19,185,26,230,116,18,134,364
06/30/2005,OPF,FL,ASO,ES,Federal Contract Tower,0,27,58,3,88,0,5,131,11,147,0,32,189,14,235,212,24,236,471
07/01/2005,OPF,FL,ASO,ES,Federal Contract Tower,1,15,63,4,83,0,0,154,8,162,1,15,217,12,245,122,18,140,385
07/02/2005,OPF,FL,ASO,ES,Federal Contract Tower,0,6,66,0,72,0,3,189,3,195,0,9,255,3,267,120,0,120,387
07/03/2005,OPF,FL,ASO,ES,Federal Contract Tower,0,1,34,2,37,0,6,141,12,159,0,7,175,14,196,70,52,122,318
07/04/2005,OPF,FL,ASO,ES,Federal Contract Tower,0,2,45,1,48,0,1,157,7,165,0,3,202,8,213,88,10,98,311
07/05/2005,OPF,FL,ASO,ES,Federal Contract Tower,1,19,64,6,90,0,0,114,7,121,1,19,178,13,211,106,18,124,335
07/06/2005,OPF,FL,ASO,ES,Federal Contract Tower,1,17,44,4,66,0,3,120,7,130,1,20,164,11,196,38,0,38,234
07/07/2005,OPF,FL,ASO,ES,Federal Contract Tower,2,15,53,2,72,0,3,148,14,165,2,18,201,16,237,70,50,120,357
07/08/2005,OPF,FL,ASO,ES,Federal Contract Tower,0,18,51,6,75,0,7,126,11,144,0,25,177,17,219,46,0,46,265
07/09/2005,OPF,FL,ASO,ES,Federal Contract Tower,0,3,10,2,15,0,3,10,1,14,0,6,20,3,29,0,0,0,29
07/10/2005,OPF,FL,ASO,ES,Federal Contract Tower,0,9,27,6,42,0,14,34,9,57,0,23,61,15,99,34,22,56,155
07/11/2005,OPF,FL,ASO,ES,Federal Contract Tower,1,11,41,1,54,0,15,141,14,170,1,26,182,15,224,84,20,104,328
07/12/2005,OPF,FL,ASO,ES,Federal Contract Tower,0,13,59,3,75,0,4,132,17,153,0,17,191,20,228,118,0,118,346
07/13/2005,OPF,FL,ASO,ES,Federal Contract Tower,0,19,32,2,53,0,3,115,17,135,0,22,147,19,188,94,46,140,328
07/14/2005,OPF,FL,ASO,ES,Federal Contract Tower,0,14,39,3,56,0,0,153,12,165,0,14,192,15,221,72,4,76,297
07/15/2005,OPF,FL,ASO,ES,Federal Contract Tower,0,17,69,4,90,0,1,131,17,149,0,18,200,21,239,92,16,108,347
07/16/2005,OPF,FL,ASO,ES,Federal Contract Tower,0,5,44,1,50,0,9,139,6,154,0,14,183,7,204,114,4,118,322
07/17/2005,OPF,FL,ASO,ES,Federal Contract Tower,0,7,43,5,55,0,7,168,9,184,0,14,211,14,239,38,0,38,277
07/18/2005,OPF,FL,ASO,ES,Federal Contract Tower,0,11,35,2,48,0,5,160,15,180,0,16,195,17,228,114,16,130,358
07/19/2005,OPF,FL,ASO,ES,Federal Contract Tower,0,14,60,5,79,0,10,114,7,131,0,24,174,12,210,86,6,92,302
07/20/2005,OPF,FL,ASO,ES,Federal Contract Tower,0,16,56,2,74,0,4,140,7,151,0,20,196,9,225,78,68,146,371
07/21/2005,OPF,FL,ASO,ES,Federal Contract Tower,0,22,57,0,79,0,5,178,20,203,0,27,235,20,282,106,64,170,452
07/22/2005,OPF,FL,ASO,ES,Federal Contract Tower,0,18,58,5,81,0,5,221,10,236,0,23,279,15,317,160,0,160,477
07/23/2005,OPF,FL,ASO,ES,Federal Contract Tower,0,8,49,2,59,0,5,151,7,163,0,13,200,9,222,88,18,106,328
07/24/2005,OPF,FL,ASO,ES,Federal Contract Tower,0,2,45,2,49,0,5,123,5,133,0,7,168,7,182,76,0,76,258
07/25/2005,OPF,FL,ASO,ES,Federal Contract Tower,0,18,48,1,67,0,4,140,17,161,0,22,188,18,228,62,44,106,334
07/26/2005,OPF,FL,ASO,ES,Federal Contract Tower,0,22,37,2,61,0,3,105,12,120,0,25,142,14,181,68,16,84,265
07/27/2005,OPF,FL,ASO,ES,Federal Contract Tower,0,14,40,1,55,0,2,77,10,89,0,16,117,11,144,116,40,156,300
07/28/2005,OPF,FL,ASO,ES,Federal Contract Tower,0,22,56,5,83,0,2,113,12,127,0,24,169,17,210,106,8,114,324
07/29/2005,OPF,FL,ASO,ES,Federal Contract Tower,0,21,53,4,78,0,3,194,11,208,0,24,247,15,286,184,10,194,480
07/30/2005,OPF,FL,ASO,ES,Federal Contract Tower,0,5,44,2,51,0,7,155,13,175,0,12,199,15,226,100,0,100,326
07/31/2005,OPF,FL,ASO,ES,Federal Contract Tower,0,4,65,6,75,0,2,160,6,168,0,6,225,12,243,76,4,80,323
08/01/2005,OPF,FL,ASO,ES,Federal Contract Tower,0,10,46,0,56,0,7,139,5,151,0,17,185,5,207,130,0,130,337
08/02/2005,OPF,FL,ASO,ES,Federal Contract Tower,0,23,43,1,67,0,0,154,11,165,0,23,197,12,232,138,0,138,370
08/03/2005,OPF,FL,ASO,ES,Federal Contract Tower,0,19,47,3,69,0,0,110,19,129,0,19,157,22,198,108,2,110,308
08/04/2005,OPF,FL,ASO,ES,Federal Contract Tower,0,23,78,0,101,0,14,148,12,174,0,37,226,12,275,92,0,92,367
08/05/2005,OPF,FL,ASO,ES,Federal Contract Tower,0,18,44,2,64,0,1,168,7,176,0,19,212,9,240,112,36,148,388
08/06/2005,OPF,FL,ASO,ES,Federal Contract Tower,0,8,43,1,52,0,3,143,7,153,0,11,186,8,205,98,2,100,305
08/07/2005,OPF,FL,ASO,ES,Federal Contract Tower,0,1,39,2,42,0,3,104,7,114,0,4,143,9,156,132,2,134,290
08/08/2005,OPF,FL,ASO,ES,Federal Contract Tower,0,18,45,1,64,0,2,120,15,137,0,20,165,16,201,146,0,146,347
08/09/2005,OPF,FL,ASO,ES,Federal Contract Tower,0,19,62,2,83,0,1,128,12,141,0,20,190,14,224,132,0,132,356
08/10/2005,OPF,FL,ASO,ES,Federal Contract Tower,0,16,52,3,71,0,0,135,14,149,0,16,187,17,220,90,60,150,370
08/11/2005,OPF,FL,ASO,ES,Federal Contract Tower,2,20,45,7,74,0,27,132,15,174,2,47,177,22,248,132,28,160,408
08/12/2005,OPF,FL,ASO,ES,Federal Contract Tower,0,15,46,4,65,0,5,142,9,156,0,20,188,13,221,104,0,104,325
08/13/2005,OPF,FL,ASO,ES,Federal Contract Tower,0,9,19,1,29,0,6,176,11,193,0,15,195,12,222,150,0,150,372
08/14/2005,OPF,FL,ASO,ES,Federal Contract Tower,0,5,60,5,70,0,4,100,17,121,0,9,160,22,191,154,34,188,379
08/15/2005,OPF,FL,ASO,ES,Federal Contract Tower,0,17,38,9,64,0,4,148,12,164,0,21,186,21,228,136,28,164,392
08/16/2005,OPF,FL,ASO,ES,Federal Contract Tower,0,18,57,3,78,0,2,144,21,167,0,20,201,24,245,102,3,105,350
08/17/2005,OPF,FL,ASO,ES,Federal Contract Tower,0,20,77,1,98,0,3,103,11,117,0,23,180,12,215,116,0,116,331
08/18/2005,OPF,FL,ASO,ES,Federal Contract Tower,0,21,83,4,108,0,4,191,23,218,0,25,274,27,326,114,6,120,446
08/19/2005,OPF,FL,ASO,ES,Federal Contract Tower,0,14,41,11,66,0,0,183,13,196,0,14,224,24,262,70,0,70,332
08/20/2005,OPF,FL,ASO,ES,Federal Contract Tower,0,5,28,1,34,0,1,187,14,202,0,6,215,15,236,134,22,156,392
08/21/2005,OPF,FL,ASO,ES,Federal Contract Tower,0,1,47,4,52,0,5,127,13,145,0,6,174,17,197,44,0,44,241
08/22/2005,OPF,FL,ASO,ES,Federal Contract Tower,0,13,52,4,69,0,1,205,19,225,0,14,257,23,294,112,32,144,438
08/23/2005,OPF,FL,ASO,ES,Federal Contract Tower,0,28,52,1,81,0,1,183,26,210,0,29,235,27,291,112,38,150,441
08/24/2005,OPF,FL,ASO,ES,Federal Contract Tower,1,20,46,2,69,0,1,149,13,163,1,21,195,15,232,74,2,76,308
08/25/2005,OPF,FL,ASO,ES,Federal Contract Tower,0,12,34,7,53,0,4,17,6,27,0,16,51,13,80,0,2,2,82
08/26/2005,OPF,FL,ASO,ES,Federal Contract Tower,0,6,17,2,25,0,0,43,11,54,0,6,60,13,79,0,0,0,79
08/27/2005,OPF,FL,ASO,ES,Federal Contract Tower,1,8,44,2,55,0,1,140,12,153,1,9,184,14,208,24,0,24,232
08/28/2005,OPF,FL,ASO,ES,Federal Contract Tower,0,5,39,0,44,0,2,131,4,137,0,7,170,4,181,84,6,90,271
08/29/2005,OPF,FL,ASO,ES,Federal Contract Tower,0,14,48,4,66,0,5,195,10,210,0,19,243,14,276,62,0,62,338
08/30/2005,OPF,FL,ASO,ES,Federal Contract Tower,0,17,39,8,64,0,0,148,20,168,0,17,187,28,232,62,30,92,324
08/31/2005,OPF,FL,ASO,ES,Federal Contract Tower,0,21,62,5,88,0,1,149,6,156,0,22,211,11,244,102,0,102,346
09/01/2005,OPF,FL,ASO,ES,Federal Contract Tower,0,21,68,1,90,0,2,155,19,176,0,23,223,20,266,54,20,74,340
09/02/2005,OPF,FL,ASO,ES,Federal Contract Tower,0,16,69,7,92,0,8,172,23,203,0,24,241,30,295,134,32,166,461
09/03/2005,OPF,FL,ASO,ES,Federal Contract Tower,1,4,39,4,48,0,0,112,10,122,1,4,151,14,170,118,0,118,288
09/04/2005,OPF,FL,ASO,ES,Federal Contract Tower,0,2,30,1,33,0,0,91,6,97,0,2,121,7,130,56,0,56,186
09/05/2005,OPF,FL,ASO,ES,Federal Contract Tower,0,3,70,2,75,0,0,86,3,89,0,3,156,5,164,50,0,50,214
09/06/2005,OPF,FL,ASO,ES,Federal Contract Tower,0,20,51,0,71,0,1,102,14,117,0,21,153,14,188,86,0,86,274
09/07/2005,OPF,FL,ASO,ES,Federal Contract Tower,0,20,62,5,87,0,0,105,2,107,0,20,167,7,194,126,24,150,344
09/08/2005,OPF,FL,ASO,ES,Federal Contract Tower,0,22,77,3,102,0,3,139,20,162,0,25,216,23,264,124,16,140,404
09/09/2005,OPF,FL,ASO,ES,Federal Contract Tower,0,16,49,4,69,0,5,163,7,175,0,21,212,11,244,130,2,132,376
09/10/2005,OPF,FL,ASO,ES,Federal Contract Tower,0,6,47,2,55,0,1,171,6,178,0,7,218,8,233,56,0,56,289
09/11/2005,OPF,FL,ASO,ES,Federal Contract Tower,0,3,51,2,56,0,2,134,5,141,0,5,185,7,197,132,0,132,329
09/12/2005,OPF,FL,ASO,ES,Federal Contract Tower,0,16,51,8,75,0,1,152,9,162,0,17,203,17,237,112,54,166,403
09/13/2005,OPF,FL,ASO,ES,Federal Contract Tower,0,17,54,1,72,0,1,171,14,186,0,18,225,15,258,120,8,128,386
09/14/2005,OPF,FL,ASO,ES,Federal Contract Tower,0,22,74,5,101,0,2,130,10,142,0,24,204,15,243,204,30,234,477
09/15/2005,OPF,FL,ASO,ES,Federal Contract Tower,0,23,65,12,100,0,3,154,20,177,0,26,219,32,277,152,14,166,443
09/16/2005,OPF,FL,ASO,ES,Federal Contract Tower,0,12,54,9,75,0,5,195,7,207,0,17,249,16,282,172,0,172,454
09/17/2005,OPF,FL,ASO,ES,Federal Contract Tower,0,4,39,8,51,0,3,142,9,154,0,7,181,17,205,96,0,96,301
09/18/2005,OPF,FL,ASO,ES,Federal Contract Tower,0,3,43,0,46,0,2,99,15,116,0,5,142,15,162,88,0,88,250
09/19/2005,OPF,FL,ASO,ES,Federal Contract Tower,0,17,61,4,82,0,8,132,16,156,0,25,193,20,238,62,0,62,300
09/20/2005,OPF,FL,ASO,ES,Federal Contract Tower,0,9,1,1,11,0,1,4,11,16,0,10,5,12,27,0,0,0,27
09/21/2005,OPF,FL,ASO,ES,Federal Contract Tower,0,21,43,2,66,0,2,76,6,84,0,23,119,8,150,66,18,84,234
09/22/2005,OPF,FL,ASO,ES,Federal Contract Tower,0,21,52,9,82,0,0,145,19,164,0,21,197,28,246,152,30,182,428
09/23/2005,OPF,FL,ASO,ES,Federal Contract Tower,0,16,73,1,90,0,2,127,19,148,0,18,200,20,238,128,6,134,372
09/24/2005,OPF,FL,ASO,ES,Federal Contract Tower,0,7,41,2,50,0,0,169,4,173,0,7,210,6,223,118,0,118,341
09/25/2005,OPF,FL,ASO,ES,Federal Contract Tower,0,1,52,3,56,0,0,65,2,67,0,1,117,5,123,74,4,78,201
09/26/2005,OPF,FL,ASO,ES,Federal Contract Tower,0,16,38,6,60,0,2,127,12,141,0,18,165,18,201,124,28,152,353
09/27/2005,OPF,FL,ASO,ES,Federal Contract Tower,0,24,37,0,61,0,16,99,9,124,0,40,136,9,185,106,20,126,311
09/28/2005,OPF,FL,ASO,ES,Federal Contract Tower,0,21,42,0,63,0,2,134,7,143,0,23,176,7,206,136,38,174,380
09/29/2005,OPF,FL,ASO,ES,Federal Contract Tower,0,26,86,0,112,0,1,146,16,163,0,27,232,16,275,90,0,90,365
09/30/2005,OPF,FL,ASO,ES,Federal Contract Tower,1,18,72,2,93,0,1,117,4,122,1,19,189,6,215,108,0,108,323
10/01/2005,OPF,FL,ASO,ES,Federal Contract Tower,0,7,23,5,35,0,0,134,11,145,0,7,157,16,180,106,0,106,286
10/02/2005,OPF,FL,ASO,ES,Federal Contract Tower,0,1,40,2,43,0,3,75,5,83,0,4,115,7,126,20,0,20,146
10/03/2005,OPF,FL,ASO,ES,Federal Contract Tower,0,12,35,4,51,0,1,90,5,96,0,13,125,9,147,46,2,48,195
10/04/2005,OPF,FL,ASO,ES,Federal Contract Tower,0,19,42,3,64,0,0,53,10,63,0,19,95,13,127,142,0,142,269
10/05/2005,OPF,FL,ASO,ES,Federal Contract Tower,0,25,50,2,77,0,1,91,18,110,0,26,141,20,187,70,0,70,257
10/06/2005,OPF,FL,ASO,ES,Federal Contract Tower,0,22,64,5,91,0,6,87,16,109,0,28,151,21,200,46,18,64,264
10/07/2005,OPF,FL,ASO,ES,Federal Contract Tower,0,13,67,1,81,0,1,68,11,80,0,14,135,12,161,40,0,40,201
10/08/2005,OPF,FL,ASO,ES,Federal Contract Tower,0,7,41,2,50,0,0,114,15,129,0,7,155,17,179,104,6,110,289
10/09/2005,OPF,FL,ASO,ES,Federal Contract Tower,0,0,27,2,29,0,1,125,13,139,0,1,152,15,168,44,0,44,212
10/10/2005,OPF,FL,ASO,ES,Federal Contract Tower,0,0,48,2,50,0,2,118,5,125,0,2,166,7,175,52,10,62,237
10/11/2005,OPF,FL,ASO,ES,Federal Contract Tower,0,17,67,0,84,0,7,124,14,145,0,24,191,14,229,104,18,122,351
10/12/2005,OPF,FL,ASO,ES,Federal Contract Tower,0,20,73,1,94,0,1,151,5,157,0,21,224,6,251,108,0,108,359
10/13/2005,OPF,FL,ASO,ES,Federal Contract Tower,0,22,60,10,92,0,4,137,23,164,0,26,197,33,256,140,60,200,456
10/14/2005,OPF,FL,ASO,ES,Federal Contract Tower,2,14,58,6,80,0,0,177,6,183,2,14,235,12,263,74,6,80,343
10/15/2005,OPF,FL,ASO,ES,Federal Contract Tower,0,13,42,10,65,0,2,56,15,73,0,15,98,25,138,46,8,54,192
10/16/2005,OPF,FL,ASO,ES,Federal Contract Tower,1,2,42,5,50,0,0,145,10,155,1,2,187,15,205,36,20,56,261
10/17/2005,OPF,FL,ASO,ES,Federal Contract Tower,0,16,42,1,59,0,2,93,14,109,0,18,135,15,168,108,0,108,276
10/18/2005,OPF,FL,ASO,ES,Federal Contract Tower,1,26,52,11,90,0,2,114,19,135,1,28,166,30,225,208,48,256,481
10/19/2005,OPF,FL,ASO,ES,Federal Contract Tower,0,20,67,1,88,0,2,123,9,134,0,22,190,10,222,162,0,162,384
10/20/2005,OPF,FL,ASO,ES,Federal Contract Tower,0,27,76,13,116,0,0,153,22,175,0,27,229,35,291,143,56,199,490
10/21/2005,OPF,FL,ASO,ES,Federal Contract Tower,0,24,42,4,70,0,0,63,12,75,0,24,105,16,145,80,4,84,229
10/22/2005,OPF,FL,ASO,ES,Federal Contract Tower,0,4,34,1,39,0,0,72,5,77,0,4,106,6,116,48,0,48,164
10/23/2005,OPF,FL,ASO,ES,Federal Contract Tower,0,16,30,6,52,0,1,39,3,43,0,17,69,9,95,0,0,0,95
10/24/2005,OPF,FL,ASO,ES,Federal Contract Tower,0,0,0,0,0,0,0,0,0,0,0,0,0,0,0,0,0,0,0
10/25/2005,OPF,FL,ASO,ES,Federal Contract Tower,0,0,0,0,0,0,0,0,0,0,0,0,0,0,0,0,0,0,0
10/26/2005,OPF,FL,ASO,ES,Federal Contract Tower,0,0,0,0,0,0,0,0,0,0,0,0,0,0,0,0,0,0,0
10/27/2005,OPF,FL,ASO,ES,Federal Contract Tower,0,0,0,0,0,0,0,0,0,0,0,0,0,0,0,0,0,0,0
10/28/2005,OPF,FL,ASO,ES,Federal Contract Tower,0,10,13,6,29,0,2,132,11,145,0,12,145,17,174,52,32,84,258
10/29/2005,OPF,FL,ASO,ES,Federal Contract Tower,0,6,25,1,32,0,1,106,13,120,0,7,131,14,152,18,14,32,184
10/30/2005,OPF,FL,ASO,ES,Federal Contract Tower,0,6,31,2,39,0,0,71,6,77,0,6,102,8,116,16,0,16,132
10/31/2005,OPF,FL,ASO,ES,Federal Contract Tower,0,13,36,6,55,0,4,99,8,111,0,17,135,14,166,10,26,36,202
11/01/2005,OPF,FL,ASO,ES,Federal Contract Tower,0,0,0,0,0,0,0,0,0,0,0,0,0,0,0,0,0,0,0
11/02/2005,OPF,FL,ASO,ES,Federal Contract Tower,1,25,37,1,64,0,9,93,10,112,1,34,130,11,176,72,6,78,254
11/03/2005,OPF,FL,ASO,ES,Federal Contract Tower,0,26,44,7,77,0,3,131,23,157,0,29,175,30,234,74,32,106,340
11/04/2005,OPF,FL,ASO,ES,Federal Contract Tower,0,19,40,9,68,0,4,152,6,162,0,23,192,15,230,88,4,92,322
11/05/2005,OPF,FL,ASO,ES,Federal Contract Tower,2,4,23,2,31,0,1,126,13,140,2,5,149,15,171,88,6,94,265
11/06/2005,OPF,FL,ASO,ES,Federal Contract Tower,0,1,43,4,48,0,0,151,13,164,0,1,194,17,212,64,0,64,276
11/07/2005,OPF,FL,ASO,ES,Federal Contract Tower,0,20,45,4,69,0,4,126,12,142,0,24,171,16,211,100,6,106,317
11/08/2005,OPF,FL,ASO,ES,Federal Contract Tower,0,24,51,6,81,0,7,158,22,187,0,31,209,28,268,156,48,204,472
11/09/2005,OPF,FL,ASO,ES,Federal Contract Tower,2,26,50,5,83,0,2,121,10,133,2,28,171,15,216,48,8,56,272
11/10/2005,OPF,FL,ASO,ES,Federal Contract Tower,2,18,71,3,94,0,6,170,20,196,2,24,241,23,290,120,42,162,452
11/11/2005,OPF,FL,ASO,ES,Federal Contract Tower,0,12,76,1,89,0,3,161,12,176,0,15,237,13,265,134,48,182,447
11/12/2005,OPF,FL,ASO,ES,Federal Contract Tower,0,15,37,5,57,0,7,105,18,130,0,22,142,23,187,80,76,156,343
11/13/2005,OPF,FL,ASO,ES,Federal Contract Tower,0,5,55,3,63,0,2,102,12,116,0,7,157,15,179,90,8,98,277
11/14/2005,OPF,FL,ASO,ES,Federal Contract Tower,0,20,69,10,99,0,0,109,18,127,0,20,178,28,226,152,106,258,484
11/15/2005,OPF,FL,ASO,ES,Federal Contract Tower,0,28,45,0,73,0,3,143,27,173,0,31,188,27,246,168,98,266,512
11/16/2005,OPF,FL,ASO,ES,Federal Contract Tower,1,20,70,2,93,0,0,87,16,103,1,20,157,18,196,40,92,132,328
11/17/2005,OPF,FL,ASO,ES,Federal Contract Tower,1,23,62,7,93,0,1,97,28,126,1,24,159,35,219,126,120,246,465
11/18/2005,OPF,FL,ASO,ES,Federal Contract Tower,2,17,63,10,92,0,2,78,11,91,2,19,141,21,183,50,106,156,339
11/19/2005,OPF,FL,ASO,ES,Federal Contract Tower,0,10,52,3,65,0,2,148,25,175,0,12,200,28,240,164,56,220,460
11/20/2005,OPF,FL,ASO,ES,Federal Contract Tower,0,3,40,5,48,0,2,108,11,121,0,5,148,16,169,122,22,144,313
11/21/2005,OPF,FL,ASO,ES,Federal Contract Tower,0,13,72,8,93,0,3,91,22,116,0,16,163,30,209,96,164,260,469
11/22/2005,OPF,FL,ASO,ES,Federal Contract Tower,0,30,61,1,92,0,2,115,23,140,0,32,176,24,232,122,120,242,474
11/23/2005,OPF,FL,ASO,ES,Federal Contract Tower,0,20,54,4,78,0,0,131,25,156,0,20,185,29,234,108,102,210,444
11/24/2005,OPF,FL,ASO,ES,Federal Contract Tower,0,8,19,1,28,0,1,77,3,81,0,9,96,4,109,48,0,48,157
11/25/2005,OPF,FL,ASO,ES,Federal Contract Tower,0,17,45,2,64,0,1,130,4,135,0,18,175,6,199,64,20,84,283
11/26/2005,OPF,FL,ASO,ES,Federal Contract Tower,0,11,44,1,56,0,6,103,5,114,0,17,147,6,170,174,4,178,348
11/27/2005,OPF,FL,ASO,ES,Federal Contract Tower,0,6,66,8,80,0,9,146,14,169,0,15,212,22,249,34,2,36,285
11/28/2005,OPF,FL,ASO,ES,Federal Contract Tower,1,17,49,6,73,0,7,124,17,148,1,24,173,23,221,66,126,192,413
11/29/2005,OPF,FL,ASO,ES,Federal Contract Tower,0,24,63,9,96,0,1,122,26,149,0,25,185,35,245,126,106,232,477
11/30/2005,OPF,FL,ASO,ES,Federal Contract Tower,0,29,85,9,123,0,4,119,17,140,0,33,204,26,263,120,54,174,437
12/01/2005,OPF,FL,ASO,ES,Federal Contract Tower,2,25,73,10,110,0,10,193,27,230,2,35,266,37,340,128,14,142,482
12/02/2005,OPF,FL,ASO,ES,Federal Contract Tower,0,33,75,11,119,0,3,172,20,195,0,36,247,31,314,74,10,84,398
12/03/2005,OPF,FL,ASO,ES,Federal Contract Tower,0,4,51,7,62,0,5,154,8,167,0,9,205,15,229,122,0,122,351
12/04/2005,OPF,FL,ASO,ES,Federal Contract Tower,0,11,78,3,92,0,0,147,16,163,0,11,225,19,255,114,2,116,371
12/05/2005,OPF,FL,ASO,ES,Federal Contract Tower,2,27,58,13,100,0,0,134,15,149,2,27,192,28,249,78,4,82,331
12/06/2005,OPF,FL,ASO,ES,Federal Contract Tower,0,24,73,5,102,0,1,67,21,89,0,25,140,26,191,50,12,62,253
12/07/2005,OPF,FL,ASO,ES,Federal Contract Tower,0,30,73,4,107,0,0,100,12,112,0,30,173,16,219,42,9,51,270
12/08/2005,OPF,FL,ASO,ES,Federal Contract Tower,0,33,88,2,123,0,2,125,21,148,0,35,213,23,271,43,12,55,326
12/09/2005,OPF,FL,ASO,ES,Federal Contract Tower,0,21,73,8,102,0,1,141,18,160,0,22,214,26,262,92,36,128,390
12/10/2005,OPF,FL,ASO,ES,Federal Contract Tower,1,8,71,4,84,0,0,62,16,78,1,8,133,20,162,84,0,84,246
12/11/2005,OPF,FL,ASO,ES,Federal Contract Tower,0,7,62,7,76,0,0,99,7,106,0,7,161,14,182,64,18,82,264
12/12/2005,OPF,FL,ASO,ES,Federal Contract Tower,1,17,76,5,99,0,4,93,16,113,1,21,169,21,212,130,22,152,364
12/13/2005,OPF,FL,ASO,ES,Federal Contract Tower,0,25,53,1,79,0,2,167,14,183,0,27,220,15,262,134,36,170,432
12/14/2005,OPF,FL,ASO,ES,Federal Contract Tower,0,24,68,2,94,0,7,111,10,128,0,31,179,12,222,154,20,174,396
12/15/2005,OPF,FL,ASO,ES,Federal Contract Tower,0,35,63,3,101,0,1,67,8,76,0,36,130,11,177,66,0,66,243
12/16/2005,OPF,FL,ASO,ES,Federal Contract Tower,1,18,66,1,86,0,10,145,6,161,1,28,211,7,247,152,2,154,401
12/17/2005,OPF,FL,ASO,ES,Federal Contract Tower,0,15,55,2,72,0,2,129,6,137,0,17,184,8,209,78,2,80,289
12/18/2005,OPF,FL,ASO,ES,Federal Contract Tower,0,6,62,2,70,0,0,144,7,151,0,6,206,9,221,70,16,86,307
12/19/2005,OPF,FL,ASO,ES,Federal Contract Tower,0,11,68,6,85,0,4,25,1,30,0,15,93,7,115,18,2,20,135
12/20/2005,OPF,FL,ASO,ES,Federal Contract Tower,0,30,62,1,93,0,2,57,13,72,0,32,119,14,165,122,12,134,299
12/21/2005,OPF,FL,ASO,ES,Federal Contract Tower,0,23,91,3,117,0,3,124,9,136,0,26,215,12,253,116,12,128,381
12/22/2005,OPF,FL,ASO,ES,Federal Contract Tower,0,23,61,0,84,0,4,149,11,164,0,27,210,11,248,130,30,160,408
12/23/2005,OPF,FL,ASO,ES,Federal Contract Tower,0,28,52,0,80,0,5,149,10,164,0,33,201,10,244,122,42,164,408
12/24/2005,OPF,FL,ASO,ES,Federal Contract Tower,1,6,44,0,51,0,1,111,6,118,1,7,155,6,169,46,14,60,229
12/25/2005,OPF,FL,ASO,ES,Federal Contract Tower,0,1,19,0,20,0,0,24,2,26,0,1,43,2,46,14,0,14,60
12/26/2005,OPF,FL,ASO,ES,Federal Contract Tower,1,5,78,2,86,0,9,87,8,104,1,14,165,10,190,110,0,110,300
12/27/2005,OPF,FL,ASO,ES,Federal Contract Tower,0,15,83,0,98,0,21,126,12,159,0,36,209,12,257,196,0,196,453
12/28/2005,OPF,FL,ASO,ES,Federal Contract Tower,1,22,44,2,69,0,0,168,8,176,1,22,212,10,245,100,0,100,345
12/29/2005,OPF,FL,ASO,ES,Federal Contract Tower,0,21,57,3,81,0,25,131,14,170,0,46,188,17,251,116,16,132,383
12/30/2005,OPF,FL,ASO,ES,Federal Contract Tower,0,20,49,2,71,0,3,174,8,185,0,23,223,10,256,38,0,38,294
12/31/2005,OPF,FL,ASO,ES,Federal Contract Tower,0,9,34,0,43,0,1,144,4,149,0,10,178,4,192,90,0,90,282
01/01/2006,OPF,FL,ASO,ES,Federal Contract Tower,0,3,56,4,63,0,1,62,11,74,0,4,118,15,137,0,26,26,163
01/02/2006,OPF,FL,ASO,ES,Federal Contract Tower,0,12,96,0,108,0,9,101,6,116,0,21,197,6,224,154,38,192,416
01/03/2006,OPF,FL,ASO,ES,Federal Contract Tower,0,20,92,8,120,0,3,97,12,112,0,23,189,20,232,114,0,114,346
01/04/2006,OPF,FL,ASO,ES,Federal Contract Tower,2,24,62,3,91,0,1,154,23,178,2,25,216,26,269,188,58,246,515
01/05/2006,OPF,FL,ASO,ES,Federal Contract Tower,0,29,70,7,106,0,6,184,13,203,0,35,254,20,309,160,48,208,517
01/06/2006,OPF,FL,ASO,ES,Federal Contract Tower,1,17,57,3,78,0,3,75,20,98,1,20,132,23,176,112,22,134,310
01/07/2006,OPF,FL,ASO,ES,Federal Contract Tower,0,11,52,4,67,0,1,148,5,154,0,12,200,9,221,158,18,176,397
01/08/2006,OPF,FL,ASO,ES,Federal Contract Tower,0,8,63,3,74,0,3,113,8,124,0,11,176,11,198,80,4,84,282
01/09/2006,OPF,FL,ASO,ES,Federal Contract Tower,0,16,31,6,53,0,0,134,21,155,0,16,165,27,208,206,10,216,424
01/10/2006,OPF,FL,ASO,ES,Federal Contract Tower,0,20,68,8,96,0,1,144,10,155,0,21,212,18,251,112,10,122,373
01/11/2006,OPF,FL,ASO,ES,Federal Contract Tower,1,16,60,1,78,0,0,138,18,156,1,16,198,19,234,208,14,222,456
01/12/2006,OPF,FL,ASO,ES,Federal Contract Tower,0,20,77,5,102,0,1,142,27,170,0,21,219,32,272,182,82,264,536
01/13/2006,OPF,FL,ASO,ES,Federal Contract Tower,0,18,76,17,111,0,0,123,16,139,0,18,199,33,250,126,2,128,378
01/14/2006,OPF,FL,ASO,ES,Federal Contract Tower,0,7,34,9,50,0,4,71,8,83,0,11,105,17,133,48,2,50,183
01/15/2006,OPF,FL,ASO,ES,Federal Contract Tower,0,4,63,4,71,0,6,82,4,92,0,10,145,8,163,142,0,142,305
01/16/2006,OPF,FL,ASO,ES,Federal Contract Tower,2,9,55,5,71,0,3,146,0,149,2,12,201,5,220,94,16,110,330
01/17/2006,OPF,FL,ASO,ES,Federal Contract Tower,0,22,57,4,83,0,4,110,12,126,0,26,167,16,209,60,14,74,283
01/18/2006,OPF,FL,ASO,ES,Federal Contract Tower,0,24,61,4,89,0,0,136,18,154,0,24,197,22,243,68,6,74,317
01/19/2006,OPF,FL,ASO,ES,Federal Contract Tower,0,19,70,5,94,0,4,157,12,173,0,23,227,17,267,156,20,176,443
01/20/2006,OPF,FL,ASO,ES,Federal Contract Tower,0,16,72,5,93,0,2,143,11,156,0,18,215,16,249,124,2,126,375
01/21/2006,OPF,FL,ASO,ES,Federal Contract Tower,0,5,45,15,65,0,1,108,6,115,0,6,153,21,180,156,14,170,350
01/22/2006,OPF,FL,ASO,ES,Federal Contract Tower,0,6,54,1,61,0,6,93,6,105,0,12,147,7,166,107,24,131,297
01/23/2006,OPF,FL,ASO,ES,Federal Contract Tower,0,15,48,9,72,0,1,128,13,142,0,16,176,22,214,124,68,192,406
01/24/2006,OPF,FL,ASO,ES,Federal Contract Tower,1,21,66,1,89,0,4,154,23,181,1,25,220,24,270,240,24,264,534
01/25/2006,OPF,FL,ASO,ES,Federal Contract Tower,1,17,66,1,85,0,0,120,17,137,1,17,186,18,222,92,0,92,314
01/26/2006,OPF,FL,ASO,ES,Federal Contract Tower,0,24,72,5,101,0,2,144,13,159,0,26,216,18,260,30,12,42,302
01/27/2006,OPF,FL,ASO,ES,Federal Contract Tower,0,25,79,8,112,0,0,117,19,136,0,25,196,27,248,28,28,56,304
01/28/2006,OPF,FL,ASO,ES,Federal Contract Tower,0,4,49,3,56,0,0,143,9,152,0,4,192,12,208,66,6,72,280
01/29/2006,OPF,FL,ASO,ES,Federal Contract Tower,1,9,63,0,73,0,0,141,14,155,1,9,204,14,228,86,8,94,322
01/30/2006,OPF,FL,ASO,ES,Federal Contract Tower,1,16,41,1,59,0,1,105,16,122,1,17,146,17,181,64,10,74,255
01/31/2006,OPF,FL,ASO,ES,Federal Contract Tower,0,26,76,3,105,0,2,126,18,146,0,28,202,21,251,182,14,196,447
02/01/2006,OPF,FL,ASO,ES,Federal Contract Tower,0,21,69,2,92,0,2,147,33,182,0,23,216,35,274,142,10,152,426
02/02/2006,OPF,FL,ASO,ES,Federal Contract Tower,1,29,65,2,97,0,1,113,16,130,1,30,178,18,227,120,0,120,347
02/03/2006,OPF,FL,ASO,ES,Federal Contract Tower,0,22,57,3,82,0,0,132,8,140,0,22,189,11,222,164,16,180,402
02/04/2006,OPF,FL,ASO,ES,Federal Contract Tower,0,5,33,6,44,0,0,39,2,41,0,5,72,8,85,34,0,34,119
02/05/2006,OPF,FL,ASO,ES,Federal Contract Tower,0,2,43,6,51,0,0,143,4,147,0,2,186,10,198,132,22,154,352
02/06/2006,OPF,FL,ASO,ES,Federal Contract Tower,1,17,71,3,92,0,4,192,19,215,1,21,263,22,307,118,16,134,441
02/07/2006,OPF,FL,ASO,ES,Federal Contract Tower,0,21,56,2,79,0,0,119,22,141,0,21,175,24,220,154,24,178,398
02/08/2006,OPF,FL,ASO,ES,Federal Contract Tower,2,20,72,1,95,0,1,136,30,167,2,21,208,31,262,52,40,92,354
02/09/2006,OPF,FL,ASO,ES,Federal Contract Tower,0,20,58,3,81,0,1,134,23,158,0,21,192,26,239,88,26,114,353
02/10/2006,OPF,FL,ASO,ES,Federal Contract Tower,1,17,67,3,88,0,0,169,34,203,1,17,236,37,291,98,10,108,399
02/11/2006,OPF,FL,ASO,ES,Federal Contract Tower,0,3,39,3,45,0,1,168,14,183,0,4,207,17,228,114,0,114,342
02/12/2006,OPF,FL,ASO,ES,Federal Contract Tower,0,8,59,1,68,0,0,81,12,93,0,8,140,13,161,18,0,18,179
02/13/2006,OPF,FL,ASO,ES,Federal Contract Tower,0,18,81,4,103,0,0,138,22,160,0,18,219,26,263,118,20,138,401
02/14/2006,OPF,FL,ASO,ES,Federal Contract Tower,1,41,69,6,117,0,4,115,30,149,1,45,184,36,266,198,0,198,464
02/15/2006,OPF,FL,ASO,ES,Federal Contract Tower,1,23,124,9,157,0,2,183,23,208,1,25,307,32,365,138,2,140,505
02/16/2006,OPF,FL,ASO,ES,Federal Contract Tower,0,19,174,5,198,0,0,175,24,199,0,19,349,29,397,162,20,182,579
02/17/2006,OPF,FL,ASO,ES,Federal Contract Tower,0,22,162,15,199,0,0,197,23,220,0,22,359,38,419,84,46,130,549
02/18/2006,OPF,FL,ASO,ES,Federal Contract Tower,0,14,101,5,120,0,10,124,12,146,0,24,225,17,266,92,0,92,358
02/19/2006,OPF,FL,ASO,ES,Federal Contract Tower,0,9,135,7,151,0,4,141,12,157,0,13,276,19,308,130,10,140,448
02/20/2006,OPF,FL,ASO,ES,Federal Contract Tower,1,7,95,7,110,0,2,182,24,208,1,9,277,31,318,214,8,222,540
02/21/2006,OPF,FL,ASO,ES,Federal Contract Tower,0,22,79,3,104,0,3,103,10,116,0,25,182,13,220,110,0,110,330
02/22/2006,OPF,FL,ASO,ES,Federal Contract Tower,0,18,55,3,76,0,0,141,15,156,0,18,196,18,232,132,6,138,370
02/23/2006,OPF,FL,ASO,ES,Federal Contract Tower,0,19,86,10,115,0,12,161,17,190,0,31,247,27,305,132,26,158,463
02/24/2006,OPF,FL,ASO,ES,Federal Contract Tower,1,19,76,7,103,0,0,124,14,138,1,19,200,21,241,140,20,160,401
02/25/2006,OPF,FL,ASO,ES,Federal Contract Tower,0,6,62,12,80,0,0,86,15,101,0,6,148,27,181,22,0,22,203
02/26/2006,OPF,FL,ASO,ES,Federal Contract Tower,0,8,57,7,72,0,0,63,12,75,0,8,120,19,147,12,0,12,159
02/27/2006,OPF,FL,ASO,ES,Federal Contract Tower,0,40,71,5,116,0,0,166,9,175,0,40,237,14,291,108,6,114,405
02/28/2006,OPF,FL,ASO,ES,Federal Contract Tower,1,44,62,3,110,0,7,156,21,184,1,51,218,24,294,214,30,244,538
03/01/2006,OPF,FL,ASO,ES,Federal Contract Tower,2,21,85,3,111,0,2,159,20,181,2,23,244,23,292,200,50,250,542
03/02/2006,OPF,FL,ASO,ES,Federal Contract Tower,1,25,91,4,121,0,3,215,22,240,1,28,306,26,361,166,64,230,591
03/03/2006,OPF,FL,ASO,ES,Federal Contract Tower,0,22,54,5,81,0,2,159,13,174,0,24,213,18,255,170,34,204,459
03/04/2006,OPF,FL,ASO,ES,Federal Contract Tower,0,6,46,4,56,0,3,174,8,185,0,9,220,12,241,164,0,164,405
03/05/2006,OPF,FL,ASO,ES,Federal Contract Tower,1,6,61,0,68,0,2,121,11,134,1,8,182,11,202,134,44,178,380
03/06/2006,OPF,FL,ASO,ES,Federal Contract Tower,0,16,62,4,82,0,3,134,15,152,0,19,196,19,234,134,18,152,386
03/07/2006,OPF,FL,ASO,ES,Federal Contract Tower,0,22,71,5,98,0,2,131,18,151,0,24,202,23,249,192,8,200,449
03/08/2006,OPF,FL,ASO,ES,Federal Contract Tower,0,22,65,1,88,0,3,152,10,165,0,25,217,11,253,148,48,196,449
03/09/2006,OPF,FL,ASO,ES,Federal Contract Tower,0,27,81,2,110,0,1,209,21,231,0,28,290,23,341,44,24,68,409
03/10/2006,OPF,FL,ASO,ES,Federal Contract Tower,0,19,62,6,87,0,3,149,12,164,0,22,211,18,251,70,22,92,343
03/11/2006,OPF,FL,ASO,ES,Federal Contract Tower,0,5,41,4,50,0,1,127,7,135,0,6,168,11,185,40,28,68,253
03/12/2006,OPF,FL,ASO,ES,Federal Contract Tower,0,8,37,4,49,0,2,136,6,144,0,10,173,10,193,36,30,66,259
03/13/2006,OPF,FL,ASO,ES,Federal Contract Tower,0,14,44,5,63,0,3,141,9,153,0,17,185,14,216,110,76,186,402
03/14/2006,OPF,FL,ASO,ES,Federal Contract Tower,3,20,59,9,91,1,3,183,12,199,4,23,242,21,290,146,66,212,502
03/15/2006,OPF,FL,ASO,ES,Federal Contract Tower,2,23,57,4,86,0,2,169,11,182,2,25,226,15,268,80,56,136,404
03/16/2006,OPF,FL,ASO,ES,Federal Contract Tower,0,26,81,3,110,0,1,188,25,214,0,27,269,28,324,138,64,202,526
03/17/2006,OPF,FL,ASO,ES,Federal Contract Tower,0,20,115,5,140,0,0,155,18,173,0,20,270,23,313,126,82,208,521
03/18/2006,OPF,FL,ASO,ES,Federal Contract Tower,0,8,44,2,54,0,0,252,19,271,0,8,296,21,325,206,24,230,555
03/19/2006,OPF,FL,ASO,ES,Federal Contract Tower,0,4,60,4,68,0,3,154,11,168,0,7,214,15,236,140,10,150,386
03/20/2006,OPF,FL,ASO,ES,Federal Contract Tower,1,20,53,6,80,0,2,147,13,162,1,22,200,19,242,90,106,196,438
03/21/2006,OPF,FL,ASO,ES,Federal Contract Tower,2,24,68,0,94,0,2,118,12,132,2,26,186,12,226,62,0,62,288
03/22/2006,OPF,FL,ASO,ES,Federal Contract Tower,4,23,74,9,110,1,2,168,1,172,5,25,242,10,282,164,60,224,506
03/23/2006,OPF,FL,ASO,ES,Federal Contract Tower,0,22,68,4,94,0,4,133,9,146,0,26,201,13,240,74,0,74,314
03/24/2006,OPF,FL,ASO,ES,Federal Contract Tower,0,22,73,12,107,0,4,155,22,181,0,26,228,34,288,92,50,142,430
03/25/2006,OPF,FL,ASO,ES,Federal Contract Tower,0,7,62,1,70,0,3,238,8,249,0,10,300,9,319,98,0,98,417
03/26/2006,OPF,FL,ASO,ES,Federal Contract Tower,0,12,66,1,79,0,1,137,12,150,0,13,203,13,229,62,2,64,293
03/27/2006,OPF,FL,ASO,ES,Federal Contract Tower,0,16,58,8,82,0,5,187,11,203,0,21,245,19,285,112,48,160,445
03/28/2006,OPF,FL,ASO,ES,Federal Contract Tower,3,13,75,2,93,0,4,158,14,176,3,17,233,16,269,134,24,158,427
03/29/2006,OPF,FL,ASO,ES,Federal Contract Tower,7,22,61,16,106,0,4,190,14,208,7,26,251,30,314,100,72,172,486
03/30/2006,OPF,FL,ASO,ES,Federal Contract Tower,2,19,76,3,100,0,10,171,19,200,2,29,247,22,300,76,36,112,412
03/31/2006,OPF,FL,ASO,ES,Federal Contract Tower,0,20,79,7,106,0,3,186,18,207,0,23,265,25,313,112,42,154,467
04/01/2006,OPF,FL,ASO,ES,Federal Contract Tower,1,13,57,3,74,0,5,127,8,140,1,18,184,11,214,138,4,142,356
04/02/2006,OPF,FL,ASO,ES,Federal Contract Tower,3,10,74,4,91,0,0,122,6,128,3,10,196,10,219,94,14,108,327
04/03/2006,OPF,FL,ASO,ES,Federal Contract Tower,5,12,66,1,84,0,4,144,17,165,5,16,210,18,249,120,6,126,375
04/04/2006,OPF,FL,ASO,ES,Federal Contract Tower,1,22,69,0,92,0,12,111,11,134,1,34,180,11,226,124,4,128,354
04/05/2006,OPF,FL,ASO,ES,Federal Contract Tower,0,18,84,2,104,0,4,121,10,135,0,22,205,12,239,98,0,98,337
04/06/2006,OPF,FL,ASO,ES,Federal Contract Tower,0,19,77,9,105,0,2,128,21,151,0,21,205,30,256,112,36,148,404
04/07/2006,OPF,FL,ASO,ES,Federal Contract Tower,0,16,66,4,86,0,3,141,17,161,0,19,207,21,247,108,22,130,377
04/08/2006,OPF,FL,ASO,ES,Federal Contract Tower,0,12,51,8,71,0,1,130,14,145,0,13,181,22,216,54,0,54,270
04/09/2006,OPF,FL,ASO,ES,Federal Contract Tower,0,10,53,4,67,0,5,83,3,91,0,15,136,7,158,80,0,80,238
04/10/2006,OPF,FL,ASO,ES,Federal Contract Tower,0,19,70,0,89,0,1,122,10,133,0,20,192,10,222,52,24,76,298
04/11/2006,OPF,FL,ASO,ES,Federal Contract Tower,0,21,54,0,75,0,2,118,12,132,0,23,172,12,207,28,40,68,275
04/12/2006,OPF,FL,ASO,ES,Federal Contract Tower,1,15,73,0,89,0,1,119,8,128,1,16,192,8,217,56,8,64,281
04/13/2006,OPF,FL,ASO,ES,Federal Contract Tower,0,19,84,9,112,0,4,158,21,183,0,23,242,30,295,52,0,52,347
04/14/2006,OPF,FL,ASO,ES,Federal Contract Tower,0,14,46,5,65,0,3,220,19,242,0,17,266,24,307,78,20,98,405
04/15/2006,OPF,FL,ASO,ES,Federal Contract Tower,0,5,47,3,55,0,1,178,12,191,0,6,225,15,246,210,6,216,462
04/16/2006,OPF,FL,ASO,ES,Federal Contract Tower,0,11,61,1,73,0,0,99,5,104,0,11,160,6,177,114,0,114,291
04/17/2006,OPF,FL,ASO,ES,Federal Contract Tower,0,12,80,2,94,0,2,124,5,131,0,14,204,7,225,110,0,110,335
04/18/2006,OPF,FL,ASO,ES,Federal Contract Tower,0,25,96,2,123,0,2,103,12,117,0,27,199,14,240,196,0,196,436
04/19/2006,OPF,FL,ASO,ES,Federal Contract Tower,0,17,72,6,95,0,1,129,12,142,0,18,201,18,237,110,2,112,349
04/20/2006,OPF,FL,ASO,ES,Federal Contract Tower,4,15,93,2,114,0,2,183,17,202,4,17,276,19,316,182,8,190,506
04/21/2006,OPF,FL,ASO,ES,Federal Contract Tower,2,18,61,3,84,0,4,168,18,190,2,22,229,21,274,100,2,102,376
04/22/2006,OPF,FL,ASO,ES,Federal Contract Tower,0,8,49,1,58,0,0,199,3,202,0,8,248,4,260,94,0,94,354
04/23/2006,OPF,FL,ASO,ES,Federal Contract Tower,0,1,65,4,70,0,1,113,5,119,0,2,178,9,189,46,0,46,235
04/24/2006,OPF,FL,ASO,ES,Federal Contract Tower,6,15,51,0,72,0,0,125,9,134,6,15,176,9,206,140,4,144,350
04/25/2006,OPF,FL,ASO,ES,Federal Contract Tower,0,18,79,2,99,0,18,103,11,132,0,36,182,13,231,206,24,230,461
04/26/2006,OPF,FL,ASO,ES,Federal Contract Tower,0,24,81,0,105,0,4,148,16,168,0,28,229,16,273,142,0,142,415
04/27/2006,OPF,FL,ASO,ES,Federal Contract Tower,4,24,78,1,107,0,6,205,10,221,4,30,283,11,328,96,0,96,424
04/28/2006,OPF,FL,ASO,ES,Federal Contract Tower,0,20,64,4,88,0,1,205,13,219,0,21,269,17,307,94,20,114,421
04/29/2006,OPF,FL,ASO,ES,Federal Contract Tower,4,9,51,0,64,0,5,115,7,127,4,14,166,7,191,108,0,108,299
04/30/2006,OPF,FL,ASO,ES,Federal Contract Tower,3,0,48,3,54,0,1,104,13,118,3,1,152,16,172,62,0,62,234
05/01/2006,OPF,FL,ASO,ES,Federal Contract Tower,0,10,53,1,64,0,3,173,9,185,0,13,226,10,249,124,8,132,381
05/02/2006,OPF,FL,ASO,ES,Federal Contract Tower,0,25,57,4,86,0,2,173,5,180,0,27,230,9,266,111,0,111,377
05/03/2006,OPF,FL,ASO,ES,Federal Contract Tower,4,20,53,6,83,0,2,174,31,207,4,22,227,37,290,138,30,168,458
05/04/2006,OPF,FL,ASO,ES,Federal Contract Tower,3,26,70,11,110,0,2,199,29,230,3,28,269,40,340,96,12,108,448
05/05/2006,OPF,FL,ASO,ES,Federal Contract Tower,2,20,52,3,77,0,1,176,43,220,2,21,228,46,297,100,0,100,397
05/06/2006,OPF,FL,ASO,ES,Federal Contract Tower,2,4,31,8,45,0,2,170,34,206,2,6,201,42,251,102,0,102,353
05/07/2006,OPF,FL,ASO,ES,Federal Contract Tower,0,6,49,5,60,0,2,96,27,125,0,8,145,32,185,44,4,48,233
05/08/2006,OPF,FL,ASO,ES,Federal Contract Tower,0,25,68,9,102,0,11,118,23,152,0,36,186,32,254,80,26,106,360
05/09/2006,OPF,FL,ASO,ES,Federal Contract Tower,0,24,62,3,89,0,4,73,23,100,0,28,135,26,189,72,4,76,265
05/10/2006,OPF,FL,ASO,ES,Federal Contract Tower,4,21,88,6,119,0,1,126,4,131,4,22,214,10,250,150,30,180,430
05/11/2006,OPF,FL,ASO,ES,Federal Contract Tower,4,20,80,5,109,0,2,152,7,161,4,22,232,12,270,176,8,184,454
05/12/2006,OPF,FL,ASO,ES,Federal Contract Tower,2,17,49,5,73,0,0,170,9,179,2,17,219,14,252,92,28,120,372
05/13/2006,OPF,FL,ASO,ES,Federal Contract Tower,3,6,36,0,45,0,0,117,8,125,3,6,153,8,170,158,0,158,328
05/14/2006,OPF,FL,ASO,ES,Federal Contract Tower,0,1,51,0,52,0,0,92,8,100,0,1,143,8,152,90,0,90,242
05/15/2006,OPF,FL,ASO,ES,Federal Contract Tower,0,14,54,1,69,0,1,85,15,101,0,15,139,16,170,102,0,102,272
05/16/2006,OPF,FL,ASO,ES,Federal Contract Tower,0,25,47,6,78,0,3,53,9,65,0,28,100,15,143,70,0,70,213
05/17/2006,OPF,FL,ASO,ES,Federal Contract Tower,2,23,75,7,107,0,0,82,10,92,2,23,157,17,199,124,0,124,323
05/18/2006,OPF,FL,ASO,ES,Federal Contract Tower,2,21,54,7,84,0,4,167,25,196,2,25,221,32,280,130,4,134,414
05/19/2006,OPF,FL,ASO,ES,Federal Contract Tower,2,19,49,6,76,0,4,152,3,159,2,23,201,9,235,116,0,116,351
05/20/2006,OPF,FL,ASO,ES,Federal Contract Tower,0,7,32,1,40,0,4,124,6,134,0,11,156,7,174,94,2,96,270
05/21/2006,OPF,FL,ASO,ES,Federal Contract Tower,2,4,40,6,52,0,3,69,8,80,2,7,109,14,132,76,0,76,208
05/22/2006,OPF,FL,ASO,ES,Federal Contract Tower,0,16,77,3,96,0,0,132,16,148,0,16,209,19,244,140,58,198,442
05/23/2006,OPF,FL,ASO,ES,Federal Contract Tower,2,21,65,9,97,0,1,99,22,122,2,22,164,31,219,114,8,122,341
05/24/2006,OPF,FL,ASO,ES,Federal Contract Tower,2,19,67,2,90,0,2,119,15,136,2,21,186,17,226,80,50,130,356
05/25/2006,OPF,FL,ASO,ES,Federal Contract Tower,2,31,49,9,91,0,7,81,15,103,2,38,130,24,194,54,4,58,252
05/26/2006,OPF,FL,ASO,ES,Federal Contract Tower,4,21,72,1,98,0,2,146,12,160,4,23,218,13,258,44,0,44,302
05/27/2006,OPF,FL,ASO,ES,Federal Contract Tower,0,4,54,0,58,0,2,197,6,205,0,6,251,6,263,94,36,130,393
05/28/2006,OPF,FL,ASO,ES,Federal Contract Tower,1,2,15,6,24,0,13,91,2,106,1,15,106,8,130,92,24,116,246
05/29/2006,OPF,FL,ASO,ES,Federal Contract Tower,0,4,51,4,59,0,0,177,6,183,0,4,228,10,242,102,16,118,360
05/30/2006,OPF,FL,ASO,ES,Federal Contract Tower,0,17,71,2,90,0,1,123,12,136,0,18,194,14,226,112,0,112,338
05/31/2006,OPF,FL,ASO,ES,Federal Contract Tower,2,22,50,8,82,0,0,148,10,158,2,22,198,18,240,196,14,210,450
06/01/2006,OPF,FL,ASO,ES,Federal Contract Tower,0,23,41,6,70,0,1,101,12,114,0,24,142,18,184,116,0,116,300
06/02/2006,OPF,FL,ASO,ES,Federal Contract Tower,4,13,57,5,79,0,0,143,10,153,4,13,200,15,232,90,0,90,322
06/03/2006,OPF,FL,ASO,ES,Federal Contract Tower,0,8,32,3,43,0,0,131,4,135,0,8,163,7,178,96,0,96,274
06/04/2006,OPF,FL,ASO,ES,Federal Contract Tower,0,8,53,3,64,0,0,94,6,100,0,8,147,9,164,70,0,70,234
06/05/2006,OPF,FL,ASO,ES,Federal Contract Tower,0,20,48,6,74,0,2,137,14,153,0,22,185,20,227,110,20,130,357
06/06/2006,OPF,FL,ASO,ES,Federal Contract Tower,0,18,67,6,91,0,0,109,11,120,0,18,176,17,211,212,22,234,445
06/07/2006,OPF,FL,ASO,ES,Federal Contract Tower,1,14,49,1,65,1,4,111,8,124,2,18,160,9,189,84,8,92,281
06/08/2006,OPF,FL,ASO,ES,Federal Contract Tower,0,17,56,0,73,0,0,131,15,146,0,17,187,15,219,126,4,130,349
06/09/2006,OPF,FL,ASO,ES,Federal Contract Tower,2,25,54,1,82,0,8,140,12,160,2,33,194,13,242,146,0,146,388
06/10/2006,OPF,FL,ASO,ES,Federal Contract Tower,0,7,48,0,55,0,2,122,4,128,0,9,170,4,183,108,0,108,291
06/11/2006,OPF,FL,ASO,ES,Federal Contract Tower,1,4,42,5,52,0,0,17,4,21,1,4,59,9,73,18,0,18,91
06/12/2006,OPF,FL,ASO,ES,Federal Contract Tower,0,13,25,6,44,0,1,80,7,88,0,14,105,13,132,16,14,30,162
06/13/2006,OPF,FL,ASO,ES,Federal Contract Tower,0,18,43,2,63,0,6,78,21,105,0,24,121,23,168,60,62,122,290
06/14/2006,OPF,FL,ASO,ES,Federal Contract Tower,0,20,53,5,78,0,1,91,6,98,0,21,144,11,176,102,0,102,278
06/15/2006,OPF,FL,ASO,ES,Federal Contract Tower,0,24,64,7,95,0,2,134,14,150,0,26,198,21,245,108,36,144,389
06/16/2006,OPF,FL,ASO,ES,Federal Contract Tower,0,16,50,1,67,0,5,156,19,180,0,21,206,20,247,142,58,200,447
06/17/2006,OPF,FL,ASO,ES,Federal Contract Tower,0,2,39,0,41,0,2,144,4,150,0,4,183,4,191,164,0,164,355
06/18/2006,OPF,FL,ASO,ES,Federal Contract Tower,0,5,55,1,61,0,0,123,8,131,0,5,178,9,192,40,0,40,232
06/19/2006,OPF,FL,ASO,ES,Federal Contract Tower,0,13,37,5,55,0,6,170,16,192,0,19,207,21,247,116,0,116,363
06/20/2006,OPF,FL,ASO,ES,Federal Contract Tower,2,18,53,3,76,0,0,81,19,100,2,18,134,22,176,120,0,120,296
06/21/2006,OPF,FL,ASO,ES,Federal Contract Tower,0,21,69,2,92,0,0,112,11,123,0,21,181,13,215,158,14,172,387
06/22/2006,OPF,FL,ASO,ES,Federal Contract Tower,0,21,62,0,83,0,2,116,14,132,0,23,178,14,215,90,30,120,335
06/23/2006,OPF,FL,ASO,ES,Federal Contract Tower,3,19,44,7,73,0,2,217,17,236,3,21,261,24,309,138,0,138,447
06/24/2006,OPF,FL,ASO,ES,Federal Contract Tower,0,3,45,1,49,0,2,122,5,129,0,5,167,6,178,92,0,92,270
06/25/2006,OPF,FL,ASO,ES,Federal Contract Tower,1,2,37,3,43,0,0,27,3,30,1,2,64,6,73,48,0,48,121
06/26/2006,OPF,FL,ASO,ES,Federal Contract Tower,1,14,48,1,64,0,0,73,8,81,1,14,121,9,145,102,2,104,249
06/27/2006,OPF,FL,ASO,ES,Federal Contract Tower,1,18,52,1,72,0,1,67,13,81,1,19,119,14,153,58,0,58,211
06/28/2006,OPF,FL,ASO,ES,Federal Contract Tower,0,19,58,3,80,0,2,88,10,100,0,21,146,13,180,112,0,112,292
06/29/2006,OPF,FL,ASO,ES,Federal Contract Tower,0,26,75,3,104,0,2,122,19,143,0,28,197,22,247,60,0,60,307
06/30/2006,OPF,FL,ASO,ES,Federal Contract Tower,3,27,57,3,90,0,3,189,8,200,3,30,246,11,290,120,4,124,414
07/01/2006,OPF,FL,ASO,ES,Federal Contract Tower,0,8,75,3,86,0,2,104,6,112,0,10,179,9,198,182,0,182,380
07/02/2006,OPF,FL,ASO,ES,Federal Contract Tower,0,7,20,5,32,0,1,53,2,56,0,8,73,7,88,48,0,48,136
07/03/2006,OPF,FL,ASO,ES,Federal Contract Tower,0,17,35,2,54,0,0,130,14,144,0,17,165,16,198,116,0,116,314
07/04/2006,OPF,FL,ASO,ES,Federal Contract Tower,0,7,55,2,64,0,0,76,6,82,0,7,131,8,146,76,2,78,224
07/05/2006,OPF,FL,ASO,ES,Federal Contract Tower,0,27,31,1,59,0,1,0,6,7,0,28,31,7,66,28,36,64,130
07/06/2006,OPF,FL,ASO,ES,Federal Contract Tower,0,22,42,4,68,0,0,54,8,62,0,22,96,12,130,20,0,20,150
07/07/2006,OPF,FL,ASO,ES,Federal Contract Tower,0,22,48,3,73,0,0,121,9,130,0,22,169,12,203,110,6,116,319
07/08/2006,OPF,FL,ASO,ES,Federal Contract Tower,0,2,40,1,43,0,2,96,8,106,0,4,136,9,149,122,2,124,273
07/09/2006,OPF,FL,ASO,ES,Federal Contract Tower,0,2,50,2,54,0,0,84,10,94,0,2,134,12,148,86,14,100,248
07/10/2006,OPF,FL,ASO,ES,Federal Contract Tower,0,15,53,3,71,0,0,128,7,135,0,15,181,10,206,94,0,94,300
07/11/2006,OPF,FL,ASO,ES,Federal Contract Tower,0,17,43,4,64,0,2,145,15,162,0,19,188,19,226,78,2,80,306
07/12/2006,OPF,FL,ASO,ES,Federal Contract Tower,0,27,28,0,55,0,1,56,6,63,0,28,84,6,118,34,18,52,170
07/13/2006,OPF,FL,ASO,ES,Federal Contract Tower,1,22,40,10,73,0,0,73,14,87,1,22,113,24,160,70,0,70,230
07/14/2006,OPF,FL,ASO,ES,Federal Contract Tower,2,23,54,6,85,0,9,179,8,196,2,32,233,14,281,178,26,204,485
07/15/2006,OPF,FL,ASO,ES,Federal Contract Tower,1,5,30,1,37,0,0,146,7,153,1,5,176,8,190,166,0,166,356
07/16/2006,OPF,FL,ASO,ES,Federal Contract Tower,1,5,36,5,47,0,0,152,11,163,1,5,188,16,210,88,20,108,318
07/17/2006,OPF,FL,ASO,ES,Federal Contract Tower,1,10,43,5,59,0,1,121,9,131,1,11,164,14,190,64,0,64,254
07/18/2006,OPF,FL,ASO,ES,Federal Contract Tower,0,17,45,0,62,0,2,92,13,107,0,19,137,13,169,120,0,120,289
07/19/2006,OPF,FL,ASO,ES,Federal Contract Tower,0,19,39,0,58,0,1,128,2,131,0,20,167,2,189,56,0,56,245
07/20/2006,OPF,FL,ASO,ES,Federal Contract Tower,0,18,58,1,77,0,2,122,14,138,0,20,180,15,215,134,10,144,359
07/21/2006,OPF,FL,ASO,ES,Federal Contract Tower,0,15,45,3,63,0,0,99,13,112,0,15,144,16,175,62,22,84,259
07/22/2006,OPF,FL,ASO,ES,Federal Contract Tower,0,2,46,4,52,0,0,121,10,131,0,2,167,14,183,111,8,119,302
07/23/2006,OPF,FL,ASO,ES,Federal Contract Tower,0,3,36,6,45,0,0,90,5,95,0,3,126,11,140,84,0,84,224
07/24/2006,OPF,FL,ASO,ES,Federal Contract Tower,0,17,36,2,55,0,2,206,13,221,0,19,242,15,276,124,8,132,408
07/25/2006,OPF,FL,ASO,ES,Federal Contract Tower,0,22,37,4,63,0,0,159,10,169,0,22,196,14,232,114,0,114,346
07/26/2006,OPF,FL,ASO,ES,Federal Contract Tower,3,20,51,1,75,0,0,102,7,109,3,20,153,8,184,66,8,74,258
07/27/2006,OPF,FL,ASO,ES,Federal Contract Tower,0,20,44,2,66,0,0,160,17,177,0,20,204,19,243,34,20,54,297
07/28/2006,OPF,FL,ASO,ES,Federal Contract Tower,0,19,68,7,94,0,1,99,15,115,0,20,167,22,209,56,26,82,291
07/29/2006,OPF,FL,ASO,ES,Federal Contract Tower,0,4,33,8,45,0,0,87,16,103,0,4,120,24,148,102,0,102,250
07/30/2006,OPF,FL,ASO,ES,Federal Contract Tower,0,3,41,5,49,0,0,67,5,72,0,3,108,10,121,66,4,70,191
07/31/2006,OPF,FL,ASO,ES,Federal Contract Tower,0,17,44,4,65,0,1,60,4,65,0,18,104,8,130,4,0,4,134
08/01/2006,OPF,FL,ASO,ES,Federal Contract Tower,0,19,51,3,73,0,0,155,16,171,0,19,206,19,244,118,10,128,372
08/02/2006,OPF,FL,ASO,ES,Federal Contract Tower,0,39,54,3,96,0,5,129,7,141,0,44,183,10,237,118,24,142,379
08/03/2006,OPF,FL,ASO,ES,Federal Contract Tower,0,23,70,4,97,0,3,122,12,137,0,26,192,16,234,96,0,96,330
08/04/2006,OPF,FL,ASO,ES,Federal Contract Tower,0,17,52,2,71,0,23,91,11,125,0,40,143,13,196,52,0,52,248
08/05/2006,OPF,FL,ASO,ES,Federal Contract Tower,0,4,55,1,60,0,0,167,8,175,0,4,222,9,235,126,8,134,369
08/06/2006,OPF,FL,ASO,ES,Federal Contract Tower,0,3,33,2,38,0,0,68,5,73,0,3,101,7,111,30,0,30,141
08/07/2006,OPF,FL,ASO,ES,Federal Contract Tower,0,34,53,2,89,0,21,103,11,135,0,55,156,13,224,84,28,112,336
08/08/2006,OPF,FL,ASO,ES,Federal Contract Tower,0,21,30,2,53,0,3,114,12,129,0,24,144,14,182,26,14,40,222
08/09/2006,OPF,FL,ASO,ES,Federal Contract Tower,0,22,40,2,64,0,2,161,12,175,0,24,201,14,239,104,0,104,343
08/10/2006,OPF,FL,ASO,ES,Federal Contract Tower,0,16,59,2,77,0,0,127,15,142,0,16,186,17,219,84,30,114,333
08/11/2006,OPF,FL,ASO,ES,Federal Contract Tower,1,29,54,9,93,0,3,205,9,217,1,32,259,18,310,114,10,124,434
08/12/2006,OPF,FL,ASO,ES,Federal Contract Tower,0,7,26,0,33,0,0,121,6,127,0,7,147,6,160,126,0,126,286
08/13/2006,OPF,FL,ASO,ES,Federal Contract Tower,0,0,32,3,35,0,0,144,6,150,0,0,176,9,185,74,0,74,259
08/14/2006,OPF,FL,ASO,ES,Federal Contract Tower,0,13,73,9,95,0,3,81,15,99,0,16,154,24,194,86,0,86,280
08/15/2006,OPF,FL,ASO,ES,Federal Contract Tower,0,17,63,8,88,0,0,114,9,123,0,17,177,17,211,88,30,118,329
08/16/2006,OPF,FL,ASO,ES,Federal Contract Tower,0,21,48,4,73,0,1,139,9,149,0,22,187,13,222,106,0,106,328
08/17/2006,OPF,FL,ASO,ES,Federal Contract Tower,0,42,57,5,104,0,4,152,15,171,0,46,209,20,275,142,48,190,465
08/18/2006,OPF,FL,ASO,ES,Federal Contract Tower,0,28,77,6,111,0,0,139,8,147,0,28,216,14,258,150,16,166,424
08/19/2006,OPF,FL,ASO,ES,Federal Contract Tower,0,7,31,6,44,0,1,117,9,127,0,8,148,15,171,120,6,126,297
08/20/2006,OPF,FL,ASO,ES,Federal Contract Tower,0,3,37,4,44,0,0,48,10,58,0,3,85,14,102,28,0,28,130
08/21/2006,OPF,FL,ASO,ES,Federal Contract Tower,0,14,57,1,72,0,3,75,8,86,0,17,132,9,158,76,16,92,250
08/22/2006,OPF,FL,ASO,ES,Federal Contract Tower,0,25,54,0,79,0,1,115,21,137,0,26,169,21,216,116,0,116,332
08/23/2006,OPF,FL,ASO,ES,Federal Contract Tower,0,21,57,6,84,0,2,159,16,177,0,23,216,22,261,76,8,84,345
08/24/2006,OPF,FL,ASO,ES,Federal Contract Tower,1,28,40,2,71,0,2,152,14,168,1,30,192,16,239,74,28,102,341
08/25/2006,OPF,FL,ASO,ES,Federal Contract Tower,0,16,66,7,89,0,0,152,17,169,0,16,218,24,258,66,38,104,362
08/26/2006,OPF,FL,ASO,ES,Federal Contract Tower,1,3,49,3,56,0,0,99,9,108,1,3,148,12,164,86,10,96,260
08/27/2006,OPF,FL,ASO,ES,Federal Contract Tower,1,2,43,4,50,0,1,90,5,96,1,3,133,9,146,64,0,64,210
08/28/2006,OPF,FL,ASO,ES,Federal Contract Tower,0,20,48,0,68,0,3,162,16,181,0,23,210,16,249,66,16,82,331
08/29/2006,OPF,FL,ASO,ES,Federal Contract Tower,0,12,45,3,60,0,1,82,0,83,0,13,127,3,143,20,0,20,163
08/30/2006,OPF,FL,ASO,ES,Federal Contract Tower,0,14,13,1,28,0,0,31,11,42,0,14,44,12,70,0,0,0,70
08/31/2006,OPF,FL,ASO,ES,Federal Contract Tower,0,19,51,2,72,0,0,130,18,148,0,19,181,20,220,6,0,6,226
09/01/2006,OPF,FL,ASO,ES,Federal Contract Tower,0,21,55,4,80,0,0,138,7,145,0,21,193,11,225,72,0,72,297
09/02/2006,OPF,FL,ASO,ES,Federal Contract Tower,0,2,23,5,30,0,0,59,6,65,0,2,82,11,95,18,2,20,115
09/03/2006,OPF,FL,ASO,ES,Federal Contract Tower,0,9,22,2,33,0,1,71,5,77,0,10,93,7,110,18,0,18,128
09/04/2006,OPF,FL,ASO,ES,Federal Contract Tower,0,3,52,1,56,0,1,87,8,96,0,4,139,9,152,30,2,32,184
09/05/2006,OPF,FL,ASO,ES,Federal Contract Tower,0,8,46,7,61,0,3,42,6,51,0,11,88,13,112,0,0,0,112
09/06/2006,OPF,FL,ASO,ES,Federal Contract Tower,0,19,41,1,61,0,2,89,16,107,0,21,130,17,168,10,30,40,208
09/07/2006,OPF,FL,ASO,ES,Federal Contract Tower,0,20,70,6,96,0,0,143,19,162,0,20,213,25,258,90,14,104,362
09/08/2006,OPF,FL,ASO,ES,Federal Contract Tower,0,23,76,2,101,0,3,142,10,155,0,26,218,12,256,78,8,86,342
09/09/2006,OPF,FL,ASO,ES,Federal Contract Tower,1,5,40,1,47,0,1,113,6,120,1,6,153,7,167,118,0,118,285
09/10/2006,OPF,FL,ASO,ES,Federal Contract Tower,0,2,23,5,30,0,0,79,7,86,0,2,102,12,116,78,2,80,196
09/11/2006,OPF,FL,ASO,ES,Federal Contract Tower,0,13,30,12,55,0,0,115,19,134,0,13,145,31,189,76,26,102,291
09/12/2006,OPF,FL,ASO,ES,Federal Contract Tower,1,13,45,6,65,0,0,118,18,136,1,13,163,24,201,108,2,110,311
09/13/2006,OPF,FL,ASO,ES,Federal Contract Tower,1,19,72,5,97,0,0,161,20,181,1,19,233,25,278,138,8,146,424
09/14/2006,OPF,FL,ASO,ES,Federal Contract Tower,0,19,75,7,101,0,0,159,13,172,0,19,234,20,273,126,18,144,417
09/15/2006,OPF,FL,ASO,ES,Federal Contract Tower,0,25,49,6,80,0,3,160,14,177,0,28,209,20,257,144,28,172,429
09/16/2006,OPF,FL,ASO,ES,Federal Contract Tower,0,13,49,0,62,0,5,88,15,108,0,18,137,15,170,60,0,60,230
09/17/2006,OPF,FL,ASO,ES,Federal Contract Tower,0,0,41,3,44,0,2,116,12,130,0,2,157,15,174,34,0,34,208
09/18/2006,OPF,FL,ASO,ES,Federal Contract Tower,0,19,36,5,60,0,0,121,20,141,0,19,157,25,201,110,36,146,347
09/19/2006,OPF,FL,ASO,ES,Federal Contract Tower,0,20,51,4,75,0,0,121,12,133,0,20,172,16,208,58,4,62,270
09/20/2006,OPF,FL,ASO,ES,Federal Contract Tower,1,17,37,1,56,0,0,155,16,171,1,17,192,17,227,146,0,146,373
09/21/2006,OPF,FL,ASO,ES,Federal Contract Tower,0,19,72,6,97,0,0,200,21,221,0,19,272,27,318,128,22,150,468
09/22/2006,OPF,FL,ASO,ES,Federal Contract Tower,0,15,54,3,72,0,1,178,13,192,0,16,232,16,264,124,18,142,406
09/23/2006,OPF,FL,ASO,ES,Federal Contract Tower,0,5,35,3,43,0,4,132,8,144,0,9,167,11,187,78,0,78,265
09/24/2006,OPF,FL,ASO,ES,Federal Contract Tower,0,7,31,4,42,0,0,99,5,104,0,7,130,9,146,94,0,94,240
09/25/2006,OPF,FL,ASO,ES,Federal Contract Tower,0,18,52,1,71,0,2,137,11,150,0,20,189,12,221,188,24,212,433
09/26/2006,OPF,FL,ASO,ES,Federal Contract Tower,3,34,54,3,94,0,0,181,14,195,3,34,235,17,289,110,28,138,427
09/27/2006,OPF,FL,ASO,ES,Federal Contract Tower,0,24,54,5,83,1,0,166,12,179,1,24,220,17,262,120,86,206,468
09/28/2006,OPF,FL,ASO,ES,Federal Contract Tower,1,27,62,1,91,0,2,89,13,104,1,29,151,14,195,72,12,84,279
09/29/2006,OPF,FL,ASO,ES,Federal Contract Tower,0,26,63,7,96,0,2,174,13,189,0,28,237,20,285,94,0,94,379
09/30/2006,OPF,FL,ASO,ES,Federal Contract Tower,1,6,41,0,48,0,0,116,4,120,1,6,157,4,168,74,0,74,242
10/01/2006,OPF,FL,ASO,ES,Federal Contract Tower,0,6,47,0,53,0,0,159,7,166,0,6,206,7,219,110,0,110,329
10/02/2006,OPF,FL,ASO,ES,Federal Contract Tower,2,14,29,7,52,0,0,117,15,132,2,14,146,22,184,184,42,226,410
10/03/2006,OPF,FL,ASO,ES,Federal Contract Tower,0,22,55,9,86,0,0,108,11,119,0,22,163,20,205,80,0,80,285
10/04/2006,OPF,FL,ASO,ES,Federal Contract Tower,0,17,46,3,66,0,0,124,19,143,0,17,170,22,209,56,24,80,289
10/05/2006,OPF,FL,ASO,ES,Federal Contract Tower,0,23,61,9,93,0,0,105,19,124,0,23,166,28,217,32,6,38,255
10/06/2006,OPF,FL,ASO,ES,Federal Contract Tower,1,20,65,10,96,0,2,143,17,162,1,22,208,27,258,92,0,92,350
10/07/2006,OPF,FL,ASO,ES,Federal Contract Tower,0,3,44,4,51,0,0,138,8,146,0,3,182,12,197,128,0,128,325
10/08/2006,OPF,FL,ASO,ES,Federal Contract Tower,0,5,33,4,42,0,3,109,10,122,0,8,142,14,164,38,0,38,202
10/09/2006,OPF,FL,ASO,ES,Federal Contract Tower,0,1,62,1,64,0,0,136,5,141,0,1,198,6,205,154,0,154,359
10/10/2006,OPF,FL,ASO,ES,Federal Contract Tower,0,17,34,4,55,0,2,169,7,178,0,19,203,11,233,154,12,166,399
10/11/2006,OPF,FL,ASO,ES,Federal Contract Tower,0,23,41,1,65,0,17,203,8,228,0,40,244,9,293,58,0,58,351
10/12/2006,OPF,FL,ASO,ES,Federal Contract Tower,1,23,51,13,88,0,0,123,27,150,1,23,174,40,238,48,20,68,306
10/13/2006,OPF,FL,ASO,ES,Federal Contract Tower,0,15,59,5,79,0,0,173,12,185,0,15,232,17,264,126,20,146,410
10/14/2006,OPF,FL,ASO,ES,Federal Contract Tower,1,7,52,5,65,0,0,129,7,136,1,7,181,12,201,102,0,102,303
10/15/2006,OPF,FL,ASO,ES,Federal Contract Tower,1,4,51,2,58,1,1,96,4,102,2,5,147,6,160,58,0,58,218
10/16/2006,OPF,FL,ASO,ES,Federal Contract Tower,0,16,57,2,75,0,0,90,12,102,0,16,147,14,177,86,0,86,263
10/17/2006,OPF,FL,ASO,ES,Federal Contract Tower,0,20,59,6,85,0,0,139,11,150,0,20,198,17,235,88,0,88,323
10/18/2006,OPF,FL,ASO,ES,Federal Contract Tower,0,16,58,3,77,0,1,139,9,149,0,17,197,12,226,144,26,170,396
10/19/2006,OPF,FL,ASO,ES,Federal Contract Tower,0,25,75,1,101,0,0,163,12,175,0,25,238,13,276,151,0,151,427
10/20/2006,OPF,FL,ASO,ES,Federal Contract Tower,0,17,76,6,99,0,1,153,10,164,0,18,229,16,263,100,0,100,363
10/21/2006,OPF,FL,ASO,ES,Federal Contract Tower,0,2,51,2,55,0,2,144,4,150,0,4,195,6,205,88,0,88,293
10/22/2006,OPF,FL,ASO,ES,Federal Contract Tower,0,3,77,10,90,0,1,124,8,133,0,4,201,18,223,62,4,66,289
10/23/2006,OPF,FL,ASO,ES,Federal Contract Tower,1,15,56,0,72,0,0,115,8,123,1,15,171,8,195,28,6,34,229
10/24/2006,OPF,FL,ASO,ES,Federal Contract Tower,0,19,58,4,81,0,3,100,12,115,0,22,158,16,196,44,10,54,250
10/25/2006,OPF,FL,ASO,ES,Federal Contract Tower,0,28,60,0,88,0,0,178,15,193,0,28,238,15,281,106,0,106,387
10/26/2006,OPF,FL,ASO,ES,Federal Contract Tower,1,29,78,2,110,0,1,158,20,179,1,30,236,22,289,96,0,96,385
10/27/2006,OPF,FL,ASO,ES,Federal Contract Tower,0,24,43,1,68,0,1,168,9,178,0,25,211,10,246,52,0,52,298
10/28/2006,OPF,FL,ASO,ES,Federal Contract Tower,0,5,45,2,52,0,4,57,6,67,0,9,102,8,119,16,0,16,135
10/29/2006,OPF,FL,ASO,ES,Federal Contract Tower,0,6,52,1,59,0,3,126,7,136,0,9,178,8,195,38,8,46,241
10/30/2006,OPF,FL,ASO,ES,Federal Contract Tower,0,17,69,0,86,0,1,148,8,157,0,18,217,8,243,92,0,92,335
10/31/2006,OPF,FL,ASO,ES,Federal Contract Tower,2,24,61,2,89,0,0,131,16,147,2,24,192,18,236,76,10,86,322
11/01/2006,OPF,FL,ASO,ES,Federal Contract Tower,0,31,50,1,82,0,0,167,16,183,0,31,217,17,265,98,30,128,393
11/02/2006,OPF,FL,ASO,ES,Federal Contract Tower,0,20,85,5,110,0,0,37,3,40,0,20,122,8,150,10,0,10,160
11/03/2006,OPF,FL,ASO,ES,Federal Contract Tower,0,20,84,2,106,0,2,128,7,137,0,22,212,9,243,49,8,57,300
11/04/2006,OPF,FL,ASO,ES,Federal Contract Tower,0,6,35,0,41,0,1,51,3,55,0,7,86,3,96,22,0,22,118
11/05/2006,OPF,FL,ASO,ES,Federal Contract Tower,0,6,40,3,49,0,0,69,13,82,0,6,109,16,131,0,24,24,155
11/06/2006,OPF,FL,ASO,ES,Federal Contract Tower,0,18,33,0,51,0,0,135,21,156,0,18,168,21,207,42,20,62,269
11/07/2006,OPF,FL,ASO,ES,Federal Contract Tower,0,28,47,7,82,0,2,110,35,147,0,30,157,42,229,58,82,140,369
11/08/2006,OPF,FL,ASO,ES,Federal Contract Tower,2,22,98,3,125,0,3,141,23,167,2,25,239,26,292,44,52,96,388
11/09/2006,OPF,FL,ASO,ES,Federal Contract Tower,0,18,80,7,105,0,2,154,20,176,0,20,234,27,281,130,6,136,417
11/10/2006,OPF,FL,ASO,ES,Federal Contract Tower,0,22,79,4,105,0,1,145,5,151,0,23,224,9,256,133,0,133,389
11/11/2006,OPF,FL,ASO,ES,Federal Contract Tower,0,3,52,1,56,0,0,128,4,132,0,3,180,5,188,134,0,134,322
11/12/2006,OPF,FL,ASO,ES,Federal Contract Tower,0,6,50,8,64,0,8,126,15,149,0,14,176,23,213,90,0,90,303
11/13/2006,OPF,FL,ASO,ES,Federal Contract Tower,0,14,72,4,90,0,1,137,16,154,0,15,209,20,244,78,30,108,352
11/14/2006,OPF,FL,ASO,ES,Federal Contract Tower,1,19,71,3,94,0,0,146,21,167,1,19,217,24,261,74,8,82,343
11/15/2006,OPF,FL,ASO,ES,Federal Contract Tower,0,22,61,2,85,0,1,161,11,173,0,23,222,13,258,80,2,82,340
11/16/2006,OPF,FL,ASO,ES,Federal Contract Tower,0,25,62,7,94,0,0,111,11,122,0,25,173,18,216,14,40,54,270
11/17/2006,OPF,FL,ASO,ES,Federal Contract Tower,1,22,82,4,109,0,0,175,12,187,1,22,257,16,296,118,16,134,430
11/18/2006,OPF,FL,ASO,ES,Federal Contract Tower,0,5,61,3,69,0,0,135,6,141,0,5,196,9,210,76,12,88,298
11/19/2006,OPF,FL,ASO,ES,Federal Contract Tower,0,6,51,2,59,0,0,164,9,173,0,6,215,11,232,62,6,68,300
11/20/2006,OPF,FL,ASO,ES,Federal Contract Tower,0,14,45,5,64,0,0,174,17,191,0,14,219,22,255,49,12,61,316
11/21/2006,OPF,FL,ASO,ES,Federal Contract Tower,1,25,69,6,101,0,1,197,15,213,1,26,266,21,314,64,20,84,398
11/22/2006,OPF,FL,ASO,ES,Federal Contract Tower,0,34,67,2,103,0,3,188,17,208,0,37,255,19,311,102,30,132,443
11/23/2006,OPF,FL,ASO,ES,Federal Contract Tower,0,7,18,0,25,0,13,51,4,68,0,20,69,4,93,30,0,30,123
11/24/2006,OPF,FL,ASO,ES,Federal Contract Tower,0,25,46,1,72,0,1,115,6,122,0,26,161,7,194,68,30,98,292
11/25/2006,OPF,FL,ASO,ES,Federal Contract Tower,1,11,35,0,47,0,1,144,4,149,1,12,179,4,196,126,0,126,322
11/26/2006,OPF,FL,ASO,ES,Federal Contract Tower,4,17,106,0,127,0,4,123,10,137,4,21,229,10,264,58,21,79,343
11/27/2006,OPF,FL,ASO,ES,Federal Contract Tower,0,8,64,5,77,0,0,151,10,161,0,8,215,15,238,32,4,36,274
11/28/2006,OPF,FL,ASO,ES,Federal Contract Tower,0,21,71,1,93,0,6,162,11,179,0,27,233,12,272,118,14,132,404
11/29/2006,OPF,FL,ASO,ES,Federal Contract Tower,1,27,73,0,101,1,0,156,30,187,2,27,229,30,288,80,36,116,404
11/30/2006,OPF,FL,ASO,ES,Federal Contract Tower,0,17,58,10,85,0,0,128,10,138,0,17,186,20,223,24,14,38,261
12/01/2006,OPF,FL,ASO,ES,Federal Contract Tower,1,19,72,8,100,0,3,182,26,211,1,22,254,34,311,82,4,86,397
12/02/2006,OPF,FL,ASO,ES,Federal Contract Tower,0,7,51,2,60,0,0,157,6,163,0,7,208,8,223,108,0,108,331
12/03/2006,OPF,FL,ASO,ES,Federal Contract Tower,0,9,60,6,75,0,0,141,16,157,0,9,201,22,232,74,34,108,340
12/04/2006,OPF,FL,ASO,ES,Federal Contract Tower,0,16,69,7,92,0,0,167,19,186,0,16,236,26,278,84,28,112,390
12/05/2006,OPF,FL,ASO,ES,Federal Contract Tower,2,30,80,7,119,0,1,138,12,151,2,31,218,19,270,84,4,88,358
12/06/2006,OPF,FL,ASO,ES,Federal Contract Tower,0,31,94,4,129,0,1,185,13,199,0,32,279,17,328,80,0,80,408
12/07/2006,OPF,FL,ASO,ES,Federal Contract Tower,0,59,53,6,118,0,1,168,18,187,0,60,221,24,305,86,46,132,437
12/08/2006,OPF,FL,ASO,ES,Federal Contract Tower,0,27,83,7,117,0,4,124,28,156,0,31,207,35,273,24,12,36,309
12/09/2006,OPF,FL,ASO,ES,Federal Contract Tower,0,10,53,3,66,0,1,108,9,118,0,11,161,12,184,114,0,114,298
12/10/2006,OPF,FL,ASO,ES,Federal Contract Tower,0,17,85,7,109,0,0,115,13,128,0,17,200,20,237,46,0,46,283
12/11/2006,OPF,FL,ASO,ES,Federal Contract Tower,1,15,60,8,84,0,5,118,21,144,1,20,178,29,228,40,0,40,268
12/12/2006,OPF,FL,ASO,ES,Federal Contract Tower,0,21,52,1,74,0,3,159,28,190,0,24,211,29,264,90,38,128,392
12/13/2006,OPF,FL,ASO,ES,Federal Contract Tower,0,18,62,2,82,0,0,140,13,153,0,18,202,15,235,122,8,130,365
12/14/2006,OPF,FL,ASO,ES,Federal Contract Tower,0,24,78,6,108,0,5,61,9,75,0,29,139,15,183,14,2,16,199
12/15/2006,OPF,FL,ASO,ES,Federal Contract Tower,0,18,79,5,102,0,1,110,18,129,0,19,189,23,231,54,0,54,285
12/16/2006,OPF,FL,ASO,ES,Federal Contract Tower,0,3,63,2,68,0,0,86,7,93,0,3,149,9,161,76,0,76,237
12/17/2006,OPF,FL,ASO,ES,Federal Contract Tower,0,12,60,3,75,0,3,144,16,163,0,15,204,19,238,122,0,122,360
12/18/2006,OPF,FL,ASO,ES,Federal Contract Tower,0,17,51,2,70,0,3,136,22,161,0,20,187,24,231,78,20,98,329
12/19/2006,OPF,FL,ASO,ES,Federal Contract Tower,0,19,82,1,102,0,0,210,27,237,0,19,292,28,339,54,22,76,415
12/20/2006,OPF,FL,ASO,ES,Federal Contract Tower,0,26,81,1,108,0,1,193,19,213,0,27,274,20,321,70,40,110,431
12/21/2006,OPF,FL,ASO,ES,Federal Contract Tower,0,22,66,3,91,0,1,141,7,149,0,23,207,10,240,70,18,88,328
12/22/2006,OPF,FL,ASO,ES,Federal Contract Tower,1,30,55,2,88,0,2,126,7,135,1,32,181,9,223,70,0,70,293
12/23/2006,OPF,FL,ASO,ES,Federal Contract Tower,1,8,52,1,62,0,0,98,5,103,1,8,150,6,165,94,0,94,259
12/24/2006,OPF,FL,ASO,ES,Federal Contract Tower,0,3,27,0,30,0,0,66,5,71,0,3,93,5,101,42,0,42,143
12/25/2006,OPF,FL,ASO,ES,Federal Contract Tower,0,2,9,0,11,0,0,25,5,30,0,2,34,5,41,0,0,0,41
12/26/2006,OPF,FL,ASO,ES,Federal Contract Tower,0,15,109,0,124,0,0,98,0,98,0,15,207,0,222,48,0,48,270
12/27/2006,OPF,FL,ASO,ES,Federal Contract Tower,1,22,66,0,89,0,1,169,4,174,1,23,235,4,263,56,0,56,319
12/28/2006,OPF,FL,ASO,ES,Federal Contract Tower,1,22,60,5,88,0,1,158,6,165,1,23,218,11,253,80,0,80,333
12/29/2006,OPF,FL,ASO,ES,Federal Contract Tower,0,25,69,3,97,0,0,156,4,160,0,25,225,7,257,64,0,64,321
12/30/2006,OPF,FL,ASO,ES,Federal Contract Tower,0,8,62,1,71,0,3,122,5,130,0,11,184,6,201,22,0,22,223
12/31/2006,OPF,FL,ASO,ES,Federal Contract Tower,0,1,63,0,64,0,0,72,2,74,0,1,135,2,138,34,0,34,172
01/01/2007,OPF,FL,ASO,ES,Federal Contract Tower,0,15,56,0,71,0,0,96,6,102,0,15,152,6,173,8,2,10,183
01/02/2007,OPF,FL,ASO,ES,Federal Contract Tower,0,20,105,1,126,0,1,99,9,109,0,21,204,10,235,68,0,68,303
01/03/2007,OPF,FL,ASO,ES,Federal Contract Tower,0,28,119,4,151,0,1,160,5,166,0,29,279,9,317,124,0,124,441
01/04/2007,OPF,FL,ASO,ES,Federal Contract Tower,0,17,42,2,61,0,1,180,4,185,0,18,222,6,246,108,0,108,354
01/05/2007,OPF,FL,ASO,ES,Federal Contract Tower,0,21,85,4,110,0,0,181,9,190,0,21,266,13,300,56,0,56,356
01/06/2007,OPF,FL,ASO,ES,Federal Contract Tower,0,12,37,0,49,1,0,156,12,169,1,12,193,12,218,52,0,52,270
01/07/2007,OPF,FL,ASO,ES,Federal Contract Tower,0,12,71,0,83,0,0,163,6,169,0,12,234,6,252,64,0,64,316
01/08/2007,OPF,FL,ASO,ES,Federal Contract Tower,0,18,77,0,95,0,2,109,8,119,0,20,186,8,214,34,0,34,248
01/09/2007,OPF,FL,ASO,ES,Federal Contract Tower,0,28,56,0,84,0,2,169,15,186,0,30,225,15,270,62,68,130,400
01/10/2007,OPF,FL,ASO,ES,Federal Contract Tower,0,20,56,6,82,0,0,196,1,197,0,20,252,7,279,62,2,64,343
01/11/2007,OPF,FL,ASO,ES,Federal Contract Tower,0,24,54,0,78,0,4,157,15,176,0,28,211,15,254,86,18,104,358
01/12/2007,OPF,FL,ASO,ES,Federal Contract Tower,0,21,74,19,114,0,1,222,28,251,0,22,296,47,365,62,12,74,439
01/13/2007,OPF,FL,ASO,ES,Federal Contract Tower,0,7,57,6,70,0,3,197,10,210,0,10,254,16,280,92,24,116,396
01/14/2007,OPF,FL,ASO,ES,Federal Contract Tower,0,3,74,4,81,0,0,126,10,136,0,3,200,14,217,98,0,98,315
01/15/2007,OPF,FL,ASO,ES,Federal Contract Tower,0,4,77,8,89,0,0,142,12,154,0,4,219,20,243,130,0,130,373
01/16/2007,OPF,FL,ASO,ES,Federal Contract Tower,0,17,63,3,83,0,8,176,22,206,0,25,239,25,289,92,18,110,399
01/17/2007,OPF,FL,ASO,ES,Federal Contract Tower,0,27,69,6,102,0,0,166,15,181,0,27,235,21,283,124,34,158,441
01/18/2007,OPF,FL,ASO,ES,Federal Contract Tower,0,26,70,15,111,0,2,156,6,164,0,28,226,21,275,144,0,144,419
01/19/2007,OPF,FL,ASO,ES,Federal Contract Tower,0,19,80,18,117,0,1,173,16,190,0,20,253,34,307,104,4,108,415
01/20/2007,OPF,FL,ASO,ES,Federal Contract Tower,1,5,57,4,67,0,1,155,9,165,1,6,212,13,232,90,2,92,324
01/21/2007,OPF,FL,ASO,ES,Federal Contract Tower,0,3,55,1,59,0,3,133,4,140,0,6,188,5,199,42,0,42,241
01/22/2007,OPF,FL,ASO,ES,Federal Contract Tower,0,18,47,3,68,0,0,158,21,179,0,18,205,24,247,134,16,150,397
01/23/2007,OPF,FL,ASO,ES,Federal Contract Tower,1,21,78,2,102,0,4,117,20,141,1,25,195,22,243,96,58,154,397
01/24/2007,OPF,FL,ASO,ES,Federal Contract Tower,1,26,57,4,88,0,1,144,13,158,1,27,201,17,246,94,8,102,348
01/25/2007,OPF,FL,ASO,ES,Federal Contract Tower,0,29,73,9,111,0,0,26,5,31,0,29,99,14,142,0,0,0,142
01/26/2007,OPF,FL,ASO,ES,Federal Contract Tower,0,18,73,3,94,0,0,181,9,190,0,18,254,12,284,52,6,58,342
01/27/2007,OPF,FL,ASO,ES,Federal Contract Tower,0,4,63,4,71,0,1,178,14,193,0,5,241,18,264,108,16,124,388
01/28/2007,OPF,FL,ASO,ES,Federal Contract Tower,1,8,77,4,90,0,0,96,8,104,1,8,173,12,194,30,6,36,230
01/29/2007,OPF,FL,ASO,ES,Federal Contract Tower,1,16,40,0,57,0,2,178,10,190,1,18,218,10,247,100,46,146,393
01/30/2007,OPF,FL,ASO,ES,Federal Contract Tower,0,20,47,2,69,0,2,163,8,173,0,22,210,10,242,116,0,116,358
01/31/2007,OPF,FL,ASO,ES,Federal Contract Tower,0,18,60,2,80,0,4,206,13,223,0,22,266,15,303,90,0,90,393
02/01/2007,OPF,FL,ASO,ES,Federal Contract Tower,1,32,110,10,153,0,2,150,14,166,1,34,260,24,319,56,10,66,385
02/02/2007,OPF,FL,ASO,ES,Federal Contract Tower,2,42,111,1,156,0,2,175,14,191,2,44,286,15,347,2,26,28,375
02/03/2007,OPF,FL,ASO,ES,Federal Contract Tower,0,18,98,0,116,0,0,223,5,228,0,18,321,5,344,6,0,6,350
02/04/2007,OPF,FL,ASO,ES,Federal Contract Tower,0,21,98,2,121,0,0,31,2,33,0,21,129,4,154,0,0,0,154
02/05/2007,OPF,FL,ASO,ES,Federal Contract Tower,0,74,229,0,303,0,2,84,11,97,0,76,313,11,400,0,0,0,400
02/06/2007,OPF,FL,ASO,ES,Federal Contract Tower,0,21,63,6,90,0,10,101,24,135,0,31,164,30,225,44,66,110,335
02/07/2007,OPF,FL,ASO,ES,Federal Contract Tower,3,17,65,0,85,0,6,192,4,202,3,23,257,4,287,104,0,104,391
02/08/2007,OPF,FL,ASO,ES,Federal Contract Tower,3,26,80,1,110,1,0,163,13,177,4,26,243,14,287,76,2,78,365
02/09/2007,OPF,FL,ASO,ES,Federal Contract Tower,0,15,95,2,112,0,3,164,9,176,0,18,259,11,288,133,0,133,421
02/10/2007,OPF,FL,ASO,ES,Federal Contract Tower,1,8,63,1,73,0,0,151,6,157,1,8,214,7,230,72,0,72,302
02/11/2007,OPF,FL,ASO,ES,Federal Contract Tower,0,9,68,0,77,0,0,118,6,124,0,9,186,6,201,68,0,68,269
02/12/2007,OPF,FL,ASO,ES,Federal Contract Tower,0,22,51,3,76,0,0,51,16,67,0,22,102,19,143,36,32,68,211
02/13/2007,OPF,FL,ASO,ES,Federal Contract Tower,1,20,68,4,93,0,3,137,23,163,1,23,205,27,256,132,34,166,422
02/14/2007,OPF,FL,ASO,ES,Federal Contract Tower,1,26,115,8,150,0,2,139,13,154,1,28,254,21,304,80,16,96,400
02/15/2007,OPF,FL,ASO,ES,Federal Contract Tower,0,30,145,2,177,0,3,134,18,155,0,33,279,20,332,24,20,44,376
02/16/2007,OPF,FL,ASO,ES,Federal Contract Tower,2,24,165,5,196,0,5,117,3,125,2,29,282,8,321,44,2,46,367
02/17/2007,OPF,FL,ASO,ES,Federal Contract Tower,0,12,83,0,95,0,1,202,9,212,0,13,285,9,307,98,6,104,411
02/18/2007,OPF,FL,ASO,ES,Federal Contract Tower,0,7,135,0,142,0,2,95,7,104,0,9,230,7,246,34,0,34,280
02/19/2007,OPF,FL,ASO,ES,Federal Contract Tower,0,11,125,2,138,0,0,210,6,216,0,11,335,8,354,104,0,104,458
02/20/2007,OPF,FL,ASO,ES,Federal Contract Tower,0,14,85,5,104,0,1,212,11,224,0,15,297,16,328,86,44,130,458
02/21/2007,OPF,FL,ASO,ES,Federal Contract Tower,0,30,63,5,98,0,1,173,15,189,0,31,236,20,287,70,0,70,357
02/22/2007,OPF,FL,ASO,ES,Federal Contract Tower,0,30,94,7,131,0,1,183,19,203,0,31,277,26,334,140,22,162,496
02/23/2007,OPF,FL,ASO,ES,Federal Contract Tower,1,19,89,3,112,0,2,189,9,200,1,21,278,12,312,122,46,168,480
02/24/2007,OPF,FL,ASO,ES,Federal Contract Tower,0,9,78,10,97,0,0,165,8,173,0,9,243,18,270,70,0,70,340
02/25/2007,OPF,FL,ASO,ES,Federal Contract Tower,1,6,76,2,85,0,0,170,11,181,1,6,246,13,266,66,0,66,332
02/26/2007,OPF,FL,ASO,ES,Federal Contract Tower,0,24,66,7,97,0,6,116,13,135,0,30,182,20,232,56,10,66,298
02/27/2007,OPF,FL,ASO,ES,Federal Contract Tower,0,23,55,3,81,0,10,122,21,153,0,33,177,24,234,114,0,114,348
02/28/2007,OPF,FL,ASO,ES,Federal Contract Tower,0,18,72,1,91,0,1,114,18,133,0,19,186,19,224,84,10,94,318
03/01/2007,OPF,FL,ASO,ES,Federal Contract Tower,0,29,80,2,111,0,0,106,21,127,0,29,186,23,238,26,50,76,314
03/02/2007,OPF,FL,ASO,ES,Federal Contract Tower,0,25,81,5,111,0,3,134,17,154,0,28,215,22,265,51,6,57,322
03/03/2007,OPF,FL,ASO,ES,Federal Contract Tower,0,10,65,2,77,0,3,128,16,147,0,13,193,18,224,82,2,84,308
03/04/2007,OPF,FL,ASO,ES,Federal Contract Tower,0,6,80,7,93,0,0,158,9,167,0,6,238,16,260,62,0,62,322
03/05/2007,OPF,FL,ASO,ES,Federal Contract Tower,0,11,53,7,71,0,1,174,14,189,0,12,227,21,260,78,32,110,370
03/06/2007,OPF,FL,ASO,ES,Federal Contract Tower,1,29,65,3,98,0,3,128,16,147,1,32,193,19,245,46,2,48,293
03/07/2007,OPF,FL,ASO,ES,Federal Contract Tower,4,22,76,0,102,0,1,172,13,186,4,23,248,13,288,124,0,124,412
03/08/2007,OPF,FL,ASO,ES,Federal Contract Tower,0,21,70,3,94,0,2,197,33,232,0,23,267,36,326,132,34,166,492
03/09/2007,OPF,FL,ASO,ES,Federal Contract Tower,0,22,120,5,147,0,2,187,6,195,0,24,307,11,342,94,4,98,440
03/10/2007,OPF,FL,ASO,ES,Federal Contract Tower,0,7,75,1,83,0,2,144,11,157,0,9,219,12,240,116,0,116,356
03/11/2007,OPF,FL,ASO,ES,Federal Contract Tower,0,11,47,1,59,0,1,136,11,148,0,12,183,12,207,28,0,28,235
03/12/2007,OPF,FL,ASO,ES,Federal Contract Tower,0,25,52,0,77,0,1,187,17,205,0,26,239,17,282,78,52,130,412
03/13/2007,OPF,FL,ASO,ES,Federal Contract Tower,0,24,72,7,103,0,1,189,17,207,0,25,261,24,310,28,56,84,394
03/14/2007,OPF,FL,ASO,ES,Federal Contract Tower,0,25,78,2,105,0,3,151,14,168,0,28,229,16,273,64,60,124,397
03/15/2007,OPF,FL,ASO,ES,Federal Contract Tower,0,35,95,3,133,0,4,125,14,143,0,39,220,17,276,50,48,98,374
03/16/2007,OPF,FL,ASO,ES,Federal Contract Tower,0,19,49,8,76,0,2,130,16,148,0,21,179,24,224,36,42,78,302
03/17/2007,OPF,FL,ASO,ES,Federal Contract Tower,0,9,88,4,101,0,0,154,10,164,0,9,242,14,265,26,0,26,291
03/18/2007,OPF,FL,ASO,ES,Federal Contract Tower,0,6,65,3,74,0,2,155,7,164,0,8,220,10,238,36,4,40,278
03/19/2007,OPF,FL,ASO,ES,Federal Contract Tower,1,20,54,0,75,0,1,165,12,178,1,21,219,12,253,48,56,104,357
03/20/2007,OPF,FL,ASO,ES,Federal Contract Tower,0,24,70,1,95,0,3,142,17,162,0,27,212,18,257,20,20,40,297
03/21/2007,OPF,FL,ASO,ES,Federal Contract Tower,2,20,79,0,101,0,2,190,12,204,2,22,269,12,305,32,54,86,391
03/22/2007,OPF,FL,ASO,ES,Federal Contract Tower,1,21,100,8,130,0,1,113,14,128,1,22,213,22,258,24,32,56,314
03/23/2007,OPF,FL,ASO,ES,Federal Contract Tower,0,24,95,1,120,0,0,174,13,187,0,24,269,14,307,44,52,96,403
03/24/2007,OPF,FL,ASO,ES,Federal Contract Tower,0,10,101,1,112,0,3,145,6,154,0,13,246,7,266,62,0,62,328
03/25/2007,OPF,FL,ASO,ES,Federal Contract Tower,0,4,88,4,96,0,0,161,17,178,0,4,249,21,274,26,10,36,310
03/26/2007,OPF,FL,ASO,ES,Federal Contract Tower,0,23,63,1,87,0,0,169,14,183,0,23,232,15,270,52,48,100,370
03/27/2007,OPF,FL,ASO,ES,Federal Contract Tower,1,27,73,6,107,0,9,147,17,173,1,36,220,23,280,32,32,64,344
03/28/2007,OPF,FL,ASO,ES,Federal Contract Tower,0,13,77,0,90,0,3,230,18,251,0,16,307,18,341,84,54,138,479
03/29/2007,OPF,FL,ASO,ES,Federal Contract Tower,0,22,56,3,81,0,0,202,20,222,0,22,258,23,303,110,30,140,443
03/30/2007,OPF,FL,ASO,ES,Federal Contract Tower,1,17,97,3,118,0,5,205,19,229,1,22,302,22,347,78,28,106,453
03/31/2007,OPF,FL,ASO,ES,Federal Contract Tower,1,6,81,2,90,0,2,230,15,247,1,8,311,17,337,88,0,88,425
04/01/2007,OPF,FL,ASO,ES,Federal Contract Tower,1,18,91,3,113,0,2,137,13,152,1,20,228,16,265,64,0,64,329
04/02/2007,OPF,FL,ASO,ES,Federal Contract Tower,2,15,54,2,73,0,5,161,10,176,2,20,215,12,249,66,34,100,349
04/03/2007,OPF,FL,ASO,ES,Federal Contract Tower,2,21,60,1,84,0,6,190,28,224,2,27,250,29,308,64,0,64,372
04/04/2007,OPF,FL,ASO,ES,Federal Contract Tower,0,27,72,1,100,0,2,147,14,163,0,29,219,15,263,68,0,68,331
04/05/2007,OPF,FL,ASO,ES,Federal Contract Tower,2,22,90,4,118,0,5,134,24,163,2,27,224,28,281,76,0,76,357
04/06/2007,OPF,FL,ASO,ES,Federal Contract Tower,0,23,56,3,82,0,6,126,11,143,0,29,182,14,225,42,0,42,267
04/07/2007,OPF,FL,ASO,ES,Federal Contract Tower,0,12,72,1,85,0,2,189,8,199,0,14,261,9,284,74,0,74,358
04/08/2007,OPF,FL,ASO,ES,Federal Contract Tower,0,3,64,1,68,0,0,89,3,92,0,3,153,4,160,86,0,86,246
04/09/2007,OPF,FL,ASO,ES,Federal Contract Tower,0,18,57,0,75,0,4,153,23,180,0,22,210,23,255,76,0,76,331
04/10/2007,OPF,FL,ASO,ES,Federal Contract Tower,0,23,70,5,98,0,1,139,13,153,0,24,209,18,251,70,0,70,321
04/11/2007,OPF,FL,ASO,ES,Federal Contract Tower,2,13,64,4,83,0,12,129,9,150,2,25,193,13,233,30,0,30,263
04/12/2007,OPF,FL,ASO,ES,Federal Contract Tower,0,12,55,3,70,0,10,77,18,105,0,22,132,21,175,44,0,44,219
04/13/2007,OPF,FL,ASO,ES,Federal Contract Tower,0,21,69,1,91,0,7,202,20,229,0,28,271,21,320,100,22,122,442
04/14/2007,OPF,FL,ASO,ES,Federal Contract Tower,0,7,70,2,79,0,1,155,2,158,0,8,225,4,237,102,0,102,339
04/15/2007,OPF,FL,ASO,ES,Federal Contract Tower,0,10,34,1,45,0,0,41,7,48,0,10,75,8,93,2,0,2,95
04/16/2007,OPF,FL,ASO,ES,Federal Contract Tower,0,14,63,0,77,0,7,111,4,122,0,21,174,4,199,38,0,38,237
04/17/2007,OPF,FL,ASO,ES,Federal Contract Tower,0,23,58,9,90,0,16,175,11,202,0,39,233,20,292,70,2,72,364
04/18/2007,OPF,FL,ASO,ES,Federal Contract Tower,0,11,78,6,95,0,11,184,14,209,0,22,262,20,304,86,18,104,408
04/19/2007,OPF,FL,ASO,ES,Federal Contract Tower,1,20,93,9,123,0,8,162,15,185,1,28,255,24,308,42,0,42,350
04/20/2007,OPF,FL,ASO,ES,Federal Contract Tower,0,18,67,4,89,0,7,184,10,201,0,25,251,14,290,46,0,46,336
04/21/2007,OPF,FL,ASO,ES,Federal Contract Tower,0,14,40,2,56,0,0,121,13,134,0,14,161,15,190,126,0,126,316
04/22/2007,OPF,FL,ASO,ES,Federal Contract Tower,0,9,68,2,79,0,0,147,10,157,0,9,215,12,236,92,6,98,334
04/23/2007,OPF,FL,ASO,ES,Federal Contract Tower,1,13,56,2,72,0,0,196,22,218,1,13,252,24,290,78,20,98,388
04/24/2007,OPF,FL,ASO,ES,Federal Contract Tower,0,16,63,3,82,0,7,203,15,225,0,23,266,18,307,126,0,126,433
04/25/2007,OPF,FL,ASO,ES,Federal Contract Tower,0,10,89,4,103,0,9,180,19,208,0,19,269,23,311,92,0,92,403
04/26/2007,OPF,FL,ASO,ES,Federal Contract Tower,0,10,77,10,97,0,9,169,13,191,0,19,246,23,288,90,58,148,436
04/27/2007,OPF,FL,ASO,ES,Federal Contract Tower,0,16,74,4,94,0,56,189,8,253,0,72,263,12,347,62,24,86,433
04/28/2007,OPF,FL,ASO,ES,Federal Contract Tower,1,3,39,2,45,0,0,62,8,70,1,3,101,10,115,48,0,48,163
04/29/2007,OPF,FL,ASO,ES,Federal Contract Tower,0,2,61,1,64,0,1,142,9,152,0,3,203,10,216,84,0,84,300
04/30/2007,OPF,FL,ASO,ES,Federal Contract Tower,1,15,41,6,63,0,7,190,17,214,1,22,231,23,277,73,0,73,350
05/01/2007,OPF,FL,ASO,ES,Federal Contract Tower,0,17,69,2,88,0,8,160,22,190,0,25,229,24,278,130,6,136,414
05/02/2007,OPF,FL,ASO,ES,Federal Contract Tower,1,27,66,3,97,0,11,157,9,177,1,38,223,12,274,114,22,136,410
05/03/2007,OPF,FL,ASO,ES,Federal Contract Tower,0,16,72,15,103,0,11,219,37,267,0,27,291,52,370,72,40,112,482
05/04/2007,OPF,FL,ASO,ES,Federal Contract Tower,0,12,62,13,87,0,13,197,57,267,0,25,259,70,354,68,2,70,424
05/05/2007,OPF,FL,ASO,ES,Federal Contract Tower,0,2,48,0,50,0,1,178,48,227,0,3,226,48,277,80,44,124,401
05/06/2007,OPF,FL,ASO,ES,Federal Contract Tower,0,10,56,3,69,0,2,147,47,196,0,12,203,50,265,46,48,94,359
05/07/2007,OPF,FL,ASO,ES,Federal Contract Tower,1,9,40,16,66,0,14,113,39,166,1,23,153,55,232,26,4,30,262
05/08/2007,OPF,FL,ASO,ES,Federal Contract Tower,1,13,73,1,88,0,6,121,24,151,1,19,194,25,239,38,8,46,285
05/09/2007,OPF,FL,ASO,ES,Federal Contract Tower,0,15,70,3,88,0,10,166,15,191,0,25,236,18,279,72,22,94,373
05/10/2007,OPF,FL,ASO,ES,Federal Contract Tower,0,15,66,3,84,0,11,173,4,188,0,26,239,7,272,70,0,70,342
05/11/2007,OPF,FL,ASO,ES,Federal Contract Tower,1,28,75,3,107,0,2,125,12,139,1,30,200,15,246,138,0,138,384
05/12/2007,OPF,FL,ASO,ES,Federal Contract Tower,0,3,53,4,60,0,0,59,9,68,0,3,112,13,128,36,38,74,202
05/13/2007,OPF,FL,ASO,ES,Federal Contract Tower,0,15,61,0,76,0,0,81,11,92,0,15,142,11,168,14,10,24,192
05/14/2007,OPF,FL,ASO,ES,Federal Contract Tower,0,11,57,7,75,0,7,153,25,185,0,18,210,32,260,50,18,68,328
05/15/2007,OPF,FL,ASO,ES,Federal Contract Tower,0,16,47,5,68,0,6,129,19,154,0,22,176,24,222,72,22,94,316
05/16/2007,OPF,FL,ASO,ES,Federal Contract Tower,1,14,54,2,71,0,3,113,13,129,1,17,167,15,200,104,8,112,312
05/17/2007,OPF,FL,ASO,ES,Federal Contract Tower,0,15,92,3,110,0,4,139,20,163,0,19,231,23,273,110,10,120,393
05/18/2007,OPF,FL,ASO,ES,Federal Contract Tower,0,18,79,2,99,0,4,175,9,188,0,22,254,11,287,74,0,74,361
05/19/2007,OPF,FL,ASO,ES,Federal Contract Tower,0,5,54,1,60,0,1,135,8,144,0,6,189,9,204,129,0,129,333
05/20/2007,OPF,FL,ASO,ES,Federal Contract Tower,0,5,66,1,72,0,0,71,4,75,0,5,137,5,147,0,0,0,147
05/21/2007,OPF,FL,ASO,ES,Federal Contract Tower,0,13,54,19,86,0,5,197,11,213,0,18,251,30,299,96,16,112,411
05/22/2007,OPF,FL,ASO,ES,Federal Contract Tower,0,17,62,0,79,0,3,178,9,190,0,20,240,9,269,58,0,58,327
05/23/2007,OPF,FL,ASO,ES,Federal Contract Tower,0,14,53,3,70,0,3,148,8,159,0,17,201,11,229,40,16,56,285
05/24/2007,OPF,FL,ASO,ES,Federal Contract Tower,0,18,75,3,96,0,8,142,10,160,0,26,217,13,256,38,2,40,296
05/25/2007,OPF,FL,ASO,ES,Federal Contract Tower,0,17,95,2,114,0,2,143,9,154,0,19,238,11,268,72,0,72,340
05/26/2007,OPF,FL,ASO,ES,Federal Contract Tower,0,3,30,0,33,0,0,111,2,113,0,3,141,2,146,38,0,38,184
05/27/2007,OPF,FL,ASO,ES,Federal Contract Tower,0,2,46,3,51,0,0,122,11,133,0,2,168,14,184,20,0,20,204
05/28/2007,OPF,FL,ASO,ES,Federal Contract Tower,0,8,80,2,90,0,0,146,6,152,0,8,226,8,242,58,0,58,300
05/29/2007,OPF,FL,ASO,ES,Federal Contract Tower,1,15,77,5,98,0,8,113,22,143,1,23,190,27,241,174,0,174,415
05/30/2007,OPF,FL,ASO,ES,Federal Contract Tower,0,23,51,5,79,0,7,172,24,203,0,30,223,29,282,152,8,160,442
05/31/2007,OPF,FL,ASO,ES,Federal Contract Tower,1,22,57,4,84,0,8,205,12,225,1,30,262,16,309,124,14,138,447
06/01/2007,OPF,FL,ASO,ES,Federal Contract Tower,1,26,64,6,97,0,2,65,5,72,1,28,129,11,169,56,0,56,225
06/02/2007,OPF,FL,ASO,ES,Federal Contract Tower,0,12,32,1,45,0,0,28,6,34,0,12,60,7,79,16,0,16,95
06/03/2007,OPF,FL,ASO,ES,Federal Contract Tower,0,0,60,0,60,0,0,133,6,139,0,0,193,6,199,54,0,54,253
06/04/2007,OPF,FL,ASO,ES,Federal Contract Tower,0,16,31,2,49,0,5,180,3,188,0,21,211,5,237,104,0,104,341
06/05/2007,OPF,FL,ASO,ES,Federal Contract Tower,0,20,55,2,77,0,7,147,9,163,0,27,202,11,240,230,2,232,472
06/06/2007,OPF,FL,ASO,ES,Federal Contract Tower,0,18,63,5,86,0,2,75,4,81,0,20,138,9,167,78,16,94,261
06/07/2007,OPF,FL,ASO,ES,Federal Contract Tower,1,17,67,1,86,0,4,123,16,143,1,21,190,17,229,148,8,156,385
06/08/2007,OPF,FL,ASO,ES,Federal Contract Tower,0,13,73,3,89,0,2,146,4,152,0,15,219,7,241,114,0,114,355
06/09/2007,OPF,FL,ASO,ES,Federal Contract Tower,2,6,63,0,71,0,0,144,9,153,2,6,207,9,224,98,0,98,322
06/10/2007,OPF,FL,ASO,ES,Federal Contract Tower,0,3,52,2,57,0,0,107,5,112,0,3,159,7,169,42,0,42,211
06/11/2007,OPF,FL,ASO,ES,Federal Contract Tower,0,15,46,3,64,1,12,144,15,172,1,27,190,18,236,160,0,160,396
06/12/2007,OPF,FL,ASO,ES,Federal Contract Tower,0,11,85,1,97,0,8,116,18,142,0,19,201,19,239,154,22,176,415
06/13/2007,OPF,FL,ASO,ES,Federal Contract Tower,0,7,63,5,75,0,10,109,20,139,0,17,172,25,214,52,6,58,272
06/14/2007,OPF,FL,ASO,ES,Federal Contract Tower,0,18,78,7,103,0,4,136,13,153,0,22,214,20,256,156,24,180,436
06/15/2007,OPF,FL,ASO,ES,Federal Contract Tower,0,14,45,2,61,0,11,129,13,153,0,25,174,15,214,60,0,60,274
06/16/2007,OPF,FL,ASO,ES,Federal Contract Tower,0,8,41,1,50,0,0,79,4,83,0,8,120,5,133,36,0,36,169
06/17/2007,OPF,FL,ASO,ES,Federal Contract Tower,0,5,31,0,36,0,0,75,14,89,0,5,106,14,125,68,0,68,193
06/18/2007,OPF,FL,ASO,ES,Federal Contract Tower,0,9,43,2,54,0,8,113,10,131,0,17,156,12,185,26,4,30,215
06/19/2007,OPF,FL,ASO,ES,Federal Contract Tower,0,14,64,1,79,0,9,131,14,154,0,23,195,15,233,128,0,128,361
06/20/2007,OPF,FL,ASO,ES,Federal Contract Tower,0,9,60,0,69,0,9,158,4,171,0,18,218,4,240,164,0,164,404
06/21/2007,OPF,FL,ASO,ES,Federal Contract Tower,0,17,46,2,65,0,9,107,13,129,0,26,153,15,194,84,6,90,284
06/22/2007,OPF,FL,ASO,ES,Federal Contract Tower,0,14,57,6,77,0,7,185,7,199,0,21,242,13,276,120,0,120,396
06/23/2007,OPF,FL,ASO,ES,Federal Contract Tower,1,3,52,2,58,0,5,111,6,122,1,8,163,8,180,90,0,90,270
06/24/2007,OPF,FL,ASO,ES,Federal Contract Tower,0,2,47,4,53,0,3,73,4,80,0,5,120,8,133,12,0,12,145
06/25/2007,OPF,FL,ASO,ES,Federal Contract Tower,1,3,42,1,47,0,9,140,18,167,1,12,182,19,214,140,4,144,358
06/26/2007,OPF,FL,ASO,ES,Federal Contract Tower,1,10,60,0,71,0,8,134,20,162,1,18,194,20,233,74,32,106,339
06/27/2007,OPF,FL,ASO,ES,Federal Contract Tower,0,11,45,1,57,0,11,95,13,119,0,22,140,14,176,82,0,82,258
06/28/2007,OPF,FL,ASO,ES,Federal Contract Tower,0,19,63,3,85,1,10,89,12,112,1,29,152,15,197,134,2,136,333
06/29/2007,OPF,FL,ASO,ES,Federal Contract Tower,1,12,54,1,68,0,8,159,10,177,1,20,213,11,245,112,0,112,357
06/30/2007,OPF,FL,ASO,ES,Federal Contract Tower,0,5,35,3,43,0,2,100,8,110,0,7,135,11,153,48,0,48,201
07/01/2007,OPF,FL,ASO,ES,Federal Contract Tower,0,2,31,0,33,0,0,73,5,78,0,2,104,5,111,24,0,24,135
07/02/2007,OPF,FL,ASO,ES,Federal Contract Tower,0,9,33,0,42,0,6,122,11,139,0,15,155,11,181,60,0,60,241
07/03/2007,OPF,FL,ASO,ES,Federal Contract Tower,0,14,45,0,59,0,3,130,8,141,0,17,175,8,200,68,0,68,268
07/04/2007,OPF,FL,ASO,ES,Federal Contract Tower,1,2,46,0,49,0,1,89,6,96,1,3,135,6,145,90,0,90,235
07/05/2007,OPF,FL,ASO,ES,Federal Contract Tower,2,17,39,0,58,0,2,112,9,123,2,19,151,9,181,16,2,18,199
07/06/2007,OPF,FL,ASO,ES,Federal Contract Tower,0,11,51,0,62,0,4,152,15,171,0,15,203,15,233,62,8,70,303
07/07/2007,OPF,FL,ASO,ES,Federal Contract Tower,1,6,53,2,62,0,0,94,7,101,1,6,147,9,163,78,28,106,269
07/08/2007,OPF,FL,ASO,ES,Federal Contract Tower,2,6,52,0,60,0,0,88,6,94,2,6,140,6,154,40,0,40,194
07/09/2007,OPF,FL,ASO,ES,Federal Contract Tower,0,11,90,3,104,0,5,129,9,143,0,16,219,12,247,76,0,76,323
07/10/2007,OPF,FL,ASO,ES,Federal Contract Tower,1,13,63,3,80,0,8,128,8,144,1,21,191,11,224,116,16,132,356
07/11/2007,OPF,FL,ASO,ES,Federal Contract Tower,0,14,55,1,70,0,9,150,2,161,0,23,205,3,231,92,0,92,323
07/12/2007,OPF,FL,ASO,ES,Federal Contract Tower,0,18,62,3,83,0,9,127,18,154,0,27,189,21,237,58,0,58,295
07/13/2007,OPF,FL,ASO,ES,Federal Contract Tower,0,18,62,8,88,0,8,170,17,195,0,26,232,25,283,92,10,102,385
07/14/2007,OPF,FL,ASO,ES,Federal Contract Tower,0,1,56,1,58,0,1,109,7,117,0,2,165,8,175,72,0,72,247
07/15/2007,OPF,FL,ASO,ES,Federal Contract Tower,0,4,52,0,56,0,0,118,10,128,0,4,170,10,184,38,2,40,224
07/16/2007,OPF,FL,ASO,ES,Federal Contract Tower,0,16,48,1,65,0,6,156,12,174,0,22,204,13,239,66,0,66,305
07/17/2007,OPF,FL,ASO,ES,Federal Contract Tower,0,16,45,1,62,0,6,140,10,156,0,22,185,11,218,36,0,36,254
07/18/2007,OPF,FL,ASO,ES,Federal Contract Tower,0,12,62,7,81,0,8,171,14,193,0,20,233,21,274,84,6,90,364
07/19/2007,OPF,FL,ASO,ES,Federal Contract Tower,0,17,67,1,85,0,10,132,26,168,0,27,199,27,253,28,42,70,323
07/20/2007,OPF,FL,ASO,ES,Federal Contract Tower,0,8,65,16,89,0,7,128,30,165,0,15,193,46,254,68,34,102,356
07/21/2007,OPF,FL,ASO,ES,Federal Contract Tower,0,3,28,3,34,0,2,67,7,76,0,5,95,10,110,50,0,50,160
07/22/2007,OPF,FL,ASO,ES,Federal Contract Tower,0,5,42,1,48,0,1,83,9,93,0,6,125,10,141,62,0,62,203
07/23/2007,OPF,FL,ASO,ES,Federal Contract Tower,0,17,54,3,74,0,5,107,27,139,0,22,161,30,213,108,20,128,341
07/24/2007,OPF,FL,ASO,ES,Federal Contract Tower,0,16,51,4,71,0,11,83,15,109,0,27,134,19,180,26,0,26,206
07/25/2007,OPF,FL,ASO,ES,Federal Contract Tower,0,14,39,0,53,0,6,142,8,156,0,20,181,8,209,96,18,114,323
07/26/2007,OPF,FL,ASO,ES,Federal Contract Tower,0,12,60,5,77,0,13,150,12,175,0,25,210,17,252,46,42,88,340
07/27/2007,OPF,FL,ASO,ES,Federal Contract Tower,0,15,72,3,90,0,5,131,24,160,0,20,203,27,250,16,80,96,346
07/28/2007,OPF,FL,ASO,ES,Federal Contract Tower,0,7,26,4,37,0,4,117,13,134,0,11,143,17,171,52,0,52,223
07/29/2007,OPF,FL,ASO,ES,Federal Contract Tower,0,5,34,2,41,0,0,42,5,47,0,5,76,7,88,12,0,12,100
07/30/2007,OPF,FL,ASO,ES,Federal Contract Tower,0,13,32,2,47,0,5,87,14,106,0,18,119,16,153,88,14,102,255
07/31/2007,OPF,FL,ASO,ES,Federal Contract Tower,0,11,60,1,72,0,3,126,21,150,0,14,186,22,222,74,50,124,346
08/01/2007,OPF,FL,ASO,ES,Federal Contract Tower,0,10,45,7,62,0,6,100,19,125,0,16,145,26,187,24,8,32,219
08/02/2007,OPF,FL,ASO,ES,Federal Contract Tower,0,20,54,4,78,0,12,147,9,168,0,32,201,13,246,8,22,30,276
08/03/2007,OPF,FL,ASO,ES,Federal Contract Tower,0,12,57,1,70,0,10,163,7,180,0,22,220,8,250,56,2,58,308
08/04/2007,OPF,FL,ASO,ES,Federal Contract Tower,0,4,49,1,54,0,0,136,5,141,0,4,185,6,195,74,0,74,269
08/05/2007,OPF,FL,ASO,ES,Federal Contract Tower,0,3,40,3,46,0,2,112,7,121,0,5,152,10,167,70,0,70,237
08/06/2007,OPF,FL,ASO,ES,Federal Contract Tower,0,10,45,1,56,0,5,125,17,147,0,15,170,18,203,62,0,62,265
08/07/2007,OPF,FL,ASO,ES,Federal Contract Tower,0,14,48,2,64,0,12,104,11,127,0,26,152,13,191,56,0,56,247
08/08/2007,OPF,FL,ASO,ES,Federal Contract Tower,0,10,46,3,59,0,10,167,19,196,0,20,213,22,255,72,0,72,327
08/09/2007,OPF,FL,ASO,ES,Federal Contract Tower,0,15,73,4,92,0,8,193,16,217,0,23,266,20,309,100,28,128,437
08/10/2007,OPF,FL,ASO,ES,Federal Contract Tower,0,13,56,3,72,0,15,190,8,213,0,28,246,11,285,72,0,72,357
08/11/2007,OPF,FL,ASO,ES,Federal Contract Tower,0,5,41,1,47,0,1,132,15,148,0,6,173,16,195,84,0,84,279
08/12/2007,OPF,FL,ASO,ES,Federal Contract Tower,0,1,47,4,52,0,1,101,12,114,0,2,148,16,166,96,0,96,262
08/13/2007,OPF,FL,ASO,ES,Federal Contract Tower,0,11,51,0,62,0,6,138,11,155,0,17,189,11,217,82,16,98,315
08/14/2007,OPF,FL,ASO,ES,Federal Contract Tower,0,11,51,2,64,0,3,97,14,114,0,14,148,16,178,78,10,88,266
08/15/2007,OPF,FL,ASO,ES,Federal Contract Tower,0,14,49,3,66,0,7,128,10,145,0,21,177,13,211,82,0,82,293
08/16/2007,OPF,FL,ASO,ES,Federal Contract Tower,0,14,68,3,85,0,5,119,19,143,0,19,187,22,228,138,34,172,400
08/17/2007,OPF,FL,ASO,ES,Federal Contract Tower,0,14,67,6,87,0,5,134,17,156,0,19,201,23,243,36,0,36,279
08/18/2007,OPF,FL,ASO,ES,Federal Contract Tower,0,12,52,2,66,0,2,106,12,120,0,14,158,14,186,67,0,67,253
08/19/2007,OPF,FL,ASO,ES,Federal Contract Tower,0,18,47,2,67,0,1,104,9,114,0,19,151,11,181,84,0,84,265
08/20/2007,OPF,FL,ASO,ES,Federal Contract Tower,0,7,46,1,54,0,6,136,13,155,0,13,182,14,209,36,10,46,255
08/21/2007,OPF,FL,ASO,ES,Federal Contract Tower,0,15,62,4,81,0,13,162,18,193,0,28,224,22,274,40,0,40,314
08/22/2007,OPF,FL,ASO,ES,Federal Contract Tower,0,10,55,0,65,0,15,121,10,146,0,25,176,10,211,72,0,72,283
08/23/2007,OPF,FL,ASO,ES,Federal Contract Tower,0,16,83,5,104,0,8,198,27,233,0,24,281,32,337,122,0,122,459
08/24/2007,OPF,FL,ASO,ES,Federal Contract Tower,0,10,69,6,85,0,6,144,11,161,0,16,213,17,246,104,0,104,350
08/25/2007,OPF,FL,ASO,ES,Federal Contract Tower,0,6,35,0,41,0,0,67,10,77,0,6,102,10,118,66,0,66,184
08/26/2007,OPF,FL,ASO,ES,Federal Contract Tower,0,3,49,2,54,0,0,89,11,100,0,3,138,13,154,60,0,60,214
08/27/2007,OPF,FL,ASO,ES,Federal Contract Tower,0,7,65,5,77,0,1,137,9,147,0,8,202,14,224,60,0,60,284
08/28/2007,OPF,FL,ASO,ES,Federal Contract Tower,0,9,67,6,82,0,6,140,12,158,0,15,207,18,240,82,30,112,352
08/29/2007,OPF,FL,ASO,ES,Federal Contract Tower,0,6,62,12,80,0,7,155,4,166,0,13,217,16,246,156,4,160,406
08/30/2007,OPF,FL,ASO,ES,Federal Contract Tower,0,9,84,5,98,0,9,162,15,186,0,18,246,20,284,56,8,64,348
08/31/2007,OPF,FL,ASO,ES,Federal Contract Tower,0,15,89,3,107,0,7,122,6,135,0,22,211,9,242,104,0,104,346
09/01/2007,OPF,FL,ASO,ES,Federal Contract Tower,0,7,38,0,45,0,1,93,5,99,0,8,131,5,144,118,0,118,262
09/02/2007,OPF,FL,ASO,ES,Federal Contract Tower,0,3,27,10,40,0,0,77,3,80,0,3,104,13,120,68,0,68,188
09/03/2007,OPF,FL,ASO,ES,Federal Contract Tower,0,2,68,0,70,0,1,84,8,93,0,3,152,8,163,40,0,40,203
09/04/2007,OPF,FL,ASO,ES,Federal Contract Tower,0,5,35,3,43,0,6,96,15,117,0,11,131,18,160,144,6,150,310
09/05/2007,OPF,FL,ASO,ES,Federal Contract Tower,0,8,59,2,69,0,11,138,7,156,0,19,197,9,225,60,6,66,291
09/06/2007,OPF,FL,ASO,ES,Federal Contract Tower,0,8,59,5,72,0,9,122,12,143,0,17,181,17,215,68,16,84,299
09/07/2007,OPF,FL,ASO,ES,Federal Contract Tower,0,14,40,2,56,0,9,139,5,153,0,23,179,7,209,68,24,92,301
09/08/2007,OPF,FL,ASO,ES,Federal Contract Tower,0,10,34,0,44,0,9,69,6,84,0,19,103,6,128,56,0,56,184
09/09/2007,OPF,FL,ASO,ES,Federal Contract Tower,0,8,45,0,53,0,0,73,4,77,0,8,118,4,130,14,0,14,144
09/10/2007,OPF,FL,ASO,ES,Federal Contract Tower,0,3,35,6,44,0,7,139,14,160,0,10,174,20,204,56,56,112,316
09/11/2007,OPF,FL,ASO,ES,Federal Contract Tower,0,4,61,0,65,0,11,121,19,151,0,15,182,19,216,54,12,66,282
09/12/2007,OPF,FL,ASO,ES,Federal Contract Tower,0,6,49,3,58,0,11,102,10,123,0,17,151,13,181,58,48,106,287
09/13/2007,OPF,FL,ASO,ES,Federal Contract Tower,0,6,57,6,69,0,11,143,16,170,0,17,200,22,239,32,10,42,281
09/14/2007,OPF,FL,ASO,ES,Federal Contract Tower,0,10,46,7,63,0,6,143,13,162,0,16,189,20,225,76,4,80,305
09/15/2007,OPF,FL,ASO,ES,Federal Contract Tower,0,3,36,2,41,0,1,135,10,146,0,4,171,12,187,80,0,80,267
09/16/2007,OPF,FL,ASO,ES,Federal Contract Tower,0,7,38,4,49,0,0,100,12,112,0,7,138,16,161,50,24,74,235
09/17/2007,OPF,FL,ASO,ES,Federal Contract Tower,0,6,35,5,46,0,10,78,13,101,0,16,113,18,147,52,0,52,199
09/18/2007,OPF,FL,ASO,ES,Federal Contract Tower,0,12,57,4,73,0,7,105,12,124,0,19,162,16,197,68,0,68,265
09/19/2007,OPF,FL,ASO,ES,Federal Contract Tower,0,8,60,4,72,0,20,136,12,168,0,28,196,16,240,82,4,86,326
09/20/2007,OPF,FL,ASO,ES,Federal Contract Tower,0,13,62,7,82,0,8,137,15,160,0,21,199,22,242,118,2,120,362
09/21/2007,OPF,FL,ASO,ES,Federal Contract Tower,0,21,78,3,102,0,8,113,10,131,0,29,191,13,233,78,0,78,311
09/22/2007,OPF,FL,ASO,ES,Federal Contract Tower,0,3,49,3,55,0,1,105,11,117,0,4,154,14,172,38,6,44,216
09/23/2007,OPF,FL,ASO,ES,Federal Contract Tower,0,5,47,3,55,0,1,65,3,69,0,6,112,6,124,46,0,46,170
09/24/2007,OPF,FL,ASO,ES,Federal Contract Tower,0,10,40,4,54,0,8,58,19,85,0,18,98,23,139,54,46,100,239
09/25/2007,OPF,FL,ASO,ES,Federal Contract Tower,0,7,54,2,63,0,8,79,9,96,0,15,133,11,159,20,14,34,193
09/26/2007,OPF,FL,ASO,ES,Federal Contract Tower,0,10,68,3,81,0,11,34,8,53,0,21,102,11,134,8,14,22,156
09/27/2007,OPF,FL,ASO,ES,Federal Contract Tower,2,12,74,7,95,0,7,144,23,174,2,19,218,30,269,84,0,84,353
09/28/2007,OPF,FL,ASO,ES,Federal Contract Tower,0,10,83,6,99,0,10,185,22,217,0,20,268,28,316,120,2,122,438
09/29/2007,OPF,FL,ASO,ES,Federal Contract Tower,0,3,39,5,47,0,2,125,11,138,0,5,164,16,185,110,12,122,307
09/30/2007,OPF,FL,ASO,ES,Federal Contract Tower,0,4,48,1,53,0,0,28,1,29,0,4,76,2,82,14,0,14,96
10/01/2007,OPF,FL,ASO,ES,Federal Contract Tower,0,13,30,0,43,0,5,16,5,26,0,18,46,5,69,6,14,20,89
10/02/2007,OPF,FL,ASO,ES,Federal Contract Tower,0,7,50,2,59,0,7,104,17,128,0,14,154,19,187,50,10,60,247
10/03/2007,OPF,FL,ASO,ES,Federal Contract Tower,0,13,38,0,51,0,7,125,9,141,0,20,163,9,192,76,0,76,268
10/04/2007,OPF,FL,ASO,ES,Federal Contract Tower,1,17,51,7,76,0,0,132,6,138,1,17,183,13,214,76,0,76,290
10/05/2007,OPF,FL,ASO,ES,Federal Contract Tower,1,13,55,3,72,0,11,91,8,110,1,24,146,11,182,88,0,88,270
10/06/2007,OPF,FL,ASO,ES,Federal Contract Tower,0,3,34,0,37,0,5,100,10,115,0,8,134,10,152,46,0,46,198
10/07/2007,OPF,FL,ASO,ES,Federal Contract Tower,0,6,57,0,63,0,0,75,7,82,0,6,132,7,145,64,0,64,209
10/08/2007,OPF,FL,ASO,ES,Federal Contract Tower,1,9,68,0,78,0,3,118,4,125,1,12,186,4,203,24,38,62,265
10/09/2007,OPF,FL,ASO,ES,Federal Contract Tower,0,8,57,8,73,0,7,110,14,131,0,15,167,22,204,50,0,50,254
10/10/2007,OPF,FL,ASO,ES,Federal Contract Tower,0,18,119,4,141,0,8,62,7,77,0,26,181,11,218,76,0,76,294
10/11/2007,OPF,FL,ASO,ES,Federal Contract Tower,0,22,83,4,109,0,4,135,14,153,0,26,218,18,262,96,20,116,378
10/12/2007,OPF,FL,ASO,ES,Federal Contract Tower,0,11,46,6,63,0,7,131,33,171,0,18,177,39,234,104,28,132,366
10/13/2007,OPF,FL,ASO,ES,Federal Contract Tower,0,5,29,1,35,0,1,98,10,109,0,6,127,11,144,100,0,100,244
10/14/2007,OPF,FL,ASO,ES,Federal Contract Tower,0,1,41,1,43,0,0,61,12,73,0,1,102,13,116,64,0,64,180
10/15/2007,OPF,FL,ASO,ES,Federal Contract Tower,0,15,70,5,90,0,3,79,10,92,0,18,149,15,182,134,44,178,360
10/16/2007,OPF,FL,ASO,ES,Federal Contract Tower,0,10,79,3,92,0,4,124,17,145,0,14,203,20,237,110,8,118,355
10/17/2007,OPF,FL,ASO,ES,Federal Contract Tower,0,11,49,1,61,0,5,87,5,97,0,16,136,6,158,44,0,44,202
10/18/2007,OPF,FL,ASO,ES,Federal Contract Tower,1,11,62,7,81,0,6,129,24,159,1,17,191,31,240,106,2,108,348
10/19/2007,OPF,FL,ASO,ES,Federal Contract Tower,0,12,49,3,64,0,7,125,18,150,0,19,174,21,214,98,30,128,342
10/20/2007,OPF,FL,ASO,ES,Federal Contract Tower,0,6,33,1,40,0,2,70,13,85,0,8,103,14,125,100,8,108,233
10/21/2007,OPF,FL,ASO,ES,Federal Contract Tower,1,3,47,5,56,0,0,78,6,84,1,3,125,11,140,92,0,92,232
10/22/2007,OPF,FL,ASO,ES,Federal Contract Tower,0,7,36,6,49,0,3,120,23,146,0,10,156,29,195,116,10,126,321
10/23/2007,OPF,FL,ASO,ES,Federal Contract Tower,1,13,70,3,87,0,6,121,9,136,1,19,191,12,223,146,0,146,369
10/24/2007,OPF,FL,ASO,ES,Federal Contract Tower,0,11,90,1,102,0,7,132,16,155,0,18,222,17,257,60,6,66,323
10/25/2007,OPF,FL,ASO,ES,Federal Contract Tower,0,21,97,11,129,0,4,76,11,91,0,25,173,22,220,60,0,60,280
10/26/2007,OPF,FL,ASO,ES,Federal Contract Tower,0,14,67,3,84,0,8,34,10,52,0,22,101,13,136,20,10,30,166
10/27/2007,OPF,FL,ASO,ES,Federal Contract Tower,0,8,48,1,57,0,1,101,9,111,0,9,149,10,168,108,0,108,276
10/28/2007,OPF,FL,ASO,ES,Federal Contract Tower,0,10,82,3,95,0,0,83,1,84,0,10,165,4,179,34,0,34,213
10/29/2007,OPF,FL,ASO,ES,Federal Contract Tower,1,9,66,0,76,0,4,145,12,161,1,13,211,12,237,40,16,56,293
10/30/2007,OPF,FL,ASO,ES,Federal Contract Tower,0,14,55,3,72,0,6,58,12,76,0,20,113,15,148,42,0,42,190
10/31/2007,OPF,FL,ASO,ES,Federal Contract Tower,0,18,44,4,66,0,3,5,4,12,0,21,49,8,78,0,20,20,98
11/01/2007,OPF,FL,ASO,ES,Federal Contract Tower,0,29,39,10,78,0,9,38,0,47,0,38,77,10,125,2,0,2,127
11/02/2007,OPF,FL,ASO,ES,Federal Contract Tower,0,17,105,2,124,0,12,102,11,125,0,29,207,13,249,146,20,166,415
11/03/2007,OPF,FL,ASO,ES,Federal Contract Tower,0,4,33,2,39,0,1,110,6,117,0,5,143,8,156,118,0,118,274
11/04/2007,OPF,FL,ASO,ES,Federal Contract Tower,0,3,55,1,59,0,1,126,4,131,0,4,181,5,190,44,0,44,234
11/05/2007,OPF,FL,ASO,ES,Federal Contract Tower,0,9,62,2,73,0,7,107,22,136,0,16,169,24,209,99,10,109,318
11/06/2007,OPF,FL,ASO,ES,Federal Contract Tower,0,11,47,5,63,0,9,101,13,123,0,20,148,18,186,78,22,100,286
11/07/2007,OPF,FL,ASO,ES,Federal Contract Tower,1,18,88,1,108,0,5,110,22,137,1,23,198,23,245,66,68,134,379
11/08/2007,OPF,FL,ASO,ES,Federal Contract Tower,0,21,92,12,125,0,5,139,15,159,0,26,231,27,284,100,26,126,410
11/09/2007,OPF,FL,ASO,ES,Federal Contract Tower,0,22,101,0,123,0,5,114,7,126,0,27,215,7,249,82,44,126,375
11/10/2007,OPF,FL,ASO,ES,Federal Contract Tower,0,5,69,2,76,0,1,137,11,149,0,6,206,13,225,100,2,102,327
11/11/2007,OPF,FL,ASO,ES,Federal Contract Tower,0,11,92,0,103,0,2,117,15,134,0,13,209,15,237,32,0,32,269
11/12/2007,OPF,FL,ASO,ES,Federal Contract Tower,0,15,61,2,78,0,4,115,7,126,0,19,176,9,204,94,44,138,342
11/13/2007,OPF,FL,ASO,ES,Federal Contract Tower,1,13,47,3,64,0,5,169,23,197,1,18,216,26,261,66,44,110,371
11/14/2007,OPF,FL,ASO,ES,Federal Contract Tower,0,22,76,5,103,0,8,84,12,104,0,30,160,17,207,78,0,78,285
11/15/2007,OPF,FL,ASO,ES,Federal Contract Tower,0,25,68,6,99,0,6,141,23,170,0,31,209,29,269,100,20,120,389
11/16/2007,OPF,FL,ASO,ES,Federal Contract Tower,0,16,105,5,126,0,10,137,22,169,0,26,242,27,295,80,96,176,471
11/17/2007,OPF,FL,ASO,ES,Federal Contract Tower,0,9,61,0,70,0,1,123,7,131,0,10,184,7,201,92,6,98,299
11/18/2007,OPF,FL,ASO,ES,Federal Contract Tower,1,6,87,3,97,0,0,102,9,111,1,6,189,12,208,26,0,26,234
11/19/2007,OPF,FL,ASO,ES,Federal Contract Tower,0,7,62,0,69,0,7,82,13,102,0,14,144,13,171,64,6,70,241
11/20/2007,OPF,FL,ASO,ES,Federal Contract Tower,1,27,43,4,75,0,5,78,13,96,1,32,121,17,171,62,78,140,311
11/21/2007,OPF,FL,ASO,ES,Federal Contract Tower,0,11,61,1,73,0,9,113,8,130,0,20,174,9,203,90,12,102,305
11/22/2007,OPF,FL,ASO,ES,Federal Contract Tower,0,8,19,0,27,0,3,78,3,84,0,11,97,3,111,72,0,72,183
11/23/2007,OPF,FL,ASO,ES,Federal Contract Tower,0,11,52,1,64,0,13,79,4,96,0,24,131,5,160,86,2,88,248
11/24/2007,OPF,FL,ASO,ES,Federal Contract Tower,0,13,59,4,76,0,1,72,9,82,0,14,131,13,158,94,10,104,262
11/25/2007,OPF,FL,ASO,ES,Federal Contract Tower,0,31,80,0,111,0,1,101,6,108,0,32,181,6,219,32,0,32,251
11/26/2007,OPF,FL,ASO,ES,Federal Contract Tower,1,14,60,6,81,0,9,70,7,86,1,23,130,13,167,32,0,32,199
11/27/2007,OPF,FL,ASO,ES,Federal Contract Tower,0,14,64,2,80,0,7,69,15,91,0,21,133,17,171,60,0,60,231
11/28/2007,OPF,FL,ASO,ES,Federal Contract Tower,0,14,53,12,79,0,5,124,14,143,0,19,177,26,222,36,0,36,258
11/29/2007,OPF,FL,ASO,ES,Federal Contract Tower,0,18,115,6,139,0,7,82,17,106,0,25,197,23,245,66,42,108,353
11/30/2007,OPF,FL,ASO,ES,Federal Contract Tower,0,7,87,7,101,0,4,99,14,117,0,11,186,21,218,86,0,86,304
12/01/2007,OPF,FL,ASO,ES,Federal Contract Tower,0,7,39,3,49,0,2,89,6,97,0,9,128,9,146,92,0,92,238
12/02/2007,OPF,FL,ASO,ES,Federal Contract Tower,0,20,54,3,77,0,6,78,2,86,0,26,132,5,163,54,0,54,217
12/03/2007,OPF,FL,ASO,ES,Federal Contract Tower,0,17,70,2,89,0,5,90,9,104,0,22,160,11,193,52,0,52,245
12/04/2007,OPF,FL,ASO,ES,Federal Contract Tower,0,21,82,2,105,0,12,118,16,146,0,33,200,18,251,102,16,118,369
12/05/2007,OPF,FL,ASO,ES,Federal Contract Tower,0,19,74,4,97,0,8,108,11,127,0,27,182,15,224,94,6,100,324
12/06/2007,OPF,FL,ASO,ES,Federal Contract Tower,0,24,126,3,153,0,10,124,16,150,0,34,250,19,303,132,0,132,435
12/07/2007,OPF,FL,ASO,ES,Federal Contract Tower,0,16,107,6,129,0,9,96,13,118,0,25,203,19,247,88,32,120,367
12/08/2007,OPF,FL,ASO,ES,Federal Contract Tower,0,8,73,0,81,0,1,98,10,109,0,9,171,10,190,62,0,62,252
12/09/2007,OPF,FL,ASO,ES,Federal Contract Tower,0,13,83,4,100,0,0,84,5,89,0,13,167,9,189,44,22,66,255
12/10/2007,OPF,FL,ASO,ES,Federal Contract Tower,0,32,82,2,116,0,7,75,9,91,0,39,157,11,207,82,12,94,301
12/11/2007,OPF,FL,ASO,ES,Federal Contract Tower,0,17,61,2,80,0,6,127,7,140,0,23,188,9,220,74,2,76,296
12/12/2007,OPF,FL,ASO,ES,Federal Contract Tower,0,9,68,3,80,0,4,120,9,133,0,13,188,12,213,72,20,92,305
12/13/2007,OPF,FL,ASO,ES,Federal Contract Tower,0,10,63,4,77,0,6,84,18,108,0,16,147,22,185,92,44,136,321
12/14/2007,OPF,FL,ASO,ES,Federal Contract Tower,4,12,69,2,87,0,11,92,15,118,4,23,161,17,205,58,6,64,269
12/15/2007,OPF,FL,ASO,ES,Federal Contract Tower,0,7,49,0,56,0,2,112,7,121,0,9,161,7,177,36,0,36,213
12/16/2007,OPF,FL,ASO,ES,Federal Contract Tower,0,7,41,1,49,0,0,36,10,46,0,7,77,11,95,0,0,0,95
12/17/2007,OPF,FL,ASO,ES,Federal Contract Tower,0,14,71,3,88,0,11,108,11,130,0,25,179,14,218,56,2,58,276
12/18/2007,OPF,FL,ASO,ES,Federal Contract Tower,0,23,62,5,90,0,6,96,19,121,0,29,158,24,211,76,32,108,319
12/19/2007,OPF,FL,ASO,ES,Federal Contract Tower,0,10,76,3,89,0,6,97,10,113,0,16,173,13,202,92,4,96,298
12/20/2007,OPF,FL,ASO,ES,Federal Contract Tower,0,14,81,3,98,0,8,106,6,120,0,22,187,9,218,136,0,136,354
12/21/2007,OPF,FL,ASO,ES,Federal Contract Tower,0,17,92,0,109,0,8,89,9,106,0,25,181,9,215,46,10,56,271
12/22/2007,OPF,FL,ASO,ES,Federal Contract Tower,0,3,92,0,95,0,2,123,2,127,0,5,215,2,222,118,48,166,388
12/23/2007,OPF,FL,ASO,ES,Federal Contract Tower,0,4,34,1,39,0,2,48,4,54,0,6,82,5,93,16,0,16,109
12/24/2007,OPF,FL,ASO,ES,Federal Contract Tower,0,10,23,0,33,0,8,62,4,74,0,18,85,4,107,40,0,40,147
12/25/2007,OPF,FL,ASO,ES,Federal Contract Tower,0,2,1,0,3,0,7,39,9,55,0,9,40,9,58,4,0,4,62
12/26/2007,OPF,FL,ASO,ES,Federal Contract Tower,0,11,88,0,99,0,7,72,4,83,0,18,160,4,182,52,0,52,234
12/27/2007,OPF,FL,ASO,ES,Federal Contract Tower,0,26,108,2,136,0,7,111,6,124,0,33,219,8,260,54,0,54,314
12/28/2007,OPF,FL,ASO,ES,Federal Contract Tower,0,21,59,1,81,0,5,109,8,122,0,26,168,9,203,96,0,96,299
12/29/2007,OPF,FL,ASO,ES,Federal Contract Tower,0,5,79,2,86,0,1,80,7,88,0,6,159,9,174,50,0,50,224
12/30/2007,OPF,FL,ASO,ES,Federal Contract Tower,0,8,98,1,107,0,0,71,15,86,0,8,169,16,193,20,6,26,219
12/31/2007,OPF,FL,ASO,ES,Federal Contract Tower,0,13,40,1,54,0,5,92,6,103,0,18,132,7,157,76,24,100,257
01/01/2008,OPF,FL,ASO,ES,Federal Contract Tower,0,9,55,1,65,0,2,36,3,41,0,11,91,4,106,14,0,14,120
01/02/2008,OPF,FL,ASO,ES,Federal Contract Tower,1,21,96,3,121,0,5,78,15,98,1,26,174,18,219,0,20,20,239
01/03/2008,OPF,FL,ASO,ES,Federal Contract Tower,0,17,70,1,88,0,9,64,7,80,0,26,134,8,168,0,0,0,168
01/04/2008,OPF,FL,ASO,ES,Federal Contract Tower,0,29,85,2,116,0,7,82,6,95,0,36,167,8,211,56,12,68,279
01/05/2008,OPF,FL,ASO,ES,Federal Contract Tower,0,12,57,3,72,0,4,44,5,53,0,16,101,8,125,38,0,38,163
01/06/2008,OPF,FL,ASO,ES,Federal Contract Tower,0,7,76,0,83,0,1,90,6,97,0,8,166,6,180,68,18,86,266
01/07/2008,OPF,FL,ASO,ES,Federal Contract Tower,0,18,63,4,85,0,10,69,21,100,0,28,132,25,185,46,42,88,273
01/08/2008,OPF,FL,ASO,ES,Federal Contract Tower,0,15,67,8,90,0,5,60,14,79,0,20,127,22,169,30,52,82,251
01/09/2008,OPF,FL,ASO,ES,Federal Contract Tower,0,15,63,1,79,0,8,75,28,111,0,23,138,29,190,94,0,94,284
01/10/2008,OPF,FL,ASO,ES,Federal Contract Tower,0,17,89,9,115,0,4,85,24,113,0,21,174,33,228,102,122,224,452
01/11/2008,OPF,FL,ASO,ES,Federal Contract Tower,1,17,70,1,89,0,6,88,26,120,1,23,158,27,209,102,112,214,423
01/12/2008,OPF,FL,ASO,ES,Federal Contract Tower,0,4,48,4,56,0,1,81,8,90,0,5,129,12,146,84,22,106,252
01/13/2008,OPF,FL,ASO,ES,Federal Contract Tower,0,5,53,2,60,0,0,64,2,66,0,5,117,4,126,72,0,72,198
01/14/2008,OPF,FL,ASO,ES,Federal Contract Tower,0,11,77,6,94,0,4,58,13,75,0,15,135,19,169,34,0,34,203
01/15/2008,OPF,FL,ASO,ES,Federal Contract Tower,0,16,62,2,80,0,10,79,26,115,0,26,141,28,195,34,84,118,313
01/16/2008,OPF,FL,ASO,ES,Federal Contract Tower,0,14,76,2,92,0,7,82,29,118,0,21,158,31,210,54,30,84,294
01/17/2008,OPF,FL,ASO,ES,Federal Contract Tower,0,28,85,9,122,0,5,42,18,65,0,33,127,27,187,42,84,126,313
01/18/2008,OPF,FL,ASO,ES,Federal Contract Tower,4,26,77,16,123,0,7,110,17,134,4,33,187,33,257,114,20,134,391
01/19/2008,OPF,FL,ASO,ES,Federal Contract Tower,0,3,42,5,50,0,6,57,9,72,0,9,99,14,122,34,0,34,156
01/20/2008,OPF,FL,ASO,ES,Federal Contract Tower,0,11,59,2,72,0,2,30,4,36,0,13,89,6,108,2,26,28,136
01/21/2008,OPF,FL,ASO,ES,Federal Contract Tower,0,4,66,6,76,0,5,41,6,52,0,9,107,12,128,28,0,28,156
01/22/2008,OPF,FL,ASO,ES,Federal Contract Tower,0,14,77,2,93,0,19,57,19,95,0,33,134,21,188,32,76,108,296
01/23/2008,OPF,FL,ASO,ES,Federal Contract Tower,2,25,61,2,90,0,9,89,7,105,2,34,150,9,195,40,56,96,291
01/24/2008,OPF,FL,ASO,ES,Federal Contract Tower,0,12,66,6,84,0,12,68,28,108,0,24,134,34,192,46,50,96,288
01/25/2008,OPF,FL,ASO,ES,Federal Contract Tower,0,10,60,7,77,0,9,99,14,122,0,19,159,21,199,32,0,32,231
01/26/2008,OPF,FL,ASO,ES,Federal Contract Tower,0,9,52,5,66,0,0,99,10,109,0,9,151,15,175,64,12,76,251
01/27/2008,OPF,FL,ASO,ES,Federal Contract Tower,1,14,66,2,83,0,1,70,10,81,1,15,136,12,164,2,0,2,166
01/28/2008,OPF,FL,ASO,ES,Federal Contract Tower,0,13,61,4,78,0,6,113,16,135,0,19,174,20,213,112,6,118,331
01/29/2008,OPF,FL,ASO,ES,Federal Contract Tower,0,20,52,2,74,0,8,88,44,140,0,28,140,46,214,128,4,132,346
01/30/2008,OPF,FL,ASO,ES,Federal Contract Tower,0,18,72,6,96,0,9,79,12,100,0,27,151,18,196,66,28,94,290
01/31/2008,OPF,FL,ASO,ES,Federal Contract Tower,0,23,53,2,78,0,8,109,26,143,0,31,162,28,221,64,84,148,369
02/01/2008,OPF,FL,ASO,ES,Federal Contract Tower,0,20,79,4,103,0,6,97,15,118,0,26,176,19,221,56,28,84,305
02/02/2008,OPF,FL,ASO,ES,Federal Contract Tower,0,7,59,3,69,0,2,95,14,111,0,9,154,17,180,40,0,40,220
02/03/2008,OPF,FL,ASO,ES,Federal Contract Tower,0,14,62,5,81,0,0,73,10,83,0,14,135,15,164,120,0,120,284
02/04/2008,OPF,FL,ASO,ES,Federal Contract Tower,0,11,48,1,60,0,10,128,13,151,0,21,176,14,211,80,46,126,337
02/05/2008,OPF,FL,ASO,ES,Federal Contract Tower,3,15,74,0,92,0,5,118,25,148,3,20,192,25,240,84,58,142,382
02/06/2008,OPF,FL,ASO,ES,Federal Contract Tower,1,16,72,1,90,0,7,113,12,132,1,23,185,13,222,14,28,42,264
02/07/2008,OPF,FL,ASO,ES,Federal Contract Tower,0,13,60,2,75,0,6,103,15,124,0,19,163,17,199,106,0,106,305
02/08/2008,OPF,FL,ASO,ES,Federal Contract Tower,0,13,78,5,96,0,9,51,12,72,0,22,129,17,168,14,32,46,214
02/09/2008,OPF,FL,ASO,ES,Federal Contract Tower,0,6,42,3,51,0,0,52,3,55,0,6,94,6,106,60,0,60,166
02/10/2008,OPF,FL,ASO,ES,Federal Contract Tower,0,5,63,2,70,0,2,101,13,116,0,7,164,15,186,64,6,70,256
02/11/2008,OPF,FL,ASO,ES,Federal Contract Tower,0,23,70,4,97,0,0,96,17,113,0,23,166,21,210,74,0,74,284
02/12/2008,OPF,FL,ASO,ES,Federal Contract Tower,0,19,81,10,110,0,4,32,12,48,0,23,113,22,158,20,12,32,190
02/13/2008,OPF,FL,ASO,ES,Federal Contract Tower,1,25,79,2,107,0,1,45,8,54,1,26,124,10,161,30,22,52,213
02/14/2008,OPF,FL,ASO,ES,Federal Contract Tower,0,23,153,7,183,0,8,102,29,139,0,31,255,36,322,100,10,110,432
02/15/2008,OPF,FL,ASO,ES,Federal Contract Tower,2,24,168,7,201,0,13,164,19,196,2,37,332,26,397,126,4,130,527
02/16/2008,OPF,FL,ASO,ES,Federal Contract Tower,0,13,124,1,138,0,4,127,5,136,0,17,251,6,274,156,2,158,432
02/17/2008,OPF,FL,ASO,ES,Federal Contract Tower,0,13,118,0,131,0,3,99,9,111,0,16,217,9,242,32,0,32,274
02/18/2008,OPF,FL,ASO,ES,Federal Contract Tower,0,16,111,3,130,0,0,84,9,93,0,16,195,12,223,120,10,130,353
02/19/2008,OPF,FL,ASO,ES,Federal Contract Tower,0,19,89,7,115,0,5,60,32,97,0,24,149,39,212,58,34,92,304
02/20/2008,OPF,FL,ASO,ES,Federal Contract Tower,0,20,94,12,126,0,7,103,8,118,0,27,197,20,244,116,0,116,360
02/21/2008,OPF,FL,ASO,ES,Federal Contract Tower,0,23,67,4,94,0,4,96,15,115,0,27,163,19,209,64,0,64,273
02/22/2008,OPF,FL,ASO,ES,Federal Contract Tower,0,16,72,11,99,0,4,129,16,149,0,20,201,27,248,78,12,90,338
02/23/2008,OPF,FL,ASO,ES,Federal Contract Tower,0,6,54,1,61,0,4,94,7,105,0,10,148,8,166,64,0,64,230
02/24/2008,OPF,FL,ASO,ES,Federal Contract Tower,0,11,67,7,85,0,0,83,5,88,0,11,150,12,173,66,0,66,239
02/25/2008,OPF,FL,ASO,ES,Federal Contract Tower,0,17,72,6,95,0,8,80,21,109,0,25,152,27,204,168,1,169,373
02/26/2008,OPF,FL,ASO,ES,Federal Contract Tower,0,17,56,2,75,0,3,89,17,109,0,20,145,19,184,76,10,86,270
02/27/2008,OPF,FL,ASO,ES,Federal Contract Tower,0,15,83,22,120,0,6,69,19,94,0,21,152,41,214,48,12,60,274
02/28/2008,OPF,FL,ASO,ES,Federal Contract Tower,0,22,64,4,90,0,9,95,10,114,0,31,159,14,204,50,0,50,254
02/29/2008,OPF,FL,ASO,ES,Federal Contract Tower,0,29,70,5,104,0,8,93,17,118,0,37,163,22,222,70,16,86,308
03/01/2008,OPF,FL,ASO,ES,Federal Contract Tower,0,7,64,0,71,0,2,101,9,112,0,9,165,9,183,108,0,108,291
03/02/2008,OPF,FL,ASO,ES,Federal Contract Tower,0,9,67,1,77,0,0,81,5,86,0,9,148,6,163,46,0,46,209
03/03/2008,OPF,FL,ASO,ES,Federal Contract Tower,0,13,64,5,82,0,5,53,20,78,0,18,117,25,160,34,30,64,224
03/04/2008,OPF,FL,ASO,ES,Federal Contract Tower,0,20,55,5,80,0,2,73,14,89,0,22,128,19,169,46,44,90,259
03/05/2008,OPF,FL,ASO,ES,Federal Contract Tower,0,21,77,3,101,0,10,81,9,100,0,31,158,12,201,42,0,42,243
03/06/2008,OPF,FL,ASO,ES,Federal Contract Tower,2,16,74,4,96,0,4,58,15,77,2,20,132,19,173,154,0,154,327
03/07/2008,OPF,FL,ASO,ES,Federal Contract Tower,0,23,64,3,90,0,3,77,20,100,0,26,141,23,190,38,28,66,256
03/08/2008,OPF,FL,ASO,ES,Federal Contract Tower,0,9,47,0,56,0,1,70,14,85,0,10,117,14,141,28,12,40,181
03/09/2008,OPF,FL,ASO,ES,Federal Contract Tower,0,7,89,2,98,0,0,107,18,125,0,7,196,20,223,40,0,40,263
03/10/2008,OPF,FL,ASO,ES,Federal Contract Tower,0,15,74,8,97,0,3,80,26,109,0,18,154,34,206,92,14,106,312
03/11/2008,OPF,FL,ASO,ES,Federal Contract Tower,0,22,76,10,108,0,4,113,16,133,0,26,189,26,241,36,6,42,283
03/12/2008,OPF,FL,ASO,ES,Federal Contract Tower,0,21,95,3,119,0,8,85,14,107,0,29,180,17,226,60,0,60,286
03/13/2008,OPF,FL,ASO,ES,Federal Contract Tower,0,19,76,1,96,0,4,102,10,116,0,23,178,11,212,76,0,76,288
03/14/2008,OPF,FL,ASO,ES,Federal Contract Tower,0,18,77,5,100,0,6,83,10,99,0,24,160,15,199,84,0,84,283
03/15/2008,OPF,FL,ASO,ES,Federal Contract Tower,0,3,70,3,76,0,3,141,11,155,0,6,211,14,231,126,0,126,357
03/16/2008,OPF,FL,ASO,ES,Federal Contract Tower,0,9,68,2,79,0,1,80,4,85,0,10,148,6,164,62,0,62,226
03/17/2008,OPF,FL,ASO,ES,Federal Contract Tower,0,17,73,14,104,0,3,93,27,123,0,20,166,41,227,20,38,58,285
03/18/2008,OPF,FL,ASO,ES,Federal Contract Tower,1,18,74,4,97,0,23,77,18,118,1,41,151,22,215,22,2,24,239
03/19/2008,OPF,FL,ASO,ES,Federal Contract Tower,1,24,82,4,111,0,9,62,7,78,1,33,144,11,189,10,0,10,199
03/20/2008,OPF,FL,ASO,ES,Federal Contract Tower,0,24,83,5,112,0,3,100,17,120,0,27,183,22,232,44,22,66,298
03/21/2008,OPF,FL,ASO,ES,Federal Contract Tower,0,13,86,7,106,0,5,110,25,140,0,18,196,32,246,62,4,66,312
03/22/2008,OPF,FL,ASO,ES,Federal Contract Tower,0,3,63,3,69,0,3,58,9,70,0,6,121,12,139,56,2,58,197
03/23/2008,OPF,FL,ASO,ES,Federal Contract Tower,0,9,67,2,78,0,1,40,6,47,0,10,107,8,125,38,0,38,163
03/24/2008,OPF,FL,ASO,ES,Federal Contract Tower,0,27,104,6,137,0,3,38,14,55,0,30,142,20,192,26,22,48,240
03/25/2008,OPF,FL,ASO,ES,Federal Contract Tower,0,25,64,0,89,0,0,75,17,92,0,25,139,17,181,20,50,70,251
03/26/2008,OPF,FL,ASO,ES,Federal Contract Tower,0,13,66,0,79,0,6,106,10,122,0,19,172,10,201,92,0,92,293
03/27/2008,OPF,FL,ASO,ES,Federal Contract Tower,0,22,98,7,127,0,6,82,15,103,0,28,180,22,230,94,16,110,340
03/28/2008,OPF,FL,ASO,ES,Federal Contract Tower,0,29,87,18,134,0,7,122,6,135,0,36,209,24,269,66,46,112,381
03/29/2008,OPF,FL,ASO,ES,Federal Contract Tower,1,12,82,2,97,0,1,99,11,111,1,13,181,13,208,96,0,96,304
03/30/2008,OPF,FL,ASO,ES,Federal Contract Tower,0,15,88,3,106,0,0,52,6,58,0,15,140,9,164,76,20,96,260
03/31/2008,OPF,FL,ASO,ES,Federal Contract Tower,1,17,58,9,85,0,7,77,21,105,1,24,135,30,190,50,10,60,250
04/01/2008,OPF,FL,ASO,ES,Federal Contract Tower,0,11,67,3,81,0,4,51,16,71,0,15,118,19,152,66,0,66,218
04/02/2008,OPF,FL,ASO,ES,Federal Contract Tower,0,12,80,3,95,0,4,81,14,99,0,16,161,17,194,124,0,124,318
04/03/2008,OPF,FL,ASO,ES,Federal Contract Tower,0,18,70,3,91,0,11,83,15,109,0,29,153,18,200,30,6,36,236
04/04/2008,OPF,FL,ASO,ES,Federal Contract Tower,0,15,100,6,121,0,9,117,15,141,0,24,217,21,262,54,14,68,330
04/05/2008,OPF,FL,ASO,ES,Federal Contract Tower,0,8,62,1,71,0,2,89,9,100,0,10,151,10,171,28,0,28,199
04/06/2008,OPF,FL,ASO,ES,Federal Contract Tower,0,11,52,3,66,0,1,96,8,105,0,12,148,11,171,34,0,34,205
04/07/2008,OPF,FL,ASO,ES,Federal Contract Tower,0,26,55,5,86,0,5,92,18,115,0,31,147,23,201,108,22,130,331
04/08/2008,OPF,FL,ASO,ES,Federal Contract Tower,2,22,63,2,89,0,5,62,11,78,2,27,125,13,167,90,0,90,257
04/09/2008,OPF,FL,ASO,ES,Federal Contract Tower,0,22,75,3,100,0,5,121,19,145,0,27,196,22,245,104,16,120,365
04/10/2008,OPF,FL,ASO,ES,Federal Contract Tower,0,20,69,5,94,0,4,122,6,132,0,24,191,11,226,74,2,76,302
04/11/2008,OPF,FL,ASO,ES,Federal Contract Tower,0,27,77,5,109,0,7,119,5,131,0,34,196,10,240,120,0,120,360
04/12/2008,OPF,FL,ASO,ES,Federal Contract Tower,0,3,63,1,67,0,2,59,2,63,0,5,122,3,130,60,0,60,190
04/13/2008,OPF,FL,ASO,ES,Federal Contract Tower,0,2,55,0,57,0,0,89,4,93,0,2,144,4,150,44,0,44,194
04/14/2008,OPF,FL,ASO,ES,Federal Contract Tower,0,13,61,3,77,0,7,87,13,107,0,20,148,16,184,24,42,66,250
04/15/2008,OPF,FL,ASO,ES,Federal Contract Tower,0,12,73,1,86,0,6,63,17,86,0,18,136,18,172,48,4,52,224
04/16/2008,OPF,FL,ASO,ES,Federal Contract Tower,0,11,93,5,109,0,10,87,15,112,0,21,180,20,221,24,18,42,263
04/17/2008,OPF,FL,ASO,ES,Federal Contract Tower,0,16,76,5,97,0,9,85,14,108,0,25,161,19,205,70,38,108,313
04/18/2008,OPF,FL,ASO,ES,Federal Contract Tower,0,15,78,5,98,0,8,120,17,145,0,23,198,22,243,100,26,126,369
04/19/2008,OPF,FL,ASO,ES,Federal Contract Tower,0,10,49,2,61,0,3,119,15,137,0,13,168,17,198,148,0,148,346
04/20/2008,OPF,FL,ASO,ES,Federal Contract Tower,0,18,63,2,83,0,1,76,8,85,0,19,139,10,168,16,2,18,186
04/21/2008,OPF,FL,ASO,ES,Federal Contract Tower,0,18,93,9,120,0,2,76,12,90,0,20,169,21,210,76,18,94,304
04/22/2008,OPF,FL,ASO,ES,Federal Contract Tower,0,18,67,0,85,0,6,66,9,81,0,24,133,9,166,82,24,106,272
04/23/2008,OPF,FL,ASO,ES,Federal Contract Tower,0,17,64,5,86,0,3,103,10,116,0,20,167,15,202,124,20,144,346
04/24/2008,OPF,FL,ASO,ES,Federal Contract Tower,0,25,80,0,105,0,8,115,10,133,0,33,195,10,238,92,0,92,330
04/25/2008,OPF,FL,ASO,ES,Federal Contract Tower,0,23,79,3,105,0,5,92,12,109,0,28,171,15,214,98,0,98,312
04/26/2008,OPF,FL,ASO,ES,Federal Contract Tower,0,9,55,1,65,0,2,117,2,121,0,11,172,3,186,108,0,108,294
04/27/2008,OPF,FL,ASO,ES,Federal Contract Tower,0,5,78,0,83,0,0,99,9,108,0,5,177,9,191,62,0,62,253
04/28/2008,OPF,FL,ASO,ES,Federal Contract Tower,0,16,53,0,69,0,1,91,14,106,0,17,144,14,175,30,2,32,207
04/29/2008,OPF,FL,ASO,ES,Federal Contract Tower,0,13,75,1,89,0,6,55,12,73,0,19,130,13,162,62,4,66,228
04/30/2008,OPF,FL,ASO,ES,Federal Contract Tower,0,15,82,0,97,0,7,121,10,138,0,22,203,10,235,34,42,76,311
05/01/2008,OPF,FL,ASO,ES,Federal Contract Tower,0,22,76,5,103,0,5,81,12,98,0,27,157,17,201,56,12,68,269
05/02/2008,OPF,FL,ASO,ES,Federal Contract Tower,0,16,53,0,69,0,4,107,9,120,0,20,160,9,189,104,0,104,293
05/03/2008,OPF,FL,ASO,ES,Federal Contract Tower,0,8,52,9,69,0,3,98,10,111,0,11,150,19,180,150,0,150,330
05/04/2008,OPF,FL,ASO,ES,Federal Contract Tower,0,6,65,2,73,0,1,72,5,78,0,7,137,7,151,56,6,62,213
05/05/2008,OPF,FL,ASO,ES,Federal Contract Tower,0,10,87,0,97,0,7,79,16,102,0,17,166,16,199,106,0,106,305
05/06/2008,OPF,FL,ASO,ES,Federal Contract Tower,0,9,55,0,64,0,9,81,7,97,0,18,136,7,161,114,0,114,275
05/07/2008,OPF,FL,ASO,ES,Federal Contract Tower,0,22,56,1,79,0,6,118,15,139,0,28,174,16,218,72,20,92,310
05/08/2008,OPF,FL,ASO,ES,Federal Contract Tower,0,21,71,1,93,0,8,98,10,116,0,29,169,11,209,56,6,62,271
05/09/2008,OPF,FL,ASO,ES,Federal Contract Tower,0,21,74,2,97,0,9,87,9,105,0,30,161,11,202,64,14,78,280
05/10/2008,OPF,FL,ASO,ES,Federal Contract Tower,0,4,70,0,74,0,2,103,4,109,0,6,173,4,183,134,0,134,317
05/11/2008,OPF,FL,ASO,ES,Federal Contract Tower,0,6,45,0,51,0,3,50,6,59,0,9,95,6,110,0,0,0,110
05/12/2008,OPF,FL,ASO,ES,Federal Contract Tower,0,15,78,4,97,0,7,74,13,94,0,22,152,17,191,48,10,58,249
05/13/2008,OPF,FL,ASO,ES,Federal Contract Tower,0,11,54,5,70,0,5,113,10,128,0,16,167,15,198,66,0,66,264
05/14/2008,OPF,FL,ASO,ES,Federal Contract Tower,0,15,71,2,88,0,6,110,12,128,0,21,181,14,216,100,0,100,316
05/15/2008,OPF,FL,ASO,ES,Federal Contract Tower,0,20,76,5,101,0,5,83,12,100,0,25,159,17,201,74,12,86,287
05/16/2008,OPF,FL,ASO,ES,Federal Contract Tower,0,16,107,2,125,0,5,91,9,105,0,21,198,11,230,134,20,154,384
05/17/2008,OPF,FL,ASO,ES,Federal Contract Tower,0,4,72,0,76,0,0,111,8,119,0,4,183,8,195,158,0,158,353
05/18/2008,OPF,FL,ASO,ES,Federal Contract Tower,0,7,71,3,81,0,1,79,7,87,0,8,150,10,168,22,0,22,190
05/19/2008,OPF,FL,ASO,ES,Federal Contract Tower,0,7,62,3,72,0,7,71,7,85,0,14,133,10,157,82,50,132,289
05/20/2008,OPF,FL,ASO,ES,Federal Contract Tower,0,10,65,0,75,0,5,91,13,109,0,15,156,13,184,104,52,156,340
05/21/2008,OPF,FL,ASO,ES,Federal Contract Tower,0,11,66,5,82,0,6,102,7,115,0,17,168,12,197,78,20,98,295
05/22/2008,OPF,FL,ASO,ES,Federal Contract Tower,0,19,92,0,111,0,6,109,10,125,0,25,201,10,236,80,44,124,360
05/23/2008,OPF,FL,ASO,ES,Federal Contract Tower,0,19,83,0,102,0,4,107,14,125,0,23,190,14,227,34,58,92,319
05/24/2008,OPF,FL,ASO,ES,Federal Contract Tower,0,4,39,1,44,0,1,96,6,103,0,5,135,7,147,76,0,76,223
05/25/2008,OPF,FL,ASO,ES,Federal Contract Tower,0,3,32,2,37,0,3,72,8,83,0,6,104,10,120,10,0,10,130
05/26/2008,OPF,FL,ASO,ES,Federal Contract Tower,0,13,75,1,89,0,0,87,1,88,0,13,162,2,177,76,4,80,257
05/27/2008,OPF,FL,ASO,ES,Federal Contract Tower,0,12,61,1,74,0,9,93,11,113,0,21,154,12,187,74,4,78,265
05/28/2008,OPF,FL,ASO,ES,Federal Contract Tower,1,14,54,1,70,0,6,99,16,121,1,20,153,17,191,86,8,94,285
05/29/2008,OPF,FL,ASO,ES,Federal Contract Tower,0,17,51,4,72,0,2,100,34,136,0,19,151,38,208,98,6,104,312
05/30/2008,OPF,FL,ASO,ES,Federal Contract Tower,0,28,45,1,74,0,2,71,16,89,0,30,116,17,163,42,0,42,205
05/31/2008,OPF,FL,ASO,ES,Federal Contract Tower,2,4,42,2,50,0,3,104,8,115,2,7,146,10,165,112,0,112,277
06/01/2008,OPF,FL,ASO,ES,Federal Contract Tower,0,5,50,0,55,1,2,64,16,83,1,7,114,16,138,56,0,56,194
06/02/2008,OPF,FL,ASO,ES,Federal Contract Tower,1,8,31,3,43,0,8,51,17,76,1,16,82,20,119,52,18,70,189
06/03/2008,OPF,FL,ASO,ES,Federal Contract Tower,0,14,45,1,60,0,5,73,21,99,0,19,118,22,159,146,14,160,319
06/04/2008,OPF,FL,ASO,ES,Federal Contract Tower,0,12,60,7,79,0,6,104,14,124,0,18,164,21,203,96,20,116,319
06/05/2008,OPF,FL,ASO,ES,Federal Contract Tower,0,17,72,2,91,0,5,91,12,108,0,22,163,14,199,164,10,174,373
06/06/2008,OPF,FL,ASO,ES,Federal Contract Tower,0,17,64,5,86,0,3,101,7,111,0,20,165,12,197,154,0,154,351
06/07/2008,OPF,FL,ASO,ES,Federal Contract Tower,0,3,53,1,57,0,1,103,4,108,0,4,156,5,165,122,6,128,293
06/08/2008,OPF,FL,ASO,ES,Federal Contract Tower,0,4,49,3,56,0,0,89,11,100,0,4,138,14,156,46,10,56,212
06/09/2008,OPF,FL,ASO,ES,Federal Contract Tower,0,18,94,2,114,0,3,70,5,78,0,21,164,7,192,122,12,134,326
06/10/2008,OPF,FL,ASO,ES,Federal Contract Tower,0,8,46,5,59,0,3,107,13,123,0,11,153,18,182,124,8,132,314
06/11/2008,OPF,FL,ASO,ES,Federal Contract Tower,0,5,40,7,52,0,5,82,11,98,0,10,122,18,150,164,54,218,368
06/12/2008,OPF,FL,ASO,ES,Federal Contract Tower,0,7,37,11,55,0,5,118,14,137,0,12,155,25,192,82,0,82,274
06/13/2008,OPF,FL,ASO,ES,Federal Contract Tower,0,15,59,3,77,0,4,112,13,129,0,19,171,16,206,162,0,162,368
06/14/2008,OPF,FL,ASO,ES,Federal Contract Tower,0,1,48,3,52,0,1,91,10,102,0,2,139,13,154,126,0,126,280
06/15/2008,OPF,FL,ASO,ES,Federal Contract Tower,0,5,30,2,37,0,1,70,4,75,0,6,100,6,112,46,0,46,158
06/16/2008,OPF,FL,ASO,ES,Federal Contract Tower,0,8,61,1,70,0,12,73,22,107,0,20,134,23,177,66,0,66,243
06/17/2008,OPF,FL,ASO,ES,Federal Contract Tower,0,15,62,2,79,0,5,80,8,93,0,20,142,10,172,98,14,112,284
06/18/2008,OPF,FL,ASO,ES,Federal Contract Tower,0,12,50,1,63,0,0,58,11,69,0,12,108,12,132,28,0,28,160
06/19/2008,OPF,FL,ASO,ES,Federal Contract Tower,0,17,71,0,88,0,18,60,14,92,0,35,131,14,180,100,0,100,280
06/20/2008,OPF,FL,ASO,ES,Federal Contract Tower,0,14,47,4,65,0,2,117,8,127,0,16,164,12,192,98,0,98,290
06/21/2008,OPF,FL,ASO,ES,Federal Contract Tower,0,2,57,0,59,0,2,106,2,110,0,4,163,2,169,122,0,122,291
06/22/2008,OPF,FL,ASO,ES,Federal Contract Tower,0,7,52,2,61,0,4,113,4,121,0,11,165,6,182,44,0,44,226
06/23/2008,OPF,FL,ASO,ES,Federal Contract Tower,0,13,38,0,51,0,3,92,6,101,0,16,130,6,152,112,6,118,270
06/24/2008,OPF,FL,ASO,ES,Federal Contract Tower,0,11,52,2,65,0,2,86,21,109,0,13,138,23,174,130,12,142,316
06/25/2008,OPF,FL,ASO,ES,Federal Contract Tower,0,20,58,2,80,0,3,95,10,108,0,23,153,12,188,116,0,116,304
06/26/2008,OPF,FL,ASO,ES,Federal Contract Tower,0,13,61,7,81,0,1,96,10,107,0,14,157,17,188,109,2,111,299
06/27/2008,OPF,FL,ASO,ES,Federal Contract Tower,0,11,61,3,75,0,15,130,17,162,0,26,191,20,237,116,12,128,365
06/28/2008,OPF,FL,ASO,ES,Federal Contract Tower,0,7,45,0,52,0,3,134,6,143,0,10,179,6,195,80,0,80,275
06/29/2008,OPF,FL,ASO,ES,Federal Contract Tower,0,4,37,2,43,0,0,90,4,94,0,4,127,6,137,64,0,64,201
06/30/2008,OPF,FL,ASO,ES,Federal Contract Tower,0,3,50,1,54,0,5,78,15,98,0,8,128,16,152,112,16,128,280
07/01/2008,OPF,FL,ASO,ES,Federal Contract Tower,0,7,42,8,57,0,13,100,15,128,0,20,142,23,185,120,18,138,323
07/02/2008,OPF,FL,ASO,ES,Federal Contract Tower,0,17,56,1,74,0,18,141,11,170,0,35,197,12,244,54,0,54,298
07/03/2008,OPF,FL,ASO,ES,Federal Contract Tower,0,15,64,2,81,0,18,189,16,223,0,33,253,18,304,98,0,98,402
07/04/2008,OPF,FL,ASO,ES,Federal Contract Tower,1,1,43,0,45,1,1,130,6,138,2,2,173,6,183,56,18,74,257
07/05/2008,OPF,FL,ASO,ES,Federal Contract Tower,0,3,28,0,31,0,5,71,5,81,0,8,99,5,112,24,0,24,136
07/06/2008,OPF,FL,ASO,ES,Federal Contract Tower,0,4,60,0,64,0,1,124,8,133,0,5,184,8,197,52,0,52,249
07/07/2008,OPF,FL,ASO,ES,Federal Contract Tower,0,10,49,2,61,0,9,93,9,111,0,19,142,11,172,80,74,154,326
07/08/2008,OPF,FL,ASO,ES,Federal Contract Tower,0,9,54,4,67,0,10,119,23,152,0,19,173,27,219,126,8,134,353
07/09/2008,OPF,FL,ASO,ES,Federal Contract Tower,0,7,63,1,71,0,7,110,12,129,0,14,173,13,200,80,8,88,288
07/10/2008,OPF,FL,ASO,ES,Federal Contract Tower,0,20,49,7,76,0,1,108,11,120,0,21,157,18,196,186,4,190,386
07/11/2008,OPF,FL,ASO,ES,Federal Contract Tower,0,15,57,4,76,0,4,123,12,139,0,19,180,16,215,120,12,132,347
07/12/2008,OPF,FL,ASO,ES,Federal Contract Tower,0,11,28,0,39,0,5,89,3,97,0,16,117,3,136,98,0,98,234
07/13/2008,OPF,FL,ASO,ES,Federal Contract Tower,1,6,49,2,58,0,0,65,5,70,1,6,114,7,128,6,0,6,134
07/14/2008,OPF,FL,ASO,ES,Federal Contract Tower,1,13,60,2,76,0,4,87,13,104,1,17,147,15,180,130,28,158,338
07/15/2008,OPF,FL,ASO,ES,Federal Contract Tower,0,15,53,5,73,0,8,54,10,72,0,23,107,15,145,60,0,60,205
07/16/2008,OPF,FL,ASO,ES,Federal Contract Tower,0,6,49,0,55,0,5,47,4,56,0,11,96,4,111,20,0,20,131
07/17/2008,OPF,FL,ASO,ES,Federal Contract Tower,0,15,49,1,65,0,8,97,13,118,0,23,146,14,183,104,0,104,287
07/18/2008,OPF,FL,ASO,ES,Federal Contract Tower,0,15,57,3,75,0,3,102,9,114,0,18,159,12,189,158,2,160,349
07/19/2008,OPF,FL,ASO,ES,Federal Contract Tower,0,2,57,3,62,0,2,150,4,156,0,4,207,7,218,158,0,158,376
07/20/2008,OPF,FL,ASO,ES,Federal Contract Tower,0,2,46,2,50,0,0,105,7,112,0,2,151,9,162,72,0,72,234
07/21/2008,OPF,FL,ASO,ES,Federal Contract Tower,0,5,34,2,41,0,5,84,11,100,0,10,118,13,141,102,0,102,243
07/22/2008,OPF,FL,ASO,ES,Federal Contract Tower,0,10,56,7,73,0,2,79,15,96,0,12,135,22,169,88,0,88,257
07/23/2008,OPF,FL,ASO,ES,Federal Contract Tower,0,18,44,1,63,0,0,99,5,104,0,18,143,6,167,188,0,188,355
07/24/2008,OPF,FL,ASO,ES,Federal Contract Tower,0,13,75,2,90,0,3,92,11,106,0,16,167,13,196,116,4,120,316
07/25/2008,OPF,FL,ASO,ES,Federal Contract Tower,0,11,58,2,71,0,1,109,10,120,0,12,167,12,191,134,0,134,325
07/26/2008,OPF,FL,ASO,ES,Federal Contract Tower,0,6,32,1,39,0,7,91,8,106,0,13,123,9,145,114,0,114,259
07/27/2008,OPF,FL,ASO,ES,Federal Contract Tower,0,3,57,1,61,0,0,91,4,95,0,3,148,5,156,50,0,50,206
07/28/2008,OPF,FL,ASO,ES,Federal Contract Tower,0,11,49,5,65,0,2,58,10,70,0,13,107,15,135,94,4,98,233
07/29/2008,OPF,FL,ASO,ES,Federal Contract Tower,0,21,47,4,72,0,5,51,10,66,0,26,98,14,138,96,6,102,240
07/30/2008,OPF,FL,ASO,ES,Federal Contract Tower,1,19,51,2,73,0,11,81,5,97,1,30,132,7,170,144,2,146,316
07/31/2008,OPF,FL,ASO,ES,Federal Contract Tower,0,15,48,0,63,0,3,111,10,124,0,18,159,10,187,94,1,95,282
08/01/2008,OPF,FL,ASO,ES,Federal Contract Tower,0,15,41,1,57,0,5,92,9,106,0,20,133,10,163,108,0,108,271
08/02/2008,OPF,FL,ASO,ES,Federal Contract Tower,0,2,55,1,58,0,3,90,3,96,0,5,145,4,154,94,0,94,248
08/03/2008,OPF,FL,ASO,ES,Federal Contract Tower,0,3,44,0,47,0,1,87,4,92,0,4,131,4,139,30,0,30,169
08/04/2008,OPF,FL,ASO,ES,Federal Contract Tower,0,13,54,7,74,0,2,69,13,84,0,15,123,20,158,54,0,54,212
08/05/2008,OPF,FL,ASO,ES,Federal Contract Tower,0,12,58,2,72,0,2,84,10,96,0,14,142,12,168,176,0,176,344
08/06/2008,OPF,FL,ASO,ES,Federal Contract Tower,0,12,51,2,65,0,2,102,0,104,0,14,153,2,169,144,6,150,319
08/07/2008,OPF,FL,ASO,ES,Federal Contract Tower,0,13,61,0,74,0,2,95,9,106,0,15,156,9,180,110,18,128,308
08/08/2008,OPF,FL,ASO,ES,Federal Contract Tower,0,22,60,4,86,0,4,120,28,152,0,26,180,32,238,88,18,106,344
08/09/2008,OPF,FL,ASO,ES,Federal Contract Tower,1,3,32,0,36,0,3,85,8,96,1,6,117,8,132,118,0,118,250
08/10/2008,OPF,FL,ASO,ES,Federal Contract Tower,0,5,55,2,62,0,2,83,9,94,0,7,138,11,156,38,0,38,194
08/11/2008,OPF,FL,ASO,ES,Federal Contract Tower,0,10,44,2,56,0,5,64,14,83,0,15,108,16,139,44,32,76,215
08/12/2008,OPF,FL,ASO,ES,Federal Contract Tower,0,11,54,3,68,0,1,82,10,93,0,12,136,13,161,100,4,104,265
08/13/2008,OPF,FL,ASO,ES,Federal Contract Tower,0,7,68,2,77,0,4,81,14,99,0,11,149,16,176,116,0,116,292
08/14/2008,OPF,FL,ASO,ES,Federal Contract Tower,0,20,59,5,84,0,0,78,12,90,0,20,137,17,174,86,0,86,260
08/15/2008,OPF,FL,ASO,ES,Federal Contract Tower,0,16,54,4,74,0,2,71,10,83,0,18,125,14,157,40,8,48,205
08/16/2008,OPF,FL,ASO,ES,Federal Contract Tower,0,6,36,0,42,0,2,101,4,107,0,8,137,4,149,95,0,95,244
08/17/2008,OPF,FL,ASO,ES,Federal Contract Tower,0,4,52,0,56,0,2,91,9,102,0,6,143,9,158,82,0,82,240
08/18/2008,OPF,FL,ASO,ES,Federal Contract Tower,0,5,29,3,37,0,0,11,1,12,0,5,40,4,49,4,0,4,53
08/19/2008,OPF,FL,ASO,ES,Federal Contract Tower,0,2,7,2,11,0,0,8,11,19,0,2,15,13,30,0,14,14,44
08/20/2008,OPF,FL,ASO,ES,Federal Contract Tower,0,18,47,2,67,0,0,41,13,54,0,18,88,15,121,14,2,16,137
08/21/2008,OPF,FL,ASO,ES,Federal Contract Tower,0,13,47,5,65,0,0,46,8,54,0,13,93,13,119,34,0,34,153
08/22/2008,OPF,FL,ASO,ES,Federal Contract Tower,0,16,43,2,61,0,1,75,12,88,0,17,118,14,149,30,20,50,199
08/23/2008,OPF,FL,ASO,ES,Federal Contract Tower,0,1,47,2,50,0,1,73,7,81,0,2,120,9,131,104,0,104,235
08/24/2008,OPF,FL,ASO,ES,Federal Contract Tower,0,4,58,1,63,0,1,69,7,77,0,5,127,8,140,74,0,74,214
08/25/2008,OPF,FL,ASO,ES,Federal Contract Tower,0,13,61,4,78,0,0,71,12,83,0,13,132,16,161,54,2,56,217
08/26/2008,OPF,FL,ASO,ES,Federal Contract Tower,0,23,43,4,70,0,1,80,12,93,0,24,123,16,163,140,8,148,311
08/27/2008,OPF,FL,ASO,ES,Federal Contract Tower,0,15,87,5,107,0,0,83,6,89,0,15,170,11,196,84,0,84,280
08/28/2008,OPF,FL,ASO,ES,Federal Contract Tower,0,19,65,7,91,0,0,100,7,107,0,19,165,14,198,136,32,168,366
08/29/2008,OPF,FL,ASO,ES,Federal Contract Tower,0,21,63,2,86,0,2,94,9,105,0,23,157,11,191,60,6,66,257
08/30/2008,OPF,FL,ASO,ES,Federal Contract Tower,0,3,21,2,26,0,1,47,4,52,0,4,68,6,78,40,2,42,120
08/31/2008,OPF,FL,ASO,ES,Federal Contract Tower,0,3,23,2,28,0,0,13,10,23,0,3,36,12,51,2,0,2,53
09/01/2008,OPF,FL,ASO,ES,Federal Contract Tower,0,2,66,1,69,0,0,89,5,94,0,2,155,6,163,30,0,30,193
09/02/2008,OPF,FL,ASO,ES,Federal Contract Tower,0,9,37,4,50,0,0,58,11,69,0,9,95,15,119,100,0,100,219
09/03/2008,OPF,FL,ASO,ES,Federal Contract Tower,0,18,68,10,96,0,1,74,11,86,0,19,142,21,182,92,2,94,276
09/04/2008,OPF,FL,ASO,ES,Federal Contract Tower,0,9,53,3,65,0,1,60,6,67,0,10,113,9,132,30,2,32,164
09/05/2008,OPF,FL,ASO,ES,Federal Contract Tower,0,9,39,6,54,0,1,43,12,56,0,10,82,18,110,10,24,34,144
09/06/2008,OPF,FL,ASO,ES,Federal Contract Tower,0,6,43,2,51,0,0,80,7,87,0,6,123,9,138,158,0,158,296
09/07/2008,OPF,FL,ASO,ES,Federal Contract Tower,0,15,47,1,63,0,0,81,9,90,0,15,128,10,153,60,0,60,213
09/08/2008,OPF,FL,ASO,ES,Federal Contract Tower,0,14,35,1,50,0,0,20,5,25,0,14,55,6,75,2,0,2,77
09/09/2008,OPF,FL,ASO,ES,Federal Contract Tower,0,12,19,3,34,0,0,11,2,13,0,12,30,5,47,0,0,0,47
09/10/2008,OPF,FL,ASO,ES,Federal Contract Tower,0,15,41,2,58,0,0,35,15,50,0,15,76,17,108,16,0,16,124
09/11/2008,OPF,FL,ASO,ES,Federal Contract Tower,0,20,52,2,74,0,0,53,15,68,0,20,105,17,142,42,18,60,202
09/12/2008,OPF,FL,ASO,ES,Federal Contract Tower,0,22,59,7,88,0,0,52,12,64,0,22,111,19,152,76,6,82,234
09/13/2008,OPF,FL,ASO,ES,Federal Contract Tower,0,1,43,8,52,0,1,107,5,113,0,2,150,13,165,174,0,174,339
09/14/2008,OPF,FL,ASO,ES,Federal Contract Tower,0,3,54,6,63,0,1,92,10,103,0,4,146,16,166,68,0,68,234
09/15/2008,OPF,FL,ASO,ES,Federal Contract Tower,0,15,52,0,67,0,4,50,9,63,0,19,102,9,130,84,0,84,214
09/16/2008,OPF,FL,ASO,ES,Federal Contract Tower,0,11,49,3,63,0,0,61,12,73,0,11,110,15,136,132,2,134,270
09/17/2008,OPF,FL,ASO,ES,Federal Contract Tower,0,9,56,3,68,0,0,92,6,98,0,9,148,9,166,84,4,88,254
09/18/2008,OPF,FL,ASO,ES,Federal Contract Tower,0,18,60,5,83,0,0,89,12,101,0,18,149,17,184,40,0,40,224
09/19/2008,OPF,FL,ASO,ES,Federal Contract Tower,0,16,76,5,97,0,0,108,18,126,0,16,184,23,223,82,4,86,309
09/20/2008,OPF,FL,ASO,ES,Federal Contract Tower,0,3,37,3,43,0,2,96,4,102,0,5,133,7,145,94,0,94,239
09/21/2008,OPF,FL,ASO,ES,Federal Contract Tower,0,3,41,2,46,0,1,96,7,104,0,4,137,9,150,48,0,48,198
09/22/2008,OPF,FL,ASO,ES,Federal Contract Tower,0,5,58,1,64,0,0,53,11,64,0,5,111,12,128,62,0,62,190
09/23/2008,OPF,FL,ASO,ES,Federal Contract Tower,0,13,37,10,60,0,0,50,12,62,0,13,87,22,122,32,0,32,154
09/24/2008,OPF,FL,ASO,ES,Federal Contract Tower,0,14,73,2,89,0,1,104,5,110,0,15,177,7,199,34,0,34,233
09/25/2008,OPF,FL,ASO,ES,Federal Contract Tower,0,10,61,1,72,0,2,62,9,73,0,12,123,10,145,52,0,52,197
09/26/2008,OPF,FL,ASO,ES,Federal Contract Tower,0,10,77,4,91,0,0,89,12,101,0,10,166,16,192,76,12,88,280
09/27/2008,OPF,FL,ASO,ES,Federal Contract Tower,0,6,47,1,54,0,9,82,7,98,0,15,129,8,152,72,0,72,224
09/28/2008,OPF,FL,ASO,ES,Federal Contract Tower,0,3,65,3,71,0,1,52,4,57,0,4,117,7,128,100,0,100,228
09/29/2008,OPF,FL,ASO,ES,Federal Contract Tower,1,10,62,0,73,0,0,77,14,91,1,10,139,14,164,40,18,58,222
09/30/2008,OPF,FL,ASO,ES,Federal Contract Tower,0,13,68,5,86,0,0,37,11,48,0,13,105,16,134,54,20,74,208
10/01/2008,OPF,FL,ASO,ES,Federal Contract Tower,0,13,75,1,89,0,1,79,6,86,0,14,154,7,175,106,0,106,281
10/02/2008,OPF,FL,ASO,ES,Federal Contract Tower,0,17,58,3,78,0,6,86,19,111,0,23,144,22,189,110,10,120,309
10/03/2008,OPF,FL,ASO,ES,Federal Contract Tower,0,11,65,7,83,0,1,92,12,105,0,12,157,19,188,98,0,98,286
10/04/2008,OPF,FL,ASO,ES,Federal Contract Tower,0,9,32,3,44,0,2,47,6,55,0,11,79,9,99,28,0,28,127
10/05/2008,OPF,FL,ASO,ES,Federal Contract Tower,0,8,64,4,76,0,1,54,7,62,0,9,118,11,138,28,0,28,166
10/06/2008,OPF,FL,ASO,ES,Federal Contract Tower,0,5,72,3,80,0,1,62,3,66,0,6,134,6,146,36,0,36,182
10/07/2008,OPF,FL,ASO,ES,Federal Contract Tower,0,13,65,8,86,0,2,91,16,109,0,15,156,24,195,30,10,40,235
10/08/2008,OPF,FL,ASO,ES,Federal Contract Tower,0,6,77,2,85,0,0,81,9,90,0,6,158,11,175,60,2,62,237
10/09/2008,OPF,FL,ASO,ES,Federal Contract Tower,0,19,49,1,69,0,1,42,11,54,0,20,91,12,123,22,6,28,151
10/10/2008,OPF,FL,ASO,ES,Federal Contract Tower,0,10,48,4,62,0,0,64,14,78,0,10,112,18,140,84,4,88,228
10/11/2008,OPF,FL,ASO,ES,Federal Contract Tower,0,9,34,2,45,0,0,94,8,102,0,9,128,10,147,98,8,106,253
10/12/2008,OPF,FL,ASO,ES,Federal Contract Tower,0,0,44,0,44,0,0,75,4,79,0,0,119,4,123,70,0,70,193
10/13/2008,OPF,FL,ASO,ES,Federal Contract Tower,0,6,64,2,72,0,0,66,4,70,0,6,130,6,142,62,0,62,204
10/14/2008,OPF,FL,ASO,ES,Federal Contract Tower,0,14,42,2,58,0,2,77,9,88,0,16,119,11,146,92,0,92,238
10/15/2008,OPF,FL,ASO,ES,Federal Contract Tower,0,12,51,5,68,0,0,58,7,65,0,12,109,12,133,39,0,39,172
10/16/2008,OPF,FL,ASO,ES,Federal Contract Tower,0,16,62,7,85,0,1,82,9,92,0,17,144,16,177,66,26,92,269
10/17/2008,OPF,FL,ASO,ES,Federal Contract Tower,1,16,70,5,92,0,1,103,15,119,1,17,173,20,211,50,0,50,261
10/18/2008,OPF,FL,ASO,ES,Federal Contract Tower,0,5,65,0,70,0,1,100,12,113,0,6,165,12,183,54,0,54,237
10/19/2008,OPF,FL,ASO,ES,Federal Contract Tower,0,9,69,2,80,0,1,81,4,86,0,10,150,6,166,74,0,74,240
10/20/2008,OPF,FL,ASO,ES,Federal Contract Tower,0,14,80,7,101,0,1,84,6,91,0,15,164,13,192,94,16,110,302
10/21/2008,OPF,FL,ASO,ES,Federal Contract Tower,0,14,66,2,82,0,4,89,14,107,0,18,155,16,189,112,0,112,301
10/22/2008,OPF,FL,ASO,ES,Federal Contract Tower,0,13,57,2,72,0,0,73,11,84,0,13,130,13,156,66,80,146,302
10/23/2008,OPF,FL,ASO,ES,Federal Contract Tower,0,13,30,3,46,0,0,33,9,42,0,13,63,12,88,4,8,12,100
10/24/2008,OPF,FL,ASO,ES,Federal Contract Tower,0,15,69,6,90,0,0,33,10,43,0,15,102,16,133,18,22,40,173
10/25/2008,OPF,FL,ASO,ES,Federal Contract Tower,0,4,42,3,49,0,0,77,3,80,0,4,119,6,129,70,2,72,201
10/26/2008,OPF,FL,ASO,ES,Federal Contract Tower,0,10,69,3,82,0,2,47,3,52,0,12,116,6,134,22,0,22,156
10/27/2008,OPF,FL,ASO,ES,Federal Contract Tower,0,13,89,4,106,0,2,91,12,105,0,15,180,16,211,48,12,60,271
10/28/2008,OPF,FL,ASO,ES,Federal Contract Tower,0,15,51,6,72,0,0,68,12,80,0,15,119,18,152,36,4,40,192
10/29/2008,OPF,FL,ASO,ES,Federal Contract Tower,1,8,80,1,90,0,116,18,0,134,1,124,98,1,224,84,0,84,308
10/30/2008,OPF,FL,ASO,ES,Federal Contract Tower,0,24,59,6,89,0,0,74,15,89,0,24,133,21,178,62,26,88,266
10/31/2008,OPF,FL,ASO,ES,Federal Contract Tower,0,16,59,3,78,0,0,77,16,93,0,16,136,19,171,22,30,52,223
11/01/2008,OPF,FL,ASO,ES,Federal Contract Tower,0,11,44,2,57,0,2,81,4,87,0,13,125,6,144,102,0,102,246
11/02/2008,OPF,FL,ASO,ES,Federal Contract Tower,0,6,53,4,63,0,0,51,5,56,0,6,104,9,119,26,34,60,179
11/03/2008,OPF,FL,ASO,ES,Federal Contract Tower,0,7,60,4,71,0,2,80,15,97,0,9,140,19,168,62,10,72,240
11/04/2008,OPF,FL,ASO,ES,Federal Contract Tower,0,7,65,8,80,0,0,43,7,50,0,7,108,15,130,48,32,80,210
11/05/2008,OPF,FL,ASO,ES,Federal Contract Tower,0,11,68,0,79,0,1,94,5,100,0,12,162,5,179,88,0,88,267
11/06/2008,OPF,FL,ASO,ES,Federal Contract Tower,0,13,81,12,106,0,0,103,16,119,0,13,184,28,225,46,12,58,283
11/07/2008,OPF,FL,ASO,ES,Federal Contract Tower,0,13,57,4,74,0,0,92,10,102,0,13,149,14,176,44,30,74,250
11/08/2008,OPF,FL,ASO,ES,Federal Contract Tower,0,1,54,1,56,0,1,105,10,116,0,2,159,11,172,126,0,126,298
11/09/2008,OPF,FL,ASO,ES,Federal Contract Tower,0,6,58,5,69,0,2,84,18,104,0,8,142,23,173,8,0,8,181
11/10/2008,OPF,FL,ASO,ES,Federal Contract Tower,0,16,72,3,91,0,0,63,17,80,0,16,135,20,171,46,6,52,223
11/11/2008,OPF,FL,ASO,ES,Federal Contract Tower,0,11,67,1,79,0,1,68,4,73,0,12,135,5,152,102,2,104,256
11/12/2008,OPF,FL,ASO,ES,Federal Contract Tower,0,12,67,5,84,0,2,83,7,92,0,14,150,12,176,80,0,80,256
11/13/2008,OPF,FL,ASO,ES,Federal Contract Tower,0,13,94,4,111,0,1,109,18,128,0,14,203,22,239,84,0,84,323
11/14/2008,OPF,FL,ASO,ES,Federal Contract Tower,0,20,92,10,122,0,0,83,19,102,0,20,175,29,224,54,0,54,278
11/15/2008,OPF,FL,ASO,ES,Federal Contract Tower,0,4,37,5,46,0,0,85,16,101,0,4,122,21,147,120,6,126,273
11/16/2008,OPF,FL,ASO,ES,Federal Contract Tower,0,7,86,4,97,0,0,64,6,70,0,7,150,10,167,26,4,30,197
11/17/2008,OPF,FL,ASO,ES,Federal Contract Tower,0,9,61,3,73,0,1,86,8,95,0,10,147,11,168,60,20,80,248
11/18/2008,OPF,FL,ASO,ES,Federal Contract Tower,0,9,58,2,69,0,0,109,11,120,0,9,167,13,189,128,4,132,321
11/19/2008,OPF,FL,ASO,ES,Federal Contract Tower,0,13,65,4,82,0,0,94,8,102,0,13,159,12,184,116,0,116,300
11/20/2008,OPF,FL,ASO,ES,Federal Contract Tower,0,12,77,9,98,0,0,83,14,97,0,12,160,23,195,68,20,88,283
11/21/2008,OPF,FL,ASO,ES,Federal Contract Tower,0,15,67,8,90,0,0,140,17,157,0,15,207,25,247,86,0,86,333
11/22/2008,OPF,FL,ASO,ES,Federal Contract Tower,0,8,57,1,66,0,1,72,19,92,0,9,129,20,158,28,0,28,186
11/23/2008,OPF,FL,ASO,ES,Federal Contract Tower,0,8,70,2,80,0,0,83,16,99,0,8,153,18,179,32,0,32,211
11/24/2008,OPF,FL,ASO,ES,Federal Contract Tower,1,12,53,5,71,0,2,65,21,88,1,14,118,26,159,34,48,82,241
11/25/2008,OPF,FL,ASO,ES,Federal Contract Tower,0,8,73,4,85,0,1,112,14,127,0,9,185,18,212,114,8,122,334
11/26/2008,OPF,FL,ASO,ES,Federal Contract Tower,0,16,69,3,88,0,0,95,14,109,0,16,164,17,197,78,2,80,277
11/27/2008,OPF,FL,ASO,ES,Federal Contract Tower,0,0,24,0,24,0,0,65,8,73,0,0,89,8,97,22,0,22,119
11/28/2008,OPF,FL,ASO,ES,Federal Contract Tower,0,8,57,2,67,0,0,76,11,87,0,8,133,13,154,98,0,98,252
11/29/2008,OPF,FL,ASO,ES,Federal Contract Tower,0,3,51,0,54,0,0,78,12,90,0,3,129,12,144,28,4,32,176
11/30/2008,OPF,FL,ASO,ES,Federal Contract Tower,0,10,98,3,111,0,0,26,4,30,0,10,124,7,141,2,0,2,143
12/01/2008,OPF,FL,ASO,ES,Federal Contract Tower,0,7,77,5,89,0,0,37,12,49,0,7,114,17,138,36,30,66,204
12/02/2008,OPF,FL,ASO,ES,Federal Contract Tower,0,9,88,4,101,0,0,105,19,124,0,9,193,23,225,16,0,16,241
12/03/2008,OPF,FL,ASO,ES,Federal Contract Tower,0,6,89,2,97,0,1,104,10,115,0,7,193,12,212,54,8,62,274
12/04/2008,OPF,FL,ASO,ES,Federal Contract Tower,0,18,71,3,92,0,0,100,16,116,0,18,171,19,208,52,0,52,260
12/05/2008,OPF,FL,ASO,ES,Federal Contract Tower,0,11,75,4,90,0,0,75,17,92,0,11,150,21,182,104,4,108,290
12/06/2008,OPF,FL,ASO,ES,Federal Contract Tower,0,9,64,0,73,0,0,86,5,91,0,9,150,5,164,104,4,108,272
12/07/2008,OPF,FL,ASO,ES,Federal Contract Tower,1,7,71,3,82,0,0,61,13,74,1,7,132,16,156,20,0,20,176
12/08/2008,OPF,FL,ASO,ES,Federal Contract Tower,2,11,60,4,77,0,0,100,15,115,2,11,160,19,192,50,14,64,256
12/09/2008,OPF,FL,ASO,ES,Federal Contract Tower,0,14,80,1,95,0,2,87,17,106,0,16,167,18,201,40,10,50,251
12/10/2008,OPF,FL,ASO,ES,Federal Contract Tower,0,12,69,4,85,0,0,70,8,78,0,12,139,12,163,28,76,104,267
12/11/2008,OPF,FL,ASO,ES,Federal Contract Tower,0,12,64,2,78,0,0,40,9,49,0,12,104,11,127,2,52,54,181
12/12/2008,OPF,FL,ASO,ES,Federal Contract Tower,0,13,75,5,93,0,0,78,8,86,0,13,153,13,179,112,0,112,291
12/13/2008,OPF,FL,ASO,ES,Federal Contract Tower,0,0,51,1,52,0,1,72,8,81,0,1,123,9,133,48,2,50,183
12/14/2008,OPF,FL,ASO,ES,Federal Contract Tower,3,16,67,6,92,0,0,69,8,77,3,16,136,14,169,30,0,30,199
12/15/2008,OPF,FL,ASO,ES,Federal Contract Tower,0,13,73,2,88,0,2,102,11,115,0,15,175,13,203,44,0,44,247
12/16/2008,OPF,FL,ASO,ES,Federal Contract Tower,0,7,77,3,87,0,0,86,21,107,0,7,163,24,194,78,0,78,272
12/17/2008,OPF,FL,ASO,ES,Federal Contract Tower,1,8,61,2,72,0,0,87,13,100,1,8,148,15,172,74,2,76,248
12/18/2008,OPF,FL,ASO,ES,Federal Contract Tower,0,11,69,2,82,0,0,87,9,96,0,11,156,11,178,50,2,52,230
12/19/2008,OPF,FL,ASO,ES,Federal Contract Tower,0,10,59,2,71,0,0,99,11,110,0,10,158,13,181,102,8,110,291
12/20/2008,OPF,FL,ASO,ES,Federal Contract Tower,0,16,58,7,81,0,2,129,3,134,0,18,187,10,215,72,4,76,291
12/21/2008,OPF,FL,ASO,ES,Federal Contract Tower,0,5,54,1,60,0,0,79,9,88,0,5,133,10,148,48,8,56,204
12/22/2008,OPF,FL,ASO,ES,Federal Contract Tower,0,9,55,0,64,0,0,78,13,91,0,9,133,13,155,30,0,30,185
12/23/2008,OPF,FL,ASO,ES,Federal Contract Tower,0,14,70,1,85,0,1,85,5,91,0,15,155,6,176,14,0,14,190
12/24/2008,OPF,FL,ASO,ES,Federal Contract Tower,0,13,32,0,45,0,1,37,5,43,0,14,69,5,88,10,0,10,98
12/25/2008,OPF,FL,ASO,ES,Federal Contract Tower,0,1,23,0,24,0,0,25,8,33,0,1,48,8,57,20,0,20,77
12/26/2008,OPF,FL,ASO,ES,Federal Contract Tower,0,21,79,2,102,0,1,78,5,84,0,22,157,7,186,42,1,43,229
12/27/2008,OPF,FL,ASO,ES,Federal Contract Tower,0,16,67,0,83,0,2,73,8,83,0,18,140,8,166,46,0,46,212
12/28/2008,OPF,FL,ASO,ES,Federal Contract Tower,0,12,66,0,78,0,0,82,8,90,0,12,148,8,168,80,0,80,248
12/29/2008,OPF,FL,ASO,ES,Federal Contract Tower,0,15,65,0,80,0,0,82,6,88,0,15,147,6,168,50,0,50,218
12/30/2008,OPF,FL,ASO,ES,Federal Contract Tower,0,14,73,2,89,0,0,71,6,77,0,14,144,8,166,52,0,52,218
12/31/2008,OPF,FL,ASO,ES,Federal Contract Tower,0,14,45,0,59,0,1,87,7,95,0,15,132,7,154,92,0,92,246
01/01/2009,OPF,FL,ASO,ES,Federal Contract Tower,0,6,40,5,51,0,0,52,8,60,0,6,92,13,111,14,0,14,125
01/02/2009,OPF,FL,ASO,ES,Federal Contract Tower,0,14,64,1,79,0,0,68,4,72,0,14,132,5,151,67,36,103,254
01/03/2009,OPF,FL,ASO,ES,Federal Contract Tower,0,8,106,2,116,0,0,87,11,98,0,8,193,13,214,62,4,66,280
01/04/2009,OPF,FL,ASO,ES,Federal Contract Tower,0,22,129,3,154,0,1,60,11,72,0,23,189,14,226,68,0,68,294
01/05/2009,OPF,FL,ASO,ES,Federal Contract Tower,0,8,48,3,59,0,2,72,12,86,0,10,120,15,145,54,0,54,199
01/06/2009,OPF,FL,ASO,ES,Federal Contract Tower,0,12,58,0,70,0,1,75,2,78,0,13,133,2,148,120,2,122,270
01/07/2009,OPF,FL,ASO,ES,Federal Contract Tower,0,16,97,8,121,0,5,69,10,84,0,21,166,18,205,50,4,54,259
01/08/2009,OPF,FL,ASO,ES,Federal Contract Tower,0,29,114,5,148,0,0,109,17,126,0,29,223,22,274,26,0,26,300
01/09/2009,OPF,FL,ASO,ES,Federal Contract Tower,0,30,137,5,172,0,1,122,13,136,0,31,259,18,308,54,64,118,426
01/10/2009,OPF,FL,ASO,ES,Federal Contract Tower,0,9,61,2,72,0,0,111,7,118,0,9,172,9,190,114,2,116,306
01/11/2009,OPF,FL,ASO,ES,Federal Contract Tower,0,4,98,7,109,0,1,63,4,68,0,5,161,11,177,38,28,66,243
01/12/2009,OPF,FL,ASO,ES,Federal Contract Tower,0,13,69,2,84,0,3,94,7,104,0,16,163,9,188,68,0,68,256
01/13/2009,OPF,FL,ASO,ES,Federal Contract Tower,0,14,82,2,98,0,1,52,6,59,0,15,134,8,157,16,2,18,175
01/14/2009,OPF,FL,ASO,ES,Federal Contract Tower,0,16,97,2,115,0,1,105,5,111,0,17,202,7,226,50,0,50,276
01/15/2009,OPF,FL,ASO,ES,Federal Contract Tower,0,18,55,2,75,0,0,63,17,80,0,18,118,19,155,58,56,114,269
01/16/2009,OPF,FL,ASO,ES,Federal Contract Tower,0,25,66,3,94,0,0,58,8,66,0,25,124,11,160,18,0,18,178
01/17/2009,OPF,FL,ASO,ES,Federal Contract Tower,0,3,50,9,62,0,0,95,7,102,0,3,145,16,164,86,0,86,250
01/18/2009,OPF,FL,ASO,ES,Federal Contract Tower,0,7,48,4,59,0,1,57,6,64,0,8,105,10,123,18,0,18,141
01/19/2009,OPF,FL,ASO,ES,Federal Contract Tower,0,12,68,2,82,0,1,71,6,78,0,13,139,8,160,8,0,8,168
01/20/2009,OPF,FL,ASO,ES,Federal Contract Tower,0,11,82,1,94,0,0,73,10,83,0,11,155,11,177,50,52,102,279
01/21/2009,OPF,FL,ASO,ES,Federal Contract Tower,0,10,76,1,87,0,0,93,4,97,0,10,169,5,184,54,0,54,238
01/22/2009,OPF,FL,ASO,ES,Federal Contract Tower,1,13,69,6,89,0,0,105,14,119,1,13,174,20,208,132,0,132,340
01/23/2009,OPF,FL,ASO,ES,Federal Contract Tower,0,14,73,15,102,0,0,101,13,114,0,14,174,28,216,76,34,110,326
01/24/2009,OPF,FL,ASO,ES,Federal Contract Tower,0,8,52,0,60,0,0,133,5,138,0,8,185,5,198,106,8,114,312
01/25/2009,OPF,FL,ASO,ES,Federal Contract Tower,1,5,75,5,86,0,0,95,10,105,1,5,170,15,191,44,0,44,235
01/26/2009,OPF,FL,ASO,ES,Federal Contract Tower,0,13,75,5,93,0,0,87,7,94,0,13,162,12,187,70,8,78,265
01/27/2009,OPF,FL,ASO,ES,Federal Contract Tower,0,15,70,6,91,0,1,95,11,107,0,16,165,17,198,84,0,84,282
01/28/2009,OPF,FL,ASO,ES,Federal Contract Tower,0,18,53,5,76,0,0,71,18,89,0,18,124,23,165,68,28,96,261
01/29/2009,OPF,FL,ASO,ES,Federal Contract Tower,0,5,101,4,110,0,0,101,13,114,0,5,202,17,224,30,134,164,388
01/30/2009,OPF,FL,ASO,ES,Federal Contract Tower,0,10,69,6,85,0,0,71,5,76,0,10,140,11,161,86,0,86,247
01/31/2009,OPF,FL,ASO,ES,Federal Contract Tower,0,11,78,8,97,0,0,87,11,98,0,11,165,19,195,15,0,15,210
02/01/2009,OPF,FL,ASO,ES,Federal Contract Tower,0,10,54,3,67,0,1,55,7,63,0,11,109,10,130,36,0,36,166
02/02/2009,OPF,FL,ASO,ES,Federal Contract Tower,0,7,61,6,74,0,0,52,18,70,0,7,113,24,144,2,18,20,164
02/03/2009,OPF,FL,ASO,ES,Federal Contract Tower,0,8,66,5,79,0,1,69,10,80,0,9,135,15,159,54,0,54,213
02/04/2009,OPF,FL,ASO,ES,Federal Contract Tower,0,9,65,7,81,0,0,76,13,89,0,9,141,20,170,78,14,92,262
02/05/2009,OPF,FL,ASO,ES,Federal Contract Tower,0,10,81,2,93,0,0,77,15,92,0,10,158,17,185,32,36,68,253
02/06/2009,OPF,FL,ASO,ES,Federal Contract Tower,0,15,65,6,86,0,2,96,9,107,0,17,161,15,193,32,2,34,227
02/07/2009,OPF,FL,ASO,ES,Federal Contract Tower,0,6,61,0,67,0,0,75,6,81,0,6,136,6,148,56,2,58,206
02/08/2009,OPF,FL,ASO,ES,Federal Contract Tower,0,7,58,2,67,0,1,102,5,108,0,8,160,7,175,34,0,34,209
02/09/2009,OPF,FL,ASO,ES,Federal Contract Tower,0,16,54,2,72,0,1,70,18,89,0,17,124,20,161,60,42,102,263
02/10/2009,OPF,FL,ASO,ES,Federal Contract Tower,0,5,68,10,83,0,0,94,24,118,0,5,162,34,201,116,0,116,317
02/11/2009,OPF,FL,ASO,ES,Federal Contract Tower,0,11,79,6,96,0,0,95,6,101,0,11,174,12,197,66,0,66,263
02/12/2009,OPF,FL,ASO,ES,Federal Contract Tower,0,15,128,2,145,0,0,96,10,106,0,15,224,12,251,102,4,106,357
02/13/2009,OPF,FL,ASO,ES,Federal Contract Tower,0,14,130,4,148,0,0,106,11,117,0,14,236,15,265,58,34,92,357
02/14/2009,OPF,FL,ASO,ES,Federal Contract Tower,0,3,75,0,78,0,2,81,4,87,0,5,156,4,165,130,0,130,295
02/15/2009,OPF,FL,ASO,ES,Federal Contract Tower,0,7,76,1,84,0,0,71,4,75,0,7,147,5,159,96,0,96,255
02/16/2009,OPF,FL,ASO,ES,Federal Contract Tower,0,12,91,0,103,0,0,60,8,68,0,12,151,8,171,32,0,32,203
02/17/2009,OPF,FL,ASO,ES,Federal Contract Tower,0,10,66,0,76,0,0,90,10,100,0,10,156,10,176,95,0,95,271
02/18/2009,OPF,FL,ASO,ES,Federal Contract Tower,0,14,60,9,83,0,0,77,10,87,0,14,137,19,170,44,0,44,214
02/19/2009,OPF,FL,ASO,ES,Federal Contract Tower,0,14,86,5,105,0,3,121,18,142,0,17,207,23,247,76,18,94,341
02/20/2009,OPF,FL,ASO,ES,Federal Contract Tower,0,13,86,2,101,0,0,113,20,133,0,13,199,22,234,56,44,100,334
02/21/2009,OPF,FL,ASO,ES,Federal Contract Tower,0,2,60,0,62,0,1,100,8,109,0,3,160,8,171,136,0,136,307
02/22/2009,OPF,FL,ASO,ES,Federal Contract Tower,0,8,77,2,87,0,0,75,7,82,0,8,152,9,169,78,0,78,247
02/23/2009,OPF,FL,ASO,ES,Federal Contract Tower,0,11,66,6,83,0,1,88,14,103,0,12,154,20,186,26,74,100,286
02/24/2009,OPF,FL,ASO,ES,Federal Contract Tower,0,19,61,1,81,0,2,85,17,104,0,21,146,18,185,108,8,116,301
02/25/2009,OPF,FL,ASO,ES,Federal Contract Tower,0,14,49,5,68,0,0,112,4,116,0,14,161,9,184,78,0,78,262
02/26/2009,OPF,FL,ASO,ES,Federal Contract Tower,0,13,68,5,86,0,0,85,12,97,0,13,153,17,183,70,0,70,253
02/27/2009,OPF,FL,ASO,ES,Federal Contract Tower,0,16,74,11,101,0,2,77,23,102,0,18,151,34,203,80,0,80,283
02/28/2009,OPF,FL,ASO,ES,Federal Contract Tower,0,5,69,0,74,0,1,125,9,135,0,6,194,9,209,112,0,112,321
03/01/2009,OPF,FL,ASO,ES,Federal Contract Tower,0,10,63,11,84,0,1,39,15,55,0,11,102,26,139,36,0,36,175
03/02/2009,OPF,FL,ASO,ES,Federal Contract Tower,0,10,90,0,100,0,1,88,19,108,0,11,178,19,208,86,36,122,330
03/03/2009,OPF,FL,ASO,ES,Federal Contract Tower,0,9,69,3,81,0,0,73,10,83,0,9,142,13,164,150,44,194,358
03/04/2009,OPF,FL,ASO,ES,Federal Contract Tower,0,10,63,2,75,0,0,84,22,106,0,10,147,24,181,76,106,182,363
03/05/2009,OPF,FL,ASO,ES,Federal Contract Tower,1,9,54,3,67,0,0,101,16,117,1,9,155,19,184,42,50,92,276
03/06/2009,OPF,FL,ASO,ES,Federal Contract Tower,0,14,66,8,88,0,0,102,18,120,0,14,168,26,208,82,44,126,334
03/07/2009,OPF,FL,ASO,ES,Federal Contract Tower,0,4,69,1,74,0,4,98,4,106,0,8,167,5,180,112,0,112,292
03/08/2009,OPF,FL,ASO,ES,Federal Contract Tower,0,7,67,2,76,0,0,67,3,70,0,7,134,5,146,66,0,66,212
03/09/2009,OPF,FL,ASO,ES,Federal Contract Tower,0,12,64,0,76,0,1,95,18,114,0,13,159,18,190,174,28,202,392
03/10/2009,OPF,FL,ASO,ES,Federal Contract Tower,0,15,101,4,120,0,0,121,23,144,0,15,222,27,264,184,0,184,448
03/11/2009,OPF,FL,ASO,ES,Federal Contract Tower,0,8,66,2,76,0,1,88,9,98,0,9,154,11,174,140,78,218,392
03/12/2009,OPF,FL,ASO,ES,Federal Contract Tower,0,11,80,0,91,0,2,110,16,128,0,13,190,16,219,86,44,130,349
03/13/2009,OPF,FL,ASO,ES,Federal Contract Tower,0,11,80,5,96,0,1,103,10,114,0,12,183,15,210,106,0,106,316
03/14/2009,OPF,FL,ASO,ES,Federal Contract Tower,0,13,70,2,85,0,0,96,7,103,0,13,166,9,188,40,0,40,228
03/15/2009,OPF,FL,ASO,ES,Federal Contract Tower,0,9,82,3,94,0,0,78,8,86,0,9,160,11,180,64,0,64,244
03/16/2009,OPF,FL,ASO,ES,Federal Contract Tower,0,20,74,6,100,0,0,95,17,112,0,20,169,23,212,126,16,142,354
03/17/2009,OPF,FL,ASO,ES,Federal Contract Tower,0,13,66,6,85,0,0,79,13,92,0,13,145,19,177,140,2,142,319
03/18/2009,OPF,FL,ASO,ES,Federal Contract Tower,0,9,58,3,70,0,0,33,3,36,0,9,91,6,106,44,0,44,150
03/19/2009,OPF,FL,ASO,ES,Federal Contract Tower,0,21,83,3,107,0,0,73,14,87,0,21,156,17,194,130,4,134,328
03/20/2009,OPF,FL,ASO,ES,Federal Contract Tower,0,15,69,0,84,0,1,105,9,115,0,16,174,9,199,114,0,114,313
03/21/2009,OPF,FL,ASO,ES,Federal Contract Tower,0,11,54,1,66,0,0,66,1,67,0,11,120,2,133,48,0,48,181
03/22/2009,OPF,FL,ASO,ES,Federal Contract Tower,0,15,67,4,86,0,1,39,7,47,0,16,106,11,133,0,0,0,133
03/23/2009,OPF,FL,ASO,ES,Federal Contract Tower,0,6,53,8,67,0,0,48,13,61,0,6,101,21,128,46,22,68,196
03/24/2009,OPF,FL,ASO,ES,Federal Contract Tower,0,9,52,4,65,0,0,72,13,85,0,9,124,17,150,46,0,46,196
03/25/2009,OPF,FL,ASO,ES,Federal Contract Tower,0,14,67,5,86,0,1,106,29,136,0,15,173,34,222,134,24,158,380
03/26/2009,OPF,FL,ASO,ES,Federal Contract Tower,0,9,82,3,94,0,0,117,24,141,0,9,199,27,235,82,44,126,361
03/27/2009,OPF,FL,ASO,ES,Federal Contract Tower,0,15,74,2,91,0,1,91,10,102,0,16,165,12,193,42,6,48,241
03/28/2009,OPF,FL,ASO,ES,Federal Contract Tower,0,6,56,1,63,0,1,47,10,58,0,7,103,11,121,18,0,18,139
03/29/2009,OPF,FL,ASO,ES,Federal Contract Tower,0,15,64,3,82,0,0,46,8,54,0,15,110,11,136,42,0,42,178
03/30/2009,OPF,FL,ASO,ES,Federal Contract Tower,0,14,75,1,90,0,1,92,15,108,0,15,167,16,198,100,4,104,302
03/31/2009,OPF,FL,ASO,ES,Federal Contract Tower,0,12,51,2,65,0,0,72,12,84,0,12,123,14,149,112,0,112,261
04/01/2009,OPF,FL,ASO,ES,Federal Contract Tower,0,15,67,1,83,0,1,88,6,95,0,16,155,7,178,112,12,124,302
04/02/2009,OPF,FL,ASO,ES,Federal Contract Tower,0,9,72,3,84,0,0,77,16,93,0,9,149,19,177,68,0,68,245
04/03/2009,OPF,FL,ASO,ES,Federal Contract Tower,1,12,62,4,79,0,1,65,10,76,1,13,127,14,155,78,24,102,257
04/04/2009,OPF,FL,ASO,ES,Federal Contract Tower,0,5,91,3,99,0,1,124,6,131,0,6,215,9,230,122,0,122,352
04/05/2009,OPF,FL,ASO,ES,Federal Contract Tower,0,9,57,2,68,0,0,78,12,90,0,9,135,14,158,40,0,40,198
04/06/2009,OPF,FL,ASO,ES,Federal Contract Tower,0,10,65,0,75,0,0,66,11,77,0,10,131,11,152,36,0,36,188
04/07/2009,OPF,FL,ASO,ES,Federal Contract Tower,0,10,61,5,76,0,0,108,16,124,0,10,169,21,200,42,0,42,242
04/08/2009,OPF,FL,ASO,ES,Federal Contract Tower,0,13,80,5,98,0,0,131,13,144,0,13,211,18,242,42,2,44,286
04/09/2009,OPF,FL,ASO,ES,Federal Contract Tower,0,13,83,0,96,0,2,117,20,139,0,15,200,20,235,74,0,74,309
04/10/2009,OPF,FL,ASO,ES,Federal Contract Tower,0,8,66,4,78,0,0,77,10,87,0,8,143,14,165,68,4,72,237
04/11/2009,OPF,FL,ASO,ES,Federal Contract Tower,0,5,51,0,56,0,3,87,6,96,0,8,138,6,152,68,2,70,222
04/12/2009,OPF,FL,ASO,ES,Federal Contract Tower,0,11,70,0,81,0,0,79,6,85,0,11,149,6,166,32,2,34,200
04/13/2009,OPF,FL,ASO,ES,Federal Contract Tower,0,10,73,1,84,0,0,82,14,96,0,10,155,15,180,54,10,64,244
04/14/2009,OPF,FL,ASO,ES,Federal Contract Tower,0,7,45,1,53,0,0,76,11,87,0,7,121,12,140,60,0,60,200
04/15/2009,OPF,FL,ASO,ES,Federal Contract Tower,1,12,74,4,91,0,0,87,6,93,1,12,161,10,184,88,0,88,272
04/16/2009,OPF,FL,ASO,ES,Federal Contract Tower,0,15,96,1,112,0,5,106,15,126,0,20,202,16,238,95,4,99,337
04/17/2009,OPF,FL,ASO,ES,Federal Contract Tower,0,13,66,5,84,0,0,102,11,113,0,13,168,16,197,36,8,44,241
04/18/2009,OPF,FL,ASO,ES,Federal Contract Tower,0,0,52,0,52,0,1,115,6,122,0,1,167,6,174,66,0,66,240
04/19/2009,OPF,FL,ASO,ES,Federal Contract Tower,0,2,63,7,72,0,0,86,14,100,0,2,149,21,172,34,0,34,206
04/20/2009,OPF,FL,ASO,ES,Federal Contract Tower,0,9,37,3,49,0,0,76,7,83,0,9,113,10,132,20,2,22,154
04/21/2009,OPF,FL,ASO,ES,Federal Contract Tower,0,6,49,4,59,1,0,46,14,61,1,6,95,18,120,32,30,62,182
04/22/2009,OPF,FL,ASO,ES,Federal Contract Tower,0,14,57,1,72,0,0,107,20,127,0,14,164,21,199,86,4,90,289
04/23/2009,OPF,FL,ASO,ES,Federal Contract Tower,0,12,71,8,91,0,1,114,17,132,0,13,185,25,223,59,4,63,286
04/24/2009,OPF,FL,ASO,ES,Federal Contract Tower,0,9,38,7,54,0,1,110,15,126,0,10,148,22,180,26,8,34,214
04/25/2009,OPF,FL,ASO,ES,Federal Contract Tower,0,13,52,1,66,0,3,63,7,73,0,16,115,8,139,30,0,30,169
04/26/2009,OPF,FL,ASO,ES,Federal Contract Tower,0,2,67,3,72,0,2,66,6,74,0,4,133,9,146,20,0,20,166
04/27/2009,OPF,FL,ASO,ES,Federal Contract Tower,0,9,51,7,67,0,0,75,15,90,0,9,126,22,157,62,2,64,221
04/28/2009,OPF,FL,ASO,ES,Federal Contract Tower,0,9,63,3,75,0,0,107,16,123,0,9,170,19,198,82,0,82,280
04/29/2009,OPF,FL,ASO,ES,Federal Contract Tower,1,17,79,2,99,0,0,98,14,112,1,17,177,16,211,92,0,92,303
04/30/2009,OPF,FL,ASO,ES,Federal Contract Tower,0,20,60,7,87,0,0,118,14,132,0,20,178,21,219,116,0,116,335
05/01/2009,OPF,FL,ASO,ES,Federal Contract Tower,0,15,78,9,102,0,0,143,14,157,0,15,221,23,259,142,0,142,401
05/02/2009,OPF,FL,ASO,ES,Federal Contract Tower,0,8,38,0,46,0,2,86,5,93,0,10,124,5,139,60,0,60,199
05/03/2009,OPF,FL,ASO,ES,Federal Contract Tower,0,5,51,5,61,0,0,76,4,80,0,5,127,9,141,18,0,18,159
05/04/2009,OPF,FL,ASO,ES,Federal Contract Tower,0,9,46,0,55,0,1,103,4,108,0,10,149,4,163,122,0,122,285
05/05/2009,OPF,FL,ASO,ES,Federal Contract Tower,0,12,68,1,81,0,0,119,5,124,0,12,187,6,205,164,0,164,369
05/06/2009,OPF,FL,ASO,ES,Federal Contract Tower,0,8,56,1,65,0,0,81,7,88,0,8,137,8,153,68,0,68,221
05/07/2009,OPF,FL,ASO,ES,Federal Contract Tower,0,9,72,3,84,0,3,103,6,112,0,12,175,9,196,140,56,196,392
05/08/2009,OPF,FL,ASO,ES,Federal Contract Tower,0,13,72,5,90,0,0,115,4,119,0,13,187,9,209,186,0,186,395
05/09/2009,OPF,FL,ASO,ES,Federal Contract Tower,0,10,53,0,63,0,2,101,7,110,0,12,154,7,173,76,0,76,249
05/10/2009,OPF,FL,ASO,ES,Federal Contract Tower,0,1,53,5,59,0,0,87,6,93,0,1,140,11,152,12,0,12,164
05/11/2009,OPF,FL,ASO,ES,Federal Contract Tower,0,9,79,6,94,0,0,82,5,87,0,9,161,11,181,90,0,90,271
05/12/2009,OPF,FL,ASO,ES,Federal Contract Tower,0,12,58,2,72,0,1,92,7,100,0,13,150,9,172,90,0,90,262
05/13/2009,OPF,FL,ASO,ES,Federal Contract Tower,0,8,66,4,78,0,2,99,10,111,0,10,165,14,189,60,0,60,249
05/14/2009,OPF,FL,ASO,ES,Federal Contract Tower,0,10,72,3,85,0,1,103,6,110,0,11,175,9,195,98,0,98,293
05/15/2009,OPF,FL,ASO,ES,Federal Contract Tower,0,13,54,6,73,0,1,90,10,101,0,14,144,16,174,90,0,90,264
05/16/2009,OPF,FL,ASO,ES,Federal Contract Tower,0,2,52,1,55,0,3,87,13,103,0,5,139,14,158,60,0,60,218
05/17/2009,OPF,FL,ASO,ES,Federal Contract Tower,0,4,57,5,66,0,2,66,11,79,0,6,123,16,145,30,0,30,175
05/18/2009,OPF,FL,ASO,ES,Federal Contract Tower,0,7,38,2,47,0,0,56,9,65,0,7,94,11,112,94,0,94,206
05/19/2009,OPF,FL,ASO,ES,Federal Contract Tower,0,8,44,3,55,0,0,33,7,40,0,8,77,10,95,90,0,90,185
05/20/2009,OPF,FL,ASO,ES,Federal Contract Tower,0,5,82,4,91,0,0,82,11,93,0,5,164,15,184,106,0,106,290
05/21/2009,OPF,FL,ASO,ES,Federal Contract Tower,0,8,70,1,79,0,1,72,10,83,0,9,142,11,162,158,0,158,320
05/22/2009,OPF,FL,ASO,ES,Federal Contract Tower,0,10,65,5,80,0,0,97,5,102,0,10,162,10,182,76,0,76,258
05/23/2009,OPF,FL,ASO,ES,Federal Contract Tower,0,0,49,2,51,0,0,51,5,56,0,0,100,7,107,32,0,32,139
05/24/2009,OPF,FL,ASO,ES,Federal Contract Tower,0,5,19,3,27,0,1,51,4,56,0,6,70,7,83,38,0,38,121
05/25/2009,OPF,FL,ASO,ES,Federal Contract Tower,0,1,70,3,74,0,0,71,4,75,0,1,141,7,149,28,0,28,177
05/26/2009,OPF,FL,ASO,ES,Federal Contract Tower,0,9,65,0,74,0,1,75,18,94,0,10,140,18,168,64,0,64,232
05/27/2009,OPF,FL,ASO,ES,Federal Contract Tower,0,13,75,3,91,0,2,109,9,120,0,15,184,12,211,92,14,106,317
05/28/2009,OPF,FL,ASO,ES,Federal Contract Tower,0,6,80,0,86,0,0,60,8,68,0,6,140,8,154,44,0,44,198
05/29/2009,OPF,FL,ASO,ES,Federal Contract Tower,0,7,62,4,73,0,2,68,5,75,0,9,130,9,148,74,6,80,228
05/30/2009,OPF,FL,ASO,ES,Federal Contract Tower,0,1,51,3,55,0,2,56,2,60,0,3,107,5,115,28,0,28,143
05/31/2009,OPF,FL,ASO,ES,Federal Contract Tower,1,5,66,3,75,0,3,67,5,75,1,8,133,8,150,48,0,48,198
06/01/2009,OPF,FL,ASO,ES,Federal Contract Tower,0,11,64,2,77,0,1,58,13,72,0,12,122,15,149,60,12,72,221
06/02/2009,OPF,FL,ASO,ES,Federal Contract Tower,0,8,62,2,72,0,0,81,0,81,0,8,143,2,153,90,0,90,243
06/03/2009,OPF,FL,ASO,ES,Federal Contract Tower,0,7,86,3,96,0,0,77,3,80,0,7,163,6,176,44,0,44,220
06/04/2009,OPF,FL,ASO,ES,Federal Contract Tower,0,13,73,3,89,0,0,81,26,107,0,13,154,29,196,96,36,132,328
06/05/2009,OPF,FL,ASO,ES,Federal Contract Tower,0,8,61,2,71,0,0,101,10,111,0,8,162,12,182,62,0,62,244
06/06/2009,OPF,FL,ASO,ES,Federal Contract Tower,0,4,43,1,48,0,1,88,5,94,0,5,131,6,142,40,0,40,182
06/07/2009,OPF,FL,ASO,ES,Federal Contract Tower,0,4,45,1,50,0,0,49,4,53,0,4,94,5,103,38,0,38,141
06/08/2009,OPF,FL,ASO,ES,Federal Contract Tower,0,12,48,1,61,0,2,74,6,82,0,14,122,7,143,98,0,98,241
06/09/2009,OPF,FL,ASO,ES,Federal Contract Tower,0,7,61,4,72,0,0,89,17,106,0,7,150,21,178,64,0,64,242
06/10/2009,OPF,FL,ASO,ES,Federal Contract Tower,0,8,82,3,93,0,1,112,14,127,0,9,194,17,220,58,4,62,282
06/11/2009,OPF,FL,ASO,ES,Federal Contract Tower,0,7,75,7,89,0,1,120,10,131,0,8,195,17,220,88,0,88,308
06/12/2009,OPF,FL,ASO,ES,Federal Contract Tower,0,7,61,11,79,0,0,192,11,203,0,7,253,22,282,102,0,102,384
06/13/2009,OPF,FL,ASO,ES,Federal Contract Tower,0,3,39,3,45,0,2,86,9,97,0,5,125,12,142,48,0,48,190
06/14/2009,OPF,FL,ASO,ES,Federal Contract Tower,0,5,66,6,77,0,0,92,9,101,0,5,158,15,178,38,0,38,216
06/15/2009,OPF,FL,ASO,ES,Federal Contract Tower,0,8,64,0,72,0,0,99,8,107,0,8,163,8,179,104,0,104,283
06/16/2009,OPF,FL,ASO,ES,Federal Contract Tower,0,6,50,2,58,0,1,94,4,99,0,7,144,6,157,102,0,102,259
06/17/2009,OPF,FL,ASO,ES,Federal Contract Tower,0,11,82,3,96,0,0,91,13,104,0,11,173,16,200,68,2,70,270
06/18/2009,OPF,FL,ASO,ES,Federal Contract Tower,0,5,69,3,77,0,0,114,9,123,0,5,183,12,200,172,0,172,372
06/19/2009,OPF,FL,ASO,ES,Federal Contract Tower,0,12,63,2,77,0,0,127,8,135,0,12,190,10,212,164,18,182,394
06/20/2009,OPF,FL,ASO,ES,Federal Contract Tower,0,3,46,4,53,0,2,100,5,107,0,5,146,9,160,82,0,82,242
06/21/2009,OPF,FL,ASO,ES,Federal Contract Tower,0,11,35,1,47,0,2,57,6,65,0,13,92,7,112,26,0,26,138
06/22/2009,OPF,FL,ASO,ES,Federal Contract Tower,0,6,65,2,73,0,0,88,9,97,0,6,153,11,170,88,0,88,258
06/23/2009,OPF,FL,ASO,ES,Federal Contract Tower,0,10,40,4,54,0,0,27,4,31,0,10,67,8,85,46,0,46,131
06/24/2009,OPF,FL,ASO,ES,Federal Contract Tower,0,9,84,3,96,0,1,127,12,140,0,10,211,15,236,124,6,130,366
06/25/2009,OPF,FL,ASO,ES,Federal Contract Tower,0,6,48,7,61,0,0,89,15,104,0,6,137,22,165,78,18,96,261
06/26/2009,OPF,FL,ASO,ES,Federal Contract Tower,0,13,60,1,74,0,0,71,10,81,0,13,131,11,155,36,22,58,213
06/27/2009,OPF,FL,ASO,ES,Federal Contract Tower,0,3,56,3,62,0,0,92,2,94,0,3,148,5,156,70,0,70,226
06/28/2009,OPF,FL,ASO,ES,Federal Contract Tower,0,2,55,2,59,0,0,45,5,50,0,2,100,7,109,20,10,30,139
06/29/2009,OPF,FL,ASO,ES,Federal Contract Tower,0,5,48,2,55,0,0,63,9,72,0,5,111,11,127,48,28,76,203
06/30/2009,OPF,FL,ASO,ES,Federal Contract Tower,0,15,41,1,57,0,0,66,12,78,0,15,107,13,135,70,0,70,205
07/01/2009,OPF,FL,ASO,ES,Federal Contract Tower,0,9,61,11,81,0,0,71,4,75,0,9,132,15,156,82,0,82,238
07/02/2009,OPF,FL,ASO,ES,Federal Contract Tower,0,4,65,1,70,0,1,141,7,149,0,5,206,8,219,74,0,74,293
07/03/2009,OPF,FL,ASO,ES,Federal Contract Tower,0,4,75,1,80,0,0,140,8,148,0,4,215,9,228,108,0,108,336
07/04/2009,OPF,FL,ASO,ES,Federal Contract Tower,0,1,23,2,26,0,0,66,5,71,0,1,89,7,97,74,0,74,171
07/05/2009,OPF,FL,ASO,ES,Federal Contract Tower,0,1,53,5,59,0,0,71,2,73,0,1,124,7,132,24,0,24,156
07/06/2009,OPF,FL,ASO,ES,Federal Contract Tower,0,7,55,1,63,0,0,94,11,105,0,7,149,12,168,42,0,42,210
07/07/2009,OPF,FL,ASO,ES,Federal Contract Tower,0,6,45,2,53,0,0,112,14,126,0,6,157,16,179,90,10,100,279
07/08/2009,OPF,FL,ASO,ES,Federal Contract Tower,0,6,42,5,53,0,0,84,13,97,0,6,126,18,150,90,14,104,254
07/09/2009,OPF,FL,ASO,ES,Federal Contract Tower,2,7,55,3,67,0,0,123,11,134,2,7,178,14,201,48,0,48,249
07/10/2009,OPF,FL,ASO,ES,Federal Contract Tower,0,8,46,4,58,0,0,93,12,105,0,8,139,16,163,148,0,148,311
07/11/2009,OPF,FL,ASO,ES,Federal Contract Tower,0,4,50,12,66,0,0,111,7,118,0,4,161,19,184,94,4,98,282
07/12/2009,OPF,FL,ASO,ES,Federal Contract Tower,1,4,41,5,51,0,1,86,7,94,1,5,127,12,145,18,6,24,169
07/13/2009,OPF,FL,ASO,ES,Federal Contract Tower,0,6,62,3,71,0,0,116,13,129,0,6,178,16,200,58,20,78,278
07/14/2009,OPF,FL,ASO,ES,Federal Contract Tower,0,5,58,4,67,0,0,85,7,92,0,5,143,11,159,112,0,112,271
07/15/2009,OPF,FL,ASO,ES,Federal Contract Tower,0,10,66,2,78,0,0,86,4,90,0,10,152,6,168,108,0,108,276
07/16/2009,OPF,FL,ASO,ES,Federal Contract Tower,0,10,60,4,74,0,1,102,12,115,0,11,162,16,189,94,20,114,303
07/17/2009,OPF,FL,ASO,ES,Federal Contract Tower,0,9,63,3,75,1,0,138,10,149,1,9,201,13,224,126,0,126,350
07/18/2009,OPF,FL,ASO,ES,Federal Contract Tower,0,1,63,0,64,0,1,105,7,113,0,2,168,7,177,102,0,102,279
07/19/2009,OPF,FL,ASO,ES,Federal Contract Tower,0,0,40,0,40,0,0,83,4,87,0,0,123,4,127,32,0,32,159
07/20/2009,OPF,FL,ASO,ES,Federal Contract Tower,0,8,41,3,52,0,0,96,9,105,0,8,137,12,157,58,0,58,215
07/21/2009,OPF,FL,ASO,ES,Federal Contract Tower,0,6,71,2,79,0,1,106,10,117,0,7,177,12,196,82,0,82,278
07/22/2009,OPF,FL,ASO,ES,Federal Contract Tower,0,7,61,3,71,0,0,83,12,95,0,7,144,15,166,56,2,58,224
07/23/2009,OPF,FL,ASO,ES,Federal Contract Tower,0,12,51,2,65,0,0,72,10,82,0,12,123,12,147,84,0,84,231
07/24/2009,OPF,FL,ASO,ES,Federal Contract Tower,0,10,65,3,78,0,0,121,9,130,0,10,186,12,208,74,0,74,282
07/25/2009,OPF,FL,ASO,ES,Federal Contract Tower,0,5,45,0,50,0,0,41,2,43,0,5,86,2,93,48,0,48,141
07/26/2009,OPF,FL,ASO,ES,Federal Contract Tower,0,5,36,1,42,0,0,63,8,71,0,5,99,9,113,2,0,2,115
07/27/2009,OPF,FL,ASO,ES,Federal Contract Tower,0,7,45,4,56,0,1,82,10,93,0,8,127,14,149,40,0,40,189
07/28/2009,OPF,FL,ASO,ES,Federal Contract Tower,0,9,58,5,72,0,1,95,5,101,0,10,153,10,173,106,0,106,279
07/29/2009,OPF,FL,ASO,ES,Federal Contract Tower,0,9,60,1,70,0,0,48,9,57,0,9,108,10,127,26,0,26,153
07/30/2009,OPF,FL,ASO,ES,Federal Contract Tower,0,10,43,3,56,0,0,76,12,88,0,10,119,15,144,74,18,92,236
07/31/2009,OPF,FL,ASO,ES,Federal Contract Tower,0,8,73,5,86,0,1,125,13,139,0,9,198,18,225,46,0,46,271
08/01/2009,OPF,FL,ASO,ES,Federal Contract Tower,0,6,38,3,47,0,0,90,5,95,0,6,128,8,142,66,0,66,208
08/02/2009,OPF,FL,ASO,ES,Federal Contract Tower,0,1,54,0,55,0,0,73,4,77,0,1,127,4,132,46,0,46,178
08/03/2009,OPF,FL,ASO,ES,Federal Contract Tower,0,7,48,1,56,0,0,106,9,115,0,7,154,10,171,30,46,76,247
08/04/2009,OPF,FL,ASO,ES,Federal Contract Tower,0,7,48,0,55,0,0,99,13,112,0,7,147,13,167,98,28,126,293
08/05/2009,OPF,FL,ASO,ES,Federal Contract Tower,0,9,49,2,60,0,1,115,5,121,0,10,164,7,181,50,2,52,233
08/06/2009,OPF,FL,ASO,ES,Federal Contract Tower,0,6,48,3,57,0,0,75,13,88,0,6,123,16,145,34,10,44,189
08/07/2009,OPF,FL,ASO,ES,Federal Contract Tower,0,7,60,6,73,0,0,126,6,132,0,7,186,12,205,94,0,94,299
08/08/2009,OPF,FL,ASO,ES,Federal Contract Tower,0,1,40,0,41,0,0,116,6,122,0,1,156,6,163,82,0,82,245
08/09/2009,OPF,FL,ASO,ES,Federal Contract Tower,0,2,39,5,46,0,1,101,6,108,0,3,140,11,154,48,0,48,202
08/10/2009,OPF,FL,ASO,ES,Federal Contract Tower,0,10,53,2,65,0,0,64,11,75,0,10,117,13,140,74,10,84,224
08/11/2009,OPF,FL,ASO,ES,Federal Contract Tower,0,7,49,5,61,0,0,109,8,117,0,7,158,13,178,96,0,96,274
08/12/2009,OPF,FL,ASO,ES,Federal Contract Tower,0,5,58,2,65,0,0,114,17,131,0,5,172,19,196,88,0,88,284
08/13/2009,OPF,FL,ASO,ES,Federal Contract Tower,0,5,52,5,62,0,0,106,19,125,0,5,158,24,187,116,8,124,311
08/14/2009,OPF,FL,ASO,ES,Federal Contract Tower,0,11,63,5,79,0,0,123,9,132,0,11,186,14,211,94,0,94,305
08/15/2009,OPF,FL,ASO,ES,Federal Contract Tower,0,5,23,4,32,0,0,29,5,34,0,5,52,9,66,18,2,20,86
08/16/2009,OPF,FL,ASO,ES,Federal Contract Tower,0,5,46,3,54,0,0,86,4,90,0,5,132,7,144,52,0,52,196
08/17/2009,OPF,FL,ASO,ES,Federal Contract Tower,0,4,56,4,64,0,0,79,11,90,0,4,135,15,154,30,0,30,184
08/18/2009,OPF,FL,ASO,ES,Federal Contract Tower,0,4,71,4,79,0,0,111,12,123,0,4,182,16,202,56,22,78,280
08/19/2009,OPF,FL,ASO,ES,Federal Contract Tower,0,5,70,2,77,0,0,96,10,106,0,5,166,12,183,92,0,92,275
08/20/2009,OPF,FL,ASO,ES,Federal Contract Tower,0,9,43,2,54,0,1,135,8,144,0,10,178,10,198,69,0,69,267
08/21/2009,OPF,FL,ASO,ES,Federal Contract Tower,0,6,56,5,67,0,1,101,10,112,0,7,157,15,179,92,2,94,273
08/22/2009,OPF,FL,ASO,ES,Federal Contract Tower,0,5,37,2,44,0,0,116,1,117,0,5,153,3,161,80,0,80,241
08/23/2009,OPF,FL,ASO,ES,Federal Contract Tower,0,3,31,5,39,0,0,53,8,61,0,3,84,13,100,28,0,28,128
08/24/2009,OPF,FL,ASO,ES,Federal Contract Tower,0,4,38,1,43,0,0,64,4,68,0,4,102,5,111,50,0,50,161
08/25/2009,OPF,FL,ASO,ES,Federal Contract Tower,0,7,66,2,75,0,0,90,10,100,0,7,156,12,175,105,0,105,280
08/26/2009,OPF,FL,ASO,ES,Federal Contract Tower,0,7,42,4,53,0,0,77,9,86,0,7,119,13,139,84,0,84,223
08/27/2009,OPF,FL,ASO,ES,Federal Contract Tower,0,9,58,6,73,0,0,87,9,96,0,9,145,15,169,107,0,107,276
08/28/2009,OPF,FL,ASO,ES,Federal Contract Tower,0,4,75,2,81,0,0,108,11,119,0,4,183,13,200,54,4,58,258
08/29/2009,OPF,FL,ASO,ES,Federal Contract Tower,0,1,39,2,42,0,0,77,6,83,0,1,116,8,125,134,6,140,265
08/30/2009,OPF,FL,ASO,ES,Federal Contract Tower,0,2,38,1,41,0,1,61,6,68,0,3,99,7,109,34,0,34,143
08/31/2009,OPF,FL,ASO,ES,Federal Contract Tower,0,4,50,1,55,0,0,73,9,82,0,4,123,10,137,50,0,50,187
09/01/2009,OPF,FL,ASO,ES,Federal Contract Tower,0,7,49,2,58,0,0,51,11,62,0,7,100,13,120,36,2,38,158
09/02/2009,OPF,FL,ASO,ES,Federal Contract Tower,0,8,58,5,71,0,0,76,5,81,0,8,134,10,152,56,0,56,208
09/03/2009,OPF,FL,ASO,ES,Federal Contract Tower,0,6,45,4,55,0,0,63,10,73,0,6,108,14,128,44,2,46,174
09/04/2009,OPF,FL,ASO,ES,Federal Contract Tower,0,7,68,3,78,0,0,85,6,91,0,7,153,9,169,73,2,75,244
09/05/2009,OPF,FL,ASO,ES,Federal Contract Tower,0,1,45,2,48,0,0,59,7,66,0,1,104,9,114,32,0,32,146
09/06/2009,OPF,FL,ASO,ES,Federal Contract Tower,0,1,38,6,45,0,0,66,5,71,0,1,104,11,116,18,0,18,134
09/07/2009,OPF,FL,ASO,ES,Federal Contract Tower,0,3,52,1,56,0,0,116,5,121,0,3,168,6,177,76,0,76,253
09/08/2009,OPF,FL,ASO,ES,Federal Contract Tower,0,6,51,6,63,0,0,71,12,83,0,6,122,18,146,94,2,96,242
09/09/2009,OPF,FL,ASO,ES,Federal Contract Tower,0,7,50,1,58,0,1,83,8,92,0,8,133,9,150,64,4,68,218
09/10/2009,OPF,FL,ASO,ES,Federal Contract Tower,0,4,73,4,81,0,0,87,3,90,0,4,160,7,171,39,0,39,210
09/11/2009,OPF,FL,ASO,ES,Federal Contract Tower,0,5,53,6,64,0,0,72,4,76,0,5,125,10,140,46,0,46,186
09/12/2009,OPF,FL,ASO,ES,Federal Contract Tower,0,2,26,2,30,0,1,53,6,60,0,3,79,8,90,48,0,48,138
09/13/2009,OPF,FL,ASO,ES,Federal Contract Tower,0,2,48,5,55,0,0,58,4,62,0,2,106,9,117,18,0,18,135
09/14/2009,OPF,FL,ASO,ES,Federal Contract Tower,0,6,73,5,84,0,0,85,13,98,0,6,158,18,182,90,16,106,288
09/15/2009,OPF,FL,ASO,ES,Federal Contract Tower,0,6,55,2,63,0,0,92,13,105,0,6,147,15,168,98,6,104,272
09/16/2009,OPF,FL,ASO,ES,Federal Contract Tower,0,8,60,2,70,0,0,78,5,83,0,8,138,7,153,92,0,92,245
09/17/2009,OPF,FL,ASO,ES,Federal Contract Tower,0,6,60,5,71,0,0,84,13,97,0,6,144,18,168,50,0,50,218
09/18/2009,OPF,FL,ASO,ES,Federal Contract Tower,0,9,49,7,65,0,0,72,5,77,0,9,121,12,142,58,18,76,218
09/19/2009,OPF,FL,ASO,ES,Federal Contract Tower,0,0,36,0,36,0,0,63,0,63,0,0,99,0,99,74,0,74,173
09/20/2009,OPF,FL,ASO,ES,Federal Contract Tower,0,1,39,2,42,0,0,73,10,83,0,1,112,12,125,48,2,50,175
09/21/2009,OPF,FL,ASO,ES,Federal Contract Tower,0,8,53,6,67,0,0,66,8,74,0,8,119,14,141,50,2,52,193
09/22/2009,OPF,FL,ASO,ES,Federal Contract Tower,0,14,59,10,83,0,0,96,15,111,0,14,155,25,194,70,0,70,264
09/23/2009,OPF,FL,ASO,ES,Federal Contract Tower,0,9,65,7,81,0,0,100,8,108,0,9,165,15,189,108,0,108,297
09/24/2009,OPF,FL,ASO,ES,Federal Contract Tower,0,12,70,4,86,0,1,85,9,95,0,13,155,13,181,62,4,66,247
09/25/2009,OPF,FL,ASO,ES,Federal Contract Tower,0,6,39,7,52,0,0,82,9,91,0,6,121,16,143,140,0,140,283
09/26/2009,OPF,FL,ASO,ES,Federal Contract Tower,0,0,52,2,54,0,0,81,7,88,0,0,133,9,142,100,0,100,242
09/27/2009,OPF,FL,ASO,ES,Federal Contract Tower,0,5,31,2,38,0,0,58,5,63,0,5,89,7,101,34,0,34,135
09/28/2009,OPF,FL,ASO,ES,Federal Contract Tower,0,5,32,3,40,0,0,67,14,81,0,5,99,17,121,84,0,84,205
09/29/2009,OPF,FL,ASO,ES,Federal Contract Tower,0,6,57,0,63,0,2,125,10,137,0,8,182,10,200,124,0,124,324
09/30/2009,OPF,FL,ASO,ES,Federal Contract Tower,0,5,45,5,55,0,0,70,18,88,0,5,115,23,143,42,0,42,185
10/01/2009,OPF,FL,ASO,ES,Federal Contract Tower,0,9,48,5,62,0,0,80,9,89,0,9,128,14,151,34,12,46,197
10/02/2009,OPF,FL,ASO,ES,Federal Contract Tower,0,12,60,7,79,0,0,69,11,80,0,12,129,18,159,26,0,26,185
10/03/2009,OPF,FL,ASO,ES,Federal Contract Tower,0,4,32,3,39,0,0,96,4,100,0,4,128,7,139,152,0,152,291
10/04/2009,OPF,FL,ASO,ES,Federal Contract Tower,0,9,62,4,75,0,0,70,9,79,0,9,132,13,154,34,0,34,188
10/05/2009,OPF,FL,ASO,ES,Federal Contract Tower,0,8,57,3,68,0,1,97,12,110,0,9,154,15,178,54,0,54,232
10/06/2009,OPF,FL,ASO,ES,Federal Contract Tower,0,5,42,0,47,0,1,81,14,96,0,6,123,14,143,66,2,68,211
10/07/2009,OPF,FL,ASO,ES,Federal Contract Tower,0,9,54,0,63,0,0,126,17,143,0,9,180,17,206,122,4,126,332
10/08/2009,OPF,FL,ASO,ES,Federal Contract Tower,0,6,77,2,85,0,0,142,11,153,0,6,219,13,238,76,0,76,314
10/09/2009,OPF,FL,ASO,ES,Federal Contract Tower,0,15,63,3,81,0,1,108,9,118,0,16,171,12,199,46,8,54,253
10/10/2009,OPF,FL,ASO,ES,Federal Contract Tower,0,1,54,0,55,0,0,92,5,97,0,1,146,5,152,104,0,104,256
10/11/2009,OPF,FL,ASO,ES,Federal Contract Tower,0,8,43,3,54,0,0,60,3,63,0,8,103,6,117,8,0,8,125
10/12/2009,OPF,FL,ASO,ES,Federal Contract Tower,0,8,69,2,79,0,0,93,7,100,0,8,162,9,179,54,0,54,233
10/13/2009,OPF,FL,ASO,ES,Federal Contract Tower,0,9,65,1,75,0,0,88,11,99,0,9,153,12,174,62,0,62,236
10/14/2009,OPF,FL,ASO,ES,Federal Contract Tower,0,15,67,5,87,0,1,103,22,126,0,16,170,27,213,94,18,112,325
10/15/2009,OPF,FL,ASO,ES,Federal Contract Tower,0,4,49,8,61,0,0,87,15,102,0,4,136,23,163,80,0,80,243
10/16/2009,OPF,FL,ASO,ES,Federal Contract Tower,0,7,80,2,89,0,0,93,7,100,0,7,173,9,189,98,0,98,287
10/17/2009,OPF,FL,ASO,ES,Federal Contract Tower,0,3,39,0,42,0,0,80,6,86,0,3,119,6,128,98,0,98,226
10/18/2009,OPF,FL,ASO,ES,Federal Contract Tower,0,3,45,4,52,0,0,47,5,52,0,3,92,9,104,24,0,24,128
10/19/2009,OPF,FL,ASO,ES,Federal Contract Tower,0,5,41,7,53,0,1,75,25,101,0,6,116,32,154,52,22,74,228
10/20/2009,OPF,FL,ASO,ES,Federal Contract Tower,0,7,62,2,71,0,0,67,13,80,0,7,129,15,151,42,22,64,215
10/21/2009,OPF,FL,ASO,ES,Federal Contract Tower,0,7,62,2,71,0,1,62,12,75,0,8,124,14,146,12,4,16,162
10/22/2009,OPF,FL,ASO,ES,Federal Contract Tower,0,10,81,2,93,0,1,79,16,96,0,11,160,18,189,74,30,104,293
10/23/2009,OPF,FL,ASO,ES,Federal Contract Tower,0,11,60,7,78,0,1,106,10,117,0,12,166,17,195,93,18,111,306
10/24/2009,OPF,FL,ASO,ES,Federal Contract Tower,0,1,52,2,55,0,0,70,5,75,0,1,122,7,130,38,0,38,168
10/25/2009,OPF,FL,ASO,ES,Federal Contract Tower,0,3,57,4,64,0,1,67,5,73,0,4,124,9,137,50,0,50,187
10/26/2009,OPF,FL,ASO,ES,Federal Contract Tower,0,10,46,6,62,0,6,49,13,68,0,16,95,19,130,26,16,42,172
10/27/2009,OPF,FL,ASO,ES,Federal Contract Tower,0,8,70,8,86,0,0,67,6,73,0,8,137,14,159,14,4,18,177
10/28/2009,OPF,FL,ASO,ES,Federal Contract Tower,0,8,49,6,63,0,0,129,25,154,0,8,178,31,217,96,0,96,313
10/29/2009,OPF,FL,ASO,ES,Federal Contract Tower,0,12,70,9,91,0,2,112,11,125,0,14,182,20,216,120,2,122,338
10/30/2009,OPF,FL,ASO,ES,Federal Contract Tower,0,11,63,4,78,0,1,91,4,96,0,12,154,8,174,50,0,50,224
10/31/2009,OPF,FL,ASO,ES,Federal Contract Tower,0,3,57,2,62,0,0,110,5,115,0,3,167,7,177,60,0,60,237
11/01/2009,OPF,FL,ASO,ES,Federal Contract Tower,0,5,65,2,72,0,0,64,10,74,0,5,129,12,146,22,0,22,168
11/02/2009,OPF,FL,ASO,ES,Federal Contract Tower,0,10,57,6,73,0,1,86,11,98,0,11,143,17,171,68,12,80,251
11/03/2009,OPF,FL,ASO,ES,Federal Contract Tower,0,7,51,4,62,0,1,69,11,81,0,8,120,15,143,84,8,92,235
11/04/2009,OPF,FL,ASO,ES,Federal Contract Tower,0,9,76,4,89,0,0,105,15,120,0,9,181,19,209,94,6,100,309
11/05/2009,OPF,FL,ASO,ES,Federal Contract Tower,0,7,67,1,75,0,2,67,15,84,0,9,134,16,159,44,2,46,205
11/06/2009,OPF,FL,ASO,ES,Federal Contract Tower,0,6,64,6,76,0,0,84,14,98,0,6,148,20,174,32,0,32,206
11/07/2009,OPF,FL,ASO,ES,Federal Contract Tower,0,3,38,2,43,0,0,52,5,57,0,3,90,7,100,4,0,4,104
11/08/2009,OPF,FL,ASO,ES,Federal Contract Tower,0,1,44,4,49,0,2,51,5,58,0,3,95,9,107,20,0,20,127
11/09/2009,OPF,FL,ASO,ES,Federal Contract Tower,0,11,56,5,72,0,0,44,13,57,0,11,100,18,129,6,52,58,187
11/10/2009,OPF,FL,ASO,ES,Federal Contract Tower,0,10,57,7,74,0,2,75,23,100,0,12,132,30,174,82,16,98,272
11/11/2009,OPF,FL,ASO,ES,Federal Contract Tower,0,3,58,1,62,0,0,44,4,48,0,3,102,5,110,24,0,24,134
11/12/2009,OPF,FL,ASO,ES,Federal Contract Tower,0,6,79,8,93,0,0,67,12,79,0,6,146,20,172,76,0,76,248
11/13/2009,OPF,FL,ASO,ES,Federal Contract Tower,0,11,73,5,89,0,1,105,17,123,0,12,178,22,212,58,6,64,276
11/14/2009,OPF,FL,ASO,ES,Federal Contract Tower,0,6,38,6,50,0,5,89,13,107,0,11,127,19,157,74,0,74,231
11/15/2009,OPF,FL,ASO,ES,Federal Contract Tower,0,8,71,3,82,0,0,89,21,110,0,8,160,24,192,50,0,50,242
11/16/2009,OPF,FL,ASO,ES,Federal Contract Tower,0,15,54,12,81,0,3,103,11,117,0,18,157,23,198,92,0,92,290
11/17/2009,OPF,FL,ASO,ES,Federal Contract Tower,0,7,71,3,81,0,0,98,7,105,0,7,169,10,186,138,0,138,324
11/18/2009,OPF,FL,ASO,ES,Federal Contract Tower,0,19,93,3,115,0,4,112,14,130,0,23,205,17,245,150,20,170,415
11/19/2009,OPF,FL,ASO,ES,Federal Contract Tower,0,9,77,2,88,0,8,103,16,127,0,17,180,18,215,142,22,164,379
11/20/2009,OPF,FL,ASO,ES,Federal Contract Tower,0,6,74,5,85,0,6,92,6,104,0,12,166,11,189,82,0,82,271
11/21/2009,OPF,FL,ASO,ES,Federal Contract Tower,0,3,56,2,61,0,7,90,6,103,0,10,146,8,164,50,0,50,214
11/22/2009,OPF,FL,ASO,ES,Federal Contract Tower,0,10,68,1,79,0,2,60,9,71,0,12,128,10,150,42,0,42,192
11/23/2009,OPF,FL,ASO,ES,Federal Contract Tower,0,13,56,5,74,0,2,55,11,68,0,15,111,16,142,56,0,56,198
11/24/2009,OPF,FL,ASO,ES,Federal Contract Tower,0,18,68,5,91,0,3,88,12,103,0,21,156,17,194,116,0,116,310
11/25/2009,OPF,FL,ASO,ES,Federal Contract Tower,0,13,68,3,84,0,2,37,3,42,0,15,105,6,126,28,0,28,154
11/26/2009,OPF,FL,ASO,ES,Federal Contract Tower,0,5,23,3,31,0,1,58,3,62,0,6,81,6,93,82,0,82,175
11/27/2009,OPF,FL,ASO,ES,Federal Contract Tower,0,11,47,0,58,0,0,90,7,97,0,11,137,7,155,106,10,116,271
11/28/2009,OPF,FL,ASO,ES,Federal Contract Tower,0,7,69,0,76,0,2,93,3,98,0,9,162,3,174,88,0,88,262
11/29/2009,OPF,FL,ASO,ES,Federal Contract Tower,0,17,105,0,122,0,1,63,4,68,0,18,168,4,190,50,0,50,240
11/30/2009,OPF,FL,ASO,ES,Federal Contract Tower,0,13,74,4,91,0,0,60,7,67,0,13,134,11,158,98,0,98,256
12/01/2009,OPF,FL,ASO,ES,Federal Contract Tower,0,15,80,2,97,0,2,84,8,94,0,17,164,10,191,82,0,82,273
12/02/2009,OPF,FL,ASO,ES,Federal Contract Tower,0,12,64,1,77,0,3,51,16,70,0,15,115,17,147,32,0,32,179
12/03/2009,OPF,FL,ASO,ES,Federal Contract Tower,0,17,80,1,98,0,0,78,8,86,0,17,158,9,184,28,12,40,224
12/04/2009,OPF,FL,ASO,ES,Federal Contract Tower,0,11,84,11,106,0,0,48,8,56,0,11,132,19,162,64,6,70,232
12/05/2009,OPF,FL,ASO,ES,Federal Contract Tower,0,13,52,5,70,0,0,37,8,45,0,13,89,13,115,14,0,14,129
12/06/2009,OPF,FL,ASO,ES,Federal Contract Tower,0,14,77,4,95,0,0,49,2,51,0,14,126,6,146,72,0,72,218
12/07/2009,OPF,FL,ASO,ES,Federal Contract Tower,0,21,74,9,104,0,2,69,7,78,0,23,143,16,182,50,24,74,256
12/08/2009,OPF,FL,ASO,ES,Federal Contract Tower,1,16,80,4,101,0,1,121,16,138,1,17,201,20,239,76,2,78,317
12/09/2009,OPF,FL,ASO,ES,Federal Contract Tower,0,14,73,0,87,0,0,109,18,127,0,14,182,18,214,70,8,78,292
12/10/2009,OPF,FL,ASO,ES,Federal Contract Tower,0,15,70,8,93,0,0,105,13,118,0,15,175,21,211,76,2,78,289
12/11/2009,OPF,FL,ASO,ES,Federal Contract Tower,0,17,89,4,110,0,2,61,16,79,0,19,150,20,189,64,4,68,257
12/12/2009,OPF,FL,ASO,ES,Federal Contract Tower,0,6,45,2,53,0,2,72,6,80,0,8,117,8,133,58,0,58,191
12/13/2009,OPF,FL,ASO,ES,Federal Contract Tower,0,10,50,3,63,0,1,69,10,80,0,11,119,13,143,66,0,66,209
12/14/2009,OPF,FL,ASO,ES,Federal Contract Tower,0,10,54,3,67,0,0,68,16,84,0,10,122,19,151,80,0,80,231
12/15/2009,OPF,FL,ASO,ES,Federal Contract Tower,1,11,73,5,90,0,0,64,9,73,1,11,137,14,163,58,0,58,221
12/16/2009,OPF,FL,ASO,ES,Federal Contract Tower,0,6,66,1,73,0,0,77,15,92,0,6,143,16,165,98,0,98,263
12/17/2009,OPF,FL,ASO,ES,Federal Contract Tower,0,11,64,6,81,0,1,48,7,56,0,12,112,13,137,24,8,32,169
12/18/2009,OPF,FL,ASO,ES,Federal Contract Tower,0,11,48,5,64,0,0,20,6,26,0,11,68,11,90,4,8,12,102
12/19/2009,OPF,FL,ASO,ES,Federal Contract Tower,0,7,53,4,64,0,0,79,5,84,0,7,132,9,148,58,2,60,208
12/20/2009,OPF,FL,ASO,ES,Federal Contract Tower,0,15,62,1,78,0,0,59,16,75,0,15,121,17,153,60,0,60,213
12/21/2009,OPF,FL,ASO,ES,Federal Contract Tower,0,11,71,4,86,0,1,81,7,89,0,12,152,11,175,58,7,65,240
12/22/2009,OPF,FL,ASO,ES,Federal Contract Tower,1,12,62,1,76,0,0,84,10,94,1,12,146,11,170,60,2,62,232
12/23/2009,OPF,FL,ASO,ES,Federal Contract Tower,0,20,49,1,70,0,4,88,9,101,0,24,137,10,171,44,0,44,215
12/24/2009,OPF,FL,ASO,ES,Federal Contract Tower,0,17,22,4,43,0,0,53,4,57,0,17,75,8,100,48,0,48,148
12/25/2009,OPF,FL,ASO,ES,Federal Contract Tower,0,4,17,2,23,0,0,29,3,32,0,4,46,5,55,24,0,24,79
12/26/2009,OPF,FL,ASO,ES,Federal Contract Tower,0,20,83,0,103,0,0,97,10,107,0,20,180,10,210,32,22,54,264
12/27/2009,OPF,FL,ASO,ES,Federal Contract Tower,0,3,69,4,76,0,0,111,6,117,0,3,180,10,193,52,0,52,245
12/28/2009,OPF,FL,ASO,ES,Federal Contract Tower,0,23,78,3,104,0,0,85,9,94,0,23,163,12,198,50,0,50,248
12/29/2009,OPF,FL,ASO,ES,Federal Contract Tower,0,12,79,3,94,0,0,100,7,107,0,12,179,10,201,62,0,62,263
12/30/2009,OPF,FL,ASO,ES,Federal Contract Tower,0,18,83,3,104,0,1,118,6,125,0,19,201,9,229,120,6,126,355
12/31/2009,OPF,FL,ASO,ES,Federal Contract Tower,0,20,50,0,70,0,0,100,16,116,0,20,150,16,186,60,26,86,272
01/01/2010,OPF,FL,ASO,ES,Federal Contract Tower,0,10,38,0,48,0,0,26,8,34,0,10,64,8,82,56,2,58,140
01/02/2010,OPF,FL,ASO,ES,Federal Contract Tower,0,23,97,2,122,0,0,75,8,83,0,23,172,10,205,6,0,6,211
01/03/2010,OPF,FL,ASO,ES,Federal Contract Tower,0,32,156,1,189,0,1,85,6,92,0,33,241,7,281,22,6,28,309
01/04/2010,OPF,FL,ASO,ES,Federal Contract Tower,0,22,88,3,113,0,0,96,11,107,0,22,184,14,220,62,38,100,320
01/05/2010,OPF,FL,ASO,ES,Federal Contract Tower,0,25,65,1,91,0,0,93,2,95,0,25,158,3,186,58,0,58,244
01/06/2010,OPF,FL,ASO,ES,Federal Contract Tower,0,25,76,2,103,0,1,85,19,105,0,26,161,21,208,58,26,84,292
01/07/2010,OPF,FL,ASO,ES,Federal Contract Tower,2,10,74,4,90,0,1,81,13,95,2,11,155,17,185,100,2,102,287
01/08/2010,OPF,FL,ASO,ES,Federal Contract Tower,0,14,51,5,70,0,0,70,13,83,0,14,121,18,153,68,44,112,265
01/09/2010,OPF,FL,ASO,ES,Federal Contract Tower,0,8,45,0,53,0,0,3,1,4,0,8,48,1,57,0,0,0,57
01/10/2010,OPF,FL,ASO,ES,Federal Contract Tower,0,7,67,9,83,0,0,44,3,47,0,7,111,12,130,6,0,6,136
01/11/2010,OPF,FL,ASO,ES,Federal Contract Tower,0,11,63,2,76,0,3,81,7,91,0,14,144,9,167,38,0,38,205
01/12/2010,OPF,FL,ASO,ES,Federal Contract Tower,1,10,96,3,110,0,1,103,10,114,1,11,199,13,224,64,4,68,292
01/13/2010,OPF,FL,ASO,ES,Federal Contract Tower,0,7,68,6,81,0,0,90,8,98,0,7,158,14,179,64,0,64,243
01/14/2010,OPF,FL,ASO,ES,Federal Contract Tower,0,18,81,4,103,0,0,87,11,98,0,18,168,15,201,120,0,120,321
01/15/2010,OPF,FL,ASO,ES,Federal Contract Tower,0,12,88,6,106,0,0,100,11,111,0,12,188,17,217,82,2,84,301
01/16/2010,OPF,FL,ASO,ES,Federal Contract Tower,1,7,42,5,55,0,2,69,8,79,1,9,111,13,134,24,0,24,158
01/17/2010,OPF,FL,ASO,ES,Federal Contract Tower,1,2,74,8,85,0,1,32,3,36,1,3,106,11,121,4,0,4,125
01/18/2010,OPF,FL,ASO,ES,Federal Contract Tower,0,13,88,8,109,0,2,117,3,122,0,15,205,11,231,120,6,126,357
01/19/2010,OPF,FL,ASO,ES,Federal Contract Tower,0,9,67,19,95,0,1,93,7,101,0,10,160,26,196,96,8,104,300
01/20/2010,OPF,FL,ASO,ES,Federal Contract Tower,0,15,75,6,96,0,0,104,16,120,0,15,179,22,216,78,16,94,310
01/21/2010,OPF,FL,ASO,ES,Federal Contract Tower,0,24,79,13,116,0,0,83,13,96,0,24,162,26,212,22,0,22,234
01/22/2010,OPF,FL,ASO,ES,Federal Contract Tower,0,17,96,5,118,0,0,87,12,99,0,17,183,17,217,22,16,38,255
01/23/2010,OPF,FL,ASO,ES,Federal Contract Tower,0,7,93,12,112,0,2,99,6,107,0,9,192,18,219,94,8,102,321
01/24/2010,OPF,FL,ASO,ES,Federal Contract Tower,0,5,78,2,85,0,0,42,14,56,0,5,120,16,141,6,0,6,147
01/25/2010,OPF,FL,ASO,ES,Federal Contract Tower,0,19,68,9,96,0,2,37,17,56,0,21,105,26,152,68,0,68,220
01/26/2010,OPF,FL,ASO,ES,Federal Contract Tower,1,8,103,4,116,0,2,134,7,143,1,10,237,11,259,132,0,132,391
01/27/2010,OPF,FL,ASO,ES,Federal Contract Tower,1,12,86,11,110,0,0,149,250,399,1,12,235,261,509,126,48,174,683
01/28/2010,OPF,FL,ASO,ES,Federal Contract Tower,0,11,89,70,170,0,1,130,14,145,0,12,219,84,315,148,0,148,463
01/29/2010,OPF,FL,ASO,ES,Federal Contract Tower,0,10,104,9,123,0,0,119,7,126,0,10,223,16,249,58,0,58,307
01/30/2010,OPF,FL,ASO,ES,Federal Contract Tower,0,13,60,2,75,0,3,70,6,79,0,16,130,8,154,28,0,28,182
01/31/2010,OPF,FL,ASO,ES,Federal Contract Tower,0,15,90,8,113,0,0,27,5,32,0,15,117,13,145,30,0,30,175
02/01/2010,OPF,FL,ASO,ES,Federal Contract Tower,0,15,46,15,76,0,0,5,9,14,0,15,51,24,90,0,32,32,122
02/02/2010,OPF,FL,ASO,ES,Federal Contract Tower,0,12,67,3,82,0,0,83,9,92,0,12,150,12,174,22,0,22,196
02/03/2010,OPF,FL,ASO,ES,Federal Contract Tower,0,21,71,3,95,0,0,69,16,85,0,21,140,19,180,48,22,70,250
02/04/2010,OPF,FL,ASO,ES,Federal Contract Tower,0,14,97,6,117,0,1,109,12,122,0,15,206,18,239,36,0,36,275
02/05/2010,OPF,FL,ASO,ES,Federal Contract Tower,0,32,134,7,173,0,0,37,12,49,0,32,171,19,222,14,70,84,306
02/06/2010,OPF,FL,ASO,ES,Federal Contract Tower,2,11,94,3,110,0,0,79,5,84,2,11,173,8,194,2,0,2,196
02/07/2010,OPF,FL,ASO,ES,Federal Contract Tower,0,13,131,4,148,0,0,67,6,73,0,13,198,10,221,14,0,14,235
02/08/2010,OPF,FL,ASO,ES,Federal Contract Tower,0,57,220,10,287,0,1,97,12,110,0,58,317,22,397,14,0,14,411
02/09/2010,OPF,FL,ASO,ES,Federal Contract Tower,0,10,86,7,103,0,0,79,16,95,0,10,165,23,198,64,2,66,264
02/10/2010,OPF,FL,ASO,ES,Federal Contract Tower,0,15,86,2,103,0,2,96,17,115,0,17,182,19,218,22,8,30,248
02/11/2010,OPF,FL,ASO,ES,Federal Contract Tower,0,16,138,5,159,0,0,125,17,142,0,16,263,22,301,102,28,130,431
02/12/2010,OPF,FL,ASO,ES,Federal Contract Tower,0,13,102,8,123,0,2,83,13,98,0,15,185,21,221,82,2,84,305
02/13/2010,OPF,FL,ASO,ES,Federal Contract Tower,0,9,112,0,121,0,0,106,3,109,0,9,218,3,230,24,0,24,254
02/14/2010,OPF,FL,ASO,ES,Federal Contract Tower,0,12,116,2,130,0,1,88,4,93,0,13,204,6,223,10,6,16,239
02/15/2010,OPF,FL,ASO,ES,Federal Contract Tower,0,27,70,0,97,0,0,140,4,144,0,27,210,4,241,66,0,66,307
02/16/2010,OPF,FL,ASO,ES,Federal Contract Tower,0,10,100,3,113,0,2,100,8,110,0,12,200,11,223,44,0,44,267
02/17/2010,OPF,FL,ASO,ES,Federal Contract Tower,0,11,94,2,107,0,0,118,8,126,0,11,212,10,233,72,8,80,313
02/18/2010,OPF,FL,ASO,ES,Federal Contract Tower,0,16,98,10,124,0,0,96,8,104,0,16,194,18,228,114,0,114,342
02/19/2010,OPF,FL,ASO,ES,Federal Contract Tower,1,7,98,4,110,0,1,138,12,151,1,8,236,16,261,122,0,122,383
02/20/2010,OPF,FL,ASO,ES,Federal Contract Tower,0,7,53,7,67,0,1,174,6,181,0,8,227,13,248,86,0,86,334
02/21/2010,OPF,FL,ASO,ES,Federal Contract Tower,0,12,64,4,80,0,0,80,3,83,0,12,144,7,163,40,0,40,203
02/22/2010,OPF,FL,ASO,ES,Federal Contract Tower,0,12,54,5,71,0,0,24,10,34,0,12,78,15,105,0,0,0,105
02/23/2010,OPF,FL,ASO,ES,Federal Contract Tower,0,16,98,12,126,0,0,55,16,71,0,16,153,28,197,50,10,60,257
02/24/2010,OPF,FL,ASO,ES,Federal Contract Tower,0,17,71,6,94,0,0,42,19,61,0,17,113,25,155,32,6,38,193
02/25/2010,OPF,FL,ASO,ES,Federal Contract Tower,0,13,84,2,99,0,1,113,13,127,0,14,197,15,226,30,0,30,256
02/26/2010,OPF,FL,ASO,ES,Federal Contract Tower,0,13,79,3,95,0,0,140,17,157,0,13,219,20,252,126,0,126,378
02/27/2010,OPF,FL,ASO,ES,Federal Contract Tower,0,6,48,0,54,0,0,73,8,81,0,6,121,8,135,22,0,22,157
02/28/2010,OPF,FL,ASO,ES,Federal Contract Tower,1,7,99,2,109,0,0,108,7,115,1,7,207,9,224,12,0,12,236
03/01/2010,OPF,FL,ASO,ES,Federal Contract Tower,0,15,75,4,94,0,1,118,11,130,0,16,193,15,224,68,0,68,292
03/02/2010,OPF,FL,ASO,ES,Federal Contract Tower,0,11,48,7,66,0,1,42,8,51,0,12,90,15,117,10,0,10,127
03/03/2010,OPF,FL,ASO,ES,Federal Contract Tower,0,9,68,7,84,0,2,73,15,90,0,11,141,22,174,30,6,36,210
03/04/2010,OPF,FL,ASO,ES,Federal Contract Tower,0,14,87,8,109,0,1,145,12,158,0,15,232,20,267,72,32,104,371
03/05/2010,OPF,FL,ASO,ES,Federal Contract Tower,0,11,99,9,119,0,0,134,12,146,0,11,233,21,265,98,4,102,367
03/06/2010,OPF,FL,ASO,ES,Federal Contract Tower,0,1,57,4,62,0,1,114,8,123,0,2,171,12,185,42,0,42,227
03/07/2010,OPF,FL,ASO,ES,Federal Contract Tower,0,11,78,3,92,0,0,93,4,97,0,11,171,7,189,14,0,14,203
03/08/2010,OPF,FL,ASO,ES,Federal Contract Tower,0,16,80,3,99,0,1,132,19,152,0,17,212,22,251,84,0,84,335
03/09/2010,OPF,FL,ASO,ES,Federal Contract Tower,0,11,69,11,91,0,5,119,12,136,0,16,188,23,227,46,6,52,279
03/10/2010,OPF,FL,ASO,ES,Federal Contract Tower,0,15,62,1,78,0,0,68,15,83,0,15,130,16,161,106,4,110,271
03/11/2010,OPF,FL,ASO,ES,Federal Contract Tower,0,9,72,15,96,0,0,34,15,49,0,9,106,30,145,4,52,56,201
03/12/2010,OPF,FL,ASO,ES,Federal Contract Tower,0,17,52,21,90,0,0,12,4,16,0,17,64,25,106,0,22,22,128
03/13/2010,OPF,FL,ASO,ES,Federal Contract Tower,0,10,73,4,87,0,1,97,2,100,0,11,170,6,187,62,0,62,249
03/14/2010,OPF,FL,ASO,ES,Federal Contract Tower,0,9,97,4,110,0,1,109,3,113,0,10,206,7,223,46,0,46,269
03/15/2010,OPF,FL,ASO,ES,Federal Contract Tower,0,14,79,2,95,0,1,87,21,109,0,15,166,23,204,32,0,32,236
03/16/2010,OPF,FL,ASO,ES,Federal Contract Tower,0,17,69,2,88,0,1,110,10,121,0,18,179,12,209,118,12,130,339
03/17/2010,OPF,FL,ASO,ES,Federal Contract Tower,0,6,92,7,105,0,0,62,22,84,0,6,154,29,189,64,12,76,265
03/18/2010,OPF,FL,ASO,ES,Federal Contract Tower,0,9,77,5,91,0,0,122,23,145,0,9,199,28,236,60,66,126,362
03/19/2010,OPF,FL,ASO,ES,Federal Contract Tower,0,12,121,7,140,0,1,118,10,129,0,13,239,17,269,30,0,30,299
03/20/2010,OPF,FL,ASO,ES,Federal Contract Tower,0,7,79,1,87,0,0,144,6,150,0,7,223,7,237,46,0,46,283
03/21/2010,OPF,FL,ASO,ES,Federal Contract Tower,0,4,73,3,80,0,0,57,9,66,0,4,130,12,146,4,0,4,150
03/22/2010,OPF,FL,ASO,ES,Federal Contract Tower,0,12,72,8,92,0,3,65,7,75,0,15,137,15,167,58,0,58,225
03/23/2010,OPF,FL,ASO,ES,Federal Contract Tower,0,16,97,1,114,0,2,117,10,129,0,18,214,11,243,92,0,92,335
03/24/2010,OPF,FL,ASO,ES,Federal Contract Tower,0,17,74,5,96,0,2,124,12,138,0,19,198,17,234,42,0,42,276
03/25/2010,OPF,FL,ASO,ES,Federal Contract Tower,0,21,88,7,116,0,1,146,9,156,0,22,234,16,272,150,0,150,422
03/26/2010,OPF,FL,ASO,ES,Federal Contract Tower,0,17,73,10,100,0,0,48,16,64,0,17,121,26,164,0,10,10,174
03/27/2010,OPF,FL,ASO,ES,Federal Contract Tower,0,4,87,5,96,0,1,161,5,167,0,5,248,10,263,84,0,84,347
03/28/2010,OPF,FL,ASO,ES,Federal Contract Tower,0,19,60,4,83,0,0,39,8,47,0,19,99,12,130,20,0,20,150
03/29/2010,OPF,FL,ASO,ES,Federal Contract Tower,0,8,50,3,61,0,0,21,5,26,0,8,71,8,87,6,0,6,93
03/30/2010,OPF,FL,ASO,ES,Federal Contract Tower,0,11,64,6,81,0,0,97,16,113,0,11,161,22,194,86,34,120,314
03/31/2010,OPF,FL,ASO,ES,Federal Contract Tower,0,24,78,3,105,0,6,118,15,139,0,30,196,18,244,54,10,64,308
04/01/2010,OPF,FL,ASO,ES,Federal Contract Tower,0,18,93,3,114,0,0,121,15,136,0,18,214,18,250,74,0,74,324
04/02/2010,OPF,FL,ASO,ES,Federal Contract Tower,0,16,73,3,92,0,0,136,14,150,0,16,209,17,242,70,2,72,314
04/03/2010,OPF,FL,ASO,ES,Federal Contract Tower,0,13,64,2,79,0,0,138,10,148,0,13,202,12,227,62,0,62,289
04/04/2010,OPF,FL,ASO,ES,Federal Contract Tower,0,9,83,3,95,0,4,93,13,110,0,13,176,16,205,14,0,14,219
04/05/2010,OPF,FL,ASO,ES,Federal Contract Tower,0,11,102,8,121,0,2,149,14,165,0,13,251,22,286,160,52,212,498
04/06/2010,OPF,FL,ASO,ES,Federal Contract Tower,0,10,74,5,89,0,0,101,8,109,0,10,175,13,198,94,6,100,298
04/07/2010,OPF,FL,ASO,ES,Federal Contract Tower,0,14,54,2,70,0,1,111,21,133,0,15,165,23,203,82,8,90,293
04/08/2010,OPF,FL,ASO,ES,Federal Contract Tower,0,7,93,4,104,0,0,115,6,121,0,7,208,10,225,94,0,94,319
04/09/2010,OPF,FL,ASO,ES,Federal Contract Tower,0,10,63,4,77,0,0,99,12,111,0,10,162,16,188,74,8,82,270
04/10/2010,OPF,FL,ASO,ES,Federal Contract Tower,0,2,83,0,85,0,0,96,7,103,0,2,179,7,188,32,0,32,220
04/11/2010,OPF,FL,ASO,ES,Federal Contract Tower,0,9,102,2,113,0,0,39,8,47,0,9,141,10,160,8,2,10,170
04/12/2010,OPF,FL,ASO,ES,Federal Contract Tower,0,14,33,6,53,0,1,34,10,45,0,15,67,16,98,14,114,128,226
04/13/2010,OPF,FL,ASO,ES,Federal Contract Tower,0,10,61,1,72,0,1,51,14,66,0,11,112,15,138,78,40,118,256
04/14/2010,OPF,FL,ASO,ES,Federal Contract Tower,1,15,55,3,74,0,4,69,15,88,1,19,124,18,162,62,30,92,254
04/15/2010,OPF,FL,ASO,ES,Federal Contract Tower,0,5,58,2,65,0,1,59,13,73,0,6,117,15,138,66,14,80,218
04/16/2010,OPF,FL,ASO,ES,Federal Contract Tower,0,9,86,5,100,0,4,63,10,77,0,13,149,15,177,70,26,96,273
04/17/2010,OPF,FL,ASO,ES,Federal Contract Tower,0,7,54,4,65,0,2,60,6,68,0,9,114,10,133,50,2,52,185
04/18/2010,OPF,FL,ASO,ES,Federal Contract Tower,0,4,48,12,64,0,0,10,4,14,0,4,58,16,78,16,0,16,94
04/19/2010,OPF,FL,ASO,ES,Federal Contract Tower,0,12,75,8,95,0,0,40,13,53,0,12,115,21,148,50,36,86,234
04/20/2010,OPF,FL,ASO,ES,Federal Contract Tower,0,9,63,0,72,0,0,114,16,130,0,9,177,16,202,168,0,168,370
04/21/2010,OPF,FL,ASO,ES,Federal Contract Tower,0,16,86,7,109,0,7,102,11,120,0,23,188,18,229,154,10,164,393
04/22/2010,OPF,FL,ASO,ES,Federal Contract Tower,1,8,75,2,86,0,1,146,15,162,1,9,221,17,248,146,52,198,446
04/23/2010,OPF,FL,ASO,ES,Federal Contract Tower,0,14,61,2,77,0,1,142,10,153,0,15,203,12,230,144,0,144,374
04/24/2010,OPF,FL,ASO,ES,Federal Contract Tower,0,4,64,0,68,0,6,93,6,105,0,10,157,6,173,64,24,88,261
04/25/2010,OPF,FL,ASO,ES,Federal Contract Tower,0,8,57,1,66,0,0,47,8,55,0,8,104,9,121,6,0,6,127
04/26/2010,OPF,FL,ASO,ES,Federal Contract Tower,0,14,46,2,62,0,0,28,3,31,0,14,74,5,93,44,0,44,137
04/27/2010,OPF,FL,ASO,ES,Federal Contract Tower,0,8,62,6,76,0,1,104,18,123,0,9,166,24,199,94,16,110,309
04/28/2010,OPF,FL,ASO,ES,Federal Contract Tower,0,10,74,6,90,0,4,99,14,117,0,14,173,20,207,86,0,86,293
04/29/2010,OPF,FL,ASO,ES,Federal Contract Tower,0,10,68,2,80,0,2,102,20,124,0,12,170,22,204,102,0,102,306
04/30/2010,OPF,FL,ASO,ES,Federal Contract Tower,0,8,57,5,70,0,2,90,9,101,0,10,147,14,171,82,0,82,253
05/01/2010,OPF,FL,ASO,ES,Federal Contract Tower,0,2,51,4,57,0,0,82,8,90,0,2,133,12,147,108,0,108,255
05/02/2010,OPF,FL,ASO,ES,Federal Contract Tower,0,7,60,6,73,0,0,89,5,94,0,7,149,11,167,30,0,30,197
05/03/2010,OPF,FL,ASO,ES,Federal Contract Tower,0,20,90,6,116,0,0,73,18,91,0,20,163,24,207,40,2,42,249
05/04/2010,OPF,FL,ASO,ES,Federal Contract Tower,0,16,63,6,85,0,0,94,17,111,0,16,157,23,196,84,12,96,292
05/05/2010,OPF,FL,ASO,ES,Federal Contract Tower,0,12,93,0,105,0,1,102,7,110,0,13,195,7,215,132,2,134,349
05/06/2010,OPF,FL,ASO,ES,Federal Contract Tower,0,11,90,4,105,0,2,96,20,118,0,13,186,24,223,80,18,98,321
05/07/2010,OPF,FL,ASO,ES,Federal Contract Tower,0,15,76,4,95,0,2,106,19,127,0,17,182,23,222,48,6,54,276
05/08/2010,OPF,FL,ASO,ES,Federal Contract Tower,0,1,51,2,54,0,0,80,8,88,0,1,131,10,142,68,0,68,210
05/09/2010,OPF,FL,ASO,ES,Federal Contract Tower,0,5,50,1,56,0,0,50,6,56,0,5,100,7,112,0,0,0,112
05/10/2010,OPF,FL,ASO,ES,Federal Contract Tower,0,8,58,9,75,0,1,82,10,93,0,9,140,19,168,77,0,77,245
05/11/2010,OPF,FL,ASO,ES,Federal Contract Tower,0,8,41,7,56,0,0,65,9,74,0,8,106,16,130,88,4,92,222
05/12/2010,OPF,FL,ASO,ES,Federal Contract Tower,0,8,65,2,75,0,0,85,16,101,0,8,150,18,176,56,0,56,232
05/13/2010,OPF,FL,ASO,ES,Federal Contract Tower,0,18,62,2,82,0,0,116,10,126,0,18,178,12,208,44,0,44,252
05/14/2010,OPF,FL,ASO,ES,Federal Contract Tower,0,9,66,3,78,0,2,115,5,122,0,11,181,8,200,32,6,38,238
05/15/2010,OPF,FL,ASO,ES,Federal Contract Tower,0,11,62,1,74,0,4,78,8,90,0,15,140,9,164,76,0,76,240
05/16/2010,OPF,FL,ASO,ES,Federal Contract Tower,0,4,48,0,52,0,0,73,8,81,0,4,121,8,133,40,0,40,173
05/17/2010,OPF,FL,ASO,ES,Federal Contract Tower,0,11,55,3,69,0,0,53,8,61,0,11,108,11,130,68,2,70,200
05/18/2010,OPF,FL,ASO,ES,Federal Contract Tower,0,13,55,5,73,0,0,105,12,117,0,13,160,17,190,130,0,130,320
05/19/2010,OPF,FL,ASO,ES,Federal Contract Tower,0,13,71,2,86,0,0,115,28,143,0,13,186,30,229,134,10,144,373
05/20/2010,OPF,FL,ASO,ES,Federal Contract Tower,0,15,84,3,102,0,0,121,17,138,0,15,205,20,240,72,50,122,362
05/21/2010,OPF,FL,ASO,ES,Federal Contract Tower,0,16,60,11,87,0,2,130,20,152,0,18,190,31,239,130,4,134,373
05/22/2010,OPF,FL,ASO,ES,Federal Contract Tower,0,3,51,1,55,0,1,118,6,125,0,4,169,7,180,78,0,78,258
05/23/2010,OPF,FL,ASO,ES,Federal Contract Tower,0,4,55,7,66,0,3,80,14,97,0,7,135,21,163,26,0,26,189
05/24/2010,OPF,FL,ASO,ES,Federal Contract Tower,0,8,63,8,79,0,2,105,6,113,0,10,168,14,192,112,2,114,306
05/25/2010,OPF,FL,ASO,ES,Federal Contract Tower,0,14,69,3,86,0,0,120,12,132,0,14,189,15,218,132,6,138,356
05/26/2010,OPF,FL,ASO,ES,Federal Contract Tower,0,13,50,4,67,0,1,89,12,102,0,14,139,16,169,110,0,110,279
05/27/2010,OPF,FL,ASO,ES,Federal Contract Tower,0,12,71,3,86,0,2,115,12,129,0,14,186,15,215,100,6,106,321
05/28/2010,OPF,FL,ASO,ES,Federal Contract Tower,0,10,78,2,90,0,0,129,7,136,0,10,207,9,226,112,0,112,338
05/29/2010,OPF,FL,ASO,ES,Federal Contract Tower,0,2,49,1,52,0,1,106,4,111,0,3,155,5,163,102,2,104,267
05/30/2010,OPF,FL,ASO,ES,Federal Contract Tower,0,2,33,0,35,0,0,74,4,78,0,2,107,4,113,46,0,46,159
05/31/2010,OPF,FL,ASO,ES,Federal Contract Tower,0,4,67,0,71,0,0,103,8,111,0,4,170,8,182,68,0,68,250
06/01/2010,OPF,FL,ASO,ES,Federal Contract Tower,0,12,58,6,76,0,1,49,10,60,0,13,107,16,136,72,12,84,220
06/02/2010,OPF,FL,ASO,ES,Federal Contract Tower,0,7,50,2,59,0,1,84,13,98,0,8,134,15,157,100,0,100,257
06/03/2010,OPF,FL,ASO,ES,Federal Contract Tower,0,7,46,5,58,0,0,97,11,108,0,7,143,16,166,94,2,96,262
06/04/2010,OPF,FL,ASO,ES,Federal Contract Tower,0,12,48,7,67,0,0,89,10,99,0,12,137,17,166,84,0,84,250
06/05/2010,OPF,FL,ASO,ES,Federal Contract Tower,0,9,36,1,46,0,0,87,2,89,0,9,123,3,135,148,0,148,283
06/06/2010,OPF,FL,ASO,ES,Federal Contract Tower,0,5,50,5,60,0,0,104,5,109,0,5,154,10,169,68,0,68,237
06/07/2010,OPF,FL,ASO,ES,Federal Contract Tower,0,9,59,7,75,0,0,74,16,90,0,9,133,23,165,108,10,118,283
06/08/2010,OPF,FL,ASO,ES,Federal Contract Tower,0,12,50,3,65,0,0,90,9,99,0,12,140,12,164,84,6,90,254
06/09/2010,OPF,FL,ASO,ES,Federal Contract Tower,0,11,68,4,83,0,0,106,10,116,0,11,174,14,199,90,2,92,291
06/10/2010,OPF,FL,ASO,ES,Federal Contract Tower,0,8,76,1,85,0,1,128,16,145,0,9,204,17,230,100,8,108,338
06/11/2010,OPF,FL,ASO,ES,Federal Contract Tower,0,12,87,2,101,0,1,101,6,108,0,13,188,8,209,62,0,62,271
06/12/2010,OPF,FL,ASO,ES,Federal Contract Tower,0,4,49,0,53,0,0,107,4,111,0,4,156,4,164,110,1,111,275
06/13/2010,OPF,FL,ASO,ES,Federal Contract Tower,4,14,49,1,68,0,0,145,8,153,4,14,194,9,221,64,0,64,285
06/14/2010,OPF,FL,ASO,ES,Federal Contract Tower,0,6,63,3,72,0,0,80,11,91,0,6,143,14,163,46,0,46,209
06/15/2010,OPF,FL,ASO,ES,Federal Contract Tower,0,10,67,4,81,0,0,76,2,78,0,10,143,6,159,74,0,74,233
06/16/2010,OPF,FL,ASO,ES,Federal Contract Tower,0,9,73,2,84,0,3,119,12,134,0,12,192,14,218,122,2,124,342
06/17/2010,OPF,FL,ASO,ES,Federal Contract Tower,0,8,65,5,78,0,5,130,5,140,0,13,195,10,218,72,0,72,290
06/18/2010,OPF,FL,ASO,ES,Federal Contract Tower,0,4,52,1,57,0,1,87,13,101,0,5,139,14,158,78,20,98,256
06/19/2010,OPF,FL,ASO,ES,Federal Contract Tower,0,2,50,5,57,0,0,103,5,108,0,2,153,10,165,92,0,92,257
06/20/2010,OPF,FL,ASO,ES,Federal Contract Tower,2,2,34,0,38,0,0,63,5,68,2,2,97,5,106,8,0,8,114
06/21/2010,OPF,FL,ASO,ES,Federal Contract Tower,0,9,52,2,63,0,1,95,11,107,0,10,147,13,170,78,0,78,248
06/22/2010,OPF,FL,ASO,ES,Federal Contract Tower,0,11,47,0,58,0,1,86,11,98,0,12,133,11,156,84,8,92,248
06/23/2010,OPF,FL,ASO,ES,Federal Contract Tower,0,7,55,5,67,0,1,85,10,96,0,8,140,15,163,42,0,42,205
06/24/2010,OPF,FL,ASO,ES,Federal Contract Tower,0,10,74,3,87,0,6,129,8,143,0,16,203,11,230,106,2,108,338
06/25/2010,OPF,FL,ASO,ES,Federal Contract Tower,0,15,72,4,91,0,1,125,13,139,0,16,197,17,230,64,4,68,298
06/26/2010,OPF,FL,ASO,ES,Federal Contract Tower,0,1,32,0,33,0,1,69,6,76,0,2,101,6,109,62,0,62,171
06/27/2010,OPF,FL,ASO,ES,Federal Contract Tower,0,3,45,2,50,0,0,76,2,78,0,3,121,4,128,26,0,26,154
06/28/2010,OPF,FL,ASO,ES,Federal Contract Tower,0,15,51,4,70,0,5,76,11,92,0,20,127,15,162,88,0,88,250
06/29/2010,OPF,FL,ASO,ES,Federal Contract Tower,0,9,52,1,62,0,2,90,13,105,0,11,142,14,167,64,0,64,231
06/30/2010,OPF,FL,ASO,ES,Federal Contract Tower,0,9,52,4,65,0,3,88,15,106,0,12,140,19,171,84,0,84,255
07/01/2010,OPF,FL,ASO,ES,Federal Contract Tower,0,7,69,4,80,0,3,143,9,155,0,10,212,13,235,84,2,86,321
07/02/2010,OPF,FL,ASO,ES,Federal Contract Tower,0,11,67,2,80,0,3,103,15,121,0,14,170,17,201,80,12,92,293
07/03/2010,OPF,FL,ASO,ES,Federal Contract Tower,0,5,45,2,52,0,1,59,12,72,0,6,104,14,124,34,0,34,158
07/04/2010,OPF,FL,ASO,ES,Federal Contract Tower,0,1,23,0,24,0,2,31,5,38,0,3,54,5,62,6,0,6,68
07/05/2010,OPF,FL,ASO,ES,Federal Contract Tower,0,4,72,3,79,0,1,68,9,78,0,5,140,12,157,30,2,32,189
07/06/2010,OPF,FL,ASO,ES,Federal Contract Tower,0,8,49,5,62,0,2,87,11,100,0,10,136,16,162,100,0,100,262
07/07/2010,OPF,FL,ASO,ES,Federal Contract Tower,0,12,60,9,81,0,1,117,8,126,0,13,177,17,207,90,0,90,297
07/08/2010,OPF,FL,ASO,ES,Federal Contract Tower,1,7,41,6,55,0,2,123,8,133,1,9,164,14,188,106,6,112,300
07/09/2010,OPF,FL,ASO,ES,Federal Contract Tower,0,8,53,2,63,0,1,126,0,127,0,9,179,2,190,56,0,56,246
07/10/2010,OPF,FL,ASO,ES,Federal Contract Tower,0,7,44,0,51,0,4,118,6,128,0,11,162,6,179,68,0,68,247
07/11/2010,OPF,FL,ASO,ES,Federal Contract Tower,0,8,45,4,57,0,0,79,8,87,0,8,124,12,144,48,0,48,192
07/12/2010,OPF,FL,ASO,ES,Federal Contract Tower,0,8,63,8,79,0,1,79,6,86,0,9,142,14,165,60,0,60,225
07/13/2010,OPF,FL,ASO,ES,Federal Contract Tower,0,10,45,3,58,0,0,86,9,95,0,10,131,12,153,92,0,92,245
07/14/2010,OPF,FL,ASO,ES,Federal Contract Tower,0,9,53,2,64,0,2,87,25,114,0,11,140,27,178,78,0,78,256
07/15/2010,OPF,FL,ASO,ES,Federal Contract Tower,0,6,75,2,83,0,3,108,16,127,0,9,183,18,210,48,10,58,268
07/16/2010,OPF,FL,ASO,ES,Federal Contract Tower,0,5,73,6,84,0,1,104,8,113,0,6,177,14,197,72,24,96,293
07/17/2010,OPF,FL,ASO,ES,Federal Contract Tower,0,4,40,1,45,0,2,110,8,120,0,6,150,9,165,62,0,62,227
07/18/2010,OPF,FL,ASO,ES,Federal Contract Tower,0,5,43,2,50,0,0,49,3,52,0,5,92,5,102,56,0,56,158
07/19/2010,OPF,FL,ASO,ES,Federal Contract Tower,1,5,50,5,61,0,2,75,13,90,1,7,125,18,151,72,14,86,237
07/20/2010,OPF,FL,ASO,ES,Federal Contract Tower,2,9,48,5,64,0,3,70,4,77,2,12,118,9,141,80,0,80,221
07/21/2010,OPF,FL,ASO,ES,Federal Contract Tower,0,10,63,3,76,0,0,93,14,107,0,10,156,17,183,74,12,86,269
07/22/2010,OPF,FL,ASO,ES,Federal Contract Tower,0,12,51,2,65,0,0,96,13,109,0,12,147,15,174,60,0,60,234
07/23/2010,OPF,FL,ASO,ES,Federal Contract Tower,0,10,33,1,44,0,1,18,3,22,0,11,51,4,66,4,0,4,70
07/24/2010,OPF,FL,ASO,ES,Federal Contract Tower,0,2,45,2,49,0,0,85,2,87,0,2,130,4,136,108,0,108,244
07/25/2010,OPF,FL,ASO,ES,Federal Contract Tower,0,6,28,2,36,0,1,48,3,52,0,7,76,5,88,42,0,42,130
07/26/2010,OPF,FL,ASO,ES,Federal Contract Tower,0,6,36,9,51,0,1,74,16,91,0,7,110,25,142,74,4,78,220
07/27/2010,OPF,FL,ASO,ES,Federal Contract Tower,0,8,50,1,59,0,2,80,11,93,0,10,130,12,152,100,0,100,252
07/28/2010,OPF,FL,ASO,ES,Federal Contract Tower,0,8,56,2,66,0,1,75,13,89,0,9,131,15,155,30,0,30,185
07/29/2010,OPF,FL,ASO,ES,Federal Contract Tower,0,11,54,6,71,0,2,102,12,116,0,13,156,18,187,32,0,32,219
07/30/2010,OPF,FL,ASO,ES,Federal Contract Tower,0,17,56,7,80,0,5,109,10,124,0,22,165,17,204,62,0,62,266
07/31/2010,OPF,FL,ASO,ES,Federal Contract Tower,0,1,54,0,55,0,4,97,3,104,0,5,151,3,159,112,0,112,271
08/01/2010,OPF,FL,ASO,ES,Federal Contract Tower,0,3,62,2,67,0,0,89,1,90,0,3,151,3,157,500,0,500,657
08/02/2010,OPF,FL,ASO,ES,Federal Contract Tower,0,4,40,5,49,0,1,78,9,88,0,5,118,14,137,80,14,94,231
08/03/2010,OPF,FL,ASO,ES,Federal Contract Tower,0,6,45,5,56,0,4,93,13,110,0,10,138,18,166,60,4,64,230
08/04/2010,OPF,FL,ASO,ES,Federal Contract Tower,0,5,45,8,58,0,1,83,13,97,0,6,128,21,155,76,0,76,231
08/05/2010,OPF,FL,ASO,ES,Federal Contract Tower,0,6,60,5,71,0,1,94,12,107,0,7,154,17,178,112,2,114,292
08/06/2010,OPF,FL,ASO,ES,Federal Contract Tower,0,8,48,4,60,0,2,92,7,101,0,10,140,11,161,52,4,56,217
08/07/2010,OPF,FL,ASO,ES,Federal Contract Tower,0,0,45,0,45,0,7,87,3,97,0,7,132,3,142,96,0,96,238
08/08/2010,OPF,FL,ASO,ES,Federal Contract Tower,0,1,40,3,44,0,0,47,3,50,0,1,87,6,94,30,0,30,124
08/09/2010,OPF,FL,ASO,ES,Federal Contract Tower,0,4,66,2,72,0,1,52,12,65,0,5,118,14,137,26,14,40,177
08/10/2010,OPF,FL,ASO,ES,Federal Contract Tower,0,15,38,2,55,0,1,26,9,36,0,16,64,11,91,0,0,0,91
08/11/2010,OPF,FL,ASO,ES,Federal Contract Tower,0,7,61,5,73,0,4,113,17,134,0,11,174,22,207,136,8,144,351
08/12/2010,OPF,FL,ASO,ES,Federal Contract Tower,0,12,67,16,95,0,0,0,0,0,0,12,67,16,95,148,0,148,243
08/13/2010,OPF,FL,ASO,ES,Federal Contract Tower,0,7,60,7,74,0,2,114,13,129,0,9,174,20,203,106,12,118,321
08/14/2010,OPF,FL,ASO,ES,Federal Contract Tower,0,5,37,5,47,0,1,112,7,120,0,6,149,12,167,142,0,142,309
08/15/2010,OPF,FL,ASO,ES,Federal Contract Tower,0,3,47,2,52,0,0,60,2,62,0,3,107,4,114,52,0,52,166
08/16/2010,OPF,FL,ASO,ES,Federal Contract Tower,0,7,65,2,74,0,0,82,7,89,0,7,147,9,163,54,10,64,227
08/17/2010,OPF,FL,ASO,ES,Federal Contract Tower,0,9,51,12,72,0,1,94,10,105,0,10,145,22,177,86,16,102,279
08/18/2010,OPF,FL,ASO,ES,Federal Contract Tower,0,5,58,9,72,0,2,102,10,114,0,7,160,19,186,56,0,56,242
08/19/2010,OPF,FL,ASO,ES,Federal Contract Tower,0,5,47,8,60,0,2,111,10,123,0,7,158,18,183,156,0,156,339
08/20/2010,OPF,FL,ASO,ES,Federal Contract Tower,0,6,57,2,65,0,1,95,10,106,0,7,152,12,171,72,0,72,243
08/21/2010,OPF,FL,ASO,ES,Federal Contract Tower,0,8,51,3,62,0,1,81,1,83,0,9,132,4,145,88,0,88,233
08/22/2010,OPF,FL,ASO,ES,Federal Contract Tower,0,6,52,7,65,0,3,54,4,61,0,9,106,11,126,38,0,38,164
08/23/2010,OPF,FL,ASO,ES,Federal Contract Tower,0,7,51,4,62,0,1,52,1,54,0,8,103,5,116,20,0,20,136
08/24/2010,OPF,FL,ASO,ES,Federal Contract Tower,0,10,66,2,78,0,2,89,12,103,0,12,155,14,181,54,34,88,269
08/25/2010,OPF,FL,ASO,ES,Federal Contract Tower,0,5,55,3,63,0,1,83,10,94,0,6,138,13,157,84,0,84,241
08/26/2010,OPF,FL,ASO,ES,Federal Contract Tower,0,10,71,7,88,0,2,70,13,85,0,12,141,20,173,60,2,62,235
08/27/2010,OPF,FL,ASO,ES,Federal Contract Tower,0,5,59,3,67,0,3,102,9,114,0,8,161,12,181,32,0,32,213
08/28/2010,OPF,FL,ASO,ES,Federal Contract Tower,0,10,50,5,65,0,4,87,7,98,0,14,137,12,163,50,0,50,213
08/29/2010,OPF,FL,ASO,ES,Federal Contract Tower,0,6,36,2,44,0,0,51,2,53,0,6,87,4,97,32,0,32,129
08/30/2010,OPF,FL,ASO,ES,Federal Contract Tower,0,10,64,7,81,0,2,46,9,57,0,12,110,16,138,40,0,40,178
08/31/2010,OPF,FL,ASO,ES,Federal Contract Tower,0,11,53,1,65,0,4,85,12,101,0,15,138,13,166,100,2,102,268
09/01/2010,OPF,FL,ASO,ES,Federal Contract Tower,0,6,65,4,75,0,0,68,10,78,0,6,133,14,153,40,4,44,197
09/02/2010,OPF,FL,ASO,ES,Federal Contract Tower,0,6,68,1,75,0,3,106,26,135,0,9,174,27,210,80,8,88,298
09/03/2010,OPF,FL,ASO,ES,Federal Contract Tower,0,8,82,3,93,0,2,114,12,128,0,10,196,15,221,72,10,82,303
09/04/2010,OPF,FL,ASO,ES,Federal Contract Tower,0,1,39,7,47,0,1,105,2,108,0,2,144,9,155,84,0,84,239
09/05/2010,OPF,FL,ASO,ES,Federal Contract Tower,0,0,28,3,31,0,2,75,5,82,0,2,103,8,113,64,4,68,181
09/06/2010,OPF,FL,ASO,ES,Federal Contract Tower,0,2,69,2,73,0,0,85,2,87,0,2,154,4,160,56,0,56,216
09/07/2010,OPF,FL,ASO,ES,Federal Contract Tower,0,5,58,5,68,0,3,117,15,135,0,8,175,20,203,94,20,114,317
09/08/2010,OPF,FL,ASO,ES,Federal Contract Tower,0,9,62,3,74,0,3,100,16,119,0,12,162,19,193,100,0,100,293
09/09/2010,OPF,FL,ASO,ES,Federal Contract Tower,0,3,43,2,48,0,4,113,12,129,0,7,156,14,177,72,0,72,249
09/10/2010,OPF,FL,ASO,ES,Federal Contract Tower,0,6,54,4,64,0,3,89,11,103,0,9,143,15,167,58,0,58,225
09/11/2010,OPF,FL,ASO,ES,Federal Contract Tower,0,2,38,2,42,0,0,106,10,116,0,2,144,12,158,58,0,58,216
09/12/2010,OPF,FL,ASO,ES,Federal Contract Tower,0,4,48,3,55,0,1,71,8,80,0,5,119,11,135,40,0,40,175
09/13/2010,OPF,FL,ASO,ES,Federal Contract Tower,0,6,66,6,78,0,4,93,4,101,0,10,159,10,179,100,0,100,279
09/14/2010,OPF,FL,ASO,ES,Federal Contract Tower,0,8,64,11,83,0,0,58,18,76,0,8,122,29,159,26,2,28,187
09/15/2010,OPF,FL,ASO,ES,Federal Contract Tower,0,9,78,1,88,0,3,107,5,115,0,12,185,6,203,120,0,120,323
09/16/2010,OPF,FL,ASO,ES,Federal Contract Tower,0,7,50,3,60,0,2,94,6,102,0,9,144,9,162,114,0,114,276
09/17/2010,OPF,FL,ASO,ES,Federal Contract Tower,0,6,57,4,67,0,1,108,8,117,0,7,165,12,184,152,2,154,338
09/18/2010,OPF,FL,ASO,ES,Federal Contract Tower,0,0,53,3,56,0,4,118,0,122,0,4,171,3,178,82,0,82,260
09/19/2010,OPF,FL,ASO,ES,Federal Contract Tower,0,3,51,0,54,0,3,94,3,100,0,6,145,3,154,56,30,86,240
09/20/2010,OPF,FL,ASO,ES,Federal Contract Tower,0,5,60,11,76,0,1,88,33,122,0,6,148,44,198,90,12,102,300
09/21/2010,OPF,FL,ASO,ES,Federal Contract Tower,0,8,73,4,85,0,1,112,17,130,0,9,185,21,215,154,8,162,377
09/22/2010,OPF,FL,ASO,ES,Federal Contract Tower,0,7,77,5,89,0,2,84,16,102,0,9,161,21,191,156,18,174,365
09/23/2010,OPF,FL,ASO,ES,Federal Contract Tower,0,6,76,5,87,0,2,41,11,54,0,8,117,16,141,132,22,154,295
09/24/2010,OPF,FL,ASO,ES,Federal Contract Tower,0,8,69,5,82,0,1,82,14,97,0,9,151,19,179,56,6,62,241
09/25/2010,OPF,FL,ASO,ES,Federal Contract Tower,0,2,53,2,57,0,1,70,1,72,0,3,123,3,129,102,0,102,231
09/26/2010,OPF,FL,ASO,ES,Federal Contract Tower,1,3,6,0,10,0,1,12,1,14,1,4,18,1,24,26,0,26,50
09/27/2010,OPF,FL,ASO,ES,Federal Contract Tower,0,5,59,10,74,0,1,92,16,109,0,6,151,26,183,144,18,162,345
09/28/2010,OPF,FL,ASO,ES,Federal Contract Tower,0,8,71,1,80,0,1,74,6,81,0,9,145,7,161,134,0,134,295
09/29/2010,OPF,FL,ASO,ES,Federal Contract Tower,0,6,34,2,42,0,0,3,2,5,0,6,37,4,47,8,0,8,55
09/30/2010,OPF,FL,ASO,ES,Federal Contract Tower,1,7,89,3,100,0,2,99,12,113,1,9,188,15,213,114,4,118,331
10/01/2010,OPF,FL,ASO,ES,Federal Contract Tower,1,5,66,6,78,0,3,141,10,154,1,8,207,16,232,160,0,160,392
10/02/2010,OPF,FL,ASO,ES,Federal Contract Tower,0,1,62,2,65,0,1,138,3,142,0,2,200,5,207,124,0,124,331
10/03/2010,OPF,FL,ASO,ES,Federal Contract Tower,0,5,63,3,71,0,2,102,6,110,0,7,165,9,181,66,0,66,247
10/04/2010,OPF,FL,ASO,ES,Federal Contract Tower,0,16,78,1,95,0,4,92,4,100,0,20,170,5,195,150,0,150,345
10/05/2010,OPF,FL,ASO,ES,Federal Contract Tower,0,6,67,16,89,0,1,89,9,99,0,7,156,25,188,44,0,44,232
10/06/2010,OPF,FL,ASO,ES,Federal Contract Tower,0,8,53,5,66,0,3,84,8,95,0,11,137,13,161,56,0,56,217
10/07/2010,OPF,FL,ASO,ES,Federal Contract Tower,0,9,81,3,93,0,3,119,16,138,0,12,200,19,231,136,10,146,377
10/08/2010,OPF,FL,ASO,ES,Federal Contract Tower,0,15,89,10,114,0,3,134,9,146,0,18,223,19,260,188,24,212,472
10/09/2010,OPF,FL,ASO,ES,Federal Contract Tower,0,6,39,1,46,0,0,125,10,135,0,6,164,11,181,130,2,132,313
10/10/2010,OPF,FL,ASO,ES,Federal Contract Tower,0,7,75,4,86,0,1,100,6,107,0,8,175,10,193,62,0,62,255
10/11/2010,OPF,FL,ASO,ES,Federal Contract Tower,1,6,104,1,112,0,0,86,5,91,1,6,190,6,203,84,0,84,287
10/12/2010,OPF,FL,ASO,ES,Federal Contract Tower,0,6,79,8,93,0,5,98,25,128,0,11,177,33,221,132,12,144,365
10/13/2010,OPF,FL,ASO,ES,Federal Contract Tower,0,10,87,3,100,0,1,84,12,97,0,11,171,15,197,150,26,176,373
10/14/2010,OPF,FL,ASO,ES,Federal Contract Tower,0,10,89,9,108,0,3,105,14,122,0,13,194,23,230,172,10,182,412
10/15/2010,OPF,FL,ASO,ES,Federal Contract Tower,1,6,81,10,98,0,2,126,9,137,1,8,207,19,235,118,0,118,353
10/16/2010,OPF,FL,ASO,ES,Federal Contract Tower,1,1,51,0,53,0,3,102,6,111,1,4,153,6,164,122,0,122,286
10/17/2010,OPF,FL,ASO,ES,Federal Contract Tower,0,3,74,3,80,0,1,72,7,80,0,4,146,10,160,12,0,12,172
10/18/2010,OPF,FL,ASO,ES,Federal Contract Tower,0,8,73,8,89,0,2,85,20,107,0,10,158,28,196,92,16,108,304
10/19/2010,OPF,FL,ASO,ES,Federal Contract Tower,0,12,59,10,81,0,2,117,21,140,0,14,176,31,221,220,22,242,463
10/20/2010,OPF,FL,ASO,ES,Federal Contract Tower,0,11,86,5,102,0,1,128,6,135,0,12,214,11,237,198,10,208,445
10/21/2010,OPF,FL,ASO,ES,Federal Contract Tower,0,11,85,5,101,0,2,115,9,126,0,13,200,14,227,166,2,168,395
10/22/2010,OPF,FL,ASO,ES,Federal Contract Tower,0,3,80,1,84,0,2,133,8,143,0,5,213,9,227,200,6,206,433
10/23/2010,OPF,FL,ASO,ES,Federal Contract Tower,0,5,52,3,60,0,0,100,6,106,0,5,152,9,166,102,0,102,268
10/24/2010,OPF,FL,ASO,ES,Federal Contract Tower,0,6,78,3,87,0,0,49,2,51,0,6,127,5,138,52,0,52,190
10/25/2010,OPF,FL,ASO,ES,Federal Contract Tower,1,10,64,4,79,0,2,88,8,98,1,12,152,12,177,116,14,130,307
10/26/2010,OPF,FL,ASO,ES,Federal Contract Tower,0,5,74,3,82,0,1,88,13,102,0,6,162,16,184,88,2,90,274
10/27/2010,OPF,FL,ASO,ES,Federal Contract Tower,0,6,55,1,62,0,3,152,11,166,0,9,207,12,228,144,16,160,388
10/28/2010,OPF,FL,ASO,ES,Federal Contract Tower,0,4,76,7,87,0,3,102,6,111,0,7,178,13,198,156,2,158,356
10/29/2010,OPF,FL,ASO,ES,Federal Contract Tower,0,7,70,3,80,0,3,119,7,129,0,10,189,10,209,182,4,186,395
10/30/2010,OPF,FL,ASO,ES,Federal Contract Tower,0,3,58,0,61,0,0,72,6,78,0,3,130,6,139,148,0,148,287
10/31/2010,OPF,FL,ASO,ES,Federal Contract Tower,0,3,57,4,64,0,1,57,2,60,0,4,114,6,124,36,2,38,162
11/01/2010,OPF,FL,ASO,ES,Federal Contract Tower,0,10,66,5,81,0,0,42,8,50,0,10,108,13,131,58,2,60,191
11/02/2010,OPF,FL,ASO,ES,Federal Contract Tower,0,9,68,1,78,0,0,122,14,136,0,9,190,15,214,136,6,142,356
11/03/2010,OPF,FL,ASO,ES,Federal Contract Tower,0,13,59,5,77,0,0,33,5,38,0,13,92,10,115,52,8,60,175
11/04/2010,OPF,FL,ASO,ES,Federal Contract Tower,0,14,71,3,88,0,1,85,11,97,0,15,156,14,185,138,4,142,327
11/05/2010,OPF,FL,ASO,ES,Federal Contract Tower,0,12,69,3,84,0,5,111,19,135,0,17,180,22,219,34,32,66,285
11/06/2010,OPF,FL,ASO,ES,Federal Contract Tower,0,4,50,4,58,0,0,112,3,115,0,4,162,7,173,54,0,54,227
11/07/2010,OPF,FL,ASO,ES,Federal Contract Tower,1,1,93,4,99,0,3,94,3,100,1,4,187,7,199,40,0,40,239
11/08/2010,OPF,FL,ASO,ES,Federal Contract Tower,2,11,76,9,98,0,4,114,10,128,2,15,190,19,226,114,0,114,340
11/09/2010,OPF,FL,ASO,ES,Federal Contract Tower,0,9,56,5,70,0,4,120,16,140,0,13,176,21,210,120,6,126,336
11/10/2010,OPF,FL,ASO,ES,Federal Contract Tower,0,11,78,9,98,0,5,134,7,146,0,16,212,16,244,164,8,172,416
11/11/2010,OPF,FL,ASO,ES,Federal Contract Tower,0,14,100,2,116,0,1,133,4,138,0,15,233,6,254,128,0,128,382
11/12/2010,OPF,FL,ASO,ES,Federal Contract Tower,0,7,104,6,117,0,2,128,8,138,0,9,232,14,255,162,8,170,425
11/13/2010,OPF,FL,ASO,ES,Federal Contract Tower,0,4,75,7,86,0,0,139,8,147,0,4,214,15,233,78,6,84,317
11/14/2010,OPF,FL,ASO,ES,Federal Contract Tower,0,17,71,4,92,0,5,86,9,100,0,22,157,13,192,40,2,42,234
11/15/2010,OPF,FL,ASO,ES,Federal Contract Tower,0,11,69,8,88,0,5,108,13,126,0,16,177,21,214,118,4,122,336
11/16/2010,OPF,FL,ASO,ES,Federal Contract Tower,0,5,60,1,66,0,4,113,9,126,0,9,173,10,192,204,0,204,396
11/17/2010,OPF,FL,ASO,ES,Federal Contract Tower,0,6,70,5,81,0,1,117,8,126,0,7,187,13,207,252,6,258,465
11/18/2010,OPF,FL,ASO,ES,Federal Contract Tower,0,9,104,2,115,0,1,98,14,113,0,10,202,16,228,174,6,180,408
11/19/2010,OPF,FL,ASO,ES,Federal Contract Tower,0,15,78,10,103,0,1,146,7,154,0,16,224,17,257,126,0,126,383
11/20/2010,OPF,FL,ASO,ES,Federal Contract Tower,0,11,71,4,86,0,2,123,4,129,0,13,194,8,215,82,2,84,299
11/21/2010,OPF,FL,ASO,ES,Federal Contract Tower,0,13,58,3,74,0,2,64,2,68,0,15,122,5,142,34,2,36,178
11/22/2010,OPF,FL,ASO,ES,Federal Contract Tower,0,10,73,5,88,0,2,75,14,91,0,12,148,19,179,112,12,124,303
11/23/2010,OPF,FL,ASO,ES,Federal Contract Tower,0,7,80,6,93,0,2,122,14,138,0,9,202,20,231,136,0,136,367
11/24/2010,OPF,FL,ASO,ES,Federal Contract Tower,0,14,84,1,99,0,4,143,16,163,0,18,227,17,262,137,8,145,407
11/25/2010,OPF,FL,ASO,ES,Federal Contract Tower,0,6,28,2,36,0,1,60,1,62,0,7,88,3,98,40,0,40,138
11/26/2010,OPF,FL,ASO,ES,Federal Contract Tower,0,10,53,5,68,0,2,72,4,78,0,12,125,9,146,28,0,28,174
11/27/2010,OPF,FL,ASO,ES,Federal Contract Tower,0,10,68,2,80,0,1,90,4,95,0,11,158,6,175,116,0,116,291
11/28/2010,OPF,FL,ASO,ES,Federal Contract Tower,0,11,101,1,113,0,4,93,6,103,0,15,194,7,216,68,0,68,284
11/29/2010,OPF,FL,ASO,ES,Federal Contract Tower,0,14,80,7,101,0,4,116,9,129,0,18,196,16,230,160,18,178,408
11/30/2010,OPF,FL,ASO,ES,Federal Contract Tower,0,8,82,8,98,0,2,82,20,104,0,10,164,28,202,44,6,50,252
12/01/2010,OPF,FL,ASO,ES,Federal Contract Tower,0,12,94,5,111,0,4,90,11,105,0,16,184,16,216,116,4,120,336
12/02/2010,OPF,FL,ASO,ES,Federal Contract Tower,0,10,109,4,123,0,1,102,12,115,0,11,211,16,238,78,22,100,338
12/03/2010,OPF,FL,ASO,ES,Federal Contract Tower,0,10,84,6,100,0,3,128,22,153,0,13,212,28,253,74,36,110,363
12/04/2010,OPF,FL,ASO,ES,Federal Contract Tower,0,5,69,3,77,0,0,117,15,132,0,5,186,18,209,82,0,82,291
12/05/2010,OPF,FL,ASO,ES,Federal Contract Tower,2,13,102,3,120,0,1,96,8,105,2,14,198,11,225,48,0,48,273
12/06/2010,OPF,FL,ASO,ES,Federal Contract Tower,0,7,86,3,96,0,2,101,17,120,0,9,187,20,216,68,20,88,304
12/07/2010,OPF,FL,ASO,ES,Federal Contract Tower,0,10,91,2,103,0,4,104,29,137,0,14,195,31,240,58,8,66,306
12/08/2010,OPF,FL,ASO,ES,Federal Contract Tower,0,9,83,11,103,0,2,121,11,134,0,11,204,22,237,192,14,206,443
12/09/2010,OPF,FL,ASO,ES,Federal Contract Tower,0,16,81,11,108,0,1,107,16,124,0,17,188,27,232,102,16,118,350
12/10/2010,OPF,FL,ASO,ES,Federal Contract Tower,0,6,76,12,94,0,5,142,16,163,0,11,218,28,257,166,36,202,459
12/11/2010,OPF,FL,ASO,ES,Federal Contract Tower,0,1,56,0,57,0,0,120,7,127,0,1,176,7,184,106,0,106,290
12/12/2010,OPF,FL,ASO,ES,Federal Contract Tower,0,4,52,2,58,0,0,55,2,57,0,4,107,4,115,18,0,18,133
12/13/2010,OPF,FL,ASO,ES,Federal Contract Tower,0,10,84,8,102,0,3,61,9,73,0,13,145,17,175,43,6,49,224
12/14/2010,OPF,FL,ASO,ES,Federal Contract Tower,0,21,70,4,95,0,4,108,20,132,0,25,178,24,227,74,12,86,313
12/15/2010,OPF,FL,ASO,ES,Federal Contract Tower,0,9,100,7,116,0,2,118,5,125,0,11,218,12,241,84,0,84,325
12/16/2010,OPF,FL,ASO,ES,Federal Contract Tower,0,13,95,4,112,0,2,123,9,134,0,15,218,13,246,90,8,98,344
12/17/2010,OPF,FL,ASO,ES,Federal Contract Tower,0,11,81,1,93,0,5,150,2,157,0,16,231,3,250,140,0,140,390
12/18/2010,OPF,FL,ASO,ES,Federal Contract Tower,0,2,73,5,80,0,1,58,3,62,0,3,131,8,142,8,0,8,150
12/19/2010,OPF,FL,ASO,ES,Federal Contract Tower,0,5,108,1,114,0,0,57,3,60,0,5,165,4,174,52,0,52,226
12/20/2010,OPF,FL,ASO,ES,Federal Contract Tower,0,11,83,8,102,0,7,95,6,108,0,18,178,14,210,80,2,82,292
12/21/2010,OPF,FL,ASO,ES,Federal Contract Tower,0,14,79,6,99,0,4,114,9,127,0,18,193,15,226,166,2,168,394
12/22/2010,OPF,FL,ASO,ES,Federal Contract Tower,0,24,77,3,104,0,2,133,5,140,0,26,210,8,244,90,0,90,334
12/23/2010,OPF,FL,ASO,ES,Federal Contract Tower,0,14,78,5,97,0,7,135,13,155,0,21,213,18,252,108,4,112,364
12/24/2010,OPF,FL,ASO,ES,Federal Contract Tower,0,11,36,2,49,0,6,76,7,89,0,17,112,9,138,56,0,56,194
12/25/2010,OPF,FL,ASO,ES,Federal Contract Tower,0,3,31,0,34,0,3,44,4,51,0,6,75,4,85,8,0,8,93
12/26/2010,OPF,FL,ASO,ES,Federal Contract Tower,0,16,99,3,118,0,5,28,4,37,0,21,127,7,155,6,0,6,161
12/27/2010,OPF,FL,ASO,ES,Federal Contract Tower,1,11,91,3,106,0,2,107,10,119,1,13,198,13,225,50,5,55,280
12/28/2010,OPF,FL,ASO,ES,Federal Contract Tower,0,16,100,0,116,0,2,114,4,120,0,18,214,4,236,92,0,92,328
12/29/2010,OPF,FL,ASO,ES,Federal Contract Tower,0,19,56,3,78,0,2,113,8,123,0,21,169,11,201,138,0,138,339
12/30/2010,OPF,FL,ASO,ES,Federal Contract Tower,0,9,66,7,82,0,1,96,6,103,0,10,162,13,185,104,6,110,295
12/31/2010,OPF,FL,ASO,ES,Federal Contract Tower,0,8,36,3,47,0,2,94,8,104,0,10,130,11,151,76,4,80,231
01/01/2011,OPF,FL,ASO,ES,Federal Contract Tower,0,4,48,0,52,0,1,48,2,51,0,5,96,2,103,0,0,0,103
01/02/2011,OPF,FL,ASO,ES,Federal Contract Tower,0,20,130,0,150,0,1,88,8,97,0,21,218,8,247,16,0,16,263
01/03/2011,OPF,FL,ASO,ES,Federal Contract Tower,0,23,104,2,129,0,4,101,13,118,0,27,205,15,247,88,2,90,337
01/04/2011,OPF,FL,ASO,ES,Federal Contract Tower,0,12,123,1,136,0,3,111,13,127,0,15,234,14,263,102,0,102,365
01/05/2011,OPF,FL,ASO,ES,Federal Contract Tower,0,9,87,6,102,0,0,93,19,112,0,9,180,25,214,92,2,94,308
01/06/2011,OPF,FL,ASO,ES,Federal Contract Tower,0,15,82,8,105,0,4,79,10,93,0,19,161,18,198,74,0,74,272
01/07/2011,OPF,FL,ASO,ES,Federal Contract Tower,0,12,80,10,102,0,4,124,24,152,0,16,204,34,254,98,6,104,358
01/08/2011,OPF,FL,ASO,ES,Federal Contract Tower,0,7,81,2,90,0,1,117,6,124,0,8,198,8,214,136,0,136,350
01/09/2011,OPF,FL,ASO,ES,Federal Contract Tower,0,8,60,2,70,0,3,70,3,76,0,11,130,5,146,42,0,42,188
01/10/2011,OPF,FL,ASO,ES,Federal Contract Tower,0,14,66,5,85,0,0,107,12,119,0,14,173,17,204,82,6,88,292
01/11/2011,OPF,FL,ASO,ES,Federal Contract Tower,0,6,82,5,93,0,3,69,16,88,0,9,151,21,181,78,0,78,259
01/12/2011,OPF,FL,ASO,ES,Federal Contract Tower,0,12,77,10,99,0,1,81,9,91,0,13,158,19,190,40,4,44,234
01/13/2011,OPF,FL,ASO,ES,Federal Contract Tower,0,19,108,6,133,0,1,112,11,124,0,20,220,17,257,52,2,54,311
01/14/2011,OPF,FL,ASO,ES,Federal Contract Tower,0,11,110,14,135,0,3,126,12,141,0,14,236,26,276,174,2,176,452
01/15/2011,OPF,FL,ASO,ES,Federal Contract Tower,0,7,77,0,84,0,2,156,12,170,0,9,233,12,254,136,0,136,390
01/16/2011,OPF,FL,ASO,ES,Federal Contract Tower,0,13,71,7,91,0,0,100,18,118,0,13,171,25,209,72,0,72,281
01/17/2011,OPF,FL,ASO,ES,Federal Contract Tower,0,12,58,2,72,0,0,34,1,35,0,12,92,3,107,8,0,8,115
01/18/2011,OPF,FL,ASO,ES,Federal Contract Tower,0,14,86,8,108,0,2,54,13,69,0,16,140,21,177,74,0,74,251
01/19/2011,OPF,FL,ASO,ES,Federal Contract Tower,0,11,77,13,101,0,2,92,12,106,0,13,169,25,207,122,4,126,333
01/20/2011,OPF,FL,ASO,ES,Federal Contract Tower,0,22,83,7,112,0,3,106,21,130,0,25,189,28,242,139,18,157,399
01/21/2011,OPF,FL,ASO,ES,Federal Contract Tower,0,18,84,3,105,0,19,59,7,85,0,37,143,10,190,80,6,86,276
01/22/2011,OPF,FL,ASO,ES,Federal Contract Tower,0,1,79,5,85,0,0,71,2,73,0,1,150,7,158,122,0,122,280
01/23/2011,OPF,FL,ASO,ES,Federal Contract Tower,0,7,60,5,72,0,2,86,6,94,0,9,146,11,166,66,4,70,236
01/24/2011,OPF,FL,ASO,ES,Federal Contract Tower,0,16,61,6,83,0,1,89,12,102,0,17,150,18,185,6,4,10,195
01/25/2011,OPF,FL,ASO,ES,Federal Contract Tower,0,8,58,8,74,0,3,51,15,69,0,11,109,23,143,26,2,28,171
01/26/2011,OPF,FL,ASO,ES,Federal Contract Tower,1,9,70,6,86,0,0,83,12,95,1,9,153,18,181,80,0,80,261
01/27/2011,OPF,FL,ASO,ES,Federal Contract Tower,0,12,108,7,127,0,3,113,22,138,0,15,221,29,265,140,10,150,415
01/28/2011,OPF,FL,ASO,ES,Federal Contract Tower,0,14,92,8,114,0,2,87,25,114,0,16,179,33,228,52,6,58,286
01/29/2011,OPF,FL,ASO,ES,Federal Contract Tower,0,9,59,2,70,0,0,132,6,138,0,9,191,8,208,100,0,100,308
01/30/2011,OPF,FL,ASO,ES,Federal Contract Tower,0,11,76,1,88,0,0,91,6,97,0,11,167,7,185,70,0,70,255
01/31/2011,OPF,FL,ASO,ES,Federal Contract Tower,0,15,99,8,122,0,5,145,14,164,0,20,244,22,286,120,0,120,406
02/01/2011,OPF,FL,ASO,ES,Federal Contract Tower,0,16,80,7,103,0,2,120,16,138,0,18,200,23,241,74,0,74,315
02/02/2011,OPF,FL,ASO,ES,Federal Contract Tower,0,15,70,6,91,0,1,109,16,126,0,16,179,22,217,110,6,116,333
02/03/2011,OPF,FL,ASO,ES,Federal Contract Tower,0,21,87,8,116,0,9,118,18,145,0,30,205,26,261,136,18,154,415
02/04/2011,OPF,FL,ASO,ES,Federal Contract Tower,0,12,85,4,101,0,5,96,15,116,0,17,181,19,217,104,30,134,351
02/05/2011,OPF,FL,ASO,ES,Federal Contract Tower,0,7,66,2,75,0,2,100,16,118,0,9,166,18,193,96,0,96,289
02/06/2011,OPF,FL,ASO,ES,Federal Contract Tower,0,9,60,3,72,0,2,63,8,73,0,11,123,11,145,12,0,12,157
02/07/2011,OPF,FL,ASO,ES,Federal Contract Tower,0,17,59,5,81,0,5,71,7,83,0,22,130,12,164,38,0,38,202
02/08/2011,OPF,FL,ASO,ES,Federal Contract Tower,0,13,85,6,104,0,0,107,17,124,0,13,192,23,228,176,0,176,404
02/09/2011,OPF,FL,ASO,ES,Federal Contract Tower,0,10,89,8,107,0,2,88,20,110,0,12,177,28,217,152,2,154,371
02/10/2011,OPF,FL,ASO,ES,Federal Contract Tower,0,9,94,6,109,0,1,80,15,96,0,10,174,21,205,193,0,193,398
02/11/2011,OPF,FL,ASO,ES,Federal Contract Tower,0,15,94,12,121,0,1,119,12,132,0,16,213,24,253,112,0,112,365
02/12/2011,OPF,FL,ASO,ES,Federal Contract Tower,0,5,78,5,88,0,0,83,8,91,0,5,161,13,179,124,0,124,303
02/13/2011,OPF,FL,ASO,ES,Federal Contract Tower,0,8,50,2,60,0,1,73,5,79,0,9,123,7,139,36,0,36,175
02/14/2011,OPF,FL,ASO,ES,Federal Contract Tower,0,9,50,5,64,0,3,96,15,114,0,12,146,20,178,62,0,62,240
02/15/2011,OPF,FL,ASO,ES,Federal Contract Tower,0,8,74,18,100,0,5,97,16,118,0,13,171,34,218,108,40,148,366
02/16/2011,OPF,FL,ASO,ES,Federal Contract Tower,0,7,117,2,126,0,1,108,13,122,0,8,225,15,248,132,4,136,384
02/17/2011,OPF,FL,ASO,ES,Federal Contract Tower,0,12,132,9,153,0,2,118,13,133,0,14,250,22,286,94,2,96,382
02/18/2011,OPF,FL,ASO,ES,Federal Contract Tower,0,12,159,4,175,0,2,162,12,176,0,14,321,16,351,100,0,100,451
02/19/2011,OPF,FL,ASO,ES,Federal Contract Tower,0,13,90,1,104,0,2,115,4,121,0,15,205,5,225,130,0,130,355
02/20/2011,OPF,FL,ASO,ES,Federal Contract Tower,0,5,105,2,112,0,1,85,5,91,0,6,190,7,203,68,0,68,271
02/21/2011,OPF,FL,ASO,ES,Federal Contract Tower,0,2,127,3,132,0,6,107,3,116,0,8,234,6,248,98,0,98,346
02/22/2011,OPF,FL,ASO,ES,Federal Contract Tower,0,18,100,10,128,0,1,109,20,130,0,19,209,30,258,121,0,121,379
02/23/2011,OPF,FL,ASO,ES,Federal Contract Tower,0,9,86,11,106,0,2,101,10,113,0,11,187,21,219,136,18,154,373
02/24/2011,OPF,FL,ASO,ES,Federal Contract Tower,0,10,103,5,118,0,4,91,11,106,0,14,194,16,224,48,14,62,286
02/25/2011,OPF,FL,ASO,ES,Federal Contract Tower,0,14,86,10,110,0,4,134,10,148,0,18,220,20,258,146,28,174,432
02/26/2011,OPF,FL,ASO,ES,Federal Contract Tower,0,7,67,1,75,0,3,105,10,118,0,10,172,11,193,108,0,108,301
02/27/2011,OPF,FL,ASO,ES,Federal Contract Tower,0,15,96,3,114,0,1,91,3,95,0,16,187,6,209,20,0,20,229
02/28/2011,OPF,FL,ASO,ES,Federal Contract Tower,0,7,69,18,94,0,2,78,20,100,0,9,147,38,194,52,22,74,268
03/01/2011,OPF,FL,ASO,ES,Federal Contract Tower,1,18,45,8,72,0,4,85,18,107,1,22,130,26,179,192,6,198,377
03/02/2011,OPF,FL,ASO,ES,Federal Contract Tower,0,3,63,15,81,0,1,88,7,96,0,4,151,22,177,108,0,108,285
03/03/2011,OPF,FL,ASO,ES,Federal Contract Tower,1,10,100,7,118,0,2,102,10,114,1,12,202,17,232,29,12,41,273
03/04/2011,OPF,FL,ASO,ES,Federal Contract Tower,0,10,42,3,55,0,0,65,3,68,0,10,107,6,123,6,0,6,129
03/05/2011,OPF,FL,ASO,ES,Federal Contract Tower,0,8,50,1,59,0,1,88,12,101,0,9,138,13,160,92,4,96,256
03/06/2011,OPF,FL,ASO,ES,Federal Contract Tower,0,11,63,1,75,0,2,42,7,51,0,13,105,8,126,21,0,21,147
03/07/2011,OPF,FL,ASO,ES,Federal Contract Tower,0,11,72,4,87,0,3,125,12,140,0,14,197,16,227,201,0,201,428
03/08/2011,OPF,FL,ASO,ES,Federal Contract Tower,0,14,60,5,79,0,1,97,11,109,0,15,157,16,188,220,0,220,408
03/09/2011,OPF,FL,ASO,ES,Federal Contract Tower,0,11,100,2,113,0,0,83,14,97,0,11,183,16,210,89,12,101,311
03/10/2011,OPF,FL,ASO,ES,Federal Contract Tower,0,16,76,3,95,0,1,60,15,76,0,17,136,18,171,124,31,155,326
03/11/2011,OPF,FL,ASO,ES,Federal Contract Tower,0,6,105,2,113,0,1,129,5,135,0,7,234,7,248,48,10,58,306
03/12/2011,OPF,FL,ASO,ES,Federal Contract Tower,0,8,72,4,84,0,3,105,4,112,0,11,177,8,196,200,2,202,398
03/13/2011,OPF,FL,ASO,ES,Federal Contract Tower,1,11,102,4,118,0,6,121,4,131,1,17,223,8,249,42,0,42,291
03/14/2011,OPF,FL,ASO,ES,Federal Contract Tower,0,15,89,3,107,0,0,144,18,162,0,15,233,21,269,189,0,189,458
03/15/2011,OPF,FL,ASO,ES,Federal Contract Tower,0,19,117,2,138,0,1,150,13,164,0,20,267,15,302,250,7,257,559
03/16/2011,OPF,FL,ASO,ES,Federal Contract Tower,0,18,80,1,99,0,3,127,16,146,0,21,207,17,245,135,0,135,380
03/17/2011,OPF,FL,ASO,ES,Federal Contract Tower,1,24,109,3,137,0,2,123,13,138,1,26,232,16,275,141,10,151,426
03/18/2011,OPF,FL,ASO,ES,Federal Contract Tower,0,14,78,6,98,0,1,141,11,153,0,15,219,17,251,142,20,162,413
03/19/2011,OPF,FL,ASO,ES,Federal Contract Tower,0,9,90,1,100,0,0,128,9,137,0,9,218,10,237,70,0,70,307
03/20/2011,OPF,FL,ASO,ES,Federal Contract Tower,0,17,85,4,106,0,0,102,4,106,0,17,187,8,212,54,0,54,266
03/21/2011,OPF,FL,ASO,ES,Federal Contract Tower,1,12,70,8,91,0,0,104,20,124,1,12,174,28,215,137,12,149,364
03/22/2011,OPF,FL,ASO,ES,Federal Contract Tower,0,15,95,1,111,0,0,83,19,102,0,15,178,20,213,128,0,128,341
03/23/2011,OPF,FL,ASO,ES,Federal Contract Tower,0,8,72,5,85,0,2,104,23,129,0,10,176,28,214,112,6,118,332
03/24/2011,OPF,FL,ASO,ES,Federal Contract Tower,0,17,116,6,139,0,2,89,8,99,0,19,205,14,238,76,4,80,318
03/25/2011,OPF,FL,ASO,ES,Federal Contract Tower,0,22,125,5,152,0,1,100,11,112,0,23,225,16,264,72,0,72,336
03/26/2011,OPF,FL,ASO,ES,Federal Contract Tower,0,23,73,3,99,0,3,142,4,149,0,26,215,7,248,184,0,184,432
03/27/2011,OPF,FL,ASO,ES,Federal Contract Tower,0,18,81,5,104,0,3,108,4,115,0,21,189,9,219,54,0,54,273
03/28/2011,OPF,FL,ASO,ES,Federal Contract Tower,0,19,56,3,78,0,0,43,9,52,0,19,99,12,130,67,16,83,213
03/29/2011,OPF,FL,ASO,ES,Federal Contract Tower,0,6,68,3,77,0,0,49,19,68,0,6,117,22,145,68,2,70,215
03/30/2011,OPF,FL,ASO,ES,Federal Contract Tower,0,10,58,4,72,0,1,92,14,107,0,11,150,18,179,16,7,23,202
03/31/2011,OPF,FL,ASO,ES,Federal Contract Tower,0,19,67,8,94,0,2,61,10,73,0,21,128,18,167,56,25,81,248
04/01/2011,OPF,FL,ASO,ES,Federal Contract Tower,0,12,95,4,111,0,2,94,9,105,0,14,189,13,216,86,0,86,302
04/02/2011,OPF,FL,ASO,ES,Federal Contract Tower,0,7,66,1,74,0,1,110,18,129,0,8,176,19,203,136,0,136,339
04/03/2011,OPF,FL,ASO,ES,Federal Contract Tower,0,10,98,1,109,0,4,105,6,115,0,14,203,7,224,28,0,28,252
04/04/2011,OPF,FL,ASO,ES,Federal Contract Tower,0,12,73,4,89,0,2,108,18,128,0,14,181,22,217,72,8,80,297
04/05/2011,OPF,FL,ASO,ES,Federal Contract Tower,0,8,73,5,86,0,0,51,17,68,0,8,124,22,154,52,26,78,232
04/06/2011,OPF,FL,ASO,ES,Federal Contract Tower,0,10,96,4,110,0,1,98,13,112,0,11,194,17,222,118,28,146,368
04/07/2011,OPF,FL,ASO,ES,Federal Contract Tower,0,12,108,1,121,0,2,128,6,136,0,14,236,7,257,106,0,106,363
04/08/2011,OPF,FL,ASO,ES,Federal Contract Tower,0,6,83,8,97,0,3,99,17,119,0,9,182,25,216,136,14,150,366
04/09/2011,OPF,FL,ASO,ES,Federal Contract Tower,0,9,78,0,87,0,0,164,5,169,0,9,242,5,256,162,0,162,418
04/10/2011,OPF,FL,ASO,ES,Federal Contract Tower,0,17,93,0,110,0,4,81,1,86,0,21,174,1,196,76,0,76,272
04/11/2011,OPF,FL,ASO,ES,Federal Contract Tower,0,6,75,5,86,0,2,109,15,126,0,8,184,20,212,96,32,128,340
04/12/2011,OPF,FL,ASO,ES,Federal Contract Tower,0,10,60,3,73,0,3,92,15,110,0,13,152,18,183,100,0,100,283
04/13/2011,OPF,FL,ASO,ES,Federal Contract Tower,0,12,94,0,106,0,0,78,12,90,0,12,172,12,196,50,8,58,254
04/14/2011,OPF,FL,ASO,ES,Federal Contract Tower,0,16,103,3,122,0,0,81,8,89,0,16,184,11,211,37,6,43,254
04/15/2011,OPF,FL,ASO,ES,Federal Contract Tower,0,9,88,11,108,0,4,103,11,118,0,13,191,22,226,77,40,117,343
04/16/2011,OPF,FL,ASO,ES,Federal Contract Tower,0,7,93,4,104,0,0,119,6,125,0,7,212,10,229,135,0,135,364
04/17/2011,OPF,FL,ASO,ES,Federal Contract Tower,0,19,97,7,123,0,0,74,7,81,0,19,171,14,204,17,0,17,221
04/18/2011,OPF,FL,ASO,ES,Federal Contract Tower,0,16,53,3,72,0,2,100,16,118,0,18,153,19,190,92,0,92,282
04/19/2011,OPF,FL,ASO,ES,Federal Contract Tower,0,13,75,4,92,0,2,103,23,128,0,15,178,27,220,98,0,98,318
04/20/2011,OPF,FL,ASO,ES,Federal Contract Tower,0,13,86,0,99,0,1,129,13,143,0,14,215,13,242,121,0,121,363
04/21/2011,OPF,FL,ASO,ES,Federal Contract Tower,0,17,98,12,127,0,2,125,30,157,0,19,223,42,284,117,4,121,405
04/22/2011,OPF,FL,ASO,ES,Federal Contract Tower,0,14,75,2,91,0,2,117,5,124,0,16,192,7,215,79,0,79,294
04/23/2011,OPF,FL,ASO,ES,Federal Contract Tower,0,17,108,2,127,0,1,70,3,74,0,18,178,5,201,35,0,35,236
04/24/2011,OPF,FL,ASO,ES,Federal Contract Tower,0,17,108,2,127,0,1,70,3,74,0,18,178,5,201,35,0,35,236
04/25/2011,OPF,FL,ASO,ES,Federal Contract Tower,0,15,103,3,121,0,0,125,9,134,0,15,228,12,255,86,0,86,341
04/26/2011,OPF,FL,ASO,ES,Federal Contract Tower,0,8,82,4,94,0,0,129,19,148,0,8,211,23,242,118,2,120,362
04/27/2011,OPF,FL,ASO,ES,Federal Contract Tower,0,15,80,3,98,0,1,104,7,112,0,16,184,10,210,86,4,90,300
04/28/2011,OPF,FL,ASO,ES,Federal Contract Tower,0,18,93,7,118,0,2,133,13,148,0,20,226,20,266,90,0,90,356
04/29/2011,OPF,FL,ASO,ES,Federal Contract Tower,0,8,74,3,85,0,1,92,6,99,0,9,166,9,184,126,0,126,310
04/30/2011,OPF,FL,ASO,ES,Federal Contract Tower,0,2,73,3,78,0,1,85,10,96,0,3,158,13,174,156,0,156,330
05/01/2011,OPF,FL,ASO,ES,Federal Contract Tower,0,8,67,1,76,0,1,60,4,65,0,9,127,5,141,32,0,32,173
05/02/2011,OPF,FL,ASO,ES,Federal Contract Tower,0,22,51,7,80,0,0,54,11,65,0,22,105,18,145,33,0,33,178
05/03/2011,OPF,FL,ASO,ES,Federal Contract Tower,0,11,70,4,85,0,1,92,9,102,0,12,162,13,187,163,0,163,350
05/04/2011,OPF,FL,ASO,ES,Federal Contract Tower,0,7,90,0,97,0,0,125,5,130,0,7,215,5,227,219,0,219,446
05/05/2011,OPF,FL,ASO,ES,Federal Contract Tower,0,12,74,8,94,0,1,94,11,106,0,13,168,19,200,134,42,176,376
05/06/2011,OPF,FL,ASO,ES,Federal Contract Tower,0,10,72,3,85,0,2,50,6,58,0,12,122,9,143,90,6,96,239
05/07/2011,OPF,FL,ASO,ES,Federal Contract Tower,0,5,54,1,60,0,0,67,6,73,0,5,121,7,133,61,0,61,194
05/08/2011,OPF,FL,ASO,ES,Federal Contract Tower,0,4,55,2,61,0,3,57,3,63,0,7,112,5,124,41,0,41,165
05/09/2011,OPF,FL,ASO,ES,Federal Contract Tower,0,9,86,2,97,0,1,75,10,86,0,10,161,12,183,104,2,106,289
05/10/2011,OPF,FL,ASO,ES,Federal Contract Tower,0,6,79,13,98,0,1,70,12,83,0,7,149,25,181,130,0,130,311
05/11/2011,OPF,FL,ASO,ES,Federal Contract Tower,0,8,117,3,128,0,5,124,9,138,0,13,241,12,266,135,0,135,401
05/12/2011,OPF,FL,ASO,ES,Federal Contract Tower,0,19,95,9,123,0,0,69,5,74,0,19,164,14,197,117,6,123,320
05/13/2011,OPF,FL,ASO,ES,Federal Contract Tower,0,16,100,6,122,0,2,163,6,171,0,18,263,12,293,120,0,120,413
05/14/2011,OPF,FL,ASO,ES,Federal Contract Tower,0,12,69,2,83,0,2,78,5,85,0,14,147,7,168,100,0,100,268
05/15/2011,OPF,FL,ASO,ES,Federal Contract Tower,0,12,58,6,76,0,1,36,6,43,0,13,94,12,119,0,0,0,119
05/16/2011,OPF,FL,ASO,ES,Federal Contract Tower,0,12,46,2,60,0,6,63,12,81,0,18,109,14,141,137,0,137,278
05/17/2011,OPF,FL,ASO,ES,Federal Contract Tower,0,7,53,9,69,0,6,58,20,84,0,13,111,29,153,119,0,119,272
05/18/2011,OPF,FL,ASO,ES,Federal Contract Tower,0,11,81,3,95,0,0,113,10,123,0,11,194,13,218,92,6,98,316
05/19/2011,OPF,FL,ASO,ES,Federal Contract Tower,0,10,89,10,109,0,1,109,5,115,0,11,198,15,224,150,0,150,374
05/20/2011,OPF,FL,ASO,ES,Federal Contract Tower,0,15,103,6,124,0,2,107,10,119,0,17,210,16,243,72,0,72,315
05/21/2011,OPF,FL,ASO,ES,Federal Contract Tower,0,2,59,0,61,0,0,94,3,97,0,2,153,3,158,117,0,117,275
05/22/2011,OPF,FL,ASO,ES,Federal Contract Tower,0,17,60,0,77,0,0,101,5,106,0,17,161,5,183,41,0,41,224
05/23/2011,OPF,FL,ASO,ES,Federal Contract Tower,0,9,61,2,72,0,2,98,14,114,0,11,159,16,186,127,0,127,313
05/24/2011,OPF,FL,ASO,ES,Federal Contract Tower,0,8,69,4,81,0,3,122,11,136,0,11,191,15,217,89,1,90,307
05/25/2011,OPF,FL,ASO,ES,Federal Contract Tower,0,12,73,1,86,0,2,119,14,135,0,14,192,15,221,144,0,144,365
05/26/2011,OPF,FL,ASO,ES,Federal Contract Tower,0,14,89,5,108,0,5,140,12,157,0,19,229,17,265,79,0,79,344
05/27/2011,OPF,FL,ASO,ES,Federal Contract Tower,0,13,84,6,103,0,3,83,11,97,0,16,167,17,200,97,3,100,300
05/28/2011,OPF,FL,ASO,ES,Federal Contract Tower,0,2,33,1,36,0,0,81,4,85,0,2,114,5,121,45,0,45,166
05/29/2011,OPF,FL,ASO,ES,Federal Contract Tower,0,1,38,1,40,0,1,47,6,54,0,2,85,7,94,27,0,27,121
05/30/2011,OPF,FL,ASO,ES,Federal Contract Tower,0,11,92,1,104,0,0,110,5,115,0,11,202,6,219,14,0,14,233
05/31/2011,OPF,FL,ASO,ES,Federal Contract Tower,0,13,67,5,85,0,1,80,10,91,0,14,147,15,176,100,24,124,300
06/01/2011,OPF,FL,ASO,ES,Federal Contract Tower,0,10,78,5,93,0,3,85,11,99,0,13,163,16,192,39,14,53,245
06/02/2011,OPF,FL,ASO,ES,Federal Contract Tower,0,9,77,2,88,0,4,116,17,137,0,13,193,19,225,97,0,97,322
06/03/2011,OPF,FL,ASO,ES,Federal Contract Tower,0,13,87,3,103,0,4,107,12,123,0,17,194,15,226,107,8,115,341
06/04/2011,OPF,FL,ASO,ES,Federal Contract Tower,0,3,55,0,58,0,1,116,2,119,0,4,171,2,177,81,6,87,264
06/05/2011,OPF,FL,ASO,ES,Federal Contract Tower,0,10,52,4,66,0,12,68,7,87,0,22,120,11,153,16,0,16,169
06/06/2011,OPF,FL,ASO,ES,Federal Contract Tower,0,12,71,3,86,0,2,87,9,98,0,14,158,12,184,90,0,90,274
06/07/2011,OPF,FL,ASO,ES,Federal Contract Tower,0,8,78,3,89,0,4,98,8,110,0,12,176,11,199,103,0,103,302
06/08/2011,OPF,FL,ASO,ES,Federal Contract Tower,0,6,66,5,77,0,1,99,9,109,0,7,165,14,186,69,0,69,255
06/09/2011,OPF,FL,ASO,ES,Federal Contract Tower,0,14,68,0,82,0,3,95,12,110,0,17,163,12,192,110,4,114,306
06/10/2011,OPF,FL,ASO,ES,Federal Contract Tower,0,7,94,5,106,0,0,103,7,110,0,7,197,12,216,54,0,54,270
06/11/2011,OPF,FL,ASO,ES,Federal Contract Tower,0,6,48,4,58,0,0,81,5,86,0,6,129,9,144,173,0,173,317
06/12/2011,OPF,FL,ASO,ES,Federal Contract Tower,0,11,63,0,74,0,0,56,6,62,0,11,119,6,136,31,0,31,167
06/13/2011,OPF,FL,ASO,ES,Federal Contract Tower,0,15,74,3,92,0,1,72,6,79,0,16,146,9,171,86,0,86,257
06/14/2011,OPF,FL,ASO,ES,Federal Contract Tower,0,12,54,4,70,0,2,69,12,83,0,14,123,16,153,81,42,123,276
06/15/2011,OPF,FL,ASO,ES,Federal Contract Tower,0,8,59,1,68,0,2,89,7,98,0,10,148,8,166,124,4,128,294
06/16/2011,OPF,FL,ASO,ES,Federal Contract Tower,0,15,65,2,82,0,1,99,7,107,0,16,164,9,189,127,6,133,322
06/17/2011,OPF,FL,ASO,ES,Federal Contract Tower,0,11,75,2,88,0,2,108,6,116,0,13,183,8,204,134,0,134,338
06/18/2011,OPF,FL,ASO,ES,Federal Contract Tower,0,2,60,5,67,0,0,92,4,96,0,2,152,9,163,109,0,109,272
06/19/2011,OPF,FL,ASO,ES,Federal Contract Tower,0,4,55,4,63,0,0,46,1,47,0,4,101,5,110,52,0,52,162
06/20/2011,OPF,FL,ASO,ES,Federal Contract Tower,0,15,72,0,87,0,1,57,7,65,0,16,129,7,152,94,0,94,246
06/21/2011,OPF,FL,ASO,ES,Federal Contract Tower,0,13,78,6,97,0,1,101,14,116,0,14,179,20,213,131,14,145,358
06/22/2011,OPF,FL,ASO,ES,Federal Contract Tower,0,9,72,0,81,0,12,70,8,90,0,21,142,8,171,60,4,64,235
06/23/2011,OPF,FL,ASO,ES,Federal Contract Tower,0,11,81,7,99,0,1,81,17,99,0,12,162,24,198,117,13,130,328
06/24/2011,OPF,FL,ASO,ES,Federal Contract Tower,0,10,64,3,77,0,0,74,6,80,0,10,138,9,157,96,2,98,255
06/25/2011,OPF,FL,ASO,ES,Federal Contract Tower,0,5,57,1,63,0,0,73,5,78,0,5,130,6,141,111,0,111,252
06/26/2011,OPF,FL,ASO,ES,Federal Contract Tower,0,6,59,0,65,0,0,60,3,63,0,6,119,3,128,34,0,34,162
06/27/2011,OPF,FL,ASO,ES,Federal Contract Tower,0,15,81,3,99,0,3,99,16,118,0,18,180,19,217,94,2,96,313
06/28/2011,OPF,FL,ASO,ES,Federal Contract Tower,0,11,53,4,68,0,1,77,11,89,0,12,130,15,157,104,0,104,261
06/29/2011,OPF,FL,ASO,ES,Federal Contract Tower,0,15,46,3,64,0,0,79,11,90,0,15,125,14,154,106,0,106,260
06/30/2011,OPF,FL,ASO,ES,Federal Contract Tower,0,13,82,0,95,0,2,92,6,100,0,15,174,6,195,71,0,71,266
07/01/2011,OPF,FL,ASO,ES,Federal Contract Tower,0,13,86,1,100,0,0,79,5,84,0,13,165,6,184,73,0,73,257
07/02/2011,OPF,FL,ASO,ES,Federal Contract Tower,0,4,45,2,51,0,0,98,2,100,0,4,143,4,151,93,0,93,244
07/03/2011,OPF,FL,ASO,ES,Federal Contract Tower,0,0,36,0,36,0,0,65,6,71,0,0,101,6,107,50,0,50,157
07/04/2011,OPF,FL,ASO,ES,Federal Contract Tower,0,3,49,0,52,0,1,89,3,93,0,4,138,3,145,24,0,24,169
07/05/2011,OPF,FL,ASO,ES,Federal Contract Tower,0,14,60,1,75,0,1,101,13,115,0,15,161,14,190,82,4,86,276
07/06/2011,OPF,FL,ASO,ES,Federal Contract Tower,0,10,69,1,80,0,0,81,6,87,0,10,150,7,167,119,5,124,291
07/07/2011,OPF,FL,ASO,ES,Federal Contract Tower,0,14,67,7,88,0,0,26,10,36,0,14,93,17,124,12,27,39,163
07/08/2011,OPF,FL,ASO,ES,Federal Contract Tower,0,14,65,2,81,0,3,90,18,111,0,17,155,20,192,61,0,61,253
07/09/2011,OPF,FL,ASO,ES,Federal Contract Tower,0,5,52,0,57,0,2,71,5,78,0,7,123,5,135,69,0,69,204
07/10/2011,OPF,FL,ASO,ES,Federal Contract Tower,0,5,63,1,69,0,2,98,4,104,0,7,161,5,173,66,0,66,239
07/11/2011,OPF,FL,ASO,ES,Federal Contract Tower,0,11,59,5,75,0,0,103,9,112,0,11,162,14,187,69,0,69,256
07/12/2011,OPF,FL,ASO,ES,Federal Contract Tower,0,12,46,0,58,0,3,104,11,118,0,15,150,11,176,86,9,95,271
07/13/2011,OPF,FL,ASO,ES,Federal Contract Tower,0,12,62,3,77,0,0,121,11,132,0,12,183,14,209,53,0,53,262
07/14/2011,OPF,FL,ASO,ES,Federal Contract Tower,0,12,77,1,90,0,3,126,15,144,0,15,203,16,234,97,13,110,344
07/15/2011,OPF,FL,ASO,ES,Federal Contract Tower,0,11,74,5,90,0,1,107,5,113,0,12,181,10,203,142,8,150,353
07/16/2011,OPF,FL,ASO,ES,Federal Contract Tower,0,3,33,3,39,0,0,76,3,79,0,3,109,6,118,78,0,78,196
07/17/2011,OPF,FL,ASO,ES,Federal Contract Tower,0,7,54,0,61,0,0,61,3,64,0,7,115,3,125,62,0,62,187
07/18/2011,OPF,FL,ASO,ES,Federal Contract Tower,0,10,47,6,63,0,1,58,16,75,0,11,105,22,138,74,14,88,226
07/19/2011,OPF,FL,ASO,ES,Federal Contract Tower,0,7,47,4,58,0,0,78,10,88,0,7,125,14,146,153,18,171,317
07/20/2011,OPF,FL,ASO,ES,Federal Contract Tower,0,22,57,0,79,0,0,101,33,134,0,22,158,33,213,97,0,97,310
07/21/2011,OPF,FL,ASO,ES,Federal Contract Tower,0,13,71,3,87,0,0,111,22,133,0,13,182,25,220,43,0,43,263
07/22/2011,OPF,FL,ASO,ES,Federal Contract Tower,0,11,61,4,76,0,2,85,12,99,0,13,146,16,175,101,15,116,291
07/23/2011,OPF,FL,ASO,ES,Federal Contract Tower,0,0,57,0,57,0,2,74,8,84,0,2,131,8,141,80,0,80,221
07/24/2011,OPF,FL,ASO,ES,Federal Contract Tower,0,6,50,7,63,0,4,69,5,78,0,10,119,12,141,53,4,57,198
07/25/2011,OPF,FL,ASO,ES,Federal Contract Tower,0,13,52,5,70,0,1,88,8,97,0,14,140,13,167,138,0,138,305
07/26/2011,OPF,FL,ASO,ES,Federal Contract Tower,0,19,50,9,78,0,3,94,11,108,0,22,144,20,186,116,0,116,302
07/27/2011,OPF,FL,ASO,ES,Federal Contract Tower,0,11,69,7,87,0,0,121,19,140,0,11,190,26,227,41,0,41,268
07/28/2011,OPF,FL,ASO,ES,Federal Contract Tower,0,8,73,7,88,0,0,125,8,133,0,8,198,15,221,82,0,82,303
07/29/2011,OPF,FL,ASO,ES,Federal Contract Tower,0,14,52,1,67,0,0,106,6,112,0,14,158,7,179,120,25,145,324
07/30/2011,OPF,FL,ASO,ES,Federal Contract Tower,0,1,51,3,55,0,0,90,6,96,0,1,141,9,151,119,0,119,270
07/31/2011,OPF,FL,ASO,ES,Federal Contract Tower,0,8,48,0,56,0,1,62,5,68,0,9,110,5,124,75,0,75,199
08/01/2011,OPF,FL,ASO,ES,Federal Contract Tower,0,13,50,3,66,0,2,75,9,86,0,15,125,12,152,91,14,105,257
08/02/2011,OPF,FL,ASO,ES,Federal Contract Tower,0,10,75,2,87,0,4,91,16,111,0,14,166,18,198,119,0,119,317
08/03/2011,OPF,FL,ASO,ES,Federal Contract Tower,0,8,62,4,74,0,4,63,15,82,0,12,125,19,156,95,2,97,253
08/04/2011,OPF,FL,ASO,ES,Federal Contract Tower,0,9,62,0,71,0,0,107,3,110,0,9,169,3,181,190,0,190,371
08/05/2011,OPF,FL,ASO,ES,Federal Contract Tower,0,16,63,3,82,0,1,75,8,84,0,17,138,11,166,78,2,80,246
08/06/2011,OPF,FL,ASO,ES,Federal Contract Tower,0,2,33,2,37,0,0,65,4,69,0,2,98,6,106,88,0,88,194
08/07/2011,OPF,FL,ASO,ES,Federal Contract Tower,0,3,57,0,60,0,1,35,7,43,0,4,92,7,103,33,0,33,136
08/08/2011,OPF,FL,ASO,ES,Federal Contract Tower,0,13,51,4,68,0,0,80,12,92,0,13,131,16,160,62,45,107,267
08/09/2011,OPF,FL,ASO,ES,Federal Contract Tower,0,12,45,3,60,0,3,82,10,95,0,15,127,13,155,121,0,121,276
08/10/2011,OPF,FL,ASO,ES,Federal Contract Tower,0,9,47,1,57,0,0,82,13,95,0,9,129,14,152,106,18,124,276
08/11/2011,OPF,FL,ASO,ES,Federal Contract Tower,0,14,71,2,87,0,0,102,9,111,0,14,173,11,198,150,0,150,348
08/12/2011,OPF,FL,ASO,ES,Federal Contract Tower,0,9,65,5,79,0,0,99,12,111,0,9,164,17,190,142,2,144,334
08/13/2011,OPF,FL,ASO,ES,Federal Contract Tower,0,2,35,2,39,0,3,75,5,83,0,5,110,7,122,124,0,124,246
08/14/2011,OPF,FL,ASO,ES,Federal Contract Tower,0,8,69,0,77,0,4,97,7,108,0,12,166,7,185,23,0,23,208
08/15/2011,OPF,FL,ASO,ES,Federal Contract Tower,0,10,66,9,85,0,0,67,7,74,0,10,133,16,159,116,0,116,275
08/16/2011,OPF,FL,ASO,ES,Federal Contract Tower,0,9,75,1,85,0,0,94,14,108,0,9,169,15,193,111,22,133,326
08/17/2011,OPF,FL,ASO,ES,Federal Contract Tower,0,17,62,4,83,0,1,118,13,132,0,18,180,17,215,198,6,204,419
08/18/2011,OPF,FL,ASO,ES,Federal Contract Tower,0,15,67,5,87,0,1,84,7,92,0,16,151,12,179,97,0,97,276
08/19/2011,OPF,FL,ASO,ES,Federal Contract Tower,0,11,59,7,77,0,0,65,6,71,0,11,124,13,148,103,4,107,255
08/20/2011,OPF,FL,ASO,ES,Federal Contract Tower,0,2,49,0,51,0,2,62,4,68,0,4,111,4,119,60,0,60,179
08/21/2011,OPF,FL,ASO,ES,Federal Contract Tower,0,4,58,3,65,0,5,59,5,69,0,9,117,8,134,78,0,78,212
08/22/2011,OPF,FL,ASO,ES,Federal Contract Tower,0,19,52,1,72,0,1,61,5,67,0,20,113,6,139,165,0,165,304
08/23/2011,OPF,FL,ASO,ES,Federal Contract Tower,0,11,62,0,73,0,2,87,8,97,0,13,149,8,170,81,61,142,312
08/24/2011,OPF,FL,ASO,ES,Federal Contract Tower,0,13,51,4,68,0,1,78,17,96,0,14,129,21,164,100,28,128,292
08/25/2011,OPF,FL,ASO,ES,Federal Contract Tower,0,5,34,0,39,0,0,9,2,11,0,5,43,2,50,0,0,0,50
08/26/2011,OPF,FL,ASO,ES,Federal Contract Tower,0,12,59,2,73,0,4,69,8,81,0,16,128,10,154,27,14,41,195
08/27/2011,OPF,FL,ASO,ES,Federal Contract Tower,0,6,58,2,66,0,2,83,3,88,0,8,141,5,154,69,0,69,223
08/28/2011,OPF,FL,ASO,ES,Federal Contract Tower,0,3,41,1,45,0,1,40,3,44,0,4,81,4,89,56,0,56,145
08/29/2011,OPF,FL,ASO,ES,Federal Contract Tower,0,16,68,0,84,0,1,68,11,80,0,17,136,11,164,81,19,100,264
08/30/2011,OPF,FL,ASO,ES,Federal Contract Tower,0,10,55,2,67,0,2,75,14,91,0,12,130,16,158,72,0,72,230
08/31/2011,OPF,FL,ASO,ES,Federal Contract Tower,0,8,55,2,65,0,1,69,8,78,0,9,124,10,143,76,0,76,219
09/01/2011,OPF,FL,ASO,ES,Federal Contract Tower,0,11,61,1,73,0,1,85,21,107,0,12,146,22,180,88,27,115,295
09/02/2011,OPF,FL,ASO,ES,Federal Contract Tower,0,12,70,1,83,0,3,98,11,112,0,15,168,12,195,25,5,30,225
09/03/2011,OPF,FL,ASO,ES,Federal Contract Tower,0,7,41,2,50,0,5,65,4,74,0,12,106,6,124,94,0,94,218
09/04/2011,OPF,FL,ASO,ES,Federal Contract Tower,0,3,29,1,33,0,4,44,2,50,0,7,73,3,83,41,4,45,128
09/05/2011,OPF,FL,ASO,ES,Federal Contract Tower,0,4,72,0,76,0,0,81,3,84,0,4,153,3,160,34,0,34,194
09/06/2011,OPF,FL,ASO,ES,Federal Contract Tower,0,7,62,1,70,0,1,78,5,84,0,8,140,6,154,63,0,63,217
09/07/2011,OPF,FL,ASO,ES,Federal Contract Tower,0,7,59,0,66,0,0,75,9,84,0,7,134,9,150,145,0,145,295
09/08/2011,OPF,FL,ASO,ES,Federal Contract Tower,0,8,68,2,78,0,2,110,7,119,0,10,178,9,197,128,0,128,325
09/09/2011,OPF,FL,ASO,ES,Federal Contract Tower,0,9,75,5,89,0,2,68,9,79,0,11,143,14,168,60,0,60,228
09/10/2011,OPF,FL,ASO,ES,Federal Contract Tower,0,6,44,0,50,0,2,76,8,86,0,8,120,8,136,133,0,133,269
09/11/2011,OPF,FL,ASO,ES,Federal Contract Tower,0,9,49,3,61,0,1,64,6,71,0,10,113,9,132,38,0,38,170
09/12/2011,OPF,FL,ASO,ES,Federal Contract Tower,0,13,65,7,85,0,1,59,7,67,0,14,124,14,152,103,0,103,255
09/13/2011,OPF,FL,ASO,ES,Federal Contract Tower,0,13,62,3,78,0,1,98,15,114,0,14,160,18,192,101,0,101,293
09/14/2011,OPF,FL,ASO,ES,Federal Contract Tower,0,6,65,2,73,0,1,74,13,88,0,7,139,15,161,98,0,98,259
09/15/2011,OPF,FL,ASO,ES,Federal Contract Tower,0,9,66,0,75,0,1,102,12,115,0,10,168,12,190,80,0,80,270
09/16/2011,OPF,FL,ASO,ES,Federal Contract Tower,0,13,70,7,90,0,1,84,11,96,0,14,154,18,186,84,0,84,270
09/17/2011,OPF,FL,ASO,ES,Federal Contract Tower,0,6,42,0,48,0,2,66,9,77,0,8,108,9,125,161,0,161,286
09/18/2011,OPF,FL,ASO,ES,Federal Contract Tower,0,3,53,3,59,0,1,32,12,45,0,4,85,15,104,34,4,38,142
09/19/2011,OPF,FL,ASO,ES,Federal Contract Tower,0,9,76,2,87,0,5,77,13,95,0,14,153,15,182,61,22,83,265
09/20/2011,OPF,FL,ASO,ES,Federal Contract Tower,2,12,46,2,62,0,0,72,9,81,2,12,118,11,143,137,13,150,293
09/21/2011,OPF,FL,ASO,ES,Federal Contract Tower,0,5,56,1,62,0,0,83,4,87,0,5,139,5,149,162,0,162,311
09/22/2011,OPF,FL,ASO,ES,Federal Contract Tower,0,10,89,4,103,0,1,83,10,94,0,11,172,14,197,125,0,125,322
09/23/2011,OPF,FL,ASO,ES,Federal Contract Tower,0,11,53,1,65,0,2,75,9,86,0,13,128,10,151,89,3,92,243
09/24/2011,OPF,FL,ASO,ES,Federal Contract Tower,0,5,48,0,53,0,5,79,7,91,0,10,127,7,144,146,2,148,292
09/25/2011,OPF,FL,ASO,ES,Federal Contract Tower,0,15,48,1,64,0,3,34,4,41,0,18,82,5,105,81,0,81,186
09/26/2011,OPF,FL,ASO,ES,Federal Contract Tower,0,10,69,1,80,0,5,47,5,57,0,15,116,6,137,44,0,44,181
09/27/2011,OPF,FL,ASO,ES,Federal Contract Tower,0,9,53,6,68,0,2,80,13,95,0,11,133,19,163,123,40,163,326
09/28/2011,OPF,FL,ASO,ES,Federal Contract Tower,1,14,53,7,75,0,0,68,16,84,1,14,121,23,159,119,0,119,278
09/29/2011,OPF,FL,ASO,ES,Federal Contract Tower,0,8,66,2,76,0,3,78,20,101,0,11,144,22,177,112,10,122,299
09/30/2011,OPF,FL,ASO,ES,Federal Contract Tower,0,5,62,6,73,0,1,69,11,81,0,6,131,17,154,118,0,118,272
10/01/2011,OPF,FL,ASO,ES,Federal Contract Tower,0,3,37,4,44,0,2,97,4,103,0,5,134,8,147,107,0,107,254
10/02/2011,OPF,FL,ASO,ES,Federal Contract Tower,0,4,63,1,68,0,1,60,4,65,0,5,123,5,133,55,0,55,188
10/03/2011,OPF,FL,ASO,ES,Federal Contract Tower,0,9,51,4,64,0,2,69,10,81,0,11,120,14,145,59,0,59,204
10/04/2011,OPF,FL,ASO,ES,Federal Contract Tower,0,11,62,3,76,0,1,107,9,117,0,12,169,12,193,44,6,50,243
10/05/2011,OPF,FL,ASO,ES,Federal Contract Tower,0,10,50,1,61,0,1,69,11,81,0,11,119,12,142,54,0,54,196
10/06/2011,OPF,FL,ASO,ES,Federal Contract Tower,0,13,67,4,84,0,1,82,8,91,0,14,149,12,175,144,31,175,350
10/07/2011,OPF,FL,ASO,ES,Federal Contract Tower,0,11,57,3,71,0,4,65,11,80,0,15,122,14,151,79,2,81,232
10/08/2011,OPF,FL,ASO,ES,Federal Contract Tower,0,3,16,1,20,0,1,12,0,13,0,4,28,1,33,0,0,0,33
10/09/2011,OPF,FL,ASO,ES,Federal Contract Tower,0,13,49,1,63,0,1,15,5,21,0,14,64,6,84,13,0,13,97
10/10/2011,OPF,FL,ASO,ES,Federal Contract Tower,0,7,80,1,88,0,0,82,4,86,0,7,162,5,174,82,0,82,256
10/11/2011,OPF,FL,ASO,ES,Federal Contract Tower,0,14,69,6,89,0,1,74,14,89,0,15,143,20,178,128,0,128,306
10/12/2011,OPF,FL,ASO,ES,Federal Contract Tower,2,10,64,8,84,0,1,81,26,108,2,11,145,34,192,143,0,143,335
10/13/2011,OPF,FL,ASO,ES,Federal Contract Tower,0,11,82,11,104,0,1,117,9,127,0,12,199,20,231,73,0,73,304
10/14/2011,OPF,FL,ASO,ES,Federal Contract Tower,0,14,68,7,89,0,4,97,12,113,0,18,165,19,202,145,10,155,357
10/15/2011,OPF,FL,ASO,ES,Federal Contract Tower,0,3,44,2,49,0,2,65,3,70,0,5,109,5,119,92,0,92,211
10/16/2011,OPF,FL,ASO,ES,Federal Contract Tower,0,6,60,5,71,0,0,18,0,18,0,6,78,5,89,22,0,22,111
10/17/2011,OPF,FL,ASO,ES,Federal Contract Tower,0,7,73,9,89,0,0,22,6,28,0,7,95,15,117,52,5,57,174
10/18/2011,OPF,FL,ASO,ES,Federal Contract Tower,0,15,60,4,79,0,0,24,6,30,0,15,84,10,109,17,15,32,141
10/19/2011,OPF,FL,ASO,ES,Federal Contract Tower,0,14,47,7,68,0,1,14,4,19,0,15,61,11,87,0,20,20,107
10/20/2011,OPF,FL,ASO,ES,Federal Contract Tower,0,11,85,6,102,0,2,109,14,125,0,13,194,20,227,88,0,88,315
10/21/2011,OPF,FL,ASO,ES,Federal Contract Tower,3,10,86,1,100,0,1,84,17,102,3,11,170,18,202,114,0,114,316
10/22/2011,OPF,FL,ASO,ES,Federal Contract Tower,0,9,64,1,74,0,0,130,6,136,0,9,194,7,210,87,0,87,297
10/23/2011,OPF,FL,ASO,ES,Federal Contract Tower,0,13,79,1,93,0,1,70,5,76,0,14,149,6,169,33,0,33,202
10/24/2011,OPF,FL,ASO,ES,Federal Contract Tower,0,14,58,0,72,0,0,76,9,85,0,14,134,9,157,138,4,142,299
10/25/2011,OPF,FL,ASO,ES,Federal Contract Tower,0,10,68,2,80,0,0,85,12,97,0,10,153,14,177,46,4,50,227
10/26/2011,OPF,FL,ASO,ES,Federal Contract Tower,0,12,81,2,95,0,6,82,12,100,0,18,163,14,195,26,2,28,223
10/27/2011,OPF,FL,ASO,ES,Federal Contract Tower,0,22,59,11,92,0,3,89,12,104,0,25,148,23,196,75,0,75,271
10/28/2011,OPF,FL,ASO,ES,Federal Contract Tower,0,10,67,12,89,0,2,56,20,78,0,12,123,32,167,152,20,172,339
10/29/2011,OPF,FL,ASO,ES,Federal Contract Tower,0,5,65,2,72,0,0,34,5,39,0,5,99,7,111,52,0,52,163
10/30/2011,OPF,FL,ASO,ES,Federal Contract Tower,0,5,48,3,56,0,0,12,3,15,0,5,60,6,71,0,0,0,71
10/31/2011,OPF,FL,ASO,ES,Federal Contract Tower,1,12,57,5,75,0,0,43,9,52,1,12,100,14,127,38,0,38,165
11/01/2011,OPF,FL,ASO,ES,Federal Contract Tower,0,17,75,4,96,0,4,69,11,84,0,21,144,15,180,63,0,63,243
11/02/2011,OPF,FL,ASO,ES,Federal Contract Tower,0,12,74,7,93,0,2,69,8,79,0,14,143,15,172,76,0,76,248
11/03/2011,OPF,FL,ASO,ES,Federal Contract Tower,0,18,87,9,114,0,0,97,10,107,0,18,184,19,221,112,0,112,333
11/04/2011,OPF,FL,ASO,ES,Federal Contract Tower,0,18,76,3,97,0,5,102,15,122,0,23,178,18,219,154,5,159,378
11/05/2011,OPF,FL,ASO,ES,Federal Contract Tower,0,3,79,1,83,0,0,100,5,105,0,3,179,6,188,68,0,68,256
11/06/2011,OPF,FL,ASO,ES,Federal Contract Tower,0,8,68,4,80,0,1,52,9,62,0,9,120,13,142,20,4,24,166
11/07/2011,OPF,FL,ASO,ES,Federal Contract Tower,0,13,82,1,96,0,1,96,12,109,0,14,178,13,205,56,3,59,264
11/08/2011,OPF,FL,ASO,ES,Federal Contract Tower,1,13,62,3,79,0,4,78,9,91,1,17,140,12,170,74,0,74,244
11/09/2011,OPF,FL,ASO,ES,Federal Contract Tower,0,16,60,4,80,0,1,77,11,89,0,17,137,15,169,21,3,24,193
11/10/2011,OPF,FL,ASO,ES,Federal Contract Tower,0,12,78,12,102,0,0,99,18,117,0,12,177,30,219,98,5,103,322
11/11/2011,OPF,FL,ASO,ES,Federal Contract Tower,0,12,95,1,108,0,1,121,15,137,0,13,216,16,245,55,0,55,300
11/12/2011,OPF,FL,ASO,ES,Federal Contract Tower,0,9,47,0,56,0,0,76,8,84,0,9,123,8,140,61,0,61,201
11/13/2011,OPF,FL,ASO,ES,Federal Contract Tower,0,14,76,4,94,0,0,63,6,69,0,14,139,10,163,61,0,61,224
11/14/2011,OPF,FL,ASO,ES,Federal Contract Tower,0,12,98,4,114,0,0,67,8,75,0,12,165,12,189,71,0,71,260
11/15/2011,OPF,FL,ASO,ES,Federal Contract Tower,0,32,105,1,138,0,2,85,10,97,0,34,190,11,235,82,12,94,329
11/16/2011,OPF,FL,ASO,ES,Federal Contract Tower,0,21,69,8,98,0,0,106,5,111,0,21,175,13,209,90,19,109,318
11/17/2011,OPF,FL,ASO,ES,Federal Contract Tower,0,12,93,3,108,0,0,106,18,124,0,12,199,21,232,120,0,120,352
11/18/2011,OPF,FL,ASO,ES,Federal Contract Tower,0,13,99,11,123,0,0,36,5,41,0,13,135,16,164,14,7,21,185
11/19/2011,OPF,FL,ASO,ES,Federal Contract Tower,0,7,93,0,100,0,0,90,15,105,0,7,183,15,205,81,0,81,286
11/20/2011,OPF,FL,ASO,ES,Federal Contract Tower,0,11,69,3,83,0,0,46,8,54,0,11,115,11,137,10,0,10,147
11/21/2011,OPF,FL,ASO,ES,Federal Contract Tower,0,7,90,7,104,0,0,59,11,70,0,7,149,18,174,124,21,145,319
11/22/2011,OPF,FL,ASO,ES,Federal Contract Tower,0,18,72,2,92,0,5,105,11,121,0,23,177,13,213,105,5,110,323
11/23/2011,OPF,FL,ASO,ES,Federal Contract Tower,0,16,71,1,88,0,3,113,11,127,0,19,184,12,215,119,0,119,334
11/24/2011,OPF,FL,ASO,ES,Federal Contract Tower,0,4,32,0,36,0,0,33,5,38,0,4,65,5,74,15,0,15,89
11/25/2011,OPF,FL,ASO,ES,Federal Contract Tower,0,18,54,1,73,0,2,83,7,92,0,20,137,8,165,18,0,18,183
11/26/2011,OPF,FL,ASO,ES,Federal Contract Tower,0,6,76,2,84,0,0,59,6,65,0,6,135,8,149,77,2,79,228
11/27/2011,OPF,FL,ASO,ES,Federal Contract Tower,0,20,113,1,134,0,1,72,9,82,0,21,185,10,216,23,0,23,239
11/28/2011,OPF,FL,ASO,ES,Federal Contract Tower,0,19,96,6,121,0,0,56,11,67,0,19,152,17,188,36,0,36,224
11/29/2011,OPF,FL,ASO,ES,Federal Contract Tower,0,18,103,0,121,0,1,88,13,102,0,19,191,13,223,81,2,83,306
11/30/2011,OPF,FL,ASO,ES,Federal Contract Tower,0,16,99,8,123,0,0,112,14,126,0,16,211,22,249,132,0,132,381
12/01/2011,OPF,FL,ASO,ES,Federal Contract Tower,0,23,103,10,136,0,0,91,12,103,0,23,194,22,239,47,16,63,302
12/02/2011,OPF,FL,ASO,ES,Federal Contract Tower,0,11,110,2,123,0,2,91,12,105,0,13,201,14,228,44,15,59,287
12/03/2011,OPF,FL,ASO,ES,Federal Contract Tower,0,14,61,6,81,0,0,84,6,90,0,14,145,12,171,52,0,52,223
12/04/2011,OPF,FL,ASO,ES,Federal Contract Tower,0,21,91,40,152,0,1,35,3,39,0,22,126,43,191,29,0,29,220
12/05/2011,OPF,FL,ASO,ES,Federal Contract Tower,0,13,70,5,88,0,0,54,17,71,0,13,124,22,159,54,21,75,234
12/06/2011,OPF,FL,ASO,ES,Federal Contract Tower,0,17,105,4,126,0,1,81,110,192,0,18,186,114,318,84,0,84,402
12/07/2011,OPF,FL,ASO,ES,Federal Contract Tower,0,15,62,2,79,0,0,84,9,93,0,15,146,11,172,51,0,51,223
12/08/2011,OPF,FL,ASO,ES,Federal Contract Tower,0,21,70,2,93,0,1,71,11,83,0,22,141,13,176,74,0,74,250
12/09/2011,OPF,FL,ASO,ES,Federal Contract Tower,0,13,70,6,89,0,2,38,12,52,0,15,108,18,141,37,2,39,180
12/10/2011,OPF,FL,ASO,ES,Federal Contract Tower,0,5,53,4,62,0,0,70,10,80,0,5,123,14,142,91,0,91,233
12/11/2011,OPF,FL,ASO,ES,Federal Contract Tower,0,16,56,7,79,0,1,42,8,51,0,17,98,15,130,44,0,44,174
12/12/2011,OPF,FL,ASO,ES,Federal Contract Tower,0,23,75,7,105,0,0,78,17,95,0,23,153,24,200,44,12,56,256
12/13/2011,OPF,FL,ASO,ES,Federal Contract Tower,1,16,94,6,117,0,6,74,9,89,1,22,168,15,206,39,6,45,251
12/14/2011,OPF,FL,ASO,ES,Federal Contract Tower,0,14,63,6,83,0,2,93,20,115,0,16,156,26,198,76,10,86,284
12/15/2011,OPF,FL,ASO,ES,Federal Contract Tower,0,23,67,10,100,0,0,69,6,75,0,23,136,16,175,62,10,72,247
12/16/2011,OPF,FL,ASO,ES,Federal Contract Tower,0,15,79,3,97,0,1,95,3,99,0,16,174,6,196,80,0,80,276
12/17/2011,OPF,FL,ASO,ES,Federal Contract Tower,0,7,69,3,79,0,2,106,9,117,0,9,175,12,196,87,0,87,283
12/18/2011,OPF,FL,ASO,ES,Federal Contract Tower,0,7,80,2,89,0,0,77,4,81,0,7,157,6,170,17,0,17,187
12/19/2011,OPF,FL,ASO,ES,Federal Contract Tower,0,15,81,4,100,0,2,75,7,84,0,17,156,11,184,46,14,60,244
12/20/2011,OPF,FL,ASO,ES,Federal Contract Tower,0,19,79,8,106,0,0,105,5,110,0,19,184,13,216,72,7,79,295
12/21/2011,OPF,FL,ASO,ES,Federal Contract Tower,0,17,114,6,137,0,2,93,9,104,0,19,207,15,241,94,0,94,335
12/22/2011,OPF,FL,ASO,ES,Federal Contract Tower,1,18,83,4,106,0,3,98,8,109,1,21,181,12,215,79,12,91,306
12/23/2011,OPF,FL,ASO,ES,Federal Contract Tower,0,11,87,6,104,0,2,98,5,105,0,13,185,11,209,95,5,100,309
12/24/2011,OPF,FL,ASO,ES,Federal Contract Tower,0,6,31,3,40,0,1,62,4,67,0,7,93,7,107,41,2,43,150
12/25/2011,OPF,FL,ASO,ES,Federal Contract Tower,0,7,28,0,35,0,1,23,4,28,0,8,51,4,63,10,0,10,73
12/26/2011,OPF,FL,ASO,ES,Federal Contract Tower,0,16,110,1,127,0,1,99,6,106,0,17,209,7,233,96,12,108,341
12/27/2011,OPF,FL,ASO,ES,Federal Contract Tower,0,11,75,3,89,0,0,85,7,92,0,11,160,10,181,84,0,84,265
12/28/2011,OPF,FL,ASO,ES,Federal Contract Tower,0,14,91,2,107,0,0,106,10,116,0,14,197,12,223,77,5,82,305
12/29/2011,OPF,FL,ASO,ES,Federal Contract Tower,0,15,97,9,121,0,2,88,10,100,0,17,185,19,221,79,6,85,306
12/30/2011,OPF,FL,ASO,ES,Federal Contract Tower,0,27,79,1,107,0,4,107,8,119,0,31,186,9,226,71,0,71,297
12/31/2011,OPF,FL,ASO,ES,Federal Contract Tower,0,9,47,3,59,0,0,84,5,89,0,9,131,8,148,30,0,30,178
01/01/2012,OPF,FL,ASO,ES,Federal Contract Tower,0,14,89,0,103,0,0,60,6,66,0,14,149,6,169,4,0,4,173
01/02/2012,OPF,FL,ASO,ES,Federal Contract Tower,0,28,136,2,166,0,1,112,3,116,0,29,248,5,282,20,2,22,304
01/03/2012,OPF,FL,ASO,ES,Federal Contract Tower,0,32,98,3,133,0,0,65,6,71,0,32,163,9,204,41,0,41,245
01/04/2012,OPF,FL,ASO,ES,Federal Contract Tower,0,29,132,2,163,0,0,83,18,101,0,29,215,20,264,69,22,91,355
01/05/2012,OPF,FL,ASO,ES,Federal Contract Tower,0,23,125,0,148,0,1,110,10,121,0,24,235,10,269,58,0,58,327
01/06/2012,OPF,FL,ASO,ES,Federal Contract Tower,0,21,74,1,96,0,1,116,15,132,0,22,190,16,228,104,2,106,334
01/07/2012,OPF,FL,ASO,ES,Federal Contract Tower,0,10,66,1,77,0,1,95,4,100,0,11,161,5,177,121,0,121,298
01/08/2012,OPF,FL,ASO,ES,Federal Contract Tower,0,10,89,6,105,0,0,41,12,53,0,10,130,18,158,46,0,46,204
01/09/2012,OPF,FL,ASO,ES,Federal Contract Tower,0,18,82,4,104,0,0,94,17,111,0,18,176,21,215,129,4,133,348
01/10/2012,OPF,FL,ASO,ES,Federal Contract Tower,0,18,110,14,142,0,3,95,27,125,0,21,205,41,267,113,2,115,382
01/11/2012,OPF,FL,ASO,ES,Federal Contract Tower,2,17,72,7,98,0,4,59,19,82,2,21,131,26,180,86,6,92,272
01/12/2012,OPF,FL,ASO,ES,Federal Contract Tower,0,16,85,3,104,0,1,112,20,133,0,17,197,23,237,125,4,129,366
01/13/2012,OPF,FL,ASO,ES,Federal Contract Tower,0,18,99,10,127,0,3,112,23,138,0,21,211,33,265,134,0,134,399
01/14/2012,OPF,FL,ASO,ES,Federal Contract Tower,0,7,79,4,90,0,1,101,5,107,0,8,180,9,197,114,1,115,312
01/15/2012,OPF,FL,ASO,ES,Federal Contract Tower,0,6,73,2,81,0,0,68,8,76,0,6,141,10,157,20,0,20,177
01/16/2012,OPF,FL,ASO,ES,Federal Contract Tower,0,12,117,3,132,0,0,78,6,84,0,12,195,9,216,87,0,87,303
01/17/2012,OPF,FL,ASO,ES,Federal Contract Tower,0,7,82,7,96,0,3,75,18,96,0,10,157,25,192,113,14,127,319
01/18/2012,OPF,FL,ASO,ES,Federal Contract Tower,0,15,112,4,131,0,2,148,8,158,0,17,260,12,289,84,0,84,373
01/19/2012,OPF,FL,ASO,ES,Federal Contract Tower,0,24,110,6,140,0,7,95,11,113,0,31,205,17,253,30,0,30,283
01/20/2012,OPF,FL,ASO,ES,Federal Contract Tower,0,14,118,15,147,0,4,123,11,138,0,18,241,26,285,88,0,88,373
01/21/2012,OPF,FL,ASO,ES,Federal Contract Tower,0,3,63,6,72,0,0,125,8,133,0,3,188,14,205,80,7,87,292
01/22/2012,OPF,FL,ASO,ES,Federal Contract Tower,0,7,134,10,151,0,2,75,11,88,0,9,209,21,239,52,0,52,291
01/23/2012,OPF,FL,ASO,ES,Federal Contract Tower,0,16,103,2,121,0,3,83,13,99,0,19,186,15,220,105,8,113,333
01/24/2012,OPF,FL,ASO,ES,Federal Contract Tower,0,17,79,7,103,0,0,93,17,110,0,17,172,24,213,176,6,182,395
01/25/2012,OPF,FL,ASO,ES,Federal Contract Tower,0,25,93,3,121,0,1,102,190,293,0,26,195,193,414,192,0,192,606
01/26/2012,OPF,FL,ASO,ES,Federal Contract Tower,0,28,103,2,133,0,0,91,13,104,0,28,194,15,237,82,0,82,319
01/27/2012,OPF,FL,ASO,ES,Federal Contract Tower,0,16,115,7,138,0,2,104,8,114,0,18,219,15,252,79,42,121,373
01/28/2012,OPF,FL,ASO,ES,Federal Contract Tower,0,8,61,3,72,0,2,99,12,113,0,10,160,15,185,151,0,151,336
01/29/2012,OPF,FL,ASO,ES,Federal Contract Tower,0,18,70,4,92,0,2,37,3,42,0,20,107,7,134,7,0,7,141
01/30/2012,OPF,FL,ASO,ES,Federal Contract Tower,0,15,69,0,84,0,1,69,7,77,0,16,138,7,161,38,3,41,202
01/31/2012,OPF,FL,ASO,ES,Federal Contract Tower,2,9,88,4,103,0,2,76,6,84,2,11,164,10,187,85,37,122,309
02/01/2012,OPF,FL,ASO,ES,Federal Contract Tower,1,19,91,2,113,0,8,82,15,105,1,27,173,17,218,32,0,32,250
02/02/2012,OPF,FL,ASO,ES,Federal Contract Tower,1,23,94,6,124,0,2,98,10,110,1,25,192,16,234,64,0,64,298
02/03/2012,OPF,FL,ASO,ES,Federal Contract Tower,0,16,101,12,129,0,2,63,8,73,0,18,164,20,202,87,9,96,298
02/04/2012,OPF,FL,ASO,ES,Federal Contract Tower,0,6,54,5,65,0,1,85,4,90,0,7,139,9,155,160,3,163,318
02/05/2012,OPF,FL,ASO,ES,Federal Contract Tower,0,9,49,6,64,0,0,50,3,53,0,9,99,9,117,28,0,28,145
02/06/2012,OPF,FL,ASO,ES,Federal Contract Tower,0,9,80,10,99,0,4,40,4,48,0,13,120,14,147,62,32,94,241
02/07/2012,OPF,FL,ASO,ES,Federal Contract Tower,1,16,89,0,106,0,2,60,15,77,1,18,149,15,183,71,68,139,322
02/08/2012,OPF,FL,ASO,ES,Federal Contract Tower,1,10,151,5,167,0,1,35,7,43,1,11,186,12,210,88,0,88,298
02/09/2012,OPF,FL,ASO,ES,Federal Contract Tower,0,12,106,6,124,0,4,81,13,98,0,16,187,19,222,66,32,98,320
02/10/2012,OPF,FL,ASO,ES,Federal Contract Tower,0,13,84,8,105,0,1,57,5,63,0,14,141,13,168,83,104,187,355
02/11/2012,OPF,FL,ASO,ES,Federal Contract Tower,0,6,63,4,73,0,4,110,5,119,0,10,173,9,192,24,2,26,218
02/12/2012,OPF,FL,ASO,ES,Federal Contract Tower,0,4,68,4,76,0,3,42,5,50,0,7,110,9,126,12,7,19,145
02/13/2012,OPF,FL,ASO,ES,Federal Contract Tower,0,13,74,9,96,0,3,85,16,104,0,16,159,25,200,180,0,180,380
02/14/2012,OPF,FL,ASO,ES,Federal Contract Tower,0,10,87,7,104,0,1,87,16,104,0,11,174,23,208,93,11,104,312
02/15/2012,OPF,FL,ASO,ES,Federal Contract Tower,0,21,134,2,157,0,1,107,100,208,0,22,241,102,365,158,31,189,554
02/16/2012,OPF,FL,ASO,ES,Federal Contract Tower,0,20,143,7,170,0,0,111,17,128,0,20,254,24,298,128,12,140,438
02/17/2012,OPF,FL,ASO,ES,Federal Contract Tower,0,26,172,8,206,0,5,131,10,146,0,31,303,18,352,115,31,146,498
02/18/2012,OPF,FL,ASO,ES,Federal Contract Tower,0,14,93,9,116,0,0,99,6,105,0,14,192,15,221,91,0,91,312
02/19/2012,OPF,FL,ASO,ES,Federal Contract Tower,0,13,120,0,133,0,0,52,7,59,0,13,172,7,192,16,0,16,208
02/20/2012,OPF,FL,ASO,ES,Federal Contract Tower,0,20,118,8,146,0,0,93,8,101,0,20,211,16,247,123,0,123,370
02/21/2012,OPF,FL,ASO,ES,Federal Contract Tower,0,26,126,3,155,0,1,96,15,112,0,27,222,18,267,117,0,117,384
02/22/2012,OPF,FL,ASO,ES,Federal Contract Tower,1,17,133,6,157,0,4,96,16,116,1,21,229,22,273,129,14,143,416
02/23/2012,OPF,FL,ASO,ES,Federal Contract Tower,0,21,115,5,141,0,3,55,11,69,0,24,170,16,210,26,0,26,236
02/24/2012,OPF,FL,ASO,ES,Federal Contract Tower,0,11,116,10,137,0,2,95,22,119,0,13,211,32,256,154,4,158,414
02/25/2012,OPF,FL,ASO,ES,Federal Contract Tower,0,4,94,3,101,0,2,97,5,104,0,6,191,8,205,158,8,166,371
02/26/2012,OPF,FL,ASO,ES,Federal Contract Tower,0,11,97,5,113,0,1,31,3,35,0,12,128,8,148,24,0,24,172
02/27/2012,OPF,FL,ASO,ES,Federal Contract Tower,0,15,119,0,134,0,0,77,16,93,0,15,196,16,227,72,0,72,299
02/28/2012,OPF,FL,ASO,ES,Federal Contract Tower,0,11,90,4,105,0,0,77,17,94,0,11,167,21,199,121,4,125,324
02/29/2012,OPF,FL,ASO,ES,Federal Contract Tower,0,14,116,1,131,0,1,104,4,109,0,15,220,5,240,90,0,90,330
03/01/2012,OPF,FL,ASO,ES,Federal Contract Tower,0,21,109,2,132,0,2,121,14,137,0,23,230,16,269,134,2,136,405
03/02/2012,OPF,FL,ASO,ES,Federal Contract Tower,0,16,75,7,98,0,2,124,6,132,0,18,199,13,230,94,16,110,340
03/03/2012,OPF,FL,ASO,ES,Federal Contract Tower,0,5,58,1,64,0,1,84,9,94,0,6,142,10,158,62,0,62,220
03/04/2012,OPF,FL,ASO,ES,Federal Contract Tower,0,14,76,6,96,0,2,37,3,42,0,16,113,9,138,0,0,0,138
03/05/2012,OPF,FL,ASO,ES,Federal Contract Tower,0,9,81,4,94,0,0,77,13,90,0,9,158,17,184,74,22,96,280
03/06/2012,OPF,FL,ASO,ES,Federal Contract Tower,0,9,79,5,93,0,0,69,8,77,0,9,148,13,170,20,0,20,190
03/07/2012,OPF,FL,ASO,ES,Federal Contract Tower,0,12,89,3,104,0,1,45,11,57,0,13,134,14,161,36,0,36,197
03/08/2012,OPF,FL,ASO,ES,Federal Contract Tower,0,19,109,6,134,0,3,59,7,69,0,22,168,13,203,31,48,79,282
03/09/2012,OPF,FL,ASO,ES,Federal Contract Tower,0,11,103,4,118,0,3,93,15,111,0,14,196,19,229,170,6,176,405
03/10/2012,OPF,FL,ASO,ES,Federal Contract Tower,0,16,117,3,136,0,3,103,8,114,0,19,220,11,250,178,2,180,430
03/11/2012,OPF,FL,ASO,ES,Federal Contract Tower,0,17,85,6,108,0,3,61,4,68,0,20,146,10,176,0,7,7,183
03/12/2012,OPF,FL,ASO,ES,Federal Contract Tower,0,25,104,6,135,0,1,88,6,95,0,26,192,12,230,141,16,157,387
03/13/2012,OPF,FL,ASO,ES,Federal Contract Tower,0,24,109,5,138,0,2,68,7,77,0,26,177,12,215,86,0,86,301
03/14/2012,OPF,FL,ASO,ES,Federal Contract Tower,0,24,84,3,111,0,2,84,9,95,0,26,168,12,206,242,0,242,448
03/15/2012,OPF,FL,ASO,ES,Federal Contract Tower,0,11,84,1,96,0,0,47,10,57,0,11,131,11,153,21,0,21,174
03/16/2012,OPF,FL,ASO,ES,Federal Contract Tower,0,18,112,6,136,0,3,78,15,96,0,21,190,21,232,61,0,61,293
03/17/2012,OPF,FL,ASO,ES,Federal Contract Tower,0,13,86,8,107,0,1,131,9,141,0,14,217,17,248,178,0,178,426
03/18/2012,OPF,FL,ASO,ES,Federal Contract Tower,0,10,95,6,111,0,1,105,6,112,0,11,200,12,223,33,0,33,256
03/19/2012,OPF,FL,ASO,ES,Federal Contract Tower,0,15,84,4,103,0,1,86,15,102,0,16,170,19,205,113,12,125,330
03/20/2012,OPF,FL,ASO,ES,Federal Contract Tower,0,25,71,1,97,0,2,76,13,91,0,27,147,14,188,159,40,199,387
03/21/2012,OPF,FL,ASO,ES,Federal Contract Tower,0,19,79,0,98,0,1,49,8,58,0,20,128,8,156,109,1,110,266
03/22/2012,OPF,FL,ASO,ES,Federal Contract Tower,0,15,103,5,123,0,0,66,15,81,0,15,169,20,204,47,11,58,262
03/23/2012,OPF,FL,ASO,ES,Federal Contract Tower,0,19,98,6,123,0,3,111,18,132,0,22,209,24,255,160,0,160,415
03/24/2012,OPF,FL,ASO,ES,Federal Contract Tower,0,8,86,0,94,0,3,108,6,117,0,11,194,6,211,152,6,158,369
03/25/2012,OPF,FL,ASO,ES,Federal Contract Tower,0,15,88,1,104,0,0,72,4,76,0,15,160,5,180,63,0,63,243
03/26/2012,OPF,FL,ASO,ES,Federal Contract Tower,0,25,84,4,113,0,1,97,7,105,0,26,181,11,218,102,0,102,320
03/27/2012,OPF,FL,ASO,ES,Federal Contract Tower,0,14,95,1,110,0,0,74,19,93,0,14,169,20,203,141,50,191,394
03/28/2012,OPF,FL,ASO,ES,Federal Contract Tower,2,19,132,0,153,0,2,109,9,120,2,21,241,9,273,60,34,94,367
03/29/2012,OPF,FL,ASO,ES,Federal Contract Tower,0,21,140,2,163,0,0,82,14,96,0,21,222,16,259,123,55,178,437
03/30/2012,OPF,FL,ASO,ES,Federal Contract Tower,0,22,122,1,145,0,3,124,11,138,0,25,246,12,283,98,24,122,405
03/31/2012,OPF,FL,ASO,ES,Federal Contract Tower,0,19,94,0,113,0,2,94,11,107,0,21,188,11,220,81,0,81,301
04/01/2012,OPF,FL,ASO,ES,Federal Contract Tower,0,13,128,4,145,0,0,69,8,77,0,13,197,12,222,63,0,63,285
04/02/2012,OPF,FL,ASO,ES,Federal Contract Tower,0,20,77,5,102,0,1,93,11,105,0,21,170,16,207,103,43,146,353
04/03/2012,OPF,FL,ASO,ES,Federal Contract Tower,0,15,95,0,110,0,6,81,13,100,0,21,176,13,210,58,66,124,334
04/04/2012,OPF,FL,ASO,ES,Federal Contract Tower,0,20,84,0,104,0,1,84,9,94,0,21,168,9,198,77,0,77,275
04/05/2012,OPF,FL,ASO,ES,Federal Contract Tower,0,17,129,4,150,0,4,82,13,99,0,21,211,17,249,61,59,120,369
04/06/2012,OPF,FL,ASO,ES,Federal Contract Tower,0,14,97,7,118,0,1,56,13,70,0,15,153,20,188,16,0,16,204
04/07/2012,OPF,FL,ASO,ES,Federal Contract Tower,0,5,73,1,79,0,0,91,6,97,0,5,164,7,176,150,0,150,326
04/08/2012,OPF,FL,ASO,ES,Federal Contract Tower,0,8,95,1,104,0,0,95,12,107,0,8,190,13,211,42,0,42,253
04/09/2012,OPF,FL,ASO,ES,Federal Contract Tower,0,15,126,4,145,0,0,135,9,144,0,15,261,13,289,149,19,168,457
04/10/2012,OPF,FL,ASO,ES,Federal Contract Tower,0,12,64,5,81,0,0,45,4,49,0,12,109,9,130,59,12,71,201
04/11/2012,OPF,FL,ASO,ES,Federal Contract Tower,0,16,87,5,108,0,0,94,11,105,0,16,181,16,213,128,8,136,349
04/12/2012,OPF,FL,ASO,ES,Federal Contract Tower,0,11,88,5,104,0,2,92,13,107,0,13,180,18,211,110,0,110,321
04/13/2012,OPF,FL,ASO,ES,Federal Contract Tower,0,7,80,6,93,0,1,84,16,101,0,8,164,22,194,73,6,79,273
04/14/2012,OPF,FL,ASO,ES,Federal Contract Tower,0,9,81,1,91,0,1,40,6,47,0,10,121,7,138,0,0,0,138
04/15/2012,OPF,FL,ASO,ES,Federal Contract Tower,0,17,82,1,100,0,1,81,5,87,0,18,163,6,187,11,0,11,198
04/16/2012,OPF,FL,ASO,ES,Federal Contract Tower,0,15,88,0,103,0,1,68,14,83,0,16,156,14,186,79,40,119,305
04/17/2012,OPF,FL,ASO,ES,Federal Contract Tower,0,9,101,0,110,0,2,98,11,111,0,11,199,11,221,60,6,66,287
04/18/2012,OPF,FL,ASO,ES,Federal Contract Tower,0,11,74,2,87,0,3,98,7,108,0,14,172,9,195,171,0,171,366
04/19/2012,OPF,FL,ASO,ES,Federal Contract Tower,0,12,92,3,107,0,4,88,19,111,0,16,180,22,218,206,8,214,432
04/20/2012,OPF,FL,ASO,ES,Federal Contract Tower,0,14,70,8,92,0,0,98,13,111,0,14,168,21,203,128,7,135,338
04/21/2012,OPF,FL,ASO,ES,Federal Contract Tower,0,5,48,1,54,0,1,20,1,22,0,6,68,2,76,40,0,40,116
04/22/2012,OPF,FL,ASO,ES,Federal Contract Tower,0,9,68,5,82,0,5,30,0,35,0,14,98,5,117,11,0,11,128
04/23/2012,OPF,FL,ASO,ES,Federal Contract Tower,0,12,78,4,94,0,1,94,5,100,0,13,172,9,194,112,4,116,310
04/24/2012,OPF,FL,ASO,ES,Federal Contract Tower,2,18,89,10,119,0,6,85,13,104,2,24,174,23,223,76,27,103,326
04/25/2012,OPF,FL,ASO,ES,Federal Contract Tower,3,18,84,3,108,0,3,102,10,115,3,21,186,13,223,123,7,130,353
04/26/2012,OPF,FL,ASO,ES,Federal Contract Tower,0,12,91,4,107,0,0,74,16,90,0,12,165,20,197,179,0,179,376
04/27/2012,OPF,FL,ASO,ES,Federal Contract Tower,1,14,85,1,101,0,2,127,22,151,1,16,212,23,252,82,4,86,338
04/28/2012,OPF,FL,ASO,ES,Federal Contract Tower,0,2,58,3,63,0,0,34,17,51,0,2,92,20,114,33,1,34,148
04/29/2012,OPF,FL,ASO,ES,Federal Contract Tower,0,6,66,7,79,0,1,1,2,4,0,7,67,9,83,0,0,0,83
04/30/2012,OPF,FL,ASO,ES,Federal Contract Tower,0,19,62,10,91,0,0,22,2,24,0,19,84,12,115,0,12,12,127
05/01/2012,OPF,FL,ASO,ES,Federal Contract Tower,0,17,76,5,98,0,2,57,10,69,0,19,133,15,167,28,0,28,195
05/02/2012,OPF,FL,ASO,ES,Federal Contract Tower,1,19,74,6,100,0,4,97,9,110,1,23,171,15,210,62,26,88,298
05/03/2012,OPF,FL,ASO,ES,Federal Contract Tower,0,12,64,4,80,0,3,85,5,93,0,15,149,9,173,61,6,67,240
05/04/2012,OPF,FL,ASO,ES,Federal Contract Tower,0,23,94,10,127,0,1,102,5,108,0,24,196,15,235,117,2,119,354
05/05/2012,OPF,FL,ASO,ES,Federal Contract Tower,1,7,69,8,85,0,1,116,11,128,1,8,185,19,213,107,2,109,322
05/06/2012,OPF,FL,ASO,ES,Federal Contract Tower,0,6,84,5,95,0,0,68,10,78,0,6,152,15,173,73,7,80,253
05/07/2012,OPF,FL,ASO,ES,Federal Contract Tower,0,10,69,3,82,0,0,75,17,92,0,10,144,20,174,73,0,73,247
05/08/2012,OPF,FL,ASO,ES,Federal Contract Tower,0,11,64,2,77,0,0,75,14,89,0,11,139,16,166,90,38,128,294
05/09/2012,OPF,FL,ASO,ES,Federal Contract Tower,1,13,72,14,100,0,0,68,17,85,1,13,140,31,185,205,0,205,390
05/10/2012,OPF,FL,ASO,ES,Federal Contract Tower,0,14,102,8,124,0,1,79,13,93,0,15,181,21,217,208,8,216,433
05/11/2012,OPF,FL,ASO,ES,Federal Contract Tower,1,14,92,3,110,0,3,86,11,100,1,17,178,14,210,118,0,118,328
05/12/2012,OPF,FL,ASO,ES,Federal Contract Tower,0,5,71,3,79,0,0,68,6,74,0,5,139,9,153,105,4,109,262
05/13/2012,OPF,FL,ASO,ES,Federal Contract Tower,0,11,66,2,79,0,7,54,5,66,0,18,120,7,145,26,0,26,171
05/14/2012,OPF,FL,ASO,ES,Federal Contract Tower,0,15,79,3,97,0,3,70,9,82,0,18,149,12,179,197,0,197,376
05/15/2012,OPF,FL,ASO,ES,Federal Contract Tower,0,12,69,3,84,0,0,68,10,78,0,12,137,13,162,134,36,170,332
05/16/2012,OPF,FL,ASO,ES,Federal Contract Tower,0,16,82,4,102,0,1,78,14,93,0,17,160,18,195,135,0,135,330
05/17/2012,OPF,FL,ASO,ES,Federal Contract Tower,0,7,83,7,97,0,0,57,13,70,0,7,140,20,167,135,0,135,302
05/18/2012,OPF,FL,ASO,ES,Federal Contract Tower,0,21,95,4,120,0,0,88,3,91,0,21,183,7,211,181,3,184,395
05/19/2012,OPF,FL,ASO,ES,Federal Contract Tower,0,0,61,4,65,0,0,50,6,56,0,0,111,10,121,78,0,78,199
05/20/2012,OPF,FL,ASO,ES,Federal Contract Tower,0,10,70,2,82,0,3,55,4,62,0,13,125,6,144,61,0,61,205
05/21/2012,OPF,FL,ASO,ES,Federal Contract Tower,0,11,85,0,96,0,1,71,7,79,0,12,156,7,175,183,0,183,358
05/22/2012,OPF,FL,ASO,ES,Federal Contract Tower,1,22,62,6,91,0,0,54,13,67,1,22,116,19,158,55,0,55,213
05/23/2012,OPF,FL,ASO,ES,Federal Contract Tower,1,18,86,2,107,0,1,74,11,86,1,19,160,13,193,178,0,178,371
05/24/2012,OPF,FL,ASO,ES,Federal Contract Tower,0,25,101,5,131,0,2,74,9,85,0,27,175,14,216,45,0,45,261
05/25/2012,OPF,FL,ASO,ES,Federal Contract Tower,0,26,104,1,131,0,0,146,13,159,0,26,250,14,290,65,0,65,355
05/26/2012,OPF,FL,ASO,ES,Federal Contract Tower,0,2,73,2,77,0,3,103,8,114,0,5,176,10,191,231,0,231,422
05/27/2012,OPF,FL,ASO,ES,Federal Contract Tower,0,9,45,2,56,0,2,58,7,67,0,11,103,9,123,42,1,43,166
05/28/2012,OPF,FL,ASO,ES,Federal Contract Tower,0,11,80,1,92,0,1,111,2,114,0,12,191,3,206,93,1,94,300
05/29/2012,OPF,FL,ASO,ES,Federal Contract Tower,0,13,69,2,84,0,0,88,13,101,0,13,157,15,185,109,35,144,329
05/30/2012,OPF,FL,ASO,ES,Federal Contract Tower,0,23,87,0,110,0,3,98,8,109,0,26,185,8,219,165,0,165,384
05/31/2012,OPF,FL,ASO,ES,Federal Contract Tower,1,13,77,3,94,0,1,59,7,67,1,14,136,10,161,65,57,122,283
06/01/2012,OPF,FL,ASO,ES,Federal Contract Tower,0,14,69,1,84,0,0,33,8,41,0,14,102,9,125,20,0,20,145
06/02/2012,OPF,FL,ASO,ES,Federal Contract Tower,0,5,39,3,47,0,2,45,5,52,0,7,84,8,99,114,4,118,217
06/03/2012,OPF,FL,ASO,ES,Federal Contract Tower,2,14,53,0,69,0,3,72,6,81,2,17,125,6,150,62,2,64,214
06/04/2012,OPF,FL,ASO,ES,Federal Contract Tower,0,8,85,1,94,0,7,85,12,104,0,15,170,13,198,201,0,201,399
06/05/2012,OPF,FL,ASO,ES,Federal Contract Tower,0,12,102,3,117,0,6,93,17,116,0,18,195,20,233,214,0,214,447
06/06/2012,OPF,FL,ASO,ES,Federal Contract Tower,0,9,105,5,119,0,1,66,6,73,0,10,171,11,192,109,0,109,301
06/07/2012,OPF,FL,ASO,ES,Federal Contract Tower,1,11,98,4,114,0,0,66,8,74,1,11,164,12,188,102,3,105,293
06/08/2012,OPF,FL,ASO,ES,Federal Contract Tower,0,19,83,3,105,0,0,83,4,87,0,19,166,7,192,136,0,136,328
06/09/2012,OPF,FL,ASO,ES,Federal Contract Tower,0,7,53,1,61,0,2,85,4,91,0,9,138,5,152,189,0,189,341
06/10/2012,OPF,FL,ASO,ES,Federal Contract Tower,0,14,79,2,95,0,0,78,7,85,0,14,157,9,180,52,2,54,234
06/11/2012,OPF,FL,ASO,ES,Federal Contract Tower,0,14,77,4,95,0,0,118,9,127,0,14,195,13,222,118,0,118,340
06/12/2012,OPF,FL,ASO,ES,Federal Contract Tower,1,14,70,0,85,0,3,80,8,91,1,17,150,8,176,139,0,139,315
06/13/2012,OPF,FL,ASO,ES,Federal Contract Tower,3,12,63,2,80,0,1,108,10,119,3,13,171,12,199,115,7,122,321
06/14/2012,OPF,FL,ASO,ES,Federal Contract Tower,0,12,90,1,103,0,1,81,14,96,0,13,171,15,199,130,2,132,331
06/15/2012,OPF,FL,ASO,ES,Federal Contract Tower,0,16,62,1,79,0,0,83,5,88,0,16,145,6,167,38,26,64,231
06/16/2012,OPF,FL,ASO,ES,Federal Contract Tower,0,7,61,2,70,0,0,87,4,91,0,7,148,6,161,124,0,124,285
06/17/2012,OPF,FL,ASO,ES,Federal Contract Tower,0,13,57,1,71,0,1,57,4,62,0,14,114,5,133,35,0,35,168
06/18/2012,OPF,FL,ASO,ES,Federal Contract Tower,0,10,76,1,87,0,3,98,6,107,0,13,174,7,194,56,4,60,254
06/19/2012,OPF,FL,ASO,ES,Federal Contract Tower,0,17,94,3,114,0,2,56,10,68,0,19,150,13,182,46,0,46,228
06/20/2012,OPF,FL,ASO,ES,Federal Contract Tower,0,16,82,0,98,0,0,27,8,35,0,16,109,8,133,17,0,17,150
06/21/2012,OPF,FL,ASO,ES,Federal Contract Tower,0,17,106,6,129,0,0,66,6,72,0,17,172,12,201,98,11,109,310
06/22/2012,OPF,FL,ASO,ES,Federal Contract Tower,2,22,64,3,91,0,0,55,7,62,2,22,119,10,153,88,0,88,241
06/23/2012,OPF,FL,ASO,ES,Federal Contract Tower,0,9,69,6,84,0,1,46,6,53,0,10,115,12,137,92,9,101,238
06/24/2012,OPF,FL,ASO,ES,Federal Contract Tower,0,10,43,0,53,0,0,19,8,27,0,10,62,8,80,4,9,13,93
06/25/2012,OPF,FL,ASO,ES,Federal Contract Tower,0,10,45,3,58,0,1,44,4,49,0,11,89,7,107,17,0,17,124
06/26/2012,OPF,FL,ASO,ES,Federal Contract Tower,2,8,62,4,76,0,0,49,9,58,2,8,111,13,134,4,5,9,143
06/27/2012,OPF,FL,ASO,ES,Federal Contract Tower,0,19,73,4,96,1,2,69,9,81,1,21,142,13,177,38,7,45,222
06/28/2012,OPF,FL,ASO,ES,Federal Contract Tower,0,17,91,4,112,0,0,109,6,115,0,17,200,10,227,112,4,116,343
06/29/2012,OPF,FL,ASO,ES,Federal Contract Tower,0,16,72,3,91,0,3,79,8,90,0,19,151,11,181,51,0,51,232
06/30/2012,OPF,FL,ASO,ES,Federal Contract Tower,0,11,77,1,89,0,1,106,9,116,0,12,183,10,205,59,7,66,271
07/01/2012,OPF,FL,ASO,ES,Federal Contract Tower,0,9,85,3,97,0,4,90,10,104,0,13,175,13,201,20,0,20,221
07/02/2012,OPF,FL,ASO,ES,Federal Contract Tower,0,12,53,3,68,0,1,75,5,81,0,13,128,8,149,56,0,56,205
07/03/2012,OPF,FL,ASO,ES,Federal Contract Tower,0,10,80,1,91,0,1,103,4,108,0,11,183,5,199,62,4,66,265
07/04/2012,OPF,FL,ASO,ES,Federal Contract Tower,0,3,53,0,56,0,1,66,2,69,0,4,119,2,125,25,0,25,150
07/05/2012,OPF,FL,ASO,ES,Federal Contract Tower,0,11,67,5,83,0,4,74,14,92,0,15,141,19,175,49,3,52,227
07/06/2012,OPF,FL,ASO,ES,Federal Contract Tower,0,12,64,5,81,0,3,115,7,125,0,15,179,12,206,87,0,87,293
07/07/2012,OPF,FL,ASO,ES,Federal Contract Tower,0,8,71,0,79,0,1,110,3,114,0,9,181,3,193,106,2,108,301
07/08/2012,OPF,FL,ASO,ES,Federal Contract Tower,0,14,78,1,93,0,0,56,5,61,0,14,134,6,154,22,0,22,176
07/09/2012,OPF,FL,ASO,ES,Federal Contract Tower,0,10,69,0,79,0,2,86,16,104,0,12,155,16,183,71,43,114,297
07/10/2012,OPF,FL,ASO,ES,Federal Contract Tower,2,10,75,12,99,0,2,63,14,79,2,12,138,26,178,142,38,180,358
07/11/2012,OPF,FL,ASO,ES,Federal Contract Tower,0,19,76,3,98,0,1,47,23,71,0,20,123,26,169,46,40,86,255
07/12/2012,OPF,FL,ASO,ES,Federal Contract Tower,0,12,57,7,76,0,0,120,19,139,0,12,177,26,215,108,2,110,325
07/13/2012,OPF,FL,ASO,ES,Federal Contract Tower,0,8,81,4,93,0,1,108,17,126,0,9,189,21,219,123,14,137,356
07/14/2012,OPF,FL,ASO,ES,Federal Contract Tower,1,9,69,1,80,0,2,89,6,97,1,11,158,7,177,112,0,112,289
07/15/2012,OPF,FL,ASO,ES,Federal Contract Tower,0,7,52,4,63,0,1,47,4,52,0,8,99,8,115,55,0,55,170
07/16/2012,OPF,FL,ASO,ES,Federal Contract Tower,2,10,78,0,90,0,1,61,15,77,2,11,139,15,167,65,0,65,232
07/17/2012,OPF,FL,ASO,ES,Federal Contract Tower,2,12,65,12,91,0,1,76,11,88,2,13,141,23,179,133,5,138,317
07/18/2012,OPF,FL,ASO,ES,Federal Contract Tower,0,9,71,4,84,0,2,106,7,115,0,11,177,11,199,179,0,179,378
07/19/2012,OPF,FL,ASO,ES,Federal Contract Tower,0,10,87,6,103,0,1,124,15,140,0,11,211,21,243,173,6,179,422
07/20/2012,OPF,FL,ASO,ES,Federal Contract Tower,0,11,82,6,99,0,1,111,11,123,0,12,193,17,222,96,0,96,318
07/21/2012,OPF,FL,ASO,ES,Federal Contract Tower,0,2,57,0,59,0,3,68,8,79,0,5,125,8,138,83,0,83,221
07/22/2012,OPF,FL,ASO,ES,Federal Contract Tower,0,13,38,2,53,0,0,19,4,23,0,13,57,6,76,17,0,17,93
07/23/2012,OPF,FL,ASO,ES,Federal Contract Tower,0,10,56,3,69,0,6,84,13,103,0,16,140,16,172,127,17,144,316
07/24/2012,OPF,FL,ASO,ES,Federal Contract Tower,1,12,85,1,99,0,0,92,15,107,1,12,177,16,206,101,22,123,329
07/25/2012,OPF,FL,ASO,ES,Federal Contract Tower,0,9,55,4,68,0,0,82,9,91,0,9,137,13,159,134,18,152,311
07/26/2012,OPF,FL,ASO,ES,Federal Contract Tower,0,7,49,8,64,0,1,94,12,107,0,8,143,20,171,82,18,100,271
07/27/2012,OPF,FL,ASO,ES,Federal Contract Tower,0,13,65,1,79,0,8,96,11,115,0,21,161,12,194,194,8,202,396
07/28/2012,OPF,FL,ASO,ES,Federal Contract Tower,0,8,37,1,46,0,0,63,9,72,0,8,100,10,118,90,2,92,210
07/29/2012,OPF,FL,ASO,ES,Federal Contract Tower,0,8,54,1,63,0,1,72,8,81,0,9,126,9,144,5,0,5,149
07/30/2012,OPF,FL,ASO,ES,Federal Contract Tower,0,7,51,5,63,0,2,66,7,75,0,9,117,12,138,128,0,128,266
07/31/2012,OPF,FL,ASO,ES,Federal Contract Tower,0,15,56,5,76,0,1,108,16,125,0,16,164,21,201,133,10,143,344
08/01/2012,OPF,FL,ASO,ES,Federal Contract Tower,0,10,91,2,103,0,3,97,3,103,0,13,188,5,206,147,0,147,353
08/02/2012,OPF,FL,ASO,ES,Federal Contract Tower,0,11,88,5,104,0,0,109,13,122,0,11,197,18,226,85,2,87,313
08/03/2012,OPF,FL,ASO,ES,Federal Contract Tower,0,8,77,5,90,0,1,40,5,46,0,9,117,10,136,91,0,91,227
08/04/2012,OPF,FL,ASO,ES,Federal Contract Tower,0,9,53,0,62,0,2,90,9,101,0,11,143,9,163,144,0,144,307
08/05/2012,OPF,FL,ASO,ES,Federal Contract Tower,1,12,60,0,73,0,4,75,5,84,1,16,135,5,157,37,0,37,194
08/06/2012,OPF,FL,ASO,ES,Federal Contract Tower,1,14,63,4,82,0,2,61,11,74,1,16,124,15,156,81,11,92,248
08/07/2012,OPF,FL,ASO,ES,Federal Contract Tower,1,18,61,5,85,0,1,109,9,119,1,19,170,14,204,130,8,138,342
08/08/2012,OPF,FL,ASO,ES,Federal Contract Tower,1,10,71,1,83,0,2,106,9,117,1,12,177,10,200,186,28,214,414
08/09/2012,OPF,FL,ASO,ES,Federal Contract Tower,0,15,103,5,123,0,2,109,8,119,0,17,212,13,242,112,0,112,354
08/10/2012,OPF,FL,ASO,ES,Federal Contract Tower,0,20,89,9,118,0,1,84,11,96,0,21,173,20,214,104,4,108,322
08/11/2012,OPF,FL,ASO,ES,Federal Contract Tower,0,4,62,1,67,0,0,70,2,72,0,4,132,3,139,82,0,82,221
08/12/2012,OPF,FL,ASO,ES,Federal Contract Tower,0,10,57,2,69,0,3,78,6,87,0,13,135,8,156,45,0,45,201
08/13/2012,OPF,FL,ASO,ES,Federal Contract Tower,0,10,56,2,68,0,2,96,7,105,0,12,152,9,173,162,0,162,335
08/14/2012,OPF,FL,ASO,ES,Federal Contract Tower,2,10,74,10,96,0,4,102,14,120,2,14,176,24,216,143,16,159,375
08/15/2012,OPF,FL,ASO,ES,Federal Contract Tower,0,18,65,1,84,0,6,96,10,112,0,24,161,11,196,93,0,93,289
08/16/2012,OPF,FL,ASO,ES,Federal Contract Tower,0,15,65,4,84,0,3,92,9,104,0,18,157,13,188,226,22,248,436
08/17/2012,OPF,FL,ASO,ES,Federal Contract Tower,1,16,83,3,103,0,0,111,10,121,1,16,194,13,224,31,16,47,271
08/18/2012,OPF,FL,ASO,ES,Federal Contract Tower,0,1,51,2,54,0,1,83,4,88,0,2,134,6,142,109,0,109,251
08/19/2012,OPF,FL,ASO,ES,Federal Contract Tower,0,4,45,1,50,0,6,61,8,75,0,10,106,9,125,19,0,19,144
08/20/2012,OPF,FL,ASO,ES,Federal Contract Tower,1,17,73,1,92,0,3,81,8,92,1,20,154,9,184,61,21,82,266
08/21/2012,OPF,FL,ASO,ES,Federal Contract Tower,1,14,80,6,101,0,3,103,10,116,1,17,183,16,217,108,8,116,333
08/22/2012,OPF,FL,ASO,ES,Federal Contract Tower,0,12,66,4,82,0,1,106,5,112,0,13,172,9,194,141,6,147,341
08/23/2012,OPF,FL,ASO,ES,Federal Contract Tower,0,14,79,6,99,0,2,99,11,112,0,16,178,17,211,90,0,90,301
08/24/2012,OPF,FL,ASO,ES,Federal Contract Tower,0,7,60,3,70,0,3,77,9,89,0,10,137,12,159,55,0,55,214
08/25/2012,OPF,FL,ASO,ES,Federal Contract Tower,0,9,53,2,64,0,0,32,1,33,0,9,85,3,97,0,0,0,97
08/26/2012,OPF,FL,ASO,ES,Federal Contract Tower,0,3,13,0,16,0,0,1,0,1,0,3,14,0,17,0,0,0,17
08/27/2012,OPF,FL,ASO,ES,Federal Contract Tower,0,9,25,1,35,0,0,0,7,7,0,9,25,8,42,0,0,0,42
08/28/2012,OPF,FL,ASO,ES,Federal Contract Tower,0,10,60,2,72,0,1,55,14,70,0,11,115,16,142,82,0,82,224
08/29/2012,OPF,FL,ASO,ES,Federal Contract Tower,0,9,54,3,66,0,4,83,10,97,0,13,137,13,163,109,5,114,277
08/30/2012,OPF,FL,ASO,ES,Federal Contract Tower,0,17,80,12,109,0,4,138,13,155,0,21,218,25,264,95,2,97,361
08/31/2012,OPF,FL,ASO,ES,Federal Contract Tower,0,14,82,1,97,0,0,112,5,117,0,14,194,6,214,127,0,127,341
09/01/2012,OPF,FL,ASO,ES,Federal Contract Tower,0,4,38,0,42,0,1,88,5,94,0,5,126,5,136,76,2,78,214
09/02/2012,OPF,FL,ASO,ES,Federal Contract Tower,0,7,57,2,66,0,1,50,10,61,0,8,107,12,127,53,0,53,180
09/03/2012,OPF,FL,ASO,ES,Federal Contract Tower,0,16,72,2,90,0,3,110,11,124,0,19,182,13,214,78,0,78,292
09/04/2012,OPF,FL,ASO,ES,Federal Contract Tower,0,8,58,5,71,0,2,76,14,92,0,10,134,19,163,69,6,75,238
09/05/2012,OPF,FL,ASO,ES,Federal Contract Tower,0,7,69,12,88,0,2,77,4,83,0,9,146,16,171,45,4,49,220
09/06/2012,OPF,FL,ASO,ES,Federal Contract Tower,1,13,76,3,93,0,0,101,7,108,1,13,177,10,201,19,0,19,220
09/07/2012,OPF,FL,ASO,ES,Federal Contract Tower,0,13,91,3,107,0,0,76,13,89,0,13,167,16,196,54,11,65,261
09/08/2012,OPF,FL,ASO,ES,Federal Contract Tower,0,1,66,1,68,0,2,97,7,106,0,3,163,8,174,89,2,91,265
09/09/2012,OPF,FL,ASO,ES,Federal Contract Tower,0,8,54,3,65,0,8,54,6,68,0,16,108,9,133,6,5,11,144
09/10/2012,OPF,FL,ASO,ES,Federal Contract Tower,0,6,68,2,76,0,4,66,7,77,0,10,134,9,153,140,0,140,293
09/11/2012,OPF,FL,ASO,ES,Federal Contract Tower,0,7,85,6,98,0,2,73,11,86,0,9,158,17,184,53,11,64,248
09/12/2012,OPF,FL,ASO,ES,Federal Contract Tower,1,9,72,4,86,0,1,84,6,91,1,10,156,10,177,84,0,84,261
09/13/2012,OPF,FL,ASO,ES,Federal Contract Tower,0,13,72,4,89,0,64,13,0,77,0,77,85,4,166,22,52,74,240
09/14/2012,OPF,FL,ASO,ES,Federal Contract Tower,0,17,62,6,85,0,6,98,9,113,0,23,160,15,198,47,0,47,245
09/15/2012,OPF,FL,ASO,ES,Federal Contract Tower,0,6,49,2,57,0,2,69,8,79,0,8,118,10,136,38,4,42,178
09/16/2012,OPF,FL,ASO,ES,Federal Contract Tower,0,10,46,8,64,0,3,36,9,48,0,13,82,17,112,17,0,17,129
09/17/2012,OPF,FL,ASO,ES,Federal Contract Tower,0,9,59,8,76,0,1,70,13,84,0,10,129,21,160,46,3,49,209
09/18/2012,OPF,FL,ASO,ES,Federal Contract Tower,0,6,64,3,73,0,6,76,10,92,0,12,140,13,165,61,4,65,230
09/19/2012,OPF,FL,ASO,ES,Federal Contract Tower,0,15,71,2,88,0,0,80,8,88,0,15,151,10,176,104,0,104,280
09/20/2012,OPF,FL,ASO,ES,Federal Contract Tower,0,6,95,8,109,0,0,61,9,70,0,6,156,17,179,55,0,55,234
09/21/2012,OPF,FL,ASO,ES,Federal Contract Tower,0,7,76,9,92,0,1,79,16,96,0,8,155,25,188,73,12,85,273
09/22/2012,OPF,FL,ASO,ES,Federal Contract Tower,0,8,39,5,52,0,4,38,6,48,0,12,77,11,100,20,6,26,126
09/23/2012,OPF,FL,ASO,ES,Federal Contract Tower,0,10,76,1,87,0,0,32,14,46,0,10,108,15,133,9,6,15,148
09/24/2012,OPF,FL,ASO,ES,Federal Contract Tower,1,10,66,3,80,0,4,86,11,101,1,14,152,14,181,137,25,162,343
09/25/2012,OPF,FL,ASO,ES,Federal Contract Tower,3,5,76,4,88,0,1,88,12,101,3,6,164,16,189,103,6,109,298
09/26/2012,OPF,FL,ASO,ES,Federal Contract Tower,0,4,68,1,73,0,0,89,5,94,0,4,157,6,167,87,0,87,254
09/27/2012,OPF,FL,ASO,ES,Federal Contract Tower,0,8,100,6,114,0,3,101,14,118,0,11,201,20,232,56,14,70,302
09/28/2012,OPF,FL,ASO,ES,Federal Contract Tower,0,10,116,7,133,0,2,71,10,83,0,12,187,17,216,68,6,74,290
09/29/2012,OPF,FL,ASO,ES,Federal Contract Tower,0,3,45,0,48,0,3,98,6,107,0,6,143,6,155,66,0,66,221
09/30/2012,OPF,FL,ASO,ES,Federal Contract Tower,0,4,59,3,66,0,7,57,7,71,0,11,116,10,137,38,0,38,175
10/01/2012,OPF,FL,ASO,ES,Federal Contract Tower,0,8,69,2,79,0,1,46,18,65,0,9,115,20,144,0,6,6,150
10/02/2012,OPF,FL,ASO,ES,Federal Contract Tower,0,9,48,5,62,0,4,46,13,63,0,13,94,18,125,34,2,36,161
10/03/2012,OPF,FL,ASO,ES,Federal Contract Tower,0,8,92,4,104,0,4,99,8,111,0,12,191,12,215,101,0,101,316
10/04/2012,OPF,FL,ASO,ES,Federal Contract Tower,0,19,77,7,103,0,0,104,13,117,0,19,181,20,220,130,12,142,362
10/05/2012,OPF,FL,ASO,ES,Federal Contract Tower,0,10,86,15,111,0,3,106,8,117,0,13,192,23,228,130,9,139,367
10/06/2012,OPF,FL,ASO,ES,Federal Contract Tower,0,9,64,2,75,0,2,101,7,110,0,11,165,9,185,114,0,114,299
10/07/2012,OPF,FL,ASO,ES,Federal Contract Tower,0,11,53,2,66,0,1,56,2,59,0,12,109,4,125,79,0,79,204
10/08/2012,OPF,FL,ASO,ES,Federal Contract Tower,0,11,59,4,74,0,1,52,8,61,0,12,111,12,135,33,3,36,171
10/09/2012,OPF,FL,ASO,ES,Federal Contract Tower,2,8,61,5,76,0,4,76,9,89,2,12,137,14,165,98,16,114,279
10/10/2012,OPF,FL,ASO,ES,Federal Contract Tower,0,13,71,4,88,0,2,93,12,107,0,15,164,16,195,72,15,87,282
10/11/2012,OPF,FL,ASO,ES,Federal Contract Tower,0,7,90,4,101,0,1,68,13,82,0,8,158,17,183,97,0,97,280
10/12/2012,OPF,FL,ASO,ES,Federal Contract Tower,0,8,77,8,93,0,2,80,12,94,0,10,157,20,187,38,0,38,225
10/13/2012,OPF,FL,ASO,ES,Federal Contract Tower,0,7,51,1,59,0,5,46,5,56,0,12,97,6,115,41,0,41,156
10/14/2012,OPF,FL,ASO,ES,Federal Contract Tower,0,6,89,9,104,0,1,32,2,35,0,7,121,11,139,18,9,27,166
10/15/2012,OPF,FL,ASO,ES,Federal Contract Tower,0,12,79,7,98,0,4,70,8,82,0,16,149,15,180,62,0,62,242
10/16/2012,OPF,FL,ASO,ES,Federal Contract Tower,0,11,71,4,86,0,1,114,14,129,0,12,185,18,215,90,1,91,306
10/17/2012,OPF,FL,ASO,ES,Federal Contract Tower,0,13,99,2,114,0,10,77,16,103,0,23,176,18,217,92,0,92,309
10/18/2012,OPF,FL,ASO,ES,Federal Contract Tower,0,10,93,34,137,0,1,75,25,101,0,11,168,59,238,48,22,70,308
10/19/2012,OPF,FL,ASO,ES,Federal Contract Tower,2,10,73,4,89,0,4,84,9,97,2,14,157,13,186,123,10,133,319
10/20/2012,OPF,FL,ASO,ES,Federal Contract Tower,0,6,59,6,71,0,2,84,8,94,0,8,143,14,165,70,1,71,236
10/21/2012,OPF,FL,ASO,ES,Federal Contract Tower,2,10,68,3,83,0,1,72,6,79,2,11,140,9,162,77,0,77,239
10/22/2012,OPF,FL,ASO,ES,Federal Contract Tower,0,10,87,6,103,0,0,54,9,63,0,10,141,15,166,49,0,49,215
10/23/2012,OPF,FL,ASO,ES,Federal Contract Tower,0,15,79,14,108,0,6,58,14,78,0,21,137,28,186,20,9,29,215
10/24/2012,OPF,FL,ASO,ES,Federal Contract Tower,0,9,71,3,83,0,4,63,13,80,0,13,134,16,163,60,0,60,223
10/25/2012,OPF,FL,ASO,ES,Federal Contract Tower,0,4,43,1,48,0,0,9,3,12,0,4,52,4,60,13,29,42,102
10/26/2012,OPF,FL,ASO,ES,Federal Contract Tower,0,8,31,10,49,0,3,10,10,23,0,11,41,20,72,0,0,0,72
10/27/2012,OPF,FL,ASO,ES,Federal Contract Tower,0,13,57,3,73,0,3,48,3,54,0,16,105,6,127,39,0,39,166
10/28/2012,OPF,FL,ASO,ES,Federal Contract Tower,0,15,82,1,98,0,3,48,7,58,0,18,130,8,156,89,0,89,245
10/29/2012,OPF,FL,ASO,ES,Federal Contract Tower,0,12,56,1,69,0,79,14,0,93,0,91,70,1,162,101,10,111,273
10/30/2012,OPF,FL,ASO,ES,Federal Contract Tower,0,11,90,3,104,0,6,119,14,139,0,17,209,17,243,104,7,111,354
10/31/2012,OPF,FL,ASO,ES,Federal Contract Tower,0,12,69,3,84,0,0,111,5,116,0,12,180,8,200,119,12,131,331
11/01/2012,OPF,FL,ASO,ES,Federal Contract Tower,0,9,111,2,122,0,2,90,7,99,0,11,201,9,221,83,0,83,304
11/02/2012,OPF,FL,ASO,ES,Federal Contract Tower,1,5,90,11,107,0,5,97,21,123,1,10,187,32,230,58,12,70,300
11/03/2012,OPF,FL,ASO,ES,Federal Contract Tower,0,18,52,1,71,0,1,115,18,134,0,19,167,19,205,77,0,77,282
11/04/2012,OPF,FL,ASO,ES,Federal Contract Tower,0,14,68,2,84,0,3,76,10,89,0,17,144,12,173,47,0,47,220
11/05/2012,OPF,FL,ASO,ES,Federal Contract Tower,0,8,81,0,89,0,5,89,17,111,0,13,170,17,200,68,29,97,297
11/06/2012,OPF,FL,ASO,ES,Federal Contract Tower,0,10,56,7,73,0,5,86,20,111,0,15,142,27,184,82,3,85,269
11/07/2012,OPF,FL,ASO,ES,Federal Contract Tower,0,19,71,1,91,0,3,97,9,109,0,22,168,10,200,112,1,113,313
11/08/2012,OPF,FL,ASO,ES,Federal Contract Tower,0,11,71,25,107,0,1,94,14,109,0,12,165,39,216,40,20,60,276
11/09/2012,OPF,FL,ASO,ES,Federal Contract Tower,0,17,92,8,117,0,2,88,5,95,0,19,180,13,212,68,7,75,287
11/10/2012,OPF,FL,ASO,ES,Federal Contract Tower,0,7,58,1,66,0,6,86,9,101,0,13,144,10,167,110,2,112,279
11/11/2012,OPF,FL,ASO,ES,Federal Contract Tower,0,12,76,5,93,0,0,81,21,102,0,12,157,26,195,10,16,26,221
11/12/2012,OPF,FL,ASO,ES,Federal Contract Tower,0,18,83,5,106,0,1,86,4,91,0,19,169,9,197,74,0,74,271
11/13/2012,OPF,FL,ASO,ES,Federal Contract Tower,0,32,77,3,112,0,3,97,8,108,0,35,174,11,220,112,29,141,361
11/14/2012,OPF,FL,ASO,ES,Federal Contract Tower,0,13,93,3,109,0,2,107,10,119,0,15,200,13,228,109,2,111,339
11/15/2012,OPF,FL,ASO,ES,Federal Contract Tower,2,17,81,12,112,0,3,66,20,89,2,20,147,32,201,170,0,170,371
11/16/2012,OPF,FL,ASO,ES,Federal Contract Tower,0,11,129,3,143,0,5,82,10,97,0,16,211,13,240,204,2,206,446
11/17/2012,OPF,FL,ASO,ES,Federal Contract Tower,0,3,77,2,82,0,4,91,5,100,0,7,168,7,182,159,0,159,341
11/18/2012,OPF,FL,ASO,ES,Federal Contract Tower,0,8,95,2,105,0,3,78,3,84,0,11,173,5,189,20,0,20,209
11/19/2012,OPF,FL,ASO,ES,Federal Contract Tower,0,21,95,5,121,0,1,95,21,117,0,22,190,26,238,99,14,113,351
11/20/2012,OPF,FL,ASO,ES,Federal Contract Tower,0,21,132,13,166,0,0,27,13,40,0,21,159,26,206,37,0,37,243
11/21/2012,OPF,FL,ASO,ES,Federal Contract Tower,0,17,118,2,137,0,2,110,8,120,0,19,228,10,257,75,16,91,348
11/22/2012,OPF,FL,ASO,ES,Federal Contract Tower,0,7,45,4,56,0,6,56,7,69,0,13,101,11,125,37,0,37,162
11/23/2012,OPF,FL,ASO,ES,Federal Contract Tower,0,10,51,4,65,0,1,70,3,74,0,11,121,7,139,63,17,80,219
11/24/2012,OPF,FL,ASO,ES,Federal Contract Tower,0,6,54,0,60,0,22,82,11,115,0,28,136,11,175,75,0,75,250
11/25/2012,OPF,FL,ASO,ES,Federal Contract Tower,0,13,139,0,152,0,4,85,12,101,0,17,224,12,253,58,4,62,315
11/26/2012,OPF,FL,ASO,ES,Federal Contract Tower,1,17,81,0,99,0,0,68,17,85,1,17,149,17,184,73,13,86,270
11/27/2012,OPF,FL,ASO,ES,Federal Contract Tower,0,6,101,11,118,0,7,88,13,108,0,13,189,24,226,81,3,84,310
11/28/2012,OPF,FL,ASO,ES,Federal Contract Tower,0,18,83,4,105,0,4,98,10,112,0,22,181,14,217,34,37,71,288
11/29/2012,OPF,FL,ASO,ES,Federal Contract Tower,0,15,90,4,109,0,4,84,18,106,0,19,174,22,215,74,0,74,289
11/30/2012,OPF,FL,ASO,ES,Federal Contract Tower,0,12,109,0,121,0,4,78,20,102,0,16,187,20,223,108,10,118,341
12/01/2012,OPF,FL,ASO,ES,Federal Contract Tower,0,6,62,3,71,0,10,91,7,108,0,16,153,10,179,92,3,95,274
12/02/2012,OPF,FL,ASO,ES,Federal Contract Tower,0,7,87,4,98,0,4,58,22,84,0,11,145,26,182,84,4,88,270
12/03/2012,OPF,FL,ASO,ES,Federal Contract Tower,0,10,105,5,120,0,0,84,26,110,0,10,189,31,230,107,29,136,366
12/04/2012,OPF,FL,ASO,ES,Federal Contract Tower,0,16,99,2,117,0,4,90,12,106,0,20,189,14,223,120,0,120,343
12/05/2012,OPF,FL,ASO,ES,Federal Contract Tower,0,17,107,0,124,0,2,76,6,84,0,19,183,6,208,202,32,234,442
12/06/2012,OPF,FL,ASO,ES,Federal Contract Tower,0,21,87,15,123,0,8,80,18,106,0,29,167,33,229,150,30,180,409
12/07/2012,OPF,FL,ASO,ES,Federal Contract Tower,0,13,110,2,125,0,3,111,8,122,0,16,221,10,247,125,46,171,418
12/08/2012,OPF,FL,ASO,ES,Federal Contract Tower,0,18,76,1,95,0,1,108,4,113,0,19,184,5,208,51,4,55,263
12/09/2012,OPF,FL,ASO,ES,Federal Contract Tower,0,26,97,1,124,0,1,82,9,92,0,27,179,10,216,103,0,103,319
12/10/2012,OPF,FL,ASO,ES,Federal Contract Tower,0,9,85,4,98,0,2,72,11,85,0,11,157,15,183,140,13,153,336
12/11/2012,OPF,FL,ASO,ES,Federal Contract Tower,0,11,107,3,121,0,1,101,20,122,0,12,208,23,243,66,6,72,315
12/12/2012,OPF,FL,ASO,ES,Federal Contract Tower,0,16,77,3,96,0,9,94,13,116,0,25,171,16,212,101,5,106,318
12/13/2012,OPF,FL,ASO,ES,Federal Contract Tower,2,5,109,5,121,0,3,59,13,75,2,8,168,18,196,46,0,46,242
12/14/2012,OPF,FL,ASO,ES,Federal Contract Tower,0,8,99,6,113,0,1,67,15,83,0,9,166,21,196,79,4,83,279
12/15/2012,OPF,FL,ASO,ES,Federal Contract Tower,0,8,72,2,82,0,2,58,7,67,0,10,130,9,149,137,2,139,288
12/16/2012,OPF,FL,ASO,ES,Federal Contract Tower,0,9,55,5,69,0,6,61,5,72,0,15,116,10,141,37,0,37,178
12/17/2012,OPF,FL,ASO,ES,Federal Contract Tower,0,13,68,1,82,0,3,87,9,99,0,16,155,10,181,94,0,94,275
12/18/2012,OPF,FL,ASO,ES,Federal Contract Tower,0,9,89,6,104,0,2,91,17,110,0,11,180,23,214,63,2,65,279
12/19/2012,OPF,FL,ASO,ES,Federal Contract Tower,0,12,89,2,103,0,4,109,16,129,0,16,198,18,232,107,2,109,341
12/20/2012,OPF,FL,ASO,ES,Federal Contract Tower,0,19,125,4,148,0,6,89,11,106,0,25,214,15,254,100,27,127,381
12/21/2012,OPF,FL,ASO,ES,Federal Contract Tower,0,17,95,2,114,0,0,65,2,67,0,17,160,4,181,35,0,35,216
12/22/2012,OPF,FL,ASO,ES,Federal Contract Tower,0,20,125,1,146,0,5,112,4,121,0,25,237,5,267,63,0,63,330
12/23/2012,OPF,FL,ASO,ES,Federal Contract Tower,0,14,60,0,74,0,0,81,4,85,0,14,141,4,159,58,0,58,217
12/24/2012,OPF,FL,ASO,ES,Federal Contract Tower,0,7,37,0,44,0,1,62,1,64,0,8,99,1,108,17,0,17,125
12/25/2012,OPF,FL,ASO,ES,Federal Contract Tower,0,7,42,0,49,0,1,25,4,30,0,8,67,4,79,15,0,15,94
12/26/2012,OPF,FL,ASO,ES,Federal Contract Tower,0,19,114,2,135,0,5,63,2,70,0,24,177,4,205,78,0,78,283
12/27/2012,OPF,FL,ASO,ES,Federal Contract Tower,0,29,86,4,119,0,5,85,1,91,0,34,171,5,210,127,12,139,349
12/28/2012,OPF,FL,ASO,ES,Federal Contract Tower,2,22,98,1,123,0,6,76,3,85,2,28,174,4,208,125,2,127,335
12/29/2012,OPF,FL,ASO,ES,Federal Contract Tower,0,8,80,1,89,0,0,69,6,75,0,8,149,7,164,2,0,2,166
12/30/2012,OPF,FL,ASO,ES,Federal Contract Tower,0,12,85,0,97,0,6,69,4,79,0,18,154,4,176,24,0,24,200
12/31/2012,OPF,FL,ASO,ES,Federal Contract Tower,0,18,95,3,116,0,1,76,13,90,0,19,171,16,206,79,9,88,294
01/01/2013,OPF,FL,ASO,ES,Federal Contract Tower,0,18,65,0,83,0,1,39,0,40,0,19,104,0,123,30,0,30,153
01/02/2013,OPF,FL,ASO,ES,Federal Contract Tower,0,18,95,1,114,0,2,107,7,116,0,20,202,8,230,123,0,123,353
01/03/2013,OPF,FL,ASO,ES,Federal Contract Tower,0,12,89,2,103,0,1,89,10,100,0,13,178,12,203,113,0,113,316
01/04/2013,OPF,FL,ASO,ES,Federal Contract Tower,0,14,133,0,147,0,1,83,11,95,0,15,216,11,242,162,0,162,404
01/05/2013,OPF,FL,ASO,ES,Federal Contract Tower,0,32,169,4,205,0,3,65,6,74,0,35,234,10,279,58,0,58,337
01/06/2013,OPF,FL,ASO,ES,Federal Contract Tower,0,23,177,3,203,0,3,64,4,71,0,26,241,7,274,58,0,58,332
01/07/2013,OPF,FL,ASO,ES,Federal Contract Tower,0,61,199,3,263,0,0,81,1,82,0,61,280,4,345,66,0,66,411
01/08/2013,OPF,FL,ASO,ES,Federal Contract Tower,0,72,277,0,349,0,4,90,11,105,0,76,367,11,454,20,3,23,477
01/09/2013,OPF,FL,ASO,ES,Federal Contract Tower,0,8,101,2,111,0,2,66,12,80,0,10,167,14,191,54,0,54,245
01/10/2013,OPF,FL,ASO,ES,Federal Contract Tower,2,25,73,4,104,0,1,109,12,122,2,26,182,16,226,86,0,86,312
01/11/2013,OPF,FL,ASO,ES,Federal Contract Tower,0,18,71,10,99,0,1,85,17,103,0,19,156,27,202,37,0,37,239
01/12/2013,OPF,FL,ASO,ES,Federal Contract Tower,0,10,86,2,98,0,7,77,2,86,0,17,163,4,184,75,0,75,259
01/13/2013,OPF,FL,ASO,ES,Federal Contract Tower,0,9,94,8,111,0,2,76,1,79,0,11,170,9,190,22,0,22,212
01/14/2013,OPF,FL,ASO,ES,Federal Contract Tower,0,14,95,2,111,0,0,61,14,75,0,14,156,16,186,39,0,39,225
01/15/2013,OPF,FL,ASO,ES,Federal Contract Tower,0,23,77,3,103,0,0,78,14,92,0,23,155,17,195,105,0,105,300
01/16/2013,OPF,FL,ASO,ES,Federal Contract Tower,0,14,106,3,123,0,9,77,12,98,0,23,183,15,221,107,2,109,330
01/17/2013,OPF,FL,ASO,ES,Federal Contract Tower,0,29,132,11,172,0,5,58,13,76,0,34,190,24,248,69,8,77,325
01/18/2013,OPF,FL,ASO,ES,Federal Contract Tower,0,21,123,6,150,0,8,70,9,87,0,29,193,15,237,132,21,153,390
01/19/2013,OPF,FL,ASO,ES,Federal Contract Tower,0,12,80,4,96,0,3,54,5,62,0,15,134,9,158,128,0,128,286
01/20/2013,OPF,FL,ASO,ES,Federal Contract Tower,0,17,71,10,98,0,1,76,6,83,0,18,147,16,181,33,0,33,214
01/21/2013,OPF,FL,ASO,ES,Federal Contract Tower,0,28,124,3,155,0,2,114,12,128,0,30,238,15,283,121,0,121,404
01/22/2013,OPF,FL,ASO,ES,Federal Contract Tower,0,16,91,4,111,0,1,83,19,103,0,17,174,23,214,83,13,96,310
01/23/2013,OPF,FL,ASO,ES,Federal Contract Tower,0,11,85,5,101,0,0,128,30,158,0,11,213,35,259,93,40,133,392
01/24/2013,OPF,FL,ASO,ES,Federal Contract Tower,0,21,81,7,109,0,12,104,8,124,0,33,185,15,233,144,5,149,382
01/25/2013,OPF,FL,ASO,ES,Federal Contract Tower,0,19,106,5,130,0,4,119,9,132,0,23,225,14,262,121,1,122,384
01/26/2013,OPF,FL,ASO,ES,Federal Contract Tower,0,10,75,5,90,0,1,100,9,110,0,11,175,14,200,127,0,127,327
01/27/2013,OPF,FL,ASO,ES,Federal Contract Tower,1,17,94,3,115,0,1,65,3,69,1,18,159,6,184,67,0,67,251
01/28/2013,OPF,FL,ASO,ES,Federal Contract Tower,0,7,84,2,93,0,4,85,6,95,0,11,169,8,188,62,12,74,262
01/29/2013,OPF,FL,ASO,ES,Federal Contract Tower,0,7,78,4,89,0,0,69,16,85,0,7,147,20,174,150,6,156,330
01/30/2013,OPF,FL,ASO,ES,Federal Contract Tower,0,21,92,8,121,0,5,72,8,85,0,26,164,16,206,33,22,55,261
01/31/2013,OPF,FL,ASO,ES,Federal Contract Tower,0,20,116,6,142,0,0,100,9,109,0,20,216,15,251,59,0,59,310
02/01/2013,OPF,FL,ASO,ES,Federal Contract Tower,0,28,87,6,121,0,12,81,8,101,0,40,168,14,222,110,23,133,355
02/02/2013,OPF,FL,ASO,ES,Federal Contract Tower,0,12,65,0,77,0,2,78,3,83,0,14,143,3,160,80,3,83,243
02/03/2013,OPF,FL,ASO,ES,Federal Contract Tower,0,14,84,5,103,0,1,81,4,86,0,15,165,9,189,18,0,18,207
02/04/2013,OPF,FL,ASO,ES,Federal Contract Tower,0,10,98,4,112,0,2,96,19,117,0,12,194,23,229,113,16,129,358
02/05/2013,OPF,FL,ASO,ES,Federal Contract Tower,0,12,70,5,87,0,13,77,16,106,0,25,147,21,193,133,21,154,347
02/06/2013,OPF,FL,ASO,ES,Federal Contract Tower,0,13,107,4,124,0,4,101,8,113,0,17,208,12,237,150,26,176,413
02/07/2013,OPF,FL,ASO,ES,Federal Contract Tower,1,10,99,3,113,0,1,108,11,120,1,11,207,14,233,117,9,126,359
02/08/2013,OPF,FL,ASO,ES,Federal Contract Tower,0,8,138,7,153,0,3,101,13,117,0,11,239,20,270,37,14,51,321
02/09/2013,OPF,FL,ASO,ES,Federal Contract Tower,0,4,81,3,88,0,2,77,5,84,0,6,158,8,172,137,0,137,309
02/10/2013,OPF,FL,ASO,ES,Federal Contract Tower,0,8,94,4,106,0,4,78,9,91,0,12,172,13,197,54,3,57,254
02/11/2013,OPF,FL,ASO,ES,Federal Contract Tower,0,14,94,8,116,0,4,101,8,113,0,18,195,16,229,73,0,73,302
02/12/2013,OPF,FL,ASO,ES,Federal Contract Tower,0,12,92,2,106,0,1,96,12,109,0,13,188,14,215,79,36,115,330
02/13/2013,OPF,FL,ASO,ES,Federal Contract Tower,0,14,137,3,154,0,6,96,13,115,0,20,233,16,269,34,8,42,311
02/14/2013,OPF,FL,ASO,ES,Federal Contract Tower,0,22,141,5,168,0,1,57,7,65,0,23,198,12,233,91,0,91,324
02/15/2013,OPF,FL,ASO,ES,Federal Contract Tower,0,28,209,7,244,0,1,13,6,20,0,29,222,13,264,81,4,85,349
02/16/2013,OPF,FL,ASO,ES,Federal Contract Tower,0,10,86,1,97,0,0,97,3,100,0,10,183,4,197,45,0,45,242
02/17/2013,OPF,FL,ASO,ES,Federal Contract Tower,0,25,132,0,157,0,2,68,7,77,0,27,200,7,234,10,0,10,244
02/18/2013,OPF,FL,ASO,ES,Federal Contract Tower,0,25,130,7,162,0,2,89,6,97,0,27,219,13,259,88,3,91,350
02/19/2013,OPF,FL,ASO,ES,Federal Contract Tower,0,20,90,7,117,0,1,95,7,103,0,21,185,14,220,58,2,60,280
02/20/2013,OPF,FL,ASO,ES,Federal Contract Tower,0,17,83,8,108,0,3,117,13,133,0,20,200,21,241,123,40,163,404
02/21/2013,OPF,FL,ASO,ES,Federal Contract Tower,0,22,83,8,113,0,0,120,11,131,0,22,203,19,244,88,3,91,335
02/22/2013,OPF,FL,ASO,ES,Federal Contract Tower,1,17,130,4,152,0,6,95,47,148,1,23,225,51,300,55,2,57,357
02/23/2013,OPF,FL,ASO,ES,Federal Contract Tower,0,7,77,3,87,0,3,106,7,116,0,10,183,10,203,74,5,79,282
02/24/2013,OPF,FL,ASO,ES,Federal Contract Tower,0,15,136,3,154,0,2,79,4,85,0,17,215,7,239,79,0,79,318
02/25/2013,OPF,FL,ASO,ES,Federal Contract Tower,0,17,94,5,116,0,5,96,12,113,0,22,190,17,229,88,22,110,339
02/26/2013,OPF,FL,ASO,ES,Federal Contract Tower,0,13,97,5,115,0,1,71,14,86,0,14,168,19,201,47,6,53,254
02/27/2013,OPF,FL,ASO,ES,Federal Contract Tower,0,7,93,42,142,0,2,75,24,101,0,9,168,66,243,43,23,66,309
02/28/2013,OPF,FL,ASO,ES,Federal Contract Tower,0,5,103,5,113,0,0,80,7,87,0,5,183,12,200,159,2,161,361
03/01/2013,OPF,FL,ASO,ES,Federal Contract Tower,0,11,107,8,126,0,16,83,11,110,0,27,190,19,236,117,30,147,383
03/02/2013,OPF,FL,ASO,ES,Federal Contract Tower,0,10,76,5,91,0,0,68,4,72,0,10,144,9,163,52,2,54,217
03/03/2013,OPF,FL,ASO,ES,Federal Contract Tower,0,17,107,7,131,0,4,75,4,83,0,21,182,11,214,18,0,18,232
03/04/2013,OPF,FL,ASO,ES,Federal Contract Tower,0,13,105,1,119,0,4,102,8,114,0,17,207,9,233,61,31,92,325
03/05/2013,OPF,FL,ASO,ES,Federal Contract Tower,0,12,82,4,98,0,2,106,21,129,0,14,188,25,227,119,53,172,399
03/06/2013,OPF,FL,ASO,ES,Federal Contract Tower,1,10,98,3,112,0,3,104,12,119,1,13,202,15,231,64,45,109,340
03/07/2013,OPF,FL,ASO,ES,Federal Contract Tower,0,14,70,6,90,0,3,92,16,111,0,17,162,22,201,134,21,155,356
03/08/2013,OPF,FL,ASO,ES,Federal Contract Tower,0,12,108,8,128,0,2,125,13,140,0,14,233,21,268,130,5,135,403
03/09/2013,OPF,FL,ASO,ES,Federal Contract Tower,0,12,77,3,92,0,5,83,5,93,0,17,160,8,185,158,2,160,345
03/10/2013,OPF,FL,ASO,ES,Federal Contract Tower,0,23,85,4,112,0,5,67,4,76,0,28,152,8,188,69,2,71,259
03/11/2013,OPF,FL,ASO,ES,Federal Contract Tower,0,23,99,2,124,0,4,74,16,94,0,27,173,18,218,88,43,131,349
03/12/2013,OPF,FL,ASO,ES,Federal Contract Tower,0,9,80,6,95,0,0,75,14,89,0,9,155,20,184,115,17,132,316
03/13/2013,OPF,FL,ASO,ES,Federal Contract Tower,0,9,89,8,106,0,2,100,11,113,0,11,189,19,219,49,25,74,293
03/14/2013,OPF,FL,ASO,ES,Federal Contract Tower,0,10,86,8,104,0,1,96,15,112,0,11,182,23,216,80,15,95,311
03/15/2013,OPF,FL,ASO,ES,Federal Contract Tower,0,16,98,2,116,0,7,120,8,135,0,23,218,10,251,66,27,93,344
03/16/2013,OPF,FL,ASO,ES,Federal Contract Tower,0,6,96,0,102,0,1,118,7,126,0,7,214,7,228,119,0,119,347
03/17/2013,OPF,FL,ASO,ES,Federal Contract Tower,0,11,105,2,118,0,4,94,6,104,0,15,199,8,222,22,2,24,246
03/18/2013,OPF,FL,ASO,ES,Federal Contract Tower,0,12,80,8,100,0,2,63,10,75,0,14,143,18,175,100,37,137,312
03/19/2013,OPF,FL,ASO,ES,Federal Contract Tower,0,10,92,7,109,0,7,74,12,93,0,17,166,19,202,128,39,167,369
03/20/2013,OPF,FL,ASO,ES,Federal Contract Tower,0,10,83,0,93,0,1,70,9,80,0,11,153,9,173,124,0,124,297
03/21/2013,OPF,FL,ASO,ES,Federal Contract Tower,0,16,120,7,143,0,8,111,17,136,0,24,231,24,279,58,24,82,361
03/22/2013,OPF,FL,ASO,ES,Federal Contract Tower,0,19,149,1,169,0,4,97,9,110,0,23,246,10,279,129,6,135,414
03/23/2013,OPF,FL,ASO,ES,Federal Contract Tower,0,7,115,8,130,0,5,104,2,111,0,12,219,10,241,98,0,98,339
03/24/2013,OPF,FL,ASO,ES,Federal Contract Tower,0,26,103,0,129,0,8,38,9,55,0,34,141,9,184,2,0,2,186
03/25/2013,OPF,FL,ASO,ES,Federal Contract Tower,0,18,91,0,109,0,4,81,6,91,0,22,172,6,200,159,0,159,359
03/26/2013,OPF,FL,ASO,ES,Federal Contract Tower,0,9,97,2,108,0,4,108,10,122,0,13,205,12,230,72,14,86,316
03/27/2013,OPF,FL,ASO,ES,Federal Contract Tower,0,10,107,0,117,0,2,130,9,141,0,12,237,9,258,125,33,158,416
03/28/2013,OPF,FL,ASO,ES,Federal Contract Tower,0,18,118,0,136,0,0,126,3,129,0,18,244,3,265,124,67,191,456
03/29/2013,OPF,FL,ASO,ES,Federal Contract Tower,0,19,86,0,105,0,3,94,6,103,0,22,180,6,208,99,44,143,351
03/30/2013,OPF,FL,ASO,ES,Federal Contract Tower,0,10,108,3,121,0,6,118,14,138,0,16,226,17,259,93,3,96,355
03/31/2013,OPF,FL,ASO,ES,Federal Contract Tower,0,27,112,15,154,0,2,77,4,83,0,29,189,19,237,28,21,49,286
04/01/2013,OPF,FL,ASO,ES,Federal Contract Tower,0,15,143,1,159,0,1,86,10,97,0,16,229,11,256,93,48,141,397
04/02/2013,OPF,FL,ASO,ES,Federal Contract Tower,0,16,95,1,112,0,3,94,5,102,0,19,189,6,214,63,53,116,330
04/03/2013,OPF,FL,ASO,ES,Federal Contract Tower,2,9,79,4,94,0,3,109,7,119,2,12,188,11,213,167,28,195,408
04/04/2013,OPF,FL,ASO,ES,Federal Contract Tower,0,19,98,0,117,0,2,60,9,71,0,21,158,9,188,33,40,73,261
04/05/2013,OPF,FL,ASO,ES,Federal Contract Tower,0,13,120,1,134,0,3,32,0,35,0,16,152,1,169,0,0,0,169
04/06/2013,OPF,FL,ASO,ES,Federal Contract Tower,0,15,94,1,110,0,1,111,6,118,0,16,205,7,228,62,10,72,300
04/07/2013,OPF,FL,ASO,ES,Federal Contract Tower,0,13,100,2,115,0,6,91,10,107,0,19,191,12,222,46,0,46,268
04/08/2013,OPF,FL,ASO,ES,Federal Contract Tower,0,10,69,1,80,0,4,91,9,104,0,14,160,10,184,180,0,180,364
04/09/2013,OPF,FL,ASO,ES,Federal Contract Tower,2,13,75,9,99,0,2,115,14,131,2,15,190,23,230,81,10,91,321
04/10/2013,OPF,FL,ASO,ES,Federal Contract Tower,0,17,75,8,100,0,5,87,9,101,0,22,162,17,201,77,6,83,284
04/11/2013,OPF,FL,ASO,ES,Federal Contract Tower,0,29,100,5,134,0,0,92,21,113,0,29,192,26,247,18,0,18,265
04/12/2013,OPF,FL,ASO,ES,Federal Contract Tower,0,3,81,11,95,0,5,92,13,110,0,8,173,24,205,21,0,21,226
04/13/2013,OPF,FL,ASO,ES,Federal Contract Tower,0,8,37,2,47,0,0,36,2,38,0,8,73,4,85,16,0,16,101
04/14/2013,OPF,FL,ASO,ES,Federal Contract Tower,0,16,65,3,84,0,9,55,2,66,0,25,120,5,150,58,0,58,208
04/15/2013,OPF,FL,ASO,ES,Federal Contract Tower,0,11,64,1,76,0,4,56,4,64,0,15,120,5,140,50,0,50,190
04/16/2013,OPF,FL,ASO,ES,Federal Contract Tower,0,10,64,4,78,0,2,107,11,120,0,12,171,15,198,115,0,115,313
04/17/2013,OPF,FL,ASO,ES,Federal Contract Tower,2,6,71,11,90,0,0,93,4,97,2,6,164,15,187,96,0,96,283
04/18/2013,OPF,FL,ASO,ES,Federal Contract Tower,0,8,91,2,101,0,2,114,13,129,0,10,205,15,230,31,3,34,264
04/19/2013,OPF,FL,ASO,ES,Federal Contract Tower,0,23,84,3,110,0,1,107,7,115,0,24,191,10,225,42,0,42,267
04/20/2013,OPF,FL,ASO,ES,Federal Contract Tower,0,5,88,1,94,0,1,79,3,83,0,6,167,4,177,41,0,41,218
04/21/2013,OPF,FL,ASO,ES,Federal Contract Tower,0,18,77,6,101,0,3,48,18,69,0,21,125,24,170,19,0,19,189
04/22/2013,OPF,FL,ASO,ES,Federal Contract Tower,0,8,84,5,97,0,2,58,3,63,0,10,142,8,160,86,0,86,246
04/23/2013,OPF,FL,ASO,ES,Federal Contract Tower,2,10,115,5,132,0,1,117,12,130,2,11,232,17,262,33,0,33,295
04/24/2013,OPF,FL,ASO,ES,Federal Contract Tower,0,11,93,6,110,0,3,109,13,125,0,14,202,19,235,96,0,96,331
04/25/2013,OPF,FL,ASO,ES,Federal Contract Tower,0,15,81,7,103,0,3,102,14,119,0,18,183,21,222,46,0,46,268
04/26/2013,OPF,FL,ASO,ES,Federal Contract Tower,0,19,76,1,96,0,0,121,4,125,0,19,197,5,221,224,0,224,445
04/27/2013,OPF,FL,ASO,ES,Federal Contract Tower,0,5,76,0,81,0,3,108,4,115,0,8,184,4,196,177,0,177,373
04/28/2013,OPF,FL,ASO,ES,Federal Contract Tower,0,20,87,0,107,0,2,59,2,63,0,22,146,2,170,27,0,27,197
04/29/2013,OPF,FL,ASO,ES,Federal Contract Tower,0,9,75,9,93,0,2,56,15,73,0,11,131,24,166,48,0,48,214
04/30/2013,OPF,FL,ASO,ES,Federal Contract Tower,0,13,91,8,112,0,5,50,15,70,0,18,141,23,182,63,2,65,247
05/01/2013,OPF,FL,ASO,ES,Federal Contract Tower,2,14,89,5,110,0,5,68,26,99,2,19,157,31,209,82,0,82,291
05/02/2013,OPF,FL,ASO,ES,Federal Contract Tower,0,13,77,4,94,0,2,57,6,65,0,15,134,10,159,95,0,95,254
05/03/2013,OPF,FL,ASO,ES,Federal Contract Tower,0,9,83,0,92,0,3,69,16,88,0,12,152,16,180,23,0,23,203
05/04/2013,OPF,FL,ASO,ES,Federal Contract Tower,1,15,73,0,89,0,0,97,6,103,1,15,170,6,192,86,0,86,278
05/05/2013,OPF,FL,ASO,ES,Federal Contract Tower,0,12,68,2,82,0,1,50,10,61,0,13,118,12,143,22,0,22,165
05/06/2013,OPF,FL,ASO,ES,Federal Contract Tower,0,14,99,3,116,0,0,94,14,108,0,14,193,17,224,114,0,114,338
05/07/2013,OPF,FL,ASO,ES,Federal Contract Tower,2,16,68,3,89,0,0,95,5,100,2,16,163,8,189,133,2,135,324
05/08/2013,OPF,FL,ASO,ES,Federal Contract Tower,0,17,81,3,101,0,2,108,12,122,0,19,189,15,223,72,18,90,313
05/09/2013,OPF,FL,ASO,ES,Federal Contract Tower,0,15,69,0,84,0,2,106,4,112,0,17,175,4,196,148,0,148,344
05/10/2013,OPF,FL,ASO,ES,Federal Contract Tower,0,31,74,0,105,0,4,96,11,111,0,35,170,11,216,72,3,75,291
05/11/2013,OPF,FL,ASO,ES,Federal Contract Tower,0,16,64,1,81,0,1,86,6,93,0,17,150,7,174,86,0,86,260
05/12/2013,OPF,FL,ASO,ES,Federal Contract Tower,0,21,71,3,95,0,2,59,3,64,0,23,130,6,159,102,0,102,261
05/13/2013,OPF,FL,ASO,ES,Federal Contract Tower,0,27,85,7,119,0,0,98,11,109,0,27,183,18,228,174,0,174,402
05/14/2013,OPF,FL,ASO,ES,Federal Contract Tower,0,17,84,3,104,0,4,102,12,118,0,21,186,15,222,114,7,121,343
05/15/2013,OPF,FL,ASO,ES,Federal Contract Tower,2,17,92,0,111,0,7,106,2,115,2,24,198,2,226,199,0,199,425
05/16/2013,OPF,FL,ASO,ES,Federal Contract Tower,0,14,58,0,72,0,2,106,7,115,0,16,164,7,187,162,7,169,356
05/17/2013,OPF,FL,ASO,ES,Federal Contract Tower,0,22,76,5,103,0,0,96,3,99,0,22,172,8,202,170,0,170,372
05/18/2013,OPF,FL,ASO,ES,Federal Contract Tower,0,12,39,1,52,0,3,77,7,87,0,15,116,8,139,100,0,100,239
05/19/2013,OPF,FL,ASO,ES,Federal Contract Tower,0,9,55,4,68,0,3,67,9,79,0,12,122,13,147,103,0,103,250
05/20/2013,OPF,FL,ASO,ES,Federal Contract Tower,0,14,61,1,76,0,0,50,5,55,0,14,111,6,131,47,4,51,182
05/21/2013,OPF,FL,ASO,ES,Federal Contract Tower,2,17,68,6,93,0,0,56,16,72,2,17,124,22,165,79,0,79,244
05/22/2013,OPF,FL,ASO,ES,Federal Contract Tower,0,16,77,6,99,0,5,70,3,78,0,21,147,9,177,137,3,140,317
05/23/2013,OPF,FL,ASO,ES,Federal Contract Tower,0,10,83,5,98,0,3,97,5,105,0,13,180,10,203,140,12,152,355
05/24/2013,OPF,FL,ASO,ES,Federal Contract Tower,0,23,110,0,133,0,4,145,9,158,0,27,255,9,291,116,8,124,415
05/25/2013,OPF,FL,ASO,ES,Federal Contract Tower,0,8,59,0,67,0,1,83,5,89,0,9,142,5,156,57,3,60,216
05/26/2013,OPF,FL,ASO,ES,Federal Contract Tower,0,13,45,0,58,0,2,45,9,56,0,15,90,9,114,55,0,55,169
05/27/2013,OPF,FL,ASO,ES,Federal Contract Tower,0,19,75,4,98,0,1,104,8,113,0,20,179,12,211,5,0,5,216
05/28/2013,OPF,FL,ASO,ES,Federal Contract Tower,0,14,48,4,66,0,2,65,9,76,0,16,113,13,142,49,16,65,207
05/29/2013,OPF,FL,ASO,ES,Federal Contract Tower,0,11,55,2,68,0,2,32,4,38,0,13,87,6,106,10,0,10,116
05/30/2013,OPF,FL,ASO,ES,Federal Contract Tower,2,19,67,3,91,0,1,56,12,69,2,20,123,15,160,50,10,60,220
05/31/2013,OPF,FL,ASO,ES,Federal Contract Tower,0,17,84,3,104,0,0,73,15,88,0,17,157,18,192,121,4,125,317
06/01/2013,OPF,FL,ASO,ES,Federal Contract Tower,0,11,58,3,72,0,0,67,5,72,0,11,125,8,144,81,0,81,225
06/02/2013,OPF,FL,ASO,ES,Federal Contract Tower,0,13,49,3,65,0,3,40,4,47,0,16,89,7,112,36,0,36,148
06/03/2013,OPF,FL,ASO,ES,Federal Contract Tower,0,19,60,2,81,0,2,69,11,82,0,21,129,13,163,146,31,177,340
06/04/2013,OPF,FL,ASO,ES,Federal Contract Tower,0,21,71,5,97,0,2,44,16,62,0,23,115,21,159,66,12,78,237
06/05/2013,OPF,FL,ASO,ES,Federal Contract Tower,0,14,69,1,84,0,3,62,12,77,0,17,131,13,161,77,0,77,238
06/06/2013,OPF,FL,ASO,ES,Federal Contract Tower,0,14,65,0,79,0,2,40,140,182,0,16,105,140,261,15,13,28,289
06/07/2013,OPF,FL,ASO,ES,Federal Contract Tower,0,9,73,2,84,0,0,32,8,40,0,9,105,10,124,30,16,46,170
06/08/2013,OPF,FL,ASO,ES,Federal Contract Tower,0,8,55,0,63,0,4,84,2,90,0,12,139,2,153,97,0,97,250
06/09/2013,OPF,FL,ASO,ES,Federal Contract Tower,0,32,83,2,117,0,3,67,5,75,0,35,150,7,192,45,0,45,237
06/10/2013,OPF,FL,ASO,ES,Federal Contract Tower,0,18,91,1,110,0,1,92,7,100,0,19,183,8,210,60,3,63,273
06/11/2013,OPF,FL,ASO,ES,Federal Contract Tower,0,16,61,3,80,0,6,70,13,89,0,22,131,16,169,131,12,143,312
06/12/2013,OPF,FL,ASO,ES,Federal Contract Tower,0,7,61,5,73,0,0,47,5,52,0,7,108,10,125,73,14,87,212
06/13/2013,OPF,FL,ASO,ES,Federal Contract Tower,1,13,72,5,91,0,4,74,11,89,1,17,146,16,180,162,0,162,342
06/14/2013,OPF,FL,ASO,ES,Federal Contract Tower,0,14,66,13,93,0,1,90,16,107,0,15,156,29,200,129,51,180,380
06/15/2013,OPF,FL,ASO,ES,Federal Contract Tower,0,13,46,1,60,0,4,78,7,89,0,17,124,8,149,127,0,127,276
06/16/2013,OPF,FL,ASO,ES,Federal Contract Tower,0,10,45,1,56,0,2,63,12,77,0,12,108,13,133,60,0,60,193
06/17/2013,OPF,FL,ASO,ES,Federal Contract Tower,0,10,75,6,91,0,4,81,12,97,0,14,156,18,188,89,0,89,277
06/18/2013,OPF,FL,ASO,ES,Federal Contract Tower,0,33,60,7,100,0,1,97,16,114,0,34,157,23,214,111,17,128,342
06/19/2013,OPF,FL,ASO,ES,Federal Contract Tower,0,7,68,6,81,0,5,88,6,99,0,12,156,12,180,97,12,109,289
06/20/2013,OPF,FL,ASO,ES,Federal Contract Tower,0,14,91,3,108,0,3,100,15,118,0,17,191,18,226,165,0,165,391
06/21/2013,OPF,FL,ASO,ES,Federal Contract Tower,0,29,80,2,111,0,4,94,8,106,0,33,174,10,217,106,0,106,323
06/22/2013,OPF,FL,ASO,ES,Federal Contract Tower,0,19,60,2,81,0,0,75,5,80,0,19,135,7,161,105,1,106,267
06/23/2013,OPF,FL,ASO,ES,Federal Contract Tower,0,14,55,0,69,0,2,59,3,64,0,16,114,3,133,23,0,23,156
06/24/2013,OPF,FL,ASO,ES,Federal Contract Tower,0,10,56,4,70,0,3,93,11,107,0,13,149,15,177,125,0,125,302
06/25/2013,OPF,FL,ASO,ES,Federal Contract Tower,0,12,81,4,97,0,2,82,10,94,0,14,163,14,191,121,10,131,322
06/26/2013,OPF,FL,ASO,ES,Federal Contract Tower,0,9,65,3,77,0,3,97,2,102,0,12,162,5,179,111,0,111,290
06/27/2013,OPF,FL,ASO,ES,Federal Contract Tower,0,21,73,2,96,0,2,101,8,111,0,23,174,10,207,76,0,76,283
06/28/2013,OPF,FL,ASO,ES,Federal Contract Tower,0,20,73,1,94,0,8,84,9,101,0,28,157,10,195,108,0,108,303
06/29/2013,OPF,FL,ASO,ES,Federal Contract Tower,0,13,59,1,73,0,2,119,8,129,0,15,178,9,202,78,0,78,280
06/30/2013,OPF,FL,ASO,ES,Federal Contract Tower,0,12,54,0,66,0,5,59,8,72,0,17,113,8,138,34,0,34,172
07/01/2013,OPF,FL,ASO,ES,Federal Contract Tower,0,13,72,4,89,0,1,72,16,89,0,14,144,20,178,76,9,85,263
07/02/2013,OPF,FL,ASO,ES,Federal Contract Tower,0,9,45,7,61,0,0,47,12,59,0,9,92,19,120,103,40,143,263
07/03/2013,OPF,FL,ASO,ES,Federal Contract Tower,0,6,62,3,71,0,0,119,19,138,0,6,181,22,209,117,0,117,326
07/04/2013,OPF,FL,ASO,ES,Federal Contract Tower,0,5,53,2,60,0,6,66,0,72,0,11,119,2,132,49,0,49,181
07/05/2013,OPF,FL,ASO,ES,Federal Contract Tower,0,9,43,4,56,0,4,64,2,70,0,13,107,6,126,66,0,66,192
07/06/2013,OPF,FL,ASO,ES,Federal Contract Tower,0,13,44,0,57,0,4,69,5,78,0,17,113,5,135,33,0,33,168
07/07/2013,OPF,FL,ASO,ES,Federal Contract Tower,0,16,80,1,97,0,1,96,9,106,0,17,176,10,203,22,0,22,225
07/08/2013,OPF,FL,ASO,ES,Federal Contract Tower,0,15,66,5,86,0,1,81,12,94,0,16,147,17,180,159,29,188,368
07/09/2013,OPF,FL,ASO,ES,Federal Contract Tower,2,7,72,12,93,0,0,87,16,103,2,7,159,28,196,169,23,192,388
07/10/2013,OPF,FL,ASO,ES,Federal Contract Tower,2,10,75,2,89,0,1,66,8,75,2,11,141,10,164,180,22,202,366
07/11/2013,OPF,FL,ASO,ES,Federal Contract Tower,0,19,57,1,77,0,2,87,10,99,0,21,144,11,176,206,3,209,385
07/12/2013,OPF,FL,ASO,ES,Federal Contract Tower,0,20,69,5,94,0,2,61,10,73,0,22,130,15,167,67,12,79,246
07/13/2013,OPF,FL,ASO,ES,Federal Contract Tower,0,8,37,2,47,0,12,46,2,60,0,20,83,4,107,108,0,108,215
07/14/2013,OPF,FL,ASO,ES,Federal Contract Tower,0,14,59,2,75,0,0,53,5,58,0,14,112,7,133,28,0,28,161
07/15/2013,OPF,FL,ASO,ES,Federal Contract Tower,0,9,52,4,65,0,0,75,13,88,0,9,127,17,153,184,18,202,355
07/16/2013,OPF,FL,ASO,ES,Federal Contract Tower,0,13,68,2,83,0,1,70,12,83,0,14,138,14,166,149,10,159,325
07/17/2013,OPF,FL,ASO,ES,Federal Contract Tower,0,11,54,2,67,0,3,36,12,51,0,14,90,14,118,56,20,76,194
07/18/2013,OPF,FL,ASO,ES,Federal Contract Tower,0,8,66,8,82,0,0,63,9,72,0,8,129,17,154,152,27,179,333
07/19/2013,OPF,FL,ASO,ES,Federal Contract Tower,2,29,70,1,102,0,2,112,7,121,2,31,182,8,223,167,0,167,390
07/20/2013,OPF,FL,ASO,ES,Federal Contract Tower,0,3,60,2,65,0,4,88,9,101,0,7,148,11,166,74,21,95,261
07/21/2013,OPF,FL,ASO,ES,Federal Contract Tower,0,11,67,1,79,0,4,67,7,78,0,15,134,8,157,91,8,99,256
07/22/2013,OPF,FL,ASO,ES,Federal Contract Tower,0,9,51,1,61,0,5,80,10,95,0,14,131,11,156,255,1,256,412
07/23/2013,OPF,FL,ASO,ES,Federal Contract Tower,0,11,82,6,99,0,4,95,12,111,0,15,177,18,210,285,20,305,515
07/24/2013,OPF,FL,ASO,ES,Federal Contract Tower,2,8,77,13,100,0,0,103,4,107,2,8,180,17,207,91,2,93,300
07/25/2013,OPF,FL,ASO,ES,Federal Contract Tower,0,10,88,2,100,0,0,133,9,142,0,10,221,11,242,168,4,172,414
07/26/2013,OPF,FL,ASO,ES,Federal Contract Tower,0,16,92,2,110,0,0,100,5,105,0,16,192,7,215,121,0,121,336
07/27/2013,OPF,FL,ASO,ES,Federal Contract Tower,0,8,64,1,73,0,0,54,3,57,0,8,118,4,130,46,0,46,176
07/28/2013,OPF,FL,ASO,ES,Federal Contract Tower,0,10,48,1,59,0,1,69,4,74,0,11,117,5,133,87,0,87,220
07/29/2013,OPF,FL,ASO,ES,Federal Contract Tower,0,10,72,2,84,0,3,84,16,103,0,13,156,18,187,109,0,109,296
07/30/2013,OPF,FL,ASO,ES,Federal Contract Tower,0,14,56,11,81,0,1,65,17,83,0,15,121,28,164,163,4,167,331
07/31/2013,OPF,FL,ASO,ES,Federal Contract Tower,2,12,54,4,72,0,1,84,15,100,2,13,138,19,172,150,0,150,322
08/01/2013,OPF,FL,ASO,ES,Federal Contract Tower,0,6,79,7,92,0,3,118,15,136,0,9,197,22,228,184,0,184,412
08/02/2013,OPF,FL,ASO,ES,Federal Contract Tower,0,8,98,5,111,0,0,113,7,120,0,8,211,12,231,137,1,138,369
08/03/2013,OPF,FL,ASO,ES,Federal Contract Tower,0,7,46,3,56,0,1,49,2,52,0,8,95,5,108,97,0,97,205
08/04/2013,OPF,FL,ASO,ES,Federal Contract Tower,0,12,73,2,87,0,1,72,3,76,0,13,145,5,163,15,0,15,178
08/05/2013,OPF,FL,ASO,ES,Federal Contract Tower,0,10,61,5,76,0,1,78,3,82,0,11,139,8,158,156,4,160,318
08/06/2013,OPF,FL,ASO,ES,Federal Contract Tower,0,11,83,5,99,0,0,89,10,99,0,11,172,15,198,153,10,163,361
08/07/2013,OPF,FL,ASO,ES,Federal Contract Tower,0,7,59,1,67,0,2,97,7,106,0,9,156,8,173,62,0,62,235
08/08/2013,OPF,FL,ASO,ES,Federal Contract Tower,0,8,81,2,91,0,0,137,13,150,0,8,218,15,241,101,0,101,342
08/09/2013,OPF,FL,ASO,ES,Federal Contract Tower,2,5,75,4,86,0,9,103,17,129,2,14,178,21,215,108,52,160,375
08/10/2013,OPF,FL,ASO,ES,Federal Contract Tower,1,8,58,0,67,0,2,75,5,82,1,10,133,5,149,55,0,55,204
08/11/2013,OPF,FL,ASO,ES,Federal Contract Tower,0,16,64,6,86,0,1,62,4,67,0,17,126,10,153,53,0,53,206
08/12/2013,OPF,FL,ASO,ES,Federal Contract Tower,0,4,88,7,99,0,9,84,11,104,0,13,172,18,203,122,2,124,327
08/13/2013,OPF,FL,ASO,ES,Federal Contract Tower,2,18,90,3,113,0,2,88,7,97,2,20,178,10,210,241,0,241,451
08/14/2013,OPF,FL,ASO,ES,Federal Contract Tower,0,7,74,4,85,0,1,120,10,131,0,8,194,14,216,128,10,138,354
08/15/2013,OPF,FL,ASO,ES,Federal Contract Tower,0,12,80,5,97,0,4,77,9,90,0,16,157,14,187,126,26,152,339
08/16/2013,OPF,FL,ASO,ES,Federal Contract Tower,0,9,73,6,88,0,4,102,6,112,0,13,175,12,200,158,10,168,368
08/17/2013,OPF,FL,ASO,ES,Federal Contract Tower,0,6,57,1,64,0,1,72,7,80,0,7,129,8,144,73,0,73,217
08/18/2013,OPF,FL,ASO,ES,Federal Contract Tower,0,14,77,0,91,0,1,75,9,85,0,15,152,9,176,63,1,64,240
08/19/2013,OPF,FL,ASO,ES,Federal Contract Tower,0,5,66,15,86,0,1,85,15,101,0,6,151,30,187,94,31,125,312
08/20/2013,OPF,FL,ASO,ES,Federal Contract Tower,2,8,40,6,56,0,1,84,14,99,2,9,124,20,155,235,47,282,437
08/21/2013,OPF,FL,ASO,ES,Federal Contract Tower,0,9,91,5,105,0,2,65,6,73,0,11,156,11,178,133,4,137,315
08/22/2013,OPF,FL,ASO,ES,Federal Contract Tower,2,15,73,6,96,0,1,76,14,91,2,16,149,20,187,143,0,143,330
08/23/2013,OPF,FL,ASO,ES,Federal Contract Tower,0,8,76,12,96,0,1,86,11,98,0,9,162,23,194,196,38,234,428
08/24/2013,OPF,FL,ASO,ES,Federal Contract Tower,0,3,64,2,69,0,1,74,6,81,0,4,138,8,150,119,0,119,269
08/25/2013,OPF,FL,ASO,ES,Federal Contract Tower,0,19,64,2,85,0,3,59,6,68,0,22,123,8,153,29,0,29,182
08/26/2013,OPF,FL,ASO,ES,Federal Contract Tower,0,12,59,2,73,0,3,72,6,81,0,15,131,8,154,140,2,142,296
08/27/2013,OPF,FL,ASO,ES,Federal Contract Tower,0,13,59,1,73,0,3,72,10,85,0,16,131,11,158,86,2,88,246
08/28/2013,OPF,FL,ASO,ES,Federal Contract Tower,0,11,60,0,71,0,1,76,26,103,0,12,136,26,174,115,0,115,289
08/29/2013,OPF,FL,ASO,ES,Federal Contract Tower,0,11,82,5,98,0,2,100,16,118,0,13,182,21,216,112,0,112,328
08/30/2013,OPF,FL,ASO,ES,Federal Contract Tower,2,17,88,0,107,0,2,112,10,124,2,19,200,10,231,227,8,235,466
08/31/2013,OPF,FL,ASO,ES,Federal Contract Tower,1,2,46,0,49,0,1,70,4,75,1,3,116,4,124,67,0,67,191
09/01/2013,OPF,FL,ASO,ES,Federal Contract Tower,0,7,42,1,50,0,1,49,7,57,0,8,91,8,107,23,0,23,130
09/02/2013,OPF,FL,ASO,ES,Federal Contract Tower,0,15,83,0,98,0,1,69,8,78,0,16,152,8,176,64,0,64,240
09/03/2013,OPF,FL,ASO,ES,Federal Contract Tower,0,9,65,3,77,0,0,65,9,74,0,9,130,12,151,139,9,148,299
09/04/2013,OPF,FL,ASO,ES,Federal Contract Tower,0,4,72,7,83,0,4,70,5,79,0,8,142,12,162,143,0,143,305
09/05/2013,OPF,FL,ASO,ES,Federal Contract Tower,0,10,74,1,85,0,1,71,10,82,0,11,145,11,167,126,40,166,333
09/06/2013,OPF,FL,ASO,ES,Federal Contract Tower,2,12,70,3,87,0,3,114,8,125,2,15,184,11,212,151,10,161,373
09/07/2013,OPF,FL,ASO,ES,Federal Contract Tower,0,3,49,0,52,0,1,50,3,54,0,4,99,3,106,51,0,51,157
09/08/2013,OPF,FL,ASO,ES,Federal Contract Tower,0,9,74,0,83,0,2,54,7,63,0,11,128,7,146,21,0,21,167
09/09/2013,OPF,FL,ASO,ES,Federal Contract Tower,0,3,39,3,45,0,1,79,10,90,0,4,118,13,135,200,7,207,342
09/10/2013,OPF,FL,ASO,ES,Federal Contract Tower,2,10,68,1,81,0,2,81,11,94,2,12,149,12,175,168,9,177,352
09/11/2013,OPF,FL,ASO,ES,Federal Contract Tower,0,17,63,6,86,0,0,74,13,87,0,17,137,19,173,131,0,131,304
09/12/2013,OPF,FL,ASO,ES,Federal Contract Tower,0,15,76,1,92,0,7,65,5,77,0,22,141,6,169,177,0,177,346
09/13/2013,OPF,FL,ASO,ES,Federal Contract Tower,0,7,67,8,82,0,4,120,5,129,0,11,187,13,211,114,0,114,325
09/14/2013,OPF,FL,ASO,ES,Federal Contract Tower,0,11,64,0,75,0,1,93,3,97,0,12,157,3,172,85,0,85,257
09/15/2013,OPF,FL,ASO,ES,Federal Contract Tower,2,11,53,4,70,0,0,38,5,43,2,11,91,9,113,14,0,14,127
09/16/2013,OPF,FL,ASO,ES,Federal Contract Tower,0,13,82,15,110,0,0,42,10,52,0,13,124,25,162,16,38,54,216
09/17/2013,OPF,FL,ASO,ES,Federal Contract Tower,2,16,61,0,79,0,1,53,3,57,2,17,114,3,136,67,0,67,203
09/18/2013,OPF,FL,ASO,ES,Federal Contract Tower,0,7,67,4,78,0,1,74,8,83,0,8,141,12,161,214,16,230,391
09/19/2013,OPF,FL,ASO,ES,Federal Contract Tower,2,12,83,7,104,0,4,71,17,92,2,16,154,24,196,169,12,181,377
09/20/2013,OPF,FL,ASO,ES,Federal Contract Tower,0,14,80,6,100,0,1,88,9,98,0,15,168,15,198,120,4,124,322
09/21/2013,OPF,FL,ASO,ES,Federal Contract Tower,0,4,60,2,66,0,1,82,6,89,0,5,142,8,155,132,0,132,287
09/22/2013,OPF,FL,ASO,ES,Federal Contract Tower,1,15,66,4,86,0,3,48,6,57,1,18,114,10,143,77,0,77,220
09/23/2013,OPF,FL,ASO,ES,Federal Contract Tower,0,13,54,9,76,0,1,47,10,58,0,14,101,19,134,136,4,140,274
09/24/2013,OPF,FL,ASO,ES,Federal Contract Tower,1,6,51,2,60,0,0,66,18,84,1,6,117,20,144,35,0,35,179
09/25/2013,OPF,FL,ASO,ES,Federal Contract Tower,0,10,68,3,81,0,1,73,12,86,0,11,141,15,167,126,0,126,293
09/26/2013,OPF,FL,ASO,ES,Federal Contract Tower,0,10,82,2,94,0,5,59,18,82,0,15,141,20,176,98,10,108,284
09/27/2013,OPF,FL,ASO,ES,Federal Contract Tower,0,7,72,1,80,0,1,93,14,108,0,8,165,15,188,152,14,166,354
09/28/2013,OPF,FL,ASO,ES,Federal Contract Tower,0,9,48,0,57,0,0,79,7,86,0,9,127,7,143,90,0,90,233
09/29/2013,OPF,FL,ASO,ES,Federal Contract Tower,1,15,72,2,90,0,2,47,7,56,1,17,119,9,146,72,0,72,218
09/30/2013,OPF,FL,ASO,ES,Federal Contract Tower,0,12,73,3,88,0,0,94,15,109,0,12,167,18,197,84,8,92,289
10/01/2013,OPF,FL,ASO,ES,Federal Contract Tower,0,14,49,1,64,0,0,0,0,0,0,14,49,1,64,165,0,165,229
10/02/2013,OPF,FL,ASO,ES,Federal Contract Tower,0,14,74,6,94,0,0,58,21,79,0,14,132,27,173,59,0,59,232
10/03/2013,OPF,FL,ASO,ES,Federal Contract Tower,2,14,88,0,104,0,8,88,10,106,2,22,176,10,210,68,12,80,290
10/04/2013,OPF,FL,ASO,ES,Federal Contract Tower,0,19,88,1,108,0,3,94,9,106,0,22,182,10,214,104,0,104,318
10/05/2013,OPF,FL,ASO,ES,Federal Contract Tower,0,1,51,0,52,0,3,69,7,79,0,4,120,7,131,57,0,57,188
10/06/2013,OPF,FL,ASO,ES,Federal Contract Tower,1,16,64,0,81,0,2,79,7,88,1,18,143,7,169,45,0,45,214
10/07/2013,OPF,FL,ASO,ES,Federal Contract Tower,0,12,71,7,90,0,10,84,17,111,0,22,155,24,201,161,10,171,372
10/08/2013,OPF,FL,ASO,ES,Federal Contract Tower,0,17,93,6,116,0,1,88,16,105,0,18,181,22,221,92,15,107,328
10/09/2013,OPF,FL,ASO,ES,Federal Contract Tower,1,32,98,5,136,0,3,100,10,113,1,35,198,15,249,216,20,236,485
10/10/2013,OPF,FL,ASO,ES,Federal Contract Tower,0,14,79,3,96,0,0,0,0,0,0,14,79,3,96,176,24,200,296
10/11/2013,OPF,FL,ASO,ES,Federal Contract Tower,0,14,79,11,104,0,1,114,28,143,0,15,193,39,247,178,8,186,433
10/12/2013,OPF,FL,ASO,ES,Federal Contract Tower,0,10,48,0,58,0,1,76,9,86,0,11,124,9,144,116,2,118,262
10/13/2013,OPF,FL,ASO,ES,Federal Contract Tower,0,14,45,2,61,0,0,65,3,68,0,14,110,5,129,38,0,38,167
10/14/2013,OPF,FL,ASO,ES,Federal Contract Tower,0,17,87,1,105,0,0,99,3,102,0,17,186,4,207,127,0,127,334
10/15/2013,OPF,FL,ASO,ES,Federal Contract Tower,0,14,73,4,91,0,1,95,12,108,0,15,168,16,199,165,0,165,364
10/16/2013,OPF,FL,ASO,ES,Federal Contract Tower,0,10,78,2,90,0,5,87,9,101,0,15,165,11,191,194,0,194,385
10/17/2013,OPF,FL,ASO,ES,Federal Contract Tower,2,21,78,4,105,0,4,88,15,107,2,25,166,19,212,125,5,130,342
10/18/2013,OPF,FL,ASO,ES,Federal Contract Tower,0,22,79,3,104,0,5,83,7,95,0,27,162,10,199,158,0,158,357
10/19/2013,OPF,FL,ASO,ES,Federal Contract Tower,0,18,44,2,64,0,2,87,4,93,0,20,131,6,157,133,0,133,290
10/20/2013,OPF,FL,ASO,ES,Federal Contract Tower,0,28,91,0,119,0,0,58,5,63,0,28,149,5,182,62,0,62,244
10/21/2013,OPF,FL,ASO,ES,Federal Contract Tower,0,10,64,4,78,0,9,88,10,107,0,19,152,14,185,152,0,152,337
10/22/2013,OPF,FL,ASO,ES,Federal Contract Tower,0,15,64,3,82,0,2,64,11,77,0,17,128,14,159,157,13,170,329
10/23/2013,OPF,FL,ASO,ES,Federal Contract Tower,4,15,67,10,96,0,3,75,19,97,4,18,142,29,193,228,3,231,424
10/24/2013,OPF,FL,ASO,ES,Federal Contract Tower,0,17,81,5,103,0,9,94,12,115,0,26,175,17,218,134,52,186,404
10/25/2013,OPF,FL,ASO,ES,Federal Contract Tower,0,18,88,4,110,0,0,91,5,96,0,18,179,9,206,154,23,177,383
10/26/2013,OPF,FL,ASO,ES,Federal Contract Tower,0,6,48,1,55,0,8,96,7,111,0,14,144,8,166,212,0,212,378
10/27/2013,OPF,FL,ASO,ES,Federal Contract Tower,0,14,81,3,98,0,2,82,4,88,0,16,163,7,186,105,0,105,291
10/28/2013,OPF,FL,ASO,ES,Federal Contract Tower,0,23,71,3,97,0,6,80,12,98,0,29,151,15,195,214,8,222,417
10/29/2013,OPF,FL,ASO,ES,Federal Contract Tower,0,9,73,5,87,0,3,110,10,123,0,12,183,15,210,117,2,119,329
10/30/2013,OPF,FL,ASO,ES,Federal Contract Tower,0,11,89,3,103,0,7,87,6,100,0,18,176,9,203,182,10,192,395
10/31/2013,OPF,FL,ASO,ES,Federal Contract Tower,2,10,112,6,130,0,2,90,17,109,2,12,202,23,239,128,24,152,391
11/01/2013,OPF,FL,ASO,ES,Federal Contract Tower,0,21,73,8,102,0,5,106,6,117,0,26,179,14,219,130,1,131,350
11/02/2013,OPF,FL,ASO,ES,Federal Contract Tower,0,8,71,4,83,0,7,84,2,93,0,15,155,6,176,116,0,116,292
11/03/2013,OPF,FL,ASO,ES,Federal Contract Tower,0,13,79,3,95,0,1,61,5,67,0,14,140,8,162,18,0,18,180
11/04/2013,OPF,FL,ASO,ES,Federal Contract Tower,0,14,91,7,112,0,3,78,11,92,0,17,169,18,204,95,0,95,299
11/05/2013,OPF,FL,ASO,ES,Federal Contract Tower,2,17,61,7,87,0,4,47,9,60,2,21,108,16,147,19,0,19,166
11/06/2013,OPF,FL,ASO,ES,Federal Contract Tower,0,20,93,5,118,0,4,94,8,106,0,24,187,13,224,128,18,146,370
11/07/2013,OPF,FL,ASO,ES,Federal Contract Tower,0,16,98,3,117,0,0,62,0,62,0,16,160,3,179,244,0,244,423
11/08/2013,OPF,FL,ASO,ES,Federal Contract Tower,0,18,68,2,88,0,5,74,0,79,0,23,142,2,167,34,0,34,201
11/09/2013,OPF,FL,ASO,ES,Federal Contract Tower,0,3,17,2,22,0,0,11,0,11,0,3,28,2,33,0,39,39,72
11/10/2013,OPF,FL,ASO,ES,Federal Contract Tower,0,19,73,6,98,0,3,61,2,66,0,22,134,8,164,50,28,78,242
11/11/2013,OPF,FL,ASO,ES,Federal Contract Tower,0,10,99,2,111,0,0,78,7,85,0,10,177,9,196,165,11,176,372
11/12/2013,OPF,FL,ASO,ES,Federal Contract Tower,1,11,93,12,117,0,2,108,25,135,1,13,201,37,252,176,42,218,470
11/13/2013,OPF,FL,ASO,ES,Federal Contract Tower,1,13,83,11,108,0,1,68,10,79,1,14,151,21,187,62,22,84,271
11/14/2013,OPF,FL,ASO,ES,Federal Contract Tower,0,21,119,11,151,0,4,107,22,133,0,25,226,33,284,106,42,148,432
11/15/2013,OPF,FL,ASO,ES,Federal Contract Tower,0,21,96,12,129,0,0,93,10,103,0,21,189,22,232,36,9,45,277
11/16/2013,OPF,FL,ASO,ES,Federal Contract Tower,1,11,71,1,84,0,3,83,5,91,1,14,154,6,175,130,0,130,305
11/17/2013,OPF,FL,ASO,ES,Federal Contract Tower,0,20,124,3,147,0,3,83,5,91,0,23,207,8,238,54,0,54,292
11/18/2013,OPF,FL,ASO,ES,Federal Contract Tower,1,29,92,7,129,0,0,106,26,132,1,29,198,33,261,245,40,285,546
11/19/2013,OPF,FL,ASO,ES,Federal Contract Tower,0,13,91,3,107,0,4,107,18,129,0,17,198,21,236,78,15,93,329
11/20/2013,OPF,FL,ASO,ES,Federal Contract Tower,0,25,93,18,136,0,1,93,12,106,0,26,186,30,242,156,0,156,398
11/21/2013,OPF,FL,ASO,ES,Federal Contract Tower,0,2,18,102,122,0,4,93,36,133,0,6,111,138,255,91,4,95,350
11/22/2013,OPF,FL,ASO,ES,Federal Contract Tower,1,26,101,6,134,0,5,58,10,73,1,31,159,16,207,61,0,61,268
11/23/2013,OPF,FL,ASO,ES,Federal Contract Tower,0,15,57,0,72,0,5,55,6,66,0,20,112,6,138,34,0,34,172
11/24/2013,OPF,FL,ASO,ES,Federal Contract Tower,0,24,84,2,110,0,1,70,7,78,0,25,154,9,188,48,10,58,246
11/25/2013,OPF,FL,ASO,ES,Federal Contract Tower,0,18,66,6,90,0,2,52,12,66,0,20,118,18,156,46,0,46,202
11/26/2013,OPF,FL,ASO,ES,Federal Contract Tower,0,17,74,8,99,0,2,73,13,88,0,19,147,21,187,110,14,124,311
11/27/2013,OPF,FL,ASO,ES,Federal Contract Tower,1,40,100,5,146,0,7,89,11,107,1,47,189,16,253,146,8,154,407
11/28/2013,OPF,FL,ASO,ES,Federal Contract Tower,0,10,50,1,61,0,6,33,3,42,0,16,83,4,103,14,0,14,117
11/29/2013,OPF,FL,ASO,ES,Federal Contract Tower,0,16,63,0,79,0,5,86,7,98,0,21,149,7,177,78,8,86,263
11/30/2013,OPF,FL,ASO,ES,Federal Contract Tower,0,21,64,1,86,0,3,53,5,61,0,24,117,6,147,33,28,61,208
12/01/2013,OPF,FL,ASO,ES,Federal Contract Tower,0,40,141,0,181,0,9,62,10,81,0,49,203,10,262,42,0,42,304
12/02/2013,OPF,FL,ASO,ES,Federal Contract Tower,0,21,126,3,150,0,2,62,11,75,0,23,188,14,225,22,7,29,254
12/03/2013,OPF,FL,ASO,ES,Federal Contract Tower,0,33,107,6,146,0,4,118,20,142,0,37,225,26,288,186,29,215,503
12/04/2013,OPF,FL,ASO,ES,Federal Contract Tower,0,32,108,4,144,0,3,102,9,114,0,35,210,13,258,160,17,177,435
12/05/2013,OPF,FL,ASO,ES,Federal Contract Tower,0,31,112,8,151,0,3,98,22,123,0,34,210,30,274,107,15,122,396
12/06/2013,OPF,FL,ASO,ES,Federal Contract Tower,1,35,95,5,136,0,2,98,11,111,1,37,193,16,247,132,13,145,392
12/07/2013,OPF,FL,ASO,ES,Federal Contract Tower,0,18,84,5,107,0,0,99,7,106,0,18,183,12,213,138,0,138,351
12/08/2013,OPF,FL,ASO,ES,Federal Contract Tower,0,39,120,4,163,0,5,48,7,60,0,44,168,11,223,17,0,17,240
12/09/2013,OPF,FL,ASO,ES,Federal Contract Tower,0,29,105,9,143,0,1,110,14,125,0,30,215,23,268,162,19,181,449
12/10/2013,OPF,FL,ASO,ES,Federal Contract Tower,2,16,86,1,105,0,3,95,20,118,2,19,181,21,223,243,54,297,520
12/11/2013,OPF,FL,ASO,ES,Federal Contract Tower,0,20,105,10,135,0,3,99,20,122,0,23,204,30,257,188,9,197,454
12/12/2013,OPF,FL,ASO,ES,Federal Contract Tower,0,21,115,5,141,0,1,90,26,117,0,22,205,31,258,71,40,111,369
12/13/2013,OPF,FL,ASO,ES,Federal Contract Tower,0,7,90,4,101,0,5,77,12,94,0,12,167,16,195,102,0,102,297
12/14/2013,OPF,FL,ASO,ES,Federal Contract Tower,1,17,78,4,100,0,3,78,8,89,1,20,156,12,189,66,2,68,257
12/15/2013,OPF,FL,ASO,ES,Federal Contract Tower,1,30,89,3,123,0,4,45,10,59,1,34,134,13,182,57,0,57,239
12/16/2013,OPF,FL,ASO,ES,Federal Contract Tower,0,23,88,5,116,0,1,90,10,101,0,24,178,15,217,167,13,180,397
12/17/2013,OPF,FL,ASO,ES,Federal Contract Tower,0,11,111,3,125,0,4,100,18,122,0,15,211,21,247,138,2,140,387
12/18/2013,OPF,FL,ASO,ES,Federal Contract Tower,0,23,107,3,133,0,2,144,10,156,0,25,251,13,289,57,18,75,364
12/19/2013,OPF,FL,ASO,ES,Federal Contract Tower,0,5,116,9,130,0,6,119,14,139,0,11,235,23,269,166,39,205,474
12/20/2013,OPF,FL,ASO,ES,Federal Contract Tower,2,20,137,3,162,0,4,98,9,111,2,24,235,12,273,159,0,159,432
12/21/2013,OPF,FL,ASO,ES,Federal Contract Tower,0,25,70,3,98,0,5,77,5,87,0,30,147,8,185,40,7,47,232
12/22/2013,OPF,FL,ASO,ES,Federal Contract Tower,0,17,86,0,103,0,1,70,7,78,0,18,156,7,181,35,22,57,238
12/23/2013,OPF,FL,ASO,ES,Federal Contract Tower,0,30,88,2,120,0,7,114,5,126,0,37,202,7,246,118,2,120,366
12/24/2013,OPF,FL,ASO,ES,Federal Contract Tower,0,32,38,2,72,0,0,62,4,66,0,32,100,6,138,82,0,82,220
12/25/2013,OPF,FL,ASO,ES,Federal Contract Tower,0,9,28,0,37,0,4,24,7,35,0,13,52,7,72,41,0,41,113
12/26/2013,OPF,FL,ASO,ES,Federal Contract Tower,0,34,132,5,171,0,2,38,3,43,0,36,170,8,214,9,0,9,223
12/27/2013,OPF,FL,ASO,ES,Federal Contract Tower,0,32,112,1,145,0,4,99,9,112,0,36,211,10,257,50,0,50,307
12/28/2013,OPF,FL,ASO,ES,Federal Contract Tower,0,10,110,1,121,0,7,105,10,122,0,17,215,11,243,104,19,123,366
12/29/2013,OPF,FL,ASO,ES,Federal Contract Tower,0,35,94,0,129,0,10,42,7,59,0,45,136,7,188,14,2,16,204
12/30/2013,OPF,FL,ASO,ES,Federal Contract Tower,0,24,109,3,136,0,1,58,6,65,0,25,167,9,201,91,0,91,292
12/31/2013,OPF,FL,ASO,ES,Federal Contract Tower,0,16,61,1,78,0,0,56,3,59,0,16,117,4,137,12,0,12,149
01/01/2014,OPF,FL,ASO,ES,Federal Contract Tower,0,29,54,5,88,0,2,42,3,47,0,31,96,8,135,38,18,56,191
01/02/2014,OPF,FL,ASO,ES,Federal Contract Tower,0,14,118,1,133,0,10,87,10,107,0,24,205,11,240,155,5,160,400
01/03/2014,OPF,FL,ASO,ES,Federal Contract Tower,0,19,121,3,143,0,5,114,5,124,0,24,235,8,267,92,0,92,359
01/04/2014,OPF,FL,ASO,ES,Federal Contract Tower,0,43,150,3,196,0,0,64,2,66,0,43,214,5,262,96,0,96,358
01/05/2014,OPF,FL,ASO,ES,Federal Contract Tower,0,42,141,8,191,0,1,59,5,65,0,43,200,13,256,36,0,36,292
01/06/2014,OPF,FL,ASO,ES,Federal Contract Tower,0,29,129,3,161,0,1,65,13,79,0,30,194,16,240,194,0,194,434
01/07/2014,OPF,FL,ASO,ES,Federal Contract Tower,0,22,116,5,143,0,2,71,4,77,0,24,187,9,220,50,0,50,270
01/08/2014,OPF,FL,ASO,ES,Federal Contract Tower,0,21,117,15,153,0,3,13,1,17,0,24,130,16,170,33,0,33,203
01/09/2014,OPF,FL,ASO,ES,Federal Contract Tower,0,24,110,18,152,0,1,48,13,62,0,25,158,31,214,81,34,115,329
01/10/2014,OPF,FL,ASO,ES,Federal Contract Tower,0,16,101,9,126,0,1,109,12,122,0,17,210,21,248,188,14,202,450
01/11/2014,OPF,FL,ASO,ES,Federal Contract Tower,0,5,109,3,117,0,10,78,6,94,0,15,187,9,211,62,0,62,273
01/12/2014,OPF,FL,ASO,ES,Federal Contract Tower,0,21,139,6,166,0,0,73,5,78,0,21,212,11,244,86,36,122,366
01/13/2014,OPF,FL,ASO,ES,Federal Contract Tower,0,24,104,0,128,0,0,98,9,107,0,24,202,9,235,159,12,171,406
01/14/2014,OPF,FL,ASO,ES,Federal Contract Tower,0,19,88,4,111,0,9,92,15,116,0,28,180,19,227,191,0,191,418
01/15/2014,OPF,FL,ASO,ES,Federal Contract Tower,1,25,127,3,156,0,3,68,4,75,1,28,195,7,231,158,18,176,407
01/16/2014,OPF,FL,ASO,ES,Federal Contract Tower,0,33,114,4,151,0,2,91,21,114,0,35,205,25,265,103,4,107,372
01/17/2014,OPF,FL,ASO,ES,Federal Contract Tower,0,25,114,9,148,0,8,119,8,135,0,33,233,17,283,254,48,302,585
01/18/2014,OPF,FL,ASO,ES,Federal Contract Tower,0,10,82,7,99,0,0,0,0,0,0,10,82,7,99,155,0,155,254
01/19/2014,OPF,FL,ASO,ES,Federal Contract Tower,0,17,90,6,113,0,4,77,15,96,0,21,167,21,209,40,0,40,249
01/20/2014,OPF,FL,ASO,ES,Federal Contract Tower,0,17,127,1,145,0,1,135,8,144,0,18,262,9,289,161,11,172,461
01/21/2014,OPF,FL,ASO,ES,Federal Contract Tower,0,30,106,5,141,0,3,69,11,83,0,33,175,16,224,133,4,137,361
01/22/2014,OPF,FL,ASO,ES,Federal Contract Tower,0,23,113,8,144,0,4,91,17,112,0,27,204,25,256,170,28,198,454
01/23/2014,OPF,FL,ASO,ES,Federal Contract Tower,1,12,104,2,119,0,3,102,19,124,1,15,206,21,243,263,21,284,527
01/24/2014,OPF,FL,ASO,ES,Federal Contract Tower,1,23,85,11,120,0,1,107,25,133,1,24,192,36,253,120,10,130,383
01/25/2014,OPF,FL,ASO,ES,Federal Contract Tower,4,17,80,4,105,0,5,88,6,99,4,22,168,10,204,173,0,173,377
01/26/2014,OPF,FL,ASO,ES,Federal Contract Tower,1,27,109,2,139,0,1,95,3,99,1,28,204,5,238,126,0,126,364
01/27/2014,OPF,FL,ASO,ES,Federal Contract Tower,0,17,71,4,92,0,1,111,11,123,0,18,182,15,215,162,8,170,385
01/28/2014,OPF,FL,ASO,ES,Federal Contract Tower,0,12,95,3,110,0,0,146,13,159,0,12,241,16,269,171,2,173,442
01/29/2014,OPF,FL,ASO,ES,Federal Contract Tower,0,18,84,9,111,0,2,39,2,43,0,20,123,11,154,154,0,154,308
01/30/2014,OPF,FL,ASO,ES,Federal Contract Tower,0,22,122,12,156,0,0,36,8,44,0,22,158,20,200,36,43,79,279
01/31/2014,OPF,FL,ASO,ES,Federal Contract Tower,0,20,123,4,147,0,7,76,13,96,0,27,199,17,243,285,11,296,539
02/01/2014,OPF,FL,ASO,ES,Federal Contract Tower,0,15,71,1,87,0,3,96,9,108,0,18,167,10,195,169,0,169,364
02/02/2014,OPF,FL,ASO,ES,Federal Contract Tower,0,17,66,0,83,0,1,62,11,74,0,18,128,11,157,50,12,62,219
02/03/2014,OPF,FL,ASO,ES,Federal Contract Tower,0,12,115,6,133,0,0,88,10,98,0,12,203,16,231,221,41,262,493
02/04/2014,OPF,FL,ASO,ES,Federal Contract Tower,0,27,91,7,125,0,2,94,13,109,0,29,185,20,234,212,40,252,486
02/05/2014,OPF,FL,ASO,ES,Federal Contract Tower,2,31,80,3,116,0,4,93,8,105,2,35,173,11,221,166,19,185,406
02/06/2014,OPF,FL,ASO,ES,Federal Contract Tower,0,29,109,4,142,0,0,141,14,155,0,29,250,18,297,271,10,281,578
02/07/2014,OPF,FL,ASO,ES,Federal Contract Tower,0,25,119,8,152,0,2,81,10,93,0,27,200,18,245,141,21,162,407
02/08/2014,OPF,FL,ASO,ES,Federal Contract Tower,0,24,73,2,99,0,4,111,3,118,0,28,184,5,217,229,0,229,446
02/09/2014,OPF,FL,ASO,ES,Federal Contract Tower,0,33,84,10,127,0,5,47,1,53,0,38,131,11,180,25,0,25,205
02/10/2014,OPF,FL,ASO,ES,Federal Contract Tower,0,24,92,10,126,0,0,130,14,144,0,24,222,24,270,217,28,245,515
02/11/2014,OPF,FL,ASO,ES,Federal Contract Tower,0,27,105,15,147,0,4,73,18,95,0,31,178,33,242,350,5,355,597
02/12/2014,OPF,FL,ASO,ES,Federal Contract Tower,0,38,119,12,169,0,8,98,22,128,0,46,217,34,297,120,28,148,445
02/13/2014,OPF,FL,ASO,ES,Federal Contract Tower,0,26,136,3,165,0,6,73,24,103,0,32,209,27,268,57,6,63,331
02/14/2014,OPF,FL,ASO,ES,Federal Contract Tower,0,32,188,3,223,0,4,147,15,166,0,36,335,18,389,239,2,241,630
02/15/2014,OPF,FL,ASO,ES,Federal Contract Tower,0,21,113,1,135,0,2,122,12,136,0,23,235,13,271,176,0,176,447
02/16/2014,OPF,FL,ASO,ES,Federal Contract Tower,0,27,99,1,127,0,6,133,15,154,0,33,232,16,281,154,2,156,437
02/17/2014,OPF,FL,ASO,ES,Federal Contract Tower,0,51,136,3,190,0,1,141,10,152,0,52,277,13,342,203,0,203,545
02/18/2014,OPF,FL,ASO,ES,Federal Contract Tower,0,22,118,9,149,0,3,129,17,149,0,25,247,26,298,343,0,343,641
02/19/2014,OPF,FL,ASO,ES,Federal Contract Tower,0,11,123,5,139,0,8,123,18,149,0,19,246,23,288,201,18,219,507
02/20/2014,OPF,FL,ASO,ES,Federal Contract Tower,0,14,100,8,122,0,6,149,24,179,0,20,249,32,301,222,13,235,536
02/21/2014,OPF,FL,ASO,ES,Federal Contract Tower,2,19,110,1,132,0,2,115,6,123,2,21,225,7,255,176,12,188,443
02/22/2014,OPF,FL,ASO,ES,Federal Contract Tower,0,15,75,1,91,0,6,94,1,101,0,21,169,2,192,256,0,256,448
02/23/2014,OPF,FL,ASO,ES,Federal Contract Tower,0,18,118,0,136,0,11,98,13,122,0,29,216,13,258,98,0,98,356
02/24/2014,OPF,FL,ASO,ES,Federal Contract Tower,0,27,86,4,117,0,6,113,19,138,0,33,199,23,255,232,3,235,490
02/25/2014,OPF,FL,ASO,ES,Federal Contract Tower,0,15,81,6,102,0,3,115,11,129,0,18,196,17,231,246,27,273,504
02/26/2014,OPF,FL,ASO,ES,Federal Contract Tower,0,20,102,8,130,0,3,97,20,120,0,23,199,28,250,214,18,232,482
02/27/2014,OPF,FL,ASO,ES,Federal Contract Tower,0,19,98,10,127,0,7,69,13,89,0,26,167,23,216,198,17,215,431
02/28/2014,OPF,FL,ASO,ES,Federal Contract Tower,0,28,109,5,142,0,0,58,9,67,0,28,167,14,209,105,2,107,316
03/01/2014,OPF,FL,ASO,ES,Federal Contract Tower,0,12,54,4,70,0,6,97,11,114,0,18,151,15,184,254,0,254,438
03/02/2014,OPF,FL,ASO,ES,Federal Contract Tower,0,30,94,4,128,0,5,77,6,88,0,35,171,10,216,35,0,35,251
03/03/2014,OPF,FL,ASO,ES,Federal Contract Tower,0,17,90,9,116,0,4,94,7,105,0,21,184,16,221,161,0,161,382
03/04/2014,OPF,FL,ASO,ES,Federal Contract Tower,0,26,92,7,125,0,4,92,20,116,0,30,184,27,241,199,29,228,469
03/05/2014,OPF,FL,ASO,ES,Federal Contract Tower,0,27,98,5,130,0,6,125,17,148,0,33,223,22,278,217,44,261,539
03/06/2014,OPF,FL,ASO,ES,Federal Contract Tower,2,24,95,2,123,0,4,64,16,84,2,28,159,18,207,131,57,188,395
03/07/2014,OPF,FL,ASO,ES,Federal Contract Tower,0,14,97,4,115,0,3,77,9,89,0,17,174,13,204,142,58,200,404
03/08/2014,OPF,FL,ASO,ES,Federal Contract Tower,0,13,85,2,100,0,0,82,9,91,0,13,167,11,191,197,16,213,404
03/09/2014,OPF,FL,ASO,ES,Federal Contract Tower,0,19,86,0,105,0,5,52,4,61,0,24,138,4,166,28,0,28,194
03/10/2014,OPF,FL,ASO,ES,Federal Contract Tower,0,22,77,1,100,0,5,125,15,145,0,27,202,16,245,242,58,300,545
03/11/2014,OPF,FL,ASO,ES,Federal Contract Tower,1,15,103,5,124,0,1,126,15,142,1,16,229,20,266,271,40,311,577
03/12/2014,OPF,FL,ASO,ES,Federal Contract Tower,0,20,97,4,121,0,2,124,17,143,0,22,221,21,264,215,0,215,479
03/13/2014,OPF,FL,ASO,ES,Federal Contract Tower,1,23,108,3,135,0,0,123,11,134,1,23,231,14,269,146,39,185,454
03/14/2014,OPF,FL,ASO,ES,Federal Contract Tower,0,39,120,4,163,0,5,140,5,150,0,44,260,9,313,164,0,164,477
03/15/2014,OPF,FL,ASO,ES,Federal Contract Tower,0,23,85,2,110,0,6,103,6,115,0,29,188,8,225,152,0,152,377
03/16/2014,OPF,FL,ASO,ES,Federal Contract Tower,0,25,97,5,127,0,3,81,5,89,0,28,178,10,216,52,0,52,268
03/17/2014,OPF,FL,ASO,ES,Federal Contract Tower,0,17,83,0,100,0,4,76,10,90,0,21,159,10,190,58,0,58,248
03/18/2014,OPF,FL,ASO,ES,Federal Contract Tower,0,18,104,5,127,0,1,86,7,94,0,19,190,12,221,99,0,99,320
03/19/2014,OPF,FL,ASO,ES,Federal Contract Tower,2,23,87,0,112,0,5,140,44,189,2,28,227,44,301,166,0,166,467
03/20/2014,OPF,FL,ASO,ES,Federal Contract Tower,0,17,59,4,80,0,2,71,19,92,0,19,130,23,172,130,0,130,302
03/21/2014,OPF,FL,ASO,ES,Federal Contract Tower,0,27,133,9,169,0,0,116,4,120,0,27,249,13,289,109,0,109,398
03/22/2014,OPF,FL,ASO,ES,Federal Contract Tower,0,24,75,2,101,0,2,101,4,107,0,26,176,6,208,101,0,101,309
03/23/2014,OPF,FL,ASO,ES,Federal Contract Tower,0,43,91,2,136,0,6,93,9,108,0,49,184,11,244,2,0,2,246
03/24/2014,OPF,FL,ASO,ES,Federal Contract Tower,0,24,115,8,147,0,3,108,22,133,0,27,223,30,280,162,31,193,473
03/25/2014,OPF,FL,ASO,ES,Federal Contract Tower,1,20,86,8,115,0,7,72,8,87,1,27,158,16,202,56,6,62,264
03/26/2014,OPF,FL,ASO,ES,Federal Contract Tower,0,23,91,6,120,0,9,115,12,136,0,32,206,18,256,87,0,87,343
03/27/2014,OPF,FL,ASO,ES,Federal Contract Tower,0,26,86,5,117,0,0,93,17,110,0,26,179,22,227,204,0,204,431
03/28/2014,OPF,FL,ASO,ES,Federal Contract Tower,0,28,80,7,115,0,3,87,11,101,0,31,167,18,216,120,0,120,336
03/29/2014,OPF,FL,ASO,ES,Federal Contract Tower,0,10,82,2,94,0,2,61,7,70,0,12,143,9,164,36,0,36,200
03/30/2014,OPF,FL,ASO,ES,Federal Contract Tower,0,31,115,6,152,0,9,75,5,89,0,40,190,11,241,29,0,29,270
03/31/2014,OPF,FL,ASO,ES,Federal Contract Tower,0,37,123,8,168,0,6,119,11,136,0,43,242,19,304,216,19,235,539
04/01/2014,OPF,FL,ASO,ES,Federal Contract Tower,0,13,84,2,99,0,0,119,16,135,0,13,203,18,234,214,0,214,448
04/02/2014,OPF,FL,ASO,ES,Federal Contract Tower,0,12,101,3,116,0,3,122,7,132,0,15,223,10,248,162,0,162,410
04/03/2014,OPF,FL,ASO,ES,Federal Contract Tower,4,30,77,2,113,0,7,108,13,128,4,37,185,15,241,89,0,89,330
04/04/2014,OPF,FL,ASO,ES,Federal Contract Tower,0,27,111,4,142,0,7,131,5,143,0,34,242,9,285,190,4,194,479
04/05/2014,OPF,FL,ASO,ES,Federal Contract Tower,0,18,58,2,78,0,8,99,22,129,0,26,157,24,207,105,0,105,312
04/06/2014,OPF,FL,ASO,ES,Federal Contract Tower,0,19,66,0,85,0,7,62,4,73,0,26,128,4,158,33,0,33,191
04/07/2014,OPF,FL,ASO,ES,Federal Contract Tower,0,24,104,2,130,0,3,101,12,116,0,27,205,14,246,91,16,107,353
04/08/2014,OPF,FL,ASO,ES,Federal Contract Tower,0,22,85,3,110,0,3,63,4,70,0,25,148,7,180,54,2,56,236
04/09/2014,OPF,FL,ASO,ES,Federal Contract Tower,2,20,117,4,143,0,2,106,8,116,2,22,223,12,259,126,0,126,385
04/10/2014,OPF,FL,ASO,ES,Federal Contract Tower,1,22,122,4,149,0,4,119,9,132,1,26,241,13,281,252,0,252,533
04/11/2014,OPF,FL,ASO,ES,Federal Contract Tower,0,24,141,3,168,0,3,129,15,147,0,27,270,18,315,185,0,185,500
04/12/2014,OPF,FL,ASO,ES,Federal Contract Tower,0,22,102,1,125,0,3,119,8,130,0,25,221,9,255,80,0,80,335
04/13/2014,OPF,FL,ASO,ES,Federal Contract Tower,0,36,92,6,134,0,1,47,7,55,0,37,139,13,189,48,6,54,243
04/14/2014,OPF,FL,ASO,ES,Federal Contract Tower,0,22,94,1,117,0,3,133,9,145,0,25,227,10,262,172,5,177,439
04/15/2014,OPF,FL,ASO,ES,Federal Contract Tower,2,19,74,0,95,0,2,116,14,132,2,21,190,14,227,90,30,120,347
04/16/2014,OPF,FL,ASO,ES,Federal Contract Tower,2,15,115,4,136,0,8,105,9,122,2,23,220,13,258,322,7,329,587
04/17/2014,OPF,FL,ASO,ES,Federal Contract Tower,0,31,108,3,142,0,2,90,14,106,0,33,198,17,248,221,18,239,487
04/18/2014,OPF,FL,ASO,ES,Federal Contract Tower,0,25,107,2,134,0,0,131,9,140,0,25,238,11,274,96,2,98,372
04/19/2014,OPF,FL,ASO,ES,Federal Contract Tower,0,11,103,1,115,0,2,81,4,87,0,13,184,5,202,216,0,216,418
04/20/2014,OPF,FL,ASO,ES,Federal Contract Tower,0,31,123,7,161,0,8,93,8,109,0,39,216,15,270,35,18,53,323
04/21/2014,OPF,FL,ASO,ES,Federal Contract Tower,0,21,159,6,186,0,1,146,13,160,0,22,305,19,346,174,24,198,544
04/22/2014,OPF,FL,ASO,ES,Federal Contract Tower,0,36,116,4,156,0,6,144,12,162,0,42,260,16,318,254,7,261,579
04/23/2014,OPF,FL,ASO,ES,Federal Contract Tower,3,17,138,5,163,0,7,129,8,144,3,24,267,13,307,277,2,279,586
04/24/2014,OPF,FL,ASO,ES,Federal Contract Tower,0,21,117,1,139,0,5,145,20,170,0,26,262,21,309,246,14,260,569
04/25/2014,OPF,FL,ASO,ES,Federal Contract Tower,0,14,103,5,122,0,2,113,5,120,0,16,216,10,242,155,2,157,399
04/26/2014,OPF,FL,ASO,ES,Federal Contract Tower,0,18,90,2,110,0,4,135,11,150,0,22,225,13,260,159,0,159,419
04/27/2014,OPF,FL,ASO,ES,Federal Contract Tower,0,10,75,4,89,0,4,108,9,121,0,14,183,13,210,58,0,58,268
04/28/2014,OPF,FL,ASO,ES,Federal Contract Tower,0,21,106,6,133,0,1,130,10,141,0,22,236,16,274,150,4,154,428
04/29/2014,OPF,FL,ASO,ES,Federal Contract Tower,0,22,66,4,92,0,4,138,14,156,0,26,204,18,248,156,6,162,410
04/30/2014,OPF,FL,ASO,ES,Federal Contract Tower,0,22,103,4,129,0,3,108,12,123,0,25,211,16,252,125,40,165,417
05/01/2014,OPF,FL,ASO,ES,Federal Contract Tower,0,28,89,7,124,0,2,128,10,140,0,30,217,17,264,129,23,152,416
05/02/2014,OPF,FL,ASO,ES,Federal Contract Tower,2,15,97,7,121,0,8,114,5,127,2,23,211,12,248,158,14,172,420
05/03/2014,OPF,FL,ASO,ES,Federal Contract Tower,0,9,52,4,65,0,1,88,3,92,0,10,140,7,157,69,0,69,226
05/04/2014,OPF,FL,ASO,ES,Federal Contract Tower,0,16,94,4,114,0,0,72,3,75,0,16,166,7,189,9,0,9,198
05/05/2014,OPF,FL,ASO,ES,Federal Contract Tower,0,12,81,0,93,0,6,123,11,140,0,18,204,11,233,209,3,212,445
05/06/2014,OPF,FL,ASO,ES,Federal Contract Tower,0,15,105,3,123,0,1,149,7,157,0,16,254,10,280,174,0,174,454
05/07/2014,OPF,FL,ASO,ES,Federal Contract Tower,2,17,69,1,89,0,3,119,14,136,2,20,188,15,225,104,2,106,331
05/08/2014,OPF,FL,ASO,ES,Federal Contract Tower,0,23,86,4,113,0,1,92,5,98,0,24,178,9,211,158,0,158,369
05/09/2014,OPF,FL,ASO,ES,Federal Contract Tower,0,13,89,5,107,0,2,108,11,121,0,15,197,16,228,140,6,146,374
05/10/2014,OPF,FL,ASO,ES,Federal Contract Tower,0,12,54,0,66,0,3,107,7,117,0,15,161,7,183,129,0,129,312
05/11/2014,OPF,FL,ASO,ES,Federal Contract Tower,0,24,57,11,92,0,5,75,1,81,0,29,132,12,173,90,0,90,263
05/12/2014,OPF,FL,ASO,ES,Federal Contract Tower,0,21,87,2,110,0,5,85,10,100,0,26,172,12,210,131,0,131,341
05/13/2014,OPF,FL,ASO,ES,Federal Contract Tower,1,19,89,2,111,0,2,93,19,114,1,21,182,21,225,126,24,150,375
05/14/2014,OPF,FL,ASO,ES,Federal Contract Tower,0,29,122,6,157,0,3,74,8,85,0,32,196,14,242,124,2,126,368
05/15/2014,OPF,FL,ASO,ES,Federal Contract Tower,1,17,74,3,95,0,0,39,6,45,1,17,113,9,140,74,4,78,218
05/16/2014,OPF,FL,ASO,ES,Federal Contract Tower,2,13,102,6,123,0,3,81,7,91,2,16,183,13,214,76,7,83,297
05/17/2014,OPF,FL,ASO,ES,Federal Contract Tower,0,12,86,1,99,0,1,98,5,104,0,13,184,6,203,151,0,151,354
05/18/2014,OPF,FL,ASO,ES,Federal Contract Tower,0,22,99,1,122,0,13,79,4,96,0,35,178,5,218,30,0,30,248
05/19/2014,OPF,FL,ASO,ES,Federal Contract Tower,0,14,90,2,106,0,1,100,11,112,0,15,190,13,218,171,22,193,411
05/20/2014,OPF,FL,ASO,ES,Federal Contract Tower,2,14,95,4,115,0,5,147,18,170,2,19,242,22,285,231,23,254,539
05/21/2014,OPF,FL,ASO,ES,Federal Contract Tower,0,17,92,4,113,0,2,97,8,107,0,19,189,12,220,222,0,222,442
05/22/2014,OPF,FL,ASO,ES,Federal Contract Tower,0,18,88,2,108,0,0,180,15,195,0,18,268,17,303,314,19,333,636
05/23/2014,OPF,FL,ASO,ES,Federal Contract Tower,1,25,135,0,161,0,5,152,10,167,1,30,287,10,328,315,0,315,643
05/24/2014,OPF,FL,ASO,ES,Federal Contract Tower,0,14,50,0,64,0,0,79,6,85,0,14,129,6,149,178,0,178,327
05/25/2014,OPF,FL,ASO,ES,Federal Contract Tower,0,11,47,0,58,0,6,71,2,79,0,17,118,2,137,36,0,36,173
05/26/2014,OPF,FL,ASO,ES,Federal Contract Tower,0,26,82,0,108,0,3,133,5,141,0,29,215,5,249,61,0,61,310
05/27/2014,OPF,FL,ASO,ES,Federal Contract Tower,0,14,103,6,123,0,4,163,11,178,0,18,266,17,301,249,30,279,580
05/28/2014,OPF,FL,ASO,ES,Federal Contract Tower,2,21,105,2,130,0,2,135,10,147,2,23,240,12,277,219,4,223,500
05/29/2014,OPF,FL,ASO,ES,Federal Contract Tower,2,19,99,5,125,0,1,55,23,79,2,20,154,28,204,120,12,132,336
05/30/2014,OPF,FL,ASO,ES,Federal Contract Tower,0,17,84,0,101,0,1,143,15,159,0,18,227,15,260,203,12,215,475
05/31/2014,OPF,FL,ASO,ES,Federal Contract Tower,0,11,72,0,83,0,4,101,13,118,0,15,173,13,201,164,0,164,365
06/01/2014,OPF,FL,ASO,ES,Federal Contract Tower,0,15,98,1,114,0,7,65,2,74,0,22,163,3,188,36,0,36,224
06/02/2014,OPF,FL,ASO,ES,Federal Contract Tower,0,13,74,9,96,0,1,23,13,37,0,14,97,22,133,38,4,42,175
06/03/2014,OPF,FL,ASO,ES,Federal Contract Tower,2,13,96,4,115,0,2,99,10,111,2,15,195,14,226,288,16,304,530
06/04/2014,OPF,FL,ASO,ES,Federal Contract Tower,0,18,75,7,100,0,1,102,6,109,0,19,177,13,209,122,19,141,350
06/05/2014,OPF,FL,ASO,ES,Federal Contract Tower,0,33,109,2,144,0,3,134,13,150,0,36,243,15,294,212,4,216,510
06/06/2014,OPF,FL,ASO,ES,Federal Contract Tower,0,21,88,11,120,0,10,127,13,150,0,31,215,24,270,255,8,263,533
06/07/2014,OPF,FL,ASO,ES,Federal Contract Tower,0,11,50,4,65,0,5,76,6,87,0,16,126,10,152,92,0,92,244
06/08/2014,OPF,FL,ASO,ES,Federal Contract Tower,0,15,75,5,95,0,1,64,4,69,0,16,139,9,164,22,0,22,186
06/09/2014,OPF,FL,ASO,ES,Federal Contract Tower,0,13,60,2,75,0,3,44,4,51,0,16,104,6,126,33,9,42,168
06/10/2014,OPF,FL,ASO,ES,Federal Contract Tower,1,18,71,3,93,0,0,63,8,71,1,18,134,11,164,37,25,62,226
06/11/2014,OPF,FL,ASO,ES,Federal Contract Tower,0,15,81,1,97,0,1,81,7,89,0,16,162,8,186,164,26,190,376
06/12/2014,OPF,FL,ASO,ES,Federal Contract Tower,3,16,107,4,130,0,6,84,16,106,3,22,191,20,236,124,0,124,360
06/13/2014,OPF,FL,ASO,ES,Federal Contract Tower,1,18,119,6,144,0,1,95,11,107,1,19,214,17,251,131,6,137,388
06/14/2014,OPF,FL,ASO,ES,Federal Contract Tower,0,21,70,1,92,0,5,101,3,109,0,26,171,4,201,100,3,103,304
06/15/2014,OPF,FL,ASO,ES,Federal Contract Tower,0,22,78,0,100,0,10,59,5,74,0,32,137,5,174,14,0,14,188
06/16/2014,OPF,FL,ASO,ES,Federal Contract Tower,0,13,96,5,114,0,2,110,6,118,0,15,206,11,232,129,2,131,363
06/17/2014,OPF,FL,ASO,ES,Federal Contract Tower,4,21,80,15,120,0,5,78,13,96,4,26,158,28,216,144,0,144,360
06/18/2014,OPF,FL,ASO,ES,Federal Contract Tower,0,12,56,5,73,0,2,68,5,75,0,14,124,10,148,240,0,240,388
06/19/2014,OPF,FL,ASO,ES,Federal Contract Tower,1,8,83,0,92,0,0,101,12,113,1,8,184,12,205,211,0,211,416
06/20/2014,OPF,FL,ASO,ES,Federal Contract Tower,0,19,99,1,119,0,4,93,6,103,0,23,192,7,222,154,8,162,384
06/21/2014,OPF,FL,ASO,ES,Federal Contract Tower,0,8,69,0,77,0,0,92,5,97,0,8,161,5,174,190,0,190,364
06/22/2014,OPF,FL,ASO,ES,Federal Contract Tower,1,5,85,1,92,0,0,72,5,77,1,5,157,6,169,34,11,45,214
06/23/2014,OPF,FL,ASO,ES,Federal Contract Tower,0,16,100,7,123,0,3,94,7,104,0,19,194,14,227,56,22,78,305
06/24/2014,OPF,FL,ASO,ES,Federal Contract Tower,2,12,95,5,114,0,8,129,17,154,2,20,224,22,268,79,0,79,347
06/25/2014,OPF,FL,ASO,ES,Federal Contract Tower,2,14,90,9,115,0,1,105,8,114,2,15,195,17,229,159,50,209,438
06/26/2014,OPF,FL,ASO,ES,Federal Contract Tower,1,5,67,6,79,0,1,87,170,258,1,6,154,176,337,98,10,108,445
06/27/2014,OPF,FL,ASO,ES,Federal Contract Tower,0,20,84,4,108,0,6,126,0,132,0,26,210,4,240,76,0,76,316
06/28/2014,OPF,FL,ASO,ES,Federal Contract Tower,0,7,86,2,95,0,0,95,2,97,0,7,181,4,192,150,0,150,342
06/29/2014,OPF,FL,ASO,ES,Federal Contract Tower,0,8,58,2,68,0,1,73,3,77,0,9,131,5,145,2,0,2,147
06/30/2014,OPF,FL,ASO,ES,Federal Contract Tower,0,17,109,2,128,0,3,110,7,120,0,20,219,9,248,91,0,91,339
07/01/2014,OPF,FL,ASO,ES,Federal Contract Tower,0,14,59,3,76,0,1,73,6,80,0,15,132,9,156,101,0,101,257
07/02/2014,OPF,FL,ASO,ES,Federal Contract Tower,2,9,73,2,86,0,4,97,1,102,2,13,170,3,188,78,0,78,266
07/03/2014,OPF,FL,ASO,ES,Federal Contract Tower,0,21,127,0,148,0,2,149,6,157,0,23,276,6,305,124,0,124,429
07/04/2014,OPF,FL,ASO,ES,Federal Contract Tower,0,10,48,0,58,0,2,67,7,76,0,12,115,7,134,81,0,81,215
07/05/2014,OPF,FL,ASO,ES,Federal Contract Tower,0,14,46,0,60,0,3,33,5,41,0,17,79,5,101,9,0,9,110
07/06/2014,OPF,FL,ASO,ES,Federal Contract Tower,0,12,75,1,88,0,3,73,4,80,0,15,148,5,168,13,0,13,181
07/07/2014,OPF,FL,ASO,ES,Federal Contract Tower,0,15,72,6,93,0,1,79,9,89,0,16,151,15,182,109,0,109,291
07/08/2014,OPF,FL,ASO,ES,Federal Contract Tower,0,14,96,4,114,0,4,79,12,95,0,18,175,16,209,186,33,219,428
07/09/2014,OPF,FL,ASO,ES,Federal Contract Tower,0,15,84,4,103,0,2,105,3,110,0,17,189,7,213,66,0,66,279
07/10/2014,OPF,FL,ASO,ES,Federal Contract Tower,0,10,82,8,100,0,0,99,15,114,0,10,181,23,214,102,2,104,318
07/11/2014,OPF,FL,ASO,ES,Federal Contract Tower,2,25,78,6,111,0,3,135,6,144,2,28,213,12,255,115,0,115,370
07/12/2014,OPF,FL,ASO,ES,Federal Contract Tower,0,7,78,2,87,0,8,110,5,123,0,15,188,7,210,138,0,138,348
07/13/2014,OPF,FL,ASO,ES,Federal Contract Tower,0,10,66,6,82,0,4,78,11,93,0,14,144,17,175,69,14,83,258
07/14/2014,OPF,FL,ASO,ES,Federal Contract Tower,0,10,92,7,109,0,6,80,11,97,0,16,172,18,206,99,0,99,305
07/15/2014,OPF,FL,ASO,ES,Federal Contract Tower,0,24,99,3,126,0,5,105,18,128,0,29,204,21,254,113,4,117,371
07/16/2014,OPF,FL,ASO,ES,Federal Contract Tower,0,14,88,3,105,0,1,122,5,128,0,15,210,8,233,68,0,68,301
07/17/2014,OPF,FL,ASO,ES,Federal Contract Tower,2,11,112,0,125,0,1,105,9,115,2,12,217,9,240,55,5,60,300
07/18/2014,OPF,FL,ASO,ES,Federal Contract Tower,0,10,108,1,119,0,3,136,13,152,0,13,244,14,271,133,6,139,410
07/19/2014,OPF,FL,ASO,ES,Federal Contract Tower,0,10,74,2,86,0,0,85,0,85,0,10,159,2,171,78,10,88,259
07/20/2014,OPF,FL,ASO,ES,Federal Contract Tower,0,8,87,4,99,0,1,76,5,82,0,9,163,9,181,36,22,58,239
07/21/2014,OPF,FL,ASO,ES,Federal Contract Tower,0,14,78,6,98,0,0,79,14,93,0,14,157,20,191,108,35,143,334
07/22/2014,OPF,FL,ASO,ES,Federal Contract Tower,0,9,73,5,87,0,3,79,8,90,0,12,152,13,177,116,0,116,293
07/23/2014,OPF,FL,ASO,ES,Federal Contract Tower,1,14,63,7,85,0,3,70,7,80,1,17,133,14,165,47,0,47,212
07/24/2014,OPF,FL,ASO,ES,Federal Contract Tower,0,16,94,4,114,0,3,102,6,111,0,19,196,10,225,164,4,168,393
07/25/2014,OPF,FL,ASO,ES,Federal Contract Tower,3,11,88,12,114,0,3,136,11,150,3,14,224,23,264,158,26,184,448
07/26/2014,OPF,FL,ASO,ES,Federal Contract Tower,0,5,52,6,63,0,1,66,4,71,0,6,118,10,134,118,17,135,269
07/27/2014,OPF,FL,ASO,ES,Federal Contract Tower,0,7,77,0,84,0,2,72,6,80,0,9,149,6,164,22,0,22,186
07/28/2014,OPF,FL,ASO,ES,Federal Contract Tower,0,19,85,3,107,0,4,130,6,140,0,23,215,9,247,193,0,193,440
07/29/2014,OPF,FL,ASO,ES,Federal Contract Tower,0,19,61,6,86,0,2,91,12,105,0,21,152,18,191,120,36,156,347
07/30/2014,OPF,FL,ASO,ES,Federal Contract Tower,1,20,88,8,117,0,3,80,2,85,1,23,168,10,202,74,33,107,309
07/31/2014,OPF,FL,ASO,ES,Federal Contract Tower,3,19,79,7,108,0,4,85,15,104,3,23,164,22,212,131,14,145,357
08/01/2014,OPF,FL,ASO,ES,Federal Contract Tower,0,4,92,2,98,0,3,117,8,128,0,7,209,10,226,213,2,215,441
08/02/2014,OPF,FL,ASO,ES,Federal Contract Tower,0,3,70,0,73,0,2,70,6,78,0,5,140,6,151,71,4,75,226
08/03/2014,OPF,FL,ASO,ES,Federal Contract Tower,0,6,65,13,84,0,0,39,9,48,0,6,104,22,132,24,13,37,169
08/04/2014,OPF,FL,ASO,ES,Federal Contract Tower,0,4,96,2,102,0,1,70,1,72,0,5,166,3,174,138,0,138,312
08/05/2014,OPF,FL,ASO,ES,Federal Contract Tower,0,10,94,6,110,0,2,122,4,128,0,12,216,10,238,234,19,253,491
08/06/2014,OPF,FL,ASO,ES,Federal Contract Tower,0,13,91,3,107,0,1,112,5,118,0,14,203,8,225,170,47,217,442
08/07/2014,OPF,FL,ASO,ES,Federal Contract Tower,1,10,97,3,111,0,1,114,13,128,1,11,211,16,239,233,14,247,486
08/08/2014,OPF,FL,ASO,ES,Federal Contract Tower,0,11,101,6,118,0,2,108,6,116,0,13,209,12,234,261,7,268,502
08/09/2014,OPF,FL,ASO,ES,Federal Contract Tower,0,6,86,1,93,0,3,77,5,85,0,9,163,6,178,164,0,164,342
08/10/2014,OPF,FL,ASO,ES,Federal Contract Tower,0,12,74,3,89,0,1,60,4,65,0,13,134,7,154,18,0,18,172
08/11/2014,OPF,FL,ASO,ES,Federal Contract Tower,0,11,99,5,115,0,2,112,14,128,0,13,211,19,243,133,0,133,376
08/12/2014,OPF,FL,ASO,ES,Federal Contract Tower,0,15,61,0,76,0,1,96,6,103,0,16,157,6,179,196,6,202,381
08/13/2014,OPF,FL,ASO,ES,Federal Contract Tower,0,12,94,4,110,0,9,123,12,144,0,21,217,16,254,226,0,226,480
08/14/2014,OPF,FL,ASO,ES,Federal Contract Tower,0,10,76,13,99,0,8,102,13,123,0,18,178,26,222,179,11,190,412
08/15/2014,OPF,FL,ASO,ES,Federal Contract Tower,0,15,92,2,109,0,2,104,10,116,0,17,196,12,225,171,0,171,396
08/16/2014,OPF,FL,ASO,ES,Federal Contract Tower,1,10,77,2,90,0,3,80,3,86,1,13,157,5,176,132,0,132,308
08/17/2014,OPF,FL,ASO,ES,Federal Contract Tower,0,15,98,12,125,0,2,71,4,77,0,17,169,16,202,87,1,88,290
08/18/2014,OPF,FL,ASO,ES,Federal Contract Tower,0,15,84,0,99,0,0,111,7,118,0,15,195,7,217,210,0,210,427
08/19/2014,OPF,FL,ASO,ES,Federal Contract Tower,0,15,75,3,93,0,4,140,10,154,0,19,215,13,247,182,2,184,431
08/20/2014,OPF,FL,ASO,ES,Federal Contract Tower,0,18,109,7,134,0,2,117,9,128,0,20,226,16,262,181,16,197,459
08/21/2014,OPF,FL,ASO,ES,Federal Contract Tower,0,20,98,2,120,0,2,93,16,111,0,22,191,18,231,222,9,231,462
08/22/2014,OPF,FL,ASO,ES,Federal Contract Tower,0,10,89,2,101,0,0,101,12,113,0,10,190,14,214,236,7,243,457
08/23/2014,OPF,FL,ASO,ES,Federal Contract Tower,0,1,57,1,59,0,2,89,10,101,0,3,146,11,160,109,0,109,269
08/24/2014,OPF,FL,ASO,ES,Federal Contract Tower,0,10,78,0,88,0,7,90,6,103,0,17,168,6,191,57,0,57,248
08/25/2014,OPF,FL,ASO,ES,Federal Contract Tower,0,11,65,1,77,0,0,81,2,83,0,11,146,3,160,187,0,187,347
08/26/2014,OPF,FL,ASO,ES,Federal Contract Tower,0,17,82,3,102,0,0,106,10,116,0,17,188,13,218,112,14,126,344
08/27/2014,OPF,FL,ASO,ES,Federal Contract Tower,1,20,97,7,125,0,1,132,21,154,1,21,229,28,279,215,6,221,500
08/28/2014,OPF,FL,ASO,ES,Federal Contract Tower,2,19,95,4,120,0,1,101,21,123,2,20,196,25,243,194,16,210,453
08/29/2014,OPF,FL,ASO,ES,Federal Contract Tower,0,14,90,7,111,0,4,168,9,181,0,18,258,16,292,282,10,292,584
08/30/2014,OPF,FL,ASO,ES,Federal Contract Tower,0,7,58,5,70,0,5,122,6,133,0,12,180,11,203,105,0,105,308
08/31/2014,OPF,FL,ASO,ES,Federal Contract Tower,0,14,50,3,67,0,2,78,4,84,0,16,128,7,151,57,4,61,212
09/01/2014,OPF,FL,ASO,ES,Federal Contract Tower,0,18,65,5,88,0,4,105,5,114,0,22,170,10,202,172,0,172,374
09/02/2014,OPF,FL,ASO,ES,Federal Contract Tower,0,15,93,3,111,0,6,110,8,124,0,21,203,11,235,123,0,123,358
09/03/2014,OPF,FL,ASO,ES,Federal Contract Tower,0,11,84,3,98,0,2,93,10,105,0,13,177,13,203,220,5,225,428
09/04/2014,OPF,FL,ASO,ES,Federal Contract Tower,0,15,75,2,92,0,5,101,27,133,0,20,176,29,225,231,24,255,480
09/05/2014,OPF,FL,ASO,ES,Federal Contract Tower,0,15,85,8,108,0,0,144,7,151,0,15,229,15,259,149,12,161,420
09/06/2014,OPF,FL,ASO,ES,Federal Contract Tower,0,6,54,1,61,0,2,71,11,84,0,8,125,12,145,134,0,134,279
09/07/2014,OPF,FL,ASO,ES,Federal Contract Tower,0,13,72,1,86,0,3,54,9,66,0,16,126,10,152,32,0,32,184
09/08/2014,OPF,FL,ASO,ES,Federal Contract Tower,0,16,93,5,114,0,1,136,6,143,0,17,229,11,257,170,0,170,427
09/09/2014,OPF,FL,ASO,ES,Federal Contract Tower,0,7,73,4,84,0,2,97,9,108,0,9,170,13,192,165,6,171,363
09/10/2014,OPF,FL,ASO,ES,Federal Contract Tower,0,18,79,7,104,0,3,107,6,116,0,21,186,13,220,166,6,172,392
09/11/2014,OPF,FL,ASO,ES,Federal Contract Tower,3,15,79,12,109,0,1,111,11,123,3,16,190,23,232,128,16,144,376
09/12/2014,OPF,FL,ASO,ES,Federal Contract Tower,0,22,78,12,112,0,4,64,5,73,0,26,142,17,185,173,0,173,358
09/13/2014,OPF,FL,ASO,ES,Federal Contract Tower,0,13,60,3,76,0,1,83,6,90,0,14,143,9,166,126,0,126,292
09/14/2014,OPF,FL,ASO,ES,Federal Contract Tower,0,10,55,6,71,0,2,77,3,82,0,12,132,9,153,39,0,39,192
09/15/2014,OPF,FL,ASO,ES,Federal Contract Tower,0,16,90,3,109,0,5,155,12,172,0,21,245,15,281,195,45,240,521
09/16/2014,OPF,FL,ASO,ES,Federal Contract Tower,0,10,84,0,94,0,0,115,5,120,0,10,199,5,214,199,0,199,413
09/17/2014,OPF,FL,ASO,ES,Federal Contract Tower,0,11,85,1,97,0,3,123,14,140,0,14,208,15,237,136,32,168,405
09/18/2014,OPF,FL,ASO,ES,Federal Contract Tower,0,28,89,4,121,0,3,137,13,153,0,31,226,17,274,173,0,173,447
09/19/2014,OPF,FL,ASO,ES,Federal Contract Tower,0,16,91,15,122,0,4,66,3,73,0,20,157,18,195,148,14,162,357
09/20/2014,OPF,FL,ASO,ES,Federal Contract Tower,0,11,51,1,63,0,2,59,5,66,0,13,110,6,129,179,0,179,308
09/21/2014,OPF,FL,ASO,ES,Federal Contract Tower,0,13,97,0,110,0,0,90,5,95,0,13,187,5,205,59,0,59,264
09/22/2014,OPF,FL,ASO,ES,Federal Contract Tower,0,10,87,3,100,0,7,114,9,130,0,17,201,12,230,212,0,212,442
09/23/2014,OPF,FL,ASO,ES,Federal Contract Tower,0,10,89,15,114,0,1,77,6,84,0,11,166,21,198,106,6,112,310
09/24/2014,OPF,FL,ASO,ES,Federal Contract Tower,0,13,97,5,115,0,9,108,6,123,0,22,205,11,238,237,8,245,483
09/25/2014,OPF,FL,ASO,ES,Federal Contract Tower,0,8,90,2,100,0,1,87,14,102,0,9,177,16,202,161,19,180,382
09/26/2014,OPF,FL,ASO,ES,Federal Contract Tower,0,11,88,8,107,0,20,67,7,94,0,31,155,15,201,183,26,209,410
09/27/2014,OPF,FL,ASO,ES,Federal Contract Tower,0,5,58,2,65,0,1,101,6,108,0,6,159,8,173,143,0,143,316
09/28/2014,OPF,FL,ASO,ES,Federal Contract Tower,0,20,78,0,98,0,2,86,6,94,0,22,164,6,192,172,0,172,364
09/29/2014,OPF,FL,ASO,ES,Federal Contract Tower,0,18,105,0,123,0,3,123,4,130,0,21,228,4,253,264,22,286,539
09/30/2014,OPF,FL,ASO,ES,Federal Contract Tower,0,9,73,6,88,0,2,100,9,111,0,11,173,15,199,193,24,217,416
10/01/2014,OPF,FL,ASO,ES,Federal Contract Tower,0,16,104,4,124,0,7,116,6,129,0,23,220,10,253,273,0,273,526
10/02/2014,OPF,FL,ASO,ES,Federal Contract Tower,2,16,89,9,116,0,1,139,9,149,2,17,228,18,265,139,30,169,434
10/03/2014,OPF,FL,ASO,ES,Federal Contract Tower,0,15,86,5,106,0,11,135,6,152,0,26,221,11,258,204,34,238,496
10/04/2014,OPF,FL,ASO,ES,Federal Contract Tower,0,8,45,2,55,0,5,87,2,94,0,13,132,4,149,168,8,176,325
10/05/2014,OPF,FL,ASO,ES,Federal Contract Tower,1,17,87,3,108,0,1,62,9,72,1,18,149,12,180,78,13,91,271
10/06/2014,OPF,FL,ASO,ES,Federal Contract Tower,0,12,90,2,104,0,3,111,12,126,0,15,201,14,230,215,14,229,459
10/07/2014,OPF,FL,ASO,ES,Federal Contract Tower,0,16,71,7,94,0,6,84,7,97,0,22,155,14,191,176,4,180,371
10/08/2014,OPF,FL,ASO,ES,Federal Contract Tower,0,18,95,15,128,0,13,130,12,155,0,31,225,27,283,138,0,138,421
10/09/2014,OPF,FL,ASO,ES,Federal Contract Tower,0,26,103,5,134,0,5,114,16,135,0,31,217,21,269,116,7,123,392
10/10/2014,OPF,FL,ASO,ES,Federal Contract Tower,0,28,114,7,149,0,2,108,5,115,0,30,222,12,264,194,26,220,484
10/11/2014,OPF,FL,ASO,ES,Federal Contract Tower,0,13,53,4,70,0,3,91,4,98,0,16,144,8,168,166,12,178,346
10/12/2014,OPF,FL,ASO,ES,Federal Contract Tower,0,27,72,5,104,0,3,83,7,93,0,30,155,12,197,121,24,145,342
10/13/2014,OPF,FL,ASO,ES,Federal Contract Tower,0,30,86,11,127,0,5,117,5,127,0,35,203,16,254,142,0,142,396
10/14/2014,OPF,FL,ASO,ES,Federal Contract Tower,1,6,107,6,120,0,5,141,20,166,1,11,248,26,286,144,32,176,462
10/15/2014,OPF,FL,ASO,ES,Federal Contract Tower,0,29,69,11,109,0,4,91,6,101,0,33,160,17,210,167,4,171,381
10/16/2014,OPF,FL,ASO,ES,Federal Contract Tower,0,15,106,4,125,0,2,114,11,127,0,17,220,15,252,164,3,167,419
10/17/2014,OPF,FL,ASO,ES,Federal Contract Tower,2,27,84,8,121,0,2,124,6,132,2,29,208,14,253,141,16,157,410
10/18/2014,OPF,FL,ASO,ES,Federal Contract Tower,0,14,62,0,76,0,3,107,8,118,0,17,169,8,194,208,0,208,402
10/19/2014,OPF,FL,ASO,ES,Federal Contract Tower,0,26,112,2,140,0,3,77,10,90,0,29,189,12,230,187,0,187,417
10/20/2014,OPF,FL,ASO,ES,Federal Contract Tower,1,19,67,15,102,0,5,87,17,109,1,24,154,32,211,114,17,131,342
10/21/2014,OPF,FL,ASO,ES,Federal Contract Tower,2,21,74,5,102,0,1,61,15,77,2,22,135,20,179,135,32,167,346
10/22/2014,OPF,FL,ASO,ES,Federal Contract Tower,0,28,86,10,124,0,4,97,15,116,0,32,183,25,240,178,23,201,441
10/23/2014,OPF,FL,ASO,ES,Federal Contract Tower,1,18,108,1,128,0,5,36,15,56,1,23,144,16,184,60,0,60,244
10/24/2014,OPF,FL,ASO,ES,Federal Contract Tower,0,18,109,10,137,0,5,34,9,48,0,23,143,19,185,53,12,65,250
10/25/2014,OPF,FL,ASO,ES,Federal Contract Tower,0,11,59,6,76,0,4,120,13,137,0,15,179,19,213,158,25,183,396
10/26/2014,OPF,FL,ASO,ES,Federal Contract Tower,0,22,77,3,102,0,0,80,7,87,0,22,157,10,189,115,2,117,306
10/27/2014,OPF,FL,ASO,ES,Federal Contract Tower,1,21,72,2,96,0,2,137,13,152,1,23,209,15,248,189,14,203,451
10/28/2014,OPF,FL,ASO,ES,Federal Contract Tower,1,17,84,2,104,0,7,92,27,126,1,24,176,29,230,170,0,170,400
10/29/2014,OPF,FL,ASO,ES,Federal Contract Tower,1,20,59,6,86,0,0,113,16,129,1,20,172,22,215,194,8,202,417
10/30/2014,OPF,FL,ASO,ES,Federal Contract Tower,0,25,101,2,128,0,3,112,15,130,0,28,213,17,258,307,70,377,635
10/31/2014,OPF,FL,ASO,ES,Federal Contract Tower,0,18,106,2,126,0,0,94,13,107,0,18,200,15,233,241,2,243,476
11/01/2014,OPF,FL,ASO,ES,Federal Contract Tower,0,9,60,9,78,0,0,76,8,84,0,9,136,17,162,94,0,94,256
11/02/2014,OPF,FL,ASO,ES,Federal Contract Tower,0,21,99,0,120,0,1,84,12,97,0,22,183,12,217,42,0,42,259
11/03/2014,OPF,FL,ASO,ES,Federal Contract Tower,0,24,75,0,99,0,6,109,18,133,0,30,184,18,232,140,8,148,380
11/04/2014,OPF,FL,ASO,ES,Federal Contract Tower,1,25,87,2,115,0,3,89,9,101,1,28,176,11,216,98,0,98,314
11/05/2014,OPF,FL,ASO,ES,Federal Contract Tower,0,23,85,4,112,0,3,92,13,108,0,26,177,17,220,88,14,102,322
11/06/2014,OPF,FL,ASO,ES,Federal Contract Tower,1,27,78,2,108,0,8,127,11,146,1,35,205,13,254,175,30,205,459
11/07/2014,OPF,FL,ASO,ES,Federal Contract Tower,0,33,110,6,149,0,1,92,6,99,0,34,202,12,248,213,4,217,465
11/08/2014,OPF,FL,ASO,ES,Federal Contract Tower,0,11,54,0,65,0,2,95,10,107,0,13,149,10,172,159,0,159,331
11/09/2014,OPF,FL,ASO,ES,Federal Contract Tower,0,27,88,4,119,0,2,12,2,16,0,29,100,6,135,6,0,6,141
11/10/2014,OPF,FL,ASO,ES,Federal Contract Tower,0,21,83,5,109,0,1,76,6,83,0,22,159,11,192,130,26,156,348
11/11/2014,OPF,FL,ASO,ES,Federal Contract Tower,1,24,96,3,124,0,0,125,1,126,1,24,221,4,250,175,0,175,425
11/12/2014,OPF,FL,ASO,ES,Federal Contract Tower,0,20,103,3,126,0,0,128,12,140,0,20,231,15,266,137,2,139,405
11/13/2014,OPF,FL,ASO,ES,Federal Contract Tower,0,23,114,13,150,0,2,131,19,152,0,25,245,32,302,196,35,231,533
11/14/2014,OPF,FL,ASO,ES,Federal Contract Tower,0,23,101,4,128,0,7,127,13,147,0,30,228,17,275,136,8,144,419
11/15/2014,OPF,FL,ASO,ES,Federal Contract Tower,0,12,81,2,95,0,3,88,10,101,0,15,169,12,196,126,2,128,324
11/16/2014,OPF,FL,ASO,ES,Federal Contract Tower,0,30,104,2,136,0,4,95,2,101,0,34,199,4,237,64,0,64,301
11/17/2014,OPF,FL,ASO,ES,Federal Contract Tower,0,23,88,3,114,0,9,106,3,118,0,32,194,6,232,78,4,82,314
11/18/2014,OPF,FL,ASO,ES,Federal Contract Tower,0,17,101,6,124,0,1,38,4,43,0,18,139,10,167,114,0,114,281
11/19/2014,OPF,FL,ASO,ES,Federal Contract Tower,0,19,115,3,137,0,4,29,0,33,0,23,144,3,170,53,42,95,265
11/20/2014,OPF,FL,ASO,ES,Federal Contract Tower,0,28,107,15,150,0,11,102,7,120,0,39,209,22,270,107,26,133,403
11/21/2014,OPF,FL,ASO,ES,Federal Contract Tower,0,17,133,18,168,1,0,7,2,10,1,17,140,20,178,0,0,0,178
11/22/2014,OPF,FL,ASO,ES,Federal Contract Tower,0,14,68,3,85,0,1,39,9,49,0,15,107,12,134,80,10,90,224
11/23/2014,OPF,FL,ASO,ES,Federal Contract Tower,0,19,63,12,94,0,2,45,6,53,0,21,108,18,147,11,0,11,158
11/24/2014,OPF,FL,ASO,ES,Federal Contract Tower,0,15,109,4,128,0,2,121,9,132,0,17,230,13,260,169,30,199,459
11/25/2014,OPF,FL,ASO,ES,Federal Contract Tower,1,22,124,1,148,0,1,94,21,116,1,23,218,22,264,94,14,108,372
11/26/2014,OPF,FL,ASO,ES,Federal Contract Tower,0,26,105,0,131,0,4,57,10,71,0,30,162,10,202,154,49,203,405
11/27/2014,OPF,FL,ASO,ES,Federal Contract Tower,1,8,31,3,43,0,2,48,3,53,1,10,79,6,96,17,18,35,131
11/28/2014,OPF,FL,ASO,ES,Federal Contract Tower,0,17,58,0,75,0,7,62,6,75,0,24,120,6,150,13,10,23,173
11/29/2014,OPF,FL,ASO,ES,Federal Contract Tower,0,13,86,3,102,0,4,88,10,102,0,17,174,13,204,147,30,177,381
11/30/2014,OPF,FL,ASO,ES,Federal Contract Tower,0,34,132,2,168,0,8,94,4,106,0,42,226,6,274,7,0,7,281
12/01/2014,OPF,FL,ASO,ES,Federal Contract Tower,0,46,95,1,142,0,2,104,35,141,0,48,199,36,283,231,56,287,570
12/02/2014,OPF,FL,ASO,ES,Federal Contract Tower,0,36,92,8,136,0,3,81,18,102,0,39,173,26,238,174,25,199,437
12/03/2014,OPF,FL,ASO,ES,Federal Contract Tower,0,52,123,8,183,0,26,119,22,167,0,78,242,30,350,208,33,241,591
12/04/2014,OPF,FL,ASO,ES,Federal Contract Tower,0,39,117,1,157,0,5,126,29,160,0,44,243,30,317,170,21,191,508
12/05/2014,OPF,FL,ASO,ES,Federal Contract Tower,0,39,136,7,182,0,8,146,19,173,0,47,282,26,355,136,20,156,511
12/06/2014,OPF,FL,ASO,ES,Federal Contract Tower,0,31,78,2,111,0,2,72,10,84,0,33,150,12,195,136,2,138,333
12/07/2014,OPF,FL,ASO,ES,Federal Contract Tower,0,49,125,2,176,0,6,111,7,124,0,55,236,9,300,71,39,110,410
12/08/2014,OPF,FL,ASO,ES,Federal Contract Tower,0,33,112,3,148,0,3,118,13,134,0,36,230,16,282,205,6,211,493
12/09/2014,OPF,FL,ASO,ES,Federal Contract Tower,0,21,118,12,151,0,4,46,12,62,0,25,164,24,213,53,6,59,272
12/10/2014,OPF,FL,ASO,ES,Federal Contract Tower,0,22,98,5,125,0,14,141,17,172,0,36,239,22,297,185,12,197,494
12/11/2014,OPF,FL,ASO,ES,Federal Contract Tower,0,19,107,15,141,0,5,120,18,143,0,24,227,33,284,168,22,190,474
12/12/2014,OPF,FL,ASO,ES,Federal Contract Tower,0,25,108,6,139,0,1,123,7,131,0,26,231,13,270,247,44,291,561
12/13/2014,OPF,FL,ASO,ES,Federal Contract Tower,0,16,67,1,84,0,2,86,5,93,0,18,153,6,177,152,3,155,332
12/14/2014,OPF,FL,ASO,ES,Federal Contract Tower,0,24,81,2,107,0,5,72,5,82,0,29,153,7,189,103,6,109,298
12/15/2014,OPF,FL,ASO,ES,Federal Contract Tower,0,18,84,2,104,0,3,125,26,154,0,21,209,28,258,177,76,253,511
12/16/2014,OPF,FL,ASO,ES,Federal Contract Tower,0,13,82,10,105,0,2,110,25,137,0,15,192,35,242,201,17,218,460
12/17/2014,OPF,FL,ASO,ES,Federal Contract Tower,0,17,88,1,106,0,3,148,11,162,0,20,236,12,268,175,3,178,446
12/18/2014,OPF,FL,ASO,ES,Federal Contract Tower,1,29,127,2,159,0,2,127,8,137,1,31,254,10,296,144,19,163,459
12/19/2014,OPF,FL,ASO,ES,Federal Contract Tower,0,30,123,0,153,0,1,124,7,132,0,31,247,7,285,168,0,168,453
12/20/2014,OPF,FL,ASO,ES,Federal Contract Tower,0,32,94,0,126,0,3,91,11,105,0,35,185,11,231,120,8,128,359
12/21/2014,OPF,FL,ASO,ES,Federal Contract Tower,0,23,102,0,125,0,3,73,5,81,0,26,175,5,206,55,0,55,261
12/22/2014,OPF,FL,ASO,ES,Federal Contract Tower,0,25,84,4,113,0,2,113,6,121,0,27,197,10,234,93,1,94,328
12/23/2014,OPF,FL,ASO,ES,Federal Contract Tower,0,36,113,2,151,0,13,77,11,101,0,49,190,13,252,65,0,65,317
12/24/2014,OPF,FL,ASO,ES,Federal Contract Tower,0,23,43,0,66,0,1,47,5,53,0,24,90,5,119,4,0,4,123
12/25/2014,OPF,FL,ASO,ES,Federal Contract Tower,0,13,31,0,44,0,4,33,1,38,0,17,64,1,82,10,0,10,92
12/26/2014,OPF,FL,ASO,ES,Federal Contract Tower,0,48,160,4,212,0,3,62,1,66,0,51,222,5,278,36,0,36,314
12/27/2014,OPF,FL,ASO,ES,Federal Contract Tower,0,36,136,0,172,0,3,102,36,141,0,39,238,36,313,52,0,52,365
12/28/2014,OPF,FL,ASO,ES,Federal Contract Tower,0,45,97,0,142,0,0,59,9,68,0,45,156,9,210,26,0,26,236
12/29/2014,OPF,FL,ASO,ES,Federal Contract Tower,0,17,110,1,128,0,2,84,8,94,0,19,194,9,222,75,4,79,301
12/30/2014,OPF,FL,ASO,ES,Federal Contract Tower,0,20,92,2,114,0,4,103,6,113,0,24,195,8,227,102,0,102,329
12/31/2014,OPF,FL,ASO,ES,Federal Contract Tower,0,28,78,8,114,0,2,60,7,69,0,30,138,15,183,16,6,22,205
01/01/2015,OPF,FL,ASO,ES,Federal Contract Tower,0,32,52,1,85,0,3,49,5,57,0,35,101,6,142,14,0,14,156
01/02/2015,OPF,FL,ASO,ES,Federal Contract Tower,0,52,145,0,197,0,3,108,12,123,0,55,253,12,320,96,0,96,416
01/03/2015,OPF,FL,ASO,ES,Federal Contract Tower,0,26,120,2,148,0,5,108,5,118,0,31,228,7,266,62,0,62,328
01/04/2015,OPF,FL,ASO,ES,Federal Contract Tower,0,56,144,0,200,0,4,89,7,100,0,60,233,7,300,17,0,17,317
01/05/2015,OPF,FL,ASO,ES,Federal Contract Tower,0,38,119,1,158,0,3,90,5,98,0,41,209,6,256,112,0,112,368
01/06/2015,OPF,FL,ASO,ES,Federal Contract Tower,0,25,99,6,130,0,1,94,22,117,0,26,193,28,247,129,18,147,394
01/07/2015,OPF,FL,ASO,ES,Federal Contract Tower,0,25,93,0,118,0,2,141,6,149,0,27,234,6,267,144,49,193,460
01/08/2015,OPF,FL,ASO,ES,Federal Contract Tower,0,27,120,2,149,0,0,103,16,119,0,27,223,18,268,132,30,162,430
01/09/2015,OPF,FL,ASO,ES,Federal Contract Tower,0,24,116,10,150,0,6,135,12,153,0,30,251,22,303,178,8,186,489
01/10/2015,OPF,FL,ASO,ES,Federal Contract Tower,0,15,93,1,109,0,0,103,9,112,0,15,196,10,221,54,26,80,301
01/11/2015,OPF,FL,ASO,ES,Federal Contract Tower,1,33,99,10,143,0,2,56,3,61,1,35,155,13,204,62,0,62,266
01/12/2015,OPF,FL,ASO,ES,Federal Contract Tower,0,15,79,5,99,0,0,38,6,44,0,15,117,11,143,62,8,70,213
01/13/2015,OPF,FL,ASO,ES,Federal Contract Tower,0,20,115,0,135,0,3,88,15,106,0,23,203,15,241,186,0,186,427
01/14/2015,OPF,FL,ASO,ES,Federal Contract Tower,0,12,99,9,120,0,5,41,22,68,0,17,140,31,188,54,0,54,242
01/15/2015,OPF,FL,ASO,ES,Federal Contract Tower,0,25,142,10,177,0,16,67,7,90,0,41,209,17,267,94,2,96,363
01/16/2015,OPF,FL,ASO,ES,Federal Contract Tower,0,44,126,4,174,0,6,94,8,108,0,50,220,12,282,251,6,257,539
01/17/2015,OPF,FL,ASO,ES,Federal Contract Tower,0,26,88,2,116,0,2,151,6,159,0,28,239,8,275,120,0,120,395
01/18/2015,OPF,FL,ASO,ES,Federal Contract Tower,0,16,79,1,96,0,5,84,3,92,0,21,163,4,188,64,19,83,271
01/19/2015,OPF,FL,ASO,ES,Federal Contract Tower,0,38,158,2,198,0,5,120,0,125,0,43,278,2,323,211,14,225,548
01/20/2015,OPF,FL,ASO,ES,Federal Contract Tower,0,13,75,2,90,0,1,85,13,99,0,14,160,15,189,173,4,177,366
01/21/2015,OPF,FL,ASO,ES,Federal Contract Tower,0,23,84,3,110,0,1,123,30,154,0,24,207,33,264,175,65,240,504
01/22/2015,OPF,FL,ASO,ES,Federal Contract Tower,0,25,111,2,138,0,5,138,24,167,0,30,249,26,305,250,12,262,567
01/23/2015,OPF,FL,ASO,ES,Federal Contract Tower,0,23,110,6,139,0,16,110,19,145,0,39,220,25,284,107,32,139,423
01/24/2015,OPF,FL,ASO,ES,Federal Contract Tower,0,21,68,2,91,0,8,36,3,47,0,29,104,5,138,37,24,61,199
01/25/2015,OPF,FL,ASO,ES,Federal Contract Tower,0,35,113,1,149,0,2,111,5,118,0,37,224,6,267,92,16,108,375
01/26/2015,OPF,FL,ASO,ES,Federal Contract Tower,0,36,98,8,142,0,6,71,16,93,0,42,169,24,235,132,44,176,411
01/27/2015,OPF,FL,ASO,ES,Federal Contract Tower,0,20,112,8,140,0,2,129,15,146,0,22,241,23,286,162,30,192,478
01/28/2015,OPF,FL,ASO,ES,Federal Contract Tower,0,20,116,6,142,0,1,117,20,138,0,21,233,26,280,109,32,141,421
01/29/2015,OPF,FL,ASO,ES,Federal Contract Tower,0,25,103,6,134,0,1,107,19,127,0,26,210,25,261,77,25,102,363
01/30/2015,OPF,FL,ASO,ES,Federal Contract Tower,0,29,115,7,151,0,4,137,8,149,0,33,252,15,300,237,48,285,585
01/31/2015,OPF,FL,ASO,ES,Federal Contract Tower,0,13,60,0,73,0,1,111,6,118,0,14,171,6,191,42,2,44,235
02/01/2015,OPF,FL,ASO,ES,Federal Contract Tower,0,19,85,1,105,0,6,72,7,85,0,25,157,8,190,83,0,83,273
02/02/2015,OPF,FL,ASO,ES,Federal Contract Tower,0,19,104,19,142,0,2,81,14,97,0,21,185,33,239,114,43,157,396
02/03/2015,OPF,FL,ASO,ES,Federal Contract Tower,0,20,103,2,125,0,0,132,16,148,0,20,235,18,273,235,28,263,536
02/04/2015,OPF,FL,ASO,ES,Federal Contract Tower,0,25,105,10,140,0,6,122,33,161,0,31,227,43,301,127,72,199,500
02/05/2015,OPF,FL,ASO,ES,Federal Contract Tower,0,26,103,12,141,0,1,37,11,49,0,27,140,23,190,36,46,82,272
02/06/2015,OPF,FL,ASO,ES,Federal Contract Tower,0,20,102,4,126,0,1,137,30,168,0,21,239,34,294,117,4,121,415
02/07/2015,OPF,FL,ASO,ES,Federal Contract Tower,0,14,67,13,94,1,5,105,15,126,1,19,172,28,220,176,2,178,398
02/08/2015,OPF,FL,ASO,ES,Federal Contract Tower,1,31,110,3,145,0,8,100,6,114,1,39,210,9,259,162,6,168,427
02/09/2015,OPF,FL,ASO,ES,Federal Contract Tower,0,23,108,6,137,0,1,82,11,94,0,24,190,17,231,191,26,217,448
02/10/2015,OPF,FL,ASO,ES,Federal Contract Tower,0,31,93,18,142,0,3,76,16,95,0,34,169,34,237,58,20,78,315
02/11/2015,OPF,FL,ASO,ES,Federal Contract Tower,0,39,146,6,191,0,10,135,9,154,0,49,281,15,345,202,9,211,556
02/12/2015,OPF,FL,ASO,ES,Federal Contract Tower,0,49,212,2,263,0,6,172,18,196,0,55,384,20,459,152,31,183,642
02/13/2015,OPF,FL,ASO,ES,Federal Contract Tower,0,59,211,2,272,0,6,168,8,182,0,65,379,10,454,210,34,244,698
02/14/2015,OPF,FL,ASO,ES,Federal Contract Tower,0,26,112,0,138,0,2,134,13,149,0,28,246,13,287,58,3,61,348
02/15/2015,OPF,FL,ASO,ES,Federal Contract Tower,0,21,129,3,153,0,3,92,5,100,0,24,221,8,253,121,10,131,384
02/16/2015,OPF,FL,ASO,ES,Federal Contract Tower,0,67,163,2,232,0,5,158,9,172,0,72,321,11,404,153,0,153,557
02/17/2015,OPF,FL,ASO,ES,Federal Contract Tower,0,40,130,14,184,0,6,128,34,168,0,46,258,48,352,132,50,182,534
02/18/2015,OPF,FL,ASO,ES,Federal Contract Tower,0,31,144,7,182,0,0,76,23,99,0,31,220,30,281,45,26,71,352
02/19/2015,OPF,FL,ASO,ES,Federal Contract Tower,0,32,92,11,135,0,4,96,27,127,0,36,188,38,262,53,20,73,335
02/20/2015,OPF,FL,ASO,ES,Federal Contract Tower,0,26,132,0,158,0,4,131,19,154,0,30,263,19,312,68,8,76,388
02/21/2015,OPF,FL,ASO,ES,Federal Contract Tower,0,28,79,1,108,0,2,79,16,97,0,30,158,17,205,54,0,54,259
02/22/2015,OPF,FL,ASO,ES,Federal Contract Tower,0,34,117,5,156,0,4,88,19,111,0,38,205,24,267,60,18,78,345
02/23/2015,OPF,FL,ASO,ES,Federal Contract Tower,0,24,100,7,131,0,5,122,17,144,0,29,222,24,275,190,20,210,485
02/24/2015,OPF,FL,ASO,ES,Federal Contract Tower,0,18,103,3,124,0,0,117,17,134,0,18,220,20,258,160,12,172,430
02/25/2015,OPF,FL,ASO,ES,Federal Contract Tower,0,18,101,5,124,0,5,105,17,127,0,23,206,22,251,159,2,161,412
02/26/2015,OPF,FL,ASO,ES,Federal Contract Tower,0,29,137,4,170,0,3,94,16,113,0,32,231,20,283,50,20,70,353
02/27/2015,OPF,FL,ASO,ES,Federal Contract Tower,0,36,169,14,219,0,6,44,13,63,0,42,213,27,282,124,14,138,420
02/28/2015,OPF,FL,ASO,ES,Federal Contract Tower,0,10,58,7,75,0,6,26,5,37,0,16,84,12,112,25,13,38,150
03/01/2015,OPF,FL,ASO,ES,Federal Contract Tower,0,38,98,2,138,0,5,79,10,94,0,43,177,12,232,114,0,114,346
03/02/2015,OPF,FL,ASO,ES,Federal Contract Tower,0,27,138,6,171,0,2,123,21,146,0,29,261,27,317,319,38,357,674
03/03/2015,OPF,FL,ASO,ES,Federal Contract Tower,0,32,76,6,114,0,5,136,26,167,0,37,212,32,281,175,2,177,458
03/04/2015,OPF,FL,ASO,ES,Federal Contract Tower,0,24,104,0,128,0,7,117,22,146,0,31,221,22,274,171,10,181,455
03/05/2015,OPF,FL,ASO,ES,Federal Contract Tower,0,27,99,5,131,0,7,147,22,176,0,34,246,27,307,149,9,158,465
03/06/2015,OPF,FL,ASO,ES,Federal Contract Tower,0,25,118,13,156,0,6,154,5,165,0,31,272,18,321,258,6,264,585
03/07/2015,OPF,FL,ASO,ES,Federal Contract Tower,0,23,102,5,130,0,1,62,10,73,0,24,164,15,203,57,0,57,260
03/08/2015,OPF,FL,ASO,ES,Federal Contract Tower,0,33,102,5,140,0,2,46,3,51,0,35,148,8,191,172,2,174,365
03/09/2015,OPF,FL,ASO,ES,Federal Contract Tower,0,20,104,3,127,0,1,120,6,127,0,21,224,9,254,218,28,246,500
03/10/2015,OPF,FL,ASO,ES,Federal Contract Tower,0,11,111,1,123,0,4,114,11,129,0,15,225,12,252,121,0,121,373
03/11/2015,OPF,FL,ASO,ES,Federal Contract Tower,0,22,103,4,129,0,9,109,16,134,0,31,212,20,263,133,34,167,430
03/12/2015,OPF,FL,ASO,ES,Federal Contract Tower,0,26,109,4,139,0,2,148,13,163,0,28,257,17,302,215,57,272,574
03/13/2015,OPF,FL,ASO,ES,Federal Contract Tower,0,31,125,9,165,0,10,103,14,127,0,41,228,23,292,62,31,93,385
03/14/2015,OPF,FL,ASO,ES,Federal Contract Tower,0,17,116,1,134,0,3,136,14,153,0,20,252,15,287,133,8,141,428
03/15/2015,OPF,FL,ASO,ES,Federal Contract Tower,0,31,125,3,159,0,3,93,10,106,0,34,218,13,265,124,15,139,404
03/16/2015,OPF,FL,ASO,ES,Federal Contract Tower,0,24,116,5,145,0,1,146,10,157,0,25,262,15,302,234,50,284,586
03/17/2015,OPF,FL,ASO,ES,Federal Contract Tower,0,18,104,2,124,0,2,137,14,153,0,20,241,16,277,192,63,255,532
03/18/2015,OPF,FL,ASO,ES,Federal Contract Tower,0,20,125,3,148,0,3,167,18,188,0,23,292,21,336,232,42,274,610
03/19/2015,OPF,FL,ASO,ES,Federal Contract Tower,0,28,150,2,180,0,4,109,17,130,0,32,259,19,310,258,6,264,574
03/20/2015,OPF,FL,ASO,ES,Federal Contract Tower,0,33,129,3,165,0,7,159,5,171,0,40,288,8,336,284,1,285,621
03/21/2015,OPF,FL,ASO,ES,Federal Contract Tower,0,39,104,3,146,0,4,99,10,113,0,43,203,13,259,216,0,216,475
03/22/2015,OPF,FL,ASO,ES,Federal Contract Tower,0,38,89,7,134,0,7,80,12,99,0,45,169,19,233,103,4,107,340
03/23/2015,OPF,FL,ASO,ES,Federal Contract Tower,0,27,113,0,140,0,3,133,18,154,0,30,246,18,294,215,0,215,509
03/24/2015,OPF,FL,ASO,ES,Federal Contract Tower,0,24,107,6,137,0,2,101,10,113,0,26,208,16,250,219,0,219,469
03/25/2015,OPF,FL,ASO,ES,Federal Contract Tower,0,34,116,3,153,0,3,143,14,160,0,37,259,17,313,131,0,131,444
03/26/2015,OPF,FL,ASO,ES,Federal Contract Tower,0,36,119,7,162,0,6,145,21,172,0,42,264,28,334,151,16,167,501
03/27/2015,OPF,FL,ASO,ES,Federal Contract Tower,0,36,140,0,176,0,5,81,5,91,0,41,221,5,267,162,0,162,429
03/28/2015,OPF,FL,ASO,ES,Federal Contract Tower,0,39,139,4,182,0,3,92,13,108,0,42,231,17,290,101,0,101,391
03/29/2015,OPF,FL,ASO,ES,Federal Contract Tower,0,53,116,0,169,0,10,96,8,114,0,63,212,8,283,47,12,59,342
03/30/2015,OPF,FL,ASO,ES,Federal Contract Tower,1,52,103,5,161,0,6,138,12,156,1,58,241,17,317,300,0,300,617
03/31/2015,OPF,FL,ASO,ES,Federal Contract Tower,0,33,107,1,141,0,6,136,16,158,0,39,243,17,299,171,30,201,500
04/01/2015,OPF,FL,ASO,ES,Federal Contract Tower,0,31,103,1,135,0,0,128,12,140,0,31,231,13,275,151,0,151,426
04/02/2015,OPF,FL,ASO,ES,Federal Contract Tower,0,38,106,2,146,0,5,154,31,190,0,43,260,33,336,172,0,172,508
04/03/2015,OPF,FL,ASO,ES,Federal Contract Tower,0,36,127,4,167,0,6,167,6,179,0,42,294,10,346,172,0,172,518
04/04/2015,OPF,FL,ASO,ES,Federal Contract Tower,0,34,79,0,113,0,4,124,8,136,0,38,203,8,249,91,0,91,340
04/05/2015,OPF,FL,ASO,ES,Federal Contract Tower,0,37,138,2,177,0,2,96,5,103,0,39,234,7,280,84,0,84,364
04/06/2015,OPF,FL,ASO,ES,Federal Contract Tower,1,24,163,2,190,0,3,151,13,167,1,27,314,15,357,250,14,264,621
04/07/2015,OPF,FL,ASO,ES,Federal Contract Tower,0,21,109,4,134,0,7,134,8,149,0,28,243,12,283,272,2,274,557
04/08/2015,OPF,FL,ASO,ES,Federal Contract Tower,0,25,102,1,128,0,4,144,20,168,0,29,246,21,296,281,4,285,581
04/09/2015,OPF,FL,ASO,ES,Federal Contract Tower,0,33,104,4,141,0,1,136,15,152,0,34,240,19,293,274,0,274,567
04/10/2015,OPF,FL,ASO,ES,Federal Contract Tower,0,42,151,4,197,0,4,135,8,147,0,46,286,12,344,179,0,179,523
04/11/2015,OPF,FL,ASO,ES,Federal Contract Tower,0,25,101,4,130,0,7,127,10,144,0,32,228,14,274,157,0,157,431
04/12/2015,OPF,FL,ASO,ES,Federal Contract Tower,0,57,116,4,177,0,1,86,4,91,0,58,202,8,268,65,0,65,333
04/13/2015,OPF,FL,ASO,ES,Federal Contract Tower,1,23,111,5,140,0,3,100,16,119,1,26,211,21,259,196,18,214,473
04/14/2015,OPF,FL,ASO,ES,Federal Contract Tower,0,21,96,4,121,0,6,145,13,164,0,27,241,17,285,274,0,274,559
04/15/2015,OPF,FL,ASO,ES,Federal Contract Tower,0,24,120,4,148,0,7,155,14,176,0,31,275,18,324,300,8,308,632
04/16/2015,OPF,FL,ASO,ES,Federal Contract Tower,0,25,104,1,130,0,9,135,15,159,0,34,239,16,289,315,6,321,610
04/17/2015,OPF,FL,ASO,ES,Federal Contract Tower,0,28,101,6,135,0,4,162,9,175,0,32,263,15,310,222,7,229,539
04/18/2015,OPF,FL,ASO,ES,Federal Contract Tower,0,12,70,2,84,0,5,141,9,155,0,17,211,11,239,134,0,134,373
04/19/2015,OPF,FL,ASO,ES,Federal Contract Tower,0,14,93,11,118,0,3,113,14,130,0,17,206,25,248,73,0,73,321
04/20/2015,OPF,FL,ASO,ES,Federal Contract Tower,1,21,90,8,120,0,5,98,12,115,1,26,188,20,235,98,21,119,354
04/21/2015,OPF,FL,ASO,ES,Federal Contract Tower,0,17,109,9,135,0,1,70,11,82,0,18,179,20,217,104,50,154,371
04/22/2015,OPF,FL,ASO,ES,Federal Contract Tower,0,16,99,5,120,0,3,76,16,95,0,19,175,21,215,170,2,172,387
04/23/2015,OPF,FL,ASO,ES,Federal Contract Tower,0,15,119,17,151,0,7,108,21,136,0,22,227,38,287,80,49,129,416
04/24/2015,OPF,FL,ASO,ES,Federal Contract Tower,0,22,122,6,150,0,9,179,10,198,0,31,301,16,348,265,0,265,613
04/25/2015,OPF,FL,ASO,ES,Federal Contract Tower,0,8,62,6,76,0,5,119,10,134,0,13,181,16,210,178,10,188,398
04/26/2015,OPF,FL,ASO,ES,Federal Contract Tower,0,21,104,2,127,0,8,102,7,117,0,29,206,9,244,19,0,19,263
04/27/2015,OPF,FL,ASO,ES,Federal Contract Tower,0,17,106,1,124,0,2,119,17,138,0,19,225,18,262,229,23,252,514
04/28/2015,OPF,FL,ASO,ES,Federal Contract Tower,0,20,66,7,93,0,1,56,7,64,0,21,122,14,157,115,13,128,285
04/29/2015,OPF,FL,ASO,ES,Federal Contract Tower,0,19,94,5,118,0,0,35,2,37,0,19,129,7,155,67,0,67,222
04/30/2015,OPF,FL,ASO,ES,Federal Contract Tower,0,24,131,6,161,0,3,110,4,117,0,27,241,10,278,263,24,287,565
05/01/2015,OPF,FL,ASO,ES,Federal Contract Tower,0,24,136,11,171,0,3,178,10,191,0,27,314,21,362,163,0,163,525
05/02/2015,OPF,FL,ASO,ES,Federal Contract Tower,0,12,92,6,110,0,5,158,4,167,0,17,250,10,277,154,6,160,437
05/03/2015,OPF,FL,ASO,ES,Federal Contract Tower,0,16,93,2,111,0,1,135,3,139,0,17,228,5,250,92,7,99,349
05/04/2015,OPF,FL,ASO,ES,Federal Contract Tower,0,37,110,2,149,0,2,118,9,129,0,39,228,11,278,158,12,170,448
05/05/2015,OPF,FL,ASO,ES,Federal Contract Tower,0,10,76,11,97,0,3,33,14,50,0,13,109,25,147,80,20,100,247
05/06/2015,OPF,FL,ASO,ES,Federal Contract Tower,0,31,102,2,135,0,4,140,11,155,0,35,242,13,290,236,16,252,542
05/07/2015,OPF,FL,ASO,ES,Federal Contract Tower,0,27,113,1,141,0,1,136,6,143,0,28,249,7,284,190,7,197,481
05/08/2015,OPF,FL,ASO,ES,Federal Contract Tower,0,18,129,4,151,0,2,152,9,163,0,20,281,13,314,169,4,173,487
05/09/2015,OPF,FL,ASO,ES,Federal Contract Tower,0,14,84,1,99,0,3,114,5,122,0,17,198,6,221,130,9,139,360
05/10/2015,OPF,FL,ASO,ES,Federal Contract Tower,0,17,92,1,110,0,1,113,2,116,0,18,205,3,226,30,0,30,256
05/11/2015,OPF,FL,ASO,ES,Federal Contract Tower,0,22,108,0,130,0,3,130,12,145,0,25,238,12,275,150,8,158,433
05/12/2015,OPF,FL,ASO,ES,Federal Contract Tower,3,15,89,4,111,0,3,126,22,151,3,18,215,26,262,238,0,238,500
05/13/2015,OPF,FL,ASO,ES,Federal Contract Tower,0,22,110,7,139,0,2,154,21,177,0,24,264,28,316,151,0,151,467
05/14/2015,OPF,FL,ASO,ES,Federal Contract Tower,0,19,115,2,136,0,2,155,17,174,0,21,270,19,310,195,4,199,509
05/15/2015,OPF,FL,ASO,ES,Federal Contract Tower,0,28,111,4,143,0,0,118,9,127,0,28,229,13,270,68,0,68,338
05/16/2015,OPF,FL,ASO,ES,Federal Contract Tower,0,28,69,1,98,0,10,136,7,153,0,38,205,8,251,93,0,93,344
05/17/2015,OPF,FL,ASO,ES,Federal Contract Tower,1,31,92,1,125,0,1,72,13,86,1,32,164,14,211,75,22,97,308
05/18/2015,OPF,FL,ASO,ES,Federal Contract Tower,0,21,121,2,144,0,0,123,7,130,0,21,244,9,274,207,28,235,509
05/19/2015,OPF,FL,ASO,ES,Federal Contract Tower,0,15,90,6,111,0,0,110,17,127,0,15,200,23,238,182,6,188,426
05/20/2015,OPF,FL,ASO,ES,Federal Contract Tower,2,14,116,6,138,0,7,169,13,189,2,21,285,19,327,210,19,229,556
05/21/2015,OPF,FL,ASO,ES,Federal Contract Tower,0,21,94,3,118,0,4,117,13,134,0,25,211,16,252,203,4,207,459
05/22/2015,OPF,FL,ASO,ES,Federal Contract Tower,1,34,134,3,172,0,5,136,9,150,1,39,270,12,322,85,35,120,442
05/23/2015,OPF,FL,ASO,ES,Federal Contract Tower,2,15,70,0,87,0,0,111,9,120,2,15,181,9,207,103,48,151,358
05/24/2015,OPF,FL,ASO,ES,Federal Contract Tower,0,4,53,2,59,0,4,67,5,76,0,8,120,7,135,46,0,46,181
05/25/2015,OPF,FL,ASO,ES,Federal Contract Tower,0,26,105,1,132,0,3,105,8,116,0,29,210,9,248,13,0,13,261
05/26/2015,OPF,FL,ASO,ES,Federal Contract Tower,0,18,95,2,115,0,1,143,12,156,0,19,238,14,271,175,2,177,448
05/27/2015,OPF,FL,ASO,ES,Federal Contract Tower,0,12,108,7,127,0,4,120,5,129,0,16,228,12,256,106,0,106,362
05/28/2015,OPF,FL,ASO,ES,Federal Contract Tower,2,31,98,12,143,0,0,54,10,64,2,31,152,22,207,38,0,38,245
05/29/2015,OPF,FL,ASO,ES,Federal Contract Tower,0,18,124,7,149,0,7,160,14,181,0,25,284,21,330,177,4,181,511
05/30/2015,OPF,FL,ASO,ES,Federal Contract Tower,0,5,81,1,87,0,4,109,8,121,0,9,190,9,208,102,0,102,310
05/31/2015,OPF,FL,ASO,ES,Federal Contract Tower,0,10,90,2,102,0,6,78,3,87,0,16,168,5,189,22,2,24,213
06/01/2015,OPF,FL,ASO,ES,Federal Contract Tower,0,19,90,3,112,0,2,117,12,131,0,21,207,15,243,168,17,185,428
06/02/2015,OPF,FL,ASO,ES,Federal Contract Tower,0,15,91,13,119,0,2,91,27,120,0,17,182,40,239,231,0,231,470
06/03/2015,OPF,FL,ASO,ES,Federal Contract Tower,0,18,91,6,115,0,1,111,13,125,0,19,202,19,240,164,4,168,408
06/04/2015,OPF,FL,ASO,ES,Federal Contract Tower,0,15,110,7,132,0,9,113,34,156,0,24,223,41,288,136,0,136,424
06/05/2015,OPF,FL,ASO,ES,Federal Contract Tower,0,22,68,2,92,0,2,139,8,149,0,24,207,10,241,213,12,225,466
06/06/2015,OPF,FL,ASO,ES,Federal Contract Tower,0,8,66,1,75,0,1,96,10,107,0,9,162,11,182,120,6,126,308
06/07/2015,OPF,FL,ASO,ES,Federal Contract Tower,0,18,93,1,112,0,7,107,3,117,0,25,200,4,229,66,0,66,295
06/08/2015,OPF,FL,ASO,ES,Federal Contract Tower,0,10,91,1,102,0,4,91,14,109,0,14,182,15,211,151,22,173,384
06/09/2015,OPF,FL,ASO,ES,Federal Contract Tower,0,12,80,6,98,0,3,88,14,105,0,15,168,20,203,185,14,199,402
06/10/2015,OPF,FL,ASO,ES,Federal Contract Tower,0,24,74,1,99,0,6,85,17,108,0,30,159,18,207,154,11,165,372
06/11/2015,OPF,FL,ASO,ES,Federal Contract Tower,0,21,105,2,128,0,3,137,15,155,0,24,242,17,283,114,26,140,423
06/12/2015,OPF,FL,ASO,ES,Federal Contract Tower,0,19,105,2,126,0,5,132,9,146,0,24,237,11,272,188,0,188,460
06/13/2015,OPF,FL,ASO,ES,Federal Contract Tower,0,5,55,0,60,0,6,94,6,106,0,11,149,6,166,167,3,170,336
06/14/2015,OPF,FL,ASO,ES,Federal Contract Tower,0,15,116,1,132,0,15,78,2,95,0,30,194,3,227,35,0,35,262
06/15/2015,OPF,FL,ASO,ES,Federal Contract Tower,0,15,76,2,93,0,1,89,9,99,0,16,165,11,192,90,33,123,315
06/16/2015,OPF,FL,ASO,ES,Federal Contract Tower,0,18,95,2,115,0,2,122,8,132,0,20,217,10,247,177,0,177,424
06/17/2015,OPF,FL,ASO,ES,Federal Contract Tower,0,13,82,1,96,0,3,117,10,130,0,16,199,11,226,185,2,187,413
06/18/2015,OPF,FL,ASO,ES,Federal Contract Tower,0,18,94,3,115,0,3,128,14,145,0,21,222,17,260,117,11,128,388
06/19/2015,OPF,FL,ASO,ES,Federal Contract Tower,0,15,102,1,118,0,6,149,11,166,0,21,251,12,284,112,2,114,398
06/20/2015,OPF,FL,ASO,ES,Federal Contract Tower,0,14,55,0,69,0,8,109,7,124,0,22,164,7,193,118,0,118,311
06/21/2015,OPF,FL,ASO,ES,Federal Contract Tower,0,13,73,3,89,0,3,127,2,132,0,16,200,5,221,25,3,28,249
06/22/2015,OPF,FL,ASO,ES,Federal Contract Tower,0,16,87,16,119,0,1,130,6,137,0,17,217,22,256,214,10,224,480
06/23/2015,OPF,FL,ASO,ES,Federal Contract Tower,2,17,85,7,111,0,3,124,10,137,2,20,209,17,248,210,6,216,464
06/24/2015,OPF,FL,ASO,ES,Federal Contract Tower,0,27,94,0,121,0,4,114,17,135,0,31,208,17,256,99,0,99,355
06/25/2015,OPF,FL,ASO,ES,Federal Contract Tower,2,28,74,0,104,0,5,129,21,155,2,33,203,21,259,232,3,235,494
06/26/2015,OPF,FL,ASO,ES,Federal Contract Tower,0,17,113,2,132,0,5,112,25,142,0,22,225,27,274,130,0,130,404
06/27/2015,OPF,FL,ASO,ES,Federal Contract Tower,0,14,55,2,71,0,3,50,25,78,0,17,105,27,149,92,0,92,241
06/28/2015,OPF,FL,ASO,ES,Federal Contract Tower,0,18,71,1,90,0,1,79,7,87,0,19,150,8,177,66,0,66,243
06/29/2015,OPF,FL,ASO,ES,Federal Contract Tower,0,13,80,0,93,0,2,84,6,92,0,15,164,6,185,115,6,121,306
06/30/2015,OPF,FL,ASO,ES,Federal Contract Tower,0,11,79,1,91,0,2,112,10,124,0,13,191,11,215,173,14,187,402
07/01/2015,OPF,FL,ASO,ES,Federal Contract Tower,0,18,82,1,101,0,1,124,13,138,0,19,206,14,239,232,0,232,471
07/02/2015,OPF,FL,ASO,ES,Federal Contract Tower,1,17,100,1,119,0,4,132,9,145,1,21,232,10,264,200,2,202,466
07/03/2015,OPF,FL,ASO,ES,Federal Contract Tower,0,12,85,0,97,0,0,131,9,140,0,12,216,9,237,174,0,174,411
07/04/2015,OPF,FL,ASO,ES,Federal Contract Tower,0,4,36,1,41,0,6,77,6,89,0,10,113,7,130,12,0,12,142
07/05/2015,OPF,FL,ASO,ES,Federal Contract Tower,1,12,78,2,93,0,2,93,6,101,1,14,171,8,194,19,0,19,213
07/06/2015,OPF,FL,ASO,ES,Federal Contract Tower,0,14,88,4,106,0,2,116,12,130,0,16,204,16,236,166,0,166,402
07/07/2015,OPF,FL,ASO,ES,Federal Contract Tower,0,13,78,2,93,0,1,96,18,115,0,14,174,20,208,160,2,162,370
07/08/2015,OPF,FL,ASO,ES,Federal Contract Tower,0,9,73,0,82,0,0,125,14,139,0,9,198,14,221,126,4,130,351
07/09/2015,OPF,FL,ASO,ES,Federal Contract Tower,0,11,93,1,105,0,3,122,17,142,0,14,215,18,247,189,0,189,436
07/10/2015,OPF,FL,ASO,ES,Federal Contract Tower,0,16,81,6,103,0,0,144,8,152,0,16,225,14,255,288,0,288,543
07/11/2015,OPF,FL,ASO,ES,Federal Contract Tower,0,10,56,1,67,0,9,107,7,123,0,19,163,8,190,139,0,139,329
07/12/2015,OPF,FL,ASO,ES,Federal Contract Tower,0,21,87,1,109,0,0,106,3,109,0,21,193,4,218,65,0,65,283
07/13/2015,OPF,FL,ASO,ES,Federal Contract Tower,0,15,67,1,83,0,2,109,9,120,0,17,176,10,203,198,0,198,401
07/14/2015,OPF,FL,ASO,ES,Federal Contract Tower,0,17,104,4,125,0,1,121,9,131,0,18,225,13,256,117,2,119,375
07/15/2015,OPF,FL,ASO,ES,Federal Contract Tower,0,8,85,8,101,0,1,92,17,110,0,9,177,25,211,149,9,158,369
07/16/2015,OPF,FL,ASO,ES,Federal Contract Tower,0,11,120,3,134,0,2,98,8,108,0,13,218,11,242,95,10,105,347
07/17/2015,OPF,FL,ASO,ES,Federal Contract Tower,0,17,88,1,106,0,1,109,14,124,0,18,197,15,230,206,42,248,478
07/18/2015,OPF,FL,ASO,ES,Federal Contract Tower,0,14,71,2,87,0,2,87,8,97,0,16,158,10,184,138,0,138,322
07/19/2015,OPF,FL,ASO,ES,Federal Contract Tower,0,15,94,0,109,0,0,105,7,112,0,15,199,7,221,78,0,78,299
07/20/2015,OPF,FL,ASO,ES,Federal Contract Tower,0,13,83,9,105,0,0,132,9,141,0,13,215,18,246,130,0,130,376
07/21/2015,OPF,FL,ASO,ES,Federal Contract Tower,0,15,83,13,111,0,2,134,7,143,0,17,217,20,254,181,0,181,435
07/22/2015,OPF,FL,ASO,ES,Federal Contract Tower,0,18,94,4,116,0,0,128,8,136,0,18,222,12,252,194,0,194,446
07/23/2015,OPF,FL,ASO,ES,Federal Contract Tower,0,9,97,4,110,0,5,170,12,187,0,14,267,16,297,149,10,159,456
07/24/2015,OPF,FL,ASO,ES,Federal Contract Tower,0,18,83,5,106,0,3,105,13,121,0,21,188,18,227,182,6,188,415
07/25/2015,OPF,FL,ASO,ES,Federal Contract Tower,0,3,63,3,69,0,0,83,9,92,0,3,146,12,161,20,0,20,181
07/26/2015,OPF,FL,ASO,ES,Federal Contract Tower,0,10,69,1,80,0,1,54,5,60,0,11,123,6,140,87,0,87,227
07/27/2015,OPF,FL,ASO,ES,Federal Contract Tower,0,15,90,6,111,0,5,120,9,134,0,20,210,15,245,90,36,126,371
07/28/2015,OPF,FL,ASO,ES,Federal Contract Tower,0,23,69,0,92,0,1,117,12,130,0,24,186,12,222,166,8,174,396
07/29/2015,OPF,FL,ASO,ES,Federal Contract Tower,0,20,92,1,113,0,2,129,8,139,0,22,221,9,252,190,14,204,456
07/30/2015,OPF,FL,ASO,ES,Federal Contract Tower,0,15,107,7,129,0,10,131,9,150,0,25,238,16,279,155,15,170,449
07/31/2015,OPF,FL,ASO,ES,Federal Contract Tower,0,13,109,2,124,0,6,114,7,127,0,19,223,9,251,95,0,95,346
08/01/2015,OPF,FL,ASO,ES,Federal Contract Tower,0,8,73,5,86,0,3,114,9,126,0,11,187,14,212,99,0,99,311
08/02/2015,OPF,FL,ASO,ES,Federal Contract Tower,0,19,88,0,107,0,1,71,4,76,0,20,159,4,183,35,0,35,218
08/03/2015,OPF,FL,ASO,ES,Federal Contract Tower,0,14,103,5,122,0,1,155,8,164,0,15,258,13,286,162,0,162,448
08/04/2015,OPF,FL,ASO,ES,Federal Contract Tower,0,14,80,0,94,0,2,124,1,127,0,16,204,1,221,234,0,234,455
08/05/2015,OPF,FL,ASO,ES,Federal Contract Tower,0,13,90,1,104,0,4,166,6,176,0,17,256,7,280,156,2,158,438
08/06/2015,OPF,FL,ASO,ES,Federal Contract Tower,0,12,118,10,140,0,1,154,15,170,0,13,272,25,310,176,25,201,511
08/07/2015,OPF,FL,ASO,ES,Federal Contract Tower,0,19,102,0,121,0,1,166,12,179,0,20,268,12,300,127,10,137,437
08/08/2015,OPF,FL,ASO,ES,Federal Contract Tower,0,9,48,4,61,0,8,109,6,123,0,17,157,10,184,166,0,166,350
08/09/2015,OPF,FL,ASO,ES,Federal Contract Tower,0,14,88,4,106,0,3,89,5,97,0,17,177,9,203,83,0,83,286
08/10/2015,OPF,FL,ASO,ES,Federal Contract Tower,0,20,108,5,133,0,1,99,7,107,0,21,207,12,240,118,0,118,358
08/11/2015,OPF,FL,ASO,ES,Federal Contract Tower,0,6,89,3,98,0,2,105,10,117,0,8,194,13,215,176,0,176,391
08/12/2015,OPF,FL,ASO,ES,Federal Contract Tower,0,6,95,3,104,0,4,139,5,148,0,10,234,8,252,276,1,277,529
08/13/2015,OPF,FL,ASO,ES,Federal Contract Tower,0,15,86,1,102,0,10,120,10,140,0,25,206,11,242,106,2,108,350
08/14/2015,OPF,FL,ASO,ES,Federal Contract Tower,0,29,97,2,128,0,4,120,8,132,0,33,217,10,260,167,9,176,436
08/15/2015,OPF,FL,ASO,ES,Federal Contract Tower,0,5,76,2,83,0,3,62,4,69,0,8,138,6,152,35,0,35,187
08/16/2015,OPF,FL,ASO,ES,Federal Contract Tower,0,16,98,4,118,0,3,107,6,116,0,19,205,10,234,76,6,82,316
08/17/2015,OPF,FL,ASO,ES,Federal Contract Tower,0,14,93,3,110,0,4,142,12,158,0,18,235,15,268,172,4,176,444
08/18/2015,OPF,FL,ASO,ES,Federal Contract Tower,0,29,81,9,119,0,7,119,10,136,0,36,200,19,255,189,16,205,460
08/19/2015,OPF,FL,ASO,ES,Federal Contract Tower,0,25,86,1,112,0,6,123,6,135,0,31,209,7,247,176,4,180,427
08/20/2015,OPF,FL,ASO,ES,Federal Contract Tower,0,16,98,1,115,0,2,137,9,148,0,18,235,10,263,177,0,177,440
08/21/2015,OPF,FL,ASO,ES,Federal Contract Tower,0,38,99,1,138,0,9,132,7,148,0,47,231,8,286,101,0,101,387
08/22/2015,OPF,FL,ASO,ES,Federal Contract Tower,0,6,68,0,74,0,2,137,5,144,0,8,205,5,218,128,0,128,346
08/23/2015,OPF,FL,ASO,ES,Federal Contract Tower,0,15,97,0,112,0,1,111,7,119,0,16,208,7,231,73,0,73,304
08/24/2015,OPF,FL,ASO,ES,Federal Contract Tower,0,12,83,4,99,0,0,91,8,99,0,12,174,12,198,121,10,131,329
08/25/2015,OPF,FL,ASO,ES,Federal Contract Tower,0,17,89,7,113,0,2,113,24,139,0,19,202,31,252,112,55,167,419
08/26/2015,OPF,FL,ASO,ES,Federal Contract Tower,0,14,79,3,96,0,3,108,6,117,0,17,187,9,213,183,0,183,396
08/27/2015,OPF,FL,ASO,ES,Federal Contract Tower,0,21,104,6,131,0,4,101,6,111,0,25,205,12,242,155,11,166,408
08/28/2015,OPF,FL,ASO,ES,Federal Contract Tower,0,14,83,11,108,0,4,137,15,156,0,18,220,26,264,132,37,169,433
08/29/2015,OPF,FL,ASO,ES,Federal Contract Tower,0,17,66,1,84,0,2,80,5,87,0,19,146,6,171,76,0,76,247
08/30/2015,OPF,FL,ASO,ES,Federal Contract Tower,0,10,41,1,52,0,2,8,3,13,0,12,49,4,65,0,0,0,65
08/31/2015,OPF,FL,ASO,ES,Federal Contract Tower,0,9,53,2,64,0,3,75,24,102,0,12,128,26,166,52,0,52,218
09/01/2015,OPF,FL,ASO,ES,Federal Contract Tower,0,11,76,4,91,0,2,127,12,141,0,13,203,16,232,171,13,184,416
09/02/2015,OPF,FL,ASO,ES,Federal Contract Tower,0,14,80,7,101,0,9,87,16,112,0,23,167,23,213,108,6,114,327
09/03/2015,OPF,FL,ASO,ES,Federal Contract Tower,0,14,93,1,108,0,2,123,15,140,0,16,216,16,248,148,0,148,396
09/04/2015,OPF,FL,ASO,ES,Federal Contract Tower,0,21,116,3,140,0,4,115,10,129,0,25,231,13,269,200,9,209,478
09/05/2015,OPF,FL,ASO,ES,Federal Contract Tower,1,3,62,1,67,0,0,89,7,96,1,3,151,8,163,60,0,60,223
09/06/2015,OPF,FL,ASO,ES,Federal Contract Tower,0,12,63,0,75,0,5,71,5,81,0,17,134,5,156,56,0,56,212
09/07/2015,OPF,FL,ASO,ES,Federal Contract Tower,1,21,118,0,140,0,4,97,8,109,1,25,215,8,249,49,2,51,300
09/08/2015,OPF,FL,ASO,ES,Federal Contract Tower,0,19,95,3,117,0,2,125,11,138,0,21,220,14,255,262,0,262,517
09/09/2015,OPF,FL,ASO,ES,Federal Contract Tower,0,22,85,18,125,0,7,129,11,147,0,29,214,29,272,194,8,202,474
09/10/2015,OPF,FL,ASO,ES,Federal Contract Tower,1,10,99,1,111,0,8,128,10,146,1,18,227,11,257,158,0,158,415
09/11/2015,OPF,FL,ASO,ES,Federal Contract Tower,0,24,98,1,123,0,2,151,4,157,0,26,249,5,280,146,37,183,463
09/12/2015,OPF,FL,ASO,ES,Federal Contract Tower,0,8,61,1,70,0,7,103,4,114,0,15,164,5,184,169,2,171,355
09/13/2015,OPF,FL,ASO,ES,Federal Contract Tower,0,11,50,1,62,0,1,91,7,99,0,12,141,8,161,77,9,86,247
09/14/2015,OPF,FL,ASO,ES,Federal Contract Tower,0,11,84,6,101,0,0,105,17,122,0,11,189,23,223,117,34,151,374
09/15/2015,OPF,FL,ASO,ES,Federal Contract Tower,0,20,85,5,110,0,6,82,15,103,0,26,167,20,213,85,2,87,300
09/16/2015,OPF,FL,ASO,ES,Federal Contract Tower,0,14,90,6,110,0,2,53,1,56,0,16,143,7,166,21,13,34,200
09/17/2015,OPF,FL,ASO,ES,Federal Contract Tower,0,17,106,6,129,0,3,72,15,90,0,20,178,21,219,61,10,71,290
09/18/2015,OPF,FL,ASO,ES,Federal Contract Tower,0,16,111,1,128,0,7,120,11,138,0,23,231,12,266,118,0,118,384
09/19/2015,OPF,FL,ASO,ES,Federal Contract Tower,0,10,77,0,87,0,3,151,6,160,0,13,228,6,247,142,0,142,389
09/20/2015,OPF,FL,ASO,ES,Federal Contract Tower,0,15,59,4,78,0,0,94,17,111,0,15,153,21,189,47,0,47,236
09/21/2015,OPF,FL,ASO,ES,Federal Contract Tower,0,10,84,2,96,0,3,137,11,151,0,13,221,13,247,115,8,123,370
09/22/2015,OPF,FL,ASO,ES,Federal Contract Tower,0,10,81,8,99,0,2,106,11,119,0,12,187,19,218,122,38,160,378
09/23/2015,OPF,FL,ASO,ES,Federal Contract Tower,0,7,73,5,85,0,8,117,8,133,0,15,190,13,218,105,2,107,325
09/24/2015,OPF,FL,ASO,ES,Federal Contract Tower,0,19,115,13,147,0,1,91,14,106,0,20,206,27,253,110,3,113,366
09/25/2015,OPF,FL,ASO,ES,Federal Contract Tower,0,19,109,3,131,0,2,94,10,106,0,21,203,13,237,174,0,174,411
09/26/2015,OPF,FL,ASO,ES,Federal Contract Tower,0,7,48,3,58,0,1,113,6,120,0,8,161,9,178,165,5,170,348
09/27/2015,OPF,FL,ASO,ES,Federal Contract Tower,0,11,95,5,111,0,1,71,9,81,0,12,166,14,192,59,5,64,256
09/28/2015,OPF,FL,ASO,ES,Federal Contract Tower,0,17,92,7,116,0,4,112,10,126,0,21,204,17,242,116,15,131,373
09/29/2015,OPF,FL,ASO,ES,Federal Contract Tower,0,15,108,9,132,0,0,121,19,140,0,15,229,28,272,166,29,195,467
09/30/2015,OPF,FL,ASO,ES,Federal Contract Tower,0,27,106,6,139,0,5,161,16,182,0,32,267,22,321,250,26,276,597
10/01/2015,OPF,FL,ASO,ES,Federal Contract Tower,0,18,106,13,137,0,7,143,19,169,0,25,249,32,306,100,11,111,417
10/02/2015,OPF,FL,ASO,ES,Federal Contract Tower,0,27,111,10,148,0,5,114,12,131,0,32,225,22,279,105,12,117,396
10/03/2015,OPF,FL,ASO,ES,Federal Contract Tower,0,14,70,2,86,0,7,117,1,125,0,21,187,3,211,143,0,143,354
10/04/2015,OPF,FL,ASO,ES,Federal Contract Tower,0,18,92,2,112,0,5,102,10,117,0,23,194,12,229,64,0,64,293
10/05/2015,OPF,FL,ASO,ES,Federal Contract Tower,0,14,101,7,122,0,4,108,16,128,0,18,209,23,250,154,8,162,412
10/06/2015,OPF,FL,ASO,ES,Federal Contract Tower,0,14,103,11,128,0,5,132,13,150,0,19,235,24,278,182,6,188,466
10/07/2015,OPF,FL,ASO,ES,Federal Contract Tower,0,16,90,4,110,0,4,108,11,123,0,20,198,15,233,162,12,174,407
10/08/2015,OPF,FL,ASO,ES,Federal Contract Tower,0,20,103,3,126,0,2,116,18,136,0,22,219,21,262,113,4,117,379
10/09/2015,OPF,FL,ASO,ES,Federal Contract Tower,1,26,126,7,160,0,6,93,5,104,1,32,219,12,264,87,17,104,368
10/10/2015,OPF,FL,ASO,ES,Federal Contract Tower,0,10,63,2,75,0,2,82,6,90,0,12,145,8,165,102,0,102,267
10/11/2015,OPF,FL,ASO,ES,Federal Contract Tower,1,17,68,1,87,0,6,66,15,87,1,23,134,16,174,74,0,74,248
10/12/2015,OPF,FL,ASO,ES,Federal Contract Tower,0,20,116,0,136,0,5,141,3,149,0,25,257,3,285,100,6,106,391
10/13/2015,OPF,FL,ASO,ES,Federal Contract Tower,0,23,101,4,128,0,5,109,11,125,0,28,210,15,253,199,0,199,452
10/14/2015,OPF,FL,ASO,ES,Federal Contract Tower,0,10,116,5,131,0,10,136,17,163,0,20,252,22,294,186,12,198,492
10/15/2015,OPF,FL,ASO,ES,Federal Contract Tower,0,21,98,8,127,0,8,107,15,130,0,29,205,23,257,144,6,150,407
10/16/2015,OPF,FL,ASO,ES,Federal Contract Tower,0,23,104,2,129,0,1,81,4,86,0,24,185,6,215,112,56,168,383
10/17/2015,OPF,FL,ASO,ES,Federal Contract Tower,0,11,59,3,73,0,1,102,19,122,0,12,161,22,195,77,0,77,272
10/18/2015,OPF,FL,ASO,ES,Federal Contract Tower,0,21,77,1,99,0,3,76,3,82,0,24,153,4,181,22,0,22,203
10/19/2015,OPF,FL,ASO,ES,Federal Contract Tower,0,22,78,2,102,0,2,48,11,61,0,24,126,13,163,11,2,13,176
10/20/2015,OPF,FL,ASO,ES,Federal Contract Tower,0,23,82,6,111,0,4,83,16,103,0,27,165,22,214,161,35,196,410
10/21/2015,OPF,FL,ASO,ES,Federal Contract Tower,0,27,95,5,127,0,11,111,11,133,0,38,206,16,260,115,16,131,391
10/22/2015,OPF,FL,ASO,ES,Federal Contract Tower,0,20,122,1,143,0,7,121,11,139,0,27,243,12,282,160,22,182,464
10/23/2015,OPF,FL,ASO,ES,Federal Contract Tower,0,23,113,6,142,0,2,96,44,142,0,25,209,50,284,138,2,140,424
10/24/2015,OPF,FL,ASO,ES,Federal Contract Tower,0,9,83,3,95,0,6,126,9,141,0,15,209,12,236,128,0,128,364
10/25/2015,OPF,FL,ASO,ES,Federal Contract Tower,0,18,106,0,124,0,3,91,14,108,0,21,197,14,232,54,0,54,286
10/26/2015,OPF,FL,ASO,ES,Federal Contract Tower,0,21,93,6,120,0,5,123,12,140,0,26,216,18,260,98,2,100,360
10/27/2015,OPF,FL,ASO,ES,Federal Contract Tower,0,21,115,5,141,0,2,120,13,135,0,23,235,18,276,166,16,182,458
10/28/2015,OPF,FL,ASO,ES,Federal Contract Tower,0,24,98,5,127,0,4,79,8,91,0,28,177,13,218,121,4,125,343
10/29/2015,OPF,FL,ASO,ES,Federal Contract Tower,0,27,131,5,163,0,13,108,15,136,0,40,239,20,299,118,66,184,483
10/30/2015,OPF,FL,ASO,ES,Federal Contract Tower,0,20,122,1,143,0,4,140,10,154,0,24,262,11,297,155,0,155,452
10/31/2015,OPF,FL,ASO,ES,Federal Contract Tower,0,17,60,2,79,0,4,106,4,114,0,21,166,6,193,103,0,103,296
11/01/2015,OPF,FL,ASO,ES,Federal Contract Tower,0,22,93,3,118,0,2,78,3,83,0,24,171,6,201,32,4,36,237
11/02/2015,OPF,FL,ASO,ES,Federal Contract Tower,0,21,97,6,124,0,8,98,11,117,0,29,195,17,241,124,26,150,391
11/03/2015,OPF,FL,ASO,ES,Federal Contract Tower,0,34,75,7,116,0,6,139,13,158,0,40,214,20,274,214,31,245,519
11/04/2015,OPF,FL,ASO,ES,Federal Contract Tower,0,22,90,8,120,0,5,101,12,118,0,27,191,20,238,256,60,316,554
11/05/2015,OPF,FL,ASO,ES,Federal Contract Tower,0,15,123,3,141,0,3,105,15,123,0,18,228,18,264,122,12,134,398
11/06/2015,OPF,FL,ASO,ES,Federal Contract Tower,1,36,109,2,148,0,5,110,14,129,1,41,219,16,277,156,40,196,473
11/07/2015,OPF,FL,ASO,ES,Federal Contract Tower,0,9,87,1,97,0,6,109,3,118,0,15,196,4,215,97,0,97,312
11/08/2015,OPF,FL,ASO,ES,Federal Contract Tower,0,29,128,0,157,0,6,90,6,102,0,35,218,6,259,62,0,62,321
11/09/2015,OPF,FL,ASO,ES,Federal Contract Tower,0,19,109,8,136,0,3,117,13,133,0,22,226,21,269,80,8,88,357
11/10/2015,OPF,FL,ASO,ES,Federal Contract Tower,0,21,117,2,140,0,4,128,6,138,0,25,245,8,278,205,6,211,489
11/11/2015,OPF,FL,ASO,ES,Federal Contract Tower,0,22,96,1,119,0,3,125,6,134,0,25,221,7,253,174,0,174,427
11/12/2015,OPF,FL,ASO,ES,Federal Contract Tower,0,22,117,8,147,0,3,105,13,121,0,25,222,21,268,119,6,125,393
11/13/2015,OPF,FL,ASO,ES,Federal Contract Tower,0,27,113,5,145,0,6,151,14,171,0,33,264,19,316,122,8,130,446
11/14/2015,OPF,FL,ASO,ES,Federal Contract Tower,1,19,69,1,90,0,1,64,4,69,1,20,133,5,159,66,4,70,229
11/15/2015,OPF,FL,ASO,ES,Federal Contract Tower,0,12,98,3,113,0,3,76,8,87,0,15,174,11,200,58,0,58,258
11/16/2015,OPF,FL,ASO,ES,Federal Contract Tower,0,21,102,8,131,0,0,90,9,99,0,21,192,17,230,77,24,101,331
11/17/2015,OPF,FL,ASO,ES,Federal Contract Tower,0,18,105,10,133,0,2,129,12,143,0,20,234,22,276,121,24,145,421
11/18/2015,OPF,FL,ASO,ES,Federal Contract Tower,0,15,117,4,136,0,2,137,7,146,0,17,254,11,282,96,0,96,378
11/19/2015,OPF,FL,ASO,ES,Federal Contract Tower,0,17,119,2,138,0,8,140,13,161,0,25,259,15,299,237,21,258,557
11/20/2015,OPF,FL,ASO,ES,Federal Contract Tower,0,36,148,9,193,0,1,136,14,151,0,37,284,23,344,131,34,165,509
11/21/2015,OPF,FL,ASO,ES,Federal Contract Tower,0,22,89,2,113,0,0,89,10,99,0,22,178,12,212,60,0,60,272
11/22/2015,OPF,FL,ASO,ES,Federal Contract Tower,0,32,110,2,144,0,1,62,3,66,0,33,172,5,210,16,0,16,226
11/23/2015,OPF,FL,ASO,ES,Federal Contract Tower,0,27,118,4,149,0,8,136,17,161,0,35,254,21,310,105,2,107,417
11/24/2015,OPF,FL,ASO,ES,Federal Contract Tower,0,39,120,6,165,0,1,152,22,175,0,40,272,28,340,67,37,104,444
11/25/2015,OPF,FL,ASO,ES,Federal Contract Tower,0,51,118,1,170,0,0,124,10,134,0,51,242,11,304,45,41,86,390
11/26/2015,OPF,FL,ASO,ES,Federal Contract Tower,0,10,36,1,47,0,1,60,0,61,0,11,96,1,108,37,0,37,145
11/27/2015,OPF,FL,ASO,ES,Federal Contract Tower,0,13,68,0,81,0,2,99,6,107,0,15,167,6,188,101,0,101,289
11/28/2015,OPF,FL,ASO,ES,Federal Contract Tower,0,40,95,3,138,0,3,117,23,143,0,43,212,26,281,72,0,72,353
11/29/2015,OPF,FL,ASO,ES,Federal Contract Tower,0,48,163,0,211,0,4,110,4,118,0,52,273,4,329,26,0,26,355
11/30/2015,OPF,FL,ASO,ES,Federal Contract Tower,0,56,126,4,186,0,0,76,15,91,0,56,202,19,277,88,10,98,375
12/01/2015,OPF,FL,ASO,ES,Federal Contract Tower,0,37,113,9,159,0,3,121,15,139,0,40,234,24,298,171,21,192,490
12/02/2015,OPF,FL,ASO,ES,Federal Contract Tower,0,65,123,8,196,0,7,127,11,145,0,72,250,19,341,129,0,129,470
12/03/2015,OPF,FL,ASO,ES,Federal Contract Tower,1,51,162,1,215,0,3,80,8,91,1,54,242,9,306,109,12,121,427
12/04/2015,OPF,FL,ASO,ES,Federal Contract Tower,0,63,115,8,186,0,6,48,12,66,0,69,163,20,252,32,0,32,284
12/05/2015,OPF,FL,ASO,ES,Federal Contract Tower,0,33,108,3,144,0,1,23,2,26,0,34,131,5,170,34,0,34,204
12/06/2015,OPF,FL,ASO,ES,Federal Contract Tower,0,30,121,2,153,0,2,71,8,81,0,32,192,10,234,37,0,37,271
12/07/2015,OPF,FL,ASO,ES,Federal Contract Tower,0,29,92,6,127,0,3,60,11,74,0,32,152,17,201,135,20,155,356
12/08/2015,OPF,FL,ASO,ES,Federal Contract Tower,0,16,117,8,141,0,0,39,9,48,0,16,156,17,189,71,8,79,268
12/09/2015,OPF,FL,ASO,ES,Federal Contract Tower,0,31,112,2,145,0,5,118,16,139,0,36,230,18,284,175,8,183,467
12/10/2015,OPF,FL,ASO,ES,Federal Contract Tower,0,25,110,2,137,0,7,165,10,182,0,32,275,12,319,178,0,178,497
12/11/2015,OPF,FL,ASO,ES,Federal Contract Tower,0,21,99,3,123,0,3,158,11,172,0,24,257,14,295,148,0,148,443
12/12/2015,OPF,FL,ASO,ES,Federal Contract Tower,0,15,75,5,95,0,4,116,11,131,0,19,191,16,226,140,0,140,366
12/13/2015,OPF,FL,ASO,ES,Federal Contract Tower,0,23,110,2,135,0,2,78,4,84,0,25,188,6,219,53,4,57,276
12/14/2015,OPF,FL,ASO,ES,Federal Contract Tower,0,21,103,9,133,0,6,132,15,153,0,27,235,24,286,176,0,176,462
12/15/2015,OPF,FL,ASO,ES,Federal Contract Tower,0,32,99,6,137,0,2,162,10,174,0,34,261,16,311,170,15,185,496
12/16/2015,OPF,FL,ASO,ES,Federal Contract Tower,0,19,125,9,153,0,4,141,12,157,0,23,266,21,310,148,11,159,469
12/17/2015,OPF,FL,ASO,ES,Federal Contract Tower,0,22,114,0,136,0,3,121,5,129,0,25,235,5,265,191,0,191,456
12/18/2015,OPF,FL,ASO,ES,Federal Contract Tower,0,46,157,0,203,0,4,106,5,115,0,50,263,5,318,150,0,150,468
12/19/2015,OPF,FL,ASO,ES,Federal Contract Tower,0,24,126,2,152,0,7,89,3,99,0,31,215,5,251,85,0,85,336
12/20/2015,OPF,FL,ASO,ES,Federal Contract Tower,0,27,101,2,130,0,6,59,7,72,0,33,160,9,202,10,0,10,212
12/21/2015,OPF,FL,ASO,ES,Federal Contract Tower,0,27,102,1,130,0,25,88,7,120,0,52,190,8,250,71,10,81,331
12/22/2015,OPF,FL,ASO,ES,Federal Contract Tower,0,33,98,0,131,0,1,98,11,110,0,34,196,11,241,58,4,62,303
12/23/2015,OPF,FL,ASO,ES,Federal Contract Tower,0,27,129,1,157,0,3,112,9,124,0,30,241,10,281,91,0,91,372
12/24/2015,OPF,FL,ASO,ES,Federal Contract Tower,2,29,44,0,75,0,6,80,10,96,2,35,124,10,171,25,0,25,196
12/25/2015,OPF,FL,ASO,ES,Federal Contract Tower,0,21,45,0,66,0,3,43,4,50,0,24,88,4,116,6,0,6,122
12/26/2015,OPF,FL,ASO,ES,Federal Contract Tower,0,35,176,2,213,0,4,105,5,114,0,39,281,7,327,40,9,49,376
12/27/2015,OPF,FL,ASO,ES,Federal Contract Tower,0,44,138,1,183,0,7,82,3,92,0,51,220,4,275,36,0,36,311
12/28/2015,OPF,FL,ASO,ES,Federal Contract Tower,0,38,115,0,153,0,8,86,5,99,0,46,201,5,252,61,0,61,313
12/29/2015,OPF,FL,ASO,ES,Federal Contract Tower,2,42,110,0,154,0,2,114,8,124,2,44,224,8,278,66,0,66,344
12/30/2015,OPF,FL,ASO,ES,Federal Contract Tower,0,29,143,2,174,0,6,96,18,120,0,35,239,20,294,69,0,69,363
12/31/2015,OPF,FL,ASO,ES,Federal Contract Tower,0,37,124,0,161,0,4,115,16,135,0,41,239,16,296,49,0,49,345
01/01/2016,OPF,FL,ASO,ES,Federal Contract Tower,0,47,95,0,142,0,4,73,8,85,0,51,168,8,227,14,0,14,241
01/02/2016,OPF,FL,ASO,ES,Federal Contract Tower,0,48,175,2,225,0,3,99,4,106,0,51,274,6,331,54,6,60,391
01/03/2016,OPF,FL,ASO,ES,Federal Contract Tower,0,76,218,4,298,0,1,66,5,72,0,77,284,9,370,12,0,12,382
01/04/2016,OPF,FL,ASO,ES,Federal Contract Tower,0,49,127,1,177,0,9,91,6,106,0,58,218,7,283,62,2,64,347
01/05/2016,OPF,FL,ASO,ES,Federal Contract Tower,0,30,117,9,156,0,4,89,9,102,0,34,206,18,258,50,37,87,345
01/06/2016,OPF,FL,ASO,ES,Federal Contract Tower,0,26,83,13,122,0,2,48,8,58,0,28,131,21,180,84,0,84,264
01/07/2016,OPF,FL,ASO,ES,Federal Contract Tower,0,36,127,5,168,0,0,117,14,131,0,36,244,19,299,124,20,144,443
01/08/2016,OPF,FL,ASO,ES,Federal Contract Tower,0,24,117,9,150,0,4,110,19,133,0,28,227,28,283,150,0,150,433
01/09/2016,OPF,FL,ASO,ES,Federal Contract Tower,0,22,109,0,131,0,10,127,9,146,0,32,236,9,277,138,18,156,433
01/10/2016,OPF,FL,ASO,ES,Federal Contract Tower,0,25,127,0,152,0,0,77,5,82,0,25,204,5,234,38,0,38,272
01/11/2016,OPF,FL,ASO,ES,Federal Contract Tower,0,16,109,5,130,0,0,113,5,118,0,16,222,10,248,120,19,139,387
01/12/2016,OPF,FL,ASO,ES,Federal Contract Tower,0,22,102,6,130,0,4,91,22,117,0,26,193,28,247,123,4,127,374
01/13/2016,OPF,FL,ASO,ES,Federal Contract Tower,0,22,110,7,139,0,6,160,19,185,0,28,270,26,324,207,38,245,569
01/14/2016,OPF,FL,ASO,ES,Federal Contract Tower,0,36,123,4,163,0,1,92,14,107,0,37,215,18,270,180,0,180,450
01/15/2016,OPF,FL,ASO,ES,Federal Contract Tower,0,37,119,13,169,0,0,7,15,22,0,37,126,28,191,13,62,75,266
01/16/2016,OPF,FL,ASO,ES,Federal Contract Tower,0,12,105,10,127,0,6,131,6,143,0,18,236,16,270,146,10,156,426
01/17/2016,OPF,FL,ASO,ES,Federal Contract Tower,0,27,110,3,140,0,1,28,7,36,0,28,138,10,176,0,0,0,176
01/18/2016,OPF,FL,ASO,ES,Federal Contract Tower,0,31,140,2,173,0,7,150,2,159,0,38,290,4,332,204,0,204,536
01/19/2016,OPF,FL,ASO,ES,Federal Contract Tower,0,29,100,9,138,0,5,150,14,169,0,34,250,23,307,83,20,103,410
01/20/2016,OPF,FL,ASO,ES,Federal Contract Tower,0,30,124,7,161,0,3,132,10,145,0,33,256,17,306,265,4,269,575
01/21/2016,OPF,FL,ASO,ES,Federal Contract Tower,0,26,129,7,162,0,3,122,10,135,0,29,251,17,297,226,14,240,537
01/22/2016,OPF,FL,ASO,ES,Federal Contract Tower,0,33,102,7,142,0,0,5,0,5,0,33,107,7,147,2,32,34,181
01/23/2016,OPF,FL,ASO,ES,Federal Contract Tower,0,11,71,0,82,0,7,38,3,48,0,18,109,3,130,7,0,7,137
01/24/2016,OPF,FL,ASO,ES,Federal Contract Tower,0,30,105,5,140,0,4,106,17,127,0,34,211,22,267,64,15,79,346
01/25/2016,OPF,FL,ASO,ES,Federal Contract Tower,0,28,104,4,136,0,4,145,22,171,0,32,249,26,307,171,34,205,512
01/26/2016,OPF,FL,ASO,ES,Federal Contract Tower,0,21,95,4,120,0,5,108,25,138,0,26,203,29,258,162,36,198,456
01/27/2016,OPF,FL,ASO,ES,Federal Contract Tower,0,21,83,6,110,0,1,27,14,42,0,22,110,20,152,18,36,54,206
01/28/2016,OPF,FL,ASO,ES,Federal Contract Tower,0,23,92,11,126,0,0,16,10,26,0,23,108,21,152,14,31,45,197
01/29/2016,OPF,FL,ASO,ES,Federal Contract Tower,0,21,167,7,195,0,5,159,10,174,0,26,326,17,369,139,0,139,508
01/30/2016,OPF,FL,ASO,ES,Federal Contract Tower,0,14,100,0,114,0,1,155,7,163,0,15,255,7,277,177,12,189,466
01/31/2016,OPF,FL,ASO,ES,Federal Contract Tower,0,22,111,5,138,0,0,92,6,98,0,22,203,11,236,83,0,83,319
02/01/2016,OPF,FL,ASO,ES,Federal Contract Tower,0,29,90,23,142,0,7,55,12,74,0,36,145,35,216,62,1,63,279
02/02/2016,OPF,FL,ASO,ES,Federal Contract Tower,0,27,99,6,132,0,2,105,27,134,0,29,204,33,266,180,18,198,464
02/03/2016,OPF,FL,ASO,ES,Federal Contract Tower,0,35,115,5,155,0,4,83,20,107,0,39,198,25,262,134,3,137,399
02/04/2016,OPF,FL,ASO,ES,Federal Contract Tower,0,49,109,4,162,0,2,125,42,169,0,51,234,46,331,125,17,142,473
02/05/2016,OPF,FL,ASO,ES,Federal Contract Tower,0,30,132,4,166,0,1,113,24,138,0,31,245,28,304,79,18,97,401
02/06/2016,OPF,FL,ASO,ES,Federal Contract Tower,0,12,76,3,91,0,2,145,14,161,0,14,221,17,252,190,0,190,442
02/07/2016,OPF,FL,ASO,ES,Federal Contract Tower,0,19,101,4,124,0,2,69,3,74,0,21,170,7,198,24,0,24,222
02/08/2016,OPF,FL,ASO,ES,Federal Contract Tower,0,27,120,3,150,0,6,165,36,207,0,33,285,39,357,206,34,240,597
02/09/2016,OPF,FL,ASO,ES,Federal Contract Tower,0,24,101,5,130,0,4,116,29,149,0,28,217,34,279,92,58,150,429
02/10/2016,OPF,FL,ASO,ES,Federal Contract Tower,0,29,158,4,191,0,11,137,29,177,0,40,295,33,368,285,1,286,654
02/11/2016,OPF,FL,ASO,ES,Federal Contract Tower,0,41,191,8,240,0,23,156,3,182,0,64,347,11,422,124,18,142,564
02/12/2016,OPF,FL,ASO,ES,Federal Contract Tower,0,46,181,4,231,0,4,163,32,199,0,50,344,36,430,105,0,105,535
02/13/2016,OPF,FL,ASO,ES,Federal Contract Tower,0,21,95,4,120,0,1,145,17,163,0,22,240,21,283,64,4,68,351
02/14/2016,OPF,FL,ASO,ES,Federal Contract Tower,0,17,144,8,169,0,4,185,5,194,0,21,329,13,363,53,17,70,433
02/15/2016,OPF,FL,ASO,ES,Federal Contract Tower,0,44,141,1,186,0,3,103,4,110,0,47,244,5,296,144,0,144,440
02/16/2016,OPF,FL,ASO,ES,Federal Contract Tower,0,38,125,1,164,0,3,76,18,97,0,41,201,19,261,203,29,232,493
02/17/2016,OPF,FL,ASO,ES,Federal Contract Tower,0,22,109,3,134,0,9,147,36,192,0,31,256,39,326,157,47,204,530
02/18/2016,OPF,FL,ASO,ES,Federal Contract Tower,0,36,117,1,154,0,10,165,18,193,0,46,282,19,347,125,35,160,507
02/19/2016,OPF,FL,ASO,ES,Federal Contract Tower,0,22,126,8,156,0,7,131,15,153,0,29,257,23,309,108,28,136,445
02/20/2016,OPF,FL,ASO,ES,Federal Contract Tower,0,25,77,3,105,0,10,132,5,147,0,35,209,8,252,120,30,150,402
02/21/2016,OPF,FL,ASO,ES,Federal Contract Tower,0,29,124,3,156,0,3,95,3,101,0,32,219,6,257,61,4,65,322
02/22/2016,OPF,FL,ASO,ES,Federal Contract Tower,0,18,98,3,119,0,7,114,17,138,0,25,212,20,257,189,16,205,462
02/23/2016,OPF,FL,ASO,ES,Federal Contract Tower,0,27,81,4,112,0,2,87,18,107,0,29,168,22,219,74,63,137,356
02/24/2016,OPF,FL,ASO,ES,Federal Contract Tower,0,27,83,10,120,0,4,95,18,117,0,31,178,28,237,60,66,126,363
02/25/2016,OPF,FL,ASO,ES,Federal Contract Tower,0,13,133,8,154,0,4,122,23,149,0,17,255,31,303,124,91,215,518
02/26/2016,OPF,FL,ASO,ES,Federal Contract Tower,0,19,140,4,163,0,11,166,15,192,0,30,306,19,355,123,8,131,486
02/27/2016,OPF,FL,ASO,ES,Federal Contract Tower,0,9,86,2,97,0,0,125,10,135,0,9,211,12,232,162,24,186,418
02/28/2016,OPF,FL,ASO,ES,Federal Contract Tower,0,22,124,5,151,0,5,104,7,116,0,27,228,12,267,74,14,88,355
02/29/2016,OPF,FL,ASO,ES,Federal Contract Tower,0,26,97,6,129,0,9,133,20,162,0,35,230,26,291,178,97,275,566
03/01/2016,OPF,FL,ASO,ES,Federal Contract Tower,0,24,90,1,115,0,6,125,16,147,0,30,215,17,262,159,86,245,507
03/02/2016,OPF,FL,ASO,ES,Federal Contract Tower,0,28,85,0,113,0,0,116,12,128,0,28,201,12,241,182,33,215,456
03/03/2016,OPF,FL,ASO,ES,Federal Contract Tower,0,30,103,23,156,0,21,119,26,166,0,51,222,49,322,245,74,319,641
03/04/2016,OPF,FL,ASO,ES,Federal Contract Tower,0,18,123,2,143,0,2,176,10,188,0,20,299,12,331,133,11,144,475
03/05/2016,OPF,FL,ASO,ES,Federal Contract Tower,0,27,80,1,108,0,13,154,5,172,0,40,234,6,280,162,31,193,473
03/06/2016,OPF,FL,ASO,ES,Federal Contract Tower,0,25,105,0,130,0,13,103,10,126,0,38,208,10,256,111,4,115,371
03/07/2016,OPF,FL,ASO,ES,Federal Contract Tower,0,33,79,4,116,0,4,123,13,140,0,37,202,17,256,132,30,162,418
03/08/2016,OPF,FL,ASO,ES,Federal Contract Tower,0,25,92,4,121,0,0,120,15,135,0,25,212,19,256,119,34,153,409
03/09/2016,OPF,FL,ASO,ES,Federal Contract Tower,0,24,98,6,128,0,3,81,13,97,0,27,179,19,225,49,28,77,302
03/10/2016,OPF,FL,ASO,ES,Federal Contract Tower,0,34,125,4,163,0,7,68,19,94,0,41,193,23,257,36,31,67,324
03/11/2016,OPF,FL,ASO,ES,Federal Contract Tower,0,37,112,3,152,0,8,148,8,164,0,45,260,11,316,79,10,89,405
03/12/2016,OPF,FL,ASO,ES,Federal Contract Tower,0,17,83,0,100,0,10,149,4,163,0,27,232,4,263,133,10,143,406
03/13/2016,OPF,FL,ASO,ES,Federal Contract Tower,0,41,103,4,148,0,6,89,12,107,0,47,192,16,255,77,10,87,342
03/14/2016,OPF,FL,ASO,ES,Federal Contract Tower,0,17,103,6,126,0,7,117,9,133,0,24,220,15,259,131,22,153,412
03/15/2016,OPF,FL,ASO,ES,Federal Contract Tower,0,15,128,6,149,0,6,122,14,142,0,21,250,20,291,229,18,247,538
03/16/2016,OPF,FL,ASO,ES,Federal Contract Tower,0,31,109,2,142,0,6,110,17,133,0,37,219,19,275,160,19,179,454
03/17/2016,OPF,FL,ASO,ES,Federal Contract Tower,0,20,150,4,174,0,3,137,14,154,0,23,287,18,328,207,18,225,553
03/18/2016,OPF,FL,ASO,ES,Federal Contract Tower,0,41,157,2,200,0,14,160,11,185,0,55,317,13,385,164,0,164,549
03/19/2016,OPF,FL,ASO,ES,Federal Contract Tower,0,28,121,2,151,0,2,143,8,153,0,30,264,10,304,34,0,34,338
03/20/2016,OPF,FL,ASO,ES,Federal Contract Tower,0,35,129,0,164,0,4,70,9,83,0,39,199,9,247,12,4,16,263
03/21/2016,OPF,FL,ASO,ES,Federal Contract Tower,0,33,159,5,197,0,5,130,15,150,0,38,289,20,347,57,22,79,426
03/22/2016,OPF,FL,ASO,ES,Federal Contract Tower,0,27,123,3,153,0,7,136,21,164,0,34,259,24,317,230,12,242,559
03/23/2016,OPF,FL,ASO,ES,Federal Contract Tower,0,31,118,2,151,0,8,137,17,162,0,39,255,19,313,128,0,128,441
03/24/2016,OPF,FL,ASO,ES,Federal Contract Tower,0,33,138,5,176,0,3,124,15,142,0,36,262,20,318,105,0,105,423
03/25/2016,OPF,FL,ASO,ES,Federal Contract Tower,0,24,97,5,126,0,5,120,9,134,0,29,217,14,260,124,18,142,402
03/26/2016,OPF,FL,ASO,ES,Federal Contract Tower,0,29,107,1,137,0,1,149,9,159,0,30,256,10,296,116,0,116,412
03/27/2016,OPF,FL,ASO,ES,Federal Contract Tower,0,30,134,5,169,0,4,93,7,104,0,34,227,12,273,41,0,41,314
03/28/2016,OPF,FL,ASO,ES,Federal Contract Tower,0,30,127,7,164,0,5,104,18,127,0,35,231,25,291,171,2,173,464
03/29/2016,OPF,FL,ASO,ES,Federal Contract Tower,0,22,80,6,108,0,2,84,18,104,0,24,164,24,212,114,0,114,326
03/30/2016,OPF,FL,ASO,ES,Federal Contract Tower,0,35,100,4,139,0,5,77,10,92,0,40,177,14,231,102,0,102,333
03/31/2016,OPF,FL,ASO,ES,Federal Contract Tower,0,19,114,6,139,0,14,133,13,160,0,33,247,19,299,154,20,174,473
04/01/2016,OPF,FL,ASO,ES,Federal Contract Tower,0,39,123,5,167,0,1,159,10,170,0,40,282,15,337,170,0,170,507
04/02/2016,OPF,FL,ASO,ES,Federal Contract Tower,0,23,95,1,119,0,9,124,10,143,0,32,219,11,262,61,11,72,334
04/03/2016,OPF,FL,ASO,ES,Federal Contract Tower,0,29,142,3,174,0,3,114,10,127,0,32,256,13,301,58,0,58,359
04/04/2016,OPF,FL,ASO,ES,Federal Contract Tower,0,16,98,4,118,0,2,120,5,127,0,18,218,9,245,197,0,197,442
04/05/2016,OPF,FL,ASO,ES,Federal Contract Tower,0,31,108,0,139,0,14,155,20,189,0,45,263,20,328,213,5,218,546
04/06/2016,OPF,FL,ASO,ES,Federal Contract Tower,0,30,102,5,137,0,2,118,13,133,0,32,220,18,270,63,11,74,344
04/07/2016,OPF,FL,ASO,ES,Federal Contract Tower,0,37,128,2,167,0,6,151,16,173,0,43,279,18,340,149,0,149,489
04/08/2016,OPF,FL,ASO,ES,Federal Contract Tower,0,33,111,6,150,0,10,170,14,194,0,43,281,20,344,156,19,175,519
04/09/2016,OPF,FL,ASO,ES,Federal Contract Tower,0,23,71,1,95,0,6,138,11,155,0,29,209,12,250,119,0,119,369
04/10/2016,OPF,FL,ASO,ES,Federal Contract Tower,0,25,129,3,157,0,1,76,3,80,0,26,205,6,237,1,4,5,242
04/11/2016,OPF,FL,ASO,ES,Federal Contract Tower,0,21,79,1,101,0,9,100,17,126,0,30,179,18,227,108,0,108,335
04/12/2016,OPF,FL,ASO,ES,Federal Contract Tower,0,17,112,7,136,0,6,126,9,141,0,23,238,16,277,229,0,229,506
04/13/2016,OPF,FL,ASO,ES,Federal Contract Tower,0,24,112,6,142,0,0,153,5,158,0,24,265,11,300,212,0,212,512
04/14/2016,OPF,FL,ASO,ES,Federal Contract Tower,0,20,113,20,153,0,2,143,24,169,0,22,256,44,322,245,5,250,572
04/15/2016,OPF,FL,ASO,ES,Federal Contract Tower,0,32,118,4,154,0,3,133,5,141,0,35,251,9,295,166,7,173,468
04/16/2016,OPF,FL,ASO,ES,Federal Contract Tower,0,15,79,2,96,0,7,103,5,115,0,22,182,7,211,95,0,95,306
04/17/2016,OPF,FL,ASO,ES,Federal Contract Tower,0,20,98,5,123,0,5,109,4,118,0,25,207,9,241,59,0,59,300
04/18/2016,OPF,FL,ASO,ES,Federal Contract Tower,0,22,82,0,104,0,7,96,11,114,0,29,178,11,218,130,0,130,348
04/19/2016,OPF,FL,ASO,ES,Federal Contract Tower,0,24,100,6,130,0,4,127,11,142,0,28,227,17,272,136,28,164,436
04/20/2016,OPF,FL,ASO,ES,Federal Contract Tower,0,25,118,6,149,0,4,131,14,149,0,29,249,20,298,165,0,165,463
04/21/2016,OPF,FL,ASO,ES,Federal Contract Tower,0,41,89,14,144,0,2,96,18,116,0,43,185,32,260,116,6,122,382
04/22/2016,OPF,FL,ASO,ES,Federal Contract Tower,0,28,120,0,148,0,10,124,6,140,0,38,244,6,288,63,0,63,351
04/23/2016,OPF,FL,ASO,ES,Federal Contract Tower,0,15,65,1,81,0,5,148,3,156,0,20,213,4,237,161,0,161,398
04/24/2016,OPF,FL,ASO,ES,Federal Contract Tower,0,28,78,8,114,0,5,76,7,88,0,33,154,15,202,78,32,110,312
04/25/2016,OPF,FL,ASO,ES,Federal Contract Tower,0,25,86,2,113,0,6,106,15,127,0,31,192,17,240,120,0,120,360
04/26/2016,OPF,FL,ASO,ES,Federal Contract Tower,0,27,94,7,128,0,4,125,10,139,0,31,219,17,267,144,9,153,420
04/27/2016,OPF,FL,ASO,ES,Federal Contract Tower,0,23,92,4,119,0,7,147,16,170,0,30,239,20,289,184,8,192,481
04/28/2016,OPF,FL,ASO,ES,Federal Contract Tower,0,29,107,6,142,0,6,111,16,133,0,35,218,22,275,129,53,182,457
04/29/2016,OPF,FL,ASO,ES,Federal Contract Tower,0,30,112,3,145,0,7,127,11,145,0,37,239,14,290,139,5,144,434
04/30/2016,OPF,FL,ASO,ES,Federal Contract Tower,0,15,89,7,111,0,17,134,5,156,0,32,223,12,267,197,0,197,464
05/01/2016,OPF,FL,ASO,ES,Federal Contract Tower,0,43,95,0,138,0,2,78,8,88,0,45,173,8,226,51,8,59,285
05/02/2016,OPF,FL,ASO,ES,Federal Contract Tower,0,26,86,0,112,0,7,99,12,118,0,33,185,12,230,120,0,120,350
05/03/2016,OPF,FL,ASO,ES,Federal Contract Tower,0,18,87,6,111,0,4,96,10,110,0,22,183,16,221,55,0,55,276
05/04/2016,OPF,FL,ASO,ES,Federal Contract Tower,0,22,64,2,88,0,0,39,7,46,0,22,103,9,134,71,14,85,219
05/05/2016,OPF,FL,ASO,ES,Federal Contract Tower,0,21,100,4,125,0,7,131,8,146,0,28,231,12,271,147,25,172,443
05/06/2016,OPF,FL,ASO,ES,Federal Contract Tower,0,19,81,0,100,0,1,172,20,193,0,20,253,20,293,93,8,101,394
05/07/2016,OPF,FL,ASO,ES,Federal Contract Tower,0,19,80,1,100,0,4,125,11,140,0,23,205,12,240,186,3,189,429
05/08/2016,OPF,FL,ASO,ES,Federal Contract Tower,0,16,83,0,99,0,4,94,8,106,0,20,177,8,205,31,8,39,244
05/09/2016,OPF,FL,ASO,ES,Federal Contract Tower,0,23,88,1,112,0,0,121,15,136,0,23,209,16,248,172,0,172,420
05/10/2016,OPF,FL,ASO,ES,Federal Contract Tower,0,15,110,8,133,0,5,157,9,171,0,20,267,17,304,170,26,196,500
05/11/2016,OPF,FL,ASO,ES,Federal Contract Tower,0,16,94,3,113,0,4,135,7,146,0,20,229,10,259,109,10,119,378
05/12/2016,OPF,FL,ASO,ES,Federal Contract Tower,0,30,85,2,117,0,0,116,18,134,0,30,201,20,251,153,0,153,404
05/13/2016,OPF,FL,ASO,ES,Federal Contract Tower,0,45,112,8,165,0,1,125,13,139,0,46,237,21,304,119,6,125,429
05/14/2016,OPF,FL,ASO,ES,Federal Contract Tower,0,25,104,3,132,0,8,119,5,132,0,33,223,8,264,160,0,160,424
05/15/2016,OPF,FL,ASO,ES,Federal Contract Tower,0,27,103,3,133,0,4,88,14,106,0,31,191,17,239,30,0,30,269
05/16/2016,OPF,FL,ASO,ES,Federal Contract Tower,0,19,84,2,105,0,7,138,15,160,0,26,222,17,265,145,32,177,442
05/17/2016,OPF,FL,ASO,ES,Federal Contract Tower,0,14,84,7,105,0,5,86,11,102,0,19,170,18,207,156,25,181,388
05/18/2016,OPF,FL,ASO,ES,Federal Contract Tower,0,24,92,2,118,0,2,67,14,83,0,26,159,16,201,103,17,120,321
05/19/2016,OPF,FL,ASO,ES,Federal Contract Tower,0,25,112,4,141,0,12,116,6,134,0,37,228,10,275,226,31,257,532
05/20/2016,OPF,FL,ASO,ES,Federal Contract Tower,0,27,92,0,119,0,9,125,6,140,0,36,217,6,259,266,4,270,529
05/21/2016,OPF,FL,ASO,ES,Federal Contract Tower,0,15,68,0,83,0,4,95,7,106,0,19,163,7,189,90,0,90,279
05/22/2016,OPF,FL,ASO,ES,Federal Contract Tower,0,17,99,2,118,0,1,82,10,93,0,18,181,12,211,58,0,58,269
05/23/2016,OPF,FL,ASO,ES,Federal Contract Tower,0,22,95,1,118,0,3,92,10,105,0,25,187,11,223,198,12,210,433
05/24/2016,OPF,FL,ASO,ES,Federal Contract Tower,0,16,94,3,113,0,6,118,10,134,0,22,212,13,247,89,3,92,339
05/25/2016,OPF,FL,ASO,ES,Federal Contract Tower,0,19,101,3,123,0,3,115,13,131,0,22,216,16,254,212,2,214,468
05/26/2016,OPF,FL,ASO,ES,Federal Contract Tower,1,18,101,1,121,0,12,135,20,167,1,30,236,21,288,111,21,132,420
05/27/2016,OPF,FL,ASO,ES,Federal Contract Tower,0,28,115,7,150,0,4,161,13,178,0,32,276,20,328,128,4,132,460
05/28/2016,OPF,FL,ASO,ES,Federal Contract Tower,0,8,65,0,73,0,5,78,7,90,0,13,143,7,163,176,7,183,346
05/29/2016,OPF,FL,ASO,ES,Federal Contract Tower,0,5,50,0,55,0,2,98,5,105,0,7,148,5,160,46,0,46,206
05/30/2016,OPF,FL,ASO,ES,Federal Contract Tower,0,26,110,1,137,0,0,106,7,113,0,26,216,8,250,65,0,65,315
05/31/2016,OPF,FL,ASO,ES,Federal Contract Tower,0,14,85,7,106,0,2,93,14,109,0,16,178,21,215,159,4,163,378
06/01/2016,OPF,FL,ASO,ES,Federal Contract Tower,0,22,108,2,132,0,4,121,13,138,0,26,229,15,270,138,36,174,444
06/02/2016,OPF,FL,ASO,ES,Federal Contract Tower,0,16,91,6,113,0,3,108,18,129,0,19,199,24,242,149,0,149,391
06/03/2016,OPF,FL,ASO,ES,Federal Contract Tower,0,9,97,3,109,0,10,85,10,105,0,19,182,13,214,149,13,162,376
06/04/2016,OPF,FL,ASO,ES,Federal Contract Tower,0,9,74,2,85,0,2,115,4,121,0,11,189,6,206,91,0,91,297
06/05/2016,OPF,FL,ASO,ES,Federal Contract Tower,0,23,111,1,135,0,8,69,6,83,0,31,180,7,218,24,0,24,242
06/06/2016,OPF,FL,ASO,ES,Federal Contract Tower,0,11,86,7,104,0,2,75,12,89,0,13,161,19,193,35,0,35,228
06/07/2016,OPF,FL,ASO,ES,Federal Contract Tower,0,9,73,6,88,0,9,73,12,94,0,18,146,18,182,38,6,44,226
06/08/2016,OPF,FL,ASO,ES,Federal Contract Tower,0,19,85,8,112,0,1,70,10,81,0,20,155,18,193,30,20,50,243
06/09/2016,OPF,FL,ASO,ES,Federal Contract Tower,0,26,119,1,146,0,4,108,11,123,0,30,227,12,269,144,20,164,433
06/10/2016,OPF,FL,ASO,ES,Federal Contract Tower,0,31,101,10,142,0,5,81,8,94,0,36,182,18,236,86,20,106,342
06/11/2016,OPF,FL,ASO,ES,Federal Contract Tower,0,21,54,1,76,0,0,102,3,105,0,21,156,4,181,131,0,131,312
06/12/2016,OPF,FL,ASO,ES,Federal Contract Tower,0,18,92,6,116,0,4,71,2,77,0,22,163,8,193,56,0,56,249
06/13/2016,OPF,FL,ASO,ES,Federal Contract Tower,0,17,99,2,118,0,5,120,8,133,0,22,219,10,251,168,0,168,419
06/14/2016,OPF,FL,ASO,ES,Federal Contract Tower,0,18,116,4,138,0,6,143,14,163,0,24,259,18,301,98,8,106,407
06/15/2016,OPF,FL,ASO,ES,Federal Contract Tower,0,16,72,2,90,0,3,127,12,142,0,19,199,14,232,119,25,144,376
06/16/2016,OPF,FL,ASO,ES,Federal Contract Tower,0,25,81,5,111,0,2,83,16,101,0,27,164,21,212,125,0,125,337
06/17/2016,OPF,FL,ASO,ES,Federal Contract Tower,0,30,125,1,156,0,2,99,12,113,0,32,224,13,269,114,0,114,383
06/18/2016,OPF,FL,ASO,ES,Federal Contract Tower,0,19,62,2,83,0,4,89,1,94,0,23,151,3,177,81,7,88,265
06/19/2016,OPF,FL,ASO,ES,Federal Contract Tower,0,17,67,0,84,0,8,105,3,116,0,25,172,3,200,45,33,78,278
06/20/2016,OPF,FL,ASO,ES,Federal Contract Tower,0,23,74,3,100,0,2,98,18,118,0,25,172,21,218,106,4,110,328
06/21/2016,OPF,FL,ASO,ES,Federal Contract Tower,0,18,95,2,115,0,4,77,20,101,0,22,172,22,216,96,9,105,321
06/22/2016,OPF,FL,ASO,ES,Federal Contract Tower,0,23,108,5,136,0,5,116,14,135,0,28,224,19,271,131,39,170,441
06/23/2016,OPF,FL,ASO,ES,Federal Contract Tower,0,23,97,4,124,0,7,117,20,144,0,30,214,24,268,122,26,148,416
06/24/2016,OPF,FL,ASO,ES,Federal Contract Tower,0,27,92,2,121,0,0,122,5,127,0,27,214,7,248,191,8,199,447
06/25/2016,OPF,FL,ASO,ES,Federal Contract Tower,0,11,72,0,83,0,6,124,5,135,0,17,196,5,218,111,1,112,330
06/26/2016,OPF,FL,ASO,ES,Federal Contract Tower,0,25,88,0,113,0,7,60,7,74,0,32,148,7,187,25,0,25,212
06/27/2016,OPF,FL,ASO,ES,Federal Contract Tower,0,20,93,0,113,0,4,80,15,99,0,24,173,15,212,133,0,133,345
06/28/2016,OPF,FL,ASO,ES,Federal Contract Tower,0,18,94,6,118,0,7,123,11,141,0,25,217,17,259,121,8,129,388
06/29/2016,OPF,FL,ASO,ES,Federal Contract Tower,0,18,94,1,113,0,2,131,16,149,0,20,225,17,262,152,0,152,414
06/30/2016,OPF,FL,ASO,ES,Federal Contract Tower,0,17,102,0,119,0,1,109,18,128,0,18,211,18,247,127,1,128,375
07/01/2016,OPF,FL,ASO,ES,Federal Contract Tower,0,28,98,1,127,0,6,104,12,122,0,34,202,13,249,75,8,83,332
07/02/2016,OPF,FL,ASO,ES,Federal Contract Tower,0,8,88,0,96,0,2,113,4,119,0,10,201,4,215,107,0,107,322
07/03/2016,OPF,FL,ASO,ES,Federal Contract Tower,0,14,60,0,74,0,2,46,6,54,0,16,106,6,128,12,0,12,140
07/04/2016,OPF,FL,ASO,ES,Federal Contract Tower,0,11,53,0,64,0,4,80,2,86,0,15,133,2,150,105,0,105,255
07/05/2016,OPF,FL,ASO,ES,Federal Contract Tower,0,21,117,1,139,0,3,129,8,140,0,24,246,9,279,94,0,94,373
07/06/2016,OPF,FL,ASO,ES,Federal Contract Tower,0,10,82,3,95,0,5,133,8,146,0,15,215,11,241,131,0,131,372
07/07/2016,OPF,FL,ASO,ES,Federal Contract Tower,0,15,106,3,124,0,2,138,15,155,0,17,244,18,279,136,0,136,415
07/08/2016,OPF,FL,ASO,ES,Federal Contract Tower,0,26,79,1,106,0,2,134,13,149,0,28,213,14,255,140,18,158,413
07/09/2016,OPF,FL,ASO,ES,Federal Contract Tower,0,17,94,0,111,0,1,107,10,118,0,18,201,10,229,83,7,90,319
07/10/2016,OPF,FL,ASO,ES,Federal Contract Tower,0,16,91,2,109,0,8,85,4,97,0,24,176,6,206,24,0,24,230
07/11/2016,OPF,FL,ASO,ES,Federal Contract Tower,0,12,88,0,100,0,5,115,11,131,0,17,203,11,231,158,0,158,389
07/12/2016,OPF,FL,ASO,ES,Federal Contract Tower,0,19,73,1,93,0,5,113,12,130,0,24,186,13,223,155,23,178,401
07/13/2016,OPF,FL,ASO,ES,Federal Contract Tower,0,18,87,1,106,0,5,110,10,125,0,23,197,11,231,91,0,91,322
07/14/2016,OPF,FL,ASO,ES,Federal Contract Tower,0,25,103,3,131,0,4,101,9,114,0,29,204,12,245,151,15,166,411
07/15/2016,OPF,FL,ASO,ES,Federal Contract Tower,0,28,123,2,153,0,9,132,7,148,0,37,255,9,301,116,25,141,442
07/16/2016,OPF,FL,ASO,ES,Federal Contract Tower,0,9,73,0,82,0,8,121,8,137,0,17,194,8,219,102,0,102,321
07/17/2016,OPF,FL,ASO,ES,Federal Contract Tower,0,15,79,3,97,0,5,113,10,128,0,20,192,13,225,28,0,28,253
07/18/2016,OPF,FL,ASO,ES,Federal Contract Tower,0,13,86,0,99,0,9,101,15,125,0,22,187,15,224,116,4,120,344
07/19/2016,OPF,FL,ASO,ES,Federal Contract Tower,0,16,88,5,109,0,2,94,17,113,0,18,182,22,222,108,12,120,342
07/20/2016,OPF,FL,ASO,ES,Federal Contract Tower,0,14,78,2,94,0,5,140,19,164,0,19,218,21,258,110,0,110,368
07/21/2016,OPF,FL,ASO,ES,Federal Contract Tower,0,19,82,5,106,0,4,81,16,101,0,23,163,21,207,180,0,180,387
07/22/2016,OPF,FL,ASO,ES,Federal Contract Tower,0,21,95,1,117,0,6,118,17,141,0,27,213,18,258,111,0,111,369
07/23/2016,OPF,FL,ASO,ES,Federal Contract Tower,0,14,82,0,96,0,4,113,4,121,0,18,195,4,217,128,0,128,345
07/24/2016,OPF,FL,ASO,ES,Federal Contract Tower,0,17,90,1,108,0,5,93,8,106,0,22,183,9,214,54,0,54,268
07/25/2016,OPF,FL,ASO,ES,Federal Contract Tower,0,20,105,0,125,0,3,117,12,132,0,23,222,12,257,148,0,148,405
07/26/2016,OPF,FL,ASO,ES,Federal Contract Tower,0,19,83,10,112,0,2,118,16,136,0,21,201,26,248,147,0,147,395
07/27/2016,OPF,FL,ASO,ES,Federal Contract Tower,0,17,94,3,114,0,9,133,17,159,0,26,227,20,273,149,0,149,422
07/28/2016,OPF,FL,ASO,ES,Federal Contract Tower,0,14,97,3,114,0,3,134,17,154,0,17,231,20,268,106,0,106,374
07/29/2016,OPF,FL,ASO,ES,Federal Contract Tower,0,21,117,2,140,0,5,124,17,146,0,26,241,19,286,79,34,113,399
07/30/2016,OPF,FL,ASO,ES,Federal Contract Tower,0,5,65,0,70,0,8,110,4,122,0,13,175,4,192,101,0,101,293
07/31/2016,OPF,FL,ASO,ES,Federal Contract Tower,0,25,76,4,105,0,3,109,5,117,0,28,185,9,222,43,0,43,265
08/01/2016,OPF,FL,ASO,ES,Federal Contract Tower,0,9,70,2,81,0,3,86,9,98,0,12,156,11,179,88,57,145,324
08/02/2016,OPF,FL,ASO,ES,Federal Contract Tower,0,24,54,2,80,0,5,90,7,102,0,29,144,9,182,125,0,125,307
08/03/2016,OPF,FL,ASO,ES,Federal Contract Tower,0,20,106,2,128,0,7,112,11,130,0,27,218,13,258,167,0,167,425
08/04/2016,OPF,FL,ASO,ES,Federal Contract Tower,0,15,93,1,109,0,3,147,3,153,0,18,240,4,262,92,0,92,354
08/05/2016,OPF,FL,ASO,ES,Federal Contract Tower,0,15,98,1,114,0,4,127,12,143,0,19,225,13,257,184,0,184,441
08/06/2016,OPF,FL,ASO,ES,Federal Contract Tower,0,4,54,1,59,0,2,91,2,95,0,6,145,3,154,56,0,56,210
08/07/2016,OPF,FL,ASO,ES,Federal Contract Tower,0,17,67,2,86,0,5,107,4,116,0,22,174,6,202,11,6,17,219
08/08/2016,OPF,FL,ASO,ES,Federal Contract Tower,0,11,75,3,89,0,1,68,6,75,0,12,143,9,164,59,14,73,237
08/09/2016,OPF,FL,ASO,ES,Federal Contract Tower,0,13,80,3,96,0,0,89,7,96,0,13,169,10,192,114,0,114,306
08/10/2016,OPF,FL,ASO,ES,Federal Contract Tower,0,13,88,9,110,0,4,124,7,135,0,17,212,16,245,157,14,171,416
08/11/2016,OPF,FL,ASO,ES,Federal Contract Tower,0,19,90,3,112,0,0,88,14,102,0,19,178,17,214,166,52,218,432
08/12/2016,OPF,FL,ASO,ES,Federal Contract Tower,0,19,98,6,123,0,2,122,13,137,0,21,220,19,260,109,9,118,378
08/13/2016,OPF,FL,ASO,ES,Federal Contract Tower,0,17,75,0,92,0,0,101,6,107,0,17,176,6,199,26,2,28,227
08/14/2016,OPF,FL,ASO,ES,Federal Contract Tower,0,12,89,9,110,0,4,80,6,90,0,16,169,15,200,0,0,0,200
08/15/2016,OPF,FL,ASO,ES,Federal Contract Tower,0,16,95,2,113,0,11,117,12,140,0,27,212,14,253,162,10,172,425
08/16/2016,OPF,FL,ASO,ES,Federal Contract Tower,0,31,96,4,131,0,3,111,10,124,0,34,207,14,255,132,10,142,397
08/17/2016,OPF,FL,ASO,ES,Federal Contract Tower,0,25,62,8,95,0,2,103,8,113,0,27,165,16,208,53,3,56,264
08/18/2016,OPF,FL,ASO,ES,Federal Contract Tower,0,25,81,4,110,0,1,110,12,123,0,26,191,16,233,158,4,162,395
08/19/2016,OPF,FL,ASO,ES,Federal Contract Tower,0,16,96,4,116,0,4,111,12,127,0,20,207,16,243,66,0,66,309
08/20/2016,OPF,FL,ASO,ES,Federal Contract Tower,0,9,80,0,89,0,0,139,4,143,0,9,219,4,232,89,0,89,321
08/21/2016,OPF,FL,ASO,ES,Federal Contract Tower,0,19,77,0,96,0,8,97,4,109,0,27,174,4,205,37,0,37,242
08/22/2016,OPF,FL,ASO,ES,Federal Contract Tower,0,10,89,6,105,0,4,125,20,149,0,14,214,26,254,129,9,138,392
08/23/2016,OPF,FL,ASO,ES,Federal Contract Tower,0,17,62,4,83,0,9,124,20,153,0,26,186,24,236,176,18,194,430
08/24/2016,OPF,FL,ASO,ES,Federal Contract Tower,0,13,75,9,97,0,9,85,16,110,0,22,160,25,207,68,0,68,275
08/25/2016,OPF,FL,ASO,ES,Federal Contract Tower,0,23,74,8,105,0,6,99,18,123,0,29,173,26,228,48,10,58,286
08/26/2016,OPF,FL,ASO,ES,Federal Contract Tower,0,19,85,7,111,0,1,112,15,128,0,20,197,22,239,95,14,109,348
08/27/2016,OPF,FL,ASO,ES,Federal Contract Tower,0,16,50,0,66,0,3,48,2,53,0,19,98,2,119,67,0,67,186
08/28/2016,OPF,FL,ASO,ES,Federal Contract Tower,0,15,65,0,80,0,3,39,6,48,0,18,104,6,128,13,0,13,141
08/29/2016,OPF,FL,ASO,ES,Federal Contract Tower,1,16,58,4,79,0,0,67,10,77,1,16,125,14,156,40,32,72,228
08/30/2016,OPF,FL,ASO,ES,Federal Contract Tower,0,15,65,12,92,0,0,69,11,80,0,15,134,23,172,44,16,60,232
08/31/2016,OPF,FL,ASO,ES,Federal Contract Tower,0,18,82,8,108,0,2,83,13,98,0,20,165,21,206,56,0,56,262
09/01/2016,OPF,FL,ASO,ES,Federal Contract Tower,0,12,85,10,107,0,2,89,20,111,0,14,174,30,218,36,52,88,306
09/02/2016,OPF,FL,ASO,ES,Federal Contract Tower,0,24,84,4,112,0,4,93,11,108,0,28,177,15,220,69,0,69,289
09/03/2016,OPF,FL,ASO,ES,Federal Contract Tower,0,9,75,0,84,0,4,75,6,85,0,13,150,6,169,101,0,101,270
09/04/2016,OPF,FL,ASO,ES,Federal Contract Tower,0,6,53,0,59,0,5,71,7,83,0,11,124,7,142,45,6,51,193
09/05/2016,OPF,FL,ASO,ES,Federal Contract Tower,0,16,111,5,132,0,4,94,4,102,0,20,205,9,234,17,0,17,251
09/06/2016,OPF,FL,ASO,ES,Federal Contract Tower,0,19,88,3,110,0,1,71,5,77,0,20,159,8,187,87,0,87,274
09/07/2016,OPF,FL,ASO,ES,Federal Contract Tower,0,20,126,4,150,0,4,101,14,119,0,24,227,18,269,139,17,156,425
09/08/2016,OPF,FL,ASO,ES,Federal Contract Tower,0,17,87,8,112,0,4,80,11,95,0,21,167,19,207,70,16,86,293
09/09/2016,OPF,FL,ASO,ES,Federal Contract Tower,0,13,106,1,120,0,2,130,11,143,0,15,236,12,263,68,2,70,333
09/10/2016,OPF,FL,ASO,ES,Federal Contract Tower,0,10,73,0,83,0,0,79,8,87,0,10,152,8,170,102,0,102,272
09/11/2016,OPF,FL,ASO,ES,Federal Contract Tower,0,4,79,1,84,0,0,45,6,51,0,4,124,7,135,6,4,10,145
09/12/2016,OPF,FL,ASO,ES,Federal Contract Tower,0,18,69,7,94,0,2,67,10,79,0,20,136,17,173,33,0,33,206
09/13/2016,OPF,FL,ASO,ES,Federal Contract Tower,0,14,75,4,93,0,2,93,8,103,0,16,168,12,196,93,2,95,291
09/14/2016,OPF,FL,ASO,ES,Federal Contract Tower,0,20,77,7,104,0,6,84,6,96,0,26,161,13,200,140,0,140,340
09/15/2016,OPF,FL,ASO,ES,Federal Contract Tower,0,20,106,0,126,0,3,113,15,131,0,23,219,15,257,86,14,100,357
09/16/2016,OPF,FL,ASO,ES,Federal Contract Tower,0,19,108,0,127,0,4,109,10,123,0,23,217,10,250,138,36,174,424
09/17/2016,OPF,FL,ASO,ES,Federal Contract Tower,0,9,75,1,85,0,8,105,6,119,0,17,180,7,204,147,0,147,351
09/18/2016,OPF,FL,ASO,ES,Federal Contract Tower,0,17,84,11,112,0,5,83,11,99,0,22,167,22,211,50,0,50,261
09/19/2016,OPF,FL,ASO,ES,Federal Contract Tower,0,15,74,5,94,0,8,89,9,106,0,23,163,14,200,80,0,80,280
09/20/2016,OPF,FL,ASO,ES,Federal Contract Tower,0,19,89,5,113,0,15,88,15,118,0,34,177,20,231,102,5,107,338
09/21/2016,OPF,FL,ASO,ES,Federal Contract Tower,0,11,93,4,108,0,8,119,11,138,0,19,212,15,246,117,17,134,380
09/22/2016,OPF,FL,ASO,ES,Federal Contract Tower,0,16,97,18,131,0,5,93,4,102,0,21,190,22,233,78,0,78,311
09/23/2016,OPF,FL,ASO,ES,Federal Contract Tower,0,30,104,2,136,0,3,87,15,105,0,33,191,17,241,95,23,118,359
09/24/2016,OPF,FL,ASO,ES,Federal Contract Tower,0,3,77,1,81,0,0,96,7,103,0,3,173,8,184,57,0,57,241
09/25/2016,OPF,FL,ASO,ES,Federal Contract Tower,0,11,98,0,109,0,3,73,9,85,0,14,171,9,194,29,1,30,224
09/26/2016,OPF,FL,ASO,ES,Federal Contract Tower,0,20,91,1,112,0,2,72,11,85,0,22,163,12,197,54,6,60,257
09/27/2016,OPF,FL,ASO,ES,Federal Contract Tower,0,22,92,2,116,0,2,80,8,90,0,24,172,10,206,98,0,98,304
09/28/2016,OPF,FL,ASO,ES,Federal Contract Tower,0,16,91,5,112,0,2,107,12,121,0,18,198,17,233,110,11,121,354
09/29/2016,OPF,FL,ASO,ES,Federal Contract Tower,0,19,92,1,112,0,2,100,10,112,0,21,192,11,224,68,16,84,308
09/30/2016,OPF,FL,ASO,ES,Federal Contract Tower,0,24,72,0,96,0,2,101,5,108,0,26,173,5,204,86,30,116,320
10/01/2016,OPF,FL,ASO,ES,Federal Contract Tower,0,19,67,1,87,0,1,100,12,113,0,20,167,13,200,78,2,80,280
10/02/2016,OPF,FL,ASO,ES,Federal Contract Tower,0,14,64,5,83,0,6,84,16,106,0,20,148,21,189,36,0,36,225
10/03/2016,OPF,FL,ASO,ES,Federal Contract Tower,0,21,75,8,104,0,5,87,18,110,0,26,162,26,214,122,7,129,343
10/04/2016,OPF,FL,ASO,ES,Federal Contract Tower,0,15,76,1,92,0,3,133,3,139,0,18,209,4,231,150,0,150,381
10/05/2016,OPF,FL,ASO,ES,Federal Contract Tower,0,30,118,5,153,0,7,92,9,108,0,37,210,14,261,28,0,28,289
10/06/2016,OPF,FL,ASO,ES,Federal Contract Tower,0,0,3,0,3,0,0,4,0,4,0,0,7,0,7,0,0,0,7
10/07/2016,OPF,FL,ASO,ES,Federal Contract Tower,0,6,47,7,60,0,2,43,16,61,0,8,90,23,121,4,0,4,125
10/08/2016,OPF,FL,ASO,ES,Federal Contract Tower,0,17,67,4,88,0,7,131,12,150,0,24,198,16,238,132,2,134,372
10/09/2016,OPF,FL,ASO,ES,Federal Contract Tower,0,25,78,1,104,0,6,89,12,107,0,31,167,13,211,41,0,41,252
10/10/2016,OPF,FL,ASO,ES,Federal Contract Tower,0,27,79,5,111,0,1,80,7,88,0,28,159,12,199,63,0,63,262
10/11/2016,OPF,FL,ASO,ES,Federal Contract Tower,0,22,80,9,111,0,1,82,9,92,0,23,162,18,203,49,0,49,252
10/12/2016,OPF,FL,ASO,ES,Federal Contract Tower,0,19,79,13,111,0,1,90,17,108,0,20,169,30,219,93,17,110,329
10/13/2016,OPF,FL,ASO,ES,Federal Contract Tower,0,30,117,8,155,0,2,93,16,111,0,32,210,24,266,111,23,134,400
10/14/2016,OPF,FL,ASO,ES,Federal Contract Tower,0,30,105,3,138,0,6,140,16,162,0,36,245,19,300,104,0,104,404
10/15/2016,OPF,FL,ASO,ES,Federal Contract Tower,0,22,52,2,76,0,6,92,8,106,0,28,144,10,182,62,0,62,244
10/16/2016,OPF,FL,ASO,ES,Federal Contract Tower,0,13,108,1,122,0,3,61,7,71,0,16,169,8,193,67,0,67,260
10/17/2016,OPF,FL,ASO,ES,Federal Contract Tower,0,32,114,9,155,0,7,94,17,118,0,39,208,26,273,104,26,130,403
10/18/2016,OPF,FL,ASO,ES,Federal Contract Tower,0,25,92,8,125,0,0,112,15,127,0,25,204,23,252,118,12,130,382
10/19/2016,OPF,FL,ASO,ES,Federal Contract Tower,0,22,113,4,139,0,4,111,24,139,0,26,224,28,278,63,7,70,348
10/20/2016,OPF,FL,ASO,ES,Federal Contract Tower,0,31,110,7,148,0,3,57,6,66,0,34,167,13,214,20,0,20,234
10/21/2016,OPF,FL,ASO,ES,Federal Contract Tower,0,34,105,5,144,0,8,128,8,144,0,42,233,13,288,94,13,107,395
10/22/2016,OPF,FL,ASO,ES,Federal Contract Tower,0,10,83,1,94,0,1,128,6,135,0,11,211,7,229,75,0,75,304
10/23/2016,OPF,FL,ASO,ES,Federal Contract Tower,0,31,79,1,111,0,0,89,10,99,0,31,168,11,210,57,0,57,267
10/24/2016,OPF,FL,ASO,ES,Federal Contract Tower,0,11,96,9,116,0,6,109,21,136,0,17,205,30,252,44,4,48,300
10/25/2016,OPF,FL,ASO,ES,Federal Contract Tower,0,16,91,8,115,0,3,112,20,135,0,19,203,28,250,165,5,170,420
10/26/2016,OPF,FL,ASO,ES,Federal Contract Tower,0,26,94,7,127,0,1,87,17,105,0,27,181,24,232,35,4,39,271
10/27/2016,OPF,FL,ASO,ES,Federal Contract Tower,0,34,78,10,122,0,6,66,20,92,0,40,144,30,214,16,21,37,251
10/28/2016,OPF,FL,ASO,ES,Federal Contract Tower,0,20,102,0,122,0,2,73,5,80,0,22,175,5,202,41,0,41,243
10/29/2016,OPF,FL,ASO,ES,Federal Contract Tower,0,11,64,1,76,0,0,44,5,49,0,11,108,6,125,13,10,23,148
10/30/2016,OPF,FL,ASO,ES,Federal Contract Tower,0,17,98,6,121,0,4,62,1,67,0,21,160,7,188,24,0,24,212
10/31/2016,OPF,FL,ASO,ES,Federal Contract Tower,0,18,76,13,107,0,8,102,18,128,0,26,178,31,235,103,38,141,376
11/01/2016,OPF,FL,ASO,ES,Federal Contract Tower,0,12,99,7,118,0,6,90,23,119,0,18,189,30,237,100,0,100,337
11/02/2016,OPF,FL,ASO,ES,Federal Contract Tower,0,30,102,4,136,1,0,88,13,102,1,30,190,17,238,121,0,121,359
11/03/2016,OPF,FL,ASO,ES,Federal Contract Tower,0,40,102,0,142,0,1,48,7,56,0,41,150,7,198,125,6,131,329
11/04/2016,OPF,FL,ASO,ES,Federal Contract Tower,0,50,134,10,194,0,1,130,21,152,0,51,264,31,346,167,28,195,541
11/05/2016,OPF,FL,ASO,ES,Federal Contract Tower,0,20,55,3,78,0,3,116,8,127,0,23,171,11,205,22,0,22,227
11/06/2016,OPF,FL,ASO,ES,Federal Contract Tower,0,35,120,1,156,0,2,87,6,95,0,37,207,7,251,21,0,21,272
11/07/2016,OPF,FL,ASO,ES,Federal Contract Tower,0,13,69,8,90,0,2,79,14,95,0,15,148,22,185,82,1,83,268
11/08/2016,OPF,FL,ASO,ES,Federal Contract Tower,0,25,101,6,132,0,1,130,14,145,0,26,231,20,277,66,31,97,374
11/09/2016,OPF,FL,ASO,ES,Federal Contract Tower,0,23,102,16,141,0,6,106,13,125,0,29,208,29,266,102,0,102,368
11/10/2016,OPF,FL,ASO,ES,Federal Contract Tower,0,32,113,0,145,0,7,122,13,142,0,39,235,13,287,83,0,83,370
11/11/2016,OPF,FL,ASO,ES,Federal Contract Tower,1,25,127,3,156,0,2,153,5,160,1,27,280,8,316,148,0,148,464
11/12/2016,OPF,FL,ASO,ES,Federal Contract Tower,0,12,64,3,79,0,2,114,6,122,0,14,178,9,201,105,4,109,310
11/13/2016,OPF,FL,ASO,ES,Federal Contract Tower,0,17,99,0,116,0,13,87,7,107,0,30,186,7,223,92,0,92,315
11/14/2016,OPF,FL,ASO,ES,Federal Contract Tower,0,18,108,5,131,0,3,108,12,123,0,21,216,17,254,89,31,120,374
11/15/2016,OPF,FL,ASO,ES,Federal Contract Tower,1,27,102,8,138,0,2,81,19,102,1,29,183,27,240,113,9,122,362
11/16/2016,OPF,FL,ASO,ES,Federal Contract Tower,0,33,101,3,137,0,0,116,14,130,0,33,217,17,267,85,2,87,354
11/17/2016,OPF,FL,ASO,ES,Federal Contract Tower,0,38,142,6,186,0,4,108,18,130,0,42,250,24,316,133,4,137,453
11/18/2016,OPF,FL,ASO,ES,Federal Contract Tower,0,47,135,6,188,0,11,110,7,128,0,58,245,13,316,115,0,115,431
11/19/2016,OPF,FL,ASO,ES,Federal Contract Tower,2,25,83,1,111,0,1,116,9,126,2,26,199,10,237,83,20,103,340
11/20/2016,OPF,FL,ASO,ES,Federal Contract Tower,0,24,86,3,113,0,0,73,9,82,0,24,159,12,195,27,12,39,234
11/21/2016,OPF,FL,ASO,ES,Federal Contract Tower,0,28,100,7,135,0,0,116,15,131,0,28,216,22,266,144,6,150,416
11/22/2016,OPF,FL,ASO,ES,Federal Contract Tower,1,32,113,2,148,0,2,123,16,141,1,34,236,18,289,101,26,127,416
11/23/2016,OPF,FL,ASO,ES,Federal Contract Tower,0,34,115,1,150,0,2,116,14,132,0,36,231,15,282,140,23,163,445
11/24/2016,OPF,FL,ASO,ES,Federal Contract Tower,0,6,54,2,62,0,8,61,5,74,0,14,115,7,136,21,0,21,157
11/25/2016,OPF,FL,ASO,ES,Federal Contract Tower,0,24,70,1,95,0,3,76,6,85,0,27,146,7,180,39,11,50,230
11/26/2016,OPF,FL,ASO,ES,Federal Contract Tower,1,25,89,2,117,0,1,101,4,106,1,26,190,6,223,31,6,37,260
11/27/2016,OPF,FL,ASO,ES,Federal Contract Tower,0,41,167,1,209,0,4,80,6,90,0,45,247,7,299,33,0,33,332
11/28/2016,OPF,FL,ASO,ES,Federal Contract Tower,0,43,95,3,141,0,3,86,18,107,0,46,181,21,248,90,19,109,357
11/29/2016,OPF,FL,ASO,ES,Federal Contract Tower,0,48,110,3,161,0,2,99,13,114,0,50,209,16,275,94,3,97,372
11/30/2016,OPF,FL,ASO,ES,Federal Contract Tower,0,45,123,1,169,0,1,105,17,123,0,46,228,18,292,82,14,96,388
12/01/2016,OPF,FL,ASO,ES,Federal Contract Tower,0,39,141,2,182,0,3,83,8,94,0,42,224,10,276,108,2,110,386
12/02/2016,OPF,FL,ASO,ES,Federal Contract Tower,0,58,145,9,212,0,5,85,8,98,0,63,230,17,310,59,3,62,372
12/03/2016,OPF,FL,ASO,ES,Federal Contract Tower,0,46,99,0,145,0,1,129,6,136,0,47,228,6,281,61,0,61,342
12/04/2016,OPF,FL,ASO,ES,Federal Contract Tower,0,45,141,0,186,0,2,82,6,90,0,47,223,6,276,27,0,27,303
12/05/2016,OPF,FL,ASO,ES,Federal Contract Tower,0,35,107,2,144,0,2,129,9,140,0,37,236,11,284,65,34,99,383
12/06/2016,OPF,FL,ASO,ES,Federal Contract Tower,0,11,120,4,135,0,1,96,16,113,0,12,216,20,248,63,29,92,340
12/07/2016,OPF,FL,ASO,ES,Federal Contract Tower,2,17,131,0,150,0,3,88,13,104,2,20,219,13,254,74,35,109,363
12/08/2016,OPF,FL,ASO,ES,Federal Contract Tower,0,20,154,5,179,0,1,62,6,69,0,21,216,11,248,14,0,14,262
12/09/2016,OPF,FL,ASO,ES,Federal Contract Tower,0,42,135,1,178,0,3,96,9,108,0,45,231,10,286,75,0,75,361
12/10/2016,OPF,FL,ASO,ES,Federal Contract Tower,0,11,65,3,79,0,0,10,2,12,0,11,75,5,91,5,0,5,96
12/11/2016,OPF,FL,ASO,ES,Federal Contract Tower,0,25,114,4,143,0,0,15,2,17,0,25,129,6,160,0,0,0,160
12/12/2016,OPF,FL,ASO,ES,Federal Contract Tower,1,24,124,4,153,0,2,109,22,133,1,26,233,26,286,141,23,164,450
12/13/2016,OPF,FL,ASO,ES,Federal Contract Tower,0,24,93,9,126,0,0,145,21,166,0,24,238,30,292,93,9,102,394
12/14/2016,OPF,FL,ASO,ES,Federal Contract Tower,0,36,104,5,145,0,1,110,19,130,0,37,214,24,275,102,27,129,404
12/15/2016,OPF,FL,ASO,ES,Federal Contract Tower,1,42,122,7,172,0,1,84,20,105,1,43,206,27,277,24,16,40,317
12/16/2016,OPF,FL,ASO,ES,Federal Contract Tower,0,44,120,1,165,0,10,94,20,124,0,54,214,21,289,82,3,85,374
12/17/2016,OPF,FL,ASO,ES,Federal Contract Tower,0,19,86,1,106,0,0,111,9,120,0,19,197,10,226,80,0,80,306
12/18/2016,OPF,FL,ASO,ES,Federal Contract Tower,0,34,97,9,140,0,1,57,5,63,0,35,154,14,203,10,0,10,213
12/19/2016,OPF,FL,ASO,ES,Federal Contract Tower,0,31,91,8,130,0,2,79,10,91,0,33,170,18,221,84,36,120,341
12/20/2016,OPF,FL,ASO,ES,Federal Contract Tower,0,30,90,5,125,0,3,82,19,104,0,33,172,24,229,118,33,151,380
12/21/2016,OPF,FL,ASO,ES,Federal Contract Tower,0,35,105,4,144,0,4,51,12,67,0,39,156,16,211,47,18,65,276
12/22/2016,OPF,FL,ASO,ES,Federal Contract Tower,0,41,127,0,168,0,2,93,9,104,0,43,220,9,272,80,2,82,354
12/23/2016,OPF,FL,ASO,ES,Federal Contract Tower,0,32,82,0,114,0,4,103,17,124,0,36,185,17,238,48,0,48,286
12/24/2016,OPF,FL,ASO,ES,Federal Contract Tower,0,15,35,0,50,0,0,65,7,72,0,15,100,7,122,20,2,22,144
12/25/2016,OPF,FL,ASO,ES,Federal Contract Tower,0,13,42,0,55,0,1,36,7,44,0,14,78,7,99,10,0,10,109
12/26/2016,OPF,FL,ASO,ES,Federal Contract Tower,0,39,170,0,209,0,1,77,5,83,0,40,247,5,292,35,0,35,327
12/27/2016,OPF,FL,ASO,ES,Federal Contract Tower,2,36,133,2,173,0,0,84,6,90,2,36,217,8,263,4,2,6,269
12/28/2016,OPF,FL,ASO,ES,Federal Contract Tower,0,33,110,1,144,0,3,126,5,134,0,36,236,6,278,30,0,30,308
12/29/2016,OPF,FL,ASO,ES,Federal Contract Tower,0,32,113,0,145,0,2,115,6,123,0,34,228,6,268,21,0,21,289
12/30/2016,OPF,FL,ASO,ES,Federal Contract Tower,1,35,111,0,147,0,3,106,10,119,1,38,217,10,266,18,0,18,284
12/31/2016,OPF,FL,ASO,ES,Federal Contract Tower,0,21,50,0,71,0,0,105,5,110,0,21,155,5,181,0,0,0,181
01/01/2017,OPF,FL,ASO,ES,Federal Contract Tower,0,55,102,0,157,0,0,55,5,60,0,55,157,5,217,0,0,0,217
01/02/2017,OPF,FL,ASO,ES,Federal Contract Tower,0,55,170,2,227,0,0,99,1,100,0,55,269,3,327,14,0,14,341
01/03/2017,OPF,FL,ASO,ES,Federal Contract Tower,0,36,156,1,193,0,1,81,5,87,0,37,237,6,280,99,7,106,386
01/04/2017,OPF,FL,ASO,ES,Federal Contract Tower,1,38,130,16,185,0,1,71,5,77,1,39,201,21,262,33,0,33,295
01/05/2017,OPF,FL,ASO,ES,Federal Contract Tower,0,21,75,4,100,0,0,103,6,109,0,21,178,10,209,102,2,104,313
01/06/2017,OPF,FL,ASO,ES,Federal Contract Tower,0,29,133,2,164,0,3,132,5,140,0,32,265,7,304,68,0,68,372
01/07/2017,OPF,FL,ASO,ES,Federal Contract Tower,0,15,79,3,97,0,0,38,4,42,0,15,117,7,139,50,0,50,189
01/08/2017,OPF,FL,ASO,ES,Federal Contract Tower,1,33,125,1,160,0,2,65,7,74,1,35,190,8,234,7,0,7,241
01/09/2017,OPF,FL,ASO,ES,Federal Contract Tower,0,29,100,3,132,0,0,79,11,90,0,29,179,14,222,27,21,48,270
01/10/2017,OPF,FL,ASO,ES,Federal Contract Tower,2,23,101,2,128,0,0,74,7,81,2,23,175,9,209,67,10,77,286
01/11/2017,OPF,FL,ASO,ES,Federal Contract Tower,0,32,93,3,128,0,2,88,15,105,0,34,181,18,233,145,6,151,384
01/12/2017,OPF,FL,ASO,ES,Federal Contract Tower,0,33,88,6,127,0,2,110,14,126,0,35,198,20,253,118,0,118,371
01/13/2017,OPF,FL,ASO,ES,Federal Contract Tower,0,53,109,2,164,0,12,77,9,98,0,65,186,11,262,117,6,123,385
01/14/2017,OPF,FL,ASO,ES,Federal Contract Tower,0,23,73,2,98,0,1,85,7,93,0,24,158,9,191,92,0,92,283
01/15/2017,OPF,FL,ASO,ES,Federal Contract Tower,0,14,122,2,138,0,4,58,9,71,0,18,180,11,209,61,12,73,282
01/16/2017,OPF,FL,ASO,ES,Federal Contract Tower,0,45,131,2,178,0,4,88,3,95,0,49,219,5,273,96,0,96,369
01/17/2017,OPF,FL,ASO,ES,Federal Contract Tower,0,23,82,16,121,0,3,108,20,131,0,26,190,36,252,164,0,164,416
01/18/2017,OPF,FL,ASO,ES,Federal Contract Tower,0,37,122,5,164,0,2,105,18,125,0,39,227,23,289,125,7,132,421
01/19/2017,OPF,FL,ASO,ES,Federal Contract Tower,0,24,102,4,130,0,4,107,16,127,0,28,209,20,257,114,18,132,389
01/20/2017,OPF,FL,ASO,ES,Federal Contract Tower,0,44,133,1,178,0,7,125,10,142,0,51,258,11,320,73,0,73,393
01/21/2017,OPF,FL,ASO,ES,Federal Contract Tower,0,32,78,1,111,0,2,101,4,107,0,34,179,5,218,80,0,80,298
01/22/2017,OPF,FL,ASO,ES,Federal Contract Tower,0,23,104,0,127,0,2,47,11,60,0,25,151,11,187,16,0,16,203
01/23/2017,OPF,FL,ASO,ES,Federal Contract Tower,0,20,75,2,97,0,2,36,8,46,0,22,111,10,143,7,21,28,171
01/24/2017,OPF,FL,ASO,ES,Federal Contract Tower,0,33,93,8,134,0,0,79,18,97,0,33,172,26,231,151,23,174,405
01/25/2017,OPF,FL,ASO,ES,Federal Contract Tower,0,35,94,8,137,0,2,106,16,124,0,37,200,24,261,111,16,127,388
01/26/2017,OPF,FL,ASO,ES,Federal Contract Tower,0,26,124,1,151,0,1,108,18,127,0,27,232,19,278,184,100,284,562
01/27/2017,OPF,FL,ASO,ES,Federal Contract Tower,0,39,143,2,184,0,12,139,13,164,0,51,282,15,348,131,36,167,515
01/28/2017,OPF,FL,ASO,ES,Federal Contract Tower,0,29,68,0,97,0,1,112,18,131,0,30,180,18,228,62,21,83,311
01/29/2017,OPF,FL,ASO,ES,Federal Contract Tower,1,33,120,7,161,0,0,5,3,8,1,33,125,10,169,0,0,0,169
01/30/2017,OPF,FL,ASO,ES,Federal Contract Tower,0,46,111,3,160,0,5,93,11,109,0,51,204,14,269,103,19,122,391
01/31/2017,OPF,FL,ASO,ES,Federal Contract Tower,0,26,85,5,116,0,2,101,16,119,0,28,186,21,235,100,11,111,346
02/01/2017,OPF,FL,ASO,ES,Federal Contract Tower,0,37,106,4,147,0,7,110,19,136,0,44,216,23,283,226,34,260,543
02/02/2017,OPF,FL,ASO,ES,Federal Contract Tower,0,30,116,2,148,0,10,81,19,110,0,40,197,21,258,162,5,167,425
02/03/2017,OPF,FL,ASO,ES,Federal Contract Tower,0,41,140,1,182,0,7,107,7,121,0,48,247,8,303,41,33,74,377
02/04/2017,OPF,FL,ASO,ES,Federal Contract Tower,0,19,72,3,94,0,0,102,2,104,0,19,174,5,198,103,8,111,309
02/05/2017,OPF,FL,ASO,ES,Federal Contract Tower,0,35,104,0,139,0,3,83,5,91,0,38,187,5,230,35,0,35,265
02/06/2017,OPF,FL,ASO,ES,Federal Contract Tower,0,46,129,3,178,0,0,75,23,98,0,46,204,26,276,88,20,108,384
02/07/2017,OPF,FL,ASO,ES,Federal Contract Tower,0,50,102,3,155,0,2,119,18,139,0,52,221,21,294,98,51,149,443
02/08/2017,OPF,FL,ASO,ES,Federal Contract Tower,0,47,143,10,200,0,2,113,29,144,0,49,256,39,344,101,40,141,485
02/09/2017,OPF,FL,ASO,ES,Federal Contract Tower,0,26,114,7,147,0,1,56,18,75,0,27,170,25,222,104,2,106,328
02/10/2017,OPF,FL,ASO,ES,Federal Contract Tower,0,39,161,4,204,0,3,114,19,136,0,42,275,23,340,98,37,135,475
02/11/2017,OPF,FL,ASO,ES,Federal Contract Tower,0,18,87,1,106,0,5,112,6,123,0,23,199,7,229,82,0,82,311
02/12/2017,OPF,FL,ASO,ES,Federal Contract Tower,0,34,138,0,172,0,0,97,11,108,0,34,235,11,280,59,9,68,348
02/13/2017,OPF,FL,ASO,ES,Federal Contract Tower,1,32,125,4,162,0,7,130,23,160,1,39,255,27,322,93,5,98,420
02/14/2017,OPF,FL,ASO,ES,Federal Contract Tower,0,34,104,2,140,0,3,126,26,155,0,37,230,28,295,128,20,148,443
02/15/2017,OPF,FL,ASO,ES,Federal Contract Tower,0,52,127,0,179,0,6,94,26,126,0,58,221,26,305,49,2,51,356
02/16/2017,OPF,FL,ASO,ES,Federal Contract Tower,0,63,195,5,263,0,4,122,29,155,0,67,317,34,418,108,57,165,583
02/17/2017,OPF,FL,ASO,ES,Federal Contract Tower,0,59,205,6,270,0,8,184,21,213,0,67,389,27,483,114,42,156,639
02/18/2017,OPF,FL,ASO,ES,Federal Contract Tower,0,47,106,2,155,0,4,141,8,153,0,51,247,10,308,119,0,119,427
02/19/2017,OPF,FL,ASO,ES,Federal Contract Tower,0,29,144,2,175,0,4,86,7,97,0,33,230,9,272,62,0,62,334
02/20/2017,OPF,FL,ASO,ES,Federal Contract Tower,0,72,154,0,226,0,4,153,14,171,0,76,307,14,397,107,0,107,504
02/21/2017,OPF,FL,ASO,ES,Federal Contract Tower,0,50,145,3,198,0,2,87,21,110,0,52,232,24,308,129,4,133,441
02/22/2017,OPF,FL,ASO,ES,Federal Contract Tower,0,42,78,8,128,0,1,21,12,34,0,43,99,20,162,2,131,133,295
02/23/2017,OPF,FL,ASO,ES,Federal Contract Tower,0,33,149,1,183,0,2,133,30,165,0,35,282,31,348,99,13,112,460
02/24/2017,OPF,FL,ASO,ES,Federal Contract Tower,0,45,144,11,200,0,3,78,23,104,0,48,222,34,304,80,58,138,442
02/25/2017,OPF,FL,ASO,ES,Federal Contract Tower,0,32,73,4,109,0,3,94,6,103,0,35,167,10,212,48,9,57,269
02/26/2017,OPF,FL,ASO,ES,Federal Contract Tower,1,49,131,2,183,0,3,84,11,98,1,52,215,13,281,37,32,69,350
02/27/2017,OPF,FL,ASO,ES,Federal Contract Tower,0,37,104,13,154,0,1,113,31,145,0,38,217,44,299,74,27,101,400
02/28/2017,OPF,FL,ASO,ES,Federal Contract Tower,0,29,99,3,131,0,1,103,31,135,0,30,202,34,266,124,8,132,398
03/01/2017,OPF,FL,ASO,ES,Federal Contract Tower,0,27,103,6,136,0,0,103,25,128,0,27,206,31,264,121,30,151,415
03/02/2017,OPF,FL,ASO,ES,Federal Contract Tower,0,21,101,1,123,0,8,102,25,135,0,29,203,26,258,90,56,146,404
03/03/2017,OPF,FL,ASO,ES,Federal Contract Tower,0,39,108,4,151,0,4,66,23,93,0,43,174,27,244,17,22,39,283
03/04/2017,OPF,FL,ASO,ES,Federal Contract Tower,0,26,66,2,94,0,1,56,6,63,0,27,122,8,157,38,0,38,195
03/05/2017,OPF,FL,ASO,ES,Federal Contract Tower,0,25,101,0,126,0,0,59,5,64,0,25,160,5,190,7,0,7,197
03/06/2017,OPF,FL,ASO,ES,Federal Contract Tower,0,24,83,1,108,0,8,79,11,98,0,32,162,12,206,31,21,52,258
03/07/2017,OPF,FL,ASO,ES,Federal Contract Tower,0,34,90,9,133,0,4,86,15,105,0,38,176,24,238,112,74,186,424
03/08/2017,OPF,FL,ASO,ES,Federal Contract Tower,0,34,93,1,128,0,3,97,13,113,0,37,190,14,241,148,28,176,417
03/09/2017,OPF,FL,ASO,ES,Federal Contract Tower,0,28,123,6,157,0,6,101,13,120,0,34,224,19,277,141,53,194,471
03/10/2017,OPF,FL,ASO,ES,Federal Contract Tower,0,43,113,6,162,0,4,131,9,144,0,47,244,15,306,89,71,160,466
03/11/2017,OPF,FL,ASO,ES,Federal Contract Tower,0,15,84,1,100,0,4,113,4,121,0,19,197,5,221,61,0,61,282
03/12/2017,OPF,FL,ASO,ES,Federal Contract Tower,0,37,108,0,145,0,1,75,6,82,0,38,183,6,227,52,44,96,323
03/13/2017,OPF,FL,ASO,ES,Federal Contract Tower,0,39,114,3,156,0,3,96,8,107,0,42,210,11,263,35,15,50,313
03/14/2017,OPF,FL,ASO,ES,Federal Contract Tower,1,19,90,6,116,0,6,79,13,98,1,25,169,19,214,216,57,273,487
03/15/2017,OPF,FL,ASO,ES,Federal Contract Tower,0,33,98,7,138,0,6,101,14,121,0,39,199,21,259,82,12,94,353
03/16/2017,OPF,FL,ASO,ES,Federal Contract Tower,0,38,140,1,179,0,5,110,14,129,0,43,250,15,308,108,18,126,434
03/17/2017,OPF,FL,ASO,ES,Federal Contract Tower,0,50,125,2,177,0,10,97,7,114,0,60,222,9,291,150,30,180,471
03/18/2017,OPF,FL,ASO,ES,Federal Contract Tower,0,34,97,0,131,0,17,110,3,130,0,51,207,3,261,68,0,68,329
03/19/2017,OPF,FL,ASO,ES,Federal Contract Tower,2,39,119,5,165,0,1,88,11,100,2,40,207,16,265,27,13,40,305
03/20/2017,OPF,FL,ASO,ES,Federal Contract Tower,0,32,116,0,148,0,12,92,13,117,0,44,208,13,265,79,43,122,387
03/21/2017,OPF,FL,ASO,ES,Federal Contract Tower,0,43,100,3,146,0,6,106,10,122,0,49,206,13,268,108,27,135,403
03/22/2017,OPF,FL,ASO,ES,Federal Contract Tower,1,49,89,1,140,0,3,127,19,149,1,52,216,20,289,88,28,116,405
03/23/2017,OPF,FL,ASO,ES,Federal Contract Tower,0,28,111,4,143,0,2,107,9,118,0,30,218,13,261,92,56,148,409
03/24/2017,OPF,FL,ASO,ES,Federal Contract Tower,0,31,100,5,136,0,4,87,15,106,0,35,187,20,242,12,13,25,267
03/25/2017,OPF,FL,ASO,ES,Federal Contract Tower,0,42,70,0,112,0,0,79,7,86,0,42,149,7,198,89,0,89,287
03/26/2017,OPF,FL,ASO,ES,Federal Contract Tower,0,36,104,0,140,0,1,109,9,119,0,37,213,9,259,45,0,45,304
03/27/2017,OPF,FL,ASO,ES,Federal Contract Tower,0,33,106,6,145,0,8,154,16,178,0,41,260,22,323,154,16,170,493
03/28/2017,OPF,FL,ASO,ES,Federal Contract Tower,0,31,95,0,126,0,1,96,1,98,0,32,191,1,224,141,2,143,367
03/29/2017,OPF,FL,ASO,ES,Federal Contract Tower,0,35,99,2,136,0,3,126,10,139,0,38,225,12,275,95,10,105,380
03/30/2017,OPF,FL,ASO,ES,Federal Contract Tower,0,45,113,1,159,0,3,109,10,122,0,48,222,11,281,79,0,79,360
03/31/2017,OPF,FL,ASO,ES,Federal Contract Tower,0,41,118,3,162,0,10,108,10,128,0,51,226,13,290,71,2,73,363
04/01/2017,OPF,FL,ASO,ES,Federal Contract Tower,0,27,70,5,102,0,6,315,4,325,0,33,385,9,427,64,0,64,491
04/02/2017,OPF,FL,ASO,ES,Federal Contract Tower,0,37,126,1,164,0,0,90,14,104,0,37,216,15,268,51,0,51,319
04/03/2017,OPF,FL,ASO,ES,Federal Contract Tower,0,37,100,5,142,0,4,98,9,111,0,41,198,14,253,140,7,147,400
04/04/2017,OPF,FL,ASO,ES,Federal Contract Tower,0,27,103,1,131,0,0,151,18,169,0,27,254,19,300,174,6,180,480
04/05/2017,OPF,FL,ASO,ES,Federal Contract Tower,0,19,121,2,142,0,6,108,17,131,0,25,229,19,273,83,2,85,358
04/06/2017,OPF,FL,ASO,ES,Federal Contract Tower,0,20,139,10,169,0,0,95,11,106,0,20,234,21,275,136,0,136,411
04/07/2017,OPF,FL,ASO,ES,Federal Contract Tower,0,40,181,5,226,0,11,112,8,131,0,51,293,13,357,80,17,97,454
04/08/2017,OPF,FL,ASO,ES,Federal Contract Tower,0,34,137,3,174,0,1,119,13,133,0,35,256,16,307,118,0,118,425
04/09/2017,OPF,FL,ASO,ES,Federal Contract Tower,0,37,136,2,175,0,3,78,5,86,0,40,214,7,261,96,0,96,357
04/10/2017,OPF,FL,ASO,ES,Federal Contract Tower,0,28,92,3,123,0,3,118,17,138,0,31,210,20,261,138,34,172,433
04/11/2017,OPF,FL,ASO,ES,Federal Contract Tower,0,25,87,5,117,0,0,111,20,131,0,25,198,25,248,108,0,108,356
04/12/2017,OPF,FL,ASO,ES,Federal Contract Tower,0,24,143,3,170,0,5,101,13,119,0,29,244,16,289,38,0,38,327
04/13/2017,OPF,FL,ASO,ES,Federal Contract Tower,0,23,162,9,194,0,3,170,20,193,0,26,332,29,387,118,15,133,520
04/14/2017,OPF,FL,ASO,ES,Federal Contract Tower,0,31,110,4,145,0,3,121,9,133,0,34,231,13,278,179,0,179,457
04/15/2017,OPF,FL,ASO,ES,Federal Contract Tower,0,28,107,0,135,0,2,135,2,139,0,30,242,2,274,28,2,30,304
04/16/2017,OPF,FL,ASO,ES,Federal Contract Tower,0,47,150,0,197,0,1,102,5,108,0,48,252,5,305,15,0,15,320
04/17/2017,OPF,FL,ASO,ES,Federal Contract Tower,0,34,147,5,186,0,2,112,16,130,0,36,259,21,316,83,0,83,399
04/18/2017,OPF,FL,ASO,ES,Federal Contract Tower,0,24,108,4,136,0,0,127,19,146,0,24,235,23,282,112,7,119,401
04/19/2017,OPF,FL,ASO,ES,Federal Contract Tower,0,27,112,5,144,0,1,109,12,122,0,28,221,17,266,116,2,118,384
04/20/2017,OPF,FL,ASO,ES,Federal Contract Tower,0,34,130,4,168,0,2,93,10,105,0,36,223,14,273,81,0,81,354
04/21/2017,OPF,FL,ASO,ES,Federal Contract Tower,0,39,119,0,158,0,4,126,10,140,0,43,245,10,298,156,0,156,454
04/22/2017,OPF,FL,ASO,ES,Federal Contract Tower,0,16,65,3,84,0,4,83,5,92,0,20,148,8,176,84,8,92,268
04/23/2017,OPF,FL,ASO,ES,Federal Contract Tower,0,31,106,4,141,0,1,20,3,24,0,32,126,7,165,0,0,0,165
04/24/2017,OPF,FL,ASO,ES,Federal Contract Tower,0,23,149,4,176,0,2,109,14,125,0,25,258,18,301,125,15,140,441
04/25/2017,OPF,FL,ASO,ES,Federal Contract Tower,0,33,107,2,142,0,1,118,11,130,0,34,225,13,272,85,18,103,375
04/26/2017,OPF,FL,ASO,ES,Federal Contract Tower,0,25,112,6,143,0,5,137,14,156,0,30,249,20,299,178,9,187,486
04/27/2017,OPF,FL,ASO,ES,Federal Contract Tower,0,33,134,0,167,0,0,145,18,163,0,33,279,18,330,68,37,105,435
04/28/2017,OPF,FL,ASO,ES,Federal Contract Tower,0,24,150,2,176,0,3,132,25,160,0,27,282,27,336,160,0,160,496
04/29/2017,OPF,FL,ASO,ES,Federal Contract Tower,0,11,67,1,79,0,6,110,5,121,0,17,177,6,200,77,0,77,277
04/30/2017,OPF,FL,ASO,ES,Federal Contract Tower,0,25,116,4,145,0,4,72,9,85,0,29,188,13,230,51,4,55,285
05/01/2017,OPF,FL,ASO,ES,Federal Contract Tower,0,34,127,2,163,0,4,100,9,113,0,38,227,11,276,108,4,112,388
05/02/2017,OPF,FL,ASO,ES,Federal Contract Tower,2,30,90,0,122,0,2,101,8,111,2,32,191,8,233,73,0,73,306
05/03/2017,OPF,FL,ASO,ES,Federal Contract Tower,0,38,110,0,148,0,2,134,10,146,0,40,244,10,294,209,0,209,503
05/04/2017,OPF,FL,ASO,ES,Federal Contract Tower,0,41,127,3,171,0,5,110,7,122,0,46,237,10,293,195,0,195,488
05/05/2017,OPF,FL,ASO,ES,Federal Contract Tower,0,38,103,4,145,0,0,109,10,119,0,38,212,14,264,132,0,132,396
05/06/2017,OPF,FL,ASO,ES,Federal Contract Tower,0,19,60,5,84,0,2,115,15,132,0,21,175,20,216,27,0,27,243
05/07/2017,OPF,FL,ASO,ES,Federal Contract Tower,0,26,116,4,146,0,4,110,29,143,0,30,226,33,289,126,0,126,415
05/08/2017,OPF,FL,ASO,ES,Federal Contract Tower,0,18,112,7,137,0,3,117,15,135,0,21,229,22,272,181,1,182,454
05/09/2017,OPF,FL,ASO,ES,Federal Contract Tower,0,31,115,6,152,0,5,132,16,153,0,36,247,22,305,129,26,155,460
05/10/2017,OPF,FL,ASO,ES,Federal Contract Tower,0,26,116,5,147,0,5,130,16,151,0,31,246,21,298,219,1,220,518
05/11/2017,OPF,FL,ASO,ES,Federal Contract Tower,0,37,129,5,171,0,1,109,15,125,0,38,238,20,296,134,30,164,460
05/12/2017,OPF,FL,ASO,ES,Federal Contract Tower,0,33,114,4,151,0,3,125,14,142,0,36,239,18,293,80,0,80,373
05/13/2017,OPF,FL,ASO,ES,Federal Contract Tower,0,10,85,4,99,0,3,132,5,140,0,13,217,9,239,48,0,48,287
05/14/2017,OPF,FL,ASO,ES,Federal Contract Tower,0,23,86,4,113,0,1,54,5,60,0,24,140,9,173,2,21,23,196
05/15/2017,OPF,FL,ASO,ES,Federal Contract Tower,0,32,114,3,149,0,2,122,9,133,0,34,236,12,282,157,0,157,439
05/16/2017,OPF,FL,ASO,ES,Federal Contract Tower,0,25,79,6,110,0,12,129,9,150,0,37,208,15,260,180,0,180,440
05/17/2017,OPF,FL,ASO,ES,Federal Contract Tower,0,32,129,6,167,0,5,122,9,136,0,37,251,15,303,98,0,98,401
05/18/2017,OPF,FL,ASO,ES,Federal Contract Tower,0,21,128,4,153,0,1,116,11,128,0,22,244,15,281,103,0,103,384
05/19/2017,OPF,FL,ASO,ES,Federal Contract Tower,0,26,118,7,151,0,1,120,12,133,0,27,238,19,284,146,0,146,430
05/20/2017,OPF,FL,ASO,ES,Federal Contract Tower,0,24,55,4,83,0,2,115,7,124,0,26,170,11,207,86,8,94,301
05/21/2017,OPF,FL,ASO,ES,Federal Contract Tower,0,26,109,3,138,0,3,105,6,114,0,29,214,9,252,25,0,25,277
05/22/2017,OPF,FL,ASO,ES,Federal Contract Tower,0,25,92,5,122,0,6,96,11,113,0,31,188,16,235,164,0,164,399
05/23/2017,OPF,FL,ASO,ES,Federal Contract Tower,0,22,104,3,129,0,0,118,11,129,0,22,222,14,258,28,2,30,288
05/24/2017,OPF,FL,ASO,ES,Federal Contract Tower,0,19,75,1,95,0,2,76,13,91,0,21,151,14,186,10,0,10,196
05/25/2017,OPF,FL,ASO,ES,Federal Contract Tower,0,24,97,17,138,0,5,51,24,80,0,29,148,41,218,20,0,20,238
05/26/2017,OPF,FL,ASO,ES,Federal Contract Tower,0,33,147,2,182,0,1,173,40,214,0,34,320,42,396,94,1,95,491
05/27/2017,OPF,FL,ASO,ES,Federal Contract Tower,0,18,66,0,84,0,2,122,28,152,0,20,188,28,236,148,6,154,390
05/28/2017,OPF,FL,ASO,ES,Federal Contract Tower,0,9,39,3,51,0,2,69,32,103,0,11,108,35,154,59,2,61,215
05/29/2017,OPF,FL,ASO,ES,Federal Contract Tower,0,29,137,3,169,0,2,147,7,156,0,31,284,10,325,91,4,95,420
05/30/2017,OPF,FL,ASO,ES,Federal Contract Tower,0,28,92,14,134,0,5,131,12,148,0,33,223,26,282,168,12,180,462
05/31/2017,OPF,FL,ASO,ES,Federal Contract Tower,0,24,80,3,107,0,5,106,16,127,0,29,186,19,234,170,3,173,407
06/01/2017,OPF,FL,ASO,ES,Federal Contract Tower,0,21,96,1,118,0,0,92,18,110,0,21,188,19,228,154,3,157,385
06/02/2017,OPF,FL,ASO,ES,Federal Contract Tower,0,31,89,2,122,0,4,43,7,54,0,35,132,9,176,24,0,24,200
06/03/2017,OPF,FL,ASO,ES,Federal Contract Tower,0,8,63,0,71,0,0,76,7,83,0,8,139,7,154,52,3,55,209
06/04/2017,OPF,FL,ASO,ES,Federal Contract Tower,0,13,89,4,106,0,2,61,4,67,0,15,150,8,173,42,0,42,215
06/05/2017,OPF,FL,ASO,ES,Federal Contract Tower,0,13,68,2,83,0,1,43,5,49,0,14,111,7,132,78,0,78,210
06/06/2017,OPF,FL,ASO,ES,Federal Contract Tower,0,18,63,7,88,0,0,33,9,42,0,18,96,16,130,9,0,9,139
06/07/2017,OPF,FL,ASO,ES,Federal Contract Tower,0,31,65,2,98,0,0,51,10,61,0,31,116,12,159,10,38,48,207
06/08/2017,OPF,FL,ASO,ES,Federal Contract Tower,0,32,107,9,148,0,1,60,13,74,0,33,167,22,222,36,36,72,294
06/09/2017,OPF,FL,ASO,ES,Federal Contract Tower,0,30,136,8,174,0,0,112,9,121,0,30,248,17,295,80,10,90,385
06/10/2017,OPF,FL,ASO,ES,Federal Contract Tower,0,15,73,3,91,0,3,83,3,89,0,18,156,6,180,95,27,122,302
06/11/2017,OPF,FL,ASO,ES,Federal Contract Tower,0,15,108,3,126,0,1,81,8,90,0,16,189,11,216,41,0,41,257
06/12/2017,OPF,FL,ASO,ES,Federal Contract Tower,0,31,116,2,149,0,0,108,11,119,0,31,224,13,268,105,14,119,387
06/13/2017,OPF,FL,ASO,ES,Federal Contract Tower,0,16,110,8,134,0,1,120,17,138,0,17,230,25,272,128,6,134,406
06/14/2017,OPF,FL,ASO,ES,Federal Contract Tower,0,28,100,11,139,0,3,78,20,101,0,31,178,31,240,106,12,118,358
06/15/2017,OPF,FL,ASO,ES,Federal Contract Tower,0,15,127,5,147,0,6,109,11,126,0,21,236,16,273,119,2,121,394
06/16/2017,OPF,FL,ASO,ES,Federal Contract Tower,0,17,79,3,99,0,0,104,3,107,0,17,183,6,206,91,23,114,320
06/17/2017,OPF,FL,ASO,ES,Federal Contract Tower,0,9,61,2,72,0,2,116,6,124,0,11,177,8,196,49,0,49,245
06/18/2017,OPF,FL,ASO,ES,Federal Contract Tower,0,15,66,0,81,0,1,72,7,80,0,16,138,7,161,29,0,29,190
06/19/2017,OPF,FL,ASO,ES,Federal Contract Tower,0,15,81,11,107,0,6,43,13,62,0,21,124,24,169,74,25,99,268
06/20/2017,OPF,FL,ASO,ES,Federal Contract Tower,0,10,125,22,157,0,5,126,15,146,0,15,251,37,303,125,14,139,442
06/21/2017,OPF,FL,ASO,ES,Federal Contract Tower,0,26,80,5,111,0,5,126,17,148,0,31,206,22,259,128,0,128,387
06/22/2017,OPF,FL,ASO,ES,Federal Contract Tower,0,14,120,4,138,0,5,113,17,135,0,19,233,21,273,112,2,114,387
06/23/2017,OPF,FL,ASO,ES,Federal Contract Tower,0,21,113,6,140,0,2,152,10,164,0,23,265,16,304,114,0,114,418
06/24/2017,OPF,FL,ASO,ES,Federal Contract Tower,0,6,62,2,70,0,6,100,6,112,0,12,162,8,182,82,0,82,264
06/25/2017,OPF,FL,ASO,ES,Federal Contract Tower,0,6,91,0,97,0,8,66,8,82,0,14,157,8,179,52,0,52,231
06/26/2017,OPF,FL,ASO,ES,Federal Contract Tower,0,23,92,6,121,0,1,97,25,123,0,24,189,31,244,115,13,128,372
06/27/2017,OPF,FL,ASO,ES,Federal Contract Tower,0,20,102,3,125,0,3,124,11,138,0,23,226,14,263,180,16,196,459
06/28/2017,OPF,FL,ASO,ES,Federal Contract Tower,0,29,75,5,109,0,1,100,15,116,0,30,175,20,225,97,15,112,337
06/29/2017,OPF,FL,ASO,ES,Federal Contract Tower,0,14,109,2,125,0,10,94,22,126,0,24,203,24,251,165,28,193,444
06/30/2017,OPF,FL,ASO,ES,Federal Contract Tower,0,20,155,3,178,0,2,170,14,186,0,22,325,17,364,155,8,163,527
07/01/2017,OPF,FL,ASO,ES,Federal Contract Tower,0,14,81,2,97,0,2,180,8,190,0,16,261,10,287,115,0,115,402
07/02/2017,OPF,FL,ASO,ES,Federal Contract Tower,0,15,65,0,80,0,4,103,4,111,0,19,168,4,191,74,8,82,273
07/03/2017,OPF,FL,ASO,ES,Federal Contract Tower,0,19,73,3,95,0,4,131,4,139,0,23,204,7,234,208,0,208,442
07/04/2017,OPF,FL,ASO,ES,Federal Contract Tower,0,10,72,3,85,0,5,79,4,88,0,15,151,7,173,187,2,189,362
07/05/2017,OPF,FL,ASO,ES,Federal Contract Tower,0,25,116,7,148,0,3,135,12,150,0,28,251,19,298,200,0,200,498
07/06/2017,OPF,FL,ASO,ES,Federal Contract Tower,0,21,104,2,127,0,3,121,19,143,0,24,225,21,270,200,8,208,478
07/07/2017,OPF,FL,ASO,ES,Federal Contract Tower,0,38,109,2,149,0,0,115,12,127,0,38,224,14,276,106,10,116,392
07/08/2017,OPF,FL,ASO,ES,Federal Contract Tower,1,9,66,1,77,0,7,93,5,105,1,16,159,6,182,55,0,55,237
07/09/2017,OPF,FL,ASO,ES,Federal Contract Tower,0,22,142,5,169,0,5,87,3,95,0,27,229,8,264,91,0,91,355
07/10/2017,OPF,FL,ASO,ES,Federal Contract Tower,0,8,91,3,102,0,1,97,14,112,0,9,188,17,214,85,0,85,299
07/11/2017,OPF,FL,ASO,ES,Federal Contract Tower,0,22,95,5,122,0,1,130,8,139,0,23,225,13,261,93,17,110,371
07/12/2017,OPF,FL,ASO,ES,Federal Contract Tower,0,32,101,1,134,0,4,92,8,104,0,36,193,9,238,53,0,53,291
07/13/2017,OPF,FL,ASO,ES,Federal Contract Tower,0,25,93,4,122,0,2,84,12,98,0,27,177,16,220,43,26,69,289
07/14/2017,OPF,FL,ASO,ES,Federal Contract Tower,0,33,118,5,156,0,4,158,16,178,0,37,276,21,334,159,10,169,503
07/15/2017,OPF,FL,ASO,ES,Federal Contract Tower,0,7,86,0,93,0,6,114,4,124,0,13,200,4,217,82,0,82,299
07/16/2017,OPF,FL,ASO,ES,Federal Contract Tower,0,10,76,1,87,0,0,81,5,86,0,10,157,6,173,124,22,146,319
07/17/2017,OPF,FL,ASO,ES,Federal Contract Tower,0,31,75,3,109,0,2,87,9,98,0,33,162,12,207,150,2,152,359
07/18/2017,OPF,FL,ASO,ES,Federal Contract Tower,0,21,87,3,111,0,1,83,11,95,0,22,170,14,206,121,23,144,350
07/19/2017,OPF,FL,ASO,ES,Federal Contract Tower,0,19,84,4,107,0,0,96,12,108,0,19,180,16,215,134,12,146,361
07/20/2017,OPF,FL,ASO,ES,Federal Contract Tower,0,34,102,1,137,0,1,123,14,138,0,35,225,15,275,90,10,100,375
07/21/2017,OPF,FL,ASO,ES,Federal Contract Tower,0,17,104,0,121,0,3,95,5,103,0,20,199,5,224,86,14,100,324
07/22/2017,OPF,FL,ASO,ES,Federal Contract Tower,0,14,100,2,116,0,1,130,6,137,0,15,230,8,253,95,7,102,355
07/23/2017,OPF,FL,ASO,ES,Federal Contract Tower,0,10,119,1,130,0,3,72,6,81,0,13,191,7,211,34,0,34,245
07/24/2017,OPF,FL,ASO,ES,Federal Contract Tower,0,23,130,0,153,0,1,128,12,141,0,24,258,12,294,115,2,117,411
07/25/2017,OPF,FL,ASO,ES,Federal Contract Tower,0,23,91,1,115,0,1,113,14,128,0,24,204,15,243,100,10,110,353
07/26/2017,OPF,FL,ASO,ES,Federal Contract Tower,0,21,106,2,129,0,1,115,11,127,0,22,221,13,256,132,11,143,399
07/27/2017,OPF,FL,ASO,ES,Federal Contract Tower,0,29,105,6,140,0,5,123,12,140,0,34,228,18,280,100,39,139,419
07/28/2017,OPF,FL,ASO,ES,Federal Contract Tower,0,24,114,6,144,0,5,148,20,173,0,29,262,26,317,41,12,53,370
07/29/2017,OPF,FL,ASO,ES,Federal Contract Tower,0,20,85,0,105,0,1,136,6,143,0,21,221,6,248,72,0,72,320
07/30/2017,OPF,FL,ASO,ES,Federal Contract Tower,0,32,113,2,147,0,1,95,7,103,0,33,208,9,250,48,0,48,298
07/31/2017,OPF,FL,ASO,ES,Federal Contract Tower,0,17,81,0,98,0,1,37,7,45,0,18,118,7,143,28,0,28,171
08/01/2017,OPF,FL,ASO,ES,Federal Contract Tower,0,20,52,13,85,0,1,78,14,93,0,21,130,27,178,92,71,163,341
08/02/2017,OPF,FL,ASO,ES,Federal Contract Tower,0,27,109,5,141,0,2,112,10,124,0,29,221,15,265,142,22,164,429
08/03/2017,OPF,FL,ASO,ES,Federal Contract Tower,0,20,106,6,132,0,15,112,16,143,0,35,218,22,275,142,45,187,462
08/04/2017,OPF,FL,ASO,ES,Federal Contract Tower,0,24,122,3,149,0,1,171,13,185,0,25,293,16,334,131,0,131,465
08/05/2017,OPF,FL,ASO,ES,Federal Contract Tower,0,6,91,0,97,0,2,137,6,145,0,8,228,6,242,92,0,92,334
08/06/2017,OPF,FL,ASO,ES,Federal Contract Tower,0,15,74,3,92,0,1,112,8,121,0,16,186,11,213,35,10,45,258
08/07/2017,OPF,FL,ASO,ES,Federal Contract Tower,1,11,121,1,134,0,2,120,11,133,1,13,241,12,267,147,21,168,435
08/08/2017,OPF,FL,ASO,ES,Federal Contract Tower,0,24,117,8,149,0,0,136,12,148,0,24,253,20,297,124,3,127,424
08/09/2017,OPF,FL,ASO,ES,Federal Contract Tower,0,26,99,3,128,0,2,139,16,157,0,28,238,19,285,101,0,101,386
08/10/2017,OPF,FL,ASO,ES,Federal Contract Tower,0,25,88,1,114,0,3,51,15,69,0,28,139,16,183,13,10,23,206
08/11/2017,OPF,FL,ASO,ES,Federal Contract Tower,0,20,107,3,130,0,0,110,19,129,0,20,217,22,259,134,6,140,399
08/12/2017,OPF,FL,ASO,ES,Federal Contract Tower,0,5,89,2,96,0,6,125,6,137,0,11,214,8,233,54,0,54,287
08/13/2017,OPF,FL,ASO,ES,Federal Contract Tower,0,9,85,4,98,0,3,76,4,83,0,12,161,8,181,31,19,50,231
08/14/2017,OPF,FL,ASO,ES,Federal Contract Tower,0,18,101,2,121,0,4,115,11,130,0,22,216,13,251,131,2,133,384
08/15/2017,OPF,FL,ASO,ES,Federal Contract Tower,0,20,92,3,115,0,0,104,13,117,0,20,196,16,232,130,2,132,364
08/16/2017,OPF,FL,ASO,ES,Federal Contract Tower,0,24,81,1,106,0,0,133,19,152,0,24,214,20,258,152,6,158,416
08/17/2017,OPF,FL,ASO,ES,Federal Contract Tower,0,18,99,3,120,0,1,153,18,172,0,19,252,21,292,165,0,165,457
08/18/2017,OPF,FL,ASO,ES,Federal Contract Tower,0,25,112,0,137,0,1,148,10,159,0,26,260,10,296,185,0,185,481
08/19/2017,OPF,FL,ASO,ES,Federal Contract Tower,0,19,81,2,102,0,1,126,10,137,0,20,207,12,239,70,0,70,309
08/20/2017,OPF,FL,ASO,ES,Federal Contract Tower,0,20,81,4,105,0,0,50,4,54,0,20,131,8,159,77,9,86,245
08/21/2017,OPF,FL,ASO,ES,Federal Contract Tower,0,24,125,3,152,0,2,127,12,141,0,26,252,15,293,120,2,122,415
08/22/2017,OPF,FL,ASO,ES,Federal Contract Tower,0,14,122,8,144,0,1,130,13,144,0,15,252,21,288,131,16,147,435
08/23/2017,OPF,FL,ASO,ES,Federal Contract Tower,0,24,83,5,112,0,1,76,19,96,0,25,159,24,208,27,8,35,243
08/24/2017,OPF,FL,ASO,ES,Federal Contract Tower,0,23,95,3,121,0,0,49,10,59,0,23,144,13,180,84,33,117,297
08/25/2017,OPF,FL,ASO,ES,Federal Contract Tower,0,26,91,6,123,0,0,63,15,78,0,26,154,21,201,95,14,109,310
08/26/2017,OPF,FL,ASO,ES,Federal Contract Tower,0,18,68,3,89,0,2,72,4,78,0,20,140,7,167,79,0,79,246
08/27/2017,OPF,FL,ASO,ES,Federal Contract Tower,0,14,74,8,96,0,5,37,1,43,0,19,111,9,139,46,19,65,204
08/28/2017,OPF,FL,ASO,ES,Federal Contract Tower,0,29,126,5,160,0,4,113,2,119,0,33,239,7,279,85,19,104,383
08/29/2017,OPF,FL,ASO,ES,Federal Contract Tower,0,24,104,0,128,0,1,116,8,125,0,25,220,8,253,116,0,116,369
08/30/2017,OPF,FL,ASO,ES,Federal Contract Tower,0,24,94,7,125,0,1,93,6,100,0,25,187,13,225,170,6,176,401
08/31/2017,OPF,FL,ASO,ES,Federal Contract Tower,0,28,69,7,104,0,3,108,12,123,0,31,177,19,227,95,3,98,325
09/01/2017,OPF,FL,ASO,ES,Federal Contract Tower,0,37,143,2,182,0,5,152,16,173,0,42,295,18,355,129,2,131,486
09/02/2017,OPF,FL,ASO,ES,Federal Contract Tower,0,12,50,1,63,0,4,72,4,80,0,16,122,5,143,54,0,54,197
09/03/2017,OPF,FL,ASO,ES,Federal Contract Tower,0,4,61,2,67,0,1,70,6,77,0,5,131,8,144,136,0,136,280
09/04/2017,OPF,FL,ASO,ES,Federal Contract Tower,0,25,126,0,151,0,1,89,4,94,0,26,215,4,245,33,0,33,278
09/05/2017,OPF,FL,ASO,ES,Federal Contract Tower,0,26,127,5,158,0,1,122,9,132,0,27,249,14,290,137,20,157,447
09/06/2017,OPF,FL,ASO,ES,Federal Contract Tower,1,66,196,0,263,0,4,71,6,81,1,70,267,6,344,68,0,68,412
09/07/2017,OPF,FL,ASO,ES,Federal Contract Tower,4,72,209,2,287,0,15,186,7,208,4,87,395,9,495,6,0,6,501
09/08/2017,OPF,FL,ASO,ES,Federal Contract Tower,0,43,104,1,148,0,0,67,6,73,0,43,171,7,221,3,0,3,224
09/09/2017,OPF,FL,ASO,ES,Federal Contract Tower,0,0,0,0,0,0,0,0,0,0,0,0,0,0,0,0,0,0,0
09/10/2017,OPF,FL,ASO,ES,Federal Contract Tower,0,0,0,0,0,0,0,0,0,0,0,0,0,0,0,0,0,0,0
09/12/2017,OPF,FL,ASO,ES,Federal Contract Tower,0,15,91,5,111,0,0,54,25,79,0,15,145,30,190,0,0,0,190
09/13/2017,OPF,FL,ASO,ES,Federal Contract Tower,0,19,66,4,89,0,1,37,10,48,0,20,103,14,137,0,0,0,137
09/14/2017,OPF,FL,ASO,ES,Federal Contract Tower,0,30,94,4,128,0,9,63,27,99,0,39,157,31,227,11,42,53,280
09/15/2017,OPF,FL,ASO,ES,Federal Contract Tower,0,27,87,5,119,0,5,101,11,117,0,32,188,16,236,0,27,27,263
09/16/2017,OPF,FL,ASO,ES,Federal Contract Tower,0,22,92,2,116,0,2,105,16,123,0,24,197,18,239,2,0,2,241
09/17/2017,OPF,FL,ASO,ES,Federal Contract Tower,0,24,126,1,151,0,0,77,7,84,0,24,203,8,235,11,0,11,246
09/18/2017,OPF,FL,ASO,ES,Federal Contract Tower,0,22,87,4,113,0,6,86,16,108,0,28,173,20,221,43,0,43,264
09/19/2017,OPF,FL,ASO,ES,Federal Contract Tower,0,23,123,9,155,0,0,136,18,154,0,23,259,27,309,69,33,102,411
09/20/2017,OPF,FL,ASO,ES,Federal Contract Tower,0,25,87,10,122,0,1,111,18,130,0,26,198,28,252,111,0,111,363
09/21/2017,OPF,FL,ASO,ES,Federal Contract Tower,0,30,75,5,110,0,4,108,21,133,0,34,183,26,243,138,2,140,383
09/22/2017,OPF,FL,ASO,ES,Federal Contract Tower,0,25,90,16,131,0,0,99,17,116,0,25,189,33,247,70,20,90,337
09/23/2017,OPF,FL,ASO,ES,Federal Contract Tower,0,16,97,4,117,0,0,92,2,94,0,16,189,6,211,103,0,103,314
09/24/2017,OPF,FL,ASO,ES,Federal Contract Tower,0,19,90,1,110,0,2,50,4,56,0,21,140,5,166,39,0,39,205
09/25/2017,OPF,FL,ASO,ES,Federal Contract Tower,0,26,123,2,151,0,1,90,9,100,0,27,213,11,251,89,10,99,350
09/26/2017,OPF,FL,ASO,ES,Federal Contract Tower,0,30,132,7,169,0,3,69,12,84,0,33,201,19,253,109,2,111,364
09/27/2017,OPF,FL,ASO,ES,Federal Contract Tower,0,35,158,12,205,0,4,119,15,138,0,39,277,27,343,141,29,170,513
09/28/2017,OPF,FL,ASO,ES,Federal Contract Tower,0,36,124,4,164,0,9,108,15,132,0,45,232,19,296,80,12,92,388
09/29/2017,OPF,FL,ASO,ES,Federal Contract Tower,0,44,135,7,186,0,5,47,13,65,0,49,182,20,251,36,37,73,324
09/30/2017,OPF,FL,ASO,ES,Federal Contract Tower,0,28,86,5,119,0,1,126,5,132,0,29,212,10,251,108,9,117,368
10/01/2017,OPF,FL,ASO,ES,Federal Contract Tower,0,26,141,3,170,0,0,75,4,79,0,26,216,7,249,21,0,21,270
10/02/2017,OPF,FL,ASO,ES,Federal Contract Tower,0,20,112,4,136,0,2,66,5,73,0,22,178,9,209,46,38,84,293
10/03/2017,OPF,FL,ASO,ES,Federal Contract Tower,0,23,65,9,97,0,1,37,13,51,0,24,102,22,148,30,39,69,217
10/04/2017,OPF,FL,ASO,ES,Federal Contract Tower,0,38,108,23,169,0,0,22,6,28,0,38,130,29,197,0,12,12,209
10/05/2017,OPF,FL,ASO,ES,Federal Contract Tower,0,43,108,7,158,0,5,37,16,58,0,48,145,23,216,27,28,55,271
10/06/2017,OPF,FL,ASO,ES,Federal Contract Tower,1,30,160,4,195,0,6,141,17,164,1,36,301,21,359,120,22,142,501
10/07/2017,OPF,FL,ASO,ES,Federal Contract Tower,0,10,107,2,119,0,2,117,2,121,0,12,224,4,240,75,0,75,315
10/08/2017,OPF,FL,ASO,ES,Federal Contract Tower,0,26,106,1,133,0,1,57,2,60,0,27,163,3,193,87,4,91,284
10/09/2017,OPF,FL,ASO,ES,Federal Contract Tower,0,19,118,6,143,0,3,104,4,111,0,22,222,10,254,120,0,120,374
10/10/2017,OPF,FL,ASO,ES,Federal Contract Tower,0,28,126,10,164,0,5,112,13,130,0,33,238,23,294,99,3,102,396
10/11/2017,OPF,FL,ASO,ES,Federal Contract Tower,0,38,119,1,158,0,5,131,3,139,0,43,250,4,297,95,0,95,392
10/12/2017,OPF,FL,ASO,ES,Federal Contract Tower,0,23,113,5,141,0,2,98,17,117,0,25,211,22,258,82,22,104,362
10/13/2017,OPF,FL,ASO,ES,Federal Contract Tower,0,24,134,0,158,0,8,144,12,164,0,32,278,12,322,175,32,207,529
10/14/2017,OPF,FL,ASO,ES,Federal Contract Tower,0,20,70,0,90,0,2,93,4,99,0,22,163,4,189,170,0,170,359
10/15/2017,OPF,FL,ASO,ES,Federal Contract Tower,0,19,107,0,126,0,0,85,6,91,0,19,192,6,217,74,0,74,291
10/16/2017,OPF,FL,ASO,ES,Federal Contract Tower,0,21,107,2,130,0,2,114,16,132,0,23,221,18,262,78,8,86,348
10/17/2017,OPF,FL,ASO,ES,Federal Contract Tower,0,25,120,10,155,0,0,138,21,159,0,25,258,31,314,118,45,163,477
10/18/2017,OPF,FL,ASO,ES,Federal Contract Tower,0,29,113,5,147,0,1,107,43,151,0,30,220,48,298,50,7,57,355
10/19/2017,OPF,FL,ASO,ES,Federal Contract Tower,0,32,109,5,146,0,0,110,14,124,0,32,219,19,270,59,2,61,331
10/20/2017,OPF,FL,ASO,ES,Federal Contract Tower,0,32,111,0,143,0,4,129,15,148,0,36,240,15,291,114,12,126,417
10/21/2017,OPF,FL,ASO,ES,Federal Contract Tower,0,18,83,0,101,0,3,85,6,94,0,21,168,6,195,20,0,20,215
10/22/2017,OPF,FL,ASO,ES,Federal Contract Tower,0,22,105,7,134,0,2,78,12,92,0,24,183,19,226,61,0,61,287
10/23/2017,OPF,FL,ASO,ES,Federal Contract Tower,0,24,96,1,121,0,0,114,24,138,0,24,210,25,259,76,19,95,354
10/24/2017,OPF,FL,ASO,ES,Federal Contract Tower,0,25,96,2,123,0,0,61,14,75,0,25,157,16,198,29,10,39,237
10/25/2017,OPF,FL,ASO,ES,Federal Contract Tower,0,31,104,8,143,0,0,81,13,94,0,31,185,21,237,46,14,60,297
10/26/2017,OPF,FL,ASO,ES,Federal Contract Tower,0,26,136,7,169,0,0,167,33,200,0,26,303,40,369,35,0,35,404
10/27/2017,OPF,FL,ASO,ES,Federal Contract Tower,0,34,119,11,164,0,6,170,24,200,0,40,289,35,364,145,16,161,525
10/28/2017,OPF,FL,ASO,ES,Federal Contract Tower,0,15,67,2,84,0,1,45,4,50,0,16,112,6,134,59,32,91,225
10/29/2017,OPF,FL,ASO,ES,Federal Contract Tower,0,24,92,8,124,0,1,54,3,58,0,25,146,11,182,42,3,45,227
10/30/2017,OPF,FL,ASO,ES,Federal Contract Tower,0,24,97,6,127,0,1,173,19,193,0,25,270,25,320,178,30,208,528
10/31/2017,OPF,FL,ASO,ES,Federal Contract Tower,0,25,92,2,119,0,1,136,7,144,0,26,228,9,263,100,0,100,363
11/01/2017,OPF,FL,ASO,ES,Federal Contract Tower,0,32,145,5,182,0,0,131,20,151,0,32,276,25,333,74,34,108,441
11/02/2017,OPF,FL,ASO,ES,Federal Contract Tower,0,33,139,1,173,0,3,136,9,148,0,36,275,10,321,145,30,175,496
11/03/2017,OPF,FL,ASO,ES,Federal Contract Tower,0,32,137,3,172,0,1,104,11,116,0,33,241,14,288,197,14,211,499
11/04/2017,OPF,FL,ASO,ES,Federal Contract Tower,0,26,97,0,123,0,7,119,8,134,0,33,216,8,257,82,0,82,339
11/05/2017,OPF,FL,ASO,ES,Federal Contract Tower,0,38,141,4,183,0,1,90,13,104,0,39,231,17,287,26,9,35,322
11/06/2017,OPF,FL,ASO,ES,Federal Contract Tower,0,26,136,7,169,0,3,113,20,136,0,29,249,27,305,115,50,165,470
11/07/2017,OPF,FL,ASO,ES,Federal Contract Tower,0,28,113,5,146,0,4,161,15,180,0,32,274,20,326,233,4,237,563
11/08/2017,OPF,FL,ASO,ES,Federal Contract Tower,0,29,150,8,187,0,2,115,16,133,0,31,265,24,320,140,28,168,488
11/09/2017,OPF,FL,ASO,ES,Federal Contract Tower,0,48,136,1,185,0,6,164,19,189,0,54,300,20,374,160,16,176,550
11/10/2017,OPF,FL,ASO,ES,Federal Contract Tower,0,44,151,0,195,0,1,137,5,143,0,45,288,5,338,150,0,150,488
11/11/2017,OPF,FL,ASO,ES,Federal Contract Tower,0,19,103,0,122,0,3,138,4,145,0,22,241,4,267,107,0,107,374
11/12/2017,OPF,FL,ASO,ES,Federal Contract Tower,0,33,120,2,155,0,0,48,3,51,0,33,168,5,206,43,0,43,249
11/13/2017,OPF,FL,ASO,ES,Federal Contract Tower,0,29,127,2,158,0,1,91,14,106,0,30,218,16,264,142,2,144,408
11/14/2017,OPF,FL,ASO,ES,Federal Contract Tower,1,28,98,5,132,0,0,130,13,143,1,28,228,18,275,98,31,129,404
11/15/2017,OPF,FL,ASO,ES,Federal Contract Tower,0,39,109,10,158,0,1,65,7,73,0,40,174,17,231,47,0,47,278
11/16/2017,OPF,FL,ASO,ES,Federal Contract Tower,0,45,159,6,210,0,4,126,20,150,0,49,285,26,360,137,4,141,501
11/17/2017,OPF,FL,ASO,ES,Federal Contract Tower,0,51,153,5,209,0,4,116,15,135,0,55,269,20,344,100,20,120,464
11/18/2017,OPF,FL,ASO,ES,Federal Contract Tower,0,26,109,2,137,0,0,157,5,162,0,26,266,7,299,114,12,126,425
11/19/2017,OPF,FL,ASO,ES,Federal Contract Tower,0,30,147,1,178,0,2,83,6,91,0,32,230,7,269,68,0,68,337
11/20/2017,OPF,FL,ASO,ES,Federal Contract Tower,0,33,150,3,186,0,3,111,20,134,0,36,261,23,320,157,19,176,496
11/21/2017,OPF,FL,ASO,ES,Federal Contract Tower,0,29,128,3,160,0,3,146,19,168,0,32,274,22,328,83,0,83,411
11/22/2017,OPF,FL,ASO,ES,Federal Contract Tower,0,43,194,2,239,0,0,149,11,160,0,43,343,13,399,146,7,153,552
11/23/2017,OPF,FL,ASO,ES,Federal Contract Tower,0,17,60,0,77,0,1,43,6,50,0,18,103,6,127,39,0,39,166
11/24/2017,OPF,FL,ASO,ES,Federal Contract Tower,0,20,93,0,113,0,4,104,5,113,0,24,197,5,226,147,0,147,373
11/25/2017,OPF,FL,ASO,ES,Federal Contract Tower,0,27,84,2,113,0,1,117,3,121,0,28,201,5,234,88,0,88,322
11/26/2017,OPF,FL,ASO,ES,Federal Contract Tower,0,54,185,2,241,0,0,85,6,91,0,54,270,8,332,106,0,106,438
11/27/2017,OPF,FL,ASO,ES,Federal Contract Tower,0,33,161,4,198,0,1,116,15,132,0,34,277,19,330,74,15,89,419
11/28/2017,OPF,FL,ASO,ES,Federal Contract Tower,0,25,123,7,155,0,2,117,14,133,0,27,240,21,288,67,0,67,355
11/29/2017,OPF,FL,ASO,ES,Federal Contract Tower,0,35,114,4,153,0,0,96,19,115,0,35,210,23,268,77,2,79,347
11/30/2017,OPF,FL,ASO,ES,Federal Contract Tower,0,23,125,2,150,0,4,150,23,177,0,27,275,25,327,65,34,99,426
12/01/2017,OPF,FL,ASO,ES,Federal Contract Tower,0,40,121,2,163,0,5,177,13,195,0,45,298,15,358,122,5,127,485
12/02/2017,OPF,FL,ASO,ES,Federal Contract Tower,0,19,91,0,110,0,0,112,6,118,0,19,203,6,228,42,0,42,270
12/03/2017,OPF,FL,ASO,ES,Federal Contract Tower,0,26,102,0,128,0,3,143,7,153,0,29,245,7,281,148,0,148,429
12/04/2017,OPF,FL,ASO,ES,Federal Contract Tower,0,37,118,3,158,0,3,129,20,152,0,40,247,23,310,111,38,149,459
12/05/2017,OPF,FL,ASO,ES,Federal Contract Tower,1,41,159,5,206,0,1,107,16,124,1,42,266,21,330,56,34,90,420
12/06/2017,OPF,FL,ASO,ES,Federal Contract Tower,0,48,181,6,235,0,1,121,16,138,0,49,302,22,373,56,30,86,459
12/07/2017,OPF,FL,ASO,ES,Federal Contract Tower,0,58,177,0,235,0,7,138,17,162,0,65,315,17,397,87,10,97,494
12/08/2017,OPF,FL,ASO,ES,Federal Contract Tower,0,55,191,0,246,0,6,133,5,144,0,61,324,5,390,148,0,148,538
12/09/2017,OPF,FL,ASO,ES,Federal Contract Tower,0,28,84,0,112,0,3,44,3,50,0,31,128,3,162,0,0,0,162
12/10/2017,OPF,FL,ASO,ES,Federal Contract Tower,0,71,151,1,223,0,1,108,4,113,0,72,259,5,336,36,0,36,372
12/11/2017,OPF,FL,ASO,ES,Federal Contract Tower,0,44,150,1,195,0,1,145,14,160,0,45,295,15,355,91,2,93,448
12/12/2017,OPF,FL,ASO,ES,Federal Contract Tower,0,36,146,7,189,0,1,141,14,156,0,37,287,21,345,107,0,107,452
12/13/2017,OPF,FL,ASO,ES,Federal Contract Tower,0,29,118,6,153,0,3,104,18,125,0,32,222,24,278,114,36,150,428
12/14/2017,OPF,FL,ASO,ES,Federal Contract Tower,0,41,146,0,187,0,3,136,12,151,0,44,282,12,338,74,16,90,428
12/15/2017,OPF,FL,ASO,ES,Federal Contract Tower,0,42,165,2,209,0,3,134,14,151,0,45,299,16,360,66,2,68,428
12/16/2017,OPF,FL,ASO,ES,Federal Contract Tower,0,23,110,0,133,0,4,128,14,146,0,27,238,14,279,105,0,105,384
12/17/2017,OPF,FL,ASO,ES,Federal Contract Tower,0,27,111,4,142,0,3,92,7,102,0,30,203,11,244,7,7,14,258
12/18/2017,OPF,FL,ASO,ES,Federal Contract Tower,0,31,136,4,171,0,3,86,16,105,0,34,222,20,276,62,23,85,361
12/19/2017,OPF,FL,ASO,ES,Federal Contract Tower,0,28,128,5,161,0,3,125,12,140,0,31,253,17,301,82,9,91,392
12/20/2017,OPF,FL,ASO,ES,Federal Contract Tower,0,36,148,0,184,0,1,111,13,125,0,37,259,13,309,140,19,159,468
12/21/2017,OPF,FL,ASO,ES,Federal Contract Tower,0,42,187,0,229,0,5,104,7,116,0,47,291,7,345,79,0,79,424
12/22/2017,OPF,FL,ASO,ES,Federal Contract Tower,0,41,184,0,225,0,2,129,16,147,0,43,313,16,372,99,8,107,479
12/23/2017,OPF,FL,ASO,ES,Federal Contract Tower,0,46,113,0,159,0,2,122,5,129,0,48,235,5,288,55,4,59,347
12/24/2017,OPF,FL,ASO,ES,Federal Contract Tower,0,26,39,2,67,0,4,52,7,63,0,30,91,9,130,22,0,22,152
12/25/2017,OPF,FL,ASO,ES,Federal Contract Tower,0,34,52,0,86,0,9,55,3,67,0,43,107,3,153,2,0,2,155
12/26/2017,OPF,FL,ASO,ES,Federal Contract Tower,0,74,166,2,242,0,3,90,4,97,0,77,256,6,339,55,0,55,394
12/27/2017,OPF,FL,ASO,ES,Federal Contract Tower,0,49,194,2,245,0,1,103,9,113,0,50,297,11,358,87,0,87,445
12/28/2017,OPF,FL,ASO,ES,Federal Contract Tower,0,48,141,2,191,0,6,147,4,157,0,54,288,6,348,79,0,79,427
12/29/2017,OPF,FL,ASO,ES,Federal Contract Tower,0,42,147,3,192,0,3,105,6,114,0,45,252,9,306,58,11,69,375
12/30/2017,OPF,FL,ASO,ES,Federal Contract Tower,0,35,124,2,161,0,2,48,4,54,0,37,172,6,215,9,0,9,224
12/31/2017,OPF,FL,ASO,ES,Federal Contract Tower,0,41,78,0,119,0,2,89,18,109,0,43,167,18,228,74,0,74,302
01/01/2018,OPF,FL,ASO,ES,Federal Contract Tower,3,71,106,0,180,0,1,71,1,73,3,72,177,1,253,18,0,18,271
01/02/2018,OPF,FL,ASO,ES,Federal Contract Tower,1,74,179,2,256,0,2,6,0,8,1,76,185,2,264,0,0,0,264
01/03/2018,OPF,FL,ASO,ES,Federal Contract Tower,0,43,174,1,218,0,0,34,1,35,0,43,208,2,253,0,0,0,253
01/04/2018,OPF,FL,ASO,ES,Federal Contract Tower,0,24,147,0,171,0,2,123,12,137,0,26,270,12,308,95,2,97,405
01/05/2018,OPF,FL,ASO,ES,Federal Contract Tower,0,39,134,1,174,0,1,140,7,148,0,40,274,8,322,141,7,148,470
01/06/2018,OPF,FL,ASO,ES,Federal Contract Tower,0,28,117,1,146,0,2,126,6,134,0,30,243,7,280,60,6,66,346
01/07/2018,OPF,FL,ASO,ES,Federal Contract Tower,0,52,165,1,218,0,0,76,7,83,0,52,241,8,301,77,4,81,382
01/08/2018,OPF,FL,ASO,ES,Federal Contract Tower,0,40,139,6,185,0,3,98,6,107,0,43,237,12,292,72,0,72,364
01/09/2018,OPF,FL,ASO,ES,Federal Contract Tower,0,39,105,2,146,0,3,70,4,77,0,42,175,6,223,128,0,128,351
01/10/2018,OPF,FL,ASO,ES,Federal Contract Tower,0,33,132,6,171,0,2,54,13,69,0,35,186,19,240,112,90,202,442
01/11/2018,OPF,FL,ASO,ES,Federal Contract Tower,0,52,160,5,217,0,3,114,23,140,0,55,274,28,357,148,0,148,505
01/12/2018,OPF,FL,ASO,ES,Federal Contract Tower,0,49,119,1,169,0,2,82,6,90,0,51,201,7,259,79,22,101,360
01/13/2018,OPF,FL,ASO,ES,Federal Contract Tower,0,15,130,9,154,0,2,124,4,130,0,17,254,13,284,105,0,105,389
01/14/2018,OPF,FL,ASO,ES,Federal Contract Tower,0,24,138,4,166,0,3,76,11,90,0,27,214,15,256,72,2,74,330
01/15/2018,OPF,FL,ASO,ES,Federal Contract Tower,0,59,165,4,228,0,0,98,17,115,0,59,263,21,343,81,0,81,424
01/16/2018,OPF,FL,ASO,ES,Federal Contract Tower,0,37,137,1,175,0,2,106,16,124,0,39,243,17,299,72,7,79,378
01/17/2018,OPF,FL,ASO,ES,Federal Contract Tower,0,31,139,2,172,0,1,93,26,120,0,32,232,28,292,148,10,158,450
01/18/2018,OPF,FL,ASO,ES,Federal Contract Tower,0,43,156,4,203,0,5,140,16,161,0,48,296,20,364,64,22,86,450
01/19/2018,OPF,FL,ASO,ES,Federal Contract Tower,0,36,127,7,170,0,6,139,17,162,0,42,266,24,332,134,38,172,504
01/20/2018,OPF,FL,ASO,ES,Federal Contract Tower,0,21,95,3,119,0,0,99,5,104,0,21,194,8,223,147,0,147,370
01/21/2018,OPF,FL,ASO,ES,Federal Contract Tower,0,36,113,2,151,0,2,63,5,70,0,38,176,7,221,84,0,84,305
01/22/2018,OPF,FL,ASO,ES,Federal Contract Tower,0,24,133,5,162,0,1,89,8,98,0,25,222,13,260,139,27,166,426
01/23/2018,OPF,FL,ASO,ES,Federal Contract Tower,0,39,105,4,148,0,8,102,20,130,0,47,207,24,278,170,12,182,460
01/24/2018,OPF,FL,ASO,ES,Federal Contract Tower,0,28,138,1,167,0,1,92,21,114,0,29,230,22,281,95,38,133,414
01/25/2018,OPF,FL,ASO,ES,Federal Contract Tower,0,43,114,6,163,0,0,78,16,94,0,43,192,22,257,100,26,126,383
01/26/2018,OPF,FL,ASO,ES,Federal Contract Tower,0,35,138,2,175,0,3,87,14,104,0,38,225,16,279,30,12,42,321
01/27/2018,OPF,FL,ASO,ES,Federal Contract Tower,0,22,56,1,79,0,6,52,4,62,0,28,108,5,141,36,0,36,177
01/28/2018,OPF,FL,ASO,ES,Federal Contract Tower,0,34,114,0,148,0,2,75,6,83,0,36,189,6,231,42,4,46,277
01/29/2018,OPF,FL,ASO,ES,Federal Contract Tower,0,41,114,3,158,0,1,67,20,88,0,42,181,23,246,115,73,188,434
01/30/2018,OPF,FL,ASO,ES,Federal Contract Tower,0,31,112,2,145,0,1,119,17,137,0,32,231,19,282,44,28,72,354
01/31/2018,OPF,FL,ASO,ES,Federal Contract Tower,0,26,117,5,148,0,3,127,6,136,0,29,244,11,284,123,2,125,409
02/01/2018,OPF,FL,ASO,ES,Federal Contract Tower,0,33,137,2,172,0,5,139,21,165,0,38,276,23,337,165,30,195,532
02/02/2018,OPF,FL,ASO,ES,Federal Contract Tower,0,42,147,0,189,0,5,148,8,161,0,47,295,8,350,172,0,172,522
02/03/2018,OPF,FL,ASO,ES,Federal Contract Tower,0,17,94,1,112,0,4,73,3,80,0,21,167,4,192,104,0,104,296
02/04/2018,OPF,FL,ASO,ES,Federal Contract Tower,0,28,104,0,132,0,1,86,9,96,0,29,190,9,228,104,4,108,336
02/05/2018,OPF,FL,ASO,ES,Federal Contract Tower,0,38,135,8,181,0,2,101,26,129,0,40,236,34,310,167,27,194,504
02/06/2018,OPF,FL,ASO,ES,Federal Contract Tower,0,29,117,3,149,0,3,104,33,140,0,32,221,36,289,147,22,169,458
02/07/2018,OPF,FL,ASO,ES,Federal Contract Tower,0,33,174,5,212,0,0,102,28,130,0,33,276,33,342,113,22,135,477
02/08/2018,OPF,FL,ASO,ES,Federal Contract Tower,0,50,178,1,229,0,0,104,24,128,0,50,282,25,357,133,31,164,521
02/09/2018,OPF,FL,ASO,ES,Federal Contract Tower,0,37,154,8,199,0,1,113,21,135,0,38,267,29,334,150,33,183,517
02/10/2018,OPF,FL,ASO,ES,Federal Contract Tower,0,18,90,0,108,0,0,105,6,111,0,18,195,6,219,113,0,113,332
02/11/2018,OPF,FL,ASO,ES,Federal Contract Tower,0,54,133,0,187,0,0,72,8,80,0,54,205,8,267,57,0,57,324
02/12/2018,OPF,FL,ASO,ES,Federal Contract Tower,0,37,115,8,160,0,1,107,24,132,0,38,222,32,292,162,31,193,485
02/13/2018,OPF,FL,ASO,ES,Federal Contract Tower,0,42,133,6,181,0,10,100,17,127,0,52,233,23,308,175,0,175,483
02/14/2018,OPF,FL,ASO,ES,Federal Contract Tower,0,43,107,7,157,0,1,118,28,147,0,44,225,35,304,118,46,164,468
02/15/2018,OPF,FL,ASO,ES,Federal Contract Tower,0,71,195,2,268,0,1,108,22,131,0,72,303,24,399,135,21,156,555
02/16/2018,OPF,FL,ASO,ES,Federal Contract Tower,0,72,231,4,307,0,1,118,17,136,0,73,349,21,443,137,4,141,584
02/17/2018,OPF,FL,ASO,ES,Federal Contract Tower,0,51,143,0,194,0,0,150,10,160,0,51,293,10,354,114,0,114,468
02/18/2018,OPF,FL,ASO,ES,Federal Contract Tower,0,40,145,0,185,0,0,92,8,100,0,40,237,8,285,49,4,53,338
02/19/2018,OPF,FL,ASO,ES,Federal Contract Tower,2,81,203,1,287,0,0,77,12,89,2,81,280,13,376,34,4,38,414
02/20/2018,OPF,FL,ASO,ES,Federal Contract Tower,0,53,191,5,249,0,1,92,21,114,0,54,283,26,363,116,18,134,497
02/21/2018,OPF,FL,ASO,ES,Federal Contract Tower,0,47,117,2,166,0,3,121,25,149,0,50,238,27,315,86,51,137,452
02/22/2018,OPF,FL,ASO,ES,Federal Contract Tower,0,35,107,0,142,0,3,86,30,119,0,38,193,30,261,174,14,188,449
02/23/2018,OPF,FL,ASO,ES,Federal Contract Tower,0,45,131,3,179,0,1,148,19,168,0,46,279,22,347,141,28,169,516
02/24/2018,OPF,FL,ASO,ES,Federal Contract Tower,0,27,96,0,123,0,5,130,7,142,0,32,226,7,265,86,13,99,364
02/25/2018,OPF,FL,ASO,ES,Federal Contract Tower,0,59,159,3,221,0,0,93,10,103,0,59,252,13,324,67,13,80,404
02/26/2018,OPF,FL,ASO,ES,Federal Contract Tower,0,34,121,1,156,0,5,88,18,111,0,39,209,19,267,105,8,113,380
02/27/2018,OPF,FL,ASO,ES,Federal Contract Tower,0,33,112,0,145,0,0,96,15,111,0,33,208,15,256,112,27,139,395
02/28/2018,OPF,FL,ASO,ES,Federal Contract Tower,0,34,115,1,150,0,4,129,16,149,0,38,244,17,299,212,77,289,588
03/01/2018,OPF,FL,ASO,ES,Federal Contract Tower,0,39,153,0,192,0,2,126,27,155,0,41,279,27,347,123,21,144,491
03/02/2018,OPF,FL,ASO,ES,Federal Contract Tower,0,22,156,3,181,0,9,152,21,182,0,31,308,24,363,161,27,188,551
03/03/2018,OPF,FL,ASO,ES,Federal Contract Tower,0,27,96,0,123,0,0,138,6,144,0,27,234,6,267,59,2,61,328
03/04/2018,OPF,FL,ASO,ES,Federal Contract Tower,0,54,127,2,183,0,5,97,9,111,0,59,224,11,294,50,0,50,344
03/05/2018,OPF,FL,ASO,ES,Federal Contract Tower,0,26,137,2,165,0,0,142,13,155,0,26,279,15,320,149,5,154,474
03/06/2018,OPF,FL,ASO,ES,Federal Contract Tower,0,34,124,2,160,0,1,120,12,133,0,35,244,14,293,82,27,109,402
03/07/2018,OPF,FL,ASO,ES,Federal Contract Tower,0,41,119,0,160,0,0,100,14,114,0,41,219,14,274,62,43,105,379
03/08/2018,OPF,FL,ASO,ES,Federal Contract Tower,0,29,150,3,182,0,4,146,21,171,0,33,296,24,353,120,0,120,473
03/09/2018,OPF,FL,ASO,ES,Federal Contract Tower,0,42,144,0,186,0,3,143,12,158,0,45,287,12,344,179,51,230,574
03/10/2018,OPF,FL,ASO,ES,Federal Contract Tower,0,13,109,0,122,0,2,134,4,140,0,15,243,4,262,74,0,74,336
03/11/2018,OPF,FL,ASO,ES,Federal Contract Tower,0,38,133,2,173,0,4,78,8,90,0,42,211,10,263,38,34,72,335
03/12/2018,OPF,FL,ASO,ES,Federal Contract Tower,0,37,97,6,140,0,0,34,8,42,0,37,131,14,182,50,24,74,256
03/13/2018,OPF,FL,ASO,ES,Federal Contract Tower,0,30,123,1,154,0,1,127,14,142,0,31,250,15,296,213,36,249,545
03/14/2018,OPF,FL,ASO,ES,Federal Contract Tower,0,39,140,1,180,0,0,140,14,154,0,39,280,15,334,171,3,174,508
03/15/2018,OPF,FL,ASO,ES,Federal Contract Tower,0,46,130,3,179,0,4,138,12,154,0,50,268,15,333,116,41,157,490
03/16/2018,OPF,FL,ASO,ES,Federal Contract Tower,0,34,149,4,187,0,5,144,15,164,0,39,293,19,351,135,13,148,499
03/17/2018,OPF,FL,ASO,ES,Federal Contract Tower,0,22,98,0,120,0,2,133,9,144,0,24,231,9,264,160,0,160,424
03/18/2018,OPF,FL,ASO,ES,Federal Contract Tower,0,43,111,1,155,0,5,87,6,98,0,48,198,7,253,4,0,4,257
03/19/2018,OPF,FL,ASO,ES,Federal Contract Tower,0,46,116,3,165,0,4,122,18,144,0,50,238,21,309,154,6,160,469
03/20/2018,OPF,FL,ASO,ES,Federal Contract Tower,0,31,113,7,151,0,0,114,19,133,0,31,227,26,284,140,21,161,445
03/21/2018,OPF,FL,ASO,ES,Federal Contract Tower,0,34,144,1,179,0,0,99,18,117,0,34,243,19,296,121,0,121,417
03/22/2018,OPF,FL,ASO,ES,Federal Contract Tower,0,53,176,0,229,0,1,142,16,159,0,54,318,16,388,142,0,142,530
03/23/2018,OPF,FL,ASO,ES,Federal Contract Tower,0,50,179,0,229,0,15,213,13,241,0,65,392,13,470,109,0,109,579
03/24/2018,OPF,FL,ASO,ES,Federal Contract Tower,0,33,160,0,193,0,6,155,6,167,0,39,315,6,360,104,0,104,464
03/25/2018,OPF,FL,ASO,ES,Federal Contract Tower,0,42,105,0,147,0,3,86,7,96,0,45,191,7,243,77,0,77,320
03/26/2018,OPF,FL,ASO,ES,Federal Contract Tower,0,35,148,1,184,0,1,117,17,135,0,36,265,18,319,165,5,170,489
03/27/2018,OPF,FL,ASO,ES,Federal Contract Tower,0,34,90,6,130,0,3,113,6,122,0,37,203,12,252,48,0,48,300
03/28/2018,OPF,FL,ASO,ES,Federal Contract Tower,0,48,152,3,203,0,5,143,20,168,0,53,295,23,371,174,9,183,554
03/29/2018,OPF,FL,ASO,ES,Federal Contract Tower,0,58,169,3,230,0,0,161,13,174,0,58,330,16,404,135,0,135,539
03/30/2018,OPF,FL,ASO,ES,Federal Contract Tower,0,32,147,3,182,0,4,171,19,194,0,36,318,22,376,138,6,144,520
03/31/2018,OPF,FL,ASO,ES,Federal Contract Tower,0,27,137,2,166,0,4,148,7,159,0,31,285,9,325,90,0,90,415
04/01/2018,OPF,FL,ASO,ES,Federal Contract Tower,0,50,170,0,220,0,1,91,6,98,0,51,261,6,318,14,0,14,332
04/02/2018,OPF,FL,ASO,ES,Federal Contract Tower,0,40,182,2,224,0,0,135,17,152,0,40,317,19,376,188,0,188,564
04/03/2018,OPF,FL,ASO,ES,Federal Contract Tower,0,27,129,8,164,0,4,163,15,182,0,31,292,23,346,157,0,157,503
04/04/2018,OPF,FL,ASO,ES,Federal Contract Tower,0,35,132,1,168,0,1,129,18,148,0,36,261,19,316,112,41,153,469
04/05/2018,OPF,FL,ASO,ES,Federal Contract Tower,0,50,134,5,189,0,3,122,16,141,0,53,256,21,330,63,1,64,394
04/06/2018,OPF,FL,ASO,ES,Federal Contract Tower,0,47,139,2,188,0,26,179,16,221,0,73,318,18,409,146,8,154,563
04/07/2018,OPF,FL,ASO,ES,Federal Contract Tower,0,26,130,1,157,0,198,224,6,428,0,224,354,7,585,4,0,4,589
04/08/2018,OPF,FL,ASO,ES,Federal Contract Tower,0,53,174,1,228,0,1,77,9,87,0,54,251,10,315,20,0,20,335
04/09/2018,OPF,FL,ASO,ES,Federal Contract Tower,0,30,115,3,148,0,3,84,13,100,0,33,199,16,248,139,9,148,396
04/10/2018,OPF,FL,ASO,ES,Federal Contract Tower,0,25,119,4,148,0,1,114,16,131,0,26,233,20,279,109,4,113,392
04/11/2018,OPF,FL,ASO,ES,Federal Contract Tower,0,39,138,4,181,0,1,110,15,126,0,40,248,19,307,182,16,198,505
04/12/2018,OPF,FL,ASO,ES,Federal Contract Tower,0,36,140,2,178,0,1,126,18,145,0,37,266,20,323,118,7,125,448
04/13/2018,OPF,FL,ASO,ES,Federal Contract Tower,0,31,144,5,180,0,4,152,12,168,0,35,296,17,348,175,0,175,523
04/14/2018,OPF,FL,ASO,ES,Federal Contract Tower,0,15,68,0,83,0,3,100,8,111,0,18,168,8,194,136,0,136,330
04/15/2018,OPF,FL,ASO,ES,Federal Contract Tower,0,38,106,1,145,0,2,69,7,78,0,40,175,8,223,2,12,14,237
04/16/2018,OPF,FL,ASO,ES,Federal Contract Tower,0,28,95,8,131,0,3,87,9,99,0,31,182,17,230,169,0,169,399
04/17/2018,OPF,FL,ASO,ES,Federal Contract Tower,0,39,115,7,161,0,3,124,9,136,0,42,239,16,297,138,6,144,441
04/18/2018,OPF,FL,ASO,ES,Federal Contract Tower,2,35,139,12,188,0,1,119,18,138,2,36,258,30,326,240,8,248,574
04/19/2018,OPF,FL,ASO,ES,Federal Contract Tower,0,36,162,0,198,0,2,138,16,156,0,38,300,16,354,347,10,357,711
04/20/2018,OPF,FL,ASO,ES,Federal Contract Tower,0,35,162,4,201,0,8,143,10,161,0,43,305,14,362,271,1,272,634
04/21/2018,OPF,FL,ASO,ES,Federal Contract Tower,0,24,99,0,123,0,4,158,4,166,0,28,257,4,289,146,0,146,435
04/22/2018,OPF,FL,ASO,ES,Federal Contract Tower,0,24,134,1,159,0,3,40,5,48,0,27,174,6,207,23,1,24,231
04/23/2018,OPF,FL,ASO,ES,Federal Contract Tower,0,34,95,8,137,0,2,52,10,64,0,36,147,18,201,47,18,65,266
04/24/2018,OPF,FL,ASO,ES,Federal Contract Tower,0,35,122,4,161,0,0,107,13,120,0,35,229,17,281,182,3,185,466
04/25/2018,OPF,FL,ASO,ES,Federal Contract Tower,0,43,138,6,187,0,6,118,11,135,0,49,256,17,322,113,3,116,438
04/26/2018,OPF,FL,ASO,ES,Federal Contract Tower,0,44,149,0,193,0,0,138,18,156,0,44,287,18,349,154,10,164,513
04/27/2018,OPF,FL,ASO,ES,Federal Contract Tower,0,24,139,8,171,0,2,108,6,116,0,26,247,14,287,145,0,145,432
04/28/2018,OPF,FL,ASO,ES,Federal Contract Tower,0,23,92,1,116,0,1,140,4,145,0,24,232,5,261,171,2,173,434
04/29/2018,OPF,FL,ASO,ES,Federal Contract Tower,0,39,96,1,136,0,1,120,7,128,0,40,216,8,264,113,0,113,377
04/30/2018,OPF,FL,ASO,ES,Federal Contract Tower,0,30,111,3,144,0,3,106,11,120,0,33,217,14,264,130,4,134,398
05/01/2018,OPF,FL,ASO,ES,Federal Contract Tower,0,26,136,5,167,0,4,108,17,129,0,30,244,22,296,197,11,208,504
05/02/2018,OPF,FL,ASO,ES,Federal Contract Tower,1,32,125,6,164,0,0,109,10,119,1,32,234,16,283,107,16,123,406
05/03/2018,OPF,FL,ASO,ES,Federal Contract Tower,0,32,146,4,182,0,2,115,12,129,0,34,261,16,311,47,4,51,362
05/04/2018,OPF,FL,ASO,ES,Federal Contract Tower,0,27,155,0,182,0,7,169,13,189,0,34,324,13,371,90,0,90,461
05/05/2018,OPF,FL,ASO,ES,Federal Contract Tower,0,7,62,0,69,0,0,95,8,103,0,7,157,8,172,75,0,75,247
05/06/2018,OPF,FL,ASO,ES,Federal Contract Tower,0,40,118,0,158,0,1,75,5,81,0,41,193,5,239,47,0,47,286
05/07/2018,OPF,FL,ASO,ES,Federal Contract Tower,0,21,100,3,124,0,4,111,10,125,0,25,211,13,249,156,0,156,405
05/08/2018,OPF,FL,ASO,ES,Federal Contract Tower,0,26,139,4,169,0,0,132,13,145,0,26,271,17,314,104,0,104,418
05/09/2018,OPF,FL,ASO,ES,Federal Contract Tower,2,31,141,3,177,0,1,121,13,135,2,32,262,16,312,181,6,187,499
05/10/2018,OPF,FL,ASO,ES,Federal Contract Tower,0,51,117,2,170,0,2,122,23,147,0,53,239,25,317,144,2,146,463
05/11/2018,OPF,FL,ASO,ES,Federal Contract Tower,0,40,160,4,204,0,5,165,18,188,0,45,325,22,392,205,17,222,614
05/12/2018,OPF,FL,ASO,ES,Federal Contract Tower,0,20,102,0,122,0,1,105,6,112,0,21,207,6,234,141,2,143,377
05/13/2018,OPF,FL,ASO,ES,Federal Contract Tower,0,25,81,1,107,0,0,38,4,42,0,25,119,5,149,0,0,0,149
05/14/2018,OPF,FL,ASO,ES,Federal Contract Tower,0,34,90,0,124,0,1,53,14,68,0,35,143,14,192,65,17,82,274
05/15/2018,OPF,FL,ASO,ES,Federal Contract Tower,0,14,95,10,119,0,0,76,13,89,0,14,171,23,208,190,10,200,408
05/16/2018,OPF,FL,ASO,ES,Federal Contract Tower,1,28,102,1,132,0,1,89,18,108,1,29,191,19,240,152,30,182,422
05/17/2018,OPF,FL,ASO,ES,Federal Contract Tower,0,40,125,1,166,0,0,55,16,71,0,40,180,17,237,123,0,123,360
05/18/2018,OPF,FL,ASO,ES,Federal Contract Tower,0,31,111,3,145,0,4,137,10,151,0,35,248,13,296,227,6,233,529
05/19/2018,OPF,FL,ASO,ES,Federal Contract Tower,0,18,42,0,60,0,0,30,4,34,0,18,72,4,94,0,0,0,94
05/20/2018,OPF,FL,ASO,ES,Federal Contract Tower,0,14,98,4,116,0,0,31,2,33,0,14,129,6,149,3,0,3,152
05/21/2018,OPF,FL,ASO,ES,Federal Contract Tower,0,17,102,3,122,0,1,68,12,81,0,18,170,15,203,187,23,210,413
05/22/2018,OPF,FL,ASO,ES,Federal Contract Tower,0,19,125,1,145,0,4,105,19,128,0,23,230,20,273,170,0,170,443
05/23/2018,OPF,FL,ASO,ES,Federal Contract Tower,0,23,106,0,129,0,5,101,17,123,0,28,207,17,252,329,3,332,584
05/24/2018,OPF,FL,ASO,ES,Federal Contract Tower,0,31,126,7,164,0,3,130,20,153,0,34,256,27,317,228,6,234,551
05/25/2018,OPF,FL,ASO,ES,Federal Contract Tower,0,38,136,6,180,0,3,92,13,108,0,41,228,19,288,67,0,67,355
05/26/2018,OPF,FL,ASO,ES,Federal Contract Tower,0,15,58,0,73,0,0,32,16,48,0,15,90,16,121,47,0,47,168
05/27/2018,OPF,FL,ASO,ES,Federal Contract Tower,0,10,45,2,57,0,0,9,8,17,0,10,54,10,74,0,17,17,91
05/28/2018,OPF,FL,ASO,ES,Federal Contract Tower,0,24,130,5,159,0,5,87,5,97,0,29,217,10,256,37,0,37,293
05/29/2018,OPF,FL,ASO,ES,Federal Contract Tower,0,23,108,6,137,0,1,110,15,126,0,24,218,21,263,135,6,141,404
05/30/2018,OPF,FL,ASO,ES,Federal Contract Tower,0,32,124,5,161,0,4,119,9,132,0,36,243,14,293,186,15,201,494
05/31/2018,OPF,FL,ASO,ES,Federal Contract Tower,0,24,116,7,147,0,8,99,20,127,0,32,215,27,274,137,2,139,413
06/01/2018,OPF,FL,ASO,ES,Federal Contract Tower,0,31,147,1,179,0,5,137,12,154,0,36,284,13,333,204,0,204,537
06/02/2018,OPF,FL,ASO,ES,Federal Contract Tower,0,11,71,0,82,0,2,106,6,114,0,13,177,6,196,243,0,243,439
06/03/2018,OPF,FL,ASO,ES,Federal Contract Tower,0,21,110,0,131,0,3,100,8,111,0,24,210,8,242,114,3,117,359
06/04/2018,OPF,FL,ASO,ES,Federal Contract Tower,0,26,109,2,137,0,3,107,18,128,0,29,216,20,265,240,10,250,515
06/05/2018,OPF,FL,ASO,ES,Federal Contract Tower,0,17,103,5,125,0,3,133,22,158,0,20,236,27,283,298,22,320,603
06/06/2018,OPF,FL,ASO,ES,Federal Contract Tower,0,18,111,0,129,0,2,136,24,162,0,20,247,24,291,252,2,254,545
06/07/2018,OPF,FL,ASO,ES,Federal Contract Tower,0,13,102,4,119,0,0,77,14,91,0,13,179,18,210,168,0,168,378
06/08/2018,OPF,FL,ASO,ES,Federal Contract Tower,0,28,111,2,141,0,5,111,12,128,0,33,222,14,269,267,22,289,558
06/09/2018,OPF,FL,ASO,ES,Federal Contract Tower,0,18,79,2,99,0,1,115,4,120,0,19,194,6,219,105,0,105,324
06/10/2018,OPF,FL,ASO,ES,Federal Contract Tower,0,27,98,0,125,0,4,79,7,90,0,31,177,7,215,30,2,32,247
06/11/2018,OPF,FL,ASO,ES,Federal Contract Tower,0,18,111,1,130,0,4,101,19,124,0,22,212,20,254,186,35,221,475
06/12/2018,OPF,FL,ASO,ES,Federal Contract Tower,0,26,106,10,142,0,5,124,18,147,0,31,230,28,289,196,107,303,592
06/13/2018,OPF,FL,ASO,ES,Federal Contract Tower,0,29,88,2,119,0,1,135,9,145,0,30,223,11,264,178,6,184,448
06/14/2018,OPF,FL,ASO,ES,Federal Contract Tower,0,22,111,0,133,0,2,110,12,124,0,24,221,12,257,153,0,153,410
06/15/2018,OPF,FL,ASO,ES,Federal Contract Tower,0,25,97,0,122,0,6,83,6,95,0,31,180,6,217,115,5,120,337
06/16/2018,OPF,FL,ASO,ES,Federal Contract Tower,0,12,97,1,110,0,2,127,3,132,0,14,224,4,242,123,4,127,369
06/17/2018,OPF,FL,ASO,ES,Federal Contract Tower,0,20,69,2,91,0,0,102,8,110,0,20,171,10,201,98,0,98,299
06/18/2018,OPF,FL,ASO,ES,Federal Contract Tower,0,18,103,3,124,0,3,127,16,146,0,21,230,19,270,143,0,143,413
06/19/2018,OPF,FL,ASO,ES,Federal Contract Tower,0,21,102,6,129,0,12,144,17,173,0,33,246,23,302,175,17,192,494
06/20/2018,OPF,FL,ASO,ES,Federal Contract Tower,0,18,94,4,116,0,2,152,8,162,0,20,246,12,278,193,16,209,487
06/21/2018,OPF,FL,ASO,ES,Federal Contract Tower,1,19,103,1,124,0,3,114,13,130,1,22,217,14,254,96,16,112,366
06/22/2018,OPF,FL,ASO,ES,Federal Contract Tower,0,24,103,7,134,0,3,145,9,157,0,27,248,16,291,155,25,180,471
06/23/2018,OPF,FL,ASO,ES,Federal Contract Tower,0,10,78,0,88,0,2,112,10,124,0,12,190,10,212,107,0,107,319
06/24/2018,OPF,FL,ASO,ES,Federal Contract Tower,1,14,93,2,110,0,0,91,5,96,1,14,184,7,206,75,0,75,281
06/25/2018,OPF,FL,ASO,ES,Federal Contract Tower,0,18,80,0,98,0,2,145,13,160,0,20,225,13,258,155,0,155,413
06/26/2018,OPF,FL,ASO,ES,Federal Contract Tower,0,14,91,6,111,0,1,113,11,125,0,15,204,17,236,193,4,197,433
06/27/2018,OPF,FL,ASO,ES,Federal Contract Tower,0,18,106,0,124,0,0,85,8,93,0,18,191,8,217,93,2,95,312
06/28/2018,OPF,FL,ASO,ES,Federal Contract Tower,0,20,119,4,143,0,0,124,15,139,0,20,243,19,282,187,6,193,475
06/29/2018,OPF,FL,ASO,ES,Federal Contract Tower,0,20,104,1,125,0,5,115,8,128,0,25,219,9,253,128,0,128,381
06/30/2018,OPF,FL,ASO,ES,Federal Contract Tower,0,15,91,3,109,0,1,114,5,120,0,16,205,8,229,80,0,80,309
07/01/2018,OPF,FL,ASO,ES,Federal Contract Tower,1,13,97,0,111,0,1,109,6,116,1,14,206,6,227,91,0,91,318
07/02/2018,OPF,FL,ASO,ES,Federal Contract Tower,0,25,89,0,114,0,2,111,14,127,0,27,200,14,241,138,0,138,379
07/03/2018,OPF,FL,ASO,ES,Federal Contract Tower,0,23,109,0,132,0,1,173,8,182,0,24,282,8,314,153,0,153,467
07/04/2018,OPF,FL,ASO,ES,Federal Contract Tower,0,8,65,0,73,0,1,128,3,132,0,9,193,3,205,127,3,130,335
07/05/2018,OPF,FL,ASO,ES,Federal Contract Tower,0,21,75,0,96,0,2,120,17,139,0,23,195,17,235,142,47,189,424
07/06/2018,OPF,FL,ASO,ES,Federal Contract Tower,1,24,102,3,130,0,6,155,15,176,1,30,257,18,306,158,17,175,481
07/07/2018,OPF,FL,ASO,ES,Federal Contract Tower,0,7,99,1,107,0,2,136,5,143,0,9,235,6,250,114,0,114,364
07/08/2018,OPF,FL,ASO,ES,Federal Contract Tower,0,23,90,0,113,0,6,115,3,124,0,29,205,3,237,47,2,49,286
07/09/2018,OPF,FL,ASO,ES,Federal Contract Tower,0,17,81,1,99,0,2,157,11,170,0,19,238,12,269,107,22,129,398
07/10/2018,OPF,FL,ASO,ES,Federal Contract Tower,1,9,68,3,81,0,1,108,7,116,1,10,176,10,197,76,20,96,293
07/11/2018,OPF,FL,ASO,ES,Federal Contract Tower,0,19,92,0,111,0,2,131,9,142,0,21,223,9,253,121,47,168,421
07/12/2018,OPF,FL,ASO,ES,Federal Contract Tower,0,23,100,2,125,0,0,114,17,131,0,23,214,19,256,216,34,250,506
07/13/2018,OPF,FL,ASO,ES,Federal Contract Tower,0,29,99,4,132,0,6,159,8,173,0,35,258,12,305,107,14,121,426
07/14/2018,OPF,FL,ASO,ES,Federal Contract Tower,0,16,86,0,102,0,1,151,5,157,0,17,237,5,259,141,0,141,400
07/15/2018,OPF,FL,ASO,ES,Federal Contract Tower,0,16,74,0,90,0,1,111,5,117,0,17,185,5,207,133,0,133,340
07/16/2018,OPF,FL,ASO,ES,Federal Contract Tower,2,28,74,1,105,0,8,87,12,107,2,36,161,13,212,161,0,161,373
07/17/2018,OPF,FL,ASO,ES,Federal Contract Tower,0,21,121,8,150,0,0,134,22,156,0,21,255,30,306,125,0,125,431
07/18/2018,OPF,FL,ASO,ES,Federal Contract Tower,0,20,117,1,138,0,3,98,14,115,0,23,215,15,253,62,14,76,329
07/19/2018,OPF,FL,ASO,ES,Federal Contract Tower,1,18,117,2,138,0,3,146,7,156,1,21,263,9,294,160,0,160,454
07/20/2018,OPF,FL,ASO,ES,Federal Contract Tower,0,22,113,1,136,0,3,129,15,147,0,25,242,16,283,138,35,173,456
07/21/2018,OPF,FL,ASO,ES,Federal Contract Tower,0,11,84,0,95,0,0,122,4,126,0,11,206,4,221,146,0,146,367
07/22/2018,OPF,FL,ASO,ES,Federal Contract Tower,1,16,103,4,124,0,5,91,6,102,1,21,194,10,226,55,0,55,281
07/23/2018,OPF,FL,ASO,ES,Federal Contract Tower,0,19,106,2,127,0,3,100,15,118,0,22,206,17,245,83,7,90,335
07/24/2018,OPF,FL,ASO,ES,Federal Contract Tower,0,16,84,2,102,0,6,91,13,110,0,22,175,15,212,163,2,165,377
07/25/2018,OPF,FL,ASO,ES,Federal Contract Tower,0,30,101,7,138,0,5,85,19,109,0,35,186,26,247,174,52,226,473
07/26/2018,OPF,FL,ASO,ES,Federal Contract Tower,1,16,118,0,135,0,3,129,19,151,1,19,247,19,286,148,16,164,450
07/27/2018,OPF,FL,ASO,ES,Federal Contract Tower,0,17,117,0,134,0,4,113,12,129,0,21,230,12,263,227,28,255,518
07/28/2018,OPF,FL,ASO,ES,Federal Contract Tower,0,14,74,0,88,0,1,77,4,82,0,15,151,4,170,115,0,115,285
07/29/2018,OPF,FL,ASO,ES,Federal Contract Tower,0,14,92,0,106,0,0,76,5,81,0,14,168,5,187,82,8,90,277
07/30/2018,OPF,FL,ASO,ES,Federal Contract Tower,0,26,101,6,133,0,2,78,9,89,0,28,179,15,222,120,25,145,367
07/31/2018,OPF,FL,ASO,ES,Federal Contract Tower,0,15,136,0,151,0,3,140,17,160,0,18,276,17,311,223,63,286,597
08/01/2018,OPF,FL,ASO,ES,Federal Contract Tower,0,20,109,5,134,0,1,130,12,143,0,21,239,17,277,113,20,133,410
08/02/2018,OPF,FL,ASO,ES,Federal Contract Tower,1,22,96,2,121,0,0,163,13,176,1,22,259,15,297,142,2,144,441
08/03/2018,OPF,FL,ASO,ES,Federal Contract Tower,0,19,128,6,153,0,3,171,6,180,0,22,299,12,333,119,28,147,480
08/04/2018,OPF,FL,ASO,ES,Federal Contract Tower,0,3,98,6,107,0,1,140,7,148,0,4,238,13,255,118,8,126,381
08/05/2018,OPF,FL,ASO,ES,Federal Contract Tower,0,15,93,1,109,0,2,109,11,122,0,17,202,12,231,72,6,78,309
08/06/2018,OPF,FL,ASO,ES,Federal Contract Tower,3,24,123,1,151,0,4,132,25,161,3,28,255,26,312,122,4,126,438
08/07/2018,OPF,FL,ASO,ES,Federal Contract Tower,0,15,110,3,128,0,7,125,17,149,0,22,235,20,277,138,0,138,415
08/08/2018,OPF,FL,ASO,ES,Federal Contract Tower,0,29,104,5,138,0,7,157,10,174,0,36,261,15,312,115,23,138,450
08/09/2018,OPF,FL,ASO,ES,Federal Contract Tower,0,20,105,2,127,0,1,84,12,97,0,21,189,14,224,164,3,167,391
08/10/2018,OPF,FL,ASO,ES,Federal Contract Tower,0,14,96,4,114,0,2,133,9,144,0,16,229,13,258,166,33,199,457
08/11/2018,OPF,FL,ASO,ES,Federal Contract Tower,0,7,58,7,72,0,0,120,5,125,0,7,178,12,197,94,0,94,291
08/12/2018,OPF,FL,ASO,ES,Federal Contract Tower,1,22,95,0,118,0,5,88,7,100,1,27,183,7,218,55,0,55,273
08/13/2018,OPF,FL,ASO,ES,Federal Contract Tower,0,19,128,4,151,0,5,157,13,175,0,24,285,17,326,148,14,162,488
08/14/2018,OPF,FL,ASO,ES,Federal Contract Tower,1,22,106,3,132,0,5,100,7,112,1,27,206,10,244,188,18,206,450
08/15/2018,OPF,FL,ASO,ES,Federal Contract Tower,0,26,116,12,154,0,12,172,17,201,0,38,288,29,355,198,17,215,570
08/16/2018,OPF,FL,ASO,ES,Federal Contract Tower,0,14,113,0,127,0,5,155,13,173,0,19,268,13,300,140,3,143,443
08/17/2018,OPF,FL,ASO,ES,Federal Contract Tower,0,19,117,3,139,0,4,167,12,183,0,23,284,15,322,134,17,151,473
08/18/2018,OPF,FL,ASO,ES,Federal Contract Tower,0,21,64,1,86,0,7,124,4,135,0,28,188,5,221,147,8,155,376
08/19/2018,OPF,FL,ASO,ES,Federal Contract Tower,1,18,115,0,134,0,1,108,6,115,1,19,223,6,249,39,0,39,288
08/20/2018,OPF,FL,ASO,ES,Federal Contract Tower,0,25,89,7,121,0,3,100,15,118,0,28,189,22,239,91,13,104,343
08/21/2018,OPF,FL,ASO,ES,Federal Contract Tower,0,21,98,7,126,0,2,134,17,153,0,23,232,24,279,152,34,186,465
08/22/2018,OPF,FL,ASO,ES,Federal Contract Tower,1,23,91,3,118,0,9,137,18,164,1,32,228,21,282,247,6,253,535
08/23/2018,OPF,FL,ASO,ES,Federal Contract Tower,0,15,105,2,122,0,2,110,19,131,0,17,215,21,253,94,0,94,347
08/24/2018,OPF,FL,ASO,ES,Federal Contract Tower,2,27,86,0,115,0,5,115,14,134,2,32,201,14,249,157,0,157,406
08/25/2018,OPF,FL,ASO,ES,Federal Contract Tower,0,11,46,0,57,0,3,57,8,68,0,14,103,8,125,64,0,64,189
08/26/2018,OPF,FL,ASO,ES,Federal Contract Tower,1,20,87,3,111,0,2,102,9,113,1,22,189,12,224,78,10,88,312
08/27/2018,OPF,FL,ASO,ES,Federal Contract Tower,0,11,104,2,117,0,4,153,13,170,0,15,257,15,287,169,0,169,456
08/28/2018,OPF,FL,ASO,ES,Federal Contract Tower,0,28,101,3,132,0,11,109,11,131,0,39,210,14,263,175,18,193,456
08/29/2018,OPF,FL,ASO,ES,Federal Contract Tower,0,20,94,0,114,0,3,120,6,129,0,23,214,6,243,198,0,198,441
08/30/2018,OPF,FL,ASO,ES,Federal Contract Tower,0,15,102,5,122,0,5,117,13,135,0,20,219,18,257,108,10,118,375
08/31/2018,OPF,FL,ASO,ES,Federal Contract Tower,0,25,148,8,181,0,5,140,13,158,0,30,288,21,339,126,15,141,480
09/01/2018,OPF,FL,ASO,ES,Federal Contract Tower,2,12,80,2,96,0,3,126,7,136,2,15,206,9,232,122,0,122,354
09/02/2018,OPF,FL,ASO,ES,Federal Contract Tower,0,12,66,1,79,0,3,50,5,58,0,15,116,6,137,12,6,18,155
09/03/2018,OPF,FL,ASO,ES,Federal Contract Tower,0,28,80,0,108,0,0,18,2,20,0,28,98,2,128,0,0,0,128
09/04/2018,OPF,FL,ASO,ES,Federal Contract Tower,0,28,118,4,150,0,4,128,17,149,0,32,246,21,299,124,3,127,426
09/05/2018,OPF,FL,ASO,ES,Federal Contract Tower,1,29,95,6,131,0,2,103,18,123,1,31,198,24,254,206,4,210,464
09/06/2018,OPF,FL,ASO,ES,Federal Contract Tower,2,18,93,8,121,0,5,157,24,186,2,23,250,32,307,182,23,205,512
09/07/2018,OPF,FL,ASO,ES,Federal Contract Tower,1,27,115,1,144,0,4,114,7,125,1,31,229,8,269,51,0,51,320
09/08/2018,OPF,FL,ASO,ES,Federal Contract Tower,0,19,59,1,79,0,1,66,6,73,0,20,125,7,152,79,0,79,231
09/09/2018,OPF,FL,ASO,ES,Federal Contract Tower,0,17,78,0,95,0,2,77,6,85,0,19,155,6,180,63,0,63,243
09/10/2018,OPF,FL,ASO,ES,Federal Contract Tower,0,27,120,14,161,0,3,158,18,179,0,30,278,32,340,144,9,153,493
09/11/2018,OPF,FL,ASO,ES,Federal Contract Tower,3,23,119,4,149,0,4,174,10,188,3,27,293,14,337,210,0,210,547
09/12/2018,OPF,FL,ASO,ES,Federal Contract Tower,0,26,91,2,119,0,3,152,15,170,0,29,243,17,289,228,0,228,517
09/13/2018,OPF,FL,ASO,ES,Federal Contract Tower,1,25,116,2,144,0,4,140,12,156,1,29,256,14,300,169,7,176,476
09/14/2018,OPF,FL,ASO,ES,Federal Contract Tower,0,18,82,0,100,0,5,99,11,115,0,23,181,11,215,105,6,111,326
09/15/2018,OPF,FL,ASO,ES,Federal Contract Tower,0,14,69,0,83,0,1,114,6,121,0,15,183,6,204,170,0,170,374
09/16/2018,OPF,FL,ASO,ES,Federal Contract Tower,0,24,86,2,112,0,3,87,3,93,0,27,173,5,205,36,11,47,252
09/17/2018,OPF,FL,ASO,ES,Federal Contract Tower,0,18,85,5,108,0,0,115,7,122,0,18,200,12,230,145,10,155,385
09/18/2018,OPF,FL,ASO,ES,Federal Contract Tower,0,17,90,2,109,0,12,150,8,170,0,29,240,10,279,231,2,233,512
09/19/2018,OPF,FL,ASO,ES,Federal Contract Tower,0,24,105,10,139,0,4,145,5,154,0,28,250,15,293,139,10,149,442
09/20/2018,OPF,FL,ASO,ES,Federal Contract Tower,0,18,139,4,161,0,2,137,12,151,0,20,276,16,312,227,0,227,539
09/21/2018,OPF,FL,ASO,ES,Federal Contract Tower,0,17,122,2,141,0,2,129,9,140,0,19,251,11,281,207,0,207,488
09/22/2018,OPF,FL,ASO,ES,Federal Contract Tower,0,19,88,0,107,0,3,146,5,154,0,22,234,5,261,149,7,156,417
09/23/2018,OPF,FL,ASO,ES,Federal Contract Tower,0,15,103,3,121,0,3,124,5,132,0,18,227,8,253,59,0,59,312
09/24/2018,OPF,FL,ASO,ES,Federal Contract Tower,1,24,113,7,145,0,1,132,8,141,1,25,245,15,286,144,0,144,430
09/25/2018,OPF,FL,ASO,ES,Federal Contract Tower,0,17,128,5,150,0,4,160,16,180,0,21,288,21,330,172,0,172,502
09/26/2018,OPF,FL,ASO,ES,Federal Contract Tower,0,29,123,4,156,0,2,175,11,188,0,31,298,15,344,244,0,244,588
09/27/2018,OPF,FL,ASO,ES,Federal Contract Tower,0,12,120,1,133,0,4,146,13,163,0,16,266,14,296,189,0,189,485
09/28/2018,OPF,FL,ASO,ES,Federal Contract Tower,0,19,131,5,155,0,4,138,12,154,0,23,269,17,309,162,6,168,477
09/29/2018,OPF,FL,ASO,ES,Federal Contract Tower,0,18,101,2,121,0,1,122,5,128,0,19,223,7,249,89,0,89,338
09/30/2018,OPF,FL,ASO,ES,Federal Contract Tower,0,22,110,1,133,0,2,88,4,94,0,24,198,5,227,48,4,52,279
10/01/2018,OPF,FL,ASO,ES,Federal Contract Tower,0,21,90,5,116,0,2,130,13,145,0,23,220,18,261,137,8,145,406
10/02/2018,OPF,FL,ASO,ES,Federal Contract Tower,0,24,113,11,148,0,2,150,13,165,0,26,263,24,313,217,76,293,606
10/03/2018,OPF,FL,ASO,ES,Federal Contract Tower,3,24,105,6,138,0,5,136,14,155,3,29,241,20,293,217,0,217,510
10/04/2018,OPF,FL,ASO,ES,Federal Contract Tower,0,16,95,2,113,0,6,114,18,138,0,22,209,20,251,191,28,219,470
10/05/2018,OPF,FL,ASO,ES,Federal Contract Tower,0,27,138,0,165,0,26,139,5,170,0,53,277,5,335,212,0,212,547
10/06/2018,OPF,FL,ASO,ES,Federal Contract Tower,0,15,75,2,92,0,0,95,5,100,0,15,170,7,192,109,0,109,301
10/07/2018,OPF,FL,ASO,ES,Federal Contract Tower,0,23,100,1,124,0,1,124,6,131,0,24,224,7,255,74,11,85,340
10/08/2018,OPF,FL,ASO,ES,Federal Contract Tower,0,30,103,3,136,0,0,94,1,95,0,30,197,4,231,38,3,41,272
10/09/2018,OPF,FL,ASO,ES,Federal Contract Tower,0,12,119,0,131,0,6,134,11,151,0,18,253,11,282,220,2,222,504
10/10/2018,OPF,FL,ASO,ES,Federal Contract Tower,2,24,95,7,128,0,10,134,15,159,2,34,229,22,287,147,46,193,480
10/11/2018,OPF,FL,ASO,ES,Federal Contract Tower,0,14,108,2,124,0,2,111,15,128,0,16,219,17,252,176,16,192,444
10/12/2018,OPF,FL,ASO,ES,Federal Contract Tower,1,31,128,5,165,0,2,119,8,129,1,33,247,13,294,109,30,139,433
10/13/2018,OPF,FL,ASO,ES,Federal Contract Tower,0,16,77,1,94,0,0,135,5,140,0,16,212,6,234,148,0,148,382
10/14/2018,OPF,FL,ASO,ES,Federal Contract Tower,0,29,124,0,153,0,5,97,4,106,0,34,221,4,259,90,0,90,349
10/15/2018,OPF,FL,ASO,ES,Federal Contract Tower,0,22,132,3,157,0,0,147,11,158,0,22,279,14,315,165,22,187,502
10/16/2018,OPF,FL,ASO,ES,Federal Contract Tower,0,24,144,6,174,0,5,132,16,153,0,29,276,22,327,126,10,136,463
10/17/2018,OPF,FL,ASO,ES,Federal Contract Tower,0,27,152,7,186,0,5,148,19,172,0,32,300,26,358,191,3,194,552
10/18/2018,OPF,FL,ASO,ES,Federal Contract Tower,1,31,134,1,167,0,1,146,6,153,1,32,280,7,320,201,0,201,521
10/19/2018,OPF,FL,ASO,ES,Federal Contract Tower,0,30,146,3,179,0,4,162,9,175,0,34,308,12,354,211,14,225,579
10/20/2018,OPF,FL,ASO,ES,Federal Contract Tower,0,11,100,0,111,0,1,152,3,156,0,12,252,3,267,204,0,204,471
10/21/2018,OPF,FL,ASO,ES,Federal Contract Tower,0,20,133,0,153,0,2,93,8,103,0,22,226,8,256,60,0,60,316
10/22/2018,OPF,FL,ASO,ES,Federal Contract Tower,0,21,87,8,116,0,7,104,11,122,0,28,191,19,238,131,16,147,385
10/23/2018,OPF,FL,ASO,ES,Federal Contract Tower,0,15,126,7,148,0,4,128,19,151,0,19,254,26,299,249,13,262,561
10/24/2018,OPF,FL,ASO,ES,Federal Contract Tower,0,33,101,5,139,0,3,131,27,161,0,36,232,32,300,203,0,203,503
10/25/2018,OPF,FL,ASO,ES,Federal Contract Tower,0,33,138,1,172,0,6,155,14,175,0,39,293,15,347,133,5,138,485
10/26/2018,OPF,FL,ASO,ES,Federal Contract Tower,2,29,127,3,161,0,1,129,14,144,2,30,256,17,305,218,11,229,534
10/27/2018,OPF,FL,ASO,ES,Federal Contract Tower,0,20,106,1,127,0,1,118,6,125,0,21,224,7,252,102,0,102,354
10/28/2018,OPF,FL,ASO,ES,Federal Contract Tower,0,29,105,0,134,0,3,104,6,113,0,32,209,6,247,51,0,51,298
10/29/2018,OPF,FL,ASO,ES,Federal Contract Tower,1,20,109,16,146,0,2,145,8,155,1,22,254,24,301,158,1,159,460
10/30/2018,OPF,FL,ASO,ES,Federal Contract Tower,0,23,112,3,138,0,4,145,14,163,0,27,257,17,301,255,0,255,556
10/31/2018,OPF,FL,ASO,ES,Federal Contract Tower,0,19,109,1,129,0,5,134,5,144,0,24,243,6,273,182,0,182,455
11/01/2018,OPF,FL,ASO,ES,Federal Contract Tower,1,22,139,1,163,0,5,124,10,139,1,27,263,11,302,122,15,137,439
11/02/2018,OPF,FL,ASO,ES,Federal Contract Tower,1,41,144,4,190,0,6,136,14,156,1,47,280,18,346,149,32,181,527
11/03/2018,OPF,FL,ASO,ES,Federal Contract Tower,1,11,107,0,119,0,0,95,10,105,1,11,202,10,224,184,3,187,411
11/04/2018,OPF,FL,ASO,ES,Federal Contract Tower,0,45,129,2,176,0,0,109,10,119,0,45,238,12,295,189,0,189,484
11/05/2018,OPF,FL,ASO,ES,Federal Contract Tower,0,33,114,2,149,0,0,121,14,135,0,33,235,16,284,290,18,308,592
11/06/2018,OPF,FL,ASO,ES,Federal Contract Tower,0,21,109,0,130,0,5,108,17,130,0,26,217,17,260,307,4,311,571
11/07/2018,OPF,FL,ASO,ES,Federal Contract Tower,0,37,119,2,158,0,2,118,15,135,0,39,237,17,293,210,0,210,503
11/08/2018,OPF,FL,ASO,ES,Federal Contract Tower,0,49,132,1,182,0,1,120,13,134,0,50,252,14,316,190,0,190,506
11/09/2018,OPF,FL,ASO,ES,Federal Contract Tower,1,35,140,4,180,0,7,148,17,172,1,42,288,21,352,291,27,318,670
11/10/2018,OPF,FL,ASO,ES,Federal Contract Tower,0,31,97,7,135,0,2,130,8,140,0,33,227,15,275,131,1,132,407
11/11/2018,OPF,FL,ASO,ES,Federal Contract Tower,0,25,108,1,134,0,2,108,3,113,0,27,216,4,247,79,0,79,326
11/12/2018,OPF,FL,ASO,ES,Federal Contract Tower,0,31,122,5,158,0,5,133,6,144,0,36,255,11,302,144,0,144,446
11/13/2018,OPF,FL,ASO,ES,Federal Contract Tower,0,16,134,5,155,0,2,114,15,131,0,18,248,20,286,133,3,136,422
11/14/2018,OPF,FL,ASO,ES,Federal Contract Tower,0,25,141,8,174,0,7,143,15,165,0,32,284,23,339,255,4,259,598
11/15/2018,OPF,FL,ASO,ES,Federal Contract Tower,0,37,189,3,229,0,4,124,19,147,0,41,313,22,376,90,30,120,496
11/16/2018,OPF,FL,ASO,ES,Federal Contract Tower,0,37,193,1,231,0,3,151,12,166,0,40,344,13,397,132,2,134,531
11/17/2018,OPF,FL,ASO,ES,Federal Contract Tower,0,20,90,1,111,0,0,116,7,123,0,20,206,8,234,103,7,110,344
11/18/2018,OPF,FL,ASO,ES,Federal Contract Tower,0,29,165,1,195,0,2,136,6,144,0,31,301,7,339,132,2,134,473
11/19/2018,OPF,FL,ASO,ES,Federal Contract Tower,0,39,173,5,217,0,4,153,13,170,0,43,326,18,387,170,31,201,588
11/20/2018,OPF,FL,ASO,ES,Federal Contract Tower,0,44,141,3,188,0,4,125,12,141,0,48,266,15,329,141,0,141,470
11/21/2018,OPF,FL,ASO,ES,Federal Contract Tower,0,57,160,16,233,0,10,157,9,176,0,67,317,25,409,154,8,162,571
11/22/2018,OPF,FL,ASO,ES,Federal Contract Tower,0,26,69,0,95,0,4,79,2,85,0,30,148,2,180,70,0,70,250
11/23/2018,OPF,FL,ASO,ES,Federal Contract Tower,1,27,120,1,149,0,2,144,6,152,1,29,264,7,301,197,0,197,498
11/24/2018,OPF,FL,ASO,ES,Federal Contract Tower,0,33,93,0,126,0,5,115,5,125,0,38,208,5,251,53,0,53,304
11/25/2018,OPF,FL,ASO,ES,Federal Contract Tower,0,73,211,0,284,0,5,125,6,136,0,78,336,6,420,112,0,112,532
11/26/2018,OPF,FL,ASO,ES,Federal Contract Tower,0,36,161,8,205,0,3,129,14,146,0,39,290,22,351,136,9,145,496
11/27/2018,OPF,FL,ASO,ES,Federal Contract Tower,0,40,142,11,193,0,6,89,16,111,0,46,231,27,304,153,19,172,476
11/28/2018,OPF,FL,ASO,ES,Federal Contract Tower,0,41,128,5,174,0,4,119,16,139,0,45,247,21,313,117,29,146,459
11/29/2018,OPF,FL,ASO,ES,Federal Contract Tower,0,32,130,2,164,0,4,156,12,172,0,36,286,14,336,156,0,156,492
11/30/2018,OPF,FL,ASO,ES,Federal Contract Tower,0,34,129,4,167,0,5,147,9,161,0,39,276,13,328,258,29,287,615
12/01/2018,OPF,FL,ASO,ES,Federal Contract Tower,0,9,87,1,97,0,1,109,5,115,0,10,196,6,212,73,0,73,285
12/02/2018,OPF,FL,ASO,ES,Federal Contract Tower,0,21,127,1,149,0,1,78,5,84,0,22,205,6,233,76,0,76,309
12/03/2018,OPF,FL,ASO,ES,Federal Contract Tower,1,33,131,11,176,0,1,138,17,156,1,34,269,28,332,131,49,180,512
12/04/2018,OPF,FL,ASO,ES,Federal Contract Tower,0,59,175,5,239,0,3,117,11,131,0,62,292,16,370,171,15,186,556
12/05/2018,OPF,FL,ASO,ES,Federal Contract Tower,0,66,171,2,239,0,5,154,5,164,0,71,325,7,403,136,21,157,560
12/06/2018,OPF,FL,ASO,ES,Federal Contract Tower,0,63,172,4,239,0,2,117,10,129,0,65,289,14,368,200,6,206,574
12/07/2018,OPF,FL,ASO,ES,Federal Contract Tower,0,75,159,0,234,0,13,137,9,159,0,88,296,9,393,103,0,103,496
12/08/2018,OPF,FL,ASO,ES,Federal Contract Tower,0,49,136,1,186,0,3,133,1,137,0,52,269,2,323,162,0,162,485
12/09/2018,OPF,FL,ASO,ES,Federal Contract Tower,0,64,167,0,231,0,4,99,7,110,0,68,266,7,341,75,0,75,416
12/10/2018,OPF,FL,ASO,ES,Federal Contract Tower,0,46,208,4,258,0,2,139,13,154,0,48,347,17,412,170,73,243,655
12/11/2018,OPF,FL,ASO,ES,Federal Contract Tower,0,46,138,7,191,0,2,143,15,160,0,48,281,22,351,49,0,49,400
12/12/2018,OPF,FL,ASO,ES,Federal Contract Tower,1,29,132,5,167,0,7,137,12,156,1,36,269,17,323,156,15,171,494
12/13/2018,OPF,FL,ASO,ES,Federal Contract Tower,0,39,150,1,190,0,3,147,15,165,0,42,297,16,355,256,12,268,623
12/14/2018,OPF,FL,ASO,ES,Federal Contract Tower,1,38,140,4,183,0,4,126,11,141,1,42,266,15,324,112,2,114,438
12/15/2018,OPF,FL,ASO,ES,Federal Contract Tower,0,20,85,0,105,0,1,53,10,64,0,21,138,10,169,90,0,90,259
12/16/2018,OPF,FL,ASO,ES,Federal Contract Tower,1,35,123,1,160,0,3,134,9,146,1,38,257,10,306,182,0,182,488
12/17/2018,OPF,FL,ASO,ES,Federal Contract Tower,0,34,134,4,172,0,3,135,8,146,0,37,269,12,318,172,22,194,512
12/18/2018,OPF,FL,ASO,ES,Federal Contract Tower,1,25,119,2,147,0,4,152,0,156,1,29,271,2,303,220,0,220,523
12/19/2018,OPF,FL,ASO,ES,Federal Contract Tower,3,42,128,6,179,0,8,135,9,152,3,50,263,15,331,144,0,144,475
12/20/2018,OPF,FL,ASO,ES,Federal Contract Tower,0,29,104,0,133,0,4,48,8,60,0,33,152,8,193,28,0,28,221
12/21/2018,OPF,FL,ASO,ES,Federal Contract Tower,0,59,125,1,185,0,3,59,7,69,0,62,184,8,254,37,0,37,291
12/22/2018,OPF,FL,ASO,ES,Federal Contract Tower,0,43,165,2,210,0,5,152,6,163,0,48,317,8,373,117,0,117,490
12/23/2018,OPF,FL,ASO,ES,Federal Contract Tower,0,37,82,2,121,0,7,95,9,111,0,44,177,11,232,82,0,82,314
12/24/2018,OPF,FL,ASO,ES,Federal Contract Tower,0,27,64,1,92,0,0,86,3,89,0,27,150,4,181,111,0,111,292
12/25/2018,OPF,FL,ASO,ES,Federal Contract Tower,0,37,38,2,77,0,5,53,4,62,0,42,91,6,139,29,0,29,168
12/26/2018,OPF,FL,ASO,ES,Federal Contract Tower,0,45,170,1,216,0,1,85,8,94,0,46,255,9,310,62,0,62,372
12/27/2018,OPF,FL,ASO,ES,Federal Contract Tower,0,50,202,1,253,0,5,131,4,140,0,55,333,5,393,42,7,49,442
12/28/2018,OPF,FL,ASO,ES,Federal Contract Tower,2,50,151,0,203,0,6,107,8,121,2,56,258,8,324,58,0,58,382
12/29/2018,OPF,FL,ASO,ES,Federal Contract Tower,0,47,178,1,226,0,0,132,2,134,0,47,310,3,360,80,0,80,440
12/30/2018,OPF,FL,ASO,ES,Federal Contract Tower,0,43,173,2,218,0,3,143,8,154,0,46,316,10,372,35,0,35,407
12/31/2018,OPF,FL,ASO,ES,Federal Contract Tower,0,28,101,1,130,0,2,100,8,110,0,30,201,9,240,66,6,72,312
01/01/2019,OPF,FL,ASO,ES,Federal Contract Tower,1,45,130,1,177,0,5,92,1,98,1,50,222,2,275,0,0,0,275
01/02/2019,OPF,FL,ASO,ES,Federal Contract Tower,1,65,184,2,252,0,3,182,7,192,1,68,366,9,444,135,0,135,579
01/03/2019,OPF,FL,ASO,ES,Federal Contract Tower,0,32,162,1,195,0,7,159,5,171,0,39,321,6,366,154,33,187,553
01/04/2019,OPF,FL,ASO,ES,Federal Contract Tower,1,38,141,0,180,0,3,98,13,114,1,41,239,13,294,163,4,167,461
01/05/2019,OPF,FL,ASO,ES,Federal Contract Tower,0,54,174,1,229,0,0,92,2,94,0,54,266,3,323,181,11,192,515
01/06/2019,OPF,FL,ASO,ES,Federal Contract Tower,0,51,173,8,232,0,0,80,3,83,0,51,253,11,315,133,16,149,464
01/07/2019,OPF,FL,ASO,ES,Federal Contract Tower,2,47,156,1,206,0,6,134,4,144,2,53,290,5,350,193,1,194,544
01/08/2019,OPF,FL,ASO,ES,Federal Contract Tower,0,33,129,2,164,0,0,136,1,137,0,33,265,3,301,194,0,194,495
01/09/2019,OPF,FL,ASO,ES,Federal Contract Tower,0,30,127,3,160,0,2,144,14,160,0,32,271,17,320,193,5,198,518
01/10/2019,OPF,FL,ASO,ES,Federal Contract Tower,0,30,116,5,151,0,1,145,16,162,0,31,261,21,313,158,18,176,489
01/11/2019,OPF,FL,ASO,ES,Federal Contract Tower,0,51,142,7,200,0,8,122,3,133,0,59,264,10,333,137,57,194,527
01/12/2019,OPF,FL,ASO,ES,Federal Contract Tower,0,30,113,3,146,0,1,145,2,148,0,31,258,5,294,80,0,80,374
01/13/2019,OPF,FL,ASO,ES,Federal Contract Tower,0,37,147,1,185,0,0,94,6,100,0,37,241,7,285,134,0,134,419
01/14/2019,OPF,FL,ASO,ES,Federal Contract Tower,1,21,153,3,178,0,0,82,4,86,1,21,235,7,264,170,15,185,449
01/15/2019,OPF,FL,ASO,ES,Federal Contract Tower,1,30,116,0,147,0,3,125,11,139,1,33,241,11,286,109,20,129,415
01/16/2019,OPF,FL,ASO,ES,Federal Contract Tower,0,27,141,0,168,0,1,129,13,143,0,28,270,13,311,190,7,197,508
01/17/2019,OPF,FL,ASO,ES,Federal Contract Tower,0,53,143,2,198,0,10,156,9,175,0,63,299,11,373,150,4,154,527
01/18/2019,OPF,FL,ASO,ES,Federal Contract Tower,1,49,159,1,210,0,13,144,3,160,1,62,303,4,370,215,12,227,597
01/19/2019,OPF,FL,ASO,ES,Federal Contract Tower,0,20,95,0,115,0,1,145,5,151,0,21,240,5,266,217,9,226,492
01/20/2019,OPF,FL,ASO,ES,Federal Contract Tower,0,16,92,7,115,0,3,56,0,59,0,19,148,7,174,24,0,24,198
01/21/2019,OPF,FL,ASO,ES,Federal Contract Tower,1,60,160,3,224,0,4,114,3,121,1,64,274,6,345,165,0,165,510
01/22/2019,OPF,FL,ASO,ES,Federal Contract Tower,1,32,96,4,133,0,0,84,11,95,1,32,180,15,228,72,0,72,300
01/23/2019,OPF,FL,ASO,ES,Federal Contract Tower,0,41,135,8,184,0,5,79,15,99,0,46,214,23,283,50,42,92,375
01/24/2019,OPF,FL,ASO,ES,Federal Contract Tower,0,38,104,1,143,0,0,58,11,69,0,38,162,12,212,117,1,118,330
01/25/2019,OPF,FL,ASO,ES,Federal Contract Tower,0,37,144,4,185,0,2,159,4,165,0,39,303,8,350,209,24,233,583
01/26/2019,OPF,FL,ASO,ES,Federal Contract Tower,0,26,94,4,124,0,0,15,1,16,0,26,109,5,140,0,0,0,140
01/27/2019,OPF,FL,ASO,ES,Federal Contract Tower,0,57,130,2,189,0,0,27,4,31,0,57,157,6,220,108,10,118,338
01/28/2019,OPF,FL,ASO,ES,Federal Contract Tower,0,38,149,7,194,0,1,104,0,105,0,39,253,7,299,26,79,105,404
01/29/2019,OPF,FL,ASO,ES,Federal Contract Tower,0,29,149,15,193,0,2,166,8,176,0,31,315,23,369,239,12,251,620
01/30/2019,OPF,FL,ASO,ES,Federal Contract Tower,0,41,153,1,195,0,4,127,9,140,0,45,280,10,335,181,33,214,549
01/31/2019,OPF,FL,ASO,ES,Federal Contract Tower,0,39,174,0,213,0,0,126,11,137,0,39,300,11,350,232,17,249,599
02/01/2019,OPF,FL,ASO,ES,Federal Contract Tower,0,36,152,3,191,0,1,162,7,170,0,37,314,10,361,243,0,243,604
02/02/2019,OPF,FL,ASO,ES,Federal Contract Tower,0,15,107,2,124,0,0,124,5,129,0,15,231,7,253,206,2,208,461
02/03/2019,OPF,FL,ASO,ES,Federal Contract Tower,0,33,137,4,174,0,2,120,10,132,0,35,257,14,306,138,0,138,444
02/04/2019,OPF,FL,ASO,ES,Federal Contract Tower,0,50,135,3,188,0,2,94,28,124,0,52,229,31,312,157,24,181,493
02/05/2019,OPF,FL,ASO,ES,Federal Contract Tower,0,44,139,8,191,0,4,136,13,153,0,48,275,21,344,252,12,264,608
02/06/2019,OPF,FL,ASO,ES,Federal Contract Tower,0,45,157,3,205,0,5,183,16,204,0,50,340,19,409,215,39,254,663
02/07/2019,OPF,FL,ASO,ES,Federal Contract Tower,1,48,127,6,182,0,3,145,14,162,1,51,272,20,344,221,22,243,587
02/08/2019,OPF,FL,ASO,ES,Federal Contract Tower,2,48,138,7,195,0,1,139,18,158,2,49,277,25,353,154,30,184,537
02/09/2019,OPF,FL,ASO,ES,Federal Contract Tower,0,24,96,1,121,0,0,119,5,124,0,24,215,6,245,146,9,155,400
02/10/2019,OPF,FL,ASO,ES,Federal Contract Tower,0,48,133,2,183,0,0,81,5,86,0,48,214,7,269,63,18,81,350
02/11/2019,OPF,FL,ASO,ES,Federal Contract Tower,0,42,153,6,201,0,6,116,10,132,0,48,269,16,333,89,0,89,422
02/12/2019,OPF,FL,ASO,ES,Federal Contract Tower,0,20,119,6,145,0,4,154,8,166,0,24,273,14,311,164,0,164,475
02/13/2019,OPF,FL,ASO,ES,Federal Contract Tower,0,37,132,3,172,0,2,13,0,15,0,39,145,3,187,43,3,46,233
02/14/2019,OPF,FL,ASO,ES,Federal Contract Tower,0,56,205,3,264,0,1,194,14,209,0,57,399,17,473,242,12,254,727
02/15/2019,OPF,FL,ASO,ES,Federal Contract Tower,0,77,215,1,293,0,2,177,5,184,0,79,392,6,477,215,26,241,718
02/16/2019,OPF,FL,ASO,ES,Federal Contract Tower,1,43,161,0,205,0,2,177,2,181,1,45,338,2,386,208,2,210,596
02/17/2019,OPF,FL,ASO,ES,Federal Contract Tower,0,37,170,0,207,0,1,149,6,156,0,38,319,6,363,88,0,88,451
02/18/2019,OPF,FL,ASO,ES,Federal Contract Tower,0,92,237,0,329,0,5,151,10,166,0,97,388,10,495,194,0,194,689
02/19/2019,OPF,FL,ASO,ES,Federal Contract Tower,0,50,158,1,209,0,3,169,10,182,0,53,327,11,391,229,4,233,624
02/20/2019,OPF,FL,ASO,ES,Federal Contract Tower,0,39,141,6,186,0,2,131,20,153,0,41,272,26,339,141,21,162,501
02/21/2019,OPF,FL,ASO,ES,Federal Contract Tower,0,46,162,3,211,0,2,150,10,162,0,48,312,13,373,215,31,246,619
02/22/2019,OPF,FL,ASO,ES,Federal Contract Tower,0,39,179,7,225,0,1,155,11,167,0,40,334,18,392,229,31,260,652
02/23/2019,OPF,FL,ASO,ES,Federal Contract Tower,0,22,128,1,151,0,2,112,4,118,0,24,240,5,269,83,2,85,354
02/24/2019,OPF,FL,ASO,ES,Federal Contract Tower,0,45,167,5,217,0,3,147,5,155,0,48,314,10,372,82,11,93,465
02/25/2019,OPF,FL,ASO,ES,Federal Contract Tower,0,35,128,4,167,0,5,130,10,145,0,40,258,14,312,135,17,152,464
02/26/2019,OPF,FL,ASO,ES,Federal Contract Tower,0,36,125,1,162,0,2,88,8,98,0,38,213,9,260,206,2,208,468
02/27/2019,OPF,FL,ASO,ES,Federal Contract Tower,0,21,112,2,135,0,2,126,17,145,0,23,238,19,280,203,40,243,523
02/28/2019,OPF,FL,ASO,ES,Federal Contract Tower,0,34,208,6,248,0,19,184,16,219,0,53,392,22,467,223,13,236,703
03/01/2019,OPF,FL,ASO,ES,Federal Contract Tower,0,46,167,1,214,0,2,153,50,205,0,48,320,51,419,259,2,261,680
03/02/2019,OPF,FL,ASO,ES,Federal Contract Tower,0,24,104,0,128,0,0,156,3,159,0,24,260,3,287,202,0,202,489
03/03/2019,OPF,FL,ASO,ES,Federal Contract Tower,0,50,157,0,207,0,0,112,4,116,0,50,269,4,323,122,2,124,447
03/04/2019,OPF,FL,ASO,ES,Federal Contract Tower,0,39,153,3,195,0,5,156,10,171,0,44,309,13,366,246,51,297,663
03/05/2019,OPF,FL,ASO,ES,Federal Contract Tower,0,29,134,5,168,0,5,88,19,112,0,34,222,24,280,208,53,261,541
03/06/2019,OPF,FL,ASO,ES,Federal Contract Tower,0,35,151,8,194,0,5,175,18,198,0,40,326,26,392,190,36,226,618
03/07/2019,OPF,FL,ASO,ES,Federal Contract Tower,0,35,163,1,199,0,2,204,19,225,0,37,367,20,424,316,9,325,749
03/08/2019,OPF,FL,ASO,ES,Federal Contract Tower,0,46,158,3,207,0,2,141,14,157,0,48,299,17,364,291,51,342,706
03/09/2019,OPF,FL,ASO,ES,Federal Contract Tower,0,28,137,5,170,0,3,136,5,144,0,31,273,10,314,432,0,432,746
03/10/2019,OPF,FL,ASO,ES,Federal Contract Tower,0,31,181,7,219,0,1,115,10,126,0,32,296,17,345,255,10,265,610
03/11/2019,OPF,FL,ASO,ES,Federal Contract Tower,0,35,145,2,182,0,3,145,11,159,0,38,290,13,341,383,41,424,765
03/12/2019,OPF,FL,ASO,ES,Federal Contract Tower,0,29,158,5,192,0,2,169,8,179,0,31,327,13,371,360,1,361,732
03/13/2019,OPF,FL,ASO,ES,Federal Contract Tower,0,48,144,2,194,0,10,162,13,185,0,58,306,15,379,217,18,235,614
03/14/2019,OPF,FL,ASO,ES,Federal Contract Tower,0,47,165,4,216,0,4,185,14,203,0,51,350,18,419,248,0,248,667
03/15/2019,OPF,FL,ASO,ES,Federal Contract Tower,0,46,182,9,237,0,6,124,9,139,0,52,306,18,376,192,29,221,597
03/16/2019,OPF,FL,ASO,ES,Federal Contract Tower,0,44,136,0,180,0,4,161,5,170,0,48,297,5,350,173,0,173,523
03/17/2019,OPF,FL,ASO,ES,Federal Contract Tower,0,49,164,2,215,0,1,95,3,99,0,50,259,5,314,36,0,36,350
03/18/2019,OPF,FL,ASO,ES,Federal Contract Tower,0,29,175,5,209,0,1,103,8,112,0,30,278,13,321,180,70,250,571
03/19/2019,OPF,FL,ASO,ES,Federal Contract Tower,0,41,127,14,182,0,0,4,2,6,0,41,131,16,188,0,11,11,199
03/20/2019,OPF,FL,ASO,ES,Federal Contract Tower,0,47,165,8,220,0,10,84,5,99,0,57,249,13,319,106,22,128,447
03/21/2019,OPF,FL,ASO,ES,Federal Contract Tower,0,59,168,5,232,0,1,190,16,207,0,60,358,21,439,165,10,175,614
03/22/2019,OPF,FL,ASO,ES,Federal Contract Tower,0,60,203,2,265,0,5,222,10,237,0,65,425,12,502,248,9,257,759
03/23/2019,OPF,FL,ASO,ES,Federal Contract Tower,0,46,166,0,212,0,0,140,4,144,0,46,306,4,356,273,0,273,629
03/24/2019,OPF,FL,ASO,ES,Federal Contract Tower,0,62,165,1,228,0,1,126,8,135,0,63,291,9,363,96,10,106,469
03/25/2019,OPF,FL,ASO,ES,Federal Contract Tower,0,36,144,7,187,0,5,113,14,132,0,41,257,21,319,199,20,219,538
03/26/2019,OPF,FL,ASO,ES,Federal Contract Tower,0,37,122,6,165,0,3,132,14,149,0,40,254,20,314,230,4,234,548
03/27/2019,OPF,FL,ASO,ES,Federal Contract Tower,0,47,145,17,209,0,4,116,16,136,0,51,261,33,345,147,4,151,496
03/28/2019,OPF,FL,ASO,ES,Federal Contract Tower,0,35,144,8,187,0,5,108,16,129,0,40,252,24,316,70,0,70,386
03/29/2019,OPF,FL,ASO,ES,Federal Contract Tower,0,42,167,8,217,0,2,158,9,169,0,44,325,17,386,344,0,344,730
03/30/2019,OPF,FL,ASO,ES,Federal Contract Tower,0,31,152,1,184,0,5,152,4,161,0,36,304,5,345,188,0,188,533
03/31/2019,OPF,FL,ASO,ES,Federal Contract Tower,0,62,198,2,262,0,2,140,7,149,0,64,338,9,411,170,5,175,586
04/01/2019,OPF,FL,ASO,ES,Federal Contract Tower,0,45,139,5,189,0,1,117,15,133,0,46,256,20,322,206,0,206,528
04/02/2019,OPF,FL,ASO,ES,Federal Contract Tower,0,26,125,1,152,0,5,126,11,142,0,31,251,12,294,220,0,220,514
04/03/2019,OPF,FL,ASO,ES,Federal Contract Tower,0,39,137,7,183,0,2,134,9,145,0,41,271,16,328,245,8,253,581
04/04/2019,OPF,FL,ASO,ES,Federal Contract Tower,0,24,97,3,124,0,1,39,16,56,0,25,136,19,180,24,0,24,204
04/05/2019,OPF,FL,ASO,ES,Federal Contract Tower,0,39,140,3,182,0,5,118,16,139,0,44,258,19,321,175,6,181,502
04/06/2019,OPF,FL,ASO,ES,Federal Contract Tower,0,15,106,1,122,0,1,127,6,134,0,16,233,7,256,244,0,244,500
04/07/2019,OPF,FL,ASO,ES,Federal Contract Tower,0,49,144,0,193,0,0,100,12,112,0,49,244,12,305,224,0,224,529
04/08/2019,OPF,FL,ASO,ES,Federal Contract Tower,0,29,108,2,139,0,3,146,13,162,0,32,254,15,301,207,7,214,515
04/09/2019,OPF,FL,ASO,ES,Federal Contract Tower,0,22,97,3,122,0,1,60,10,71,0,23,157,13,193,102,2,104,297
04/10/2019,OPF,FL,ASO,ES,Federal Contract Tower,0,26,163,7,196,0,8,178,18,204,0,34,341,25,400,294,19,313,713
04/11/2019,OPF,FL,ASO,ES,Federal Contract Tower,0,46,174,6,226,0,4,168,20,192,0,50,342,26,418,217,24,241,659
04/12/2019,OPF,FL,ASO,ES,Federal Contract Tower,1,47,182,7,237,0,3,173,12,188,1,50,355,19,425,344,0,344,769
04/13/2019,OPF,FL,ASO,ES,Federal Contract Tower,0,38,111,1,150,0,2,247,3,252,0,40,358,4,402,213,0,213,615
04/14/2019,OPF,FL,ASO,ES,Federal Contract Tower,0,37,156,3,196,0,4,134,4,142,0,41,290,7,338,56,0,56,394
04/15/2019,OPF,FL,ASO,ES,Federal Contract Tower,0,22,118,1,141,0,8,86,15,109,0,30,204,16,250,196,0,196,446
04/16/2019,OPF,FL,ASO,ES,Federal Contract Tower,1,24,140,13,178,0,3,178,14,195,1,27,318,27,373,199,0,199,572
04/17/2019,OPF,FL,ASO,ES,Federal Contract Tower,0,46,138,9,193,0,9,186,15,210,0,55,324,24,403,337,33,370,773
04/18/2019,OPF,FL,ASO,ES,Federal Contract Tower,0,57,189,1,247,0,3,151,22,176,0,60,340,23,423,233,20,253,676
04/19/2019,OPF,FL,ASO,ES,Federal Contract Tower,0,40,109,0,149,0,0,60,9,69,0,40,169,9,218,43,0,43,261
04/20/2019,OPF,FL,ASO,ES,Federal Contract Tower,0,34,147,1,182,0,1,192,5,198,0,35,339,6,380,196,0,196,576
04/21/2019,OPF,FL,ASO,ES,Federal Contract Tower,0,59,160,2,221,0,0,97,6,103,0,59,257,8,324,126,0,126,450
04/22/2019,OPF,FL,ASO,ES,Federal Contract Tower,0,65,171,5,241,0,4,152,13,169,0,69,323,18,410,280,0,280,690
04/23/2019,OPF,FL,ASO,ES,Federal Contract Tower,1,37,138,14,190,0,7,144,21,172,1,44,282,35,362,274,31,305,667
04/24/2019,OPF,FL,ASO,ES,Federal Contract Tower,0,40,146,6,192,0,6,175,15,196,0,46,321,21,388,295,15,310,698
04/25/2019,OPF,FL,ASO,ES,Federal Contract Tower,0,33,126,2,161,0,6,167,13,186,0,39,293,15,347,212,0,212,559
04/26/2019,OPF,FL,ASO,ES,Federal Contract Tower,0,46,115,6,167,0,2,89,10,101,0,48,204,16,268,147,6,153,421
04/27/2019,OPF,FL,ASO,ES,Federal Contract Tower,0,41,101,0,142,0,0,165,4,169,0,41,266,4,311,175,0,175,486
04/28/2019,OPF,FL,ASO,ES,Federal Contract Tower,1,56,176,0,233,0,0,73,7,80,1,56,249,7,313,108,0,108,421
04/29/2019,OPF,FL,ASO,ES,Federal Contract Tower,0,25,121,5,151,0,10,119,9,138,0,35,240,14,289,200,0,200,489
04/30/2019,OPF,FL,ASO,ES,Federal Contract Tower,0,26,131,5,162,0,5,122,15,142,0,31,253,20,304,123,0,123,427
05/01/2019,OPF,FL,ASO,ES,Federal Contract Tower,1,30,103,8,142,0,4,83,14,101,1,34,186,22,243,96,0,96,339
05/02/2019,OPF,FL,ASO,ES,Federal Contract Tower,1,35,93,6,135,0,2,63,5,70,1,37,156,11,205,69,0,69,274
05/03/2019,OPF,FL,ASO,ES,Federal Contract Tower,0,39,113,5,157,0,1,97,17,115,0,40,210,22,272,119,2,121,393
05/04/2019,OPF,FL,ASO,ES,Federal Contract Tower,0,18,84,1,103,0,0,102,5,107,0,18,186,6,210,178,0,178,388
05/05/2019,OPF,FL,ASO,ES,Federal Contract Tower,0,38,103,1,142,0,1,68,5,74,0,39,171,6,216,63,0,63,279
05/06/2019,OPF,FL,ASO,ES,Federal Contract Tower,0,40,90,1,131,0,6,100,7,113,0,46,190,8,244,81,8,89,333
05/07/2019,OPF,FL,ASO,ES,Federal Contract Tower,0,34,109,0,143,0,3,112,9,124,0,37,221,9,267,249,0,249,516
05/08/2019,OPF,FL,ASO,ES,Federal Contract Tower,0,45,124,2,171,0,3,152,7,162,0,48,276,9,333,203,0,203,536
05/09/2019,OPF,FL,ASO,ES,Federal Contract Tower,1,31,165,1,198,0,2,166,6,174,1,33,331,7,372,335,0,335,707
05/10/2019,OPF,FL,ASO,ES,Federal Contract Tower,1,36,157,1,195,0,4,149,12,165,1,40,306,13,360,125,13,138,498
05/11/2019,OPF,FL,ASO,ES,Federal Contract Tower,0,20,99,0,119,0,2,142,4,148,0,22,241,4,267,183,0,183,450
05/12/2019,OPF,FL,ASO,ES,Federal Contract Tower,0,24,95,0,119,0,1,104,8,113,0,25,199,8,232,35,0,35,267
05/13/2019,OPF,FL,ASO,ES,Federal Contract Tower,1,25,116,2,144,0,2,90,13,105,1,27,206,15,249,38,16,54,303
05/14/2019,OPF,FL,ASO,ES,Federal Contract Tower,0,39,107,4,150,0,7,104,15,126,0,46,211,19,276,205,3,208,484
05/15/2019,OPF,FL,ASO,ES,Federal Contract Tower,0,31,123,8,162,0,3,144,9,156,0,34,267,17,318,231,1,232,550
05/16/2019,OPF,FL,ASO,ES,Federal Contract Tower,2,30,138,2,172,0,4,132,20,156,2,34,270,22,328,300,4,304,632
05/17/2019,OPF,FL,ASO,ES,Federal Contract Tower,0,39,124,3,166,0,4,135,10,149,0,43,259,13,315,264,0,264,579
05/18/2019,OPF,FL,ASO,ES,Federal Contract Tower,0,17,90,4,111,0,2,116,9,127,0,19,206,13,238,155,0,155,393
05/19/2019,OPF,FL,ASO,ES,Federal Contract Tower,0,23,97,1,121,0,6,117,5,128,0,29,214,6,249,120,0,120,369
05/20/2019,OPF,FL,ASO,ES,Federal Contract Tower,0,20,130,3,153,0,2,139,17,158,0,22,269,20,311,279,4,283,594
05/21/2019,OPF,FL,ASO,ES,Federal Contract Tower,0,37,111,2,150,0,4,149,12,165,0,41,260,14,315,342,0,342,657
05/22/2019,OPF,FL,ASO,ES,Federal Contract Tower,0,36,107,2,145,0,4,138,15,157,0,40,245,17,302,263,0,263,565
05/23/2019,OPF,FL,ASO,ES,Federal Contract Tower,1,34,144,7,186,0,3,157,22,182,1,37,301,29,368,284,10,294,662
05/24/2019,OPF,FL,ASO,ES,Federal Contract Tower,2,41,133,2,178,0,6,156,27,189,2,47,289,29,367,194,0,194,561
05/25/2019,OPF,FL,ASO,ES,Federal Contract Tower,0,10,71,2,83,0,1,137,25,163,0,11,208,27,246,95,7,102,348
05/26/2019,OPF,FL,ASO,ES,Federal Contract Tower,0,17,68,2,87,0,3,98,36,137,0,20,166,38,224,33,6,39,263
05/27/2019,OPF,FL,ASO,ES,Federal Contract Tower,0,32,144,6,182,0,4,155,5,164,0,36,299,11,346,156,0,156,502
05/28/2019,OPF,FL,ASO,ES,Federal Contract Tower,0,34,123,8,165,0,9,199,11,219,0,43,322,19,384,190,0,190,574
05/29/2019,OPF,FL,ASO,ES,Federal Contract Tower,1,20,115,8,144,0,3,195,5,203,1,23,310,13,347,237,24,261,608
05/30/2019,OPF,FL,ASO,ES,Federal Contract Tower,2,37,128,2,169,0,6,140,16,162,2,43,268,18,331,236,0,236,567
05/31/2019,OPF,FL,ASO,ES,Federal Contract Tower,0,27,110,1,138,0,5,138,20,163,0,32,248,21,301,209,16,225,526
06/01/2019,OPF,FL,ASO,ES,Federal Contract Tower,0,13,73,0,86,0,0,100,3,103,0,13,173,3,189,173,0,173,362
06/02/2019,OPF,FL,ASO,ES,Federal Contract Tower,1,23,99,0,123,0,1,86,7,94,1,24,185,7,217,168,0,168,385
06/03/2019,OPF,FL,ASO,ES,Federal Contract Tower,0,41,79,1,121,0,4,167,12,183,0,45,246,13,304,228,2,230,534
06/04/2019,OPF,FL,ASO,ES,Federal Contract Tower,0,23,110,11,144,0,4,132,14,150,0,27,242,25,294,201,4,205,499
06/05/2019,OPF,FL,ASO,ES,Federal Contract Tower,0,35,117,0,152,0,2,140,15,157,0,37,257,15,309,243,9,252,561
06/06/2019,OPF,FL,ASO,ES,Federal Contract Tower,0,23,100,4,127,0,4,157,18,179,0,27,257,22,306,212,12,224,530
06/07/2019,OPF,FL,ASO,ES,Federal Contract Tower,0,24,107,1,132,0,1,124,10,135,0,25,231,11,267,147,5,152,419
06/08/2019,OPF,FL,ASO,ES,Federal Contract Tower,0,14,72,3,89,0,0,91,3,94,0,14,163,6,183,160,0,160,343
06/09/2019,OPF,FL,ASO,ES,Federal Contract Tower,0,29,100,0,129,0,3,51,8,62,0,32,151,8,191,65,0,65,256
06/10/2019,OPF,FL,ASO,ES,Federal Contract Tower,0,25,88,5,118,0,3,88,13,104,0,28,176,18,222,135,0,135,357
06/11/2019,OPF,FL,ASO,ES,Federal Contract Tower,0,20,122,5,147,0,8,149,16,173,0,28,271,21,320,333,13,346,666
06/12/2019,OPF,FL,ASO,ES,Federal Contract Tower,2,34,114,2,152,0,5,128,15,148,2,39,242,17,300,297,16,313,613
06/13/2019,OPF,FL,ASO,ES,Federal Contract Tower,0,33,106,3,142,0,3,109,29,141,0,36,215,32,283,228,0,228,511
06/14/2019,OPF,FL,ASO,ES,Federal Contract Tower,1,20,110,1,132,1,1,124,56,182,2,21,234,57,314,180,17,197,511
06/15/2019,OPF,FL,ASO,ES,Federal Contract Tower,0,17,79,2,98,0,0,79,2,81,0,17,158,4,179,141,0,141,320
06/16/2019,OPF,FL,ASO,ES,Federal Contract Tower,0,21,63,2,86,0,6,15,4,25,0,27,78,6,111,19,0,19,130
06/17/2019,OPF,FL,ASO,ES,Federal Contract Tower,0,22,78,2,102,0,3,53,27,83,0,25,131,29,185,49,0,49,234
06/18/2019,OPF,FL,ASO,ES,Federal Contract Tower,0,24,73,6,103,0,2,83,7,92,0,26,156,13,195,227,0,227,422
06/19/2019,OPF,FL,ASO,ES,Federal Contract Tower,0,32,51,3,86,0,3,63,29,95,0,35,114,32,181,126,0,126,307
06/20/2019,OPF,FL,ASO,ES,Federal Contract Tower,0,30,106,6,142,0,1,150,6,157,0,31,256,12,299,320,0,320,619
06/21/2019,OPF,FL,ASO,ES,Federal Contract Tower,0,24,99,14,137,0,4,123,8,135,0,28,222,22,272,285,0,285,557
06/22/2019,OPF,FL,ASO,ES,Federal Contract Tower,0,18,66,0,84,0,1,104,7,112,0,19,170,7,196,163,0,163,359
06/23/2019,OPF,FL,ASO,ES,Federal Contract Tower,1,27,79,0,107,0,2,89,5,96,1,29,168,5,203,107,10,117,320
06/24/2019,OPF,FL,ASO,ES,Federal Contract Tower,0,21,98,0,119,0,3,130,12,145,0,24,228,12,264,268,9,277,541
06/25/2019,OPF,FL,ASO,ES,Federal Contract Tower,0,28,75,3,106,0,1,113,11,125,0,29,188,14,231,176,0,176,407
06/26/2019,OPF,FL,ASO,ES,Federal Contract Tower,1,29,96,5,131,0,2,125,5,132,1,31,221,10,263,323,0,323,586
06/27/2019,OPF,FL,ASO,ES,Federal Contract Tower,0,19,102,0,121,0,4,152,22,178,0,23,254,22,299,199,3,202,501
06/28/2019,OPF,FL,ASO,ES,Federal Contract Tower,0,28,67,1,96,0,2,107,9,118,0,30,174,10,214,184,0,184,398
06/29/2019,OPF,FL,ASO,ES,Federal Contract Tower,0,20,82,1,103,0,0,46,6,52,0,20,128,7,155,57,8,65,220
06/30/2019,OPF,FL,ASO,ES,Federal Contract Tower,0,31,75,0,106,0,1,59,6,66,0,32,134,6,172,100,6,106,278
07/01/2019,OPF,FL,ASO,ES,Federal Contract Tower,2,31,109,4,146,0,4,153,11,168,2,35,262,15,314,304,0,304,618
07/02/2019,OPF,FL,ASO,ES,Federal Contract Tower,0,31,81,0,112,0,7,136,10,153,0,38,217,10,265,266,15,281,546
07/03/2019,OPF,FL,ASO,ES,Federal Contract Tower,3,32,116,4,155,0,4,129,3,136,3,36,245,7,291,254,16,270,561
07/04/2019,OPF,FL,ASO,ES,Federal Contract Tower,3,14,74,1,92,0,19,101,6,126,3,33,175,7,218,99,3,102,320
07/05/2019,OPF,FL,ASO,ES,Federal Contract Tower,3,14,68,1,86,0,2,121,5,128,3,16,189,6,214,271,0,271,485
07/06/2019,OPF,FL,ASO,ES,Federal Contract Tower,0,19,70,0,89,0,1,93,5,99,0,20,163,5,188,62,0,62,250
07/07/2019,OPF,FL,ASO,ES,Federal Contract Tower,1,21,116,3,141,0,5,90,7,102,1,26,206,10,243,135,7,142,385
07/08/2019,OPF,FL,ASO,ES,Federal Contract Tower,0,24,83,1,108,0,1,66,13,80,0,25,149,14,188,245,1,246,434
07/09/2019,OPF,FL,ASO,ES,Federal Contract Tower,1,28,121,2,152,0,8,126,14,148,1,36,247,16,300,386,28,414,714
07/10/2019,OPF,FL,ASO,ES,Federal Contract Tower,0,21,100,2,123,0,0,176,13,189,0,21,276,15,312,287,4,291,603
07/11/2019,OPF,FL,ASO,ES,Federal Contract Tower,0,31,103,1,135,0,5,162,37,204,0,36,265,38,339,160,8,168,507
07/12/2019,OPF,FL,ASO,ES,Federal Contract Tower,0,18,112,3,133,0,6,146,10,162,0,24,258,13,295,275,0,275,570
07/13/2019,OPF,FL,ASO,ES,Federal Contract Tower,0,8,76,2,86,0,3,157,6,166,0,11,233,8,252,139,11,150,402
07/14/2019,OPF,FL,ASO,ES,Federal Contract Tower,0,20,101,2,123,0,2,109,4,115,0,22,210,6,238,83,0,83,321
07/15/2019,OPF,FL,ASO,ES,Federal Contract Tower,0,15,111,4,130,0,4,168,11,183,0,19,279,15,313,212,20,232,545
07/16/2019,OPF,FL,ASO,ES,Federal Contract Tower,0,20,116,2,138,0,9,181,17,207,0,29,297,19,345,179,0,179,524
07/17/2019,OPF,FL,ASO,ES,Federal Contract Tower,0,25,101,2,128,0,3,170,13,186,0,28,271,15,314,287,0,287,601
07/18/2019,OPF,FL,ASO,ES,Federal Contract Tower,0,34,112,2,148,0,2,165,12,179,0,36,277,14,327,336,0,336,663
07/19/2019,OPF,FL,ASO,ES,Federal Contract Tower,0,29,123,2,154,0,2,143,9,154,0,31,266,11,308,253,30,283,591
07/20/2019,OPF,FL,ASO,ES,Federal Contract Tower,0,19,73,2,94,0,5,120,6,131,0,24,193,8,225,111,0,111,336
07/21/2019,OPF,FL,ASO,ES,Federal Contract Tower,0,13,119,0,132,0,1,110,12,123,0,14,229,12,255,94,2,96,351
07/22/2019,OPF,FL,ASO,ES,Federal Contract Tower,0,24,109,1,134,0,5,125,15,145,0,29,234,16,279,255,24,279,558
07/23/2019,OPF,FL,ASO,ES,Federal Contract Tower,0,27,79,1,107,0,6,105,8,119,0,33,184,9,226,197,0,197,423
07/24/2019,OPF,FL,ASO,ES,Federal Contract Tower,0,25,104,2,131,0,1,152,10,163,0,26,256,12,294,270,4,274,568
07/25/2019,OPF,FL,ASO,ES,Federal Contract Tower,0,20,99,1,120,0,4,130,9,143,0,24,229,10,263,181,7,188,451
07/26/2019,OPF,FL,ASO,ES,Federal Contract Tower,0,28,118,2,148,0,4,150,5,159,0,32,268,7,307,219,4,223,530
07/27/2019,OPF,FL,ASO,ES,Federal Contract Tower,0,11,103,2,116,0,0,117,2,119,0,11,220,4,235,144,0,144,379
07/28/2019,OPF,FL,ASO,ES,Federal Contract Tower,0,28,86,0,114,0,0,103,6,109,0,28,189,6,223,85,0,85,308
07/29/2019,OPF,FL,ASO,ES,Federal Contract Tower,1,20,108,5,134,0,2,131,7,140,1,22,239,12,274,228,0,228,502
07/30/2019,OPF,FL,ASO,ES,Federal Contract Tower,1,29,99,2,131,0,7,124,8,139,1,36,223,10,270,210,0,210,480
07/31/2019,OPF,FL,ASO,ES,Federal Contract Tower,0,39,110,1,150,0,1,112,10,123,0,40,222,11,273,181,8,189,462
08/01/2019,OPF,FL,ASO,ES,Federal Contract Tower,0,31,98,2,131,0,1,56,11,68,0,32,154,13,199,113,25,138,337
08/02/2019,OPF,FL,ASO,ES,Federal Contract Tower,0,22,115,0,137,0,4,105,9,118,0,26,220,9,255,161,0,161,416
08/03/2019,OPF,FL,ASO,ES,Federal Contract Tower,0,17,60,0,77,0,1,89,4,94,0,18,149,4,171,35,0,35,206
08/04/2019,OPF,FL,ASO,ES,Federal Contract Tower,0,21,71,1,93,0,0,61,6,67,0,21,132,7,160,32,0,32,192
08/05/2019,OPF,FL,ASO,ES,Federal Contract Tower,0,34,94,1,129,0,5,88,13,106,0,39,182,14,235,122,0,122,357
08/06/2019,OPF,FL,ASO,ES,Federal Contract Tower,0,26,81,5,112,0,11,87,11,109,0,37,168,16,221,115,5,120,341
08/07/2019,OPF,FL,ASO,ES,Federal Contract Tower,0,25,80,12,117,0,7,118,17,142,0,32,198,29,259,120,29,149,408
08/08/2019,OPF,FL,ASO,ES,Federal Contract Tower,0,38,139,4,181,0,1,112,9,122,0,39,251,13,303,122,0,122,425
08/09/2019,OPF,FL,ASO,ES,Federal Contract Tower,0,21,114,2,137,0,3,122,5,130,0,24,236,7,267,151,0,151,418
08/10/2019,OPF,FL,ASO,ES,Federal Contract Tower,0,15,107,0,122,0,0,121,2,123,0,15,228,2,245,174,0,174,419
08/11/2019,OPF,FL,ASO,ES,Federal Contract Tower,0,13,122,2,137,0,5,75,2,82,0,18,197,4,219,58,0,58,277
08/12/2019,OPF,FL,ASO,ES,Federal Contract Tower,0,31,114,5,150,0,0,106,8,114,0,31,220,13,264,102,0,102,366
08/13/2019,OPF,FL,ASO,ES,Federal Contract Tower,0,20,115,1,136,0,4,146,8,158,0,24,261,9,294,212,8,220,514
08/14/2019,OPF,FL,ASO,ES,Federal Contract Tower,0,23,102,0,125,0,8,144,6,158,0,31,246,6,283,194,3,197,480
08/15/2019,OPF,FL,ASO,ES,Federal Contract Tower,0,26,113,2,141,0,2,103,13,118,0,28,216,15,259,141,0,141,400
08/16/2019,OPF,FL,ASO,ES,Federal Contract Tower,0,27,110,0,137,0,8,154,9,171,0,35,264,9,308,217,4,221,529
08/17/2019,OPF,FL,ASO,ES,Federal Contract Tower,0,11,77,0,88,0,0,107,4,111,0,11,184,4,199,164,0,164,363
08/18/2019,OPF,FL,ASO,ES,Federal Contract Tower,0,25,104,0,129,0,4,134,16,154,0,29,238,16,283,97,0,97,380
08/19/2019,OPF,FL,ASO,ES,Federal Contract Tower,0,28,88,1,117,0,5,88,9,102,0,33,176,10,219,140,0,140,359
08/20/2019,OPF,FL,ASO,ES,Federal Contract Tower,0,21,91,4,116,0,8,113,8,129,0,29,204,12,245,195,4,199,444
08/21/2019,OPF,FL,ASO,ES,Federal Contract Tower,0,23,116,3,142,0,3,171,9,183,0,26,287,12,325,187,12,199,524
08/22/2019,OPF,FL,ASO,ES,Federal Contract Tower,0,30,107,3,140,0,4,92,7,103,0,34,199,10,243,167,0,167,410
08/23/2019,OPF,FL,ASO,ES,Federal Contract Tower,0,24,110,2,136,0,3,128,9,140,0,27,238,11,276,219,7,226,502
08/24/2019,OPF,FL,ASO,ES,Federal Contract Tower,0,14,92,0,106,0,0,91,6,97,0,14,183,6,203,160,0,160,363
08/25/2019,OPF,FL,ASO,ES,Federal Contract Tower,1,26,92,2,121,0,3,103,4,110,1,29,195,6,231,118,0,118,349
08/26/2019,OPF,FL,ASO,ES,Federal Contract Tower,0,25,66,2,93,0,3,96,16,115,0,28,162,18,208,139,7,146,354
08/27/2019,OPF,FL,ASO,ES,Federal Contract Tower,0,31,85,1,117,0,5,108,17,130,0,36,193,18,247,154,1,155,402
08/28/2019,OPF,FL,ASO,ES,Federal Contract Tower,0,26,123,3,152,0,2,131,12,145,0,28,254,15,297,181,10,191,488
08/29/2019,OPF,FL,ASO,ES,Federal Contract Tower,0,42,97,3,142,0,1,119,8,128,0,43,216,11,270,88,0,88,358
08/30/2019,OPF,FL,ASO,ES,Federal Contract Tower,0,83,177,2,262,0,2,90,2,94,0,85,267,4,356,111,1,112,468
08/31/2019,OPF,FL,ASO,ES,Federal Contract Tower,0,60,120,0,180,0,0,45,5,50,0,60,165,5,230,2,0,2,232
09/01/2019,OPF,FL,ASO,ES,Federal Contract Tower,0,11,24,5,40,0,1,22,11,34,0,12,46,16,74,0,0,0,74
09/02/2019,OPF,FL,ASO,ES,Federal Contract Tower,0,3,7,4,14,0,1,6,0,7,0,4,13,4,21,0,0,0,21
09/03/2019,OPF,FL,ASO,ES,Federal Contract Tower,0,20,54,6,80,0,0,22,8,30,0,20,76,14,110,0,0,0,110
09/04/2019,OPF,FL,ASO,ES,Federal Contract Tower,0,35,100,0,135,0,5,116,23,144,0,40,216,23,279,139,0,139,418
09/05/2019,OPF,FL,ASO,ES,Federal Contract Tower,0,34,122,1,157,0,7,153,16,176,0,41,275,17,333,191,0,191,524
09/06/2019,OPF,FL,ASO,ES,Federal Contract Tower,0,23,141,0,164,0,12,153,18,183,0,35,294,18,347,174,0,174,521
09/07/2019,OPF,FL,ASO,ES,Federal Contract Tower,0,12,88,4,104,0,1,113,5,119,0,13,201,9,223,128,0,128,351
09/08/2019,OPF,FL,ASO,ES,Federal Contract Tower,0,27,104,2,133,0,4,100,5,109,0,31,204,7,242,66,0,66,308
09/09/2019,OPF,FL,ASO,ES,Federal Contract Tower,0,32,100,5,137,0,1,159,6,166,0,33,259,11,303,174,0,174,477
09/10/2019,OPF,FL,ASO,ES,Federal Contract Tower,0,22,119,8,149,0,5,156,12,173,0,27,275,20,322,93,0,93,415
09/11/2019,OPF,FL,ASO,ES,Federal Contract Tower,0,18,87,18,123,0,6,151,8,165,0,24,238,26,288,119,31,150,438
09/12/2019,OPF,FL,ASO,ES,Federal Contract Tower,0,38,103,1,142,0,2,104,11,117,0,40,207,12,259,89,4,93,352
09/13/2019,OPF,FL,ASO,ES,Federal Contract Tower,1,21,119,4,145,0,3,133,7,143,1,24,252,11,288,126,3,129,417
09/14/2019,OPF,FL,ASO,ES,Federal Contract Tower,0,21,84,0,105,0,1,83,3,87,0,22,167,3,192,135,6,141,333
09/15/2019,OPF,FL,ASO,ES,Federal Contract Tower,0,28,94,3,125,0,4,97,9,110,0,32,191,12,235,77,0,77,312
09/16/2019,OPF,FL,ASO,ES,Federal Contract Tower,0,27,145,6,178,0,4,188,11,203,0,31,333,17,381,184,5,189,570
09/17/2019,OPF,FL,ASO,ES,Federal Contract Tower,0,24,112,3,139,0,3,146,16,165,0,27,258,19,304,225,4,229,533
09/18/2019,OPF,FL,ASO,ES,Federal Contract Tower,0,20,106,3,129,0,6,150,12,168,0,26,256,15,297,190,0,190,487
09/19/2019,OPF,FL,ASO,ES,Federal Contract Tower,1,25,101,1,128,0,2,125,15,142,1,27,226,16,270,169,13,182,452
09/20/2019,OPF,FL,ASO,ES,Federal Contract Tower,0,27,96,4,127,0,3,81,12,96,0,30,177,16,223,56,23,79,302
09/21/2019,OPF,FL,ASO,ES,Federal Contract Tower,0,20,72,1,93,0,1,69,3,73,0,21,141,4,166,11,0,11,177
09/22/2019,OPF,FL,ASO,ES,Federal Contract Tower,0,25,86,2,113,0,1,85,23,109,0,26,171,25,222,14,0,14,236
09/23/2019,OPF,FL,ASO,ES,Federal Contract Tower,2,29,121,1,153,0,4,137,1,142,2,33,258,2,295,128,6,134,429
09/24/2019,OPF,FL,ASO,ES,Federal Contract Tower,0,28,121,0,149,0,6,153,19,178,0,34,274,19,327,126,2,128,455
09/25/2019,OPF,FL,ASO,ES,Federal Contract Tower,0,39,98,4,141,0,9,127,10,146,0,48,225,14,287,197,0,197,484
09/26/2019,OPF,FL,ASO,ES,Federal Contract Tower,0,31,134,2,167,0,6,167,15,188,0,37,301,17,355,195,18,213,568
09/27/2019,OPF,FL,ASO,ES,Federal Contract Tower,0,33,141,7,181,0,12,143,9,164,0,45,284,16,345,233,2,235,580
09/28/2019,OPF,FL,ASO,ES,Federal Contract Tower,1,18,87,0,106,0,0,128,2,130,1,18,215,2,236,142,0,142,378
09/29/2019,OPF,FL,ASO,ES,Federal Contract Tower,1,24,101,1,127,0,4,87,13,104,1,28,188,14,231,155,0,155,386
09/30/2019,OPF,FL,ASO,ES,Federal Contract Tower,0,19,102,3,124,0,1,104,8,113,0,20,206,11,237,63,0,63,300
10/01/2019,OPF,FL,ASO,ES,Federal Contract Tower,2,33,148,6,189,0,8,129,14,151,2,41,277,20,340,181,16,197,537
10/02/2019,OPF,FL,ASO,ES,Federal Contract Tower,0,25,111,3,139,0,1,113,4,118,0,26,224,7,257,139,12,151,408
10/03/2019,OPF,FL,ASO,ES,Federal Contract Tower,0,21,123,2,146,0,4,127,11,142,0,25,250,13,288,216,0,216,504
10/04/2019,OPF,FL,ASO,ES,Federal Contract Tower,0,34,123,3,160,0,6,161,14,181,0,40,284,17,341,247,0,247,588
10/05/2019,OPF,FL,ASO,ES,Federal Contract Tower,0,30,61,0,91,0,2,78,9,89,0,32,139,9,180,143,0,143,323
10/06/2019,OPF,FL,ASO,ES,Federal Contract Tower,0,30,81,0,111,0,3,63,6,72,0,33,144,6,183,66,0,66,249
10/07/2019,OPF,FL,ASO,ES,Federal Contract Tower,0,23,73,3,99,0,0,35,3,38,0,23,108,6,137,45,0,45,182
10/08/2019,OPF,FL,ASO,ES,Federal Contract Tower,0,28,70,6,104,0,6,66,4,76,0,34,136,10,180,98,0,98,278
10/09/2019,OPF,FL,ASO,ES,Federal Contract Tower,1,37,85,9,132,0,2,115,14,131,1,39,200,23,263,185,57,242,505
10/10/2019,OPF,FL,ASO,ES,Federal Contract Tower,0,33,133,6,172,0,7,112,13,132,0,40,245,19,304,25,0,25,329
10/11/2019,OPF,FL,ASO,ES,Federal Contract Tower,0,58,116,0,174,0,2,115,6,123,0,60,231,6,297,81,0,81,378
10/12/2019,OPF,FL,ASO,ES,Federal Contract Tower,0,39,100,1,140,0,10,126,10,146,0,49,226,11,286,106,0,106,392
10/13/2019,OPF,FL,ASO,ES,Federal Contract Tower,0,55,139,1,195,0,6,113,5,124,0,61,252,6,319,160,0,160,479
10/14/2019,OPF,FL,ASO,ES,Federal Contract Tower,0,31,150,1,182,0,4,172,6,182,0,35,322,7,364,84,0,84,448
10/15/2019,OPF,FL,ASO,ES,Federal Contract Tower,0,33,121,3,157,0,15,135,14,164,0,48,256,17,321,150,0,150,471
10/16/2019,OPF,FL,ASO,ES,Federal Contract Tower,0,39,126,3,168,0,5,188,16,209,0,44,314,19,377,150,12,162,539
10/17/2019,OPF,FL,ASO,ES,Federal Contract Tower,0,28,140,2,170,0,4,139,14,157,0,32,279,16,327,194,2,196,523
10/18/2019,OPF,FL,ASO,ES,Federal Contract Tower,0,37,117,6,160,0,5,123,16,144,0,42,240,22,304,191,16,207,511
10/19/2019,OPF,FL,ASO,ES,Federal Contract Tower,0,14,46,0,60,0,4,80,6,90,0,18,126,6,150,156,0,156,306
10/20/2019,OPF,FL,ASO,ES,Federal Contract Tower,0,31,119,0,150,0,0,92,3,95,0,31,211,3,245,62,0,62,307
10/21/2019,OPF,FL,ASO,ES,Federal Contract Tower,0,24,121,12,157,0,5,117,10,132,0,29,238,22,289,133,5,138,427
10/22/2019,OPF,FL,ASO,ES,Federal Contract Tower,0,30,124,0,154,0,4,121,28,153,0,34,245,28,307,327,0,327,634
10/23/2019,OPF,FL,ASO,ES,Federal Contract Tower,0,19,106,15,140,0,3,153,13,169,0,22,259,28,309,259,11,270,579
10/24/2019,OPF,FL,ASO,ES,Federal Contract Tower,0,31,136,5,172,0,5,131,10,146,0,36,267,15,318,155,0,155,473
10/25/2019,OPF,FL,ASO,ES,Federal Contract Tower,0,27,126,1,154,0,6,114,11,131,0,33,240,12,285,66,18,84,369
10/26/2019,OPF,FL,ASO,ES,Federal Contract Tower,0,9,76,0,85,0,1,108,6,115,0,10,184,6,200,109,0,109,309
10/27/2019,OPF,FL,ASO,ES,Federal Contract Tower,0,33,135,0,168,0,2,122,5,129,0,35,257,5,297,85,0,85,382
10/28/2019,OPF,FL,ASO,ES,Federal Contract Tower,0,25,99,3,127,0,6,127,9,142,0,31,226,12,269,137,2,139,408
10/29/2019,OPF,FL,ASO,ES,Federal Contract Tower,0,29,111,9,149,0,8,131,13,152,0,37,242,22,301,246,0,246,547
10/30/2019,OPF,FL,ASO,ES,Federal Contract Tower,0,40,123,2,165,0,2,135,11,148,0,42,258,13,313,283,16,299,612
10/31/2019,OPF,FL,ASO,ES,Federal Contract Tower,2,40,133,8,183,0,1,156,10,167,2,41,289,18,350,165,0,165,515
11/01/2019,OPF,FL,ASO,ES,Federal Contract Tower,1,40,108,1,150,0,13,122,10,145,1,53,230,11,295,159,0,159,454
11/02/2019,OPF,FL,ASO,ES,Federal Contract Tower,0,16,96,0,112,0,1,104,3,108,0,17,200,3,220,187,0,187,407
11/03/2019,OPF,FL,ASO,ES,Federal Contract Tower,0,47,143,1,191,0,5,62,3,70,0,52,205,4,261,88,2,90,351
11/04/2019,OPF,FL,ASO,ES,Federal Contract Tower,0,33,133,2,168,0,1,142,10,153,0,34,275,12,321,154,0,154,475
11/05/2019,OPF,FL,ASO,ES,Federal Contract Tower,0,31,111,4,146,0,10,128,18,156,0,41,239,22,302,241,0,241,543
11/06/2019,OPF,FL,ASO,ES,Federal Contract Tower,0,36,133,2,171,0,4,128,10,142,0,40,261,12,313,169,24,193,506
11/07/2019,OPF,FL,ASO,ES,Federal Contract Tower,0,38,156,0,194,0,9,134,10,153,0,47,290,10,347,181,15,196,543
11/08/2019,OPF,FL,ASO,ES,Federal Contract Tower,0,44,123,0,167,0,6,151,11,168,0,50,274,11,335,75,3,78,413
11/09/2019,OPF,FL,ASO,ES,Federal Contract Tower,0,17,75,1,93,0,1,58,2,61,0,18,133,3,154,36,0,36,190
11/10/2019,OPF,FL,ASO,ES,Federal Contract Tower,0,37,118,0,155,0,3,100,10,113,0,40,218,10,268,74,0,74,342
11/11/2019,OPF,FL,ASO,ES,Federal Contract Tower,0,34,164,1,199,0,10,183,10,203,0,44,347,11,402,147,0,147,549
11/12/2019,OPF,FL,ASO,ES,Federal Contract Tower,0,34,140,1,175,0,4,190,13,207,0,38,330,14,382,152,0,152,534
11/13/2019,OPF,FL,ASO,ES,Federal Contract Tower,0,25,175,5,205,0,2,96,13,111,0,27,271,18,316,163,22,185,501
11/14/2019,OPF,FL,ASO,ES,Federal Contract Tower,0,44,138,4,186,0,7,51,11,69,0,51,189,15,255,88,0,88,343
11/15/2019,OPF,FL,ASO,ES,Federal Contract Tower,0,45,156,1,202,0,3,124,5,132,0,48,280,6,334,102,8,110,444
11/16/2019,OPF,FL,ASO,ES,Federal Contract Tower,0,28,113,0,141,0,3,112,6,121,0,31,225,6,262,84,0,84,346
11/17/2019,OPF,FL,ASO,ES,Federal Contract Tower,0,39,146,1,186,0,0,52,2,54,0,39,198,3,240,142,0,142,382
11/18/2019,OPF,FL,ASO,ES,Federal Contract Tower,0,40,153,6,199,0,1,129,6,136,0,41,282,12,335,151,0,151,486
11/19/2019,OPF,FL,ASO,ES,Federal Contract Tower,1,42,101,1,145,0,10,136,20,166,1,52,237,21,311,178,0,178,489
11/20/2019,OPF,FL,ASO,ES,Federal Contract Tower,0,30,150,1,181,0,5,154,9,168,0,35,304,10,349,207,0,207,556
11/21/2019,OPF,FL,ASO,ES,Federal Contract Tower,1,44,128,3,176,0,3,172,14,189,1,47,300,17,365,147,12,159,524
11/22/2019,OPF,FL,ASO,ES,Federal Contract Tower,1,44,144,0,189,0,4,137,22,163,1,48,281,22,352,211,0,211,563
11/23/2019,OPF,FL,ASO,ES,Federal Contract Tower,0,39,133,0,172,0,3,120,3,126,0,42,253,3,298,154,18,172,470
11/24/2019,OPF,FL,ASO,ES,Federal Contract Tower,0,37,126,1,164,0,3,79,8,90,0,40,205,9,254,82,5,87,341
11/25/2019,OPF,FL,ASO,ES,Federal Contract Tower,0,41,138,3,182,0,3,138,16,157,0,44,276,19,339,164,0,164,503
11/26/2019,OPF,FL,ASO,ES,Federal Contract Tower,0,53,177,5,235,0,4,121,8,133,0,57,298,13,368,175,0,175,543
11/27/2019,OPF,FL,ASO,ES,Federal Contract Tower,0,52,157,2,211,0,6,163,12,181,0,58,320,14,392,152,0,152,544
11/28/2019,OPF,FL,ASO,ES,Federal Contract Tower,0,27,90,0,117,0,6,111,7,124,0,33,201,7,241,130,0,130,371
11/29/2019,OPF,FL,ASO,ES,Federal Contract Tower,0,34,145,1,180,0,2,134,5,141,0,36,279,6,321,163,12,175,496
11/30/2019,OPF,FL,ASO,ES,Federal Contract Tower,1,50,154,1,206,0,2,142,7,151,1,52,296,8,357,110,0,110,467
12/01/2019,OPF,FL,ASO,ES,Federal Contract Tower,1,85,205,2,293,0,2,99,1,102,1,87,304,3,395,116,0,116,511
12/02/2019,OPF,FL,ASO,ES,Federal Contract Tower,0,63,149,0,212,0,6,93,0,99,0,69,242,0,311,89,0,89,400
12/03/2019,OPF,FL,ASO,ES,Federal Contract Tower,1,44,204,1,250,0,4,161,0,165,1,48,365,1,415,246,0,246,661
12/04/2019,OPF,FL,ASO,ES,Federal Contract Tower,0,72,164,4,240,0,4,138,7,149,0,76,302,11,389,293,0,293,682
12/05/2019,OPF,FL,ASO,ES,Federal Contract Tower,1,86,204,4,295,0,8,136,14,158,1,94,340,18,453,295,0,295,748
12/06/2019,OPF,FL,ASO,ES,Federal Contract Tower,0,67,194,1,262,0,3,151,6,160,0,70,345,7,422,176,0,176,598
12/07/2019,OPF,FL,ASO,ES,Federal Contract Tower,0,47,112,2,161,0,6,118,2,126,0,53,230,4,287,175,0,175,462
12/08/2019,OPF,FL,ASO,ES,Federal Contract Tower,0,86,169,3,258,0,5,103,9,117,0,91,272,12,375,44,0,44,419
12/09/2019,OPF,FL,ASO,ES,Federal Contract Tower,0,70,161,3,234,0,2,136,10,148,0,72,297,13,382,154,3,157,539
12/10/2019,OPF,FL,ASO,ES,Federal Contract Tower,0,42,135,5,182,0,15,124,21,160,0,57,259,26,342,246,9,255,597
12/11/2019,OPF,FL,ASO,ES,Federal Contract Tower,0,45,140,2,187,0,7,107,7,121,0,52,247,9,308,289,0,289,597
12/12/2019,OPF,FL,ASO,ES,Federal Contract Tower,0,60,135,12,207,0,2,100,20,122,0,62,235,32,329,179,4,183,512
12/13/2019,OPF,FL,ASO,ES,Federal Contract Tower,0,41,142,4,187,0,5,135,13,153,0,46,277,17,340,195,19,214,554
12/14/2019,OPF,FL,ASO,ES,Federal Contract Tower,0,41,98,0,139,0,2,121,9,132,0,43,219,9,271,31,0,31,302
12/15/2019,OPF,FL,ASO,ES,Federal Contract Tower,1,63,105,0,169,0,3,162,8,173,1,66,267,8,342,115,0,115,457
12/16/2019,OPF,FL,ASO,ES,Federal Contract Tower,1,49,154,3,207,0,7,147,14,168,1,56,301,17,375,192,0,192,567
12/17/2019,OPF,FL,ASO,ES,Federal Contract Tower,1,51,141,4,197,0,4,154,15,173,1,55,295,19,370,128,0,128,498
12/18/2019,OPF,FL,ASO,ES,Federal Contract Tower,0,36,143,7,186,0,3,75,5,83,0,39,218,12,269,165,0,165,434
12/19/2019,OPF,FL,ASO,ES,Federal Contract Tower,0,60,140,2,202,0,2,17,1,20,0,62,157,3,222,18,1,19,241
12/20/2019,OPF,FL,ASO,ES,Federal Contract Tower,0,83,179,1,263,0,6,45,10,61,0,89,224,11,324,41,0,41,365
12/21/2019,OPF,FL,ASO,ES,Federal Contract Tower,0,58,140,0,198,0,0,54,2,56,0,58,194,2,254,114,4,118,372
12/22/2019,OPF,FL,ASO,ES,Federal Contract Tower,0,50,102,0,152,0,0,43,4,47,0,50,145,4,199,26,0,26,225
12/23/2019,OPF,FL,ASO,ES,Federal Contract Tower,0,52,143,3,198,0,0,66,5,71,0,52,209,8,269,116,0,116,385
12/24/2019,OPF,FL,ASO,ES,Federal Contract Tower,0,37,64,5,106,0,2,95,8,105,0,39,159,13,211,49,0,49,260
12/25/2019,OPF,FL,ASO,ES,Federal Contract Tower,0,35,55,2,92,0,2,50,0,52,0,37,105,2,144,78,0,78,222
12/26/2019,OPF,FL,ASO,ES,Federal Contract Tower,0,75,164,4,243,0,5,90,7,102,0,80,254,11,345,108,0,108,453
12/27/2019,OPF,FL,ASO,ES,Federal Contract Tower,0,72,174,5,251,0,1,104,5,110,0,73,278,10,361,118,6,124,485
12/28/2019,OPF,FL,ASO,ES,Federal Contract Tower,0,71,149,0,220,0,1,77,2,80,0,72,226,2,300,80,0,80,380
12/29/2019,OPF,FL,ASO,ES,Federal Contract Tower,0,69,151,4,224,0,1,68,16,85,0,70,219,20,309,54,0,54,363
12/30/2019,OPF,FL,ASO,ES,Federal Contract Tower,0,71,157,2,230,0,5,71,6,82,0,76,228,8,312,127,0,127,439
12/31/2019,OPF,FL,ASO,ES,Federal Contract Tower,0,49,91,2,142,0,4,78,3,85,0,53,169,5,227,62,10,72,299
01/01/2020,OPF,FL,ASO,ES,Federal Contract Tower,0,80,111,0,191,0,1,79,4,84,0,81,190,4,275,57,0,57,332
01/02/2020,OPF,FL,ASO,ES,Federal Contract Tower,0,62,144,2,208,0,4,113,9,126,0,66,257,11,334,211,0,211,545
01/03/2020,OPF,FL,ASO,ES,Federal Contract Tower,1,58,151,3,213,0,3,92,5,100,1,61,243,8,313,73,21,94,407
01/04/2020,OPF,FL,ASO,ES,Federal Contract Tower,0,73,172,0,245,0,4,100,2,106,0,77,272,2,351,71,16,87,438
01/05/2020,OPF,FL,ASO,ES,Federal Contract Tower,0,78,199,6,283,0,4,120,2,126,0,82,319,8,409,77,0,77,486
01/06/2020,OPF,FL,ASO,ES,Federal Contract Tower,0,43,156,0,199,0,4,147,4,155,0,47,303,4,354,108,0,108,462
01/07/2020,OPF,FL,ASO,ES,Federal Contract Tower,1,35,129,0,165,0,5,140,7,152,1,40,269,7,317,135,0,135,452
01/08/2020,OPF,FL,ASO,ES,Federal Contract Tower,0,32,143,5,180,0,5,147,6,158,0,37,290,11,338,151,40,191,529
01/09/2020,OPF,FL,ASO,ES,Federal Contract Tower,0,41,97,8,146,0,6,86,12,104,0,47,183,20,250,45,20,65,315
01/10/2020,OPF,FL,ASO,ES,Federal Contract Tower,0,53,127,11,191,0,2,39,12,53,0,55,166,23,244,59,0,59,303
01/11/2020,OPF,FL,ASO,ES,Federal Contract Tower,0,25,84,2,111,0,2,68,7,77,0,27,152,9,188,30,0,30,218
01/12/2020,OPF,FL,ASO,ES,Federal Contract Tower,1,45,113,8,167,0,4,79,8,91,1,49,192,16,258,51,0,51,309
01/13/2020,OPF,FL,ASO,ES,Federal Contract Tower,0,36,129,5,170,0,3,136,18,157,0,39,265,23,327,170,11,181,508
01/14/2020,OPF,FL,ASO,ES,Federal Contract Tower,1,37,118,0,156,0,6,139,18,163,1,43,257,18,319,249,6,255,574
01/15/2020,OPF,FL,ASO,ES,Federal Contract Tower,0,35,110,4,149,0,7,118,15,140,0,42,228,19,289,178,0,178,467
01/16/2020,OPF,FL,ASO,ES,Federal Contract Tower,0,52,130,1,183,0,2,168,11,181,0,54,298,12,364,161,0,161,525
01/17/2020,OPF,FL,ASO,ES,Federal Contract Tower,1,56,131,6,194,0,2,108,11,121,1,58,239,17,315,26,20,46,361
01/18/2020,OPF,FL,ASO,ES,Federal Contract Tower,0,39,77,0,116,0,3,119,6,128,0,42,196,6,244,68,0,68,312
01/19/2020,OPF,FL,ASO,ES,Federal Contract Tower,0,24,119,5,148,0,1,123,5,129,0,25,242,10,277,207,0,207,484
01/20/2020,OPF,FL,ASO,ES,Federal Contract Tower,1,72,165,6,244,0,3,114,1,118,1,75,279,7,362,186,0,186,548
01/21/2020,OPF,FL,ASO,ES,Federal Contract Tower,0,45,140,3,188,0,5,148,13,166,0,50,288,16,354,67,4,71,425
01/22/2020,OPF,FL,ASO,ES,Federal Contract Tower,0,46,145,9,200,0,10,96,12,118,0,56,241,21,318,77,0,77,395
01/23/2020,OPF,FL,ASO,ES,Federal Contract Tower,0,55,106,1,162,0,8,83,3,94,0,63,189,4,256,163,0,163,419
01/24/2020,OPF,FL,ASO,ES,Federal Contract Tower,0,52,128,3,183,0,5,150,11,166,0,57,278,14,349,254,0,254,603
01/25/2020,OPF,FL,ASO,ES,Federal Contract Tower,0,26,65,1,92,0,3,139,11,153,0,29,204,12,245,42,0,42,287
01/26/2020,OPF,FL,ASO,ES,Federal Contract Tower,0,35,104,0,139,0,0,95,7,102,0,35,199,7,241,60,0,60,301
01/27/2020,OPF,FL,ASO,ES,Federal Contract Tower,0,48,103,2,153,0,5,142,16,163,0,53,245,18,316,153,0,153,469
01/28/2020,OPF,FL,ASO,ES,Federal Contract Tower,0,45,101,3,149,0,8,138,10,156,0,53,239,13,305,136,0,136,441
01/29/2020,OPF,FL,ASO,ES,Federal Contract Tower,0,32,80,3,115,0,2,111,12,125,0,34,191,15,240,92,0,92,332
01/30/2020,OPF,FL,ASO,ES,Federal Contract Tower,1,82,129,2,214,0,11,80,15,106,1,93,209,17,320,4,0,4,324
01/31/2020,OPF,FL,ASO,ES,Federal Contract Tower,1,96,151,3,251,0,4,52,9,65,1,100,203,12,316,0,0,0,316
02/01/2020,OPF,FL,ASO,ES,Federal Contract Tower,0,57,81,0,138,0,2,41,5,48,0,59,122,5,186,8,2,10,196
02/02/2020,OPF,FL,ASO,ES,Federal Contract Tower,0,49,65,0,114,0,23,50,4,77,0,72,115,4,191,0,0,0,191
02/03/2020,OPF,FL,ASO,ES,Federal Contract Tower,1,169,263,0,433,0,1,53,15,69,1,170,316,15,502,5,0,5,507
02/04/2020,OPF,FL,ASO,ES,Federal Contract Tower,0,56,157,4,217,0,4,172,23,199,0,60,329,27,416,43,0,43,459
02/05/2020,OPF,FL,ASO,ES,Federal Contract Tower,0,52,150,6,208,0,2,191,20,213,0,54,341,26,421,162,18,180,601
02/06/2020,OPF,FL,ASO,ES,Federal Contract Tower,0,42,107,5,154,0,7,85,16,108,0,49,192,21,262,11,7,18,280
02/07/2020,OPF,FL,ASO,ES,Federal Contract Tower,0,41,149,2,192,0,0,95,4,99,0,41,244,6,291,177,0,177,468
02/08/2020,OPF,FL,ASO,ES,Federal Contract Tower,2,26,114,4,146,0,4,157,5,166,2,30,271,9,312,163,0,163,475
02/09/2020,OPF,FL,ASO,ES,Federal Contract Tower,0,48,106,1,155,0,3,90,14,107,0,51,196,15,262,23,0,23,285
02/10/2020,OPF,FL,ASO,ES,Federal Contract Tower,0,49,167,0,216,0,3,148,16,167,0,52,315,16,383,159,13,172,555
02/11/2020,OPF,FL,ASO,ES,Federal Contract Tower,0,41,148,1,190,0,3,179,17,199,0,44,327,18,389,198,0,198,587
02/12/2020,OPF,FL,ASO,ES,Federal Contract Tower,0,56,203,1,260,0,3,139,16,158,0,59,342,17,418,182,0,182,600
02/13/2020,OPF,FL,ASO,ES,Federal Contract Tower,0,82,201,1,284,0,7,163,21,191,0,89,364,22,475,92,2,94,569
02/14/2020,OPF,FL,ASO,ES,Federal Contract Tower,0,85,221,5,311,0,9,132,11,152,0,94,353,16,463,248,28,276,739
02/15/2020,OPF,FL,ASO,ES,Federal Contract Tower,0,37,138,7,182,0,3,37,2,42,0,40,175,9,224,34,0,34,258
02/16/2020,OPF,FL,ASO,ES,Federal Contract Tower,0,44,184,0,228,0,4,114,7,125,0,48,298,7,353,120,0,120,473
02/17/2020,OPF,FL,ASO,ES,Federal Contract Tower,0,87,214,1,302,0,3,141,11,155,0,90,355,12,457,125,0,125,582
02/18/2020,OPF,FL,ASO,ES,Federal Contract Tower,0,65,148,6,219,0,7,152,19,178,0,72,300,25,397,156,19,175,572
02/19/2020,OPF,FL,ASO,ES,Federal Contract Tower,0,43,151,3,197,0,11,169,20,200,0,54,320,23,397,228,0,228,625
02/20/2020,OPF,FL,ASO,ES,Federal Contract Tower,0,62,141,5,208,0,12,142,20,174,0,74,283,25,382,229,2,231,613
02/21/2020,OPF,FL,ASO,ES,Federal Contract Tower,1,49,150,8,208,0,3,49,21,73,1,52,199,29,281,51,0,51,332
02/22/2020,OPF,FL,ASO,ES,Federal Contract Tower,0,35,104,4,143,0,3,73,8,84,0,38,177,12,227,12,0,12,239
02/23/2020,OPF,FL,ASO,ES,Federal Contract Tower,0,66,152,5,223,0,7,119,9,135,0,73,271,14,358,91,0,91,449
02/24/2020,OPF,FL,ASO,ES,Federal Contract Tower,1,45,155,1,202,0,5,148,10,163,1,50,303,11,365,124,0,124,489
02/25/2020,OPF,FL,ASO,ES,Federal Contract Tower,0,33,128,1,162,0,4,123,25,152,0,37,251,26,314,81,23,104,418
02/26/2020,OPF,FL,ASO,ES,Federal Contract Tower,0,55,138,1,194,0,2,100,21,123,0,57,238,22,317,137,59,196,513
02/27/2020,OPF,FL,ASO,ES,Federal Contract Tower,1,64,129,5,199,0,8,121,19,148,1,72,250,24,347,109,31,140,487
02/28/2020,OPF,FL,ASO,ES,Federal Contract Tower,0,54,151,5,210,0,6,146,9,161,0,60,297,14,371,211,28,239,610
02/29/2020,OPF,FL,ASO,ES,Federal Contract Tower,0,24,129,4,157,0,3,111,4,118,0,27,240,8,275,107,0,107,382
03/01/2020,OPF,FL,ASO,ES,Federal Contract Tower,1,64,140,1,206,0,8,121,14,143,1,72,261,15,349,126,0,126,475
03/02/2020,OPF,FL,ASO,ES,Federal Contract Tower,0,37,134,6,177,0,8,127,14,149,0,45,261,20,326,95,12,107,433
03/03/2020,OPF,FL,ASO,ES,Federal Contract Tower,2,41,109,3,155,0,4,151,27,182,2,45,260,30,337,169,0,169,506
03/04/2020,OPF,FL,ASO,ES,Federal Contract Tower,0,43,145,3,191,0,4,124,10,138,0,47,269,13,329,189,10,199,528
03/05/2020,OPF,FL,ASO,ES,Federal Contract Tower,1,64,140,7,212,0,3,132,17,152,1,67,272,24,364,183,31,214,578
03/06/2020,OPF,FL,ASO,ES,Federal Contract Tower,0,52,160,6,218,0,4,104,6,114,0,56,264,12,332,139,0,139,471
03/07/2020,OPF,FL,ASO,ES,Federal Contract Tower,0,29,114,0,143,0,2,108,2,112,0,31,222,2,255,31,0,31,286
03/08/2020,OPF,FL,ASO,ES,Federal Contract Tower,0,59,121,0,180,0,5,57,9,71,0,64,178,9,251,6,3,9,260
03/09/2020,OPF,FL,ASO,ES,Federal Contract Tower,0,41,136,6,183,0,8,54,14,76,0,49,190,20,259,62,10,72,331
03/10/2020,OPF,FL,ASO,ES,Federal Contract Tower,0,58,142,5,205,0,5,158,10,173,0,63,300,15,378,71,0,71,449
03/11/2020,OPF,FL,ASO,ES,Federal Contract Tower,1,53,115,0,169,0,2,143,13,158,1,55,258,13,327,154,16,170,497
03/12/2020,OPF,FL,ASO,ES,Federal Contract Tower,2,65,187,2,256,0,6,167,9,182,2,71,354,11,438,244,0,244,682
03/13/2020,OPF,FL,ASO,ES,Federal Contract Tower,1,82,170,5,258,0,4,148,16,168,1,86,318,21,426,209,23,232,658
03/14/2020,OPF,FL,ASO,ES,Federal Contract Tower,1,49,124,0,174,0,1,111,6,118,1,50,235,6,292,115,0,115,407
03/15/2020,OPF,FL,ASO,ES,Federal Contract Tower,0,62,130,2,194,0,6,102,7,115,0,68,232,9,309,177,0,177,486
03/16/2020,OPF,FL,ASO,ES,Federal Contract Tower,0,65,153,4,222,0,4,100,7,111,0,69,253,11,333,155,0,155,488
03/17/2020,OPF,FL,ASO,ES,Federal Contract Tower,0,53,158,2,213,0,7,145,3,155,0,60,303,5,368,169,0,169,537
03/18/2020,OPF,FL,ASO,ES,Federal Contract Tower,0,71,100,5,176,0,3,127,9,139,0,74,227,14,315,193,0,193,508
03/19/2020,OPF,FL,ASO,ES,Federal Contract Tower,0,39,122,4,165,0,7,123,7,137,0,46,245,11,302,109,0,109,411
03/20/2020,OPF,FL,ASO,ES,Federal Contract Tower,0,33,120,4,157,0,3,118,7,128,0,36,238,11,285,158,0,158,443
03/21/2020,OPF,FL,ASO,ES,Federal Contract Tower,0,21,89,1,111,0,3,82,6,91,0,24,171,7,202,99,5,104,306
03/22/2020,OPF,FL,ASO,ES,Federal Contract Tower,0,33,75,3,111,0,1,72,8,81,0,34,147,11,192,52,11,63,255
03/23/2020,OPF,FL,ASO,ES,Federal Contract Tower,0,22,57,4,83,0,2,63,9,74,0,24,120,13,157,143,0,143,300
03/24/2020,OPF,FL,ASO,ES,Federal Contract Tower,0,31,45,3,79,0,3,83,13,99,0,34,128,16,178,106,8,114,292
03/25/2020,OPF,FL,ASO,ES,Federal Contract Tower,0,20,50,2,72,0,1,69,8,78,0,21,119,10,150,96,0,96,246
03/26/2020,OPF,FL,ASO,ES,Federal Contract Tower,0,16,42,2,60,0,3,80,15,98,0,19,122,17,158,103,34,137,295
03/27/2020,OPF,FL,ASO,ES,Federal Contract Tower,0,22,41,3,66,0,2,67,12,81,0,24,108,15,147,133,27,160,307
03/28/2020,OPF,FL,ASO,ES,Federal Contract Tower,0,14,24,2,40,0,0,45,13,58,0,14,69,15,98,11,0,11,109
03/29/2020,OPF,FL,ASO,ES,Federal Contract Tower,0,9,23,1,33,0,0,29,7,36,0,9,52,8,69,6,0,6,75
03/30/2020,OPF,FL,ASO,ES,Federal Contract Tower,1,8,54,0,63,0,2,78,7,87,1,10,132,7,150,57,2,59,209
03/31/2020,OPF,FL,ASO,ES,Federal Contract Tower,0,22,52,0,74,0,2,55,9,66,0,24,107,9,140,76,0,76,216
04/01/2020,OPF,FL,ASO,ES,Federal Contract Tower,0,18,35,3,56,0,0,30,9,39,0,18,65,12,95,60,41,101,196
04/02/2020,OPF,FL,ASO,ES,Federal Contract Tower,0,18,36,7,61,0,1,88,15,104,0,19,124,22,165,58,31,89,254
04/03/2020,OPF,FL,ASO,ES,Federal Contract Tower,0,6,49,9,64,0,2,55,8,65,0,8,104,17,129,58,45,103,232
04/04/2020,OPF,FL,ASO,ES,Federal Contract Tower,0,12,15,5,32,0,4,39,18,61,0,16,54,23,93,57,0,57,150
04/05/2020,OPF,FL,ASO,ES,Federal Contract Tower,0,8,18,5,31,0,1,35,9,45,0,9,53,14,76,28,13,41,117
04/06/2020,OPF,FL,ASO,ES,Federal Contract Tower,0,14,52,2,68,0,4,50,10,64,0,18,102,12,132,71,0,71,203
04/07/2020,OPF,FL,ASO,ES,Federal Contract Tower,0,21,39,2,62,0,4,58,13,75,0,25,97,15,137,101,0,101,238
04/08/2020,OPF,FL,ASO,ES,Federal Contract Tower,0,18,50,8,76,0,1,76,16,93,0,19,126,24,169,122,0,122,291
04/09/2020,OPF,FL,ASO,ES,Federal Contract Tower,0,16,48,1,65,0,7,49,12,68,0,23,97,13,133,63,0,63,196
04/10/2020,OPF,FL,ASO,ES,Federal Contract Tower,0,9,46,0,55,0,0,62,12,74,0,9,108,12,129,100,32,132,261
04/11/2020,OPF,FL,ASO,ES,Federal Contract Tower,0,4,21,0,25,0,2,44,5,51,0,6,65,5,76,103,0,103,179
04/12/2020,OPF,FL,ASO,ES,Federal Contract Tower,0,5,8,7,20,0,3,15,12,30,0,8,23,19,50,0,14,14,64
04/13/2020,OPF,FL,ASO,ES,Federal Contract Tower,0,5,24,1,30,0,2,38,11,51,0,7,62,12,81,31,4,35,116
04/14/2020,OPF,FL,ASO,ES,Federal Contract Tower,0,28,33,9,70,0,5,54,20,79,0,33,87,29,149,37,37,74,223
04/15/2020,OPF,FL,ASO,ES,Federal Contract Tower,2,11,45,5,63,0,3,91,8,102,2,14,136,13,165,115,7,122,287
04/16/2020,OPF,FL,ASO,ES,Federal Contract Tower,0,12,23,4,39,0,2,62,17,81,0,14,85,21,120,73,20,93,213
04/17/2020,OPF,FL,ASO,ES,Federal Contract Tower,0,12,30,8,50,0,1,32,9,42,0,13,62,17,92,13,10,23,115
04/18/2020,OPF,FL,ASO,ES,Federal Contract Tower,0,8,21,3,32,0,0,49,13,62,0,8,70,16,94,77,34,111,205
04/19/2020,OPF,FL,ASO,ES,Federal Contract Tower,0,13,37,2,52,0,1,48,12,61,0,14,85,14,113,68,19,87,200
04/20/2020,OPF,FL,ASO,ES,Federal Contract Tower,0,15,26,2,43,0,4,49,8,61,0,19,75,10,104,37,0,37,141
04/21/2020,OPF,FL,ASO,ES,Federal Contract Tower,0,7,56,2,65,0,3,67,9,79,0,10,123,11,144,143,0,143,287
04/22/2020,OPF,FL,ASO,ES,Federal Contract Tower,0,20,65,3,88,0,1,104,13,118,0,21,169,16,206,113,0,113,319
04/23/2020,OPF,FL,ASO,ES,Federal Contract Tower,0,12,64,0,76,0,5,91,14,110,0,17,155,14,186,75,5,80,266
04/24/2020,OPF,FL,ASO,ES,Federal Contract Tower,0,12,41,5,58,0,0,57,9,66,0,12,98,14,124,4,17,21,145
04/25/2020,OPF,FL,ASO,ES,Federal Contract Tower,0,7,48,0,55,0,4,31,11,46,0,11,79,11,101,52,10,62,163
04/26/2020,OPF,FL,ASO,ES,Federal Contract Tower,0,19,39,2,60,0,6,35,12,53,0,25,74,14,113,64,8,72,185
04/27/2020,OPF,FL,ASO,ES,Federal Contract Tower,0,22,65,3,90,0,2,109,12,123,0,24,174,15,213,119,7,126,339
04/28/2020,OPF,FL,ASO,ES,Federal Contract Tower,0,23,64,2,89,0,5,83,19,107,0,28,147,21,196,82,0,82,278
04/29/2020,OPF,FL,ASO,ES,Federal Contract Tower,0,22,69,1,92,0,8,99,10,117,0,30,168,11,209,139,6,145,354
04/30/2020,OPF,FL,ASO,ES,Federal Contract Tower,1,33,44,3,81,0,0,43,12,55,1,33,87,15,136,200,17,217,353
05/01/2020,OPF,FL,ASO,ES,Federal Contract Tower,1,18,80,1,100,0,0,106,9,115,1,18,186,10,215,180,19,199,414
05/02/2020,OPF,FL,ASO,ES,Federal Contract Tower,0,14,37,2,53,0,1,83,0,84,0,15,120,2,137,94,0,94,231
05/03/2020,OPF,FL,ASO,ES,Federal Contract Tower,0,19,33,0,52,0,2,57,0,59,0,21,90,0,111,38,0,38,149
05/04/2020,OPF,FL,ASO,ES,Federal Contract Tower,0,20,54,0,74,0,3,98,5,106,0,23,152,5,180,179,0,179,359
05/05/2020,OPF,FL,ASO,ES,Federal Contract Tower,0,21,70,0,91,0,6,94,11,111,0,27,164,11,202,217,0,217,419
05/06/2020,OPF,FL,ASO,ES,Federal Contract Tower,1,26,66,3,96,0,7,80,7,94,1,33,146,10,190,146,18,164,354
05/07/2020,OPF,FL,ASO,ES,Federal Contract Tower,0,17,75,1,93,0,1,81,11,93,0,18,156,12,186,205,8,213,399
05/08/2020,OPF,FL,ASO,ES,Federal Contract Tower,0,15,50,8,73,0,0,81,17,98,0,15,131,25,171,182,33,215,386
05/09/2020,OPF,FL,ASO,ES,Federal Contract Tower,0,22,52,3,77,0,0,88,10,98,0,22,140,13,175,132,0,132,307
05/10/2020,OPF,FL,ASO,ES,Federal Contract Tower,1,15,17,2,35,0,0,12,5,17,1,15,29,7,52,0,8,8,60
05/11/2020,OPF,FL,ASO,ES,Federal Contract Tower,0,30,71,3,104,0,0,83,11,94,0,30,154,14,198,155,20,175,373
05/12/2020,OPF,FL,ASO,ES,Federal Contract Tower,0,31,58,3,92,0,4,82,7,93,0,35,140,10,185,124,15,139,324
05/13/2020,OPF,FL,ASO,ES,Federal Contract Tower,0,26,59,8,93,0,2,68,5,75,0,28,127,13,168,49,1,50,218
05/14/2020,OPF,FL,ASO,ES,Federal Contract Tower,0,23,31,0,54,0,2,33,10,45,0,25,64,10,99,96,1,97,196
05/15/2020,OPF,FL,ASO,ES,Federal Contract Tower,0,32,52,0,84,0,0,4,4,8,0,32,56,4,92,0,0,0,92
05/16/2020,OPF,FL,ASO,ES,Federal Contract Tower,1,31,77,3,112,0,0,78,8,86,1,31,155,11,198,54,5,59,257
05/17/2020,OPF,FL,ASO,ES,Federal Contract Tower,0,19,64,8,91,0,0,68,6,74,0,19,132,14,165,66,0,66,231
05/18/2020,OPF,FL,ASO,ES,Federal Contract Tower,0,23,74,5,102,0,1,73,6,80,0,24,147,11,182,159,0,159,341
05/19/2020,OPF,FL,ASO,ES,Federal Contract Tower,0,29,50,1,80,0,4,66,4,74,0,33,116,5,154,118,9,127,281
05/20/2020,OPF,FL,ASO,ES,Federal Contract Tower,0,32,102,4,138,0,1,98,8,107,0,33,200,12,245,186,26,212,457
05/21/2020,OPF,FL,ASO,ES,Federal Contract Tower,0,32,112,1,145,0,6,86,16,108,0,38,198,17,253,75,2,77,330
05/22/2020,OPF,FL,ASO,ES,Federal Contract Tower,0,36,138,2,176,0,4,162,9,175,0,40,300,11,351,175,0,175,526
05/23/2020,OPF,FL,ASO,ES,Federal Contract Tower,0,25,68,2,95,0,0,94,13,107,0,25,162,15,202,128,25,153,355
05/24/2020,OPF,FL,ASO,ES,Federal Contract Tower,0,20,30,0,50,0,0,9,2,11,0,20,39,2,61,5,4,9,70
05/25/2020,OPF,FL,ASO,ES,Federal Contract Tower,0,32,49,5,86,0,0,2,3,5,0,32,51,8,91,4,10,14,105
05/26/2020,OPF,FL,ASO,ES,Federal Contract Tower,0,33,73,3,109,0,4,55,5,64,0,37,128,8,173,67,3,70,243
05/27/2020,OPF,FL,ASO,ES,Federal Contract Tower,0,34,91,7,132,0,3,82,6,91,0,37,173,13,223,196,21,217,440
05/28/2020,OPF,FL,ASO,ES,Federal Contract Tower,0,36,138,4,178,0,6,166,9,181,0,42,304,13,359,305,0,305,664
05/29/2020,OPF,FL,ASO,ES,Federal Contract Tower,0,29,112,1,142,0,0,126,7,133,0,29,238,8,275,216,27,243,518
05/30/2020,OPF,FL,ASO,ES,Federal Contract Tower,0,27,69,3,99,0,1,116,13,130,0,28,185,16,229,119,0,119,348
05/31/2020,OPF,FL,ASO,ES,Federal Contract Tower,1,24,64,5,94,0,2,73,10,85,1,26,137,15,179,95,0,95,274
06/01/2020,OPF,FL,ASO,ES,Federal Contract Tower,0,29,104,4,137,0,11,107,5,123,0,40,211,9,260,218,17,235,495
06/02/2020,OPF,FL,ASO,ES,Federal Contract Tower,0,31,100,0,131,0,2,84,13,99,0,33,184,13,230,280,14,294,524
06/03/2020,OPF,FL,ASO,ES,Federal Contract Tower,0,36,75,2,113,0,0,46,10,56,0,36,121,12,169,179,14,193,362
06/04/2020,OPF,FL,ASO,ES,Federal Contract Tower,0,38,109,2,149,0,0,63,11,74,0,38,172,13,223,77,29,106,329
06/05/2020,OPF,FL,ASO,ES,Federal Contract Tower,0,36,92,2,130,0,0,60,6,66,0,36,152,8,196,150,16,166,362
06/06/2020,OPF,FL,ASO,ES,Federal Contract Tower,0,38,103,1,142,0,1,60,7,68,0,39,163,8,210,73,0,73,283
06/07/2020,OPF,FL,ASO,ES,Federal Contract Tower,0,30,100,7,137,0,0,53,6,59,0,30,153,13,196,87,17,104,300
06/08/2020,OPF,FL,ASO,ES,Federal Contract Tower,0,42,96,2,140,0,8,102,7,117,0,50,198,9,257,75,2,77,334
06/09/2020,OPF,FL,ASO,ES,Federal Contract Tower,0,49,116,2,167,0,4,140,8,152,0,53,256,10,319,67,14,81,400
06/10/2020,OPF,FL,ASO,ES,Federal Contract Tower,0,32,110,2,144,0,8,121,16,145,0,40,231,18,289,42,4,46,335
06/11/2020,OPF,FL,ASO,ES,Federal Contract Tower,0,44,88,2,134,0,2,126,10,138,0,46,214,12,272,63,0,63,335
06/12/2020,OPF,FL,ASO,ES,Federal Contract Tower,0,43,119,6,168,0,5,132,10,147,0,48,251,16,315,53,0,53,368
06/13/2020,OPF,FL,ASO,ES,Federal Contract Tower,0,18,64,1,83,0,9,104,6,119,0,27,168,7,202,198,1,199,401
06/14/2020,OPF,FL,ASO,ES,Federal Contract Tower,0,39,86,0,125,0,2,52,3,57,0,41,138,3,182,44,18,62,244
06/15/2020,OPF,FL,ASO,ES,Federal Contract Tower,0,24,101,3,128,0,3,94,10,107,0,27,195,13,235,176,34,210,445
06/16/2020,OPF,FL,ASO,ES,Federal Contract Tower,0,31,99,8,138,0,6,134,19,159,0,37,233,27,297,233,9,242,539
06/17/2020,OPF,FL,ASO,ES,Federal Contract Tower,1,45,102,4,152,0,3,86,10,99,1,48,188,14,251,91,8,99,350
06/18/2020,OPF,FL,ASO,ES,Federal Contract Tower,0,36,98,1,135,0,2,66,15,83,0,38,164,16,218,103,15,118,336
06/19/2020,OPF,FL,ASO,ES,Federal Contract Tower,0,44,90,3,137,0,2,74,7,83,0,46,164,10,220,130,0,130,350
06/20/2020,OPF,FL,ASO,ES,Federal Contract Tower,3,21,80,4,108,0,4,105,3,112,3,25,185,7,220,101,0,101,321
06/21/2020,OPF,FL,ASO,ES,Federal Contract Tower,0,34,94,0,128,0,1,88,9,98,0,35,182,9,226,53,0,53,279
06/22/2020,OPF,FL,ASO,ES,Federal Contract Tower,0,50,110,0,160,0,5,129,5,139,0,55,239,5,299,173,14,187,486
06/23/2020,OPF,FL,ASO,ES,Federal Contract Tower,1,46,115,3,165,0,7,121,6,134,1,53,236,9,299,233,16,249,548
06/24/2020,OPF,FL,ASO,ES,Federal Contract Tower,0,53,134,3,190,0,4,135,10,149,0,57,269,13,339,105,12,117,456
06/25/2020,OPF,FL,ASO,ES,Federal Contract Tower,0,34,141,1,176,0,9,129,15,153,0,43,270,16,329,138,4,142,471
06/26/2020,OPF,FL,ASO,ES,Federal Contract Tower,0,26,119,1,146,0,2,111,12,125,0,28,230,13,271,118,0,118,389
06/27/2020,OPF,FL,ASO,ES,Federal Contract Tower,0,30,88,3,121,0,2,113,6,121,0,32,201,9,242,97,16,113,355
06/28/2020,OPF,FL,ASO,ES,Federal Contract Tower,0,41,105,3,149,0,1,95,4,100,0,42,200,7,249,74,2,76,325
06/29/2020,OPF,FL,ASO,ES,Federal Contract Tower,0,50,115,1,166,0,8,125,11,144,0,58,240,12,310,244,0,244,554
06/30/2020,OPF,FL,ASO,ES,Federal Contract Tower,0,40,111,3,154,0,2,131,16,149,0,42,242,19,303,130,0,130,433
07/01/2020,OPF,FL,ASO,ES,Federal Contract Tower,0,43,130,10,183,0,6,111,7,124,0,49,241,17,307,229,14,243,550
07/02/2020,OPF,FL,ASO,ES,Federal Contract Tower,0,43,118,4,165,0,7,138,10,155,0,50,256,14,320,49,0,49,369
07/03/2020,OPF,FL,ASO,ES,Federal Contract Tower,0,25,119,2,146,0,6,135,18,159,0,31,254,20,305,59,0,59,364
07/04/2020,OPF,FL,ASO,ES,Federal Contract Tower,0,17,47,11,75,0,3,62,8,73,0,20,109,19,148,52,0,52,200
07/05/2020,OPF,FL,ASO,ES,Federal Contract Tower,0,26,73,4,103,0,2,42,6,50,0,28,115,10,153,20,18,38,191
07/06/2020,OPF,FL,ASO,ES,Federal Contract Tower,0,31,113,6,150,0,0,71,9,80,0,31,184,15,230,55,13,68,298
07/07/2020,OPF,FL,ASO,ES,Federal Contract Tower,0,33,104,9,146,0,3,97,13,113,0,36,201,22,259,211,21,232,491
07/08/2020,OPF,FL,ASO,ES,Federal Contract Tower,0,37,99,4,140,0,6,120,12,138,0,43,219,16,278,122,14,136,414
07/09/2020,OPF,FL,ASO,ES,Federal Contract Tower,0,41,117,6,164,0,1,162,11,174,0,42,279,17,338,145,2,147,485
07/10/2020,OPF,FL,ASO,ES,Federal Contract Tower,1,26,67,2,96,0,0,53,8,61,1,26,120,10,157,84,5,89,246
07/11/2020,OPF,FL,ASO,ES,Federal Contract Tower,0,13,75,4,92,0,1,77,4,82,0,14,152,8,174,99,0,99,273
07/12/2020,OPF,FL,ASO,ES,Federal Contract Tower,0,28,114,2,144,0,2,82,9,93,0,30,196,11,237,39,13,52,289
07/13/2020,OPF,FL,ASO,ES,Federal Contract Tower,0,32,118,2,152,0,2,112,19,133,0,34,230,21,285,214,31,245,530
07/14/2020,OPF,FL,ASO,ES,Federal Contract Tower,0,28,90,24,142,0,5,122,14,141,0,33,212,38,283,198,14,212,495
07/15/2020,OPF,FL,ASO,ES,Federal Contract Tower,0,37,99,2,138,0,2,90,13,105,0,39,189,15,243,180,6,186,429
07/16/2020,OPF,FL,ASO,ES,Federal Contract Tower,0,45,94,13,152,0,6,121,17,144,0,51,215,30,296,174,8,182,478
07/17/2020,OPF,FL,ASO,ES,Federal Contract Tower,0,30,68,3,101,0,2,52,17,71,0,32,120,20,172,75,31,106,278
07/18/2020,OPF,FL,ASO,ES,Federal Contract Tower,1,28,60,1,90,0,0,28,3,31,1,28,88,4,121,33,0,33,154
07/19/2020,OPF,FL,ASO,ES,Federal Contract Tower,0,32,71,4,107,0,2,79,5,86,0,34,150,9,193,51,4,55,248
07/20/2020,OPF,FL,ASO,ES,Federal Contract Tower,0,30,93,1,124,0,2,106,6,114,0,32,199,7,238,172,0,172,410
07/21/2020,OPF,FL,ASO,ES,Federal Contract Tower,0,39,79,3,121,0,5,110,20,135,0,44,189,23,256,116,0,116,372
07/22/2020,OPF,FL,ASO,ES,Federal Contract Tower,1,26,61,8,96,0,1,62,8,71,1,27,123,16,167,53,0,53,220
07/23/2020,OPF,FL,ASO,ES,Federal Contract Tower,1,44,70,1,116,0,1,70,10,81,1,45,140,11,197,191,4,195,392
07/24/2020,OPF,FL,ASO,ES,Federal Contract Tower,0,25,92,4,121,0,2,115,7,124,0,27,207,11,245,31,6,37,282
07/25/2020,OPF,FL,ASO,ES,Federal Contract Tower,0,14,47,0,61,0,0,77,7,84,0,14,124,7,145,151,0,151,296
07/26/2020,OPF,FL,ASO,ES,Federal Contract Tower,0,21,104,0,125,0,1,109,4,114,0,22,213,4,239,22,4,26,265
07/27/2020,OPF,FL,ASO,ES,Federal Contract Tower,0,23,101,1,125,0,5,121,9,135,0,28,222,10,260,154,15,169,429
07/28/2020,OPF,FL,ASO,ES,Federal Contract Tower,0,27,92,3,122,0,6,105,5,116,0,33,197,8,238,79,0,79,317
07/29/2020,OPF,FL,ASO,ES,Federal Contract Tower,0,25,116,1,142,0,2,123,12,137,0,27,239,13,279,173,6,179,458
07/30/2020,OPF,FL,ASO,ES,Federal Contract Tower,0,39,116,2,157,0,3,126,15,144,0,42,242,17,301,143,0,143,444
07/31/2020,OPF,FL,ASO,ES,Federal Contract Tower,0,36,132,3,171,0,1,118,8,127,0,37,250,11,298,207,21,228,526
08/01/2020,OPF,FL,ASO,ES,Federal Contract Tower,0,11,22,0,33,0,0,3,1,4,0,11,25,1,37,0,0,0,37
08/02/2020,OPF,FL,ASO,ES,Federal Contract Tower,0,8,36,6,50,0,0,9,2,11,0,8,45,8,61,0,0,0,61
08/03/2020,OPF,FL,ASO,ES,Federal Contract Tower,0,22,105,2,129,0,2,53,11,66,0,24,158,13,195,82,0,82,277
08/04/2020,OPF,FL,ASO,ES,Federal Contract Tower,0,23,90,3,116,0,4,96,4,104,0,27,186,7,220,112,0,112,332
08/05/2020,OPF,FL,ASO,ES,Federal Contract Tower,0,13,101,7,121,0,1,75,12,88,0,14,176,19,209,201,9,210,419
08/06/2020,OPF,FL,ASO,ES,Federal Contract Tower,0,35,109,4,148,0,3,132,11,146,0,38,241,15,294,173,5,178,472
08/07/2020,OPF,FL,ASO,ES,Federal Contract Tower,0,17,98,5,120,0,1,150,12,163,0,18,248,17,283,137,33,170,453
08/08/2020,OPF,FL,ASO,ES,Federal Contract Tower,0,28,57,0,85,0,1,74,6,81,0,29,131,6,166,136,2,138,304
08/09/2020,OPF,FL,ASO,ES,Federal Contract Tower,0,24,115,0,139,0,2,120,2,124,0,26,235,2,263,46,0,46,309
08/10/2020,OPF,FL,ASO,ES,Federal Contract Tower,0,38,126,5,169,0,4,122,10,136,0,42,248,15,305,190,8,198,503
08/11/2020,OPF,FL,ASO,ES,Federal Contract Tower,0,26,110,3,139,0,2,124,16,142,0,28,234,19,281,182,2,184,465
08/12/2020,OPF,FL,ASO,ES,Federal Contract Tower,0,26,94,5,125,0,3,86,5,94,0,29,180,10,219,139,6,145,364
08/13/2020,OPF,FL,ASO,ES,Federal Contract Tower,0,41,136,2,179,0,1,151,6,158,0,42,287,8,337,168,0,168,505
08/14/2020,OPF,FL,ASO,ES,Federal Contract Tower,0,27,92,8,127,0,1,109,10,120,0,28,201,18,247,157,18,175,422
08/15/2020,OPF,FL,ASO,ES,Federal Contract Tower,0,29,84,2,115,0,2,78,5,85,0,31,162,7,200,126,0,126,326
08/16/2020,OPF,FL,ASO,ES,Federal Contract Tower,0,25,98,0,123,0,4,60,2,66,0,29,158,2,189,63,0,63,252
08/17/2020,OPF,FL,ASO,ES,Federal Contract Tower,0,36,108,6,150,0,3,98,10,111,0,39,206,16,261,122,33,155,416
08/18/2020,OPF,FL,ASO,ES,Federal Contract Tower,0,29,108,3,140,0,3,109,1,113,0,32,217,4,253,113,0,113,366
08/19/2020,OPF,FL,ASO,ES,Federal Contract Tower,0,27,102,1,130,0,4,71,5,80,0,31,173,6,210,150,0,150,360
08/20/2020,OPF,FL,ASO,ES,Federal Contract Tower,0,33,119,5,157,0,0,96,15,111,0,33,215,20,268,88,2,90,358
08/21/2020,OPF,FL,ASO,ES,Federal Contract Tower,0,37,91,3,131,0,1,115,19,135,0,38,206,22,266,191,16,207,473
08/22/2020,OPF,FL,ASO,ES,Federal Contract Tower,0,13,79,1,93,0,4,96,11,111,0,17,175,12,204,84,1,85,289
08/23/2020,OPF,FL,ASO,ES,Federal Contract Tower,0,29,89,3,121,0,1,57,8,66,0,30,146,11,187,58,24,82,269
08/24/2020,OPF,FL,ASO,ES,Federal Contract Tower,0,32,56,6,94,0,1,41,6,48,0,33,97,12,142,15,31,46,188
08/25/2020,OPF,FL,ASO,ES,Federal Contract Tower,0,32,122,3,157,0,1,104,15,120,0,33,226,18,277,129,0,129,406
08/26/2020,OPF,FL,ASO,ES,Federal Contract Tower,0,28,115,4,147,0,1,114,18,133,0,29,229,22,280,164,19,183,463
08/27/2020,OPF,FL,ASO,ES,Federal Contract Tower,0,28,108,13,149,0,2,130,9,141,0,30,238,22,290,161,4,165,455
08/28/2020,OPF,FL,ASO,ES,Federal Contract Tower,0,29,104,7,140,0,0,135,10,145,0,29,239,17,285,192,17,209,494
08/29/2020,OPF,FL,ASO,ES,Federal Contract Tower,0,14,65,9,88,0,0,98,5,103,0,14,163,14,191,136,7,143,334
08/30/2020,OPF,FL,ASO,ES,Federal Contract Tower,0,22,88,1,111,0,4,51,5,60,0,26,139,6,171,13,0,13,184
08/31/2020,OPF,FL,ASO,ES,Federal Contract Tower,0,28,107,11,146,0,0,75,14,89,0,28,182,25,235,143,22,165,400
09/01/2020,OPF,FL,ASO,ES,Federal Contract Tower,0,25,103,8,136,0,4,151,17,172,0,29,254,25,308,179,1,180,488
09/02/2020,OPF,FL,ASO,ES,Federal Contract Tower,0,29,128,10,167,0,4,151,18,173,0,33,279,28,340,109,31,140,480
09/03/2020,OPF,FL,ASO,ES,Federal Contract Tower,0,40,134,4,178,0,3,133,15,151,0,43,267,19,329,112,9,121,450
09/04/2020,OPF,FL,ASO,ES,Federal Contract Tower,0,39,132,3,174,0,2,131,14,147,0,41,263,17,321,199,0,199,520
09/05/2020,OPF,FL,ASO,ES,Federal Contract Tower,0,18,71,4,93,0,2,84,8,94,0,20,155,12,187,123,0,123,310
09/06/2020,OPF,FL,ASO,ES,Federal Contract Tower,0,22,46,2,70,0,1,51,9,61,0,23,97,11,131,8,0,8,139
09/07/2020,OPF,FL,ASO,ES,Federal Contract Tower,0,34,112,8,154,0,6,65,9,80,0,40,177,17,234,72,19,91,325
09/08/2020,OPF,FL,ASO,ES,Federal Contract Tower,0,30,104,3,137,0,3,60,16,79,0,33,164,19,216,99,7,106,322
09/09/2020,OPF,FL,ASO,ES,Federal Contract Tower,0,29,115,9,153,0,2,75,8,85,0,31,190,17,238,128,8,136,374
09/10/2020,OPF,FL,ASO,ES,Federal Contract Tower,0,33,92,9,134,0,1,86,12,99,0,34,178,21,233,213,0,213,446
09/11/2020,OPF,FL,ASO,ES,Federal Contract Tower,0,32,118,5,155,0,4,121,11,136,0,36,239,16,291,163,0,163,454
09/12/2020,OPF,FL,ASO,ES,Federal Contract Tower,0,20,40,3,63,0,0,3,2,5,0,20,43,5,68,0,0,0,68
09/13/2020,OPF,FL,ASO,ES,Federal Contract Tower,0,24,87,5,116,0,0,43,3,46,0,24,130,8,162,15,0,15,177
09/14/2020,OPF,FL,ASO,ES,Federal Contract Tower,0,31,123,3,157,0,4,124,9,137,0,35,247,12,294,175,10,185,479
09/15/2020,OPF,FL,ASO,ES,Federal Contract Tower,0,34,122,7,163,0,1,172,9,182,0,35,294,16,345,285,0,285,630
09/16/2020,OPF,FL,ASO,ES,Federal Contract Tower,0,36,151,3,190,0,5,137,10,152,0,41,288,13,342,120,19,139,481
09/17/2020,OPF,FL,ASO,ES,Federal Contract Tower,0,33,144,3,180,0,5,169,12,186,0,38,313,15,366,210,2,212,578
09/18/2020,OPF,FL,ASO,ES,Federal Contract Tower,0,36,136,5,177,0,0,134,13,147,0,36,270,18,324,202,0,202,526
09/19/2020,OPF,FL,ASO,ES,Federal Contract Tower,0,26,69,6,101,0,0,96,9,105,0,26,165,15,206,183,6,189,395
09/20/2020,OPF,FL,ASO,ES,Federal Contract Tower,2,20,86,4,112,0,2,53,9,64,2,22,139,13,176,40,18,58,234
09/21/2020,OPF,FL,ASO,ES,Federal Contract Tower,0,65,69,6,140,0,0,4,1,5,0,65,73,7,145,0,7,7,152
09/22/2020,OPF,FL,ASO,ES,Federal Contract Tower,0,21,113,9,143,0,3,102,6,111,0,24,215,15,254,97,0,97,351
09/23/2020,OPF,FL,ASO,ES,Federal Contract Tower,0,38,100,4,142,0,1,112,14,127,0,39,212,18,269,181,0,181,450
09/24/2020,OPF,FL,ASO,ES,Federal Contract Tower,0,37,98,9,144,0,0,45,9,54,0,37,143,18,198,60,15,75,273
09/25/2020,OPF,FL,ASO,ES,Federal Contract Tower,0,37,82,4,123,0,4,65,8,77,0,41,147,12,200,131,0,131,331
09/26/2020,OPF,FL,ASO,ES,Federal Contract Tower,0,29,72,5,106,0,1,80,6,87,0,30,152,11,193,77,0,77,270
09/27/2020,OPF,FL,ASO,ES,Federal Contract Tower,0,27,110,1,138,0,0,74,7,81,0,27,184,8,219,81,5,86,305
09/28/2020,OPF,FL,ASO,ES,Federal Contract Tower,0,28,70,5,103,0,2,81,8,91,0,30,151,13,194,108,1,109,303
09/29/2020,OPF,FL,ASO,ES,Federal Contract Tower,0,41,118,3,162,0,5,110,15,130,0,46,228,18,292,204,5,209,501
09/30/2020,OPF,FL,ASO,ES,Federal Contract Tower,0,33,121,2,156,0,5,101,13,119,0,38,222,15,275,169,21,190,465
10/01/2020,OPF,FL,ASO,ES,Federal Contract Tower,0,43,120,3,166,0,4,58,19,81,0,47,178,22,247,130,13,143,390
10/02/2020,OPF,FL,ASO,ES,Federal Contract Tower,0,41,101,6,148,0,0,69,8,77,0,41,170,14,225,93,6,99,324
10/03/2020,OPF,FL,ASO,ES,Federal Contract Tower,0,24,67,4,95,1,3,24,7,35,1,27,91,11,130,56,0,56,186
10/04/2020,OPF,FL,ASO,ES,Federal Contract Tower,0,40,106,0,146,0,8,61,7,76,0,48,167,7,222,47,0,47,269
10/05/2020,OPF,FL,ASO,ES,Federal Contract Tower,0,36,112,8,156,0,1,113,21,135,0,37,225,29,291,97,26,123,414
10/06/2020,OPF,FL,ASO,ES,Federal Contract Tower,0,32,100,4,136,0,7,99,8,114,0,39,199,12,250,119,0,119,369
10/07/2020,OPF,FL,ASO,ES,Federal Contract Tower,0,23,123,3,149,0,6,167,12,185,0,29,290,15,334,131,37,168,502
10/08/2020,OPF,FL,ASO,ES,Federal Contract Tower,0,33,137,7,177,0,4,131,12,147,0,37,268,19,324,165,3,168,492
10/09/2020,OPF,FL,ASO,ES,Federal Contract Tower,0,44,117,4,165,0,2,127,3,132,0,46,244,7,297,179,0,179,476
10/10/2020,OPF,FL,ASO,ES,Federal Contract Tower,1,26,60,1,88,0,1,94,7,102,1,27,154,8,190,139,0,139,329
10/11/2020,OPF,FL,ASO,ES,Federal Contract Tower,0,41,91,2,134,0,1,55,8,64,0,42,146,10,198,65,0,65,263
10/12/2020,OPF,FL,ASO,ES,Federal Contract Tower,0,41,116,3,160,0,10,88,4,102,0,51,204,7,262,123,0,123,385
10/13/2020,OPF,FL,ASO,ES,Federal Contract Tower,0,39,124,6,169,0,4,123,18,145,0,43,247,24,314,253,16,269,583
10/14/2020,OPF,FL,ASO,ES,Federal Contract Tower,0,62,142,1,205,0,4,142,17,163,0,66,284,18,368,202,15,217,585
10/15/2020,OPF,FL,ASO,ES,Federal Contract Tower,0,42,81,4,127,0,3,72,5,80,0,45,153,9,207,110,5,115,322
10/16/2020,OPF,FL,ASO,ES,Federal Contract Tower,0,29,60,2,91,0,1,13,0,14,0,30,73,2,105,2,0,2,107
10/17/2020,OPF,FL,ASO,ES,Federal Contract Tower,0,34,98,1,133,0,3,95,8,106,0,37,193,9,239,160,0,160,399
10/18/2020,OPF,FL,ASO,ES,Federal Contract Tower,0,41,134,1,176,0,1,62,7,70,0,42,196,8,246,52,0,52,298
10/19/2020,OPF,FL,ASO,ES,Federal Contract Tower,0,42,88,3,133,0,2,46,9,57,0,44,134,12,190,160,29,189,379
10/20/2020,OPF,FL,ASO,ES,Federal Contract Tower,0,41,108,7,156,0,4,62,5,71,0,45,170,12,227,92,14,106,333
10/21/2020,OPF,FL,ASO,ES,Federal Contract Tower,0,40,79,18,137,0,0,5,1,6,0,40,84,19,143,19,9,28,171
10/22/2020,OPF,FL,ASO,ES,Federal Contract Tower,0,52,126,7,185,0,2,82,15,99,0,54,208,22,284,148,7,155,439
10/23/2020,OPF,FL,ASO,ES,Federal Contract Tower,0,43,108,2,153,0,1,118,10,129,0,44,226,12,282,227,0,227,509
10/24/2020,OPF,FL,ASO,ES,Federal Contract Tower,0,25,87,0,112,0,0,82,12,94,0,25,169,12,206,123,0,123,329
10/25/2020,OPF,FL,ASO,ES,Federal Contract Tower,0,29,117,1,147,0,0,28,8,36,0,29,145,9,183,16,0,16,199
10/26/2020,OPF,FL,ASO,ES,Federal Contract Tower,0,39,143,8,190,0,1,90,7,98,0,40,233,15,288,224,21,245,533
10/27/2020,OPF,FL,ASO,ES,Federal Contract Tower,0,44,126,5,175,0,5,145,9,159,0,49,271,14,334,195,17,212,546
10/28/2020,OPF,FL,ASO,ES,Federal Contract Tower,0,42,139,6,187,0,2,116,15,133,0,44,255,21,320,230,0,230,550
10/29/2020,OPF,FL,ASO,ES,Federal Contract Tower,0,36,96,0,132,0,1,61,17,79,0,37,157,17,211,83,0,83,294
10/30/2020,OPF,FL,ASO,ES,Federal Contract Tower,0,43,102,7,152,0,1,107,12,120,0,44,209,19,272,151,12,163,435
10/31/2020,OPF,FL,ASO,ES,Federal Contract Tower,0,28,84,2,114,0,1,58,3,62,0,29,142,5,176,104,1,105,281
11/01/2020,OPF,FL,ASO,ES,Federal Contract Tower,0,61,143,2,206,0,7,60,4,71,0,68,203,6,277,49,0,49,326
11/02/2020,OPF,FL,ASO,ES,Federal Contract Tower,0,41,95,2,138,0,2,16,7,25,0,43,111,9,163,12,0,12,175
11/03/2020,OPF,FL,ASO,ES,Federal Contract Tower,0,39,103,4,146,0,2,47,8,57,0,41,150,12,203,44,0,44,247
11/04/2020,OPF,FL,ASO,ES,Federal Contract Tower,0,43,90,2,135,0,0,51,3,54,0,43,141,5,189,95,0,95,284
11/05/2020,OPF,FL,ASO,ES,Federal Contract Tower,0,34,89,6,129,0,0,35,10,45,0,34,124,16,174,78,0,78,252
11/06/2020,OPF,FL,ASO,ES,Federal Contract Tower,0,22,99,11,132,0,2,63,8,73,0,24,162,19,205,149,8,157,362
11/07/2020,OPF,FL,ASO,ES,Federal Contract Tower,0,32,83,1,116,0,1,16,2,19,0,33,99,3,135,62,0,62,197
11/08/2020,OPF,FL,ASO,ES,Federal Contract Tower,0,20,47,0,67,0,0,1,0,1,0,20,48,0,68,0,0,0,68
11/09/2020,OPF,FL,ASO,ES,Federal Contract Tower,0,18,50,2,70,0,4,17,6,27,0,22,67,8,97,2,0,2,99
11/10/2020,OPF,FL,ASO,ES,Federal Contract Tower,1,46,73,4,124,0,1,45,8,54,1,47,118,12,178,12,0,12,190
11/11/2020,OPF,FL,ASO,ES,Federal Contract Tower,0,34,91,1,126,0,2,41,5,48,0,36,132,6,174,37,1,38,212
11/12/2020,OPF,FL,ASO,ES,Federal Contract Tower,0,48,113,7,168,0,1,48,10,59,0,49,161,17,227,38,7,45,272
11/13/2020,OPF,FL,ASO,ES,Federal Contract Tower,0,57,110,6,173,0,2,87,11,100,0,59,197,17,273,66,17,83,356
11/14/2020,OPF,FL,ASO,ES,Federal Contract Tower,0,25,93,0,118,0,2,103,7,112,0,27,196,7,230,133,0,133,363
11/15/2020,OPF,FL,ASO,ES,Federal Contract Tower,0,42,146,2,190,0,1,67,14,82,0,43,213,16,272,175,33,208,480
11/16/2020,OPF,FL,ASO,ES,Federal Contract Tower,0,51,140,12,203,0,9,119,14,142,0,60,259,26,345,140,24,164,509
11/17/2020,OPF,FL,ASO,ES,Federal Contract Tower,0,46,140,4,190,0,2,130,7,139,0,48,270,11,329,101,0,101,430
11/18/2020,OPF,FL,ASO,ES,Federal Contract Tower,0,53,115,3,171,0,1,78,18,97,0,54,193,21,268,61,0,61,329
11/19/2020,OPF,FL,ASO,ES,Federal Contract Tower,0,53,140,4,197,0,3,57,15,75,0,56,197,19,272,33,0,33,305
11/20/2020,OPF,FL,ASO,ES,Federal Contract Tower,0,59,147,3,209,0,2,59,11,72,0,61,206,14,281,76,12,88,369
11/21/2020,OPF,FL,ASO,ES,Federal Contract Tower,0,63,127,3,193,0,1,91,11,103,0,64,218,14,296,75,0,75,371
11/22/2020,OPF,FL,ASO,ES,Federal Contract Tower,0,64,152,5,221,0,1,51,6,58,0,65,203,11,279,89,26,115,394
11/23/2020,OPF,FL,ASO,ES,Federal Contract Tower,0,53,140,3,196,0,5,112,14,131,0,58,252,17,327,133,8,141,468
11/24/2020,OPF,FL,ASO,ES,Federal Contract Tower,0,79,169,4,252,0,4,145,14,163,0,83,314,18,415,227,5,232,647
11/25/2020,OPF,FL,ASO,ES,Federal Contract Tower,0,61,148,3,212,0,2,105,4,111,0,63,253,7,323,152,0,152,475
11/26/2020,OPF,FL,ASO,ES,Federal Contract Tower,0,26,50,0,76,0,2,76,1,79,0,28,126,1,155,82,0,82,237
11/27/2020,OPF,FL,ASO,ES,Federal Contract Tower,0,44,100,1,145,0,4,121,5,130,0,48,221,6,275,166,42,208,483
11/28/2020,OPF,FL,ASO,ES,Federal Contract Tower,0,39,101,0,140,0,1,99,3,103,0,40,200,3,243,154,0,154,397
11/29/2020,OPF,FL,ASO,ES,Federal Contract Tower,0,84,193,1,278,0,2,72,2,76,0,86,265,3,354,33,0,33,387
11/30/2020,OPF,FL,ASO,ES,Federal Contract Tower,0,79,114,2,195,0,1,79,9,89,0,80,193,11,284,86,33,119,403
12/01/2020,OPF,FL,ASO,ES,Federal Contract Tower,0,64,115,2,181,0,3,106,17,126,0,67,221,19,307,90,2,92,399
12/02/2020,OPF,FL,ASO,ES,Federal Contract Tower,0,60,135,5,200,0,0,114,16,130,0,60,249,21,330,102,22,124,454
12/03/2020,OPF,FL,ASO,ES,Federal Contract Tower,1,66,151,6,224,0,0,132,16,148,1,66,283,22,372,129,10,139,511
12/04/2020,OPF,FL,ASO,ES,Federal Contract Tower,0,70,120,3,193,0,2,127,14,143,0,72,247,17,336,137,15,152,488
12/05/2020,OPF,FL,ASO,ES,Federal Contract Tower,0,45,92,13,150,0,4,92,6,102,0,49,184,19,252,107,19,126,378
12/06/2020,OPF,FL,ASO,ES,Federal Contract Tower,0,66,124,2,192,0,0,71,7,78,0,66,195,9,270,154,10,164,434
12/07/2020,OPF,FL,ASO,ES,Federal Contract Tower,0,59,118,10,187,0,4,57,8,69,0,63,175,18,256,93,5,98,354
12/08/2020,OPF,FL,ASO,ES,Federal Contract Tower,0,57,138,7,202,0,2,118,19,139,0,59,256,26,341,191,13,204,545
12/09/2020,OPF,FL,ASO,ES,Federal Contract Tower,0,64,147,3,214,0,3,83,11,97,0,67,230,14,311,94,6,100,411
12/10/2020,OPF,FL,ASO,ES,Federal Contract Tower,0,79,144,4,227,0,6,131,18,155,0,85,275,22,382,168,4,172,554
12/11/2020,OPF,FL,ASO,ES,Federal Contract Tower,0,61,133,7,201,0,3,104,16,123,0,64,237,23,324,86,0,86,410
12/12/2020,OPF,FL,ASO,ES,Federal Contract Tower,0,68,92,1,161,0,0,87,8,95,0,68,179,9,256,83,9,92,348
12/13/2020,OPF,FL,ASO,ES,Federal Contract Tower,0,68,143,3,214,0,2,72,7,81,0,70,215,10,295,78,2,80,375
12/14/2020,OPF,FL,ASO,ES,Federal Contract Tower,0,54,144,3,201,0,3,101,12,116,0,57,245,15,317,121,9,130,447
12/15/2020,OPF,FL,ASO,ES,Federal Contract Tower,0,69,150,3,222,0,6,110,11,127,0,75,260,14,349,209,4,213,562
12/16/2020,OPF,FL,ASO,ES,Federal Contract Tower,0,61,142,1,204,0,1,114,0,115,0,62,256,1,319,146,0,146,465
12/17/2020,OPF,FL,ASO,ES,Federal Contract Tower,0,84,158,3,245,0,13,83,9,105,0,97,241,12,350,134,0,134,484
12/18/2020,OPF,FL,ASO,ES,Federal Contract Tower,0,94,173,3,270,0,1,91,12,104,0,95,264,15,374,70,0,70,444
12/19/2020,OPF,FL,ASO,ES,Federal Contract Tower,0,91,149,0,240,0,8,119,16,143,0,99,268,16,383,49,0,49,432
12/20/2020,OPF,FL,ASO,ES,Federal Contract Tower,0,94,173,1,268,0,2,61,6,69,0,96,234,7,337,26,43,69,406
12/21/2020,OPF,FL,ASO,ES,Federal Contract Tower,0,69,146,0,215,0,4,98,4,106,0,73,244,4,321,100,0,100,421
12/22/2020,OPF,FL,ASO,ES,Federal Contract Tower,0,84,158,0,242,0,5,115,9,129,0,89,273,9,371,45,0,45,416
12/23/2020,OPF,FL,ASO,ES,Federal Contract Tower,0,83,172,1,256,0,4,89,6,99,0,87,261,7,355,124,0,124,479
12/24/2020,OPF,FL,ASO,ES,Federal Contract Tower,0,62,92,3,157,0,0,54,2,56,0,62,146,5,213,20,0,20,233
12/25/2020,OPF,FL,ASO,ES,Federal Contract Tower,0,48,77,0,125,0,3,24,0,27,0,51,101,0,152,33,0,33,185
12/26/2020,OPF,FL,ASO,ES,Federal Contract Tower,0,91,183,0,274,0,5,95,7,107,0,96,278,7,381,13,0,13,394
12/27/2020,OPF,FL,ASO,ES,Federal Contract Tower,0,83,192,0,275,0,7,103,8,118,0,90,295,8,393,7,0,7,400
12/28/2020,OPF,FL,ASO,ES,Federal Contract Tower,0,74,212,0,286,0,4,85,8,97,0,78,297,8,383,106,0,106,489
12/29/2020,OPF,FL,ASO,ES,Federal Contract Tower,0,80,144,2,226,0,18,115,6,139,0,98,259,8,365,114,6,120,485
12/30/2020,OPF,FL,ASO,ES,Federal Contract Tower,0,89,149,1,239,0,5,50,5,60,0,94,199,6,299,62,0,62,361
12/31/2020,OPF,FL,ASO,ES,Federal Contract Tower,0,48,93,0,141,0,4,58,8,70,0,52,151,8,211,19,0,19,230
01/01/2021,OPF,FL,ASO,ES,Federal Contract Tower,0,75,102,0,177,0,0,53,6,59,0,75,155,6,236,4,0,4,240
01/02/2021,OPF,FL,ASO,ES,Federal Contract Tower,0,86,218,1,305,0,2,66,7,75,0,88,284,8,380,4,2,6,386
01/03/2021,OPF,FL,ASO,ES,Federal Contract Tower,0,116,222,0,338,0,0,79,8,87,0,116,301,8,425,8,0,8,433
01/04/2021,OPF,FL,ASO,ES,Federal Contract Tower,1,106,165,1,273,0,0,72,7,79,1,106,237,8,352,80,18,98,450
01/05/2021,OPF,FL,ASO,ES,Federal Contract Tower,1,76,155,2,234,0,4,101,11,116,1,80,256,13,350,97,0,97,447
01/06/2021,OPF,FL,ASO,ES,Federal Contract Tower,0,75,139,5,219,0,3,111,13,127,0,78,250,18,346,72,7,79,425
01/07/2021,OPF,FL,ASO,ES,Federal Contract Tower,0,53,154,2,209,0,5,107,11,123,0,58,261,13,332,91,2,93,425
01/08/2021,OPF,FL,ASO,ES,Federal Contract Tower,0,58,151,2,211,0,2,106,5,113,0,60,257,7,324,66,0,66,390
01/09/2021,OPF,FL,ASO,ES,Federal Contract Tower,0,55,134,2,191,0,2,113,5,120,0,57,247,7,311,61,0,61,372
01/10/2021,OPF,FL,ASO,ES,Federal Contract Tower,0,86,188,1,275,0,5,87,11,103,0,91,275,12,378,6,0,6,384
01/11/2021,OPF,FL,ASO,ES,Federal Contract Tower,0,77,192,4,273,0,7,74,14,95,0,84,266,18,368,149,33,182,550
01/12/2021,OPF,FL,ASO,ES,Federal Contract Tower,0,68,187,4,259,0,2,76,17,95,0,70,263,21,354,67,0,67,421
01/13/2021,OPF,FL,ASO,ES,Federal Contract Tower,0,65,129,2,196,0,0,84,14,98,0,65,213,16,294,211,40,251,545
01/14/2021,OPF,FL,ASO,ES,Federal Contract Tower,0,75,144,3,222,0,0,74,5,79,0,75,218,8,301,159,0,159,460
01/15/2021,OPF,FL,ASO,ES,Federal Contract Tower,0,88,166,4,258,0,1,86,6,93,0,89,252,10,351,144,13,157,508
01/16/2021,OPF,FL,ASO,ES,Federal Contract Tower,0,44,109,0,153,0,2,96,4,102,0,46,205,4,255,61,0,61,316
01/17/2021,OPF,FL,ASO,ES,Federal Contract Tower,0,64,128,0,192,0,0,49,4,53,0,64,177,4,245,78,0,78,323
01/18/2021,OPF,FL,ASO,ES,Federal Contract Tower,0,73,139,0,212,0,4,111,7,122,0,77,250,7,334,87,0,87,421
01/19/2021,OPF,FL,ASO,ES,Federal Contract Tower,0,56,148,7,211,0,6,147,16,169,0,62,295,23,380,121,5,126,506
01/20/2021,OPF,FL,ASO,ES,Federal Contract Tower,0,55,136,4,195,0,1,110,13,124,0,56,246,17,319,109,45,154,473
01/21/2021,OPF,FL,ASO,ES,Federal Contract Tower,0,69,163,4,236,0,0,113,11,124,0,69,276,15,360,87,2,89,449
01/22/2021,OPF,FL,ASO,ES,Federal Contract Tower,0,63,153,3,219,0,1,133,11,145,0,64,286,14,364,135,0,135,499
01/23/2021,OPF,FL,ASO,ES,Federal Contract Tower,0,48,103,0,151,0,6,89,7,102,0,54,192,7,253,145,0,145,398
01/24/2021,OPF,FL,ASO,ES,Federal Contract Tower,0,70,146,2,218,0,2,77,10,89,0,72,223,12,307,15,4,19,326
01/25/2021,OPF,FL,ASO,ES,Federal Contract Tower,0,85,139,5,229,0,5,93,13,111,0,90,232,18,340,99,16,115,455
01/26/2021,OPF,FL,ASO,ES,Federal Contract Tower,0,46,151,1,198,0,6,123,21,150,0,52,274,22,348,134,24,158,506
01/27/2021,OPF,FL,ASO,ES,Federal Contract Tower,0,74,130,1,205,0,3,118,13,134,0,77,248,14,339,159,12,171,510
01/28/2021,OPF,FL,ASO,ES,Federal Contract Tower,0,82,164,5,251,0,1,87,14,102,0,83,251,19,353,37,0,37,390
01/29/2021,OPF,FL,ASO,ES,Federal Contract Tower,0,61,139,7,207,0,1,121,11,133,0,62,260,18,340,95,0,95,435
01/30/2021,OPF,FL,ASO,ES,Federal Contract Tower,0,44,127,3,174,0,8,106,6,120,0,52,233,9,294,66,0,66,360
01/31/2021,OPF,FL,ASO,ES,Federal Contract Tower,0,91,160,0,251,0,2,41,6,49,0,93,201,6,300,24,0,24,324
02/01/2021,OPF,FL,ASO,ES,Federal Contract Tower,1,44,102,10,157,0,5,43,10,58,1,49,145,20,215,18,0,18,233
02/02/2021,OPF,FL,ASO,ES,Federal Contract Tower,0,71,126,3,200,0,5,72,11,88,0,76,198,14,288,58,12,70,358
02/03/2021,OPF,FL,ASO,ES,Federal Contract Tower,0,98,178,8,284,0,3,126,14,143,0,101,304,22,427,166,1,167,594
02/04/2021,OPF,FL,ASO,ES,Federal Contract Tower,0,71,151,0,222,0,7,126,16,149,0,78,277,16,371,120,0,120,491
02/05/2021,OPF,FL,ASO,ES,Federal Contract Tower,0,65,157,3,225,0,4,126,19,149,0,69,283,22,374,81,54,135,509
02/06/2021,OPF,FL,ASO,ES,Federal Contract Tower,0,41,117,2,160,0,1,74,3,78,0,42,191,5,238,12,0,12,250
02/07/2021,OPF,FL,ASO,ES,Federal Contract Tower,0,57,123,1,181,0,0,55,8,63,0,57,178,9,244,20,0,20,264
02/08/2021,OPF,FL,ASO,ES,Federal Contract Tower,0,84,156,3,243,0,2,73,10,85,0,86,229,13,328,59,0,59,387
02/09/2021,OPF,FL,ASO,ES,Federal Contract Tower,0,76,147,2,225,0,4,143,14,161,0,80,290,16,386,163,10,173,559
02/10/2021,OPF,FL,ASO,ES,Federal Contract Tower,0,98,161,2,261,0,3,144,19,166,0,101,305,21,427,140,0,140,567
02/11/2021,OPF,FL,ASO,ES,Federal Contract Tower,0,109,191,2,302,0,2,142,18,162,0,111,333,20,464,44,0,44,508
02/12/2021,OPF,FL,ASO,ES,Federal Contract Tower,0,104,195,1,300,0,1,107,12,120,0,105,302,13,420,67,7,74,494
02/13/2021,OPF,FL,ASO,ES,Federal Contract Tower,0,81,146,0,227,0,1,57,9,67,0,82,203,9,294,25,4,29,323
02/14/2021,OPF,FL,ASO,ES,Federal Contract Tower,0,73,159,1,233,0,4,70,5,79,0,77,229,6,312,2,13,15,327
02/15/2021,OPF,FL,ASO,ES,Federal Contract Tower,0,88,201,9,298,0,6,94,4,104,0,94,295,13,402,6,0,6,408
02/16/2021,OPF,FL,ASO,ES,Federal Contract Tower,1,80,134,6,221,0,2,33,12,47,1,82,167,18,268,29,25,54,322
02/17/2021,OPF,FL,ASO,ES,Federal Contract Tower,1,71,188,7,267,0,1,84,13,98,1,72,272,20,365,156,26,182,547
02/18/2021,OPF,FL,ASO,ES,Federal Contract Tower,0,58,169,2,229,0,3,123,13,139,0,61,292,15,368,57,19,76,444
02/19/2021,OPF,FL,ASO,ES,Federal Contract Tower,0,62,173,1,236,0,1,78,5,84,0,63,251,6,320,73,34,107,427
02/20/2021,OPF,FL,ASO,ES,Federal Contract Tower,1,71,141,1,214,0,6,101,3,110,1,77,242,4,324,54,0,54,378
02/21/2021,OPF,FL,ASO,ES,Federal Contract Tower,0,74,186,1,261,0,3,79,6,88,0,77,265,7,349,45,0,45,394
02/22/2021,OPF,FL,ASO,ES,Federal Contract Tower,0,62,172,1,235,0,4,90,18,112,0,66,262,19,347,121,20,141,488
02/23/2021,OPF,FL,ASO,ES,Federal Contract Tower,0,80,125,2,207,0,3,91,16,110,0,83,216,18,317,158,13,171,488
02/24/2021,OPF,FL,ASO,ES,Federal Contract Tower,0,63,156,3,222,0,3,110,16,129,0,66,266,19,351,248,18,266,617
02/25/2021,OPF,FL,ASO,ES,Federal Contract Tower,0,68,195,2,265,0,1,177,17,195,0,69,372,19,460,213,7,220,680
02/26/2021,OPF,FL,ASO,ES,Federal Contract Tower,0,63,185,3,251,0,1,140,13,154,0,64,325,16,405,162,2,164,569
02/27/2021,OPF,FL,ASO,ES,Federal Contract Tower,0,41,126,2,169,0,3,85,7,95,0,44,211,9,264,115,6,121,385
02/28/2021,OPF,FL,ASO,ES,Federal Contract Tower,1,102,215,1,319,0,4,59,7,70,1,106,274,8,389,28,0,28,417
03/01/2021,OPF,FL,ASO,ES,Federal Contract Tower,0,82,185,1,268,0,4,114,15,133,0,86,299,16,401,161,0,161,562
03/02/2021,OPF,FL,ASO,ES,Federal Contract Tower,0,77,166,1,244,0,3,139,9,151,0,80,305,10,395,205,0,205,600
03/03/2021,OPF,FL,ASO,ES,Federal Contract Tower,0,72,176,1,249,0,0,96,9,105,0,72,272,10,354,99,0,99,453
03/04/2021,OPF,FL,ASO,ES,Federal Contract Tower,0,78,184,5,267,0,7,126,17,150,0,85,310,22,417,204,4,208,625
03/05/2021,OPF,FL,ASO,ES,Federal Contract Tower,0,92,178,4,274,0,4,127,10,141,0,96,305,14,415,158,4,162,577
03/06/2021,OPF,FL,ASO,ES,Federal Contract Tower,1,64,116,1,182,1,1,65,11,78,2,65,181,12,260,96,0,96,356
03/07/2021,OPF,FL,ASO,ES,Federal Contract Tower,0,96,157,2,255,0,5,66,3,74,0,101,223,5,329,4,10,14,343
03/08/2021,OPF,FL,ASO,ES,Federal Contract Tower,0,80,158,3,241,0,3,71,11,85,0,83,229,14,326,57,0,57,383
03/09/2021,OPF,FL,ASO,ES,Federal Contract Tower,0,73,123,4,200,0,1,87,15,103,0,74,210,19,303,61,16,77,380
03/10/2021,OPF,FL,ASO,ES,Federal Contract Tower,0,84,139,4,227,0,4,66,12,82,0,88,205,16,309,53,0,53,362
03/11/2021,OPF,FL,ASO,ES,Federal Contract Tower,1,81,201,0,283,0,2,143,13,158,1,83,344,13,441,100,2,102,543
03/12/2021,OPF,FL,ASO,ES,Federal Contract Tower,0,90,192,6,288,0,2,108,12,122,0,92,300,18,410,101,0,101,511
03/13/2021,OPF,FL,ASO,ES,Federal Contract Tower,0,68,149,2,219,0,3,132,6,141,0,71,281,8,360,86,0,86,446
03/14/2021,OPF,FL,ASO,ES,Federal Contract Tower,0,79,203,3,285,0,0,91,10,101,0,79,294,13,386,95,0,95,481
03/15/2021,OPF,FL,ASO,ES,Federal Contract Tower,0,82,179,4,265,0,5,119,18,142,0,87,298,22,407,86,9,95,502
03/16/2021,OPF,FL,ASO,ES,Federal Contract Tower,0,72,167,4,243,0,3,135,13,151,0,75,302,17,394,159,11,170,564
03/17/2021,OPF,FL,ASO,ES,Federal Contract Tower,0,83,169,3,255,0,10,130,10,150,0,93,299,13,405,117,2,119,524
03/18/2021,OPF,FL,ASO,ES,Federal Contract Tower,0,83,175,5,263,0,1,109,17,127,0,84,284,22,390,90,0,90,480
03/19/2021,OPF,FL,ASO,ES,Federal Contract Tower,0,109,193,4,306,0,2,141,4,147,0,111,334,8,453,125,18,143,596
03/20/2021,OPF,FL,ASO,ES,Federal Contract Tower,0,82,161,1,244,0,10,108,8,126,0,92,269,9,370,88,0,88,458
03/21/2021,OPF,FL,ASO,ES,Federal Contract Tower,0,86,198,0,284,0,0,60,4,64,0,86,258,4,348,89,0,89,437
03/22/2021,OPF,FL,ASO,ES,Federal Contract Tower,1,66,141,4,212,0,0,122,20,142,1,66,263,24,354,216,0,216,570
03/23/2021,OPF,FL,ASO,ES,Federal Contract Tower,0,78,152,5,235,0,4,132,15,151,0,82,284,20,386,189,1,190,576
03/24/2021,OPF,FL,ASO,ES,Federal Contract Tower,0,110,186,9,305,0,2,136,15,153,0,112,322,24,458,113,0,113,571
03/25/2021,OPF,FL,ASO,ES,Federal Contract Tower,0,136,211,3,350,0,2,125,18,145,0,138,336,21,495,115,9,124,619
03/26/2021,OPF,FL,ASO,ES,Federal Contract Tower,0,128,222,4,354,0,1,128,9,138,0,129,350,13,492,131,0,131,623
03/27/2021,OPF,FL,ASO,ES,Federal Contract Tower,0,108,206,1,315,0,6,92,7,105,0,114,298,8,420,92,0,92,512
03/28/2021,OPF,FL,ASO,ES,Federal Contract Tower,0,84,206,2,292,0,7,78,6,91,0,91,284,8,383,58,6,64,447
03/29/2021,OPF,FL,ASO,ES,Federal Contract Tower,0,82,165,6,253,0,3,109,16,128,0,85,274,22,381,162,0,162,543
03/30/2021,OPF,FL,ASO,ES,Federal Contract Tower,0,96,165,5,266,0,7,145,10,162,0,103,310,15,428,177,9,186,614
03/31/2021,OPF,FL,ASO,ES,Federal Contract Tower,1,78,177,1,257,0,4,120,13,137,1,82,297,14,394,147,0,147,541
04/01/2021,OPF,FL,ASO,ES,Federal Contract Tower,0,77,179,4,260,0,7,87,11,105,0,84,266,15,365,106,0,106,471
04/02/2021,OPF,FL,ASO,ES,Federal Contract Tower,0,60,140,2,202,0,1,84,7,92,0,61,224,9,294,48,0,48,342
04/03/2021,OPF,FL,ASO,ES,Federal Contract Tower,0,84,158,0,242,0,2,46,5,53,0,86,204,5,295,27,0,27,322
04/04/2021,OPF,FL,ASO,ES,Federal Contract Tower,0,92,184,0,276,0,4,53,7,64,0,96,237,7,340,32,0,32,372
04/05/2021,OPF,FL,ASO,ES,Federal Contract Tower,0,145,199,6,350,0,5,105,11,121,0,150,304,17,471,48,16,64,535
04/06/2021,OPF,FL,ASO,ES,Federal Contract Tower,0,73,185,1,259,0,3,119,12,134,0,76,304,13,393,175,0,175,568
04/07/2021,OPF,FL,ASO,ES,Federal Contract Tower,0,79,170,2,251,0,5,143,9,157,0,84,313,11,408,191,0,191,599
04/08/2021,OPF,FL,ASO,ES,Federal Contract Tower,0,80,196,1,277,0,8,126,31,165,0,88,322,32,442,130,0,130,572
04/09/2021,OPF,FL,ASO,ES,Federal Contract Tower,0,99,144,2,245,0,5,128,6,139,0,104,272,8,384,100,0,100,484
04/10/2021,OPF,FL,ASO,ES,Federal Contract Tower,0,82,126,1,209,0,0,105,4,109,0,82,231,5,318,74,0,74,392
04/11/2021,OPF,FL,ASO,ES,Federal Contract Tower,0,57,172,1,230,0,3,35,14,52,0,60,207,15,282,0,0,0,282
04/12/2021,OPF,FL,ASO,ES,Federal Contract Tower,3,127,200,6,336,0,5,81,11,97,3,132,281,17,433,50,4,54,487
04/13/2021,OPF,FL,ASO,ES,Federal Contract Tower,0,80,158,8,246,0,9,141,15,165,0,89,299,23,411,188,2,190,601
04/14/2021,OPF,FL,ASO,ES,Federal Contract Tower,64,165,0,0,229,0,5,146,10,161,64,170,146,10,390,177,2,179,569
04/15/2021,OPF,FL,ASO,ES,Federal Contract Tower,0,83,184,1,268,0,2,123,16,141,0,85,307,17,409,84,2,86,495
04/16/2021,OPF,FL,ASO,ES,Federal Contract Tower,0,84,172,4,260,0,4,142,11,157,0,88,314,15,417,223,0,223,640
04/17/2021,OPF,FL,ASO,ES,Federal Contract Tower,0,73,133,2,208,0,4,105,5,114,0,77,238,7,322,106,0,106,428
04/18/2021,OPF,FL,ASO,ES,Federal Contract Tower,0,85,185,3,273,0,4,85,9,98,0,89,270,12,371,107,22,129,500
04/19/2021,OPF,FL,ASO,ES,Federal Contract Tower,0,75,152,1,228,0,5,67,15,87,0,80,219,16,315,99,0,99,414
04/20/2021,OPF,FL,ASO,ES,Federal Contract Tower,0,80,117,1,198,0,3,60,17,80,0,83,177,18,278,78,54,132,410
04/21/2021,OPF,FL,ASO,ES,Federal Contract Tower,0,72,139,2,213,0,2,85,9,96,0,74,224,11,309,164,8,172,481
04/22/2021,OPF,FL,ASO,ES,Federal Contract Tower,0,82,155,0,237,0,7,139,18,164,0,89,294,18,401,231,12,243,644
04/23/2021,OPF,FL,ASO,ES,Federal Contract Tower,0,67,173,2,242,0,1,124,12,137,0,68,297,14,379,234,0,234,613
04/24/2021,OPF,FL,ASO,ES,Federal Contract Tower,0,57,106,5,168,0,2,115,6,123,0,59,221,11,291,53,1,54,345
04/25/2021,OPF,FL,ASO,ES,Federal Contract Tower,0,90,164,1,255,0,7,63,3,73,0,97,227,4,328,98,0,98,426
04/26/2021,OPF,FL,ASO,ES,Federal Contract Tower,0,68,162,4,234,0,12,126,11,149,0,80,288,15,383,199,18,217,600
04/27/2021,OPF,FL,ASO,ES,Federal Contract Tower,0,77,137,4,218,0,4,132,14,150,0,81,269,18,368,163,12,175,543
04/28/2021,OPF,FL,ASO,ES,Federal Contract Tower,0,81,156,6,243,0,3,154,9,166,0,84,310,15,409,157,26,183,592
04/29/2021,OPF,FL,ASO,ES,Federal Contract Tower,0,83,179,2,264,0,9,135,8,152,0,92,314,10,416,173,0,173,589
04/30/2021,OPF,FL,ASO,ES,Federal Contract Tower,0,82,137,2,221,0,4,102,12,118,0,86,239,14,339,153,0,153,492
05/01/2021,OPF,FL,ASO,ES,Federal Contract Tower,0,66,117,0,183,0,17,118,12,147,0,83,235,12,330,75,0,75,405
05/02/2021,OPF,FL,ASO,ES,Federal Contract Tower,0,89,166,1,256,0,3,81,8,92,0,92,247,9,348,101,0,101,449
05/03/2021,OPF,FL,ASO,ES,Federal Contract Tower,0,67,144,3,214,0,2,94,13,109,0,69,238,16,323,49,13,62,385
05/04/2021,OPF,FL,ASO,ES,Federal Contract Tower,0,61,155,6,222,0,2,122,6,130,0,63,277,12,352,204,0,204,556
05/05/2021,OPF,FL,ASO,ES,Federal Contract Tower,0,73,152,2,227,0,4,103,7,114,0,77,255,9,341,173,0,173,514
05/06/2021,OPF,FL,ASO,ES,Federal Contract Tower,0,66,146,1,213,0,0,91,5,96,0,66,237,6,309,241,0,241,550
05/07/2021,OPF,FL,ASO,ES,Federal Contract Tower,1,77,158,8,244,0,5,89,9,103,1,82,247,17,347,91,0,91,438
05/08/2021,OPF,FL,ASO,ES,Federal Contract Tower,0,61,121,1,183,0,6,104,12,122,0,67,225,13,305,85,2,87,392
05/09/2021,OPF,FL,ASO,ES,Federal Contract Tower,0,61,129,11,201,0,4,54,14,72,0,65,183,25,273,48,2,50,323
05/10/2021,OPF,FL,ASO,ES,Federal Contract Tower,0,64,133,3,200,0,1,100,16,117,0,65,233,19,317,247,11,258,575
05/11/2021,OPF,FL,ASO,ES,Federal Contract Tower,0,70,123,2,195,0,6,104,12,122,0,76,227,14,317,211,39,250,567
05/12/2021,OPF,FL,ASO,ES,Federal Contract Tower,0,67,119,4,190,0,3,121,14,138,0,70,240,18,328,209,28,237,565
05/13/2021,OPF,FL,ASO,ES,Federal Contract Tower,0,83,165,3,251,0,2,86,3,91,0,85,251,6,342,215,7,222,564
05/14/2021,OPF,FL,ASO,ES,Federal Contract Tower,0,78,153,7,238,0,2,90,10,102,0,80,243,17,340,163,0,163,503
05/15/2021,OPF,FL,ASO,ES,Federal Contract Tower,1,52,117,0,170,0,3,93,10,106,1,55,210,10,276,80,0,80,356
05/16/2021,OPF,FL,ASO,ES,Federal Contract Tower,0,59,143,1,203,0,8,84,6,98,0,67,227,7,301,86,0,86,387
05/17/2021,OPF,FL,ASO,ES,Federal Contract Tower,0,44,128,3,175,0,7,91,11,109,0,51,219,14,284,128,19,147,431
05/18/2021,OPF,FL,ASO,ES,Federal Contract Tower,0,57,123,2,182,0,3,83,16,102,0,60,206,18,284,162,2,164,448
05/19/2021,OPF,FL,ASO,ES,Federal Contract Tower,0,45,127,0,172,0,8,69,4,81,0,53,196,4,253,101,0,101,354
05/20/2021,OPF,FL,ASO,ES,Federal Contract Tower,0,71,147,0,218,0,6,72,12,90,0,77,219,12,308,50,0,50,358
05/21/2021,OPF,FL,ASO,ES,Federal Contract Tower,0,57,141,1,199,0,2,94,13,109,0,59,235,14,308,54,8,62,370
05/22/2021,OPF,FL,ASO,ES,Federal Contract Tower,0,45,90,1,136,0,3,71,6,80,0,48,161,7,216,67,0,67,283
05/23/2021,OPF,FL,ASO,ES,Federal Contract Tower,0,62,165,0,227,0,2,90,7,99,0,64,255,7,326,68,0,68,394
05/24/2021,OPF,FL,ASO,ES,Federal Contract Tower,1,56,130,4,191,0,1,109,6,116,1,57,239,10,307,216,19,235,542
05/25/2021,OPF,FL,ASO,ES,Federal Contract Tower,0,74,124,8,206,0,2,127,9,138,0,76,251,17,344,249,6,255,599
05/26/2021,OPF,FL,ASO,ES,Federal Contract Tower,0,89,139,2,230,0,8,140,10,158,0,97,279,12,388,226,3,229,617
05/27/2021,OPF,FL,ASO,ES,Federal Contract Tower,0,81,169,16,266,0,13,112,19,144,0,94,281,35,410,247,12,259,669
05/28/2021,OPF,FL,ASO,ES,Federal Contract Tower,0,68,174,1,243,0,4,141,28,173,0,72,315,29,416,68,5,73,489
05/29/2021,OPF,FL,ASO,ES,Federal Contract Tower,0,46,126,1,173,0,2,78,34,114,0,48,204,35,287,60,4,64,351
05/30/2021,OPF,FL,ASO,ES,Federal Contract Tower,0,30,90,5,125,0,3,69,35,107,0,33,159,40,232,23,7,30,262
05/31/2021,OPF,FL,ASO,ES,Federal Contract Tower,1,89,174,4,268,0,6,117,15,138,1,95,291,19,406,139,0,139,545
06/01/2021,OPF,FL,ASO,ES,Federal Contract Tower,0,61,120,8,189,0,1,95,11,107,0,62,215,19,296,123,32,155,451
06/02/2021,OPF,FL,ASO,ES,Federal Contract Tower,0,75,142,5,222,0,1,83,7,91,0,76,225,12,313,122,11,133,446
06/03/2021,OPF,FL,ASO,ES,Federal Contract Tower,0,61,148,1,210,0,3,48,10,61,0,64,196,11,271,94,0,94,365
06/04/2021,OPF,FL,ASO,ES,Federal Contract Tower,2,60,172,2,236,0,2,118,7,127,2,62,290,9,363,182,14,196,559
06/05/2021,OPF,FL,ASO,ES,Federal Contract Tower,0,53,128,1,182,0,2,89,5,96,0,55,217,6,278,153,0,153,431
06/06/2021,OPF,FL,ASO,ES,Federal Contract Tower,0,70,147,0,217,0,3,74,7,84,0,73,221,7,301,103,0,103,404
06/07/2021,OPF,FL,ASO,ES,Federal Contract Tower,1,95,164,3,263,0,1,98,7,106,1,96,262,10,369,139,3,142,511
06/08/2021,OPF,FL,ASO,ES,Federal Contract Tower,0,60,143,6,209,0,2,144,8,154,0,62,287,14,363,191,8,199,562
06/09/2021,OPF,FL,ASO,ES,Federal Contract Tower,0,58,150,4,212,0,1,130,8,139,0,59,280,12,351,172,12,184,535
06/10/2021,OPF,FL,ASO,ES,Federal Contract Tower,0,73,158,5,236,0,5,142,13,160,0,78,300,18,396,202,0,202,598
06/11/2021,OPF,FL,ASO,ES,Federal Contract Tower,0,60,145,2,207,0,2,129,25,156,0,62,274,27,363,201,0,201,564
06/12/2021,OPF,FL,ASO,ES,Federal Contract Tower,0,46,103,1,150,0,1,124,8,133,0,47,227,9,283,117,0,117,400
06/13/2021,OPF,FL,ASO,ES,Federal Contract Tower,0,58,142,0,200,0,0,62,2,64,0,58,204,2,264,47,15,62,326
06/14/2021,OPF,FL,ASO,ES,Federal Contract Tower,0,57,131,6,194,0,1,48,3,52,0,58,179,9,246,109,25,134,380
06/15/2021,OPF,FL,ASO,ES,Federal Contract Tower,0,47,120,2,169,0,2,72,7,81,0,49,192,9,250,85,0,85,335
06/16/2021,OPF,FL,ASO,ES,Federal Contract Tower,0,61,131,3,195,0,4,61,2,67,0,65,192,5,262,236,0,236,498
06/17/2021,OPF,FL,ASO,ES,Federal Contract Tower,0,63,167,0,230,0,5,104,18,127,0,68,271,18,357,342,0,342,699
06/18/2021,OPF,FL,ASO,ES,Federal Contract Tower,0,59,167,5,231,0,2,112,11,125,0,61,279,16,356,254,0,254,610
06/19/2021,OPF,FL,ASO,ES,Federal Contract Tower,0,36,120,2,158,0,6,122,6,134,0,42,242,8,292,285,0,285,577
06/20/2021,OPF,FL,ASO,ES,Federal Contract Tower,0,42,122,0,164,0,4,68,5,77,0,46,190,5,241,27,0,27,268
06/21/2021,OPF,FL,ASO,ES,Federal Contract Tower,0,53,146,1,200,0,2,117,11,130,0,55,263,12,330,270,10,280,610
06/22/2021,OPF,FL,ASO,ES,Federal Contract Tower,0,40,122,3,165,0,2,119,5,126,0,42,241,8,291,155,2,157,448
06/23/2021,OPF,FL,ASO,ES,Federal Contract Tower,0,44,126,3,173,0,3,95,9,107,0,47,221,12,280,337,10,347,627
06/24/2021,OPF,FL,ASO,ES,Federal Contract Tower,0,50,142,0,192,0,7,66,9,82,0,57,208,9,274,228,6,234,508
06/25/2021,OPF,FL,ASO,ES,Federal Contract Tower,0,62,143,3,208,0,6,65,5,76,0,68,208,8,284,118,3,121,405
06/26/2021,OPF,FL,ASO,ES,Federal Contract Tower,0,35,101,1,137,0,3,80,3,86,0,38,181,4,223,232,0,232,455
06/27/2021,OPF,FL,ASO,ES,Federal Contract Tower,0,64,168,5,237,0,9,76,5,90,0,73,244,10,327,47,8,55,382
06/28/2021,OPF,FL,ASO,ES,Federal Contract Tower,1,57,118,8,184,0,2,72,12,86,1,59,190,20,270,170,0,170,440
06/29/2021,OPF,FL,ASO,ES,Federal Contract Tower,0,38,89,0,127,0,1,54,8,63,0,39,143,8,190,126,1,127,317
06/30/2021,OPF,FL,ASO,ES,Federal Contract Tower,0,51,119,2,172,0,2,62,1,65,0,53,181,3,237,85,29,114,351
07/01/2021,OPF,FL,ASO,ES,Federal Contract Tower,0,16,49,0,65,0,5,34,9,48,0,21,83,9,113,8,0,8,121
07/02/2021,OPF,FL,ASO,ES,Federal Contract Tower,0,52,150,0,202,0,2,110,2,114,0,54,260,2,316,189,0,189,505
07/03/2021,OPF,FL,ASO,ES,Federal Contract Tower,0,30,113,0,143,0,6,73,6,85,0,36,186,6,228,88,0,88,316
07/04/2021,OPF,FL,ASO,ES,Federal Contract Tower,0,27,95,0,122,0,1,45,7,53,0,28,140,7,175,23,0,23,198
07/05/2021,OPF,FL,ASO,ES,Federal Contract Tower,0,39,137,3,179,0,1,50,3,54,0,40,187,6,233,69,23,92,325
07/06/2021,OPF,FL,ASO,ES,Federal Contract Tower,0,34,81,3,118,0,2,19,7,28,0,36,100,10,146,77,14,91,237
07/07/2021,OPF,FL,ASO,ES,Federal Contract Tower,0,34,94,0,128,0,2,108,8,118,0,36,202,8,246,274,0,274,520
07/08/2021,OPF,FL,ASO,ES,Federal Contract Tower,0,53,117,1,171,0,3,99,11,113,0,56,216,12,284,197,19,216,500
07/09/2021,OPF,FL,ASO,ES,Federal Contract Tower,0,36,130,0,166,0,1,114,7,122,0,37,244,7,288,152,0,152,440
07/10/2021,OPF,FL,ASO,ES,Federal Contract Tower,0,34,96,5,135,0,1,109,11,121,0,35,205,16,256,137,12,149,405
07/11/2021,OPF,FL,ASO,ES,Federal Contract Tower,0,33,122,4,159,0,4,89,7,100,0,37,211,11,259,135,9,144,403
07/12/2021,OPF,FL,ASO,ES,Federal Contract Tower,0,41,103,2,146,1,65,6,0,72,1,106,109,2,218,82,33,115,333
07/13/2021,OPF,FL,ASO,ES,Federal Contract Tower,0,48,92,4,144,0,3,79,8,90,0,51,171,12,234,154,12,166,400
07/14/2021,OPF,FL,ASO,ES,Federal Contract Tower,0,35,143,6,184,0,9,156,15,180,0,44,299,21,364,242,18,260,624
07/15/2021,OPF,FL,ASO,ES,Federal Contract Tower,0,59,137,1,197,0,2,143,12,157,0,61,280,13,354,164,0,164,518
07/16/2021,OPF,FL,ASO,ES,Federal Contract Tower,0,41,153,5,199,0,3,96,10,109,0,44,249,15,308,186,0,186,494
07/17/2021,OPF,FL,ASO,ES,Federal Contract Tower,0,34,109,1,144,0,7,91,7,105,0,41,200,8,249,74,0,74,323
07/18/2021,OPF,FL,ASO,ES,Federal Contract Tower,0,35,122,2,159,0,9,94,7,110,0,44,216,9,269,9,0,9,278
07/19/2021,OPF,FL,ASO,ES,Federal Contract Tower,0,45,118,2,165,0,8,131,19,158,0,53,249,21,323,154,13,167,490
07/20/2021,OPF,FL,ASO,ES,Federal Contract Tower,0,41,90,6,137,0,3,79,15,97,0,44,169,21,234,132,4,136,370
07/21/2021,OPF,FL,ASO,ES,Federal Contract Tower,0,42,103,2,147,0,6,115,17,138,0,48,218,19,285,63,0,63,348
07/22/2021,OPF,FL,ASO,ES,Federal Contract Tower,0,61,157,2,220,0,3,124,11,138,0,64,281,13,358,302,12,314,672
07/23/2021,OPF,FL,ASO,ES,Federal Contract Tower,0,70,130,5,205,0,3,80,5,88,0,73,210,10,293,221,0,221,514
07/24/2021,OPF,FL,ASO,ES,Federal Contract Tower,0,21,101,4,126,0,5,72,5,82,0,26,173,9,208,162,0,162,370
07/25/2021,OPF,FL,ASO,ES,Federal Contract Tower,0,45,139,3,187,0,8,75,4,87,0,53,214,7,274,79,0,79,353
07/26/2021,OPF,FL,ASO,ES,Federal Contract Tower,0,45,113,3,161,0,5,97,11,113,0,50,210,14,274,222,16,238,512
07/27/2021,OPF,FL,ASO,ES,Federal Contract Tower,0,41,107,4,152,0,3,115,7,125,0,44,222,11,277,212,3,215,492
07/28/2021,OPF,FL,ASO,ES,Federal Contract Tower,0,40,114,3,157,0,0,76,10,86,0,40,190,13,243,110,0,110,353
07/29/2021,OPF,FL,ASO,ES,Federal Contract Tower,0,51,131,0,182,0,3,118,18,139,0,54,249,18,321,86,0,86,407
07/30/2021,OPF,FL,ASO,ES,Federal Contract Tower,0,46,114,2,162,0,8,128,10,146,0,54,242,12,308,103,0,103,411
07/31/2021,OPF,FL,ASO,ES,Federal Contract Tower,0,35,115,0,150,0,3,104,6,113,0,38,219,6,263,158,0,158,421
08/01/2021,OPF,FL,ASO,ES,Federal Contract Tower,0,47,111,1,159,0,7,66,5,78,0,54,177,6,237,48,6,54,291
08/02/2021,OPF,FL,ASO,ES,Federal Contract Tower,0,34,122,0,156,0,6,79,10,95,0,40,201,10,251,56,0,56,307
08/03/2021,OPF,FL,ASO,ES,Federal Contract Tower,0,40,103,1,144,0,2,68,5,75,0,42,171,6,219,71,0,71,290
08/04/2021,OPF,FL,ASO,ES,Federal Contract Tower,0,39,131,1,171,0,1,110,9,120,0,40,241,10,291,90,0,90,381
08/05/2021,OPF,FL,ASO,ES,Federal Contract Tower,0,46,146,3,195,0,0,128,15,143,0,46,274,18,338,133,0,133,471
08/06/2021,OPF,FL,ASO,ES,Federal Contract Tower,0,35,148,4,187,0,4,119,10,133,0,39,267,14,320,142,24,166,486
08/07/2021,OPF,FL,ASO,ES,Federal Contract Tower,0,31,78,1,110,0,2,77,11,90,0,33,155,12,200,77,0,77,277
08/08/2021,OPF,FL,ASO,ES,Federal Contract Tower,0,39,141,1,181,0,8,89,9,106,0,47,230,10,287,70,0,70,357
08/09/2021,OPF,FL,ASO,ES,Federal Contract Tower,0,54,132,5,191,0,3,110,12,125,0,57,242,17,316,171,13,184,500
08/10/2021,OPF,FL,ASO,ES,Federal Contract Tower,0,51,149,4,204,0,5,119,7,131,0,56,268,11,335,105,0,105,440
08/11/2021,OPF,FL,ASO,ES,Federal Contract Tower,0,40,140,1,181,0,4,104,11,119,0,44,244,12,300,177,4,181,481
08/12/2021,OPF,FL,ASO,ES,Federal Contract Tower,0,47,90,1,138,0,3,87,8,98,0,50,177,9,236,103,0,103,339
08/13/2021,OPF,FL,ASO,ES,Federal Contract Tower,0,37,82,2,121,0,4,83,11,98,0,41,165,13,219,106,0,106,325
08/14/2021,OPF,FL,ASO,ES,Federal Contract Tower,0,26,60,0,86,0,0,19,5,24,0,26,79,5,110,25,0,25,135
08/15/2021,OPF,FL,ASO,ES,Federal Contract Tower,0,43,95,1,139,0,4,35,0,39,0,47,130,1,178,36,0,36,214
08/16/2021,OPF,FL,ASO,ES,Federal Contract Tower,0,62,130,0,192,0,4,89,2,95,0,66,219,2,287,131,0,131,418
08/17/2021,OPF,FL,ASO,ES,Federal Contract Tower,0,38,139,3,180,0,7,96,8,111,0,45,235,11,291,61,0,61,352
08/18/2021,OPF,FL,ASO,ES,Federal Contract Tower,0,44,128,1,173,0,4,106,6,116,0,48,234,7,289,132,0,132,421
08/19/2021,OPF,FL,ASO,ES,Federal Contract Tower,0,56,121,5,182,0,0,120,19,139,0,56,241,24,321,74,0,74,395
08/20/2021,OPF,FL,ASO,ES,Federal Contract Tower,0,49,162,6,217,0,2,146,7,155,0,51,308,13,372,172,0,172,544
08/21/2021,OPF,FL,ASO,ES,Federal Contract Tower,0,31,104,0,135,0,7,77,7,91,0,38,181,7,226,63,0,63,289
08/22/2021,OPF,FL,ASO,ES,Federal Contract Tower,0,31,118,5,154,0,10,48,5,63,0,41,166,10,217,71,20,91,308
08/23/2021,OPF,FL,ASO,ES,Federal Contract Tower,0,37,144,3,184,0,1,63,4,68,0,38,207,7,252,111,6,117,369
08/24/2021,OPF,FL,ASO,ES,Federal Contract Tower,0,49,131,2,182,0,10,117,9,136,0,59,248,11,318,118,0,118,436
08/25/2021,OPF,FL,ASO,ES,Federal Contract Tower,0,33,105,1,139,0,4,63,9,76,0,37,168,10,215,35,0,35,250
08/26/2021,OPF,FL,ASO,ES,Federal Contract Tower,0,48,143,3,194,0,3,102,9,114,0,51,245,12,308,200,8,208,516
08/27/2021,OPF,FL,ASO,ES,Federal Contract Tower,0,34,134,1,169,0,2,116,6,124,0,36,250,7,293,163,0,163,456
08/28/2021,OPF,FL,ASO,ES,Federal Contract Tower,0,32,97,1,130,0,5,101,5,111,0,37,198,6,241,126,5,131,372
08/29/2021,OPF,FL,ASO,ES,Federal Contract Tower,0,40,133,2,175,0,8,87,6,101,0,48,220,8,276,164,0,164,440
08/30/2021,OPF,FL,ASO,ES,Federal Contract Tower,0,46,90,0,136,0,6,90,5,101,0,52,180,5,237,63,0,63,300
08/31/2021,OPF,FL,ASO,ES,Federal Contract Tower,1,48,130,3,182,0,5,84,4,93,1,53,214,7,275,128,6,134,409
09/01/2021,OPF,FL,ASO,ES,Federal Contract Tower,0,45,120,0,165,0,2,110,5,117,0,47,230,5,282,107,0,107,389
09/02/2021,OPF,FL,ASO,ES,Federal Contract Tower,2,56,139,0,197,0,1,61,8,70,2,57,200,8,267,124,0,124,391
09/03/2021,OPF,FL,ASO,ES,Federal Contract Tower,0,57,141,1,199,0,0,79,5,84,0,57,220,6,283,64,0,64,347
09/04/2021,OPF,FL,ASO,ES,Federal Contract Tower,0,32,99,0,131,0,6,86,6,98,0,38,185,6,229,124,0,124,353
09/05/2021,OPF,FL,ASO,ES,Federal Contract Tower,0,26,74,0,100,0,3,55,3,61,0,29,129,3,161,63,21,84,245
09/06/2021,OPF,FL,ASO,ES,Federal Contract Tower,0,49,133,1,183,0,2,102,9,113,0,51,235,10,296,109,0,109,405
09/07/2021,OPF,FL,ASO,ES,Federal Contract Tower,0,62,131,0,193,0,3,108,9,120,0,65,239,9,313,196,5,201,514
09/08/2021,OPF,FL,ASO,ES,Federal Contract Tower,2,35,121,8,166,0,3,102,3,108,2,38,223,11,274,106,6,112,386
09/09/2021,OPF,FL,ASO,ES,Federal Contract Tower,0,42,113,1,156,0,2,97,8,107,0,44,210,9,263,100,0,100,363
09/10/2021,OPF,FL,ASO,ES,Federal Contract Tower,0,52,124,2,178,0,0,102,3,105,0,52,226,5,283,86,0,86,369
09/11/2021,OPF,FL,ASO,ES,Federal Contract Tower,0,36,79,1,116,0,0,105,4,109,0,36,184,5,225,174,0,174,399
09/12/2021,OPF,FL,ASO,ES,Federal Contract Tower,0,34,121,0,155,0,0,71,3,74,0,34,192,3,229,104,0,104,333
09/13/2021,OPF,FL,ASO,ES,Federal Contract Tower,0,38,95,1,134,0,3,37,9,49,0,41,132,10,183,35,4,39,222
09/14/2021,OPF,FL,ASO,ES,Federal Contract Tower,0,55,130,0,185,0,7,149,17,173,0,62,279,17,358,136,0,136,494
09/15/2021,OPF,FL,ASO,ES,Federal Contract Tower,1,36,132,0,169,0,4,101,9,114,1,40,233,9,283,127,0,127,410
09/16/2021,OPF,FL,ASO,ES,Federal Contract Tower,0,42,141,3,186,0,2,94,13,109,0,44,235,16,295,133,2,135,430
09/17/2021,OPF,FL,ASO,ES,Federal Contract Tower,0,54,108,0,162,0,0,89,2,91,0,54,197,2,253,122,0,122,375
09/18/2021,OPF,FL,ASO,ES,Federal Contract Tower,2,37,93,2,134,0,2,91,13,106,2,39,184,15,240,88,0,88,328
09/19/2021,OPF,FL,ASO,ES,Federal Contract Tower,0,56,139,3,198,0,5,58,12,75,0,61,197,15,273,82,20,102,375
09/20/2021,OPF,FL,ASO,ES,Federal Contract Tower,0,53,94,5,152,0,4,89,11,104,0,57,183,16,256,142,3,145,401
09/21/2021,OPF,FL,ASO,ES,Federal Contract Tower,0,34,98,3,135,0,6,86,11,103,0,40,184,14,238,122,0,122,360
09/22/2021,OPF,FL,ASO,ES,Federal Contract Tower,0,53,90,2,145,0,0,60,9,69,0,53,150,11,214,84,0,84,298
09/23/2021,OPF,FL,ASO,ES,Federal Contract Tower,1,56,133,2,192,0,5,103,7,115,1,61,236,9,307,119,0,119,426
09/24/2021,OPF,FL,ASO,ES,Federal Contract Tower,1,60,144,8,213,0,4,89,5,98,1,64,233,13,311,120,8,128,439
09/25/2021,OPF,FL,ASO,ES,Federal Contract Tower,0,36,85,0,121,0,1,63,6,70,0,37,148,6,191,101,0,101,292
09/26/2021,OPF,FL,ASO,ES,Federal Contract Tower,1,37,123,1,162,0,2,73,6,81,1,39,196,7,243,70,0,70,313
09/27/2021,OPF,FL,ASO,ES,Federal Contract Tower,2,36,124,2,164,0,3,110,13,126,2,39,234,15,290,204,5,209,499
09/28/2021,OPF,FL,ASO,ES,Federal Contract Tower,1,46,123,2,172,0,4,125,14,143,1,50,248,16,315,286,4,290,605
09/29/2021,OPF,FL,ASO,ES,Federal Contract Tower,0,42,137,2,181,0,5,113,12,130,0,47,250,14,311,227,30,257,568
09/30/2021,OPF,FL,ASO,ES,Federal Contract Tower,0,48,142,2,192,0,2,128,10,140,0,50,270,12,332,143,2,145,477
10/01/2021,OPF,FL,ASO,ES,Federal Contract Tower,0,57,118,0,175,0,2,96,8,106,0,59,214,8,281,130,5,135,416
10/02/2021,OPF,FL,ASO,ES,Federal Contract Tower,0,27,94,1,122,0,10,90,4,104,0,37,184,5,226,41,0,41,267
10/03/2021,OPF,FL,ASO,ES,Federal Contract Tower,0,44,115,2,161,0,5,83,6,94,0,49,198,8,255,44,10,54,309
10/04/2021,OPF,FL,ASO,ES,Federal Contract Tower,0,44,113,3,160,0,1,92,15,108,0,45,205,18,268,161,19,180,448
10/05/2021,OPF,FL,ASO,ES,Federal Contract Tower,0,45,141,0,186,0,5,142,14,161,0,50,283,14,347,188,0,188,535
10/06/2021,OPF,FL,ASO,ES,Federal Contract Tower,0,50,139,0,189,0,10,130,7,147,0,60,269,7,336,147,14,161,497
10/07/2021,OPF,FL,ASO,ES,Federal Contract Tower,0,60,130,1,191,0,3,105,12,120,0,63,235,13,311,212,0,212,523
10/08/2021,OPF,FL,ASO,ES,Federal Contract Tower,1,76,148,0,225,0,7,94,4,105,1,83,242,4,330,228,12,240,570
10/09/2021,OPF,FL,ASO,ES,Federal Contract Tower,3,19,106,4,132,0,7,59,4,70,3,26,165,8,202,85,0,85,287
10/10/2021,OPF,FL,ASO,ES,Federal Contract Tower,0,48,124,0,172,0,2,87,5,94,0,50,211,5,266,76,4,80,346
10/11/2021,OPF,FL,ASO,ES,Federal Contract Tower,0,55,149,1,205,0,7,104,7,118,0,62,253,8,323,131,0,131,454
10/12/2021,OPF,FL,ASO,ES,Federal Contract Tower,0,56,156,3,215,0,2,128,13,143,0,58,284,16,358,160,0,160,518
10/13/2021,OPF,FL,ASO,ES,Federal Contract Tower,0,48,147,3,198,0,4,122,5,131,0,52,269,8,329,181,6,187,516
10/14/2021,OPF,FL,ASO,ES,Federal Contract Tower,0,76,151,1,228,0,4,126,16,146,0,80,277,17,374,269,13,282,656
10/15/2021,OPF,FL,ASO,ES,Federal Contract Tower,0,52,139,1,192,0,5,121,11,137,0,57,260,12,329,155,16,171,500
10/16/2021,OPF,FL,ASO,ES,Federal Contract Tower,0,30,94,1,125,0,6,76,3,85,0,36,170,4,210,116,0,116,326
10/17/2021,OPF,FL,ASO,ES,Federal Contract Tower,0,79,159,0,238,0,10,68,3,81,0,89,227,3,319,62,0,62,381
10/18/2021,OPF,FL,ASO,ES,Federal Contract Tower,0,60,132,1,193,0,7,130,13,150,0,67,262,14,343,123,19,142,485
10/19/2021,OPF,FL,ASO,ES,Federal Contract Tower,0,43,141,2,186,0,4,114,22,140,0,47,255,24,326,178,12,190,516
10/20/2021,OPF,FL,ASO,ES,Federal Contract Tower,1,55,176,1,233,0,0,125,14,139,1,55,301,15,372,187,0,187,559
10/21/2021,OPF,FL,ASO,ES,Federal Contract Tower,0,45,176,4,225,0,5,115,17,137,0,50,291,21,362,209,39,248,610
10/22/2021,OPF,FL,ASO,ES,Federal Contract Tower,0,47,128,10,185,0,3,62,14,79,0,50,190,24,264,17,0,17,281
10/23/2021,OPF,FL,ASO,ES,Federal Contract Tower,1,25,92,0,118,0,6,57,17,80,1,31,149,17,198,110,2,112,310
10/24/2021,OPF,FL,ASO,ES,Federal Contract Tower,0,65,143,0,208,0,0,60,7,67,0,65,203,7,275,100,10,110,385
10/25/2021,OPF,FL,ASO,ES,Federal Contract Tower,0,60,150,3,213,0,5,71,16,92,0,65,221,19,305,144,30,174,479
10/26/2021,OPF,FL,ASO,ES,Federal Contract Tower,0,53,157,3,213,0,7,90,11,108,0,60,247,14,321,111,13,124,445
10/27/2021,OPF,FL,ASO,ES,Federal Contract Tower,1,45,180,0,226,0,9,114,9,132,1,54,294,9,358,167,5,172,530
10/28/2021,OPF,FL,ASO,ES,Federal Contract Tower,0,60,174,1,235,0,0,99,4,103,0,60,273,5,338,134,29,163,501
10/29/2021,OPF,FL,ASO,ES,Federal Contract Tower,0,60,164,4,228,0,5,87,10,102,0,65,251,14,330,98,0,98,428
10/30/2021,OPF,FL,ASO,ES,Federal Contract Tower,1,50,121,2,174,0,8,82,7,97,1,58,203,9,271,45,0,45,316
10/31/2021,OPF,FL,ASO,ES,Federal Contract Tower,0,59,127,8,194,0,1,82,7,90,0,60,209,15,284,30,32,62,346
11/01/2021,OPF,FL,ASO,ES,Federal Contract Tower,0,51,179,4,234,0,3,139,11,153,0,54,318,15,387,160,16,176,563
11/02/2021,OPF,FL,ASO,ES,Federal Contract Tower,0,52,138,0,190,0,2,62,13,77,0,54,200,13,267,90,0,90,357
11/03/2021,OPF,FL,ASO,ES,Federal Contract Tower,0,60,162,2,224,0,3,117,5,125,0,63,279,7,349,192,25,217,566
11/04/2021,OPF,FL,ASO,ES,Federal Contract Tower,0,64,163,1,228,0,2,116,6,124,0,66,279,7,352,200,0,200,552
11/05/2021,OPF,FL,ASO,ES,Federal Contract Tower,0,49,139,5,193,0,0,16,4,20,0,49,155,9,213,10,29,39,252
11/06/2021,OPF,FL,ASO,ES,Federal Contract Tower,1,43,103,4,151,0,3,40,7,50,1,46,143,11,201,21,0,21,222
11/07/2021,OPF,FL,ASO,ES,Federal Contract Tower,0,79,153,0,232,0,2,96,11,109,0,81,249,11,341,58,3,61,402
11/08/2021,OPF,FL,ASO,ES,Federal Contract Tower,0,74,159,0,233,0,3,112,14,129,0,77,271,14,362,108,7,115,477
11/09/2021,OPF,FL,ASO,ES,Federal Contract Tower,0,71,137,3,211,0,13,100,12,125,0,84,237,15,336,149,0,149,485
11/10/2021,OPF,FL,ASO,ES,Federal Contract Tower,0,80,196,3,279,0,3,126,18,147,0,83,322,21,426,153,14,167,593
11/11/2021,OPF,FL,ASO,ES,Federal Contract Tower,3,55,175,17,250,0,5,121,12,138,3,60,296,29,388,185,0,185,573
11/12/2021,OPF,FL,ASO,ES,Federal Contract Tower,1,71,168,3,243,0,3,85,14,102,1,74,253,17,345,162,0,162,507
11/13/2021,OPF,FL,ASO,ES,Federal Contract Tower,0,42,134,0,176,0,0,111,10,121,0,42,245,10,297,149,0,149,446
11/14/2021,OPF,FL,ASO,ES,Federal Contract Tower,0,76,182,0,258,0,6,104,5,115,0,82,286,5,373,105,0,105,478
11/15/2021,OPF,FL,ASO,ES,Federal Contract Tower,0,64,174,0,238,0,3,115,24,142,0,67,289,24,380,164,0,164,544
11/16/2021,OPF,FL,ASO,ES,Federal Contract Tower,0,67,153,2,222,0,8,163,7,178,0,75,316,9,400,224,0,224,624
11/17/2021,OPF,FL,ASO,ES,Federal Contract Tower,0,64,186,1,251,0,0,120,9,129,0,64,306,10,380,159,7,166,546
11/18/2021,OPF,FL,ASO,ES,Federal Contract Tower,0,70,162,1,233,0,0,61,8,69,0,70,223,9,302,97,28,125,427
11/19/2021,OPF,FL,ASO,ES,Federal Contract Tower,0,85,224,5,314,0,3,63,4,70,0,88,287,9,384,39,16,55,439
11/20/2021,OPF,FL,ASO,ES,Federal Contract Tower,0,76,152,2,230,0,3,33,5,41,0,79,185,7,271,38,0,38,309
11/21/2021,OPF,FL,ASO,ES,Federal Contract Tower,1,70,199,0,270,0,4,59,10,73,1,74,258,10,343,133,8,141,484
11/22/2021,OPF,FL,ASO,ES,Federal Contract Tower,1,65,199,3,268,0,13,65,13,91,1,78,264,16,359,62,0,62,421
11/23/2021,OPF,FL,ASO,ES,Federal Contract Tower,2,95,193,4,294,0,2,121,13,136,2,97,314,17,430,83,0,83,513
11/24/2021,OPF,FL,ASO,ES,Federal Contract Tower,0,102,177,5,284,0,6,138,4,148,0,108,315,9,432,127,12,139,571
11/25/2021,OPF,FL,ASO,ES,Federal Contract Tower,0,31,92,0,123,0,2,68,3,73,0,33,160,3,196,141,0,141,337
11/26/2021,OPF,FL,ASO,ES,Federal Contract Tower,0,42,118,1,161,0,3,110,4,117,0,45,228,5,278,194,0,194,472
11/27/2021,OPF,FL,ASO,ES,Federal Contract Tower,2,68,162,1,233,0,3,109,13,125,2,71,271,14,358,168,4,172,530
11/28/2021,OPF,FL,ASO,ES,Federal Contract Tower,0,128,254,0,382,0,2,100,10,112,0,130,354,10,494,46,10,56,550
11/29/2021,OPF,FL,ASO,ES,Federal Contract Tower,0,127,238,4,369,0,0,100,11,111,0,127,338,15,480,65,27,92,572
11/30/2021,OPF,FL,ASO,ES,Federal Contract Tower,0,111,210,2,323,0,3,120,10,133,0,114,330,12,456,120,2,122,578
12/01/2021,OPF,FL,ASO,ES,Federal Contract Tower,1,117,203,1,322,0,4,129,7,140,1,121,332,8,462,106,0,106,568
12/02/2021,OPF,FL,ASO,ES,Federal Contract Tower,1,114,211,1,327,0,7,126,11,144,1,121,337,12,471,72,0,72,543
12/03/2021,OPF,FL,ASO,ES,Federal Contract Tower,0,112,197,1,310,0,5,155,6,166,0,117,352,7,476,140,8,148,624
12/04/2021,OPF,FL,ASO,ES,Federal Contract Tower,1,73,174,0,248,0,7,108,8,123,1,80,282,8,371,28,4,32,403
12/05/2021,OPF,FL,ASO,ES,Federal Contract Tower,0,115,190,0,305,0,10,95,11,116,0,125,285,11,421,10,10,20,441
12/06/2021,OPF,FL,ASO,ES,Federal Contract Tower,0,95,157,5,257,0,2,67,5,74,0,97,224,10,331,68,0,68,399
12/07/2021,OPF,FL,ASO,ES,Federal Contract Tower,0,81,172,4,257,0,2,145,9,156,0,83,317,13,413,196,12,208,621
12/08/2021,OPF,FL,ASO,ES,Federal Contract Tower,0,80,207,6,293,0,6,137,7,150,0,86,344,13,443,117,2,119,562
12/09/2021,OPF,FL,ASO,ES,Federal Contract Tower,0,66,180,5,251,0,3,162,9,174,0,69,342,14,425,165,0,165,590
12/10/2021,OPF,FL,ASO,ES,Federal Contract Tower,0,61,153,3,217,0,5,141,7,153,0,66,294,10,370,158,0,158,528
12/11/2021,OPF,FL,ASO,ES,Federal Contract Tower,0,55,113,0,168,0,4,116,6,126,0,59,229,6,294,151,4,155,449
12/12/2021,OPF,FL,ASO,ES,Federal Contract Tower,1,79,158,0,238,0,4,111,5,120,1,83,269,5,358,58,0,58,416
12/13/2021,OPF,FL,ASO,ES,Federal Contract Tower,0,53,181,2,236,0,6,140,13,159,0,59,321,15,395,104,23,127,522
12/14/2021,OPF,FL,ASO,ES,Federal Contract Tower,0,65,175,4,244,0,9,161,13,183,0,74,336,17,427,220,0,220,647
12/15/2021,OPF,FL,ASO,ES,Federal Contract Tower,0,93,149,3,245,0,6,109,9,124,0,99,258,12,369,53,0,53,422
12/16/2021,OPF,FL,ASO,ES,Federal Contract Tower,0,102,164,8,274,0,9,151,10,170,0,111,315,18,444,95,0,95,539
12/17/2021,OPF,FL,ASO,ES,Federal Contract Tower,0,93,213,1,307,0,4,125,6,135,0,97,338,7,442,124,0,124,566
12/18/2021,OPF,FL,ASO,ES,Federal Contract Tower,0,82,194,2,278,0,1,100,8,109,0,83,294,10,387,117,0,117,504
12/19/2021,OPF,FL,ASO,ES,Federal Contract Tower,0,74,144,4,222,0,4,67,4,75,0,78,211,8,297,68,8,76,373
12/20/2021,OPF,FL,ASO,ES,Federal Contract Tower,0,70,162,4,236,0,5,85,12,102,0,75,247,16,338,168,0,168,506
12/21/2021,OPF,FL,ASO,ES,Federal Contract Tower,0,66,129,0,195,0,0,43,3,46,0,66,172,3,241,42,0,42,283
12/22/2021,OPF,FL,ASO,ES,Federal Contract Tower,1,96,182,2,281,0,1,134,8,143,1,97,316,10,424,160,0,160,584
12/23/2021,OPF,FL,ASO,ES,Federal Contract Tower,1,77,149,0,227,0,4,118,5,127,1,81,267,5,354,123,1,124,478
12/24/2021,OPF,FL,ASO,ES,Federal Contract Tower,0,60,77,0,137,0,1,63,6,70,0,61,140,6,207,38,2,40,247
12/25/2021,OPF,FL,ASO,ES,Federal Contract Tower,0,44,68,0,112,0,0,40,2,42,0,44,108,2,154,13,0,13,167
12/26/2021,OPF,FL,ASO,ES,Federal Contract Tower,0,107,203,0,310,0,3,92,5,100,0,110,295,5,410,34,0,34,444
12/27/2021,OPF,FL,ASO,ES,Federal Contract Tower,0,116,195,0,311,0,7,102,5,114,0,123,297,5,425,77,0,77,502
12/28/2021,OPF,FL,ASO,ES,Federal Contract Tower,0,102,166,0,268,0,2,89,11,102,0,104,255,11,370,109,0,109,479
12/29/2021,OPF,FL,ASO,ES,Federal Contract Tower,0,93,172,0,265,0,1,109,6,116,0,94,281,6,381,78,6,84,465
12/30/2021,OPF,FL,ASO,ES,Federal Contract Tower,0,95,194,0,289,0,8,91,6,105,0,103,285,6,394,72,0,72,466
12/31/2021,OPF,FL,ASO,ES,Federal Contract Tower,0,52,114,0,166,0,1,55,8,64,0,53,169,8,230,24,0,24,254
01/01/2022,OPF,FL,ASO,ES,Federal Contract Tower,0,106,127,0,233,0,2,73,4,79,0,108,200,4,312,6,0,6,318
01/02/2022,OPF,FL,ASO,ES,Federal Contract Tower,0,121,246,0,367,0,1,66,7,74,0,122,312,7,441,12,0,12,453
01/03/2022,OPF,FL,ASO,ES,Federal Contract Tower,0,114,178,0,292,0,2,82,6,90,0,116,260,6,382,77,0,77,459
01/04/2022,OPF,FL,ASO,ES,Federal Contract Tower,0,97,170,2,269,0,4,106,5,115,0,101,276,7,384,129,0,129,513
01/05/2022,OPF,FL,ASO,ES,Federal Contract Tower,2,88,133,2,225,0,7,100,8,115,2,95,233,10,340,155,5,160,500
01/06/2022,OPF,FL,ASO,ES,Federal Contract Tower,1,70,165,1,237,0,4,110,14,128,1,74,275,15,365,157,8,165,530
01/07/2022,OPF,FL,ASO,ES,Federal Contract Tower,1,58,121,0,180,0,6,99,11,116,1,64,220,11,296,134,0,134,430
01/08/2022,OPF,FL,ASO,ES,Federal Contract Tower,0,89,126,1,216,0,6,74,9,89,0,95,200,10,305,16,0,16,321
01/09/2022,OPF,FL,ASO,ES,Federal Contract Tower,0,99,166,1,266,0,7,31,4,42,0,106,197,5,308,0,0,0,308
01/10/2022,OPF,FL,ASO,ES,Federal Contract Tower,0,83,161,8,252,0,2,85,9,96,0,85,246,17,348,146,2,148,496
01/11/2022,OPF,FL,ASO,ES,Federal Contract Tower,0,68,118,1,187,0,4,98,15,117,0,72,216,16,304,70,22,92,396
01/12/2022,OPF,FL,ASO,ES,Federal Contract Tower,1,69,138,4,212,0,3,103,12,118,1,72,241,16,330,187,40,227,557
01/13/2022,OPF,FL,ASO,ES,Federal Contract Tower,1,81,150,3,235,0,6,104,11,121,1,87,254,14,356,143,0,143,499
01/14/2022,OPF,FL,ASO,ES,Federal Contract Tower,0,109,165,1,275,0,39,68,7,114,0,148,233,8,389,26,0,26,415
01/15/2022,OPF,FL,ASO,ES,Federal Contract Tower,1,55,119,1,176,0,3,109,5,117,1,58,228,6,293,68,0,68,361
01/16/2022,OPF,FL,ASO,ES,Federal Contract Tower,0,42,139,4,185,0,0,24,9,33,0,42,163,13,218,0,16,16,234
01/17/2022,OPF,FL,ASO,ES,Federal Contract Tower,0,88,196,0,284,0,4,104,12,120,0,92,300,12,404,95,0,95,499
01/18/2022,OPF,FL,ASO,ES,Federal Contract Tower,2,78,126,2,208,0,3,148,14,165,2,81,274,16,373,133,0,133,506
01/19/2022,OPF,FL,ASO,ES,Federal Contract Tower,0,57,155,4,216,0,3,119,12,134,0,60,274,16,350,129,0,129,479
01/20/2022,OPF,FL,ASO,ES,Federal Contract Tower,0,78,197,2,277,0,3,104,6,113,0,81,301,8,390,70,16,86,476
01/21/2022,OPF,FL,ASO,ES,Federal Contract Tower,0,75,155,3,233,0,7,133,19,159,0,82,288,22,392,150,6,156,548
01/22/2022,OPF,FL,ASO,ES,Federal Contract Tower,0,52,103,2,157,0,0,62,5,67,0,52,165,7,224,126,8,134,358
01/23/2022,OPF,FL,ASO,ES,Federal Contract Tower,2,85,197,6,290,0,0,37,1,38,2,85,234,7,328,67,0,67,395
01/24/2022,OPF,FL,ASO,ES,Federal Contract Tower,0,66,170,2,238,0,8,124,3,135,0,74,294,5,373,105,26,131,504
01/25/2022,OPF,FL,ASO,ES,Federal Contract Tower,0,62,143,2,207,0,6,128,17,151,0,68,271,19,358,111,11,122,480
01/26/2022,OPF,FL,ASO,ES,Federal Contract Tower,1,66,147,0,214,0,2,97,10,109,1,68,244,10,323,134,4,138,461
01/27/2022,OPF,FL,ASO,ES,Federal Contract Tower,0,100,192,1,293,0,2,110,10,122,0,102,302,11,415,74,0,74,489
01/28/2022,OPF,FL,ASO,ES,Federal Contract Tower,0,108,149,3,260,0,2,46,6,54,0,110,195,9,314,58,0,58,372
01/29/2022,OPF,FL,ASO,ES,Federal Contract Tower,0,59,109,2,170,0,2,39,7,48,0,61,148,9,218,6,17,23,241
01/30/2022,OPF,FL,ASO,ES,Federal Contract Tower,0,75,171,0,246,0,6,125,7,138,0,81,296,7,384,48,0,48,432
01/31/2022,OPF,FL,ASO,ES,Federal Contract Tower,0,92,165,0,257,0,1,132,6,139,0,93,297,6,396,170,0,170,566
02/01/2022,OPF,FL,ASO,ES,Federal Contract Tower,0,68,169,2,239,0,6,103,16,125,0,74,272,18,364,142,3,145,509
02/02/2022,OPF,FL,ASO,ES,Federal Contract Tower,0,72,168,2,242,0,6,115,5,126,0,78,283,7,368,135,4,139,507
02/03/2022,OPF,FL,ASO,ES,Federal Contract Tower,0,80,171,2,253,0,9,131,25,165,0,89,302,27,418,92,18,110,528
02/04/2022,OPF,FL,ASO,ES,Federal Contract Tower,0,80,193,3,276,0,7,106,8,121,0,87,299,11,397,233,0,233,630
02/05/2022,OPF,FL,ASO,ES,Federal Contract Tower,1,43,134,2,180,0,2,107,4,113,1,45,241,6,293,178,20,198,491
02/06/2022,OPF,FL,ASO,ES,Federal Contract Tower,0,102,205,1,308,0,4,70,4,78,0,106,275,5,386,41,10,51,437
02/07/2022,OPF,FL,ASO,ES,Federal Contract Tower,0,82,189,2,273,0,5,105,13,123,0,87,294,15,396,115,0,115,511
02/08/2022,OPF,FL,ASO,ES,Federal Contract Tower,0,63,194,6,263,0,3,112,15,130,0,66,306,21,393,132,0,132,525
02/09/2022,OPF,FL,ASO,ES,Federal Contract Tower,2,102,159,18,281,0,3,25,6,34,2,105,184,24,315,36,0,36,351
02/10/2022,OPF,FL,ASO,ES,Federal Contract Tower,1,107,191,1,300,0,3,162,15,180,1,110,353,16,480,113,12,125,605
02/11/2022,OPF,FL,ASO,ES,Federal Contract Tower,0,105,188,1,294,0,3,119,26,148,0,108,307,27,442,65,10,75,517
02/12/2022,OPF,FL,ASO,ES,Federal Contract Tower,0,52,147,3,202,0,6,135,10,151,0,58,282,13,353,130,5,135,488
02/13/2022,OPF,FL,ASO,ES,Federal Contract Tower,0,69,160,2,231,0,1,32,4,37,0,70,192,6,268,89,6,95,363
02/14/2022,OPF,FL,ASO,ES,Federal Contract Tower,0,77,195,1,273,0,5,126,14,145,0,82,321,15,418,54,10,64,482
02/15/2022,OPF,FL,ASO,ES,Federal Contract Tower,0,68,191,4,263,0,1,99,15,115,0,69,290,19,378,49,0,49,427
02/16/2022,OPF,FL,ASO,ES,Federal Contract Tower,0,89,246,6,341,0,0,64,15,79,0,89,310,21,420,90,6,96,516
02/17/2022,OPF,FL,ASO,ES,Federal Contract Tower,0,108,264,1,373,0,2,90,15,107,0,110,354,16,480,114,21,135,615
02/18/2022,OPF,FL,ASO,ES,Federal Contract Tower,0,122,262,1,385,0,1,137,6,144,0,123,399,7,529,77,2,79,608
02/19/2022,OPF,FL,ASO,ES,Federal Contract Tower,0,100,192,4,296,0,9,54,3,66,0,109,246,7,362,75,0,75,437
02/20/2022,OPF,FL,ASO,ES,Federal Contract Tower,0,95,218,3,316,0,2,69,11,82,0,97,287,14,398,36,0,36,434
02/21/2022,OPF,FL,ASO,ES,Federal Contract Tower,1,132,210,2,345,0,4,151,6,161,1,136,361,8,506,72,12,84,590
02/22/2022,OPF,FL,ASO,ES,Federal Contract Tower,0,91,191,0,282,0,7,112,24,143,0,98,303,24,425,24,5,29,454
02/23/2022,OPF,FL,ASO,ES,Federal Contract Tower,0,105,173,1,279,0,2,158,16,176,0,107,331,17,455,4,5,9,464
02/24/2022,OPF,FL,ASO,ES,Federal Contract Tower,1,103,190,1,295,0,3,133,12,148,1,106,323,13,443,0,0,0,443
02/25/2022,OPF,FL,ASO,ES,Federal Contract Tower,1,96,165,0,262,0,1,147,12,160,1,97,312,12,422,0,2,2,424
02/26/2022,OPF,FL,ASO,ES,Federal Contract Tower,3,73,154,11,241,0,1,138,7,146,3,74,292,18,387,18,0,18,405
02/27/2022,OPF,FL,ASO,ES,Federal Contract Tower,0,107,212,0,319,0,7,91,6,104,0,114,303,6,423,10,0,10,433
02/28/2022,OPF,FL,ASO,ES,Federal Contract Tower,0,83,166,2,251,0,6,155,8,169,0,89,321,10,420,0,0,0,420
03/01/2022,OPF,FL,ASO,ES,Federal Contract Tower,0,70,164,5,239,0,3,112,11,126,0,73,276,16,365,2,0,2,367
03/02/2022,OPF,FL,ASO,ES,Federal Contract Tower,2,92,212,1,307,0,1,117,13,131,2,93,329,14,438,4,0,4,442
03/03/2022,OPF,FL,ASO,ES,Federal Contract Tower,0,93,199,2,294,0,2,166,13,181,0,95,365,15,475,25,0,25,500
03/04/2022,OPF,FL,ASO,ES,Federal Contract Tower,2,88,150,3,243,0,6,124,9,139,2,94,274,12,382,2,0,2,384
03/05/2022,OPF,FL,ASO,ES,Federal Contract Tower,0,78,131,5,214,0,2,47,4,53,0,80,178,9,267,4,0,4,271
03/06/2022,OPF,FL,ASO,ES,Federal Contract Tower,2,97,186,1,286,0,1,84,12,97,2,98,270,13,383,0,0,0,383
03/07/2022,OPF,FL,ASO,ES,Federal Contract Tower,0,70,165,8,243,0,3,107,12,122,0,73,272,20,365,15,10,25,390
03/08/2022,OPF,FL,ASO,ES,Federal Contract Tower,0,75,185,1,261,0,4,138,18,160,0,79,323,19,421,6,2,8,429
03/09/2022,OPF,FL,ASO,ES,Federal Contract Tower,1,75,136,1,213,0,14,134,14,162,1,89,270,15,375,17,2,19,394
03/10/2022,OPF,FL,ASO,ES,Federal Contract Tower,0,76,161,4,241,0,1,55,14,70,0,77,216,18,311,2,0,2,313
03/11/2022,OPF,FL,ASO,ES,Federal Contract Tower,0,100,176,4,280,0,2,131,14,147,0,102,307,18,427,27,0,27,454
03/12/2022,OPF,FL,ASO,ES,Federal Contract Tower,0,90,151,2,243,0,5,52,10,67,0,95,203,12,310,4,0,4,314
03/13/2022,OPF,FL,ASO,ES,Federal Contract Tower,0,106,215,0,321,0,5,90,10,105,0,111,305,10,426,16,0,16,442
03/14/2022,OPF,FL,ASO,ES,Federal Contract Tower,0,89,184,4,277,0,8,80,11,99,0,97,264,15,376,2,3,5,381
03/15/2022,OPF,FL,ASO,ES,Federal Contract Tower,1,91,139,5,236,0,3,29,10,42,1,94,168,15,278,0,0,0,278
03/16/2022,OPF,FL,ASO,ES,Federal Contract Tower,0,78,166,4,248,0,2,113,18,133,0,80,279,22,381,29,0,29,410
03/17/2022,OPF,FL,ASO,ES,Federal Contract Tower,0,79,190,1,270,0,6,87,24,117,0,85,277,25,387,4,0,4,391
03/18/2022,OPF,FL,ASO,ES,Federal Contract Tower,0,110,202,2,314,0,1,186,8,195,0,111,388,10,509,0,0,0,509
03/19/2022,OPF,FL,ASO,ES,Federal Contract Tower,0,86,176,0,262,0,2,136,7,145,0,88,312,7,407,18,0,18,425
03/20/2022,OPF,FL,ASO,ES,Federal Contract Tower,0,88,216,0,304,0,2,74,7,83,0,90,290,7,387,16,0,16,403
03/21/2022,OPF,FL,ASO,ES,Federal Contract Tower,0,72,149,2,223,0,5,98,10,113,0,77,247,12,336,2,0,2,338
03/22/2022,OPF,FL,ASO,ES,Federal Contract Tower,0,56,126,0,182,0,4,155,13,172,0,60,281,13,354,32,0,32,386
03/23/2022,OPF,FL,ASO,ES,Federal Contract Tower,0,82,138,2,222,0,5,133,10,148,0,87,271,12,370,17,0,17,387
03/24/2022,OPF,FL,ASO,ES,Federal Contract Tower,0,96,142,1,239,0,1,85,12,98,0,97,227,13,337,6,2,8,345
03/25/2022,OPF,FL,ASO,ES,Federal Contract Tower,0,76,170,2,248,0,3,141,12,156,0,79,311,14,404,15,0,15,419
03/26/2022,OPF,FL,ASO,ES,Federal Contract Tower,0,80,163,1,244,0,6,148,7,161,0,86,311,8,405,4,0,4,409
03/27/2022,OPF,FL,ASO,ES,Federal Contract Tower,0,106,208,1,315,0,6,90,8,104,0,112,298,9,419,16,0,16,435
03/28/2022,OPF,FL,ASO,ES,Federal Contract Tower,3,74,167,2,246,0,16,127,18,161,3,90,294,20,407,12,0,12,419
03/29/2022,OPF,FL,ASO,ES,Federal Contract Tower,0,61,177,0,238,0,6,172,13,191,0,67,349,13,429,12,0,12,441
03/30/2022,OPF,FL,ASO,ES,Federal Contract Tower,0,75,167,1,243,0,6,119,15,140,0,81,286,16,383,4,0,4,387
03/31/2022,OPF,FL,ASO,ES,Federal Contract Tower,0,78,199,0,277,0,6,88,10,104,0,84,287,10,381,34,0,34,415
04/01/2022,OPF,FL,ASO,ES,Federal Contract Tower,0,72,196,7,275,0,4,140,10,154,0,76,336,17,429,5,18,23,452
04/02/2022,OPF,FL,ASO,ES,Federal Contract Tower,0,67,120,1,188,0,6,89,9,104,0,73,209,10,292,6,0,6,298
04/03/2022,OPF,FL,ASO,ES,Federal Contract Tower,1,87,243,0,331,0,0,99,16,115,1,87,342,16,446,29,0,29,475
04/04/2022,OPF,FL,ASO,ES,Federal Contract Tower,0,66,154,2,222,0,3,86,6,95,0,69,240,8,317,49,0,49,366
04/05/2022,OPF,FL,ASO,ES,Federal Contract Tower,0,61,213,1,275,0,4,140,19,163,0,65,353,20,438,6,0,6,444
04/06/2022,OPF,FL,ASO,ES,Federal Contract Tower,0,60,220,2,282,0,3,156,9,168,0,63,376,11,450,12,2,14,464
04/07/2022,OPF,FL,ASO,ES,Federal Contract Tower,0,86,172,4,262,0,4,119,12,135,0,90,291,16,397,4,0,4,401
04/08/2022,OPF,FL,ASO,ES,Federal Contract Tower,0,89,206,0,295,0,5,158,14,177,0,94,364,14,472,4,0,4,476
04/09/2022,OPF,FL,ASO,ES,Federal Contract Tower,1,59,154,0,214,0,4,105,4,113,1,63,259,4,327,10,0,10,337
04/10/2022,OPF,FL,ASO,ES,Federal Contract Tower,2,66,206,0,274,0,2,86,10,98,2,68,292,10,372,0,0,0,372
04/11/2022,OPF,FL,ASO,ES,Federal Contract Tower,0,71,164,0,235,0,3,111,12,126,0,74,275,12,361,22,4,26,387
04/12/2022,OPF,FL,ASO,ES,Federal Contract Tower,0,51,165,5,221,0,2,149,15,166,0,53,314,20,387,4,0,4,391
04/13/2022,OPF,FL,ASO,ES,Federal Contract Tower,1,114,170,3,288,0,9,178,13,200,1,123,348,16,488,19,0,19,507
04/14/2022,OPF,FL,ASO,ES,Federal Contract Tower,0,130,204,2,336,0,3,138,16,157,0,133,342,18,493,46,0,46,539
04/15/2022,OPF,FL,ASO,ES,Federal Contract Tower,0,84,147,8,239,0,1,97,13,111,0,85,244,21,350,14,8,22,372
04/16/2022,OPF,FL,ASO,ES,Federal Contract Tower,0,67,121,1,189,0,8,95,8,111,0,75,216,9,300,8,0,8,308
04/17/2022,OPF,FL,ASO,ES,Federal Contract Tower,0,71,125,1,197,0,13,76,7,96,0,84,201,8,293,34,0,34,327
04/18/2022,OPF,FL,ASO,ES,Federal Contract Tower,0,81,198,3,282,0,3,115,12,130,0,84,313,15,412,12,0,12,424
04/19/2022,OPF,FL,ASO,ES,Federal Contract Tower,1,79,183,7,270,0,9,146,19,174,1,88,329,26,444,1,0,1,445
04/20/2022,OPF,FL,ASO,ES,Federal Contract Tower,0,92,170,1,263,0,2,157,20,179,0,94,327,21,442,14,0,14,456
04/21/2022,OPF,FL,ASO,ES,Federal Contract Tower,0,86,147,3,236,0,6,111,8,125,0,92,258,11,361,28,0,28,389
04/22/2022,OPF,FL,ASO,ES,Federal Contract Tower,0,83,155,5,243,0,3,100,13,116,0,86,255,18,359,2,0,2,361
04/23/2022,OPF,FL,ASO,ES,Federal Contract Tower,0,73,137,1,211,0,8,100,5,113,0,81,237,6,324,64,0,64,388
04/24/2022,OPF,FL,ASO,ES,Federal Contract Tower,0,99,223,1,323,0,2,88,8,98,0,101,311,9,421,32,14,46,467
04/25/2022,OPF,FL,ASO,ES,Federal Contract Tower,0,83,197,4,284,0,5,142,11,158,0,88,339,15,442,268,0,268,710
04/26/2022,OPF,FL,ASO,ES,Federal Contract Tower,0,58,190,2,250,0,5,154,15,174,0,63,344,17,424,194,0,194,618
04/27/2022,OPF,FL,ASO,ES,Federal Contract Tower,0,63,172,4,239,0,18,177,7,202,0,81,349,11,441,253,0,253,694
04/28/2022,OPF,FL,ASO,ES,Federal Contract Tower,1,73,171,1,246,0,8,99,8,115,1,81,270,9,361,185,0,185,546
04/29/2022,OPF,FL,ASO,ES,Federal Contract Tower,0,46,168,1,215,0,4,117,7,128,0,50,285,8,343,251,4,255,598
04/30/2022,OPF,FL,ASO,ES,Federal Contract Tower,0,39,125,0,164,0,1,68,4,73,0,40,193,4,237,111,0,111,348
05/01/2022,OPF,FL,ASO,ES,Federal Contract Tower,0,59,180,1,240,0,9,71,8,88,0,68,251,9,328,39,0,39,367
05/02/2022,OPF,FL,ASO,ES,Federal Contract Tower,0,40,164,0,204,0,5,111,22,138,0,45,275,22,342,199,0,199,541
05/03/2022,OPF,FL,ASO,ES,Federal Contract Tower,0,61,172,0,233,0,0,137,18,155,0,61,309,18,388,243,32,275,663
05/04/2022,OPF,FL,ASO,ES,Federal Contract Tower,0,86,205,0,291,0,7,112,12,131,0,93,317,12,422,85,0,85,507
05/05/2022,OPF,FL,ASO,ES,Federal Contract Tower,0,134,235,2,371,0,5,76,12,93,0,139,311,14,464,51,0,51,515
05/06/2022,OPF,FL,ASO,ES,Federal Contract Tower,0,111,180,0,291,0,3,92,9,104,0,114,272,9,395,4,0,4,399
05/07/2022,OPF,FL,ASO,ES,Federal Contract Tower,1,71,121,0,193,0,9,59,10,78,1,80,180,10,271,14,0,14,285
05/08/2022,OPF,FL,ASO,ES,Federal Contract Tower,0,153,214,3,370,0,4,67,11,82,0,157,281,14,452,0,0,0,452
05/09/2022,OPF,FL,ASO,ES,Federal Contract Tower,0,145,246,3,394,0,3,79,15,97,0,148,325,18,491,0,0,0,491
05/10/2022,OPF,FL,ASO,ES,Federal Contract Tower,0,61,175,5,241,0,5,129,14,148,0,66,304,19,389,4,0,4,393
05/11/2022,OPF,FL,ASO,ES,Federal Contract Tower,1,51,168,0,220,0,1,152,8,161,1,52,320,8,381,171,1,172,553
05/12/2022,OPF,FL,ASO,ES,Federal Contract Tower,1,59,150,24,234,0,1,110,9,120,1,60,260,33,354,182,0,182,536
05/13/2022,OPF,FL,ASO,ES,Federal Contract Tower,0,69,196,0,265,0,2,152,7,161,0,71,348,7,426,108,0,108,534
05/14/2022,OPF,FL,ASO,ES,Federal Contract Tower,1,40,93,1,135,0,7,294,8,309,1,47,387,9,444,4,0,4,448
05/15/2022,OPF,FL,ASO,ES,Federal Contract Tower,1,70,137,9,217,0,3,75,5,83,1,73,212,14,300,39,0,39,339
05/16/2022,OPF,FL,ASO,ES,Federal Contract Tower,0,67,151,1,219,0,3,112,4,119,0,70,263,5,338,66,0,66,404
05/17/2022,OPF,FL,ASO,ES,Federal Contract Tower,1,54,129,1,185,0,1,148,15,164,1,55,277,16,349,48,0,48,397
05/18/2022,OPF,FL,ASO,ES,Federal Contract Tower,0,53,163,1,217,0,5,146,14,165,0,58,309,15,382,259,0,259,641
05/19/2022,OPF,FL,ASO,ES,Federal Contract Tower,0,74,194,0,268,0,4,147,8,159,0,78,341,8,427,135,0,135,562
05/20/2022,OPF,FL,ASO,ES,Federal Contract Tower,0,53,137,1,191,0,5,105,11,121,0,58,242,12,312,62,0,62,374
05/21/2022,OPF,FL,ASO,ES,Federal Contract Tower,0,42,109,1,152,0,4,71,7,82,0,46,180,8,234,79,0,79,313
05/22/2022,OPF,FL,ASO,ES,Federal Contract Tower,0,51,146,1,198,0,2,82,6,90,0,53,228,7,288,22,0,22,310
05/23/2022,OPF,FL,ASO,ES,Federal Contract Tower,0,54,179,2,235,0,4,118,9,131,0,58,297,11,366,140,0,140,506
05/24/2022,OPF,FL,ASO,ES,Federal Contract Tower,0,56,177,2,235,0,3,144,20,167,0,59,321,22,402,122,0,122,524
05/25/2022,OPF,FL,ASO,ES,Federal Contract Tower,1,59,136,2,198,0,8,146,11,165,1,67,282,13,363,151,0,151,514
05/26/2022,OPF,FL,ASO,ES,Federal Contract Tower,0,59,177,11,247,0,10,140,19,169,0,69,317,30,416,156,0,156,572
05/27/2022,OPF,FL,ASO,ES,Federal Contract Tower,0,51,146,4,201,0,4,161,35,200,0,55,307,39,401,61,0,61,462
05/28/2022,OPF,FL,ASO,ES,Federal Contract Tower,0,28,73,1,102,0,0,76,36,112,0,28,149,37,214,80,0,80,294
05/29/2022,OPF,FL,ASO,ES,Federal Contract Tower,0,26,55,1,82,0,0,62,14,76,0,26,117,15,158,24,0,24,182
05/30/2022,OPF,FL,ASO,ES,Federal Contract Tower,0,63,173,8,244,0,2,111,13,126,0,65,284,21,370,63,10,73,443
05/31/2022,OPF,FL,ASO,ES,Federal Contract Tower,0,58,139,3,200,0,2,102,17,121,0,60,241,20,321,184,0,184,505
06/01/2022,OPF,FL,ASO,ES,Federal Contract Tower,0,46,129,4,179,0,1,98,11,110,0,47,227,15,289,110,0,110,399
06/02/2022,OPF,FL,ASO,ES,Federal Contract Tower,1,44,151,2,198,0,3,121,14,138,1,47,272,16,336,165,0,165,501
06/03/2022,OPF,FL,ASO,ES,Federal Contract Tower,0,48,90,5,143,0,0,6,1,7,0,48,96,6,150,9,0,9,159
06/04/2022,OPF,FL,ASO,ES,Federal Contract Tower,0,20,57,0,77,0,2,20,5,27,0,22,77,5,104,8,0,8,112
06/05/2022,OPF,FL,ASO,ES,Federal Contract Tower,1,60,157,0,218,0,2,82,10,94,1,62,239,10,312,58,0,58,370
06/06/2022,OPF,FL,ASO,ES,Federal Contract Tower,1,47,130,0,178,0,3,117,14,134,1,50,247,14,312,159,0,159,471
06/07/2022,OPF,FL,ASO,ES,Federal Contract Tower,0,47,92,4,143,0,3,96,15,114,0,50,188,19,257,202,22,224,481
06/08/2022,OPF,FL,ASO,ES,Federal Contract Tower,0,53,150,3,206,0,7,153,10,170,0,60,303,13,376,264,7,271,647
06/09/2022,OPF,FL,ASO,ES,Federal Contract Tower,0,42,127,1,170,0,2,103,15,120,0,44,230,16,290,113,0,113,403
06/10/2022,OPF,FL,ASO,ES,Federal Contract Tower,0,46,148,0,194,0,3,124,10,137,0,49,272,10,331,99,16,115,446
06/11/2022,OPF,FL,ASO,ES,Federal Contract Tower,2,37,109,0,148,0,0,105,10,115,2,37,214,10,263,60,6,66,329
06/12/2022,OPF,FL,ASO,ES,Federal Contract Tower,0,43,98,0,141,0,8,93,4,105,0,51,191,4,246,25,0,25,271
06/13/2022,OPF,FL,ASO,ES,Federal Contract Tower,0,51,144,1,196,0,11,133,6,150,0,62,277,7,346,166,4,170,516
06/14/2022,OPF,FL,ASO,ES,Federal Contract Tower,1,32,141,1,175,0,6,170,12,188,1,38,311,13,363,88,0,88,451
06/15/2022,OPF,FL,ASO,ES,Federal Contract Tower,0,46,174,0,220,0,4,162,10,176,0,50,336,10,396,234,2,236,632
06/16/2022,OPF,FL,ASO,ES,Federal Contract Tower,1,51,148,2,202,0,3,171,11,185,1,54,319,13,387,80,0,80,467
06/17/2022,OPF,FL,ASO,ES,Federal Contract Tower,0,48,148,0,196,0,4,154,10,168,0,52,302,10,364,103,0,103,467
06/18/2022,OPF,FL,ASO,ES,Federal Contract Tower,0,30,128,0,158,0,0,118,9,127,0,30,246,9,285,105,0,105,390
06/19/2022,OPF,FL,ASO,ES,Federal Contract Tower,0,25,110,1,136,0,4,67,9,80,0,29,177,10,216,2,0,2,218
06/20/2022,OPF,FL,ASO,ES,Federal Contract Tower,0,42,109,1,152,0,4,112,6,122,0,46,221,7,274,97,0,97,371
06/21/2022,OPF,FL,ASO,ES,Federal Contract Tower,0,44,120,2,166,0,4,130,6,140,0,48,250,8,306,189,0,189,495
06/22/2022,OPF,FL,ASO,ES,Federal Contract Tower,0,57,135,0,192,0,1,169,4,174,0,58,304,4,366,113,0,113,479
06/23/2022,OPF,FL,ASO,ES,Federal Contract Tower,0,44,176,1,221,0,0,142,17,159,0,44,318,18,380,110,0,110,490
06/24/2022,OPF,FL,ASO,ES,Federal Contract Tower,0,42,134,2,178,0,2,150,5,157,0,44,284,7,335,158,0,158,493
06/25/2022,OPF,FL,ASO,ES,Federal Contract Tower,2,29,108,1,140,0,6,114,7,127,2,35,222,8,267,48,0,48,315
06/26/2022,OPF,FL,ASO,ES,Federal Contract Tower,1,26,133,1,161,0,3,49,6,58,1,29,182,7,219,59,0,59,278
06/27/2022,OPF,FL,ASO,ES,Federal Contract Tower,1,38,113,1,153,0,5,85,6,96,1,43,198,7,249,179,0,179,428
06/28/2022,OPF,FL,ASO,ES,Federal Contract Tower,0,31,145,1,177,0,9,157,9,175,0,40,302,10,352,97,0,97,449
06/29/2022,OPF,FL,ASO,ES,Federal Contract Tower,0,45,105,4,154,0,0,100,8,108,0,45,205,12,262,30,0,30,292
06/30/2022,OPF,FL,ASO,ES,Federal Contract Tower,0,57,130,0,187,0,6,111,7,124,0,63,241,7,311,241,0,241,552
07/01/2022,OPF,FL,ASO,ES,Federal Contract Tower,1,43,162,0,206,0,7,164,8,179,1,50,326,8,385,215,7,222,607
07/02/2022,OPF,FL,ASO,ES,Federal Contract Tower,0,30,98,1,129,0,8,99,4,111,0,38,197,5,240,88,0,88,328
07/03/2022,OPF,FL,ASO,ES,Federal Contract Tower,1,23,101,2,127,0,4,78,5,87,1,27,179,7,214,63,0,63,277
07/04/2022,OPF,FL,ASO,ES,Federal Contract Tower,0,22,88,0,110,0,1,90,3,94,0,23,178,3,204,54,0,54,258
07/05/2022,OPF,FL,ASO,ES,Federal Contract Tower,0,61,108,1,170,0,3,124,6,133,0,64,232,7,303,173,1,174,477
07/06/2022,OPF,FL,ASO,ES,Federal Contract Tower,0,39,107,1,147,0,3,117,12,132,0,42,224,13,279,132,0,132,411
07/07/2022,OPF,FL,ASO,ES,Federal Contract Tower,0,26,135,0,161,0,3,130,7,140,0,29,265,7,301,224,0,224,525
07/08/2022,OPF,FL,ASO,ES,Federal Contract Tower,0,37,135,0,172,0,3,127,11,141,0,40,262,11,313,148,0,148,461
07/09/2022,OPF,FL,ASO,ES,Federal Contract Tower,0,28,91,1,120,0,11,77,5,93,0,39,168,6,213,88,0,88,301
07/10/2022,OPF,FL,ASO,ES,Federal Contract Tower,0,33,116,3,152,0,0,76,6,82,0,33,192,9,234,106,0,106,340
07/11/2022,OPF,FL,ASO,ES,Federal Contract Tower,1,27,94,3,125,0,6,94,10,110,1,33,188,13,235,144,2,146,381
07/12/2022,OPF,FL,ASO,ES,Federal Contract Tower,0,29,136,3,168,0,7,125,9,141,0,36,261,12,309,235,0,235,544
07/13/2022,OPF,FL,ASO,ES,Federal Contract Tower,0,37,118,2,157,0,2,125,7,134,0,39,243,9,291,23,0,23,314
07/14/2022,OPF,FL,ASO,ES,Federal Contract Tower,0,31,150,1,182,0,4,127,6,137,0,35,277,7,319,200,0,200,519
07/15/2022,OPF,FL,ASO,ES,Federal Contract Tower,0,37,95,1,133,0,4,92,8,104,0,41,187,9,237,100,5,105,342
07/16/2022,OPF,FL,ASO,ES,Federal Contract Tower,2,22,111,1,136,0,9,73,11,93,2,31,184,12,229,164,0,164,393
07/17/2022,OPF,FL,ASO,ES,Federal Contract Tower,0,35,129,2,166,0,0,55,4,59,0,35,184,6,225,59,0,59,284
07/18/2022,OPF,FL,ASO,ES,Federal Contract Tower,1,48,119,1,169,0,6,114,11,131,1,54,233,12,300,209,0,209,509
07/19/2022,OPF,FL,ASO,ES,Federal Contract Tower,0,34,158,2,194,0,1,136,8,145,0,35,294,10,339,155,0,155,494
07/20/2022,OPF,FL,ASO,ES,Federal Contract Tower,0,42,116,0,158,0,0,155,13,168,0,42,271,13,326,237,5,242,568
07/21/2022,OPF,FL,ASO,ES,Federal Contract Tower,0,35,134,1,170,0,4,142,12,158,0,39,276,13,328,277,2,279,607
07/22/2022,OPF,FL,ASO,ES,Federal Contract Tower,1,46,142,1,190,0,4,120,9,133,1,50,262,10,323,185,0,185,508
07/23/2022,OPF,FL,ASO,ES,Federal Contract Tower,0,24,111,0,135,0,6,106,10,122,0,30,217,10,257,176,0,176,433
07/24/2022,OPF,FL,ASO,ES,Federal Contract Tower,1,31,101,2,135,0,3,96,11,110,1,34,197,13,245,83,0,83,328
07/25/2022,OPF,FL,ASO,ES,Federal Contract Tower,0,44,130,4,178,0,3,109,12,124,0,47,239,16,302,128,0,128,430
07/26/2022,OPF,FL,ASO,ES,Federal Contract Tower,0,27,59,3,89,0,4,66,13,83,0,31,125,16,172,82,6,88,260
07/27/2022,OPF,FL,ASO,ES,Federal Contract Tower,0,34,166,2,202,0,2,143,14,159,0,36,309,16,361,136,0,136,497
07/28/2022,OPF,FL,ASO,ES,Federal Contract Tower,0,40,107,0,147,0,5,121,12,138,0,45,228,12,285,119,0,119,404
07/29/2022,OPF,FL,ASO,ES,Federal Contract Tower,0,40,123,0,163,0,3,154,12,169,0,43,277,12,332,76,0,76,408
07/30/2022,OPF,FL,ASO,ES,Federal Contract Tower,0,40,91,2,133,0,1,93,8,102,0,41,184,10,235,119,0,119,354
07/31/2022,OPF,FL,ASO,ES,Federal Contract Tower,0,30,133,4,167,0,0,89,9,98,0,30,222,13,265,90,0,90,355
08/01/2022,OPF,FL,ASO,ES,Federal Contract Tower,0,35,127,4,166,0,3,116,6,125,0,38,243,10,291,120,17,137,428
08/02/2022,OPF,FL,ASO,ES,Federal Contract Tower,1,28,97,3,129,0,1,127,19,147,1,29,224,22,276,173,2,175,451
08/03/2022,OPF,FL,ASO,ES,Federal Contract Tower,1,32,116,0,149,0,5,120,10,135,1,37,236,10,284,253,0,253,537
08/04/2022,OPF,FL,ASO,ES,Federal Contract Tower,2,37,108,0,147,0,3,124,9,136,2,40,232,9,283,98,4,102,385
08/05/2022,OPF,FL,ASO,ES,Federal Contract Tower,1,40,101,0,142,0,2,139,4,145,1,42,240,4,287,145,0,145,432
08/06/2022,OPF,FL,ASO,ES,Federal Contract Tower,0,32,92,0,124,0,1,79,9,89,0,33,171,9,213,76,6,82,295
08/07/2022,OPF,FL,ASO,ES,Federal Contract Tower,1,38,107,0,146,0,0,80,4,84,1,38,187,4,230,40,0,40,270
08/08/2022,OPF,FL,ASO,ES,Federal Contract Tower,0,41,117,1,159,0,3,100,12,115,0,44,217,13,274,186,0,186,460
08/09/2022,OPF,FL,ASO,ES,Federal Contract Tower,3,23,102,2,130,0,6,107,12,125,3,29,209,14,255,110,0,110,365
08/10/2022,OPF,FL,ASO,ES,Federal Contract Tower,0,30,115,0,145,0,6,125,9,140,0,36,240,9,285,254,0,254,539
08/11/2022,OPF,FL,ASO,ES,Federal Contract Tower,0,37,124,3,164,0,5,149,11,165,0,42,273,14,329,149,0,149,478
08/12/2022,OPF,FL,ASO,ES,Federal Contract Tower,0,62,121,0,183,0,5,129,6,140,0,67,250,6,323,168,0,168,491
08/13/2022,OPF,FL,ASO,ES,Federal Contract Tower,0,29,77,0,106,0,4,78,7,89,0,33,155,7,195,52,44,96,291
08/14/2022,OPF,FL,ASO,ES,Federal Contract Tower,0,43,121,1,165,0,3,67,11,81,0,46,188,12,246,59,16,75,321
08/15/2022,OPF,FL,ASO,ES,Federal Contract Tower,0,44,93,2,139,0,2,98,6,106,0,46,191,8,245,165,0,165,410
08/16/2022,OPF,FL,ASO,ES,Federal Contract Tower,0,49,96,3,148,0,3,113,8,124,0,52,209,11,272,167,0,167,439
08/17/2022,OPF,FL,ASO,ES,Federal Contract Tower,0,52,112,3,167,0,8,90,7,105,0,60,202,10,272,116,0,116,388
08/18/2022,OPF,FL,ASO,ES,Federal Contract Tower,3,53,115,1,172,0,7,115,13,135,3,60,230,14,307,122,0,122,429
08/19/2022,OPF,FL,ASO,ES,Federal Contract Tower,0,54,109,1,164,0,2,129,8,139,0,56,238,9,303,245,0,245,548
08/20/2022,OPF,FL,ASO,ES,Federal Contract Tower,3,31,103,0,137,0,5,110,6,121,3,36,213,6,258,81,8,89,347
08/21/2022,OPF,FL,ASO,ES,Federal Contract Tower,1,49,95,0,145,0,3,93,5,101,1,52,188,5,246,77,0,77,323
08/22/2022,OPF,FL,ASO,ES,Federal Contract Tower,1,48,119,0,168,0,4,110,17,131,1,52,229,17,299,120,0,120,419
08/23/2022,OPF,FL,ASO,ES,Federal Contract Tower,0,37,91,0,128,0,6,95,8,109,0,43,186,8,237,151,0,151,388
08/24/2022,OPF,FL,ASO,ES,Federal Contract Tower,0,50,136,1,187,0,3,139,9,151,0,53,275,10,338,211,5,216,554
08/25/2022,OPF,FL,ASO,ES,Federal Contract Tower,0,64,133,5,202,0,2,130,12,144,0,66,263,17,346,95,8,103,449
08/26/2022,OPF,FL,ASO,ES,Federal Contract Tower,0,41,105,1,147,0,4,110,8,122,0,45,215,9,269,155,8,163,432
08/27/2022,OPF,FL,ASO,ES,Federal Contract Tower,1,31,71,2,105,0,2,55,6,63,1,33,126,8,168,95,0,95,263
08/28/2022,OPF,FL,ASO,ES,Federal Contract Tower,0,40,93,1,134,0,4,55,7,66,0,44,148,8,200,30,0,30,230
08/29/2022,OPF,FL,ASO,ES,Federal Contract Tower,1,47,110,0,158,0,5,100,11,116,1,52,210,11,274,63,0,63,337
08/30/2022,OPF,FL,ASO,ES,Federal Contract Tower,2,37,92,2,133,0,9,104,9,122,2,46,196,11,255,105,0,105,360
08/31/2022,OPF,FL,ASO,ES,Federal Contract Tower,0,45,105,1,151,0,4,80,11,95,0,49,185,12,246,110,0,110,356
09/01/2022,OPF,FL,ASO,ES,Federal Contract Tower,0,52,111,1,164,0,2,114,9,125,0,54,225,10,289,211,2,213,502
09/02/2022,OPF,FL,ASO,ES,Federal Contract Tower,1,54,121,0,176,0,1,122,11,134,1,55,243,11,310,162,0,162,472
09/03/2022,OPF,FL,ASO,ES,Federal Contract Tower,0,40,50,0,90,0,0,60,5,65,0,40,110,5,155,80,8,88,243
09/04/2022,OPF,FL,ASO,ES,Federal Contract Tower,0,25,70,3,98,0,3,85,4,92,0,28,155,7,190,64,1,65,255
09/05/2022,OPF,FL,ASO,ES,Federal Contract Tower,0,66,140,0,206,0,4,125,4,133,0,70,265,4,339,36,0,36,375
09/06/2022,OPF,FL,ASO,ES,Federal Contract Tower,1,49,128,0,178,0,4,105,10,119,1,53,233,10,297,98,0,98,395
09/07/2022,OPF,FL,ASO,ES,Federal Contract Tower,0,47,124,2,173,0,7,136,11,154,0,54,260,13,327,131,2,133,460
09/08/2022,OPF,FL,ASO,ES,Federal Contract Tower,0,36,125,3,164,0,2,93,5,100,0,38,218,8,264,87,0,87,351
09/09/2022,OPF,FL,ASO,ES,Federal Contract Tower,0,47,107,3,157,0,2,94,11,107,0,49,201,14,264,137,0,137,401
09/10/2022,OPF,FL,ASO,ES,Federal Contract Tower,0,32,81,1,114,0,0,65,6,71,0,32,146,7,185,197,0,197,382
09/11/2022,OPF,FL,ASO,ES,Federal Contract Tower,0,60,106,0,166,0,2,78,12,92,0,62,184,12,258,126,10,136,394
09/12/2022,OPF,FL,ASO,ES,Federal Contract Tower,0,41,124,3,168,0,2,118,9,129,0,43,242,12,297,168,18,186,483
09/13/2022,OPF,FL,ASO,ES,Federal Contract Tower,1,47,98,3,149,0,3,81,10,94,1,50,179,13,243,196,26,222,465
09/14/2022,OPF,FL,ASO,ES,Federal Contract Tower,1,52,118,0,171,0,0,76,10,86,1,52,194,10,257,104,0,104,361
09/15/2022,OPF,FL,ASO,ES,Federal Contract Tower,0,43,113,13,169,0,2,96,9,107,0,45,209,22,276,134,0,134,410
09/16/2022,OPF,FL,ASO,ES,Federal Contract Tower,1,47,120,1,169,0,5,76,5,86,1,52,196,6,255,173,0,173,428
09/17/2022,OPF,FL,ASO,ES,Federal Contract Tower,0,32,87,1,120,0,1,57,6,64,0,33,144,7,184,131,0,131,315
09/18/2022,OPF,FL,ASO,ES,Federal Contract Tower,0,45,130,2,177,0,1,110,7,118,0,46,240,9,295,135,0,135,430
09/19/2022,OPF,FL,ASO,ES,Federal Contract Tower,1,49,123,3,176,0,5,99,9,113,1,54,222,12,289,137,8,145,434
09/20/2022,OPF,FL,ASO,ES,Federal Contract Tower,0,45,130,1,176,0,6,116,19,141,0,51,246,20,317,127,6,133,450
09/21/2022,OPF,FL,ASO,ES,Federal Contract Tower,0,35,123,1,159,0,3,101,21,125,0,38,224,22,284,147,5,152,436
09/22/2022,OPF,FL,ASO,ES,Federal Contract Tower,0,52,141,4,197,0,0,121,23,144,0,52,262,27,341,198,0,198,539
09/23/2022,OPF,FL,ASO,ES,Federal Contract Tower,1,56,146,4,207,0,2,125,6,133,1,58,271,10,340,173,25,198,538
09/24/2022,OPF,FL,ASO,ES,Federal Contract Tower,0,30,100,3,133,0,0,88,5,93,0,30,188,8,226,96,0,96,322
09/25/2022,OPF,FL,ASO,ES,Federal Contract Tower,0,43,132,3,178,0,9,83,14,106,0,52,215,17,284,56,4,60,344
09/26/2022,OPF,FL,ASO,ES,Federal Contract Tower,0,33,135,16,184,0,0,72,41,113,0,33,207,57,297,87,0,87,384
09/27/2022,OPF,FL,ASO,ES,Federal Contract Tower,0,18,53,12,83,0,0,1,6,7,0,18,54,18,90,0,0,0,90
09/28/2022,OPF,FL,ASO,ES,Federal Contract Tower,0,5,5,0,10,0,0,1,2,3,0,5,6,2,13,0,0,0,13
09/29/2022,OPF,FL,ASO,ES,Federal Contract Tower,0,28,70,3,101,0,3,44,29,76,0,31,114,32,177,15,0,15,192
09/30/2022,OPF,FL,ASO,ES,Federal Contract Tower,2,41,120,4,167,0,14,98,20,132,2,55,218,24,299,119,0,119,418
10/01/2022,OPF,FL,ASO,ES,Federal Contract Tower,1,39,94,2,136,0,6,82,8,96,1,45,176,10,232,87,0,87,319
10/02/2022,OPF,FL,ASO,ES,Federal Contract Tower,0,38,121,2,161,0,3,74,6,83,0,41,195,8,244,89,0,89,333
10/03/2022,OPF,FL,ASO,ES,Federal Contract Tower,0,50,147,2,199,0,1,151,3,155,0,51,298,5,354,147,0,147,501
10/04/2022,OPF,FL,ASO,ES,Federal Contract Tower,0,33,119,12,164,0,6,157,29,192,0,39,276,41,356,219,22,241,597
10/05/2022,OPF,FL,ASO,ES,Federal Contract Tower,0,46,132,3,181,0,2,112,6,120,0,48,244,9,301,177,0,177,478
10/06/2022,OPF,FL,ASO,ES,Federal Contract Tower,0,58,164,1,223,0,3,126,11,140,0,61,290,12,363,80,20,100,463
10/07/2022,OPF,FL,ASO,ES,Federal Contract Tower,0,81,177,3,261,0,11,117,4,132,0,92,294,7,393,137,0,137,530
10/08/2022,OPF,FL,ASO,ES,Federal Contract Tower,1,34,112,1,148,0,2,80,8,90,1,36,192,9,238,78,28,106,344
10/09/2022,OPF,FL,ASO,ES,Federal Contract Tower,0,51,120,2,173,0,1,31,3,35,0,52,151,5,208,6,0,6,214
10/10/2022,OPF,FL,ASO,ES,Federal Contract Tower,0,55,131,0,186,0,5,124,6,135,0,60,255,6,321,203,0,203,524
10/11/2022,OPF,FL,ASO,ES,Federal Contract Tower,0,70,142,3,215,0,4,103,13,120,0,74,245,16,335,218,16,234,569
10/12/2022,OPF,FL,ASO,ES,Federal Contract Tower,0,46,132,0,178,0,1,93,8,102,0,47,225,8,280,117,0,117,397
10/13/2022,OPF,FL,ASO,ES,Federal Contract Tower,1,56,131,2,190,0,1,78,10,89,1,57,209,12,279,80,3,83,362
10/14/2022,OPF,FL,ASO,ES,Federal Contract Tower,0,76,134,1,211,0,4,88,14,106,0,80,222,15,317,137,0,137,454
10/15/2022,OPF,FL,ASO,ES,Federal Contract Tower,0,52,91,0,143,0,0,64,10,74,0,52,155,10,217,114,0,114,331
10/16/2022,OPF,FL,ASO,ES,Federal Contract Tower,0,45,124,1,170,0,10,94,9,113,0,55,218,10,283,101,6,107,390
10/17/2022,OPF,FL,ASO,ES,Federal Contract Tower,1,60,158,2,221,0,3,100,16,119,1,63,258,18,340,235,14,249,589
10/18/2022,OPF,FL,ASO,ES,Federal Contract Tower,0,77,165,1,243,0,5,152,16,173,0,82,317,17,416,192,0,192,608
10/19/2022,OPF,FL,ASO,ES,Federal Contract Tower,0,50,145,3,198,0,2,84,11,97,0,52,229,14,295,90,16,106,401
10/20/2022,OPF,FL,ASO,ES,Federal Contract Tower,0,66,160,3,229,0,3,142,15,160,0,69,302,18,389,163,7,170,559
10/21/2022,OPF,FL,ASO,ES,Federal Contract Tower,1,63,171,2,237,0,0,116,9,125,1,63,287,11,362,128,12,140,502
10/22/2022,OPF,FL,ASO,ES,Federal Contract Tower,0,42,107,0,149,0,7,112,3,122,0,49,219,3,271,149,0,149,420
10/23/2022,OPF,FL,ASO,ES,Federal Contract Tower,0,67,148,0,215,0,6,96,4,106,0,73,244,4,321,89,0,89,410
10/24/2022,OPF,FL,ASO,ES,Federal Contract Tower,0,68,164,1,233,0,4,152,10,166,0,72,316,11,399,211,0,211,610
10/25/2022,OPF,FL,ASO,ES,Federal Contract Tower,0,56,155,5,216,0,8,215,20,243,0,64,370,25,459,156,4,160,619
10/26/2022,OPF,FL,ASO,ES,Federal Contract Tower,0,52,136,1,189,0,1,155,13,169,0,53,291,14,358,224,0,224,582
10/27/2022,OPF,FL,ASO,ES,Federal Contract Tower,0,51,146,0,197,0,2,154,13,169,0,53,300,13,366,288,0,288,654
10/28/2022,OPF,FL,ASO,ES,Federal Contract Tower,0,54,129,13,196,0,3,134,9,146,0,57,263,22,342,237,0,237,579
10/29/2022,OPF,FL,ASO,ES,Federal Contract Tower,0,39,96,0,135,0,8,105,7,120,0,47,201,7,255,151,0,151,406
10/30/2022,OPF,FL,ASO,ES,Federal Contract Tower,0,53,117,2,172,0,2,89,8,99,0,55,206,10,271,50,0,50,321
10/31/2022,OPF,FL,ASO,ES,Federal Contract Tower,0,61,138,0,199,0,3,81,10,94,0,64,219,10,293,136,22,158,451
11/01/2022,OPF,FL,ASO,ES,Federal Contract Tower,0,49,86,1,136,0,9,58,14,81,0,58,144,15,217,74,0,74,291
11/02/2022,OPF,FL,ASO,ES,Federal Contract Tower,0,70,156,4,230,0,2,122,9,133,0,72,278,13,363,227,0,227,590
11/03/2022,OPF,FL,ASO,ES,Federal Contract Tower,0,69,162,2,233,0,4,144,12,160,0,73,306,14,393,150,8,158,551
11/04/2022,OPF,FL,ASO,ES,Federal Contract Tower,1,52,130,1,184,0,3,114,9,126,1,55,244,10,310,181,0,181,491
11/05/2022,OPF,FL,ASO,ES,Federal Contract Tower,0,36,101,0,137,0,3,107,5,115,0,39,208,5,252,78,2,80,332
11/06/2022,OPF,FL,ASO,ES,Federal Contract Tower,1,82,170,0,253,0,8,44,8,60,1,90,214,8,313,57,0,57,370
11/07/2022,OPF,FL,ASO,ES,Federal Contract Tower,0,64,112,5,181,0,0,68,11,79,0,64,180,16,260,95,0,95,355
11/08/2022,OPF,FL,ASO,ES,Federal Contract Tower,1,59,116,2,178,0,0,54,4,58,1,59,170,6,236,28,0,28,264
11/09/2022,OPF,FL,ASO,ES,Federal Contract Tower,0,36,69,7,112,0,0,2,0,2,0,36,71,7,114,0,0,0,114
11/10/2022,OPF,FL,ASO,ES,Federal Contract Tower,0,43,77,2,122,0,1,32,12,45,0,44,109,14,167,12,0,12,179
11/11/2022,OPF,FL,ASO,ES,Federal Contract Tower,0,76,136,0,212,0,1,98,12,111,0,77,234,12,323,171,10,181,504
11/12/2022,OPF,FL,ASO,ES,Federal Contract Tower,1,47,113,1,162,0,32,70,8,110,1,79,183,9,272,136,0,136,408
11/13/2022,OPF,FL,ASO,ES,Federal Contract Tower,1,71,134,0,206,0,1,56,10,67,1,72,190,10,273,51,0,51,324
11/14/2022,OPF,FL,ASO,ES,Federal Contract Tower,0,50,160,0,210,0,3,98,25,126,0,53,258,25,336,176,1,177,513
11/15/2022,OPF,FL,ASO,ES,Federal Contract Tower,0,56,152,1,209,0,6,144,12,162,0,62,296,13,371,152,22,174,545
11/16/2022,OPF,FL,ASO,ES,Federal Contract Tower,0,56,175,4,235,0,2,117,15,134,0,58,292,19,369,226,0,226,595
11/17/2022,OPF,FL,ASO,ES,Federal Contract Tower,1,76,173,3,253,0,2,74,15,91,1,78,247,18,344,87,0,87,431
11/18/2022,OPF,FL,ASO,ES,Federal Contract Tower,0,76,160,3,239,0,4,138,12,154,0,80,298,15,393,111,24,135,528
11/19/2022,OPF,FL,ASO,ES,Federal Contract Tower,2,64,127,1,194,0,3,112,5,120,2,67,239,6,314,211,0,211,525
11/20/2022,OPF,FL,ASO,ES,Federal Contract Tower,0,80,126,4,210,0,1,2,0,3,0,81,128,4,213,0,0,0,213
11/21/2022,OPF,FL,ASO,ES,Federal Contract Tower,0,72,111,2,185,0,2,44,11,57,0,74,155,13,242,17,36,53,295
11/22/2022,OPF,FL,ASO,ES,Federal Contract Tower,1,90,174,0,265,0,7,110,15,132,1,97,284,15,397,235,4,239,636
11/23/2022,OPF,FL,ASO,ES,Federal Contract Tower,0,70,166,0,236,0,1,106,7,114,0,71,272,7,350,47,0,47,397
11/24/2022,OPF,FL,ASO,ES,Federal Contract Tower,0,28,45,0,73,0,2,46,0,48,0,30,91,0,121,42,0,42,163
11/25/2022,OPF,FL,ASO,ES,Federal Contract Tower,0,47,136,3,186,0,0,70,11,81,0,47,206,14,267,115,0,115,382
11/26/2022,OPF,FL,ASO,ES,Federal Contract Tower,0,85,134,2,221,0,3,125,7,135,0,88,259,9,356,52,0,52,408
11/27/2022,OPF,FL,ASO,ES,Federal Contract Tower,0,95,208,0,303,0,0,92,9,101,0,95,300,9,404,47,12,59,463
11/28/2022,OPF,FL,ASO,ES,Federal Contract Tower,0,135,194,4,333,0,0,145,12,157,0,135,339,16,490,76,0,76,566
11/29/2022,OPF,FL,ASO,ES,Federal Contract Tower,1,116,161,1,279,0,2,139,10,151,1,118,300,11,430,162,9,171,601
11/30/2022,OPF,FL,ASO,ES,Federal Contract Tower,1,92,167,4,264,0,3,112,18,133,1,95,279,22,397,234,4,238,635
12/01/2022,OPF,FL,ASO,ES,Federal Contract Tower,0,100,175,1,276,0,3,87,2,92,0,103,262,3,368,34,0,34,402
12/02/2022,OPF,FL,ASO,ES,Federal Contract Tower,3,85,145,5,238,0,5,104,17,126,3,90,249,22,364,64,0,64,428
12/03/2022,OPF,FL,ASO,ES,Federal Contract Tower,5,86,137,1,229,0,4,101,11,116,5,90,238,12,345,126,0,126,471
12/04/2022,OPF,FL,ASO,ES,Federal Contract Tower,1,132,171,2,306,0,1,77,13,91,1,133,248,15,397,30,0,30,427
12/05/2022,OPF,FL,ASO,ES,Federal Contract Tower,1,80,156,4,241,0,4,143,14,161,1,84,299,18,402,169,17,186,588
12/06/2022,OPF,FL,ASO,ES,Federal Contract Tower,0,54,152,1,207,0,1,178,12,191,0,55,330,13,398,33,0,33,431
12/07/2022,OPF,FL,ASO,ES,Federal Contract Tower,0,55,146,1,202,0,0,149,20,169,0,55,295,21,371,365,19,384,755
12/08/2022,OPF,FL,ASO,ES,Federal Contract Tower,0,64,144,2,210,0,2,128,18,148,0,66,272,20,358,330,6,336,694
12/09/2022,OPF,FL,ASO,ES,Federal Contract Tower,1,60,170,2,233,0,2,123,8,133,1,62,293,10,366,196,0,196,562
12/10/2022,OPF,FL,ASO,ES,Federal Contract Tower,1,38,115,0,154,0,6,119,9,134,1,44,234,9,288,175,10,185,473
12/11/2022,OPF,FL,ASO,ES,Federal Contract Tower,0,62,133,0,195,0,5,74,27,106,0,67,207,27,301,110,0,110,411
12/12/2022,OPF,FL,ASO,ES,Federal Contract Tower,0,63,138,7,208,0,5,111,5,121,0,68,249,12,329,136,19,155,484
12/13/2022,OPF,FL,ASO,ES,Federal Contract Tower,0,57,122,4,183,0,7,135,12,154,0,64,257,16,337,230,0,230,567
12/14/2022,OPF,FL,ASO,ES,Federal Contract Tower,0,63,148,3,214,0,1,147,12,160,0,64,295,15,374,225,2,227,601
12/15/2022,OPF,FL,ASO,ES,Federal Contract Tower,1,70,158,1,230,0,6,105,21,132,1,76,263,22,362,66,6,72,434
12/16/2022,OPF,FL,ASO,ES,Federal Contract Tower,0,87,170,0,257,0,7,60,5,72,0,94,230,5,329,95,0,95,424
12/17/2022,OPF,FL,ASO,ES,Federal Contract Tower,0,83,145,3,231,0,0,50,5,55,0,83,195,8,286,28,0,28,314
12/18/2022,OPF,FL,ASO,ES,Federal Contract Tower,0,77,156,2,235,0,4,54,6,64,0,81,210,8,299,29,0,29,328
12/19/2022,OPF,FL,ASO,ES,Federal Contract Tower,1,80,160,4,245,0,5,120,7,132,1,85,280,11,377,153,0,153,530
12/20/2022,OPF,FL,ASO,ES,Federal Contract Tower,1,79,143,0,223,0,2,118,3,123,1,81,261,3,346,164,0,164,510
12/21/2022,OPF,FL,ASO,ES,Federal Contract Tower,5,84,162,0,251,0,3,118,6,127,5,87,280,6,378,191,0,191,569
12/22/2022,OPF,FL,ASO,ES,Federal Contract Tower,0,91,167,0,258,0,5,101,11,117,0,96,268,11,375,136,0,136,511
12/23/2022,OPF,FL,ASO,ES,Federal Contract Tower,3,76,110,0,189,0,3,56,8,67,3,79,166,8,256,57,0,57,313
12/24/2022,OPF,FL,ASO,ES,Federal Contract Tower,2,50,70,1,123,0,2,47,4,53,2,52,117,5,176,34,0,34,210
12/25/2022,OPF,FL,ASO,ES,Federal Contract Tower,0,70,55,0,125,0,0,8,3,11,0,70,63,3,136,0,0,0,136
12/26/2022,OPF,FL,ASO,ES,Federal Contract Tower,0,84,219,0,303,0,0,40,5,45,0,84,259,5,348,66,0,66,414
12/27/2022,OPF,FL,ASO,ES,Federal Contract Tower,0,113,197,2,312,0,2,62,2,66,0,115,259,4,378,55,0,55,433
12/28/2022,OPF,FL,ASO,ES,Federal Contract Tower,1,101,179,2,283,0,4,124,4,132,1,105,303,6,415,115,18,133,548
12/29/2022,OPF,FL,ASO,ES,Federal Contract Tower,0,90,167,0,257,0,2,93,6,101,0,92,260,6,358,168,0,168,526
12/30/2022,OPF,FL,ASO,ES,Federal Contract Tower,0,95,169,0,264,0,3,95,13,111,0,98,264,13,375,98,0,98,473
12/31/2022,OPF,FL,ASO,ES,Federal Contract Tower,0,55,122,0,177,0,1,49,3,53,0,56,171,3,230,60,0,60,290
01/01/2023,OPF,FL,ASO,ES,Federal Contract Tower,0,98,115,0,213,0,0,48,4,52,0,98,163,4,265,0,0,0,265
01/02/2023,OPF,FL,ASO,ES,Federal Contract Tower,0,135,235,0,370,0,2,119,7,128,0,137,354,7,498,80,7,87,585
01/03/2023,OPF,FL,ASO,ES,Federal Contract Tower,0,110,188,0,298,0,3,120,5,128,0,113,308,5,426,16,0,16,442
01/04/2023,OPF,FL,ASO,ES,Federal Contract Tower,1,72,178,0,251,0,6,96,3,105,1,78,274,3,356,105,21,126,482
01/05/2023,OPF,FL,ASO,ES,Federal Contract Tower,0,76,178,0,254,0,6,166,7,179,0,82,344,7,433,161,0,161,594
01/06/2023,OPF,FL,ASO,ES,Federal Contract Tower,1,65,183,3,252,0,5,149,9,163,1,70,332,12,415,209,0,209,624
01/07/2023,OPF,FL,ASO,ES,Federal Contract Tower,1,85,143,1,230,0,12,78,8,98,1,97,221,9,328,185,0,185,513
01/08/2023,OPF,FL,ASO,ES,Federal Contract Tower,0,99,170,0,269,0,6,93,10,109,0,105,263,10,378,83,0,83,461
01/09/2023,OPF,FL,ASO,ES,Federal Contract Tower,1,77,180,0,258,0,2,137,10,149,1,79,317,10,407,170,0,170,577
01/10/2023,OPF,FL,ASO,ES,Federal Contract Tower,0,62,135,1,198,0,2,130,13,145,0,64,265,14,343,261,0,261,604
01/11/2023,OPF,FL,ASO,ES,Federal Contract Tower,0,75,140,2,217,0,3,141,16,160,0,78,281,18,377,195,37,232,609
01/12/2023,OPF,FL,ASO,ES,Federal Contract Tower,0,103,171,1,275,0,6,166,18,190,0,109,337,19,465,259,0,259,724
01/13/2023,OPF,FL,ASO,ES,Federal Contract Tower,0,84,171,0,255,0,3,96,11,110,0,87,267,11,365,23,0,23,388
01/14/2023,OPF,FL,ASO,ES,Federal Contract Tower,0,47,100,2,149,0,6,63,7,76,0,53,163,9,225,80,2,82,307
01/15/2023,OPF,FL,ASO,ES,Federal Contract Tower,0,65,150,0,215,0,0,100,14,114,0,65,250,14,329,63,0,63,392
01/16/2023,OPF,FL,ASO,ES,Federal Contract Tower,2,92,198,4,296,0,7,180,6,193,2,99,378,10,489,204,0,204,693
01/17/2023,OPF,FL,ASO,ES,Federal Contract Tower,0,62,137,1,200,0,1,126,26,153,0,63,263,27,353,244,0,244,597
01/18/2023,OPF,FL,ASO,ES,Federal Contract Tower,4,60,148,5,217,0,0,107,14,121,4,60,255,19,338,266,0,266,604
01/19/2023,OPF,FL,ASO,ES,Federal Contract Tower,2,65,177,2,246,0,2,130,17,149,2,67,307,19,395,228,0,228,623
01/20/2023,OPF,FL,ASO,ES,Federal Contract Tower,1,89,148,3,241,0,3,134,12,149,1,92,282,15,390,180,2,182,572
01/21/2023,OPF,FL,ASO,ES,Federal Contract Tower,0,55,132,2,189,0,4,109,8,121,0,59,241,10,310,109,19,128,438
01/22/2023,OPF,FL,ASO,ES,Federal Contract Tower,0,70,137,3,210,0,0,81,15,96,0,70,218,18,306,24,32,56,362
01/23/2023,OPF,FL,ASO,ES,Federal Contract Tower,1,74,157,6,238,0,8,108,18,134,1,82,265,24,372,108,15,123,495
01/24/2023,OPF,FL,ASO,ES,Federal Contract Tower,2,82,166,3,253,0,5,113,21,139,2,87,279,24,392,225,0,225,617
01/25/2023,OPF,FL,ASO,ES,Federal Contract Tower,2,107,148,1,258,0,0,123,13,136,2,107,271,14,394,126,13,139,533
01/26/2023,OPF,FL,ASO,ES,Federal Contract Tower,0,87,172,3,262,0,6,127,14,147,0,93,299,17,409,201,19,220,629
01/27/2023,OPF,FL,ASO,ES,Federal Contract Tower,2,68,192,5,267,0,2,122,16,140,2,70,314,21,407,177,0,177,584
01/28/2023,OPF,FL,ASO,ES,Federal Contract Tower,1,48,127,3,179,0,3,81,12,96,1,51,208,15,275,116,12,128,403
01/29/2023,OPF,FL,ASO,ES,Federal Contract Tower,0,114,173,7,294,0,1,76,8,85,0,115,249,15,379,47,0,47,426
01/30/2023,OPF,FL,ASO,ES,Federal Contract Tower,1,70,137,2,210,0,3,137,8,148,1,73,274,10,358,153,30,183,541
01/31/2023,OPF,FL,ASO,ES,Federal Contract Tower,0,72,139,4,215,0,4,128,16,148,0,76,267,20,363,187,29,216,579
02/01/2023,OPF,FL,ASO,ES,Federal Contract Tower,2,68,169,0,239,0,7,126,11,144,2,75,295,11,383,232,0,232,615
02/02/2023,OPF,FL,ASO,ES,Federal Contract Tower,2,84,157,4,247,0,2,131,14,147,2,86,288,18,394,141,23,164,558
02/03/2023,OPF,FL,ASO,ES,Federal Contract Tower,3,66,156,1,226,0,4,126,12,142,3,70,282,13,368,267,23,290,658
02/04/2023,OPF,FL,ASO,ES,Federal Contract Tower,1,59,94,1,155,0,0,17,4,21,1,59,111,5,176,10,20,30,206
02/05/2023,OPF,FL,ASO,ES,Federal Contract Tower,1,98,156,0,255,0,0,39,3,42,1,98,195,3,297,8,0,8,305
02/06/2023,OPF,FL,ASO,ES,Federal Contract Tower,0,81,143,2,226,0,2,102,21,125,0,83,245,23,351,240,5,245,596
02/07/2023,OPF,FL,ASO,ES,Federal Contract Tower,3,76,151,4,234,0,3,137,19,159,3,79,288,23,393,223,35,258,651
02/08/2023,OPF,FL,ASO,ES,Federal Contract Tower,1,89,176,0,266,0,2,119,19,140,1,91,295,19,406,161,0,161,567
02/09/2023,OPF,FL,ASO,ES,Federal Contract Tower,1,99,166,2,268,0,3,131,13,147,1,102,297,15,415,133,0,133,548
02/10/2023,OPF,FL,ASO,ES,Federal Contract Tower,1,91,178,1,271,0,2,121,14,137,1,93,299,15,408,131,0,131,539
02/11/2023,OPF,FL,ASO,ES,Federal Contract Tower,1,45,91,0,137,0,4,105,11,120,1,49,196,11,257,60,0,60,317
02/12/2023,OPF,FL,ASO,ES,Federal Contract Tower,0,74,112,2,188,0,3,44,18,65,0,77,156,20,253,41,8,49,302
02/13/2023,OPF,FL,ASO,ES,Federal Contract Tower,2,91,157,1,251,0,0,117,18,135,2,91,274,19,386,141,0,141,527
02/14/2023,OPF,FL,ASO,ES,Federal Contract Tower,3,63,135,1,202,0,5,127,11,143,3,68,262,12,345,183,0,183,528
02/15/2023,OPF,FL,ASO,ES,Federal Contract Tower,1,80,241,0,322,0,2,116,27,145,1,82,357,27,467,246,4,250,717
02/16/2023,OPF,FL,ASO,ES,Federal Contract Tower,0,85,218,2,305,0,4,126,10,140,0,89,344,12,445,178,0,178,623
02/17/2023,OPF,FL,ASO,ES,Federal Contract Tower,1,98,254,1,354,0,2,117,22,141,1,100,371,23,495,140,2,142,637
02/18/2023,OPF,FL,ASO,ES,Federal Contract Tower,0,72,195,7,274,0,6,88,16,110,0,78,283,23,384,59,24,83,467
02/19/2023,OPF,FL,ASO,ES,Federal Contract Tower,0,81,169,0,250,0,1,99,12,112,0,82,268,12,362,141,19,160,522
02/20/2023,OPF,FL,ASO,ES,Federal Contract Tower,0,121,199,1,321,0,6,119,15,140,0,127,318,16,461,185,0,185,646
02/21/2023,OPF,FL,ASO,ES,Federal Contract Tower,0,96,205,3,304,0,3,159,19,181,0,99,364,22,485,249,0,249,734
02/22/2023,OPF,FL,ASO,ES,Federal Contract Tower,2,78,180,2,262,0,4,132,14,150,2,82,312,16,412,251,22,273,685
02/23/2023,OPF,FL,ASO,ES,Federal Contract Tower,2,82,189,1,274,0,1,144,16,161,2,83,333,17,435,155,0,155,590
02/24/2023,OPF,FL,ASO,ES,Federal Contract Tower,2,67,185,0,254,0,3,169,25,197,2,70,354,25,451,266,2,268,719
02/25/2023,OPF,FL,ASO,ES,Federal Contract Tower,0,67,147,0,214,0,4,116,10,130,0,71,263,10,344,162,0,162,506
02/26/2023,OPF,FL,ASO,ES,Federal Contract Tower,3,94,222,0,319,0,1,86,17,104,3,95,308,17,423,56,0,56,479
02/27/2023,OPF,FL,ASO,ES,Federal Contract Tower,0,66,152,0,218,0,6,130,12,148,0,72,282,12,366,176,4,180,546
02/28/2023,OPF,FL,ASO,ES,Federal Contract Tower,0,84,154,0,238,0,0,160,14,174,0,84,314,14,412,272,18,290,702
03/01/2023,OPF,FL,ASO,ES,Federal Contract Tower,0,81,168,1,250,0,8,129,13,150,0,89,297,14,400,195,8,203,603
03/02/2023,OPF,FL,ASO,ES,Federal Contract Tower,0,79,153,2,234,0,2,139,13,154,0,81,292,15,388,123,40,163,551
03/03/2023,OPF,FL,ASO,ES,Federal Contract Tower,2,80,152,2,236,0,3,93,10,106,2,83,245,12,342,49,6,55,397
03/04/2023,OPF,FL,ASO,ES,Federal Contract Tower,1,72,134,0,207,0,3,109,24,136,1,75,243,24,343,91,0,91,434
03/05/2023,OPF,FL,ASO,ES,Federal Contract Tower,1,92,177,0,270,0,6,88,5,99,1,98,265,5,369,111,0,111,480
03/06/2023,OPF,FL,ASO,ES,Federal Contract Tower,0,80,173,1,254,0,7,131,12,150,0,87,304,13,404,243,4,247,651
03/07/2023,OPF,FL,ASO,ES,Federal Contract Tower,0,83,152,1,236,0,5,126,9,140,0,88,278,10,376,268,14,282,658
03/08/2023,OPF,FL,ASO,ES,Federal Contract Tower,0,78,178,5,261,0,6,161,9,176,0,84,339,14,437,174,0,174,611
03/09/2023,OPF,FL,ASO,ES,Federal Contract Tower,0,87,173,1,261,0,2,128,11,141,0,89,301,12,402,192,2,194,596
03/10/2023,OPF,FL,ASO,ES,Federal Contract Tower,0,83,191,4,278,0,2,151,11,164,0,85,342,15,442,189,2,191,633
03/11/2023,OPF,FL,ASO,ES,Federal Contract Tower,0,76,159,2,237,0,2,111,6,119,0,78,270,8,356,140,28,168,524
03/12/2023,OPF,FL,ASO,ES,Federal Contract Tower,0,82,184,2,268,0,3,102,6,111,0,85,286,8,379,134,0,134,513
03/13/2023,OPF,FL,ASO,ES,Federal Contract Tower,0,78,166,0,244,0,5,106,13,124,0,83,272,13,368,135,6,141,509
03/14/2023,OPF,FL,ASO,ES,Federal Contract Tower,0,79,156,1,236,0,2,89,12,103,0,81,245,13,339,230,4,234,573
03/15/2023,OPF,FL,ASO,ES,Federal Contract Tower,0,96,160,2,258,0,1,87,11,99,0,97,247,13,357,148,0,148,505
03/16/2023,OPF,FL,ASO,ES,Federal Contract Tower,0,94,191,2,287,0,4,157,24,185,0,98,348,26,472,120,0,120,592
03/17/2023,OPF,FL,ASO,ES,Federal Contract Tower,0,85,171,5,261,0,3,161,11,175,0,88,332,16,436,196,26,222,658
03/18/2023,OPF,FL,ASO,ES,Federal Contract Tower,0,78,164,0,242,0,7,120,11,138,0,85,284,11,380,42,0,42,422
03/19/2023,OPF,FL,ASO,ES,Federal Contract Tower,1,101,171,6,279,0,0,34,10,44,1,101,205,16,323,41,0,41,364
03/20/2023,OPF,FL,ASO,ES,Federal Contract Tower,0,59,166,0,225,0,9,105,14,128,0,68,271,14,353,174,6,180,533
03/21/2023,OPF,FL,ASO,ES,Federal Contract Tower,0,52,177,3,232,0,3,131,17,151,0,55,308,20,383,167,9,176,559
03/22/2023,OPF,FL,ASO,ES,Federal Contract Tower,1,84,173,2,260,0,9,151,7,167,1,93,324,9,427,292,0,292,719
03/23/2023,OPF,FL,ASO,ES,Federal Contract Tower,0,98,186,2,286,0,4,153,18,175,0,102,339,20,461,279,0,279,740
03/24/2023,OPF,FL,ASO,ES,Federal Contract Tower,1,102,189,0,292,0,4,153,12,169,1,106,342,12,461,253,0,253,714
03/25/2023,OPF,FL,ASO,ES,Federal Contract Tower,2,83,165,2,252,0,1,125,10,136,2,84,290,12,388,87,2,89,477
03/26/2023,OPF,FL,ASO,ES,Federal Contract Tower,0,114,183,1,298,0,5,108,20,133,0,119,291,21,431,66,0,66,497
03/27/2023,OPF,FL,ASO,ES,Federal Contract Tower,0,76,150,0,226,0,4,117,21,142,0,80,267,21,368,142,0,142,510
03/28/2023,OPF,FL,ASO,ES,Federal Contract Tower,0,76,157,0,233,0,7,146,18,171,0,83,303,18,404,182,7,189,593
03/29/2023,OPF,FL,ASO,ES,Federal Contract Tower,0,76,154,3,233,0,7,99,8,114,0,83,253,11,347,107,0,107,454
03/30/2023,OPF,FL,ASO,ES,Federal Contract Tower,0,81,179,4,264,0,9,97,19,125,0,90,276,23,389,180,0,180,569
03/31/2023,OPF,FL,ASO,ES,Federal Contract Tower,0,93,202,3,298,0,3,133,14,150,0,96,335,17,448,238,0,238,686
04/01/2023,OPF,FL,ASO,ES,Federal Contract Tower,0,86,134,0,220,0,3,92,11,106,0,89,226,11,326,97,15,112,438
04/02/2023,OPF,FL,ASO,ES,Federal Contract Tower,0,115,176,2,293,0,6,73,10,89,0,121,249,12,382,42,0,42,424
04/03/2023,OPF,FL,ASO,ES,Federal Contract Tower,0,70,170,0,240,0,12,136,15,163,0,82,306,15,403,160,8,168,571
04/04/2023,OPF,FL,ASO,ES,Federal Contract Tower,0,84,164,1,249,0,6,141,17,164,0,90,305,18,413,242,0,242,655
04/05/2023,OPF,FL,ASO,ES,Federal Contract Tower,0,98,171,6,275,0,8,110,30,148,0,106,281,36,423,200,13,213,636
04/06/2023,OPF,FL,ASO,ES,Federal Contract Tower,0,79,176,3,258,0,11,136,19,166,0,90,312,22,424,190,4,194,618
04/07/2023,OPF,FL,ASO,ES,Federal Contract Tower,2,71,149,0,222,0,3,150,12,165,2,74,299,12,387,250,3,253,640
04/08/2023,OPF,FL,ASO,ES,Federal Contract Tower,0,71,144,0,215,0,4,119,7,130,0,75,263,7,345,111,0,111,456
04/09/2023,OPF,FL,ASO,ES,Federal Contract Tower,0,69,168,0,237,0,4,60,8,72,0,73,228,8,309,98,7,105,414
04/10/2023,OPF,FL,ASO,ES,Federal Contract Tower,0,80,198,3,281,0,1,21,4,26,0,81,219,7,307,24,0,24,331
04/11/2023,OPF,FL,ASO,ES,Federal Contract Tower,0,72,106,2,180,0,1,27,7,35,0,73,133,9,215,13,0,13,228
04/12/2023,OPF,FL,ASO,ES,Federal Contract Tower,1,59,130,7,197,0,0,12,2,14,1,59,142,9,211,4,13,17,228
04/13/2023,OPF,FL,ASO,ES,Federal Contract Tower,0,97,157,2,256,0,3,100,7,110,0,100,257,9,366,101,0,101,467
04/14/2023,OPF,FL,ASO,ES,Federal Contract Tower,0,107,169,0,276,0,2,138,12,152,0,109,307,12,428,158,8,166,594
04/15/2023,OPF,FL,ASO,ES,Federal Contract Tower,2,57,110,4,173,0,5,272,3,280,2,62,382,7,453,51,0,51,504
04/16/2023,OPF,FL,ASO,ES,Federal Contract Tower,0,77,175,2,254,0,3,121,8,132,0,80,296,10,386,53,12,65,451
04/17/2023,OPF,FL,ASO,ES,Federal Contract Tower,1,71,165,1,238,0,2,97,13,112,1,73,262,14,350,110,22,132,482
04/18/2023,OPF,FL,ASO,ES,Federal Contract Tower,1,61,173,3,238,0,4,138,7,149,1,65,311,10,387,275,0,275,662
04/19/2023,OPF,FL,ASO,ES,Federal Contract Tower,1,57,181,8,247,0,5,143,11,159,1,62,324,19,406,278,0,278,684
04/20/2023,OPF,FL,ASO,ES,Federal Contract Tower,0,68,171,1,240,0,1,167,14,182,0,69,338,15,422,262,15,277,699
04/21/2023,OPF,FL,ASO,ES,Federal Contract Tower,0,49,149,1,199,0,5,127,7,139,0,54,276,8,338,188,11,199,537
04/22/2023,OPF,FL,ASO,ES,Federal Contract Tower,1,53,142,0,196,0,3,151,7,161,1,56,293,7,357,145,6,151,508
04/23/2023,OPF,FL,ASO,ES,Federal Contract Tower,0,68,146,6,220,0,8,94,6,108,0,76,240,12,328,83,0,83,411
04/24/2023,OPF,FL,ASO,ES,Federal Contract Tower,0,67,115,3,185,0,0,59,6,65,0,67,174,9,250,90,24,114,364
04/25/2023,OPF,FL,ASO,ES,Federal Contract Tower,0,56,145,0,201,0,7,132,17,156,0,63,277,17,357,229,14,243,600
04/26/2023,OPF,FL,ASO,ES,Federal Contract Tower,0,59,163,3,225,0,3,139,16,158,0,62,302,19,383,226,11,237,620
04/27/2023,OPF,FL,ASO,ES,Federal Contract Tower,0,59,169,2,230,0,6,175,17,198,0,65,344,19,428,230,6,236,664
04/28/2023,OPF,FL,ASO,ES,Federal Contract Tower,0,78,158,1,237,0,1,151,8,160,0,79,309,9,397,167,9,176,573
04/29/2023,OPF,FL,ASO,ES,Federal Contract Tower,0,73,140,2,215,0,4,118,6,128,0,77,258,8,343,97,0,97,440
04/30/2023,OPF,FL,ASO,ES,Federal Contract Tower,0,83,152,2,237,0,2,42,10,54,0,85,194,12,291,25,0,25,316
05/01/2023,OPF,FL,ASO,ES,Federal Contract Tower,2,82,170,1,255,0,3,126,15,144,2,85,296,16,399,268,36,304,703
05/02/2023,OPF,FL,ASO,ES,Federal Contract Tower,0,62,137,0,199,0,6,125,7,138,0,68,262,7,337,342,4,346,683
05/03/2023,OPF,FL,ASO,ES,Federal Contract Tower,0,59,181,1,241,0,1,124,5,130,0,60,305,6,371,261,4,265,636
05/04/2023,OPF,FL,ASO,ES,Federal Contract Tower,0,108,199,2,309,0,2,93,7,102,0,110,292,9,411,108,2,110,521
05/05/2023,OPF,FL,ASO,ES,Federal Contract Tower,0,111,162,4,277,0,1,88,15,104,0,112,250,19,381,2,0,2,383
05/06/2023,OPF,FL,ASO,ES,Federal Contract Tower,0,70,85,1,156,0,5,60,6,71,0,75,145,7,227,3,2,5,232
05/07/2023,OPF,FL,ASO,ES,Federal Contract Tower,0,196,199,1,396,0,1,72,5,78,0,197,271,6,474,0,0,0,474
05/08/2023,OPF,FL,ASO,ES,Federal Contract Tower,0,133,224,0,357,0,9,76,13,98,0,142,300,13,455,0,0,0,455
05/09/2023,OPF,FL,ASO,ES,Federal Contract Tower,0,60,161,0,221,0,3,131,13,147,0,63,292,13,368,189,3,192,560
05/10/2023,OPF,FL,ASO,ES,Federal Contract Tower,0,60,181,0,241,0,3,173,19,195,0,63,354,19,436,219,2,221,657
05/11/2023,OPF,FL,ASO,ES,Federal Contract Tower,0,56,153,3,212,0,11,107,8,126,0,67,260,11,338,347,2,349,687
05/12/2023,OPF,FL,ASO,ES,Federal Contract Tower,1,59,157,5,222,0,5,138,14,157,1,64,295,19,379,267,0,267,646
05/13/2023,OPF,FL,ASO,ES,Federal Contract Tower,0,49,84,0,133,0,6,109,7,122,0,55,193,7,255,185,0,185,440
05/14/2023,OPF,FL,ASO,ES,Federal Contract Tower,0,45,144,4,193,0,3,67,5,75,0,48,211,9,268,56,0,56,324
05/15/2023,OPF,FL,ASO,ES,Federal Contract Tower,2,55,153,1,211,0,1,123,5,129,2,56,276,6,340,207,6,213,553
05/16/2023,OPF,FL,ASO,ES,Federal Contract Tower,0,43,162,7,212,0,5,134,19,158,0,48,296,26,370,322,1,323,693
05/17/2023,OPF,FL,ASO,ES,Federal Contract Tower,0,45,154,4,203,0,1,103,17,121,0,46,257,21,324,211,7,218,542
05/18/2023,OPF,FL,ASO,ES,Federal Contract Tower,0,75,163,2,240,0,1,102,16,119,0,76,265,18,359,167,0,167,526
05/19/2023,OPF,FL,ASO,ES,Federal Contract Tower,1,46,144,2,193,0,2,103,10,115,1,48,247,12,308,117,26,143,451
05/20/2023,OPF,FL,ASO,ES,Federal Contract Tower,0,44,84,0,128,0,2,115,8,125,0,46,199,8,253,167,0,167,420
05/21/2023,OPF,FL,ASO,ES,Federal Contract Tower,0,61,143,0,204,0,7,85,10,102,0,68,228,10,306,65,0,65,371
05/22/2023,OPF,FL,ASO,ES,Federal Contract Tower,0,63,158,1,222,0,1,107,9,117,0,64,265,10,339,119,32,151,490
05/23/2023,OPF,FL,ASO,ES,Federal Contract Tower,0,46,153,0,199,0,4,109,11,124,0,50,262,11,323,142,12,154,477
05/24/2023,OPF,FL,ASO,ES,Federal Contract Tower,1,71,155,2,229,0,0,99,13,112,1,71,254,15,341,235,7,242,583
05/25/2023,OPF,FL,ASO,ES,Federal Contract Tower,1,48,147,11,207,0,2,111,14,127,1,50,258,25,334,165,2,167,501
05/26/2023,OPF,FL,ASO,ES,Federal Contract Tower,0,58,148,1,207,0,2,138,13,153,0,60,286,14,360,104,0,104,464
05/27/2023,OPF,FL,ASO,ES,Federal Contract Tower,0,31,69,2,102,0,1,114,37,152,0,32,183,39,254,157,45,202,456
05/28/2023,OPF,FL,ASO,ES,Federal Contract Tower,0,27,84,1,112,0,0,71,48,119,0,27,155,49,231,54,44,98,329
05/29/2023,OPF,FL,ASO,ES,Federal Contract Tower,0,74,157,3,234,0,8,163,11,182,0,82,320,14,416,149,1,150,566
05/30/2023,OPF,FL,ASO,ES,Federal Contract Tower,0,65,121,5,191,0,5,121,11,137,0,70,242,16,328,112,1,113,441
05/31/2023,OPF,FL,ASO,ES,Federal Contract Tower,0,52,128,1,181,0,0,117,14,131,0,52,245,15,312,109,0,109,421
06/01/2023,OPF,FL,ASO,ES,Federal Contract Tower,0,58,96,0,154,0,4,91,21,116,0,62,187,21,270,95,0,95,365
06/02/2023,OPF,FL,ASO,ES,Federal Contract Tower,0,67,108,0,175,0,1,109,10,120,0,68,217,10,295,75,10,85,380
06/03/2023,OPF,FL,ASO,ES,Federal Contract Tower,0,43,95,2,140,0,3,76,13,92,0,46,171,15,232,114,12,126,358
06/04/2023,OPF,FL,ASO,ES,Federal Contract Tower,0,44,109,2,155,0,2,61,8,71,0,46,170,10,226,77,0,77,303
06/05/2023,OPF,FL,ASO,ES,Federal Contract Tower,0,61,112,4,177,0,2,109,13,124,0,63,221,17,301,143,22,165,466
06/06/2023,OPF,FL,ASO,ES,Federal Contract Tower,0,42,130,3,175,0,2,84,16,102,0,44,214,19,277,108,0,108,385
06/07/2023,OPF,FL,ASO,ES,Federal Contract Tower,0,40,142,8,190,0,1,96,6,103,0,41,238,14,293,197,10,207,500
06/08/2023,OPF,FL,ASO,ES,Federal Contract Tower,0,52,137,2,191,0,7,91,15,113,0,59,228,17,304,168,0,168,472
06/09/2023,OPF,FL,ASO,ES,Federal Contract Tower,0,67,142,0,209,0,6,134,8,148,0,73,276,8,357,107,0,107,464
06/10/2023,OPF,FL,ASO,ES,Federal Contract Tower,0,57,113,0,170,0,6,101,5,112,0,63,214,5,282,108,11,119,401
06/11/2023,OPF,FL,ASO,ES,Federal Contract Tower,0,43,142,0,185,0,1,59,5,65,0,44,201,5,250,59,16,75,325
06/12/2023,OPF,FL,ASO,ES,Federal Contract Tower,0,46,112,0,158,0,2,62,2,66,0,48,174,2,224,100,34,134,358
06/13/2023,OPF,FL,ASO,ES,Federal Contract Tower,0,40,132,2,174,0,2,122,8,132,0,42,254,10,306,196,5,201,507
06/14/2023,OPF,FL,ASO,ES,Federal Contract Tower,0,54,138,1,193,0,3,104,14,121,0,57,242,15,314,228,19,247,561
06/15/2023,OPF,FL,ASO,ES,Federal Contract Tower,0,50,126,3,179,0,3,117,12,132,0,53,243,15,311,244,0,244,555
06/16/2023,OPF,FL,ASO,ES,Federal Contract Tower,0,47,135,0,182,0,3,165,15,183,0,50,300,15,365,159,1,160,525
06/17/2023,OPF,FL,ASO,ES,Federal Contract Tower,0,31,85,0,116,0,0,76,6,82,0,31,161,6,198,90,0,90,288
06/18/2023,OPF,FL,ASO,ES,Federal Contract Tower,0,36,83,0,119,0,6,22,7,35,0,42,105,7,154,84,0,84,238
06/19/2023,OPF,FL,ASO,ES,Federal Contract Tower,0,54,111,0,165,0,2,79,4,85,0,56,190,4,250,136,0,136,386
06/20/2023,OPF,FL,ASO,ES,Federal Contract Tower,0,38,126,0,164,0,1,114,9,124,0,39,240,9,288,132,23,155,443
06/21/2023,OPF,FL,ASO,ES,Federal Contract Tower,0,42,152,1,195,0,1,134,9,144,0,43,286,10,339,304,0,304,643
06/22/2023,OPF,FL,ASO,ES,Federal Contract Tower,1,61,190,0,252,0,7,140,14,161,1,68,330,14,413,158,0,158,571
06/23/2023,OPF,FL,ASO,ES,Federal Contract Tower,0,58,146,1,205,0,2,144,14,160,0,60,290,15,365,219,38,257,622
06/24/2023,OPF,FL,ASO,ES,Federal Contract Tower,0,43,100,3,146,0,0,84,10,94,0,43,184,13,240,115,0,115,355
06/25/2023,OPF,FL,ASO,ES,Federal Contract Tower,0,49,102,1,152,0,0,74,7,81,0,49,176,8,233,75,0,75,308
06/26/2023,OPF,FL,ASO,ES,Federal Contract Tower,0,41,114,0,155,0,1,96,11,108,0,42,210,11,263,165,0,165,428
06/27/2023,OPF,FL,ASO,ES,Federal Contract Tower,0,51,118,0,169,0,3,134,16,153,0,54,252,16,322,252,0,252,574
06/28/2023,OPF,FL,ASO,ES,Federal Contract Tower,0,50,115,0,165,0,4,144,13,161,0,54,259,13,326,312,0,312,638
06/29/2023,OPF,FL,ASO,ES,Federal Contract Tower,1,52,141,2,196,0,1,88,13,102,1,53,229,15,298,114,0,114,412
06/30/2023,OPF,FL,ASO,ES,Federal Contract Tower,1,51,152,2,206,0,2,114,11,127,1,53,266,13,333,96,0,96,429
07/01/2023,OPF,FL,ASO,ES,Federal Contract Tower,0,39,102,0,141,0,1,128,4,133,0,40,230,4,274,103,0,103,377
07/02/2023,OPF,FL,ASO,ES,Federal Contract Tower,0,25,90,0,115,0,1,76,2,79,0,26,166,2,194,106,0,106,300
07/03/2023,OPF,FL,ASO,ES,Federal Contract Tower,0,32,126,0,158,0,2,116,3,121,0,34,242,3,279,262,0,262,541
07/04/2023,OPF,FL,ASO,ES,Federal Contract Tower,0,25,81,0,106,0,2,90,7,99,0,27,171,7,205,67,0,67,272
07/05/2023,OPF,FL,ASO,ES,Federal Contract Tower,0,39,117,16,172,0,2,116,11,129,0,41,233,27,301,140,0,140,441
07/06/2023,OPF,FL,ASO,ES,Federal Contract Tower,0,48,141,1,190,0,1,113,10,124,0,49,254,11,314,181,12,193,507
07/07/2023,OPF,FL,ASO,ES,Federal Contract Tower,0,35,118,0,153,0,3,101,5,109,0,38,219,5,262,149,0,149,411
07/08/2023,OPF,FL,ASO,ES,Federal Contract Tower,0,34,124,3,161,0,1,63,5,69,0,35,187,8,230,104,0,104,334
07/09/2023,OPF,FL,ASO,ES,Federal Contract Tower,0,30,141,6,177,0,0,91,5,96,0,30,232,11,273,39,0,39,312
07/10/2023,OPF,FL,ASO,ES,Federal Contract Tower,0,52,153,1,206,0,1,106,5,112,0,53,259,6,318,89,0,89,407
07/11/2023,OPF,FL,ASO,ES,Federal Contract Tower,0,40,139,0,179,0,5,127,17,149,0,45,266,17,328,140,34,174,502
07/12/2023,OPF,FL,ASO,ES,Federal Contract Tower,0,44,131,1,176,0,2,149,13,164,0,46,280,14,340,91,49,140,480
07/13/2023,OPF,FL,ASO,ES,Federal Contract Tower,0,50,111,2,163,0,1,117,31,149,0,51,228,33,312,207,0,207,519
07/14/2023,OPF,FL,ASO,ES,Federal Contract Tower,0,29,136,1,166,0,32,68,10,110,0,61,204,11,276,125,0,125,401
07/15/2023,OPF,FL,ASO,ES,Federal Contract Tower,0,32,111,2,145,0,0,102,5,107,0,32,213,7,252,65,24,89,341
07/16/2023,OPF,FL,ASO,ES,Federal Contract Tower,0,39,124,0,163,0,0,72,8,80,0,39,196,8,243,74,0,74,317
07/17/2023,OPF,FL,ASO,ES,Federal Contract Tower,0,37,103,1,141,0,1,89,11,101,0,38,192,12,242,81,10,91,333
07/18/2023,OPF,FL,ASO,ES,Federal Contract Tower,1,58,115,0,174,0,3,138,15,156,1,61,253,15,330,94,0,94,424
07/19/2023,OPF,FL,ASO,ES,Federal Contract Tower,0,42,124,3,169,0,6,124,15,145,0,48,248,18,314,138,8,146,460
07/20/2023,OPF,FL,ASO,ES,Federal Contract Tower,1,56,173,1,231,0,2,138,13,153,1,58,311,14,384,216,0,216,600
07/21/2023,OPF,FL,ASO,ES,Federal Contract Tower,1,52,132,1,186,0,0,214,8,222,1,52,346,9,408,102,7,109,517
07/22/2023,OPF,FL,ASO,ES,Federal Contract Tower,0,40,107,0,147,0,3,112,12,127,0,43,219,12,274,73,0,73,347
07/23/2023,OPF,FL,ASO,ES,Federal Contract Tower,0,42,129,0,171,0,0,87,7,94,0,42,216,7,265,27,9,36,301
07/24/2023,OPF,FL,ASO,ES,Federal Contract Tower,2,59,131,0,192,0,1,123,11,135,2,60,254,11,327,119,0,119,446
07/25/2023,OPF,FL,ASO,ES,Federal Contract Tower,1,33,150,2,186,0,2,128,15,145,1,35,278,17,331,315,0,315,646
07/26/2023,OPF,FL,ASO,ES,Federal Contract Tower,1,51,121,3,176,0,0,97,10,107,1,51,218,13,283,198,0,198,481
07/27/2023,OPF,FL,ASO,ES,Federal Contract Tower,2,42,116,10,170,0,5,105,8,118,2,47,221,18,288,169,0,169,457
07/28/2023,OPF,FL,ASO,ES,Federal Contract Tower,0,42,95,0,137,0,2,86,6,94,0,44,181,6,231,190,4,194,425
07/29/2023,OPF,FL,ASO,ES,Federal Contract Tower,1,51,112,5,169,0,1,111,11,123,1,52,223,16,292,139,0,139,431
07/30/2023,OPF,FL,ASO,ES,Federal Contract Tower,0,34,127,0,161,0,1,65,9,75,0,35,192,9,236,51,0,51,287
07/31/2023,OPF,FL,ASO,ES,Federal Contract Tower,0,50,93,0,143,0,5,110,11,126,0,55,203,11,269,133,0,133,402
08/01/2023,OPF,FL,ASO,ES,Federal Contract Tower,0,36,126,0,162,0,4,123,11,138,0,40,249,11,300,200,0,200,500
08/02/2023,OPF,FL,ASO,ES,Federal Contract Tower,0,55,108,0,163,0,6,121,10,137,0,61,229,10,300,208,0,208,508
08/03/2023,OPF,FL,ASO,ES,Federal Contract Tower,0,38,128,2,168,0,1,124,8,133,0,39,252,10,301,150,0,150,451
08/04/2023,OPF,FL,ASO,ES,Federal Contract Tower,0,45,115,0,160,0,0,109,7,116,0,45,224,7,276,156,13,169,445
08/05/2023,OPF,FL,ASO,ES,Federal Contract Tower,0,21,77,0,98,0,0,94,8,102,0,21,171,8,200,119,8,127,327
08/06/2023,OPF,FL,ASO,ES,Federal Contract Tower,0,26,125,1,152,0,4,113,4,121,0,30,238,5,273,61,0,61,334
08/07/2023,OPF,FL,ASO,ES,Federal Contract Tower,0,35,125,2,162,0,2,111,10,123,0,37,236,12,285,184,0,184,469
08/08/2023,OPF,FL,ASO,ES,Federal Contract Tower,0,37,126,0,163,0,2,130,12,144,0,39,256,12,307,200,0,200,507
08/09/2023,OPF,FL,ASO,ES,Federal Contract Tower,1,43,96,1,141,0,4,104,10,118,1,47,200,11,259,139,16,155,414
08/10/2023,OPF,FL,ASO,ES,Federal Contract Tower,1,41,122,0,164,0,8,112,8,128,1,49,234,8,292,172,0,172,464
08/11/2023,OPF,FL,ASO,ES,Federal Contract Tower,1,51,121,0,173,0,0,148,20,168,1,51,269,20,341,137,0,137,478
08/12/2023,OPF,FL,ASO,ES,Federal Contract Tower,0,28,96,0,124,0,9,81,2,92,0,37,177,2,216,79,0,79,295
08/13/2023,OPF,FL,ASO,ES,Federal Contract Tower,1,44,119,1,165,0,2,69,11,82,1,46,188,12,247,73,6,79,326
08/14/2023,OPF,FL,ASO,ES,Federal Contract Tower,0,39,144,0,183,0,3,126,10,139,0,42,270,10,322,218,0,218,540
08/15/2023,OPF,FL,ASO,ES,Federal Contract Tower,0,37,95,2,134,0,1,92,6,99,0,38,187,8,233,198,0,198,431
08/16/2023,OPF,FL,ASO,ES,Federal Contract Tower,0,63,112,0,175,0,4,140,6,150,0,67,252,6,325,149,5,154,479
08/17/2023,OPF,FL,ASO,ES,Federal Contract Tower,0,54,132,0,186,0,0,115,12,127,0,54,247,12,313,149,2,151,464
08/18/2023,OPF,FL,ASO,ES,Federal Contract Tower,0,40,140,1,181,0,2,125,10,137,0,42,265,11,318,282,0,282,600
08/19/2023,OPF,FL,ASO,ES,Federal Contract Tower,1,32,81,0,114,0,0,82,12,94,1,32,163,12,208,48,0,48,256
08/20/2023,OPF,FL,ASO,ES,Federal Contract Tower,0,37,98,0,135,0,3,41,9,53,0,40,139,9,188,51,19,70,258
08/21/2023,OPF,FL,ASO,ES,Federal Contract Tower,0,47,104,0,151,0,1,93,20,114,0,48,197,20,265,241,2,243,508
08/22/2023,OPF,FL,ASO,ES,Federal Contract Tower,1,34,94,0,129,0,4,163,17,184,1,38,257,17,313,256,0,256,569
08/23/2023,OPF,FL,ASO,ES,Federal Contract Tower,0,35,143,5,183,0,2,156,11,169,0,37,299,16,352,122,16,138,490
08/24/2023,OPF,FL,ASO,ES,Federal Contract Tower,1,43,126,0,170,0,4,111,14,129,1,47,237,14,299,221,0,221,520
08/25/2023,OPF,FL,ASO,ES,Federal Contract Tower,0,40,164,0,204,0,1,152,12,165,0,41,316,12,369,98,26,124,493
08/26/2023,OPF,FL,ASO,ES,Federal Contract Tower,1,34,103,0,138,0,3,105,11,119,1,37,208,11,257,157,0,157,414
08/27/2023,OPF,FL,ASO,ES,Federal Contract Tower,0,37,90,0,127,0,1,69,3,73,0,38,159,3,200,116,0,116,316
08/28/2023,OPF,FL,ASO,ES,Federal Contract Tower,0,28,100,7,135,0,4,57,19,80,0,32,157,26,215,136,14,150,365
08/29/2023,OPF,FL,ASO,ES,Federal Contract Tower,0,30,91,1,122,0,2,75,10,87,0,32,166,11,209,52,0,52,261
08/30/2023,OPF,FL,ASO,ES,Federal Contract Tower,0,38,59,1,98,0,5,33,6,44,0,43,92,7,142,0,30,30,172
08/31/2023,OPF,FL,ASO,ES,Federal Contract Tower,0,65,132,3,200,0,1,96,16,113,0,66,228,19,313,124,3,127,440
