01/01/2000,ORF,VA,AEA,EN,Towers with Radar,74,44,63,0,181,0,0,13,0,13,74,44,76,0,194,19,0,19,213
01/02/2000,ORF,VA,AEA,EN,Towers with Radar,81,82,65,1,229,0,0,38,0,38,81,82,103,1,267,0,0,0,267
01/03/2000,ORF,VA,AEA,EN,Towers with Radar,90,119,64,3,276,0,0,24,3,27,90,119,88,6,303,28,0,28,331
01/04/2000,ORF,VA,AEA,EN,Towers with Radar,101,116,56,2,275,0,1,0,0,1,101,117,56,2,276,16,0,16,292
01/05/2000,ORF,VA,AEA,EN,Towers with Radar,58,66,35,1,160,39,67,77,0,183,97,133,112,1,343,20,2,22,365
01/06/2000,ORF,VA,AEA,EN,Towers with Radar,65,74,39,2,180,29,60,115,8,212,94,134,154,10,392,10,0,10,402
01/07/2000,ORF,VA,AEA,EN,Towers with Radar,91,103,55,2,251,4,31,37,6,78,95,134,92,8,329,0,0,0,329
01/08/2000,ORF,VA,AEA,EN,Towers with Radar,81,87,68,0,236,0,0,82,0,82,81,87,150,0,318,5,1,6,324
01/09/2000,ORF,VA,AEA,EN,Towers with Radar,84,89,69,1,243,0,0,8,0,8,84,89,77,1,251,38,0,38,289
01/10/2000,ORF,VA,AEA,EN,Towers with Radar,86,107,58,2,253,0,0,0,0,0,86,107,58,2,253,36,0,36,289
01/11/2000,ORF,VA,AEA,EN,Towers with Radar,94,106,57,1,258,4,27,60,0,91,98,133,117,1,349,17,0,17,366
01/12/2000,ORF,VA,AEA,EN,Towers with Radar,48,54,29,0,131,50,80,139,2,271,98,134,168,2,402,33,0,33,435
01/13/2000,ORF,VA,AEA,EN,Towers with Radar,67,76,41,1,185,25,52,59,3,139,92,128,100,4,324,6,0,6,330
01/14/2000,ORF,VA,AEA,EN,Towers with Radar,84,95,51,1,231,13,31,65,5,114,97,126,116,6,345,25,0,25,370
01/15/2000,ORF,VA,AEA,EN,Towers with Radar,81,89,67,1,238,0,0,49,0,49,81,89,116,1,287,60,0,60,347
01/16/2000,ORF,VA,AEA,EN,Towers with Radar,84,82,64,2,232,0,0,8,0,8,84,82,72,2,240,0,0,0,240
01/17/2000,ORF,VA,AEA,EN,Towers with Radar,90,102,72,0,264,0,0,9,0,9,90,102,81,0,273,31,0,31,304
01/18/2000,ORF,VA,AEA,EN,Towers with Radar,82,90,48,1,221,4,10,7,3,24,86,100,55,4,245,4,0,4,249
01/19/2000,ORF,VA,AEA,EN,Towers with Radar,62,68,36,1,167,26,62,69,13,170,88,130,105,14,337,13,0,13,350
01/20/2000,ORF,VA,AEA,EN,Towers with Radar,62,68,37,1,168,24,33,10,0,67,86,101,47,1,235,6,4,10,245
01/21/2000,ORF,VA,AEA,EN,Towers with Radar,65,71,38,1,175,30,56,47,1,134,95,127,85,2,309,21,1,22,331
01/22/2000,ORF,VA,AEA,EN,Towers with Radar,79,84,60,0,223,0,0,10,0,10,79,84,70,0,233,39,2,41,274
01/23/2000,ORF,VA,AEA,EN,Towers with Radar,80,78,31,2,191,0,0,0,1,1,80,78,31,3,192,0,0,0,192
01/24/2000,ORF,VA,AEA,EN,Towers with Radar,86,114,64,1,265,0,0,0,0,0,86,114,64,1,265,0,0,0,265
01/25/2000,ORF,VA,AEA,EN,Towers with Radar,22,23,8,0,53,0,0,0,0,0,22,23,8,0,53,7,0,7,60
01/26/2000,ORF,VA,AEA,EN,Towers with Radar,71,78,43,1,193,9,19,31,2,61,80,97,74,3,254,8,0,8,262
01/27/2000,ORF,VA,AEA,EN,Towers with Radar,70,78,42,1,191,22,22,31,1,76,92,100,73,2,267,16,0,16,283
01/28/2000,ORF,VA,AEA,EN,Towers with Radar,86,101,55,1,243,0,24,50,1,75,86,125,105,2,318,35,0,35,353
01/29/2000,ORF,VA,AEA,EN,Towers with Radar,68,88,55,0,211,0,0,75,0,75,68,88,130,0,286,37,0,37,323
01/30/2000,ORF,VA,AEA,EN,Towers with Radar,0,0,0,0,0,73,39,18,0,130,73,39,18,0,130,0,0,0,130
01/31/2000,ORF,VA,AEA,EN,Towers with Radar,0,0,0,0,0,87,90,93,3,273,87,90,93,3,273,0,0,0,273
02/01/2000,ORF,VA,AEA,EN,Towers with Radar,93,106,62,3,264,0,0,51,3,54,93,106,113,6,318,10,0,10,328
02/02/2000,ORF,VA,AEA,EN,Towers with Radar,92,118,64,3,277,0,0,70,3,73,92,118,134,6,350,16,0,16,366
02/03/2000,ORF,VA,AEA,EN,Towers with Radar,93,120,63,1,277,0,8,48,0,56,93,128,111,1,333,4,0,4,337
02/04/2000,ORF,VA,AEA,EN,Towers with Radar,92,111,61,2,266,0,0,59,0,59,92,111,120,2,325,9,0,9,334
02/05/2000,ORF,VA,AEA,EN,Towers with Radar,56,65,35,1,157,25,10,69,0,104,81,75,104,1,261,35,0,35,296
02/06/2000,ORF,VA,AEA,EN,Towers with Radar,63,73,38,2,176,28,5,70,0,103,91,78,108,2,279,6,0,6,285
02/07/2000,ORF,VA,AEA,EN,Towers with Radar,88,102,54,2,246,0,5,53,2,60,88,107,107,4,306,40,0,40,346
02/08/2000,ORF,VA,AEA,EN,Towers with Radar,86,108,55,2,251,3,3,50,0,56,89,111,105,2,307,33,0,33,340
02/09/2000,ORF,VA,AEA,EN,Towers with Radar,96,118,68,2,284,0,0,68,3,71,96,118,136,5,355,17,0,17,372
02/10/2000,ORF,VA,AEA,EN,Towers with Radar,97,114,65,2,278,0,0,75,2,77,97,114,140,4,355,69,2,71,426
02/11/2000,ORF,VA,AEA,EN,Towers with Radar,88,111,57,1,257,3,1,45,3,52,91,112,102,4,309,25,38,63,372
02/12/2000,ORF,VA,AEA,EN,Towers with Radar,78,74,26,1,179,3,1,4,0,8,81,75,30,1,187,0,0,0,187
02/13/2000,ORF,VA,AEA,EN,Towers with Radar,65,74,40,0,179,23,0,31,0,54,88,74,71,0,233,12,0,12,245
02/14/2000,ORF,VA,AEA,EN,Towers with Radar,82,94,50,0,226,12,18,2,0,32,94,112,52,0,258,4,0,4,262
02/15/2000,ORF,VA,AEA,EN,Towers with Radar,96,111,66,2,275,0,0,87,1,88,96,111,153,3,363,42,0,42,405
02/16/2000,ORF,VA,AEA,EN,Towers with Radar,93,108,63,2,266,0,0,69,12,81,93,108,132,14,347,19,1,20,367
02/17/2000,ORF,VA,AEA,EN,Towers with Radar,95,116,71,1,283,0,0,71,0,71,95,116,142,1,354,22,0,22,376
02/18/2000,ORF,VA,AEA,EN,Towers with Radar,86,97,64,4,251,2,2,8,0,12,88,99,72,4,263,0,0,0,263
02/19/2000,ORF,VA,AEA,EN,Towers with Radar,83,75,47,2,207,2,2,22,1,27,85,77,69,3,234,0,0,0,234
02/20/2000,ORF,VA,AEA,EN,Towers with Radar,85,68,49,0,202,2,4,92,2,100,87,72,141,2,302,118,0,118,420
02/21/2000,ORF,VA,AEA,EN,Towers with Radar,63,70,37,0,170,25,34,90,0,149,88,104,127,0,319,65,0,65,384
02/22/2000,ORF,VA,AEA,EN,Towers with Radar,92,109,59,1,261,0,12,80,1,93,92,121,139,2,354,30,0,30,384
02/23/2000,ORF,VA,AEA,EN,Towers with Radar,96,120,65,2,283,0,0,95,0,95,96,120,160,2,378,14,0,14,392
02/24/2000,ORF,VA,AEA,EN,Towers with Radar,94,117,63,2,276,0,0,57,8,65,94,117,120,10,341,6,16,22,363
02/25/2000,ORF,VA,AEA,EN,Towers with Radar,90,109,58,1,258,0,13,90,1,104,90,122,148,2,362,24,4,28,390
02/26/2000,ORF,VA,AEA,EN,Towers with Radar,69,67,42,0,178,8,0,10,0,18,77,67,52,0,196,0,0,0,196
02/27/2000,ORF,VA,AEA,EN,Towers with Radar,68,65,40,0,173,17,0,62,0,79,85,65,102,0,252,8,0,8,260
02/28/2000,ORF,VA,AEA,EN,Towers with Radar,89,101,53,1,244,5,3,58,5,71,94,104,111,6,315,2,0,2,317
02/29/2000,ORF,VA,AEA,EN,Towers with Radar,92,104,54,1,251,5,14,79,6,104,97,118,133,7,355,7,0,7,362
03/01/2000,ORF,VA,AEA,EN,Towers with Radar,98,113,66,1,278,0,2,83,6,91,98,115,149,7,369,22,63,85,454
03/02/2000,ORF,VA,AEA,EN,Towers with Radar,91,106,63,1,261,0,11,52,0,63,91,117,115,1,324,0,0,0,324
03/03/2000,ORF,VA,AEA,EN,Towers with Radar,96,116,68,1,281,0,7,47,4,58,96,123,115,5,339,0,0,0,339
03/04/2000,ORF,VA,AEA,EN,Towers with Radar,60,69,41,0,170,25,16,65,1,107,85,85,106,1,277,0,0,0,277
03/05/2000,ORF,VA,AEA,EN,Towers with Radar,63,72,43,0,178,21,6,70,3,100,84,78,113,3,278,0,0,0,278
03/06/2000,ORF,VA,AEA,EN,Towers with Radar,84,100,41,0,225,1,1,53,0,55,85,101,94,0,280,28,0,28,308
03/07/2000,ORF,VA,AEA,EN,Towers with Radar,94,115,60,2,271,1,1,82,0,84,95,116,142,2,355,145,0,145,500
03/08/2000,ORF,VA,AEA,EN,Towers with Radar,98,113,65,2,278,5,11,96,0,112,103,124,161,2,390,43,9,52,442
03/09/2000,ORF,VA,AEA,EN,Towers with Radar,97,112,65,2,276,0,2,53,1,56,97,114,118,3,332,17,10,27,359
03/10/2000,ORF,VA,AEA,EN,Towers with Radar,97,112,64,2,275,1,14,60,2,77,98,126,124,4,352,25,12,37,389
03/11/2000,ORF,VA,AEA,EN,Towers with Radar,60,69,40,1,170,27,6,35,0,68,87,75,75,1,238,36,0,36,274
03/12/2000,ORF,VA,AEA,EN,Towers with Radar,69,71,46,1,187,28,0,29,1,58,97,71,75,2,245,10,6,16,261
03/13/2000,ORF,VA,AEA,EN,Towers with Radar,88,111,50,1,250,1,2,58,0,61,89,113,108,1,311,0,0,0,311
03/14/2000,ORF,VA,AEA,EN,Towers with Radar,99,114,51,2,266,1,1,65,1,68,100,115,116,3,334,46,20,66,400
03/15/2000,ORF,VA,AEA,EN,Towers with Radar,95,116,67,2,280,0,7,97,1,105,95,123,164,3,385,15,0,15,400
03/16/2000,ORF,VA,AEA,EN,Towers with Radar,90,120,71,2,283,0,0,15,0,15,90,120,86,2,298,2,2,4,302
03/17/2000,ORF,VA,AEA,EN,Towers with Radar,96,108,74,1,279,0,0,24,0,24,96,108,98,1,303,9,0,9,312
03/18/2000,ORF,VA,AEA,EN,Towers with Radar,79,74,50,0,203,1,0,35,0,36,80,74,85,0,239,10,0,10,249
03/19/2000,ORF,VA,AEA,EN,Towers with Radar,78,71,63,1,213,1,0,43,0,44,79,71,106,1,257,16,0,16,273
03/20/2000,ORF,VA,AEA,EN,Towers with Radar,91,103,43,1,238,1,0,15,0,16,92,103,58,1,254,0,0,0,254
03/21/2000,ORF,VA,AEA,EN,Towers with Radar,87,109,56,1,253,1,0,0,0,1,88,109,56,1,254,0,0,0,254
03/22/2000,ORF,VA,AEA,EN,Towers with Radar,95,120,77,2,294,0,0,5,0,5,95,120,82,2,299,0,0,0,299
03/23/2000,ORF,VA,AEA,EN,Towers with Radar,99,119,80,1,299,0,0,32,1,33,99,119,112,2,332,12,8,20,352
03/24/2000,ORF,VA,AEA,EN,Towers with Radar,95,131,75,1,302,0,0,88,7,95,95,131,163,8,397,45,26,71,468
03/25/2000,ORF,VA,AEA,EN,Towers with Radar,64,74,43,0,181,18,1,63,1,83,82,75,106,1,264,35,4,39,303
03/26/2000,ORF,VA,AEA,EN,Towers with Radar,66,75,45,0,186,17,0,94,0,111,83,75,139,0,297,0,0,0,297
03/27/2000,ORF,VA,AEA,EN,Towers with Radar,89,104,61,0,254,1,0,34,1,36,90,104,95,1,290,0,0,0,290
03/28/2000,ORF,VA,AEA,EN,Towers with Radar,97,120,68,1,286,0,7,49,5,61,97,127,117,6,347,24,2,26,373
03/29/2000,ORF,VA,AEA,EN,Towers with Radar,95,120,70,1,286,0,0,62,10,72,95,120,132,11,358,20,0,20,378
03/30/2000,ORF,VA,AEA,EN,Towers with Radar,97,127,74,1,299,0,0,43,3,46,97,127,117,4,345,0,0,0,345
03/31/2000,ORF,VA,AEA,EN,Towers with Radar,94,118,68,0,280,0,17,76,0,93,94,135,144,0,373,15,3,18,391
04/01/2000,ORF,VA,AEA,EN,Towers with Radar,64,73,42,2,181,20,9,75,1,105,84,82,117,3,286,42,0,42,328
04/02/2000,ORF,VA,AEA,EN,Towers with Radar,72,76,48,0,196,12,0,46,0,58,84,76,94,0,254,0,0,0,254
04/03/2000,ORF,VA,AEA,EN,Towers with Radar,90,103,61,0,254,1,3,39,0,43,91,106,100,0,297,10,0,10,307
04/04/2000,ORF,VA,AEA,EN,Towers with Radar,103,118,70,2,293,0,5,17,0,22,103,123,87,2,315,10,6,16,331
04/05/2000,ORF,VA,AEA,EN,Towers with Radar,89,114,67,2,272,0,6,64,1,71,89,120,131,3,343,17,2,19,362
04/06/2000,ORF,VA,AEA,EN,Towers with Radar,99,122,74,2,297,0,0,62,3,65,99,122,136,5,362,12,21,33,395
04/07/2000,ORF,VA,AEA,EN,Towers with Radar,95,121,71,2,289,0,12,131,1,144,95,133,202,3,433,15,6,21,454
04/08/2000,ORF,VA,AEA,EN,Towers with Radar,88,89,18,6,201,1,6,40,6,53,89,95,58,12,254,26,2,28,282
04/09/2000,ORF,VA,AEA,EN,Towers with Radar,59,69,40,1,169,30,11,23,5,69,89,80,63,6,238,0,0,0,238
04/10/2000,ORF,VA,AEA,EN,Towers with Radar,88,109,75,1,273,1,1,84,2,88,89,110,159,3,361,11,0,11,372
04/11/2000,ORF,VA,AEA,EN,Towers with Radar,95,115,68,1,279,0,4,58,3,65,95,119,126,4,344,43,6,49,393
04/12/2000,ORF,VA,AEA,EN,Towers with Radar,96,134,98,4,332,1,0,46,5,52,97,134,144,9,384,11,8,19,403
04/13/2000,ORF,VA,AEA,EN,Towers with Radar,99,123,68,3,293,1,0,41,2,44,100,123,109,5,337,12,4,16,353
04/14/2000,ORF,VA,AEA,EN,Towers with Radar,97,121,81,0,299,1,0,13,1,15,98,121,94,1,314,10,4,14,328
04/15/2000,ORF,VA,AEA,EN,Towers with Radar,86,82,38,1,207,1,0,0,0,1,87,82,38,1,208,0,0,0,208
04/16/2000,ORF,VA,AEA,EN,Towers with Radar,87,77,54,1,219,0,1,35,1,37,87,78,89,2,256,0,0,0,256
04/17/2000,ORF,VA,AEA,EN,Towers with Radar,90,104,62,1,257,0,6,18,2,26,90,110,80,3,283,10,3,13,296
04/18/2000,ORF,VA,AEA,EN,Towers with Radar,95,112,66,0,273,0,8,3,0,11,95,120,69,0,284,0,0,0,284
04/19/2000,ORF,VA,AEA,EN,Towers with Radar,95,117,64,4,280,0,1,14,1,16,95,118,78,5,296,6,6,12,308
04/20/2000,ORF,VA,AEA,EN,Towers with Radar,90,115,75,1,281,0,0,91,0,91,90,115,166,1,372,28,10,38,410
04/21/2000,ORF,VA,AEA,EN,Towers with Radar,80,90,52,1,223,13,1,35,2,51,93,91,87,3,274,12,14,26,300
04/22/2000,ORF,VA,AEA,EN,Towers with Radar,63,71,41,0,175,19,10,69,0,98,82,81,110,0,273,83,0,83,356
04/23/2000,ORF,VA,AEA,EN,Towers with Radar,87,73,54,0,214,0,0,60,0,60,87,73,114,0,274,20,4,24,298
04/24/2000,ORF,VA,AEA,EN,Towers with Radar,90,106,66,1,263,0,0,90,2,92,90,106,156,3,355,65,11,76,431
04/25/2000,ORF,VA,AEA,EN,Towers with Radar,100,113,71,2,286,0,0,3,0,3,100,113,74,2,289,19,44,63,352
04/26/2000,ORF,VA,AEA,EN,Towers with Radar,100,113,76,2,291,0,0,44,2,46,100,113,120,4,337,0,0,0,337
04/27/2000,ORF,VA,AEA,EN,Towers with Radar,99,121,79,2,301,0,0,33,0,33,99,121,112,2,334,10,17,27,361
04/28/2000,ORF,VA,AEA,EN,Towers with Radar,99,123,76,2,300,0,0,46,10,56,99,123,122,12,356,20,13,33,389
04/29/2000,ORF,VA,AEA,EN,Towers with Radar,63,71,40,1,175,19,16,72,2,109,82,87,112,3,284,4,0,4,288
04/30/2000,ORF,VA,AEA,EN,Towers with Radar,71,75,47,0,193,19,0,125,0,144,90,75,172,0,337,37,0,37,374
05/01/2000,ORF,VA,AEA,EN,Towers with Radar,89,107,66,2,264,0,0,69,3,72,89,107,135,5,336,0,0,0,336
05/02/2000,ORF,VA,AEA,EN,Towers with Radar,92,125,77,2,296,0,0,18,3,21,92,125,95,5,317,0,0,0,317
05/03/2000,ORF,VA,AEA,EN,Towers with Radar,94,117,75,0,286,2,1,94,0,97,96,118,169,0,383,17,22,39,422
05/04/2000,ORF,VA,AEA,EN,Towers with Radar,94,120,75,1,290,2,1,76,2,81,96,121,151,3,371,34,35,69,440
05/05/2000,ORF,VA,AEA,EN,Towers with Radar,94,116,67,2,279,0,14,85,4,103,94,130,152,6,382,38,48,86,468
05/06/2000,ORF,VA,AEA,EN,Towers with Radar,84,86,34,1,205,2,0,87,0,89,86,86,121,1,294,24,44,68,362
05/07/2000,ORF,VA,AEA,EN,Towers with Radar,71,85,48,2,206,12,2,110,1,125,83,87,158,3,331,26,5,31,362
05/08/2000,ORF,VA,AEA,EN,Towers with Radar,89,108,66,2,265,0,0,45,1,46,89,108,111,3,311,17,21,38,349
05/09/2000,ORF,VA,AEA,EN,Towers with Radar,90,118,70,2,280,0,0,82,2,84,90,118,152,4,364,12,10,22,386
05/10/2000,ORF,VA,AEA,EN,Towers with Radar,106,123,73,2,304,8,0,62,4,74,114,123,135,6,378,14,20,34,412
05/11/2000,ORF,VA,AEA,EN,Towers with Radar,102,121,70,2,295,4,5,121,2,132,106,126,191,4,427,22,23,45,472
05/12/2000,ORF,VA,AEA,EN,Towers with Radar,93,111,64,2,270,10,19,86,1,116,103,130,150,3,386,33,10,43,429
05/13/2000,ORF,VA,AEA,EN,Towers with Radar,59,71,40,0,170,25,7,49,0,81,84,78,89,0,251,2,0,2,253
05/14/2000,ORF,VA,AEA,EN,Towers with Radar,60,72,41,1,174,28,9,61,0,98,88,81,102,1,272,0,0,0,272
05/15/2000,ORF,VA,AEA,EN,Towers with Radar,91,108,61,0,260,1,9,71,0,81,92,117,132,0,341,0,0,0,341
05/16/2000,ORF,VA,AEA,EN,Towers with Radar,95,123,70,2,290,0,7,81,1,89,95,130,151,3,379,0,0,0,379
05/17/2000,ORF,VA,AEA,EN,Towers with Radar,96,117,73,1,287,0,0,90,3,93,96,117,163,4,380,11,23,34,414
05/18/2000,ORF,VA,AEA,EN,Towers with Radar,88,121,75,1,285,0,0,47,3,50,88,121,122,4,335,18,4,22,357
05/19/2000,ORF,VA,AEA,EN,Towers with Radar,93,100,82,1,276,2,3,53,1,59,95,103,135,2,335,11,12,23,358
05/20/2000,ORF,VA,AEA,EN,Towers with Radar,83,95,51,0,229,2,1,15,0,18,85,96,66,0,247,23,5,28,275
05/21/2000,ORF,VA,AEA,EN,Towers with Radar,84,76,59,0,219,2,0,1,0,3,86,76,60,0,222,0,2,2,224
05/22/2000,ORF,VA,AEA,EN,Towers with Radar,79,94,54,1,228,12,14,19,0,45,91,108,73,1,273,1,4,5,278
05/23/2000,ORF,VA,AEA,EN,Towers with Radar,103,118,80,1,302,0,0,44,0,44,103,118,124,1,346,33,20,53,399
05/24/2000,ORF,VA,AEA,EN,Towers with Radar,97,126,75,1,299,0,0,72,2,74,97,126,147,3,373,53,34,87,460
05/25/2000,ORF,VA,AEA,EN,Towers with Radar,96,120,72,1,289,0,0,30,1,31,96,120,102,2,320,15,28,43,363
05/26/2000,ORF,VA,AEA,EN,Towers with Radar,101,125,59,6,291,1,3,112,1,117,102,128,171,7,408,38,16,54,462
05/27/2000,ORF,VA,AEA,EN,Towers with Radar,58,69,39,0,166,25,25,49,1,100,83,94,88,1,266,80,2,82,348
05/28/2000,ORF,VA,AEA,EN,Towers with Radar,79,60,47,1,187,1,0,9,0,10,80,60,56,1,197,7,0,7,204
05/29/2000,ORF,VA,AEA,EN,Towers with Radar,87,101,39,4,231,1,0,3,0,4,88,101,42,4,235,0,1,1,236
05/30/2000,ORF,VA,AEA,EN,Towers with Radar,94,112,66,0,272,0,0,33,0,33,94,112,99,0,305,27,15,42,347
05/31/2000,ORF,VA,AEA,EN,Towers with Radar,94,119,82,1,296,1,0,53,1,55,95,119,135,2,351,61,15,76,427
06/01/2000,ORF,VA,AEA,EN,Towers with Radar,1,2,101,2,106,98,106,83,2,289,99,108,184,4,395,0,0,0,395
06/02/2000,ORF,VA,AEA,EN,Towers with Radar,1,1,81,2,85,92,124,59,7,282,93,125,140,9,367,0,0,0,367
06/03/2000,ORF,VA,AEA,EN,Towers with Radar,1,1,67,2,71,84,92,64,0,240,85,93,131,2,311,0,0,0,311
06/04/2000,ORF,VA,AEA,EN,Towers with Radar,0,1,36,1,38,75,81,62,0,218,75,82,98,1,256,11,0,11,267
06/05/2000,ORF,VA,AEA,EN,Towers with Radar,0,1,1,0,2,96,115,82,1,294,96,116,83,1,296,0,0,0,296
06/06/2000,ORF,VA,AEA,EN,Towers with Radar,0,1,10,0,11,95,103,91,3,292,95,104,101,3,303,0,0,0,303
06/07/2000,ORF,VA,AEA,EN,Towers with Radar,0,3,111,3,117,123,164,99,0,386,123,167,210,3,503,28,25,53,556
06/08/2000,ORF,VA,AEA,EN,Towers with Radar,0,2,83,2,87,94,118,107,2,321,94,120,190,4,408,0,0,0,408
06/09/2000,ORF,VA,AEA,EN,Towers with Radar,0,3,89,2,94,90,125,43,1,259,90,128,132,3,353,0,0,0,353
06/10/2000,ORF,VA,AEA,EN,Towers with Radar,0,2,89,0,91,91,86,40,0,217,91,88,129,0,308,0,0,0,308
06/11/2000,ORF,VA,AEA,EN,Towers with Radar,0,2,79,2,83,91,76,20,2,189,91,78,99,4,272,0,0,0,272
06/12/2000,ORF,VA,AEA,EN,Towers with Radar,0,2,65,1,68,86,106,40,3,235,86,108,105,4,303,0,0,0,303
06/13/2000,ORF,VA,AEA,EN,Towers with Radar,0,1,14,0,15,95,139,79,3,316,95,140,93,3,331,0,0,0,331
06/14/2000,ORF,VA,AEA,EN,Towers with Radar,0,1,14,0,15,92,109,92,3,296,92,110,106,3,311,0,0,0,311
06/15/2000,ORF,VA,AEA,EN,Towers with Radar,0,2,73,2,77,95,111,80,2,288,95,113,153,4,365,0,0,0,365
06/16/2000,ORF,VA,AEA,EN,Towers with Radar,0,2,79,2,83,107,128,53,11,299,107,130,132,13,382,0,0,0,382
06/17/2000,ORF,VA,AEA,EN,Towers with Radar,0,2,78,2,82,87,91,48,3,229,87,93,126,5,311,0,0,0,311
06/18/2000,ORF,VA,AEA,EN,Towers with Radar,0,1,47,0,48,93,74,47,0,214,93,75,94,0,262,0,0,0,262
06/19/2000,ORF,VA,AEA,EN,Towers with Radar,0,0,23,1,24,101,108,51,0,260,101,108,74,1,284,0,0,0,284
06/20/2000,ORF,VA,AEA,EN,Towers with Radar,0,1,63,2,66,103,126,80,0,309,103,127,143,2,375,0,0,0,375
06/21/2000,ORF,VA,AEA,EN,Towers with Radar,0,1,63,2,66,110,136,65,4,315,110,137,128,6,381,0,0,0,381
06/22/2000,ORF,VA,AEA,EN,Towers with Radar,0,0,26,1,27,121,140,64,2,327,121,140,90,3,354,0,0,0,354
06/23/2000,ORF,VA,AEA,EN,Towers with Radar,0,2,91,1,94,134,142,95,0,371,134,144,186,1,465,0,0,0,465
06/24/2000,ORF,VA,AEA,EN,Towers with Radar,0,1,73,1,75,9289,91,50,0,9430,9289,92,123,1,9505,0,0,0,9505
06/25/2000,ORF,VA,AEA,EN,Towers with Radar,0,1,63,2,66,89,75,62,0,226,89,76,125,2,292,0,0,0,292
06/26/2000,ORF,VA,AEA,EN,Towers with Radar,0,1,60,0,61,93,111,61,0,265,93,112,121,0,326,0,0,0,326
06/27/2000,ORF,VA,AEA,EN,Towers with Radar,0,1,61,1,63,95,112,59,0,266,95,113,120,1,329,0,0,0,329
06/28/2000,ORF,VA,AEA,EN,Towers with Radar,0,0,15,1,16,100,136,84,0,320,100,136,99,1,336,20,5,25,361
06/29/2000,ORF,VA,AEA,EN,Towers with Radar,0,0,26,1,27,97,129,86,4,316,97,129,112,5,343,4,15,19,362
06/30/2000,ORF,VA,AEA,EN,Towers with Radar,0,2,99,2,103,105,128,93,0,326,105,130,192,2,429,36,30,66,495
07/01/2000,ORF,VA,AEA,EN,Towers with Radar,84,99,25,0,208,0,0,101,1,102,84,99,126,1,310,42,0,42,352
07/02/2000,ORF,VA,AEA,EN,Towers with Radar,59,64,34,0,157,27,11,102,1,141,86,75,136,1,298,35,5,40,338
07/03/2000,ORF,VA,AEA,EN,Towers with Radar,82,94,29,0,205,0,2,80,0,82,82,96,109,0,287,42,6,48,335
07/04/2000,ORF,VA,AEA,EN,Towers with Radar,84,81,24,0,189,0,0,53,0,53,84,81,77,0,242,13,0,13,255
07/05/2000,ORF,VA,AEA,EN,Towers with Radar,86,122,79,1,288,0,1,62,0,63,86,123,141,1,351,28,7,35,386
07/06/2000,ORF,VA,AEA,EN,Towers with Radar,101,120,66,1,288,0,0,68,0,68,101,120,134,1,356,18,22,40,396
07/07/2000,ORF,VA,AEA,EN,Towers with Radar,102,119,46,1,268,0,2,83,0,85,102,121,129,1,353,9,46,55,408
07/08/2000,ORF,VA,AEA,EN,Towers with Radar,83,95,40,0,218,0,1,95,1,97,83,96,135,1,315,14,14,28,343
07/09/2000,ORF,VA,AEA,EN,Towers with Radar,91,80,37,2,210,0,1,61,1,63,91,81,98,3,273,11,6,17,290
07/10/2000,ORF,VA,AEA,EN,Towers with Radar,91,108,48,0,247,1,0,54,4,59,92,108,102,4,306,28,28,56,362
07/11/2000,ORF,VA,AEA,EN,Towers with Radar,99,122,69,0,290,0,0,39,4,43,99,122,108,4,333,38,36,74,407
07/12/2000,ORF,VA,AEA,EN,Towers with Radar,90,100,62,0,252,0,4,63,3,70,90,104,125,3,322,17,5,22,344
07/13/2000,ORF,VA,AEA,EN,Towers with Radar,100,116,75,0,291,0,1,77,6,84,100,117,152,6,375,44,40,84,459
07/14/2000,ORF,VA,AEA,EN,Towers with Radar,98,105,83,3,289,0,2,50,2,54,98,107,133,5,343,15,27,42,385
07/15/2000,ORF,VA,AEA,EN,Towers with Radar,98,87,55,2,242,0,0,7,0,7,98,87,62,2,249,4,8,12,261
07/16/2000,ORF,VA,AEA,EN,Towers with Radar,90,75,40,2,207,0,0,27,0,27,90,75,67,2,234,27,12,39,273
07/17/2000,ORF,VA,AEA,EN,Towers with Radar,96,111,48,5,260,0,5,65,2,72,96,116,113,7,332,43,13,56,388
07/18/2000,ORF,VA,AEA,EN,Towers with Radar,96,107,60,1,264,0,0,57,1,58,96,107,117,2,322,29,12,41,363
07/19/2000,ORF,VA,AEA,EN,Towers with Radar,98,123,87,2,310,0,1,56,1,58,98,124,143,3,368,14,7,21,389
07/20/2000,ORF,VA,AEA,EN,Towers with Radar,94,114,83,1,292,1,2,40,2,45,95,116,123,3,337,11,13,24,361
07/21/2000,ORF,VA,AEA,EN,Towers with Radar,101,127,82,4,314,0,1,75,2,78,101,128,157,6,392,19,20,39,431
07/22/2000,ORF,VA,AEA,EN,Towers with Radar,66,74,40,0,180,16,13,58,0,87,82,87,98,0,267,2,3,5,272
07/23/2000,ORF,VA,AEA,EN,Towers with Radar,95,80,52,0,227,0,0,63,2,65,95,80,115,2,292,6,0,6,298
07/24/2000,ORF,VA,AEA,EN,Towers with Radar,92,102,56,0,250,6,5,10,0,21,98,107,66,0,271,0,0,0,271
07/25/2000,ORF,VA,AEA,EN,Towers with Radar,101,119,70,0,290,0,0,0,0,0,101,119,70,0,290,2,13,15,305
07/26/2000,ORF,VA,AEA,EN,Towers with Radar,95,113,80,3,291,0,3,18,0,21,95,116,98,3,312,41,46,87,399
07/27/2000,ORF,VA,AEA,EN,Towers with Radar,102,123,74,0,299,0,3,38,1,42,102,126,112,1,341,17,23,40,381
07/28/2000,ORF,VA,AEA,EN,Towers with Radar,94,103,69,1,267,0,2,48,0,50,94,105,117,1,317,20,24,44,361
07/29/2000,ORF,VA,AEA,EN,Towers with Radar,82,99,52,0,233,0,0,46,1,47,82,99,98,1,280,22,4,26,306
07/30/2000,ORF,VA,AEA,EN,Towers with Radar,91,79,53,0,223,0,0,39,0,39,91,79,92,0,262,16,2,18,280
07/31/2000,ORF,VA,AEA,EN,Towers with Radar,89,99,55,0,243,0,9,15,1,25,89,108,70,1,268,26,21,47,315
08/01/2000,ORF,VA,AEA,EN,Towers with Radar,92,131,51,4,278,1,0,54,0,55,93,131,105,4,333,39,4,43,376
08/02/2000,ORF,VA,AEA,EN,Towers with Radar,101,130,69,1,301,1,2,52,3,58,102,132,121,4,359,28,15,43,402
08/03/2000,ORF,VA,AEA,EN,Towers with Radar,99,142,56,6,303,1,1,15,0,17,100,143,71,6,320,19,12,31,351
08/04/2000,ORF,VA,AEA,EN,Towers with Radar,102,131,75,0,308,1,0,10,0,11,103,131,85,0,319,13,16,29,348
08/05/2000,ORF,VA,AEA,EN,Towers with Radar,82,95,64,3,244,1,0,38,0,39,83,95,102,3,283,32,5,37,320
08/06/2000,ORF,VA,AEA,EN,Towers with Radar,85,83,37,6,211,1,0,58,0,59,86,83,95,6,270,32,4,36,306
08/07/2000,ORF,VA,AEA,EN,Towers with Radar,97,110,30,2,239,1,1,56,1,59,98,111,86,3,298,35,17,52,350
08/08/2000,ORF,VA,AEA,EN,Towers with Radar,105,134,71,2,312,0,0,38,1,39,105,134,109,3,351,25,22,47,398
08/09/2000,ORF,VA,AEA,EN,Towers with Radar,102,128,58,1,289,1,1,75,2,79,103,129,133,3,368,32,24,56,424
08/10/2000,ORF,VA,AEA,EN,Towers with Radar,99,136,71,1,307,1,2,55,0,58,100,138,126,1,365,34,23,57,422
08/11/2000,ORF,VA,AEA,EN,Towers with Radar,100,131,81,2,314,1,3,35,1,40,101,134,116,3,354,10,18,28,382
08/12/2000,ORF,VA,AEA,EN,Towers with Radar,85,83,58,1,227,1,0,29,4,34,86,83,87,5,261,2,0,2,263
08/13/2000,ORF,VA,AEA,EN,Towers with Radar,97,82,46,0,225,1,0,29,1,31,98,82,75,1,256,12,0,12,268
08/14/2000,ORF,VA,AEA,EN,Towers with Radar,91,119,55,2,267,2,15,22,6,45,93,134,77,8,312,0,0,0,312
08/15/2000,ORF,VA,AEA,EN,Towers with Radar,101,123,73,0,297,1,6,83,5,95,102,129,156,5,392,20,21,41,433
08/16/2000,ORF,VA,AEA,EN,Towers with Radar,100,131,55,0,286,1,2,58,1,62,101,133,113,1,348,33,33,66,414
08/17/2000,ORF,VA,AEA,EN,Towers with Radar,98,130,56,1,285,1,2,141,3,147,99,132,197,4,432,30,23,53,485
08/18/2000,ORF,VA,AEA,EN,Towers with Radar,100,128,55,7,290,1,2,26,2,31,101,130,81,9,321,0,6,6,327
08/19/2000,ORF,VA,AEA,EN,Towers with Radar,85,92,52,4,233,1,0,61,0,62,86,92,113,4,295,7,18,25,320
08/20/2000,ORF,VA,AEA,EN,Towers with Radar,93,91,34,4,222,1,0,57,0,58,94,91,91,4,280,0,0,0,280
08/21/2000,ORF,VA,AEA,EN,Towers with Radar,90,110,55,1,256,7,11,64,4,86,97,121,119,5,342,23,8,31,373
08/22/2000,ORF,VA,AEA,EN,Towers with Radar,99,123,46,1,269,1,6,59,3,69,100,129,105,4,338,22,24,46,384
08/23/2000,ORF,VA,AEA,EN,Towers with Radar,98,132,78,2,310,1,1,80,2,84,99,133,158,4,394,28,22,50,444
08/24/2000,ORF,VA,AEA,EN,Towers with Radar,94,128,59,1,282,1,1,44,3,49,95,129,103,4,331,38,29,67,398
08/25/2000,ORF,VA,AEA,EN,Towers with Radar,103,130,67,2,302,0,0,45,0,45,103,130,112,2,347,7,7,14,361
08/26/2000,ORF,VA,AEA,EN,Towers with Radar,66,79,39,0,184,17,19,98,0,134,83,98,137,0,318,8,3,11,329
08/27/2000,ORF,VA,AEA,EN,Towers with Radar,92,72,38,0,202,0,1,53,0,54,92,73,91,0,256,0,0,0,256
08/28/2000,ORF,VA,AEA,EN,Towers with Radar,95,113,57,1,266,0,0,41,2,43,95,113,98,3,309,10,4,14,323
08/29/2000,ORF,VA,AEA,EN,Towers with Radar,100,127,67,1,295,0,0,35,0,35,100,127,102,1,330,0,0,0,330
08/30/2000,ORF,VA,AEA,EN,Towers with Radar,100,126,67,0,293,1,0,7,1,9,101,126,74,1,302,1,6,7,309
08/31/2000,ORF,VA,AEA,EN,Towers with Radar,101,130,63,0,294,0,4,8,0,12,101,134,71,0,306,11,24,35,341
09/01/2000,ORF,VA,AEA,EN,Towers with Radar,102,140,78,0,320,2,1,16,0,19,104,141,94,0,339,0,0,0,339
09/02/2000,ORF,VA,AEA,EN,Towers with Radar,77,103,40,0,220,2,1,24,0,27,79,104,64,0,247,0,0,0,247
09/03/2000,ORF,VA,AEA,EN,Towers with Radar,41,55,28,0,124,36,12,1,0,49,77,67,29,0,173,0,0,0,173
09/04/2000,ORF,VA,AEA,EN,Towers with Radar,60,79,38,0,177,24,17,25,0,66,84,96,63,0,243,0,0,0,243
09/05/2000,ORF,VA,AEA,EN,Towers with Radar,90,124,60,9,283,2,1,2,1,6,92,125,62,10,289,0,0,0,289
09/06/2000,ORF,VA,AEA,EN,Towers with Radar,93,130,71,2,296,2,2,23,1,28,95,132,94,3,324,0,0,0,324
09/07/2000,ORF,VA,AEA,EN,Towers with Radar,95,137,68,2,302,0,0,66,1,67,95,137,134,3,369,0,0,0,369
09/08/2000,ORF,VA,AEA,EN,Towers with Radar,97,140,69,2,308,0,0,75,2,77,97,140,144,4,385,37,21,58,443
09/09/2000,ORF,VA,AEA,EN,Towers with Radar,82,91,33,1,207,2,1,77,0,80,84,92,110,1,287,0,0,0,287
09/10/2000,ORF,VA,AEA,EN,Towers with Radar,85,81,27,4,197,2,1,92,1,96,87,82,119,5,293,67,2,69,362
09/11/2000,ORF,VA,AEA,EN,Towers with Radar,76,96,27,0,199,3,2,45,1,51,79,98,72,1,250,43,23,66,316
09/12/2000,ORF,VA,AEA,EN,Towers with Radar,91,136,66,2,295,0,4,63,0,67,91,140,129,2,362,53,62,115,477
09/13/2000,ORF,VA,AEA,EN,Towers with Radar,98,134,73,1,306,0,0,26,0,26,98,134,99,1,332,27,20,47,379
09/14/2000,ORF,VA,AEA,EN,Towers with Radar,95,136,75,2,308,0,0,53,1,54,95,136,128,3,362,30,48,78,440
09/15/2000,ORF,VA,AEA,EN,Towers with Radar,102,135,72,2,311,0,0,36,0,36,102,135,108,2,347,0,0,0,347
09/16/2000,ORF,VA,AEA,EN,Towers with Radar,79,92,31,2,204,2,0,67,0,69,81,92,98,2,273,0,0,0,273
09/17/2000,ORF,VA,AEA,EN,Towers with Radar,88,84,34,0,206,2,0,86,2,90,90,84,120,2,296,14,1,15,311
09/18/2000,ORF,VA,AEA,EN,Towers with Radar,89,119,58,0,266,0,5,29,0,34,89,124,87,0,300,0,0,0,300
09/19/2000,ORF,VA,AEA,EN,Towers with Radar,97,119,63,1,280,3,0,18,4,25,100,119,81,5,305,13,11,24,329
09/20/2000,ORF,VA,AEA,EN,Towers with Radar,91,129,72,1,293,2,2,71,0,75,93,131,143,1,368,12,21,33,401
09/21/2000,ORF,VA,AEA,EN,Towers with Radar,96,130,76,3,305,2,0,46,1,49,98,130,122,4,354,17,38,55,409
09/22/2000,ORF,VA,AEA,EN,Towers with Radar,88,130,57,2,277,1,3,67,2,73,89,133,124,4,350,18,21,39,389
09/23/2000,ORF,VA,AEA,EN,Towers with Radar,82,95,33,4,214,1,1,1,1,4,83,96,34,5,218,2,0,2,220
09/24/2000,ORF,VA,AEA,EN,Towers with Radar,87,95,46,2,230,1,1,20,0,22,88,96,66,2,252,0,0,0,252
09/25/2000,ORF,VA,AEA,EN,Towers with Radar,89,129,58,1,277,0,11,0,3,14,89,140,58,4,291,4,0,4,295
09/26/2000,ORF,VA,AEA,EN,Towers with Radar,98,125,65,3,291,1,1,2,0,4,99,126,67,3,295,44,26,70,365
09/27/2000,ORF,VA,AEA,EN,Towers with Radar,94,138,82,3,317,1,2,74,1,78,95,140,156,4,395,0,0,0,395
09/28/2000,ORF,VA,AEA,EN,Towers with Radar,98,140,81,1,320,1,7,105,0,113,99,147,186,1,433,73,22,95,528
09/29/2000,ORF,VA,AEA,EN,Towers with Radar,96,149,84,0,329,1,2,53,1,57,97,151,137,1,386,18,26,44,430
09/30/2000,ORF,VA,AEA,EN,Towers with Radar,80,94,55,1,230,1,4,58,0,63,81,98,113,1,293,0,0,0,293
10/01/2000,ORF,VA,AEA,EN,Towers with Radar,97,90,96,3,286,3,1,44,0,48,100,91,140,3,334,20,5,25,359
10/02/2000,ORF,VA,AEA,EN,Towers with Radar,91,133,73,0,297,3,1,62,1,67,94,134,135,1,364,17,16,33,397
10/03/2000,ORF,VA,AEA,EN,Towers with Radar,100,129,66,1,296,0,7,75,3,85,100,136,141,4,381,26,25,51,432
10/04/2000,ORF,VA,AEA,EN,Towers with Radar,97,150,68,1,316,2,2,76,2,82,99,152,144,3,398,46,23,69,467
10/05/2000,ORF,VA,AEA,EN,Towers with Radar,99,122,97,0,318,2,1,74,3,80,101,123,171,3,398,44,32,76,474
10/06/2000,ORF,VA,AEA,EN,Towers with Radar,111,129,74,0,314,2,2,36,1,41,113,131,110,1,355,16,11,27,382
10/07/2000,ORF,VA,AEA,EN,Towers with Radar,82,91,44,0,217,2,1,66,3,72,84,92,110,3,289,24,13,37,326
10/08/2000,ORF,VA,AEA,EN,Towers with Radar,85,84,38,3,210,2,1,27,0,30,87,85,65,3,240,2,2,4,244
10/09/2000,ORF,VA,AEA,EN,Towers with Radar,94,112,32,0,238,2,1,44,0,47,96,113,76,0,285,41,12,53,338
10/10/2000,ORF,VA,AEA,EN,Towers with Radar,94,123,65,1,283,0,10,50,0,60,94,133,115,1,343,45,26,71,414
10/11/2000,ORF,VA,AEA,EN,Towers with Radar,97,128,69,1,295,2,2,77,2,83,99,130,146,3,378,81,23,104,482
10/12/2000,ORF,VA,AEA,EN,Towers with Radar,95,130,75,1,301,2,1,92,1,96,97,131,167,2,397,31,21,52,449
10/13/2000,ORF,VA,AEA,EN,Towers with Radar,101,131,71,0,303,2,3,81,2,88,103,134,152,2,391,9,19,28,419
10/14/2000,ORF,VA,AEA,EN,Towers with Radar,83,91,18,0,192,2,2,97,2,103,85,93,115,2,295,13,12,25,320
10/15/2000,ORF,VA,AEA,EN,Towers with Radar,86,92,34,0,212,2,2,79,0,83,88,94,113,0,295,74,19,93,388
10/16/2000,ORF,VA,AEA,EN,Towers with Radar,90,126,53,2,271,2,3,60,1,66,92,129,113,3,337,0,0,0,337
10/17/2000,ORF,VA,AEA,EN,Towers with Radar,98,125,83,1,307,0,0,4,0,4,98,125,87,1,311,0,0,0,311
10/18/2000,ORF,VA,AEA,EN,Towers with Radar,97,124,58,3,282,2,1,10,0,13,99,125,68,3,295,0,0,0,295
10/19/2000,ORF,VA,AEA,EN,Towers with Radar,98,136,71,1,306,0,0,84,0,84,98,136,155,1,390,0,0,0,390
10/20/2000,ORF,VA,AEA,EN,Towers with Radar,95,141,61,0,297,2,1,82,3,88,97,142,143,3,385,0,0,0,385
10/21/2000,ORF,VA,AEA,EN,Towers with Radar,83,87,37,0,207,2,3,58,0,63,85,90,95,0,270,0,0,0,270
10/22/2000,ORF,VA,AEA,EN,Towers with Radar,85,90,40,0,215,2,1,67,0,70,87,91,107,0,285,0,0,0,285
10/23/2000,ORF,VA,AEA,EN,Towers with Radar,93,116,66,0,275,2,1,48,0,51,95,117,114,0,326,0,0,0,326
10/24/2000,ORF,VA,AEA,EN,Towers with Radar,76,104,65,1,246,2,3,58,4,67,78,107,123,5,313,0,0,0,313
10/25/2000,ORF,VA,AEA,EN,Towers with Radar,115,150,81,1,347,0,0,45,2,47,115,150,126,3,394,0,0,0,394
10/26/2000,ORF,VA,AEA,EN,Towers with Radar,104,139,82,3,328,2,4,37,2,45,106,143,119,5,373,0,0,0,373
10/27/2000,ORF,VA,AEA,EN,Towers with Radar,98,133,82,1,314,2,3,35,1,41,100,136,117,2,355,0,0,0,355
10/28/2000,ORF,VA,AEA,EN,Towers with Radar,88,90,56,2,236,2,8,40,1,51,90,98,96,3,287,0,0,0,287
10/29/2000,ORF,VA,AEA,EN,Towers with Radar,82,82,33,2,199,2,1,62,0,65,84,83,95,2,264,0,0,0,264
10/30/2000,ORF,VA,AEA,EN,Towers with Radar,94,122,68,2,286,2,3,49,1,55,96,125,117,3,341,0,0,0,341
10/31/2000,ORF,VA,AEA,EN,Towers with Radar,94,124,47,1,266,2,3,61,1,67,96,127,108,2,333,0,0,0,333
11/01/2000,ORF,VA,AEA,EN,Towers with Radar,97,136,87,1,321,2,1,91,0,94,99,137,178,1,415,0,0,0,415
11/02/2000,ORF,VA,AEA,EN,Towers with Radar,91,131,92,0,314,2,1,78,0,81,93,132,170,0,395,0,0,0,395
11/03/2000,ORF,VA,AEA,EN,Towers with Radar,94,134,73,1,302,3,1,99,1,104,97,135,172,2,406,16,26,42,448
11/04/2000,ORF,VA,AEA,EN,Towers with Radar,84,93,62,0,239,2,1,182,0,185,86,94,244,0,424,26,4,30,454
11/05/2000,ORF,VA,AEA,EN,Towers with Radar,86,86,65,1,238,2,1,109,0,112,88,87,174,1,350,18,1,19,369
11/06/2000,ORF,VA,AEA,EN,Towers with Radar,82,117,60,2,261,2,2,56,1,61,84,119,116,3,322,58,11,69,391
11/07/2000,ORF,VA,AEA,EN,Towers with Radar,95,124,66,2,287,2,0,62,1,65,97,124,128,3,352,15,21,36,388
11/08/2000,ORF,VA,AEA,EN,Towers with Radar,90,128,86,3,307,2,1,50,1,54,92,129,136,4,361,32,17,49,410
11/09/2000,ORF,VA,AEA,EN,Towers with Radar,98,129,72,2,301,0,14,52,0,66,98,143,124,2,367,18,12,30,397
11/10/2000,ORF,VA,AEA,EN,Towers with Radar,95,135,58,3,291,2,3,47,2,54,97,138,105,5,345,17,15,32,377
11/11/2000,ORF,VA,AEA,EN,Towers with Radar,80,89,27,0,196,1,6,45,1,53,81,95,72,1,249,27,9,36,285
11/12/2000,ORF,VA,AEA,EN,Towers with Radar,82,89,63,0,234,1,1,30,0,32,83,90,93,0,266,3,0,3,269
11/13/2000,ORF,VA,AEA,EN,Towers with Radar,90,114,57,2,263,1,2,50,3,56,91,116,107,5,319,30,26,56,375
11/14/2000,ORF,VA,AEA,EN,Towers with Radar,89,126,74,0,289,1,1,5,0,7,90,127,79,0,296,0,0,0,296
11/15/2000,ORF,VA,AEA,EN,Towers with Radar,94,146,86,2,328,0,0,82,0,82,94,146,168,2,410,25,46,71,481
11/16/2000,ORF,VA,AEA,EN,Towers with Radar,96,127,84,1,308,0,0,50,0,50,96,127,134,1,358,10,19,29,387
11/17/2000,ORF,VA,AEA,EN,Towers with Radar,100,121,71,4,296,1,2,29,0,32,101,123,100,4,328,15,17,32,360
11/18/2000,ORF,VA,AEA,EN,Towers with Radar,89,99,38,0,226,1,1,84,0,86,90,100,122,0,312,39,12,51,363
11/19/2000,ORF,VA,AEA,EN,Towers with Radar,90,83,35,0,208,1,1,13,0,15,91,84,48,0,223,1,6,7,230
11/20/2000,ORF,VA,AEA,EN,Towers with Radar,98,123,70,1,292,1,2,29,4,36,99,125,99,5,328,15,17,32,360
11/21/2000,ORF,VA,AEA,EN,Towers with Radar,88,129,75,4,296,1,4,57,6,68,89,133,132,10,364,35,27,62,426
11/22/2000,ORF,VA,AEA,EN,Towers with Radar,114,143,66,2,325,1,3,78,0,82,115,146,144,2,407,34,0,34,441
11/23/2000,ORF,VA,AEA,EN,Towers with Radar,79,90,26,0,195,1,1,43,0,45,80,91,69,0,240,4,8,12,252
11/24/2000,ORF,VA,AEA,EN,Towers with Radar,68,83,51,0,202,1,1,84,0,86,69,84,135,0,288,19,13,32,320
11/25/2000,ORF,VA,AEA,EN,Towers with Radar,88,89,31,3,211,1,1,7,0,9,89,90,38,3,220,0,0,0,220
11/26/2000,ORF,VA,AEA,EN,Towers with Radar,78,98,56,1,233,12,2,30,2,46,90,100,86,3,279,0,4,4,283
11/27/2000,ORF,VA,AEA,EN,Towers with Radar,100,121,82,3,306,1,4,65,1,71,101,125,147,4,377,30,13,43,420
11/28/2000,ORF,VA,AEA,EN,Towers with Radar,98,128,71,10,307,1,1,79,2,83,99,129,150,12,390,58,28,86,476
11/29/2000,ORF,VA,AEA,EN,Towers with Radar,88,127,77,3,295,1,8,53,0,62,89,135,130,3,357,24,28,52,409
11/30/2000,ORF,VA,AEA,EN,Towers with Radar,104,127,74,2,307,7,0,29,1,37,111,127,103,3,344,36,40,76,420
12/01/2000,ORF,VA,AEA,EN,Towers with Radar,95,137,65,1,298,2,2,46,1,51,97,139,111,2,349,5,19,24,373
12/02/2000,ORF,VA,AEA,EN,Towers with Radar,80,95,37,2,214,2,2,43,0,47,82,97,80,2,261,7,6,13,274
12/03/2000,ORF,VA,AEA,EN,Towers with Radar,53,61,25,1,140,25,26,0,2,53,78,87,25,3,193,0,0,0,193
12/04/2000,ORF,VA,AEA,EN,Towers with Radar,94,126,48,1,269,2,1,28,0,31,96,127,76,1,300,29,28,57,357
12/05/2000,ORF,VA,AEA,EN,Towers with Radar,104,125,71,3,303,0,0,59,8,67,104,125,130,11,370,9,48,57,427
12/06/2000,ORF,VA,AEA,EN,Towers with Radar,101,121,63,0,285,2,2,49,2,55,103,123,112,2,340,13,29,42,382
12/07/2000,ORF,VA,AEA,EN,Towers with Radar,105,119,55,6,285,2,1,65,4,72,107,120,120,10,357,48,46,94,451
12/08/2000,ORF,VA,AEA,EN,Towers with Radar,103,124,66,3,296,2,1,57,1,61,105,125,123,4,357,20,25,45,402
12/09/2000,ORF,VA,AEA,EN,Towers with Radar,84,87,33,1,205,2,1,68,0,71,86,88,101,1,276,3,3,6,282
12/10/2000,ORF,VA,AEA,EN,Towers with Radar,85,81,47,2,215,2,1,2,0,5,87,82,49,2,220,0,0,0,220
12/11/2000,ORF,VA,AEA,EN,Towers with Radar,84,114,73,12,283,2,1,0,0,3,86,115,73,12,286,0,0,0,286
12/12/2000,ORF,VA,AEA,EN,Towers with Radar,94,122,60,2,278,0,0,29,3,32,94,122,89,5,310,21,11,32,342
12/13/2000,ORF,VA,AEA,EN,Towers with Radar,85,125,78,1,289,2,4,38,1,45,87,129,116,2,334,31,14,45,379
12/14/2000,ORF,VA,AEA,EN,Towers with Radar,101,120,55,1,277,2,2,2,2,8,103,122,57,3,285,4,8,12,297
12/15/2000,ORF,VA,AEA,EN,Towers with Radar,105,146,73,2,326,0,0,61,0,61,105,146,134,2,387,14,19,33,420
12/16/2000,ORF,VA,AEA,EN,Towers with Radar,48,56,21,0,125,35,11,0,1,47,83,67,21,1,172,0,0,0,172
12/17/2000,ORF,VA,AEA,EN,Towers with Radar,86,63,27,1,177,2,1,4,0,7,88,64,31,1,184,0,0,0,184
12/18/2000,ORF,VA,AEA,EN,Towers with Radar,98,112,70,1,281,2,7,58,1,68,100,119,128,2,349,27,27,54,403
12/19/2000,ORF,VA,AEA,EN,Towers with Radar,92,110,62,2,266,2,1,33,2,38,94,111,95,4,304,25,24,49,353
12/20/2000,ORF,VA,AEA,EN,Towers with Radar,105,120,74,0,299,2,1,36,0,39,107,121,110,0,338,12,16,28,366
12/21/2000,ORF,VA,AEA,EN,Towers with Radar,104,122,66,1,293,0,0,92,0,92,104,122,158,1,385,24,15,39,424
12/22/2000,ORF,VA,AEA,EN,Towers with Radar,104,115,56,3,278,1,3,31,1,36,105,118,87,4,314,8,6,14,328
12/23/2000,ORF,VA,AEA,EN,Towers with Radar,89,88,30,0,207,1,2,50,0,53,90,90,80,0,260,14,0,14,274
12/24/2000,ORF,VA,AEA,EN,Towers with Radar,71,60,25,0,156,1,2,29,0,32,72,62,54,0,188,0,0,0,188
12/25/2000,ORF,VA,AEA,EN,Towers with Radar,70,72,2,0,144,1,2,14,0,17,71,74,16,0,161,0,0,0,161
12/26/2000,ORF,VA,AEA,EN,Towers with Radar,85,107,52,0,244,1,5,48,0,54,86,112,100,0,298,22,0,22,320
12/27/2000,ORF,VA,AEA,EN,Towers with Radar,96,109,56,0,261,0,0,52,0,52,96,109,108,0,313,26,12,38,351
12/28/2000,ORF,VA,AEA,EN,Towers with Radar,93,120,31,1,245,1,3,21,1,26,94,123,52,2,271,15,23,38,309
12/29/2000,ORF,VA,AEA,EN,Towers with Radar,99,115,38,0,252,1,2,31,0,34,100,117,69,0,286,65,3,68,354
12/30/2000,ORF,VA,AEA,EN,Towers with Radar,81,71,28,1,181,1,2,6,0,9,82,73,34,1,190,0,0,0,190
12/31/2000,ORF,VA,AEA,EN,Towers with Radar,67,58,29,0,154,1,2,24,0,27,68,60,53,0,181,0,0,0,181
01/01/2001,ORF,VA,AEA,EN,Towers with Radar,48,55,28,0,131,35,20,51,0,106,83,75,79,0,237,0,0,0,237
01/02/2001,ORF,VA,AEA,EN,Towers with Radar,91,112,47,2,252,0,2,39,0,41,91,114,86,2,293,0,0,0,293
01/03/2001,ORF,VA,AEA,EN,Towers with Radar,102,118,61,2,283,0,1,49,0,50,102,119,110,2,333,16,9,25,358
01/04/2001,ORF,VA,AEA,EN,Towers with Radar,96,113,57,1,267,0,1,34,0,35,96,114,91,1,302,13,22,35,337
01/05/2001,ORF,VA,AEA,EN,Towers with Radar,101,106,50,5,262,0,0,26,0,26,101,106,76,5,288,12,11,23,311
01/06/2001,ORF,VA,AEA,EN,Towers with Radar,81,96,44,4,225,0,0,48,1,49,81,96,92,5,274,18,6,24,298
01/07/2001,ORF,VA,AEA,EN,Towers with Radar,84,83,39,2,208,0,0,50,0,50,84,83,89,2,258,59,0,59,317
01/08/2001,ORF,VA,AEA,EN,Towers with Radar,87,104,46,4,241,0,0,3,0,3,87,104,49,4,244,4,0,4,248
01/09/2001,ORF,VA,AEA,EN,Towers with Radar,95,122,74,1,292,0,3,39,0,42,95,125,113,1,334,33,6,39,373
01/10/2001,ORF,VA,AEA,EN,Towers with Radar,95,118,53,3,269,0,0,71,0,71,95,118,124,3,340,39,23,62,402
01/11/2001,ORF,VA,AEA,EN,Towers with Radar,93,125,68,4,290,0,0,43,0,43,93,125,111,4,333,19,15,34,367
01/12/2001,ORF,VA,AEA,EN,Towers with Radar,93,128,82,4,307,0,1,34,2,37,93,129,116,6,344,18,14,32,376
01/13/2001,ORF,VA,AEA,EN,Towers with Radar,83,81,40,0,204,0,0,62,0,62,83,81,102,0,266,21,0,21,287
01/14/2001,ORF,VA,AEA,EN,Towers with Radar,81,84,50,0,215,0,0,29,0,29,81,84,79,0,244,11,4,15,259
01/15/2001,ORF,VA,AEA,EN,Towers with Radar,62,73,37,0,172,25,38,20,0,83,87,111,57,0,255,13,1,14,269
01/16/2001,ORF,VA,AEA,EN,Towers with Radar,100,128,70,2,300,0,0,38,0,38,100,128,108,2,338,20,26,46,384
01/17/2001,ORF,VA,AEA,EN,Towers with Radar,93,119,60,2,274,0,0,37,2,39,93,119,97,4,313,0,0,0,313
01/18/2001,ORF,VA,AEA,EN,Towers with Radar,90,105,53,5,253,0,0,3,0,3,90,105,56,5,256,2,9,11,267
01/19/2001,ORF,VA,AEA,EN,Towers with Radar,78,92,46,2,218,11,4,8,0,23,89,96,54,2,241,1,4,5,246
01/20/2001,ORF,VA,AEA,EN,Towers with Radar,78,73,19,0,170,0,0,1,0,1,78,73,20,0,171,0,0,0,171
01/21/2001,ORF,VA,AEA,EN,Towers with Radar,77,77,41,2,197,0,0,39,0,39,77,77,80,2,236,15,4,19,255
01/22/2001,ORF,VA,AEA,EN,Towers with Radar,90,112,64,2,268,0,0,48,3,51,90,112,112,5,319,30,27,57,376
01/23/2001,ORF,VA,AEA,EN,Towers with Radar,92,121,79,4,296,0,2,61,0,63,92,123,140,4,359,43,22,65,424
01/24/2001,ORF,VA,AEA,EN,Towers with Radar,93,113,73,3,282,0,0,66,7,73,93,113,139,10,355,28,29,57,412
01/25/2001,ORF,VA,AEA,EN,Towers with Radar,89,129,63,2,283,0,0,26,3,29,89,129,89,5,312,15,16,31,343
01/26/2001,ORF,VA,AEA,EN,Towers with Radar,94,115,60,1,270,0,0,60,0,60,94,115,120,1,330,14,10,24,354
01/27/2001,ORF,VA,AEA,EN,Towers with Radar,82,89,51,2,224,0,0,22,0,22,82,89,73,2,246,0,0,0,246
01/28/2001,ORF,VA,AEA,EN,Towers with Radar,81,87,47,4,219,0,0,67,0,67,81,87,114,4,286,23,0,23,309
01/29/2001,ORF,VA,AEA,EN,Towers with Radar,84,125,41,2,252,0,0,53,0,53,84,125,94,2,305,20,13,33,338
01/30/2001,ORF,VA,AEA,EN,Towers with Radar,95,113,52,1,261,0,0,15,2,17,95,113,67,3,278,0,0,0,278
01/31/2001,ORF,VA,AEA,EN,Towers with Radar,94,123,70,1,288,0,0,35,0,35,94,123,105,1,323,17,30,47,370
02/01/2001,ORF,VA,AEA,EN,Towers with Radar,94,124,71,1,290,0,0,42,0,42,94,124,113,1,332,41,14,55,387
02/02/2001,ORF,VA,AEA,EN,Towers with Radar,92,125,56,3,276,2,0,42,0,44,94,125,98,3,320,10,8,18,338
02/03/2001,ORF,VA,AEA,EN,Towers with Radar,79,90,39,1,209,2,0,59,0,61,81,90,98,1,270,52,5,57,327
02/04/2001,ORF,VA,AEA,EN,Towers with Radar,73,88,24,1,186,2,0,39,0,41,75,88,63,1,227,0,0,0,227
02/05/2001,ORF,VA,AEA,EN,Towers with Radar,82,103,47,2,234,2,1,13,2,18,84,104,60,4,252,15,18,33,285
02/06/2001,ORF,VA,AEA,EN,Towers with Radar,90,115,60,5,270,2,1,51,0,54,92,116,111,5,324,27,14,41,365
02/07/2001,ORF,VA,AEA,EN,Towers with Radar,87,110,57,1,255,2,0,75,0,77,89,110,132,1,332,23,18,41,373
02/08/2001,ORF,VA,AEA,EN,Towers with Radar,90,120,66,4,280,2,3,63,0,68,92,123,129,4,348,30,34,64,412
02/09/2001,ORF,VA,AEA,EN,Towers with Radar,90,119,77,4,290,2,0,43,2,47,92,119,120,6,337,31,22,53,390
02/10/2001,ORF,VA,AEA,EN,Towers with Radar,77,78,22,1,178,2,0,21,0,23,79,78,43,1,201,6,2,8,209
02/11/2001,ORF,VA,AEA,EN,Towers with Radar,80,83,30,1,194,2,0,68,0,70,82,83,98,1,264,4,2,6,270
02/12/2001,ORF,VA,AEA,EN,Towers with Radar,84,105,47,2,238,0,6,0,0,6,84,111,47,2,244,14,21,35,279
02/13/2001,ORF,VA,AEA,EN,Towers with Radar,94,121,61,0,276,0,6,13,0,19,94,127,74,0,295,0,0,0,295
02/14/2001,ORF,VA,AEA,EN,Towers with Radar,93,116,69,18,296,1,0,2,0,3,94,116,71,18,299,0,7,7,306
02/15/2001,ORF,VA,AEA,EN,Towers with Radar,93,129,78,1,301,1,0,7,0,8,94,129,85,1,309,7,14,21,330
02/16/2001,ORF,VA,AEA,EN,Towers with Radar,91,113,57,1,262,2,16,16,0,34,93,129,73,1,296,0,0,0,296
02/17/2001,ORF,VA,AEA,EN,Towers with Radar,77,78,31,1,187,1,1,8,0,10,78,79,39,1,197,0,3,3,200
02/18/2001,ORF,VA,AEA,EN,Towers with Radar,76,89,46,0,211,1,0,63,0,64,77,89,109,0,275,29,2,31,306
02/19/2001,ORF,VA,AEA,EN,Towers with Radar,85,109,79,1,274,1,0,69,0,70,86,109,148,1,344,20,8,28,372
02/20/2001,ORF,VA,AEA,EN,Towers with Radar,90,125,64,2,281,1,0,54,2,57,91,125,118,4,338,0,0,0,338
02/21/2001,ORF,VA,AEA,EN,Towers with Radar,92,122,65,3,282,0,0,41,2,43,92,122,106,5,325,32,19,51,376
02/22/2001,ORF,VA,AEA,EN,Towers with Radar,87,78,48,4,217,1,0,8,0,9,88,78,56,4,226,1,7,8,234
02/23/2001,ORF,VA,AEA,EN,Towers with Radar,91,126,66,0,283,1,1,56,3,61,92,127,122,3,344,0,0,0,344
02/24/2001,ORF,VA,AEA,EN,Towers with Radar,71,83,50,0,204,1,0,56,2,59,72,83,106,2,263,11,11,22,285
02/25/2001,ORF,VA,AEA,EN,Towers with Radar,88,75,37,1,201,1,0,11,1,13,89,75,48,2,214,4,0,4,218
02/26/2001,ORF,VA,AEA,EN,Towers with Radar,84,105,53,5,247,1,0,37,1,39,85,105,90,6,286,41,23,64,350
02/27/2001,ORF,VA,AEA,EN,Towers with Radar,90,124,72,7,293,1,2,72,5,80,91,126,144,12,373,0,0,0,373
02/28/2001,ORF,VA,AEA,EN,Towers with Radar,91,118,58,2,269,1,2,16,2,21,92,120,74,4,290,16,22,38,328
03/01/2001,ORF,VA,AEA,EN,Towers with Radar,90,123,67,4,284,0,0,41,1,42,90,123,108,5,326,46,19,65,391
03/02/2001,ORF,VA,AEA,EN,Towers with Radar,96,126,61,2,285,0,0,34,0,34,96,126,95,2,319,0,0,0,319
03/03/2001,ORF,VA,AEA,EN,Towers with Radar,80,87,46,1,214,0,0,58,0,58,80,87,104,1,272,0,0,0,272
03/04/2001,ORF,VA,AEA,EN,Towers with Radar,80,79,38,1,198,0,0,2,0,2,80,79,40,1,200,0,0,0,200
03/05/2001,ORF,VA,AEA,EN,Towers with Radar,87,92,29,2,210,0,0,4,0,4,87,92,33,2,214,0,0,0,214
03/06/2001,ORF,VA,AEA,EN,Towers with Radar,87,110,41,5,243,0,0,6,0,6,87,110,47,5,249,0,0,0,249
03/07/2001,ORF,VA,AEA,EN,Towers with Radar,91,115,58,1,265,0,0,30,0,30,91,115,88,1,295,0,0,0,295
03/08/2001,ORF,VA,AEA,EN,Towers with Radar,96,119,71,3,289,0,0,89,0,89,96,119,160,3,378,0,0,0,378
03/09/2001,ORF,VA,AEA,EN,Towers with Radar,93,123,59,3,278,0,0,45,0,45,93,123,104,3,323,0,0,0,323
03/10/2001,ORF,VA,AEA,EN,Towers with Radar,77,90,48,1,216,0,0,62,0,62,77,90,110,1,278,8,4,12,290
03/11/2001,ORF,VA,AEA,EN,Towers with Radar,66,82,37,0,185,14,12,77,0,103,80,94,114,0,288,6,0,6,294
03/12/2001,ORF,VA,AEA,EN,Towers with Radar,89,111,62,1,263,0,0,27,0,27,89,111,89,1,290,16,19,35,325
03/13/2001,ORF,VA,AEA,EN,Towers with Radar,88,133,52,1,274,0,0,20,0,20,88,133,72,1,294,16,15,31,325
03/14/2001,ORF,VA,AEA,EN,Towers with Radar,93,113,60,3,269,0,0,62,0,62,93,113,122,3,331,47,31,78,409
03/15/2001,ORF,VA,AEA,EN,Towers with Radar,92,121,55,5,273,0,0,7,0,7,92,121,62,5,280,0,3,3,283
03/16/2001,ORF,VA,AEA,EN,Towers with Radar,91,132,81,0,304,0,0,26,0,26,91,132,107,0,330,6,14,20,350
03/17/2001,ORF,VA,AEA,EN,Towers with Radar,77,85,42,0,204,0,0,35,0,35,77,85,77,0,239,10,6,16,255
03/18/2001,ORF,VA,AEA,EN,Towers with Radar,66,82,37,1,186,15,5,64,0,84,81,87,101,1,270,28,2,30,300
03/19/2001,ORF,VA,AEA,EN,Towers with Radar,88,119,39,3,249,0,0,50,0,50,88,119,89,3,299,1,1,2,301
03/20/2001,ORF,VA,AEA,EN,Towers with Radar,83,112,46,8,249,0,0,20,0,20,83,112,66,8,269,15,25,40,309
03/21/2001,ORF,VA,AEA,EN,Towers with Radar,93,121,49,3,266,0,1,2,0,3,93,122,51,3,269,6,10,16,285
03/22/2001,ORF,VA,AEA,EN,Towers with Radar,93,123,65,2,283,0,0,19,0,19,93,123,84,2,302,29,14,43,345
03/23/2001,ORF,VA,AEA,EN,Towers with Radar,94,122,51,3,270,0,3,49,0,52,94,125,100,3,322,33,9,42,364
03/24/2001,ORF,VA,AEA,EN,Towers with Radar,97,111,39,0,247,0,0,67,0,67,97,111,106,0,314,53,20,73,387
03/25/2001,ORF,VA,AEA,EN,Towers with Radar,74,81,51,1,207,0,0,55,0,55,74,81,106,1,262,0,0,0,262
03/26/2001,ORF,VA,AEA,EN,Towers with Radar,87,111,35,14,247,0,0,18,0,18,87,111,53,14,265,0,0,0,265
03/27/2001,ORF,VA,AEA,EN,Towers with Radar,80,107,70,0,257,0,2,55,0,57,80,109,125,0,314,0,0,0,314
03/28/2001,ORF,VA,AEA,EN,Towers with Radar,79,117,60,2,258,0,2,58,0,60,79,119,118,2,318,0,0,0,318
03/29/2001,ORF,VA,AEA,EN,Towers with Radar,95,112,63,0,270,0,0,9,0,9,95,112,72,0,279,0,0,0,279
03/30/2001,ORF,VA,AEA,EN,Towers with Radar,94,121,72,5,292,0,5,19,0,24,94,126,91,5,316,0,0,0,316
03/31/2001,ORF,VA,AEA,EN,Towers with Radar,80,79,31,0,190,0,2,39,0,41,80,81,70,0,231,0,0,0,231
04/01/2001,ORF,VA,AEA,EN,Towers with Radar,55,66,39,1,161,24,22,11,0,57,79,88,50,1,218,0,0,0,218
04/02/2001,ORF,VA,AEA,EN,Towers with Radar,86,114,69,3,272,0,0,45,0,45,86,114,114,3,317,7,9,16,333
04/03/2001,ORF,VA,AEA,EN,Towers with Radar,91,113,57,7,268,0,0,33,0,33,91,113,90,7,301,7,13,20,321
04/04/2001,ORF,VA,AEA,EN,Towers with Radar,90,123,103,3,319,0,0,34,0,34,90,123,137,3,353,26,31,57,410
04/05/2001,ORF,VA,AEA,EN,Towers with Radar,91,117,57,2,267,0,0,60,1,61,91,117,117,3,328,46,41,87,415
04/06/2001,ORF,VA,AEA,EN,Towers with Radar,91,119,80,3,293,0,0,31,5,36,91,119,111,8,329,47,29,76,405
04/07/2001,ORF,VA,AEA,EN,Towers with Radar,79,79,56,1,215,0,0,22,2,24,79,79,78,3,239,0,0,0,239
04/08/2001,ORF,VA,AEA,EN,Towers with Radar,77,91,31,0,199,0,1,37,0,38,77,92,68,0,237,8,4,12,249
04/09/2001,ORF,VA,AEA,EN,Towers with Radar,91,109,63,5,268,0,0,46,1,47,91,109,109,6,315,62,39,101,416
04/10/2001,ORF,VA,AEA,EN,Towers with Radar,115,117,90,3,325,0,1,31,1,33,115,118,121,4,358,36,19,55,413
04/11/2001,ORF,VA,AEA,EN,Towers with Radar,92,123,101,4,320,0,0,3,0,3,92,123,104,4,323,18,11,29,352
04/12/2001,ORF,VA,AEA,EN,Towers with Radar,92,124,98,3,317,0,2,50,0,52,92,126,148,3,369,31,38,69,438
04/13/2001,ORF,VA,AEA,EN,Towers with Radar,94,122,59,1,276,0,0,34,0,34,94,122,93,1,310,0,0,0,310
04/14/2001,ORF,VA,AEA,EN,Towers with Radar,77,88,53,0,218,0,0,66,0,66,77,88,119,0,284,22,0,22,306
04/15/2001,ORF,VA,AEA,EN,Towers with Radar,77,78,44,1,200,0,0,32,1,33,77,78,76,2,233,20,3,23,256
04/16/2001,ORF,VA,AEA,EN,Towers with Radar,85,120,75,3,283,0,2,20,0,22,85,122,95,3,305,11,11,22,327
04/17/2001,ORF,VA,AEA,EN,Towers with Radar,91,118,74,3,286,0,0,7,0,7,91,118,81,3,293,6,17,23,316
04/18/2001,ORF,VA,AEA,EN,Towers with Radar,90,128,82,2,302,0,3,41,0,44,90,131,123,2,346,35,32,67,413
04/19/2001,ORF,VA,AEA,EN,Towers with Radar,97,121,66,3,287,0,0,53,1,54,97,121,119,4,341,14,31,45,386
04/20/2001,ORF,VA,AEA,EN,Towers with Radar,92,125,40,8,265,0,0,45,0,45,92,125,85,8,310,26,23,49,359
04/21/2001,ORF,VA,AEA,EN,Towers with Radar,59,73,42,1,175,16,5,46,2,69,75,78,88,3,244,22,1,23,267
04/22/2001,ORF,VA,AEA,EN,Towers with Radar,82,89,54,0,225,0,0,50,0,50,82,89,104,0,275,0,0,0,275
04/23/2001,ORF,VA,AEA,EN,Towers with Radar,84,111,51,2,248,1,0,59,0,60,85,111,110,2,308,17,11,28,336
04/24/2001,ORF,VA,AEA,EN,Towers with Radar,94,119,58,0,271,0,0,41,2,43,94,119,99,2,314,27,21,48,362
04/25/2001,ORF,VA,AEA,EN,Towers with Radar,92,122,72,2,288,0,0,11,0,11,92,122,83,2,299,22,11,33,332
04/26/2001,ORF,VA,AEA,EN,Towers with Radar,93,120,61,4,278,0,0,42,4,46,93,120,103,8,324,17,51,68,392
04/27/2001,ORF,VA,AEA,EN,Towers with Radar,90,112,64,2,268,5,6,89,5,105,95,118,153,7,373,20,54,74,447
04/28/2001,ORF,VA,AEA,EN,Towers with Radar,74,83,39,2,198,0,0,58,0,58,74,83,97,2,256,46,7,53,309
04/29/2001,ORF,VA,AEA,EN,Towers with Radar,83,85,42,6,216,0,0,57,1,58,83,85,99,7,274,15,41,56,330
04/30/2001,ORF,VA,AEA,EN,Towers with Radar,86,114,49,4,253,0,1,48,0,49,86,115,97,4,302,37,38,75,377
05/01/2001,ORF,VA,AEA,EN,Towers with Radar,90,121,64,3,278,2,3,57,0,62,92,124,121,3,340,0,0,0,340
05/02/2001,ORF,VA,AEA,EN,Towers with Radar,91,116,82,0,289,2,1,69,0,72,93,117,151,0,361,51,4,55,416
05/03/2001,ORF,VA,AEA,EN,Towers with Radar,89,118,64,0,271,2,1,50,0,53,91,119,114,0,324,52,6,58,382
05/04/2001,ORF,VA,AEA,EN,Towers with Radar,89,136,41,0,266,2,1,52,0,55,91,137,93,0,321,22,14,36,357
05/05/2001,ORF,VA,AEA,EN,Towers with Radar,76,74,25,1,176,2,7,38,0,47,78,81,63,1,223,7,11,18,241
05/06/2001,ORF,VA,AEA,EN,Towers with Radar,83,91,43,1,218,2,2,34,0,38,85,93,77,1,256,0,0,0,256
05/07/2001,ORF,VA,AEA,EN,Towers with Radar,83,114,54,3,254,1,2,36,0,39,84,116,90,3,293,78,17,95,388
05/08/2001,ORF,VA,AEA,EN,Towers with Radar,95,123,76,2,296,0,0,44,2,46,95,123,120,4,342,27,9,36,378
05/09/2001,ORF,VA,AEA,EN,Towers with Radar,91,122,80,0,293,1,7,46,0,54,92,129,126,0,347,32,24,56,403
05/10/2001,ORF,VA,AEA,EN,Towers with Radar,91,123,83,4,301,1,4,55,0,60,92,127,138,4,361,13,23,36,397
05/11/2001,ORF,VA,AEA,EN,Towers with Radar,95,124,60,2,281,1,2,55,0,58,96,126,115,2,339,34,22,56,395
05/12/2001,ORF,VA,AEA,EN,Towers with Radar,77,80,34,0,191,1,3,36,0,40,78,83,70,0,231,40,3,43,274
05/13/2001,ORF,VA,AEA,EN,Towers with Radar,83,87,27,1,198,1,3,45,0,49,84,90,72,1,247,21,6,27,274
05/14/2001,ORF,VA,AEA,EN,Towers with Radar,86,120,55,3,264,1,3,49,1,54,87,123,104,4,318,33,22,55,373
05/15/2001,ORF,VA,AEA,EN,Towers with Radar,62,101,58,1,222,2,2,31,1,36,64,103,89,2,258,0,0,0,258
05/16/2001,ORF,VA,AEA,EN,Towers with Radar,92,126,79,1,298,0,0,29,5,34,92,126,108,6,332,58,23,81,413
05/17/2001,ORF,VA,AEA,EN,Towers with Radar,91,126,98,2,317,1,1,32,0,34,92,127,130,2,351,69,13,82,433
05/18/2001,ORF,VA,AEA,EN,Towers with Radar,91,132,82,4,309,1,1,8,0,10,92,133,90,4,319,20,16,36,355
05/19/2001,ORF,VA,AEA,EN,Towers with Radar,75,101,64,2,242,1,1,3,0,5,76,102,67,2,247,11,3,14,261
05/20/2001,ORF,VA,AEA,EN,Towers with Radar,80,96,82,0,258,1,1,6,0,8,81,97,88,0,266,4,2,6,272
05/21/2001,ORF,VA,AEA,EN,Towers with Radar,86,120,59,0,265,1,1,4,0,6,87,121,63,0,271,21,4,25,296
05/22/2001,ORF,VA,AEA,EN,Towers with Radar,84,115,82,0,281,1,1,31,0,33,85,116,113,0,314,22,30,52,366
05/23/2001,ORF,VA,AEA,EN,Towers with Radar,92,124,102,1,319,1,3,46,1,51,93,127,148,2,370,51,28,79,449
05/24/2001,ORF,VA,AEA,EN,Towers with Radar,93,124,87,3,307,1,1,71,1,74,94,125,158,4,381,16,22,38,419
05/25/2001,ORF,VA,AEA,EN,Towers with Radar,94,122,66,0,282,1,2,43,0,46,95,124,109,0,328,15,8,23,351
05/26/2001,ORF,VA,AEA,EN,Towers with Radar,74,80,26,1,181,1,1,9,0,11,75,81,35,1,192,4,8,12,204
05/27/2001,ORF,VA,AEA,EN,Towers with Radar,74,75,49,0,198,1,1,26,0,28,75,76,75,0,226,35,20,55,281
05/28/2001,ORF,VA,AEA,EN,Towers with Radar,76,86,43,0,205,1,1,41,1,44,77,87,84,1,249,0,5,5,254
05/29/2001,ORF,VA,AEA,EN,Towers with Radar,87,119,75,1,282,0,0,48,0,48,87,119,123,1,330,16,12,28,358
05/30/2001,ORF,VA,AEA,EN,Towers with Radar,92,130,71,1,294,1,1,47,0,49,93,131,118,1,343,35,38,73,416
05/31/2001,ORF,VA,AEA,EN,Towers with Radar,89,125,76,5,295,1,1,71,0,73,90,126,147,5,368,31,36,67,435
06/01/2001,ORF,VA,AEA,EN,Towers with Radar,97,119,74,1,291,0,0,20,0,20,97,119,94,1,311,9,20,29,340
06/02/2001,ORF,VA,AEA,EN,Towers with Radar,81,85,53,1,220,0,0,25,0,25,81,85,78,1,245,7,8,15,260
06/03/2001,ORF,VA,AEA,EN,Towers with Radar,62,74,40,1,177,21,18,40,4,83,83,92,80,5,260,34,3,37,297
06/04/2001,ORF,VA,AEA,EN,Towers with Radar,126,165,99,4,394,0,0,43,6,49,126,165,142,10,443,16,18,34,477
06/05/2001,ORF,VA,AEA,EN,Towers with Radar,93,123,62,6,284,0,8,36,1,45,93,131,98,7,329,21,11,32,361
06/06/2001,ORF,VA,AEA,EN,Towers with Radar,88,128,81,1,298,0,2,32,1,35,88,130,113,2,333,22,23,45,378
06/07/2001,ORF,VA,AEA,EN,Towers with Radar,99,123,65,4,291,0,0,22,0,22,99,123,87,4,313,14,14,28,341
06/08/2001,ORF,VA,AEA,EN,Towers with Radar,95,124,82,2,303,0,0,40,5,45,95,124,122,7,348,20,19,39,387
06/09/2001,ORF,VA,AEA,EN,Towers with Radar,83,81,30,0,194,0,0,40,0,40,83,81,70,0,234,41,20,61,295
06/10/2001,ORF,VA,AEA,EN,Towers with Radar,84,88,35,2,209,0,1,58,0,59,84,89,93,2,268,4,2,6,274
06/11/2001,ORF,VA,AEA,EN,Towers with Radar,90,116,54,3,263,0,0,47,0,47,90,116,101,3,310,21,43,64,374
06/12/2001,ORF,VA,AEA,EN,Towers with Radar,97,117,67,0,281,0,0,77,0,77,97,117,144,0,358,26,21,47,405
06/13/2001,ORF,VA,AEA,EN,Towers with Radar,96,124,71,2,293,0,0,50,0,50,96,124,121,2,343,40,26,66,409
06/14/2001,ORF,VA,AEA,EN,Towers with Radar,93,112,63,0,268,0,0,11,0,11,93,112,74,0,279,24,32,56,335
06/15/2001,ORF,VA,AEA,EN,Towers with Radar,92,118,53,3,266,0,0,11,0,11,92,118,64,3,277,1,3,4,281
06/16/2001,ORF,VA,AEA,EN,Towers with Radar,83,79,19,5,186,0,0,1,0,1,83,79,20,5,187,0,0,0,187
06/17/2001,ORF,VA,AEA,EN,Towers with Radar,56,66,37,0,159,29,13,36,0,78,85,79,73,0,237,13,2,15,252
06/18/2001,ORF,VA,AEA,EN,Towers with Radar,92,116,65,3,276,0,1,68,6,75,92,117,133,9,351,36,48,84,435
06/19/2001,ORF,VA,AEA,EN,Towers with Radar,93,118,76,4,291,0,0,66,0,66,93,118,142,4,357,13,12,25,382
06/20/2001,ORF,VA,AEA,EN,Towers with Radar,96,117,75,4,292,0,4,72,2,78,96,121,147,6,370,25,26,51,421
06/21/2001,ORF,VA,AEA,EN,Towers with Radar,100,126,72,2,300,0,1,44,0,45,100,127,116,2,345,22,36,58,403
06/22/2001,ORF,VA,AEA,EN,Towers with Radar,95,110,61,4,270,0,0,27,1,28,95,110,88,5,298,22,2,24,322
06/23/2001,ORF,VA,AEA,EN,Towers with Radar,59,69,39,0,167,40,17,5,0,62,99,86,44,0,229,5,0,5,234
06/24/2001,ORF,VA,AEA,EN,Towers with Radar,88,86,65,1,240,0,0,32,0,32,88,86,97,1,272,0,0,0,272
06/25/2001,ORF,VA,AEA,EN,Towers with Radar,91,115,52,8,266,0,1,49,0,50,91,116,101,8,316,10,18,28,344
06/26/2001,ORF,VA,AEA,EN,Towers with Radar,94,120,62,0,276,0,1,72,0,73,94,121,134,0,349,11,21,32,381
06/27/2001,ORF,VA,AEA,EN,Towers with Radar,95,122,83,4,304,0,0,69,1,70,95,122,152,5,374,78,32,110,484
06/28/2001,ORF,VA,AEA,EN,Towers with Radar,78,95,52,2,227,0,6,32,2,40,78,101,84,4,267,0,0,0,267
06/29/2001,ORF,VA,AEA,EN,Towers with Radar,97,130,98,2,327,0,1,54,0,55,97,131,152,2,382,10,24,34,416
06/30/2001,ORF,VA,AEA,EN,Towers with Radar,84,91,52,0,227,0,0,26,0,26,84,91,78,0,253,31,22,53,306
07/01/2001,ORF,VA,AEA,EN,Towers with Radar,93,69,35,3,200,4,2,51,0,57,97,71,86,3,257,36,14,50,307
07/02/2001,ORF,VA,AEA,EN,Towers with Radar,84,103,57,3,247,7,2,25,0,34,91,105,82,3,281,16,35,51,332
07/03/2001,ORF,VA,AEA,EN,Towers with Radar,87,107,62,0,256,0,0,53,0,53,87,107,115,0,309,50,0,50,359
07/04/2001,ORF,VA,AEA,EN,Towers with Radar,80,86,42,0,208,4,1,16,0,21,84,87,58,0,229,30,2,32,261
07/05/2001,ORF,VA,AEA,EN,Towers with Radar,108,138,78,3,327,0,0,36,0,36,108,138,114,3,363,15,13,28,391
07/06/2001,ORF,VA,AEA,EN,Towers with Radar,90,113,61,2,266,4,3,71,0,78,94,116,132,2,344,26,19,45,389
07/07/2001,ORF,VA,AEA,EN,Towers with Radar,80,87,47,1,215,3,2,69,0,74,83,89,116,1,289,74,6,80,369
07/08/2001,ORF,VA,AEA,EN,Towers with Radar,87,83,64,2,236,3,2,17,1,23,90,85,81,3,259,33,6,39,298
07/09/2001,ORF,VA,AEA,EN,Towers with Radar,92,115,68,2,277,0,0,51,0,51,92,115,119,2,328,15,25,40,368
07/10/2001,ORF,VA,AEA,EN,Towers with Radar,91,114,73,0,278,3,2,62,1,68,94,116,135,1,346,54,0,54,400
07/11/2001,ORF,VA,AEA,EN,Towers with Radar,94,123,79,6,302,3,2,36,0,41,97,125,115,6,343,12,19,31,374
07/12/2001,ORF,VA,AEA,EN,Towers with Radar,96,126,71,2,295,0,1,58,1,60,96,127,129,3,355,17,33,50,405
07/13/2001,ORF,VA,AEA,EN,Towers with Radar,94,131,67,6,298,3,2,68,0,73,97,133,135,6,371,23,14,37,408
07/14/2001,ORF,VA,AEA,EN,Towers with Radar,81,89,51,0,221,3,2,62,0,67,84,91,113,0,288,43,30,73,361
07/15/2001,ORF,VA,AEA,EN,Towers with Radar,82,91,52,1,226,3,2,67,1,73,85,93,119,2,299,21,5,26,325
07/16/2001,ORF,VA,AEA,EN,Towers with Radar,91,116,65,1,273,0,7,54,0,61,91,123,119,1,334,38,11,49,383
07/17/2001,ORF,VA,AEA,EN,Towers with Radar,95,124,71,2,292,0,0,53,0,53,95,124,124,2,345,47,42,89,434
07/18/2001,ORF,VA,AEA,EN,Towers with Radar,98,125,73,2,298,0,0,11,5,16,98,125,84,7,314,11,14,25,339
07/19/2001,ORF,VA,AEA,EN,Towers with Radar,94,131,77,2,304,0,0,0,0,0,94,131,77,2,304,26,27,53,357
07/20/2001,ORF,VA,AEA,EN,Towers with Radar,103,125,80,2,310,3,5,53,1,62,106,130,133,3,372,21,23,44,416
07/21/2001,ORF,VA,AEA,EN,Towers with Radar,78,84,42,0,204,3,2,48,0,53,81,86,90,0,257,62,35,97,354
07/22/2001,ORF,VA,AEA,EN,Towers with Radar,88,83,48,0,219,3,3,37,0,43,91,86,85,0,262,10,5,15,277
07/23/2001,ORF,VA,AEA,EN,Towers with Radar,93,113,65,3,274,3,2,32,0,37,96,115,97,3,311,26,18,44,355
07/24/2001,ORF,VA,AEA,EN,Towers with Radar,94,124,75,7,300,3,4,27,0,34,97,128,102,7,334,35,28,63,397
07/25/2001,ORF,VA,AEA,EN,Towers with Radar,111,141,64,9,325,3,3,49,0,55,114,144,113,9,380,23,22,45,425
07/26/2001,ORF,VA,AEA,EN,Towers with Radar,112,116,76,2,306,7,0,34,6,47,119,116,110,8,353,26,11,37,390
07/27/2001,ORF,VA,AEA,EN,Towers with Radar,96,127,70,1,294,3,5,32,0,40,99,132,102,1,334,27,0,27,361
07/28/2001,ORF,VA,AEA,EN,Towers with Radar,79,83,51,0,213,3,2,45,0,50,82,85,96,0,263,8,0,8,271
07/29/2001,ORF,VA,AEA,EN,Towers with Radar,79,75,54,0,208,3,2,1,0,6,82,77,55,0,214,0,0,0,214
07/30/2001,ORF,VA,AEA,EN,Towers with Radar,94,120,71,5,290,3,2,15,0,20,97,122,86,5,310,26,20,46,356
07/31/2001,ORF,VA,AEA,EN,Towers with Radar,97,130,50,1,278,3,1,55,2,61,100,131,105,3,339,27,22,49,388
08/01/2001,ORF,VA,AEA,EN,Towers with Radar,95,123,88,0,306,3,2,64,0,69,98,125,152,0,375,0,0,0,375
08/02/2001,ORF,VA,AEA,EN,Towers with Radar,92,122,72,3,289,3,3,78,1,85,95,125,150,4,374,0,0,0,374
08/03/2001,ORF,VA,AEA,EN,Towers with Radar,96,128,82,1,307,3,2,60,0,65,99,130,142,1,372,0,0,0,372
08/04/2001,ORF,VA,AEA,EN,Towers with Radar,81,95,47,2,225,3,1,48,0,52,84,96,95,2,277,2,5,7,284
08/05/2001,ORF,VA,AEA,EN,Towers with Radar,90,93,54,0,237,3,1,37,0,41,93,94,91,0,278,0,0,0,278
08/06/2001,ORF,VA,AEA,EN,Towers with Radar,94,118,66,8,286,2,5,34,0,41,96,123,100,8,327,37,32,69,396
08/07/2001,ORF,VA,AEA,EN,Towers with Radar,91,121,74,10,296,2,4,44,0,50,93,125,118,10,346,23,18,41,387
08/08/2001,ORF,VA,AEA,EN,Towers with Radar,100,118,68,3,289,0,6,35,4,45,100,124,103,7,334,32,35,67,401
08/09/2001,ORF,VA,AEA,EN,Towers with Radar,95,119,69,3,286,0,16,35,0,51,95,135,104,3,337,7,16,23,360
08/10/2001,ORF,VA,AEA,EN,Towers with Radar,114,123,62,7,306,2,4,28,0,34,116,127,90,7,340,10,16,26,366
08/11/2001,ORF,VA,AEA,EN,Towers with Radar,89,75,28,4,196,2,2,14,0,18,91,77,42,4,214,0,0,0,214
08/12/2001,ORF,VA,AEA,EN,Towers with Radar,85,82,42,0,209,2,2,19,0,23,87,84,61,0,232,4,4,8,240
08/13/2001,ORF,VA,AEA,EN,Towers with Radar,89,106,64,7,266,2,2,14,0,18,91,108,78,7,284,29,25,54,338
08/14/2001,ORF,VA,AEA,EN,Towers with Radar,96,116,65,3,280,2,2,24,0,28,98,118,89,3,308,13,22,35,343
08/15/2001,ORF,VA,AEA,EN,Towers with Radar,95,123,86,3,307,2,5,51,0,58,97,128,137,3,365,41,26,67,432
08/16/2001,ORF,VA,AEA,EN,Towers with Radar,95,134,82,3,314,0,0,55,0,55,95,134,137,3,369,40,40,80,449
08/17/2001,ORF,VA,AEA,EN,Towers with Radar,101,127,60,11,299,2,3,47,0,52,103,130,107,11,351,48,26,74,425
08/18/2001,ORF,VA,AEA,EN,Towers with Radar,80,81,39,0,200,2,1,5,0,8,82,82,44,0,208,0,0,0,208
08/19/2001,ORF,VA,AEA,EN,Towers with Radar,87,85,34,3,209,2,1,12,0,15,89,86,46,3,224,0,0,0,224
08/20/2001,ORF,VA,AEA,EN,Towers with Radar,93,122,54,2,271,2,2,13,0,17,95,124,67,2,288,14,52,66,354
08/21/2001,ORF,VA,AEA,EN,Towers with Radar,96,123,70,1,290,2,3,53,0,58,98,126,123,1,348,44,32,76,424
08/22/2001,ORF,VA,AEA,EN,Towers with Radar,91,127,78,0,296,2,4,56,0,62,93,131,134,0,358,0,0,0,358
08/23/2001,ORF,VA,AEA,EN,Towers with Radar,100,124,61,0,285,2,2,48,1,53,102,126,109,1,338,23,25,48,386
08/24/2001,ORF,VA,AEA,EN,Towers with Radar,102,123,79,3,307,2,2,29,0,33,104,125,108,3,340,15,14,29,369
08/25/2001,ORF,VA,AEA,EN,Towers with Radar,85,81,49,0,215,2,1,60,0,63,87,82,109,0,278,8,4,12,290
08/26/2001,ORF,VA,AEA,EN,Towers with Radar,84,85,44,0,213,2,1,27,0,30,86,86,71,0,243,6,0,6,249
08/27/2001,ORF,VA,AEA,EN,Towers with Radar,97,112,57,4,270,2,2,44,0,48,99,114,101,4,318,38,27,65,383
08/28/2001,ORF,VA,AEA,EN,Towers with Radar,100,126,75,8,309,2,3,40,0,45,102,129,115,8,354,28,12,40,394
08/29/2001,ORF,VA,AEA,EN,Towers with Radar,100,125,75,3,303,0,0,34,0,34,100,125,109,3,337,21,11,32,369
08/30/2001,ORF,VA,AEA,EN,Towers with Radar,111,122,85,5,323,0,0,68,3,71,111,122,153,8,394,14,13,27,421
08/31/2001,ORF,VA,AEA,EN,Towers with Radar,108,123,67,0,298,2,1,26,0,29,110,124,93,0,327,14,11,25,352
09/01/2001,ORF,VA,AEA,EN,Towers with Radar,52,56,35,0,143,28,32,12,1,73,80,88,47,1,216,6,0,6,222
09/02/2001,ORF,VA,AEA,EN,Towers with Radar,69,76,37,3,185,0,0,47,0,47,69,76,84,3,232,25,0,25,257
09/03/2001,ORF,VA,AEA,EN,Towers with Radar,63,68,42,2,175,17,32,53,0,102,80,100,95,2,277,10,1,11,288
09/04/2001,ORF,VA,AEA,EN,Towers with Radar,97,117,47,4,265,0,2,43,1,46,97,119,90,5,311,22,8,30,341
09/05/2001,ORF,VA,AEA,EN,Towers with Radar,99,127,70,7,303,0,1,49,0,50,99,128,119,7,353,4,3,7,360
09/06/2001,ORF,VA,AEA,EN,Towers with Radar,95,134,72,1,302,0,3,46,0,49,95,137,118,1,351,0,0,0,351
09/07/2001,ORF,VA,AEA,EN,Towers with Radar,97,121,69,7,294,0,2,48,0,50,97,123,117,7,344,0,0,0,344
09/08/2001,ORF,VA,AEA,EN,Towers with Radar,82,86,35,0,203,0,0,46,0,46,82,86,81,0,249,0,0,0,249
09/09/2001,ORF,VA,AEA,EN,Towers with Radar,83,90,45,1,219,0,0,48,0,48,83,90,93,1,267,0,0,0,267
09/10/2001,ORF,VA,AEA,EN,Towers with Radar,93,120,66,3,282,0,1,25,0,26,93,121,91,3,308,0,0,0,308
09/11/2001,ORF,VA,AEA,EN,Towers with Radar,37,35,25,1,98,6,0,2,6,14,43,35,27,7,112,0,0,0,112
09/12/2001,ORF,VA,AEA,EN,Towers with Radar,0,0,3,5,8,0,0,0,0,0,0,0,3,5,8,0,0,0,8
09/13/2001,ORF,VA,AEA,EN,Towers with Radar,10,10,11,3,34,0,0,0,0,0,10,10,11,3,34,0,0,0,34
09/14/2001,ORF,VA,AEA,EN,Towers with Radar,42,60,17,3,122,0,0,3,0,3,42,60,20,3,125,0,0,0,125
09/15/2001,ORF,VA,AEA,EN,Towers with Radar,53,59,37,1,150,0,0,0,1,1,53,59,37,2,151,0,0,0,151
09/16/2001,ORF,VA,AEA,EN,Towers with Radar,65,58,32,1,156,0,0,0,0,0,65,58,32,1,156,0,0,0,156
09/17/2001,ORF,VA,AEA,EN,Towers with Radar,78,91,58,0,227,0,0,4,0,4,78,91,62,0,231,0,0,0,231
09/18/2001,ORF,VA,AEA,EN,Towers with Radar,85,104,60,3,252,0,0,0,3,3,85,104,60,6,255,0,0,0,255
09/19/2001,ORF,VA,AEA,EN,Towers with Radar,81,95,103,2,281,0,0,2,2,4,81,95,105,4,285,0,0,0,285
09/20/2001,ORF,VA,AEA,EN,Towers with Radar,85,92,71,8,256,0,0,5,0,5,85,92,76,8,261,2,2,4,265
09/21/2001,ORF,VA,AEA,EN,Towers with Radar,88,93,85,2,268,0,0,23,0,23,88,93,108,2,291,2,4,6,297
09/22/2001,ORF,VA,AEA,EN,Towers with Radar,69,68,36,1,174,0,0,25,0,25,69,68,61,1,199,0,0,0,199
09/23/2001,ORF,VA,AEA,EN,Towers with Radar,72,57,34,0,163,0,0,33,0,33,72,57,67,0,196,0,0,0,196
09/24/2001,ORF,VA,AEA,EN,Towers with Radar,66,74,45,1,186,12,11,0,0,23,78,85,45,1,209,0,0,0,209
09/25/2001,ORF,VA,AEA,EN,Towers with Radar,90,91,72,1,254,0,0,24,0,24,90,91,96,1,278,3,19,22,300
09/26/2001,ORF,VA,AEA,EN,Towers with Radar,83,94,68,3,248,0,1,36,0,37,83,95,104,3,285,0,0,0,285
09/27/2001,ORF,VA,AEA,EN,Towers with Radar,81,85,59,9,234,0,3,52,1,56,81,88,111,10,290,52,37,89,379
09/28/2001,ORF,VA,AEA,EN,Towers with Radar,83,84,92,0,259,0,3,41,0,44,83,87,133,0,303,51,33,84,387
09/29/2001,ORF,VA,AEA,EN,Towers with Radar,63,64,42,0,169,14,0,13,0,27,77,64,55,0,196,5,0,5,201
09/30/2001,ORF,VA,AEA,EN,Towers with Radar,72,55,46,1,174,0,0,10,0,10,72,55,56,1,184,0,0,0,184
10/01/2001,ORF,VA,AEA,EN,Towers with Radar,74,95,64,1,234,1,7,22,0,30,75,102,86,1,264,0,0,0,264
10/02/2001,ORF,VA,AEA,EN,Towers with Radar,75,101,61,2,239,1,5,51,1,58,76,106,112,3,297,0,0,0,297
10/03/2001,ORF,VA,AEA,EN,Towers with Radar,81,98,58,8,245,1,6,38,0,45,82,104,96,8,290,0,0,0,290
10/04/2001,ORF,VA,AEA,EN,Towers with Radar,78,97,91,5,271,1,9,33,0,43,79,106,124,5,314,2,45,47,361
10/05/2001,ORF,VA,AEA,EN,Towers with Radar,78,100,81,4,263,1,6,43,1,51,79,106,124,5,314,43,2,45,359
10/06/2001,ORF,VA,AEA,EN,Towers with Radar,75,80,19,2,176,1,1,1,0,3,76,81,20,2,179,8,6,14,193
10/07/2001,ORF,VA,AEA,EN,Towers with Radar,81,76,52,2,211,1,1,37,0,39,82,77,89,2,250,0,0,0,250
10/08/2001,ORF,VA,AEA,EN,Towers with Radar,90,92,63,0,245,1,1,26,1,29,91,93,89,1,274,19,20,39,313
10/09/2001,ORF,VA,AEA,EN,Towers with Radar,92,106,52,3,253,1,5,36,0,42,93,111,88,3,295,19,33,52,347
10/10/2001,ORF,VA,AEA,EN,Towers with Radar,95,110,83,3,291,0,0,41,3,44,95,110,124,6,335,9,87,96,431
10/11/2001,ORF,VA,AEA,EN,Towers with Radar,94,107,72,0,273,1,5,36,2,44,95,112,108,2,317,19,28,47,364
10/12/2001,ORF,VA,AEA,EN,Towers with Radar,98,110,90,2,300,1,4,56,2,63,99,114,146,4,363,26,34,60,423
10/13/2001,ORF,VA,AEA,EN,Towers with Radar,86,79,48,3,216,1,1,47,0,49,87,80,95,3,265,48,22,70,335
10/14/2001,ORF,VA,AEA,EN,Towers with Radar,83,75,59,4,221,1,1,16,1,19,84,76,75,5,240,0,0,0,240
10/15/2001,ORF,VA,AEA,EN,Towers with Radar,90,97,80,6,273,1,4,50,1,56,91,101,130,7,329,13,22,35,364
10/16/2001,ORF,VA,AEA,EN,Towers with Radar,78,98,62,3,241,1,5,52,0,58,79,103,114,3,299,37,17,54,353
10/17/2001,ORF,VA,AEA,EN,Towers with Radar,94,109,83,3,289,1,6,53,0,60,95,115,136,3,349,29,28,57,406
10/18/2001,ORF,VA,AEA,EN,Towers with Radar,95,109,86,4,294,1,4,67,1,73,96,113,153,5,367,10,11,21,388
10/19/2001,ORF,VA,AEA,EN,Towers with Radar,99,109,88,7,303,1,3,64,0,68,100,112,152,7,371,5,6,11,382
10/20/2001,ORF,VA,AEA,EN,Towers with Radar,87,76,66,1,230,1,1,35,0,37,88,77,101,1,267,0,0,0,267
10/21/2001,ORF,VA,AEA,EN,Towers with Radar,71,72,57,2,202,14,0,55,6,75,85,72,112,8,277,0,0,0,277
10/22/2001,ORF,VA,AEA,EN,Towers with Radar,88,102,68,3,261,1,5,48,1,55,89,107,116,4,316,0,0,0,316
10/23/2001,ORF,VA,AEA,EN,Towers with Radar,92,105,89,0,286,1,4,36,0,41,93,109,125,0,327,11,80,91,418
10/24/2001,ORF,VA,AEA,EN,Towers with Radar,92,113,85,2,292,1,8,41,0,50,93,121,126,2,342,46,71,117,459
10/25/2001,ORF,VA,AEA,EN,Towers with Radar,97,92,70,2,261,1,7,29,0,37,98,99,99,2,298,26,79,105,403
10/26/2001,ORF,VA,AEA,EN,Towers with Radar,97,107,72,7,283,1,7,47,0,55,98,114,119,7,338,21,4,25,363
10/27/2001,ORF,VA,AEA,EN,Towers with Radar,85,77,38,0,200,1,1,20,0,22,86,78,58,0,222,28,6,34,256
10/28/2001,ORF,VA,AEA,EN,Towers with Radar,81,66,49,1,197,1,1,27,0,29,82,67,76,1,226,0,0,0,226
10/29/2001,ORF,VA,AEA,EN,Towers with Radar,90,94,77,0,261,1,6,40,0,47,91,100,117,0,308,22,26,48,356
10/30/2001,ORF,VA,AEA,EN,Towers with Radar,96,110,85,3,294,0,0,75,2,77,96,110,160,5,371,27,8,35,406
10/31/2001,ORF,VA,AEA,EN,Towers with Radar,87,114,84,0,285,0,0,54,0,54,87,114,138,0,339,43,37,80,419
11/01/2001,ORF,VA,AEA,EN,Towers with Radar,92,107,110,12,321,1,6,41,0,48,93,113,151,12,369,11,15,26,395
11/02/2001,ORF,VA,AEA,EN,Towers with Radar,92,115,109,0,316,1,2,39,0,42,93,117,148,0,358,12,37,49,407
11/03/2001,ORF,VA,AEA,EN,Towers with Radar,88,78,149,7,322,1,0,90,0,91,89,78,239,7,413,26,20,46,459
11/04/2001,ORF,VA,AEA,EN,Towers with Radar,88,87,118,2,295,1,0,105,0,106,89,87,223,2,401,44,6,50,451
11/05/2001,ORF,VA,AEA,EN,Towers with Radar,93,100,77,0,270,1,5,24,1,31,94,105,101,1,301,14,12,26,327
11/06/2001,ORF,VA,AEA,EN,Towers with Radar,96,116,75,6,293,1,5,41,1,48,97,121,116,7,341,12,33,45,386
11/07/2001,ORF,VA,AEA,EN,Towers with Radar,97,115,69,0,281,1,5,52,0,58,98,120,121,0,339,41,25,66,405
11/08/2001,ORF,VA,AEA,EN,Towers with Radar,100,113,72,5,290,1,4,61,0,66,101,117,133,5,356,30,31,61,417
11/09/2001,ORF,VA,AEA,EN,Towers with Radar,97,111,55,6,269,1,5,35,0,41,98,116,90,6,310,5,14,19,329
11/10/2001,ORF,VA,AEA,EN,Towers with Radar,91,81,57,1,230,1,0,26,0,27,92,81,83,1,257,14,12,26,283
11/11/2001,ORF,VA,AEA,EN,Towers with Radar,90,82,69,1,242,1,2,36,0,39,91,84,105,1,281,7,0,7,288
11/12/2001,ORF,VA,AEA,EN,Towers with Radar,92,99,55,3,249,1,2,30,2,35,93,101,85,5,284,17,10,27,311
11/13/2001,ORF,VA,AEA,EN,Towers with Radar,97,116,74,4,291,1,4,60,0,65,98,120,134,4,356,39,29,68,424
11/14/2001,ORF,VA,AEA,EN,Towers with Radar,102,121,95,1,319,0,0,19,0,19,102,121,114,1,338,26,40,66,404
11/15/2001,ORF,VA,AEA,EN,Towers with Radar,98,111,100,1,310,1,4,43,2,50,99,115,143,3,360,22,0,22,382
11/16/2001,ORF,VA,AEA,EN,Towers with Radar,94,115,68,0,277,1,6,66,1,74,95,121,134,1,351,23,11,34,385
11/17/2001,ORF,VA,AEA,EN,Towers with Radar,95,84,57,3,239,1,0,31,0,32,96,84,88,3,271,13,14,27,298
11/18/2001,ORF,VA,AEA,EN,Towers with Radar,95,86,52,2,235,1,0,45,0,46,96,86,97,2,281,12,11,23,304
11/19/2001,ORF,VA,AEA,EN,Towers with Radar,91,105,69,4,269,1,8,41,2,52,92,113,110,6,321,57,41,98,419
11/20/2001,ORF,VA,AEA,EN,Towers with Radar,99,117,93,0,309,0,0,22,0,22,99,117,115,0,331,59,0,59,390
11/21/2001,ORF,VA,AEA,EN,Towers with Radar,99,117,79,3,298,1,8,42,0,51,100,125,121,3,349,25,4,29,378
11/22/2001,ORF,VA,AEA,EN,Towers with Radar,77,72,28,0,177,0,1,21,0,22,77,73,49,0,199,0,0,0,199
11/23/2001,ORF,VA,AEA,EN,Towers with Radar,77,69,39,2,187,0,6,36,0,42,77,75,75,2,229,42,8,50,279
11/24/2001,ORF,VA,AEA,EN,Towers with Radar,59,62,47,1,169,30,16,24,1,71,89,78,71,2,240,0,0,0,240
11/25/2001,ORF,VA,AEA,EN,Towers with Radar,105,98,61,2,266,0,1,13,0,14,105,99,74,2,280,3,0,3,283
11/26/2001,ORF,VA,AEA,EN,Towers with Radar,93,115,81,3,292,0,2,0,2,4,93,117,81,5,296,0,6,6,302
11/27/2001,ORF,VA,AEA,EN,Towers with Radar,100,118,80,3,301,0,1,5,0,6,100,119,85,3,307,38,0,38,345
11/28/2001,ORF,VA,AEA,EN,Towers with Radar,96,110,75,1,282,0,1,9,0,10,96,111,84,1,292,0,0,0,292
11/29/2001,ORF,VA,AEA,EN,Towers with Radar,110,117,76,4,307,0,3,24,0,27,110,120,100,4,334,18,0,18,352
11/30/2001,ORF,VA,AEA,EN,Towers with Radar,106,121,84,5,316,0,2,19,0,21,106,123,103,5,337,33,18,51,388
12/01/2001,ORF,VA,AEA,EN,Towers with Radar,0,0,0,0,0,99,88,113,1,301,99,88,113,1,301,26,9,35,336
12/02/2001,ORF,VA,AEA,EN,Towers with Radar,0,0,57,0,57,83,78,62,0,223,83,78,119,0,280,17,12,29,309
12/03/2001,ORF,VA,AEA,EN,Towers with Radar,0,0,58,0,58,94,114,63,1,272,94,114,121,1,330,32,21,53,383
12/04/2001,ORF,VA,AEA,EN,Towers with Radar,0,0,59,0,59,98,102,47,0,247,98,102,106,0,306,27,0,27,333
12/05/2001,ORF,VA,AEA,EN,Towers with Radar,0,0,53,0,53,100,114,71,7,292,100,114,124,7,345,0,0,0,345
12/06/2001,ORF,VA,AEA,EN,Towers with Radar,0,0,70,0,70,102,121,60,5,288,102,121,130,5,358,30,0,30,388
12/07/2001,ORF,VA,AEA,EN,Towers with Radar,0,0,0,0,0,107,119,149,0,375,107,119,149,0,375,37,6,43,418
12/08/2001,ORF,VA,AEA,EN,Towers with Radar,0,0,5,0,5,100,82,56,0,238,100,82,61,0,243,36,3,39,282
12/09/2001,ORF,VA,AEA,EN,Towers with Radar,0,0,0,0,0,93,77,39,0,209,93,77,39,0,209,0,0,0,209
12/10/2001,ORF,VA,AEA,EN,Towers with Radar,0,0,53,0,53,93,109,20,1,223,93,109,73,1,276,10,7,17,293
12/11/2001,ORF,VA,AEA,EN,Towers with Radar,0,0,53,0,53,105,117,12,2,236,105,117,65,2,289,0,0,0,289
12/12/2001,ORF,VA,AEA,EN,Towers with Radar,0,9,80,1,90,101,109,12,2,224,101,118,92,3,314,9,11,20,334
12/13/2001,ORF,VA,AEA,EN,Towers with Radar,0,0,0,0,0,109,117,84,3,313,109,117,84,3,313,8,11,19,332
12/14/2001,ORF,VA,AEA,EN,Towers with Radar,0,12,55,1,68,107,119,25,3,254,107,131,80,4,322,5,6,11,333
12/15/2001,ORF,VA,AEA,EN,Towers with Radar,0,0,11,0,11,100,85,59,0,244,100,85,70,0,255,29,4,33,288
12/16/2001,ORF,VA,AEA,EN,Towers with Radar,0,0,0,0,0,93,85,112,1,291,93,85,112,1,291,0,0,0,291
12/17/2001,ORF,VA,AEA,EN,Towers with Radar,0,0,52,1,53,94,112,38,7,251,94,112,90,8,304,9,27,36,340
12/18/2001,ORF,VA,AEA,EN,Towers with Radar,0,13,62,1,76,107,111,50,5,273,107,124,112,6,349,17,26,43,392
12/19/2001,ORF,VA,AEA,EN,Towers with Radar,0,10,78,0,88,108,113,82,5,308,108,123,160,5,396,56,41,97,493
12/20/2001,ORF,VA,AEA,EN,Towers with Radar,0,5,54,0,59,110,115,53,0,278,110,120,107,0,337,25,11,36,373
12/21/2001,ORF,VA,AEA,EN,Towers with Radar,0,12,52,0,64,108,131,53,4,296,108,143,105,4,360,9,1,10,370
12/22/2001,ORF,VA,AEA,EN,Towers with Radar,0,0,0,0,0,98,83,88,0,269,98,83,88,0,269,0,0,0,269
12/23/2001,ORF,VA,AEA,EN,Towers with Radar,0,0,0,0,0,90,72,69,0,231,90,72,69,0,231,0,0,0,231
12/24/2001,ORF,VA,AEA,EN,Towers with Radar,0,0,0,0,0,78,84,25,0,187,78,84,25,0,187,0,0,0,187
12/25/2001,ORF,VA,AEA,EN,Towers with Radar,0,0,0,0,0,70,67,38,0,175,70,67,38,0,175,22,0,22,197
12/26/2001,ORF,VA,AEA,EN,Towers with Radar,0,0,50,0,50,96,112,30,1,239,96,112,80,1,289,10,0,10,299
12/27/2001,ORF,VA,AEA,EN,Towers with Radar,0,0,52,0,52,99,109,21,1,230,99,109,73,1,282,8,27,35,317
12/28/2001,ORF,VA,AEA,EN,Towers with Radar,0,0,52,0,52,101,110,31,2,244,101,110,83,2,296,0,0,0,296
12/29/2001,ORF,VA,AEA,EN,Towers with Radar,0,0,0,0,0,96,88,75,0,259,96,88,75,0,259,32,6,38,297
12/30/2001,ORF,VA,AEA,EN,Towers with Radar,0,0,0,0,0,86,79,79,0,244,86,79,79,0,244,0,0,0,244
12/31/2001,ORF,VA,AEA,EN,Towers with Radar,0,0,0,0,0,91,98,72,1,262,91,98,72,1,262,10,4,14,276
01/01/2002,ORF,VA,AEA,EN,Towers with Radar,85,92,19,0,196,1,0,24,0,25,86,92,43,0,221,5,0,5,226
01/02/2002,ORF,VA,AEA,EN,Towers with Radar,89,125,44,1,259,1,0,21,0,22,90,125,65,1,281,14,4,18,299
01/03/2002,ORF,VA,AEA,EN,Towers with Radar,69,63,4,1,137,1,0,0,0,1,70,63,4,1,138,0,0,0,138
01/04/2002,ORF,VA,AEA,EN,Towers with Radar,98,113,39,10,260,1,2,7,0,10,99,115,46,10,270,15,4,19,289
01/05/2002,ORF,VA,AEA,EN,Towers with Radar,86,88,40,4,218,1,0,31,0,32,87,88,71,4,250,11,6,17,267
01/06/2002,ORF,VA,AEA,EN,Towers with Radar,69,78,17,3,167,1,0,0,0,1,70,78,17,3,168,40,0,40,208
01/07/2002,ORF,VA,AEA,EN,Towers with Radar,91,122,28,7,248,1,0,4,0,5,92,122,32,7,253,2,2,4,257
01/08/2002,ORF,VA,AEA,EN,Towers with Radar,98,120,62,0,280,1,9,32,0,42,99,129,94,0,322,19,33,52,374
01/09/2002,ORF,VA,AEA,EN,Towers with Radar,95,126,63,2,286,1,4,28,1,34,96,130,91,3,320,15,32,47,367
01/10/2002,ORF,VA,AEA,EN,Towers with Radar,98,122,59,1,280,1,5,40,0,46,99,127,99,1,326,11,21,32,358
01/11/2002,ORF,VA,AEA,EN,Towers with Radar,101,118,61,3,283,0,0,23,4,27,101,118,84,7,310,15,28,43,353
01/12/2002,ORF,VA,AEA,EN,Towers with Radar,85,89,23,2,199,1,2,74,0,77,86,91,97,2,276,50,28,78,354
01/13/2002,ORF,VA,AEA,EN,Towers with Radar,69,84,39,0,192,17,9,22,0,48,86,93,61,0,240,6,1,7,247
01/14/2002,ORF,VA,AEA,EN,Towers with Radar,91,122,47,1,261,1,2,41,1,45,92,124,88,2,306,37,67,104,410
01/15/2002,ORF,VA,AEA,EN,Towers with Radar,101,127,65,5,298,0,4,37,2,43,101,131,102,7,341,23,43,66,407
01/16/2002,ORF,VA,AEA,EN,Towers with Radar,97,121,76,0,294,0,6,30,2,38,97,127,106,2,332,24,26,50,382
01/17/2002,ORF,VA,AEA,EN,Towers with Radar,99,131,60,1,291,0,6,30,0,36,99,137,90,1,327,16,18,34,361
01/18/2002,ORF,VA,AEA,EN,Towers with Radar,100,124,57,0,281,0,4,24,0,28,100,128,81,0,309,29,41,70,379
01/19/2002,ORF,VA,AEA,EN,Towers with Radar,84,82,20,0,186,0,0,0,0,0,84,82,20,0,186,0,0,0,186
01/20/2002,ORF,VA,AEA,EN,Towers with Radar,86,94,42,1,223,0,0,42,1,43,86,94,84,2,266,17,15,32,298
01/21/2002,ORF,VA,AEA,EN,Towers with Radar,97,121,63,3,284,0,0,10,2,12,97,121,73,5,296,0,0,0,296
01/22/2002,ORF,VA,AEA,EN,Towers with Radar,99,123,64,1,287,0,6,47,0,53,99,129,111,1,340,25,11,36,376
01/23/2002,ORF,VA,AEA,EN,Towers with Radar,98,137,76,6,317,0,0,3,0,3,98,137,79,6,320,6,4,10,330
01/24/2002,ORF,VA,AEA,EN,Towers with Radar,97,119,76,7,299,0,3,6,0,9,97,122,82,7,308,45,28,73,381
01/25/2002,ORF,VA,AEA,EN,Towers with Radar,99,127,66,17,309,0,5,28,0,33,99,132,94,17,342,23,42,65,407
01/26/2002,ORF,VA,AEA,EN,Towers with Radar,89,95,42,2,228,0,0,67,0,67,89,95,109,2,295,70,32,102,397
01/27/2002,ORF,VA,AEA,EN,Towers with Radar,86,91,63,0,240,0,2,63,0,65,86,93,126,0,305,21,2,23,328
01/28/2002,ORF,VA,AEA,EN,Towers with Radar,94,122,52,4,272,0,2,42,0,44,94,124,94,4,316,46,23,69,385
01/29/2002,ORF,VA,AEA,EN,Towers with Radar,104,140,65,2,311,0,13,24,0,37,104,153,89,2,348,55,43,98,446
01/30/2002,ORF,VA,AEA,EN,Towers with Radar,100,125,80,1,306,0,3,43,0,46,100,128,123,1,352,10,14,24,376
01/31/2002,ORF,VA,AEA,EN,Towers with Radar,98,120,87,2,307,1,0,10,3,14,99,120,97,5,321,18,14,32,353
02/01/2002,ORF,VA,AEA,EN,Towers with Radar,97,122,55,1,275,0,0,14,0,14,97,122,69,1,289,21,50,71,360
02/02/2002,ORF,VA,AEA,EN,Towers with Radar,90,100,45,0,235,0,0,52,8,60,90,100,97,8,295,0,2,2,297
02/03/2002,ORF,VA,AEA,EN,Towers with Radar,87,95,46,0,228,0,0,40,0,40,87,95,86,0,268,27,2,29,297
02/04/2002,ORF,VA,AEA,EN,Towers with Radar,90,129,36,2,257,0,0,33,2,35,90,129,69,4,292,19,3,22,314
02/05/2002,ORF,VA,AEA,EN,Towers with Radar,94,138,70,4,306,0,4,34,0,38,94,142,104,4,344,24,43,67,411
02/06/2002,ORF,VA,AEA,EN,Towers with Radar,91,136,54,1,282,0,1,34,5,40,91,137,88,6,322,51,48,99,421
02/07/2002,ORF,VA,AEA,EN,Towers with Radar,98,130,56,0,284,0,0,2,0,2,98,130,58,0,286,0,0,0,286
02/08/2002,ORF,VA,AEA,EN,Towers with Radar,99,138,45,4,286,0,4,62,3,69,99,142,107,7,355,45,42,87,442
02/09/2002,ORF,VA,AEA,EN,Towers with Radar,92,100,51,2,245,0,0,60,0,60,92,100,111,2,305,38,21,59,364
02/10/2002,ORF,VA,AEA,EN,Towers with Radar,86,98,52,1,237,0,0,21,0,21,86,98,73,1,258,10,0,10,268
02/11/2002,ORF,VA,AEA,EN,Towers with Radar,98,126,43,0,267,0,7,16,0,23,98,133,59,0,290,61,6,67,357
02/12/2002,ORF,VA,AEA,EN,Towers with Radar,97,136,57,3,293,0,3,30,2,35,97,139,87,5,328,24,40,64,392
02/13/2002,ORF,VA,AEA,EN,Towers with Radar,101,141,43,3,288,0,3,29,2,34,101,144,72,5,322,47,61,108,430
02/14/2002,ORF,VA,AEA,EN,Towers with Radar,97,126,78,1,302,0,3,42,0,45,97,129,120,1,347,7,8,15,362
02/15/2002,ORF,VA,AEA,EN,Towers with Radar,100,136,79,1,316,0,2,43,0,45,100,138,122,1,361,46,9,55,416
02/16/2002,ORF,VA,AEA,EN,Towers with Radar,96,98,53,2,249,0,0,50,0,50,96,98,103,2,299,0,0,0,299
02/17/2002,ORF,VA,AEA,EN,Towers with Radar,56,72,33,0,161,29,28,32,0,89,85,100,65,0,250,0,0,0,250
02/18/2002,ORF,VA,AEA,EN,Towers with Radar,96,119,42,0,257,0,0,37,0,37,96,119,79,0,294,0,0,0,294
02/19/2002,ORF,VA,AEA,EN,Towers with Radar,98,132,60,1,291,0,13,44,1,58,98,145,104,2,349,0,0,0,349
02/20/2002,ORF,VA,AEA,EN,Towers with Radar,98,136,68,5,307,0,1,37,1,39,98,137,105,6,346,0,0,0,346
02/21/2002,ORF,VA,AEA,EN,Towers with Radar,98,130,63,1,292,0,2,26,1,29,98,132,89,2,321,0,0,0,321
02/22/2002,ORF,VA,AEA,EN,Towers with Radar,98,129,54,0,281,0,3,76,0,79,98,132,130,0,360,0,0,0,360
02/23/2002,ORF,VA,AEA,EN,Towers with Radar,92,102,37,0,231,0,0,25,0,25,92,102,62,0,256,0,0,0,256
02/24/2002,ORF,VA,AEA,EN,Towers with Radar,88,94,59,0,241,0,0,43,0,43,88,94,102,0,284,19,0,19,303
02/25/2002,ORF,VA,AEA,EN,Towers with Radar,92,123,36,1,252,0,4,51,0,55,92,127,87,1,307,31,27,58,365
02/26/2002,ORF,VA,AEA,EN,Towers with Radar,99,135,63,1,298,0,3,35,0,38,99,138,98,1,336,16,26,42,378
02/27/2002,ORF,VA,AEA,EN,Towers with Radar,90,129,48,0,267,0,0,6,0,6,90,129,54,0,273,0,0,0,273
02/28/2002,ORF,VA,AEA,EN,Towers with Radar,92,123,89,5,309,0,2,42,2,46,92,125,131,7,355,24,29,53,408
03/01/2002,ORF,VA,AEA,EN,Towers with Radar,99,139,67,0,305,0,4,45,3,52,99,143,112,3,357,28,18,46,403
03/02/2002,ORF,VA,AEA,EN,Towers with Radar,88,96,28,1,213,1,0,16,0,17,89,96,44,1,230,0,0,0,230
03/03/2002,ORF,VA,AEA,EN,Towers with Radar,87,101,39,1,228,1,0,1,0,2,88,101,40,1,230,0,0,0,230
03/04/2002,ORF,VA,AEA,EN,Towers with Radar,88,121,45,3,257,1,3,32,4,40,89,124,77,7,297,18,12,30,327
03/05/2002,ORF,VA,AEA,EN,Towers with Radar,100,133,56,4,293,1,4,43,2,50,101,137,99,6,343,48,27,75,418
03/06/2002,ORF,VA,AEA,EN,Towers with Radar,112,152,84,4,352,0,0,19,0,19,112,152,103,4,371,19,9,28,399
03/07/2002,ORF,VA,AEA,EN,Towers with Radar,101,125,76,6,308,1,8,49,2,60,102,133,125,8,368,30,15,45,413
03/08/2002,ORF,VA,AEA,EN,Towers with Radar,100,127,58,0,285,0,7,51,0,58,100,134,109,0,343,8,15,23,366
03/09/2002,ORF,VA,AEA,EN,Towers with Radar,92,107,44,3,246,0,0,37,0,37,92,107,81,3,283,21,16,37,320
03/10/2002,ORF,VA,AEA,EN,Towers with Radar,72,90,43,1,206,16,21,50,0,87,88,111,93,1,293,52,0,52,345
03/11/2002,ORF,VA,AEA,EN,Towers with Radar,96,131,42,5,274,0,2,52,1,55,96,133,94,6,329,29,37,66,395
03/12/2002,ORF,VA,AEA,EN,Towers with Radar,96,127,61,3,287,0,6,17,4,27,96,133,78,7,314,6,12,18,332
03/13/2002,ORF,VA,AEA,EN,Towers with Radar,95,119,57,2,273,22,42,6,0,70,117,161,63,2,343,0,0,0,343
03/14/2002,ORF,VA,AEA,EN,Towers with Radar,103,123,77,7,310,0,4,52,2,58,103,127,129,9,368,4,4,8,376
03/15/2002,ORF,VA,AEA,EN,Towers with Radar,108,135,68,3,314,0,4,45,1,50,108,139,113,4,364,20,10,30,394
03/16/2002,ORF,VA,AEA,EN,Towers with Radar,93,103,46,2,244,0,0,33,0,33,93,103,79,2,277,8,1,9,286
03/17/2002,ORF,VA,AEA,EN,Towers with Radar,90,96,47,6,239,0,0,2,0,2,90,96,49,6,241,0,0,0,241
03/18/2002,ORF,VA,AEA,EN,Towers with Radar,87,109,41,2,239,12,23,0,1,36,99,132,41,3,275,0,0,0,275
03/19/2002,ORF,VA,AEA,EN,Towers with Radar,100,137,120,3,360,0,0,11,1,12,100,137,131,4,372,0,0,0,372
03/20/2002,ORF,VA,AEA,EN,Towers with Radar,101,141,53,3,298,0,0,4,0,4,101,141,57,3,302,0,0,0,302
03/21/2002,ORF,VA,AEA,EN,Towers with Radar,105,136,82,1,324,0,0,6,0,6,105,136,88,1,330,16,12,28,358
03/22/2002,ORF,VA,AEA,EN,Towers with Radar,101,126,59,0,286,0,2,31,0,33,101,128,90,0,319,0,1,1,320
03/23/2002,ORF,VA,AEA,EN,Towers with Radar,91,109,43,0,243,0,0,56,0,56,91,109,99,0,299,0,0,0,299
03/24/2002,ORF,VA,AEA,EN,Towers with Radar,75,93,45,1,214,15,9,71,0,95,90,102,116,1,309,39,6,45,354
03/25/2002,ORF,VA,AEA,EN,Towers with Radar,96,120,58,9,283,0,1,30,0,31,96,121,88,9,314,8,8,16,330
03/26/2002,ORF,VA,AEA,EN,Towers with Radar,104,120,67,4,295,0,0,2,7,9,104,120,69,11,304,10,22,32,336
03/27/2002,ORF,VA,AEA,EN,Towers with Radar,116,131,86,6,339,0,9,33,0,42,116,140,119,6,381,17,32,49,430
03/28/2002,ORF,VA,AEA,EN,Towers with Radar,101,124,83,2,310,0,3,79,0,82,101,127,162,2,392,11,12,23,415
03/29/2002,ORF,VA,AEA,EN,Towers with Radar,101,133,71,2,307,0,1,68,0,69,101,134,139,2,376,14,7,21,397
03/30/2002,ORF,VA,AEA,EN,Towers with Radar,95,106,51,1,253,0,0,17,0,17,95,106,68,1,270,10,9,19,289
03/31/2002,ORF,VA,AEA,EN,Towers with Radar,81,93,44,1,219,0,0,4,0,4,81,93,48,1,223,0,0,0,223
04/01/2002,ORF,VA,AEA,EN,Towers with Radar,89,135,55,6,285,2,1,39,0,42,91,136,94,6,327,15,2,17,344
04/02/2002,ORF,VA,AEA,EN,Towers with Radar,98,127,57,3,285,2,2,50,5,59,100,129,107,8,344,9,22,31,375
04/03/2002,ORF,VA,AEA,EN,Towers with Radar,98,128,68,5,299,5,14,15,1,35,103,142,83,6,334,0,32,32,366
04/04/2002,ORF,VA,AEA,EN,Towers with Radar,101,141,46,3,291,1,2,45,0,48,102,143,91,3,339,16,30,46,385
04/05/2002,ORF,VA,AEA,EN,Towers with Radar,100,145,61,2,308,1,2,63,0,66,101,147,124,2,374,19,35,54,428
04/06/2002,ORF,VA,AEA,EN,Towers with Radar,92,102,47,3,244,1,1,54,0,56,93,103,101,3,300,26,26,52,352
04/07/2002,ORF,VA,AEA,EN,Towers with Radar,86,99,65,0,250,1,1,65,0,67,87,100,130,0,317,41,0,41,358
04/08/2002,ORF,VA,AEA,EN,Towers with Radar,94,125,45,8,272,1,2,39,1,43,95,127,84,9,315,7,2,9,324
04/09/2002,ORF,VA,AEA,EN,Towers with Radar,101,137,66,4,308,1,2,42,0,45,102,139,108,4,353,32,7,39,392
04/10/2002,ORF,VA,AEA,EN,Towers with Radar,100,147,77,6,330,1,1,20,0,22,101,148,97,6,352,6,0,6,358
04/11/2002,ORF,VA,AEA,EN,Towers with Radar,100,129,97,6,332,1,2,34,0,37,101,131,131,6,369,2,4,6,375
04/12/2002,ORF,VA,AEA,EN,Towers with Radar,96,140,78,4,318,0,0,20,3,23,96,140,98,7,341,10,5,15,356
04/13/2002,ORF,VA,AEA,EN,Towers with Radar,91,98,64,2,255,1,1,38,0,40,92,99,102,2,295,125,2,127,422
04/14/2002,ORF,VA,AEA,EN,Towers with Radar,90,101,69,2,262,1,1,45,0,47,91,102,114,2,309,7,3,10,319
04/15/2002,ORF,VA,AEA,EN,Towers with Radar,95,127,64,3,289,1,1,32,0,34,96,128,96,3,323,11,7,18,341
04/16/2002,ORF,VA,AEA,EN,Towers with Radar,97,133,82,8,320,1,12,45,1,59,98,145,127,9,379,28,22,50,429
04/17/2002,ORF,VA,AEA,EN,Towers with Radar,94,135,71,2,302,1,4,57,3,65,95,139,128,5,367,20,16,36,403
04/18/2002,ORF,VA,AEA,EN,Towers with Radar,104,126,71,4,305,7,0,61,0,68,111,126,132,4,373,19,36,55,428
04/19/2002,ORF,VA,AEA,EN,Towers with Radar,102,120,90,5,317,1,4,65,2,72,103,124,155,7,389,41,25,66,455
04/20/2002,ORF,VA,AEA,EN,Towers with Radar,93,105,67,2,267,1,3,31,0,35,94,108,98,2,302,31,0,31,333
04/21/2002,ORF,VA,AEA,EN,Towers with Radar,86,103,68,0,257,1,1,20,3,25,87,104,88,3,282,47,0,47,329
04/22/2002,ORF,VA,AEA,EN,Towers with Radar,96,132,61,1,290,1,1,32,0,34,97,133,93,1,324,8,33,41,365
04/23/2002,ORF,VA,AEA,EN,Towers with Radar,101,138,74,2,315,0,0,38,0,38,101,138,112,2,353,5,15,20,373
04/24/2002,ORF,VA,AEA,EN,Towers with Radar,100,119,80,4,303,0,0,97,8,105,100,119,177,12,408,45,28,73,481
04/25/2002,ORF,VA,AEA,EN,Towers with Radar,100,138,69,3,310,1,12,6,5,24,101,150,75,8,334,15,21,36,370
04/26/2002,ORF,VA,AEA,EN,Towers with Radar,101,134,68,1,304,1,3,51,4,59,102,137,119,5,363,52,38,90,453
04/27/2002,ORF,VA,AEA,EN,Towers with Radar,92,98,50,0,240,1,0,48,2,51,93,98,98,2,291,1,0,1,292
04/28/2002,ORF,VA,AEA,EN,Towers with Radar,87,86,31,1,205,1,0,12,0,13,88,86,43,1,218,0,0,0,218
04/29/2002,ORF,VA,AEA,EN,Towers with Radar,93,121,64,3,281,4,33,48,3,88,97,154,112,6,369,4,3,7,376
04/30/2002,ORF,VA,AEA,EN,Towers with Radar,101,128,80,19,328,1,8,58,2,69,102,136,138,21,397,64,35,99,496
05/01/2002,ORF,VA,AEA,EN,Towers with Radar,95,140,75,4,314,0,6,46,0,52,95,146,121,4,366,31,42,73,439
05/02/2002,ORF,VA,AEA,EN,Towers with Radar,99,110,68,12,289,0,4,11,1,16,99,114,79,13,305,0,11,11,316
05/03/2002,ORF,VA,AEA,EN,Towers with Radar,108,132,86,11,337,0,9,60,1,70,108,141,146,12,407,29,0,29,436
05/04/2002,ORF,VA,AEA,EN,Towers with Radar,92,119,49,5,265,0,2,25,0,27,92,121,74,5,292,7,5,12,304
05/05/2002,ORF,VA,AEA,EN,Towers with Radar,71,82,45,4,202,6,0,45,0,51,77,82,90,4,253,5,3,8,261
05/06/2002,ORF,VA,AEA,EN,Towers with Radar,93,130,72,9,304,0,8,53,7,68,93,138,125,16,372,38,37,75,447
05/07/2002,ORF,VA,AEA,EN,Towers with Radar,101,146,49,11,307,0,6,31,1,38,101,152,80,12,345,22,16,38,383
05/08/2002,ORF,VA,AEA,EN,Towers with Radar,100,140,77,5,322,0,5,33,1,39,100,145,110,6,361,16,17,33,394
05/09/2002,ORF,VA,AEA,EN,Towers with Radar,103,132,93,2,330,0,3,20,1,24,103,135,113,3,354,18,14,32,386
05/10/2002,ORF,VA,AEA,EN,Towers with Radar,101,142,72,7,322,0,6,76,8,90,101,148,148,15,412,58,0,58,470
05/11/2002,ORF,VA,AEA,EN,Towers with Radar,74,93,47,2,216,22,4,34,0,60,96,97,81,2,276,32,0,32,308
05/12/2002,ORF,VA,AEA,EN,Towers with Radar,85,99,40,2,226,0,2,35,1,38,85,101,75,3,264,0,0,0,264
05/13/2002,ORF,VA,AEA,EN,Towers with Radar,101,106,34,8,249,0,2,32,6,40,101,108,66,14,289,12,20,32,321
05/14/2002,ORF,VA,AEA,EN,Towers with Radar,101,131,67,6,305,0,11,9,4,24,101,142,76,10,329,74,40,114,443
05/15/2002,ORF,VA,AEA,EN,Towers with Radar,103,137,104,6,350,0,8,68,1,77,103,145,172,7,427,48,8,56,483
05/16/2002,ORF,VA,AEA,EN,Towers with Radar,101,136,57,13,307,0,13,65,7,85,101,149,122,20,392,22,16,38,430
05/17/2002,ORF,VA,AEA,EN,Towers with Radar,104,136,60,6,306,0,18,54,0,72,104,154,114,6,378,56,23,79,457
05/18/2002,ORF,VA,AEA,EN,Towers with Radar,96,102,38,1,237,0,0,8,0,8,96,102,46,1,245,0,0,0,245
05/19/2002,ORF,VA,AEA,EN,Towers with Radar,91,106,71,1,269,0,0,57,0,57,91,106,128,1,326,8,2,10,336
05/20/2002,ORF,VA,AEA,EN,Towers with Radar,98,127,57,7,289,0,9,58,6,73,98,136,115,13,362,29,18,47,409
05/21/2002,ORF,VA,AEA,EN,Towers with Radar,99,136,79,7,321,0,10,32,3,45,99,146,111,10,366,79,45,124,490
05/22/2002,ORF,VA,AEA,EN,Towers with Radar,100,131,87,4,322,0,8,57,1,66,100,139,144,5,388,36,8,44,432
05/23/2002,ORF,VA,AEA,EN,Towers with Radar,100,128,67,5,300,0,10,67,0,77,100,138,134,5,377,25,0,25,402
05/24/2002,ORF,VA,AEA,EN,Towers with Radar,101,138,43,9,291,0,9,68,0,77,101,147,111,9,368,16,0,16,384
05/25/2002,ORF,VA,AEA,EN,Towers with Radar,91,90,36,5,222,0,0,35,0,35,91,90,71,5,257,2,0,2,259
05/26/2002,ORF,VA,AEA,EN,Towers with Radar,83,85,33,5,206,0,0,29,2,31,83,85,62,7,237,3,6,9,246
05/27/2002,ORF,VA,AEA,EN,Towers with Radar,87,100,42,4,233,0,2,42,0,44,87,102,84,4,277,0,0,0,277
05/28/2002,ORF,VA,AEA,EN,Towers with Radar,97,132,69,10,308,0,5,53,0,58,97,137,122,10,366,22,18,40,406
05/29/2002,ORF,VA,AEA,EN,Towers with Radar,103,146,95,6,350,0,2,44,3,49,103,148,139,9,399,31,11,42,441
05/30/2002,ORF,VA,AEA,EN,Towers with Radar,105,134,72,8,319,0,5,47,5,57,105,139,119,13,376,40,38,78,454
05/31/2002,ORF,VA,AEA,EN,Towers with Radar,100,130,56,11,297,0,4,50,0,54,100,134,106,11,351,22,10,32,383
06/01/2002,ORF,VA,AEA,EN,Towers with Radar,97,98,31,3,229,1,1,46,0,48,98,99,77,3,277,0,12,12,289
06/02/2002,ORF,VA,AEA,EN,Towers with Radar,90,87,34,0,211,1,0,48,2,51,91,87,82,2,262,30,27,57,319
06/03/2002,ORF,VA,AEA,EN,Towers with Radar,97,127,37,3,264,1,6,81,5,93,98,133,118,8,357,3,12,15,372
06/04/2002,ORF,VA,AEA,EN,Towers with Radar,99,122,69,12,302,1,4,55,0,60,100,126,124,12,362,18,40,58,420
06/05/2002,ORF,VA,AEA,EN,Towers with Radar,99,125,67,8,299,0,1,65,6,72,99,126,132,14,371,29,2,31,402
06/06/2002,ORF,VA,AEA,EN,Towers with Radar,94,112,48,10,264,1,6,35,3,45,95,118,83,13,309,14,32,46,355
06/07/2002,ORF,VA,AEA,EN,Towers with Radar,107,147,76,6,336,1,2,26,0,29,108,149,102,6,365,9,35,44,409
06/08/2002,ORF,VA,AEA,EN,Towers with Radar,79,94,49,4,226,13,3,41,0,57,92,97,90,4,283,4,13,17,300
06/09/2002,ORF,VA,AEA,EN,Towers with Radar,88,91,42,5,226,1,0,63,0,64,89,91,105,5,290,20,4,24,314
06/10/2002,ORF,VA,AEA,EN,Towers with Radar,91,122,55,8,276,1,5,73,0,79,92,127,128,8,355,21,4,25,380
06/11/2002,ORF,VA,AEA,EN,Towers with Radar,101,130,85,5,321,1,5,63,0,69,102,135,148,5,390,24,4,28,418
06/12/2002,ORF,VA,AEA,EN,Towers with Radar,104,136,72,10,322,0,8,67,14,89,104,144,139,24,411,39,2,41,452
06/13/2002,ORF,VA,AEA,EN,Towers with Radar,104,133,70,9,316,0,3,56,0,59,104,136,126,9,375,0,0,0,375
06/14/2002,ORF,VA,AEA,EN,Towers with Radar,99,137,81,9,326,0,2,36,0,38,99,139,117,9,364,8,0,8,372
06/15/2002,ORF,VA,AEA,EN,Towers with Radar,99,92,49,3,243,0,0,29,0,29,99,92,78,3,272,0,0,0,272
06/16/2002,ORF,VA,AEA,EN,Towers with Radar,95,91,51,1,238,0,0,45,1,46,95,91,96,2,284,8,6,14,298
06/17/2002,ORF,VA,AEA,EN,Towers with Radar,95,129,70,11,305,0,2,64,2,68,95,131,134,13,373,41,34,75,448
06/18/2002,ORF,VA,AEA,EN,Towers with Radar,102,134,73,8,317,0,7,63,2,72,102,141,136,10,389,42,0,42,431
06/19/2002,ORF,VA,AEA,EN,Towers with Radar,106,128,70,11,315,0,4,53,5,62,106,132,123,16,377,0,0,0,377
06/20/2002,ORF,VA,AEA,EN,Towers with Radar,101,128,65,15,309,0,5,41,0,46,101,133,106,15,355,0,0,0,355
06/21/2002,ORF,VA,AEA,EN,Towers with Radar,99,116,61,9,285,4,9,39,4,56,103,125,100,13,341,10,10,20,361
06/22/2002,ORF,VA,AEA,EN,Towers with Radar,100,90,48,10,248,0,0,35,0,35,100,90,83,10,283,4,8,12,295
06/23/2002,ORF,VA,AEA,EN,Towers with Radar,95,92,26,14,227,0,0,55,0,55,95,92,81,14,282,3,13,16,298
06/24/2002,ORF,VA,AEA,EN,Towers with Radar,95,122,82,10,309,0,2,53,1,56,95,124,135,11,365,7,17,24,389
06/25/2002,ORF,VA,AEA,EN,Towers with Radar,103,127,66,9,305,0,1,55,7,63,103,128,121,16,368,18,23,41,409
06/26/2002,ORF,VA,AEA,EN,Towers with Radar,104,126,82,20,332,0,4,46,6,56,104,130,128,26,388,19,12,31,419
06/27/2002,ORF,VA,AEA,EN,Towers with Radar,92,120,82,6,300,0,12,43,0,55,92,132,125,6,355,23,0,23,378
06/28/2002,ORF,VA,AEA,EN,Towers with Radar,109,133,76,8,326,0,3,34,3,40,109,136,110,11,366,32,3,35,401
06/29/2002,ORF,VA,AEA,EN,Towers with Radar,93,91,56,2,242,0,1,58,0,59,93,92,114,2,301,1,0,1,302
06/30/2002,ORF,VA,AEA,EN,Towers with Radar,97,96,47,7,247,0,1,59,0,60,97,97,106,7,307,39,7,46,353
07/01/2002,ORF,VA,AEA,EN,Towers with Radar,96,128,62,2,288,0,8,47,0,55,96,136,109,2,343,41,49,90,433
07/02/2002,ORF,VA,AEA,EN,Towers with Radar,96,123,72,4,295,0,1,42,0,43,96,124,114,4,338,30,2,32,370
07/03/2002,ORF,VA,AEA,EN,Towers with Radar,99,131,75,2,307,0,3,48,3,54,99,134,123,5,361,37,0,37,398
07/04/2002,ORF,VA,AEA,EN,Towers with Radar,88,88,37,2,215,0,1,31,0,32,88,89,68,2,247,2,0,2,249
07/05/2002,ORF,VA,AEA,EN,Towers with Radar,83,105,38,4,230,0,2,31,0,33,83,107,69,4,263,0,0,0,263
07/06/2002,ORF,VA,AEA,EN,Towers with Radar,93,86,39,1,219,0,1,59,0,60,93,87,98,1,279,0,0,0,279
07/07/2002,ORF,VA,AEA,EN,Towers with Radar,92,99,52,2,245,0,0,44,0,44,92,99,96,2,289,12,4,16,305
07/08/2002,ORF,VA,AEA,EN,Towers with Radar,96,126,54,1,277,0,2,22,0,24,96,128,76,1,301,11,14,25,326
07/09/2002,ORF,VA,AEA,EN,Towers with Radar,105,120,88,21,334,0,0,38,0,38,105,120,126,21,372,11,18,29,401
07/10/2002,ORF,VA,AEA,EN,Towers with Radar,103,130,86,9,328,0,1,28,0,29,103,131,114,9,357,11,22,33,390
07/11/2002,ORF,VA,AEA,EN,Towers with Radar,106,126,73,1,306,0,6,41,0,47,106,132,114,1,353,18,18,36,389
07/12/2002,ORF,VA,AEA,EN,Towers with Radar,97,119,71,1,288,0,6,73,3,82,97,125,144,4,370,59,37,96,466
07/13/2002,ORF,VA,AEA,EN,Towers with Radar,77,88,52,3,220,20,0,100,1,121,97,88,152,4,341,71,0,71,412
07/14/2002,ORF,VA,AEA,EN,Towers with Radar,92,97,66,1,256,0,0,12,0,12,92,97,78,1,268,30,6,36,304
07/15/2002,ORF,VA,AEA,EN,Towers with Radar,96,123,69,13,301,0,4,39,2,45,96,127,108,15,346,4,14,18,364
07/16/2002,ORF,VA,AEA,EN,Towers with Radar,101,118,96,4,319,0,5,54,1,60,101,123,150,5,379,17,35,52,431
07/17/2002,ORF,VA,AEA,EN,Towers with Radar,100,123,76,5,304,0,6,56,2,64,100,129,132,7,368,34,53,87,455
07/18/2002,ORF,VA,AEA,EN,Towers with Radar,97,128,57,5,287,0,3,41,1,45,97,131,98,6,332,50,16,66,398
07/19/2002,ORF,VA,AEA,EN,Towers with Radar,107,123,66,8,304,0,2,34,0,36,107,125,100,8,340,30,23,53,393
07/20/2002,ORF,VA,AEA,EN,Towers with Radar,104,98,66,2,270,0,2,35,0,37,104,100,101,2,307,4,20,24,331
07/21/2002,ORF,VA,AEA,EN,Towers with Radar,93,98,66,2,259,0,0,51,0,51,93,98,117,2,310,2,1,3,313
07/22/2002,ORF,VA,AEA,EN,Towers with Radar,92,116,58,5,271,0,1,52,1,54,92,117,110,6,325,1,17,18,343
07/23/2002,ORF,VA,AEA,EN,Towers with Radar,99,122,55,7,283,0,2,30,0,32,99,124,85,7,315,23,58,81,396
07/24/2002,ORF,VA,AEA,EN,Towers with Radar,103,133,68,4,308,0,1,29,3,33,103,134,97,7,341,22,17,39,380
07/25/2002,ORF,VA,AEA,EN,Towers with Radar,101,135,77,4,317,0,0,3,2,5,101,135,80,6,322,11,12,23,345
07/26/2002,ORF,VA,AEA,EN,Towers with Radar,101,128,78,5,312,0,1,12,2,15,101,129,90,7,327,0,6,6,333
07/27/2002,ORF,VA,AEA,EN,Towers with Radar,97,89,69,1,256,0,0,32,0,32,97,89,101,1,288,48,14,62,350
07/28/2002,ORF,VA,AEA,EN,Towers with Radar,94,90,43,0,227,0,2,48,0,50,94,92,91,0,277,22,2,24,301
07/29/2002,ORF,VA,AEA,EN,Towers with Radar,96,120,54,3,273,0,1,52,0,53,96,121,106,3,326,26,0,26,352
07/30/2002,ORF,VA,AEA,EN,Towers with Radar,101,127,85,6,319,0,0,51,0,51,101,127,136,6,370,26,20,46,416
07/31/2002,ORF,VA,AEA,EN,Towers with Radar,102,130,65,1,298,0,1,55,2,58,102,131,120,3,356,18,21,39,395
08/01/2002,ORF,VA,AEA,EN,Towers with Radar,104,145,93,3,345,2,2,39,0,43,106,147,132,3,388,18,16,34,422
08/02/2002,ORF,VA,AEA,EN,Towers with Radar,106,124,62,3,295,2,3,50,2,57,108,127,112,5,352,34,6,40,392
08/03/2002,ORF,VA,AEA,EN,Towers with Radar,105,92,41,1,239,2,0,54,0,56,107,92,95,1,295,41,12,53,348
08/04/2002,ORF,VA,AEA,EN,Towers with Radar,88,91,43,0,222,2,0,54,0,56,90,91,97,0,278,8,0,8,286
08/05/2002,ORF,VA,AEA,EN,Towers with Radar,93,116,51,5,265,2,3,53,0,58,95,119,104,5,323,4,28,32,355
08/06/2002,ORF,VA,AEA,EN,Towers with Radar,97,125,64,10,296,2,1,24,1,28,99,126,88,11,324,42,33,75,399
08/07/2002,ORF,VA,AEA,EN,Towers with Radar,100,134,71,4,309,0,1,49,2,52,100,135,120,6,361,69,33,102,463
08/08/2002,ORF,VA,AEA,EN,Towers with Radar,95,130,79,5,309,2,1,63,1,67,97,131,142,6,376,84,24,108,484
08/09/2002,ORF,VA,AEA,EN,Towers with Radar,95,135,74,5,309,1,3,83,0,87,96,138,157,5,396,48,48,96,492
08/10/2002,ORF,VA,AEA,EN,Towers with Radar,91,82,46,2,221,1,2,50,0,53,92,84,96,2,274,40,18,58,332
08/11/2002,ORF,VA,AEA,EN,Towers with Radar,90,91,70,0,251,1,1,69,0,71,91,92,139,0,322,34,0,34,356
08/12/2002,ORF,VA,AEA,EN,Towers with Radar,92,124,57,1,274,1,1,30,0,32,93,125,87,1,306,24,23,47,353
08/13/2002,ORF,VA,AEA,EN,Towers with Radar,96,122,69,5,292,1,3,74,0,78,97,125,143,5,370,10,28,38,408
08/14/2002,ORF,VA,AEA,EN,Towers with Radar,99,126,74,4,303,0,0,83,1,84,99,126,157,5,387,22,38,60,447
08/15/2002,ORF,VA,AEA,EN,Towers with Radar,99,118,66,5,288,1,4,36,1,42,100,122,102,6,330,66,88,154,484
08/16/2002,ORF,VA,AEA,EN,Towers with Radar,98,121,71,3,293,1,1,37,0,39,99,122,108,3,332,16,14,30,362
08/17/2002,ORF,VA,AEA,EN,Towers with Radar,95,88,37,4,224,1,1,42,0,44,96,89,79,4,268,5,2,7,275
08/18/2002,ORF,VA,AEA,EN,Towers with Radar,93,90,38,1,222,1,0,33,0,34,94,90,71,1,256,0,0,0,256
08/19/2002,ORF,VA,AEA,EN,Towers with Radar,91,122,37,10,260,1,0,19,0,20,92,122,56,10,280,31,0,31,311
08/20/2002,ORF,VA,AEA,EN,Towers with Radar,100,135,76,4,315,0,0,36,2,38,100,135,112,6,353,15,25,40,393
08/21/2002,ORF,VA,AEA,EN,Towers with Radar,98,131,75,3,307,0,0,54,0,54,98,131,129,3,361,48,61,109,470
08/22/2002,ORF,VA,AEA,EN,Towers with Radar,97,134,65,5,301,1,1,63,1,66,98,135,128,6,367,38,43,81,448
08/23/2002,ORF,VA,AEA,EN,Towers with Radar,82,127,69,7,285,1,0,57,0,58,83,127,126,7,343,34,22,56,399
08/24/2002,ORF,VA,AEA,EN,Towers with Radar,92,87,27,0,206,1,0,24,0,25,93,87,51,0,231,0,1,1,232
08/25/2002,ORF,VA,AEA,EN,Towers with Radar,91,99,53,1,244,1,0,78,0,79,92,99,131,1,323,8,6,14,337
08/26/2002,ORF,VA,AEA,EN,Towers with Radar,89,127,54,5,275,1,1,24,0,26,90,128,78,5,301,4,6,10,311
08/27/2002,ORF,VA,AEA,EN,Towers with Radar,99,128,74,6,307,1,0,10,0,11,100,128,84,6,318,20,26,46,364
08/28/2002,ORF,VA,AEA,EN,Towers with Radar,96,139,80,2,317,1,0,4,0,5,97,139,84,2,322,8,18,26,348
08/29/2002,ORF,VA,AEA,EN,Towers with Radar,98,128,68,4,298,0,8,30,1,39,98,136,98,5,337,0,0,0,337
08/30/2002,ORF,VA,AEA,EN,Towers with Radar,101,124,66,3,294,0,9,5,3,17,101,133,71,6,311,0,0,0,311
08/31/2002,ORF,VA,AEA,EN,Towers with Radar,62,76,41,1,180,30,8,5,0,43,92,84,46,1,223,0,0,0,223
09/01/2002,ORF,VA,AEA,EN,Towers with Radar,80,66,51,0,197,1,6,6,1,14,81,72,57,1,211,0,0,0,211
09/02/2002,ORF,VA,AEA,EN,Towers with Radar,85,100,55,0,240,2,2,12,0,16,87,102,67,0,256,0,0,0,256
09/03/2002,ORF,VA,AEA,EN,Towers with Radar,92,130,59,3,284,2,1,58,4,65,94,131,117,7,349,38,59,97,446
09/04/2002,ORF,VA,AEA,EN,Towers with Radar,95,122,61,6,284,2,1,49,1,53,97,123,110,7,337,22,29,51,388
09/05/2002,ORF,VA,AEA,EN,Towers with Radar,100,138,76,7,321,2,3,55,0,60,102,141,131,7,381,0,0,0,381
09/06/2002,ORF,VA,AEA,EN,Towers with Radar,96,123,72,6,297,4,2,52,0,58,100,125,124,6,355,0,0,0,355
09/07/2002,ORF,VA,AEA,EN,Towers with Radar,90,84,33,2,209,2,1,37,0,40,92,85,70,2,249,0,0,0,249
09/08/2002,ORF,VA,AEA,EN,Towers with Radar,84,91,74,5,254,2,1,47,0,50,86,92,121,5,304,0,0,0,304
09/09/2002,ORF,VA,AEA,EN,Towers with Radar,88,125,53,4,270,2,1,18,1,22,90,126,71,5,292,78,21,99,391
09/10/2002,ORF,VA,AEA,EN,Towers with Radar,89,124,45,4,262,2,1,1,0,4,91,125,46,4,266,1,9,10,276
09/11/2002,ORF,VA,AEA,EN,Towers with Radar,92,114,32,8,246,2,6,23,5,36,94,120,55,13,282,14,1,15,297
09/12/2002,ORF,VA,AEA,EN,Towers with Radar,95,138,76,4,313,0,0,66,7,73,95,138,142,11,386,31,0,31,417
09/13/2002,ORF,VA,AEA,EN,Towers with Radar,94,127,77,4,302,2,8,88,4,102,96,135,165,8,404,21,4,25,429
09/14/2002,ORF,VA,AEA,EN,Towers with Radar,87,90,40,12,229,3,1,36,2,42,90,91,76,14,271,1,1,2,273
09/15/2002,ORF,VA,AEA,EN,Towers with Radar,87,85,33,2,207,2,1,15,0,18,89,86,48,2,225,29,4,33,258
09/16/2002,ORF,VA,AEA,EN,Towers with Radar,93,128,47,3,271,2,2,5,0,9,95,130,52,3,280,4,9,13,293
09/17/2002,ORF,VA,AEA,EN,Towers with Radar,98,128,72,4,302,0,0,60,1,61,98,128,132,5,363,27,10,37,400
09/18/2002,ORF,VA,AEA,EN,Towers with Radar,96,130,99,6,331,2,5,50,1,58,98,135,149,7,389,24,31,55,444
09/19/2002,ORF,VA,AEA,EN,Towers with Radar,95,123,75,4,297,0,0,34,0,34,95,123,109,4,331,23,21,44,375
09/20/2002,ORF,VA,AEA,EN,Towers with Radar,93,133,91,6,323,2,2,54,0,58,95,135,145,6,381,42,0,42,423
09/21/2002,ORF,VA,AEA,EN,Towers with Radar,87,83,54,1,225,2,3,45,2,52,89,86,99,3,277,12,0,12,289
09/22/2002,ORF,VA,AEA,EN,Towers with Radar,85,90,50,0,225,2,2,58,0,62,87,92,108,0,287,45,14,59,346
09/23/2002,ORF,VA,AEA,EN,Towers with Radar,89,131,60,2,282,2,1,15,0,18,91,132,75,2,300,8,17,25,325
09/24/2002,ORF,VA,AEA,EN,Towers with Radar,93,129,54,2,278,2,1,60,0,63,95,130,114,2,341,0,0,0,341
09/25/2002,ORF,VA,AEA,EN,Towers with Radar,87,133,74,1,295,0,0,30,0,30,87,133,104,1,325,2,4,6,331
09/26/2002,ORF,VA,AEA,EN,Towers with Radar,94,124,65,4,287,0,14,5,0,19,94,138,70,4,306,0,6,6,312
09/27/2002,ORF,VA,AEA,EN,Towers with Radar,95,130,78,5,308,2,6,10,0,18,97,136,88,5,326,6,8,14,340
09/28/2002,ORF,VA,AEA,EN,Towers with Radar,62,79,43,1,185,29,10,24,0,63,91,89,67,1,248,0,6,6,254
09/29/2002,ORF,VA,AEA,EN,Towers with Radar,85,85,49,0,219,1,1,56,0,58,86,86,105,0,277,14,2,16,293
09/30/2002,ORF,VA,AEA,EN,Towers with Radar,87,129,69,1,286,1,1,40,2,44,88,130,109,3,330,33,15,48,378
10/01/2002,ORF,VA,AEA,EN,Towers with Radar,89,124,73,1,287,2,3,63,0,68,91,127,136,1,355,49,48,97,452
10/02/2002,ORF,VA,AEA,EN,Towers with Radar,95,127,83,5,310,1,4,76,2,83,96,131,159,7,393,0,0,0,393
10/03/2002,ORF,VA,AEA,EN,Towers with Radar,94,119,62,3,278,1,2,69,2,74,95,121,131,5,352,0,0,0,352
10/04/2002,ORF,VA,AEA,EN,Towers with Radar,95,115,81,1,292,1,2,41,0,44,96,117,122,1,336,0,0,0,336
10/05/2002,ORF,VA,AEA,EN,Towers with Radar,87,82,33,7,209,1,1,58,0,60,88,83,91,7,269,0,0,0,269
10/06/2002,ORF,VA,AEA,EN,Towers with Radar,81,96,67,0,244,1,1,39,0,41,82,97,106,0,285,0,0,0,285
10/07/2002,ORF,VA,AEA,EN,Towers with Radar,83,107,62,2,254,5,9,23,0,37,88,116,85,2,291,0,0,0,291
10/08/2002,ORF,VA,AEA,EN,Towers with Radar,93,117,80,3,293,0,0,21,7,28,93,117,101,10,321,0,0,0,321
10/09/2002,ORF,VA,AEA,EN,Towers with Radar,91,125,85,6,307,1,0,50,2,53,92,125,135,8,360,0,0,0,360
10/10/2002,ORF,VA,AEA,EN,Towers with Radar,87,129,87,4,307,0,0,14,3,17,87,129,101,7,324,6,15,21,345
10/11/2002,ORF,VA,AEA,EN,Towers with Radar,89,109,66,2,266,0,0,7,0,7,89,109,73,2,273,1,10,11,284
10/12/2002,ORF,VA,AEA,EN,Towers with Radar,84,86,54,0,224,1,0,3,0,4,85,86,57,0,228,0,0,0,228
10/13/2002,ORF,VA,AEA,EN,Towers with Radar,80,93,41,1,215,1,1,41,1,44,81,94,82,2,259,0,0,0,259
10/14/2002,ORF,VA,AEA,EN,Towers with Radar,58,75,44,2,179,24,27,32,1,84,82,102,76,3,263,28,1,29,292
10/15/2002,ORF,VA,AEA,EN,Towers with Radar,91,125,68,3,287,0,4,23,0,27,91,129,91,3,314,0,0,0,314
10/16/2002,ORF,VA,AEA,EN,Towers with Radar,90,108,69,3,270,0,0,3,0,3,90,108,72,3,273,4,11,15,288
10/17/2002,ORF,VA,AEA,EN,Towers with Radar,90,131,86,0,307,0,4,70,0,74,90,135,156,0,381,0,0,0,381
10/18/2002,ORF,VA,AEA,EN,Towers with Radar,92,120,55,4,271,0,3,78,0,81,92,123,133,4,352,0,0,0,352
10/19/2002,ORF,VA,AEA,EN,Towers with Radar,65,81,48,1,195,22,15,86,8,131,87,96,134,9,326,0,0,0,326
10/20/2002,ORF,VA,AEA,EN,Towers with Radar,82,101,55,0,238,0,1,60,0,61,82,102,115,0,299,0,0,0,299
10/21/2002,ORF,VA,AEA,EN,Towers with Radar,87,116,56,2,261,0,1,4,0,5,87,117,60,2,266,0,0,0,266
10/22/2002,ORF,VA,AEA,EN,Towers with Radar,93,119,79,1,292,0,2,42,2,46,93,121,121,3,338,0,0,0,338
10/23/2002,ORF,VA,AEA,EN,Towers with Radar,88,128,93,2,311,0,1,60,4,65,88,129,153,6,376,0,0,0,376
10/24/2002,ORF,VA,AEA,EN,Towers with Radar,95,122,87,1,305,0,1,32,3,36,95,123,119,4,341,0,0,0,341
10/25/2002,ORF,VA,AEA,EN,Towers with Radar,94,117,82,2,295,0,1,12,0,13,94,118,94,2,308,0,0,0,308
10/26/2002,ORF,VA,AEA,EN,Towers with Radar,86,87,45,0,218,0,1,48,2,51,86,88,93,2,269,0,0,0,269
10/27/2002,ORF,VA,AEA,EN,Towers with Radar,83,97,44,4,228,0,1,76,2,79,83,98,120,6,307,0,0,0,307
10/28/2002,ORF,VA,AEA,EN,Towers with Radar,87,121,58,3,269,0,1,5,2,8,87,122,63,5,277,0,0,0,277
10/29/2002,ORF,VA,AEA,EN,Towers with Radar,92,119,72,0,283,0,1,4,0,5,92,120,76,0,288,0,0,0,288
10/30/2002,ORF,VA,AEA,EN,Towers with Radar,94,127,56,0,277,0,1,0,0,1,94,128,56,0,278,0,0,0,278
10/31/2002,ORF,VA,AEA,EN,Towers with Radar,92,118,76,2,288,0,0,29,0,29,92,118,105,2,317,0,0,0,317
11/01/2002,ORF,VA,AEA,EN,Towers with Radar,88,114,63,3,268,3,7,49,0,59,91,121,112,3,327,0,0,0,327
11/02/2002,ORF,VA,AEA,EN,Towers with Radar,59,79,40,3,181,15,4,48,4,71,74,83,88,7,252,0,0,0,252
11/03/2002,ORF,VA,AEA,EN,Towers with Radar,65,88,45,0,198,14,9,78,0,101,79,97,123,0,299,0,0,0,299
11/04/2002,ORF,VA,AEA,EN,Towers with Radar,90,124,63,3,280,0,0,27,0,27,90,124,90,3,307,0,0,0,307
11/05/2002,ORF,VA,AEA,EN,Towers with Radar,94,134,74,3,305,0,0,15,0,15,94,134,89,3,320,0,0,0,320
11/06/2002,ORF,VA,AEA,EN,Towers with Radar,95,133,60,4,292,0,6,0,2,8,95,139,60,6,300,0,6,6,306
11/07/2002,ORF,VA,AEA,EN,Towers with Radar,90,134,94,5,323,3,7,70,0,80,93,141,164,5,403,8,22,30,433
11/08/2002,ORF,VA,AEA,EN,Towers with Radar,90,124,63,3,280,0,10,81,0,91,90,134,144,3,371,0,0,0,371
11/09/2002,ORF,VA,AEA,EN,Towers with Radar,70,94,47,2,213,10,0,120,0,130,80,94,167,2,343,0,0,0,343
11/10/2002,ORF,VA,AEA,EN,Towers with Radar,69,82,47,0,198,6,0,69,0,75,75,82,116,0,273,0,0,0,273
11/11/2002,ORF,VA,AEA,EN,Towers with Radar,86,111,27,0,224,3,4,15,0,22,89,115,42,0,246,0,0,0,246
11/12/2002,ORF,VA,AEA,EN,Towers with Radar,70,94,42,3,209,20,29,0,1,50,90,123,42,4,259,0,0,0,259
11/13/2002,ORF,VA,AEA,EN,Towers with Radar,90,132,71,3,296,0,0,2,0,2,90,132,73,3,298,0,0,0,298
11/14/2002,ORF,VA,AEA,EN,Towers with Radar,90,140,76,4,310,0,0,80,4,84,90,140,156,8,394,0,0,0,394
11/15/2002,ORF,VA,AEA,EN,Towers with Radar,91,139,54,7,291,3,13,53,0,69,94,152,107,7,360,0,0,0,360
11/16/2002,ORF,VA,AEA,EN,Towers with Radar,73,91,20,9,193,3,4,3,0,10,76,95,23,9,203,0,0,0,203
11/17/2002,ORF,VA,AEA,EN,Towers with Radar,80,82,34,0,196,3,4,1,0,8,83,86,35,0,204,0,0,0,204
11/18/2002,ORF,VA,AEA,EN,Towers with Radar,87,123,56,5,271,3,5,59,0,67,90,128,115,5,338,20,12,32,370
11/19/2002,ORF,VA,AEA,EN,Towers with Radar,88,129,50,9,276,3,10,49,17,79,91,139,99,26,355,7,41,48,403
11/20/2002,ORF,VA,AEA,EN,Towers with Radar,86,132,68,6,292,4,7,53,2,66,90,139,121,8,358,50,23,73,431
11/21/2002,ORF,VA,AEA,EN,Towers with Radar,90,125,81,4,300,0,0,19,0,19,90,125,100,4,319,0,0,0,319
11/22/2002,ORF,VA,AEA,EN,Towers with Radar,91,146,77,4,318,0,0,19,13,32,91,146,96,17,350,7,12,19,369
11/23/2002,ORF,VA,AEA,EN,Towers with Radar,76,94,31,2,203,3,6,44,1,54,79,100,75,3,257,32,12,44,301
11/24/2002,ORF,VA,AEA,EN,Towers with Radar,77,90,46,0,213,3,4,74,0,81,80,94,120,0,294,40,18,58,352
11/25/2002,ORF,VA,AEA,EN,Towers with Radar,84,124,71,5,284,3,13,62,0,78,87,137,133,5,362,2,17,19,381
11/26/2002,ORF,VA,AEA,EN,Towers with Radar,93,126,116,8,343,3,10,48,1,62,96,136,164,9,405,69,24,93,498
11/27/2002,ORF,VA,AEA,EN,Towers with Radar,95,131,71,2,299,3,13,34,1,51,98,144,105,3,350,44,13,57,407
11/28/2002,ORF,VA,AEA,EN,Towers with Radar,69,82,26,0,177,3,3,25,0,31,72,85,51,0,208,14,0,14,222
11/29/2002,ORF,VA,AEA,EN,Towers with Radar,65,91,49,1,206,3,5,41,0,49,68,96,90,1,255,88,0,88,343
11/30/2002,ORF,VA,AEA,EN,Towers with Radar,73,90,38,0,201,2,4,30,0,36,75,94,68,0,237,0,0,0,237
12/01/2002,ORF,VA,AEA,EN,Towers with Radar,75,91,64,2,232,3,2,48,0,53,78,93,112,2,285,22,2,24,309
12/02/2002,ORF,VA,AEA,EN,Towers with Radar,82,124,58,2,266,3,2,72,0,77,85,126,130,2,343,10,42,52,395
12/03/2002,ORF,VA,AEA,EN,Towers with Radar,94,128,41,5,268,3,6,43,1,53,97,134,84,6,321,38,37,75,396
12/04/2002,ORF,VA,AEA,EN,Towers with Radar,85,131,51,1,268,4,2,21,0,27,89,133,72,1,295,0,0,0,295
12/05/2002,ORF,VA,AEA,EN,Towers with Radar,77,103,39,0,219,3,2,0,0,5,80,105,39,0,224,0,0,0,224
12/06/2002,ORF,VA,AEA,EN,Towers with Radar,92,116,55,7,270,3,4,40,3,50,95,120,95,10,320,54,38,92,412
12/07/2002,ORF,VA,AEA,EN,Towers with Radar,76,91,29,1,197,2,2,64,2,70,78,93,93,3,267,33,4,37,304
12/08/2002,ORF,VA,AEA,EN,Towers with Radar,74,100,60,2,236,2,3,54,0,59,76,103,114,2,295,5,0,5,300
12/09/2002,ORF,VA,AEA,EN,Towers with Radar,84,121,69,2,276,2,6,31,1,40,86,127,100,3,316,0,0,0,316
12/10/2002,ORF,VA,AEA,EN,Towers with Radar,94,122,62,1,279,2,2,5,0,9,96,124,67,1,288,6,10,16,304
12/11/2002,ORF,VA,AEA,EN,Towers with Radar,90,112,43,7,252,2,2,1,2,7,92,114,44,9,259,0,0,0,259
12/12/2002,ORF,VA,AEA,EN,Towers with Radar,97,127,82,5,311,2,4,49,2,57,99,131,131,7,368,52,21,73,441
12/13/2002,ORF,VA,AEA,EN,Towers with Radar,93,135,72,0,300,2,3,3,1,9,95,138,75,1,309,0,8,8,317
12/14/2002,ORF,VA,AEA,EN,Towers with Radar,78,88,18,0,184,2,6,8,1,17,80,94,26,1,201,0,0,0,201
12/15/2002,ORF,VA,AEA,EN,Towers with Radar,81,85,41,0,207,2,3,63,0,68,83,88,104,0,275,40,8,48,323
12/16/2002,ORF,VA,AEA,EN,Towers with Radar,89,125,59,1,274,0,0,43,5,48,89,125,102,6,322,12,14,26,348
12/17/2002,ORF,VA,AEA,EN,Towers with Radar,95,138,68,2,303,0,0,65,0,65,95,138,133,2,368,22,36,58,426
12/18/2002,ORF,VA,AEA,EN,Towers with Radar,96,130,71,2,299,0,0,56,0,56,96,130,127,2,355,0,0,0,355
12/19/2002,ORF,VA,AEA,EN,Towers with Radar,95,129,60,3,287,2,7,43,1,53,97,136,103,4,340,29,39,68,408
12/20/2002,ORF,VA,AEA,EN,Towers with Radar,100,119,72,0,291,2,15,11,0,28,102,134,83,0,319,0,0,0,319
12/21/2002,ORF,VA,AEA,EN,Towers with Radar,80,94,53,0,227,2,2,38,0,42,82,96,91,0,269,0,0,0,269
12/22/2002,ORF,VA,AEA,EN,Towers with Radar,78,88,38,0,204,2,2,39,0,43,80,90,77,0,247,1,1,2,249
12/23/2002,ORF,VA,AEA,EN,Towers with Radar,85,120,36,2,243,2,2,39,0,43,87,122,75,2,286,33,0,33,319
12/24/2002,ORF,VA,AEA,EN,Towers with Radar,85,113,22,0,220,2,5,9,0,16,87,118,31,0,236,0,0,0,236
12/25/2002,ORF,VA,AEA,EN,Towers with Radar,78,73,6,0,157,2,2,2,0,6,80,75,8,0,163,0,0,0,163
12/26/2002,ORF,VA,AEA,EN,Towers with Radar,90,109,62,1,262,2,4,25,0,31,92,113,87,1,293,0,0,0,293
12/27/2002,ORF,VA,AEA,EN,Towers with Radar,92,115,37,1,245,2,5,63,1,71,94,120,100,2,316,22,14,36,352
12/28/2002,ORF,VA,AEA,EN,Towers with Radar,71,93,54,0,218,2,2,36,1,41,73,95,90,1,259,22,2,24,283
12/29/2002,ORF,VA,AEA,EN,Towers with Radar,74,87,39,0,200,2,2,51,0,55,76,89,90,0,255,21,0,21,276
12/30/2002,ORF,VA,AEA,EN,Towers with Radar,85,126,57,0,268,2,2,48,1,53,87,128,105,1,321,12,7,19,340
12/31/2002,ORF,VA,AEA,EN,Towers with Radar,80,108,22,0,210,2,3,51,0,56,82,111,73,0,266,40,16,56,322
01/01/2003,ORF,VA,AEA,EN,Towers with Radar,67,85,36,3,191,0,0,6,0,6,67,85,42,3,197,0,0,0,197
01/02/2003,ORF,VA,AEA,EN,Towers with Radar,85,122,55,3,265,0,0,10,0,10,85,122,65,3,275,0,0,0,275
01/03/2003,ORF,VA,AEA,EN,Towers with Radar,81,113,26,2,222,14,20,0,1,35,95,133,26,3,257,0,0,0,257
01/04/2003,ORF,VA,AEA,EN,Towers with Radar,75,85,36,0,196,0,0,46,1,47,75,85,82,1,243,6,13,19,262
01/05/2003,ORF,VA,AEA,EN,Towers with Radar,70,86,45,2,203,0,0,47,0,47,70,86,92,2,250,2,1,3,253
01/06/2003,ORF,VA,AEA,EN,Towers with Radar,81,116,44,2,243,1,1,21,0,23,82,117,65,2,266,5,23,28,294
01/07/2003,ORF,VA,AEA,EN,Towers with Radar,87,129,42,7,265,0,0,21,0,21,87,129,63,7,286,11,27,38,324
01/08/2003,ORF,VA,AEA,EN,Towers with Radar,87,130,52,5,274,0,0,33,2,35,87,130,85,7,309,9,28,37,346
01/09/2003,ORF,VA,AEA,EN,Towers with Radar,86,128,43,8,265,0,1,36,0,37,86,129,79,8,302,0,0,0,302
01/10/2003,ORF,VA,AEA,EN,Towers with Radar,86,121,63,5,275,0,0,39,4,43,86,121,102,9,318,20,29,49,367
01/11/2003,ORF,VA,AEA,EN,Towers with Radar,62,87,32,1,182,4,0,50,0,54,66,87,82,1,236,2,3,5,241
01/12/2003,ORF,VA,AEA,EN,Towers with Radar,70,79,47,1,197,0,0,58,0,58,70,79,105,1,255,8,8,16,271
01/13/2003,ORF,VA,AEA,EN,Towers with Radar,81,123,42,2,248,0,0,35,2,37,81,123,77,4,285,11,18,29,314
01/14/2003,ORF,VA,AEA,EN,Towers with Radar,84,116,50,0,250,0,0,37,0,37,84,116,87,0,287,18,14,32,319
01/15/2003,ORF,VA,AEA,EN,Towers with Radar,84,137,51,8,280,0,2,41,0,43,84,139,92,8,323,38,28,66,389
01/16/2003,ORF,VA,AEA,EN,Towers with Radar,82,124,61,4,271,0,0,37,0,37,82,124,98,4,308,14,10,24,332
01/17/2003,ORF,VA,AEA,EN,Towers with Radar,84,129,19,3,235,0,0,7,0,7,84,129,26,3,242,0,2,2,244
01/18/2003,ORF,VA,AEA,EN,Towers with Radar,64,82,31,0,177,0,0,26,0,26,64,82,57,0,203,12,2,14,217
01/19/2003,ORF,VA,AEA,EN,Towers with Radar,72,83,20,1,176,0,0,31,0,31,72,83,51,1,207,5,0,5,212
01/20/2003,ORF,VA,AEA,EN,Towers with Radar,68,97,37,0,202,12,20,48,0,80,80,117,85,0,282,16,6,22,304
01/21/2003,ORF,VA,AEA,EN,Towers with Radar,85,122,53,3,263,0,2,11,0,13,85,124,64,3,276,7,4,11,287
01/22/2003,ORF,VA,AEA,EN,Towers with Radar,84,135,58,1,278,0,2,40,2,44,84,137,98,3,322,6,5,11,333
01/23/2003,ORF,VA,AEA,EN,Towers with Radar,83,122,37,3,245,0,0,1,0,1,83,122,38,3,246,0,0,0,246
01/24/2003,ORF,VA,AEA,EN,Towers with Radar,86,133,52,2,273,0,1,6,0,7,86,134,58,2,280,30,0,30,310
01/25/2003,ORF,VA,AEA,EN,Towers with Radar,67,88,37,4,196,0,0,66,0,66,67,88,103,4,262,11,0,11,273
01/26/2003,ORF,VA,AEA,EN,Towers with Radar,70,90,33,4,197,0,0,37,0,37,70,90,70,4,234,22,5,27,261
01/27/2003,ORF,VA,AEA,EN,Towers with Radar,77,123,54,0,254,0,0,15,0,15,77,123,69,0,269,4,3,7,276
01/28/2003,ORF,VA,AEA,EN,Towers with Radar,88,129,65,5,287,0,0,35,0,35,88,129,100,5,322,0,0,0,322
01/29/2003,ORF,VA,AEA,EN,Towers with Radar,84,137,62,3,286,0,0,10,3,13,84,137,72,6,299,0,26,26,325
01/30/2003,ORF,VA,AEA,EN,Towers with Radar,88,136,56,0,280,0,0,0,0,0,88,136,56,0,280,0,2,2,282
01/31/2003,ORF,VA,AEA,EN,Towers with Radar,58,82,32,1,173,30,33,1,4,68,88,115,33,5,241,0,0,0,241
02/01/2003,ORF,VA,AEA,EN,Towers with Radar,64,91,17,4,176,1,0,5,0,6,65,91,22,4,182,0,0,0,182
02/02/2003,ORF,VA,AEA,EN,Towers with Radar,68,93,28,6,195,1,2,72,0,75,69,95,100,6,270,19,2,21,291
02/03/2003,ORF,VA,AEA,EN,Towers with Radar,81,121,56,4,262,0,1,48,1,50,81,122,104,5,312,10,11,21,333
02/04/2003,ORF,VA,AEA,EN,Towers with Radar,83,128,52,10,273,0,0,5,2,7,83,128,57,12,280,0,0,0,280
02/05/2003,ORF,VA,AEA,EN,Towers with Radar,83,134,54,7,278,0,10,37,2,49,83,144,91,9,327,0,0,0,327
02/06/2003,ORF,VA,AEA,EN,Towers with Radar,82,129,77,2,290,0,2,38,2,42,82,131,115,4,332,5,0,5,337
02/07/2003,ORF,VA,AEA,EN,Towers with Radar,85,130,48,9,272,0,1,7,0,8,85,131,55,9,280,0,0,0,280
02/08/2003,ORF,VA,AEA,EN,Towers with Radar,63,89,49,4,205,0,1,35,0,36,63,90,84,4,241,0,0,0,241
02/09/2003,ORF,VA,AEA,EN,Towers with Radar,70,97,40,0,207,0,0,44,4,48,70,97,84,4,255,4,6,10,265
02/10/2003,ORF,VA,AEA,EN,Towers with Radar,80,126,52,0,258,0,2,2,0,4,80,128,54,0,262,0,0,0,262
02/11/2003,ORF,VA,AEA,EN,Towers with Radar,82,128,102,5,317,0,0,57,4,61,82,128,159,9,378,22,27,49,427
02/12/2003,ORF,VA,AEA,EN,Towers with Radar,87,137,69,2,295,0,6,21,3,30,87,143,90,5,325,0,24,24,349
02/13/2003,ORF,VA,AEA,EN,Towers with Radar,90,128,53,6,277,0,2,40,0,42,90,130,93,6,319,43,66,109,428
02/14/2003,ORF,VA,AEA,EN,Towers with Radar,96,124,64,2,286,0,0,30,1,31,96,124,94,3,317,34,41,75,392
02/15/2003,ORF,VA,AEA,EN,Towers with Radar,68,100,24,0,192,0,0,1,0,1,68,100,25,0,193,0,0,0,193
02/16/2003,ORF,VA,AEA,EN,Towers with Radar,58,48,17,0,123,0,0,0,0,0,58,48,17,0,123,0,0,0,123
02/17/2003,ORF,VA,AEA,EN,Towers with Radar,74,47,20,1,142,0,0,0,0,0,74,47,20,1,142,0,0,0,142
02/18/2003,ORF,VA,AEA,EN,Towers with Radar,83,97,79,1,260,0,0,16,0,16,83,97,95,1,276,8,0,8,284
02/19/2003,ORF,VA,AEA,EN,Towers with Radar,93,134,81,7,315,0,0,48,2,50,93,134,129,9,365,2,0,2,367
02/20/2003,ORF,VA,AEA,EN,Towers with Radar,90,133,100,1,324,0,4,35,0,39,90,137,135,1,363,10,20,30,393
02/21/2003,ORF,VA,AEA,EN,Towers with Radar,88,135,69,3,295,0,8,37,0,45,88,143,106,3,340,25,48,73,413
02/22/2003,ORF,VA,AEA,EN,Towers with Radar,69,85,16,0,170,0,0,0,0,0,69,85,16,0,170,0,0,0,170
02/23/2003,ORF,VA,AEA,EN,Towers with Radar,92,83,40,0,215,0,0,11,1,12,92,83,51,1,227,0,2,2,229
02/24/2003,ORF,VA,AEA,EN,Towers with Radar,86,126,50,2,264,0,1,31,2,34,86,127,81,4,298,3,46,49,347
02/25/2003,ORF,VA,AEA,EN,Towers with Radar,87,120,43,5,255,0,3,14,2,19,87,123,57,7,274,6,6,12,286
02/26/2003,ORF,VA,AEA,EN,Towers with Radar,88,116,52,1,257,0,0,1,0,1,88,116,53,1,258,0,0,0,258
02/27/2003,ORF,VA,AEA,EN,Towers with Radar,91,116,34,0,241,0,0,0,0,0,91,116,34,0,241,0,0,0,241
02/28/2003,ORF,VA,AEA,EN,Towers with Radar,93,129,68,1,291,0,0,2,0,2,93,129,70,1,293,4,12,16,309
03/01/2003,ORF,VA,AEA,EN,Towers with Radar,72,99,55,0,226,0,0,39,0,39,72,99,94,0,265,15,2,17,282
03/02/2003,ORF,VA,AEA,EN,Towers with Radar,77,93,37,1,208,0,0,17,0,17,77,93,54,1,225,4,0,4,229
03/03/2003,ORF,VA,AEA,EN,Towers with Radar,90,121,47,1,259,0,0,54,0,54,90,121,101,1,313,28,22,50,363
03/04/2003,ORF,VA,AEA,EN,Towers with Radar,89,125,71,0,285,0,4,41,0,45,89,129,112,0,330,10,0,10,340
03/05/2003,ORF,VA,AEA,EN,Towers with Radar,92,129,59,7,287,0,0,20,0,20,92,129,79,7,307,1,0,1,308
03/06/2003,ORF,VA,AEA,EN,Towers with Radar,95,114,58,7,274,0,0,7,0,7,95,114,65,7,281,0,0,0,281
03/07/2003,ORF,VA,AEA,EN,Towers with Radar,98,136,57,1,292,0,0,5,0,5,98,136,62,1,297,0,0,0,297
03/08/2003,ORF,VA,AEA,EN,Towers with Radar,73,94,55,0,222,0,2,59,0,61,73,96,114,0,283,38,0,38,321
03/09/2003,ORF,VA,AEA,EN,Towers with Radar,76,94,42,0,212,0,0,72,0,72,76,94,114,0,284,69,0,69,353
03/10/2003,ORF,VA,AEA,EN,Towers with Radar,86,130,43,8,267,0,0,46,0,46,86,130,89,8,313,32,34,66,379
03/11/2003,ORF,VA,AEA,EN,Towers with Radar,92,133,56,3,284,0,0,12,2,14,92,133,68,5,298,9,19,28,326
03/12/2003,ORF,VA,AEA,EN,Towers with Radar,92,138,75,7,312,0,0,44,2,46,92,138,119,9,358,50,39,89,447
03/13/2003,ORF,VA,AEA,EN,Towers with Radar,93,123,48,9,273,0,0,39,1,40,93,123,87,10,313,27,21,48,361
03/14/2003,ORF,VA,AEA,EN,Towers with Radar,93,137,70,0,300,0,0,34,1,35,93,137,104,1,335,24,21,45,380
03/15/2003,ORF,VA,AEA,EN,Towers with Radar,71,94,48,1,214,0,0,54,0,54,71,94,102,1,268,16,2,18,286
03/16/2003,ORF,VA,AEA,EN,Towers with Radar,78,88,49,2,217,0,0,3,0,3,78,88,52,2,220,0,0,0,220
03/17/2003,ORF,VA,AEA,EN,Towers with Radar,81,126,45,2,254,0,0,1,0,1,81,126,46,2,255,0,0,0,255
03/18/2003,ORF,VA,AEA,EN,Towers with Radar,90,122,45,6,263,0,0,9,0,9,90,122,54,6,272,0,0,0,272
03/19/2003,ORF,VA,AEA,EN,Towers with Radar,93,131,74,1,299,0,3,9,0,12,93,134,83,1,311,12,0,12,323
03/20/2003,ORF,VA,AEA,EN,Towers with Radar,92,124,36,1,253,0,0,1,0,1,92,124,37,1,254,2,0,2,256
03/21/2003,ORF,VA,AEA,EN,Towers with Radar,98,145,62,2,307,0,0,7,0,7,98,145,69,2,314,0,0,0,314
03/22/2003,ORF,VA,AEA,EN,Towers with Radar,72,96,32,0,200,0,1,51,3,55,72,97,83,3,255,5,2,7,262
03/23/2003,ORF,VA,AEA,EN,Towers with Radar,76,88,47,0,211,0,0,64,2,66,76,88,111,2,277,17,0,17,294
03/24/2003,ORF,VA,AEA,EN,Towers with Radar,86,130,62,1,279,0,0,52,0,52,86,130,114,1,331,45,0,45,376
03/25/2003,ORF,VA,AEA,EN,Towers with Radar,95,127,72,2,296,0,2,63,0,65,95,129,135,2,361,16,40,56,417
03/26/2003,ORF,VA,AEA,EN,Towers with Radar,93,129,60,1,283,0,2,34,1,37,93,131,94,2,320,24,42,66,386
03/27/2003,ORF,VA,AEA,EN,Towers with Radar,90,132,52,2,276,0,0,34,1,35,90,132,86,3,311,15,35,50,361
03/28/2003,ORF,VA,AEA,EN,Towers with Radar,96,128,75,4,303,0,2,47,0,49,96,130,122,4,352,34,25,59,411
03/29/2003,ORF,VA,AEA,EN,Towers with Radar,68,97,20,3,188,0,1,9,1,11,68,98,29,4,199,0,0,0,199
03/30/2003,ORF,VA,AEA,EN,Towers with Radar,75,86,38,1,200,0,0,0,0,0,75,86,38,1,200,0,0,0,200
03/31/2003,ORF,VA,AEA,EN,Towers with Radar,85,133,68,7,293,0,0,26,1,27,85,133,94,8,320,42,40,82,402
04/01/2003,ORF,VA,AEA,EN,Towers with Radar,92,129,51,0,272,0,0,34,1,35,92,129,85,1,307,40,40,80,387
04/02/2003,ORF,VA,AEA,EN,Towers with Radar,87,132,66,2,287,0,0,46,0,46,87,132,112,2,333,4,57,61,394
04/03/2003,ORF,VA,AEA,EN,Towers with Radar,89,132,66,2,289,0,0,77,2,79,89,132,143,4,368,31,43,74,442
04/04/2003,ORF,VA,AEA,EN,Towers with Radar,90,123,70,1,284,0,2,33,0,35,90,125,103,1,319,17,10,27,346
04/05/2003,ORF,VA,AEA,EN,Towers with Radar,74,101,31,1,207,0,0,19,1,20,74,101,50,2,227,2,6,8,235
04/06/2003,ORF,VA,AEA,EN,Towers with Radar,73,88,61,1,223,0,1,43,1,45,73,89,104,2,268,0,0,0,268
04/07/2003,ORF,VA,AEA,EN,Towers with Radar,84,107,43,3,237,0,0,0,0,0,84,107,43,3,237,0,0,0,237
04/08/2003,ORF,VA,AEA,EN,Towers with Radar,90,145,45,6,286,0,0,0,1,1,90,145,45,7,287,0,4,4,291
04/09/2003,ORF,VA,AEA,EN,Towers with Radar,84,138,41,3,266,0,0,0,1,1,84,138,41,4,267,2,3,5,272
04/10/2003,ORF,VA,AEA,EN,Towers with Radar,88,135,30,0,253,0,0,0,0,0,88,135,30,0,253,0,0,0,253
04/11/2003,ORF,VA,AEA,EN,Towers with Radar,89,135,65,2,291,0,0,0,0,0,89,135,65,2,291,0,0,0,291
04/12/2003,ORF,VA,AEA,EN,Towers with Radar,76,102,55,1,234,0,0,36,0,36,76,102,91,1,270,49,0,49,319
04/13/2003,ORF,VA,AEA,EN,Towers with Radar,77,96,62,1,236,0,2,66,2,70,77,98,128,3,306,0,0,0,306
04/14/2003,ORF,VA,AEA,EN,Towers with Radar,85,127,48,3,263,0,0,57,3,60,85,127,105,6,323,11,16,27,350
04/15/2003,ORF,VA,AEA,EN,Towers with Radar,88,127,65,3,283,0,2,54,3,59,88,129,119,6,342,24,63,87,429
04/16/2003,ORF,VA,AEA,EN,Towers with Radar,87,135,93,2,317,0,3,80,0,83,87,138,173,2,400,14,61,75,475
04/17/2003,ORF,VA,AEA,EN,Towers with Radar,89,137,79,3,308,0,0,8,0,8,89,137,87,3,316,0,16,16,332
04/18/2003,ORF,VA,AEA,EN,Towers with Radar,91,126,47,3,267,0,0,0,0,0,91,126,47,3,267,0,0,0,267
04/19/2003,ORF,VA,AEA,EN,Towers with Radar,77,92,50,0,219,0,0,7,0,7,77,92,57,0,226,0,0,0,226
04/20/2003,ORF,VA,AEA,EN,Towers with Radar,75,94,62,0,231,0,1,42,0,43,75,95,104,0,274,9,2,11,285
04/21/2003,ORF,VA,AEA,EN,Towers with Radar,84,119,68,4,275,0,0,19,1,20,84,119,87,5,295,1,8,9,304
04/22/2003,ORF,VA,AEA,EN,Towers with Radar,90,130,60,1,281,0,0,26,1,27,90,130,86,2,308,14,15,29,337
04/23/2003,ORF,VA,AEA,EN,Towers with Radar,92,141,60,4,297,0,0,60,0,60,92,141,120,4,357,46,16,62,419
04/24/2003,ORF,VA,AEA,EN,Towers with Radar,87,132,74,2,295,0,1,38,1,40,87,133,112,3,335,12,28,40,375
04/25/2003,ORF,VA,AEA,EN,Towers with Radar,93,138,65,1,297,0,1,11,2,14,93,139,76,3,311,24,0,24,335
04/26/2003,ORF,VA,AEA,EN,Towers with Radar,75,96,46,0,217,0,0,4,0,4,75,96,50,0,221,0,0,0,221
04/27/2003,ORF,VA,AEA,EN,Towers with Radar,78,89,54,0,221,0,2,45,0,47,78,91,99,0,268,9,2,11,279
04/28/2003,ORF,VA,AEA,EN,Towers with Radar,88,126,64,2,280,0,0,76,0,76,88,126,140,2,356,34,24,58,414
04/29/2003,ORF,VA,AEA,EN,Towers with Radar,86,129,61,1,277,0,1,32,1,34,86,130,93,2,311,23,19,42,353
04/30/2003,ORF,VA,AEA,EN,Towers with Radar,84,125,97,2,308,0,1,55,1,57,84,126,152,3,365,16,22,38,403
05/01/2003,ORF,VA,AEA,EN,Towers with Radar,91,134,73,5,303,0,2,44,2,48,91,136,117,7,351,19,28,47,398
05/02/2003,ORF,VA,AEA,EN,Towers with Radar,95,140,78,4,317,0,2,20,0,22,95,142,98,4,339,34,33,67,406
05/03/2003,ORF,VA,AEA,EN,Towers with Radar,79,95,49,1,224,0,0,4,0,4,79,95,53,1,228,0,0,0,228
05/04/2003,ORF,VA,AEA,EN,Towers with Radar,81,90,54,0,225,0,0,25,0,25,81,90,79,0,250,12,0,12,262
05/05/2003,ORF,VA,AEA,EN,Towers with Radar,87,128,56,5,276,0,2,30,0,32,87,130,86,5,308,6,8,14,322
05/06/2003,ORF,VA,AEA,EN,Towers with Radar,93,131,55,8,287,0,0,12,1,13,93,131,67,9,300,20,46,66,366
05/07/2003,ORF,VA,AEA,EN,Towers with Radar,94,137,78,1,310,0,2,60,1,63,94,139,138,2,373,98,0,98,471
05/08/2003,ORF,VA,AEA,EN,Towers with Radar,105,169,95,5,374,0,6,53,0,59,105,175,148,5,433,40,0,40,473
05/09/2003,ORF,VA,AEA,EN,Towers with Radar,97,140,85,4,326,0,0,20,0,20,97,140,105,4,346,5,24,29,375
05/10/2003,ORF,VA,AEA,EN,Towers with Radar,74,94,57,4,229,0,0,16,0,16,74,94,73,4,245,0,0,0,245
05/11/2003,ORF,VA,AEA,EN,Towers with Radar,85,80,41,2,208,0,0,34,1,35,85,80,75,3,243,17,0,17,260
05/12/2003,ORF,VA,AEA,EN,Towers with Radar,91,130,45,0,266,0,5,36,0,41,91,135,81,0,307,17,33,50,357
05/13/2003,ORF,VA,AEA,EN,Towers with Radar,92,138,58,6,294,1,2,29,0,32,93,140,87,6,326,15,58,73,399
05/14/2003,ORF,VA,AEA,EN,Towers with Radar,95,137,76,5,313,0,3,61,2,66,95,140,137,7,379,44,56,100,479
05/15/2003,ORF,VA,AEA,EN,Towers with Radar,101,139,87,5,332,0,0,54,2,56,101,139,141,7,388,23,74,97,485
05/16/2003,ORF,VA,AEA,EN,Towers with Radar,102,141,81,5,329,0,7,29,0,36,102,148,110,5,365,36,26,62,427
05/17/2003,ORF,VA,AEA,EN,Towers with Radar,73,101,47,3,224,0,0,1,0,1,73,101,48,3,225,0,0,0,225
05/18/2003,ORF,VA,AEA,EN,Towers with Radar,80,94,69,1,244,0,0,0,1,1,80,94,69,2,245,0,0,0,245
05/19/2003,ORF,VA,AEA,EN,Towers with Radar,90,138,57,4,289,0,1,11,0,12,90,139,68,4,301,27,17,44,345
05/20/2003,ORF,VA,AEA,EN,Towers with Radar,95,127,63,11,296,0,4,82,0,86,95,131,145,11,382,17,46,63,445
05/21/2003,ORF,VA,AEA,EN,Towers with Radar,95,137,73,2,307,0,0,22,1,23,95,137,95,3,330,56,0,56,386
05/22/2003,ORF,VA,AEA,EN,Towers with Radar,93,146,67,3,309,0,5,0,0,5,93,151,67,3,314,6,0,6,320
05/23/2003,ORF,VA,AEA,EN,Towers with Radar,94,137,53,2,286,0,0,0,0,0,94,137,53,2,286,0,0,0,286
05/24/2003,ORF,VA,AEA,EN,Towers with Radar,74,101,46,1,222,0,1,4,0,5,74,102,50,1,227,6,0,6,233
05/25/2003,ORF,VA,AEA,EN,Towers with Radar,72,75,45,1,193,0,0,10,0,10,72,75,55,1,203,0,0,0,203
05/26/2003,ORF,VA,AEA,EN,Towers with Radar,82,107,26,1,216,0,0,24,0,24,82,107,50,1,240,13,0,13,253
05/27/2003,ORF,VA,AEA,EN,Towers with Radar,91,137,82,2,312,0,0,6,0,6,91,137,88,2,318,7,18,25,343
05/28/2003,ORF,VA,AEA,EN,Towers with Radar,95,131,88,8,322,0,6,31,1,38,95,137,119,9,360,24,33,57,417
05/29/2003,ORF,VA,AEA,EN,Towers with Radar,95,133,65,4,297,0,10,37,2,49,95,143,102,6,346,27,54,81,427
05/30/2003,ORF,VA,AEA,EN,Towers with Radar,94,134,61,4,293,0,1,66,4,71,94,135,127,8,364,27,12,39,403
05/31/2003,ORF,VA,AEA,EN,Towers with Radar,72,98,29,2,201,0,0,25,0,25,72,98,54,2,226,38,0,38,264
06/01/2003,ORF,VA,AEA,EN,Towers with Radar,81,95,42,0,218,0,0,27,0,27,81,95,69,0,245,0,0,0,245
06/02/2003,ORF,VA,AEA,EN,Towers with Radar,87,147,52,4,290,0,1,64,2,67,87,148,116,6,357,31,36,67,424
06/03/2003,ORF,VA,AEA,EN,Towers with Radar,93,136,62,3,294,0,0,36,1,37,93,136,98,4,331,5,15,20,351
06/04/2003,ORF,VA,AEA,EN,Towers with Radar,92,143,79,3,317,0,0,18,0,18,92,143,97,3,335,9,0,9,344
06/05/2003,ORF,VA,AEA,EN,Towers with Radar,95,146,85,1,327,0,3,55,0,58,95,149,140,1,385,45,0,45,430
06/06/2003,ORF,VA,AEA,EN,Towers with Radar,96,148,82,2,328,0,3,81,0,84,96,151,163,2,412,0,0,0,412
06/07/2003,ORF,VA,AEA,EN,Towers with Radar,76,100,47,1,224,0,0,5,0,5,76,100,52,1,229,0,0,0,229
06/08/2003,ORF,VA,AEA,EN,Towers with Radar,79,98,72,0,249,0,2,1,0,3,79,100,73,0,252,0,0,0,252
06/09/2003,ORF,VA,AEA,EN,Towers with Radar,81,144,70,10,305,0,1,25,1,27,81,145,95,11,332,5,21,26,358
06/10/2003,ORF,VA,AEA,EN,Towers with Radar,86,138,59,5,288,0,2,86,0,88,86,140,145,5,376,27,31,58,434
06/11/2003,ORF,VA,AEA,EN,Towers with Radar,85,152,77,9,323,0,0,53,3,56,85,152,130,12,379,53,43,96,475
06/12/2003,ORF,VA,AEA,EN,Towers with Radar,93,154,79,8,334,0,1,34,1,36,93,155,113,9,370,16,0,16,386
06/13/2003,ORF,VA,AEA,EN,Towers with Radar,94,152,74,4,324,0,1,27,1,29,94,153,101,5,353,34,19,53,406
06/14/2003,ORF,VA,AEA,EN,Towers with Radar,76,116,42,0,234,0,0,21,0,21,76,116,63,0,255,52,18,70,325
06/15/2003,ORF,VA,AEA,EN,Towers with Radar,82,110,57,0,249,0,0,12,0,12,82,110,69,0,261,0,0,0,261
06/16/2003,ORF,VA,AEA,EN,Towers with Radar,83,143,65,3,294,0,0,25,1,26,83,143,90,4,320,0,0,0,320
06/17/2003,ORF,VA,AEA,EN,Towers with Radar,89,134,57,1,281,0,0,3,0,3,89,134,60,1,284,0,0,0,284
06/18/2003,ORF,VA,AEA,EN,Towers with Radar,89,149,68,7,313,0,0,19,0,19,89,149,87,7,332,28,0,28,360
06/19/2003,ORF,VA,AEA,EN,Towers with Radar,95,146,68,6,315,0,0,2,0,2,95,146,70,6,317,0,0,0,317
06/20/2003,ORF,VA,AEA,EN,Towers with Radar,100,158,80,5,343,0,0,22,3,25,100,158,102,8,368,0,9,9,377
06/21/2003,ORF,VA,AEA,EN,Towers with Radar,74,114,45,1,234,0,0,49,0,49,74,114,94,1,283,10,2,12,295
06/22/2003,ORF,VA,AEA,EN,Towers with Radar,80,109,41,0,230,0,0,40,0,40,80,109,81,0,270,19,0,19,289
06/23/2003,ORF,VA,AEA,EN,Towers with Radar,88,134,76,5,303,0,2,69,0,71,88,136,145,5,374,62,20,82,456
06/24/2003,ORF,VA,AEA,EN,Towers with Radar,89,141,75,2,307,0,4,48,0,52,89,145,123,2,359,73,55,128,487
06/25/2003,ORF,VA,AEA,EN,Towers with Radar,85,144,60,4,293,0,9,70,2,81,85,153,130,6,374,61,26,87,461
06/26/2003,ORF,VA,AEA,EN,Towers with Radar,88,139,62,3,292,0,3,59,2,64,88,142,121,5,356,66,60,126,482
06/27/2003,ORF,VA,AEA,EN,Towers with Radar,92,141,70,7,310,0,1,36,1,38,92,142,106,8,348,0,22,22,370
06/28/2003,ORF,VA,AEA,EN,Towers with Radar,71,108,38,1,218,0,0,33,0,33,71,108,71,1,251,4,2,6,257
06/29/2003,ORF,VA,AEA,EN,Towers with Radar,83,104,46,0,233,0,0,55,0,55,83,104,101,0,288,0,0,0,288
06/30/2003,ORF,VA,AEA,EN,Towers with Radar,84,135,55,1,275,0,8,58,1,67,84,143,113,2,342,7,29,36,378
07/01/2003,ORF,VA,AEA,EN,Towers with Radar,91,132,64,5,292,0,1,27,1,29,91,133,91,6,321,42,45,87,408
07/02/2003,ORF,VA,AEA,EN,Towers with Radar,84,124,68,2,278,0,0,6,0,6,84,124,74,2,284,20,28,48,332
07/03/2003,ORF,VA,AEA,EN,Towers with Radar,93,134,75,1,303,0,0,12,1,13,93,134,87,2,316,54,52,106,422
07/04/2003,ORF,VA,AEA,EN,Towers with Radar,63,92,35,1,191,0,0,37,4,41,63,92,72,5,232,7,1,8,240
07/05/2003,ORF,VA,AEA,EN,Towers with Radar,63,103,28,0,194,0,0,55,1,56,63,103,83,1,250,24,1,25,275
07/06/2003,ORF,VA,AEA,EN,Towers with Radar,80,100,48,0,228,0,1,45,1,47,80,101,93,1,275,23,0,23,298
07/07/2003,ORF,VA,AEA,EN,Towers with Radar,88,118,51,0,257,0,0,30,5,35,88,118,81,5,292,16,19,35,327
07/08/2003,ORF,VA,AEA,EN,Towers with Radar,91,127,64,5,287,0,2,48,4,54,91,129,112,9,341,28,42,70,411
07/09/2003,ORF,VA,AEA,EN,Towers with Radar,90,123,47,8,268,0,1,33,0,34,90,124,80,8,302,14,0,14,316
07/10/2003,ORF,VA,AEA,EN,Towers with Radar,86,133,63,0,282,0,0,51,3,54,86,133,114,3,336,0,0,0,336
07/11/2003,ORF,VA,AEA,EN,Towers with Radar,93,151,73,5,322,0,0,46,1,47,93,151,119,6,369,18,29,47,416
07/12/2003,ORF,VA,AEA,EN,Towers with Radar,79,132,79,3,293,0,2,32,0,34,79,134,111,3,327,32,16,48,375
07/13/2003,ORF,VA,AEA,EN,Towers with Radar,82,108,51,3,244,0,0,46,0,46,82,108,97,3,290,23,0,23,313
07/14/2003,ORF,VA,AEA,EN,Towers with Radar,88,127,57,2,274,0,0,9,2,11,88,127,66,4,285,22,0,22,307
07/15/2003,ORF,VA,AEA,EN,Towers with Radar,100,135,71,2,308,0,2,50,2,54,100,137,121,4,362,32,0,32,394
07/16/2003,ORF,VA,AEA,EN,Towers with Radar,90,145,50,5,290,0,1,46,0,47,90,146,96,5,337,7,27,34,371
07/17/2003,ORF,VA,AEA,EN,Towers with Radar,92,142,66,2,302,0,2,68,5,75,92,144,134,7,377,15,61,76,453
07/18/2003,ORF,VA,AEA,EN,Towers with Radar,90,154,103,4,351,0,7,54,2,63,90,161,157,6,414,24,12,36,450
07/19/2003,ORF,VA,AEA,EN,Towers with Radar,79,120,52,0,251,0,0,36,3,39,79,120,88,3,290,8,40,48,338
07/20/2003,ORF,VA,AEA,EN,Towers with Radar,90,114,76,1,281,0,0,53,0,53,90,114,129,1,334,2,8,10,344
07/21/2003,ORF,VA,AEA,EN,Towers with Radar,83,130,76,5,294,0,1,48,0,49,83,131,124,5,343,16,46,62,405
07/22/2003,ORF,VA,AEA,EN,Towers with Radar,93,131,60,6,290,0,1,25,1,27,93,132,85,7,317,4,24,28,345
07/23/2003,ORF,VA,AEA,EN,Towers with Radar,97,154,75,0,326,0,2,16,0,18,97,156,91,0,344,2,15,17,361
07/24/2003,ORF,VA,AEA,EN,Towers with Radar,94,160,88,6,348,0,1,23,0,24,94,161,111,6,372,40,41,81,453
07/25/2003,ORF,VA,AEA,EN,Towers with Radar,89,162,96,1,348,0,1,66,1,68,89,163,162,2,416,23,2,25,441
07/26/2003,ORF,VA,AEA,EN,Towers with Radar,77,112,42,0,231,0,0,75,0,75,77,112,117,0,306,24,0,24,330
07/27/2003,ORF,VA,AEA,EN,Towers with Radar,83,102,58,1,244,0,0,64,2,66,83,102,122,3,310,31,17,48,358
07/28/2003,ORF,VA,AEA,EN,Towers with Radar,91,144,47,7,289,0,1,36,0,37,91,145,83,7,326,31,40,71,397
07/29/2003,ORF,VA,AEA,EN,Towers with Radar,90,141,67,2,300,0,0,13,0,13,90,141,80,2,313,23,24,47,360
07/30/2003,ORF,VA,AEA,EN,Towers with Radar,91,146,79,5,321,0,2,1,2,5,91,148,80,7,326,0,2,2,328
07/31/2003,ORF,VA,AEA,EN,Towers with Radar,89,140,74,3,306,0,2,16,0,18,89,142,90,3,324,19,14,33,357
08/01/2003,ORF,VA,AEA,EN,Towers with Radar,87,130,43,5,265,0,1,23,1,25,87,131,66,6,290,7,49,56,346
08/02/2003,ORF,VA,AEA,EN,Towers with Radar,76,115,45,1,237,0,0,31,0,31,76,115,76,1,268,0,0,0,268
08/03/2003,ORF,VA,AEA,EN,Towers with Radar,80,105,52,0,237,0,0,29,0,29,80,105,81,0,266,0,0,0,266
08/04/2003,ORF,VA,AEA,EN,Towers with Radar,87,127,61,3,278,0,0,31,0,31,87,127,92,3,309,0,0,0,309
08/05/2003,ORF,VA,AEA,EN,Towers with Radar,88,142,63,1,294,0,1,31,0,32,88,143,94,1,326,4,28,32,358
08/06/2003,ORF,VA,AEA,EN,Towers with Radar,90,145,78,2,315,1,2,32,3,38,91,147,110,5,353,14,30,44,397
08/07/2003,ORF,VA,AEA,EN,Towers with Radar,86,138,67,1,292,0,0,16,1,17,86,138,83,2,309,2,22,24,333
08/08/2003,ORF,VA,AEA,EN,Towers with Radar,94,137,73,4,308,0,0,12,0,12,94,137,85,4,320,3,0,3,323
08/09/2003,ORF,VA,AEA,EN,Towers with Radar,76,109,57,2,244,0,0,5,0,5,76,109,62,2,249,0,0,0,249
08/10/2003,ORF,VA,AEA,EN,Towers with Radar,76,105,76,0,257,0,0,17,0,17,76,105,93,0,274,44,2,46,320
08/11/2003,ORF,VA,AEA,EN,Towers with Radar,82,136,49,0,267,0,2,13,1,16,82,138,62,1,283,19,24,43,326
08/12/2003,ORF,VA,AEA,EN,Towers with Radar,90,144,90,3,327,0,3,39,3,45,90,147,129,6,372,14,27,41,413
08/13/2003,ORF,VA,AEA,EN,Towers with Radar,92,141,61,5,299,0,0,43,1,44,92,141,104,6,343,12,34,46,389
08/14/2003,ORF,VA,AEA,EN,Towers with Radar,89,143,79,7,318,0,2,55,0,57,89,145,134,7,375,31,19,50,425
08/15/2003,ORF,VA,AEA,EN,Towers with Radar,97,145,79,1,322,0,1,53,0,54,97,146,132,1,376,7,11,18,394
08/16/2003,ORF,VA,AEA,EN,Towers with Radar,79,108,40,1,228,0,0,9,0,9,79,108,49,1,237,0,0,0,237
08/17/2003,ORF,VA,AEA,EN,Towers with Radar,87,115,65,0,267,0,0,12,0,12,87,115,77,0,279,26,14,40,319
08/18/2003,ORF,VA,AEA,EN,Towers with Radar,87,133,66,3,289,0,0,42,1,43,87,133,108,4,332,36,32,68,400
08/19/2003,ORF,VA,AEA,EN,Towers with Radar,95,144,61,4,304,0,1,47,1,49,95,145,108,5,353,24,68,92,445
08/20/2003,ORF,VA,AEA,EN,Towers with Radar,95,155,88,4,342,0,0,58,0,58,95,155,146,4,400,14,44,58,458
08/21/2003,ORF,VA,AEA,EN,Towers with Radar,86,161,87,2,336,0,1,57,15,73,86,162,144,17,409,16,28,44,453
08/22/2003,ORF,VA,AEA,EN,Towers with Radar,93,149,86,1,329,0,0,38,0,38,93,149,124,1,367,41,19,60,427
08/23/2003,ORF,VA,AEA,EN,Towers with Radar,84,116,47,0,247,0,0,17,2,19,84,116,64,2,266,2,0,2,268
08/24/2003,ORF,VA,AEA,EN,Towers with Radar,82,116,55,1,254,0,0,64,2,66,82,116,119,3,320,0,0,0,320
08/25/2003,ORF,VA,AEA,EN,Towers with Radar,84,141,51,3,279,0,0,53,0,53,84,141,104,3,332,34,20,54,386
08/26/2003,ORF,VA,AEA,EN,Towers with Radar,87,138,64,8,297,0,0,43,4,47,87,138,107,12,344,3,32,35,379
08/27/2003,ORF,VA,AEA,EN,Towers with Radar,93,143,64,1,301,0,1,42,0,43,93,144,106,1,344,1,46,47,391
08/28/2003,ORF,VA,AEA,EN,Towers with Radar,97,156,61,8,322,0,2,66,4,72,97,158,127,12,394,9,0,9,403
08/29/2003,ORF,VA,AEA,EN,Towers with Radar,99,144,82,1,326,0,3,45,0,48,99,147,127,1,374,39,49,88,462
08/30/2003,ORF,VA,AEA,EN,Towers with Radar,96,115,39,0,250,0,0,37,0,37,96,115,76,0,287,48,4,52,339
08/31/2003,ORF,VA,AEA,EN,Towers with Radar,71,92,47,0,210,0,2,5,0,7,71,94,52,0,217,44,20,64,281
09/01/2003,ORF,VA,AEA,EN,Towers with Radar,77,97,52,0,226,0,0,32,1,33,77,97,84,1,259,30,0,30,289
09/02/2003,ORF,VA,AEA,EN,Towers with Radar,87,130,59,2,278,0,0,58,0,58,87,130,117,2,336,18,0,18,354
09/03/2003,ORF,VA,AEA,EN,Towers with Radar,83,132,61,2,278,0,0,17,1,18,83,132,78,3,296,12,0,12,308
09/04/2003,ORF,VA,AEA,EN,Towers with Radar,99,141,57,2,299,0,3,13,2,18,99,144,70,4,317,6,0,6,323
09/05/2003,ORF,VA,AEA,EN,Towers with Radar,93,149,74,0,316,0,6,39,0,45,93,155,113,0,361,4,22,26,387
09/06/2003,ORF,VA,AEA,EN,Towers with Radar,74,107,58,3,242,0,2,48,0,50,74,109,106,3,292,56,24,80,372
09/07/2003,ORF,VA,AEA,EN,Towers with Radar,82,90,50,9,231,0,3,52,0,55,82,93,102,9,286,0,0,0,286
09/08/2003,ORF,VA,AEA,EN,Towers with Radar,91,126,50,5,272,0,0,34,0,34,91,126,84,5,306,7,17,24,330
09/09/2003,ORF,VA,AEA,EN,Towers with Radar,96,130,74,1,301,0,1,10,0,11,96,131,84,1,312,13,9,22,334
09/10/2003,ORF,VA,AEA,EN,Towers with Radar,91,128,75,1,295,0,0,28,1,29,91,128,103,2,324,7,29,36,360
09/11/2003,ORF,VA,AEA,EN,Towers with Radar,81,119,72,1,273,0,0,39,0,39,81,119,111,1,312,18,18,36,348
09/12/2003,ORF,VA,AEA,EN,Towers with Radar,89,130,76,1,296,0,3,1,0,4,89,133,77,1,300,0,0,0,300
09/13/2003,ORF,VA,AEA,EN,Towers with Radar,79,100,46,0,225,0,0,1,0,1,79,100,47,0,226,40,0,40,266
09/14/2003,ORF,VA,AEA,EN,Towers with Radar,84,96,57,2,239,0,1,44,1,46,84,97,101,3,285,0,0,0,285
09/15/2003,ORF,VA,AEA,EN,Towers with Radar,88,121,52,3,264,0,3,16,0,19,88,124,68,3,283,8,22,30,313
09/16/2003,ORF,VA,AEA,EN,Towers with Radar,94,118,59,1,272,0,0,38,0,38,94,118,97,1,310,8,27,35,345
09/17/2003,ORF,VA,AEA,EN,Towers with Radar,90,116,60,2,268,0,0,15,0,15,90,116,75,2,283,5,0,5,288
09/18/2003,ORF,VA,AEA,EN,Towers with Radar,13,16,0,0,29,0,0,0,0,0,13,16,0,0,29,0,0,0,29
09/19/2003,ORF,VA,AEA,EN,Towers with Radar,46,58,35,3,142,0,7,24,2,33,46,65,59,5,175,31,23,54,229
09/20/2003,ORF,VA,AEA,EN,Towers with Radar,77,95,30,2,204,0,0,51,1,52,77,95,81,3,256,24,10,34,290
09/21/2003,ORF,VA,AEA,EN,Towers with Radar,86,91,41,0,218,0,0,53,2,55,86,91,94,2,273,0,2,2,275
09/22/2003,ORF,VA,AEA,EN,Towers with Radar,94,121,50,0,265,0,1,13,0,14,94,122,63,0,279,3,13,16,295
09/23/2003,ORF,VA,AEA,EN,Towers with Radar,95,125,55,0,275,0,1,22,0,23,95,126,77,0,298,4,0,4,302
09/24/2003,ORF,VA,AEA,EN,Towers with Radar,93,123,58,7,281,0,5,66,3,74,93,128,124,10,355,20,0,20,375
09/25/2003,ORF,VA,AEA,EN,Towers with Radar,92,130,64,0,286,0,4,59,0,63,92,134,123,0,349,0,0,0,349
09/26/2003,ORF,VA,AEA,EN,Towers with Radar,94,131,80,1,306,0,0,59,1,60,94,131,139,2,366,30,42,72,438
09/27/2003,ORF,VA,AEA,EN,Towers with Radar,81,101,53,0,235,0,0,21,0,21,81,101,74,0,256,6,2,8,264
09/28/2003,ORF,VA,AEA,EN,Towers with Radar,84,98,53,1,236,0,0,17,1,18,84,98,70,2,254,11,1,12,266
09/29/2003,ORF,VA,AEA,EN,Towers with Radar,86,131,61,4,282,0,1,50,3,54,86,132,111,7,336,24,0,24,360
09/30/2003,ORF,VA,AEA,EN,Towers with Radar,92,130,47,5,274,0,3,48,1,52,92,133,95,6,326,49,19,68,394
10/01/2003,ORF,VA,AEA,EN,Towers with Radar,93,127,88,2,310,0,0,44,1,45,93,127,132,3,355,14,12,26,381
10/02/2003,ORF,VA,AEA,EN,Towers with Radar,92,131,77,10,310,0,0,31,2,33,92,131,108,12,343,39,32,71,414
10/03/2003,ORF,VA,AEA,EN,Towers with Radar,91,128,95,2,316,0,2,54,1,57,91,130,149,3,373,10,20,30,403
10/04/2003,ORF,VA,AEA,EN,Towers with Radar,75,104,34,0,213,0,0,47,1,48,75,104,81,1,261,12,4,16,277
10/05/2003,ORF,VA,AEA,EN,Towers with Radar,81,95,45,0,221,0,0,55,0,55,81,95,100,0,276,14,0,14,290
10/06/2003,ORF,VA,AEA,EN,Towers with Radar,87,120,41,0,248,0,0,35,0,35,87,120,76,0,283,5,40,45,328
10/07/2003,ORF,VA,AEA,EN,Towers with Radar,90,139,74,1,304,0,1,35,1,37,90,140,109,2,341,23,63,86,427
10/08/2003,ORF,VA,AEA,EN,Towers with Radar,99,136,74,8,317,0,0,31,0,31,99,136,105,8,348,36,42,78,426
10/09/2003,ORF,VA,AEA,EN,Towers with Radar,96,134,84,1,315,0,3,32,2,37,96,137,116,3,352,26,47,73,425
10/10/2003,ORF,VA,AEA,EN,Towers with Radar,91,134,82,0,307,0,0,3,0,3,91,134,85,0,310,0,6,6,316
10/11/2003,ORF,VA,AEA,EN,Towers with Radar,75,104,47,1,227,0,0,3,0,3,75,104,50,1,230,0,0,0,230
10/12/2003,ORF,VA,AEA,EN,Towers with Radar,81,103,66,0,250,0,0,32,0,32,81,103,98,0,282,29,0,29,311
10/13/2003,ORF,VA,AEA,EN,Towers with Radar,92,119,58,0,269,0,1,56,0,57,92,120,114,0,326,7,7,14,340
10/14/2003,ORF,VA,AEA,EN,Towers with Radar,94,139,64,4,301,0,1,20,0,21,94,140,84,4,322,6,20,26,348
10/15/2003,ORF,VA,AEA,EN,Towers with Radar,89,132,62,2,285,0,1,28,1,30,89,133,90,3,315,21,48,69,384
10/16/2003,ORF,VA,AEA,EN,Towers with Radar,94,135,74,1,304,0,0,51,0,51,94,135,125,1,355,24,43,67,422
10/17/2003,ORF,VA,AEA,EN,Towers with Radar,92,141,61,0,294,0,6,61,2,69,92,147,122,2,363,32,30,62,425
10/18/2003,ORF,VA,AEA,EN,Towers with Radar,80,118,66,1,265,0,0,22,0,22,80,118,88,1,287,0,0,0,287
10/19/2003,ORF,VA,AEA,EN,Towers with Radar,82,110,65,1,258,0,0,57,0,57,82,110,122,1,315,13,4,17,332
10/20/2003,ORF,VA,AEA,EN,Towers with Radar,85,139,45,2,271,0,2,43,1,46,85,141,88,3,317,34,17,51,368
10/21/2003,ORF,VA,AEA,EN,Towers with Radar,89,129,50,2,270,0,3,26,0,29,89,132,76,2,299,8,19,27,326
10/22/2003,ORF,VA,AEA,EN,Towers with Radar,93,144,72,2,311,0,1,29,0,30,93,145,101,2,341,42,48,90,431
10/23/2003,ORF,VA,AEA,EN,Towers with Radar,92,139,74,11,316,0,4,43,0,47,92,143,117,11,363,39,45,84,447
10/24/2003,ORF,VA,AEA,EN,Towers with Radar,91,140,85,9,325,0,1,51,0,52,91,141,136,9,377,4,23,27,404
10/25/2003,ORF,VA,AEA,EN,Towers with Radar,80,108,59,1,248,0,0,39,0,39,80,108,98,1,287,0,0,0,287
10/26/2003,ORF,VA,AEA,EN,Towers with Radar,84,111,67,0,262,0,0,7,0,7,84,111,74,0,269,30,14,44,313
10/27/2003,ORF,VA,AEA,EN,Towers with Radar,83,137,70,5,295,0,1,7,0,8,83,138,77,5,303,16,26,42,345
10/28/2003,ORF,VA,AEA,EN,Towers with Radar,87,138,86,2,313,0,2,24,4,30,87,140,110,6,343,12,38,50,393
10/29/2003,ORF,VA,AEA,EN,Towers with Radar,14,24,13,1,52,0,0,0,0,0,14,24,13,1,52,0,38,38,90
10/30/2003,ORF,VA,AEA,EN,Towers with Radar,84,135,85,0,304,0,0,79,8,87,84,135,164,8,391,42,74,116,507
10/31/2003,ORF,VA,AEA,EN,Towers with Radar,82,143,52,3,280,0,0,49,0,49,82,143,101,3,329,18,0,18,347
11/01/2003,ORF,VA,AEA,EN,Towers with Radar,71,129,45,0,245,0,0,42,2,44,71,129,87,2,289,0,0,0,289
11/02/2003,ORF,VA,AEA,EN,Towers with Radar,74,117,63,2,256,0,0,43,0,43,74,117,106,2,299,20,12,32,331
11/03/2003,ORF,VA,AEA,EN,Towers with Radar,74,141,57,0,272,0,0,33,0,33,74,141,90,0,305,38,54,92,397
11/04/2003,ORF,VA,AEA,EN,Towers with Radar,79,130,88,5,302,0,1,22,0,23,79,131,110,5,325,5,11,16,341
11/05/2003,ORF,VA,AEA,EN,Towers with Radar,86,144,57,1,288,0,0,10,2,12,86,144,67,3,300,0,74,74,374
11/06/2003,ORF,VA,AEA,EN,Towers with Radar,81,143,92,2,318,0,0,20,0,20,81,143,112,2,338,41,18,59,397
11/07/2003,ORF,VA,AEA,EN,Towers with Radar,82,148,110,3,343,0,0,18,0,18,82,148,128,3,361,0,0,0,361
11/08/2003,ORF,VA,AEA,EN,Towers with Radar,65,126,79,0,270,0,1,89,0,90,65,127,168,0,360,4,0,4,364
11/09/2003,ORF,VA,AEA,EN,Towers with Radar,69,116,76,2,263,0,0,82,0,82,69,116,158,2,345,34,4,38,383
11/10/2003,ORF,VA,AEA,EN,Towers with Radar,73,133,81,0,287,0,1,46,1,48,73,134,127,1,335,26,16,42,377
11/11/2003,ORF,VA,AEA,EN,Towers with Radar,83,143,72,0,298,0,4,44,0,48,83,147,116,0,346,10,11,21,367
11/12/2003,ORF,VA,AEA,EN,Towers with Radar,83,145,67,3,298,0,0,18,0,18,83,145,85,3,316,18,21,39,355
11/13/2003,ORF,VA,AEA,EN,Towers with Radar,86,153,49,6,294,0,2,5,0,7,86,155,54,6,301,2,10,12,313
11/14/2003,ORF,VA,AEA,EN,Towers with Radar,80,141,61,0,282,0,4,46,0,50,80,145,107,0,332,13,4,17,349
11/15/2003,ORF,VA,AEA,EN,Towers with Radar,64,122,59,0,245,0,0,72,0,72,64,122,131,0,317,0,0,0,317
11/16/2003,ORF,VA,AEA,EN,Towers with Radar,76,121,54,0,251,0,0,23,0,23,76,121,77,0,274,30,16,46,320
11/17/2003,ORF,VA,AEA,EN,Towers with Radar,74,152,63,1,290,0,0,66,2,68,74,152,129,3,358,29,50,79,437
11/18/2003,ORF,VA,AEA,EN,Towers with Radar,79,151,57,2,289,0,1,50,0,51,79,152,107,2,340,48,43,91,431
11/19/2003,ORF,VA,AEA,EN,Towers with Radar,80,136,61,0,277,0,0,2,0,2,80,136,63,0,279,9,23,32,311
11/20/2003,ORF,VA,AEA,EN,Towers with Radar,79,139,79,4,301,0,3,31,1,35,79,142,110,5,336,10,39,49,385
11/21/2003,ORF,VA,AEA,EN,Towers with Radar,78,135,69,3,285,0,1,89,1,91,78,136,158,4,376,12,0,12,388
11/22/2003,ORF,VA,AEA,EN,Towers with Radar,67,111,77,1,256,0,0,89,0,89,67,111,166,1,345,10,0,10,355
11/23/2003,ORF,VA,AEA,EN,Towers with Radar,71,111,59,1,242,0,0,61,0,61,71,111,120,1,303,20,0,20,323
11/24/2003,ORF,VA,AEA,EN,Towers with Radar,80,137,70,3,290,0,1,46,2,49,80,138,116,5,339,44,36,80,419
11/25/2003,ORF,VA,AEA,EN,Towers with Radar,78,141,91,4,314,0,1,38,0,39,78,142,129,4,353,50,27,77,430
11/26/2003,ORF,VA,AEA,EN,Towers with Radar,76,156,82,0,314,0,2,51,0,53,76,158,133,0,367,10,31,41,408
11/27/2003,ORF,VA,AEA,EN,Towers with Radar,56,107,24,0,187,0,0,26,0,26,56,107,50,0,213,20,0,20,233
11/28/2003,ORF,VA,AEA,EN,Towers with Radar,61,112,27,0,200,0,0,6,1,7,61,112,33,1,207,0,0,0,207
11/29/2003,ORF,VA,AEA,EN,Towers with Radar,65,121,35,1,222,0,0,22,0,22,65,121,57,1,244,7,0,7,251
11/30/2003,ORF,VA,AEA,EN,Towers with Radar,72,122,84,0,278,0,0,57,0,57,72,122,141,0,335,22,4,26,361
12/01/2003,ORF,VA,AEA,EN,Towers with Radar,74,143,59,1,277,0,1,32,0,33,74,144,91,1,310,4,10,14,324
12/02/2003,ORF,VA,AEA,EN,Towers with Radar,82,136,72,3,293,0,0,34,0,34,82,136,106,3,327,35,47,82,409
12/03/2003,ORF,VA,AEA,EN,Towers with Radar,78,149,65,1,293,0,3,45,0,48,78,152,110,1,341,8,14,22,363
12/04/2003,ORF,VA,AEA,EN,Towers with Radar,79,142,51,0,272,0,0,16,1,17,79,142,67,1,289,3,11,14,303
12/05/2003,ORF,VA,AEA,EN,Towers with Radar,82,132,54,1,269,0,0,0,0,0,82,132,54,1,269,0,0,0,269
12/06/2003,ORF,VA,AEA,EN,Towers with Radar,71,112,21,0,204,0,1,6,0,7,71,113,27,0,211,0,0,0,211
12/07/2003,ORF,VA,AEA,EN,Towers with Radar,68,105,32,0,205,0,0,31,0,31,68,105,63,0,236,0,2,2,238
12/08/2003,ORF,VA,AEA,EN,Towers with Radar,72,142,59,5,278,0,4,47,22,73,72,146,106,27,351,47,25,72,423
12/09/2003,ORF,VA,AEA,EN,Towers with Radar,85,143,68,1,297,0,1,55,2,58,85,144,123,3,355,0,0,0,355
12/10/2003,ORF,VA,AEA,EN,Towers with Radar,88,148,68,2,306,0,2,15,0,17,88,150,83,2,323,4,24,28,351
12/11/2003,ORF,VA,AEA,EN,Towers with Radar,91,133,82,5,311,0,0,22,0,22,91,133,104,5,333,2,53,55,388
12/12/2003,ORF,VA,AEA,EN,Towers with Radar,80,139,91,1,311,0,0,65,1,66,80,139,156,2,377,24,2,26,403
12/13/2003,ORF,VA,AEA,EN,Towers with Radar,70,117,39,2,228,0,0,52,0,52,70,117,91,2,280,0,16,16,296
12/14/2003,ORF,VA,AEA,EN,Towers with Radar,65,99,55,1,220,0,0,0,0,0,65,99,55,1,220,0,0,0,220
12/15/2003,ORF,VA,AEA,EN,Towers with Radar,74,143,76,3,296,0,1,35,0,36,74,144,111,3,332,2,22,24,356
12/16/2003,ORF,VA,AEA,EN,Towers with Radar,81,142,78,1,302,0,0,52,1,53,81,142,130,2,355,0,0,0,355
12/17/2003,ORF,VA,AEA,EN,Towers with Radar,80,142,65,7,294,0,1,3,1,5,80,143,68,8,299,0,0,0,299
12/18/2003,ORF,VA,AEA,EN,Towers with Radar,92,161,110,5,368,0,1,55,1,57,92,162,165,6,425,6,0,6,431
12/19/2003,ORF,VA,AEA,EN,Towers with Radar,91,146,58,0,295,0,1,12,1,14,91,147,70,1,309,24,0,24,333
12/20/2003,ORF,VA,AEA,EN,Towers with Radar,74,118,44,0,236,0,0,31,0,31,74,118,75,0,267,57,0,57,324
12/21/2003,ORF,VA,AEA,EN,Towers with Radar,76,116,54,0,246,0,0,59,0,59,76,116,113,0,305,12,3,15,320
12/22/2003,ORF,VA,AEA,EN,Towers with Radar,70,142,48,1,261,0,0,34,1,35,70,142,82,2,296,12,18,30,326
12/23/2003,ORF,VA,AEA,EN,Towers with Radar,88,135,46,4,273,0,1,29,1,31,88,136,75,5,304,14,0,14,318
12/24/2003,ORF,VA,AEA,EN,Towers with Radar,77,124,25,0,226,0,0,6,0,6,77,124,31,0,232,0,0,0,232
12/25/2003,ORF,VA,AEA,EN,Towers with Radar,57,93,24,1,175,0,0,9,0,9,57,93,33,1,184,0,0,0,184
12/26/2003,ORF,VA,AEA,EN,Towers with Radar,68,127,46,2,243,0,1,45,0,46,68,128,91,2,289,0,0,0,289
12/27/2003,ORF,VA,AEA,EN,Towers with Radar,62,125,50,1,238,0,1,49,0,50,62,126,99,1,288,0,0,0,288
12/28/2003,ORF,VA,AEA,EN,Towers with Radar,72,112,44,0,228,0,0,64,0,64,72,112,108,0,292,20,4,24,316
12/29/2003,ORF,VA,AEA,EN,Towers with Radar,77,144,50,4,275,0,0,45,1,46,77,144,95,5,321,6,6,12,333
12/30/2003,ORF,VA,AEA,EN,Towers with Radar,75,129,33,0,237,0,0,17,0,17,75,129,50,0,254,0,0,0,254
12/31/2003,ORF,VA,AEA,EN,Towers with Radar,68,125,39,2,234,0,0,58,0,58,68,125,97,2,292,1,0,1,293
01/01/2004,ORF,VA,AEA,EN,Towers with Radar,53,94,21,2,170,0,1,43,0,44,53,95,64,2,214,0,0,0,214
01/02/2004,ORF,VA,AEA,EN,Towers with Radar,67,118,48,1,234,0,3,17,0,20,67,121,65,1,254,0,0,0,254
01/03/2004,ORF,VA,AEA,EN,Towers with Radar,66,120,63,1,250,0,0,50,0,50,66,120,113,1,300,34,4,38,338
01/04/2004,ORF,VA,AEA,EN,Towers with Radar,68,112,54,1,235,0,0,43,0,43,68,112,97,1,278,12,0,12,290
01/05/2004,ORF,VA,AEA,EN,Towers with Radar,72,144,49,7,272,0,0,19,1,20,72,144,68,8,292,9,16,25,317
01/06/2004,ORF,VA,AEA,EN,Towers with Radar,77,129,44,6,256,0,0,24,0,24,77,129,68,6,280,6,12,18,298
01/07/2004,ORF,VA,AEA,EN,Towers with Radar,74,144,42,15,275,0,1,34,2,37,74,145,76,17,312,10,17,27,339
01/08/2004,ORF,VA,AEA,EN,Towers with Radar,74,145,54,1,274,0,0,35,1,36,74,145,89,2,310,11,17,28,338
01/09/2004,ORF,VA,AEA,EN,Towers with Radar,72,138,28,1,239,0,0,1,0,1,72,138,29,1,240,0,0,0,240
01/10/2004,ORF,VA,AEA,EN,Towers with Radar,66,111,30,1,208,0,0,8,2,10,66,111,38,3,218,5,2,7,225
01/11/2004,ORF,VA,AEA,EN,Towers with Radar,67,125,34,0,226,0,0,28,0,28,67,125,62,0,254,18,12,30,284
01/12/2004,ORF,VA,AEA,EN,Towers with Radar,70,126,58,3,257,0,2,29,0,31,70,128,87,3,288,31,20,51,339
01/13/2004,ORF,VA,AEA,EN,Towers with Radar,75,131,60,5,271,0,2,36,0,38,75,133,96,5,309,1,17,18,327
01/14/2004,ORF,VA,AEA,EN,Towers with Radar,74,143,80,3,300,0,1,21,0,22,74,144,101,3,322,0,0,0,322
01/15/2004,ORF,VA,AEA,EN,Towers with Radar,77,144,61,1,283,0,0,7,2,9,77,144,68,3,292,0,0,0,292
01/16/2004,ORF,VA,AEA,EN,Towers with Radar,77,141,47,4,269,0,1,28,0,29,77,142,75,4,298,2,21,23,321
01/17/2004,ORF,VA,AEA,EN,Towers with Radar,69,103,35,2,209,0,0,38,1,39,69,103,73,3,248,20,0,20,268
01/18/2004,ORF,VA,AEA,EN,Towers with Radar,71,107,23,0,201,0,0,1,0,1,71,107,24,0,202,0,0,0,202
01/19/2004,ORF,VA,AEA,EN,Towers with Radar,70,132,44,1,247,0,0,29,4,33,70,132,73,5,280,15,0,15,295
01/20/2004,ORF,VA,AEA,EN,Towers with Radar,74,134,51,2,261,0,0,32,0,32,74,134,83,2,293,1,6,7,300
01/21/2004,ORF,VA,AEA,EN,Towers with Radar,76,140,54,5,275,0,0,35,0,35,76,140,89,5,310,11,35,46,356
01/22/2004,ORF,VA,AEA,EN,Towers with Radar,74,140,48,4,266,0,2,39,0,41,74,142,87,4,307,0,10,10,317
01/23/2004,ORF,VA,AEA,EN,Towers with Radar,73,147,57,2,279,0,0,29,0,29,73,147,86,2,308,8,18,26,334
01/24/2004,ORF,VA,AEA,EN,Towers with Radar,64,110,32,1,207,0,1,20,0,21,64,111,52,1,228,14,2,16,244
01/25/2004,ORF,VA,AEA,EN,Towers with Radar,60,102,32,1,195,0,0,7,0,7,60,102,39,1,202,2,0,2,204
01/26/2004,ORF,VA,AEA,EN,Towers with Radar,59,102,24,1,186,0,0,0,0,0,59,102,24,1,186,0,0,0,186
01/27/2004,ORF,VA,AEA,EN,Towers with Radar,66,100,35,0,201,0,0,0,0,0,66,100,35,0,201,0,0,0,201
01/28/2004,ORF,VA,AEA,EN,Towers with Radar,75,135,36,10,256,0,1,11,0,12,75,136,47,10,268,0,5,5,273
01/29/2004,ORF,VA,AEA,EN,Towers with Radar,81,139,82,8,310,0,1,34,0,35,81,140,116,8,345,0,0,0,345
01/30/2004,ORF,VA,AEA,EN,Towers with Radar,76,136,49,0,261,0,1,19,0,20,76,137,68,0,281,13,30,43,324
01/31/2004,ORF,VA,AEA,EN,Towers with Radar,66,110,31,0,207,0,0,41,0,41,66,110,72,0,248,14,0,14,262
02/01/2004,ORF,VA,AEA,EN,Towers with Radar,63,116,51,0,230,0,0,41,0,41,63,116,92,0,271,14,0,14,285
02/02/2004,ORF,VA,AEA,EN,Towers with Radar,68,128,50,2,248,0,1,21,0,22,68,129,71,2,270,6,24,30,300
02/03/2004,ORF,VA,AEA,EN,Towers with Radar,78,133,35,1,247,0,0,8,0,8,78,133,43,1,255,0,17,17,272
02/04/2004,ORF,VA,AEA,EN,Towers with Radar,74,149,87,4,314,0,1,48,1,50,74,150,135,5,364,4,9,13,377
02/05/2004,ORF,VA,AEA,EN,Towers with Radar,71,131,52,3,257,0,0,27,5,32,71,131,79,8,289,8,6,14,303
02/06/2004,ORF,VA,AEA,EN,Towers with Radar,86,128,51,2,267,0,0,4,0,4,86,128,55,2,271,2,6,8,279
02/07/2004,ORF,VA,AEA,EN,Towers with Radar,73,117,40,3,233,0,1,25,1,27,73,118,65,4,260,0,0,0,260
02/08/2004,ORF,VA,AEA,EN,Towers with Radar,66,111,43,0,220,0,1,34,0,35,66,112,77,0,255,25,0,25,280
02/09/2004,ORF,VA,AEA,EN,Towers with Radar,71,132,50,0,253,0,1,17,1,19,71,133,67,1,272,25,0,25,297
02/10/2004,ORF,VA,AEA,EN,Towers with Radar,76,147,48,4,275,0,0,21,1,22,76,147,69,5,297,0,0,0,297
02/11/2004,ORF,VA,AEA,EN,Towers with Radar,75,139,73,0,287,0,3,37,2,42,75,142,110,2,329,19,28,47,376
02/12/2004,ORF,VA,AEA,EN,Towers with Radar,72,135,66,1,274,0,0,5,0,5,72,135,71,1,279,0,11,11,290
02/13/2004,ORF,VA,AEA,EN,Towers with Radar,80,145,65,2,292,0,1,46,3,50,80,146,111,5,342,9,21,30,372
02/14/2004,ORF,VA,AEA,EN,Towers with Radar,64,122,55,2,243,0,0,43,0,43,64,122,98,2,286,20,0,20,306
02/15/2004,ORF,VA,AEA,EN,Towers with Radar,64,107,45,1,217,0,0,17,0,17,64,107,62,1,234,0,0,0,234
02/16/2004,ORF,VA,AEA,EN,Towers with Radar,71,136,48,4,259,0,4,13,1,18,71,140,61,5,277,6,0,6,283
02/17/2004,ORF,VA,AEA,EN,Towers with Radar,76,137,54,4,271,0,0,2,0,2,76,137,56,4,273,0,0,0,273
02/18/2004,ORF,VA,AEA,EN,Towers with Radar,75,138,56,2,271,0,5,18,1,24,75,143,74,3,295,19,9,28,323
02/19/2004,ORF,VA,AEA,EN,Towers with Radar,77,144,69,5,295,0,1,40,0,41,77,145,109,5,336,4,20,24,360
02/20/2004,ORF,VA,AEA,EN,Towers with Radar,75,142,69,2,288,0,2,45,4,51,75,144,114,6,339,32,22,54,393
02/21/2004,ORF,VA,AEA,EN,Towers with Radar,62,114,33,3,212,0,0,15,1,16,62,114,48,4,228,0,0,0,228
02/22/2004,ORF,VA,AEA,EN,Towers with Radar,63,99,61,1,224,0,0,28,1,29,63,99,89,2,253,12,1,13,266
02/23/2004,ORF,VA,AEA,EN,Towers with Radar,73,141,39,0,253,0,0,40,0,40,73,141,79,0,293,13,0,13,306
02/24/2004,ORF,VA,AEA,EN,Towers with Radar,74,128,41,0,243,0,0,16,1,17,74,128,57,1,260,4,17,21,281
02/25/2004,ORF,VA,AEA,EN,Towers with Radar,78,137,44,0,259,0,2,22,2,26,78,139,66,2,285,23,26,49,334
02/26/2004,ORF,VA,AEA,EN,Towers with Radar,71,142,60,4,277,0,0,29,1,30,71,142,89,5,307,21,27,48,355
02/27/2004,ORF,VA,AEA,EN,Towers with Radar,77,130,42,4,253,0,0,16,0,16,77,130,58,4,269,11,19,30,299
02/28/2004,ORF,VA,AEA,EN,Towers with Radar,61,114,32,1,208,0,2,44,0,46,61,116,76,1,254,8,0,8,262
02/29/2004,ORF,VA,AEA,EN,Towers with Radar,68,116,65,0,249,0,0,63,2,65,68,116,128,2,314,14,0,14,328
03/01/2004,ORF,VA,AEA,EN,Towers with Radar,72,134,52,5,263,0,0,27,0,27,72,134,79,5,290,0,5,5,295
03/02/2004,ORF,VA,AEA,EN,Towers with Radar,80,134,63,3,280,0,1,11,2,14,80,135,74,5,294,2,10,12,306
03/03/2004,ORF,VA,AEA,EN,Towers with Radar,77,133,65,2,277,0,1,42,1,44,77,134,107,3,321,28,15,43,364
03/04/2004,ORF,VA,AEA,EN,Towers with Radar,76,142,63,4,285,0,2,63,0,65,76,144,126,4,350,10,15,25,375
03/05/2004,ORF,VA,AEA,EN,Towers with Radar,74,129,75,4,282,0,2,31,1,34,74,131,106,5,316,46,16,62,378
03/06/2004,ORF,VA,AEA,EN,Towers with Radar,69,120,40,4,233,0,0,1,0,1,69,120,41,4,234,0,0,0,234
03/07/2004,ORF,VA,AEA,EN,Towers with Radar,67,112,38,0,217,0,0,46,0,46,67,112,84,0,263,0,0,0,263
03/08/2004,ORF,VA,AEA,EN,Towers with Radar,77,140,34,2,253,0,0,15,0,15,77,140,49,2,268,0,0,0,268
03/09/2004,ORF,VA,AEA,EN,Towers with Radar,76,137,51,5,269,0,0,15,2,17,76,137,66,7,286,5,17,22,308
03/10/2004,ORF,VA,AEA,EN,Towers with Radar,76,141,43,2,262,0,0,2,0,2,76,141,45,2,264,0,0,0,264
03/11/2004,ORF,VA,AEA,EN,Towers with Radar,78,152,50,5,285,0,0,54,0,54,78,152,104,5,339,8,24,32,371
03/12/2004,ORF,VA,AEA,EN,Towers with Radar,77,145,66,2,290,0,0,36,1,37,77,145,102,3,327,13,14,27,354
03/13/2004,ORF,VA,AEA,EN,Towers with Radar,65,121,58,0,244,0,0,40,2,42,65,121,98,2,286,0,0,0,286
03/14/2004,ORF,VA,AEA,EN,Towers with Radar,67,112,74,0,253,0,0,53,0,53,67,112,127,0,306,8,0,8,314
03/15/2004,ORF,VA,AEA,EN,Towers with Radar,73,136,68,1,278,0,0,11,3,14,73,136,79,4,292,2,3,5,297
03/16/2004,ORF,VA,AEA,EN,Towers with Radar,80,110,59,2,251,0,0,0,2,2,80,110,59,4,253,0,0,0,253
03/17/2004,ORF,VA,AEA,EN,Towers with Radar,80,136,90,2,308,0,0,20,1,21,80,136,110,3,329,26,23,49,378
03/18/2004,ORF,VA,AEA,EN,Towers with Radar,77,136,74,6,293,0,0,18,1,19,77,136,92,7,312,13,36,49,361
03/19/2004,ORF,VA,AEA,EN,Towers with Radar,75,139,54,0,268,0,1,28,1,30,75,140,82,1,298,30,24,54,352
03/20/2004,ORF,VA,AEA,EN,Towers with Radar,62,114,37,1,214,0,0,33,0,33,62,114,70,1,247,24,0,24,271
03/21/2004,ORF,VA,AEA,EN,Towers with Radar,65,110,49,2,226,0,0,9,0,9,65,110,58,2,235,8,19,27,262
03/22/2004,ORF,VA,AEA,EN,Towers with Radar,73,140,48,2,263,0,1,21,1,23,73,141,69,3,286,2,13,15,301
03/23/2004,ORF,VA,AEA,EN,Towers with Radar,77,149,69,1,296,0,1,37,1,39,77,150,106,2,335,26,35,61,396
03/24/2004,ORF,VA,AEA,EN,Towers with Radar,77,143,71,5,296,0,1,60,1,62,77,144,131,6,358,3,33,36,394
03/25/2004,ORF,VA,AEA,EN,Towers with Radar,79,141,75,3,298,0,2,42,0,44,79,143,117,3,342,28,35,63,405
03/26/2004,ORF,VA,AEA,EN,Towers with Radar,80,137,62,0,279,0,3,37,0,40,80,140,99,0,319,30,38,68,387
03/27/2004,ORF,VA,AEA,EN,Towers with Radar,66,109,29,0,204,0,0,19,0,19,66,109,48,0,223,10,0,10,233
03/28/2004,ORF,VA,AEA,EN,Towers with Radar,70,100,70,0,240,0,0,9,0,9,70,100,79,0,249,0,0,0,249
03/29/2004,ORF,VA,AEA,EN,Towers with Radar,73,146,71,1,291,0,1,19,5,25,73,147,90,6,316,4,7,11,327
03/30/2004,ORF,VA,AEA,EN,Towers with Radar,77,150,60,4,291,0,0,0,0,0,77,150,60,4,291,0,0,0,291
03/31/2004,ORF,VA,AEA,EN,Towers with Radar,81,144,59,4,288,0,0,0,0,0,81,144,59,4,288,0,0,0,288
04/01/2004,ORF,VA,AEA,EN,Towers with Radar,79,138,58,3,278,0,0,7,0,7,79,138,65,3,285,26,37,63,348
04/02/2004,ORF,VA,AEA,EN,Towers with Radar,74,144,83,7,308,0,0,31,0,31,74,144,114,7,339,31,29,60,399
04/03/2004,ORF,VA,AEA,EN,Towers with Radar,65,128,25,0,218,0,0,18,0,18,65,128,43,0,236,0,0,0,236
04/04/2004,ORF,VA,AEA,EN,Towers with Radar,64,109,34,0,207,0,0,17,0,17,64,109,51,0,224,8,2,10,234
04/05/2004,ORF,VA,AEA,EN,Towers with Radar,74,145,32,4,255,0,1,15,0,16,74,146,47,4,271,3,7,10,281
04/06/2004,ORF,VA,AEA,EN,Towers with Radar,79,145,72,1,297,0,0,42,0,42,79,145,114,1,339,22,0,22,361
04/07/2004,ORF,VA,AEA,EN,Towers with Radar,76,141,103,0,320,0,2,51,1,54,76,143,154,1,374,27,37,64,438
04/08/2004,ORF,VA,AEA,EN,Towers with Radar,77,154,75,1,307,0,3,32,0,35,77,157,107,1,342,17,47,64,406
04/09/2004,ORF,VA,AEA,EN,Towers with Radar,75,152,70,0,297,0,0,42,0,42,75,152,112,0,339,14,28,42,381
04/10/2004,ORF,VA,AEA,EN,Towers with Radar,64,125,77,0,266,0,0,38,0,38,64,125,115,0,304,46,10,56,360
04/11/2004,ORF,VA,AEA,EN,Towers with Radar,63,107,46,0,216,0,0,0,0,0,63,107,46,0,216,0,0,0,216
04/12/2004,ORF,VA,AEA,EN,Towers with Radar,74,145,49,0,268,0,0,0,0,0,74,145,49,0,268,0,0,0,268
04/13/2004,ORF,VA,AEA,EN,Towers with Radar,75,139,52,4,270,0,0,1,0,1,75,139,53,4,271,0,0,0,271
04/14/2004,ORF,VA,AEA,EN,Towers with Radar,79,151,67,5,302,0,1,15,1,17,79,152,82,6,319,11,52,63,382
04/15/2004,ORF,VA,AEA,EN,Towers with Radar,76,142,68,1,287,1,0,37,0,38,77,142,105,1,325,19,38,57,382
04/16/2004,ORF,VA,AEA,EN,Towers with Radar,77,154,74,3,308,0,0,63,0,63,77,154,137,3,371,0,8,8,379
04/17/2004,ORF,VA,AEA,EN,Towers with Radar,65,124,44,2,235,0,0,63,1,64,65,124,107,3,299,8,0,8,307
04/18/2004,ORF,VA,AEA,EN,Towers with Radar,67,110,51,0,228,0,0,51,0,51,67,110,102,0,279,14,2,16,295
04/19/2004,ORF,VA,AEA,EN,Towers with Radar,72,147,70,3,292,0,0,23,0,23,72,147,93,3,315,17,20,37,352
04/20/2004,ORF,VA,AEA,EN,Towers with Radar,86,168,76,2,332,0,0,49,1,50,86,168,125,3,382,8,19,27,409
04/21/2004,ORF,VA,AEA,EN,Towers with Radar,80,142,75,1,298,0,0,31,0,31,80,142,106,1,329,4,14,18,347
04/22/2004,ORF,VA,AEA,EN,Towers with Radar,77,147,75,1,300,0,0,31,0,31,77,147,106,1,331,0,0,0,331
04/23/2004,ORF,VA,AEA,EN,Towers with Radar,77,140,71,6,294,0,2,37,0,39,77,142,108,6,333,49,31,80,413
04/24/2004,ORF,VA,AEA,EN,Towers with Radar,64,121,54,3,242,0,1,25,1,27,64,122,79,4,269,0,0,0,269
04/25/2004,ORF,VA,AEA,EN,Towers with Radar,66,121,43,0,230,0,0,36,0,36,66,121,79,0,266,8,2,10,276
04/26/2004,ORF,VA,AEA,EN,Towers with Radar,71,145,52,0,268,0,1,12,0,13,71,146,64,0,281,9,7,16,297
04/27/2004,ORF,VA,AEA,EN,Towers with Radar,78,154,64,1,297,0,0,30,0,30,78,154,94,1,327,10,30,40,367
04/28/2004,ORF,VA,AEA,EN,Towers with Radar,75,155,55,3,288,0,0,50,13,63,75,155,105,16,351,5,15,20,371
04/29/2004,ORF,VA,AEA,EN,Towers with Radar,77,147,76,5,305,0,2,64,1,67,77,149,140,6,372,32,13,45,417
04/30/2004,ORF,VA,AEA,EN,Towers with Radar,76,141,41,0,258,0,7,54,0,61,76,148,95,0,319,5,23,28,347
05/01/2004,ORF,VA,AEA,EN,Towers with Radar,61,130,28,4,223,0,0,15,0,15,61,130,43,4,238,10,12,22,260
05/02/2004,ORF,VA,AEA,EN,Towers with Radar,62,122,49,0,233,0,0,9,0,9,62,122,58,0,242,0,0,0,242
05/03/2004,ORF,VA,AEA,EN,Towers with Radar,72,143,56,1,272,0,0,1,0,1,72,143,57,1,273,0,0,0,273
05/04/2004,ORF,VA,AEA,EN,Towers with Radar,81,153,59,5,298,0,2,74,2,78,81,155,133,7,376,6,78,84,460
05/05/2004,ORF,VA,AEA,EN,Towers with Radar,78,160,78,0,316,0,0,34,6,40,78,160,112,6,356,8,10,18,374
05/06/2004,ORF,VA,AEA,EN,Towers with Radar,81,156,69,3,309,0,4,61,1,66,81,160,130,4,375,14,26,40,415
05/07/2004,ORF,VA,AEA,EN,Towers with Radar,80,158,56,3,297,0,0,52,1,53,80,158,108,4,350,0,26,26,376
05/08/2004,ORF,VA,AEA,EN,Towers with Radar,67,129,41,1,238,0,0,25,2,27,67,129,66,3,265,12,0,12,277
05/09/2004,ORF,VA,AEA,EN,Towers with Radar,65,127,44,0,236,0,0,42,0,42,65,127,86,0,278,39,18,57,335
05/10/2004,ORF,VA,AEA,EN,Towers with Radar,79,148,60,5,292,0,1,36,1,38,79,149,96,6,330,22,22,44,374
05/11/2004,ORF,VA,AEA,EN,Towers with Radar,76,154,50,3,283,0,2,46,2,50,76,156,96,5,333,0,0,0,333
05/12/2004,ORF,VA,AEA,EN,Towers with Radar,75,156,114,9,354,0,3,46,1,50,75,159,160,10,404,29,0,29,433
05/13/2004,ORF,VA,AEA,EN,Towers with Radar,76,168,71,5,320,0,0,52,7,59,76,168,123,12,379,4,0,4,383
05/14/2004,ORF,VA,AEA,EN,Towers with Radar,85,143,65,2,295,0,0,52,2,54,85,143,117,4,349,13,14,27,376
05/15/2004,ORF,VA,AEA,EN,Towers with Radar,63,126,43,3,235,0,2,36,1,39,63,128,79,4,274,5,4,9,283
05/16/2004,ORF,VA,AEA,EN,Towers with Radar,67,120,50,4,241,0,0,30,0,30,67,120,80,4,271,31,4,35,306
05/17/2004,ORF,VA,AEA,EN,Towers with Radar,75,141,53,2,271,0,2,39,2,43,75,143,92,4,314,6,28,34,348
05/18/2004,ORF,VA,AEA,EN,Towers with Radar,83,142,66,8,299,0,2,32,0,34,83,144,98,8,333,19,8,27,360
05/19/2004,ORF,VA,AEA,EN,Towers with Radar,78,158,71,3,310,0,1,32,0,33,78,159,103,3,343,6,14,20,363
05/20/2004,ORF,VA,AEA,EN,Towers with Radar,77,151,61,4,293,0,1,2,0,3,77,152,63,4,296,0,4,4,300
05/21/2004,ORF,VA,AEA,EN,Towers with Radar,80,147,66,2,295,0,0,28,0,28,80,147,94,2,323,8,8,16,339
05/22/2004,ORF,VA,AEA,EN,Towers with Radar,63,122,35,1,221,0,0,29,0,29,63,122,64,1,250,12,10,22,272
05/23/2004,ORF,VA,AEA,EN,Towers with Radar,62,124,41,5,232,0,0,30,1,31,62,124,71,6,263,8,2,10,273
05/24/2004,ORF,VA,AEA,EN,Towers with Radar,77,145,48,4,274,0,2,26,0,28,77,147,74,4,302,31,22,53,355
05/25/2004,ORF,VA,AEA,EN,Towers with Radar,85,167,75,4,331,0,3,30,2,35,85,170,105,6,366,19,26,45,411
05/26/2004,ORF,VA,AEA,EN,Towers with Radar,75,165,74,5,319,0,0,33,2,35,75,165,107,7,354,0,0,0,354
05/27/2004,ORF,VA,AEA,EN,Towers with Radar,77,164,50,9,300,0,1,28,1,30,77,165,78,10,330,13,0,13,343
05/28/2004,ORF,VA,AEA,EN,Towers with Radar,76,146,58,0,280,0,1,42,0,43,76,147,100,0,323,14,8,22,345
05/29/2004,ORF,VA,AEA,EN,Towers with Radar,62,107,41,0,210,0,2,42,1,45,62,109,83,1,255,12,4,16,271
05/30/2004,ORF,VA,AEA,EN,Towers with Radar,62,107,32,1,202,0,0,28,0,28,62,107,60,1,230,2,3,5,235
05/31/2004,ORF,VA,AEA,EN,Towers with Radar,63,113,43,1,220,0,0,10,0,10,63,113,53,1,230,0,0,0,230
06/01/2004,ORF,VA,AEA,EN,Towers with Radar,81,141,68,0,290,0,2,46,3,51,81,143,114,3,341,26,25,51,392
06/02/2004,ORF,VA,AEA,EN,Towers with Radar,79,148,52,3,282,0,0,41,0,41,79,148,93,3,323,16,38,54,377
06/03/2004,ORF,VA,AEA,EN,Towers with Radar,86,153,74,1,314,0,0,41,1,42,86,153,115,2,356,11,18,29,385
06/04/2004,ORF,VA,AEA,EN,Towers with Radar,78,158,60,3,299,0,0,24,0,24,78,158,84,3,323,12,10,22,345
06/05/2004,ORF,VA,AEA,EN,Towers with Radar,64,121,44,0,229,0,2,10,1,13,64,123,54,1,242,22,0,22,264
06/06/2004,ORF,VA,AEA,EN,Towers with Radar,66,134,65,0,265,0,0,35,0,35,66,134,100,0,300,39,3,42,342
06/07/2004,ORF,VA,AEA,EN,Towers with Radar,77,146,53,4,280,0,0,24,0,24,77,146,77,4,304,0,0,0,304
06/08/2004,ORF,VA,AEA,EN,Towers with Radar,81,160,50,1,292,0,0,37,0,37,81,160,87,1,329,20,40,60,389
06/09/2004,ORF,VA,AEA,EN,Towers with Radar,75,149,62,3,289,0,0,43,1,44,75,149,105,4,333,38,18,56,389
06/10/2004,ORF,VA,AEA,EN,Towers with Radar,74,144,65,3,286,0,3,29,4,36,74,147,94,7,322,9,29,38,360
06/11/2004,ORF,VA,AEA,EN,Towers with Radar,85,170,60,1,316,0,0,22,0,22,85,170,82,1,338,8,0,8,346
06/12/2004,ORF,VA,AEA,EN,Towers with Radar,68,119,46,1,234,0,0,39,0,39,68,119,85,1,273,33,12,45,318
06/13/2004,ORF,VA,AEA,EN,Towers with Radar,73,122,59,1,255,0,0,41,0,41,73,122,100,1,296,2,0,2,298
06/14/2004,ORF,VA,AEA,EN,Towers with Radar,72,153,57,2,284,0,0,27,2,29,72,153,84,4,313,29,0,29,342
06/15/2004,ORF,VA,AEA,EN,Towers with Radar,78,151,67,1,297,0,0,31,0,31,78,151,98,1,328,18,23,41,369
06/16/2004,ORF,VA,AEA,EN,Towers with Radar,83,144,87,3,317,0,0,23,0,23,83,144,110,3,340,0,19,19,359
06/17/2004,ORF,VA,AEA,EN,Towers with Radar,97,153,81,8,339,0,1,22,0,23,97,154,103,8,362,8,30,38,400
06/18/2004,ORF,VA,AEA,EN,Towers with Radar,91,158,65,0,314,0,0,27,0,27,91,158,92,0,341,3,25,28,369
06/19/2004,ORF,VA,AEA,EN,Towers with Radar,67,135,44,2,248,1,0,34,0,35,68,135,78,2,283,21,18,39,322
06/20/2004,ORF,VA,AEA,EN,Towers with Radar,74,143,47,3,267,0,0,50,2,52,74,143,97,5,319,18,10,28,347
06/21/2004,ORF,VA,AEA,EN,Towers with Radar,75,142,70,0,287,0,0,46,0,46,75,142,116,0,333,4,16,20,353
06/22/2004,ORF,VA,AEA,EN,Towers with Radar,80,149,59,4,292,0,0,34,0,34,80,149,93,4,326,34,24,58,384
06/23/2004,ORF,VA,AEA,EN,Towers with Radar,82,158,69,1,310,0,0,15,1,16,82,158,84,2,326,17,21,38,364
06/24/2004,ORF,VA,AEA,EN,Towers with Radar,85,161,69,0,315,0,1,19,3,23,85,162,88,3,338,2,12,14,352
06/25/2004,ORF,VA,AEA,EN,Towers with Radar,76,158,85,1,320,0,0,9,1,10,76,158,94,2,330,8,17,25,355
06/26/2004,ORF,VA,AEA,EN,Towers with Radar,68,144,60,0,272,0,0,8,0,8,68,144,68,0,280,6,6,12,292
06/27/2004,ORF,VA,AEA,EN,Towers with Radar,71,139,65,1,276,0,1,47,0,48,71,140,112,1,324,0,0,0,324
06/28/2004,ORF,VA,AEA,EN,Towers with Radar,77,162,63,2,304,0,0,4,2,6,77,162,67,4,310,12,6,18,328
06/29/2004,ORF,VA,AEA,EN,Towers with Radar,80,163,62,0,305,0,0,66,4,70,80,163,128,4,375,6,35,41,416
06/30/2004,ORF,VA,AEA,EN,Towers with Radar,82,167,66,3,318,0,1,17,0,18,82,168,83,3,336,5,23,28,364
07/01/2004,ORF,VA,AEA,EN,Towers with Radar,84,167,79,1,331,0,3,44,2,49,84,170,123,3,380,10,27,37,417
07/02/2004,ORF,VA,AEA,EN,Towers with Radar,81,163,56,0,300,0,0,30,1,31,81,163,86,1,331,5,20,25,356
07/03/2004,ORF,VA,AEA,EN,Towers with Radar,68,142,23,0,233,0,0,31,0,31,68,142,54,0,264,26,2,28,292
07/04/2004,ORF,VA,AEA,EN,Towers with Radar,69,112,26,0,207,0,0,16,0,16,69,112,42,0,223,2,0,2,225
07/05/2004,ORF,VA,AEA,EN,Towers with Radar,69,132,50,5,256,0,1,45,2,48,69,133,95,7,304,18,5,23,327
07/06/2004,ORF,VA,AEA,EN,Towers with Radar,76,163,63,0,302,0,0,51,0,51,76,163,114,0,353,30,16,46,399
07/07/2004,ORF,VA,AEA,EN,Towers with Radar,86,165,65,1,317,0,1,35,0,36,86,166,100,1,353,13,0,13,366
07/08/2004,ORF,VA,AEA,EN,Towers with Radar,83,174,66,2,325,0,1,59,0,60,83,175,125,2,385,27,29,56,441
07/09/2004,ORF,VA,AEA,EN,Towers with Radar,78,170,70,2,320,0,2,62,0,64,78,172,132,2,384,15,9,24,408
07/10/2004,ORF,VA,AEA,EN,Towers with Radar,67,144,45,2,258,0,1,38,0,39,67,145,83,2,297,2,12,14,311
07/11/2004,ORF,VA,AEA,EN,Towers with Radar,73,141,58,0,272,0,0,31,0,31,73,141,89,0,303,18,5,23,326
07/12/2004,ORF,VA,AEA,EN,Towers with Radar,77,162,50,0,289,0,0,23,0,23,77,162,73,0,312,4,20,24,336
07/13/2004,ORF,VA,AEA,EN,Towers with Radar,84,158,64,2,308,0,0,38,1,39,84,158,102,3,347,1,34,35,382
07/14/2004,ORF,VA,AEA,EN,Towers with Radar,79,145,62,4,290,0,2,42,0,44,79,147,104,4,334,5,32,37,371
07/15/2004,ORF,VA,AEA,EN,Towers with Radar,86,176,67,4,333,0,0,60,2,62,86,176,127,6,395,0,37,37,432
07/16/2004,ORF,VA,AEA,EN,Towers with Radar,81,167,52,5,305,0,0,45,0,45,81,167,97,5,350,67,58,125,475
07/17/2004,ORF,VA,AEA,EN,Towers with Radar,70,145,38,0,253,0,0,43,4,47,70,145,81,4,300,12,38,50,350
07/18/2004,ORF,VA,AEA,EN,Towers with Radar,77,137,37,2,253,0,0,16,0,16,77,137,53,2,269,23,6,29,298
07/19/2004,ORF,VA,AEA,EN,Towers with Radar,77,168,56,3,304,0,2,27,0,29,77,170,83,3,333,22,13,35,368
07/20/2004,ORF,VA,AEA,EN,Towers with Radar,81,174,70,6,331,0,1,34,0,35,81,175,104,6,366,31,32,63,429
07/21/2004,ORF,VA,AEA,EN,Towers with Radar,82,169,85,0,336,0,0,41,1,42,82,169,126,1,378,7,0,7,385
07/22/2004,ORF,VA,AEA,EN,Towers with Radar,80,154,92,1,327,0,1,29,0,30,80,155,121,1,357,29,36,65,422
07/23/2004,ORF,VA,AEA,EN,Towers with Radar,85,156,72,6,319,0,0,2,0,2,85,156,74,6,321,0,15,15,336
07/24/2004,ORF,VA,AEA,EN,Towers with Radar,66,149,42,0,257,0,0,2,0,2,66,149,44,0,259,4,0,4,263
07/25/2004,ORF,VA,AEA,EN,Towers with Radar,73,137,43,2,255,0,1,16,0,17,73,138,59,2,272,8,6,14,286
07/26/2004,ORF,VA,AEA,EN,Towers with Radar,79,166,73,1,319,0,1,7,1,9,79,167,80,2,328,5,8,13,341
07/27/2004,ORF,VA,AEA,EN,Towers with Radar,80,162,55,0,297,0,0,20,1,21,80,162,75,1,318,18,16,34,352
07/28/2004,ORF,VA,AEA,EN,Towers with Radar,85,154,54,1,294,0,0,7,1,8,85,154,61,2,302,12,38,50,352
07/29/2004,ORF,VA,AEA,EN,Towers with Radar,86,171,73,5,335,0,0,15,3,18,86,171,88,8,353,0,0,0,353
07/30/2004,ORF,VA,AEA,EN,Towers with Radar,80,163,72,2,317,0,1,47,1,49,80,164,119,3,366,4,25,29,395
07/31/2004,ORF,VA,AEA,EN,Towers with Radar,64,146,30,1,241,0,0,27,0,27,64,146,57,1,268,14,4,18,286
08/01/2004,ORF,VA,AEA,EN,Towers with Radar,73,125,47,3,248,0,0,16,0,16,73,125,63,3,264,31,10,41,305
08/02/2004,ORF,VA,AEA,EN,Towers with Radar,83,155,43,1,282,0,0,11,0,11,83,155,54,1,293,0,0,0,293
08/03/2004,ORF,VA,AEA,EN,Towers with Radar,85,166,41,2,294,0,0,1,0,1,85,166,42,2,295,0,0,0,295
08/04/2004,ORF,VA,AEA,EN,Towers with Radar,86,167,60,5,318,0,3,44,0,47,86,170,104,5,365,2,41,43,408
08/05/2004,ORF,VA,AEA,EN,Towers with Radar,88,176,65,10,339,0,0,21,3,24,88,176,86,13,363,18,19,37,400
08/06/2004,ORF,VA,AEA,EN,Towers with Radar,84,154,59,4,301,0,0,41,0,41,84,154,100,4,342,5,2,7,349
08/07/2004,ORF,VA,AEA,EN,Towers with Radar,68,134,46,0,248,0,1,38,0,39,68,135,84,0,287,10,4,14,301
08/08/2004,ORF,VA,AEA,EN,Towers with Radar,77,133,64,2,276,0,1,55,1,57,77,134,119,3,333,28,15,43,376
08/09/2004,ORF,VA,AEA,EN,Towers with Radar,80,170,46,1,297,0,1,43,3,47,80,171,89,4,344,23,12,35,379
08/10/2004,ORF,VA,AEA,EN,Towers with Radar,82,159,49,11,301,0,1,64,0,65,82,160,113,11,366,8,18,26,392
08/11/2004,ORF,VA,AEA,EN,Towers with Radar,83,148,74,10,315,0,0,50,0,50,83,148,124,10,365,12,9,21,386
08/12/2004,ORF,VA,AEA,EN,Towers with Radar,84,154,62,4,304,0,0,26,0,26,84,154,88,4,330,26,17,43,373
08/13/2004,ORF,VA,AEA,EN,Towers with Radar,90,167,31,4,292,0,0,3,2,5,90,167,34,6,297,0,8,8,305
08/14/2004,ORF,VA,AEA,EN,Towers with Radar,58,115,22,2,197,0,0,0,0,0,58,115,22,2,197,0,0,0,197
08/15/2004,ORF,VA,AEA,EN,Towers with Radar,81,126,45,0,252,0,0,0,0,0,81,126,45,0,252,0,0,0,252
08/16/2004,ORF,VA,AEA,EN,Towers with Radar,81,161,84,6,332,0,0,27,0,27,81,161,111,6,359,3,15,18,377
08/17/2004,ORF,VA,AEA,EN,Towers with Radar,81,155,48,4,288,0,0,58,1,59,81,155,106,5,347,0,36,36,383
08/18/2004,ORF,VA,AEA,EN,Towers with Radar,82,162,63,5,312,0,0,22,0,22,82,162,85,5,334,4,50,54,388
08/19/2004,ORF,VA,AEA,EN,Towers with Radar,83,159,73,7,322,0,0,57,1,58,83,159,130,8,380,30,30,60,440
08/20/2004,ORF,VA,AEA,EN,Towers with Radar,79,160,54,2,295,0,1,38,0,39,79,161,92,2,334,14,6,20,354
08/21/2004,ORF,VA,AEA,EN,Towers with Radar,69,130,43,1,243,0,0,10,0,10,69,130,53,1,253,0,0,0,253
08/22/2004,ORF,VA,AEA,EN,Towers with Radar,79,135,45,0,259,0,0,31,0,31,79,135,76,0,290,20,2,22,312
08/23/2004,ORF,VA,AEA,EN,Towers with Radar,77,162,45,6,290,0,0,36,2,38,77,162,81,8,328,3,0,3,331
08/24/2004,ORF,VA,AEA,EN,Towers with Radar,82,158,80,7,327,0,1,49,0,50,82,159,129,7,377,12,19,31,408
08/25/2004,ORF,VA,AEA,EN,Towers with Radar,84,153,73,2,312,0,2,38,0,40,84,155,111,2,352,44,34,78,430
08/26/2004,ORF,VA,AEA,EN,Towers with Radar,84,166,59,2,311,0,1,37,2,40,84,167,96,4,351,5,6,11,362
08/27/2004,ORF,VA,AEA,EN,Towers with Radar,84,168,67,1,320,0,0,36,2,38,84,168,103,3,358,31,12,43,401
08/28/2004,ORF,VA,AEA,EN,Towers with Radar,67,134,44,0,245,0,2,49,0,51,67,136,93,0,296,20,4,24,320
08/29/2004,ORF,VA,AEA,EN,Towers with Radar,75,129,43,0,247,0,0,23,0,23,75,129,66,0,270,10,0,10,280
08/30/2004,ORF,VA,AEA,EN,Towers with Radar,79,156,36,2,273,0,0,8,0,8,79,156,44,2,281,3,10,13,294
08/31/2004,ORF,VA,AEA,EN,Towers with Radar,88,162,70,4,324,0,1,46,0,47,88,163,116,4,371,6,48,54,425
09/01/2004,ORF,VA,AEA,EN,Towers with Radar,83,159,70,5,317,0,0,41,0,41,83,159,111,5,358,51,34,85,443
09/02/2004,ORF,VA,AEA,EN,Towers with Radar,81,174,77,0,332,0,0,50,1,51,81,174,127,1,383,56,33,89,472
09/03/2004,ORF,VA,AEA,EN,Towers with Radar,85,184,84,2,355,0,0,41,2,43,85,184,125,4,398,25,20,45,443
09/04/2004,ORF,VA,AEA,EN,Towers with Radar,62,137,43,0,242,0,0,19,1,20,62,137,62,1,262,0,0,0,262
09/05/2004,ORF,VA,AEA,EN,Towers with Radar,66,104,54,0,224,0,0,6,0,6,66,104,60,0,230,0,0,0,230
09/06/2004,ORF,VA,AEA,EN,Towers with Radar,58,133,59,1,251,0,0,8,1,9,58,133,67,2,260,20,3,23,283
09/07/2004,ORF,VA,AEA,EN,Towers with Radar,73,155,56,4,288,0,1,12,1,14,73,156,68,5,302,6,13,19,321
09/08/2004,ORF,VA,AEA,EN,Towers with Radar,86,155,57,5,303,0,0,9,3,12,86,155,66,8,315,8,19,27,342
09/09/2004,ORF,VA,AEA,EN,Towers with Radar,86,164,57,5,312,0,0,13,0,13,86,164,70,5,325,22,17,39,364
09/10/2004,ORF,VA,AEA,EN,Towers with Radar,81,166,70,1,318,0,4,57,0,61,81,170,127,1,379,71,13,84,463
09/11/2004,ORF,VA,AEA,EN,Towers with Radar,68,131,47,2,248,0,1,27,0,28,68,132,74,2,276,18,2,20,296
09/12/2004,ORF,VA,AEA,EN,Towers with Radar,73,125,65,2,265,0,0,46,1,47,73,125,111,3,312,35,7,42,354
09/13/2004,ORF,VA,AEA,EN,Towers with Radar,75,157,62,6,300,0,1,35,0,36,75,158,97,6,336,6,12,18,354
09/14/2004,ORF,VA,AEA,EN,Towers with Radar,83,166,74,8,331,0,0,27,1,28,83,166,101,9,359,18,19,37,396
09/15/2004,ORF,VA,AEA,EN,Towers with Radar,85,165,49,4,303,0,0,16,1,17,85,165,65,5,320,7,36,43,363
09/16/2004,ORF,VA,AEA,EN,Towers with Radar,82,161,64,8,315,0,1,40,0,41,82,162,104,8,356,16,47,63,419
09/17/2004,ORF,VA,AEA,EN,Towers with Radar,86,157,50,5,298,0,0,13,0,13,86,157,63,5,311,2,20,22,333
09/18/2004,ORF,VA,AEA,EN,Towers with Radar,73,136,52,3,264,0,0,1,0,1,73,136,53,3,265,0,0,0,265
09/19/2004,ORF,VA,AEA,EN,Towers with Radar,74,138,38,0,250,0,0,11,0,11,74,138,49,0,261,6,17,23,284
09/20/2004,ORF,VA,AEA,EN,Towers with Radar,81,166,51,2,300,0,6,22,4,32,81,172,73,6,332,0,20,20,352
09/21/2004,ORF,VA,AEA,EN,Towers with Radar,85,171,65,6,327,0,1,59,3,63,85,172,124,9,390,8,2,10,400
09/22/2004,ORF,VA,AEA,EN,Towers with Radar,86,166,61,2,315,0,2,45,2,49,86,168,106,4,364,17,32,49,413
09/23/2004,ORF,VA,AEA,EN,Towers with Radar,82,168,65,1,316,0,0,64,1,65,82,168,129,2,381,24,20,44,425
09/24/2004,ORF,VA,AEA,EN,Towers with Radar,84,177,72,3,336,0,1,62,0,63,84,178,134,3,399,10,0,10,409
09/25/2004,ORF,VA,AEA,EN,Towers with Radar,72,128,57,2,259,0,0,47,4,51,72,128,104,6,310,0,0,0,310
09/26/2004,ORF,VA,AEA,EN,Towers with Radar,68,134,57,1,260,0,2,62,1,65,68,136,119,2,325,7,8,15,340
09/27/2004,ORF,VA,AEA,EN,Towers with Radar,91,197,90,7,385,0,0,18,0,18,91,197,108,7,403,0,1,1,404
09/28/2004,ORF,VA,AEA,EN,Towers with Radar,68,110,30,4,212,0,0,5,2,7,68,110,35,6,219,0,11,11,230
09/29/2004,ORF,VA,AEA,EN,Towers with Radar,87,164,68,2,321,0,0,5,0,5,87,164,73,2,326,4,21,25,351
09/30/2004,ORF,VA,AEA,EN,Towers with Radar,86,181,76,1,344,0,0,49,0,49,86,181,125,1,393,22,13,35,428
10/01/2004,ORF,VA,AEA,EN,Towers with Radar,94,177,69,1,341,0,2,23,0,25,94,179,92,1,366,31,11,42,408
10/02/2004,ORF,VA,AEA,EN,Towers with Radar,70,137,42,0,249,0,2,19,1,22,70,139,61,1,271,6,0,6,277
10/03/2004,ORF,VA,AEA,EN,Towers with Radar,74,133,77,2,286,0,0,17,0,17,74,133,94,2,303,29,6,35,338
10/04/2004,ORF,VA,AEA,EN,Towers with Radar,90,158,67,1,316,0,1,19,3,23,90,159,86,4,339,0,6,6,345
10/05/2004,ORF,VA,AEA,EN,Towers with Radar,96,152,57,4,309,0,2,23,0,25,96,154,80,4,334,9,12,21,355
10/06/2004,ORF,VA,AEA,EN,Towers with Radar,93,167,85,4,349,0,0,48,0,48,93,167,133,4,397,12,12,24,421
10/07/2004,ORF,VA,AEA,EN,Towers with Radar,94,168,57,3,322,0,1,56,1,58,94,169,113,4,380,34,8,42,422
10/08/2004,ORF,VA,AEA,EN,Towers with Radar,90,161,74,2,327,0,0,40,1,41,90,161,114,3,368,36,12,48,416
10/09/2004,ORF,VA,AEA,EN,Towers with Radar,57,100,42,0,199,21,31,44,0,96,78,131,86,0,295,20,4,24,319
10/10/2004,ORF,VA,AEA,EN,Towers with Radar,80,127,41,0,248,0,0,32,1,33,80,127,73,1,281,3,1,4,285
10/11/2004,ORF,VA,AEA,EN,Towers with Radar,83,142,48,0,273,0,1,30,1,32,83,143,78,1,305,0,22,22,327
10/12/2004,ORF,VA,AEA,EN,Towers with Radar,88,161,52,0,301,2,1,62,0,65,90,162,114,0,366,32,19,51,417
10/13/2004,ORF,VA,AEA,EN,Towers with Radar,90,158,53,2,303,0,0,20,0,20,90,158,73,2,323,33,9,42,365
10/14/2004,ORF,VA,AEA,EN,Towers with Radar,92,165,78,7,342,0,0,7,1,8,92,165,85,8,350,13,4,17,367
10/15/2004,ORF,VA,AEA,EN,Towers with Radar,88,164,90,3,345,0,3,15,1,19,88,167,105,4,364,10,9,19,383
10/16/2004,ORF,VA,AEA,EN,Towers with Radar,78,128,45,2,253,0,0,42,0,42,78,128,87,2,295,18,6,24,319
10/17/2004,ORF,VA,AEA,EN,Towers with Radar,80,126,41,0,247,0,0,56,0,56,80,126,97,0,303,10,4,14,317
10/18/2004,ORF,VA,AEA,EN,Towers with Radar,87,155,64,3,309,0,1,42,0,43,87,156,106,3,352,45,11,56,408
10/19/2004,ORF,VA,AEA,EN,Towers with Radar,86,151,63,5,305,0,0,14,0,14,86,151,77,5,319,35,20,55,374
10/20/2004,ORF,VA,AEA,EN,Towers with Radar,91,168,59,1,319,0,1,2,0,3,91,169,61,1,322,0,0,0,322
10/21/2004,ORF,VA,AEA,EN,Towers with Radar,94,159,72,1,326,0,0,10,0,10,94,159,82,1,336,4,6,10,346
10/22/2004,ORF,VA,AEA,EN,Towers with Radar,93,167,94,4,358,0,1,21,2,24,93,168,115,6,382,12,22,34,416
10/23/2004,ORF,VA,AEA,EN,Towers with Radar,79,122,51,1,253,0,0,44,0,44,79,122,95,1,297,24,12,36,333
10/24/2004,ORF,VA,AEA,EN,Towers with Radar,81,134,57,0,272,0,1,8,2,11,81,135,65,2,283,0,0,0,283
10/25/2004,ORF,VA,AEA,EN,Towers with Radar,88,162,58,7,315,0,0,4,0,4,88,162,62,7,319,10,10,20,339
10/26/2004,ORF,VA,AEA,EN,Towers with Radar,90,159,82,3,334,0,0,35,0,35,90,159,117,3,369,6,6,12,381
10/27/2004,ORF,VA,AEA,EN,Towers with Radar,90,152,74,3,319,0,0,31,1,32,90,152,105,4,351,37,30,67,418
10/28/2004,ORF,VA,AEA,EN,Towers with Radar,91,156,68,1,316,0,0,51,2,53,91,156,119,3,369,21,16,37,406
10/29/2004,ORF,VA,AEA,EN,Towers with Radar,89,163,59,2,313,0,1,19,2,22,89,164,78,4,335,4,8,12,347
10/30/2004,ORF,VA,AEA,EN,Towers with Radar,77,119,45,1,242,0,1,10,1,12,77,120,55,2,254,0,0,0,254
10/31/2004,ORF,VA,AEA,EN,Towers with Radar,75,129,43,0,247,0,0,24,0,24,75,129,67,0,271,0,2,2,273
11/01/2004,ORF,VA,AEA,EN,Combined TRACON& Tower with Radar,79,158,49,2,288,0,0,64,0,64,79,158,113,2,352,12,5,17,369
11/02/2004,ORF,VA,AEA,EN,Combined TRACON& Tower with Radar,88,165,64,4,321,0,4,49,0,53,88,169,113,4,374,41,21,62,436
11/03/2004,ORF,VA,AEA,EN,Combined TRACON& Tower with Radar,81,161,65,0,307,0,0,31,4,35,81,161,96,4,342,12,22,34,376
11/04/2004,ORF,VA,AEA,EN,Combined TRACON& Tower with Radar,86,166,94,0,346,0,0,7,0,7,86,166,101,0,353,0,0,0,353
11/05/2004,ORF,VA,AEA,EN,Combined TRACON& Tower with Radar,84,162,89,5,340,0,4,51,1,56,84,166,140,6,396,2,0,2,398
11/06/2004,ORF,VA,AEA,EN,Combined TRACON& Tower with Radar,73,131,63,1,268,0,0,95,0,95,73,131,158,1,363,0,0,0,363
11/07/2004,ORF,VA,AEA,EN,Combined TRACON& Tower with Radar,74,125,76,0,275,0,0,96,0,96,74,125,172,0,371,28,6,34,405
11/08/2004,ORF,VA,AEA,EN,Combined TRACON& Tower with Radar,86,160,54,0,300,0,2,35,1,38,86,162,89,1,338,4,4,8,346
11/09/2004,ORF,VA,AEA,EN,Combined TRACON& Tower with Radar,87,160,61,1,309,0,0,33,2,35,87,160,94,3,344,4,30,34,378
11/10/2004,ORF,VA,AEA,EN,Combined TRACON& Tower with Radar,89,152,71,2,314,0,0,70,6,76,89,152,141,8,390,25,21,46,436
11/11/2004,ORF,VA,AEA,EN,Combined TRACON& Tower with Radar,87,159,76,0,322,0,4,51,1,56,87,163,127,1,378,22,2,24,402
11/12/2004,ORF,VA,AEA,EN,Combined TRACON& Tower with Radar,93,159,48,0,300,0,3,8,0,11,93,162,56,0,311,11,9,20,331
11/13/2004,ORF,VA,AEA,EN,Combined TRACON& Tower with Radar,75,126,44,0,245,0,0,4,0,4,75,126,48,0,249,0,0,0,249
11/14/2004,ORF,VA,AEA,EN,Combined TRACON& Tower with Radar,79,121,44,0,244,0,0,41,0,41,79,121,85,0,285,0,0,0,285
11/15/2004,ORF,VA,AEA,EN,Combined TRACON& Tower with Radar,80,165,37,2,284,0,0,35,1,36,80,165,72,3,320,3,4,7,327
11/16/2004,ORF,VA,AEA,EN,Combined TRACON& Tower with Radar,86,159,53,6,304,0,1,39,0,40,86,160,92,6,344,38,20,58,402
11/17/2004,ORF,VA,AEA,EN,Combined TRACON& Tower with Radar,88,164,75,4,331,0,0,52,0,52,88,164,127,4,383,31,19,50,433
11/18/2004,ORF,VA,AEA,EN,Combined TRACON& Tower with Radar,86,159,76,5,326,0,3,33,0,36,86,162,109,5,362,5,26,31,393
11/19/2004,ORF,VA,AEA,EN,Combined TRACON& Tower with Radar,86,160,71,0,317,0,3,29,0,32,86,163,100,0,349,26,14,40,389
11/20/2004,ORF,VA,AEA,EN,Combined TRACON& Tower with Radar,74,125,42,0,241,0,2,27,0,29,74,127,69,0,270,16,2,18,288
11/21/2004,ORF,VA,AEA,EN,Combined TRACON& Tower with Radar,77,125,74,2,278,0,0,5,0,5,77,125,79,2,283,6,1,7,290
11/22/2004,ORF,VA,AEA,EN,Combined TRACON& Tower with Radar,81,152,59,3,295,0,1,11,2,14,81,153,70,5,309,13,13,26,335
11/23/2004,ORF,VA,AEA,EN,Combined TRACON& Tower with Radar,87,162,81,1,331,0,0,4,0,4,87,162,85,1,335,1,8,9,344
11/24/2004,ORF,VA,AEA,EN,Combined TRACON& Tower with Radar,86,159,71,3,319,0,0,4,0,4,86,159,75,3,323,0,0,0,323
11/25/2004,ORF,VA,AEA,EN,Combined TRACON& Tower with Radar,69,117,14,0,200,0,0,14,2,16,69,117,28,2,216,4,6,10,226
11/26/2004,ORF,VA,AEA,EN,Combined TRACON& Tower with Radar,71,117,33,1,222,0,0,35,0,35,71,117,68,1,257,5,1,6,263
11/27/2004,ORF,VA,AEA,EN,Combined TRACON& Tower with Radar,72,123,46,0,241,0,0,36,0,36,72,123,82,0,277,12,0,12,289
11/28/2004,ORF,VA,AEA,EN,Combined TRACON& Tower with Radar,81,137,61,0,279,0,0,17,0,17,81,137,78,0,296,0,0,0,296
11/29/2004,ORF,VA,AEA,EN,Combined TRACON& Tower with Radar,83,159,61,3,306,0,1,37,0,38,83,160,98,3,344,18,34,52,396
11/30/2004,ORF,VA,AEA,EN,Combined TRACON& Tower with Radar,84,166,37,0,287,0,0,40,0,40,84,166,77,0,327,35,66,101,428
12/01/2004,ORF,VA,AEA,EN,Combined TRACON& Tower with Radar,86,156,48,4,294,0,0,21,0,21,86,156,69,4,315,6,35,41,356
12/02/2004,ORF,VA,AEA,EN,Combined TRACON& Tower with Radar,85,171,56,1,313,0,1,49,2,52,85,172,105,3,365,16,12,28,393
12/03/2004,ORF,VA,AEA,EN,Combined TRACON& Tower with Radar,80,166,54,3,303,0,0,41,4,45,80,166,95,7,348,9,38,47,395
12/04/2004,ORF,VA,AEA,EN,Combined TRACON& Tower with Radar,70,132,29,0,231,0,0,37,4,41,70,132,66,4,272,0,0,0,272
12/05/2004,ORF,VA,AEA,EN,Combined TRACON& Tower with Radar,71,136,42,1,250,0,2,48,5,55,71,138,90,6,305,10,0,10,315
12/06/2004,ORF,VA,AEA,EN,Combined TRACON& Tower with Radar,73,166,51,2,292,0,0,17,0,17,73,166,68,2,309,31,19,50,359
12/07/2004,ORF,VA,AEA,EN,Combined TRACON& Tower with Radar,89,166,52,0,307,0,0,18,4,22,89,166,70,4,329,9,36,45,374
12/08/2004,ORF,VA,AEA,EN,Combined TRACON& Tower with Radar,86,179,76,1,342,0,1,52,1,54,86,180,128,2,396,37,35,72,468
12/09/2004,ORF,VA,AEA,EN,Combined TRACON& Tower with Radar,77,171,63,2,313,0,0,20,1,21,77,171,83,3,334,20,22,42,376
12/10/2004,ORF,VA,AEA,EN,Combined TRACON& Tower with Radar,81,174,56,2,313,0,0,4,0,4,81,174,60,2,317,4,18,22,339
12/11/2004,ORF,VA,AEA,EN,Combined TRACON& Tower with Radar,71,133,42,0,246,0,0,21,0,21,71,133,63,0,267,0,0,0,267
12/12/2004,ORF,VA,AEA,EN,Combined TRACON& Tower with Radar,71,134,51,0,256,0,0,41,1,42,71,134,92,1,298,0,0,0,298
12/13/2004,ORF,VA,AEA,EN,Combined TRACON& Tower with Radar,76,160,46,4,286,0,0,26,1,27,76,160,72,5,313,5,16,21,334
12/14/2004,ORF,VA,AEA,EN,Combined TRACON& Tower with Radar,84,169,61,2,316,0,1,43,2,46,84,170,104,4,362,37,26,63,425
12/15/2004,ORF,VA,AEA,EN,Combined TRACON& Tower with Radar,85,170,65,6,326,0,0,38,0,38,85,170,103,6,364,23,37,60,424
12/16/2004,ORF,VA,AEA,EN,Combined TRACON& Tower with Radar,86,179,51,4,320,0,2,45,0,47,86,181,96,4,367,4,10,14,381
12/17/2004,ORF,VA,AEA,EN,Combined TRACON& Tower with Radar,84,177,50,1,312,0,0,52,0,52,84,177,102,1,364,12,18,30,394
12/18/2004,ORF,VA,AEA,EN,Combined TRACON& Tower with Radar,70,142,38,0,250,0,0,28,0,28,70,142,66,0,278,0,0,0,278
12/19/2004,ORF,VA,AEA,EN,Combined TRACON& Tower with Radar,73,137,41,0,251,0,0,14,0,14,73,137,55,0,265,0,0,0,265
12/20/2004,ORF,VA,AEA,EN,Combined TRACON& Tower with Radar,76,164,37,0,277,0,0,11,0,11,76,164,48,0,288,2,4,6,294
12/21/2004,ORF,VA,AEA,EN,Combined TRACON& Tower with Radar,85,173,38,0,296,0,1,30,0,31,85,174,68,0,327,18,4,22,349
12/22/2004,ORF,VA,AEA,EN,Combined TRACON& Tower with Radar,86,171,51,0,308,0,0,35,0,35,86,171,86,0,343,18,20,38,381
12/23/2004,ORF,VA,AEA,EN,Combined TRACON& Tower with Radar,101,158,31,1,291,0,0,0,0,0,101,158,31,1,291,0,0,0,291
12/24/2004,ORF,VA,AEA,EN,Combined TRACON& Tower with Radar,88,138,25,0,251,0,0,13,0,13,88,138,38,0,264,0,0,0,264
12/25/2004,ORF,VA,AEA,EN,Combined TRACON& Tower with Radar,56,91,13,2,162,0,0,8,2,10,56,91,21,4,172,0,0,0,172
12/26/2004,ORF,VA,AEA,EN,Combined TRACON& Tower with Radar,72,117,24,1,214,0,0,1,0,1,72,117,25,1,215,0,0,0,215
12/27/2004,ORF,VA,AEA,EN,Combined TRACON& Tower with Radar,73,162,45,0,280,0,1,18,1,20,73,163,63,1,300,0,0,0,300
12/28/2004,ORF,VA,AEA,EN,Combined TRACON& Tower with Radar,84,157,46,2,289,0,10,24,0,34,84,167,70,2,323,0,7,7,330
12/29/2004,ORF,VA,AEA,EN,Combined TRACON& Tower with Radar,81,161,43,1,286,0,1,36,0,37,81,162,79,1,323,9,24,33,356
12/30/2004,ORF,VA,AEA,EN,Combined TRACON& Tower with Radar,85,155,44,4,288,0,0,44,0,44,85,155,88,4,332,34,16,50,382
12/31/2004,ORF,VA,AEA,EN,Combined TRACON& Tower with Radar,83,136,44,0,263,0,0,24,0,24,83,136,68,0,287,18,1,19,306
01/01/2005,ORF,VA,AEA,EN,Combined TRACON& Tower with Radar,62,106,47,1,216,0,0,39,0,39,62,106,86,1,255,0,0,0,255
01/02/2005,ORF,VA,AEA,EN,Combined TRACON& Tower with Radar,79,143,54,0,276,0,0,25,0,25,79,143,79,0,301,12,3,15,316
01/03/2005,ORF,VA,AEA,EN,Combined TRACON& Tower with Radar,74,167,31,2,274,0,0,19,0,19,74,167,50,2,293,17,10,27,320
01/04/2005,ORF,VA,AEA,EN,Combined TRACON& Tower with Radar,83,173,53,12,321,0,0,38,1,39,83,173,91,13,360,13,12,25,385
01/05/2005,ORF,VA,AEA,EN,Combined TRACON& Tower with Radar,81,153,47,2,283,0,9,18,0,27,81,162,65,2,310,0,0,0,310
01/06/2005,ORF,VA,AEA,EN,Combined TRACON& Tower with Radar,79,154,53,3,289,0,4,13,1,18,79,158,66,4,307,0,0,0,307
01/07/2005,ORF,VA,AEA,EN,Combined TRACON& Tower with Radar,78,160,61,4,303,0,0,20,2,22,78,160,81,6,325,0,0,0,325
01/08/2005,ORF,VA,AEA,EN,Combined TRACON& Tower with Radar,69,131,38,1,239,0,0,13,0,13,69,131,51,1,252,0,0,0,252
01/09/2005,ORF,VA,AEA,EN,Combined TRACON& Tower with Radar,69,128,50,5,252,0,0,12,0,12,69,128,62,5,264,25,4,29,293
01/10/2005,ORF,VA,AEA,EN,Combined TRACON& Tower with Radar,76,158,40,4,278,0,0,24,1,25,76,158,64,5,303,2,21,23,326
01/11/2005,ORF,VA,AEA,EN,Combined TRACON& Tower with Radar,80,151,57,2,290,0,0,13,1,14,80,151,70,3,304,0,31,31,335
01/12/2005,ORF,VA,AEA,EN,Combined TRACON& Tower with Radar,81,152,52,2,287,0,2,23,2,27,81,154,75,4,314,6,41,47,361
01/13/2005,ORF,VA,AEA,EN,Combined TRACON& Tower with Radar,81,154,52,1,288,0,1,26,1,28,81,155,78,2,316,5,11,16,332
01/14/2005,ORF,VA,AEA,EN,Combined TRACON& Tower with Radar,90,164,40,2,296,0,1,2,0,3,90,165,42,2,299,0,0,0,299
01/15/2005,ORF,VA,AEA,EN,Combined TRACON& Tower with Radar,64,125,36,0,225,0,0,35,0,35,64,125,71,0,260,0,0,0,260
01/16/2005,ORF,VA,AEA,EN,Combined TRACON& Tower with Radar,76,127,20,0,223,0,0,0,0,0,76,127,20,0,223,0,0,0,223
01/17/2005,ORF,VA,AEA,EN,Combined TRACON& Tower with Radar,73,143,42,0,258,0,0,18,0,18,73,143,60,0,276,10,1,11,287
01/18/2005,ORF,VA,AEA,EN,Combined TRACON& Tower with Radar,80,159,49,0,288,0,1,23,0,24,80,160,72,0,312,5,24,29,341
01/19/2005,ORF,VA,AEA,EN,Combined TRACON& Tower with Radar,82,143,47,0,272,0,0,8,0,8,82,143,55,0,280,2,28,30,310
01/20/2005,ORF,VA,AEA,EN,Combined TRACON& Tower with Radar,77,164,48,3,292,0,0,20,1,21,77,164,68,4,313,22,4,26,339
01/21/2005,ORF,VA,AEA,EN,Combined TRACON& Tower with Radar,80,151,51,0,282,0,0,21,0,21,80,151,72,0,303,2,10,12,315
01/22/2005,ORF,VA,AEA,EN,Combined TRACON& Tower with Radar,59,91,10,1,161,0,0,2,0,2,59,91,12,1,163,13,0,13,176
01/23/2005,ORF,VA,AEA,EN,Combined TRACON& Tower with Radar,62,114,23,0,199,0,1,1,0,2,62,115,24,0,201,0,0,0,201
01/24/2005,ORF,VA,AEA,EN,Combined TRACON& Tower with Radar,73,143,43,2,261,0,0,19,0,19,73,143,62,2,280,20,24,44,324
01/25/2005,ORF,VA,AEA,EN,Combined TRACON& Tower with Radar,77,164,52,2,295,0,0,29,0,29,77,164,81,2,324,13,34,47,371
01/26/2005,ORF,VA,AEA,EN,Combined TRACON& Tower with Radar,85,148,72,6,311,0,0,26,0,26,85,148,98,6,337,3,32,35,372
01/27/2005,ORF,VA,AEA,EN,Combined TRACON& Tower with Radar,75,155,41,1,272,0,0,14,0,14,75,155,55,1,286,0,38,38,324
01/28/2005,ORF,VA,AEA,EN,Combined TRACON& Tower with Radar,77,169,45,2,293,0,0,35,0,35,77,169,80,2,328,0,10,10,338
01/29/2005,ORF,VA,AEA,EN,Combined TRACON& Tower with Radar,32,80,31,0,143,0,0,27,0,27,32,80,58,0,170,0,0,0,170
01/30/2005,ORF,VA,AEA,EN,Combined TRACON& Tower with Radar,61,130,17,0,208,0,0,3,0,3,61,130,20,0,211,3,2,5,216
01/31/2005,ORF,VA,AEA,EN,Combined TRACON& Tower with Radar,76,166,56,0,298,0,0,11,0,11,76,166,67,0,309,35,15,50,359
02/01/2005,ORF,VA,AEA,EN,Combined TRACON& Tower with Radar,81,163,49,1,294,0,0,6,0,6,81,163,55,1,300,22,37,59,359
02/02/2005,ORF,VA,AEA,EN,Combined TRACON& Tower with Radar,79,153,35,5,272,0,0,46,1,47,79,153,81,6,319,25,38,63,382
02/03/2005,ORF,VA,AEA,EN,Combined TRACON& Tower with Radar,32,43,12,0,87,54,106,36,0,196,86,149,48,0,283,0,0,0,283
02/04/2005,ORF,VA,AEA,EN,Combined TRACON& Tower with Radar,79,162,50,4,295,0,0,8,0,8,79,162,58,4,303,16,35,51,354
02/05/2005,ORF,VA,AEA,EN,Combined TRACON& Tower with Radar,73,132,35,0,240,0,0,28,0,28,73,132,63,0,268,33,0,33,301
02/06/2005,ORF,VA,AEA,EN,Combined TRACON& Tower with Radar,70,128,45,1,244,0,1,39,0,40,70,129,84,1,284,35,4,39,323
02/07/2005,ORF,VA,AEA,EN,Combined TRACON& Tower with Radar,75,151,56,1,283,0,0,10,0,10,75,151,66,1,293,8,6,14,307
02/08/2005,ORF,VA,AEA,EN,Combined TRACON& Tower with Radar,81,153,52,0,286,0,1,23,0,24,81,154,75,0,310,36,50,86,396
02/09/2005,ORF,VA,AEA,EN,Combined TRACON& Tower with Radar,77,165,57,7,306,0,0,12,0,12,77,165,69,7,318,4,57,61,379
02/10/2005,ORF,VA,AEA,EN,Combined TRACON& Tower with Radar,83,162,49,4,298,0,1,7,1,9,83,163,56,5,307,18,28,46,353
02/11/2005,ORF,VA,AEA,EN,Combined TRACON& Tower with Radar,77,152,40,0,269,0,1,31,0,32,77,153,71,0,301,0,0,0,301
02/12/2005,ORF,VA,AEA,EN,Combined TRACON& Tower with Radar,67,124,41,0,232,0,0,39,1,40,67,124,80,1,272,2,0,2,274
02/13/2005,ORF,VA,AEA,EN,Combined TRACON& Tower with Radar,70,120,36,0,226,0,0,0,0,0,70,120,36,0,226,48,16,64,290
02/14/2005,ORF,VA,AEA,EN,Combined TRACON& Tower with Radar,74,151,32,1,258,0,1,2,2,5,74,152,34,3,263,0,33,33,296
02/15/2005,ORF,VA,AEA,EN,Combined TRACON& Tower with Radar,85,158,51,2,296,0,2,40,2,44,85,160,91,4,340,16,55,71,411
02/16/2005,ORF,VA,AEA,EN,Combined TRACON& Tower with Radar,86,157,64,6,313,0,2,18,0,20,86,159,82,6,333,0,0,0,333
02/17/2005,ORF,VA,AEA,EN,Combined TRACON& Tower with Radar,82,150,63,2,297,0,3,32,0,35,82,153,95,2,332,5,10,15,347
02/18/2005,ORF,VA,AEA,EN,Combined TRACON& Tower with Radar,85,150,69,1,305,0,3,41,1,45,85,153,110,2,350,19,4,23,373
02/19/2005,ORF,VA,AEA,EN,Combined TRACON& Tower with Radar,71,130,29,0,230,0,0,42,0,42,71,130,71,0,272,0,0,0,272
02/20/2005,ORF,VA,AEA,EN,Combined TRACON& Tower with Radar,72,117,24,0,213,0,0,24,0,24,72,117,48,0,237,0,0,0,237
02/21/2005,ORF,VA,AEA,EN,Combined TRACON& Tower with Radar,77,120,59,1,257,0,2,15,1,18,77,122,74,2,275,10,0,10,285
02/22/2005,ORF,VA,AEA,EN,Combined TRACON& Tower with Radar,88,158,75,1,322,0,0,8,2,10,88,158,83,3,332,0,21,21,353
02/23/2005,ORF,VA,AEA,EN,Combined TRACON& Tower with Radar,86,150,66,2,304,0,0,37,3,40,86,150,103,5,344,5,38,43,387
02/24/2005,ORF,VA,AEA,EN,Combined TRACON& Tower with Radar,84,146,35,0,265,0,0,2,0,2,84,146,37,0,267,2,0,2,269
02/25/2005,ORF,VA,AEA,EN,Combined TRACON& Tower with Radar,86,153,70,3,312,0,0,9,0,9,86,153,79,3,321,30,9,39,360
02/26/2005,ORF,VA,AEA,EN,Combined TRACON& Tower with Radar,72,123,55,0,250,0,0,56,0,56,72,123,111,0,306,0,0,0,306
02/27/2005,ORF,VA,AEA,EN,Combined TRACON& Tower with Radar,76,114,45,2,237,0,0,29,1,30,76,114,74,3,267,27,0,27,294
02/28/2005,ORF,VA,AEA,EN,Combined TRACON& Tower with Radar,75,136,29,0,240,0,0,0,0,0,75,136,29,0,240,6,27,33,273
03/01/2005,ORF,VA,AEA,EN,Combined TRACON& Tower with Radar,89,144,42,6,281,0,2,11,0,13,89,146,53,6,294,10,32,42,336
03/02/2005,ORF,VA,AEA,EN,Combined TRACON& Tower with Radar,86,148,44,1,279,0,5,16,0,21,86,153,60,1,300,32,33,65,365
03/03/2005,ORF,VA,AEA,EN,Combined TRACON& Tower with Radar,84,157,52,6,299,0,0,35,2,37,84,157,87,8,336,6,50,56,392
03/04/2005,ORF,VA,AEA,EN,Combined TRACON& Tower with Radar,82,168,64,6,320,0,7,55,2,64,82,175,119,8,384,21,44,65,449
03/05/2005,ORF,VA,AEA,EN,Combined TRACON& Tower with Radar,73,131,40,1,245,0,2,10,0,12,73,133,50,1,257,0,0,0,257
03/06/2005,ORF,VA,AEA,EN,Combined TRACON& Tower with Radar,75,132,42,4,253,0,0,50,2,52,75,132,92,6,305,21,4,25,330
03/07/2005,ORF,VA,AEA,EN,Combined TRACON& Tower with Radar,80,157,39,0,276,0,1,19,1,21,80,158,58,1,297,20,13,33,330
03/08/2005,ORF,VA,AEA,EN,Combined TRACON& Tower with Radar,91,150,40,4,285,0,1,1,0,2,91,151,41,4,287,0,0,0,287
03/09/2005,ORF,VA,AEA,EN,Combined TRACON& Tower with Radar,85,151,56,3,295,0,0,27,1,28,85,151,83,4,323,9,18,27,350
03/10/2005,ORF,VA,AEA,EN,Combined TRACON& Tower with Radar,87,151,64,2,304,0,0,61,3,64,87,151,125,5,368,0,0,0,368
03/11/2005,ORF,VA,AEA,EN,Combined TRACON& Tower with Radar,82,148,63,3,296,0,0,44,0,44,82,148,107,3,340,22,8,30,370
03/12/2005,ORF,VA,AEA,EN,Combined TRACON& Tower with Radar,72,123,30,2,227,0,0,13,3,16,72,123,43,5,243,5,0,5,248
03/13/2005,ORF,VA,AEA,EN,Combined TRACON& Tower with Radar,76,131,48,0,255,3,0,32,0,35,79,131,80,0,290,9,9,18,308
03/14/2005,ORF,VA,AEA,EN,Combined TRACON& Tower with Radar,80,152,35,3,270,0,0,13,1,14,80,152,48,4,284,8,32,40,324
03/15/2005,ORF,VA,AEA,EN,Combined TRACON& Tower with Radar,87,160,35,1,283,0,1,31,1,33,87,161,66,2,316,6,28,34,350
03/16/2005,ORF,VA,AEA,EN,Combined TRACON& Tower with Radar,84,157,52,4,297,0,0,11,2,13,84,157,63,6,310,0,14,14,324
03/17/2005,ORF,VA,AEA,EN,Combined TRACON& Tower with Radar,88,151,48,3,290,0,0,0,0,0,88,151,48,3,290,0,0,0,290
03/18/2005,ORF,VA,AEA,EN,Combined TRACON& Tower with Radar,88,164,63,0,315,0,2,26,0,28,88,166,89,0,343,0,13,13,356
03/19/2005,ORF,VA,AEA,EN,Combined TRACON& Tower with Radar,73,126,47,3,249,0,0,20,0,20,73,126,67,3,269,31,6,37,306
03/20/2005,ORF,VA,AEA,EN,Combined TRACON& Tower with Radar,83,123,57,0,263,0,0,10,0,10,83,123,67,0,273,13,4,17,290
03/21/2005,ORF,VA,AEA,EN,Combined TRACON& Tower with Radar,83,155,44,0,282,0,1,40,1,42,83,156,84,1,324,11,30,41,365
03/22/2005,ORF,VA,AEA,EN,Combined TRACON& Tower with Radar,85,165,78,3,331,0,0,25,2,27,85,165,103,5,358,9,42,51,409
03/23/2005,ORF,VA,AEA,EN,Combined TRACON& Tower with Radar,87,145,52,0,284,0,0,1,0,1,87,145,53,0,285,3,24,27,312
03/24/2005,ORF,VA,AEA,EN,Combined TRACON& Tower with Radar,89,158,82,2,331,0,1,20,0,21,89,159,102,2,352,47,42,89,441
03/25/2005,ORF,VA,AEA,EN,Combined TRACON& Tower with Radar,78,154,51,2,285,0,6,23,0,29,78,160,74,2,314,15,15,30,344
03/26/2005,ORF,VA,AEA,EN,Combined TRACON& Tower with Radar,78,121,44,0,243,0,0,12,0,12,78,121,56,0,255,0,0,0,255
03/27/2005,ORF,VA,AEA,EN,Combined TRACON& Tower with Radar,73,123,28,0,224,0,0,4,0,4,73,123,32,0,228,0,0,0,228
03/28/2005,ORF,VA,AEA,EN,Combined TRACON& Tower with Radar,79,136,44,2,261,0,0,2,0,2,79,136,46,2,263,1,8,9,272
03/29/2005,ORF,VA,AEA,EN,Combined TRACON& Tower with Radar,92,160,66,5,323,0,0,17,0,17,92,160,83,5,340,6,72,78,418
03/30/2005,ORF,VA,AEA,EN,Combined TRACON& Tower with Radar,84,156,51,4,295,0,2,54,4,60,84,158,105,8,355,9,48,57,412
03/31/2005,ORF,VA,AEA,EN,Combined TRACON& Tower with Radar,85,152,50,5,292,0,0,15,1,16,85,152,65,6,308,87,26,113,421
04/01/2005,ORF,VA,AEA,EN,Combined TRACON& Tower with Radar,86,165,63,10,324,0,0,0,1,1,86,165,63,11,325,10,0,10,335
04/02/2005,ORF,VA,AEA,EN,Combined TRACON& Tower with Radar,75,115,22,1,213,0,0,1,0,1,75,115,23,1,214,0,0,0,214
04/03/2005,ORF,VA,AEA,EN,Combined TRACON& Tower with Radar,80,131,51,1,263,0,0,22,0,22,80,131,73,1,285,8,9,17,302
04/04/2005,ORF,VA,AEA,EN,Combined TRACON& Tower with Radar,83,167,55,8,313,0,0,42,2,44,83,167,97,10,357,28,23,51,408
04/05/2005,ORF,VA,AEA,EN,Combined TRACON& Tower with Radar,91,164,59,3,317,0,0,56,6,62,91,164,115,9,379,4,24,28,407
04/06/2005,ORF,VA,AEA,EN,Combined TRACON& Tower with Radar,86,161,77,11,335,0,1,55,2,58,86,162,132,13,393,27,27,54,447
04/07/2005,ORF,VA,AEA,EN,Combined TRACON& Tower with Radar,87,175,56,4,322,0,0,31,5,36,87,175,87,9,358,0,20,20,378
04/08/2005,ORF,VA,AEA,EN,Combined TRACON& Tower with Radar,92,177,62,3,334,0,0,17,5,22,92,177,79,8,356,0,20,20,376
04/09/2005,ORF,VA,AEA,EN,Combined TRACON& Tower with Radar,77,117,41,0,235,0,1,8,1,10,77,118,49,1,245,0,0,0,245
04/10/2005,ORF,VA,AEA,EN,Combined TRACON& Tower with Radar,78,135,52,0,265,0,0,46,0,46,78,135,98,0,311,8,2,10,321
04/11/2005,ORF,VA,AEA,EN,Combined TRACON& Tower with Radar,83,156,65,0,304,0,1,24,0,25,83,157,89,0,329,15,4,19,348
04/12/2005,ORF,VA,AEA,EN,Combined TRACON& Tower with Radar,84,158,62,0,304,0,1,19,0,20,84,159,81,0,324,0,12,12,336
04/13/2005,ORF,VA,AEA,EN,Combined TRACON& Tower with Radar,87,159,59,4,309,0,0,6,0,6,87,159,65,4,315,24,2,26,341
04/14/2005,ORF,VA,AEA,EN,Combined TRACON& Tower with Radar,89,165,41,3,298,0,0,26,1,27,89,165,67,4,325,13,2,15,340
04/15/2005,ORF,VA,AEA,EN,Combined TRACON& Tower with Radar,90,165,48,2,305,0,0,9,1,10,90,165,57,3,315,8,6,14,329
04/16/2005,ORF,VA,AEA,EN,Combined TRACON& Tower with Radar,73,115,28,0,216,0,0,20,0,20,73,115,48,0,236,0,0,0,236
04/17/2005,ORF,VA,AEA,EN,Combined TRACON& Tower with Radar,79,135,65,1,280,0,0,64,9,73,79,135,129,10,353,20,6,26,379
04/18/2005,ORF,VA,AEA,EN,Combined TRACON& Tower with Radar,84,158,49,0,291,0,0,40,2,42,84,158,89,2,333,5,10,15,348
04/19/2005,ORF,VA,AEA,EN,Combined TRACON& Tower with Radar,90,151,68,3,312,0,0,53,1,54,90,151,121,4,366,9,10,19,385
04/20/2005,ORF,VA,AEA,EN,Combined TRACON& Tower with Radar,88,165,72,12,337,0,1,51,4,56,88,166,123,16,393,24,22,46,439
04/21/2005,ORF,VA,AEA,EN,Combined TRACON& Tower with Radar,87,156,70,5,318,0,1,22,4,27,87,157,92,9,345,19,13,32,377
04/22/2005,ORF,VA,AEA,EN,Combined TRACON& Tower with Radar,81,169,79,4,333,0,0,22,2,24,81,169,101,6,357,11,4,15,372
04/23/2005,ORF,VA,AEA,EN,Combined TRACON& Tower with Radar,77,117,20,2,216,0,0,11,0,11,77,117,31,2,227,4,11,15,242
04/24/2005,ORF,VA,AEA,EN,Combined TRACON& Tower with Radar,79,129,52,1,261,0,1,24,0,25,79,130,76,1,286,11,7,18,304
04/25/2005,ORF,VA,AEA,EN,Combined TRACON& Tower with Radar,84,161,40,1,286,0,3,26,0,29,84,164,66,1,315,6,3,9,324
04/26/2005,ORF,VA,AEA,EN,Combined TRACON& Tower with Radar,88,156,73,0,317,0,3,28,0,31,88,159,101,0,348,14,0,14,362
04/27/2005,ORF,VA,AEA,EN,Combined TRACON& Tower with Radar,87,157,69,2,315,0,1,22,0,23,87,158,91,2,338,64,19,83,421
04/28/2005,ORF,VA,AEA,EN,Combined TRACON& Tower with Radar,89,165,76,0,330,0,2,60,1,63,89,167,136,1,393,17,5,22,415
04/29/2005,ORF,VA,AEA,EN,Combined TRACON& Tower with Radar,88,175,61,3,327,0,6,33,3,42,88,181,94,6,369,22,21,43,412
04/30/2005,ORF,VA,AEA,EN,Combined TRACON& Tower with Radar,71,119,42,2,234,0,0,1,0,1,71,119,43,2,235,30,4,34,269
05/01/2005,ORF,VA,AEA,EN,Combined TRACON& Tower with Radar,82,131,68,2,283,0,0,39,1,40,82,131,107,3,323,22,1,23,346
05/02/2005,ORF,VA,AEA,EN,Combined TRACON& Tower with Radar,85,155,52,1,293,0,4,25,0,29,85,159,77,1,322,9,8,17,339
05/03/2005,ORF,VA,AEA,EN,Combined TRACON& Tower with Radar,89,156,71,2,318,0,0,40,1,41,89,156,111,3,359,6,28,34,393
05/04/2005,ORF,VA,AEA,EN,Combined TRACON& Tower with Radar,84,171,72,3,330,0,6,51,1,58,84,177,123,4,388,14,16,30,418
05/05/2005,ORF,VA,AEA,EN,Combined TRACON& Tower with Radar,82,165,68,5,320,0,2,41,3,46,82,167,109,8,366,20,15,35,401
05/06/2005,ORF,VA,AEA,EN,Combined TRACON& Tower with Radar,89,173,26,1,289,0,0,0,0,0,89,173,26,1,289,0,5,5,294
05/07/2005,ORF,VA,AEA,EN,Combined TRACON& Tower with Radar,77,128,43,0,248,0,1,47,0,48,77,129,90,0,296,0,0,0,296
05/08/2005,ORF,VA,AEA,EN,Combined TRACON& Tower with Radar,74,135,34,0,243,0,0,34,0,34,74,135,68,0,277,5,2,7,284
05/09/2005,ORF,VA,AEA,EN,Combined TRACON& Tower with Radar,79,164,67,4,314,0,5,44,1,50,79,169,111,5,364,11,7,18,382
05/10/2005,ORF,VA,AEA,EN,Combined TRACON& Tower with Radar,78,161,49,4,292,0,0,60,2,62,78,161,109,6,354,0,2,2,356
05/11/2005,ORF,VA,AEA,EN,Combined TRACON& Tower with Radar,81,162,64,6,313,0,0,34,4,38,81,162,98,10,351,28,20,48,399
05/12/2005,ORF,VA,AEA,EN,Combined TRACON& Tower with Radar,81,168,77,4,330,0,2,41,1,44,81,170,118,5,374,9,6,15,389
05/13/2005,ORF,VA,AEA,EN,Combined TRACON& Tower with Radar,83,178,79,6,346,0,0,49,8,57,83,178,128,14,403,12,5,17,420
05/14/2005,ORF,VA,AEA,EN,Combined TRACON& Tower with Radar,65,118,45,0,228,0,0,17,0,17,65,118,62,0,245,1,1,2,247
05/15/2005,ORF,VA,AEA,EN,Combined TRACON& Tower with Radar,75,139,76,0,290,0,0,30,2,32,75,139,106,2,322,0,0,0,322
05/16/2005,ORF,VA,AEA,EN,Combined TRACON& Tower with Radar,79,164,67,4,314,0,0,38,1,39,79,164,105,5,353,14,12,26,379
05/17/2005,ORF,VA,AEA,EN,Combined TRACON& Tower with Radar,81,156,58,0,295,0,0,41,0,41,81,156,99,0,336,2,8,10,346
05/18/2005,ORF,VA,AEA,EN,Combined TRACON& Tower with Radar,81,163,66,5,315,0,4,55,2,61,81,167,121,7,376,32,31,63,439
05/19/2005,ORF,VA,AEA,EN,Combined TRACON& Tower with Radar,80,166,61,11,318,0,0,19,0,19,80,166,80,11,337,0,11,11,348
05/20/2005,ORF,VA,AEA,EN,Combined TRACON& Tower with Radar,80,160,68,2,310,0,0,5,1,6,80,160,73,3,316,6,12,18,334
05/21/2005,ORF,VA,AEA,EN,Combined TRACON& Tower with Radar,71,123,48,2,244,0,0,39,1,40,71,123,87,3,284,17,5,22,306
05/22/2005,ORF,VA,AEA,EN,Combined TRACON& Tower with Radar,72,127,44,2,245,0,0,45,1,46,72,127,89,3,291,0,0,0,291
05/23/2005,ORF,VA,AEA,EN,Combined TRACON& Tower with Radar,80,159,43,3,285,0,1,32,0,33,80,160,75,3,318,7,4,11,329
05/24/2005,ORF,VA,AEA,EN,Combined TRACON& Tower with Radar,78,151,55,3,287,0,1,9,4,14,78,152,64,7,301,0,16,16,317
05/25/2005,ORF,VA,AEA,EN,Combined TRACON& Tower with Radar,81,158,69,11,319,0,2,8,13,23,81,160,77,24,342,18,7,25,367
05/26/2005,ORF,VA,AEA,EN,Combined TRACON& Tower with Radar,80,166,53,4,303,0,0,58,2,60,80,166,111,6,363,14,24,38,401
05/27/2005,ORF,VA,AEA,EN,Combined TRACON& Tower with Radar,49,98,39,0,186,0,0,33,6,39,49,98,72,6,225,6,4,10,235
05/28/2005,ORF,VA,AEA,EN,Combined TRACON& Tower with Radar,69,125,39,0,233,0,0,17,0,17,69,125,56,0,250,30,8,38,288
05/29/2005,ORF,VA,AEA,EN,Combined TRACON& Tower with Radar,71,121,47,0,239,0,0,33,0,33,71,121,80,0,272,0,3,3,275
05/30/2005,ORF,VA,AEA,EN,Combined TRACON& Tower with Radar,70,132,58,0,260,0,0,39,2,41,70,132,97,2,301,20,0,20,321
05/31/2005,ORF,VA,AEA,EN,Combined TRACON& Tower with Radar,77,167,53,0,297,0,0,40,0,40,77,167,93,0,337,10,16,26,363
06/01/2005,ORF,VA,AEA,EN,Combined TRACON& Tower with Radar,82,155,59,1,297,0,1,34,1,36,82,156,93,2,333,0,0,0,333
06/02/2005,ORF,VA,AEA,EN,Combined TRACON& Tower with Radar,69,144,62,0,275,0,0,0,0,0,69,144,62,0,275,0,0,0,275
06/03/2005,ORF,VA,AEA,EN,Combined TRACON& Tower with Radar,79,156,49,0,284,0,0,0,0,0,79,156,49,0,284,0,0,0,284
06/04/2005,ORF,VA,AEA,EN,Combined TRACON& Tower with Radar,70,119,58,1,248,0,1,13,0,14,70,120,71,1,262,23,14,37,299
06/05/2005,ORF,VA,AEA,EN,Combined TRACON& Tower with Radar,73,129,46,0,248,0,0,28,1,29,73,129,74,1,277,2,1,3,280
06/06/2005,ORF,VA,AEA,EN,Combined TRACON& Tower with Radar,79,142,66,3,290,0,2,25,0,27,79,144,91,3,317,12,1,13,330
06/07/2005,ORF,VA,AEA,EN,Combined TRACON& Tower with Radar,99,149,75,7,330,0,0,37,3,40,99,149,112,10,370,6,21,27,397
06/08/2005,ORF,VA,AEA,EN,Combined TRACON& Tower with Radar,86,150,70,2,308,0,0,38,1,39,86,150,108,3,347,0,0,0,347
06/09/2005,ORF,VA,AEA,EN,Combined TRACON& Tower with Radar,79,148,82,4,313,0,0,29,0,29,79,148,111,4,342,16,17,33,375
06/10/2005,ORF,VA,AEA,EN,Combined TRACON& Tower with Radar,86,146,71,1,304,0,3,35,0,38,86,149,106,1,342,18,14,32,374
06/11/2005,ORF,VA,AEA,EN,Combined TRACON& Tower with Radar,67,113,52,1,233,0,0,35,0,35,67,113,87,1,268,20,2,22,290
06/12/2005,ORF,VA,AEA,EN,Combined TRACON& Tower with Radar,75,115,67,0,257,0,0,38,1,39,75,115,105,1,296,0,0,0,296
06/13/2005,ORF,VA,AEA,EN,Combined TRACON& Tower with Radar,71,143,30,0,244,0,0,41,0,41,71,143,71,0,285,27,14,41,326
06/14/2005,ORF,VA,AEA,EN,Combined TRACON& Tower with Radar,87,145,53,1,286,0,0,36,0,36,87,145,89,1,322,0,0,0,322
06/15/2005,ORF,VA,AEA,EN,Combined TRACON& Tower with Radar,81,158,62,6,307,3,0,74,1,78,84,158,136,7,385,0,43,43,428
06/16/2005,ORF,VA,AEA,EN,Combined TRACON& Tower with Radar,85,157,75,1,318,0,0,51,1,52,85,157,126,2,370,22,21,43,413
06/17/2005,ORF,VA,AEA,EN,Combined TRACON& Tower with Radar,82,154,70,2,308,0,0,62,0,62,82,154,132,2,370,24,8,32,402
06/18/2005,ORF,VA,AEA,EN,Combined TRACON& Tower with Radar,70,123,37,1,231,0,0,41,2,43,70,123,78,3,274,12,8,20,294
06/19/2005,ORF,VA,AEA,EN,Combined TRACON& Tower with Radar,70,115,56,0,241,0,0,35,0,35,70,115,91,0,276,0,0,0,276
06/20/2005,ORF,VA,AEA,EN,Combined TRACON& Tower with Radar,78,153,53,5,289,0,0,34,2,36,78,153,87,7,325,5,13,18,343
06/21/2005,ORF,VA,AEA,EN,Combined TRACON& Tower with Radar,84,151,41,5,281,0,1,50,2,53,84,152,91,7,334,14,14,28,362
06/22/2005,ORF,VA,AEA,EN,Combined TRACON& Tower with Radar,96,155,38,2,291,0,4,47,0,51,96,159,85,2,342,6,33,39,381
06/23/2005,ORF,VA,AEA,EN,Combined TRACON& Tower with Radar,86,158,54,1,299,0,0,49,2,51,86,158,103,3,350,0,22,22,372
06/24/2005,ORF,VA,AEA,EN,Combined TRACON& Tower with Radar,80,157,68,3,308,0,1,73,1,75,80,158,141,4,383,14,15,29,412
06/25/2005,ORF,VA,AEA,EN,Combined TRACON& Tower with Radar,74,114,57,1,246,0,0,48,1,49,74,114,105,2,295,14,10,24,319
06/26/2005,ORF,VA,AEA,EN,Combined TRACON& Tower with Radar,76,124,65,1,266,0,0,4,0,4,76,124,69,1,270,2,0,2,272
06/27/2005,ORF,VA,AEA,EN,Combined TRACON& Tower with Radar,75,148,57,4,284,0,2,41,0,43,75,150,98,4,327,0,8,8,335
06/28/2005,ORF,VA,AEA,EN,Combined TRACON& Tower with Radar,83,138,61,5,287,0,0,15,3,18,83,138,76,8,305,2,10,12,317
06/29/2005,ORF,VA,AEA,EN,Combined TRACON& Tower with Radar,81,141,75,2,299,0,0,6,3,9,81,141,81,5,308,0,2,2,310
06/30/2005,ORF,VA,AEA,EN,Combined TRACON& Tower with Radar,70,129,59,1,259,0,0,25,0,25,70,129,84,1,284,10,13,23,307
07/01/2005,ORF,VA,AEA,EN,Combined TRACON& Tower with Radar,86,161,74,5,326,0,0,35,0,35,86,161,109,5,361,12,6,18,379
07/02/2005,ORF,VA,AEA,EN,Combined TRACON& Tower with Radar,74,120,57,0,251,0,0,11,0,11,74,120,68,0,262,0,0,0,262
07/03/2005,ORF,VA,AEA,EN,Combined TRACON& Tower with Radar,71,107,36,1,215,0,0,25,0,25,71,107,61,1,240,4,0,4,244
07/04/2005,ORF,VA,AEA,EN,Combined TRACON& Tower with Radar,70,114,31,0,215,0,0,44,0,44,70,114,75,0,259,26,6,32,291
07/05/2005,ORF,VA,AEA,EN,Combined TRACON& Tower with Radar,73,155,56,2,286,0,1,32,0,33,73,156,88,2,319,0,4,4,323
07/06/2005,ORF,VA,AEA,EN,Combined TRACON& Tower with Radar,82,158,84,4,328,0,4,30,0,34,82,162,114,4,362,20,14,34,396
07/07/2005,ORF,VA,AEA,EN,Combined TRACON& Tower with Radar,82,159,74,1,316,0,0,24,0,24,82,159,98,1,340,11,12,23,363
07/08/2005,ORF,VA,AEA,EN,Combined TRACON& Tower with Radar,76,153,43,4,276,0,0,20,5,25,76,153,63,9,301,0,11,11,312
07/09/2005,ORF,VA,AEA,EN,Combined TRACON& Tower with Radar,71,124,56,0,251,0,0,38,0,38,71,124,94,0,289,31,12,43,332
07/10/2005,ORF,VA,AEA,EN,Combined TRACON& Tower with Radar,76,123,50,1,250,0,0,43,1,44,76,123,93,2,294,14,2,16,310
07/11/2005,ORF,VA,AEA,EN,Combined TRACON& Tower with Radar,72,159,46,2,279,0,0,0,0,0,72,159,46,2,279,12,11,23,302
07/12/2005,ORF,VA,AEA,EN,Combined TRACON& Tower with Radar,81,148,53,6,288,0,1,82,0,83,81,149,135,6,371,10,11,21,392
07/13/2005,ORF,VA,AEA,EN,Combined TRACON& Tower with Radar,82,142,46,0,270,0,0,39,0,39,82,142,85,0,309,21,24,45,354
07/14/2005,ORF,VA,AEA,EN,Combined TRACON& Tower with Radar,80,147,72,5,304,0,0,53,11,64,80,147,125,16,368,4,29,33,401
07/15/2005,ORF,VA,AEA,EN,Combined TRACON& Tower with Radar,87,150,67,3,307,0,0,33,0,33,87,150,100,3,340,1,26,27,367
07/16/2005,ORF,VA,AEA,EN,Combined TRACON& Tower with Radar,71,121,48,2,242,0,0,22,1,23,71,121,70,3,265,8,31,39,304
07/17/2005,ORF,VA,AEA,EN,Combined TRACON& Tower with Radar,89,119,53,2,263,0,0,37,0,37,89,119,90,2,300,12,2,14,314
07/18/2005,ORF,VA,AEA,EN,Combined TRACON& Tower with Radar,80,154,57,3,294,0,3,36,0,39,80,157,93,3,333,18,12,30,363
07/19/2005,ORF,VA,AEA,EN,Combined TRACON& Tower with Radar,79,151,55,10,295,0,2,37,5,44,79,153,92,15,339,21,29,50,389
07/20/2005,ORF,VA,AEA,EN,Combined TRACON& Tower with Radar,86,158,73,6,323,0,1,45,2,48,86,159,118,8,371,8,29,37,408
07/21/2005,ORF,VA,AEA,EN,Combined TRACON& Tower with Radar,89,148,66,4,307,0,0,47,0,47,89,148,113,4,354,4,20,24,378
07/22/2005,ORF,VA,AEA,EN,Combined TRACON& Tower with Radar,83,161,93,4,341,0,0,38,1,39,83,161,131,5,380,35,35,70,450
07/23/2005,ORF,VA,AEA,EN,Combined TRACON& Tower with Radar,69,124,31,2,226,0,0,69,0,69,69,124,100,2,295,0,0,0,295
07/24/2005,ORF,VA,AEA,EN,Combined TRACON& Tower with Radar,76,122,41,2,241,0,0,60,0,60,76,122,101,2,301,33,9,42,343
07/25/2005,ORF,VA,AEA,EN,Combined TRACON& Tower with Radar,74,152,56,0,282,0,1,38,1,40,74,153,94,1,322,9,28,37,359
07/26/2005,ORF,VA,AEA,EN,Combined TRACON& Tower with Radar,80,158,65,3,306,0,1,34,1,36,80,159,99,4,342,0,0,0,342
07/27/2005,ORF,VA,AEA,EN,Combined TRACON& Tower with Radar,80,158,65,3,306,0,1,34,1,36,80,159,99,4,342,0,0,0,342
07/28/2005,ORF,VA,AEA,EN,Combined TRACON& Tower with Radar,84,155,83,9,331,0,1,22,0,23,84,156,105,9,354,15,3,18,372
07/29/2005,ORF,VA,AEA,EN,Combined TRACON& Tower with Radar,97,164,60,1,322,0,1,17,0,18,97,165,77,1,340,3,0,3,343
07/30/2005,ORF,VA,AEA,EN,Combined TRACON& Tower with Radar,70,121,43,0,234,0,0,10,0,10,70,121,53,0,244,26,3,29,273
07/31/2005,ORF,VA,AEA,EN,Combined TRACON& Tower with Radar,75,115,59,1,250,0,0,6,0,6,75,115,65,1,256,2,4,6,262
08/01/2005,ORF,VA,AEA,EN,Combined TRACON& Tower with Radar,77,161,60,0,298,0,0,30,0,30,77,161,90,0,328,9,21,30,358
08/02/2005,ORF,VA,AEA,EN,Combined TRACON& Tower with Radar,79,148,54,5,286,0,0,30,3,33,79,148,84,8,319,15,38,53,372
08/03/2005,ORF,VA,AEA,EN,Combined TRACON& Tower with Radar,85,152,60,1,298,0,2,53,0,55,85,154,113,1,353,34,44,78,431
08/04/2005,ORF,VA,AEA,EN,Combined TRACON& Tower with Radar,87,165,66,3,321,0,2,39,5,46,87,167,105,8,367,38,61,99,466
08/05/2005,ORF,VA,AEA,EN,Combined TRACON& Tower with Radar,89,160,73,1,323,0,2,54,0,56,89,162,127,1,379,10,15,25,404
08/06/2005,ORF,VA,AEA,EN,Combined TRACON& Tower with Radar,84,124,48,1,257,0,0,38,0,38,84,124,86,1,295,8,0,8,303
08/07/2005,ORF,VA,AEA,EN,Combined TRACON& Tower with Radar,72,117,58,1,248,0,0,42,0,42,72,117,100,1,290,26,1,27,317
08/08/2005,ORF,VA,AEA,EN,Combined TRACON& Tower with Radar,73,154,46,8,281,0,2,41,3,46,73,156,87,11,327,5,17,22,349
08/09/2005,ORF,VA,AEA,EN,Combined TRACON& Tower with Radar,88,160,46,8,302,0,1,18,2,21,88,161,64,10,323,3,13,16,339
08/10/2005,ORF,VA,AEA,EN,Combined TRACON& Tower with Radar,81,156,70,3,310,0,4,42,2,48,81,160,112,5,358,23,9,32,390
08/11/2005,ORF,VA,AEA,EN,Combined TRACON& Tower with Radar,82,157,63,4,306,0,2,46,0,48,82,159,109,4,354,34,19,53,407
08/12/2005,ORF,VA,AEA,EN,Combined TRACON& Tower with Radar,84,156,55,1,296,0,0,38,1,39,84,156,93,2,335,11,8,19,354
08/13/2005,ORF,VA,AEA,EN,Combined TRACON& Tower with Radar,75,130,52,0,257,0,0,34,1,35,75,130,86,1,292,0,0,0,292
08/14/2005,ORF,VA,AEA,EN,Combined TRACON& Tower with Radar,71,112,54,0,237,0,0,32,1,33,71,112,86,1,270,0,0,0,270
08/15/2005,ORF,VA,AEA,EN,Combined TRACON& Tower with Radar,75,150,40,4,269,0,1,38,2,41,75,151,78,6,310,9,41,50,360
08/16/2005,ORF,VA,AEA,EN,Combined TRACON& Tower with Radar,82,152,56,8,298,0,2,32,0,34,82,154,88,8,332,14,18,32,364
08/17/2005,ORF,VA,AEA,EN,Combined TRACON& Tower with Radar,84,161,57,4,306,0,0,38,1,39,84,161,95,5,345,10,13,23,368
08/18/2005,ORF,VA,AEA,EN,Combined TRACON& Tower with Radar,81,151,61,2,295,0,0,43,1,44,81,151,104,3,339,49,27,76,415
08/19/2005,ORF,VA,AEA,EN,Combined TRACON& Tower with Radar,85,156,57,5,303,0,0,22,1,23,85,156,79,6,326,13,11,24,350
08/20/2005,ORF,VA,AEA,EN,Combined TRACON& Tower with Radar,68,117,44,2,231,1,1,41,0,43,69,118,85,2,274,18,4,22,296
08/21/2005,ORF,VA,AEA,EN,Combined TRACON& Tower with Radar,77,120,48,1,246,0,0,23,0,23,77,120,71,1,269,6,8,14,283
08/22/2005,ORF,VA,AEA,EN,Combined TRACON& Tower with Radar,78,144,37,2,261,0,1,38,2,41,78,145,75,4,302,13,37,50,352
08/23/2005,ORF,VA,AEA,EN,Combined TRACON& Tower with Radar,81,149,40,2,272,0,0,34,0,34,81,149,74,2,306,3,12,15,321
08/24/2005,ORF,VA,AEA,EN,Combined TRACON& Tower with Radar,85,140,78,4,307,0,1,39,2,42,85,141,117,6,349,33,25,58,407
08/25/2005,ORF,VA,AEA,EN,Combined TRACON& Tower with Radar,82,138,71,3,294,0,1,65,1,67,82,139,136,4,361,23,28,51,412
08/26/2005,ORF,VA,AEA,EN,Combined TRACON& Tower with Radar,82,143,70,2,297,0,0,53,0,53,82,143,123,2,350,260,20,280,630
08/27/2005,ORF,VA,AEA,EN,Combined TRACON& Tower with Radar,72,115,39,0,226,0,0,27,1,28,72,115,66,1,254,23,9,32,286
08/28/2005,ORF,VA,AEA,EN,Combined TRACON& Tower with Radar,71,116,54,1,242,0,1,25,1,27,71,117,79,2,269,15,7,22,291
08/29/2005,ORF,VA,AEA,EN,Combined TRACON& Tower with Radar,77,151,56,2,286,0,0,25,0,25,77,151,81,2,311,31,24,55,366
08/30/2005,ORF,VA,AEA,EN,Combined TRACON& Tower with Radar,81,149,57,4,291,1,0,18,0,19,82,149,75,4,310,21,25,46,356
08/31/2005,ORF,VA,AEA,EN,Combined TRACON& Tower with Radar,82,150,61,6,299,1,0,26,2,29,83,150,87,8,328,36,34,70,398
09/01/2005,ORF,VA,AEA,EN,Combined TRACON& Tower with Radar,81,155,66,4,306,0,0,59,2,61,81,155,125,6,367,29,30,59,426
09/02/2005,ORF,VA,AEA,EN,Combined TRACON& Tower with Radar,82,142,41,6,271,0,2,43,0,45,82,144,84,6,316,24,23,47,363
09/03/2005,ORF,VA,AEA,EN,Combined TRACON& Tower with Radar,75,115,45,0,235,0,0,55,0,55,75,115,100,0,290,30,18,48,338
09/04/2005,ORF,VA,AEA,EN,Combined TRACON& Tower with Radar,64,98,38,1,201,0,1,41,0,42,64,99,79,1,243,33,9,42,285
09/05/2005,ORF,VA,AEA,EN,Combined TRACON& Tower with Radar,71,120,45,0,236,0,0,44,0,44,71,120,89,0,280,20,16,36,316
09/06/2005,ORF,VA,AEA,EN,Combined TRACON& Tower with Radar,79,144,35,1,259,0,1,24,0,25,79,145,59,1,284,0,0,0,284
09/07/2005,ORF,VA,AEA,EN,Combined TRACON& Tower with Radar,85,140,62,6,293,0,0,25,1,26,85,140,87,7,319,41,32,73,392
09/08/2005,ORF,VA,AEA,EN,Combined TRACON& Tower with Radar,82,137,83,2,304,0,2,51,0,53,82,139,134,2,357,10,2,12,369
09/09/2005,ORF,VA,AEA,EN,Combined TRACON& Tower with Radar,83,147,67,3,300,0,4,54,2,60,83,151,121,5,360,10,0,10,370
09/10/2005,ORF,VA,AEA,EN,Combined TRACON& Tower with Radar,73,106,49,0,228,0,0,37,0,37,73,106,86,0,265,15,5,20,285
09/11/2005,ORF,VA,AEA,EN,Combined TRACON& Tower with Radar,71,115,52,1,239,0,0,20,0,20,71,115,72,1,259,48,7,55,314
09/12/2005,ORF,VA,AEA,EN,Combined TRACON& Tower with Radar,105,118,41,8,272,0,1,23,1,25,105,119,64,9,297,17,24,41,338
09/13/2005,ORF,VA,AEA,EN,Combined TRACON& Tower with Radar,195,26,44,4,269,0,0,13,0,13,195,26,57,4,282,16,25,41,323
09/14/2005,ORF,VA,AEA,EN,Combined TRACON& Tower with Radar,195,12,57,3,267,1,1,11,1,14,196,13,68,4,281,13,30,43,324
09/15/2005,ORF,VA,AEA,EN,Combined TRACON& Tower with Radar,204,21,29,3,257,0,0,2,2,4,204,21,31,5,261,0,0,0,261
09/16/2005,ORF,VA,AEA,EN,Combined TRACON& Tower with Radar,205,17,72,3,297,2,1,18,0,21,207,18,90,3,318,2,0,2,320
09/17/2005,ORF,VA,AEA,EN,Combined TRACON& Tower with Radar,185,2,50,2,239,1,0,37,0,38,186,2,87,2,277,35,21,56,333
09/18/2005,ORF,VA,AEA,EN,Combined TRACON& Tower with Radar,180,6,61,2,249,1,0,28,1,30,181,6,89,3,279,55,25,80,359
09/19/2005,ORF,VA,AEA,EN,Combined TRACON& Tower with Radar,183,16,57,1,257,0,0,36,1,37,183,16,93,2,294,40,38,78,372
09/20/2005,ORF,VA,AEA,EN,Combined TRACON& Tower with Radar,188,13,68,11,280,0,1,24,0,25,188,14,92,11,305,8,20,28,333
09/21/2005,ORF,VA,AEA,EN,Combined TRACON& Tower with Radar,49,3,11,0,63,0,0,0,0,0,49,3,11,0,63,44,8,52,115
09/22/2005,ORF,VA,AEA,EN,Combined TRACON& Tower with Radar,201,26,83,1,311,0,7,48,0,55,201,33,131,1,366,29,0,29,395
09/23/2005,ORF,VA,AEA,EN,Combined TRACON& Tower with Radar,211,24,88,0,323,0,0,42,0,42,211,24,130,0,365,16,11,27,392
09/24/2005,ORF,VA,AEA,EN,Combined TRACON& Tower with Radar,160,10,41,3,214,0,0,13,0,13,160,10,54,3,227,34,1,35,262
09/25/2005,ORF,VA,AEA,EN,Combined TRACON& Tower with Radar,176,9,66,3,254,0,0,38,0,38,176,9,104,3,292,42,7,49,341
09/26/2005,ORF,VA,AEA,EN,Combined TRACON& Tower with Radar,197,17,45,5,264,0,0,30,0,30,197,17,75,5,294,15,34,49,343
09/27/2005,ORF,VA,AEA,EN,Combined TRACON& Tower with Radar,196,28,68,5,297,0,1,35,4,40,196,29,103,9,337,7,41,48,385
09/28/2005,ORF,VA,AEA,EN,Combined TRACON& Tower with Radar,80,143,56,3,282,0,0,34,0,34,80,143,90,3,316,11,2,13,329
09/29/2005,ORF,VA,AEA,EN,Combined TRACON& Tower with Radar,210,37,51,2,300,0,0,18,1,19,210,37,69,3,319,15,5,20,339
09/30/2005,ORF,VA,AEA,EN,Combined TRACON& Tower with Radar,206,28,65,0,299,3,1,52,0,56,209,29,117,0,355,14,0,14,369
10/01/2005,ORF,VA,AEA,EN,Combined TRACON& Tower with Radar,181,8,48,0,237,0,2,46,0,48,181,10,94,0,285,21,4,25,310
10/02/2005,ORF,VA,AEA,EN,Combined TRACON& Tower with Radar,182,5,57,2,246,0,0,38,0,38,182,5,95,2,284,9,8,17,301
10/03/2005,ORF,VA,AEA,EN,Combined TRACON& Tower with Radar,195,17,59,4,275,0,0,22,1,23,195,17,81,5,298,36,18,54,352
10/04/2005,ORF,VA,AEA,EN,Combined TRACON& Tower with Radar,210,19,79,8,316,0,5,13,5,23,210,24,92,13,339,16,23,39,378
10/05/2005,ORF,VA,AEA,EN,Combined TRACON& Tower with Radar,203,23,70,2,298,0,0,17,1,18,203,23,87,3,316,22,0,22,338
10/06/2005,ORF,VA,AEA,EN,Combined TRACON& Tower with Radar,206,22,85,6,319,0,0,35,1,36,206,22,120,7,355,9,5,14,369
10/07/2005,ORF,VA,AEA,EN,Combined TRACON& Tower with Radar,206,17,72,8,303,0,0,3,0,3,206,17,75,8,306,15,1,16,322
10/08/2005,ORF,VA,AEA,EN,Combined TRACON& Tower with Radar,163,10,33,1,207,0,0,0,0,0,163,10,33,1,207,0,0,0,207
10/09/2005,ORF,VA,AEA,EN,Combined TRACON& Tower with Radar,184,4,63,4,255,0,0,2,0,2,184,4,65,4,257,0,0,0,257
10/10/2005,ORF,VA,AEA,EN,Combined TRACON& Tower with Radar,200,13,57,2,272,0,0,0,0,0,200,13,57,2,272,0,0,0,272
10/11/2005,ORF,VA,AEA,EN,Combined TRACON& Tower with Radar,196,30,78,8,312,2,4,3,0,9,198,34,81,8,321,0,0,0,321
10/12/2005,ORF,VA,AEA,EN,Combined TRACON& Tower with Radar,197,21,87,5,310,0,0,2,0,2,197,21,89,5,312,0,0,0,312
10/13/2005,ORF,VA,AEA,EN,Combined TRACON& Tower with Radar,202,29,69,7,307,0,0,3,0,3,202,29,72,7,310,0,0,0,310
10/14/2005,ORF,VA,AEA,EN,Combined TRACON& Tower with Radar,157,25,67,5,254,0,0,0,0,0,157,25,67,5,254,6,3,9,263
10/15/2005,ORF,VA,AEA,EN,Combined TRACON& Tower with Radar,191,9,46,0,246,0,0,37,0,37,191,9,83,0,283,29,1,30,313
10/16/2005,ORF,VA,AEA,EN,Combined TRACON& Tower with Radar,182,9,60,2,253,0,0,39,0,39,182,9,99,2,292,26,3,29,321
10/17/2005,ORF,VA,AEA,EN,Combined TRACON& Tower with Radar,207,20,37,7,271,1,1,46,0,48,208,21,83,7,319,8,7,15,334
10/18/2005,ORF,VA,AEA,EN,Combined TRACON& Tower with Radar,88,147,61,8,304,0,2,25,1,28,88,149,86,9,332,34,17,51,383
10/19/2005,ORF,VA,AEA,EN,Combined TRACON& Tower with Radar,205,22,63,4,294,0,0,56,1,57,205,22,119,5,351,39,8,47,398
10/20/2005,ORF,VA,AEA,EN,Combined TRACON& Tower with Radar,207,23,73,4,307,1,2,46,1,50,208,25,119,5,357,21,4,25,382
10/21/2005,ORF,VA,AEA,EN,Combined TRACON& Tower with Radar,212,30,98,8,348,0,0,2,1,3,212,30,100,9,351,8,0,8,359
10/22/2005,ORF,VA,AEA,EN,Combined TRACON& Tower with Radar,182,8,44,3,237,0,0,11,0,11,182,8,55,3,248,11,2,13,261
10/23/2005,ORF,VA,AEA,EN,Combined TRACON& Tower with Radar,185,8,62,7,262,0,0,28,1,29,185,8,90,8,291,47,12,59,350
10/24/2005,ORF,VA,AEA,EN,Combined TRACON& Tower with Radar,196,21,40,5,262,0,1,12,0,13,196,22,52,5,275,1,0,1,276
10/25/2005,ORF,VA,AEA,EN,Combined TRACON& Tower with Radar,184,13,37,7,241,0,1,3,0,4,184,14,40,7,245,8,0,8,253
10/26/2005,ORF,VA,AEA,EN,Combined TRACON& Tower with Radar,201,25,80,1,307,1,1,34,4,40,202,26,114,5,347,50,10,60,407
10/27/2005,ORF,VA,AEA,EN,Combined TRACON& Tower with Radar,213,16,77,5,311,0,0,45,1,46,213,16,122,6,357,44,21,65,422
10/28/2005,ORF,VA,AEA,EN,Combined TRACON& Tower with Radar,217,20,56,11,304,0,2,29,4,35,217,22,85,15,339,0,0,0,339
10/29/2005,ORF,VA,AEA,EN,Combined TRACON& Tower with Radar,183,2,35,2,222,1,0,35,0,36,184,2,70,2,258,28,0,28,286
10/30/2005,ORF,VA,AEA,EN,Combined TRACON& Tower with Radar,185,5,67,3,260,0,0,47,0,47,185,5,114,3,307,33,6,39,346
10/31/2005,ORF,VA,AEA,EN,Combined TRACON& Tower with Radar,199,14,53,12,278,0,1,53,1,55,199,15,106,13,333,20,9,29,362
11/01/2005,ORF,VA,AEA,EN,Combined TRACON& Tower with Radar,206,25,66,8,305,0,1,63,0,64,206,26,129,8,369,21,12,33,402
11/02/2005,ORF,VA,AEA,EN,Combined TRACON& Tower with Radar,208,27,67,14,316,0,4,49,3,56,208,31,116,17,372,42,24,66,438
11/03/2005,ORF,VA,AEA,EN,Combined TRACON& Tower with Radar,205,23,96,12,336,0,1,82,1,84,205,24,178,13,420,34,4,38,458
11/04/2005,ORF,VA,AEA,EN,Combined TRACON& Tower with Radar,203,18,76,4,301,1,1,63,0,65,204,19,139,4,366,36,12,48,414
11/05/2005,ORF,VA,AEA,EN,Combined TRACON& Tower with Radar,173,13,96,3,285,0,4,96,0,100,173,17,192,3,385,59,2,61,446
11/06/2005,ORF,VA,AEA,EN,Combined TRACON& Tower with Radar,177,7,106,5,295,0,0,63,0,63,177,7,169,5,358,16,5,21,379
11/07/2005,ORF,VA,AEA,EN,Combined TRACON& Tower with Radar,200,20,51,14,285,0,1,50,2,53,200,21,101,16,338,15,4,19,357
11/08/2005,ORF,VA,AEA,EN,Combined TRACON& Tower with Radar,202,16,71,3,292,0,0,54,0,54,202,16,125,3,346,40,10,50,396
11/09/2005,ORF,VA,AEA,EN,Combined TRACON& Tower with Radar,205,18,56,2,281,0,0,39,0,39,205,18,95,2,320,33,13,46,366
11/10/2005,ORF,VA,AEA,EN,Combined TRACON& Tower with Radar,213,17,44,1,275,0,1,19,0,20,213,18,63,1,295,24,10,34,329
11/11/2005,ORF,VA,AEA,EN,Combined TRACON& Tower with Radar,209,15,55,0,279,0,1,39,0,40,209,16,94,0,319,17,4,21,340
11/12/2005,ORF,VA,AEA,EN,Combined TRACON& Tower with Radar,182,8,48,0,238,0,0,50,0,50,182,8,98,0,288,19,5,24,312
11/13/2005,ORF,VA,AEA,EN,Combined TRACON& Tower with Radar,180,7,50,0,237,0,0,36,0,36,180,7,86,0,273,5,1,6,279
11/14/2005,ORF,VA,AEA,EN,Combined TRACON& Tower with Radar,205,19,54,0,278,1,3,54,1,59,206,22,108,1,337,10,8,18,355
11/15/2005,ORF,VA,AEA,EN,Combined TRACON& Tower with Radar,194,26,55,4,279,1,1,44,0,46,195,27,99,4,325,23,8,31,356
11/16/2005,ORF,VA,AEA,EN,Combined TRACON& Tower with Radar,205,29,58,1,293,0,2,14,1,17,205,31,72,2,310,34,32,66,376
11/17/2005,ORF,VA,AEA,EN,Combined TRACON& Tower with Radar,207,28,67,5,307,1,1,34,2,38,208,29,101,7,345,24,23,47,392
11/18/2005,ORF,VA,AEA,EN,Combined TRACON& Tower with Radar,212,21,63,5,301,1,4,40,1,46,213,25,103,6,347,27,18,45,392
11/19/2005,ORF,VA,AEA,EN,Combined TRACON& Tower with Radar,178,12,53,0,243,0,0,43,0,43,178,12,96,0,286,32,6,38,324
11/20/2005,ORF,VA,AEA,EN,Combined TRACON& Tower with Radar,183,11,56,2,252,0,0,41,0,41,183,11,97,2,293,25,6,31,324
11/21/2005,ORF,VA,AEA,EN,Combined TRACON& Tower with Radar,192,22,47,0,261,0,0,0,0,0,192,22,47,0,261,0,0,0,261
11/22/2005,ORF,VA,AEA,EN,Combined TRACON& Tower with Radar,201,26,63,1,291,0,0,4,1,5,201,26,67,2,296,12,14,26,322
11/23/2005,ORF,VA,AEA,EN,Combined TRACON& Tower with Radar,212,18,73,1,304,1,0,37,2,40,213,18,110,3,344,27,3,30,374
11/24/2005,ORF,VA,AEA,EN,Combined TRACON& Tower with Radar,167,2,10,0,179,0,0,10,0,10,167,2,20,0,189,15,0,15,204
11/25/2005,ORF,VA,AEA,EN,Combined TRACON& Tower with Radar,170,14,33,4,221,0,0,42,0,42,170,14,75,4,263,17,6,23,286
11/26/2005,ORF,VA,AEA,EN,Combined TRACON& Tower with Radar,184,6,29,1,220,0,0,38,1,39,184,6,67,2,259,30,1,31,290
11/27/2005,ORF,VA,AEA,EN,Combined TRACON& Tower with Radar,182,9,59,3,253,0,0,38,2,40,182,9,97,5,293,35,2,37,330
11/28/2005,ORF,VA,AEA,EN,Combined TRACON& Tower with Radar,199,16,48,1,264,0,2,31,1,34,199,18,79,2,298,15,4,19,317
11/29/2005,ORF,VA,AEA,EN,Combined TRACON& Tower with Radar,210,29,55,11,305,0,0,4,0,4,210,29,59,11,309,11,25,36,345
11/30/2005,ORF,VA,AEA,EN,Combined TRACON& Tower with Radar,209,17,56,1,283,0,3,23,1,27,209,20,79,2,310,36,21,57,367
12/01/2005,ORF,VA,AEA,EN,Combined TRACON& Tower with Radar,202,25,81,5,313,0,4,35,1,40,202,29,116,6,353,29,23,52,405
12/02/2005,ORF,VA,AEA,EN,Combined TRACON& Tower with Radar,195,26,53,1,275,0,0,36,0,36,195,26,89,1,311,19,16,35,346
12/03/2005,ORF,VA,AEA,EN,Combined TRACON& Tower with Radar,165,5,44,1,215,0,0,28,0,28,165,5,72,1,243,18,12,30,273
12/04/2005,ORF,VA,AEA,EN,Combined TRACON& Tower with Radar,168,10,47,0,225,0,0,6,0,6,168,10,53,0,231,4,2,6,237
12/05/2005,ORF,VA,AEA,EN,Combined TRACON& Tower with Radar,179,21,43,1,244,0,0,0,0,0,179,21,43,1,244,0,0,0,244
12/06/2005,ORF,VA,AEA,EN,Combined TRACON& Tower with Radar,186,32,44,2,264,0,3,30,0,33,186,35,74,2,297,28,26,54,351
12/07/2005,ORF,VA,AEA,EN,Combined TRACON& Tower with Radar,191,23,59,6,279,0,2,68,0,70,191,25,127,6,349,45,34,79,428
12/08/2005,ORF,VA,AEA,EN,Combined TRACON& Tower with Radar,185,22,76,3,286,0,0,30,3,33,185,22,106,6,319,24,18,42,361
12/09/2005,ORF,VA,AEA,EN,Combined TRACON& Tower with Radar,192,17,39,1,249,0,0,12,0,12,192,17,51,1,261,8,9,17,278
12/10/2005,ORF,VA,AEA,EN,Combined TRACON& Tower with Radar,167,8,54,0,229,0,1,61,2,64,167,9,115,2,293,19,2,21,314
12/11/2005,ORF,VA,AEA,EN,Combined TRACON& Tower with Radar,172,6,50,2,230,0,0,44,0,44,172,6,94,2,274,6,0,6,280
12/12/2005,ORF,VA,AEA,EN,Combined TRACON& Tower with Radar,192,19,42,4,257,1,2,45,3,51,193,21,87,7,308,7,0,7,315
12/13/2005,ORF,VA,AEA,EN,Combined TRACON& Tower with Radar,196,10,72,8,286,0,0,0,0,0,196,10,72,8,286,34,31,65,351
12/14/2005,ORF,VA,AEA,EN,Combined TRACON& Tower with Radar,195,25,59,9,288,0,1,27,6,34,195,26,86,15,322,29,29,58,380
12/15/2005,ORF,VA,AEA,EN,Combined TRACON& Tower with Radar,184,25,46,4,259,0,0,1,3,4,184,25,47,7,263,6,13,19,282
12/16/2005,ORF,VA,AEA,EN,Combined TRACON& Tower with Radar,201,21,58,0,280,2,0,45,0,47,203,21,103,0,327,24,29,53,380
12/17/2005,ORF,VA,AEA,EN,Combined TRACON& Tower with Radar,182,3,49,0,234,0,0,49,1,50,182,3,98,1,284,12,0,12,296
12/18/2005,ORF,VA,AEA,EN,Combined TRACON& Tower with Radar,176,5,39,1,221,0,0,17,0,17,176,5,56,1,238,0,0,0,238
12/19/2005,ORF,VA,AEA,EN,Combined TRACON& Tower with Radar,195,12,57,1,265,0,0,37,0,37,195,12,94,1,302,0,0,0,302
12/20/2005,ORF,VA,AEA,EN,Combined TRACON& Tower with Radar,154,66,52,5,277,0,0,33,2,35,154,66,85,7,312,14,0,14,326
12/21/2005,ORF,VA,AEA,EN,Combined TRACON& Tower with Radar,212,20,47,4,283,1,1,29,0,31,213,21,76,4,314,18,12,30,344
12/22/2005,ORF,VA,AEA,EN,Combined TRACON& Tower with Radar,215,16,32,2,265,0,0,47,1,48,215,16,79,3,313,10,20,30,343
12/23/2005,ORF,VA,AEA,EN,Combined TRACON& Tower with Radar,210,17,37,0,264,0,39,48,0,87,210,56,85,0,351,21,5,26,377
12/24/2005,ORF,VA,AEA,EN,Combined TRACON& Tower with Radar,181,6,20,1,208,0,0,13,0,13,181,6,33,1,221,20,0,20,241
12/25/2005,ORF,VA,AEA,EN,Combined TRACON& Tower with Radar,145,4,7,0,156,0,0,0,1,1,145,4,7,1,157,0,0,0,157
12/26/2005,ORF,VA,AEA,EN,Combined TRACON& Tower with Radar,144,52,39,2,237,0,0,12,0,12,144,52,51,2,249,0,0,0,249
12/27/2005,ORF,VA,AEA,EN,Combined TRACON& Tower with Radar,149,58,32,3,242,0,0,33,1,34,149,58,65,4,276,37,0,37,313
12/28/2005,ORF,VA,AEA,EN,Combined TRACON& Tower with Radar,150,56,28,7,241,0,0,30,1,31,150,56,58,8,272,17,12,29,301
12/29/2005,ORF,VA,AEA,EN,Combined TRACON& Tower with Radar,142,59,46,6,253,0,0,3,0,3,142,59,49,6,256,6,5,11,267
12/30/2005,ORF,VA,AEA,EN,Combined TRACON& Tower with Radar,147,59,34,1,241,0,1,23,0,24,147,60,57,1,265,10,8,18,283
12/31/2005,ORF,VA,AEA,EN,Combined TRACON& Tower with Radar,133,45,31,0,209,0,1,13,1,15,133,46,44,1,224,0,0,0,224
01/01/2006,ORF,VA,AEA,EN,Combined TRACON& Tower with Radar,128,39,34,0,201,0,1,17,1,19,128,40,51,1,220,0,0,0,220
01/02/2006,ORF,VA,AEA,EN,Combined TRACON& Tower with Radar,124,50,32,1,207,0,0,2,0,2,124,50,34,1,209,17,5,22,231
01/03/2006,ORF,VA,AEA,EN,Combined TRACON& Tower with Radar,156,57,49,12,274,0,0,0,0,0,156,57,49,12,274,0,0,0,274
01/04/2006,ORF,VA,AEA,EN,Combined TRACON& Tower with Radar,148,56,49,7,260,0,1,6,0,7,148,57,55,7,267,0,0,0,267
01/05/2006,ORF,VA,AEA,EN,Combined TRACON& Tower with Radar,151,58,57,10,276,0,0,15,0,15,151,58,72,10,291,16,43,59,350
01/06/2006,ORF,VA,AEA,EN,Combined TRACON& Tower with Radar,146,60,42,2,250,0,0,11,4,15,146,60,53,6,265,12,11,23,288
01/07/2006,ORF,VA,AEA,EN,Combined TRACON& Tower with Radar,121,43,38,5,207,0,0,20,0,20,121,43,58,5,227,3,3,6,233
01/08/2006,ORF,VA,AEA,EN,Combined TRACON& Tower with Radar,132,43,32,0,207,0,0,16,0,16,132,43,48,0,223,20,1,21,244
01/09/2006,ORF,VA,AEA,EN,Combined TRACON& Tower with Radar,142,68,36,18,264,0,0,13,0,13,142,68,49,18,277,43,32,75,352
01/10/2006,ORF,VA,AEA,EN,Combined TRACON& Tower with Radar,154,59,50,4,267,0,0,19,2,21,154,59,69,6,288,30,24,54,342
01/11/2006,ORF,VA,AEA,EN,Combined TRACON& Tower with Radar,143,48,41,11,243,0,1,14,0,15,143,49,55,11,258,10,20,30,288
01/12/2006,ORF,VA,AEA,EN,Combined TRACON& Tower with Radar,152,60,72,9,293,0,0,36,2,38,152,60,108,11,331,34,27,61,392
01/13/2006,ORF,VA,AEA,EN,Combined TRACON& Tower with Radar,152,56,52,16,276,0,1,13,0,14,152,57,65,16,290,28,12,40,330
01/14/2006,ORF,VA,AEA,EN,Combined TRACON& Tower with Radar,131,31,26,0,188,0,0,1,0,1,131,31,27,0,189,1,6,7,196
01/15/2006,ORF,VA,AEA,EN,Combined TRACON& Tower with Radar,135,33,24,1,193,0,2,3,0,5,135,35,27,1,198,0,0,0,198
01/16/2006,ORF,VA,AEA,EN,Combined TRACON& Tower with Radar,149,44,62,2,257,0,0,17,0,17,149,44,79,2,274,0,0,0,274
01/17/2006,ORF,VA,AEA,EN,Combined TRACON& Tower with Radar,148,59,53,7,267,0,3,11,0,14,148,62,64,7,281,22,20,42,323
01/18/2006,ORF,VA,AEA,EN,Combined TRACON& Tower with Radar,151,47,44,43,285,0,0,4,1,5,151,47,48,44,290,5,13,18,308
01/19/2006,ORF,VA,AEA,EN,Combined TRACON& Tower with Radar,154,54,61,8,277,0,3,48,2,53,154,57,109,10,330,26,20,46,376
01/20/2006,ORF,VA,AEA,EN,Combined TRACON& Tower with Radar,148,55,66,19,288,0,0,39,3,42,148,55,105,22,330,60,27,87,417
01/21/2006,ORF,VA,AEA,EN,Combined TRACON& Tower with Radar,131,33,45,1,210,0,0,0,0,0,131,33,45,1,210,28,4,32,242
01/22/2006,ORF,VA,AEA,EN,Combined TRACON& Tower with Radar,124,35,37,0,196,0,0,13,0,13,124,35,50,0,209,0,0,0,209
01/23/2006,ORF,VA,AEA,EN,Combined TRACON& Tower with Radar,154,65,62,5,286,0,0,0,0,0,154,65,62,5,286,0,0,0,286
01/24/2006,ORF,VA,AEA,EN,Combined TRACON& Tower with Radar,156,53,53,8,270,0,5,24,1,30,156,58,77,9,300,45,20,65,365
01/25/2006,ORF,VA,AEA,EN,Combined TRACON& Tower with Radar,153,56,52,33,294,0,0,7,0,7,153,56,59,33,301,6,6,12,313
01/26/2006,ORF,VA,AEA,EN,Combined TRACON& Tower with Radar,149,50,49,12,260,1,0,21,0,22,150,50,70,12,282,25,12,37,319
01/27/2006,ORF,VA,AEA,EN,Combined TRACON& Tower with Radar,149,60,74,2,285,0,1,46,1,48,149,61,120,3,333,22,16,38,371
01/28/2006,ORF,VA,AEA,EN,Combined TRACON& Tower with Radar,118,31,53,1,203,0,0,32,0,32,118,31,85,1,235,30,3,33,268
01/29/2006,ORF,VA,AEA,EN,Combined TRACON& Tower with Radar,125,36,27,0,188,0,0,10,0,10,125,36,37,0,198,10,0,10,208
01/30/2006,ORF,VA,AEA,EN,Combined TRACON& Tower with Radar,192,59,63,5,319,0,0,22,2,24,192,59,85,7,343,12,17,29,372
01/31/2006,ORF,VA,AEA,EN,Combined TRACON& Tower with Radar,156,47,49,9,261,0,0,3,2,5,156,47,52,11,266,9,5,14,280
02/01/2006,ORF,VA,AEA,EN,Combined TRACON& Tower with Radar,146,60,53,5,264,0,0,38,2,40,146,60,91,7,304,17,29,46,350
02/02/2006,ORF,VA,AEA,EN,Combined TRACON& Tower with Radar,142,59,53,5,259,0,2,54,0,56,142,61,107,5,315,21,16,37,352
02/03/2006,ORF,VA,AEA,EN,Combined TRACON& Tower with Radar,142,55,71,4,272,0,0,25,1,26,142,55,96,5,298,18,15,33,331
02/04/2006,ORF,VA,AEA,EN,Combined TRACON& Tower with Radar,127,39,26,1,193,0,1,9,1,11,127,40,35,2,204,18,13,31,235
02/05/2006,ORF,VA,AEA,EN,Combined TRACON& Tower with Radar,130,39,34,1,204,0,0,16,0,16,130,39,50,1,220,26,14,40,260
02/06/2006,ORF,VA,AEA,EN,Combined TRACON& Tower with Radar,141,57,34,7,239,0,0,17,0,17,141,57,51,7,256,23,33,56,312
02/07/2006,ORF,VA,AEA,EN,Combined TRACON& Tower with Radar,148,52,67,5,272,0,0,39,2,41,148,52,106,7,313,17,65,82,395
02/08/2006,ORF,VA,AEA,EN,Combined TRACON& Tower with Radar,144,53,75,3,275,0,2,44,0,46,144,55,119,3,321,38,20,58,379
02/09/2006,ORF,VA,AEA,EN,Combined TRACON& Tower with Radar,149,60,44,10,263,0,0,23,1,24,149,60,67,11,287,13,21,34,321
02/10/2006,ORF,VA,AEA,EN,Combined TRACON& Tower with Radar,144,60,57,9,270,0,1,38,0,39,144,61,95,9,309,13,21,34,343
02/11/2006,ORF,VA,AEA,EN,Combined TRACON& Tower with Radar,120,33,19,1,173,0,0,0,0,0,120,33,19,1,173,8,0,8,181
02/12/2006,ORF,VA,AEA,EN,Combined TRACON& Tower with Radar,119,23,30,2,174,0,1,5,0,6,119,24,35,2,180,0,0,0,180
02/13/2006,ORF,VA,AEA,EN,Combined TRACON& Tower with Radar,143,61,63,5,272,0,3,22,2,27,143,64,85,7,299,25,16,41,340
02/14/2006,ORF,VA,AEA,EN,Combined TRACON& Tower with Radar,155,61,51,15,282,0,2,31,1,34,155,63,82,16,316,30,30,60,376
02/15/2006,ORF,VA,AEA,EN,Combined TRACON& Tower with Radar,149,62,81,15,307,0,1,27,0,28,149,63,108,15,335,28,17,45,380
02/16/2006,ORF,VA,AEA,EN,Combined TRACON& Tower with Radar,146,59,48,5,258,0,1,53,4,58,146,60,101,9,316,24,16,40,356
02/17/2006,ORF,VA,AEA,EN,Combined TRACON& Tower with Radar,149,59,40,5,253,0,2,8,0,10,149,61,48,5,263,28,38,66,329
02/18/2006,ORF,VA,AEA,EN,Combined TRACON& Tower with Radar,125,38,30,0,193,0,0,4,0,4,125,38,34,0,197,0,0,0,197
02/19/2006,ORF,VA,AEA,EN,Combined TRACON& Tower with Radar,125,38,30,0,193,0,0,4,0,4,125,38,34,0,197,0,0,0,197
02/20/2006,ORF,VA,AEA,EN,Combined TRACON& Tower with Radar,142,55,50,3,250,0,0,11,0,11,142,55,61,3,261,0,0,0,261
02/21/2006,ORF,VA,AEA,EN,Combined TRACON& Tower with Radar,144,64,60,4,272,0,2,16,0,18,144,66,76,4,290,36,22,58,348
02/22/2006,ORF,VA,AEA,EN,Combined TRACON& Tower with Radar,145,64,63,0,272,0,6,7,0,13,145,70,70,0,285,53,36,89,374
02/23/2006,ORF,VA,AEA,EN,Combined TRACON& Tower with Radar,154,66,65,1,286,0,2,3,1,6,154,68,68,2,292,45,44,89,381
02/24/2006,ORF,VA,AEA,EN,Combined TRACON& Tower with Radar,155,58,54,12,279,0,1,31,4,36,155,59,85,16,315,50,44,94,409
02/25/2006,ORF,VA,AEA,EN,Combined TRACON& Tower with Radar,125,43,40,3,211,0,0,32,0,32,125,43,72,3,243,0,0,0,243
02/26/2006,ORF,VA,AEA,EN,Combined TRACON& Tower with Radar,131,42,38,8,219,0,0,9,0,9,131,42,47,8,228,0,0,0,228
02/27/2006,ORF,VA,AEA,EN,Combined TRACON& Tower with Radar,145,59,38,10,252,0,3,24,4,31,145,62,62,14,283,24,25,49,332
02/28/2006,ORF,VA,AEA,EN,Combined TRACON& Tower with Radar,149,54,45,4,252,0,4,22,3,29,149,58,67,7,281,20,24,44,325
03/01/2006,ORF,VA,AEA,EN,Combined TRACON& Tower with Radar,142,78,65,4,289,0,7,36,2,45,142,85,101,6,334,59,41,100,434
03/02/2006,ORF,VA,AEA,EN,Combined TRACON& Tower with Radar,155,56,44,13,268,0,1,23,4,28,155,57,67,17,296,65,60,125,421
03/03/2006,ORF,VA,AEA,EN,Combined TRACON& Tower with Radar,161,54,50,5,270,0,0,27,5,32,161,54,77,10,302,33,59,92,394
03/04/2006,ORF,VA,AEA,EN,Combined TRACON& Tower with Radar,128,40,31,1,200,0,0,22,5,27,128,40,53,6,227,29,19,48,275
03/05/2006,ORF,VA,AEA,EN,Combined TRACON& Tower with Radar,128,40,31,1,200,0,0,22,5,27,128,40,53,6,227,29,19,48,275
03/06/2006,ORF,VA,AEA,EN,Combined TRACON& Tower with Radar,145,68,41,6,260,0,0,10,1,11,145,68,51,7,271,21,17,38,309
03/07/2006,ORF,VA,AEA,EN,Combined TRACON& Tower with Radar,144,58,35,3,240,0,1,20,1,22,144,59,55,4,262,21,19,40,302
03/08/2006,ORF,VA,AEA,EN,Combined TRACON& Tower with Radar,158,69,65,1,293,0,0,35,0,35,158,69,100,1,328,50,60,110,438
03/09/2006,ORF,VA,AEA,EN,Combined TRACON& Tower with Radar,156,61,48,8,273,0,2,17,1,20,156,63,65,9,293,53,55,108,401
03/10/2006,ORF,VA,AEA,EN,Combined TRACON& Tower with Radar,154,54,50,6,264,0,0,15,2,17,154,54,65,8,281,31,63,94,375
03/11/2006,ORF,VA,AEA,EN,Combined TRACON& Tower with Radar,130,34,49,3,216,0,0,41,0,41,130,34,90,3,257,42,37,79,336
03/12/2006,ORF,VA,AEA,EN,Combined TRACON& Tower with Radar,142,52,50,2,246,0,0,28,1,29,142,52,78,3,275,9,17,26,301
03/13/2006,ORF,VA,AEA,EN,Combined TRACON& Tower with Radar,138,61,48,1,248,0,0,21,0,21,138,61,69,1,269,18,6,24,293
03/14/2006,ORF,VA,AEA,EN,Combined TRACON& Tower with Radar,152,56,51,21,280,0,3,18,0,21,152,59,69,21,301,17,19,36,337
03/15/2006,ORF,VA,AEA,EN,Combined TRACON& Tower with Radar,161,64,59,6,290,0,2,16,2,20,161,66,75,8,310,35,21,56,366
03/16/2006,ORF,VA,AEA,EN,Combined TRACON& Tower with Radar,156,71,75,7,309,0,11,33,3,47,156,82,108,10,356,73,35,108,464
03/17/2006,ORF,VA,AEA,EN,Combined TRACON& Tower with Radar,168,62,51,1,282,0,0,23,0,23,168,62,74,1,305,81,19,100,405
03/18/2006,ORF,VA,AEA,EN,Combined TRACON& Tower with Radar,132,32,43,2,209,0,0,35,0,35,132,32,78,2,244,48,9,57,301
03/19/2006,ORF,VA,AEA,EN,Combined TRACON& Tower with Radar,146,32,55,3,236,0,0,42,0,42,146,32,97,3,278,0,0,0,278
03/20/2006,ORF,VA,AEA,EN,Combined TRACON& Tower with Radar,153,55,57,7,272,0,0,35,0,35,153,55,92,7,307,18,17,35,342
03/21/2006,ORF,VA,AEA,EN,Combined TRACON& Tower with Radar,146,58,45,0,249,0,0,1,0,1,146,58,46,0,250,0,0,0,250
03/22/2006,ORF,VA,AEA,EN,Combined TRACON& Tower with Radar,161,54,59,12,286,0,0,0,0,0,161,54,59,12,286,37,28,65,351
03/23/2006,ORF,VA,AEA,EN,Combined TRACON& Tower with Radar,163,65,65,4,297,0,1,31,3,35,163,66,96,7,332,67,45,112,444
03/24/2006,ORF,VA,AEA,EN,Combined TRACON& Tower with Radar,159,58,55,4,276,0,0,13,0,13,159,58,68,4,289,66,17,83,372
03/25/2006,ORF,VA,AEA,EN,Combined TRACON& Tower with Radar,129,38,40,1,208,0,0,12,0,12,129,38,52,1,220,42,6,48,268
03/26/2006,ORF,VA,AEA,EN,Combined TRACON& Tower with Radar,142,52,52,3,249,0,0,28,1,29,142,52,80,4,278,0,0,0,278
03/27/2006,ORF,VA,AEA,EN,Combined TRACON& Tower with Radar,149,70,57,20,296,0,0,33,1,34,149,70,90,21,330,18,17,35,365
03/28/2006,ORF,VA,AEA,EN,Combined TRACON& Tower with Radar,145,63,65,13,286,0,2,28,4,34,145,65,93,17,320,53,33,86,406
03/29/2006,ORF,VA,AEA,EN,Combined TRACON& Tower with Radar,160,60,64,3,287,0,1,25,0,26,160,61,89,3,313,42,37,79,392
03/30/2006,ORF,VA,AEA,EN,Combined TRACON& Tower with Radar,159,60,71,5,295,0,1,28,1,30,159,61,99,6,325,77,41,118,443
03/31/2006,ORF,VA,AEA,EN,Combined TRACON& Tower with Radar,154,66,58,2,280,0,0,52,0,52,154,66,110,2,332,86,46,132,464
04/01/2006,ORF,VA,AEA,EN,Combined TRACON& Tower with Radar,132,38,28,4,202,0,0,9,0,9,132,38,37,4,211,20,6,26,237
04/02/2006,ORF,VA,AEA,EN,Combined TRACON& Tower with Radar,145,40,49,3,237,0,0,47,0,47,145,40,96,3,284,10,0,10,294
04/03/2006,ORF,VA,AEA,EN,Combined TRACON& Tower with Radar,139,54,41,1,235,0,0,15,0,15,139,54,56,1,250,15,7,22,272
04/04/2006,ORF,VA,AEA,EN,Combined TRACON& Tower with Radar,161,61,51,16,289,0,1,35,0,36,161,62,86,16,325,26,56,82,407
04/05/2006,ORF,VA,AEA,EN,Combined TRACON& Tower with Radar,157,51,77,0,285,0,0,33,2,35,157,51,110,2,320,66,54,120,440
04/06/2006,ORF,VA,AEA,EN,Combined TRACON& Tower with Radar,156,67,75,12,310,0,2,37,0,39,156,69,112,12,349,20,43,63,412
04/07/2006,ORF,VA,AEA,EN,Combined TRACON& Tower with Radar,149,63,64,19,295,0,0,13,1,14,149,63,77,20,309,61,55,116,425
04/08/2006,ORF,VA,AEA,EN,Combined TRACON& Tower with Radar,138,40,31,2,211,0,0,4,0,4,138,40,35,2,215,0,0,0,215
04/09/2006,ORF,VA,AEA,EN,Combined TRACON& Tower with Radar,145,40,48,2,235,0,0,29,1,30,145,40,77,3,265,14,3,17,282
04/10/2006,ORF,VA,AEA,EN,Combined TRACON& Tower with Radar,146,66,59,1,272,0,0,39,0,39,146,66,98,1,311,37,27,64,375
04/11/2006,ORF,VA,AEA,EN,Combined TRACON& Tower with Radar,156,47,49,7,259,0,1,53,1,55,156,48,102,8,314,41,62,103,417
04/12/2006,ORF,VA,AEA,EN,Combined TRACON& Tower with Radar,150,55,80,8,293,0,5,41,0,46,150,60,121,8,339,85,55,140,479
04/13/2006,ORF,VA,AEA,EN,Combined TRACON& Tower with Radar,152,60,64,9,285,0,1,40,1,42,152,61,104,10,327,0,0,0,327
04/14/2006,ORF,VA,AEA,EN,Combined TRACON& Tower with Radar,155,49,46,9,259,0,0,22,0,22,155,49,68,9,281,53,46,99,380
04/15/2006,ORF,VA,AEA,EN,Combined TRACON& Tower with Radar,140,30,43,1,214,0,0,29,2,31,140,30,72,3,245,7,5,12,257
04/16/2006,ORF,VA,AEA,EN,Combined TRACON& Tower with Radar,143,43,26,1,213,0,0,20,0,20,143,43,46,1,233,11,10,21,254
04/17/2006,ORF,VA,AEA,EN,Combined TRACON& Tower with Radar,150,60,54,0,264,0,0,6,0,6,150,60,60,0,270,0,0,0,270
04/18/2006,ORF,VA,AEA,EN,Combined TRACON& Tower with Radar,153,60,52,0,265,0,0,41,2,43,153,60,93,2,308,60,63,123,431
04/19/2006,ORF,VA,AEA,EN,Combined TRACON& Tower with Radar,153,60,49,4,266,0,2,34,1,37,153,62,83,5,303,93,65,158,461
04/20/2006,ORF,VA,AEA,EN,Combined TRACON& Tower with Radar,151,72,72,1,296,0,4,32,2,38,151,76,104,3,334,61,48,109,443
04/21/2006,ORF,VA,AEA,EN,Combined TRACON& Tower with Radar,150,57,56,2,265,0,0,19,2,21,150,57,75,4,286,28,28,56,342
04/22/2006,ORF,VA,AEA,EN,Combined TRACON& Tower with Radar,135,31,34,0,200,0,0,7,0,7,135,31,41,0,207,0,6,6,213
04/23/2006,ORF,VA,AEA,EN,Combined TRACON& Tower with Radar,148,45,72,1,266,0,0,21,2,23,148,45,93,3,289,14,7,21,310
04/24/2006,ORF,VA,AEA,EN,Combined TRACON& Tower with Radar,158,62,57,8,285,0,1,28,0,29,158,63,85,8,314,58,42,100,414
04/25/2006,ORF,VA,AEA,EN,Combined TRACON& Tower with Radar,155,56,70,5,286,0,4,38,0,42,155,60,108,5,328,63,51,114,442
04/26/2006,ORF,VA,AEA,EN,Combined TRACON& Tower with Radar,160,65,78,3,306,0,5,3,1,9,160,70,81,4,315,27,31,58,373
04/27/2006,ORF,VA,AEA,EN,Combined TRACON& Tower with Radar,151,57,61,3,272,0,2,30,0,32,151,59,91,3,304,49,65,114,418
04/28/2006,ORF,VA,AEA,EN,Combined TRACON& Tower with Radar,158,61,79,6,304,0,0,44,1,45,158,61,123,7,349,24,32,56,405
04/29/2006,ORF,VA,AEA,EN,Combined TRACON& Tower with Radar,135,33,41,1,210,0,2,34,5,41,135,35,75,6,251,60,0,60,311
04/30/2006,ORF,VA,AEA,EN,Combined TRACON& Tower with Radar,143,41,59,0,243,0,0,26,0,26,143,41,85,0,269,20,6,26,295
05/01/2006,ORF,VA,AEA,EN,Combined TRACON& Tower with Radar,151,54,52,3,260,0,8,19,0,27,151,62,71,3,287,38,53,91,378
05/02/2006,ORF,VA,AEA,EN,Combined TRACON& Tower with Radar,159,49,58,6,272,0,2,43,1,46,159,51,101,7,318,55,48,103,421
05/03/2006,ORF,VA,AEA,EN,Combined TRACON& Tower with Radar,160,59,49,4,272,0,1,28,0,29,160,60,77,4,301,54,42,96,397
05/04/2006,ORF,VA,AEA,EN,Combined TRACON& Tower with Radar,155,65,80,2,302,0,2,55,0,57,155,67,135,2,359,44,45,89,448
05/05/2006,ORF,VA,AEA,EN,Combined TRACON& Tower with Radar,160,65,59,4,288,0,2,22,1,25,160,67,81,5,313,28,12,40,353
05/06/2006,ORF,VA,AEA,EN,Combined TRACON& Tower with Radar,147,35,36,0,218,0,0,17,0,17,147,35,53,0,235,21,12,33,268
05/07/2006,ORF,VA,AEA,EN,Combined TRACON& Tower with Radar,145,42,45,0,232,0,0,25,0,25,145,42,70,0,257,33,7,40,297
05/08/2006,ORF,VA,AEA,EN,Combined TRACON& Tower with Radar,157,52,48,7,264,0,1,0,0,1,157,53,48,7,265,22,37,59,324
05/09/2006,ORF,VA,AEA,EN,Combined TRACON& Tower with Radar,161,50,97,9,317,0,3,35,0,38,161,53,132,9,355,73,79,152,507
05/10/2006,ORF,VA,AEA,EN,Combined TRACON& Tower with Radar,159,57,67,7,290,0,4,47,5,56,159,61,114,12,346,16,27,43,389
05/11/2006,ORF,VA,AEA,EN,Combined TRACON& Tower with Radar,154,54,61,10,279,0,0,8,1,9,154,54,69,11,288,39,33,72,360
05/12/2006,ORF,VA,AEA,EN,Combined TRACON& Tower with Radar,171,56,55,15,297,0,5,45,0,50,171,61,100,15,347,65,17,82,429
05/13/2006,ORF,VA,AEA,EN,Combined TRACON& Tower with Radar,151,35,64,3,253,0,0,81,0,81,151,35,145,3,334,70,4,74,408
05/14/2006,ORF,VA,AEA,EN,Combined TRACON& Tower with Radar,146,43,40,1,230,0,0,10,0,10,146,43,50,1,240,19,4,23,263
05/15/2006,ORF,VA,AEA,EN,Combined TRACON& Tower with Radar,157,55,60,6,278,0,3,17,1,21,157,58,77,7,299,90,54,144,443
05/16/2006,ORF,VA,AEA,EN,Combined TRACON& Tower with Radar,164,59,74,9,306,0,2,41,1,44,164,61,115,10,350,57,34,91,441
05/17/2006,ORF,VA,AEA,EN,Combined TRACON& Tower with Radar,157,52,73,9,291,0,3,45,1,49,157,55,118,10,340,32,22,54,394
05/18/2006,ORF,VA,AEA,EN,Combined TRACON& Tower with Radar,165,54,63,13,295,0,5,28,1,34,165,59,91,14,329,44,38,82,411
05/19/2006,ORF,VA,AEA,EN,Combined TRACON& Tower with Radar,176,52,51,6,285,0,0,37,4,41,176,52,88,10,326,49,16,65,391
05/20/2006,ORF,VA,AEA,EN,Combined TRACON& Tower with Radar,146,32,36,3,217,0,0,28,0,28,146,32,64,3,245,42,6,48,293
05/21/2006,ORF,VA,AEA,EN,Combined TRACON& Tower with Radar,155,38,57,3,253,0,0,42,0,42,155,38,99,3,295,25,13,38,333
05/22/2006,ORF,VA,AEA,EN,Combined TRACON& Tower with Radar,163,60,49,13,285,0,1,47,1,49,163,61,96,14,334,0,0,0,334
05/23/2006,ORF,VA,AEA,EN,Combined TRACON& Tower with Radar,158,46,59,5,268,0,10,43,2,55,158,56,102,7,323,42,54,96,419
05/24/2006,ORF,VA,AEA,EN,Combined TRACON& Tower with Radar,159,67,75,17,318,0,18,62,7,87,159,85,137,24,405,89,57,146,551
05/25/2006,ORF,VA,AEA,EN,Combined TRACON& Tower with Radar,157,68,61,8,294,0,1,39,1,41,157,69,100,9,335,27,43,70,405
05/26/2006,ORF,VA,AEA,EN,Combined TRACON& Tower with Radar,166,63,50,11,290,0,3,25,0,28,166,66,75,11,318,16,17,33,351
05/27/2006,ORF,VA,AEA,EN,Combined TRACON& Tower with Radar,149,30,46,5,230,0,0,40,0,40,149,30,86,5,270,28,10,38,308
05/28/2006,ORF,VA,AEA,EN,Combined TRACON& Tower with Radar,145,22,30,1,198,0,0,44,0,44,145,22,74,1,242,50,3,53,295
05/29/2006,ORF,VA,AEA,EN,Combined TRACON& Tower with Radar,151,36,53,0,240,0,0,27,1,28,151,36,80,1,268,67,23,90,358
05/30/2006,ORF,VA,AEA,EN,Combined TRACON& Tower with Radar,151,60,52,3,266,0,0,39,1,40,151,60,91,4,306,26,42,68,374
05/31/2006,ORF,VA,AEA,EN,Combined TRACON& Tower with Radar,167,62,55,2,286,0,3,39,0,42,167,65,94,2,328,18,18,36,364
06/01/2006,ORF,VA,AEA,EN,Combined TRACON& Tower with Radar,164,76,66,4,310,0,3,46,0,49,164,79,112,4,359,37,17,54,413
06/02/2006,ORF,VA,AEA,EN,Combined TRACON& Tower with Radar,161,52,56,3,272,0,1,46,0,47,161,53,102,3,319,14,17,31,350
06/03/2006,ORF,VA,AEA,EN,Combined TRACON& Tower with Radar,158,35,57,4,254,0,0,5,0,5,158,35,62,4,259,3,0,3,262
06/04/2006,ORF,VA,AEA,EN,Combined TRACON& Tower with Radar,151,49,36,3,239,0,0,31,2,33,151,49,67,5,272,64,11,75,347
06/05/2006,ORF,VA,AEA,EN,Combined TRACON& Tower with Radar,159,54,57,1,271,0,1,28,1,30,159,55,85,2,301,73,32,105,406
06/06/2006,ORF,VA,AEA,EN,Combined TRACON& Tower with Radar,156,53,61,1,271,0,0,16,0,16,156,53,77,1,287,24,21,45,332
06/07/2006,ORF,VA,AEA,EN,Combined TRACON& Tower with Radar,154,60,59,7,280,0,1,36,1,38,154,61,95,8,318,26,43,69,387
06/08/2006,ORF,VA,AEA,EN,Combined TRACON& Tower with Radar,171,64,86,6,327,0,0,29,0,29,171,64,115,6,356,26,28,54,410
06/09/2006,ORF,VA,AEA,EN,Combined TRACON& Tower with Radar,172,57,48,4,281,0,3,23,0,26,172,60,71,4,307,42,19,61,368
06/10/2006,ORF,VA,AEA,EN,Combined TRACON& Tower with Radar,153,39,63,3,258,0,0,35,2,37,153,39,98,5,295,26,3,29,324
06/11/2006,ORF,VA,AEA,EN,Combined TRACON& Tower with Radar,158,50,37,2,247,0,0,28,0,28,158,50,65,2,275,49,13,62,337
06/12/2006,ORF,VA,AEA,EN,Combined TRACON& Tower with Radar,158,67,58,5,288,0,0,6,1,7,158,67,64,6,295,44,31,75,370
06/13/2006,ORF,VA,AEA,EN,Combined TRACON& Tower with Radar,167,57,73,3,300,0,0,51,1,52,167,57,124,4,352,27,25,52,404
06/14/2006,ORF,VA,AEA,EN,Combined TRACON& Tower with Radar,161,61,47,0,269,0,0,2,0,2,161,61,49,0,271,0,0,0,271
06/15/2006,ORF,VA,AEA,EN,Combined TRACON& Tower with Radar,176,58,75,9,318,0,0,52,7,59,176,58,127,16,377,67,22,89,466
06/16/2006,ORF,VA,AEA,EN,Combined TRACON& Tower with Radar,168,60,54,3,285,0,3,66,2,71,168,63,120,5,356,15,7,22,378
06/17/2006,ORF,VA,AEA,EN,Combined TRACON& Tower with Radar,157,43,63,2,265,0,3,71,0,74,157,46,134,2,339,48,9,57,396
06/18/2006,ORF,VA,AEA,EN,Combined TRACON& Tower with Radar,155,41,62,0,258,0,0,41,0,41,155,41,103,0,299,35,0,35,334
06/19/2006,ORF,VA,AEA,EN,Combined TRACON& Tower with Radar,163,54,35,4,256,0,2,56,2,60,163,56,91,6,316,65,42,107,423
06/20/2006,ORF,VA,AEA,EN,Combined TRACON& Tower with Radar,165,55,69,2,291,0,3,68,4,75,165,58,137,6,366,50,26,76,442
06/21/2006,ORF,VA,AEA,EN,Combined TRACON& Tower with Radar,163,53,85,5,306,0,0,47,1,48,163,53,132,6,354,31,24,55,409
06/22/2006,ORF,VA,AEA,EN,Combined TRACON& Tower with Radar,160,51,66,5,282,0,3,38,0,41,160,54,104,5,323,29,21,50,373
06/23/2006,ORF,VA,AEA,EN,Combined TRACON& Tower with Radar,175,55,72,7,309,0,3,24,2,29,175,58,96,9,338,11,1,12,350
06/24/2006,ORF,VA,AEA,EN,Combined TRACON& Tower with Radar,153,37,60,1,251,0,0,13,0,13,153,37,73,1,264,25,2,27,291
06/25/2006,ORF,VA,AEA,EN,Combined TRACON& Tower with Radar,155,47,57,0,259,0,0,16,0,16,155,47,73,0,275,38,7,45,320
06/26/2006,ORF,VA,AEA,EN,Combined TRACON& Tower with Radar,166,59,41,2,268,0,0,4,0,4,166,59,45,2,272,32,21,53,325
06/27/2006,ORF,VA,AEA,EN,Combined TRACON& Tower with Radar,154,59,27,10,250,0,4,4,0,8,154,63,31,10,258,5,2,7,265
06/28/2006,ORF,VA,AEA,EN,Combined TRACON& Tower with Radar,161,52,74,14,301,0,2,30,1,33,161,54,104,15,334,22,20,42,376
06/29/2006,ORF,VA,AEA,EN,Combined TRACON& Tower with Radar,161,77,80,5,323,0,3,24,0,27,161,80,104,5,350,0,0,0,350
06/30/2006,ORF,VA,AEA,EN,Combined TRACON& Tower with Radar,161,77,80,5,323,0,3,24,0,27,161,80,104,5,350,0,0,0,350
07/01/2006,ORF,VA,AEA,EN,Combined TRACON& Tower with Radar,161,39,55,0,255,0,0,51,0,51,161,39,106,0,306,10,4,14,320
07/02/2006,ORF,VA,AEA,EN,Combined TRACON& Tower with Radar,161,37,58,2,258,0,0,28,0,28,161,37,86,2,286,17,4,21,307
07/03/2006,ORF,VA,AEA,EN,Combined TRACON& Tower with Radar,147,44,48,3,242,0,1,37,1,39,147,45,85,4,281,48,7,55,336
07/04/2006,ORF,VA,AEA,EN,Combined TRACON& Tower with Radar,140,42,32,4,218,0,0,27,1,28,140,42,59,5,246,11,0,11,257
07/05/2006,ORF,VA,AEA,EN,Combined TRACON& Tower with Radar,151,54,66,4,275,0,0,36,0,36,151,54,102,4,311,14,22,36,347
07/06/2006,ORF,VA,AEA,EN,Combined TRACON& Tower with Radar,164,57,66,2,289,0,0,14,0,14,164,57,80,2,303,15,14,29,332
07/07/2006,ORF,VA,AEA,EN,Combined TRACON& Tower with Radar,169,60,65,4,298,0,1,44,0,45,169,61,109,4,343,50,21,71,414
07/08/2006,ORF,VA,AEA,EN,Combined TRACON& Tower with Radar,154,45,53,2,254,0,0,43,1,44,154,45,96,3,298,39,11,50,348
07/09/2006,ORF,VA,AEA,EN,Combined TRACON& Tower with Radar,161,46,41,1,249,0,4,35,0,39,161,50,76,1,288,24,3,27,315
07/10/2006,ORF,VA,AEA,EN,Combined TRACON& Tower with Radar,158,65,42,9,274,0,5,31,1,37,158,70,73,10,311,23,16,39,350
07/11/2006,ORF,VA,AEA,EN,Combined TRACON& Tower with Radar,161,54,57,22,294,0,8,41,2,51,161,62,98,24,345,29,25,54,399
07/12/2006,ORF,VA,AEA,EN,Combined TRACON& Tower with Radar,156,54,73,9,292,0,5,40,0,45,156,59,113,9,337,24,23,47,384
07/13/2006,ORF,VA,AEA,EN,Combined TRACON& Tower with Radar,165,59,71,9,304,0,8,36,0,44,165,67,107,9,348,19,14,33,381
07/14/2006,ORF,VA,AEA,EN,Combined TRACON& Tower with Radar,162,62,57,19,300,0,3,20,3,26,162,65,77,22,326,28,14,42,368
07/15/2006,ORF,VA,AEA,EN,Combined TRACON& Tower with Radar,154,37,60,8,259,0,0,34,0,34,154,37,94,8,293,46,4,50,343
07/16/2006,ORF,VA,AEA,EN,Combined TRACON& Tower with Radar,167,42,83,3,295,0,1,39,2,42,167,43,122,5,337,60,10,70,407
07/17/2006,ORF,VA,AEA,EN,Combined TRACON& Tower with Radar,157,64,64,2,287,0,0,50,0,50,157,64,114,2,337,18,36,54,391
07/18/2006,ORF,VA,AEA,EN,Combined TRACON& Tower with Radar,169,60,53,8,290,0,0,45,1,46,169,60,98,9,336,24,28,52,388
07/19/2006,ORF,VA,AEA,EN,Combined TRACON& Tower with Radar,170,61,53,10,294,0,1,42,0,43,170,62,95,10,337,53,23,76,413
07/20/2006,ORF,VA,AEA,EN,Combined TRACON& Tower with Radar,161,59,69,17,306,0,3,43,5,51,161,62,112,22,357,45,19,64,421
07/21/2006,ORF,VA,AEA,EN,Combined TRACON& Tower with Radar,165,48,56,11,280,0,1,34,0,35,165,49,90,11,315,29,20,49,364
07/22/2006,ORF,VA,AEA,EN,Combined TRACON& Tower with Radar,161,47,36,6,250,0,0,17,0,17,161,47,53,6,267,27,35,62,329
07/23/2006,ORF,VA,AEA,EN,Combined TRACON& Tower with Radar,172,53,44,0,269,0,0,6,0,6,172,53,50,0,275,28,18,46,321
07/24/2006,ORF,VA,AEA,EN,Combined TRACON& Tower with Radar,172,53,44,0,269,0,0,6,0,6,172,53,50,0,275,28,18,46,321
07/25/2006,ORF,VA,AEA,EN,Combined TRACON& Tower with Radar,156,64,65,3,288,0,0,12,0,12,156,64,77,3,300,29,9,38,338
07/26/2006,ORF,VA,AEA,EN,Combined TRACON& Tower with Radar,169,57,70,5,301,0,6,33,1,40,169,63,103,6,341,42,45,87,428
07/27/2006,ORF,VA,AEA,EN,Combined TRACON& Tower with Radar,159,59,66,14,298,0,5,41,1,47,159,64,107,15,345,59,35,94,439
07/28/2006,ORF,VA,AEA,EN,Combined TRACON& Tower with Radar,175,65,53,10,303,0,0,45,0,45,175,65,98,10,348,31,23,54,402
07/29/2006,ORF,VA,AEA,EN,Combined TRACON& Tower with Radar,167,38,46,2,253,0,1,40,2,43,167,39,86,4,296,54,20,74,370
07/30/2006,ORF,VA,AEA,EN,Combined TRACON& Tower with Radar,163,56,42,3,264,0,0,24,0,24,163,56,66,3,288,46,10,56,344
07/31/2006,ORF,VA,AEA,EN,Combined TRACON& Tower with Radar,161,58,66,3,288,0,0,24,0,24,161,58,90,3,312,17,22,39,351
08/01/2006,ORF,VA,AEA,EN,Combined TRACON& Tower with Radar,165,66,50,13,294,0,0,20,0,20,165,66,70,13,314,72,39,111,425
08/02/2006,ORF,VA,AEA,EN,Combined TRACON& Tower with Radar,170,56,73,18,317,0,0,30,0,30,170,56,103,18,347,31,41,72,419
08/03/2006,ORF,VA,AEA,EN,Combined TRACON& Tower with Radar,159,58,60,7,284,0,0,31,1,32,159,58,91,8,316,44,19,63,379
08/04/2006,ORF,VA,AEA,EN,Combined TRACON& Tower with Radar,173,55,52,5,285,0,6,23,2,31,173,61,75,7,316,23,17,40,356
08/05/2006,ORF,VA,AEA,EN,Combined TRACON& Tower with Radar,157,40,40,0,237,0,0,44,1,45,157,40,84,1,282,39,4,43,325
08/06/2006,ORF,VA,AEA,EN,Combined TRACON& Tower with Radar,165,44,39,1,249,0,0,76,4,80,165,44,115,5,329,46,15,61,390
08/07/2006,ORF,VA,AEA,EN,Combined TRACON& Tower with Radar,178,61,50,13,302,0,0,37,2,39,178,61,87,15,341,38,20,58,399
08/08/2006,ORF,VA,AEA,EN,Combined TRACON& Tower with Radar,185,56,54,3,298,0,2,31,3,36,185,58,85,6,334,35,20,55,389
08/09/2006,ORF,VA,AEA,EN,Combined TRACON& Tower with Radar,164,68,73,2,307,0,3,42,1,46,164,71,115,3,353,67,47,114,467
08/10/2006,ORF,VA,AEA,EN,Combined TRACON& Tower with Radar,164,57,69,6,296,0,4,31,3,38,164,61,100,9,334,30,26,56,390
08/11/2006,ORF,VA,AEA,EN,Combined TRACON& Tower with Radar,169,62,75,1,307,0,0,17,4,21,169,62,92,5,328,86,35,121,449
08/12/2006,ORF,VA,AEA,EN,Combined TRACON& Tower with Radar,157,43,53,4,257,0,1,45,1,47,157,44,98,5,304,66,12,78,382
08/13/2006,ORF,VA,AEA,EN,Combined TRACON& Tower with Radar,158,51,45,0,254,0,1,69,0,70,158,52,114,0,324,46,16,62,386
08/14/2006,ORF,VA,AEA,EN,Combined TRACON& Tower with Radar,160,62,63,4,289,0,1,43,2,46,160,63,106,6,335,49,27,76,411
08/15/2006,ORF,VA,AEA,EN,Combined TRACON& Tower with Radar,168,67,52,13,300,0,1,46,1,48,168,68,98,14,348,51,44,95,443
08/16/2006,ORF,VA,AEA,EN,Combined TRACON& Tower with Radar,161,69,66,5,301,0,0,47,0,47,161,69,113,5,348,90,29,119,467
08/17/2006,ORF,VA,AEA,EN,Combined TRACON& Tower with Radar,162,61,71,3,297,0,8,27,0,35,162,69,98,3,332,31,32,63,395
08/18/2006,ORF,VA,AEA,EN,Combined TRACON& Tower with Radar,170,63,58,1,292,0,0,31,0,31,170,63,89,1,323,59,35,94,417
08/19/2006,ORF,VA,AEA,EN,Combined TRACON& Tower with Radar,158,44,50,1,253,0,0,33,2,35,158,44,83,3,288,62,7,69,357
08/20/2006,ORF,VA,AEA,EN,Combined TRACON& Tower with Radar,164,49,48,1,262,0,0,33,1,34,164,49,81,2,296,63,14,77,373
08/21/2006,ORF,VA,AEA,EN,Combined TRACON& Tower with Radar,158,63,36,6,263,0,0,45,1,46,158,63,81,7,309,61,34,95,404
08/22/2006,ORF,VA,AEA,EN,Combined TRACON& Tower with Radar,165,50,49,3,267,0,0,40,1,41,165,50,89,4,308,52,23,75,383
08/23/2006,ORF,VA,AEA,EN,Combined TRACON& Tower with Radar,165,57,59,1,282,0,0,37,1,38,165,57,96,2,320,36,32,68,388
08/24/2006,ORF,VA,AEA,EN,Combined TRACON& Tower with Radar,170,52,48,2,272,0,2,44,3,49,170,54,92,5,321,32,28,60,381
08/25/2006,ORF,VA,AEA,EN,Combined TRACON& Tower with Radar,162,60,56,1,279,0,1,38,5,44,162,61,94,6,323,18,22,40,363
08/26/2006,ORF,VA,AEA,EN,Combined TRACON& Tower with Radar,156,44,35,4,239,0,0,25,1,26,156,44,60,5,265,20,5,25,290
08/27/2006,ORF,VA,AEA,EN,Combined TRACON& Tower with Radar,154,50,35,5,244,0,0,36,0,36,154,50,71,5,280,66,13,79,359
08/28/2006,ORF,VA,AEA,EN,Combined TRACON& Tower with Radar,159,61,48,2,270,0,0,23,0,23,159,61,71,2,293,38,31,69,362
08/29/2006,ORF,VA,AEA,EN,Combined TRACON& Tower with Radar,166,59,54,6,285,0,1,39,0,40,166,60,93,6,325,50,39,89,414
08/30/2006,ORF,VA,AEA,EN,Combined TRACON& Tower with Radar,168,52,58,5,283,0,1,18,1,20,168,53,76,6,303,59,40,99,402
08/31/2006,ORF,VA,AEA,EN,Combined TRACON& Tower with Radar,171,54,47,1,273,0,0,2,1,3,171,54,49,2,276,4,0,4,280
09/01/2006,ORF,VA,AEA,EN,Combined TRACON& Tower with Radar,138,36,14,1,189,0,0,0,0,0,138,36,14,1,189,8,0,8,197
09/02/2006,ORF,VA,AEA,EN,Combined TRACON& Tower with Radar,164,43,44,2,253,0,0,20,0,20,164,43,64,2,273,59,10,69,342
09/03/2006,ORF,VA,AEA,EN,Combined TRACON& Tower with Radar,147,32,28,1,208,0,3,47,0,50,147,35,75,1,258,67,5,72,330
09/04/2006,ORF,VA,AEA,EN,Combined TRACON& Tower with Radar,160,38,34,0,232,0,0,21,0,21,160,38,55,0,253,0,0,0,253
09/05/2006,ORF,VA,AEA,EN,Combined TRACON& Tower with Radar,178,62,47,11,298,0,0,5,0,5,178,62,52,11,303,4,0,4,307
09/06/2006,ORF,VA,AEA,EN,Combined TRACON& Tower with Radar,175,53,53,2,283,0,0,13,0,13,175,53,66,2,296,0,0,0,296
09/07/2006,ORF,VA,AEA,EN,Combined TRACON& Tower with Radar,166,63,70,5,304,0,4,35,1,40,166,67,105,6,344,0,0,0,344
09/08/2006,ORF,VA,AEA,EN,Combined TRACON& Tower with Radar,166,65,70,5,306,0,3,26,0,29,166,68,96,5,335,65,29,94,429
09/09/2006,ORF,VA,AEA,EN,Combined TRACON& Tower with Radar,155,40,46,4,245,0,0,38,1,39,155,40,84,5,284,50,26,76,360
09/10/2006,ORF,VA,AEA,EN,Combined TRACON& Tower with Radar,149,56,84,0,289,0,2,48,0,50,149,58,132,0,339,21,10,31,370
09/11/2006,ORF,VA,AEA,EN,Combined TRACON& Tower with Radar,158,64,43,6,271,0,4,15,1,20,158,68,58,7,291,45,30,75,366
09/12/2006,ORF,VA,AEA,EN,Combined TRACON& Tower with Radar,163,66,66,2,297,0,0,33,2,35,163,66,99,4,332,28,18,46,378
09/13/2006,ORF,VA,AEA,EN,Combined TRACON& Tower with Radar,166,57,61,0,284,0,0,16,0,16,166,57,77,0,300,16,21,37,337
09/14/2006,ORF,VA,AEA,EN,Combined TRACON& Tower with Radar,165,54,74,2,295,0,0,2,0,2,165,54,76,2,297,10,27,37,334
09/15/2006,ORF,VA,AEA,EN,Combined TRACON& Tower with Radar,169,62,65,7,303,0,1,20,0,21,169,63,85,7,324,13,24,37,361
09/16/2006,ORF,VA,AEA,EN,Combined TRACON& Tower with Radar,149,37,45,2,233,0,0,7,0,7,149,37,52,2,240,20,10,30,270
09/17/2006,ORF,VA,AEA,EN,Combined TRACON& Tower with Radar,151,49,50,0,250,0,0,42,0,42,151,49,92,0,292,75,9,84,376
09/18/2006,ORF,VA,AEA,EN,Combined TRACON& Tower with Radar,166,61,48,0,275,0,2,27,0,29,166,63,75,0,304,65,28,93,397
09/19/2006,ORF,VA,AEA,EN,Combined TRACON& Tower with Radar,165,57,48,18,288,0,3,15,0,18,165,60,63,18,306,20,13,33,339
09/20/2006,ORF,VA,AEA,EN,Combined TRACON& Tower with Radar,177,55,57,2,291,0,0,21,1,22,177,55,78,3,313,51,29,80,393
09/21/2006,ORF,VA,AEA,EN,Combined TRACON& Tower with Radar,166,54,80,0,300,0,0,37,0,37,166,54,117,0,337,60,39,99,436
09/22/2006,ORF,VA,AEA,EN,Combined TRACON& Tower with Radar,158,66,61,1,286,0,7,58,4,69,158,73,119,5,355,70,23,93,448
09/23/2006,ORF,VA,AEA,EN,Combined TRACON& Tower with Radar,145,40,36,2,223,0,0,20,0,20,145,40,56,2,243,37,13,50,293
09/24/2006,ORF,VA,AEA,EN,Combined TRACON& Tower with Radar,151,51,38,2,242,0,0,15,0,15,151,51,53,2,257,10,4,14,271
09/25/2006,ORF,VA,AEA,EN,Combined TRACON& Tower with Radar,164,55,62,4,285,0,0,18,1,19,164,55,80,5,304,34,11,45,349
09/26/2006,ORF,VA,AEA,EN,Combined TRACON& Tower with Radar,163,56,49,1,269,0,0,48,1,49,163,56,97,2,318,57,38,95,413
09/27/2006,ORF,VA,AEA,EN,Combined TRACON& Tower with Radar,164,53,53,1,271,0,1,43,3,47,164,54,96,4,318,80,35,115,433
09/28/2006,ORF,VA,AEA,EN,Combined TRACON& Tower with Radar,171,56,76,7,310,0,1,37,2,40,171,57,113,9,350,76,47,123,473
09/29/2006,ORF,VA,AEA,EN,Combined TRACON& Tower with Radar,169,60,65,4,298,0,2,28,1,31,169,62,93,5,329,34,39,73,402
09/30/2006,ORF,VA,AEA,EN,Combined TRACON& Tower with Radar,152,35,53,1,241,0,2,48,1,51,152,37,101,2,292,23,2,25,317
10/01/2006,ORF,VA,AEA,EN,Combined TRACON& Tower with Radar,147,48,58,5,258,0,0,30,0,30,147,48,88,5,288,24,3,27,315
10/02/2006,ORF,VA,AEA,EN,Combined TRACON& Tower with Radar,149,65,46,11,271,0,0,50,0,50,149,65,96,11,321,52,26,78,399
10/03/2006,ORF,VA,AEA,EN,Combined TRACON& Tower with Radar,160,67,51,13,291,0,4,49,0,53,160,71,100,13,344,48,26,74,418
10/04/2006,ORF,VA,AEA,EN,Combined TRACON& Tower with Radar,161,72,61,3,297,0,0,46,2,48,161,72,107,5,345,46,17,63,408
10/05/2006,ORF,VA,AEA,EN,Combined TRACON& Tower with Radar,165,69,60,2,296,0,0,27,1,28,165,69,87,3,324,70,30,100,424
10/06/2006,ORF,VA,AEA,EN,Combined TRACON& Tower with Radar,143,65,28,0,236,0,0,0,0,0,143,65,28,0,236,0,0,0,236
10/07/2006,ORF,VA,AEA,EN,Combined TRACON& Tower with Radar,155,57,28,0,240,0,0,0,0,0,155,57,28,0,240,0,0,0,240
10/08/2006,ORF,VA,AEA,EN,Combined TRACON& Tower with Radar,152,58,47,2,259,0,0,4,0,4,152,58,51,2,263,12,3,15,278
10/09/2006,ORF,VA,AEA,EN,Combined TRACON& Tower with Radar,156,54,52,2,264,0,4,18,0,22,156,58,70,2,286,0,0,0,286
10/10/2006,ORF,VA,AEA,EN,Combined TRACON& Tower with Radar,159,59,50,2,270,0,5,31,0,36,159,64,81,2,306,81,21,102,408
10/11/2006,ORF,VA,AEA,EN,Combined TRACON& Tower with Radar,158,73,60,4,295,0,1,13,0,14,158,74,73,4,309,54,36,90,399
10/12/2006,ORF,VA,AEA,EN,Combined TRACON& Tower with Radar,162,65,81,11,319,0,0,25,0,25,162,65,106,11,344,46,46,92,436
10/13/2006,ORF,VA,AEA,EN,Combined TRACON& Tower with Radar,155,68,50,1,274,0,1,28,1,30,155,69,78,2,304,62,28,90,394
10/14/2006,ORF,VA,AEA,EN,Combined TRACON& Tower with Radar,141,44,34,2,221,0,0,53,0,53,141,44,87,2,274,42,19,61,335
10/15/2006,ORF,VA,AEA,EN,Combined TRACON& Tower with Radar,148,53,60,2,263,0,0,47,0,47,148,53,107,2,310,36,18,54,364
10/16/2006,ORF,VA,AEA,EN,Combined TRACON& Tower with Radar,151,61,54,3,269,0,2,32,1,35,151,63,86,4,304,41,37,78,382
10/17/2006,ORF,VA,AEA,EN,Combined TRACON& Tower with Radar,158,64,64,2,288,0,0,9,0,9,158,64,73,2,297,27,39,66,363
10/18/2006,ORF,VA,AEA,EN,Combined TRACON& Tower with Radar,157,64,59,26,306,0,0,14,0,14,157,64,73,26,320,61,53,114,434
10/19/2006,ORF,VA,AEA,EN,Combined TRACON& Tower with Radar,158,59,67,6,290,0,0,14,2,16,158,59,81,8,306,57,40,97,403
10/20/2006,ORF,VA,AEA,EN,Combined TRACON& Tower with Radar,160,74,58,10,302,0,1,20,1,22,160,75,78,11,324,20,29,49,373
10/21/2006,ORF,VA,AEA,EN,Combined TRACON& Tower with Radar,151,49,61,2,263,0,1,43,2,46,151,50,104,4,309,38,3,41,350
10/22/2006,ORF,VA,AEA,EN,Combined TRACON& Tower with Radar,145,56,51,7,259,0,0,32,3,35,145,56,83,10,294,13,3,16,310
10/23/2006,ORF,VA,AEA,EN,Combined TRACON& Tower with Radar,157,61,39,13,270,0,0,14,1,15,157,61,53,14,285,53,38,91,376
10/24/2006,ORF,VA,AEA,EN,Combined TRACON& Tower with Radar,161,68,41,12,282,0,2,16,0,18,161,70,57,12,300,42,58,100,400
10/25/2006,ORF,VA,AEA,EN,Combined TRACON& Tower with Radar,167,64,63,13,307,0,0,30,0,30,167,64,93,13,337,53,57,110,447
10/26/2006,ORF,VA,AEA,EN,Combined TRACON& Tower with Radar,160,75,71,9,315,0,0,72,0,72,160,75,143,9,387,22,108,130,517
10/27/2006,ORF,VA,AEA,EN,Combined TRACON& Tower with Radar,157,71,69,2,299,0,0,26,0,26,157,71,95,2,325,19,54,73,398
10/28/2006,ORF,VA,AEA,EN,Combined TRACON& Tower with Radar,144,50,27,2,223,0,0,5,0,5,144,50,32,2,228,18,5,23,251
10/29/2006,ORF,VA,AEA,EN,Combined TRACON& Tower with Radar,136,56,51,4,247,0,0,29,0,29,136,56,80,4,276,9,1,10,286
10/30/2006,ORF,VA,AEA,EN,Combined TRACON& Tower with Radar,154,66,60,2,282,0,0,62,1,63,154,66,122,3,345,64,29,93,438
10/31/2006,ORF,VA,AEA,EN,Combined TRACON& Tower with Radar,161,64,75,10,310,0,4,56,0,60,161,68,131,10,370,40,39,79,449
11/01/2006,ORF,VA,AEA,EN,Combined TRACON& Tower with Radar,159,66,42,9,276,0,1,31,1,33,159,67,73,10,309,25,35,60,369
11/02/2006,ORF,VA,AEA,EN,Combined TRACON& Tower with Radar,167,68,68,5,308,0,0,17,0,17,167,68,85,5,325,28,29,57,382
11/03/2006,ORF,VA,AEA,EN,Combined TRACON& Tower with Radar,159,67,78,7,311,0,4,39,0,43,159,71,117,7,354,42,23,65,419
11/04/2006,ORF,VA,AEA,EN,Combined TRACON& Tower with Radar,140,53,91,0,284,0,0,102,0,102,140,53,193,0,386,90,7,97,483
11/05/2006,ORF,VA,AEA,EN,Combined TRACON& Tower with Radar,141,56,89,1,287,0,0,57,0,57,141,56,146,1,344,50,3,53,397
11/06/2006,ORF,VA,AEA,EN,Combined TRACON& Tower with Radar,153,70,60,1,284,0,1,51,1,53,153,71,111,2,337,53,71,124,461
11/07/2006,ORF,VA,AEA,EN,Combined TRACON& Tower with Radar,154,75,52,1,282,0,0,15,0,15,154,75,67,1,297,0,0,0,297
11/08/2006,ORF,VA,AEA,EN,Combined TRACON& Tower with Radar,158,61,66,4,289,0,1,3,0,4,158,62,69,4,293,77,59,136,429
11/09/2006,ORF,VA,AEA,EN,Combined TRACON& Tower with Radar,170,64,64,8,306,0,12,17,0,29,170,76,81,8,335,68,43,111,446
11/10/2006,ORF,VA,AEA,EN,Combined TRACON& Tower with Radar,163,75,48,1,287,0,3,52,0,55,163,78,100,1,342,37,4,41,383
11/11/2006,ORF,VA,AEA,EN,Combined TRACON& Tower with Radar,142,53,53,0,248,0,1,19,1,21,142,54,72,1,269,34,16,50,319
11/12/2006,ORF,VA,AEA,EN,Combined TRACON& Tower with Radar,148,49,47,0,244,0,0,1,0,1,148,49,48,0,245,0,0,0,245
11/13/2006,ORF,VA,AEA,EN,Combined TRACON& Tower with Radar,156,67,75,54,352,0,0,0,0,0,156,67,75,54,352,0,0,0,352
11/14/2006,ORF,VA,AEA,EN,Combined TRACON& Tower with Radar,155,68,65,10,298,0,1,44,1,46,155,69,109,11,344,64,58,122,466
11/15/2006,ORF,VA,AEA,EN,Combined TRACON& Tower with Radar,149,62,58,0,269,0,6,27,0,33,149,68,85,0,302,0,0,0,302
11/16/2006,ORF,VA,AEA,EN,Combined TRACON& Tower with Radar,158,57,26,0,241,0,0,1,0,1,158,57,27,0,242,35,38,73,315
11/17/2006,ORF,VA,AEA,EN,Combined TRACON& Tower with Radar,163,81,61,8,313,0,10,39,0,49,163,91,100,8,362,0,0,0,362
11/18/2006,ORF,VA,AEA,EN,Combined TRACON& Tower with Radar,142,55,36,1,234,0,0,31,0,31,142,55,67,1,265,0,0,0,265
11/19/2006,ORF,VA,AEA,EN,Combined TRACON& Tower with Radar,145,63,55,2,265,0,0,34,1,35,145,63,89,3,300,56,1,57,357
11/20/2006,ORF,VA,AEA,EN,Combined TRACON& Tower with Radar,147,66,53,2,268,0,0,23,0,23,147,66,76,2,291,64,38,102,393
11/21/2006,ORF,VA,AEA,EN,Combined TRACON& Tower with Radar,158,64,58,5,285,0,0,4,1,5,158,64,62,6,290,37,37,74,364
11/22/2006,ORF,VA,AEA,EN,Combined TRACON& Tower with Radar,160,62,44,1,267,0,0,0,0,0,160,62,44,1,267,0,0,0,267
11/23/2006,ORF,VA,AEA,EN,Combined TRACON& Tower with Radar,131,34,14,0,179,0,0,1,0,1,131,34,15,0,180,0,0,0,180
11/24/2006,ORF,VA,AEA,EN,Combined TRACON& Tower with Radar,129,46,42,1,218,0,0,36,0,36,129,46,78,1,254,35,55,90,344
11/25/2006,ORF,VA,AEA,EN,Combined TRACON& Tower with Radar,143,48,54,1,246,0,0,43,0,43,143,48,97,1,289,17,6,23,312
11/26/2006,ORF,VA,AEA,EN,Combined TRACON& Tower with Radar,148,61,80,1,290,0,0,46,1,47,148,61,126,2,337,41,4,45,382
11/27/2006,ORF,VA,AEA,EN,Combined TRACON& Tower with Radar,148,61,80,1,290,0,0,46,1,47,148,61,126,2,337,41,4,45,382
11/28/2006,ORF,VA,AEA,EN,Combined TRACON& Tower with Radar,170,63,76,0,309,0,3,31,0,34,170,66,107,0,343,0,0,0,343
11/29/2006,ORF,VA,AEA,EN,Combined TRACON& Tower with Radar,175,61,71,4,311,0,3,24,0,27,175,64,95,4,338,0,0,0,338
11/30/2006,ORF,VA,AEA,EN,Combined TRACON& Tower with Radar,156,73,73,8,310,0,1,24,0,25,156,74,97,8,335,29,29,58,393
12/01/2006,ORF,VA,AEA,EN,Combined TRACON& Tower with Radar,145,54,52,6,257,0,0,3,0,3,145,54,55,6,260,17,12,29,289
12/02/2006,ORF,VA,AEA,EN,Combined TRACON& Tower with Radar,144,45,45,3,237,0,2,28,0,30,144,47,73,3,267,46,7,53,320
12/03/2006,ORF,VA,AEA,EN,Combined TRACON& Tower with Radar,137,48,56,1,242,0,0,32,0,32,137,48,88,1,274,55,11,66,340
12/04/2006,ORF,VA,AEA,EN,Combined TRACON& Tower with Radar,154,81,57,7,299,0,0,19,0,19,154,81,76,7,318,37,32,69,387
12/05/2006,ORF,VA,AEA,EN,Combined TRACON& Tower with Radar,161,62,56,18,297,0,0,43,2,45,161,62,99,20,342,43,46,89,431
12/06/2006,ORF,VA,AEA,EN,Combined TRACON& Tower with Radar,157,65,64,4,290,0,0,42,0,42,157,65,106,4,332,40,35,75,407
12/07/2006,ORF,VA,AEA,EN,Combined TRACON& Tower with Radar,161,71,64,21,317,0,0,28,2,30,161,71,92,23,347,43,32,75,422
12/08/2006,ORF,VA,AEA,EN,Combined TRACON& Tower with Radar,170,69,44,12,295,0,0,17,0,17,170,69,61,12,312,26,23,49,361
12/09/2006,ORF,VA,AEA,EN,Combined TRACON& Tower with Radar,140,42,42,2,226,0,0,31,0,31,140,42,73,2,257,35,25,60,317
12/10/2006,ORF,VA,AEA,EN,Combined TRACON& Tower with Radar,135,53,56,4,248,0,0,30,1,31,135,53,86,5,279,35,4,39,318
12/11/2006,ORF,VA,AEA,EN,Combined TRACON& Tower with Radar,153,68,48,6,275,0,0,42,0,42,153,68,90,6,317,54,38,92,409
12/12/2006,ORF,VA,AEA,EN,Combined TRACON& Tower with Radar,156,68,58,1,283,0,1,50,0,51,156,69,108,1,334,44,42,86,420
12/13/2006,ORF,VA,AEA,EN,Combined TRACON& Tower with Radar,157,64,53,1,275,0,1,28,1,30,157,65,81,2,305,46,48,94,399
12/14/2006,ORF,VA,AEA,EN,Combined TRACON& Tower with Radar,164,69,89,2,324,0,0,41,1,42,164,69,130,3,366,33,30,63,429
12/15/2006,ORF,VA,AEA,EN,Combined TRACON& Tower with Radar,164,65,55,5,289,0,0,47,0,47,164,65,102,5,336,48,24,72,408
12/16/2006,ORF,VA,AEA,EN,Combined TRACON& Tower with Radar,143,46,41,0,230,0,0,39,0,39,143,46,80,0,269,21,14,35,304
12/17/2006,ORF,VA,AEA,EN,Combined TRACON& Tower with Radar,148,47,41,0,236,0,0,37,0,37,148,47,78,0,273,63,12,75,348
12/18/2006,ORF,VA,AEA,EN,Combined TRACON& Tower with Radar,154,68,57,11,290,0,0,56,0,56,154,68,113,11,346,51,62,113,459
12/19/2006,ORF,VA,AEA,EN,Combined TRACON& Tower with Radar,167,64,55,3,289,0,2,37,1,40,167,66,92,4,329,54,51,105,434
12/20/2006,ORF,VA,AEA,EN,Combined TRACON& Tower with Radar,169,62,75,3,309,0,2,35,0,37,169,64,110,3,346,51,49,100,446
12/21/2006,ORF,VA,AEA,EN,Combined TRACON& Tower with Radar,169,63,68,10,310,0,0,29,0,29,169,63,97,10,339,45,33,78,417
12/22/2006,ORF,VA,AEA,EN,Combined TRACON& Tower with Radar,168,62,44,3,277,0,2,8,0,10,168,64,52,3,287,21,27,48,335
12/23/2006,ORF,VA,AEA,EN,Combined TRACON& Tower with Radar,151,54,39,2,246,0,0,10,0,10,151,54,49,2,256,45,18,63,319
12/24/2006,ORF,VA,AEA,EN,Combined TRACON& Tower with Radar,136,32,21,1,190,0,0,21,0,21,136,32,42,1,211,42,19,61,272
12/25/2006,ORF,VA,AEA,EN,Combined TRACON& Tower with Radar,125,41,11,2,179,0,0,0,0,0,125,41,11,2,179,0,0,0,179
12/26/2006,ORF,VA,AEA,EN,Combined TRACON& Tower with Radar,155,58,59,3,275,0,0,5,0,5,155,58,64,3,280,10,7,17,297
12/27/2006,ORF,VA,AEA,EN,Combined TRACON& Tower with Radar,169,64,49,4,286,0,1,37,0,38,169,65,86,4,324,28,11,39,363
12/28/2006,ORF,VA,AEA,EN,Combined TRACON& Tower with Radar,163,53,38,9,263,0,1,50,1,52,163,54,88,10,315,42,25,67,382
12/29/2006,ORF,VA,AEA,EN,Combined TRACON& Tower with Radar,162,57,45,2,266,0,0,39,0,39,162,57,84,2,305,48,20,68,373
12/30/2006,ORF,VA,AEA,EN,Combined TRACON& Tower with Radar,154,58,53,1,266,0,1,33,0,34,154,59,86,1,300,63,7,70,370
12/31/2006,ORF,VA,AEA,EN,Combined TRACON& Tower with Radar,132,33,29,0,194,0,0,14,0,14,132,33,43,0,208,10,1,11,219
01/01/2007,ORF,VA,AEA,EN,Combined TRACON& Tower with Radar,137,42,30,0,209,0,0,0,0,0,137,42,30,0,209,0,0,0,209
01/02/2007,ORF,VA,AEA,EN,Combined TRACON& Tower with Radar,149,58,40,0,247,0,1,22,0,23,149,59,62,0,270,47,5,52,322
01/03/2007,ORF,VA,AEA,EN,Combined TRACON& Tower with Radar,155,67,49,2,273,0,0,33,0,33,155,67,82,2,306,55,34,89,395
01/04/2007,ORF,VA,AEA,EN,Combined TRACON& Tower with Radar,158,58,52,25,293,0,3,27,0,30,158,61,79,25,323,27,63,90,413
01/05/2007,ORF,VA,AEA,EN,Combined TRACON& Tower with Radar,152,77,54,13,296,0,1,1,0,2,152,78,55,13,298,2,13,15,313
01/06/2007,ORF,VA,AEA,EN,Combined TRACON& Tower with Radar,131,43,44,6,224,0,0,0,2,2,131,43,44,8,226,24,16,40,266
01/07/2007,ORF,VA,AEA,EN,Combined TRACON& Tower with Radar,150,45,36,0,231,0,0,19,0,19,150,45,55,0,250,31,8,39,289
01/08/2007,ORF,VA,AEA,EN,Combined TRACON& Tower with Radar,149,49,27,4,229,0,0,9,0,9,149,49,36,4,238,24,6,30,268
01/09/2007,ORF,VA,AEA,EN,Combined TRACON& Tower with Radar,161,55,28,13,257,0,0,28,0,28,161,55,56,13,285,69,38,107,392
01/10/2007,ORF,VA,AEA,EN,Combined TRACON& Tower with Radar,160,48,46,6,260,0,3,31,0,34,160,51,77,6,294,70,52,122,416
01/11/2007,ORF,VA,AEA,EN,Combined TRACON& Tower with Radar,159,74,48,12,293,0,1,44,1,46,159,75,92,13,339,42,55,97,436
01/12/2007,ORF,VA,AEA,EN,Combined TRACON& Tower with Radar,153,55,56,20,284,0,1,24,0,25,153,56,80,20,309,42,39,81,390
01/13/2007,ORF,VA,AEA,EN,Combined TRACON& Tower with Radar,127,34,28,1,190,0,0,19,3,22,127,34,47,4,212,0,0,0,212
01/14/2007,ORF,VA,AEA,EN,Combined TRACON& Tower with Radar,139,37,34,4,214,0,0,24,0,24,139,37,58,4,238,48,14,62,300
01/15/2007,ORF,VA,AEA,EN,Combined TRACON& Tower with Radar,0,0,0,0,0,153,44,71,0,268,153,44,71,0,268,71,10,81,349
01/16/2007,ORF,VA,AEA,EN,Combined TRACON& Tower with Radar,154,55,42,2,253,0,4,7,0,11,154,59,49,2,264,56,46,102,366
01/17/2007,ORF,VA,AEA,EN,Combined TRACON& Tower with Radar,160,49,75,1,285,0,1,17,0,18,160,50,92,1,303,61,51,112,415
01/18/2007,ORF,VA,AEA,EN,Combined TRACON& Tower with Radar,149,50,46,0,245,0,1,2,0,3,149,51,48,0,248,28,21,49,297
01/19/2007,ORF,VA,AEA,EN,Combined TRACON& Tower with Radar,160,54,44,15,273,0,0,24,0,24,160,54,68,15,297,27,33,60,357
01/20/2007,ORF,VA,AEA,EN,Combined TRACON& Tower with Radar,127,35,36,1,199,0,0,22,0,22,127,35,58,1,221,35,10,45,266
01/21/2007,ORF,VA,AEA,EN,Combined TRACON& Tower with Radar,142,39,17,1,199,0,0,13,0,13,142,39,30,1,212,13,8,21,233
01/22/2007,ORF,VA,AEA,EN,Combined TRACON& Tower with Radar,163,57,32,2,254,0,0,0,0,0,163,57,32,2,254,0,0,0,254
01/23/2007,ORF,VA,AEA,EN,Combined TRACON& Tower with Radar,147,66,58,5,276,0,0,26,0,26,147,66,84,5,302,65,36,101,403
01/24/2007,ORF,VA,AEA,EN,Combined TRACON& Tower with Radar,161,57,61,2,281,0,7,30,0,37,161,64,91,2,318,150,41,191,509
01/25/2007,ORF,VA,AEA,EN,Combined TRACON& Tower with Radar,160,59,54,23,296,0,5,13,0,18,160,64,67,23,314,37,59,96,410
01/26/2007,ORF,VA,AEA,EN,Combined TRACON& Tower with Radar,156,55,34,2,247,0,0,21,0,21,156,55,55,2,268,61,58,119,387
01/27/2007,ORF,VA,AEA,EN,Combined TRACON& Tower with Radar,132,44,33,2,211,0,0,28,0,28,132,44,61,2,239,25,8,33,272
01/28/2007,ORF,VA,AEA,EN,Combined TRACON& Tower with Radar,143,42,47,2,234,0,0,14,0,14,143,42,61,2,248,10,10,20,268
01/29/2007,ORF,VA,AEA,EN,Combined TRACON& Tower with Radar,148,54,36,9,247,0,0,0,0,0,148,54,36,9,247,69,53,122,369
01/30/2007,ORF,VA,AEA,EN,Combined TRACON& Tower with Radar,152,65,58,16,291,0,3,22,1,26,152,68,80,17,317,118,50,168,485
01/31/2007,ORF,VA,AEA,EN,Combined TRACON& Tower with Radar,159,57,80,14,310,0,3,28,1,32,159,60,108,15,342,81,70,151,493
02/01/2007,ORF,VA,AEA,EN,Combined TRACON& Tower with Radar,149,55,54,8,266,0,3,4,0,7,149,58,58,8,273,16,33,49,322
02/02/2007,ORF,VA,AEA,EN,Combined TRACON& Tower with Radar,154,51,50,4,259,0,0,0,0,0,154,51,50,4,259,24,0,24,283
02/03/2007,ORF,VA,AEA,EN,Combined TRACON& Tower with Radar,127,43,47,4,221,0,0,28,1,29,127,43,75,5,250,42,15,57,307
02/04/2007,ORF,VA,AEA,EN,Combined TRACON& Tower with Radar,142,40,37,4,223,0,0,20,0,20,142,40,57,4,243,24,7,31,274
02/05/2007,ORF,VA,AEA,EN,Combined TRACON& Tower with Radar,0,0,0,0,0,0,0,0,0,0,0,0,0,0,0,32,7,39,39
02/06/2007,ORF,VA,AEA,EN,Combined TRACON& Tower with Radar,139,48,44,13,244,0,3,17,1,21,139,51,61,14,265,84,54,138,403
02/07/2007,ORF,VA,AEA,EN,Combined TRACON& Tower with Radar,155,52,50,2,259,0,1,13,0,14,155,53,63,2,273,77,58,135,408
02/08/2007,ORF,VA,AEA,EN,Combined TRACON& Tower with Radar,157,53,58,20,288,0,3,27,1,31,157,56,85,21,319,68,73,141,460
02/09/2007,ORF,VA,AEA,EN,Combined TRACON& Tower with Radar,160,62,51,10,283,0,4,29,1,34,160,66,80,11,317,48,56,104,421
02/10/2007,ORF,VA,AEA,EN,Combined TRACON& Tower with Radar,127,40,26,8,201,0,0,31,2,33,127,40,57,10,234,37,13,50,284
02/11/2007,ORF,VA,AEA,EN,Combined TRACON& Tower with Radar,151,43,56,0,250,0,0,37,0,37,151,43,93,0,287,29,15,44,331
02/12/2007,ORF,VA,AEA,EN,Combined TRACON& Tower with Radar,0,0,0,0,0,0,0,0,0,0,0,0,0,0,0,12,8,20,20
02/13/2007,ORF,VA,AEA,EN,Combined TRACON& Tower with Radar,136,44,19,1,200,0,0,2,0,2,136,44,21,1,202,1,1,2,204
02/14/2007,ORF,VA,AEA,EN,Combined TRACON& Tower with Radar,131,35,43,8,217,0,2,0,0,2,131,37,43,8,219,30,29,59,278
02/15/2007,ORF,VA,AEA,EN,Combined TRACON& Tower with Radar,154,41,61,8,264,0,1,28,0,29,154,42,89,8,293,43,49,92,385
02/16/2007,ORF,VA,AEA,EN,Combined TRACON& Tower with Radar,156,54,68,8,286,0,4,29,2,35,156,58,97,10,321,39,52,91,412
02/17/2007,ORF,VA,AEA,EN,Combined TRACON& Tower with Radar,134,40,46,1,221,0,0,27,0,27,134,40,73,1,248,17,9,26,274
02/18/2007,ORF,VA,AEA,EN,Combined TRACON& Tower with Radar,151,43,36,1,231,0,0,8,1,9,151,43,44,2,240,27,9,36,276
02/19/2007,ORF,VA,AEA,EN,Combined TRACON& Tower with Radar,162,45,36,0,243,0,1,28,0,29,162,46,64,0,272,0,0,0,272
02/20/2007,ORF,VA,AEA,EN,Combined TRACON& Tower with Radar,158,65,72,4,299,0,3,18,1,22,158,68,90,5,321,74,41,115,436
02/21/2007,ORF,VA,AEA,EN,Combined TRACON& Tower with Radar,157,68,62,2,289,0,6,14,3,23,157,74,76,5,312,86,54,140,452
02/22/2007,ORF,VA,AEA,EN,Combined TRACON& Tower with Radar,154,56,64,13,287,1,1,13,2,17,155,57,77,15,304,87,55,142,446
02/23/2007,ORF,VA,AEA,EN,Combined TRACON& Tower with Radar,159,62,40,17,278,0,2,11,0,13,159,64,51,17,291,31,37,68,359
02/24/2007,ORF,VA,AEA,EN,Combined TRACON& Tower with Radar,126,42,43,2,213,0,0,28,3,31,126,42,71,5,244,45,11,56,300
02/25/2007,ORF,VA,AEA,EN,Combined TRACON& Tower with Radar,117,37,23,0,177,0,0,5,0,5,117,37,28,0,182,0,0,0,182
02/26/2007,ORF,VA,AEA,EN,Combined TRACON& Tower with Radar,151,50,51,1,253,0,0,9,0,9,151,50,60,1,262,67,45,112,374
02/27/2007,ORF,VA,AEA,EN,Combined TRACON& Tower with Radar,157,52,52,1,262,0,4,25,0,29,157,56,77,1,291,98,57,155,446
02/28/2007,ORF,VA,AEA,EN,Combined TRACON& Tower with Radar,157,54,66,4,281,0,1,40,0,41,157,55,106,4,322,89,51,140,462
03/01/2007,ORF,VA,AEA,EN,Combined TRACON& Tower with Radar,158,70,60,0,288,0,1,24,0,25,158,71,84,0,313,56,40,96,409
03/02/2007,ORF,VA,AEA,EN,Combined TRACON& Tower with Radar,148,64,35,9,256,0,4,8,1,13,148,68,43,10,269,28,36,64,333
03/03/2007,ORF,VA,AEA,EN,Combined TRACON& Tower with Radar,145,50,35,5,235,0,0,42,1,43,145,50,77,6,278,32,13,45,323
03/04/2007,ORF,VA,AEA,EN,Combined TRACON& Tower with Radar,153,37,28,2,220,0,0,14,1,15,153,37,42,3,235,233,3,236,471
03/05/2007,ORF,VA,AEA,EN,Combined TRACON& Tower with Radar,168,47,58,5,278,0,0,0,0,0,168,47,58,5,278,14,7,21,299
03/06/2007,ORF,VA,AEA,EN,Combined TRACON& Tower with Radar,166,57,40,2,265,0,0,27,2,29,166,57,67,4,294,84,62,146,440
03/07/2007,ORF,VA,AEA,EN,Combined TRACON& Tower with Radar,157,57,51,0,265,0,0,8,0,8,157,57,59,0,273,28,41,69,342
03/08/2007,ORF,VA,AEA,EN,Combined TRACON& Tower with Radar,163,52,58,2,275,0,1,27,0,28,163,53,85,2,303,54,62,116,419
03/09/2007,ORF,VA,AEA,EN,Combined TRACON& Tower with Radar,172,53,59,3,287,0,3,46,0,49,172,56,105,3,336,62,52,114,450
03/10/2007,ORF,VA,AEA,EN,Combined TRACON& Tower with Radar,138,48,45,1,232,0,0,37,1,38,138,48,82,2,270,32,11,43,313
03/11/2007,ORF,VA,AEA,EN,Combined TRACON& Tower with Radar,164,44,41,5,254,0,0,28,0,28,164,44,69,5,282,0,0,0,282
03/12/2007,ORF,VA,AEA,EN,Combined TRACON& Tower with Radar,152,57,52,2,263,0,1,30,0,31,152,58,82,2,294,0,0,0,294
03/13/2007,ORF,VA,AEA,EN,Combined TRACON& Tower with Radar,164,60,55,10,289,0,9,42,0,51,164,69,97,10,340,23,19,42,382
03/14/2007,ORF,VA,AEA,EN,Combined TRACON& Tower with Radar,148,65,77,12,302,0,0,26,0,26,148,65,103,12,328,72,46,118,446
03/15/2007,ORF,VA,AEA,EN,Combined TRACON& Tower with Radar,171,59,51,11,292,0,0,17,1,18,171,59,68,12,310,42,36,78,388
03/16/2007,ORF,VA,AEA,EN,Combined TRACON& Tower with Radar,112,30,21,3,166,0,0,0,0,0,112,30,21,3,166,0,0,0,166
03/17/2007,ORF,VA,AEA,EN,Combined TRACON& Tower with Radar,121,27,30,4,182,0,0,8,1,9,121,27,38,5,191,5,2,7,198
03/18/2007,ORF,VA,AEA,EN,Combined TRACON& Tower with Radar,144,41,59,2,246,0,0,24,0,24,144,41,83,2,270,40,33,73,343
03/19/2007,ORF,VA,AEA,EN,Combined TRACON& Tower with Radar,161,64,49,7,281,0,1,28,0,29,161,65,77,7,310,88,49,137,447
03/20/2007,ORF,VA,AEA,EN,Combined TRACON& Tower with Radar,0,0,0,0,0,162,58,90,12,322,162,58,90,12,322,91,57,148,470
03/21/2007,ORF,VA,AEA,EN,Combined TRACON& Tower with Radar,163,58,58,2,281,0,0,17,1,18,163,58,75,3,299,76,40,116,415
03/22/2007,ORF,VA,AEA,EN,Combined TRACON& Tower with Radar,164,60,70,3,297,0,7,26,2,35,164,67,96,5,332,84,69,153,485
03/23/2007,ORF,VA,AEA,EN,Combined TRACON& Tower with Radar,169,73,45,11,298,0,0,28,0,28,169,73,73,11,326,32,41,73,399
03/24/2007,ORF,VA,AEA,EN,Combined TRACON& Tower with Radar,140,34,49,3,226,0,0,12,0,12,140,34,61,3,238,17,9,26,264
03/25/2007,ORF,VA,AEA,EN,Combined TRACON& Tower with Radar,158,46,42,0,246,0,0,29,0,29,158,46,71,0,275,70,35,105,380
03/26/2007,ORF,VA,AEA,EN,Combined TRACON& Tower with Radar,158,62,42,0,262,0,5,28,0,33,158,67,70,0,295,87,72,159,454
03/27/2007,ORF,VA,AEA,EN,Combined TRACON& Tower with Radar,168,70,45,22,305,0,1,25,2,28,168,71,70,24,333,107,46,153,486
03/28/2007,ORF,VA,AEA,EN,Combined TRACON& Tower with Radar,163,55,59,3,280,0,2,28,0,30,163,57,87,3,310,64,55,119,429
03/29/2007,ORF,VA,AEA,EN,Combined TRACON& Tower with Radar,162,60,50,1,273,0,0,21,0,21,162,60,71,1,294,97,59,156,450
03/30/2007,ORF,VA,AEA,EN,Combined TRACON& Tower with Radar,180,58,64,1,303,0,3,52,1,56,180,61,116,2,359,62,71,133,492
03/31/2007,ORF,VA,AEA,EN,Combined TRACON& Tower with Radar,134,45,43,2,224,0,0,42,0,42,134,45,85,2,266,0,0,0,266
04/01/2007,ORF,VA,AEA,EN,Combined TRACON& Tower with Radar,156,41,52,0,249,0,0,11,0,11,156,41,63,0,260,0,0,0,260
04/02/2007,ORF,VA,AEA,EN,Combined TRACON& Tower with Radar,165,62,38,2,267,0,4,20,0,24,165,66,58,2,291,77,63,140,431
04/03/2007,ORF,VA,AEA,EN,Combined TRACON& Tower with Radar,164,65,58,6,293,0,0,39,0,39,164,65,97,6,332,89,60,149,481
04/04/2007,ORF,VA,AEA,EN,Combined TRACON& Tower with Radar,162,54,68,9,293,0,0,3,0,3,162,54,71,9,296,45,54,99,395
04/05/2007,ORF,VA,AEA,EN,Combined TRACON& Tower with Radar,169,47,64,3,283,0,1,27,0,28,169,48,91,3,311,48,63,111,422
04/06/2007,ORF,VA,AEA,EN,Combined TRACON& Tower with Radar,160,63,40,4,267,0,1,23,0,24,160,64,63,4,291,63,48,111,402
04/07/2007,ORF,VA,AEA,EN,Combined TRACON& Tower with Radar,141,42,21,1,205,0,0,0,0,0,141,42,21,1,205,109,39,148,353
04/08/2007,ORF,VA,AEA,EN,Combined TRACON& Tower with Radar,147,54,38,3,242,0,0,25,0,25,147,54,63,3,267,28,16,44,311
04/09/2007,ORF,VA,AEA,EN,Combined TRACON& Tower with Radar,161,61,66,1,289,0,0,20,0,20,161,61,86,1,309,97,70,167,476
04/10/2007,ORF,VA,AEA,EN,Combined TRACON& Tower with Radar,164,58,42,0,264,0,0,32,2,34,164,58,74,2,298,114,45,159,457
04/11/2007,ORF,VA,AEA,EN,Combined TRACON& Tower with Radar,153,72,62,0,287,0,2,7,0,9,153,74,69,0,296,66,98,164,460
04/12/2007,ORF,VA,AEA,EN,Combined TRACON& Tower with Radar,152,56,62,18,288,0,0,15,2,17,152,56,77,20,305,51,64,115,420
04/13/2007,ORF,VA,AEA,EN,Combined TRACON& Tower with Radar,162,58,60,13,293,0,1,34,1,36,162,59,94,14,329,64,52,116,445
04/14/2007,ORF,VA,AEA,EN,Combined TRACON& Tower with Radar,137,50,73,0,260,0,0,17,0,17,137,50,90,0,277,43,6,49,326
04/15/2007,ORF,VA,AEA,EN,Combined TRACON& Tower with Radar,153,26,18,2,199,0,0,1,0,1,153,26,19,2,200,0,0,0,200
04/16/2007,ORF,VA,AEA,EN,Combined TRACON& Tower with Radar,153,62,28,6,249,0,2,5,1,8,153,64,33,7,257,96,57,153,410
04/17/2007,ORF,VA,AEA,EN,Combined TRACON& Tower with Radar,159,51,41,5,256,0,2,12,0,14,159,53,53,5,270,95,62,157,427
04/18/2007,ORF,VA,AEA,EN,Combined TRACON& Tower with Radar,168,53,68,6,295,0,0,24,0,24,168,53,92,6,319,39,51,90,409
04/19/2007,ORF,VA,AEA,EN,Combined TRACON& Tower with Radar,164,56,51,4,275,0,0,16,3,19,164,56,67,7,294,53,44,97,391
04/20/2007,ORF,VA,AEA,EN,Combined TRACON& Tower with Radar,170,55,71,5,301,0,2,46,1,49,170,57,117,6,350,69,50,119,469
04/21/2007,ORF,VA,AEA,EN,Combined TRACON& Tower with Radar,138,41,37,2,218,0,0,46,0,46,138,41,83,2,264,44,13,57,321
04/22/2007,ORF,VA,AEA,EN,Combined TRACON& Tower with Radar,154,36,69,2,261,0,0,43,1,44,154,36,112,3,305,59,21,80,385
04/23/2007,ORF,VA,AEA,EN,Combined TRACON& Tower with Radar,161,49,48,6,264,0,0,41,3,44,161,49,89,9,308,136,55,191,499
04/24/2007,ORF,VA,AEA,EN,Combined TRACON& Tower with Radar,162,59,67,12,300,0,0,26,0,26,162,59,93,12,326,115,49,164,490
04/25/2007,ORF,VA,AEA,EN,Combined TRACON& Tower with Radar,161,54,48,3,266,0,1,25,0,26,161,55,73,3,292,113,50,163,455
04/26/2007,ORF,VA,AEA,EN,Combined TRACON& Tower with Radar,171,52,70,2,295,0,1,2,0,3,171,53,72,2,298,2,1,3,301
04/27/2007,ORF,VA,AEA,EN,Combined TRACON& Tower with Radar,162,53,39,10,264,0,1,57,37,95,162,54,96,47,359,35,39,74,433
04/28/2007,ORF,VA,AEA,EN,Combined TRACON& Tower with Radar,142,34,54,0,230,0,0,4,0,4,142,34,58,0,234,34,8,42,276
04/29/2007,ORF,VA,AEA,EN,Combined TRACON& Tower with Radar,151,45,51,5,252,0,0,31,0,31,151,45,82,5,283,0,0,0,283
04/30/2007,ORF,VA,AEA,EN,Combined TRACON& Tower with Radar,160,50,66,6,282,0,0,40,6,46,160,50,106,12,328,102,47,149,477
05/01/2007,ORF,VA,AEA,EN,Combined TRACON& Tower with Radar,156,54,50,5,265,0,0,34,3,37,156,54,84,8,302,103,53,156,458
05/02/2007,ORF,VA,AEA,EN,Combined TRACON& Tower with Radar,162,55,55,7,279,0,2,21,0,23,162,57,76,7,302,63,40,103,405
05/03/2007,ORF,VA,AEA,EN,Combined TRACON& Tower with Radar,172,52,72,0,296,0,4,27,0,31,172,56,99,0,327,60,45,105,432
05/04/2007,ORF,VA,AEA,EN,Combined TRACON& Tower with Radar,167,54,53,5,279,0,1,23,0,24,167,55,76,5,303,55,67,122,425
05/05/2007,ORF,VA,AEA,EN,Combined TRACON& Tower with Radar,146,42,43,1,232,0,0,24,0,24,146,42,67,1,256,46,15,61,317
05/06/2007,ORF,VA,AEA,EN,Combined TRACON& Tower with Radar,156,45,32,4,237,0,0,5,1,6,156,45,37,5,243,33,25,58,301
05/07/2007,ORF,VA,AEA,EN,Combined TRACON& Tower with Radar,161,55,35,5,256,0,3,15,1,19,161,58,50,6,275,19,15,34,309
05/08/2007,ORF,VA,AEA,EN,Combined TRACON& Tower with Radar,169,53,62,4,288,0,0,0,0,0,169,53,62,4,288,0,0,0,288
05/09/2007,ORF,VA,AEA,EN,Combined TRACON& Tower with Radar,164,55,58,2,279,0,0,10,0,10,164,55,68,2,289,39,23,62,351
05/10/2007,ORF,VA,AEA,EN,Combined TRACON& Tower with Radar,160,60,72,5,297,0,0,35,0,35,160,60,107,5,332,44,43,87,419
05/11/2007,ORF,VA,AEA,EN,Combined TRACON& Tower with Radar,174,64,60,6,304,0,0,45,2,47,174,64,105,8,351,43,44,87,438
05/12/2007,ORF,VA,AEA,EN,Combined TRACON& Tower with Radar,143,40,39,0,222,0,0,16,0,16,143,40,55,0,238,22,9,31,269
05/13/2007,ORF,VA,AEA,EN,Combined TRACON& Tower with Radar,165,38,41,4,248,0,0,9,0,9,165,38,50,4,257,16,6,22,279
05/14/2007,ORF,VA,AEA,EN,Combined TRACON& Tower with Radar,168,60,65,5,298,0,1,35,1,37,168,61,100,6,335,39,18,57,392
05/15/2007,ORF,VA,AEA,EN,Combined TRACON& Tower with Radar,164,49,71,11,295,0,3,32,0,35,164,52,103,11,330,53,30,83,413
05/16/2007,ORF,VA,AEA,EN,Combined TRACON& Tower with Radar,178,45,50,2,275,0,1,18,0,19,178,46,68,2,294,63,49,112,406
05/17/2007,ORF,VA,AEA,EN,Combined TRACON& Tower with Radar,178,45,50,2,275,0,1,18,0,19,178,46,68,2,294,63,49,112,406
05/18/2007,ORF,VA,AEA,EN,Combined TRACON& Tower with Radar,172,67,56,1,296,0,3,53,23,79,172,70,109,24,375,1,3,4,379
05/19/2007,ORF,VA,AEA,EN,Combined TRACON& Tower with Radar,148,42,46,2,238,0,0,32,0,32,148,42,78,2,270,55,27,82,352
05/20/2007,ORF,VA,AEA,EN,Combined TRACON& Tower with Radar,161,40,46,1,248,0,2,37,0,39,161,42,83,1,287,54,8,62,349
05/21/2007,ORF,VA,AEA,EN,Combined TRACON& Tower with Radar,160,61,44,2,267,0,2,45,0,47,160,63,89,2,314,107,50,157,471
05/22/2007,ORF,VA,AEA,EN,Combined TRACON& Tower with Radar,167,52,47,6,272,0,0,40,0,40,167,52,87,6,312,113,45,158,470
05/23/2007,ORF,VA,AEA,EN,Combined TRACON& Tower with Radar,168,52,63,5,288,0,4,32,0,36,168,56,95,5,324,103,47,150,474
05/24/2007,ORF,VA,AEA,EN,Combined TRACON& Tower with Radar,168,54,70,0,292,0,3,44,0,47,168,57,114,0,339,103,59,162,501
05/25/2007,ORF,VA,AEA,EN,Combined TRACON& Tower with Radar,172,57,53,0,282,0,0,43,1,44,172,57,96,1,326,74,52,126,452
05/26/2007,ORF,VA,AEA,EN,Combined TRACON& Tower with Radar,150,35,27,1,213,0,0,27,2,29,150,35,54,3,242,34,6,40,282
05/27/2007,ORF,VA,AEA,EN,Combined TRACON& Tower with Radar,146,36,38,1,221,0,0,38,1,39,146,36,76,2,260,25,20,45,305
05/28/2007,ORF,VA,AEA,EN,Combined TRACON& Tower with Radar,147,36,46,1,230,0,0,44,1,45,147,36,90,2,275,82,23,105,380
05/29/2007,ORF,VA,AEA,EN,Combined TRACON& Tower with Radar,166,45,63,1,275,0,0,52,0,52,166,45,115,1,327,101,28,129,456
05/30/2007,ORF,VA,AEA,EN,Combined TRACON& Tower with Radar,175,51,58,4,288,0,6,61,1,68,175,57,119,5,356,94,60,154,510
05/31/2007,ORF,VA,AEA,EN,Combined TRACON& Tower with Radar,173,48,63,1,285,0,1,45,1,47,173,49,108,2,332,90,51,141,473
06/01/2007,ORF,VA,AEA,EN,Combined TRACON& Tower with Radar,167,50,52,2,271,0,7,56,0,63,167,57,108,2,334,55,42,97,431
06/02/2007,ORF,VA,AEA,EN,Combined TRACON& Tower with Radar,151,32,41,2,226,0,0,42,0,42,151,32,83,2,268,95,25,120,388
06/03/2007,ORF,VA,AEA,EN,Combined TRACON& Tower with Radar,157,31,25,0,213,0,0,1,0,1,157,31,26,0,214,4,0,4,218
06/04/2007,ORF,VA,AEA,EN,Combined TRACON& Tower with Radar,169,49,54,4,276,0,0,19,0,19,169,49,73,4,295,132,49,181,476
06/05/2007,ORF,VA,AEA,EN,Combined TRACON& Tower with Radar,169,49,54,4,276,6,14,23,15,58,175,63,77,19,334,132,49,181,515
06/06/2007,ORF,VA,AEA,EN,Combined TRACON& Tower with Radar,179,63,68,1,311,0,5,32,0,37,179,68,100,1,348,78,32,110,458
06/07/2007,ORF,VA,AEA,EN,Combined TRACON& Tower with Radar,173,53,57,11,294,0,2,43,1,46,173,55,100,12,340,60,52,112,452
06/08/2007,ORF,VA,AEA,EN,Combined TRACON& Tower with Radar,166,60,55,13,294,0,4,29,1,34,166,64,84,14,328,106,36,142,470
06/09/2007,ORF,VA,AEA,EN,Combined TRACON& Tower with Radar,164,49,28,1,242,0,0,25,0,25,164,49,53,1,267,95,30,125,392
06/10/2007,ORF,VA,AEA,EN,Combined TRACON& Tower with Radar,175,35,49,2,261,0,0,29,0,29,175,35,78,2,290,107,6,113,403
06/11/2007,ORF,VA,AEA,EN,Combined TRACON& Tower with Radar,169,48,31,4,252,0,0,30,1,31,169,48,61,5,283,22,6,28,311
06/12/2007,ORF,VA,AEA,EN,Combined TRACON& Tower with Radar,179,56,54,5,294,0,0,45,3,48,179,56,99,8,342,116,44,160,502
06/13/2007,ORF,VA,AEA,EN,Combined TRACON& Tower with Radar,174,45,53,6,278,0,0,21,1,22,174,45,74,7,300,78,43,121,421
06/14/2007,ORF,VA,AEA,EN,Combined TRACON& Tower with Radar,181,59,73,4,317,0,0,18,0,18,181,59,91,4,335,27,37,64,399
06/15/2007,ORF,VA,AEA,EN,Combined TRACON& Tower with Radar,184,59,90,8,341,0,0,34,4,38,184,59,124,12,379,42,47,89,468
06/16/2007,ORF,VA,AEA,EN,Combined TRACON& Tower with Radar,149,37,56,1,243,0,1,35,0,36,149,38,91,1,279,43,12,55,334
06/17/2007,ORF,VA,AEA,EN,Combined TRACON& Tower with Radar,166,46,62,3,277,0,0,35,0,35,166,46,97,3,312,40,8,48,360
06/18/2007,ORF,VA,AEA,EN,Combined TRACON& Tower with Radar,178,64,55,3,300,0,0,36,0,36,178,64,91,3,336,45,49,94,430
06/19/2007,ORF,VA,AEA,EN,Combined TRACON& Tower with Radar,170,63,30,11,274,0,1,27,2,30,170,64,57,13,304,41,41,82,386
06/20/2007,ORF,VA,AEA,EN,Combined TRACON& Tower with Radar,189,56,46,11,302,0,3,33,0,36,189,59,79,11,338,48,31,79,417
06/21/2007,ORF,VA,AEA,EN,Combined TRACON& Tower with Radar,173,53,52,3,281,0,0,74,0,74,173,53,126,3,355,39,31,70,425
06/22/2007,ORF,VA,AEA,EN,Combined TRACON& Tower with Radar,182,62,59,9,312,0,1,64,0,65,182,63,123,9,377,55,25,80,457
06/23/2007,ORF,VA,AEA,EN,Combined TRACON& Tower with Radar,157,37,44,1,239,0,0,39,0,39,157,37,83,1,278,44,14,58,336
06/24/2007,ORF,VA,AEA,EN,Combined TRACON& Tower with Radar,85,127,70,1,283,0,0,25,1,26,85,127,95,2,309,0,0,0,309
06/25/2007,ORF,VA,AEA,EN,Combined TRACON& Tower with Radar,94,137,56,1,288,0,1,17,0,18,94,138,73,1,306,109,42,151,457
06/26/2007,ORF,VA,AEA,EN,Combined TRACON& Tower with Radar,96,133,50,2,281,0,0,19,0,19,96,133,69,2,300,46,15,61,361
06/27/2007,ORF,VA,AEA,EN,Combined TRACON& Tower with Radar,96,111,51,0,258,0,0,29,0,29,96,111,80,0,287,74,59,133,420
06/28/2007,ORF,VA,AEA,EN,Combined TRACON& Tower with Radar,107,115,45,0,267,0,0,33,0,33,107,115,78,0,300,20,28,48,348
06/29/2007,ORF,VA,AEA,EN,Combined TRACON& Tower with Radar,104,142,62,0,308,0,0,21,0,21,104,142,83,0,329,50,53,103,432
06/30/2007,ORF,VA,AEA,EN,Combined TRACON& Tower with Radar,87,115,53,0,255,0,0,21,0,21,87,115,74,0,276,28,6,34,310
07/01/2007,ORF,VA,AEA,EN,Combined TRACON& Tower with Radar,68,92,41,0,201,15,31,58,0,104,83,123,99,0,305,17,5,22,327
07/02/2007,ORF,VA,AEA,EN,Combined TRACON& Tower with Radar,96,125,35,0,256,0,2,32,0,34,96,127,67,0,290,62,28,90,380
07/03/2007,ORF,VA,AEA,EN,Combined TRACON& Tower with Radar,92,110,68,2,272,0,1,34,0,35,92,111,102,2,307,36,21,57,364
07/04/2007,ORF,VA,AEA,EN,Combined TRACON& Tower with Radar,79,94,15,0,188,0,0,19,0,19,79,94,34,0,207,59,20,79,286
07/05/2007,ORF,VA,AEA,EN,Combined TRACON& Tower with Radar,93,104,43,1,241,0,1,30,0,31,93,105,73,1,272,21,23,44,316
07/06/2007,ORF,VA,AEA,EN,Combined TRACON& Tower with Radar,103,111,32,2,248,0,3,39,0,42,103,114,71,2,290,47,46,93,383
07/07/2007,ORF,VA,AEA,EN,Combined TRACON& Tower with Radar,85,113,30,2,230,0,0,34,0,34,85,113,64,2,264,55,20,75,339
07/08/2007,ORF,VA,AEA,EN,Combined TRACON& Tower with Radar,88,114,51,0,253,1,0,27,0,28,89,114,78,0,281,36,13,49,330
07/09/2007,ORF,VA,AEA,EN,Combined TRACON& Tower with Radar,92,120,58,1,271,0,2,35,1,38,92,122,93,2,309,87,47,134,443
07/10/2007,ORF,VA,AEA,EN,Combined TRACON& Tower with Radar,101,119,60,0,280,0,1,31,0,32,101,120,91,0,312,67,41,108,420
07/11/2007,ORF,VA,AEA,EN,Combined TRACON& Tower with Radar,105,119,85,0,309,0,0,25,1,26,105,119,110,1,335,51,40,91,426
07/12/2007,ORF,VA,AEA,EN,Combined TRACON& Tower with Radar,99,127,64,2,292,0,2,56,0,58,99,129,120,2,350,63,41,104,454
07/13/2007,ORF,VA,AEA,EN,Combined TRACON& Tower with Radar,101,125,58,2,286,0,2,30,0,32,101,127,88,2,318,81,28,109,427
07/14/2007,ORF,VA,AEA,EN,Combined TRACON& Tower with Radar,78,103,53,0,234,0,1,23,0,24,78,104,76,0,258,37,33,70,328
07/15/2007,ORF,VA,AEA,EN,Combined TRACON& Tower with Radar,90,113,56,0,259,0,0,24,0,24,90,113,80,0,283,21,12,33,316
07/16/2007,ORF,VA,AEA,EN,Combined TRACON& Tower with Radar,92,122,33,0,247,0,2,24,1,27,92,124,57,1,274,68,52,120,394
07/17/2007,ORF,VA,AEA,EN,Combined TRACON& Tower with Radar,101,116,59,1,277,0,4,18,2,24,101,120,77,3,301,60,17,77,378
07/18/2007,ORF,VA,AEA,EN,Combined TRACON& Tower with Radar,100,105,72,2,279,0,2,28,1,31,100,107,100,3,310,101,42,143,453
07/19/2007,ORF,VA,AEA,EN,Combined TRACON& Tower with Radar,101,100,51,0,252,0,4,30,2,36,101,104,81,2,288,51,34,85,373
07/20/2007,ORF,VA,AEA,EN,Combined TRACON& Tower with Radar,107,132,65,0,304,0,1,26,3,30,107,133,91,3,334,50,29,79,413
07/21/2007,ORF,VA,AEA,EN,Combined TRACON& Tower with Radar,84,106,55,0,245,0,0,31,3,34,84,106,86,3,279,38,14,52,331
07/22/2007,ORF,VA,AEA,EN,Combined TRACON& Tower with Radar,84,121,47,0,252,0,1,37,0,38,84,122,84,0,290,0,0,0,290
07/23/2007,ORF,VA,AEA,EN,Combined TRACON& Tower with Radar,93,102,52,0,247,0,3,31,0,34,93,105,83,0,281,64,55,119,400
07/24/2007,ORF,VA,AEA,EN,Combined TRACON& Tower with Radar,105,132,46,1,284,10,6,37,0,53,115,138,83,1,337,90,47,137,474
07/25/2007,ORF,VA,AEA,EN,Combined TRACON& Tower with Radar,100,132,51,0,283,0,3,43,0,46,100,135,94,0,329,80,61,141,470
07/26/2007,ORF,VA,AEA,EN,Combined TRACON& Tower with Radar,95,127,57,0,279,0,0,50,0,50,95,127,107,0,329,45,41,86,415
07/27/2007,ORF,VA,AEA,EN,Combined TRACON& Tower with Radar,102,127,55,1,285,0,2,21,0,23,102,129,76,1,308,54,38,92,400
07/28/2007,ORF,VA,AEA,EN,Combined TRACON& Tower with Radar,87,109,28,0,224,0,0,29,0,29,87,109,57,0,253,31,9,40,293
07/29/2007,ORF,VA,AEA,EN,Combined TRACON& Tower with Radar,81,99,41,1,222,3,2,17,0,22,84,101,58,1,244,12,4,16,260
07/30/2007,ORF,VA,AEA,EN,Combined TRACON& Tower with Radar,101,133,52,0,286,0,2,30,0,32,101,135,82,0,318,72,50,122,440
07/31/2007,ORF,VA,AEA,EN,Combined TRACON& Tower with Radar,94,138,62,1,295,0,2,41,2,45,94,140,103,3,340,99,54,153,493
08/01/2007,ORF,VA,AEA,EN,Combined TRACON& Tower with Radar,100,121,68,4,293,0,2,33,0,35,100,123,101,4,328,90,63,153,481
08/02/2007,ORF,VA,AEA,EN,Combined TRACON& Tower with Radar,133,90,70,4,297,0,3,33,1,37,133,93,103,5,334,56,46,102,436
08/03/2007,ORF,VA,AEA,EN,Combined TRACON& Tower with Radar,203,32,59,1,295,0,1,40,0,41,203,33,99,1,336,38,41,79,415
08/04/2007,ORF,VA,AEA,EN,Combined TRACON& Tower with Radar,190,13,37,0,240,0,1,31,0,32,190,14,68,0,272,46,26,72,344
08/05/2007,ORF,VA,AEA,EN,Combined TRACON& Tower with Radar,188,14,56,0,258,0,0,22,0,22,188,14,78,0,280,22,15,37,317
08/06/2007,ORF,VA,AEA,EN,Combined TRACON& Tower with Radar,196,15,53,2,266,0,1,31,0,32,196,16,84,2,298,106,60,166,464
08/07/2007,ORF,VA,AEA,EN,Combined TRACON& Tower with Radar,198,24,53,1,276,2,2,33,1,38,200,26,86,2,314,135,52,187,501
08/08/2007,ORF,VA,AEA,EN,Combined TRACON& Tower with Radar,201,14,65,1,281,0,3,32,1,36,201,17,97,2,317,75,48,123,440
08/09/2007,ORF,VA,AEA,EN,Combined TRACON& Tower with Radar,187,11,63,0,261,0,2,27,0,29,187,13,90,0,290,32,30,62,352
08/10/2007,ORF,VA,AEA,EN,Combined TRACON& Tower with Radar,195,29,45,0,269,0,0,19,1,20,195,29,64,1,289,41,27,68,357
08/11/2007,ORF,VA,AEA,EN,Combined TRACON& Tower with Radar,192,7,56,0,255,0,0,29,1,30,192,7,85,1,285,48,10,58,343
08/12/2007,ORF,VA,AEA,EN,Combined TRACON& Tower with Radar,192,15,48,2,257,0,0,47,0,47,192,15,95,2,304,0,0,0,304
08/13/2007,ORF,VA,AEA,EN,Combined TRACON& Tower with Radar,197,11,56,0,264,0,2,35,2,39,197,13,91,2,303,63,48,111,414
08/14/2007,ORF,VA,AEA,EN,Combined TRACON& Tower with Radar,210,15,60,0,285,0,3,38,0,41,210,18,98,0,326,118,57,175,501
08/15/2007,ORF,VA,AEA,EN,Combined TRACON& Tower with Radar,200,10,36,0,246,0,2,52,0,54,200,12,88,0,300,68,43,111,411
08/16/2007,ORF,VA,AEA,EN,Combined TRACON& Tower with Radar,195,14,69,1,279,1,0,49,0,50,196,14,118,1,329,40,32,72,401
08/17/2007,ORF,VA,AEA,EN,Combined TRACON& Tower with Radar,205,17,53,3,278,0,0,29,0,29,205,17,82,3,307,43,39,82,389
08/18/2007,ORF,VA,AEA,EN,Combined TRACON& Tower with Radar,24,0,4,0,28,0,0,0,0,0,24,0,4,0,28,0,0,0,28
08/19/2007,ORF,VA,AEA,EN,Combined TRACON& Tower with Radar,182,10,55,0,247,0,0,25,0,25,182,10,80,0,272,23,21,44,316
08/20/2007,ORF,VA,AEA,EN,Combined TRACON& Tower with Radar,173,33,60,0,266,0,0,73,12,85,173,33,133,12,351,4,0,4,355
08/21/2007,ORF,VA,AEA,EN,Combined TRACON& Tower with Radar,180,28,57,0,265,0,0,25,0,25,180,28,82,0,290,39,30,69,359
08/22/2007,ORF,VA,AEA,EN,Combined TRACON& Tower with Radar,192,26,68,1,287,0,0,11,0,11,192,26,79,1,298,37,18,55,353
08/23/2007,ORF,VA,AEA,EN,Combined TRACON& Tower with Radar,191,37,67,0,295,0,1,19,0,20,191,38,86,0,315,113,47,160,475
08/24/2007,ORF,VA,AEA,EN,Combined TRACON& Tower with Radar,193,33,62,3,291,0,2,27,1,30,193,35,89,4,321,81,51,132,453
08/25/2007,ORF,VA,AEA,EN,Combined TRACON& Tower with Radar,173,16,30,0,219,0,0,27,1,28,173,16,57,1,247,49,9,58,305
08/26/2007,ORF,VA,AEA,EN,Combined TRACON& Tower with Radar,176,26,35,0,237,0,0,11,0,11,176,26,46,0,248,38,17,55,303
08/27/2007,ORF,VA,AEA,EN,Combined TRACON& Tower with Radar,189,31,45,0,265,0,2,24,0,26,189,33,69,0,291,62,40,102,393
08/28/2007,ORF,VA,AEA,EN,Combined TRACON& Tower with Radar,198,25,65,0,288,0,2,33,0,35,198,27,98,0,323,61,32,93,416
08/29/2007,ORF,VA,AEA,EN,Combined TRACON& Tower with Radar,192,30,43,0,265,0,1,39,0,40,192,31,82,0,305,84,34,118,423
08/30/2007,ORF,VA,AEA,EN,Combined TRACON& Tower with Radar,196,25,51,0,272,0,3,35,1,39,196,28,86,1,311,78,54,132,443
08/31/2007,ORF,VA,AEA,EN,Combined TRACON& Tower with Radar,194,27,64,0,285,0,2,35,0,37,194,29,99,0,322,62,27,89,411
09/01/2007,ORF,VA,AEA,EN,Combined TRACON& Tower with Radar,176,27,68,0,271,0,0,31,1,32,176,27,99,1,303,0,0,0,303
09/02/2007,ORF,VA,AEA,EN,Combined TRACON& Tower with Radar,158,20,47,0,225,0,0,36,0,36,158,20,83,0,261,0,0,0,261
09/03/2007,ORF,VA,AEA,EN,Combined TRACON& Tower with Radar,174,13,49,0,236,0,1,42,2,45,174,14,91,2,281,115,6,121,402
09/04/2007,ORF,VA,AEA,EN,Combined TRACON& Tower with Radar,187,23,45,0,255,0,3,34,0,37,187,26,79,0,292,42,36,78,370
09/05/2007,ORF,VA,AEA,EN,Combined TRACON& Tower with Radar,185,35,48,0,268,0,4,35,0,39,185,39,83,0,307,65,38,103,410
09/06/2007,ORF,VA,AEA,EN,Combined TRACON& Tower with Radar,189,32,60,0,281,0,5,33,1,39,189,37,93,1,320,76,48,124,444
09/07/2007,ORF,VA,AEA,EN,Combined TRACON& Tower with Radar,193,32,66,2,293,0,1,47,0,48,193,33,113,2,341,57,36,93,434
09/08/2007,ORF,VA,AEA,EN,Combined TRACON& Tower with Radar,169,19,34,0,222,0,0,29,0,29,169,19,63,0,251,55,14,69,320
09/09/2007,ORF,VA,AEA,EN,Combined TRACON& Tower with Radar,176,26,62,0,264,0,0,10,0,10,176,26,72,0,274,8,9,17,291
09/10/2007,ORF,VA,AEA,EN,Combined TRACON& Tower with Radar,184,30,47,0,261,0,2,8,0,10,184,32,55,0,271,136,47,183,454
09/11/2007,ORF,VA,AEA,EN,Combined TRACON& Tower with Radar,177,35,45,0,257,0,2,24,0,26,177,37,69,0,283,104,47,151,434
09/12/2007,ORF,VA,AEA,EN,Combined TRACON& Tower with Radar,199,29,71,1,300,0,2,33,0,35,199,31,104,1,335,130,43,173,508
09/13/2007,ORF,VA,AEA,EN,Combined TRACON& Tower with Radar,182,41,61,0,284,0,2,31,0,33,182,43,92,0,317,61,35,96,413
09/14/2007,ORF,VA,AEA,EN,Combined TRACON& Tower with Radar,178,41,58,1,278,0,0,19,0,19,178,41,77,1,297,49,31,80,377
09/15/2007,ORF,VA,AEA,EN,Combined TRACON& Tower with Radar,161,29,39,0,229,0,0,20,0,20,161,29,59,0,249,25,8,33,282
09/16/2007,ORF,VA,AEA,EN,Combined TRACON& Tower with Radar,157,27,46,2,232,0,0,29,0,29,157,27,75,2,261,38,29,67,328
09/17/2007,ORF,VA,AEA,EN,Combined TRACON& Tower with Radar,171,39,49,0,259,0,2,26,0,28,171,41,75,0,287,129,33,162,449
09/18/2007,ORF,VA,AEA,EN,Combined TRACON& Tower with Radar,171,51,58,0,280,0,1,23,0,24,171,52,81,0,304,42,28,70,374
09/19/2007,ORF,VA,AEA,EN,Combined TRACON& Tower with Radar,174,47,51,0,272,0,0,12,0,12,174,47,63,0,284,17,23,40,324
09/20/2007,ORF,VA,AEA,EN,Combined TRACON& Tower with Radar,185,42,61,0,288,0,0,10,0,10,185,42,71,0,298,48,24,72,370
09/21/2007,ORF,VA,AEA,EN,Combined TRACON& Tower with Radar,178,59,75,0,312,0,0,14,9,23,178,59,89,9,335,9,10,19,354
09/22/2007,ORF,VA,AEA,EN,Combined TRACON& Tower with Radar,158,26,30,2,216,0,0,16,0,16,158,26,46,2,232,40,10,50,282
09/23/2007,ORF,VA,AEA,EN,Combined TRACON& Tower with Radar,170,33,54,0,257,0,0,30,0,30,170,33,84,0,287,31,15,46,333
09/24/2007,ORF,VA,AEA,EN,Combined TRACON& Tower with Radar,176,38,41,2,257,0,0,38,0,38,176,38,79,2,295,117,48,165,460
09/25/2007,ORF,VA,AEA,EN,Combined TRACON& Tower with Radar,174,43,66,0,283,0,2,29,0,31,174,45,95,0,314,43,47,90,404
09/26/2007,ORF,VA,AEA,EN,Combined TRACON& Tower with Radar,178,43,52,5,278,0,2,32,0,34,178,45,84,5,312,70,36,106,418
09/27/2007,ORF,VA,AEA,EN,Combined TRACON& Tower with Radar,174,50,55,1,280,0,0,6,0,6,174,50,61,1,286,26,18,44,330
09/28/2007,ORF,VA,AEA,EN,Combined TRACON& Tower with Radar,187,32,48,0,267,0,2,24,1,27,187,34,72,1,294,52,35,87,381
09/29/2007,ORF,VA,AEA,EN,Combined TRACON& Tower with Radar,163,25,34,0,222,0,0,40,1,41,163,25,74,1,263,31,16,47,310
09/30/2007,ORF,VA,AEA,EN,Combined TRACON& Tower with Radar,163,28,48,0,239,0,0,44,0,44,163,28,92,0,283,49,28,77,360
10/01/2007,ORF,VA,AEA,EN,Combined TRACON& Tower with Radar,182,34,38,4,258,0,0,23,0,23,182,34,61,4,281,40,29,69,350
10/02/2007,ORF,VA,AEA,EN,Combined TRACON& Tower with Radar,167,57,63,0,287,0,0,27,0,27,167,57,90,0,314,36,23,59,373
10/03/2007,ORF,VA,AEA,EN,Combined TRACON& Tower with Radar,148,72,59,2,281,0,0,18,0,18,148,72,77,2,299,31,19,50,349
10/04/2007,ORF,VA,AEA,EN,Combined TRACON& Tower with Radar,152,73,72,0,297,0,0,23,1,24,152,73,95,1,321,32,32,64,385
10/05/2007,ORF,VA,AEA,EN,Combined TRACON& Tower with Radar,150,74,72,0,296,0,0,8,0,8,150,74,80,0,304,23,17,40,344
10/06/2007,ORF,VA,AEA,EN,Combined TRACON& Tower with Radar,121,63,37,0,221,0,0,7,0,7,121,63,44,0,228,0,0,0,228
10/07/2007,ORF,VA,AEA,EN,Combined TRACON& Tower with Radar,130,65,58,0,253,0,0,28,0,28,130,65,86,0,281,0,0,0,281
10/08/2007,ORF,VA,AEA,EN,Combined TRACON& Tower with Radar,153,52,56,0,261,0,0,32,2,34,153,52,88,2,295,55,2,57,352
10/09/2007,ORF,VA,AEA,EN,Combined TRACON& Tower with Radar,149,61,48,0,258,0,0,26,0,26,149,61,74,0,284,55,32,87,371
10/10/2007,ORF,VA,AEA,EN,Combined TRACON& Tower with Radar,146,79,52,5,282,0,1,21,1,23,146,80,73,6,305,58,25,83,388
10/11/2007,ORF,VA,AEA,EN,Combined TRACON& Tower with Radar,144,64,67,0,275,0,1,26,3,30,144,65,93,3,305,71,61,132,437
10/12/2007,ORF,VA,AEA,EN,Combined TRACON& Tower with Radar,148,79,64,0,291,0,0,38,0,38,148,79,102,0,329,51,36,87,416
10/13/2007,ORF,VA,AEA,EN,Combined TRACON& Tower with Radar,122,56,36,2,216,0,0,37,0,37,122,56,73,2,253,27,31,58,311
10/14/2007,ORF,VA,AEA,EN,Combined TRACON& Tower with Radar,124,68,52,0,244,0,0,38,0,38,124,68,90,0,282,30,25,55,337
10/15/2007,ORF,VA,AEA,EN,Combined TRACON& Tower with Radar,145,70,38,0,253,0,0,26,1,27,145,70,64,1,280,101,37,138,418
10/16/2007,ORF,VA,AEA,EN,Combined TRACON& Tower with Radar,145,66,41,0,252,0,2,18,0,20,145,68,59,0,272,40,44,84,356
10/17/2007,ORF,VA,AEA,EN,Combined TRACON& Tower with Radar,148,71,61,0,280,0,0,28,1,29,148,71,89,1,309,40,41,81,390
10/18/2007,ORF,VA,AEA,EN,Combined TRACON& Tower with Radar,150,72,55,0,277,0,1,21,0,22,150,73,76,0,299,49,46,95,394
10/19/2007,ORF,VA,AEA,EN,Combined TRACON& Tower with Radar,145,76,41,2,264,0,0,9,0,9,145,76,50,2,273,39,34,73,346
10/20/2007,ORF,VA,AEA,EN,Combined TRACON& Tower with Radar,127,66,40,0,233,0,0,20,0,20,127,66,60,0,253,38,23,61,314
10/21/2007,ORF,VA,AEA,EN,Combined TRACON& Tower with Radar,130,82,56,0,268,0,1,32,0,33,130,83,88,0,301,38,10,48,349
10/22/2007,ORF,VA,AEA,EN,Combined TRACON& Tower with Radar,149,71,50,0,270,0,1,47,0,48,149,72,97,0,318,97,38,135,453
10/23/2007,ORF,VA,AEA,EN,Combined TRACON& Tower with Radar,143,71,52,3,269,0,0,42,0,42,143,71,94,3,311,79,35,114,425
10/24/2007,ORF,VA,AEA,EN,Combined TRACON& Tower with Radar,148,66,55,0,269,0,0,7,0,7,148,66,62,0,276,19,15,34,310
10/25/2007,ORF,VA,AEA,EN,Combined TRACON& Tower with Radar,151,82,50,0,283,0,0,1,0,1,151,82,51,0,284,0,0,0,284
10/26/2007,ORF,VA,AEA,EN,Combined TRACON& Tower with Radar,143,77,57,0,277,0,0,1,0,1,143,77,58,0,278,0,0,0,278
10/27/2007,ORF,VA,AEA,EN,Combined TRACON& Tower with Radar,127,59,42,0,228,0,0,6,0,6,127,59,48,0,234,0,0,0,234
10/28/2007,ORF,VA,AEA,EN,Combined TRACON& Tower with Radar,124,69,54,2,249,0,1,12,1,14,124,70,66,3,263,25,18,43,306
10/29/2007,ORF,VA,AEA,EN,Combined TRACON& Tower with Radar,138,72,43,1,254,0,0,37,0,37,138,72,80,1,291,106,36,142,433
10/30/2007,ORF,VA,AEA,EN,Combined TRACON& Tower with Radar,141,68,49,0,258,0,0,38,0,38,141,68,87,0,296,106,41,147,443
10/31/2007,ORF,VA,AEA,EN,Combined TRACON& Tower with Radar,137,71,50,1,259,0,0,39,0,39,137,71,89,1,298,69,58,127,425
11/01/2007,ORF,VA,AEA,EN,Combined TRACON& Tower with Radar,140,71,89,0,300,0,0,43,0,43,140,71,132,0,343,67,58,125,468
11/02/2007,ORF,VA,AEA,EN,Combined TRACON& Tower with Radar,142,85,55,1,283,1,0,13,0,14,143,85,68,1,297,0,0,0,297
11/03/2007,ORF,VA,AEA,EN,Combined TRACON& Tower with Radar,106,77,97,1,281,1,3,32,0,36,107,80,129,1,317,39,16,55,372
11/04/2007,ORF,VA,AEA,EN,Combined TRACON& Tower with Radar,125,87,85,1,298,0,1,57,0,58,125,88,142,1,356,67,11,78,434
11/05/2007,ORF,VA,AEA,EN,Combined TRACON& Tower with Radar,135,80,65,1,281,0,0,0,0,0,135,80,65,1,281,22,8,30,311
11/06/2007,ORF,VA,AEA,EN,Combined TRACON& Tower with Radar,137,78,44,0,259,0,0,20,0,20,137,78,64,0,279,99,44,143,422
11/07/2007,ORF,VA,AEA,EN,Combined TRACON& Tower with Radar,138,86,76,0,300,0,1,32,0,33,138,87,108,0,333,44,45,89,422
11/08/2007,ORF,VA,AEA,EN,Combined TRACON& Tower with Radar,162,60,46,2,270,0,1,51,0,52,162,61,97,2,322,76,70,146,468
11/09/2007,ORF,VA,AEA,EN,Combined TRACON& Tower with Radar,176,44,45,0,265,0,0,25,0,25,176,44,70,0,290,82,48,130,420
11/10/2007,ORF,VA,AEA,EN,Combined TRACON& Tower with Radar,157,23,28,0,208,0,0,2,0,2,157,23,30,0,210,54,20,74,284
11/11/2007,ORF,VA,AEA,EN,Combined TRACON& Tower with Radar,168,31,65,0,264,0,0,10,0,10,168,31,75,0,274,32,19,51,325
11/12/2007,ORF,VA,AEA,EN,Combined TRACON& Tower with Radar,169,35,46,3,253,0,0,34,0,34,169,35,80,3,287,0,0,0,287
11/13/2007,ORF,VA,AEA,EN,Combined TRACON& Tower with Radar,172,42,41,0,255,0,2,27,0,29,172,44,68,0,284,101,47,148,432
11/14/2007,ORF,VA,AEA,EN,Combined TRACON& Tower with Radar,173,42,66,0,281,0,2,35,0,37,173,44,101,0,318,71,66,137,455
11/15/2007,ORF,VA,AEA,EN,Combined TRACON& Tower with Radar,180,43,54,1,278,0,0,7,0,7,180,43,61,1,285,67,41,108,393
11/16/2007,ORF,VA,AEA,EN,Combined TRACON& Tower with Radar,189,50,48,4,291,0,4,23,0,27,189,54,71,4,318,44,73,117,435
11/17/2007,ORF,VA,AEA,EN,Combined TRACON& Tower with Radar,153,22,48,0,223,0,0,42,0,42,153,22,90,0,265,28,13,41,306
11/18/2007,ORF,VA,AEA,EN,Combined TRACON& Tower with Radar,167,23,50,0,240,0,0,33,0,33,167,23,83,0,273,42,34,76,349
11/19/2007,ORF,VA,AEA,EN,Combined TRACON& Tower with Radar,165,44,51,0,260,0,0,14,0,14,165,44,65,0,274,36,43,79,353
11/20/2007,ORF,VA,AEA,EN,Combined TRACON& Tower with Radar,183,39,78,1,301,0,0,65,20,85,183,39,143,21,386,56,21,77,463
11/21/2007,ORF,VA,AEA,EN,Combined TRACON& Tower with Radar,182,40,51,1,274,0,0,28,1,29,182,40,79,2,303,29,33,62,365
11/22/2007,ORF,VA,AEA,EN,Combined TRACON& Tower with Radar,132,21,12,0,165,0,0,10,0,10,132,21,22,0,175,0,0,0,175
11/23/2007,ORF,VA,AEA,EN,Combined TRACON& Tower with Radar,136,34,27,0,197,0,0,22,1,23,136,34,49,1,220,8,6,14,234
11/24/2007,ORF,VA,AEA,EN,Combined TRACON& Tower with Radar,157,21,32,1,211,0,0,43,0,43,157,21,75,1,254,35,6,41,295
11/25/2007,ORF,VA,AEA,EN,Combined TRACON& Tower with Radar,174,41,65,0,280,0,0,23,2,25,174,41,88,2,305,21,20,41,346
11/26/2007,ORF,VA,AEA,EN,Combined TRACON& Tower with Radar,175,37,35,0,247,0,0,7,0,7,175,37,42,0,254,38,40,78,332
11/27/2007,ORF,VA,AEA,EN,Combined TRACON& Tower with Radar,184,54,40,0,278,0,0,18,0,18,184,54,58,0,296,40,43,83,379
11/28/2007,ORF,VA,AEA,EN,Combined TRACON& Tower with Radar,178,41,43,2,264,0,0,32,0,32,178,41,75,2,296,44,41,85,381
11/29/2007,ORF,VA,AEA,EN,Combined TRACON& Tower with Radar,182,45,49,4,280,0,0,25,0,25,182,45,74,4,305,33,28,61,366
11/30/2007,ORF,VA,AEA,EN,Combined TRACON& Tower with Radar,188,36,56,0,280,0,1,44,0,45,188,37,100,0,325,42,33,75,400
12/01/2007,ORF,VA,AEA,EN,Combined TRACON& Tower with Radar,152,19,33,0,204,0,0,18,0,18,152,19,51,0,222,22,7,29,251
12/02/2007,ORF,VA,AEA,EN,Combined TRACON& Tower with Radar,157,20,35,0,212,0,1,25,0,26,157,21,60,0,238,30,23,53,291
12/03/2007,ORF,VA,AEA,EN,Combined TRACON& Tower with Radar,173,38,35,2,248,0,0,2,0,2,173,38,37,2,250,51,44,95,345
12/04/2007,ORF,VA,AEA,EN,Combined TRACON& Tower with Radar,174,40,71,2,287,0,0,18,0,18,174,40,89,2,305,123,40,163,468
12/05/2007,ORF,VA,AEA,EN,Combined TRACON& Tower with Radar,163,39,50,0,252,0,0,14,0,14,163,39,64,0,266,43,37,80,346
12/06/2007,ORF,VA,AEA,EN,Combined TRACON& Tower with Radar,185,50,48,0,283,0,0,25,1,26,185,50,73,1,309,38,25,63,372
12/07/2007,ORF,VA,AEA,EN,Combined TRACON& Tower with Radar,177,42,58,0,277,0,0,28,0,28,177,42,86,0,305,71,23,94,399
12/08/2007,ORF,VA,AEA,EN,Combined TRACON& Tower with Radar,156,24,37,1,218,0,0,31,0,31,156,24,68,1,249,27,3,30,279
12/09/2007,ORF,VA,AEA,EN,Combined TRACON& Tower with Radar,165,31,39,2,237,0,4,6,0,10,165,35,45,2,247,31,13,44,291
12/10/2007,ORF,VA,AEA,EN,Combined TRACON& Tower with Radar,164,43,53,1,261,0,0,19,0,19,164,43,72,1,280,66,36,102,382
12/11/2007,ORF,VA,AEA,EN,Combined TRACON& Tower with Radar,178,41,52,1,272,0,1,56,33,90,178,42,108,34,362,0,0,0,362
12/12/2007,ORF,VA,AEA,EN,Combined TRACON& Tower with Radar,176,45,63,0,284,0,0,28,0,28,176,45,91,0,312,65,22,87,399
12/13/2007,ORF,VA,AEA,EN,Combined TRACON& Tower with Radar,185,31,54,0,270,0,2,5,0,7,185,33,59,0,277,48,34,82,359
12/14/2007,ORF,VA,AEA,EN,Combined TRACON& Tower with Radar,188,32,53,0,273,0,0,20,0,20,188,32,73,0,293,38,28,66,359
12/15/2007,ORF,VA,AEA,EN,Combined TRACON& Tower with Radar,155,13,27,1,196,0,0,7,1,8,155,13,34,2,204,13,2,15,219
12/16/2007,ORF,VA,AEA,EN,Combined TRACON& Tower with Radar,155,15,15,0,185,0,0,103,0,103,155,15,118,0,288,23,25,48,336
12/17/2007,ORF,VA,AEA,EN,Combined TRACON& Tower with Radar,172,33,48,0,253,0,0,12,0,12,172,33,60,0,265,94,45,139,404
12/18/2007,ORF,VA,AEA,EN,Combined TRACON& Tower with Radar,186,36,51,0,273,0,0,21,3,24,186,36,72,3,297,30,4,34,331
12/19/2007,ORF,VA,AEA,EN,Combined TRACON& Tower with Radar,182,39,66,1,288,0,0,18,1,19,182,39,84,2,307,49,22,71,378
12/20/2007,ORF,VA,AEA,EN,Combined TRACON& Tower with Radar,192,36,59,0,287,0,0,32,1,33,192,36,91,1,320,67,22,89,409
12/21/2007,ORF,VA,AEA,EN,Combined TRACON& Tower with Radar,179,38,42,0,259,0,0,19,0,19,179,38,61,0,278,31,16,47,325
12/22/2007,ORF,VA,AEA,EN,Combined TRACON& Tower with Radar,163,21,35,2,221,0,0,6,0,6,163,21,41,2,227,13,6,19,246
12/23/2007,ORF,VA,AEA,EN,Combined TRACON& Tower with Radar,163,19,21,0,203,0,0,0,0,0,163,19,21,0,203,4,1,5,208
12/24/2007,ORF,VA,AEA,EN,Combined TRACON& Tower with Radar,145,24,22,0,191,0,0,10,0,10,145,24,32,0,201,44,9,53,254
12/25/2007,ORF,VA,AEA,EN,Combined TRACON& Tower with Radar,127,17,12,0,156,0,0,14,0,14,127,17,26,0,170,0,0,0,170
12/26/2007,ORF,VA,AEA,EN,Combined TRACON& Tower with Radar,179,27,23,2,231,0,0,0,0,0,179,27,23,2,231,2,0,2,233
12/27/2007,ORF,VA,AEA,EN,Combined TRACON& Tower with Radar,178,41,37,0,256,0,0,31,0,31,178,41,68,0,287,31,30,61,348
12/28/2007,ORF,VA,AEA,EN,Combined TRACON& Tower with Radar,181,33,36,0,250,0,0,13,0,13,181,33,49,0,263,30,19,49,312
12/29/2007,ORF,VA,AEA,EN,Combined TRACON& Tower with Radar,165,21,19,0,205,0,0,1,0,1,165,21,20,0,206,5,1,6,212
12/30/2007,ORF,VA,AEA,EN,Combined TRACON& Tower with Radar,161,19,19,0,199,0,0,0,0,0,161,19,19,0,199,0,0,0,199
12/31/2007,ORF,VA,AEA,EN,Combined TRACON& Tower with Radar,149,26,23,0,198,0,0,22,0,22,149,26,45,0,220,22,0,22,242
01/01/2008,ORF,VA,AEA,EN,Combined TRACON& Tower with Radar,138,20,36,0,194,0,0,14,0,14,138,20,50,0,208,0,0,0,208
01/02/2008,ORF,VA,AEA,EN,Combined TRACON& Tower with Radar,174,32,30,2,238,0,0,6,0,6,174,32,36,2,244,38,18,56,300
01/03/2008,ORF,VA,AEA,EN,Combined TRACON& Tower with Radar,182,33,21,0,236,0,0,12,0,12,182,33,33,0,248,34,34,68,316
01/04/2008,ORF,VA,AEA,EN,Combined TRACON& Tower with Radar,177,32,33,0,242,0,0,30,0,30,177,32,63,0,272,40,41,81,353
01/05/2008,ORF,VA,AEA,EN,Combined TRACON& Tower with Radar,153,15,47,0,215,0,0,20,0,20,153,15,67,0,235,27,1,28,263
01/06/2008,ORF,VA,AEA,EN,Combined TRACON& Tower with Radar,174,12,32,1,219,0,0,23,0,23,174,12,55,1,242,27,5,32,274
01/07/2008,ORF,VA,AEA,EN,Combined TRACON& Tower with Radar,175,30,41,2,248,0,0,26,0,26,175,30,67,2,274,68,40,108,382
01/08/2008,ORF,VA,AEA,EN,Combined TRACON& Tower with Radar,168,40,27,1,236,0,0,19,1,20,168,40,46,2,256,36,11,47,303
01/09/2008,ORF,VA,AEA,EN,Combined TRACON& Tower with Radar,171,20,24,4,219,0,0,11,0,11,171,20,35,4,230,50,16,66,296
01/10/2008,ORF,VA,AEA,EN,Combined TRACON& Tower with Radar,180,24,50,0,254,0,4,10,0,14,180,28,60,0,268,43,36,79,347
01/11/2008,ORF,VA,AEA,EN,Combined TRACON& Tower with Radar,180,21,23,0,224,0,0,12,0,12,180,21,35,0,236,31,27,58,294
01/12/2008,ORF,VA,AEA,EN,Combined TRACON& Tower with Radar,144,18,40,0,202,0,0,33,0,33,144,18,73,0,235,53,3,56,291
01/13/2008,ORF,VA,AEA,EN,Combined TRACON& Tower with Radar,157,17,43,0,217,0,0,0,0,0,157,17,43,0,217,6,3,9,226
01/14/2008,ORF,VA,AEA,EN,Combined TRACON& Tower with Radar,167,35,49,0,251,0,0,21,0,21,167,35,70,0,272,37,36,73,345
01/15/2008,ORF,VA,AEA,EN,Combined TRACON& Tower with Radar,170,31,35,0,236,0,0,10,0,10,170,31,45,0,246,48,22,70,316
01/16/2008,ORF,VA,AEA,EN,Combined TRACON& Tower with Radar,171,31,63,0,265,0,1,9,0,10,171,32,72,0,275,38,31,69,344
01/17/2008,ORF,VA,AEA,EN,Combined TRACON& Tower with Radar,163,35,40,2,240,0,0,1,0,1,163,35,41,2,241,0,0,0,241
01/18/2008,ORF,VA,AEA,EN,Combined TRACON& Tower with Radar,189,31,60,3,283,0,0,21,0,21,189,31,81,3,304,51,19,70,374
01/19/2008,ORF,VA,AEA,EN,Combined TRACON& Tower with Radar,139,13,21,0,173,0,0,2,0,2,139,13,23,0,175,8,2,10,185
01/20/2008,ORF,VA,AEA,EN,Combined TRACON& Tower with Radar,156,15,27,0,198,0,0,6,0,6,156,15,33,0,204,26,4,30,234
01/21/2008,ORF,VA,AEA,EN,Combined TRACON& Tower with Radar,168,14,61,0,243,0,0,18,1,19,168,14,79,1,262,27,3,30,292
01/22/2008,ORF,VA,AEA,EN,Combined TRACON& Tower with Radar,159,35,40,0,234,0,0,9,0,9,159,35,49,0,243,25,12,37,280
01/23/2008,ORF,VA,AEA,EN,Combined TRACON& Tower with Radar,180,33,54,1,268,1,0,26,0,27,181,33,80,1,295,38,31,69,364
01/24/2008,ORF,VA,AEA,EN,Combined TRACON& Tower with Radar,174,27,45,0,246,0,0,5,0,5,174,27,50,0,251,16,22,38,289
01/25/2008,ORF,VA,AEA,EN,Combined TRACON& Tower with Radar,182,18,41,0,241,0,0,29,0,29,182,18,70,0,270,48,11,59,329
01/26/2008,ORF,VA,AEA,EN,Combined TRACON& Tower with Radar,149,8,39,0,196,0,0,17,0,17,149,8,56,0,213,29,0,29,242
01/27/2008,ORF,VA,AEA,EN,Combined TRACON& Tower with Radar,168,11,33,0,212,0,0,27,0,27,168,11,60,0,239,20,3,23,262
01/28/2008,ORF,VA,AEA,EN,Combined TRACON& Tower with Radar,177,21,37,0,235,0,0,22,0,22,177,21,59,0,257,28,26,54,311
01/29/2008,ORF,VA,AEA,EN,Combined TRACON& Tower with Radar,171,24,36,0,231,0,0,17,0,17,171,24,53,0,248,34,19,53,301
01/30/2008,ORF,VA,AEA,EN,Combined TRACON& Tower with Radar,174,28,43,1,246,0,0,6,0,6,174,28,49,1,252,23,15,38,290
01/31/2008,ORF,VA,AEA,EN,Combined TRACON& Tower with Radar,179,26,51,3,259,0,0,14,0,14,179,26,65,3,273,24,7,31,304
02/01/2008,ORF,VA,AEA,EN,Combined TRACON& Tower with Radar,178,18,30,1,227,0,0,7,0,7,178,18,37,1,234,17,17,34,268
02/02/2008,ORF,VA,AEA,EN,Combined TRACON& Tower with Radar,149,12,42,1,204,0,0,35,0,35,149,12,77,1,239,77,7,84,323
02/03/2008,ORF,VA,AEA,EN,Combined TRACON& Tower with Radar,161,11,41,0,213,0,0,25,0,25,161,11,66,0,238,27,3,30,268
02/04/2008,ORF,VA,AEA,EN,Combined TRACON& Tower with Radar,178,20,52,0,250,0,0,17,0,17,178,20,69,0,267,44,25,69,336
02/05/2008,ORF,VA,AEA,EN,Combined TRACON& Tower with Radar,175,28,45,3,251,0,1,14,0,15,175,29,59,3,266,19,4,23,289
02/06/2008,ORF,VA,AEA,EN,Combined TRACON& Tower with Radar,171,24,35,2,232,0,0,7,0,7,171,24,42,2,239,28,10,38,277
02/07/2008,ORF,VA,AEA,EN,Combined TRACON& Tower with Radar,184,25,42,0,251,0,0,30,0,30,184,25,72,0,281,39,22,61,342
02/08/2008,ORF,VA,AEA,EN,Combined TRACON& Tower with Radar,183,20,59,0,262,0,0,31,0,31,183,20,90,0,293,46,26,72,365
02/09/2008,ORF,VA,AEA,EN,Combined TRACON& Tower with Radar,149,3,41,0,193,0,0,30,9,39,149,3,71,9,232,2,0,2,234
02/10/2008,ORF,VA,AEA,EN,Combined TRACON& Tower with Radar,167,5,27,0,199,0,0,8,0,8,167,5,35,0,207,0,0,0,207
02/11/2008,ORF,VA,AEA,EN,Combined TRACON& Tower with Radar,176,19,36,1,232,0,0,28,0,28,176,19,64,1,260,28,14,42,302
02/12/2008,ORF,VA,AEA,EN,Combined TRACON& Tower with Radar,165,17,41,0,223,0,0,12,0,12,165,17,53,0,235,22,9,31,266
02/13/2008,ORF,VA,AEA,EN,Combined TRACON& Tower with Radar,184,26,42,0,252,0,0,5,0,5,184,26,47,0,257,0,0,0,257
02/14/2008,ORF,VA,AEA,EN,Combined TRACON& Tower with Radar,185,30,48,0,263,0,2,34,1,37,185,32,82,1,300,38,16,54,354
02/15/2008,ORF,VA,AEA,EN,Combined TRACON& Tower with Radar,176,27,43,0,246,0,2,30,0,32,176,29,73,0,278,56,25,81,359
02/16/2008,ORF,VA,AEA,EN,Combined TRACON& Tower with Radar,163,6,29,0,198,0,1,40,0,41,163,7,69,0,239,59,7,66,305
02/17/2008,ORF,VA,AEA,EN,Combined TRACON& Tower with Radar,163,13,30,0,206,0,0,7,0,7,163,13,37,0,213,18,3,21,234
02/18/2008,ORF,VA,AEA,EN,Combined TRACON& Tower with Radar,166,14,29,0,209,0,0,10,0,10,166,14,39,0,219,17,9,26,245
02/19/2008,ORF,VA,AEA,EN,Combined TRACON& Tower with Radar,185,24,48,4,261,0,0,21,0,21,185,24,69,4,282,21,19,40,322
02/20/2008,ORF,VA,AEA,EN,Combined TRACON& Tower with Radar,179,34,53,0,266,0,0,27,0,27,179,34,80,0,293,38,19,57,350
02/21/2008,ORF,VA,AEA,EN,Combined TRACON& Tower with Radar,180,19,59,3,261,0,0,28,0,28,180,19,87,3,289,39,33,72,361
02/22/2008,ORF,VA,AEA,EN,Combined TRACON& Tower with Radar,169,21,30,0,220,0,0,3,0,3,169,21,33,0,223,0,0,0,223
02/23/2008,ORF,VA,AEA,EN,Combined TRACON& Tower with Radar,163,9,34,0,206,0,0,0,0,0,163,9,34,0,206,0,0,0,206
02/24/2008,ORF,VA,AEA,EN,Combined TRACON& Tower with Radar,170,10,56,3,239,0,0,36,0,36,170,10,92,3,275,30,8,38,313
02/25/2008,ORF,VA,AEA,EN,Combined TRACON& Tower with Radar,177,27,45,0,249,0,0,16,3,19,177,27,61,3,268,39,41,80,348
02/26/2008,ORF,VA,AEA,EN,Combined TRACON& Tower with Radar,174,32,30,0,236,0,0,4,1,5,174,32,34,1,241,41,26,67,308
02/27/2008,ORF,VA,AEA,EN,Combined TRACON& Tower with Radar,177,23,47,1,248,0,0,14,0,14,177,23,61,1,262,38,41,79,341
02/28/2008,ORF,VA,AEA,EN,Combined TRACON& Tower with Radar,185,26,44,1,256,0,0,22,1,23,185,26,66,2,279,34,22,56,335
02/29/2008,ORF,VA,AEA,EN,Combined TRACON& Tower with Radar,175,25,47,2,249,0,0,21,1,22,175,25,68,3,271,29,20,49,320
03/01/2008,ORF,VA,AEA,EN,Combined TRACON& Tower with Radar,160,14,24,0,198,0,0,13,0,13,160,14,37,0,211,34,1,35,246
03/02/2008,ORF,VA,AEA,EN,Combined TRACON& Tower with Radar,162,11,37,0,210,0,1,59,0,60,162,12,96,0,270,22,6,28,298
03/03/2008,ORF,VA,AEA,EN,Combined TRACON& Tower with Radar,167,23,41,1,232,0,0,19,2,21,167,23,60,3,253,35,35,70,323
03/04/2008,ORF,VA,AEA,EN,Combined TRACON& Tower with Radar,171,32,23,3,229,0,0,4,0,4,171,32,27,3,233,26,22,48,281
03/05/2008,ORF,VA,AEA,EN,Combined TRACON& Tower with Radar,179,40,54,0,273,0,0,42,0,42,179,40,96,0,315,86,29,115,430
03/06/2008,ORF,VA,AEA,EN,Combined TRACON& Tower with Radar,170,31,59,1,261,0,0,33,4,37,170,31,92,5,298,36,47,83,381
03/07/2008,ORF,VA,AEA,EN,Combined TRACON& Tower with Radar,160,36,36,2,234,0,0,1,0,1,160,36,37,2,235,0,0,0,235
03/08/2008,ORF,VA,AEA,EN,Combined TRACON& Tower with Radar,188,13,24,0,225,0,1,3,0,4,188,14,27,0,229,0,0,0,229
03/09/2008,ORF,VA,AEA,EN,Combined TRACON& Tower with Radar,168,8,60,0,236,0,0,31,1,32,168,8,91,1,268,33,20,53,321
03/10/2008,ORF,VA,AEA,EN,Combined TRACON& Tower with Radar,175,28,46,0,249,0,0,23,2,25,175,28,69,2,274,35,24,59,333
03/11/2008,ORF,VA,AEA,EN,Combined TRACON& Tower with Radar,177,24,47,1,249,0,0,19,4,23,177,24,66,5,272,26,12,38,310
03/12/2008,ORF,VA,AEA,EN,Combined TRACON& Tower with Radar,178,33,65,0,276,0,1,28,0,29,178,34,93,0,305,67,23,90,395
03/13/2008,ORF,VA,AEA,EN,Combined TRACON& Tower with Radar,177,38,50,0,265,0,0,16,2,18,177,38,66,2,283,46,35,81,364
03/14/2008,ORF,VA,AEA,EN,Combined TRACON& Tower with Radar,176,29,44,0,249,0,0,21,0,21,176,29,65,0,270,40,35,75,345
03/15/2008,ORF,VA,AEA,EN,Combined TRACON& Tower with Radar,154,9,11,0,174,0,0,22,0,22,154,9,33,0,196,42,29,71,267
03/16/2008,ORF,VA,AEA,EN,Combined TRACON& Tower with Radar,170,20,41,0,231,0,1,7,0,8,170,21,48,0,239,27,25,52,291
03/17/2008,ORF,VA,AEA,EN,Combined TRACON& Tower with Radar,183,23,55,0,261,1,0,21,0,22,184,23,76,0,283,23,26,49,332
03/18/2008,ORF,VA,AEA,EN,Combined TRACON& Tower with Radar,165,20,56,3,244,0,0,23,3,26,165,20,79,6,270,34,49,83,353
03/19/2008,ORF,VA,AEA,EN,Combined TRACON& Tower with Radar,171,44,47,0,262,0,0,7,0,7,171,44,54,0,269,34,33,67,336
03/20/2008,ORF,VA,AEA,EN,Combined TRACON& Tower with Radar,177,43,48,0,268,0,0,10,0,10,177,43,58,0,278,31,40,71,349
03/21/2008,ORF,VA,AEA,EN,Combined TRACON& Tower with Radar,187,36,54,3,280,0,0,29,1,30,187,36,83,4,310,36,24,60,370
03/22/2008,ORF,VA,AEA,EN,Combined TRACON& Tower with Radar,169,9,31,0,209,0,0,25,2,27,169,9,56,2,236,46,6,52,288
03/23/2008,ORF,VA,AEA,EN,Combined TRACON& Tower with Radar,174,12,27,3,216,0,0,24,0,24,174,12,51,3,240,51,2,53,293
03/24/2008,ORF,VA,AEA,EN,Combined TRACON& Tower with Radar,176,26,39,1,242,0,0,31,1,32,176,26,70,2,274,73,23,96,370
03/25/2008,ORF,VA,AEA,EN,Combined TRACON& Tower with Radar,179,28,59,0,266,0,0,26,6,32,179,28,85,6,298,63,33,96,394
03/26/2008,ORF,VA,AEA,EN,Combined TRACON& Tower with Radar,180,33,61,0,274,0,0,27,0,27,180,33,88,0,301,54,41,95,396
03/27/2008,ORF,VA,AEA,EN,Combined TRACON& Tower with Radar,172,26,53,0,251,0,0,29,2,31,172,26,82,2,282,46,48,94,376
03/28/2008,ORF,VA,AEA,EN,Combined TRACON& Tower with Radar,180,29,31,1,241,0,0,32,0,32,180,29,63,1,273,55,35,90,363
03/29/2008,ORF,VA,AEA,EN,Combined TRACON& Tower with Radar,158,16,36,0,210,0,0,20,0,20,158,16,56,0,230,20,8,28,258
03/30/2008,ORF,VA,AEA,EN,Combined TRACON& Tower with Radar,176,25,55,0,256,0,0,6,0,6,176,25,61,0,262,13,13,26,288
03/31/2008,ORF,VA,AEA,EN,Combined TRACON& Tower with Radar,172,20,38,0,230,0,0,5,1,6,172,20,43,1,236,36,29,65,301
04/01/2008,ORF,VA,AEA,EN,Combined TRACON& Tower with Radar,181,25,36,0,242,0,0,2,0,2,181,25,38,0,244,29,16,45,289
04/02/2008,ORF,VA,AEA,EN,Combined TRACON& Tower with Radar,187,21,51,0,259,0,1,29,0,30,187,22,80,0,289,56,46,102,391
04/03/2008,ORF,VA,AEA,EN,Combined TRACON& Tower with Radar,182,27,29,0,238,0,0,13,2,15,182,27,42,2,253,39,58,97,350
04/04/2008,ORF,VA,AEA,EN,Combined TRACON& Tower with Radar,173,34,56,0,263,0,0,12,0,12,173,34,68,0,275,20,29,49,324
04/05/2008,ORF,VA,AEA,EN,Combined TRACON& Tower with Radar,168,10,21,0,199,0,0,2,2,4,168,10,23,2,203,2,7,9,212
04/06/2008,ORF,VA,AEA,EN,Combined TRACON& Tower with Radar,173,12,49,0,234,0,0,2,2,4,173,12,51,2,238,7,6,13,251
04/07/2008,ORF,VA,AEA,EN,Combined TRACON& Tower with Radar,174,25,42,0,241,0,0,6,1,7,174,25,48,1,248,11,11,22,270
04/08/2008,ORF,VA,AEA,EN,Combined TRACON& Tower with Radar,185,29,39,0,253,0,0,2,0,2,185,29,41,0,255,17,7,24,279
04/09/2008,ORF,VA,AEA,EN,Combined TRACON& Tower with Radar,181,26,75,6,288,0,0,0,0,0,181,26,75,6,288,0,0,0,288
04/10/2008,ORF,VA,AEA,EN,Combined TRACON& Tower with Radar,176,38,63,6,283,0,0,16,4,20,176,38,79,10,303,47,34,81,384
04/11/2008,ORF,VA,AEA,EN,Combined TRACON& Tower with Radar,172,30,64,7,273,0,0,16,1,17,172,30,80,8,290,29,27,56,346
04/12/2008,ORF,VA,AEA,EN,Combined TRACON& Tower with Radar,166,19,28,0,213,0,1,7,0,8,166,20,35,0,221,17,31,48,269
04/13/2008,ORF,VA,AEA,EN,Combined TRACON& Tower with Radar,179,16,45,0,240,0,1,27,0,28,179,17,72,0,268,40,17,57,325
04/14/2008,ORF,VA,AEA,EN,Combined TRACON& Tower with Radar,177,42,49,1,269,0,0,26,1,27,177,42,75,2,296,45,32,77,373
04/15/2008,ORF,VA,AEA,EN,Combined TRACON& Tower with Radar,176,32,34,2,244,0,2,22,3,27,176,34,56,5,271,25,26,51,322
04/16/2008,ORF,VA,AEA,EN,Combined TRACON& Tower with Radar,181,34,74,1,290,0,6,29,0,35,181,40,103,1,325,36,20,56,381
04/17/2008,ORF,VA,AEA,EN,Combined TRACON& Tower with Radar,179,33,77,1,290,0,3,50,4,57,179,36,127,5,347,31,38,69,416
04/18/2008,ORF,VA,AEA,EN,Combined TRACON& Tower with Radar,189,27,64,1,281,0,4,34,2,40,189,31,98,3,321,48,29,77,398
04/19/2008,ORF,VA,AEA,EN,Combined TRACON& Tower with Radar,159,19,42,0,220,0,0,22,0,22,159,19,64,0,242,34,9,43,285
04/20/2008,ORF,VA,AEA,EN,Combined TRACON& Tower with Radar,182,10,33,1,226,0,0,1,0,1,182,10,34,1,227,5,4,9,236
04/21/2008,ORF,VA,AEA,EN,Combined TRACON& Tower with Radar,177,26,26,0,229,0,0,0,0,0,177,26,26,0,229,19,19,38,267
04/22/2008,ORF,VA,AEA,EN,Combined TRACON& Tower with Radar,185,19,43,0,247,0,0,7,0,7,185,19,50,0,254,30,23,53,307
04/23/2008,ORF,VA,AEA,EN,Combined TRACON& Tower with Radar,183,38,64,4,289,0,0,24,3,27,183,38,88,7,316,37,76,113,429
04/24/2008,ORF,VA,AEA,EN,Combined TRACON& Tower with Radar,182,33,89,1,305,0,3,41,2,46,182,36,130,3,351,29,49,78,429
04/25/2008,ORF,VA,AEA,EN,Combined TRACON& Tower with Radar,181,25,74,0,280,0,0,32,4,36,181,25,106,4,316,46,47,93,409
04/26/2008,ORF,VA,AEA,EN,Combined TRACON& Tower with Radar,164,8,28,0,200,0,0,35,0,35,164,8,63,0,235,42,8,50,285
04/27/2008,ORF,VA,AEA,EN,Combined TRACON& Tower with Radar,166,14,70,0,250,0,0,2,0,2,166,14,72,0,252,0,0,0,252
04/28/2008,ORF,VA,AEA,EN,Combined TRACON& Tower with Radar,171,19,30,0,220,0,0,2,0,2,171,19,32,0,222,0,0,0,222
04/29/2008,ORF,VA,AEA,EN,Combined TRACON& Tower with Radar,181,30,62,0,273,0,2,17,1,20,181,32,79,1,293,24,21,45,338
04/30/2008,ORF,VA,AEA,EN,Combined TRACON& Tower with Radar,185,32,65,3,285,0,2,52,1,55,185,34,117,4,340,34,15,49,389
05/01/2008,ORF,VA,AEA,EN,Combined TRACON& Tower with Radar,183,28,48,0,259,0,2,41,1,44,183,30,89,1,303,35,16,51,354
05/02/2008,ORF,VA,AEA,EN,Combined TRACON& Tower with Radar,175,30,48,0,253,0,1,26,1,28,175,31,74,1,281,29,17,46,327
05/03/2008,ORF,VA,AEA,EN,Combined TRACON& Tower with Radar,176,10,43,0,229,0,0,28,0,28,176,10,71,0,257,19,8,27,284
05/04/2008,ORF,VA,AEA,EN,Combined TRACON& Tower with Radar,168,23,42,0,233,0,0,30,1,31,168,23,72,1,264,36,21,57,321
05/05/2008,ORF,VA,AEA,EN,Combined TRACON& Tower with Radar,183,18,52,1,254,0,1,36,3,40,183,19,88,4,294,32,35,67,361
05/06/2008,ORF,VA,AEA,EN,Combined TRACON& Tower with Radar,185,22,38,0,245,0,0,35,2,37,185,22,73,2,282,43,38,81,363
05/07/2008,ORF,VA,AEA,EN,Combined TRACON& Tower with Radar,184,26,51,0,261,0,3,54,5,62,184,29,105,5,323,54,42,96,419
05/08/2008,ORF,VA,AEA,EN,Combined TRACON& Tower with Radar,187,22,50,2,261,0,0,19,0,19,187,22,69,2,280,62,42,104,384
05/09/2008,ORF,VA,AEA,EN,Combined TRACON& Tower with Radar,180,28,31,2,241,0,0,18,1,19,180,28,49,3,260,21,20,41,301
05/10/2008,ORF,VA,AEA,EN,Combined TRACON& Tower with Radar,177,13,34,0,224,0,0,6,0,6,177,13,40,0,230,14,8,22,252
05/11/2008,ORF,VA,AEA,EN,Combined TRACON& Tower with Radar,165,12,20,0,197,0,0,8,0,8,165,12,28,0,205,0,0,0,205
05/12/2008,ORF,VA,AEA,EN,Combined TRACON& Tower with Radar,182,30,46,0,258,0,0,1,0,1,182,30,47,0,259,0,0,0,259
05/13/2008,ORF,VA,AEA,EN,Combined TRACON& Tower with Radar,180,27,50,0,257,0,0,44,6,50,180,27,94,6,307,8,0,8,315
05/14/2008,ORF,VA,AEA,EN,Combined TRACON& Tower with Radar,188,27,61,0,276,0,2,60,5,67,188,29,121,5,343,34,78,112,455
05/15/2008,ORF,VA,AEA,EN,Combined TRACON& Tower with Radar,182,30,55,2,269,0,1,54,5,60,182,31,109,7,329,37,86,123,452
05/16/2008,ORF,VA,AEA,EN,Combined TRACON& Tower with Radar,180,18,54,0,252,0,1,10,0,11,180,19,64,0,263,29,18,47,310
05/17/2008,ORF,VA,AEA,EN,Combined TRACON& Tower with Radar,176,14,46,1,237,0,0,48,0,48,176,14,94,1,285,30,12,42,327
05/18/2008,ORF,VA,AEA,EN,Combined TRACON& Tower with Radar,175,16,46,2,239,0,0,23,0,23,175,16,69,2,262,23,13,36,298
05/19/2008,ORF,VA,AEA,EN,Combined TRACON& Tower with Radar,185,26,38,0,249,1,0,63,16,80,186,26,101,16,329,0,0,0,329
05/20/2008,ORF,VA,AEA,EN,Combined TRACON& Tower with Radar,179,22,58,0,259,0,0,10,0,10,179,22,68,0,269,33,13,46,315
05/21/2008,ORF,VA,AEA,EN,Combined TRACON& Tower with Radar,190,18,52,0,260,0,2,33,1,36,190,20,85,1,296,47,33,80,376
05/22/2008,ORF,VA,AEA,EN,Combined TRACON& Tower with Radar,191,32,41,0,264,0,3,28,0,31,191,35,69,0,295,29,44,73,368
05/23/2008,ORF,VA,AEA,EN,Combined TRACON& Tower with Radar,185,21,64,1,271,0,0,44,5,49,185,21,108,6,320,56,39,95,415
05/24/2008,ORF,VA,AEA,EN,Combined TRACON& Tower with Radar,181,11,36,0,228,0,0,31,0,31,181,11,67,0,259,47,33,80,339
05/25/2008,ORF,VA,AEA,EN,Combined TRACON& Tower with Radar,158,11,37,0,206,0,0,19,0,19,158,11,56,0,225,60,6,66,291
05/26/2008,ORF,VA,AEA,EN,Combined TRACON& Tower with Radar,163,9,51,0,223,0,0,36,1,37,163,9,87,1,260,33,3,36,296
05/27/2008,ORF,VA,AEA,EN,Combined TRACON& Tower with Radar,169,25,43,2,239,0,2,17,1,20,169,27,60,3,259,42,28,70,329
05/28/2008,ORF,VA,AEA,EN,Combined TRACON& Tower with Radar,189,27,49,1,266,0,0,10,0,10,189,27,59,1,276,33,28,61,337
05/29/2008,ORF,VA,AEA,EN,Combined TRACON& Tower with Radar,188,26,56,1,271,0,1,32,1,34,188,27,88,2,305,45,30,75,380
05/30/2008,ORF,VA,AEA,EN,Combined TRACON& Tower with Radar,188,27,43,1,259,0,0,30,1,31,188,27,73,2,290,32,12,44,334
05/31/2008,ORF,VA,AEA,EN,Combined TRACON& Tower with Radar,177,16,8,2,203,0,0,13,0,13,177,16,21,2,216,45,3,48,264
06/01/2008,ORF,VA,AEA,EN,Combined TRACON& Tower with Radar,166,23,35,1,225,0,2,36,1,39,166,25,71,2,264,28,5,33,297
06/02/2008,ORF,VA,AEA,EN,Combined TRACON& Tower with Radar,180,23,37,0,240,0,0,37,2,39,180,23,74,2,279,46,23,69,348
06/03/2008,ORF,VA,AEA,EN,Combined TRACON& Tower with Radar,181,31,59,1,272,0,0,40,2,42,181,31,99,3,314,45,17,62,376
06/04/2008,ORF,VA,AEA,EN,Combined TRACON& Tower with Radar,182,39,32,0,253,0,0,20,0,20,182,39,52,0,273,61,18,79,352
06/05/2008,ORF,VA,AEA,EN,Combined TRACON& Tower with Radar,203,24,39,0,266,0,0,27,5,32,203,24,66,5,298,30,14,44,342
06/06/2008,ORF,VA,AEA,EN,Combined TRACON& Tower with Radar,189,30,47,0,266,0,0,9,4,13,189,30,56,4,279,40,35,75,354
06/07/2008,ORF,VA,AEA,EN,Combined TRACON& Tower with Radar,189,9,31,2,231,0,0,20,0,20,189,9,51,2,251,63,27,90,341
06/08/2008,ORF,VA,AEA,EN,Combined TRACON& Tower with Radar,175,16,26,2,219,0,1,23,0,24,175,17,49,2,243,0,0,0,243
06/09/2008,ORF,VA,AEA,EN,Combined TRACON& Tower with Radar,189,27,49,2,267,0,0,21,1,22,189,27,70,3,289,25,19,44,333
06/10/2008,ORF,VA,AEA,EN,Combined TRACON& Tower with Radar,187,28,40,2,257,0,0,12,2,14,187,28,52,4,271,36,29,65,336
06/11/2008,ORF,VA,AEA,EN,Combined TRACON& Tower with Radar,192,28,37,0,257,0,3,29,5,37,192,31,66,5,294,52,46,98,392
06/12/2008,ORF,VA,AEA,EN,Combined TRACON& Tower with Radar,193,32,52,0,277,0,1,38,3,42,193,33,90,3,319,37,35,72,391
06/13/2008,ORF,VA,AEA,EN,Combined TRACON& Tower with Radar,192,23,57,3,275,1,1,30,2,34,193,24,87,5,309,33,41,74,383
06/14/2008,ORF,VA,AEA,EN,Combined TRACON& Tower with Radar,173,11,33,1,218,0,0,15,0,15,173,11,48,1,233,29,9,38,271
06/15/2008,ORF,VA,AEA,EN,Combined TRACON& Tower with Radar,180,6,41,0,227,0,0,12,0,12,180,6,53,0,239,13,4,17,256
06/16/2008,ORF,VA,AEA,EN,Combined TRACON& Tower with Radar,182,25,60,0,267,0,0,15,3,18,182,25,75,3,285,44,21,65,350
06/17/2008,ORF,VA,AEA,EN,Combined TRACON& Tower with Radar,194,27,59,2,282,0,2,13,0,15,194,29,72,2,297,41,14,55,352
06/18/2008,ORF,VA,AEA,EN,Combined TRACON& Tower with Radar,183,30,53,2,268,0,2,34,3,39,183,32,87,5,307,28,45,73,380
06/19/2008,ORF,VA,AEA,EN,Combined TRACON& Tower with Radar,185,32,56,3,276,0,3,34,3,40,185,35,90,6,316,42,29,71,387
06/20/2008,ORF,VA,AEA,EN,Combined TRACON& Tower with Radar,191,23,63,3,280,0,1,30,2,33,191,24,93,5,313,35,26,61,374
06/21/2008,ORF,VA,AEA,EN,Combined TRACON& Tower with Radar,183,16,39,0,238,0,0,18,0,18,183,16,57,0,256,34,5,39,295
06/22/2008,ORF,VA,AEA,EN,Combined TRACON& Tower with Radar,157,15,63,0,235,0,0,13,0,13,157,15,76,0,248,33,9,42,290
06/23/2008,ORF,VA,AEA,EN,Combined TRACON& Tower with Radar,177,34,50,2,263,0,2,14,1,17,177,36,64,3,280,30,34,64,344
06/24/2008,ORF,VA,AEA,EN,Combined TRACON& Tower with Radar,200,25,47,1,273,0,2,37,1,40,200,27,84,2,313,0,0,0,313
06/25/2008,ORF,VA,AEA,EN,Combined TRACON& Tower with Radar,189,26,87,0,302,0,3,28,2,33,189,29,115,2,335,32,37,69,404
06/26/2008,ORF,VA,AEA,EN,Combined TRACON& Tower with Radar,184,23,60,1,268,0,2,21,0,23,184,25,81,1,291,32,39,71,362
06/27/2008,ORF,VA,AEA,EN,Combined TRACON& Tower with Radar,193,17,39,0,249,0,2,19,1,22,193,19,58,1,271,0,0,0,271
06/28/2008,ORF,VA,AEA,EN,Combined TRACON& Tower with Radar,179,7,41,0,227,0,1,21,0,22,179,8,62,0,249,0,0,0,249
06/29/2008,ORF,VA,AEA,EN,Combined TRACON& Tower with Radar,178,5,29,0,212,0,0,11,0,11,178,5,40,0,223,0,0,0,223
06/30/2008,ORF,VA,AEA,EN,Combined TRACON& Tower with Radar,189,23,55,4,271,0,0,30,1,31,189,23,85,5,302,3,0,3,305
07/01/2008,ORF,VA,AEA,EN,Combined TRACON& Tower with Radar,195,28,46,2,271,0,0,28,1,29,195,28,74,3,300,10,8,18,318
07/02/2008,ORF,VA,AEA,EN,Combined TRACON& Tower with Radar,184,40,51,0,275,0,1,28,1,30,184,41,79,1,305,42,17,59,364
07/03/2008,ORF,VA,AEA,EN,Combined TRACON& Tower with Radar,189,33,45,0,267,0,1,26,0,27,189,34,71,0,294,34,26,60,354
07/04/2008,ORF,VA,AEA,EN,Combined TRACON& Tower with Radar,172,9,19,0,200,0,0,21,0,21,172,9,40,0,221,2,4,6,227
07/05/2008,ORF,VA,AEA,EN,Combined TRACON& Tower with Radar,156,13,27,0,196,0,1,2,0,3,156,14,29,0,199,13,6,19,218
07/06/2008,ORF,VA,AEA,EN,Combined TRACON& Tower with Radar,162,19,39,0,220,0,0,4,0,4,162,19,43,0,224,0,2,2,226
07/07/2008,ORF,VA,AEA,EN,Combined TRACON& Tower with Radar,188,24,38,0,250,0,0,14,0,14,188,24,52,0,264,14,28,42,306
07/08/2008,ORF,VA,AEA,EN,Combined TRACON& Tower with Radar,191,29,50,0,270,0,0,16,1,17,191,29,66,1,287,50,12,62,349
07/09/2008,ORF,VA,AEA,EN,Combined TRACON& Tower with Radar,186,28,46,0,260,0,0,11,1,12,186,28,57,1,272,9,26,35,307
07/10/2008,ORF,VA,AEA,EN,Combined TRACON& Tower with Radar,206,24,35,2,267,0,0,28,0,28,206,24,63,2,295,39,32,71,366
07/11/2008,ORF,VA,AEA,EN,Combined TRACON& Tower with Radar,191,27,54,1,273,0,0,38,0,38,191,27,92,1,311,47,19,66,377
07/12/2008,ORF,VA,AEA,EN,Combined TRACON& Tower with Radar,176,14,33,0,223,0,0,36,0,36,176,14,69,0,259,28,12,40,299
07/13/2008,ORF,VA,AEA,EN,Combined TRACON& Tower with Radar,161,13,38,0,212,0,0,23,0,23,161,13,61,0,235,0,0,0,235
07/14/2008,ORF,VA,AEA,EN,Combined TRACON& Tower with Radar,199,25,53,0,277,0,0,13,1,14,199,25,66,1,291,9,1,10,301
07/15/2008,ORF,VA,AEA,EN,Combined TRACON& Tower with Radar,191,26,56,2,275,0,3,39,1,43,191,29,95,3,318,15,17,32,350
07/16/2008,ORF,VA,AEA,EN,Combined TRACON& Tower with Radar,184,27,54,2,267,0,4,34,0,38,184,31,88,2,305,45,27,72,377
07/17/2008,ORF,VA,AEA,EN,Combined TRACON& Tower with Radar,193,20,44,0,257,0,2,28,2,32,193,22,72,2,289,26,64,90,379
07/18/2008,ORF,VA,AEA,EN,Combined TRACON& Tower with Radar,190,28,40,0,258,0,2,36,10,48,190,30,76,10,306,26,30,56,362
07/19/2008,ORF,VA,AEA,EN,Combined TRACON& Tower with Radar,176,17,39,0,232,0,0,22,5,27,176,17,61,5,259,0,0,0,259
07/20/2008,ORF,VA,AEA,EN,Combined TRACON& Tower with Radar,172,14,35,1,222,0,0,11,0,11,172,14,46,1,233,6,5,11,244
07/21/2008,ORF,VA,AEA,EN,Combined TRACON& Tower with Radar,192,25,55,0,272,0,2,35,26,63,192,27,90,26,335,4,9,13,348
07/22/2008,ORF,VA,AEA,EN,Combined TRACON& Tower with Radar,190,26,57,1,274,0,3,49,22,74,190,29,106,23,348,14,17,31,379
07/23/2008,ORF,VA,AEA,EN,Combined TRACON& Tower with Radar,179,26,42,3,250,0,0,55,37,92,179,26,97,40,342,15,16,31,373
07/24/2008,ORF,VA,AEA,EN,Combined TRACON& Tower with Radar,196,32,54,3,285,0,2,14,4,20,196,34,68,7,305,52,52,104,409
07/25/2008,ORF,VA,AEA,EN,Combined TRACON& Tower with Radar,192,29,66,0,287,0,1,26,2,29,192,30,92,2,316,21,38,59,375
07/26/2008,ORF,VA,AEA,EN,Combined TRACON& Tower with Radar,177,12,44,0,233,0,0,26,0,26,177,12,70,0,259,0,0,0,259
07/27/2008,ORF,VA,AEA,EN,Combined TRACON& Tower with Radar,195,12,48,1,256,0,1,66,11,78,195,13,114,12,334,9,9,18,352
07/28/2008,ORF,VA,AEA,EN,Combined TRACON& Tower with Radar,190,25,33,0,248,0,1,27,7,35,190,26,60,7,283,17,16,33,316
07/29/2008,ORF,VA,AEA,EN,Combined TRACON& Tower with Radar,202,15,48,2,267,0,1,25,2,28,202,16,73,4,295,16,37,53,348
07/30/2008,ORF,VA,AEA,EN,Combined TRACON& Tower with Radar,197,21,50,2,270,0,2,18,2,22,197,23,68,4,292,16,16,32,324
07/31/2008,ORF,VA,AEA,EN,Combined TRACON& Tower with Radar,183,21,47,2,253,0,0,18,2,20,183,21,65,4,273,10,12,22,295
08/01/2008,ORF,VA,AEA,EN,Combined TRACON& Tower with Radar,195,23,48,0,266,0,1,16,1,18,195,24,64,1,284,17,20,37,321
08/02/2008,ORF,VA,AEA,EN,Combined TRACON& Tower with Radar,171,7,42,0,220,0,0,21,0,21,171,7,63,0,241,21,5,26,267
08/03/2008,ORF,VA,AEA,EN,Combined TRACON& Tower with Radar,175,16,48,0,239,0,2,21,0,23,175,18,69,0,262,31,1,32,294
08/04/2008,ORF,VA,AEA,EN,Combined TRACON& Tower with Radar,195,30,42,2,269,0,1,19,2,22,195,31,61,4,291,20,8,28,319
08/05/2008,ORF,VA,AEA,EN,Combined TRACON& Tower with Radar,194,22,52,0,268,0,2,15,2,19,194,24,67,2,287,30,29,59,346
08/06/2008,ORF,VA,AEA,EN,Combined TRACON& Tower with Radar,189,26,46,0,261,0,0,15,3,18,189,26,61,3,279,23,34,57,336
08/07/2008,ORF,VA,AEA,EN,Combined TRACON& Tower with Radar,181,36,47,2,266,0,1,22,2,25,181,37,69,4,291,27,23,50,341
08/08/2008,ORF,VA,AEA,EN,Combined TRACON& Tower with Radar,188,27,51,0,266,0,1,30,2,33,188,28,81,2,299,112,8,120,419
08/09/2008,ORF,VA,AEA,EN,Combined TRACON& Tower with Radar,182,17,50,0,249,0,1,30,0,31,182,18,80,0,280,31,5,36,316
08/10/2008,ORF,VA,AEA,EN,Combined TRACON& Tower with Radar,162,15,34,0,211,0,0,16,0,16,162,15,50,0,227,19,3,22,249
08/11/2008,ORF,VA,AEA,EN,Combined TRACON& Tower with Radar,179,30,49,1,259,0,0,58,24,82,179,30,107,25,341,28,16,44,385
08/12/2008,ORF,VA,AEA,EN,Combined TRACON& Tower with Radar,195,27,44,0,266,0,0,46,2,48,195,27,90,2,314,66,12,78,392
08/13/2008,ORF,VA,AEA,EN,Combined TRACON& Tower with Radar,200,18,45,1,264,0,0,19,2,21,200,18,64,3,285,28,23,51,336
08/14/2008,ORF,VA,AEA,EN,Combined TRACON& Tower with Radar,200,28,71,0,299,0,1,32,2,35,200,29,103,2,334,23,7,30,364
08/15/2008,ORF,VA,AEA,EN,Combined TRACON& Tower with Radar,196,26,43,3,268,0,2,19,1,22,196,28,62,4,290,7,15,22,312
08/16/2008,ORF,VA,AEA,EN,Combined TRACON& Tower with Radar,179,14,37,0,230,0,1,19,0,20,179,15,56,0,250,16,18,34,284
08/17/2008,ORF,VA,AEA,EN,Combined TRACON& Tower with Radar,177,20,44,0,241,0,0,34,2,36,177,20,78,2,277,27,0,27,304
08/18/2008,ORF,VA,AEA,EN,Combined TRACON& Tower with Radar,184,22,49,4,259,0,0,19,4,23,184,22,68,8,282,25,23,48,330
08/19/2008,ORF,VA,AEA,EN,Combined TRACON& Tower with Radar,191,15,34,2,242,0,0,38,1,39,191,15,72,3,281,8,0,8,289
08/20/2008,ORF,VA,AEA,EN,Combined TRACON& Tower with Radar,201,18,31,0,250,0,0,24,5,29,201,18,55,5,279,22,8,30,309
08/21/2008,ORF,VA,AEA,EN,Combined TRACON& Tower with Radar,192,27,50,1,270,0,1,20,3,24,192,28,70,4,294,24,16,40,334
08/22/2008,ORF,VA,AEA,EN,Combined TRACON& Tower with Radar,189,16,54,0,259,0,0,34,0,34,189,16,88,0,293,24,6,30,323
08/23/2008,ORF,VA,AEA,EN,Combined TRACON& Tower with Radar,176,14,35,0,225,0,1,16,0,17,176,15,51,0,242,18,0,18,260
08/24/2008,ORF,VA,AEA,EN,Combined TRACON& Tower with Radar,176,15,28,0,219,0,0,18,1,19,176,15,46,1,238,7,2,9,247
08/25/2008,ORF,VA,AEA,EN,Combined TRACON& Tower with Radar,180,21,39,0,240,0,0,15,4,19,180,21,54,4,259,54,7,61,320
08/26/2008,ORF,VA,AEA,EN,Combined TRACON& Tower with Radar,193,17,30,0,240,0,0,7,3,10,193,17,37,3,250,28,10,38,288
08/27/2008,ORF,VA,AEA,EN,Combined TRACON& Tower with Radar,195,20,52,1,268,0,0,13,3,16,195,20,65,4,284,19,19,38,322
08/28/2008,ORF,VA,AEA,EN,Combined TRACON& Tower with Radar,194,25,37,3,259,0,1,5,1,7,194,26,42,4,266,20,7,27,293
08/29/2008,ORF,VA,AEA,EN,Combined TRACON& Tower with Radar,200,24,47,0,271,0,0,15,2,17,200,24,62,2,288,25,7,32,320
08/30/2008,ORF,VA,AEA,EN,Combined TRACON& Tower with Radar,166,14,36,0,216,0,0,4,0,4,166,14,40,0,220,31,1,32,252
08/31/2008,ORF,VA,AEA,EN,Combined TRACON& Tower with Radar,152,10,19,0,181,0,0,19,0,19,152,10,38,0,200,19,1,20,220
09/01/2008,ORF,VA,AEA,EN,Combined TRACON& Tower with Radar,28,1,6,0,35,0,0,2,0,2,28,1,8,0,37,29,6,35,72
09/02/2008,ORF,VA,AEA,EN,Combined TRACON& Tower with Radar,187,24,44,0,255,0,0,27,2,29,187,24,71,2,284,31,7,38,322
09/03/2008,ORF,VA,AEA,EN,Combined TRACON& Tower with Radar,179,17,58,1,255,0,0,29,4,33,179,17,87,5,288,24,7,31,319
09/04/2008,ORF,VA,AEA,EN,Combined TRACON& Tower with Radar,181,18,54,1,254,0,0,19,2,21,181,18,73,3,275,43,6,49,324
09/05/2008,ORF,VA,AEA,EN,Combined TRACON& Tower with Radar,192,20,35,0,247,0,0,5,0,5,192,20,40,0,252,11,9,20,272
09/06/2008,ORF,VA,AEA,EN,Combined TRACON& Tower with Radar,106,0,0,0,106,0,0,1,0,1,106,0,1,0,107,0,0,0,107
09/07/2008,ORF,VA,AEA,EN,Combined TRACON& Tower with Radar,180,6,32,0,218,0,0,22,0,22,180,6,54,0,240,33,2,35,275
09/08/2008,ORF,VA,AEA,EN,Combined TRACON& Tower with Radar,175,23,59,0,257,0,0,25,1,26,175,23,84,1,283,12,23,35,318
09/09/2008,ORF,VA,AEA,EN,Combined TRACON& Tower with Radar,173,14,47,3,237,1,0,16,0,17,174,14,63,3,254,21,0,21,275
09/10/2008,ORF,VA,AEA,EN,Combined TRACON& Tower with Radar,179,15,47,2,243,0,0,10,2,12,179,15,57,4,255,0,0,0,255
09/11/2008,ORF,VA,AEA,EN,Combined TRACON& Tower with Radar,182,22,64,2,270,0,0,16,0,16,182,22,80,2,286,34,0,34,320
09/12/2008,ORF,VA,AEA,EN,Combined TRACON& Tower with Radar,176,21,63,0,260,0,0,22,2,24,176,21,85,2,284,20,0,20,304
09/13/2008,ORF,VA,AEA,EN,Combined TRACON& Tower with Radar,156,3,39,0,198,0,1,24,0,25,156,4,63,0,223,31,0,31,254
09/14/2008,ORF,VA,AEA,EN,Combined TRACON& Tower with Radar,170,5,53,0,228,0,0,32,0,32,170,5,85,0,260,32,8,40,300
09/15/2008,ORF,VA,AEA,EN,Combined TRACON& Tower with Radar,177,17,37,3,234,0,0,20,2,22,177,17,57,5,256,36,0,36,292
09/16/2008,ORF,VA,AEA,EN,Combined TRACON& Tower with Radar,174,17,27,3,221,0,0,9,0,9,174,17,36,3,230,27,0,27,257
09/17/2008,ORF,VA,AEA,EN,Combined TRACON& Tower with Radar,181,12,43,3,239,0,0,17,2,19,181,12,60,5,258,43,0,43,301
09/18/2008,ORF,VA,AEA,EN,Combined TRACON& Tower with Radar,176,22,55,0,253,0,0,37,0,37,176,22,92,0,290,23,2,25,315
09/19/2008,ORF,VA,AEA,EN,Combined TRACON& Tower with Radar,185,18,49,0,252,0,0,33,0,33,185,18,82,0,285,26,0,26,311
09/20/2008,ORF,VA,AEA,EN,Combined TRACON& Tower with Radar,154,10,41,0,205,0,0,12,0,12,154,10,53,0,217,12,16,28,245
09/21/2008,ORF,VA,AEA,EN,Combined TRACON& Tower with Radar,178,8,56,0,242,0,0,35,0,35,178,8,91,0,277,14,5,19,296
09/22/2008,ORF,VA,AEA,EN,Combined TRACON& Tower with Radar,180,21,35,1,237,0,0,14,4,18,180,21,49,5,255,33,11,44,299
09/23/2008,ORF,VA,AEA,EN,Combined TRACON& Tower with Radar,172,20,45,0,237,1,0,11,7,19,173,20,56,7,256,18,12,30,286
09/24/2008,ORF,VA,AEA,EN,Combined TRACON& Tower with Radar,178,12,30,2,222,0,1,15,0,16,178,13,45,2,238,9,0,9,247
09/25/2008,ORF,VA,AEA,EN,Combined TRACON& Tower with Radar,183,14,11,4,212,0,0,1,0,1,183,14,12,4,213,0,0,0,213
09/26/2008,ORF,VA,AEA,EN,Combined TRACON& Tower with Radar,169,15,33,0,217,0,1,11,0,12,169,16,44,0,229,17,7,24,253
09/27/2008,ORF,VA,AEA,EN,Combined TRACON& Tower with Radar,165,7,40,0,212,0,0,1,1,2,165,7,41,1,214,17,0,17,231
09/28/2008,ORF,VA,AEA,EN,Combined TRACON& Tower with Radar,174,4,39,2,219,0,1,15,0,16,174,5,54,2,235,17,1,18,253
09/29/2008,ORF,VA,AEA,EN,Combined TRACON& Tower with Radar,179,9,36,1,225,0,0,16,0,16,179,9,52,1,241,0,0,0,241
09/30/2008,ORF,VA,AEA,EN,Combined TRACON& Tower with Radar,174,10,30,2,216,0,2,12,0,14,174,12,42,2,230,30,29,59,289
10/01/2008,ORF,VA,AEA,EN,Combined TRACON& Tower with Radar,179,21,46,2,248,0,0,14,1,15,179,21,60,3,263,38,0,38,301
10/02/2008,ORF,VA,AEA,EN,Combined TRACON& Tower with Radar,180,25,49,4,258,0,2,30,2,34,180,27,79,6,292,24,5,29,321
10/03/2008,ORF,VA,AEA,EN,Combined TRACON& Tower with Radar,183,14,57,0,254,0,0,39,2,41,183,14,96,2,295,18,18,36,331
10/04/2008,ORF,VA,AEA,EN,Combined TRACON& Tower with Radar,154,5,32,0,191,0,1,32,0,33,154,6,64,0,224,37,11,48,272
10/05/2008,ORF,VA,AEA,EN,Combined TRACON& Tower with Radar,178,14,42,0,234,0,0,26,0,26,178,14,68,0,260,13,3,16,276
10/06/2008,ORF,VA,AEA,EN,Combined TRACON& Tower with Radar,176,11,31,4,222,0,0,18,2,20,176,11,49,6,242,15,26,41,283
10/07/2008,ORF,VA,AEA,EN,Combined TRACON& Tower with Radar,170,14,45,5,234,0,0,24,2,26,170,14,69,7,260,32,0,32,292
10/08/2008,ORF,VA,AEA,EN,Combined TRACON& Tower with Radar,171,10,49,2,232,0,0,30,1,31,171,10,79,3,263,31,0,31,294
10/09/2008,ORF,VA,AEA,EN,Combined TRACON& Tower with Radar,179,16,30,0,225,0,1,26,3,30,179,17,56,3,255,30,0,30,285
10/10/2008,ORF,VA,AEA,EN,Combined TRACON& Tower with Radar,178,9,63,0,250,0,0,20,3,23,178,9,83,3,273,20,0,20,293
10/11/2008,ORF,VA,AEA,EN,Combined TRACON& Tower with Radar,154,2,24,0,180,0,1,14,0,15,154,3,38,0,195,17,2,19,214
10/12/2008,ORF,VA,AEA,EN,Combined TRACON& Tower with Radar,178,7,44,1,230,0,0,30,0,30,178,7,74,1,260,17,9,26,286
10/13/2008,ORF,VA,AEA,EN,Combined TRACON& Tower with Radar,177,4,33,3,217,0,0,25,2,27,177,4,58,5,244,42,8,50,294
10/14/2008,ORF,VA,AEA,EN,Combined TRACON& Tower with Radar,173,15,38,0,226,0,0,17,2,19,173,15,55,2,245,17,4,21,266
10/15/2008,ORF,VA,AEA,EN,Combined TRACON& Tower with Radar,173,13,64,2,252,0,0,32,2,34,173,13,96,4,286,26,0,26,312
10/16/2008,ORF,VA,AEA,EN,Combined TRACON& Tower with Radar,181,13,72,0,266,0,0,33,2,35,181,13,105,2,301,30,0,30,331
10/17/2008,ORF,VA,AEA,EN,Combined TRACON& Tower with Radar,178,17,41,0,236,0,0,18,1,19,178,17,59,1,255,0,0,0,255
10/18/2008,ORF,VA,AEA,EN,Combined TRACON& Tower with Radar,156,7,32,0,195,0,0,1,0,1,156,7,33,0,196,20,0,20,216
10/19/2008,ORF,VA,AEA,EN,Combined TRACON& Tower with Radar,182,11,35,2,230,0,0,5,0,5,182,11,40,2,235,0,0,0,235
10/20/2008,ORF,VA,AEA,EN,Combined TRACON& Tower with Radar,175,9,52,2,238,0,0,47,0,47,175,9,99,2,285,45,6,51,336
10/21/2008,ORF,VA,AEA,EN,Combined TRACON& Tower with Radar,173,17,60,0,250,0,0,27,4,31,173,17,87,4,281,12,0,12,293
10/22/2008,ORF,VA,AEA,EN,Combined TRACON& Tower with Radar,174,12,42,0,228,0,0,21,1,22,174,12,63,1,250,34,2,36,286
10/23/2008,ORF,VA,AEA,EN,Combined TRACON& Tower with Radar,183,12,60,1,256,0,0,15,1,16,183,12,75,2,272,36,2,38,310
10/24/2008,ORF,VA,AEA,EN,Combined TRACON& Tower with Radar,184,18,38,1,241,0,0,12,3,15,184,18,50,4,256,84,0,84,340
10/25/2008,ORF,VA,AEA,EN,Combined TRACON& Tower with Radar,155,11,42,1,209,0,0,0,0,0,155,11,42,1,209,16,0,16,225
10/26/2008,ORF,VA,AEA,EN,Combined TRACON& Tower with Radar,181,9,54,0,244,0,0,30,0,30,181,9,84,0,274,25,0,25,299
10/27/2008,ORF,VA,AEA,EN,Combined TRACON& Tower with Radar,180,12,45,1,238,0,0,11,2,13,180,12,56,3,251,0,0,0,251
10/28/2008,ORF,VA,AEA,EN,Combined TRACON& Tower with Radar,161,13,24,1,199,0,0,13,1,14,161,13,37,2,213,10,0,10,223
10/29/2008,ORF,VA,AEA,EN,Combined TRACON& Tower with Radar,181,14,53,1,249,0,0,19,0,19,181,14,72,1,268,24,0,24,292
10/30/2008,ORF,VA,AEA,EN,Combined TRACON& Tower with Radar,180,9,35,2,226,0,0,40,2,42,180,9,75,4,268,33,0,33,301
10/31/2008,ORF,VA,AEA,EN,Combined TRACON& Tower with Radar,179,8,42,0,229,0,1,31,4,36,179,9,73,4,265,40,0,40,305
11/01/2008,ORF,VA,AEA,EN,Combined TRACON& Tower with Radar,153,6,44,0,203,0,0,25,0,25,153,6,69,0,228,22,0,22,250
11/02/2008,ORF,VA,AEA,EN,Combined TRACON& Tower with Radar,169,16,54,0,239,0,0,15,0,15,169,16,69,0,254,11,3,14,268
11/03/2008,ORF,VA,AEA,EN,Combined TRACON& Tower with Radar,176,13,48,1,238,0,1,15,2,18,176,14,63,3,256,30,5,35,291
11/04/2008,ORF,VA,AEA,EN,Combined TRACON& Tower with Radar,167,20,34,0,221,0,0,6,0,6,167,20,40,0,227,0,0,0,227
11/05/2008,ORF,VA,AEA,EN,Combined TRACON& Tower with Radar,181,15,40,3,239,0,0,2,0,2,181,15,42,3,241,0,0,0,241
11/06/2008,ORF,VA,AEA,EN,Combined TRACON& Tower with Radar,167,14,42,1,224,0,0,4,0,4,167,14,46,1,228,0,0,0,228
11/07/2008,ORF,VA,AEA,EN,Combined TRACON& Tower with Radar,179,10,59,1,249,0,1,23,0,24,179,11,82,1,273,35,7,42,315
11/08/2008,ORF,VA,AEA,EN,Combined TRACON& Tower with Radar,153,8,32,0,193,0,0,6,0,6,153,8,38,0,199,16,7,23,222
11/09/2008,ORF,VA,AEA,EN,Combined TRACON& Tower with Radar,169,6,49,1,225,0,0,29,0,29,169,6,78,1,254,24,6,30,284
11/10/2008,ORF,VA,AEA,EN,Combined TRACON& Tower with Radar,171,9,37,3,220,0,0,23,1,24,171,9,60,4,244,23,32,55,299
11/11/2008,ORF,VA,AEA,EN,Combined TRACON& Tower with Radar,167,13,43,0,223,0,0,26,3,29,167,13,69,3,252,26,0,26,278
11/12/2008,ORF,VA,AEA,EN,Combined TRACON& Tower with Radar,173,16,37,0,226,0,0,16,3,19,173,16,53,3,245,34,0,34,279
11/13/2008,ORF,VA,AEA,EN,Combined TRACON& Tower with Radar,170,18,43,0,231,0,1,6,1,8,170,19,49,1,239,0,0,0,239
11/14/2008,ORF,VA,AEA,EN,Combined TRACON& Tower with Radar,168,15,18,2,203,0,0,0,0,0,168,15,18,2,203,0,0,0,203
11/15/2008,ORF,VA,AEA,EN,Combined TRACON& Tower with Radar,151,8,13,0,172,0,0,2,0,2,151,8,15,0,174,16,16,32,206
11/16/2008,ORF,VA,AEA,EN,Combined TRACON& Tower with Radar,171,7,41,0,219,0,0,16,0,16,171,7,57,0,235,14,3,17,252
11/17/2008,ORF,VA,AEA,EN,Combined TRACON& Tower with Radar,169,8,42,0,219,0,0,27,3,30,169,8,69,3,249,24,8,32,281
11/18/2008,ORF,VA,AEA,EN,Combined TRACON& Tower with Radar,170,11,33,4,218,0,0,7,3,10,170,11,40,7,228,38,1,39,267
11/19/2008,ORF,VA,AEA,EN,Combined TRACON& Tower with Radar,170,19,49,1,239,0,2,24,0,26,170,21,73,1,265,53,2,55,320
11/20/2008,ORF,VA,AEA,EN,Combined TRACON& Tower with Radar,174,10,51,4,239,0,2,31,1,34,174,12,82,5,273,33,20,53,326
11/21/2008,ORF,VA,AEA,EN,Combined TRACON& Tower with Radar,175,13,37,3,228,0,0,13,0,13,175,13,50,3,241,13,0,13,254
11/22/2008,ORF,VA,AEA,EN,Combined TRACON& Tower with Radar,145,5,23,0,173,0,2,15,0,17,145,7,38,0,190,18,0,18,208
11/23/2008,ORF,VA,AEA,EN,Combined TRACON& Tower with Radar,171,3,46,6,226,0,0,39,0,39,171,3,85,6,265,0,0,0,265
11/24/2008,ORF,VA,AEA,EN,Combined TRACON& Tower with Radar,171,9,50,2,232,0,0,29,0,29,171,9,79,2,261,12,4,16,277
11/25/2008,ORF,VA,AEA,EN,Combined TRACON& Tower with Radar,181,14,46,2,243,0,4,16,0,20,181,18,62,2,263,5,0,5,268
11/26/2008,ORF,VA,AEA,EN,Combined TRACON& Tower with Radar,180,13,46,0,239,0,2,39,3,44,180,15,85,3,283,30,0,30,313
11/27/2008,ORF,VA,AEA,EN,Combined TRACON& Tower with Radar,104,2,7,1,114,0,0,3,1,4,104,2,10,2,118,0,0,0,118
11/28/2008,ORF,VA,AEA,EN,Combined TRACON& Tower with Radar,123,12,34,2,171,0,0,26,0,26,123,12,60,2,197,34,0,34,231
11/29/2008,ORF,VA,AEA,EN,Combined TRACON& Tower with Radar,157,14,44,0,215,0,2,21,0,23,157,16,65,0,238,24,0,24,262
11/30/2008,ORF,VA,AEA,EN,Combined TRACON& Tower with Radar,160,16,41,0,217,0,0,0,0,0,160,16,41,0,217,0,0,0,217
12/01/2008,ORF,VA,AEA,EN,Combined TRACON& Tower with Radar,171,15,28,1,215,0,0,5,0,5,171,15,33,1,220,42,0,42,262
12/02/2008,ORF,VA,AEA,EN,Combined TRACON& Tower with Radar,173,21,41,1,236,0,0,28,2,30,173,21,69,3,266,27,0,27,293
12/03/2008,ORF,VA,AEA,EN,Combined TRACON& Tower with Radar,169,13,45,0,227,0,1,33,6,40,169,14,78,6,267,38,0,38,305
12/04/2008,ORF,VA,AEA,EN,Combined TRACON& Tower with Radar,173,16,42,0,231,0,1,34,1,36,173,17,76,1,267,29,0,29,296
12/05/2008,ORF,VA,AEA,EN,Combined TRACON& Tower with Radar,173,22,26,2,223,0,2,19,0,21,173,24,45,2,244,25,0,25,269
12/06/2008,ORF,VA,AEA,EN,Combined TRACON& Tower with Radar,144,13,32,0,189,0,1,25,0,26,144,14,57,0,215,38,0,38,253
12/07/2008,ORF,VA,AEA,EN,Combined TRACON& Tower with Radar,164,16,29,0,209,0,0,8,0,8,164,16,37,0,217,14,2,16,233
12/08/2008,ORF,VA,AEA,EN,Combined TRACON& Tower with Radar,171,13,28,4,216,0,2,40,5,47,171,15,68,9,263,30,0,30,293
12/09/2008,ORF,VA,AEA,EN,Combined TRACON& Tower with Radar,166,15,33,2,216,0,0,15,2,17,166,15,48,4,233,16,12,28,261
12/10/2008,ORF,VA,AEA,EN,Combined TRACON& Tower with Radar,158,18,43,1,220,0,0,11,2,13,158,18,54,3,233,15,0,15,248
12/11/2008,ORF,VA,AEA,EN,Combined TRACON& Tower with Radar,167,20,23,2,212,0,0,1,0,1,167,20,24,2,213,0,0,0,213
12/12/2008,ORF,VA,AEA,EN,Combined TRACON& Tower with Radar,170,17,58,2,247,0,0,17,2,19,170,17,75,4,266,38,0,38,304
12/13/2008,ORF,VA,AEA,EN,Combined TRACON& Tower with Radar,145,3,25,1,174,0,0,25,1,26,145,3,50,2,200,19,2,21,221
12/14/2008,ORF,VA,AEA,EN,Combined TRACON& Tower with Radar,159,8,44,0,211,0,1,27,1,29,159,9,71,1,240,0,0,0,240
12/15/2008,ORF,VA,AEA,EN,Combined TRACON& Tower with Radar,167,8,47,2,224,0,0,20,1,21,167,8,67,3,245,35,4,39,284
12/16/2008,ORF,VA,AEA,EN,Combined TRACON& Tower with Radar,167,13,16,0,196,0,0,1,0,1,167,13,17,0,197,0,0,0,197
12/17/2008,ORF,VA,AEA,EN,Combined TRACON& Tower with Radar,185,15,57,0,257,0,0,0,0,0,185,15,57,0,257,11,0,11,268
12/18/2008,ORF,VA,AEA,EN,Combined TRACON& Tower with Radar,183,16,49,2,250,0,0,13,0,13,183,16,62,2,263,28,4,32,295
12/19/2008,ORF,VA,AEA,EN,Combined TRACON& Tower with Radar,172,8,19,0,199,0,0,2,0,2,172,8,21,0,201,0,0,0,201
12/20/2008,ORF,VA,AEA,EN,Combined TRACON& Tower with Radar,155,9,40,0,204,0,0,3,0,3,155,9,43,0,207,0,0,0,207
12/21/2008,ORF,VA,AEA,EN,Combined TRACON& Tower with Radar,173,7,23,0,203,0,0,7,0,7,173,7,30,0,210,0,0,0,210
12/22/2008,ORF,VA,AEA,EN,Combined TRACON& Tower with Radar,172,15,41,0,228,0,1,11,1,13,172,16,52,1,241,23,17,40,281
12/23/2008,ORF,VA,AEA,EN,Combined TRACON& Tower with Radar,181,10,36,2,229,0,2,26,6,34,181,12,62,8,263,29,19,48,311
12/24/2008,ORF,VA,AEA,EN,Combined TRACON& Tower with Radar,150,13,16,0,179,0,1,7,3,11,150,14,23,3,190,10,10,20,210
12/25/2008,ORF,VA,AEA,EN,Combined TRACON& Tower with Radar,137,1,6,0,144,0,0,15,0,15,137,1,21,0,159,0,2,2,161
12/26/2008,ORF,VA,AEA,EN,Combined TRACON& Tower with Radar,160,18,32,2,212,0,0,18,0,18,160,18,50,2,230,19,0,19,249
12/27/2008,ORF,VA,AEA,EN,Combined TRACON& Tower with Radar,161,11,32,0,204,0,0,7,0,7,161,11,39,0,211,14,0,14,225
12/28/2008,ORF,VA,AEA,EN,Combined TRACON& Tower with Radar,172,5,23,0,200,0,0,6,0,6,172,5,29,0,206,17,5,22,228
12/29/2008,ORF,VA,AEA,EN,Combined TRACON& Tower with Radar,171,10,17,0,198,0,0,20,3,23,171,10,37,3,221,14,16,30,251
12/30/2008,ORF,VA,AEA,EN,Combined TRACON& Tower with Radar,161,10,44,0,215,0,1,21,0,22,161,11,65,0,237,24,1,25,262
12/31/2008,ORF,VA,AEA,EN,Combined TRACON& Tower with Radar,143,7,17,0,167,0,1,7,0,8,143,8,24,0,175,4,0,4,179
01/01/2009,ORF,VA,AEA,EN,Combined TRACON& Tower with Radar,140,2,22,2,166,0,0,9,0,9,140,2,31,2,175,24,0,24,199
01/02/2009,ORF,VA,AEA,EN,Combined TRACON& Tower with Radar,165,12,18,0,195,0,0,5,0,5,165,12,23,0,200,2,0,2,202
01/03/2009,ORF,VA,AEA,EN,Combined TRACON& Tower with Radar,165,10,23,0,198,0,0,34,0,34,165,10,57,0,232,34,7,41,273
01/04/2009,ORF,VA,AEA,EN,Combined TRACON& Tower with Radar,171,7,31,0,209,0,0,4,0,4,171,7,35,0,213,18,0,18,231
01/05/2009,ORF,VA,AEA,EN,Combined TRACON& Tower with Radar,179,12,31,1,223,0,0,3,0,3,179,12,34,1,226,6,0,6,232
01/06/2009,ORF,VA,AEA,EN,Combined TRACON& Tower with Radar,171,10,15,2,198,0,0,0,0,0,171,10,15,2,198,0,0,0,198
01/07/2009,ORF,VA,AEA,EN,Combined TRACON& Tower with Radar,171,12,31,1,215,0,0,8,0,8,171,12,39,1,223,0,0,0,223
01/08/2009,ORF,VA,AEA,EN,Combined TRACON& Tower with Radar,176,15,42,1,234,0,0,21,5,26,176,15,63,6,260,15,8,23,283
01/09/2009,ORF,VA,AEA,EN,Combined TRACON& Tower with Radar,179,24,82,3,288,0,0,31,5,36,179,24,113,8,324,14,44,58,382
01/10/2009,ORF,VA,AEA,EN,Combined TRACON& Tower with Radar,123,26,58,7,214,0,0,2,0,2,123,26,60,7,216,11,25,36,252
01/11/2009,ORF,VA,AEA,EN,Combined TRACON& Tower with Radar,162,5,30,1,198,0,0,9,1,10,162,5,39,2,208,15,1,16,224
01/12/2009,ORF,VA,AEA,EN,Combined TRACON& Tower with Radar,167,12,39,0,218,0,1,22,2,25,167,13,61,2,243,24,0,24,267
01/13/2009,ORF,VA,AEA,EN,Combined TRACON& Tower with Radar,170,16,41,0,227,0,0,4,2,6,170,16,45,2,233,10,0,10,243
01/14/2009,ORF,VA,AEA,EN,Combined TRACON& Tower with Radar,174,12,26,0,212,0,0,17,3,20,174,12,43,3,232,18,23,41,273
01/15/2009,ORF,VA,AEA,EN,Combined TRACON& Tower with Radar,161,17,34,0,212,0,0,11,1,12,161,17,45,1,224,43,24,67,291
01/16/2009,ORF,VA,AEA,EN,Combined TRACON& Tower with Radar,172,12,28,2,214,0,1,11,1,13,172,13,39,3,227,0,0,0,227
01/17/2009,ORF,VA,AEA,EN,Combined TRACON& Tower with Radar,129,4,33,0,166,0,0,17,0,17,129,4,50,0,183,22,3,25,208
01/18/2009,ORF,VA,AEA,EN,Combined TRACON& Tower with Radar,141,5,11,0,157,0,0,8,0,8,141,5,19,0,165,2,0,2,167
01/19/2009,ORF,VA,AEA,EN,Combined TRACON& Tower with Radar,163,7,24,1,195,0,1,4,0,5,163,8,28,1,200,0,0,0,200
01/20/2009,ORF,VA,AEA,EN,Combined TRACON& Tower with Radar,173,7,17,0,197,0,0,5,0,5,173,7,22,0,202,0,0,0,202
01/21/2009,ORF,VA,AEA,EN,Combined TRACON& Tower with Radar,174,11,66,2,253,0,0,17,2,19,174,11,83,4,272,29,26,55,327
01/22/2009,ORF,VA,AEA,EN,Combined TRACON& Tower with Radar,178,9,45,4,236,0,0,28,2,30,178,9,73,6,266,28,38,66,332
01/23/2009,ORF,VA,AEA,EN,Combined TRACON& Tower with Radar,178,8,52,1,239,0,0,27,4,31,178,8,79,5,270,21,16,37,307
01/24/2009,ORF,VA,AEA,EN,Combined TRACON& Tower with Radar,127,6,16,0,149,0,0,22,0,22,127,6,38,0,171,21,7,28,199
01/25/2009,ORF,VA,AEA,EN,Combined TRACON& Tower with Radar,156,5,39,0,200,0,0,12,0,12,156,5,51,0,212,26,0,26,238
01/26/2009,ORF,VA,AEA,EN,Combined TRACON& Tower with Radar,168,7,24,0,199,0,0,19,4,23,168,7,43,4,222,14,0,14,236
01/27/2009,ORF,VA,AEA,EN,Combined TRACON& Tower with Radar,172,5,32,0,209,0,0,5,2,7,172,5,37,2,216,7,9,16,232
01/28/2009,ORF,VA,AEA,EN,Combined TRACON& Tower with Radar,141,8,31,0,180,0,0,0,0,0,141,8,31,0,180,5,19,24,204
01/29/2009,ORF,VA,AEA,EN,Combined TRACON& Tower with Radar,171,17,32,1,221,0,0,22,4,26,171,17,54,5,247,33,9,42,289
01/30/2009,ORF,VA,AEA,EN,Combined TRACON& Tower with Radar,172,6,55,0,233,0,0,13,2,15,172,6,68,2,248,31,2,33,281
01/31/2009,ORF,VA,AEA,EN,Combined TRACON& Tower with Radar,128,5,36,1,170,0,0,20,2,22,128,5,56,3,192,40,4,44,236
02/01/2009,ORF,VA,AEA,EN,Combined TRACON& Tower with Radar,155,6,31,1,193,0,0,15,3,18,155,6,46,4,211,3,0,3,214
02/02/2009,ORF,VA,AEA,EN,Combined TRACON& Tower with Radar,171,12,47,0,230,0,1,28,6,35,171,13,75,6,265,22,0,22,287
02/03/2009,ORF,VA,AEA,EN,Combined TRACON& Tower with Radar,158,14,27,0,199,0,0,3,2,5,158,14,30,2,204,18,10,28,232
02/04/2009,ORF,VA,AEA,EN,Combined TRACON& Tower with Radar,179,11,26,1,217,0,0,6,2,8,179,11,32,3,225,20,28,48,273
02/05/2009,ORF,VA,AEA,EN,Combined TRACON& Tower with Radar,169,10,31,3,213,0,1,9,3,13,169,11,40,6,226,14,7,21,247
02/06/2009,ORF,VA,AEA,EN,Combined TRACON& Tower with Radar,177,14,40,3,234,0,0,23,2,25,177,14,63,5,259,25,2,27,286
02/07/2009,ORF,VA,AEA,EN,Combined TRACON& Tower with Radar,127,1,18,0,146,0,1,30,2,33,127,2,48,2,179,29,8,37,216
02/08/2009,ORF,VA,AEA,EN,Combined TRACON& Tower with Radar,158,6,32,0,196,0,0,35,3,38,158,6,67,3,234,21,0,21,255
02/09/2009,ORF,VA,AEA,EN,Combined TRACON& Tower with Radar,172,10,63,2,247,0,0,16,3,19,172,10,79,5,266,52,0,52,318
02/10/2009,ORF,VA,AEA,EN,Combined TRACON& Tower with Radar,176,8,39,1,224,0,0,27,2,29,176,8,66,3,253,27,0,27,280
02/11/2009,ORF,VA,AEA,EN,Combined TRACON& Tower with Radar,174,11,39,1,225,0,1,9,2,12,174,12,48,3,237,18,10,28,265
02/12/2009,ORF,VA,AEA,EN,Combined TRACON& Tower with Radar,169,17,23,1,210,0,1,6,0,7,169,18,29,1,217,0,0,0,217
02/13/2009,ORF,VA,AEA,EN,Combined TRACON& Tower with Radar,171,14,43,1,229,0,0,33,4,37,171,14,76,5,266,35,21,56,322
02/14/2009,ORF,VA,AEA,EN,Combined TRACON& Tower with Radar,132,12,10,0,154,0,0,25,0,25,132,12,35,0,179,13,4,17,196
02/15/2009,ORF,VA,AEA,EN,Combined TRACON& Tower with Radar,153,6,18,0,177,0,0,21,0,21,153,6,39,0,198,37,0,37,235
02/16/2009,ORF,VA,AEA,EN,Combined TRACON& Tower with Radar,165,9,24,0,198,0,0,24,1,25,165,9,48,1,223,29,0,29,252
02/17/2009,ORF,VA,AEA,EN,Combined TRACON& Tower with Radar,170,14,45,4,233,0,0,36,4,40,170,14,81,8,273,35,14,49,322
02/18/2009,ORF,VA,AEA,EN,Combined TRACON& Tower with Radar,167,10,17,0,194,0,0,0,0,0,167,10,17,0,194,15,10,25,219
02/19/2009,ORF,VA,AEA,EN,Combined TRACON& Tower with Radar,176,9,37,1,223,0,0,6,1,7,176,9,43,2,230,23,25,48,278
02/20/2009,ORF,VA,AEA,EN,Combined TRACON& Tower with Radar,165,19,42,0,226,0,0,21,0,21,165,19,63,0,247,20,21,41,288
02/21/2009,ORF,VA,AEA,EN,Combined TRACON& Tower with Radar,130,6,35,0,171,0,0,31,1,32,130,6,66,1,203,28,4,32,235
02/22/2009,ORF,VA,AEA,EN,Combined TRACON& Tower with Radar,155,7,34,0,196,0,1,5,2,8,155,8,39,2,204,0,0,0,204
02/23/2009,ORF,VA,AEA,EN,Combined TRACON& Tower with Radar,169,12,46,2,229,0,1,17,0,18,169,13,63,2,247,20,19,39,286
02/24/2009,ORF,VA,AEA,EN,Combined TRACON& Tower with Radar,168,10,43,0,221,0,2,15,2,19,168,12,58,2,240,12,5,17,257
02/25/2009,ORF,VA,AEA,EN,Combined TRACON& Tower with Radar,171,12,44,0,227,0,0,21,0,21,171,12,65,0,248,0,0,0,248
02/26/2009,ORF,VA,AEA,EN,Combined TRACON& Tower with Radar,170,8,46,1,225,0,1,27,1,29,170,9,73,2,254,30,1,31,285
02/27/2009,ORF,VA,AEA,EN,Combined TRACON& Tower with Radar,161,15,33,2,211,0,0,22,4,26,161,15,55,6,237,0,0,0,237
02/28/2009,ORF,VA,AEA,EN,Combined TRACON& Tower with Radar,137,10,32,0,179,0,0,1,0,1,137,10,33,0,180,9,0,9,189
03/01/2009,ORF,VA,AEA,EN,Combined TRACON& Tower with Radar,133,4,21,0,158,0,0,0,0,0,133,4,21,0,158,0,0,0,158
03/02/2009,ORF,VA,AEA,EN,Combined TRACON& Tower with Radar,132,7,18,1,158,0,1,0,0,1,132,8,18,1,159,0,0,0,159
03/03/2009,ORF,VA,AEA,EN,Combined TRACON& Tower with Radar,185,7,28,0,220,0,0,15,0,15,185,7,43,0,235,24,3,27,262
03/04/2009,ORF,VA,AEA,EN,Combined TRACON& Tower with Radar,181,9,41,2,233,0,2,20,3,25,181,11,61,5,258,21,5,26,284
03/05/2009,ORF,VA,AEA,EN,Combined TRACON& Tower with Radar,179,13,38,1,231,0,0,19,2,21,179,13,57,3,252,0,0,0,252
03/06/2009,ORF,VA,AEA,EN,Combined TRACON& Tower with Radar,177,7,43,1,228,0,2,20,0,22,177,9,63,1,250,32,20,52,302
03/07/2009,ORF,VA,AEA,EN,Combined TRACON& Tower with Radar,142,10,40,0,192,0,0,28,0,28,142,10,68,0,220,28,10,38,258
03/08/2009,ORF,VA,AEA,EN,Combined TRACON& Tower with Radar,160,4,36,0,200,0,0,27,0,27,160,4,63,0,227,40,0,40,267
03/09/2009,ORF,VA,AEA,EN,Combined TRACON& Tower with Radar,175,8,42,0,225,0,1,7,1,9,175,9,49,1,234,35,0,35,269
03/10/2009,ORF,VA,AEA,EN,Combined TRACON& Tower with Radar,176,9,37,2,224,0,0,4,0,4,176,9,41,2,228,37,66,103,331
03/11/2009,ORF,VA,AEA,EN,Combined TRACON& Tower with Radar,175,14,31,0,220,0,0,2,0,2,175,14,33,0,222,26,24,50,272
03/12/2009,ORF,VA,AEA,EN,Combined TRACON& Tower with Radar,177,13,46,1,237,0,0,8,0,8,177,13,54,1,245,0,0,0,245
03/13/2009,ORF,VA,AEA,EN,Combined TRACON& Tower with Radar,187,13,27,0,227,0,0,0,0,0,187,13,27,0,227,0,0,0,227
03/14/2009,ORF,VA,AEA,EN,Combined TRACON& Tower with Radar,142,6,29,2,179,0,0,0,0,0,142,6,29,2,179,0,0,0,179
03/15/2009,ORF,VA,AEA,EN,Combined TRACON& Tower with Radar,161,11,38,0,210,0,0,0,0,0,161,11,38,0,210,0,0,0,210
03/16/2009,ORF,VA,AEA,EN,Combined TRACON& Tower with Radar,177,6,21,2,206,0,0,0,0,0,177,6,21,2,206,0,0,0,206
03/17/2009,ORF,VA,AEA,EN,Combined TRACON& Tower with Radar,178,13,22,2,215,0,0,1,0,1,178,13,23,2,216,0,0,0,216
03/18/2009,ORF,VA,AEA,EN,Combined TRACON& Tower with Radar,174,12,38,0,224,0,0,17,1,18,174,12,55,1,242,30,11,41,283
03/19/2009,ORF,VA,AEA,EN,Combined TRACON& Tower with Radar,180,17,36,4,237,0,2,28,0,30,180,19,64,4,267,8,8,16,283
03/20/2009,ORF,VA,AEA,EN,Combined TRACON& Tower with Radar,182,12,51,5,250,0,0,11,0,11,182,12,62,5,261,0,0,0,261
03/21/2009,ORF,VA,AEA,EN,Combined TRACON& Tower with Radar,140,5,29,0,174,0,0,37,0,37,140,5,66,0,211,6,0,6,217
03/22/2009,ORF,VA,AEA,EN,Combined TRACON& Tower with Radar,159,4,45,0,208,0,1,36,0,37,159,5,81,0,245,55,0,55,300
03/23/2009,ORF,VA,AEA,EN,Combined TRACON& Tower with Radar,179,9,22,0,210,0,0,15,2,17,179,9,37,2,227,37,0,37,264
03/24/2009,ORF,VA,AEA,EN,Combined TRACON& Tower with Radar,171,9,29,2,211,0,0,9,8,17,171,9,38,10,228,0,0,0,228
03/25/2009,ORF,VA,AEA,EN,Combined TRACON& Tower with Radar,181,11,46,2,240,0,0,17,0,17,181,11,63,2,257,27,6,33,290
03/26/2009,ORF,VA,AEA,EN,Combined TRACON& Tower with Radar,168,15,50,0,233,0,0,0,0,0,168,15,50,0,233,0,0,0,233
03/27/2009,ORF,VA,AEA,EN,Combined TRACON& Tower with Radar,188,11,50,0,249,0,0,0,0,0,188,11,50,0,249,0,0,0,249
03/28/2009,ORF,VA,AEA,EN,Combined TRACON& Tower with Radar,146,7,46,1,200,0,0,2,0,2,146,7,48,1,202,2,0,2,204
03/29/2009,ORF,VA,AEA,EN,Combined TRACON& Tower with Radar,163,9,35,1,208,0,0,1,0,1,163,9,36,1,209,18,0,18,227
03/30/2009,ORF,VA,AEA,EN,Combined TRACON& Tower with Radar,185,16,44,1,246,0,0,14,0,14,185,16,58,1,260,38,0,38,298
03/31/2009,ORF,VA,AEA,EN,Combined TRACON& Tower with Radar,178,8,44,1,231,0,0,26,0,26,178,8,70,1,257,36,0,36,293
04/01/2009,ORF,VA,AEA,EN,Combined TRACON& Tower with Radar,180,16,39,1,236,0,0,4,2,6,180,16,43,3,242,17,2,19,261
04/02/2009,ORF,VA,AEA,EN,Combined TRACON& Tower with Radar,182,12,30,2,226,0,0,7,0,7,182,12,37,2,233,32,36,68,301
04/03/2009,ORF,VA,AEA,EN,Combined TRACON& Tower with Radar,186,13,19,0,218,0,0,7,0,7,186,13,26,0,225,0,0,0,225
04/04/2009,ORF,VA,AEA,EN,Combined TRACON& Tower with Radar,146,1,25,0,172,0,0,14,0,14,146,1,39,0,186,22,7,29,215
04/05/2009,ORF,VA,AEA,EN,Combined TRACON& Tower with Radar,160,4,50,0,214,0,0,33,0,33,160,4,83,0,247,71,0,71,318
04/06/2009,ORF,VA,AEA,EN,Combined TRACON& Tower with Radar,170,11,18,1,200,0,0,8,0,8,170,11,26,1,208,12,8,20,228
04/07/2009,ORF,VA,AEA,EN,Combined TRACON& Tower with Radar,178,13,34,0,225,0,0,12,0,12,178,13,46,0,237,23,14,37,274
04/08/2009,ORF,VA,AEA,EN,Combined TRACON& Tower with Radar,183,18,57,0,258,0,0,17,0,17,183,18,74,0,275,24,12,36,311
04/09/2009,ORF,VA,AEA,EN,Combined TRACON& Tower with Radar,184,20,54,1,259,0,2,14,0,16,184,22,68,1,275,18,23,41,316
04/10/2009,ORF,VA,AEA,EN,Combined TRACON& Tower with Radar,182,12,28,2,224,0,2,20,0,22,182,14,48,2,246,35,19,54,300
04/11/2009,ORF,VA,AEA,EN,Combined TRACON& Tower with Radar,151,4,15,0,170,0,0,6,0,6,151,4,21,0,176,0,0,0,176
04/12/2009,ORF,VA,AEA,EN,Combined TRACON& Tower with Radar,158,0,28,0,186,0,0,16,0,16,158,0,44,0,202,36,0,36,238
04/13/2009,ORF,VA,AEA,EN,Combined TRACON& Tower with Radar,184,10,36,0,230,0,0,14,0,14,184,10,50,0,244,20,0,20,264
04/14/2009,ORF,VA,AEA,EN,Combined TRACON& Tower with Radar,173,10,23,2,208,0,0,0,0,0,173,10,23,2,208,0,0,0,208
04/15/2009,ORF,VA,AEA,EN,Combined TRACON& Tower with Radar,188,11,28,0,227,0,0,2,0,2,188,11,30,0,229,0,0,0,229
04/16/2009,ORF,VA,AEA,EN,Combined TRACON& Tower with Radar,183,10,37,1,231,0,0,24,5,29,183,10,61,6,260,17,8,25,285
04/17/2009,ORF,VA,AEA,EN,Combined TRACON& Tower with Radar,180,10,56,2,248,0,2,35,4,41,180,12,91,6,289,55,12,67,356
04/18/2009,ORF,VA,AEA,EN,Combined TRACON& Tower with Radar,148,4,52,1,205,0,4,36,0,40,148,8,88,1,245,0,0,0,245
04/19/2009,ORF,VA,AEA,EN,Combined TRACON& Tower with Radar,161,7,49,2,219,0,0,28,0,28,161,7,77,2,247,28,0,28,275
04/20/2009,ORF,VA,AEA,EN,Combined TRACON& Tower with Radar,168,9,21,0,198,0,0,6,0,6,168,9,27,0,204,14,0,14,218
04/21/2009,ORF,VA,AEA,EN,Combined TRACON& Tower with Radar,176,8,46,2,232,0,0,22,0,22,176,8,68,2,254,43,0,43,297
04/22/2009,ORF,VA,AEA,EN,Combined TRACON& Tower with Radar,187,13,51,4,255,0,1,10,0,11,187,14,61,4,266,18,10,28,294
04/23/2009,ORF,VA,AEA,EN,Combined TRACON& Tower with Radar,186,9,55,1,251,0,1,21,4,26,186,10,76,5,277,16,13,29,306
04/24/2009,ORF,VA,AEA,EN,Combined TRACON& Tower with Radar,188,13,59,2,262,0,1,31,1,33,188,14,90,3,295,56,2,58,353
04/25/2009,ORF,VA,AEA,EN,Combined TRACON& Tower with Radar,152,6,28,0,186,0,0,24,0,24,152,6,52,0,210,62,0,62,272
04/26/2009,ORF,VA,AEA,EN,Combined TRACON& Tower with Radar,164,1,34,0,199,0,0,29,0,29,164,1,63,0,228,61,0,61,289
04/27/2009,ORF,VA,AEA,EN,Combined TRACON& Tower with Radar,181,6,34,1,222,0,0,19,5,24,181,6,53,6,246,40,0,40,286
04/28/2009,ORF,VA,AEA,EN,Combined TRACON& Tower with Radar,186,9,38,1,234,0,0,23,6,29,186,9,61,7,263,20,0,20,283
04/29/2009,ORF,VA,AEA,EN,Combined TRACON& Tower with Radar,184,6,57,10,257,0,0,11,0,11,184,6,68,10,268,20,9,29,297
04/30/2009,ORF,VA,AEA,EN,Combined TRACON& Tower with Radar,191,11,45,0,247,0,1,12,0,13,191,12,57,0,260,17,15,32,292
05/01/2009,ORF,VA,AEA,EN,Combined TRACON& Tower with Radar,174,18,38,4,234,0,0,3,5,8,174,18,41,9,242,29,7,36,278
05/02/2009,ORF,VA,AEA,EN,Combined TRACON& Tower with Radar,143,7,44,0,194,0,0,17,2,19,143,7,61,2,213,74,0,74,287
05/03/2009,ORF,VA,AEA,EN,Combined TRACON& Tower with Radar,149,12,34,0,195,0,0,5,1,6,149,12,39,1,201,20,4,24,225
05/04/2009,ORF,VA,AEA,EN,Combined TRACON& Tower with Radar,168,11,17,1,197,0,0,4,0,4,168,11,21,1,201,9,8,17,218
05/05/2009,ORF,VA,AEA,EN,Combined TRACON& Tower with Radar,174,15,25,3,217,0,0,0,0,0,174,15,25,3,217,4,0,4,221
05/06/2009,ORF,VA,AEA,EN,Combined TRACON& Tower with Radar,180,21,48,2,251,0,0,14,0,14,180,21,62,2,265,0,0,0,265
05/07/2009,ORF,VA,AEA,EN,Combined TRACON& Tower with Radar,178,27,34,2,241,0,0,23,0,23,178,27,57,2,264,0,0,0,264
05/08/2009,ORF,VA,AEA,EN,Combined TRACON& Tower with Radar,179,17,49,0,245,0,1,39,0,40,179,18,88,0,285,0,0,0,285
05/09/2009,ORF,VA,AEA,EN,Combined TRACON& Tower with Radar,142,16,33,0,191,0,0,14,0,14,142,16,47,0,205,23,1,24,229
05/10/2009,ORF,VA,AEA,EN,Combined TRACON& Tower with Radar,155,15,42,1,213,0,0,28,0,28,155,15,70,1,241,47,0,47,288
05/11/2009,ORF,VA,AEA,EN,Combined TRACON& Tower with Radar,169,12,37,2,220,0,0,21,5,26,169,12,58,7,246,12,38,50,296
05/12/2009,ORF,VA,AEA,EN,Combined TRACON& Tower with Radar,170,21,57,0,248,0,0,67,4,71,170,21,124,4,319,26,4,30,349
05/13/2009,ORF,VA,AEA,EN,Combined TRACON& Tower with Radar,171,22,61,0,254,0,0,46,1,47,171,22,107,1,301,0,0,0,301
05/14/2009,ORF,VA,AEA,EN,Combined TRACON& Tower with Radar,171,23,51,0,245,0,0,25,0,25,171,23,76,0,270,9,29,38,308
05/15/2009,ORF,VA,AEA,EN,Combined TRACON& Tower with Radar,178,21,57,0,256,0,0,20,0,20,178,21,77,0,276,67,8,75,351
05/16/2009,ORF,VA,AEA,EN,Combined TRACON& Tower with Radar,146,11,28,0,185,0,1,2,0,3,146,12,30,0,188,6,6,12,200
05/17/2009,ORF,VA,AEA,EN,Combined TRACON& Tower with Radar,159,17,36,0,212,0,0,6,2,8,159,17,42,2,220,0,0,0,220
05/18/2009,ORF,VA,AEA,EN,Combined TRACON& Tower with Radar,171,22,24,2,219,0,0,8,5,13,171,22,32,7,232,25,0,25,257
05/19/2009,ORF,VA,AEA,EN,Combined TRACON& Tower with Radar,176,11,25,2,214,0,0,25,0,25,176,11,50,2,239,9,1,10,249
05/20/2009,ORF,VA,AEA,EN,Combined TRACON& Tower with Radar,173,19,50,0,242,0,0,28,8,36,173,19,78,8,278,19,10,29,307
05/21/2009,ORF,VA,AEA,EN,Combined TRACON& Tower with Radar,172,25,32,0,229,0,0,24,0,24,172,25,56,0,253,30,0,30,283
05/22/2009,ORF,VA,AEA,EN,Combined TRACON& Tower with Radar,178,26,41,6,251,0,0,29,0,29,178,26,70,6,280,54,9,63,343
05/23/2009,ORF,VA,AEA,EN,Combined TRACON& Tower with Radar,141,11,26,0,178,0,0,34,0,34,141,11,60,0,212,32,14,46,258
05/24/2009,ORF,VA,AEA,EN,Combined TRACON& Tower with Radar,141,8,22,0,171,0,0,19,0,19,141,8,41,0,190,12,0,12,202
05/25/2009,ORF,VA,AEA,EN,Combined TRACON& Tower with Radar,157,13,20,0,190,0,0,13,0,13,157,13,33,0,203,6,0,6,209
05/26/2009,ORF,VA,AEA,EN,Combined TRACON& Tower with Radar,168,14,49,0,231,0,0,24,1,25,168,14,73,1,256,15,27,42,298
05/27/2009,ORF,VA,AEA,EN,Combined TRACON& Tower with Radar,168,29,37,0,234,0,1,14,0,15,168,30,51,0,249,27,27,54,303
05/28/2009,ORF,VA,AEA,EN,Combined TRACON& Tower with Radar,175,26,33,3,237,0,0,18,0,18,175,26,51,3,255,0,0,0,255
05/29/2009,ORF,VA,AEA,EN,Combined TRACON& Tower with Radar,178,19,64,0,261,0,0,20,0,20,178,19,84,0,281,14,8,22,303
05/30/2009,ORF,VA,AEA,EN,Combined TRACON& Tower with Radar,148,6,26,0,180,0,0,41,0,41,148,6,67,0,221,68,14,82,303
05/31/2009,ORF,VA,AEA,EN,Combined TRACON& Tower with Radar,153,10,40,0,203,0,0,41,2,43,153,10,81,2,246,66,0,66,312
06/01/2009,ORF,VA,AEA,EN,Combined TRACON& Tower with Radar,175,13,52,0,240,0,0,41,1,42,175,13,93,1,282,49,0,49,331
06/02/2009,ORF,VA,AEA,EN,Combined TRACON& Tower with Radar,165,13,30,0,208,0,0,25,0,25,165,13,55,0,233,30,0,30,263
06/03/2009,ORF,VA,AEA,EN,Combined TRACON& Tower with Radar,166,14,33,3,216,0,0,36,4,40,166,14,69,7,256,57,0,57,313
06/04/2009,ORF,VA,AEA,EN,Combined TRACON& Tower with Radar,186,12,37,0,235,0,1,14,0,15,186,13,51,0,250,13,2,15,265
06/05/2009,ORF,VA,AEA,EN,Combined TRACON& Tower with Radar,170,23,25,0,218,0,0,7,0,7,170,23,32,0,225,0,0,0,225
06/06/2009,ORF,VA,AEA,EN,Combined TRACON& Tower with Radar,159,15,32,0,206,0,0,11,0,11,159,15,43,0,217,12,19,31,248
06/07/2009,ORF,VA,AEA,EN,Combined TRACON& Tower with Radar,162,16,54,0,232,0,0,25,0,25,162,16,79,0,257,26,8,34,291
06/08/2009,ORF,VA,AEA,EN,Combined TRACON& Tower with Radar,166,19,46,2,233,0,0,23,0,23,166,19,69,2,256,2,0,2,258
06/09/2009,ORF,VA,AEA,EN,Combined TRACON& Tower with Radar,157,15,22,3,197,0,0,20,0,20,157,15,42,3,217,14,0,14,231
06/10/2009,ORF,VA,AEA,EN,Combined TRACON& Tower with Radar,175,18,55,2,250,0,2,31,1,34,175,20,86,3,284,22,0,22,306
06/11/2009,ORF,VA,AEA,EN,Combined TRACON& Tower with Radar,161,22,53,0,236,0,0,31,0,31,161,22,84,0,267,10,0,10,277
06/12/2009,ORF,VA,AEA,EN,Combined TRACON& Tower with Radar,184,27,51,5,267,0,0,24,1,25,184,27,75,6,292,38,9,47,339
06/13/2009,ORF,VA,AEA,EN,Combined TRACON& Tower with Radar,158,13,37,0,208,0,0,9,0,9,158,13,46,0,217,30,2,32,249
06/14/2009,ORF,VA,AEA,EN,Combined TRACON& Tower with Radar,169,13,30,1,213,0,0,17,0,17,169,13,47,1,230,53,0,53,283
06/15/2009,ORF,VA,AEA,EN,Combined TRACON& Tower with Radar,169,15,43,0,227,0,0,22,3,25,169,15,65,3,252,29,8,37,289
06/16/2009,ORF,VA,AEA,EN,Combined TRACON& Tower with Radar,180,23,64,0,267,0,1,17,4,22,180,24,81,4,289,36,12,48,337
06/17/2009,ORF,VA,AEA,EN,Combined TRACON& Tower with Radar,175,28,45,4,252,0,0,16,1,17,175,28,61,5,269,37,0,37,306
06/18/2009,ORF,VA,AEA,EN,Combined TRACON& Tower with Radar,177,16,45,3,241,0,0,16,0,16,177,16,61,3,257,13,0,13,270
06/19/2009,ORF,VA,AEA,EN,Combined TRACON& Tower with Radar,178,21,58,0,257,0,0,24,0,24,178,21,82,0,281,0,0,0,281
06/20/2009,ORF,VA,AEA,EN,Combined TRACON& Tower with Radar,158,13,29,0,200,0,0,22,0,22,158,13,51,0,222,4,0,4,226
06/21/2009,ORF,VA,AEA,EN,Combined TRACON& Tower with Radar,171,12,30,0,213,0,1,18,1,20,171,13,48,1,233,54,0,54,287
06/22/2009,ORF,VA,AEA,EN,Combined TRACON& Tower with Radar,172,16,29,0,217,0,0,25,0,25,172,16,54,0,242,5,16,21,263
06/23/2009,ORF,VA,AEA,EN,Combined TRACON& Tower with Radar,171,17,47,1,236,0,0,31,1,32,171,17,78,2,268,55,0,55,323
06/24/2009,ORF,VA,AEA,EN,Combined TRACON& Tower with Radar,172,24,37,6,239,0,0,26,2,28,172,24,63,8,267,0,0,0,267
06/25/2009,ORF,VA,AEA,EN,Combined TRACON& Tower with Radar,168,16,51,1,236,0,0,41,0,41,168,16,92,1,277,38,12,50,327
06/26/2009,ORF,VA,AEA,EN,Combined TRACON& Tower with Radar,178,17,48,4,247,0,1,39,1,41,178,18,87,5,288,59,0,59,347
06/27/2009,ORF,VA,AEA,EN,Combined TRACON& Tower with Radar,159,11,31,8,209,0,0,15,1,16,159,11,46,9,225,20,0,20,245
06/28/2009,ORF,VA,AEA,EN,Combined TRACON& Tower with Radar,162,12,30,2,206,0,0,13,0,13,162,12,43,2,219,29,0,29,248
06/29/2009,ORF,VA,AEA,EN,Combined TRACON& Tower with Radar,175,12,40,0,227,0,0,32,1,33,175,12,72,1,260,57,2,59,319
06/30/2009,ORF,VA,AEA,EN,Combined TRACON& Tower with Radar,165,17,22,1,205,0,0,31,4,35,165,17,53,5,240,53,0,53,293
07/01/2009,ORF,VA,AEA,EN,Combined TRACON& Tower with Radar,176,20,54,6,256,0,0,19,0,19,176,20,73,6,275,35,6,41,316
07/02/2009,ORF,VA,AEA,EN,Combined TRACON& Tower with Radar,173,13,48,0,234,0,0,23,0,23,173,13,71,0,257,19,5,24,281
07/03/2009,ORF,VA,AEA,EN,Combined TRACON& Tower with Radar,157,15,48,0,220,0,0,24,2,26,157,15,72,2,246,64,13,77,323
07/04/2009,ORF,VA,AEA,EN,Combined TRACON& Tower with Radar,127,8,18,0,153,0,0,30,0,30,127,8,48,0,183,46,15,61,244
07/05/2009,ORF,VA,AEA,EN,Combined TRACON& Tower with Radar,161,21,28,0,210,0,1,5,0,6,161,22,33,0,216,12,0,12,228
07/06/2009,ORF,VA,AEA,EN,Combined TRACON& Tower with Radar,170,14,32,0,216,0,0,10,0,10,170,14,42,0,226,16,16,32,258
07/07/2009,ORF,VA,AEA,EN,Combined TRACON& Tower with Radar,168,17,33,0,218,0,0,31,0,31,168,17,64,0,249,17,2,19,268
07/08/2009,ORF,VA,AEA,EN,Combined TRACON& Tower with Radar,175,24,39,0,238,1,0,50,3,54,176,24,89,3,292,17,1,18,310
07/09/2009,ORF,VA,AEA,EN,Combined TRACON& Tower with Radar,173,16,58,0,247,0,2,32,0,34,173,18,90,0,281,63,2,65,346
07/10/2009,ORF,VA,AEA,EN,Combined TRACON& Tower with Radar,171,16,46,0,233,0,0,35,0,35,171,16,81,0,268,15,0,15,283
07/11/2009,ORF,VA,AEA,EN,Combined TRACON& Tower with Radar,158,9,46,0,213,0,0,27,0,27,158,9,73,0,240,6,8,14,254
07/12/2009,ORF,VA,AEA,EN,Combined TRACON& Tower with Radar,165,19,31,0,215,0,1,19,0,20,165,20,50,0,235,23,0,23,258
07/13/2009,ORF,VA,AEA,EN,Combined TRACON& Tower with Radar,174,22,34,0,230,0,2,13,0,15,174,24,47,0,245,11,28,39,284
07/14/2009,ORF,VA,AEA,EN,Combined TRACON& Tower with Radar,172,29,56,0,257,0,1,30,1,32,172,30,86,1,289,20,20,40,329
07/15/2009,ORF,VA,AEA,EN,Combined TRACON& Tower with Radar,170,25,60,0,255,0,0,45,4,49,170,25,105,4,304,36,0,36,340
07/16/2009,ORF,VA,AEA,EN,Combined TRACON& Tower with Radar,174,16,43,0,233,0,0,27,5,32,174,16,70,5,265,0,0,0,265
07/17/2009,ORF,VA,AEA,EN,Combined TRACON& Tower with Radar,172,26,41,0,239,0,0,10,0,10,172,26,51,0,249,23,11,34,283
07/18/2009,ORF,VA,AEA,EN,Combined TRACON& Tower with Radar,159,11,38,0,208,0,3,24,0,27,159,14,62,0,235,20,8,28,263
07/19/2009,ORF,VA,AEA,EN,Combined TRACON& Tower with Radar,163,18,39,0,220,0,0,25,1,26,163,18,64,1,246,58,0,58,304
07/20/2009,ORF,VA,AEA,EN,Combined TRACON& Tower with Radar,168,18,43,0,229,0,0,22,2,24,168,18,65,2,253,15,2,17,270
07/21/2009,ORF,VA,AEA,EN,Combined TRACON& Tower with Radar,169,25,42,2,238,0,3,10,0,13,169,28,52,2,251,29,30,59,310
07/22/2009,ORF,VA,AEA,EN,Combined TRACON& Tower with Radar,173,17,29,0,219,0,2,14,1,17,173,19,43,1,236,48,9,57,293
07/23/2009,ORF,VA,AEA,EN,Combined TRACON& Tower with Radar,164,14,47,1,226,0,0,14,1,15,164,14,61,2,241,26,6,32,273
07/24/2009,ORF,VA,AEA,EN,Combined TRACON& Tower with Radar,187,21,50,0,258,0,0,23,0,23,187,21,73,0,281,32,0,32,313
07/25/2009,ORF,VA,AEA,EN,Combined TRACON& Tower with Radar,159,19,45,1,224,0,0,16,0,16,159,19,61,1,240,24,6,30,270
07/26/2009,ORF,VA,AEA,EN,Combined TRACON& Tower with Radar,152,17,26,3,198,0,2,21,0,23,152,19,47,3,221,7,0,7,228
07/27/2009,ORF,VA,AEA,EN,Combined TRACON& Tower with Radar,166,23,43,0,232,0,0,21,0,21,166,23,64,0,253,13,21,34,287
07/28/2009,ORF,VA,AEA,EN,Combined TRACON& Tower with Radar,170,26,45,3,244,0,0,35,3,38,170,26,80,6,282,44,0,44,326
07/29/2009,ORF,VA,AEA,EN,Combined TRACON& Tower with Radar,165,18,39,3,225,0,0,8,0,8,165,18,47,3,233,34,0,34,267
07/30/2009,ORF,VA,AEA,EN,Combined TRACON& Tower with Radar,173,25,53,0,251,0,0,16,0,16,173,25,69,0,267,16,28,44,311
07/31/2009,ORF,VA,AEA,EN,Combined TRACON& Tower with Radar,175,17,39,0,231,0,0,18,2,20,175,17,57,2,251,31,30,61,312
08/01/2009,ORF,VA,AEA,EN,Combined TRACON& Tower with Radar,150,19,47,1,217,0,0,14,0,14,150,19,61,1,231,19,18,37,268
08/02/2009,ORF,VA,AEA,EN,Combined TRACON& Tower with Radar,160,20,22,1,203,0,0,9,2,11,160,20,31,3,214,19,2,21,235
08/03/2009,ORF,VA,AEA,EN,Combined TRACON& Tower with Radar,170,16,37,0,223,0,0,27,0,27,170,16,64,0,250,26,32,58,308
08/04/2009,ORF,VA,AEA,EN,Combined TRACON& Tower with Radar,178,18,47,0,243,0,0,26,0,26,178,18,73,0,269,32,0,32,301
08/05/2009,ORF,VA,AEA,EN,Combined TRACON& Tower with Radar,164,13,43,0,220,0,1,24,0,25,164,14,67,0,245,74,0,74,319
08/06/2009,ORF,VA,AEA,EN,Combined TRACON& Tower with Radar,175,19,45,0,239,0,0,13,0,13,175,19,58,0,252,10,8,18,270
08/07/2009,ORF,VA,AEA,EN,Combined TRACON& Tower with Radar,172,26,52,1,251,0,0,115,26,141,172,26,167,27,392,0,0,0,392
08/08/2009,ORF,VA,AEA,EN,Combined TRACON& Tower with Radar,153,21,51,1,226,0,0,31,1,32,153,21,82,2,258,39,0,39,297
08/09/2009,ORF,VA,AEA,EN,Combined TRACON& Tower with Radar,158,21,32,0,211,0,0,25,0,25,158,21,57,0,236,28,0,28,264
08/10/2009,ORF,VA,AEA,EN,Combined TRACON& Tower with Radar,179,14,39,0,232,0,0,26,1,27,179,14,65,1,259,36,6,42,301
08/11/2009,ORF,VA,AEA,EN,Combined TRACON& Tower with Radar,171,16,44,0,231,0,0,28,1,29,171,16,72,1,260,27,0,27,287
08/12/2009,ORF,VA,AEA,EN,Combined TRACON& Tower with Radar,156,21,53,0,230,0,0,22,0,22,156,21,75,0,252,0,0,0,252
08/13/2009,ORF,VA,AEA,EN,Combined TRACON& Tower with Radar,172,16,58,1,247,0,1,7,1,9,172,17,65,2,256,9,0,9,265
08/14/2009,ORF,VA,AEA,EN,Combined TRACON& Tower with Radar,184,19,30,0,233,0,0,6,1,7,184,19,36,1,240,2,0,2,242
08/15/2009,ORF,VA,AEA,EN,Combined TRACON& Tower with Radar,153,11,37,0,201,0,0,9,0,9,153,11,46,0,210,12,0,12,222
08/16/2009,ORF,VA,AEA,EN,Combined TRACON& Tower with Radar,159,14,40,2,215,0,0,30,0,30,159,14,70,2,245,28,1,29,274
08/17/2009,ORF,VA,AEA,EN,Combined TRACON& Tower with Radar,167,14,26,0,207,0,0,26,0,26,167,14,52,0,233,13,15,28,261
08/18/2009,ORF,VA,AEA,EN,Combined TRACON& Tower with Radar,160,13,48,0,221,0,0,17,4,21,160,13,65,4,242,23,0,23,265
08/19/2009,ORF,VA,AEA,EN,Combined TRACON& Tower with Radar,171,17,44,0,232,0,0,16,0,16,171,17,60,0,248,16,0,16,264
08/20/2009,ORF,VA,AEA,EN,Combined TRACON& Tower with Radar,167,18,46,1,232,0,0,21,0,21,167,18,67,1,253,27,0,27,280
08/21/2009,ORF,VA,AEA,EN,Combined TRACON& Tower with Radar,158,24,41,0,223,0,0,21,0,21,158,24,62,0,244,30,2,32,276
08/22/2009,ORF,VA,AEA,EN,Combined TRACON& Tower with Radar,141,12,23,3,179,0,0,8,0,8,141,12,31,3,187,0,0,0,187
08/23/2009,ORF,VA,AEA,EN,Combined TRACON& Tower with Radar,153,21,31,0,205,0,0,10,0,10,153,21,41,0,215,23,0,23,238
08/24/2009,ORF,VA,AEA,EN,Combined TRACON& Tower with Radar,164,18,27,3,212,0,0,24,1,25,164,18,51,4,237,20,0,20,257
08/25/2009,ORF,VA,AEA,EN,Combined TRACON& Tower with Radar,162,20,41,1,224,0,0,18,3,21,162,20,59,4,245,33,0,33,278
08/26/2009,ORF,VA,AEA,EN,Combined TRACON& Tower with Radar,165,26,52,0,243,0,0,32,0,32,165,26,84,0,275,47,4,51,326
08/27/2009,ORF,VA,AEA,EN,Combined TRACON& Tower with Radar,171,22,62,2,257,0,1,27,0,28,171,23,89,2,285,0,0,0,285
08/28/2009,ORF,VA,AEA,EN,Combined TRACON& Tower with Radar,160,20,36,0,216,0,0,11,0,11,160,20,47,0,227,0,0,0,227
08/29/2009,ORF,VA,AEA,EN,Combined TRACON& Tower with Radar,138,14,17,0,169,0,1,16,0,17,138,15,33,0,186,32,6,38,224
08/30/2009,ORF,VA,AEA,EN,Combined TRACON& Tower with Radar,157,18,29,0,204,0,2,32,0,34,157,20,61,0,238,22,0,22,260
08/31/2009,ORF,VA,AEA,EN,Combined TRACON& Tower with Radar,163,18,34,0,215,0,0,7,0,7,163,18,41,0,222,6,0,6,228
09/01/2009,ORF,VA,AEA,EN,Combined TRACON& Tower with Radar,159,26,41,0,226,0,0,22,0,22,159,26,63,0,248,16,0,16,264
09/02/2009,ORF,VA,AEA,EN,Combined TRACON& Tower with Radar,163,23,30,0,216,0,0,35,0,35,163,23,65,0,251,20,21,41,292
09/03/2009,ORF,VA,AEA,EN,Combined TRACON& Tower with Radar,163,31,54,1,249,0,0,15,1,16,163,31,69,2,265,28,0,28,293
09/04/2009,ORF,VA,AEA,EN,Combined TRACON& Tower with Radar,164,25,43,0,232,0,0,30,0,30,164,25,73,0,262,16,0,16,278
09/05/2009,ORF,VA,AEA,EN,Combined TRACON& Tower with Radar,133,17,34,0,184,0,3,34,0,37,133,20,68,0,221,27,6,33,254
09/06/2009,ORF,VA,AEA,EN,Combined TRACON& Tower with Radar,136,14,33,0,183,0,1,36,0,37,136,15,69,0,220,22,0,22,242
09/07/2009,ORF,VA,AEA,EN,Combined TRACON& Tower with Radar,148,14,31,0,193,0,0,1,0,1,148,14,32,0,194,0,0,0,194
09/08/2009,ORF,VA,AEA,EN,Combined TRACON& Tower with Radar,157,19,40,0,216,0,0,2,0,2,157,19,42,0,218,0,0,0,218
09/09/2009,ORF,VA,AEA,EN,Combined TRACON& Tower with Radar,162,23,43,0,228,0,2,23,0,25,162,25,66,0,253,0,0,0,253
09/10/2009,ORF,VA,AEA,EN,Combined TRACON& Tower with Radar,162,22,33,0,217,0,0,0,0,0,162,22,33,0,217,0,0,0,217
09/11/2009,ORF,VA,AEA,EN,Combined TRACON& Tower with Radar,151,23,51,0,225,0,0,20,0,20,151,23,71,0,245,0,0,0,245
09/12/2009,ORF,VA,AEA,EN,Combined TRACON& Tower with Radar,136,13,39,1,189,0,0,28,0,28,136,13,67,1,217,3,0,3,220
09/13/2009,ORF,VA,AEA,EN,Combined TRACON& Tower with Radar,149,16,27,1,193,0,0,30,3,33,149,16,57,4,226,68,0,68,294
09/14/2009,ORF,VA,AEA,EN,Combined TRACON& Tower with Radar,156,20,51,4,231,0,0,26,0,26,156,20,77,4,257,27,8,35,292
09/15/2009,ORF,VA,AEA,EN,Combined TRACON& Tower with Radar,163,16,51,0,230,0,0,27,0,27,163,16,78,0,257,24,0,24,281
09/16/2009,ORF,VA,AEA,EN,Combined TRACON& Tower with Radar,160,23,37,0,220,0,0,34,1,35,160,23,71,1,255,16,0,16,271
09/17/2009,ORF,VA,AEA,EN,Combined TRACON& Tower with Radar,163,20,59,0,242,0,0,10,0,10,163,20,69,0,252,18,0,18,270
09/18/2009,ORF,VA,AEA,EN,Combined TRACON& Tower with Radar,165,24,48,1,238,0,0,25,0,25,165,24,73,1,263,0,0,0,263
09/19/2009,ORF,VA,AEA,EN,Combined TRACON& Tower with Radar,136,20,44,1,201,0,0,14,0,14,136,20,58,1,215,0,0,0,215
09/20/2009,ORF,VA,AEA,EN,Combined TRACON& Tower with Radar,144,27,35,0,206,0,0,29,0,29,144,27,64,0,235,38,0,38,273
09/21/2009,ORF,VA,AEA,EN,Combined TRACON& Tower with Radar,151,22,46,1,220,0,0,37,1,38,151,22,83,2,258,0,0,0,258
09/22/2009,ORF,VA,AEA,EN,Combined TRACON& Tower with Radar,160,23,50,0,233,0,0,15,0,15,160,23,65,0,248,14,0,14,262
09/23/2009,ORF,VA,AEA,EN,Combined TRACON& Tower with Radar,165,18,53,2,238,0,0,16,0,16,165,18,69,2,254,18,2,20,274
09/24/2009,ORF,VA,AEA,EN,Combined TRACON& Tower with Radar,163,25,46,0,234,0,0,28,0,28,163,25,74,0,262,21,2,23,285
09/25/2009,ORF,VA,AEA,EN,Combined TRACON& Tower with Radar,163,15,49,0,227,0,0,8,0,8,163,15,57,0,235,0,0,0,235
09/26/2009,ORF,VA,AEA,EN,Combined TRACON& Tower with Radar,134,9,36,0,179,0,0,15,0,15,134,9,51,0,194,18,1,19,213
09/27/2009,ORF,VA,AEA,EN,Combined TRACON& Tower with Radar,146,18,24,0,188,0,0,7,0,7,146,18,31,0,195,13,0,13,208
09/28/2009,ORF,VA,AEA,EN,Combined TRACON& Tower with Radar,150,20,35,0,205,0,0,26,0,26,150,20,61,0,231,17,8,25,256
09/29/2009,ORF,VA,AEA,EN,Combined TRACON& Tower with Radar,160,22,44,2,228,0,0,28,1,29,160,22,72,3,257,16,45,61,318
09/30/2009,ORF,VA,AEA,EN,Combined TRACON& Tower with Radar,161,20,60,2,243,0,1,34,0,35,161,21,94,2,278,33,0,33,311
10/01/2009,ORF,VA,AEA,EN,Combined TRACON& Tower with Radar,83,104,48,0,235,0,0,40,2,42,83,104,88,2,277,45,0,45,322
10/02/2009,ORF,VA,AEA,EN,Combined TRACON& Tower with Radar,87,96,57,4,244,0,0,31,2,33,87,96,88,6,277,45,0,45,322
10/03/2009,ORF,VA,AEA,EN,Combined TRACON& Tower with Radar,71,70,26,0,167,0,0,20,0,20,71,70,46,0,187,13,4,17,204
10/04/2009,ORF,VA,AEA,EN,Combined TRACON& Tower with Radar,81,86,35,0,202,0,0,34,0,34,81,86,69,0,236,31,0,31,267
10/05/2009,ORF,VA,AEA,EN,Combined TRACON& Tower with Radar,81,90,32,1,204,0,0,35,0,35,81,90,67,1,239,23,13,36,275
10/06/2009,ORF,VA,AEA,EN,Combined TRACON& Tower with Radar,86,96,43,4,229,0,0,17,3,20,86,96,60,7,249,31,24,55,304
10/07/2009,ORF,VA,AEA,EN,Combined TRACON& Tower with Radar,88,91,29,0,208,0,0,18,0,18,88,91,47,0,226,15,22,37,263
10/08/2009,ORF,VA,AEA,EN,Combined TRACON& Tower with Radar,86,97,54,0,237,0,0,48,0,48,86,97,102,0,285,13,0,13,298
10/09/2009,ORF,VA,AEA,EN,Combined TRACON& Tower with Radar,85,97,51,1,234,0,0,30,0,30,85,97,81,1,264,0,0,0,264
10/10/2009,ORF,VA,AEA,EN,Combined TRACON& Tower with Radar,71,78,25,4,178,0,1,8,1,10,71,79,33,5,188,26,3,29,217
10/11/2009,ORF,VA,AEA,EN,Combined TRACON& Tower with Radar,82,82,31,0,195,0,1,28,1,30,82,83,59,1,225,32,2,34,259
10/12/2009,ORF,VA,AEA,EN,Combined TRACON& Tower with Radar,80,88,35,0,203,0,1,10,0,11,80,89,45,0,214,13,0,13,227
10/13/2009,ORF,VA,AEA,EN,Combined TRACON& Tower with Radar,82,91,42,0,215,0,1,23,0,24,82,92,65,0,239,31,0,31,270
10/14/2009,ORF,VA,AEA,EN,Combined TRACON& Tower with Radar,88,89,50,1,228,0,0,13,0,13,88,89,63,1,241,0,6,6,247
10/15/2009,ORF,VA,AEA,EN,Combined TRACON& Tower with Radar,84,82,18,4,188,0,0,0,0,0,84,82,18,4,188,0,0,0,188
10/16/2009,ORF,VA,AEA,EN,Combined TRACON& Tower with Radar,87,100,32,0,219,0,0,0,0,0,87,100,32,0,219,0,0,0,219
10/17/2009,ORF,VA,AEA,EN,Combined TRACON& Tower with Radar,69,75,43,0,187,0,0,2,0,2,69,75,45,0,189,0,0,0,189
10/18/2009,ORF,VA,AEA,EN,Combined TRACON& Tower with Radar,86,81,31,0,198,0,0,0,0,0,86,81,31,0,198,0,0,0,198
10/19/2009,ORF,VA,AEA,EN,Combined TRACON& Tower with Radar,83,91,37,0,211,0,0,21,0,21,83,91,58,0,232,15,32,47,279
10/20/2009,ORF,VA,AEA,EN,Combined TRACON& Tower with Radar,84,96,35,1,216,0,2,32,1,35,84,98,67,2,251,17,22,39,290
10/21/2009,ORF,VA,AEA,EN,Combined TRACON& Tower with Radar,86,101,56,4,247,0,2,30,0,32,86,103,86,4,279,44,0,44,323
10/22/2009,ORF,VA,AEA,EN,Combined TRACON& Tower with Radar,83,94,61,1,239,0,2,39,6,47,83,96,100,7,286,15,4,19,305
10/23/2009,ORF,VA,AEA,EN,Combined TRACON& Tower with Radar,85,93,41,2,221,0,0,28,0,28,85,93,69,2,249,0,0,0,249
10/24/2009,ORF,VA,AEA,EN,Combined TRACON& Tower with Radar,74,73,32,0,179,0,0,11,0,11,74,73,43,0,190,22,5,27,217
10/25/2009,ORF,VA,AEA,EN,Combined TRACON& Tower with Radar,84,76,39,0,199,0,0,21,0,21,84,76,60,0,220,31,0,31,251
10/26/2009,ORF,VA,AEA,EN,Combined TRACON& Tower with Radar,82,85,35,1,203,0,0,14,0,14,82,85,49,1,217,17,2,19,236
10/27/2009,ORF,VA,AEA,EN,Combined TRACON& Tower with Radar,84,84,23,0,191,0,0,0,0,0,84,84,23,0,191,0,0,0,191
10/28/2009,ORF,VA,AEA,EN,Combined TRACON& Tower with Radar,86,99,54,0,239,0,0,16,0,16,86,99,70,0,255,0,0,0,255
10/29/2009,ORF,VA,AEA,EN,Combined TRACON& Tower with Radar,88,86,70,1,245,0,2,13,0,15,88,88,83,1,260,0,0,0,260
10/30/2009,ORF,VA,AEA,EN,Combined TRACON& Tower with Radar,86,99,70,0,255,0,0,35,0,35,86,99,105,0,290,0,0,0,290
10/31/2009,ORF,VA,AEA,EN,Combined TRACON& Tower with Radar,74,83,30,2,189,0,0,10,0,10,74,83,40,2,199,6,4,10,209
11/01/2009,ORF,VA,AEA,EN,Combined TRACON& Tower with Radar,84,75,35,0,194,0,0,3,0,3,84,75,38,0,197,0,0,0,197
11/02/2009,ORF,VA,AEA,EN,Combined TRACON& Tower with Radar,85,91,41,0,217,0,0,7,0,7,85,91,48,0,224,2,0,2,226
11/03/2009,ORF,VA,AEA,EN,Combined TRACON& Tower with Radar,89,84,58,0,231,0,1,20,0,21,89,85,78,0,252,37,0,37,289
11/04/2009,ORF,VA,AEA,EN,Combined TRACON& Tower with Radar,90,97,41,0,228,0,1,34,0,35,90,98,75,0,263,31,0,31,294
11/05/2009,ORF,VA,AEA,EN,Combined TRACON& Tower with Radar,96,94,58,0,248,0,0,27,0,27,96,94,85,0,275,0,2,2,277
11/06/2009,ORF,VA,AEA,EN,Combined TRACON& Tower with Radar,91,96,37,0,224,0,0,22,0,22,91,96,59,0,246,0,0,0,246
11/07/2009,ORF,VA,AEA,EN,Combined TRACON& Tower with Radar,67,75,28,0,170,0,0,24,0,24,67,75,52,0,194,21,15,36,230
11/08/2009,ORF,VA,AEA,EN,Combined TRACON& Tower with Radar,86,85,37,1,209,0,1,35,0,36,86,86,72,1,245,23,0,23,268
11/09/2009,ORF,VA,AEA,EN,Combined TRACON& Tower with Radar,87,86,46,1,220,0,0,27,0,27,87,86,73,1,247,0,0,0,247
11/10/2009,ORF,VA,AEA,EN,Combined TRACON& Tower with Radar,87,92,21,0,200,0,2,12,0,14,87,94,33,0,214,10,0,10,224
11/11/2009,ORF,VA,AEA,EN,Combined TRACON& Tower with Radar,92,89,26,0,207,0,0,0,0,0,92,89,26,0,207,0,0,0,207
11/12/2009,ORF,VA,AEA,EN,Combined TRACON& Tower with Radar,87,74,6,0,167,0,0,0,0,0,87,74,6,0,167,0,0,0,167
11/13/2009,ORF,VA,AEA,EN,Combined TRACON& Tower with Radar,93,83,15,2,193,0,0,1,0,1,93,83,16,2,194,0,0,0,194
11/14/2009,ORF,VA,AEA,EN,Combined TRACON& Tower with Radar,65,71,29,0,165,0,0,0,0,0,65,71,29,0,165,0,0,0,165
11/15/2009,ORF,VA,AEA,EN,Combined TRACON& Tower with Radar,84,84,27,0,195,0,0,23,0,23,84,84,50,0,218,35,8,43,261
11/16/2009,ORF,VA,AEA,EN,Combined TRACON& Tower with Radar,86,85,27,0,198,0,2,32,0,34,86,87,59,0,232,27,19,46,278
11/17/2009,ORF,VA,AEA,EN,Combined TRACON& Tower with Radar,88,94,36,0,218,0,0,22,0,22,88,94,58,0,240,27,0,27,267
11/18/2009,ORF,VA,AEA,EN,Combined TRACON& Tower with Radar,92,90,46,3,231,0,0,20,0,20,92,90,66,3,251,32,0,32,283
11/19/2009,ORF,VA,AEA,EN,Combined TRACON& Tower with Radar,90,94,39,0,223,0,0,14,0,14,90,94,53,0,237,0,0,0,237
11/20/2009,ORF,VA,AEA,EN,Combined TRACON& Tower with Radar,94,95,34,4,227,0,0,19,0,19,94,95,53,4,246,0,0,0,246
11/21/2009,ORF,VA,AEA,EN,Combined TRACON& Tower with Radar,68,71,31,4,174,0,1,28,0,29,68,72,59,4,203,0,0,0,203
11/22/2009,ORF,VA,AEA,EN,Combined TRACON& Tower with Radar,84,72,19,0,175,0,0,10,0,10,84,72,29,0,185,38,4,42,227
11/23/2009,ORF,VA,AEA,EN,Combined TRACON& Tower with Radar,80,91,48,2,221,0,0,1,0,1,80,91,49,2,222,0,0,0,222
11/24/2009,ORF,VA,AEA,EN,Combined TRACON& Tower with Radar,90,96,32,1,219,0,0,0,0,0,90,96,32,1,219,0,0,0,219
11/25/2009,ORF,VA,AEA,EN,Combined TRACON& Tower with Radar,105,76,26,0,207,0,0,6,0,6,105,76,32,0,213,0,0,0,213
11/26/2009,ORF,VA,AEA,EN,Combined TRACON& Tower with Radar,61,64,12,0,137,0,0,6,0,6,61,64,18,0,143,0,0,0,143
11/27/2009,ORF,VA,AEA,EN,Combined TRACON& Tower with Radar,73,73,19,1,166,0,0,14,0,14,73,73,33,1,180,0,0,0,180
11/28/2009,ORF,VA,AEA,EN,Combined TRACON& Tower with Radar,84,83,22,1,190,0,0,32,0,32,84,83,54,1,222,27,5,32,254
11/29/2009,ORF,VA,AEA,EN,Combined TRACON& Tower with Radar,92,90,30,0,212,0,0,47,1,48,92,90,77,1,260,40,0,40,300
11/30/2009,ORF,VA,AEA,EN,Combined TRACON& Tower with Radar,95,92,22,1,210,0,0,19,0,19,95,92,41,1,229,10,0,10,239
12/01/2009,ORF,VA,AEA,EN,Combined TRACON& Tower with Radar,89,100,50,0,239,0,0,32,1,33,89,100,82,1,272,0,0,0,272
12/02/2009,ORF,VA,AEA,EN,Combined TRACON& Tower with Radar,93,97,43,0,233,0,5,3,0,8,93,102,46,0,241,12,0,12,253
12/03/2009,ORF,VA,AEA,EN,Combined TRACON& Tower with Radar,93,110,35,0,238,0,1,27,0,28,93,111,62,0,266,0,0,0,266
12/04/2009,ORF,VA,AEA,EN,Combined TRACON& Tower with Radar,90,89,37,0,216,0,1,17,1,19,90,90,54,1,235,4,2,6,241
12/05/2009,ORF,VA,AEA,EN,Combined TRACON& Tower with Radar,68,71,10,0,149,0,0,1,0,1,68,71,11,0,150,0,0,0,150
12/06/2009,ORF,VA,AEA,EN,Combined TRACON& Tower with Radar,83,79,32,1,195,0,0,26,0,26,83,79,58,1,221,20,0,20,241
12/07/2009,ORF,VA,AEA,EN,Combined TRACON& Tower with Radar,86,81,35,0,202,0,0,25,0,25,86,81,60,0,227,24,0,24,251
12/08/2009,ORF,VA,AEA,EN,Combined TRACON& Tower with Radar,85,102,37,1,225,0,0,21,0,21,85,102,58,1,246,0,0,0,246
12/09/2009,ORF,VA,AEA,EN,Combined TRACON& Tower with Radar,95,92,21,1,209,0,0,0,0,0,95,92,21,1,209,4,8,12,221
12/10/2009,ORF,VA,AEA,EN,Combined TRACON& Tower with Radar,94,86,59,0,239,0,0,16,1,17,94,86,75,1,256,0,0,0,256
12/11/2009,ORF,VA,AEA,EN,Combined TRACON& Tower with Radar,96,101,32,0,229,0,0,25,0,25,96,101,57,0,254,0,0,0,254
12/12/2009,ORF,VA,AEA,EN,Combined TRACON& Tower with Radar,70,75,22,0,167,0,1,27,0,28,70,76,49,0,195,16,0,16,211
12/13/2009,ORF,VA,AEA,EN,Combined TRACON& Tower with Radar,82,64,16,0,162,0,0,2,0,2,82,64,18,0,164,0,0,0,164
12/14/2009,ORF,VA,AEA,EN,Combined TRACON& Tower with Radar,87,96,26,0,209,0,0,0,0,0,87,96,26,0,209,6,2,8,217
12/15/2009,ORF,VA,AEA,EN,Combined TRACON& Tower with Radar,93,90,31,2,216,0,0,9,0,9,93,90,40,2,225,17,28,45,270
12/16/2009,ORF,VA,AEA,EN,Combined TRACON& Tower with Radar,91,89,42,0,222,0,0,11,0,11,91,89,53,0,233,0,0,0,233
12/17/2009,ORF,VA,AEA,EN,Combined TRACON& Tower with Radar,95,94,36,0,225,0,1,25,0,26,95,95,61,0,251,0,0,0,251
12/18/2009,ORF,VA,AEA,EN,Combined TRACON& Tower with Radar,91,99,30,1,221,0,0,5,0,5,91,99,35,1,226,0,0,0,226
12/19/2009,ORF,VA,AEA,EN,Combined TRACON& Tower with Radar,67,60,13,0,140,0,0,0,0,0,67,60,13,0,140,0,0,0,140
12/20/2009,ORF,VA,AEA,EN,Combined TRACON& Tower with Radar,83,46,20,0,149,0,0,10,0,10,83,46,30,0,159,14,0,14,173
12/21/2009,ORF,VA,AEA,EN,Combined TRACON& Tower with Radar,94,91,34,1,220,0,0,15,0,15,94,91,49,1,235,19,0,19,254
12/22/2009,ORF,VA,AEA,EN,Combined TRACON& Tower with Radar,97,94,39,0,230,0,0,37,0,37,97,94,76,0,267,27,37,64,331
12/23/2009,ORF,VA,AEA,EN,Combined TRACON& Tower with Radar,102,93,27,0,222,0,0,19,0,19,102,93,46,0,241,28,0,28,269
12/24/2009,ORF,VA,AEA,EN,Combined TRACON& Tower with Radar,83,63,16,0,162,0,0,18,0,18,83,63,34,0,180,0,0,0,180
12/25/2009,ORF,VA,AEA,EN,Combined TRACON& Tower with Radar,69,49,1,2,121,0,0,0,0,0,69,49,1,2,121,0,0,0,121
12/26/2009,ORF,VA,AEA,EN,Combined TRACON& Tower with Radar,75,75,22,0,172,0,0,0,0,0,75,75,22,0,172,7,2,9,181
12/27/2009,ORF,VA,AEA,EN,Combined TRACON& Tower with Radar,87,69,45,0,201,0,0,37,0,37,87,69,82,0,238,14,2,16,254
12/28/2009,ORF,VA,AEA,EN,Combined TRACON& Tower with Radar,96,74,42,0,212,0,1,18,0,19,96,75,60,0,231,29,0,29,260
12/29/2009,ORF,VA,AEA,EN,Combined TRACON& Tower with Radar,101,72,21,0,194,0,0,21,0,21,101,72,42,0,215,19,14,33,248
12/30/2009,ORF,VA,AEA,EN,Combined TRACON& Tower with Radar,101,75,57,0,233,0,1,24,0,25,101,76,81,0,258,37,2,39,297
12/31/2009,ORF,VA,AEA,EN,Combined TRACON& Tower with Radar,74,63,23,0,160,0,0,0,0,0,74,63,23,0,160,0,0,0,160
01/01/2010,ORF,VA,AEA,EN,Combined TRACON& Tower with Radar,71,58,20,0,149,0,0,3,0,3,71,58,23,0,152,0,0,0,152
01/02/2010,ORF,VA,AEA,EN,Combined TRACON& Tower with Radar,84,80,23,0,187,0,0,5,0,5,84,80,28,0,192,11,0,11,203
01/03/2010,ORF,VA,AEA,EN,Combined TRACON& Tower with Radar,76,72,23,0,171,0,0,2,4,6,76,72,25,4,177,4,0,4,181
01/04/2010,ORF,VA,AEA,EN,Combined TRACON& Tower with Radar,96,86,28,0,210,0,0,3,1,4,96,86,31,1,214,14,0,14,228
01/05/2010,ORF,VA,AEA,EN,Combined TRACON& Tower with Radar,91,87,38,0,216,0,0,10,0,10,91,87,48,0,226,18,0,18,244
01/06/2010,ORF,VA,AEA,EN,Combined TRACON& Tower with Radar,97,85,32,2,216,0,0,16,2,18,97,85,48,4,234,0,0,0,234
01/07/2010,ORF,VA,AEA,EN,Combined TRACON& Tower with Radar,85,81,41,2,209,0,0,12,0,12,85,81,53,2,221,0,0,0,221
01/08/2010,ORF,VA,AEA,EN,Combined TRACON& Tower with Radar,89,84,31,0,204,0,0,10,0,10,89,84,41,0,214,4,2,6,220
01/09/2010,ORF,VA,AEA,EN,Combined TRACON& Tower with Radar,62,60,22,0,144,0,0,28,0,28,62,60,50,0,172,12,0,12,184
01/10/2010,ORF,VA,AEA,EN,Combined TRACON& Tower with Radar,80,75,25,0,180,0,0,18,0,18,80,75,43,0,198,20,0,20,218
01/11/2010,ORF,VA,AEA,EN,Combined TRACON& Tower with Radar,89,87,31,0,207,0,0,14,0,14,89,87,45,0,221,38,0,38,259
01/12/2010,ORF,VA,AEA,EN,Combined TRACON& Tower with Radar,92,93,42,0,227,0,0,10,0,10,92,93,52,0,237,19,1,20,257
01/13/2010,ORF,VA,AEA,EN,Combined TRACON& Tower with Radar,99,87,44,0,230,0,0,25,0,25,99,87,69,0,255,51,10,61,316
01/14/2010,ORF,VA,AEA,EN,Combined TRACON& Tower with Radar,96,94,30,0,220,0,0,18,0,18,96,94,48,0,238,48,0,48,286
01/15/2010,ORF,VA,AEA,EN,Combined TRACON& Tower with Radar,100,86,36,2,224,0,0,21,0,21,100,86,57,2,245,41,1,42,287
01/16/2010,ORF,VA,AEA,EN,Combined TRACON& Tower with Radar,61,62,31,2,156,0,0,30,0,30,61,62,61,2,186,25,0,25,211
01/17/2010,ORF,VA,AEA,EN,Combined TRACON& Tower with Radar,77,63,17,2,159,0,0,0,0,0,77,63,17,2,159,0,0,0,159
01/18/2010,ORF,VA,AEA,EN,Combined TRACON& Tower with Radar,89,79,37,2,207,0,1,23,0,24,89,80,60,2,231,13,0,13,244
01/19/2010,ORF,VA,AEA,EN,Combined TRACON& Tower with Radar,90,82,25,1,198,0,0,12,0,12,90,82,37,1,210,21,0,21,231
01/20/2010,ORF,VA,AEA,EN,Combined TRACON& Tower with Radar,96,81,69,1,247,0,0,15,0,15,96,81,84,1,262,38,6,44,306
01/21/2010,ORF,VA,AEA,EN,Combined TRACON& Tower with Radar,92,80,25,0,197,0,1,10,0,11,92,81,35,0,208,9,10,19,227
01/22/2010,ORF,VA,AEA,EN,Combined TRACON& Tower with Radar,99,91,16,0,206,0,0,1,0,1,99,91,17,0,207,0,0,0,207
01/23/2010,ORF,VA,AEA,EN,Combined TRACON& Tower with Radar,62,63,38,0,163,0,0,34,0,34,62,63,72,0,197,28,0,28,225
01/24/2010,ORF,VA,AEA,EN,Combined TRACON& Tower with Radar,80,78,18,0,176,0,0,8,0,8,80,78,26,0,184,7,0,7,191
01/25/2010,ORF,VA,AEA,EN,Combined TRACON& Tower with Radar,94,69,41,0,204,0,0,3,0,3,94,69,44,0,207,8,0,8,215
01/26/2010,ORF,VA,AEA,EN,Combined TRACON& Tower with Radar,93,94,37,2,226,0,0,8,0,8,93,94,45,2,234,17,0,17,251
01/27/2010,ORF,VA,AEA,EN,Combined TRACON& Tower with Radar,99,79,50,0,228,0,0,22,4,26,99,79,72,4,254,1,39,40,294
01/28/2010,ORF,VA,AEA,EN,Combined TRACON& Tower with Radar,93,85,36,0,214,0,0,23,0,23,93,85,59,0,237,0,0,0,237
01/29/2010,ORF,VA,AEA,EN,Combined TRACON& Tower with Radar,90,94,20,1,205,0,1,5,1,7,90,95,25,2,212,4,0,4,216
01/30/2010,ORF,VA,AEA,EN,Combined TRACON& Tower with Radar,10,8,4,0,22,0,0,0,0,0,10,8,4,0,22,0,0,0,22
01/31/2010,ORF,VA,AEA,EN,Combined TRACON& Tower with Radar,86,72,14,6,178,0,2,10,0,12,86,74,24,6,190,0,0,0,190
02/01/2010,ORF,VA,AEA,EN,Combined TRACON& Tower with Radar,91,85,24,3,203,0,0,9,0,9,91,85,33,3,212,5,0,5,217
02/02/2010,ORF,VA,AEA,EN,Combined TRACON& Tower with Radar,89,80,20,1,190,0,1,1,1,3,89,81,21,2,193,1,0,1,194
02/03/2010,ORF,VA,AEA,EN,Combined TRACON& Tower with Radar,90,85,25,4,204,0,0,11,0,11,90,85,36,4,215,14,6,20,235
02/04/2010,ORF,VA,AEA,EN,Combined TRACON& Tower with Radar,97,85,32,0,214,0,1,23,1,25,97,86,55,1,239,6,6,12,251
02/05/2010,ORF,VA,AEA,EN,Combined TRACON& Tower with Radar,83,91,8,0,182,0,0,5,0,5,83,91,13,0,187,8,0,8,195
02/06/2010,ORF,VA,AEA,EN,Combined TRACON& Tower with Radar,51,52,3,1,107,0,0,0,0,0,51,52,3,1,107,0,0,0,107
02/07/2010,ORF,VA,AEA,EN,Combined TRACON& Tower with Radar,67,75,11,1,154,0,1,16,0,17,67,76,27,1,171,15,0,15,186
02/08/2010,ORF,VA,AEA,EN,Combined TRACON& Tower with Radar,88,83,22,0,193,0,0,12,0,12,88,83,34,0,205,14,0,14,219
02/09/2010,ORF,VA,AEA,EN,Combined TRACON& Tower with Radar,77,88,21,0,186,0,0,7,0,7,77,88,28,0,193,6,0,6,199
02/10/2010,ORF,VA,AEA,EN,Combined TRACON& Tower with Radar,76,52,13,0,141,0,0,1,0,1,76,52,14,0,142,0,0,0,142
02/11/2010,ORF,VA,AEA,EN,Combined TRACON& Tower with Radar,77,90,39,0,206,0,1,11,0,12,77,91,50,0,218,14,9,23,241
02/12/2010,ORF,VA,AEA,EN,Combined TRACON& Tower with Radar,72,103,44,0,219,0,0,34,0,34,72,103,78,0,253,35,0,35,288
02/13/2010,ORF,VA,AEA,EN,Combined TRACON& Tower with Radar,63,73,19,0,155,0,0,3,0,3,63,73,22,0,158,0,0,0,158
02/14/2010,ORF,VA,AEA,EN,Combined TRACON& Tower with Radar,72,87,46,0,205,0,1,25,1,27,72,88,71,1,232,32,0,32,264
02/15/2010,ORF,VA,AEA,EN,Combined TRACON& Tower with Radar,74,91,19,0,184,0,0,11,0,11,74,91,30,0,195,11,0,11,206
02/16/2010,ORF,VA,AEA,EN,Combined TRACON& Tower with Radar,84,81,23,0,188,0,0,12,0,12,84,81,35,0,200,16,0,16,216
02/17/2010,ORF,VA,AEA,EN,Combined TRACON& Tower with Radar,86,98,50,0,234,0,2,22,0,24,86,100,72,0,258,14,0,14,272
02/18/2010,ORF,VA,AEA,EN,Combined TRACON& Tower with Radar,88,95,56,0,239,0,0,18,0,18,88,95,74,0,257,0,0,0,257
02/19/2010,ORF,VA,AEA,EN,Combined TRACON& Tower with Radar,88,95,49,0,232,0,0,15,0,15,88,95,64,0,247,29,0,29,276
02/20/2010,ORF,VA,AEA,EN,Combined TRACON& Tower with Radar,70,68,40,0,178,0,0,33,0,33,70,68,73,0,211,23,0,23,234
02/21/2010,ORF,VA,AEA,EN,Combined TRACON& Tower with Radar,75,80,35,0,190,0,0,18,0,18,75,80,53,0,208,0,0,0,208
02/22/2010,ORF,VA,AEA,EN,Combined TRACON& Tower with Radar,76,87,34,0,197,0,0,10,0,10,76,87,44,0,207,0,2,2,209
02/23/2010,ORF,VA,AEA,EN,Combined TRACON& Tower with Radar,85,87,33,1,206,0,0,1,0,1,85,87,34,1,207,18,4,22,229
02/24/2010,ORF,VA,AEA,EN,Combined TRACON& Tower with Radar,86,94,32,0,212,0,0,5,0,5,86,94,37,0,217,3,0,3,220
02/25/2010,ORF,VA,AEA,EN,Combined TRACON& Tower with Radar,84,85,32,1,202,0,0,4,0,4,84,85,36,1,206,6,0,6,212
02/26/2010,ORF,VA,AEA,EN,Combined TRACON& Tower with Radar,80,85,23,0,188,0,0,4,0,4,80,85,27,0,192,0,0,0,192
02/27/2010,ORF,VA,AEA,EN,Combined TRACON& Tower with Radar,67,64,31,1,163,0,0,16,0,16,67,64,47,1,179,6,0,6,185
02/28/2010,ORF,VA,AEA,EN,Combined TRACON& Tower with Radar,76,85,27,0,188,0,0,18,0,18,76,85,45,0,206,16,0,16,222
03/01/2010,ORF,VA,AEA,EN,Combined TRACON& Tower with Radar,85,91,24,2,202,0,0,13,0,13,85,91,37,2,215,27,0,27,242
03/02/2010,ORF,VA,AEA,EN,Combined TRACON& Tower with Radar,81,91,11,4,187,0,1,12,0,13,81,92,23,4,200,26,0,26,226
03/03/2010,ORF,VA,AEA,EN,Combined TRACON& Tower with Radar,83,100,18,4,205,0,0,0,0,0,83,100,18,4,205,0,0,0,205
03/04/2010,ORF,VA,AEA,EN,Combined TRACON& Tower with Radar,88,100,52,5,245,0,1,11,2,14,88,101,63,7,259,19,3,22,281
03/05/2010,ORF,VA,AEA,EN,Combined TRACON& Tower with Radar,85,110,34,1,230,0,0,24,0,24,85,110,58,1,254,22,2,24,278
03/06/2010,ORF,VA,AEA,EN,Combined TRACON& Tower with Radar,66,68,26,0,160,0,0,26,0,26,66,68,52,0,186,18,0,18,204
03/07/2010,ORF,VA,AEA,EN,Combined TRACON& Tower with Radar,81,85,39,0,205,0,1,51,0,52,81,86,90,0,257,26,0,26,283
03/08/2010,ORF,VA,AEA,EN,Combined TRACON& Tower with Radar,83,90,39,0,212,0,0,33,0,33,83,90,72,0,245,9,0,9,254
03/09/2010,ORF,VA,AEA,EN,Combined TRACON& Tower with Radar,86,90,45,0,221,0,0,32,0,32,86,90,77,0,253,40,0,40,293
03/10/2010,ORF,VA,AEA,EN,Combined TRACON& Tower with Radar,88,102,50,0,240,0,0,22,0,22,88,102,72,0,262,9,0,9,271
03/11/2010,ORF,VA,AEA,EN,Combined TRACON& Tower with Radar,89,106,41,0,236,0,0,3,0,3,89,106,44,0,239,28,0,28,267
03/12/2010,ORF,VA,AEA,EN,Combined TRACON& Tower with Radar,86,87,30,0,203,0,0,1,0,1,86,87,31,0,204,11,0,11,215
03/13/2010,ORF,VA,AEA,EN,Combined TRACON& Tower with Radar,80,72,24,0,176,0,0,4,0,4,80,72,28,0,180,0,0,0,180
03/14/2010,ORF,VA,AEA,EN,Combined TRACON& Tower with Radar,80,79,33,1,193,0,0,12,0,12,80,79,45,1,205,32,0,32,237
03/15/2010,ORF,VA,AEA,EN,Combined TRACON& Tower with Radar,82,89,46,0,217,0,0,5,6,11,82,89,51,6,228,2,0,2,230
03/16/2010,ORF,VA,AEA,EN,Combined TRACON& Tower with Radar,85,99,36,2,222,0,0,5,2,7,85,99,41,4,229,5,3,8,237
03/17/2010,ORF,VA,AEA,EN,Combined TRACON& Tower with Radar,87,95,37,0,219,0,0,19,2,21,87,95,56,2,240,8,2,10,250
03/18/2010,ORF,VA,AEA,EN,Combined TRACON& Tower with Radar,87,104,42,0,233,0,4,25,0,29,87,108,67,0,262,6,0,6,268
03/19/2010,ORF,VA,AEA,EN,Combined TRACON& Tower with Radar,92,103,54,0,249,0,0,36,0,36,92,103,90,0,285,56,0,56,341
03/20/2010,ORF,VA,AEA,EN,Combined TRACON& Tower with Radar,75,74,40,0,189,0,0,23,0,23,75,74,63,0,212,21,1,22,234
03/21/2010,ORF,VA,AEA,EN,Combined TRACON& Tower with Radar,83,91,38,0,212,0,1,35,2,38,83,92,73,2,250,30,0,30,280
03/22/2010,ORF,VA,AEA,EN,Combined TRACON& Tower with Radar,84,95,30,0,209,0,0,7,0,7,84,95,37,0,216,18,0,18,234
03/23/2010,ORF,VA,AEA,EN,Combined TRACON& Tower with Radar,89,111,39,2,241,0,0,8,0,8,89,111,47,2,249,72,0,72,321
03/24/2010,ORF,VA,AEA,EN,Combined TRACON& Tower with Radar,89,102,50,4,245,0,0,24,1,25,89,102,74,5,270,72,0,72,342
03/25/2010,ORF,VA,AEA,EN,Combined TRACON& Tower with Radar,86,96,34,1,217,0,0,10,0,10,86,96,44,1,227,35,0,35,262
03/26/2010,ORF,VA,AEA,EN,Combined TRACON& Tower with Radar,90,97,32,0,219,0,0,1,0,1,90,97,33,0,220,1,0,1,221
03/27/2010,ORF,VA,AEA,EN,Combined TRACON& Tower with Radar,78,72,22,0,172,0,0,22,2,24,78,72,44,2,196,18,0,18,214
03/28/2010,ORF,VA,AEA,EN,Combined TRACON& Tower with Radar,79,80,29,0,188,0,0,11,0,11,79,80,40,0,199,0,0,0,199
03/29/2010,ORF,VA,AEA,EN,Combined TRACON& Tower with Radar,85,92,33,0,210,0,0,0,0,0,85,92,33,0,210,0,0,0,210
03/30/2010,ORF,VA,AEA,EN,Combined TRACON& Tower with Radar,90,79,39,0,208,0,0,15,0,15,90,79,54,0,223,10,0,10,233
03/31/2010,ORF,VA,AEA,EN,Combined TRACON& Tower with Radar,86,87,59,1,233,0,0,29,0,29,86,87,88,1,262,34,0,34,296
04/01/2010,ORF,VA,AEA,EN,Combined TRACON& Tower with Radar,86,91,55,3,235,0,0,34,0,34,86,91,89,3,269,28,0,28,297
04/02/2010,ORF,VA,AEA,EN,Combined TRACON& Tower with Radar,88,88,53,0,229,0,0,26,0,26,88,88,79,0,255,23,0,23,278
04/03/2010,ORF,VA,AEA,EN,Combined TRACON& Tower with Radar,77,70,32,0,179,0,0,34,0,34,77,70,66,0,213,0,0,0,213
04/04/2010,ORF,VA,AEA,EN,Combined TRACON& Tower with Radar,81,79,18,0,178,0,1,25,0,26,81,80,43,0,204,20,0,20,224
04/05/2010,ORF,VA,AEA,EN,Combined TRACON& Tower with Radar,86,87,46,2,221,0,0,16,0,16,86,87,62,2,237,22,0,22,259
04/06/2010,ORF,VA,AEA,EN,Combined TRACON& Tower with Radar,89,87,32,0,208,0,0,21,0,21,89,87,53,0,229,26,0,26,255
04/07/2010,ORF,VA,AEA,EN,Combined TRACON& Tower with Radar,93,86,40,2,221,0,0,9,0,9,93,86,49,2,230,19,0,19,249
04/08/2010,ORF,VA,AEA,EN,Combined TRACON& Tower with Radar,93,84,27,1,205,0,0,23,0,23,93,84,50,1,228,33,0,33,261
04/09/2010,ORF,VA,AEA,EN,Combined TRACON& Tower with Radar,97,96,31,0,224,0,0,12,0,12,97,96,43,0,236,2,0,2,238
04/10/2010,ORF,VA,AEA,EN,Combined TRACON& Tower with Radar,84,63,28,1,176,0,0,23,0,23,84,63,51,1,199,32,3,35,234
04/11/2010,ORF,VA,AEA,EN,Combined TRACON& Tower with Radar,88,76,48,2,214,0,2,27,0,29,88,78,75,2,243,24,0,24,267
04/12/2010,ORF,VA,AEA,EN,Combined TRACON& Tower with Radar,88,85,36,8,217,0,0,25,0,25,88,85,61,8,242,18,3,21,263
04/13/2010,ORF,VA,AEA,EN,Combined TRACON& Tower with Radar,92,87,35,6,220,0,0,15,0,15,92,87,50,6,235,7,48,55,290
04/14/2010,ORF,VA,AEA,EN,Combined TRACON& Tower with Radar,97,83,31,4,215,0,0,21,0,21,97,83,52,4,236,9,14,23,259
04/15/2010,ORF,VA,AEA,EN,Combined TRACON& Tower with Radar,93,93,41,0,227,0,0,25,0,25,93,93,66,0,252,37,6,43,295
04/16/2010,ORF,VA,AEA,EN,Combined TRACON& Tower with Radar,99,97,39,6,241,0,0,22,3,25,99,97,61,9,266,12,0,12,278
04/17/2010,ORF,VA,AEA,EN,Combined TRACON& Tower with Radar,80,73,31,0,184,0,0,8,0,8,80,73,39,0,192,50,2,52,244
04/18/2010,ORF,VA,AEA,EN,Combined TRACON& Tower with Radar,88,81,42,0,211,0,0,32,0,32,88,81,74,0,243,9,0,9,252
04/19/2010,ORF,VA,AEA,EN,Combined TRACON& Tower with Radar,86,83,35,0,204,0,0,26,0,26,86,83,61,0,230,18,0,18,248
04/20/2010,ORF,VA,AEA,EN,Combined TRACON& Tower with Radar,90,91,48,2,231,0,0,28,2,30,90,91,76,4,261,10,0,10,271
04/21/2010,ORF,VA,AEA,EN,Combined TRACON& Tower with Radar,91,94,60,0,245,0,0,12,1,13,91,94,72,1,258,11,0,11,269
04/22/2010,ORF,VA,AEA,EN,Combined TRACON& Tower with Radar,99,109,71,2,281,0,0,33,0,33,99,109,104,2,314,15,0,15,329
04/23/2010,ORF,VA,AEA,EN,Combined TRACON& Tower with Radar,96,96,44,0,236,0,0,46,0,46,96,96,90,0,282,46,0,46,328
04/24/2010,ORF,VA,AEA,EN,Combined TRACON& Tower with Radar,79,61,29,0,169,0,0,19,0,19,79,61,48,0,188,16,0,16,204
04/25/2010,ORF,VA,AEA,EN,Combined TRACON& Tower with Radar,100,82,17,2,201,0,1,16,0,17,100,83,33,2,218,22,0,22,240
04/26/2010,ORF,VA,AEA,EN,Combined TRACON& Tower with Radar,96,88,40,0,224,0,0,26,0,26,96,88,66,0,250,10,2,12,262
04/27/2010,ORF,VA,AEA,EN,Combined TRACON& Tower with Radar,94,89,38,0,221,0,2,19,0,21,94,91,57,0,242,12,0,12,254
04/28/2010,ORF,VA,AEA,EN,Combined TRACON& Tower with Radar,94,94,47,1,236,0,0,28,0,28,94,94,75,1,264,42,0,42,306
04/29/2010,ORF,VA,AEA,EN,Combined TRACON& Tower with Radar,93,88,43,1,225,0,1,47,0,48,93,89,90,1,273,28,0,28,301
04/30/2010,ORF,VA,AEA,EN,Combined TRACON& Tower with Radar,95,94,41,1,231,0,0,53,0,53,95,94,94,1,284,0,0,0,284
05/01/2010,ORF,VA,AEA,EN,Combined TRACON& Tower with Radar,88,51,26,0,165,0,2,43,0,45,88,53,69,0,210,0,0,0,210
05/02/2010,ORF,VA,AEA,EN,Combined TRACON& Tower with Radar,90,83,29,0,202,0,1,8,0,9,90,84,37,0,211,16,0,16,227
05/03/2010,ORF,VA,AEA,EN,Combined TRACON& Tower with Radar,92,88,36,0,216,0,0,29,1,30,92,88,65,1,246,6,0,6,252
05/04/2010,ORF,VA,AEA,EN,Combined TRACON& Tower with Radar,103,78,24,1,206,0,0,28,0,28,103,78,52,1,234,20,0,20,254
05/05/2010,ORF,VA,AEA,EN,Combined TRACON& Tower with Radar,103,80,45,3,231,0,0,65,5,70,103,80,110,8,301,32,0,32,333
05/06/2010,ORF,VA,AEA,EN,Combined TRACON& Tower with Radar,101,82,54,0,237,0,0,68,0,68,101,82,122,0,305,22,0,22,327
05/07/2010,ORF,VA,AEA,EN,Combined TRACON& Tower with Radar,103,88,46,0,237,0,1,37,6,44,103,89,83,6,281,35,12,47,328
05/08/2010,ORF,VA,AEA,EN,Combined TRACON& Tower with Radar,88,62,19,0,169,0,0,7,0,7,88,62,26,0,176,0,0,0,176
05/09/2010,ORF,VA,AEA,EN,Combined TRACON& Tower with Radar,92,85,23,0,200,0,0,17,0,17,92,85,40,0,217,10,0,10,227
05/10/2010,ORF,VA,AEA,EN,Combined TRACON& Tower with Radar,105,83,26,0,214,0,0,42,0,42,105,83,68,0,256,53,0,53,309
05/11/2010,ORF,VA,AEA,EN,Combined TRACON& Tower with Radar,104,97,43,0,244,0,0,22,2,24,104,97,65,2,268,48,12,60,328
05/12/2010,ORF,VA,AEA,EN,Combined TRACON& Tower with Radar,106,84,45,1,236,0,4,25,0,29,106,88,70,1,265,10,0,10,275
05/13/2010,ORF,VA,AEA,EN,Combined TRACON& Tower with Radar,105,91,55,0,251,0,0,15,0,15,105,91,70,0,266,0,0,0,266
05/14/2010,ORF,VA,AEA,EN,Combined TRACON& Tower with Radar,112,94,72,1,279,0,1,20,0,21,112,95,92,1,300,0,0,0,300
05/15/2010,ORF,VA,AEA,EN,Combined TRACON& Tower with Radar,96,66,32,0,194,0,0,30,0,30,96,66,62,0,224,0,0,0,224
05/16/2010,ORF,VA,AEA,EN,Combined TRACON& Tower with Radar,95,94,37,1,227,0,0,23,2,25,95,94,60,3,252,8,0,8,260
05/17/2010,ORF,VA,AEA,EN,Combined TRACON& Tower with Radar,104,82,27,0,213,0,0,6,0,6,104,82,33,0,219,1,0,1,220
05/18/2010,ORF,VA,AEA,EN,Combined TRACON& Tower with Radar,109,81,37,0,227,0,0,0,0,0,109,81,37,0,227,8,24,32,259
05/19/2010,ORF,VA,AEA,EN,Combined TRACON& Tower with Radar,107,85,50,0,242,0,0,28,0,28,107,85,78,0,270,0,0,0,270
05/20/2010,ORF,VA,AEA,EN,Combined TRACON& Tower with Radar,102,88,37,2,229,0,0,44,0,44,102,88,81,2,273,21,0,21,294
05/21/2010,ORF,VA,AEA,EN,Combined TRACON& Tower with Radar,102,100,53,1,256,0,2,32,3,37,102,102,85,4,293,16,0,16,309
05/22/2010,ORF,VA,AEA,EN,Combined TRACON& Tower with Radar,88,66,33,2,189,0,0,18,1,19,88,66,51,3,208,0,0,0,208
05/23/2010,ORF,VA,AEA,EN,Combined TRACON& Tower with Radar,97,74,39,0,210,0,0,7,0,7,97,74,46,0,217,0,0,0,217
05/24/2010,ORF,VA,AEA,EN,Combined TRACON& Tower with Radar,103,84,31,3,221,0,0,6,0,6,103,84,37,3,227,12,0,12,239
05/25/2010,ORF,VA,AEA,EN,Combined TRACON& Tower with Radar,105,92,42,0,239,0,0,15,1,16,105,92,57,1,255,10,16,26,281
05/26/2010,ORF,VA,AEA,EN,Combined TRACON& Tower with Radar,107,82,52,4,245,0,3,45,1,49,107,85,97,5,294,40,15,55,349
05/27/2010,ORF,VA,AEA,EN,Combined TRACON& Tower with Radar,104,84,38,5,231,0,0,29,0,29,104,84,67,5,260,51,0,51,311
05/28/2010,ORF,VA,AEA,EN,Combined TRACON& Tower with Radar,105,87,44,0,236,0,0,28,3,31,105,87,72,3,267,10,0,10,277
05/29/2010,ORF,VA,AEA,EN,Combined TRACON& Tower with Radar,86,60,28,0,174,0,0,9,3,12,86,60,37,3,186,0,0,0,186
05/30/2010,ORF,VA,AEA,EN,Combined TRACON& Tower with Radar,80,64,10,0,154,0,0,20,1,21,80,64,30,1,175,0,0,0,175
05/31/2010,ORF,VA,AEA,EN,Combined TRACON& Tower with Radar,86,81,26,0,193,0,0,36,2,38,86,81,62,2,231,35,0,35,266
06/01/2010,ORF,VA,AEA,EN,Combined TRACON& Tower with Radar,103,81,37,2,223,0,0,9,0,9,103,81,46,2,232,3,0,3,235
06/02/2010,ORF,VA,AEA,EN,Combined TRACON& Tower with Radar,109,83,55,2,249,0,0,20,4,24,109,83,75,6,273,0,0,0,273
06/03/2010,ORF,VA,AEA,EN,Combined TRACON& Tower with Radar,110,76,56,2,244,0,0,15,1,16,110,76,71,3,260,26,0,26,286
06/04/2010,ORF,VA,AEA,EN,Combined TRACON& Tower with Radar,104,83,55,0,242,0,0,16,0,16,104,83,71,0,258,38,0,38,296
06/05/2010,ORF,VA,AEA,EN,Combined TRACON& Tower with Radar,83,67,18,0,168,0,0,23,0,23,83,67,41,0,191,0,0,0,191
06/06/2010,ORF,VA,AEA,EN,Combined TRACON& Tower with Radar,99,81,17,0,197,0,0,19,0,19,99,81,36,0,216,6,0,6,222
06/07/2010,ORF,VA,AEA,EN,Combined TRACON& Tower with Radar,102,86,39,2,229,0,0,34,1,35,102,86,73,3,264,13,0,13,277
06/08/2010,ORF,VA,AEA,EN,Combined TRACON& Tower with Radar,106,80,41,5,232,0,0,33,0,33,106,80,74,5,265,9,0,9,274
06/09/2010,ORF,VA,AEA,EN,Combined TRACON& Tower with Radar,100,94,51,4,249,0,4,17,0,21,100,98,68,4,270,26,2,28,298
06/10/2010,ORF,VA,AEA,EN,Combined TRACON& Tower with Radar,112,82,48,3,245,0,0,31,0,31,112,82,79,3,276,14,0,14,290
06/11/2010,ORF,VA,AEA,EN,Combined TRACON& Tower with Radar,108,92,56,1,257,0,0,41,0,41,108,92,97,1,298,9,0,9,307
06/12/2010,ORF,VA,AEA,EN,Combined TRACON& Tower with Radar,96,69,31,1,197,0,0,37,0,37,96,69,68,1,234,38,0,38,272
06/13/2010,ORF,VA,AEA,EN,Combined TRACON& Tower with Radar,111,86,38,0,235,0,0,27,0,27,111,86,65,0,262,39,0,39,301
06/14/2010,ORF,VA,AEA,EN,Combined TRACON& Tower with Radar,106,88,33,3,230,0,0,32,1,33,106,88,65,4,263,33,0,33,296
06/15/2010,ORF,VA,AEA,EN,Combined TRACON& Tower with Radar,111,85,40,0,236,0,0,52,0,52,111,85,92,0,288,37,0,37,325
06/16/2010,ORF,VA,AEA,EN,Combined TRACON& Tower with Radar,118,84,46,0,248,0,0,12,10,22,118,84,58,10,270,7,0,7,277
06/17/2010,ORF,VA,AEA,EN,Combined TRACON& Tower with Radar,112,90,45,0,247,0,0,37,0,37,112,90,82,0,284,16,0,16,300
06/18/2010,ORF,VA,AEA,EN,Combined TRACON& Tower with Radar,114,84,54,0,252,0,0,52,1,53,114,84,106,1,305,8,2,10,315
06/19/2010,ORF,VA,AEA,EN,Combined TRACON& Tower with Radar,103,61,39,0,203,0,0,31,0,31,103,61,70,0,234,0,0,0,234
06/20/2010,ORF,VA,AEA,EN,Combined TRACON& Tower with Radar,107,86,31,0,224,0,0,13,0,13,107,86,44,0,237,19,0,19,256
06/21/2010,ORF,VA,AEA,EN,Combined TRACON& Tower with Radar,109,75,41,0,225,0,0,47,0,47,109,75,88,0,272,30,14,44,316
06/22/2010,ORF,VA,AEA,EN,Combined TRACON& Tower with Radar,121,91,62,2,276,0,0,27,0,27,121,91,89,2,303,21,0,21,324
06/23/2010,ORF,VA,AEA,EN,Combined TRACON& Tower with Radar,111,90,38,0,239,0,0,50,19,69,111,90,88,19,308,10,12,22,330
06/24/2010,ORF,VA,AEA,EN,Combined TRACON& Tower with Radar,111,90,37,1,239,0,0,17,2,19,111,90,54,3,258,11,0,11,269
06/25/2010,ORF,VA,AEA,EN,Combined TRACON& Tower with Radar,113,90,42,2,247,0,0,29,1,30,113,90,71,3,277,0,0,0,277
06/26/2010,ORF,VA,AEA,EN,Combined TRACON& Tower with Radar,100,69,19,4,192,0,0,22,0,22,100,69,41,4,214,32,0,32,246
06/27/2010,ORF,VA,AEA,EN,Combined TRACON& Tower with Radar,101,94,56,0,251,0,0,31,0,31,101,94,87,0,282,0,0,0,282
06/28/2010,ORF,VA,AEA,EN,Combined TRACON& Tower with Radar,111,82,32,0,225,0,0,49,0,49,111,82,81,0,274,20,0,20,294
06/29/2010,ORF,VA,AEA,EN,Combined TRACON& Tower with Radar,119,83,38,0,240,0,0,39,0,39,119,83,77,0,279,11,0,11,290
06/30/2010,ORF,VA,AEA,EN,Combined TRACON& Tower with Radar,116,87,42,0,245,0,0,25,0,25,116,87,67,0,270,13,0,13,283
07/01/2010,ORF,VA,AEA,EN,Combined TRACON& Tower with Radar,107,92,44,0,243,0,0,44,0,44,107,92,88,0,287,32,0,32,319
07/02/2010,ORF,VA,AEA,EN,Combined TRACON& Tower with Radar,110,96,40,0,246,0,0,30,1,31,110,96,70,1,277,22,0,22,299
07/03/2010,ORF,VA,AEA,EN,Combined TRACON& Tower with Radar,98,72,24,2,196,0,0,17,0,17,98,72,41,2,213,22,0,22,235
07/04/2010,ORF,VA,AEA,EN,Combined TRACON& Tower with Radar,82,80,25,0,187,0,0,30,1,31,82,80,55,1,218,0,0,0,218
07/05/2010,ORF,VA,AEA,EN,Combined TRACON& Tower with Radar,102,78,34,0,214,0,0,41,0,41,102,78,75,0,255,29,0,29,284
07/06/2010,ORF,VA,AEA,EN,Combined TRACON& Tower with Radar,106,82,33,0,221,0,0,19,0,19,106,82,52,0,240,26,0,26,266
07/07/2010,ORF,VA,AEA,EN,Combined TRACON& Tower with Radar,108,86,39,0,233,0,2,27,0,29,108,88,66,0,262,21,0,21,283
07/08/2010,ORF,VA,AEA,EN,Combined TRACON& Tower with Radar,109,93,50,0,252,0,0,30,0,30,109,93,80,0,282,22,0,22,304
07/09/2010,ORF,VA,AEA,EN,Combined TRACON& Tower with Radar,105,96,51,1,253,0,1,17,0,18,105,97,68,1,271,21,0,21,292
07/10/2010,ORF,VA,AEA,EN,Combined TRACON& Tower with Radar,98,71,20,0,189,0,0,8,0,8,98,71,28,0,197,0,0,0,197
07/11/2010,ORF,VA,AEA,EN,Combined TRACON& Tower with Radar,98,98,39,0,235,0,0,22,0,22,98,98,61,0,257,7,0,7,264
07/12/2010,ORF,VA,AEA,EN,Combined TRACON& Tower with Radar,107,86,40,4,237,0,2,14,0,16,107,88,54,4,253,15,0,15,268
07/13/2010,ORF,VA,AEA,EN,Combined TRACON& Tower with Radar,111,80,46,0,237,0,1,19,0,20,111,81,65,0,257,1,14,15,272
07/14/2010,ORF,VA,AEA,EN,Combined TRACON& Tower with Radar,109,83,47,8,247,0,0,24,0,24,109,83,71,8,271,14,6,20,291
07/15/2010,ORF,VA,AEA,EN,Combined TRACON& Tower with Radar,107,97,40,2,246,0,0,45,6,51,107,97,85,8,297,8,0,8,305
07/16/2010,ORF,VA,AEA,EN,Combined TRACON& Tower with Radar,109,90,27,4,230,0,0,25,0,25,109,90,52,4,255,18,0,18,273
07/17/2010,ORF,VA,AEA,EN,Combined TRACON& Tower with Radar,102,66,25,1,194,0,0,24,1,25,102,66,49,2,219,0,0,0,219
07/18/2010,ORF,VA,AEA,EN,Combined TRACON& Tower with Radar,97,84,50,0,231,0,0,17,2,19,97,84,67,2,250,16,0,16,266
07/19/2010,ORF,VA,AEA,EN,Combined TRACON& Tower with Radar,107,78,17,1,203,0,0,26,0,26,107,78,43,1,229,10,2,12,241
07/20/2010,ORF,VA,AEA,EN,Combined TRACON& Tower with Radar,116,92,28,1,237,0,0,23,5,28,116,92,51,6,265,28,6,34,299
07/21/2010,ORF,VA,AEA,EN,Combined TRACON& Tower with Radar,107,90,37,1,235,0,1,17,1,19,107,91,54,2,254,12,0,12,266
07/22/2010,ORF,VA,AEA,EN,Combined TRACON& Tower with Radar,110,85,35,1,231,0,0,32,0,32,110,85,67,1,263,11,0,11,274
07/23/2010,ORF,VA,AEA,EN,Combined TRACON& Tower with Radar,110,94,40,0,244,0,1,22,1,24,110,95,62,1,268,0,0,0,268
07/24/2010,ORF,VA,AEA,EN,Combined TRACON& Tower with Radar,98,66,23,0,187,0,0,19,0,19,98,66,42,0,206,0,0,0,206
07/25/2010,ORF,VA,AEA,EN,Combined TRACON& Tower with Radar,142,87,34,2,265,0,0,19,0,19,142,87,53,2,284,0,0,0,284
07/26/2010,ORF,VA,AEA,EN,Combined TRACON& Tower with Radar,100,96,35,3,234,0,0,22,0,22,100,96,57,3,256,18,24,42,298
07/27/2010,ORF,VA,AEA,EN,Combined TRACON& Tower with Radar,112,94,52,0,258,0,0,31,1,32,112,94,83,1,290,17,0,17,307
07/28/2010,ORF,VA,AEA,EN,Combined TRACON& Tower with Radar,110,96,36,5,247,0,0,23,0,23,110,96,59,5,270,2,6,8,278
07/29/2010,ORF,VA,AEA,EN,Combined TRACON& Tower with Radar,107,80,42,0,229,0,0,21,4,25,107,80,63,4,254,24,0,24,278
07/30/2010,ORF,VA,AEA,EN,Combined TRACON& Tower with Radar,118,98,42,0,258,0,0,23,0,23,118,98,65,0,281,6,0,6,287
07/31/2010,ORF,VA,AEA,EN,Combined TRACON& Tower with Radar,96,63,39,0,198,0,0,19,0,19,96,63,58,0,217,0,0,0,217
08/01/2010,ORF,VA,AEA,EN,Combined TRACON& Tower with Radar,102,78,36,0,216,0,0,7,0,7,102,78,43,0,223,6,0,6,229
08/02/2010,ORF,VA,AEA,EN,Combined TRACON& Tower with Radar,109,96,46,0,251,1,0,11,0,12,110,96,57,0,263,7,0,7,270
08/03/2010,ORF,VA,AEA,EN,Combined TRACON& Tower with Radar,109,85,36,0,230,0,1,28,0,29,109,86,64,0,259,30,0,30,289
08/04/2010,ORF,VA,AEA,EN,Combined TRACON& Tower with Radar,113,85,39,0,237,0,0,20,0,20,113,85,59,0,257,11,8,19,276
08/05/2010,ORF,VA,AEA,EN,Combined TRACON& Tower with Radar,115,84,61,0,260,0,1,14,0,15,115,85,75,0,275,5,0,5,280
08/06/2010,ORF,VA,AEA,EN,Combined TRACON& Tower with Radar,108,99,56,0,263,0,1,16,0,17,108,100,72,0,280,18,0,18,298
08/07/2010,ORF,VA,AEA,EN,Combined TRACON& Tower with Radar,105,67,21,0,193,0,0,27,0,27,105,67,48,0,220,6,0,6,226
08/08/2010,ORF,VA,AEA,EN,Combined TRACON& Tower with Radar,102,86,39,0,227,0,0,23,0,23,102,86,62,0,250,10,0,10,260
08/09/2010,ORF,VA,AEA,EN,Combined TRACON& Tower with Radar,106,80,38,0,224,0,2,25,1,28,106,82,63,1,252,19,0,19,271
08/10/2010,ORF,VA,AEA,EN,Combined TRACON& Tower with Radar,110,92,27,0,229,0,0,23,0,23,110,92,50,0,252,27,0,27,279
08/11/2010,ORF,VA,AEA,EN,Combined TRACON& Tower with Radar,106,92,43,0,241,0,0,44,2,46,106,92,87,2,287,32,0,32,319
08/12/2010,ORF,VA,AEA,EN,Combined TRACON& Tower with Radar,106,84,56,0,246,0,0,13,1,14,106,84,69,1,260,14,2,16,276
08/13/2010,ORF,VA,AEA,EN,Combined TRACON& Tower with Radar,108,99,42,3,252,0,0,16,0,16,108,99,58,3,268,0,12,12,280
08/14/2010,ORF,VA,AEA,EN,Combined TRACON& Tower with Radar,99,75,41,0,215,0,0,28,2,30,99,75,69,2,245,0,0,0,245
08/15/2010,ORF,VA,AEA,EN,Combined TRACON& Tower with Radar,102,80,49,2,233,0,1,26,0,27,102,81,75,2,260,0,0,0,260
08/16/2010,ORF,VA,AEA,EN,Combined TRACON& Tower with Radar,99,87,44,0,230,0,0,31,0,31,99,87,75,0,261,55,48,103,364
08/17/2010,ORF,VA,AEA,EN,Combined TRACON& Tower with Radar,109,100,34,0,243,0,0,42,0,42,109,100,76,0,285,22,20,42,327
08/18/2010,ORF,VA,AEA,EN,Combined TRACON& Tower with Radar,106,89,41,2,238,0,0,17,0,17,106,89,58,2,255,1,0,1,256
08/19/2010,ORF,VA,AEA,EN,Combined TRACON& Tower with Radar,100,88,45,0,233,0,0,11,0,11,100,88,56,0,244,20,0,20,264
08/20/2010,ORF,VA,AEA,EN,Combined TRACON& Tower with Radar,103,98,54,0,255,0,0,40,0,40,103,98,94,0,295,24,0,24,319
08/21/2010,ORF,VA,AEA,EN,Combined TRACON& Tower with Radar,92,72,32,0,196,0,0,26,0,26,92,72,58,0,222,0,0,0,222
08/22/2010,ORF,VA,AEA,EN,Combined TRACON& Tower with Radar,110,75,31,4,220,0,1,8,3,12,110,76,39,7,232,20,0,20,252
08/23/2010,ORF,VA,AEA,EN,Combined TRACON& Tower with Radar,101,94,51,1,247,0,0,44,6,50,101,94,95,7,297,26,0,26,323
08/24/2010,ORF,VA,AEA,EN,Combined TRACON& Tower with Radar,105,95,44,2,246,0,0,16,0,16,105,95,60,2,262,18,2,20,282
08/25/2010,ORF,VA,AEA,EN,Combined TRACON& Tower with Radar,104,91,55,1,251,0,0,16,9,25,104,91,71,10,276,53,20,73,349
08/26/2010,ORF,VA,AEA,EN,Combined TRACON& Tower with Radar,101,92,41,1,235,0,0,30,3,33,101,92,71,4,268,36,2,38,306
08/27/2010,ORF,VA,AEA,EN,Combined TRACON& Tower with Radar,104,99,52,0,255,0,0,35,0,35,104,99,87,0,290,39,4,43,333
08/28/2010,ORF,VA,AEA,EN,Combined TRACON& Tower with Radar,89,66,23,0,178,0,0,24,0,24,89,66,47,0,202,14,2,16,218
08/29/2010,ORF,VA,AEA,EN,Combined TRACON& Tower with Radar,97,85,38,0,220,0,0,28,2,30,97,85,66,2,250,0,0,0,250
08/30/2010,ORF,VA,AEA,EN,Combined TRACON& Tower with Radar,99,93,28,0,220,0,1,22,2,25,99,94,50,2,245,36,5,41,286
08/31/2010,ORF,VA,AEA,EN,Combined TRACON& Tower with Radar,100,91,37,1,229,0,1,36,2,39,100,92,73,3,268,8,0,8,276
09/01/2010,ORF,VA,AEA,EN,Combined TRACON& Tower with Radar,101,92,34,0,227,0,2,25,3,30,101,94,59,3,257,51,14,65,322
09/02/2010,ORF,VA,AEA,EN,Combined TRACON& Tower with Radar,99,93,28,0,220,0,0,20,0,20,99,93,48,0,240,0,0,0,240
09/03/2010,ORF,VA,AEA,EN,Combined TRACON& Tower with Radar,85,80,14,0,179,0,0,8,0,8,85,80,22,0,187,0,0,0,187
09/04/2010,ORF,VA,AEA,EN,Combined TRACON& Tower with Radar,85,72,35,0,192,0,0,26,0,26,85,72,61,0,218,0,0,0,218
09/05/2010,ORF,VA,AEA,EN,Combined TRACON& Tower with Radar,75,78,11,0,164,0,0,23,0,23,75,78,34,0,187,18,0,18,205
09/06/2010,ORF,VA,AEA,EN,Combined TRACON& Tower with Radar,83,92,53,0,228,0,1,18,2,21,83,93,71,2,249,24,0,24,273
09/07/2010,ORF,VA,AEA,EN,Combined TRACON& Tower with Radar,97,92,32,1,222,0,1,35,0,36,97,93,67,1,258,7,8,15,273
09/08/2010,ORF,VA,AEA,EN,Combined TRACON& Tower with Radar,103,89,29,0,221,0,0,24,0,24,103,89,53,0,245,18,0,18,263
09/09/2010,ORF,VA,AEA,EN,Combined TRACON& Tower with Radar,105,89,53,0,247,0,3,30,0,33,105,92,83,0,280,20,0,20,300
09/10/2010,ORF,VA,AEA,EN,Combined TRACON& Tower with Radar,103,95,34,0,232,0,0,60,0,60,103,95,94,0,292,18,0,18,310
09/11/2010,ORF,VA,AEA,EN,Combined TRACON& Tower with Radar,84,74,35,0,193,0,2,21,2,25,84,76,56,2,218,0,0,0,218
09/12/2010,ORF,VA,AEA,EN,Combined TRACON& Tower with Radar,91,83,46,8,228,0,0,1,0,1,91,83,47,8,229,28,0,28,257
09/13/2010,ORF,VA,AEA,EN,Combined TRACON& Tower with Radar,102,90,47,0,239,0,0,29,1,30,102,90,76,1,269,14,0,14,283
09/14/2010,ORF,VA,AEA,EN,Combined TRACON& Tower with Radar,102,95,50,0,247,0,0,46,0,46,102,95,96,0,293,48,0,48,341
09/15/2010,ORF,VA,AEA,EN,Combined TRACON& Tower with Radar,102,99,43,2,246,0,0,47,0,47,102,99,90,2,293,20,0,20,313
09/16/2010,ORF,VA,AEA,EN,Combined TRACON& Tower with Radar,102,93,53,2,250,0,0,25,0,25,102,93,78,2,275,18,0,18,293
09/17/2010,ORF,VA,AEA,EN,Combined TRACON& Tower with Radar,106,113,37,2,258,0,0,30,2,32,106,113,67,4,290,18,0,18,308
09/18/2010,ORF,VA,AEA,EN,Combined TRACON& Tower with Radar,85,62,32,6,185,0,2,38,0,40,85,64,70,6,225,0,0,0,225
09/19/2010,ORF,VA,AEA,EN,Combined TRACON& Tower with Radar,92,97,52,5,246,16,1,45,1,63,108,98,97,6,309,30,0,30,339
09/20/2010,ORF,VA,AEA,EN,Combined TRACON& Tower with Radar,96,97,41,0,234,0,0,17,0,17,96,97,58,0,251,40,0,40,291
09/21/2010,ORF,VA,AEA,EN,Combined TRACON& Tower with Radar,102,96,40,2,240,0,1,42,1,44,102,97,82,3,284,20,60,80,364
09/22/2010,ORF,VA,AEA,EN,Combined TRACON& Tower with Radar,103,91,43,0,237,0,1,44,0,45,103,92,87,0,282,38,6,44,326
09/23/2010,ORF,VA,AEA,EN,Combined TRACON& Tower with Radar,100,102,42,5,249,0,0,31,1,32,100,102,73,6,281,24,10,34,315
09/24/2010,ORF,VA,AEA,EN,Combined TRACON& Tower with Radar,103,92,44,2,241,0,0,47,0,47,103,92,91,2,288,35,4,39,327
09/25/2010,ORF,VA,AEA,EN,Combined TRACON& Tower with Radar,83,64,28,3,178,0,2,24,2,28,83,66,52,5,206,0,0,0,206
09/26/2010,ORF,VA,AEA,EN,Combined TRACON& Tower with Radar,89,94,32,4,219,0,0,11,1,12,89,94,43,5,231,16,1,17,248
09/27/2010,ORF,VA,AEA,EN,Combined TRACON& Tower with Radar,95,83,27,1,206,0,0,1,0,1,95,83,28,1,207,0,0,0,207
09/28/2010,ORF,VA,AEA,EN,Combined TRACON& Tower with Radar,98,93,47,0,238,0,0,3,0,3,98,93,50,0,241,0,0,0,241
09/29/2010,ORF,VA,AEA,EN,Combined TRACON& Tower with Radar,102,97,47,0,246,0,0,2,0,2,102,97,49,0,248,0,0,0,248
09/30/2010,ORF,VA,AEA,EN,Combined TRACON& Tower with Radar,96,92,12,0,200,0,0,0,0,0,96,92,12,0,200,0,0,0,200
10/01/2010,ORF,VA,AEA,EN,Combined TRACON& Tower with Radar,93,109,33,2,237,0,0,7,1,8,93,109,40,3,245,0,0,0,245
10/02/2010,ORF,VA,AEA,EN,Combined TRACON& Tower with Radar,82,77,38,1,198,0,0,32,2,34,82,77,70,3,232,0,0,0,232
10/03/2010,ORF,VA,AEA,EN,Combined TRACON& Tower with Radar,89,94,45,0,228,0,0,0,0,0,89,94,45,0,228,0,0,0,228
10/04/2010,ORF,VA,AEA,EN,Combined TRACON& Tower with Radar,89,93,35,6,223,0,0,1,3,4,89,93,36,9,227,0,0,0,227
10/05/2010,ORF,VA,AEA,EN,Combined TRACON& Tower with Radar,94,108,40,4,246,0,0,17,0,17,94,108,57,4,263,15,0,15,278
10/06/2010,ORF,VA,AEA,EN,Combined TRACON& Tower with Radar,97,110,45,4,256,0,1,23,1,25,97,111,68,5,281,11,0,11,292
10/07/2010,ORF,VA,AEA,EN,Combined TRACON& Tower with Radar,93,114,47,2,256,0,0,24,1,25,93,114,71,3,281,15,0,15,296
10/08/2010,ORF,VA,AEA,EN,Combined TRACON& Tower with Radar,95,110,56,0,261,0,2,40,0,42,95,112,96,0,303,28,0,28,331
10/09/2010,ORF,VA,AEA,EN,Combined TRACON& Tower with Radar,82,67,35,0,184,0,3,43,0,46,82,70,78,0,230,19,2,21,251
10/10/2010,ORF,VA,AEA,EN,Combined TRACON& Tower with Radar,87,91,40,2,220,0,0,24,2,26,87,91,64,4,246,28,0,28,274
10/11/2010,ORF,VA,AEA,EN,Combined TRACON& Tower with Radar,90,100,43,3,236,0,0,30,2,32,90,100,73,5,268,7,0,7,275
10/12/2010,ORF,VA,AEA,EN,Combined TRACON& Tower with Radar,90,104,46,2,242,0,0,24,0,24,90,104,70,2,266,10,0,10,276
10/13/2010,ORF,VA,AEA,EN,Combined TRACON& Tower with Radar,94,102,46,0,242,0,0,17,0,17,94,102,63,0,259,18,0,18,277
10/14/2010,ORF,VA,AEA,EN,Combined TRACON& Tower with Radar,93,107,40,0,240,0,0,5,1,6,93,107,45,1,246,14,0,14,260
10/15/2010,ORF,VA,AEA,EN,Combined TRACON& Tower with Radar,96,114,35,0,245,0,1,19,1,21,96,115,54,1,266,30,0,30,296
10/16/2010,ORF,VA,AEA,EN,Combined TRACON& Tower with Radar,80,66,28,0,174,0,2,10,0,12,80,68,38,0,186,0,0,0,186
10/17/2010,ORF,VA,AEA,EN,Combined TRACON& Tower with Radar,88,101,37,0,226,0,0,35,0,35,88,101,72,0,261,16,0,16,277
10/18/2010,ORF,VA,AEA,EN,Combined TRACON& Tower with Radar,88,106,44,0,238,0,0,31,0,31,88,106,75,0,269,6,6,12,281
10/19/2010,ORF,VA,AEA,EN,Combined TRACON& Tower with Radar,92,105,41,2,240,0,0,16,0,16,92,105,57,2,256,0,0,0,256
10/20/2010,ORF,VA,AEA,EN,Combined TRACON& Tower with Radar,91,107,54,1,253,0,0,11,0,11,91,107,65,1,264,0,0,0,264
10/21/2010,ORF,VA,AEA,EN,Combined TRACON& Tower with Radar,93,116,53,1,263,0,0,41,1,42,93,116,94,2,305,32,0,32,337
10/22/2010,ORF,VA,AEA,EN,Combined TRACON& Tower with Radar,98,111,40,1,250,0,4,30,0,34,98,115,70,1,284,10,0,10,294
10/23/2010,ORF,VA,AEA,EN,Combined TRACON& Tower with Radar,85,77,36,0,198,0,0,26,0,26,85,77,62,0,224,2,3,5,229
10/24/2010,ORF,VA,AEA,EN,Combined TRACON& Tower with Radar,88,98,26,0,212,0,1,28,0,29,88,99,54,0,241,0,0,0,241
10/25/2010,ORF,VA,AEA,EN,Combined TRACON& Tower with Radar,89,97,25,2,213,0,0,19,1,20,89,97,44,3,233,0,0,0,233
10/26/2010,ORF,VA,AEA,EN,Combined TRACON& Tower with Radar,93,104,21,4,222,0,0,10,0,10,93,104,31,4,232,22,18,40,272
10/27/2010,ORF,VA,AEA,EN,Combined TRACON& Tower with Radar,88,111,45,0,244,0,0,13,0,13,88,111,58,0,257,30,0,30,287
10/28/2010,ORF,VA,AEA,EN,Combined TRACON& Tower with Radar,97,95,34,0,226,0,0,14,0,14,97,95,48,0,240,12,0,12,252
10/29/2010,ORF,VA,AEA,EN,Combined TRACON& Tower with Radar,94,117,45,1,257,0,1,23,0,24,94,118,68,1,281,20,0,20,301
10/30/2010,ORF,VA,AEA,EN,Combined TRACON& Tower with Radar,82,76,27,0,185,0,0,22,0,22,82,76,49,0,207,0,0,0,207
10/31/2010,ORF,VA,AEA,EN,Combined TRACON& Tower with Radar,86,85,28,0,199,0,2,24,0,26,86,87,52,0,225,12,0,12,237
11/01/2010,ORF,VA,AEA,EN,Combined TRACON& Tower with Radar,87,92,40,0,219,0,1,19,0,20,87,93,59,0,239,18,0,18,257
11/02/2010,ORF,VA,AEA,EN,Combined TRACON& Tower with Radar,89,96,30,0,215,0,0,34,0,34,89,96,64,0,249,14,0,14,263
11/03/2010,ORF,VA,AEA,EN,Combined TRACON& Tower with Radar,92,96,50,2,240,0,0,14,0,14,92,96,64,2,254,4,2,6,260
11/04/2010,ORF,VA,AEA,EN,Combined TRACON& Tower with Radar,93,91,57,1,242,0,0,0,0,0,93,91,57,1,242,0,0,0,242
11/05/2010,ORF,VA,AEA,EN,Combined TRACON& Tower with Radar,92,101,64,4,261,0,0,14,1,15,92,101,78,5,276,0,0,0,276
11/06/2010,ORF,VA,AEA,EN,Combined TRACON& Tower with Radar,73,73,27,2,175,0,0,19,3,22,73,73,46,5,197,0,0,0,197
11/07/2010,ORF,VA,AEA,EN,Combined TRACON& Tower with Radar,77,90,34,0,201,0,0,11,4,15,77,90,45,4,216,17,0,17,233
11/08/2010,ORF,VA,AEA,EN,Combined TRACON& Tower with Radar,85,88,39,4,216,0,2,17,0,19,85,90,56,4,235,17,0,17,252
11/09/2010,ORF,VA,AEA,EN,Combined TRACON& Tower with Radar,88,95,32,2,217,0,0,20,0,20,88,95,52,2,237,24,0,24,261
11/10/2010,ORF,VA,AEA,EN,Combined TRACON& Tower with Radar,88,100,46,5,239,0,1,18,1,20,88,101,64,6,259,49,0,49,308
11/11/2010,ORF,VA,AEA,EN,Combined TRACON& Tower with Radar,88,95,35,0,218,0,0,25,0,25,88,95,60,0,243,7,0,7,250
11/12/2010,ORF,VA,AEA,EN,Combined TRACON& Tower with Radar,87,105,24,0,216,0,2,17,1,20,87,107,41,1,236,0,0,0,236
11/13/2010,ORF,VA,AEA,EN,Combined TRACON& Tower with Radar,65,72,19,0,156,0,0,29,2,31,65,72,48,2,187,0,0,0,187
11/14/2010,ORF,VA,AEA,EN,Combined TRACON& Tower with Radar,76,97,38,0,211,0,1,24,0,25,76,98,62,0,236,18,0,18,254
11/15/2010,ORF,VA,AEA,EN,Combined TRACON& Tower with Radar,88,88,43,2,221,0,0,20,0,20,88,88,63,2,241,21,0,21,262
11/16/2010,ORF,VA,AEA,EN,Combined TRACON& Tower with Radar,98,87,24,0,209,0,0,7,0,7,98,87,31,0,216,3,6,9,225
11/17/2010,ORF,VA,AEA,EN,Combined TRACON& Tower with Radar,92,95,34,1,222,0,0,45,6,51,92,95,79,7,273,12,0,12,285
11/18/2010,ORF,VA,AEA,EN,Combined TRACON& Tower with Radar,95,87,51,0,233,0,0,31,0,31,95,87,82,0,264,16,0,16,280
11/19/2010,ORF,VA,AEA,EN,Combined TRACON& Tower with Radar,96,95,27,1,219,0,0,29,2,31,96,95,56,3,250,36,0,36,286
11/20/2010,ORF,VA,AEA,EN,Combined TRACON& Tower with Radar,68,68,25,0,161,0,0,27,0,27,68,68,52,0,188,0,0,0,188
11/21/2010,ORF,VA,AEA,EN,Combined TRACON& Tower with Radar,82,86,34,2,204,0,0,25,0,25,82,86,59,2,229,27,2,29,258
11/22/2010,ORF,VA,AEA,EN,Combined TRACON& Tower with Radar,95,96,32,2,225,0,0,28,0,28,95,96,60,2,253,48,7,55,308
11/23/2010,ORF,VA,AEA,EN,Combined TRACON& Tower with Radar,101,87,41,0,229,0,0,34,0,34,101,87,75,0,263,20,0,20,283
11/24/2010,ORF,VA,AEA,EN,Combined TRACON& Tower with Radar,99,89,35,4,227,0,1,20,1,22,99,90,55,5,249,34,0,34,283
11/25/2010,ORF,VA,AEA,EN,Combined TRACON& Tower with Radar,56,52,23,0,131,0,1,6,0,7,56,53,29,0,138,0,0,0,138
11/26/2010,ORF,VA,AEA,EN,Combined TRACON& Tower with Radar,71,72,23,0,166,0,0,13,0,13,71,72,36,0,179,0,0,0,179
11/27/2010,ORF,VA,AEA,EN,Combined TRACON& Tower with Radar,88,75,18,1,182,0,1,31,1,33,88,76,49,2,215,12,16,28,243
11/28/2010,ORF,VA,AEA,EN,Combined TRACON& Tower with Radar,100,99,40,0,239,0,0,40,1,41,100,99,80,1,280,46,0,46,326
11/29/2010,ORF,VA,AEA,EN,Combined TRACON& Tower with Radar,92,90,32,0,214,0,0,23,0,23,92,90,55,0,237,9,0,9,246
11/30/2010,ORF,VA,AEA,EN,Combined TRACON& Tower with Radar,93,100,41,0,234,0,0,13,0,13,93,100,54,0,247,23,0,23,270
12/01/2010,ORF,VA,AEA,EN,Combined TRACON& Tower with Radar,96,85,26,3,210,0,0,7,0,7,96,85,33,3,217,8,0,8,225
12/02/2010,ORF,VA,AEA,EN,Combined TRACON& Tower with Radar,93,96,42,1,232,0,0,21,0,21,93,96,63,1,253,6,0,6,259
12/03/2010,ORF,VA,AEA,EN,Combined TRACON& Tower with Radar,95,88,24,0,207,0,1,32,0,33,95,89,56,0,240,40,0,40,280
12/04/2010,ORF,VA,AEA,EN,Combined TRACON& Tower with Radar,67,81,24,0,172,0,0,25,2,27,67,81,49,2,199,12,0,12,211
12/05/2010,ORF,VA,AEA,EN,Combined TRACON& Tower with Radar,84,86,32,0,202,0,0,14,1,15,84,86,46,1,217,26,0,26,243
12/06/2010,ORF,VA,AEA,EN,Combined TRACON& Tower with Radar,86,89,32,0,207,0,0,6,0,6,86,89,38,0,213,3,4,7,220
12/07/2010,ORF,VA,AEA,EN,Combined TRACON& Tower with Radar,96,87,43,0,226,0,0,15,0,15,96,87,58,0,241,6,0,6,247
12/08/2010,ORF,VA,AEA,EN,Combined TRACON& Tower with Radar,93,94,59,1,247,0,2,34,2,38,93,96,93,3,285,54,6,60,345
12/09/2010,ORF,VA,AEA,EN,Combined TRACON& Tower with Radar,96,100,51,1,248,0,0,34,0,34,96,100,85,1,282,22,0,22,304
12/10/2010,ORF,VA,AEA,EN,Combined TRACON& Tower with Radar,100,96,38,1,235,0,1,33,0,34,100,97,71,1,269,0,0,0,269
12/11/2010,ORF,VA,AEA,EN,Combined TRACON& Tower with Radar,67,76,25,0,168,0,0,5,0,5,67,76,30,0,173,0,0,0,173
12/12/2010,ORF,VA,AEA,EN,Combined TRACON& Tower with Radar,72,83,18,0,173,0,0,2,0,2,72,83,20,0,175,0,0,0,175
12/13/2010,ORF,VA,AEA,EN,Combined TRACON& Tower with Radar,88,76,29,4,197,0,0,4,0,4,88,76,33,4,201,0,0,0,201
12/14/2010,ORF,VA,AEA,EN,Combined TRACON& Tower with Radar,97,101,30,0,228,0,1,4,0,5,97,102,34,0,233,1,0,1,234
12/15/2010,ORF,VA,AEA,EN,Combined TRACON& Tower with Radar,92,88,43,4,227,0,1,22,0,23,92,89,65,4,250,30,0,30,280
12/16/2010,ORF,VA,AEA,EN,Combined TRACON& Tower with Radar,95,85,20,0,200,0,1,0,0,1,95,86,20,0,201,0,0,0,201
12/17/2010,ORF,VA,AEA,EN,Combined TRACON& Tower with Radar,107,96,39,0,242,0,2,25,1,28,107,98,64,1,270,34,0,34,304
12/18/2010,ORF,VA,AEA,EN,Combined TRACON& Tower with Radar,80,76,22,0,178,0,0,11,0,11,80,76,33,0,189,0,0,0,189
12/19/2010,ORF,VA,AEA,EN,Combined TRACON& Tower with Radar,87,84,16,0,187,0,1,13,0,14,87,85,29,0,201,0,0,0,201
12/20/2010,ORF,VA,AEA,EN,Combined TRACON& Tower with Radar,88,94,27,0,209,0,0,11,1,12,88,94,38,1,221,26,16,42,263
12/21/2010,ORF,VA,AEA,EN,Combined TRACON& Tower with Radar,102,102,39,2,245,0,2,10,0,12,102,104,49,2,257,7,14,21,278
12/22/2010,ORF,VA,AEA,EN,Combined TRACON& Tower with Radar,102,102,36,2,242,0,0,50,0,50,102,102,86,2,292,12,0,12,304
12/23/2010,ORF,VA,AEA,EN,Combined TRACON& Tower with Radar,103,94,25,0,222,0,0,10,0,10,103,94,35,0,232,0,0,0,232
12/24/2010,ORF,VA,AEA,EN,Combined TRACON& Tower with Radar,71,74,26,0,171,0,0,21,0,21,71,74,47,0,192,0,0,0,192
12/25/2010,ORF,VA,AEA,EN,Combined TRACON& Tower with Radar,61,72,4,0,137,0,0,3,0,3,61,72,7,0,140,0,0,0,140
12/26/2010,ORF,VA,AEA,EN,Combined TRACON& Tower with Radar,12,11,7,0,30,0,0,0,0,0,12,11,7,0,30,0,0,0,30
12/27/2010,ORF,VA,AEA,EN,Combined TRACON& Tower with Radar,58,50,29,0,137,0,1,11,0,12,58,51,40,0,149,0,0,0,149
12/28/2010,ORF,VA,AEA,EN,Combined TRACON& Tower with Radar,92,73,28,0,193,0,0,10,0,10,92,73,38,0,203,0,0,0,203
12/29/2010,ORF,VA,AEA,EN,Combined TRACON& Tower with Radar,100,93,35,0,228,0,2,31,0,33,100,95,66,0,261,0,0,0,261
12/30/2010,ORF,VA,AEA,EN,Combined TRACON& Tower with Radar,100,83,26,0,209,0,1,26,0,27,100,84,52,0,236,16,0,16,252
12/31/2010,ORF,VA,AEA,EN,Combined TRACON& Tower with Radar,81,77,31,0,189,0,0,21,0,21,81,77,52,0,210,20,0,20,230
01/01/2011,ORF,VA,AEA,EN,Combined TRACON& Tower with Radar,58,72,23,0,153,0,0,10,0,10,58,72,33,0,163,0,0,0,163
01/02/2011,ORF,VA,AEA,EN,Combined TRACON& Tower with Radar,95,80,38,0,213,0,0,1,0,1,95,80,39,0,214,0,0,0,214
01/03/2011,ORF,VA,AEA,EN,Combined TRACON& Tower with Radar,98,87,28,0,213,0,0,16,0,16,98,87,44,0,229,11,0,11,240
01/04/2011,ORF,VA,AEA,EN,Combined TRACON& Tower with Radar,95,92,38,0,225,0,0,23,0,23,95,92,61,0,248,12,0,12,260
01/05/2011,ORF,VA,AEA,EN,Combined TRACON& Tower with Radar,91,90,23,0,204,0,0,19,0,19,91,90,42,0,223,0,0,0,223
01/06/2011,ORF,VA,AEA,EN,Combined TRACON& Tower with Radar,90,97,27,0,214,0,0,25,0,25,90,97,52,0,239,12,0,12,251
01/07/2011,ORF,VA,AEA,EN,Combined TRACON& Tower with Radar,80,92,30,2,204,0,0,19,0,19,80,92,49,2,223,6,0,6,229
01/08/2011,ORF,VA,AEA,EN,Combined TRACON& Tower with Radar,72,60,17,0,149,0,0,4,0,4,72,60,21,0,153,0,0,0,153
01/09/2011,ORF,VA,AEA,EN,Combined TRACON& Tower with Radar,64,88,36,0,188,0,0,23,0,23,64,88,59,0,211,18,0,18,229
01/10/2011,ORF,VA,AEA,EN,Combined TRACON& Tower with Radar,70,93,23,0,186,0,0,14,1,15,70,93,37,1,201,5,0,5,206
01/11/2011,ORF,VA,AEA,EN,Combined TRACON& Tower with Radar,60,75,8,0,143,0,0,0,0,0,60,75,8,0,143,0,0,0,143
01/12/2011,ORF,VA,AEA,EN,Combined TRACON& Tower with Radar,79,85,24,1,189,0,1,10,3,14,79,86,34,4,203,3,55,58,261
01/13/2011,ORF,VA,AEA,EN,Combined TRACON& Tower with Radar,83,95,28,1,207,0,0,19,0,19,83,95,47,1,226,6,0,6,232
01/14/2011,ORF,VA,AEA,EN,Combined TRACON& Tower with Radar,87,100,50,0,237,0,1,19,0,20,87,101,69,0,257,22,0,22,279
01/15/2011,ORF,VA,AEA,EN,Combined TRACON& Tower with Radar,73,63,39,0,175,0,0,27,0,27,73,63,66,0,202,12,0,12,214
01/16/2011,ORF,VA,AEA,EN,Combined TRACON& Tower with Radar,67,87,18,0,172,0,1,28,0,29,67,88,46,0,201,0,0,0,201
01/17/2011,ORF,VA,AEA,EN,Combined TRACON& Tower with Radar,83,89,20,0,192,0,0,8,0,8,83,89,28,0,200,0,0,0,200
01/18/2011,ORF,VA,AEA,EN,Combined TRACON& Tower with Radar,83,85,31,2,201,0,0,0,0,0,83,85,31,2,201,0,0,0,201
01/19/2011,ORF,VA,AEA,EN,Combined TRACON& Tower with Radar,90,95,56,0,241,0,1,21,0,22,90,96,77,0,263,24,0,24,287
01/20/2011,ORF,VA,AEA,EN,Combined TRACON& Tower with Radar,93,92,46,0,231,0,0,13,0,13,93,92,59,0,244,6,0,6,250
01/21/2011,ORF,VA,AEA,EN,Combined TRACON& Tower with Radar,89,96,28,2,215,0,0,10,0,10,89,96,38,2,225,16,0,16,241
01/22/2011,ORF,VA,AEA,EN,Combined TRACON& Tower with Radar,76,67,13,0,156,0,0,4,0,4,76,67,17,0,160,0,0,0,160
01/23/2011,ORF,VA,AEA,EN,Combined TRACON& Tower with Radar,71,97,13,0,181,0,1,23,0,24,71,98,36,0,205,0,0,0,205
01/24/2011,ORF,VA,AEA,EN,Combined TRACON& Tower with Radar,89,83,40,0,212,0,0,8,0,8,89,83,48,0,220,54,0,54,274
01/25/2011,ORF,VA,AEA,EN,Combined TRACON& Tower with Radar,88,93,41,0,222,0,0,4,0,4,88,93,45,0,226,30,0,30,256
01/26/2011,ORF,VA,AEA,EN,Combined TRACON& Tower with Radar,83,69,13,0,165,0,0,0,0,0,83,69,13,0,165,0,0,0,165
01/27/2011,ORF,VA,AEA,EN,Combined TRACON& Tower with Radar,81,71,37,0,189,0,1,10,0,11,81,72,47,0,200,0,0,0,200
01/28/2011,ORF,VA,AEA,EN,Combined TRACON& Tower with Radar,88,91,31,0,210,0,0,14,0,14,88,91,45,0,224,12,0,12,236
01/29/2011,ORF,VA,AEA,EN,Combined TRACON& Tower with Radar,73,62,32,0,167,0,0,26,0,26,73,62,58,0,193,34,0,34,227
01/30/2011,ORF,VA,AEA,EN,Combined TRACON& Tower with Radar,72,87,41,0,200,0,0,22,0,22,72,87,63,0,222,0,0,0,222
01/31/2011,ORF,VA,AEA,EN,Combined TRACON& Tower with Radar,86,85,32,2,205,0,0,7,0,7,86,85,39,2,212,37,0,37,249
02/01/2011,ORF,VA,AEA,EN,Combined TRACON& Tower with Radar,75,86,25,2,188,0,0,3,0,3,75,86,28,2,191,0,0,0,191
02/02/2011,ORF,VA,AEA,EN,Combined TRACON& Tower with Radar,80,84,21,0,185,0,1,4,0,5,80,85,25,0,190,2,2,4,194
02/03/2011,ORF,VA,AEA,EN,Combined TRACON& Tower with Radar,91,86,32,0,209,0,0,35,25,60,91,86,67,25,269,12,0,12,281
02/04/2011,ORF,VA,AEA,EN,Combined TRACON& Tower with Radar,84,102,27,0,213,0,0,22,0,22,84,102,49,0,235,10,0,10,245
02/05/2011,ORF,VA,AEA,EN,Combined TRACON& Tower with Radar,81,67,6,0,154,0,0,3,0,3,81,67,9,0,157,0,0,0,157
02/06/2011,ORF,VA,AEA,EN,Combined TRACON& Tower with Radar,71,88,27,0,186,0,0,31,0,31,71,88,58,0,217,17,0,17,234
02/07/2011,ORF,VA,AEA,EN,Combined TRACON& Tower with Radar,86,87,52,0,225,0,0,8,0,8,86,87,60,0,233,21,0,21,254
02/08/2011,ORF,VA,AEA,EN,Combined TRACON& Tower with Radar,87,100,42,0,229,0,0,10,0,10,87,100,52,0,239,13,5,18,257
02/09/2011,ORF,VA,AEA,EN,Combined TRACON& Tower with Radar,87,94,49,0,230,0,0,35,4,39,87,94,84,4,269,29,0,29,298
02/10/2011,ORF,VA,AEA,EN,Combined TRACON& Tower with Radar,87,93,26,2,208,0,0,16,4,20,87,93,42,6,228,13,0,13,241
02/11/2011,ORF,VA,AEA,EN,Combined TRACON& Tower with Radar,88,102,43,2,235,0,1,22,0,23,88,103,65,2,258,18,0,18,276
02/12/2011,ORF,VA,AEA,EN,Combined TRACON& Tower with Radar,75,59,26,0,160,0,0,22,0,22,75,59,48,0,182,50,0,50,232
02/13/2011,ORF,VA,AEA,EN,Combined TRACON& Tower with Radar,67,92,21,0,180,0,1,24,0,25,67,93,45,0,205,2,1,3,208
02/14/2011,ORF,VA,AEA,EN,Combined TRACON& Tower with Radar,78,87,25,0,190,0,1,7,0,8,78,88,32,0,198,24,0,24,222
02/15/2011,ORF,VA,AEA,EN,Combined TRACON& Tower with Radar,88,98,25,0,211,0,0,29,0,29,88,98,54,0,240,22,2,24,264
02/16/2011,ORF,VA,AEA,EN,Combined TRACON& Tower with Radar,88,89,45,0,222,0,0,17,1,18,88,89,62,1,240,3,0,3,243
02/17/2011,ORF,VA,AEA,EN,Combined TRACON& Tower with Radar,83,99,46,0,228,0,0,35,1,36,83,99,81,1,264,18,0,18,282
02/18/2011,ORF,VA,AEA,EN,Combined TRACON& Tower with Radar,87,106,32,1,226,0,0,23,6,29,87,106,55,7,255,6,0,6,261
02/19/2011,ORF,VA,AEA,EN,Combined TRACON& Tower with Radar,61,86,14,0,161,0,1,4,0,5,61,87,18,0,166,22,0,22,188
02/20/2011,ORF,VA,AEA,EN,Combined TRACON& Tower with Radar,63,98,30,0,191,0,0,18,0,18,63,98,48,0,209,24,0,24,233
02/21/2011,ORF,VA,AEA,EN,Combined TRACON& Tower with Radar,80,84,38,0,202,0,0,12,0,12,80,84,50,0,214,12,0,12,226
02/22/2011,ORF,VA,AEA,EN,Combined TRACON& Tower with Radar,85,93,34,0,212,0,0,14,0,14,85,93,48,0,226,8,0,8,234
02/23/2011,ORF,VA,AEA,EN,Combined TRACON& Tower with Radar,84,97,51,4,236,0,0,34,0,34,84,97,85,4,270,27,26,53,323
02/24/2011,ORF,VA,AEA,EN,Combined TRACON& Tower with Radar,88,111,32,0,231,0,0,19,0,19,88,111,51,0,250,0,0,0,250
02/25/2011,ORF,VA,AEA,EN,Combined TRACON& Tower with Radar,82,95,18,0,195,0,0,2,0,2,82,95,20,0,197,2,0,2,199
02/26/2011,ORF,VA,AEA,EN,Combined TRACON& Tower with Radar,63,75,28,0,166,0,0,20,0,20,63,75,48,0,186,0,0,0,186
02/27/2011,ORF,VA,AEA,EN,Combined TRACON& Tower with Radar,71,96,28,3,198,0,0,19,0,19,71,96,47,3,217,0,0,0,217
02/28/2011,ORF,VA,AEA,EN,Combined TRACON& Tower with Radar,77,99,13,0,189,0,1,1,0,2,77,100,14,0,191,0,0,0,191
03/01/2011,ORF,VA,AEA,EN,Combined TRACON& Tower with Radar,87,101,32,1,221,0,1,16,0,17,87,102,48,1,238,12,0,12,250
03/02/2011,ORF,VA,AEA,EN,Combined TRACON& Tower with Radar,86,96,30,0,212,0,0,31,0,31,86,96,61,0,243,7,0,7,250
03/03/2011,ORF,VA,AEA,EN,Combined TRACON& Tower with Radar,87,96,58,2,243,0,0,41,0,41,87,96,99,2,284,24,0,24,308
03/04/2011,ORF,VA,AEA,EN,Combined TRACON& Tower with Radar,84,95,43,2,224,0,0,29,0,29,84,95,72,2,253,0,0,0,253
03/05/2011,ORF,VA,AEA,EN,Combined TRACON& Tower with Radar,60,82,40,1,183,0,0,19,1,20,60,82,59,2,203,0,0,0,203
03/06/2011,ORF,VA,AEA,EN,Combined TRACON& Tower with Radar,77,85,24,0,186,0,0,0,0,0,77,85,24,0,186,0,0,0,186
03/07/2011,ORF,VA,AEA,EN,Combined TRACON& Tower with Radar,81,94,43,0,218,0,0,9,0,9,81,94,52,0,227,0,0,0,227
03/08/2011,ORF,VA,AEA,EN,Combined TRACON& Tower with Radar,93,94,43,1,231,0,0,31,0,31,93,94,74,1,262,8,24,32,294
03/09/2011,ORF,VA,AEA,EN,Combined TRACON& Tower with Radar,98,91,29,1,219,0,0,15,0,15,98,91,44,1,234,0,41,41,275
03/10/2011,ORF,VA,AEA,EN,Combined TRACON& Tower with Radar,89,77,22,2,190,0,0,0,0,0,89,77,22,2,190,0,0,0,190
03/11/2011,ORF,VA,AEA,EN,Combined TRACON& Tower with Radar,92,93,43,1,229,0,0,14,0,14,92,93,57,1,243,18,0,18,261
03/12/2011,ORF,VA,AEA,EN,Combined TRACON& Tower with Radar,73,75,36,0,184,0,0,37,2,39,73,75,73,2,223,24,0,24,247
03/13/2011,ORF,VA,AEA,EN,Combined TRACON& Tower with Radar,82,95,30,0,207,0,1,31,4,36,82,96,61,4,243,0,0,0,243
03/14/2011,ORF,VA,AEA,EN,Combined TRACON& Tower with Radar,88,87,29,0,204,0,2,23,0,25,88,89,52,0,229,42,0,42,271
03/15/2011,ORF,VA,AEA,EN,Combined TRACON& Tower with Radar,94,94,32,0,220,0,0,29,0,29,94,94,61,0,249,16,24,40,289
03/16/2011,ORF,VA,AEA,EN,Combined TRACON& Tower with Radar,97,86,42,2,227,0,1,25,0,26,97,87,67,2,253,36,2,38,291
03/17/2011,ORF,VA,AEA,EN,Combined TRACON& Tower with Radar,92,102,53,0,247,0,0,56,0,56,92,102,109,0,303,10,0,10,313
03/18/2011,ORF,VA,AEA,EN,Combined TRACON& Tower with Radar,90,109,33,0,232,0,2,45,5,52,90,111,78,5,284,18,0,18,302
03/19/2011,ORF,VA,AEA,EN,Combined TRACON& Tower with Radar,73,75,28,3,179,0,0,12,0,12,73,75,40,3,191,18,0,18,209
03/20/2011,ORF,VA,AEA,EN,Combined TRACON& Tower with Radar,80,89,38,2,209,0,0,29,0,29,80,89,67,2,238,0,0,0,238
03/21/2011,ORF,VA,AEA,EN,Combined TRACON& Tower with Radar,89,84,33,2,208,0,0,14,0,14,89,84,47,2,222,0,0,0,222
03/22/2011,ORF,VA,AEA,EN,Combined TRACON& Tower with Radar,89,91,59,3,242,0,0,23,2,25,89,91,82,5,267,3,0,3,270
03/23/2011,ORF,VA,AEA,EN,Combined TRACON& Tower with Radar,113,89,37,0,239,0,5,21,0,26,113,94,58,0,265,32,0,32,297
03/24/2011,ORF,VA,AEA,EN,Combined TRACON& Tower with Radar,95,107,44,0,246,0,0,2,0,2,95,107,46,0,248,0,0,0,248
03/25/2011,ORF,VA,AEA,EN,Combined TRACON& Tower with Radar,93,96,42,1,232,0,2,38,8,48,93,98,80,9,280,28,0,28,308
03/26/2011,ORF,VA,AEA,EN,Combined TRACON& Tower with Radar,73,84,25,0,182,0,0,13,0,13,73,84,38,0,195,0,0,0,195
03/27/2011,ORF,VA,AEA,EN,Combined TRACON& Tower with Radar,80,84,10,0,174,0,0,8,0,8,80,84,18,0,182,0,0,0,182
03/28/2011,ORF,VA,AEA,EN,Combined TRACON& Tower with Radar,83,84,34,0,201,0,1,11,0,12,83,85,45,0,213,6,0,6,219
03/29/2011,ORF,VA,AEA,EN,Combined TRACON& Tower with Radar,93,92,31,3,219,0,0,35,2,37,93,92,66,5,256,19,0,19,275
03/30/2011,ORF,VA,AEA,EN,Combined TRACON& Tower with Radar,87,97,31,0,215,0,0,3,0,3,87,97,34,0,218,0,0,0,218
03/31/2011,ORF,VA,AEA,EN,Combined TRACON& Tower with Radar,93,88,30,0,211,0,0,0,0,0,93,88,30,0,211,0,0,0,211
04/01/2011,ORF,VA,AEA,EN,Combined TRACON& Tower with Radar,83,112,30,2,227,0,0,10,0,10,83,112,40,2,237,25,0,25,262
04/02/2011,ORF,VA,AEA,EN,Combined TRACON& Tower with Radar,67,76,32,0,175,0,0,10,0,10,67,76,42,0,185,12,0,12,197
04/03/2011,ORF,VA,AEA,EN,Combined TRACON& Tower with Radar,80,87,45,0,212,0,0,29,0,29,80,87,74,0,241,18,0,18,259
04/04/2011,ORF,VA,AEA,EN,Combined TRACON& Tower with Radar,83,103,20,0,206,0,0,16,0,16,83,103,36,0,222,8,0,8,230
04/05/2011,ORF,VA,AEA,EN,Combined TRACON& Tower with Radar,94,92,30,0,216,0,0,12,0,12,94,92,42,0,228,0,0,0,228
04/06/2011,ORF,VA,AEA,EN,Combined TRACON& Tower with Radar,88,98,55,1,242,0,0,21,0,21,88,98,76,1,263,13,0,13,276
04/07/2011,ORF,VA,AEA,EN,Combined TRACON& Tower with Radar,89,96,42,5,232,0,0,31,3,34,89,96,73,8,266,8,0,8,274
04/08/2011,ORF,VA,AEA,EN,Combined TRACON& Tower with Radar,87,112,32,2,233,0,0,3,0,3,87,112,35,2,236,0,0,0,236
04/09/2011,ORF,VA,AEA,EN,Combined TRACON& Tower with Radar,77,66,57,1,201,0,0,9,0,9,77,66,66,1,210,0,0,0,210
04/10/2011,ORF,VA,AEA,EN,Combined TRACON& Tower with Radar,81,93,47,1,222,0,0,32,0,32,81,93,79,1,254,0,0,0,254
04/11/2011,ORF,VA,AEA,EN,Combined TRACON& Tower with Radar,85,91,32,5,213,0,0,10,0,10,85,91,42,5,223,15,0,15,238
04/12/2011,ORF,VA,AEA,EN,Combined TRACON& Tower with Radar,88,90,22,2,202,0,2,2,0,4,88,92,24,2,206,4,0,4,210
04/13/2011,ORF,VA,AEA,EN,Combined TRACON& Tower with Radar,88,86,34,0,208,0,0,22,0,22,88,86,56,0,230,34,0,34,264
04/14/2011,ORF,VA,AEA,EN,Combined TRACON& Tower with Radar,90,99,53,1,243,0,0,38,2,40,90,99,91,3,283,45,0,45,328
04/15/2011,ORF,VA,AEA,EN,Combined TRACON& Tower with Radar,88,105,31,0,224,0,0,28,0,28,88,105,59,0,252,0,0,0,252
04/16/2011,ORF,VA,AEA,EN,Combined TRACON& Tower with Radar,71,68,13,0,152,0,0,3,0,3,71,68,16,0,155,0,0,0,155
04/17/2011,ORF,VA,AEA,EN,Combined TRACON& Tower with Radar,92,91,49,0,232,0,0,37,0,37,92,91,86,0,269,14,0,14,283
04/18/2011,ORF,VA,AEA,EN,Combined TRACON& Tower with Radar,86,97,38,2,223,0,0,26,0,26,86,97,64,2,249,0,0,0,249
04/19/2011,ORF,VA,AEA,EN,Combined TRACON& Tower with Radar,87,97,40,0,224,0,0,32,0,32,87,97,72,0,256,0,0,0,256
04/20/2011,ORF,VA,AEA,EN,Combined TRACON& Tower with Radar,90,94,38,1,223,0,0,37,0,37,90,94,75,1,260,27,0,27,287
04/21/2011,ORF,VA,AEA,EN,Combined TRACON& Tower with Radar,90,100,35,4,229,0,2,31,0,33,90,102,66,4,262,26,0,26,288
04/22/2011,ORF,VA,AEA,EN,Combined TRACON& Tower with Radar,87,97,21,4,209,0,0,14,0,14,87,97,35,4,223,12,0,12,235
04/23/2011,ORF,VA,AEA,EN,Combined TRACON& Tower with Radar,78,64,33,0,175,0,0,19,0,19,78,64,52,0,194,24,0,24,218
04/24/2011,ORF,VA,AEA,EN,Combined TRACON& Tower with Radar,94,83,34,0,211,0,0,25,0,25,94,83,59,0,236,0,0,0,236
04/25/2011,ORF,VA,AEA,EN,Combined TRACON& Tower with Radar,86,92,49,0,227,0,1,40,0,41,86,93,89,0,268,24,0,24,292
04/26/2011,ORF,VA,AEA,EN,Combined TRACON& Tower with Radar,95,96,34,0,225,0,0,11,0,11,95,96,45,0,236,10,0,10,246
04/27/2011,ORF,VA,AEA,EN,Combined TRACON& Tower with Radar,87,94,40,0,221,0,0,27,8,35,87,94,67,8,256,19,0,19,275
04/28/2011,ORF,VA,AEA,EN,Combined TRACON& Tower with Radar,94,95,29,0,218,0,0,1,0,1,94,95,30,0,219,0,0,0,219
04/29/2011,ORF,VA,AEA,EN,Combined TRACON& Tower with Radar,96,104,53,1,254,0,0,32,0,32,96,104,85,1,286,24,0,24,310
04/30/2011,ORF,VA,AEA,EN,Combined TRACON& Tower with Radar,78,72,18,0,168,0,0,42,1,43,78,72,60,1,211,0,0,0,211
05/01/2011,ORF,VA,AEA,EN,Combined TRACON& Tower with Radar,86,85,23,0,194,0,0,31,0,31,86,85,54,0,225,25,0,25,250
05/02/2011,ORF,VA,AEA,EN,Combined TRACON& Tower with Radar,93,104,43,0,240,0,0,25,0,25,93,104,68,0,265,76,0,76,341
05/03/2011,ORF,VA,AEA,EN,Combined TRACON& Tower with Radar,89,104,35,0,228,0,0,28,3,31,89,104,63,3,259,22,0,22,281
05/04/2011,ORF,VA,AEA,EN,Combined TRACON& Tower with Radar,94,100,27,0,221,0,0,7,0,7,94,100,34,0,228,6,0,6,234
05/05/2011,ORF,VA,AEA,EN,Combined TRACON& Tower with Radar,99,108,49,0,256,0,0,30,0,30,99,108,79,0,286,0,0,0,286
05/06/2011,ORF,VA,AEA,EN,Combined TRACON& Tower with Radar,93,106,31,0,230,0,0,44,0,44,93,106,75,0,274,28,0,28,302
05/07/2011,ORF,VA,AEA,EN,Combined TRACON& Tower with Radar,80,67,31,0,178,0,0,30,0,30,80,67,61,0,208,0,0,0,208
05/08/2011,ORF,VA,AEA,EN,Combined TRACON& Tower with Radar,88,86,25,0,199,0,1,19,0,20,88,87,44,0,219,12,0,12,231
05/09/2011,ORF,VA,AEA,EN,Combined TRACON& Tower with Radar,89,105,44,0,238,0,2,33,0,35,89,107,77,0,273,18,0,18,291
05/10/2011,ORF,VA,AEA,EN,Combined TRACON& Tower with Radar,87,99,31,3,220,0,0,32,0,32,87,99,63,3,252,0,0,0,252
05/11/2011,ORF,VA,AEA,EN,Combined TRACON& Tower with Radar,93,101,41,8,243,0,0,50,6,56,93,101,91,14,299,10,0,10,309
05/12/2011,ORF,VA,AEA,EN,Combined TRACON& Tower with Radar,96,108,31,3,238,0,0,26,1,27,96,108,57,4,265,0,0,0,265
05/13/2011,ORF,VA,AEA,EN,Combined TRACON& Tower with Radar,88,102,34,4,228,0,0,8,3,11,88,102,42,7,239,4,0,4,243
05/14/2011,ORF,VA,AEA,EN,Combined TRACON& Tower with Radar,75,67,13,0,155,0,0,7,0,7,75,67,20,0,162,0,0,0,162
05/15/2011,ORF,VA,AEA,EN,Combined TRACON& Tower with Radar,87,84,33,0,204,0,2,10,0,12,87,86,43,0,216,0,0,0,216
05/16/2011,ORF,VA,AEA,EN,Combined TRACON& Tower with Radar,93,95,46,0,234,0,0,14,0,14,93,95,60,0,248,6,0,6,254
05/17/2011,ORF,VA,AEA,EN,Combined TRACON& Tower with Radar,96,101,37,0,234,0,0,18,0,18,96,101,55,0,252,0,0,0,252
05/18/2011,ORF,VA,AEA,EN,Combined TRACON& Tower with Radar,95,84,46,1,226,0,0,20,28,48,95,84,66,29,274,10,0,10,284
05/19/2011,ORF,VA,AEA,EN,Combined TRACON& Tower with Radar,88,103,34,2,227,0,1,28,0,29,88,104,62,2,256,0,0,0,256
05/20/2011,ORF,VA,AEA,EN,Combined TRACON& Tower with Radar,94,100,33,0,227,0,0,15,0,15,94,100,48,0,242,4,0,4,246
05/21/2011,ORF,VA,AEA,EN,Combined TRACON& Tower with Radar,80,70,17,0,167,0,0,28,0,28,80,70,45,0,195,16,0,16,211
05/22/2011,ORF,VA,AEA,EN,Combined TRACON& Tower with Radar,91,79,36,0,206,0,0,14,0,14,91,79,50,0,220,4,0,4,224
05/23/2011,ORF,VA,AEA,EN,Combined TRACON& Tower with Radar,87,87,24,0,198,0,0,16,0,16,87,87,40,0,214,6,0,6,220
05/24/2011,ORF,VA,AEA,EN,Combined TRACON& Tower with Radar,95,107,37,2,241,0,0,18,0,18,95,107,55,2,259,12,0,12,271
05/25/2011,ORF,VA,AEA,EN,Combined TRACON& Tower with Radar,95,95,38,0,228,0,0,40,0,40,95,95,78,0,268,2,0,2,270
05/26/2011,ORF,VA,AEA,EN,Combined TRACON& Tower with Radar,97,95,35,2,229,0,0,40,0,40,97,95,75,2,269,18,0,18,287
05/27/2011,ORF,VA,AEA,EN,Combined TRACON& Tower with Radar,97,110,36,0,243,0,0,28,0,28,97,110,64,0,271,24,0,24,295
05/28/2011,ORF,VA,AEA,EN,Combined TRACON& Tower with Radar,76,75,22,0,173,0,0,15,0,15,76,75,37,0,188,0,0,0,188
05/29/2011,ORF,VA,AEA,EN,Combined TRACON& Tower with Radar,72,67,19,0,158,0,1,16,0,17,72,68,35,0,175,0,0,0,175
05/30/2011,ORF,VA,AEA,EN,Combined TRACON& Tower with Radar,83,90,32,0,205,0,0,26,0,26,83,90,58,0,231,6,0,6,237
05/31/2011,ORF,VA,AEA,EN,Combined TRACON& Tower with Radar,90,100,34,0,224,0,0,33,0,33,90,100,67,0,257,0,0,0,257
06/01/2011,ORF,VA,AEA,EN,Combined TRACON& Tower with Radar,98,102,38,0,238,0,1,20,0,21,98,103,58,0,259,4,0,4,263
06/02/2011,ORF,VA,AEA,EN,Combined TRACON& Tower with Radar,91,108,49,0,248,0,0,70,23,93,91,108,119,23,341,16,0,16,357
06/03/2011,ORF,VA,AEA,EN,Combined TRACON& Tower with Radar,93,98,29,0,220,0,11,41,0,52,93,109,70,0,272,0,0,0,272
06/04/2011,ORF,VA,AEA,EN,Combined TRACON& Tower with Radar,76,64,33,2,175,0,0,48,6,54,76,64,81,8,229,6,0,6,235
06/05/2011,ORF,VA,AEA,EN,Combined TRACON& Tower with Radar,93,79,22,0,194,0,0,27,2,29,93,79,49,2,223,24,0,24,247
06/06/2011,ORF,VA,AEA,EN,Combined TRACON& Tower with Radar,88,94,32,0,214,0,0,22,0,22,88,94,54,0,236,8,0,8,244
06/07/2011,ORF,VA,AEA,EN,Combined TRACON& Tower with Radar,95,97,33,0,225,0,0,19,0,19,95,97,52,0,244,0,0,0,244
06/08/2011,ORF,VA,AEA,EN,Combined TRACON& Tower with Radar,95,98,50,0,243,0,0,45,9,54,95,98,95,9,297,4,0,4,301
06/09/2011,ORF,VA,AEA,EN,Combined TRACON& Tower with Radar,100,101,46,0,247,0,1,49,0,50,100,102,95,0,297,17,0,17,314
06/10/2011,ORF,VA,AEA,EN,Combined TRACON& Tower with Radar,76,84,30,0,190,0,0,43,2,45,76,84,73,2,235,8,0,8,243
06/11/2011,ORF,VA,AEA,EN,Combined TRACON& Tower with Radar,134,98,25,0,257,0,1,19,0,20,134,99,44,0,277,0,0,0,277
06/12/2011,ORF,VA,AEA,EN,Combined TRACON& Tower with Radar,90,90,31,0,211,0,1,30,0,31,90,91,61,0,242,4,0,4,246
06/13/2011,ORF,VA,AEA,EN,Combined TRACON& Tower with Radar,100,108,46,0,254,0,0,28,0,28,100,108,74,0,282,30,10,40,322
06/14/2011,ORF,VA,AEA,EN,Combined TRACON& Tower with Radar,95,105,36,0,236,0,0,29,0,29,95,105,65,0,265,0,0,0,265
06/15/2011,ORF,VA,AEA,EN,Combined TRACON& Tower with Radar,91,123,37,2,253,0,0,54,4,58,91,123,91,6,311,24,0,24,335
06/16/2011,ORF,VA,AEA,EN,Combined TRACON& Tower with Radar,96,116,43,0,255,0,3,30,16,49,96,119,73,16,304,36,0,36,340
06/17/2011,ORF,VA,AEA,EN,Combined TRACON& Tower with Radar,97,106,27,2,232,0,1,21,0,22,97,107,48,2,254,4,0,4,258
06/18/2011,ORF,VA,AEA,EN,Combined TRACON& Tower with Radar,91,73,26,0,190,0,0,39,2,41,91,73,65,2,231,6,0,6,237
06/19/2011,ORF,VA,AEA,EN,Combined TRACON& Tower with Radar,95,96,28,0,219,0,0,5,0,5,95,96,33,0,224,0,4,4,228
06/20/2011,ORF,VA,AEA,EN,Combined TRACON& Tower with Radar,97,107,40,0,244,0,0,14,0,14,97,107,54,0,258,30,0,30,288
06/21/2011,ORF,VA,AEA,EN,Combined TRACON& Tower with Radar,91,104,33,1,229,0,0,42,0,42,91,104,75,1,271,0,0,0,271
06/22/2011,ORF,VA,AEA,EN,Combined TRACON& Tower with Radar,101,93,43,1,238,0,0,39,0,39,101,93,82,1,277,0,0,0,277
06/23/2011,ORF,VA,AEA,EN,Combined TRACON& Tower with Radar,96,93,33,0,222,0,0,26,1,27,96,93,59,1,249,20,0,20,269
06/24/2011,ORF,VA,AEA,EN,Combined TRACON& Tower with Radar,94,93,48,0,235,0,0,28,0,28,94,93,76,0,263,43,0,43,306
06/25/2011,ORF,VA,AEA,EN,Combined TRACON& Tower with Radar,86,80,48,0,214,0,1,29,0,30,86,81,77,0,244,4,0,4,248
06/26/2011,ORF,VA,AEA,EN,Combined TRACON& Tower with Radar,93,87,37,0,217,0,1,25,0,26,93,88,62,0,243,0,0,0,243
06/27/2011,ORF,VA,AEA,EN,Combined TRACON& Tower with Radar,99,107,27,1,234,0,0,21,0,21,99,107,48,1,255,8,0,8,263
06/28/2011,ORF,VA,AEA,EN,Combined TRACON& Tower with Radar,95,106,40,4,245,0,0,17,1,18,95,106,57,5,263,11,3,14,277
06/29/2011,ORF,VA,AEA,EN,Combined TRACON& Tower with Radar,101,117,45,3,266,0,0,45,1,46,101,117,90,4,312,20,0,20,332
06/30/2011,ORF,VA,AEA,EN,Combined TRACON& Tower with Radar,91,114,65,0,270,0,0,40,0,40,91,114,105,0,310,46,0,46,356
07/01/2011,ORF,VA,AEA,EN,Combined TRACON& Tower with Radar,98,112,40,2,252,0,0,36,0,36,98,112,76,2,288,0,0,0,288
07/02/2011,ORF,VA,AEA,EN,Combined TRACON& Tower with Radar,88,90,23,1,202,0,0,31,5,36,88,90,54,6,238,14,0,14,252
07/03/2011,ORF,VA,AEA,EN,Combined TRACON& Tower with Radar,78,80,21,0,179,0,0,18,0,18,78,80,39,0,197,0,0,0,197
07/04/2011,ORF,VA,AEA,EN,Combined TRACON& Tower with Radar,85,83,15,0,183,0,0,18,0,18,85,83,33,0,201,0,0,0,201
07/05/2011,ORF,VA,AEA,EN,Combined TRACON& Tower with Radar,100,103,31,0,234,0,0,29,0,29,100,103,60,0,263,4,0,4,267
07/06/2011,ORF,VA,AEA,EN,Combined TRACON& Tower with Radar,97,91,34,0,222,0,0,6,0,6,97,91,40,0,228,8,0,8,236
07/07/2011,ORF,VA,AEA,EN,Combined TRACON& Tower with Radar,102,99,44,0,245,0,2,19,2,23,102,101,63,2,268,46,2,48,316
07/08/2011,ORF,VA,AEA,EN,Combined TRACON& Tower with Radar,119,96,30,0,245,0,0,19,0,19,119,96,49,0,264,0,0,0,264
07/09/2011,ORF,VA,AEA,EN,Combined TRACON& Tower with Radar,86,85,45,0,216,0,0,23,0,23,86,85,68,0,239,10,0,10,249
07/10/2011,ORF,VA,AEA,EN,Combined TRACON& Tower with Radar,92,99,25,0,216,0,1,31,1,33,92,100,56,1,249,30,0,30,279
07/11/2011,ORF,VA,AEA,EN,Combined TRACON& Tower with Radar,103,98,49,1,251,0,0,23,0,23,103,98,72,1,274,0,0,0,274
07/12/2011,ORF,VA,AEA,EN,Combined TRACON& Tower with Radar,99,107,43,2,251,0,0,33,0,33,99,107,76,2,284,22,0,22,306
07/13/2011,ORF,VA,AEA,EN,Combined TRACON& Tower with Radar,100,91,61,0,252,0,0,52,0,52,100,91,113,0,304,50,0,50,354
07/14/2011,ORF,VA,AEA,EN,Combined TRACON& Tower with Radar,103,100,34,0,237,0,0,31,5,36,103,100,65,5,273,0,0,0,273
07/15/2011,ORF,VA,AEA,EN,Combined TRACON& Tower with Radar,102,104,55,0,261,0,0,36,0,36,102,104,91,0,297,18,0,18,315
07/16/2011,ORF,VA,AEA,EN,Combined TRACON& Tower with Radar,89,77,22,0,188,0,0,23,4,27,89,77,45,4,215,0,0,0,215
07/17/2011,ORF,VA,AEA,EN,Combined TRACON& Tower with Radar,95,89,38,0,222,0,0,23,0,23,95,89,61,0,245,0,0,0,245
07/18/2011,ORF,VA,AEA,EN,Combined TRACON& Tower with Radar,98,101,27,0,226,0,0,21,0,21,98,101,48,0,247,0,0,0,247
07/19/2011,ORF,VA,AEA,EN,Combined TRACON& Tower with Radar,101,93,49,1,244,0,1,22,2,25,101,94,71,3,269,0,0,0,269
07/20/2011,ORF,VA,AEA,EN,Combined TRACON& Tower with Radar,104,107,49,2,262,0,0,33,14,47,104,107,82,16,309,8,0,8,317
07/21/2011,ORF,VA,AEA,EN,Combined TRACON& Tower with Radar,98,102,45,0,245,0,1,19,2,22,98,103,64,2,267,3,0,3,270
07/22/2011,ORF,VA,AEA,EN,Combined TRACON& Tower with Radar,101,100,37,2,240,0,0,22,0,22,101,100,59,2,262,0,0,0,262
07/23/2011,ORF,VA,AEA,EN,Combined TRACON& Tower with Radar,92,77,14,0,183,0,0,19,0,19,92,77,33,0,202,0,0,0,202
07/24/2011,ORF,VA,AEA,EN,Combined TRACON& Tower with Radar,94,86,31,0,211,0,0,17,0,17,94,86,48,0,228,0,0,0,228
07/25/2011,ORF,VA,AEA,EN,Combined TRACON& Tower with Radar,104,93,32,0,229,0,1,24,0,25,104,94,56,0,254,0,0,0,254
07/26/2011,ORF,VA,AEA,EN,Combined TRACON& Tower with Radar,101,93,41,0,235,0,0,32,2,34,101,93,73,2,269,38,0,38,307
07/27/2011,ORF,VA,AEA,EN,Combined TRACON& Tower with Radar,103,113,27,0,243,0,0,54,3,57,103,113,81,3,300,24,14,38,338
07/28/2011,ORF,VA,AEA,EN,Combined TRACON& Tower with Radar,100,104,51,0,255,0,0,32,0,32,100,104,83,0,287,53,19,72,359
07/29/2011,ORF,VA,AEA,EN,Combined TRACON& Tower with Radar,99,113,41,0,253,0,0,45,0,45,99,113,86,0,298,50,0,50,348
07/30/2011,ORF,VA,AEA,EN,Combined TRACON& Tower with Radar,98,71,17,0,186,0,0,31,2,33,98,71,48,2,219,20,0,20,239
07/31/2011,ORF,VA,AEA,EN,Combined TRACON& Tower with Radar,94,90,27,0,211,0,0,5,1,6,94,90,32,1,217,4,0,4,221
08/01/2011,ORF,VA,AEA,EN,Combined TRACON& Tower with Radar,113,99,40,0,252,0,0,26,0,26,113,99,66,0,278,0,0,0,278
08/02/2011,ORF,VA,AEA,EN,Combined TRACON& Tower with Radar,105,101,40,0,246,0,0,58,0,58,105,101,98,0,304,18,2,20,324
08/03/2011,ORF,VA,AEA,EN,Combined TRACON& Tower with Radar,101,97,32,1,231,0,1,44,0,45,101,98,76,1,276,24,0,24,300
08/04/2011,ORF,VA,AEA,EN,Combined TRACON& Tower with Radar,102,110,35,1,248,0,0,32,0,32,102,110,67,1,280,0,0,0,280
08/05/2011,ORF,VA,AEA,EN,Combined TRACON& Tower with Radar,101,100,52,0,253,0,2,30,0,32,101,102,82,0,285,8,0,8,293
08/06/2011,ORF,VA,AEA,EN,Combined TRACON& Tower with Radar,87,74,34,0,195,0,0,36,0,36,87,74,70,0,231,32,0,32,263
08/07/2011,ORF,VA,AEA,EN,Combined TRACON& Tower with Radar,91,87,44,0,222,0,0,26,0,26,91,87,70,0,248,0,0,0,248
08/08/2011,ORF,VA,AEA,EN,Combined TRACON& Tower with Radar,92,103,25,0,220,0,0,28,2,30,92,103,53,2,250,24,0,24,274
08/09/2011,ORF,VA,AEA,EN,Combined TRACON& Tower with Radar,100,100,25,2,227,0,0,33,2,35,100,100,58,4,262,11,0,11,273
08/10/2011,ORF,VA,AEA,EN,Combined TRACON& Tower with Radar,106,115,45,1,267,0,0,63,14,77,106,115,108,15,344,0,0,0,344
08/11/2011,ORF,VA,AEA,EN,Combined TRACON& Tower with Radar,98,104,36,2,240,0,0,41,0,41,98,104,77,2,281,11,0,11,292
08/12/2011,ORF,VA,AEA,EN,Combined TRACON& Tower with Radar,102,98,25,2,227,0,0,39,0,39,102,98,64,2,266,76,0,76,342
08/13/2011,ORF,VA,AEA,EN,Combined TRACON& Tower with Radar,90,80,27,0,197,0,0,41,0,41,90,80,68,0,238,28,0,28,266
08/14/2011,ORF,VA,AEA,EN,Combined TRACON& Tower with Radar,89,88,28,0,205,0,0,10,0,10,89,88,38,0,215,0,0,0,215
08/15/2011,ORF,VA,AEA,EN,Combined TRACON& Tower with Radar,95,108,32,0,235,0,0,24,0,24,95,108,56,0,259,6,0,6,265
08/16/2011,ORF,VA,AEA,EN,Combined TRACON& Tower with Radar,99,96,39,0,234,0,1,19,0,20,99,97,58,0,254,0,0,0,254
08/17/2011,ORF,VA,AEA,EN,Combined TRACON& Tower with Radar,97,107,41,0,245,0,0,55,4,59,97,107,96,4,304,18,2,20,324
08/18/2011,ORF,VA,AEA,EN,Combined TRACON& Tower with Radar,108,102,34,1,245,0,0,56,6,62,108,102,90,7,307,3,0,3,310
08/19/2011,ORF,VA,AEA,EN,Combined TRACON& Tower with Radar,108,109,62,5,284,0,0,24,10,34,108,109,86,15,318,14,0,14,332
08/20/2011,ORF,VA,AEA,EN,Combined TRACON& Tower with Radar,88,68,23,0,179,0,0,54,2,56,88,68,77,2,235,0,0,0,235
08/21/2011,ORF,VA,AEA,EN,Combined TRACON& Tower with Radar,86,95,37,0,218,0,0,14,0,14,86,95,51,0,232,0,0,0,232
08/22/2011,ORF,VA,AEA,EN,Combined TRACON& Tower with Radar,98,98,24,0,220,0,0,30,0,30,98,98,54,0,250,16,0,16,266
08/23/2011,ORF,VA,AEA,EN,Combined TRACON& Tower with Radar,97,99,31,0,227,0,0,38,0,38,97,99,69,0,265,0,0,0,265
08/24/2011,ORF,VA,AEA,EN,Combined TRACON& Tower with Radar,94,105,44,0,243,0,0,18,16,34,94,105,62,16,277,36,0,36,313
08/25/2011,ORF,VA,AEA,EN,Combined TRACON& Tower with Radar,93,93,52,4,242,0,0,21,18,39,93,93,73,22,281,34,0,34,315
08/26/2011,ORF,VA,AEA,EN,Combined TRACON& Tower with Radar,97,94,51,6,248,0,1,21,0,22,97,95,72,6,270,14,0,14,284
08/27/2011,ORF,VA,AEA,EN,Combined TRACON& Tower with Radar,4,4,1,0,9,0,0,0,0,0,4,4,1,0,9,0,0,0,9
08/28/2011,ORF,VA,AEA,EN,Combined TRACON& Tower with Radar,54,27,22,0,103,0,1,56,3,60,54,28,78,3,163,0,0,0,163
08/29/2011,ORF,VA,AEA,EN,Combined TRACON& Tower with Radar,89,83,24,2,198,0,0,20,4,24,89,83,44,6,222,8,0,8,230
08/30/2011,ORF,VA,AEA,EN,Combined TRACON& Tower with Radar,90,91,37,4,222,0,0,26,1,27,90,91,63,5,249,0,0,0,249
08/31/2011,ORF,VA,AEA,EN,Combined TRACON& Tower with Radar,89,99,29,0,217,0,2,44,9,55,89,101,73,9,272,24,0,24,296
09/01/2011,ORF,VA,AEA,EN,Combined TRACON& Tower with Radar,95,96,47,0,238,0,0,58,3,61,95,96,105,3,299,68,0,68,367
09/02/2011,ORF,VA,AEA,EN,Combined TRACON& Tower with Radar,89,107,43,0,239,0,0,32,0,32,89,107,75,0,271,10,0,10,281
09/03/2011,ORF,VA,AEA,EN,Combined TRACON& Tower with Radar,75,64,24,0,163,0,1,24,0,25,75,65,48,0,188,20,0,20,208
09/04/2011,ORF,VA,AEA,EN,Combined TRACON& Tower with Radar,70,66,24,0,160,0,0,34,0,34,70,66,58,0,194,16,0,16,210
09/05/2011,ORF,VA,AEA,EN,Combined TRACON& Tower with Radar,81,90,24,0,195,0,1,15,0,16,81,91,39,0,211,0,0,0,211
09/06/2011,ORF,VA,AEA,EN,Combined TRACON& Tower with Radar,88,85,19,0,192,0,0,21,2,23,88,85,40,2,215,0,0,0,215
09/07/2011,ORF,VA,AEA,EN,Combined TRACON& Tower with Radar,89,97,36,0,222,0,0,13,0,13,89,97,49,0,235,6,8,14,249
09/08/2011,ORF,VA,AEA,EN,Combined TRACON& Tower with Radar,85,96,43,0,224,0,0,11,11,22,85,96,54,11,246,14,6,20,266
09/09/2011,ORF,VA,AEA,EN,Combined TRACON& Tower with Radar,89,109,56,0,254,0,0,18,1,19,89,109,74,1,273,1,0,1,274
09/10/2011,ORF,VA,AEA,EN,Combined TRACON& Tower with Radar,77,70,19,0,166,0,0,16,0,16,77,70,35,0,182,0,0,0,182
09/11/2011,ORF,VA,AEA,EN,Combined TRACON& Tower with Radar,79,84,39,0,202,0,0,16,0,16,79,84,55,0,218,0,0,0,218
09/12/2011,ORF,VA,AEA,EN,Combined TRACON& Tower with Radar,86,104,35,1,226,0,0,19,1,20,86,104,54,2,246,55,8,63,309
09/13/2011,ORF,VA,AEA,EN,Combined TRACON& Tower with Radar,89,100,36,0,225,0,0,39,2,41,89,100,75,2,266,0,0,0,266
09/14/2011,ORF,VA,AEA,EN,Combined TRACON& Tower with Radar,90,107,55,1,253,0,0,33,0,33,90,107,88,1,286,0,0,0,286
09/15/2011,ORF,VA,AEA,EN,Combined TRACON& Tower with Radar,88,109,39,0,236,0,0,22,2,24,88,109,61,2,260,0,0,0,260
09/16/2011,ORF,VA,AEA,EN,Combined TRACON& Tower with Radar,91,106,42,2,241,0,1,22,0,23,91,107,64,2,264,0,0,0,264
09/17/2011,ORF,VA,AEA,EN,Combined TRACON& Tower with Radar,76,71,70,0,217,0,0,1,0,1,76,71,71,0,218,0,0,0,218
09/18/2011,ORF,VA,AEA,EN,Combined TRACON& Tower with Radar,77,83,32,2,194,0,0,0,0,0,77,83,32,2,194,0,0,0,194
09/19/2011,ORF,VA,AEA,EN,Combined TRACON& Tower with Radar,83,104,22,2,211,0,0,38,6,44,83,104,60,8,255,0,0,0,255
09/20/2011,ORF,VA,AEA,EN,Combined TRACON& Tower with Radar,87,103,35,3,228,0,0,28,2,30,87,103,63,5,258,8,0,8,266
09/21/2011,ORF,VA,AEA,EN,Combined TRACON& Tower with Radar,86,104,44,2,236,0,0,21,35,56,86,104,65,37,292,30,0,30,322
09/22/2011,ORF,VA,AEA,EN,Combined TRACON& Tower with Radar,91,105,53,0,249,0,0,6,1,7,91,105,59,1,256,18,8,26,282
09/23/2011,ORF,VA,AEA,EN,Combined TRACON& Tower with Radar,91,102,40,1,234,0,0,12,11,23,91,102,52,12,257,0,0,0,257
09/24/2011,ORF,VA,AEA,EN,Combined TRACON& Tower with Radar,76,69,25,0,170,0,0,7,0,7,76,69,32,0,177,0,0,0,177
09/25/2011,ORF,VA,AEA,EN,Combined TRACON& Tower with Radar,80,88,42,0,210,0,0,5,1,6,80,88,47,1,216,0,0,0,216
09/26/2011,ORF,VA,AEA,EN,Combined TRACON& Tower with Radar,80,107,34,2,223,0,0,18,0,18,80,107,52,2,241,0,0,0,241
09/27/2011,ORF,VA,AEA,EN,Combined TRACON& Tower with Radar,92,93,39,2,226,0,0,10,1,11,92,93,49,3,237,0,0,0,237
09/28/2011,ORF,VA,AEA,EN,Combined TRACON& Tower with Radar,89,95,40,2,226,0,1,39,8,48,89,96,79,10,274,12,0,12,286
09/29/2011,ORF,VA,AEA,EN,Combined TRACON& Tower with Radar,94,101,53,2,250,0,2,25,0,27,94,103,78,2,277,0,0,0,277
09/30/2011,ORF,VA,AEA,EN,Combined TRACON& Tower with Radar,87,107,45,0,239,0,0,73,2,75,87,107,118,2,314,14,0,14,328
10/01/2011,ORF,VA,AEA,EN,Combined TRACON& Tower with Radar,76,60,26,0,162,0,2,57,0,59,76,62,83,0,221,60,0,60,281
10/02/2011,ORF,VA,AEA,EN,Combined TRACON& Tower with Radar,72,94,28,0,194,0,0,27,0,27,72,94,55,0,221,0,0,0,221
10/03/2011,ORF,VA,AEA,EN,Combined TRACON& Tower with Radar,84,97,42,1,224,0,0,36,8,44,84,97,78,9,268,17,0,17,285
10/04/2011,ORF,VA,AEA,EN,Combined TRACON& Tower with Radar,94,98,40,2,234,0,2,26,0,28,94,100,66,2,262,0,0,0,262
10/05/2011,ORF,VA,AEA,EN,Combined TRACON& Tower with Radar,93,98,43,1,235,0,0,55,2,57,93,98,98,3,292,0,0,0,292
10/06/2011,ORF,VA,AEA,EN,Combined TRACON& Tower with Radar,89,96,41,0,226,0,0,64,0,64,89,96,105,0,290,66,0,66,356
10/07/2011,ORF,VA,AEA,EN,Combined TRACON& Tower with Radar,89,106,47,0,242,0,0,71,0,71,89,106,118,0,313,24,0,24,337
10/08/2011,ORF,VA,AEA,EN,Combined TRACON& Tower with Radar,78,61,28,0,167,0,1,20,0,21,78,62,48,0,188,32,0,32,220
10/09/2011,ORF,VA,AEA,EN,Combined TRACON& Tower with Radar,73,87,36,0,196,0,0,68,0,68,73,87,104,0,264,72,0,72,336
10/10/2011,ORF,VA,AEA,EN,Combined TRACON& Tower with Radar,86,97,33,0,216,0,0,32,0,32,86,97,65,0,248,2,0,2,250
10/11/2011,ORF,VA,AEA,EN,Combined TRACON& Tower with Radar,93,92,44,2,231,0,0,11,0,11,93,92,55,2,242,17,0,17,259
10/12/2011,ORF,VA,AEA,EN,Combined TRACON& Tower with Radar,92,103,30,1,226,0,0,5,16,21,92,103,35,17,247,4,0,4,251
10/13/2011,ORF,VA,AEA,EN,Combined TRACON& Tower with Radar,90,102,46,1,239,0,0,4,0,4,90,102,50,1,243,0,0,0,243
10/14/2011,ORF,VA,AEA,EN,Combined TRACON& Tower with Radar,84,105,48,0,237,0,0,11,0,11,84,105,59,0,248,105,6,111,359
10/15/2011,ORF,VA,AEA,EN,Combined TRACON& Tower with Radar,71,73,21,2,167,0,0,39,2,41,71,73,60,4,208,24,0,24,232
10/16/2011,ORF,VA,AEA,EN,Combined TRACON& Tower with Radar,77,90,44,2,213,0,2,31,0,33,77,92,75,2,246,0,0,0,246
10/17/2011,ORF,VA,AEA,EN,Combined TRACON& Tower with Radar,82,98,29,2,211,0,2,31,0,33,82,100,60,2,244,0,0,0,244
10/18/2011,ORF,VA,AEA,EN,Combined TRACON& Tower with Radar,94,94,33,5,226,0,2,30,20,52,94,96,63,25,278,0,0,0,278
10/19/2011,ORF,VA,AEA,EN,Combined TRACON& Tower with Radar,89,96,45,2,232,0,0,2,0,2,89,96,47,2,234,2,0,2,236
10/20/2011,ORF,VA,AEA,EN,Combined TRACON& Tower with Radar,90,113,41,1,245,0,2,33,3,38,90,115,74,4,283,13,0,13,296
10/21/2011,ORF,VA,AEA,EN,Combined TRACON& Tower with Radar,90,110,44,1,245,0,2,37,0,39,90,112,81,1,284,4,2,6,290
10/22/2011,ORF,VA,AEA,EN,Combined TRACON& Tower with Radar,74,68,27,2,171,0,5,43,8,56,74,73,70,10,227,46,0,46,273
10/23/2011,ORF,VA,AEA,EN,Combined TRACON& Tower with Radar,78,89,30,0,197,0,0,36,0,36,78,89,66,0,233,0,0,0,233
10/24/2011,ORF,VA,AEA,EN,Combined TRACON& Tower with Radar,83,97,31,0,211,0,0,46,3,49,83,97,77,3,260,50,0,50,310
10/25/2011,ORF,VA,AEA,EN,Combined TRACON& Tower with Radar,90,93,28,0,211,0,0,25,2,27,90,93,53,2,238,8,0,8,246
10/26/2011,ORF,VA,AEA,EN,Combined TRACON& Tower with Radar,94,94,34,0,222,0,1,44,21,66,94,95,78,21,288,44,0,44,332
10/27/2011,ORF,VA,AEA,EN,Combined TRACON& Tower with Radar,91,97,31,2,221,0,1,31,0,32,91,98,62,2,253,0,0,0,253
10/28/2011,ORF,VA,AEA,EN,Combined TRACON& Tower with Radar,89,106,36,0,231,0,0,11,0,11,89,106,47,0,242,28,0,28,270
10/29/2011,ORF,VA,AEA,EN,Combined TRACON& Tower with Radar,75,55,7,2,139,0,0,1,0,1,75,55,8,2,140,0,0,0,140
10/30/2011,ORF,VA,AEA,EN,Combined TRACON& Tower with Radar,75,90,42,0,207,0,0,36,0,36,75,90,78,0,243,0,0,0,243
10/31/2011,ORF,VA,AEA,EN,Combined TRACON& Tower with Radar,84,93,40,1,218,0,0,23,0,23,84,93,63,1,241,0,0,0,241
11/01/2011,ORF,VA,AEA,EN,Combined TRACON& Tower with Radar,94,91,32,0,217,0,0,18,1,19,94,91,50,1,236,0,0,0,236
11/02/2011,ORF,VA,AEA,EN,Combined TRACON& Tower with Radar,95,95,30,2,222,0,1,29,13,43,95,96,59,15,265,37,0,37,302
11/03/2011,ORF,VA,AEA,EN,Combined TRACON& Tower with Radar,90,95,33,1,219,0,0,31,1,32,90,95,64,2,251,4,0,4,255
11/04/2011,ORF,VA,AEA,EN,Combined TRACON& Tower with Radar,89,108,31,0,228,0,0,13,0,13,89,108,44,0,241,0,0,0,241
11/05/2011,ORF,VA,AEA,EN,Combined TRACON& Tower with Radar,79,67,22,0,168,0,0,17,0,17,79,67,39,0,185,0,0,0,185
11/06/2011,ORF,VA,AEA,EN,Combined TRACON& Tower with Radar,82,92,31,0,205,0,1,26,0,27,82,93,57,0,232,16,0,16,248
11/07/2011,ORF,VA,AEA,EN,Combined TRACON& Tower with Radar,96,92,39,2,229,0,0,19,1,20,96,92,58,3,249,0,0,0,249
11/08/2011,ORF,VA,AEA,EN,Combined TRACON& Tower with Radar,95,86,24,0,205,0,0,32,1,33,95,86,56,1,238,18,0,18,256
11/09/2011,ORF,VA,AEA,EN,Combined TRACON& Tower with Radar,100,93,44,5,242,0,0,19,21,40,100,93,63,26,282,24,0,24,306
11/10/2011,ORF,VA,AEA,EN,Combined TRACON& Tower with Radar,102,95,44,1,242,0,0,14,9,23,102,95,58,10,265,36,10,46,311
11/11/2011,ORF,VA,AEA,EN,Combined TRACON& Tower with Radar,99,95,29,3,226,0,0,12,0,12,99,95,41,3,238,24,0,24,262
11/12/2011,ORF,VA,AEA,EN,Combined TRACON& Tower with Radar,70,65,16,0,151,0,0,22,0,22,70,65,38,0,173,0,0,0,173
11/13/2011,ORF,VA,AEA,EN,Combined TRACON& Tower with Radar,80,84,20,2,186,0,0,22,0,22,80,84,42,2,208,0,0,0,208
11/14/2011,ORF,VA,AEA,EN,Combined TRACON& Tower with Radar,93,88,27,0,208,0,0,25,0,25,93,88,52,0,233,0,0,0,233
11/15/2011,ORF,VA,AEA,EN,Combined TRACON& Tower with Radar,98,86,52,1,237,0,0,21,0,21,98,86,73,1,258,0,0,0,258
11/16/2011,ORF,VA,AEA,EN,Combined TRACON& Tower with Radar,96,87,39,1,223,0,0,6,22,28,96,87,45,23,251,4,0,4,255
11/17/2011,ORF,VA,AEA,EN,Combined TRACON& Tower with Radar,101,100,39,0,240,0,0,4,2,6,101,100,43,2,246,2,0,2,248
11/18/2011,ORF,VA,AEA,EN,Combined TRACON& Tower with Radar,98,94,41,2,235,0,0,23,0,23,98,94,64,2,258,24,0,24,282
11/19/2011,ORF,VA,AEA,EN,Combined TRACON& Tower with Radar,68,71,26,0,165,0,0,28,0,28,68,71,54,0,193,0,0,0,193
11/20/2011,ORF,VA,AEA,EN,Combined TRACON& Tower with Radar,84,85,30,0,199,0,1,24,0,25,84,86,54,0,224,58,1,59,283
11/21/2011,ORF,VA,AEA,EN,Combined TRACON& Tower with Radar,91,86,49,0,226,0,0,4,0,4,91,86,53,0,230,0,0,0,230
11/22/2011,ORF,VA,AEA,EN,Combined TRACON& Tower with Radar,100,86,51,0,237,0,0,8,10,18,100,86,59,10,255,20,0,20,275
11/23/2011,ORF,VA,AEA,EN,Combined TRACON& Tower with Radar,104,85,37,4,230,0,0,15,7,22,104,85,52,11,252,14,0,14,266
11/24/2011,ORF,VA,AEA,EN,Combined TRACON& Tower with Radar,57,47,15,0,119,0,0,10,0,10,57,47,25,0,129,0,0,0,129
11/25/2011,ORF,VA,AEA,EN,Combined TRACON& Tower with Radar,72,54,33,0,159,0,1,18,0,19,72,55,51,0,178,6,0,6,184
11/26/2011,ORF,VA,AEA,EN,Combined TRACON& Tower with Radar,77,86,23,0,186,0,0,35,1,36,77,86,58,1,222,24,0,24,246
11/27/2011,ORF,VA,AEA,EN,Combined TRACON& Tower with Radar,89,97,34,2,222,0,2,26,0,28,89,99,60,2,250,0,0,0,250
11/28/2011,ORF,VA,AEA,EN,Combined TRACON& Tower with Radar,95,96,47,1,239,0,0,5,0,5,95,96,52,1,244,0,0,0,244
11/29/2011,ORF,VA,AEA,EN,Combined TRACON& Tower with Radar,97,86,22,0,205,0,0,0,7,7,97,86,22,7,212,4,0,4,216
11/30/2011,ORF,VA,AEA,EN,Combined TRACON& Tower with Radar,92,84,30,0,206,0,0,18,0,18,92,84,48,0,224,0,0,0,224
12/01/2011,ORF,VA,AEA,EN,Combined TRACON& Tower with Radar,96,89,39,0,224,0,0,15,0,15,96,89,54,0,239,40,21,61,300
12/02/2011,ORF,VA,AEA,EN,Combined TRACON& Tower with Radar,98,92,29,0,219,0,0,50,2,52,98,92,79,2,271,12,0,12,283
12/03/2011,ORF,VA,AEA,EN,Combined TRACON& Tower with Radar,66,70,13,0,149,0,1,28,0,29,66,71,41,0,178,0,0,0,178
12/04/2011,ORF,VA,AEA,EN,Combined TRACON& Tower with Radar,77,94,34,2,207,0,0,18,0,18,77,94,52,2,225,0,0,0,225
12/05/2011,ORF,VA,AEA,EN,Combined TRACON& Tower with Radar,90,83,35,0,208,0,1,22,0,23,90,84,57,0,231,0,0,0,231
12/06/2011,ORF,VA,AEA,EN,Combined TRACON& Tower with Radar,97,86,32,2,217,0,0,13,3,16,97,86,45,5,233,6,0,6,239
12/07/2011,ORF,VA,AEA,EN,Combined TRACON& Tower with Radar,95,81,31,7,214,0,0,19,3,22,95,81,50,10,236,10,0,10,246
12/08/2011,ORF,VA,AEA,EN,Combined TRACON& Tower with Radar,100,91,39,0,230,0,0,25,0,25,100,91,64,0,255,24,0,24,279
12/09/2011,ORF,VA,AEA,EN,Combined TRACON& Tower with Radar,98,97,35,2,232,0,0,20,4,24,98,97,55,6,256,6,0,6,262
12/10/2011,ORF,VA,AEA,EN,Combined TRACON& Tower with Radar,66,60,19,1,146,0,0,15,0,15,66,60,34,1,161,0,0,0,161
12/11/2011,ORF,VA,AEA,EN,Combined TRACON& Tower with Radar,80,82,26,0,188,0,0,25,0,25,80,82,51,0,213,0,0,0,213
12/12/2011,ORF,VA,AEA,EN,Combined TRACON& Tower with Radar,88,91,50,0,229,0,0,11,0,11,88,91,61,0,240,11,0,11,251
12/13/2011,ORF,VA,AEA,EN,Combined TRACON& Tower with Radar,99,80,39,0,218,0,0,23,0,23,99,80,62,0,241,0,0,0,241
12/14/2011,ORF,VA,AEA,EN,Combined TRACON& Tower with Radar,97,87,49,1,234,0,1,29,12,42,97,88,78,13,276,32,0,32,308
12/15/2011,ORF,VA,AEA,EN,Combined TRACON& Tower with Radar,81,104,35,3,223,0,0,28,6,34,81,104,63,9,257,2,0,2,259
12/16/2011,ORF,VA,AEA,EN,Combined TRACON& Tower with Radar,80,104,30,0,214,0,0,9,0,9,80,104,39,0,223,4,0,4,227
12/17/2011,ORF,VA,AEA,EN,Combined TRACON& Tower with Radar,65,83,21,0,169,0,0,17,0,17,65,83,38,0,186,0,0,0,186
12/18/2011,ORF,VA,AEA,EN,Combined TRACON& Tower with Radar,67,101,25,0,193,0,1,21,0,22,67,102,46,0,215,48,0,48,263
12/19/2011,ORF,VA,AEA,EN,Combined TRACON& Tower with Radar,74,104,23,0,201,0,0,23,2,25,74,104,46,2,226,37,5,42,268
12/20/2011,ORF,VA,AEA,EN,Combined TRACON& Tower with Radar,78,117,32,0,227,0,0,33,0,33,78,117,65,0,260,0,0,0,260
12/21/2011,ORF,VA,AEA,EN,Combined TRACON& Tower with Radar,77,108,18,0,203,0,0,0,0,0,77,108,18,0,203,0,0,0,203
12/22/2011,ORF,VA,AEA,EN,Combined TRACON& Tower with Radar,79,110,36,0,225,0,0,16,18,34,79,110,52,18,259,16,0,16,275
12/23/2011,ORF,VA,AEA,EN,Combined TRACON& Tower with Radar,83,111,13,0,207,0,0,14,1,15,83,111,27,1,222,18,2,20,242
12/24/2011,ORF,VA,AEA,EN,Combined TRACON& Tower with Radar,64,74,14,0,152,0,0,15,0,15,64,74,29,0,167,6,0,6,173
12/25/2011,ORF,VA,AEA,EN,Combined TRACON& Tower with Radar,48,59,6,0,113,0,0,6,0,6,48,59,12,0,119,0,0,0,119
12/26/2011,ORF,VA,AEA,EN,Combined TRACON& Tower with Radar,69,96,47,0,212,0,1,31,0,32,69,97,78,0,244,0,0,0,244
12/27/2011,ORF,VA,AEA,EN,Combined TRACON& Tower with Radar,77,93,19,0,189,0,1,4,0,5,77,94,23,0,194,0,0,0,194
12/28/2011,ORF,VA,AEA,EN,Combined TRACON& Tower with Radar,81,104,22,0,207,0,2,9,8,19,81,106,31,8,226,16,0,16,242
12/29/2011,ORF,VA,AEA,EN,Combined TRACON& Tower with Radar,79,98,19,0,196,0,0,25,0,25,79,98,44,0,221,2,0,2,223
12/30/2011,ORF,VA,AEA,EN,Combined TRACON& Tower with Radar,77,106,16,0,199,0,0,30,0,30,77,106,46,0,229,8,0,8,237
12/31/2011,ORF,VA,AEA,EN,Combined TRACON& Tower with Radar,64,68,17,0,149,0,0,13,0,13,64,68,30,0,162,0,0,0,162
01/01/2012,ORF,VA,AEA,EN,Combined TRACON& Tower with Radar,54,75,12,0,141,0,1,57,0,58,54,76,69,0,199,24,0,24,223
01/02/2012,ORF,VA,AEA,EN,Combined TRACON& Tower with Radar,68,97,18,0,183,0,0,13,0,13,68,97,31,0,196,0,0,0,196
01/03/2012,ORF,VA,AEA,EN,Combined TRACON& Tower with Radar,90,81,19,1,191,0,1,1,0,2,90,82,20,1,193,0,0,0,193
01/04/2012,ORF,VA,AEA,EN,Combined TRACON& Tower with Radar,92,76,34,1,203,0,0,16,1,17,92,76,50,2,220,46,0,46,266
01/05/2012,ORF,VA,AEA,EN,Combined TRACON& Tower with Radar,98,70,28,1,197,0,0,23,13,36,98,70,51,14,233,20,0,20,253
01/06/2012,ORF,VA,AEA,EN,Combined TRACON& Tower with Radar,96,71,28,0,195,0,0,35,6,41,96,71,63,6,236,34,0,34,270
01/07/2012,ORF,VA,AEA,EN,Combined TRACON& Tower with Radar,71,61,11,0,143,0,0,23,0,23,71,61,34,0,166,0,0,0,166
01/08/2012,ORF,VA,AEA,EN,Combined TRACON& Tower with Radar,80,73,24,0,177,0,0,22,0,22,80,73,46,0,199,0,0,0,199
01/09/2012,ORF,VA,AEA,EN,Combined TRACON& Tower with Radar,90,71,25,0,186,0,0,2,0,2,90,71,27,0,188,0,0,0,188
01/10/2012,ORF,VA,AEA,EN,Combined TRACON& Tower with Radar,86,81,23,0,190,0,0,11,0,11,86,81,34,0,201,0,0,0,201
01/11/2012,ORF,VA,AEA,EN,Combined TRACON& Tower with Radar,90,87,28,0,205,0,0,3,0,3,90,87,31,0,208,0,0,0,208
01/12/2012,ORF,VA,AEA,EN,Combined TRACON& Tower with Radar,91,77,35,0,203,0,0,24,5,29,91,77,59,5,232,38,2,40,272
01/13/2012,ORF,VA,AEA,EN,Combined TRACON& Tower with Radar,95,78,22,3,198,1,0,26,7,34,96,78,48,10,232,0,0,0,232
01/14/2012,ORF,VA,AEA,EN,Combined TRACON& Tower with Radar,74,53,18,1,146,0,0,24,1,25,74,53,42,2,171,0,0,0,171
01/15/2012,ORF,VA,AEA,EN,Combined TRACON& Tower with Radar,76,65,16,0,157,0,0,10,0,10,76,65,26,0,167,0,0,0,167
01/16/2012,ORF,VA,AEA,EN,Combined TRACON& Tower with Radar,89,67,16,0,172,0,0,12,0,12,89,67,28,0,184,0,0,0,184
01/17/2012,ORF,VA,AEA,EN,Combined TRACON& Tower with Radar,89,77,15,3,184,0,0,3,1,4,89,77,18,4,188,0,0,0,188
01/18/2012,ORF,VA,AEA,EN,Combined TRACON& Tower with Radar,94,78,36,1,209,0,0,15,1,16,94,78,51,2,225,0,0,0,225
01/19/2012,ORF,VA,AEA,EN,Combined TRACON& Tower with Radar,94,80,25,2,201,0,1,44,4,49,94,81,69,6,250,12,0,12,262
01/20/2012,ORF,VA,AEA,EN,Combined TRACON& Tower with Radar,97,84,37,0,218,0,0,33,1,34,97,84,70,1,252,10,0,10,262
01/21/2012,ORF,VA,AEA,EN,Combined TRACON& Tower with Radar,73,54,14,0,141,0,0,3,0,3,73,54,17,0,144,0,0,0,144
01/22/2012,ORF,VA,AEA,EN,Combined TRACON& Tower with Radar,82,78,22,0,182,0,0,0,0,0,82,78,22,0,182,0,0,0,182
01/23/2012,ORF,VA,AEA,EN,Combined TRACON& Tower with Radar,91,80,16,0,187,0,0,3,1,4,91,80,19,1,191,0,0,0,191
01/24/2012,ORF,VA,AEA,EN,Combined TRACON& Tower with Radar,93,82,31,0,206,0,0,22,1,23,93,82,53,1,229,0,0,0,229
01/25/2012,ORF,VA,AEA,EN,Combined TRACON& Tower with Radar,91,95,35,2,223,0,1,40,3,44,91,96,75,5,267,0,0,0,267
01/26/2012,ORF,VA,AEA,EN,Combined TRACON& Tower with Radar,96,83,24,0,203,0,1,15,20,36,96,84,39,20,239,28,0,28,267
01/27/2012,ORF,VA,AEA,EN,Combined TRACON& Tower with Radar,98,72,29,0,199,0,0,16,12,28,98,72,45,12,227,4,0,4,231
01/28/2012,ORF,VA,AEA,EN,Combined TRACON& Tower with Radar,75,55,23,2,155,0,1,25,0,26,75,56,48,2,181,0,0,0,181
01/29/2012,ORF,VA,AEA,EN,Combined TRACON& Tower with Radar,77,69,19,0,165,0,1,13,0,14,77,70,32,0,179,0,0,0,179
01/30/2012,ORF,VA,AEA,EN,Combined TRACON& Tower with Radar,93,78,36,0,207,0,0,16,2,18,93,78,52,2,225,0,0,0,225
01/31/2012,ORF,VA,AEA,EN,Combined TRACON& Tower with Radar,92,77,27,3,199,0,0,18,1,19,92,77,45,4,218,0,0,0,218
02/01/2012,ORF,VA,AEA,EN,Combined TRACON& Tower with Radar,90,87,35,0,212,0,0,9,0,9,90,87,44,0,221,0,0,0,221
02/02/2012,ORF,VA,AEA,EN,Combined TRACON& Tower with Radar,95,84,29,0,208,0,0,9,12,21,95,84,38,12,229,16,0,16,245
02/03/2012,ORF,VA,AEA,EN,Combined TRACON& Tower with Radar,96,81,35,2,214,0,4,32,0,36,96,85,67,2,250,8,0,8,258
02/04/2012,ORF,VA,AEA,EN,Combined TRACON& Tower with Radar,74,54,20,0,148,0,0,23,6,29,74,54,43,6,177,0,0,0,177
02/05/2012,ORF,VA,AEA,EN,Combined TRACON& Tower with Radar,78,72,19,0,169,0,0,1,0,1,78,72,20,0,170,0,0,0,170
02/06/2012,ORF,VA,AEA,EN,Combined TRACON& Tower with Radar,91,81,42,0,214,0,0,6,0,6,91,81,48,0,220,4,0,4,224
02/07/2012,ORF,VA,AEA,EN,Combined TRACON& Tower with Radar,94,75,33,0,202,0,3,20,0,23,94,78,53,0,225,0,0,0,225
02/08/2012,ORF,VA,AEA,EN,Combined TRACON& Tower with Radar,89,83,36,0,208,0,0,5,0,5,89,83,41,0,213,0,0,0,213
02/09/2012,ORF,VA,AEA,EN,Combined TRACON& Tower with Radar,97,82,32,0,211,0,0,34,2,36,97,82,66,2,247,0,0,0,247
02/10/2012,ORF,VA,AEA,EN,Combined TRACON& Tower with Radar,95,84,39,0,218,0,0,12,0,12,95,84,51,0,230,41,0,41,271
02/11/2012,ORF,VA,AEA,EN,Combined TRACON& Tower with Radar,73,58,16,1,148,0,0,0,0,0,73,58,16,1,148,0,0,0,148
02/12/2012,ORF,VA,AEA,EN,Combined TRACON& Tower with Radar,84,75,33,0,192,0,0,4,0,4,84,75,37,0,196,0,0,0,196
02/13/2012,ORF,VA,AEA,EN,Combined TRACON& Tower with Radar,91,80,21,3,195,0,3,13,1,17,91,83,34,4,212,0,0,0,212
02/14/2012,ORF,VA,AEA,EN,Combined TRACON& Tower with Radar,95,84,29,0,208,0,0,11,0,11,95,84,40,0,219,0,0,0,219
02/15/2012,ORF,VA,AEA,EN,Combined TRACON& Tower with Radar,91,91,40,3,225,0,2,17,0,19,91,93,57,3,244,0,0,0,244
02/16/2012,ORF,VA,AEA,EN,Combined TRACON& Tower with Radar,85,96,35,2,218,0,0,1,0,1,85,96,36,2,219,2,0,2,221
02/17/2012,ORF,VA,AEA,EN,Combined TRACON& Tower with Radar,91,90,32,2,215,0,0,13,0,13,91,90,45,2,228,22,0,22,250
02/18/2012,ORF,VA,AEA,EN,Combined TRACON& Tower with Radar,67,65,51,0,183,0,0,25,0,25,67,65,76,0,208,0,0,0,208
02/19/2012,ORF,VA,AEA,EN,Combined TRACON& Tower with Radar,76,63,12,0,151,0,0,0,0,0,76,63,12,0,151,0,0,0,151
02/20/2012,ORF,VA,AEA,EN,Combined TRACON& Tower with Radar,82,91,26,0,199,0,1,6,0,7,82,92,32,0,206,0,0,0,206
02/21/2012,ORF,VA,AEA,EN,Combined TRACON& Tower with Radar,88,87,32,0,207,0,0,4,0,4,88,87,36,0,211,8,0,8,219
02/22/2012,ORF,VA,AEA,EN,Combined TRACON& Tower with Radar,89,91,27,0,207,0,0,22,16,38,89,91,49,16,245,29,0,29,274
02/23/2012,ORF,VA,AEA,EN,Combined TRACON& Tower with Radar,88,90,46,0,224,0,1,21,15,37,88,91,67,15,261,24,0,24,285
02/24/2012,ORF,VA,AEA,EN,Combined TRACON& Tower with Radar,90,87,28,0,205,0,0,9,0,9,90,87,37,0,214,0,0,0,214
02/25/2012,ORF,VA,AEA,EN,Combined TRACON& Tower with Radar,68,67,14,0,149,0,0,3,0,3,68,67,17,0,152,0,0,0,152
02/26/2012,ORF,VA,AEA,EN,Combined TRACON& Tower with Radar,77,80,28,0,185,0,0,30,0,30,77,80,58,0,215,0,0,0,215
02/27/2012,ORF,VA,AEA,EN,Combined TRACON& Tower with Radar,85,84,31,0,200,0,0,8,0,8,85,84,39,0,208,0,0,0,208
02/28/2012,ORF,VA,AEA,EN,Combined TRACON& Tower with Radar,88,82,24,1,195,0,0,39,0,39,88,82,63,1,234,2,0,2,236
02/29/2012,ORF,VA,AEA,EN,Combined TRACON& Tower with Radar,94,87,51,1,233,0,0,4,0,4,94,87,55,1,237,0,0,0,237
03/01/2012,ORF,VA,AEA,EN,Combined TRACON& Tower with Radar,90,90,42,0,222,0,0,24,89,113,90,90,66,89,335,46,0,46,381
03/02/2012,ORF,VA,AEA,EN,Combined TRACON& Tower with Radar,89,97,55,2,243,0,1,13,0,14,89,98,68,2,257,0,0,0,257
03/03/2012,ORF,VA,AEA,EN,Combined TRACON& Tower with Radar,69,68,13,2,152,0,0,1,0,1,69,68,14,2,153,0,0,0,153
03/04/2012,ORF,VA,AEA,EN,Combined TRACON& Tower with Radar,74,82,27,0,183,0,0,1,0,1,74,82,28,0,184,0,0,0,184
03/05/2012,ORF,VA,AEA,EN,Combined TRACON& Tower with Radar,82,79,18,0,179,0,0,9,0,9,82,79,27,0,188,0,0,0,188
03/06/2012,ORF,VA,AEA,EN,Combined TRACON& Tower with Radar,79,86,19,0,184,0,0,33,13,46,79,86,52,13,230,2,10,12,242
03/07/2012,ORF,VA,AEA,EN,Combined TRACON& Tower with Radar,85,84,31,0,200,0,0,27,0,27,85,84,58,0,227,0,0,0,227
03/08/2012,ORF,VA,AEA,EN,Combined TRACON& Tower with Radar,88,85,33,1,207,0,0,18,18,36,88,85,51,19,243,18,0,18,261
03/09/2012,ORF,VA,AEA,EN,Combined TRACON& Tower with Radar,92,87,28,0,207,0,0,11,12,23,92,87,39,12,230,2,0,2,232
03/10/2012,ORF,VA,AEA,EN,Combined TRACON& Tower with Radar,70,64,24,0,158,0,2,20,0,22,70,66,44,0,180,0,0,0,180
03/11/2012,ORF,VA,AEA,EN,Combined TRACON& Tower with Radar,76,85,37,0,198,0,0,25,0,25,76,85,62,0,223,0,0,0,223
03/12/2012,ORF,VA,AEA,EN,Combined TRACON& Tower with Radar,82,83,26,2,193,0,0,12,0,12,82,83,38,2,205,6,0,6,211
03/13/2012,ORF,VA,AEA,EN,Combined TRACON& Tower with Radar,81,90,23,2,196,0,2,18,0,20,81,92,41,2,216,2,0,2,218
03/14/2012,ORF,VA,AEA,EN,Combined TRACON& Tower with Radar,85,98,55,0,238,0,0,22,0,22,85,98,77,0,260,0,0,0,260
03/15/2012,ORF,VA,AEA,EN,Combined TRACON& Tower with Radar,91,95,49,0,235,0,0,29,34,63,91,95,78,34,298,22,0,22,320
03/16/2012,ORF,VA,AEA,EN,Combined TRACON& Tower with Radar,91,80,22,2,195,0,1,16,0,17,91,81,38,2,212,0,0,0,212
03/17/2012,ORF,VA,AEA,EN,Combined TRACON& Tower with Radar,67,68,21,2,158,0,0,22,0,22,67,68,43,2,180,0,0,0,180
03/18/2012,ORF,VA,AEA,EN,Combined TRACON& Tower with Radar,80,73,24,0,177,0,0,3,0,3,80,73,27,0,180,0,0,0,180
03/19/2012,ORF,VA,AEA,EN,Combined TRACON& Tower with Radar,87,87,34,0,208,0,0,14,0,14,87,87,48,0,222,0,0,0,222
03/20/2012,ORF,VA,AEA,EN,Combined TRACON& Tower with Radar,74,79,43,0,196,0,0,10,0,10,74,79,53,0,206,0,0,0,206
03/21/2012,ORF,VA,AEA,EN,Combined TRACON& Tower with Radar,85,100,36,4,225,0,1,14,0,15,85,101,50,4,240,0,0,0,240
03/22/2012,ORF,VA,AEA,EN,Combined TRACON& Tower with Radar,98,82,32,1,213,1,1,24,0,26,99,83,56,1,239,16,8,24,263
03/23/2012,ORF,VA,AEA,EN,Combined TRACON& Tower with Radar,90,97,36,1,224,0,0,54,0,54,90,97,90,1,278,0,0,0,278
03/24/2012,ORF,VA,AEA,EN,Combined TRACON& Tower with Radar,67,67,20,1,155,0,0,14,0,14,67,67,34,1,169,0,0,0,169
03/25/2012,ORF,VA,AEA,EN,Combined TRACON& Tower with Radar,82,96,14,1,193,0,0,0,0,0,82,96,14,1,193,0,0,0,193
03/26/2012,ORF,VA,AEA,EN,Combined TRACON& Tower with Radar,83,83,19,0,185,0,0,13,0,13,83,83,32,0,198,0,0,0,198
03/27/2012,ORF,VA,AEA,EN,Combined TRACON& Tower with Radar,74,92,60,0,226,0,0,41,0,41,74,92,101,0,267,0,0,0,267
03/28/2012,ORF,VA,AEA,EN,Combined TRACON& Tower with Radar,84,96,41,0,221,0,0,8,0,8,84,96,49,0,229,0,0,0,229
03/29/2012,ORF,VA,AEA,EN,Combined TRACON& Tower with Radar,85,87,44,0,216,0,0,26,1,27,85,87,70,1,243,0,0,0,243
03/30/2012,ORF,VA,AEA,EN,Combined TRACON& Tower with Radar,88,93,36,2,219,0,0,38,3,41,88,93,74,5,260,18,0,18,278
03/31/2012,ORF,VA,AEA,EN,Combined TRACON& Tower with Radar,65,75,7,0,147,0,0,11,2,13,65,75,18,2,160,10,0,10,170
04/01/2012,ORF,VA,AEA,EN,Combined TRACON& Tower with Radar,77,92,40,0,209,0,0,21,0,21,77,92,61,0,230,0,0,0,230
04/02/2012,ORF,VA,AEA,EN,Combined TRACON& Tower with Radar,80,87,21,0,188,0,0,16,2,18,80,87,37,2,206,0,0,0,206
04/03/2012,ORF,VA,AEA,EN,Combined TRACON& Tower with Radar,74,91,38,0,203,0,0,14,0,14,74,91,52,0,217,0,0,0,217
04/04/2012,ORF,VA,AEA,EN,Combined TRACON& Tower with Radar,89,93,26,0,208,0,0,11,0,11,89,93,37,0,219,0,0,0,219
04/05/2012,ORF,VA,AEA,EN,Combined TRACON& Tower with Radar,80,90,29,0,199,0,0,27,0,27,80,90,56,0,226,14,0,14,240
04/06/2012,ORF,VA,AEA,EN,Combined TRACON& Tower with Radar,77,95,43,0,215,0,2,45,0,47,77,97,88,0,262,0,0,0,262
04/07/2012,ORF,VA,AEA,EN,Combined TRACON& Tower with Radar,69,64,17,0,150,0,0,16,0,16,69,64,33,0,166,0,0,0,166
04/08/2012,ORF,VA,AEA,EN,Combined TRACON& Tower with Radar,77,74,27,0,178,0,0,27,0,27,77,74,54,0,205,0,0,0,205
04/09/2012,ORF,VA,AEA,EN,Combined TRACON& Tower with Radar,78,104,33,0,215,0,0,27,0,27,78,104,60,0,242,0,0,0,242
04/10/2012,ORF,VA,AEA,EN,Combined TRACON& Tower with Radar,85,90,43,1,219,0,1,20,0,21,85,91,63,1,240,0,0,0,240
04/11/2012,ORF,VA,AEA,EN,Combined TRACON& Tower with Radar,82,86,38,0,206,0,2,17,3,22,82,88,55,3,228,0,0,0,228
04/12/2012,ORF,VA,AEA,EN,Combined TRACON& Tower with Radar,85,92,29,2,208,0,0,15,0,15,85,92,44,2,223,0,0,0,223
04/13/2012,ORF,VA,AEA,EN,Combined TRACON& Tower with Radar,88,92,32,3,215,0,0,45,0,45,88,92,77,3,260,40,0,40,300
04/14/2012,ORF,VA,AEA,EN,Combined TRACON& Tower with Radar,71,71,22,0,164,0,0,47,2,49,71,71,69,2,213,4,0,4,217
04/15/2012,ORF,VA,AEA,EN,Combined TRACON& Tower with Radar,72,85,17,1,175,0,1,45,0,46,72,86,62,1,221,0,0,0,221
04/16/2012,ORF,VA,AEA,EN,Combined TRACON& Tower with Radar,85,83,33,1,202,0,1,19,0,20,85,84,52,1,222,0,0,0,222
04/17/2012,ORF,VA,AEA,EN,Combined TRACON& Tower with Radar,91,89,47,1,228,0,1,19,0,20,91,90,66,1,248,14,0,14,262
04/18/2012,ORF,VA,AEA,EN,Combined TRACON& Tower with Radar,88,89,28,1,206,0,1,18,2,21,88,90,46,3,227,0,0,0,227
04/19/2012,ORF,VA,AEA,EN,Combined TRACON& Tower with Radar,86,84,35,1,206,0,0,11,4,15,86,84,46,5,221,8,0,8,229
04/20/2012,ORF,VA,AEA,EN,Combined TRACON& Tower with Radar,88,98,46,0,232,0,3,18,0,21,88,101,64,0,253,34,0,34,287
04/21/2012,ORF,VA,AEA,EN,Combined TRACON& Tower with Radar,69,68,28,0,165,0,0,18,0,18,69,68,46,0,183,0,0,0,183
04/22/2012,ORF,VA,AEA,EN,Combined TRACON& Tower with Radar,80,92,19,0,191,0,0,0,0,0,80,92,19,0,191,0,0,0,191
04/23/2012,ORF,VA,AEA,EN,Combined TRACON& Tower with Radar,84,86,26,0,196,0,0,11,0,11,84,86,37,0,207,4,0,4,211
04/24/2012,ORF,VA,AEA,EN,Combined TRACON& Tower with Radar,89,95,36,0,220,0,0,33,22,55,89,95,69,22,275,0,0,0,275
04/25/2012,ORF,VA,AEA,EN,Combined TRACON& Tower with Radar,86,95,45,0,226,0,0,21,2,23,86,95,66,2,249,0,0,0,249
04/26/2012,ORF,VA,AEA,EN,Combined TRACON& Tower with Radar,89,91,28,1,209,0,1,7,1,9,89,92,35,2,218,0,0,0,218
04/27/2012,ORF,VA,AEA,EN,Combined TRACON& Tower with Radar,90,88,29,2,209,0,0,21,0,21,90,88,50,2,230,58,0,58,288
04/28/2012,ORF,VA,AEA,EN,Combined TRACON& Tower with Radar,71,71,32,0,174,0,0,8,1,9,71,71,40,1,183,48,0,48,231
04/29/2012,ORF,VA,AEA,EN,Combined TRACON& Tower with Radar,76,85,40,0,201,0,0,3,0,3,76,85,43,0,204,0,0,0,204
04/30/2012,ORF,VA,AEA,EN,Combined TRACON& Tower with Radar,82,86,41,3,212,0,1,9,0,10,82,87,50,3,222,0,0,0,222
05/01/2012,ORF,VA,AEA,EN,Combined TRACON& Tower with Radar,87,83,33,0,203,0,1,20,4,25,87,84,53,4,228,22,0,22,250
05/02/2012,ORF,VA,AEA,EN,Combined TRACON& Tower with Radar,87,82,37,4,210,0,0,28,0,28,87,82,65,4,238,0,0,0,238
05/03/2012,ORF,VA,AEA,EN,Combined TRACON& Tower with Radar,88,91,58,0,237,0,1,14,2,17,88,92,72,2,254,0,0,0,254
05/04/2012,ORF,VA,AEA,EN,Combined TRACON& Tower with Radar,100,88,57,3,248,0,0,90,55,145,100,88,147,58,393,66,0,66,459
05/05/2012,ORF,VA,AEA,EN,Combined TRACON& Tower with Radar,72,71,25,0,168,0,0,25,0,25,72,71,50,0,193,6,0,6,199
05/06/2012,ORF,VA,AEA,EN,Combined TRACON& Tower with Radar,82,92,27,0,201,0,0,3,0,3,82,92,30,0,204,0,0,0,204
05/07/2012,ORF,VA,AEA,EN,Combined TRACON& Tower with Radar,85,87,31,0,203,0,0,22,0,22,85,87,53,0,225,0,0,0,225
05/08/2012,ORF,VA,AEA,EN,Combined TRACON& Tower with Radar,89,82,36,0,207,0,0,35,0,35,89,82,71,0,242,4,0,4,246
05/09/2012,ORF,VA,AEA,EN,Combined TRACON& Tower with Radar,93,78,36,0,207,0,0,5,0,5,93,78,41,0,212,0,0,0,212
05/10/2012,ORF,VA,AEA,EN,Combined TRACON& Tower with Radar,92,86,46,0,224,0,1,33,0,34,92,87,79,0,258,24,0,24,282
05/11/2012,ORF,VA,AEA,EN,Combined TRACON& Tower with Radar,91,95,25,0,211,0,0,76,3,79,91,95,101,3,290,18,0,18,308
05/12/2012,ORF,VA,AEA,EN,Combined TRACON& Tower with Radar,75,60,34,0,169,0,0,54,11,65,75,60,88,11,234,0,0,0,234
05/13/2012,ORF,VA,AEA,EN,Combined TRACON& Tower with Radar,87,81,44,0,212,0,0,22,3,25,87,81,66,3,237,0,0,0,237
05/14/2012,ORF,VA,AEA,EN,Combined TRACON& Tower with Radar,86,84,33,0,203,0,0,14,4,18,86,84,47,4,221,0,0,0,221
05/15/2012,ORF,VA,AEA,EN,Combined TRACON& Tower with Radar,90,84,38,0,212,0,0,8,0,8,90,84,46,0,220,0,0,0,220
05/16/2012,ORF,VA,AEA,EN,Combined TRACON& Tower with Radar,92,90,41,4,227,0,0,28,3,31,92,90,69,7,258,18,0,18,276
05/17/2012,ORF,VA,AEA,EN,Combined TRACON& Tower with Radar,94,91,46,0,231,0,0,20,2,22,94,91,66,2,253,4,0,4,257
05/18/2012,ORF,VA,AEA,EN,Combined TRACON& Tower with Radar,95,100,29,2,226,0,1,48,1,50,95,101,77,3,276,10,2,12,288
05/19/2012,ORF,VA,AEA,EN,Combined TRACON& Tower with Radar,74,68,27,1,170,0,0,32,0,32,74,68,59,1,202,14,0,14,216
05/20/2012,ORF,VA,AEA,EN,Combined TRACON& Tower with Radar,79,86,60,0,225,0,0,1,0,1,79,86,61,0,226,0,0,0,226
05/21/2012,ORF,VA,AEA,EN,Combined TRACON& Tower with Radar,91,79,26,0,196,0,0,14,6,20,91,79,40,6,216,0,0,0,216
05/22/2012,ORF,VA,AEA,EN,Combined TRACON& Tower with Radar,92,79,34,4,209,0,0,6,9,15,92,79,40,13,224,4,0,4,228
05/23/2012,ORF,VA,AEA,EN,Combined TRACON& Tower with Radar,95,85,47,0,227,0,0,24,2,26,95,85,71,2,253,0,0,0,253
05/24/2012,ORF,VA,AEA,EN,Combined TRACON& Tower with Radar,98,96,34,0,228,0,0,19,1,20,98,96,53,1,248,0,0,0,248
05/25/2012,ORF,VA,AEA,EN,Combined TRACON& Tower with Radar,91,99,47,0,237,0,0,28,4,32,91,99,75,4,269,0,0,0,269
05/26/2012,ORF,VA,AEA,EN,Combined TRACON& Tower with Radar,68,58,29,2,157,0,0,12,0,12,68,58,41,2,169,0,0,0,169
05/27/2012,ORF,VA,AEA,EN,Combined TRACON& Tower with Radar,73,68,14,1,156,0,0,17,5,22,73,68,31,6,178,2,0,2,180
05/28/2012,ORF,VA,AEA,EN,Combined TRACON& Tower with Radar,82,91,20,0,193,0,0,40,2,42,82,91,60,2,235,14,0,14,249
05/29/2012,ORF,VA,AEA,EN,Combined TRACON& Tower with Radar,94,77,29,0,200,0,0,13,8,21,94,77,42,8,221,2,0,2,223
05/30/2012,ORF,VA,AEA,EN,Combined TRACON& Tower with Radar,97,88,43,0,228,0,0,1,0,1,97,88,44,0,229,0,0,0,229
05/31/2012,ORF,VA,AEA,EN,Combined TRACON& Tower with Radar,91,91,36,2,220,0,0,34,9,43,91,91,70,11,263,2,2,4,267
06/01/2012,ORF,VA,AEA,EN,Combined TRACON& Tower with Radar,88,83,24,0,195,0,1,13,2,16,88,84,37,2,211,0,0,0,211
06/02/2012,ORF,VA,AEA,EN,Combined TRACON& Tower with Radar,80,64,46,1,191,0,0,32,1,33,80,64,78,2,224,12,0,12,236
06/03/2012,ORF,VA,AEA,EN,Combined TRACON& Tower with Radar,83,84,39,4,210,0,0,21,3,24,83,84,60,7,234,6,0,6,240
06/04/2012,ORF,VA,AEA,EN,Combined TRACON& Tower with Radar,88,78,39,0,205,0,0,24,0,24,88,78,63,0,229,2,0,2,231
06/05/2012,ORF,VA,AEA,EN,Combined TRACON& Tower with Radar,91,83,49,0,223,0,1,27,0,28,91,84,76,0,251,14,0,14,265
06/06/2012,ORF,VA,AEA,EN,Combined TRACON& Tower with Radar,97,80,44,0,221,0,0,34,0,34,97,80,78,0,255,0,0,0,255
06/07/2012,ORF,VA,AEA,EN,Combined TRACON& Tower with Radar,82,101,28,1,212,0,0,30,1,31,82,101,58,2,243,9,0,9,252
06/08/2012,ORF,VA,AEA,EN,Combined TRACON& Tower with Radar,86,103,52,0,241,0,0,57,2,59,86,103,109,2,300,0,0,0,300
06/09/2012,ORF,VA,AEA,EN,Combined TRACON& Tower with Radar,79,77,36,0,192,0,0,42,3,45,79,77,78,3,237,16,0,16,253
06/10/2012,ORF,VA,AEA,EN,Combined TRACON& Tower with Radar,76,87,26,1,190,0,0,14,0,14,76,87,40,1,204,0,0,0,204
06/11/2012,ORF,VA,AEA,EN,Combined TRACON& Tower with Radar,84,102,37,0,223,0,0,24,0,24,84,102,61,0,247,8,0,8,255
06/12/2012,ORF,VA,AEA,EN,Combined TRACON& Tower with Radar,86,97,44,0,227,0,0,16,4,20,86,97,60,4,247,22,0,22,269
06/13/2012,ORF,VA,AEA,EN,Combined TRACON& Tower with Radar,85,108,38,0,231,0,0,27,13,40,85,108,65,13,271,2,0,2,273
06/14/2012,ORF,VA,AEA,EN,Combined TRACON& Tower with Radar,88,108,51,0,247,0,0,18,0,18,88,108,69,0,265,0,0,0,265
06/15/2012,ORF,VA,AEA,EN,Combined TRACON& Tower with Radar,91,100,40,0,231,0,1,28,0,29,91,101,68,0,260,14,0,14,274
06/16/2012,ORF,VA,AEA,EN,Combined TRACON& Tower with Radar,77,82,29,1,189,0,0,16,1,17,77,82,45,2,206,12,0,12,218
06/17/2012,ORF,VA,AEA,EN,Combined TRACON& Tower with Radar,86,86,41,1,214,0,0,23,10,33,86,86,64,11,247,12,0,12,259
06/18/2012,ORF,VA,AEA,EN,Combined TRACON& Tower with Radar,87,93,38,2,220,0,1,12,2,15,87,94,50,4,235,0,0,0,235
06/19/2012,ORF,VA,AEA,EN,Combined TRACON& Tower with Radar,89,106,42,0,237,0,1,31,2,34,89,107,73,2,271,20,0,20,291
06/20/2012,ORF,VA,AEA,EN,Combined TRACON& Tower with Radar,88,100,35,0,223,0,0,22,4,26,88,100,57,4,249,0,0,0,249
06/21/2012,ORF,VA,AEA,EN,Combined TRACON& Tower with Radar,87,110,39,0,236,0,1,30,0,31,87,111,69,0,267,10,0,10,277
06/22/2012,ORF,VA,AEA,EN,Combined TRACON& Tower with Radar,92,81,55,0,228,0,0,21,0,21,92,81,76,0,249,34,0,34,283
06/23/2012,ORF,VA,AEA,EN,Combined TRACON& Tower with Radar,82,86,32,0,200,0,0,30,16,46,82,86,62,16,246,34,0,34,280
06/24/2012,ORF,VA,AEA,EN,Combined TRACON& Tower with Radar,79,95,32,0,206,0,1,31,6,38,79,96,63,6,244,19,0,19,263
06/25/2012,ORF,VA,AEA,EN,Combined TRACON& Tower with Radar,83,89,26,0,198,0,0,16,2,18,83,89,42,2,216,6,0,6,222
06/26/2012,ORF,VA,AEA,EN,Combined TRACON& Tower with Radar,91,94,40,1,226,0,1,27,1,29,91,95,67,2,255,16,0,16,271
06/27/2012,ORF,VA,AEA,EN,Combined TRACON& Tower with Radar,88,108,38,2,236,0,0,28,27,55,88,108,66,29,291,0,0,0,291
06/28/2012,ORF,VA,AEA,EN,Combined TRACON& Tower with Radar,87,104,36,0,227,0,0,24,10,34,87,104,60,10,261,0,0,0,261
06/29/2012,ORF,VA,AEA,EN,Combined TRACON& Tower with Radar,92,104,35,0,231,0,0,25,0,25,92,104,60,0,256,0,0,0,256
06/30/2012,ORF,VA,AEA,EN,Combined TRACON& Tower with Radar,78,86,34,3,201,0,0,17,4,21,78,86,51,7,222,0,0,0,222
07/01/2012,ORF,VA,AEA,EN,Combined TRACON& Tower with Radar,85,93,43,0,221,0,0,12,0,12,85,93,55,0,233,0,0,0,233
07/02/2012,ORF,VA,AEA,EN,Combined TRACON& Tower with Radar,99,82,24,2,207,0,1,38,2,41,99,83,62,4,248,16,0,16,264
07/03/2012,ORF,VA,AEA,EN,Combined TRACON& Tower with Radar,90,78,15,2,185,0,0,25,2,27,90,78,40,4,212,14,0,14,226
07/04/2012,ORF,VA,AEA,EN,Combined TRACON& Tower with Radar,71,64,13,0,148,0,1,13,0,14,71,65,26,0,162,0,0,0,162
07/05/2012,ORF,VA,AEA,EN,Combined TRACON& Tower with Radar,90,79,26,4,199,0,1,30,8,39,90,80,56,12,238,26,0,26,264
07/06/2012,ORF,VA,AEA,EN,Combined TRACON& Tower with Radar,95,90,26,0,211,0,0,27,5,32,95,90,53,5,243,12,0,12,255
07/07/2012,ORF,VA,AEA,EN,Combined TRACON& Tower with Radar,80,75,21,0,176,0,0,34,1,35,80,75,55,1,211,6,0,6,217
07/08/2012,ORF,VA,AEA,EN,Combined TRACON& Tower with Radar,81,98,26,0,205,0,0,19,0,19,81,98,45,0,224,22,0,22,246
07/09/2012,ORF,VA,AEA,EN,Combined TRACON& Tower with Radar,88,92,27,2,209,0,0,12,4,16,88,92,39,6,225,14,0,14,239
07/10/2012,ORF,VA,AEA,EN,Combined TRACON& Tower with Radar,94,100,44,3,241,0,1,11,5,17,94,101,55,8,258,0,0,0,258
07/11/2012,ORF,VA,AEA,EN,Combined TRACON& Tower with Radar,94,93,31,0,218,0,0,10,0,10,94,93,41,0,228,0,0,0,228
07/12/2012,ORF,VA,AEA,EN,Combined TRACON& Tower with Radar,90,97,50,3,240,0,1,20,2,23,90,98,70,5,263,0,0,0,263
07/13/2012,ORF,VA,AEA,EN,Combined TRACON& Tower with Radar,93,91,27,8,219,0,1,13,0,14,93,92,40,8,233,10,0,10,243
07/14/2012,ORF,VA,AEA,EN,Combined TRACON& Tower with Radar,88,79,16,0,183,0,0,13,0,13,88,79,29,0,196,2,0,2,198
07/15/2012,ORF,VA,AEA,EN,Combined TRACON& Tower with Radar,87,75,26,2,190,0,0,22,0,22,87,75,48,2,212,8,0,8,220
07/16/2012,ORF,VA,AEA,EN,Combined TRACON& Tower with Radar,90,99,43,0,232,0,1,29,4,34,90,100,72,4,266,12,0,12,278
07/17/2012,ORF,VA,AEA,EN,Combined TRACON& Tower with Radar,93,94,40,2,229,0,0,40,29,69,93,94,80,31,298,4,0,4,302
07/18/2012,ORF,VA,AEA,EN,Combined TRACON& Tower with Radar,91,82,28,1,202,0,0,38,3,41,91,82,66,4,243,40,2,42,285
07/19/2012,ORF,VA,AEA,EN,Combined TRACON& Tower with Radar,96,87,33,0,216,0,1,31,4,36,96,88,64,4,252,4,0,4,256
07/20/2012,ORF,VA,AEA,EN,Combined TRACON& Tower with Radar,98,90,36,0,224,0,0,33,2,35,98,90,69,2,259,2,0,2,261
07/21/2012,ORF,VA,AEA,EN,Combined TRACON& Tower with Radar,83,78,17,2,180,0,0,3,3,6,83,78,20,5,186,0,0,0,186
07/22/2012,ORF,VA,AEA,EN,Combined TRACON& Tower with Radar,93,94,18,3,208,0,0,35,8,43,93,94,53,11,251,38,0,38,289
07/23/2012,ORF,VA,AEA,EN,Combined TRACON& Tower with Radar,87,92,39,0,218,0,0,33,0,33,87,92,72,0,251,6,0,6,257
07/24/2012,ORF,VA,AEA,EN,Combined TRACON& Tower with Radar,91,92,33,0,216,0,0,15,13,28,91,92,48,13,244,0,0,0,244
07/25/2012,ORF,VA,AEA,EN,Combined TRACON& Tower with Radar,95,102,38,1,236,0,1,34,9,44,95,103,72,10,280,24,0,24,304
07/26/2012,ORF,VA,AEA,EN,Combined TRACON& Tower with Radar,100,97,40,5,242,0,0,30,7,37,100,97,70,12,279,26,0,26,305
07/27/2012,ORF,VA,AEA,EN,Combined TRACON& Tower with Radar,94,89,45,5,233,0,2,21,21,44,94,91,66,26,277,0,0,0,277
07/28/2012,ORF,VA,AEA,EN,Combined TRACON& Tower with Radar,83,63,27,0,173,0,0,21,0,21,83,63,48,0,194,0,0,0,194
07/29/2012,ORF,VA,AEA,EN,Combined TRACON& Tower with Radar,88,81,25,0,194,0,0,17,0,17,88,81,42,0,211,0,0,0,211
07/30/2012,ORF,VA,AEA,EN,Combined TRACON& Tower with Radar,89,91,44,0,224,0,0,13,0,13,89,91,57,0,237,6,0,6,243
07/31/2012,ORF,VA,AEA,EN,Combined TRACON& Tower with Radar,93,84,43,2,222,0,0,30,10,40,93,84,73,12,262,20,0,20,282
08/01/2012,ORF,VA,AEA,EN,Combined TRACON& Tower with Radar,92,81,39,4,216,0,0,12,9,21,92,81,51,13,237,0,0,0,237
08/02/2012,ORF,VA,AEA,EN,Combined TRACON& Tower with Radar,88,103,41,2,234,0,1,26,1,28,88,104,67,3,262,8,0,8,270
08/03/2012,ORF,VA,AEA,EN,Combined TRACON& Tower with Radar,92,104,44,0,240,0,0,18,0,18,92,104,62,0,258,0,0,0,258
08/04/2012,ORF,VA,AEA,EN,Combined TRACON& Tower with Radar,81,81,36,0,198,0,2,21,0,23,81,83,57,0,221,0,0,0,221
08/05/2012,ORF,VA,AEA,EN,Combined TRACON& Tower with Radar,88,80,21,2,191,0,0,22,0,22,88,80,43,2,213,0,0,0,213
08/06/2012,ORF,VA,AEA,EN,Combined TRACON& Tower with Radar,90,85,28,0,203,0,0,21,0,21,90,85,49,0,224,2,0,2,226
08/07/2012,ORF,VA,AEA,EN,Combined TRACON& Tower with Radar,94,92,34,0,220,0,0,28,4,32,94,92,62,4,252,22,0,22,274
08/08/2012,ORF,VA,AEA,EN,Combined TRACON& Tower with Radar,96,87,35,0,218,0,0,18,0,18,96,87,53,0,236,0,0,0,236
08/09/2012,ORF,VA,AEA,EN,Combined TRACON& Tower with Radar,84,82,40,1,207,0,0,21,1,22,84,82,61,2,229,4,0,4,233
08/10/2012,ORF,VA,AEA,EN,Combined TRACON& Tower with Radar,99,88,36,4,227,0,0,10,0,10,99,88,46,4,237,22,0,22,259
08/11/2012,ORF,VA,AEA,EN,Combined TRACON& Tower with Radar,86,79,28,0,193,0,0,11,0,11,86,79,39,0,204,6,0,6,210
08/12/2012,ORF,VA,AEA,EN,Combined TRACON& Tower with Radar,96,94,37,0,227,0,0,15,0,15,96,94,52,0,242,4,0,4,246
08/13/2012,ORF,VA,AEA,EN,Combined TRACON& Tower with Radar,91,89,41,0,221,0,0,37,0,37,91,89,78,0,258,18,0,18,276
08/14/2012,ORF,VA,AEA,EN,Combined TRACON& Tower with Radar,90,104,26,2,222,0,0,56,0,56,90,104,82,2,278,36,0,36,314
08/15/2012,ORF,VA,AEA,EN,Combined TRACON& Tower with Radar,90,87,20,4,201,0,2,25,12,39,90,89,45,16,240,6,0,6,246
08/16/2012,ORF,VA,AEA,EN,Combined TRACON& Tower with Radar,91,90,50,0,231,0,0,51,1,52,91,90,101,1,283,10,0,10,293
08/17/2012,ORF,VA,AEA,EN,Combined TRACON& Tower with Radar,93,107,52,0,252,0,0,32,0,32,93,107,84,0,284,10,0,10,294
08/18/2012,ORF,VA,AEA,EN,Combined TRACON& Tower with Radar,82,77,18,1,178,0,0,12,0,12,82,77,30,1,190,4,0,4,194
08/19/2012,ORF,VA,AEA,EN,Combined TRACON& Tower with Radar,86,94,25,1,206,0,0,5,1,6,86,94,30,2,212,0,0,0,212
08/20/2012,ORF,VA,AEA,EN,Combined TRACON& Tower with Radar,87,97,39,1,224,0,1,4,2,7,87,98,43,3,231,0,0,0,231
08/21/2012,ORF,VA,AEA,EN,Combined TRACON& Tower with Radar,91,87,37,0,215,0,0,14,0,14,91,87,51,0,229,8,0,8,237
08/22/2012,ORF,VA,AEA,EN,Combined TRACON& Tower with Radar,90,105,38,0,233,0,0,29,6,35,90,105,67,6,268,12,0,12,280
08/23/2012,ORF,VA,AEA,EN,Combined TRACON& Tower with Radar,92,85,30,0,207,0,0,37,2,39,92,85,67,2,246,2,2,4,250
08/24/2012,ORF,VA,AEA,EN,Combined TRACON& Tower with Radar,91,95,36,0,222,0,0,18,2,20,91,95,54,2,242,0,0,0,242
08/25/2012,ORF,VA,AEA,EN,Combined TRACON& Tower with Radar,79,82,31,0,192,0,0,3,0,3,79,82,34,0,195,0,0,0,195
08/26/2012,ORF,VA,AEA,EN,Combined TRACON& Tower with Radar,80,79,31,4,194,0,0,7,0,7,80,79,38,4,201,0,0,0,201
08/27/2012,ORF,VA,AEA,EN,Combined TRACON& Tower with Radar,87,88,25,2,202,0,0,5,1,6,87,88,30,3,208,0,0,0,208
08/28/2012,ORF,VA,AEA,EN,Combined TRACON& Tower with Radar,84,94,32,3,213,0,0,14,0,14,84,94,46,3,227,0,0,0,227
08/29/2012,ORF,VA,AEA,EN,Combined TRACON& Tower with Radar,87,92,34,1,214,0,0,16,1,17,87,92,50,2,231,0,0,0,231
08/30/2012,ORF,VA,AEA,EN,Combined TRACON& Tower with Radar,92,92,40,1,225,0,0,18,0,18,92,92,58,1,243,4,0,4,247
08/31/2012,ORF,VA,AEA,EN,Combined TRACON& Tower with Radar,87,102,55,2,246,0,0,26,4,30,87,102,81,6,276,10,0,10,286
09/01/2012,ORF,VA,AEA,EN,Combined TRACON& Tower with Radar,73,63,31,2,169,0,0,29,0,29,73,63,60,2,198,16,0,16,214
09/02/2012,ORF,VA,AEA,EN,Combined TRACON& Tower with Radar,70,61,23,3,157,0,1,12,0,13,70,62,35,3,170,0,0,0,170
09/03/2012,ORF,VA,AEA,EN,Combined TRACON& Tower with Radar,74,90,41,0,205,0,1,8,0,9,74,91,49,0,214,6,0,6,220
09/04/2012,ORF,VA,AEA,EN,Combined TRACON& Tower with Radar,87,85,29,1,202,0,0,13,2,15,87,85,42,3,217,0,0,0,217
09/05/2012,ORF,VA,AEA,EN,Combined TRACON& Tower with Radar,83,89,25,0,197,0,0,17,0,17,83,89,42,0,214,0,0,0,214
09/06/2012,ORF,VA,AEA,EN,Combined TRACON& Tower with Radar,82,101,37,3,223,0,0,9,0,9,82,101,46,3,232,8,0,8,240
09/07/2012,ORF,VA,AEA,EN,Combined TRACON& Tower with Radar,81,101,47,3,232,0,0,22,1,23,81,101,69,4,255,0,0,0,255
09/08/2012,ORF,VA,AEA,EN,Combined TRACON& Tower with Radar,89,91,20,1,201,0,1,8,4,13,89,92,28,5,214,22,0,22,236
09/09/2012,ORF,VA,AEA,EN,Combined TRACON& Tower with Radar,71,94,36,0,201,0,0,10,0,10,71,94,46,0,211,0,0,0,211
09/10/2012,ORF,VA,AEA,EN,Combined TRACON& Tower with Radar,74,96,24,0,194,0,0,24,4,28,74,96,48,4,222,0,0,0,222
09/11/2012,ORF,VA,AEA,EN,Combined TRACON& Tower with Radar,75,93,25,0,193,0,0,37,0,37,75,93,62,0,230,16,0,16,246
09/12/2012,ORF,VA,AEA,EN,Combined TRACON& Tower with Radar,77,93,29,0,199,0,0,32,6,38,77,93,61,6,237,0,0,0,237
09/13/2012,ORF,VA,AEA,EN,Combined TRACON& Tower with Radar,77,103,41,0,221,0,1,39,1,41,77,104,80,1,262,10,4,14,276
09/14/2012,ORF,VA,AEA,EN,Combined TRACON& Tower with Radar,81,97,40,0,218,0,0,35,2,37,81,97,75,2,255,10,0,10,265
09/15/2012,ORF,VA,AEA,EN,Combined TRACON& Tower with Radar,67,71,23,2,163,0,0,28,0,28,67,71,51,2,191,40,0,40,231
09/16/2012,ORF,VA,AEA,EN,Combined TRACON& Tower with Radar,70,95,36,0,201,0,0,27,1,28,70,95,63,1,229,0,0,0,229
09/17/2012,ORF,VA,AEA,EN,Combined TRACON& Tower with Radar,74,90,32,0,196,0,1,13,2,16,74,91,45,2,212,2,0,2,214
09/18/2012,ORF,VA,AEA,EN,Combined TRACON& Tower with Radar,74,75,11,0,160,0,0,4,0,4,74,75,15,0,164,4,0,4,168
09/19/2012,ORF,VA,AEA,EN,Combined TRACON& Tower with Radar,82,113,58,2,255,0,0,19,0,19,82,113,77,2,274,2,0,2,276
09/20/2012,ORF,VA,AEA,EN,Combined TRACON& Tower with Radar,80,102,40,1,223,0,0,31,0,31,80,102,71,1,254,0,0,0,254
09/21/2012,ORF,VA,AEA,EN,Combined TRACON& Tower with Radar,81,106,48,0,235,0,1,30,2,33,81,107,78,2,268,56,0,56,324
09/22/2012,ORF,VA,AEA,EN,Combined TRACON& Tower with Radar,68,73,19,1,161,0,1,24,0,25,68,74,43,1,186,0,0,0,186
09/23/2012,ORF,VA,AEA,EN,Combined TRACON& Tower with Radar,72,96,34,4,206,0,0,20,0,20,72,96,54,4,226,0,0,0,226
09/24/2012,ORF,VA,AEA,EN,Combined TRACON& Tower with Radar,71,96,40,1,208,0,1,32,0,33,71,97,72,1,241,3,0,3,244
09/25/2012,ORF,VA,AEA,EN,Combined TRACON& Tower with Radar,80,99,36,9,224,0,0,19,1,20,80,99,55,10,244,0,0,0,244
09/26/2012,ORF,VA,AEA,EN,Combined TRACON& Tower with Radar,79,93,35,1,208,0,2,30,0,32,79,95,65,1,240,0,0,0,240
09/27/2012,ORF,VA,AEA,EN,Combined TRACON& Tower with Radar,88,99,47,4,238,0,2,21,0,23,88,101,68,4,261,10,0,10,271
09/28/2012,ORF,VA,AEA,EN,Combined TRACON& Tower with Radar,80,105,40,0,225,0,0,25,8,33,80,105,65,8,258,0,0,0,258
09/29/2012,ORF,VA,AEA,EN,Combined TRACON& Tower with Radar,66,76,29,0,171,0,0,8,0,8,66,76,37,0,179,0,0,0,179
09/30/2012,ORF,VA,AEA,EN,Combined TRACON& Tower with Radar,69,94,27,0,190,0,0,18,0,18,69,94,45,0,208,0,0,0,208
10/01/2012,ORF,VA,AEA,EN,Combined TRACON& Tower with Radar,71,96,22,0,189,0,0,16,2,18,71,96,38,2,207,0,0,0,207
10/02/2012,ORF,VA,AEA,EN,Combined TRACON& Tower with Radar,77,88,22,0,187,0,0,7,0,7,77,88,29,0,194,0,0,0,194
10/03/2012,ORF,VA,AEA,EN,Combined TRACON& Tower with Radar,78,97,44,0,219,0,0,14,1,15,78,97,58,1,234,0,0,0,234
10/04/2012,ORF,VA,AEA,EN,Combined TRACON& Tower with Radar,78,105,32,3,218,0,0,26,0,26,78,105,58,3,244,0,0,0,244
10/05/2012,ORF,VA,AEA,EN,Combined TRACON& Tower with Radar,78,101,33,3,215,0,0,33,0,33,78,101,66,3,248,0,0,0,248
10/06/2012,ORF,VA,AEA,EN,Combined TRACON& Tower with Radar,69,72,24,0,165,0,0,15,0,15,69,72,39,0,180,0,0,0,180
10/07/2012,ORF,VA,AEA,EN,Combined TRACON& Tower with Radar,64,95,22,0,181,0,0,1,0,1,64,95,23,0,182,0,0,0,182
10/08/2012,ORF,VA,AEA,EN,Combined TRACON& Tower with Radar,70,95,29,0,194,0,0,7,5,12,70,95,36,5,206,0,0,0,206
10/09/2012,ORF,VA,AEA,EN,Combined TRACON& Tower with Radar,77,90,39,0,206,0,0,0,0,0,77,90,39,0,206,0,0,0,206
10/10/2012,ORF,VA,AEA,EN,Combined TRACON& Tower with Radar,77,90,29,1,197,0,0,7,2,9,77,90,36,3,206,0,0,0,206
10/11/2012,ORF,VA,AEA,EN,Combined TRACON& Tower with Radar,77,98,40,1,216,0,1,36,0,37,77,99,76,1,253,0,0,0,253
10/12/2012,ORF,VA,AEA,EN,Combined TRACON& Tower with Radar,75,102,32,0,209,0,0,35,8,43,75,102,67,8,252,0,0,0,252
10/13/2012,ORF,VA,AEA,EN,Combined TRACON& Tower with Radar,67,75,23,0,165,0,0,22,0,22,67,75,45,0,187,36,0,36,223
10/14/2012,ORF,VA,AEA,EN,Combined TRACON& Tower with Radar,63,91,26,0,180,0,1,10,0,11,63,92,36,0,191,0,0,0,191
10/15/2012,ORF,VA,AEA,EN,Combined TRACON& Tower with Radar,72,96,33,0,201,0,2,12,1,15,72,98,45,1,216,0,0,0,216
10/16/2012,ORF,VA,AEA,EN,Combined TRACON& Tower with Radar,76,99,50,2,227,0,1,7,2,10,76,100,57,4,237,0,0,0,237
10/17/2012,ORF,VA,AEA,EN,Combined TRACON& Tower with Radar,75,90,41,2,208,0,2,14,17,33,75,92,55,19,241,4,0,4,245
10/18/2012,ORF,VA,AEA,EN,Combined TRACON& Tower with Radar,80,100,45,3,228,0,0,35,1,36,80,100,80,4,264,7,0,7,271
10/19/2012,ORF,VA,AEA,EN,Combined TRACON& Tower with Radar,78,115,32,3,228,0,1,18,0,19,78,116,50,3,247,26,0,26,273
10/20/2012,ORF,VA,AEA,EN,Combined TRACON& Tower with Radar,70,71,24,0,165,0,0,30,0,30,70,71,54,0,195,10,0,10,205
10/21/2012,ORF,VA,AEA,EN,Combined TRACON& Tower with Radar,68,100,34,0,202,0,0,34,0,34,68,100,68,0,236,0,0,0,236
10/22/2012,ORF,VA,AEA,EN,Combined TRACON& Tower with Radar,70,90,28,0,188,0,1,21,0,22,70,91,49,0,210,0,8,8,218
10/23/2012,ORF,VA,AEA,EN,Combined TRACON& Tower with Radar,78,99,24,0,201,0,0,26,0,26,78,99,50,0,227,0,0,0,227
10/24/2012,ORF,VA,AEA,EN,Combined TRACON& Tower with Radar,76,94,48,0,218,0,0,38,2,40,76,94,86,2,258,58,0,58,316
10/25/2012,ORF,VA,AEA,EN,Combined TRACON& Tower with Radar,75,99,55,0,229,0,1,36,0,37,75,100,91,0,266,40,0,40,306
10/26/2012,ORF,VA,AEA,EN,Combined TRACON& Tower with Radar,76,110,38,0,224,0,0,4,0,4,76,110,42,0,228,0,0,0,228
10/27/2012,ORF,VA,AEA,EN,Combined TRACON& Tower with Radar,67,74,24,0,165,0,0,2,0,2,67,74,26,0,167,0,0,0,167
10/28/2012,ORF,VA,AEA,EN,Combined TRACON& Tower with Radar,53,60,2,0,115,0,0,0,0,0,53,60,2,0,115,0,0,0,115
10/29/2012,ORF,VA,AEA,EN,Combined TRACON& Tower with Radar,7,0,0,0,7,0,0,0,0,0,7,0,0,0,7,0,0,0,7
10/30/2012,ORF,VA,AEA,EN,Combined TRACON& Tower with Radar,56,20,12,0,88,0,0,9,0,9,56,20,21,0,97,0,0,0,97
10/31/2012,ORF,VA,AEA,EN,Combined TRACON& Tower with Radar,70,62,16,0,148,0,0,14,0,14,70,62,30,0,162,4,0,4,166
11/01/2012,ORF,VA,AEA,EN,Combined TRACON& Tower with Radar,77,93,32,0,202,0,0,19,0,19,77,93,51,0,221,44,0,44,265
11/02/2012,ORF,VA,AEA,EN,Combined TRACON& Tower with Radar,78,95,42,0,215,0,0,15,0,15,78,95,57,0,230,0,0,0,230
11/03/2012,ORF,VA,AEA,EN,Combined TRACON& Tower with Radar,70,76,28,2,176,0,0,23,0,23,70,76,51,2,199,16,0,16,215
11/04/2012,ORF,VA,AEA,EN,Combined TRACON& Tower with Radar,73,85,20,7,185,0,0,22,0,22,73,85,42,7,207,0,0,0,207
11/05/2012,ORF,VA,AEA,EN,Combined TRACON& Tower with Radar,79,86,23,6,194,0,1,12,0,13,79,87,35,6,207,0,0,0,207
11/06/2012,ORF,VA,AEA,EN,Combined TRACON& Tower with Radar,82,74,23,0,179,0,0,18,0,18,82,74,41,0,197,0,0,0,197
11/07/2012,ORF,VA,AEA,EN,Combined TRACON& Tower with Radar,84,72,25,0,181,0,0,2,0,2,84,72,27,0,183,4,0,4,187
11/08/2012,ORF,VA,AEA,EN,Combined TRACON& Tower with Radar,84,91,45,2,222,0,1,12,1,14,84,92,57,3,236,0,0,0,236
11/09/2012,ORF,VA,AEA,EN,Combined TRACON& Tower with Radar,86,90,41,3,220,0,1,26,0,27,86,91,67,3,247,12,0,12,259
11/10/2012,ORF,VA,AEA,EN,Combined TRACON& Tower with Radar,65,73,25,0,163,0,2,23,1,26,65,75,48,1,189,26,0,26,215
11/11/2012,ORF,VA,AEA,EN,Combined TRACON& Tower with Radar,73,85,40,0,198,0,0,19,0,19,73,85,59,0,217,0,0,0,217
11/12/2012,ORF,VA,AEA,EN,Combined TRACON& Tower with Radar,83,88,56,0,227,0,0,25,1,26,83,88,81,1,253,0,0,0,253
11/13/2012,ORF,VA,AEA,EN,Combined TRACON& Tower with Radar,84,81,34,2,201,0,0,9,4,13,84,81,43,6,214,0,0,0,214
11/14/2012,ORF,VA,AEA,EN,Combined TRACON& Tower with Radar,84,99,42,0,225,0,0,11,0,11,84,99,53,0,236,0,0,0,236
11/15/2012,ORF,VA,AEA,EN,Combined TRACON& Tower with Radar,79,98,37,3,217,0,0,9,1,10,79,98,46,4,227,0,0,0,227
11/16/2012,ORF,VA,AEA,EN,Combined TRACON& Tower with Radar,86,104,57,4,251,0,1,17,6,24,86,105,74,10,275,12,0,12,287
11/17/2012,ORF,VA,AEA,EN,Combined TRACON& Tower with Radar,67,73,25,1,166,0,0,28,5,33,67,73,53,6,199,8,0,8,207
11/18/2012,ORF,VA,AEA,EN,Combined TRACON& Tower with Radar,72,79,19,0,170,0,0,0,0,0,72,79,19,0,170,0,0,0,170
11/19/2012,ORF,VA,AEA,EN,Combined TRACON& Tower with Radar,75,77,33,0,185,0,0,3,2,5,75,77,36,2,190,0,0,0,190
11/20/2012,ORF,VA,AEA,EN,Combined TRACON& Tower with Radar,84,93,51,0,228,0,0,5,0,5,84,93,56,0,233,0,0,0,233
11/21/2012,ORF,VA,AEA,EN,Combined TRACON& Tower with Radar,90,89,38,0,217,0,2,16,2,20,90,91,54,2,237,8,0,8,245
11/22/2012,ORF,VA,AEA,EN,Combined TRACON& Tower with Radar,57,42,16,0,115,0,0,10,0,10,57,42,26,0,125,0,0,0,125
11/23/2012,ORF,VA,AEA,EN,Combined TRACON& Tower with Radar,69,46,22,2,139,0,0,31,0,31,69,46,53,2,170,8,0,8,178
11/24/2012,ORF,VA,AEA,EN,Combined TRACON& Tower with Radar,73,72,42,0,187,0,2,18,0,20,73,74,60,0,207,8,0,8,215
11/25/2012,ORF,VA,AEA,EN,Combined TRACON& Tower with Radar,77,93,43,0,213,0,0,28,1,29,77,93,71,1,242,0,0,0,242
11/26/2012,ORF,VA,AEA,EN,Combined TRACON& Tower with Radar,88,84,57,1,230,0,0,28,3,31,88,84,85,4,261,14,0,14,275
11/27/2012,ORF,VA,AEA,EN,Combined TRACON& Tower with Radar,76,76,42,0,194,0,0,15,0,15,76,76,57,0,209,0,0,0,209
11/28/2012,ORF,VA,AEA,EN,Combined TRACON& Tower with Radar,79,88,32,1,200,0,1,18,1,20,79,89,50,2,220,4,0,4,224
11/29/2012,ORF,VA,AEA,EN,Combined TRACON& Tower with Radar,78,86,32,1,197,0,0,21,9,30,78,86,53,10,227,0,0,0,227
11/30/2012,ORF,VA,AEA,EN,Combined TRACON& Tower with Radar,78,93,48,0,219,0,0,39,0,39,78,93,87,0,258,0,0,0,258
12/01/2012,ORF,VA,AEA,EN,Combined TRACON& Tower with Radar,68,84,28,2,182,0,0,15,0,15,68,84,43,2,197,0,0,0,197
12/02/2012,ORF,VA,AEA,EN,Combined TRACON& Tower with Radar,65,85,25,0,175,0,0,15,0,15,65,85,40,0,190,0,0,0,190
12/03/2012,ORF,VA,AEA,EN,Combined TRACON& Tower with Radar,73,98,33,1,205,0,1,8,4,13,73,99,41,5,218,0,0,0,218
12/04/2012,ORF,VA,AEA,EN,Combined TRACON& Tower with Radar,78,94,21,1,194,0,0,29,28,57,78,94,50,29,251,0,0,0,251
12/05/2012,ORF,VA,AEA,EN,Combined TRACON& Tower with Radar,80,93,27,0,200,0,3,18,2,23,80,96,45,2,223,0,10,10,233
12/06/2012,ORF,VA,AEA,EN,Combined TRACON& Tower with Radar,80,96,34,0,210,0,2,23,2,27,80,98,57,2,237,12,0,12,249
12/07/2012,ORF,VA,AEA,EN,Combined TRACON& Tower with Radar,82,95,39,0,216,0,0,20,0,20,82,95,59,0,236,0,0,0,236
12/08/2012,ORF,VA,AEA,EN,Combined TRACON& Tower with Radar,66,72,26,0,164,0,1,7,0,8,66,73,33,0,172,0,0,0,172
12/09/2012,ORF,VA,AEA,EN,Combined TRACON& Tower with Radar,67,82,34,0,183,0,0,7,0,7,67,82,41,0,190,0,0,0,190
12/10/2012,ORF,VA,AEA,EN,Combined TRACON& Tower with Radar,83,84,38,4,209,0,0,0,0,0,83,84,38,4,209,0,0,0,209
12/11/2012,ORF,VA,AEA,EN,Combined TRACON& Tower with Radar,77,88,33,0,198,0,0,5,0,5,77,88,38,0,203,0,0,0,203
12/12/2012,ORF,VA,AEA,EN,Combined TRACON& Tower with Radar,75,88,28,4,195,0,0,11,22,33,75,88,39,26,228,0,0,0,228
12/13/2012,ORF,VA,AEA,EN,Combined TRACON& Tower with Radar,80,97,30,3,210,0,0,14,4,18,80,97,44,7,228,0,0,0,228
12/14/2012,ORF,VA,AEA,EN,Combined TRACON& Tower with Radar,78,94,31,0,203,0,0,30,1,31,78,94,61,1,234,4,0,4,238
12/15/2012,ORF,VA,AEA,EN,Combined TRACON& Tower with Radar,66,60,24,0,150,0,2,30,0,32,66,62,54,0,182,0,0,0,182
12/16/2012,ORF,VA,AEA,EN,Combined TRACON& Tower with Radar,66,85,15,3,169,0,0,0,0,0,66,85,15,3,169,0,0,0,169
12/17/2012,ORF,VA,AEA,EN,Combined TRACON& Tower with Radar,82,94,18,1,195,0,0,4,0,4,82,94,22,1,199,0,0,0,199
12/18/2012,ORF,VA,AEA,EN,Combined TRACON& Tower with Radar,80,98,42,0,220,0,6,26,10,42,80,104,68,10,262,18,0,18,280
12/19/2012,ORF,VA,AEA,EN,Combined TRACON& Tower with Radar,79,97,41,0,217,0,0,33,0,33,79,97,74,0,250,0,0,0,250
12/20/2012,ORF,VA,AEA,EN,Combined TRACON& Tower with Radar,82,91,42,0,215,0,0,10,0,10,82,91,52,0,225,0,0,0,225
12/21/2012,ORF,VA,AEA,EN,Combined TRACON& Tower with Radar,90,96,21,1,208,0,0,11,0,11,90,96,32,1,219,0,0,0,219
12/22/2012,ORF,VA,AEA,EN,Combined TRACON& Tower with Radar,79,73,21,0,173,0,0,19,0,19,79,73,40,0,192,0,0,0,192
12/23/2012,ORF,VA,AEA,EN,Combined TRACON& Tower with Radar,66,77,16,0,159,0,0,31,0,31,66,77,47,0,190,0,0,0,190
12/24/2012,ORF,VA,AEA,EN,Combined TRACON& Tower with Radar,70,56,21,0,147,0,0,9,0,9,70,56,30,0,156,4,0,4,160
12/25/2012,ORF,VA,AEA,EN,Combined TRACON& Tower with Radar,52,60,13,0,125,0,0,6,0,6,52,60,19,0,131,0,0,0,131
12/26/2012,ORF,VA,AEA,EN,Combined TRACON& Tower with Radar,83,68,17,0,168,0,0,0,0,0,83,68,17,0,168,0,0,0,168
12/27/2012,ORF,VA,AEA,EN,Combined TRACON& Tower with Radar,87,94,19,0,200,0,0,10,0,10,87,94,29,0,210,0,0,0,210
12/28/2012,ORF,VA,AEA,EN,Combined TRACON& Tower with Radar,78,87,40,0,205,0,0,23,0,23,78,87,63,0,228,14,0,14,242
12/29/2012,ORF,VA,AEA,EN,Combined TRACON& Tower with Radar,65,63,8,0,136,0,0,5,0,5,65,63,13,0,141,0,0,0,141
12/30/2012,ORF,VA,AEA,EN,Combined TRACON& Tower with Radar,60,89,16,2,167,0,0,16,0,16,60,89,32,2,183,0,0,0,183
12/31/2012,ORF,VA,AEA,EN,Combined TRACON& Tower with Radar,69,70,10,0,149,0,0,10,0,10,69,70,20,0,159,0,0,0,159
01/01/2013,ORF,VA,AEA,EN,Combined TRACON& Tower with Radar,59,79,15,0,153,0,0,7,0,7,59,79,22,0,160,0,0,0,160
01/02/2013,ORF,VA,AEA,EN,Combined TRACON& Tower with Radar,82,81,22,0,185,0,0,9,0,9,82,81,31,0,194,0,0,0,194
01/03/2013,ORF,VA,AEA,EN,Combined TRACON& Tower with Radar,82,77,37,0,196,0,0,30,0,30,82,77,67,0,226,4,0,4,230
01/04/2013,ORF,VA,AEA,EN,Combined TRACON& Tower with Radar,79,84,16,0,179,0,0,16,0,16,79,84,32,0,195,4,0,4,199
01/05/2013,ORF,VA,AEA,EN,Combined TRACON& Tower with Radar,63,64,30,0,157,0,1,14,0,15,63,65,44,0,172,14,0,14,186
01/06/2013,ORF,VA,AEA,EN,Combined TRACON& Tower with Radar,62,95,28,2,187,0,1,8,0,9,62,96,36,2,196,6,0,6,202
01/07/2013,ORF,VA,AEA,EN,Combined TRACON& Tower with Radar,72,83,23,0,178,0,0,16,8,24,72,83,39,8,202,0,0,0,202
01/08/2013,ORF,VA,AEA,EN,Combined TRACON& Tower with Radar,76,80,25,0,181,0,0,28,9,37,76,80,53,9,218,0,0,0,218
01/09/2013,ORF,VA,AEA,EN,Combined TRACON& Tower with Radar,80,81,24,0,185,0,0,17,10,27,80,81,41,10,212,8,0,8,220
01/10/2013,ORF,VA,AEA,EN,Combined TRACON& Tower with Radar,77,92,28,0,197,0,0,22,9,31,77,92,50,9,228,0,0,0,228
01/11/2013,ORF,VA,AEA,EN,Combined TRACON& Tower with Radar,84,88,19,4,195,0,0,15,8,23,84,88,34,12,218,10,0,10,228
01/12/2013,ORF,VA,AEA,EN,Combined TRACON& Tower with Radar,60,66,18,0,144,0,0,2,0,2,60,66,20,0,146,0,0,0,146
01/13/2013,ORF,VA,AEA,EN,Combined TRACON& Tower with Radar,65,69,15,0,149,0,0,21,0,21,65,69,36,0,170,0,0,0,170
01/14/2013,ORF,VA,AEA,EN,Combined TRACON& Tower with Radar,69,85,27,2,183,0,0,14,8,22,69,85,41,10,205,0,0,0,205
01/15/2013,ORF,VA,AEA,EN,Combined TRACON& Tower with Radar,75,83,26,0,184,0,0,4,8,12,75,83,30,8,196,0,0,0,196
01/16/2013,ORF,VA,AEA,EN,Combined TRACON& Tower with Radar,90,90,30,0,210,0,0,0,0,0,90,90,30,0,210,0,0,0,210
01/17/2013,ORF,VA,AEA,EN,Combined TRACON& Tower with Radar,82,84,17,0,183,0,0,0,4,4,82,84,17,4,187,0,0,0,187
01/18/2013,ORF,VA,AEA,EN,Combined TRACON& Tower with Radar,82,100,36,0,218,0,0,23,0,23,82,100,59,0,241,28,0,28,269
01/19/2013,ORF,VA,AEA,EN,Combined TRACON& Tower with Radar,62,66,28,0,156,0,0,26,0,26,62,66,54,0,182,6,0,6,188
01/20/2013,ORF,VA,AEA,EN,Combined TRACON& Tower with Radar,67,82,31,0,180,0,0,41,6,47,67,82,72,6,227,30,0,30,257
01/21/2013,ORF,VA,AEA,EN,Combined TRACON& Tower with Radar,73,78,36,0,187,0,0,25,0,25,73,78,61,0,212,4,0,4,216
01/22/2013,ORF,VA,AEA,EN,Combined TRACON& Tower with Radar,79,77,26,0,182,0,0,9,0,9,79,77,35,0,191,26,0,26,217
01/23/2013,ORF,VA,AEA,EN,Combined TRACON& Tower with Radar,81,77,23,0,181,0,0,24,2,26,81,77,47,2,207,0,0,0,207
01/24/2013,ORF,VA,AEA,EN,Combined TRACON& Tower with Radar,82,82,23,4,191,0,0,4,0,4,82,82,27,4,195,0,0,0,195
01/25/2013,ORF,VA,AEA,EN,Combined TRACON& Tower with Radar,78,80,17,0,175,0,0,4,1,5,78,80,21,1,180,0,0,0,180
01/26/2013,ORF,VA,AEA,EN,Combined TRACON& Tower with Radar,62,60,19,0,141,0,0,5,1,6,62,60,24,1,147,0,0,0,147
01/27/2013,ORF,VA,AEA,EN,Combined TRACON& Tower with Radar,67,86,22,0,175,0,0,16,1,17,67,86,38,1,192,0,0,0,192
01/28/2013,ORF,VA,AEA,EN,Combined TRACON& Tower with Radar,75,92,23,0,190,0,0,12,0,12,75,92,35,0,202,24,0,24,226
01/29/2013,ORF,VA,AEA,EN,Combined TRACON& Tower with Radar,75,83,31,2,191,0,0,14,1,15,75,83,45,3,206,0,0,0,206
01/30/2013,ORF,VA,AEA,EN,Combined TRACON& Tower with Radar,75,88,16,4,183,0,0,16,4,20,75,88,32,8,203,0,0,0,203
01/31/2013,ORF,VA,AEA,EN,Combined TRACON& Tower with Radar,85,76,21,0,182,0,0,16,1,17,85,76,37,1,199,12,0,12,211
02/01/2013,ORF,VA,AEA,EN,Combined TRACON& Tower with Radar,82,88,37,0,207,0,0,15,1,16,82,88,52,1,223,12,0,12,235
02/02/2013,ORF,VA,AEA,EN,Combined TRACON& Tower with Radar,64,59,25,1,149,0,0,23,1,24,64,59,48,2,173,0,0,0,173
02/03/2013,ORF,VA,AEA,EN,Combined TRACON& Tower with Radar,62,75,12,0,149,0,1,45,2,48,62,76,57,2,197,16,0,16,213
02/04/2013,ORF,VA,AEA,EN,Combined TRACON& Tower with Radar,71,83,41,0,195,0,0,19,10,29,71,83,60,10,224,12,0,12,236
02/05/2013,ORF,VA,AEA,EN,Combined TRACON& Tower with Radar,82,83,31,1,197,0,0,13,2,15,82,83,44,3,212,5,0,5,217
02/06/2013,ORF,VA,AEA,EN,Combined TRACON& Tower with Radar,83,87,38,0,208,0,0,33,5,38,83,87,71,5,246,0,0,0,246
02/07/2013,ORF,VA,AEA,EN,Combined TRACON& Tower with Radar,78,98,33,5,214,0,0,17,6,23,78,98,50,11,237,14,0,14,251
02/08/2013,ORF,VA,AEA,EN,Combined TRACON& Tower with Radar,78,77,25,0,180,0,0,4,4,8,78,77,29,4,188,22,0,22,210
02/09/2013,ORF,VA,AEA,EN,Combined TRACON& Tower with Radar,65,72,24,0,161,0,0,12,0,12,65,72,36,0,173,0,0,0,173
02/10/2013,ORF,VA,AEA,EN,Combined TRACON& Tower with Radar,66,79,34,0,179,0,0,50,10,60,66,79,84,10,239,14,0,14,253
02/11/2013,ORF,VA,AEA,EN,Combined TRACON& Tower with Radar,77,81,17,0,175,0,0,3,0,3,77,81,20,0,178,0,0,0,178
02/12/2013,ORF,VA,AEA,EN,Combined TRACON& Tower with Radar,78,88,34,1,201,0,0,16,2,18,78,88,50,3,219,0,0,0,219
02/13/2013,ORF,VA,AEA,EN,Combined TRACON& Tower with Radar,80,79,23,0,182,0,0,4,0,4,80,79,27,0,186,0,0,0,186
02/14/2013,ORF,VA,AEA,EN,Combined TRACON& Tower with Radar,83,83,38,0,204,0,0,16,1,17,83,83,54,1,221,3,0,3,224
02/15/2013,ORF,VA,AEA,EN,Combined TRACON& Tower with Radar,86,89,51,0,226,0,0,20,0,20,86,89,71,0,246,9,0,9,255
02/16/2013,ORF,VA,AEA,EN,Combined TRACON& Tower with Radar,70,55,6,0,131,0,0,1,2,3,70,55,7,2,134,0,0,0,134
02/17/2013,ORF,VA,AEA,EN,Combined TRACON& Tower with Radar,67,67,21,2,157,0,0,6,0,6,67,67,27,2,163,0,0,0,163
02/18/2013,ORF,VA,AEA,EN,Combined TRACON& Tower with Radar,79,81,18,0,178,0,0,24,0,24,79,81,42,0,202,12,0,12,214
02/19/2013,ORF,VA,AEA,EN,Combined TRACON& Tower with Radar,78,82,15,0,175,0,0,11,0,11,78,82,26,0,186,0,0,0,186
02/20/2013,ORF,VA,AEA,EN,Combined TRACON& Tower with Radar,81,84,35,0,200,0,1,9,0,10,81,85,44,0,210,38,0,38,248
02/21/2013,ORF,VA,AEA,EN,Combined TRACON& Tower with Radar,83,92,24,2,201,0,1,14,0,15,83,93,38,2,216,8,0,8,224
02/22/2013,ORF,VA,AEA,EN,Combined TRACON& Tower with Radar,82,76,32,0,190,0,0,19,6,25,82,76,51,6,215,68,0,68,283
02/23/2013,ORF,VA,AEA,EN,Combined TRACON& Tower with Radar,67,62,10,0,139,0,0,0,0,0,67,62,10,0,139,0,0,0,139
02/24/2013,ORF,VA,AEA,EN,Combined TRACON& Tower with Radar,72,92,38,0,202,0,0,18,0,18,72,92,56,0,220,8,0,8,228
02/25/2013,ORF,VA,AEA,EN,Combined TRACON& Tower with Radar,80,80,26,0,186,0,0,28,6,34,80,80,54,6,220,30,0,30,250
02/26/2013,ORF,VA,AEA,EN,Combined TRACON& Tower with Radar,85,81,19,0,185,0,0,0,0,0,85,81,19,0,185,0,0,0,185
02/27/2013,ORF,VA,AEA,EN,Combined TRACON& Tower with Radar,80,84,35,0,199,0,0,12,1,13,80,84,47,1,212,8,0,8,220
02/28/2013,ORF,VA,AEA,EN,Combined TRACON& Tower with Radar,83,85,29,0,197,0,0,20,0,20,83,85,49,0,217,0,0,0,217
03/01/2013,ORF,VA,AEA,EN,Combined TRACON& Tower with Radar,86,91,31,0,208,0,0,12,3,15,86,91,43,3,223,1,0,1,224
03/02/2013,ORF,VA,AEA,EN,Combined TRACON& Tower with Radar,67,76,31,0,174,0,0,22,0,22,67,76,53,0,196,14,0,14,210
03/03/2013,ORF,VA,AEA,EN,Combined TRACON& Tower with Radar,69,88,23,0,180,0,0,28,0,28,69,88,51,0,208,4,0,4,212
03/04/2013,ORF,VA,AEA,EN,Combined TRACON& Tower with Radar,76,89,34,0,199,0,1,24,0,25,76,90,58,0,224,12,0,12,236
03/05/2013,ORF,VA,AEA,EN,Combined TRACON& Tower with Radar,73,94,22,0,189,0,0,11,0,11,73,94,33,0,200,4,0,4,204
03/06/2013,ORF,VA,AEA,EN,Combined TRACON& Tower with Radar,88,62,12,0,162,0,0,0,0,0,88,62,12,0,162,0,0,0,162
03/07/2013,ORF,VA,AEA,EN,Combined TRACON& Tower with Radar,77,86,22,0,185,0,0,17,4,21,77,86,39,4,206,0,0,0,206
03/08/2013,ORF,VA,AEA,EN,Combined TRACON& Tower with Radar,76,79,27,0,182,0,0,14,0,14,76,79,41,0,196,46,0,46,242
03/09/2013,ORF,VA,AEA,EN,Combined TRACON& Tower with Radar,70,77,22,0,169,0,0,23,0,23,70,77,45,0,192,0,0,0,192
03/10/2013,ORF,VA,AEA,EN,Combined TRACON& Tower with Radar,73,87,42,0,202,0,0,39,0,39,73,87,81,0,241,2,0,2,243
03/11/2013,ORF,VA,AEA,EN,Combined TRACON& Tower with Radar,77,89,34,1,201,0,0,16,1,17,77,89,50,2,218,22,0,22,240
03/12/2013,ORF,VA,AEA,EN,Combined TRACON& Tower with Radar,80,86,24,0,190,0,0,2,0,2,80,86,26,0,192,4,0,4,196
03/13/2013,ORF,VA,AEA,EN,Combined TRACON& Tower with Radar,87,89,55,2,233,0,0,21,0,21,87,89,76,2,254,28,0,28,282
03/14/2013,ORF,VA,AEA,EN,Combined TRACON& Tower with Radar,81,113,25,1,220,0,4,24,0,28,81,117,49,1,248,0,0,0,248
03/15/2013,ORF,VA,AEA,EN,Combined TRACON& Tower with Radar,84,93,26,1,204,0,0,30,2,32,84,93,56,3,236,0,0,0,236
03/16/2013,ORF,VA,AEA,EN,Combined TRACON& Tower with Radar,68,76,17,1,162,0,0,15,0,15,68,76,32,1,177,20,0,20,197
03/17/2013,ORF,VA,AEA,EN,Combined TRACON& Tower with Radar,71,97,21,0,189,0,0,0,0,0,71,97,21,0,189,0,0,0,189
03/18/2013,ORF,VA,AEA,EN,Combined TRACON& Tower with Radar,75,74,26,1,176,0,0,1,0,1,75,74,27,1,177,0,0,0,177
03/19/2013,ORF,VA,AEA,EN,Combined TRACON& Tower with Radar,86,93,22,0,201,0,0,9,0,9,86,93,31,0,210,0,0,0,210
03/20/2013,ORF,VA,AEA,EN,Combined TRACON& Tower with Radar,87,79,37,0,203,0,0,29,0,29,87,79,66,0,232,22,0,22,254
03/21/2013,ORF,VA,AEA,EN,Combined TRACON& Tower with Radar,82,83,28,0,193,0,0,2,0,2,82,83,30,0,195,0,0,0,195
03/22/2013,ORF,VA,AEA,EN,Combined TRACON& Tower with Radar,82,93,52,0,227,0,1,25,0,26,82,94,77,0,253,28,0,28,281
03/23/2013,ORF,VA,AEA,EN,Combined TRACON& Tower with Radar,62,71,31,0,164,0,1,23,0,24,62,72,54,0,188,0,0,0,188
03/24/2013,ORF,VA,AEA,EN,Combined TRACON& Tower with Radar,73,96,19,0,188,0,0,0,0,0,73,96,19,0,188,0,0,0,188
03/25/2013,ORF,VA,AEA,EN,Combined TRACON& Tower with Radar,77,79,28,0,184,0,0,2,0,2,77,79,30,0,186,0,0,0,186
03/26/2013,ORF,VA,AEA,EN,Combined TRACON& Tower with Radar,82,89,20,2,193,0,0,12,1,13,82,89,32,3,206,10,0,10,216
03/27/2013,ORF,VA,AEA,EN,Combined TRACON& Tower with Radar,84,94,57,0,235,0,0,15,3,18,84,94,72,3,253,0,0,0,253
03/28/2013,ORF,VA,AEA,EN,Combined TRACON& Tower with Radar,82,90,45,1,218,0,1,27,0,28,82,91,72,1,246,18,0,18,264
03/29/2013,ORF,VA,AEA,EN,Combined TRACON& Tower with Radar,88,89,30,0,207,0,0,24,0,24,88,89,54,0,231,14,0,14,245
03/30/2013,ORF,VA,AEA,EN,Combined TRACON& Tower with Radar,64,69,32,0,165,0,0,24,2,26,64,69,56,2,191,0,0,0,191
03/31/2013,ORF,VA,AEA,EN,Combined TRACON& Tower with Radar,76,83,24,0,183,0,0,9,0,9,76,83,33,0,192,0,0,0,192
04/01/2013,ORF,VA,AEA,EN,Combined TRACON& Tower with Radar,82,78,20,0,180,0,0,12,10,22,82,78,32,10,202,8,2,10,212
04/02/2013,ORF,VA,AEA,EN,Combined TRACON& Tower with Radar,90,83,18,1,192,0,0,28,1,29,90,83,46,2,221,10,0,10,231
04/03/2013,ORF,VA,AEA,EN,Combined TRACON& Tower with Radar,90,89,34,1,214,0,0,24,0,24,90,89,58,1,238,34,0,34,272
04/04/2013,ORF,VA,AEA,EN,Combined TRACON& Tower with Radar,86,85,27,0,198,0,0,22,0,22,86,85,49,0,220,0,0,0,220
04/05/2013,ORF,VA,AEA,EN,Combined TRACON& Tower with Radar,86,99,29,0,214,0,0,5,0,5,86,99,34,0,219,30,0,30,249
04/06/2013,ORF,VA,AEA,EN,Combined TRACON& Tower with Radar,69,73,21,0,163,0,2,19,0,21,69,75,40,0,184,0,0,0,184
04/07/2013,ORF,VA,AEA,EN,Combined TRACON& Tower with Radar,76,89,24,0,189,0,0,23,0,23,76,89,47,0,212,2,0,2,214
04/08/2013,ORF,VA,AEA,EN,Combined TRACON& Tower with Radar,82,83,26,1,192,0,0,17,0,17,82,83,43,1,209,0,0,0,209
04/09/2013,ORF,VA,AEA,EN,Combined TRACON& Tower with Radar,84,93,26,2,205,0,1,11,1,13,84,94,37,3,218,0,0,0,218
04/10/2013,ORF,VA,AEA,EN,Combined TRACON& Tower with Radar,84,73,40,1,198,0,0,18,0,18,84,73,58,1,216,0,0,0,216
04/11/2013,ORF,VA,AEA,EN,Combined TRACON& Tower with Radar,81,98,32,1,212,0,0,30,0,30,81,98,62,1,242,18,0,18,260
04/12/2013,ORF,VA,AEA,EN,Combined TRACON& Tower with Radar,86,85,18,0,189,0,0,13,0,13,86,85,31,0,202,12,0,12,214
04/13/2013,ORF,VA,AEA,EN,Combined TRACON& Tower with Radar,71,77,22,0,170,0,0,26,0,26,71,77,48,0,196,0,0,0,196
04/14/2013,ORF,VA,AEA,EN,Combined TRACON& Tower with Radar,76,89,29,0,194,0,0,19,0,19,76,89,48,0,213,0,0,0,213
04/15/2013,ORF,VA,AEA,EN,Combined TRACON& Tower with Radar,78,94,32,0,204,0,0,12,0,12,78,94,44,0,216,0,0,0,216
04/16/2013,ORF,VA,AEA,EN,Combined TRACON& Tower with Radar,86,87,42,2,217,0,0,9,0,9,86,87,51,2,226,0,0,0,226
04/17/2013,ORF,VA,AEA,EN,Combined TRACON& Tower with Radar,85,87,41,0,213,0,0,18,0,18,85,87,59,0,231,0,0,0,231
04/18/2013,ORF,VA,AEA,EN,Combined TRACON& Tower with Radar,86,80,44,0,210,0,0,27,0,27,86,80,71,0,237,10,0,10,247
04/19/2013,ORF,VA,AEA,EN,Combined TRACON& Tower with Radar,84,91,21,0,196,0,0,4,0,4,84,91,25,0,200,3,0,3,203
04/20/2013,ORF,VA,AEA,EN,Combined TRACON& Tower with Radar,71,75,27,0,173,0,0,14,0,14,71,75,41,0,187,0,0,0,187
04/21/2013,ORF,VA,AEA,EN,Combined TRACON& Tower with Radar,76,99,27,0,202,0,0,21,0,21,76,99,48,0,223,0,0,0,223
04/22/2013,ORF,VA,AEA,EN,Combined TRACON& Tower with Radar,83,84,16,0,183,0,0,0,64,64,83,84,16,64,247,0,0,0,247
04/23/2013,ORF,VA,AEA,EN,Combined TRACON& Tower with Radar,88,87,27,0,202,0,0,5,0,5,88,87,32,0,207,0,0,0,207
04/24/2013,ORF,VA,AEA,EN,Combined TRACON& Tower with Radar,84,84,22,0,190,0,1,12,1,14,84,85,34,1,204,0,0,0,204
04/25/2013,ORF,VA,AEA,EN,Combined TRACON& Tower with Radar,89,98,51,0,238,0,0,29,0,29,89,98,80,0,267,4,0,4,271
04/26/2013,ORF,VA,AEA,EN,Combined TRACON& Tower with Radar,86,83,38,0,207,0,0,42,0,42,86,83,80,0,249,0,0,0,249
04/27/2013,ORF,VA,AEA,EN,Combined TRACON& Tower with Radar,66,71,17,0,154,0,0,27,0,27,66,71,44,0,181,0,0,0,181
04/28/2013,ORF,VA,AEA,EN,Combined TRACON& Tower with Radar,77,95,35,0,207,0,0,15,0,15,77,95,50,0,222,0,0,0,222
04/29/2013,ORF,VA,AEA,EN,Combined TRACON& Tower with Radar,82,87,23,0,192,0,0,0,0,0,82,87,23,0,192,0,0,0,192
04/30/2013,ORF,VA,AEA,EN,Combined TRACON& Tower with Radar,94,91,32,2,219,0,0,1,0,1,94,91,33,2,220,0,0,0,220
05/01/2013,ORF,VA,AEA,EN,Combined TRACON& Tower with Radar,93,85,25,0,203,0,0,3,0,3,93,85,28,0,206,0,0,0,206
05/02/2013,ORF,VA,AEA,EN,Combined TRACON& Tower with Radar,94,74,53,1,222,0,0,14,1,15,94,74,67,2,237,0,0,0,237
05/03/2013,ORF,VA,AEA,EN,Combined TRACON& Tower with Radar,96,89,27,0,212,0,0,17,1,18,96,89,44,1,230,16,0,16,246
05/04/2013,ORF,VA,AEA,EN,Combined TRACON& Tower with Radar,76,64,31,0,171,0,0,3,0,3,76,64,34,0,174,0,0,0,174
05/05/2013,ORF,VA,AEA,EN,Combined TRACON& Tower with Radar,80,95,19,0,194,0,0,8,1,9,80,95,27,1,203,0,0,0,203
05/06/2013,ORF,VA,AEA,EN,Combined TRACON& Tower with Radar,91,88,38,0,217,0,0,9,0,9,91,88,47,0,226,0,0,0,226
05/07/2013,ORF,VA,AEA,EN,Combined TRACON& Tower with Radar,93,92,38,0,223,0,0,15,0,15,93,92,53,0,238,0,0,0,238
05/08/2013,ORF,VA,AEA,EN,Combined TRACON& Tower with Radar,101,74,53,0,228,0,0,19,0,19,101,74,72,0,247,0,0,0,247
05/09/2013,ORF,VA,AEA,EN,Combined TRACON& Tower with Radar,91,96,46,2,235,0,0,24,0,24,91,96,70,2,259,0,0,0,259
05/10/2013,ORF,VA,AEA,EN,Combined TRACON& Tower with Radar,97,85,36,0,218,0,0,28,0,28,97,85,64,0,246,0,0,0,246
05/11/2013,ORF,VA,AEA,EN,Combined TRACON& Tower with Radar,82,56,16,0,154,0,0,16,1,17,82,56,32,1,171,0,0,0,171
05/12/2013,ORF,VA,AEA,EN,Combined TRACON& Tower with Radar,84,80,33,0,197,0,0,22,0,22,84,80,55,0,219,0,0,0,219
05/13/2013,ORF,VA,AEA,EN,Combined TRACON& Tower with Radar,92,83,24,1,200,0,0,26,0,26,92,83,50,1,226,2,0,2,228
05/14/2013,ORF,VA,AEA,EN,Combined TRACON& Tower with Radar,94,91,38,0,223,0,2,36,0,38,94,93,74,0,261,18,0,18,279
05/15/2013,ORF,VA,AEA,EN,Combined TRACON& Tower with Radar,94,95,15,1,205,0,0,24,1,25,94,95,39,2,230,0,0,0,230
05/16/2013,ORF,VA,AEA,EN,Combined TRACON& Tower with Radar,96,83,34,1,214,0,0,31,4,35,96,83,65,5,249,12,0,12,261
05/17/2013,ORF,VA,AEA,EN,Combined TRACON& Tower with Radar,97,89,35,0,221,0,1,26,0,27,97,90,61,0,248,12,0,12,260
05/18/2013,ORF,VA,AEA,EN,Combined TRACON& Tower with Radar,82,58,22,0,162,0,0,5,0,5,82,58,27,0,167,0,0,0,167
05/19/2013,ORF,VA,AEA,EN,Combined TRACON& Tower with Radar,82,93,31,0,206,0,0,4,1,5,82,93,35,1,211,0,0,0,211
05/20/2013,ORF,VA,AEA,EN,Combined TRACON& Tower with Radar,89,77,22,2,190,0,0,12,1,13,89,77,34,3,203,18,0,18,221
05/21/2013,ORF,VA,AEA,EN,Combined TRACON& Tower with Radar,95,82,28,0,205,0,0,2,0,2,95,82,30,0,207,0,0,0,207
05/22/2013,ORF,VA,AEA,EN,Combined TRACON& Tower with Radar,94,82,39,2,217,1,3,14,0,18,95,85,53,2,235,0,0,0,235
05/23/2013,ORF,VA,AEA,EN,Combined TRACON& Tower with Radar,91,73,14,0,178,0,0,2,6,8,91,73,16,6,186,0,0,0,186
05/24/2013,ORF,VA,AEA,EN,Combined TRACON& Tower with Radar,99,87,39,0,225,0,0,6,0,6,99,87,45,0,231,0,0,0,231
05/25/2013,ORF,VA,AEA,EN,Combined TRACON& Tower with Radar,76,59,22,0,157,0,0,7,0,7,76,59,29,0,164,0,0,0,164
05/26/2013,ORF,VA,AEA,EN,Combined TRACON& Tower with Radar,66,75,21,0,162,0,0,26,0,26,66,75,47,0,188,0,0,0,188
05/27/2013,ORF,VA,AEA,EN,Combined TRACON& Tower with Radar,78,76,23,0,177,0,0,31,0,31,78,76,54,0,208,0,0,0,208
05/28/2013,ORF,VA,AEA,EN,Combined TRACON& Tower with Radar,90,85,27,0,202,0,0,12,0,12,90,85,39,0,214,0,0,0,214
05/29/2013,ORF,VA,AEA,EN,Combined TRACON& Tower with Radar,95,96,41,0,232,0,0,36,0,36,95,96,77,0,268,0,0,0,268
05/30/2013,ORF,VA,AEA,EN,Combined TRACON& Tower with Radar,94,79,34,0,207,0,0,57,3,60,94,79,91,3,267,3,0,3,270
05/31/2013,ORF,VA,AEA,EN,Combined TRACON& Tower with Radar,99,83,34,0,216,0,0,60,4,64,99,83,94,4,280,0,0,0,280
06/01/2013,ORF,VA,AEA,EN,Combined TRACON& Tower with Radar,80,62,23,0,165,0,1,52,4,57,80,63,75,4,222,0,0,0,222
06/02/2013,ORF,VA,AEA,EN,Combined TRACON& Tower with Radar,75,80,21,1,177,0,0,54,6,60,75,80,75,7,237,0,0,0,237
06/03/2013,ORF,VA,AEA,EN,Combined TRACON& Tower with Radar,89,80,22,0,191,0,0,7,1,8,89,80,29,1,199,1,0,1,200
06/04/2013,ORF,VA,AEA,EN,Combined TRACON& Tower with Radar,94,86,33,0,213,0,0,32,0,32,94,86,65,0,245,0,0,0,245
06/05/2013,ORF,VA,AEA,EN,Combined TRACON& Tower with Radar,92,82,29,0,203,0,0,33,0,33,92,82,62,0,236,0,0,0,236
06/06/2013,ORF,VA,AEA,EN,Combined TRACON& Tower with Radar,92,92,42,1,227,0,0,19,8,27,92,92,61,9,254,0,0,0,254
06/07/2013,ORF,VA,AEA,EN,Combined TRACON& Tower with Radar,88,88,9,0,185,0,0,2,1,3,88,88,11,1,188,4,0,4,192
06/08/2013,ORF,VA,AEA,EN,Combined TRACON& Tower with Radar,82,77,12,0,171,0,0,34,0,34,82,77,46,0,205,4,0,4,209
06/09/2013,ORF,VA,AEA,EN,Combined TRACON& Tower with Radar,81,87,24,0,192,0,0,16,0,16,81,87,40,0,208,0,0,0,208
06/10/2013,ORF,VA,AEA,EN,Combined TRACON& Tower with Radar,94,77,14,0,185,0,0,24,0,24,94,77,38,0,209,5,0,5,214
06/11/2013,ORF,VA,AEA,EN,Combined TRACON& Tower with Radar,103,84,37,0,224,0,0,11,0,11,103,84,48,0,235,0,0,0,235
06/12/2013,ORF,VA,AEA,EN,Combined TRACON& Tower with Radar,101,85,36,0,222,0,0,32,0,32,101,85,68,0,254,0,0,0,254
06/13/2013,ORF,VA,AEA,EN,Combined TRACON& Tower with Radar,84,79,24,2,189,0,0,14,0,14,84,79,38,2,203,12,0,12,215
06/14/2013,ORF,VA,AEA,EN,Combined TRACON& Tower with Radar,103,83,44,1,231,0,0,21,31,52,103,83,65,32,283,3,0,3,286
06/15/2013,ORF,VA,AEA,EN,Combined TRACON& Tower with Radar,94,84,25,2,205,0,0,25,0,25,94,84,50,2,230,0,0,0,230
06/16/2013,ORF,VA,AEA,EN,Combined TRACON& Tower with Radar,92,79,23,0,194,0,0,7,0,7,92,79,30,0,201,0,0,0,201
06/17/2013,ORF,VA,AEA,EN,Combined TRACON& Tower with Radar,88,82,20,2,192,0,0,12,6,18,88,82,32,8,210,10,0,10,220
06/18/2013,ORF,VA,AEA,EN,Combined TRACON& Tower with Radar,103,88,31,0,222,0,0,5,0,5,103,88,36,0,227,0,0,0,227
06/19/2013,ORF,VA,AEA,EN,Combined TRACON& Tower with Radar,100,90,34,0,224,0,0,15,0,15,100,90,49,0,239,0,0,0,239
06/20/2013,ORF,VA,AEA,EN,Combined TRACON& Tower with Radar,95,91,30,0,216,0,0,18,0,18,95,91,48,0,234,0,0,0,234
06/21/2013,ORF,VA,AEA,EN,Combined TRACON& Tower with Radar,98,88,37,2,225,0,0,14,0,14,98,88,51,2,239,0,0,0,239
06/22/2013,ORF,VA,AEA,EN,Combined TRACON& Tower with Radar,94,74,17,0,185,0,0,15,0,15,94,74,32,0,200,0,0,0,200
06/23/2013,ORF,VA,AEA,EN,Combined TRACON& Tower with Radar,92,89,26,0,207,0,0,20,0,20,92,89,46,0,227,0,0,0,227
06/24/2013,ORF,VA,AEA,EN,Combined TRACON& Tower with Radar,94,71,42,0,207,0,0,17,0,17,94,71,59,0,224,0,0,0,224
06/25/2013,ORF,VA,AEA,EN,Combined TRACON& Tower with Radar,104,84,43,0,231,0,1,19,0,20,104,85,62,0,251,0,0,0,251
06/26/2013,ORF,VA,AEA,EN,Combined TRACON& Tower with Radar,101,81,39,1,222,0,0,23,0,23,101,81,62,1,245,10,0,10,255
06/27/2013,ORF,VA,AEA,EN,Combined TRACON& Tower with Radar,96,79,41,0,216,0,1,18,0,19,96,80,59,0,235,50,0,50,285
06/28/2013,ORF,VA,AEA,EN,Combined TRACON& Tower with Radar,98,83,46,2,229,0,0,11,0,11,98,83,57,2,240,0,0,0,240
06/29/2013,ORF,VA,AEA,EN,Combined TRACON& Tower with Radar,96,71,10,0,177,0,0,10,0,10,96,71,20,0,187,0,0,0,187
06/30/2013,ORF,VA,AEA,EN,Combined TRACON& Tower with Radar,88,71,24,0,183,0,0,6,0,6,88,71,30,0,189,0,0,0,189
07/01/2013,ORF,VA,AEA,EN,Combined TRACON& Tower with Radar,89,71,20,0,180,0,0,8,0,8,89,71,28,0,188,0,0,0,188
07/02/2013,ORF,VA,AEA,EN,Combined TRACON& Tower with Radar,97,78,29,0,204,0,0,8,0,8,97,78,37,0,212,0,0,0,212
07/03/2013,ORF,VA,AEA,EN,Combined TRACON& Tower with Radar,93,82,30,0,205,0,0,20,0,20,93,82,50,0,225,11,0,11,236
07/04/2013,ORF,VA,AEA,EN,Combined TRACON& Tower with Radar,71,57,21,0,149,0,0,10,14,24,71,57,31,14,173,2,0,2,175
07/05/2013,ORF,VA,AEA,EN,Combined TRACON& Tower with Radar,85,71,25,0,181,0,0,32,0,32,85,71,57,0,213,39,0,39,252
07/06/2013,ORF,VA,AEA,EN,Combined TRACON& Tower with Radar,95,73,23,0,191,0,2,25,0,27,95,75,48,0,218,22,0,22,240
07/07/2013,ORF,VA,AEA,EN,Combined TRACON& Tower with Radar,89,93,30,0,212,0,0,24,0,24,89,93,54,0,236,0,0,0,236
07/08/2013,ORF,VA,AEA,EN,Combined TRACON& Tower with Radar,94,76,29,0,199,0,0,14,0,14,94,76,43,0,213,0,0,0,213
07/09/2013,ORF,VA,AEA,EN,Combined TRACON& Tower with Radar,97,90,42,0,229,0,0,24,4,28,97,90,66,4,257,0,0,0,257
07/10/2013,ORF,VA,AEA,EN,Combined TRACON& Tower with Radar,89,82,47,0,218,0,0,19,6,25,89,82,66,6,243,12,0,12,255
07/11/2013,ORF,VA,AEA,EN,Combined TRACON& Tower with Radar,98,75,38,0,211,0,0,18,0,18,98,75,56,0,229,14,0,14,243
07/12/2013,ORF,VA,AEA,EN,Combined TRACON& Tower with Radar,98,93,34,0,225,0,0,8,0,8,98,93,42,0,233,16,0,16,249
07/13/2013,ORF,VA,AEA,EN,Combined TRACON& Tower with Radar,89,79,18,0,186,0,0,13,0,13,89,79,31,0,199,5,0,5,204
07/14/2013,ORF,VA,AEA,EN,Combined TRACON& Tower with Radar,95,83,28,0,206,0,0,17,0,17,95,83,45,0,223,8,0,8,231
07/15/2013,ORF,VA,AEA,EN,Combined TRACON& Tower with Radar,96,79,49,0,224,0,1,28,0,29,96,80,77,0,253,6,4,10,263
07/16/2013,ORF,VA,AEA,EN,Combined TRACON& Tower with Radar,98,80,35,0,213,0,0,19,3,22,98,80,54,3,235,0,0,0,235
07/17/2013,ORF,VA,AEA,EN,Combined TRACON& Tower with Radar,93,77,39,0,209,0,0,33,2,35,93,77,72,2,244,6,0,6,250
07/18/2013,ORF,VA,AEA,EN,Combined TRACON& Tower with Radar,103,74,32,5,214,0,0,32,0,32,103,74,64,5,246,2,0,2,248
07/19/2013,ORF,VA,AEA,EN,Combined TRACON& Tower with Radar,103,82,42,0,227,0,0,29,0,29,103,82,71,0,256,0,0,0,256
07/20/2013,ORF,VA,AEA,EN,Combined TRACON& Tower with Radar,93,74,19,0,186,0,0,12,0,12,93,74,31,0,198,0,0,0,198
07/21/2013,ORF,VA,AEA,EN,Combined TRACON& Tower with Radar,97,74,20,2,193,0,0,24,1,25,97,74,44,3,218,0,0,0,218
07/22/2013,ORF,VA,AEA,EN,Combined TRACON& Tower with Radar,99,70,41,1,211,0,0,15,0,15,99,70,56,1,226,0,0,0,226
07/23/2013,ORF,VA,AEA,EN,Combined TRACON& Tower with Radar,99,77,41,1,218,0,0,17,0,17,99,77,58,1,235,6,0,6,241
07/24/2013,ORF,VA,AEA,EN,Combined TRACON& Tower with Radar,95,79,44,0,218,0,0,25,6,31,95,79,69,6,249,0,0,0,249
07/25/2013,ORF,VA,AEA,EN,Combined TRACON& Tower with Radar,98,82,23,1,204,0,0,14,2,16,98,82,37,3,220,2,0,2,222
07/26/2013,ORF,VA,AEA,EN,Combined TRACON& Tower with Radar,95,84,55,1,235,0,0,24,1,25,95,84,79,2,260,6,0,6,266
07/27/2013,ORF,VA,AEA,EN,Combined TRACON& Tower with Radar,95,69,14,0,178,0,0,34,0,34,95,69,48,0,212,5,0,5,217
07/28/2013,ORF,VA,AEA,EN,Combined TRACON& Tower with Radar,93,76,35,1,205,0,0,13,0,13,93,76,48,1,218,9,0,9,227
07/29/2013,ORF,VA,AEA,EN,Combined TRACON& Tower with Radar,96,78,45,2,221,0,0,22,0,22,96,78,67,2,243,6,0,6,249
07/30/2013,ORF,VA,AEA,EN,Combined TRACON& Tower with Radar,100,73,42,0,215,0,0,24,0,24,100,73,66,0,239,16,0,16,255
07/31/2013,ORF,VA,AEA,EN,Combined TRACON& Tower with Radar,97,81,40,2,220,0,0,26,0,26,97,81,66,2,246,4,0,4,250
08/01/2013,ORF,VA,AEA,EN,Combined TRACON& Tower with Radar,98,75,29,0,202,0,0,8,0,8,98,75,37,0,210,0,0,0,210
08/02/2013,ORF,VA,AEA,EN,Combined TRACON& Tower with Radar,103,88,44,0,235,0,0,30,0,30,103,88,74,0,265,6,0,6,271
08/03/2013,ORF,VA,AEA,EN,Combined TRACON& Tower with Radar,92,75,21,0,188,0,0,24,0,24,92,75,45,0,212,16,0,16,228
08/04/2013,ORF,VA,AEA,EN,Combined TRACON& Tower with Radar,90,81,24,1,196,0,0,38,0,38,90,81,62,1,234,14,0,14,248
08/05/2013,ORF,VA,AEA,EN,Combined TRACON& Tower with Radar,93,80,39,0,212,1,0,24,0,25,94,80,63,0,237,13,0,13,250
08/06/2013,ORF,VA,AEA,EN,Combined TRACON& Tower with Radar,100,82,42,1,225,0,0,29,1,30,100,82,71,2,255,0,0,0,255
08/07/2013,ORF,VA,AEA,EN,Combined TRACON& Tower with Radar,94,79,34,0,207,0,0,12,0,12,94,79,46,0,219,26,2,28,247
08/08/2013,ORF,VA,AEA,EN,Combined TRACON& Tower with Radar,98,75,40,0,213,0,0,20,0,20,98,75,60,0,233,0,0,0,233
08/09/2013,ORF,VA,AEA,EN,Combined TRACON& Tower with Radar,99,87,24,0,210,0,1,21,3,25,99,88,45,3,235,10,0,10,245
08/10/2013,ORF,VA,AEA,EN,Combined TRACON& Tower with Radar,97,75,25,0,197,0,0,8,0,8,97,75,33,0,205,3,0,3,208
08/11/2013,ORF,VA,AEA,EN,Combined TRACON& Tower with Radar,90,83,25,0,198,0,0,5,0,5,90,83,30,0,203,15,4,19,222
08/12/2013,ORF,VA,AEA,EN,Combined TRACON& Tower with Radar,88,78,35,0,201,0,0,19,0,19,88,78,54,0,220,23,0,23,243
08/13/2013,ORF,VA,AEA,EN,Combined TRACON& Tower with Radar,97,90,33,0,220,0,0,13,0,13,97,90,46,0,233,22,0,22,255
08/14/2013,ORF,VA,AEA,EN,Combined TRACON& Tower with Radar,99,87,39,0,225,0,0,22,0,22,99,87,61,0,247,2,0,2,249
08/15/2013,ORF,VA,AEA,EN,Combined TRACON& Tower with Radar,96,75,47,0,218,0,0,23,0,23,96,75,70,0,241,4,0,4,245
08/16/2013,ORF,VA,AEA,EN,Combined TRACON& Tower with Radar,99,87,23,0,209,0,0,21,0,21,99,87,44,0,230,146,415,561,791
08/17/2013,ORF,VA,AEA,EN,Combined TRACON& Tower with Radar,91,68,24,0,183,0,0,3,0,3,91,68,27,0,186,0,0,0,186
08/18/2013,ORF,VA,AEA,EN,Combined TRACON& Tower with Radar,89,86,41,0,216,0,0,3,0,3,89,86,44,0,219,0,0,0,219
08/19/2013,ORF,VA,AEA,EN,Combined TRACON& Tower with Radar,94,67,21,1,183,0,0,11,2,13,94,67,32,3,196,27,0,27,223
08/20/2013,ORF,VA,AEA,EN,Combined TRACON& Tower with Radar,102,65,46,0,213,0,0,18,0,18,102,65,64,0,231,32,0,32,263
08/21/2013,ORF,VA,AEA,EN,Combined TRACON& Tower with Radar,98,79,44,0,221,0,0,13,0,13,98,79,57,0,234,0,0,0,234
08/22/2013,ORF,VA,AEA,EN,Combined TRACON& Tower with Radar,95,81,45,1,222,0,0,18,4,22,95,81,63,5,244,4,0,4,248
08/23/2013,ORF,VA,AEA,EN,Combined TRACON& Tower with Radar,97,82,39,0,218,0,0,20,4,24,97,82,59,4,242,16,0,16,258
08/24/2013,ORF,VA,AEA,EN,Combined TRACON& Tower with Radar,86,57,31,0,174,0,1,23,0,24,86,58,54,0,198,48,0,48,246
08/25/2013,ORF,VA,AEA,EN,Combined TRACON& Tower with Radar,84,79,38,0,201,6,1,22,0,29,90,80,60,0,230,18,0,18,248
08/26/2013,ORF,VA,AEA,EN,Combined TRACON& Tower with Radar,90,74,39,0,203,0,0,34,0,34,90,74,73,0,237,12,0,12,249
08/27/2013,ORF,VA,AEA,EN,Combined TRACON& Tower with Radar,94,73,23,0,190,0,0,17,0,17,94,73,40,0,207,20,0,20,227
08/28/2013,ORF,VA,AEA,EN,Combined TRACON& Tower with Radar,101,82,31,1,215,0,1,14,0,15,101,83,45,1,230,0,0,0,230
08/29/2013,ORF,VA,AEA,EN,Combined TRACON& Tower with Radar,95,84,39,0,218,0,1,18,5,24,95,85,57,5,242,12,0,12,254
08/30/2013,ORF,VA,AEA,EN,Combined TRACON& Tower with Radar,97,94,50,0,241,0,2,18,0,20,97,96,68,0,261,44,0,44,305
08/31/2013,ORF,VA,AEA,EN,Combined TRACON& Tower with Radar,81,54,18,0,153,1,0,25,0,26,82,54,43,0,179,0,0,0,179
09/01/2013,ORF,VA,AEA,EN,Combined TRACON& Tower with Radar,66,59,17,0,142,0,0,17,0,17,66,59,34,0,159,50,0,50,209
09/02/2013,ORF,VA,AEA,EN,Combined TRACON& Tower with Radar,77,73,24,0,174,0,0,12,0,12,77,73,36,0,186,10,0,10,196
09/03/2013,ORF,VA,AEA,EN,Combined TRACON& Tower with Radar,95,69,36,1,201,0,0,10,1,11,95,69,46,2,212,0,0,0,212
09/04/2013,ORF,VA,AEA,EN,Combined TRACON& Tower with Radar,98,70,32,2,202,0,4,20,0,24,98,74,52,2,226,6,0,6,232
09/05/2013,ORF,VA,AEA,EN,Combined TRACON& Tower with Radar,101,71,36,0,208,0,0,16,0,16,101,71,52,0,224,4,0,4,228
09/06/2013,ORF,VA,AEA,EN,Combined TRACON& Tower with Radar,101,75,51,0,227,0,2,25,1,28,101,77,76,1,255,40,0,40,295
09/07/2013,ORF,VA,AEA,EN,Combined TRACON& Tower with Radar,75,60,41,0,176,0,0,27,0,27,75,60,68,0,203,0,0,0,203
09/08/2013,ORF,VA,AEA,EN,Combined TRACON& Tower with Radar,86,79,48,0,213,0,1,13,0,14,86,80,61,0,227,4,0,4,231
09/09/2013,ORF,VA,AEA,EN,Combined TRACON& Tower with Radar,87,73,36,0,196,0,0,12,1,13,87,73,48,1,209,2,0,2,211
09/10/2013,ORF,VA,AEA,EN,Combined TRACON& Tower with Radar,93,75,53,0,221,0,0,31,0,31,93,75,84,0,252,0,0,0,252
09/11/2013,ORF,VA,AEA,EN,Combined TRACON& Tower with Radar,96,80,43,2,221,0,0,19,0,19,96,80,62,2,240,12,0,12,252
09/12/2013,ORF,VA,AEA,EN,Combined TRACON& Tower with Radar,106,72,32,1,211,0,1,27,0,28,106,73,59,1,239,10,0,10,249
09/13/2013,ORF,VA,AEA,EN,Combined TRACON& Tower with Radar,99,91,57,0,247,0,0,22,0,22,99,91,79,0,269,10,0,10,279
09/14/2013,ORF,VA,AEA,EN,Combined TRACON& Tower with Radar,75,65,15,0,155,0,0,31,0,31,75,65,46,0,186,0,0,0,186
09/15/2013,ORF,VA,AEA,EN,Combined TRACON& Tower with Radar,84,84,40,0,208,0,0,29,0,29,84,84,69,0,237,23,0,23,260
09/16/2013,ORF,VA,AEA,EN,Combined TRACON& Tower with Radar,87,74,42,0,203,0,0,32,4,36,87,74,74,4,239,22,0,22,261
09/17/2013,ORF,VA,AEA,EN,Combined TRACON& Tower with Radar,92,77,43,0,212,0,0,29,10,39,92,77,72,10,251,36,0,36,287
09/18/2013,ORF,VA,AEA,EN,Combined TRACON& Tower with Radar,93,71,35,1,200,0,0,53,0,53,93,71,88,1,253,0,0,0,253
09/19/2013,ORF,VA,AEA,EN,Combined TRACON& Tower with Radar,94,68,36,0,198,0,0,36,1,37,94,68,72,1,235,42,14,56,291
09/20/2013,ORF,VA,AEA,EN,Combined TRACON& Tower with Radar,104,76,49,0,229,0,2,85,0,87,104,78,134,0,316,20,2,22,338
09/21/2013,ORF,VA,AEA,EN,Combined TRACON& Tower with Radar,81,63,21,0,165,0,0,15,0,15,81,63,36,0,180,0,0,0,180
09/22/2013,ORF,VA,AEA,EN,Combined TRACON& Tower with Radar,86,83,38,1,208,0,0,16,9,25,86,83,54,10,233,8,0,8,241
09/23/2013,ORF,VA,AEA,EN,Combined TRACON& Tower with Radar,88,76,32,0,196,0,0,53,28,81,88,76,85,28,277,20,0,20,297
09/24/2013,ORF,VA,AEA,EN,Combined TRACON& Tower with Radar,95,79,37,1,212,0,0,27,0,27,95,79,64,1,239,0,0,0,239
09/25/2013,ORF,VA,AEA,EN,Combined TRACON& Tower with Radar,93,80,21,0,194,0,0,26,0,26,93,80,47,0,220,0,0,0,220
09/26/2013,ORF,VA,AEA,EN,Combined TRACON& Tower with Radar,92,82,45,0,219,0,0,36,25,61,92,82,81,25,280,0,0,0,280
09/27/2013,ORF,VA,AEA,EN,Combined TRACON& Tower with Radar,97,85,33,0,215,0,0,19,2,21,97,85,52,2,236,10,0,10,246
09/28/2013,ORF,VA,AEA,EN,Combined TRACON& Tower with Radar,75,62,25,0,162,0,0,21,0,21,75,62,46,0,183,12,0,12,195
09/29/2013,ORF,VA,AEA,EN,Combined TRACON& Tower with Radar,78,90,38,0,206,0,0,17,1,18,78,90,55,1,224,0,0,0,224
09/30/2013,ORF,VA,AEA,EN,Combined TRACON& Tower with Radar,80,81,33,0,194,0,0,25,0,25,80,81,58,0,219,4,0,4,223
10/01/2013,ORF,VA,AEA,EN,Combined TRACON& Tower with Radar,90,75,25,0,190,0,0,23,0,23,90,75,48,0,213,4,0,4,217
10/02/2013,ORF,VA,AEA,EN,Combined TRACON& Tower with Radar,89,75,39,0,203,0,0,58,26,84,89,75,97,26,287,76,0,76,363
10/03/2013,ORF,VA,AEA,EN,Combined TRACON& Tower with Radar,87,83,32,1,203,0,0,37,1,38,87,83,69,2,241,10,0,10,251
10/04/2013,ORF,VA,AEA,EN,Combined TRACON& Tower with Radar,87,83,34,0,204,0,0,15,0,15,87,83,49,0,219,0,0,0,219
10/05/2013,ORF,VA,AEA,EN,Combined TRACON& Tower with Radar,72,59,28,0,159,0,0,27,0,27,72,59,55,0,186,22,0,22,208
10/06/2013,ORF,VA,AEA,EN,Combined TRACON& Tower with Radar,73,83,29,0,185,0,0,65,6,71,73,83,94,6,256,20,0,20,276
10/07/2013,ORF,VA,AEA,EN,Combined TRACON& Tower with Radar,85,78,18,0,181,0,0,13,13,26,85,78,31,13,207,36,0,36,243
10/08/2013,ORF,VA,AEA,EN,Combined TRACON& Tower with Radar,84,85,21,0,190,0,0,3,0,3,84,85,24,0,193,0,0,0,193
10/09/2013,ORF,VA,AEA,EN,Combined TRACON& Tower with Radar,84,81,34,2,201,0,0,2,0,2,84,81,36,2,203,0,0,0,203
10/10/2013,ORF,VA,AEA,EN,Combined TRACON& Tower with Radar,86,84,23,1,194,0,0,0,0,0,86,84,23,1,194,0,0,0,194
10/11/2013,ORF,VA,AEA,EN,Combined TRACON& Tower with Radar,85,83,28,0,196,0,0,0,2,2,85,83,28,2,198,0,0,0,198
10/12/2013,ORF,VA,AEA,EN,Combined TRACON& Tower with Radar,72,59,34,0,165,0,0,0,0,0,72,59,34,0,165,0,0,0,165
10/13/2013,ORF,VA,AEA,EN,Combined TRACON& Tower with Radar,66,85,15,0,166,0,0,0,0,0,66,85,15,0,166,0,0,0,166
10/14/2013,ORF,VA,AEA,EN,Combined TRACON& Tower with Radar,82,90,33,0,205,0,0,9,0,9,82,90,42,0,214,0,0,0,214
10/15/2013,ORF,VA,AEA,EN,Combined TRACON& Tower with Radar,86,88,39,2,215,0,0,2,0,2,86,88,41,2,217,0,0,0,217
10/16/2013,ORF,VA,AEA,EN,Combined TRACON& Tower with Radar,87,85,45,0,217,0,2,31,18,51,87,87,76,18,268,98,0,98,366
10/17/2013,ORF,VA,AEA,EN,Combined TRACON& Tower with Radar,90,87,48,0,225,0,0,24,0,24,90,87,72,0,249,0,0,0,249
10/18/2013,ORF,VA,AEA,EN,Combined TRACON& Tower with Radar,93,92,42,1,228,0,0,21,1,22,93,92,63,2,250,0,2,2,252
10/19/2013,ORF,VA,AEA,EN,Combined TRACON& Tower with Radar,75,57,18,2,152,0,0,24,0,24,75,57,42,2,176,0,0,0,176
10/20/2013,ORF,VA,AEA,EN,Combined TRACON& Tower with Radar,79,83,36,0,198,0,0,17,0,17,79,83,53,0,215,0,0,0,215
10/21/2013,ORF,VA,AEA,EN,Combined TRACON& Tower with Radar,82,76,54,0,212,0,0,36,12,48,82,76,90,12,260,42,0,42,302
10/22/2013,ORF,VA,AEA,EN,Combined TRACON& Tower with Radar,84,78,31,0,193,0,0,33,10,43,84,78,64,10,236,12,0,12,248
10/23/2013,ORF,VA,AEA,EN,Combined TRACON& Tower with Radar,82,87,37,0,206,0,0,29,2,31,82,87,66,2,237,0,0,0,237
10/24/2013,ORF,VA,AEA,EN,Combined TRACON& Tower with Radar,88,82,36,0,206,0,2,28,2,32,88,84,64,2,238,0,0,0,238
10/25/2013,ORF,VA,AEA,EN,Combined TRACON& Tower with Radar,87,90,36,0,213,0,0,16,0,16,87,90,52,0,229,68,40,108,337
10/26/2013,ORF,VA,AEA,EN,Combined TRACON& Tower with Radar,72,60,17,0,149,0,1,30,0,31,72,61,47,0,180,0,0,0,180
10/27/2013,ORF,VA,AEA,EN,Combined TRACON& Tower with Radar,75,84,31,0,190,0,0,23,0,23,75,84,54,0,213,0,0,0,213
10/28/2013,ORF,VA,AEA,EN,Combined TRACON& Tower with Radar,83,84,34,0,201,0,0,23,0,23,83,84,57,0,224,0,0,0,224
10/29/2013,ORF,VA,AEA,EN,Combined TRACON& Tower with Radar,88,91,33,0,212,0,0,47,0,47,88,91,80,0,259,20,0,20,279
10/30/2013,ORF,VA,AEA,EN,Combined TRACON& Tower with Radar,89,80,34,0,203,0,0,36,16,52,89,80,70,16,255,10,8,18,273
10/31/2013,ORF,VA,AEA,EN,Combined TRACON& Tower with Radar,73,84,30,0,187,0,0,18,0,18,73,84,48,0,205,26,10,36,241
11/01/2013,ORF,VA,AEA,EN,Combined TRACON& Tower with Radar,90,87,30,0,207,0,0,5,0,5,90,87,35,0,212,0,0,0,212
11/02/2013,ORF,VA,AEA,EN,Combined TRACON& Tower with Radar,71,59,24,0,154,0,0,19,0,19,71,59,43,0,173,0,0,0,173
11/03/2013,ORF,VA,AEA,EN,Combined TRACON& Tower with Radar,75,74,38,0,187,0,0,27,1,28,75,74,65,1,215,6,0,6,221
11/04/2013,ORF,VA,AEA,EN,Combined TRACON& Tower with Radar,85,74,24,0,183,0,1,24,0,25,85,75,48,0,208,20,0,20,228
11/05/2013,ORF,VA,AEA,EN,Combined TRACON& Tower with Radar,85,80,34,0,199,0,0,47,18,65,85,80,81,18,264,9,0,9,273
11/06/2013,ORF,VA,AEA,EN,Combined TRACON& Tower with Radar,93,75,44,0,212,0,0,23,47,70,93,75,67,47,282,0,0,0,282
11/07/2013,ORF,VA,AEA,EN,Combined TRACON& Tower with Radar,89,81,28,0,198,0,0,2,0,2,89,81,30,0,200,0,0,0,200
11/08/2013,ORF,VA,AEA,EN,Combined TRACON& Tower with Radar,91,88,28,0,207,0,0,19,0,19,91,88,47,0,226,0,0,0,226
11/09/2013,ORF,VA,AEA,EN,Combined TRACON& Tower with Radar,67,60,14,0,141,0,2,40,0,42,67,62,54,0,183,0,0,0,183
11/10/2013,ORF,VA,AEA,EN,Combined TRACON& Tower with Radar,74,83,31,0,188,0,1,26,0,27,74,84,57,0,215,4,0,4,219
11/11/2013,ORF,VA,AEA,EN,Combined TRACON& Tower with Radar,82,69,40,0,191,0,1,26,0,27,82,70,66,0,218,0,0,0,218
11/12/2013,ORF,VA,AEA,EN,Combined TRACON& Tower with Radar,88,75,18,1,182,0,0,3,0,3,88,75,21,1,185,0,0,0,185
11/13/2013,ORF,VA,AEA,EN,Combined TRACON& Tower with Radar,87,73,39,6,205,0,0,11,0,11,87,73,50,6,216,4,4,8,224
11/14/2013,ORF,VA,AEA,EN,Combined TRACON& Tower with Radar,89,74,35,8,206,0,0,25,2,27,89,74,60,10,233,11,0,11,244
11/15/2013,ORF,VA,AEA,EN,Combined TRACON& Tower with Radar,86,77,58,2,223,0,0,37,0,37,86,77,95,2,260,11,0,11,271
11/16/2013,ORF,VA,AEA,EN,Combined TRACON& Tower with Radar,63,55,26,0,144,0,0,8,0,8,63,55,34,0,152,18,0,18,170
11/17/2013,ORF,VA,AEA,EN,Combined TRACON& Tower with Radar,72,73,36,0,181,0,0,9,0,9,72,73,45,0,190,0,0,0,190
11/18/2013,ORF,VA,AEA,EN,Combined TRACON& Tower with Radar,80,76,26,3,185,0,0,22,0,22,80,76,48,3,207,0,0,0,207
11/19/2013,ORF,VA,AEA,EN,Combined TRACON& Tower with Radar,89,79,36,0,204,0,0,9,0,9,89,79,45,0,213,0,0,0,213
11/20/2013,ORF,VA,AEA,EN,Combined TRACON& Tower with Radar,87,81,39,1,208,0,0,14,0,14,87,81,53,1,222,0,0,0,222
11/21/2013,ORF,VA,AEA,EN,Combined TRACON& Tower with Radar,86,79,43,1,209,0,0,13,2,15,86,79,56,3,224,0,0,0,224
11/22/2013,ORF,VA,AEA,EN,Combined TRACON& Tower with Radar,92,86,44,0,222,0,0,15,0,15,92,86,59,0,237,0,0,0,237
11/23/2013,ORF,VA,AEA,EN,Combined TRACON& Tower with Radar,63,57,26,0,146,0,0,8,0,8,63,57,34,0,154,4,0,4,158
11/24/2013,ORF,VA,AEA,EN,Combined TRACON& Tower with Radar,63,85,32,0,180,0,0,4,0,4,63,85,36,0,184,0,0,0,184
11/25/2013,ORF,VA,AEA,EN,Combined TRACON& Tower with Radar,80,68,47,0,195,0,1,27,0,28,80,69,74,0,223,0,0,0,223
11/26/2013,ORF,VA,AEA,EN,Combined TRACON& Tower with Radar,94,86,24,0,204,0,0,19,0,19,94,86,43,0,223,6,0,6,229
11/27/2013,ORF,VA,AEA,EN,Combined TRACON& Tower with Radar,101,79,20,0,200,0,0,1,0,1,101,79,21,0,201,0,0,0,201
11/28/2013,ORF,VA,AEA,EN,Combined TRACON& Tower with Radar,52,37,17,0,106,0,1,2,0,3,52,38,19,0,109,0,0,0,109
11/29/2013,ORF,VA,AEA,EN,Combined TRACON& Tower with Radar,61,48,19,0,128,0,1,25,0,26,61,49,44,0,154,28,0,28,182
11/30/2013,ORF,VA,AEA,EN,Combined TRACON& Tower with Radar,80,76,34,0,190,0,0,13,0,13,80,76,47,0,203,8,0,8,211
12/01/2013,ORF,VA,AEA,EN,Combined TRACON& Tower with Radar,82,86,25,0,193,0,0,15,0,15,82,86,40,0,208,8,0,8,216
12/02/2013,ORF,VA,AEA,EN,Combined TRACON& Tower with Radar,90,81,27,0,198,0,0,47,0,47,90,81,74,0,245,22,0,22,267
12/03/2013,ORF,VA,AEA,EN,Combined TRACON& Tower with Radar,84,72,24,0,180,0,0,20,0,20,84,72,44,0,200,13,0,13,213
12/04/2013,ORF,VA,AEA,EN,Combined TRACON& Tower with Radar,82,87,43,0,212,0,0,4,0,4,82,87,47,0,216,0,0,0,216
12/05/2013,ORF,VA,AEA,EN,Combined TRACON& Tower with Radar,88,75,29,0,192,0,0,8,0,8,88,75,37,0,200,0,0,0,200
12/06/2013,ORF,VA,AEA,EN,Combined TRACON& Tower with Radar,80,83,35,0,198,0,1,21,0,22,80,84,56,0,220,10,0,10,230
12/07/2013,ORF,VA,AEA,EN,Combined TRACON& Tower with Radar,63,62,9,0,134,0,0,2,0,2,63,62,11,0,136,0,0,0,136
12/08/2013,ORF,VA,AEA,EN,Combined TRACON& Tower with Radar,75,66,5,0,146,0,0,2,0,2,75,66,7,0,148,0,0,0,148
12/09/2013,ORF,VA,AEA,EN,Combined TRACON& Tower with Radar,75,75,21,0,171,0,0,0,0,0,75,75,21,0,171,0,0,0,171
12/10/2013,ORF,VA,AEA,EN,Combined TRACON& Tower with Radar,78,67,26,0,171,0,0,2,0,2,78,67,28,0,173,0,0,0,173
12/11/2013,ORF,VA,AEA,EN,Combined TRACON& Tower with Radar,82,79,34,0,195,0,0,17,0,17,82,79,51,0,212,0,0,0,212
12/12/2013,ORF,VA,AEA,EN,Combined TRACON& Tower with Radar,83,83,43,3,212,0,0,25,2,27,83,83,68,5,239,0,0,0,239
12/13/2013,ORF,VA,AEA,EN,Combined TRACON& Tower with Radar,83,87,25,1,196,0,0,36,0,36,83,87,61,1,232,12,0,12,244
12/14/2013,ORF,VA,AEA,EN,Combined TRACON& Tower with Radar,67,50,30,0,147,0,0,5,0,5,67,50,35,0,152,0,0,0,152
12/15/2013,ORF,VA,AEA,EN,Combined TRACON& Tower with Radar,76,75,25,0,176,0,0,11,0,11,76,75,36,0,187,0,0,0,187
12/16/2013,ORF,VA,AEA,EN,Combined TRACON& Tower with Radar,75,80,24,2,181,0,0,11,2,13,75,80,35,4,194,0,0,0,194
12/17/2013,ORF,VA,AEA,EN,Combined TRACON& Tower with Radar,77,80,41,0,198,0,0,36,0,36,77,80,77,0,234,25,0,25,259
12/18/2013,ORF,VA,AEA,EN,Combined TRACON& Tower with Radar,83,80,49,0,212,0,0,29,0,29,83,80,78,0,241,26,0,26,267
12/19/2013,ORF,VA,AEA,EN,Combined TRACON& Tower with Radar,80,87,32,0,199,0,0,37,0,37,80,87,69,0,236,0,0,0,236
12/20/2013,ORF,VA,AEA,EN,Combined TRACON& Tower with Radar,89,79,37,0,205,0,0,31,0,31,89,79,68,0,236,4,0,4,240
12/21/2013,ORF,VA,AEA,EN,Combined TRACON& Tower with Radar,98,70,26,0,194,0,0,25,0,25,98,70,51,0,219,0,0,0,219
12/22/2013,ORF,VA,AEA,EN,Combined TRACON& Tower with Radar,68,69,27,0,164,0,0,9,0,9,68,69,36,0,173,0,0,0,173
12/23/2013,ORF,VA,AEA,EN,Combined TRACON& Tower with Radar,78,72,18,0,168,0,0,0,0,0,78,72,18,0,168,0,0,0,168
12/24/2013,ORF,VA,AEA,EN,Combined TRACON& Tower with Radar,75,50,9,0,134,0,0,7,0,7,75,50,16,0,141,0,0,0,141
12/25/2013,ORF,VA,AEA,EN,Combined TRACON& Tower with Radar,57,49,2,0,108,0,0,4,0,4,57,49,6,0,112,0,0,0,112
12/26/2013,ORF,VA,AEA,EN,Combined TRACON& Tower with Radar,84,86,29,0,199,0,0,9,0,9,84,86,38,0,208,0,0,0,208
12/27/2013,ORF,VA,AEA,EN,Combined TRACON& Tower with Radar,86,86,33,0,205,0,0,14,0,14,86,86,47,0,219,0,0,0,219
12/28/2013,ORF,VA,AEA,EN,Combined TRACON& Tower with Radar,92,74,11,0,177,0,0,28,4,32,92,74,39,4,209,20,0,20,229
12/29/2013,ORF,VA,AEA,EN,Combined TRACON& Tower with Radar,70,84,4,0,158,0,0,1,0,1,70,84,5,0,159,0,0,0,159
12/30/2013,ORF,VA,AEA,EN,Combined TRACON& Tower with Radar,74,78,15,0,167,0,0,11,0,11,74,78,26,0,178,0,0,0,178
12/31/2013,ORF,VA,AEA,EN,Combined TRACON& Tower with Radar,75,50,13,0,138,0,0,19,0,19,75,50,32,0,157,0,0,0,157
01/01/2014,ORF,VA,AEA,EN,Combined TRACON& Tower with Radar,57,75,23,0,155,0,0,22,1,23,57,75,45,1,178,0,0,0,178
01/02/2014,ORF,VA,AEA,EN,Combined TRACON& Tower with Radar,72,76,10,0,158,0,0,4,0,4,72,76,14,0,162,0,0,0,162
01/03/2014,ORF,VA,AEA,EN,Combined TRACON& Tower with Radar,77,68,9,0,154,0,0,1,0,1,77,68,10,0,155,0,0,0,155
01/04/2014,ORF,VA,AEA,EN,Combined TRACON& Tower with Radar,82,62,30,0,174,0,0,15,0,15,82,62,45,0,189,0,0,0,189
01/05/2014,ORF,VA,AEA,EN,Combined TRACON& Tower with Radar,59,69,49,0,177,0,0,2,0,2,59,69,51,0,179,0,0,0,179
01/06/2014,ORF,VA,AEA,EN,Combined TRACON& Tower with Radar,64,53,16,0,133,0,0,0,5,5,64,53,16,5,138,0,0,0,138
01/07/2014,ORF,VA,AEA,EN,Combined TRACON& Tower with Radar,67,64,25,1,157,0,0,9,5,14,67,64,34,6,171,0,0,0,171
01/08/2014,ORF,VA,AEA,EN,Combined TRACON& Tower with Radar,80,66,34,1,181,0,0,12,0,12,80,66,46,1,193,0,0,0,193
01/09/2014,ORF,VA,AEA,EN,Combined TRACON& Tower with Radar,83,84,29,0,196,0,0,28,12,40,83,84,57,12,236,38,0,38,274
01/10/2014,ORF,VA,AEA,EN,Combined TRACON& Tower with Radar,83,76,31,0,190,0,0,1,0,1,83,76,32,0,191,0,0,0,191
01/11/2014,ORF,VA,AEA,EN,Combined TRACON& Tower with Radar,71,51,4,0,126,0,0,0,0,0,71,51,4,0,126,0,0,0,126
01/12/2014,ORF,VA,AEA,EN,Combined TRACON& Tower with Radar,62,74,22,0,158,0,0,14,0,14,62,74,36,0,172,0,0,0,172
01/13/2014,ORF,VA,AEA,EN,Combined TRACON& Tower with Radar,78,68,22,0,168,0,1,17,0,18,78,69,39,0,186,0,0,0,186
01/14/2014,ORF,VA,AEA,EN,Combined TRACON& Tower with Radar,83,75,14,2,174,0,0,5,2,7,83,75,19,4,181,2,0,2,183
01/15/2014,ORF,VA,AEA,EN,Combined TRACON& Tower with Radar,75,63,41,0,179,0,0,12,0,12,75,63,53,0,191,0,0,0,191
01/16/2014,ORF,VA,AEA,EN,Combined TRACON& Tower with Radar,80,69,25,0,174,0,0,5,1,6,80,69,30,1,180,0,0,0,180
01/17/2014,ORF,VA,AEA,EN,Combined TRACON& Tower with Radar,86,85,26,0,197,0,0,12,0,12,86,85,38,0,209,0,0,0,209
01/18/2014,ORF,VA,AEA,EN,Combined TRACON& Tower with Radar,60,52,23,2,137,0,0,4,0,4,60,52,27,2,141,39,0,39,180
01/19/2014,ORF,VA,AEA,EN,Combined TRACON& Tower with Radar,64,63,11,0,138,0,0,9,0,9,64,63,20,0,147,0,0,0,147
01/20/2014,ORF,VA,AEA,EN,Combined TRACON& Tower with Radar,73,70,27,0,170,0,0,22,0,22,73,70,49,0,192,0,0,0,192
01/21/2014,ORF,VA,AEA,EN,Combined TRACON& Tower with Radar,79,54,27,0,160,0,0,1,0,1,79,54,28,0,161,0,0,0,161
01/22/2014,ORF,VA,AEA,EN,Combined TRACON& Tower with Radar,80,72,17,0,169,0,0,9,0,9,80,72,26,0,178,0,0,0,178
01/23/2014,ORF,VA,AEA,EN,Combined TRACON& Tower with Radar,84,71,29,0,184,2,0,17,0,19,86,71,46,0,203,0,0,0,203
01/24/2014,ORF,VA,AEA,EN,Combined TRACON& Tower with Radar,80,71,43,0,194,2,0,18,0,20,82,71,61,0,214,14,0,14,228
01/25/2014,ORF,VA,AEA,EN,Combined TRACON& Tower with Radar,56,43,10,0,109,0,0,0,0,0,56,43,10,0,109,0,0,0,109
01/26/2014,ORF,VA,AEA,EN,Combined TRACON& Tower with Radar,66,65,19,0,150,0,0,18,0,18,66,65,37,0,168,0,0,0,168
01/27/2014,ORF,VA,AEA,EN,Combined TRACON& Tower with Radar,77,64,37,0,178,0,0,20,0,20,77,64,57,0,198,0,0,0,198
01/28/2014,ORF,VA,AEA,EN,Combined TRACON& Tower with Radar,52,59,21,2,134,0,0,5,0,5,52,59,26,2,139,0,0,0,139
01/29/2014,ORF,VA,AEA,EN,Combined TRACON& Tower with Radar,33,49,5,0,87,0,0,2,0,2,33,49,7,0,89,0,0,0,89
01/30/2014,ORF,VA,AEA,EN,Combined TRACON& Tower with Radar,69,81,36,0,186,0,0,27,2,29,69,81,63,2,215,8,0,8,223
01/31/2014,ORF,VA,AEA,EN,Combined TRACON& Tower with Radar,80,75,21,5,181,0,0,25,2,27,80,75,46,7,208,8,0,8,216
02/01/2014,ORF,VA,AEA,EN,Combined TRACON& Tower with Radar,57,60,33,3,153,0,0,13,0,13,57,60,46,3,166,0,0,0,166
02/02/2014,ORF,VA,AEA,EN,Combined TRACON& Tower with Radar,60,61,20,0,141,0,0,15,0,15,60,61,35,0,156,0,0,0,156
02/03/2014,ORF,VA,AEA,EN,Combined TRACON& Tower with Radar,68,54,19,0,141,0,0,0,0,0,68,54,19,0,141,0,0,0,141
02/04/2014,ORF,VA,AEA,EN,Combined TRACON& Tower with Radar,73,78,28,0,179,0,0,8,4,12,73,78,36,4,191,26,0,26,217
02/05/2014,ORF,VA,AEA,EN,Combined TRACON& Tower with Radar,77,66,15,0,158,0,0,1,0,1,77,66,16,0,159,0,0,0,159
02/06/2014,ORF,VA,AEA,EN,Combined TRACON& Tower with Radar,86,66,43,0,195,0,1,24,0,25,86,67,67,0,220,0,0,0,220
02/07/2014,ORF,VA,AEA,EN,Combined TRACON& Tower with Radar,78,78,38,2,196,0,0,33,0,33,78,78,71,2,229,0,0,0,229
02/08/2014,ORF,VA,AEA,EN,Combined TRACON& Tower with Radar,62,48,13,0,123,0,0,11,0,11,62,48,24,0,134,4,0,4,138
02/09/2014,ORF,VA,AEA,EN,Combined TRACON& Tower with Radar,66,67,34,0,167,0,0,27,0,27,66,67,61,0,194,0,0,0,194
02/10/2014,ORF,VA,AEA,EN,Combined TRACON& Tower with Radar,76,74,24,1,175,0,0,16,6,22,76,74,40,7,197,58,0,58,255
02/11/2014,ORF,VA,AEA,EN,Combined TRACON& Tower with Radar,73,65,28,0,166,0,0,18,0,18,73,65,46,0,184,6,0,6,190
02/12/2014,ORF,VA,AEA,EN,Combined TRACON& Tower with Radar,52,65,23,0,140,0,0,1,0,1,52,65,24,0,141,0,0,0,141
02/13/2014,ORF,VA,AEA,EN,Combined TRACON& Tower with Radar,40,40,15,2,97,0,0,0,0,0,40,40,15,2,97,6,0,6,103
02/14/2014,ORF,VA,AEA,EN,Combined TRACON& Tower with Radar,67,75,19,0,161,0,0,8,1,9,67,75,27,1,170,4,0,4,174
02/15/2014,ORF,VA,AEA,EN,Combined TRACON& Tower with Radar,55,64,18,1,138,0,0,0,0,0,55,64,18,1,138,4,0,4,142
02/16/2014,ORF,VA,AEA,EN,Combined TRACON& Tower with Radar,50,76,24,0,150,0,0,23,0,23,50,76,47,0,173,0,0,0,173
02/17/2014,ORF,VA,AEA,EN,Combined TRACON& Tower with Radar,65,75,25,0,165,0,0,13,3,16,65,75,38,3,181,0,0,0,181
02/18/2014,ORF,VA,AEA,EN,Combined TRACON& Tower with Radar,74,73,46,0,193,0,1,15,0,16,74,74,61,0,209,0,0,0,209
02/19/2014,ORF,VA,AEA,EN,Combined TRACON& Tower with Radar,75,78,26,0,179,0,0,17,0,17,75,78,43,0,196,2,0,2,198
02/20/2014,ORF,VA,AEA,EN,Combined TRACON& Tower with Radar,75,84,44,0,203,0,0,57,10,67,75,84,101,10,270,46,0,46,316
02/21/2014,ORF,VA,AEA,EN,Combined TRACON& Tower with Radar,81,71,24,2,178,0,0,12,0,12,81,71,36,2,190,2,0,2,192
02/22/2014,ORF,VA,AEA,EN,Combined TRACON& Tower with Radar,60,62,19,0,141,0,0,20,32,52,60,62,39,32,193,35,0,35,228
02/23/2014,ORF,VA,AEA,EN,Combined TRACON& Tower with Radar,57,88,26,0,171,0,0,25,0,25,57,88,51,0,196,0,0,0,196
02/24/2014,ORF,VA,AEA,EN,Combined TRACON& Tower with Radar,70,73,20,2,165,12,0,23,0,35,82,73,43,2,200,20,0,20,220
02/25/2014,ORF,VA,AEA,EN,Combined TRACON& Tower with Radar,76,75,25,0,176,26,1,10,6,43,102,76,35,6,219,52,0,52,271
02/26/2014,ORF,VA,AEA,EN,Combined TRACON& Tower with Radar,75,76,22,0,173,0,0,27,6,33,75,76,49,6,206,68,0,68,274
02/27/2014,ORF,VA,AEA,EN,Combined TRACON& Tower with Radar,74,85,37,0,196,0,0,22,4,26,74,85,59,4,222,0,0,0,222
02/28/2014,ORF,VA,AEA,EN,Combined TRACON& Tower with Radar,72,85,28,4,189,0,0,26,6,32,72,85,54,10,221,20,20,40,261
03/01/2014,ORF,VA,AEA,EN,Combined TRACON& Tower with Radar,59,65,30,0,154,0,0,33,38,71,59,65,63,38,225,12,0,12,237
03/02/2014,ORF,VA,AEA,EN,Combined TRACON& Tower with Radar,54,83,34,0,171,0,0,24,0,24,54,83,58,0,195,0,0,0,195
03/03/2014,ORF,VA,AEA,EN,Combined TRACON& Tower with Radar,56,48,13,0,117,0,0,0,0,0,56,48,13,0,117,0,0,0,117
03/04/2014,ORF,VA,AEA,EN,Combined TRACON& Tower with Radar,74,65,27,0,166,0,0,3,0,3,74,65,30,0,169,0,0,0,169
03/05/2014,ORF,VA,AEA,EN,Combined TRACON& Tower with Radar,78,71,34,0,183,0,0,7,0,7,78,71,41,0,190,0,0,0,190
03/06/2014,ORF,VA,AEA,EN,Combined TRACON& Tower with Radar,75,73,24,4,176,0,0,6,0,6,75,73,30,4,182,8,0,8,190
03/07/2014,ORF,VA,AEA,EN,Combined TRACON& Tower with Radar,75,74,22,0,171,0,0,0,0,0,75,74,22,0,171,0,0,0,171
03/08/2014,ORF,VA,AEA,EN,Combined TRACON& Tower with Radar,66,62,23,0,151,0,0,27,0,27,66,62,50,0,178,0,0,0,178
03/09/2014,ORF,VA,AEA,EN,Combined TRACON& Tower with Radar,66,80,38,0,184,0,0,25,1,26,66,80,63,1,210,0,0,0,210
03/10/2014,ORF,VA,AEA,EN,Combined TRACON& Tower with Radar,73,77,42,0,192,0,0,20,1,21,73,77,62,1,213,0,0,0,213
03/11/2014,ORF,VA,AEA,EN,Combined TRACON& Tower with Radar,73,72,36,0,181,0,0,32,0,32,73,72,68,0,213,0,0,0,213
03/12/2014,ORF,VA,AEA,EN,Combined TRACON& Tower with Radar,76,78,25,5,184,0,1,6,2,9,76,79,31,7,193,7,0,7,200
03/13/2014,ORF,VA,AEA,EN,Combined TRACON& Tower with Radar,71,78,24,2,175,0,0,4,0,4,71,78,28,2,179,0,0,0,179
03/14/2014,ORF,VA,AEA,EN,Combined TRACON& Tower with Radar,77,80,46,2,205,0,0,33,3,36,77,80,79,5,241,14,0,14,255
03/15/2014,ORF,VA,AEA,EN,Combined TRACON& Tower with Radar,62,50,26,0,138,0,0,15,1,16,62,50,41,1,154,0,0,0,154
03/16/2014,ORF,VA,AEA,EN,Combined TRACON& Tower with Radar,71,69,34,0,174,0,0,9,0,9,71,69,43,0,183,0,0,0,183
03/17/2014,ORF,VA,AEA,EN,Combined TRACON& Tower with Radar,74,61,17,0,152,0,0,0,0,0,74,61,17,0,152,0,0,0,152
03/18/2014,ORF,VA,AEA,EN,Combined TRACON& Tower with Radar,74,71,24,2,171,0,0,0,0,0,74,71,24,2,171,0,0,0,171
03/19/2014,ORF,VA,AEA,EN,Combined TRACON& Tower with Radar,73,82,20,4,179,0,0,1,0,1,73,82,21,4,180,6,0,6,186
03/20/2014,ORF,VA,AEA,EN,Combined TRACON& Tower with Radar,77,80,32,0,189,0,0,23,4,27,77,80,55,4,216,10,0,10,226
03/21/2014,ORF,VA,AEA,EN,Combined TRACON& Tower with Radar,77,73,43,0,193,0,0,20,1,21,77,73,63,1,214,44,0,44,258
03/22/2014,ORF,VA,AEA,EN,Combined TRACON& Tower with Radar,65,57,24,0,146,0,0,15,0,15,65,57,39,0,161,16,0,16,177
03/23/2014,ORF,VA,AEA,EN,Combined TRACON& Tower with Radar,67,78,19,0,164,0,0,5,0,5,67,78,24,0,169,0,0,0,169
03/24/2014,ORF,VA,AEA,EN,Combined TRACON& Tower with Radar,69,76,19,1,165,0,1,13,1,15,69,77,32,2,180,0,0,0,180
03/25/2014,ORF,VA,AEA,EN,Combined TRACON& Tower with Radar,70,72,22,0,164,0,0,5,0,5,70,72,27,0,169,21,21,42,211
03/26/2014,ORF,VA,AEA,EN,Combined TRACON& Tower with Radar,75,74,34,1,184,0,0,31,13,44,75,74,65,14,228,66,0,66,294
03/27/2014,ORF,VA,AEA,EN,Combined TRACON& Tower with Radar,74,70,52,0,196,0,2,34,10,46,74,72,86,10,242,42,0,42,284
03/28/2014,ORF,VA,AEA,EN,Combined TRACON& Tower with Radar,70,77,40,1,188,0,0,9,0,9,70,77,49,1,197,0,0,0,197
03/29/2014,ORF,VA,AEA,EN,Combined TRACON& Tower with Radar,63,54,16,0,133,0,0,0,0,0,63,54,16,0,133,0,0,0,133
03/30/2014,ORF,VA,AEA,EN,Combined TRACON& Tower with Radar,69,63,15,1,148,0,0,1,0,1,69,63,16,1,149,0,0,0,149
03/31/2014,ORF,VA,AEA,EN,Combined TRACON& Tower with Radar,71,69,22,0,162,0,0,27,0,27,71,69,49,0,189,8,0,8,197
04/01/2014,ORF,VA,AEA,EN,Combined TRACON& Tower with Radar,64,87,28,4,183,0,0,30,1,31,64,87,58,5,214,20,0,20,234
04/02/2014,ORF,VA,AEA,EN,Combined TRACON& Tower with Radar,68,89,34,2,193,0,0,41,8,49,68,89,75,10,242,60,0,60,302
04/03/2014,ORF,VA,AEA,EN,Combined TRACON& Tower with Radar,67,87,28,0,182,0,0,44,6,50,67,87,72,6,232,68,0,68,300
04/04/2014,ORF,VA,AEA,EN,Combined TRACON& Tower with Radar,67,88,43,0,198,0,0,23,1,24,67,88,66,1,222,14,6,20,242
04/05/2014,ORF,VA,AEA,EN,Combined TRACON& Tower with Radar,57,64,17,0,138,0,0,29,2,31,57,64,46,2,169,16,0,16,185
04/06/2014,ORF,VA,AEA,EN,Combined TRACON& Tower with Radar,61,77,56,0,194,0,0,15,1,16,61,77,71,1,210,0,0,0,210
04/07/2014,ORF,VA,AEA,EN,Combined TRACON& Tower with Radar,66,89,19,2,176,0,0,0,0,0,66,89,19,2,176,0,0,0,176
04/08/2014,ORF,VA,AEA,EN,Combined TRACON& Tower with Radar,74,84,24,1,183,0,0,0,0,0,74,84,24,1,183,0,0,0,183
04/09/2014,ORF,VA,AEA,EN,Combined TRACON& Tower with Radar,71,83,44,0,198,0,0,57,10,67,71,83,101,10,265,73,0,73,338
04/10/2014,ORF,VA,AEA,EN,Combined TRACON& Tower with Radar,72,87,38,0,197,0,0,31,3,34,72,87,69,3,231,0,0,0,231
04/11/2014,ORF,VA,AEA,EN,Combined TRACON& Tower with Radar,67,82,27,0,176,0,0,25,6,31,67,82,52,6,207,44,0,44,251
04/12/2014,ORF,VA,AEA,EN,Combined TRACON& Tower with Radar,56,71,18,0,145,0,0,29,0,29,56,71,47,0,174,28,0,28,202
04/13/2014,ORF,VA,AEA,EN,Combined TRACON& Tower with Radar,60,80,30,0,170,0,0,37,0,37,60,80,67,0,207,28,0,28,235
04/14/2014,ORF,VA,AEA,EN,Combined TRACON& Tower with Radar,66,74,29,0,169,0,0,29,0,29,66,74,58,0,198,14,4,18,216
04/15/2014,ORF,VA,AEA,EN,Combined TRACON& Tower with Radar,74,74,22,0,170,0,0,20,0,20,74,74,42,0,190,24,0,24,214
04/16/2014,ORF,VA,AEA,EN,Combined TRACON& Tower with Radar,72,91,28,0,191,0,0,18,4,22,72,91,46,4,213,0,0,0,213
04/17/2014,ORF,VA,AEA,EN,Combined TRACON& Tower with Radar,71,88,42,0,201,0,0,14,1,15,71,88,56,1,216,16,0,16,232
04/18/2014,ORF,VA,AEA,EN,Combined TRACON& Tower with Radar,71,80,29,1,181,0,0,21,0,21,71,80,50,1,202,28,0,28,230
04/19/2014,ORF,VA,AEA,EN,Combined TRACON& Tower with Radar,54,69,19,0,142,0,0,4,1,5,54,69,23,1,147,0,0,0,147
04/20/2014,ORF,VA,AEA,EN,Combined TRACON& Tower with Radar,65,78,40,0,183,0,0,7,1,8,65,78,47,1,191,0,0,0,191
04/21/2014,ORF,VA,AEA,EN,Combined TRACON& Tower with Radar,68,76,36,0,180,0,0,13,0,13,68,76,49,0,193,0,0,0,193
04/22/2014,ORF,VA,AEA,EN,Combined TRACON& Tower with Radar,70,81,35,1,187,0,0,16,1,17,70,81,51,2,204,0,0,0,204
04/23/2014,ORF,VA,AEA,EN,Combined TRACON& Tower with Radar,71,81,43,0,195,0,0,15,0,15,71,81,58,0,210,0,0,0,210
04/24/2014,ORF,VA,AEA,EN,Combined TRACON& Tower with Radar,72,79,27,0,178,0,1,73,35,109,72,80,100,35,287,146,0,146,433
04/25/2014,ORF,VA,AEA,EN,Combined TRACON& Tower with Radar,71,83,25,2,181,0,0,22,0,22,71,83,47,2,203,0,0,0,203
04/26/2014,ORF,VA,AEA,EN,Combined TRACON& Tower with Radar,54,65,18,0,137,0,0,33,1,34,54,65,51,1,171,0,0,0,171
04/27/2014,ORF,VA,AEA,EN,Combined TRACON& Tower with Radar,63,74,19,0,156,0,0,24,1,25,63,74,43,1,181,0,0,0,181
04/28/2014,ORF,VA,AEA,EN,Combined TRACON& Tower with Radar,69,79,27,0,175,0,0,7,0,7,69,79,34,0,182,0,0,0,182
04/29/2014,ORF,VA,AEA,EN,Combined TRACON& Tower with Radar,66,76,26,0,168,0,0,0,0,0,66,76,26,0,168,0,0,0,168
04/30/2014,ORF,VA,AEA,EN,Combined TRACON& Tower with Radar,71,79,25,0,175,0,0,3,0,3,71,79,28,0,178,0,0,0,178
05/01/2014,ORF,VA,AEA,EN,Combined TRACON& Tower with Radar,73,90,34,1,198,0,2,10,0,12,73,92,44,1,210,0,0,0,210
05/02/2014,ORF,VA,AEA,EN,Combined TRACON& Tower with Radar,69,81,51,0,201,0,3,43,34,80,69,84,94,34,281,32,0,32,313
05/03/2014,ORF,VA,AEA,EN,Combined TRACON& Tower with Radar,60,62,30,0,152,0,4,27,0,31,60,66,57,0,183,0,0,0,183
05/04/2014,ORF,VA,AEA,EN,Combined TRACON& Tower with Radar,66,84,34,0,184,0,2,30,0,32,66,86,64,0,216,0,0,0,216
05/05/2014,ORF,VA,AEA,EN,Combined TRACON& Tower with Radar,65,76,39,1,181,0,4,25,0,29,65,80,64,1,210,0,0,0,210
05/06/2014,ORF,VA,AEA,EN,Combined TRACON& Tower with Radar,72,81,35,0,188,0,2,18,0,20,72,83,53,0,208,0,0,0,208
05/07/2014,ORF,VA,AEA,EN,Combined TRACON& Tower with Radar,81,77,52,1,211,0,2,26,0,28,81,79,78,1,239,0,0,0,239
05/08/2014,ORF,VA,AEA,EN,Combined TRACON& Tower with Radar,77,72,39,0,188,0,2,26,0,28,77,74,65,0,216,16,2,18,234
05/09/2014,ORF,VA,AEA,EN,Combined TRACON& Tower with Radar,77,79,29,0,185,0,0,16,0,16,77,79,45,0,201,0,0,0,201
05/10/2014,ORF,VA,AEA,EN,Combined TRACON& Tower with Radar,72,37,20,0,129,0,0,16,6,22,72,37,36,6,151,0,0,0,151
05/11/2014,ORF,VA,AEA,EN,Combined TRACON& Tower with Radar,66,72,28,0,166,0,0,25,0,25,66,72,53,0,191,0,0,0,191
05/12/2014,ORF,VA,AEA,EN,Combined TRACON& Tower with Radar,75,81,37,0,193,0,0,21,0,21,75,81,58,0,214,12,0,12,226
05/13/2014,ORF,VA,AEA,EN,Combined TRACON& Tower with Radar,63,80,53,0,196,0,1,8,34,43,63,81,61,34,239,12,0,12,251
05/14/2014,ORF,VA,AEA,EN,Combined TRACON& Tower with Radar,82,77,38,0,197,0,0,8,0,8,82,77,46,0,205,20,14,34,239
05/15/2014,ORF,VA,AEA,EN,Combined TRACON& Tower with Radar,77,81,50,0,208,0,0,10,1,11,77,81,60,1,219,0,0,0,219
05/16/2014,ORF,VA,AEA,EN,Combined TRACON& Tower with Radar,84,79,42,0,205,0,0,17,4,21,84,79,59,4,226,0,0,0,226
05/17/2014,ORF,VA,AEA,EN,Combined TRACON& Tower with Radar,71,49,20,0,140,0,0,28,3,31,71,49,48,3,171,0,0,0,171
05/18/2014,ORF,VA,AEA,EN,Combined TRACON& Tower with Radar,74,78,27,0,179,0,0,58,19,77,74,78,85,19,256,20,0,20,276
05/19/2014,ORF,VA,AEA,EN,Combined TRACON& Tower with Radar,74,75,32,1,182,0,0,36,50,86,74,75,68,51,268,6,0,6,274
05/20/2014,ORF,VA,AEA,EN,Combined TRACON& Tower with Radar,75,84,29,3,191,0,0,19,1,20,75,84,48,4,211,0,0,0,211
05/21/2014,ORF,VA,AEA,EN,Combined TRACON& Tower with Radar,79,82,35,0,196,0,0,22,0,22,79,82,57,0,218,0,0,0,218
05/22/2014,ORF,VA,AEA,EN,Combined TRACON& Tower with Radar,80,71,45,4,200,0,1,16,6,23,80,72,61,10,223,12,0,12,235
05/23/2014,ORF,VA,AEA,EN,Combined TRACON& Tower with Radar,77,78,43,4,202,0,0,43,0,43,77,78,86,4,245,10,0,10,255
05/24/2014,ORF,VA,AEA,EN,Combined TRACON& Tower with Radar,65,63,13,0,141,0,0,25,0,25,65,63,38,0,166,17,0,17,183
05/25/2014,ORF,VA,AEA,EN,Combined TRACON& Tower with Radar,54,65,37,0,156,0,0,35,0,35,54,65,72,0,191,0,0,0,191
05/26/2014,ORF,VA,AEA,EN,Combined TRACON& Tower with Radar,63,81,25,0,169,0,0,41,1,42,63,81,66,1,211,0,0,0,211
05/27/2014,ORF,VA,AEA,EN,Combined TRACON& Tower with Radar,66,87,37,0,190,0,0,16,1,17,66,87,53,1,207,0,0,0,207
05/28/2014,ORF,VA,AEA,EN,Combined TRACON& Tower with Radar,81,72,50,2,205,0,0,17,5,22,81,72,67,7,227,0,0,0,227
05/29/2014,ORF,VA,AEA,EN,Combined TRACON& Tower with Radar,79,85,62,0,226,0,0,4,1,5,79,85,66,1,231,0,0,0,231
05/30/2014,ORF,VA,AEA,EN,Combined TRACON& Tower with Radar,80,85,62,4,231,0,3,31,5,39,80,88,93,9,270,10,0,10,280
05/31/2014,ORF,VA,AEA,EN,Combined TRACON& Tower with Radar,68,49,21,0,138,0,0,40,9,49,68,49,61,9,187,0,0,0,187
06/01/2014,ORF,VA,AEA,EN,Combined TRACON& Tower with Radar,62,77,36,0,175,0,0,109,9,118,62,77,145,9,293,42,0,42,335
06/02/2014,ORF,VA,AEA,EN,Combined TRACON& Tower with Radar,79,85,31,0,195,0,0,26,2,28,79,85,57,2,223,0,0,0,223
06/03/2014,ORF,VA,AEA,EN,Combined TRACON& Tower with Radar,75,85,43,0,203,0,0,29,0,29,75,85,72,0,232,0,0,0,232
06/04/2014,ORF,VA,AEA,EN,Combined TRACON& Tower with Radar,82,86,42,4,214,0,0,15,0,15,82,86,57,4,229,0,0,0,229
06/05/2014,ORF,VA,AEA,EN,Combined TRACON& Tower with Radar,84,84,37,0,205,0,0,24,0,24,84,84,61,0,229,0,0,0,229
06/06/2014,ORF,VA,AEA,EN,Combined TRACON& Tower with Radar,88,70,51,0,209,0,0,26,0,26,88,70,77,0,235,2,0,2,237
06/07/2014,ORF,VA,AEA,EN,Combined TRACON& Tower with Radar,67,64,24,0,155,0,0,19,0,19,67,64,43,0,174,0,0,0,174
06/08/2014,ORF,VA,AEA,EN,Combined TRACON& Tower with Radar,65,73,23,1,162,0,0,29,0,29,65,73,52,1,191,3,0,3,194
06/09/2014,ORF,VA,AEA,EN,Combined TRACON& Tower with Radar,75,69,22,2,168,0,0,7,0,7,75,69,29,2,175,0,0,0,175
06/10/2014,ORF,VA,AEA,EN,Combined TRACON& Tower with Radar,74,83,41,0,198,0,0,21,0,21,74,83,62,0,219,0,0,0,219
06/11/2014,ORF,VA,AEA,EN,Combined TRACON& Tower with Radar,79,69,31,0,179,0,0,10,0,10,79,69,41,0,189,0,0,0,189
06/12/2014,ORF,VA,AEA,EN,Combined TRACON& Tower with Radar,81,68,36,2,187,0,1,4,0,5,81,69,40,2,192,8,0,8,200
06/13/2014,ORF,VA,AEA,EN,Combined TRACON& Tower with Radar,82,69,41,0,192,0,0,17,0,17,82,69,58,0,209,0,0,0,209
06/14/2014,ORF,VA,AEA,EN,Combined TRACON& Tower with Radar,77,66,26,0,169,0,0,27,0,27,77,66,53,0,196,0,0,0,196
06/15/2014,ORF,VA,AEA,EN,Combined TRACON& Tower with Radar,65,79,24,0,168,0,0,28,0,28,65,79,52,0,196,0,0,0,196
06/16/2014,ORF,VA,AEA,EN,Combined TRACON& Tower with Radar,76,68,37,2,183,0,0,22,15,37,76,68,59,17,220,22,0,22,242
06/17/2014,ORF,VA,AEA,EN,Combined TRACON& Tower with Radar,77,82,27,0,186,0,0,20,2,22,77,82,47,2,208,0,0,0,208
06/18/2014,ORF,VA,AEA,EN,Combined TRACON& Tower with Radar,78,85,36,0,199,0,0,44,51,95,78,85,80,51,294,15,0,15,309
06/19/2014,ORF,VA,AEA,EN,Combined TRACON& Tower with Radar,81,79,39,0,199,0,0,21,1,22,81,79,60,1,221,0,0,0,221
06/20/2014,ORF,VA,AEA,EN,Combined TRACON& Tower with Radar,80,84,53,2,219,9,0,25,1,35,89,84,78,3,254,0,0,0,254
06/21/2014,ORF,VA,AEA,EN,Combined TRACON& Tower with Radar,68,70,30,0,168,0,0,10,0,10,68,70,40,0,178,0,0,0,178
06/22/2014,ORF,VA,AEA,EN,Combined TRACON& Tower with Radar,70,96,35,0,201,0,0,16,0,16,70,96,51,0,217,0,0,0,217
06/23/2014,ORF,VA,AEA,EN,Combined TRACON& Tower with Radar,72,74,24,0,170,0,0,16,0,16,72,74,40,0,186,0,0,0,186
06/24/2014,ORF,VA,AEA,EN,Combined TRACON& Tower with Radar,75,74,31,0,180,0,0,19,0,19,75,74,50,0,199,0,0,0,199
06/25/2014,ORF,VA,AEA,EN,Combined TRACON& Tower with Radar,78,81,42,0,201,0,0,14,2,16,78,81,56,2,217,0,0,0,217
06/26/2014,ORF,VA,AEA,EN,Combined TRACON& Tower with Radar,82,82,27,4,195,0,0,19,0,19,82,82,46,4,214,0,0,0,214
06/27/2014,ORF,VA,AEA,EN,Combined TRACON& Tower with Radar,83,79,38,2,202,0,0,23,0,23,83,79,61,2,225,0,0,0,225
06/28/2014,ORF,VA,AEA,EN,Combined TRACON& Tower with Radar,70,69,21,0,160,0,0,33,16,49,70,69,54,16,209,22,0,22,231
06/29/2014,ORF,VA,AEA,EN,Combined TRACON& Tower with Radar,65,80,27,0,172,0,0,20,0,20,65,80,47,0,192,27,0,27,219
06/30/2014,ORF,VA,AEA,EN,Combined TRACON& Tower with Radar,72,72,19,0,163,0,0,20,0,20,72,72,39,0,183,16,0,16,199
07/01/2014,ORF,VA,AEA,EN,Combined TRACON& Tower with Radar,75,57,42,2,176,0,0,54,23,77,75,57,96,25,253,52,28,80,333
07/02/2014,ORF,VA,AEA,EN,Combined TRACON& Tower with Radar,77,56,31,0,164,0,1,13,1,15,77,57,44,1,179,0,0,0,179
07/03/2014,ORF,VA,AEA,EN,Combined TRACON& Tower with Radar,85,55,16,0,156,0,0,12,2,14,85,55,28,2,170,0,0,0,170
07/04/2014,ORF,VA,AEA,EN,Combined TRACON& Tower with Radar,56,54,5,0,115,0,0,4,0,4,56,54,9,0,119,0,0,0,119
07/05/2014,ORF,VA,AEA,EN,Combined TRACON& Tower with Radar,77,54,6,1,138,0,0,21,0,21,77,54,27,1,159,20,0,20,179
07/06/2014,ORF,VA,AEA,EN,Combined TRACON& Tower with Radar,75,72,19,0,166,0,0,32,5,37,75,72,51,5,203,46,0,46,249
07/07/2014,ORF,VA,AEA,EN,Combined TRACON& Tower with Radar,83,68,32,0,183,0,1,26,2,29,83,69,58,2,212,27,0,27,239
07/08/2014,ORF,VA,AEA,EN,Combined TRACON& Tower with Radar,90,66,28,0,184,0,0,44,21,65,90,66,72,21,249,72,0,72,321
07/09/2014,ORF,VA,AEA,EN,Combined TRACON& Tower with Radar,89,68,31,0,188,0,1,8,1,10,89,69,39,1,198,0,0,0,198
07/10/2014,ORF,VA,AEA,EN,Combined TRACON& Tower with Radar,88,69,59,0,216,0,0,7,0,7,88,69,66,0,223,0,0,0,223
07/11/2014,ORF,VA,AEA,EN,Combined TRACON& Tower with Radar,86,73,43,0,202,0,0,33,2,35,86,73,76,2,237,16,0,16,253
07/12/2014,ORF,VA,AEA,EN,Combined TRACON& Tower with Radar,75,65,20,0,160,0,0,29,0,29,75,65,49,0,189,21,0,21,210
07/13/2014,ORF,VA,AEA,EN,Combined TRACON& Tower with Radar,71,79,26,0,176,0,0,40,0,40,71,79,66,0,216,23,0,23,239
07/14/2014,ORF,VA,AEA,EN,Combined TRACON& Tower with Radar,88,69,34,1,192,0,0,22,1,23,88,69,56,2,215,14,6,20,235
07/15/2014,ORF,VA,AEA,EN,Combined TRACON& Tower with Radar,91,52,15,0,158,0,0,12,0,12,91,52,27,0,170,23,0,23,193
07/16/2014,ORF,VA,AEA,EN,Combined TRACON& Tower with Radar,92,61,44,0,197,0,0,28,0,28,92,61,72,0,225,30,0,30,255
07/17/2014,ORF,VA,AEA,EN,Combined TRACON& Tower with Radar,88,63,51,2,204,0,0,24,0,24,88,63,75,2,228,4,0,4,232
07/18/2014,ORF,VA,AEA,EN,Combined TRACON& Tower with Radar,89,74,31,0,194,0,0,45,3,48,89,74,76,3,242,16,0,16,258
07/19/2014,ORF,VA,AEA,EN,Combined TRACON& Tower with Radar,77,66,18,0,161,0,0,14,0,14,77,66,32,0,175,26,10,36,211
07/20/2014,ORF,VA,AEA,EN,Combined TRACON& Tower with Radar,80,70,33,2,185,0,0,19,0,19,80,70,52,2,204,17,0,17,221
07/21/2014,ORF,VA,AEA,EN,Combined TRACON& Tower with Radar,79,61,29,4,173,0,0,14,0,14,79,61,43,4,187,14,0,14,201
07/22/2014,ORF,VA,AEA,EN,Combined TRACON& Tower with Radar,89,70,49,0,208,0,0,12,0,12,89,70,61,0,220,14,0,14,234
07/23/2014,ORF,VA,AEA,EN,Combined TRACON& Tower with Radar,91,67,45,3,206,0,0,18,0,18,91,67,63,3,224,14,0,14,238
07/24/2014,ORF,VA,AEA,EN,Combined TRACON& Tower with Radar,85,74,42,0,201,0,0,24,8,32,85,74,66,8,233,42,0,42,275
07/25/2014,ORF,VA,AEA,EN,Combined TRACON& Tower with Radar,89,71,66,0,226,0,0,26,22,48,89,71,92,22,274,0,0,0,274
07/26/2014,ORF,VA,AEA,EN,Combined TRACON& Tower with Radar,78,60,35,1,174,0,0,23,0,23,78,60,58,1,197,26,0,26,223
07/27/2014,ORF,VA,AEA,EN,Combined TRACON& Tower with Radar,68,80,38,0,186,0,0,16,1,17,68,80,54,1,203,24,0,24,227
07/28/2014,ORF,VA,AEA,EN,Combined TRACON& Tower with Radar,86,66,44,2,198,0,0,27,0,27,86,66,71,2,225,10,0,10,235
07/29/2014,ORF,VA,AEA,EN,Combined TRACON& Tower with Radar,86,66,27,0,179,0,0,38,0,38,86,66,65,0,217,14,0,14,231
07/30/2014,ORF,VA,AEA,EN,Combined TRACON& Tower with Radar,88,67,40,0,195,0,0,27,3,30,88,67,67,3,225,19,0,19,244
07/31/2014,ORF,VA,AEA,EN,Combined TRACON& Tower with Radar,89,66,38,0,193,0,0,33,0,33,89,66,71,0,226,13,0,13,239
08/01/2014,ORF,VA,AEA,EN,Combined TRACON& Tower with Radar,84,66,28,0,178,10,0,12,0,22,94,66,40,0,200,32,0,32,232
08/02/2014,ORF,VA,AEA,EN,Combined TRACON& Tower with Radar,81,65,20,0,166,0,0,0,0,0,81,65,20,0,166,0,0,0,166
08/03/2014,ORF,VA,AEA,EN,Combined TRACON& Tower with Radar,75,75,54,0,204,0,0,6,0,6,75,75,60,0,210,0,0,0,210
08/04/2014,ORF,VA,AEA,EN,Combined TRACON& Tower with Radar,81,68,46,6,201,0,0,15,1,16,81,68,61,7,217,22,0,22,239
08/05/2014,ORF,VA,AEA,EN,Combined TRACON& Tower with Radar,89,69,29,3,190,0,0,17,0,17,89,69,46,3,207,18,0,18,225
08/06/2014,ORF,VA,AEA,EN,Combined TRACON& Tower with Radar,89,59,28,0,176,0,0,29,0,29,89,59,57,0,205,44,0,44,249
08/07/2014,ORF,VA,AEA,EN,Combined TRACON& Tower with Radar,90,69,29,0,188,0,0,30,0,30,90,69,59,0,218,7,0,7,225
08/08/2014,ORF,VA,AEA,EN,Combined TRACON& Tower with Radar,85,65,32,2,184,0,0,18,0,18,85,65,50,2,202,4,0,4,206
08/09/2014,ORF,VA,AEA,EN,Combined TRACON& Tower with Radar,79,58,25,4,166,0,0,15,0,15,79,58,40,4,181,26,0,26,207
08/10/2014,ORF,VA,AEA,EN,Combined TRACON& Tower with Radar,76,69,31,0,176,0,0,28,0,28,76,69,59,0,204,18,0,18,222
08/11/2014,ORF,VA,AEA,EN,Combined TRACON& Tower with Radar,84,58,26,2,170,0,0,15,0,15,84,58,41,2,185,22,0,22,207
08/12/2014,ORF,VA,AEA,EN,Combined TRACON& Tower with Radar,101,62,38,3,204,0,0,7,0,7,101,62,45,3,211,13,0,13,224
08/13/2014,ORF,VA,AEA,EN,Combined TRACON& Tower with Radar,89,55,38,0,182,0,0,29,0,29,89,55,67,0,211,5,0,5,216
08/14/2014,ORF,VA,AEA,EN,Combined TRACON& Tower with Radar,88,61,29,3,181,0,0,39,0,39,88,61,68,3,220,17,0,17,237
08/15/2014,ORF,VA,AEA,EN,Combined TRACON& Tower with Radar,94,75,27,0,196,0,2,35,0,37,94,77,62,0,233,40,0,40,273
08/16/2014,ORF,VA,AEA,EN,Combined TRACON& Tower with Radar,74,56,31,1,162,0,1,21,0,22,74,57,52,1,184,18,0,18,202
08/17/2014,ORF,VA,AEA,EN,Combined TRACON& Tower with Radar,74,79,33,0,186,0,0,22,0,22,74,79,55,0,208,25,0,25,233
08/18/2014,ORF,VA,AEA,EN,Combined TRACON& Tower with Radar,82,59,18,1,160,0,0,20,0,20,82,59,38,1,180,16,0,16,196
08/19/2014,ORF,VA,AEA,EN,Combined TRACON& Tower with Radar,76,65,29,2,172,0,0,16,4,20,76,65,45,6,192,6,0,6,198
08/20/2014,ORF,VA,AEA,EN,Combined TRACON& Tower with Radar,79,81,25,0,185,0,0,21,0,21,79,81,46,0,206,20,0,20,226
08/21/2014,ORF,VA,AEA,EN,Combined TRACON& Tower with Radar,71,82,38,0,191,0,0,13,0,13,71,82,51,0,204,18,0,18,222
08/22/2014,ORF,VA,AEA,EN,Combined TRACON& Tower with Radar,72,83,27,0,182,0,0,28,0,28,72,83,55,0,210,21,0,21,231
08/23/2014,ORF,VA,AEA,EN,Combined TRACON& Tower with Radar,65,65,24,0,154,0,0,5,0,5,65,65,29,0,159,38,0,38,197
08/24/2014,ORF,VA,AEA,EN,Combined TRACON& Tower with Radar,63,76,32,0,171,0,0,23,0,23,63,76,55,0,194,31,0,31,225
08/25/2014,ORF,VA,AEA,EN,Combined TRACON& Tower with Radar,67,74,31,0,172,0,0,17,0,17,67,74,48,0,189,9,0,9,198
08/26/2014,ORF,VA,AEA,EN,Combined TRACON& Tower with Radar,72,71,31,0,174,0,0,31,0,31,72,71,62,0,205,16,0,16,221
08/27/2014,ORF,VA,AEA,EN,Combined TRACON& Tower with Radar,74,77,39,1,191,0,0,35,0,35,74,77,74,1,226,19,26,45,271
08/28/2014,ORF,VA,AEA,EN,Combined TRACON& Tower with Radar,73,76,34,0,183,0,1,33,0,34,73,77,67,0,217,38,0,38,255
08/29/2014,ORF,VA,AEA,EN,Combined TRACON& Tower with Radar,77,80,31,0,188,0,0,27,0,27,77,80,58,0,215,26,0,26,241
08/30/2014,ORF,VA,AEA,EN,Combined TRACON& Tower with Radar,62,62,36,0,160,0,0,24,0,24,62,62,60,0,184,11,0,11,195
08/31/2014,ORF,VA,AEA,EN,Combined TRACON& Tower with Radar,56,52,23,0,131,0,0,19,0,19,56,52,42,0,150,9,0,9,159
09/01/2014,ORF,VA,AEA,EN,Combined TRACON& Tower with Radar,62,75,13,0,150,0,1,20,0,21,62,76,33,0,171,13,0,13,184
09/02/2014,ORF,VA,AEA,EN,Combined TRACON& Tower with Radar,72,65,31,0,168,0,0,28,0,28,72,65,59,0,196,17,0,17,213
09/03/2014,ORF,VA,AEA,EN,Combined TRACON& Tower with Radar,76,68,33,0,177,0,0,26,0,26,76,68,59,0,203,21,0,21,224
09/04/2014,ORF,VA,AEA,EN,Combined TRACON& Tower with Radar,71,78,34,0,183,0,0,58,0,58,71,78,92,0,241,20,0,20,261
09/05/2014,ORF,VA,AEA,EN,Combined TRACON& Tower with Radar,74,71,36,0,181,0,0,22,0,22,74,71,58,0,203,17,0,17,220
09/06/2014,ORF,VA,AEA,EN,Combined TRACON& Tower with Radar,76,49,21,0,146,0,0,23,0,23,76,49,44,0,169,18,0,18,187
09/07/2014,ORF,VA,AEA,EN,Combined TRACON& Tower with Radar,61,74,34,0,169,0,0,9,0,9,61,74,43,0,178,18,0,18,196
09/08/2014,ORF,VA,AEA,EN,Combined TRACON& Tower with Radar,69,74,28,4,175,0,0,4,0,4,69,74,32,4,179,24,0,24,203
09/09/2014,ORF,VA,AEA,EN,Combined TRACON& Tower with Radar,71,83,51,0,205,0,0,16,0,16,71,83,67,0,221,12,0,12,233
09/10/2014,ORF,VA,AEA,EN,Combined TRACON& Tower with Radar,72,80,55,10,217,0,0,22,0,22,72,80,77,10,239,14,0,14,253
09/11/2014,ORF,VA,AEA,EN,Combined TRACON& Tower with Radar,70,88,46,2,206,0,0,22,0,22,70,88,68,2,228,11,0,11,239
09/12/2014,ORF,VA,AEA,EN,Combined TRACON& Tower with Radar,73,72,45,8,198,0,0,6,0,6,73,72,51,8,204,23,0,23,227
09/13/2014,ORF,VA,AEA,EN,Combined TRACON& Tower with Radar,68,54,22,0,144,0,0,5,2,7,68,54,27,2,151,38,0,38,189
09/14/2014,ORF,VA,AEA,EN,Combined TRACON& Tower with Radar,63,72,39,0,174,0,0,20,1,21,63,72,59,1,195,6,0,6,201
09/15/2014,ORF,VA,AEA,EN,Combined TRACON& Tower with Radar,68,77,54,0,199,0,0,25,6,31,68,77,79,6,230,48,0,48,278
09/16/2014,ORF,VA,AEA,EN,Combined TRACON& Tower with Radar,69,88,31,0,188,0,1,21,0,22,69,89,52,0,210,0,0,0,210
09/17/2014,ORF,VA,AEA,EN,Combined TRACON& Tower with Radar,76,83,43,0,202,0,0,15,0,15,76,83,58,0,217,14,0,14,231
09/18/2014,ORF,VA,AEA,EN,Combined TRACON& Tower with Radar,73,74,53,1,201,0,0,30,1,31,73,74,83,2,232,31,0,31,263
09/19/2014,ORF,VA,AEA,EN,Combined TRACON& Tower with Radar,78,78,57,1,214,0,0,33,5,38,78,78,90,6,252,14,2,16,268
09/20/2014,ORF,VA,AEA,EN,Combined TRACON& Tower with Radar,58,61,36,1,156,0,1,24,1,26,58,62,60,2,182,35,0,35,217
09/21/2014,ORF,VA,AEA,EN,Combined TRACON& Tower with Radar,64,73,54,1,192,0,0,24,0,24,64,73,78,1,216,32,0,32,248
09/22/2014,ORF,VA,AEA,EN,Combined TRACON& Tower with Radar,68,75,34,0,177,0,0,34,0,34,68,75,68,0,211,40,0,40,251
09/23/2014,ORF,VA,AEA,EN,Combined TRACON& Tower with Radar,70,71,21,2,164,0,0,27,5,32,70,71,48,7,196,18,0,18,214
09/24/2014,ORF,VA,AEA,EN,Combined TRACON& Tower with Radar,70,66,52,0,188,0,0,16,0,16,70,66,68,0,204,27,0,27,231
09/25/2014,ORF,VA,AEA,EN,Combined TRACON& Tower with Radar,74,63,44,0,181,0,0,8,0,8,74,63,52,0,189,26,0,26,215
09/26/2014,ORF,VA,AEA,EN,Combined TRACON& Tower with Radar,69,78,41,1,189,0,0,10,1,11,69,78,51,2,200,33,0,33,233
09/27/2014,ORF,VA,AEA,EN,Combined TRACON& Tower with Radar,55,52,19,0,126,0,4,27,54,85,55,56,46,54,211,3,0,3,214
09/28/2014,ORF,VA,AEA,EN,Combined TRACON& Tower with Radar,55,72,27,1,155,0,0,24,1,25,55,72,51,2,180,0,0,0,180
09/29/2014,ORF,VA,AEA,EN,Combined TRACON& Tower with Radar,66,66,35,0,167,0,0,10,0,10,66,66,45,0,177,0,0,0,177
09/30/2014,ORF,VA,AEA,EN,Combined TRACON& Tower with Radar,69,76,33,0,178,0,0,28,0,28,69,76,61,0,206,0,0,0,206
10/01/2014,ORF,VA,AEA,EN,Combined TRACON& Tower with Radar,69,66,52,0,187,0,0,28,0,28,69,66,80,0,215,14,0,14,229
10/02/2014,ORF,VA,AEA,EN,Combined TRACON& Tower with Radar,67,71,42,0,180,0,0,19,2,21,67,71,61,2,201,0,0,0,201
10/03/2014,ORF,VA,AEA,EN,Combined TRACON& Tower with Radar,73,67,46,0,186,0,2,34,0,36,73,69,80,0,222,20,0,20,242
10/04/2014,ORF,VA,AEA,EN,Combined TRACON& Tower with Radar,55,54,23,0,132,0,0,8,0,8,55,54,31,0,140,14,0,14,154
10/05/2014,ORF,VA,AEA,EN,Combined TRACON& Tower with Radar,57,72,21,0,150,0,0,29,0,29,57,72,50,0,179,7,0,7,186
10/06/2014,ORF,VA,AEA,EN,Combined TRACON& Tower with Radar,68,62,24,0,154,0,0,28,0,28,68,62,52,0,182,49,0,49,231
10/07/2014,ORF,VA,AEA,EN,Combined TRACON& Tower with Radar,72,65,35,0,172,0,0,17,0,17,72,65,52,0,189,15,0,15,204
10/08/2014,ORF,VA,AEA,EN,Combined TRACON& Tower with Radar,73,70,31,0,174,0,0,22,0,22,73,70,53,0,196,16,0,16,212
10/09/2014,ORF,VA,AEA,EN,Combined TRACON& Tower with Radar,74,73,55,0,202,0,0,32,4,36,74,73,87,4,238,34,0,34,272
10/10/2014,ORF,VA,AEA,EN,Combined TRACON& Tower with Radar,75,79,42,0,196,0,0,24,4,28,75,79,66,4,224,22,0,22,246
10/11/2014,ORF,VA,AEA,EN,Combined TRACON& Tower with Radar,54,70,29,0,153,0,0,6,0,6,54,70,35,0,159,21,0,21,180
10/12/2014,ORF,VA,AEA,EN,Combined TRACON& Tower with Radar,61,74,41,0,176,0,1,4,0,5,61,75,45,0,181,11,0,11,192
10/13/2014,ORF,VA,AEA,EN,Combined TRACON& Tower with Radar,63,60,44,0,167,0,0,11,0,11,63,60,55,0,178,15,0,15,193
10/14/2014,ORF,VA,AEA,EN,Combined TRACON& Tower with Radar,71,76,30,2,179,0,0,10,0,10,71,76,40,2,189,5,0,5,194
10/15/2014,ORF,VA,AEA,EN,Combined TRACON& Tower with Radar,79,78,24,0,181,0,0,2,0,2,79,78,26,0,183,0,0,0,183
10/16/2014,ORF,VA,AEA,EN,Combined TRACON& Tower with Radar,72,80,54,1,207,0,0,16,0,16,72,80,70,1,223,14,0,14,237
10/17/2014,ORF,VA,AEA,EN,Combined TRACON& Tower with Radar,73,75,50,0,198,0,0,36,0,36,73,75,86,0,234,40,0,40,274
10/18/2014,ORF,VA,AEA,EN,Combined TRACON& Tower with Radar,53,52,23,0,128,0,0,15,1,16,53,52,38,1,144,21,0,21,165
10/19/2014,ORF,VA,AEA,EN,Combined TRACON& Tower with Radar,62,69,30,0,161,0,0,16,0,16,62,69,46,0,177,10,0,10,187
10/20/2014,ORF,VA,AEA,EN,Combined TRACON& Tower with Radar,68,61,37,0,166,0,0,36,1,37,68,61,73,1,203,20,0,20,223
10/21/2014,ORF,VA,AEA,EN,Combined TRACON& Tower with Radar,75,70,24,0,169,0,0,20,0,20,75,70,44,0,189,0,0,0,189
10/22/2014,ORF,VA,AEA,EN,Combined TRACON& Tower with Radar,74,60,24,0,158,0,0,0,0,0,74,60,24,0,158,0,0,0,158
10/23/2014,ORF,VA,AEA,EN,Combined TRACON& Tower with Radar,74,68,45,0,187,0,0,9,4,13,74,68,54,4,200,0,0,0,200
10/24/2014,ORF,VA,AEA,EN,Combined TRACON& Tower with Radar,74,77,49,0,200,0,0,41,2,43,74,77,90,2,243,68,0,68,311
10/25/2014,ORF,VA,AEA,EN,Combined TRACON& Tower with Radar,53,63,35,0,151,0,0,29,0,29,53,63,64,0,180,0,0,0,180
10/26/2014,ORF,VA,AEA,EN,Combined TRACON& Tower with Radar,62,64,33,0,159,0,0,18,0,18,62,64,51,0,177,0,0,0,177
10/27/2014,ORF,VA,AEA,EN,Combined TRACON& Tower with Radar,73,69,46,0,188,0,0,21,0,21,73,69,67,0,209,0,0,0,209
10/28/2014,ORF,VA,AEA,EN,Combined TRACON& Tower with Radar,76,70,34,2,182,0,2,20,0,22,76,72,54,2,204,0,0,0,204
10/29/2014,ORF,VA,AEA,EN,Combined TRACON& Tower with Radar,70,64,44,0,178,0,0,15,2,17,70,64,59,2,195,0,0,0,195
10/30/2014,ORF,VA,AEA,EN,Combined TRACON& Tower with Radar,72,66,45,0,183,0,0,35,0,35,72,66,80,0,218,26,0,26,244
10/31/2014,ORF,VA,AEA,EN,Combined TRACON& Tower with Radar,71,62,23,0,156,0,0,16,0,16,71,62,39,0,172,4,0,4,176
11/01/2014,ORF,VA,AEA,EN,Combined TRACON& Tower with Radar,61,76,19,2,158,0,0,5,0,5,61,76,24,2,163,10,0,10,173
11/02/2014,ORF,VA,AEA,EN,Combined TRACON& Tower with Radar,63,63,23,0,149,0,0,2,0,2,63,63,25,0,151,0,0,0,151
11/03/2014,ORF,VA,AEA,EN,Combined TRACON& Tower with Radar,73,59,46,0,178,0,2,21,0,23,73,61,67,0,201,0,0,0,201
11/04/2014,ORF,VA,AEA,EN,Combined TRACON& Tower with Radar,73,63,23,0,159,0,0,17,0,17,73,63,40,0,176,0,0,0,176
11/05/2014,ORF,VA,AEA,EN,Combined TRACON& Tower with Radar,79,60,46,0,185,0,1,13,0,14,79,61,59,0,199,0,0,0,199
11/06/2014,ORF,VA,AEA,EN,Combined TRACON& Tower with Radar,74,61,41,0,176,0,0,1,0,1,74,61,42,0,177,0,0,0,177
11/07/2014,ORF,VA,AEA,EN,Combined TRACON& Tower with Radar,79,69,36,0,184,0,0,19,8,27,79,69,55,8,211,6,0,6,217
11/08/2014,ORF,VA,AEA,EN,Combined TRACON& Tower with Radar,57,58,20,0,135,0,1,18,0,19,57,59,38,0,154,0,0,0,154
11/09/2014,ORF,VA,AEA,EN,Combined TRACON& Tower with Radar,61,66,35,0,162,0,0,15,0,15,61,66,50,0,177,0,0,0,177
11/10/2014,ORF,VA,AEA,EN,Combined TRACON& Tower with Radar,69,57,40,0,166,0,0,22,2,24,69,57,62,2,190,0,0,0,190
11/11/2014,ORF,VA,AEA,EN,Combined TRACON& Tower with Radar,73,67,32,0,172,0,0,2,0,2,73,67,34,0,174,0,0,0,174
11/12/2014,ORF,VA,AEA,EN,Combined TRACON& Tower with Radar,73,64,35,0,172,0,0,22,24,46,73,64,57,24,218,10,0,10,228
11/13/2014,ORF,VA,AEA,EN,Combined TRACON& Tower with Radar,76,65,31,0,172,0,0,6,0,6,76,65,37,0,178,0,0,0,178
11/14/2014,ORF,VA,AEA,EN,Combined TRACON& Tower with Radar,75,74,38,0,187,0,1,17,0,18,75,75,55,0,205,8,0,8,213
11/15/2014,ORF,VA,AEA,EN,Combined TRACON& Tower with Radar,57,59,18,0,134,0,1,17,1,19,57,60,35,1,153,0,0,0,153
11/16/2014,ORF,VA,AEA,EN,Combined TRACON& Tower with Radar,64,59,35,0,158,0,0,12,0,12,64,59,47,0,170,0,0,0,170
11/17/2014,ORF,VA,AEA,EN,Combined TRACON& Tower with Radar,66,56,7,2,131,0,0,3,0,3,66,56,10,2,134,0,0,0,134
11/18/2014,ORF,VA,AEA,EN,Combined TRACON& Tower with Radar,75,64,31,1,171,0,1,7,2,10,75,65,38,3,181,0,0,0,181
11/19/2014,ORF,VA,AEA,EN,Combined TRACON& Tower with Radar,72,70,29,4,175,0,0,19,1,20,72,70,48,5,195,0,0,0,195
11/20/2014,ORF,VA,AEA,EN,Combined TRACON& Tower with Radar,77,66,40,0,183,0,0,18,0,18,77,66,58,0,201,0,0,0,201
11/21/2014,ORF,VA,AEA,EN,Combined TRACON& Tower with Radar,78,75,42,0,195,0,1,20,0,21,78,76,62,0,216,0,0,0,216
11/22/2014,ORF,VA,AEA,EN,Combined TRACON& Tower with Radar,59,59,24,0,142,0,0,26,0,26,59,59,50,0,168,0,0,0,168
11/23/2014,ORF,VA,AEA,EN,Combined TRACON& Tower with Radar,59,60,12,0,131,0,0,9,0,9,59,60,21,0,140,0,0,0,140
11/24/2014,ORF,VA,AEA,EN,Combined TRACON& Tower with Radar,63,64,37,0,164,0,0,3,1,4,63,64,40,1,168,0,0,0,168
11/25/2014,ORF,VA,AEA,EN,Combined TRACON& Tower with Radar,80,72,29,1,182,0,0,0,0,0,80,72,29,1,182,0,0,0,182
11/26/2014,ORF,VA,AEA,EN,Combined TRACON& Tower with Radar,83,66,25,1,175,0,0,0,0,0,83,66,25,1,175,0,0,0,175
11/27/2014,ORF,VA,AEA,EN,Combined TRACON& Tower with Radar,39,36,20,1,96,0,0,2,0,2,39,36,22,1,98,0,0,0,98
11/28/2014,ORF,VA,AEA,EN,Combined TRACON& Tower with Radar,58,47,18,1,124,0,0,12,0,12,58,47,30,1,136,0,0,0,136
11/29/2014,ORF,VA,AEA,EN,Combined TRACON& Tower with Radar,71,72,18,0,161,0,0,19,0,19,71,72,37,0,180,0,0,0,180
11/30/2014,ORF,VA,AEA,EN,Combined TRACON& Tower with Radar,86,70,34,0,190,0,0,27,0,27,86,70,61,0,217,0,0,0,217
12/01/2014,ORF,VA,AEA,EN,Combined TRACON& Tower with Radar,86,63,38,0,187,0,0,32,0,32,86,63,70,0,219,0,0,0,219
12/02/2014,ORF,VA,AEA,EN,Combined TRACON& Tower with Radar,74,59,31,0,164,0,0,0,0,0,74,59,31,0,164,1,0,1,165
12/03/2014,ORF,VA,AEA,EN,Combined TRACON& Tower with Radar,69,59,28,0,156,0,0,6,0,6,69,59,34,0,162,0,0,0,162
12/04/2014,ORF,VA,AEA,EN,Combined TRACON& Tower with Radar,73,69,46,0,188,0,5,22,2,29,73,74,68,2,217,0,0,0,217
12/05/2014,ORF,VA,AEA,EN,Combined TRACON& Tower with Radar,65,64,30,0,159,0,0,15,0,15,65,64,45,0,174,6,0,6,180
12/06/2014,ORF,VA,AEA,EN,Combined TRACON& Tower with Radar,50,55,11,3,119,0,0,11,0,11,50,55,22,3,130,2,0,2,132
12/07/2014,ORF,VA,AEA,EN,Combined TRACON& Tower with Radar,61,55,26,4,146,0,0,5,0,5,61,55,31,4,151,0,0,0,151
12/08/2014,ORF,VA,AEA,EN,Combined TRACON& Tower with Radar,68,55,29,0,152,0,0,0,0,0,68,55,29,0,152,0,0,0,152
12/09/2014,ORF,VA,AEA,EN,Combined TRACON& Tower with Radar,69,53,20,0,142,0,0,0,0,0,69,53,20,0,142,3,0,3,145
12/10/2014,ORF,VA,AEA,EN,Combined TRACON& Tower with Radar,73,58,30,0,161,0,0,10,1,11,73,58,40,1,172,3,0,3,175
12/11/2014,ORF,VA,AEA,EN,Combined TRACON& Tower with Radar,79,45,24,2,150,0,0,12,0,12,79,45,36,2,162,0,0,0,162
12/12/2014,ORF,VA,AEA,EN,Combined TRACON& Tower with Radar,71,70,37,0,178,0,0,19,1,20,71,70,56,1,198,0,0,0,198
12/13/2014,ORF,VA,AEA,EN,Combined TRACON& Tower with Radar,48,55,19,0,122,0,0,28,1,29,48,55,47,1,151,0,0,0,151
12/14/2014,ORF,VA,AEA,EN,Combined TRACON& Tower with Radar,61,60,34,0,155,0,1,15,0,16,61,61,49,0,171,0,0,0,171
12/15/2014,ORF,VA,AEA,EN,Combined TRACON& Tower with Radar,69,58,28,3,158,0,0,24,0,24,69,58,52,3,182,0,0,0,182
12/16/2014,ORF,VA,AEA,EN,Combined TRACON& Tower with Radar,73,60,30,0,163,0,0,11,0,11,73,60,41,0,174,0,0,0,174
12/17/2014,ORF,VA,AEA,EN,Combined TRACON& Tower with Radar,76,59,31,0,166,0,0,21,2,23,76,59,52,2,189,29,2,31,220
12/18/2014,ORF,VA,AEA,EN,Combined TRACON& Tower with Radar,76,63,47,0,186,0,0,28,2,30,76,63,75,2,216,2,0,2,218
12/19/2014,ORF,VA,AEA,EN,Combined TRACON& Tower with Radar,73,65,39,0,177,0,2,23,0,25,73,67,62,0,202,0,0,0,202
12/20/2014,ORF,VA,AEA,EN,Combined TRACON& Tower with Radar,57,68,22,0,147,0,0,19,0,19,57,68,41,0,166,1,0,1,167
12/21/2014,ORF,VA,AEA,EN,Combined TRACON& Tower with Radar,62,71,27,0,160,0,0,31,0,31,62,71,58,0,191,0,0,0,191
12/22/2014,ORF,VA,AEA,EN,Combined TRACON& Tower with Radar,63,64,28,0,155,0,0,0,0,0,63,64,28,0,155,0,0,0,155
12/23/2014,ORF,VA,AEA,EN,Combined TRACON& Tower with Radar,72,74,29,0,175,0,0,0,0,0,72,74,29,0,175,0,0,0,175
12/24/2014,ORF,VA,AEA,EN,Combined TRACON& Tower with Radar,60,45,7,0,112,0,0,0,0,0,60,45,7,0,112,0,0,0,112
12/25/2014,ORF,VA,AEA,EN,Combined TRACON& Tower with Radar,42,41,3,1,87,0,0,3,0,3,42,41,6,1,90,0,0,0,90
12/26/2014,ORF,VA,AEA,EN,Combined TRACON& Tower with Radar,70,71,27,0,168,0,0,22,0,22,70,71,49,0,190,0,0,0,190
12/27/2014,ORF,VA,AEA,EN,Combined TRACON& Tower with Radar,49,80,25,1,155,0,0,14,0,14,49,80,39,1,169,0,0,0,169
12/28/2014,ORF,VA,AEA,EN,Combined TRACON& Tower with Radar,67,69,26,4,166,0,0,9,0,9,67,69,35,4,175,0,0,0,175
12/29/2014,ORF,VA,AEA,EN,Combined TRACON& Tower with Radar,70,62,15,0,147,0,0,1,0,1,70,62,16,0,148,0,0,0,148
12/30/2014,ORF,VA,AEA,EN,Combined TRACON& Tower with Radar,69,67,20,0,156,0,0,4,0,4,69,67,24,0,160,0,0,0,160
12/31/2014,ORF,VA,AEA,EN,Combined TRACON& Tower with Radar,57,43,25,0,125,0,0,35,0,35,57,43,60,0,160,0,0,0,160
01/01/2015,ORF,VA,AEA,EN,Combined TRACON& Tower with Radar,46,49,14,0,109,0,0,19,0,19,46,49,33,0,128,0,0,0,128
01/02/2015,ORF,VA,AEA,EN,Combined TRACON& Tower with Radar,68,65,37,0,170,0,0,27,0,27,68,65,64,0,197,18,0,18,215
01/03/2015,ORF,VA,AEA,EN,Combined TRACON& Tower with Radar,48,70,19,0,137,0,0,6,0,6,48,70,25,0,143,0,0,0,143
01/04/2015,ORF,VA,AEA,EN,Combined TRACON& Tower with Radar,59,68,16,0,143,0,0,4,0,4,59,68,20,0,147,0,0,0,147
01/05/2015,ORF,VA,AEA,EN,Combined TRACON& Tower with Radar,73,60,17,0,150,0,0,12,0,12,73,60,29,0,162,0,0,0,162
01/06/2015,ORF,VA,AEA,EN,Combined TRACON& Tower with Radar,67,53,18,0,138,0,0,15,0,15,67,53,33,0,153,0,0,0,153
01/07/2015,ORF,VA,AEA,EN,Combined TRACON& Tower with Radar,68,70,36,0,174,0,1,16,0,17,68,71,52,0,191,0,0,0,191
01/08/2015,ORF,VA,AEA,EN,Combined TRACON& Tower with Radar,71,69,24,0,164,0,0,18,0,18,71,69,42,0,182,0,0,0,182
01/09/2015,ORF,VA,AEA,EN,Combined TRACON& Tower with Radar,64,64,18,0,146,0,0,23,0,23,64,64,41,0,169,0,0,0,169
01/10/2015,ORF,VA,AEA,EN,Combined TRACON& Tower with Radar,45,54,10,0,109,0,0,15,0,15,45,54,25,0,124,0,0,0,124
01/11/2015,ORF,VA,AEA,EN,Combined TRACON& Tower with Radar,51,70,24,0,145,0,0,26,1,27,51,70,50,1,172,0,0,0,172
01/12/2015,ORF,VA,AEA,EN,Combined TRACON& Tower with Radar,65,58,13,0,136,0,0,3,0,3,65,58,16,0,139,0,0,0,139
01/13/2015,ORF,VA,AEA,EN,Combined TRACON& Tower with Radar,67,69,9,0,145,0,0,4,0,4,67,69,13,0,149,0,0,0,149
01/14/2015,ORF,VA,AEA,EN,Combined TRACON& Tower with Radar,65,67,18,0,150,0,0,6,12,18,65,67,24,12,168,28,0,28,196
01/15/2015,ORF,VA,AEA,EN,Combined TRACON& Tower with Radar,70,67,27,1,165,0,1,19,0,20,70,68,46,1,185,24,0,24,209
01/16/2015,ORF,VA,AEA,EN,Combined TRACON& Tower with Radar,67,70,33,0,170,0,0,26,0,26,67,70,59,0,196,0,0,0,196
01/17/2015,ORF,VA,AEA,EN,Combined TRACON& Tower with Radar,45,54,39,0,138,0,0,24,0,24,45,54,63,0,162,0,0,0,162
01/18/2015,ORF,VA,AEA,EN,Combined TRACON& Tower with Radar,47,57,10,0,114,0,0,3,0,3,47,57,13,0,117,0,0,0,117
01/19/2015,ORF,VA,AEA,EN,Combined TRACON& Tower with Radar,62,71,33,0,166,0,0,38,1,39,62,71,71,1,205,3,0,3,208
01/20/2015,ORF,VA,AEA,EN,Combined TRACON& Tower with Radar,66,65,18,0,149,0,0,40,7,47,66,65,58,7,196,33,0,33,229
01/21/2015,ORF,VA,AEA,EN,Combined TRACON& Tower with Radar,67,71,33,0,171,0,0,15,1,16,67,71,48,1,187,22,0,22,209
01/22/2015,ORF,VA,AEA,EN,Combined TRACON& Tower with Radar,70,65,41,1,177,0,0,11,0,11,70,65,52,1,188,0,0,0,188
01/23/2015,ORF,VA,AEA,EN,Combined TRACON& Tower with Radar,66,75,40,0,181,0,0,9,0,9,66,75,49,0,190,0,0,0,190
01/24/2015,ORF,VA,AEA,EN,Combined TRACON& Tower with Radar,48,62,14,0,124,0,0,1,0,1,48,62,15,0,125,0,0,0,125
01/25/2015,ORF,VA,AEA,EN,Combined TRACON& Tower with Radar,53,69,33,0,155,0,0,19,0,19,53,69,52,0,174,0,0,0,174
01/26/2015,ORF,VA,AEA,EN,Combined TRACON& Tower with Radar,56,54,29,4,143,0,1,3,0,4,56,55,32,4,147,3,0,3,150
01/27/2015,ORF,VA,AEA,EN,Combined TRACON& Tower with Radar,60,49,18,0,127,0,0,20,0,20,60,49,38,0,147,30,0,30,177
01/28/2015,ORF,VA,AEA,EN,Combined TRACON& Tower with Radar,67,67,39,6,179,0,1,10,2,13,67,68,49,8,192,2,0,2,194
01/29/2015,ORF,VA,AEA,EN,Combined TRACON& Tower with Radar,72,65,32,4,173,0,1,17,1,19,72,66,49,5,192,36,0,36,228
01/30/2015,ORF,VA,AEA,EN,Combined TRACON& Tower with Radar,67,69,34,1,171,0,1,15,1,17,67,70,49,2,188,34,0,34,222
01/31/2015,ORF,VA,AEA,EN,Combined TRACON& Tower with Radar,40,58,24,2,124,0,0,16,0,16,40,58,40,2,140,0,0,0,140
02/01/2015,ORF,VA,AEA,EN,Combined TRACON& Tower with Radar,46,59,13,0,118,0,0,14,0,14,46,59,27,0,132,0,0,0,132
02/02/2015,ORF,VA,AEA,EN,Combined TRACON& Tower with Radar,57,55,17,0,129,0,0,1,0,1,57,55,18,0,130,0,0,0,130
02/03/2015,ORF,VA,AEA,EN,Combined TRACON& Tower with Radar,65,56,24,0,145,0,0,23,1,24,65,56,47,1,169,0,0,0,169
02/04/2015,ORF,VA,AEA,EN,Combined TRACON& Tower with Radar,65,62,19,0,146,0,0,43,1,44,65,62,62,1,190,42,0,42,232
02/05/2015,ORF,VA,AEA,EN,Combined TRACON& Tower with Radar,70,64,16,0,150,0,0,4,0,4,70,64,20,0,154,0,0,0,154
02/06/2015,ORF,VA,AEA,EN,Combined TRACON& Tower with Radar,69,69,25,0,163,0,0,12,2,14,69,69,37,2,177,0,0,0,177
02/07/2015,ORF,VA,AEA,EN,Combined TRACON& Tower with Radar,43,59,27,0,129,0,0,25,1,26,43,59,52,1,155,0,0,0,155
02/08/2015,ORF,VA,AEA,EN,Combined TRACON& Tower with Radar,53,65,28,0,146,0,0,10,2,12,53,65,38,2,158,0,0,0,158
02/09/2015,ORF,VA,AEA,EN,Combined TRACON& Tower with Radar,64,55,16,0,135,0,0,2,0,2,64,55,18,0,137,0,0,0,137
02/10/2015,ORF,VA,AEA,EN,Combined TRACON& Tower with Radar,65,63,24,0,152,0,0,12,0,12,65,63,36,0,164,36,0,36,200
02/11/2015,ORF,VA,AEA,EN,Combined TRACON& Tower with Radar,67,62,29,0,158,0,0,7,0,7,67,62,36,0,165,0,0,0,165
02/12/2015,ORF,VA,AEA,EN,Combined TRACON& Tower with Radar,68,63,33,0,164,0,0,3,0,3,68,63,36,0,167,35,83,118,285
02/13/2015,ORF,VA,AEA,EN,Combined TRACON& Tower with Radar,66,73,21,0,160,0,0,17,0,17,66,73,38,0,177,0,0,0,177
02/14/2015,ORF,VA,AEA,EN,Combined TRACON& Tower with Radar,65,60,16,1,142,0,2,9,0,11,65,62,25,1,153,0,0,0,153
02/15/2015,ORF,VA,AEA,EN,Combined TRACON& Tower with Radar,48,71,14,0,133,0,0,0,0,0,48,71,14,0,133,0,0,0,133
02/16/2015,ORF,VA,AEA,EN,Combined TRACON& Tower with Radar,53,57,37,1,148,0,0,2,0,2,53,57,39,1,150,0,0,0,150
02/17/2015,ORF,VA,AEA,EN,Combined TRACON& Tower with Radar,51,47,8,6,112,0,0,3,1,4,51,47,11,7,116,0,0,0,116
02/18/2015,ORF,VA,AEA,EN,Combined TRACON& Tower with Radar,72,73,24,0,169,0,1,3,0,4,72,74,27,0,173,0,0,0,173
02/19/2015,ORF,VA,AEA,EN,Combined TRACON& Tower with Radar,67,70,29,0,166,0,0,9,0,9,67,70,38,0,175,0,0,0,175
02/20/2015,ORF,VA,AEA,EN,Combined TRACON& Tower with Radar,67,63,32,2,164,0,0,24,0,24,67,63,56,2,188,0,0,0,188
02/21/2015,ORF,VA,AEA,EN,Combined TRACON& Tower with Radar,61,57,11,0,129,0,0,10,0,10,61,57,21,0,139,0,0,0,139
02/22/2015,ORF,VA,AEA,EN,Combined TRACON& Tower with Radar,49,69,25,3,146,0,0,2,0,2,49,69,27,3,148,0,0,0,148
02/23/2015,ORF,VA,AEA,EN,Combined TRACON& Tower with Radar,67,69,9,0,145,0,0,0,0,0,67,69,9,0,145,0,0,0,145
02/24/2015,ORF,VA,AEA,EN,Combined TRACON& Tower with Radar,58,62,30,1,151,0,0,2,0,2,58,62,32,1,153,0,0,0,153
02/25/2015,ORF,VA,AEA,EN,Combined TRACON& Tower with Radar,60,71,34,1,166,0,0,25,1,26,60,71,59,2,192,0,0,0,192
02/26/2015,ORF,VA,AEA,EN,Combined TRACON& Tower with Radar,54,44,12,2,112,0,0,1,0,1,54,44,13,2,113,0,0,0,113
02/27/2015,ORF,VA,AEA,EN,Combined TRACON& Tower with Radar,67,63,34,1,165,0,0,13,1,14,67,63,47,2,179,0,0,0,179
02/28/2015,ORF,VA,AEA,EN,Combined TRACON& Tower with Radar,45,62,13,0,120,0,0,15,0,15,45,62,28,0,135,0,0,0,135
03/01/2015,ORF,VA,AEA,EN,Combined TRACON& Tower with Radar,61,54,12,0,127,0,0,4,0,4,61,54,16,0,131,0,0,0,131
03/02/2015,ORF,VA,AEA,EN,Combined TRACON& Tower with Radar,64,62,31,0,157,0,0,5,0,5,64,62,36,0,162,0,0,0,162
03/03/2015,ORF,VA,AEA,EN,Combined TRACON& Tower with Radar,70,56,24,0,150,0,0,3,1,4,70,56,27,1,154,0,0,0,154
03/04/2015,ORF,VA,AEA,EN,Combined TRACON& Tower with Radar,60,73,28,4,165,0,0,6,0,6,60,73,34,4,171,0,0,0,171
03/05/2015,ORF,VA,AEA,EN,Combined TRACON& Tower with Radar,51,34,16,0,101,0,0,0,0,0,51,34,16,0,101,0,0,0,101
03/06/2015,ORF,VA,AEA,EN,Combined TRACON& Tower with Radar,74,62,30,2,168,0,0,18,1,19,74,62,48,3,187,15,0,15,202
03/07/2015,ORF,VA,AEA,EN,Combined TRACON& Tower with Radar,51,63,17,0,131,0,0,20,0,20,51,63,37,0,151,0,0,0,151
03/08/2015,ORF,VA,AEA,EN,Combined TRACON& Tower with Radar,57,76,27,0,160,0,0,19,0,19,57,76,46,0,179,0,0,0,179
03/09/2015,ORF,VA,AEA,EN,Combined TRACON& Tower with Radar,76,52,19,0,147,0,0,13,2,15,76,52,32,2,162,9,0,9,171
03/10/2015,ORF,VA,AEA,EN,Combined TRACON& Tower with Radar,73,62,23,1,159,0,0,14,1,15,73,62,37,2,174,2,0,2,176
03/11/2015,ORF,VA,AEA,EN,Combined TRACON& Tower with Radar,75,57,30,0,162,0,0,8,52,60,75,57,38,52,222,16,0,16,238
03/12/2015,ORF,VA,AEA,EN,Combined TRACON& Tower with Radar,75,57,37,0,169,0,1,24,0,25,75,58,61,0,194,0,0,0,194
03/13/2015,ORF,VA,AEA,EN,Combined TRACON& Tower with Radar,78,56,31,0,165,0,0,18,0,18,78,56,49,0,183,0,0,0,183
03/14/2015,ORF,VA,AEA,EN,Combined TRACON& Tower with Radar,59,55,20,0,134,0,0,0,0,0,59,55,20,0,134,0,0,0,134
03/15/2015,ORF,VA,AEA,EN,Combined TRACON& Tower with Radar,57,71,21,0,149,0,0,7,0,7,57,71,28,0,156,0,0,0,156
03/16/2015,ORF,VA,AEA,EN,Combined TRACON& Tower with Radar,72,54,18,0,144,0,1,11,14,26,72,55,29,14,170,2,0,2,172
03/17/2015,ORF,VA,AEA,EN,Combined TRACON& Tower with Radar,74,60,26,2,162,0,0,16,1,17,74,60,42,3,179,0,0,0,179
03/18/2015,ORF,VA,AEA,EN,Combined TRACON& Tower with Radar,76,52,43,0,171,0,0,27,12,39,76,52,70,12,210,4,0,4,214
03/19/2015,ORF,VA,AEA,EN,Combined TRACON& Tower with Radar,76,64,35,1,176,0,0,18,3,21,76,64,53,4,197,6,0,6,203
03/20/2015,ORF,VA,AEA,EN,Combined TRACON& Tower with Radar,73,54,41,0,168,0,0,1,0,1,73,54,42,0,169,0,0,0,169
03/21/2015,ORF,VA,AEA,EN,Combined TRACON& Tower with Radar,49,48,29,0,126,0,0,17,0,17,49,48,46,0,143,6,0,6,149
03/22/2015,ORF,VA,AEA,EN,Combined TRACON& Tower with Radar,62,70,38,0,170,0,0,15,0,15,62,70,53,0,185,0,0,0,185
03/23/2015,ORF,VA,AEA,EN,Combined TRACON& Tower with Radar,71,57,15,0,143,0,0,5,0,5,71,57,20,0,148,0,0,0,148
03/24/2015,ORF,VA,AEA,EN,Combined TRACON& Tower with Radar,73,65,39,0,177,0,0,21,0,21,73,65,60,0,198,0,0,0,198
03/25/2015,ORF,VA,AEA,EN,Combined TRACON& Tower with Radar,74,59,32,14,179,0,0,8,0,8,74,59,40,14,187,0,0,0,187
03/26/2015,ORF,VA,AEA,EN,Combined TRACON& Tower with Radar,71,57,34,8,170,0,0,12,8,20,71,57,46,16,190,70,0,70,260
03/27/2015,ORF,VA,AEA,EN,Combined TRACON& Tower with Radar,72,67,38,2,179,0,0,0,0,0,72,67,38,2,179,0,0,0,179
03/28/2015,ORF,VA,AEA,EN,Combined TRACON& Tower with Radar,51,58,29,0,138,0,0,2,0,2,51,58,31,0,140,0,0,0,140
03/29/2015,ORF,VA,AEA,EN,Combined TRACON& Tower with Radar,58,76,31,0,165,0,0,18,2,20,58,76,49,2,185,30,0,30,215
03/30/2015,ORF,VA,AEA,EN,Combined TRACON& Tower with Radar,70,66,32,0,168,0,0,9,0,9,70,66,41,0,177,0,0,0,177
03/31/2015,ORF,VA,AEA,EN,Combined TRACON& Tower with Radar,70,66,34,0,170,0,2,18,0,20,70,68,52,0,190,0,0,0,190
04/01/2015,ORF,VA,AEA,EN,Combined TRACON& Tower with Radar,72,65,18,0,155,0,0,24,0,24,72,65,42,0,179,14,0,14,193
04/02/2015,ORF,VA,AEA,EN,Combined TRACON& Tower with Radar,74,67,27,0,168,0,0,21,0,21,74,67,48,0,189,4,0,4,193
04/03/2015,ORF,VA,AEA,EN,Combined TRACON& Tower with Radar,67,70,31,0,168,0,0,17,0,17,67,70,48,0,185,10,0,10,195
04/04/2015,ORF,VA,AEA,EN,Combined TRACON& Tower with Radar,48,53,17,0,118,0,1,18,0,19,48,54,35,0,137,14,0,14,151
04/05/2015,ORF,VA,AEA,EN,Combined TRACON& Tower with Radar,55,66,20,0,141,0,0,13,1,14,55,66,33,1,155,0,0,0,155
04/06/2015,ORF,VA,AEA,EN,Combined TRACON& Tower with Radar,66,72,18,0,156,0,0,15,2,17,66,72,33,2,173,0,0,0,173
04/07/2015,ORF,VA,AEA,EN,Combined TRACON& Tower with Radar,72,69,36,0,177,0,0,16,0,16,72,69,52,0,193,0,0,0,193
04/08/2015,ORF,VA,AEA,EN,Combined TRACON& Tower with Radar,76,72,44,0,192,0,0,1,0,1,76,72,45,0,193,0,0,0,193
04/09/2015,ORF,VA,AEA,EN,Combined TRACON& Tower with Radar,80,66,19,2,167,0,0,0,0,0,80,66,19,2,167,0,0,0,167
04/10/2015,ORF,VA,AEA,EN,Combined TRACON& Tower with Radar,72,74,25,1,172,0,0,8,0,8,72,74,33,1,180,0,0,0,180
04/11/2015,ORF,VA,AEA,EN,Combined TRACON& Tower with Radar,66,52,23,0,141,0,0,24,0,24,66,52,47,0,165,0,0,0,165
04/12/2015,ORF,VA,AEA,EN,Combined TRACON& Tower with Radar,66,72,23,0,161,0,0,23,0,23,66,72,46,0,184,0,0,0,184
04/13/2015,ORF,VA,AEA,EN,Combined TRACON& Tower with Radar,73,70,34,0,177,0,0,11,0,11,73,70,45,0,188,0,0,0,188
04/14/2015,ORF,VA,AEA,EN,Combined TRACON& Tower with Radar,79,66,40,0,185,0,0,3,0,3,79,66,43,0,188,0,0,0,188
04/15/2015,ORF,VA,AEA,EN,Combined TRACON& Tower with Radar,79,66,37,0,182,0,0,14,0,14,79,66,51,0,196,0,0,0,196
04/16/2015,ORF,VA,AEA,EN,Combined TRACON& Tower with Radar,80,66,45,0,191,0,0,19,0,19,80,66,64,0,210,4,2,6,216
04/17/2015,ORF,VA,AEA,EN,Combined TRACON& Tower with Radar,79,74,36,0,189,0,0,13,0,13,79,74,49,0,202,0,0,0,202
04/18/2015,ORF,VA,AEA,EN,Combined TRACON& Tower with Radar,57,54,19,0,130,0,0,17,0,17,57,54,36,0,147,0,0,0,147
04/19/2015,ORF,VA,AEA,EN,Combined TRACON& Tower with Radar,70,69,33,0,172,0,0,14,0,14,70,69,47,0,186,0,0,0,186
04/20/2015,ORF,VA,AEA,EN,Combined TRACON& Tower with Radar,74,62,23,2,161,0,0,7,3,10,74,62,30,5,171,0,0,0,171
04/21/2015,ORF,VA,AEA,EN,Combined TRACON& Tower with Radar,78,75,29,3,185,0,0,12,1,13,78,75,41,4,198,0,0,0,198
04/22/2015,ORF,VA,AEA,EN,Combined TRACON& Tower with Radar,75,70,26,0,171,0,1,7,0,8,75,71,33,0,179,0,0,0,179
04/23/2015,ORF,VA,AEA,EN,Combined TRACON& Tower with Radar,80,71,40,2,193,0,0,21,0,21,80,71,61,2,214,6,182,188,402
04/24/2015,ORF,VA,AEA,EN,Combined TRACON& Tower with Radar,81,79,37,2,199,0,1,14,1,16,81,80,51,3,215,12,0,12,227
04/25/2015,ORF,VA,AEA,EN,Combined TRACON& Tower with Radar,57,52,31,0,140,0,0,13,0,13,57,52,44,0,153,10,0,10,163
04/26/2015,ORF,VA,AEA,EN,Combined TRACON& Tower with Radar,66,73,34,0,173,0,0,4,0,4,66,73,38,0,177,0,0,0,177
04/27/2015,ORF,VA,AEA,EN,Combined TRACON& Tower with Radar,76,67,34,0,177,0,0,14,0,14,76,67,48,0,191,0,0,0,191
04/28/2015,ORF,VA,AEA,EN,Combined TRACON& Tower with Radar,77,69,45,0,191,0,1,13,1,15,77,70,58,1,206,0,0,0,206
04/29/2015,ORF,VA,AEA,EN,Combined TRACON& Tower with Radar,77,71,36,0,184,0,0,17,1,18,77,71,53,1,202,0,0,0,202
04/30/2015,ORF,VA,AEA,EN,Combined TRACON& Tower with Radar,80,68,55,2,205,0,0,7,0,7,80,68,62,2,212,0,0,0,212
05/01/2015,ORF,VA,AEA,EN,Combined TRACON& Tower with Radar,72,70,34,1,177,0,0,3,1,4,72,70,37,2,181,4,14,18,199
05/02/2015,ORF,VA,AEA,EN,Combined TRACON& Tower with Radar,62,47,32,0,141,0,0,25,0,25,62,47,57,0,166,0,0,0,166
05/03/2015,ORF,VA,AEA,EN,Combined TRACON& Tower with Radar,65,76,36,1,178,0,2,10,0,12,65,78,46,1,190,0,0,0,190
05/04/2015,ORF,VA,AEA,EN,Combined TRACON& Tower with Radar,75,70,35,1,181,0,1,30,1,32,75,71,65,2,213,0,0,0,213
05/05/2015,ORF,VA,AEA,EN,Combined TRACON& Tower with Radar,76,72,40,2,190,0,2,21,1,24,76,74,61,3,214,0,0,0,214
05/06/2015,ORF,VA,AEA,EN,Combined TRACON& Tower with Radar,80,64,40,2,186,0,0,23,0,23,80,64,63,2,209,0,0,0,209
05/07/2015,ORF,VA,AEA,EN,Combined TRACON& Tower with Radar,85,63,53,1,202,0,0,29,1,30,85,63,82,2,232,0,0,0,232
05/08/2015,ORF,VA,AEA,EN,Combined TRACON& Tower with Radar,87,62,38,0,187,0,0,17,0,17,87,62,55,0,204,0,0,0,204
05/09/2015,ORF,VA,AEA,EN,Combined TRACON& Tower with Radar,72,44,35,0,151,0,0,13,0,13,72,44,48,0,164,0,0,0,164
05/10/2015,ORF,VA,AEA,EN,Combined TRACON& Tower with Radar,73,61,36,1,171,0,0,7,1,8,73,61,43,2,179,0,0,0,179
05/11/2015,ORF,VA,AEA,EN,Combined TRACON& Tower with Radar,81,56,28,4,169,0,0,0,0,0,81,56,28,4,169,0,0,0,169
05/12/2015,ORF,VA,AEA,EN,Combined TRACON& Tower with Radar,92,62,27,2,183,0,1,24,5,30,92,63,51,7,213,0,0,0,213
05/13/2015,ORF,VA,AEA,EN,Combined TRACON& Tower with Radar,88,68,46,1,203,0,2,48,20,70,88,70,94,21,273,12,0,12,285
05/14/2015,ORF,VA,AEA,EN,Combined TRACON& Tower with Radar,88,61,53,5,207,0,0,43,1,44,88,61,96,6,251,0,0,0,251
05/15/2015,ORF,VA,AEA,EN,Combined TRACON& Tower with Radar,87,60,39,1,187,0,4,32,1,37,87,64,71,2,224,2,0,2,226
05/16/2015,ORF,VA,AEA,EN,Combined TRACON& Tower with Radar,65,53,16,2,136,0,0,19,1,20,65,53,35,3,156,0,0,0,156
05/17/2015,ORF,VA,AEA,EN,Combined TRACON& Tower with Radar,71,70,33,3,177,0,0,23,3,26,71,70,56,6,203,0,0,0,203
05/18/2015,ORF,VA,AEA,EN,Combined TRACON& Tower with Radar,87,56,25,1,169,0,0,29,5,34,87,56,54,6,203,0,0,0,203
05/19/2015,ORF,VA,AEA,EN,Combined TRACON& Tower with Radar,91,61,45,5,202,0,0,27,1,28,91,61,72,6,230,0,0,0,230
05/20/2015,ORF,VA,AEA,EN,Combined TRACON& Tower with Radar,87,63,54,5,209,0,0,37,1,38,87,63,91,6,247,0,0,0,247
05/21/2015,ORF,VA,AEA,EN,Combined TRACON& Tower with Radar,88,61,42,0,191,0,0,6,0,6,88,61,48,0,197,0,0,0,197
05/22/2015,ORF,VA,AEA,EN,Combined TRACON& Tower with Radar,87,63,39,0,189,0,0,22,0,22,87,63,61,0,211,0,0,0,211
05/23/2015,ORF,VA,AEA,EN,Combined TRACON& Tower with Radar,64,47,26,0,137,0,0,23,0,23,64,47,49,0,160,0,0,0,160
05/24/2015,ORF,VA,AEA,EN,Combined TRACON& Tower with Radar,60,47,12,0,119,0,0,15,1,16,60,47,27,1,135,0,0,0,135
05/25/2015,ORF,VA,AEA,EN,Combined TRACON& Tower with Radar,75,59,14,0,148,0,0,23,0,23,75,59,37,0,171,0,0,0,171
05/26/2015,ORF,VA,AEA,EN,Combined TRACON& Tower with Radar,78,54,41,1,174,0,0,22,0,22,78,54,63,1,196,0,0,0,196
05/27/2015,ORF,VA,AEA,EN,Combined TRACON& Tower with Radar,90,53,48,0,191,0,0,16,0,16,90,53,64,0,207,0,0,0,207
05/28/2015,ORF,VA,AEA,EN,Combined TRACON& Tower with Radar,90,69,58,1,218,0,0,16,0,16,90,69,74,1,234,0,0,0,234
05/29/2015,ORF,VA,AEA,EN,Combined TRACON& Tower with Radar,87,58,51,0,196,0,0,28,0,28,87,58,79,0,224,0,0,0,224
05/30/2015,ORF,VA,AEA,EN,Combined TRACON& Tower with Radar,64,35,35,1,135,0,0,7,0,7,64,35,42,1,142,0,0,0,142
05/31/2015,ORF,VA,AEA,EN,Combined TRACON& Tower with Radar,76,57,23,1,157,0,0,24,0,24,76,57,47,1,181,0,0,0,181
06/01/2015,ORF,VA,AEA,EN,Combined TRACON& Tower with Radar,93,45,28,0,166,0,0,18,0,18,93,45,46,0,184,0,0,0,184
06/02/2015,ORF,VA,AEA,EN,Combined TRACON& Tower with Radar,88,63,18,1,170,0,0,15,0,15,88,63,33,1,185,0,0,0,185
06/03/2015,ORF,VA,AEA,EN,Combined TRACON& Tower with Radar,83,67,35,0,185,0,0,0,0,0,83,67,35,0,185,0,0,0,185
06/04/2015,ORF,VA,AEA,EN,Combined TRACON& Tower with Radar,87,68,27,0,182,0,0,0,0,0,87,68,27,0,182,0,0,0,182
06/05/2015,ORF,VA,AEA,EN,Combined TRACON& Tower with Radar,93,72,41,0,206,0,0,4,0,4,93,72,45,0,210,0,0,0,210
06/06/2015,ORF,VA,AEA,EN,Combined TRACON& Tower with Radar,72,49,26,0,147,0,0,9,0,9,72,49,35,0,156,0,0,0,156
06/07/2015,ORF,VA,AEA,EN,Combined TRACON& Tower with Radar,88,68,22,0,178,0,0,13,0,13,88,68,35,0,191,0,0,0,191
06/08/2015,ORF,VA,AEA,EN,Combined TRACON& Tower with Radar,90,62,26,0,178,0,0,29,2,31,90,62,55,2,209,0,0,0,209
06/09/2015,ORF,VA,AEA,EN,Combined TRACON& Tower with Radar,81,68,25,0,174,0,0,14,0,14,81,68,39,0,188,0,0,0,188
06/10/2015,ORF,VA,AEA,EN,Combined TRACON& Tower with Radar,89,78,46,0,213,0,0,28,4,32,89,78,74,4,245,16,0,16,261
06/11/2015,ORF,VA,AEA,EN,Combined TRACON& Tower with Radar,88,68,59,0,215,0,0,27,0,27,88,68,86,0,242,0,0,0,242
06/12/2015,ORF,VA,AEA,EN,Combined TRACON& Tower with Radar,89,65,36,0,190,0,1,28,0,29,89,66,64,0,219,20,2,22,241
06/13/2015,ORF,VA,AEA,EN,Combined TRACON& Tower with Radar,87,51,20,0,158,0,0,16,0,16,87,51,36,0,174,0,0,0,174
06/14/2015,ORF,VA,AEA,EN,Combined TRACON& Tower with Radar,86,72,24,0,182,0,0,20,0,20,86,72,44,0,202,0,0,0,202
06/15/2015,ORF,VA,AEA,EN,Combined TRACON& Tower with Radar,85,58,26,0,169,0,0,21,0,21,85,58,47,0,190,17,0,17,207
06/16/2015,ORF,VA,AEA,EN,Combined TRACON& Tower with Radar,85,64,33,2,184,0,0,18,0,18,85,64,51,2,202,0,0,0,202
06/17/2015,ORF,VA,AEA,EN,Combined TRACON& Tower with Radar,89,69,63,5,226,0,0,44,2,46,89,69,107,7,272,6,0,6,278
06/18/2015,ORF,VA,AEA,EN,Combined TRACON& Tower with Radar,91,74,37,0,202,0,0,17,0,17,91,74,54,0,219,0,0,0,219
06/19/2015,ORF,VA,AEA,EN,Combined TRACON& Tower with Radar,97,76,27,0,200,0,0,35,0,35,97,76,62,0,235,0,0,0,235
06/20/2015,ORF,VA,AEA,EN,Combined TRACON& Tower with Radar,88,54,36,0,178,0,0,16,0,16,88,54,52,0,194,0,0,0,194
06/21/2015,ORF,VA,AEA,EN,Combined TRACON& Tower with Radar,91,66,25,0,182,0,0,9,0,9,91,66,34,0,191,0,0,0,191
06/22/2015,ORF,VA,AEA,EN,Combined TRACON& Tower with Radar,84,71,34,0,189,0,0,37,0,37,84,71,71,0,226,0,0,0,226
06/23/2015,ORF,VA,AEA,EN,Combined TRACON& Tower with Radar,104,56,24,2,186,0,0,33,2,35,104,56,57,4,221,0,0,0,221
06/24/2015,ORF,VA,AEA,EN,Combined TRACON& Tower with Radar,85,88,61,1,235,0,0,36,0,36,85,88,97,1,271,8,0,8,279
06/25/2015,ORF,VA,AEA,EN,Combined TRACON& Tower with Radar,94,73,29,0,196,0,0,23,0,23,94,73,52,0,219,0,0,0,219
06/26/2015,ORF,VA,AEA,EN,Combined TRACON& Tower with Radar,87,65,47,1,200,0,0,16,1,17,87,65,63,2,217,0,0,0,217
06/27/2015,ORF,VA,AEA,EN,Combined TRACON& Tower with Radar,92,44,24,2,162,0,0,2,0,2,92,44,26,2,164,0,0,0,164
06/28/2015,ORF,VA,AEA,EN,Combined TRACON& Tower with Radar,91,71,27,1,190,0,0,20,0,20,91,71,47,1,210,0,0,0,210
06/29/2015,ORF,VA,AEA,EN,Combined TRACON& Tower with Radar,89,66,33,0,188,0,0,23,2,25,89,66,56,2,213,0,0,0,213
06/30/2015,ORF,VA,AEA,EN,Combined TRACON& Tower with Radar,87,58,20,0,165,0,0,30,1,31,87,58,50,1,196,0,0,0,196
07/01/2015,ORF,VA,AEA,EN,Combined TRACON& Tower with Radar,90,70,29,0,189,0,0,24,0,24,90,70,53,0,213,0,0,0,213
07/02/2015,ORF,VA,AEA,EN,Combined TRACON& Tower with Radar,90,69,45,0,204,0,0,19,0,19,90,69,64,0,223,0,0,0,223
07/03/2015,ORF,VA,AEA,EN,Combined TRACON& Tower with Radar,68,55,20,0,143,0,0,16,0,16,68,55,36,0,159,0,0,0,159
07/04/2015,ORF,VA,AEA,EN,Combined TRACON& Tower with Radar,67,47,4,0,118,0,0,9,0,9,67,47,13,0,127,0,0,0,127
07/05/2015,ORF,VA,AEA,EN,Combined TRACON& Tower with Radar,80,78,15,0,173,0,0,10,0,10,80,78,25,0,183,0,0,0,183
07/06/2015,ORF,VA,AEA,EN,Combined TRACON& Tower with Radar,86,74,40,0,200,0,0,24,0,24,86,74,64,0,224,8,0,8,232
07/07/2015,ORF,VA,AEA,EN,Combined TRACON& Tower with Radar,81,72,29,2,184,0,0,23,0,23,81,72,52,2,207,0,0,0,207
07/08/2015,ORF,VA,AEA,EN,Combined TRACON& Tower with Radar,81,75,47,4,207,0,0,34,0,34,81,75,81,4,241,0,0,0,241
07/09/2015,ORF,VA,AEA,EN,Combined TRACON& Tower with Radar,83,73,47,3,206,0,0,26,0,26,83,73,73,3,232,0,0,0,232
07/10/2015,ORF,VA,AEA,EN,Combined TRACON& Tower with Radar,82,73,47,0,202,0,0,30,1,31,82,73,77,1,233,0,0,0,233
07/11/2015,ORF,VA,AEA,EN,Combined TRACON& Tower with Radar,79,57,19,0,155,0,0,4,1,5,79,57,23,1,160,0,0,0,160
07/12/2015,ORF,VA,AEA,EN,Combined TRACON& Tower with Radar,73,77,32,0,182,0,0,30,0,30,73,77,62,0,212,0,0,0,212
07/13/2015,ORF,VA,AEA,EN,Combined TRACON& Tower with Radar,77,64,34,4,179,0,0,13,0,13,77,64,47,4,192,0,0,0,192
07/14/2015,ORF,VA,AEA,EN,Combined TRACON& Tower with Radar,78,76,34,1,189,0,1,15,0,16,78,77,49,1,205,38,0,38,243
07/15/2015,ORF,VA,AEA,EN,Combined TRACON& Tower with Radar,90,70,55,0,215,0,1,16,0,17,90,71,71,0,232,22,0,22,254
07/16/2015,ORF,VA,AEA,EN,Combined TRACON& Tower with Radar,83,75,30,2,190,0,0,30,0,30,83,75,60,2,220,0,0,0,220
07/17/2015,ORF,VA,AEA,EN,Combined TRACON& Tower with Radar,81,89,43,3,216,0,0,24,1,25,81,89,67,4,241,0,0,0,241
07/18/2015,ORF,VA,AEA,EN,Combined TRACON& Tower with Radar,81,60,24,2,167,0,0,12,0,12,81,60,36,2,179,0,0,0,179
07/19/2015,ORF,VA,AEA,EN,Combined TRACON& Tower with Radar,72,84,21,0,177,0,0,18,0,18,72,84,39,0,195,4,0,4,199
07/20/2015,ORF,VA,AEA,EN,Combined TRACON& Tower with Radar,86,63,16,2,167,0,0,21,3,24,86,63,37,5,191,0,0,0,191
07/21/2015,ORF,VA,AEA,EN,Combined TRACON& Tower with Radar,86,62,34,2,184,0,0,20,11,31,86,62,54,13,215,0,0,0,215
07/22/2015,ORF,VA,AEA,EN,Combined TRACON& Tower with Radar,86,70,33,5,194,0,0,32,0,32,86,70,65,5,226,0,0,0,226
07/23/2015,ORF,VA,AEA,EN,Combined TRACON& Tower with Radar,93,64,49,6,212,0,0,32,0,32,93,64,81,6,244,4,42,46,290
07/24/2015,ORF,VA,AEA,EN,Combined TRACON& Tower with Radar,85,69,29,0,183,0,3,38,0,41,85,72,67,0,224,24,0,24,248
07/25/2015,ORF,VA,AEA,EN,Combined TRACON& Tower with Radar,83,62,16,0,161,0,0,25,2,27,83,62,41,2,188,0,0,0,188
07/26/2015,ORF,VA,AEA,EN,Combined TRACON& Tower with Radar,80,71,41,0,192,0,0,16,0,16,80,71,57,0,208,0,0,0,208
07/27/2015,ORF,VA,AEA,EN,Combined TRACON& Tower with Radar,88,76,31,2,197,0,0,25,4,29,88,76,56,6,226,0,0,0,226
07/28/2015,ORF,VA,AEA,EN,Combined TRACON& Tower with Radar,86,68,35,4,193,0,0,14,2,16,86,68,49,6,209,0,0,0,209
07/29/2015,ORF,VA,AEA,EN,Combined TRACON& Tower with Radar,89,68,46,2,205,0,0,21,0,21,89,68,67,2,226,2,0,2,228
07/30/2015,ORF,VA,AEA,EN,Combined TRACON& Tower with Radar,118,61,40,0,219,0,0,33,0,33,118,61,73,0,252,0,0,0,252
07/31/2015,ORF,VA,AEA,EN,Combined TRACON& Tower with Radar,86,69,44,0,199,0,0,38,0,38,86,69,82,0,237,26,0,26,263
08/01/2015,ORF,VA,AEA,EN,Combined TRACON& Tower with Radar,82,65,29,0,176,0,0,24,0,24,82,65,53,0,200,0,0,0,200
08/02/2015,ORF,VA,AEA,EN,Combined TRACON& Tower with Radar,66,79,36,0,181,0,0,9,0,9,66,79,45,0,190,0,0,0,190
08/03/2015,ORF,VA,AEA,EN,Combined TRACON& Tower with Radar,85,66,33,0,184,0,0,16,0,16,85,66,49,0,200,0,0,0,200
08/04/2015,ORF,VA,AEA,EN,Combined TRACON& Tower with Radar,84,71,39,1,195,0,1,21,0,22,84,72,60,1,217,0,0,0,217
08/05/2015,ORF,VA,AEA,EN,Combined TRACON& Tower with Radar,88,77,42,0,207,0,0,34,0,34,88,77,76,0,241,7,0,7,248
08/06/2015,ORF,VA,AEA,EN,Combined TRACON& Tower with Radar,88,67,49,0,204,0,0,11,0,11,88,67,60,0,215,0,0,0,215
08/07/2015,ORF,VA,AEA,EN,Combined TRACON& Tower with Radar,88,63,34,1,186,0,0,2,1,3,88,63,36,2,189,0,0,0,189
08/08/2015,ORF,VA,AEA,EN,Combined TRACON& Tower with Radar,72,66,30,0,168,0,0,8,0,8,72,66,38,0,176,0,0,0,176
08/09/2015,ORF,VA,AEA,EN,Combined TRACON& Tower with Radar,71,82,36,0,189,0,0,25,0,25,71,82,61,0,214,27,0,27,241
08/10/2015,ORF,VA,AEA,EN,Combined TRACON& Tower with Radar,83,62,23,0,168,0,0,25,0,25,83,62,48,0,193,0,0,0,193
08/11/2015,ORF,VA,AEA,EN,Combined TRACON& Tower with Radar,75,69,31,0,175,0,1,12,0,13,75,70,43,0,188,0,0,0,188
08/12/2015,ORF,VA,AEA,EN,Combined TRACON& Tower with Radar,87,68,42,0,197,0,2,24,0,26,87,70,66,0,223,4,0,4,227
08/13/2015,ORF,VA,AEA,EN,Combined TRACON& Tower with Radar,89,66,32,0,187,0,2,27,0,29,89,68,59,0,216,0,0,0,216
08/14/2015,ORF,VA,AEA,EN,Combined TRACON& Tower with Radar,85,67,43,0,195,0,0,30,0,30,85,67,73,0,225,6,0,6,231
08/15/2015,ORF,VA,AEA,EN,Combined TRACON& Tower with Radar,45,62,20,0,127,0,1,31,0,32,45,63,51,0,159,0,0,0,159
08/16/2015,ORF,VA,AEA,EN,Combined TRACON& Tower with Radar,73,78,32,0,183,0,0,14,0,14,73,78,46,0,197,0,0,0,197
08/17/2015,ORF,VA,AEA,EN,Combined TRACON& Tower with Radar,86,66,35,1,188,0,0,24,0,24,86,66,59,1,212,0,0,0,212
08/18/2015,ORF,VA,AEA,EN,Combined TRACON& Tower with Radar,82,73,54,0,209,0,0,16,1,17,82,73,70,1,226,0,0,0,226
08/19/2015,ORF,VA,AEA,EN,Combined TRACON& Tower with Radar,77,79,47,0,203,0,0,14,1,15,77,79,61,1,218,0,0,0,218
08/20/2015,ORF,VA,AEA,EN,Combined TRACON& Tower with Radar,72,70,37,0,179,0,0,11,0,11,72,70,48,0,190,0,0,0,190
08/21/2015,ORF,VA,AEA,EN,Combined TRACON& Tower with Radar,85,82,42,0,209,0,0,14,0,14,85,82,56,0,223,2,0,2,225
08/22/2015,ORF,VA,AEA,EN,Combined TRACON& Tower with Radar,64,64,21,0,149,0,0,18,0,18,64,64,39,0,167,0,0,0,167
08/23/2015,ORF,VA,AEA,EN,Combined TRACON& Tower with Radar,68,82,35,0,185,0,0,14,0,14,68,82,49,0,199,0,0,0,199
08/24/2015,ORF,VA,AEA,EN,Combined TRACON& Tower with Radar,80,71,18,2,171,0,0,27,0,27,80,71,45,2,198,0,0,0,198
08/25/2015,ORF,VA,AEA,EN,Combined TRACON& Tower with Radar,78,92,39,2,211,0,0,19,0,19,78,92,58,2,230,0,0,0,230
08/26/2015,ORF,VA,AEA,EN,Combined TRACON& Tower with Radar,76,88,48,3,215,0,0,31,2,33,76,88,79,5,248,0,0,0,248
08/27/2015,ORF,VA,AEA,EN,Combined TRACON& Tower with Radar,82,84,53,0,219,0,2,42,1,45,82,86,95,1,264,18,14,32,296
08/28/2015,ORF,VA,AEA,EN,Combined TRACON& Tower with Radar,76,75,28,0,179,0,1,30,0,31,76,76,58,0,210,0,0,0,210
08/29/2015,ORF,VA,AEA,EN,Combined TRACON& Tower with Radar,71,57,23,0,151,0,0,23,0,23,71,57,46,0,174,0,0,0,174
08/30/2015,ORF,VA,AEA,EN,Combined TRACON& Tower with Radar,65,73,39,0,177,0,0,12,0,12,65,73,51,0,189,0,0,0,189
08/31/2015,ORF,VA,AEA,EN,Combined TRACON& Tower with Radar,80,71,29,0,180,0,0,14,0,14,80,71,43,0,194,0,0,0,194
09/01/2015,ORF,VA,AEA,EN,Combined TRACON& Tower with Radar,76,80,40,0,196,0,1,10,0,11,76,81,50,0,207,0,0,0,207
09/02/2015,ORF,VA,AEA,EN,Combined TRACON& Tower with Radar,78,79,53,5,215,0,0,22,0,22,78,79,75,5,237,0,0,0,237
09/03/2015,ORF,VA,AEA,EN,Combined TRACON& Tower with Radar,81,82,48,0,211,0,0,19,0,19,81,82,67,0,230,0,0,0,230
09/04/2015,ORF,VA,AEA,EN,Combined TRACON& Tower with Radar,78,87,39,0,204,0,0,23,0,23,78,87,62,0,227,0,0,0,227
09/05/2015,ORF,VA,AEA,EN,Combined TRACON& Tower with Radar,68,63,28,0,159,0,0,8,0,8,68,63,36,0,167,0,0,0,167
09/06/2015,ORF,VA,AEA,EN,Combined TRACON& Tower with Radar,55,60,18,0,133,0,0,9,0,9,55,60,27,0,142,0,0,0,142
09/07/2015,ORF,VA,AEA,EN,Combined TRACON& Tower with Radar,62,75,37,0,174,0,0,32,3,35,62,75,69,3,209,0,0,0,209
09/08/2015,ORF,VA,AEA,EN,Combined TRACON& Tower with Radar,75,76,45,0,196,0,2,16,0,18,75,78,61,0,214,0,0,0,214
09/09/2015,ORF,VA,AEA,EN,Combined TRACON& Tower with Radar,74,69,39,2,184,0,0,24,2,26,74,69,63,4,210,0,0,0,210
09/10/2015,ORF,VA,AEA,EN,Combined TRACON& Tower with Radar,72,65,34,3,174,0,0,13,2,15,72,65,47,5,189,0,0,0,189
09/11/2015,ORF,VA,AEA,EN,Combined TRACON& Tower with Radar,83,74,61,3,221,0,0,24,2,26,83,74,85,5,247,0,0,0,247
09/12/2015,ORF,VA,AEA,EN,Combined TRACON& Tower with Radar,69,52,20,0,141,0,0,3,0,3,69,52,23,0,144,0,0,0,144
09/13/2015,ORF,VA,AEA,EN,Combined TRACON& Tower with Radar,66,72,41,0,179,0,2,10,0,12,66,74,51,0,191,0,0,0,191
09/14/2015,ORF,VA,AEA,EN,Combined TRACON& Tower with Radar,74,78,44,0,196,0,0,32,0,32,74,78,76,0,228,0,0,0,228
09/15/2015,ORF,VA,AEA,EN,Combined TRACON& Tower with Radar,80,68,26,0,174,0,0,26,0,26,80,68,52,0,200,0,0,0,200
09/16/2015,ORF,VA,AEA,EN,Combined TRACON& Tower with Radar,75,77,58,2,212,0,0,46,1,47,75,77,104,3,259,0,0,0,259
09/17/2015,ORF,VA,AEA,EN,Combined TRACON& Tower with Radar,82,77,47,2,208,0,0,47,1,48,82,77,94,3,256,28,0,28,284
09/18/2015,ORF,VA,AEA,EN,Combined TRACON& Tower with Radar,86,78,48,0,212,0,0,28,0,28,86,78,76,0,240,40,0,40,280
09/19/2015,ORF,VA,AEA,EN,Combined TRACON& Tower with Radar,70,52,37,0,159,0,0,42,0,42,70,52,79,0,201,0,0,0,201
09/20/2015,ORF,VA,AEA,EN,Combined TRACON& Tower with Radar,70,82,51,0,203,0,0,17,0,17,70,82,68,0,220,0,0,0,220
09/21/2015,ORF,VA,AEA,EN,Combined TRACON& Tower with Radar,78,68,36,2,184,0,0,7,1,8,78,68,43,3,192,8,2,10,202
09/22/2015,ORF,VA,AEA,EN,Combined TRACON& Tower with Radar,82,72,37,0,191,0,0,1,2,3,82,72,38,2,194,0,0,0,194
09/23/2015,ORF,VA,AEA,EN,Combined TRACON& Tower with Radar,76,76,37,0,189,0,0,6,0,6,76,76,43,0,195,0,0,0,195
09/24/2015,ORF,VA,AEA,EN,Combined TRACON& Tower with Radar,85,73,38,0,196,0,0,17,0,17,85,73,55,0,213,18,0,18,231
09/25/2015,ORF,VA,AEA,EN,Combined TRACON& Tower with Radar,87,66,28,0,181,0,0,9,0,9,87,66,37,0,190,10,0,10,200
09/26/2015,ORF,VA,AEA,EN,Combined TRACON& Tower with Radar,71,45,6,0,122,0,0,1,0,1,71,45,7,0,123,0,0,0,123
09/27/2015,ORF,VA,AEA,EN,Combined TRACON& Tower with Radar,69,73,26,1,169,0,0,2,0,2,69,73,28,1,171,0,0,0,171
09/28/2015,ORF,VA,AEA,EN,Combined TRACON& Tower with Radar,83,70,29,0,182,0,0,15,0,15,83,70,44,0,197,0,0,0,197
09/29/2015,ORF,VA,AEA,EN,Combined TRACON& Tower with Radar,84,64,36,0,184,0,0,2,0,2,84,64,38,0,186,0,0,0,186
09/30/2015,ORF,VA,AEA,EN,Combined TRACON& Tower with Radar,86,74,44,1,205,0,0,3,0,3,86,74,47,1,208,0,0,0,208
10/01/2015,ORF,VA,AEA,EN,Combined TRACON& Tower with Radar,84,69,30,4,187,0,0,0,0,0,84,69,30,4,187,0,0,0,187
10/02/2015,ORF,VA,AEA,EN,Combined TRACON& Tower with Radar,83,67,11,0,161,0,0,0,0,0,83,67,11,0,161,0,0,0,161
10/03/2015,ORF,VA,AEA,EN,Combined TRACON& Tower with Radar,75,43,13,3,134,0,0,8,1,9,75,43,21,4,143,26,0,26,169
10/04/2015,ORF,VA,AEA,EN,Combined TRACON& Tower with Radar,64,74,10,0,148,0,0,0,0,0,64,74,10,0,148,0,0,0,148
10/05/2015,ORF,VA,AEA,EN,Combined TRACON& Tower with Radar,83,61,18,2,164,0,0,3,0,3,83,61,21,2,167,0,0,0,167
10/06/2015,ORF,VA,AEA,EN,Combined TRACON& Tower with Radar,86,63,44,1,194,0,0,42,26,68,86,63,86,27,262,0,0,0,262
10/07/2015,ORF,VA,AEA,EN,Combined TRACON& Tower with Radar,82,65,50,1,198,0,0,47,47,94,82,65,97,48,292,18,0,18,310
10/08/2015,ORF,VA,AEA,EN,Combined TRACON& Tower with Radar,86,70,31,0,187,0,0,38,1,39,86,70,69,1,226,0,0,0,226
10/09/2015,ORF,VA,AEA,EN,Combined TRACON& Tower with Radar,106,68,36,1,211,0,0,38,1,39,106,68,74,2,250,6,0,6,256
10/10/2015,ORF,VA,AEA,EN,Combined TRACON& Tower with Radar,66,49,26,0,141,0,0,3,0,3,66,49,29,0,144,10,0,10,154
10/11/2015,ORF,VA,AEA,EN,Combined TRACON& Tower with Radar,72,75,36,0,183,0,0,14,0,14,72,75,50,0,197,0,0,0,197
10/12/2015,ORF,VA,AEA,EN,Combined TRACON& Tower with Radar,83,70,32,0,185,0,0,33,0,33,83,70,65,0,218,0,0,0,218
10/13/2015,ORF,VA,AEA,EN,Combined TRACON& Tower with Radar,81,66,26,3,176,0,0,16,0,16,81,66,42,3,192,0,0,0,192
10/14/2015,ORF,VA,AEA,EN,Combined TRACON& Tower with Radar,81,66,47,0,194,0,0,32,1,33,81,66,79,1,227,0,0,0,227
10/15/2015,ORF,VA,AEA,EN,Combined TRACON& Tower with Radar,86,73,54,1,214,0,0,41,0,41,86,73,95,1,255,14,0,14,269
10/16/2015,ORF,VA,AEA,EN,Combined TRACON& Tower with Radar,87,78,32,0,197,0,0,28,8,36,87,78,60,8,233,22,0,22,255
10/17/2015,ORF,VA,AEA,EN,Combined TRACON& Tower with Radar,69,50,30,0,149,0,0,28,6,34,69,50,58,6,183,14,0,14,197
10/18/2015,ORF,VA,AEA,EN,Combined TRACON& Tower with Radar,72,65,36,0,173,0,0,29,1,30,72,65,65,1,203,38,0,38,241
10/19/2015,ORF,VA,AEA,EN,Combined TRACON& Tower with Radar,86,72,26,3,187,0,0,26,0,26,86,72,52,3,213,0,0,0,213
10/20/2015,ORF,VA,AEA,EN,Combined TRACON& Tower with Radar,83,65,29,0,177,0,0,33,0,33,83,65,62,0,210,0,0,0,210
10/21/2015,ORF,VA,AEA,EN,Combined TRACON& Tower with Radar,78,65,31,0,174,0,2,28,0,30,78,67,59,0,204,0,0,0,204
10/22/2015,ORF,VA,AEA,EN,Combined TRACON& Tower with Radar,82,68,52,0,202,0,0,34,3,37,82,68,86,3,239,0,0,0,239
10/23/2015,ORF,VA,AEA,EN,Combined TRACON& Tower with Radar,89,77,26,0,192,0,1,39,1,41,89,78,65,1,233,28,0,28,261
10/24/2015,ORF,VA,AEA,EN,Combined TRACON& Tower with Radar,70,46,28,0,144,0,0,29,0,29,70,46,57,0,173,49,0,49,222
10/25/2015,ORF,VA,AEA,EN,Combined TRACON& Tower with Radar,75,61,32,0,168,0,0,23,0,23,75,61,55,0,191,42,0,42,233
10/26/2015,ORF,VA,AEA,EN,Combined TRACON& Tower with Radar,83,61,24,2,170,0,2,11,0,13,83,63,35,2,183,0,0,0,183
10/27/2015,ORF,VA,AEA,EN,Combined TRACON& Tower with Radar,83,62,27,2,174,0,0,2,0,2,83,62,29,2,176,0,0,0,176
10/28/2015,ORF,VA,AEA,EN,Combined TRACON& Tower with Radar,87,56,36,0,179,0,0,1,0,1,87,56,37,0,180,0,0,0,180
10/29/2015,ORF,VA,AEA,EN,Combined TRACON& Tower with Radar,86,62,37,1,186,0,0,22,1,23,86,62,59,2,209,0,0,0,209
10/30/2015,ORF,VA,AEA,EN,Combined TRACON& Tower with Radar,84,65,43,2,194,0,0,39,0,39,84,65,82,2,233,12,0,12,245
10/31/2015,ORF,VA,AEA,EN,Combined TRACON& Tower with Radar,63,39,21,0,123,0,0,37,0,37,63,39,58,0,160,24,0,24,184
11/01/2015,ORF,VA,AEA,EN,Combined TRACON& Tower with Radar,64,66,34,0,164,0,0,9,0,9,64,66,43,0,173,0,0,0,173
11/02/2015,ORF,VA,AEA,EN,Combined TRACON& Tower with Radar,76,60,16,1,153,0,0,0,0,0,76,60,16,1,153,0,0,0,153
11/03/2015,ORF,VA,AEA,EN,Combined TRACON& Tower with Radar,83,62,42,0,187,0,0,24,0,24,83,62,66,0,211,0,0,0,211
11/04/2015,ORF,VA,AEA,EN,Combined TRACON& Tower with Radar,80,58,40,0,178,0,0,8,0,8,80,58,48,0,186,0,0,0,186
11/05/2015,ORF,VA,AEA,EN,Combined TRACON& Tower with Radar,80,62,47,2,191,0,0,4,0,4,80,62,51,2,195,8,0,8,203
11/06/2015,ORF,VA,AEA,EN,Combined TRACON& Tower with Radar,82,73,37,0,192,0,0,18,1,19,82,73,55,1,211,10,0,10,221
11/07/2015,ORF,VA,AEA,EN,Combined TRACON& Tower with Radar,65,51,41,0,157,0,0,5,0,5,65,51,46,0,162,16,0,16,178
11/08/2015,ORF,VA,AEA,EN,Combined TRACON& Tower with Radar,70,59,41,1,171,0,0,36,0,36,70,59,77,1,207,0,0,0,207
11/09/2015,ORF,VA,AEA,EN,Combined TRACON& Tower with Radar,77,61,26,0,164,0,0,4,0,4,77,61,30,0,168,10,0,10,178
11/10/2015,ORF,VA,AEA,EN,Combined TRACON& Tower with Radar,80,61,28,0,169,0,0,0,0,0,80,61,28,0,169,0,0,0,169
11/11/2015,ORF,VA,AEA,EN,Combined TRACON& Tower with Radar,79,54,38,0,171,0,0,28,0,28,79,54,66,0,199,10,0,10,209
11/12/2015,ORF,VA,AEA,EN,Combined TRACON& Tower with Radar,82,65,33,1,181,0,1,14,1,16,82,66,47,2,197,12,0,12,209
11/13/2015,ORF,VA,AEA,EN,Combined TRACON& Tower with Radar,81,65,40,0,186,0,0,35,1,36,81,65,75,1,222,40,0,40,262
11/14/2015,ORF,VA,AEA,EN,Combined TRACON& Tower with Radar,64,44,19,0,127,0,0,24,0,24,64,44,43,0,151,0,0,0,151
11/15/2015,ORF,VA,AEA,EN,Combined TRACON& Tower with Radar,73,73,35,0,181,0,0,28,0,28,73,73,63,0,209,0,0,0,209
11/16/2015,ORF,VA,AEA,EN,Combined TRACON& Tower with Radar,74,60,26,0,160,0,0,25,2,27,74,60,51,2,187,9,2,11,198
11/17/2015,ORF,VA,AEA,EN,Combined TRACON& Tower with Radar,87,52,36,0,175,0,0,16,0,16,87,52,52,0,191,0,0,0,191
11/18/2015,ORF,VA,AEA,EN,Combined TRACON& Tower with Radar,83,62,52,0,197,0,0,4,0,4,83,62,56,0,201,12,0,12,213
11/19/2015,ORF,VA,AEA,EN,Combined TRACON& Tower with Radar,82,63,34,0,179,0,0,12,0,12,82,63,46,0,191,20,0,20,211
11/20/2015,ORF,VA,AEA,EN,Combined TRACON& Tower with Radar,86,75,44,0,205,0,2,14,0,16,86,77,58,0,221,0,0,0,221
11/21/2015,ORF,VA,AEA,EN,Combined TRACON& Tower with Radar,60,50,49,1,160,0,2,36,0,38,60,52,85,1,198,0,0,0,198
11/22/2015,ORF,VA,AEA,EN,Combined TRACON& Tower with Radar,62,80,23,3,168,0,0,3,0,3,62,80,26,3,171,0,0,0,171
11/23/2015,ORF,VA,AEA,EN,Combined TRACON& Tower with Radar,70,57,32,0,159,0,0,11,0,11,70,57,43,0,170,0,0,0,170
11/24/2015,ORF,VA,AEA,EN,Combined TRACON& Tower with Radar,89,62,31,1,183,0,2,25,0,27,89,64,56,1,210,0,0,0,210
11/25/2015,ORF,VA,AEA,EN,Combined TRACON& Tower with Radar,89,74,40,0,203,0,0,37,0,37,89,74,77,0,240,10,0,10,250
11/26/2015,ORF,VA,AEA,EN,Combined TRACON& Tower with Radar,53,31,17,0,101,0,0,5,0,5,53,31,22,0,106,0,0,0,106
11/27/2015,ORF,VA,AEA,EN,Combined TRACON& Tower with Radar,72,29,21,0,122,0,0,22,0,22,72,29,43,0,144,0,0,0,144
11/28/2015,ORF,VA,AEA,EN,Combined TRACON& Tower with Radar,78,55,23,0,156,0,0,21,1,22,78,55,44,1,178,15,0,15,193
11/29/2015,ORF,VA,AEA,EN,Combined TRACON& Tower with Radar,86,69,39,0,194,0,0,0,0,0,86,69,39,0,194,0,0,0,194
11/30/2015,ORF,VA,AEA,EN,Combined TRACON& Tower with Radar,98,69,25,1,193,0,0,0,0,0,98,69,25,1,193,0,0,0,193
12/01/2015,ORF,VA,AEA,EN,Combined TRACON& Tower with Radar,84,58,27,0,169,0,0,2,0,2,84,58,29,0,171,0,0,0,171
12/02/2015,ORF,VA,AEA,EN,Combined TRACON& Tower with Radar,87,56,13,0,156,0,0,0,0,0,87,56,13,0,156,0,0,0,156
12/03/2015,ORF,VA,AEA,EN,Combined TRACON& Tower with Radar,83,71,37,0,191,0,0,20,6,26,83,71,57,6,217,22,8,30,247
12/04/2015,ORF,VA,AEA,EN,Combined TRACON& Tower with Radar,81,62,35,7,185,0,2,38,10,50,81,64,73,17,235,0,0,0,235
12/05/2015,ORF,VA,AEA,EN,Combined TRACON& Tower with Radar,61,47,25,0,133,0,0,17,0,17,61,47,42,0,150,0,0,0,150
12/06/2015,ORF,VA,AEA,EN,Combined TRACON& Tower with Radar,61,54,31,0,146,0,0,23,0,23,61,54,54,0,169,10,0,10,179
12/07/2015,ORF,VA,AEA,EN,Combined TRACON& Tower with Radar,80,64,38,0,182,0,0,6,0,6,80,64,44,0,188,0,0,0,188
12/08/2015,ORF,VA,AEA,EN,Combined TRACON& Tower with Radar,85,54,37,0,176,0,0,14,0,14,85,54,51,0,190,0,0,0,190
12/09/2015,ORF,VA,AEA,EN,Combined TRACON& Tower with Radar,81,64,34,0,179,0,0,14,0,14,81,64,48,0,193,0,0,0,193
12/10/2015,ORF,VA,AEA,EN,Combined TRACON& Tower with Radar,83,70,47,0,200,0,0,15,16,31,83,70,62,16,231,26,0,26,257
12/11/2015,ORF,VA,AEA,EN,Combined TRACON& Tower with Radar,83,65,33,0,181,0,0,25,0,25,83,65,58,0,206,0,0,0,206
12/12/2015,ORF,VA,AEA,EN,Combined TRACON& Tower with Radar,62,36,25,2,125,0,0,36,0,36,62,36,61,2,161,0,0,0,161
12/13/2015,ORF,VA,AEA,EN,Combined TRACON& Tower with Radar,70,58,35,0,163,0,0,20,0,20,70,58,55,0,183,0,0,0,183
12/14/2015,ORF,VA,AEA,EN,Combined TRACON& Tower with Radar,81,55,48,0,184,0,0,6,0,6,81,55,54,0,190,0,0,0,190
12/15/2015,ORF,VA,AEA,EN,Combined TRACON& Tower with Radar,82,56,34,0,172,0,0,18,2,20,82,56,52,2,192,0,0,0,192
12/16/2015,ORF,VA,AEA,EN,Combined TRACON& Tower with Radar,84,65,36,5,190,0,0,25,0,25,84,65,61,5,215,0,0,0,215
12/17/2015,ORF,VA,AEA,EN,Combined TRACON& Tower with Radar,81,69,25,4,179,0,0,0,0,0,81,69,25,4,179,0,0,0,179
12/18/2015,ORF,VA,AEA,EN,Combined TRACON& Tower with Radar,78,70,46,4,198,0,0,8,0,8,78,70,54,4,206,0,0,0,206
12/19/2015,ORF,VA,AEA,EN,Combined TRACON& Tower with Radar,66,53,26,0,145,0,0,19,0,19,66,53,45,0,164,0,0,0,164
12/20/2015,ORF,VA,AEA,EN,Combined TRACON& Tower with Radar,64,68,37,0,169,0,0,23,0,23,64,68,60,0,192,0,0,0,192
12/21/2015,ORF,VA,AEA,EN,Combined TRACON& Tower with Radar,76,60,21,0,157,0,0,21,0,21,76,60,42,0,178,0,0,0,178
12/22/2015,ORF,VA,AEA,EN,Combined TRACON& Tower with Radar,85,60,13,0,158,0,0,3,0,3,85,60,16,0,161,0,0,0,161
12/23/2015,ORF,VA,AEA,EN,Combined TRACON& Tower with Radar,90,56,11,0,157,0,0,1,0,1,90,56,12,0,158,0,0,0,158
12/24/2015,ORF,VA,AEA,EN,Combined TRACON& Tower with Radar,69,46,14,0,129,0,0,1,0,1,69,46,15,0,130,0,0,0,130
12/25/2015,ORF,VA,AEA,EN,Combined TRACON& Tower with Radar,63,29,12,0,104,0,0,2,0,2,63,29,14,0,106,0,0,0,106
12/26/2015,ORF,VA,AEA,EN,Combined TRACON& Tower with Radar,74,41,19,0,134,0,0,0,0,0,74,41,19,0,134,0,0,0,134
12/27/2015,ORF,VA,AEA,EN,Combined TRACON& Tower with Radar,74,65,37,0,176,0,0,10,0,10,74,65,47,0,186,0,0,0,186
12/28/2015,ORF,VA,AEA,EN,Combined TRACON& Tower with Radar,66,64,21,0,151,0,0,0,0,0,66,64,21,0,151,0,0,0,151
12/29/2015,ORF,VA,AEA,EN,Combined TRACON& Tower with Radar,77,58,29,0,164,0,0,2,0,2,77,58,31,0,166,0,0,0,166
12/30/2015,ORF,VA,AEA,EN,Combined TRACON& Tower with Radar,74,68,16,0,158,0,0,0,0,0,74,68,16,0,158,0,0,0,158
12/31/2015,ORF,VA,AEA,EN,Combined TRACON& Tower with Radar,61,44,19,0,124,0,0,0,0,0,61,44,19,0,124,0,0,0,124
01/01/2016,ORF,VA,AEA,EN,Combined TRACON& Tower with Radar,58,37,18,0,113,0,0,5,0,5,58,37,23,0,118,20,0,20,138
01/02/2016,ORF,VA,AEA,EN,Combined TRACON& Tower with Radar,74,52,36,0,162,0,0,16,0,16,74,52,52,0,178,0,0,0,178
01/03/2016,ORF,VA,AEA,EN,Combined TRACON& Tower with Radar,72,75,32,0,179,0,0,28,0,28,72,75,60,0,207,28,0,28,235
01/04/2016,ORF,VA,AEA,EN,Combined TRACON& Tower with Radar,68,68,31,0,167,0,0,4,0,4,68,68,35,0,171,0,0,0,171
01/05/2016,ORF,VA,AEA,EN,Combined TRACON& Tower with Radar,61,72,24,2,159,0,0,5,0,5,61,72,29,2,164,0,0,0,164
01/06/2016,ORF,VA,AEA,EN,Combined TRACON& Tower with Radar,70,69,23,1,163,0,0,12,0,12,70,69,35,1,175,0,0,0,175
01/07/2016,ORF,VA,AEA,EN,Combined TRACON& Tower with Radar,77,68,32,0,177,0,0,5,0,5,77,68,37,0,182,18,0,18,200
01/08/2016,ORF,VA,AEA,EN,Combined TRACON& Tower with Radar,72,66,24,0,162,0,0,1,0,1,72,66,25,0,163,0,0,0,163
01/09/2016,ORF,VA,AEA,EN,Combined TRACON& Tower with Radar,52,47,37,0,136,0,0,0,0,0,52,47,37,0,136,0,0,0,136
01/10/2016,ORF,VA,AEA,EN,Combined TRACON& Tower with Radar,53,71,22,0,146,0,0,6,0,6,53,71,28,0,152,8,0,8,160
01/11/2016,ORF,VA,AEA,EN,Combined TRACON& Tower with Radar,67,67,29,4,167,0,0,12,0,12,67,67,41,4,179,0,0,0,179
01/12/2016,ORF,VA,AEA,EN,Combined TRACON& Tower with Radar,77,63,31,0,171,0,0,15,0,15,77,63,46,0,186,2,0,2,188
01/13/2016,ORF,VA,AEA,EN,Combined TRACON& Tower with Radar,69,85,42,1,197,0,0,24,1,25,69,85,66,2,222,3,0,3,225
01/14/2016,ORF,VA,AEA,EN,Combined TRACON& Tower with Radar,70,79,28,0,177,0,0,32,0,32,70,79,60,0,209,20,0,20,229
01/15/2016,ORF,VA,AEA,EN,Combined TRACON& Tower with Radar,74,76,39,0,189,0,0,16,0,16,74,76,55,0,205,0,0,0,205
01/16/2016,ORF,VA,AEA,EN,Combined TRACON& Tower with Radar,54,44,15,0,113,0,0,9,0,9,54,44,24,0,122,0,0,0,122
01/17/2016,ORF,VA,AEA,EN,Combined TRACON& Tower with Radar,47,57,11,0,115,0,0,1,0,1,47,57,12,0,116,0,0,0,116
01/18/2016,ORF,VA,AEA,EN,Combined TRACON& Tower with Radar,70,72,32,0,174,0,0,7,0,7,70,72,39,0,181,0,0,0,181
01/19/2016,ORF,VA,AEA,EN,Combined TRACON& Tower with Radar,71,72,32,0,175,0,0,14,0,14,71,72,46,0,189,0,0,0,189
01/20/2016,ORF,VA,AEA,EN,Combined TRACON& Tower with Radar,68,70,36,0,174,0,0,9,0,9,68,70,45,0,183,0,0,0,183
01/21/2016,ORF,VA,AEA,EN,Combined TRACON& Tower with Radar,72,75,35,0,182,0,1,19,0,20,72,76,54,0,202,3,0,3,205
01/22/2016,ORF,VA,AEA,EN,Combined TRACON& Tower with Radar,39,48,12,0,99,0,0,2,0,2,39,48,14,0,101,0,0,0,101
01/23/2016,ORF,VA,AEA,EN,Combined TRACON& Tower with Radar,32,13,4,0,49,0,0,0,0,0,32,13,4,0,49,0,0,0,49
01/24/2016,ORF,VA,AEA,EN,Combined TRACON& Tower with Radar,44,35,11,0,90,0,0,8,0,8,44,35,19,0,98,14,0,14,112
01/25/2016,ORF,VA,AEA,EN,Combined TRACON& Tower with Radar,58,51,34,0,143,0,0,18,0,18,58,51,52,0,161,28,0,28,189
01/26/2016,ORF,VA,AEA,EN,Combined TRACON& Tower with Radar,62,59,30,1,152,0,0,16,4,20,62,59,46,5,172,0,0,0,172
01/27/2016,ORF,VA,AEA,EN,Combined TRACON& Tower with Radar,74,76,21,1,172,0,0,4,0,4,74,76,25,1,176,0,0,0,176
01/28/2016,ORF,VA,AEA,EN,Combined TRACON& Tower with Radar,76,80,30,0,186,0,0,13,0,13,76,80,43,0,199,16,0,16,215
01/29/2016,ORF,VA,AEA,EN,Combined TRACON& Tower with Radar,70,78,38,0,186,0,0,14,0,14,70,78,52,0,200,0,0,0,200
01/30/2016,ORF,VA,AEA,EN,Combined TRACON& Tower with Radar,53,53,14,0,120,0,2,15,0,17,53,55,29,0,137,0,0,0,137
01/31/2016,ORF,VA,AEA,EN,Combined TRACON& Tower with Radar,55,69,24,1,149,0,0,32,0,32,55,69,56,1,181,0,0,0,181
02/01/2016,ORF,VA,AEA,EN,Combined TRACON& Tower with Radar,68,68,29,0,165,1,1,37,0,39,69,69,66,0,204,34,0,34,238
02/02/2016,ORF,VA,AEA,EN,Combined TRACON& Tower with Radar,67,73,28,0,168,0,1,12,0,13,67,74,40,0,181,0,0,0,181
02/03/2016,ORF,VA,AEA,EN,Combined TRACON& Tower with Radar,77,64,16,0,157,0,0,4,0,4,77,64,20,0,161,0,0,0,161
02/04/2016,ORF,VA,AEA,EN,Combined TRACON& Tower with Radar,74,71,35,0,180,0,0,0,0,0,74,71,35,0,180,0,0,0,180
02/05/2016,ORF,VA,AEA,EN,Combined TRACON& Tower with Radar,74,55,18,1,148,0,0,5,1,6,74,55,23,2,154,12,0,12,166
02/06/2016,ORF,VA,AEA,EN,Combined TRACON& Tower with Radar,52,42,23,0,117,0,0,22,0,22,52,42,45,0,139,0,0,0,139
02/07/2016,ORF,VA,AEA,EN,Combined TRACON& Tower with Radar,51,55,11,0,117,0,0,19,0,19,51,55,30,0,136,36,0,36,172
02/08/2016,ORF,VA,AEA,EN,Combined TRACON& Tower with Radar,69,58,25,2,154,0,0,24,0,24,69,58,49,2,178,0,0,0,178
02/09/2016,ORF,VA,AEA,EN,Combined TRACON& Tower with Radar,66,62,17,0,145,0,0,3,0,3,66,62,20,0,148,0,0,0,148
02/10/2016,ORF,VA,AEA,EN,Combined TRACON& Tower with Radar,75,71,41,0,187,0,0,14,0,14,75,71,55,0,201,0,0,0,201
02/11/2016,ORF,VA,AEA,EN,Combined TRACON& Tower with Radar,68,69,35,2,174,0,0,16,0,16,68,69,51,2,190,10,0,10,200
02/12/2016,ORF,VA,AEA,EN,Combined TRACON& Tower with Radar,74,72,27,0,173,0,0,9,0,9,74,72,36,0,182,0,0,0,182
02/13/2016,ORF,VA,AEA,EN,Combined TRACON& Tower with Radar,55,45,16,5,121,0,0,4,1,5,55,45,20,6,126,0,0,0,126
02/14/2016,ORF,VA,AEA,EN,Combined TRACON& Tower with Radar,55,61,16,8,140,0,0,29,0,29,55,61,45,8,169,34,0,34,203
02/15/2016,ORF,VA,AEA,EN,Combined TRACON& Tower with Radar,55,59,20,0,134,0,0,0,0,0,55,59,20,0,134,0,0,0,134
02/16/2016,ORF,VA,AEA,EN,Combined TRACON& Tower with Radar,72,59,19,0,150,0,0,10,0,10,72,59,29,0,160,0,0,0,160
02/17/2016,ORF,VA,AEA,EN,Combined TRACON& Tower with Radar,70,70,27,0,167,0,0,29,3,32,70,70,56,3,199,0,0,0,199
02/18/2016,ORF,VA,AEA,EN,Combined TRACON& Tower with Radar,69,77,23,1,170,0,0,23,2,25,69,77,46,3,195,8,0,8,203
02/19/2016,ORF,VA,AEA,EN,Combined TRACON& Tower with Radar,69,77,35,0,181,0,0,19,1,20,69,77,54,1,201,0,0,0,201
02/20/2016,ORF,VA,AEA,EN,Combined TRACON& Tower with Radar,48,58,18,0,124,0,0,26,0,26,48,58,44,0,150,4,0,4,154
02/21/2016,ORF,VA,AEA,EN,Combined TRACON& Tower with Radar,58,77,35,0,170,0,0,27,0,27,58,77,62,0,197,0,0,0,197
02/22/2016,ORF,VA,AEA,EN,Combined TRACON& Tower with Radar,67,74,26,1,168,0,0,8,1,9,67,74,34,2,177,0,0,0,177
02/23/2016,ORF,VA,AEA,EN,Combined TRACON& Tower with Radar,74,76,22,0,172,0,0,0,0,0,74,76,22,0,172,0,0,0,172
02/24/2016,ORF,VA,AEA,EN,Combined TRACON& Tower with Radar,67,63,21,2,153,0,0,2,0,2,67,63,23,2,155,0,0,0,155
02/25/2016,ORF,VA,AEA,EN,Combined TRACON& Tower with Radar,73,86,34,2,195,0,0,8,0,8,73,86,42,2,203,0,0,0,203
02/26/2016,ORF,VA,AEA,EN,Combined TRACON& Tower with Radar,64,76,43,0,183,0,0,26,0,26,64,76,69,0,209,6,0,6,215
02/27/2016,ORF,VA,AEA,EN,Combined TRACON& Tower with Radar,49,54,28,0,131,0,0,35,0,35,49,54,63,0,166,44,0,44,210
02/28/2016,ORF,VA,AEA,EN,Combined TRACON& Tower with Radar,60,77,26,2,165,0,0,19,0,19,60,77,45,2,184,0,0,0,184
02/29/2016,ORF,VA,AEA,EN,Combined TRACON& Tower with Radar,69,68,32,2,171,0,0,11,0,11,69,68,43,2,182,0,0,0,182
03/01/2016,ORF,VA,AEA,EN,Combined TRACON& Tower with Radar,63,70,39,2,174,0,2,19,4,25,63,72,58,6,199,0,0,0,199
03/02/2016,ORF,VA,AEA,EN,Combined TRACON& Tower with Radar,71,67,27,0,165,0,0,9,0,9,71,67,36,0,174,0,0,0,174
03/03/2016,ORF,VA,AEA,EN,Combined TRACON& Tower with Radar,69,74,52,0,195,0,0,22,3,25,69,74,74,3,220,27,0,27,247
03/04/2016,ORF,VA,AEA,EN,Combined TRACON& Tower with Radar,66,78,28,0,172,0,0,2,0,2,66,78,30,0,174,0,0,0,174
03/05/2016,ORF,VA,AEA,EN,Combined TRACON& Tower with Radar,54,63,26,0,143,0,0,34,4,38,54,63,60,4,181,24,0,24,205
03/06/2016,ORF,VA,AEA,EN,Combined TRACON& Tower with Radar,56,75,23,0,154,0,1,9,0,10,56,76,32,0,164,0,0,0,164
03/07/2016,ORF,VA,AEA,EN,Combined TRACON& Tower with Radar,63,74,24,2,163,0,3,26,0,29,63,77,50,2,192,0,0,0,192
03/08/2016,ORF,VA,AEA,EN,Combined TRACON& Tower with Radar,68,77,40,2,187,0,0,26,3,29,68,77,66,5,216,4,0,4,220
03/09/2016,ORF,VA,AEA,EN,Combined TRACON& Tower with Radar,71,81,35,4,191,0,0,27,2,29,71,81,62,6,220,0,0,0,220
03/10/2016,ORF,VA,AEA,EN,Combined TRACON& Tower with Radar,69,85,31,2,187,0,0,15,0,15,69,85,46,2,202,0,0,0,202
03/11/2016,ORF,VA,AEA,EN,Combined TRACON& Tower with Radar,65,78,27,2,172,0,0,24,1,25,65,78,51,3,197,0,0,0,197
03/12/2016,ORF,VA,AEA,EN,Combined TRACON& Tower with Radar,53,71,25,0,149,0,0,5,2,7,53,71,30,2,156,0,0,0,156
03/13/2016,ORF,VA,AEA,EN,Combined TRACON& Tower with Radar,55,75,32,1,163,0,0,5,2,7,55,75,37,3,170,0,0,0,170
03/14/2016,ORF,VA,AEA,EN,Combined TRACON& Tower with Radar,63,84,22,3,172,0,0,1,2,3,63,84,23,5,175,0,0,0,175
03/15/2016,ORF,VA,AEA,EN,Combined TRACON& Tower with Radar,73,75,39,5,192,0,0,2,1,3,73,75,41,6,195,0,0,0,195
03/16/2016,ORF,VA,AEA,EN,Combined TRACON& Tower with Radar,71,74,26,2,173,0,1,33,3,37,71,75,59,5,210,0,0,0,210
03/17/2016,ORF,VA,AEA,EN,Combined TRACON& Tower with Radar,70,82,42,3,197,0,0,40,0,40,70,82,82,3,237,42,0,42,279
03/18/2016,ORF,VA,AEA,EN,Combined TRACON& Tower with Radar,65,81,27,0,173,0,0,38,2,40,65,81,65,2,213,0,0,0,213
03/19/2016,ORF,VA,AEA,EN,Combined TRACON& Tower with Radar,50,57,10,0,117,0,0,2,0,2,50,57,12,0,119,0,0,0,119
03/20/2016,ORF,VA,AEA,EN,Combined TRACON& Tower with Radar,59,75,32,0,166,0,0,0,0,0,59,75,32,0,166,0,0,0,166
03/21/2016,ORF,VA,AEA,EN,Combined TRACON& Tower with Radar,63,76,31,1,171,0,0,7,0,7,63,76,38,1,178,0,0,0,178
03/22/2016,ORF,VA,AEA,EN,Combined TRACON& Tower with Radar,71,84,33,0,188,0,1,19,0,20,71,85,52,0,208,8,0,8,216
03/23/2016,ORF,VA,AEA,EN,Combined TRACON& Tower with Radar,71,81,38,3,193,0,0,18,0,18,71,81,56,3,211,0,0,0,211
03/24/2016,ORF,VA,AEA,EN,Combined TRACON& Tower with Radar,64,84,23,2,173,0,0,25,0,25,64,84,48,2,198,0,0,0,198
03/25/2016,ORF,VA,AEA,EN,Combined TRACON& Tower with Radar,70,84,25,0,179,0,0,11,0,11,70,84,36,0,190,0,0,0,190
03/26/2016,ORF,VA,AEA,EN,Combined TRACON& Tower with Radar,56,47,20,1,124,0,0,25,0,25,56,47,45,1,149,0,0,0,149
03/27/2016,ORF,VA,AEA,EN,Combined TRACON& Tower with Radar,63,68,15,0,146,0,0,0,0,0,63,68,15,0,146,0,0,0,146
03/28/2016,ORF,VA,AEA,EN,Combined TRACON& Tower with Radar,63,79,32,1,175,0,0,9,0,9,63,79,41,1,184,0,0,0,184
03/29/2016,ORF,VA,AEA,EN,Combined TRACON& Tower with Radar,70,83,30,0,183,0,1,22,0,23,70,84,52,0,206,0,0,0,206
03/30/2016,ORF,VA,AEA,EN,Combined TRACON& Tower with Radar,71,77,34,5,187,0,0,33,1,34,71,77,67,6,221,64,0,64,285
03/31/2016,ORF,VA,AEA,EN,Combined TRACON& Tower with Radar,67,79,33,3,182,0,0,10,0,10,67,79,43,3,192,0,0,0,192
04/01/2016,ORF,VA,AEA,EN,Combined TRACON& Tower with Radar,70,80,25,0,175,0,0,2,0,2,70,80,27,0,177,0,0,0,177
04/02/2016,ORF,VA,AEA,EN,Combined TRACON& Tower with Radar,52,55,16,0,123,0,0,1,0,1,52,55,17,0,124,0,0,0,124
04/03/2016,ORF,VA,AEA,EN,Combined TRACON& Tower with Radar,62,70,33,2,167,0,1,13,0,14,62,71,46,2,181,0,0,0,181
04/04/2016,ORF,VA,AEA,EN,Combined TRACON& Tower with Radar,64,82,24,1,171,0,0,30,0,30,64,82,54,1,201,66,0,66,267
04/05/2016,ORF,VA,AEA,EN,Combined TRACON& Tower with Radar,82,73,31,0,186,0,0,4,0,4,82,73,35,0,190,0,0,0,190
04/06/2016,ORF,VA,AEA,EN,Combined TRACON& Tower with Radar,93,73,36,0,202,0,4,24,1,29,93,77,60,1,231,0,0,0,231
04/07/2016,ORF,VA,AEA,EN,Combined TRACON& Tower with Radar,87,66,34,0,187,0,0,2,3,5,87,66,36,3,192,0,0,0,192
04/08/2016,ORF,VA,AEA,EN,Combined TRACON& Tower with Radar,89,74,39,1,203,0,1,12,0,13,89,75,51,1,216,0,0,0,216
04/09/2016,ORF,VA,AEA,EN,Combined TRACON& Tower with Radar,62,61,15,1,139,0,0,5,2,7,62,61,20,3,146,0,0,0,146
04/10/2016,ORF,VA,AEA,EN,Combined TRACON& Tower with Radar,73,69,30,0,172,0,0,42,0,42,73,69,72,0,214,12,0,12,226
04/11/2016,ORF,VA,AEA,EN,Combined TRACON& Tower with Radar,84,65,22,0,171,0,0,17,0,17,84,65,39,0,188,0,0,0,188
04/12/2016,ORF,VA,AEA,EN,Combined TRACON& Tower with Radar,94,72,33,2,201,0,0,0,0,0,94,72,33,2,201,0,0,0,201
04/13/2016,ORF,VA,AEA,EN,Combined TRACON& Tower with Radar,92,72,34,1,199,0,0,18,0,18,92,72,52,1,217,0,0,0,217
04/14/2016,ORF,VA,AEA,EN,Combined TRACON& Tower with Radar,92,73,62,1,228,0,2,19,1,22,92,75,81,2,250,0,0,0,250
04/15/2016,ORF,VA,AEA,EN,Combined TRACON& Tower with Radar,88,72,29,0,189,0,2,21,0,23,88,74,50,0,212,0,0,0,212
04/16/2016,ORF,VA,AEA,EN,Combined TRACON& Tower with Radar,70,60,17,0,147,0,0,35,4,39,70,60,52,4,186,38,0,38,224
04/17/2016,ORF,VA,AEA,EN,Combined TRACON& Tower with Radar,76,67,25,0,168,0,0,28,0,28,76,67,53,0,196,0,0,0,196
04/18/2016,ORF,VA,AEA,EN,Combined TRACON& Tower with Radar,91,75,25,0,191,0,0,22,18,40,91,75,47,18,231,29,0,29,260
04/19/2016,ORF,VA,AEA,EN,Combined TRACON& Tower with Radar,88,72,30,1,191,0,0,36,4,40,88,72,66,5,231,0,0,0,231
04/20/2016,ORF,VA,AEA,EN,Combined TRACON& Tower with Radar,90,67,28,0,185,0,0,21,1,22,90,67,49,1,207,0,0,0,207
04/21/2016,ORF,VA,AEA,EN,Combined TRACON& Tower with Radar,95,80,30,0,205,0,0,30,0,30,95,80,60,0,235,0,0,0,235
04/22/2016,ORF,VA,AEA,EN,Combined TRACON& Tower with Radar,91,82,33,0,206,0,0,4,0,4,91,82,37,0,210,6,0,6,216
04/23/2016,ORF,VA,AEA,EN,Combined TRACON& Tower with Radar,66,58,13,0,137,0,0,13,10,23,66,58,26,10,160,14,0,14,174
04/24/2016,ORF,VA,AEA,EN,Combined TRACON& Tower with Radar,78,67,19,0,164,0,0,22,0,22,78,67,41,0,186,0,0,0,186
04/25/2016,ORF,VA,AEA,EN,Combined TRACON& Tower with Radar,87,73,20,0,180,0,0,33,0,33,87,73,53,0,213,54,0,54,267
04/26/2016,ORF,VA,AEA,EN,Combined TRACON& Tower with Radar,94,67,45,0,206,0,0,19,0,19,94,67,64,0,225,0,0,0,225
04/27/2016,ORF,VA,AEA,EN,Combined TRACON& Tower with Radar,92,75,37,1,205,0,0,9,0,9,92,75,46,1,214,0,0,0,214
04/28/2016,ORF,VA,AEA,EN,Combined TRACON& Tower with Radar,91,76,30,0,197,0,0,0,0,0,91,76,30,0,197,0,0,0,197
04/29/2016,ORF,VA,AEA,EN,Combined TRACON& Tower with Radar,88,83,49,1,221,0,0,0,0,0,88,83,49,1,221,0,0,0,221
04/30/2016,ORF,VA,AEA,EN,Combined TRACON& Tower with Radar,66,55,16,0,137,0,0,4,0,4,66,55,20,0,141,0,0,0,141
05/01/2016,ORF,VA,AEA,EN,Combined TRACON& Tower with Radar,73,67,37,1,178,0,0,7,0,7,73,67,44,1,185,0,0,0,185
05/02/2016,ORF,VA,AEA,EN,Combined TRACON& Tower with Radar,103,63,28,0,194,0,0,8,0,8,103,63,36,0,202,0,0,0,202
05/03/2016,ORF,VA,AEA,EN,Combined TRACON& Tower with Radar,101,76,42,2,221,0,0,3,0,3,101,76,45,2,224,0,0,0,224
05/04/2016,ORF,VA,AEA,EN,Combined TRACON& Tower with Radar,98,74,43,0,215,0,0,0,0,0,98,74,43,0,215,0,0,0,215
05/05/2016,ORF,VA,AEA,EN,Combined TRACON& Tower with Radar,94,78,50,0,222,0,0,0,0,0,94,78,50,0,222,0,0,0,222
05/06/2016,ORF,VA,AEA,EN,Combined TRACON& Tower with Radar,84,83,42,1,210,0,0,9,13,22,84,83,51,14,232,3,0,3,235
05/07/2016,ORF,VA,AEA,EN,Combined TRACON& Tower with Radar,62,65,13,1,141,0,0,21,0,21,62,65,34,1,162,0,0,0,162
05/08/2016,ORF,VA,AEA,EN,Combined TRACON& Tower with Radar,73,83,26,0,182,0,0,24,0,24,73,83,50,0,206,0,0,0,206
05/09/2016,ORF,VA,AEA,EN,Combined TRACON& Tower with Radar,83,84,27,1,195,0,0,49,1,50,83,84,76,2,245,48,0,48,293
05/10/2016,ORF,VA,AEA,EN,Combined TRACON& Tower with Radar,88,83,40,4,215,0,1,24,2,27,88,84,64,6,242,0,0,0,242
05/11/2016,ORF,VA,AEA,EN,Combined TRACON& Tower with Radar,85,86,40,6,217,0,0,1,1,2,85,86,41,7,219,0,0,0,219
05/12/2016,ORF,VA,AEA,EN,Combined TRACON& Tower with Radar,87,83,36,3,209,0,0,4,1,5,87,83,40,4,214,0,0,0,214
05/13/2016,ORF,VA,AEA,EN,Combined TRACON& Tower with Radar,89,91,35,0,215,0,0,6,0,6,89,91,41,0,221,0,0,0,221
05/14/2016,ORF,VA,AEA,EN,Combined TRACON& Tower with Radar,66,64,18,0,148,0,1,24,1,26,66,65,42,1,174,0,0,0,174
05/15/2016,ORF,VA,AEA,EN,Combined TRACON& Tower with Radar,75,77,42,2,196,0,0,25,0,25,75,77,67,2,221,0,0,0,221
05/16/2016,ORF,VA,AEA,EN,Combined TRACON& Tower with Radar,87,79,32,0,198,0,0,34,0,34,87,79,66,0,232,0,0,0,232
05/17/2016,ORF,VA,AEA,EN,Combined TRACON& Tower with Radar,86,79,26,2,193,0,0,10,0,10,86,79,36,2,203,0,0,0,203
05/18/2016,ORF,VA,AEA,EN,Combined TRACON& Tower with Radar,90,82,30,0,202,0,0,9,1,10,90,82,39,1,212,0,0,0,212
05/19/2016,ORF,VA,AEA,EN,Combined TRACON& Tower with Radar,88,74,36,1,199,0,0,30,4,34,88,74,66,5,233,0,0,0,233
05/20/2016,ORF,VA,AEA,EN,Combined TRACON& Tower with Radar,87,81,40,0,208,0,0,38,2,40,87,81,78,2,248,0,0,0,248
05/21/2016,ORF,VA,AEA,EN,Combined TRACON& Tower with Radar,63,70,10,0,143,0,0,0,0,0,63,70,10,0,143,0,0,0,143
05/22/2016,ORF,VA,AEA,EN,Combined TRACON& Tower with Radar,74,77,30,0,181,0,0,0,0,0,74,77,30,0,181,0,0,0,181
05/23/2016,ORF,VA,AEA,EN,Combined TRACON& Tower with Radar,85,72,29,0,186,0,0,5,0,5,85,72,34,0,191,0,0,0,191
05/24/2016,ORF,VA,AEA,EN,Combined TRACON& Tower with Radar,91,83,42,0,216,0,2,39,2,43,91,85,81,2,259,0,0,0,259
05/25/2016,ORF,VA,AEA,EN,Combined TRACON& Tower with Radar,85,86,42,0,213,0,0,32,0,32,85,86,74,0,245,0,0,0,245
05/26/2016,ORF,VA,AEA,EN,Combined TRACON& Tower with Radar,85,77,58,0,220,0,0,37,0,37,85,77,95,0,257,0,0,0,257
05/27/2016,ORF,VA,AEA,EN,Combined TRACON& Tower with Radar,89,79,42,5,215,0,0,35,0,35,89,79,77,5,250,0,0,0,250
05/28/2016,ORF,VA,AEA,EN,Combined TRACON& Tower with Radar,67,57,22,0,146,0,0,14,0,14,67,57,36,0,160,12,0,12,172
05/29/2016,ORF,VA,AEA,EN,Combined TRACON& Tower with Radar,62,61,18,0,141,0,0,4,0,4,62,61,22,0,145,0,0,0,145
05/30/2016,ORF,VA,AEA,EN,Combined TRACON& Tower with Radar,77,67,14,0,158,0,0,1,0,1,77,67,15,0,159,0,0,0,159
05/31/2016,ORF,VA,AEA,EN,Combined TRACON& Tower with Radar,81,77,31,0,189,0,0,14,0,14,81,77,45,0,203,0,0,0,203
06/01/2016,ORF,VA,AEA,EN,Combined TRACON& Tower with Radar,88,79,29,0,196,0,0,5,0,5,88,79,34,0,201,0,0,0,201
06/02/2016,ORF,VA,AEA,EN,Combined TRACON& Tower with Radar,91,74,37,1,203,0,0,3,1,4,91,74,40,2,207,0,0,0,207
06/03/2016,ORF,VA,AEA,EN,Combined TRACON& Tower with Radar,89,81,41,0,211,0,0,10,0,10,89,81,51,0,221,12,0,12,233
06/04/2016,ORF,VA,AEA,EN,Combined TRACON& Tower with Radar,63,64,22,1,150,0,0,3,1,4,63,64,25,2,154,0,0,0,154
06/05/2016,ORF,VA,AEA,EN,Combined TRACON& Tower with Radar,72,79,33,0,184,0,0,12,0,12,72,79,45,0,196,0,0,0,196
06/06/2016,ORF,VA,AEA,EN,Combined TRACON& Tower with Radar,88,78,49,0,215,0,1,31,0,32,88,79,80,0,247,0,0,0,247
06/07/2016,ORF,VA,AEA,EN,Combined TRACON& Tower with Radar,97,81,39,0,217,0,0,18,0,18,97,81,57,0,235,0,0,0,235
06/08/2016,ORF,VA,AEA,EN,Combined TRACON& Tower with Radar,89,80,45,0,214,0,1,23,0,24,89,81,68,0,238,17,0,17,255
06/09/2016,ORF,VA,AEA,EN,Combined TRACON& Tower with Radar,85,84,40,0,209,0,0,22,0,22,85,84,62,0,231,2,0,2,233
06/10/2016,ORF,VA,AEA,EN,Combined TRACON& Tower with Radar,85,88,41,1,215,4,0,42,0,46,89,88,83,1,261,28,0,28,289
06/11/2016,ORF,VA,AEA,EN,Combined TRACON& Tower with Radar,91,57,25,1,174,0,0,22,0,22,91,57,47,1,196,0,0,0,196
06/12/2016,ORF,VA,AEA,EN,Combined TRACON& Tower with Radar,78,81,32,1,192,0,0,29,2,31,78,81,61,3,223,36,0,36,259
06/13/2016,ORF,VA,AEA,EN,Combined TRACON& Tower with Radar,84,83,15,0,182,0,1,34,2,37,84,84,49,2,219,0,0,0,219
06/14/2016,ORF,VA,AEA,EN,Combined TRACON& Tower with Radar,86,87,36,0,209,0,2,31,0,33,86,89,67,0,242,0,0,0,242
06/15/2016,ORF,VA,AEA,EN,Combined TRACON& Tower with Radar,90,91,48,3,232,0,0,34,0,34,90,91,82,3,266,26,0,26,292
06/16/2016,ORF,VA,AEA,EN,Combined TRACON& Tower with Radar,82,84,44,4,214,0,0,24,0,24,82,84,68,4,238,0,0,0,238
06/17/2016,ORF,VA,AEA,EN,Combined TRACON& Tower with Radar,90,92,25,0,207,0,0,1,0,1,90,92,26,0,208,0,0,0,208
06/18/2016,ORF,VA,AEA,EN,Combined TRACON& Tower with Radar,90,57,26,0,173,0,1,28,0,29,90,58,54,0,202,0,0,0,202
06/19/2016,ORF,VA,AEA,EN,Combined TRACON& Tower with Radar,80,77,22,0,179,0,0,14,0,14,80,77,36,0,193,0,0,0,193
06/20/2016,ORF,VA,AEA,EN,Combined TRACON& Tower with Radar,83,83,31,0,197,0,0,19,0,19,83,83,50,0,216,0,0,0,216
06/21/2016,ORF,VA,AEA,EN,Combined TRACON& Tower with Radar,93,71,24,2,190,0,0,24,0,24,93,71,48,2,214,18,0,18,232
06/22/2016,ORF,VA,AEA,EN,Combined TRACON& Tower with Radar,85,87,31,4,207,0,0,31,0,31,85,87,62,4,238,5,0,5,243
06/23/2016,ORF,VA,AEA,EN,Combined TRACON& Tower with Radar,87,75,42,0,204,0,1,10,1,12,87,76,52,1,216,0,0,0,216
06/24/2016,ORF,VA,AEA,EN,Combined TRACON& Tower with Radar,87,93,29,1,210,0,0,11,0,11,87,93,40,1,221,0,0,0,221
06/25/2016,ORF,VA,AEA,EN,Combined TRACON& Tower with Radar,87,55,21,1,164,0,0,11,0,11,87,55,32,1,175,0,0,0,175
06/26/2016,ORF,VA,AEA,EN,Combined TRACON& Tower with Radar,79,77,32,0,188,0,1,20,0,21,79,78,52,0,209,0,0,0,209
06/27/2016,ORF,VA,AEA,EN,Combined TRACON& Tower with Radar,83,77,26,0,186,0,0,23,0,23,83,77,49,0,209,10,0,10,219
06/28/2016,ORF,VA,AEA,EN,Combined TRACON& Tower with Radar,92,72,44,0,208,0,0,13,0,13,92,72,57,0,221,0,0,0,221
06/29/2016,ORF,VA,AEA,EN,Combined TRACON& Tower with Radar,91,86,48,0,225,0,0,18,0,18,91,86,66,0,243,12,0,12,255
06/30/2016,ORF,VA,AEA,EN,Combined TRACON& Tower with Radar,93,88,44,0,225,0,0,19,0,19,93,88,63,0,244,0,0,0,244
07/01/2016,ORF,VA,AEA,EN,Combined TRACON& Tower with Radar,76,75,28,0,179,0,0,14,0,14,76,75,42,0,193,0,0,0,193
07/02/2016,ORF,VA,AEA,EN,Combined TRACON& Tower with Radar,82,63,43,0,188,0,1,12,0,13,82,64,55,0,201,16,0,16,217
07/03/2016,ORF,VA,AEA,EN,Combined TRACON& Tower with Radar,62,63,21,0,146,0,0,1,0,1,62,63,22,0,147,0,0,0,147
07/04/2016,ORF,VA,AEA,EN,Combined TRACON& Tower with Radar,66,73,16,0,155,0,0,2,0,2,66,73,18,0,157,0,0,0,157
07/05/2016,ORF,VA,AEA,EN,Combined TRACON& Tower with Radar,85,86,45,0,216,0,1,24,0,25,85,87,69,0,241,0,0,0,241
07/06/2016,ORF,VA,AEA,EN,Combined TRACON& Tower with Radar,90,95,33,0,218,0,0,22,0,22,90,95,55,0,240,0,0,0,240
07/07/2016,ORF,VA,AEA,EN,Combined TRACON& Tower with Radar,79,93,30,0,202,0,0,32,0,32,79,93,62,0,234,20,0,20,254
07/08/2016,ORF,VA,AEA,EN,Combined TRACON& Tower with Radar,83,83,45,0,211,0,0,21,0,21,83,83,66,0,232,0,0,0,232
07/09/2016,ORF,VA,AEA,EN,Combined TRACON& Tower with Radar,85,68,19,0,172,0,0,23,1,24,85,68,42,1,196,14,0,14,210
07/10/2016,ORF,VA,AEA,EN,Combined TRACON& Tower with Radar,74,89,30,10,203,0,0,41,0,41,74,89,71,10,244,22,0,22,266
07/11/2016,ORF,VA,AEA,EN,Combined TRACON& Tower with Radar,73,94,27,1,195,0,0,37,9,46,73,94,64,10,241,12,0,12,253
07/12/2016,ORF,VA,AEA,EN,Combined TRACON& Tower with Radar,80,85,27,0,192,0,0,25,0,25,80,85,52,0,217,0,0,0,217
07/13/2016,ORF,VA,AEA,EN,Combined TRACON& Tower with Radar,76,85,34,8,203,0,2,21,0,23,76,87,55,8,226,0,0,0,226
07/14/2016,ORF,VA,AEA,EN,Combined TRACON& Tower with Radar,85,80,42,7,214,0,0,38,0,38,85,80,80,7,252,22,0,22,274
07/15/2016,ORF,VA,AEA,EN,Combined TRACON& Tower with Radar,81,98,31,5,215,0,0,23,0,23,81,98,54,5,238,10,0,10,248
07/16/2016,ORF,VA,AEA,EN,Combined TRACON& Tower with Radar,91,75,26,1,193,0,0,31,4,35,91,75,57,5,228,0,0,0,228
07/17/2016,ORF,VA,AEA,EN,Combined TRACON& Tower with Radar,74,80,35,0,189,0,0,21,0,21,74,80,56,0,210,0,0,0,210
07/18/2016,ORF,VA,AEA,EN,Combined TRACON& Tower with Radar,91,72,34,0,197,0,2,34,0,36,91,74,68,0,233,44,0,44,277
07/19/2016,ORF,VA,AEA,EN,Combined TRACON& Tower with Radar,86,89,16,4,195,0,0,64,1,65,86,89,80,5,260,0,0,0,260
07/20/2016,ORF,VA,AEA,EN,Combined TRACON& Tower with Radar,75,93,49,0,217,0,1,29,1,31,75,94,78,1,248,0,0,0,248
07/21/2016,ORF,VA,AEA,EN,Combined TRACON& Tower with Radar,73,95,45,0,213,0,0,30,3,33,73,95,75,3,246,8,0,8,254
07/22/2016,ORF,VA,AEA,EN,Combined TRACON& Tower with Radar,72,96,24,0,192,0,0,38,4,42,72,96,62,4,234,18,0,18,252
07/23/2016,ORF,VA,AEA,EN,Combined TRACON& Tower with Radar,82,74,23,0,179,0,0,23,0,23,82,74,46,0,202,0,0,0,202
07/24/2016,ORF,VA,AEA,EN,Combined TRACON& Tower with Radar,74,79,29,5,187,0,0,40,0,40,74,79,69,5,227,35,0,35,262
07/25/2016,ORF,VA,AEA,EN,Combined TRACON& Tower with Radar,75,77,41,0,193,0,0,20,0,20,75,77,61,0,213,0,0,0,213
07/26/2016,ORF,VA,AEA,EN,Combined TRACON& Tower with Radar,88,84,34,0,206,0,0,20,0,20,88,84,54,0,226,0,0,0,226
07/27/2016,ORF,VA,AEA,EN,Combined TRACON& Tower with Radar,79,89,38,0,206,0,1,23,0,24,79,90,61,0,230,0,0,0,230
07/28/2016,ORF,VA,AEA,EN,Combined TRACON& Tower with Radar,83,69,45,0,197,0,1,24,0,25,83,70,69,0,222,0,0,0,222
07/29/2016,ORF,VA,AEA,EN,Combined TRACON& Tower with Radar,85,88,48,2,223,0,0,24,0,24,85,88,72,2,247,8,0,8,255
07/30/2016,ORF,VA,AEA,EN,Combined TRACON& Tower with Radar,76,56,13,0,145,0,0,28,0,28,76,56,41,0,173,24,0,24,197
07/31/2016,ORF,VA,AEA,EN,Combined TRACON& Tower with Radar,70,73,31,0,174,0,0,18,0,18,70,73,49,0,192,0,0,0,192
08/01/2016,ORF,VA,AEA,EN,Combined TRACON& Tower with Radar,79,79,30,0,188,0,1,12,0,13,79,80,42,0,201,0,0,0,201
08/02/2016,ORF,VA,AEA,EN,Combined TRACON& Tower with Radar,79,83,44,2,208,0,0,18,2,20,79,83,62,4,228,0,0,0,228
08/03/2016,ORF,VA,AEA,EN,Combined TRACON& Tower with Radar,82,84,42,1,209,0,0,29,0,29,82,84,71,1,238,0,0,0,238
08/04/2016,ORF,VA,AEA,EN,Combined TRACON& Tower with Radar,81,84,41,1,207,0,0,25,0,25,81,84,66,1,232,0,0,0,232
08/05/2016,ORF,VA,AEA,EN,Combined TRACON& Tower with Radar,80,91,32,0,203,0,0,56,0,56,80,91,88,0,259,10,0,10,269
08/06/2016,ORF,VA,AEA,EN,Combined TRACON& Tower with Radar,82,66,21,0,169,0,0,20,0,20,82,66,41,0,189,0,0,0,189
08/07/2016,ORF,VA,AEA,EN,Combined TRACON& Tower with Radar,71,80,29,0,180,0,2,34,1,37,71,82,63,1,217,12,0,12,229
08/08/2016,ORF,VA,AEA,EN,Combined TRACON& Tower with Radar,68,81,34,0,183,0,1,21,0,22,68,82,55,0,205,0,0,0,205
08/09/2016,ORF,VA,AEA,EN,Combined TRACON& Tower with Radar,76,90,41,0,207,0,0,11,0,11,76,90,52,0,218,0,0,0,218
08/10/2016,ORF,VA,AEA,EN,Combined TRACON& Tower with Radar,80,83,30,0,193,0,2,31,2,35,80,85,61,2,228,0,0,0,228
08/11/2016,ORF,VA,AEA,EN,Combined TRACON& Tower with Radar,82,78,51,0,211,0,2,23,0,25,82,80,74,0,236,12,0,12,248
08/12/2016,ORF,VA,AEA,EN,Combined TRACON& Tower with Radar,81,74,29,0,184,0,0,25,0,25,81,74,54,0,209,0,0,0,209
08/13/2016,ORF,VA,AEA,EN,Combined TRACON& Tower with Radar,76,71,11,0,158,0,1,20,0,21,76,72,31,0,179,0,0,0,179
08/14/2016,ORF,VA,AEA,EN,Combined TRACON& Tower with Radar,77,79,21,0,177,0,0,27,0,27,77,79,48,0,204,0,0,0,204
08/15/2016,ORF,VA,AEA,EN,Combined TRACON& Tower with Radar,81,91,25,2,199,0,1,30,0,31,81,92,55,2,230,0,0,0,230
08/16/2016,ORF,VA,AEA,EN,Combined TRACON& Tower with Radar,80,77,28,0,185,0,0,33,1,34,80,77,61,1,219,0,0,0,219
08/17/2016,ORF,VA,AEA,EN,Combined TRACON& Tower with Radar,81,80,19,0,180,0,0,24,0,24,81,80,43,0,204,0,0,0,204
08/18/2016,ORF,VA,AEA,EN,Combined TRACON& Tower with Radar,72,97,40,0,209,0,0,24,1,25,72,97,64,1,234,0,0,0,234
08/19/2016,ORF,VA,AEA,EN,Combined TRACON& Tower with Radar,74,98,52,1,225,0,0,30,12,42,74,98,82,13,267,14,0,14,281
08/20/2016,ORF,VA,AEA,EN,Combined TRACON& Tower with Radar,68,69,21,0,158,0,0,16,10,26,68,69,37,10,184,12,0,12,196
08/21/2016,ORF,VA,AEA,EN,Combined TRACON& Tower with Radar,75,83,19,0,177,0,0,7,0,7,75,83,26,0,184,0,0,0,184
08/22/2016,ORF,VA,AEA,EN,Combined TRACON& Tower with Radar,68,94,21,0,183,0,0,23,0,23,68,94,44,0,206,0,0,0,206
08/23/2016,ORF,VA,AEA,EN,Combined TRACON& Tower with Radar,72,94,36,0,202,0,0,17,0,17,72,94,53,0,219,0,0,0,219
08/24/2016,ORF,VA,AEA,EN,Combined TRACON& Tower with Radar,73,102,39,0,214,0,0,41,5,46,73,102,80,5,260,0,0,0,260
08/25/2016,ORF,VA,AEA,EN,Combined TRACON& Tower with Radar,75,92,29,0,196,0,0,26,2,28,75,92,55,2,224,1,3,4,228
08/26/2016,ORF,VA,AEA,EN,Combined TRACON& Tower with Radar,78,98,27,2,205,0,0,26,0,26,78,98,53,2,231,38,0,38,269
08/27/2016,ORF,VA,AEA,EN,Combined TRACON& Tower with Radar,70,56,20,1,147,0,1,27,0,28,70,57,47,1,175,4,0,4,179
08/28/2016,ORF,VA,AEA,EN,Combined TRACON& Tower with Radar,66,75,44,2,187,0,0,11,0,11,66,75,55,2,198,6,0,6,204
08/29/2016,ORF,VA,AEA,EN,Combined TRACON& Tower with Radar,71,95,37,0,203,0,0,19,0,19,71,95,56,0,222,0,0,0,222
08/30/2016,ORF,VA,AEA,EN,Combined TRACON& Tower with Radar,73,108,34,4,219,0,0,17,0,17,73,108,51,4,236,0,0,0,236
08/31/2016,ORF,VA,AEA,EN,Combined TRACON& Tower with Radar,77,94,26,2,199,0,0,23,2,25,77,94,49,4,224,0,0,0,224
09/01/2016,ORF,VA,AEA,EN,Combined TRACON& Tower with Radar,69,90,31,0,190,0,0,19,0,19,69,90,50,0,209,0,0,0,209
09/02/2016,ORF,VA,AEA,EN,Combined TRACON& Tower with Radar,76,89,33,0,198,0,0,12,0,12,76,89,45,0,210,0,0,0,210
09/03/2016,ORF,VA,AEA,EN,Combined TRACON& Tower with Radar,61,50,5,0,116,0,0,0,0,0,61,50,5,0,116,0,0,0,116
09/04/2016,ORF,VA,AEA,EN,Combined TRACON& Tower with Radar,51,64,21,0,136,0,0,6,0,6,51,64,27,0,142,24,0,24,166
09/05/2016,ORF,VA,AEA,EN,Combined TRACON& Tower with Radar,55,82,23,0,160,0,0,18,0,18,55,82,41,0,178,0,0,0,178
09/06/2016,ORF,VA,AEA,EN,Combined TRACON& Tower with Radar,67,92,37,0,196,0,0,12,0,12,67,92,49,0,208,0,0,0,208
09/07/2016,ORF,VA,AEA,EN,Combined TRACON& Tower with Radar,76,88,38,0,202,0,0,13,0,13,76,88,51,0,215,0,0,0,215
09/08/2016,ORF,VA,AEA,EN,Combined TRACON& Tower with Radar,77,96,32,0,205,0,0,15,0,15,77,96,47,0,220,0,0,0,220
09/09/2016,ORF,VA,AEA,EN,Combined TRACON& Tower with Radar,71,100,46,0,217,0,0,16,1,17,71,100,62,1,234,0,0,0,234
09/10/2016,ORF,VA,AEA,EN,Combined TRACON& Tower with Radar,63,63,34,0,160,0,0,29,0,29,63,63,63,0,189,0,0,0,189
09/11/2016,ORF,VA,AEA,EN,Combined TRACON& Tower with Radar,70,84,42,0,196,0,0,28,1,29,70,84,70,1,225,26,0,26,251
09/12/2016,ORF,VA,AEA,EN,Combined TRACON& Tower with Radar,72,95,30,0,197,0,0,23,1,24,72,95,53,1,221,0,0,0,221
09/13/2016,ORF,VA,AEA,EN,Combined TRACON& Tower with Radar,70,94,40,0,204,0,2,26,2,30,70,96,66,2,234,0,0,0,234
09/14/2016,ORF,VA,AEA,EN,Combined TRACON& Tower with Radar,75,98,33,0,206,0,0,26,0,26,75,98,59,0,232,0,0,0,232
09/15/2016,ORF,VA,AEA,EN,Combined TRACON& Tower with Radar,73,91,48,0,212,0,0,13,0,13,73,91,61,0,225,19,0,19,244
09/16/2016,ORF,VA,AEA,EN,Combined TRACON& Tower with Radar,79,90,53,0,222,0,0,15,0,15,79,90,68,0,237,0,0,0,237
09/17/2016,ORF,VA,AEA,EN,Combined TRACON& Tower with Radar,64,65,25,0,154,0,0,29,0,29,64,65,54,0,183,10,0,10,193
09/18/2016,ORF,VA,AEA,EN,Combined TRACON& Tower with Radar,70,80,36,0,186,0,0,12,0,12,70,80,48,0,198,0,0,0,198
09/19/2016,ORF,VA,AEA,EN,Combined TRACON& Tower with Radar,75,90,36,0,201,0,0,4,0,4,75,90,40,0,205,0,0,0,205
09/20/2016,ORF,VA,AEA,EN,Combined TRACON& Tower with Radar,82,97,33,0,212,0,0,0,0,0,82,97,33,0,212,0,0,0,212
09/21/2016,ORF,VA,AEA,EN,Combined TRACON& Tower with Radar,75,88,26,0,189,0,0,2,0,2,75,88,28,0,191,0,0,0,191
09/22/2016,ORF,VA,AEA,EN,Combined TRACON& Tower with Radar,77,90,36,0,203,0,1,1,0,2,77,91,37,0,205,0,0,0,205
09/23/2016,ORF,VA,AEA,EN,Combined TRACON& Tower with Radar,79,91,44,0,214,0,0,13,0,13,79,91,57,0,227,0,0,0,227
09/24/2016,ORF,VA,AEA,EN,Combined TRACON& Tower with Radar,64,66,20,1,151,0,0,11,0,11,64,66,31,1,162,4,0,4,166
09/25/2016,ORF,VA,AEA,EN,Combined TRACON& Tower with Radar,67,91,24,0,182,0,0,9,0,9,67,91,33,0,191,0,0,0,191
09/26/2016,ORF,VA,AEA,EN,Combined TRACON& Tower with Radar,68,87,34,0,189,0,0,21,0,21,68,87,55,0,210,0,0,0,210
09/27/2016,ORF,VA,AEA,EN,Combined TRACON& Tower with Radar,76,84,40,0,200,0,0,9,1,10,76,84,49,1,210,0,0,0,210
09/28/2016,ORF,VA,AEA,EN,Combined TRACON& Tower with Radar,78,85,30,0,193,0,0,7,0,7,78,85,37,0,200,0,0,0,200
09/29/2016,ORF,VA,AEA,EN,Combined TRACON& Tower with Radar,80,93,19,0,192,0,0,1,0,1,80,93,20,0,193,0,0,0,193
09/30/2016,ORF,VA,AEA,EN,Combined TRACON& Tower with Radar,73,90,35,3,201,0,0,8,0,8,73,90,43,3,209,0,0,0,209
10/01/2016,ORF,VA,AEA,EN,Combined TRACON& Tower with Radar,65,64,21,1,151,0,0,21,4,25,65,64,42,5,176,0,0,0,176
10/02/2016,ORF,VA,AEA,EN,Combined TRACON& Tower with Radar,66,83,26,0,175,0,0,7,0,7,66,83,33,0,182,0,0,0,182
10/03/2016,ORF,VA,AEA,EN,Combined TRACON& Tower with Radar,71,88,10,1,170,0,0,13,0,13,71,88,23,1,183,0,0,0,183
10/04/2016,ORF,VA,AEA,EN,Combined TRACON& Tower with Radar,72,89,37,2,200,0,1,13,0,14,72,90,50,2,214,0,0,0,214
10/05/2016,ORF,VA,AEA,EN,Combined TRACON& Tower with Radar,72,96,53,0,221,0,0,3,0,3,72,96,56,0,224,0,0,0,224
10/06/2016,ORF,VA,AEA,EN,Combined TRACON& Tower with Radar,81,81,32,0,194,0,0,0,0,0,81,81,32,0,194,0,0,0,194
10/07/2016,ORF,VA,AEA,EN,Combined TRACON& Tower with Radar,77,76,30,0,183,0,0,4,0,4,77,76,34,0,187,0,0,0,187
10/08/2016,ORF,VA,AEA,EN,Combined TRACON& Tower with Radar,60,48,10,0,118,0,0,0,0,0,60,48,10,0,118,0,0,0,118
10/09/2016,ORF,VA,AEA,EN,Combined TRACON& Tower with Radar,45,45,13,0,103,0,0,2,2,4,45,45,15,2,107,0,0,0,107
10/10/2016,ORF,VA,AEA,EN,Combined TRACON& Tower with Radar,77,82,21,3,183,0,0,12,0,12,77,82,33,3,195,0,0,0,195
10/11/2016,ORF,VA,AEA,EN,Combined TRACON& Tower with Radar,80,73,25,2,180,0,0,24,1,25,80,73,49,3,205,0,0,0,205
10/12/2016,ORF,VA,AEA,EN,Combined TRACON& Tower with Radar,79,79,41,2,201,0,0,32,1,33,79,79,73,3,234,0,0,0,234
10/13/2016,ORF,VA,AEA,EN,Combined TRACON& Tower with Radar,80,84,31,1,196,0,0,19,3,22,80,84,50,4,218,0,0,0,218
10/14/2016,ORF,VA,AEA,EN,Combined TRACON& Tower with Radar,78,80,38,1,197,0,0,20,2,22,78,80,58,3,219,0,0,0,219
10/15/2016,ORF,VA,AEA,EN,Combined TRACON& Tower with Radar,67,55,17,0,139,0,0,49,0,49,67,55,66,0,188,16,0,16,204
10/16/2016,ORF,VA,AEA,EN,Combined TRACON& Tower with Radar,71,79,34,0,184,0,2,32,0,34,71,81,66,0,218,0,0,0,218
10/17/2016,ORF,VA,AEA,EN,Combined TRACON& Tower with Radar,78,76,24,0,178,0,0,30,0,30,78,76,54,0,208,0,0,0,208
10/18/2016,ORF,VA,AEA,EN,Combined TRACON& Tower with Radar,80,75,46,2,203,0,0,26,1,27,80,75,72,3,230,0,0,0,230
10/19/2016,ORF,VA,AEA,EN,Combined TRACON& Tower with Radar,82,80,41,0,203,0,0,23,0,23,82,80,64,0,226,0,0,0,226
10/20/2016,ORF,VA,AEA,EN,Combined TRACON& Tower with Radar,79,73,49,0,201,0,0,34,0,34,79,73,83,0,235,0,0,0,235
10/21/2016,ORF,VA,AEA,EN,Combined TRACON& Tower with Radar,87,80,35,0,202,0,0,21,1,22,87,80,56,1,224,0,0,0,224
10/22/2016,ORF,VA,AEA,EN,Combined TRACON& Tower with Radar,67,57,21,0,145,0,0,13,0,13,67,57,34,0,158,0,0,0,158
10/23/2016,ORF,VA,AEA,EN,Combined TRACON& Tower with Radar,70,70,22,0,162,0,2,37,0,39,70,72,59,0,201,0,0,0,201
10/24/2016,ORF,VA,AEA,EN,Combined TRACON& Tower with Radar,77,74,25,0,176,0,0,11,0,11,77,74,36,0,187,0,0,0,187
10/25/2016,ORF,VA,AEA,EN,Combined TRACON& Tower with Radar,76,76,46,0,198,0,0,20,0,20,76,76,66,0,218,0,0,0,218
10/26/2016,ORF,VA,AEA,EN,Combined TRACON& Tower with Radar,76,86,48,0,210,0,0,24,1,25,76,86,72,1,235,0,0,0,235
10/27/2016,ORF,VA,AEA,EN,Combined TRACON& Tower with Radar,80,73,46,2,201,0,0,18,0,18,80,73,64,2,219,0,0,0,219
10/28/2016,ORF,VA,AEA,EN,Combined TRACON& Tower with Radar,82,78,36,0,196,0,1,14,0,15,82,79,50,0,211,0,0,0,211
10/29/2016,ORF,VA,AEA,EN,Combined TRACON& Tower with Radar,68,58,28,0,154,0,0,39,0,39,68,58,67,0,193,48,0,48,241
10/30/2016,ORF,VA,AEA,EN,Combined TRACON& Tower with Radar,71,62,17,0,150,0,0,19,1,20,71,62,36,1,170,0,0,0,170
10/31/2016,ORF,VA,AEA,EN,Combined TRACON& Tower with Radar,75,57,14,0,146,0,0,15,0,15,75,57,29,0,161,0,0,0,161
11/01/2016,ORF,VA,AEA,EN,Combined TRACON& Tower with Radar,82,80,27,4,193,0,0,22,0,22,82,80,49,4,215,0,0,0,215
11/02/2016,ORF,VA,AEA,EN,Combined TRACON& Tower with Radar,85,83,35,0,203,0,0,21,1,22,85,83,56,1,225,0,0,0,225
11/03/2016,ORF,VA,AEA,EN,Combined TRACON& Tower with Radar,81,77,59,0,217,0,0,15,0,15,81,77,74,0,232,0,0,0,232
11/04/2016,ORF,VA,AEA,EN,Combined TRACON& Tower with Radar,95,63,30,0,188,0,0,26,0,26,95,63,56,0,214,0,0,0,214
11/05/2016,ORF,VA,AEA,EN,Combined TRACON& Tower with Radar,78,43,36,0,157,0,0,102,0,102,78,43,138,0,259,32,0,32,291
11/06/2016,ORF,VA,AEA,EN,Combined TRACON& Tower with Radar,77,66,40,0,183,0,0,33,0,33,77,66,73,0,216,0,0,0,216
11/07/2016,ORF,VA,AEA,EN,Combined TRACON& Tower with Radar,82,61,32,0,175,0,0,20,1,21,82,61,52,1,196,0,0,0,196
11/08/2016,ORF,VA,AEA,EN,Combined TRACON& Tower with Radar,78,54,20,0,152,0,0,25,0,25,78,54,45,0,177,0,0,0,177
11/09/2016,ORF,VA,AEA,EN,Combined TRACON& Tower with Radar,91,60,38,2,191,0,0,8,2,10,91,60,46,4,201,0,0,0,201
11/10/2016,ORF,VA,AEA,EN,Combined TRACON& Tower with Radar,91,70,37,0,198,0,2,16,0,18,91,72,53,0,216,0,0,0,216
11/11/2016,ORF,VA,AEA,EN,Combined TRACON& Tower with Radar,92,64,43,0,199,0,0,45,0,45,92,64,88,0,244,4,0,4,248
11/12/2016,ORF,VA,AEA,EN,Combined TRACON& Tower with Radar,73,48,23,0,144,0,0,30,6,36,73,48,53,6,180,14,0,14,194
11/13/2016,ORF,VA,AEA,EN,Combined TRACON& Tower with Radar,77,53,35,0,165,0,0,26,1,27,77,53,61,1,192,16,0,16,208
11/14/2016,ORF,VA,AEA,EN,Combined TRACON& Tower with Radar,85,54,30,0,169,0,0,7,0,7,85,54,37,0,176,0,0,0,176
11/15/2016,ORF,VA,AEA,EN,Combined TRACON& Tower with Radar,87,68,40,0,195,0,0,19,0,19,87,68,59,0,214,0,0,0,214
11/16/2016,ORF,VA,AEA,EN,Combined TRACON& Tower with Radar,92,65,52,0,209,0,0,21,0,21,92,65,73,0,230,0,0,0,230
11/17/2016,ORF,VA,AEA,EN,Combined TRACON& Tower with Radar,90,68,49,0,207,0,0,22,0,22,90,68,71,0,229,0,0,0,229
11/18/2016,ORF,VA,AEA,EN,Combined TRACON& Tower with Radar,95,62,49,3,209,0,0,28,0,28,95,62,77,3,237,0,0,0,237
11/19/2016,ORF,VA,AEA,EN,Combined TRACON& Tower with Radar,72,35,20,0,127,0,0,38,0,38,72,35,58,0,165,6,0,6,171
11/20/2016,ORF,VA,AEA,EN,Combined TRACON& Tower with Radar,73,62,17,0,152,4,0,14,0,18,77,62,31,0,170,22,0,22,192
11/21/2016,ORF,VA,AEA,EN,Combined TRACON& Tower with Radar,91,61,14,0,166,0,0,20,0,20,91,61,34,0,186,0,0,0,186
11/22/2016,ORF,VA,AEA,EN,Combined TRACON& Tower with Radar,86,72,31,2,191,0,2,22,0,24,86,74,53,2,215,0,0,0,215
11/23/2016,ORF,VA,AEA,EN,Combined TRACON& Tower with Radar,90,63,40,0,193,0,0,17,0,17,90,63,57,0,210,0,0,0,210
11/24/2016,ORF,VA,AEA,EN,Combined TRACON& Tower with Radar,53,38,7,0,98,0,0,4,0,4,53,38,11,0,102,0,0,0,102
11/25/2016,ORF,VA,AEA,EN,Combined TRACON& Tower with Radar,71,43,18,0,132,0,0,15,0,15,71,43,33,0,147,0,0,0,147
11/26/2016,ORF,VA,AEA,EN,Combined TRACON& Tower with Radar,94,53,30,0,177,0,0,14,0,14,94,53,44,0,191,0,0,0,191
11/27/2016,ORF,VA,AEA,EN,Combined TRACON& Tower with Radar,80,64,33,0,177,0,0,19,0,19,80,64,52,0,196,12,0,12,208
11/28/2016,ORF,VA,AEA,EN,Combined TRACON& Tower with Radar,87,68,32,0,187,0,0,28,0,28,87,68,60,0,215,48,0,48,263
11/29/2016,ORF,VA,AEA,EN,Combined TRACON& Tower with Radar,93,53,38,0,184,0,0,6,0,6,93,53,44,0,190,0,0,0,190
11/30/2016,ORF,VA,AEA,EN,Combined TRACON& Tower with Radar,94,69,30,0,193,0,0,2,0,2,94,69,32,0,195,0,0,0,195
12/01/2016,ORF,VA,AEA,EN,Combined TRACON& Tower with Radar,92,69,33,1,195,0,0,24,0,24,92,69,57,1,219,0,0,0,219
12/02/2016,ORF,VA,AEA,EN,Combined TRACON& Tower with Radar,84,78,42,0,204,0,3,24,0,27,84,81,66,0,231,0,0,0,231
12/03/2016,ORF,VA,AEA,EN,Combined TRACON& Tower with Radar,64,40,7,0,111,0,0,53,0,53,64,40,60,0,164,12,0,12,176
12/04/2016,ORF,VA,AEA,EN,Combined TRACON& Tower with Radar,67,63,20,6,156,0,0,7,0,7,67,63,27,6,163,0,0,0,163
12/05/2016,ORF,VA,AEA,EN,Combined TRACON& Tower with Radar,81,68,38,5,192,0,0,3,0,3,81,68,41,5,195,0,0,0,195
12/06/2016,ORF,VA,AEA,EN,Combined TRACON& Tower with Radar,87,67,36,0,190,0,0,0,0,0,87,67,36,0,190,0,0,0,190
12/07/2016,ORF,VA,AEA,EN,Combined TRACON& Tower with Radar,85,72,35,1,193,0,0,11,1,12,85,72,46,2,205,0,0,0,205
12/08/2016,ORF,VA,AEA,EN,Combined TRACON& Tower with Radar,86,80,35,0,201,0,0,8,0,8,86,80,43,0,209,10,0,10,219
12/09/2016,ORF,VA,AEA,EN,Combined TRACON& Tower with Radar,84,80,40,0,204,0,1,16,0,17,84,81,56,0,221,0,0,0,221
12/10/2016,ORF,VA,AEA,EN,Combined TRACON& Tower with Radar,62,35,17,0,114,16,1,20,0,37,78,36,37,0,151,16,0,16,167
12/11/2016,ORF,VA,AEA,EN,Combined TRACON& Tower with Radar,60,61,23,2,146,0,0,23,0,23,60,61,46,2,169,0,0,0,169
12/12/2016,ORF,VA,AEA,EN,Combined TRACON& Tower with Radar,84,61,21,0,166,0,0,0,0,0,84,61,21,0,166,0,0,0,166
12/13/2016,ORF,VA,AEA,EN,Combined TRACON& Tower with Radar,87,67,51,0,205,0,0,8,0,8,87,67,59,0,213,0,0,0,213
12/14/2016,ORF,VA,AEA,EN,Combined TRACON& Tower with Radar,85,75,25,6,191,0,0,14,0,14,85,75,39,6,205,0,0,0,205
12/15/2016,ORF,VA,AEA,EN,Combined TRACON& Tower with Radar,85,75,33,4,197,0,0,2,0,2,85,75,35,4,199,0,0,0,199
12/16/2016,ORF,VA,AEA,EN,Combined TRACON& Tower with Radar,81,63,39,0,183,0,0,13,0,13,81,63,52,0,196,0,0,0,196
12/17/2016,ORF,VA,AEA,EN,Combined TRACON& Tower with Radar,99,32,11,0,142,0,0,0,0,0,99,32,11,0,142,0,0,0,142
12/18/2016,ORF,VA,AEA,EN,Combined TRACON& Tower with Radar,72,48,14,0,134,0,0,7,0,7,72,48,21,0,141,0,0,0,141
12/19/2016,ORF,VA,AEA,EN,Combined TRACON& Tower with Radar,88,63,26,0,177,0,0,6,0,6,88,63,32,0,183,0,0,0,183
12/20/2016,ORF,VA,AEA,EN,Combined TRACON& Tower with Radar,87,63,40,0,190,0,2,23,0,25,87,65,63,0,215,2,0,2,217
12/21/2016,ORF,VA,AEA,EN,Combined TRACON& Tower with Radar,82,57,35,1,175,0,1,30,0,31,82,58,65,1,206,0,0,0,206
12/22/2016,ORF,VA,AEA,EN,Combined TRACON& Tower with Radar,86,57,26,0,169,0,0,73,0,73,86,57,99,0,242,22,0,22,264
12/23/2016,ORF,VA,AEA,EN,Combined TRACON& Tower with Radar,86,54,15,0,155,0,0,33,0,33,86,54,48,0,188,10,0,10,198
12/24/2016,ORF,VA,AEA,EN,Combined TRACON& Tower with Radar,70,39,5,0,114,0,0,6,0,6,70,39,11,0,120,0,0,0,120
12/25/2016,ORF,VA,AEA,EN,Combined TRACON& Tower with Radar,56,28,7,0,91,0,0,7,0,7,56,28,14,0,98,0,0,0,98
12/26/2016,ORF,VA,AEA,EN,Combined TRACON& Tower with Radar,78,52,27,0,157,0,0,12,0,12,78,52,39,0,169,0,0,0,169
12/27/2016,ORF,VA,AEA,EN,Combined TRACON& Tower with Radar,82,67,23,0,172,0,0,5,0,5,82,67,28,0,177,0,0,0,177
12/28/2016,ORF,VA,AEA,EN,Combined TRACON& Tower with Radar,83,56,25,1,165,0,1,26,1,28,83,57,51,2,193,12,0,12,205
12/29/2016,ORF,VA,AEA,EN,Combined TRACON& Tower with Radar,80,58,15,0,153,0,1,8,0,9,80,59,23,0,162,0,0,0,162
12/30/2016,ORF,VA,AEA,EN,Combined TRACON& Tower with Radar,84,55,18,0,157,0,0,14,0,14,84,55,32,0,171,0,0,0,171
12/31/2016,ORF,VA,AEA,EN,Combined TRACON& Tower with Radar,63,43,11,0,117,0,0,47,0,47,63,43,58,0,164,4,0,4,168
01/01/2017,ORF,VA,AEA,EN,Combined TRACON& Tower with Radar,65,49,23,0,137,0,0,14,0,14,65,49,37,0,151,0,0,0,151
01/02/2017,ORF,VA,AEA,EN,Combined TRACON& Tower with Radar,77,67,20,0,164,0,0,0,0,0,77,67,20,0,164,0,0,0,164
01/03/2017,ORF,VA,AEA,EN,Combined TRACON& Tower with Radar,88,52,21,0,161,0,0,0,0,0,88,52,21,0,161,0,0,0,161
01/04/2017,ORF,VA,AEA,EN,Combined TRACON& Tower with Radar,93,56,33,0,182,0,0,14,0,14,93,56,47,0,196,0,0,0,196
01/05/2017,ORF,VA,AEA,EN,Combined TRACON& Tower with Radar,89,53,35,0,177,0,0,12,0,12,89,53,47,0,189,0,0,0,189
01/06/2017,ORF,VA,AEA,EN,Combined TRACON& Tower with Radar,76,60,21,0,157,0,0,7,0,7,76,60,28,0,164,10,0,10,174
01/07/2017,ORF,VA,AEA,EN,Combined TRACON& Tower with Radar,3,3,0,0,6,0,0,0,0,0,3,3,0,0,6,0,0,0,6
01/08/2017,ORF,VA,AEA,EN,Combined TRACON& Tower with Radar,60,51,22,0,133,0,0,7,1,8,60,51,29,1,141,0,0,0,141
01/09/2017,ORF,VA,AEA,EN,Combined TRACON& Tower with Radar,86,67,20,4,177,0,1,5,0,6,86,68,25,4,183,0,0,0,183
01/10/2017,ORF,VA,AEA,EN,Combined TRACON& Tower with Radar,74,71,24,0,169,0,0,10,0,10,74,71,34,0,179,0,0,0,179
01/11/2017,ORF,VA,AEA,EN,Combined TRACON& Tower with Radar,82,72,28,0,182,0,0,13,0,13,82,72,41,0,195,0,0,0,195
01/12/2017,ORF,VA,AEA,EN,Combined TRACON& Tower with Radar,82,62,38,0,182,0,0,17,2,19,82,62,55,2,201,6,0,6,207
01/13/2017,ORF,VA,AEA,EN,Combined TRACON& Tower with Radar,80,69,25,1,175,0,0,13,14,27,80,69,38,15,202,0,0,0,202
01/14/2017,ORF,VA,AEA,EN,Combined TRACON& Tower with Radar,61,37,11,0,109,1,0,13,0,14,62,37,24,0,123,12,0,12,135
01/15/2017,ORF,VA,AEA,EN,Combined TRACON& Tower with Radar,60,49,22,0,131,0,0,0,0,0,60,49,22,0,131,0,0,0,131
01/16/2017,ORF,VA,AEA,EN,Combined TRACON& Tower with Radar,77,68,29,0,174,0,0,2,0,2,77,68,31,0,176,0,0,0,176
01/17/2017,ORF,VA,AEA,EN,Combined TRACON& Tower with Radar,76,58,25,1,160,0,0,9,0,9,76,58,34,1,169,0,0,0,169
01/18/2017,ORF,VA,AEA,EN,Combined TRACON& Tower with Radar,80,64,40,0,184,0,0,7,0,7,80,64,47,0,191,0,0,0,191
01/19/2017,ORF,VA,AEA,EN,Combined TRACON& Tower with Radar,82,68,35,1,186,0,0,29,0,29,82,68,64,1,215,16,0,16,231
01/20/2017,ORF,VA,AEA,EN,Combined TRACON& Tower with Radar,80,77,25,0,182,0,0,9,0,9,80,77,34,0,191,0,0,0,191
01/21/2017,ORF,VA,AEA,EN,Combined TRACON& Tower with Radar,59,41,17,0,117,0,0,0,0,0,59,41,17,0,117,0,0,0,117
01/22/2017,ORF,VA,AEA,EN,Combined TRACON& Tower with Radar,66,58,13,0,137,0,0,0,0,0,66,58,13,0,137,0,0,0,137
01/23/2017,ORF,VA,AEA,EN,Combined TRACON& Tower with Radar,75,49,25,0,149,0,0,4,0,4,75,49,29,0,153,0,0,0,153
01/24/2017,ORF,VA,AEA,EN,Combined TRACON& Tower with Radar,76,68,47,0,191,0,0,8,0,8,76,68,55,0,199,0,0,0,199
01/25/2017,ORF,VA,AEA,EN,Combined TRACON& Tower with Radar,80,76,43,0,199,0,0,35,0,35,80,76,78,0,234,20,0,20,254
01/26/2017,ORF,VA,AEA,EN,Combined TRACON& Tower with Radar,86,66,31,0,183,0,0,0,0,0,86,66,31,0,183,10,0,10,193
01/27/2017,ORF,VA,AEA,EN,Combined TRACON& Tower with Radar,80,70,35,0,185,0,0,19,11,30,80,70,54,11,215,0,0,0,215
01/28/2017,ORF,VA,AEA,EN,Combined TRACON& Tower with Radar,58,48,24,0,130,0,0,72,0,72,58,48,96,0,202,46,0,46,248
01/29/2017,ORF,VA,AEA,EN,Combined TRACON& Tower with Radar,64,73,18,0,155,0,0,15,0,15,64,73,33,0,170,0,0,0,170
01/30/2017,ORF,VA,AEA,EN,Combined TRACON& Tower with Radar,74,62,30,1,167,0,0,15,1,16,74,62,45,2,183,0,0,0,183
01/31/2017,ORF,VA,AEA,EN,Combined TRACON& Tower with Radar,75,59,21,2,157,0,0,8,0,8,75,59,29,2,165,0,0,0,165
02/01/2017,ORF,VA,AEA,EN,Combined TRACON& Tower with Radar,81,67,24,0,172,0,0,17,0,17,81,67,41,0,189,8,4,12,201
02/02/2017,ORF,VA,AEA,EN,Combined TRACON& Tower with Radar,82,63,33,0,178,0,2,21,7,30,82,65,54,7,208,24,0,24,232
02/03/2017,ORF,VA,AEA,EN,Combined TRACON& Tower with Radar,79,77,39,0,195,0,1,21,0,22,79,78,60,0,217,0,0,0,217
02/04/2017,ORF,VA,AEA,EN,Combined TRACON& Tower with Radar,60,37,24,0,121,0,4,57,0,61,60,41,81,0,182,28,0,28,210
02/05/2017,ORF,VA,AEA,EN,Combined TRACON& Tower with Radar,61,48,11,0,120,0,0,11,1,12,61,48,22,1,132,10,0,10,142
02/06/2017,ORF,VA,AEA,EN,Combined TRACON& Tower with Radar,74,68,38,0,180,0,0,15,2,17,74,68,53,2,197,4,0,4,201
02/07/2017,ORF,VA,AEA,EN,Combined TRACON& Tower with Radar,76,63,25,8,172,0,0,10,1,11,76,63,35,9,183,10,0,10,193
02/08/2017,ORF,VA,AEA,EN,Combined TRACON& Tower with Radar,84,74,30,0,188,0,0,13,2,15,84,74,43,2,203,0,0,0,203
02/09/2017,ORF,VA,AEA,EN,Combined TRACON& Tower with Radar,80,44,26,4,154,0,0,1,0,1,80,44,27,4,155,0,0,0,155
02/10/2017,ORF,VA,AEA,EN,Combined TRACON& Tower with Radar,79,74,23,1,177,0,0,11,4,15,79,74,34,5,192,0,0,0,192
02/11/2017,ORF,VA,AEA,EN,Combined TRACON& Tower with Radar,57,46,9,0,112,0,5,28,1,34,57,51,37,1,146,16,0,16,162
02/12/2017,ORF,VA,AEA,EN,Combined TRACON& Tower with Radar,71,54,16,0,141,0,0,11,4,15,71,54,27,4,156,0,0,0,156
02/13/2017,ORF,VA,AEA,EN,Combined TRACON& Tower with Radar,77,63,18,1,159,0,1,7,4,12,77,64,25,5,171,0,0,0,171
02/14/2017,ORF,VA,AEA,EN,Combined TRACON& Tower with Radar,74,68,30,3,175,0,0,17,4,21,74,68,47,7,196,0,0,0,196
02/15/2017,ORF,VA,AEA,EN,Combined TRACON& Tower with Radar,79,68,31,0,178,0,0,5,0,5,79,68,36,0,183,20,0,20,203
02/16/2017,ORF,VA,AEA,EN,Combined TRACON& Tower with Radar,80,65,25,0,170,0,0,8,1,9,80,65,33,1,179,0,0,0,179
02/17/2017,ORF,VA,AEA,EN,Combined TRACON& Tower with Radar,89,61,31,2,183,0,0,29,13,42,89,61,60,15,225,10,0,10,235
02/18/2017,ORF,VA,AEA,EN,Combined TRACON& Tower with Radar,60,45,17,1,123,0,0,82,0,82,60,45,99,1,205,42,0,42,247
02/19/2017,ORF,VA,AEA,EN,Combined TRACON& Tower with Radar,73,52,23,0,148,0,0,27,0,27,73,52,50,0,175,18,0,18,193
02/20/2017,ORF,VA,AEA,EN,Combined TRACON& Tower with Radar,80,64,31,0,175,0,0,27,0,27,80,64,58,0,202,0,0,0,202
02/21/2017,ORF,VA,AEA,EN,Combined TRACON& Tower with Radar,85,60,32,0,177,0,0,14,0,14,85,60,46,0,191,0,0,0,191
02/22/2017,ORF,VA,AEA,EN,Combined TRACON& Tower with Radar,86,55,37,1,179,0,0,19,0,19,86,55,56,1,198,0,0,0,198
02/23/2017,ORF,VA,AEA,EN,Combined TRACON& Tower with Radar,83,66,37,0,186,0,0,8,2,10,83,66,45,2,196,2,0,2,198
02/24/2017,ORF,VA,AEA,EN,Combined TRACON& Tower with Radar,85,70,40,0,195,0,0,24,0,24,85,70,64,0,219,0,0,0,219
02/25/2017,ORF,VA,AEA,EN,Combined TRACON& Tower with Radar,67,47,23,2,139,0,0,37,0,37,67,47,60,2,176,28,0,28,204
02/26/2017,ORF,VA,AEA,EN,Combined TRACON& Tower with Radar,71,62,28,0,161,0,0,27,0,27,71,62,55,0,188,0,0,0,188
02/27/2017,ORF,VA,AEA,EN,Combined TRACON& Tower with Radar,79,65,14,0,158,0,0,12,0,12,79,65,26,0,170,0,0,0,170
02/28/2017,ORF,VA,AEA,EN,Combined TRACON& Tower with Radar,81,60,18,0,159,0,0,12,0,12,81,60,30,0,171,0,0,0,171
03/01/2017,ORF,VA,AEA,EN,Combined TRACON& Tower with Radar,90,57,31,0,178,0,0,5,0,5,90,57,36,0,183,0,0,0,183
03/02/2017,ORF,VA,AEA,EN,Combined TRACON& Tower with Radar,88,58,33,0,179,0,0,3,4,7,88,58,36,4,186,40,0,40,226
03/03/2017,ORF,VA,AEA,EN,Combined TRACON& Tower with Radar,85,64,21,1,171,0,0,14,4,18,85,64,35,5,189,16,0,16,205
03/04/2017,ORF,VA,AEA,EN,Combined TRACON& Tower with Radar,61,55,25,0,141,0,0,49,0,49,61,55,74,0,190,18,0,18,208
03/05/2017,ORF,VA,AEA,EN,Combined TRACON& Tower with Radar,69,59,21,2,151,0,0,31,0,31,69,59,52,2,182,12,0,12,194
03/06/2017,ORF,VA,AEA,EN,Combined TRACON& Tower with Radar,81,65,24,1,171,0,0,17,1,18,81,65,41,2,189,0,0,0,189
03/07/2017,ORF,VA,AEA,EN,Combined TRACON& Tower with Radar,88,60,21,0,169,0,0,11,0,11,88,60,32,0,180,0,0,0,180
03/08/2017,ORF,VA,AEA,EN,Combined TRACON& Tower with Radar,86,63,31,1,181,0,1,6,4,11,86,64,37,5,192,0,0,0,192
03/09/2017,ORF,VA,AEA,EN,Combined TRACON& Tower with Radar,85,65,34,0,184,0,0,12,0,12,85,65,46,0,196,0,0,0,196
03/10/2017,ORF,VA,AEA,EN,Combined TRACON& Tower with Radar,81,63,22,0,166,0,0,9,0,9,81,63,31,0,175,14,0,14,189
03/11/2017,ORF,VA,AEA,EN,Combined TRACON& Tower with Radar,61,70,18,0,149,0,0,41,2,43,61,70,59,2,192,26,0,26,218
03/12/2017,ORF,VA,AEA,EN,Combined TRACON& Tower with Radar,67,56,37,0,160,0,0,6,1,7,67,56,43,1,167,6,0,6,173
03/13/2017,ORF,VA,AEA,EN,Combined TRACON& Tower with Radar,74,60,27,0,161,0,0,12,0,12,74,60,39,0,173,0,0,0,173
03/14/2017,ORF,VA,AEA,EN,Combined TRACON& Tower with Radar,60,23,14,0,97,0,0,1,0,1,60,23,15,0,98,0,0,0,98
03/15/2017,ORF,VA,AEA,EN,Combined TRACON& Tower with Radar,75,78,23,0,176,0,0,2,0,2,75,78,25,0,178,0,0,0,178
03/16/2017,ORF,VA,AEA,EN,Combined TRACON& Tower with Radar,85,69,31,0,185,0,0,17,0,17,85,69,48,0,202,6,0,6,208
03/17/2017,ORF,VA,AEA,EN,Combined TRACON& Tower with Radar,88,67,27,0,182,0,1,29,1,31,88,68,56,1,213,0,0,0,213
03/18/2017,ORF,VA,AEA,EN,Combined TRACON& Tower with Radar,61,47,29,0,137,0,0,5,0,5,61,47,34,0,142,4,0,4,146
03/19/2017,ORF,VA,AEA,EN,Combined TRACON& Tower with Radar,70,62,21,0,153,0,0,22,0,22,70,62,43,0,175,10,0,10,185
03/20/2017,ORF,VA,AEA,EN,Combined TRACON& Tower with Radar,80,67,44,1,192,0,0,31,1,32,80,67,75,2,224,0,0,0,224
03/21/2017,ORF,VA,AEA,EN,Combined TRACON& Tower with Radar,81,67,32,1,181,0,0,12,0,12,81,67,44,1,193,0,0,0,193
03/22/2017,ORF,VA,AEA,EN,Combined TRACON& Tower with Radar,83,67,22,2,174,0,0,7,0,7,83,67,29,2,181,0,0,0,181
03/23/2017,ORF,VA,AEA,EN,Combined TRACON& Tower with Radar,86,67,34,0,187,0,0,16,4,20,86,67,50,4,207,17,0,17,224
03/24/2017,ORF,VA,AEA,EN,Combined TRACON& Tower with Radar,77,79,39,0,195,0,0,13,0,13,77,79,52,0,208,0,0,0,208
03/25/2017,ORF,VA,AEA,EN,Combined TRACON& Tower with Radar,63,57,39,0,159,0,0,26,0,26,63,57,65,0,185,24,0,24,209
03/26/2017,ORF,VA,AEA,EN,Combined TRACON& Tower with Radar,68,62,30,0,160,0,0,17,1,18,68,62,47,1,178,22,0,22,200
03/27/2017,ORF,VA,AEA,EN,Combined TRACON& Tower with Radar,79,66,19,0,164,0,0,19,0,19,79,66,38,0,183,0,0,0,183
03/28/2017,ORF,VA,AEA,EN,Combined TRACON& Tower with Radar,90,66,29,0,185,0,0,4,0,4,90,66,33,0,189,0,0,0,189
03/29/2017,ORF,VA,AEA,EN,Combined TRACON& Tower with Radar,84,63,44,0,191,0,0,10,1,11,84,63,54,1,202,0,0,0,202
03/30/2017,ORF,VA,AEA,EN,Combined TRACON& Tower with Radar,83,61,51,0,195,0,0,21,0,21,83,61,72,0,216,0,0,0,216
03/31/2017,ORF,VA,AEA,EN,Combined TRACON& Tower with Radar,85,58,19,0,162,0,0,1,0,1,85,58,20,0,163,0,0,0,163
04/01/2017,ORF,VA,AEA,EN,Combined TRACON& Tower with Radar,61,52,22,0,135,0,0,51,0,51,61,52,73,0,186,22,0,22,208
04/02/2017,ORF,VA,AEA,EN,Combined TRACON& Tower with Radar,69,59,45,0,173,0,0,25,0,25,69,59,70,0,198,0,0,0,198
04/03/2017,ORF,VA,AEA,EN,Combined TRACON& Tower with Radar,79,63,18,3,163,0,3,17,0,20,79,66,35,3,183,0,0,0,183
04/04/2017,ORF,VA,AEA,EN,Combined TRACON& Tower with Radar,80,63,24,1,168,0,0,8,0,8,80,63,32,1,176,0,0,0,176
04/05/2017,ORF,VA,AEA,EN,Combined TRACON& Tower with Radar,71,74,36,0,181,0,0,12,0,12,71,74,48,0,193,0,0,0,193
04/06/2017,ORF,VA,AEA,EN,Combined TRACON& Tower with Radar,85,56,20,2,163,0,0,3,0,3,85,56,23,2,166,0,0,0,166
04/07/2017,ORF,VA,AEA,EN,Combined TRACON& Tower with Radar,71,72,31,0,174,0,0,7,0,7,71,72,38,0,181,0,0,0,181
04/08/2017,ORF,VA,AEA,EN,Combined TRACON& Tower with Radar,51,55,34,0,140,0,0,25,0,25,51,55,59,0,165,16,0,16,181
04/09/2017,ORF,VA,AEA,EN,Combined TRACON& Tower with Radar,65,78,22,0,165,0,0,25,0,25,65,78,47,0,190,8,0,8,198
04/10/2017,ORF,VA,AEA,EN,Combined TRACON& Tower with Radar,76,79,25,1,181,0,0,25,2,27,76,79,50,3,208,0,0,0,208
04/11/2017,ORF,VA,AEA,EN,Combined TRACON& Tower with Radar,86,72,29,2,189,0,1,32,0,33,86,73,61,2,222,14,0,14,236
04/12/2017,ORF,VA,AEA,EN,Combined TRACON& Tower with Radar,82,74,43,2,201,0,0,23,2,25,82,74,66,4,226,0,0,0,226
04/13/2017,ORF,VA,AEA,EN,Combined TRACON& Tower with Radar,86,80,44,1,211,0,1,21,1,23,86,81,65,2,234,0,0,0,234
04/14/2017,ORF,VA,AEA,EN,Combined TRACON& Tower with Radar,84,76,22,3,185,0,1,13,0,14,84,77,35,3,199,0,10,10,209
04/15/2017,ORF,VA,AEA,EN,Combined TRACON& Tower with Radar,57,65,12,0,134,0,2,9,0,11,57,67,21,0,145,8,0,8,153
04/16/2017,ORF,VA,AEA,EN,Combined TRACON& Tower with Radar,66,71,28,0,165,0,0,11,0,11,66,71,39,0,176,0,0,0,176
04/17/2017,ORF,VA,AEA,EN,Combined TRACON& Tower with Radar,78,81,24,0,183,0,2,8,0,10,78,83,32,0,193,0,0,0,193
04/18/2017,ORF,VA,AEA,EN,Combined TRACON& Tower with Radar,83,73,41,3,200,0,0,15,5,20,83,73,56,8,220,0,0,0,220
04/19/2017,ORF,VA,AEA,EN,Combined TRACON& Tower with Radar,81,70,25,0,176,0,0,4,0,4,81,70,29,0,180,0,0,0,180
04/20/2017,ORF,VA,AEA,EN,Combined TRACON& Tower with Radar,84,71,54,3,212,0,0,5,1,6,84,71,59,4,218,0,0,0,218
04/21/2017,ORF,VA,AEA,EN,Combined TRACON& Tower with Radar,85,69,35,2,191,0,0,30,0,30,85,69,65,2,221,0,0,0,221
04/22/2017,ORF,VA,AEA,EN,Combined TRACON& Tower with Radar,60,64,18,1,143,0,0,7,0,7,60,64,25,1,150,0,0,0,150
04/23/2017,ORF,VA,AEA,EN,Combined TRACON& Tower with Radar,69,66,25,1,161,0,0,2,0,2,69,66,27,1,163,0,0,0,163
04/24/2017,ORF,VA,AEA,EN,Combined TRACON& Tower with Radar,83,71,12,2,168,0,0,0,0,0,83,71,12,2,168,0,0,0,168
04/25/2017,ORF,VA,AEA,EN,Combined TRACON& Tower with Radar,84,58,41,2,185,0,1,13,0,14,84,59,54,2,199,0,0,0,199
04/26/2017,ORF,VA,AEA,EN,Combined TRACON& Tower with Radar,86,70,42,2,200,0,0,13,0,13,86,70,55,2,213,0,0,0,213
04/27/2017,ORF,VA,AEA,EN,Combined TRACON& Tower with Radar,84,72,42,1,199,0,0,45,0,45,84,72,87,1,244,11,0,11,255
04/28/2017,ORF,VA,AEA,EN,Combined TRACON& Tower with Radar,83,77,17,4,181,0,0,8,0,8,83,77,25,4,189,10,14,24,213
04/29/2017,ORF,VA,AEA,EN,Combined TRACON& Tower with Radar,62,62,20,3,147,0,0,15,0,15,62,62,35,3,162,0,0,0,162
04/30/2017,ORF,VA,AEA,EN,Combined TRACON& Tower with Radar,71,70,31,0,172,0,0,16,2,18,71,70,47,2,190,0,0,0,190
05/01/2017,ORF,VA,AEA,EN,Combined TRACON& Tower with Radar,83,74,18,0,175,0,1,11,0,12,83,75,29,0,187,0,0,0,187
05/02/2017,ORF,VA,AEA,EN,Combined TRACON& Tower with Radar,88,70,31,2,191,0,0,17,3,20,88,70,48,5,211,2,6,8,219
05/03/2017,ORF,VA,AEA,EN,Combined TRACON& Tower with Radar,86,71,30,2,189,0,0,40,1,41,86,71,70,3,230,0,0,0,230
05/04/2017,ORF,VA,AEA,EN,Combined TRACON& Tower with Radar,91,76,41,1,209,0,0,31,0,31,91,76,72,1,240,22,0,22,262
05/05/2017,ORF,VA,AEA,EN,Combined TRACON& Tower with Radar,88,59,22,0,169,0,0,2,0,2,88,59,24,0,171,0,0,0,171
05/06/2017,ORF,VA,AEA,EN,Combined TRACON& Tower with Radar,67,55,26,2,150,0,0,12,0,12,67,55,38,2,162,0,0,0,162
05/07/2017,ORF,VA,AEA,EN,Combined TRACON& Tower with Radar,73,71,35,1,180,0,0,23,2,25,73,71,58,3,205,0,0,0,205
05/08/2017,ORF,VA,AEA,EN,Combined TRACON& Tower with Radar,85,72,23,2,182,0,0,22,4,26,85,72,45,6,208,0,0,0,208
05/09/2017,ORF,VA,AEA,EN,Combined TRACON& Tower with Radar,88,66,31,7,192,0,0,25,0,25,88,66,56,7,217,0,0,0,217
05/10/2017,ORF,VA,AEA,EN,Combined TRACON& Tower with Radar,85,70,45,2,202,0,0,17,4,21,85,70,62,6,223,0,0,0,223
05/11/2017,ORF,VA,AEA,EN,Combined TRACON& Tower with Radar,89,77,51,2,219,0,0,26,4,30,89,77,77,6,249,0,0,0,249
05/12/2017,ORF,VA,AEA,EN,Combined TRACON& Tower with Radar,89,72,45,0,206,0,0,0,0,0,89,72,45,0,206,0,0,0,206
05/13/2017,ORF,VA,AEA,EN,Combined TRACON& Tower with Radar,68,60,35,0,163,0,1,0,0,1,68,61,35,0,164,0,0,0,164
05/14/2017,ORF,VA,AEA,EN,Combined TRACON& Tower with Radar,72,71,14,0,157,0,2,17,1,20,72,73,31,1,177,14,0,14,191
05/15/2017,ORF,VA,AEA,EN,Combined TRACON& Tower with Radar,82,65,42,0,189,0,0,16,1,17,82,65,58,1,206,0,0,0,206
05/16/2017,ORF,VA,AEA,EN,Combined TRACON& Tower with Radar,86,73,35,1,195,0,0,27,1,28,86,73,62,2,223,0,0,0,223
05/17/2017,ORF,VA,AEA,EN,Combined TRACON& Tower with Radar,89,71,34,5,199,0,0,25,0,25,89,71,59,5,224,0,0,0,224
05/18/2017,ORF,VA,AEA,EN,Combined TRACON& Tower with Radar,85,67,58,3,213,0,0,22,0,22,85,67,80,3,235,0,0,0,235
05/19/2017,ORF,VA,AEA,EN,Combined TRACON& Tower with Radar,89,66,43,3,201,0,1,32,0,33,89,67,75,3,234,4,0,4,238
05/20/2017,ORF,VA,AEA,EN,Combined TRACON& Tower with Radar,65,61,29,3,158,0,0,6,0,6,65,61,35,3,164,0,0,0,164
05/21/2017,ORF,VA,AEA,EN,Combined TRACON& Tower with Radar,74,66,38,3,181,0,0,10,0,10,74,66,48,3,191,0,0,0,191
05/22/2017,ORF,VA,AEA,EN,Combined TRACON& Tower with Radar,81,61,22,2,166,0,2,7,0,9,81,63,29,2,175,0,0,0,175
05/23/2017,ORF,VA,AEA,EN,Combined TRACON& Tower with Radar,89,74,25,2,190,0,0,0,0,0,89,74,25,2,190,0,0,0,190
05/24/2017,ORF,VA,AEA,EN,Combined TRACON& Tower with Radar,85,72,31,1,189,0,0,0,0,0,85,72,31,1,189,0,0,0,189
05/25/2017,ORF,VA,AEA,EN,Combined TRACON& Tower with Radar,88,52,43,1,184,0,0,9,0,9,88,52,52,1,193,0,0,0,193
05/26/2017,ORF,VA,AEA,EN,Combined TRACON& Tower with Radar,93,78,31,2,204,0,0,39,0,39,93,78,70,2,243,0,0,0,243
05/27/2017,ORF,VA,AEA,EN,Combined TRACON& Tower with Radar,62,65,20,0,147,0,0,14,0,14,62,65,34,0,161,0,0,0,161
05/28/2017,ORF,VA,AEA,EN,Combined TRACON& Tower with Radar,71,64,21,1,157,0,0,7,0,7,71,64,28,1,164,12,0,12,176
05/29/2017,ORF,VA,AEA,EN,Combined TRACON& Tower with Radar,75,65,20,1,161,0,0,14,0,14,75,65,34,1,175,0,0,0,175
05/30/2017,ORF,VA,AEA,EN,Combined TRACON& Tower with Radar,82,52,33,0,167,0,0,3,0,3,82,52,36,0,170,0,0,0,170
05/31/2017,ORF,VA,AEA,EN,Combined TRACON& Tower with Radar,87,66,43,2,198,0,0,20,4,24,87,66,63,6,222,0,0,0,222
06/01/2017,ORF,VA,AEA,EN,Combined TRACON& Tower with Radar,91,65,39,1,196,0,0,30,2,32,91,65,69,3,228,0,0,0,228
06/02/2017,ORF,VA,AEA,EN,Combined TRACON& Tower with Radar,85,76,25,0,186,0,1,30,0,31,85,77,55,0,217,0,0,0,217
06/03/2017,ORF,VA,AEA,EN,Combined TRACON& Tower with Radar,62,68,19,1,150,0,1,23,1,25,62,69,42,2,175,0,0,0,175
06/04/2017,ORF,VA,AEA,EN,Combined TRACON& Tower with Radar,73,75,35,3,186,0,1,14,0,15,73,76,49,3,201,0,0,0,201
06/05/2017,ORF,VA,AEA,EN,Combined TRACON& Tower with Radar,80,67,21,0,168,0,0,14,0,14,80,67,35,0,182,0,0,0,182
06/06/2017,ORF,VA,AEA,EN,Combined TRACON& Tower with Radar,86,80,30,2,198,0,0,21,0,21,86,80,51,2,219,0,0,0,219
06/07/2017,ORF,VA,AEA,EN,Combined TRACON& Tower with Radar,86,67,39,3,195,0,0,8,1,9,86,67,47,4,204,0,0,0,204
06/08/2017,ORF,VA,AEA,EN,Combined TRACON& Tower with Radar,88,74,53,1,216,0,0,7,0,7,88,74,60,1,223,0,0,0,223
06/09/2017,ORF,VA,AEA,EN,Combined TRACON& Tower with Radar,85,76,47,0,208,0,2,33,0,35,85,78,80,0,243,0,0,0,243
06/10/2017,ORF,VA,AEA,EN,Combined TRACON& Tower with Radar,77,67,23,0,167,0,0,36,0,36,77,67,59,0,203,0,0,0,203
06/11/2017,ORF,VA,AEA,EN,Combined TRACON& Tower with Radar,80,67,25,0,172,0,0,27,0,27,80,67,52,0,199,0,0,0,199
06/12/2017,ORF,VA,AEA,EN,Combined TRACON& Tower with Radar,85,70,24,0,179,0,0,31,1,32,85,70,55,1,211,0,0,0,211
06/13/2017,ORF,VA,AEA,EN,Combined TRACON& Tower with Radar,89,72,26,0,187,0,0,25,0,25,89,72,51,0,212,0,0,0,212
06/14/2017,ORF,VA,AEA,EN,Combined TRACON& Tower with Radar,90,75,35,0,200,0,1,33,3,37,90,76,68,3,237,0,0,0,237
06/15/2017,ORF,VA,AEA,EN,Combined TRACON& Tower with Radar,85,96,60,1,242,0,0,2,0,2,85,96,62,1,244,0,0,0,244
06/16/2017,ORF,VA,AEA,EN,Combined TRACON& Tower with Radar,88,70,37,0,195,0,0,4,0,4,88,70,41,0,199,0,0,0,199
06/17/2017,ORF,VA,AEA,EN,Combined TRACON& Tower with Radar,82,66,35,0,183,0,0,5,0,5,82,66,40,0,188,0,0,0,188
06/18/2017,ORF,VA,AEA,EN,Combined TRACON& Tower with Radar,80,68,25,0,173,0,0,5,3,8,80,68,30,3,181,0,0,0,181
06/19/2017,ORF,VA,AEA,EN,Combined TRACON& Tower with Radar,100,48,26,1,175,0,0,16,0,16,100,48,42,1,191,0,0,0,191
06/20/2017,ORF,VA,AEA,EN,Combined TRACON& Tower with Radar,95,70,31,1,197,0,0,12,0,12,95,70,43,1,209,0,0,0,209
06/21/2017,ORF,VA,AEA,EN,Combined TRACON& Tower with Radar,88,75,33,0,196,0,0,17,0,17,88,75,50,0,213,0,0,0,213
06/22/2017,ORF,VA,AEA,EN,Combined TRACON& Tower with Radar,87,84,54,12,237,0,2,29,1,32,87,86,83,13,269,8,0,8,277
06/23/2017,ORF,VA,AEA,EN,Combined TRACON& Tower with Radar,88,74,26,3,191,0,0,31,0,31,88,74,57,3,222,0,0,0,222
06/24/2017,ORF,VA,AEA,EN,Combined TRACON& Tower with Radar,81,59,22,0,162,0,0,8,0,8,81,59,30,0,170,0,0,0,170
06/25/2017,ORF,VA,AEA,EN,Combined TRACON& Tower with Radar,86,70,34,0,190,0,2,23,0,25,86,72,57,0,215,0,0,0,215
06/26/2017,ORF,VA,AEA,EN,Combined TRACON& Tower with Radar,84,74,31,0,189,0,0,11,2,13,84,74,42,2,202,0,0,0,202
06/27/2017,ORF,VA,AEA,EN,Combined TRACON& Tower with Radar,87,72,38,1,198,0,0,25,1,26,87,72,63,2,224,0,0,0,224
06/28/2017,ORF,VA,AEA,EN,Combined TRACON& Tower with Radar,94,74,36,0,204,0,0,37,2,39,94,74,73,2,243,16,6,22,265
06/29/2017,ORF,VA,AEA,EN,Combined TRACON& Tower with Radar,90,80,47,0,217,0,0,19,1,20,90,80,66,1,237,0,0,0,237
06/30/2017,ORF,VA,AEA,EN,Combined TRACON& Tower with Radar,90,72,37,0,199,0,0,24,0,24,90,72,61,0,223,0,0,0,223
07/01/2017,ORF,VA,AEA,EN,Combined TRACON& Tower with Radar,82,59,18,0,159,0,1,5,0,6,82,60,23,0,165,0,0,0,165
07/02/2017,ORF,VA,AEA,EN,Combined TRACON& Tower with Radar,73,59,22,0,154,0,0,18,0,18,73,59,40,0,172,0,0,0,172
07/03/2017,ORF,VA,AEA,EN,Combined TRACON& Tower with Radar,70,58,19,2,149,0,0,13,0,13,70,58,32,2,162,0,0,0,162
07/04/2017,ORF,VA,AEA,EN,Combined TRACON& Tower with Radar,69,69,15,0,153,0,0,12,0,12,69,69,27,0,165,0,0,0,165
07/05/2017,ORF,VA,AEA,EN,Combined TRACON& Tower with Radar,78,73,52,0,203,0,0,4,1,5,78,73,56,1,208,0,0,0,208
07/06/2017,ORF,VA,AEA,EN,Combined TRACON& Tower with Radar,84,72,45,0,201,0,0,10,0,10,84,72,55,0,211,0,0,0,211
07/07/2017,ORF,VA,AEA,EN,Combined TRACON& Tower with Radar,90,72,33,0,195,0,1,14,0,15,90,73,47,0,210,0,0,0,210
07/08/2017,ORF,VA,AEA,EN,Combined TRACON& Tower with Radar,81,59,21,0,161,0,0,21,0,21,81,59,42,0,182,0,0,0,182
07/09/2017,ORF,VA,AEA,EN,Combined TRACON& Tower with Radar,89,68,26,0,183,0,0,29,0,29,89,68,55,0,212,0,0,0,212
07/10/2017,ORF,VA,AEA,EN,Combined TRACON& Tower with Radar,79,67,18,0,164,0,0,12,0,12,79,67,30,0,176,0,0,0,176
07/11/2017,ORF,VA,AEA,EN,Combined TRACON& Tower with Radar,87,79,35,0,201,0,0,11,0,11,87,79,46,0,212,0,0,0,212
07/12/2017,ORF,VA,AEA,EN,Combined TRACON& Tower with Radar,85,74,34,1,194,0,0,26,5,31,85,74,60,6,225,0,0,0,225
07/13/2017,ORF,VA,AEA,EN,Combined TRACON& Tower with Radar,90,64,30,0,184,0,0,17,0,17,90,64,47,0,201,0,0,0,201
07/14/2017,ORF,VA,AEA,EN,Combined TRACON& Tower with Radar,97,78,43,1,219,0,0,14,1,15,97,78,57,2,234,0,0,0,234
07/15/2017,ORF,VA,AEA,EN,Combined TRACON& Tower with Radar,74,71,23,0,168,0,0,10,0,10,74,71,33,0,178,0,0,0,178
07/16/2017,ORF,VA,AEA,EN,Combined TRACON& Tower with Radar,84,72,41,3,200,0,0,10,1,11,84,72,51,4,211,0,0,0,211
07/17/2017,ORF,VA,AEA,EN,Combined TRACON& Tower with Radar,81,67,35,0,183,0,0,12,1,13,81,67,47,1,196,0,0,0,196
07/18/2017,ORF,VA,AEA,EN,Combined TRACON& Tower with Radar,90,82,37,2,211,0,0,14,0,14,90,82,51,2,225,0,0,0,225
07/19/2017,ORF,VA,AEA,EN,Combined TRACON& Tower with Radar,85,81,41,0,207,0,0,15,0,15,85,81,56,0,222,0,0,0,222
07/20/2017,ORF,VA,AEA,EN,Combined TRACON& Tower with Radar,86,88,36,0,210,0,0,14,1,15,86,88,50,1,225,0,0,0,225
07/21/2017,ORF,VA,AEA,EN,Combined TRACON& Tower with Radar,91,85,48,2,226,0,2,29,2,33,91,87,77,4,259,0,0,0,259
07/22/2017,ORF,VA,AEA,EN,Combined TRACON& Tower with Radar,80,64,26,4,174,0,0,18,2,20,80,64,44,6,194,10,0,10,204
07/23/2017,ORF,VA,AEA,EN,Combined TRACON& Tower with Radar,102,70,42,0,214,0,0,17,0,17,102,70,59,0,231,0,0,0,231
07/24/2017,ORF,VA,AEA,EN,Combined TRACON& Tower with Radar,76,74,30,0,180,0,0,21,0,21,76,74,51,0,201,0,0,0,201
07/25/2017,ORF,VA,AEA,EN,Combined TRACON& Tower with Radar,86,86,29,8,209,0,0,20,0,20,86,86,49,8,229,0,0,0,229
07/26/2017,ORF,VA,AEA,EN,Combined TRACON& Tower with Radar,87,90,49,8,234,0,0,16,3,19,87,90,65,11,253,0,6,6,259
07/27/2017,ORF,VA,AEA,EN,Combined TRACON& Tower with Radar,85,90,49,0,224,0,0,20,0,20,85,90,69,0,244,0,0,0,244
07/28/2017,ORF,VA,AEA,EN,Combined TRACON& Tower with Radar,85,71,47,0,203,0,0,7,0,7,85,71,54,0,210,4,0,4,214
07/29/2017,ORF,VA,AEA,EN,Combined TRACON& Tower with Radar,79,70,25,0,174,0,0,2,0,2,79,70,27,0,176,0,0,0,176
07/30/2017,ORF,VA,AEA,EN,Combined TRACON& Tower with Radar,84,69,29,0,182,0,0,15,2,17,84,69,44,2,199,0,0,0,199
07/31/2017,ORF,VA,AEA,EN,Combined TRACON& Tower with Radar,81,80,33,0,194,0,0,22,0,22,81,80,55,0,216,0,0,0,216
08/01/2017,ORF,VA,AEA,EN,Combined TRACON& Tower with Radar,88,82,37,2,209,0,0,14,2,16,88,82,51,4,225,0,0,0,225
08/02/2017,ORF,VA,AEA,EN,Combined TRACON& Tower with Radar,92,64,23,1,180,0,0,12,0,12,92,64,35,1,192,4,0,4,196
08/03/2017,ORF,VA,AEA,EN,Combined TRACON& Tower with Radar,89,78,37,0,204,0,0,20,0,20,89,78,57,0,224,0,0,0,224
08/04/2017,ORF,VA,AEA,EN,Combined TRACON& Tower with Radar,78,67,25,0,170,0,0,23,0,23,78,67,48,0,193,2,0,2,195
08/05/2017,ORF,VA,AEA,EN,Combined TRACON& Tower with Radar,79,68,23,0,170,0,0,21,0,21,79,68,44,0,191,0,0,0,191
08/06/2017,ORF,VA,AEA,EN,Combined TRACON& Tower with Radar,86,77,27,0,190,0,0,39,0,39,86,77,66,0,229,0,0,0,229
08/07/2017,ORF,VA,AEA,EN,Combined TRACON& Tower with Radar,77,81,25,0,183,0,1,4,0,5,77,82,29,0,188,0,0,0,188
08/08/2017,ORF,VA,AEA,EN,Combined TRACON& Tower with Radar,89,79,43,0,211,0,0,9,0,9,89,79,52,0,220,0,0,0,220
08/09/2017,ORF,VA,AEA,EN,Combined TRACON& Tower with Radar,86,87,31,0,204,0,0,19,0,19,86,87,50,0,223,0,0,0,223
08/10/2017,ORF,VA,AEA,EN,Combined TRACON& Tower with Radar,85,89,44,2,220,0,2,16,0,18,85,91,60,2,238,0,0,0,238
08/11/2017,ORF,VA,AEA,EN,Combined TRACON& Tower with Radar,89,73,36,5,203,0,0,9,0,9,89,73,45,5,212,0,0,0,212
08/12/2017,ORF,VA,AEA,EN,Combined TRACON& Tower with Radar,78,63,18,0,159,0,0,3,0,3,78,63,21,0,162,0,0,0,162
08/13/2017,ORF,VA,AEA,EN,Combined TRACON& Tower with Radar,93,64,39,0,196,0,0,19,2,21,93,64,58,2,217,0,0,0,217
08/14/2017,ORF,VA,AEA,EN,Combined TRACON& Tower with Radar,82,88,49,0,219,0,0,5,0,5,82,88,54,0,224,0,0,0,224
08/15/2017,ORF,VA,AEA,EN,Combined TRACON& Tower with Radar,88,75,44,4,211,0,0,12,0,12,88,75,56,4,223,0,0,0,223
08/16/2017,ORF,VA,AEA,EN,Combined TRACON& Tower with Radar,86,75,46,0,207,0,0,25,0,25,86,75,71,0,232,0,0,0,232
08/17/2017,ORF,VA,AEA,EN,Combined TRACON& Tower with Radar,86,77,56,1,220,0,0,30,0,30,86,77,86,1,250,14,0,14,264
08/18/2017,ORF,VA,AEA,EN,Combined TRACON& Tower with Radar,97,74,40,3,214,0,0,9,0,9,97,74,49,3,223,0,0,0,223
08/19/2017,ORF,VA,AEA,EN,Combined TRACON& Tower with Radar,77,60,19,0,156,0,0,17,0,17,77,60,36,0,173,6,0,6,179
08/20/2017,ORF,VA,AEA,EN,Combined TRACON& Tower with Radar,79,77,27,0,183,0,0,11,0,11,79,77,38,0,194,20,0,20,214
08/21/2017,ORF,VA,AEA,EN,Combined TRACON& Tower with Radar,80,74,39,0,193,0,0,13,0,13,80,74,52,0,206,0,0,0,206
08/22/2017,ORF,VA,AEA,EN,Combined TRACON& Tower with Radar,91,79,43,0,213,0,1,16,0,17,91,80,59,0,230,0,0,0,230
08/23/2017,ORF,VA,AEA,EN,Combined TRACON& Tower with Radar,90,76,43,2,211,0,0,9,0,9,90,76,52,2,220,0,0,0,220
08/24/2017,ORF,VA,AEA,EN,Combined TRACON& Tower with Radar,88,83,51,0,222,0,1,23,1,25,88,84,74,1,247,0,0,0,247
08/25/2017,ORF,VA,AEA,EN,Combined TRACON& Tower with Radar,89,77,27,0,193,19,0,19,0,38,108,77,46,0,231,0,0,0,231
08/26/2017,ORF,VA,AEA,EN,Combined TRACON& Tower with Radar,71,53,29,0,153,0,3,33,0,36,71,56,62,0,189,18,0,18,207
08/27/2017,ORF,VA,AEA,EN,Combined TRACON& Tower with Radar,77,79,32,1,189,0,0,13,0,13,77,79,45,1,202,0,0,0,202
08/28/2017,ORF,VA,AEA,EN,Combined TRACON& Tower with Radar,81,74,26,12,193,0,0,8,0,8,81,74,34,12,201,0,0,0,201
08/29/2017,ORF,VA,AEA,EN,Combined TRACON& Tower with Radar,97,72,14,0,183,0,0,0,0,0,97,72,14,0,183,0,0,0,183
08/30/2017,ORF,VA,AEA,EN,Combined TRACON& Tower with Radar,85,81,26,1,193,0,1,28,3,32,85,82,54,4,225,0,0,0,225
08/31/2017,ORF,VA,AEA,EN,Combined TRACON& Tower with Radar,88,81,55,1,225,0,0,19,3,22,88,81,74,4,247,0,0,0,247
09/01/2017,ORF,VA,AEA,EN,Combined TRACON& Tower with Radar,90,80,37,1,208,0,0,4,0,4,90,80,41,1,212,0,0,0,212
09/02/2017,ORF,VA,AEA,EN,Combined TRACON& Tower with Radar,73,58,12,0,143,0,0,4,0,4,73,58,16,0,147,0,0,0,147
09/03/2017,ORF,VA,AEA,EN,Combined TRACON& Tower with Radar,58,68,41,0,167,0,0,24,0,24,58,68,65,0,191,8,0,8,199
09/04/2017,ORF,VA,AEA,EN,Combined TRACON& Tower with Radar,72,75,20,0,167,0,2,24,0,26,72,77,44,0,193,0,0,0,193
09/05/2017,ORF,VA,AEA,EN,Combined TRACON& Tower with Radar,83,69,42,0,194,0,0,16,0,16,83,69,58,0,210,0,0,0,210
09/06/2017,ORF,VA,AEA,EN,Combined TRACON& Tower with Radar,79,83,26,0,188,0,0,5,0,5,79,83,31,0,193,0,0,0,193
09/07/2017,ORF,VA,AEA,EN,Combined TRACON& Tower with Radar,80,77,45,0,202,0,1,22,0,23,80,78,67,0,225,0,0,0,225
09/08/2017,ORF,VA,AEA,EN,Combined TRACON& Tower with Radar,81,87,34,0,202,0,2,16,0,18,81,89,50,0,220,18,0,18,238
09/09/2017,ORF,VA,AEA,EN,Combined TRACON& Tower with Radar,65,51,20,0,136,0,6,20,1,27,65,57,40,1,163,12,0,12,175
09/10/2017,ORF,VA,AEA,EN,Combined TRACON& Tower with Radar,67,69,27,0,163,0,3,8,0,11,67,72,35,0,174,0,0,0,174
09/11/2017,ORF,VA,AEA,EN,Combined TRACON& Tower with Radar,69,72,20,2,163,0,0,4,0,4,69,72,24,2,167,0,0,0,167
09/12/2017,ORF,VA,AEA,EN,Combined TRACON& Tower with Radar,80,82,14,2,178,0,0,17,0,17,80,82,31,2,195,16,0,16,211
09/13/2017,ORF,VA,AEA,EN,Combined TRACON& Tower with Radar,85,90,33,1,209,0,0,9,0,9,85,90,42,1,218,0,0,0,218
09/14/2017,ORF,VA,AEA,EN,Combined TRACON& Tower with Radar,86,83,41,0,210,0,0,3,1,4,86,83,44,1,214,0,0,0,214
09/15/2017,ORF,VA,AEA,EN,Combined TRACON& Tower with Radar,90,89,39,3,221,0,0,18,0,18,90,89,57,3,239,3,0,3,242
09/16/2017,ORF,VA,AEA,EN,Combined TRACON& Tower with Radar,68,63,29,0,160,0,0,16,0,16,68,63,45,0,176,0,0,0,176
09/17/2017,ORF,VA,AEA,EN,Combined TRACON& Tower with Radar,71,82,35,1,189,0,0,7,0,7,71,82,42,1,196,0,0,0,196
09/18/2017,ORF,VA,AEA,EN,Combined TRACON& Tower with Radar,85,84,42,0,211,0,0,1,0,1,85,84,43,0,212,0,0,0,212
09/19/2017,ORF,VA,AEA,EN,Combined TRACON& Tower with Radar,83,78,23,3,187,0,0,1,0,1,83,78,24,3,188,0,0,0,188
09/20/2017,ORF,VA,AEA,EN,Combined TRACON& Tower with Radar,81,78,49,0,208,0,0,34,0,34,81,78,83,0,242,2,2,4,246
09/21/2017,ORF,VA,AEA,EN,Combined TRACON& Tower with Radar,87,83,51,0,221,0,0,15,0,15,87,83,66,0,236,0,0,0,236
09/22/2017,ORF,VA,AEA,EN,Combined TRACON& Tower with Radar,90,85,32,0,207,0,0,18,0,18,90,85,50,0,225,0,30,30,255
09/23/2017,ORF,VA,AEA,EN,Combined TRACON& Tower with Radar,65,56,29,0,150,0,0,28,0,28,65,56,57,0,178,0,0,0,178
09/24/2017,ORF,VA,AEA,EN,Combined TRACON& Tower with Radar,69,82,23,0,174,0,0,17,0,17,69,82,40,0,191,0,0,0,191
09/25/2017,ORF,VA,AEA,EN,Combined TRACON& Tower with Radar,83,83,33,0,199,0,0,6,0,6,83,83,39,0,205,0,0,0,205
09/26/2017,ORF,VA,AEA,EN,Combined TRACON& Tower with Radar,89,83,38,2,212,0,0,0,0,0,89,83,38,2,212,0,0,0,212
09/27/2017,ORF,VA,AEA,EN,Combined TRACON& Tower with Radar,83,91,32,1,207,0,0,5,0,5,83,91,37,1,212,0,0,0,212
09/28/2017,ORF,VA,AEA,EN,Combined TRACON& Tower with Radar,85,87,44,0,216,0,0,20,4,24,85,87,64,4,240,2,14,16,256
09/29/2017,ORF,VA,AEA,EN,Combined TRACON& Tower with Radar,88,88,45,0,221,0,0,32,0,32,88,88,77,0,253,0,0,0,253
09/30/2017,ORF,VA,AEA,EN,Combined TRACON& Tower with Radar,67,65,17,0,149,0,0,18,1,19,67,65,35,1,168,0,0,0,168
10/01/2017,ORF,VA,AEA,EN,Combined TRACON& Tower with Radar,69,81,37,0,187,0,0,12,1,13,69,81,49,1,200,0,0,0,200
10/02/2017,ORF,VA,AEA,EN,Combined TRACON& Tower with Radar,81,79,31,0,191,0,0,15,2,17,81,79,46,2,208,0,0,0,208
10/03/2017,ORF,VA,AEA,EN,Combined TRACON& Tower with Radar,83,77,33,3,196,0,1,20,0,21,83,78,53,3,217,0,0,0,217
10/04/2017,ORF,VA,AEA,EN,Combined TRACON& Tower with Radar,91,76,45,0,212,0,0,16,0,16,91,76,61,0,228,0,0,0,228
10/05/2017,ORF,VA,AEA,EN,Combined TRACON& Tower with Radar,87,77,48,2,214,0,0,28,2,30,87,77,76,4,244,0,0,0,244
10/06/2017,ORF,VA,AEA,EN,Combined TRACON& Tower with Radar,92,80,27,1,200,0,0,29,1,30,92,80,56,2,230,0,0,0,230
10/07/2017,ORF,VA,AEA,EN,Combined TRACON& Tower with Radar,66,51,33,2,152,0,0,16,0,16,66,51,49,2,168,0,0,0,168
10/08/2017,ORF,VA,AEA,EN,Combined TRACON& Tower with Radar,70,63,29,0,162,0,0,5,0,5,70,63,34,0,167,6,0,6,173
10/09/2017,ORF,VA,AEA,EN,Combined TRACON& Tower with Radar,83,72,22,0,177,0,0,4,0,4,83,72,26,0,181,0,0,0,181
10/10/2017,ORF,VA,AEA,EN,Combined TRACON& Tower with Radar,86,81,38,0,205,0,0,7,0,7,86,81,45,0,212,0,0,0,212
10/11/2017,ORF,VA,AEA,EN,Combined TRACON& Tower with Radar,90,81,45,0,216,0,1,1,0,2,90,82,46,0,218,0,0,0,218
10/12/2017,ORF,VA,AEA,EN,Combined TRACON& Tower with Radar,86,80,37,0,203,0,0,1,1,2,86,80,38,1,205,0,0,0,205
10/13/2017,ORF,VA,AEA,EN,Combined TRACON& Tower with Radar,92,77,53,0,222,0,0,1,0,1,92,77,54,0,223,0,0,0,223
10/14/2017,ORF,VA,AEA,EN,Combined TRACON& Tower with Radar,61,52,15,0,128,0,0,0,0,0,61,52,15,0,128,0,0,0,128
10/15/2017,ORF,VA,AEA,EN,Combined TRACON& Tower with Radar,76,72,34,4,186,0,0,9,0,9,76,72,43,4,195,0,0,0,195
10/16/2017,ORF,VA,AEA,EN,Combined TRACON& Tower with Radar,84,73,30,0,187,0,0,3,0,3,84,73,33,0,190,0,0,0,190
10/17/2017,ORF,VA,AEA,EN,Combined TRACON& Tower with Radar,86,81,46,1,214,0,0,22,0,22,86,81,68,1,236,0,0,0,236
10/18/2017,ORF,VA,AEA,EN,Combined TRACON& Tower with Radar,89,82,41,0,212,0,0,42,2,44,89,82,83,2,256,10,0,10,266
10/19/2017,ORF,VA,AEA,EN,Combined TRACON& Tower with Radar,90,80,45,0,215,0,0,20,0,20,90,80,65,0,235,8,0,8,243
10/20/2017,ORF,VA,AEA,EN,Combined TRACON& Tower with Radar,90,81,54,0,225,3,0,28,1,32,93,81,82,1,257,7,0,7,264
10/21/2017,ORF,VA,AEA,EN,Combined TRACON& Tower with Radar,64,61,25,1,151,0,0,24,0,24,64,61,49,1,175,0,0,0,175
10/22/2017,ORF,VA,AEA,EN,Combined TRACON& Tower with Radar,72,72,39,1,184,0,2,21,0,23,72,74,60,1,207,0,0,0,207
10/23/2017,ORF,VA,AEA,EN,Combined TRACON& Tower with Radar,79,83,39,0,201,0,0,15,0,15,79,83,54,0,216,0,0,0,216
10/24/2017,ORF,VA,AEA,EN,Combined TRACON& Tower with Radar,87,64,24,0,175,0,1,6,0,7,87,65,30,0,182,0,0,0,182
10/25/2017,ORF,VA,AEA,EN,Combined TRACON& Tower with Radar,85,73,36,0,194,0,0,17,0,17,85,73,53,0,211,0,0,0,211
10/26/2017,ORF,VA,AEA,EN,Combined TRACON& Tower with Radar,88,75,41,0,204,0,0,19,0,19,88,75,60,0,223,0,0,0,223
10/27/2017,ORF,VA,AEA,EN,Combined TRACON& Tower with Radar,89,84,33,0,206,0,3,18,0,21,89,87,51,0,227,11,0,11,238
10/28/2017,ORF,VA,AEA,EN,Combined TRACON& Tower with Radar,64,50,27,0,141,0,1,21,0,22,64,51,48,0,163,4,0,4,167
10/29/2017,ORF,VA,AEA,EN,Combined TRACON& Tower with Radar,70,64,25,0,159,0,0,0,0,0,70,64,25,0,159,0,0,0,159
10/30/2017,ORF,VA,AEA,EN,Combined TRACON& Tower with Radar,85,58,29,0,172,0,0,12,1,13,85,58,41,1,185,0,0,0,185
10/31/2017,ORF,VA,AEA,EN,Combined TRACON& Tower with Radar,77,65,30,0,172,0,4,25,0,29,77,69,55,0,201,0,0,0,201
11/01/2017,ORF,VA,AEA,EN,Combined TRACON& Tower with Radar,86,65,48,0,199,0,0,17,0,17,86,65,65,0,216,0,0,0,216
11/02/2017,ORF,VA,AEA,EN,Combined TRACON& Tower with Radar,90,74,71,0,235,0,1,36,2,39,90,75,107,2,274,6,0,6,280
11/03/2017,ORF,VA,AEA,EN,Combined TRACON& Tower with Radar,88,71,50,1,210,0,0,33,0,33,88,71,83,1,243,2,0,2,245
11/04/2017,ORF,VA,AEA,EN,Combined TRACON& Tower with Radar,63,56,71,1,191,0,0,18,0,18,63,56,89,1,209,16,0,16,225
11/05/2017,ORF,VA,AEA,EN,Combined TRACON& Tower with Radar,71,61,87,0,219,0,0,19,0,19,71,61,106,0,238,19,0,19,257
11/06/2017,ORF,VA,AEA,EN,Combined TRACON& Tower with Radar,83,69,48,1,201,0,0,23,0,23,83,69,71,1,224,0,0,0,224
11/07/2017,ORF,VA,AEA,EN,Combined TRACON& Tower with Radar,84,68,43,0,195,0,0,0,0,0,84,68,43,0,195,0,0,0,195
11/08/2017,ORF,VA,AEA,EN,Combined TRACON& Tower with Radar,84,78,24,0,186,0,0,0,0,0,84,78,24,0,186,0,0,0,186
11/09/2017,ORF,VA,AEA,EN,Combined TRACON& Tower with Radar,90,72,29,4,195,0,1,4,0,5,90,73,33,4,200,0,0,0,200
11/10/2017,ORF,VA,AEA,EN,Combined TRACON& Tower with Radar,93,71,30,0,194,0,0,28,3,31,93,71,58,3,225,8,0,8,233
11/11/2017,ORF,VA,AEA,EN,Combined TRACON& Tower with Radar,67,50,18,0,135,0,0,21,2,23,67,50,39,2,158,0,0,0,158
11/12/2017,ORF,VA,AEA,EN,Combined TRACON& Tower with Radar,75,70,29,0,174,0,0,21,0,21,75,70,50,0,195,0,0,0,195
11/13/2017,ORF,VA,AEA,EN,Combined TRACON& Tower with Radar,84,64,23,0,171,0,0,0,0,0,84,64,23,0,171,0,0,0,171
11/14/2017,ORF,VA,AEA,EN,Combined TRACON& Tower with Radar,85,70,29,0,184,0,0,8,0,8,85,70,37,0,192,0,0,0,192
11/15/2017,ORF,VA,AEA,EN,Combined TRACON& Tower with Radar,83,76,37,2,198,0,0,4,0,4,83,76,41,2,202,0,0,0,202
11/16/2017,ORF,VA,AEA,EN,Combined TRACON& Tower with Radar,90,64,40,2,196,0,0,18,0,18,90,64,58,2,214,0,0,0,214
11/17/2017,ORF,VA,AEA,EN,Combined TRACON& Tower with Radar,104,74,33,2,213,0,0,18,2,20,104,74,51,4,233,0,0,0,233
11/18/2017,ORF,VA,AEA,EN,Combined TRACON& Tower with Radar,68,50,18,0,136,0,0,19,0,19,68,50,37,0,155,0,0,0,155
11/19/2017,ORF,VA,AEA,EN,Combined TRACON& Tower with Radar,76,68,16,3,163,0,0,5,0,5,76,68,21,3,168,0,0,0,168
11/20/2017,ORF,VA,AEA,EN,Combined TRACON& Tower with Radar,89,66,36,0,191,0,0,16,0,16,89,66,52,0,207,0,0,0,207
11/21/2017,ORF,VA,AEA,EN,Combined TRACON& Tower with Radar,95,66,31,0,192,0,0,16,8,24,95,66,47,8,216,0,0,0,216
11/22/2017,ORF,VA,AEA,EN,Combined TRACON& Tower with Radar,98,73,35,0,206,0,0,5,0,5,98,73,40,0,211,0,0,0,211
11/23/2017,ORF,VA,AEA,EN,Combined TRACON& Tower with Radar,43,31,18,2,94,0,0,3,0,3,43,31,21,2,97,0,0,0,97
11/24/2017,ORF,VA,AEA,EN,Combined TRACON& Tower with Radar,75,33,20,0,128,0,0,20,0,20,75,33,40,0,148,0,0,0,148
11/25/2017,ORF,VA,AEA,EN,Combined TRACON& Tower with Radar,92,62,28,0,182,0,0,19,2,21,92,62,47,2,203,0,0,0,203
11/26/2017,ORF,VA,AEA,EN,Combined TRACON& Tower with Radar,97,70,38,0,205,0,0,29,0,29,97,70,67,0,234,0,0,0,234
11/27/2017,ORF,VA,AEA,EN,Combined TRACON& Tower with Radar,94,70,34,0,198,0,0,22,0,22,94,70,56,0,220,0,0,0,220
11/28/2017,ORF,VA,AEA,EN,Combined TRACON& Tower with Radar,84,70,41,2,197,0,0,21,0,21,84,70,62,2,218,0,0,0,218
11/29/2017,ORF,VA,AEA,EN,Combined TRACON& Tower with Radar,79,73,35,5,192,0,0,29,0,29,79,73,64,5,221,0,0,0,221
11/30/2017,ORF,VA,AEA,EN,Combined TRACON& Tower with Radar,85,69,28,0,182,0,1,23,5,29,85,70,51,5,211,12,0,12,223
12/01/2017,ORF,VA,AEA,EN,Combined TRACON& Tower with Radar,91,71,32,1,195,0,0,18,0,18,91,71,50,1,213,0,0,0,213
12/02/2017,ORF,VA,AEA,EN,Combined TRACON& Tower with Radar,66,38,21,0,125,0,0,10,0,10,66,38,31,0,135,0,0,0,135
12/03/2017,ORF,VA,AEA,EN,Combined TRACON& Tower with Radar,78,60,32,0,170,0,0,15,1,16,78,60,47,1,186,0,0,0,186
12/04/2017,ORF,VA,AEA,EN,Combined TRACON& Tower with Radar,84,67,29,3,183,0,0,19,5,24,84,67,48,8,207,14,0,14,221
12/05/2017,ORF,VA,AEA,EN,Combined TRACON& Tower with Radar,81,60,41,4,186,0,0,5,2,7,81,60,46,6,193,4,0,4,197
12/06/2017,ORF,VA,AEA,EN,Combined TRACON& Tower with Radar,82,83,41,3,209,0,0,5,1,6,82,83,46,4,215,0,0,0,215
12/07/2017,ORF,VA,AEA,EN,Combined TRACON& Tower with Radar,92,70,40,7,209,0,0,23,3,26,92,70,63,10,235,0,0,0,235
12/08/2017,ORF,VA,AEA,EN,Combined TRACON& Tower with Radar,79,68,32,4,183,0,0,1,0,1,79,68,33,4,184,0,0,0,184
12/09/2017,ORF,VA,AEA,EN,Combined TRACON& Tower with Radar,60,39,4,2,105,0,0,0,0,0,60,39,4,2,105,0,0,0,105
12/10/2017,ORF,VA,AEA,EN,Combined TRACON& Tower with Radar,80,61,23,0,164,0,0,16,0,16,80,61,39,0,180,0,0,0,180
12/11/2017,ORF,VA,AEA,EN,Combined TRACON& Tower with Radar,84,67,54,4,209,0,0,12,0,12,84,67,66,4,221,0,0,0,221
12/12/2017,ORF,VA,AEA,EN,Combined TRACON& Tower with Radar,84,67,25,2,178,0,0,3,0,3,84,67,28,2,181,0,18,18,199
12/13/2017,ORF,VA,AEA,EN,Combined TRACON& Tower with Radar,84,63,34,3,184,1,0,4,0,5,85,63,38,3,189,0,0,0,189
12/14/2017,ORF,VA,AEA,EN,Combined TRACON& Tower with Radar,89,76,34,2,201,0,0,11,2,13,89,76,45,4,214,0,0,0,214
12/15/2017,ORF,VA,AEA,EN,Combined TRACON& Tower with Radar,91,63,29,0,183,0,0,10,0,10,91,63,39,0,193,0,0,0,193
12/16/2017,ORF,VA,AEA,EN,Combined TRACON& Tower with Radar,70,55,24,0,149,0,2,21,2,25,70,57,45,2,174,0,0,0,174
12/17/2017,ORF,VA,AEA,EN,Combined TRACON& Tower with Radar,70,57,21,0,148,0,0,28,0,28,70,57,49,0,176,0,0,0,176
12/18/2017,ORF,VA,AEA,EN,Combined TRACON& Tower with Radar,85,60,31,0,176,0,0,25,0,25,85,60,56,0,201,0,0,0,201
12/19/2017,ORF,VA,AEA,EN,Combined TRACON& Tower with Radar,86,67,44,0,197,0,0,142,1,143,86,67,186,1,340,8,0,8,348
12/20/2017,ORF,VA,AEA,EN,Combined TRACON& Tower with Radar,98,66,24,2,190,0,1,16,0,17,98,67,40,2,207,0,0,0,207
12/21/2017,ORF,VA,AEA,EN,Combined TRACON& Tower with Radar,97,61,38,0,196,0,0,21,0,21,97,61,59,0,217,0,0,0,217
12/22/2017,ORF,VA,AEA,EN,Combined TRACON& Tower with Radar,103,59,21,0,183,0,0,9,0,9,103,59,30,0,192,0,0,0,192
12/23/2017,ORF,VA,AEA,EN,Combined TRACON& Tower with Radar,90,42,16,0,148,0,0,1,0,1,90,42,17,0,149,0,0,0,149
12/24/2017,ORF,VA,AEA,EN,Combined TRACON& Tower with Radar,66,37,6,0,109,0,0,2,0,2,66,37,8,0,111,16,0,16,127
12/25/2017,ORF,VA,AEA,EN,Combined TRACON& Tower with Radar,65,40,7,0,112,0,0,2,0,2,65,40,9,0,114,0,0,0,114
12/26/2017,ORF,VA,AEA,EN,Combined TRACON& Tower with Radar,93,49,33,0,175,0,0,12,0,12,93,49,45,0,187,0,0,0,187
12/27/2017,ORF,VA,AEA,EN,Combined TRACON& Tower with Radar,101,53,25,2,181,0,0,6,0,6,101,53,31,2,187,1,0,1,188
12/28/2017,ORF,VA,AEA,EN,Combined TRACON& Tower with Radar,100,54,19,0,173,0,0,13,0,13,100,54,32,0,186,0,0,0,186
12/29/2017,ORF,VA,AEA,EN,Combined TRACON& Tower with Radar,100,55,20,0,175,0,0,16,0,16,100,55,36,0,191,0,0,0,191
12/30/2017,ORF,VA,AEA,EN,Combined TRACON& Tower with Radar,87,38,15,0,140,0,0,14,0,14,87,38,29,0,154,0,0,0,154
12/31/2017,ORF,VA,AEA,EN,Combined TRACON& Tower with Radar,70,31,5,0,106,0,0,7,0,7,70,31,12,0,113,0,0,0,113
01/01/2018,ORF,VA,AEA,EN,Combined TRACON& Tower with Radar,74,41,21,0,136,0,0,8,0,8,74,41,29,0,144,0,0,0,144
01/02/2018,ORF,VA,AEA,EN,Combined TRACON& Tower with Radar,98,48,19,0,165,0,0,6,0,6,98,48,25,0,171,0,0,0,171
01/03/2018,ORF,VA,AEA,EN,Combined TRACON& Tower with Radar,79,48,17,0,144,0,0,7,0,7,79,48,24,0,151,0,0,0,151
01/04/2018,ORF,VA,AEA,EN,Combined TRACON& Tower with Radar,0,0,0,0,0,0,0,0,0,0,0,0,0,0,0,0,0,0,0
01/05/2018,ORF,VA,AEA,EN,Combined TRACON& Tower with Radar,7,5,11,0,23,0,0,1,0,1,7,5,12,0,24,0,0,0,24
01/06/2018,ORF,VA,AEA,EN,Combined TRACON& Tower with Radar,53,38,6,3,100,0,0,4,0,4,53,38,10,3,104,0,0,0,104
01/07/2018,ORF,VA,AEA,EN,Combined TRACON& Tower with Radar,86,55,10,0,151,0,0,6,0,6,86,55,16,0,157,0,0,0,157
01/08/2018,ORF,VA,AEA,EN,Combined TRACON& Tower with Radar,76,64,26,0,166,0,0,2,0,2,76,64,28,0,168,0,0,0,168
01/09/2018,ORF,VA,AEA,EN,Combined TRACON& Tower with Radar,68,73,26,4,171,0,0,9,0,9,68,73,35,4,180,0,0,0,180
01/10/2018,ORF,VA,AEA,EN,Combined TRACON& Tower with Radar,73,78,27,0,178,0,0,8,0,8,73,78,35,0,186,0,0,0,186
01/11/2018,ORF,VA,AEA,EN,Combined TRACON& Tower with Radar,73,73,32,0,178,0,0,12,0,12,73,73,44,0,190,0,0,0,190
01/12/2018,ORF,VA,AEA,EN,Combined TRACON& Tower with Radar,85,63,32,2,182,0,0,0,0,0,85,63,32,2,182,0,0,0,182
01/13/2018,ORF,VA,AEA,EN,Combined TRACON& Tower with Radar,53,45,11,0,109,0,0,6,0,6,53,45,17,0,115,4,0,4,119
01/14/2018,ORF,VA,AEA,EN,Combined TRACON& Tower with Radar,52,60,12,0,124,0,0,9,1,10,52,60,21,1,134,0,0,0,134
01/15/2018,ORF,VA,AEA,EN,Combined TRACON& Tower with Radar,74,68,23,0,165,0,0,3,1,4,74,68,26,1,169,0,0,0,169
01/16/2018,ORF,VA,AEA,EN,Combined TRACON& Tower with Radar,79,75,34,0,188,0,0,0,1,1,79,75,34,1,189,0,0,0,189
01/17/2018,ORF,VA,AEA,EN,Combined TRACON& Tower with Radar,53,62,11,0,126,0,0,0,0,0,53,62,11,0,126,0,0,0,126
01/18/2018,ORF,VA,AEA,EN,Combined TRACON& Tower with Radar,82,74,32,0,188,0,0,6,0,6,82,74,38,0,194,0,0,0,194
01/19/2018,ORF,VA,AEA,EN,Combined TRACON& Tower with Radar,80,78,30,0,188,0,2,23,0,25,80,80,53,0,213,0,0,0,213
01/20/2018,ORF,VA,AEA,EN,Combined TRACON& Tower with Radar,56,45,12,0,113,0,0,14,0,14,56,45,26,0,127,0,0,0,127
01/21/2018,ORF,VA,AEA,EN,Combined TRACON& Tower with Radar,64,70,21,0,155,0,0,16,0,16,64,70,37,0,171,6,0,6,177
01/22/2018,ORF,VA,AEA,EN,Combined TRACON& Tower with Radar,77,81,45,1,204,0,0,16,2,18,77,81,61,3,222,0,0,0,222
01/23/2018,ORF,VA,AEA,EN,Combined TRACON& Tower with Radar,71,69,27,0,167,0,0,3,0,3,71,69,30,0,170,0,1,1,171
01/24/2018,ORF,VA,AEA,EN,Combined TRACON& Tower with Radar,75,71,39,0,185,0,0,11,0,11,75,71,50,0,196,2,4,6,202
01/25/2018,ORF,VA,AEA,EN,Combined TRACON& Tower with Radar,78,73,31,0,182,0,0,6,0,6,78,73,37,0,188,0,0,0,188
01/26/2018,ORF,VA,AEA,EN,Combined TRACON& Tower with Radar,80,75,31,1,187,0,3,16,0,19,80,78,47,1,206,0,0,0,206
01/27/2018,ORF,VA,AEA,EN,Combined TRACON& Tower with Radar,54,42,15,2,113,0,0,21,6,27,54,42,36,8,140,0,0,0,140
01/28/2018,ORF,VA,AEA,EN,Combined TRACON& Tower with Radar,65,65,17,0,147,0,0,0,0,0,65,65,17,0,147,0,0,0,147
01/29/2018,ORF,VA,AEA,EN,Combined TRACON& Tower with Radar,76,67,23,0,166,0,0,0,0,0,76,67,23,0,166,0,0,0,166
01/30/2018,ORF,VA,AEA,EN,Combined TRACON& Tower with Radar,72,70,33,0,175,0,0,2,0,2,72,70,35,0,177,0,0,0,177
01/31/2018,ORF,VA,AEA,EN,Combined TRACON& Tower with Radar,74,68,26,2,170,0,0,20,0,20,74,68,46,2,190,0,0,0,190
02/01/2018,ORF,VA,AEA,EN,Combined TRACON& Tower with Radar,81,78,39,0,198,0,1,4,0,5,81,79,43,0,203,0,0,0,203
02/02/2018,ORF,VA,AEA,EN,Combined TRACON& Tower with Radar,80,68,24,2,174,0,2,5,0,7,80,70,29,2,181,0,0,0,181
02/03/2018,ORF,VA,AEA,EN,Combined TRACON& Tower with Radar,59,47,29,0,135,0,1,21,0,22,59,48,50,0,157,0,0,0,157
02/04/2018,ORF,VA,AEA,EN,Combined TRACON& Tower with Radar,53,54,9,0,116,0,0,1,0,1,53,54,10,0,117,0,0,0,117
02/05/2018,ORF,VA,AEA,EN,Combined TRACON& Tower with Radar,74,76,30,2,182,0,0,10,0,10,74,76,40,2,192,0,0,0,192
02/06/2018,ORF,VA,AEA,EN,Combined TRACON& Tower with Radar,71,74,31,1,177,0,0,16,0,16,71,74,47,1,193,0,0,0,193
02/07/2018,ORF,VA,AEA,EN,Combined TRACON& Tower with Radar,75,61,26,0,162,0,0,1,0,1,75,61,27,0,163,0,0,0,163
02/08/2018,ORF,VA,AEA,EN,Combined TRACON& Tower with Radar,79,84,39,3,205,0,0,11,0,11,79,84,50,3,216,0,0,0,216
02/09/2018,ORF,VA,AEA,EN,Combined TRACON& Tower with Radar,75,79,49,0,203,0,0,14,0,14,75,79,63,0,217,0,0,0,217
02/10/2018,ORF,VA,AEA,EN,Combined TRACON& Tower with Radar,54,52,30,3,139,0,0,0,0,0,54,52,30,3,139,0,0,0,139
02/11/2018,ORF,VA,AEA,EN,Combined TRACON& Tower with Radar,65,55,18,0,138,0,0,0,0,0,65,55,18,0,138,0,0,0,138
02/12/2018,ORF,VA,AEA,EN,Combined TRACON& Tower with Radar,76,77,22,2,177,0,0,1,0,1,76,77,23,2,178,0,0,0,178
02/13/2018,ORF,VA,AEA,EN,Combined TRACON& Tower with Radar,72,74,32,0,178,0,0,4,0,4,72,74,36,0,182,0,0,0,182
02/14/2018,ORF,VA,AEA,EN,Combined TRACON& Tower with Radar,75,80,28,0,183,0,0,6,9,15,75,80,34,9,198,0,0,0,198
02/15/2018,ORF,VA,AEA,EN,Combined TRACON& Tower with Radar,82,68,33,0,183,0,0,12,1,13,82,68,45,1,196,0,0,0,196
02/16/2018,ORF,VA,AEA,EN,Combined TRACON& Tower with Radar,87,79,33,0,199,0,0,6,0,6,87,79,39,0,205,12,0,12,217
02/17/2018,ORF,VA,AEA,EN,Combined TRACON& Tower with Radar,58,44,9,0,111,0,0,5,0,5,58,44,14,0,116,0,0,0,116
02/18/2018,ORF,VA,AEA,EN,Combined TRACON& Tower with Radar,74,57,26,0,157,0,0,28,0,28,74,57,54,0,185,0,0,0,185
02/19/2018,ORF,VA,AEA,EN,Combined TRACON& Tower with Radar,82,62,26,0,170,0,0,0,0,0,82,62,26,0,170,0,0,0,170
02/20/2018,ORF,VA,AEA,EN,Combined TRACON& Tower with Radar,90,62,33,0,185,0,0,2,0,2,90,62,35,0,187,0,0,0,187
02/21/2018,ORF,VA,AEA,EN,Combined TRACON& Tower with Radar,83,81,49,0,213,0,0,11,1,12,83,81,60,1,225,0,0,0,225
02/22/2018,ORF,VA,AEA,EN,Combined TRACON& Tower with Radar,88,66,33,3,190,0,0,4,1,5,88,66,37,4,195,0,0,0,195
02/23/2018,ORF,VA,AEA,EN,Combined TRACON& Tower with Radar,86,75,40,0,201,0,0,0,0,0,86,75,40,0,201,0,0,0,201
02/24/2018,ORF,VA,AEA,EN,Combined TRACON& Tower with Radar,67,46,29,0,142,0,2,24,0,26,67,48,53,0,168,4,0,4,172
02/25/2018,ORF,VA,AEA,EN,Combined TRACON& Tower with Radar,68,63,25,1,157,0,2,19,1,22,68,65,44,2,179,12,0,12,191
02/26/2018,ORF,VA,AEA,EN,Combined TRACON& Tower with Radar,87,68,37,7,199,0,0,6,0,6,87,68,43,7,205,0,0,0,205
02/27/2018,ORF,VA,AEA,EN,Combined TRACON& Tower with Radar,83,66,37,1,187,0,0,21,0,21,83,66,58,1,208,0,0,0,208
02/28/2018,ORF,VA,AEA,EN,Combined TRACON& Tower with Radar,83,60,41,0,184,9,0,18,0,27,92,60,59,0,211,0,2,2,213
03/01/2018,ORF,VA,AEA,EN,Combined TRACON& Tower with Radar,85,71,32,2,190,0,0,0,0,0,85,71,32,2,190,0,0,0,190
03/02/2018,ORF,VA,AEA,EN,Combined TRACON& Tower with Radar,46,15,20,0,81,0,0,0,0,0,46,15,20,0,81,0,0,0,81
03/03/2018,ORF,VA,AEA,EN,Combined TRACON& Tower with Radar,63,41,25,0,129,9,0,6,0,15,72,41,31,0,144,2,0,2,146
03/04/2018,ORF,VA,AEA,EN,Combined TRACON& Tower with Radar,68,65,37,0,170,0,0,11,0,11,68,65,48,0,181,0,0,0,181
03/05/2018,ORF,VA,AEA,EN,Combined TRACON& Tower with Radar,86,60,22,4,172,0,0,29,0,29,86,60,51,4,201,0,0,0,201
03/06/2018,ORF,VA,AEA,EN,Combined TRACON& Tower with Radar,86,64,42,2,194,0,0,4,0,4,86,64,46,2,198,0,0,0,198
03/07/2018,ORF,VA,AEA,EN,Combined TRACON& Tower with Radar,79,33,21,1,134,0,0,0,1,1,79,33,21,2,135,0,0,0,135
03/08/2018,ORF,VA,AEA,EN,Combined TRACON& Tower with Radar,83,66,27,1,177,0,0,23,0,23,83,66,50,1,200,0,0,0,200
03/09/2018,ORF,VA,AEA,EN,Combined TRACON& Tower with Radar,87,65,38,2,192,0,0,16,0,16,87,65,54,2,208,0,0,0,208
03/10/2018,ORF,VA,AEA,EN,Combined TRACON& Tower with Radar,68,52,22,2,144,0,0,14,2,16,68,52,36,4,160,12,0,12,172
03/11/2018,ORF,VA,AEA,EN,Combined TRACON& Tower with Radar,70,63,25,1,159,0,2,9,0,11,70,65,34,1,170,0,0,0,170
03/12/2018,ORF,VA,AEA,EN,Combined TRACON& Tower with Radar,85,57,18,0,160,0,0,3,0,3,85,57,21,0,163,6,0,6,169
03/13/2018,ORF,VA,AEA,EN,Combined TRACON& Tower with Radar,90,66,21,0,177,0,0,4,0,4,90,66,25,0,181,0,0,0,181
03/14/2018,ORF,VA,AEA,EN,Combined TRACON& Tower with Radar,83,68,30,4,185,0,0,9,0,9,83,68,39,4,194,0,0,0,194
03/15/2018,ORF,VA,AEA,EN,Combined TRACON& Tower with Radar,88,65,37,1,191,0,0,16,0,16,88,65,53,1,207,2,0,2,209
03/16/2018,ORF,VA,AEA,EN,Combined TRACON& Tower with Radar,85,69,49,2,205,0,0,27,1,28,85,69,76,3,233,0,0,0,233
03/17/2018,ORF,VA,AEA,EN,Combined TRACON& Tower with Radar,69,42,18,4,133,0,1,13,2,16,69,43,31,6,149,8,0,8,157
03/18/2018,ORF,VA,AEA,EN,Combined TRACON& Tower with Radar,70,63,45,5,183,0,0,21,0,21,70,63,66,5,204,0,0,0,204
03/19/2018,ORF,VA,AEA,EN,Combined TRACON& Tower with Radar,85,80,44,4,213,0,0,6,0,6,85,80,50,4,219,0,0,0,219
03/20/2018,ORF,VA,AEA,EN,Combined TRACON& Tower with Radar,80,60,28,2,170,0,0,1,0,1,80,60,29,2,171,0,0,0,171
03/21/2018,ORF,VA,AEA,EN,Combined TRACON& Tower with Radar,67,28,17,1,113,0,0,0,0,0,67,28,17,1,113,0,0,0,113
03/22/2018,ORF,VA,AEA,EN,Combined TRACON& Tower with Radar,78,73,38,0,189,0,0,11,0,11,78,73,49,0,200,0,0,0,200
03/23/2018,ORF,VA,AEA,EN,Combined TRACON& Tower with Radar,90,70,22,1,183,0,0,17,1,18,90,70,39,2,201,11,0,11,212
03/24/2018,ORF,VA,AEA,EN,Combined TRACON& Tower with Radar,66,46,19,1,132,0,0,19,2,21,66,46,38,3,153,0,0,0,153
03/25/2018,ORF,VA,AEA,EN,Combined TRACON& Tower with Radar,70,60,21,0,151,0,0,18,0,18,70,60,39,0,169,0,0,0,169
03/26/2018,ORF,VA,AEA,EN,Combined TRACON& Tower with Radar,86,69,19,2,176,0,1,5,0,6,86,70,24,2,182,0,0,0,182
03/27/2018,ORF,VA,AEA,EN,Combined TRACON& Tower with Radar,88,67,34,0,189,0,1,9,0,10,88,68,43,0,199,0,0,0,199
03/28/2018,ORF,VA,AEA,EN,Combined TRACON& Tower with Radar,83,63,57,0,203,0,0,12,0,12,83,63,69,0,215,0,0,0,215
03/29/2018,ORF,VA,AEA,EN,Combined TRACON& Tower with Radar,87,71,47,0,205,0,0,18,1,19,87,71,65,1,224,8,0,8,232
03/30/2018,ORF,VA,AEA,EN,Combined TRACON& Tower with Radar,89,67,29,6,191,0,0,8,0,8,89,67,37,6,199,0,0,0,199
03/31/2018,ORF,VA,AEA,EN,Combined TRACON& Tower with Radar,67,49,19,0,135,0,0,14,1,15,67,49,33,1,150,0,0,0,150
04/01/2018,ORF,VA,AEA,EN,Combined TRACON& Tower with Radar,71,64,14,0,149,0,0,10,0,10,71,64,24,0,159,0,0,0,159
04/02/2018,ORF,VA,AEA,EN,Combined TRACON& Tower with Radar,83,68,37,0,188,0,0,3,0,3,83,68,40,0,191,0,0,0,191
04/03/2018,ORF,VA,AEA,EN,Combined TRACON& Tower with Radar,83,62,37,1,183,0,0,8,1,9,83,62,45,2,192,0,0,0,192
04/04/2018,ORF,VA,AEA,EN,Combined TRACON& Tower with Radar,101,55,28,0,184,0,0,9,0,9,101,55,37,0,193,0,0,0,193
04/05/2018,ORF,VA,AEA,EN,Combined TRACON& Tower with Radar,94,66,34,0,194,0,1,22,2,25,94,67,56,2,219,0,0,0,219
04/06/2018,ORF,VA,AEA,EN,Combined TRACON& Tower with Radar,95,58,19,0,172,0,0,12,0,12,95,58,31,0,184,0,0,0,184
04/07/2018,ORF,VA,AEA,EN,Combined TRACON& Tower with Radar,72,44,15,0,131,0,0,1,0,1,72,44,16,0,132,0,0,0,132
04/08/2018,ORF,VA,AEA,EN,Combined TRACON& Tower with Radar,84,54,33,0,171,0,0,16,0,16,84,54,49,0,187,0,0,0,187
04/09/2018,ORF,VA,AEA,EN,Combined TRACON& Tower with Radar,101,52,23,0,176,0,0,10,0,10,101,52,33,0,186,0,0,0,186
04/10/2018,ORF,VA,AEA,EN,Combined TRACON& Tower with Radar,92,62,28,0,182,0,0,3,0,3,92,62,31,0,185,0,0,0,185
04/11/2018,ORF,VA,AEA,EN,Combined TRACON& Tower with Radar,96,57,45,1,199,0,0,16,0,16,96,57,61,1,215,0,0,0,215
04/12/2018,ORF,VA,AEA,EN,Combined TRACON& Tower with Radar,96,57,36,0,189,0,0,9,0,9,96,57,45,0,198,0,0,0,198
04/13/2018,ORF,VA,AEA,EN,Combined TRACON& Tower with Radar,96,61,32,3,192,0,0,8,0,8,96,61,40,3,200,0,0,0,200
04/14/2018,ORF,VA,AEA,EN,Combined TRACON& Tower with Radar,71,46,20,0,137,0,0,18,0,18,71,46,38,0,155,0,0,0,155
04/15/2018,ORF,VA,AEA,EN,Combined TRACON& Tower with Radar,81,52,13,0,146,0,0,3,0,3,81,52,16,0,149,0,0,0,149
04/16/2018,ORF,VA,AEA,EN,Combined TRACON& Tower with Radar,110,35,23,0,168,0,0,6,1,7,110,35,29,1,175,0,0,0,175
04/17/2018,ORF,VA,AEA,EN,Combined TRACON& Tower with Radar,95,61,34,0,190,2,0,20,3,25,97,61,54,3,215,0,15,15,230
04/18/2018,ORF,VA,AEA,EN,Combined TRACON& Tower with Radar,96,54,48,0,198,0,0,29,2,31,96,54,77,2,229,0,0,0,229
04/19/2018,ORF,VA,AEA,EN,Combined TRACON& Tower with Radar,98,63,35,0,196,0,0,12,0,12,98,63,47,0,208,0,0,0,208
04/20/2018,ORF,VA,AEA,EN,Combined TRACON& Tower with Radar,104,55,35,1,195,0,0,13,0,13,104,55,48,1,208,0,0,0,208
04/21/2018,ORF,VA,AEA,EN,Combined TRACON& Tower with Radar,71,46,16,0,133,0,0,17,0,17,71,46,33,0,150,0,0,0,150
04/22/2018,ORF,VA,AEA,EN,Combined TRACON& Tower with Radar,87,56,22,0,165,0,0,14,1,15,87,56,36,1,180,2,0,2,182
04/23/2018,ORF,VA,AEA,EN,Combined TRACON& Tower with Radar,97,60,24,1,182,0,1,14,3,18,97,61,38,4,200,1,0,1,201
04/24/2018,ORF,VA,AEA,EN,Combined TRACON& Tower with Radar,97,58,21,0,176,0,0,2,4,6,97,58,23,4,182,0,0,0,182
04/25/2018,ORF,VA,AEA,EN,Combined TRACON& Tower with Radar,91,52,14,0,157,0,0,1,0,1,91,52,15,0,158,0,0,0,158
04/26/2018,ORF,VA,AEA,EN,Combined TRACON& Tower with Radar,99,61,52,2,214,0,1,18,0,19,99,62,70,2,233,0,0,0,233
04/27/2018,ORF,VA,AEA,EN,Combined TRACON& Tower with Radar,103,54,41,1,199,2,1,9,0,12,105,55,50,1,211,0,0,0,211
04/28/2018,ORF,VA,AEA,EN,Combined TRACON& Tower with Radar,76,50,17,0,143,0,1,24,0,25,76,51,41,0,168,14,0,14,182
04/29/2018,ORF,VA,AEA,EN,Combined TRACON& Tower with Radar,92,50,38,3,183,0,0,23,0,23,92,50,61,3,206,0,0,0,206
04/30/2018,ORF,VA,AEA,EN,Combined TRACON& Tower with Radar,101,53,30,4,188,0,1,16,8,25,101,54,46,12,213,0,0,0,213
05/01/2018,ORF,VA,AEA,EN,Combined TRACON& Tower with Radar,104,60,35,0,199,0,0,26,6,32,104,60,61,6,231,0,0,0,231
05/02/2018,ORF,VA,AEA,EN,Combined TRACON& Tower with Radar,96,56,34,3,189,0,0,15,5,20,96,56,49,8,209,0,0,0,209
05/03/2018,ORF,VA,AEA,EN,Combined TRACON& Tower with Radar,107,48,51,0,206,0,0,13,7,20,107,48,64,7,226,0,0,0,226
05/04/2018,ORF,VA,AEA,EN,Combined TRACON& Tower with Radar,111,53,35,2,201,0,0,30,1,31,111,53,65,3,232,0,0,0,232
05/05/2018,ORF,VA,AEA,EN,Combined TRACON& Tower with Radar,86,46,44,0,176,0,2,24,8,34,86,48,68,8,210,8,0,8,218
05/06/2018,ORF,VA,AEA,EN,Combined TRACON& Tower with Radar,97,56,18,0,171,0,0,0,0,0,97,56,18,0,171,0,0,0,171
05/07/2018,ORF,VA,AEA,EN,Combined TRACON& Tower with Radar,104,64,31,3,202,0,0,0,1,1,104,64,31,4,203,0,0,0,203
05/08/2018,ORF,VA,AEA,EN,Combined TRACON& Tower with Radar,106,51,30,2,189,0,0,0,0,0,106,51,30,2,189,0,0,0,189
05/09/2018,ORF,VA,AEA,EN,Combined TRACON& Tower with Radar,110,52,48,4,214,0,0,17,0,17,110,52,65,4,231,0,0,0,231
05/10/2018,ORF,VA,AEA,EN,Combined TRACON& Tower with Radar,109,49,44,2,204,0,0,20,0,20,109,49,64,2,224,0,0,0,224
05/11/2018,ORF,VA,AEA,EN,Combined TRACON& Tower with Radar,117,58,43,7,225,0,0,25,1,26,117,58,68,8,251,0,0,0,251
05/12/2018,ORF,VA,AEA,EN,Combined TRACON& Tower with Radar,95,37,13,0,145,0,0,23,1,24,95,37,36,1,169,0,0,0,169
05/13/2018,ORF,VA,AEA,EN,Combined TRACON& Tower with Radar,104,52,26,0,182,0,0,10,0,10,104,52,36,0,192,0,0,0,192
05/14/2018,ORF,VA,AEA,EN,Combined TRACON& Tower with Radar,105,48,31,1,185,0,0,11,2,13,105,48,42,3,198,0,0,0,198
05/15/2018,ORF,VA,AEA,EN,Combined TRACON& Tower with Radar,114,28,38,0,180,0,0,12,0,12,114,28,50,0,192,0,0,0,192
05/16/2018,ORF,VA,AEA,EN,Combined TRACON& Tower with Radar,107,64,48,0,219,0,0,7,0,7,107,64,55,0,226,0,0,0,226
05/17/2018,ORF,VA,AEA,EN,Combined TRACON& Tower with Radar,105,57,33,3,198,0,0,4,0,4,105,57,37,3,202,0,0,0,202
05/18/2018,ORF,VA,AEA,EN,Combined TRACON& Tower with Radar,118,48,25,1,192,0,0,4,0,4,118,48,29,1,196,0,0,0,196
05/19/2018,ORF,VA,AEA,EN,Combined TRACON& Tower with Radar,85,34,17,0,136,0,0,0,2,2,85,34,17,2,138,4,0,4,142
05/20/2018,ORF,VA,AEA,EN,Combined TRACON& Tower with Radar,100,45,23,0,168,0,1,6,0,7,100,46,29,0,175,0,0,0,175
05/21/2018,ORF,VA,AEA,EN,Combined TRACON& Tower with Radar,107,48,37,2,194,0,0,7,2,9,107,48,44,4,203,0,0,0,203
05/22/2018,ORF,VA,AEA,EN,Combined TRACON& Tower with Radar,243,51,37,0,331,0,0,7,0,7,243,51,44,0,338,0,0,0,338
05/23/2018,ORF,VA,AEA,EN,Combined TRACON& Tower with Radar,105,61,42,0,208,0,0,18,0,18,105,61,60,0,226,0,0,0,226
05/24/2018,ORF,VA,AEA,EN,Combined TRACON& Tower with Radar,106,50,28,2,186,0,0,25,0,25,106,50,53,2,211,0,0,0,211
05/25/2018,ORF,VA,AEA,EN,Combined TRACON& Tower with Radar,108,59,33,0,200,0,1,27,0,28,108,60,60,0,228,0,0,0,228
05/26/2018,ORF,VA,AEA,EN,Combined TRACON& Tower with Radar,82,38,15,0,135,0,0,8,0,8,82,38,23,0,143,0,0,0,143
05/27/2018,ORF,VA,AEA,EN,Combined TRACON& Tower with Radar,94,45,12,0,151,0,0,13,0,13,94,45,25,0,164,0,0,0,164
05/28/2018,ORF,VA,AEA,EN,Combined TRACON& Tower with Radar,102,35,21,0,158,0,0,2,0,2,102,35,23,0,160,0,0,0,160
05/29/2018,ORF,VA,AEA,EN,Combined TRACON& Tower with Radar,101,49,28,2,180,0,0,4,0,4,101,49,32,2,184,0,0,0,184
05/30/2018,ORF,VA,AEA,EN,Combined TRACON& Tower with Radar,101,61,34,0,196,0,0,6,0,6,101,61,40,0,202,0,0,0,202
05/31/2018,ORF,VA,AEA,EN,Combined TRACON& Tower with Radar,119,42,27,0,188,0,0,17,14,31,119,42,44,14,219,0,0,0,219
06/01/2018,ORF,VA,AEA,EN,Combined TRACON& Tower with Radar,111,51,39,1,202,0,0,13,2,15,111,51,52,3,217,0,0,0,217
06/02/2018,ORF,VA,AEA,EN,Combined TRACON& Tower with Radar,91,36,30,0,157,0,0,8,0,8,91,36,38,0,165,0,0,0,165
06/03/2018,ORF,VA,AEA,EN,Combined TRACON& Tower with Radar,91,48,19,0,158,0,0,6,0,6,91,48,25,0,164,0,0,0,164
06/04/2018,ORF,VA,AEA,EN,Combined TRACON& Tower with Radar,105,47,28,0,180,0,0,20,1,21,105,47,48,1,201,7,1,8,209
06/05/2018,ORF,VA,AEA,EN,Combined TRACON& Tower with Radar,100,57,26,0,183,0,0,16,2,18,100,57,42,2,201,0,7,7,208
06/06/2018,ORF,VA,AEA,EN,Combined TRACON& Tower with Radar,102,60,34,0,196,0,0,27,0,27,102,60,61,0,223,0,0,0,223
06/07/2018,ORF,VA,AEA,EN,Combined TRACON& Tower with Radar,100,66,39,0,205,0,0,24,0,24,100,66,63,0,229,0,0,0,229
06/08/2018,ORF,VA,AEA,EN,Combined TRACON& Tower with Radar,106,65,33,0,204,0,0,23,0,23,106,65,56,0,227,0,0,0,227
06/09/2018,ORF,VA,AEA,EN,Combined TRACON& Tower with Radar,100,46,15,0,161,0,0,9,0,9,100,46,24,0,170,0,0,0,170
06/10/2018,ORF,VA,AEA,EN,Combined TRACON& Tower with Radar,93,68,26,0,187,0,0,22,0,22,93,68,48,0,209,0,0,0,209
06/11/2018,ORF,VA,AEA,EN,Combined TRACON& Tower with Radar,109,70,26,3,208,0,0,1,0,1,109,70,27,3,209,0,0,0,209
06/12/2018,ORF,VA,AEA,EN,Combined TRACON& Tower with Radar,109,65,22,13,209,0,0,3,1,4,109,65,25,14,213,0,0,0,213
06/13/2018,ORF,VA,AEA,EN,Combined TRACON& Tower with Radar,102,70,43,16,231,0,0,18,0,18,102,70,61,16,249,0,0,0,249
06/14/2018,ORF,VA,AEA,EN,Combined TRACON& Tower with Radar,109,69,48,2,228,0,1,25,0,26,109,70,73,2,254,15,0,15,269
06/15/2018,ORF,VA,AEA,EN,Combined TRACON& Tower with Radar,104,60,57,5,226,0,1,48,0,49,104,61,105,5,275,0,0,0,275
06/16/2018,ORF,VA,AEA,EN,Combined TRACON& Tower with Radar,105,52,24,0,181,0,0,64,0,64,105,52,88,0,245,0,2,2,247
06/17/2018,ORF,VA,AEA,EN,Combined TRACON& Tower with Radar,97,54,27,2,180,0,0,23,0,23,97,54,50,2,203,0,0,0,203
06/18/2018,ORF,VA,AEA,EN,Combined TRACON& Tower with Radar,97,59,29,2,187,0,1,14,0,15,97,60,43,2,202,0,0,0,202
06/19/2018,ORF,VA,AEA,EN,Combined TRACON& Tower with Radar,95,56,38,0,189,0,0,17,0,17,95,56,55,0,206,0,0,0,206
06/20/2018,ORF,VA,AEA,EN,Combined TRACON& Tower with Radar,102,60,45,2,209,0,0,8,1,9,102,60,53,3,218,0,0,0,218
06/21/2018,ORF,VA,AEA,EN,Combined TRACON& Tower with Radar,106,60,30,2,198,0,0,19,3,22,106,60,49,5,220,0,1,1,221
06/22/2018,ORF,VA,AEA,EN,Combined TRACON& Tower with Radar,110,67,35,2,214,0,0,3,0,3,110,67,38,2,217,0,0,0,217
06/23/2018,ORF,VA,AEA,EN,Combined TRACON& Tower with Radar,102,51,21,0,174,0,0,14,0,14,102,51,35,0,188,4,30,34,222
06/24/2018,ORF,VA,AEA,EN,Combined TRACON& Tower with Radar,100,57,23,0,180,0,0,25,0,25,100,57,48,0,205,0,0,0,205
06/25/2018,ORF,VA,AEA,EN,Combined TRACON& Tower with Radar,107,66,39,0,212,0,2,12,0,14,107,68,51,0,226,0,0,0,226
06/26/2018,ORF,VA,AEA,EN,Combined TRACON& Tower with Radar,103,67,43,0,213,0,0,17,0,17,103,67,60,0,230,0,0,0,230
06/27/2018,ORF,VA,AEA,EN,Combined TRACON& Tower with Radar,104,63,37,8,212,0,0,15,2,17,104,63,52,10,229,8,0,8,237
06/28/2018,ORF,VA,AEA,EN,Combined TRACON& Tower with Radar,111,62,33,0,206,0,0,22,0,22,111,62,55,0,228,0,0,0,228
06/29/2018,ORF,VA,AEA,EN,Combined TRACON& Tower with Radar,118,63,24,0,205,0,0,22,1,23,118,63,46,1,228,0,0,0,228
06/30/2018,ORF,VA,AEA,EN,Combined TRACON& Tower with Radar,97,57,23,0,177,1,0,34,3,38,98,57,57,3,215,0,1,1,216
07/01/2018,ORF,VA,AEA,EN,Combined TRACON& Tower with Radar,103,59,33,0,195,0,0,29,0,29,103,59,62,0,224,14,0,14,238
07/02/2018,ORF,VA,AEA,EN,Combined TRACON& Tower with Radar,100,47,22,0,169,0,0,12,0,12,100,47,34,0,181,0,0,0,181
07/03/2018,ORF,VA,AEA,EN,Combined TRACON& Tower with Radar,98,36,13,0,147,0,0,24,0,24,98,36,37,0,171,4,0,4,175
07/04/2018,ORF,VA,AEA,EN,Combined TRACON& Tower with Radar,86,37,8,0,131,0,0,30,0,30,86,37,38,0,161,6,0,6,167
07/05/2018,ORF,VA,AEA,EN,Combined TRACON& Tower with Radar,97,49,27,0,173,0,0,15,0,15,97,49,42,0,188,0,0,0,188
07/06/2018,ORF,VA,AEA,EN,Combined TRACON& Tower with Radar,107,59,21,2,189,0,0,29,2,31,107,59,50,4,220,0,0,0,220
07/07/2018,ORF,VA,AEA,EN,Combined TRACON& Tower with Radar,108,45,15,7,175,0,1,3,0,4,108,46,18,7,179,0,0,0,179
07/08/2018,ORF,VA,AEA,EN,Combined TRACON& Tower with Radar,107,56,15,0,178,0,0,21,0,21,107,56,36,0,199,0,0,0,199
07/09/2018,ORF,VA,AEA,EN,Combined TRACON& Tower with Radar,116,59,17,2,194,0,0,13,1,14,116,59,30,3,208,0,0,0,208
07/10/2018,ORF,VA,AEA,EN,Combined TRACON& Tower with Radar,113,72,34,2,221,0,3,21,0,24,113,75,55,2,245,0,0,0,245
07/11/2018,ORF,VA,AEA,EN,Combined TRACON& Tower with Radar,111,62,41,0,214,4,1,17,1,23,115,63,58,1,237,2,0,2,239
07/12/2018,ORF,VA,AEA,EN,Combined TRACON& Tower with Radar,118,52,24,0,194,0,0,7,0,7,118,52,31,0,201,0,0,0,201
07/13/2018,ORF,VA,AEA,EN,Combined TRACON& Tower with Radar,118,58,32,5,213,0,1,24,0,25,118,59,56,5,238,26,0,26,264
07/14/2018,ORF,VA,AEA,EN,Combined TRACON& Tower with Radar,97,52,15,0,164,0,0,32,1,33,97,52,47,1,197,0,0,0,197
07/15/2018,ORF,VA,AEA,EN,Combined TRACON& Tower with Radar,105,45,31,0,181,0,0,9,2,11,105,45,40,2,192,0,0,0,192
07/16/2018,ORF,VA,AEA,EN,Combined TRACON& Tower with Radar,106,49,25,0,180,0,0,19,0,19,106,49,44,0,199,0,0,0,199
07/17/2018,ORF,VA,AEA,EN,Combined TRACON& Tower with Radar,127,43,28,0,198,0,0,12,0,12,127,43,40,0,210,4,0,4,214
07/18/2018,ORF,VA,AEA,EN,Combined TRACON& Tower with Radar,115,65,29,0,209,0,0,22,0,22,115,65,51,0,231,0,0,0,231
07/19/2018,ORF,VA,AEA,EN,Combined TRACON& Tower with Radar,117,59,37,4,217,0,0,34,0,34,117,59,71,4,251,0,0,0,251
07/20/2018,ORF,VA,AEA,EN,Combined TRACON& Tower with Radar,117,64,41,0,222,0,0,17,0,17,117,64,58,0,239,0,0,0,239
07/21/2018,ORF,VA,AEA,EN,Combined TRACON& Tower with Radar,96,58,19,0,173,0,0,0,0,0,96,58,19,0,173,0,0,0,173
07/22/2018,ORF,VA,AEA,EN,Combined TRACON& Tower with Radar,111,55,25,2,193,0,0,5,0,5,111,55,30,2,198,0,0,0,198
07/23/2018,ORF,VA,AEA,EN,Combined TRACON& Tower with Radar,113,43,27,0,183,0,0,4,0,4,113,43,31,0,187,0,0,0,187
07/24/2018,ORF,VA,AEA,EN,Combined TRACON& Tower with Radar,111,53,20,0,184,0,0,0,0,0,111,53,20,0,184,0,0,0,184
07/25/2018,ORF,VA,AEA,EN,Combined TRACON& Tower with Radar,116,61,31,0,208,0,0,3,0,3,116,61,34,0,211,0,0,0,211
07/26/2018,ORF,VA,AEA,EN,Combined TRACON& Tower with Radar,119,56,40,0,215,0,0,11,0,11,119,56,51,0,226,0,0,0,226
07/27/2018,ORF,VA,AEA,EN,Combined TRACON& Tower with Radar,105,49,38,0,192,0,0,26,0,26,105,49,64,0,218,0,0,0,218
07/28/2018,ORF,VA,AEA,EN,Combined TRACON& Tower with Radar,100,55,22,2,179,0,0,8,0,8,100,55,30,2,187,0,0,0,187
07/29/2018,ORF,VA,AEA,EN,Combined TRACON& Tower with Radar,108,52,26,0,186,0,0,7,0,7,108,52,33,0,193,0,0,0,193
07/30/2018,ORF,VA,AEA,EN,Combined TRACON& Tower with Radar,113,51,17,0,181,0,0,3,0,3,113,51,20,0,184,0,0,0,184
07/31/2018,ORF,VA,AEA,EN,Combined TRACON& Tower with Radar,111,64,31,0,206,0,0,12,0,12,111,64,43,0,218,0,0,0,218
08/01/2018,ORF,VA,AEA,EN,Combined TRACON& Tower with Radar,108,50,27,0,185,0,0,17,0,17,108,50,44,0,202,0,0,0,202
08/02/2018,ORF,VA,AEA,EN,Combined TRACON& Tower with Radar,113,51,38,2,204,0,0,20,0,20,113,51,58,2,224,0,0,0,224
08/03/2018,ORF,VA,AEA,EN,Combined TRACON& Tower with Radar,107,39,29,0,175,0,0,10,0,10,107,39,39,0,185,0,0,0,185
08/04/2018,ORF,VA,AEA,EN,Combined TRACON& Tower with Radar,103,43,16,0,162,0,0,4,0,4,103,43,20,0,166,0,0,0,166
08/05/2018,ORF,VA,AEA,EN,Combined TRACON& Tower with Radar,105,56,34,0,195,0,0,16,0,16,105,56,50,0,211,0,0,0,211
08/06/2018,ORF,VA,AEA,EN,Combined TRACON& Tower with Radar,120,53,40,0,213,0,0,15,0,15,120,53,55,0,228,6,0,6,234
08/07/2018,ORF,VA,AEA,EN,Combined TRACON& Tower with Radar,103,50,36,0,189,0,0,23,0,23,103,50,59,0,212,0,0,0,212
08/08/2018,ORF,VA,AEA,EN,Combined TRACON& Tower with Radar,113,53,36,0,202,0,0,24,4,28,113,53,60,4,230,0,0,0,230
08/09/2018,ORF,VA,AEA,EN,Combined TRACON& Tower with Radar,118,56,34,0,208,0,0,13,0,13,118,56,47,0,221,0,0,0,221
08/10/2018,ORF,VA,AEA,EN,Combined TRACON& Tower with Radar,117,62,39,0,218,0,0,32,26,58,117,62,71,26,276,0,0,0,276
08/11/2018,ORF,VA,AEA,EN,Combined TRACON& Tower with Radar,91,35,6,0,132,0,1,16,0,17,91,36,22,0,149,8,0,8,157
08/12/2018,ORF,VA,AEA,EN,Combined TRACON& Tower with Radar,114,58,40,0,212,0,0,16,0,16,114,58,56,0,228,0,0,0,228
08/13/2018,ORF,VA,AEA,EN,Combined TRACON& Tower with Radar,116,47,27,0,190,0,0,20,6,26,116,47,47,6,216,4,0,4,220
08/14/2018,ORF,VA,AEA,EN,Combined TRACON& Tower with Radar,120,54,32,0,206,0,0,13,1,14,120,54,45,1,220,0,0,0,220
08/15/2018,ORF,VA,AEA,EN,Combined TRACON& Tower with Radar,118,59,52,0,229,0,0,24,2,26,118,59,76,2,255,0,0,0,255
08/16/2018,ORF,VA,AEA,EN,Combined TRACON& Tower with Radar,125,62,38,3,228,0,0,44,4,48,125,62,82,7,276,0,0,0,276
08/17/2018,ORF,VA,AEA,EN,Combined TRACON& Tower with Radar,118,47,42,2,209,0,2,36,0,38,118,49,78,2,247,0,0,0,247
08/18/2018,ORF,VA,AEA,EN,Combined TRACON& Tower with Radar,95,40,18,0,153,0,0,10,0,10,95,40,28,0,163,0,0,0,163
08/19/2018,ORF,VA,AEA,EN,Combined TRACON& Tower with Radar,111,71,24,0,206,0,0,8,0,8,111,71,32,0,214,0,0,0,214
08/20/2018,ORF,VA,AEA,EN,Combined TRACON& Tower with Radar,119,56,19,0,194,0,0,14,0,14,119,56,33,0,208,0,0,0,208
08/21/2018,ORF,VA,AEA,EN,Combined TRACON& Tower with Radar,123,54,44,0,221,0,0,7,0,7,123,54,51,0,228,0,0,0,228
08/22/2018,ORF,VA,AEA,EN,Combined TRACON& Tower with Radar,119,50,48,1,218,0,0,16,0,16,119,50,64,1,234,0,0,0,234
08/23/2018,ORF,VA,AEA,EN,Combined TRACON& Tower with Radar,127,52,54,0,233,0,0,24,0,24,127,52,78,0,257,6,0,6,263
08/24/2018,ORF,VA,AEA,EN,Combined TRACON& Tower with Radar,120,55,46,0,221,0,0,24,0,24,120,55,70,0,245,0,0,0,245
08/25/2018,ORF,VA,AEA,EN,Combined TRACON& Tower with Radar,92,44,36,1,173,0,0,10,0,10,92,44,46,1,183,0,0,0,183
08/26/2018,ORF,VA,AEA,EN,Combined TRACON& Tower with Radar,112,55,34,2,203,0,0,24,0,24,112,55,58,2,227,0,0,0,227
08/27/2018,ORF,VA,AEA,EN,Combined TRACON& Tower with Radar,123,57,34,1,215,0,1,21,2,24,123,58,55,3,239,0,0,0,239
08/28/2018,ORF,VA,AEA,EN,Combined TRACON& Tower with Radar,120,50,27,2,199,0,0,14,0,14,120,50,41,2,213,0,0,0,213
08/29/2018,ORF,VA,AEA,EN,Combined TRACON& Tower with Radar,119,48,38,3,208,0,0,10,0,10,119,48,48,3,218,0,0,0,218
08/30/2018,ORF,VA,AEA,EN,Combined TRACON& Tower with Radar,122,52,27,0,201,0,0,10,1,11,122,52,37,1,212,0,0,0,212
08/31/2018,ORF,VA,AEA,EN,Combined TRACON& Tower with Radar,121,51,33,1,206,0,0,16,0,16,121,51,49,1,222,0,0,0,222
09/01/2018,ORF,VA,AEA,EN,Combined TRACON& Tower with Radar,79,50,15,0,144,0,0,11,0,11,79,50,26,0,155,0,0,0,155
09/02/2018,ORF,VA,AEA,EN,Combined TRACON& Tower with Radar,87,47,32,0,166,0,0,13,2,15,87,47,45,2,181,10,0,10,191
09/03/2018,ORF,VA,AEA,EN,Combined TRACON& Tower with Radar,104,57,28,0,189,0,0,17,0,17,104,57,45,0,206,0,0,0,206
09/04/2018,ORF,VA,AEA,EN,Combined TRACON& Tower with Radar,106,52,36,0,194,0,0,21,0,21,106,52,57,0,215,0,0,0,215
09/05/2018,ORF,VA,AEA,EN,Combined TRACON& Tower with Radar,105,59,39,1,204,0,0,29,1,30,105,59,68,2,234,0,0,0,234
09/06/2018,ORF,VA,AEA,EN,Combined TRACON& Tower with Radar,107,57,40,2,206,0,0,40,0,40,107,57,80,2,246,0,0,0,246
09/07/2018,ORF,VA,AEA,EN,Combined TRACON& Tower with Radar,133,64,35,0,232,0,0,14,0,14,133,64,49,0,246,11,0,11,257
09/08/2018,ORF,VA,AEA,EN,Combined TRACON& Tower with Radar,96,42,18,0,156,0,0,8,0,8,96,42,26,0,164,8,0,8,172
09/09/2018,ORF,VA,AEA,EN,Combined TRACON& Tower with Radar,107,56,17,0,180,0,0,9,0,9,107,56,26,0,189,0,0,0,189
09/10/2018,ORF,VA,AEA,EN,Combined TRACON& Tower with Radar,117,68,31,0,216,0,0,5,0,5,117,68,36,0,221,0,0,0,221
09/11/2018,ORF,VA,AEA,EN,Combined TRACON& Tower with Radar,116,68,30,0,214,0,0,6,0,6,116,68,36,0,220,0,0,0,220
09/12/2018,ORF,VA,AEA,EN,Combined TRACON& Tower with Radar,122,64,17,2,205,0,0,1,3,4,122,64,18,5,209,0,0,0,209
09/13/2018,ORF,VA,AEA,EN,Combined TRACON& Tower with Radar,90,51,3,0,144,0,0,0,0,0,90,51,3,0,144,0,0,0,144
09/14/2018,ORF,VA,AEA,EN,Combined TRACON& Tower with Radar,60,27,5,1,93,0,0,0,0,0,60,27,5,1,93,0,0,0,93
09/15/2018,ORF,VA,AEA,EN,Combined TRACON& Tower with Radar,84,36,11,1,132,0,1,2,1,4,84,37,13,2,136,0,0,0,136
09/16/2018,ORF,VA,AEA,EN,Combined TRACON& Tower with Radar,99,60,37,4,200,0,0,2,0,2,99,60,39,4,202,0,0,0,202
09/17/2018,ORF,VA,AEA,EN,Combined TRACON& Tower with Radar,117,62,23,4,206,0,0,9,3,12,117,62,32,7,218,0,0,0,218
09/18/2018,ORF,VA,AEA,EN,Combined TRACON& Tower with Radar,113,55,24,0,192,0,0,3,0,3,113,55,27,0,195,0,0,0,195
09/19/2018,ORF,VA,AEA,EN,Combined TRACON& Tower with Radar,112,63,49,0,224,0,0,24,1,25,112,63,73,1,249,0,0,0,249
09/20/2018,ORF,VA,AEA,EN,Combined TRACON& Tower with Radar,115,67,33,0,215,0,0,8,0,8,115,67,41,0,223,0,0,0,223
09/21/2018,ORF,VA,AEA,EN,Combined TRACON& Tower with Radar,121,67,38,3,229,0,0,28,0,28,121,67,66,3,257,0,0,0,257
09/22/2018,ORF,VA,AEA,EN,Combined TRACON& Tower with Radar,96,43,38,0,177,0,0,16,1,17,96,43,54,1,194,0,0,0,194
09/23/2018,ORF,VA,AEA,EN,Combined TRACON& Tower with Radar,106,58,29,0,193,0,0,4,0,4,106,58,33,0,197,0,0,0,197
09/24/2018,ORF,VA,AEA,EN,Combined TRACON& Tower with Radar,116,73,27,0,216,0,0,2,0,2,116,73,29,0,218,0,0,0,218
09/25/2018,ORF,VA,AEA,EN,Combined TRACON& Tower with Radar,110,62,46,3,221,0,0,11,0,11,110,62,57,3,232,0,0,0,232
09/26/2018,ORF,VA,AEA,EN,Combined TRACON& Tower with Radar,110,60,39,5,214,0,0,12,0,12,110,60,51,5,226,0,0,0,226
09/27/2018,ORF,VA,AEA,EN,Combined TRACON& Tower with Radar,114,70,33,0,217,0,0,4,0,4,114,70,37,0,221,0,0,0,221
09/28/2018,ORF,VA,AEA,EN,Combined TRACON& Tower with Radar,122,78,29,1,230,0,0,13,0,13,122,78,42,1,243,0,0,0,243
09/29/2018,ORF,VA,AEA,EN,Combined TRACON& Tower with Radar,95,40,24,0,159,0,0,20,0,20,95,40,44,0,179,0,0,0,179
09/30/2018,ORF,VA,AEA,EN,Combined TRACON& Tower with Radar,103,68,21,0,192,0,0,27,0,27,103,68,48,0,219,0,0,0,219
10/01/2018,ORF,VA,AEA,EN,Combined TRACON& Tower with Radar,125,60,30,1,216,0,1,13,0,14,125,61,43,1,230,0,0,0,230
10/02/2018,ORF,VA,AEA,EN,Combined TRACON& Tower with Radar,113,60,40,1,214,0,0,13,0,13,113,60,53,1,227,0,0,0,227
10/03/2018,ORF,VA,AEA,EN,Combined TRACON& Tower with Radar,110,68,55,1,234,0,0,30,2,32,110,68,85,3,266,0,0,0,266
10/04/2018,ORF,VA,AEA,EN,Combined TRACON& Tower with Radar,115,59,50,109,333,0,0,16,3,19,115,59,66,112,352,6,0,6,358
10/05/2018,ORF,VA,AEA,EN,Combined TRACON& Tower with Radar,118,64,57,0,239,0,0,8,0,8,118,64,65,0,247,0,0,0,247
10/06/2018,ORF,VA,AEA,EN,Combined TRACON& Tower with Radar,89,39,15,0,143,0,0,6,0,6,89,39,21,0,149,30,0,30,179
10/07/2018,ORF,VA,AEA,EN,Combined TRACON& Tower with Radar,103,52,31,0,186,0,1,22,0,23,103,53,53,0,209,30,0,30,239
10/08/2018,ORF,VA,AEA,EN,Combined TRACON& Tower with Radar,115,64,32,0,211,0,0,19,0,19,115,64,51,0,230,0,0,0,230
10/09/2018,ORF,VA,AEA,EN,Combined TRACON& Tower with Radar,101,61,22,0,184,0,1,15,0,16,101,62,37,0,200,4,2,6,206
10/10/2018,ORF,VA,AEA,EN,Combined TRACON& Tower with Radar,101,63,39,0,203,0,0,13,0,13,101,63,52,0,216,0,0,0,216
10/11/2018,ORF,VA,AEA,EN,Combined TRACON& Tower with Radar,101,42,11,0,154,0,1,0,0,1,101,43,11,0,155,0,0,0,155
10/12/2018,ORF,VA,AEA,EN,Combined TRACON& Tower with Radar,110,61,23,0,194,0,0,8,0,8,110,61,31,0,202,0,0,0,202
10/13/2018,ORF,VA,AEA,EN,Combined TRACON& Tower with Radar,88,39,15,0,142,0,0,5,0,5,88,39,20,0,147,0,0,0,147
10/14/2018,ORF,VA,AEA,EN,Combined TRACON& Tower with Radar,106,53,30,0,189,4,1,22,0,27,110,54,52,0,216,0,0,0,216
10/15/2018,ORF,VA,AEA,EN,Combined TRACON& Tower with Radar,119,67,28,2,216,0,1,16,0,17,119,68,44,2,233,0,0,0,233
10/16/2018,ORF,VA,AEA,EN,Combined TRACON& Tower with Radar,103,65,33,0,201,0,2,6,0,8,103,67,39,0,209,0,0,0,209
10/17/2018,ORF,VA,AEA,EN,Combined TRACON& Tower with Radar,107,57,33,1,198,0,0,15,3,18,107,57,48,4,216,0,0,0,216
10/18/2018,ORF,VA,AEA,EN,Combined TRACON& Tower with Radar,113,60,49,4,226,0,0,17,3,20,113,60,66,7,246,0,0,0,246
10/19/2018,ORF,VA,AEA,EN,Combined TRACON& Tower with Radar,116,67,36,0,219,0,0,32,2,34,116,67,68,2,253,0,0,0,253
10/20/2018,ORF,VA,AEA,EN,Combined TRACON& Tower with Radar,87,40,23,0,150,0,0,0,0,0,87,40,23,0,150,0,0,0,150
10/21/2018,ORF,VA,AEA,EN,Combined TRACON& Tower with Radar,108,63,22,0,193,0,1,7,0,8,108,64,29,0,201,0,0,0,201
10/22/2018,ORF,VA,AEA,EN,Combined TRACON& Tower with Radar,114,56,31,2,203,0,0,16,3,19,114,56,47,5,222,0,0,0,222
10/23/2018,ORF,VA,AEA,EN,Combined TRACON& Tower with Radar,103,61,36,5,205,0,0,12,1,13,103,61,48,6,218,0,0,0,218
10/24/2018,ORF,VA,AEA,EN,Combined TRACON& Tower with Radar,102,66,45,14,227,0,0,10,0,10,102,66,55,14,237,0,0,0,237
10/25/2018,ORF,VA,AEA,EN,Combined TRACON& Tower with Radar,111,65,45,2,223,0,0,25,0,25,111,65,70,2,248,0,0,0,248
10/26/2018,ORF,VA,AEA,EN,Combined TRACON& Tower with Radar,113,66,37,0,216,0,0,9,0,9,113,66,46,0,225,0,0,0,225
10/27/2018,ORF,VA,AEA,EN,Combined TRACON& Tower with Radar,87,47,5,0,139,0,0,0,0,0,87,47,5,0,139,0,0,0,139
10/28/2018,ORF,VA,AEA,EN,Combined TRACON& Tower with Radar,103,57,25,0,185,0,0,10,0,10,103,57,35,0,195,0,0,0,195
10/29/2018,ORF,VA,AEA,EN,Combined TRACON& Tower with Radar,113,54,31,0,198,0,0,12,0,12,113,54,43,0,210,0,0,0,210
10/30/2018,ORF,VA,AEA,EN,Combined TRACON& Tower with Radar,95,48,26,4,173,0,0,33,1,34,95,48,59,5,207,0,0,0,207
10/31/2018,ORF,VA,AEA,EN,Combined TRACON& Tower with Radar,86,41,36,4,167,0,2,17,0,19,86,43,53,4,186,0,0,0,186
11/01/2018,ORF,VA,AEA,EN,Combined TRACON& Tower with Radar,101,56,58,2,217,0,0,9,1,10,101,56,67,3,227,0,0,0,227
11/02/2018,ORF,VA,AEA,EN,Combined TRACON& Tower with Radar,129,50,38,3,220,0,1,4,2,7,129,51,42,5,227,0,0,0,227
11/03/2018,ORF,VA,AEA,EN,Combined TRACON& Tower with Radar,95,37,47,3,182,0,0,34,1,35,95,37,81,4,217,10,0,10,227
11/04/2018,ORF,VA,AEA,EN,Combined TRACON& Tower with Radar,115,43,67,2,227,0,0,42,0,42,115,43,109,2,269,0,0,0,269
11/05/2018,ORF,VA,AEA,EN,Combined TRACON& Tower with Radar,127,46,22,0,195,0,0,0,0,0,127,46,22,0,195,0,0,0,195
11/06/2018,ORF,VA,AEA,EN,Combined TRACON& Tower with Radar,111,49,25,0,185,0,0,7,0,7,111,49,32,0,192,0,0,0,192
11/07/2018,ORF,VA,AEA,EN,Combined TRACON& Tower with Radar,118,56,47,2,223,0,0,19,3,22,118,56,66,5,245,0,0,0,245
11/08/2018,ORF,VA,AEA,EN,Combined TRACON& Tower with Radar,121,55,57,0,233,0,0,7,6,13,121,55,64,6,246,0,0,0,246
11/09/2018,ORF,VA,AEA,EN,Combined TRACON& Tower with Radar,128,54,34,1,217,0,0,2,0,2,128,54,36,1,219,0,0,0,219
11/10/2018,ORF,VA,AEA,EN,Combined TRACON& Tower with Radar,102,33,16,0,151,0,0,9,0,9,102,33,25,0,160,0,0,0,160
11/11/2018,ORF,VA,AEA,EN,Combined TRACON& Tower with Radar,115,47,19,0,181,0,0,23,0,23,115,47,42,0,204,0,0,0,204
11/12/2018,ORF,VA,AEA,EN,Combined TRACON& Tower with Radar,127,49,29,0,205,0,2,11,0,13,127,51,40,0,218,0,0,0,218
11/13/2018,ORF,VA,AEA,EN,Combined TRACON& Tower with Radar,114,50,28,0,192,0,0,1,0,1,114,50,29,0,193,0,0,0,193
11/14/2018,ORF,VA,AEA,EN,Combined TRACON& Tower with Radar,114,51,32,0,197,0,0,5,2,7,114,51,37,2,204,0,0,0,204
11/15/2018,ORF,VA,AEA,EN,Combined TRACON& Tower with Radar,118,35,16,0,169,0,0,7,0,7,118,35,23,0,176,0,0,0,176
11/16/2018,ORF,VA,AEA,EN,Combined TRACON& Tower with Radar,129,48,45,2,224,0,0,17,0,17,129,48,62,2,241,0,0,0,241
11/17/2018,ORF,VA,AEA,EN,Combined TRACON& Tower with Radar,115,34,23,1,173,0,0,25,0,25,115,34,48,1,198,0,0,0,198
11/18/2018,ORF,VA,AEA,EN,Combined TRACON& Tower with Radar,111,39,32,2,184,0,0,22,0,22,111,39,54,2,206,0,0,0,206
11/19/2018,ORF,VA,AEA,EN,Combined TRACON& Tower with Radar,115,49,20,2,186,0,0,3,0,3,115,49,23,2,189,0,0,0,189
11/20/2018,ORF,VA,AEA,EN,Combined TRACON& Tower with Radar,114,51,34,1,200,0,0,11,0,11,114,51,45,1,211,0,0,0,211
11/21/2018,ORF,VA,AEA,EN,Combined TRACON& Tower with Radar,132,53,34,0,219,0,0,20,0,20,132,53,54,0,239,0,0,0,239
11/22/2018,ORF,VA,AEA,EN,Combined TRACON& Tower with Radar,61,20,9,2,92,0,0,5,0,5,61,20,14,2,97,0,0,0,97
11/23/2018,ORF,VA,AEA,EN,Combined TRACON& Tower with Radar,91,20,20,0,131,0,0,16,0,16,91,20,36,0,147,0,0,0,147
11/24/2018,ORF,VA,AEA,EN,Combined TRACON& Tower with Radar,126,61,9,1,197,0,0,0,0,0,126,61,9,1,197,0,0,0,197
11/25/2018,ORF,VA,AEA,EN,Combined TRACON& Tower with Radar,135,62,40,1,238,0,0,14,0,14,135,62,54,1,252,0,0,0,252
11/26/2018,ORF,VA,AEA,EN,Combined TRACON& Tower with Radar,120,42,27,0,189,0,0,7,1,8,120,42,34,1,197,0,0,0,197
11/27/2018,ORF,VA,AEA,EN,Combined TRACON& Tower with Radar,114,61,39,1,215,0,0,6,1,7,114,61,45,2,222,0,0,0,222
11/28/2018,ORF,VA,AEA,EN,Combined TRACON& Tower with Radar,107,60,32,0,199,0,0,10,0,10,107,60,42,0,209,0,0,0,209
11/29/2018,ORF,VA,AEA,EN,Combined TRACON& Tower with Radar,110,69,36,0,215,0,0,26,2,28,110,69,62,2,243,0,0,0,243
11/30/2018,ORF,VA,AEA,EN,Combined TRACON& Tower with Radar,112,63,33,0,208,0,0,12,0,12,112,63,45,0,220,0,0,0,220
12/01/2018,ORF,VA,AEA,EN,Combined TRACON& Tower with Radar,93,37,17,0,147,0,0,2,0,2,93,37,19,0,149,0,0,0,149
12/02/2018,ORF,VA,AEA,EN,Combined TRACON& Tower with Radar,107,44,30,0,181,0,0,4,0,4,107,44,34,0,185,0,0,0,185
12/03/2018,ORF,VA,AEA,EN,Combined TRACON& Tower with Radar,107,56,42,0,205,0,0,14,0,14,107,56,56,0,219,0,0,0,219
12/04/2018,ORF,VA,AEA,EN,Combined TRACON& Tower with Radar,107,58,29,5,199,0,0,14,0,14,107,58,43,5,213,0,0,0,213
12/05/2018,ORF,VA,AEA,EN,Combined TRACON& Tower with Radar,116,56,38,0,210,0,0,7,0,7,116,56,45,0,217,0,0,0,217
12/06/2018,ORF,VA,AEA,EN,Combined TRACON& Tower with Radar,113,57,42,0,212,0,2,21,1,24,113,59,63,1,236,7,0,7,243
12/07/2018,ORF,VA,AEA,EN,Combined TRACON& Tower with Radar,114,56,27,0,197,0,1,26,1,28,114,57,53,1,225,0,0,0,225
12/08/2018,ORF,VA,AEA,EN,Combined TRACON& Tower with Radar,94,39,21,2,156,0,0,19,0,19,94,39,40,2,175,0,0,0,175
12/09/2018,ORF,VA,AEA,EN,Combined TRACON& Tower with Radar,92,43,17,0,152,0,0,1,0,1,92,43,18,0,153,0,0,0,153
12/10/2018,ORF,VA,AEA,EN,Combined TRACON& Tower with Radar,106,46,21,0,173,0,0,0,0,0,106,46,21,0,173,0,0,0,173
12/11/2018,ORF,VA,AEA,EN,Combined TRACON& Tower with Radar,107,64,31,0,202,0,0,10,0,10,107,64,41,0,212,0,0,0,212
12/12/2018,ORF,VA,AEA,EN,Combined TRACON& Tower with Radar,111,62,36,4,213,0,2,13,19,34,111,64,49,23,247,2,0,2,249
12/13/2018,ORF,VA,AEA,EN,Combined TRACON& Tower with Radar,117,61,38,1,217,0,0,8,0,8,117,61,46,1,225,0,0,0,225
12/14/2018,ORF,VA,AEA,EN,Combined TRACON& Tower with Radar,114,66,30,0,210,0,0,7,0,7,114,66,37,0,217,0,0,0,217
12/15/2018,ORF,VA,AEA,EN,Combined TRACON& Tower with Radar,98,38,8,2,146,0,1,2,0,3,98,39,10,2,149,0,0,0,149
12/16/2018,ORF,VA,AEA,EN,Combined TRACON& Tower with Radar,103,42,40,0,185,0,0,0,0,0,103,42,40,0,185,0,0,0,185
12/17/2018,ORF,VA,AEA,EN,Combined TRACON& Tower with Radar,108,61,32,1,202,0,2,13,0,15,108,63,45,1,217,0,0,0,217
12/18/2018,ORF,VA,AEA,EN,Combined TRACON& Tower with Radar,103,63,45,1,212,0,0,15,1,16,103,63,60,2,228,6,0,6,234
12/19/2018,ORF,VA,AEA,EN,Combined TRACON& Tower with Radar,123,56,44,4,227,0,0,14,3,17,123,56,58,7,244,0,6,6,250
12/20/2018,ORF,VA,AEA,EN,Combined TRACON& Tower with Radar,118,65,24,0,207,0,0,0,0,0,118,65,24,0,207,0,0,0,207
12/21/2018,ORF,VA,AEA,EN,Combined TRACON& Tower with Radar,127,51,20,0,198,0,0,4,0,4,127,51,24,0,202,0,0,0,202
12/22/2018,ORF,VA,AEA,EN,Combined TRACON& Tower with Radar,129,32,22,0,183,0,0,18,0,18,129,32,40,0,201,0,0,0,201
12/23/2018,ORF,VA,AEA,EN,Combined TRACON& Tower with Radar,116,42,21,0,179,0,0,27,0,27,116,42,48,0,206,0,0,0,206
12/24/2018,ORF,VA,AEA,EN,Combined TRACON& Tower with Radar,94,30,6,0,130,0,0,6,1,7,94,30,12,1,137,0,0,0,137
12/25/2018,ORF,VA,AEA,EN,Combined TRACON& Tower with Radar,79,26,4,0,109,0,0,4,0,4,79,26,8,0,113,0,0,0,113
12/26/2018,ORF,VA,AEA,EN,Combined TRACON& Tower with Radar,122,49,35,0,206,0,0,9,0,9,122,49,44,0,215,0,0,0,215
12/27/2018,ORF,VA,AEA,EN,Combined TRACON& Tower with Radar,117,45,34,0,196,0,0,7,0,7,117,45,41,0,203,0,0,0,203
12/28/2018,ORF,VA,AEA,EN,Combined TRACON& Tower with Radar,128,47,20,0,195,0,0,0,0,0,128,47,20,0,195,0,0,0,195
12/29/2018,ORF,VA,AEA,EN,Combined TRACON& Tower with Radar,124,39,18,0,181,0,0,19,0,19,124,39,37,0,200,6,0,6,206
12/30/2018,ORF,VA,AEA,EN,Combined TRACON& Tower with Radar,115,45,7,0,167,0,0,25,0,25,115,45,32,0,192,0,0,0,192
12/31/2018,ORF,VA,AEA,EN,Combined TRACON& Tower with Radar,101,36,5,0,142,0,0,6,0,6,101,36,11,0,148,0,0,0,148
01/01/2019,ORF,VA,AEA,EN,Combined TRACON& Tower with Radar,93,28,28,0,149,0,0,4,0,4,93,28,32,0,153,0,0,0,153
01/02/2019,ORF,VA,AEA,EN,Combined TRACON& Tower with Radar,119,43,28,0,190,0,0,6,0,6,119,43,34,0,196,0,0,0,196
01/03/2019,ORF,VA,AEA,EN,Combined TRACON& Tower with Radar,118,35,29,2,184,0,0,0,0,0,118,35,29,2,184,0,0,0,184
01/04/2019,ORF,VA,AEA,EN,Combined TRACON& Tower with Radar,116,35,26,0,177,0,0,4,0,4,116,35,30,0,181,0,0,0,181
01/05/2019,ORF,VA,AEA,EN,Combined TRACON& Tower with Radar,98,42,18,0,158,0,0,4,0,4,98,42,22,0,162,0,0,0,162
01/06/2019,ORF,VA,AEA,EN,Combined TRACON& Tower with Radar,106,41,24,0,171,0,0,26,0,26,106,41,50,0,197,0,0,0,197
01/07/2019,ORF,VA,AEA,EN,Combined TRACON& Tower with Radar,106,54,31,0,191,0,2,16,0,18,106,56,47,0,209,0,0,0,209
01/08/2019,ORF,VA,AEA,EN,Combined TRACON& Tower with Radar,97,51,34,0,182,0,0,3,0,3,97,51,37,0,185,0,0,0,185
01/09/2019,ORF,VA,AEA,EN,Combined TRACON& Tower with Radar,96,59,32,2,189,0,0,4,0,4,96,59,36,2,193,0,0,0,193
01/10/2019,ORF,VA,AEA,EN,Combined TRACON& Tower with Radar,103,59,33,1,196,0,0,6,0,6,103,59,39,1,202,0,0,0,202
01/11/2019,ORF,VA,AEA,EN,Combined TRACON& Tower with Radar,111,59,28,0,198,0,0,9,0,9,111,59,37,0,207,0,0,0,207
01/12/2019,ORF,VA,AEA,EN,Combined TRACON& Tower with Radar,74,41,16,0,131,0,0,9,0,9,74,41,25,0,140,10,0,10,150
01/13/2019,ORF,VA,AEA,EN,Combined TRACON& Tower with Radar,87,48,13,0,148,0,0,0,0,0,87,48,13,0,148,0,0,0,148
01/14/2019,ORF,VA,AEA,EN,Combined TRACON& Tower with Radar,104,54,25,0,183,0,0,8,0,8,104,54,33,0,191,0,0,0,191
01/15/2019,ORF,VA,AEA,EN,Combined TRACON& Tower with Radar,87,62,42,1,192,0,0,10,0,10,87,62,52,1,202,0,0,0,202
01/16/2019,ORF,VA,AEA,EN,Combined TRACON& Tower with Radar,98,62,41,2,203,0,0,15,0,15,98,62,56,2,218,2,0,2,220
01/17/2019,ORF,VA,AEA,EN,Combined TRACON& Tower with Radar,101,64,63,2,230,0,0,15,0,15,101,64,78,2,245,0,0,0,245
01/18/2019,ORF,VA,AEA,EN,Combined TRACON& Tower with Radar,112,73,36,3,224,0,0,6,0,6,112,73,42,3,230,4,8,12,242
01/19/2019,ORF,VA,AEA,EN,Combined TRACON& Tower with Radar,76,42,16,2,136,0,0,8,0,8,76,42,24,2,144,0,0,0,144
01/20/2019,ORF,VA,AEA,EN,Combined TRACON& Tower with Radar,78,56,10,1,145,0,0,2,0,2,78,56,12,1,147,0,0,0,147
01/21/2019,ORF,VA,AEA,EN,Combined TRACON& Tower with Radar,98,51,21,0,170,0,0,6,0,6,98,51,27,0,176,0,0,0,176
01/22/2019,ORF,VA,AEA,EN,Combined TRACON& Tower with Radar,86,57,23,0,166,0,0,11,0,11,86,57,34,0,177,2,0,2,179
01/23/2019,ORF,VA,AEA,EN,Combined TRACON& Tower with Radar,94,61,33,0,188,0,0,4,0,4,94,61,37,0,192,0,0,0,192
01/24/2019,ORF,VA,AEA,EN,Combined TRACON& Tower with Radar,102,50,21,1,174,0,0,0,0,0,102,50,21,1,174,0,0,0,174
01/25/2019,ORF,VA,AEA,EN,Combined TRACON& Tower with Radar,104,60,26,0,190,0,0,17,0,17,104,60,43,0,207,0,0,0,207
01/26/2019,ORF,VA,AEA,EN,Combined TRACON& Tower with Radar,83,39,14,0,136,0,2,32,0,34,83,41,46,0,170,0,0,0,170
01/27/2019,ORF,VA,AEA,EN,Combined TRACON& Tower with Radar,95,47,26,4,172,0,0,16,0,16,95,47,42,4,188,0,0,0,188
01/28/2019,ORF,VA,AEA,EN,Combined TRACON& Tower with Radar,106,50,31,0,187,0,2,11,0,13,106,52,42,0,200,0,0,0,200
01/29/2019,ORF,VA,AEA,EN,Combined TRACON& Tower with Radar,88,61,39,0,188,0,0,2,1,3,88,61,41,1,191,0,0,0,191
01/30/2019,ORF,VA,AEA,EN,Combined TRACON& Tower with Radar,95,53,23,0,171,0,1,5,1,7,95,54,28,1,178,0,0,0,178
01/31/2019,ORF,VA,AEA,EN,Combined TRACON& Tower with Radar,102,58,34,2,196,0,0,19,3,22,102,58,53,5,218,0,0,0,218
02/01/2019,ORF,VA,AEA,EN,Combined TRACON& Tower with Radar,109,53,28,2,192,0,0,4,0,4,109,53,32,2,196,0,0,0,196
02/02/2019,ORF,VA,AEA,EN,Combined TRACON& Tower with Radar,76,30,18,0,124,0,0,28,0,28,76,30,46,0,152,0,0,0,152
02/03/2019,ORF,VA,AEA,EN,Combined TRACON& Tower with Radar,83,47,13,1,144,0,0,16,0,16,83,47,29,1,160,0,0,0,160
02/04/2019,ORF,VA,AEA,EN,Combined TRACON& Tower with Radar,104,54,37,0,195,0,0,0,0,0,104,54,37,0,195,0,0,0,195
02/05/2019,ORF,VA,AEA,EN,Combined TRACON& Tower with Radar,91,58,36,3,188,0,0,12,1,13,91,58,48,4,201,0,0,0,201
02/06/2019,ORF,VA,AEA,EN,Combined TRACON& Tower with Radar,100,54,34,5,193,0,0,11,7,18,100,54,45,12,211,0,0,0,211
02/07/2019,ORF,VA,AEA,EN,Combined TRACON& Tower with Radar,100,60,44,2,206,0,0,8,0,8,100,60,52,2,214,0,0,0,214
02/08/2019,ORF,VA,AEA,EN,Combined TRACON& Tower with Radar,111,56,28,6,201,0,0,4,0,4,111,56,32,6,205,0,0,0,205
02/09/2019,ORF,VA,AEA,EN,Combined TRACON& Tower with Radar,78,41,25,4,148,0,0,6,1,7,78,41,31,5,155,0,0,0,155
02/10/2019,ORF,VA,AEA,EN,Combined TRACON& Tower with Radar,88,55,30,0,173,0,0,8,0,8,88,55,38,0,181,0,0,0,181
02/11/2019,ORF,VA,AEA,EN,Combined TRACON& Tower with Radar,102,59,25,0,186,0,0,0,0,0,102,59,25,0,186,0,0,0,186
02/12/2019,ORF,VA,AEA,EN,Combined TRACON& Tower with Radar,94,44,19,4,161,0,0,0,0,0,94,44,19,4,161,0,0,0,161
02/13/2019,ORF,VA,AEA,EN,Combined TRACON& Tower with Radar,93,68,28,0,189,0,0,4,0,4,93,68,32,0,193,0,0,0,193
02/14/2019,ORF,VA,AEA,EN,Combined TRACON& Tower with Radar,109,59,34,0,202,0,0,17,2,19,109,59,51,2,221,0,0,0,221
02/15/2019,ORF,VA,AEA,EN,Combined TRACON& Tower with Radar,111,65,42,6,224,0,0,3,0,3,111,65,45,6,227,0,0,0,227
02/16/2019,ORF,VA,AEA,EN,Combined TRACON& Tower with Radar,78,37,11,0,126,0,0,3,0,3,78,37,14,0,129,0,0,0,129
02/17/2019,ORF,VA,AEA,EN,Combined TRACON& Tower with Radar,88,44,43,3,178,0,0,11,1,12,88,44,54,4,190,0,0,0,190
02/18/2019,ORF,VA,AEA,EN,Combined TRACON& Tower with Radar,100,48,39,2,189,0,0,6,0,6,100,48,45,2,195,0,0,0,195
02/19/2019,ORF,VA,AEA,EN,Combined TRACON& Tower with Radar,88,59,15,2,164,0,1,15,2,18,88,60,30,4,182,0,0,0,182
02/20/2019,ORF,VA,AEA,EN,Combined TRACON& Tower with Radar,98,44,21,2,165,0,0,0,0,0,98,44,21,2,165,0,0,0,165
02/21/2019,ORF,VA,AEA,EN,Combined TRACON& Tower with Radar,108,60,42,6,216,0,0,3,1,4,108,60,45,7,220,0,0,0,220
02/22/2019,ORF,VA,AEA,EN,Combined TRACON& Tower with Radar,106,51,31,0,188,0,0,0,0,0,106,51,31,0,188,0,0,0,188
02/23/2019,ORF,VA,AEA,EN,Combined TRACON& Tower with Radar,78,58,18,2,156,0,0,0,0,0,78,58,18,2,156,0,0,0,156
02/24/2019,ORF,VA,AEA,EN,Combined TRACON& Tower with Radar,100,61,29,0,190,0,0,2,0,2,100,61,31,0,192,0,0,0,192
02/25/2019,ORF,VA,AEA,EN,Combined TRACON& Tower with Radar,101,54,24,0,179,0,0,8,0,8,101,54,32,0,187,0,0,0,187
02/26/2019,ORF,VA,AEA,EN,Combined TRACON& Tower with Radar,92,63,50,3,208,0,0,33,1,34,92,63,83,4,242,0,0,0,242
02/27/2019,ORF,VA,AEA,EN,Combined TRACON& Tower with Radar,97,72,38,2,209,0,0,0,0,0,97,72,38,2,209,0,0,0,209
02/28/2019,ORF,VA,AEA,EN,Combined TRACON& Tower with Radar,106,59,47,0,212,0,0,1,0,1,106,59,48,0,213,0,0,0,213
03/01/2019,ORF,VA,AEA,EN,Combined TRACON& Tower with Radar,107,57,20,4,188,0,0,0,0,0,107,57,20,4,188,0,0,0,188
03/02/2019,ORF,VA,AEA,EN,Combined TRACON& Tower with Radar,83,51,24,0,158,0,0,3,0,3,83,51,27,0,161,0,0,0,161
03/03/2019,ORF,VA,AEA,EN,Combined TRACON& Tower with Radar,101,49,12,0,162,0,0,13,0,13,101,49,25,0,175,0,0,0,175
03/04/2019,ORF,VA,AEA,EN,Combined TRACON& Tower with Radar,111,57,20,0,188,0,0,8,0,8,111,57,28,0,196,0,0,0,196
03/05/2019,ORF,VA,AEA,EN,Combined TRACON& Tower with Radar,106,58,15,0,179,0,0,4,0,4,106,58,19,0,183,0,0,0,183
03/06/2019,ORF,VA,AEA,EN,Combined TRACON& Tower with Radar,105,55,36,0,196,0,0,17,0,17,105,55,53,0,213,0,0,0,213
03/07/2019,ORF,VA,AEA,EN,Combined TRACON& Tower with Radar,118,48,35,0,201,0,0,11,0,11,118,48,46,0,212,0,0,0,212
03/08/2019,ORF,VA,AEA,EN,Combined TRACON& Tower with Radar,113,55,27,0,195,0,0,4,0,4,113,55,31,0,199,0,0,0,199
03/09/2019,ORF,VA,AEA,EN,Combined TRACON& Tower with Radar,92,42,18,2,154,0,0,0,0,0,92,42,18,2,154,0,0,0,154
03/10/2019,ORF,VA,AEA,EN,Combined TRACON& Tower with Radar,107,43,24,0,174,0,1,3,1,5,107,44,27,1,179,0,0,0,179
03/11/2019,ORF,VA,AEA,EN,Combined TRACON& Tower with Radar,113,50,24,0,187,0,0,12,1,13,113,50,36,1,200,17,0,17,217
03/12/2019,ORF,VA,AEA,EN,Combined TRACON& Tower with Radar,105,55,42,2,204,0,3,10,0,13,105,58,52,2,217,0,0,0,217
03/13/2019,ORF,VA,AEA,EN,Combined TRACON& Tower with Radar,107,48,30,2,187,0,0,14,6,20,107,48,44,8,207,4,1,5,212
03/14/2019,ORF,VA,AEA,EN,Combined TRACON& Tower with Radar,113,46,38,2,199,0,0,11,0,11,113,46,49,2,210,0,0,0,210
03/15/2019,ORF,VA,AEA,EN,Combined TRACON& Tower with Radar,121,50,32,0,203,0,0,4,0,4,121,50,36,0,207,0,0,0,207
03/16/2019,ORF,VA,AEA,EN,Combined TRACON& Tower with Radar,92,43,18,0,153,0,0,14,0,14,92,43,32,0,167,0,0,0,167
03/17/2019,ORF,VA,AEA,EN,Combined TRACON& Tower with Radar,107,40,35,0,182,0,0,17,0,17,107,40,52,0,199,0,0,0,199
03/18/2019,ORF,VA,AEA,EN,Combined TRACON& Tower with Radar,117,51,35,0,203,0,0,4,0,4,117,51,39,0,207,0,0,0,207
03/19/2019,ORF,VA,AEA,EN,Combined TRACON& Tower with Radar,108,57,31,0,196,0,2,7,0,9,108,59,38,0,205,0,0,0,205
03/20/2019,ORF,VA,AEA,EN,Combined TRACON& Tower with Radar,111,52,34,0,197,0,0,6,0,6,111,52,40,0,203,0,0,0,203
03/21/2019,ORF,VA,AEA,EN,Combined TRACON& Tower with Radar,118,49,50,0,217,0,1,1,0,2,118,50,51,0,219,0,0,0,219
03/22/2019,ORF,VA,AEA,EN,Combined TRACON& Tower with Radar,121,50,22,0,193,0,0,7,0,7,121,50,29,0,200,0,0,0,200
03/23/2019,ORF,VA,AEA,EN,Combined TRACON& Tower with Radar,89,33,23,4,149,0,0,6,0,6,89,33,29,4,155,0,0,0,155
03/24/2019,ORF,VA,AEA,EN,Combined TRACON& Tower with Radar,103,46,21,4,174,0,0,20,0,20,103,46,41,4,194,0,0,0,194
03/25/2019,ORF,VA,AEA,EN,Combined TRACON& Tower with Radar,111,52,39,4,206,0,0,8,2,10,111,52,47,6,216,0,0,0,216
03/26/2019,ORF,VA,AEA,EN,Combined TRACON& Tower with Radar,109,55,30,1,195,0,0,4,0,4,109,55,34,1,199,0,0,0,199
03/27/2019,ORF,VA,AEA,EN,Combined TRACON& Tower with Radar,113,57,40,0,210,0,0,7,0,7,113,57,47,0,217,0,0,0,217
03/28/2019,ORF,VA,AEA,EN,Combined TRACON& Tower with Radar,117,52,38,4,211,0,0,36,0,36,117,52,74,4,247,0,0,0,247
03/29/2019,ORF,VA,AEA,EN,Combined TRACON& Tower with Radar,115,56,29,0,200,0,0,16,0,16,115,56,45,0,216,0,0,0,216
03/30/2019,ORF,VA,AEA,EN,Combined TRACON& Tower with Radar,88,48,21,0,157,0,0,14,0,14,88,48,35,0,171,0,0,0,171
03/31/2019,ORF,VA,AEA,EN,Combined TRACON& Tower with Radar,109,45,31,0,185,0,2,5,0,7,109,47,36,0,192,0,0,0,192
04/01/2019,ORF,VA,AEA,EN,Combined TRACON& Tower with Radar,113,55,33,2,203,0,0,18,0,18,113,55,51,2,221,0,0,0,221
04/02/2019,ORF,VA,AEA,EN,Combined TRACON& Tower with Radar,109,52,42,0,203,0,0,2,0,2,109,52,44,0,205,0,0,0,205
04/03/2019,ORF,VA,AEA,EN,Combined TRACON& Tower with Radar,116,44,42,0,202,2,0,15,2,19,118,44,57,2,221,0,0,0,221
04/04/2019,ORF,VA,AEA,EN,Combined TRACON& Tower with Radar,118,54,40,0,212,0,0,24,1,25,118,54,64,1,237,0,0,0,237
04/05/2019,ORF,VA,AEA,EN,Combined TRACON& Tower with Radar,120,49,32,0,201,0,0,12,1,13,120,49,44,1,214,4,0,4,218
04/06/2019,ORF,VA,AEA,EN,Combined TRACON& Tower with Radar,87,41,29,1,158,0,0,0,0,0,87,41,29,1,158,0,0,0,158
04/07/2019,ORF,VA,AEA,EN,Combined TRACON& Tower with Radar,103,51,34,0,188,0,0,20,0,20,103,51,54,0,208,0,0,0,208
04/08/2019,ORF,VA,AEA,EN,Combined TRACON& Tower with Radar,124,49,49,0,222,0,0,6,1,7,124,49,55,1,229,0,0,0,229
04/09/2019,ORF,VA,AEA,EN,Combined TRACON& Tower with Radar,106,47,36,1,190,0,0,1,0,1,106,47,37,1,191,0,0,0,191
04/10/2019,ORF,VA,AEA,EN,Combined TRACON& Tower with Radar,114,49,47,0,210,0,0,28,0,28,114,49,75,0,238,0,0,0,238
04/11/2019,ORF,VA,AEA,EN,Combined TRACON& Tower with Radar,114,52,58,2,226,0,1,23,1,25,114,53,81,3,251,0,0,0,251
04/12/2019,ORF,VA,AEA,EN,Combined TRACON& Tower with Radar,118,55,25,0,198,0,0,11,0,11,118,55,36,0,209,0,0,0,209
04/13/2019,ORF,VA,AEA,EN,Combined TRACON& Tower with Radar,89,43,11,1,144,0,0,2,0,2,89,43,13,1,146,0,0,0,146
04/14/2019,ORF,VA,AEA,EN,Combined TRACON& Tower with Radar,99,44,30,2,175,0,0,7,0,7,99,44,37,2,182,0,0,0,182
04/15/2019,ORF,VA,AEA,EN,Combined TRACON& Tower with Radar,122,45,17,0,184,0,0,4,0,4,122,45,21,0,188,0,0,0,188
04/16/2019,ORF,VA,AEA,EN,Combined TRACON& Tower with Radar,108,45,41,2,196,0,2,19,1,22,108,47,60,3,218,0,0,0,218
04/17/2019,ORF,VA,AEA,EN,Combined TRACON& Tower with Radar,112,47,49,6,214,0,0,17,0,17,112,47,66,6,231,0,0,0,231
04/18/2019,ORF,VA,AEA,EN,Combined TRACON& Tower with Radar,115,54,47,2,218,0,0,10,0,10,115,54,57,2,228,0,0,0,228
04/19/2019,ORF,VA,AEA,EN,Combined TRACON& Tower with Radar,116,36,23,0,175,0,0,2,0,2,116,36,25,0,177,0,0,0,177
04/20/2019,ORF,VA,AEA,EN,Combined TRACON& Tower with Radar,92,40,25,0,157,0,0,9,0,9,92,40,34,0,166,0,0,0,166
04/21/2019,ORF,VA,AEA,EN,Combined TRACON& Tower with Radar,107,46,27,1,181,0,1,16,0,17,107,47,43,1,198,0,0,0,198
04/22/2019,ORF,VA,AEA,EN,Combined TRACON& Tower with Radar,118,52,51,1,222,0,0,12,1,13,118,52,63,2,235,2,8,10,245
04/23/2019,ORF,VA,AEA,EN,Combined TRACON& Tower with Radar,107,52,45,0,204,0,4,29,0,33,107,56,74,0,237,0,0,0,237
04/24/2019,ORF,VA,AEA,EN,Combined TRACON& Tower with Radar,111,64,40,3,218,0,0,22,0,22,111,64,62,3,240,0,0,0,240
04/25/2019,ORF,VA,AEA,EN,Combined TRACON& Tower with Radar,117,54,48,1,220,0,1,17,0,18,117,55,65,1,238,0,0,0,238
04/26/2019,ORF,VA,AEA,EN,Combined TRACON& Tower with Radar,117,64,42,0,223,0,0,6,0,6,117,64,48,0,229,0,0,0,229
04/27/2019,ORF,VA,AEA,EN,Combined TRACON& Tower with Radar,91,52,28,0,171,0,0,18,0,18,91,52,46,0,189,0,0,0,189
04/28/2019,ORF,VA,AEA,EN,Combined TRACON& Tower with Radar,107,55,39,0,201,0,0,17,0,17,107,55,56,0,218,0,0,0,218
04/29/2019,ORF,VA,AEA,EN,Combined TRACON& Tower with Radar,113,49,25,0,187,0,0,8,0,8,113,49,33,0,195,0,0,0,195
04/30/2019,ORF,VA,AEA,EN,Combined TRACON& Tower with Radar,112,53,43,2,210,0,0,20,2,22,112,53,63,4,232,0,0,0,232
05/01/2019,ORF,VA,AEA,EN,Combined TRACON& Tower with Radar,119,48,38,2,207,0,0,17,1,18,119,48,55,3,225,0,0,0,225
05/02/2019,ORF,VA,AEA,EN,Combined TRACON& Tower with Radar,133,56,39,0,228,0,0,22,1,23,133,56,61,1,251,0,0,0,251
05/03/2019,ORF,VA,AEA,EN,Combined TRACON& Tower with Radar,111,59,31,0,201,0,0,18,0,18,111,59,49,0,219,0,0,0,219
05/04/2019,ORF,VA,AEA,EN,Combined TRACON& Tower with Radar,89,46,42,0,177,0,0,4,0,4,89,46,46,0,181,0,0,0,181
05/05/2019,ORF,VA,AEA,EN,Combined TRACON& Tower with Radar,110,57,23,0,190,0,0,5,0,5,110,57,28,0,195,0,0,0,195
05/06/2019,ORF,VA,AEA,EN,Combined TRACON& Tower with Radar,108,71,44,3,226,0,0,14,0,14,108,71,58,3,240,0,0,0,240
05/07/2019,ORF,VA,AEA,EN,Combined TRACON& Tower with Radar,100,61,38,0,199,0,0,19,0,19,100,61,57,0,218,0,0,0,218
05/08/2019,ORF,VA,AEA,EN,Combined TRACON& Tower with Radar,106,65,31,1,203,0,0,24,0,24,106,65,55,1,227,4,0,4,231
05/09/2019,ORF,VA,AEA,EN,Combined TRACON& Tower with Radar,116,70,41,4,231,0,0,19,2,21,116,70,60,6,252,0,0,0,252
05/10/2019,ORF,VA,AEA,EN,Combined TRACON& Tower with Radar,120,76,51,2,249,0,0,12,0,12,120,76,63,2,261,0,0,0,261
05/11/2019,ORF,VA,AEA,EN,Combined TRACON& Tower with Radar,93,51,15,0,159,0,0,4,0,4,93,51,19,0,163,0,0,0,163
05/12/2019,ORF,VA,AEA,EN,Combined TRACON& Tower with Radar,111,67,26,0,204,0,0,3,0,3,111,67,29,0,207,0,0,0,207
05/13/2019,ORF,VA,AEA,EN,Combined TRACON& Tower with Radar,100,68,45,0,213,0,0,2,0,2,100,68,47,0,215,0,0,0,215
05/14/2019,ORF,VA,AEA,EN,Combined TRACON& Tower with Radar,110,63,38,0,211,0,0,10,0,10,110,63,48,0,221,0,0,0,221
05/15/2019,ORF,VA,AEA,EN,Combined TRACON& Tower with Radar,107,59,39,0,205,0,2,41,3,46,107,61,80,3,251,0,0,0,251
05/16/2019,ORF,VA,AEA,EN,Combined TRACON& Tower with Radar,113,68,44,0,225,0,1,33,0,34,113,69,77,0,259,2,0,2,261
05/17/2019,ORF,VA,AEA,EN,Combined TRACON& Tower with Radar,112,68,44,0,224,0,1,23,0,24,112,69,67,0,248,0,0,0,248
05/18/2019,ORF,VA,AEA,EN,Combined TRACON& Tower with Radar,94,44,19,0,157,0,0,23,0,23,94,44,42,0,180,0,0,0,180
05/19/2019,ORF,VA,AEA,EN,Combined TRACON& Tower with Radar,110,59,44,0,213,0,0,19,0,19,110,59,63,0,232,0,0,0,232
05/20/2019,ORF,VA,AEA,EN,Combined TRACON& Tower with Radar,101,69,39,0,209,0,0,13,0,13,101,69,52,0,222,0,0,0,222
05/21/2019,ORF,VA,AEA,EN,Combined TRACON& Tower with Radar,102,64,30,1,197,0,0,19,0,19,102,64,49,1,216,0,0,0,216
05/22/2019,ORF,VA,AEA,EN,Combined TRACON& Tower with Radar,107,64,45,3,219,0,1,20,2,23,107,65,65,5,242,0,0,0,242
05/23/2019,ORF,VA,AEA,EN,Combined TRACON& Tower with Radar,131,64,37,2,234,0,0,18,6,24,131,64,55,8,258,0,0,0,258
05/24/2019,ORF,VA,AEA,EN,Combined TRACON& Tower with Radar,114,71,49,0,234,0,0,28,0,28,114,71,77,0,262,0,0,0,262
05/25/2019,ORF,VA,AEA,EN,Combined TRACON& Tower with Radar,90,50,19,0,159,0,0,35,0,35,90,50,54,0,194,0,0,0,194
05/26/2019,ORF,VA,AEA,EN,Combined TRACON& Tower with Radar,96,46,20,0,162,0,1,12,0,13,96,47,32,0,175,0,0,0,175
05/27/2019,ORF,VA,AEA,EN,Combined TRACON& Tower with Radar,93,52,28,0,173,0,0,28,1,29,93,52,56,1,202,0,0,0,202
05/28/2019,ORF,VA,AEA,EN,Combined TRACON& Tower with Radar,108,53,51,0,212,0,0,14,0,14,108,53,65,0,226,0,0,0,226
05/29/2019,ORF,VA,AEA,EN,Combined TRACON& Tower with Radar,103,51,37,0,191,0,0,13,0,13,103,51,50,0,204,0,0,0,204
05/30/2019,ORF,VA,AEA,EN,Combined TRACON& Tower with Radar,130,68,41,2,241,0,0,25,0,25,130,68,66,2,266,0,0,0,266
05/31/2019,ORF,VA,AEA,EN,Combined TRACON& Tower with Radar,106,70,23,3,202,0,0,14,0,14,106,70,37,3,216,0,0,0,216
06/01/2019,ORF,VA,AEA,EN,Combined TRACON& Tower with Radar,93,51,19,0,163,0,0,10,0,10,93,51,29,0,173,0,0,0,173
06/02/2019,ORF,VA,AEA,EN,Combined TRACON& Tower with Radar,108,67,25,0,200,0,0,21,0,21,108,67,46,0,221,0,0,0,221
06/03/2019,ORF,VA,AEA,EN,Combined TRACON& Tower with Radar,114,66,41,0,221,0,0,28,0,28,114,66,69,0,249,0,0,0,249
06/04/2019,ORF,VA,AEA,EN,Combined TRACON& Tower with Radar,106,65,33,0,204,0,0,31,0,31,106,65,64,0,235,0,0,0,235
06/05/2019,ORF,VA,AEA,EN,Combined TRACON& Tower with Radar,113,62,33,0,208,0,0,16,1,17,113,62,49,1,225,6,0,6,231
06/06/2019,ORF,VA,AEA,EN,Combined TRACON& Tower with Radar,115,79,44,0,238,0,0,11,0,11,115,79,55,0,249,0,0,0,249
06/07/2019,ORF,VA,AEA,EN,Combined TRACON& Tower with Radar,107,82,42,2,233,0,0,6,0,6,107,82,48,2,239,0,0,0,239
06/08/2019,ORF,VA,AEA,EN,Combined TRACON& Tower with Radar,95,61,38,18,212,0,0,0,0,0,95,61,38,18,212,0,0,0,212
06/09/2019,ORF,VA,AEA,EN,Combined TRACON& Tower with Radar,114,59,52,0,225,0,0,5,0,5,114,59,57,0,230,0,0,0,230
06/10/2019,ORF,VA,AEA,EN,Combined TRACON& Tower with Radar,101,61,31,4,197,0,0,11,0,11,101,61,42,4,208,0,0,0,208
06/11/2019,ORF,VA,AEA,EN,Combined TRACON& Tower with Radar,115,75,45,2,237,0,0,15,0,15,115,75,60,2,252,0,0,0,252
06/12/2019,ORF,VA,AEA,EN,Combined TRACON& Tower with Radar,113,72,34,6,225,0,4,16,0,20,113,76,50,6,245,2,0,2,247
06/13/2019,ORF,VA,AEA,EN,Combined TRACON& Tower with Radar,112,84,45,2,243,0,0,6,0,6,112,84,51,2,249,0,0,0,249
06/14/2019,ORF,VA,AEA,EN,Combined TRACON& Tower with Radar,119,70,35,0,224,0,0,31,0,31,119,70,66,0,255,0,0,0,255
06/15/2019,ORF,VA,AEA,EN,Combined TRACON& Tower with Radar,103,60,28,2,193,0,2,15,0,17,103,62,43,2,210,0,0,0,210
06/16/2019,ORF,VA,AEA,EN,Combined TRACON& Tower with Radar,113,63,24,0,200,0,0,19,0,19,113,63,43,0,219,0,0,0,219
06/17/2019,ORF,VA,AEA,EN,Combined TRACON& Tower with Radar,110,70,30,3,213,0,0,14,0,14,110,70,44,3,227,0,0,0,227
06/18/2019,ORF,VA,AEA,EN,Combined TRACON& Tower with Radar,112,67,33,0,212,0,0,12,0,12,112,67,45,0,224,0,0,0,224
06/19/2019,ORF,VA,AEA,EN,Combined TRACON& Tower with Radar,112,71,33,0,216,0,0,8,0,8,112,71,41,0,224,0,0,0,224
06/20/2019,ORF,VA,AEA,EN,Combined TRACON& Tower with Radar,109,63,49,7,228,0,0,18,0,18,109,63,67,7,246,0,0,0,246
06/21/2019,ORF,VA,AEA,EN,Combined TRACON& Tower with Radar,113,81,32,0,226,0,2,6,0,8,113,83,38,0,234,1,4,5,239
06/22/2019,ORF,VA,AEA,EN,Combined TRACON& Tower with Radar,108,46,29,0,183,0,0,26,0,26,108,46,55,0,209,0,0,0,209
06/23/2019,ORF,VA,AEA,EN,Combined TRACON& Tower with Radar,117,68,22,0,207,0,0,22,0,22,117,68,44,0,229,0,0,0,229
06/24/2019,ORF,VA,AEA,EN,Combined TRACON& Tower with Radar,103,78,47,0,228,0,0,27,0,27,103,78,74,0,255,0,0,0,255
06/25/2019,ORF,VA,AEA,EN,Combined TRACON& Tower with Radar,111,71,52,0,234,0,0,20,0,20,111,71,72,0,254,0,0,0,254
06/26/2019,ORF,VA,AEA,EN,Combined TRACON& Tower with Radar,111,76,31,0,218,0,0,50,0,50,111,76,81,0,268,0,0,0,268
06/27/2019,ORF,VA,AEA,EN,Combined TRACON& Tower with Radar,118,78,39,0,235,0,1,17,0,18,118,79,56,0,253,0,0,0,253
06/28/2019,ORF,VA,AEA,EN,Combined TRACON& Tower with Radar,107,82,42,1,232,0,0,24,0,24,107,82,66,1,256,0,0,0,256
06/29/2019,ORF,VA,AEA,EN,Combined TRACON& Tower with Radar,113,47,16,1,177,0,0,21,1,22,113,47,37,2,199,1,0,1,200
06/30/2019,ORF,VA,AEA,EN,Combined TRACON& Tower with Radar,119,58,19,2,198,0,1,17,0,18,119,59,36,2,216,0,0,0,216
07/01/2019,ORF,VA,AEA,EN,Combined TRACON& Tower with Radar,113,65,29,1,208,0,3,18,0,21,113,68,47,1,229,0,0,0,229
07/02/2019,ORF,VA,AEA,EN,Combined TRACON& Tower with Radar,105,57,23,0,185,0,0,27,0,27,105,57,50,0,212,0,0,0,212
07/03/2019,ORF,VA,AEA,EN,Combined TRACON& Tower with Radar,114,49,41,0,204,0,0,18,0,18,114,49,59,0,222,0,0,0,222
07/04/2019,ORF,VA,AEA,EN,Combined TRACON& Tower with Radar,87,48,8,0,143,0,0,7,0,7,87,48,15,0,150,0,0,0,150
07/05/2019,ORF,VA,AEA,EN,Combined TRACON& Tower with Radar,102,47,15,0,164,0,0,7,0,7,102,47,22,0,171,0,0,0,171
07/06/2019,ORF,VA,AEA,EN,Combined TRACON& Tower with Radar,98,44,23,0,165,0,0,10,0,10,98,44,33,0,175,0,0,0,175
07/07/2019,ORF,VA,AEA,EN,Combined TRACON& Tower with Radar,124,63,28,0,215,0,0,13,0,13,124,63,41,0,228,0,0,0,228
07/08/2019,ORF,VA,AEA,EN,Combined TRACON& Tower with Radar,124,71,19,2,216,0,1,7,2,10,124,72,26,4,226,0,0,0,226
07/09/2019,ORF,VA,AEA,EN,Combined TRACON& Tower with Radar,115,76,32,0,223,0,0,30,0,30,115,76,62,0,253,0,0,0,253
07/10/2019,ORF,VA,AEA,EN,Combined TRACON& Tower with Radar,109,74,50,0,233,0,0,31,0,31,109,74,81,0,264,0,0,0,264
07/11/2019,ORF,VA,AEA,EN,Combined TRACON& Tower with Radar,116,57,47,2,222,0,0,15,1,16,116,57,62,3,238,0,0,0,238
07/12/2019,ORF,VA,AEA,EN,Combined TRACON& Tower with Radar,117,69,34,0,220,0,0,10,0,10,117,69,44,0,230,0,0,0,230
07/13/2019,ORF,VA,AEA,EN,Combined TRACON& Tower with Radar,106,53,28,0,187,0,0,18,0,18,106,53,46,0,205,0,0,0,205
07/14/2019,ORF,VA,AEA,EN,Combined TRACON& Tower with Radar,121,60,33,0,214,0,0,25,0,25,121,60,58,0,239,0,0,0,239
07/15/2019,ORF,VA,AEA,EN,Combined TRACON& Tower with Radar,110,78,33,5,226,0,0,14,0,14,110,78,47,5,240,0,0,0,240
07/16/2019,ORF,VA,AEA,EN,Combined TRACON& Tower with Radar,118,63,22,0,203,0,0,14,0,14,118,63,36,0,217,0,0,0,217
07/17/2019,ORF,VA,AEA,EN,Combined TRACON& Tower with Radar,124,58,44,4,230,0,0,20,24,44,124,58,64,28,274,0,0,0,274
07/18/2019,ORF,VA,AEA,EN,Combined TRACON& Tower with Radar,111,69,38,0,218,0,0,21,10,31,111,69,59,10,249,0,0,0,249
07/19/2019,ORF,VA,AEA,EN,Combined TRACON& Tower with Radar,106,74,35,0,215,0,0,8,0,8,106,74,43,0,223,0,0,0,223
07/20/2019,ORF,VA,AEA,EN,Combined TRACON& Tower with Radar,103,51,21,1,176,0,0,17,0,17,103,51,38,1,193,0,0,0,193
07/21/2019,ORF,VA,AEA,EN,Combined TRACON& Tower with Radar,124,63,28,1,216,0,1,8,1,10,124,64,36,2,226,0,0,0,226
07/22/2019,ORF,VA,AEA,EN,Combined TRACON& Tower with Radar,117,57,39,0,213,0,0,8,0,8,117,57,47,0,221,0,0,0,221
07/23/2019,ORF,VA,AEA,EN,Combined TRACON& Tower with Radar,111,62,17,0,190,0,0,3,0,3,111,62,20,0,193,0,0,0,193
07/24/2019,ORF,VA,AEA,EN,Combined TRACON& Tower with Radar,113,70,41,0,224,0,0,10,0,10,113,70,51,0,234,0,0,0,234
07/25/2019,ORF,VA,AEA,EN,Combined TRACON& Tower with Radar,117,72,39,1,229,0,0,27,0,27,117,72,66,1,256,6,0,6,262
07/26/2019,ORF,VA,AEA,EN,Combined TRACON& Tower with Radar,114,72,36,0,222,0,0,31,0,31,114,72,67,0,253,0,0,0,253
07/27/2019,ORF,VA,AEA,EN,Combined TRACON& Tower with Radar,103,52,27,0,182,0,0,19,0,19,103,52,46,0,201,0,0,0,201
07/28/2019,ORF,VA,AEA,EN,Combined TRACON& Tower with Radar,124,66,20,0,210,0,0,28,0,28,124,66,48,0,238,0,0,0,238
07/29/2019,ORF,VA,AEA,EN,Combined TRACON& Tower with Radar,115,71,33,0,219,0,0,16,0,16,115,71,49,0,235,0,0,0,235
07/30/2019,ORF,VA,AEA,EN,Combined TRACON& Tower with Radar,113,65,37,0,215,0,0,9,1,10,113,65,46,1,225,0,0,0,225
07/31/2019,ORF,VA,AEA,EN,Combined TRACON& Tower with Radar,113,65,28,0,206,0,0,12,2,14,113,65,40,2,220,0,0,0,220
08/01/2019,ORF,VA,AEA,EN,Combined TRACON& Tower with Radar,109,67,43,0,219,0,0,17,0,17,109,67,60,0,236,0,0,0,236
08/02/2019,ORF,VA,AEA,EN,Combined TRACON& Tower with Radar,115,68,27,0,210,0,0,5,0,5,115,68,32,0,215,0,0,0,215
08/03/2019,ORF,VA,AEA,EN,Combined TRACON& Tower with Radar,106,70,19,0,195,0,0,13,2,15,106,70,32,2,210,6,0,6,216
08/04/2019,ORF,VA,AEA,EN,Combined TRACON& Tower with Radar,119,66,18,0,203,0,0,26,0,26,119,66,44,0,229,0,0,0,229
08/05/2019,ORF,VA,AEA,EN,Combined TRACON& Tower with Radar,114,66,25,0,205,0,0,10,3,13,114,66,35,3,218,2,0,2,220
08/06/2019,ORF,VA,AEA,EN,Combined TRACON& Tower with Radar,118,68,40,2,228,0,1,29,0,30,118,69,69,2,258,4,0,4,262
08/07/2019,ORF,VA,AEA,EN,Combined TRACON& Tower with Radar,106,57,28,0,191,0,0,15,3,18,106,57,43,3,209,0,0,0,209
08/08/2019,ORF,VA,AEA,EN,Combined TRACON& Tower with Radar,117,61,28,0,206,0,1,23,0,24,117,62,51,0,230,0,0,0,230
08/09/2019,ORF,VA,AEA,EN,Combined TRACON& Tower with Radar,113,69,36,0,218,0,0,16,6,22,113,69,52,6,240,1,0,1,241
08/10/2019,ORF,VA,AEA,EN,Combined TRACON& Tower with Radar,103,57,20,0,180,0,0,18,0,18,103,57,38,0,198,0,0,0,198
08/11/2019,ORF,VA,AEA,EN,Combined TRACON& Tower with Radar,116,55,42,0,213,0,0,35,0,35,116,55,77,0,248,2,0,2,250
08/12/2019,ORF,VA,AEA,EN,Combined TRACON& Tower with Radar,116,69,38,1,224,0,0,16,0,16,116,69,54,1,240,4,0,4,244
08/13/2019,ORF,VA,AEA,EN,Combined TRACON& Tower with Radar,103,70,34,0,207,0,0,9,0,9,103,70,43,0,216,0,0,0,216
08/14/2019,ORF,VA,AEA,EN,Combined TRACON& Tower with Radar,111,73,40,0,224,0,0,17,0,17,111,73,57,0,241,8,0,8,249
08/15/2019,ORF,VA,AEA,EN,Combined TRACON& Tower with Radar,118,72,36,0,226,0,0,8,0,8,118,72,44,0,234,0,0,0,234
08/16/2019,ORF,VA,AEA,EN,Combined TRACON& Tower with Radar,113,68,37,2,220,0,0,10,0,10,113,68,47,2,230,0,0,0,230
08/17/2019,ORF,VA,AEA,EN,Combined TRACON& Tower with Radar,106,39,16,0,161,0,0,8,0,8,106,39,24,0,169,0,0,0,169
08/18/2019,ORF,VA,AEA,EN,Combined TRACON& Tower with Radar,109,62,27,0,198,0,0,17,1,18,109,62,44,1,216,0,0,0,216
08/19/2019,ORF,VA,AEA,EN,Combined TRACON& Tower with Radar,106,59,27,7,199,0,0,13,0,13,106,59,40,7,212,0,0,0,212
08/20/2019,ORF,VA,AEA,EN,Combined TRACON& Tower with Radar,109,61,35,2,207,0,0,18,1,19,109,61,53,3,226,0,0,0,226
08/21/2019,ORF,VA,AEA,EN,Combined TRACON& Tower with Radar,123,59,42,4,228,0,0,19,6,25,123,59,61,10,253,0,0,0,253
08/22/2019,ORF,VA,AEA,EN,Combined TRACON& Tower with Radar,117,65,39,0,221,0,0,12,0,12,117,65,51,0,233,0,0,0,233
08/23/2019,ORF,VA,AEA,EN,Combined TRACON& Tower with Radar,119,73,17,2,211,0,0,9,0,9,119,73,26,2,220,0,0,0,220
08/24/2019,ORF,VA,AEA,EN,Combined TRACON& Tower with Radar,101,50,17,0,168,0,0,3,0,3,101,50,20,0,171,0,0,0,171
08/25/2019,ORF,VA,AEA,EN,Combined TRACON& Tower with Radar,112,58,38,0,208,0,0,10,0,10,112,58,48,0,218,0,0,0,218
08/26/2019,ORF,VA,AEA,EN,Combined TRACON& Tower with Radar,110,63,28,2,203,0,0,7,1,8,110,63,35,3,211,0,0,0,211
08/27/2019,ORF,VA,AEA,EN,Combined TRACON& Tower with Radar,106,69,39,1,215,0,2,8,1,11,106,71,47,2,226,0,0,0,226
08/28/2019,ORF,VA,AEA,EN,Combined TRACON& Tower with Radar,115,64,49,0,228,0,0,5,0,5,115,64,54,0,233,0,0,0,233
08/29/2019,ORF,VA,AEA,EN,Combined TRACON& Tower with Radar,113,67,34,0,214,0,0,33,0,33,113,67,67,0,247,0,0,0,247
08/30/2019,ORF,VA,AEA,EN,Combined TRACON& Tower with Radar,113,73,36,0,222,0,1,24,0,25,113,74,60,0,247,0,0,0,247
08/31/2019,ORF,VA,AEA,EN,Combined TRACON& Tower with Radar,88,47,31,0,166,0,2,16,0,18,88,49,47,0,184,0,0,0,184
09/01/2019,ORF,VA,AEA,EN,Combined TRACON& Tower with Radar,89,40,18,0,147,0,0,19,0,19,89,40,37,0,166,0,0,0,166
09/02/2019,ORF,VA,AEA,EN,Combined TRACON& Tower with Radar,105,50,12,1,168,0,1,19,0,20,105,51,31,1,188,0,0,0,188
09/03/2019,ORF,VA,AEA,EN,Combined TRACON& Tower with Radar,100,69,26,0,195,0,0,22,0,22,100,69,48,0,217,0,0,0,217
09/04/2019,ORF,VA,AEA,EN,Combined TRACON& Tower with Radar,104,65,34,1,204,0,0,15,0,15,104,65,49,1,219,0,0,0,219
09/05/2019,ORF,VA,AEA,EN,Combined TRACON& Tower with Radar,96,54,25,0,175,0,0,2,0,2,96,54,27,0,177,0,0,0,177
09/06/2019,ORF,VA,AEA,EN,Combined TRACON& Tower with Radar,22,4,4,0,30,0,0,1,0,1,22,4,5,0,31,0,0,0,31
09/07/2019,ORF,VA,AEA,EN,Combined TRACON& Tower with Radar,80,44,33,0,157,0,1,15,0,16,80,45,48,0,173,0,0,0,173
09/08/2019,ORF,VA,AEA,EN,Combined TRACON& Tower with Radar,96,66,41,0,203,0,0,13,0,13,96,66,54,0,216,0,0,0,216
09/09/2019,ORF,VA,AEA,EN,Combined TRACON& Tower with Radar,101,70,44,0,215,0,0,5,0,5,101,70,49,0,220,0,0,0,220
09/10/2019,ORF,VA,AEA,EN,Combined TRACON& Tower with Radar,102,68,40,0,210,0,0,27,0,27,102,68,67,0,237,0,0,0,237
09/11/2019,ORF,VA,AEA,EN,Combined TRACON& Tower with Radar,113,76,41,0,230,0,1,21,2,24,113,77,62,2,254,20,0,20,274
09/12/2019,ORF,VA,AEA,EN,Combined TRACON& Tower with Radar,103,62,36,0,201,0,0,10,14,24,103,62,46,14,225,0,0,0,225
09/13/2019,ORF,VA,AEA,EN,Combined TRACON& Tower with Radar,108,71,24,0,203,0,0,0,1,1,108,71,24,1,204,0,0,0,204
09/14/2019,ORF,VA,AEA,EN,Combined TRACON& Tower with Radar,87,61,22,0,170,0,0,9,0,9,87,61,31,0,179,0,0,0,179
09/15/2019,ORF,VA,AEA,EN,Combined TRACON& Tower with Radar,97,79,20,0,196,0,0,9,0,9,97,79,29,0,205,0,0,0,205
09/16/2019,ORF,VA,AEA,EN,Combined TRACON& Tower with Radar,108,58,34,0,200,0,0,18,1,19,108,58,52,1,219,2,0,2,221
09/17/2019,ORF,VA,AEA,EN,Combined TRACON& Tower with Radar,104,68,40,1,213,0,0,3,0,3,104,68,43,1,216,0,0,0,216
09/18/2019,ORF,VA,AEA,EN,Combined TRACON& Tower with Radar,108,68,47,0,223,0,0,6,0,6,108,68,53,0,229,0,0,0,229
09/19/2019,ORF,VA,AEA,EN,Combined TRACON& Tower with Radar,98,71,44,0,213,0,0,10,0,10,98,71,54,0,223,0,0,0,223
09/20/2019,ORF,VA,AEA,EN,Combined TRACON& Tower with Radar,107,75,42,0,224,0,0,26,2,28,107,75,68,2,252,0,0,0,252
09/21/2019,ORF,VA,AEA,EN,Combined TRACON& Tower with Radar,87,58,24,1,170,0,0,25,1,26,87,58,49,2,196,0,0,0,196
09/22/2019,ORF,VA,AEA,EN,Combined TRACON& Tower with Radar,98,73,39,0,210,0,0,21,0,21,98,73,60,0,231,0,0,0,231
09/23/2019,ORF,VA,AEA,EN,Combined TRACON& Tower with Radar,103,66,34,0,203,0,0,16,1,17,103,66,50,1,220,0,0,0,220
09/24/2019,ORF,VA,AEA,EN,Combined TRACON& Tower with Radar,101,74,29,0,204,0,0,15,2,17,101,74,44,2,221,0,0,0,221
09/25/2019,ORF,VA,AEA,EN,Combined TRACON& Tower with Radar,107,65,32,0,204,0,0,13,4,17,107,65,45,4,221,0,0,0,221
09/26/2019,ORF,VA,AEA,EN,Combined TRACON& Tower with Radar,102,66,28,2,198,0,0,4,4,8,102,66,32,6,206,6,0,6,212
09/27/2019,ORF,VA,AEA,EN,Combined TRACON& Tower with Radar,101,75,44,0,220,0,2,15,2,19,101,77,59,2,239,0,0,0,239
09/28/2019,ORF,VA,AEA,EN,Combined TRACON& Tower with Radar,88,56,19,0,163,0,0,8,0,8,88,56,27,0,171,0,0,0,171
09/29/2019,ORF,VA,AEA,EN,Combined TRACON& Tower with Radar,95,74,28,0,197,0,0,15,0,15,95,74,43,0,212,0,0,0,212
09/30/2019,ORF,VA,AEA,EN,Combined TRACON& Tower with Radar,100,68,23,2,193,0,0,12,0,12,100,68,35,2,205,0,0,0,205
10/01/2019,ORF,VA,AEA,EN,Combined TRACON& Tower with Radar,106,66,40,0,212,0,0,9,0,9,106,66,49,0,221,0,0,0,221
10/02/2019,ORF,VA,AEA,EN,Combined TRACON& Tower with Radar,107,64,42,0,213,0,0,14,0,14,107,64,56,0,227,0,0,0,227
10/03/2019,ORF,VA,AEA,EN,Combined TRACON& Tower with Radar,109,65,44,0,218,0,0,13,0,13,109,65,57,0,231,2,0,2,233
10/04/2019,ORF,VA,AEA,EN,Combined TRACON& Tower with Radar,111,68,36,0,215,0,0,12,0,12,111,68,48,0,227,0,0,0,227
10/05/2019,ORF,VA,AEA,EN,Combined TRACON& Tower with Radar,89,58,21,0,168,0,0,9,1,10,89,58,30,1,178,2,0,2,180
10/06/2019,ORF,VA,AEA,EN,Combined TRACON& Tower with Radar,99,69,35,0,203,0,0,20,0,20,99,69,55,0,223,0,0,0,223
10/07/2019,ORF,VA,AEA,EN,Combined TRACON& Tower with Radar,102,60,39,0,201,0,0,9,2,11,102,60,48,2,212,0,0,0,212
10/08/2019,ORF,VA,AEA,EN,Combined TRACON& Tower with Radar,103,64,28,1,196,0,0,0,0,0,103,64,28,1,196,0,0,0,196
10/09/2019,ORF,VA,AEA,EN,Combined TRACON& Tower with Radar,104,65,32,0,201,0,0,15,0,15,104,65,47,0,216,0,0,0,216
10/10/2019,ORF,VA,AEA,EN,Combined TRACON& Tower with Radar,105,69,42,1,217,0,0,3,0,3,105,69,45,1,220,0,0,0,220
10/11/2019,ORF,VA,AEA,EN,Combined TRACON& Tower with Radar,108,74,48,0,230,0,0,13,0,13,108,74,61,0,243,0,0,0,243
10/12/2019,ORF,VA,AEA,EN,Combined TRACON& Tower with Radar,91,50,25,0,166,0,0,26,0,26,91,50,51,0,192,0,0,0,192
10/13/2019,ORF,VA,AEA,EN,Combined TRACON& Tower with Radar,99,71,23,0,193,0,0,11,0,11,99,71,34,0,204,5,0,5,209
10/14/2019,ORF,VA,AEA,EN,Combined TRACON& Tower with Radar,100,62,27,0,189,0,1,4,0,5,100,63,31,0,194,0,0,0,194
10/15/2019,ORF,VA,AEA,EN,Combined TRACON& Tower with Radar,101,74,39,4,218,0,1,25,6,32,101,75,64,10,250,0,10,10,260
10/16/2019,ORF,VA,AEA,EN,Combined TRACON& Tower with Radar,101,65,40,0,206,0,0,1,0,1,101,65,41,0,207,0,0,0,207
10/17/2019,ORF,VA,AEA,EN,Combined TRACON& Tower with Radar,104,59,67,1,231,0,0,7,2,9,104,59,74,3,240,0,0,0,240
10/18/2019,ORF,VA,AEA,EN,Combined TRACON& Tower with Radar,109,68,55,0,232,0,0,16,0,16,109,68,71,0,248,0,0,0,248
10/19/2019,ORF,VA,AEA,EN,Combined TRACON& Tower with Radar,90,59,20,0,169,0,2,18,2,22,90,61,38,2,191,0,0,0,191
10/20/2019,ORF,VA,AEA,EN,Combined TRACON& Tower with Radar,100,66,23,0,189,0,0,0,0,0,100,66,23,0,189,0,0,0,189
10/21/2019,ORF,VA,AEA,EN,Combined TRACON& Tower with Radar,99,70,31,5,205,0,0,0,0,0,99,70,31,5,205,0,0,0,205
10/22/2019,ORF,VA,AEA,EN,Combined TRACON& Tower with Radar,112,73,34,6,225,0,0,5,1,6,112,73,39,7,231,0,0,0,231
10/23/2019,ORF,VA,AEA,EN,Combined TRACON& Tower with Radar,105,76,43,8,232,0,0,19,0,19,105,76,62,8,251,0,0,0,251
10/24/2019,ORF,VA,AEA,EN,Combined TRACON& Tower with Radar,105,67,28,0,200,0,0,22,0,22,105,67,50,0,222,0,0,0,222
10/25/2019,ORF,VA,AEA,EN,Combined TRACON& Tower with Radar,101,76,34,2,213,0,0,14,0,14,101,76,48,2,227,0,0,0,227
10/26/2019,ORF,VA,AEA,EN,Combined TRACON& Tower with Radar,91,56,22,0,169,0,2,16,0,18,91,58,38,0,187,0,0,0,187
10/27/2019,ORF,VA,AEA,EN,Combined TRACON& Tower with Radar,93,68,27,0,188,0,0,1,0,1,93,68,28,0,189,0,0,0,189
10/28/2019,ORF,VA,AEA,EN,Combined TRACON& Tower with Radar,95,65,26,1,187,0,0,19,0,19,95,65,45,1,206,8,38,46,252
10/29/2019,ORF,VA,AEA,EN,Combined TRACON& Tower with Radar,86,68,41,0,195,0,0,12,0,12,86,68,53,0,207,6,6,12,219
10/30/2019,ORF,VA,AEA,EN,Combined TRACON& Tower with Radar,89,68,33,0,190,0,0,7,0,7,89,68,40,0,197,0,0,0,197
10/31/2019,ORF,VA,AEA,EN,Combined TRACON& Tower with Radar,86,66,29,6,187,0,0,1,4,5,86,66,30,10,192,0,0,0,192
11/01/2019,ORF,VA,AEA,EN,Combined TRACON& Tower with Radar,99,67,52,0,218,0,0,9,0,9,99,67,61,0,227,0,0,0,227
11/02/2019,ORF,VA,AEA,EN,Combined TRACON& Tower with Radar,88,52,44,1,185,0,0,23,0,23,88,52,67,1,208,0,0,0,208
11/03/2019,ORF,VA,AEA,EN,Combined TRACON& Tower with Radar,90,72,59,0,221,0,0,25,0,25,90,72,84,0,246,0,0,0,246
11/04/2019,ORF,VA,AEA,EN,Combined TRACON& Tower with Radar,101,68,29,2,200,0,0,6,0,6,101,68,35,2,206,0,0,0,206
11/05/2019,ORF,VA,AEA,EN,Combined TRACON& Tower with Radar,104,66,35,1,206,0,0,12,0,12,104,66,47,1,218,22,0,22,240
11/06/2019,ORF,VA,AEA,EN,Combined TRACON& Tower with Radar,106,70,39,1,216,0,0,8,0,8,106,70,47,1,224,0,0,0,224
11/07/2019,ORF,VA,AEA,EN,Combined TRACON& Tower with Radar,108,69,37,0,214,0,0,11,0,11,108,69,48,0,225,0,0,0,225
11/08/2019,ORF,VA,AEA,EN,Combined TRACON& Tower with Radar,112,64,34,0,210,0,0,5,0,5,112,64,39,0,215,0,0,0,215
11/09/2019,ORF,VA,AEA,EN,Combined TRACON& Tower with Radar,89,53,22,0,164,0,0,22,0,22,89,53,44,0,186,0,0,0,186
11/10/2019,ORF,VA,AEA,EN,Combined TRACON& Tower with Radar,94,70,21,0,185,0,0,14,0,14,94,70,35,0,199,0,0,0,199
11/11/2019,ORF,VA,AEA,EN,Combined TRACON& Tower with Radar,102,61,34,0,197,0,0,18,0,18,102,61,52,0,215,0,0,0,215
11/12/2019,ORF,VA,AEA,EN,Combined TRACON& Tower with Radar,107,68,20,1,196,0,0,0,0,0,107,68,20,1,196,0,0,0,196
11/13/2019,ORF,VA,AEA,EN,Combined TRACON& Tower with Radar,108,68,31,0,207,0,0,9,0,9,108,68,40,0,216,0,0,0,216
11/14/2019,ORF,VA,AEA,EN,Combined TRACON& Tower with Radar,115,66,33,1,215,0,0,21,0,21,115,66,54,1,236,0,0,0,236
11/15/2019,ORF,VA,AEA,EN,Combined TRACON& Tower with Radar,113,66,31,0,210,0,0,0,0,0,113,66,31,0,210,0,0,0,210
11/16/2019,ORF,VA,AEA,EN,Combined TRACON& Tower with Radar,89,43,17,0,149,0,0,0,0,0,89,43,17,0,149,0,0,0,149
11/17/2019,ORF,VA,AEA,EN,Combined TRACON& Tower with Radar,93,74,19,2,188,0,0,0,0,0,93,74,19,2,188,0,0,0,188
11/18/2019,ORF,VA,AEA,EN,Combined TRACON& Tower with Radar,108,67,21,2,198,0,0,0,0,0,108,67,21,2,198,0,0,0,198
11/19/2019,ORF,VA,AEA,EN,Combined TRACON& Tower with Radar,106,65,34,0,205,0,0,1,0,1,106,65,35,0,206,0,0,0,206
11/20/2019,ORF,VA,AEA,EN,Combined TRACON& Tower with Radar,103,68,32,0,203,0,0,10,0,10,103,68,42,0,213,0,0,0,213
11/21/2019,ORF,VA,AEA,EN,Combined TRACON& Tower with Radar,107,71,38,0,216,0,0,26,0,26,107,71,64,0,242,0,0,0,242
11/22/2019,ORF,VA,AEA,EN,Combined TRACON& Tower with Radar,112,71,38,0,221,0,0,9,0,9,112,71,47,0,230,0,0,0,230
11/23/2019,ORF,VA,AEA,EN,Combined TRACON& Tower with Radar,95,42,29,0,166,0,1,14,0,15,95,43,43,0,181,0,0,0,181
11/24/2019,ORF,VA,AEA,EN,Combined TRACON& Tower with Radar,94,63,29,0,186,0,0,4,0,4,94,63,33,0,190,0,0,0,190
11/25/2019,ORF,VA,AEA,EN,Combined TRACON& Tower with Radar,94,57,34,0,185,0,2,10,0,12,94,59,44,0,197,0,0,0,197
11/26/2019,ORF,VA,AEA,EN,Combined TRACON& Tower with Radar,103,67,26,0,196,0,0,20,0,20,103,67,46,0,216,0,0,0,216
11/27/2019,ORF,VA,AEA,EN,Combined TRACON& Tower with Radar,102,67,31,2,202,0,0,14,0,14,102,67,45,2,216,0,0,0,216
11/28/2019,ORF,VA,AEA,EN,Combined TRACON& Tower with Radar,60,29,9,2,100,0,0,5,0,5,60,29,14,2,105,0,0,0,105
11/29/2019,ORF,VA,AEA,EN,Combined TRACON& Tower with Radar,79,22,27,0,128,0,0,6,0,6,79,22,33,0,134,0,0,0,134
11/30/2019,ORF,VA,AEA,EN,Combined TRACON& Tower with Radar,100,60,31,0,191,0,1,12,0,13,100,61,43,0,204,0,0,0,204
12/01/2019,ORF,VA,AEA,EN,Combined TRACON& Tower with Radar,105,57,25,0,187,0,0,0,0,0,105,57,25,0,187,0,0,0,187
12/02/2019,ORF,VA,AEA,EN,Combined TRACON& Tower with Radar,113,56,28,0,197,0,0,1,0,1,113,56,29,0,198,0,0,0,198
12/03/2019,ORF,VA,AEA,EN,Combined TRACON& Tower with Radar,107,69,42,0,218,0,1,7,0,8,107,70,49,0,226,0,0,0,226
12/04/2019,ORF,VA,AEA,EN,Combined TRACON& Tower with Radar,100,62,40,0,202,0,0,12,1,13,100,62,52,1,215,0,0,0,215
12/05/2019,ORF,VA,AEA,EN,Combined TRACON& Tower with Radar,108,73,29,0,210,0,0,9,0,9,108,73,38,0,219,0,0,0,219
12/06/2019,ORF,VA,AEA,EN,Combined TRACON& Tower with Radar,103,78,31,0,212,0,0,15,0,15,103,78,46,0,227,0,0,0,227
12/07/2019,ORF,VA,AEA,EN,Combined TRACON& Tower with Radar,84,50,22,2,158,0,1,17,0,18,84,51,39,2,176,0,0,0,176
12/08/2019,ORF,VA,AEA,EN,Combined TRACON& Tower with Radar,91,68,32,0,191,0,0,11,0,11,91,68,43,0,202,0,0,0,202
12/09/2019,ORF,VA,AEA,EN,Combined TRACON& Tower with Radar,105,75,25,0,205,0,0,1,0,1,105,75,26,0,206,0,0,0,206
12/10/2019,ORF,VA,AEA,EN,Combined TRACON& Tower with Radar,108,68,23,2,201,0,0,1,0,1,108,68,24,2,202,0,0,0,202
12/11/2019,ORF,VA,AEA,EN,Combined TRACON& Tower with Radar,99,63,17,2,181,0,2,17,0,19,99,65,34,2,200,2,0,2,202
12/12/2019,ORF,VA,AEA,EN,Combined TRACON& Tower with Radar,111,70,33,2,216,0,0,17,0,17,111,70,50,2,233,0,2,2,235
12/13/2019,ORF,VA,AEA,EN,Combined TRACON& Tower with Radar,103,68,19,3,193,0,0,1,0,1,103,68,20,3,194,0,0,0,194
12/14/2019,ORF,VA,AEA,EN,Combined TRACON& Tower with Radar,88,62,17,0,167,0,0,1,0,1,88,62,18,0,168,0,0,0,168
12/15/2019,ORF,VA,AEA,EN,Combined TRACON& Tower with Radar,95,65,25,0,185,0,1,17,2,20,95,66,42,2,205,0,0,0,205
12/16/2019,ORF,VA,AEA,EN,Combined TRACON& Tower with Radar,100,70,17,0,187,0,0,5,0,5,100,70,22,0,192,0,0,0,192
12/17/2019,ORF,VA,AEA,EN,Combined TRACON& Tower with Radar,102,69,27,0,198,0,0,0,0,0,102,69,27,0,198,4,0,4,202
12/18/2019,ORF,VA,AEA,EN,Combined TRACON& Tower with Radar,106,66,42,1,215,0,0,14,0,14,106,66,56,1,229,0,0,0,229
12/19/2019,ORF,VA,AEA,EN,Combined TRACON& Tower with Radar,116,63,49,3,231,0,0,5,2,7,116,63,54,5,238,0,0,0,238
12/20/2019,ORF,VA,AEA,EN,Combined TRACON& Tower with Radar,111,76,31,1,219,0,0,16,0,16,111,76,47,1,235,0,0,0,235
12/21/2019,ORF,VA,AEA,EN,Combined TRACON& Tower with Radar,111,49,10,0,170,0,1,16,0,17,111,50,26,0,187,0,0,0,187
12/22/2019,ORF,VA,AEA,EN,Combined TRACON& Tower with Radar,104,59,25,0,188,0,0,12,0,12,104,59,37,0,200,10,0,10,210
12/23/2019,ORF,VA,AEA,EN,Combined TRACON& Tower with Radar,111,53,23,0,187,0,0,23,0,23,111,53,46,0,210,0,0,0,210
12/24/2019,ORF,VA,AEA,EN,Combined TRACON& Tower with Radar,85,34,7,0,126,0,0,7,0,7,85,34,14,0,133,0,0,0,133
12/25/2019,ORF,VA,AEA,EN,Combined TRACON& Tower with Radar,70,33,4,0,107,0,0,3,0,3,70,33,7,0,110,0,0,0,110
12/26/2019,ORF,VA,AEA,EN,Combined TRACON& Tower with Radar,113,52,26,0,191,0,0,10,0,10,113,52,36,0,201,0,0,0,201
12/27/2019,ORF,VA,AEA,EN,Combined TRACON& Tower with Radar,116,48,31,0,195,0,0,19,0,19,116,48,50,0,214,0,0,0,214
12/28/2019,ORF,VA,AEA,EN,Combined TRACON& Tower with Radar,106,48,25,0,179,0,0,14,0,14,106,48,39,0,193,0,0,0,193
12/29/2019,ORF,VA,AEA,EN,Combined TRACON& Tower with Radar,104,55,20,0,179,0,0,1,0,1,104,55,21,0,180,0,0,0,180
12/30/2019,ORF,VA,AEA,EN,Combined TRACON& Tower with Radar,121,48,19,0,188,0,0,2,0,2,121,48,21,0,190,0,0,0,190
12/31/2019,ORF,VA,AEA,EN,Combined TRACON& Tower with Radar,84,40,14,0,138,0,0,18,0,18,84,40,32,0,156,0,0,0,156
01/01/2020,ORF,VA,AEA,EN,Combined TRACON& Tower with Radar,70,48,22,0,140,0,0,13,0,13,70,48,35,0,153,0,0,0,153
01/02/2020,ORF,VA,AEA,EN,Combined TRACON& Tower with Radar,119,51,26,0,196,0,0,12,0,12,119,51,38,0,208,0,0,0,208
01/03/2020,ORF,VA,AEA,EN,Combined TRACON& Tower with Radar,112,46,17,1,176,0,0,0,0,0,112,46,17,1,176,0,0,0,176
01/04/2020,ORF,VA,AEA,EN,Combined TRACON& Tower with Radar,103,46,11,3,163,0,0,2,0,2,103,46,13,3,165,0,0,0,165
01/05/2020,ORF,VA,AEA,EN,Combined TRACON& Tower with Radar,106,53,30,0,189,0,2,9,0,11,106,55,39,0,200,0,0,0,200
01/06/2020,ORF,VA,AEA,EN,Combined TRACON& Tower with Radar,94,60,29,0,183,0,0,4,4,8,94,60,33,4,191,14,0,14,205
01/07/2020,ORF,VA,AEA,EN,Combined TRACON& Tower with Radar,92,58,32,0,182,0,0,0,0,0,92,58,32,0,182,0,0,0,182
01/08/2020,ORF,VA,AEA,EN,Combined TRACON& Tower with Radar,99,53,24,1,177,0,0,3,2,5,99,53,27,3,182,0,0,0,182
01/09/2020,ORF,VA,AEA,EN,Combined TRACON& Tower with Radar,106,58,35,0,199,0,2,18,0,20,106,60,53,0,219,0,0,0,219
01/10/2020,ORF,VA,AEA,EN,Combined TRACON& Tower with Radar,99,56,18,0,173,0,0,5,0,5,99,56,23,0,178,0,0,0,178
01/11/2020,ORF,VA,AEA,EN,Combined TRACON& Tower with Radar,74,39,12,0,125,0,0,12,0,12,74,39,24,0,137,0,0,0,137
01/12/2020,ORF,VA,AEA,EN,Combined TRACON& Tower with Radar,102,45,22,0,169,0,0,3,0,3,102,45,25,0,172,0,0,0,172
01/13/2020,ORF,VA,AEA,EN,Combined TRACON& Tower with Radar,100,56,17,0,173,0,0,0,0,0,100,56,17,0,173,0,0,0,173
01/14/2020,ORF,VA,AEA,EN,Combined TRACON& Tower with Radar,89,60,24,0,173,0,0,0,0,0,89,60,24,0,173,0,0,0,173
01/15/2020,ORF,VA,AEA,EN,Combined TRACON& Tower with Radar,88,56,26,0,170,0,0,6,0,6,88,56,32,0,176,0,0,0,176
01/16/2020,ORF,VA,AEA,EN,Combined TRACON& Tower with Radar,107,69,39,0,215,0,0,2,0,2,107,69,41,0,217,0,0,0,217
01/17/2020,ORF,VA,AEA,EN,Combined TRACON& Tower with Radar,99,53,41,0,193,0,0,5,0,5,99,53,46,0,198,0,0,0,198
01/18/2020,ORF,VA,AEA,EN,Combined TRACON& Tower with Radar,76,41,12,0,129,0,0,8,0,8,76,41,20,0,137,0,0,0,137
01/19/2020,ORF,VA,AEA,EN,Combined TRACON& Tower with Radar,85,48,29,1,163,9,0,10,0,19,94,48,39,1,182,0,0,0,182
01/20/2020,ORF,VA,AEA,EN,Combined TRACON& Tower with Radar,94,52,30,0,176,0,0,3,1,4,94,52,33,1,180,0,0,0,180
01/21/2020,ORF,VA,AEA,EN,Combined TRACON& Tower with Radar,89,56,18,0,163,0,3,7,1,11,89,59,25,1,174,0,0,0,174
01/22/2020,ORF,VA,AEA,EN,Combined TRACON& Tower with Radar,92,53,41,2,188,0,0,13,0,13,92,53,54,2,201,0,0,0,201
01/23/2020,ORF,VA,AEA,EN,Combined TRACON& Tower with Radar,105,67,52,0,224,0,0,8,0,8,105,67,60,0,232,0,0,0,232
01/24/2020,ORF,VA,AEA,EN,Combined TRACON& Tower with Radar,98,64,33,2,197,0,0,4,0,4,98,64,37,2,201,0,0,0,201
01/25/2020,ORF,VA,AEA,EN,Combined TRACON& Tower with Radar,81,47,10,0,138,0,0,4,0,4,81,47,14,0,142,0,0,0,142
01/26/2020,ORF,VA,AEA,EN,Combined TRACON& Tower with Radar,98,59,23,0,180,0,0,16,0,16,98,59,39,0,196,0,0,0,196
01/27/2020,ORF,VA,AEA,EN,Combined TRACON& Tower with Radar,95,57,21,0,173,0,0,8,0,8,95,57,29,0,181,0,0,0,181
01/28/2020,ORF,VA,AEA,EN,Combined TRACON& Tower with Radar,92,66,43,0,201,0,0,8,0,8,92,66,51,0,209,0,0,0,209
01/29/2020,ORF,VA,AEA,EN,Combined TRACON& Tower with Radar,89,54,37,2,182,0,0,20,0,20,89,54,57,2,202,0,0,0,202
01/30/2020,ORF,VA,AEA,EN,Combined TRACON& Tower with Radar,106,64,30,0,200,0,0,6,0,6,106,64,36,0,206,0,0,0,206
01/31/2020,ORF,VA,AEA,EN,Combined TRACON& Tower with Radar,95,68,20,0,183,0,0,3,0,3,95,68,23,0,186,0,0,0,186
02/01/2020,ORF,VA,AEA,EN,Combined TRACON& Tower with Radar,73,44,17,1,135,0,0,2,0,2,73,44,19,1,137,10,0,10,147
02/02/2020,ORF,VA,AEA,EN,Combined TRACON& Tower with Radar,88,44,17,0,149,0,2,18,1,21,88,46,35,1,170,0,0,0,170
02/03/2020,ORF,VA,AEA,EN,Combined TRACON& Tower with Radar,96,60,27,0,183,1,1,21,0,23,97,61,48,0,206,6,0,6,212
02/04/2020,ORF,VA,AEA,EN,Combined TRACON& Tower with Radar,94,57,28,2,181,0,0,15,0,15,94,57,43,2,196,0,0,0,196
02/05/2020,ORF,VA,AEA,EN,Combined TRACON& Tower with Radar,91,64,17,4,176,0,0,2,0,2,91,64,19,4,178,0,0,0,178
02/06/2020,ORF,VA,AEA,EN,Combined TRACON& Tower with Radar,93,68,26,0,187,0,0,0,0,0,93,68,26,0,187,0,0,0,187
02/07/2020,ORF,VA,AEA,EN,Combined TRACON& Tower with Radar,109,67,20,0,196,0,0,4,0,4,109,67,24,0,200,0,0,0,200
02/08/2020,ORF,VA,AEA,EN,Combined TRACON& Tower with Radar,84,47,20,2,153,0,0,21,0,21,84,47,41,2,174,0,0,0,174
02/09/2020,ORF,VA,AEA,EN,Combined TRACON& Tower with Radar,101,41,29,0,171,0,0,15,0,15,101,41,44,0,186,0,0,0,186
02/10/2020,ORF,VA,AEA,EN,Combined TRACON& Tower with Radar,95,53,24,0,172,0,0,9,0,9,95,53,33,0,181,0,0,0,181
02/11/2020,ORF,VA,AEA,EN,Combined TRACON& Tower with Radar,96,55,21,0,172,0,0,0,0,0,96,55,21,0,172,0,0,0,172
02/12/2020,ORF,VA,AEA,EN,Combined TRACON& Tower with Radar,99,48,31,0,178,0,0,9,0,9,99,48,40,0,187,0,0,0,187
02/13/2020,ORF,VA,AEA,EN,Combined TRACON& Tower with Radar,118,62,29,4,213,0,0,0,0,0,118,62,29,4,213,0,0,0,213
02/14/2020,ORF,VA,AEA,EN,Combined TRACON& Tower with Radar,98,58,24,0,180,0,2,19,0,21,98,60,43,0,201,0,0,0,201
02/15/2020,ORF,VA,AEA,EN,Combined TRACON& Tower with Radar,74,47,22,1,144,0,0,27,0,27,74,47,49,1,171,0,0,0,171
02/16/2020,ORF,VA,AEA,EN,Combined TRACON& Tower with Radar,93,46,21,0,160,0,2,14,0,16,93,48,35,0,176,0,0,0,176
02/17/2020,ORF,VA,AEA,EN,Combined TRACON& Tower with Radar,89,54,27,0,170,0,2,18,0,20,89,56,45,0,190,0,0,0,190
02/18/2020,ORF,VA,AEA,EN,Combined TRACON& Tower with Radar,97,59,19,0,175,0,0,5,0,5,97,59,24,0,180,0,0,0,180
02/19/2020,ORF,VA,AEA,EN,Combined TRACON& Tower with Radar,95,61,39,0,195,0,0,4,0,4,95,61,43,0,199,0,0,0,199
02/20/2020,ORF,VA,AEA,EN,Combined TRACON& Tower with Radar,105,54,33,0,192,0,0,4,0,4,105,54,37,0,196,0,0,0,196
02/21/2020,ORF,VA,AEA,EN,Combined TRACON& Tower with Radar,95,56,13,1,165,0,0,4,0,4,95,56,17,1,169,0,0,0,169
02/22/2020,ORF,VA,AEA,EN,Combined TRACON& Tower with Radar,77,42,29,0,148,10,2,26,0,38,87,44,55,0,186,0,0,0,186
02/23/2020,ORF,VA,AEA,EN,Combined TRACON& Tower with Radar,96,63,24,0,183,0,2,21,0,23,96,65,45,0,206,0,0,0,206
02/24/2020,ORF,VA,AEA,EN,Combined TRACON& Tower with Radar,93,53,46,2,194,0,0,9,0,9,93,53,55,2,203,0,0,0,203
02/25/2020,ORF,VA,AEA,EN,Combined TRACON& Tower with Radar,95,58,20,2,175,0,0,5,0,5,95,58,25,2,180,0,0,0,180
02/26/2020,ORF,VA,AEA,EN,Combined TRACON& Tower with Radar,92,55,23,0,170,0,0,0,0,0,92,55,23,0,170,2,0,2,172
02/27/2020,ORF,VA,AEA,EN,Combined TRACON& Tower with Radar,111,53,44,0,208,0,0,9,0,9,111,53,53,0,217,0,0,0,217
02/28/2020,ORF,VA,AEA,EN,Combined TRACON& Tower with Radar,93,59,25,0,177,0,0,20,0,20,93,59,45,0,197,0,0,0,197
02/29/2020,ORF,VA,AEA,EN,Combined TRACON& Tower with Radar,76,52,23,0,151,0,0,9,0,9,76,52,32,0,160,0,0,0,160
03/01/2020,ORF,VA,AEA,EN,Combined TRACON& Tower with Radar,96,63,14,2,175,0,0,16,0,16,96,63,30,2,191,0,0,0,191
03/02/2020,ORF,VA,AEA,EN,Combined TRACON& Tower with Radar,92,55,23,2,172,0,0,7,0,7,92,55,30,2,179,0,0,0,179
03/03/2020,ORF,VA,AEA,EN,Combined TRACON& Tower with Radar,94,54,24,0,172,0,0,0,0,0,94,54,24,0,172,0,0,0,172
03/04/2020,ORF,VA,AEA,EN,Combined TRACON& Tower with Radar,92,59,26,0,177,0,0,13,1,14,92,59,39,1,191,6,0,6,197
03/05/2020,ORF,VA,AEA,EN,Combined TRACON& Tower with Radar,108,57,32,3,200,0,0,14,1,15,108,57,46,4,215,5,0,5,220
03/06/2020,ORF,VA,AEA,EN,Combined TRACON& Tower with Radar,103,51,12,0,166,0,0,5,0,5,103,51,17,0,171,0,0,0,171
03/07/2020,ORF,VA,AEA,EN,Combined TRACON& Tower with Radar,81,52,18,2,153,0,0,10,0,10,81,52,28,2,163,6,0,6,169
03/08/2020,ORF,VA,AEA,EN,Combined TRACON& Tower with Radar,104,40,35,0,179,0,0,21,0,21,104,40,56,0,200,0,0,0,200
03/09/2020,ORF,VA,AEA,EN,Combined TRACON& Tower with Radar,98,44,31,3,176,0,0,11,0,11,98,44,42,3,187,0,0,0,187
03/10/2020,ORF,VA,AEA,EN,Combined TRACON& Tower with Radar,97,57,37,5,196,0,0,8,1,9,97,57,45,6,205,0,0,0,205
03/11/2020,ORF,VA,AEA,EN,Combined TRACON& Tower with Radar,98,58,22,2,180,0,0,8,1,9,98,58,30,3,189,0,0,0,189
03/12/2020,ORF,VA,AEA,EN,Combined TRACON& Tower with Radar,116,54,32,2,204,0,0,10,0,10,116,54,42,2,214,0,0,0,214
03/13/2020,ORF,VA,AEA,EN,Combined TRACON& Tower with Radar,105,52,27,4,188,0,0,15,0,15,105,52,42,4,203,0,0,0,203
03/14/2020,ORF,VA,AEA,EN,Combined TRACON& Tower with Radar,87,40,37,0,164,0,0,24,0,24,87,40,61,0,188,0,0,0,188
03/15/2020,ORF,VA,AEA,EN,Combined TRACON& Tower with Radar,110,41,23,0,174,0,0,5,0,5,110,41,28,0,179,6,0,6,185
03/16/2020,ORF,VA,AEA,EN,Combined TRACON& Tower with Radar,100,52,26,0,178,0,1,5,0,6,100,53,31,0,184,0,0,0,184
03/17/2020,ORF,VA,AEA,EN,Combined TRACON& Tower with Radar,91,56,15,0,162,0,0,8,0,8,91,56,23,0,170,0,0,0,170
03/18/2020,ORF,VA,AEA,EN,Combined TRACON& Tower with Radar,90,47,32,0,169,0,0,12,0,12,90,47,44,0,181,0,0,0,181
03/19/2020,ORF,VA,AEA,EN,Combined TRACON& Tower with Radar,100,43,31,0,174,0,0,13,0,13,100,43,44,0,187,0,0,0,187
03/20/2020,ORF,VA,AEA,EN,Combined TRACON& Tower with Radar,88,52,12,0,152,0,0,11,0,11,88,52,23,0,163,0,0,0,163
03/21/2020,ORF,VA,AEA,EN,Combined TRACON& Tower with Radar,68,28,5,0,101,0,0,1,0,1,68,28,6,0,102,0,0,0,102
03/22/2020,ORF,VA,AEA,EN,Combined TRACON& Tower with Radar,87,27,8,0,122,0,0,4,0,4,87,27,12,0,126,0,0,0,126
03/23/2020,ORF,VA,AEA,EN,Combined TRACON& Tower with Radar,74,33,8,2,117,0,0,0,0,0,74,33,8,2,117,0,0,0,117
03/24/2020,ORF,VA,AEA,EN,Combined TRACON& Tower with Radar,69,24,16,2,111,5,0,8,0,13,74,24,24,2,124,0,0,0,124
03/25/2020,ORF,VA,AEA,EN,Combined TRACON& Tower with Radar,59,29,8,2,98,0,0,0,0,0,59,29,8,2,98,0,0,0,98
03/26/2020,ORF,VA,AEA,EN,Combined TRACON& Tower with Radar,64,24,20,2,110,0,1,20,1,22,64,25,40,3,132,0,0,0,132
03/27/2020,ORF,VA,AEA,EN,Combined TRACON& Tower with Radar,58,22,18,2,100,0,0,23,0,23,58,22,41,2,123,0,0,0,123
03/28/2020,ORF,VA,AEA,EN,Combined TRACON& Tower with Radar,45,17,7,0,69,0,0,3,0,3,45,17,10,0,72,0,0,0,72
03/29/2020,ORF,VA,AEA,EN,Combined TRACON& Tower with Radar,51,21,5,4,81,0,0,8,0,8,51,21,13,4,89,0,0,0,89
03/30/2020,ORF,VA,AEA,EN,Combined TRACON& Tower with Radar,59,18,26,2,105,0,0,5,1,6,59,18,31,3,111,0,0,0,111
03/31/2020,ORF,VA,AEA,EN,Combined TRACON& Tower with Radar,52,11,12,0,75,0,0,3,0,3,52,11,15,0,78,0,0,0,78
04/01/2020,ORF,VA,AEA,EN,Combined TRACON& Tower with Radar,54,5,3,0,62,0,0,1,0,1,54,5,4,0,63,0,0,0,63
04/02/2020,ORF,VA,AEA,EN,Combined TRACON& Tower with Radar,58,5,10,1,74,0,0,23,0,23,58,5,33,1,97,0,0,0,97
04/03/2020,ORF,VA,AEA,EN,Combined TRACON& Tower with Radar,54,2,3,0,59,0,0,2,0,2,54,2,5,0,61,0,0,0,61
04/04/2020,ORF,VA,AEA,EN,Combined TRACON& Tower with Radar,44,4,9,0,57,0,0,1,0,1,44,4,10,0,58,0,0,0,58
04/05/2020,ORF,VA,AEA,EN,Combined TRACON& Tower with Radar,50,0,17,0,67,0,0,29,0,29,50,0,46,0,96,0,0,0,96
04/06/2020,ORF,VA,AEA,EN,Combined TRACON& Tower with Radar,48,1,14,0,63,0,0,9,0,9,48,1,23,0,72,0,0,0,72
04/07/2020,ORF,VA,AEA,EN,Combined TRACON& Tower with Radar,39,2,2,0,43,0,0,6,0,6,39,2,8,0,49,0,0,0,49
04/08/2020,ORF,VA,AEA,EN,Combined TRACON& Tower with Radar,51,5,7,0,63,0,0,8,0,8,51,5,15,0,71,0,0,0,71
04/09/2020,ORF,VA,AEA,EN,Combined TRACON& Tower with Radar,57,3,4,0,64,0,0,7,0,7,57,3,11,0,71,0,0,0,71
04/10/2020,ORF,VA,AEA,EN,Combined TRACON& Tower with Radar,51,6,7,0,64,0,0,0,0,0,51,6,7,0,64,0,0,0,64
04/11/2020,ORF,VA,AEA,EN,Combined TRACON& Tower with Radar,42,5,12,0,59,0,0,21,0,21,42,5,33,0,80,0,0,0,80
04/12/2020,ORF,VA,AEA,EN,Combined TRACON& Tower with Radar,55,0,3,0,58,0,0,6,0,6,55,0,9,0,64,0,0,0,64
04/13/2020,ORF,VA,AEA,EN,Combined TRACON& Tower with Radar,52,3,1,0,56,0,0,0,0,0,52,3,1,0,56,0,0,0,56
04/14/2020,ORF,VA,AEA,EN,Combined TRACON& Tower with Radar,48,2,12,2,64,0,0,16,1,17,48,2,28,3,81,0,0,0,81
04/15/2020,ORF,VA,AEA,EN,Combined TRACON& Tower with Radar,47,4,4,0,55,0,0,2,0,2,47,4,6,0,57,0,0,0,57
04/16/2020,ORF,VA,AEA,EN,Combined TRACON& Tower with Radar,34,6,11,0,51,0,0,23,0,23,34,6,34,0,74,0,0,0,74
04/17/2020,ORF,VA,AEA,EN,Combined TRACON& Tower with Radar,43,2,12,2,59,0,0,25,0,25,43,2,37,2,84,0,0,0,84
04/18/2020,ORF,VA,AEA,EN,Combined TRACON& Tower with Radar,31,5,4,0,40,0,0,0,0,0,31,5,4,0,40,0,0,0,40
04/19/2020,ORF,VA,AEA,EN,Combined TRACON& Tower with Radar,31,1,8,0,40,0,0,22,0,22,31,1,30,0,62,0,0,0,62
04/20/2020,ORF,VA,AEA,EN,Combined TRACON& Tower with Radar,36,2,1,2,41,0,0,0,3,3,36,2,1,5,44,0,0,0,44
04/21/2020,ORF,VA,AEA,EN,Combined TRACON& Tower with Radar,36,3,12,0,51,0,0,4,0,4,36,3,16,0,55,0,0,0,55
04/22/2020,ORF,VA,AEA,EN,Combined TRACON& Tower with Radar,40,3,19,0,62,0,2,18,0,20,40,5,37,0,82,0,0,0,82
04/23/2020,ORF,VA,AEA,EN,Combined TRACON& Tower with Radar,40,2,11,0,53,0,0,0,0,0,40,2,11,0,53,0,0,0,53
04/24/2020,ORF,VA,AEA,EN,Combined TRACON& Tower with Radar,40,6,4,2,52,0,0,6,0,6,40,6,10,2,58,0,0,0,58
04/25/2020,ORF,VA,AEA,EN,Combined TRACON& Tower with Radar,30,7,24,2,63,0,0,4,0,4,30,7,28,2,67,0,0,0,67
04/26/2020,ORF,VA,AEA,EN,Combined TRACON& Tower with Radar,40,9,5,0,54,0,0,6,0,6,40,9,11,0,60,0,0,0,60
04/27/2020,ORF,VA,AEA,EN,Combined TRACON& Tower with Radar,39,4,7,0,50,0,0,3,1,4,39,4,10,1,54,0,0,0,54
04/28/2020,ORF,VA,AEA,EN,Combined TRACON& Tower with Radar,51,5,25,0,81,0,0,16,0,16,51,5,41,0,97,0,0,0,97
04/29/2020,ORF,VA,AEA,EN,Combined TRACON& Tower with Radar,41,5,10,0,56,0,0,17,0,17,41,5,27,0,73,0,0,0,73
04/30/2020,ORF,VA,AEA,EN,Combined TRACON& Tower with Radar,53,3,15,1,72,0,0,0,0,0,53,3,15,1,72,0,0,0,72
05/01/2020,ORF,VA,AEA,EN,Combined TRACON& Tower with Radar,45,13,12,2,72,0,0,6,0,6,45,13,18,2,78,0,0,0,78
05/02/2020,ORF,VA,AEA,EN,Combined TRACON& Tower with Radar,28,5,8,0,41,0,0,17,0,17,28,5,25,0,58,0,0,0,58
05/03/2020,ORF,VA,AEA,EN,Combined TRACON& Tower with Radar,41,4,20,0,65,0,0,20,0,20,41,4,40,0,85,0,0,0,85
05/04/2020,ORF,VA,AEA,EN,Combined TRACON& Tower with Radar,33,9,22,0,64,0,0,10,0,10,33,9,32,0,74,0,0,0,74
05/05/2020,ORF,VA,AEA,EN,Combined TRACON& Tower with Radar,34,6,15,0,55,0,0,10,0,10,34,6,25,0,65,0,0,0,65
05/06/2020,ORF,VA,AEA,EN,Combined TRACON& Tower with Radar,39,11,13,2,65,0,0,9,0,9,39,11,22,2,74,0,0,0,74
05/07/2020,ORF,VA,AEA,EN,Combined TRACON& Tower with Radar,40,13,31,0,84,0,0,22,0,22,40,13,53,0,106,0,0,0,106
05/08/2020,ORF,VA,AEA,EN,Combined TRACON& Tower with Radar,36,16,10,2,64,0,0,19,5,24,36,16,29,7,88,6,0,6,94
05/09/2020,ORF,VA,AEA,EN,Combined TRACON& Tower with Radar,22,13,4,0,39,0,0,10,0,10,22,13,14,0,49,0,0,0,49
05/10/2020,ORF,VA,AEA,EN,Combined TRACON& Tower with Radar,31,12,11,0,54,0,0,25,0,25,31,12,36,0,79,0,0,0,79
05/11/2020,ORF,VA,AEA,EN,Combined TRACON& Tower with Radar,28,15,16,0,59,0,0,10,0,10,28,15,26,0,69,0,0,0,69
05/12/2020,ORF,VA,AEA,EN,Combined TRACON& Tower with Radar,26,10,23,7,66,0,0,13,0,13,26,10,36,7,79,0,0,0,79
05/13/2020,ORF,VA,AEA,EN,Combined TRACON& Tower with Radar,34,13,20,3,70,0,0,25,3,28,34,13,45,6,98,0,0,0,98
05/14/2020,ORF,VA,AEA,EN,Combined TRACON& Tower with Radar,38,16,21,3,78,0,0,12,0,12,38,16,33,3,90,20,0,20,110
05/15/2020,ORF,VA,AEA,EN,Combined TRACON& Tower with Radar,33,22,12,0,67,0,0,14,0,14,33,22,26,0,81,0,0,0,81
05/16/2020,ORF,VA,AEA,EN,Combined TRACON& Tower with Radar,23,13,15,0,51,0,0,15,0,15,23,13,30,0,66,0,0,0,66
05/17/2020,ORF,VA,AEA,EN,Combined TRACON& Tower with Radar,31,11,26,6,74,0,0,1,0,1,31,11,27,6,75,0,0,0,75
05/18/2020,ORF,VA,AEA,EN,Combined TRACON& Tower with Radar,30,14,1,0,45,0,0,0,0,0,30,14,1,0,45,0,0,0,45
05/19/2020,ORF,VA,AEA,EN,Combined TRACON& Tower with Radar,27,18,8,0,53,0,0,0,0,0,27,18,8,0,53,0,0,0,53
05/20/2020,ORF,VA,AEA,EN,Combined TRACON& Tower with Radar,36,16,12,2,66,0,0,0,0,0,36,16,12,2,66,0,0,0,66
05/21/2020,ORF,VA,AEA,EN,Combined TRACON& Tower with Radar,39,21,22,0,82,0,0,8,0,8,39,21,30,0,90,0,0,0,90
05/22/2020,ORF,VA,AEA,EN,Combined TRACON& Tower with Radar,37,25,23,15,100,0,0,3,0,3,37,25,26,15,103,0,0,0,103
05/23/2020,ORF,VA,AEA,EN,Combined TRACON& Tower with Radar,20,14,21,3,58,0,0,11,0,11,20,14,32,3,69,0,0,0,69
05/24/2020,ORF,VA,AEA,EN,Combined TRACON& Tower with Radar,36,15,16,4,71,0,0,0,0,0,36,15,16,4,71,0,0,0,71
05/25/2020,ORF,VA,AEA,EN,Combined TRACON& Tower with Radar,28,16,19,0,63,0,0,6,0,6,28,16,25,0,69,0,0,0,69
05/26/2020,ORF,VA,AEA,EN,Combined TRACON& Tower with Radar,26,14,33,2,75,0,0,2,0,2,26,14,35,2,77,0,0,0,77
05/27/2020,ORF,VA,AEA,EN,Combined TRACON& Tower with Radar,35,15,18,0,68,0,0,1,0,1,35,15,19,0,69,0,0,0,69
05/28/2020,ORF,VA,AEA,EN,Combined TRACON& Tower with Radar,35,20,6,0,61,0,0,1,0,1,35,20,7,0,62,0,0,0,62
05/29/2020,ORF,VA,AEA,EN,Combined TRACON& Tower with Radar,38,16,13,0,67,0,0,5,0,5,38,16,18,0,72,0,0,0,72
05/30/2020,ORF,VA,AEA,EN,Combined TRACON& Tower with Radar,22,15,28,0,65,0,0,7,0,7,22,15,35,0,72,0,0,0,72
05/31/2020,ORF,VA,AEA,EN,Combined TRACON& Tower with Radar,36,12,23,0,71,0,0,25,0,25,36,12,48,0,96,0,0,0,96
06/01/2020,ORF,VA,AEA,EN,Combined TRACON& Tower with Radar,40,28,12,2,82,0,0,29,2,31,40,28,41,4,113,0,0,0,113
06/02/2020,ORF,VA,AEA,EN,Combined TRACON& Tower with Radar,29,19,27,0,75,0,0,32,0,32,29,19,59,0,107,0,0,0,107
06/03/2020,ORF,VA,AEA,EN,Combined TRACON& Tower with Radar,39,22,19,0,80,0,0,15,0,15,39,22,34,0,95,0,0,0,95
06/04/2020,ORF,VA,AEA,EN,Combined TRACON& Tower with Radar,48,17,19,0,84,0,0,21,2,23,48,17,40,2,107,0,0,0,107
06/05/2020,ORF,VA,AEA,EN,Combined TRACON& Tower with Radar,50,24,14,0,88,0,0,8,2,10,50,24,22,2,98,0,0,0,98
06/06/2020,ORF,VA,AEA,EN,Combined TRACON& Tower with Radar,38,14,15,0,67,0,0,6,0,6,38,14,21,0,73,0,0,0,73
06/07/2020,ORF,VA,AEA,EN,Combined TRACON& Tower with Radar,47,23,23,0,93,0,0,25,0,25,47,23,48,0,118,10,0,10,128
06/08/2020,ORF,VA,AEA,EN,Combined TRACON& Tower with Radar,44,17,17,2,80,0,0,33,4,37,44,17,50,6,117,8,0,8,125
06/09/2020,ORF,VA,AEA,EN,Combined TRACON& Tower with Radar,35,26,19,0,80,0,2,8,0,10,35,28,27,0,90,0,0,0,90
06/10/2020,ORF,VA,AEA,EN,Combined TRACON& Tower with Radar,38,27,25,0,90,0,0,5,0,5,38,27,30,0,95,10,0,10,105
06/11/2020,ORF,VA,AEA,EN,Combined TRACON& Tower with Radar,50,20,18,1,89,0,0,4,0,4,50,20,22,1,93,0,0,0,93
06/12/2020,ORF,VA,AEA,EN,Combined TRACON& Tower with Radar,49,20,22,0,91,0,0,13,2,15,49,20,35,2,106,0,0,0,106
06/13/2020,ORF,VA,AEA,EN,Combined TRACON& Tower with Radar,37,15,21,1,74,0,0,17,1,18,37,15,38,2,92,0,0,0,92
06/14/2020,ORF,VA,AEA,EN,Combined TRACON& Tower with Radar,53,12,23,0,88,0,0,9,2,11,53,12,32,2,99,0,0,0,99
06/15/2020,ORF,VA,AEA,EN,Combined TRACON& Tower with Radar,45,15,19,1,80,0,0,4,0,4,45,15,23,1,84,0,0,0,84
06/16/2020,ORF,VA,AEA,EN,Combined TRACON& Tower with Radar,36,20,23,0,79,0,0,0,0,0,36,20,23,0,79,0,0,0,79
06/17/2020,ORF,VA,AEA,EN,Combined TRACON& Tower with Radar,40,16,28,0,84,0,0,5,0,5,40,16,33,0,89,0,0,0,89
06/18/2020,ORF,VA,AEA,EN,Combined TRACON& Tower with Radar,51,21,28,6,106,0,0,10,0,10,51,21,38,6,116,0,0,0,116
06/19/2020,ORF,VA,AEA,EN,Combined TRACON& Tower with Radar,52,28,19,0,99,0,0,21,0,21,52,28,40,0,120,0,0,0,120
06/20/2020,ORF,VA,AEA,EN,Combined TRACON& Tower with Radar,39,24,18,0,81,0,0,6,0,6,39,24,24,0,87,0,0,0,87
06/21/2020,ORF,VA,AEA,EN,Combined TRACON& Tower with Radar,52,14,19,0,85,0,0,19,0,19,52,14,38,0,104,0,0,0,104
06/22/2020,ORF,VA,AEA,EN,Combined TRACON& Tower with Radar,51,19,29,0,99,0,0,5,0,5,51,19,34,0,104,0,0,0,104
06/23/2020,ORF,VA,AEA,EN,Combined TRACON& Tower with Radar,44,19,27,3,93,4,0,12,3,19,48,19,39,6,112,3,0,3,115
06/24/2020,ORF,VA,AEA,EN,Combined TRACON& Tower with Radar,49,18,27,0,94,0,0,32,0,32,49,18,59,0,126,0,0,0,126
06/25/2020,ORF,VA,AEA,EN,Combined TRACON& Tower with Radar,56,30,21,2,109,0,0,7,0,7,56,30,28,2,116,0,0,0,116
06/26/2020,ORF,VA,AEA,EN,Combined TRACON& Tower with Radar,58,22,32,0,112,0,0,27,0,27,58,22,59,0,139,0,0,0,139
06/27/2020,ORF,VA,AEA,EN,Combined TRACON& Tower with Radar,43,13,18,0,74,0,0,28,0,28,43,13,46,0,102,0,0,0,102
06/28/2020,ORF,VA,AEA,EN,Combined TRACON& Tower with Radar,53,20,17,0,90,0,0,16,0,16,53,20,33,0,106,0,0,0,106
06/29/2020,ORF,VA,AEA,EN,Combined TRACON& Tower with Radar,57,15,27,0,99,0,0,18,0,18,57,15,45,0,117,0,0,0,117
06/30/2020,ORF,VA,AEA,EN,Combined TRACON& Tower with Radar,45,18,19,0,82,0,0,16,0,16,45,18,35,0,98,0,0,0,98
07/01/2020,ORF,VA,AEA,EN,Combined TRACON& Tower with Radar,58,20,32,2,112,0,0,6,0,6,58,20,38,2,118,0,0,0,118
07/02/2020,ORF,VA,AEA,EN,Combined TRACON& Tower with Radar,59,22,37,0,118,0,0,17,1,18,59,22,54,1,136,0,0,0,136
07/03/2020,ORF,VA,AEA,EN,Combined TRACON& Tower with Radar,56,21,16,0,93,0,0,11,0,11,56,21,27,0,104,0,0,0,104
07/04/2020,ORF,VA,AEA,EN,Combined TRACON& Tower with Radar,35,14,11,0,60,0,0,10,0,10,35,14,21,0,70,0,0,0,70
07/05/2020,ORF,VA,AEA,EN,Combined TRACON& Tower with Radar,57,29,22,0,108,0,1,24,0,25,57,30,46,0,133,0,0,0,133
07/06/2020,ORF,VA,AEA,EN,Combined TRACON& Tower with Radar,62,21,19,0,102,0,0,20,0,20,62,21,39,0,122,0,0,0,122
07/07/2020,ORF,VA,AEA,EN,Combined TRACON& Tower with Radar,60,13,19,4,96,0,0,16,2,18,60,13,35,6,114,0,0,0,114
07/08/2020,ORF,VA,AEA,EN,Combined TRACON& Tower with Radar,62,14,28,0,104,0,0,20,0,20,62,14,48,0,124,0,0,0,124
07/09/2020,ORF,VA,AEA,EN,Combined TRACON& Tower with Radar,77,17,30,0,124,0,0,3,0,3,77,17,33,0,127,0,0,0,127
07/10/2020,ORF,VA,AEA,EN,Combined TRACON& Tower with Radar,77,18,25,0,120,0,0,12,0,12,77,18,37,0,132,0,0,0,132
07/11/2020,ORF,VA,AEA,EN,Combined TRACON& Tower with Radar,63,18,21,1,103,0,0,6,1,7,63,18,27,2,110,0,0,0,110
07/12/2020,ORF,VA,AEA,EN,Combined TRACON& Tower with Radar,72,13,23,3,111,0,0,22,0,22,72,13,45,3,133,0,0,0,133
07/13/2020,ORF,VA,AEA,EN,Combined TRACON& Tower with Radar,75,11,29,3,118,0,0,13,0,13,75,11,42,3,131,0,0,0,131
07/14/2020,ORF,VA,AEA,EN,Combined TRACON& Tower with Radar,67,14,24,4,109,0,0,18,1,19,67,14,42,5,128,0,0,0,128
07/15/2020,ORF,VA,AEA,EN,Combined TRACON& Tower with Radar,69,23,14,0,106,0,0,25,0,25,69,23,39,0,131,0,0,0,131
07/16/2020,ORF,VA,AEA,EN,Combined TRACON& Tower with Radar,80,14,32,2,128,0,0,23,0,23,80,14,55,2,151,0,0,0,151
07/17/2020,ORF,VA,AEA,EN,Combined TRACON& Tower with Radar,84,34,32,0,150,0,0,10,0,10,84,34,42,0,160,0,0,0,160
07/18/2020,ORF,VA,AEA,EN,Combined TRACON& Tower with Radar,70,15,20,0,105,0,2,20,0,22,70,17,40,0,127,0,0,0,127
07/19/2020,ORF,VA,AEA,EN,Combined TRACON& Tower with Radar,78,14,24,0,116,0,0,16,0,16,78,14,40,0,132,0,0,0,132
07/20/2020,ORF,VA,AEA,EN,Combined TRACON& Tower with Radar,74,17,15,3,109,0,0,13,0,13,74,17,28,3,122,0,0,0,122
07/21/2020,ORF,VA,AEA,EN,Combined TRACON& Tower with Radar,72,9,25,3,109,0,0,16,0,16,72,9,41,3,125,0,0,0,125
07/22/2020,ORF,VA,AEA,EN,Combined TRACON& Tower with Radar,91,21,18,3,133,0,1,24,0,25,91,22,42,3,158,0,0,0,158
07/23/2020,ORF,VA,AEA,EN,Combined TRACON& Tower with Radar,86,16,31,2,135,0,0,20,0,20,86,16,51,2,155,0,0,0,155
07/24/2020,ORF,VA,AEA,EN,Combined TRACON& Tower with Radar,86,19,29,2,136,0,0,23,0,23,86,19,52,2,159,0,0,0,159
07/25/2020,ORF,VA,AEA,EN,Combined TRACON& Tower with Radar,69,19,15,0,103,0,0,25,0,25,69,19,40,0,128,4,0,4,132
07/26/2020,ORF,VA,AEA,EN,Combined TRACON& Tower with Radar,78,21,43,0,142,0,0,22,0,22,78,21,65,0,164,0,0,0,164
07/27/2020,ORF,VA,AEA,EN,Combined TRACON& Tower with Radar,81,18,25,0,124,0,0,13,0,13,81,18,38,0,137,0,0,0,137
07/28/2020,ORF,VA,AEA,EN,Combined TRACON& Tower with Radar,70,8,20,0,98,0,0,26,0,26,70,8,46,0,124,0,0,0,124
07/29/2020,ORF,VA,AEA,EN,Combined TRACON& Tower with Radar,66,12,30,2,110,0,0,21,0,21,66,12,51,2,131,0,0,0,131
07/30/2020,ORF,VA,AEA,EN,Combined TRACON& Tower with Radar,83,16,37,2,138,0,0,21,0,21,83,16,58,2,159,0,0,0,159
07/31/2020,ORF,VA,AEA,EN,Combined TRACON& Tower with Radar,82,17,21,0,120,0,0,10,0,10,82,17,31,0,130,0,0,0,130
08/01/2020,ORF,VA,AEA,EN,Combined TRACON& Tower with Radar,68,9,18,0,95,0,0,12,0,12,68,9,30,0,107,0,0,0,107
08/02/2020,ORF,VA,AEA,EN,Combined TRACON& Tower with Radar,79,11,24,0,114,0,0,22,1,23,79,11,46,1,137,0,0,0,137
08/03/2020,ORF,VA,AEA,EN,Combined TRACON& Tower with Radar,78,21,17,0,116,0,0,6,0,6,78,21,23,0,122,0,0,0,122
08/04/2020,ORF,VA,AEA,EN,Combined TRACON& Tower with Radar,43,8,16,0,67,0,0,3,0,3,43,8,19,0,70,0,0,0,70
08/05/2020,ORF,VA,AEA,EN,Combined TRACON& Tower with Radar,73,15,26,0,114,0,0,26,0,26,73,15,52,0,140,0,0,0,140
08/06/2020,ORF,VA,AEA,EN,Combined TRACON& Tower with Radar,86,16,27,0,129,0,0,6,0,6,86,16,33,0,135,0,2,2,137
08/07/2020,ORF,VA,AEA,EN,Combined TRACON& Tower with Radar,86,12,34,2,134,0,0,7,0,7,86,12,41,2,141,14,0,14,155
08/08/2020,ORF,VA,AEA,EN,Combined TRACON& Tower with Radar,70,12,19,0,101,0,0,12,0,12,70,12,31,0,113,20,0,20,133
08/09/2020,ORF,VA,AEA,EN,Combined TRACON& Tower with Radar,81,14,16,4,115,0,0,17,0,17,81,14,33,4,132,0,0,0,132
08/10/2020,ORF,VA,AEA,EN,Combined TRACON& Tower with Radar,82,17,23,0,122,0,0,21,0,21,82,17,44,0,143,0,0,0,143
08/11/2020,ORF,VA,AEA,EN,Combined TRACON& Tower with Radar,71,8,21,4,104,0,0,22,2,24,71,8,43,6,128,0,0,0,128
08/12/2020,ORF,VA,AEA,EN,Combined TRACON& Tower with Radar,75,12,25,0,112,0,0,15,0,15,75,12,40,0,127,0,0,0,127
08/13/2020,ORF,VA,AEA,EN,Combined TRACON& Tower with Radar,81,17,17,0,115,0,0,5,0,5,81,17,22,0,120,0,0,0,120
08/14/2020,ORF,VA,AEA,EN,Combined TRACON& Tower with Radar,84,16,27,0,127,0,0,8,0,8,84,16,35,0,135,0,0,0,135
08/15/2020,ORF,VA,AEA,EN,Combined TRACON& Tower with Radar,66,13,35,0,114,0,0,1,0,1,66,13,36,0,115,0,0,0,115
08/16/2020,ORF,VA,AEA,EN,Combined TRACON& Tower with Radar,78,15,45,0,138,0,0,0,0,0,78,15,45,0,138,0,0,0,138
08/17/2020,ORF,VA,AEA,EN,Combined TRACON& Tower with Radar,78,16,32,0,126,0,0,11,0,11,78,16,43,0,137,0,0,0,137
08/18/2020,ORF,VA,AEA,EN,Combined TRACON& Tower with Radar,69,13,39,0,121,0,0,22,0,22,69,13,61,0,143,0,0,0,143
08/19/2020,ORF,VA,AEA,EN,Combined TRACON& Tower with Radar,67,12,35,0,114,0,2,13,1,16,67,14,48,1,130,0,0,0,130
08/20/2020,ORF,VA,AEA,EN,Combined TRACON& Tower with Radar,76,14,26,0,116,0,0,15,0,15,76,14,41,0,131,0,0,0,131
08/21/2020,ORF,VA,AEA,EN,Combined TRACON& Tower with Radar,80,16,47,0,143,0,0,19,0,19,80,16,66,0,162,0,0,0,162
08/22/2020,ORF,VA,AEA,EN,Combined TRACON& Tower with Radar,66,16,31,0,113,0,0,9,0,9,66,16,40,0,122,0,0,0,122
08/23/2020,ORF,VA,AEA,EN,Combined TRACON& Tower with Radar,76,14,44,0,134,0,0,13,0,13,76,14,57,0,147,0,0,0,147
08/24/2020,ORF,VA,AEA,EN,Combined TRACON& Tower with Radar,77,17,22,1,117,0,0,13,1,14,77,17,35,2,131,0,0,0,131
08/25/2020,ORF,VA,AEA,EN,Combined TRACON& Tower with Radar,65,10,32,0,107,0,0,13,0,13,65,10,45,0,120,0,0,0,120
08/26/2020,ORF,VA,AEA,EN,Combined TRACON& Tower with Radar,67,16,24,0,107,0,1,19,0,20,67,17,43,0,127,0,0,0,127
08/27/2020,ORF,VA,AEA,EN,Combined TRACON& Tower with Radar,76,10,59,0,145,0,0,25,0,25,76,10,84,0,170,0,0,0,170
08/28/2020,ORF,VA,AEA,EN,Combined TRACON& Tower with Radar,94,12,27,0,133,0,0,16,0,16,94,12,43,0,149,0,0,0,149
08/29/2020,ORF,VA,AEA,EN,Combined TRACON& Tower with Radar,66,15,19,0,100,0,0,7,0,7,66,15,26,0,107,0,0,0,107
08/30/2020,ORF,VA,AEA,EN,Combined TRACON& Tower with Radar,76,17,32,0,125,0,0,29,0,29,76,17,61,0,154,0,0,0,154
08/31/2020,ORF,VA,AEA,EN,Combined TRACON& Tower with Radar,79,20,20,0,119,0,0,17,0,17,79,20,37,0,136,0,0,0,136
09/01/2020,ORF,VA,AEA,EN,Combined TRACON& Tower with Radar,66,16,27,0,109,0,0,6,0,6,66,16,33,0,115,0,0,0,115
09/02/2020,ORF,VA,AEA,EN,Combined TRACON& Tower with Radar,66,12,29,0,107,0,0,14,1,15,66,12,43,1,122,0,0,0,122
09/03/2020,ORF,VA,AEA,EN,Combined TRACON& Tower with Radar,84,15,23,0,122,0,0,26,0,26,84,15,49,0,148,0,0,0,148
09/04/2020,ORF,VA,AEA,EN,Combined TRACON& Tower with Radar,82,28,27,0,137,0,0,25,0,25,82,28,52,0,162,0,0,0,162
09/05/2020,ORF,VA,AEA,EN,Combined TRACON& Tower with Radar,63,8,28,2,101,0,0,14,2,16,63,8,42,4,117,0,0,0,117
09/06/2020,ORF,VA,AEA,EN,Combined TRACON& Tower with Radar,55,10,30,0,95,0,1,21,0,22,55,11,51,0,117,0,0,0,117
09/07/2020,ORF,VA,AEA,EN,Combined TRACON& Tower with Radar,69,19,29,0,117,0,1,22,0,23,69,20,51,0,140,4,0,4,144
09/08/2020,ORF,VA,AEA,EN,Combined TRACON& Tower with Radar,60,14,32,0,106,0,0,1,0,1,60,14,33,0,107,0,0,0,107
09/09/2020,ORF,VA,AEA,EN,Combined TRACON& Tower with Radar,65,18,38,0,121,0,0,3,12,15,65,18,41,12,136,0,0,0,136
09/10/2020,ORF,VA,AEA,EN,Combined TRACON& Tower with Radar,68,12,27,0,107,0,0,2,0,2,68,12,29,0,109,0,0,0,109
09/11/2020,ORF,VA,AEA,EN,Combined TRACON& Tower with Radar,72,15,40,0,127,0,0,3,0,3,72,15,43,0,130,0,0,0,130
09/12/2020,ORF,VA,AEA,EN,Combined TRACON& Tower with Radar,62,13,13,0,88,0,1,12,0,13,62,14,25,0,101,0,0,0,101
09/13/2020,ORF,VA,AEA,EN,Combined TRACON& Tower with Radar,66,16,35,0,117,0,0,7,0,7,66,16,42,0,124,0,0,0,124
09/14/2020,ORF,VA,AEA,EN,Combined TRACON& Tower with Radar,68,11,20,2,101,0,0,5,0,5,68,11,25,2,106,0,0,0,106
09/15/2020,ORF,VA,AEA,EN,Combined TRACON& Tower with Radar,63,9,30,3,105,0,0,18,0,18,63,9,48,3,123,0,0,0,123
09/16/2020,ORF,VA,AEA,EN,Combined TRACON& Tower with Radar,63,13,46,0,122,0,0,23,0,23,63,13,69,0,145,0,0,0,145
09/17/2020,ORF,VA,AEA,EN,Combined TRACON& Tower with Radar,75,14,29,0,118,0,0,2,0,2,75,14,31,0,120,0,0,0,120
09/18/2020,ORF,VA,AEA,EN,Combined TRACON& Tower with Radar,70,13,22,2,107,0,0,0,0,0,70,13,22,2,107,0,0,0,107
09/19/2020,ORF,VA,AEA,EN,Combined TRACON& Tower with Radar,59,16,14,0,89,0,0,3,0,3,59,16,17,0,92,0,0,0,92
09/20/2020,ORF,VA,AEA,EN,Combined TRACON& Tower with Radar,65,9,26,0,100,0,0,10,0,10,65,9,36,0,110,0,0,0,110
09/21/2020,ORF,VA,AEA,EN,Combined TRACON& Tower with Radar,71,15,26,0,112,0,0,6,0,6,71,15,32,0,118,0,0,0,118
09/22/2020,ORF,VA,AEA,EN,Combined TRACON& Tower with Radar,59,17,30,0,106,0,0,27,0,27,59,17,57,0,133,30,0,30,163
09/23/2020,ORF,VA,AEA,EN,Combined TRACON& Tower with Radar,61,15,41,0,117,0,0,20,0,20,61,15,61,0,137,0,0,0,137
09/24/2020,ORF,VA,AEA,EN,Combined TRACON& Tower with Radar,69,23,36,0,128,0,1,21,0,22,69,24,57,0,150,0,0,0,150
09/25/2020,ORF,VA,AEA,EN,Combined TRACON& Tower with Radar,71,26,29,0,126,0,1,9,0,10,71,27,38,0,136,0,0,0,136
09/26/2020,ORF,VA,AEA,EN,Combined TRACON& Tower with Radar,60,13,17,0,90,0,1,3,0,4,60,14,20,0,94,0,0,0,94
09/27/2020,ORF,VA,AEA,EN,Combined TRACON& Tower with Radar,65,9,22,1,97,0,0,8,0,8,65,9,30,1,105,0,0,0,105
09/28/2020,ORF,VA,AEA,EN,Combined TRACON& Tower with Radar,67,7,33,0,107,0,0,22,3,25,67,7,55,3,132,0,0,0,132
09/29/2020,ORF,VA,AEA,EN,Combined TRACON& Tower with Radar,59,9,28,0,96,0,0,2,0,2,59,9,30,0,98,0,0,0,98
09/30/2020,ORF,VA,AEA,EN,Combined TRACON& Tower with Radar,62,12,23,0,97,0,0,15,0,15,62,12,38,0,112,0,0,0,112
10/01/2020,ORF,VA,AEA,EN,Combined TRACON& Tower with Radar,74,8,33,0,115,0,0,39,0,39,74,8,72,0,154,0,0,0,154
10/02/2020,ORF,VA,AEA,EN,Combined TRACON& Tower with Radar,79,17,23,0,119,0,0,14,0,14,79,17,37,0,133,0,0,0,133
10/03/2020,ORF,VA,AEA,EN,Combined TRACON& Tower with Radar,58,13,30,0,101,0,0,24,0,24,58,13,54,0,125,0,0,0,125
10/04/2020,ORF,VA,AEA,EN,Combined TRACON& Tower with Radar,71,18,36,0,125,0,0,19,0,19,71,18,55,0,144,0,0,0,144
10/05/2020,ORF,VA,AEA,EN,Combined TRACON& Tower with Radar,74,13,24,0,111,0,2,17,2,21,74,15,41,2,132,7,0,7,139
10/06/2020,ORF,VA,AEA,EN,Combined TRACON& Tower with Radar,58,9,31,0,98,0,0,25,0,25,58,9,56,0,123,8,0,8,131
10/07/2020,ORF,VA,AEA,EN,Combined TRACON& Tower with Radar,63,9,29,12,113,0,0,18,0,18,63,9,47,12,131,0,4,4,135
10/08/2020,ORF,VA,AEA,EN,Combined TRACON& Tower with Radar,81,13,42,0,136,0,0,30,0,30,81,13,72,0,166,21,0,21,187
10/09/2020,ORF,VA,AEA,EN,Combined TRACON& Tower with Radar,85,15,31,0,131,0,2,27,0,29,85,17,58,0,160,0,0,0,160
10/10/2020,ORF,VA,AEA,EN,Combined TRACON& Tower with Radar,61,13,10,0,84,0,0,2,0,2,61,13,12,0,86,0,0,0,86
10/11/2020,ORF,VA,AEA,EN,Combined TRACON& Tower with Radar,75,12,22,0,109,0,0,2,0,2,75,12,24,0,111,0,0,0,111
10/12/2020,ORF,VA,AEA,EN,Combined TRACON& Tower with Radar,81,17,27,0,125,0,0,0,0,0,81,17,27,0,125,0,0,0,125
10/13/2020,ORF,VA,AEA,EN,Combined TRACON& Tower with Radar,58,16,18,4,96,0,0,7,0,7,58,16,25,4,103,0,0,0,103
10/14/2020,ORF,VA,AEA,EN,Combined TRACON& Tower with Radar,64,9,22,1,96,0,0,20,0,20,64,9,42,1,116,0,0,0,116
10/15/2020,ORF,VA,AEA,EN,Combined TRACON& Tower with Radar,80,19,44,1,144,0,0,29,0,29,80,19,73,1,173,0,0,0,173
10/16/2020,ORF,VA,AEA,EN,Combined TRACON& Tower with Radar,78,19,29,0,126,0,0,4,0,4,78,19,33,0,130,0,0,0,130
10/17/2020,ORF,VA,AEA,EN,Combined TRACON& Tower with Radar,62,21,13,0,96,0,1,15,0,16,62,22,28,0,112,0,0,0,112
10/18/2020,ORF,VA,AEA,EN,Combined TRACON& Tower with Radar,72,25,22,2,121,0,0,17,0,17,72,25,39,2,138,0,0,0,138
10/19/2020,ORF,VA,AEA,EN,Combined TRACON& Tower with Radar,77,14,17,2,110,0,0,15,0,15,77,14,32,2,125,0,0,0,125
10/20/2020,ORF,VA,AEA,EN,Combined TRACON& Tower with Radar,58,7,28,4,97,0,0,0,0,0,58,7,28,4,97,0,0,0,97
10/21/2020,ORF,VA,AEA,EN,Combined TRACON& Tower with Radar,68,8,41,0,117,0,0,11,0,11,68,8,52,0,128,0,0,0,128
10/22/2020,ORF,VA,AEA,EN,Combined TRACON& Tower with Radar,78,18,29,0,125,0,0,15,0,15,78,18,44,0,140,0,0,0,140
10/23/2020,ORF,VA,AEA,EN,Combined TRACON& Tower with Radar,77,16,45,0,138,0,0,7,0,7,77,16,52,0,145,0,0,0,145
10/24/2020,ORF,VA,AEA,EN,Combined TRACON& Tower with Radar,57,11,24,0,92,0,0,19,0,19,57,11,43,0,111,0,0,0,111
10/25/2020,ORF,VA,AEA,EN,Combined TRACON& Tower with Radar,64,15,36,0,115,0,0,0,0,0,64,15,36,0,115,0,0,0,115
10/26/2020,ORF,VA,AEA,EN,Combined TRACON& Tower with Radar,71,13,33,2,119,0,1,0,0,1,71,14,33,2,120,0,0,0,120
10/27/2020,ORF,VA,AEA,EN,Combined TRACON& Tower with Radar,61,7,16,4,88,0,0,0,0,0,61,7,16,4,88,0,0,0,88
10/28/2020,ORF,VA,AEA,EN,Combined TRACON& Tower with Radar,56,9,54,4,123,0,0,15,0,15,56,9,69,4,138,0,0,0,138
10/29/2020,ORF,VA,AEA,EN,Combined TRACON& Tower with Radar,75,16,18,0,109,0,0,2,0,2,75,16,20,0,111,0,0,0,111
10/30/2020,ORF,VA,AEA,EN,Combined TRACON& Tower with Radar,73,16,39,0,128,0,0,6,0,6,73,16,45,0,134,0,0,0,134
10/31/2020,ORF,VA,AEA,EN,Combined TRACON& Tower with Radar,44,6,33,0,83,0,0,15,0,15,44,6,48,0,98,0,0,0,98
11/01/2020,ORF,VA,AEA,EN,Combined TRACON& Tower with Radar,63,22,26,0,111,0,1,9,0,10,63,23,35,0,121,0,0,0,121
11/02/2020,ORF,VA,AEA,EN,Combined TRACON& Tower with Radar,67,18,22,0,107,0,0,5,1,6,67,18,27,1,113,0,0,0,113
11/03/2020,ORF,VA,AEA,EN,Combined TRACON& Tower with Radar,50,13,25,0,88,0,0,24,1,25,50,13,49,1,113,0,0,0,113
11/04/2020,ORF,VA,AEA,EN,Combined TRACON& Tower with Radar,56,27,32,0,115,0,0,28,0,28,56,27,60,0,143,0,0,0,143
11/05/2020,ORF,VA,AEA,EN,Combined TRACON& Tower with Radar,81,29,57,2,169,0,0,27,0,27,81,29,84,2,196,0,0,0,196
11/06/2020,ORF,VA,AEA,EN,Combined TRACON& Tower with Radar,84,27,37,2,150,0,0,12,2,14,84,27,49,4,164,0,0,0,164
11/07/2020,ORF,VA,AEA,EN,Combined TRACON& Tower with Radar,64,15,13,15,107,0,0,21,0,21,64,15,34,15,128,0,0,0,128
11/08/2020,ORF,VA,AEA,EN,Combined TRACON& Tower with Radar,84,18,18,2,122,0,0,19,0,19,84,18,37,2,141,0,0,0,141
11/09/2020,ORF,VA,AEA,EN,Combined TRACON& Tower with Radar,86,17,15,4,122,0,0,28,0,28,86,17,43,4,150,0,0,0,150
11/10/2020,ORF,VA,AEA,EN,Combined TRACON& Tower with Radar,62,12,28,0,102,0,0,25,0,25,62,12,53,0,127,0,0,0,127
11/11/2020,ORF,VA,AEA,EN,Combined TRACON& Tower with Radar,60,17,25,0,102,0,0,9,0,9,60,17,34,0,111,0,0,0,111
11/12/2020,ORF,VA,AEA,EN,Combined TRACON& Tower with Radar,88,23,29,0,140,0,0,0,0,0,88,23,29,0,140,0,0,0,140
11/13/2020,ORF,VA,AEA,EN,Combined TRACON& Tower with Radar,89,24,24,0,137,0,0,7,0,7,89,24,31,0,144,0,0,0,144
11/14/2020,ORF,VA,AEA,EN,Combined TRACON& Tower with Radar,69,16,19,0,104,0,0,28,0,28,69,16,47,0,132,0,0,0,132
11/15/2020,ORF,VA,AEA,EN,Combined TRACON& Tower with Radar,90,23,16,0,129,0,0,3,0,3,90,23,19,0,132,0,0,0,132
11/16/2020,ORF,VA,AEA,EN,Combined TRACON& Tower with Radar,84,27,24,1,136,0,0,20,0,20,84,27,44,1,156,0,0,0,156
11/17/2020,ORF,VA,AEA,EN,Combined TRACON& Tower with Radar,61,10,16,0,87,0,0,10,0,10,61,10,26,0,97,0,0,0,97
11/18/2020,ORF,VA,AEA,EN,Combined TRACON& Tower with Radar,61,16,29,1,107,0,0,10,1,11,61,16,39,2,118,0,0,0,118
11/19/2020,ORF,VA,AEA,EN,Combined TRACON& Tower with Radar,89,20,33,0,142,0,0,25,1,26,89,20,58,1,168,0,0,0,168
11/20/2020,ORF,VA,AEA,EN,Combined TRACON& Tower with Radar,92,19,31,1,143,0,0,38,3,41,92,19,69,4,184,0,0,0,184
11/21/2020,ORF,VA,AEA,EN,Combined TRACON& Tower with Radar,70,18,31,0,119,0,0,24,0,24,70,18,55,0,143,0,0,0,143
11/22/2020,ORF,VA,AEA,EN,Combined TRACON& Tower with Radar,84,21,42,0,147,0,0,19,0,19,84,21,61,0,166,0,0,0,166
11/23/2020,ORF,VA,AEA,EN,Combined TRACON& Tower with Radar,74,18,19,0,111,0,0,4,0,4,74,18,23,0,115,13,0,13,128
11/24/2020,ORF,VA,AEA,EN,Combined TRACON& Tower with Radar,97,21,25,0,143,0,0,19,0,19,97,21,44,0,162,0,0,0,162
11/25/2020,ORF,VA,AEA,EN,Combined TRACON& Tower with Radar,89,17,30,0,136,0,0,8,0,8,89,17,38,0,144,0,0,0,144
11/26/2020,ORF,VA,AEA,EN,Combined TRACON& Tower with Radar,40,11,9,0,60,0,0,0,0,0,40,11,9,0,60,0,0,0,60
11/27/2020,ORF,VA,AEA,EN,Combined TRACON& Tower with Radar,75,19,17,0,111,0,0,0,0,0,75,19,17,0,111,0,0,0,111
11/28/2020,ORF,VA,AEA,EN,Combined TRACON& Tower with Radar,87,25,26,0,138,0,0,16,0,16,87,25,42,0,154,0,0,0,154
11/29/2020,ORF,VA,AEA,EN,Combined TRACON& Tower with Radar,94,28,37,0,159,0,0,27,0,27,94,28,64,0,186,0,0,0,186
11/30/2020,ORF,VA,AEA,EN,Combined TRACON& Tower with Radar,89,15,9,2,115,0,0,0,0,0,89,15,9,2,115,0,0,0,115
12/01/2020,ORF,VA,AEA,EN,Combined TRACON& Tower with Radar,78,10,23,0,111,0,0,8,0,8,78,10,31,0,119,0,0,0,119
12/02/2020,ORF,VA,AEA,EN,Combined TRACON& Tower with Radar,62,21,21,2,106,0,0,15,0,15,62,21,36,2,121,0,0,0,121
12/03/2020,ORF,VA,AEA,EN,Combined TRACON& Tower with Radar,84,28,33,3,148,0,0,20,1,21,84,28,53,4,169,0,0,0,169
12/04/2020,ORF,VA,AEA,EN,Combined TRACON& Tower with Radar,86,23,18,0,127,0,0,10,1,11,86,23,28,1,138,0,0,0,138
12/05/2020,ORF,VA,AEA,EN,Combined TRACON& Tower with Radar,61,27,2,2,92,0,0,4,0,4,61,27,6,2,96,4,0,4,100
12/06/2020,ORF,VA,AEA,EN,Combined TRACON& Tower with Radar,77,12,27,6,122,0,0,23,0,23,77,12,50,6,145,0,0,0,145
12/07/2020,ORF,VA,AEA,EN,Combined TRACON& Tower with Radar,79,23,18,0,120,0,0,2,0,2,79,23,20,0,122,0,0,0,122
12/08/2020,ORF,VA,AEA,EN,Combined TRACON& Tower with Radar,64,10,14,3,91,0,0,21,1,22,64,10,35,4,113,0,0,0,113
12/09/2020,ORF,VA,AEA,EN,Combined TRACON& Tower with Radar,60,21,24,0,105,0,0,8,0,8,60,21,32,0,113,0,0,0,113
12/10/2020,ORF,VA,AEA,EN,Combined TRACON& Tower with Radar,83,20,22,1,126,0,0,38,3,41,83,20,60,4,167,0,0,0,167
12/11/2020,ORF,VA,AEA,EN,Combined TRACON& Tower with Radar,82,26,37,0,145,0,2,24,1,27,82,28,61,1,172,0,0,0,172
12/12/2020,ORF,VA,AEA,EN,Combined TRACON& Tower with Radar,57,16,24,0,97,0,0,23,0,23,57,16,47,0,120,0,0,0,120
12/13/2020,ORF,VA,AEA,EN,Combined TRACON& Tower with Radar,73,25,15,2,115,0,0,15,0,15,73,25,30,2,130,0,0,0,130
12/14/2020,ORF,VA,AEA,EN,Combined TRACON& Tower with Radar,85,28,10,4,127,0,0,0,0,0,85,28,10,4,127,0,0,0,127
12/15/2020,ORF,VA,AEA,EN,Combined TRACON& Tower with Radar,63,13,27,8,111,0,0,20,2,22,63,13,47,10,133,0,0,0,133
12/16/2020,ORF,VA,AEA,EN,Combined TRACON& Tower with Radar,55,25,14,0,94,0,0,0,0,0,55,25,14,0,94,0,0,0,94
12/17/2020,ORF,VA,AEA,EN,Combined TRACON& Tower with Radar,78,21,30,5,134,0,1,21,3,25,78,22,51,8,159,0,0,0,159
12/18/2020,ORF,VA,AEA,EN,Combined TRACON& Tower with Radar,92,30,20,2,144,0,0,7,0,7,92,30,27,2,151,0,0,0,151
12/19/2020,ORF,VA,AEA,EN,Combined TRACON& Tower with Radar,89,22,25,0,136,0,0,32,0,32,89,22,57,0,168,0,0,0,168
12/20/2020,ORF,VA,AEA,EN,Combined TRACON& Tower with Radar,80,21,12,0,113,0,0,2,0,2,80,21,14,0,115,0,0,0,115
12/21/2020,ORF,VA,AEA,EN,Combined TRACON& Tower with Radar,86,21,27,0,134,0,0,5,1,6,86,21,32,1,140,0,0,0,140
12/22/2020,ORF,VA,AEA,EN,Combined TRACON& Tower with Radar,82,26,21,1,130,0,0,27,0,27,82,26,48,1,157,0,0,0,157
12/23/2020,ORF,VA,AEA,EN,Combined TRACON& Tower with Radar,92,29,29,0,150,0,0,16,0,16,92,29,45,0,166,0,0,0,166
12/24/2020,ORF,VA,AEA,EN,Combined TRACON& Tower with Radar,57,18,11,0,86,0,0,0,0,0,57,18,11,0,86,0,0,0,86
12/25/2020,ORF,VA,AEA,EN,Combined TRACON& Tower with Radar,47,15,5,2,69,0,0,0,0,0,47,15,5,2,69,0,0,0,69
12/26/2020,ORF,VA,AEA,EN,Combined TRACON& Tower with Radar,83,18,32,0,133,0,0,11,0,11,83,18,43,0,144,0,0,0,144
12/27/2020,ORF,VA,AEA,EN,Combined TRACON& Tower with Radar,76,35,21,0,132,0,0,29,1,30,76,35,50,1,162,0,0,0,162
12/28/2020,ORF,VA,AEA,EN,Combined TRACON& Tower with Radar,87,28,19,0,134,0,0,5,0,5,87,28,24,0,139,0,0,0,139
12/29/2020,ORF,VA,AEA,EN,Combined TRACON& Tower with Radar,83,34,29,0,146,0,0,12,0,12,83,34,41,0,158,0,0,0,158
12/30/2020,ORF,VA,AEA,EN,Combined TRACON& Tower with Radar,87,27,22,0,136,0,0,17,0,17,87,27,39,0,153,0,0,0,153
12/31/2020,ORF,VA,AEA,EN,Combined TRACON& Tower with Radar,60,18,8,0,86,0,0,0,0,0,60,18,8,0,86,0,0,0,86
01/01/2021,ORF,VA,AEA,EN,Combined TRACON& Tower with Radar,58,20,6,0,84,0,0,0,0,0,58,20,6,0,84,0,0,0,84
01/02/2021,ORF,VA,AEA,EN,Combined TRACON& Tower with Radar,90,26,27,0,143,0,0,20,0,20,90,26,47,0,163,0,0,0,163
01/03/2021,ORF,VA,AEA,EN,Combined TRACON& Tower with Radar,87,25,28,0,140,0,0,0,0,0,87,25,28,0,140,0,0,0,140
01/04/2021,ORF,VA,AEA,EN,Combined TRACON& Tower with Radar,79,21,11,0,111,0,0,2,0,2,79,21,13,0,113,0,0,0,113
01/05/2021,ORF,VA,AEA,EN,Combined TRACON& Tower with Radar,67,20,11,0,98,0,0,9,0,9,67,20,20,0,107,0,0,0,107
01/06/2021,ORF,VA,AEA,EN,Combined TRACON& Tower with Radar,68,9,31,0,108,0,0,7,0,7,68,9,38,0,115,0,0,0,115
01/07/2021,ORF,VA,AEA,EN,Combined TRACON& Tower with Radar,77,28,22,0,127,0,2,13,1,16,77,30,35,1,143,0,0,0,143
01/08/2021,ORF,VA,AEA,EN,Combined TRACON& Tower with Radar,77,28,10,1,116,0,1,4,0,5,77,29,14,1,121,0,0,0,121
01/09/2021,ORF,VA,AEA,EN,Combined TRACON& Tower with Radar,62,20,16,1,99,0,0,4,0,4,62,20,20,1,103,0,0,0,103
01/10/2021,ORF,VA,AEA,EN,Combined TRACON& Tower with Radar,69,23,10,0,102,0,2,18,0,20,69,25,28,0,122,0,0,0,122
01/11/2021,ORF,VA,AEA,EN,Combined TRACON& Tower with Radar,77,31,20,0,128,0,0,12,0,12,77,31,32,0,140,0,0,0,140
01/12/2021,ORF,VA,AEA,EN,Combined TRACON& Tower with Radar,65,17,15,0,97,0,0,16,0,16,65,17,31,0,113,0,0,0,113
01/13/2021,ORF,VA,AEA,EN,Combined TRACON& Tower with Radar,67,29,17,3,116,0,0,21,1,22,67,29,38,4,138,0,0,0,138
01/14/2021,ORF,VA,AEA,EN,Combined TRACON& Tower with Radar,77,26,24,0,127,0,4,13,0,17,77,30,37,0,144,0,0,0,144
01/15/2021,ORF,VA,AEA,EN,Combined TRACON& Tower with Radar,81,30,30,0,141,0,0,4,0,4,81,30,34,0,145,0,0,0,145
01/16/2021,ORF,VA,AEA,EN,Combined TRACON& Tower with Radar,59,25,33,0,117,0,0,7,0,7,59,25,40,0,124,0,0,0,124
01/17/2021,ORF,VA,AEA,EN,Combined TRACON& Tower with Radar,66,26,17,0,109,0,0,20,0,20,66,26,37,0,129,0,0,0,129
01/18/2021,ORF,VA,AEA,EN,Combined TRACON& Tower with Radar,76,25,16,0,117,0,0,15,0,15,76,25,31,0,132,0,0,0,132
01/19/2021,ORF,VA,AEA,EN,Combined TRACON& Tower with Radar,66,17,20,0,103,0,0,11,1,12,66,17,31,1,115,0,0,0,115
01/20/2021,ORF,VA,AEA,EN,Combined TRACON& Tower with Radar,65,16,17,2,100,0,0,3,0,3,65,16,20,2,103,0,0,0,103
01/21/2021,ORF,VA,AEA,EN,Combined TRACON& Tower with Radar,79,28,30,2,139,0,0,12,1,13,79,28,42,3,152,0,0,0,152
01/22/2021,ORF,VA,AEA,EN,Combined TRACON& Tower with Radar,78,30,16,0,124,0,0,8,0,8,78,30,24,0,132,0,0,0,132
01/23/2021,ORF,VA,AEA,EN,Combined TRACON& Tower with Radar,59,21,15,0,95,0,0,7,1,8,59,21,22,1,103,0,0,0,103
01/24/2021,ORF,VA,AEA,EN,Combined TRACON& Tower with Radar,72,21,25,0,118,0,0,28,0,28,72,21,53,0,146,0,0,0,146
01/25/2021,ORF,VA,AEA,EN,Combined TRACON& Tower with Radar,75,26,17,2,120,0,0,2,0,2,75,26,19,2,122,0,0,0,122
01/26/2021,ORF,VA,AEA,EN,Combined TRACON& Tower with Radar,69,15,6,1,91,0,0,0,0,0,69,15,6,1,91,0,0,0,91
01/27/2021,ORF,VA,AEA,EN,Combined TRACON& Tower with Radar,66,11,22,0,99,0,0,2,0,2,66,11,24,0,101,0,0,0,101
01/28/2021,ORF,VA,AEA,EN,Combined TRACON& Tower with Radar,72,18,18,1,109,0,0,2,0,2,72,18,20,1,111,0,0,0,111
01/29/2021,ORF,VA,AEA,EN,Combined TRACON& Tower with Radar,78,39,20,0,137,0,0,5,0,5,78,39,25,0,142,0,0,0,142
01/30/2021,ORF,VA,AEA,EN,Combined TRACON& Tower with Radar,63,35,26,0,124,0,0,26,0,26,63,35,52,0,150,0,0,0,150
01/31/2021,ORF,VA,AEA,EN,Combined TRACON& Tower with Radar,67,43,14,0,124,0,0,0,0,0,67,43,14,0,124,0,0,0,124
02/01/2021,ORF,VA,AEA,EN,Combined TRACON& Tower with Radar,71,18,11,0,100,0,0,0,0,0,71,18,11,0,100,3,0,3,103
02/02/2021,ORF,VA,AEA,EN,Combined TRACON& Tower with Radar,67,11,19,0,97,0,0,1,0,1,67,11,20,0,98,0,0,0,98
02/03/2021,ORF,VA,AEA,EN,Combined TRACON& Tower with Radar,69,23,18,2,112,0,0,9,4,13,69,23,27,6,125,0,0,0,125
02/04/2021,ORF,VA,AEA,EN,Combined TRACON& Tower with Radar,78,25,49,0,152,0,0,28,0,28,78,25,77,0,180,0,0,0,180
02/05/2021,ORF,VA,AEA,EN,Combined TRACON& Tower with Radar,79,30,14,0,123,0,0,1,1,2,79,30,15,1,125,0,0,0,125
02/06/2021,ORF,VA,AEA,EN,Combined TRACON& Tower with Radar,62,26,30,0,118,0,0,20,0,20,62,26,50,0,138,0,0,0,138
02/07/2021,ORF,VA,AEA,EN,Combined TRACON& Tower with Radar,67,23,5,0,95,0,0,0,0,0,67,23,5,0,95,0,0,0,95
02/08/2021,ORF,VA,AEA,EN,Combined TRACON& Tower with Radar,77,32,19,0,128,0,0,22,0,22,77,32,41,0,150,0,0,0,150
02/09/2021,ORF,VA,AEA,EN,Combined TRACON& Tower with Radar,68,19,22,0,109,0,0,6,1,7,68,19,28,1,116,0,0,0,116
02/10/2021,ORF,VA,AEA,EN,Combined TRACON& Tower with Radar,64,19,25,0,108,0,0,24,0,24,64,19,49,0,132,0,0,0,132
02/11/2021,ORF,VA,AEA,EN,Combined TRACON& Tower with Radar,79,22,19,0,120,0,0,0,0,0,79,22,19,0,120,0,0,0,120
02/12/2021,ORF,VA,AEA,EN,Combined TRACON& Tower with Radar,78,24,13,0,115,0,0,0,0,0,78,24,13,0,115,0,0,0,115
02/13/2021,ORF,VA,AEA,EN,Combined TRACON& Tower with Radar,61,21,5,0,87,0,0,0,0,0,61,21,5,0,87,0,0,0,87
02/14/2021,ORF,VA,AEA,EN,Combined TRACON& Tower with Radar,72,15,7,0,94,0,0,0,0,0,72,15,7,0,94,0,0,0,94
02/15/2021,ORF,VA,AEA,EN,Combined TRACON& Tower with Radar,69,19,23,0,111,0,0,0,0,0,69,19,23,0,111,0,0,0,111
02/16/2021,ORF,VA,AEA,EN,Combined TRACON& Tower with Radar,61,16,18,0,95,0,0,3,2,5,61,16,21,2,100,0,0,0,100
02/17/2021,ORF,VA,AEA,EN,Combined TRACON& Tower with Radar,58,18,30,0,106,0,0,26,0,26,58,18,56,0,132,0,0,0,132
02/18/2021,ORF,VA,AEA,EN,Combined TRACON& Tower with Radar,61,20,9,1,91,0,0,0,0,0,61,20,9,1,91,0,0,0,91
02/19/2021,ORF,VA,AEA,EN,Combined TRACON& Tower with Radar,77,21,3,3,104,0,0,0,0,0,77,21,3,3,104,0,0,0,104
02/20/2021,ORF,VA,AEA,EN,Combined TRACON& Tower with Radar,62,18,17,0,97,0,0,16,0,16,62,18,33,0,113,0,0,0,113
02/21/2021,ORF,VA,AEA,EN,Combined TRACON& Tower with Radar,77,21,29,0,127,0,0,24,1,25,77,21,53,1,152,0,0,0,152
02/22/2021,ORF,VA,AEA,EN,Combined TRACON& Tower with Radar,80,27,16,0,123,0,0,0,0,0,80,27,16,0,123,0,0,0,123
02/23/2021,ORF,VA,AEA,EN,Combined TRACON& Tower with Radar,69,12,27,1,109,0,0,16,0,16,69,12,43,1,125,0,0,0,125
02/24/2021,ORF,VA,AEA,EN,Combined TRACON& Tower with Radar,67,14,16,0,97,0,0,19,0,19,67,14,35,0,116,0,0,0,116
02/25/2021,ORF,VA,AEA,EN,Combined TRACON& Tower with Radar,81,22,34,2,139,0,0,16,1,17,81,22,50,3,156,0,0,0,156
02/26/2021,ORF,VA,AEA,EN,Combined TRACON& Tower with Radar,83,26,26,0,135,0,0,9,0,9,83,26,35,0,144,0,0,0,144
02/27/2021,ORF,VA,AEA,EN,Combined TRACON& Tower with Radar,60,25,11,0,96,0,0,5,0,5,60,25,16,0,101,0,0,0,101
02/28/2021,ORF,VA,AEA,EN,Combined TRACON& Tower with Radar,81,22,28,1,132,0,0,2,0,2,81,22,30,1,134,0,0,0,134
03/01/2021,ORF,VA,AEA,EN,Combined TRACON& Tower with Radar,82,17,15,1,115,0,0,2,0,2,82,17,17,1,117,0,0,0,117
03/02/2021,ORF,VA,AEA,EN,Combined TRACON& Tower with Radar,71,12,24,1,108,0,0,14,0,14,71,12,38,1,122,0,0,0,122
03/03/2021,ORF,VA,AEA,EN,Combined TRACON& Tower with Radar,68,18,30,0,116,0,0,27,0,27,68,18,57,0,143,0,0,0,143
03/04/2021,ORF,VA,AEA,EN,Combined TRACON& Tower with Radar,86,26,37,0,149,0,0,20,0,20,86,26,57,0,169,4,0,4,173
03/05/2021,ORF,VA,AEA,EN,Combined TRACON& Tower with Radar,88,34,34,3,159,0,0,13,0,13,88,34,47,3,172,0,0,0,172
03/06/2021,ORF,VA,AEA,EN,Combined TRACON& Tower with Radar,68,31,24,0,123,0,0,13,0,13,68,31,37,0,136,0,0,0,136
03/07/2021,ORF,VA,AEA,EN,Combined TRACON& Tower with Radar,82,27,37,1,147,0,0,23,1,24,82,27,60,2,171,16,0,16,187
03/08/2021,ORF,VA,AEA,EN,Combined TRACON& Tower with Radar,88,20,15,6,129,0,0,29,0,29,88,20,44,6,158,0,0,0,158
03/09/2021,ORF,VA,AEA,EN,Combined TRACON& Tower with Radar,77,22,25,5,129,0,0,14,0,14,77,22,39,5,143,0,0,0,143
03/10/2021,ORF,VA,AEA,EN,Combined TRACON& Tower with Radar,77,19,8,1,105,0,0,19,0,19,77,19,27,1,124,0,0,0,124
03/11/2021,ORF,VA,AEA,EN,Combined TRACON& Tower with Radar,90,28,32,0,150,0,0,18,0,18,90,28,50,0,168,0,0,0,168
03/12/2021,ORF,VA,AEA,EN,Combined TRACON& Tower with Radar,88,28,47,2,165,0,0,11,0,11,88,28,58,2,176,0,0,0,176
03/13/2021,ORF,VA,AEA,EN,Combined TRACON& Tower with Radar,74,26,23,0,123,0,0,20,0,20,74,26,43,0,143,0,0,0,143
03/14/2021,ORF,VA,AEA,EN,Combined TRACON& Tower with Radar,81,25,31,2,139,0,0,9,0,9,81,25,40,2,148,0,0,0,148
03/15/2021,ORF,VA,AEA,EN,Combined TRACON& Tower with Radar,85,23,14,0,122,0,0,5,0,5,85,23,19,0,127,0,0,0,127
03/16/2021,ORF,VA,AEA,EN,Combined TRACON& Tower with Radar,77,19,19,0,115,0,0,0,0,0,77,19,19,0,115,0,0,0,115
03/17/2021,ORF,VA,AEA,EN,Combined TRACON& Tower with Radar,79,16,18,4,117,0,0,0,0,0,79,16,18,4,117,0,0,0,117
03/18/2021,ORF,VA,AEA,EN,Combined TRACON& Tower with Radar,97,24,23,4,148,0,0,0,0,0,97,24,23,4,148,0,0,0,148
03/19/2021,ORF,VA,AEA,EN,Combined TRACON& Tower with Radar,90,13,11,6,120,0,0,0,0,0,90,13,11,6,120,0,0,0,120
03/20/2021,ORF,VA,AEA,EN,Combined TRACON& Tower with Radar,68,24,21,2,115,0,0,12,0,12,68,24,33,2,127,0,0,0,127
03/21/2021,ORF,VA,AEA,EN,Combined TRACON& Tower with Radar,85,22,34,0,141,0,0,17,0,17,85,22,51,0,158,0,0,0,158
03/22/2021,ORF,VA,AEA,EN,Combined TRACON& Tower with Radar,85,18,32,2,137,0,0,5,0,5,85,18,37,2,142,0,0,0,142
03/23/2021,ORF,VA,AEA,EN,Combined TRACON& Tower with Radar,77,19,26,0,122,0,0,0,0,0,77,19,26,0,122,0,0,0,122
03/24/2021,ORF,VA,AEA,EN,Combined TRACON& Tower with Radar,79,21,26,0,126,0,0,0,0,0,79,21,26,0,126,0,0,0,126
03/25/2021,ORF,VA,AEA,EN,Combined TRACON& Tower with Radar,89,26,30,2,147,0,0,15,0,15,89,26,45,2,162,0,0,0,162
03/26/2021,ORF,VA,AEA,EN,Combined TRACON& Tower with Radar,93,12,20,0,125,0,1,11,0,12,93,13,31,0,137,0,0,0,137
03/27/2021,ORF,VA,AEA,EN,Combined TRACON& Tower with Radar,68,18,26,0,112,0,0,23,1,24,68,18,49,1,136,0,0,0,136
03/28/2021,ORF,VA,AEA,EN,Combined TRACON& Tower with Radar,87,24,20,2,133,0,0,4,0,4,87,24,24,2,137,0,0,0,137
03/29/2021,ORF,VA,AEA,EN,Combined TRACON& Tower with Radar,86,24,25,2,137,0,0,21,1,22,86,24,46,3,159,0,0,0,159
03/30/2021,ORF,VA,AEA,EN,Combined TRACON& Tower with Radar,79,14,30,0,123,0,0,20,2,22,79,14,50,2,145,0,0,0,145
03/31/2021,ORF,VA,AEA,EN,Combined TRACON& Tower with Radar,82,15,15,2,114,0,0,10,0,10,82,15,25,2,124,0,0,0,124
04/01/2021,ORF,VA,AEA,EN,Combined TRACON& Tower with Radar,93,28,35,0,156,0,0,3,0,3,93,28,38,0,159,0,0,0,159
04/02/2021,ORF,VA,AEA,EN,Combined TRACON& Tower with Radar,97,28,25,0,150,0,0,3,0,3,97,28,28,0,153,0,0,0,153
04/03/2021,ORF,VA,AEA,EN,Combined TRACON& Tower with Radar,78,21,30,0,129,0,0,27,0,27,78,21,57,0,156,0,0,0,156
04/04/2021,ORF,VA,AEA,EN,Combined TRACON& Tower with Radar,93,11,15,0,119,0,0,6,0,6,93,11,21,0,125,0,0,0,125
04/05/2021,ORF,VA,AEA,EN,Combined TRACON& Tower with Radar,103,15,33,0,151,0,0,19,0,19,103,15,52,0,170,0,0,0,170
04/06/2021,ORF,VA,AEA,EN,Combined TRACON& Tower with Radar,87,15,22,0,124,0,0,17,0,17,87,15,39,0,141,0,0,0,141
04/07/2021,ORF,VA,AEA,EN,Combined TRACON& Tower with Radar,90,23,23,0,136,0,0,23,0,23,90,23,46,0,159,0,0,0,159
04/08/2021,ORF,VA,AEA,EN,Combined TRACON& Tower with Radar,103,25,29,2,159,0,0,7,0,7,103,25,36,2,166,0,0,0,166
04/09/2021,ORF,VA,AEA,EN,Combined TRACON& Tower with Radar,101,10,38,0,149,0,0,5,0,5,101,10,43,0,154,0,0,0,154
04/10/2021,ORF,VA,AEA,EN,Combined TRACON& Tower with Radar,81,15,12,0,108,0,0,2,0,2,81,15,14,0,110,0,0,0,110
04/11/2021,ORF,VA,AEA,EN,Combined TRACON& Tower with Radar,91,19,30,2,142,0,0,6,0,6,91,19,36,2,148,0,0,0,148
04/12/2021,ORF,VA,AEA,EN,Combined TRACON& Tower with Radar,106,17,52,1,176,0,0,2,0,2,106,17,54,1,178,0,0,0,178
04/13/2021,ORF,VA,AEA,EN,Combined TRACON& Tower with Radar,80,12,28,6,126,0,0,11,1,12,80,12,39,7,138,0,0,0,138
04/14/2021,ORF,VA,AEA,EN,Combined TRACON& Tower with Radar,84,13,30,2,129,0,0,10,0,10,84,13,40,2,139,0,0,0,139
04/15/2021,ORF,VA,AEA,EN,Combined TRACON& Tower with Radar,112,16,37,8,173,0,0,4,1,5,112,16,41,9,178,0,0,0,178
04/16/2021,ORF,VA,AEA,EN,Combined TRACON& Tower with Radar,107,24,31,3,165,0,0,24,3,27,107,24,55,6,192,0,0,0,192
04/17/2021,ORF,VA,AEA,EN,Combined TRACON& Tower with Radar,80,8,16,6,110,0,0,39,1,40,80,8,55,7,150,0,0,0,150
04/18/2021,ORF,VA,AEA,EN,Combined TRACON& Tower with Radar,101,16,39,1,157,0,2,25,2,29,101,18,64,3,186,0,0,0,186
04/19/2021,ORF,VA,AEA,EN,Combined TRACON& Tower with Radar,97,8,25,10,140,0,0,4,0,4,97,8,29,10,144,0,0,0,144
04/20/2021,ORF,VA,AEA,EN,Combined TRACON& Tower with Radar,84,13,37,4,138,0,0,16,1,17,84,13,53,5,155,0,0,0,155
04/21/2021,ORF,VA,AEA,EN,Combined TRACON& Tower with Radar,91,19,30,5,145,0,0,5,0,5,91,19,35,5,150,0,0,0,150
04/22/2021,ORF,VA,AEA,EN,Combined TRACON& Tower with Radar,107,21,37,3,168,0,0,11,0,11,107,21,48,3,179,0,0,0,179
04/23/2021,ORF,VA,AEA,EN,Combined TRACON& Tower with Radar,107,17,33,5,162,0,0,22,0,22,107,17,55,5,184,0,0,0,184
04/24/2021,ORF,VA,AEA,EN,Combined TRACON& Tower with Radar,77,12,15,1,105,0,0,9,0,9,77,12,24,1,114,0,0,0,114
04/25/2021,ORF,VA,AEA,EN,Combined TRACON& Tower with Radar,105,21,29,0,155,0,0,8,0,8,105,21,37,0,163,0,0,0,163
04/26/2021,ORF,VA,AEA,EN,Combined TRACON& Tower with Radar,99,14,26,2,141,0,0,19,0,19,99,14,45,2,160,0,0,0,160
04/27/2021,ORF,VA,AEA,EN,Combined TRACON& Tower with Radar,81,15,27,0,123,0,0,22,0,22,81,15,49,0,145,0,0,0,145
04/28/2021,ORF,VA,AEA,EN,Combined TRACON& Tower with Radar,84,19,37,0,140,0,1,16,0,17,84,20,53,0,157,0,0,0,157
04/29/2021,ORF,VA,AEA,EN,Combined TRACON& Tower with Radar,105,22,42,4,173,0,0,10,0,10,105,22,52,4,183,0,0,0,183
04/30/2021,ORF,VA,AEA,EN,Combined TRACON& Tower with Radar,112,20,41,3,176,0,0,6,0,6,112,20,47,3,182,0,0,0,182
05/01/2021,ORF,VA,AEA,EN,Combined TRACON& Tower with Radar,78,13,23,0,114,0,0,16,1,17,78,13,39,1,131,0,0,0,131
05/02/2021,ORF,VA,AEA,EN,Combined TRACON& Tower with Radar,98,23,33,0,154,0,3,12,0,15,98,26,45,0,169,0,0,0,169
05/03/2021,ORF,VA,AEA,EN,Combined TRACON& Tower with Radar,101,14,9,5,129,0,0,5,6,11,101,14,14,11,140,0,0,0,140
05/04/2021,ORF,VA,AEA,EN,Combined TRACON& Tower with Radar,76,19,36,0,131,0,0,5,2,7,76,19,41,2,138,0,0,0,138
05/05/2021,ORF,VA,AEA,EN,Combined TRACON& Tower with Radar,88,22,29,1,140,0,0,6,0,6,88,22,35,1,146,0,0,0,146
05/06/2021,ORF,VA,AEA,EN,Combined TRACON& Tower with Radar,105,22,35,2,164,0,0,28,0,28,105,22,63,2,192,0,0,0,192
05/07/2021,ORF,VA,AEA,EN,Combined TRACON& Tower with Radar,100,24,30,2,156,0,0,11,0,11,100,24,41,2,167,0,0,0,167
05/08/2021,ORF,VA,AEA,EN,Combined TRACON& Tower with Radar,84,15,35,0,134,0,0,17,0,17,84,15,52,0,151,0,0,0,151
05/09/2021,ORF,VA,AEA,EN,Combined TRACON& Tower with Radar,96,12,26,0,134,0,0,6,0,6,96,12,32,0,140,0,0,0,140
05/10/2021,ORF,VA,AEA,EN,Combined TRACON& Tower with Radar,97,18,25,0,140,0,0,7,0,7,97,18,32,0,147,0,0,0,147
05/11/2021,ORF,VA,AEA,EN,Combined TRACON& Tower with Radar,83,19,20,4,126,0,0,16,1,17,83,19,36,5,143,0,0,0,143
05/12/2021,ORF,VA,AEA,EN,Combined TRACON& Tower with Radar,92,22,25,0,139,0,0,14,0,14,92,22,39,0,153,0,0,0,153
05/13/2021,ORF,VA,AEA,EN,Combined TRACON& Tower with Radar,103,20,20,0,143,0,0,12,1,13,103,20,32,1,156,0,0,0,156
05/14/2021,ORF,VA,AEA,EN,Combined TRACON& Tower with Radar,104,17,33,0,154,0,0,11,1,12,104,17,44,1,166,0,0,0,166
05/15/2021,ORF,VA,AEA,EN,Combined TRACON& Tower with Radar,82,19,31,0,132,0,0,23,1,24,82,19,54,1,156,0,0,0,156
05/16/2021,ORF,VA,AEA,EN,Combined TRACON& Tower with Radar,94,13,30,2,139,0,0,14,0,14,94,13,44,2,153,0,0,0,153
05/17/2021,ORF,VA,AEA,EN,Combined TRACON& Tower with Radar,102,22,28,0,152,0,0,23,0,23,102,22,51,0,175,0,0,0,175
05/18/2021,ORF,VA,AEA,EN,Combined TRACON& Tower with Radar,93,23,41,0,157,0,0,15,0,15,93,23,56,0,172,0,0,0,172
05/19/2021,ORF,VA,AEA,EN,Combined TRACON& Tower with Radar,93,20,29,4,146,0,0,37,0,37,93,20,66,4,183,0,0,0,183
05/20/2021,ORF,VA,AEA,EN,Combined TRACON& Tower with Radar,103,34,51,1,189,0,1,32,0,33,103,35,83,1,222,0,0,0,222
05/21/2021,ORF,VA,AEA,EN,Combined TRACON& Tower with Radar,106,21,38,2,167,0,1,14,0,15,106,22,52,2,182,0,0,0,182
05/22/2021,ORF,VA,AEA,EN,Combined TRACON& Tower with Radar,80,18,15,0,113,0,0,19,2,21,80,18,34,2,134,0,0,0,134
05/23/2021,ORF,VA,AEA,EN,Combined TRACON& Tower with Radar,98,21,40,0,159,1,0,17,0,18,99,21,57,0,177,0,0,0,177
05/24/2021,ORF,VA,AEA,EN,Combined TRACON& Tower with Radar,100,18,29,0,147,0,1,10,0,11,100,19,39,0,158,0,0,0,158
05/25/2021,ORF,VA,AEA,EN,Combined TRACON& Tower with Radar,96,13,40,0,149,0,0,7,0,7,96,13,47,0,156,0,0,0,156
05/26/2021,ORF,VA,AEA,EN,Combined TRACON& Tower with Radar,111,21,35,2,169,0,0,24,0,24,111,21,59,2,193,0,0,0,193
05/27/2021,ORF,VA,AEA,EN,Combined TRACON& Tower with Radar,111,24,40,2,177,0,0,13,0,13,111,24,53,2,190,0,0,0,190
05/28/2021,ORF,VA,AEA,EN,Combined TRACON& Tower with Radar,110,26,33,2,171,0,0,14,0,14,110,26,47,2,185,0,0,0,185
05/29/2021,ORF,VA,AEA,EN,Combined TRACON& Tower with Radar,78,11,5,0,94,0,0,1,0,1,78,11,6,0,95,0,0,0,95
05/30/2021,ORF,VA,AEA,EN,Combined TRACON& Tower with Radar,85,17,26,1,129,0,0,4,0,4,85,17,30,1,133,0,0,0,133
05/31/2021,ORF,VA,AEA,EN,Combined TRACON& Tower with Radar,103,15,26,1,145,0,0,23,0,23,103,15,49,1,168,0,0,0,168
06/01/2021,ORF,VA,AEA,EN,Combined TRACON& Tower with Radar,89,22,38,0,149,0,0,19,0,19,89,22,57,0,168,0,0,0,168
06/02/2021,ORF,VA,AEA,EN,Combined TRACON& Tower with Radar,99,18,33,0,150,0,0,13,0,13,99,18,46,0,163,0,0,0,163
06/03/2021,ORF,VA,AEA,EN,Combined TRACON& Tower with Radar,119,16,32,0,167,0,0,2,0,2,119,16,34,0,169,0,0,0,169
06/04/2021,ORF,VA,AEA,EN,Combined TRACON& Tower with Radar,120,24,30,2,176,0,0,5,0,5,120,24,35,2,181,0,0,0,181
06/05/2021,ORF,VA,AEA,EN,Combined TRACON& Tower with Radar,94,18,16,2,130,0,0,40,0,40,94,18,56,2,170,0,0,0,170
06/06/2021,ORF,VA,AEA,EN,Combined TRACON& Tower with Radar,119,18,22,0,159,0,0,18,0,18,119,18,40,0,177,0,0,0,177
06/07/2021,ORF,VA,AEA,EN,Combined TRACON& Tower with Radar,114,17,23,4,158,0,0,16,0,16,114,17,39,4,174,0,0,0,174
06/08/2021,ORF,VA,AEA,EN,Combined TRACON& Tower with Radar,109,16,40,3,168,0,0,14,0,14,109,16,54,3,182,0,0,0,182
06/09/2021,ORF,VA,AEA,EN,Combined TRACON& Tower with Radar,108,21,29,2,160,0,0,13,1,14,108,21,42,3,174,0,0,0,174
06/10/2021,ORF,VA,AEA,EN,Combined TRACON& Tower with Radar,134,23,31,2,190,0,0,13,0,13,134,23,44,2,203,0,0,0,203
06/11/2021,ORF,VA,AEA,EN,Combined TRACON& Tower with Radar,120,28,24,5,177,0,0,2,0,2,120,28,26,5,179,0,0,0,179
06/12/2021,ORF,VA,AEA,EN,Combined TRACON& Tower with Radar,103,25,16,2,146,0,0,0,0,0,103,25,16,2,146,0,0,0,146
06/13/2021,ORF,VA,AEA,EN,Combined TRACON& Tower with Radar,121,27,29,1,178,0,0,25,0,25,121,27,54,1,203,0,0,0,203
06/14/2021,ORF,VA,AEA,EN,Combined TRACON& Tower with Radar,123,17,35,3,178,0,2,28,0,30,123,19,63,3,208,0,0,0,208
06/15/2021,ORF,VA,AEA,EN,Combined TRACON& Tower with Radar,113,23,35,8,179,0,2,23,0,25,113,25,58,8,204,0,0,0,204
06/16/2021,ORF,VA,AEA,EN,Combined TRACON& Tower with Radar,104,23,45,8,180,0,1,42,1,44,104,24,87,9,224,0,0,0,224
06/17/2021,ORF,VA,AEA,EN,Combined TRACON& Tower with Radar,125,24,39,2,190,0,4,25,0,29,125,28,64,2,219,0,0,0,219
06/18/2021,ORF,VA,AEA,EN,Combined TRACON& Tower with Radar,123,33,31,4,191,0,6,36,0,42,123,39,67,4,233,0,0,0,233
06/19/2021,ORF,VA,AEA,EN,Combined TRACON& Tower with Radar,97,18,16,0,131,0,2,20,6,28,97,20,36,6,159,0,0,0,159
06/20/2021,ORF,VA,AEA,EN,Combined TRACON& Tower with Radar,115,26,25,2,168,0,2,17,3,22,115,28,42,5,190,0,0,0,190
06/21/2021,ORF,VA,AEA,EN,Combined TRACON& Tower with Radar,116,26,31,0,173,0,5,24,1,30,116,31,55,1,203,0,0,0,203
06/22/2021,ORF,VA,AEA,EN,Combined TRACON& Tower with Radar,105,18,25,0,148,0,0,6,0,6,105,18,31,0,154,0,0,0,154
06/23/2021,ORF,VA,AEA,EN,Combined TRACON& Tower with Radar,112,25,47,1,185,0,0,27,0,27,112,25,74,1,212,0,0,0,212
06/24/2021,ORF,VA,AEA,EN,Combined TRACON& Tower with Radar,120,27,27,2,176,0,0,28,0,28,120,27,55,2,204,0,0,0,204
06/25/2021,ORF,VA,AEA,EN,Combined TRACON& Tower with Radar,122,25,41,2,190,0,2,10,0,12,122,27,51,2,202,0,0,0,202
06/26/2021,ORF,VA,AEA,EN,Combined TRACON& Tower with Radar,98,25,35,4,162,0,0,8,0,8,98,25,43,4,170,0,0,0,170
06/27/2021,ORF,VA,AEA,EN,Combined TRACON& Tower with Radar,120,23,31,1,175,0,2,19,0,21,120,25,50,1,196,0,0,0,196
06/28/2021,ORF,VA,AEA,EN,Combined TRACON& Tower with Radar,119,22,36,0,177,0,0,33,0,33,119,22,69,0,210,0,0,0,210
06/29/2021,ORF,VA,AEA,EN,Combined TRACON& Tower with Radar,98,22,18,0,138,0,2,27,0,29,98,24,45,0,167,0,0,0,167
06/30/2021,ORF,VA,AEA,EN,Combined TRACON& Tower with Radar,107,18,50,4,179,0,2,17,0,19,107,20,67,4,198,0,0,0,198
07/01/2021,ORF,VA,AEA,EN,Combined TRACON& Tower with Radar,125,17,53,2,197,0,0,18,0,18,125,17,71,2,215,0,0,0,215
07/02/2021,ORF,VA,AEA,EN,Combined TRACON& Tower with Radar,126,27,26,2,181,0,0,7,0,7,126,27,33,2,188,0,0,0,188
07/03/2021,ORF,VA,AEA,EN,Combined TRACON& Tower with Radar,105,17,21,0,143,0,0,15,0,15,105,17,36,0,158,0,0,0,158
07/04/2021,ORF,VA,AEA,EN,Combined TRACON& Tower with Radar,106,9,18,0,133,0,0,17,0,17,106,9,35,0,150,0,0,0,150
07/05/2021,ORF,VA,AEA,EN,Combined TRACON& Tower with Radar,113,18,23,2,156,0,0,19,0,19,113,18,42,2,175,0,0,0,175
07/06/2021,ORF,VA,AEA,EN,Combined TRACON& Tower with Radar,113,21,21,0,155,0,0,21,0,21,113,21,42,0,176,4,0,4,180
07/07/2021,ORF,VA,AEA,EN,Combined TRACON& Tower with Radar,105,15,33,0,153,0,0,29,0,29,105,15,62,0,182,0,0,0,182
07/08/2021,ORF,VA,AEA,EN,Combined TRACON& Tower with Radar,134,20,11,0,165,0,0,6,0,6,134,20,17,0,171,0,0,0,171
07/09/2021,ORF,VA,AEA,EN,Combined TRACON& Tower with Radar,130,37,38,2,207,0,0,17,0,17,130,37,55,2,224,0,0,0,224
07/10/2021,ORF,VA,AEA,EN,Combined TRACON& Tower with Radar,101,16,26,0,143,0,0,18,0,18,101,16,44,0,161,0,0,0,161
07/11/2021,ORF,VA,AEA,EN,Combined TRACON& Tower with Radar,125,24,24,0,173,0,0,12,0,12,125,24,36,0,185,0,0,0,185
07/12/2021,ORF,VA,AEA,EN,Combined TRACON& Tower with Radar,117,25,26,0,168,0,0,26,0,26,117,25,52,0,194,0,0,0,194
07/13/2021,ORF,VA,AEA,EN,Combined TRACON& Tower with Radar,113,20,31,0,164,0,0,30,0,30,113,20,61,0,194,0,0,0,194
07/14/2021,ORF,VA,AEA,EN,Combined TRACON& Tower with Radar,114,32,30,0,176,0,0,19,0,19,114,32,49,0,195,0,0,0,195
07/15/2021,ORF,VA,AEA,EN,Combined TRACON& Tower with Radar,131,27,48,0,206,0,0,34,0,34,131,27,82,0,240,0,0,0,240
07/16/2021,ORF,VA,AEA,EN,Combined TRACON& Tower with Radar,127,23,32,0,182,0,0,25,0,25,127,23,57,0,207,0,0,0,207
07/17/2021,ORF,VA,AEA,EN,Combined TRACON& Tower with Radar,116,23,27,1,167,0,2,21,0,23,116,25,48,1,190,0,0,0,190
07/18/2021,ORF,VA,AEA,EN,Combined TRACON& Tower with Radar,128,28,23,0,179,0,1,19,0,20,128,29,42,0,199,0,0,0,199
07/19/2021,ORF,VA,AEA,EN,Combined TRACON& Tower with Radar,128,29,18,4,179,0,0,8,0,8,128,29,26,4,187,0,0,0,187
07/20/2021,ORF,VA,AEA,EN,Combined TRACON& Tower with Radar,112,25,38,6,181,0,0,31,0,31,112,25,69,6,212,0,0,0,212
07/21/2021,ORF,VA,AEA,EN,Combined TRACON& Tower with Radar,113,33,37,2,185,0,0,23,0,23,113,33,60,2,208,0,0,0,208
07/22/2021,ORF,VA,AEA,EN,Combined TRACON& Tower with Radar,127,22,44,0,193,0,2,29,4,35,127,24,73,4,228,0,0,0,228
07/23/2021,ORF,VA,AEA,EN,Combined TRACON& Tower with Radar,121,27,36,0,184,0,0,31,0,31,121,27,67,0,215,0,0,0,215
07/24/2021,ORF,VA,AEA,EN,Combined TRACON& Tower with Radar,113,29,25,0,167,0,0,31,0,31,113,29,56,0,198,0,0,0,198
07/25/2021,ORF,VA,AEA,EN,Combined TRACON& Tower with Radar,122,22,32,0,176,0,0,28,0,28,122,22,60,0,204,0,0,0,204
07/26/2021,ORF,VA,AEA,EN,Combined TRACON& Tower with Radar,126,26,29,0,181,0,0,13,0,13,126,26,42,0,194,0,0,0,194
07/27/2021,ORF,VA,AEA,EN,Combined TRACON& Tower with Radar,105,25,30,0,160,0,0,18,1,19,105,25,48,1,179,0,0,0,179
07/28/2021,ORF,VA,AEA,EN,Combined TRACON& Tower with Radar,115,30,39,1,185,0,0,23,0,23,115,30,62,1,208,0,0,0,208
07/29/2021,ORF,VA,AEA,EN,Combined TRACON& Tower with Radar,134,38,42,3,217,0,0,19,0,19,134,38,61,3,236,0,0,0,236
07/30/2021,ORF,VA,AEA,EN,Combined TRACON& Tower with Radar,131,23,38,0,192,0,0,18,0,18,131,23,56,0,210,0,0,0,210
07/31/2021,ORF,VA,AEA,EN,Combined TRACON& Tower with Radar,99,28,38,0,165,0,0,14,0,14,99,28,52,0,179,0,0,0,179
08/01/2021,ORF,VA,AEA,EN,Combined TRACON& Tower with Radar,128,23,27,0,178,0,0,3,0,3,128,23,30,0,181,0,0,0,181
08/02/2021,ORF,VA,AEA,EN,Combined TRACON& Tower with Radar,126,19,32,0,177,0,0,23,0,23,126,19,55,0,200,0,0,0,200
08/03/2021,ORF,VA,AEA,EN,Combined TRACON& Tower with Radar,104,32,28,2,166,0,0,8,0,8,104,32,36,2,174,0,0,0,174
08/04/2021,ORF,VA,AEA,EN,Combined TRACON& Tower with Radar,110,24,30,0,164,0,0,4,0,4,110,24,34,0,168,0,2,2,170
08/05/2021,ORF,VA,AEA,EN,Combined TRACON& Tower with Radar,132,32,43,0,207,0,0,15,0,15,132,32,58,0,222,0,0,0,222
08/06/2021,ORF,VA,AEA,EN,Combined TRACON& Tower with Radar,130,31,27,0,188,0,2,26,0,28,130,33,53,0,216,0,0,0,216
08/07/2021,ORF,VA,AEA,EN,Combined TRACON& Tower with Radar,103,24,22,0,149,0,0,0,0,0,103,24,22,0,149,0,0,0,149
08/08/2021,ORF,VA,AEA,EN,Combined TRACON& Tower with Radar,128,21,41,0,190,0,0,14,0,14,128,21,55,0,204,0,0,0,204
08/09/2021,ORF,VA,AEA,EN,Combined TRACON& Tower with Radar,129,19,33,0,181,0,0,17,0,17,129,19,50,0,198,0,0,0,198
08/10/2021,ORF,VA,AEA,EN,Combined TRACON& Tower with Radar,125,19,42,1,187,0,1,26,1,28,125,20,68,2,215,0,0,0,215
08/11/2021,ORF,VA,AEA,EN,Combined TRACON& Tower with Radar,110,19,41,2,172,0,0,24,0,24,110,19,65,2,196,0,0,0,196
08/12/2021,ORF,VA,AEA,EN,Combined TRACON& Tower with Radar,133,19,27,1,180,0,1,24,1,26,133,20,51,2,206,11,0,11,217
08/13/2021,ORF,VA,AEA,EN,Combined TRACON& Tower with Radar,126,20,24,0,170,0,0,23,0,23,126,20,47,0,193,0,0,0,193
08/14/2021,ORF,VA,AEA,EN,Combined TRACON& Tower with Radar,97,20,13,0,130,0,0,18,0,18,97,20,31,0,148,0,0,0,148
08/15/2021,ORF,VA,AEA,EN,Combined TRACON& Tower with Radar,120,28,23,0,171,0,0,4,0,4,120,28,27,0,175,0,0,0,175
08/16/2021,ORF,VA,AEA,EN,Combined TRACON& Tower with Radar,135,22,31,0,188,0,0,9,0,9,135,22,40,0,197,0,0,0,197
08/17/2021,ORF,VA,AEA,EN,Combined TRACON& Tower with Radar,105,19,28,1,153,0,0,13,2,15,105,19,41,3,168,0,0,0,168
08/18/2021,ORF,VA,AEA,EN,Combined TRACON& Tower with Radar,101,25,39,2,167,0,1,10,0,11,101,26,49,2,178,0,0,0,178
08/19/2021,ORF,VA,AEA,EN,Combined TRACON& Tower with Radar,122,15,29,2,168,0,0,20,2,22,122,15,49,4,190,0,0,0,190
08/20/2021,ORF,VA,AEA,EN,Combined TRACON& Tower with Radar,136,24,35,0,195,0,0,3,0,3,136,24,38,0,198,0,0,0,198
08/21/2021,ORF,VA,AEA,EN,Combined TRACON& Tower with Radar,103,18,30,0,151,0,0,6,0,6,103,18,36,0,157,0,0,0,157
08/22/2021,ORF,VA,AEA,EN,Combined TRACON& Tower with Radar,120,23,35,0,178,0,0,11,0,11,120,23,46,0,189,0,0,0,189
08/23/2021,ORF,VA,AEA,EN,Combined TRACON& Tower with Radar,124,17,23,0,164,0,0,19,0,19,124,17,42,0,183,0,0,0,183
08/24/2021,ORF,VA,AEA,EN,Combined TRACON& Tower with Radar,103,22,22,0,147,0,0,21,0,21,103,22,43,0,168,0,0,0,168
08/25/2021,ORF,VA,AEA,EN,Combined TRACON& Tower with Radar,98,11,30,0,139,0,0,33,0,33,98,11,63,0,172,0,0,0,172
08/26/2021,ORF,VA,AEA,EN,Combined TRACON& Tower with Radar,133,16,29,0,178,0,0,21,0,21,133,16,50,0,199,0,0,0,199
08/27/2021,ORF,VA,AEA,EN,Combined TRACON& Tower with Radar,136,26,27,0,189,0,0,24,0,24,136,26,51,0,213,0,0,0,213
08/28/2021,ORF,VA,AEA,EN,Combined TRACON& Tower with Radar,105,24,26,2,157,0,2,22,0,24,105,26,48,2,181,0,0,0,181
08/29/2021,ORF,VA,AEA,EN,Combined TRACON& Tower with Radar,118,20,32,0,170,0,0,17,0,17,118,20,49,0,187,0,0,0,187
08/30/2021,ORF,VA,AEA,EN,Combined TRACON& Tower with Radar,120,18,30,0,168,0,0,13,3,16,120,18,43,3,184,0,0,0,184
08/31/2021,ORF,VA,AEA,EN,Combined TRACON& Tower with Radar,106,21,21,0,148,0,1,17,7,25,106,22,38,7,173,0,0,0,173
09/01/2021,ORF,VA,AEA,EN,Combined TRACON& Tower with Radar,104,23,19,0,146,0,0,7,3,10,104,23,26,3,156,0,0,0,156
09/02/2021,ORF,VA,AEA,EN,Combined TRACON& Tower with Radar,133,16,38,0,187,0,0,4,2,6,133,16,42,2,193,0,0,0,193
09/03/2021,ORF,VA,AEA,EN,Combined TRACON& Tower with Radar,133,28,41,2,204,0,2,30,2,34,133,30,71,4,238,0,0,0,238
09/04/2021,ORF,VA,AEA,EN,Combined TRACON& Tower with Radar,112,17,21,0,150,0,0,21,0,21,112,17,42,0,171,0,0,0,171
09/05/2021,ORF,VA,AEA,EN,Combined TRACON& Tower with Radar,115,14,15,0,144,0,0,11,0,11,115,14,26,0,155,0,0,0,155
09/06/2021,ORF,VA,AEA,EN,Combined TRACON& Tower with Radar,109,17,38,0,164,0,0,26,0,26,109,17,64,0,190,0,0,0,190
09/07/2021,ORF,VA,AEA,EN,Combined TRACON& Tower with Radar,103,15,31,0,149,0,0,17,3,20,103,15,48,3,169,6,0,6,175
09/08/2021,ORF,VA,AEA,EN,Combined TRACON& Tower with Radar,101,16,27,0,144,0,0,19,0,19,101,16,46,0,163,0,0,0,163
09/09/2021,ORF,VA,AEA,EN,Combined TRACON& Tower with Radar,123,23,15,0,161,0,0,2,0,2,123,23,17,0,163,0,0,0,163
09/10/2021,ORF,VA,AEA,EN,Combined TRACON& Tower with Radar,130,25,27,0,182,0,0,19,0,19,130,25,46,0,201,0,0,0,201
09/11/2021,ORF,VA,AEA,EN,Combined TRACON& Tower with Radar,97,16,25,0,138,0,1,21,0,22,97,17,46,0,160,0,0,0,160
09/12/2021,ORF,VA,AEA,EN,Combined TRACON& Tower with Radar,124,18,21,0,163,0,1,20,0,21,124,19,41,0,184,0,0,0,184
09/13/2021,ORF,VA,AEA,EN,Combined TRACON& Tower with Radar,129,13,21,2,165,0,0,30,0,30,129,13,51,2,195,0,0,0,195
09/14/2021,ORF,VA,AEA,EN,Combined TRACON& Tower with Radar,104,19,23,0,146,0,0,22,0,22,104,19,45,0,168,0,0,0,168
09/15/2021,ORF,VA,AEA,EN,Combined TRACON& Tower with Radar,106,26,27,0,159,0,0,12,3,15,106,26,39,3,174,0,0,0,174
09/16/2021,ORF,VA,AEA,EN,Combined TRACON& Tower with Radar,132,21,50,2,205,0,0,17,0,17,132,21,67,2,222,0,0,0,222
09/17/2021,ORF,VA,AEA,EN,Combined TRACON& Tower with Radar,130,19,36,0,185,0,0,0,0,0,130,19,36,0,185,0,0,0,185
09/18/2021,ORF,VA,AEA,EN,Combined TRACON& Tower with Radar,97,22,21,0,140,0,0,8,0,8,97,22,29,0,148,0,0,0,148
09/19/2021,ORF,VA,AEA,EN,Combined TRACON& Tower with Radar,122,27,40,0,189,0,0,23,0,23,122,27,63,0,212,0,0,0,212
09/20/2021,ORF,VA,AEA,EN,Combined TRACON& Tower with Radar,127,24,18,0,169,0,0,17,0,17,127,24,35,0,186,0,0,0,186
09/21/2021,ORF,VA,AEA,EN,Combined TRACON& Tower with Radar,104,15,22,0,141,1,0,22,0,23,105,15,44,0,164,0,0,0,164
09/22/2021,ORF,VA,AEA,EN,Combined TRACON& Tower with Radar,104,16,31,2,153,0,0,7,0,7,104,16,38,2,160,0,0,0,160
09/23/2021,ORF,VA,AEA,EN,Combined TRACON& Tower with Radar,119,13,25,1,158,0,0,2,0,2,119,13,27,1,160,0,0,0,160
09/24/2021,ORF,VA,AEA,EN,Combined TRACON& Tower with Radar,134,25,29,3,191,0,0,26,0,26,134,25,55,3,217,0,0,0,217
09/25/2021,ORF,VA,AEA,EN,Combined TRACON& Tower with Radar,94,23,19,0,136,2,0,30,2,34,96,23,49,2,170,8,4,12,182
09/26/2021,ORF,VA,AEA,EN,Combined TRACON& Tower with Radar,125,23,36,0,184,0,0,23,0,23,125,23,59,0,207,0,0,0,207
09/27/2021,ORF,VA,AEA,EN,Combined TRACON& Tower with Radar,124,31,39,0,194,0,0,21,0,21,124,31,60,0,215,0,0,0,215
09/28/2021,ORF,VA,AEA,EN,Combined TRACON& Tower with Radar,103,19,19,0,141,0,0,15,6,21,103,19,34,6,162,14,0,14,176
09/29/2021,ORF,VA,AEA,EN,Combined TRACON& Tower with Radar,106,18,42,2,168,0,0,30,3,33,106,18,72,5,201,28,0,28,229
09/30/2021,ORF,VA,AEA,EN,Combined TRACON& Tower with Radar,130,44,27,0,201,0,0,18,0,18,130,44,45,0,219,0,0,0,219
10/01/2021,ORF,VA,AEA,EN,Combined TRACON& Tower with Radar,134,21,41,3,199,0,0,20,0,20,134,21,61,3,219,0,0,0,219
10/02/2021,ORF,VA,AEA,EN,Combined TRACON& Tower with Radar,91,28,22,3,144,0,2,18,0,20,91,30,40,3,164,0,0,0,164
10/03/2021,ORF,VA,AEA,EN,Combined TRACON& Tower with Radar,125,30,42,0,197,0,1,31,2,34,125,31,73,2,231,0,0,0,231
10/04/2021,ORF,VA,AEA,EN,Combined TRACON& Tower with Radar,125,24,17,2,168,0,1,17,1,19,125,25,34,3,187,0,0,0,187
10/05/2021,ORF,VA,AEA,EN,Combined TRACON& Tower with Radar,112,22,40,0,174,0,0,10,0,10,112,22,50,0,184,0,0,0,184
10/06/2021,ORF,VA,AEA,EN,Combined TRACON& Tower with Radar,107,24,25,4,160,0,0,8,6,14,107,24,33,10,174,18,0,18,192
10/07/2021,ORF,VA,AEA,EN,Combined TRACON& Tower with Radar,133,19,30,3,185,0,0,3,0,3,133,19,33,3,188,0,0,0,188
10/08/2021,ORF,VA,AEA,EN,Combined TRACON& Tower with Radar,144,19,36,0,199,0,0,10,0,10,144,19,46,0,209,0,0,0,209
10/09/2021,ORF,VA,AEA,EN,Combined TRACON& Tower with Radar,110,12,18,0,140,0,0,0,0,0,110,12,18,0,140,0,0,0,140
10/10/2021,ORF,VA,AEA,EN,Combined TRACON& Tower with Radar,118,21,27,0,166,0,0,2,0,2,118,21,29,0,168,0,0,0,168
10/11/2021,ORF,VA,AEA,EN,Combined TRACON& Tower with Radar,134,11,29,0,174,0,0,0,0,0,134,11,29,0,174,0,0,0,174
10/12/2021,ORF,VA,AEA,EN,Combined TRACON& Tower with Radar,117,15,19,0,151,0,0,0,0,0,117,15,19,0,151,0,0,0,151
10/13/2021,ORF,VA,AEA,EN,Combined TRACON& Tower with Radar,115,11,44,1,171,0,0,6,0,6,115,11,50,1,177,0,0,0,177
10/14/2021,ORF,VA,AEA,EN,Combined TRACON& Tower with Radar,135,12,41,0,188,0,0,9,1,10,135,12,50,1,198,0,0,0,198
10/15/2021,ORF,VA,AEA,EN,Combined TRACON& Tower with Radar,139,13,37,0,189,0,2,34,0,36,139,15,71,0,225,0,0,0,225
10/16/2021,ORF,VA,AEA,EN,Combined TRACON& Tower with Radar,112,7,23,8,150,0,0,10,0,10,112,7,33,8,160,0,0,0,160
10/17/2021,ORF,VA,AEA,EN,Combined TRACON& Tower with Radar,130,22,33,0,185,0,0,14,0,14,130,22,47,0,199,0,0,0,199
10/18/2021,ORF,VA,AEA,EN,Combined TRACON& Tower with Radar,137,19,36,0,192,0,0,11,0,11,137,19,47,0,203,0,0,0,203
10/19/2021,ORF,VA,AEA,EN,Combined TRACON& Tower with Radar,115,8,22,0,145,0,0,32,6,38,115,8,54,6,183,0,0,0,183
10/20/2021,ORF,VA,AEA,EN,Combined TRACON& Tower with Radar,116,12,30,1,159,0,0,28,3,31,116,12,58,4,190,0,12,12,202
10/21/2021,ORF,VA,AEA,EN,Combined TRACON& Tower with Radar,137,23,34,0,194,0,0,27,0,27,137,23,61,0,221,0,0,0,221
10/22/2021,ORF,VA,AEA,EN,Combined TRACON& Tower with Radar,139,24,41,2,206,0,0,5,0,5,139,24,46,2,211,0,0,0,211
10/23/2021,ORF,VA,AEA,EN,Combined TRACON& Tower with Radar,105,10,19,0,134,0,0,24,0,24,105,10,43,0,158,0,0,0,158
10/24/2021,ORF,VA,AEA,EN,Combined TRACON& Tower with Radar,125,11,33,0,169,0,0,15,0,15,125,11,48,0,184,0,0,0,184
10/25/2021,ORF,VA,AEA,EN,Combined TRACON& Tower with Radar,148,25,31,1,205,0,0,4,0,4,148,25,35,1,209,0,0,0,209
10/26/2021,ORF,VA,AEA,EN,Combined TRACON& Tower with Radar,116,17,39,0,172,0,0,0,1,1,116,17,39,1,173,0,0,0,173
10/27/2021,ORF,VA,AEA,EN,Combined TRACON& Tower with Radar,116,20,34,4,174,0,0,18,5,23,116,20,52,9,197,19,0,19,216
10/28/2021,ORF,VA,AEA,EN,Combined TRACON& Tower with Radar,136,29,37,5,207,0,0,15,2,17,136,29,52,7,224,0,0,0,224
10/29/2021,ORF,VA,AEA,EN,Combined TRACON& Tower with Radar,138,25,25,4,192,0,0,4,3,7,138,25,29,7,199,0,0,0,199
10/30/2021,ORF,VA,AEA,EN,Combined TRACON& Tower with Radar,95,11,22,2,130,0,0,6,0,6,95,11,28,2,136,0,0,0,136
10/31/2021,ORF,VA,AEA,EN,Combined TRACON& Tower with Radar,94,14,32,0,140,0,0,22,0,22,94,14,54,0,162,0,0,0,162
11/01/2021,ORF,VA,AEA,EN,Combined TRACON& Tower with Radar,126,17,27,4,174,0,0,34,0,34,126,17,61,4,208,2,0,2,210
11/02/2021,ORF,VA,AEA,EN,Combined TRACON& Tower with Radar,122,15,43,2,182,0,0,21,0,21,122,15,64,2,203,0,0,0,203
11/03/2021,ORF,VA,AEA,EN,Combined TRACON& Tower with Radar,120,20,33,4,177,0,0,22,0,22,120,20,55,4,199,0,0,0,199
11/04/2021,ORF,VA,AEA,EN,Combined TRACON& Tower with Radar,154,14,52,0,220,0,0,13,0,13,154,14,65,0,233,0,0,0,233
11/05/2021,ORF,VA,AEA,EN,Combined TRACON& Tower with Radar,155,21,34,4,214,0,0,18,0,18,155,21,52,4,232,0,0,0,232
11/06/2021,ORF,VA,AEA,EN,Combined TRACON& Tower with Radar,108,7,50,2,167,0,0,7,0,7,108,7,57,2,174,0,0,0,174
11/07/2021,ORF,VA,AEA,EN,Combined TRACON& Tower with Radar,131,21,68,0,220,0,0,12,0,12,131,21,80,0,232,0,0,0,232
11/08/2021,ORF,VA,AEA,EN,Combined TRACON& Tower with Radar,151,15,32,0,198,0,0,15,2,17,151,15,47,2,215,0,0,0,215
11/09/2021,ORF,VA,AEA,EN,Combined TRACON& Tower with Radar,130,9,31,2,172,0,0,25,1,26,130,9,56,3,198,16,0,16,214
11/10/2021,ORF,VA,AEA,EN,Combined TRACON& Tower with Radar,134,20,24,4,182,0,0,23,0,23,134,20,47,4,205,0,0,0,205
11/11/2021,ORF,VA,AEA,EN,Combined TRACON& Tower with Radar,150,14,34,0,198,0,0,13,0,13,150,14,47,0,211,0,0,0,211
11/12/2021,ORF,VA,AEA,EN,Combined TRACON& Tower with Radar,150,15,34,0,199,0,0,8,0,8,150,15,42,0,207,2,0,2,209
11/13/2021,ORF,VA,AEA,EN,Combined TRACON& Tower with Radar,112,11,19,0,142,0,0,5,0,5,112,11,24,0,147,0,0,0,147
11/14/2021,ORF,VA,AEA,EN,Combined TRACON& Tower with Radar,130,23,39,0,192,0,0,21,0,21,130,23,60,0,213,0,0,0,213
11/15/2021,ORF,VA,AEA,EN,Combined TRACON& Tower with Radar,150,7,31,0,188,0,0,5,0,5,150,7,36,0,193,0,0,0,193
11/16/2021,ORF,VA,AEA,EN,Combined TRACON& Tower with Radar,128,16,33,0,177,0,2,10,0,12,128,18,43,0,189,0,0,0,189
11/17/2021,ORF,VA,AEA,EN,Combined TRACON& Tower with Radar,131,16,25,0,172,0,0,24,2,26,131,16,49,2,198,0,0,0,198
11/18/2021,ORF,VA,AEA,EN,Combined TRACON& Tower with Radar,157,16,25,0,198,0,0,8,0,8,157,16,33,0,206,0,0,0,206
11/19/2021,ORF,VA,AEA,EN,Combined TRACON& Tower with Radar,156,17,37,0,210,0,2,10,0,12,156,19,47,0,222,0,0,0,222
11/20/2021,ORF,VA,AEA,EN,Combined TRACON& Tower with Radar,118,16,32,0,166,0,1,21,0,22,118,17,53,0,188,0,0,0,188
11/21/2021,ORF,VA,AEA,EN,Combined TRACON& Tower with Radar,139,23,32,0,194,0,0,32,0,32,139,23,64,0,226,0,0,0,226
11/22/2021,ORF,VA,AEA,EN,Combined TRACON& Tower with Radar,141,15,27,0,183,0,0,0,2,2,141,15,27,2,185,0,0,0,185
11/23/2021,ORF,VA,AEA,EN,Combined TRACON& Tower with Radar,153,25,44,0,222,0,0,9,2,11,153,25,53,2,233,0,0,0,233
11/24/2021,ORF,VA,AEA,EN,Combined TRACON& Tower with Radar,160,14,39,0,213,0,0,22,0,22,160,14,61,0,235,0,0,0,235
11/25/2021,ORF,VA,AEA,EN,Combined TRACON& Tower with Radar,76,4,10,0,90,0,0,6,0,6,76,4,16,0,96,0,0,0,96
11/26/2021,ORF,VA,AEA,EN,Combined TRACON& Tower with Radar,101,15,16,0,132,0,0,6,0,6,101,15,22,0,138,0,0,0,138
11/27/2021,ORF,VA,AEA,EN,Combined TRACON& Tower with Radar,125,18,38,0,181,0,0,12,0,12,125,18,50,0,193,0,0,0,193
11/28/2021,ORF,VA,AEA,EN,Combined TRACON& Tower with Radar,147,24,38,0,209,0,0,8,0,8,147,24,46,0,217,0,0,0,217
11/29/2021,ORF,VA,AEA,EN,Combined TRACON& Tower with Radar,158,25,33,0,216,0,0,8,4,12,158,25,41,4,228,0,0,0,228
11/30/2021,ORF,VA,AEA,EN,Combined TRACON& Tower with Radar,139,18,24,0,181,0,0,7,2,9,139,18,31,2,190,0,0,0,190
12/01/2021,ORF,VA,AEA,EN,Combined TRACON& Tower with Radar,141,17,28,1,187,0,0,18,4,22,141,17,46,5,209,0,0,0,209
12/02/2021,ORF,VA,AEA,EN,Combined TRACON& Tower with Radar,158,24,42,0,224,0,0,22,4,26,158,24,64,4,250,0,0,0,250
12/03/2021,ORF,VA,AEA,EN,Combined TRACON& Tower with Radar,156,26,30,0,212,0,1,30,2,33,156,27,60,2,245,0,0,0,245
12/04/2021,ORF,VA,AEA,EN,Combined TRACON& Tower with Radar,105,16,32,0,153,0,0,21,0,21,105,16,53,0,174,0,0,0,174
12/05/2021,ORF,VA,AEA,EN,Combined TRACON& Tower with Radar,131,22,33,0,186,0,0,15,1,16,131,22,48,1,202,0,0,0,202
12/06/2021,ORF,VA,AEA,EN,Combined TRACON& Tower with Radar,149,23,28,0,200,0,0,6,0,6,149,23,34,0,206,0,0,0,206
12/07/2021,ORF,VA,AEA,EN,Combined TRACON& Tower with Radar,128,26,41,0,195,0,2,25,0,27,128,28,66,0,222,4,0,4,226
12/08/2021,ORF,VA,AEA,EN,Combined TRACON& Tower with Radar,137,19,26,0,182,0,0,1,0,1,137,19,27,0,183,0,0,0,183
12/09/2021,ORF,VA,AEA,EN,Combined TRACON& Tower with Radar,152,40,30,0,222,0,0,22,2,24,152,40,52,2,246,0,0,0,246
12/10/2021,ORF,VA,AEA,EN,Combined TRACON& Tower with Radar,149,29,49,0,227,2,0,6,0,8,151,29,55,0,235,0,0,0,235
12/11/2021,ORF,VA,AEA,EN,Combined TRACON& Tower with Radar,101,17,31,0,149,0,0,0,0,0,101,17,31,0,149,0,0,0,149
12/12/2021,ORF,VA,AEA,EN,Combined TRACON& Tower with Radar,129,30,34,0,193,0,0,9,2,11,129,30,43,2,204,0,0,0,204
12/13/2021,ORF,VA,AEA,EN,Combined TRACON& Tower with Radar,149,22,36,2,209,0,0,23,2,25,149,22,59,4,234,0,0,0,234
12/14/2021,ORF,VA,AEA,EN,Combined TRACON& Tower with Radar,124,16,37,2,179,0,0,23,3,26,124,16,60,5,205,0,0,0,205
12/15/2021,ORF,VA,AEA,EN,Combined TRACON& Tower with Radar,132,24,35,0,191,0,0,14,0,14,132,24,49,0,205,0,0,0,205
12/16/2021,ORF,VA,AEA,EN,Combined TRACON& Tower with Radar,143,32,23,0,198,0,0,15,0,15,143,32,38,0,213,0,0,0,213
12/17/2021,ORF,VA,AEA,EN,Combined TRACON& Tower with Radar,145,23,23,0,191,0,0,9,0,9,145,23,32,0,200,0,0,0,200
12/18/2021,ORF,VA,AEA,EN,Combined TRACON& Tower with Radar,103,13,15,0,131,0,0,4,0,4,103,13,19,0,135,0,0,0,135
12/19/2021,ORF,VA,AEA,EN,Combined TRACON& Tower with Radar,131,15,17,0,163,0,0,0,0,0,131,15,17,0,163,0,0,0,163
12/20/2021,ORF,VA,AEA,EN,Combined TRACON& Tower with Radar,139,12,25,2,178,0,1,11,0,12,139,13,36,2,190,0,0,0,190
12/21/2021,ORF,VA,AEA,EN,Combined TRACON& Tower with Radar,138,17,20,0,175,0,0,8,0,8,138,17,28,0,183,0,0,0,183
12/22/2021,ORF,VA,AEA,EN,Combined TRACON& Tower with Radar,145,19,27,1,192,0,0,16,0,16,145,19,43,1,208,0,0,0,208
12/23/2021,ORF,VA,AEA,EN,Combined TRACON& Tower with Radar,145,13,29,0,187,0,0,22,0,22,145,13,51,0,209,0,0,0,209
12/24/2021,ORF,VA,AEA,EN,Combined TRACON& Tower with Radar,95,11,12,0,118,0,0,10,0,10,95,11,22,0,128,0,0,0,128
12/25/2021,ORF,VA,AEA,EN,Combined TRACON& Tower with Radar,84,9,5,0,98,0,0,9,0,9,84,9,14,0,107,0,0,0,107
12/26/2021,ORF,VA,AEA,EN,Combined TRACON& Tower with Radar,116,10,28,0,154,0,2,26,0,28,116,12,54,0,182,0,0,0,182
12/27/2021,ORF,VA,AEA,EN,Combined TRACON& Tower with Radar,117,18,25,0,160,0,0,8,0,8,117,18,33,0,168,0,0,0,168
12/28/2021,ORF,VA,AEA,EN,Combined TRACON& Tower with Radar,122,14,21,0,157,0,0,17,0,17,122,14,38,0,174,0,0,0,174
12/29/2021,ORF,VA,AEA,EN,Combined TRACON& Tower with Radar,131,18,29,0,178,0,0,7,0,7,131,18,36,0,185,0,0,0,185
12/30/2021,ORF,VA,AEA,EN,Combined TRACON& Tower with Radar,71,9,17,0,97,0,0,0,0,0,71,9,17,0,97,0,0,0,97
12/31/2021,ORF,VA,AEA,EN,Combined TRACON& Tower with Radar,94,11,5,0,110,0,0,0,0,0,94,11,5,0,110,0,0,0,110
01/01/2022,ORF,VA,AEA,EN,Combined TRACON& Tower with Radar,81,17,15,0,113,0,0,5,0,5,81,17,20,0,118,0,0,0,118
01/02/2022,ORF,VA,AEA,EN,Combined TRACON& Tower with Radar,120,21,35,1,177,0,0,2,1,3,120,21,37,2,180,0,0,0,180
01/03/2022,ORF,VA,AEA,EN,Combined TRACON& Tower with Radar,115,11,12,2,140,0,0,0,0,0,115,11,12,2,140,0,0,0,140
01/04/2022,ORF,VA,AEA,EN,Combined TRACON& Tower with Radar,112,16,24,1,153,0,1,25,0,26,112,17,49,1,179,18,0,18,197
01/05/2022,ORF,VA,AEA,EN,Combined TRACON& Tower with Radar,113,12,23,0,148,0,0,0,0,0,113,12,23,0,148,0,0,0,148
01/06/2022,ORF,VA,AEA,EN,Combined TRACON& Tower with Radar,119,8,21,0,148,0,0,23,0,23,119,8,44,0,171,0,0,0,171
01/07/2022,ORF,VA,AEA,EN,Combined TRACON& Tower with Radar,112,10,20,0,142,0,0,2,0,2,112,10,22,0,144,0,0,0,144
01/08/2022,ORF,VA,AEA,EN,Combined TRACON& Tower with Radar,91,4,11,0,106,0,0,26,0,26,91,4,37,0,132,0,0,0,132
01/09/2022,ORF,VA,AEA,EN,Combined TRACON& Tower with Radar,115,8,25,0,148,0,0,7,0,7,115,8,32,0,155,0,0,0,155
01/10/2022,ORF,VA,AEA,EN,Combined TRACON& Tower with Radar,125,9,13,0,147,0,0,10,1,11,125,9,23,1,158,0,0,0,158
01/11/2022,ORF,VA,AEA,EN,Combined TRACON& Tower with Radar,118,7,28,0,153,0,0,14,0,14,118,7,42,0,167,0,0,0,167
01/12/2022,ORF,VA,AEA,EN,Combined TRACON& Tower with Radar,119,8,21,0,148,0,0,19,0,19,119,8,40,0,167,0,0,0,167
01/13/2022,ORF,VA,AEA,EN,Combined TRACON& Tower with Radar,135,8,18,0,161,0,0,16,0,16,135,8,34,0,177,0,0,0,177
01/14/2022,ORF,VA,AEA,EN,Combined TRACON& Tower with Radar,129,18,28,0,175,0,0,3,0,3,129,18,31,0,178,0,0,0,178
01/15/2022,ORF,VA,AEA,EN,Combined TRACON& Tower with Radar,87,11,13,0,111,0,0,15,0,15,87,11,28,0,126,0,0,0,126
01/16/2022,ORF,VA,AEA,EN,Combined TRACON& Tower with Radar,86,13,3,0,102,0,0,0,0,0,86,13,3,0,102,0,0,0,102
01/17/2022,ORF,VA,AEA,EN,Combined TRACON& Tower with Radar,114,15,22,0,151,0,0,1,0,1,114,15,23,0,152,0,0,0,152
01/18/2022,ORF,VA,AEA,EN,Combined TRACON& Tower with Radar,116,11,36,1,164,0,0,14,0,14,116,11,50,1,178,0,0,0,178
01/19/2022,ORF,VA,AEA,EN,Combined TRACON& Tower with Radar,118,13,31,2,164,0,0,12,2,14,118,13,43,4,178,0,0,0,178
01/20/2022,ORF,VA,AEA,EN,Combined TRACON& Tower with Radar,129,11,11,0,151,0,0,9,1,10,129,11,20,1,161,0,0,0,161
01/21/2022,ORF,VA,AEA,EN,Combined TRACON& Tower with Radar,81,11,9,0,101,0,0,0,0,0,81,11,9,0,101,0,0,0,101
01/22/2022,ORF,VA,AEA,EN,Combined TRACON& Tower with Radar,76,8,12,0,96,0,0,2,0,2,76,8,14,0,98,0,0,0,98
01/23/2022,ORF,VA,AEA,EN,Combined TRACON& Tower with Radar,113,13,19,6,151,0,1,13,0,14,113,14,32,6,165,0,0,0,165
01/24/2022,ORF,VA,AEA,EN,Combined TRACON& Tower with Radar,123,7,18,2,150,0,0,12,3,15,123,7,30,5,165,0,0,0,165
01/25/2022,ORF,VA,AEA,EN,Combined TRACON& Tower with Radar,114,22,20,3,159,0,0,8,1,9,114,22,28,4,168,0,0,0,168
01/26/2022,ORF,VA,AEA,EN,Combined TRACON& Tower with Radar,118,19,26,1,164,0,0,10,2,12,118,19,36,3,176,2,7,9,185
01/27/2022,ORF,VA,AEA,EN,Combined TRACON& Tower with Radar,132,13,28,0,173,0,0,14,10,24,132,13,42,10,197,6,0,6,203
01/28/2022,ORF,VA,AEA,EN,Combined TRACON& Tower with Radar,115,11,15,0,141,0,0,11,1,12,115,11,26,1,153,10,0,10,163
01/29/2022,ORF,VA,AEA,EN,Combined TRACON& Tower with Radar,51,6,4,4,65,0,0,3,1,4,51,6,7,5,69,0,0,0,69
01/30/2022,ORF,VA,AEA,EN,Combined TRACON& Tower with Radar,107,9,14,6,136,0,0,13,0,13,107,9,27,6,149,0,0,0,149
01/31/2022,ORF,VA,AEA,EN,Combined TRACON& Tower with Radar,124,15,29,2,170,0,3,15,0,18,124,18,44,2,188,0,0,0,188
02/01/2022,ORF,VA,AEA,EN,Combined TRACON& Tower with Radar,119,17,16,0,152,0,2,7,0,9,119,19,23,0,161,0,0,0,161
02/02/2022,ORF,VA,AEA,EN,Combined TRACON& Tower with Radar,83,9,19,0,111,0,0,0,0,0,83,9,19,0,111,0,0,0,111
02/03/2022,ORF,VA,AEA,EN,Combined TRACON& Tower with Radar,127,21,24,2,174,0,1,11,0,12,127,22,35,2,186,2,5,7,193
02/04/2022,ORF,VA,AEA,EN,Combined TRACON& Tower with Radar,114,21,15,0,150,0,0,0,0,0,114,21,15,0,150,0,4,4,154
02/05/2022,ORF,VA,AEA,EN,Combined TRACON& Tower with Radar,96,14,19,0,129,0,0,5,0,5,96,14,24,0,134,1,5,6,140
02/06/2022,ORF,VA,AEA,EN,Combined TRACON& Tower with Radar,123,16,31,1,171,0,0,10,1,11,123,16,41,2,182,0,0,0,182
02/07/2022,ORF,VA,AEA,EN,Combined TRACON& Tower with Radar,132,14,18,0,164,0,0,0,0,0,132,14,18,0,164,0,0,0,164
02/08/2022,ORF,VA,AEA,EN,Combined TRACON& Tower with Radar,119,17,18,0,154,0,0,16,0,16,119,17,34,0,170,0,0,0,170
02/09/2022,ORF,VA,AEA,EN,Combined TRACON& Tower with Radar,122,15,39,0,176,0,2,25,0,27,122,17,64,0,203,6,8,14,217
02/10/2022,ORF,VA,AEA,EN,Combined TRACON& Tower with Radar,138,17,24,0,179,0,0,12,1,13,138,17,36,1,192,1,5,6,198
02/11/2022,ORF,VA,AEA,EN,Combined TRACON& Tower with Radar,135,28,28,2,193,0,0,13,0,13,135,28,41,2,206,0,0,0,206
02/12/2022,ORF,VA,AEA,EN,Combined TRACON& Tower with Radar,102,25,29,3,159,0,4,33,0,37,102,29,62,3,196,4,0,4,200
02/13/2022,ORF,VA,AEA,EN,Combined TRACON& Tower with Radar,113,11,16,1,141,0,0,0,0,0,113,11,16,1,141,0,0,0,141
02/14/2022,ORF,VA,AEA,EN,Combined TRACON& Tower with Radar,137,15,20,0,172,0,0,8,0,8,137,15,28,0,180,0,0,0,180
02/15/2022,ORF,VA,AEA,EN,Combined TRACON& Tower with Radar,122,18,25,0,165,0,0,21,4,25,122,18,46,4,190,16,0,16,206
02/16/2022,ORF,VA,AEA,EN,Combined TRACON& Tower with Radar,125,22,35,0,182,0,2,15,0,17,125,24,50,0,199,45,48,93,292
02/17/2022,ORF,VA,AEA,EN,Combined TRACON& Tower with Radar,144,18,28,0,190,0,0,10,0,10,144,18,38,0,200,0,3,3,203
02/18/2022,ORF,VA,AEA,EN,Combined TRACON& Tower with Radar,137,23,24,0,184,2,0,4,0,6,139,23,28,0,190,0,4,4,194
02/19/2022,ORF,VA,AEA,EN,Combined TRACON& Tower with Radar,105,14,31,0,150,0,0,9,0,9,105,14,40,0,159,0,2,2,161
02/20/2022,ORF,VA,AEA,EN,Combined TRACON& Tower with Radar,130,17,28,0,175,0,0,17,0,17,130,17,45,0,192,20,0,20,212
02/21/2022,ORF,VA,AEA,EN,Combined TRACON& Tower with Radar,141,16,31,0,188,0,0,20,0,20,141,16,51,0,208,0,0,0,208
02/22/2022,ORF,VA,AEA,EN,Combined TRACON& Tower with Radar,126,14,28,1,169,0,0,20,0,20,126,14,48,1,189,38,0,38,227
02/23/2022,ORF,VA,AEA,EN,Combined TRACON& Tower with Radar,129,16,25,0,170,0,0,6,2,8,129,16,31,2,178,18,0,18,196
02/24/2022,ORF,VA,AEA,EN,Combined TRACON& Tower with Radar,138,24,20,0,182,0,0,4,2,6,138,24,24,2,188,0,0,0,188
02/25/2022,ORF,VA,AEA,EN,Combined TRACON& Tower with Radar,128,14,25,0,167,0,0,3,1,4,128,14,28,1,171,0,0,0,171
02/26/2022,ORF,VA,AEA,EN,Combined TRACON& Tower with Radar,113,9,43,0,165,0,2,13,0,15,113,11,56,0,180,0,0,0,180
02/27/2022,ORF,VA,AEA,EN,Combined TRACON& Tower with Radar,131,13,30,0,174,2,0,16,0,18,133,13,46,0,192,11,0,11,203
02/28/2022,ORF,VA,AEA,EN,Combined TRACON& Tower with Radar,140,26,20,2,188,0,2,15,1,18,140,28,35,3,206,9,0,9,215
03/01/2022,ORF,VA,AEA,EN,Combined TRACON& Tower with Radar,128,21,33,0,182,0,0,28,2,30,128,21,61,2,212,17,0,17,229
03/02/2022,ORF,VA,AEA,EN,Combined TRACON& Tower with Radar,128,26,29,0,183,0,0,29,3,32,128,26,58,3,215,0,0,0,215
03/03/2022,ORF,VA,AEA,EN,Combined TRACON& Tower with Radar,145,29,42,0,216,0,2,13,0,15,145,31,55,0,231,0,0,0,231
03/04/2022,ORF,VA,AEA,EN,Combined TRACON& Tower with Radar,138,35,37,0,210,0,0,15,0,15,138,35,52,0,225,0,0,0,225
03/05/2022,ORF,VA,AEA,EN,Combined TRACON& Tower with Radar,111,26,32,0,169,0,0,34,0,34,111,26,66,0,203,2,0,2,205
03/06/2022,ORF,VA,AEA,EN,Combined TRACON& Tower with Radar,122,18,23,0,163,0,2,11,2,15,122,20,34,2,178,0,0,0,178
03/07/2022,ORF,VA,AEA,EN,Combined TRACON& Tower with Radar,128,9,14,0,151,0,0,1,0,1,128,9,15,0,152,0,0,0,152
03/08/2022,ORF,VA,AEA,EN,Combined TRACON& Tower with Radar,123,15,18,0,156,0,0,14,0,14,123,15,32,0,170,0,0,0,170
03/09/2022,ORF,VA,AEA,EN,Combined TRACON& Tower with Radar,112,19,22,2,155,0,0,0,0,0,112,19,22,2,155,0,0,0,155
03/10/2022,ORF,VA,AEA,EN,Combined TRACON& Tower with Radar,141,18,48,0,207,0,0,2,0,2,141,18,50,0,209,0,0,0,209
03/11/2022,ORF,VA,AEA,EN,Combined TRACON& Tower with Radar,138,26,20,2,186,0,0,18,0,18,138,26,38,2,204,2,0,2,206
03/12/2022,ORF,VA,AEA,EN,Combined TRACON& Tower with Radar,96,12,13,2,123,0,0,0,0,0,96,12,13,2,123,0,0,0,123
03/13/2022,ORF,VA,AEA,EN,Combined TRACON& Tower with Radar,119,23,42,0,184,0,2,26,0,28,119,25,68,0,212,18,0,18,230
03/14/2022,ORF,VA,AEA,EN,Combined TRACON& Tower with Radar,139,20,28,0,187,0,0,28,0,28,139,20,56,0,215,0,0,0,215
03/15/2022,ORF,VA,AEA,EN,Combined TRACON& Tower with Radar,120,13,19,0,152,0,0,19,0,19,120,13,38,0,171,30,6,36,207
03/16/2022,ORF,VA,AEA,EN,Combined TRACON& Tower with Radar,126,20,47,0,193,0,2,49,0,51,126,22,96,0,244,22,16,38,282
03/17/2022,ORF,VA,AEA,EN,Combined TRACON& Tower with Radar,124,16,23,1,164,0,0,0,0,0,124,16,23,1,164,0,0,0,164
03/18/2022,ORF,VA,AEA,EN,Combined TRACON& Tower with Radar,140,13,34,1,188,4,0,21,0,25,144,13,55,1,213,8,0,8,221
03/19/2022,ORF,VA,AEA,EN,Combined TRACON& Tower with Radar,113,10,11,2,136,0,0,18,1,19,113,10,29,3,155,3,0,3,158
03/20/2022,ORF,VA,AEA,EN,Combined TRACON& Tower with Radar,130,15,24,0,169,0,0,16,0,16,130,15,40,0,185,0,0,0,185
03/21/2022,ORF,VA,AEA,EN,Combined TRACON& Tower with Radar,138,21,25,0,184,0,1,28,7,36,138,22,53,7,220,0,0,0,220
03/22/2022,ORF,VA,AEA,EN,Combined TRACON& Tower with Radar,117,13,31,0,161,0,0,24,6,30,117,13,55,6,191,11,0,11,202
03/23/2022,ORF,VA,AEA,EN,Combined TRACON& Tower with Radar,125,15,23,1,164,0,0,2,0,2,125,15,25,1,166,0,28,28,194
03/24/2022,ORF,VA,AEA,EN,Combined TRACON& Tower with Radar,140,19,27,6,192,0,0,0,0,0,140,19,27,6,192,0,0,0,192
03/25/2022,ORF,VA,AEA,EN,Combined TRACON& Tower with Radar,149,28,40,0,217,0,0,22,5,27,149,28,62,5,244,4,0,4,248
03/26/2022,ORF,VA,AEA,EN,Combined TRACON& Tower with Radar,110,23,19,0,152,0,0,7,0,7,110,23,26,0,159,0,0,0,159
03/27/2022,ORF,VA,AEA,EN,Combined TRACON& Tower with Radar,128,10,27,0,165,0,0,11,18,29,128,10,38,18,194,0,0,0,194
03/28/2022,ORF,VA,AEA,EN,Combined TRACON& Tower with Radar,143,21,26,0,190,0,2,3,0,5,143,23,29,0,195,14,0,14,209
03/29/2022,ORF,VA,AEA,EN,Combined TRACON& Tower with Radar,126,17,23,1,167,0,0,20,2,22,126,17,43,3,189,2,0,2,191
03/30/2022,ORF,VA,AEA,EN,Combined TRACON& Tower with Radar,121,18,28,0,167,0,2,15,0,17,121,20,43,0,184,12,0,12,196
03/31/2022,ORF,VA,AEA,EN,Combined TRACON& Tower with Radar,150,24,28,1,203,0,0,7,0,7,150,24,35,1,210,0,0,0,210
04/01/2022,ORF,VA,AEA,EN,Combined TRACON& Tower with Radar,139,23,31,2,195,0,0,5,5,10,139,23,36,7,205,0,0,0,205
04/02/2022,ORF,VA,AEA,EN,Combined TRACON& Tower with Radar,95,19,26,0,140,0,0,37,1,38,95,19,63,1,178,0,0,0,178
04/03/2022,ORF,VA,AEA,EN,Combined TRACON& Tower with Radar,129,16,26,2,173,0,0,12,0,12,129,16,38,2,185,2,0,2,187
04/04/2022,ORF,VA,AEA,EN,Combined TRACON& Tower with Radar,138,20,48,0,206,0,2,34,1,37,138,22,82,1,243,18,2,20,263
04/05/2022,ORF,VA,AEA,EN,Combined TRACON& Tower with Radar,129,19,23,0,171,0,0,11,1,12,129,19,34,1,183,6,0,6,189
04/06/2022,ORF,VA,AEA,EN,Combined TRACON& Tower with Radar,142,21,40,2,205,4,0,16,3,23,146,21,56,5,228,2,0,2,230
04/07/2022,ORF,VA,AEA,EN,Combined TRACON& Tower with Radar,130,14,28,1,173,0,0,0,0,0,130,14,28,1,173,0,0,0,173
04/08/2022,ORF,VA,AEA,EN,Combined TRACON& Tower with Radar,149,21,31,0,201,5,0,13,2,20,154,21,44,2,221,4,0,4,225
04/09/2022,ORF,VA,AEA,EN,Combined TRACON& Tower with Radar,127,18,32,0,177,0,0,24,0,24,127,18,56,0,201,0,0,0,201
04/10/2022,ORF,VA,AEA,EN,Combined TRACON& Tower with Radar,136,21,34,0,191,0,0,20,0,20,136,21,54,0,211,14,0,14,225
04/11/2022,ORF,VA,AEA,EN,Combined TRACON& Tower with Radar,146,23,20,0,189,0,0,20,1,21,146,23,40,1,210,0,0,0,210
04/12/2022,ORF,VA,AEA,EN,Combined TRACON& Tower with Radar,139,13,33,1,186,0,0,23,2,25,139,13,56,3,211,0,2,2,213
04/13/2022,ORF,VA,AEA,EN,Combined TRACON& Tower with Radar,144,21,20,0,185,2,0,19,0,21,146,21,39,0,206,0,0,0,206
04/14/2022,ORF,VA,AEA,EN,Combined TRACON& Tower with Radar,143,27,41,0,211,0,0,3,0,3,143,27,44,0,214,0,0,0,214
04/15/2022,ORF,VA,AEA,EN,Combined TRACON& Tower with Radar,157,28,27,0,212,3,2,32,0,37,160,30,59,0,249,0,0,0,249
04/16/2022,ORF,VA,AEA,EN,Combined TRACON& Tower with Radar,130,15,28,0,173,0,0,8,0,8,130,15,36,0,181,0,0,0,181
04/17/2022,ORF,VA,AEA,EN,Combined TRACON& Tower with Radar,132,15,21,0,168,0,0,9,0,9,132,15,30,0,177,0,0,0,177
04/18/2022,ORF,VA,AEA,EN,Combined TRACON& Tower with Radar,149,20,30,4,203,0,0,3,0,3,149,20,33,4,206,0,0,0,206
04/19/2022,ORF,VA,AEA,EN,Combined TRACON& Tower with Radar,136,21,33,5,195,0,0,11,0,11,136,21,44,5,206,0,0,0,206
04/20/2022,ORF,VA,AEA,EN,Combined TRACON& Tower with Radar,142,18,43,3,206,1,0,35,13,49,143,18,78,16,255,8,4,12,267
04/21/2022,ORF,VA,AEA,EN,Combined TRACON& Tower with Radar,153,16,47,3,219,1,0,20,0,21,154,16,67,3,240,9,2,11,251
04/22/2022,ORF,VA,AEA,EN,Combined TRACON& Tower with Radar,155,19,32,0,206,0,0,28,0,28,155,19,60,0,234,0,0,0,234
04/23/2022,ORF,VA,AEA,EN,Combined TRACON& Tower with Radar,126,20,24,0,170,0,0,29,0,29,126,20,53,0,199,12,0,12,211
04/24/2022,ORF,VA,AEA,EN,Combined TRACON& Tower with Radar,133,9,35,0,177,0,0,25,0,25,133,9,60,0,202,8,2,10,212
04/25/2022,ORF,VA,AEA,EN,Combined TRACON& Tower with Radar,150,10,38,0,198,0,0,22,0,22,150,10,60,0,220,30,2,32,252
04/26/2022,ORF,VA,AEA,EN,Combined TRACON& Tower with Radar,143,15,32,2,192,0,0,13,0,13,143,15,45,2,205,0,0,0,205
04/27/2022,ORF,VA,AEA,EN,Combined TRACON& Tower with Radar,140,14,24,0,178,0,0,16,8,24,140,14,40,8,202,0,0,0,202
04/28/2022,ORF,VA,AEA,EN,Combined TRACON& Tower with Radar,152,15,41,0,208,0,4,23,0,27,152,19,64,0,235,0,0,0,235
04/29/2022,ORF,VA,AEA,EN,Combined TRACON& Tower with Radar,153,19,31,1,204,8,0,26,2,36,161,19,57,3,240,12,0,12,252
04/30/2022,ORF,VA,AEA,EN,Combined TRACON& Tower with Radar,127,19,18,1,165,0,2,29,0,31,127,21,47,1,196,0,0,0,196
05/01/2022,ORF,VA,AEA,EN,Combined TRACON& Tower with Radar,140,13,49,0,202,0,0,17,1,18,140,13,66,1,220,12,2,14,234
05/02/2022,ORF,VA,AEA,EN,Combined TRACON& Tower with Radar,150,21,34,4,209,0,0,9,0,9,150,21,43,4,218,3,4,7,225
05/03/2022,ORF,VA,AEA,EN,Combined TRACON& Tower with Radar,140,18,30,2,190,0,0,3,0,3,140,18,33,2,193,0,0,0,193
05/04/2022,ORF,VA,AEA,EN,Combined TRACON& Tower with Radar,141,27,24,2,194,0,0,11,4,15,141,27,35,6,209,0,0,0,209
05/05/2022,ORF,VA,AEA,EN,Combined TRACON& Tower with Radar,159,36,39,0,234,0,0,6,0,6,159,36,45,0,240,0,0,0,240
05/06/2022,ORF,VA,AEA,EN,Combined TRACON& Tower with Radar,164,18,15,0,197,2,0,7,2,11,166,18,22,2,208,0,0,0,208
05/07/2022,ORF,VA,AEA,EN,Combined TRACON& Tower with Radar,138,17,18,0,173,0,0,4,0,4,138,17,22,0,177,0,0,0,177
05/08/2022,ORF,VA,AEA,EN,Combined TRACON& Tower with Radar,143,17,17,2,179,0,0,0,0,0,143,17,17,2,179,0,5,5,184
05/09/2022,ORF,VA,AEA,EN,Combined TRACON& Tower with Radar,157,45,28,0,230,0,0,8,0,8,157,45,36,0,238,0,0,0,238
05/10/2022,ORF,VA,AEA,EN,Combined TRACON& Tower with Radar,139,19,30,0,188,0,0,10,0,10,139,19,40,0,198,0,0,0,198
05/11/2022,ORF,VA,AEA,EN,Combined TRACON& Tower with Radar,136,31,37,0,204,0,0,5,4,9,136,31,42,4,213,0,0,0,213
05/12/2022,ORF,VA,AEA,EN,Combined TRACON& Tower with Radar,164,26,17,0,207,0,0,7,0,7,164,26,24,0,214,0,0,0,214
05/13/2022,ORF,VA,AEA,EN,Combined TRACON& Tower with Radar,157,36,28,0,221,0,2,5,0,7,157,38,33,0,228,0,0,0,228
05/14/2022,ORF,VA,AEA,EN,Combined TRACON& Tower with Radar,132,27,14,1,174,0,0,0,0,0,132,27,14,1,174,0,0,0,174
05/15/2022,ORF,VA,AEA,EN,Combined TRACON& Tower with Radar,146,30,36,1,213,0,0,24,0,24,146,30,60,1,237,0,0,0,237
05/16/2022,ORF,VA,AEA,EN,Combined TRACON& Tower with Radar,138,17,22,0,177,0,0,10,0,10,138,17,32,0,187,0,0,0,187
05/17/2022,ORF,VA,AEA,EN,Combined TRACON& Tower with Radar,130,22,41,1,194,0,2,38,0,40,130,24,79,1,234,2,1,3,237
05/18/2022,ORF,VA,AEA,EN,Combined TRACON& Tower with Radar,140,22,31,1,194,3,0,23,3,29,143,22,54,4,223,0,0,0,223
05/19/2022,ORF,VA,AEA,EN,Combined TRACON& Tower with Radar,153,33,34,1,221,0,1,16,2,19,153,34,50,3,240,0,0,0,240
05/20/2022,ORF,VA,AEA,EN,Combined TRACON& Tower with Radar,145,23,46,1,215,0,0,32,0,32,145,23,78,1,247,0,0,0,247
05/21/2022,ORF,VA,AEA,EN,Combined TRACON& Tower with Radar,121,17,21,0,159,0,0,32,0,32,121,17,53,0,191,5,0,5,196
05/22/2022,ORF,VA,AEA,EN,Combined TRACON& Tower with Radar,140,24,29,0,193,0,0,11,2,13,140,24,40,2,206,4,6,10,216
05/23/2022,ORF,VA,AEA,EN,Combined TRACON& Tower with Radar,154,16,25,0,195,0,0,8,0,8,154,16,33,0,203,0,0,0,203
05/24/2022,ORF,VA,AEA,EN,Combined TRACON& Tower with Radar,135,24,33,0,192,0,0,0,1,1,135,24,33,1,193,0,0,0,193
05/25/2022,ORF,VA,AEA,EN,Combined TRACON& Tower with Radar,139,22,18,0,179,0,0,2,0,2,139,22,20,0,181,4,0,4,185
05/26/2022,ORF,VA,AEA,EN,Combined TRACON& Tower with Radar,161,16,24,0,201,0,0,0,0,0,161,16,24,0,201,0,0,0,201
05/27/2022,ORF,VA,AEA,EN,Combined TRACON& Tower with Radar,156,26,21,0,203,0,0,0,0,0,156,26,21,0,203,0,0,0,203
05/28/2022,ORF,VA,AEA,EN,Combined TRACON& Tower with Radar,125,23,23,0,171,0,0,24,0,24,125,23,47,0,195,0,0,0,195
05/29/2022,ORF,VA,AEA,EN,Combined TRACON& Tower with Radar,145,13,15,0,173,0,0,17,0,17,145,13,32,0,190,0,0,0,190
05/30/2022,ORF,VA,AEA,EN,Combined TRACON& Tower with Radar,162,26,25,0,213,0,0,22,2,24,162,26,47,2,237,0,0,0,237
05/31/2022,ORF,VA,AEA,EN,Combined TRACON& Tower with Radar,134,19,33,2,188,0,1,15,0,16,134,20,48,2,204,0,0,0,204
06/01/2022,ORF,VA,AEA,EN,Combined TRACON& Tower with Radar,130,32,35,0,197,0,0,32,0,32,130,32,67,0,229,0,0,0,229
06/02/2022,ORF,VA,AEA,EN,Combined TRACON& Tower with Radar,160,26,32,2,220,2,0,24,1,27,162,26,56,3,247,4,0,4,251
06/03/2022,ORF,VA,AEA,EN,Combined TRACON& Tower with Radar,156,19,32,2,209,3,0,17,3,23,159,19,49,5,232,14,0,14,246
06/04/2022,ORF,VA,AEA,EN,Combined TRACON& Tower with Radar,127,22,17,0,166,0,0,24,7,31,127,22,41,7,197,0,0,0,197
06/05/2022,ORF,VA,AEA,EN,Combined TRACON& Tower with Radar,161,22,27,1,211,0,1,23,4,28,161,23,50,5,239,0,0,0,239
06/06/2022,ORF,VA,AEA,EN,Combined TRACON& Tower with Radar,165,17,23,0,205,0,0,27,4,31,165,17,50,4,236,2,2,4,240
06/07/2022,ORF,VA,AEA,EN,Combined TRACON& Tower with Radar,144,25,30,1,200,0,0,22,3,25,144,25,52,4,225,8,0,8,233
06/08/2022,ORF,VA,AEA,EN,Combined TRACON& Tower with Radar,140,17,34,1,192,0,0,15,5,20,140,17,49,6,212,8,0,8,220
06/09/2022,ORF,VA,AEA,EN,Combined TRACON& Tower with Radar,160,24,27,2,213,0,0,19,3,22,160,24,46,5,235,10,0,10,245
06/10/2022,ORF,VA,AEA,EN,Combined TRACON& Tower with Radar,166,24,37,6,233,0,1,38,7,46,166,25,75,13,279,28,0,28,307
06/11/2022,ORF,VA,AEA,EN,Combined TRACON& Tower with Radar,132,30,31,5,198,0,1,25,5,31,132,31,56,10,229,0,0,0,229
06/12/2022,ORF,VA,AEA,EN,Combined TRACON& Tower with Radar,151,22,19,2,194,0,0,14,2,16,151,22,33,4,210,6,0,6,216
06/13/2022,ORF,VA,AEA,EN,Combined TRACON& Tower with Radar,165,16,31,1,213,0,0,16,2,18,165,16,47,3,231,0,0,0,231
06/14/2022,ORF,VA,AEA,EN,Combined TRACON& Tower with Radar,139,15,43,5,202,0,0,13,26,39,139,15,56,31,241,19,0,19,260
06/15/2022,ORF,VA,AEA,EN,Combined TRACON& Tower with Radar,150,21,43,2,216,0,0,17,0,17,150,21,60,2,233,13,0,13,246
06/16/2022,ORF,VA,AEA,EN,Combined TRACON& Tower with Radar,133,18,35,1,187,0,1,19,0,20,133,19,54,1,207,0,0,0,207
06/17/2022,ORF,VA,AEA,EN,Combined TRACON& Tower with Radar,151,19,25,3,198,0,0,20,0,20,151,19,45,3,218,0,0,0,218
06/18/2022,ORF,VA,AEA,EN,Combined TRACON& Tower with Radar,128,21,24,9,182,0,2,18,1,21,128,23,42,10,203,0,0,0,203
06/19/2022,ORF,VA,AEA,EN,Combined TRACON& Tower with Radar,144,14,30,0,188,0,0,14,2,16,144,14,44,2,204,0,0,0,204
06/20/2022,ORF,VA,AEA,EN,Combined TRACON& Tower with Radar,161,23,25,0,209,0,0,37,1,38,161,23,62,1,247,0,0,0,247
06/21/2022,ORF,VA,AEA,EN,Combined TRACON& Tower with Radar,142,17,35,0,194,0,0,33,6,39,142,17,68,6,233,2,0,2,235
06/22/2022,ORF,VA,AEA,EN,Combined TRACON& Tower with Radar,126,22,33,0,181,0,0,16,5,21,126,22,49,5,202,0,0,0,202
06/23/2022,ORF,VA,AEA,EN,Combined TRACON& Tower with Radar,155,28,35,0,218,7,0,7,2,16,162,28,42,2,234,0,0,0,234
06/24/2022,ORF,VA,AEA,EN,Combined TRACON& Tower with Radar,157,20,38,0,215,0,0,26,0,26,157,20,64,0,241,0,0,0,241
06/25/2022,ORF,VA,AEA,EN,Combined TRACON& Tower with Radar,129,29,25,0,183,0,3,27,2,32,129,32,52,2,215,0,0,0,215
06/26/2022,ORF,VA,AEA,EN,Combined TRACON& Tower with Radar,143,16,30,0,189,1,0,31,0,32,144,16,61,0,221,0,0,0,221
06/27/2022,ORF,VA,AEA,EN,Combined TRACON& Tower with Radar,146,21,15,0,182,0,0,14,2,16,146,21,29,2,198,0,0,0,198
06/28/2022,ORF,VA,AEA,EN,Combined TRACON& Tower with Radar,144,25,35,7,211,1,1,24,1,27,145,26,59,8,238,4,34,38,276
06/29/2022,ORF,VA,AEA,EN,Combined TRACON& Tower with Radar,140,28,32,2,202,0,1,35,8,44,140,29,67,10,246,6,0,6,252
06/30/2022,ORF,VA,AEA,EN,Combined TRACON& Tower with Radar,165,28,33,4,230,4,0,25,1,30,169,28,58,5,260,28,0,28,288
07/01/2022,ORF,VA,AEA,EN,Combined TRACON& Tower with Radar,164,25,43,1,233,0,0,31,0,31,164,25,74,1,264,0,0,0,264
07/02/2022,ORF,VA,AEA,EN,Combined TRACON& Tower with Radar,122,17,11,0,150,0,0,26,0,26,122,17,37,0,176,0,0,0,176
07/03/2022,ORF,VA,AEA,EN,Combined TRACON& Tower with Radar,137,15,10,0,162,0,0,28,0,28,137,15,38,0,190,1,1,2,192
07/04/2022,ORF,VA,AEA,EN,Combined TRACON& Tower with Radar,149,13,13,0,175,0,0,20,0,20,149,13,33,0,195,2,1,3,198
07/05/2022,ORF,VA,AEA,EN,Combined TRACON& Tower with Radar,137,19,33,0,189,0,0,27,0,27,137,19,60,0,216,17,0,17,233
07/06/2022,ORF,VA,AEA,EN,Combined TRACON& Tower with Radar,143,21,21,0,185,0,0,21,0,21,143,21,42,0,206,0,1,1,207
07/07/2022,ORF,VA,AEA,EN,Combined TRACON& Tower with Radar,164,22,27,0,213,0,0,62,0,62,164,22,89,0,275,25,0,25,300
07/08/2022,ORF,VA,AEA,EN,Combined TRACON& Tower with Radar,160,30,39,0,229,0,0,13,0,13,160,30,52,0,242,0,0,0,242
07/09/2022,ORF,VA,AEA,EN,Combined TRACON& Tower with Radar,127,21,11,0,159,0,0,1,2,3,127,21,12,2,162,0,0,0,162
07/10/2022,ORF,VA,AEA,EN,Combined TRACON& Tower with Radar,146,18,27,4,195,0,0,9,0,9,146,18,36,4,204,6,0,6,210
07/11/2022,ORF,VA,AEA,EN,Combined TRACON& Tower with Radar,158,21,33,3,215,0,0,43,1,44,158,21,76,4,259,12,0,12,271
07/12/2022,ORF,VA,AEA,EN,Combined TRACON& Tower with Radar,136,14,15,1,166,10,1,28,5,44,146,15,43,6,210,3,4,7,217
07/13/2022,ORF,VA,AEA,EN,Combined TRACON& Tower with Radar,143,23,26,0,192,0,0,34,13,47,143,23,60,13,239,6,1,7,246
07/14/2022,ORF,VA,AEA,EN,Combined TRACON& Tower with Radar,160,22,23,0,205,0,0,24,0,24,160,22,47,0,229,2,5,7,236
07/15/2022,ORF,VA,AEA,EN,Combined TRACON& Tower with Radar,162,32,25,4,223,0,0,6,0,6,162,32,31,4,229,11,0,11,240
07/16/2022,ORF,VA,AEA,EN,Combined TRACON& Tower with Radar,123,14,10,0,147,0,0,26,0,26,123,14,36,0,173,6,0,6,179
07/17/2022,ORF,VA,AEA,EN,Combined TRACON& Tower with Radar,142,22,23,0,187,0,0,21,0,21,142,22,44,0,208,10,0,10,218
07/18/2022,ORF,VA,AEA,EN,Combined TRACON& Tower with Radar,151,17,23,0,191,0,0,31,0,31,151,17,54,0,222,0,0,0,222
07/19/2022,ORF,VA,AEA,EN,Combined TRACON& Tower with Radar,145,22,19,5,191,0,0,38,4,42,145,22,57,9,233,0,0,0,233
07/20/2022,ORF,VA,AEA,EN,Combined TRACON& Tower with Radar,141,24,41,6,212,0,0,39,2,41,141,24,80,8,253,13,0,13,266
07/21/2022,ORF,VA,AEA,EN,Combined TRACON& Tower with Radar,156,34,27,3,220,0,0,17,0,17,156,34,44,3,237,0,0,0,237
07/22/2022,ORF,VA,AEA,EN,Combined TRACON& Tower with Radar,156,28,39,0,223,0,0,38,1,39,156,28,77,1,262,8,0,8,270
07/23/2022,ORF,VA,AEA,EN,Combined TRACON& Tower with Radar,123,15,28,0,166,0,0,32,0,32,123,15,60,0,198,0,0,0,198
07/24/2022,ORF,VA,AEA,EN,Combined TRACON& Tower with Radar,150,19,24,2,195,0,0,25,0,25,150,19,49,2,220,4,0,4,224
07/25/2022,ORF,VA,AEA,EN,Combined TRACON& Tower with Radar,151,26,30,3,210,0,0,25,2,27,151,26,55,5,237,2,0,2,239
07/26/2022,ORF,VA,AEA,EN,Combined TRACON& Tower with Radar,130,30,20,0,180,0,0,5,0,5,130,30,25,0,185,0,0,0,185
07/27/2022,ORF,VA,AEA,EN,Combined TRACON& Tower with Radar,138,25,30,0,193,5,0,9,0,14,143,25,39,0,207,8,0,8,215
07/28/2022,ORF,VA,AEA,EN,Combined TRACON& Tower with Radar,159,19,29,1,208,17,0,12,4,33,176,19,41,5,241,4,0,4,245
07/29/2022,ORF,VA,AEA,EN,Combined TRACON& Tower with Radar,159,17,29,0,205,4,0,32,4,40,163,17,61,4,245,16,0,16,261
07/30/2022,ORF,VA,AEA,EN,Combined TRACON& Tower with Radar,122,20,25,0,167,0,0,23,0,23,122,20,48,0,190,0,0,0,190
07/31/2022,ORF,VA,AEA,EN,Combined TRACON& Tower with Radar,142,13,25,0,180,0,0,8,0,8,142,13,33,0,188,0,0,0,188
08/01/2022,ORF,VA,AEA,EN,Combined TRACON& Tower with Radar,162,9,32,0,203,0,0,29,2,31,162,9,61,2,234,4,0,4,238
08/02/2022,ORF,VA,AEA,EN,Combined TRACON& Tower with Radar,144,20,24,1,189,0,0,25,0,25,144,20,49,1,214,0,0,0,214
08/03/2022,ORF,VA,AEA,EN,Combined TRACON& Tower with Radar,132,33,17,0,182,0,0,16,0,16,132,33,33,0,198,0,0,0,198
08/04/2022,ORF,VA,AEA,EN,Combined TRACON& Tower with Radar,152,30,31,1,214,3,0,33,9,45,155,30,64,10,259,22,0,22,281
08/05/2022,ORF,VA,AEA,EN,Combined TRACON& Tower with Radar,147,24,25,0,196,0,0,20,1,21,147,24,45,1,217,0,0,0,217
08/06/2022,ORF,VA,AEA,EN,Combined TRACON& Tower with Radar,122,28,24,0,174,0,0,16,0,16,122,28,40,0,190,0,0,0,190
08/07/2022,ORF,VA,AEA,EN,Combined TRACON& Tower with Radar,133,24,22,4,183,0,0,15,0,15,133,24,37,4,198,0,0,0,198
08/08/2022,ORF,VA,AEA,EN,Combined TRACON& Tower with Radar,155,20,35,0,210,0,0,32,7,39,155,20,67,7,249,0,0,0,249
08/09/2022,ORF,VA,AEA,EN,Combined TRACON& Tower with Radar,129,21,26,3,179,0,2,26,4,32,129,23,52,7,211,12,0,12,223
08/10/2022,ORF,VA,AEA,EN,Combined TRACON& Tower with Radar,122,20,40,3,185,0,0,9,0,9,122,20,49,3,194,3,0,3,197
08/11/2022,ORF,VA,AEA,EN,Combined TRACON& Tower with Radar,159,28,31,1,219,0,0,34,0,34,159,28,65,1,253,28,0,28,281
08/12/2022,ORF,VA,AEA,EN,Combined TRACON& Tower with Radar,150,23,45,0,218,0,0,26,0,26,150,23,71,0,244,0,0,0,244
08/13/2022,ORF,VA,AEA,EN,Combined TRACON& Tower with Radar,133,21,21,2,177,0,0,29,2,31,133,21,50,4,208,0,0,0,208
08/14/2022,ORF,VA,AEA,EN,Combined TRACON& Tower with Radar,143,20,38,4,205,0,0,32,4,36,143,20,70,8,241,0,0,0,241
08/15/2022,ORF,VA,AEA,EN,Combined TRACON& Tower with Radar,148,20,21,0,189,0,0,27,1,28,148,20,48,1,217,28,0,28,245
08/16/2022,ORF,VA,AEA,EN,Combined TRACON& Tower with Radar,136,17,20,0,173,0,0,27,2,29,136,17,47,2,202,31,0,31,233
08/17/2022,ORF,VA,AEA,EN,Combined TRACON& Tower with Radar,130,24,19,0,173,0,0,15,1,16,130,24,34,1,189,0,0,0,189
08/18/2022,ORF,VA,AEA,EN,Combined TRACON& Tower with Radar,151,21,46,0,218,0,2,24,2,28,151,23,70,2,246,0,0,0,246
08/19/2022,ORF,VA,AEA,EN,Combined TRACON& Tower with Radar,150,19,25,1,195,0,0,25,0,25,150,19,50,1,220,0,0,0,220
08/20/2022,ORF,VA,AEA,EN,Combined TRACON& Tower with Radar,122,20,19,0,161,0,0,19,0,19,122,20,38,0,180,0,0,0,180
08/21/2022,ORF,VA,AEA,EN,Combined TRACON& Tower with Radar,131,25,33,0,189,0,0,18,0,18,131,25,51,0,207,5,0,5,212
08/22/2022,ORF,VA,AEA,EN,Combined TRACON& Tower with Radar,148,15,26,3,192,0,0,18,6,24,148,15,44,9,216,4,0,4,220
08/23/2022,ORF,VA,AEA,EN,Combined TRACON& Tower with Radar,135,28,26,3,192,0,0,47,7,54,135,28,73,10,246,0,0,0,246
08/24/2022,ORF,VA,AEA,EN,Combined TRACON& Tower with Radar,132,27,41,0,200,0,0,29,3,32,132,27,70,3,232,0,32,32,264
08/25/2022,ORF,VA,AEA,EN,Combined TRACON& Tower with Radar,147,20,35,0,202,0,2,20,0,22,147,22,55,0,224,16,0,16,240
08/26/2022,ORF,VA,AEA,EN,Combined TRACON& Tower with Radar,154,23,27,0,204,0,0,16,0,16,154,23,43,0,220,0,0,0,220
08/27/2022,ORF,VA,AEA,EN,Combined TRACON& Tower with Radar,121,22,22,0,165,0,0,16,0,16,121,22,38,0,181,0,0,0,181
08/28/2022,ORF,VA,AEA,EN,Combined TRACON& Tower with Radar,140,13,41,0,194,0,2,30,0,32,140,15,71,0,226,0,0,0,226
08/29/2022,ORF,VA,AEA,EN,Combined TRACON& Tower with Radar,148,23,22,0,193,0,0,22,0,22,148,23,44,0,215,4,0,4,219
08/30/2022,ORF,VA,AEA,EN,Combined TRACON& Tower with Radar,142,21,27,1,191,0,0,23,0,23,142,21,50,1,214,0,0,0,214
08/31/2022,ORF,VA,AEA,EN,Combined TRACON& Tower with Radar,136,24,39,3,202,0,2,27,0,29,136,26,66,3,231,0,0,0,231
09/01/2022,ORF,VA,AEA,EN,Combined TRACON& Tower with Radar,147,25,29,1,202,0,0,46,0,46,147,25,75,1,248,0,0,0,248
09/02/2022,ORF,VA,AEA,EN,Combined TRACON& Tower with Radar,156,28,33,0,217,0,2,33,0,35,156,30,66,0,252,0,0,0,252
09/03/2022,ORF,VA,AEA,EN,Combined TRACON& Tower with Radar,117,25,26,0,168,0,0,17,0,17,117,25,43,0,185,0,0,0,185
09/04/2022,ORF,VA,AEA,EN,Combined TRACON& Tower with Radar,127,12,17,0,156,0,0,23,0,23,127,12,40,0,179,0,0,0,179
09/05/2022,ORF,VA,AEA,EN,Combined TRACON& Tower with Radar,153,22,32,0,207,0,0,10,1,11,153,22,42,1,218,0,0,0,218
09/06/2022,ORF,VA,AEA,EN,Combined TRACON& Tower with Radar,126,15,19,0,160,0,0,28,0,28,126,15,47,0,188,8,0,8,196
09/07/2022,ORF,VA,AEA,EN,Combined TRACON& Tower with Radar,128,16,35,0,179,0,0,34,8,42,128,16,69,8,221,6,0,6,227
09/08/2022,ORF,VA,AEA,EN,Combined TRACON& Tower with Radar,135,33,46,2,216,0,0,15,0,15,135,33,61,2,231,0,0,0,231
09/09/2022,ORF,VA,AEA,EN,Combined TRACON& Tower with Radar,144,25,26,0,195,0,0,13,0,13,144,25,39,0,208,0,0,0,208
09/10/2022,ORF,VA,AEA,EN,Combined TRACON& Tower with Radar,119,12,25,0,156,0,0,19,0,19,119,12,44,0,175,0,0,0,175
09/11/2022,ORF,VA,AEA,EN,Combined TRACON& Tower with Radar,129,24,27,0,180,0,0,7,0,7,129,24,34,0,187,6,0,6,193
09/12/2022,ORF,VA,AEA,EN,Combined TRACON& Tower with Radar,134,24,18,0,176,0,0,36,1,37,134,24,54,1,213,0,0,0,213
09/13/2022,ORF,VA,AEA,EN,Combined TRACON& Tower with Radar,126,18,25,8,177,0,0,33,4,37,126,18,58,12,214,18,0,18,232
09/14/2022,ORF,VA,AEA,EN,Combined TRACON& Tower with Radar,133,17,24,5,179,0,0,61,6,67,133,17,85,11,246,14,0,14,260
09/15/2022,ORF,VA,AEA,EN,Combined TRACON& Tower with Radar,140,28,34,0,202,0,0,23,0,23,140,28,57,0,225,0,0,0,225
09/16/2022,ORF,VA,AEA,EN,Combined TRACON& Tower with Radar,141,26,27,0,194,0,0,19,0,19,141,26,46,0,213,0,0,0,213
09/17/2022,ORF,VA,AEA,EN,Combined TRACON& Tower with Radar,111,15,31,0,157,0,2,22,0,24,111,17,53,0,181,0,0,0,181
09/18/2022,ORF,VA,AEA,EN,Combined TRACON& Tower with Radar,133,21,37,0,191,0,0,41,0,41,133,21,78,0,232,8,0,8,240
09/19/2022,ORF,VA,AEA,EN,Combined TRACON& Tower with Radar,135,18,18,0,171,0,0,12,1,13,135,18,30,1,184,0,0,0,184
09/20/2022,ORF,VA,AEA,EN,Combined TRACON& Tower with Radar,126,28,30,1,185,0,2,33,11,46,126,30,63,12,231,29,0,29,260
09/21/2022,ORF,VA,AEA,EN,Combined TRACON& Tower with Radar,129,27,48,4,208,0,0,48,6,54,129,27,96,10,262,21,0,21,283
09/22/2022,ORF,VA,AEA,EN,Combined TRACON& Tower with Radar,133,29,33,7,202,0,0,12,4,16,133,29,45,11,218,4,0,4,222
09/23/2022,ORF,VA,AEA,EN,Combined TRACON& Tower with Radar,138,30,36,3,207,0,0,8,0,8,138,30,44,3,215,0,0,0,215
09/24/2022,ORF,VA,AEA,EN,Combined TRACON& Tower with Radar,118,26,10,1,155,0,0,17,0,17,118,26,27,1,172,0,0,0,172
09/25/2022,ORF,VA,AEA,EN,Combined TRACON& Tower with Radar,125,23,19,0,167,0,0,25,0,25,125,23,44,0,192,6,0,6,198
09/26/2022,ORF,VA,AEA,EN,Combined TRACON& Tower with Radar,137,23,19,0,179,0,0,40,2,42,137,23,59,2,221,6,0,6,227
09/27/2022,ORF,VA,AEA,EN,Combined TRACON& Tower with Radar,131,18,17,0,166,0,0,36,4,40,131,18,53,4,206,8,0,8,214
09/28/2022,ORF,VA,AEA,EN,Combined TRACON& Tower with Radar,126,22,55,1,204,0,0,62,1,63,126,22,117,2,267,12,0,12,279
09/29/2022,ORF,VA,AEA,EN,Combined TRACON& Tower with Radar,139,19,26,1,185,0,0,22,0,22,139,19,48,1,207,8,0,8,215
09/30/2022,ORF,VA,AEA,EN,Combined TRACON& Tower with Radar,102,10,12,0,124,0,0,0,0,0,102,10,12,0,124,0,0,0,124
10/01/2022,ORF,VA,AEA,EN,Combined TRACON& Tower with Radar,110,20,18,0,148,0,0,3,0,3,110,20,21,0,151,0,0,0,151
10/02/2022,ORF,VA,AEA,EN,Combined TRACON& Tower with Radar,129,11,22,2,164,0,0,7,0,7,129,11,29,2,171,0,0,0,171
10/03/2022,ORF,VA,AEA,EN,Combined TRACON& Tower with Radar,141,18,12,0,171,0,0,0,0,0,141,18,12,0,171,0,0,0,171
10/04/2022,ORF,VA,AEA,EN,Combined TRACON& Tower with Radar,126,20,19,0,165,0,0,0,0,0,126,20,19,0,165,0,0,0,165
10/05/2022,ORF,VA,AEA,EN,Combined TRACON& Tower with Radar,127,24,36,0,187,0,0,0,2,2,127,24,36,2,189,0,0,0,189
10/06/2022,ORF,VA,AEA,EN,Combined TRACON& Tower with Radar,136,33,44,2,215,0,1,43,10,54,136,34,87,12,269,26,0,26,295
10/07/2022,ORF,VA,AEA,EN,Combined TRACON& Tower with Radar,138,33,36,0,207,0,2,50,0,52,138,35,86,0,259,28,0,28,287
10/08/2022,ORF,VA,AEA,EN,Combined TRACON& Tower with Radar,111,20,19,0,150,0,0,33,7,40,111,20,52,7,190,12,0,12,202
10/09/2022,ORF,VA,AEA,EN,Combined TRACON& Tower with Radar,125,22,39,0,186,0,4,37,0,41,125,26,76,0,227,2,0,2,229
10/10/2022,ORF,VA,AEA,EN,Combined TRACON& Tower with Radar,128,25,20,0,173,0,2,29,3,34,128,27,49,3,207,8,0,8,215
10/11/2022,ORF,VA,AEA,EN,Combined TRACON& Tower with Radar,123,27,22,0,172,0,0,23,1,24,123,27,45,1,196,2,0,2,198
10/12/2022,ORF,VA,AEA,EN,Combined TRACON& Tower with Radar,125,20,38,0,183,0,0,43,3,46,125,20,81,3,229,17,0,17,246
10/13/2022,ORF,VA,AEA,EN,Combined TRACON& Tower with Radar,133,25,29,0,187,0,0,7,4,11,133,25,36,4,198,0,0,0,198
10/14/2022,ORF,VA,AEA,EN,Combined TRACON& Tower with Radar,144,31,40,1,216,0,1,59,1,61,144,32,99,2,277,0,0,0,277
10/15/2022,ORF,VA,AEA,EN,Combined TRACON& Tower with Radar,112,27,27,0,166,0,2,33,0,35,112,29,60,0,201,9,0,9,210
10/16/2022,ORF,VA,AEA,EN,Combined TRACON& Tower with Radar,124,23,30,2,179,0,0,34,0,34,124,23,64,2,213,6,0,6,219
10/17/2022,ORF,VA,AEA,EN,Combined TRACON& Tower with Radar,136,31,23,0,190,0,0,15,0,15,136,31,38,0,205,0,0,0,205
10/18/2022,ORF,VA,AEA,EN,Combined TRACON& Tower with Radar,129,30,24,2,185,0,0,44,10,54,129,30,68,12,239,2,0,2,241
10/19/2022,ORF,VA,AEA,EN,Combined TRACON& Tower with Radar,126,31,22,0,179,0,0,19,25,44,126,31,41,25,223,0,2,2,225
10/20/2022,ORF,VA,AEA,EN,Combined TRACON& Tower with Radar,130,25,38,3,196,0,0,29,10,39,130,25,67,13,235,5,0,5,240
10/21/2022,ORF,VA,AEA,EN,Combined TRACON& Tower with Radar,142,27,48,1,218,0,0,28,2,30,142,27,76,3,248,12,0,12,260
10/22/2022,ORF,VA,AEA,EN,Combined TRACON& Tower with Radar,112,24,18,0,154,0,0,29,4,33,112,24,47,4,187,8,0,8,195
10/23/2022,ORF,VA,AEA,EN,Combined TRACON& Tower with Radar,125,18,21,0,164,0,0,0,0,0,125,18,21,0,164,0,0,0,164
10/24/2022,ORF,VA,AEA,EN,Combined TRACON& Tower with Radar,132,18,30,0,180,0,0,1,0,1,132,18,31,0,181,0,0,0,181
10/25/2022,ORF,VA,AEA,EN,Combined TRACON& Tower with Radar,113,20,39,0,172,0,0,0,9,9,113,20,39,9,181,0,0,0,181
10/26/2022,ORF,VA,AEA,EN,Combined TRACON& Tower with Radar,124,19,57,0,200,0,0,25,7,32,124,19,82,7,232,6,0,6,238
10/27/2022,ORF,VA,AEA,EN,Combined TRACON& Tower with Radar,135,35,47,0,217,0,0,25,0,25,135,35,72,0,242,13,0,13,255
10/28/2022,ORF,VA,AEA,EN,Combined TRACON& Tower with Radar,148,21,28,2,199,0,0,16,0,16,148,21,44,2,215,0,0,0,215
10/29/2022,ORF,VA,AEA,EN,Combined TRACON& Tower with Radar,115,22,21,0,158,0,0,13,1,14,115,22,34,1,172,0,0,0,172
10/30/2022,ORF,VA,AEA,EN,Combined TRACON& Tower with Radar,122,20,41,0,183,0,0,10,3,13,122,20,51,3,196,26,0,26,222
10/31/2022,ORF,VA,AEA,EN,Combined TRACON& Tower with Radar,126,22,16,0,164,0,0,31,19,50,126,22,47,19,214,5,0,5,219
11/01/2022,ORF,VA,AEA,EN,Combined TRACON& Tower with Radar,122,24,25,1,172,0,0,13,9,22,122,24,38,10,194,6,0,6,200
11/02/2022,ORF,VA,AEA,EN,Combined TRACON& Tower with Radar,127,29,40,4,200,0,0,23,18,41,127,29,63,22,241,2,0,2,243
11/03/2022,ORF,VA,AEA,EN,Combined TRACON& Tower with Radar,119,35,50,5,209,0,0,26,2,28,119,35,76,7,237,12,0,12,249
11/04/2022,ORF,VA,AEA,EN,Combined TRACON& Tower with Radar,138,33,42,0,213,0,0,21,2,23,138,33,63,2,236,0,0,0,236
11/05/2022,ORF,VA,AEA,EN,Combined TRACON& Tower with Radar,107,16,51,0,174,0,0,38,2,40,107,16,89,2,214,0,0,0,214
11/06/2022,ORF,VA,AEA,EN,Combined TRACON& Tower with Radar,111,15,41,0,167,0,0,52,2,54,111,15,93,2,221,18,0,18,239
11/07/2022,ORF,VA,AEA,EN,Combined TRACON& Tower with Radar,124,27,32,3,186,0,0,30,13,43,124,27,62,16,229,8,0,8,237
11/08/2022,ORF,VA,AEA,EN,Combined TRACON& Tower with Radar,112,20,18,4,154,0,1,4,3,8,112,21,22,7,162,0,0,0,162
11/09/2022,ORF,VA,AEA,EN,Combined TRACON& Tower with Radar,118,21,26,5,170,0,0,10,1,11,118,21,36,6,181,0,0,0,181
11/10/2022,ORF,VA,AEA,EN,Combined TRACON& Tower with Radar,121,24,47,4,196,0,0,17,3,20,121,24,64,7,216,14,0,14,230
11/11/2022,ORF,VA,AEA,EN,Combined TRACON& Tower with Radar,128,20,8,0,156,0,0,1,0,1,128,20,9,0,157,0,0,0,157
11/12/2022,ORF,VA,AEA,EN,Combined TRACON& Tower with Radar,109,16,17,3,145,0,0,23,3,26,109,16,40,6,171,0,0,0,171
11/13/2022,ORF,VA,AEA,EN,Combined TRACON& Tower with Radar,120,23,29,2,174,0,0,22,3,25,120,23,51,5,199,8,0,8,207
11/14/2022,ORF,VA,AEA,EN,Combined TRACON& Tower with Radar,124,20,35,12,191,0,0,37,7,44,124,20,72,19,235,0,0,0,235
11/15/2022,ORF,VA,AEA,EN,Combined TRACON& Tower with Radar,112,24,33,1,170,0,0,18,2,20,112,24,51,3,190,19,0,19,209
11/16/2022,ORF,VA,AEA,EN,Combined TRACON& Tower with Radar,121,20,23,3,167,0,0,9,23,32,121,20,32,26,199,10,0,10,209
11/17/2022,ORF,VA,AEA,EN,Combined TRACON& Tower with Radar,121,21,38,3,183,0,1,23,2,26,121,22,61,5,209,3,0,3,212
11/18/2022,ORF,VA,AEA,EN,Combined TRACON& Tower with Radar,137,30,37,1,205,0,2,20,17,39,137,32,57,18,244,1,0,1,245
11/19/2022,ORF,VA,AEA,EN,Combined TRACON& Tower with Radar,106,25,23,3,157,0,0,34,1,35,106,25,57,4,192,0,0,0,192
11/20/2022,ORF,VA,AEA,EN,Combined TRACON& Tower with Radar,118,19,17,1,155,0,0,18,1,19,118,19,35,2,174,28,0,28,202
11/21/2022,ORF,VA,AEA,EN,Combined TRACON& Tower with Radar,131,18,21,0,170,0,0,19,4,23,131,18,40,4,193,0,0,0,193
11/22/2022,ORF,VA,AEA,EN,Combined TRACON& Tower with Radar,123,27,21,0,171,0,0,43,14,57,123,27,64,14,228,2,0,2,230
11/23/2022,ORF,VA,AEA,EN,Combined TRACON& Tower with Radar,127,26,44,1,198,0,0,36,4,40,127,26,80,5,238,0,0,0,238
11/24/2022,ORF,VA,AEA,EN,Combined TRACON& Tower with Radar,68,10,7,0,85,0,0,6,0,6,68,10,13,0,91,0,0,0,91
11/25/2022,ORF,VA,AEA,EN,Combined TRACON& Tower with Radar,103,28,16,3,150,0,0,5,0,5,103,28,21,3,155,0,0,0,155
11/26/2022,ORF,VA,AEA,EN,Combined TRACON& Tower with Radar,118,18,38,2,176,0,0,28,1,29,118,18,66,3,205,0,0,0,205
11/27/2022,ORF,VA,AEA,EN,Combined TRACON& Tower with Radar,135,26,35,0,196,0,0,12,3,15,135,26,47,3,211,0,0,0,211
11/28/2022,ORF,VA,AEA,EN,Combined TRACON& Tower with Radar,133,26,36,0,195,0,1,24,4,29,133,27,60,4,224,18,0,18,242
11/29/2022,ORF,VA,AEA,EN,Combined TRACON& Tower with Radar,124,23,35,1,183,0,2,25,5,32,124,25,60,6,215,8,0,8,223
11/30/2022,ORF,VA,AEA,EN,Combined TRACON& Tower with Radar,111,15,18,0,144,0,0,1,0,1,111,15,19,0,145,0,0,0,145
12/01/2022,ORF,VA,AEA,EN,Combined TRACON& Tower with Radar,121,21,31,4,177,0,0,30,6,36,121,21,61,10,213,12,0,12,225
12/02/2022,ORF,VA,AEA,EN,Combined TRACON& Tower with Radar,129,13,22,1,165,0,0,29,3,32,129,13,51,4,197,0,0,0,197
12/03/2022,ORF,VA,AEA,EN,Combined TRACON& Tower with Radar,103,15,11,0,129,0,0,5,0,5,103,15,16,0,134,0,0,0,134
12/04/2022,ORF,VA,AEA,EN,Combined TRACON& Tower with Radar,116,14,34,0,164,0,1,36,0,37,116,15,70,0,201,20,0,20,221
12/05/2022,ORF,VA,AEA,EN,Combined TRACON& Tower with Radar,122,18,27,0,167,0,0,20,4,24,122,18,47,4,191,0,0,0,191
12/06/2022,ORF,VA,AEA,EN,Combined TRACON& Tower with Radar,112,25,34,7,178,0,0,4,0,4,112,25,38,7,182,0,0,0,182
12/07/2022,ORF,VA,AEA,EN,Combined TRACON& Tower with Radar,115,26,31,9,181,0,0,0,3,3,115,26,31,12,184,0,0,0,184
12/08/2022,ORF,VA,AEA,EN,Combined TRACON& Tower with Radar,123,29,46,1,199,0,0,13,2,15,123,29,59,3,214,2,0,2,216
12/09/2022,ORF,VA,AEA,EN,Combined TRACON& Tower with Radar,121,22,20,0,163,0,1,9,0,10,121,23,29,0,173,0,0,0,173
12/10/2022,ORF,VA,AEA,EN,Combined TRACON& Tower with Radar,104,21,31,0,156,0,0,22,0,22,104,21,53,0,178,0,0,0,178
12/11/2022,ORF,VA,AEA,EN,Combined TRACON& Tower with Radar,114,19,27,2,162,0,0,13,0,13,114,19,40,2,175,6,0,6,181
12/12/2022,ORF,VA,AEA,EN,Combined TRACON& Tower with Radar,125,17,31,1,174,0,0,11,0,11,125,17,42,1,185,0,0,0,185
12/13/2022,ORF,VA,AEA,EN,Combined TRACON& Tower with Radar,111,21,31,0,163,0,3,18,0,21,111,24,49,0,184,0,0,0,184
12/14/2022,ORF,VA,AEA,EN,Combined TRACON& Tower with Radar,116,25,29,0,170,0,0,20,0,20,116,25,49,0,190,0,0,0,190
12/15/2022,ORF,VA,AEA,EN,Combined TRACON& Tower with Radar,121,31,21,0,173,0,0,0,0,0,121,31,21,0,173,0,0,0,173
12/16/2022,ORF,VA,AEA,EN,Combined TRACON& Tower with Radar,135,21,40,2,198,0,0,10,0,10,135,21,50,2,208,0,0,0,208
12/17/2022,ORF,VA,AEA,EN,Combined TRACON& Tower with Radar,114,25,32,0,171,0,0,25,1,26,114,25,57,1,197,0,0,0,197
12/18/2022,ORF,VA,AEA,EN,Combined TRACON& Tower with Radar,116,10,37,0,163,0,0,17,0,17,116,10,54,0,180,0,0,0,180
12/19/2022,ORF,VA,AEA,EN,Combined TRACON& Tower with Radar,125,18,30,0,173,0,1,40,2,43,125,19,70,2,216,18,0,18,234
12/20/2022,ORF,VA,AEA,EN,Combined TRACON& Tower with Radar,125,19,21,0,165,0,0,19,2,21,125,19,40,2,186,0,0,0,186
12/21/2022,ORF,VA,AEA,EN,Combined TRACON& Tower with Radar,123,21,25,0,169,0,1,25,1,27,123,22,50,1,196,0,0,0,196
12/22/2022,ORF,VA,AEA,EN,Combined TRACON& Tower with Radar,132,27,9,0,168,0,0,0,0,0,132,27,9,0,168,0,0,0,168
12/23/2022,ORF,VA,AEA,EN,Combined TRACON& Tower with Radar,113,12,13,0,138,0,0,1,0,1,113,12,14,0,139,0,0,0,139
12/24/2022,ORF,VA,AEA,EN,Combined TRACON& Tower with Radar,88,21,17,0,126,0,2,1,0,3,88,23,18,0,129,0,0,0,129
12/25/2022,ORF,VA,AEA,EN,Combined TRACON& Tower with Radar,76,13,4,0,93,0,1,2,0,3,76,14,6,0,96,0,0,0,96
12/26/2022,ORF,VA,AEA,EN,Combined TRACON& Tower with Radar,91,22,19,1,133,0,0,15,0,15,91,22,34,1,148,0,0,0,148
12/27/2022,ORF,VA,AEA,EN,Combined TRACON& Tower with Radar,103,17,31,1,152,0,0,21,0,21,103,17,52,1,173,0,0,0,173
12/28/2022,ORF,VA,AEA,EN,Combined TRACON& Tower with Radar,93,29,23,4,149,0,0,33,7,40,93,29,56,11,189,0,0,0,189
12/29/2022,ORF,VA,AEA,EN,Combined TRACON& Tower with Radar,99,28,35,7,169,0,0,30,0,30,99,28,65,7,199,5,0,5,204
12/30/2022,ORF,VA,AEA,EN,Combined TRACON& Tower with Radar,111,22,28,2,163,0,0,11,0,11,111,22,39,2,174,0,0,0,174
12/31/2022,ORF,VA,AEA,EN,Combined TRACON& Tower with Radar,111,22,13,0,146,0,0,0,0,0,111,22,13,0,146,0,0,0,146
01/01/2023,ORF,VA,AEA,EN,Combined TRACON& Tower with Radar,94,18,13,0,125,0,0,20,0,20,94,18,33,0,145,0,0,0,145
01/02/2023,ORF,VA,AEA,EN,Combined TRACON& Tower with Radar,111,24,34,0,169,0,0,26,0,26,111,24,60,0,195,2,0,2,197
01/03/2023,ORF,VA,AEA,EN,Combined TRACON& Tower with Radar,108,23,17,1,149,0,0,6,6,12,108,23,23,7,161,0,0,0,161
01/04/2023,ORF,VA,AEA,EN,Combined TRACON& Tower with Radar,91,27,12,2,132,0,0,10,3,13,91,27,22,5,145,0,0,0,145
01/05/2023,ORF,VA,AEA,EN,Combined TRACON& Tower with Radar,89,30,12,0,131,0,0,16,0,16,89,30,28,0,147,0,0,0,147
01/06/2023,ORF,VA,AEA,EN,Combined TRACON& Tower with Radar,96,27,33,0,156,0,0,24,2,26,96,27,57,2,182,0,0,0,182
01/07/2023,ORF,VA,AEA,EN,Combined TRACON& Tower with Radar,80,20,26,1,127,0,0,27,0,27,80,20,53,1,154,0,0,0,154
01/08/2023,ORF,VA,AEA,EN,Combined TRACON& Tower with Radar,101,21,29,0,151,0,0,26,0,26,101,21,55,0,177,0,0,0,177
01/09/2023,ORF,VA,AEA,EN,Combined TRACON& Tower with Radar,117,20,23,0,160,0,1,13,0,14,117,21,36,0,174,0,0,0,174
01/10/2023,ORF,VA,AEA,EN,Combined TRACON& Tower with Radar,103,26,26,1,156,0,0,29,0,29,103,26,55,1,185,9,0,9,194
01/11/2023,ORF,VA,AEA,EN,Combined TRACON& Tower with Radar,97,26,15,1,139,0,0,22,0,22,97,26,37,1,161,12,0,12,173
01/12/2023,ORF,VA,AEA,EN,Combined TRACON& Tower with Radar,111,37,24,0,172,0,0,9,0,9,111,37,33,0,181,0,0,0,181
01/13/2023,ORF,VA,AEA,EN,Combined TRACON& Tower with Radar,122,27,30,2,181,0,0,11,0,11,122,27,41,2,192,0,0,0,192
01/14/2023,ORF,VA,AEA,EN,Combined TRACON& Tower with Radar,88,17,10,0,115,0,0,0,0,0,88,17,10,0,115,0,0,0,115
01/15/2023,ORF,VA,AEA,EN,Combined TRACON& Tower with Radar,95,16,29,0,140,0,0,16,3,19,95,16,45,3,159,13,0,13,172
01/16/2023,ORF,VA,AEA,EN,Combined TRACON& Tower with Radar,116,22,34,0,172,0,0,32,0,32,116,22,66,0,204,2,0,2,206
01/17/2023,ORF,VA,AEA,EN,Combined TRACON& Tower with Radar,110,29,27,1,167,0,0,4,4,8,110,29,31,5,175,0,0,0,175
01/18/2023,ORF,VA,AEA,EN,Combined TRACON& Tower with Radar,111,26,35,1,173,0,1,17,0,18,111,27,52,1,191,0,0,0,191
01/19/2023,ORF,VA,AEA,EN,Combined TRACON& Tower with Radar,111,42,34,2,189,0,0,11,0,11,111,42,45,2,200,0,0,0,200
01/20/2023,ORF,VA,AEA,EN,Combined TRACON& Tower with Radar,124,32,34,0,190,0,1,25,0,26,124,33,59,0,216,0,0,0,216
01/21/2023,ORF,VA,AEA,EN,Combined TRACON& Tower with Radar,92,25,20,0,137,0,0,66,0,66,92,25,86,0,203,21,0,21,224
01/22/2023,ORF,VA,AEA,EN,Combined TRACON& Tower with Radar,105,31,15,0,151,0,0,2,0,2,105,31,17,0,153,0,0,0,153
01/23/2023,ORF,VA,AEA,EN,Combined TRACON& Tower with Radar,116,27,16,2,161,0,0,3,0,3,116,27,19,2,164,0,0,0,164
01/24/2023,ORF,VA,AEA,EN,Combined TRACON& Tower with Radar,106,29,39,0,174,0,0,39,0,39,106,29,78,0,213,4,0,4,217
01/25/2023,ORF,VA,AEA,EN,Combined TRACON& Tower with Radar,103,28,23,3,157,0,0,8,0,8,103,28,31,3,165,0,0,0,165
01/26/2023,ORF,VA,AEA,EN,Combined TRACON& Tower with Radar,111,33,29,0,173,0,0,19,0,19,111,33,48,0,192,0,0,0,192
01/27/2023,ORF,VA,AEA,EN,Combined TRACON& Tower with Radar,119,28,33,0,180,0,2,25,0,27,119,30,58,0,207,0,0,0,207
01/28/2023,ORF,VA,AEA,EN,Combined TRACON& Tower with Radar,90,39,31,0,160,0,2,35,0,37,90,41,66,0,197,0,0,0,197
01/29/2023,ORF,VA,AEA,EN,Combined TRACON& Tower with Radar,103,25,24,0,152,0,0,31,0,31,103,25,55,0,183,20,0,20,203
01/30/2023,ORF,VA,AEA,EN,Combined TRACON& Tower with Radar,106,32,9,0,147,0,0,2,1,3,106,32,11,1,150,0,0,0,150
01/31/2023,ORF,VA,AEA,EN,Combined TRACON& Tower with Radar,107,31,9,0,147,0,0,0,0,0,107,31,9,0,147,0,0,0,147
02/01/2023,ORF,VA,AEA,EN,Combined TRACON& Tower with Radar,103,28,13,0,144,0,2,7,0,9,103,30,20,0,153,0,0,0,153
02/02/2023,ORF,VA,AEA,EN,Combined TRACON& Tower with Radar,112,37,12,0,161,0,0,0,0,0,112,37,12,0,161,0,0,0,161
02/03/2023,ORF,VA,AEA,EN,Combined TRACON& Tower with Radar,115,23,18,0,156,0,0,9,0,9,115,23,27,0,165,0,0,0,165
02/04/2023,ORF,VA,AEA,EN,Combined TRACON& Tower with Radar,97,23,15,0,135,0,1,17,0,18,97,24,32,0,153,0,0,0,153
02/05/2023,ORF,VA,AEA,EN,Combined TRACON& Tower with Radar,117,22,25,0,164,0,0,25,2,27,117,22,50,2,191,6,0,6,197
02/06/2023,ORF,VA,AEA,EN,Combined TRACON& Tower with Radar,117,26,20,2,165,0,2,11,6,19,117,28,31,8,184,0,0,0,184
02/07/2023,ORF,VA,AEA,EN,Combined TRACON& Tower with Radar,110,28,8,0,146,0,0,37,5,42,110,28,45,5,188,9,0,9,197
02/08/2023,ORF,VA,AEA,EN,Combined TRACON& Tower with Radar,108,23,33,0,164,0,0,23,4,27,108,23,56,4,191,0,0,0,191
02/09/2023,ORF,VA,AEA,EN,Combined TRACON& Tower with Radar,119,22,26,11,178,0,0,18,8,26,119,22,44,19,204,0,0,0,204
02/10/2023,ORF,VA,AEA,EN,Combined TRACON& Tower with Radar,120,17,27,3,167,0,0,11,0,11,120,17,38,3,178,0,0,0,178
02/11/2023,ORF,VA,AEA,EN,Combined TRACON& Tower with Radar,100,20,15,0,135,0,0,30,0,30,100,20,45,0,165,0,0,0,165
02/12/2023,ORF,VA,AEA,EN,Combined TRACON& Tower with Radar,111,11,20,0,142,0,0,1,0,1,111,11,21,0,143,0,0,0,143
02/13/2023,ORF,VA,AEA,EN,Combined TRACON& Tower with Radar,115,21,20,0,156,0,0,11,0,11,115,21,31,0,167,15,0,15,182
02/14/2023,ORF,VA,AEA,EN,Combined TRACON& Tower with Radar,114,13,12,4,143,0,0,35,0,35,114,13,47,4,178,0,0,0,178
02/15/2023,ORF,VA,AEA,EN,Combined TRACON& Tower with Radar,116,20,30,0,166,0,0,25,0,25,116,20,55,0,191,0,0,0,191
02/16/2023,ORF,VA,AEA,EN,Combined TRACON& Tower with Radar,121,19,31,2,173,0,0,11,1,12,121,19,42,3,185,0,0,0,185
02/17/2023,ORF,VA,AEA,EN,Combined TRACON& Tower with Radar,133,19,30,0,182,0,1,1,0,2,133,20,31,0,184,0,0,0,184
02/18/2023,ORF,VA,AEA,EN,Combined TRACON& Tower with Radar,98,16,19,0,133,0,0,28,0,28,98,16,47,0,161,0,0,0,161
02/19/2023,ORF,VA,AEA,EN,Combined TRACON& Tower with Radar,109,19,34,0,162,0,0,21,0,21,109,19,55,0,183,12,0,12,195
02/20/2023,ORF,VA,AEA,EN,Combined TRACON& Tower with Radar,126,24,30,0,180,0,0,16,0,16,126,24,46,0,196,0,0,0,196
02/21/2023,ORF,VA,AEA,EN,Combined TRACON& Tower with Radar,125,27,21,2,175,0,0,20,0,20,125,27,41,2,195,0,0,0,195
02/22/2023,ORF,VA,AEA,EN,Combined TRACON& Tower with Radar,118,20,18,0,156,0,0,16,9,25,118,20,34,9,181,0,0,0,181
02/23/2023,ORF,VA,AEA,EN,Combined TRACON& Tower with Radar,127,20,22,9,178,0,0,5,0,5,127,20,27,9,183,0,0,0,183
02/24/2023,ORF,VA,AEA,EN,Combined TRACON& Tower with Radar,131,28,26,2,187,0,0,13,0,13,131,28,39,2,200,0,0,0,200
02/25/2023,ORF,VA,AEA,EN,Combined TRACON& Tower with Radar,96,17,17,0,130,0,0,5,0,5,96,17,22,0,135,0,0,0,135
02/26/2023,ORF,VA,AEA,EN,Combined TRACON& Tower with Radar,115,21,20,0,156,0,1,18,0,19,115,22,38,0,175,1,0,1,176
02/27/2023,ORF,VA,AEA,EN,Combined TRACON& Tower with Radar,122,34,27,2,185,0,0,19,0,19,122,34,46,2,204,0,0,0,204
02/28/2023,ORF,VA,AEA,EN,Combined TRACON& Tower with Radar,109,13,33,2,157,0,0,4,0,4,109,13,37,2,161,0,0,0,161
03/01/2023,ORF,VA,AEA,EN,Combined TRACON& Tower with Radar,112,26,31,0,169,0,0,21,0,21,112,26,52,0,190,18,0,18,208
03/02/2023,ORF,VA,AEA,EN,Combined TRACON& Tower with Radar,120,23,37,0,180,0,0,5,0,5,120,23,42,0,185,0,0,0,185
03/03/2023,ORF,VA,AEA,EN,Combined TRACON& Tower with Radar,126,31,20,0,177,0,0,2,0,2,126,31,22,0,179,0,0,0,179
03/04/2023,ORF,VA,AEA,EN,Combined TRACON& Tower with Radar,97,21,23,0,141,0,0,7,1,8,97,21,30,1,149,0,0,0,149
03/05/2023,ORF,VA,AEA,EN,Combined TRACON& Tower with Radar,116,16,25,0,157,0,1,43,0,44,116,17,68,0,201,4,0,4,205
03/06/2023,ORF,VA,AEA,EN,Combined TRACON& Tower with Radar,128,13,17,0,158,0,0,46,0,46,128,13,63,0,204,24,0,24,228
03/07/2023,ORF,VA,AEA,EN,Combined TRACON& Tower with Radar,117,23,18,0,158,0,0,7,0,7,117,23,25,0,165,0,0,0,165
03/08/2023,ORF,VA,AEA,EN,Combined TRACON& Tower with Radar,118,14,26,0,158,0,0,19,2,21,118,14,45,2,179,10,0,10,189
03/09/2023,ORF,VA,AEA,EN,Combined TRACON& Tower with Radar,127,24,39,3,193,0,0,20,1,21,127,24,59,4,214,0,0,0,214
03/10/2023,ORF,VA,AEA,EN,Combined TRACON& Tower with Radar,131,21,18,0,170,0,1,6,0,7,131,22,24,0,177,0,0,0,177
03/11/2023,ORF,VA,AEA,EN,Combined TRACON& Tower with Radar,100,29,23,0,152,0,0,5,0,5,100,29,28,0,157,0,0,0,157
03/12/2023,ORF,VA,AEA,EN,Combined TRACON& Tower with Radar,121,15,30,1,167,0,0,7,0,7,121,15,37,1,174,0,0,0,174
03/13/2023,ORF,VA,AEA,EN,Combined TRACON& Tower with Radar,124,19,9,1,153,0,0,2,0,2,124,19,11,1,155,0,0,0,155
03/14/2023,ORF,VA,AEA,EN,Combined TRACON& Tower with Radar,111,22,15,0,148,0,0,0,3,3,111,22,15,3,151,0,0,0,151
03/15/2023,ORF,VA,AEA,EN,Combined TRACON& Tower with Radar,120,23,45,7,195,0,0,14,0,14,120,23,59,7,209,2,0,2,211
03/16/2023,ORF,VA,AEA,EN,Combined TRACON& Tower with Radar,134,19,37,0,190,0,0,43,0,43,134,19,80,0,233,0,0,0,233
03/17/2023,ORF,VA,AEA,EN,Combined TRACON& Tower with Radar,131,16,33,0,180,0,0,5,0,5,131,16,38,0,185,0,0,0,185
03/18/2023,ORF,VA,AEA,EN,Combined TRACON& Tower with Radar,104,12,13,2,131,0,1,27,2,30,104,13,40,4,161,12,0,12,173
03/19/2023,ORF,VA,AEA,EN,Combined TRACON& Tower with Radar,120,11,22,0,153,0,3,26,0,29,120,14,48,0,182,10,0,10,192
03/20/2023,ORF,VA,AEA,EN,Combined TRACON& Tower with Radar,131,16,21,0,168,0,4,24,0,28,131,20,45,0,196,0,0,0,196
03/21/2023,ORF,VA,AEA,EN,Combined TRACON& Tower with Radar,119,27,33,0,179,0,0,26,1,27,119,27,59,1,206,0,0,0,206
03/22/2023,ORF,VA,AEA,EN,Combined TRACON& Tower with Radar,121,28,28,0,177,0,0,10,0,10,121,28,38,0,187,0,0,0,187
03/23/2023,ORF,VA,AEA,EN,Combined TRACON& Tower with Radar,127,23,37,2,189,0,0,14,0,14,127,23,51,2,203,0,0,0,203
03/24/2023,ORF,VA,AEA,EN,Combined TRACON& Tower with Radar,138,24,28,0,190,0,0,18,0,18,138,24,46,0,208,0,0,0,208
03/25/2023,ORF,VA,AEA,EN,Combined TRACON& Tower with Radar,101,24,14,0,139,0,0,3,0,3,101,24,17,0,142,0,0,0,142
03/26/2023,ORF,VA,AEA,EN,Combined TRACON& Tower with Radar,117,19,29,0,165,0,1,21,0,22,117,20,50,0,187,4,0,4,191
03/27/2023,ORF,VA,AEA,EN,Combined TRACON& Tower with Radar,138,21,18,2,179,0,0,7,0,7,138,21,25,2,186,0,0,0,186
03/28/2023,ORF,VA,AEA,EN,Combined TRACON& Tower with Radar,121,21,25,0,167,0,0,13,0,13,121,21,38,0,180,1,0,1,181
03/29/2023,ORF,VA,AEA,EN,Combined TRACON& Tower with Radar,124,28,32,0,184,0,0,25,0,25,124,28,57,0,209,0,0,0,209
03/30/2023,ORF,VA,AEA,EN,Combined TRACON& Tower with Radar,134,20,44,0,198,0,0,20,0,20,134,20,64,0,218,0,0,0,218
03/31/2023,ORF,VA,AEA,EN,Combined TRACON& Tower with Radar,128,17,26,0,171,0,0,8,0,8,128,17,34,0,179,0,0,0,179
04/01/2023,ORF,VA,AEA,EN,Combined TRACON& Tower with Radar,100,15,13,0,128,0,0,0,0,0,100,15,13,0,128,0,0,0,128
04/02/2023,ORF,VA,AEA,EN,Combined TRACON& Tower with Radar,121,28,26,1,176,0,0,26,0,26,121,28,52,1,202,0,0,0,202
04/03/2023,ORF,VA,AEA,EN,Combined TRACON& Tower with Radar,133,24,25,3,185,0,0,21,1,22,133,24,46,4,207,12,8,20,227
04/04/2023,ORF,VA,AEA,EN,Combined TRACON& Tower with Radar,120,21,35,5,181,5,0,22,0,27,125,21,57,5,208,12,0,12,220
04/05/2023,ORF,VA,AEA,EN,Combined TRACON& Tower with Radar,120,23,28,2,173,1,0,25,3,29,121,23,53,5,202,0,0,0,202
04/06/2023,ORF,VA,AEA,EN,Combined TRACON& Tower with Radar,134,25,34,0,193,0,0,21,0,21,134,25,55,0,214,0,0,0,214
04/07/2023,ORF,VA,AEA,EN,Combined TRACON& Tower with Radar,146,25,24,0,195,0,0,0,0,0,146,25,24,0,195,0,0,0,195
04/08/2023,ORF,VA,AEA,EN,Combined TRACON& Tower with Radar,99,13,10,0,122,0,0,5,1,6,99,13,15,1,128,0,0,0,128
04/09/2023,ORF,VA,AEA,EN,Combined TRACON& Tower with Radar,130,12,13,1,156,0,0,10,0,10,130,12,23,1,166,0,0,0,166
04/10/2023,ORF,VA,AEA,EN,Combined TRACON& Tower with Radar,139,31,33,0,203,0,2,36,3,41,139,33,69,3,244,18,0,18,262
04/11/2023,ORF,VA,AEA,EN,Combined TRACON& Tower with Radar,133,28,20,2,183,0,0,32,2,34,133,28,52,4,217,4,0,4,221
04/12/2023,ORF,VA,AEA,EN,Combined TRACON& Tower with Radar,127,28,31,1,187,0,0,19,2,21,127,28,50,3,208,0,0,0,208
04/13/2023,ORF,VA,AEA,EN,Combined TRACON& Tower with Radar,136,30,21,0,187,0,0,39,3,42,136,30,60,3,229,0,0,0,229
04/14/2023,ORF,VA,AEA,EN,Combined TRACON& Tower with Radar,138,21,32,0,191,0,0,6,0,6,138,21,38,0,197,0,0,0,197
04/15/2023,ORF,VA,AEA,EN,Combined TRACON& Tower with Radar,107,26,41,2,176,0,0,19,0,19,107,26,60,2,195,0,0,0,195
04/16/2023,ORF,VA,AEA,EN,Combined TRACON& Tower with Radar,138,26,30,2,196,0,0,21,0,21,138,26,51,2,217,0,0,0,217
04/17/2023,ORF,VA,AEA,EN,Combined TRACON& Tower with Radar,137,13,16,0,166,0,2,21,0,23,137,15,37,0,189,14,0,14,203
04/18/2023,ORF,VA,AEA,EN,Combined TRACON& Tower with Radar,126,19,21,0,166,0,0,14,0,14,126,19,35,0,180,0,0,0,180
04/19/2023,ORF,VA,AEA,EN,Combined TRACON& Tower with Radar,124,23,29,2,178,0,0,34,1,35,124,23,63,3,213,0,0,0,213
04/20/2023,ORF,VA,AEA,EN,Combined TRACON& Tower with Radar,141,19,32,2,194,0,2,32,2,36,141,21,64,4,230,2,0,2,232
04/21/2023,ORF,VA,AEA,EN,Combined TRACON& Tower with Radar,145,22,23,0,190,0,0,21,7,28,145,22,44,7,218,0,0,0,218
04/22/2023,ORF,VA,AEA,EN,Combined TRACON& Tower with Radar,95,15,13,1,124,0,0,12,1,13,95,15,25,2,137,10,0,10,147
04/23/2023,ORF,VA,AEA,EN,Combined TRACON& Tower with Radar,149,11,33,1,194,0,0,24,2,26,149,11,57,3,220,0,0,0,220
04/24/2023,ORF,VA,AEA,EN,Combined TRACON& Tower with Radar,137,24,22,0,183,0,0,10,0,10,137,24,32,0,193,0,0,0,193
04/25/2023,ORF,VA,AEA,EN,Combined TRACON& Tower with Radar,125,23,24,0,172,0,0,21,2,23,125,23,45,2,195,14,0,14,209
04/26/2023,ORF,VA,AEA,EN,Combined TRACON& Tower with Radar,125,22,26,4,177,0,1,19,7,27,125,23,45,11,204,6,12,18,222
04/27/2023,ORF,VA,AEA,EN,Combined TRACON& Tower with Radar,143,29,36,2,210,0,0,19,0,19,143,29,55,2,229,9,15,24,253
04/28/2023,ORF,VA,AEA,EN,Combined TRACON& Tower with Radar,138,28,22,0,188,0,0,0,0,0,138,28,22,0,188,0,0,0,188
04/29/2023,ORF,VA,AEA,EN,Combined TRACON& Tower with Radar,104,35,41,1,181,0,0,7,3,10,104,35,48,4,191,0,0,0,191
04/30/2023,ORF,VA,AEA,EN,Combined TRACON& Tower with Radar,131,21,24,0,176,0,0,8,0,8,131,21,32,0,184,0,0,0,184
05/01/2023,ORF,VA,AEA,EN,Combined TRACON& Tower with Radar,143,17,32,1,193,0,0,15,5,20,143,17,47,6,213,0,0,0,213
05/02/2023,ORF,VA,AEA,EN,Combined TRACON& Tower with Radar,127,21,19,1,168,0,2,7,28,37,127,23,26,29,205,0,0,0,205
05/03/2023,ORF,VA,AEA,EN,Combined TRACON& Tower with Radar,124,20,27,5,176,0,0,4,5,9,124,20,31,10,185,0,0,0,185
05/04/2023,ORF,VA,AEA,EN,Combined TRACON& Tower with Radar,142,20,28,5,195,0,0,22,1,23,142,20,50,6,218,0,0,0,218
05/05/2023,ORF,VA,AEA,EN,Combined TRACON& Tower with Radar,139,21,35,0,195,0,1,17,2,20,139,22,52,2,215,0,0,0,215
05/06/2023,ORF,VA,AEA,EN,Combined TRACON& Tower with Radar,111,22,19,1,153,0,1,24,1,26,111,23,43,2,179,0,0,0,179
05/07/2023,ORF,VA,AEA,EN,Combined TRACON& Tower with Radar,139,21,33,2,195,0,0,15,0,15,139,21,48,2,210,0,0,0,210
05/08/2023,ORF,VA,AEA,EN,Combined TRACON& Tower with Radar,144,16,18,3,181,0,0,15,0,15,144,16,33,3,196,2,0,2,198
05/09/2023,ORF,VA,AEA,EN,Combined TRACON& Tower with Radar,128,20,29,0,177,0,0,13,6,19,128,20,42,6,196,0,0,0,196
05/10/2023,ORF,VA,AEA,EN,Combined TRACON& Tower with Radar,125,17,42,3,187,0,0,45,4,49,125,17,87,7,236,0,0,0,236
05/11/2023,ORF,VA,AEA,EN,Combined TRACON& Tower with Radar,149,24,31,0,204,0,1,16,4,21,149,25,47,4,225,0,0,0,225
05/12/2023,ORF,VA,AEA,EN,Combined TRACON& Tower with Radar,145,19,36,2,202,0,0,24,2,26,145,19,60,4,228,0,0,0,228
05/13/2023,ORF,VA,AEA,EN,Combined TRACON& Tower with Radar,109,17,20,4,150,0,0,30,0,30,109,17,50,4,180,0,0,0,180
05/14/2023,ORF,VA,AEA,EN,Combined TRACON& Tower with Radar,149,16,25,0,190,0,1,21,2,24,149,17,46,2,214,0,0,0,214
05/15/2023,ORF,VA,AEA,EN,Combined TRACON& Tower with Radar,144,22,17,6,189,0,0,22,8,30,144,22,39,14,219,0,0,0,219
05/16/2023,ORF,VA,AEA,EN,Combined TRACON& Tower with Radar,126,23,33,5,187,0,0,5,7,12,126,23,38,12,199,5,0,5,204
05/17/2023,ORF,VA,AEA,EN,Combined TRACON& Tower with Radar,129,24,37,3,193,0,0,28,3,31,129,24,65,6,224,0,0,0,224
05/18/2023,ORF,VA,AEA,EN,Combined TRACON& Tower with Radar,151,15,40,4,210,0,0,20,7,27,151,15,60,11,237,0,0,0,237
05/19/2023,ORF,VA,AEA,EN,Combined TRACON& Tower with Radar,145,26,26,11,208,0,0,6,2,8,145,26,32,13,216,0,0,0,216
05/20/2023,ORF,VA,AEA,EN,Combined TRACON& Tower with Radar,120,19,14,4,157,0,0,5,3,8,120,19,19,7,165,0,0,0,165
05/21/2023,ORF,VA,AEA,EN,Combined TRACON& Tower with Radar,152,16,27,9,204,0,0,16,9,25,152,16,43,18,229,2,0,2,231
05/22/2023,ORF,VA,AEA,EN,Combined TRACON& Tower with Radar,142,23,26,10,201,0,0,20,7,27,142,23,46,17,228,4,0,4,232
05/23/2023,ORF,VA,AEA,EN,Combined TRACON& Tower with Radar,136,13,24,5,178,0,0,5,19,24,136,13,29,24,202,0,0,0,202
05/24/2023,ORF,VA,AEA,EN,Combined TRACON& Tower with Radar,122,19,30,10,181,1,0,20,7,28,123,19,50,17,209,0,0,0,209
05/25/2023,ORF,VA,AEA,EN,Combined TRACON& Tower with Radar,158,27,36,3,224,0,0,3,0,3,158,27,39,3,227,0,0,0,227
05/26/2023,ORF,VA,AEA,EN,Combined TRACON& Tower with Radar,158,16,21,0,195,0,0,4,2,6,158,16,25,2,201,0,0,0,201
05/27/2023,ORF,VA,AEA,EN,Combined TRACON& Tower with Radar,109,25,14,0,148,0,1,2,0,3,109,26,16,0,151,0,0,0,151
05/28/2023,ORF,VA,AEA,EN,Combined TRACON& Tower with Radar,114,12,16,1,143,0,0,0,0,0,114,12,16,1,143,0,0,0,143
05/29/2023,ORF,VA,AEA,EN,Combined TRACON& Tower with Radar,138,17,25,0,180,0,0,10,2,12,138,17,35,2,192,2,0,2,194
05/30/2023,ORF,VA,AEA,EN,Combined TRACON& Tower with Radar,130,13,23,0,166,0,0,0,0,0,130,13,23,0,166,0,0,0,166
05/31/2023,ORF,VA,AEA,EN,Combined TRACON& Tower with Radar,127,20,28,0,175,0,0,2,0,2,127,20,30,0,177,0,0,0,177
06/01/2023,ORF,VA,AEA,EN,Combined TRACON& Tower with Radar,180,20,31,3,234,0,0,0,0,0,180,20,31,3,234,0,0,0,234
06/02/2023,ORF,VA,AEA,EN,Combined TRACON& Tower with Radar,164,10,28,2,204,0,0,3,3,6,164,10,31,5,210,0,0,0,210
06/03/2023,ORF,VA,AEA,EN,Combined TRACON& Tower with Radar,121,18,5,0,144,0,0,2,0,2,121,18,7,0,146,0,0,0,146
06/04/2023,ORF,VA,AEA,EN,Combined TRACON& Tower with Radar,162,8,36,0,206,0,0,17,4,21,162,8,53,4,227,0,0,0,227
06/05/2023,ORF,VA,AEA,EN,Combined TRACON& Tower with Radar,165,9,21,0,195,0,0,23,4,27,165,9,44,4,222,0,0,0,222
06/06/2023,ORF,VA,AEA,EN,Combined TRACON& Tower with Radar,139,18,23,0,180,0,0,31,13,44,139,18,54,13,224,2,0,2,226
06/07/2023,ORF,VA,AEA,EN,Combined TRACON& Tower with Radar,129,15,30,0,174,0,0,1,2,3,129,15,31,2,177,0,0,0,177
06/08/2023,ORF,VA,AEA,EN,Combined TRACON& Tower with Radar,168,23,25,1,217,0,0,8,4,12,168,23,33,5,229,0,0,0,229
06/09/2023,ORF,VA,AEA,EN,Combined TRACON& Tower with Radar,170,18,21,3,212,0,0,9,1,10,170,18,30,4,222,0,0,0,222
06/10/2023,ORF,VA,AEA,EN,Combined TRACON& Tower with Radar,126,31,18,0,175,0,5,19,0,24,126,36,37,0,199,0,0,0,199
06/11/2023,ORF,VA,AEA,EN,Combined TRACON& Tower with Radar,159,18,36,0,213,0,0,19,2,21,159,18,55,2,234,4,0,4,238
06/12/2023,ORF,VA,AEA,EN,Combined TRACON& Tower with Radar,160,16,24,0,200,0,0,4,3,7,160,16,28,3,207,2,0,2,209
06/13/2023,ORF,VA,AEA,EN,Combined TRACON& Tower with Radar,149,14,16,7,186,0,1,26,6,33,149,15,42,13,219,3,0,3,222
06/14/2023,ORF,VA,AEA,EN,Combined TRACON& Tower with Radar,130,19,15,0,164,0,0,21,3,24,130,19,36,3,188,16,0,16,204
06/15/2023,ORF,VA,AEA,EN,Combined TRACON& Tower with Radar,164,25,29,1,219,0,0,35,1,36,164,25,64,2,255,0,0,0,255
06/16/2023,ORF,VA,AEA,EN,Combined TRACON& Tower with Radar,152,20,24,3,199,0,0,15,2,17,152,20,39,5,216,0,0,0,216
06/17/2023,ORF,VA,AEA,EN,Combined TRACON& Tower with Radar,130,24,34,0,188,0,0,14,0,14,130,24,48,0,202,0,0,0,202
06/18/2023,ORF,VA,AEA,EN,Combined TRACON& Tower with Radar,157,16,31,1,205,0,2,31,7,40,157,18,62,8,245,2,0,2,247
06/19/2023,ORF,VA,AEA,EN,Combined TRACON& Tower with Radar,153,20,39,1,213,0,0,21,1,22,153,20,60,2,235,0,0,0,235
06/20/2023,ORF,VA,AEA,EN,Combined TRACON& Tower with Radar,144,17,24,0,185,0,0,3,4,7,144,17,27,4,192,0,0,0,192
06/21/2023,ORF,VA,AEA,EN,Combined TRACON& Tower with Radar,140,23,26,0,189,0,0,0,0,0,140,23,26,0,189,0,0,0,189
06/22/2023,ORF,VA,AEA,EN,Combined TRACON& Tower with Radar,183,25,20,0,228,0,0,0,0,0,183,25,20,0,228,0,0,0,228
06/23/2023,ORF,VA,AEA,EN,Combined TRACON& Tower with Radar,156,36,14,3,209,0,1,6,3,10,156,37,20,6,219,0,0,0,219
06/24/2023,ORF,VA,AEA,EN,Combined TRACON& Tower with Radar,131,19,30,0,180,0,0,10,1,11,131,19,40,1,191,0,0,0,191
06/25/2023,ORF,VA,AEA,EN,Combined TRACON& Tower with Radar,135,28,28,0,191,0,2,13,1,16,135,30,41,1,207,0,0,0,207
06/26/2023,ORF,VA,AEA,EN,Combined TRACON& Tower with Radar,133,20,18,0,171,0,0,17,2,19,133,20,35,2,190,22,0,22,212
06/27/2023,ORF,VA,AEA,EN,Combined TRACON& Tower with Radar,119,20,23,0,162,0,0,11,2,13,119,20,34,2,175,0,0,0,175
06/28/2023,ORF,VA,AEA,EN,Combined TRACON& Tower with Radar,120,21,25,1,167,0,0,29,4,33,120,21,54,5,200,0,0,0,200
06/29/2023,ORF,VA,AEA,EN,Combined TRACON& Tower with Radar,157,18,36,2,213,0,0,11,7,18,157,18,47,9,231,6,0,6,237
06/30/2023,ORF,VA,AEA,EN,Combined TRACON& Tower with Radar,168,17,29,4,218,0,0,17,3,20,168,17,46,7,238,0,0,0,238
07/01/2023,ORF,VA,AEA,EN,Combined TRACON& Tower with Radar,131,28,32,0,191,0,0,21,2,23,131,28,53,2,214,6,0,6,220
07/02/2023,ORF,VA,AEA,EN,Combined TRACON& Tower with Radar,149,5,16,0,170,0,0,30,0,30,149,5,46,0,200,14,0,14,214
07/03/2023,ORF,VA,AEA,EN,Combined TRACON& Tower with Radar,138,13,13,0,164,0,0,20,0,20,138,13,33,0,184,6,0,6,190
07/04/2023,ORF,VA,AEA,EN,Combined TRACON& Tower with Radar,107,7,10,0,124,0,0,31,2,33,107,7,41,2,157,4,0,4,161
07/05/2023,ORF,VA,AEA,EN,Combined TRACON& Tower with Radar,131,20,25,1,177,0,1,27,1,29,131,21,52,2,206,0,0,0,206
07/06/2023,ORF,VA,AEA,EN,Combined TRACON& Tower with Radar,166,21,15,0,202,0,0,14,4,18,166,21,29,4,220,30,0,30,250
07/07/2023,ORF,VA,AEA,EN,Combined TRACON& Tower with Radar,156,25,23,2,206,0,0,19,1,20,156,25,42,3,226,34,0,34,260
07/08/2023,ORF,VA,AEA,EN,Combined TRACON& Tower with Radar,135,26,25,0,186,0,0,18,2,20,135,26,43,2,206,0,0,0,206
07/09/2023,ORF,VA,AEA,EN,Combined TRACON& Tower with Radar,157,9,14,1,181,0,0,9,1,10,157,9,23,2,191,0,0,0,191
07/10/2023,ORF,VA,AEA,EN,Combined TRACON& Tower with Radar,155,17,24,0,196,0,0,11,5,16,155,17,35,5,212,0,0,0,212
07/11/2023,ORF,VA,AEA,EN,Combined TRACON& Tower with Radar,156,13,32,1,202,0,0,42,3,45,156,13,74,4,247,0,0,0,247
07/12/2023,ORF,VA,AEA,EN,Combined TRACON& Tower with Radar,146,14,25,0,185,0,2,26,3,31,146,16,51,3,216,12,0,12,228
07/13/2023,ORF,VA,AEA,EN,Combined TRACON& Tower with Radar,177,15,26,0,218,0,1,20,10,31,177,16,46,10,249,16,0,16,265
07/14/2023,ORF,VA,AEA,EN,Combined TRACON& Tower with Radar,156,16,31,2,205,0,0,11,3,14,156,16,42,5,219,8,0,8,227
07/15/2023,ORF,VA,AEA,EN,Combined TRACON& Tower with Radar,133,26,19,1,179,0,0,22,0,22,133,26,41,1,201,0,0,0,201
07/16/2023,ORF,VA,AEA,EN,Combined TRACON& Tower with Radar,153,16,21,0,190,0,0,3,2,5,153,16,24,2,195,0,0,0,195
07/17/2023,ORF,VA,AEA,EN,Combined TRACON& Tower with Radar,168,25,25,0,218,0,0,23,6,29,168,25,48,6,247,28,0,28,275
07/18/2023,ORF,VA,AEA,EN,Combined TRACON& Tower with Radar,138,13,22,0,173,0,0,25,1,26,138,13,47,1,199,0,0,0,199
07/19/2023,ORF,VA,AEA,EN,Combined TRACON& Tower with Radar,145,24,21,0,190,0,0,11,5,16,145,24,32,5,206,0,0,0,206
07/20/2023,ORF,VA,AEA,EN,Combined TRACON& Tower with Radar,171,19,18,0,208,0,0,10,2,12,171,19,28,2,220,0,0,0,220
07/21/2023,ORF,VA,AEA,EN,Combined TRACON& Tower with Radar,177,29,15,0,221,0,0,44,3,47,177,29,59,3,268,0,0,0,268
07/22/2023,ORF,VA,AEA,EN,Combined TRACON& Tower with Radar,136,11,22,0,169,0,0,41,0,41,136,11,63,0,210,6,0,6,216
07/23/2023,ORF,VA,AEA,EN,Combined TRACON& Tower with Radar,168,21,19,0,208,0,2,41,6,49,168,23,60,6,257,0,0,0,257
07/24/2023,ORF,VA,AEA,EN,Combined TRACON& Tower with Radar,165,21,16,0,202,0,0,5,3,8,165,21,21,3,210,4,0,4,214
07/25/2023,ORF,VA,AEA,EN,Combined TRACON& Tower with Radar,143,16,28,1,188,0,0,22,3,25,143,16,50,4,213,5,0,5,218
07/26/2023,ORF,VA,AEA,EN,Combined TRACON& Tower with Radar,150,17,28,2,197,0,0,19,4,23,150,17,47,6,220,6,0,6,226
07/27/2023,ORF,VA,AEA,EN,Combined TRACON& Tower with Radar,162,17,32,0,211,0,0,20,4,24,162,17,52,4,235,0,0,0,235
07/28/2023,ORF,VA,AEA,EN,Combined TRACON& Tower with Radar,174,24,26,0,224,0,0,22,2,24,174,24,48,2,248,0,0,0,248
07/29/2023,ORF,VA,AEA,EN,Combined TRACON& Tower with Radar,150,18,18,2,188,0,1,17,0,18,150,19,35,2,206,0,0,0,206
07/30/2023,ORF,VA,AEA,EN,Combined TRACON& Tower with Radar,171,20,20,0,211,0,1,20,1,22,171,21,40,1,233,0,0,0,233
07/31/2023,ORF,VA,AEA,EN,Combined TRACON& Tower with Radar,166,12,17,1,196,0,1,14,7,22,166,13,31,8,218,0,0,0,218
08/01/2023,ORF,VA,AEA,EN,Combined TRACON& Tower with Radar,153,31,32,0,216,0,0,23,4,27,153,31,55,4,243,31,0,31,274
08/02/2023,ORF,VA,AEA,EN,Combined TRACON& Tower with Radar,148,15,21,1,185,0,0,28,2,30,148,15,49,3,215,10,0,10,225
08/03/2023,ORF,VA,AEA,EN,Combined TRACON& Tower with Radar,163,18,30,2,213,0,0,21,4,25,163,18,51,6,238,0,0,0,238
08/04/2023,ORF,VA,AEA,EN,Combined TRACON& Tower with Radar,164,27,29,1,221,0,0,0,0,0,164,27,29,1,221,0,0,0,221
08/05/2023,ORF,VA,AEA,EN,Combined TRACON& Tower with Radar,134,21,14,0,169,0,0,18,0,18,134,21,32,0,187,0,0,0,187
08/06/2023,ORF,VA,AEA,EN,Combined TRACON& Tower with Radar,149,15,19,2,185,0,0,17,0,17,149,15,36,2,202,0,0,0,202
08/07/2023,ORF,VA,AEA,EN,Combined TRACON& Tower with Radar,161,18,38,0,217,0,0,14,13,27,161,18,52,13,244,0,0,0,244
08/08/2023,ORF,VA,AEA,EN,Combined TRACON& Tower with Radar,146,29,25,0,200,0,0,25,9,34,146,29,50,9,234,0,0,0,234
08/09/2023,ORF,VA,AEA,EN,Combined TRACON& Tower with Radar,144,19,27,1,191,0,1,41,7,49,144,20,68,8,240,12,0,12,252
08/10/2023,ORF,VA,AEA,EN,Combined TRACON& Tower with Radar,161,19,13,0,193,0,0,4,7,11,161,19,17,7,204,2,0,2,206
08/11/2023,ORF,VA,AEA,EN,Combined TRACON& Tower with Radar,174,19,33,0,226,0,2,32,3,37,174,21,65,3,263,10,0,10,273
08/12/2023,ORF,VA,AEA,EN,Combined TRACON& Tower with Radar,132,14,15,0,161,0,0,27,1,28,132,14,42,1,189,0,0,0,189
08/13/2023,ORF,VA,AEA,EN,Combined TRACON& Tower with Radar,155,15,12,0,182,0,0,21,2,23,155,15,33,2,205,0,0,0,205
08/14/2023,ORF,VA,AEA,EN,Combined TRACON& Tower with Radar,161,29,21,1,212,0,0,28,4,32,161,29,49,5,244,0,0,0,244
08/15/2023,ORF,VA,AEA,EN,Combined TRACON& Tower with Radar,150,20,16,0,186,0,0,8,3,11,150,20,24,3,197,0,0,0,197
08/16/2023,ORF,VA,AEA,EN,Combined TRACON& Tower with Radar,144,21,19,0,184,0,0,16,5,21,144,21,35,5,205,0,0,0,205
08/17/2023,ORF,VA,AEA,EN,Combined TRACON& Tower with Radar,164,22,19,0,205,0,0,8,2,10,164,22,27,2,215,0,0,0,215
08/18/2023,ORF,VA,AEA,EN,Combined TRACON& Tower with Radar,163,26,28,0,217,0,0,25,5,30,163,26,53,5,247,10,0,10,257
08/19/2023,ORF,VA,AEA,EN,Combined TRACON& Tower with Radar,141,14,13,0,168,0,1,25,0,26,141,15,38,0,194,4,0,4,198
08/20/2023,ORF,VA,AEA,EN,Combined TRACON& Tower with Radar,146,17,23,1,187,0,1,20,1,22,146,18,43,2,209,4,0,4,213
08/21/2023,ORF,VA,AEA,EN,Combined TRACON& Tower with Radar,165,14,21,0,200,0,0,23,3,26,165,14,44,3,226,0,0,0,226
08/22/2023,ORF,VA,AEA,EN,Combined TRACON& Tower with Radar,145,24,35,0,204,0,0,13,2,15,145,24,48,2,219,0,0,0,219
08/23/2023,ORF,VA,AEA,EN,Combined TRACON& Tower with Radar,149,23,36,5,213,0,2,30,6,38,149,25,66,11,251,4,5,9,260
08/24/2023,ORF,VA,AEA,EN,Combined TRACON& Tower with Radar,153,26,27,1,207,0,0,37,7,44,153,26,64,8,251,24,0,24,275
08/25/2023,ORF,VA,AEA,EN,Combined TRACON& Tower with Radar,170,15,21,0,206,0,0,35,2,37,170,15,56,2,243,1,0,1,244
08/26/2023,ORF,VA,AEA,EN,Combined TRACON& Tower with Radar,135,27,13,0,175,0,0,28,0,28,135,27,41,0,203,14,0,14,217
08/27/2023,ORF,VA,AEA,EN,Combined TRACON& Tower with Radar,146,7,32,0,185,0,0,11,0,11,146,7,43,0,196,0,0,0,196
08/28/2023,ORF,VA,AEA,EN,Combined TRACON& Tower with Radar,160,10,16,0,186,0,0,0,2,2,160,10,16,2,188,0,0,0,188
08/29/2023,ORF,VA,AEA,EN,Combined TRACON& Tower with Radar,141,15,28,3,187,0,0,7,3,10,141,15,35,6,197,0,0,0,197
08/30/2023,ORF,VA,AEA,EN,Combined TRACON& Tower with Radar,141,12,10,2,165,0,0,13,2,15,141,12,23,4,180,24,2,26,206
08/31/2023,ORF,VA,AEA,EN,Combined TRACON& Tower with Radar,160,15,19,1,195,0,0,3,0,3,160,15,22,1,198,0,0,0,198
