01/01/2000,ORH,MA,ANE,EN,Federal Contract Tower,0,3,7,0,10,0,0,19,0,19,0,3,26,0,29,12,0,12,41
01/02/2000,ORH,MA,ANE,EN,Federal Contract Tower,0,9,13,0,22,0,0,27,0,27,0,9,40,0,49,38,0,38,87
01/03/2000,ORH,MA,ANE,EN,Federal Contract Tower,0,0,0,0,0,0,0,0,0,0,0,0,0,0,0,0,0,0,0
01/04/2000,ORH,MA,ANE,EN,Federal Contract Tower,0,4,3,0,7,0,2,0,0,2,0,6,3,0,9,0,0,0,9
01/05/2000,ORH,MA,ANE,EN,Federal Contract Tower,0,6,9,0,15,0,0,60,0,60,0,6,69,0,75,52,0,52,127
01/06/2000,ORH,MA,ANE,EN,Federal Contract Tower,0,6,20,0,26,0,0,80,9,89,0,6,100,9,115,76,2,78,193
01/07/2000,ORH,MA,ANE,EN,Federal Contract Tower,0,7,14,0,21,0,0,31,0,31,0,7,45,0,52,48,0,48,100
01/08/2000,ORH,MA,ANE,EN,Federal Contract Tower,0,6,14,0,20,0,0,78,0,78,0,6,92,0,98,124,6,130,228
01/09/2000,ORH,MA,ANE,EN,Federal Contract Tower,0,5,7,0,12,0,1,74,0,75,0,6,81,0,87,146,0,146,233
01/10/2000,ORH,MA,ANE,EN,Federal Contract Tower,0,6,11,0,17,0,0,2,0,2,0,6,13,0,19,0,0,0,19
01/11/2000,ORH,MA,ANE,EN,Federal Contract Tower,0,6,9,0,15,0,2,15,0,17,0,8,24,0,32,8,0,8,40
01/12/2000,ORH,MA,ANE,EN,Federal Contract Tower,0,4,6,0,10,0,2,18,0,20,0,6,24,0,30,12,4,16,46
01/13/2000,ORH,MA,ANE,EN,Federal Contract Tower,0,4,7,0,11,0,0,5,0,5,0,4,12,0,16,0,0,0,16
01/14/2000,ORH,MA,ANE,EN,Federal Contract Tower,0,5,7,0,12,0,1,1,0,2,0,6,8,0,14,2,0,2,16
01/15/2000,ORH,MA,ANE,EN,Federal Contract Tower,0,4,7,0,11,0,3,71,0,74,0,7,78,0,85,52,0,52,137
01/16/2000,ORH,MA,ANE,EN,Federal Contract Tower,0,0,7,0,7,0,0,0,4,4,0,0,7,4,11,0,0,0,11
01/17/2000,ORH,MA,ANE,EN,Federal Contract Tower,0,5,10,0,15,0,2,3,0,5,0,7,13,0,20,0,0,0,20
01/18/2000,ORH,MA,ANE,EN,Federal Contract Tower,0,6,16,0,22,0,0,71,0,71,0,6,87,0,93,74,0,74,167
01/19/2000,ORH,MA,ANE,EN,Federal Contract Tower,0,6,11,0,17,0,2,20,2,24,0,8,31,2,41,34,0,34,75
01/20/2000,ORH,MA,ANE,EN,Federal Contract Tower,0,2,7,0,9,0,0,10,0,10,0,2,17,0,19,18,0,18,37
01/21/2000,ORH,MA,ANE,EN,Federal Contract Tower,0,4,8,0,12,0,0,2,2,4,0,4,10,2,16,0,0,0,16
01/22/2000,ORH,MA,ANE,EN,Federal Contract Tower,0,3,7,0,10,0,3,0,0,3,0,6,7,0,13,18,2,20,33
01/23/2000,ORH,MA,ANE,EN,Federal Contract Tower,0,0,9,0,9,0,0,39,0,39,0,0,48,0,48,150,0,150,198
01/24/2000,ORH,MA,ANE,EN,Federal Contract Tower,0,7,12,0,19,0,1,36,0,37,0,8,48,0,56,48,0,48,104
01/25/2000,ORH,MA,ANE,EN,Federal Contract Tower,0,0,2,0,2,0,0,0,0,0,0,0,2,0,2,0,0,0,2
01/26/2000,ORH,MA,ANE,EN,Federal Contract Tower,0,5,13,0,18,0,0,26,0,26,0,5,39,0,44,12,0,12,56
01/27/2000,ORH,MA,ANE,EN,Federal Contract Tower,0,6,13,0,19,0,0,53,1,54,0,6,66,1,73,38,0,38,111
01/28/2000,ORH,MA,ANE,EN,Federal Contract Tower,0,5,10,0,15,0,2,37,0,39,0,7,47,0,54,18,0,18,72
01/29/2000,ORH,MA,ANE,EN,Federal Contract Tower,0,6,13,0,19,0,0,84,0,84,0,6,97,0,103,96,0,96,199
01/30/2000,ORH,MA,ANE,EN,Federal Contract Tower,0,3,7,0,10,0,0,109,0,109,0,3,116,0,119,128,0,128,247
01/31/2000,ORH,MA,ANE,EN,Federal Contract Tower,0,6,12,0,18,0,4,7,0,11,0,10,19,0,29,0,0,0,29
02/01/2000,ORH,MA,ANE,EN,Federal Contract Tower,0,7,11,0,18,0,5,41,0,46,0,12,52,0,64,36,0,36,100
02/02/2000,ORH,MA,ANE,EN,Federal Contract Tower,0,0,9,0,9,0,0,0,32,32,0,0,9,32,41,1,32,33,74
02/03/2000,ORH,MA,ANE,EN,Federal Contract Tower,0,10,17,0,27,0,0,36,12,48,0,10,53,12,75,50,2,52,127
02/04/2000,ORH,MA,ANE,EN,Federal Contract Tower,0,9,12,0,21,0,0,20,2,22,0,9,32,2,43,36,10,46,89
02/05/2000,ORH,MA,ANE,EN,Federal Contract Tower,0,7,10,0,17,0,0,87,0,87,0,7,97,0,104,108,0,108,212
02/06/2000,ORH,MA,ANE,EN,Federal Contract Tower,0,6,8,1,15,0,3,4,1,8,0,9,12,2,23,6,0,6,29
02/07/2000,ORH,MA,ANE,EN,Federal Contract Tower,0,9,12,0,21,0,0,32,0,32,0,9,44,0,53,12,0,12,65
02/08/2000,ORH,MA,ANE,EN,Federal Contract Tower,0,2,8,0,10,0,0,21,0,21,0,2,29,0,31,0,16,16,47
02/09/2000,ORH,MA,ANE,EN,Federal Contract Tower,0,8,10,0,18,0,1,33,0,34,0,9,43,0,52,56,0,56,108
02/10/2000,ORH,MA,ANE,EN,Federal Contract Tower,0,8,13,1,22,0,0,52,3,55,0,8,65,4,77,40,0,40,117
02/11/2000,ORH,MA,ANE,EN,Federal Contract Tower,0,2,3,0,5,0,0,2,0,2,0,2,5,0,7,0,0,0,7
02/12/2000,ORH,MA,ANE,EN,Federal Contract Tower,0,7,8,0,15,0,2,107,0,109,0,9,115,0,124,186,0,186,310
02/13/2000,ORH,MA,ANE,EN,Federal Contract Tower,0,8,11,0,19,2,0,116,0,118,2,8,127,0,137,148,10,158,295
02/14/2000,ORH,MA,ANE,EN,Federal Contract Tower,0,6,7,0,13,0,2,0,0,2,0,8,7,0,15,0,0,0,15
02/15/2000,ORH,MA,ANE,EN,Federal Contract Tower,0,10,16,0,26,2,0,81,0,83,2,10,97,0,109,42,0,42,151
02/16/2000,ORH,MA,ANE,EN,Federal Contract Tower,0,7,10,0,17,0,0,20,0,20,0,7,30,0,37,18,0,18,55
02/17/2000,ORH,MA,ANE,EN,Federal Contract Tower,0,10,12,1,23,0,0,54,2,56,0,10,66,3,79,32,0,32,111
02/18/2000,ORH,MA,ANE,EN,Federal Contract Tower,0,2,5,0,7,0,0,4,0,4,0,2,9,0,11,26,0,26,37
02/19/2000,ORH,MA,ANE,EN,Federal Contract Tower,0,7,6,0,13,0,3,0,0,3,0,10,6,0,16,5,3,8,24
02/20/2000,ORH,MA,ANE,EN,Federal Contract Tower,0,5,7,0,12,0,5,25,0,30,0,10,32,0,42,42,0,42,84
02/21/2000,ORH,MA,ANE,EN,Federal Contract Tower,0,6,7,0,13,0,3,61,0,64,0,9,68,0,77,98,0,98,175
02/22/2000,ORH,MA,ANE,EN,Federal Contract Tower,0,9,19,0,28,0,0,102,0,102,0,9,121,0,130,92,0,92,222
02/23/2000,ORH,MA,ANE,EN,Federal Contract Tower,0,8,10,0,18,0,1,53,2,56,0,9,63,2,74,34,0,34,108
02/24/2000,ORH,MA,ANE,EN,Federal Contract Tower,0,9,18,0,27,0,0,58,4,62,0,9,76,4,89,112,0,112,201
02/25/2000,ORH,MA,ANE,EN,Federal Contract Tower,0,9,12,0,21,0,0,0,0,0,0,9,12,0,21,0,0,0,21
02/26/2000,ORH,MA,ANE,EN,Federal Contract Tower,0,1,0,0,1,0,2,0,0,2,0,3,0,0,3,0,0,0,3
02/27/2000,ORH,MA,ANE,EN,Federal Contract Tower,0,6,8,0,14,0,0,0,0,0,0,6,8,0,14,0,0,0,14
02/28/2000,ORH,MA,ANE,EN,Federal Contract Tower,0,9,13,0,22,0,0,22,0,22,0,9,35,0,44,2,0,2,46
02/29/2000,ORH,MA,ANE,EN,Federal Contract Tower,0,7,9,0,16,0,2,66,0,68,0,9,75,0,84,50,0,50,134
03/01/2000,ORH,MA,ANE,EN,Federal Contract Tower,0,10,13,0,23,0,0,89,0,89,0,10,102,0,112,54,0,54,166
03/02/2000,ORH,MA,ANE,EN,Federal Contract Tower,0,11,15,0,26,0,0,59,0,59,0,11,74,0,85,92,0,92,177
03/03/2000,ORH,MA,ANE,EN,Federal Contract Tower,0,6,7,0,13,0,3,20,0,23,0,9,27,0,36,16,0,16,52
03/04/2000,ORH,MA,ANE,EN,Federal Contract Tower,0,8,14,0,22,0,0,112,0,112,0,8,126,0,134,116,0,116,250
03/05/2000,ORH,MA,ANE,EN,Federal Contract Tower,0,8,9,0,17,0,0,60,0,60,0,8,69,0,77,102,0,102,179
03/06/2000,ORH,MA,ANE,EN,Federal Contract Tower,0,8,11,0,19,2,3,50,0,55,2,11,61,0,74,38,0,38,112
03/07/2000,ORH,MA,ANE,EN,Federal Contract Tower,0,8,14,0,22,0,0,76,0,76,0,8,90,0,98,96,0,96,194
03/08/2000,ORH,MA,ANE,EN,Federal Contract Tower,0,8,12,1,21,0,0,78,1,79,0,8,90,2,100,80,0,80,180
03/09/2000,ORH,MA,ANE,EN,Federal Contract Tower,0,9,16,0,25,0,0,49,0,49,0,9,65,0,74,46,0,46,120
03/10/2000,ORH,MA,ANE,EN,Federal Contract Tower,0,8,10,1,19,0,1,63,1,65,0,9,73,2,84,108,0,108,192
03/11/2000,ORH,MA,ANE,EN,Federal Contract Tower,0,6,7,0,13,0,0,5,0,5,0,6,12,0,18,50,0,50,68
03/12/2000,ORH,MA,ANE,EN,Federal Contract Tower,0,5,4,0,9,0,4,0,0,4,0,9,4,0,13,0,0,0,13
03/13/2000,ORH,MA,ANE,EN,Federal Contract Tower,0,8,10,0,18,0,1,39,0,40,0,9,49,0,58,60,0,60,118
03/14/2000,ORH,MA,ANE,EN,Federal Contract Tower,0,9,15,0,24,0,0,78,0,78,0,9,93,0,102,44,0,44,146
03/15/2000,ORH,MA,ANE,EN,Federal Contract Tower,0,9,19,1,29,0,0,68,5,73,0,9,87,6,102,36,2,38,140
03/16/2000,ORH,MA,ANE,EN,Federal Contract Tower,0,11,14,1,26,0,1,47,4,52,0,12,61,5,78,24,6,30,108
03/17/2000,ORH,MA,ANE,EN,Federal Contract Tower,0,5,5,0,10,0,3,0,0,3,0,8,5,0,13,3,2,5,18
03/18/2000,ORH,MA,ANE,EN,Federal Contract Tower,0,7,10,1,18,0,4,85,1,90,0,11,95,2,108,88,0,88,196
03/19/2000,ORH,MA,ANE,EN,Federal Contract Tower,0,6,8,0,14,0,3,127,0,130,0,9,135,0,144,162,0,162,306
03/20/2000,ORH,MA,ANE,EN,Federal Contract Tower,0,10,15,0,25,2,1,19,0,22,2,11,34,0,47,36,0,36,83
03/21/2000,ORH,MA,ANE,EN,Federal Contract Tower,0,8,15,0,23,0,0,2,0,2,0,8,17,0,25,0,0,0,25
03/22/2000,ORH,MA,ANE,EN,Federal Contract Tower,0,11,19,0,30,0,0,42,0,42,0,11,61,0,72,42,0,42,114
03/23/2000,ORH,MA,ANE,EN,Federal Contract Tower,0,9,15,0,24,0,0,110,1,111,0,9,125,1,135,132,2,134,269
03/24/2000,ORH,MA,ANE,EN,Federal Contract Tower,0,7,12,0,19,0,0,90,0,90,0,7,102,0,109,112,0,112,221
03/25/2000,ORH,MA,ANE,EN,Federal Contract Tower,0,9,13,0,22,0,0,72,0,72,0,9,85,0,94,98,0,98,192
03/26/2000,ORH,MA,ANE,EN,Federal Contract Tower,0,5,7,0,12,0,4,86,0,90,0,9,93,0,102,96,0,96,198
03/27/2000,ORH,MA,ANE,EN,Federal Contract Tower,0,9,13,0,22,0,0,73,0,73,0,9,86,0,95,48,0,48,143
03/28/2000,ORH,MA,ANE,EN,Federal Contract Tower,0,8,12,0,20,0,2,4,2,8,0,10,16,2,28,4,0,4,32
03/29/2000,ORH,MA,ANE,EN,Federal Contract Tower,0,7,9,0,16,0,2,14,2,18,0,9,23,2,34,10,0,10,44
03/30/2000,ORH,MA,ANE,EN,Federal Contract Tower,0,7,15,0,22,0,0,50,5,55,0,7,65,5,77,74,6,80,157
03/31/2000,ORH,MA,ANE,EN,Federal Contract Tower,0,9,14,0,23,0,0,71,2,73,0,9,85,2,96,158,0,158,254
04/01/2000,ORH,MA,ANE,EN,Federal Contract Tower,0,9,15,0,24,0,0,120,2,122,0,9,135,2,146,176,2,178,324
04/02/2000,ORH,MA,ANE,EN,Federal Contract Tower,0,5,7,0,12,0,3,53,0,56,0,8,60,0,68,60,0,60,128
04/03/2000,ORH,MA,ANE,EN,Federal Contract Tower,0,9,15,0,24,0,0,1,0,1,0,9,16,0,25,2,0,2,27
04/04/2000,ORH,MA,ANE,EN,Federal Contract Tower,0,9,11,0,20,0,1,0,0,1,0,10,11,0,21,0,0,0,21
04/05/2000,ORH,MA,ANE,EN,Federal Contract Tower,0,8,11,0,19,0,1,23,0,24,0,9,34,0,43,16,0,16,59
04/06/2000,ORH,MA,ANE,EN,Federal Contract Tower,0,9,15,0,24,0,0,59,10,69,0,9,74,10,93,50,0,50,143
04/07/2000,ORH,MA,ANE,EN,Federal Contract Tower,0,8,19,0,27,0,0,89,0,89,0,8,108,0,116,114,0,114,230
04/08/2000,ORH,MA,ANE,EN,Federal Contract Tower,0,9,12,0,21,0,0,33,0,33,0,9,45,0,54,24,0,24,78
04/09/2000,ORH,MA,ANE,EN,Federal Contract Tower,0,4,3,0,7,0,5,0,0,5,0,9,3,0,12,4,2,6,18
04/10/2000,ORH,MA,ANE,EN,Federal Contract Tower,0,8,13,1,22,0,1,43,1,45,0,9,56,2,67,16,0,16,83
04/11/2000,ORH,MA,ANE,EN,Federal Contract Tower,0,9,17,1,27,0,0,50,1,51,0,9,67,2,78,88,0,88,166
04/12/2000,ORH,MA,ANE,EN,Federal Contract Tower,0,7,11,1,19,0,2,21,5,28,0,9,32,6,47,26,0,26,73
04/13/2000,ORH,MA,ANE,EN,Federal Contract Tower,0,8,19,1,28,0,0,98,9,107,0,8,117,10,135,104,0,104,239
04/14/2000,ORH,MA,ANE,EN,Federal Contract Tower,0,8,17,1,26,0,0,72,1,73,0,8,89,2,99,84,0,84,183
04/15/2000,ORH,MA,ANE,EN,Federal Contract Tower,0,6,11,0,17,0,4,52,0,56,0,10,63,0,73,60,0,60,133
04/16/2000,ORH,MA,ANE,EN,Federal Contract Tower,0,8,14,0,22,0,2,30,0,32,0,10,44,0,54,92,2,94,148
04/17/2000,ORH,MA,ANE,EN,Federal Contract Tower,0,2,20,0,22,0,0,26,0,26,0,2,46,0,48,26,0,26,74
04/18/2000,ORH,MA,ANE,EN,Federal Contract Tower,0,8,14,0,22,0,1,8,0,9,0,9,22,0,31,12,0,12,43
04/19/2000,ORH,MA,ANE,EN,Federal Contract Tower,0,10,17,0,27,0,1,0,0,1,0,11,17,0,28,0,0,0,28
04/20/2000,ORH,MA,ANE,EN,Federal Contract Tower,0,10,27,0,37,0,0,46,0,46,0,10,73,0,83,32,0,32,115
04/21/2000,ORH,MA,ANE,EN,Federal Contract Tower,0,10,18,0,28,0,0,0,0,0,0,10,18,0,28,4,8,12,40
04/22/2000,ORH,MA,ANE,EN,Federal Contract Tower,0,7,9,0,16,0,3,0,0,3,0,10,9,0,19,0,0,0,19
04/23/2000,ORH,MA,ANE,EN,Federal Contract Tower,0,5,7,0,12,0,2,0,0,2,0,7,7,0,14,3,4,7,21
04/24/2000,ORH,MA,ANE,EN,Federal Contract Tower,0,9,16,0,25,0,0,22,0,22,0,9,38,0,47,6,0,6,53
04/25/2000,ORH,MA,ANE,EN,Federal Contract Tower,0,12,20,0,32,0,0,93,0,93,0,12,113,0,125,80,0,80,205
04/26/2000,ORH,MA,ANE,EN,Federal Contract Tower,0,11,19,0,30,0,0,0,0,0,0,11,19,0,30,0,0,0,30
04/27/2000,ORH,MA,ANE,EN,Federal Contract Tower,0,9,21,0,30,0,0,30,2,32,0,9,51,2,62,46,0,46,108
04/28/2000,ORH,MA,ANE,EN,Federal Contract Tower,0,9,20,0,29,0,0,34,0,34,0,9,54,0,63,40,0,40,103
04/29/2000,ORH,MA,ANE,EN,Federal Contract Tower,0,8,14,0,22,0,1,95,0,96,0,9,109,0,118,128,0,128,246
04/30/2000,ORH,MA,ANE,EN,Federal Contract Tower,0,4,8,0,12,0,5,38,0,43,0,9,46,0,55,28,0,28,83
05/01/2000,ORH,MA,ANE,EN,Federal Contract Tower,1,6,15,0,22,1,0,41,0,42,2,6,56,0,64,28,0,28,92
05/02/2000,ORH,MA,ANE,EN,Federal Contract Tower,0,0,0,0,0,0,0,0,0,0,0,0,0,0,0,0,0,0,0
05/03/2000,ORH,MA,ANE,EN,Federal Contract Tower,0,7,22,0,29,0,0,121,0,121,0,7,143,0,150,100,0,100,250
05/04/2000,ORH,MA,ANE,EN,Federal Contract Tower,0,8,18,0,26,0,1,92,0,93,0,9,110,0,119,68,0,68,187
05/05/2000,ORH,MA,ANE,EN,Federal Contract Tower,0,8,18,0,26,0,1,59,0,60,0,9,77,0,86,62,0,62,148
05/06/2000,ORH,MA,ANE,EN,Federal Contract Tower,0,6,12,0,18,0,3,106,0,109,0,9,118,0,127,114,0,114,241
05/07/2000,ORH,MA,ANE,EN,Federal Contract Tower,0,5,11,0,16,0,3,100,0,103,0,8,111,0,119,138,8,146,265
05/08/2000,ORH,MA,ANE,EN,Federal Contract Tower,0,8,17,0,25,0,2,63,0,65,0,10,80,0,90,80,8,88,178
05/09/2000,ORH,MA,ANE,EN,Federal Contract Tower,0,8,16,0,24,0,3,29,0,32,0,11,45,0,56,14,8,22,78
05/10/2000,ORH,MA,ANE,EN,Federal Contract Tower,0,5,11,0,16,0,0,2,0,2,0,5,13,0,18,0,0,0,18
05/11/2000,ORH,MA,ANE,EN,Federal Contract Tower,0,7,23,1,31,0,0,40,5,45,0,7,63,6,76,40,0,40,116
05/12/2000,ORH,MA,ANE,EN,Federal Contract Tower,0,9,19,0,28,0,0,111,0,111,0,9,130,0,139,94,0,94,233
05/13/2000,ORH,MA,ANE,EN,Federal Contract Tower,0,3,5,0,8,0,0,1,0,1,0,3,6,0,9,1,4,5,14
05/14/2000,ORH,MA,ANE,EN,Federal Contract Tower,0,6,12,1,19,0,2,108,0,110,0,8,120,1,129,124,0,124,253
05/15/2000,ORH,MA,ANE,EN,Federal Contract Tower,0,9,18,0,27,0,4,65,0,69,0,13,83,0,96,56,0,56,152
05/16/2000,ORH,MA,ANE,EN,Federal Contract Tower,0,9,20,0,29,0,0,88,4,92,0,9,108,4,121,100,2,102,223
05/17/2000,ORH,MA,ANE,EN,Federal Contract Tower,0,8,17,0,25,0,2,100,4,106,0,10,117,4,131,106,0,106,237
05/18/2000,ORH,MA,ANE,EN,Federal Contract Tower,0,5,5,0,10,0,5,0,0,5,0,10,5,0,15,0,0,0,15
05/19/2000,ORH,MA,ANE,EN,Federal Contract Tower,0,7,31,0,38,0,0,8,0,8,0,7,39,0,46,0,0,0,46
05/20/2000,ORH,MA,ANE,EN,Federal Contract Tower,0,7,28,0,35,0,0,59,0,59,0,7,87,0,94,88,0,88,182
05/21/2000,ORH,MA,ANE,EN,Federal Contract Tower,0,5,22,0,27,0,0,5,0,5,0,5,27,0,32,0,0,0,32
05/22/2000,ORH,MA,ANE,EN,Federal Contract Tower,0,5,20,0,25,0,0,16,0,16,0,5,36,0,41,28,0,28,69
05/23/2000,ORH,MA,ANE,EN,Federal Contract Tower,0,10,26,0,36,0,0,49,0,49,0,10,75,0,85,102,0,102,187
05/24/2000,ORH,MA,ANE,EN,Federal Contract Tower,0,10,22,0,32,0,0,11,0,11,0,10,33,0,43,6,0,6,49
05/25/2000,ORH,MA,ANE,EN,Federal Contract Tower,0,8,18,0,26,0,3,39,0,42,0,11,57,0,68,24,0,24,92
05/26/2000,ORH,MA,ANE,EN,Federal Contract Tower,0,7,18,0,25,0,0,100,0,100,0,7,118,0,125,74,0,74,199
05/27/2000,ORH,MA,ANE,EN,Federal Contract Tower,0,5,10,0,15,0,6,142,0,148,0,11,152,0,163,84,0,84,247
05/28/2000,ORH,MA,ANE,EN,Federal Contract Tower,0,4,10,0,14,0,5,63,0,68,0,9,73,0,82,96,6,102,184
05/29/2000,ORH,MA,ANE,EN,Federal Contract Tower,0,7,16,0,23,0,2,67,0,69,0,9,83,0,92,92,4,96,188
05/30/2000,ORH,MA,ANE,EN,Federal Contract Tower,0,9,18,0,27,0,0,116,4,120,0,9,134,4,147,98,0,98,245
05/31/2000,ORH,MA,ANE,EN,Federal Contract Tower,0,8,20,0,28,0,0,98,3,101,0,8,118,3,129,72,0,72,201
06/01/2000,ORH,MA,ANE,EN,Federal Contract Tower,0,9,16,0,25,0,1,112,0,113,0,10,128,0,138,56,0,56,194
06/02/2000,ORH,MA,ANE,EN,Federal Contract Tower,0,7,17,0,24,0,0,57,0,57,0,7,74,0,81,46,0,46,127
06/03/2000,ORH,MA,ANE,EN,Federal Contract Tower,0,9,15,0,24,0,2,76,0,78,0,11,91,0,102,88,0,88,190
06/04/2000,ORH,MA,ANE,EN,Federal Contract Tower,0,9,15,0,24,0,0,156,0,156,0,9,171,0,180,164,0,164,344
06/05/2000,ORH,MA,ANE,EN,Federal Contract Tower,0,8,13,0,21,0,2,49,0,51,0,10,62,0,72,46,0,46,118
06/06/2000,ORH,MA,ANE,EN,Federal Contract Tower,0,6,5,1,12,0,4,0,0,4,0,10,5,1,16,0,0,0,16
06/07/2000,ORH,MA,ANE,EN,Federal Contract Tower,0,8,15,0,23,0,3,39,0,42,0,11,54,0,65,32,0,32,97
06/08/2000,ORH,MA,ANE,EN,Federal Contract Tower,0,10,20,0,30,0,0,75,0,75,0,10,95,0,105,64,0,64,169
06/09/2000,ORH,MA,ANE,EN,Federal Contract Tower,0,10,17,0,27,0,3,95,0,98,0,13,112,0,125,134,0,134,259
06/10/2000,ORH,MA,ANE,EN,Federal Contract Tower,0,6,10,0,16,0,4,138,0,142,0,10,148,0,158,72,0,72,230
06/11/2000,ORH,MA,ANE,EN,Federal Contract Tower,0,7,12,0,19,0,2,87,0,89,0,9,99,0,108,106,0,106,214
06/12/2000,ORH,MA,ANE,EN,Federal Contract Tower,0,8,13,0,21,2,1,0,0,3,2,9,13,0,24,0,0,0,24
06/13/2000,ORH,MA,ANE,EN,Federal Contract Tower,0,9,17,0,26,0,0,52,0,52,0,9,69,0,78,80,0,80,158
06/14/2000,ORH,MA,ANE,EN,Federal Contract Tower,0,7,21,1,29,1,0,33,1,35,1,7,54,2,64,36,0,36,100
06/15/2000,ORH,MA,ANE,EN,Federal Contract Tower,0,7,21,0,28,1,0,1,4,6,1,7,22,4,34,0,0,0,34
06/16/2000,ORH,MA,ANE,EN,Federal Contract Tower,0,8,14,0,22,0,2,65,2,69,0,10,79,2,91,80,0,80,171
06/17/2000,ORH,MA,ANE,EN,Federal Contract Tower,0,7,12,0,19,0,2,37,0,39,0,9,49,0,58,36,0,36,94
06/18/2000,ORH,MA,ANE,EN,Federal Contract Tower,0,9,18,0,27,0,0,103,0,103,0,9,121,0,130,62,0,62,192
06/19/2000,ORH,MA,ANE,EN,Federal Contract Tower,0,9,21,0,30,0,0,62,0,62,0,9,83,0,92,68,0,68,160
06/20/2000,ORH,MA,ANE,EN,Federal Contract Tower,0,12,22,0,34,0,2,147,2,151,0,14,169,2,185,104,0,104,289
06/21/2000,ORH,MA,ANE,EN,Federal Contract Tower,0,8,14,0,22,0,2,45,1,48,0,10,59,1,70,52,0,52,122
06/22/2000,ORH,MA,ANE,EN,Federal Contract Tower,0,11,20,0,31,0,2,35,0,37,0,13,55,0,68,28,0,28,96
06/23/2000,ORH,MA,ANE,EN,Federal Contract Tower,0,5,10,0,15,0,4,113,0,117,0,9,123,0,132,128,0,128,260
06/24/2000,ORH,MA,ANE,EN,Federal Contract Tower,0,6,12,0,18,0,4,144,0,148,0,10,156,0,166,166,0,166,332
06/25/2000,ORH,MA,ANE,EN,Federal Contract Tower,0,7,17,0,24,0,0,51,0,51,0,7,68,0,75,56,0,56,131
06/26/2000,ORH,MA,ANE,EN,Federal Contract Tower,0,8,21,0,29,0,0,25,0,25,0,8,46,0,54,40,0,40,94
06/27/2000,ORH,MA,ANE,EN,Federal Contract Tower,0,8,16,0,24,0,1,20,0,21,0,9,36,0,45,28,0,28,73
06/28/2000,ORH,MA,ANE,EN,Federal Contract Tower,0,8,20,0,28,0,0,104,0,104,0,8,124,0,132,104,0,104,236
06/29/2000,ORH,MA,ANE,EN,Federal Contract Tower,0,10,23,0,33,0,0,43,2,45,0,10,66,2,78,34,0,34,112
06/30/2000,ORH,MA,ANE,EN,Federal Contract Tower,0,9,21,0,30,0,0,103,0,103,0,9,124,0,133,124,0,124,257
07/01/2000,ORH,MA,ANE,EN,Federal Contract Tower,0,12,14,0,26,0,0,106,0,106,0,12,120,0,132,150,0,150,282
07/02/2000,ORH,MA,ANE,EN,Federal Contract Tower,0,6,6,0,12,0,3,143,1,147,0,9,149,1,159,94,0,94,253
07/03/2000,ORH,MA,ANE,EN,Federal Contract Tower,0,9,10,0,19,0,0,60,0,60,0,9,70,0,79,98,0,98,177
07/04/2000,ORH,MA,ANE,EN,Federal Contract Tower,0,2,9,0,11,0,0,67,0,67,0,2,76,0,78,30,0,30,108
07/05/2000,ORH,MA,ANE,EN,Federal Contract Tower,0,11,12,0,23,0,0,85,0,85,0,11,97,0,108,112,0,112,220
07/06/2000,ORH,MA,ANE,EN,Federal Contract Tower,0,10,10,0,20,0,4,77,0,81,0,14,87,0,101,124,0,124,225
07/07/2000,ORH,MA,ANE,EN,Federal Contract Tower,0,15,18,0,33,0,0,102,0,102,0,15,120,0,135,120,0,120,255
07/08/2000,ORH,MA,ANE,EN,Federal Contract Tower,0,9,10,0,19,0,5,113,0,118,0,14,123,0,137,134,0,134,271
07/09/2000,ORH,MA,ANE,EN,Federal Contract Tower,0,13,14,0,27,0,2,99,0,101,0,15,113,0,128,98,0,98,226
07/10/2000,ORH,MA,ANE,EN,Federal Contract Tower,0,11,11,0,22,0,3,43,0,46,0,14,54,0,68,38,0,38,106
07/11/2000,ORH,MA,ANE,EN,Federal Contract Tower,0,15,18,0,33,0,0,101,0,101,0,15,119,0,134,66,0,66,200
07/12/2000,ORH,MA,ANE,EN,Federal Contract Tower,0,13,13,0,26,0,1,99,0,100,0,14,112,0,126,98,0,98,224
07/13/2000,ORH,MA,ANE,EN,Federal Contract Tower,0,16,18,0,34,0,2,159,0,161,0,18,177,0,195,112,0,112,307
07/14/2000,ORH,MA,ANE,EN,Federal Contract Tower,0,12,13,0,25,0,3,94,0,97,0,15,107,0,122,136,0,136,258
07/15/2000,ORH,MA,ANE,EN,Federal Contract Tower,0,11,13,0,24,0,2,8,0,10,0,13,21,0,34,12,0,12,46
07/16/2000,ORH,MA,ANE,EN,Federal Contract Tower,0,11,23,0,34,1,0,50,0,51,1,11,73,0,85,60,0,60,145
07/17/2000,ORH,MA,ANE,EN,Federal Contract Tower,0,13,15,0,28,0,0,22,0,22,0,13,37,0,50,70,0,70,120
07/18/2000,ORH,MA,ANE,EN,Federal Contract Tower,0,16,22,0,38,0,0,25,0,25,0,16,47,0,63,28,0,28,91
07/19/2000,ORH,MA,ANE,EN,Federal Contract Tower,0,11,13,0,24,0,8,82,0,90,0,19,95,0,114,120,0,120,234
07/20/2000,ORH,MA,ANE,EN,Federal Contract Tower,0,14,17,0,31,0,1,101,0,102,0,15,118,0,133,120,0,120,253
07/21/2000,ORH,MA,ANE,EN,Federal Contract Tower,0,16,21,0,37,0,0,84,20,104,0,16,105,20,141,164,0,164,305
07/22/2000,ORH,MA,ANE,EN,Federal Contract Tower,0,14,17,0,31,0,0,68,0,68,0,14,85,0,99,138,0,138,237
07/23/2000,ORH,MA,ANE,EN,Federal Contract Tower,0,14,16,0,30,0,0,151,0,151,0,14,167,0,181,84,0,84,265
07/24/2000,ORH,MA,ANE,EN,Federal Contract Tower,0,10,12,0,22,2,6,49,0,57,2,16,61,0,79,42,0,42,121
07/25/2000,ORH,MA,ANE,EN,Federal Contract Tower,0,16,25,0,41,1,0,40,0,41,1,16,65,0,82,90,0,90,172
07/26/2000,ORH,MA,ANE,EN,Federal Contract Tower,0,13,20,0,33,0,0,4,0,4,0,13,24,0,37,0,0,0,37
07/27/2000,ORH,MA,ANE,EN,Federal Contract Tower,0,14,20,0,34,0,0,2,0,2,0,14,22,0,36,0,0,0,36
07/28/2000,ORH,MA,ANE,EN,Federal Contract Tower,0,17,20,0,37,0,0,27,0,27,0,17,47,0,64,22,0,22,86
07/29/2000,ORH,MA,ANE,EN,Federal Contract Tower,0,8,11,0,19,0,6,48,0,54,0,14,59,0,73,72,0,72,145
07/30/2000,ORH,MA,ANE,EN,Federal Contract Tower,0,13,22,0,35,0,0,18,0,18,0,13,40,0,53,32,0,32,85
07/31/2000,ORH,MA,ANE,EN,Federal Contract Tower,0,5,6,0,11,0,0,0,0,0,0,5,6,0,11,0,0,0,11
08/01/2000,ORH,MA,ANE,EN,Federal Contract Tower,0,0,8,0,8,0,0,6,1,7,0,0,14,1,15,0,0,0,15
08/02/2000,ORH,MA,ANE,EN,Federal Contract Tower,0,10,11,0,21,0,3,8,0,11,0,13,19,0,32,18,0,18,50
08/03/2000,ORH,MA,ANE,EN,Federal Contract Tower,0,12,17,0,29,0,0,15,0,15,0,12,32,0,44,10,0,10,54
08/04/2000,ORH,MA,ANE,EN,Federal Contract Tower,0,17,17,0,34,0,0,89,0,89,0,17,106,0,123,106,0,106,229
08/05/2000,ORH,MA,ANE,EN,Federal Contract Tower,0,11,11,0,22,0,3,131,0,134,0,14,142,0,156,124,0,124,280
08/06/2000,ORH,MA,ANE,EN,Federal Contract Tower,0,8,9,0,17,0,7,103,0,110,0,15,112,0,127,126,0,126,253
08/07/2000,ORH,MA,ANE,EN,Federal Contract Tower,0,12,13,0,25,0,6,18,0,24,0,18,31,0,49,12,0,12,61
08/08/2000,ORH,MA,ANE,EN,Federal Contract Tower,0,16,16,0,32,0,2,66,0,68,0,18,82,0,100,98,0,98,198
08/09/2000,ORH,MA,ANE,EN,Federal Contract Tower,0,15,18,1,34,0,0,74,3,77,0,15,92,4,111,40,10,50,161
08/10/2000,ORH,MA,ANE,EN,Federal Contract Tower,0,14,15,0,29,0,0,71,0,71,0,14,86,0,100,88,8,96,196
08/11/2000,ORH,MA,ANE,EN,Federal Contract Tower,0,16,16,1,33,0,1,83,0,84,0,17,99,1,117,132,8,140,257
08/12/2000,ORH,MA,ANE,EN,Federal Contract Tower,0,13,14,0,27,0,0,28,0,28,0,13,42,0,55,8,0,8,63
08/13/2000,ORH,MA,ANE,EN,Federal Contract Tower,0,16,17,0,33,0,1,3,0,4,0,17,20,0,37,9,0,9,46
08/14/2000,ORH,MA,ANE,EN,Federal Contract Tower,0,12,18,0,30,0,0,7,0,7,0,12,25,0,37,6,0,6,43
08/15/2000,ORH,MA,ANE,EN,Federal Contract Tower,0,14,15,0,29,0,1,15,0,16,0,15,30,0,45,32,0,32,77
08/16/2000,ORH,MA,ANE,EN,Federal Contract Tower,0,16,20,0,36,0,0,45,0,45,0,16,65,0,81,32,0,32,113
08/17/2000,ORH,MA,ANE,EN,Federal Contract Tower,0,10,11,0,21,0,4,118,0,122,0,14,129,0,143,98,0,98,241
08/18/2000,ORH,MA,ANE,EN,Federal Contract Tower,0,16,20,0,36,0,0,71,2,73,0,16,91,2,109,60,0,60,169
08/19/2000,ORH,MA,ANE,EN,Federal Contract Tower,0,11,12,0,23,0,4,131,0,135,0,15,143,0,158,76,0,76,234
08/20/2000,ORH,MA,ANE,EN,Federal Contract Tower,0,10,12,0,22,0,3,102,0,105,0,13,114,0,127,72,0,72,199
08/21/2000,ORH,MA,ANE,EN,Federal Contract Tower,0,13,15,0,28,0,1,59,0,60,0,14,74,0,88,54,2,56,144
08/22/2000,ORH,MA,ANE,EN,Federal Contract Tower,0,16,18,0,34,0,0,80,2,82,0,16,98,2,116,134,2,136,252
08/23/2000,ORH,MA,ANE,EN,Federal Contract Tower,0,13,22,0,35,0,0,63,5,68,0,13,85,5,103,24,4,28,131
08/24/2000,ORH,MA,ANE,EN,Federal Contract Tower,0,15,16,0,31,0,1,97,9,107,0,16,113,9,138,106,0,106,244
08/25/2000,ORH,MA,ANE,EN,Federal Contract Tower,0,15,16,0,31,0,0,114,0,114,0,15,130,0,145,138,0,138,283
08/26/2000,ORH,MA,ANE,EN,Federal Contract Tower,0,14,15,0,29,0,1,129,1,131,0,15,144,1,160,114,0,114,274
08/27/2000,ORH,MA,ANE,EN,Federal Contract Tower,0,14,16,0,30,0,0,109,2,111,0,14,125,2,141,134,0,134,275
08/28/2000,ORH,MA,ANE,EN,Federal Contract Tower,0,12,16,0,28,2,0,44,0,46,2,12,60,0,74,84,0,84,158
08/29/2000,ORH,MA,ANE,EN,Federal Contract Tower,0,12,14,0,26,1,1,83,0,85,1,13,97,0,111,82,0,82,193
08/30/2000,ORH,MA,ANE,EN,Federal Contract Tower,0,14,23,0,37,1,0,61,0,62,1,14,84,0,99,76,0,76,175
08/31/2000,ORH,MA,ANE,EN,Federal Contract Tower,0,13,20,0,33,0,0,79,6,85,0,13,99,6,118,66,2,68,186
09/01/2000,ORH,MA,ANE,EN,Federal Contract Tower,0,14,17,0,31,0,0,47,38,85,0,14,64,38,116,1,0,1,117
09/02/2000,ORH,MA,ANE,EN,Federal Contract Tower,0,8,3,0,11,0,5,0,0,5,0,13,3,0,16,6,0,6,22
09/03/2000,ORH,MA,ANE,EN,Federal Contract Tower,0,11,13,0,24,0,1,6,0,7,0,12,19,0,31,26,0,26,57
09/04/2000,ORH,MA,ANE,EN,Federal Contract Tower,0,11,17,0,28,0,0,19,0,19,0,11,36,0,47,34,0,34,81
09/05/2000,ORH,MA,ANE,EN,Federal Contract Tower,0,13,15,0,28,0,1,88,0,89,0,14,103,0,117,50,0,50,167
09/06/2000,ORH,MA,ANE,EN,Federal Contract Tower,0,14,16,0,30,0,0,101,0,101,0,14,117,0,131,30,0,30,161
09/07/2000,ORH,MA,ANE,EN,Federal Contract Tower,0,13,17,0,30,0,0,70,0,70,0,13,87,0,100,48,0,48,148
09/08/2000,ORH,MA,ANE,EN,Federal Contract Tower,0,16,19,0,35,0,0,107,0,107,0,16,126,0,142,64,0,64,206
09/09/2000,ORH,MA,ANE,EN,Federal Contract Tower,0,9,9,0,18,0,3,98,12,113,0,12,107,12,131,82,16,98,229
09/10/2000,ORH,MA,ANE,EN,Federal Contract Tower,0,14,20,0,34,0,0,118,0,118,0,14,138,0,152,120,0,120,272
09/11/2000,ORH,MA,ANE,EN,Federal Contract Tower,0,14,17,0,31,0,2,46,0,48,0,16,63,0,79,80,0,80,159
09/12/2000,ORH,MA,ANE,EN,Federal Contract Tower,0,16,21,0,37,0,0,22,0,22,0,16,43,0,59,10,0,10,69
09/13/2000,ORH,MA,ANE,EN,Federal Contract Tower,0,15,24,0,39,0,0,58,0,58,0,15,82,0,97,118,0,118,215
09/14/2000,ORH,MA,ANE,EN,Federal Contract Tower,0,13,15,0,28,0,1,126,0,127,0,14,141,0,155,114,0,114,269
09/15/2000,ORH,MA,ANE,EN,Federal Contract Tower,0,14,17,0,31,0,0,25,0,25,0,14,42,0,56,6,0,6,62
09/16/2000,ORH,MA,ANE,EN,Federal Contract Tower,0,14,18,1,33,0,0,105,1,106,0,14,123,2,139,82,0,82,221
09/17/2000,ORH,MA,ANE,EN,Federal Contract Tower,0,13,17,0,30,0,0,95,0,95,0,13,112,0,125,88,0,88,213
09/18/2000,ORH,MA,ANE,EN,Federal Contract Tower,0,14,18,0,32,0,0,88,0,88,0,14,106,0,120,68,0,68,188
09/19/2000,ORH,MA,ANE,EN,Federal Contract Tower,0,11,18,0,29,0,0,53,2,55,0,11,71,2,84,96,0,96,180
09/20/2000,ORH,MA,ANE,EN,Federal Contract Tower,0,16,23,0,39,0,0,61,0,61,0,16,84,0,100,66,0,66,166
09/21/2000,ORH,MA,ANE,EN,Federal Contract Tower,0,13,18,0,31,0,2,19,6,27,0,15,37,6,58,22,6,28,86
09/22/2000,ORH,MA,ANE,EN,Federal Contract Tower,0,14,19,0,33,0,0,121,4,125,0,14,140,4,158,136,0,136,294
09/23/2000,ORH,MA,ANE,EN,Federal Contract Tower,0,13,17,0,30,0,0,73,0,73,0,13,90,0,103,112,0,112,215
09/24/2000,ORH,MA,ANE,EN,Federal Contract Tower,0,13,19,0,32,0,0,18,0,18,0,13,37,0,50,52,0,52,102
09/25/2000,ORH,MA,ANE,EN,Federal Contract Tower,0,10,14,0,24,0,6,66,0,72,0,16,80,0,96,86,0,86,182
09/26/2000,ORH,MA,ANE,EN,Federal Contract Tower,0,11,15,0,26,0,0,0,0,0,0,11,15,0,26,0,0,0,26
09/27/2000,ORH,MA,ANE,EN,Federal Contract Tower,0,13,16,0,29,0,0,80,4,84,0,13,96,4,113,114,0,114,227
09/28/2000,ORH,MA,ANE,EN,Federal Contract Tower,0,12,19,0,31,0,0,50,0,50,0,12,69,0,81,92,0,92,173
09/29/2000,ORH,MA,ANE,EN,Federal Contract Tower,0,8,10,0,18,0,3,90,0,93,0,11,100,0,111,172,0,172,283
09/30/2000,ORH,MA,ANE,EN,Federal Contract Tower,0,11,14,0,25,0,4,86,0,90,0,15,100,0,115,156,0,156,271
10/01/2000,ORH,MA,ANE,EN,Federal Contract Tower,0,12,14,0,26,0,0,130,0,130,0,12,144,0,156,102,0,102,258
10/02/2000,ORH,MA,ANE,EN,Federal Contract Tower,0,8,12,0,20,0,0,62,0,62,0,8,74,0,82,102,0,102,184
10/03/2000,ORH,MA,ANE,EN,Federal Contract Tower,0,15,15,0,30,0,3,63,0,66,0,18,78,0,96,46,0,46,142
10/04/2000,ORH,MA,ANE,EN,Federal Contract Tower,0,13,12,0,25,0,0,54,0,54,0,13,66,0,79,68,0,68,147
10/05/2000,ORH,MA,ANE,EN,Federal Contract Tower,0,14,20,0,34,0,0,35,0,35,0,14,55,0,69,96,0,96,165
10/06/2000,ORH,MA,ANE,EN,Federal Contract Tower,0,1,11,0,12,0,0,10,0,10,0,1,21,0,22,0,0,0,22
10/07/2000,ORH,MA,ANE,EN,Federal Contract Tower,0,14,14,0,28,0,0,141,0,141,0,14,155,0,169,134,0,134,303
10/08/2000,ORH,MA,ANE,EN,Federal Contract Tower,0,9,8,0,17,2,4,71,0,77,2,13,79,0,94,98,0,98,192
10/09/2000,ORH,MA,ANE,EN,Federal Contract Tower,0,13,13,0,26,0,0,31,0,31,0,13,44,0,57,34,0,34,91
10/10/2000,ORH,MA,ANE,EN,Federal Contract Tower,0,16,17,0,33,0,0,44,0,44,0,16,61,0,77,72,0,72,149
10/11/2000,ORH,MA,ANE,EN,Federal Contract Tower,0,13,13,0,26,0,1,42,2,45,0,14,55,2,71,50,6,56,127
10/12/2000,ORH,MA,ANE,EN,Federal Contract Tower,0,14,23,0,37,0,0,83,0,83,0,14,106,0,120,140,2,142,262
10/13/2000,ORH,MA,ANE,EN,Federal Contract Tower,0,10,9,0,19,0,2,89,2,93,0,12,98,2,112,102,0,102,214
10/14/2000,ORH,MA,ANE,EN,Federal Contract Tower,0,11,11,1,23,0,3,114,5,122,0,14,125,6,145,142,12,154,299
10/15/2000,ORH,MA,ANE,EN,Federal Contract Tower,0,8,9,1,18,0,6,98,1,105,0,14,107,2,123,170,0,170,293
10/16/2000,ORH,MA,ANE,EN,Federal Contract Tower,0,13,15,0,28,0,0,0,0,0,0,13,15,0,28,7,6,13,41
10/17/2000,ORH,MA,ANE,EN,Federal Contract Tower,0,10,11,0,21,0,2,1,0,3,0,12,12,0,24,10,0,10,34
10/18/2000,ORH,MA,ANE,EN,Federal Contract Tower,0,2,5,0,7,0,0,1,0,1,0,2,6,0,8,0,0,0,8
10/19/2000,ORH,MA,ANE,EN,Federal Contract Tower,0,12,13,0,25,0,3,73,0,76,0,15,86,0,101,60,0,60,161
10/20/2000,ORH,MA,ANE,EN,Federal Contract Tower,0,13,14,0,27,0,1,106,8,115,0,14,120,8,142,94,0,94,236
10/21/2000,ORH,MA,ANE,EN,Federal Contract Tower,0,15,21,0,36,0,0,141,0,141,0,15,162,0,177,130,0,130,307
10/22/2000,ORH,MA,ANE,EN,Federal Contract Tower,0,11,13,0,24,0,1,93,0,94,0,12,106,0,118,56,0,56,174
10/23/2000,ORH,MA,ANE,EN,Federal Contract Tower,0,13,15,0,28,0,5,75,0,80,0,18,90,0,108,114,0,114,222
10/24/2000,ORH,MA,ANE,EN,Federal Contract Tower,0,14,18,0,32,0,0,73,0,73,0,14,91,0,105,68,0,68,173
10/25/2000,ORH,MA,ANE,EN,Federal Contract Tower,0,11,12,0,23,0,3,78,0,81,0,14,90,0,104,68,0,68,172
10/26/2000,ORH,MA,ANE,EN,Federal Contract Tower,0,16,21,0,37,0,0,69,4,73,0,16,90,4,110,106,0,106,216
10/27/2000,ORH,MA,ANE,EN,Federal Contract Tower,0,17,20,0,37,0,0,61,2,63,0,17,81,2,100,64,10,74,174
10/28/2000,ORH,MA,ANE,EN,Federal Contract Tower,0,8,9,0,17,0,6,4,2,12,0,14,13,2,29,6,0,6,35
10/29/2000,ORH,MA,ANE,EN,Federal Contract Tower,0,11,14,0,25,0,0,4,0,4,0,11,18,0,29,4,0,4,33
10/30/2000,ORH,MA,ANE,EN,Federal Contract Tower,0,13,15,0,28,0,3,2,0,5,0,16,17,0,33,18,0,18,51
10/31/2000,ORH,MA,ANE,EN,Federal Contract Tower,0,10,10,0,20,0,1,0,2,3,0,11,10,2,23,0,0,0,23
11/01/2000,ORH,MA,ANE,EN,Federal Contract Tower,0,14,16,0,30,0,0,64,2,66,0,14,80,2,96,46,8,54,150
11/02/2000,ORH,MA,ANE,EN,Federal Contract Tower,0,10,10,0,20,0,4,58,0,62,0,14,68,0,82,48,2,50,132
11/03/2000,ORH,MA,ANE,EN,Federal Contract Tower,0,14,18,0,32,0,0,87,4,91,0,14,105,4,123,78,0,78,201
11/04/2000,ORH,MA,ANE,EN,Federal Contract Tower,0,15,18,0,33,0,0,107,2,109,0,15,125,2,142,188,0,188,330
11/05/2000,ORH,MA,ANE,EN,Federal Contract Tower,0,8,7,0,15,0,6,15,2,23,0,14,22,2,38,46,0,46,84
11/06/2000,ORH,MA,ANE,EN,Federal Contract Tower,0,10,10,0,20,0,2,16,0,18,0,12,26,0,38,20,2,22,60
11/07/2000,ORH,MA,ANE,EN,Federal Contract Tower,0,10,9,0,19,0,6,47,0,53,0,16,56,0,72,145,0,145,217
11/08/2000,ORH,MA,ANE,EN,Federal Contract Tower,0,15,21,0,36,0,0,62,0,62,0,15,83,0,98,66,0,66,164
11/09/2000,ORH,MA,ANE,EN,Federal Contract Tower,0,14,25,0,39,0,0,15,0,15,0,14,40,0,54,14,0,14,68
11/10/2000,ORH,MA,ANE,EN,Federal Contract Tower,0,11,8,0,19,0,2,0,0,2,0,13,8,0,21,0,0,0,21
11/11/2000,ORH,MA,ANE,EN,Federal Contract Tower,0,11,11,0,22,0,3,0,0,3,0,14,11,0,25,4,0,4,29
11/12/2000,ORH,MA,ANE,EN,Federal Contract Tower,0,13,13,0,26,0,3,107,0,110,0,16,120,0,136,118,0,118,254
11/13/2000,ORH,MA,ANE,EN,Federal Contract Tower,0,17,21,0,38,0,0,14,0,14,0,17,35,0,52,18,0,18,70
11/14/2000,ORH,MA,ANE,EN,Federal Contract Tower,0,13,16,0,29,0,0,4,0,4,0,13,20,0,33,0,0,0,33
11/15/2000,ORH,MA,ANE,EN,Federal Contract Tower,0,10,15,0,25,0,0,55,2,57,0,10,70,2,82,62,4,66,148
11/16/2000,ORH,MA,ANE,EN,Federal Contract Tower,0,14,15,1,30,0,1,41,1,43,0,15,56,2,73,110,2,112,185
11/17/2000,ORH,MA,ANE,EN,Federal Contract Tower,0,11,12,0,23,0,2,50,0,52,0,13,62,0,75,58,0,58,133
11/18/2000,ORH,MA,ANE,EN,Federal Contract Tower,0,10,11,1,22,0,5,71,1,77,0,15,82,2,99,118,2,120,219
11/19/2000,ORH,MA,ANE,EN,Federal Contract Tower,0,15,17,0,32,0,0,141,0,141,0,15,158,0,173,174,0,174,347
11/20/2000,ORH,MA,ANE,EN,Federal Contract Tower,0,14,15,0,29,2,0,71,0,73,2,14,86,0,102,116,0,116,218
11/21/2000,ORH,MA,ANE,EN,Federal Contract Tower,0,13,17,0,30,0,0,76,0,76,0,13,93,0,106,84,0,84,190
11/22/2000,ORH,MA,ANE,EN,Federal Contract Tower,0,11,12,0,23,0,1,61,0,62,0,12,73,0,85,36,0,36,121
11/23/2000,ORH,MA,ANE,EN,Federal Contract Tower,0,7,8,0,15,0,4,25,0,29,0,11,33,0,44,14,0,14,58
11/24/2000,ORH,MA,ANE,EN,Federal Contract Tower,0,8,10,0,18,0,3,97,0,100,0,11,107,0,118,118,0,118,236
11/25/2000,ORH,MA,ANE,EN,Federal Contract Tower,0,1,11,0,12,0,0,0,145,145,0,1,11,145,157,140,0,140,297
11/26/2000,ORH,MA,ANE,EN,Federal Contract Tower,0,2,3,0,5,0,1,0,0,1,0,3,3,0,6,0,0,0,6
11/27/2000,ORH,MA,ANE,EN,Federal Contract Tower,0,16,20,0,36,0,0,9,0,9,0,16,29,0,45,10,0,10,55
11/28/2000,ORH,MA,ANE,EN,Federal Contract Tower,0,10,11,0,21,0,3,47,2,52,0,13,58,2,73,94,0,94,167
11/29/2000,ORH,MA,ANE,EN,Federal Contract Tower,0,12,13,0,25,0,2,62,0,64,0,14,75,0,89,60,0,60,149
11/30/2000,ORH,MA,ANE,EN,Federal Contract Tower,0,9,10,0,19,0,5,7,0,12,0,14,17,0,31,10,0,10,41
12/01/2000,ORH,MA,ANE,EN,Federal Contract Tower,0,14,13,0,27,0,0,69,2,71,0,14,82,2,98,54,10,64,162
12/02/2000,ORH,MA,ANE,EN,Federal Contract Tower,0,10,8,0,18,0,6,86,0,92,0,16,94,0,110,164,4,168,278
12/03/2000,ORH,MA,ANE,EN,Federal Contract Tower,0,12,10,0,22,0,3,94,0,97,0,15,104,0,119,148,0,148,267
12/04/2000,ORH,MA,ANE,EN,Federal Contract Tower,0,10,8,0,18,0,6,66,0,72,0,16,74,0,90,76,0,76,166
12/05/2000,ORH,MA,ANE,EN,Federal Contract Tower,0,13,15,0,28,0,0,50,0,50,0,13,65,0,78,36,0,36,114
12/06/2000,ORH,MA,ANE,EN,Federal Contract Tower,0,11,9,0,20,0,2,44,0,46,0,13,53,0,66,58,0,58,124
12/07/2000,ORH,MA,ANE,EN,Federal Contract Tower,0,12,11,0,23,0,0,24,0,24,0,12,35,0,47,52,0,52,99
12/08/2000,ORH,MA,ANE,EN,Federal Contract Tower,0,9,17,0,26,2,0,9,0,11,2,9,26,0,37,0,0,0,37
12/09/2000,ORH,MA,ANE,EN,Federal Contract Tower,0,8,15,0,23,0,0,50,0,50,0,8,65,0,73,62,0,62,135
12/10/2000,ORH,MA,ANE,EN,Federal Contract Tower,0,11,9,0,20,0,2,77,2,81,0,13,86,2,101,74,0,74,175
12/11/2000,ORH,MA,ANE,EN,Federal Contract Tower,0,12,11,0,23,0,0,17,0,17,0,12,28,0,40,52,0,52,92
12/12/2000,ORH,MA,ANE,EN,Federal Contract Tower,0,11,11,0,22,0,0,7,0,7,0,11,18,0,29,0,0,0,29
12/13/2000,ORH,MA,ANE,EN,Federal Contract Tower,0,13,15,0,28,0,0,46,0,46,0,13,61,0,74,66,0,66,140
12/14/2000,ORH,MA,ANE,EN,Federal Contract Tower,0,7,4,0,11,0,2,0,0,2,0,9,4,0,13,0,0,0,13
12/15/2000,ORH,MA,ANE,EN,Federal Contract Tower,0,13,11,0,24,0,0,54,2,56,0,13,65,2,80,40,4,44,124
12/16/2000,ORH,MA,ANE,EN,Federal Contract Tower,0,12,9,0,21,0,1,56,2,59,0,13,65,2,80,40,4,44,124
12/17/2000,ORH,MA,ANE,EN,Federal Contract Tower,0,5,1,0,6,0,2,0,0,2,0,7,1,0,8,0,0,0,8
12/18/2000,ORH,MA,ANE,EN,Federal Contract Tower,0,11,8,0,19,0,2,14,0,16,0,13,22,0,35,18,0,18,53
12/19/2000,ORH,MA,ANE,EN,Federal Contract Tower,0,9,7,0,16,0,3,44,0,47,0,12,51,0,63,48,0,48,111
12/20/2000,ORH,MA,ANE,EN,Federal Contract Tower,0,14,10,0,24,0,2,2,0,4,0,16,12,0,28,0,0,0,28
12/21/2000,ORH,MA,ANE,EN,Federal Contract Tower,0,15,12,0,27,0,0,58,0,58,0,15,70,0,85,32,0,32,117
12/22/2000,ORH,MA,ANE,EN,Federal Contract Tower,0,8,5,0,13,0,1,13,0,14,0,9,18,0,27,0,0,0,27
12/23/2000,ORH,MA,ANE,EN,Federal Contract Tower,0,11,8,0,19,0,3,48,0,51,0,14,56,0,70,58,0,58,128
12/24/2000,ORH,MA,ANE,EN,Federal Contract Tower,0,11,7,0,18,0,2,33,0,35,0,13,40,0,53,20,0,20,73
12/25/2000,ORH,MA,ANE,EN,Federal Contract Tower,0,7,0,0,7,0,5,0,0,5,0,12,0,0,12,2,0,2,14
12/26/2000,ORH,MA,ANE,EN,Federal Contract Tower,0,9,7,0,16,0,3,21,0,24,0,12,28,0,40,4,0,4,44
12/27/2000,ORH,MA,ANE,EN,Federal Contract Tower,0,13,10,0,23,0,0,39,0,39,0,13,49,0,62,30,0,30,92
12/28/2000,ORH,MA,ANE,EN,Federal Contract Tower,0,10,7,0,17,0,2,16,0,18,0,12,23,0,35,30,0,30,65
12/29/2000,ORH,MA,ANE,EN,Federal Contract Tower,0,19,15,0,34,0,0,108,2,110,0,19,123,2,144,84,2,86,230
12/30/2000,ORH,MA,ANE,EN,Federal Contract Tower,0,4,3,0,7,0,1,3,0,4,0,5,6,0,11,20,0,20,31
12/31/2000,ORH,MA,ANE,EN,Federal Contract Tower,0,6,4,0,10,0,3,0,0,3,0,9,4,0,13,2,0,2,15
01/01/2001,ORH,MA,ANE,EN,Federal Contract Tower,0,9,8,0,17,0,3,18,0,21,0,12,26,0,38,22,0,22,60
01/02/2001,ORH,MA,ANE,EN,Federal Contract Tower,0,13,12,0,25,0,0,43,0,43,0,13,55,0,68,58,0,58,126
01/03/2001,ORH,MA,ANE,EN,Federal Contract Tower,0,12,10,0,22,0,3,50,0,53,0,15,60,0,75,44,2,46,121
01/04/2001,ORH,MA,ANE,EN,Federal Contract Tower,0,12,9,0,21,0,2,49,2,53,0,14,58,2,74,82,14,96,170
01/05/2001,ORH,MA,ANE,EN,Federal Contract Tower,0,8,6,0,14,0,1,36,2,39,0,9,42,2,53,36,0,36,89
01/06/2001,ORH,MA,ANE,EN,Federal Contract Tower,0,12,9,0,21,0,4,37,2,43,0,16,46,2,64,28,0,28,92
01/07/2001,ORH,MA,ANE,EN,Federal Contract Tower,0,12,10,0,22,0,3,67,0,70,0,15,77,0,92,96,0,96,188
01/08/2001,ORH,MA,ANE,EN,Federal Contract Tower,0,10,9,0,19,0,6,22,0,28,0,16,31,0,47,58,0,58,105
01/09/2001,ORH,MA,ANE,EN,Federal Contract Tower,0,11,9,0,20,0,0,4,0,4,0,11,13,0,24,0,4,4,28
01/10/2001,ORH,MA,ANE,EN,Federal Contract Tower,0,13,9,0,22,0,1,50,0,51,0,14,59,0,73,32,0,32,105
01/11/2001,ORH,MA,ANE,EN,Federal Contract Tower,0,14,11,1,26,0,2,41,1,44,0,16,52,2,70,68,0,68,138
01/12/2001,ORH,MA,ANE,EN,Federal Contract Tower,0,14,10,1,25,0,1,74,3,78,0,15,84,4,103,92,4,96,199
01/13/2001,ORH,MA,ANE,EN,Federal Contract Tower,0,12,13,0,25,0,0,115,0,115,0,12,128,0,140,164,0,164,304
01/14/2001,ORH,MA,ANE,EN,Federal Contract Tower,0,14,12,0,26,0,0,112,0,112,0,14,124,0,138,182,0,182,320
01/15/2001,ORH,MA,ANE,EN,Federal Contract Tower,0,12,8,0,20,0,0,1,0,1,0,12,9,0,21,0,0,0,21
01/16/2001,ORH,MA,ANE,EN,Federal Contract Tower,0,13,9,0,22,0,1,20,0,21,0,14,29,0,43,12,0,12,55
01/17/2001,ORH,MA,ANE,EN,Federal Contract Tower,0,14,10,0,24,0,3,45,0,48,0,17,55,0,72,78,0,78,150
01/18/2001,ORH,MA,ANE,EN,Federal Contract Tower,0,9,8,0,17,0,0,66,0,66,0,9,74,0,83,72,4,76,159
01/19/2001,ORH,MA,ANE,EN,Federal Contract Tower,0,11,6,0,17,0,2,0,0,2,0,13,6,0,19,0,0,0,19
01/20/2001,ORH,MA,ANE,EN,Federal Contract Tower,0,8,5,0,13,0,1,3,0,4,0,9,8,0,17,36,0,36,53
01/21/2001,ORH,MA,ANE,EN,Federal Contract Tower,0,7,1,0,8,0,4,0,0,4,0,11,1,0,12,0,0,0,12
01/22/2001,ORH,MA,ANE,EN,Federal Contract Tower,0,13,10,0,23,0,0,43,0,43,0,13,53,0,66,70,0,70,136
01/23/2001,ORH,MA,ANE,EN,Federal Contract Tower,0,12,12,0,24,0,0,53,4,57,0,12,65,4,81,98,0,98,179
01/24/2001,ORH,MA,ANE,EN,Federal Contract Tower,0,14,11,0,25,0,0,68,2,70,0,14,79,2,95,148,6,154,249
01/25/2001,ORH,MA,ANE,EN,Federal Contract Tower,0,14,11,0,25,0,0,51,6,57,0,14,62,6,82,96,0,96,178
01/26/2001,ORH,MA,ANE,EN,Federal Contract Tower,0,15,13,0,28,0,0,96,0,96,0,15,109,0,124,128,0,128,252
01/27/2001,ORH,MA,ANE,EN,Federal Contract Tower,0,14,9,0,23,0,2,27,0,29,0,16,36,0,52,56,0,56,108
01/28/2001,ORH,MA,ANE,EN,Federal Contract Tower,0,16,11,0,27,0,0,67,0,67,0,16,78,0,94,106,0,106,200
01/29/2001,ORH,MA,ANE,EN,Federal Contract Tower,0,14,12,0,26,0,0,67,3,70,0,14,79,3,96,54,8,62,158
01/30/2001,ORH,MA,ANE,EN,Federal Contract Tower,0,6,5,0,11,0,0,1,0,1,0,6,6,0,12,0,0,0,12
01/31/2001,ORH,MA,ANE,EN,Federal Contract Tower,0,13,12,0,25,0,0,26,0,26,0,13,38,0,51,30,0,30,81
02/01/2001,ORH,MA,ANE,EN,Federal Contract Tower,0,12,11,0,23,0,2,35,2,39,0,14,46,2,62,34,0,34,96
02/02/2001,ORH,MA,ANE,EN,Federal Contract Tower,0,11,10,0,21,0,2,45,2,49,0,13,55,2,70,106,0,106,176
02/03/2001,ORH,MA,ANE,EN,Federal Contract Tower,0,11,9,0,20,0,2,46,2,50,0,13,55,2,70,106,0,106,176
02/04/2001,ORH,MA,ANE,EN,Federal Contract Tower,0,11,16,0,27,0,0,100,4,104,0,11,116,4,131,142,0,142,273
02/05/2001,ORH,MA,ANE,EN,Federal Contract Tower,0,2,1,0,3,0,0,2,0,2,0,2,3,0,5,0,0,0,5
02/06/2001,ORH,MA,ANE,EN,Federal Contract Tower,0,2,8,0,10,0,0,8,4,12,0,2,16,4,22,4,2,6,28
02/07/2001,ORH,MA,ANE,EN,Federal Contract Tower,0,2,12,0,14,0,0,2,52,54,0,2,14,52,68,48,0,48,116
02/08/2001,ORH,MA,ANE,EN,Federal Contract Tower,0,2,13,0,15,0,0,5,44,49,0,2,18,44,64,26,0,26,90
02/09/2001,ORH,MA,ANE,EN,Federal Contract Tower,1,7,5,0,13,1,0,0,0,1,2,7,5,0,14,0,0,0,14
02/10/2001,ORH,MA,ANE,EN,Federal Contract Tower,1,5,5,0,11,1,2,0,0,3,2,7,5,0,14,0,0,0,14
02/11/2001,ORH,MA,ANE,EN,Federal Contract Tower,2,10,9,0,21,0,5,4,0,9,2,15,13,0,30,6,0,6,36
02/12/2001,ORH,MA,ANE,EN,Federal Contract Tower,2,13,11,0,26,0,1,72,0,73,2,14,83,0,99,136,0,136,235
02/13/2001,ORH,MA,ANE,EN,Federal Contract Tower,0,10,9,0,19,0,2,57,0,59,0,12,66,0,78,70,2,72,150
02/14/2001,ORH,MA,ANE,EN,Federal Contract Tower,2,14,14,0,30,0,0,13,0,13,2,14,27,0,43,16,0,16,59
02/15/2001,ORH,MA,ANE,EN,Federal Contract Tower,0,2,14,0,16,0,0,0,78,78,0,2,14,78,94,62,0,62,156
02/16/2001,ORH,MA,ANE,EN,Federal Contract Tower,1,13,11,0,25,1,0,26,0,27,2,13,37,0,52,62,0,62,114
02/17/2001,ORH,MA,ANE,EN,Federal Contract Tower,0,2,7,1,10,0,0,4,7,11,0,2,11,8,21,2,0,2,23
02/18/2001,ORH,MA,ANE,EN,Federal Contract Tower,1,13,10,0,24,1,0,63,0,64,2,13,73,0,88,88,0,88,176
02/19/2001,ORH,MA,ANE,EN,Federal Contract Tower,0,2,8,1,11,0,0,5,89,94,0,2,13,90,105,58,0,58,163
02/20/2001,ORH,MA,ANE,EN,Federal Contract Tower,1,14,12,0,27,1,0,65,0,66,2,14,77,0,93,118,0,118,211
02/21/2001,ORH,MA,ANE,EN,Federal Contract Tower,0,2,9,0,11,0,0,6,20,26,0,2,15,20,37,4,0,4,41
02/22/2001,ORH,MA,ANE,EN,Federal Contract Tower,1,10,0,0,11,1,0,0,0,1,2,10,0,0,12,28,0,28,40
02/23/2001,ORH,MA,ANE,EN,Federal Contract Tower,2,17,14,0,33,0,2,38,0,40,2,19,52,0,73,60,0,60,133
02/24/2001,ORH,MA,ANE,EN,Federal Contract Tower,1,16,13,0,30,1,3,39,0,43,2,19,52,0,73,60,0,60,133
02/25/2001,ORH,MA,ANE,EN,Federal Contract Tower,0,5,3,0,8,2,0,0,0,2,2,5,3,0,10,0,0,0,10
02/26/2001,ORH,MA,ANE,EN,Federal Contract Tower,0,2,11,0,13,0,0,0,28,28,0,2,11,28,41,12,2,14,55
02/27/2001,ORH,MA,ANE,EN,Federal Contract Tower,1,12,14,0,27,1,0,64,0,65,2,12,78,0,92,86,2,88,180
02/28/2001,ORH,MA,ANE,EN,Federal Contract Tower,2,15,14,0,31,0,0,54,0,54,2,15,68,0,85,42,0,42,127
03/01/2001,ORH,MA,ANE,EN,Federal Contract Tower,2,11,9,0,22,0,2,37,0,39,2,13,46,0,61,38,0,38,99
03/02/2001,ORH,MA,ANE,EN,Federal Contract Tower,2,9,10,0,21,0,0,6,0,6,2,9,16,0,27,10,0,10,37
03/03/2001,ORH,MA,ANE,EN,Federal Contract Tower,2,9,8,0,19,0,4,4,0,8,2,13,12,0,27,28,0,28,55
03/04/2001,ORH,MA,ANE,EN,Federal Contract Tower,1,6,5,0,12,1,4,26,0,31,2,10,31,0,43,112,0,112,155
03/05/2001,ORH,MA,ANE,EN,Federal Contract Tower,0,0,0,0,0,0,1,0,0,1,0,1,0,0,1,0,0,0,1
03/06/2001,ORH,MA,ANE,EN,Federal Contract Tower,0,0,0,0,0,0,0,0,0,0,0,0,0,0,0,0,0,0,0
03/07/2001,ORH,MA,ANE,EN,Federal Contract Tower,0,5,4,0,9,0,4,0,2,6,0,9,4,2,15,0,0,0,15
03/08/2001,ORH,MA,ANE,EN,Federal Contract Tower,2,10,8,0,20,0,4,50,0,54,2,14,58,0,74,18,0,18,92
03/09/2001,ORH,MA,ANE,EN,Federal Contract Tower,2,6,5,0,13,0,0,4,0,4,2,6,9,0,17,20,0,20,37
03/10/2001,ORH,MA,ANE,EN,Federal Contract Tower,2,9,8,0,19,0,5,11,0,16,2,14,19,0,35,0,0,0,35
03/11/2001,ORH,MA,ANE,EN,Federal Contract Tower,2,13,10,0,25,0,1,30,2,33,2,14,40,2,58,58,0,58,116
03/12/2001,ORH,MA,ANE,EN,Federal Contract Tower,2,13,10,0,25,0,2,70,2,74,2,15,80,2,99,78,0,78,177
03/13/2001,ORH,MA,ANE,EN,Federal Contract Tower,2,9,4,0,15,0,3,0,0,3,2,12,4,0,18,6,0,6,24
03/14/2001,ORH,MA,ANE,EN,Federal Contract Tower,2,19,15,0,36,0,0,32,2,34,2,19,47,2,70,32,0,32,102
03/15/2001,ORH,MA,ANE,EN,Federal Contract Tower,2,15,13,0,30,0,0,71,0,71,2,15,84,0,101,56,10,66,167
03/17/2001,ORH,MA,ANE,EN,Federal Contract Tower,2,14,9,0,25,0,1,121,0,122,2,15,130,0,147,156,0,156,303
03/18/2001,ORH,MA,ANE,EN,Federal Contract Tower,1,10,7,0,18,1,1,55,0,57,2,11,62,0,75,50,0,50,125
03/19/2001,ORH,MA,ANE,EN,Federal Contract Tower,1,13,9,0,23,1,1,23,0,25,2,14,32,0,48,40,0,40,88
03/20/2001,ORH,MA,ANE,EN,Federal Contract Tower,0,15,13,0,28,0,0,92,0,92,0,15,105,0,120,98,0,98,218
03/21/2001,ORH,MA,ANE,EN,Federal Contract Tower,2,10,12,0,24,0,0,23,0,23,2,10,35,0,47,32,0,32,79
03/22/2001,ORH,MA,ANE,EN,Federal Contract Tower,1,12,10,0,23,1,0,0,0,1,2,12,10,0,24,0,0,0,24
03/23/2001,ORH,MA,ANE,EN,Federal Contract Tower,0,2,15,0,17,0,0,0,38,38,0,2,15,38,55,0,0,0,55
03/24/2001,ORH,MA,ANE,EN,Federal Contract Tower,3,12,17,0,32,1,0,20,2,23,4,12,37,2,55,68,6,74,129
03/25/2001,ORH,MA,ANE,EN,Federal Contract Tower,1,11,9,0,21,1,3,87,0,91,2,14,96,0,112,130,0,130,242
03/26/2001,ORH,MA,ANE,EN,Federal Contract Tower,1,10,8,0,19,1,2,19,0,22,2,12,27,0,41,32,0,32,73
03/27/2001,ORH,MA,ANE,EN,Federal Contract Tower,2,16,11,0,29,0,0,58,0,58,2,16,69,0,87,84,0,84,171
03/28/2001,ORH,MA,ANE,EN,Federal Contract Tower,1,11,9,0,21,1,2,73,0,76,2,13,82,0,97,56,0,56,153
03/29/2001,ORH,MA,ANE,EN,Federal Contract Tower,2,15,15,0,32,0,0,50,2,52,2,15,65,2,84,90,0,90,174
03/30/2001,ORH,MA,ANE,EN,Federal Contract Tower,0,13,10,0,23,0,1,0,0,1,0,14,10,0,24,0,0,0,24
03/31/2001,ORH,MA,ANE,EN,Federal Contract Tower,2,16,12,0,30,2,1,80,0,83,4,17,92,0,113,246,0,246,359
04/01/2001,ORH,MA,ANE,EN,Federal Contract Tower,2,15,10,0,27,0,1,16,0,17,2,16,26,0,44,62,0,62,106
04/02/2001,ORH,MA,ANE,EN,Federal Contract Tower,3,14,10,0,27,0,3,16,0,19,3,17,26,0,46,32,0,32,78
04/03/2001,ORH,MA,ANE,EN,Federal Contract Tower,3,16,11,0,30,2,9,68,0,79,5,25,79,0,109,78,0,78,187
04/04/2001,ORH,MA,ANE,EN,Federal Contract Tower,3,17,12,0,32,1,2,121,0,124,4,19,133,0,156,100,0,100,256
04/05/2001,ORH,MA,ANE,EN,Federal Contract Tower,3,16,12,0,31,1,0,74,4,79,4,16,86,4,110,80,8,88,198
04/06/2001,ORH,MA,ANE,EN,Federal Contract Tower,2,14,8,0,24,1,0,21,2,24,3,14,29,2,48,20,4,24,72
04/07/2001,ORH,MA,ANE,EN,Federal Contract Tower,2,17,10,0,29,0,0,57,2,59,2,17,67,2,88,152,0,152,240
04/08/2001,ORH,MA,ANE,EN,Federal Contract Tower,2,13,7,0,22,0,1,0,0,1,2,14,7,0,23,0,0,0,23
04/09/2001,ORH,MA,ANE,EN,Federal Contract Tower,2,12,8,0,22,0,0,65,0,65,2,12,73,0,87,88,0,88,175
04/10/2001,ORH,MA,ANE,EN,Federal Contract Tower,2,15,13,0,30,0,0,61,0,61,2,15,74,0,91,44,0,44,135
04/11/2001,ORH,MA,ANE,EN,Federal Contract Tower,2,18,14,0,34,0,0,50,2,52,2,18,64,2,86,46,2,48,134
04/12/2001,ORH,MA,ANE,EN,Federal Contract Tower,0,7,5,0,12,0,0,0,0,0,0,7,5,0,12,0,0,0,12
04/13/2001,ORH,MA,ANE,EN,Federal Contract Tower,2,13,10,0,25,0,0,60,0,60,2,13,70,0,85,82,0,82,167
04/14/2001,ORH,MA,ANE,EN,Federal Contract Tower,1,12,8,0,21,1,3,82,2,88,2,15,90,2,109,68,0,68,177
04/15/2001,ORH,MA,ANE,EN,Federal Contract Tower,1,11,7,0,19,1,3,77,0,81,2,14,84,0,100,98,0,98,198
04/16/2001,ORH,MA,ANE,EN,Federal Contract Tower,0,2,10,0,12,0,0,6,75,81,0,2,16,75,93,108,0,108,201
04/17/2001,ORH,MA,ANE,EN,Federal Contract Tower,0,2,10,0,12,0,0,8,45,53,0,2,18,45,65,52,0,52,117
04/18/2001,ORH,MA,ANE,EN,Federal Contract Tower,2,19,12,0,33,0,1,23,0,24,2,20,35,0,57,22,0,22,79
04/19/2001,ORH,MA,ANE,EN,Federal Contract Tower,0,20,9,0,29,0,0,55,8,63,0,20,64,8,92,50,4,54,146
04/20/2001,ORH,MA,ANE,EN,Federal Contract Tower,4,17,14,0,35,0,0,94,0,94,4,17,108,0,129,76,0,76,205
04/21/2001,ORH,MA,ANE,EN,Federal Contract Tower,2,17,11,0,30,0,0,78,0,78,2,17,89,0,108,202,0,202,310
04/22/2001,ORH,MA,ANE,EN,Federal Contract Tower,2,15,3,0,20,0,1,48,0,49,2,16,51,0,69,60,0,60,129
04/23/2001,ORH,MA,ANE,EN,Federal Contract Tower,2,16,3,0,21,0,0,67,0,67,2,16,70,0,88,94,0,94,182
04/24/2001,ORH,MA,ANE,EN,Federal Contract Tower,2,20,13,0,35,0,0,22,0,22,2,20,35,0,57,6,0,6,63
04/25/2001,ORH,MA,ANE,EN,Federal Contract Tower,2,15,15,0,32,0,0,57,1,58,2,15,72,1,90,76,6,82,172
04/26/2001,ORH,MA,ANE,EN,Federal Contract Tower,2,16,25,0,43,0,0,48,0,48,2,16,73,0,91,88,0,88,179
04/27/2001,ORH,MA,ANE,EN,Federal Contract Tower,2,14,16,0,32,0,0,74,3,77,2,14,90,3,109,70,0,70,179
04/28/2001,ORH,MA,ANE,EN,Federal Contract Tower,2,14,18,0,34,0,0,69,2,71,2,14,87,2,105,72,2,74,179
04/29/2001,ORH,MA,ANE,EN,Federal Contract Tower,2,15,5,0,22,0,0,146,0,146,2,15,151,0,168,116,0,116,284
04/30/2001,ORH,MA,ANE,EN,Federal Contract Tower,2,14,2,0,18,0,0,51,0,51,2,14,53,0,69,52,0,52,121
05/01/2001,ORH,MA,ANE,EN,Federal Contract Tower,0,16,6,0,22,0,0,77,0,77,0,16,83,0,99,54,0,54,153
05/02/2001,ORH,MA,ANE,EN,Federal Contract Tower,4,13,17,0,34,0,1,58,0,59,4,14,75,0,93,70,4,74,167
05/03/2001,ORH,MA,ANE,EN,Federal Contract Tower,4,16,7,0,27,0,0,90,0,90,4,16,97,0,117,120,6,126,243
05/04/2001,ORH,MA,ANE,EN,Federal Contract Tower,4,16,16,1,37,0,0,81,5,86,4,16,97,6,123,66,24,90,213
05/05/2001,ORH,MA,ANE,EN,Federal Contract Tower,4,17,19,4,44,0,0,65,0,65,4,17,84,4,109,132,8,140,249
05/06/2001,ORH,MA,ANE,EN,Federal Contract Tower,2,16,19,0,37,0,0,77,0,77,2,16,96,0,114,122,0,122,236
05/07/2001,ORH,MA,ANE,EN,Federal Contract Tower,5,13,16,0,34,0,1,52,0,53,5,14,68,0,87,84,2,86,173
05/08/2001,ORH,MA,ANE,EN,Federal Contract Tower,0,14,4,0,18,0,0,62,0,62,0,14,66,0,80,72,0,72,152
05/09/2001,ORH,MA,ANE,EN,Federal Contract Tower,4,16,18,0,38,0,0,87,0,87,4,16,105,0,125,112,0,112,237
05/10/2001,ORH,MA,ANE,EN,Federal Contract Tower,5,17,20,0,42,0,1,68,0,69,5,18,88,0,111,80,0,80,191
05/11/2001,ORH,MA,ANE,EN,Federal Contract Tower,3,17,15,0,35,0,0,109,2,111,3,17,124,2,146,128,0,128,274
05/12/2001,ORH,MA,ANE,EN,Federal Contract Tower,5,17,16,0,38,0,0,68,0,68,5,17,84,0,106,138,0,138,244
05/13/2001,ORH,MA,ANE,EN,Federal Contract Tower,4,15,26,0,45,0,0,61,0,61,4,15,87,0,106,102,0,102,208
05/14/2001,ORH,MA,ANE,EN,Federal Contract Tower,4,14,11,0,29,0,0,28,0,28,4,14,39,0,57,46,0,46,103
05/15/2001,ORH,MA,ANE,EN,Federal Contract Tower,0,20,17,0,37,0,0,33,0,33,0,20,50,0,70,48,0,48,118
05/16/2001,ORH,MA,ANE,EN,Federal Contract Tower,4,16,33,0,53,0,0,1,0,1,4,16,34,0,54,0,0,0,54
05/17/2001,ORH,MA,ANE,EN,Federal Contract Tower,3,16,23,0,42,0,0,62,0,62,3,16,85,0,104,84,12,96,200
05/18/2001,ORH,MA,ANE,EN,Federal Contract Tower,5,17,35,3,60,0,0,21,0,21,5,17,56,3,81,38,0,38,119
05/19/2001,ORH,MA,ANE,EN,Federal Contract Tower,3,19,20,2,44,0,0,86,0,86,3,19,106,2,130,114,2,116,246
05/20/2001,ORH,MA,ANE,EN,Federal Contract Tower,4,18,17,1,40,0,0,96,0,96,4,18,113,1,136,102,0,102,238
05/21/2001,ORH,MA,ANE,EN,Federal Contract Tower,2,13,15,0,30,2,1,53,0,56,4,14,68,0,86,62,0,62,148
05/22/2001,ORH,MA,ANE,EN,Federal Contract Tower,0,2,9,0,11,0,0,0,0,0,0,2,9,0,11,0,0,0,11
05/23/2001,ORH,MA,ANE,EN,Federal Contract Tower,2,13,33,0,48,0,0,2,0,2,2,13,35,0,50,0,0,0,50
05/24/2001,ORH,MA,ANE,EN,Federal Contract Tower,2,15,17,0,34,0,0,18,0,18,2,15,35,0,52,20,0,20,72
05/25/2001,ORH,MA,ANE,EN,Federal Contract Tower,2,12,28,0,42,0,0,90,0,90,2,12,118,0,132,90,0,90,222
05/26/2001,ORH,MA,ANE,EN,Federal Contract Tower,4,19,15,0,38,0,0,58,0,58,4,19,73,0,96,94,8,102,198
05/27/2001,ORH,MA,ANE,EN,Federal Contract Tower,4,13,6,0,23,0,0,0,0,0,4,13,6,0,23,0,0,0,23
05/28/2001,ORH,MA,ANE,EN,Federal Contract Tower,4,9,7,0,20,0,0,8,0,8,4,9,15,0,28,2,10,12,40
05/29/2001,ORH,MA,ANE,EN,Federal Contract Tower,4,17,10,0,31,0,1,60,0,61,4,18,70,0,92,70,0,70,162
05/30/2001,ORH,MA,ANE,EN,Federal Contract Tower,4,18,15,0,37,0,0,40,0,40,4,18,55,0,77,58,0,58,135
05/31/2001,ORH,MA,ANE,EN,Federal Contract Tower,4,16,19,0,39,0,0,46,0,46,4,16,65,0,85,50,0,50,135
06/01/2001,ORH,MA,ANE,EN,Federal Contract Tower,4,13,11,0,28,0,1,85,2,88,4,14,96,2,116,104,0,104,220
06/02/2001,ORH,MA,ANE,EN,Federal Contract Tower,4,16,4,0,24,0,0,0,0,0,4,16,4,0,24,0,0,0,24
06/03/2001,ORH,MA,ANE,EN,Federal Contract Tower,2,6,4,0,12,0,0,0,0,0,2,6,4,0,12,0,0,0,12
06/04/2001,ORH,MA,ANE,EN,Federal Contract Tower,3,18,12,0,33,0,0,37,0,37,3,18,49,0,70,126,0,126,196
06/05/2001,ORH,MA,ANE,EN,Federal Contract Tower,1,15,19,0,35,0,0,72,0,72,1,15,91,0,107,110,2,112,219
06/06/2001,ORH,MA,ANE,EN,Federal Contract Tower,2,17,14,0,33,0,0,92,0,92,2,17,106,0,125,108,0,108,233
06/07/2001,ORH,MA,ANE,EN,Federal Contract Tower,4,14,17,0,35,0,0,53,0,53,4,14,70,0,88,98,0,98,186
06/08/2001,ORH,MA,ANE,EN,Federal Contract Tower,4,16,11,0,31,0,0,103,0,103,4,16,114,0,134,54,0,54,188
06/09/2001,ORH,MA,ANE,EN,Federal Contract Tower,4,16,19,0,39,0,0,109,0,109,4,16,128,0,148,120,0,120,268
06/10/2001,ORH,MA,ANE,EN,Federal Contract Tower,4,17,10,0,31,0,0,107,0,107,4,17,117,0,138,146,0,146,284
06/11/2001,ORH,MA,ANE,EN,Federal Contract Tower,2,14,20,0,36,0,0,7,0,7,2,14,27,0,43,32,0,32,75
06/12/2001,ORH,MA,ANE,EN,Federal Contract Tower,0,18,11,0,29,0,0,51,0,51,0,18,62,0,80,62,0,62,142
06/13/2001,ORH,MA,ANE,EN,Federal Contract Tower,4,15,18,4,41,0,0,55,0,55,4,15,73,4,96,106,0,106,202
06/14/2001,ORH,MA,ANE,EN,Federal Contract Tower,4,16,24,0,44,0,0,30,0,30,4,16,54,0,74,60,4,64,138
06/15/2001,ORH,MA,ANE,EN,Federal Contract Tower,4,17,14,0,35,0,0,50,0,50,4,17,64,0,85,100,0,100,185
06/16/2001,ORH,MA,ANE,EN,Federal Contract Tower,4,10,9,2,25,0,0,52,0,52,4,10,61,2,77,34,0,34,111
06/17/2001,ORH,MA,ANE,EN,Federal Contract Tower,4,12,4,0,20,0,0,0,0,0,4,12,4,0,20,0,0,0,20
06/18/2001,ORH,MA,ANE,EN,Federal Contract Tower,4,15,14,0,33,0,0,77,0,77,4,15,91,0,110,146,0,146,256
06/19/2001,ORH,MA,ANE,EN,Federal Contract Tower,0,17,11,0,28,0,0,65,0,65,0,17,76,0,93,62,0,62,155
06/20/2001,ORH,MA,ANE,EN,Federal Contract Tower,4,16,26,0,46,0,0,57,0,57,4,16,83,0,103,82,0,82,185
06/21/2001,ORH,MA,ANE,EN,Federal Contract Tower,4,17,16,0,37,0,0,38,0,38,4,17,54,0,75,78,0,78,153
06/22/2001,ORH,MA,ANE,EN,Federal Contract Tower,1,11,24,0,36,0,0,34,0,34,1,11,58,0,70,42,0,42,112
06/23/2001,ORH,MA,ANE,EN,Federal Contract Tower,4,16,13,0,33,0,0,35,0,35,4,16,48,0,68,62,0,62,130
06/24/2001,ORH,MA,ANE,EN,Federal Contract Tower,2,16,24,0,42,0,0,13,0,13,2,16,37,0,55,42,0,42,97
06/25/2001,ORH,MA,ANE,EN,Federal Contract Tower,3,16,24,2,45,0,0,74,5,79,3,16,98,7,124,88,0,88,212
06/26/2001,ORH,MA,ANE,EN,Federal Contract Tower,0,17,12,0,29,0,0,89,0,89,0,17,101,0,118,122,0,122,240
06/27/2001,ORH,MA,ANE,EN,Federal Contract Tower,4,18,11,0,33,0,0,70,0,70,4,18,81,0,103,136,0,136,239
06/28/2001,ORH,MA,ANE,EN,Federal Contract Tower,4,14,7,0,25,0,0,77,0,77,4,14,84,0,102,110,2,112,214
06/29/2001,ORH,MA,ANE,EN,Federal Contract Tower,4,12,19,0,35,0,0,97,2,99,4,12,116,2,134,152,0,152,286
06/30/2001,ORH,MA,ANE,EN,Federal Contract Tower,4,19,20,2,45,0,0,57,4,61,4,19,77,6,106,102,6,108,214
07/01/2001,ORH,MA,ANE,EN,Federal Contract Tower,4,11,18,0,33,0,0,30,0,30,4,11,48,0,63,106,0,106,169
07/02/2001,ORH,MA,ANE,EN,Federal Contract Tower,4,17,13,1,35,0,0,67,1,68,4,17,80,2,103,96,0,96,199
07/03/2001,ORH,MA,ANE,EN,Federal Contract Tower,0,15,8,0,23,0,0,63,0,63,0,15,71,0,86,72,0,72,158
07/04/2001,ORH,MA,ANE,EN,Federal Contract Tower,2,13,9,0,24,0,0,31,0,31,2,13,40,0,55,54,0,54,109
07/05/2001,ORH,MA,ANE,EN,Federal Contract Tower,4,15,20,3,42,0,0,32,1,33,4,15,52,4,75,44,0,44,119
07/06/2001,ORH,MA,ANE,EN,Federal Contract Tower,2,15,20,0,37,0,0,103,2,105,2,15,123,2,142,140,0,140,282
07/07/2001,ORH,MA,ANE,EN,Federal Contract Tower,2,14,20,0,36,0,0,105,0,105,2,14,125,0,141,122,0,122,263
07/08/2001,ORH,MA,ANE,EN,Federal Contract Tower,4,17,43,0,64,0,0,0,0,0,4,17,43,0,64,0,0,0,64
07/09/2001,ORH,MA,ANE,EN,Federal Contract Tower,0,16,6,0,22,0,0,54,0,54,0,16,60,0,76,70,0,70,146
07/10/2001,ORH,MA,ANE,EN,Federal Contract Tower,1,14,16,0,31,0,0,50,0,50,1,14,66,0,81,84,0,84,165
07/11/2001,ORH,MA,ANE,EN,Federal Contract Tower,4,18,19,0,41,0,0,52,0,52,4,18,71,0,93,76,0,76,169
07/12/2001,ORH,MA,ANE,EN,Federal Contract Tower,2,18,18,0,38,0,0,61,0,61,2,18,79,0,99,78,0,78,177
07/13/2001,ORH,MA,ANE,EN,Federal Contract Tower,0,20,19,0,39,0,0,104,0,104,0,20,123,0,143,156,0,156,299
07/14/2001,ORH,MA,ANE,EN,Federal Contract Tower,4,12,20,0,36,0,0,87,0,87,4,12,107,0,123,170,0,170,293
07/15/2001,ORH,MA,ANE,EN,Federal Contract Tower,6,17,6,0,29,0,0,135,0,135,6,17,141,0,164,132,0,132,296
07/16/2001,ORH,MA,ANE,EN,Federal Contract Tower,4,16,17,0,37,0,0,44,0,44,4,16,61,0,81,54,0,54,135
07/17/2001,ORH,MA,ANE,EN,Federal Contract Tower,0,16,15,0,31,0,0,8,0,8,0,16,23,0,39,0,0,0,39
07/18/2001,ORH,MA,ANE,EN,Federal Contract Tower,2,14,25,0,41,0,0,72,0,72,2,14,97,0,113,56,0,56,169
07/19/2001,ORH,MA,ANE,EN,Federal Contract Tower,4,16,35,1,56,0,3,47,0,50,4,19,82,1,106,66,0,66,172
07/20/2001,ORH,MA,ANE,EN,Federal Contract Tower,4,17,14,0,35,0,0,143,0,143,4,17,157,0,178,88,0,88,266
07/21/2001,ORH,MA,ANE,EN,Federal Contract Tower,4,12,22,0,38,0,0,93,0,93,4,12,115,0,131,122,0,122,253
07/22/2001,ORH,MA,ANE,EN,Federal Contract Tower,4,16,8,0,28,0,0,84,0,84,4,16,92,0,112,98,0,98,210
07/23/2001,ORH,MA,ANE,EN,Federal Contract Tower,4,17,8,0,29,0,0,68,4,72,4,17,76,4,101,56,0,56,157
07/24/2001,ORH,MA,ANE,EN,Federal Contract Tower,0,17,17,0,34,0,0,49,2,51,0,17,66,2,85,30,0,30,115
07/25/2001,ORH,MA,ANE,EN,Federal Contract Tower,4,18,14,0,36,0,0,73,4,77,4,18,87,4,113,54,0,54,167
07/26/2001,ORH,MA,ANE,EN,Federal Contract Tower,4,12,26,0,42,0,0,23,0,23,4,12,49,0,65,34,0,34,99
07/27/2001,ORH,MA,ANE,EN,Federal Contract Tower,4,17,26,0,47,0,0,123,0,123,4,17,149,0,170,90,0,90,260
07/28/2001,ORH,MA,ANE,EN,Federal Contract Tower,4,14,21,0,39,0,0,128,6,134,4,14,149,6,173,150,0,150,323
07/29/2001,ORH,MA,ANE,EN,Federal Contract Tower,4,14,7,0,25,0,0,120,0,120,4,14,127,0,145,90,0,90,235
07/30/2001,ORH,MA,ANE,EN,Federal Contract Tower,4,16,15,0,35,0,0,71,0,71,4,16,86,0,106,114,0,114,220
07/31/2001,ORH,MA,ANE,EN,Federal Contract Tower,0,14,10,0,24,0,0,66,0,66,0,14,76,0,90,102,0,102,192
08/01/2001,ORH,MA,ANE,EN,Federal Contract Tower,4,12,11,0,27,0,0,107,0,107,4,12,118,0,134,110,0,110,244
08/02/2001,ORH,MA,ANE,EN,Federal Contract Tower,4,14,17,0,35,0,0,49,0,49,4,14,66,0,84,108,0,108,192
08/03/2001,ORH,MA,ANE,EN,Federal Contract Tower,2,15,9,0,26,0,0,43,4,47,2,15,52,4,73,66,0,66,139
08/04/2001,ORH,MA,ANE,EN,Federal Contract Tower,2,13,15,0,30,0,1,17,0,18,2,14,32,0,48,4,0,4,52
08/05/2001,ORH,MA,ANE,EN,Federal Contract Tower,5,15,29,0,49,0,0,44,0,44,5,15,73,0,93,72,0,72,165
08/06/2001,ORH,MA,ANE,EN,Federal Contract Tower,4,17,16,0,37,0,0,40,2,42,4,17,56,2,79,58,0,58,137
08/07/2001,ORH,MA,ANE,EN,Federal Contract Tower,0,16,12,0,28,0,0,43,0,43,0,16,55,0,71,62,0,62,133
08/08/2001,ORH,MA,ANE,EN,Federal Contract Tower,3,18,15,0,36,0,0,57,0,57,3,18,72,0,93,40,0,40,133
08/09/2001,ORH,MA,ANE,EN,Federal Contract Tower,4,13,15,0,32,0,0,61,0,61,4,13,76,0,93,66,0,66,159
08/10/2001,ORH,MA,ANE,EN,Federal Contract Tower,4,15,21,0,40,0,0,23,2,25,4,15,44,2,65,28,2,30,95
08/11/2001,ORH,MA,ANE,EN,Federal Contract Tower,4,11,24,0,39,0,0,78,2,80,4,11,102,2,119,108,0,108,227
08/12/2001,ORH,MA,ANE,EN,Federal Contract Tower,2,22,10,0,34,0,0,0,0,0,2,22,10,0,34,0,0,0,34
08/13/2001,ORH,MA,ANE,EN,Federal Contract Tower,6,14,18,0,38,0,0,14,0,14,6,14,32,0,52,12,0,12,64
08/14/2001,ORH,MA,ANE,EN,Federal Contract Tower,0,18,6,0,24,0,0,77,0,77,0,18,83,0,101,90,0,90,191
08/15/2001,ORH,MA,ANE,EN,Federal Contract Tower,5,14,17,0,36,0,0,89,0,89,5,14,106,0,125,88,0,88,213
08/16/2001,ORH,MA,ANE,EN,Federal Contract Tower,3,16,16,0,35,0,0,75,0,75,3,16,91,0,110,78,0,78,188
08/17/2001,ORH,MA,ANE,EN,Federal Contract Tower,4,16,13,2,35,0,0,36,0,36,4,16,49,2,71,52,0,52,123
08/18/2001,ORH,MA,ANE,EN,Federal Contract Tower,2,16,15,0,33,0,0,90,0,90,2,16,105,0,123,94,0,94,217
08/19/2001,ORH,MA,ANE,EN,Federal Contract Tower,4,14,24,0,42,0,0,62,0,62,4,14,86,0,104,58,0,58,162
08/20/2001,ORH,MA,ANE,EN,Federal Contract Tower,4,16,10,0,30,0,0,0,0,0,4,16,10,0,30,0,0,0,30
08/21/2001,ORH,MA,ANE,EN,Federal Contract Tower,2,22,15,0,39,0,0,53,0,53,2,22,68,0,92,60,0,60,152
08/22/2001,ORH,MA,ANE,EN,Federal Contract Tower,4,17,17,0,38,0,0,79,0,79,4,17,96,0,117,84,2,86,203
08/23/2001,ORH,MA,ANE,EN,Federal Contract Tower,4,16,10,0,30,0,0,53,0,53,4,16,63,0,83,76,2,78,161
08/24/2001,ORH,MA,ANE,EN,Federal Contract Tower,4,16,16,2,38,0,0,76,0,76,4,16,92,2,114,92,0,92,206
08/25/2001,ORH,MA,ANE,EN,Federal Contract Tower,3,15,13,0,31,0,0,129,0,129,3,15,142,0,160,116,0,116,276
08/26/2001,ORH,MA,ANE,EN,Federal Contract Tower,4,16,15,0,35,0,0,102,0,102,4,16,117,0,137,112,0,112,249
08/27/2001,ORH,MA,ANE,EN,Federal Contract Tower,4,16,14,0,34,0,0,17,0,17,4,16,31,0,51,36,0,36,87
08/28/2001,ORH,MA,ANE,EN,Federal Contract Tower,0,16,13,0,29,0,0,41,0,41,0,16,54,0,70,42,0,42,112
08/29/2001,ORH,MA,ANE,EN,Federal Contract Tower,4,16,11,0,31,0,0,104,0,104,4,16,115,0,135,90,0,90,225
08/30/2001,ORH,MA,ANE,EN,Federal Contract Tower,4,16,9,0,29,0,0,71,0,71,4,16,80,0,100,76,0,76,176
08/31/2001,ORH,MA,ANE,EN,Federal Contract Tower,5,17,12,2,36,0,0,44,2,46,5,17,56,4,82,12,0,12,94
09/01/2001,ORH,MA,ANE,EN,Federal Contract Tower,5,15,9,0,29,0,1,74,0,75,5,16,83,0,104,112,0,112,216
09/02/2001,ORH,MA,ANE,EN,Federal Contract Tower,4,19,9,0,32,0,1,101,0,102,4,20,110,0,134,108,0,108,242
09/03/2001,ORH,MA,ANE,EN,Federal Contract Tower,2,19,7,0,28,0,0,114,0,114,2,19,121,0,142,82,0,82,224
09/04/2001,ORH,MA,ANE,EN,Federal Contract Tower,0,16,11,0,27,0,0,46,0,46,0,16,57,0,73,58,2,60,133
09/05/2001,ORH,MA,ANE,EN,Federal Contract Tower,4,19,11,0,34,0,0,64,0,64,4,19,75,0,98,66,0,66,164
09/06/2001,ORH,MA,ANE,EN,Federal Contract Tower,2,12,7,0,21,0,0,57,6,63,2,12,64,6,84,44,0,44,128
09/07/2001,ORH,MA,ANE,EN,Federal Contract Tower,2,12,10,0,24,0,0,93,0,93,2,12,103,0,117,78,0,78,195
09/08/2001,ORH,MA,ANE,EN,Federal Contract Tower,2,14,11,0,27,0,0,129,2,131,2,14,140,2,158,150,0,150,308
09/09/2001,ORH,MA,ANE,EN,Federal Contract Tower,2,16,18,0,36,0,0,93,0,93,2,16,111,0,129,112,0,112,241
09/10/2001,ORH,MA,ANE,EN,Federal Contract Tower,2,20,13,0,35,0,0,24,0,24,2,20,37,0,59,50,0,50,109
09/11/2001,ORH,MA,ANE,EN,Federal Contract Tower,0,6,2,0,8,0,0,4,0,4,0,6,6,0,12,10,0,10,22
09/12/2001,ORH,MA,ANE,EN,Federal Contract Tower,0,0,1,0,1,0,0,2,0,2,0,0,3,0,3,0,0,0,3
09/13/2001,ORH,MA,ANE,EN,Federal Contract Tower,0,1,2,1,4,0,0,0,0,0,0,1,2,1,4,4,0,4,8
09/14/2001,ORH,MA,ANE,EN,Federal Contract Tower,0,0,0,0,0,0,0,0,0,0,0,0,0,0,0,0,0,0,0
09/15/2001,ORH,MA,ANE,EN,Federal Contract Tower,0,6,9,0,15,0,0,0,0,0,0,6,9,0,15,0,0,0,15
09/16/2001,ORH,MA,ANE,EN,Federal Contract Tower,2,18,13,0,33,0,0,0,0,0,2,18,13,0,33,2,0,2,35
09/17/2001,ORH,MA,ANE,EN,Federal Contract Tower,2,18,22,0,42,0,0,0,0,0,2,18,22,0,42,0,0,0,42
09/18/2001,ORH,MA,ANE,EN,Federal Contract Tower,0,17,28,0,45,0,0,0,0,0,0,17,28,0,45,10,0,10,55
09/19/2001,ORH,MA,ANE,EN,Federal Contract Tower,2,15,32,0,49,0,0,0,0,0,2,15,32,0,49,20,0,20,69
09/20/2001,ORH,MA,ANE,EN,Federal Contract Tower,2,13,11,0,26,0,0,0,0,0,2,13,11,0,26,0,0,0,26
09/21/2001,ORH,MA,ANE,EN,Federal Contract Tower,2,14,17,0,33,0,0,0,0,0,2,14,17,0,33,0,0,0,33
09/22/2001,ORH,MA,ANE,EN,Federal Contract Tower,2,15,19,0,36,0,0,4,0,4,2,15,23,0,40,6,2,8,48
09/23/2001,ORH,MA,ANE,EN,Federal Contract Tower,2,15,31,0,48,0,0,46,0,46,2,15,77,0,94,60,0,60,154
09/24/2001,ORH,MA,ANE,EN,Federal Contract Tower,2,17,18,0,37,0,0,21,2,23,2,17,39,2,60,14,0,14,74
09/25/2001,ORH,MA,ANE,EN,Federal Contract Tower,0,21,9,0,30,0,0,0,0,0,0,21,9,0,30,0,0,0,30
09/26/2001,ORH,MA,ANE,EN,Federal Contract Tower,2,13,19,0,34,0,0,69,0,69,2,13,88,0,103,88,0,88,191
09/27/2001,ORH,MA,ANE,EN,Federal Contract Tower,2,15,20,0,37,0,0,65,0,65,2,15,85,0,102,82,0,82,184
09/28/2001,ORH,MA,ANE,EN,Federal Contract Tower,2,14,35,0,51,0,0,24,0,24,2,14,59,0,75,16,0,16,91
09/29/2001,ORH,MA,ANE,EN,Federal Contract Tower,2,11,19,0,32,0,0,65,0,65,2,11,84,0,97,92,0,92,189
09/30/2001,ORH,MA,ANE,EN,Federal Contract Tower,2,12,22,0,36,0,0,34,0,34,2,12,56,0,70,124,0,124,194
10/01/2001,ORH,MA,ANE,EN,Federal Contract Tower,2,13,16,0,31,0,0,50,0,50,2,13,66,0,81,38,0,38,119
10/02/2001,ORH,MA,ANE,EN,Federal Contract Tower,0,18,20,2,40,0,0,69,0,69,0,18,89,2,109,54,0,54,163
10/03/2001,ORH,MA,ANE,EN,Federal Contract Tower,2,14,26,0,42,0,0,53,0,53,2,14,79,0,95,74,0,74,169
10/04/2001,ORH,MA,ANE,EN,Federal Contract Tower,2,17,23,0,42,0,0,41,0,41,2,17,64,0,83,60,0,60,143
10/05/2001,ORH,MA,ANE,EN,Federal Contract Tower,2,13,25,1,41,0,0,80,0,80,2,13,105,1,121,48,0,48,169
10/06/2001,ORH,MA,ANE,EN,Federal Contract Tower,2,13,9,1,25,0,0,18,0,18,2,13,27,1,43,0,0,0,43
10/07/2001,ORH,MA,ANE,EN,Federal Contract Tower,2,12,9,0,23,0,0,51,0,51,2,12,60,0,74,58,0,58,132
10/08/2001,ORH,MA,ANE,EN,Federal Contract Tower,4,15,9,0,28,0,0,47,0,47,4,15,56,0,75,54,0,54,129
10/09/2001,ORH,MA,ANE,EN,Federal Contract Tower,0,14,17,0,31,0,0,86,0,86,0,14,103,0,117,86,0,86,203
10/10/2001,ORH,MA,ANE,EN,Federal Contract Tower,4,13,25,2,44,0,0,45,0,45,4,13,70,2,89,58,0,58,147
10/11/2001,ORH,MA,ANE,EN,Federal Contract Tower,4,14,25,0,43,0,0,53,0,53,4,14,78,0,96,52,0,52,148
10/12/2001,ORH,MA,ANE,EN,Federal Contract Tower,4,15,23,0,42,0,0,60,1,61,4,15,83,1,103,48,0,48,151
10/13/2001,ORH,MA,ANE,EN,Federal Contract Tower,0,13,12,0,25,0,0,0,0,0,0,13,12,0,25,0,0,0,25
10/14/2001,ORH,MA,ANE,EN,Federal Contract Tower,0,9,9,0,18,0,0,0,0,0,0,9,9,0,18,0,0,0,18
10/15/2001,ORH,MA,ANE,EN,Federal Contract Tower,4,13,9,4,30,0,0,23,0,23,4,13,32,4,53,28,0,28,81
10/16/2001,ORH,MA,ANE,EN,Federal Contract Tower,0,15,22,0,37,0,0,63,0,63,0,15,85,0,100,92,0,92,192
10/17/2001,ORH,MA,ANE,EN,Federal Contract Tower,4,17,17,0,38,0,0,24,0,24,4,17,41,0,62,22,0,22,84
10/18/2001,ORH,MA,ANE,EN,Federal Contract Tower,4,14,20,0,38,0,0,40,0,40,4,14,60,0,78,64,0,64,142
10/19/2001,ORH,MA,ANE,EN,Federal Contract Tower,4,13,29,0,46,0,0,96,2,98,4,13,125,2,144,60,2,62,206
10/20/2001,ORH,MA,ANE,EN,Federal Contract Tower,4,11,19,0,34,0,0,91,0,91,4,11,110,0,125,118,0,118,243
10/21/2001,ORH,MA,ANE,EN,Federal Contract Tower,4,12,22,0,38,0,0,85,0,85,4,12,107,0,123,70,0,70,193
10/22/2001,ORH,MA,ANE,EN,Federal Contract Tower,4,11,11,0,26,0,0,41,0,41,4,11,52,0,67,14,0,14,81
10/23/2001,ORH,MA,ANE,EN,Federal Contract Tower,0,13,23,0,36,0,0,33,0,33,0,13,56,0,69,40,0,40,109
10/24/2001,ORH,MA,ANE,EN,Federal Contract Tower,2,10,20,0,32,0,0,49,0,49,2,10,69,0,81,74,0,74,155
10/25/2001,ORH,MA,ANE,EN,Federal Contract Tower,4,13,28,0,45,0,0,9,0,9,4,13,37,0,54,14,0,14,68
10/26/2001,ORH,MA,ANE,EN,Federal Contract Tower,4,15,23,0,42,0,0,59,2,61,4,15,82,2,103,52,0,52,155
10/27/2001,ORH,MA,ANE,EN,Federal Contract Tower,4,12,7,0,23,0,0,71,0,71,4,12,78,0,94,92,0,92,186
10/28/2001,ORH,MA,ANE,EN,Federal Contract Tower,4,13,22,0,39,0,0,74,0,74,4,13,96,0,113,118,0,118,231
10/29/2001,ORH,MA,ANE,EN,Federal Contract Tower,4,13,13,0,30,0,0,43,0,43,4,13,56,0,73,66,0,66,139
10/30/2001,ORH,MA,ANE,EN,Federal Contract Tower,0,16,9,0,25,0,0,58,0,58,0,16,67,0,83,78,0,78,161
10/31/2001,ORH,MA,ANE,EN,Federal Contract Tower,4,13,17,0,34,0,0,47,0,47,4,13,64,0,81,44,0,44,125
11/01/2001,ORH,MA,ANE,EN,Federal Contract Tower,3,8,10,2,23,0,1,46,0,47,3,9,56,2,70,40,0,40,110
11/02/2001,ORH,MA,ANE,EN,Federal Contract Tower,4,12,15,0,31,0,1,57,0,58,4,13,72,0,89,46,0,46,135
11/03/2001,ORH,MA,ANE,EN,Federal Contract Tower,3,8,17,0,28,0,1,54,0,55,3,9,71,0,83,120,0,120,203
11/04/2001,ORH,MA,ANE,EN,Federal Contract Tower,4,4,21,0,29,0,1,90,0,91,4,5,111,0,120,152,0,152,272
11/05/2001,ORH,MA,ANE,EN,Federal Contract Tower,4,9,19,0,32,0,0,24,0,24,4,9,43,0,56,18,0,18,74
11/06/2001,ORH,MA,ANE,EN,Federal Contract Tower,0,11,17,0,28,0,0,24,0,24,0,11,41,0,52,20,0,20,72
11/07/2001,ORH,MA,ANE,EN,Federal Contract Tower,5,10,14,0,29,0,0,36,0,36,5,10,50,0,65,44,0,44,109
11/08/2001,ORH,MA,ANE,EN,Federal Contract Tower,4,11,22,0,37,0,0,70,2,72,4,11,92,2,109,76,2,78,187
11/09/2001,ORH,MA,ANE,EN,Federal Contract Tower,4,11,13,2,30,0,0,27,0,27,4,11,40,2,57,10,0,10,67
11/10/2001,ORH,MA,ANE,EN,Federal Contract Tower,4,9,14,0,27,0,4,67,0,71,4,13,81,0,98,96,0,96,194
11/11/2001,ORH,MA,ANE,EN,Federal Contract Tower,4,8,10,0,22,0,0,49,0,49,4,8,59,0,71,54,0,54,125
11/12/2001,ORH,MA,ANE,EN,Federal Contract Tower,4,11,18,0,33,0,0,29,0,29,4,11,47,0,62,76,0,76,138
11/13/2001,ORH,MA,ANE,EN,Federal Contract Tower,0,9,8,0,17,0,0,60,0,60,0,9,68,0,77,80,0,80,157
11/14/2001,ORH,MA,ANE,EN,Federal Contract Tower,3,9,20,0,32,2,0,69,0,71,5,9,89,0,103,62,0,62,165
11/15/2001,ORH,MA,ANE,EN,Federal Contract Tower,4,11,19,2,36,0,0,39,0,39,4,11,58,2,75,76,2,78,153
11/16/2001,ORH,MA,ANE,EN,Federal Contract Tower,2,10,21,0,33,0,0,67,2,69,2,10,88,2,102,44,0,44,146
11/17/2001,ORH,MA,ANE,EN,Federal Contract Tower,4,9,17,2,32,0,0,101,0,101,4,9,118,2,133,144,8,152,285
11/18/2001,ORH,MA,ANE,EN,Federal Contract Tower,4,9,27,0,40,0,0,96,0,96,4,9,123,0,136,116,0,116,252
11/19/2001,ORH,MA,ANE,EN,Federal Contract Tower,4,11,19,0,34,0,0,27,0,27,4,11,46,0,61,30,0,30,91
11/20/2001,ORH,MA,ANE,EN,Federal Contract Tower,2,12,21,0,35,0,0,22,0,22,2,12,43,0,57,58,0,58,115
11/21/2001,ORH,MA,ANE,EN,Federal Contract Tower,3,9,24,2,38,0,0,91,0,91,3,9,115,2,129,82,0,82,211
11/22/2001,ORH,MA,ANE,EN,Federal Contract Tower,4,10,6,0,20,0,0,33,0,33,4,10,39,0,53,32,0,32,85
11/23/2001,ORH,MA,ANE,EN,Federal Contract Tower,4,11,16,0,31,0,0,60,0,60,4,11,76,0,91,90,0,90,181
11/24/2001,ORH,MA,ANE,EN,Federal Contract Tower,0,4,4,0,8,0,0,0,0,0,0,4,4,0,8,4,0,4,12
11/25/2001,ORH,MA,ANE,EN,Federal Contract Tower,2,8,22,0,32,0,0,0,0,0,2,8,22,0,32,0,0,0,32
11/26/2001,ORH,MA,ANE,EN,Federal Contract Tower,4,9,35,0,48,0,0,30,0,30,4,9,65,0,78,42,0,42,120
11/27/2001,ORH,MA,ANE,EN,Federal Contract Tower,2,10,19,0,31,0,0,47,0,47,2,10,66,0,78,76,0,76,154
11/28/2001,ORH,MA,ANE,EN,Federal Contract Tower,2,14,13,0,29,0,0,42,0,42,2,14,55,0,71,100,0,100,171
11/29/2001,ORH,MA,ANE,EN,Federal Contract Tower,0,8,10,0,18,0,0,0,0,0,0,8,10,0,18,0,0,0,18
11/30/2001,ORH,MA,ANE,EN,Federal Contract Tower,0,2,10,0,12,0,0,0,0,0,0,2,10,0,12,0,0,0,12
12/01/2001,ORH,MA,ANE,EN,Federal Contract Tower,4,9,16,0,29,0,0,78,0,78,4,9,94,0,107,126,4,130,237
12/02/2001,ORH,MA,ANE,EN,Federal Contract Tower,4,10,28,0,42,0,0,62,0,62,4,10,90,0,104,122,0,122,226
12/03/2001,ORH,MA,ANE,EN,Federal Contract Tower,4,11,18,0,33,0,0,40,0,40,4,11,58,0,73,68,0,68,141
12/04/2001,ORH,MA,ANE,EN,Federal Contract Tower,0,10,17,0,27,0,0,68,0,68,0,10,85,0,95,114,0,114,209
12/05/2001,ORH,MA,ANE,EN,Federal Contract Tower,2,13,15,4,34,0,0,82,0,82,2,13,97,4,116,102,0,102,218
12/06/2001,ORH,MA,ANE,EN,Federal Contract Tower,4,12,29,0,45,0,0,44,0,44,4,12,73,0,89,76,0,76,165
12/07/2001,ORH,MA,ANE,EN,Federal Contract Tower,4,11,11,2,28,0,0,109,0,109,4,11,120,2,137,94,0,94,231
12/08/2001,ORH,MA,ANE,EN,Federal Contract Tower,4,11,22,2,39,0,0,96,0,96,4,11,118,2,135,128,2,130,265
12/09/2001,ORH,MA,ANE,EN,Federal Contract Tower,0,7,0,0,7,0,0,2,0,2,0,7,2,0,9,6,0,6,15
12/10/2001,ORH,MA,ANE,EN,Federal Contract Tower,4,11,6,0,21,0,0,22,0,22,4,11,28,0,43,58,0,58,101
12/11/2001,ORH,MA,ANE,EN,Federal Contract Tower,0,9,15,0,24,0,0,45,0,45,0,9,60,0,69,72,0,72,141
12/12/2001,ORH,MA,ANE,EN,Federal Contract Tower,4,11,26,1,42,0,0,29,2,31,4,11,55,3,73,86,6,92,165
12/13/2001,ORH,MA,ANE,EN,Federal Contract Tower,2,6,6,0,14,0,0,0,0,0,2,6,6,0,14,0,0,0,14
12/14/2001,ORH,MA,ANE,EN,Federal Contract Tower,4,7,15,1,27,0,0,4,0,4,4,7,19,1,31,18,0,18,49
12/15/2001,ORH,MA,ANE,EN,Federal Contract Tower,4,9,17,0,30,0,0,11,0,11,4,9,28,0,41,32,0,32,73
12/16/2001,ORH,MA,ANE,EN,Federal Contract Tower,4,8,31,0,43,0,0,76,0,76,4,8,107,0,119,88,0,88,207
12/17/2001,ORH,MA,ANE,EN,Federal Contract Tower,2,9,9,0,20,0,0,0,0,0,2,9,9,0,20,0,0,0,20
12/18/2001,ORH,MA,ANE,EN,Federal Contract Tower,2,12,16,0,30,2,2,1,0,5,4,14,17,0,35,2,0,2,37
12/19/2001,ORH,MA,ANE,EN,Federal Contract Tower,4,9,13,0,26,0,0,54,0,54,4,9,67,0,80,70,0,70,150
12/20/2001,ORH,MA,ANE,EN,Federal Contract Tower,4,14,15,0,33,0,0,0,0,0,4,14,15,0,33,8,0,8,41
12/21/2001,ORH,MA,ANE,EN,Federal Contract Tower,3,13,15,2,33,0,0,32,0,32,3,13,47,2,65,20,4,24,89
12/22/2001,ORH,MA,ANE,EN,Federal Contract Tower,4,9,15,0,28,0,0,84,0,84,4,9,99,0,112,74,0,74,186
12/23/2001,ORH,MA,ANE,EN,Federal Contract Tower,4,8,14,0,26,0,0,78,0,78,4,8,92,0,104,92,0,92,196
12/24/2001,ORH,MA,ANE,EN,Federal Contract Tower,4,9,6,0,19,0,0,1,0,1,4,9,7,0,20,0,0,0,20
12/25/2001,ORH,MA,ANE,EN,Federal Contract Tower,0,9,7,0,16,0,0,24,0,24,0,9,31,0,40,18,0,18,58
12/26/2001,ORH,MA,ANE,EN,Federal Contract Tower,2,9,10,0,21,0,0,55,0,55,2,9,65,0,76,92,0,92,168
12/27/2001,ORH,MA,ANE,EN,Federal Contract Tower,4,11,13,0,28,0,0,61,0,61,4,11,74,0,89,88,0,88,177
12/28/2001,ORH,MA,ANE,EN,Federal Contract Tower,4,9,12,0,25,0,0,66,0,66,4,9,78,0,91,84,0,84,175
12/29/2001,ORH,MA,ANE,EN,Federal Contract Tower,4,9,26,0,39,0,0,66,0,66,4,9,92,0,105,64,0,64,169
12/30/2001,ORH,MA,ANE,EN,Federal Contract Tower,2,8,12,0,22,0,0,52,0,52,2,8,64,0,74,54,0,54,128
12/31/2001,ORH,MA,ANE,EN,Federal Contract Tower,2,9,3,0,14,0,0,35,0,35,2,9,38,0,49,14,0,14,63
01/01/2002,ORH,MA,ANE,EN,Federal Contract Tower,2,10,8,0,20,0,0,37,0,37,2,10,45,0,57,28,0,28,85
01/02/2002,ORH,MA,ANE,EN,Federal Contract Tower,2,9,11,0,22,0,0,28,2,30,2,9,39,2,52,24,4,28,80
01/03/2002,ORH,MA,ANE,EN,Federal Contract Tower,3,8,11,0,22,0,0,55,0,55,3,8,66,0,77,74,2,76,153
01/04/2002,ORH,MA,ANE,EN,Federal Contract Tower,2,11,4,0,17,0,0,64,0,64,2,11,68,0,81,84,0,84,165
01/05/2002,ORH,MA,ANE,EN,Federal Contract Tower,4,9,8,0,21,0,0,83,0,83,4,9,91,0,104,120,0,120,224
01/06/2002,ORH,MA,ANE,EN,Federal Contract Tower,2,9,13,0,24,0,0,72,0,72,2,9,85,0,96,92,0,92,188
01/07/2002,ORH,MA,ANE,EN,Federal Contract Tower,2,8,5,0,15,0,0,0,0,0,2,8,5,0,15,0,0,0,15
01/08/2002,ORH,MA,ANE,EN,Federal Contract Tower,0,9,9,0,18,0,0,29,0,29,0,9,38,0,47,38,4,42,89
01/09/2002,ORH,MA,ANE,EN,Federal Contract Tower,4,8,11,0,23,0,0,13,0,13,4,8,24,0,36,12,0,12,48
01/10/2002,ORH,MA,ANE,EN,Federal Contract Tower,4,8,12,0,24,0,0,41,0,41,4,8,53,0,65,38,0,38,103
01/11/2002,ORH,MA,ANE,EN,Federal Contract Tower,4,9,11,2,26,0,0,25,2,27,4,9,36,4,53,22,0,22,75
01/12/2002,ORH,MA,ANE,EN,Federal Contract Tower,4,9,3,2,18,0,0,118,6,124,4,9,121,8,142,156,4,160,302
01/13/2002,ORH,MA,ANE,EN,Federal Contract Tower,4,7,1,0,12,0,0,0,0,0,4,7,1,0,12,0,0,0,12
01/14/2002,ORH,MA,ANE,EN,Federal Contract Tower,3,8,15,0,26,0,0,58,0,58,3,8,73,0,84,66,0,66,150
01/15/2002,ORH,MA,ANE,EN,Federal Contract Tower,0,8,5,0,13,0,0,0,0,0,0,8,5,0,13,6,0,6,19
01/16/2002,ORH,MA,ANE,EN,Federal Contract Tower,4,10,11,0,25,0,0,58,2,60,4,10,69,2,85,82,4,86,171
01/17/2002,ORH,MA,ANE,EN,Federal Contract Tower,2,12,10,0,24,0,0,10,1,11,2,12,20,1,35,10,0,10,45
01/18/2002,ORH,MA,ANE,EN,Federal Contract Tower,2,10,21,2,35,0,0,65,0,65,2,10,86,2,100,74,0,74,174
01/19/2002,ORH,MA,ANE,EN,Federal Contract Tower,2,9,10,0,21,0,0,74,0,74,2,9,84,0,95,112,0,112,207
01/20/2002,ORH,MA,ANE,EN,Federal Contract Tower,6,8,8,0,22,0,0,55,0,55,6,8,63,0,77,68,0,68,145
01/21/2002,ORH,MA,ANE,EN,Federal Contract Tower,3,14,6,0,23,0,0,19,0,19,3,14,25,0,42,34,0,34,76
01/22/2002,ORH,MA,ANE,EN,Federal Contract Tower,0,11,18,0,29,0,2,46,0,48,0,13,64,0,77,54,0,54,131
01/23/2002,ORH,MA,ANE,EN,Federal Contract Tower,4,11,21,0,36,0,0,22,0,22,4,11,43,0,58,32,0,32,90
01/24/2002,ORH,MA,ANE,EN,Federal Contract Tower,2,13,8,0,23,0,0,3,0,3,2,13,11,0,26,0,0,0,26
01/25/2002,ORH,MA,ANE,EN,Federal Contract Tower,2,13,21,0,36,0,0,57,0,57,2,13,78,0,93,78,0,78,171
01/26/2002,ORH,MA,ANE,EN,Federal Contract Tower,4,8,17,0,29,0,0,80,4,84,4,8,97,4,113,70,0,70,183
01/27/2002,ORH,MA,ANE,EN,Federal Contract Tower,4,8,12,0,24,0,0,116,0,116,4,8,128,0,140,182,0,182,322
01/28/2002,ORH,MA,ANE,EN,Federal Contract Tower,4,9,10,0,23,0,0,39,0,39,4,9,49,0,62,68,0,68,130
01/29/2002,ORH,MA,ANE,EN,Federal Contract Tower,0,17,26,0,43,0,2,70,0,72,0,19,96,0,115,88,0,88,203
01/30/2002,ORH,MA,ANE,EN,Federal Contract Tower,1,15,6,0,22,0,0,0,0,0,1,15,6,0,22,0,0,0,22
01/31/2002,ORH,MA,ANE,EN,Federal Contract Tower,2,8,4,2,16,0,0,0,0,0,2,8,4,2,16,0,0,0,16
02/01/2002,ORH,MA,ANE,EN,Federal Contract Tower,0,4,5,0,9,0,0,1,0,1,0,4,6,0,10,0,0,0,10
02/02/2002,ORH,MA,ANE,EN,Federal Contract Tower,4,8,13,0,25,0,0,21,0,21,4,8,34,0,46,34,0,34,80
02/03/2002,ORH,MA,ANE,EN,Federal Contract Tower,3,8,5,0,16,0,0,70,0,70,3,8,75,0,86,78,0,78,164
02/04/2002,ORH,MA,ANE,EN,Federal Contract Tower,4,11,9,2,26,0,0,35,0,35,4,11,44,2,61,50,0,50,111
02/05/2002,ORH,MA,ANE,EN,Federal Contract Tower,0,11,20,0,31,0,0,40,0,40,0,11,60,0,71,44,0,44,115
02/06/2002,ORH,MA,ANE,EN,Federal Contract Tower,4,8,9,0,21,0,0,75,0,75,4,8,84,0,96,54,0,54,150
02/07/2002,ORH,MA,ANE,EN,Federal Contract Tower,4,8,3,0,15,0,0,40,0,40,4,8,43,0,55,72,0,72,127
02/08/2002,ORH,MA,ANE,EN,Federal Contract Tower,2,7,11,0,20,0,0,87,0,87,2,7,98,0,107,76,0,76,183
02/09/2002,ORH,MA,ANE,EN,Federal Contract Tower,4,8,17,0,29,0,0,128,2,130,4,8,145,2,159,112,2,114,273
02/10/2002,ORH,MA,ANE,EN,Federal Contract Tower,2,7,5,0,14,0,0,20,2,22,2,7,25,2,36,40,4,44,80
02/11/2002,ORH,MA,ANE,EN,Federal Contract Tower,4,8,13,0,25,0,0,7,0,7,4,8,20,0,32,12,0,12,44
02/12/2002,ORH,MA,ANE,EN,Federal Contract Tower,4,11,17,0,32,0,0,25,0,25,4,11,42,0,57,26,0,26,83
02/13/2002,ORH,MA,ANE,EN,Federal Contract Tower,2,8,11,0,21,0,0,36,0,36,2,8,47,0,57,14,0,14,71
02/14/2002,ORH,MA,ANE,EN,Federal Contract Tower,4,8,14,0,26,0,0,62,0,62,4,8,76,0,88,68,0,68,156
02/15/2002,ORH,MA,ANE,EN,Federal Contract Tower,4,8,8,0,20,0,0,32,2,34,4,8,40,2,54,44,4,48,102
02/16/2002,ORH,MA,ANE,EN,Federal Contract Tower,4,9,15,0,28,0,0,67,0,67,4,9,82,0,95,158,0,158,253
02/17/2002,ORH,MA,ANE,EN,Federal Contract Tower,4,6,3,0,13,0,1,2,0,3,4,7,5,0,16,2,0,2,18
02/18/2002,ORH,MA,ANE,EN,Federal Contract Tower,4,8,11,1,24,0,0,77,1,78,4,8,88,2,102,98,0,98,200
02/19/2002,ORH,MA,ANE,EN,Federal Contract Tower,4,9,8,0,21,0,0,80,0,80,4,9,88,0,101,84,0,84,185
02/20/2002,ORH,MA,ANE,EN,Federal Contract Tower,4,6,13,0,23,0,0,57,0,57,4,6,70,0,80,82,0,82,162
02/21/2002,ORH,MA,ANE,EN,Federal Contract Tower,3,12,10,1,26,0,0,24,0,24,3,12,34,1,50,30,0,30,80
02/22/2002,ORH,MA,ANE,EN,Federal Contract Tower,2,14,15,2,33,2,0,52,0,54,4,14,67,2,87,58,0,58,145
02/23/2002,ORH,MA,ANE,EN,Federal Contract Tower,3,9,17,2,31,0,0,85,2,87,3,9,102,4,118,112,8,120,238
02/24/2002,ORH,MA,ANE,EN,Federal Contract Tower,4,7,17,0,28,0,0,138,2,140,4,7,155,2,168,200,0,200,368
02/25/2002,ORH,MA,ANE,EN,Federal Contract Tower,4,9,11,0,24,0,0,57,0,57,4,9,68,0,81,74,0,74,155
02/26/2002,ORH,MA,ANE,EN,Federal Contract Tower,4,9,11,0,24,0,0,45,0,45,4,9,56,0,69,20,0,20,89
02/27/2002,ORH,MA,ANE,EN,Federal Contract Tower,4,6,7,0,17,0,0,13,0,13,4,6,20,0,30,32,0,32,62
02/28/2002,ORH,MA,ANE,EN,Federal Contract Tower,4,8,14,0,26,0,0,26,0,26,4,8,40,0,52,26,0,26,78
03/01/2002,ORH,MA,ANE,EN,Federal Contract Tower,4,8,17,0,29,0,0,74,0,74,4,8,91,0,103,68,0,68,171
03/02/2002,ORH,MA,ANE,EN,Federal Contract Tower,4,8,12,0,24,0,0,104,0,104,4,8,116,0,128,98,0,98,226
03/03/2002,ORH,MA,ANE,EN,Federal Contract Tower,6,9,7,0,22,0,0,1,0,1,6,9,8,0,23,0,0,0,23
03/04/2002,ORH,MA,ANE,EN,Federal Contract Tower,4,9,4,0,17,0,0,42,0,42,4,9,46,0,59,36,0,36,95
03/05/2002,ORH,MA,ANE,EN,Federal Contract Tower,0,9,8,0,17,0,0,57,0,57,0,9,65,0,74,74,0,74,148
03/06/2002,ORH,MA,ANE,EN,Federal Contract Tower,4,10,11,0,25,0,0,57,0,57,4,10,68,0,82,78,0,78,160
03/07/2002,ORH,MA,ANE,EN,Federal Contract Tower,0,8,15,0,23,0,0,73,0,73,0,8,88,0,96,116,0,116,212
03/08/2002,ORH,MA,ANE,EN,Federal Contract Tower,4,8,9,0,21,0,0,45,2,47,4,8,54,2,68,88,6,94,162
03/09/2002,ORH,MA,ANE,EN,Federal Contract Tower,0,8,10,0,18,0,0,58,2,60,0,8,68,2,78,42,10,52,130
03/10/2002,ORH,MA,ANE,EN,Federal Contract Tower,2,7,4,0,13,0,0,4,0,4,2,7,8,0,17,0,0,0,17
03/11/2002,ORH,MA,ANE,EN,Federal Contract Tower,3,11,20,0,34,0,0,30,0,30,3,11,50,0,64,44,0,44,108
03/12/2002,ORH,MA,ANE,EN,Federal Contract Tower,0,11,15,0,26,0,0,36,0,36,0,11,51,0,62,32,0,32,94
03/13/2002,ORH,MA,ANE,EN,Federal Contract Tower,2,9,23,0,34,0,0,29,0,29,2,9,52,0,63,58,0,58,121
03/14/2002,ORH,MA,ANE,EN,Federal Contract Tower,0,11,15,0,26,0,0,75,0,75,0,11,90,0,101,74,0,74,175
03/15/2002,ORH,MA,ANE,EN,Federal Contract Tower,3,11,22,0,36,0,0,22,0,22,3,11,44,0,58,42,0,42,100
03/16/2002,ORH,MA,ANE,EN,Federal Contract Tower,0,10,18,0,28,0,0,33,0,33,0,10,51,0,61,68,0,68,129
03/17/2002,ORH,MA,ANE,EN,Federal Contract Tower,4,8,13,0,25,0,0,110,0,110,4,8,123,0,135,176,0,176,311
03/18/2002,ORH,MA,ANE,EN,Federal Contract Tower,4,6,7,0,17,0,0,0,0,0,4,6,7,0,17,0,0,0,17
03/19/2002,ORH,MA,ANE,EN,Federal Contract Tower,0,9,22,0,31,0,0,0,0,0,0,9,22,0,31,0,0,0,31
03/20/2002,ORH,MA,ANE,EN,Federal Contract Tower,2,13,5,0,20,0,0,5,0,5,2,13,10,0,25,8,0,8,33
03/21/2002,ORH,MA,ANE,EN,Federal Contract Tower,0,8,16,5,29,0,1,60,0,61,0,9,76,5,90,80,4,84,174
03/22/2002,ORH,MA,ANE,EN,Federal Contract Tower,4,16,13,2,35,0,0,37,0,37,4,16,50,2,72,2,0,2,74
03/23/2002,ORH,MA,ANE,EN,Federal Contract Tower,0,8,10,0,18,0,0,45,0,45,0,8,55,0,63,62,0,62,125
03/24/2002,ORH,MA,ANE,EN,Federal Contract Tower,3,8,7,0,18,0,0,85,0,85,3,8,92,0,103,122,0,122,225
03/25/2002,ORH,MA,ANE,EN,Federal Contract Tower,5,7,12,0,24,0,0,60,0,60,5,7,72,0,84,128,0,128,212
03/26/2002,ORH,MA,ANE,EN,Federal Contract Tower,0,13,7,0,20,0,0,12,0,12,0,13,19,0,32,12,0,12,44
03/27/2002,ORH,MA,ANE,EN,Federal Contract Tower,4,9,8,0,21,0,0,34,0,34,4,9,42,0,55,32,0,32,87
03/28/2002,ORH,MA,ANE,EN,Federal Contract Tower,0,9,5,0,14,0,0,72,0,72,0,9,77,0,86,108,0,108,194
03/29/2002,ORH,MA,ANE,EN,Federal Contract Tower,4,7,13,0,24,0,0,99,2,101,4,7,112,2,125,108,0,108,233
03/30/2002,ORH,MA,ANE,EN,Federal Contract Tower,0,8,15,0,23,0,0,57,0,57,0,8,72,0,80,76,0,76,156
03/31/2002,ORH,MA,ANE,EN,Federal Contract Tower,4,6,12,0,22,0,0,54,0,54,4,6,66,0,76,86,0,86,162
04/01/2002,ORH,MA,ANE,EN,Federal Contract Tower,2,9,11,0,22,0,4,9,4,17,2,13,20,4,39,28,0,28,67
04/02/2002,ORH,MA,ANE,EN,Federal Contract Tower,0,8,6,0,14,0,0,77,0,77,0,8,83,0,91,68,2,70,161
04/03/2002,ORH,MA,ANE,EN,Federal Contract Tower,4,12,16,0,32,0,0,1,0,1,4,12,17,0,33,0,0,0,33
04/04/2002,ORH,MA,ANE,EN,Federal Contract Tower,0,9,11,1,21,0,0,62,1,63,0,9,73,2,84,110,0,110,194
04/05/2002,ORH,MA,ANE,EN,Federal Contract Tower,4,9,6,4,23,0,0,61,0,61,4,9,67,4,84,64,0,64,148
04/06/2002,ORH,MA,ANE,EN,Federal Contract Tower,0,8,5,0,13,0,0,71,2,73,0,8,76,2,86,54,2,56,142
04/07/2002,ORH,MA,ANE,EN,Federal Contract Tower,4,7,27,0,38,0,0,121,0,121,4,7,148,0,159,166,0,166,325
04/08/2002,ORH,MA,ANE,EN,Federal Contract Tower,2,8,9,0,19,0,0,45,0,45,2,8,54,0,64,62,0,62,126
04/09/2002,ORH,MA,ANE,EN,Federal Contract Tower,0,11,13,2,26,0,0,24,0,24,0,11,37,2,50,22,0,22,72
04/10/2002,ORH,MA,ANE,EN,Federal Contract Tower,4,10,15,0,29,0,0,51,4,55,4,10,66,4,84,56,0,56,140
04/11/2002,ORH,MA,ANE,EN,Federal Contract Tower,0,8,22,0,30,0,0,47,0,47,0,8,69,0,77,84,0,84,161
04/12/2002,ORH,MA,ANE,EN,Federal Contract Tower,4,9,10,2,25,0,0,59,0,59,4,9,69,2,84,58,0,58,142
04/13/2002,ORH,MA,ANE,EN,Federal Contract Tower,2,8,16,0,26,0,0,27,0,27,2,8,43,0,53,34,0,34,87
04/14/2002,ORH,MA,ANE,EN,Federal Contract Tower,6,8,19,0,33,0,0,76,0,76,6,8,95,0,109,148,0,148,257
04/15/2002,ORH,MA,ANE,EN,Federal Contract Tower,2,6,13,1,22,0,0,18,0,18,2,6,31,1,40,20,0,20,60
04/16/2002,ORH,MA,ANE,EN,Federal Contract Tower,2,12,12,0,26,0,0,67,0,67,2,12,79,0,93,82,0,82,175
04/17/2002,ORH,MA,ANE,EN,Federal Contract Tower,2,10,18,0,30,0,0,80,0,80,2,10,98,0,110,94,0,94,204
04/18/2002,ORH,MA,ANE,EN,Federal Contract Tower,0,10,15,1,26,0,0,61,0,61,0,10,76,1,87,64,0,64,151
04/19/2002,ORH,MA,ANE,EN,Federal Contract Tower,2,9,7,12,30,0,0,42,0,42,2,9,49,12,72,26,0,26,98
04/20/2002,ORH,MA,ANE,EN,Federal Contract Tower,2,8,31,0,41,0,0,93,2,95,2,8,124,2,136,156,8,164,300
04/21/2002,ORH,MA,ANE,EN,Federal Contract Tower,3,7,11,0,21,0,0,95,0,95,3,7,106,0,116,162,12,174,290
04/22/2002,ORH,MA,ANE,EN,Federal Contract Tower,4,10,12,0,26,0,0,0,0,0,4,10,12,0,26,0,0,0,26
04/23/2002,ORH,MA,ANE,EN,Federal Contract Tower,0,11,21,0,32,0,0,32,0,32,0,11,53,0,64,48,0,48,112
04/24/2002,ORH,MA,ANE,EN,Federal Contract Tower,4,13,8,0,25,0,0,105,0,105,4,13,113,0,130,156,0,156,286
04/25/2002,ORH,MA,ANE,EN,Federal Contract Tower,0,10,7,0,17,0,0,39,0,39,0,10,46,0,56,58,0,58,114
04/26/2002,ORH,MA,ANE,EN,Federal Contract Tower,4,8,22,8,42,0,0,60,0,60,4,8,82,8,102,66,0,66,168
04/27/2002,ORH,MA,ANE,EN,Federal Contract Tower,0,9,16,0,25,0,1,111,0,112,0,10,127,0,137,144,0,144,281
04/28/2002,ORH,MA,ANE,EN,Federal Contract Tower,2,9,6,0,17,0,0,2,0,2,2,9,8,0,19,2,0,2,21
04/29/2002,ORH,MA,ANE,EN,Federal Contract Tower,3,10,12,0,25,0,0,0,0,0,3,10,12,0,25,80,0,80,105
04/30/2002,ORH,MA,ANE,EN,Federal Contract Tower,0,8,25,0,33,0,0,30,0,30,0,8,55,0,63,36,0,36,99
05/01/2002,ORH,MA,ANE,EN,Federal Contract Tower,0,9,9,0,18,0,0,75,0,75,0,9,84,0,93,74,0,74,167
05/02/2002,ORH,MA,ANE,EN,Federal Contract Tower,0,8,9,0,17,0,0,2,0,2,0,8,11,0,19,0,0,0,19
05/03/2002,ORH,MA,ANE,EN,Federal Contract Tower,0,6,14,0,20,0,0,40,2,42,0,6,54,2,62,16,0,16,78
05/04/2002,ORH,MA,ANE,EN,Federal Contract Tower,0,8,25,0,33,0,0,84,0,84,0,8,109,0,117,118,0,118,235
05/05/2002,ORH,MA,ANE,EN,Federal Contract Tower,0,12,13,0,25,0,0,143,0,143,0,12,156,0,168,238,0,238,406
05/06/2002,ORH,MA,ANE,EN,Federal Contract Tower,0,9,12,0,21,0,0,80,0,80,0,9,92,0,101,70,0,70,171
05/07/2002,ORH,MA,ANE,EN,Federal Contract Tower,0,10,13,0,23,0,0,57,0,57,0,10,70,0,80,88,0,88,168
05/08/2002,ORH,MA,ANE,EN,Federal Contract Tower,0,10,13,0,23,0,0,64,14,78,0,10,77,14,101,104,0,104,205
05/09/2002,ORH,MA,ANE,EN,Federal Contract Tower,0,11,11,0,22,0,0,23,0,23,0,11,34,0,45,80,0,80,125
05/10/2002,ORH,MA,ANE,EN,Federal Contract Tower,0,8,12,0,20,0,0,42,0,42,0,8,54,0,62,62,0,62,124
05/11/2002,ORH,MA,ANE,EN,Federal Contract Tower,0,8,9,0,17,0,0,65,0,65,0,8,74,0,82,102,0,102,184
05/12/2002,ORH,MA,ANE,EN,Federal Contract Tower,0,7,7,0,14,0,0,29,0,29,0,7,36,0,43,70,0,70,113
05/13/2002,ORH,MA,ANE,EN,Federal Contract Tower,0,8,7,0,15,0,0,0,0,0,0,8,7,0,15,0,0,0,15
05/14/2002,ORH,MA,ANE,EN,Federal Contract Tower,0,15,26,0,41,0,0,7,0,7,0,15,33,0,48,0,0,0,48
05/15/2002,ORH,MA,ANE,EN,Federal Contract Tower,0,16,14,0,30,0,0,31,0,31,0,16,45,0,61,0,0,0,61
05/16/2002,ORH,MA,ANE,EN,Federal Contract Tower,0,11,14,0,25,0,0,45,0,45,0,11,59,0,70,40,0,40,110
05/17/2002,ORH,MA,ANE,EN,Federal Contract Tower,0,7,11,0,18,0,0,53,0,53,0,7,64,0,71,74,0,74,145
05/18/2002,ORH,MA,ANE,EN,Federal Contract Tower,0,8,4,0,12,0,0,13,0,13,0,8,17,0,25,12,0,12,37
05/19/2002,ORH,MA,ANE,EN,Federal Contract Tower,2,8,25,0,35,0,0,153,0,153,2,8,178,0,188,142,0,142,330
05/20/2002,ORH,MA,ANE,EN,Federal Contract Tower,2,7,24,0,33,0,0,57,0,57,2,7,81,0,90,124,0,124,214
05/21/2002,ORH,MA,ANE,EN,Federal Contract Tower,0,11,13,0,24,0,0,58,0,58,0,11,71,0,82,146,0,146,228
05/22/2002,ORH,MA,ANE,EN,Federal Contract Tower,0,11,6,0,17,0,0,82,0,82,0,11,88,0,99,210,2,212,311
05/23/2002,ORH,MA,ANE,EN,Federal Contract Tower,0,12,5,0,17,0,0,80,0,80,0,12,85,0,97,70,0,70,167
05/24/2002,ORH,MA,ANE,EN,Federal Contract Tower,0,8,18,0,26,0,0,62,0,62,0,8,80,0,88,72,0,72,160
05/25/2002,ORH,MA,ANE,EN,Federal Contract Tower,0,6,15,0,21,0,0,100,0,100,0,6,115,0,121,124,0,124,245
05/26/2002,ORH,MA,ANE,EN,Federal Contract Tower,0,6,27,0,33,0,0,22,0,22,0,6,49,0,55,44,0,44,99
05/27/2002,ORH,MA,ANE,EN,Federal Contract Tower,0,10,16,0,26,0,0,56,0,56,0,10,72,0,82,60,8,68,150
05/28/2002,ORH,MA,ANE,EN,Federal Contract Tower,0,12,15,0,27,0,0,21,0,21,0,12,36,0,48,24,0,24,72
05/29/2002,ORH,MA,ANE,EN,Federal Contract Tower,0,8,18,0,26,0,0,38,0,38,0,8,56,0,64,46,0,46,110
05/30/2002,ORH,MA,ANE,EN,Federal Contract Tower,0,8,21,0,29,0,0,50,0,50,0,8,71,0,79,70,0,70,149
05/31/2002,ORH,MA,ANE,EN,Federal Contract Tower,0,10,17,0,27,0,0,43,4,47,0,10,60,4,74,42,0,42,116
06/01/2002,ORH,MA,ANE,EN,Federal Contract Tower,0,10,10,0,20,0,1,100,0,101,0,11,110,0,121,90,0,90,211
06/02/2002,ORH,MA,ANE,EN,Federal Contract Tower,0,12,6,0,18,0,1,46,0,47,0,13,52,0,65,70,0,70,135
06/03/2002,ORH,MA,ANE,EN,Federal Contract Tower,0,9,12,0,21,0,1,70,0,71,0,10,82,0,92,88,0,88,180
06/04/2002,ORH,MA,ANE,EN,Federal Contract Tower,0,6,11,0,17,0,1,76,0,77,0,7,87,0,94,74,0,74,168
06/05/2002,ORH,MA,ANE,EN,Federal Contract Tower,0,10,15,0,25,0,0,1,0,1,0,10,16,0,26,0,0,0,26
06/06/2002,ORH,MA,ANE,EN,Federal Contract Tower,0,10,15,0,25,0,0,0,0,0,0,10,15,0,25,0,0,0,25
06/07/2002,ORH,MA,ANE,EN,Federal Contract Tower,0,7,26,0,33,0,0,30,0,30,0,7,56,0,63,26,0,26,89
06/08/2002,ORH,MA,ANE,EN,Federal Contract Tower,0,8,22,0,30,0,0,97,2,99,0,8,119,2,129,174,0,174,303
06/09/2002,ORH,MA,ANE,EN,Federal Contract Tower,0,9,6,0,15,0,0,87,0,87,0,9,93,0,102,170,16,186,288
06/10/2002,ORH,MA,ANE,EN,Federal Contract Tower,0,10,9,0,19,0,0,111,0,111,0,10,120,0,130,116,2,118,248
06/11/2002,ORH,MA,ANE,EN,Federal Contract Tower,0,8,15,1,24,0,0,62,0,62,0,8,77,1,86,76,0,76,162
06/12/2002,ORH,MA,ANE,EN,Federal Contract Tower,0,5,9,0,14,0,0,0,0,0,0,5,9,0,14,0,0,0,14
06/13/2002,ORH,MA,ANE,EN,Federal Contract Tower,0,15,36,0,51,0,0,9,0,9,0,15,45,0,60,10,0,10,70
06/14/2002,ORH,MA,ANE,EN,Federal Contract Tower,0,10,21,0,31,0,0,3,0,3,0,10,24,0,34,0,0,0,34
06/15/2002,ORH,MA,ANE,EN,Federal Contract Tower,0,8,12,0,20,0,0,0,0,0,0,8,12,0,20,0,0,0,20
06/16/2002,ORH,MA,ANE,EN,Federal Contract Tower,0,11,23,0,34,0,0,0,0,0,0,11,23,0,34,0,0,0,34
06/17/2002,ORH,MA,ANE,EN,Federal Contract Tower,0,7,5,0,12,0,0,49,0,49,0,7,54,0,61,52,0,52,113
06/18/2002,ORH,MA,ANE,EN,Federal Contract Tower,0,11,16,0,27,0,2,79,0,81,0,13,95,0,108,54,0,54,162
06/19/2002,ORH,MA,ANE,EN,Federal Contract Tower,0,14,12,0,26,0,0,80,0,80,0,14,92,0,106,92,0,92,198
06/20/2002,ORH,MA,ANE,EN,Federal Contract Tower,0,9,15,0,24,0,0,110,0,110,0,9,125,0,134,122,0,122,256
06/21/2002,ORH,MA,ANE,EN,Federal Contract Tower,0,11,15,0,26,0,3,85,0,88,0,14,100,0,114,88,0,88,202
06/22/2002,ORH,MA,ANE,EN,Federal Contract Tower,0,8,24,2,34,0,0,36,0,36,0,8,60,2,70,96,0,96,166
06/23/2002,ORH,MA,ANE,EN,Federal Contract Tower,0,8,22,0,30,0,0,38,0,38,0,8,60,0,68,88,0,88,156
06/24/2002,ORH,MA,ANE,EN,Federal Contract Tower,0,8,13,3,24,0,0,72,1,73,0,8,85,4,97,82,2,84,181
06/25/2002,ORH,MA,ANE,EN,Federal Contract Tower,0,12,12,0,24,0,0,99,0,99,0,12,111,0,123,94,0,94,217
06/26/2002,ORH,MA,ANE,EN,Federal Contract Tower,0,11,22,1,34,0,0,67,0,67,0,11,89,1,101,72,0,72,173
06/27/2002,ORH,MA,ANE,EN,Federal Contract Tower,0,8,17,0,25,0,0,41,2,43,0,8,58,2,68,76,0,76,144
06/28/2002,ORH,MA,ANE,EN,Federal Contract Tower,0,11,26,0,37,0,0,78,0,78,0,11,104,0,115,119,0,119,234
06/29/2002,ORH,MA,ANE,EN,Federal Contract Tower,1,10,2,0,13,0,0,106,0,106,1,10,108,0,119,110,2,112,231
06/30/2002,ORH,MA,ANE,EN,Federal Contract Tower,0,11,13,0,24,0,0,121,0,121,0,11,134,0,145,236,0,236,381
07/01/2002,ORH,MA,ANE,EN,Federal Contract Tower,2,8,11,0,21,0,2,65,0,67,2,10,76,0,88,100,2,102,190
07/02/2002,ORH,MA,ANE,EN,Federal Contract Tower,0,9,35,2,46,0,1,78,2,81,0,10,113,4,127,126,6,132,259
07/03/2002,ORH,MA,ANE,EN,Federal Contract Tower,0,8,16,0,24,0,1,64,0,65,0,9,80,0,89,62,0,62,151
07/04/2002,ORH,MA,ANE,EN,Federal Contract Tower,0,9,6,0,15,0,1,66,0,67,0,10,72,0,82,72,0,72,154
07/05/2002,ORH,MA,ANE,EN,Federal Contract Tower,0,7,7,0,14,0,1,69,0,70,0,8,76,0,84,62,0,62,146
07/06/2002,ORH,MA,ANE,EN,Federal Contract Tower,0,8,14,0,22,0,0,94,0,94,0,8,108,0,116,126,0,126,242
07/07/2002,ORH,MA,ANE,EN,Federal Contract Tower,0,9,25,0,34,0,0,19,0,19,0,9,44,0,53,88,0,88,141
07/08/2002,ORH,MA,ANE,EN,Federal Contract Tower,0,10,12,0,22,0,0,77,2,79,0,10,89,2,101,88,0,88,189
07/09/2002,ORH,MA,ANE,EN,Federal Contract Tower,0,9,16,0,25,0,0,33,0,33,0,9,49,0,58,16,0,16,74
07/10/2002,ORH,MA,ANE,EN,Federal Contract Tower,0,10,9,0,19,0,0,89,2,91,0,10,98,2,110,100,0,100,210
07/11/2002,ORH,MA,ANE,EN,Federal Contract Tower,0,6,16,0,22,0,0,85,0,85,0,6,101,0,107,110,0,110,217
07/12/2002,ORH,MA,ANE,EN,Federal Contract Tower,0,9,12,0,21,0,0,107,4,111,0,9,119,4,132,132,0,132,264
07/13/2002,ORH,MA,ANE,EN,Federal Contract Tower,0,8,16,0,24,0,0,121,0,121,0,8,137,0,145,100,0,100,245
07/14/2002,ORH,MA,ANE,EN,Federal Contract Tower,0,6,7,0,13,0,0,127,0,127,0,6,134,0,140,122,0,122,262
07/15/2002,ORH,MA,ANE,EN,Federal Contract Tower,0,8,7,0,15,0,0,62,0,62,0,8,69,0,77,98,0,98,175
07/16/2002,ORH,MA,ANE,EN,Federal Contract Tower,0,10,15,0,25,0,0,58,0,58,0,10,73,0,83,74,0,74,157
07/17/2002,ORH,MA,ANE,EN,Federal Contract Tower,0,10,17,0,27,0,0,77,0,77,0,10,94,0,104,88,0,88,192
07/18/2002,ORH,MA,ANE,EN,Federal Contract Tower,0,8,19,0,27,0,0,65,4,69,0,8,84,4,96,76,0,76,172
07/19/2002,ORH,MA,ANE,EN,Federal Contract Tower,0,6,12,0,18,0,7,14,0,21,0,13,26,0,39,0,0,0,39
07/20/2002,ORH,MA,ANE,EN,Federal Contract Tower,0,7,27,0,34,0,0,39,0,39,0,7,66,0,73,60,0,60,133
07/21/2002,ORH,MA,ANE,EN,Federal Contract Tower,0,8,23,0,31,0,0,86,0,86,0,8,109,0,117,200,0,200,317
07/22/2002,ORH,MA,ANE,EN,Federal Contract Tower,0,8,26,0,34,0,0,42,0,42,0,8,68,0,76,62,0,62,138
07/23/2002,ORH,MA,ANE,EN,Federal Contract Tower,0,8,17,0,25,0,0,30,0,30,0,8,47,0,55,60,0,60,115
07/24/2002,ORH,MA,ANE,EN,Federal Contract Tower,0,10,29,0,39,0,0,73,0,73,0,10,102,0,112,112,0,112,224
07/25/2002,ORH,MA,ANE,EN,Federal Contract Tower,0,10,16,0,26,0,0,97,2,99,0,10,113,2,125,146,0,146,271
07/26/2002,ORH,MA,ANE,EN,Federal Contract Tower,0,8,22,0,30,0,0,84,0,84,0,8,106,0,114,136,0,136,250
07/27/2002,ORH,MA,ANE,EN,Federal Contract Tower,0,8,26,0,34,0,0,33,0,33,0,8,59,0,67,64,0,64,131
07/28/2002,ORH,MA,ANE,EN,Federal Contract Tower,0,9,10,0,19,0,0,2,0,2,0,9,12,0,21,0,0,0,21
07/29/2002,ORH,MA,ANE,EN,Federal Contract Tower,0,12,15,0,27,0,0,77,0,77,0,12,92,0,104,112,0,112,216
07/30/2002,ORH,MA,ANE,EN,Federal Contract Tower,0,10,18,4,32,0,0,109,0,109,0,10,127,4,141,176,0,176,317
07/31/2002,ORH,MA,ANE,EN,Federal Contract Tower,0,8,21,0,29,0,0,93,0,93,0,8,114,0,122,172,0,172,294
08/01/2002,ORH,MA,ANE,EN,Federal Contract Tower,0,8,13,0,21,0,3,86,0,89,0,11,99,0,110,127,1,128,238
08/02/2002,ORH,MA,ANE,EN,Federal Contract Tower,0,7,12,0,19,0,0,54,0,54,0,7,66,0,73,48,0,48,121
08/03/2002,ORH,MA,ANE,EN,Federal Contract Tower,0,9,14,0,23,0,0,112,0,112,0,9,126,0,135,148,8,156,291
08/04/2002,ORH,MA,ANE,EN,Federal Contract Tower,0,9,11,0,20,0,0,116,0,116,0,9,127,0,136,144,0,144,280
08/05/2002,ORH,MA,ANE,EN,Federal Contract Tower,2,5,12,0,19,0,0,25,0,25,2,5,37,0,44,14,0,14,58
08/06/2002,ORH,MA,ANE,EN,Federal Contract Tower,2,9,19,1,31,0,0,72,13,85,2,9,91,14,116,92,0,92,208
08/07/2002,ORH,MA,ANE,EN,Federal Contract Tower,0,9,17,0,26,0,0,86,6,92,0,9,103,6,118,144,0,144,262
08/08/2002,ORH,MA,ANE,EN,Federal Contract Tower,0,9,28,0,37,0,0,69,0,69,0,9,97,0,106,132,2,134,240
08/09/2002,ORH,MA,ANE,EN,Federal Contract Tower,0,9,14,2,25,0,0,94,0,94,0,9,108,2,119,106,2,108,227
08/10/2002,ORH,MA,ANE,EN,Federal Contract Tower,0,4,8,0,12,0,4,112,0,116,0,8,120,0,128,154,2,156,284
08/11/2002,ORH,MA,ANE,EN,Federal Contract Tower,0,7,5,0,12,0,0,113,0,113,0,7,118,0,125,208,0,208,333
08/12/2002,ORH,MA,ANE,EN,Federal Contract Tower,0,8,10,0,18,0,0,59,0,59,0,8,69,0,77,98,0,98,175
08/13/2002,ORH,MA,ANE,EN,Federal Contract Tower,0,9,22,0,31,0,0,58,0,58,0,9,80,0,89,82,0,82,171
08/14/2002,ORH,MA,ANE,EN,Federal Contract Tower,0,9,22,0,31,0,0,51,0,51,0,9,73,0,82,154,0,154,236
08/15/2002,ORH,MA,ANE,EN,Federal Contract Tower,0,8,16,0,24,0,0,46,0,46,0,8,62,0,70,118,0,118,188
08/16/2002,ORH,MA,ANE,EN,Federal Contract Tower,0,8,18,3,29,0,0,54,0,54,0,8,72,3,83,88,0,88,171
08/17/2002,ORH,MA,ANE,EN,Federal Contract Tower,0,9,7,0,16,0,0,83,0,83,0,9,90,0,99,134,0,134,233
08/18/2002,ORH,MA,ANE,EN,Federal Contract Tower,0,7,5,0,12,0,0,80,0,80,0,7,85,0,92,134,0,134,226
08/19/2002,ORH,MA,ANE,EN,Federal Contract Tower,0,6,9,0,15,0,0,99,0,99,0,6,108,0,114,110,0,110,224
08/20/2002,ORH,MA,ANE,EN,Federal Contract Tower,0,10,12,0,22,0,0,25,0,25,0,10,37,0,47,14,0,14,61
08/21/2002,ORH,MA,ANE,EN,Federal Contract Tower,0,8,10,0,18,0,0,112,0,112,0,8,122,0,130,184,2,186,316
08/22/2002,ORH,MA,ANE,EN,Federal Contract Tower,0,8,38,0,46,0,0,68,0,68,0,8,106,0,114,120,0,120,234
08/23/2002,ORH,MA,ANE,EN,Federal Contract Tower,0,8,18,0,26,0,0,55,0,55,0,8,73,0,81,58,0,58,139
08/24/2002,ORH,MA,ANE,EN,Federal Contract Tower,0,8,32,0,40,0,0,52,0,52,0,8,84,0,92,90,0,90,182
08/25/2002,ORH,MA,ANE,EN,Federal Contract Tower,0,7,5,0,12,0,0,100,0,100,0,7,105,0,112,102,0,102,214
08/26/2002,ORH,MA,ANE,EN,Federal Contract Tower,0,8,23,0,31,0,0,89,0,89,0,8,112,0,120,128,0,128,248
08/27/2002,ORH,MA,ANE,EN,Federal Contract Tower,2,10,5,0,17,0,0,107,0,107,2,10,112,0,124,170,0,170,294
08/28/2002,ORH,MA,ANE,EN,Federal Contract Tower,0,10,17,0,27,0,0,97,0,97,0,10,114,0,124,172,0,172,296
08/29/2002,ORH,MA,ANE,EN,Federal Contract Tower,0,13,43,0,56,0,0,0,0,0,0,13,43,0,56,0,0,0,56
08/30/2002,ORH,MA,ANE,EN,Federal Contract Tower,0,14,28,0,42,0,0,47,0,47,0,14,75,0,89,56,0,56,145
08/31/2002,ORH,MA,ANE,EN,Federal Contract Tower,0,7,27,0,34,0,0,56,0,56,0,7,83,0,90,46,0,46,136
09/01/2002,ORH,MA,ANE,EN,Federal Contract Tower,0,7,11,0,18,0,0,81,0,81,0,7,92,0,99,218,0,218,317
09/02/2002,ORH,MA,ANE,EN,Federal Contract Tower,0,4,21,0,25,0,0,0,0,0,0,4,21,0,25,0,0,0,25
09/03/2002,ORH,MA,ANE,EN,Federal Contract Tower,0,10,28,0,38,0,0,4,0,4,0,10,32,0,42,0,0,0,42
09/04/2002,ORH,MA,ANE,EN,Federal Contract Tower,0,9,19,0,28,0,1,48,2,51,0,10,67,2,79,100,0,100,179
09/05/2002,ORH,MA,ANE,EN,Federal Contract Tower,0,10,5,0,15,0,0,107,2,109,0,10,112,2,124,138,0,138,262
09/06/2002,ORH,MA,ANE,EN,Federal Contract Tower,0,6,14,0,20,0,0,92,0,92,0,6,106,0,112,150,0,150,262
09/07/2002,ORH,MA,ANE,EN,Federal Contract Tower,0,6,14,0,20,0,0,124,2,126,0,6,138,2,146,206,6,212,358
09/08/2002,ORH,MA,ANE,EN,Federal Contract Tower,0,5,8,0,13,0,0,128,0,128,0,5,136,0,141,106,0,106,247
09/09/2002,ORH,MA,ANE,EN,Federal Contract Tower,0,9,20,0,29,0,0,74,0,74,0,9,94,0,103,124,0,124,227
09/10/2002,ORH,MA,ANE,EN,Federal Contract Tower,0,7,15,0,22,0,0,68,0,68,0,7,83,0,90,218,0,218,308
09/11/2002,ORH,MA,ANE,EN,Federal Contract Tower,0,7,10,0,17,0,1,25,0,26,0,8,35,0,43,14,0,14,57
09/12/2002,ORH,MA,ANE,EN,Federal Contract Tower,0,10,8,0,18,0,0,87,0,87,0,10,95,0,105,124,0,124,229
09/13/2002,ORH,MA,ANE,EN,Federal Contract Tower,0,13,35,2,50,0,0,91,2,93,0,13,126,4,143,130,0,130,273
09/14/2002,ORH,MA,ANE,EN,Federal Contract Tower,0,8,12,0,20,0,0,136,0,136,0,8,148,0,156,148,4,152,308
09/15/2002,ORH,MA,ANE,EN,Federal Contract Tower,1,5,18,2,26,0,0,1,0,1,1,5,19,2,27,2,0,2,29
09/16/2002,ORH,MA,ANE,EN,Federal Contract Tower,0,8,17,0,25,0,0,3,0,3,0,8,20,0,28,4,0,4,32
09/17/2002,ORH,MA,ANE,EN,Federal Contract Tower,0,12,18,0,30,0,0,54,0,54,0,12,72,0,84,82,0,82,166
09/18/2002,ORH,MA,ANE,EN,Federal Contract Tower,0,7,14,0,21,0,0,90,0,90,0,7,104,0,111,182,0,182,293
09/19/2002,ORH,MA,ANE,EN,Federal Contract Tower,0,9,16,0,25,0,0,91,0,91,0,9,107,0,116,204,0,204,320
09/20/2002,ORH,MA,ANE,EN,Federal Contract Tower,2,7,26,0,35,0,0,49,2,51,2,7,75,2,86,72,2,74,160
09/21/2002,ORH,MA,ANE,EN,Federal Contract Tower,0,8,20,0,28,0,0,84,0,84,0,8,104,0,112,74,0,74,186
09/22/2002,ORH,MA,ANE,EN,Federal Contract Tower,0,7,12,0,19,0,0,50,0,50,0,7,62,0,69,86,0,86,155
09/23/2002,ORH,MA,ANE,EN,Federal Contract Tower,2,6,16,0,24,0,0,47,0,47,2,6,63,0,71,56,0,56,127
09/24/2002,ORH,MA,ANE,EN,Federal Contract Tower,0,8,30,0,38,0,0,72,0,72,0,8,102,0,110,186,0,186,296
09/25/2002,ORH,MA,ANE,EN,Federal Contract Tower,0,8,18,0,26,0,0,95,0,95,0,8,113,0,121,214,0,214,335
09/26/2002,ORH,MA,ANE,EN,Federal Contract Tower,0,5,14,0,19,0,0,44,0,44,0,5,58,0,63,84,0,84,147
09/27/2002,ORH,MA,ANE,EN,Federal Contract Tower,0,5,9,2,16,0,0,0,0,0,0,5,9,2,16,0,0,0,16
09/28/2002,ORH,MA,ANE,EN,Federal Contract Tower,0,5,12,0,17,0,0,38,0,38,0,5,50,0,55,58,0,58,113
09/29/2002,ORH,MA,ANE,EN,Federal Contract Tower,0,5,13,0,18,0,0,151,0,151,0,5,164,0,169,170,0,170,339
09/30/2002,ORH,MA,ANE,EN,Federal Contract Tower,0,9,12,0,21,0,0,76,0,76,0,9,88,0,97,90,0,90,187
10/01/2002,ORH,MA,ANE,EN,Federal Contract Tower,0,7,17,5,29,0,0,69,0,69,0,7,86,5,98,110,0,110,208
10/02/2002,ORH,MA,ANE,EN,Federal Contract Tower,0,6,22,0,28,0,0,48,0,48,0,6,70,0,76,46,0,46,122
10/03/2002,ORH,MA,ANE,EN,Federal Contract Tower,0,6,35,0,41,0,0,24,0,24,0,6,59,0,65,8,0,8,73
10/04/2002,ORH,MA,ANE,EN,Federal Contract Tower,0,4,18,2,24,0,0,24,0,24,0,4,42,2,48,12,0,12,60
10/05/2002,ORH,MA,ANE,EN,Federal Contract Tower,0,7,4,0,11,0,0,37,2,39,0,7,41,2,50,30,0,30,80
10/06/2002,ORH,MA,ANE,EN,Federal Contract Tower,0,5,11,0,16,0,0,107,2,109,0,5,118,2,125,166,0,166,291
10/07/2002,ORH,MA,ANE,EN,Federal Contract Tower,0,6,16,0,22,0,0,3,0,3,0,6,19,0,25,22,0,22,47
10/08/2002,ORH,MA,ANE,EN,Federal Contract Tower,0,7,13,0,20,0,0,83,0,83,0,7,96,0,103,98,0,98,201
10/09/2002,ORH,MA,ANE,EN,Federal Contract Tower,0,7,12,8,27,0,0,105,5,110,0,7,117,13,137,150,0,150,287
10/10/2002,ORH,MA,ANE,EN,Federal Contract Tower,0,7,21,0,28,0,0,77,0,77,0,7,98,0,105,136,0,136,241
10/11/2002,ORH,MA,ANE,EN,Federal Contract Tower,0,9,29,2,40,0,0,0,0,0,0,9,29,2,40,0,0,0,40
10/12/2002,ORH,MA,ANE,EN,Federal Contract Tower,0,6,13,0,19,0,0,0,0,0,0,6,13,0,19,0,0,0,19
10/13/2002,ORH,MA,ANE,EN,Federal Contract Tower,0,3,18,0,21,0,0,0,0,0,0,3,18,0,21,0,0,0,21
10/14/2002,ORH,MA,ANE,EN,Federal Contract Tower,0,4,8,0,12,0,0,73,0,73,0,4,81,0,85,52,0,52,137
10/15/2002,ORH,MA,ANE,EN,Federal Contract Tower,0,6,11,0,17,0,0,91,0,91,0,6,102,0,108,110,0,110,218
10/16/2002,ORH,MA,ANE,EN,Federal Contract Tower,0,7,5,0,12,0,0,0,0,0,0,7,5,0,12,0,0,0,12
10/17/2002,ORH,MA,ANE,EN,Federal Contract Tower,0,4,20,3,27,0,0,83,3,86,0,4,103,6,113,200,4,204,317
10/18/2002,ORH,MA,ANE,EN,Federal Contract Tower,0,8,21,2,31,0,0,108,0,108,0,8,129,2,139,176,0,176,315
10/19/2002,ORH,MA,ANE,EN,Federal Contract Tower,0,6,3,0,9,0,0,79,4,83,0,6,82,4,92,90,0,90,182
10/20/2002,ORH,MA,ANE,EN,Federal Contract Tower,0,5,24,0,29,0,0,84,0,84,0,5,108,0,113,122,0,122,235
10/21/2002,ORH,MA,ANE,EN,Federal Contract Tower,0,7,10,0,17,0,0,50,0,50,0,7,60,0,67,56,0,56,123
10/22/2002,ORH,MA,ANE,EN,Federal Contract Tower,0,8,7,0,15,0,2,89,0,91,0,10,96,0,106,182,0,182,288
10/23/2002,ORH,MA,ANE,EN,Federal Contract Tower,0,6,20,0,26,0,0,27,0,27,0,6,47,0,53,72,0,72,125
10/24/2002,ORH,MA,ANE,EN,Federal Contract Tower,0,10,18,0,28,0,0,74,2,76,0,10,92,2,104,172,4,176,280
10/25/2002,ORH,MA,ANE,EN,Federal Contract Tower,0,8,16,0,24,0,0,97,2,99,0,8,113,2,123,168,0,168,291
10/26/2002,ORH,MA,ANE,EN,Federal Contract Tower,0,7,8,0,15,0,0,0,0,0,0,7,8,0,15,0,0,0,15
10/27/2002,ORH,MA,ANE,EN,Federal Contract Tower,0,5,20,0,25,0,0,86,0,86,0,5,106,0,111,132,0,132,243
10/28/2002,ORH,MA,ANE,EN,Federal Contract Tower,0,6,12,0,18,0,0,51,0,51,0,6,63,0,69,62,0,62,131
10/29/2002,ORH,MA,ANE,EN,Federal Contract Tower,2,7,13,0,22,0,0,81,0,81,2,7,94,0,103,94,0,94,197
10/30/2002,ORH,MA,ANE,EN,Federal Contract Tower,0,7,9,0,16,0,0,76,0,76,0,7,85,0,92,78,0,78,170
10/31/2002,ORH,MA,ANE,EN,Federal Contract Tower,0,7,39,0,46,0,0,79,4,83,0,7,118,4,129,160,0,160,289
11/01/2002,ORH,MA,ANE,EN,Federal Contract Tower,0,7,11,0,18,0,0,60,4,64,0,7,71,4,82,58,0,58,140
11/02/2002,ORH,MA,ANE,EN,Federal Contract Tower,0,5,7,0,12,0,0,64,2,66,0,5,71,2,78,78,2,80,158
11/03/2002,ORH,MA,ANE,EN,Federal Contract Tower,0,4,14,0,18,0,0,90,0,90,0,4,104,0,108,112,0,112,220
11/04/2002,ORH,MA,ANE,EN,Federal Contract Tower,0,5,9,0,14,0,0,18,0,18,0,5,27,0,32,32,0,32,64
11/05/2002,ORH,MA,ANE,EN,Federal Contract Tower,0,5,14,0,19,0,0,56,0,56,0,5,70,0,75,38,0,38,113
11/06/2002,ORH,MA,ANE,EN,Federal Contract Tower,0,8,7,0,15,0,0,0,0,0,0,8,7,0,15,0,0,0,15
11/07/2002,ORH,MA,ANE,EN,Federal Contract Tower,0,6,14,5,25,0,0,48,0,48,0,6,62,5,73,28,6,34,107
11/08/2002,ORH,MA,ANE,EN,Federal Contract Tower,0,9,8,6,23,0,0,53,4,57,0,9,61,10,80,28,0,28,108
11/09/2002,ORH,MA,ANE,EN,Federal Contract Tower,0,4,15,0,19,0,0,134,2,136,0,4,149,2,155,118,0,118,273
11/10/2002,ORH,MA,ANE,EN,Federal Contract Tower,0,5,7,0,12,0,0,17,0,17,0,5,24,0,29,12,0,12,41
11/11/2002,ORH,MA,ANE,EN,Federal Contract Tower,0,5,14,0,19,0,0,0,0,0,0,5,14,0,19,0,0,0,19
11/12/2002,ORH,MA,ANE,EN,Federal Contract Tower,0,5,20,0,25,0,0,8,0,8,0,5,28,0,33,24,0,24,57
11/13/2002,ORH,MA,ANE,EN,Federal Contract Tower,0,6,9,0,15,0,0,0,0,0,0,6,9,0,15,0,0,0,15
11/14/2002,ORH,MA,ANE,EN,Federal Contract Tower,0,5,13,0,18,0,0,111,2,113,0,5,124,2,131,144,0,144,275
11/15/2002,ORH,MA,ANE,EN,Federal Contract Tower,0,5,3,0,8,0,0,108,2,110,0,5,111,2,118,70,2,72,190
11/16/2002,ORH,MA,ANE,EN,Federal Contract Tower,0,6,4,0,10,0,0,0,0,0,0,6,4,0,10,0,0,0,10
11/17/2002,ORH,MA,ANE,EN,Federal Contract Tower,0,4,0,0,4,0,0,0,0,0,0,4,0,0,4,0,0,0,4
11/18/2002,ORH,MA,ANE,EN,Federal Contract Tower,0,5,3,0,8,0,0,2,0,2,0,5,5,0,10,2,0,2,12
11/19/2002,ORH,MA,ANE,EN,Federal Contract Tower,0,6,19,4,29,0,0,63,0,63,0,6,82,4,92,106,0,106,198
11/20/2002,ORH,MA,ANE,EN,Federal Contract Tower,0,8,22,0,30,0,0,81,0,81,0,8,103,0,111,128,0,128,239
11/21/2002,ORH,MA,ANE,EN,Federal Contract Tower,0,2,12,0,14,0,0,0,0,0,0,2,12,0,14,0,0,0,14
11/22/2002,ORH,MA,ANE,EN,Federal Contract Tower,0,3,7,0,10,0,0,0,0,0,0,3,7,0,10,0,0,0,10
11/23/2002,ORH,MA,ANE,EN,Federal Contract Tower,0,3,4,0,7,0,0,11,0,11,0,3,15,0,18,0,0,0,18
11/24/2002,ORH,MA,ANE,EN,Federal Contract Tower,0,4,8,0,12,0,0,48,0,48,0,4,56,0,60,44,0,44,104
11/25/2002,ORH,MA,ANE,EN,Federal Contract Tower,0,9,11,0,20,0,0,77,0,77,0,9,88,0,97,60,0,60,157
11/26/2002,ORH,MA,ANE,EN,Federal Contract Tower,0,7,14,4,25,0,0,86,0,86,0,7,100,4,111,120,2,122,233
11/27/2002,ORH,MA,ANE,EN,Federal Contract Tower,0,5,5,0,10,0,0,0,0,0,0,5,5,0,10,0,0,0,10
11/28/2002,ORH,MA,ANE,EN,Federal Contract Tower,0,4,4,0,8,0,0,13,0,13,0,4,17,0,21,8,0,8,29
11/29/2002,ORH,MA,ANE,EN,Federal Contract Tower,0,7,9,0,16,0,0,14,0,14,0,7,23,0,30,26,0,26,56
11/30/2002,ORH,MA,ANE,EN,Federal Contract Tower,0,5,14,0,19,0,0,72,0,72,0,5,86,0,91,76,0,76,167
12/01/2002,ORH,MA,ANE,EN,Federal Contract Tower,0,5,10,0,15,0,2,0,0,2,0,7,10,0,17,0,0,0,17
12/02/2002,ORH,MA,ANE,EN,Federal Contract Tower,0,5,9,0,14,0,0,38,0,38,0,5,47,0,52,68,0,68,120
12/03/2002,ORH,MA,ANE,EN,Federal Contract Tower,0,8,7,0,15,0,0,34,0,34,0,8,41,0,49,0,0,0,49
12/04/2002,ORH,MA,ANE,EN,Federal Contract Tower,0,5,13,0,18,0,0,58,0,58,0,5,71,0,76,72,0,72,148
12/05/2002,ORH,MA,ANE,EN,Federal Contract Tower,0,4,8,0,12,0,0,3,0,3,0,4,11,0,15,6,0,6,21
12/06/2002,ORH,MA,ANE,EN,Federal Contract Tower,0,7,8,1,16,0,0,36,1,37,0,7,44,2,53,44,2,46,99
12/07/2002,ORH,MA,ANE,EN,Federal Contract Tower,0,3,17,1,21,0,0,113,3,116,0,3,130,4,137,128,4,132,269
12/08/2002,ORH,MA,ANE,EN,Federal Contract Tower,0,4,15,0,19,0,0,66,0,66,0,4,81,0,85,70,0,70,155
12/09/2002,ORH,MA,ANE,EN,Federal Contract Tower,1,6,4,4,15,0,0,43,0,43,1,6,47,4,58,34,0,34,92
12/10/2002,ORH,MA,ANE,EN,Federal Contract Tower,1,5,6,0,12,0,0,67,0,67,1,5,73,0,79,58,0,58,137
12/11/2002,ORH,MA,ANE,EN,Federal Contract Tower,0,8,12,0,20,0,0,29,0,29,0,8,41,0,49,54,0,54,103
12/12/2002,ORH,MA,ANE,EN,Federal Contract Tower,0,5,15,0,20,0,0,7,4,11,0,5,22,4,31,8,0,8,39
12/13/2002,ORH,MA,ANE,EN,Federal Contract Tower,0,8,27,0,35,0,0,77,0,77,0,8,104,0,112,80,0,80,192
12/14/2002,ORH,MA,ANE,EN,Federal Contract Tower,0,4,2,0,6,0,0,0,0,0,0,4,2,0,6,0,0,0,6
12/15/2002,ORH,MA,ANE,EN,Federal Contract Tower,0,4,19,0,23,0,0,61,2,63,0,4,80,2,86,74,0,74,160
12/16/2002,ORH,MA,ANE,EN,Federal Contract Tower,0,5,13,0,18,0,0,0,0,0,0,5,13,0,18,0,0,0,18
12/17/2002,ORH,MA,ANE,EN,Federal Contract Tower,0,5,8,0,13,0,0,59,0,59,0,5,67,0,72,98,0,98,170
12/18/2002,ORH,MA,ANE,EN,Federal Contract Tower,0,5,11,0,16,0,0,73,0,73,0,5,84,0,89,36,0,36,125
12/19/2002,ORH,MA,ANE,EN,Federal Contract Tower,0,6,11,0,17,0,0,76,0,76,0,6,87,0,93,82,0,82,175
12/20/2002,ORH,MA,ANE,EN,Federal Contract Tower,0,9,6,0,15,0,0,0,0,0,0,9,6,0,15,0,0,0,15
12/21/2002,ORH,MA,ANE,EN,Federal Contract Tower,0,4,38,0,42,0,0,57,0,57,0,4,95,0,99,42,0,42,141
12/22/2002,ORH,MA,ANE,EN,Federal Contract Tower,0,4,13,0,17,0,0,76,0,76,0,4,89,0,93,84,0,84,177
12/23/2002,ORH,MA,ANE,EN,Federal Contract Tower,0,5,22,0,27,0,0,42,0,42,0,5,64,0,69,16,0,16,85
12/24/2002,ORH,MA,ANE,EN,Federal Contract Tower,0,5,0,0,5,0,0,41,0,41,0,5,41,0,46,30,0,30,76
12/25/2002,ORH,MA,ANE,EN,Federal Contract Tower,0,3,1,0,4,0,0,0,0,0,0,3,1,0,4,0,0,0,4
12/26/2002,ORH,MA,ANE,EN,Federal Contract Tower,0,7,5,0,12,0,0,26,0,26,0,7,31,0,38,6,0,6,44
12/27/2002,ORH,MA,ANE,EN,Federal Contract Tower,0,5,4,2,11,0,0,106,0,106,0,5,110,2,117,80,0,80,197
12/28/2002,ORH,MA,ANE,EN,Federal Contract Tower,0,5,13,0,18,0,0,93,0,93,0,5,106,0,111,72,0,72,183
12/29/2002,ORH,MA,ANE,EN,Federal Contract Tower,0,4,14,0,18,0,0,69,0,69,0,4,83,0,87,116,0,116,203
12/30/2002,ORH,MA,ANE,EN,Federal Contract Tower,0,6,17,0,23,0,0,76,2,78,0,6,93,2,101,118,2,120,221
12/31/2002,ORH,MA,ANE,EN,Federal Contract Tower,0,1,1,0,2,0,0,0,0,0,0,1,1,0,2,0,0,0,2
01/01/2003,ORH,MA,ANE,EN,Federal Contract Tower,0,6,2,0,8,0,0,34,0,34,0,6,36,0,42,42,0,42,84
01/02/2003,ORH,MA,ANE,EN,Federal Contract Tower,0,5,5,0,10,0,0,19,0,19,0,5,24,0,29,0,0,0,29
01/03/2003,ORH,MA,ANE,EN,Federal Contract Tower,0,6,0,0,6,0,0,0,0,0,0,6,0,0,6,0,0,0,6
01/04/2003,ORH,MA,ANE,EN,Federal Contract Tower,0,5,0,0,5,0,0,1,0,1,0,5,1,0,6,0,0,0,6
01/05/2003,ORH,MA,ANE,EN,Federal Contract Tower,0,4,14,0,18,0,0,41,0,41,0,4,55,0,59,82,0,82,141
01/06/2003,ORH,MA,ANE,EN,Federal Contract Tower,0,4,3,0,7,0,0,0,0,0,0,4,3,0,7,0,0,0,7
01/07/2003,ORH,MA,ANE,EN,Federal Contract Tower,0,5,11,0,16,0,0,42,0,42,0,5,53,0,58,38,0,38,96
01/08/2003,ORH,MA,ANE,EN,Federal Contract Tower,0,7,7,0,14,0,0,11,0,11,0,7,18,0,25,6,0,6,31
01/09/2003,ORH,MA,ANE,EN,Federal Contract Tower,0,8,16,0,24,0,0,45,0,45,0,8,61,0,69,50,0,50,119
01/10/2003,ORH,MA,ANE,EN,Federal Contract Tower,0,7,2,0,9,0,0,43,0,43,0,7,45,0,52,30,0,30,82
01/11/2003,ORH,MA,ANE,EN,Federal Contract Tower,0,7,16,0,23,0,0,64,2,66,0,7,80,2,89,30,0,30,119
01/12/2003,ORH,MA,ANE,EN,Federal Contract Tower,0,4,15,0,19,0,0,49,0,49,0,4,64,0,68,72,0,72,140
01/13/2003,ORH,MA,ANE,EN,Federal Contract Tower,0,6,12,0,18,0,0,31,0,31,0,6,43,0,49,34,0,34,83
01/14/2003,ORH,MA,ANE,EN,Federal Contract Tower,0,9,15,0,24,0,0,51,0,51,0,9,66,0,75,78,0,78,153
01/15/2003,ORH,MA,ANE,EN,Federal Contract Tower,0,7,21,1,29,0,0,42,1,43,0,7,63,2,72,62,0,62,134
01/16/2003,ORH,MA,ANE,EN,Federal Contract Tower,0,7,12,0,19,0,0,60,0,60,0,7,72,0,79,64,0,64,143
01/17/2003,ORH,MA,ANE,EN,Federal Contract Tower,0,8,13,0,21,0,0,56,0,56,0,8,69,0,77,62,0,62,139
01/18/2003,ORH,MA,ANE,EN,Federal Contract Tower,0,5,16,0,21,0,0,86,0,86,0,5,102,0,107,100,0,100,207
01/19/2003,ORH,MA,ANE,EN,Federal Contract Tower,0,4,23,0,27,0,0,62,0,62,0,4,85,0,89,144,0,144,233
01/20/2003,ORH,MA,ANE,EN,Federal Contract Tower,0,5,12,0,17,0,0,8,0,8,0,5,20,0,25,14,0,14,39
01/21/2003,ORH,MA,ANE,EN,Federal Contract Tower,0,6,11,0,17,0,0,21,0,21,0,6,32,0,38,24,0,24,62
01/22/2003,ORH,MA,ANE,EN,Federal Contract Tower,0,5,5,0,10,0,0,8,0,8,0,5,13,0,18,2,0,2,20
01/23/2003,ORH,MA,ANE,EN,Federal Contract Tower,0,7,10,0,17,0,0,41,0,41,0,7,51,0,58,42,0,42,100
01/24/2003,ORH,MA,ANE,EN,Federal Contract Tower,0,7,5,0,12,0,0,39,2,41,0,7,44,2,53,34,0,34,87
01/25/2003,ORH,MA,ANE,EN,Federal Contract Tower,0,9,19,0,28,0,0,112,2,114,0,9,131,2,142,126,2,128,270
01/26/2003,ORH,MA,ANE,EN,Federal Contract Tower,0,4,9,0,13,0,0,28,0,28,0,4,37,0,41,116,0,116,157
01/27/2003,ORH,MA,ANE,EN,Federal Contract Tower,0,6,13,0,19,0,0,21,0,21,0,6,34,0,40,18,0,18,58
01/28/2003,ORH,MA,ANE,EN,Federal Contract Tower,0,6,17,0,23,0,0,68,0,68,0,6,85,0,91,112,0,112,203
01/29/2003,ORH,MA,ANE,EN,Federal Contract Tower,0,7,15,2,24,0,0,9,0,9,0,7,24,2,33,0,0,0,33
01/30/2003,ORH,MA,ANE,EN,Federal Contract Tower,0,4,9,0,13,0,0,80,0,80,0,4,89,0,93,116,0,116,209
01/31/2003,ORH,MA,ANE,EN,Federal Contract Tower,0,9,7,0,16,0,0,8,0,8,0,9,15,0,24,0,0,0,24
02/01/2003,ORH,MA,ANE,EN,Federal Contract Tower,0,5,0,0,5,0,0,0,0,0,0,5,0,0,5,0,0,0,5
02/02/2003,ORH,MA,ANE,EN,Federal Contract Tower,0,6,6,0,12,0,0,3,0,3,0,6,9,0,15,0,0,0,15
02/03/2003,ORH,MA,ANE,EN,Federal Contract Tower,0,5,7,0,12,0,0,77,0,77,0,5,84,0,89,42,16,58,147
02/04/2003,ORH,MA,ANE,EN,Federal Contract Tower,0,4,9,2,15,0,0,0,0,0,0,4,9,2,15,0,0,0,15
02/05/2003,ORH,MA,ANE,EN,Federal Contract Tower,0,8,6,0,14,0,0,39,0,39,0,8,45,0,53,8,0,8,61
02/06/2003,ORH,MA,ANE,EN,Federal Contract Tower,0,7,8,0,15,0,0,85,4,89,0,7,93,4,104,114,0,114,218
02/07/2003,ORH,MA,ANE,EN,Federal Contract Tower,0,5,4,0,9,0,0,1,0,1,0,5,5,0,10,0,0,0,10
02/08/2003,ORH,MA,ANE,EN,Federal Contract Tower,0,5,15,0,20,0,0,74,4,78,0,5,89,4,98,58,0,58,156
02/09/2003,ORH,MA,ANE,EN,Federal Contract Tower,0,4,9,0,13,0,0,76,0,76,0,4,85,0,89,34,0,34,123
02/10/2003,ORH,MA,ANE,EN,Federal Contract Tower,0,5,9,0,14,0,0,8,1,9,0,5,17,1,23,28,0,28,51
02/11/2003,ORH,MA,ANE,EN,Federal Contract Tower,0,5,18,0,23,0,0,44,0,44,0,5,62,0,67,74,0,74,141
02/12/2003,ORH,MA,ANE,EN,Federal Contract Tower,0,5,9,0,14,0,0,4,0,4,0,5,13,0,18,0,0,0,18
02/13/2003,ORH,MA,ANE,EN,Federal Contract Tower,0,8,13,0,21,0,0,63,4,67,0,8,76,4,88,60,2,62,150
02/14/2003,ORH,MA,ANE,EN,Federal Contract Tower,0,6,11,0,17,0,0,51,0,51,0,6,62,0,68,38,0,38,106
02/15/2003,ORH,MA,ANE,EN,Federal Contract Tower,0,5,8,0,13,0,0,74,0,74,0,5,82,0,87,104,0,104,191
02/16/2003,ORH,MA,ANE,EN,Federal Contract Tower,0,2,8,0,10,0,0,52,0,52,0,2,60,0,62,112,0,112,174
02/17/2003,ORH,MA,ANE,EN,Federal Contract Tower,0,0,1,0,1,0,0,1,0,1,0,0,2,0,2,0,0,0,2
02/18/2003,ORH,MA,ANE,EN,Federal Contract Tower,0,0,1,0,1,0,0,0,0,0,0,0,1,0,1,0,0,0,1
02/19/2003,ORH,MA,ANE,EN,Federal Contract Tower,0,5,13,0,18,0,0,31,0,31,0,5,44,0,49,54,0,54,103
02/20/2003,ORH,MA,ANE,EN,Federal Contract Tower,0,7,9,0,16,0,0,83,0,83,0,7,92,0,99,108,0,108,207
02/21/2003,ORH,MA,ANE,EN,Federal Contract Tower,0,6,18,0,24,0,0,95,0,95,0,6,113,0,119,116,0,116,235
02/22/2003,ORH,MA,ANE,EN,Federal Contract Tower,0,5,2,0,7,0,0,0,0,0,0,5,2,0,7,0,0,0,7
02/23/2003,ORH,MA,ANE,EN,Federal Contract Tower,0,2,1,0,3,0,0,0,0,0,0,2,1,0,3,0,0,0,3
02/24/2003,ORH,MA,ANE,EN,Federal Contract Tower,0,0,22,0,22,0,0,19,2,21,0,0,41,2,43,54,0,54,97
02/25/2003,ORH,MA,ANE,EN,Federal Contract Tower,0,2,20,0,22,0,0,38,0,38,0,2,58,0,60,120,0,120,180
02/26/2003,ORH,MA,ANE,EN,Federal Contract Tower,0,1,6,0,7,0,0,72,4,76,0,1,78,4,83,124,0,124,207
02/27/2003,ORH,MA,ANE,EN,Federal Contract Tower,0,5,12,0,17,0,0,70,4,74,0,5,82,4,91,102,0,102,193
02/28/2003,ORH,MA,ANE,EN,Federal Contract Tower,0,0,14,0,14,0,0,37,0,37,0,0,51,0,51,76,0,76,127
03/01/2003,ORH,MA,ANE,EN,Federal Contract Tower,0,3,27,0,30,0,0,74,0,74,0,3,101,0,104,108,0,108,212
03/02/2003,ORH,MA,ANE,EN,Federal Contract Tower,0,0,1,0,1,0,0,0,0,0,0,0,1,0,1,0,0,0,1
03/03/2003,ORH,MA,ANE,EN,Federal Contract Tower,0,1,15,0,16,0,0,14,0,14,0,1,29,0,30,22,0,22,52
03/04/2003,ORH,MA,ANE,EN,Federal Contract Tower,0,1,10,0,11,0,0,44,0,44,0,1,54,0,55,20,0,20,75
03/05/2003,ORH,MA,ANE,EN,Federal Contract Tower,0,0,1,0,1,0,0,0,0,0,0,0,1,0,1,0,0,0,1
03/06/2003,ORH,MA,ANE,EN,Federal Contract Tower,0,2,6,0,8,0,0,7,0,7,0,2,13,0,15,32,0,32,47
03/07/2003,ORH,MA,ANE,EN,Federal Contract Tower,0,2,22,6,30,0,0,76,0,76,0,2,98,6,106,96,0,96,202
03/08/2003,ORH,MA,ANE,EN,Federal Contract Tower,0,2,12,0,14,0,0,145,0,145,0,2,157,0,159,176,0,176,335
03/09/2003,ORH,MA,ANE,EN,Federal Contract Tower,0,0,14,0,14,0,0,12,0,12,0,0,26,0,26,0,0,0,26
03/10/2003,ORH,MA,ANE,EN,Federal Contract Tower,0,3,14,0,17,0,0,15,0,15,0,3,29,0,32,30,0,30,62
03/11/2003,ORH,MA,ANE,EN,Federal Contract Tower,0,1,10,0,11,0,0,50,0,50,0,1,60,0,61,40,0,40,101
03/12/2003,ORH,MA,ANE,EN,Federal Contract Tower,0,5,19,2,26,0,0,49,4,53,0,5,68,6,79,40,2,42,121
03/13/2003,ORH,MA,ANE,EN,Federal Contract Tower,0,4,4,0,8,0,0,6,0,6,0,4,10,0,14,0,0,0,14
03/14/2003,ORH,MA,ANE,EN,Federal Contract Tower,0,2,20,0,22,0,0,67,0,67,0,2,87,0,89,82,0,82,171
03/15/2003,ORH,MA,ANE,EN,Federal Contract Tower,0,3,18,0,21,0,0,144,0,144,0,3,162,0,165,172,0,172,337
03/16/2003,ORH,MA,ANE,EN,Federal Contract Tower,0,3,15,0,18,0,0,145,0,145,0,3,160,0,163,186,0,186,349
03/17/2003,ORH,MA,ANE,EN,Federal Contract Tower,2,1,9,0,12,0,0,86,0,86,2,1,95,0,98,102,0,102,200
03/18/2003,ORH,MA,ANE,EN,Federal Contract Tower,0,6,14,0,20,0,0,51,0,51,0,6,65,0,71,54,0,54,125
03/19/2003,ORH,MA,ANE,EN,Federal Contract Tower,0,1,9,0,10,0,0,62,0,62,0,1,71,0,72,70,0,70,142
03/20/2003,ORH,MA,ANE,EN,Federal Contract Tower,0,3,14,0,17,0,0,30,0,30,0,3,44,0,47,40,0,40,87
03/21/2003,ORH,MA,ANE,EN,Federal Contract Tower,0,0,16,0,16,0,0,36,0,36,0,0,52,0,52,58,0,58,110
03/22/2003,ORH,MA,ANE,EN,Federal Contract Tower,0,1,15,0,16,0,0,63,0,63,0,1,78,0,79,116,0,116,195
03/23/2003,ORH,MA,ANE,EN,Federal Contract Tower,0,2,18,0,20,0,0,74,0,74,0,2,92,0,94,224,0,224,318
03/24/2003,ORH,MA,ANE,EN,Federal Contract Tower,0,2,16,0,18,0,0,68,0,68,0,2,84,0,86,126,0,126,212
03/25/2003,ORH,MA,ANE,EN,Federal Contract Tower,0,3,17,0,20,0,0,56,0,56,0,3,73,0,76,64,0,64,140
03/26/2003,ORH,MA,ANE,EN,Federal Contract Tower,0,2,15,0,17,0,0,41,0,41,0,2,56,0,58,82,0,82,140
03/27/2003,ORH,MA,ANE,EN,Federal Contract Tower,0,0,10,0,10,0,0,72,0,72,0,0,82,0,82,72,12,84,166
03/28/2003,ORH,MA,ANE,EN,Federal Contract Tower,0,0,17,0,17,0,0,90,0,90,0,0,107,0,107,138,0,138,245
03/29/2003,ORH,MA,ANE,EN,Federal Contract Tower,2,0,5,0,7,0,0,0,0,0,2,0,5,0,7,0,0,0,7
03/30/2003,ORH,MA,ANE,EN,Federal Contract Tower,0,0,5,0,5,0,0,0,0,0,0,0,5,0,5,0,0,0,5
03/31/2003,ORH,MA,ANE,EN,Federal Contract Tower,0,1,2,0,3,0,0,2,0,2,0,1,4,0,5,0,0,0,5
04/01/2003,ORH,MA,ANE,EN,Federal Contract Tower,0,0,13,0,13,0,0,29,0,29,0,0,42,0,42,42,0,42,84
04/02/2003,ORH,MA,ANE,EN,Federal Contract Tower,0,0,14,1,15,0,0,34,1,35,0,0,48,2,50,54,0,54,104
04/03/2003,ORH,MA,ANE,EN,Federal Contract Tower,0,1,9,0,10,0,0,1,0,1,0,1,10,0,11,0,0,0,11
04/04/2003,ORH,MA,ANE,EN,Federal Contract Tower,0,1,1,0,2,0,0,1,0,1,0,1,2,0,3,0,0,0,3
04/05/2003,ORH,MA,ANE,EN,Federal Contract Tower,0,0,1,0,1,0,0,1,0,1,0,0,2,0,2,0,0,0,2
04/06/2003,ORH,MA,ANE,EN,Federal Contract Tower,0,1,4,0,5,0,0,52,0,52,0,1,56,0,57,20,4,24,81
04/07/2003,ORH,MA,ANE,EN,Federal Contract Tower,0,0,16,0,16,0,0,25,0,25,0,0,41,0,41,50,0,50,91
04/08/2003,ORH,MA,ANE,EN,Federal Contract Tower,0,1,13,0,14,0,0,1,0,1,0,1,14,0,15,4,0,4,19
04/09/2003,ORH,MA,ANE,EN,Federal Contract Tower,0,1,6,0,7,0,0,0,0,0,0,1,6,0,7,0,0,0,7
04/10/2003,ORH,MA,ANE,EN,Federal Contract Tower,0,0,29,0,29,0,0,87,0,87,0,0,116,0,116,160,0,160,276
04/11/2003,ORH,MA,ANE,EN,Federal Contract Tower,0,0,9,0,9,0,0,8,0,8,0,0,17,0,17,22,0,22,39
04/12/2003,ORH,MA,ANE,EN,Federal Contract Tower,0,0,10,0,10,0,0,24,0,24,0,0,34,0,34,26,0,26,60
04/13/2003,ORH,MA,ANE,EN,Federal Contract Tower,0,0,31,0,31,0,0,157,0,157,0,0,188,0,188,138,0,138,326
04/14/2003,ORH,MA,ANE,EN,Federal Contract Tower,0,0,8,0,8,0,0,67,0,67,0,0,75,0,75,84,0,84,159
04/15/2003,ORH,MA,ANE,EN,Federal Contract Tower,0,1,23,0,24,0,0,21,0,21,0,1,44,0,45,26,0,26,71
04/16/2003,ORH,MA,ANE,EN,Federal Contract Tower,0,4,19,0,23,0,0,22,0,22,0,4,41,0,45,16,0,16,61
04/17/2003,ORH,MA,ANE,EN,Federal Contract Tower,0,0,30,0,30,0,0,71,0,71,0,0,101,0,101,106,0,106,207
04/18/2003,ORH,MA,ANE,EN,Federal Contract Tower,0,0,2,0,2,0,0,103,2,105,0,0,105,2,107,120,0,120,227
04/19/2003,ORH,MA,ANE,EN,Federal Contract Tower,0,1,27,0,28,0,0,84,0,84,0,1,111,0,112,132,0,132,244
04/20/2003,ORH,MA,ANE,EN,Federal Contract Tower,0,2,6,0,8,0,0,101,0,101,0,2,107,0,109,130,0,130,239
04/21/2003,ORH,MA,ANE,EN,Federal Contract Tower,0,0,24,0,24,0,0,79,0,79,0,0,103,0,103,108,0,108,211
04/22/2003,ORH,MA,ANE,EN,Federal Contract Tower,0,0,11,0,11,0,2,5,0,7,0,2,16,0,18,0,0,0,18
04/23/2003,ORH,MA,ANE,EN,Federal Contract Tower,0,5,22,0,27,0,0,29,0,29,0,5,51,0,56,38,0,38,94
04/24/2003,ORH,MA,ANE,EN,Federal Contract Tower,0,1,8,0,9,0,0,39,0,39,0,1,47,0,48,46,0,46,94
04/25/2003,ORH,MA,ANE,EN,Federal Contract Tower,0,0,23,0,23,0,0,118,6,124,0,0,141,6,147,148,4,152,299
04/26/2003,ORH,MA,ANE,EN,Federal Contract Tower,0,0,0,0,0,0,0,0,0,0,0,0,0,0,0,0,0,0,0
04/27/2003,ORH,MA,ANE,EN,Federal Contract Tower,0,0,23,0,23,0,0,69,0,69,0,0,92,0,92,104,0,104,196
04/28/2003,ORH,MA,ANE,EN,Federal Contract Tower,0,0,13,0,13,0,0,64,0,64,0,0,77,0,77,84,0,84,161
04/29/2003,ORH,MA,ANE,EN,Federal Contract Tower,0,0,23,0,23,0,0,61,4,65,0,0,84,4,88,48,6,54,142
04/30/2003,ORH,MA,ANE,EN,Federal Contract Tower,0,4,11,0,15,0,0,88,0,88,0,4,99,0,103,52,0,52,155
05/01/2003,ORH,MA,ANE,EN,Federal Contract Tower,0,0,23,1,24,0,0,2,2,4,0,0,25,3,28,2,2,4,32
05/02/2003,ORH,MA,ANE,EN,Federal Contract Tower,0,2,23,0,25,0,0,33,2,35,0,2,56,2,60,20,0,20,80
05/03/2003,ORH,MA,ANE,EN,Federal Contract Tower,0,2,18,0,20,0,3,88,0,91,0,5,106,0,111,124,0,124,235
05/04/2003,ORH,MA,ANE,EN,Federal Contract Tower,0,2,13,0,15,0,0,119,0,119,0,2,132,0,134,198,0,198,332
05/05/2003,ORH,MA,ANE,EN,Federal Contract Tower,0,0,5,0,5,0,0,88,0,88,0,0,93,0,93,66,0,66,159
05/06/2003,ORH,MA,ANE,EN,Federal Contract Tower,0,0,28,0,28,0,0,0,0,0,0,0,28,0,28,0,0,0,28
05/07/2003,ORH,MA,ANE,EN,Federal Contract Tower,0,0,29,0,29,0,0,86,0,86,0,0,115,0,115,120,0,120,235
05/08/2003,ORH,MA,ANE,EN,Federal Contract Tower,0,0,21,0,21,0,0,0,0,0,0,0,21,0,21,0,0,0,21
05/09/2003,ORH,MA,ANE,EN,Federal Contract Tower,0,2,21,0,23,0,0,68,0,68,0,2,89,0,91,104,0,104,195
05/10/2003,ORH,MA,ANE,EN,Federal Contract Tower,0,2,19,0,21,0,0,120,2,122,0,2,139,2,143,136,2,138,281
05/11/2003,ORH,MA,ANE,EN,Federal Contract Tower,0,0,18,0,18,0,0,73,0,73,0,0,91,0,91,86,0,86,177
05/12/2003,ORH,MA,ANE,EN,Federal Contract Tower,0,0,17,0,17,0,0,2,0,2,0,0,19,0,19,4,0,4,23
05/13/2003,ORH,MA,ANE,EN,Federal Contract Tower,0,0,18,1,19,0,0,19,0,19,0,0,37,1,38,70,2,72,110
05/14/2003,ORH,MA,ANE,EN,Federal Contract Tower,0,0,31,0,31,0,0,44,0,44,0,0,75,0,75,138,0,138,213
05/15/2003,ORH,MA,ANE,EN,Federal Contract Tower,0,6,11,0,17,0,0,87,2,89,0,6,98,2,106,116,0,116,222
05/16/2003,ORH,MA,ANE,EN,Federal Contract Tower,0,2,25,0,27,0,0,33,0,33,0,2,58,0,60,30,0,30,90
05/17/2003,ORH,MA,ANE,EN,Federal Contract Tower,0,0,17,0,17,0,0,55,0,55,0,0,72,0,72,108,0,108,180
05/18/2003,ORH,MA,ANE,EN,Federal Contract Tower,1,0,11,0,12,0,0,105,0,105,1,0,116,0,117,150,4,154,271
05/19/2003,ORH,MA,ANE,EN,Federal Contract Tower,1,0,9,0,10,0,0,95,0,95,1,0,104,0,105,68,0,68,173
05/20/2003,ORH,MA,ANE,EN,Federal Contract Tower,0,0,19,0,19,0,0,84,0,84,0,0,103,0,103,106,0,106,209
05/21/2003,ORH,MA,ANE,EN,Federal Contract Tower,0,3,28,0,31,0,0,0,0,0,0,3,28,0,31,10,0,10,41
05/22/2003,ORH,MA,ANE,EN,Federal Contract Tower,0,5,32,0,37,0,0,29,0,29,0,5,61,0,66,76,0,76,142
05/23/2003,ORH,MA,ANE,EN,Federal Contract Tower,0,0,20,0,20,0,0,0,0,0,0,0,20,0,20,0,0,0,20
05/24/2003,ORH,MA,ANE,EN,Federal Contract Tower,0,0,5,0,5,0,0,0,0,0,0,0,5,0,5,0,0,0,5
05/25/2003,ORH,MA,ANE,EN,Federal Contract Tower,0,0,15,0,15,0,0,0,0,0,0,0,15,0,15,14,0,14,29
05/26/2003,ORH,MA,ANE,EN,Federal Contract Tower,0,1,7,0,8,0,0,0,0,0,0,1,7,0,8,0,0,0,8
05/27/2003,ORH,MA,ANE,EN,Federal Contract Tower,1,0,20,0,21,0,0,11,0,11,1,0,31,0,32,34,0,34,66
05/28/2003,ORH,MA,ANE,EN,Federal Contract Tower,0,2,22,0,24,0,0,16,0,16,0,2,38,0,40,2,2,4,44
05/29/2003,ORH,MA,ANE,EN,Federal Contract Tower,0,0,2,0,2,0,0,53,0,53,0,0,55,0,55,116,4,120,175
05/30/2003,ORH,MA,ANE,EN,Federal Contract Tower,0,0,14,0,14,0,0,62,0,62,0,0,76,0,76,60,0,60,136
05/31/2003,ORH,MA,ANE,EN,Federal Contract Tower,0,0,6,0,6,0,0,69,0,69,0,0,75,0,75,80,0,80,155
06/01/2003,ORH,MA,ANE,EN,Federal Contract Tower,0,0,15,0,15,0,1,0,0,1,0,1,15,0,16,0,0,0,16
06/02/2003,ORH,MA,ANE,EN,Federal Contract Tower,0,0,6,0,6,0,0,89,0,89,0,0,95,0,95,92,0,92,187
06/03/2003,ORH,MA,ANE,EN,Federal Contract Tower,0,0,18,0,18,0,0,79,1,80,0,0,97,1,98,112,4,116,214
06/04/2003,ORH,MA,ANE,EN,Federal Contract Tower,0,5,9,0,14,0,1,37,0,38,0,6,46,0,52,64,2,66,118
06/05/2003,ORH,MA,ANE,EN,Federal Contract Tower,0,3,13,0,16,0,1,0,0,1,0,4,13,0,17,0,0,0,17
06/06/2003,ORH,MA,ANE,EN,Federal Contract Tower,0,0,31,0,31,0,0,103,0,103,0,0,134,0,134,138,4,142,276
06/07/2003,ORH,MA,ANE,EN,Federal Contract Tower,0,0,9,0,9,0,0,40,6,46,0,0,49,6,55,20,0,20,75
06/08/2003,ORH,MA,ANE,EN,Federal Contract Tower,0,0,9,0,9,0,0,16,0,16,0,0,25,0,25,84,0,84,109
06/09/2003,ORH,MA,ANE,EN,Federal Contract Tower,0,0,20,0,20,0,0,25,0,25,0,0,45,0,45,16,0,16,61
06/10/2003,ORH,MA,ANE,EN,Federal Contract Tower,0,0,15,0,15,0,0,91,0,91,0,0,106,0,106,110,0,110,216
06/11/2003,ORH,MA,ANE,EN,Federal Contract Tower,0,0,19,0,19,0,0,1,0,1,0,0,20,0,20,22,0,22,42
06/12/2003,ORH,MA,ANE,EN,Federal Contract Tower,0,1,24,1,26,0,1,49,7,57,0,2,73,8,83,118,4,122,205
06/13/2003,ORH,MA,ANE,EN,Federal Contract Tower,0,0,21,1,22,0,0,2,1,3,0,0,23,2,25,2,0,2,27
06/14/2003,ORH,MA,ANE,EN,Federal Contract Tower,0,0,11,0,11,0,0,14,0,14,0,0,25,0,25,4,0,4,29
06/15/2003,ORH,MA,ANE,EN,Federal Contract Tower,0,0,11,0,11,0,0,127,0,127,0,0,138,0,138,150,0,150,288
06/16/2003,ORH,MA,ANE,EN,Federal Contract Tower,0,0,24,0,24,0,0,75,0,75,0,0,99,0,99,108,0,108,207
06/17/2003,ORH,MA,ANE,EN,Federal Contract Tower,0,6,16,0,22,0,0,90,0,90,0,6,106,0,112,102,0,102,214
06/18/2003,ORH,MA,ANE,EN,Federal Contract Tower,0,8,23,0,31,0,0,0,0,0,0,8,23,0,31,0,0,0,31
06/19/2003,ORH,MA,ANE,EN,Federal Contract Tower,0,3,29,0,32,0,0,52,0,52,0,3,81,0,84,110,0,110,194
06/20/2003,ORH,MA,ANE,EN,Federal Contract Tower,0,0,14,0,14,0,0,59,0,59,0,0,73,0,73,58,0,58,131
06/21/2003,ORH,MA,ANE,EN,Federal Contract Tower,0,2,13,0,15,0,0,70,0,70,0,2,83,0,85,106,0,106,191
06/22/2003,ORH,MA,ANE,EN,Federal Contract Tower,0,0,15,0,15,0,0,4,0,4,0,0,19,0,19,50,0,50,69
06/23/2003,ORH,MA,ANE,EN,Federal Contract Tower,0,0,14,0,14,0,0,64,0,64,0,0,78,0,78,66,0,66,144
06/24/2003,ORH,MA,ANE,EN,Federal Contract Tower,0,2,12,0,14,0,1,90,0,91,0,3,102,0,105,130,0,130,235
06/25/2003,ORH,MA,ANE,EN,Federal Contract Tower,0,8,13,0,21,0,0,111,0,111,0,8,124,0,132,152,0,152,284
06/26/2003,ORH,MA,ANE,EN,Federal Contract Tower,0,6,8,0,14,0,0,85,0,85,0,6,93,0,99,154,0,154,253
06/27/2003,ORH,MA,ANE,EN,Federal Contract Tower,0,3,24,0,27,0,0,82,0,82,0,3,106,0,109,164,0,164,273
06/28/2003,ORH,MA,ANE,EN,Federal Contract Tower,0,1,15,0,16,0,0,145,0,145,0,1,160,0,161,164,0,164,325
06/29/2003,ORH,MA,ANE,EN,Federal Contract Tower,0,0,11,0,11,0,0,115,0,115,0,0,126,0,126,162,0,162,288
06/30/2003,ORH,MA,ANE,EN,Federal Contract Tower,0,0,0,0,0,0,0,59,0,59,0,0,59,0,59,102,0,102,161
07/01/2003,ORH,MA,ANE,EN,Federal Contract Tower,0,2,12,0,14,0,0,87,0,87,0,2,99,0,101,156,0,156,257
07/02/2003,ORH,MA,ANE,EN,Federal Contract Tower,0,0,5,0,5,0,0,75,0,75,0,0,80,0,80,106,0,106,186
07/03/2003,ORH,MA,ANE,EN,Federal Contract Tower,0,3,22,0,25,0,0,103,0,103,0,3,125,0,128,94,4,98,226
07/04/2003,ORH,MA,ANE,EN,Federal Contract Tower,0,0,7,0,7,0,0,71,0,71,0,0,78,0,78,46,0,46,124
07/05/2003,ORH,MA,ANE,EN,Federal Contract Tower,0,1,6,0,7,0,0,71,0,71,0,1,77,0,78,112,0,112,190
07/06/2003,ORH,MA,ANE,EN,Federal Contract Tower,0,0,9,0,9,0,0,129,0,129,0,0,138,0,138,150,0,150,288
07/07/2003,ORH,MA,ANE,EN,Federal Contract Tower,0,0,11,0,11,0,0,60,0,60,0,0,71,0,71,124,0,124,195
07/08/2003,ORH,MA,ANE,EN,Federal Contract Tower,0,2,11,0,13,0,0,57,0,57,0,2,68,0,70,134,0,134,204
07/09/2003,ORH,MA,ANE,EN,Federal Contract Tower,0,5,12,0,17,0,1,43,0,44,0,6,55,0,61,76,0,76,137
07/10/2003,ORH,MA,ANE,EN,Federal Contract Tower,0,3,9,0,12,0,0,117,0,117,0,3,126,0,129,172,0,172,301
07/11/2003,ORH,MA,ANE,EN,Federal Contract Tower,0,6,8,0,14,0,0,0,0,0,0,6,8,0,14,0,0,0,14
07/12/2003,ORH,MA,ANE,EN,Federal Contract Tower,0,0,10,0,10,0,2,97,2,101,0,2,107,2,111,170,0,170,281
07/13/2003,ORH,MA,ANE,EN,Federal Contract Tower,0,1,19,0,20,0,0,112,0,112,0,1,131,0,132,232,0,232,364
07/14/2003,ORH,MA,ANE,EN,Federal Contract Tower,0,0,6,0,6,0,0,75,0,75,0,0,81,0,81,100,0,100,181
07/15/2003,ORH,MA,ANE,EN,Federal Contract Tower,0,0,16,0,16,0,0,84,0,84,0,0,100,0,100,94,4,98,198
07/16/2003,ORH,MA,ANE,EN,Federal Contract Tower,0,0,18,0,18,0,0,0,0,0,0,0,18,0,18,0,0,0,18
07/17/2003,ORH,MA,ANE,EN,Federal Contract Tower,0,0,17,0,17,0,0,104,2,106,0,0,121,2,123,124,0,124,247
07/18/2003,ORH,MA,ANE,EN,Federal Contract Tower,0,1,14,0,15,0,0,59,0,59,0,1,73,0,74,84,0,84,158
07/19/2003,ORH,MA,ANE,EN,Federal Contract Tower,0,0,27,0,27,0,0,133,0,133,0,0,160,0,160,200,0,200,360
07/20/2003,ORH,MA,ANE,EN,Federal Contract Tower,0,3,3,0,6,0,0,160,0,160,0,3,163,0,166,182,0,182,348
07/21/2003,ORH,MA,ANE,EN,Federal Contract Tower,0,0,15,0,15,0,0,33,0,33,0,0,48,0,48,12,0,12,60
07/22/2003,ORH,MA,ANE,EN,Federal Contract Tower,0,1,11,0,12,0,0,29,0,29,0,1,40,0,41,56,0,56,97
07/23/2003,ORH,MA,ANE,EN,Federal Contract Tower,0,1,16,3,20,0,0,14,0,14,0,1,30,3,34,50,0,50,84
07/24/2003,ORH,MA,ANE,EN,Federal Contract Tower,0,6,27,0,33,0,0,45,2,47,0,6,72,2,80,50,0,50,130
07/25/2003,ORH,MA,ANE,EN,Federal Contract Tower,0,3,22,0,25,0,0,118,0,118,0,3,140,0,143,202,0,202,345
07/26/2003,ORH,MA,ANE,EN,Federal Contract Tower,0,1,24,0,25,0,0,139,0,139,0,1,163,0,164,210,0,210,374
07/27/2003,ORH,MA,ANE,EN,Federal Contract Tower,0,3,9,0,12,0,0,66,0,66,0,3,75,0,78,66,0,66,144
07/28/2003,ORH,MA,ANE,EN,Federal Contract Tower,0,0,6,0,6,0,0,87,0,87,0,0,93,0,93,68,0,68,161
07/29/2003,ORH,MA,ANE,EN,Federal Contract Tower,0,4,7,7,18,0,0,85,1,86,0,4,92,8,104,146,6,152,256
07/30/2003,ORH,MA,ANE,EN,Federal Contract Tower,0,0,7,0,7,0,0,82,0,82,0,0,89,0,89,116,2,118,207
07/31/2003,ORH,MA,ANE,EN,Federal Contract Tower,0,3,19,2,24,0,0,89,2,91,0,3,108,4,115,138,2,140,255
08/01/2003,ORH,MA,ANE,EN,Federal Contract Tower,0,0,11,0,11,0,0,1,0,1,0,0,12,0,12,0,0,0,12
08/02/2003,ORH,MA,ANE,EN,Federal Contract Tower,0,2,9,0,11,0,0,3,0,3,0,2,12,0,14,0,0,0,14
08/03/2003,ORH,MA,ANE,EN,Federal Contract Tower,0,0,14,0,14,0,0,3,0,3,0,0,17,0,17,0,0,0,17
08/04/2003,ORH,MA,ANE,EN,Federal Contract Tower,0,0,7,0,7,0,0,1,0,1,0,0,8,0,8,0,0,0,8
08/05/2003,ORH,MA,ANE,EN,Federal Contract Tower,0,2,12,0,14,0,0,1,0,1,0,2,13,0,15,0,0,0,15
08/06/2003,ORH,MA,ANE,EN,Federal Contract Tower,0,0,18,0,18,0,0,12,0,12,0,0,30,0,30,26,0,26,56
08/07/2003,ORH,MA,ANE,EN,Federal Contract Tower,0,1,11,1,13,0,3,58,1,62,0,4,69,2,75,100,2,102,177
08/08/2003,ORH,MA,ANE,EN,Federal Contract Tower,0,2,12,0,14,0,0,23,0,23,0,2,35,0,37,32,0,32,69
08/09/2003,ORH,MA,ANE,EN,Federal Contract Tower,0,1,18,0,19,0,0,22,0,22,0,1,40,0,41,34,0,34,75
08/10/2003,ORH,MA,ANE,EN,Federal Contract Tower,0,0,12,0,12,0,0,32,0,32,0,0,44,0,44,60,0,60,104
08/11/2003,ORH,MA,ANE,EN,Federal Contract Tower,0,2,22,0,24,0,0,6,0,6,0,2,28,0,30,44,0,44,74
08/12/2003,ORH,MA,ANE,EN,Federal Contract Tower,0,2,11,0,13,0,0,42,0,42,0,2,53,0,55,112,0,112,167
08/13/2003,ORH,MA,ANE,EN,Federal Contract Tower,0,1,9,0,10,0,0,18,2,20,0,1,27,2,30,14,0,14,44
08/14/2003,ORH,MA,ANE,EN,Federal Contract Tower,0,1,20,0,21,0,0,112,0,112,0,1,132,0,133,112,0,112,245
08/15/2003,ORH,MA,ANE,EN,Federal Contract Tower,0,1,28,0,29,0,0,100,0,100,0,1,128,0,129,138,0,138,267
08/16/2003,ORH,MA,ANE,EN,Federal Contract Tower,0,0,17,0,17,0,0,129,0,129,0,0,146,0,146,150,0,150,296
08/17/2003,ORH,MA,ANE,EN,Federal Contract Tower,0,0,17,0,17,0,0,111,0,111,0,0,128,0,128,116,0,116,244
08/18/2003,ORH,MA,ANE,EN,Federal Contract Tower,0,0,19,0,19,0,0,45,4,49,0,0,64,4,68,94,0,94,162
08/19/2003,ORH,MA,ANE,EN,Federal Contract Tower,0,1,22,0,23,0,0,100,6,106,0,1,122,6,129,172,0,172,301
08/20/2003,ORH,MA,ANE,EN,Federal Contract Tower,0,3,20,0,23,0,1,85,2,88,0,4,105,2,111,118,0,118,229
08/21/2003,ORH,MA,ANE,EN,Federal Contract Tower,0,1,15,0,16,0,0,115,0,115,0,1,130,0,131,150,0,150,281
08/22/2003,ORH,MA,ANE,EN,Federal Contract Tower,0,3,21,0,24,0,4,45,1,50,0,7,66,1,74,48,0,48,122
08/23/2003,ORH,MA,ANE,EN,Federal Contract Tower,0,0,14,0,14,0,0,135,0,135,0,0,149,0,149,118,0,118,267
08/24/2003,ORH,MA,ANE,EN,Federal Contract Tower,0,4,17,0,21,0,0,107,4,111,0,4,124,4,132,206,0,206,338
08/25/2003,ORH,MA,ANE,EN,Federal Contract Tower,0,2,30,0,32,0,0,112,0,112,0,2,142,0,144,244,0,244,388
08/26/2003,ORH,MA,ANE,EN,Federal Contract Tower,0,0,23,2,25,0,0,81,0,81,0,0,104,2,106,188,0,188,294
08/27/2003,ORH,MA,ANE,EN,Federal Contract Tower,0,4,15,0,19,0,0,70,0,70,0,4,85,0,89,158,0,158,247
08/28/2003,ORH,MA,ANE,EN,Federal Contract Tower,0,12,13,0,25,0,0,112,0,112,0,12,125,0,137,122,0,122,259
08/29/2003,ORH,MA,ANE,EN,Federal Contract Tower,0,5,17,0,22,0,0,96,0,96,0,5,113,0,118,170,0,170,288
08/30/2003,ORH,MA,ANE,EN,Federal Contract Tower,0,5,21,0,26,0,0,66,0,66,0,5,87,0,92,64,0,64,156
08/31/2003,ORH,MA,ANE,EN,Federal Contract Tower,0,1,6,0,7,0,0,130,0,130,0,1,136,0,137,76,0,76,213
09/01/2003,ORH,MA,ANE,EN,Federal Contract Tower,0,1,28,0,29,0,0,35,0,35,0,1,63,0,64,72,0,72,136
09/02/2003,ORH,MA,ANE,EN,Federal Contract Tower,0,1,27,0,28,0,0,5,0,5,0,1,32,0,33,32,0,32,65
09/03/2003,ORH,MA,ANE,EN,Federal Contract Tower,0,3,26,0,29,0,0,22,0,22,0,3,48,0,51,68,0,68,119
09/04/2003,ORH,MA,ANE,EN,Federal Contract Tower,0,5,16,0,21,0,0,19,0,19,0,5,35,0,40,36,0,36,76
09/05/2003,ORH,MA,ANE,EN,Federal Contract Tower,0,4,16,2,22,0,0,91,20,111,0,4,107,22,133,116,0,116,249
09/06/2003,ORH,MA,ANE,EN,Federal Contract Tower,0,1,12,0,13,0,0,138,2,140,0,1,150,2,153,142,0,142,295
09/07/2003,ORH,MA,ANE,EN,Federal Contract Tower,0,0,16,0,16,0,0,121,0,121,0,0,137,0,137,162,0,162,299
09/08/2003,ORH,MA,ANE,EN,Federal Contract Tower,0,5,25,0,30,0,0,87,4,91,0,5,112,4,121,146,0,146,267
09/09/2003,ORH,MA,ANE,EN,Federal Contract Tower,0,1,14,0,15,0,0,76,0,76,0,1,90,0,91,132,0,132,223
09/10/2003,ORH,MA,ANE,EN,Federal Contract Tower,0,4,22,0,26,0,0,139,0,139,0,4,161,0,165,146,0,146,311
09/11/2003,ORH,MA,ANE,EN,Federal Contract Tower,0,5,17,0,22,0,0,77,0,77,0,5,94,0,99,110,0,110,209
09/12/2003,ORH,MA,ANE,EN,Federal Contract Tower,0,0,19,1,20,0,0,98,4,102,0,0,117,5,122,164,2,166,288
09/13/2003,ORH,MA,ANE,EN,Federal Contract Tower,0,1,23,0,24,0,0,16,0,16,0,1,39,0,40,42,0,42,82
09/14/2003,ORH,MA,ANE,EN,Federal Contract Tower,0,3,20,1,24,0,0,16,0,16,0,3,36,1,40,32,0,32,72
09/15/2003,ORH,MA,ANE,EN,Federal Contract Tower,0,2,16,0,18,0,0,29,0,29,0,2,45,0,47,62,0,62,109
09/16/2003,ORH,MA,ANE,EN,Federal Contract Tower,0,3,11,0,14,0,0,42,0,42,0,3,53,0,56,66,0,66,122
09/17/2003,ORH,MA,ANE,EN,Federal Contract Tower,0,1,22,0,23,0,0,111,6,117,0,1,133,6,140,56,0,56,196
09/18/2003,ORH,MA,ANE,EN,Federal Contract Tower,0,1,11,0,12,0,0,96,8,104,0,1,107,8,116,154,0,154,270
09/19/2003,ORH,MA,ANE,EN,Federal Contract Tower,0,0,1,0,1,0,0,0,0,0,0,0,1,0,1,0,0,0,1
09/20/2003,ORH,MA,ANE,EN,Federal Contract Tower,0,3,25,0,28,0,0,63,0,63,0,3,88,0,91,131,0,131,222
09/21/2003,ORH,MA,ANE,EN,Federal Contract Tower,0,1,23,0,24,0,0,165,0,165,0,1,188,0,189,172,0,172,361
09/22/2003,ORH,MA,ANE,EN,Federal Contract Tower,0,0,18,0,18,0,0,91,0,91,0,0,109,0,109,150,0,150,259
09/23/2003,ORH,MA,ANE,EN,Federal Contract Tower,0,0,3,0,3,0,2,2,0,4,0,2,5,0,7,2,0,2,9
09/24/2003,ORH,MA,ANE,EN,Federal Contract Tower,0,5,31,0,36,0,0,82,0,82,0,5,113,0,118,144,0,144,262
09/25/2003,ORH,MA,ANE,EN,Federal Contract Tower,0,4,11,0,15,0,0,79,4,83,0,4,90,4,98,140,0,140,238
09/26/2003,ORH,MA,ANE,EN,Federal Contract Tower,1,4,15,8,28,0,0,0,0,0,1,4,15,8,28,0,0,0,28
09/27/2003,ORH,MA,ANE,EN,Federal Contract Tower,2,0,9,0,11,0,0,15,0,15,2,0,24,0,26,8,0,8,34
09/28/2003,ORH,MA,ANE,EN,Federal Contract Tower,0,1,13,0,14,0,0,0,0,0,0,1,13,0,14,0,0,0,14
09/29/2003,ORH,MA,ANE,EN,Federal Contract Tower,0,0,20,0,20,0,0,79,0,79,0,0,99,0,99,142,0,142,241
09/30/2003,ORH,MA,ANE,EN,Federal Contract Tower,0,2,19,0,21,0,0,114,0,114,0,2,133,0,135,134,0,134,269
10/01/2003,ORH,MA,ANE,EN,Federal Contract Tower,0,1,24,0,25,0,0,76,0,76,0,1,100,0,101,106,0,106,207
10/02/2003,ORH,MA,ANE,EN,Federal Contract Tower,0,1,13,0,14,0,0,94,0,94,0,1,107,0,108,210,0,210,318
10/03/2003,ORH,MA,ANE,EN,Federal Contract Tower,0,1,10,0,11,0,1,110,0,111,0,2,120,0,122,186,0,186,308
10/04/2003,ORH,MA,ANE,EN,Federal Contract Tower,0,0,9,0,9,0,0,56,6,62,0,0,65,6,71,84,0,84,155
10/05/2003,ORH,MA,ANE,EN,Federal Contract Tower,0,1,31,0,32,0,0,119,0,119,0,1,150,0,151,182,0,182,333
10/06/2003,ORH,MA,ANE,EN,Federal Contract Tower,0,3,23,0,26,0,1,85,0,86,0,4,108,0,112,110,0,110,222
10/07/2003,ORH,MA,ANE,EN,Federal Contract Tower,0,1,7,0,8,0,0,72,0,72,0,1,79,0,80,68,0,68,148
10/08/2003,ORH,MA,ANE,EN,Federal Contract Tower,0,2,14,0,16,0,0,104,4,108,0,2,118,4,124,140,0,140,264
10/09/2003,ORH,MA,ANE,EN,Federal Contract Tower,0,4,27,0,31,0,0,97,0,97,0,4,124,0,128,196,0,196,324
10/10/2003,ORH,MA,ANE,EN,Federal Contract Tower,0,1,21,0,22,0,0,35,0,35,0,1,56,0,57,52,0,52,109
10/11/2003,ORH,MA,ANE,EN,Federal Contract Tower,0,1,17,0,18,0,0,147,0,147,0,1,164,0,165,112,0,112,277
10/12/2003,ORH,MA,ANE,EN,Federal Contract Tower,0,0,8,0,8,0,0,19,0,19,0,0,27,0,27,24,0,24,51
10/13/2003,ORH,MA,ANE,EN,Federal Contract Tower,0,2,21,0,23,0,0,110,0,110,0,2,131,0,133,154,0,154,287
10/14/2003,ORH,MA,ANE,EN,Federal Contract Tower,0,0,11,0,11,0,0,76,0,76,0,0,87,0,87,92,0,92,179
10/15/2003,ORH,MA,ANE,EN,Federal Contract Tower,0,0,11,0,11,0,0,5,0,5,0,0,16,0,16,22,0,22,38
10/16/2003,ORH,MA,ANE,EN,Federal Contract Tower,0,1,13,0,14,0,0,47,2,49,0,1,60,2,63,98,0,98,161
10/17/2003,ORH,MA,ANE,EN,Federal Contract Tower,0,0,4,0,4,0,0,86,0,86,0,0,90,0,90,132,0,132,222
10/18/2003,ORH,MA,ANE,EN,Federal Contract Tower,0,1,23,0,24,0,0,104,0,104,0,1,127,0,128,120,0,120,248
10/19/2003,ORH,MA,ANE,EN,Federal Contract Tower,0,0,10,0,10,0,0,27,0,27,0,0,37,0,37,24,0,24,61
10/20/2003,ORH,MA,ANE,EN,Federal Contract Tower,0,2,21,0,23,0,8,79,0,87,0,10,100,0,110,160,0,160,270
10/21/2003,ORH,MA,ANE,EN,Federal Contract Tower,0,0,5,0,5,0,2,9,0,11,0,2,14,0,16,16,0,16,32
10/22/2003,ORH,MA,ANE,EN,Federal Contract Tower,0,0,5,0,5,0,0,2,0,2,0,0,7,0,7,0,0,0,7
10/23/2003,ORH,MA,ANE,EN,Federal Contract Tower,0,1,15,0,16,0,2,19,0,21,0,3,34,0,37,4,0,4,41
10/24/2003,ORH,MA,ANE,EN,Federal Contract Tower,0,3,29,0,32,0,2,111,0,113,0,5,140,0,145,220,0,220,365
10/25/2003,ORH,MA,ANE,EN,Federal Contract Tower,0,1,41,0,42,0,0,118,0,118,0,1,159,0,160,154,0,154,314
10/26/2003,ORH,MA,ANE,EN,Federal Contract Tower,0,0,21,0,21,1,0,1,0,2,1,0,22,0,23,0,0,0,23
10/27/2003,ORH,MA,ANE,EN,Federal Contract Tower,0,0,8,0,8,2,0,0,0,2,2,0,8,0,10,0,0,0,10
10/28/2003,ORH,MA,ANE,EN,Federal Contract Tower,0,1,15,0,16,0,4,74,0,78,0,5,89,0,94,182,0,182,276
10/29/2003,ORH,MA,ANE,EN,Federal Contract Tower,0,1,9,0,10,0,3,0,0,3,0,4,9,0,13,0,0,0,13
10/30/2003,ORH,MA,ANE,EN,Federal Contract Tower,0,2,20,0,22,0,7,77,2,86,0,9,97,2,108,182,0,182,290
10/31/2003,ORH,MA,ANE,EN,Federal Contract Tower,0,1,14,0,15,0,2,118,0,120,0,3,132,0,135,226,0,226,361
11/01/2003,ORH,MA,ANE,EN,Federal Contract Tower,0,3,26,0,29,0,3,111,0,114,0,6,137,0,143,146,6,152,295
11/02/2003,ORH,MA,ANE,EN,Federal Contract Tower,0,0,20,0,20,0,0,148,0,148,0,0,168,0,168,154,0,154,322
11/03/2003,ORH,MA,ANE,EN,Federal Contract Tower,0,0,16,0,16,0,0,41,0,41,0,0,57,0,57,102,0,102,159
11/04/2003,ORH,MA,ANE,EN,Federal Contract Tower,0,0,11,0,11,0,0,2,0,2,0,0,13,0,13,0,0,0,13
11/05/2003,ORH,MA,ANE,EN,Federal Contract Tower,0,0,6,0,6,0,0,1,0,1,0,0,7,0,7,0,0,0,7
11/06/2003,ORH,MA,ANE,EN,Federal Contract Tower,0,3,21,0,24,0,2,82,0,84,0,5,103,0,108,174,0,174,282
11/07/2003,ORH,MA,ANE,EN,Federal Contract Tower,0,3,19,0,22,0,5,92,0,97,0,8,111,0,119,210,0,210,329
11/08/2003,ORH,MA,ANE,EN,Federal Contract Tower,0,1,17,0,18,0,0,71,0,71,0,1,88,0,89,104,0,104,193
11/09/2003,ORH,MA,ANE,EN,Federal Contract Tower,0,1,6,0,7,0,0,106,0,106,0,1,112,0,113,98,0,98,211
11/10/2003,ORH,MA,ANE,EN,Federal Contract Tower,0,3,41,0,44,0,0,106,0,106,0,3,147,0,150,176,0,176,326
11/11/2003,ORH,MA,ANE,EN,Federal Contract Tower,0,1,14,0,15,0,0,31,0,31,0,1,45,0,46,12,0,12,58
11/12/2003,ORH,MA,ANE,EN,Federal Contract Tower,0,2,11,0,13,0,1,39,0,40,0,3,50,0,53,62,0,62,115
11/13/2003,ORH,MA,ANE,EN,Federal Contract Tower,0,0,8,0,8,0,3,53,0,56,0,3,61,0,64,90,0,90,154
11/14/2003,ORH,MA,ANE,EN,Federal Contract Tower,0,0,8,0,8,0,3,6,0,9,0,3,14,0,17,0,0,0,17
11/15/2003,ORH,MA,ANE,EN,Federal Contract Tower,0,0,3,0,3,0,0,66,0,66,0,0,69,0,69,74,0,74,143
11/16/2003,ORH,MA,ANE,EN,Federal Contract Tower,0,0,26,0,26,0,0,164,0,164,0,0,190,0,190,210,0,210,400
11/17/2003,ORH,MA,ANE,EN,Federal Contract Tower,0,0,4,0,4,0,0,58,0,58,0,0,62,0,62,164,0,164,226
11/18/2003,ORH,MA,ANE,EN,Federal Contract Tower,0,1,19,0,20,0,0,91,0,91,0,1,110,0,111,174,0,174,285
11/19/2003,ORH,MA,ANE,EN,Federal Contract Tower,0,0,10,0,10,0,0,6,2,8,0,0,16,2,18,0,14,14,32
11/20/2003,ORH,MA,ANE,EN,Federal Contract Tower,0,0,13,0,13,0,0,34,2,36,0,0,47,2,49,34,6,40,89
11/21/2003,ORH,MA,ANE,EN,Federal Contract Tower,0,0,16,0,16,0,0,109,0,109,0,0,125,0,125,126,0,126,251
11/22/2003,ORH,MA,ANE,EN,Federal Contract Tower,0,2,31,0,33,0,0,123,0,123,0,2,154,0,156,218,0,218,374
11/23/2003,ORH,MA,ANE,EN,Federal Contract Tower,0,0,20,0,20,2,0,140,0,142,2,0,160,0,162,144,0,144,306
11/24/2003,ORH,MA,ANE,EN,Federal Contract Tower,0,2,31,0,33,0,0,89,0,89,0,2,120,0,122,136,4,140,262
11/25/2003,ORH,MA,ANE,EN,Federal Contract Tower,0,1,15,0,16,2,1,41,0,44,2,2,56,0,60,102,0,102,162
11/26/2003,ORH,MA,ANE,EN,Federal Contract Tower,0,2,21,0,23,0,6,116,2,124,0,8,137,2,147,170,0,170,317
11/27/2003,ORH,MA,ANE,EN,Federal Contract Tower,0,0,5,0,5,0,1,56,0,57,0,1,61,0,62,84,0,84,146
11/28/2003,ORH,MA,ANE,EN,Federal Contract Tower,0,0,7,0,7,0,3,0,0,3,0,3,7,0,10,0,0,0,10
11/29/2003,ORH,MA,ANE,EN,Federal Contract Tower,0,0,2,0,2,0,0,10,0,10,0,0,12,0,12,0,0,0,12
11/30/2003,ORH,MA,ANE,EN,Federal Contract Tower,0,2,37,0,39,0,0,115,0,115,0,2,152,0,154,128,0,128,282
12/01/2003,ORH,MA,ANE,EN,Federal Contract Tower,0,2,5,0,7,0,0,46,0,46,0,2,51,0,53,82,0,82,135
12/02/2003,ORH,MA,ANE,EN,Federal Contract Tower,0,1,5,0,6,0,0,8,6,14,0,1,13,6,20,0,6,6,26
12/03/2003,ORH,MA,ANE,EN,Federal Contract Tower,0,3,24,0,27,0,0,81,0,81,0,3,105,0,108,90,0,90,198
12/04/2003,ORH,MA,ANE,EN,Federal Contract Tower,0,5,20,0,25,0,5,79,2,86,0,10,99,2,111,148,0,148,259
12/05/2003,ORH,MA,ANE,EN,Federal Contract Tower,0,5,19,0,24,0,0,74,2,76,0,5,93,2,100,194,0,194,294
12/06/2003,ORH,MA,ANE,EN,Federal Contract Tower,0,0,0,0,0,0,0,0,0,0,0,0,0,0,0,0,0,0,0
12/07/2003,ORH,MA,ANE,EN,Federal Contract Tower,0,1,0,0,1,0,0,0,0,0,0,1,0,0,1,0,0,0,1
12/08/2003,ORH,MA,ANE,EN,Federal Contract Tower,0,4,13,0,17,0,1,26,0,27,0,5,39,0,44,64,0,64,108
12/09/2003,ORH,MA,ANE,EN,Federal Contract Tower,0,3,13,0,16,0,1,62,0,63,0,4,75,0,79,40,0,40,119
12/10/2003,ORH,MA,ANE,EN,Federal Contract Tower,0,1,13,0,14,0,0,45,0,45,0,1,58,0,59,78,0,78,137
12/11/2003,ORH,MA,ANE,EN,Federal Contract Tower,0,1,1,0,2,0,1,0,0,1,0,2,1,0,3,0,0,0,3
12/12/2003,ORH,MA,ANE,EN,Federal Contract Tower,0,3,9,0,12,0,1,102,0,103,0,4,111,0,115,142,2,144,259
12/13/2003,ORH,MA,ANE,EN,Federal Contract Tower,0,0,20,0,20,0,0,137,4,141,0,0,157,4,161,212,0,212,373
12/14/2003,ORH,MA,ANE,EN,Federal Contract Tower,0,2,6,0,8,0,0,49,0,49,0,2,55,0,57,140,0,140,197
12/15/2003,ORH,MA,ANE,EN,Federal Contract Tower,0,1,4,0,5,0,3,13,0,16,0,4,17,0,21,0,0,0,21
12/16/2003,ORH,MA,ANE,EN,Federal Contract Tower,0,0,24,0,24,0,0,62,0,62,0,0,86,0,86,38,0,38,124
12/17/2003,ORH,MA,ANE,EN,Federal Contract Tower,0,2,9,0,11,0,5,0,0,5,0,7,9,0,16,0,0,0,16
12/18/2003,ORH,MA,ANE,EN,Federal Contract Tower,0,1,6,0,7,0,0,72,2,74,0,1,78,2,81,102,2,104,185
12/19/2003,ORH,MA,ANE,EN,Federal Contract Tower,0,4,27,0,31,0,0,98,0,98,0,4,125,0,129,214,0,214,343
12/20/2003,ORH,MA,ANE,EN,Federal Contract Tower,0,5,27,0,32,0,0,98,4,102,0,5,125,4,134,194,0,194,328
12/21/2003,ORH,MA,ANE,EN,Federal Contract Tower,0,0,9,0,9,0,0,61,0,61,0,0,70,0,70,200,0,200,270
12/22/2003,ORH,MA,ANE,EN,Federal Contract Tower,0,1,8,0,9,0,1,102,0,103,0,2,110,0,112,144,0,144,256
12/23/2003,ORH,MA,ANE,EN,Federal Contract Tower,0,1,7,0,8,0,1,53,4,58,0,2,60,4,66,38,0,38,104
12/24/2003,ORH,MA,ANE,EN,Federal Contract Tower,0,0,0,0,0,0,4,0,0,4,0,4,0,0,4,0,0,0,4
12/25/2003,ORH,MA,ANE,EN,Federal Contract Tower,0,0,3,0,3,0,0,35,0,35,0,0,38,0,38,30,0,30,68
12/26/2003,ORH,MA,ANE,EN,Federal Contract Tower,0,1,7,0,8,0,2,86,2,90,0,3,93,2,98,162,0,162,260
12/27/2003,ORH,MA,ANE,EN,Federal Contract Tower,0,1,9,0,10,0,0,109,0,109,0,1,118,0,119,174,0,174,293
12/28/2003,ORH,MA,ANE,EN,Federal Contract Tower,0,1,14,0,15,0,0,156,0,156,0,1,170,0,171,218,0,218,389
12/29/2003,ORH,MA,ANE,EN,Federal Contract Tower,0,3,31,0,34,0,0,93,0,93,0,3,124,0,127,200,0,200,327
12/30/2003,ORH,MA,ANE,EN,Federal Contract Tower,0,1,5,0,6,0,1,0,0,1,0,2,5,0,7,0,0,0,7
12/31/2003,ORH,MA,ANE,EN,Federal Contract Tower,0,3,19,0,22,0,0,83,0,83,0,3,102,0,105,164,0,164,269
01/01/2004,ORH,MA,ANE,EN,Federal Contract Tower,0,1,3,0,4,0,0,65,0,65,0,1,68,0,69,98,0,98,167
01/02/2004,ORH,MA,ANE,EN,Federal Contract Tower,0,0,3,0,3,0,1,0,0,1,0,1,3,0,4,0,0,0,4
01/03/2004,ORH,MA,ANE,EN,Federal Contract Tower,0,0,1,0,1,0,2,0,0,2,0,2,1,0,3,0,0,0,3
01/04/2004,ORH,MA,ANE,EN,Federal Contract Tower,0,3,9,0,12,0,0,81,0,81,0,3,90,0,93,190,0,190,283
01/05/2004,ORH,MA,ANE,EN,Federal Contract Tower,0,0,0,0,0,0,0,0,0,0,0,0,0,0,0,0,0,0,0
01/06/2004,ORH,MA,ANE,EN,Federal Contract Tower,0,4,12,0,16,0,0,27,0,27,0,4,39,0,43,14,0,14,57
01/07/2004,ORH,MA,ANE,EN,Federal Contract Tower,0,4,11,0,15,0,2,43,0,45,0,6,54,0,60,34,0,34,94
01/08/2004,ORH,MA,ANE,EN,Federal Contract Tower,0,2,3,0,5,0,1,77,4,82,0,3,80,4,87,100,4,104,191
01/09/2004,ORH,MA,ANE,EN,Federal Contract Tower,0,0,6,0,6,0,0,91,0,91,0,0,97,0,97,144,0,144,241
01/10/2004,ORH,MA,ANE,EN,Federal Contract Tower,0,4,10,0,14,0,0,101,0,101,0,4,111,0,115,178,0,178,293
01/11/2004,ORH,MA,ANE,EN,Federal Contract Tower,0,1,9,0,10,0,0,99,0,99,0,1,108,0,109,108,0,108,217
01/12/2004,ORH,MA,ANE,EN,Federal Contract Tower,0,2,6,0,8,0,2,27,0,29,0,4,33,0,37,52,0,52,89
01/13/2004,ORH,MA,ANE,EN,Federal Contract Tower,0,2,6,0,8,0,0,53,0,53,0,2,59,0,61,56,0,56,117
01/14/2004,ORH,MA,ANE,EN,Federal Contract Tower,0,1,6,0,7,0,0,34,4,38,0,1,40,4,45,60,0,60,105
01/15/2004,ORH,MA,ANE,EN,Federal Contract Tower,0,2,8,0,10,0,3,44,0,47,0,5,52,0,57,76,0,76,133
01/16/2004,ORH,MA,ANE,EN,Federal Contract Tower,0,1,5,0,6,0,3,29,0,32,0,4,34,0,38,4,0,4,42
01/17/2004,ORH,MA,ANE,EN,Federal Contract Tower,0,2,8,0,10,0,0,95,0,95,0,2,103,0,105,28,0,28,133
01/18/2004,ORH,MA,ANE,EN,Federal Contract Tower,0,0,2,0,2,0,2,1,0,3,0,2,3,0,5,0,0,0,5
01/19/2004,ORH,MA,ANE,EN,Federal Contract Tower,0,0,1,0,1,0,0,17,0,17,0,0,18,0,18,0,0,0,18
01/20/2004,ORH,MA,ANE,EN,Federal Contract Tower,0,1,7,0,8,0,1,22,0,23,0,2,29,0,31,10,0,10,41
01/21/2004,ORH,MA,ANE,EN,Federal Contract Tower,0,2,9,0,11,0,0,67,0,67,0,2,76,0,78,80,0,80,158
01/22/2004,ORH,MA,ANE,EN,Federal Contract Tower,0,1,6,0,7,0,0,48,2,50,0,1,54,2,57,80,0,80,137
01/23/2004,ORH,MA,ANE,EN,Federal Contract Tower,0,0,7,0,7,0,0,58,4,62,0,0,65,4,69,2,0,2,71
01/24/2004,ORH,MA,ANE,EN,Federal Contract Tower,0,0,6,0,6,0,0,115,0,115,0,0,121,0,121,132,0,132,253
01/25/2004,ORH,MA,ANE,EN,Federal Contract Tower,0,2,11,0,13,2,0,127,0,129,2,2,138,0,142,190,0,190,332
01/26/2004,ORH,MA,ANE,EN,Federal Contract Tower,0,1,8,0,9,0,0,58,2,60,0,1,66,2,69,106,0,106,175
01/27/2004,ORH,MA,ANE,EN,Federal Contract Tower,0,0,4,0,4,1,2,27,0,30,1,2,31,0,34,26,0,26,60
01/28/2004,ORH,MA,ANE,EN,Federal Contract Tower,0,0,2,0,2,0,0,0,0,0,0,0,2,0,2,0,0,0,2
01/29/2004,ORH,MA,ANE,EN,Federal Contract Tower,0,0,5,0,5,0,0,13,2,15,0,0,18,2,20,2,0,2,22
01/30/2004,ORH,MA,ANE,EN,Federal Contract Tower,0,5,23,0,28,0,0,80,0,80,0,5,103,0,108,122,0,122,230
01/31/2004,ORH,MA,ANE,EN,Federal Contract Tower,0,0,19,0,19,0,0,99,0,99,0,0,118,0,118,168,0,168,286
02/01/2004,ORH,MA,ANE,EN,Federal Contract Tower,0,1,21,0,22,0,0,101,0,101,0,1,122,0,123,152,0,152,275
02/02/2004,ORH,MA,ANE,EN,Federal Contract Tower,0,0,18,0,18,0,0,110,0,110,0,0,128,0,128,170,0,170,298
02/03/2004,ORH,MA,ANE,EN,Federal Contract Tower,0,0,2,0,2,0,0,2,0,2,0,0,4,0,4,6,0,6,10
02/04/2004,ORH,MA,ANE,EN,Federal Contract Tower,0,0,7,0,7,0,0,36,0,36,0,0,43,0,43,0,0,0,43
02/05/2004,ORH,MA,ANE,EN,Federal Contract Tower,0,0,10,0,10,0,0,112,4,116,0,0,122,4,126,170,0,170,296
02/06/2004,ORH,MA,ANE,EN,Federal Contract Tower,0,0,0,0,0,0,0,0,0,0,0,0,0,0,0,0,0,0,0
02/07/2004,ORH,MA,ANE,EN,Federal Contract Tower,0,0,3,0,3,0,0,2,0,2,0,0,5,0,5,0,0,0,5
02/08/2004,ORH,MA,ANE,EN,Federal Contract Tower,0,1,10,0,11,0,0,77,0,77,0,1,87,0,88,114,0,114,202
02/09/2004,ORH,MA,ANE,EN,Federal Contract Tower,0,3,15,0,18,0,2,65,0,67,0,5,80,0,85,78,0,78,163
02/10/2004,ORH,MA,ANE,EN,Federal Contract Tower,0,3,17,0,20,0,2,68,2,72,0,5,85,2,92,98,0,98,190
02/11/2004,ORH,MA,ANE,EN,Federal Contract Tower,0,1,18,0,19,0,0,56,2,58,0,1,74,2,77,58,0,58,135
02/12/2004,ORH,MA,ANE,EN,Federal Contract Tower,0,3,25,0,28,0,4,90,0,94,0,7,115,0,122,218,0,218,340
02/13/2004,ORH,MA,ANE,EN,Federal Contract Tower,0,1,15,0,16,0,0,77,0,77,0,1,92,0,93,154,0,154,247
02/14/2004,ORH,MA,ANE,EN,Federal Contract Tower,0,1,13,0,14,0,0,106,0,106,0,1,119,0,120,184,0,184,304
02/15/2004,ORH,MA,ANE,EN,Federal Contract Tower,0,0,8,0,8,0,0,92,0,92,0,0,100,0,100,134,0,134,234
02/16/2004,ORH,MA,ANE,EN,Federal Contract Tower,0,2,16,0,18,0,4,64,0,68,0,6,80,0,86,94,0,94,180
02/17/2004,ORH,MA,ANE,EN,Federal Contract Tower,0,0,5,0,5,0,2,50,0,52,0,2,55,0,57,84,0,84,141
02/18/2004,ORH,MA,ANE,EN,Federal Contract Tower,0,0,3,0,3,0,2,37,4,43,0,2,40,4,46,64,0,64,110
02/19/2004,ORH,MA,ANE,EN,Federal Contract Tower,0,2,19,0,21,0,4,53,0,57,0,6,72,0,78,94,0,94,172
02/20/2004,ORH,MA,ANE,EN,Federal Contract Tower,0,2,15,0,17,0,0,71,2,73,0,2,86,2,90,124,0,124,214
02/21/2004,ORH,MA,ANE,EN,Federal Contract Tower,0,0,0,0,0,0,0,0,0,0,0,0,0,0,0,0,0,0,0
02/22/2004,ORH,MA,ANE,EN,Federal Contract Tower,0,0,12,0,12,0,0,71,2,73,0,0,83,2,85,92,0,92,177
02/23/2004,ORH,MA,ANE,EN,Federal Contract Tower,0,0,14,0,14,0,0,50,0,50,0,0,64,0,64,116,0,116,180
02/24/2004,ORH,MA,ANE,EN,Federal Contract Tower,0,2,26,0,28,0,0,49,0,49,0,2,75,0,77,74,0,74,151
02/25/2004,ORH,MA,ANE,EN,Federal Contract Tower,0,2,20,0,22,0,1,56,0,57,0,3,76,0,79,70,0,70,149
02/26/2004,ORH,MA,ANE,EN,Federal Contract Tower,0,2,18,0,20,0,4,67,0,71,0,6,85,0,91,110,0,110,201
02/27/2004,ORH,MA,ANE,EN,Federal Contract Tower,0,1,11,0,12,0,1,81,0,82,0,2,92,0,94,150,0,150,244
02/28/2004,ORH,MA,ANE,EN,Federal Contract Tower,0,1,11,0,12,0,0,150,2,152,0,1,161,2,164,96,0,96,260
02/29/2004,ORH,MA,ANE,EN,Federal Contract Tower,0,0,27,0,27,0,0,121,0,121,0,0,148,0,148,170,0,170,318
03/01/2004,ORH,MA,ANE,EN,Federal Contract Tower,0,2,11,0,13,0,0,66,0,66,0,2,77,0,79,116,0,116,195
03/02/2004,ORH,MA,ANE,EN,Federal Contract Tower,0,4,24,0,28,0,1,8,0,9,0,5,32,0,37,44,0,44,81
03/03/2004,ORH,MA,ANE,EN,Federal Contract Tower,0,0,9,0,9,0,0,74,0,74,0,0,83,0,83,66,0,66,149
03/04/2004,ORH,MA,ANE,EN,Federal Contract Tower,0,1,9,0,10,0,1,32,0,33,0,2,41,0,43,18,0,18,61
03/05/2004,ORH,MA,ANE,EN,Federal Contract Tower,0,2,16,0,18,0,0,2,0,2,0,2,18,0,20,0,0,0,20
03/06/2004,ORH,MA,ANE,EN,Federal Contract Tower,0,0,14,0,14,0,0,4,0,4,0,0,18,0,18,0,0,0,18
03/07/2004,ORH,MA,ANE,EN,Federal Contract Tower,0,2,24,0,26,0,0,128,0,128,0,2,152,0,154,204,0,204,358
03/08/2004,ORH,MA,ANE,EN,Federal Contract Tower,0,1,2,0,3,0,2,0,0,2,0,3,2,0,5,0,0,0,5
03/09/2004,ORH,MA,ANE,EN,Federal Contract Tower,0,3,14,0,17,0,0,0,0,0,0,3,14,0,17,0,0,0,17
03/10/2004,ORH,MA,ANE,EN,Federal Contract Tower,0,0,12,0,12,0,0,50,0,50,0,0,62,0,62,76,0,76,138
03/11/2004,ORH,MA,ANE,EN,Federal Contract Tower,0,3,10,0,13,0,2,77,2,81,0,5,87,2,94,136,0,136,230
03/12/2004,ORH,MA,ANE,EN,Federal Contract Tower,0,0,6,0,6,0,2,24,0,26,0,2,30,0,32,36,0,36,68
03/13/2004,ORH,MA,ANE,EN,Federal Contract Tower,0,0,13,1,14,0,0,55,1,56,0,0,68,2,70,26,0,26,96
03/14/2004,ORH,MA,ANE,EN,Federal Contract Tower,0,2,32,1,35,2,0,144,0,146,2,2,176,1,181,176,0,176,357
03/15/2004,ORH,MA,ANE,EN,Federal Contract Tower,0,0,9,0,9,0,0,43,0,43,0,0,52,0,52,50,2,52,104
03/16/2004,ORH,MA,ANE,EN,Federal Contract Tower,0,0,4,0,4,0,2,18,0,20,0,2,22,0,24,36,0,36,60
03/17/2004,ORH,MA,ANE,EN,Federal Contract Tower,0,0,6,1,7,2,0,3,3,8,2,0,9,4,15,0,0,0,15
03/18/2004,ORH,MA,ANE,EN,Federal Contract Tower,0,2,8,0,10,0,9,0,0,9,0,11,8,0,19,4,0,4,23
03/19/2004,ORH,MA,ANE,EN,Federal Contract Tower,0,0,2,0,2,0,2,54,0,56,0,2,56,0,58,74,0,74,132
03/20/2004,ORH,MA,ANE,EN,Federal Contract Tower,0,1,32,0,33,0,0,86,0,86,0,1,118,0,119,160,0,160,279
03/21/2004,ORH,MA,ANE,EN,Federal Contract Tower,0,1,9,0,10,0,1,54,2,57,0,2,63,2,67,80,0,80,147
03/22/2004,ORH,MA,ANE,EN,Federal Contract Tower,0,0,5,0,5,0,0,69,0,69,0,0,74,0,74,82,0,82,156
03/23/2004,ORH,MA,ANE,EN,Federal Contract Tower,0,1,11,0,12,0,2,42,2,46,0,3,53,2,58,42,0,42,100
03/24/2004,ORH,MA,ANE,EN,Federal Contract Tower,0,2,27,0,29,0,0,104,0,104,0,2,131,0,133,156,0,156,289
03/25/2004,ORH,MA,ANE,EN,Federal Contract Tower,0,3,17,0,20,0,4,52,0,56,0,7,69,0,76,50,0,50,126
03/26/2004,ORH,MA,ANE,EN,Federal Contract Tower,0,2,19,0,21,0,0,105,8,113,0,2,124,8,134,208,2,210,344
03/27/2004,ORH,MA,ANE,EN,Federal Contract Tower,0,1,18,0,19,0,0,53,0,53,0,1,71,0,72,52,0,52,124
03/28/2004,ORH,MA,ANE,EN,Federal Contract Tower,0,0,17,0,17,0,0,71,0,71,0,0,88,0,88,174,0,174,262
03/29/2004,ORH,MA,ANE,EN,Federal Contract Tower,0,1,22,0,23,0,0,71,0,71,0,1,93,0,94,152,0,152,246
03/30/2004,ORH,MA,ANE,EN,Federal Contract Tower,0,5,31,0,36,0,3,37,2,42,0,8,68,2,78,36,0,36,114
03/31/2004,ORH,MA,ANE,EN,Federal Contract Tower,0,1,9,0,10,0,2,0,0,2,0,3,9,0,12,0,0,0,12
04/01/2004,ORH,MA,ANE,EN,Federal Contract Tower,0,0,2,0,2,0,0,1,0,1,0,0,3,0,3,0,0,0,3
04/02/2004,ORH,MA,ANE,EN,Federal Contract Tower,0,0,17,0,17,0,0,3,0,3,0,0,20,0,20,0,0,0,20
04/03/2004,ORH,MA,ANE,EN,Federal Contract Tower,0,2,10,0,12,0,2,0,0,2,0,4,10,0,14,2,0,2,16
04/04/2004,ORH,MA,ANE,EN,Federal Contract Tower,0,1,15,0,16,0,0,38,0,38,0,1,53,0,54,68,0,68,122
04/05/2004,ORH,MA,ANE,EN,Federal Contract Tower,0,2,9,0,11,0,0,41,0,41,0,2,50,0,52,88,0,88,140
04/06/2004,ORH,MA,ANE,EN,Federal Contract Tower,0,1,5,0,6,0,1,62,0,63,0,2,67,0,69,36,0,36,105
04/07/2004,ORH,MA,ANE,EN,Federal Contract Tower,0,0,22,0,22,0,0,86,0,86,0,0,108,0,108,142,0,142,250
04/08/2004,ORH,MA,ANE,EN,Federal Contract Tower,0,1,23,0,24,0,0,99,2,101,0,1,122,2,125,298,0,298,423
04/09/2004,ORH,MA,ANE,EN,Federal Contract Tower,0,2,15,0,17,0,0,107,0,107,0,2,122,0,124,180,0,180,304
04/10/2004,ORH,MA,ANE,EN,Federal Contract Tower,0,5,31,0,36,0,1,137,0,138,0,6,168,0,174,226,0,226,400
04/11/2004,ORH,MA,ANE,EN,Federal Contract Tower,0,0,9,0,9,0,0,102,0,102,0,0,111,0,111,210,0,210,321
04/12/2004,ORH,MA,ANE,EN,Federal Contract Tower,0,1,12,0,13,0,2,58,0,60,0,3,70,0,73,72,0,72,145
04/13/2004,ORH,MA,ANE,EN,Federal Contract Tower,0,0,4,0,4,0,3,0,0,3,0,3,4,0,7,0,0,0,7
04/14/2004,ORH,MA,ANE,EN,Federal Contract Tower,0,1,8,0,9,0,3,0,0,3,0,4,8,0,12,0,0,0,12
04/15/2004,ORH,MA,ANE,EN,Federal Contract Tower,0,3,26,0,29,0,13,27,0,40,0,16,53,0,69,84,0,84,153
04/16/2004,ORH,MA,ANE,EN,Federal Contract Tower,0,0,23,0,23,0,0,128,25,153,0,0,151,25,176,232,0,232,408
04/17/2004,ORH,MA,ANE,EN,Federal Contract Tower,0,2,24,0,26,0,0,129,5,134,0,2,153,5,160,172,0,172,332
04/18/2004,ORH,MA,ANE,EN,Federal Contract Tower,0,1,16,0,17,0,1,151,0,152,0,2,167,0,169,206,0,206,375
04/19/2004,ORH,MA,ANE,EN,Federal Contract Tower,0,0,14,0,14,0,0,67,0,67,0,0,81,0,81,104,0,104,185
04/20/2004,ORH,MA,ANE,EN,Federal Contract Tower,0,0,38,0,38,0,0,73,2,75,0,0,111,2,113,44,2,46,159
04/21/2004,ORH,MA,ANE,EN,Federal Contract Tower,0,0,18,0,18,0,0,78,2,80,0,0,96,2,98,108,0,108,206
04/22/2004,ORH,MA,ANE,EN,Federal Contract Tower,0,0,14,0,14,0,0,92,0,92,0,0,106,0,106,142,0,142,248
04/23/2004,ORH,MA,ANE,EN,Federal Contract Tower,0,2,31,0,33,0,0,2,0,2,0,2,33,0,35,0,0,0,35
04/24/2004,ORH,MA,ANE,EN,Federal Contract Tower,0,0,15,0,15,0,0,112,14,126,0,0,127,14,141,154,6,160,301
04/25/2004,ORH,MA,ANE,EN,Federal Contract Tower,0,0,26,0,26,0,0,181,4,185,0,0,207,4,211,170,0,170,381
04/26/2004,ORH,MA,ANE,EN,Federal Contract Tower,0,0,4,0,4,0,0,0,0,0,0,0,4,0,4,0,0,0,4
04/27/2004,ORH,MA,ANE,EN,Federal Contract Tower,0,1,9,0,10,0,3,32,0,35,0,4,41,0,45,36,0,36,81
04/28/2004,ORH,MA,ANE,EN,Federal Contract Tower,0,3,26,0,29,0,0,84,0,84,0,3,110,0,113,74,0,74,187
04/29/2004,ORH,MA,ANE,EN,Federal Contract Tower,0,1,15,0,16,0,4,74,4,82,0,5,89,4,98,114,0,114,212
04/30/2004,ORH,MA,ANE,EN,Federal Contract Tower,0,1,17,0,18,0,0,99,0,99,0,1,116,0,117,160,0,160,277
05/01/2004,ORH,MA,ANE,EN,Federal Contract Tower,0,1,19,0,20,0,0,102,2,104,0,1,121,2,124,124,0,124,248
05/02/2004,ORH,MA,ANE,EN,Federal Contract Tower,1,0,32,0,33,1,0,7,0,8,2,0,39,0,41,14,0,14,55
05/03/2004,ORH,MA,ANE,EN,Federal Contract Tower,0,1,12,0,13,0,1,0,0,1,0,2,12,0,14,0,0,0,14
05/04/2004,ORH,MA,ANE,EN,Federal Contract Tower,1,3,24,0,28,0,12,34,4,50,1,15,58,4,78,40,0,40,118
05/05/2004,ORH,MA,ANE,EN,Federal Contract Tower,1,1,12,0,14,0,4,60,0,64,1,5,72,0,78,84,0,84,162
05/06/2004,ORH,MA,ANE,EN,Federal Contract Tower,0,3,36,0,39,0,0,95,0,95,0,3,131,0,134,220,0,220,354
05/07/2004,ORH,MA,ANE,EN,Federal Contract Tower,0,3,17,0,20,0,4,87,0,91,0,7,104,0,111,58,0,58,169
05/08/2004,ORH,MA,ANE,EN,Federal Contract Tower,0,0,19,0,19,0,0,143,2,145,0,0,162,2,164,142,0,142,306
05/09/2004,ORH,MA,ANE,EN,Federal Contract Tower,0,0,17,0,17,0,0,85,0,85,0,0,102,0,102,74,0,74,176
05/10/2004,ORH,MA,ANE,EN,Federal Contract Tower,0,3,26,0,29,0,0,61,0,61,0,3,87,0,90,32,0,32,122
05/11/2004,ORH,MA,ANE,EN,Federal Contract Tower,0,3,14,0,17,0,0,72,2,74,0,3,86,2,91,46,2,48,139
05/12/2004,ORH,MA,ANE,EN,Federal Contract Tower,0,1,12,0,13,0,0,108,0,108,0,1,120,0,121,102,0,102,223
05/13/2004,ORH,MA,ANE,EN,Federal Contract Tower,0,0,13,0,13,2,0,106,0,108,2,0,119,0,121,102,0,102,223
05/14/2004,ORH,MA,ANE,EN,Federal Contract Tower,0,2,15,0,17,0,1,81,0,82,0,3,96,0,99,92,0,92,191
05/15/2004,ORH,MA,ANE,EN,Federal Contract Tower,0,1,13,0,14,0,0,117,0,117,0,1,130,0,131,196,0,196,327
05/16/2004,ORH,MA,ANE,EN,Federal Contract Tower,0,2,18,0,20,0,0,43,0,43,0,2,61,0,63,42,0,42,105
05/17/2004,ORH,MA,ANE,EN,Federal Contract Tower,0,2,17,0,19,0,0,94,0,94,0,2,111,0,113,118,0,118,231
05/18/2004,ORH,MA,ANE,EN,Federal Contract Tower,0,1,9,0,10,0,4,0,0,4,0,5,9,0,14,0,0,0,14
05/19/2004,ORH,MA,ANE,EN,Federal Contract Tower,0,2,17,0,19,0,5,72,0,77,0,7,89,0,96,120,0,120,216
05/20/2004,ORH,MA,ANE,EN,Federal Contract Tower,0,0,25,0,25,0,0,89,2,91,0,0,114,2,116,144,16,160,276
05/21/2004,ORH,MA,ANE,EN,Federal Contract Tower,0,0,21,0,21,0,0,87,0,87,0,0,108,0,108,160,0,160,268
05/22/2004,ORH,MA,ANE,EN,Federal Contract Tower,0,1,20,0,21,0,0,1,0,1,0,1,21,0,22,0,0,0,22
05/23/2004,ORH,MA,ANE,EN,Federal Contract Tower,0,1,14,0,15,0,0,40,10,50,0,1,54,10,65,70,4,74,139
05/24/2004,ORH,MA,ANE,EN,Federal Contract Tower,0,1,6,0,7,0,3,0,0,3,0,4,6,0,10,0,0,0,10
05/25/2004,ORH,MA,ANE,EN,Federal Contract Tower,0,1,14,0,15,0,0,1,0,1,0,1,15,0,16,0,0,0,16
05/26/2004,ORH,MA,ANE,EN,Federal Contract Tower,0,0,4,0,4,0,3,0,0,3,0,3,4,0,7,0,0,0,7
05/27/2004,ORH,MA,ANE,EN,Federal Contract Tower,0,0,20,0,20,0,0,82,2,84,0,0,102,2,104,112,6,118,222
05/28/2004,ORH,MA,ANE,EN,Federal Contract Tower,0,0,14,0,14,0,0,9,0,9,0,0,23,0,23,0,0,0,23
05/29/2004,ORH,MA,ANE,EN,Federal Contract Tower,0,0,11,0,11,0,0,73,0,73,0,0,84,0,84,74,0,74,158
05/30/2004,ORH,MA,ANE,EN,Federal Contract Tower,0,1,13,0,14,0,1,102,4,107,0,2,115,4,121,118,0,118,239
05/31/2004,ORH,MA,ANE,EN,Federal Contract Tower,0,0,24,0,24,0,0,128,24,152,0,0,152,24,176,254,26,280,456
06/01/2004,ORH,MA,ANE,EN,Federal Contract Tower,0,0,10,0,10,0,3,0,0,3,0,3,10,0,13,0,0,0,13
06/02/2004,ORH,MA,ANE,EN,Federal Contract Tower,0,0,12,0,12,0,0,45,0,45,0,0,57,0,57,16,0,16,73
06/03/2004,ORH,MA,ANE,EN,Federal Contract Tower,0,0,18,0,18,0,2,67,4,73,0,2,85,4,91,118,0,118,209
06/04/2004,ORH,MA,ANE,EN,Federal Contract Tower,0,2,22,0,24,0,0,138,0,138,0,2,160,0,162,230,0,230,392
06/05/2004,ORH,MA,ANE,EN,Federal Contract Tower,0,2,32,0,34,0,0,151,0,151,0,2,183,0,185,268,0,268,453
06/06/2004,ORH,MA,ANE,EN,Federal Contract Tower,0,1,25,0,26,0,0,70,0,70,0,1,95,0,96,162,0,162,258
06/07/2004,ORH,MA,ANE,EN,Federal Contract Tower,1,2,32,0,35,1,2,54,0,57,2,4,86,0,92,148,0,148,240
06/08/2004,ORH,MA,ANE,EN,Federal Contract Tower,0,0,30,0,30,0,0,78,0,78,0,0,108,0,108,148,0,148,256
06/09/2004,ORH,MA,ANE,EN,Federal Contract Tower,0,0,21,0,21,0,0,90,0,90,0,0,111,0,111,100,2,102,213
06/10/2004,ORH,MA,ANE,EN,Federal Contract Tower,1,1,21,0,23,1,0,35,0,36,2,1,56,0,59,38,0,38,97
06/11/2004,ORH,MA,ANE,EN,Federal Contract Tower,0,0,27,0,27,0,0,121,0,121,0,0,148,0,148,186,0,186,334
06/12/2004,ORH,MA,ANE,EN,Federal Contract Tower,0,1,11,0,12,2,0,253,0,255,2,1,264,0,267,198,0,198,465
06/13/2004,ORH,MA,ANE,EN,Federal Contract Tower,0,2,29,0,31,0,0,136,6,142,0,2,165,6,173,100,0,100,273
06/14/2004,ORH,MA,ANE,EN,Federal Contract Tower,0,0,14,0,14,0,0,0,2,2,0,0,14,2,16,0,0,0,16
06/15/2004,ORH,MA,ANE,EN,Federal Contract Tower,0,0,10,1,11,0,0,46,1,47,0,0,56,2,58,62,0,62,120
06/16/2004,ORH,MA,ANE,EN,Federal Contract Tower,0,0,6,0,6,0,0,141,0,141,0,0,147,0,147,136,0,136,283
06/17/2004,ORH,MA,ANE,EN,Federal Contract Tower,0,0,17,1,18,4,0,70,1,75,4,0,87,2,93,164,0,164,257
06/18/2004,ORH,MA,ANE,EN,Federal Contract Tower,0,0,18,0,18,0,0,1,0,1,0,0,19,0,19,0,0,0,19
06/19/2004,ORH,MA,ANE,EN,Federal Contract Tower,0,0,15,1,16,0,0,74,3,77,0,0,89,4,93,120,0,120,213
06/20/2004,ORH,MA,ANE,EN,Federal Contract Tower,0,0,4,0,4,0,0,154,0,154,0,0,158,0,158,156,0,156,314
06/21/2004,ORH,MA,ANE,EN,Federal Contract Tower,0,0,23,1,24,0,0,95,1,96,0,0,118,2,120,134,2,136,256
06/22/2004,ORH,MA,ANE,EN,Federal Contract Tower,0,0,19,1,20,0,2,13,3,18,0,2,32,4,38,38,0,38,76
06/23/2004,ORH,MA,ANE,EN,Federal Contract Tower,0,0,16,1,17,0,0,118,2,120,0,0,134,3,137,166,0,166,303
06/24/2004,ORH,MA,ANE,EN,Federal Contract Tower,0,0,7,0,7,0,0,109,0,109,0,0,116,0,116,176,0,176,292
06/25/2004,ORH,MA,ANE,EN,Federal Contract Tower,0,0,21,0,21,0,0,59,0,59,0,0,80,0,80,78,0,78,158
06/26/2004,ORH,MA,ANE,EN,Federal Contract Tower,0,1,22,0,23,0,1,26,0,27,0,2,48,0,50,24,0,24,74
06/27/2004,ORH,MA,ANE,EN,Federal Contract Tower,0,1,25,1,27,0,0,121,0,121,0,1,146,1,148,166,0,166,314
06/28/2004,ORH,MA,ANE,EN,Federal Contract Tower,0,0,19,0,19,0,1,69,2,72,0,1,88,2,91,130,0,130,221
06/29/2004,ORH,MA,ANE,EN,Federal Contract Tower,0,2,26,0,28,0,0,96,0,96,0,2,122,0,124,126,0,126,250
06/30/2004,ORH,MA,ANE,EN,Federal Contract Tower,0,0,22,0,22,0,0,96,0,96,0,0,118,0,118,178,0,178,296
07/01/2004,ORH,MA,ANE,EN,Federal Contract Tower,1,1,13,0,15,3,3,49,2,57,4,4,62,2,72,104,2,106,178
07/02/2004,ORH,MA,ANE,EN,Federal Contract Tower,0,1,13,0,14,0,2,47,0,49,0,3,60,0,63,62,0,62,125
07/03/2004,ORH,MA,ANE,EN,Federal Contract Tower,0,0,21,0,21,0,0,107,0,107,0,0,128,0,128,112,0,112,240
07/04/2004,ORH,MA,ANE,EN,Federal Contract Tower,0,0,2,0,2,0,0,111,4,115,0,0,113,4,117,166,0,166,283
07/05/2004,ORH,MA,ANE,EN,Federal Contract Tower,0,0,14,0,14,0,0,2,0,2,0,0,16,0,16,0,0,0,16
07/06/2004,ORH,MA,ANE,EN,Federal Contract Tower,0,1,10,0,11,0,3,72,0,75,0,4,82,0,86,70,0,70,156
07/07/2004,ORH,MA,ANE,EN,Federal Contract Tower,0,1,8,0,9,0,1,137,0,138,0,2,145,0,147,142,0,142,289
07/08/2004,ORH,MA,ANE,EN,Federal Contract Tower,0,0,12,0,12,0,0,10,0,10,0,0,22,0,22,18,0,18,40
07/09/2004,ORH,MA,ANE,EN,Federal Contract Tower,0,2,13,0,15,0,0,98,0,98,0,2,111,0,113,112,0,112,225
07/10/2004,ORH,MA,ANE,EN,Federal Contract Tower,0,1,22,0,23,0,0,98,0,98,0,1,120,0,121,192,0,192,313
07/11/2004,ORH,MA,ANE,EN,Federal Contract Tower,0,0,15,0,15,0,0,123,0,123,0,0,138,0,138,188,0,188,326
07/12/2004,ORH,MA,ANE,EN,Federal Contract Tower,0,1,9,0,10,0,1,70,0,71,0,2,79,0,81,112,0,112,193
07/13/2004,ORH,MA,ANE,EN,Federal Contract Tower,0,0,11,1,12,0,0,0,3,3,0,0,11,4,15,0,0,0,15
07/14/2004,ORH,MA,ANE,EN,Federal Contract Tower,0,1,6,1,8,2,0,0,1,3,2,1,6,2,11,0,0,0,11
07/15/2004,ORH,MA,ANE,EN,Federal Contract Tower,0,1,12,0,13,0,1,39,0,40,0,2,51,0,53,60,0,60,113
07/16/2004,ORH,MA,ANE,EN,Federal Contract Tower,0,2,23,1,26,1,0,88,1,90,1,2,111,2,116,184,0,184,300
07/17/2004,ORH,MA,ANE,EN,Federal Contract Tower,0,0,18,0,18,0,0,140,0,140,0,0,158,0,158,230,0,230,388
07/18/2004,ORH,MA,ANE,EN,Federal Contract Tower,0,0,12,0,12,0,0,112,0,112,0,0,124,0,124,150,0,150,274
07/19/2004,ORH,MA,ANE,EN,Federal Contract Tower,0,0,12,0,12,0,0,5,0,5,0,0,17,0,17,4,0,4,21
07/20/2004,ORH,MA,ANE,EN,Federal Contract Tower,0,1,12,0,13,0,2,49,4,55,0,3,61,4,68,88,0,88,156
07/21/2004,ORH,MA,ANE,EN,Federal Contract Tower,0,2,19,0,21,0,0,97,6,103,0,2,116,6,124,144,0,144,268
07/22/2004,ORH,MA,ANE,EN,Federal Contract Tower,0,0,19,0,19,0,0,99,2,101,0,0,118,2,120,146,10,156,276
07/23/2004,ORH,MA,ANE,EN,Federal Contract Tower,0,2,17,0,19,0,0,39,0,39,0,2,56,0,58,32,0,32,90
07/24/2004,ORH,MA,ANE,EN,Federal Contract Tower,0,0,20,0,20,0,0,40,0,40,0,0,60,0,60,72,0,72,132
07/25/2004,ORH,MA,ANE,EN,Federal Contract Tower,0,0,17,0,17,0,0,135,2,137,0,0,152,2,154,154,0,154,308
07/26/2004,ORH,MA,ANE,EN,Federal Contract Tower,0,0,15,0,15,0,0,82,0,82,0,0,97,0,97,136,0,136,233
07/27/2004,ORH,MA,ANE,EN,Federal Contract Tower,0,4,31,0,35,0,2,73,0,75,0,6,104,0,110,182,0,182,292
07/28/2004,ORH,MA,ANE,EN,Federal Contract Tower,0,2,14,0,16,0,1,0,0,1,0,3,14,0,17,0,0,0,17
07/29/2004,ORH,MA,ANE,EN,Federal Contract Tower,0,4,33,0,37,0,1,61,0,62,0,5,94,0,99,152,0,152,251
07/30/2004,ORH,MA,ANE,EN,Federal Contract Tower,0,2,20,0,22,0,0,91,0,91,0,2,111,0,113,178,2,180,293
07/31/2004,ORH,MA,ANE,EN,Federal Contract Tower,0,0,13,0,13,0,0,66,6,72,0,0,79,6,85,116,6,122,207
08/01/2004,ORH,MA,ANE,EN,Federal Contract Tower,0,0,17,0,17,0,0,34,2,36,0,0,51,2,53,76,0,76,129
08/02/2004,ORH,MA,ANE,EN,Federal Contract Tower,0,2,16,0,18,0,2,74,2,78,0,4,90,2,96,162,0,162,258
08/03/2004,ORH,MA,ANE,EN,Federal Contract Tower,0,2,19,0,21,0,0,49,2,51,0,2,68,2,72,44,6,50,122
08/04/2004,ORH,MA,ANE,EN,Federal Contract Tower,0,1,14,0,15,0,3,69,2,74,0,4,83,2,89,160,0,160,249
08/05/2004,ORH,MA,ANE,EN,Federal Contract Tower,0,0,7,0,7,0,0,75,0,75,0,0,82,0,82,132,0,132,214
08/06/2004,ORH,MA,ANE,EN,Federal Contract Tower,0,1,25,0,26,0,0,84,0,84,0,1,109,0,110,76,0,76,186
08/07/2004,ORH,MA,ANE,EN,Federal Contract Tower,0,0,34,0,34,0,0,77,0,77,0,0,111,0,111,138,0,138,249
08/08/2004,ORH,MA,ANE,EN,Federal Contract Tower,0,2,14,0,16,0,0,116,0,116,0,2,130,0,132,170,0,170,302
08/09/2004,ORH,MA,ANE,EN,Federal Contract Tower,0,3,15,0,18,0,3,93,0,96,0,6,108,0,114,122,0,122,236
08/10/2004,ORH,MA,ANE,EN,Federal Contract Tower,0,1,15,1,17,0,0,82,10,92,0,1,97,11,109,70,0,70,179
08/11/2004,ORH,MA,ANE,EN,Federal Contract Tower,0,1,14,0,15,0,3,9,0,12,0,4,23,0,27,0,0,0,27
08/12/2004,ORH,MA,ANE,EN,Federal Contract Tower,0,1,13,0,14,0,3,42,0,45,0,4,55,0,59,48,0,48,107
08/13/2004,ORH,MA,ANE,EN,Federal Contract Tower,0,1,11,0,12,0,2,3,0,5,0,3,14,0,17,0,0,0,17
08/14/2004,ORH,MA,ANE,EN,Federal Contract Tower,0,0,22,0,22,0,0,120,0,120,0,0,142,0,142,166,0,166,308
08/15/2004,ORH,MA,ANE,EN,Federal Contract Tower,0,1,14,0,15,2,0,0,0,2,2,1,14,0,17,0,0,0,17
08/16/2004,ORH,MA,ANE,EN,Federal Contract Tower,0,0,14,0,14,0,0,2,0,2,0,0,16,0,16,0,0,0,16
08/17/2004,ORH,MA,ANE,EN,Federal Contract Tower,0,0,10,1,11,0,0,55,3,58,0,0,65,4,69,174,0,174,243
08/18/2004,ORH,MA,ANE,EN,Federal Contract Tower,0,0,32,0,32,1,0,74,0,75,1,0,106,0,107,158,0,158,265
08/19/2004,ORH,MA,ANE,EN,Federal Contract Tower,0,1,15,0,16,0,0,35,4,39,0,1,50,4,55,48,0,48,103
08/20/2004,ORH,MA,ANE,EN,Federal Contract Tower,0,1,12,0,13,0,1,58,0,59,0,2,70,0,72,102,0,102,174
08/21/2004,ORH,MA,ANE,EN,Federal Contract Tower,0,0,6,0,6,0,2,0,0,2,0,2,6,0,8,0,0,0,8
08/22/2004,ORH,MA,ANE,EN,Federal Contract Tower,0,1,15,0,16,0,0,178,0,178,0,1,193,0,194,230,0,230,424
08/23/2004,ORH,MA,ANE,EN,Federal Contract Tower,0,0,7,0,7,0,2,97,0,99,0,2,104,0,106,106,0,106,212
08/24/2004,ORH,MA,ANE,EN,Federal Contract Tower,0,2,26,0,28,0,0,78,16,94,0,2,104,16,122,114,2,116,238
08/25/2004,ORH,MA,ANE,EN,Federal Contract Tower,0,2,18,0,20,0,0,79,20,99,0,2,97,20,119,110,0,110,229
08/26/2004,ORH,MA,ANE,EN,Federal Contract Tower,0,1,19,0,20,0,0,111,0,111,0,1,130,0,131,132,0,132,263
08/27/2004,ORH,MA,ANE,EN,Federal Contract Tower,0,2,28,0,30,2,0,63,0,65,2,2,91,0,95,100,0,100,195
08/28/2004,ORH,MA,ANE,EN,Federal Contract Tower,0,0,18,0,18,0,0,67,0,67,0,0,85,0,85,74,0,74,159
08/29/2004,ORH,MA,ANE,EN,Federal Contract Tower,0,1,14,0,15,0,3,59,4,66,0,4,73,4,81,94,0,94,175
08/30/2004,ORH,MA,ANE,EN,Federal Contract Tower,0,1,13,0,14,0,0,10,1,11,0,1,23,1,25,20,0,20,45
08/31/2004,ORH,MA,ANE,EN,Federal Contract Tower,0,1,16,0,17,0,0,20,2,22,0,1,36,2,39,36,0,36,75
09/01/2004,ORH,MA,ANE,EN,Federal Contract Tower,0,3,20,0,23,0,0,162,0,162,0,3,182,0,185,130,0,130,315
09/02/2004,ORH,MA,ANE,EN,Federal Contract Tower,0,0,15,0,15,0,0,96,2,98,0,0,111,2,113,132,2,134,247
09/03/2004,ORH,MA,ANE,EN,Federal Contract Tower,0,0,10,0,10,0,0,105,0,105,0,0,115,0,115,128,0,128,243
09/04/2004,ORH,MA,ANE,EN,Federal Contract Tower,0,0,2,0,2,0,0,117,0,117,0,0,119,0,119,114,0,114,233
09/05/2004,ORH,MA,ANE,EN,Federal Contract Tower,0,0,15,0,15,0,0,137,0,137,0,0,152,0,152,172,0,172,324
09/06/2004,ORH,MA,ANE,EN,Federal Contract Tower,0,0,18,0,18,2,0,111,0,113,2,0,129,0,131,120,0,120,251
09/07/2004,ORH,MA,ANE,EN,Federal Contract Tower,0,3,15,0,18,0,0,37,0,37,0,3,52,0,55,62,0,62,117
09/08/2004,ORH,MA,ANE,EN,Federal Contract Tower,0,3,10,0,13,1,1,0,0,2,1,4,10,0,15,2,0,2,17
09/09/2004,ORH,MA,ANE,EN,Federal Contract Tower,0,1,6,0,7,1,1,0,0,2,1,2,6,0,9,0,0,0,9
09/10/2004,ORH,MA,ANE,EN,Federal Contract Tower,0,2,11,0,13,0,4,82,0,86,0,6,93,0,99,130,0,130,229
09/11/2004,ORH,MA,ANE,EN,Federal Contract Tower,0,1,15,1,17,0,0,150,13,163,0,1,165,14,180,162,2,164,344
09/12/2004,ORH,MA,ANE,EN,Federal Contract Tower,0,0,10,1,11,0,0,150,1,151,0,0,160,2,162,150,0,150,312
09/13/2004,ORH,MA,ANE,EN,Federal Contract Tower,0,3,19,0,22,0,10,61,0,71,0,13,80,0,93,86,0,86,179
09/14/2004,ORH,MA,ANE,EN,Federal Contract Tower,0,5,25,1,31,0,2,44,1,47,0,7,69,2,78,74,0,74,152
09/15/2004,ORH,MA,ANE,EN,Federal Contract Tower,0,2,18,0,20,0,0,105,0,105,0,2,123,0,125,134,0,134,259
09/16/2004,ORH,MA,ANE,EN,Federal Contract Tower,0,2,28,0,30,0,0,0,6,6,0,2,28,6,36,0,0,0,36
09/17/2004,ORH,MA,ANE,EN,Federal Contract Tower,0,2,16,0,18,0,0,5,0,5,0,2,21,0,23,6,0,6,29
09/18/2004,ORH,MA,ANE,EN,Federal Contract Tower,0,1,10,0,11,0,0,2,0,2,0,1,12,0,13,0,0,0,13
09/19/2004,ORH,MA,ANE,EN,Federal Contract Tower,0,0,10,0,10,0,0,79,0,79,0,0,89,0,89,134,0,134,223
09/20/2004,ORH,MA,ANE,EN,Federal Contract Tower,0,3,18,0,21,0,2,68,0,70,0,5,86,0,91,144,0,144,235
09/21/2004,ORH,MA,ANE,EN,Federal Contract Tower,0,2,19,0,21,0,0,93,0,93,0,2,112,0,114,66,0,66,180
09/22/2004,ORH,MA,ANE,EN,Federal Contract Tower,0,4,25,0,29,0,6,75,0,81,0,10,100,0,110,86,0,86,196
09/23/2004,ORH,MA,ANE,EN,Federal Contract Tower,0,3,21,0,24,0,0,80,0,80,0,3,101,0,104,150,8,158,262
09/24/2004,ORH,MA,ANE,EN,Federal Contract Tower,0,1,24,0,25,0,0,95,2,97,0,1,119,2,122,178,0,178,300
09/25/2004,ORH,MA,ANE,EN,Federal Contract Tower,0,0,18,0,18,0,0,89,0,89,0,0,107,0,107,194,0,194,301
09/26/2004,ORH,MA,ANE,EN,Federal Contract Tower,0,0,12,0,12,0,0,152,2,154,0,0,164,2,166,194,0,194,360
09/27/2004,ORH,MA,ANE,EN,Federal Contract Tower,0,3,17,0,20,0,1,65,0,66,0,4,82,0,86,134,0,134,220
09/28/2004,ORH,MA,ANE,EN,Federal Contract Tower,0,1,5,0,6,0,3,0,0,3,0,4,5,0,9,0,0,0,9
09/29/2004,ORH,MA,ANE,EN,Federal Contract Tower,0,0,11,0,11,0,0,24,0,24,0,0,35,0,35,0,0,0,35
09/30/2004,ORH,MA,ANE,EN,Federal Contract Tower,0,4,24,0,28,0,3,74,0,77,0,7,98,0,105,78,4,82,187
10/01/2004,ORH,MA,ANE,EN,Federal Contract Tower,0,0,29,0,29,0,0,78,0,78,0,0,107,0,107,106,0,106,213
10/02/2004,ORH,MA,ANE,EN,Federal Contract Tower,0,0,5,0,5,0,0,19,6,25,0,0,24,6,30,0,0,0,30
10/03/2004,ORH,MA,ANE,EN,Federal Contract Tower,0,1,25,0,26,0,0,133,6,139,0,1,158,6,165,204,0,204,369
10/04/2004,ORH,MA,ANE,EN,Federal Contract Tower,0,0,14,0,14,0,0,50,0,50,0,0,64,0,64,74,0,74,138
10/05/2004,ORH,MA,ANE,EN,Federal Contract Tower,0,0,15,4,19,0,0,76,2,78,0,0,91,6,97,58,12,70,167
10/06/2004,ORH,MA,ANE,EN,Federal Contract Tower,0,5,18,2,25,0,0,85,17,102,0,5,103,19,127,106,0,106,233
10/07/2004,ORH,MA,ANE,EN,Federal Contract Tower,0,4,24,0,28,0,0,86,2,88,0,4,110,2,116,150,0,150,266
10/08/2004,ORH,MA,ANE,EN,Federal Contract Tower,0,4,22,0,26,0,0,100,0,100,0,4,122,0,126,134,0,134,260
10/09/2004,ORH,MA,ANE,EN,Federal Contract Tower,0,0,18,0,18,0,0,48,0,48,0,0,66,0,66,64,0,64,130
10/10/2004,ORH,MA,ANE,EN,Federal Contract Tower,0,0,15,0,15,0,0,135,0,135,0,0,150,0,150,210,0,210,360
10/11/2004,ORH,MA,ANE,EN,Federal Contract Tower,0,4,18,0,22,0,0,54,0,54,0,4,72,0,76,56,0,56,132
10/12/2004,ORH,MA,ANE,EN,Federal Contract Tower,0,0,9,0,9,0,0,34,0,34,0,0,43,0,43,16,0,16,59
10/13/2004,ORH,MA,ANE,EN,Federal Contract Tower,0,3,11,0,14,0,0,107,0,107,0,3,118,0,121,122,0,122,243
10/14/2004,ORH,MA,ANE,EN,Federal Contract Tower,0,4,9,0,13,0,0,39,0,39,0,4,48,0,52,114,0,114,166
10/15/2004,ORH,MA,ANE,EN,Federal Contract Tower,0,0,8,0,8,0,0,0,0,0,0,0,8,0,8,0,0,0,8
10/16/2004,ORH,MA,ANE,EN,Federal Contract Tower,0,2,22,0,24,0,0,89,0,89,0,2,111,0,113,76,0,76,189
10/17/2004,ORH,MA,ANE,EN,Federal Contract Tower,0,0,8,0,8,0,0,135,0,135,0,0,143,0,143,90,0,90,233
10/18/2004,ORH,MA,ANE,EN,Federal Contract Tower,0,0,16,0,16,0,0,91,0,91,0,0,107,0,107,92,0,92,199
10/19/2004,ORH,MA,ANE,EN,Federal Contract Tower,0,0,16,0,16,0,0,0,0,0,0,0,16,0,16,0,0,0,16
10/20/2004,ORH,MA,ANE,EN,Federal Contract Tower,0,2,12,0,14,0,0,37,0,37,0,2,49,0,51,64,0,64,115
10/21/2004,ORH,MA,ANE,EN,Federal Contract Tower,2,1,15,0,18,0,0,46,0,46,2,1,61,0,64,96,0,96,160
10/22/2004,ORH,MA,ANE,EN,Federal Contract Tower,0,2,13,0,15,0,0,26,0,26,0,2,39,0,41,34,0,34,75
10/23/2004,ORH,MA,ANE,EN,Federal Contract Tower,2,2,22,0,26,0,0,53,0,53,2,2,75,0,79,88,0,88,167
10/24/2004,ORH,MA,ANE,EN,Federal Contract Tower,0,2,20,0,22,0,0,25,0,25,0,2,45,0,47,38,0,38,85
10/25/2004,ORH,MA,ANE,EN,Federal Contract Tower,0,0,15,0,15,0,0,31,0,31,0,0,46,0,46,38,0,38,84
10/26/2004,ORH,MA,ANE,EN,Federal Contract Tower,0,2,10,0,12,0,0,85,0,85,0,2,95,0,97,72,0,72,169
10/27/2004,ORH,MA,ANE,EN,Federal Contract Tower,0,5,22,0,27,0,0,84,0,84,0,5,106,0,111,138,0,138,249
10/28/2004,ORH,MA,ANE,EN,Federal Contract Tower,0,8,14,0,22,0,0,121,0,121,0,8,135,0,143,156,0,156,299
10/29/2004,ORH,MA,ANE,EN,Federal Contract Tower,0,3,26,0,29,0,0,115,0,115,0,3,141,0,144,192,0,192,336
10/30/2004,ORH,MA,ANE,EN,Federal Contract Tower,0,0,7,0,7,0,0,0,0,0,0,0,7,0,7,0,0,0,7
10/31/2004,ORH,MA,ANE,EN,Federal Contract Tower,0,5,24,0,29,0,0,71,0,71,0,5,95,0,100,128,0,128,228
11/01/2004,ORH,MA,ANE,EN,Federal Contract Tower,0,3,19,0,22,0,0,70,0,70,0,3,89,0,92,66,0,66,158
11/02/2004,ORH,MA,ANE,EN,Federal Contract Tower,0,6,9,0,15,0,0,29,0,29,0,6,38,0,44,20,2,22,66
11/03/2004,ORH,MA,ANE,EN,Federal Contract Tower,0,0,5,0,5,0,0,28,0,28,0,0,33,0,33,0,0,0,33
11/04/2004,ORH,MA,ANE,EN,Federal Contract Tower,0,6,2,0,8,0,0,51,0,51,0,6,53,0,59,68,2,70,129
11/05/2004,ORH,MA,ANE,EN,Federal Contract Tower,0,1,3,0,4,0,0,9,0,9,0,1,12,0,13,4,0,4,17
11/06/2004,ORH,MA,ANE,EN,Federal Contract Tower,0,0,5,0,5,0,0,66,8,74,0,0,71,8,79,52,0,52,131
11/07/2004,ORH,MA,ANE,EN,Federal Contract Tower,0,0,14,0,14,0,0,97,2,99,0,0,111,2,113,60,0,60,173
11/08/2004,ORH,MA,ANE,EN,Federal Contract Tower,0,2,10,0,12,0,0,70,0,70,0,2,80,0,82,16,0,16,98
11/09/2004,ORH,MA,ANE,EN,Federal Contract Tower,2,0,19,0,21,0,0,47,2,49,2,0,66,2,70,84,0,84,154
11/10/2004,ORH,MA,ANE,EN,Federal Contract Tower,0,0,10,0,10,0,0,87,0,87,0,0,97,0,97,110,0,110,207
11/11/2004,ORH,MA,ANE,EN,Federal Contract Tower,0,0,22,0,22,0,0,62,0,62,0,0,84,0,84,74,0,74,158
11/12/2004,ORH,MA,ANE,EN,Federal Contract Tower,0,2,3,0,5,0,0,0,0,0,0,2,3,0,5,0,0,0,5
11/13/2004,ORH,MA,ANE,EN,Federal Contract Tower,0,0,3,0,3,0,0,25,0,25,0,0,28,0,28,10,0,10,38
11/14/2004,ORH,MA,ANE,EN,Federal Contract Tower,0,0,13,0,13,0,0,97,0,97,0,0,110,0,110,78,0,78,188
11/15/2004,ORH,MA,ANE,EN,Federal Contract Tower,0,7,13,0,20,0,0,67,0,67,0,7,80,0,87,82,0,82,169
11/16/2004,ORH,MA,ANE,EN,Federal Contract Tower,0,3,17,0,20,0,0,68,0,68,0,3,85,0,88,92,0,92,180
11/17/2004,ORH,MA,ANE,EN,Federal Contract Tower,0,6,14,0,20,0,0,75,4,79,0,6,89,4,99,150,0,150,249
11/18/2004,ORH,MA,ANE,EN,Federal Contract Tower,0,3,10,0,13,0,0,77,0,77,0,3,87,0,90,100,0,100,190
11/19/2004,ORH,MA,ANE,EN,Federal Contract Tower,0,3,23,0,26,0,0,91,0,91,0,3,114,0,117,134,0,134,251
11/20/2004,ORH,MA,ANE,EN,Federal Contract Tower,0,3,30,0,33,0,0,124,0,124,0,3,154,0,157,172,0,172,329
11/21/2004,ORH,MA,ANE,EN,Federal Contract Tower,0,1,8,0,9,0,0,0,0,0,0,1,8,0,9,0,0,0,9
11/22/2004,ORH,MA,ANE,EN,Federal Contract Tower,0,0,19,0,19,0,0,48,0,48,0,0,67,0,67,60,0,60,127
11/23/2004,ORH,MA,ANE,EN,Federal Contract Tower,0,0,14,0,14,0,0,94,0,94,0,0,108,0,108,144,0,144,252
11/24/2004,ORH,MA,ANE,EN,Federal Contract Tower,0,0,6,0,6,0,0,0,0,0,0,0,6,0,6,0,0,0,6
11/25/2004,ORH,MA,ANE,EN,Federal Contract Tower,0,0,3,0,3,0,0,2,0,2,0,0,5,0,5,0,0,0,5
11/26/2004,ORH,MA,ANE,EN,Federal Contract Tower,0,0,13,0,13,0,0,97,0,97,0,0,110,0,110,110,0,110,220
11/27/2004,ORH,MA,ANE,EN,Federal Contract Tower,0,1,18,0,19,0,0,95,0,95,0,1,113,0,114,134,0,134,248
11/28/2004,ORH,MA,ANE,EN,Federal Contract Tower,0,1,4,0,5,0,0,0,0,0,0,1,4,0,5,0,0,0,5
11/29/2004,ORH,MA,ANE,EN,Federal Contract Tower,0,0,5,0,5,0,0,74,0,74,0,0,79,0,79,80,0,80,159
11/30/2004,ORH,MA,ANE,EN,Federal Contract Tower,0,2,11,0,13,0,0,60,4,64,0,2,71,4,77,100,0,100,177
12/01/2004,ORH,MA,ANE,EN,Federal Contract Tower,0,0,0,0,0,0,0,0,0,0,0,0,0,0,0,0,0,0,0
12/02/2004,ORH,MA,ANE,EN,Federal Contract Tower,0,3,14,0,17,0,0,78,0,78,0,3,92,0,95,98,0,98,193
12/03/2004,ORH,MA,ANE,EN,Federal Contract Tower,0,0,18,0,18,0,0,81,0,81,0,0,99,0,99,118,0,118,217
12/04/2004,ORH,MA,ANE,EN,Federal Contract Tower,0,0,19,0,19,0,0,96,0,96,0,0,115,0,115,162,0,162,277
12/05/2004,ORH,MA,ANE,EN,Federal Contract Tower,0,0,20,0,20,0,0,95,0,95,0,0,115,0,115,84,0,84,199
12/06/2004,ORH,MA,ANE,EN,Federal Contract Tower,0,6,5,0,11,0,0,44,0,44,0,6,49,0,55,38,0,38,93
12/07/2004,ORH,MA,ANE,EN,Federal Contract Tower,0,0,0,0,0,0,0,0,0,0,0,0,0,0,0,0,0,0,0
12/08/2004,ORH,MA,ANE,EN,Federal Contract Tower,0,3,9,0,12,0,0,16,0,16,0,3,25,0,28,0,0,0,28
12/09/2004,ORH,MA,ANE,EN,Federal Contract Tower,0,4,19,2,25,0,0,106,0,106,0,4,125,2,131,152,0,152,283
12/10/2004,ORH,MA,ANE,EN,Federal Contract Tower,0,0,1,0,1,0,0,0,0,0,0,0,1,0,1,0,0,0,1
12/11/2004,ORH,MA,ANE,EN,Federal Contract Tower,0,0,0,0,0,0,0,0,0,0,0,0,0,0,0,0,0,0,0
12/12/2004,ORH,MA,ANE,EN,Federal Contract Tower,2,2,20,0,24,0,0,70,0,70,2,2,90,0,94,134,0,134,228
12/13/2004,ORH,MA,ANE,EN,Federal Contract Tower,0,1,10,0,11,0,0,25,0,25,0,1,35,0,36,48,0,48,84
12/14/2004,ORH,MA,ANE,EN,Federal Contract Tower,0,4,12,0,16,0,0,41,0,41,0,4,53,0,57,58,0,58,115
12/15/2004,ORH,MA,ANE,EN,Federal Contract Tower,0,8,10,0,18,0,0,82,0,82,0,8,92,0,100,94,0,94,194
12/16/2004,ORH,MA,ANE,EN,Federal Contract Tower,0,0,23,0,23,0,0,87,0,87,0,0,110,0,110,88,0,88,198
12/17/2004,ORH,MA,ANE,EN,Federal Contract Tower,0,0,2,0,2,0,0,27,0,27,0,0,29,0,29,4,0,4,33
12/18/2004,ORH,MA,ANE,EN,Federal Contract Tower,0,0,25,0,25,0,0,112,0,112,0,0,137,0,137,160,0,160,297
12/19/2004,ORH,MA,ANE,EN,Federal Contract Tower,0,1,7,0,8,0,0,87,0,87,0,1,94,0,95,80,0,80,175
12/20/2004,ORH,MA,ANE,EN,Federal Contract Tower,0,0,5,0,5,0,0,0,0,0,0,0,5,0,5,2,0,2,7
12/21/2004,ORH,MA,ANE,EN,Federal Contract Tower,0,0,7,0,7,0,0,37,0,37,0,0,44,0,44,10,0,10,54
12/22/2004,ORH,MA,ANE,EN,Federal Contract Tower,0,0,17,0,17,0,0,74,0,74,0,0,91,0,91,64,0,64,155
12/23/2004,ORH,MA,ANE,EN,Federal Contract Tower,0,0,1,0,1,0,0,0,0,0,0,0,1,0,1,0,0,0,1
12/24/2004,ORH,MA,ANE,EN,Federal Contract Tower,0,0,7,0,7,0,0,65,0,65,0,0,72,0,72,78,0,78,150
12/25/2004,ORH,MA,ANE,EN,Federal Contract Tower,0,0,0,0,0,0,0,37,0,37,0,0,37,0,37,12,0,12,49
12/26/2004,ORH,MA,ANE,EN,Federal Contract Tower,0,0,3,0,3,0,0,25,0,25,0,0,28,0,28,14,0,14,42
12/27/2004,ORH,MA,ANE,EN,Federal Contract Tower,0,1,3,0,4,0,0,4,0,4,0,1,7,0,8,16,0,16,24
12/28/2004,ORH,MA,ANE,EN,Federal Contract Tower,0,8,15,0,23,0,0,33,0,33,0,8,48,0,56,26,0,26,82
12/29/2004,ORH,MA,ANE,EN,Federal Contract Tower,0,3,8,0,11,0,0,66,0,66,0,3,74,0,77,128,0,128,205
12/30/2004,ORH,MA,ANE,EN,Federal Contract Tower,0,0,18,0,18,0,0,100,0,100,0,0,118,0,118,110,0,110,228
12/31/2004,ORH,MA,ANE,EN,Federal Contract Tower,0,0,7,0,7,0,0,63,0,63,0,0,70,0,70,102,0,102,172
01/01/2005,ORH,MA,ANE,EN,Federal Contract Tower,0,0,13,0,13,0,0,28,0,28,0,0,41,0,41,26,0,26,67
01/02/2005,ORH,MA,ANE,EN,Federal Contract Tower,0,1,21,0,22,0,0,126,0,126,0,1,147,0,148,134,0,134,282
01/03/2005,ORH,MA,ANE,EN,Federal Contract Tower,0,4,12,0,16,0,0,33,0,33,0,4,45,0,49,44,0,44,93
01/04/2005,ORH,MA,ANE,EN,Federal Contract Tower,0,2,12,0,14,0,0,10,0,10,0,2,22,0,24,48,0,48,72
01/05/2005,ORH,MA,ANE,EN,Federal Contract Tower,0,1,10,0,11,0,0,0,0,0,0,1,10,0,11,0,0,0,11
01/06/2005,ORH,MA,ANE,EN,Federal Contract Tower,0,2,2,0,4,0,0,0,0,0,0,2,2,0,4,0,0,0,4
01/07/2005,ORH,MA,ANE,EN,Federal Contract Tower,0,0,16,0,16,0,0,50,0,50,0,0,66,0,66,68,0,68,134
01/08/2005,ORH,MA,ANE,EN,Federal Contract Tower,0,2,2,0,4,0,0,0,0,0,0,2,2,0,4,0,0,0,4
01/09/2005,ORH,MA,ANE,EN,Federal Contract Tower,0,0,4,0,4,0,0,46,0,46,0,0,50,0,50,112,0,112,162
01/10/2005,ORH,MA,ANE,EN,Federal Contract Tower,0,2,3,0,5,0,0,0,0,0,0,2,3,0,5,2,0,2,7
01/11/2005,ORH,MA,ANE,EN,Federal Contract Tower,0,1,7,0,8,0,0,39,0,39,0,1,46,0,47,114,0,114,161
01/12/2005,ORH,MA,ANE,EN,Federal Contract Tower,0,0,0,0,0,0,0,0,0,0,0,0,0,0,0,0,0,0,0
01/13/2005,ORH,MA,ANE,EN,Federal Contract Tower,0,0,0,0,0,0,0,0,0,0,0,0,0,0,0,0,0,0,0
01/14/2005,ORH,MA,ANE,EN,Federal Contract Tower,0,0,3,0,3,0,0,11,0,11,0,0,14,0,14,0,0,0,14
01/15/2005,ORH,MA,ANE,EN,Federal Contract Tower,0,0,20,0,20,0,0,102,0,102,0,0,122,0,122,154,0,154,276
01/16/2005,ORH,MA,ANE,EN,Federal Contract Tower,0,2,10,0,12,0,0,71,0,71,0,2,81,0,83,102,0,102,185
01/17/2005,ORH,MA,ANE,EN,Federal Contract Tower,0,0,10,0,10,0,0,27,0,27,0,0,37,0,37,32,0,32,69
01/18/2005,ORH,MA,ANE,EN,Federal Contract Tower,0,0,8,0,8,0,0,9,0,9,0,0,17,0,17,16,0,16,33
01/19/2005,ORH,MA,ANE,EN,Federal Contract Tower,0,2,12,0,14,0,0,12,4,16,0,2,24,4,30,10,0,10,40
01/20/2005,ORH,MA,ANE,EN,Federal Contract Tower,0,5,8,0,13,0,0,48,0,48,0,5,56,0,61,50,0,50,111
01/21/2005,ORH,MA,ANE,EN,Federal Contract Tower,0,4,5,0,9,0,0,76,0,76,0,4,81,0,85,80,0,80,165
01/22/2005,ORH,MA,ANE,EN,Federal Contract Tower,0,0,8,0,8,0,0,42,0,42,0,0,50,0,50,46,0,46,96
01/23/2005,ORH,MA,ANE,EN,Federal Contract Tower,0,1,1,0,2,0,0,1,0,1,0,1,2,0,3,0,0,0,3
01/24/2005,ORH,MA,ANE,EN,Federal Contract Tower,0,7,16,0,23,0,0,46,0,46,0,7,62,0,69,52,0,52,121
01/25/2005,ORH,MA,ANE,EN,Federal Contract Tower,0,14,19,0,33,0,2,57,0,59,0,16,76,0,92,60,0,60,152
01/26/2005,ORH,MA,ANE,EN,Federal Contract Tower,0,0,1,0,1,0,0,0,0,0,0,0,1,0,1,0,0,0,1
01/27/2005,ORH,MA,ANE,EN,Federal Contract Tower,0,0,25,0,25,0,0,37,0,37,0,0,62,0,62,64,0,64,126
01/28/2005,ORH,MA,ANE,EN,Federal Contract Tower,0,1,6,0,7,0,0,90,0,90,0,1,96,0,97,126,0,126,223
01/29/2005,ORH,MA,ANE,EN,Federal Contract Tower,0,0,17,0,17,0,0,148,0,148,0,0,165,0,165,182,0,182,347
01/30/2005,ORH,MA,ANE,EN,Federal Contract Tower,0,0,19,0,19,0,0,88,0,88,0,0,107,0,107,112,0,112,219
01/31/2005,ORH,MA,ANE,EN,Federal Contract Tower,0,1,7,0,8,0,0,35,0,35,0,1,42,0,43,64,0,64,107
02/01/2005,ORH,MA,ANE,EN,Federal Contract Tower,0,0,35,0,35,0,0,79,0,79,0,0,114,0,114,108,0,108,222
02/02/2005,ORH,MA,ANE,EN,Federal Contract Tower,0,2,21,6,29,0,0,115,0,115,0,2,136,6,144,156,0,156,300
02/03/2005,ORH,MA,ANE,EN,Federal Contract Tower,0,0,22,0,22,0,0,52,0,52,0,0,74,0,74,94,0,94,168
02/04/2005,ORH,MA,ANE,EN,Federal Contract Tower,0,0,9,0,9,0,0,4,0,4,0,0,13,0,13,0,0,0,13
02/05/2005,ORH,MA,ANE,EN,Federal Contract Tower,0,2,10,0,12,0,0,148,0,148,0,2,158,0,160,214,0,214,374
02/06/2005,ORH,MA,ANE,EN,Federal Contract Tower,0,0,25,6,31,0,0,86,2,88,0,0,111,8,119,166,0,166,285
02/07/2005,ORH,MA,ANE,EN,Federal Contract Tower,0,0,2,0,2,0,1,74,0,75,0,1,76,0,77,78,0,78,155
02/08/2005,ORH,MA,ANE,EN,Federal Contract Tower,0,0,15,0,15,0,0,59,0,59,0,0,74,0,74,74,0,74,148
02/09/2005,ORH,MA,ANE,EN,Federal Contract Tower,0,2,5,0,7,0,0,73,0,73,0,2,78,0,80,76,0,76,156
02/10/2005,ORH,MA,ANE,EN,Federal Contract Tower,0,0,0,0,0,0,0,0,0,0,0,0,0,0,0,0,0,0,0
02/11/2005,ORH,MA,ANE,EN,Federal Contract Tower,0,0,3,0,3,0,0,0,0,0,0,0,3,0,3,4,0,4,7
02/12/2005,ORH,MA,ANE,EN,Federal Contract Tower,0,0,21,0,21,0,0,72,0,72,0,0,93,0,93,102,0,102,195
02/13/2005,ORH,MA,ANE,EN,Federal Contract Tower,0,0,19,0,19,0,0,89,0,89,0,0,108,0,108,150,0,150,258
02/14/2005,ORH,MA,ANE,EN,Federal Contract Tower,0,1,8,0,9,0,0,29,0,29,0,1,37,0,38,46,0,46,84
02/15/2005,ORH,MA,ANE,EN,Federal Contract Tower,0,1,17,0,18,0,0,38,2,40,0,1,55,2,58,38,0,38,96
02/16/2005,ORH,MA,ANE,EN,Federal Contract Tower,0,2,21,1,24,0,0,32,2,34,0,2,53,3,58,32,10,42,100
02/17/2005,ORH,MA,ANE,EN,Federal Contract Tower,2,0,38,0,40,0,0,81,0,81,2,0,119,0,121,124,2,126,247
02/18/2005,ORH,MA,ANE,EN,Federal Contract Tower,0,2,8,0,10,0,0,89,0,89,0,2,97,0,99,122,0,122,221
02/19/2005,ORH,MA,ANE,EN,Federal Contract Tower,0,2,17,0,19,0,0,124,0,124,0,2,141,0,143,216,0,216,359
02/20/2005,ORH,MA,ANE,EN,Federal Contract Tower,0,0,17,0,17,0,0,74,0,74,0,0,91,0,91,156,0,156,247
02/21/2005,ORH,MA,ANE,EN,Federal Contract Tower,0,2,1,0,3,0,0,0,0,0,0,2,1,0,3,0,0,0,3
02/22/2005,ORH,MA,ANE,EN,Federal Contract Tower,0,1,15,0,16,0,0,26,0,26,0,1,41,0,42,0,0,0,42
02/23/2005,ORH,MA,ANE,EN,Federal Contract Tower,0,4,19,2,25,0,0,65,0,65,0,4,84,2,90,90,0,90,180
02/24/2005,ORH,MA,ANE,EN,Federal Contract Tower,0,4,20,0,24,0,0,72,0,72,0,4,92,0,96,106,0,106,202
02/25/2005,ORH,MA,ANE,EN,Federal Contract Tower,0,4,17,0,21,0,0,65,0,65,0,4,82,0,86,92,0,92,178
02/26/2005,ORH,MA,ANE,EN,Federal Contract Tower,0,2,22,0,24,0,0,92,0,92,0,2,114,0,116,172,0,172,288
02/27/2005,ORH,MA,ANE,EN,Federal Contract Tower,0,0,17,0,17,0,0,95,0,95,0,0,112,0,112,198,0,198,310
02/28/2005,ORH,MA,ANE,EN,Federal Contract Tower,0,0,12,0,12,0,0,49,0,49,0,0,61,0,61,104,0,104,165
03/01/2005,ORH,MA,ANE,EN,Federal Contract Tower,0,1,3,0,4,0,0,0,0,0,0,1,3,0,4,0,0,0,4
03/02/2005,ORH,MA,ANE,EN,Federal Contract Tower,0,2,9,0,11,0,0,21,0,21,0,2,30,0,32,2,0,2,34
03/03/2005,ORH,MA,ANE,EN,Federal Contract Tower,0,4,4,0,8,0,0,48,0,48,0,4,52,0,56,74,0,74,130
03/04/2005,ORH,MA,ANE,EN,Federal Contract Tower,0,2,13,0,15,0,0,96,0,96,0,2,109,0,111,118,0,118,229
03/05/2005,ORH,MA,ANE,EN,Federal Contract Tower,0,2,36,0,38,0,1,126,0,127,0,3,162,0,165,170,0,170,335
03/06/2005,ORH,MA,ANE,EN,Federal Contract Tower,0,0,18,0,18,0,0,60,0,60,0,0,78,0,78,131,0,131,209
03/07/2005,ORH,MA,ANE,EN,Federal Contract Tower,0,0,9,0,9,0,0,66,0,66,0,0,75,0,75,89,0,89,164
03/08/2005,ORH,MA,ANE,EN,Federal Contract Tower,0,0,9,0,9,0,0,0,0,0,0,0,9,0,9,0,0,0,9
03/09/2005,ORH,MA,ANE,EN,Federal Contract Tower,0,1,4,0,5,0,0,7,0,7,0,1,11,0,12,0,0,0,12
03/10/2005,ORH,MA,ANE,EN,Federal Contract Tower,0,4,16,0,20,0,0,68,0,68,0,4,84,0,88,92,0,92,180
03/11/2005,ORH,MA,ANE,EN,Federal Contract Tower,0,4,9,0,13,0,0,2,0,2,0,4,11,0,15,12,0,12,27
03/12/2005,ORH,MA,ANE,EN,Federal Contract Tower,0,0,2,0,2,0,0,0,0,0,0,0,2,0,2,0,0,0,2
03/13/2005,ORH,MA,ANE,EN,Federal Contract Tower,0,0,7,0,7,0,0,25,2,27,0,0,32,2,34,4,0,4,38
03/14/2005,ORH,MA,ANE,EN,Federal Contract Tower,0,4,16,0,20,0,0,66,0,66,0,4,82,0,86,90,0,90,176
03/15/2005,ORH,MA,ANE,EN,Federal Contract Tower,0,4,12,0,16,0,3,55,2,60,0,7,67,2,76,60,0,60,136
03/16/2005,ORH,MA,ANE,EN,Federal Contract Tower,6,0,12,0,18,0,0,52,0,52,6,0,64,0,70,76,0,76,146
03/17/2005,ORH,MA,ANE,EN,Federal Contract Tower,0,4,16,0,20,0,0,86,0,86,0,4,102,0,106,138,2,140,246
03/18/2005,ORH,MA,ANE,EN,Federal Contract Tower,0,5,17,0,22,0,6,71,0,77,0,11,88,0,99,140,0,140,239
03/19/2005,ORH,MA,ANE,EN,Federal Contract Tower,2,4,26,0,32,0,0,163,0,163,2,4,189,0,195,190,0,190,385
03/20/2005,ORH,MA,ANE,EN,Federal Contract Tower,2,8,34,0,44,0,5,40,0,45,2,13,74,0,89,150,0,150,239
03/21/2005,ORH,MA,ANE,EN,Federal Contract Tower,0,2,17,0,19,0,0,15,0,15,0,2,32,0,34,0,0,0,34
03/22/2005,ORH,MA,ANE,EN,Federal Contract Tower,0,1,25,0,26,0,0,124,0,124,0,1,149,0,150,148,0,148,298
03/23/2005,ORH,MA,ANE,EN,Federal Contract Tower,0,2,22,0,24,0,0,76,0,76,0,2,98,0,100,102,0,102,202
03/24/2005,ORH,MA,ANE,EN,Federal Contract Tower,0,2,5,0,7,0,0,31,0,31,0,2,36,0,38,30,0,30,68
03/25/2005,ORH,MA,ANE,EN,Federal Contract Tower,0,0,25,0,25,0,0,103,0,103,0,0,128,0,128,140,0,140,268
03/26/2005,ORH,MA,ANE,EN,Federal Contract Tower,0,0,53,0,53,0,0,103,0,103,0,0,156,0,156,220,0,220,376
03/27/2005,ORH,MA,ANE,EN,Federal Contract Tower,0,0,14,0,14,0,0,93,0,93,0,0,107,0,107,160,0,160,267
03/28/2005,ORH,MA,ANE,EN,Federal Contract Tower,0,1,6,0,7,0,0,0,0,0,0,1,6,0,7,0,0,0,7
03/29/2005,ORH,MA,ANE,EN,Federal Contract Tower,0,2,7,0,9,0,0,24,0,24,0,2,31,0,33,12,0,12,45
03/30/2005,ORH,MA,ANE,EN,Federal Contract Tower,0,0,17,0,17,0,14,126,0,140,0,14,143,0,157,246,0,246,403
03/31/2005,ORH,MA,ANE,EN,Federal Contract Tower,0,9,24,0,33,0,10,106,2,118,0,19,130,2,151,160,2,162,313
04/01/2005,ORH,MA,ANE,EN,Federal Contract Tower,0,1,24,0,25,0,19,58,0,77,0,20,82,0,102,124,0,124,226
04/02/2005,ORH,MA,ANE,EN,Federal Contract Tower,0,0,1,0,1,0,0,1,0,1,0,0,2,0,2,0,0,0,2
04/03/2005,ORH,MA,ANE,EN,Federal Contract Tower,0,0,2,0,2,0,0,24,0,24,0,0,26,0,26,26,0,26,52
04/04/2005,ORH,MA,ANE,EN,Federal Contract Tower,0,3,15,0,18,0,8,37,0,45,0,11,52,0,63,138,0,138,201
04/05/2005,ORH,MA,ANE,EN,Federal Contract Tower,0,6,18,0,24,0,19,81,0,100,0,25,99,0,124,158,0,158,282
04/06/2005,ORH,MA,ANE,EN,Federal Contract Tower,0,0,24,0,24,0,7,134,2,143,0,7,158,2,167,210,0,210,377
04/07/2005,ORH,MA,ANE,EN,Federal Contract Tower,0,0,44,0,44,0,10,88,0,98,0,10,132,0,142,174,0,174,316
04/08/2005,ORH,MA,ANE,EN,Federal Contract Tower,0,2,13,0,15,0,15,109,0,124,0,17,122,0,139,184,0,184,323
04/09/2005,ORH,MA,ANE,EN,Federal Contract Tower,0,0,21,0,21,0,8,134,0,142,0,8,155,0,163,206,0,206,369
04/10/2005,ORH,MA,ANE,EN,Federal Contract Tower,0,0,24,0,24,0,15,152,0,167,0,15,176,0,191,190,0,190,381
04/11/2005,ORH,MA,ANE,EN,Federal Contract Tower,0,0,8,0,8,0,20,56,0,76,0,20,64,0,84,68,0,68,152
04/12/2005,ORH,MA,ANE,EN,Federal Contract Tower,0,4,12,0,16,0,12,59,0,71,0,16,71,0,87,102,0,102,189
04/13/2005,ORH,MA,ANE,EN,Federal Contract Tower,0,2,13,0,15,0,11,87,0,98,0,13,100,0,113,136,0,136,249
04/14/2005,ORH,MA,ANE,EN,Federal Contract Tower,0,6,7,0,13,0,6,86,2,94,0,12,93,2,107,114,2,116,223
04/15/2005,ORH,MA,ANE,EN,Federal Contract Tower,0,4,15,0,19,0,8,103,0,111,0,12,118,0,130,178,0,178,308
04/16/2005,ORH,MA,ANE,EN,Federal Contract Tower,0,1,20,0,21,0,15,157,0,172,0,16,177,0,193,208,0,208,401
04/17/2005,ORH,MA,ANE,EN,Federal Contract Tower,2,3,12,0,17,0,23,145,0,168,2,26,157,0,185,182,0,182,367
04/18/2005,ORH,MA,ANE,EN,Federal Contract Tower,0,0,9,0,9,0,20,94,0,114,0,20,103,0,123,88,0,88,211
04/19/2005,ORH,MA,ANE,EN,Federal Contract Tower,0,0,11,0,11,0,16,80,0,96,0,16,91,0,107,140,0,140,247
04/20/2005,ORH,MA,ANE,EN,Federal Contract Tower,2,4,19,0,25,0,10,68,0,78,2,14,87,0,103,84,0,84,187
04/21/2005,ORH,MA,ANE,EN,Federal Contract Tower,0,2,14,0,16,0,12,78,2,92,0,14,92,2,108,106,0,106,214
04/22/2005,ORH,MA,ANE,EN,Federal Contract Tower,0,1,27,0,28,0,21,97,0,118,0,22,124,0,146,160,0,160,306
04/23/2005,ORH,MA,ANE,EN,Federal Contract Tower,0,0,2,0,2,0,0,0,0,0,0,0,2,0,2,0,0,0,2
04/24/2005,ORH,MA,ANE,EN,Federal Contract Tower,1,3,7,0,11,0,0,11,0,11,1,3,18,0,22,0,0,0,22
04/25/2005,ORH,MA,ANE,EN,Federal Contract Tower,1,1,10,0,12,0,8,54,0,62,1,9,64,0,74,60,0,60,134
04/26/2005,ORH,MA,ANE,EN,Federal Contract Tower,0,2,13,0,15,0,9,59,0,68,0,11,72,0,83,74,0,74,157
04/27/2005,ORH,MA,ANE,EN,Federal Contract Tower,0,0,4,0,4,0,0,4,0,4,0,0,8,0,8,0,0,0,8
04/28/2005,ORH,MA,ANE,EN,Federal Contract Tower,0,4,11,0,15,0,13,74,0,87,0,17,85,0,102,0,82,82,184
04/29/2005,ORH,MA,ANE,EN,Federal Contract Tower,0,5,4,0,9,0,16,87,2,105,0,21,91,2,114,130,6,136,250
04/30/2005,ORH,MA,ANE,EN,Federal Contract Tower,0,1,4,0,5,0,4,31,0,35,0,5,35,0,40,34,0,34,74
05/01/2005,ORH,MA,ANE,EN,Federal Contract Tower,0,6,16,0,22,0,5,38,0,43,0,11,54,0,65,50,2,52,117
05/02/2005,ORH,MA,ANE,EN,Federal Contract Tower,0,1,7,0,8,0,10,57,0,67,0,11,64,0,75,86,0,86,161
05/03/2005,ORH,MA,ANE,EN,Federal Contract Tower,0,2,32,0,34,0,35,105,0,140,0,37,137,0,174,156,0,156,330
05/04/2005,ORH,MA,ANE,EN,Federal Contract Tower,0,3,33,0,36,0,18,84,0,102,0,21,117,0,138,124,0,124,262
05/05/2005,ORH,MA,ANE,EN,Federal Contract Tower,0,3,34,0,37,0,23,93,0,116,0,26,127,0,153,122,0,122,275
05/06/2005,ORH,MA,ANE,EN,Federal Contract Tower,0,3,8,0,11,0,2,94,2,98,0,5,102,2,109,120,0,120,229
05/07/2005,ORH,MA,ANE,EN,Federal Contract Tower,0,0,5,0,5,0,2,0,0,2,0,2,5,0,7,0,0,0,7
05/08/2005,ORH,MA,ANE,EN,Federal Contract Tower,0,0,4,0,4,0,2,17,0,19,0,2,21,0,23,2,0,2,25
05/09/2005,ORH,MA,ANE,EN,Federal Contract Tower,0,3,30,0,33,0,6,79,0,85,0,9,109,0,118,114,0,114,232
05/10/2005,ORH,MA,ANE,EN,Federal Contract Tower,0,2,20,0,22,0,18,116,6,140,0,20,136,6,162,136,0,136,298
05/11/2005,ORH,MA,ANE,EN,Federal Contract Tower,0,3,25,0,28,0,19,122,0,141,0,22,147,0,169,142,0,142,311
05/12/2005,ORH,MA,ANE,EN,Federal Contract Tower,0,4,18,0,22,0,18,87,0,105,0,22,105,0,127,118,0,118,245
05/13/2005,ORH,MA,ANE,EN,Federal Contract Tower,0,0,21,0,21,0,12,126,0,138,0,12,147,0,159,192,0,192,351
05/14/2005,ORH,MA,ANE,EN,Federal Contract Tower,0,0,25,0,25,0,14,102,0,116,0,14,127,0,141,200,12,212,353
05/15/2005,ORH,MA,ANE,EN,Federal Contract Tower,0,2,17,0,19,0,6,92,0,98,0,8,109,0,117,210,0,210,327
05/16/2005,ORH,MA,ANE,EN,Federal Contract Tower,0,0,16,0,16,0,0,26,0,26,0,0,42,0,42,34,0,34,76
05/17/2005,ORH,MA,ANE,EN,Federal Contract Tower,2,2,20,0,24,0,12,107,2,121,2,14,127,2,145,124,0,124,269
05/18/2005,ORH,MA,ANE,EN,Federal Contract Tower,0,4,27,1,32,0,2,78,0,80,0,6,105,1,112,130,0,130,242
05/19/2005,ORH,MA,ANE,EN,Federal Contract Tower,0,1,29,1,31,0,10,108,0,118,0,11,137,1,149,162,0,162,311
05/20/2005,ORH,MA,ANE,EN,Federal Contract Tower,0,9,23,0,32,0,10,92,0,102,0,19,115,0,134,156,0,156,290
05/21/2005,ORH,MA,ANE,EN,Federal Contract Tower,0,3,17,0,20,0,2,83,0,85,0,5,100,0,105,148,0,148,253
05/22/2005,ORH,MA,ANE,EN,Federal Contract Tower,0,3,17,0,20,0,2,55,1,58,0,5,72,1,78,98,0,98,176
05/23/2005,ORH,MA,ANE,EN,Federal Contract Tower,0,2,9,1,12,0,6,20,2,28,0,8,29,3,40,12,0,12,52
05/24/2005,ORH,MA,ANE,EN,Federal Contract Tower,0,0,6,0,6,0,0,0,0,0,0,0,6,0,6,0,0,0,6
05/25/2005,ORH,MA,ANE,EN,Federal Contract Tower,0,4,0,0,4,0,0,0,0,0,0,4,0,0,4,0,0,0,4
05/26/2005,ORH,MA,ANE,EN,Federal Contract Tower,0,3,12,0,15,0,0,0,0,0,0,3,12,0,15,0,0,0,15
05/27/2005,ORH,MA,ANE,EN,Federal Contract Tower,0,2,24,2,28,0,7,49,0,56,0,9,73,2,84,74,0,74,158
05/28/2005,ORH,MA,ANE,EN,Federal Contract Tower,0,1,33,0,34,0,10,125,0,135,0,11,158,0,169,162,0,162,331
05/29/2005,ORH,MA,ANE,EN,Federal Contract Tower,0,0,27,0,27,0,7,80,0,87,0,7,107,0,114,132,0,132,246
05/30/2005,ORH,MA,ANE,EN,Federal Contract Tower,0,4,15,0,19,0,8,70,24,102,0,12,85,24,121,104,24,128,249
05/31/2005,ORH,MA,ANE,EN,Federal Contract Tower,0,4,13,0,17,0,0,2,0,2,0,4,15,0,19,0,0,0,19
06/01/2005,ORH,MA,ANE,EN,Federal Contract Tower,0,5,15,2,22,0,0,67,0,67,0,5,82,2,89,96,0,96,185
06/02/2005,ORH,MA,ANE,EN,Federal Contract Tower,0,5,23,0,28,0,12,88,2,102,0,17,111,2,130,140,0,140,270
06/03/2005,ORH,MA,ANE,EN,Federal Contract Tower,0,3,20,0,23,0,18,109,0,127,0,21,129,0,150,164,0,164,314
06/04/2005,ORH,MA,ANE,EN,Federal Contract Tower,0,3,13,0,16,0,6,132,0,138,0,9,145,0,154,218,0,218,372
06/05/2005,ORH,MA,ANE,EN,Federal Contract Tower,0,0,24,0,24,0,4,127,0,131,0,4,151,0,155,204,0,204,359
06/06/2005,ORH,MA,ANE,EN,Federal Contract Tower,0,3,12,0,15,0,2,16,0,18,0,5,28,0,33,10,0,10,43
06/07/2005,ORH,MA,ANE,EN,Federal Contract Tower,0,4,15,0,19,0,8,77,2,87,0,12,92,2,106,98,0,98,204
06/08/2005,ORH,MA,ANE,EN,Federal Contract Tower,0,0,34,0,34,0,7,98,2,107,0,7,132,2,141,114,0,114,255
06/09/2005,ORH,MA,ANE,EN,Federal Contract Tower,0,0,12,0,12,0,13,99,0,112,0,13,111,0,124,126,0,126,250
06/10/2005,ORH,MA,ANE,EN,Federal Contract Tower,0,0,18,0,18,0,0,44,0,44,0,0,62,0,62,92,0,92,154
06/11/2005,ORH,MA,ANE,EN,Federal Contract Tower,0,0,13,0,13,0,8,98,0,106,0,8,111,0,119,136,0,136,255
06/12/2005,ORH,MA,ANE,EN,Federal Contract Tower,0,0,13,0,13,0,0,27,0,27,0,0,40,0,40,26,0,26,66
06/13/2005,ORH,MA,ANE,EN,Federal Contract Tower,0,2,4,0,6,0,2,58,0,60,0,4,62,0,66,46,0,46,112
06/14/2005,ORH,MA,ANE,EN,Federal Contract Tower,0,4,14,0,18,0,4,46,0,50,0,8,60,0,68,42,0,42,110
06/15/2005,ORH,MA,ANE,EN,Federal Contract Tower,0,3,17,0,20,0,0,0,0,0,0,3,17,0,20,0,0,0,20
06/16/2005,ORH,MA,ANE,EN,Federal Contract Tower,0,5,15,0,20,0,0,0,0,0,0,5,15,0,20,0,0,0,20
06/17/2005,ORH,MA,ANE,EN,Federal Contract Tower,0,5,16,0,21,0,2,75,0,77,0,7,91,0,98,114,0,114,212
06/18/2005,ORH,MA,ANE,EN,Federal Contract Tower,0,2,11,0,13,0,5,77,0,82,0,7,88,0,95,150,0,150,245
06/19/2005,ORH,MA,ANE,EN,Federal Contract Tower,0,0,24,0,24,0,12,77,0,89,0,12,101,0,113,78,0,78,191
06/20/2005,ORH,MA,ANE,EN,Federal Contract Tower,1,1,16,0,18,0,8,132,0,140,1,9,148,0,158,156,0,156,314
06/21/2005,ORH,MA,ANE,EN,Federal Contract Tower,0,0,14,0,14,0,8,138,0,146,0,8,152,0,160,122,0,122,282
06/22/2005,ORH,MA,ANE,EN,Federal Contract Tower,0,2,23,0,25,0,4,82,4,90,0,6,105,4,115,130,0,130,245
06/23/2005,ORH,MA,ANE,EN,Federal Contract Tower,1,7,33,0,41,0,6,124,0,130,1,13,157,0,171,174,0,174,345
06/24/2005,ORH,MA,ANE,EN,Federal Contract Tower,0,3,22,0,25,0,9,138,1,148,0,12,160,1,173,206,0,206,379
06/25/2005,ORH,MA,ANE,EN,Federal Contract Tower,0,2,20,0,22,0,9,139,0,148,0,11,159,0,170,186,0,186,356
06/26/2005,ORH,MA,ANE,EN,Federal Contract Tower,0,3,28,0,31,0,3,76,0,79,0,6,104,0,110,126,0,126,236
06/27/2005,ORH,MA,ANE,EN,Federal Contract Tower,0,5,15,0,20,0,10,79,0,89,0,15,94,0,109,76,0,76,185
06/28/2005,ORH,MA,ANE,EN,Federal Contract Tower,0,0,11,0,11,0,0,0,0,0,0,0,11,0,11,0,0,0,11
06/29/2005,ORH,MA,ANE,EN,Federal Contract Tower,0,0,0,0,0,0,10,0,0,10,0,10,0,0,10,0,0,0,10
06/30/2005,ORH,MA,ANE,EN,Federal Contract Tower,0,2,12,2,16,0,0,28,0,28,0,2,40,2,44,28,0,28,72
07/01/2005,ORH,MA,ANE,EN,Federal Contract Tower,0,3,10,0,13,0,0,5,0,5,0,3,15,0,18,0,0,0,18
07/02/2005,ORH,MA,ANE,EN,Federal Contract Tower,0,1,23,0,24,0,2,122,0,124,0,3,145,0,148,176,0,176,324
07/03/2005,ORH,MA,ANE,EN,Federal Contract Tower,0,0,14,0,14,0,9,140,4,153,0,9,154,4,167,162,0,162,329
07/04/2005,ORH,MA,ANE,EN,Federal Contract Tower,0,0,15,0,15,0,12,142,24,178,0,12,157,24,193,54,0,54,247
07/05/2005,ORH,MA,ANE,EN,Federal Contract Tower,0,0,9,0,9,0,6,96,0,102,0,6,105,0,111,64,0,64,175
07/06/2005,ORH,MA,ANE,EN,Federal Contract Tower,0,2,8,0,10,0,0,0,0,0,0,2,8,0,10,0,0,0,10
07/07/2005,ORH,MA,ANE,EN,Federal Contract Tower,0,0,41,0,41,0,5,3,0,8,0,5,44,0,49,10,0,10,59
07/08/2005,ORH,MA,ANE,EN,Federal Contract Tower,0,0,7,0,7,0,0,0,0,0,0,0,7,0,7,0,0,0,7
07/09/2005,ORH,MA,ANE,EN,Federal Contract Tower,0,0,3,0,3,0,5,42,0,47,0,5,45,0,50,12,0,12,62
07/10/2005,ORH,MA,ANE,EN,Federal Contract Tower,0,0,21,0,21,0,20,122,0,142,0,20,143,0,163,174,0,174,337
07/11/2005,ORH,MA,ANE,EN,Federal Contract Tower,0,1,30,0,31,0,1,109,0,110,0,2,139,0,141,126,0,126,267
07/12/2005,ORH,MA,ANE,EN,Federal Contract Tower,0,3,24,0,27,0,14,134,0,148,0,17,158,0,175,144,0,144,319
07/13/2005,ORH,MA,ANE,EN,Federal Contract Tower,0,2,6,0,8,0,0,107,4,111,0,2,113,4,119,220,2,222,341
07/14/2005,ORH,MA,ANE,EN,Federal Contract Tower,0,0,31,0,31,0,8,52,0,60,0,8,83,0,91,62,0,62,153
07/15/2005,ORH,MA,ANE,EN,Federal Contract Tower,0,1,25,0,26,0,16,93,0,109,0,17,118,0,135,140,0,140,275
07/16/2005,ORH,MA,ANE,EN,Federal Contract Tower,0,2,19,0,21,0,6,81,0,87,0,8,100,0,108,144,0,144,252
07/17/2005,ORH,MA,ANE,EN,Federal Contract Tower,0,1,19,0,20,0,2,12,0,14,0,3,31,0,34,0,0,0,34
07/18/2005,ORH,MA,ANE,EN,Federal Contract Tower,0,4,12,0,16,0,4,4,0,8,0,8,16,0,24,2,0,2,26
07/19/2005,ORH,MA,ANE,EN,Federal Contract Tower,0,0,5,0,5,0,0,9,0,9,0,0,14,0,14,14,0,14,28
07/20/2005,ORH,MA,ANE,EN,Federal Contract Tower,0,2,15,2,19,0,6,127,0,133,0,8,142,2,152,148,0,148,300
07/21/2005,ORH,MA,ANE,EN,Federal Contract Tower,0,3,18,0,21,0,10,112,0,122,0,13,130,0,143,122,0,122,265
07/22/2005,ORH,MA,ANE,EN,Federal Contract Tower,0,0,14,0,14,0,10,126,0,136,0,10,140,0,150,164,0,164,314
07/23/2005,ORH,MA,ANE,EN,Federal Contract Tower,0,1,15,0,16,0,8,146,0,154,0,9,161,0,170,188,0,188,358
07/24/2005,ORH,MA,ANE,EN,Federal Contract Tower,0,1,26,0,27,0,14,144,0,158,0,15,170,0,185,172,0,172,357
07/25/2005,ORH,MA,ANE,EN,Federal Contract Tower,0,2,28,0,30,0,5,70,2,77,0,7,98,2,107,82,0,82,189
07/26/2005,ORH,MA,ANE,EN,Federal Contract Tower,0,5,16,0,21,0,16,113,0,129,0,21,129,0,150,116,0,116,266
07/27/2005,ORH,MA,ANE,EN,Federal Contract Tower,2,9,19,0,30,0,8,67,0,75,2,17,86,0,105,66,0,66,171
07/28/2005,ORH,MA,ANE,EN,Federal Contract Tower,0,3,23,0,26,0,10,84,0,94,0,13,107,0,120,108,0,108,228
07/29/2005,ORH,MA,ANE,EN,Federal Contract Tower,0,2,24,0,26,0,16,130,0,146,0,18,154,0,172,168,0,168,340
07/30/2005,ORH,MA,ANE,EN,Federal Contract Tower,0,0,29,4,33,0,16,150,0,166,0,16,179,4,199,212,0,212,411
07/31/2005,ORH,MA,ANE,EN,Federal Contract Tower,0,0,25,0,25,0,2,56,0,58,0,2,81,0,83,48,0,48,131
08/01/2005,ORH,MA,ANE,EN,Federal Contract Tower,0,4,13,0,17,0,5,58,0,63,0,9,71,0,80,38,0,38,118
08/02/2005,ORH,MA,ANE,EN,Federal Contract Tower,0,0,10,0,10,0,10,96,2,108,0,10,106,2,118,96,0,96,214
08/03/2005,ORH,MA,ANE,EN,Federal Contract Tower,0,6,11,0,17,0,11,108,2,121,0,17,119,2,138,150,0,150,288
08/04/2005,ORH,MA,ANE,EN,Federal Contract Tower,0,6,8,2,16,0,14,121,2,137,0,20,129,4,153,168,0,168,321
08/05/2005,ORH,MA,ANE,EN,Federal Contract Tower,0,2,16,0,18,0,4,94,0,98,0,6,110,0,116,138,0,138,254
08/06/2005,ORH,MA,ANE,EN,Federal Contract Tower,0,0,11,0,11,0,10,147,2,159,0,10,158,2,170,190,0,190,360
08/07/2005,ORH,MA,ANE,EN,Federal Contract Tower,0,1,11,0,12,0,18,131,0,149,0,19,142,0,161,126,0,126,287
08/08/2005,ORH,MA,ANE,EN,Federal Contract Tower,0,0,6,0,6,0,9,81,0,90,0,9,87,0,96,108,0,108,204
08/09/2005,ORH,MA,ANE,EN,Federal Contract Tower,0,0,17,0,17,0,10,95,2,107,0,10,112,2,124,100,0,100,224
08/10/2005,ORH,MA,ANE,EN,Federal Contract Tower,0,1,17,0,18,0,10,79,0,89,0,11,96,0,107,82,2,84,191
08/11/2005,ORH,MA,ANE,EN,Federal Contract Tower,0,2,20,0,22,0,5,88,2,95,0,7,108,2,117,108,2,110,227
08/12/2005,ORH,MA,ANE,EN,Federal Contract Tower,1,2,18,0,21,0,18,103,0,121,1,20,121,0,142,148,0,148,290
08/13/2005,ORH,MA,ANE,EN,Federal Contract Tower,0,1,12,0,13,0,6,83,0,89,0,7,95,0,102,132,0,132,234
08/14/2005,ORH,MA,ANE,EN,Federal Contract Tower,0,0,11,0,11,0,7,68,0,75,0,7,79,0,86,136,0,136,222
08/15/2005,ORH,MA,ANE,EN,Federal Contract Tower,0,3,6,0,9,0,0,0,0,0,0,3,6,0,9,0,0,0,9
08/16/2005,ORH,MA,ANE,EN,Federal Contract Tower,0,4,14,0,18,0,8,102,0,110,0,12,116,0,128,140,0,140,268
08/17/2005,ORH,MA,ANE,EN,Federal Contract Tower,2,0,23,0,25,0,10,117,0,127,2,10,140,0,152,168,0,168,320
08/18/2005,ORH,MA,ANE,EN,Federal Contract Tower,0,0,27,0,27,0,4,109,0,113,0,4,136,0,140,112,2,114,254
08/19/2005,ORH,MA,ANE,EN,Federal Contract Tower,0,1,16,0,17,0,17,122,2,141,0,18,138,2,158,162,0,162,320
08/20/2005,ORH,MA,ANE,EN,Federal Contract Tower,0,0,16,0,16,0,4,112,0,116,0,4,128,0,132,128,0,128,260
08/21/2005,ORH,MA,ANE,EN,Federal Contract Tower,0,2,8,0,10,0,0,45,0,45,0,2,53,0,55,74,0,74,129
08/22/2005,ORH,MA,ANE,EN,Federal Contract Tower,0,0,14,0,14,0,6,98,0,104,0,6,112,0,118,108,0,108,226
08/23/2005,ORH,MA,ANE,EN,Federal Contract Tower,0,1,18,0,19,0,9,127,6,142,0,10,145,6,161,229,0,229,390
08/24/2005,ORH,MA,ANE,EN,Federal Contract Tower,0,14,13,0,27,0,5,85,0,90,0,19,98,0,117,134,0,134,251
08/25/2005,ORH,MA,ANE,EN,Federal Contract Tower,0,5,22,0,27,0,9,122,0,131,0,14,144,0,158,154,0,154,312
08/26/2005,ORH,MA,ANE,EN,Federal Contract Tower,0,2,14,0,16,0,4,108,0,112,0,6,122,0,128,158,0,158,286
08/27/2005,ORH,MA,ANE,EN,Federal Contract Tower,0,2,20,0,22,0,12,133,0,145,0,14,153,0,167,156,0,156,323
08/28/2005,ORH,MA,ANE,EN,Federal Contract Tower,0,0,28,0,28,0,6,94,0,100,0,6,122,0,128,134,0,134,262
08/29/2005,ORH,MA,ANE,EN,Federal Contract Tower,0,5,18,0,23,0,1,18,0,19,0,6,36,0,42,10,0,10,52
08/30/2005,ORH,MA,ANE,EN,Federal Contract Tower,0,3,7,0,10,0,0,0,0,0,0,3,7,0,10,0,0,0,10
08/31/2005,ORH,MA,ANE,EN,Federal Contract Tower,0,12,9,0,21,0,0,0,0,0,0,12,9,0,21,0,0,0,21
09/01/2005,ORH,MA,ANE,EN,Federal Contract Tower,0,1,13,0,14,0,4,113,0,117,0,5,126,0,131,154,0,154,285
09/02/2005,ORH,MA,ANE,EN,Federal Contract Tower,0,0,14,0,14,0,10,126,0,136,0,10,140,0,150,174,0,174,324
09/03/2005,ORH,MA,ANE,EN,Federal Contract Tower,0,0,19,0,19,0,6,145,0,151,0,6,164,0,170,126,0,126,296
09/04/2005,ORH,MA,ANE,EN,Federal Contract Tower,0,0,17,0,17,0,10,133,0,143,0,10,150,0,160,144,0,144,304
09/05/2005,ORH,MA,ANE,EN,Federal Contract Tower,0,2,15,0,17,0,5,110,0,115,0,7,125,0,132,62,0,62,194
09/06/2005,ORH,MA,ANE,EN,Federal Contract Tower,0,3,3,0,6,0,10,108,0,118,0,13,111,0,124,58,0,58,182
09/07/2005,ORH,MA,ANE,EN,Federal Contract Tower,0,1,29,0,30,0,22,107,4,133,0,23,136,4,163,146,0,146,309
09/08/2005,ORH,MA,ANE,EN,Federal Contract Tower,0,1,21,0,22,0,5,72,0,77,0,6,93,0,99,128,0,128,227
09/09/2005,ORH,MA,ANE,EN,Federal Contract Tower,0,3,21,0,24,0,17,116,0,133,0,20,137,0,157,168,0,168,325
09/10/2005,ORH,MA,ANE,EN,Federal Contract Tower,0,2,19,0,21,0,8,127,0,135,0,10,146,0,156,188,0,188,344
09/11/2005,ORH,MA,ANE,EN,Federal Contract Tower,0,3,12,0,15,0,7,134,0,141,0,10,146,0,156,128,0,128,284
09/12/2005,ORH,MA,ANE,EN,Federal Contract Tower,0,0,12,0,12,0,4,39,0,43,0,4,51,0,55,44,0,44,99
09/13/2005,ORH,MA,ANE,EN,Federal Contract Tower,0,0,14,0,14,0,4,100,0,104,0,4,114,0,118,112,0,112,230
09/14/2005,ORH,MA,ANE,EN,Federal Contract Tower,0,0,7,0,7,0,9,79,0,88,0,9,86,0,95,132,0,132,227
09/15/2005,ORH,MA,ANE,EN,Federal Contract Tower,0,0,4,0,4,0,0,0,0,0,0,0,4,0,4,0,0,0,4
09/16/2005,ORH,MA,ANE,EN,Federal Contract Tower,0,0,8,0,8,0,0,0,0,0,0,0,8,0,8,0,0,0,8
09/17/2005,ORH,MA,ANE,EN,Federal Contract Tower,0,2,29,0,31,0,4,30,0,34,0,6,59,0,65,40,0,40,105
09/18/2005,ORH,MA,ANE,EN,Federal Contract Tower,0,0,19,0,19,0,14,105,0,119,0,14,124,0,138,106,0,106,244
09/19/2005,ORH,MA,ANE,EN,Federal Contract Tower,0,2,15,0,17,0,4,86,0,90,0,6,101,0,107,38,0,38,145
09/20/2005,ORH,MA,ANE,EN,Federal Contract Tower,0,3,15,0,18,0,0,3,0,3,0,3,18,0,21,0,0,0,21
09/21/2005,ORH,MA,ANE,EN,Federal Contract Tower,0,1,23,0,24,0,8,123,0,131,0,9,146,0,155,138,0,138,293
09/22/2005,ORH,MA,ANE,EN,Federal Contract Tower,0,2,18,0,20,0,4,98,0,102,0,6,116,0,122,114,0,114,236
09/23/2005,ORH,MA,ANE,EN,Federal Contract Tower,0,2,21,0,23,0,4,89,0,93,0,6,110,0,116,136,0,136,252
09/24/2005,ORH,MA,ANE,EN,Federal Contract Tower,0,13,0,0,13,0,1,171,0,172,0,14,171,0,185,172,0,172,357
09/25/2005,ORH,MA,ANE,EN,Federal Contract Tower,0,0,19,0,19,0,10,93,4,107,0,10,112,4,126,120,0,120,246
09/26/2005,ORH,MA,ANE,EN,Federal Contract Tower,0,0,15,0,15,0,0,23,0,23,0,0,38,0,38,2,0,2,40
09/27/2005,ORH,MA,ANE,EN,Federal Contract Tower,0,0,12,0,12,0,8,83,0,91,0,8,95,0,103,78,0,78,181
09/28/2005,ORH,MA,ANE,EN,Federal Contract Tower,0,0,14,0,14,0,22,105,0,127,0,22,119,0,141,150,0,150,291
09/29/2005,ORH,MA,ANE,EN,Federal Contract Tower,0,1,3,0,4,0,6,10,0,16,0,7,13,0,20,14,0,14,34
09/30/2005,ORH,MA,ANE,EN,Federal Contract Tower,0,2,32,0,34,0,17,112,0,129,0,19,144,0,163,152,0,152,315
10/01/2005,ORH,MA,ANE,EN,Federal Contract Tower,0,2,12,0,14,0,14,146,0,160,0,16,158,0,174,0,180,180,354
10/02/2005,ORH,MA,ANE,EN,Federal Contract Tower,0,2,24,0,26,0,4,87,0,91,0,6,111,0,117,160,0,160,277
10/03/2005,ORH,MA,ANE,EN,Federal Contract Tower,0,1,13,0,14,0,14,82,0,96,0,15,95,0,110,54,0,54,164
10/04/2005,ORH,MA,ANE,EN,Federal Contract Tower,0,0,28,0,28,0,8,81,0,89,0,8,109,0,117,82,0,82,199
10/05/2005,ORH,MA,ANE,EN,Federal Contract Tower,0,8,20,0,28,0,13,78,0,91,0,21,98,0,119,144,0,144,263
10/06/2005,ORH,MA,ANE,EN,Federal Contract Tower,0,0,16,0,16,0,16,43,0,59,0,16,59,0,75,46,0,46,121
10/07/2005,ORH,MA,ANE,EN,Federal Contract Tower,0,3,18,0,21,0,0,21,0,21,0,3,39,0,42,54,0,54,96
10/08/2005,ORH,MA,ANE,EN,Federal Contract Tower,0,1,11,0,12,0,0,0,0,0,0,1,11,0,12,0,0,0,12
10/09/2005,ORH,MA,ANE,EN,Federal Contract Tower,0,0,19,0,19,0,0,0,0,0,0,0,19,0,19,2,0,2,21
10/10/2005,ORH,MA,ANE,EN,Federal Contract Tower,0,1,10,0,11,0,0,0,0,0,0,1,10,0,11,0,0,0,11
10/11/2005,ORH,MA,ANE,EN,Federal Contract Tower,0,2,8,4,14,0,0,0,0,0,0,2,8,4,14,0,0,0,14
10/12/2005,ORH,MA,ANE,EN,Federal Contract Tower,0,0,9,0,9,0,0,0,0,0,0,0,9,0,9,0,0,0,9
10/13/2005,ORH,MA,ANE,EN,Federal Contract Tower,0,6,5,0,11,0,0,0,0,0,0,6,5,0,11,0,0,0,11
10/14/2005,ORH,MA,ANE,EN,Federal Contract Tower,0,1,8,0,9,0,0,0,0,0,0,1,8,0,9,0,0,0,9
10/15/2005,ORH,MA,ANE,EN,Federal Contract Tower,0,3,14,0,17,0,0,0,0,0,0,3,14,0,17,0,0,0,17
10/16/2005,ORH,MA,ANE,EN,Federal Contract Tower,2,2,8,0,12,0,0,53,0,53,2,2,61,0,65,30,0,30,95
10/17/2005,ORH,MA,ANE,EN,Federal Contract Tower,0,0,12,0,12,0,4,38,0,42,0,4,50,0,54,16,0,16,70
10/18/2005,ORH,MA,ANE,EN,Federal Contract Tower,2,2,20,0,24,0,6,45,0,51,2,8,65,0,75,60,0,60,135
10/19/2005,ORH,MA,ANE,EN,Federal Contract Tower,0,0,18,0,18,0,6,101,0,107,0,6,119,0,125,136,0,136,261
10/20/2005,ORH,MA,ANE,EN,Federal Contract Tower,0,4,27,0,31,0,18,94,0,112,0,22,121,0,143,134,0,134,277
10/21/2005,ORH,MA,ANE,EN,Federal Contract Tower,0,1,27,0,28,0,10,117,2,129,0,11,144,2,157,192,0,192,349
10/22/2005,ORH,MA,ANE,EN,Federal Contract Tower,0,0,4,0,4,0,49,0,0,49,0,49,4,0,53,12,0,12,65
10/23/2005,ORH,MA,ANE,EN,Federal Contract Tower,0,0,15,0,15,0,4,59,0,63,0,4,74,0,78,104,0,104,182
10/24/2005,ORH,MA,ANE,EN,Federal Contract Tower,0,3,23,0,26,0,0,6,0,6,0,3,29,0,32,0,0,0,32
10/25/2005,ORH,MA,ANE,EN,Federal Contract Tower,0,0,1,0,1,0,0,0,0,0,0,0,1,0,1,0,0,0,1
10/26/2005,ORH,MA,ANE,EN,Federal Contract Tower,0,0,27,0,27,0,0,15,0,15,0,0,42,0,42,6,0,6,48
10/27/2005,ORH,MA,ANE,EN,Federal Contract Tower,0,2,16,0,18,0,2,108,0,110,0,4,124,0,128,124,0,124,252
10/28/2005,ORH,MA,ANE,EN,Federal Contract Tower,0,1,30,0,31,0,12,84,0,96,0,13,114,0,127,160,0,160,287
10/29/2005,ORH,MA,ANE,EN,Federal Contract Tower,0,0,9,0,9,0,12,98,0,110,0,12,107,0,119,140,0,140,259
10/30/2005,ORH,MA,ANE,EN,Federal Contract Tower,0,5,10,0,15,0,4,117,0,121,0,9,127,0,136,138,0,138,274
10/31/2005,ORH,MA,ANE,EN,Federal Contract Tower,0,3,26,0,29,0,8,75,0,83,0,11,101,0,112,70,0,70,182
11/01/2005,ORH,MA,ANE,EN,Federal Contract Tower,0,2,16,0,18,0,20,85,0,105,0,22,101,0,123,104,0,104,227
11/02/2005,ORH,MA,ANE,EN,Federal Contract Tower,0,0,10,0,10,0,0,93,0,93,0,0,103,0,103,96,0,96,199
11/03/2005,ORH,MA,ANE,EN,Federal Contract Tower,0,0,9,0,9,0,4,83,0,87,0,4,92,0,96,74,0,74,170
11/04/2005,ORH,MA,ANE,EN,Federal Contract Tower,0,2,21,4,27,0,4,118,0,122,0,6,139,4,149,188,0,188,337
11/05/2005,ORH,MA,ANE,EN,Federal Contract Tower,0,2,20,0,22,0,8,165,0,173,0,10,185,0,195,218,0,218,413
11/06/2005,ORH,MA,ANE,EN,Federal Contract Tower,0,2,1,0,3,0,0,0,0,0,0,2,1,0,3,0,0,0,3
11/07/2005,ORH,MA,ANE,EN,Federal Contract Tower,0,3,9,0,12,0,4,47,0,51,0,7,56,0,63,50,0,50,113
11/08/2005,ORH,MA,ANE,EN,Federal Contract Tower,0,8,16,0,24,0,0,97,0,97,0,8,113,0,121,96,0,96,217
11/09/2005,ORH,MA,ANE,EN,Federal Contract Tower,0,1,12,0,13,0,0,95,0,95,0,1,107,0,108,120,0,120,228
11/10/2005,ORH,MA,ANE,EN,Federal Contract Tower,0,1,8,0,9,0,2,71,0,73,0,3,79,0,82,72,0,72,154
11/11/2005,ORH,MA,ANE,EN,Federal Contract Tower,0,0,33,0,33,0,10,86,0,96,0,10,119,0,129,120,0,120,249
11/12/2005,ORH,MA,ANE,EN,Federal Contract Tower,0,6,35,0,41,0,4,130,0,134,0,10,165,0,175,170,0,170,345
11/13/2005,ORH,MA,ANE,EN,Federal Contract Tower,0,1,19,0,20,0,6,96,0,102,0,7,115,0,122,96,0,96,218
11/14/2005,ORH,MA,ANE,EN,Federal Contract Tower,0,2,20,0,22,0,4,69,0,73,0,6,89,0,95,68,0,68,163
11/15/2005,ORH,MA,ANE,EN,Federal Contract Tower,0,0,15,0,15,0,0,0,0,0,0,0,15,0,15,0,0,0,15
11/16/2005,ORH,MA,ANE,EN,Federal Contract Tower,0,0,6,0,6,0,0,0,0,0,0,0,6,0,6,0,0,0,6
11/17/2005,ORH,MA,ANE,EN,Federal Contract Tower,0,4,16,0,20,0,2,93,0,95,0,6,109,0,115,106,0,106,221
11/18/2005,ORH,MA,ANE,EN,Federal Contract Tower,0,0,10,0,10,0,10,133,0,143,0,10,143,0,153,122,0,122,275
11/19/2005,ORH,MA,ANE,EN,Federal Contract Tower,0,0,26,0,26,0,4,153,0,157,0,4,179,0,183,152,0,152,335
11/20/2005,ORH,MA,ANE,EN,Federal Contract Tower,2,0,27,0,29,0,11,110,0,121,2,11,137,0,150,152,0,152,302
11/21/2005,ORH,MA,ANE,EN,Federal Contract Tower,0,4,34,0,38,0,7,90,0,97,0,11,124,0,135,82,0,82,217
11/22/2005,ORH,MA,ANE,EN,Federal Contract Tower,2,0,0,0,2,0,0,0,0,0,2,0,0,0,2,0,0,0,2
11/23/2005,ORH,MA,ANE,EN,Federal Contract Tower,0,3,20,0,23,0,10,80,0,90,0,13,100,0,113,122,0,122,235
11/24/2005,ORH,MA,ANE,EN,Federal Contract Tower,0,2,3,0,5,0,0,0,0,0,0,2,3,0,5,0,0,0,5
11/25/2005,ORH,MA,ANE,EN,Federal Contract Tower,0,5,4,0,9,0,15,91,4,110,0,20,95,4,119,100,0,100,219
11/26/2005,ORH,MA,ANE,EN,Federal Contract Tower,0,2,12,0,14,0,2,63,0,65,0,4,75,0,79,72,0,72,151
11/27/2005,ORH,MA,ANE,EN,Federal Contract Tower,0,2,26,0,28,0,8,109,0,117,0,10,135,0,145,134,0,134,279
11/28/2005,ORH,MA,ANE,EN,Federal Contract Tower,0,0,3,0,3,0,0,0,0,0,0,0,3,0,3,0,0,0,3
11/29/2005,ORH,MA,ANE,EN,Federal Contract Tower,0,2,15,0,17,0,0,7,0,7,0,2,22,0,24,0,0,0,24
11/30/2005,ORH,MA,ANE,EN,Federal Contract Tower,0,1,12,0,13,0,0,0,0,0,0,1,12,0,13,0,0,0,13
12/01/2005,ORH,MA,ANE,EN,Federal Contract Tower,0,0,21,0,21,0,0,92,0,92,0,0,113,0,113,94,0,94,207
12/02/2005,ORH,MA,ANE,EN,Federal Contract Tower,0,2,11,0,13,0,0,52,0,52,0,2,63,0,65,54,2,56,121
12/03/2005,ORH,MA,ANE,EN,Federal Contract Tower,0,2,5,0,7,0,2,108,0,110,0,4,113,0,117,138,0,138,255
12/04/2005,ORH,MA,ANE,EN,Federal Contract Tower,1,5,2,0,8,0,0,0,0,0,1,5,2,0,8,0,0,0,8
12/05/2005,ORH,MA,ANE,EN,Federal Contract Tower,0,0,12,3,15,0,20,75,0,95,0,20,87,3,110,12,0,12,122
12/06/2005,ORH,MA,ANE,EN,Federal Contract Tower,1,3,5,0,9,0,10,56,0,66,1,13,61,0,75,54,0,54,129
12/07/2005,ORH,MA,ANE,EN,Federal Contract Tower,0,1,22,0,23,0,6,50,0,56,0,7,72,0,79,24,0,24,103
12/08/2005,ORH,MA,ANE,EN,Federal Contract Tower,0,2,8,0,10,0,0,109,0,109,0,2,117,0,119,72,0,72,191
12/09/2005,ORH,MA,ANE,EN,Federal Contract Tower,0,1,0,0,1,0,0,0,0,0,0,1,0,0,1,0,0,0,1
12/10/2005,ORH,MA,ANE,EN,Federal Contract Tower,0,3,16,0,19,0,10,64,0,74,0,13,80,0,93,102,0,102,195
12/11/2005,ORH,MA,ANE,EN,Federal Contract Tower,0,0,12,0,12,0,11,86,0,97,0,11,98,0,109,88,0,88,197
12/12/2005,ORH,MA,ANE,EN,Federal Contract Tower,0,0,18,0,18,0,12,70,0,82,0,12,88,0,100,44,0,44,144
12/13/2005,ORH,MA,ANE,EN,Federal Contract Tower,0,1,17,0,18,0,10,107,0,117,0,11,124,0,135,68,0,68,203
12/14/2005,ORH,MA,ANE,EN,Federal Contract Tower,2,2,14,0,18,0,13,72,0,85,2,15,86,0,103,96,0,96,199
12/15/2005,ORH,MA,ANE,EN,Federal Contract Tower,4,2,11,0,17,0,0,80,0,80,4,2,91,0,97,48,0,48,145
12/16/2005,ORH,MA,ANE,EN,Federal Contract Tower,0,0,0,0,0,0,1,0,0,1,0,1,0,0,1,0,0,0,1
12/17/2005,ORH,MA,ANE,EN,Federal Contract Tower,0,1,10,0,11,0,9,95,0,104,0,10,105,0,115,96,0,96,211
12/18/2005,ORH,MA,ANE,EN,Federal Contract Tower,0,2,14,0,16,0,18,88,0,106,0,20,102,0,122,110,0,110,232
12/19/2005,ORH,MA,ANE,EN,Federal Contract Tower,0,4,3,0,7,0,8,49,0,57,0,12,52,0,64,8,0,8,72
12/20/2005,ORH,MA,ANE,EN,Federal Contract Tower,0,0,16,0,16,0,0,49,0,49,0,0,65,0,65,14,0,14,79
12/21/2005,ORH,MA,ANE,EN,Federal Contract Tower,0,1,6,0,7,0,0,57,0,57,0,1,63,0,64,60,0,60,124
12/22/2005,ORH,MA,ANE,EN,Federal Contract Tower,2,0,14,2,18,0,3,78,0,81,2,3,92,2,99,38,0,38,137
12/23/2005,ORH,MA,ANE,EN,Federal Contract Tower,2,0,9,0,11,0,8,87,0,95,2,8,96,0,106,102,0,102,208
12/24/2005,ORH,MA,ANE,EN,Federal Contract Tower,0,0,3,0,3,0,4,46,0,50,0,4,49,0,53,42,0,42,95
12/25/2005,ORH,MA,ANE,EN,Federal Contract Tower,0,2,2,0,4,0,0,1,0,1,0,2,3,0,5,0,0,0,5
12/26/2005,ORH,MA,ANE,EN,Federal Contract Tower,2,1,3,0,6,0,0,0,0,0,2,1,3,0,6,0,0,0,6
12/27/2005,ORH,MA,ANE,EN,Federal Contract Tower,0,3,7,0,10,0,6,50,0,56,0,9,57,0,66,22,0,22,88
12/28/2005,ORH,MA,ANE,EN,Federal Contract Tower,0,7,14,0,21,0,6,94,0,100,0,13,108,0,121,158,0,158,279
12/29/2005,ORH,MA,ANE,EN,Federal Contract Tower,0,0,1,0,1,0,0,0,0,0,0,0,1,0,1,0,0,0,1
12/30/2005,ORH,MA,ANE,EN,Federal Contract Tower,2,2,7,0,11,0,8,43,0,51,2,10,50,0,62,28,0,28,90
12/31/2005,ORH,MA,ANE,EN,Federal Contract Tower,0,0,0,0,0,0,8,35,0,43,0,8,35,0,43,76,0,76,119
01/01/2006,ORH,MA,ANE,EN,Federal Contract Tower,2,3,1,0,6,0,0,0,0,0,2,3,1,0,6,0,0,0,6
01/02/2006,ORH,MA,ANE,EN,Federal Contract Tower,2,2,4,0,8,0,13,56,0,69,2,15,60,0,77,64,0,64,141
01/03/2006,ORH,MA,ANE,EN,Federal Contract Tower,0,0,0,0,0,0,0,0,0,0,0,0,0,0,0,0,0,0,0
01/04/2006,ORH,MA,ANE,EN,Federal Contract Tower,0,0,6,0,6,0,4,28,0,32,0,4,34,0,38,0,0,0,38
01/05/2006,ORH,MA,ANE,EN,Federal Contract Tower,1,0,2,0,3,1,0,0,0,1,2,0,2,0,4,0,0,0,4
01/06/2006,ORH,MA,ANE,EN,Federal Contract Tower,0,0,5,0,5,0,2,73,2,77,0,2,78,2,82,100,0,100,182
01/07/2006,ORH,MA,ANE,EN,Federal Contract Tower,0,3,29,0,32,0,22,126,0,148,0,25,155,0,180,160,0,160,340
01/08/2006,ORH,MA,ANE,EN,Federal Contract Tower,4,3,17,0,24,0,3,52,0,55,4,6,69,0,79,84,0,84,163
01/09/2006,ORH,MA,ANE,EN,Federal Contract Tower,0,3,6,0,9,0,0,6,0,6,0,3,12,0,15,0,0,0,15
01/10/2006,ORH,MA,ANE,EN,Federal Contract Tower,0,5,21,0,26,0,0,61,0,61,0,5,82,0,87,38,0,38,125
01/11/2006,ORH,MA,ANE,EN,Federal Contract Tower,0,6,7,0,13,0,2,12,0,14,0,8,19,0,27,2,0,2,29
01/12/2006,ORH,MA,ANE,EN,Federal Contract Tower,2,8,18,0,28,0,0,77,0,77,2,8,95,0,105,84,0,84,189
01/13/2006,ORH,MA,ANE,EN,Federal Contract Tower,0,0,16,0,16,0,5,64,0,69,0,5,80,0,85,78,0,78,163
01/14/2006,ORH,MA,ANE,EN,Federal Contract Tower,0,0,6,0,6,0,0,0,0,0,0,0,6,0,6,0,0,0,6
01/15/2006,ORH,MA,ANE,EN,Federal Contract Tower,2,0,1,0,3,0,0,0,0,0,2,0,1,0,3,0,0,0,3
01/16/2006,ORH,MA,ANE,EN,Federal Contract Tower,0,8,5,0,13,0,8,38,0,46,0,16,43,0,59,0,0,0,59
01/17/2006,ORH,MA,ANE,EN,Federal Contract Tower,0,4,12,0,16,0,0,32,2,34,0,4,44,2,50,0,2,2,52
01/18/2006,ORH,MA,ANE,EN,Federal Contract Tower,0,3,1,0,4,0,0,0,0,0,0,3,1,0,4,0,0,0,4
01/19/2006,ORH,MA,ANE,EN,Federal Contract Tower,2,1,8,1,12,0,0,52,1,53,2,1,60,2,65,38,14,52,117
01/20/2006,ORH,MA,ANE,EN,Federal Contract Tower,0,0,9,0,9,0,14,83,0,97,0,14,92,0,106,58,0,58,164
01/21/2006,ORH,MA,ANE,EN,Federal Contract Tower,0,1,4,0,5,0,14,75,0,89,0,15,79,0,94,38,0,38,132
01/22/2006,ORH,MA,ANE,EN,Federal Contract Tower,2,1,18,0,21,0,9,117,2,128,2,10,135,2,149,144,0,144,293
01/23/2006,ORH,MA,ANE,EN,Federal Contract Tower,0,2,0,0,2,0,0,0,0,0,0,2,0,0,2,0,0,0,2
01/24/2006,ORH,MA,ANE,EN,Federal Contract Tower,2,3,26,0,31,0,11,67,0,78,2,14,93,0,109,52,0,52,161
01/25/2006,ORH,MA,ANE,EN,Federal Contract Tower,0,2,2,0,4,0,5,48,0,53,0,7,50,0,57,58,0,58,115
01/26/2006,ORH,MA,ANE,EN,Federal Contract Tower,2,2,21,0,25,0,4,45,0,49,2,6,66,0,74,36,0,36,110
01/27/2006,ORH,MA,ANE,EN,Federal Contract Tower,0,2,14,0,16,0,10,101,0,111,0,12,115,0,127,92,0,92,219
01/28/2006,ORH,MA,ANE,EN,Federal Contract Tower,0,0,25,0,25,0,10,120,0,130,0,10,145,0,155,146,0,146,301
01/29/2006,ORH,MA,ANE,EN,Federal Contract Tower,2,0,22,0,24,0,8,83,0,91,2,8,105,0,115,142,0,142,257
01/30/2006,ORH,MA,ANE,EN,Federal Contract Tower,0,0,1,0,1,0,0,0,0,0,0,0,1,0,1,0,0,0,1
01/31/2006,ORH,MA,ANE,EN,Federal Contract Tower,0,2,3,0,5,0,0,0,0,0,0,2,3,0,5,0,0,0,5
02/01/2006,ORH,MA,ANE,EN,Federal Contract Tower,0,2,6,2,10,0,0,59,0,59,0,2,65,2,69,40,0,40,109
02/02/2006,ORH,MA,ANE,EN,Federal Contract Tower,2,3,18,0,23,0,6,78,2,86,2,9,96,2,109,74,0,74,183
02/03/2006,ORH,MA,ANE,EN,Federal Contract Tower,0,1,2,0,3,0,0,0,0,0,0,1,2,0,3,2,0,2,5
02/04/2006,ORH,MA,ANE,EN,Federal Contract Tower,0,0,17,0,17,0,6,88,0,94,0,6,105,0,111,126,0,126,237
02/05/2006,ORH,MA,ANE,EN,Federal Contract Tower,2,0,6,2,10,0,4,41,2,47,2,4,47,4,57,50,0,50,107
02/06/2006,ORH,MA,ANE,EN,Federal Contract Tower,0,2,7,0,9,0,0,4,0,4,0,2,11,0,13,0,0,0,13
02/07/2006,ORH,MA,ANE,EN,Federal Contract Tower,0,0,9,0,9,0,4,28,0,32,0,4,37,0,41,32,0,32,73
02/08/2006,ORH,MA,ANE,EN,Federal Contract Tower,0,3,22,0,25,0,10,80,0,90,0,13,102,0,115,120,0,120,235
02/09/2006,ORH,MA,ANE,EN,Federal Contract Tower,2,3,16,0,21,0,10,83,0,93,2,13,99,0,114,118,0,118,232
02/10/2006,ORH,MA,ANE,EN,Federal Contract Tower,2,1,8,0,11,0,13,86,0,99,2,14,94,0,110,120,0,120,230
02/11/2006,ORH,MA,ANE,EN,Federal Contract Tower,0,1,26,0,27,0,10,82,0,92,0,11,108,0,119,114,0,114,233
02/12/2006,ORH,MA,ANE,EN,Federal Contract Tower,0,0,0,0,0,0,0,0,0,0,0,0,0,0,0,0,0,0,0
02/13/2006,ORH,MA,ANE,EN,Federal Contract Tower,4,0,0,0,4,0,0,17,0,17,4,0,17,0,21,6,0,6,27
02/14/2006,ORH,MA,ANE,EN,Federal Contract Tower,0,0,13,0,13,0,9,59,0,68,0,9,72,0,81,32,0,32,113
02/15/2006,ORH,MA,ANE,EN,Federal Contract Tower,0,9,18,0,27,0,11,86,8,105,0,20,104,8,132,96,0,96,228
02/16/2006,ORH,MA,ANE,EN,Federal Contract Tower,2,9,14,0,25,0,7,98,0,105,2,16,112,0,130,80,0,80,210
02/17/2006,ORH,MA,ANE,EN,Federal Contract Tower,0,0,0,0,0,0,0,4,0,4,0,0,4,0,4,0,0,0,4
02/18/2006,ORH,MA,ANE,EN,Federal Contract Tower,2,0,2,0,4,0,0,7,0,7,2,0,9,0,11,0,0,0,11
02/19/2006,ORH,MA,ANE,EN,Federal Contract Tower,2,0,12,0,14,0,7,51,0,58,2,7,63,0,72,60,0,60,132
02/20/2006,ORH,MA,ANE,EN,Federal Contract Tower,2,2,17,0,21,0,4,77,0,81,2,6,94,0,102,50,0,50,152
02/21/2006,ORH,MA,ANE,EN,Federal Contract Tower,0,3,11,0,14,0,17,69,0,86,0,20,80,0,100,44,0,44,144
02/22/2006,ORH,MA,ANE,EN,Federal Contract Tower,0,4,25,4,33,0,18,94,0,112,0,22,119,4,145,144,0,144,289
02/23/2006,ORH,MA,ANE,EN,Federal Contract Tower,2,2,3,0,7,0,0,10,0,10,2,2,13,0,17,0,0,0,17
02/24/2006,ORH,MA,ANE,EN,Federal Contract Tower,2,3,3,0,8,0,1,14,0,15,2,4,17,0,23,0,0,0,23
02/25/2006,ORH,MA,ANE,EN,Federal Contract Tower,0,1,6,0,7,0,14,22,0,36,0,15,28,0,43,12,0,12,55
02/26/2006,ORH,MA,ANE,EN,Federal Contract Tower,2,3,1,0,6,0,8,74,0,82,2,11,75,0,88,66,0,66,154
02/27/2006,ORH,MA,ANE,EN,Federal Contract Tower,2,2,2,0,6,0,0,21,0,21,2,2,23,0,27,4,0,4,31
02/28/2006,ORH,MA,ANE,EN,Federal Contract Tower,0,2,13,0,15,0,6,48,4,58,0,8,61,4,73,34,0,34,107
03/01/2006,ORH,MA,ANE,EN,Federal Contract Tower,0,6,18,0,24,0,14,84,0,98,0,20,102,0,122,142,0,142,264
03/02/2006,ORH,MA,ANE,EN,Federal Contract Tower,2,5,11,0,18,0,10,71,0,81,2,15,82,0,99,74,0,74,173
03/03/2006,ORH,MA,ANE,EN,Federal Contract Tower,2,0,10,0,12,0,10,90,2,102,2,10,100,2,114,94,0,94,208
03/04/2006,ORH,MA,ANE,EN,Federal Contract Tower,0,0,9,0,9,0,16,96,4,116,0,16,105,4,125,130,0,130,255
03/05/2006,ORH,MA,ANE,EN,Federal Contract Tower,4,0,44,0,48,0,15,104,4,123,4,15,148,4,171,138,0,138,309
03/06/2006,ORH,MA,ANE,EN,Federal Contract Tower,2,2,11,0,15,0,5,78,0,83,2,7,89,0,98,48,0,48,146
03/07/2006,ORH,MA,ANE,EN,Federal Contract Tower,1,4,20,0,25,0,11,78,0,89,1,15,98,0,114,66,0,66,180
03/08/2006,ORH,MA,ANE,EN,Federal Contract Tower,0,2,20,0,22,0,28,92,0,120,0,30,112,0,142,168,0,168,310
03/09/2006,ORH,MA,ANE,EN,Federal Contract Tower,2,3,18,0,23,0,7,50,0,57,2,10,68,0,80,72,0,72,152
03/10/2006,ORH,MA,ANE,EN,Federal Contract Tower,2,4,0,0,6,0,6,52,0,58,2,10,52,0,64,22,0,22,86
03/11/2006,ORH,MA,ANE,EN,Federal Contract Tower,0,0,11,0,11,0,6,129,0,135,0,6,140,0,146,162,0,162,308
03/12/2006,ORH,MA,ANE,EN,Federal Contract Tower,2,4,27,0,33,0,8,44,0,52,2,12,71,0,85,72,0,72,157
03/13/2006,ORH,MA,ANE,EN,Federal Contract Tower,2,3,9,0,14,0,0,2,0,2,2,3,11,0,16,6,0,6,22
03/14/2006,ORH,MA,ANE,EN,Federal Contract Tower,0,2,14,0,16,0,0,20,0,20,0,2,34,0,36,56,0,56,92
03/15/2006,ORH,MA,ANE,EN,Federal Contract Tower,0,0,9,0,9,0,0,20,0,20,0,0,29,0,29,10,0,10,39
03/16/2006,ORH,MA,ANE,EN,Federal Contract Tower,2,0,6,0,8,0,20,91,0,111,2,20,97,0,119,92,0,92,211
03/17/2006,ORH,MA,ANE,EN,Federal Contract Tower,2,2,25,0,29,0,22,105,0,127,2,24,130,0,156,152,0,152,308
03/18/2006,ORH,MA,ANE,EN,Federal Contract Tower,0,3,28,0,31,0,10,116,0,126,0,13,144,0,157,172,0,172,329
03/19/2006,ORH,MA,ANE,EN,Federal Contract Tower,2,1,19,0,22,0,9,92,6,107,2,10,111,6,129,114,0,114,243
03/20/2006,ORH,MA,ANE,EN,Federal Contract Tower,2,2,11,0,15,0,6,38,0,44,2,8,49,0,59,28,0,28,87
03/21/2006,ORH,MA,ANE,EN,Federal Contract Tower,0,4,0,0,4,0,7,0,0,7,0,11,0,0,11,72,0,72,83
03/22/2006,ORH,MA,ANE,EN,Federal Contract Tower,2,6,8,0,16,0,18,73,0,91,2,24,81,0,107,72,0,72,179
03/23/2006,ORH,MA,ANE,EN,Federal Contract Tower,2,3,13,3,21,0,16,112,1,129,2,19,125,4,150,146,4,150,300
03/24/2006,ORH,MA,ANE,EN,Federal Contract Tower,3,0,17,0,20,0,18,97,0,115,3,18,114,0,135,128,0,128,263
03/25/2006,ORH,MA,ANE,EN,Federal Contract Tower,2,2,13,0,17,0,12,66,0,78,2,14,79,0,95,72,0,72,167
03/26/2006,ORH,MA,ANE,EN,Federal Contract Tower,4,1,19,0,24,0,17,67,0,84,4,18,86,0,108,90,0,90,198
03/27/2006,ORH,MA,ANE,EN,Federal Contract Tower,2,2,20,0,24,0,6,59,0,65,2,8,79,0,89,74,0,74,163
03/28/2006,ORH,MA,ANE,EN,Federal Contract Tower,0,2,16,0,18,0,12,68,0,80,0,14,84,0,98,130,2,132,230
03/29/2006,ORH,MA,ANE,EN,Federal Contract Tower,0,8,0,0,8,0,4,119,0,123,0,12,119,0,131,0,0,0,131
03/30/2006,ORH,MA,ANE,EN,Federal Contract Tower,1,10,8,0,19,0,10,105,0,115,1,20,113,0,134,132,0,132,266
03/31/2006,ORH,MA,ANE,EN,Federal Contract Tower,3,0,16,0,19,0,22,118,0,140,3,22,134,0,159,156,0,156,315
04/01/2006,ORH,MA,ANE,EN,Federal Contract Tower,0,0,9,2,11,0,10,68,4,82,0,10,77,6,93,128,0,128,221
04/02/2006,ORH,MA,ANE,EN,Federal Contract Tower,4,1,25,0,30,0,13,85,0,98,4,14,110,0,128,162,0,162,290
04/03/2006,ORH,MA,ANE,EN,Federal Contract Tower,2,4,16,1,23,0,11,18,0,29,2,15,34,1,52,6,0,6,58
04/04/2006,ORH,MA,ANE,EN,Federal Contract Tower,1,3,4,0,8,0,0,4,0,4,1,3,8,0,12,0,0,0,12
04/05/2006,ORH,MA,ANE,EN,Federal Contract Tower,0,0,0,0,0,0,2,25,0,27,0,2,25,0,27,16,0,16,43
04/06/2006,ORH,MA,ANE,EN,Federal Contract Tower,3,2,8,1,14,0,18,101,0,119,3,20,109,1,133,120,0,120,253
04/07/2006,ORH,MA,ANE,EN,Federal Contract Tower,2,0,16,1,19,0,12,77,0,89,2,12,93,1,108,106,0,106,214
04/08/2006,ORH,MA,ANE,EN,Federal Contract Tower,0,0,7,0,7,0,12,87,2,101,0,12,94,2,108,124,0,124,232
04/09/2006,ORH,MA,ANE,EN,Federal Contract Tower,2,7,24,0,33,0,2,156,0,158,2,9,180,0,191,166,0,166,357
04/10/2006,ORH,MA,ANE,EN,Federal Contract Tower,2,1,17,0,20,0,0,48,0,48,2,1,65,0,68,90,0,90,158
04/11/2006,ORH,MA,ANE,EN,Federal Contract Tower,0,4,15,0,19,0,9,44,0,53,0,13,59,0,72,90,0,90,162
04/12/2006,ORH,MA,ANE,EN,Federal Contract Tower,0,3,15,0,18,0,14,62,0,76,0,17,77,0,94,64,0,64,158
04/13/2006,ORH,MA,ANE,EN,Federal Contract Tower,2,3,15,0,20,0,10,91,4,105,2,13,106,4,125,116,0,116,241
04/14/2006,ORH,MA,ANE,EN,Federal Contract Tower,2,2,8,0,12,0,14,116,0,130,2,16,124,0,142,142,0,142,284
04/15/2006,ORH,MA,ANE,EN,Federal Contract Tower,2,0,5,0,7,0,6,79,0,85,2,6,84,0,92,84,0,84,176
04/16/2006,ORH,MA,ANE,EN,Federal Contract Tower,2,1,11,0,14,0,4,57,0,61,2,5,68,0,75,46,0,46,121
04/17/2006,ORH,MA,ANE,EN,Federal Contract Tower,2,0,8,2,12,0,16,57,0,73,2,16,65,2,85,80,0,80,165
04/18/2006,ORH,MA,ANE,EN,Federal Contract Tower,0,5,2,0,7,0,8,60,0,68,0,13,62,0,75,74,0,74,149
04/19/2006,ORH,MA,ANE,EN,Federal Contract Tower,0,7,23,0,30,0,12,69,0,81,0,19,92,0,111,82,0,82,193
04/20/2006,ORH,MA,ANE,EN,Federal Contract Tower,2,0,19,2,23,0,14,70,0,84,2,14,89,2,107,120,0,120,227
04/21/2006,ORH,MA,ANE,EN,Federal Contract Tower,2,0,28,0,30,0,30,82,2,114,2,30,110,2,144,154,4,158,302
04/22/2006,ORH,MA,ANE,EN,Federal Contract Tower,2,0,25,0,27,0,16,82,2,100,2,16,107,2,127,144,0,144,271
04/23/2006,ORH,MA,ANE,EN,Federal Contract Tower,2,4,7,0,13,0,4,33,0,37,2,8,40,0,50,58,0,58,108
04/24/2006,ORH,MA,ANE,EN,Federal Contract Tower,2,3,9,0,14,0,0,1,0,1,2,3,10,0,15,0,0,0,15
04/25/2006,ORH,MA,ANE,EN,Federal Contract Tower,0,2,23,0,25,0,12,62,0,74,0,14,85,0,99,82,0,82,181
04/26/2006,ORH,MA,ANE,EN,Federal Contract Tower,0,3,22,0,25,0,7,82,0,89,0,10,104,0,114,136,0,136,250
04/27/2006,ORH,MA,ANE,EN,Federal Contract Tower,2,1,17,2,22,0,18,79,4,101,2,19,96,6,123,78,0,78,201
04/28/2006,ORH,MA,ANE,EN,Federal Contract Tower,0,0,0,0,0,2,100,118,8,228,2,100,118,8,228,104,0,104,332
04/29/2006,ORH,MA,ANE,EN,Federal Contract Tower,0,0,0,0,0,0,8,127,0,135,0,8,127,0,135,128,0,128,263
04/30/2006,ORH,MA,ANE,EN,Federal Contract Tower,2,3,18,0,23,0,8,98,0,106,2,11,116,0,129,112,0,112,241
05/01/2006,ORH,MA,ANE,EN,Federal Contract Tower,2,0,2,0,4,0,6,126,6,138,2,6,128,6,142,6,0,6,148
05/02/2006,ORH,MA,ANE,EN,Federal Contract Tower,0,0,8,0,8,0,0,0,0,0,0,0,8,0,8,0,0,0,8
05/03/2006,ORH,MA,ANE,EN,Federal Contract Tower,0,6,11,0,17,0,0,0,0,0,0,6,11,0,17,0,0,0,17
05/04/2006,ORH,MA,ANE,EN,Federal Contract Tower,2,4,14,2,22,0,8,99,0,107,2,12,113,2,129,146,0,146,275
05/05/2006,ORH,MA,ANE,EN,Federal Contract Tower,2,5,25,0,32,0,14,80,0,94,2,19,105,0,126,126,0,126,252
05/06/2006,ORH,MA,ANE,EN,Federal Contract Tower,0,0,0,0,0,0,8,109,0,117,0,8,109,0,117,138,0,138,255
05/07/2006,ORH,MA,ANE,EN,Federal Contract Tower,4,1,25,2,32,0,11,98,0,109,4,12,123,2,141,192,2,194,335
05/08/2006,ORH,MA,ANE,EN,Federal Contract Tower,2,0,12,0,14,0,23,58,0,81,2,23,70,0,95,96,0,96,191
05/09/2006,ORH,MA,ANE,EN,Federal Contract Tower,0,0,15,0,15,0,13,23,0,36,0,13,38,0,51,96,0,96,147
05/10/2006,ORH,MA,ANE,EN,Federal Contract Tower,2,2,17,0,21,0,0,0,0,0,2,2,17,0,21,0,0,0,21
05/11/2006,ORH,MA,ANE,EN,Federal Contract Tower,2,5,16,0,23,0,0,0,0,0,2,5,16,0,23,0,0,0,23
05/12/2006,ORH,MA,ANE,EN,Federal Contract Tower,2,0,0,0,2,0,0,9,0,9,2,0,9,0,11,0,0,0,11
05/13/2006,ORH,MA,ANE,EN,Federal Contract Tower,0,1,1,0,2,0,0,2,0,2,0,1,3,0,4,0,0,0,4
05/14/2006,ORH,MA,ANE,EN,Federal Contract Tower,2,0,8,0,10,0,0,0,0,0,2,0,8,0,10,0,0,0,10
05/15/2006,ORH,MA,ANE,EN,Federal Contract Tower,2,0,3,0,5,0,0,0,0,0,2,0,3,0,5,0,0,0,5
05/16/2006,ORH,MA,ANE,EN,Federal Contract Tower,0,4,7,0,11,0,0,0,0,0,0,4,7,0,11,0,0,0,11
05/17/2006,ORH,MA,ANE,EN,Federal Contract Tower,0,3,18,0,21,0,15,103,2,120,0,18,121,2,141,130,0,130,271
05/18/2006,ORH,MA,ANE,EN,Federal Contract Tower,2,1,13,0,16,0,10,96,0,106,2,11,109,0,122,142,0,142,264
05/19/2006,ORH,MA,ANE,EN,Federal Contract Tower,2,1,7,0,10,0,0,11,0,11,2,1,18,0,21,66,0,66,87
05/20/2006,ORH,MA,ANE,EN,Federal Contract Tower,0,5,27,0,32,0,4,66,0,70,0,9,93,0,102,148,0,148,250
05/21/2006,ORH,MA,ANE,EN,Federal Contract Tower,2,2,18,0,22,0,0,20,0,20,2,2,38,0,42,54,0,54,96
05/22/2006,ORH,MA,ANE,EN,Federal Contract Tower,2,2,15,0,19,0,4,42,4,50,2,6,57,4,69,76,0,76,145
05/23/2006,ORH,MA,ANE,EN,Federal Contract Tower,0,3,8,0,11,0,0,53,0,53,0,3,61,0,64,96,0,96,160
05/24/2006,ORH,MA,ANE,EN,Federal Contract Tower,0,12,22,0,34,0,16,95,10,121,0,28,117,10,155,172,0,172,327
05/25/2006,ORH,MA,ANE,EN,Federal Contract Tower,2,4,24,2,32,0,11,94,0,105,2,15,118,2,137,166,6,172,309
05/26/2006,ORH,MA,ANE,EN,Federal Contract Tower,2,4,20,0,26,0,7,56,0,63,2,11,76,0,89,78,0,78,167
05/27/2006,ORH,MA,ANE,EN,Federal Contract Tower,0,0,0,0,0,0,1,34,0,35,0,1,34,0,35,120,0,120,155
05/28/2006,ORH,MA,ANE,EN,Federal Contract Tower,2,0,14,0,16,0,4,118,0,122,2,4,132,0,138,190,0,190,328
05/29/2006,ORH,MA,ANE,EN,Federal Contract Tower,2,1,11,0,14,0,5,83,0,88,2,6,94,0,102,104,10,114,216
05/30/2006,ORH,MA,ANE,EN,Federal Contract Tower,0,0,6,0,6,0,16,75,0,91,0,16,81,0,97,80,0,80,177
05/31/2006,ORH,MA,ANE,EN,Federal Contract Tower,0,2,9,0,11,0,4,70,0,74,0,6,79,0,85,102,0,102,187
06/01/2006,ORH,MA,ANE,EN,Federal Contract Tower,0,5,15,2,22,0,10,63,0,73,0,15,78,2,95,124,16,140,235
06/02/2006,ORH,MA,ANE,EN,Federal Contract Tower,1,5,13,0,19,1,4,3,0,8,2,9,16,0,27,0,0,0,27
06/03/2006,ORH,MA,ANE,EN,Federal Contract Tower,0,0,2,0,2,0,0,4,0,4,0,0,6,0,6,0,0,0,6
06/04/2006,ORH,MA,ANE,EN,Federal Contract Tower,2,0,17,0,19,0,0,4,0,4,2,0,21,0,23,22,0,22,45
06/05/2006,ORH,MA,ANE,EN,Federal Contract Tower,2,6,23,0,31,0,0,87,0,87,2,6,110,0,118,88,0,88,206
06/06/2006,ORH,MA,ANE,EN,Federal Contract Tower,0,2,22,0,24,0,24,88,0,112,0,26,110,0,136,162,0,162,298
06/07/2006,ORH,MA,ANE,EN,Federal Contract Tower,0,5,3,0,8,0,0,0,0,0,0,5,3,0,8,0,0,0,8
06/08/2006,ORH,MA,ANE,EN,Federal Contract Tower,2,6,17,0,25,0,2,7,0,9,2,8,24,0,34,20,0,20,54
06/09/2006,ORH,MA,ANE,EN,Federal Contract Tower,1,6,12,0,19,1,9,30,0,40,2,15,42,0,59,72,0,72,131
06/10/2006,ORH,MA,ANE,EN,Federal Contract Tower,0,1,1,0,2,0,5,22,0,27,0,6,23,0,29,80,0,80,109
06/11/2006,ORH,MA,ANE,EN,Federal Contract Tower,2,1,24,0,27,0,2,65,0,67,2,3,89,0,94,82,2,84,178
06/12/2006,ORH,MA,ANE,EN,Federal Contract Tower,2,0,36,0,38,0,1,34,0,35,2,1,70,0,73,120,0,120,193
06/13/2006,ORH,MA,ANE,EN,Federal Contract Tower,0,1,0,0,1,0,27,0,0,27,0,28,0,0,28,178,0,178,206
06/14/2006,ORH,MA,ANE,EN,Federal Contract Tower,2,5,12,0,19,0,7,60,0,67,2,12,72,0,86,94,0,94,180
06/15/2006,ORH,MA,ANE,EN,Federal Contract Tower,2,4,18,0,24,0,15,91,0,106,2,19,109,0,130,140,0,140,270
06/16/2006,ORH,MA,ANE,EN,Federal Contract Tower,2,7,17,2,28,0,8,107,0,115,2,15,124,2,143,176,0,176,319
06/17/2006,ORH,MA,ANE,EN,Federal Contract Tower,0,0,20,4,24,0,3,69,0,72,0,3,89,4,96,166,0,166,262
06/18/2006,ORH,MA,ANE,EN,Federal Contract Tower,2,0,5,0,7,0,15,108,0,123,2,15,113,0,130,166,0,166,296
06/19/2006,ORH,MA,ANE,EN,Federal Contract Tower,2,3,7,0,12,0,0,52,0,52,2,3,59,0,64,20,0,20,84
06/20/2006,ORH,MA,ANE,EN,Federal Contract Tower,0,0,22,1,23,0,6,45,0,51,0,6,67,1,74,56,2,58,132
06/21/2006,ORH,MA,ANE,EN,Federal Contract Tower,0,13,26,2,41,0,13,150,2,165,0,26,176,4,206,162,0,162,368
06/22/2006,ORH,MA,ANE,EN,Federal Contract Tower,2,3,13,0,18,0,16,108,0,124,2,19,121,0,142,132,0,132,274
06/23/2006,ORH,MA,ANE,EN,Federal Contract Tower,2,2,5,0,9,0,6,59,0,65,2,8,64,0,74,100,0,100,174
06/24/2006,ORH,MA,ANE,EN,Federal Contract Tower,0,1,0,0,1,2,20,0,0,22,2,21,0,0,23,4,0,4,27
06/25/2006,ORH,MA,ANE,EN,Federal Contract Tower,2,0,15,2,19,0,0,0,0,0,2,0,15,2,19,0,0,0,19
06/26/2006,ORH,MA,ANE,EN,Federal Contract Tower,2,2,20,0,24,0,14,27,0,41,2,16,47,0,65,42,0,42,107
06/27/2006,ORH,MA,ANE,EN,Federal Contract Tower,0,2,16,0,18,0,8,67,0,75,0,10,83,0,93,66,0,66,159
06/28/2006,ORH,MA,ANE,EN,Federal Contract Tower,0,3,14,0,17,0,0,5,0,5,0,3,19,0,22,18,0,18,40
06/29/2006,ORH,MA,ANE,EN,Federal Contract Tower,2,3,8,0,13,0,12,83,0,95,2,15,91,0,108,134,0,134,242
06/30/2006,ORH,MA,ANE,EN,Federal Contract Tower,2,4,13,0,19,0,17,116,0,133,2,21,129,0,152,160,0,160,312
07/01/2006,ORH,MA,ANE,EN,Federal Contract Tower,0,0,23,0,23,0,8,139,0,147,0,8,162,0,170,216,0,216,386
07/02/2006,ORH,MA,ANE,EN,Federal Contract Tower,2,1,5,0,8,0,6,62,0,68,2,7,67,0,76,88,0,88,164
07/03/2006,ORH,MA,ANE,EN,Federal Contract Tower,2,1,27,0,30,0,0,88,0,88,2,1,115,0,118,92,0,92,210
07/04/2006,ORH,MA,ANE,EN,Federal Contract Tower,0,2,18,4,24,0,2,45,1,48,0,4,63,5,72,44,0,44,116
07/05/2006,ORH,MA,ANE,EN,Federal Contract Tower,0,0,6,0,6,0,14,85,0,99,0,14,91,0,105,116,0,116,221
07/06/2006,ORH,MA,ANE,EN,Federal Contract Tower,2,2,29,0,33,0,21,85,0,106,2,23,114,0,139,106,0,106,245
07/07/2006,ORH,MA,ANE,EN,Federal Contract Tower,2,2,19,0,23,0,27,95,0,122,2,29,114,0,145,182,0,182,327
07/08/2006,ORH,MA,ANE,EN,Federal Contract Tower,0,2,13,0,15,0,4,99,0,103,0,6,112,0,118,176,0,176,294
07/09/2006,ORH,MA,ANE,EN,Federal Contract Tower,2,1,26,0,29,0,17,100,0,117,2,18,126,0,146,162,0,162,308
07/10/2006,ORH,MA,ANE,EN,Federal Contract Tower,2,2,11,4,19,0,3,46,0,49,2,5,57,4,68,58,0,58,126
07/11/2006,ORH,MA,ANE,EN,Federal Contract Tower,0,3,7,0,10,0,2,16,0,18,0,5,23,0,28,0,0,0,28
07/12/2006,ORH,MA,ANE,EN,Federal Contract Tower,2,5,16,0,23,0,1,23,0,24,2,6,39,0,47,36,0,36,83
07/13/2006,ORH,MA,ANE,EN,Federal Contract Tower,2,1,8,0,11,0,4,16,0,20,2,5,24,0,31,4,0,4,35
07/14/2006,ORH,MA,ANE,EN,Federal Contract Tower,4,3,17,0,24,0,13,115,0,128,4,16,132,0,152,144,0,144,296
07/15/2006,ORH,MA,ANE,EN,Federal Contract Tower,0,6,17,0,23,0,0,118,0,118,0,6,135,0,141,162,0,162,303
07/16/2006,ORH,MA,ANE,EN,Federal Contract Tower,2,1,12,0,15,0,9,102,0,111,2,10,114,0,126,142,0,142,268
07/17/2006,ORH,MA,ANE,EN,Federal Contract Tower,2,2,4,0,8,0,0,69,0,69,2,2,73,0,77,80,0,80,157
07/18/2006,ORH,MA,ANE,EN,Federal Contract Tower,0,1,11,0,12,0,0,36,0,36,0,1,47,0,48,102,2,104,152
07/19/2006,ORH,MA,ANE,EN,Federal Contract Tower,0,3,10,0,13,0,4,86,0,90,0,7,96,0,103,92,0,92,195
07/20/2006,ORH,MA,ANE,EN,Federal Contract Tower,2,5,28,0,35,0,4,66,0,70,2,9,94,0,105,96,0,96,201
07/21/2006,ORH,MA,ANE,EN,Federal Contract Tower,2,2,20,0,24,0,0,42,0,42,2,2,62,0,66,104,0,104,170
07/22/2006,ORH,MA,ANE,EN,Federal Contract Tower,0,0,3,0,3,0,0,0,0,0,0,0,3,0,3,0,0,0,3
07/23/2006,ORH,MA,ANE,EN,Federal Contract Tower,2,0,12,0,14,0,5,43,2,50,2,5,55,2,64,56,0,56,120
07/24/2006,ORH,MA,ANE,EN,Federal Contract Tower,2,3,27,0,32,0,8,104,0,112,2,11,131,0,144,124,0,124,268
07/25/2006,ORH,MA,ANE,EN,Federal Contract Tower,0,6,14,0,20,0,12,66,8,86,0,18,80,8,106,66,4,70,176
07/26/2006,ORH,MA,ANE,EN,Federal Contract Tower,0,0,7,0,7,0,6,78,2,86,0,6,85,2,93,78,0,78,171
07/27/2006,ORH,MA,ANE,EN,Federal Contract Tower,2,4,15,0,21,0,18,56,8,82,2,22,71,8,103,60,0,60,163
07/28/2006,ORH,MA,ANE,EN,Federal Contract Tower,2,2,9,0,13,0,5,59,2,66,2,7,68,2,79,108,0,108,187
07/29/2006,ORH,MA,ANE,EN,Federal Contract Tower,0,4,18,6,28,0,6,110,0,116,0,10,128,6,144,182,0,182,326
07/30/2006,ORH,MA,ANE,EN,Federal Contract Tower,2,0,19,0,21,0,1,80,0,81,2,1,99,0,102,216,0,216,318
07/31/2006,ORH,MA,ANE,EN,Federal Contract Tower,2,2,22,0,26,0,1,59,8,68,2,3,81,8,94,116,4,120,214
08/01/2006,ORH,MA,ANE,EN,Federal Contract Tower,0,1,13,0,14,0,10,62,20,92,0,11,75,20,106,134,26,160,266
08/02/2006,ORH,MA,ANE,EN,Federal Contract Tower,0,6,13,0,19,0,11,77,2,90,0,17,90,2,109,122,0,122,231
08/03/2006,ORH,MA,ANE,EN,Federal Contract Tower,2,0,10,0,12,0,16,100,0,116,2,16,110,0,128,106,0,106,234
08/04/2006,ORH,MA,ANE,EN,Federal Contract Tower,2,6,25,0,33,0,0,26,0,26,2,6,51,0,59,70,0,70,129
08/05/2006,ORH,MA,ANE,EN,Federal Contract Tower,0,4,11,0,15,0,10,132,0,142,0,14,143,0,157,216,0,216,373
08/06/2006,ORH,MA,ANE,EN,Federal Contract Tower,2,10,23,0,35,0,2,113,0,115,2,12,136,0,150,156,0,156,306
08/07/2006,ORH,MA,ANE,EN,Federal Contract Tower,2,5,7,0,14,0,5,45,0,50,2,10,52,0,64,52,0,52,116
08/08/2006,ORH,MA,ANE,EN,Federal Contract Tower,0,2,8,2,12,0,4,100,1,105,0,6,108,3,117,80,0,80,197
08/09/2006,ORH,MA,ANE,EN,Federal Contract Tower,0,5,12,0,17,0,14,86,0,100,0,19,98,0,117,88,0,88,205
08/10/2006,ORH,MA,ANE,EN,Federal Contract Tower,2,2,11,0,15,0,16,90,0,106,2,18,101,0,121,136,0,136,257
08/11/2006,ORH,MA,ANE,EN,Federal Contract Tower,2,4,21,0,27,0,10,91,0,101,2,14,112,0,128,166,0,166,294
08/12/2006,ORH,MA,ANE,EN,Federal Contract Tower,0,0,31,2,33,0,10,113,0,123,0,10,144,2,156,176,14,190,346
08/13/2006,ORH,MA,ANE,EN,Federal Contract Tower,4,1,17,0,22,0,8,86,0,94,4,9,103,0,116,132,10,142,258
08/14/2006,ORH,MA,ANE,EN,Federal Contract Tower,2,4,13,1,20,0,2,51,0,53,2,6,64,1,73,90,0,90,163
08/15/2006,ORH,MA,ANE,EN,Federal Contract Tower,0,4,18,0,22,0,17,34,0,51,0,21,52,0,73,86,0,86,159
08/16/2006,ORH,MA,ANE,EN,Federal Contract Tower,0,6,24,0,30,0,18,60,0,78,0,24,84,0,108,82,0,82,190
08/17/2006,ORH,MA,ANE,EN,Federal Contract Tower,2,5,18,0,25,0,19,102,0,121,2,24,120,0,146,146,0,146,292
08/18/2006,ORH,MA,ANE,EN,Federal Contract Tower,2,1,30,0,33,0,10,96,0,106,2,11,126,0,139,166,0,166,305
08/19/2006,ORH,MA,ANE,EN,Federal Contract Tower,0,2,24,0,26,0,9,98,0,107,0,11,122,0,133,156,0,156,289
08/20/2006,ORH,MA,ANE,EN,Federal Contract Tower,2,2,26,0,30,0,4,40,0,44,2,6,66,0,74,54,0,54,128
08/21/2006,ORH,MA,ANE,EN,Federal Contract Tower,2,3,14,2,21,0,7,54,2,63,2,10,68,4,84,82,0,82,166
08/22/2006,ORH,MA,ANE,EN,Federal Contract Tower,0,5,20,2,27,0,8,82,4,94,0,13,102,6,121,142,6,148,269
08/23/2006,ORH,MA,ANE,EN,Federal Contract Tower,0,0,16,0,16,0,8,112,0,120,0,8,128,0,136,136,0,136,272
08/24/2006,ORH,MA,ANE,EN,Federal Contract Tower,2,4,21,0,27,0,7,86,4,97,2,11,107,4,124,94,0,94,218
08/25/2006,ORH,MA,ANE,EN,Federal Contract Tower,0,1,5,0,6,0,1,5,0,6,0,2,10,0,12,0,0,0,12
08/26/2006,ORH,MA,ANE,EN,Federal Contract Tower,0,6,20,0,26,0,6,82,2,90,0,12,102,2,116,164,0,164,280
08/27/2006,ORH,MA,ANE,EN,Federal Contract Tower,2,2,22,0,26,0,0,17,0,17,2,2,39,0,43,92,0,92,135
08/28/2006,ORH,MA,ANE,EN,Federal Contract Tower,0,8,12,0,20,0,0,0,0,0,0,8,12,0,20,0,0,0,20
08/29/2006,ORH,MA,ANE,EN,Federal Contract Tower,0,9,4,0,13,0,0,0,0,0,0,9,4,0,13,0,0,0,13
08/30/2006,ORH,MA,ANE,EN,Federal Contract Tower,0,3,20,0,23,0,6,66,4,76,0,9,86,4,99,90,0,90,189
08/31/2006,ORH,MA,ANE,EN,Federal Contract Tower,2,2,11,1,16,0,8,107,3,118,2,10,118,4,134,116,14,130,264
09/01/2006,ORH,MA,ANE,EN,Federal Contract Tower,0,0,17,0,17,0,10,88,0,98,0,10,105,0,115,152,0,152,267
09/02/2006,ORH,MA,ANE,EN,Federal Contract Tower,0,4,3,0,7,0,1,6,0,7,0,5,9,0,14,10,0,10,24
09/03/2006,ORH,MA,ANE,EN,Federal Contract Tower,2,6,1,0,9,0,0,0,0,0,2,6,1,0,9,0,0,0,9
09/04/2006,ORH,MA,ANE,EN,Federal Contract Tower,0,4,25,0,29,0,3,56,0,59,0,7,81,0,88,90,0,90,178
09/05/2006,ORH,MA,ANE,EN,Federal Contract Tower,0,5,3,2,10,0,12,86,0,98,0,17,89,2,108,124,0,124,232
09/06/2006,ORH,MA,ANE,EN,Federal Contract Tower,0,8,7,2,17,0,2,65,2,69,0,10,72,4,86,62,0,62,148
09/07/2006,ORH,MA,ANE,EN,Federal Contract Tower,0,2,7,0,9,0,12,110,2,124,0,14,117,2,133,118,2,120,253
09/08/2006,ORH,MA,ANE,EN,Federal Contract Tower,0,6,19,5,30,0,9,108,2,119,0,15,127,7,149,190,0,190,339
09/09/2006,ORH,MA,ANE,EN,Federal Contract Tower,0,4,21,0,25,0,7,97,0,104,0,11,118,0,129,196,0,196,325
09/10/2006,ORH,MA,ANE,EN,Federal Contract Tower,0,4,23,0,27,0,0,87,0,87,0,4,110,0,114,138,0,138,252
09/11/2006,ORH,MA,ANE,EN,Federal Contract Tower,0,8,24,0,32,0,18,90,0,108,0,26,114,0,140,124,4,128,268
09/12/2006,ORH,MA,ANE,EN,Federal Contract Tower,0,0,22,0,22,0,14,83,4,101,0,14,105,4,123,150,0,150,273
09/13/2006,ORH,MA,ANE,EN,Federal Contract Tower,0,1,17,0,18,0,10,75,2,87,0,11,92,2,105,106,0,106,211
09/14/2006,ORH,MA,ANE,EN,Federal Contract Tower,0,1,8,0,9,0,0,13,0,13,0,1,21,0,22,6,0,6,28
09/15/2006,ORH,MA,ANE,EN,Federal Contract Tower,0,5,10,0,15,0,0,50,0,50,0,5,60,0,65,76,0,76,141
09/16/2006,ORH,MA,ANE,EN,Federal Contract Tower,0,3,32,0,35,0,7,116,0,123,0,10,148,0,158,192,0,192,350
09/17/2006,ORH,MA,ANE,EN,Federal Contract Tower,2,2,19,0,23,0,0,90,0,90,2,2,109,0,113,148,0,148,261
09/18/2006,ORH,MA,ANE,EN,Federal Contract Tower,0,1,13,0,14,0,1,55,0,56,0,2,68,0,70,88,0,88,158
09/19/2006,ORH,MA,ANE,EN,Federal Contract Tower,0,4,22,0,26,0,7,31,0,38,0,11,53,0,64,20,0,20,84
09/20/2006,ORH,MA,ANE,EN,Federal Contract Tower,0,2,16,0,18,0,17,81,0,98,0,19,97,0,116,132,0,132,248
09/21/2006,ORH,MA,ANE,EN,Federal Contract Tower,0,0,20,0,20,0,20,104,0,124,0,20,124,0,144,142,0,142,286
09/22/2006,ORH,MA,ANE,EN,Federal Contract Tower,0,0,32,0,32,0,2,105,0,107,0,2,137,0,139,202,0,202,341
09/23/2006,ORH,MA,ANE,EN,Federal Contract Tower,0,2,26,0,28,0,0,9,0,9,0,2,35,0,37,12,0,12,49
09/24/2006,ORH,MA,ANE,EN,Federal Contract Tower,0,1,7,0,8,0,0,16,0,16,0,1,23,0,24,30,0,30,54
09/25/2006,ORH,MA,ANE,EN,Federal Contract Tower,0,2,14,1,17,0,2,87,3,92,0,4,101,4,109,98,2,100,209
09/26/2006,ORH,MA,ANE,EN,Federal Contract Tower,0,8,20,0,28,0,4,67,0,71,0,12,87,0,99,118,0,118,217
09/27/2006,ORH,MA,ANE,EN,Federal Contract Tower,0,3,20,0,23,0,20,99,2,121,0,23,119,2,144,116,0,116,260
09/28/2006,ORH,MA,ANE,EN,Federal Contract Tower,0,2,17,0,19,0,16,79,0,95,0,18,96,0,114,82,0,82,196
09/29/2006,ORH,MA,ANE,EN,Federal Contract Tower,0,5,9,0,14,0,0,25,0,25,0,5,34,0,39,86,0,86,125
09/30/2006,ORH,MA,ANE,EN,Federal Contract Tower,0,3,30,0,33,0,8,111,0,119,0,11,141,0,152,160,0,160,312
10/01/2006,ORH,MA,ANE,EN,Federal Contract Tower,0,1,8,0,9,0,0,4,0,4,0,1,12,0,13,0,0,0,13
10/02/2006,ORH,MA,ANE,EN,Federal Contract Tower,0,2,8,0,10,0,0,56,0,56,0,2,64,0,66,54,0,54,120
10/03/2006,ORH,MA,ANE,EN,Federal Contract Tower,0,3,6,0,9,0,8,79,0,87,0,11,85,0,96,116,0,116,212
10/04/2006,ORH,MA,ANE,EN,Federal Contract Tower,0,2,18,0,20,0,10,75,0,85,0,12,93,0,105,94,0,94,199
10/05/2006,ORH,MA,ANE,EN,Federal Contract Tower,0,2,12,0,14,0,8,72,8,88,0,10,84,8,102,96,0,96,198
10/06/2006,ORH,MA,ANE,EN,Federal Contract Tower,0,2,6,0,8,0,7,80,2,89,0,9,86,2,97,156,0,156,253
10/07/2006,ORH,MA,ANE,EN,Federal Contract Tower,0,2,0,0,2,6,122,0,0,128,6,124,0,0,130,136,0,136,266
10/08/2006,ORH,MA,ANE,EN,Federal Contract Tower,0,3,18,0,21,0,15,89,0,104,0,18,107,0,125,104,0,104,229
10/09/2006,ORH,MA,ANE,EN,Federal Contract Tower,0,6,12,0,18,0,7,70,0,77,0,13,82,0,95,96,0,96,191
10/10/2006,ORH,MA,ANE,EN,Federal Contract Tower,0,11,10,0,21,0,11,83,0,94,0,22,93,0,115,136,0,136,251
10/11/2006,ORH,MA,ANE,EN,Federal Contract Tower,0,5,11,1,17,0,0,12,0,12,0,5,23,1,29,0,0,0,29
10/12/2006,ORH,MA,ANE,EN,Federal Contract Tower,0,5,13,2,20,0,6,35,0,41,0,11,48,2,61,0,0,0,61
10/13/2006,ORH,MA,ANE,EN,Federal Contract Tower,0,2,31,0,33,0,17,72,0,89,0,19,103,0,122,136,0,136,258
10/14/2006,ORH,MA,ANE,EN,Federal Contract Tower,0,0,10,1,11,0,0,131,0,131,0,0,141,1,142,204,0,204,346
10/15/2006,ORH,MA,ANE,EN,Federal Contract Tower,2,3,18,1,24,0,14,114,0,128,2,17,132,1,152,164,0,164,316
10/16/2006,ORH,MA,ANE,EN,Federal Contract Tower,0,8,8,0,16,0,2,70,0,72,0,10,78,0,88,122,0,122,210
10/17/2006,ORH,MA,ANE,EN,Federal Contract Tower,1,4,9,0,14,0,0,37,0,37,1,4,46,0,51,58,0,58,109
10/18/2006,ORH,MA,ANE,EN,Federal Contract Tower,1,1,7,0,9,0,8,51,0,59,1,9,58,0,68,70,10,80,148
10/19/2006,ORH,MA,ANE,EN,Federal Contract Tower,0,5,13,0,18,0,12,109,2,123,0,17,122,2,141,126,4,130,271
10/20/2006,ORH,MA,ANE,EN,Federal Contract Tower,0,0,4,0,4,0,0,0,0,0,0,0,4,0,4,8,0,8,12
10/21/2006,ORH,MA,ANE,EN,Federal Contract Tower,0,2,2,0,4,0,0,74,0,74,0,2,76,0,78,70,0,70,148
10/22/2006,ORH,MA,ANE,EN,Federal Contract Tower,0,0,13,0,13,0,6,102,0,108,0,6,115,0,121,138,0,138,259
10/23/2006,ORH,MA,ANE,EN,Federal Contract Tower,0,2,18,0,20,0,8,19,0,27,0,10,37,0,47,26,0,26,73
10/24/2006,ORH,MA,ANE,EN,Federal Contract Tower,0,1,17,0,18,0,8,64,2,74,0,9,81,2,92,76,0,76,168
10/25/2006,ORH,MA,ANE,EN,Federal Contract Tower,0,4,8,0,12,0,10,74,0,84,0,14,82,0,96,76,0,76,172
10/26/2006,ORH,MA,ANE,EN,Federal Contract Tower,0,2,30,0,32,0,8,120,4,132,0,10,150,4,164,120,0,120,284
10/27/2006,ORH,MA,ANE,EN,Federal Contract Tower,0,1,13,0,14,0,4,122,0,126,0,5,135,0,140,122,0,122,262
10/28/2006,ORH,MA,ANE,EN,Federal Contract Tower,0,0,0,0,0,0,0,20,0,20,0,0,20,0,20,8,0,8,28
10/29/2006,ORH,MA,ANE,EN,Federal Contract Tower,0,0,1,0,1,0,0,23,0,23,0,0,24,0,24,24,0,24,48
10/30/2006,ORH,MA,ANE,EN,Federal Contract Tower,0,2,11,0,13,0,6,46,0,52,0,8,57,0,65,30,0,30,95
10/31/2006,ORH,MA,ANE,EN,Federal Contract Tower,0,0,16,0,16,0,16,97,4,117,0,16,113,4,133,104,0,104,237
11/01/2006,ORH,MA,ANE,EN,Federal Contract Tower,0,5,15,0,20,0,3,71,0,74,0,8,86,0,94,98,0,98,192
11/02/2006,ORH,MA,ANE,EN,Federal Contract Tower,0,10,19,0,29,0,5,64,2,71,0,15,83,2,100,90,0,90,190
11/03/2006,ORH,MA,ANE,EN,Federal Contract Tower,0,1,23,0,24,0,2,96,0,98,0,3,119,0,122,128,0,128,250
11/04/2006,ORH,MA,ANE,EN,Federal Contract Tower,0,0,28,0,28,0,4,93,0,97,0,4,121,0,125,168,0,168,293
11/05/2006,ORH,MA,ANE,EN,Federal Contract Tower,0,3,24,0,27,0,11,98,0,109,0,14,122,0,136,92,0,92,228
11/06/2006,ORH,MA,ANE,EN,Federal Contract Tower,0,5,10,0,15,0,5,80,4,89,0,10,90,4,104,54,0,54,158
11/07/2006,ORH,MA,ANE,EN,Federal Contract Tower,0,2,4,2,8,0,6,81,0,87,0,8,85,2,95,128,0,128,223
11/08/2006,ORH,MA,ANE,EN,Federal Contract Tower,0,1,7,0,8,0,0,0,0,0,0,1,7,0,8,0,0,0,8
11/09/2006,ORH,MA,ANE,EN,Federal Contract Tower,0,4,18,0,22,0,11,75,6,92,0,15,93,6,114,150,4,154,268
11/10/2006,ORH,MA,ANE,EN,Federal Contract Tower,0,2,14,0,16,0,7,89,2,98,0,9,103,2,114,132,4,136,250
11/11/2006,ORH,MA,ANE,EN,Federal Contract Tower,0,1,15,0,16,0,2,111,0,113,0,3,126,0,129,170,0,170,299
11/12/2006,ORH,MA,ANE,EN,Federal Contract Tower,2,3,10,0,15,0,0,0,0,0,2,3,10,0,15,0,0,0,15
11/13/2006,ORH,MA,ANE,EN,Federal Contract Tower,0,0,5,0,5,0,0,0,0,0,0,0,5,0,5,0,0,0,5
11/14/2006,ORH,MA,ANE,EN,Federal Contract Tower,1,1,18,0,20,0,0,0,0,0,1,1,18,0,20,0,0,0,20
11/15/2006,ORH,MA,ANE,EN,Federal Contract Tower,0,3,12,0,15,0,6,22,0,28,0,9,34,0,43,38,0,38,81
11/16/2006,ORH,MA,ANE,EN,Federal Contract Tower,0,1,8,0,9,0,0,6,0,6,0,1,14,0,15,20,0,20,35
11/17/2006,ORH,MA,ANE,EN,Federal Contract Tower,0,0,21,0,21,0,1,61,0,62,0,1,82,0,83,122,0,122,205
11/18/2006,ORH,MA,ANE,EN,Federal Contract Tower,0,0,12,4,16,0,4,121,0,125,0,4,133,4,141,220,4,224,365
11/19/2006,ORH,MA,ANE,EN,Federal Contract Tower,0,3,36,0,39,0,0,65,0,65,0,3,101,0,104,244,0,244,348
11/20/2006,ORH,MA,ANE,EN,Federal Contract Tower,0,2,20,0,22,0,6,68,0,74,0,8,88,0,96,140,0,140,236
11/21/2006,ORH,MA,ANE,EN,Federal Contract Tower,0,4,19,0,23,0,2,112,0,114,0,6,131,0,137,126,0,126,263
11/22/2006,ORH,MA,ANE,EN,Federal Contract Tower,0,5,0,0,5,0,0,96,0,96,0,5,96,0,101,102,0,102,203
11/23/2006,ORH,MA,ANE,EN,Federal Contract Tower,0,0,1,0,1,0,0,0,0,0,0,0,1,0,1,0,0,0,1
11/24/2006,ORH,MA,ANE,EN,Federal Contract Tower,0,6,23,0,29,0,0,82,0,82,0,6,105,0,111,146,0,146,257
11/25/2006,ORH,MA,ANE,EN,Federal Contract Tower,0,0,15,0,15,0,2,118,2,122,0,2,133,2,137,182,0,182,319
11/26/2006,ORH,MA,ANE,EN,Federal Contract Tower,0,1,20,0,21,0,0,104,0,104,0,1,124,0,125,200,0,200,325
11/27/2006,ORH,MA,ANE,EN,Federal Contract Tower,0,5,10,0,15,0,14,54,0,68,0,19,64,0,83,74,0,74,157
11/28/2006,ORH,MA,ANE,EN,Federal Contract Tower,0,0,2,2,4,0,1,4,2,7,0,1,6,4,11,0,0,0,11
11/29/2006,ORH,MA,ANE,EN,Federal Contract Tower,0,0,8,0,8,0,0,5,0,5,0,0,13,0,13,0,0,0,13
11/30/2006,ORH,MA,ANE,EN,Federal Contract Tower,0,3,9,2,14,0,2,44,0,46,0,5,53,2,60,58,0,58,118
12/01/2006,ORH,MA,ANE,EN,Federal Contract Tower,0,2,4,0,6,0,0,4,0,4,0,2,8,0,10,0,0,0,10
12/02/2006,ORH,MA,ANE,EN,Federal Contract Tower,0,0,6,0,6,0,4,95,2,101,0,4,101,2,107,132,0,132,239
12/03/2006,ORH,MA,ANE,EN,Federal Contract Tower,0,1,40,0,41,0,0,92,0,92,0,1,132,0,133,192,0,192,325
12/04/2006,ORH,MA,ANE,EN,Federal Contract Tower,0,2,5,0,7,0,10,81,0,91,0,12,86,0,98,130,0,130,228
12/05/2006,ORH,MA,ANE,EN,Federal Contract Tower,0,2,2,2,6,0,9,90,2,101,0,11,92,4,107,102,0,102,209
12/06/2006,ORH,MA,ANE,EN,Federal Contract Tower,0,0,3,0,3,0,14,127,9,150,0,14,130,9,153,156,0,156,309
12/07/2006,ORH,MA,ANE,EN,Federal Contract Tower,0,2,7,0,9,0,10,106,2,118,0,12,113,2,127,164,0,164,291
12/08/2006,ORH,MA,ANE,EN,Federal Contract Tower,0,0,3,0,3,0,6,109,4,119,0,6,112,4,122,176,0,176,298
12/09/2006,ORH,MA,ANE,EN,Federal Contract Tower,0,2,19,1,22,0,6,125,3,134,0,8,144,4,156,244,0,244,400
12/10/2006,ORH,MA,ANE,EN,Federal Contract Tower,0,0,12,0,12,0,12,74,0,86,0,12,86,0,98,146,0,146,244
12/11/2006,ORH,MA,ANE,EN,Federal Contract Tower,0,1,25,0,26,0,4,69,0,73,0,5,94,0,99,138,0,138,237
12/12/2006,ORH,MA,ANE,EN,Federal Contract Tower,0,2,18,0,20,0,20,108,4,132,0,22,126,4,152,128,0,128,280
12/13/2006,ORH,MA,ANE,EN,Federal Contract Tower,0,0,5,0,5,0,1,15,0,16,0,1,20,0,21,20,0,20,41
12/14/2006,ORH,MA,ANE,EN,Federal Contract Tower,0,2,8,0,10,0,8,89,8,105,0,10,97,8,115,138,10,148,263
12/15/2006,ORH,MA,ANE,EN,Federal Contract Tower,0,7,10,0,17,0,0,49,0,49,0,7,59,0,66,48,0,48,114
12/16/2006,ORH,MA,ANE,EN,Federal Contract Tower,0,2,9,0,11,0,8,157,2,167,0,10,166,2,178,180,6,186,364
12/17/2006,ORH,MA,ANE,EN,Federal Contract Tower,0,0,13,0,13,0,0,89,0,89,0,0,102,0,102,106,0,106,208
12/18/2006,ORH,MA,ANE,EN,Federal Contract Tower,0,0,12,2,14,0,5,69,0,74,0,5,81,2,88,68,0,68,156
12/19/2006,ORH,MA,ANE,EN,Federal Contract Tower,0,3,11,2,16,0,14,97,2,113,0,17,108,4,129,86,0,86,215
12/20/2006,ORH,MA,ANE,EN,Federal Contract Tower,0,4,12,1,17,0,10,94,1,105,0,14,106,2,122,130,0,130,252
12/21/2006,ORH,MA,ANE,EN,Federal Contract Tower,0,4,7,0,11,0,10,135,4,149,0,14,142,4,160,144,0,144,304
12/22/2006,ORH,MA,ANE,EN,Federal Contract Tower,0,2,11,0,13,0,7,105,2,114,0,9,116,2,127,156,0,156,283
12/23/2006,ORH,MA,ANE,EN,Federal Contract Tower,0,2,2,0,4,0,0,0,0,0,0,2,2,0,4,0,0,0,4
12/24/2006,ORH,MA,ANE,EN,Federal Contract Tower,0,0,0,0,0,0,0,87,0,87,0,0,87,0,87,116,0,116,203
12/25/2006,ORH,MA,ANE,EN,Federal Contract Tower,0,1,1,0,2,0,4,52,0,56,0,5,53,0,58,56,0,56,114
12/26/2006,ORH,MA,ANE,EN,Federal Contract Tower,0,4,3,0,7,0,0,4,0,4,0,4,7,0,11,0,0,0,11
12/27/2006,ORH,MA,ANE,EN,Federal Contract Tower,0,8,7,0,15,0,15,71,0,86,0,23,78,0,101,66,0,66,167
12/28/2006,ORH,MA,ANE,EN,Federal Contract Tower,0,2,2,7,11,0,9,127,7,143,0,11,129,14,154,152,30,182,336
12/29/2006,ORH,MA,ANE,EN,Federal Contract Tower,0,0,25,0,25,0,9,112,0,121,0,9,137,0,146,162,0,162,308
12/30/2006,ORH,MA,ANE,EN,Federal Contract Tower,0,0,7,0,7,0,0,49,0,49,0,0,56,0,56,60,0,60,116
12/31/2006,ORH,MA,ANE,EN,Federal Contract Tower,0,0,22,0,22,0,0,67,0,67,0,0,89,0,89,98,0,98,187
01/01/2007,ORH,MA,ANE,EN,Federal Contract Tower,0,0,0,0,0,0,0,0,0,0,0,0,0,0,0,0,0,0,0
01/02/2007,ORH,MA,ANE,EN,Federal Contract Tower,0,0,4,0,4,0,2,58,0,60,0,2,62,0,64,44,0,44,108
01/03/2007,ORH,MA,ANE,EN,Federal Contract Tower,0,0,17,0,17,0,13,68,0,81,0,13,85,0,98,64,0,64,162
01/04/2007,ORH,MA,ANE,EN,Federal Contract Tower,0,4,17,0,21,0,13,98,2,113,0,17,115,2,134,148,0,148,282
01/05/2007,ORH,MA,ANE,EN,Federal Contract Tower,0,0,4,0,4,0,2,44,0,46,0,2,48,0,50,38,0,38,88
01/06/2007,ORH,MA,ANE,EN,Federal Contract Tower,0,2,5,0,7,0,0,83,0,83,0,2,88,0,90,80,0,80,170
01/07/2007,ORH,MA,ANE,EN,Federal Contract Tower,0,3,37,0,40,0,17,106,0,123,0,20,143,0,163,150,0,150,313
01/08/2007,ORH,MA,ANE,EN,Federal Contract Tower,0,3,5,0,8,0,0,0,0,0,0,3,5,0,8,0,0,0,8
01/09/2007,ORH,MA,ANE,EN,Federal Contract Tower,0,1,12,0,13,0,10,67,2,79,0,11,79,2,92,70,0,70,162
01/10/2007,ORH,MA,ANE,EN,Federal Contract Tower,0,2,3,0,5,0,4,71,0,75,0,6,74,0,80,80,0,80,160
01/11/2007,ORH,MA,ANE,EN,Federal Contract Tower,0,3,15,6,24,0,12,99,0,111,0,15,114,6,135,128,0,128,263
01/12/2007,ORH,MA,ANE,EN,Federal Contract Tower,0,4,16,0,20,0,2,107,0,109,0,6,123,0,129,118,0,118,247
01/13/2007,ORH,MA,ANE,EN,Federal Contract Tower,0,3,5,0,8,0,0,75,0,75,0,3,80,0,83,86,0,86,169
01/14/2007,ORH,MA,ANE,EN,Federal Contract Tower,0,0,0,0,0,0,0,0,0,0,0,0,0,0,0,0,0,0,0
01/15/2007,ORH,MA,ANE,EN,Federal Contract Tower,0,2,0,0,2,0,0,0,0,0,0,2,0,0,2,0,0,0,2
01/16/2007,ORH,MA,ANE,EN,Federal Contract Tower,0,3,6,0,9,0,4,62,0,66,0,7,68,0,75,60,0,60,135
01/17/2007,ORH,MA,ANE,EN,Federal Contract Tower,0,8,5,4,17,0,11,80,2,93,0,19,85,6,110,120,10,130,240
01/18/2007,ORH,MA,ANE,EN,Federal Contract Tower,0,5,13,2,20,0,2,77,2,81,0,7,90,4,101,100,2,102,203
01/19/2007,ORH,MA,ANE,EN,Federal Contract Tower,0,0,9,1,10,0,5,79,2,86,0,5,88,3,96,134,10,144,240
01/20/2007,ORH,MA,ANE,EN,Federal Contract Tower,0,3,1,0,4,0,2,81,6,89,0,5,82,6,93,108,2,110,203
01/21/2007,ORH,MA,ANE,EN,Federal Contract Tower,0,1,24,0,25,0,41,53,0,94,0,42,77,0,119,112,0,112,231
01/22/2007,ORH,MA,ANE,EN,Federal Contract Tower,0,1,4,0,5,0,7,49,2,58,0,8,53,2,63,42,0,42,105
01/23/2007,ORH,MA,ANE,EN,Federal Contract Tower,0,3,11,0,14,0,8,81,2,91,0,11,92,2,105,72,0,72,177
01/24/2007,ORH,MA,ANE,EN,Federal Contract Tower,0,6,17,0,23,0,10,99,0,109,0,16,116,0,132,124,6,130,262
01/25/2007,ORH,MA,ANE,EN,Federal Contract Tower,0,2,12,0,14,0,14,90,4,108,0,16,102,4,122,122,4,126,248
01/26/2007,ORH,MA,ANE,EN,Federal Contract Tower,0,0,4,10,14,0,8,109,0,117,0,8,113,10,131,134,8,142,273
01/27/2007,ORH,MA,ANE,EN,Federal Contract Tower,0,1,9,0,10,0,1,85,0,86,0,2,94,0,96,90,0,90,186
01/28/2007,ORH,MA,ANE,EN,Federal Contract Tower,0,2,19,2,23,0,2,123,0,125,0,4,142,2,148,172,0,172,320
01/29/2007,ORH,MA,ANE,EN,Federal Contract Tower,0,1,22,0,23,0,2,94,0,96,0,3,116,0,119,78,0,78,197
01/30/2007,ORH,MA,ANE,EN,Federal Contract Tower,0,5,20,0,25,0,12,86,2,100,0,17,106,2,125,92,0,92,217
01/31/2007,ORH,MA,ANE,EN,Federal Contract Tower,0,2,3,4,9,0,10,0,0,10,0,12,3,4,19,112,4,116,135
02/01/2007,ORH,MA,ANE,EN,Federal Contract Tower,0,8,22,1,31,0,16,88,3,107,0,24,110,4,138,132,4,136,274
02/02/2007,ORH,MA,ANE,EN,Federal Contract Tower,0,3,5,0,8,0,18,45,2,65,0,21,50,2,73,66,0,66,139
02/03/2007,ORH,MA,ANE,EN,Federal Contract Tower,0,2,11,0,13,0,4,93,0,97,0,6,104,0,110,128,2,130,240
02/04/2007,ORH,MA,ANE,EN,Federal Contract Tower,0,1,26,0,27,0,4,68,2,74,0,5,94,2,101,102,0,102,203
02/05/2007,ORH,MA,ANE,EN,Federal Contract Tower,0,0,6,2,8,0,4,58,0,62,0,4,64,2,70,56,0,56,126
02/06/2007,ORH,MA,ANE,EN,Federal Contract Tower,0,0,10,0,10,0,10,83,2,95,0,10,93,2,105,108,0,108,213
02/07/2007,ORH,MA,ANE,EN,Federal Contract Tower,0,1,9,2,12,0,23,91,4,118,0,24,100,6,130,140,2,142,272
02/08/2007,ORH,MA,ANE,EN,Federal Contract Tower,0,0,7,0,7,0,12,103,8,123,0,12,110,8,130,128,4,132,262
02/09/2007,ORH,MA,ANE,EN,Federal Contract Tower,0,0,10,0,10,0,10,86,0,96,0,10,96,0,106,98,2,100,206
02/10/2007,ORH,MA,ANE,EN,Federal Contract Tower,0,2,40,0,42,0,4,93,4,101,0,6,133,4,143,166,2,168,311
02/11/2007,ORH,MA,ANE,EN,Federal Contract Tower,0,1,12,2,15,0,5,116,0,121,0,6,128,2,136,172,0,172,308
02/12/2007,ORH,MA,ANE,EN,Federal Contract Tower,0,2,5,0,7,0,14,84,0,98,0,16,89,0,105,74,0,74,179
02/13/2007,ORH,MA,ANE,EN,Federal Contract Tower,0,3,4,0,7,0,8,90,2,100,0,11,94,2,107,84,0,84,191
02/14/2007,ORH,MA,ANE,EN,Federal Contract Tower,0,0,0,0,0,0,0,0,0,0,0,0,0,0,0,0,0,0,0
02/15/2007,ORH,MA,ANE,EN,Federal Contract Tower,0,1,4,0,5,0,6,50,2,58,0,7,54,2,63,58,0,58,121
02/16/2007,ORH,MA,ANE,EN,Federal Contract Tower,0,3,6,0,9,0,11,74,2,87,0,14,80,2,96,120,0,120,216
02/17/2007,ORH,MA,ANE,EN,Federal Contract Tower,0,1,11,0,12,0,3,113,2,118,0,4,124,2,130,174,0,174,304
02/18/2007,ORH,MA,ANE,EN,Federal Contract Tower,0,1,25,0,26,0,2,58,0,60,0,3,83,0,86,106,0,106,192
02/19/2007,ORH,MA,ANE,EN,Federal Contract Tower,0,2,2,0,4,0,8,29,0,37,0,10,31,0,41,30,0,30,71
02/20/2007,ORH,MA,ANE,EN,Federal Contract Tower,0,3,6,8,17,0,11,76,0,87,0,14,82,8,104,82,0,82,186
02/21/2007,ORH,MA,ANE,EN,Federal Contract Tower,0,0,13,1,14,0,12,88,3,103,0,12,101,4,117,160,0,160,277
02/22/2007,ORH,MA,ANE,EN,Federal Contract Tower,0,3,4,0,7,0,4,83,2,89,0,7,87,2,96,110,0,110,206
02/23/2007,ORH,MA,ANE,EN,Federal Contract Tower,0,0,11,0,11,0,4,63,0,67,0,4,74,0,78,66,0,66,144
02/24/2007,ORH,MA,ANE,EN,Federal Contract Tower,0,4,8,2,14,0,7,91,4,102,0,11,99,6,116,142,8,150,266
02/25/2007,ORH,MA,ANE,EN,Federal Contract Tower,0,0,18,0,18,0,2,112,0,114,0,2,130,0,132,154,0,154,286
02/26/2007,ORH,MA,ANE,EN,Federal Contract Tower,0,4,9,2,15,0,2,2,0,4,0,6,11,2,19,0,0,0,19
02/27/2007,ORH,MA,ANE,EN,Federal Contract Tower,0,4,7,0,11,0,6,47,0,53,0,10,54,0,64,18,0,18,82
02/28/2007,ORH,MA,ANE,EN,Federal Contract Tower,0,1,13,0,14,0,8,92,4,104,0,9,105,4,118,142,8,150,268
03/01/2007,ORH,MA,ANE,EN,Federal Contract Tower,0,3,11,2,16,0,4,106,4,114,0,7,117,6,130,146,0,146,276
03/02/2007,ORH,MA,ANE,EN,Federal Contract Tower,0,0,11,0,11,0,0,0,0,0,0,0,11,0,11,0,0,0,11
03/03/2007,ORH,MA,ANE,EN,Federal Contract Tower,0,0,31,2,33,0,10,73,2,85,0,10,104,4,118,140,0,140,258
03/04/2007,ORH,MA,ANE,EN,Federal Contract Tower,0,0,21,0,21,0,6,67,0,73,0,6,88,0,94,78,0,78,172
03/05/2007,ORH,MA,ANE,EN,Federal Contract Tower,0,1,3,0,4,0,6,48,2,56,0,7,51,2,60,38,0,38,98
03/06/2007,ORH,MA,ANE,EN,Federal Contract Tower,0,1,1,0,2,0,2,68,0,70,0,3,69,0,72,26,0,26,98
03/07/2007,ORH,MA,ANE,EN,Federal Contract Tower,0,5,10,0,15,0,11,67,0,78,0,16,77,0,93,90,0,90,183
03/08/2007,ORH,MA,ANE,EN,Federal Contract Tower,0,5,1,0,6,0,13,103,2,118,0,18,104,2,124,80,0,80,204
03/09/2007,ORH,MA,ANE,EN,Federal Contract Tower,0,7,11,1,19,0,4,101,3,108,0,11,112,4,127,152,0,152,279
03/10/2007,ORH,MA,ANE,EN,Federal Contract Tower,0,0,8,0,8,0,6,91,4,101,0,6,99,4,109,102,0,102,211
03/11/2007,ORH,MA,ANE,EN,Federal Contract Tower,0,1,15,0,16,0,8,80,0,88,0,9,95,0,104,114,0,114,218
03/12/2007,ORH,MA,ANE,EN,Federal Contract Tower,0,3,24,0,27,0,10,63,0,73,0,13,87,0,100,88,0,88,188
03/13/2007,ORH,MA,ANE,EN,Federal Contract Tower,0,1,14,0,15,0,4,90,4,98,0,5,104,4,113,100,0,100,213
03/14/2007,ORH,MA,ANE,EN,Federal Contract Tower,0,3,16,1,20,0,8,70,3,81,0,11,86,4,101,76,0,76,177
03/15/2007,ORH,MA,ANE,EN,Federal Contract Tower,0,3,16,0,19,0,4,41,4,49,0,7,57,4,68,48,8,56,124
03/16/2007,ORH,MA,ANE,EN,Federal Contract Tower,0,1,2,0,3,0,0,13,0,13,0,1,15,0,16,6,0,6,22
03/17/2007,ORH,MA,ANE,EN,Federal Contract Tower,0,1,1,0,2,0,0,1,0,1,0,1,2,0,3,6,0,6,9
03/18/2007,ORH,MA,ANE,EN,Federal Contract Tower,0,0,5,0,5,0,2,27,0,29,0,2,32,0,34,48,0,48,82
03/19/2007,ORH,MA,ANE,EN,Federal Contract Tower,2,2,8,0,12,0,5,59,0,64,2,7,67,0,76,78,0,78,154
03/20/2007,ORH,MA,ANE,EN,Federal Contract Tower,0,0,1,0,1,0,5,44,0,49,0,5,45,0,50,46,0,46,96
03/21/2007,ORH,MA,ANE,EN,Federal Contract Tower,0,2,22,0,24,0,6,70,2,78,0,8,92,2,102,142,18,160,262
03/22/2007,ORH,MA,ANE,EN,Federal Contract Tower,0,2,9,0,11,0,6,67,4,77,0,8,76,4,88,76,0,76,164
03/23/2007,ORH,MA,ANE,EN,Federal Contract Tower,0,2,13,0,15,0,6,95,0,101,0,8,108,0,116,132,0,132,248
03/24/2007,ORH,MA,ANE,EN,Federal Contract Tower,0,0,35,0,35,0,8,97,6,111,0,8,132,6,146,162,4,166,312
03/25/2007,ORH,MA,ANE,EN,Federal Contract Tower,0,3,7,0,10,0,2,26,0,28,0,5,33,0,38,26,0,26,64
03/26/2007,ORH,MA,ANE,EN,Federal Contract Tower,0,4,15,0,19,0,7,62,0,69,0,11,77,0,88,66,0,66,154
03/27/2007,ORH,MA,ANE,EN,Federal Contract Tower,0,5,10,6,21,0,10,65,0,75,0,15,75,6,96,86,0,86,182
03/28/2007,ORH,MA,ANE,EN,Federal Contract Tower,0,0,23,0,23,0,9,69,0,78,0,9,92,0,101,54,6,60,161
03/29/2007,ORH,MA,ANE,EN,Federal Contract Tower,0,7,16,0,23,0,1,61,4,66,0,8,77,4,89,88,2,90,179
03/30/2007,ORH,MA,ANE,EN,Federal Contract Tower,0,4,18,0,22,0,4,91,2,97,0,8,109,2,119,178,0,178,297
03/31/2007,ORH,MA,ANE,EN,Federal Contract Tower,0,2,9,0,11,0,10,115,2,127,0,12,124,2,138,166,0,166,304
04/01/2007,ORH,MA,ANE,EN,Federal Contract Tower,0,2,12,0,14,0,0,112,0,112,0,2,124,0,126,118,0,118,244
04/02/2007,ORH,MA,ANE,EN,Federal Contract Tower,0,0,15,2,17,0,0,0,0,0,0,0,15,2,17,0,0,0,17
04/03/2007,ORH,MA,ANE,EN,Federal Contract Tower,0,2,9,0,11,0,0,5,0,5,0,2,14,0,16,0,0,0,16
04/04/2007,ORH,MA,ANE,EN,Federal Contract Tower,0,6,1,0,7,0,0,0,0,0,0,6,1,0,7,0,0,0,7
04/05/2007,ORH,MA,ANE,EN,Federal Contract Tower,0,6,7,0,13,0,10,63,0,73,0,16,70,0,86,88,0,88,174
04/06/2007,ORH,MA,ANE,EN,Federal Contract Tower,0,0,19,4,23,0,8,75,2,85,0,8,94,6,108,86,6,92,200
04/07/2007,ORH,MA,ANE,EN,Federal Contract Tower,0,3,13,0,16,0,9,104,4,117,0,12,117,4,133,186,0,186,319
04/08/2007,ORH,MA,ANE,EN,Federal Contract Tower,0,1,9,0,10,0,2,61,0,63,0,3,70,0,73,94,0,94,167
04/09/2007,ORH,MA,ANE,EN,Federal Contract Tower,0,4,15,0,19,0,4,57,0,61,0,8,72,0,80,68,0,68,148
04/10/2007,ORH,MA,ANE,EN,Federal Contract Tower,0,2,32,1,35,0,22,105,3,130,0,24,137,4,165,118,16,134,299
04/11/2007,ORH,MA,ANE,EN,Federal Contract Tower,0,5,41,0,46,0,10,67,0,77,0,15,108,0,123,116,0,116,239
04/12/2007,ORH,MA,ANE,EN,Federal Contract Tower,0,6,0,0,6,0,2,8,0,10,0,8,8,0,16,20,0,20,36
04/13/2007,ORH,MA,ANE,EN,Federal Contract Tower,0,8,10,0,18,0,9,73,0,82,0,17,83,0,100,148,0,148,248
04/14/2007,ORH,MA,ANE,EN,Federal Contract Tower,0,2,25,0,27,0,8,89,2,99,0,10,114,2,126,172,0,172,298
04/15/2007,ORH,MA,ANE,EN,Federal Contract Tower,0,0,0,0,0,0,1,9,0,10,0,1,9,0,10,24,0,24,34
04/16/2007,ORH,MA,ANE,EN,Federal Contract Tower,0,1,3,0,4,0,0,0,0,0,0,1,3,0,4,0,0,0,4
04/17/2007,ORH,MA,ANE,EN,Federal Contract Tower,0,0,0,0,0,0,0,0,0,0,0,0,0,0,0,0,0,0,0
04/18/2007,ORH,MA,ANE,EN,Federal Contract Tower,0,0,11,4,15,0,0,0,0,0,0,0,11,4,15,0,0,0,15
04/19/2007,ORH,MA,ANE,EN,Federal Contract Tower,0,5,7,2,14,0,13,64,0,77,0,18,71,2,91,102,0,102,193
04/20/2007,ORH,MA,ANE,EN,Federal Contract Tower,0,3,16,0,19,0,7,101,0,108,0,10,117,0,127,136,0,136,263
04/21/2007,ORH,MA,ANE,EN,Federal Contract Tower,0,2,10,0,12,0,8,120,3,131,0,10,130,3,143,184,0,184,327
04/22/2007,ORH,MA,ANE,EN,Federal Contract Tower,0,1,16,2,19,0,6,115,0,121,0,7,131,2,140,152,0,152,292
04/23/2007,ORH,MA,ANE,EN,Federal Contract Tower,0,1,12,0,13,0,9,73,2,84,0,10,85,2,97,66,4,70,167
04/24/2007,ORH,MA,ANE,EN,Federal Contract Tower,0,2,11,0,13,0,12,77,0,89,0,14,88,0,102,110,0,110,212
04/25/2007,ORH,MA,ANE,EN,Federal Contract Tower,0,1,20,0,21,0,12,111,0,123,0,13,131,0,144,94,0,94,238
04/26/2007,ORH,MA,ANE,EN,Federal Contract Tower,0,3,19,0,22,0,15,99,4,118,0,18,118,4,140,122,0,122,262
04/27/2007,ORH,MA,ANE,EN,Federal Contract Tower,0,0,1,0,1,0,0,0,0,0,0,0,1,0,1,0,0,0,1
04/28/2007,ORH,MA,ANE,EN,Federal Contract Tower,0,6,14,1,21,0,6,80,0,86,0,12,94,1,107,156,0,156,263
04/29/2007,ORH,MA,ANE,EN,Federal Contract Tower,2,1,31,0,34,0,2,46,0,48,2,3,77,0,82,100,0,100,182
04/30/2007,ORH,MA,ANE,EN,Federal Contract Tower,1,1,7,0,9,0,0,32,0,32,1,1,39,0,41,26,0,26,67
05/01/2007,ORH,MA,ANE,EN,Federal Contract Tower,0,5,10,0,15,0,8,74,0,82,0,13,84,0,97,82,0,82,179
05/02/2007,ORH,MA,ANE,EN,Federal Contract Tower,0,3,27,0,30,0,14,73,4,91,0,17,100,4,121,104,0,104,225
05/03/2007,ORH,MA,ANE,EN,Federal Contract Tower,0,2,17,0,19,0,16,99,2,117,0,18,116,2,136,124,0,124,260
05/04/2007,ORH,MA,ANE,EN,Federal Contract Tower,0,3,17,0,20,0,4,102,4,110,0,7,119,4,130,144,0,144,274
05/05/2007,ORH,MA,ANE,EN,Federal Contract Tower,0,4,31,0,35,0,4,90,0,94,0,8,121,0,129,156,0,156,285
05/06/2007,ORH,MA,ANE,EN,Federal Contract Tower,0,9,4,0,13,0,9,99,0,108,0,18,103,0,121,124,0,124,245
05/07/2007,ORH,MA,ANE,EN,Federal Contract Tower,2,2,33,0,37,0,2,64,0,66,2,4,97,0,103,106,0,106,209
05/08/2007,ORH,MA,ANE,EN,Federal Contract Tower,0,1,18,0,19,0,16,74,0,90,0,17,92,0,109,88,0,88,197
05/09/2007,ORH,MA,ANE,EN,Federal Contract Tower,2,4,23,0,29,0,6,68,0,74,2,10,91,0,103,104,0,104,207
05/10/2007,ORH,MA,ANE,EN,Federal Contract Tower,0,1,21,0,22,0,11,62,0,73,0,12,83,0,95,104,0,104,199
05/11/2007,ORH,MA,ANE,EN,Federal Contract Tower,0,1,16,0,17,0,0,30,0,30,0,1,46,0,47,46,0,46,93
05/12/2007,ORH,MA,ANE,EN,Federal Contract Tower,0,2,19,0,21,0,11,99,0,110,0,13,118,0,131,168,0,168,299
05/13/2007,ORH,MA,ANE,EN,Federal Contract Tower,0,3,7,0,10,0,8,83,0,91,0,11,90,0,101,78,0,78,179
05/14/2007,ORH,MA,ANE,EN,Federal Contract Tower,0,5,10,1,16,0,0,75,1,76,0,5,85,2,92,98,6,104,196
05/15/2007,ORH,MA,ANE,EN,Federal Contract Tower,0,6,14,0,20,0,6,35,0,41,0,12,49,0,61,46,0,46,107
05/16/2007,ORH,MA,ANE,EN,Federal Contract Tower,0,4,5,0,9,0,4,41,0,45,0,8,46,0,54,26,0,26,80
05/17/2007,ORH,MA,ANE,EN,Federal Contract Tower,0,0,17,0,17,0,0,1,0,1,0,0,18,0,18,0,0,0,18
05/18/2007,ORH,MA,ANE,EN,Federal Contract Tower,0,1,8,0,9,0,0,0,0,0,0,1,8,0,9,0,0,0,9
05/19/2007,ORH,MA,ANE,EN,Federal Contract Tower,0,2,13,0,15,0,0,0,0,0,0,2,13,0,15,0,0,0,15
05/20/2007,ORH,MA,ANE,EN,Federal Contract Tower,2,8,6,0,16,0,0,11,0,11,2,8,17,0,27,14,0,14,41
05/21/2007,ORH,MA,ANE,EN,Federal Contract Tower,0,2,15,1,18,0,5,82,1,88,0,7,97,2,106,72,0,72,178
05/22/2007,ORH,MA,ANE,EN,Federal Contract Tower,0,0,25,0,25,0,16,104,0,120,0,16,129,0,145,116,0,116,261
05/23/2007,ORH,MA,ANE,EN,Federal Contract Tower,0,2,16,2,20,0,19,78,6,103,0,21,94,8,123,140,4,144,267
05/24/2007,ORH,MA,ANE,EN,Federal Contract Tower,0,6,8,4,18,0,8,97,0,105,0,14,105,4,123,142,0,142,265
05/25/2007,ORH,MA,ANE,EN,Federal Contract Tower,0,2,10,0,12,0,4,102,2,108,0,6,112,2,120,164,0,164,284
05/26/2007,ORH,MA,ANE,EN,Federal Contract Tower,0,3,19,0,22,0,1,84,2,87,0,4,103,2,109,118,0,118,227
05/27/2007,ORH,MA,ANE,EN,Federal Contract Tower,0,0,18,0,18,0,0,79,0,79,0,0,97,0,97,118,0,118,215
05/28/2007,ORH,MA,ANE,EN,Federal Contract Tower,0,4,9,0,13,0,15,83,16,114,0,19,92,16,127,88,6,94,221
05/29/2007,ORH,MA,ANE,EN,Federal Contract Tower,0,3,21,0,24,0,16,86,0,102,0,19,107,0,126,90,0,90,216
05/30/2007,ORH,MA,ANE,EN,Federal Contract Tower,0,1,34,2,37,0,14,72,0,86,0,15,106,2,123,130,0,130,253
05/31/2007,ORH,MA,ANE,EN,Federal Contract Tower,0,5,23,0,28,0,6,42,0,48,0,11,65,0,76,92,0,92,168
06/01/2007,ORH,MA,ANE,EN,Federal Contract Tower,0,6,16,0,22,0,13,71,0,84,0,19,87,0,106,114,0,114,220
06/02/2007,ORH,MA,ANE,EN,Federal Contract Tower,0,8,10,0,18,0,8,72,0,80,0,16,82,0,98,88,0,88,186
06/03/2007,ORH,MA,ANE,EN,Federal Contract Tower,0,2,23,2,27,0,0,0,0,0,0,2,23,2,27,0,0,0,27
06/04/2007,ORH,MA,ANE,EN,Federal Contract Tower,0,6,2,0,8,0,0,0,0,0,0,6,2,0,8,0,0,0,8
06/05/2007,ORH,MA,ANE,EN,Federal Contract Tower,0,0,11,0,11,0,8,60,2,70,0,8,71,2,81,66,0,66,147
06/06/2007,ORH,MA,ANE,EN,Federal Contract Tower,1,4,22,2,29,0,4,90,4,98,1,8,112,6,127,76,4,80,207
06/07/2007,ORH,MA,ANE,EN,Federal Contract Tower,0,2,15,0,17,0,8,91,8,107,0,10,106,8,124,98,0,98,222
06/08/2007,ORH,MA,ANE,EN,Federal Contract Tower,2,4,17,0,23,0,10,94,4,108,2,14,111,4,131,116,0,116,247
06/09/2007,ORH,MA,ANE,EN,Federal Contract Tower,0,1,4,0,5,0,0,1,0,1,0,1,5,0,6,0,0,0,6
06/10/2007,ORH,MA,ANE,EN,Federal Contract Tower,0,4,24,0,28,0,9,84,0,93,0,13,108,0,121,106,0,106,227
06/11/2007,ORH,MA,ANE,EN,Federal Contract Tower,0,1,12,0,13,0,4,66,0,70,0,5,78,0,83,70,0,70,153
06/12/2007,ORH,MA,ANE,EN,Federal Contract Tower,0,0,21,0,21,0,4,69,2,75,0,4,90,2,96,64,0,64,160
06/13/2007,ORH,MA,ANE,EN,Federal Contract Tower,0,3,18,2,23,0,0,3,2,5,0,3,21,4,28,4,0,4,32
06/14/2007,ORH,MA,ANE,EN,Federal Contract Tower,0,10,21,2,33,0,6,68,4,78,0,16,89,6,111,110,0,110,221
06/15/2007,ORH,MA,ANE,EN,Federal Contract Tower,0,2,16,0,18,0,0,76,0,76,0,2,92,0,94,86,2,88,182
06/16/2007,ORH,MA,ANE,EN,Federal Contract Tower,0,4,17,0,21,0,12,82,0,94,0,16,99,0,115,84,0,84,199
06/17/2007,ORH,MA,ANE,EN,Federal Contract Tower,0,0,4,0,4,0,4,54,0,58,0,4,58,0,62,50,0,50,112
06/18/2007,ORH,MA,ANE,EN,Federal Contract Tower,0,2,19,0,21,0,9,96,0,105,0,11,115,0,126,82,0,82,208
06/19/2007,ORH,MA,ANE,EN,Federal Contract Tower,0,7,17,0,24,0,15,85,4,104,0,22,102,4,128,128,0,128,256
06/20/2007,ORH,MA,ANE,EN,Federal Contract Tower,0,4,15,0,19,0,7,47,0,54,0,11,62,0,73,62,0,62,135
06/21/2007,ORH,MA,ANE,EN,Federal Contract Tower,0,7,17,0,24,0,7,75,0,82,0,14,92,0,106,94,0,94,200
06/22/2007,ORH,MA,ANE,EN,Federal Contract Tower,0,4,2,0,6,0,0,73,0,73,0,4,75,0,79,98,2,100,179
06/23/2007,ORH,MA,ANE,EN,Federal Contract Tower,0,1,23,0,24,0,2,68,0,70,0,3,91,0,94,90,0,90,184
06/24/2007,ORH,MA,ANE,EN,Federal Contract Tower,2,5,5,0,12,0,7,57,0,64,2,12,62,0,76,80,0,80,156
06/25/2007,ORH,MA,ANE,EN,Federal Contract Tower,0,1,14,0,15,0,7,76,0,83,0,8,90,0,98,90,0,90,188
06/26/2007,ORH,MA,ANE,EN,Federal Contract Tower,1,4,9,0,14,0,14,106,6,126,1,18,115,6,140,120,0,120,260
06/27/2007,ORH,MA,ANE,EN,Federal Contract Tower,0,5,23,1,29,0,11,51,1,63,0,16,74,2,92,62,2,64,156
06/28/2007,ORH,MA,ANE,EN,Federal Contract Tower,0,5,18,6,29,0,10,63,6,79,0,15,81,12,108,108,18,126,234
06/29/2007,ORH,MA,ANE,EN,Federal Contract Tower,0,4,23,0,27,0,0,86,0,86,0,4,109,0,113,124,0,124,237
06/30/2007,ORH,MA,ANE,EN,Federal Contract Tower,0,5,17,0,22,0,5,87,0,92,0,10,104,0,114,82,0,82,196
07/01/2007,ORH,MA,ANE,EN,Federal Contract Tower,0,0,11,0,11,0,6,67,0,73,0,6,78,0,84,56,0,56,140
07/02/2007,ORH,MA,ANE,EN,Federal Contract Tower,0,2,15,0,17,0,0,66,0,66,0,2,81,0,83,124,0,124,207
07/03/2007,ORH,MA,ANE,EN,Federal Contract Tower,0,5,7,0,12,0,0,88,0,88,0,5,95,0,100,76,0,76,176
07/04/2007,ORH,MA,ANE,EN,Federal Contract Tower,0,2,3,0,5,0,6,40,2,48,0,8,43,2,53,42,0,42,95
07/05/2007,ORH,MA,ANE,EN,Federal Contract Tower,0,1,19,0,20,0,4,41,2,47,0,5,60,2,67,62,0,62,129
07/06/2007,ORH,MA,ANE,EN,Federal Contract Tower,0,0,14,0,14,0,8,64,0,72,0,8,78,0,86,56,0,56,142
07/07/2007,ORH,MA,ANE,EN,Federal Contract Tower,0,0,46,0,46,0,0,55,0,55,0,0,101,0,101,124,8,132,233
07/08/2007,ORH,MA,ANE,EN,Federal Contract Tower,0,2,9,0,11,0,0,55,0,55,0,2,64,0,66,70,0,70,136
07/09/2007,ORH,MA,ANE,EN,Federal Contract Tower,0,0,18,0,18,0,4,25,0,29,0,4,43,0,47,56,0,56,103
07/10/2007,ORH,MA,ANE,EN,Federal Contract Tower,0,8,8,0,16,0,4,43,1,48,0,12,51,1,64,44,0,44,108
07/11/2007,ORH,MA,ANE,EN,Federal Contract Tower,0,8,11,0,19,0,12,46,0,58,0,20,57,0,77,56,0,56,133
07/12/2007,ORH,MA,ANE,EN,Federal Contract Tower,0,0,30,0,30,0,8,73,0,81,0,8,103,0,111,110,0,110,221
07/13/2007,ORH,MA,ANE,EN,Federal Contract Tower,0,2,16,0,18,0,4,90,0,94,0,6,106,0,112,128,2,130,242
07/14/2007,ORH,MA,ANE,EN,Federal Contract Tower,0,5,28,0,33,0,0,65,0,65,0,5,93,0,98,140,0,140,238
07/15/2007,ORH,MA,ANE,EN,Federal Contract Tower,0,4,9,0,13,0,0,15,0,15,0,4,24,0,28,8,0,8,36
07/16/2007,ORH,MA,ANE,EN,Federal Contract Tower,0,7,38,0,45,0,2,61,0,63,0,9,99,0,108,110,0,110,218
07/17/2007,ORH,MA,ANE,EN,Federal Contract Tower,0,9,24,0,33,0,1,62,0,63,0,10,86,0,96,100,0,100,196
07/18/2007,ORH,MA,ANE,EN,Federal Contract Tower,0,2,16,0,18,0,0,6,2,8,0,2,22,2,26,2,0,2,28
07/19/2007,ORH,MA,ANE,EN,Federal Contract Tower,0,2,19,2,23,0,0,29,0,29,0,2,48,2,52,52,0,52,104
07/20/2007,ORH,MA,ANE,EN,Federal Contract Tower,0,3,10,0,13,0,6,57,0,63,0,9,67,0,76,102,0,102,178
07/21/2007,ORH,MA,ANE,EN,Federal Contract Tower,0,1,14,0,15,0,0,70,0,70,0,1,84,0,85,114,0,114,199
07/22/2007,ORH,MA,ANE,EN,Federal Contract Tower,0,2,16,0,18,0,14,63,0,77,0,16,79,0,95,114,0,114,209
07/23/2007,ORH,MA,ANE,EN,Federal Contract Tower,0,7,16,0,23,0,1,0,0,1,0,8,16,0,24,2,0,2,26
07/24/2007,ORH,MA,ANE,EN,Federal Contract Tower,0,3,23,0,26,0,6,67,0,73,0,9,90,0,99,108,0,108,207
07/25/2007,ORH,MA,ANE,EN,Federal Contract Tower,0,3,17,0,20,0,14,77,0,91,0,17,94,0,111,142,2,144,255
07/26/2007,ORH,MA,ANE,EN,Federal Contract Tower,0,10,18,2,30,0,4,78,2,84,0,14,96,4,114,152,0,152,266
07/27/2007,ORH,MA,ANE,EN,Federal Contract Tower,0,4,14,0,18,0,4,88,0,92,0,8,102,0,110,150,0,150,260
07/28/2007,ORH,MA,ANE,EN,Federal Contract Tower,0,0,4,0,4,0,0,0,0,0,0,0,4,0,4,0,0,0,4
07/29/2007,ORH,MA,ANE,EN,Federal Contract Tower,0,4,11,0,15,0,2,35,0,37,0,6,46,0,52,68,0,68,120
07/30/2007,ORH,MA,ANE,EN,Federal Contract Tower,0,6,16,0,22,0,0,25,0,25,0,6,41,0,47,20,0,20,67
07/31/2007,ORH,MA,ANE,EN,Federal Contract Tower,0,4,11,0,15,0,11,67,2,80,0,15,78,2,95,66,0,66,161
08/01/2007,ORH,MA,ANE,EN,Federal Contract Tower,0,4,43,0,47,0,11,83,10,104,0,15,126,10,151,114,0,114,265
08/02/2007,ORH,MA,ANE,EN,Federal Contract Tower,0,2,19,1,22,0,0,60,8,68,0,2,79,9,90,128,2,130,220
08/03/2007,ORH,MA,ANE,EN,Federal Contract Tower,0,1,13,0,14,0,6,54,0,60,0,7,67,0,74,118,0,118,192
08/04/2007,ORH,MA,ANE,EN,Federal Contract Tower,0,1,9,0,10,0,0,43,0,43,0,1,52,0,53,88,0,88,141
08/05/2007,ORH,MA,ANE,EN,Federal Contract Tower,0,1,11,0,12,0,4,78,0,82,0,5,89,0,94,56,0,56,150
08/06/2007,ORH,MA,ANE,EN,Federal Contract Tower,0,1,16,0,17,0,0,0,0,0,0,1,16,0,17,0,0,0,17
08/07/2007,ORH,MA,ANE,EN,Federal Contract Tower,0,1,28,0,29,0,9,70,2,81,0,10,98,2,110,42,0,42,152
08/08/2007,ORH,MA,ANE,EN,Federal Contract Tower,0,2,19,0,21,0,0,38,0,38,0,2,57,0,59,44,0,44,103
08/09/2007,ORH,MA,ANE,EN,Federal Contract Tower,0,3,23,0,26,0,8,88,0,96,0,11,111,0,122,96,0,96,218
08/10/2007,ORH,MA,ANE,EN,Federal Contract Tower,0,7,28,0,35,0,0,31,0,31,0,7,59,0,66,24,0,24,90
08/11/2007,ORH,MA,ANE,EN,Federal Contract Tower,0,2,17,2,21,0,6,83,2,91,0,8,100,4,112,90,18,108,220
08/12/2007,ORH,MA,ANE,EN,Federal Contract Tower,0,2,25,2,29,0,4,73,0,77,0,6,98,2,106,100,0,100,206
08/13/2007,ORH,MA,ANE,EN,Federal Contract Tower,0,3,16,0,19,0,4,54,0,58,0,7,70,0,77,60,0,60,137
08/14/2007,ORH,MA,ANE,EN,Federal Contract Tower,0,2,22,1,25,0,16,103,1,120,0,18,125,2,145,94,0,94,239
08/15/2007,ORH,MA,ANE,EN,Federal Contract Tower,0,4,15,4,23,0,13,80,2,95,0,17,95,6,118,102,0,102,220
08/16/2007,ORH,MA,ANE,EN,Federal Contract Tower,0,2,5,0,7,0,21,87,2,110,0,23,92,2,117,142,8,150,267
08/17/2007,ORH,MA,ANE,EN,Federal Contract Tower,0,1,17,0,18,0,6,73,0,79,0,7,90,0,97,112,2,114,211
08/18/2007,ORH,MA,ANE,EN,Federal Contract Tower,0,1,1,0,2,0,8,72,2,82,0,9,73,2,84,68,0,68,152
08/19/2007,ORH,MA,ANE,EN,Federal Contract Tower,0,0,12,0,12,0,0,62,0,62,0,0,74,0,74,120,0,120,194
08/20/2007,ORH,MA,ANE,EN,Federal Contract Tower,0,3,6,0,9,0,3,50,4,57,0,6,56,4,66,98,0,98,164
08/21/2007,ORH,MA,ANE,EN,Federal Contract Tower,0,0,12,0,12,0,5,62,8,75,0,5,74,8,87,40,0,40,127
08/22/2007,ORH,MA,ANE,EN,Federal Contract Tower,0,2,7,0,9,0,6,77,2,85,0,8,84,2,94,88,0,88,182
08/23/2007,ORH,MA,ANE,EN,Federal Contract Tower,0,2,15,5,22,0,0,53,5,58,0,2,68,10,80,50,0,50,130
08/24/2007,ORH,MA,ANE,EN,Federal Contract Tower,0,2,15,0,17,0,14,62,2,78,0,16,77,2,95,74,6,80,175
08/25/2007,ORH,MA,ANE,EN,Federal Contract Tower,0,2,9,0,11,0,8,47,0,55,0,10,56,0,66,44,0,44,110
08/26/2007,ORH,MA,ANE,EN,Federal Contract Tower,0,1,10,0,11,0,4,38,0,42,0,5,48,0,53,60,0,60,113
08/27/2007,ORH,MA,ANE,EN,Federal Contract Tower,0,2,22,0,24,0,2,77,3,82,0,4,99,3,106,120,0,120,226
08/28/2007,ORH,MA,ANE,EN,Federal Contract Tower,0,1,9,2,12,0,12,98,0,110,0,13,107,2,122,134,0,134,256
08/29/2007,ORH,MA,ANE,EN,Federal Contract Tower,0,8,22,0,30,0,1,57,0,58,0,9,79,0,88,111,0,111,199
08/30/2007,ORH,MA,ANE,EN,Federal Contract Tower,0,3,19,0,22,0,10,81,0,91,0,13,100,0,113,96,0,96,209
08/31/2007,ORH,MA,ANE,EN,Federal Contract Tower,0,2,19,0,21,0,0,60,0,60,0,2,79,0,81,86,0,86,167
09/01/2007,ORH,MA,ANE,EN,Federal Contract Tower,0,4,7,0,11,0,0,79,0,79,0,4,86,0,90,104,0,104,194
09/02/2007,ORH,MA,ANE,EN,Federal Contract Tower,0,4,10,0,14,0,4,102,0,106,0,8,112,0,120,115,0,115,235
09/03/2007,ORH,MA,ANE,EN,Federal Contract Tower,0,3,8,0,11,0,0,67,0,67,0,3,75,0,78,70,0,70,148
09/04/2007,ORH,MA,ANE,EN,Federal Contract Tower,0,1,6,0,7,0,3,70,0,73,0,4,76,0,80,86,0,86,166
09/05/2007,ORH,MA,ANE,EN,Federal Contract Tower,0,0,23,0,23,0,0,64,0,64,0,0,87,0,87,92,0,92,179
09/06/2007,ORH,MA,ANE,EN,Federal Contract Tower,0,1,15,0,16,0,6,86,0,92,0,7,101,0,108,94,0,94,202
09/07/2007,ORH,MA,ANE,EN,Federal Contract Tower,0,3,16,0,19,0,4,77,0,81,0,7,93,0,100,98,0,98,198
09/08/2007,ORH,MA,ANE,EN,Federal Contract Tower,0,4,23,0,27,0,2,65,0,67,0,6,88,0,94,82,0,82,176
09/09/2007,ORH,MA,ANE,EN,Federal Contract Tower,0,2,20,0,22,0,0,0,0,0,0,2,20,0,22,0,0,0,22
09/10/2007,ORH,MA,ANE,EN,Federal Contract Tower,0,0,7,0,7,0,0,0,0,0,0,0,7,0,7,0,0,0,7
09/11/2007,ORH,MA,ANE,EN,Federal Contract Tower,0,2,8,0,10,0,0,0,0,0,0,2,8,0,10,0,0,0,10
09/12/2007,ORH,MA,ANE,EN,Federal Contract Tower,0,1,14,0,15,0,1,53,0,54,0,2,67,0,69,64,0,64,133
09/13/2007,ORH,MA,ANE,EN,Federal Contract Tower,0,4,16,1,21,0,12,79,3,94,0,16,95,4,115,114,0,114,229
09/14/2007,ORH,MA,ANE,EN,Federal Contract Tower,0,4,28,0,32,0,4,73,0,77,0,8,101,0,109,116,0,116,225
09/15/2007,ORH,MA,ANE,EN,Federal Contract Tower,0,2,7,0,9,0,0,35,0,35,0,2,42,0,44,50,0,50,94
09/16/2007,ORH,MA,ANE,EN,Federal Contract Tower,0,3,20,0,23,0,6,94,0,100,0,9,114,0,123,108,0,108,231
09/17/2007,ORH,MA,ANE,EN,Federal Contract Tower,0,1,19,0,20,0,2,45,0,47,0,3,64,0,67,72,0,72,139
09/18/2007,ORH,MA,ANE,EN,Federal Contract Tower,0,5,14,2,21,0,4,75,2,81,0,9,89,4,102,120,0,120,222
09/19/2007,ORH,MA,ANE,EN,Federal Contract Tower,0,6,19,0,25,0,4,69,0,73,0,10,88,0,98,86,0,86,184
09/20/2007,ORH,MA,ANE,EN,Federal Contract Tower,0,3,13,6,22,0,5,82,6,93,0,8,95,12,115,110,12,122,237
09/21/2007,ORH,MA,ANE,EN,Federal Contract Tower,0,7,32,0,39,0,0,65,0,65,0,7,97,0,104,132,0,132,236
09/22/2007,ORH,MA,ANE,EN,Federal Contract Tower,0,3,17,1,21,0,0,42,0,42,0,3,59,1,63,86,2,88,151
09/23/2007,ORH,MA,ANE,EN,Federal Contract Tower,0,2,17,0,19,0,6,78,2,86,0,8,95,2,105,98,0,98,203
09/24/2007,ORH,MA,ANE,EN,Federal Contract Tower,0,4,11,0,15,0,0,46,0,46,0,4,57,0,61,78,0,78,139
09/25/2007,ORH,MA,ANE,EN,Federal Contract Tower,0,2,23,0,25,0,6,69,0,75,0,8,92,0,100,96,0,96,196
09/26/2007,ORH,MA,ANE,EN,Federal Contract Tower,0,2,21,0,23,0,8,71,0,79,0,10,92,0,102,82,0,82,184
09/27/2007,ORH,MA,ANE,EN,Federal Contract Tower,0,2,17,0,19,0,9,54,4,67,0,11,71,4,86,60,2,62,148
09/28/2007,ORH,MA,ANE,EN,Federal Contract Tower,0,5,14,0,19,0,2,70,0,72,0,7,84,0,91,100,0,100,191
09/29/2007,ORH,MA,ANE,EN,Federal Contract Tower,0,1,12,0,13,0,6,70,0,76,0,7,82,0,89,96,0,96,185
09/30/2007,ORH,MA,ANE,EN,Federal Contract Tower,0,9,29,0,38,0,5,112,0,117,0,14,141,0,155,94,0,94,249
10/01/2007,ORH,MA,ANE,EN,Federal Contract Tower,0,1,15,2,18,0,6,42,0,48,0,7,57,2,66,20,4,24,90
10/02/2007,ORH,MA,ANE,EN,Federal Contract Tower,0,4,26,0,30,0,8,61,0,69,0,12,87,0,99,62,0,62,161
10/03/2007,ORH,MA,ANE,EN,Federal Contract Tower,0,2,13,0,15,0,6,47,0,53,0,8,60,0,68,66,0,66,134
10/04/2007,ORH,MA,ANE,EN,Federal Contract Tower,0,4,16,12,32,0,15,62,2,79,0,19,78,14,111,96,0,96,207
10/05/2007,ORH,MA,ANE,EN,Federal Contract Tower,0,8,21,1,30,0,6,80,1,87,0,14,101,2,117,96,0,96,213
10/06/2007,ORH,MA,ANE,EN,Federal Contract Tower,0,1,17,0,18,0,14,66,0,80,0,15,83,0,98,100,0,100,198
10/07/2007,ORH,MA,ANE,EN,Federal Contract Tower,0,2,23,0,25,0,4,14,0,18,0,6,37,0,43,22,0,22,65
10/08/2007,ORH,MA,ANE,EN,Federal Contract Tower,0,2,17,0,19,0,0,4,0,4,0,2,21,0,23,0,0,0,23
10/09/2007,ORH,MA,ANE,EN,Federal Contract Tower,0,2,24,1,27,0,8,65,1,74,0,10,89,2,101,72,6,78,179
10/10/2007,ORH,MA,ANE,EN,Federal Contract Tower,0,1,15,0,16,0,0,0,0,0,0,1,15,0,16,0,0,0,16
10/11/2007,ORH,MA,ANE,EN,Federal Contract Tower,0,1,9,3,13,0,0,0,0,0,0,1,9,3,13,0,0,0,13
10/12/2007,ORH,MA,ANE,EN,Federal Contract Tower,0,9,12,0,21,0,0,7,0,7,0,9,19,0,28,0,0,0,28
10/13/2007,ORH,MA,ANE,EN,Federal Contract Tower,0,2,15,0,17,0,2,78,0,80,0,4,93,0,97,108,0,108,205
10/14/2007,ORH,MA,ANE,EN,Federal Contract Tower,0,3,20,0,23,0,10,65,2,77,0,13,85,2,100,62,0,62,162
10/15/2007,ORH,MA,ANE,EN,Federal Contract Tower,0,2,16,0,18,0,10,69,0,79,0,12,85,0,97,70,0,70,167
10/16/2007,ORH,MA,ANE,EN,Federal Contract Tower,0,1,9,0,10,0,4,70,0,74,0,5,79,0,84,62,0,62,146
10/17/2007,ORH,MA,ANE,EN,Federal Contract Tower,0,2,7,0,9,0,12,95,0,107,0,14,102,0,116,84,0,84,200
10/18/2007,ORH,MA,ANE,EN,Federal Contract Tower,0,7,14,2,23,0,1,62,0,63,0,8,76,2,86,82,0,82,168
10/19/2007,ORH,MA,ANE,EN,Federal Contract Tower,2,4,6,5,17,0,0,0,1,1,2,4,6,6,18,0,2,2,20
10/20/2007,ORH,MA,ANE,EN,Federal Contract Tower,0,4,22,1,27,0,6,49,0,55,0,10,71,1,82,60,0,60,142
10/21/2007,ORH,MA,ANE,EN,Federal Contract Tower,0,2,13,0,15,0,0,115,0,115,0,2,128,0,130,112,0,112,242
10/22/2007,ORH,MA,ANE,EN,Federal Contract Tower,0,0,16,0,16,0,11,99,0,110,0,11,115,0,126,80,0,80,206
10/23/2007,ORH,MA,ANE,EN,Federal Contract Tower,0,7,4,0,11,0,1,12,2,15,0,8,16,2,26,4,8,12,38
10/24/2007,ORH,MA,ANE,EN,Federal Contract Tower,0,1,16,0,17,0,0,0,0,0,0,1,16,0,17,0,0,0,17
10/25/2007,ORH,MA,ANE,EN,Federal Contract Tower,0,3,20,0,23,0,7,64,0,71,0,10,84,0,94,108,6,114,208
10/26/2007,ORH,MA,ANE,EN,Federal Contract Tower,0,1,32,0,33,0,4,34,0,38,0,5,66,0,71,60,0,60,131
10/27/2007,ORH,MA,ANE,EN,Federal Contract Tower,0,1,9,0,10,0,0,0,0,0,0,1,9,0,10,0,0,0,10
10/28/2007,ORH,MA,ANE,EN,Federal Contract Tower,0,0,13,0,13,0,0,65,0,65,0,0,78,0,78,86,0,86,164
10/29/2007,ORH,MA,ANE,EN,Federal Contract Tower,0,0,5,0,5,0,3,74,0,77,0,3,79,0,82,90,0,90,172
10/30/2007,ORH,MA,ANE,EN,Federal Contract Tower,0,0,8,0,8,0,2,81,0,83,0,2,89,0,91,62,0,62,153
10/31/2007,ORH,MA,ANE,EN,Federal Contract Tower,0,5,35,2,42,0,6,65,0,71,0,11,100,2,113,102,12,114,227
11/01/2007,ORH,MA,ANE,EN,Federal Contract Tower,0,5,11,0,16,0,6,83,0,89,0,11,94,0,105,70,0,70,175
11/02/2007,ORH,MA,ANE,EN,Federal Contract Tower,0,1,25,0,26,0,2,101,2,105,0,3,126,2,131,86,2,88,219
11/03/2007,ORH,MA,ANE,EN,Federal Contract Tower,0,3,2,0,5,0,1,4,0,5,0,4,6,0,10,0,0,0,10
11/04/2007,ORH,MA,ANE,EN,Federal Contract Tower,0,1,11,0,12,0,1,60,0,61,0,2,71,0,73,96,0,96,169
11/05/2007,ORH,MA,ANE,EN,Federal Contract Tower,0,1,16,0,17,0,8,71,0,79,0,9,87,0,96,82,0,82,178
11/06/2007,ORH,MA,ANE,EN,Federal Contract Tower,0,1,10,0,11,0,6,25,0,31,0,7,35,0,42,42,0,42,84
11/07/2007,ORH,MA,ANE,EN,Federal Contract Tower,0,4,13,0,17,0,5,64,0,69,0,9,77,0,86,98,0,98,184
11/08/2007,ORH,MA,ANE,EN,Federal Contract Tower,0,0,9,0,9,0,10,78,2,90,0,10,87,2,99,84,2,86,185
11/09/2007,ORH,MA,ANE,EN,Federal Contract Tower,0,3,13,2,18,0,4,59,0,63,0,7,72,2,81,68,0,68,149
11/10/2007,ORH,MA,ANE,EN,Federal Contract Tower,0,3,2,0,5,0,6,84,0,90,0,9,86,0,95,118,0,118,213
11/11/2007,ORH,MA,ANE,EN,Federal Contract Tower,0,4,19,0,23,0,6,80,0,86,0,10,99,0,109,104,0,104,213
11/12/2007,ORH,MA,ANE,EN,Federal Contract Tower,0,2,9,0,11,0,8,73,0,81,0,10,82,0,92,96,0,96,188
11/13/2007,ORH,MA,ANE,EN,Federal Contract Tower,0,4,7,0,11,0,6,48,0,54,0,10,55,0,65,26,0,26,91
11/14/2007,ORH,MA,ANE,EN,Federal Contract Tower,0,0,16,0,16,0,20,58,2,80,0,20,74,2,96,30,0,30,126
11/15/2007,ORH,MA,ANE,EN,Federal Contract Tower,0,1,13,0,14,0,0,0,0,0,0,1,13,0,14,0,0,0,14
11/16/2007,ORH,MA,ANE,EN,Federal Contract Tower,0,0,9,1,10,0,2,45,0,47,0,2,54,1,57,54,12,66,123
11/17/2007,ORH,MA,ANE,EN,Federal Contract Tower,0,4,19,0,23,0,3,74,0,77,0,7,93,0,100,86,0,86,186
11/18/2007,ORH,MA,ANE,EN,Federal Contract Tower,0,1,18,0,19,0,34,95,0,129,0,35,113,0,148,98,0,98,246
11/19/2007,ORH,MA,ANE,EN,Federal Contract Tower,0,1,8,0,9,0,4,54,0,58,0,5,62,0,67,54,0,54,121
11/20/2007,ORH,MA,ANE,EN,Federal Contract Tower,0,2,9,6,17,0,0,7,2,9,0,2,16,8,26,0,0,0,26
11/21/2007,ORH,MA,ANE,EN,Federal Contract Tower,0,5,13,0,18,0,0,8,0,8,0,5,21,0,26,0,0,0,26
11/22/2007,ORH,MA,ANE,EN,Federal Contract Tower,0,0,6,0,6,0,0,8,0,8,0,0,14,0,14,0,0,0,14
11/23/2007,ORH,MA,ANE,EN,Federal Contract Tower,0,2,4,0,6,0,2,77,0,79,0,4,81,0,85,108,0,108,193
11/24/2007,ORH,MA,ANE,EN,Federal Contract Tower,0,5,13,0,18,0,4,76,0,80,0,9,89,0,98,116,0,116,214
11/25/2007,ORH,MA,ANE,EN,Federal Contract Tower,0,4,21,0,25,0,4,79,0,83,0,8,100,0,108,72,0,72,180
11/26/2007,ORH,MA,ANE,EN,Federal Contract Tower,0,1,7,0,8,0,0,0,0,0,0,1,7,0,8,0,0,0,8
11/27/2007,ORH,MA,ANE,EN,Federal Contract Tower,0,1,8,4,13,0,9,94,0,103,0,10,102,4,116,80,0,80,196
11/28/2007,ORH,MA,ANE,EN,Federal Contract Tower,0,3,16,0,19,0,14,90,0,104,0,17,106,0,123,90,16,106,229
11/29/2007,ORH,MA,ANE,EN,Federal Contract Tower,0,5,10,0,15,0,5,60,0,65,0,10,70,0,80,48,0,48,128
11/30/2007,ORH,MA,ANE,EN,Federal Contract Tower,1,1,10,0,12,0,15,86,0,101,1,16,96,0,113,88,0,88,201
12/01/2007,ORH,MA,ANE,EN,Federal Contract Tower,0,1,5,0,6,0,0,72,0,72,0,1,77,0,78,96,0,96,174
12/02/2007,ORH,MA,ANE,EN,Federal Contract Tower,0,0,6,4,10,0,2,40,0,42,0,2,46,4,52,78,0,78,130
12/03/2007,ORH,MA,ANE,EN,Federal Contract Tower,0,0,1,0,1,0,0,0,0,0,0,0,1,0,1,0,0,0,1
12/04/2007,ORH,MA,ANE,EN,Federal Contract Tower,0,0,9,0,9,0,7,46,0,53,0,7,55,0,62,12,0,12,74
12/05/2007,ORH,MA,ANE,EN,Federal Contract Tower,0,2,7,0,9,0,6,59,0,65,0,8,66,0,74,50,0,50,124
12/06/2007,ORH,MA,ANE,EN,Federal Contract Tower,0,1,9,2,12,0,9,63,0,72,0,10,72,2,84,58,6,64,148
12/07/2007,ORH,MA,ANE,EN,Federal Contract Tower,0,1,8,0,9,0,3,50,0,53,0,4,58,0,62,68,0,68,130
12/08/2007,ORH,MA,ANE,EN,Federal Contract Tower,0,3,30,0,33,0,4,66,0,70,0,7,96,0,103,106,0,106,209
12/09/2007,ORH,MA,ANE,EN,Federal Contract Tower,0,5,12,0,17,0,2,45,0,47,0,7,57,0,64,68,0,68,132
12/10/2007,ORH,MA,ANE,EN,Federal Contract Tower,0,0,2,0,2,0,1,0,0,1,0,1,2,0,3,0,0,0,3
12/11/2007,ORH,MA,ANE,EN,Federal Contract Tower,0,2,8,0,10,0,0,16,0,16,0,2,24,0,26,4,0,4,30
12/12/2007,ORH,MA,ANE,EN,Federal Contract Tower,0,3,5,7,15,0,0,61,1,62,0,3,66,8,77,58,0,58,135
12/13/2007,ORH,MA,ANE,EN,Federal Contract Tower,0,1,7,0,8,0,0,18,0,18,0,1,25,0,26,14,0,14,40
12/14/2007,ORH,MA,ANE,EN,Federal Contract Tower,0,6,23,0,29,0,0,24,0,24,0,6,47,0,53,50,0,50,103
12/15/2007,ORH,MA,ANE,EN,Federal Contract Tower,0,0,16,1,17,0,4,64,1,69,0,4,80,2,86,82,2,84,170
12/16/2007,ORH,MA,ANE,EN,Federal Contract Tower,0,0,0,0,0,0,0,0,0,0,0,0,0,0,0,0,0,0,0
12/17/2007,ORH,MA,ANE,EN,Federal Contract Tower,0,0,2,0,2,0,2,22,0,24,0,2,24,0,26,2,0,2,28
12/18/2007,ORH,MA,ANE,EN,Federal Contract Tower,0,0,12,0,12,0,12,74,0,86,0,12,86,0,98,38,0,38,136
12/19/2007,ORH,MA,ANE,EN,Federal Contract Tower,0,1,5,0,6,0,6,37,0,43,0,7,42,0,49,18,2,20,69
12/20/2007,ORH,MA,ANE,EN,Federal Contract Tower,0,5,5,8,18,0,1,17,0,18,0,6,22,8,36,6,0,6,42
12/21/2007,ORH,MA,ANE,EN,Federal Contract Tower,0,4,5,0,9,0,0,1,0,1,0,4,6,0,10,0,0,0,10
12/22/2007,ORH,MA,ANE,EN,Federal Contract Tower,0,1,12,0,13,0,4,52,0,56,0,5,64,0,69,66,0,66,135
12/23/2007,ORH,MA,ANE,EN,Federal Contract Tower,0,1,4,0,5,0,0,0,0,0,0,1,4,0,5,0,0,0,5
12/24/2007,ORH,MA,ANE,EN,Federal Contract Tower,0,0,3,0,3,0,8,24,0,32,0,8,27,0,35,32,0,32,67
12/25/2007,ORH,MA,ANE,EN,Federal Contract Tower,0,2,0,0,2,0,0,16,0,16,0,2,16,0,18,6,0,6,24
12/26/2007,ORH,MA,ANE,EN,Federal Contract Tower,0,2,20,0,22,0,0,73,0,73,0,2,93,0,95,92,18,110,205
12/27/2007,ORH,MA,ANE,EN,Federal Contract Tower,0,2,0,0,2,0,0,0,0,0,0,2,0,0,2,0,0,0,2
12/28/2007,ORH,MA,ANE,EN,Federal Contract Tower,0,0,9,0,9,0,7,69,2,78,0,7,78,2,87,70,0,70,157
12/29/2007,ORH,MA,ANE,EN,Federal Contract Tower,0,4,15,0,19,0,0,33,0,33,0,4,48,0,52,48,0,48,100
12/30/2007,ORH,MA,ANE,EN,Federal Contract Tower,0,0,21,0,21,0,4,68,0,72,0,4,89,0,93,82,0,82,175
12/31/2007,ORH,MA,ANE,EN,Federal Contract Tower,0,2,5,0,7,0,5,5,0,10,0,7,10,0,17,4,0,4,21
01/01/2008,ORH,MA,ANE,EN,Federal Contract Tower,0,3,0,0,3,0,1,0,0,1,0,4,0,0,4,0,0,0,4
01/02/2008,ORH,MA,ANE,EN,Federal Contract Tower,0,0,1,0,1,0,5,43,0,48,0,5,44,0,49,16,0,16,65
01/03/2008,ORH,MA,ANE,EN,Federal Contract Tower,0,4,15,0,19,0,10,66,6,82,0,14,81,6,101,68,0,68,169
01/04/2008,ORH,MA,ANE,EN,Federal Contract Tower,0,0,6,0,6,0,8,100,0,108,0,8,106,0,114,82,0,82,196
01/05/2008,ORH,MA,ANE,EN,Federal Contract Tower,0,0,38,0,38,0,14,72,14,100,0,14,110,14,138,98,12,110,248
01/06/2008,ORH,MA,ANE,EN,Federal Contract Tower,0,0,14,0,14,0,8,75,0,83,0,8,89,0,97,112,0,112,209
01/07/2008,ORH,MA,ANE,EN,Federal Contract Tower,0,3,14,0,17,0,8,37,0,45,0,11,51,0,62,28,0,28,90
01/08/2008,ORH,MA,ANE,EN,Federal Contract Tower,0,2,16,2,20,0,10,52,2,64,0,12,68,4,84,56,0,56,140
01/09/2008,ORH,MA,ANE,EN,Federal Contract Tower,0,4,1,0,5,0,4,36,0,40,0,8,37,0,45,22,0,22,67
01/10/2008,ORH,MA,ANE,EN,Federal Contract Tower,0,0,12,2,14,0,11,80,0,91,0,11,92,2,105,90,2,92,197
01/11/2008,ORH,MA,ANE,EN,Federal Contract Tower,0,0,0,0,0,0,0,0,0,0,0,0,0,0,0,0,0,0,0
01/12/2008,ORH,MA,ANE,EN,Federal Contract Tower,0,0,28,0,28,0,12,91,0,103,0,12,119,0,131,79,0,79,210
01/13/2008,ORH,MA,ANE,EN,Federal Contract Tower,0,3,9,0,12,0,9,73,0,82,0,12,82,0,94,46,14,60,154
01/14/2008,ORH,MA,ANE,EN,Federal Contract Tower,0,0,0,0,0,0,0,0,0,0,0,0,0,0,0,0,0,0,0
01/15/2008,ORH,MA,ANE,EN,Federal Contract Tower,0,5,4,0,9,0,10,42,0,52,0,15,46,0,61,28,0,28,89
01/16/2008,ORH,MA,ANE,EN,Federal Contract Tower,0,3,18,0,21,0,9,80,0,89,0,12,98,0,110,58,0,58,168
01/17/2008,ORH,MA,ANE,EN,Federal Contract Tower,0,4,10,6,20,0,13,64,5,82,0,17,74,11,102,70,2,72,174
01/18/2008,ORH,MA,ANE,EN,Federal Contract Tower,2,2,2,0,6,0,4,55,0,59,2,6,57,0,65,48,0,48,113
01/19/2008,ORH,MA,ANE,EN,Federal Contract Tower,0,1,24,0,25,0,2,77,0,79,0,3,101,0,104,50,0,50,154
01/20/2008,ORH,MA,ANE,EN,Federal Contract Tower,0,0,3,0,3,0,1,68,0,69,0,1,71,0,72,70,0,70,142
01/21/2008,ORH,MA,ANE,EN,Federal Contract Tower,0,2,2,0,4,0,8,62,0,70,0,10,64,0,74,48,0,48,122
01/22/2008,ORH,MA,ANE,EN,Federal Contract Tower,0,1,3,2,6,0,8,38,0,46,0,9,41,2,52,14,0,14,66
01/23/2008,ORH,MA,ANE,EN,Federal Contract Tower,0,0,10,0,10,0,14,82,2,98,0,14,92,2,108,72,2,74,182
01/24/2008,ORH,MA,ANE,EN,Federal Contract Tower,0,3,10,0,13,0,6,76,0,82,0,9,86,0,95,56,0,56,151
01/25/2008,ORH,MA,ANE,EN,Federal Contract Tower,0,0,5,0,5,0,10,78,0,88,0,10,83,0,93,66,0,66,159
01/26/2008,ORH,MA,ANE,EN,Federal Contract Tower,0,3,19,0,22,0,1,77,0,78,0,4,96,0,100,84,0,84,184
01/27/2008,ORH,MA,ANE,EN,Federal Contract Tower,0,0,0,0,0,0,3,1,0,4,0,3,1,0,4,0,0,0,4
01/28/2008,ORH,MA,ANE,EN,Federal Contract Tower,0,0,6,0,6,0,16,71,0,87,0,16,77,0,93,34,0,34,127
01/29/2008,ORH,MA,ANE,EN,Federal Contract Tower,0,2,9,1,12,0,4,67,1,72,0,6,76,2,84,88,16,104,188
01/30/2008,ORH,MA,ANE,EN,Federal Contract Tower,0,5,1,0,6,0,4,50,0,54,0,9,51,0,60,24,0,24,84
01/31/2008,ORH,MA,ANE,EN,Federal Contract Tower,0,0,20,0,20,0,12,77,2,91,0,12,97,2,111,78,0,78,189
02/01/2008,ORH,MA,ANE,EN,Federal Contract Tower,0,2,1,0,3,0,3,34,0,37,0,5,35,0,40,12,0,12,52
02/02/2008,ORH,MA,ANE,EN,Federal Contract Tower,0,0,8,0,8,0,7,73,0,80,0,7,81,0,88,86,0,86,174
02/03/2008,ORH,MA,ANE,EN,Federal Contract Tower,0,1,14,0,15,0,4,70,0,74,0,5,84,0,89,110,0,110,199
02/04/2008,ORH,MA,ANE,EN,Federal Contract Tower,0,1,12,0,13,0,12,61,0,73,0,13,73,0,86,64,0,64,150
02/05/2008,ORH,MA,ANE,EN,Federal Contract Tower,2,0,2,2,6,0,0,0,0,0,2,0,2,2,6,0,0,0,6
02/06/2008,ORH,MA,ANE,EN,Federal Contract Tower,2,1,5,0,8,0,0,0,0,0,2,1,5,0,8,0,0,0,8
02/07/2008,ORH,MA,ANE,EN,Federal Contract Tower,0,1,3,2,6,0,0,0,0,0,0,1,3,2,6,0,0,0,6
02/08/2008,ORH,MA,ANE,EN,Federal Contract Tower,0,5,6,0,11,0,3,0,0,3,0,8,6,0,14,0,0,0,14
02/09/2008,ORH,MA,ANE,EN,Federal Contract Tower,0,0,8,1,9,0,1,48,1,50,0,1,56,2,59,46,8,54,113
02/10/2008,ORH,MA,ANE,EN,Federal Contract Tower,0,0,2,0,2,0,0,4,0,4,0,0,6,0,6,6,0,6,12
02/11/2008,ORH,MA,ANE,EN,Federal Contract Tower,0,0,6,0,6,0,0,24,0,24,0,0,30,0,30,4,0,4,34
02/12/2008,ORH,MA,ANE,EN,Federal Contract Tower,0,4,5,1,10,0,8,40,1,49,0,12,45,2,59,34,0,34,93
02/13/2008,ORH,MA,ANE,EN,Federal Contract Tower,0,0,4,0,4,0,0,0,0,0,0,0,4,0,4,0,0,0,4
02/14/2008,ORH,MA,ANE,EN,Federal Contract Tower,0,0,2,2,4,0,9,69,0,78,0,9,71,2,82,46,2,48,130
02/15/2008,ORH,MA,ANE,EN,Federal Contract Tower,0,0,14,0,14,0,6,79,0,85,0,6,93,0,99,80,0,80,179
02/16/2008,ORH,MA,ANE,EN,Federal Contract Tower,1,0,10,0,11,0,5,93,0,98,1,5,103,0,109,92,0,92,201
02/17/2008,ORH,MA,ANE,EN,Federal Contract Tower,1,4,12,0,17,0,3,48,0,51,1,7,60,0,68,62,0,62,130
02/18/2008,ORH,MA,ANE,EN,Federal Contract Tower,0,0,2,0,2,0,1,0,0,1,0,1,2,0,3,0,0,0,3
02/19/2008,ORH,MA,ANE,EN,Federal Contract Tower,0,6,2,0,8,0,0,65,0,65,0,6,67,0,73,50,0,50,123
02/20/2008,ORH,MA,ANE,EN,Federal Contract Tower,0,0,7,2,9,0,2,74,0,76,0,2,81,2,85,54,0,54,139
02/21/2008,ORH,MA,ANE,EN,Federal Contract Tower,0,6,25,0,31,0,5,70,2,77,0,11,95,2,108,74,10,84,192
02/22/2008,ORH,MA,ANE,EN,Federal Contract Tower,0,0,0,0,0,0,0,0,0,0,0,0,0,0,0,0,0,0,0
02/23/2008,ORH,MA,ANE,EN,Federal Contract Tower,0,0,1,0,1,0,0,57,0,57,0,0,58,0,58,32,0,32,90
02/24/2008,ORH,MA,ANE,EN,Federal Contract Tower,0,2,18,0,20,0,12,89,0,101,0,14,107,0,121,98,0,98,219
02/25/2008,ORH,MA,ANE,EN,Federal Contract Tower,0,5,24,0,29,0,7,73,3,83,0,12,97,3,112,83,0,83,195
02/26/2008,ORH,MA,ANE,EN,Federal Contract Tower,0,0,7,0,7,0,1,15,0,16,0,1,22,0,23,14,0,14,37
02/27/2008,ORH,MA,ANE,EN,Federal Contract Tower,0,2,8,2,12,0,5,40,0,45,0,7,48,2,57,34,0,34,91
02/28/2008,ORH,MA,ANE,EN,Federal Contract Tower,0,0,22,1,23,0,6,70,9,85,0,6,92,10,108,72,2,74,182
02/29/2008,ORH,MA,ANE,EN,Federal Contract Tower,0,4,9,0,13,0,2,93,0,95,0,6,102,0,108,92,0,92,200
03/01/2008,ORH,MA,ANE,EN,Federal Contract Tower,0,2,1,0,3,0,0,0,0,0,0,2,1,0,3,0,0,0,3
03/02/2008,ORH,MA,ANE,EN,Federal Contract Tower,0,2,10,1,13,0,5,57,11,73,0,7,67,12,86,62,0,62,148
03/03/2008,ORH,MA,ANE,EN,Federal Contract Tower,0,2,9,0,11,0,6,33,0,39,0,8,42,0,50,36,0,36,86
03/04/2008,ORH,MA,ANE,EN,Federal Contract Tower,0,2,2,0,4,0,2,15,0,17,0,4,17,0,21,4,0,4,25
03/05/2008,ORH,MA,ANE,EN,Federal Contract Tower,0,5,3,1,9,0,2,21,1,24,0,7,24,2,33,28,0,28,61
03/06/2008,ORH,MA,ANE,EN,Federal Contract Tower,0,6,28,0,34,0,4,72,2,78,0,10,100,2,112,58,12,70,182
03/07/2008,ORH,MA,ANE,EN,Federal Contract Tower,0,2,12,2,16,0,0,65,0,65,0,2,77,2,81,70,0,70,151
03/08/2008,ORH,MA,ANE,EN,Federal Contract Tower,0,0,5,0,5,0,0,0,0,0,0,0,5,0,5,0,0,0,5
03/09/2008,ORH,MA,ANE,EN,Federal Contract Tower,0,0,11,0,11,0,1,24,0,25,0,1,35,0,36,10,0,10,46
03/10/2008,ORH,MA,ANE,EN,Federal Contract Tower,0,1,13,0,14,0,7,50,0,57,0,8,63,0,71,28,0,28,99
03/11/2008,ORH,MA,ANE,EN,Federal Contract Tower,0,1,23,0,24,0,6,79,0,85,0,7,102,0,109,64,0,64,173
03/12/2008,ORH,MA,ANE,EN,Federal Contract Tower,0,1,6,0,7,0,0,20,0,20,0,1,26,0,27,12,0,12,39
03/13/2008,ORH,MA,ANE,EN,Federal Contract Tower,0,0,11,3,14,0,4,66,1,71,0,4,77,4,85,52,12,64,149
03/14/2008,ORH,MA,ANE,EN,Federal Contract Tower,0,2,18,0,20,0,7,75,0,82,0,9,93,0,102,80,0,80,182
03/15/2008,ORH,MA,ANE,EN,Federal Contract Tower,0,0,2,0,2,0,1,4,0,5,0,1,6,0,7,0,0,0,7
03/16/2008,ORH,MA,ANE,EN,Federal Contract Tower,0,0,7,0,7,0,6,14,0,20,0,6,21,0,27,10,0,10,37
03/17/2008,ORH,MA,ANE,EN,Federal Contract Tower,0,0,10,0,10,0,10,59,0,69,0,10,69,0,79,40,0,40,119
03/18/2008,ORH,MA,ANE,EN,Federal Contract Tower,0,2,10,0,12,0,13,63,0,76,0,15,73,0,88,96,0,96,184
03/19/2008,ORH,MA,ANE,EN,Federal Contract Tower,0,0,4,0,4,0,0,0,0,0,0,0,4,0,4,0,0,0,4
03/20/2008,ORH,MA,ANE,EN,Federal Contract Tower,0,4,10,0,14,0,2,27,2,31,0,6,37,2,45,2,0,2,47
03/21/2008,ORH,MA,ANE,EN,Federal Contract Tower,0,2,4,0,6,0,6,48,0,54,0,8,52,0,60,0,0,0,60
03/22/2008,ORH,MA,ANE,EN,Federal Contract Tower,0,1,37,0,38,0,6,68,0,74,0,7,105,0,112,80,0,80,192
03/23/2008,ORH,MA,ANE,EN,Federal Contract Tower,0,2,11,0,13,0,1,72,0,73,0,3,83,0,86,86,0,86,172
03/24/2008,ORH,MA,ANE,EN,Federal Contract Tower,0,4,37,0,41,0,8,46,0,54,0,12,83,0,95,72,0,72,167
03/25/2008,ORH,MA,ANE,EN,Federal Contract Tower,0,1,11,0,12,0,9,72,0,81,0,10,83,0,93,54,0,54,147
03/26/2008,ORH,MA,ANE,EN,Federal Contract Tower,0,1,7,0,8,0,0,61,0,61,0,1,68,0,69,70,0,70,139
03/27/2008,ORH,MA,ANE,EN,Federal Contract Tower,1,2,18,0,21,0,0,52,2,54,1,2,70,2,75,56,6,62,137
03/28/2008,ORH,MA,ANE,EN,Federal Contract Tower,0,3,2,0,5,0,0,0,0,0,0,3,2,0,5,0,0,0,5
03/29/2008,ORH,MA,ANE,EN,Federal Contract Tower,1,3,27,2,33,0,6,84,0,90,1,9,111,2,123,90,0,90,213
03/30/2008,ORH,MA,ANE,EN,Federal Contract Tower,2,1,9,0,12,0,4,68,8,80,2,5,77,8,92,95,0,95,187
03/31/2008,ORH,MA,ANE,EN,Federal Contract Tower,0,0,11,2,13,0,0,7,0,7,0,0,18,2,20,20,0,20,40
04/01/2008,ORH,MA,ANE,EN,Federal Contract Tower,0,0,20,0,20,0,0,0,0,0,0,0,20,0,20,0,0,0,20
04/02/2008,ORH,MA,ANE,EN,Federal Contract Tower,0,5,4,0,9,0,0,43,0,43,0,5,47,0,52,36,0,36,88
04/03/2008,ORH,MA,ANE,EN,Federal Contract Tower,0,2,34,0,36,0,7,65,0,72,0,9,99,0,108,112,0,112,220
04/04/2008,ORH,MA,ANE,EN,Federal Contract Tower,0,3,1,2,6,0,0,0,0,0,0,3,1,2,6,0,0,0,6
04/05/2008,ORH,MA,ANE,EN,Federal Contract Tower,0,0,17,0,17,0,1,13,0,14,0,1,30,0,31,74,0,74,105
04/06/2008,ORH,MA,ANE,EN,Federal Contract Tower,0,1,22,0,23,0,1,6,0,7,0,2,28,0,30,4,0,4,34
04/07/2008,ORH,MA,ANE,EN,Federal Contract Tower,0,4,14,0,18,0,16,46,0,62,0,20,60,0,80,64,0,64,144
04/08/2008,ORH,MA,ANE,EN,Federal Contract Tower,0,4,13,0,17,0,0,51,6,57,0,4,64,6,74,88,14,102,176
04/09/2008,ORH,MA,ANE,EN,Federal Contract Tower,0,1,29,0,30,0,12,51,0,63,0,13,80,0,93,84,0,84,177
04/10/2008,ORH,MA,ANE,EN,Federal Contract Tower,0,4,16,2,22,0,5,71,0,76,0,9,87,2,98,90,2,92,190
04/11/2008,ORH,MA,ANE,EN,Federal Contract Tower,0,2,15,0,17,0,3,70,0,73,0,5,85,0,90,94,0,94,184
04/12/2008,ORH,MA,ANE,EN,Federal Contract Tower,0,0,2,0,2,0,4,42,0,46,0,4,44,0,48,90,0,90,138
04/13/2008,ORH,MA,ANE,EN,Federal Contract Tower,0,0,35,0,35,0,16,53,0,69,0,16,88,0,104,88,0,88,192
04/14/2008,ORH,MA,ANE,EN,Federal Contract Tower,0,3,8,0,11,0,6,51,0,57,0,9,59,0,68,76,0,76,144
04/15/2008,ORH,MA,ANE,EN,Federal Contract Tower,0,3,16,2,21,0,11,74,0,85,0,14,90,2,106,90,2,92,198
04/16/2008,ORH,MA,ANE,EN,Federal Contract Tower,0,2,18,1,21,0,10,73,1,84,0,12,91,2,105,98,0,98,203
04/17/2008,ORH,MA,ANE,EN,Federal Contract Tower,0,3,18,0,21,0,8,65,0,73,0,11,83,0,94,84,0,84,178
04/18/2008,ORH,MA,ANE,EN,Federal Contract Tower,0,0,19,0,19,0,12,70,4,86,0,12,89,4,105,110,0,110,215
04/19/2008,ORH,MA,ANE,EN,Federal Contract Tower,0,2,21,0,23,0,6,88,1,95,0,8,109,1,118,128,0,128,246
04/20/2008,ORH,MA,ANE,EN,Federal Contract Tower,0,1,7,0,8,0,6,44,0,50,0,7,51,0,58,112,0,112,170
04/21/2008,ORH,MA,ANE,EN,Federal Contract Tower,0,2,21,0,23,0,10,54,0,64,0,12,75,0,87,74,0,74,161
04/22/2008,ORH,MA,ANE,EN,Federal Contract Tower,0,1,10,0,11,0,14,106,2,122,0,15,116,2,133,78,0,78,211
04/23/2008,ORH,MA,ANE,EN,Federal Contract Tower,0,3,20,0,23,0,4,91,5,100,0,7,111,5,123,94,12,106,229
04/24/2008,ORH,MA,ANE,EN,Federal Contract Tower,0,2,4,4,10,0,5,81,1,87,0,7,85,5,97,78,0,78,175
04/25/2008,ORH,MA,ANE,EN,Federal Contract Tower,0,4,19,0,23,0,11,99,5,115,0,15,118,5,138,118,4,122,260
04/26/2008,ORH,MA,ANE,EN,Federal Contract Tower,0,1,21,0,22,0,12,87,0,99,0,13,108,0,121,128,0,128,249
04/27/2008,ORH,MA,ANE,EN,Federal Contract Tower,2,7,28,0,37,0,5,43,0,48,2,12,71,0,85,68,0,68,153
04/28/2008,ORH,MA,ANE,EN,Federal Contract Tower,0,1,6,0,7,0,0,0,0,0,0,1,6,0,7,0,0,0,7
04/29/2008,ORH,MA,ANE,EN,Federal Contract Tower,2,2,8,0,12,0,1,10,0,11,2,3,18,0,23,0,0,0,23
04/30/2008,ORH,MA,ANE,EN,Federal Contract Tower,0,1,13,0,14,0,0,58,8,66,0,1,71,8,80,102,0,102,182
05/01/2008,ORH,MA,ANE,EN,Federal Contract Tower,0,13,4,0,17,0,0,94,4,98,0,13,98,4,115,68,0,68,183
05/02/2008,ORH,MA,ANE,EN,Federal Contract Tower,0,8,12,0,20,0,11,28,0,39,0,19,40,0,59,22,0,22,81
05/03/2008,ORH,MA,ANE,EN,Federal Contract Tower,0,3,7,0,10,0,3,26,0,29,0,6,33,0,39,32,0,32,71
05/04/2008,ORH,MA,ANE,EN,Federal Contract Tower,0,2,8,0,10,0,1,2,0,3,0,3,10,0,13,0,0,0,13
05/05/2008,ORH,MA,ANE,EN,Federal Contract Tower,0,2,20,0,22,0,16,69,0,85,0,18,89,0,107,64,0,64,171
05/06/2008,ORH,MA,ANE,EN,Federal Contract Tower,0,2,26,2,30,0,14,55,0,69,0,16,81,2,99,120,0,120,219
05/07/2008,ORH,MA,ANE,EN,Federal Contract Tower,0,0,28,0,28,0,13,78,0,91,0,13,106,0,119,108,0,108,227
05/08/2008,ORH,MA,ANE,EN,Federal Contract Tower,0,1,2,2,5,0,9,43,0,52,0,10,45,2,57,34,2,36,93
05/09/2008,ORH,MA,ANE,EN,Federal Contract Tower,0,3,5,2,10,0,4,24,2,30,0,7,29,4,40,38,0,38,78
05/10/2008,ORH,MA,ANE,EN,Federal Contract Tower,0,1,7,1,9,0,4,37,1,42,0,5,44,2,51,104,0,104,155
05/11/2008,ORH,MA,ANE,EN,Federal Contract Tower,0,0,12,0,12,0,7,45,0,52,0,7,57,0,64,110,0,110,174
05/12/2008,ORH,MA,ANE,EN,Federal Contract Tower,0,5,7,0,12,0,0,9,0,9,0,5,16,0,21,0,0,0,21
05/13/2008,ORH,MA,ANE,EN,Federal Contract Tower,0,1,13,8,22,0,1,54,2,57,0,2,67,10,79,86,0,86,165
05/14/2008,ORH,MA,ANE,EN,Federal Contract Tower,0,9,24,0,33,0,9,73,0,82,0,18,97,0,115,92,0,92,207
05/15/2008,ORH,MA,ANE,EN,Federal Contract Tower,0,1,16,0,17,0,9,64,0,73,0,10,80,0,90,104,0,104,194
05/16/2008,ORH,MA,ANE,EN,Federal Contract Tower,0,0,25,4,29,0,6,47,0,53,0,6,72,4,82,50,4,54,136
05/17/2008,ORH,MA,ANE,EN,Federal Contract Tower,0,0,9,0,9,0,8,22,0,30,0,8,31,0,39,68,0,68,107
05/18/2008,ORH,MA,ANE,EN,Federal Contract Tower,0,2,26,0,28,0,8,29,0,37,0,10,55,0,65,82,0,82,147
05/19/2008,ORH,MA,ANE,EN,Federal Contract Tower,0,0,6,0,6,0,0,26,0,26,0,0,32,0,32,38,0,38,70
05/20/2008,ORH,MA,ANE,EN,Federal Contract Tower,0,2,9,4,15,0,6,64,2,72,0,8,73,6,87,92,2,94,181
05/21/2008,ORH,MA,ANE,EN,Federal Contract Tower,0,5,12,0,17,0,6,73,2,81,0,11,85,2,98,86,12,98,196
05/22/2008,ORH,MA,ANE,EN,Federal Contract Tower,0,2,6,0,8,0,5,66,0,71,0,7,72,0,79,58,0,58,137
05/23/2008,ORH,MA,ANE,EN,Federal Contract Tower,0,1,11,0,12,0,5,68,0,73,0,6,79,0,85,98,0,98,183
05/24/2008,ORH,MA,ANE,EN,Federal Contract Tower,0,0,2,0,2,0,8,65,0,73,0,8,67,0,75,112,0,112,187
05/25/2008,ORH,MA,ANE,EN,Federal Contract Tower,0,4,10,0,14,0,14,90,0,104,0,18,100,0,118,50,0,50,168
05/26/2008,ORH,MA,ANE,EN,Federal Contract Tower,0,2,6,0,8,0,11,79,4,94,0,13,85,4,102,32,4,36,138
05/27/2008,ORH,MA,ANE,EN,Federal Contract Tower,0,1,12,0,13,0,4,34,0,38,0,5,46,0,51,34,0,34,85
05/28/2008,ORH,MA,ANE,EN,Federal Contract Tower,0,5,21,2,28,0,1,80,4,85,0,6,101,6,113,72,0,72,185
05/29/2008,ORH,MA,ANE,EN,Federal Contract Tower,0,2,14,0,16,0,3,58,0,61,0,5,72,0,77,80,0,80,157
05/30/2008,ORH,MA,ANE,EN,Federal Contract Tower,0,4,11,0,15,0,4,65,2,71,0,8,76,2,86,108,0,108,194
05/31/2008,ORH,MA,ANE,EN,Federal Contract Tower,0,3,4,0,7,0,1,18,0,19,0,4,22,0,26,22,0,22,48
06/01/2008,ORH,MA,ANE,EN,Federal Contract Tower,0,1,19,0,20,0,11,83,0,94,0,12,102,0,114,88,0,88,202
06/02/2008,ORH,MA,ANE,EN,Federal Contract Tower,0,1,9,0,10,0,6,66,1,73,0,7,75,1,83,50,0,50,133
06/03/2008,ORH,MA,ANE,EN,Federal Contract Tower,0,0,10,0,10,0,4,50,0,54,0,4,60,0,64,58,0,58,122
06/04/2008,ORH,MA,ANE,EN,Federal Contract Tower,0,2,10,4,16,0,2,3,0,5,0,4,13,4,21,0,0,0,21
06/05/2008,ORH,MA,ANE,EN,Federal Contract Tower,0,1,27,0,28,0,0,0,0,0,0,1,27,0,28,0,0,0,28
06/06/2008,ORH,MA,ANE,EN,Federal Contract Tower,0,4,21,0,25,0,0,0,0,0,0,4,21,0,25,0,0,0,25
06/07/2008,ORH,MA,ANE,EN,Federal Contract Tower,0,1,16,0,17,0,5,50,0,55,0,6,66,0,72,54,0,54,126
06/08/2008,ORH,MA,ANE,EN,Federal Contract Tower,2,5,5,0,12,0,12,83,0,95,2,17,88,0,107,92,0,92,199
06/09/2008,ORH,MA,ANE,EN,Federal Contract Tower,0,10,22,0,32,2,18,56,0,76,2,28,78,0,108,64,0,64,172
06/10/2008,ORH,MA,ANE,EN,Federal Contract Tower,0,3,21,0,24,0,4,60,0,64,0,7,81,0,88,92,0,92,180
06/11/2008,ORH,MA,ANE,EN,Federal Contract Tower,0,1,2,0,3,0,4,72,0,76,0,5,74,0,79,102,0,102,181
06/12/2008,ORH,MA,ANE,EN,Federal Contract Tower,0,3,15,0,18,0,2,65,2,69,0,5,80,2,87,108,2,110,197
06/13/2008,ORH,MA,ANE,EN,Federal Contract Tower,0,0,11,0,11,0,16,67,0,83,0,16,78,0,94,110,0,110,204
06/14/2008,ORH,MA,ANE,EN,Federal Contract Tower,0,0,11,0,11,0,8,59,2,69,0,8,70,2,80,76,0,76,156
06/15/2008,ORH,MA,ANE,EN,Federal Contract Tower,0,2,9,0,11,0,0,0,0,0,0,2,9,0,11,0,0,0,11
06/16/2008,ORH,MA,ANE,EN,Federal Contract Tower,0,7,14,0,21,0,0,1,0,1,0,7,15,0,22,0,0,0,22
06/17/2008,ORH,MA,ANE,EN,Federal Contract Tower,0,0,16,0,16,0,2,41,0,43,0,2,57,0,59,20,0,20,79
06/18/2008,ORH,MA,ANE,EN,Federal Contract Tower,0,1,44,2,47,0,7,45,0,52,0,8,89,2,99,102,0,102,201
06/19/2008,ORH,MA,ANE,EN,Federal Contract Tower,0,1,32,0,33,0,8,95,0,103,0,9,127,0,136,66,0,66,202
06/20/2008,ORH,MA,ANE,EN,Federal Contract Tower,0,6,20,0,26,0,0,65,0,65,0,6,85,0,91,68,0,68,159
06/21/2008,ORH,MA,ANE,EN,Federal Contract Tower,0,5,28,3,36,0,13,95,0,108,0,18,123,3,144,84,6,90,234
06/22/2008,ORH,MA,ANE,EN,Federal Contract Tower,0,4,13,0,17,0,0,16,2,18,0,4,29,2,35,0,0,0,35
06/23/2008,ORH,MA,ANE,EN,Federal Contract Tower,0,0,6,0,6,0,0,0,0,0,0,0,6,0,6,0,0,0,6
06/24/2008,ORH,MA,ANE,EN,Federal Contract Tower,0,3,12,2,17,0,0,41,0,41,0,3,53,2,58,46,0,46,104
06/25/2008,ORH,MA,ANE,EN,Federal Contract Tower,0,0,35,0,35,0,10,73,0,83,0,10,108,0,118,86,0,86,204
06/26/2008,ORH,MA,ANE,EN,Federal Contract Tower,0,0,27,2,29,0,2,40,3,45,0,2,67,5,74,4,0,4,78
06/27/2008,ORH,MA,ANE,EN,Federal Contract Tower,0,2,21,0,23,0,2,82,0,84,0,4,103,0,107,48,0,48,155
06/28/2008,ORH,MA,ANE,EN,Federal Contract Tower,0,0,26,0,26,0,0,2,0,2,0,0,28,0,28,0,0,0,28
06/29/2008,ORH,MA,ANE,EN,Federal Contract Tower,0,2,22,0,24,0,0,20,0,20,0,2,42,0,44,10,0,10,54
06/30/2008,ORH,MA,ANE,EN,Federal Contract Tower,0,3,12,0,15,0,4,61,0,65,0,7,73,0,80,42,0,42,122
07/01/2008,ORH,MA,ANE,EN,Federal Contract Tower,0,3,19,0,22,0,2,57,1,60,0,5,76,1,82,16,0,16,98
07/02/2008,ORH,MA,ANE,EN,Federal Contract Tower,0,5,20,0,25,0,10,59,0,69,0,15,79,0,94,54,0,54,148
07/03/2008,ORH,MA,ANE,EN,Federal Contract Tower,0,2,10,0,12,0,2,84,0,86,0,4,94,0,98,52,0,52,150
07/04/2008,ORH,MA,ANE,EN,Federal Contract Tower,0,0,17,0,17,0,0,0,0,0,0,0,17,0,17,0,0,0,17
07/05/2008,ORH,MA,ANE,EN,Federal Contract Tower,0,4,11,0,15,0,0,42,0,42,0,4,53,0,57,0,0,0,57
07/06/2008,ORH,MA,ANE,EN,Federal Contract Tower,0,3,8,0,11,0,13,84,0,97,0,16,92,0,108,30,0,30,138
07/07/2008,ORH,MA,ANE,EN,Federal Contract Tower,0,1,8,2,11,0,0,52,0,52,0,1,60,2,63,20,0,20,83
07/08/2008,ORH,MA,ANE,EN,Federal Contract Tower,0,1,10,0,11,0,0,47,0,47,0,1,57,0,58,37,0,37,95
07/09/2008,ORH,MA,ANE,EN,Federal Contract Tower,0,0,10,2,12,0,6,49,0,55,0,6,59,2,67,66,0,66,133
07/10/2008,ORH,MA,ANE,EN,Federal Contract Tower,0,5,32,0,37,0,6,82,0,88,0,11,114,0,125,54,0,54,179
07/11/2008,ORH,MA,ANE,EN,Federal Contract Tower,0,5,39,0,44,0,4,95,2,101,0,9,134,2,145,72,0,72,217
07/12/2008,ORH,MA,ANE,EN,Federal Contract Tower,0,0,19,0,19,0,12,85,0,97,0,12,104,0,116,84,0,84,200
07/13/2008,ORH,MA,ANE,EN,Federal Contract Tower,0,3,16,0,19,0,15,63,0,78,0,18,79,0,97,46,2,48,145
07/14/2008,ORH,MA,ANE,EN,Federal Contract Tower,0,0,10,0,10,0,4,49,0,53,0,4,59,0,63,34,0,34,97
07/15/2008,ORH,MA,ANE,EN,Federal Contract Tower,0,2,18,0,20,0,2,87,0,89,0,4,105,0,109,76,0,76,185
07/16/2008,ORH,MA,ANE,EN,Federal Contract Tower,0,0,24,0,24,0,0,87,7,94,0,0,111,7,118,86,0,86,204
07/17/2008,ORH,MA,ANE,EN,Federal Contract Tower,0,0,16,0,16,0,4,87,2,93,0,4,103,2,109,86,0,86,195
07/18/2008,ORH,MA,ANE,EN,Federal Contract Tower,0,4,12,0,16,0,10,94,0,104,0,14,106,0,120,66,0,66,186
07/19/2008,ORH,MA,ANE,EN,Federal Contract Tower,0,0,27,0,27,0,3,59,0,62,0,3,86,0,89,46,0,46,135
07/20/2008,ORH,MA,ANE,EN,Federal Contract Tower,0,4,11,0,15,0,7,83,0,90,0,11,94,0,105,80,0,80,185
07/21/2008,ORH,MA,ANE,EN,Federal Contract Tower,0,7,19,0,26,0,5,81,6,92,0,12,100,6,118,64,0,64,182
07/22/2008,ORH,MA,ANE,EN,Federal Contract Tower,0,4,19,0,23,0,10,76,0,86,0,14,95,0,109,16,2,18,127
07/23/2008,ORH,MA,ANE,EN,Federal Contract Tower,0,4,8,0,12,0,0,0,0,0,0,4,8,0,12,0,0,0,12
07/24/2008,ORH,MA,ANE,EN,Federal Contract Tower,0,2,5,0,7,0,0,0,0,0,0,2,5,0,7,0,0,0,7
07/25/2008,ORH,MA,ANE,EN,Federal Contract Tower,0,4,29,0,33,0,7,93,0,100,0,11,122,0,133,68,0,68,201
07/26/2008,ORH,MA,ANE,EN,Federal Contract Tower,0,0,14,0,14,0,11,93,0,104,0,11,107,0,118,82,0,82,200
07/27/2008,ORH,MA,ANE,EN,Federal Contract Tower,0,1,14,0,15,0,6,27,0,33,0,7,41,0,48,24,0,24,72
07/28/2008,ORH,MA,ANE,EN,Federal Contract Tower,0,9,13,0,22,0,0,79,0,79,0,9,92,0,101,56,0,56,157
07/29/2008,ORH,MA,ANE,EN,Federal Contract Tower,0,11,7,0,18,0,10,76,9,95,0,21,83,9,113,86,0,86,199
07/30/2008,ORH,MA,ANE,EN,Federal Contract Tower,0,7,20,0,27,0,11,67,0,78,0,18,87,0,105,86,0,86,191
07/31/2008,ORH,MA,ANE,EN,Federal Contract Tower,0,3,18,0,21,0,0,48,0,48,0,3,66,0,69,94,0,94,163
08/01/2008,ORH,MA,ANE,EN,Federal Contract Tower,0,3,16,0,19,0,7,91,0,98,0,10,107,0,117,76,0,76,193
08/02/2008,ORH,MA,ANE,EN,Federal Contract Tower,0,0,26,0,26,0,4,53,0,57,0,4,79,0,83,62,0,62,145
08/03/2008,ORH,MA,ANE,EN,Federal Contract Tower,2,1,7,0,10,0,6,92,0,98,2,7,99,0,108,60,0,60,168
08/04/2008,ORH,MA,ANE,EN,Federal Contract Tower,0,0,18,0,18,0,4,78,7,89,0,4,96,7,107,28,0,28,135
08/05/2008,ORH,MA,ANE,EN,Federal Contract Tower,0,6,17,0,23,0,5,76,19,100,0,11,93,19,123,84,2,86,209
08/06/2008,ORH,MA,ANE,EN,Federal Contract Tower,0,3,11,0,14,0,0,0,0,0,0,3,11,0,14,0,0,0,14
08/07/2008,ORH,MA,ANE,EN,Federal Contract Tower,1,1,23,3,28,0,0,45,1,46,1,1,68,4,74,70,0,70,144
08/08/2008,ORH,MA,ANE,EN,Federal Contract Tower,0,6,13,0,19,0,2,62,0,64,0,8,75,0,83,0,32,32,115
08/09/2008,ORH,MA,ANE,EN,Federal Contract Tower,0,3,22,0,25,0,3,91,1,95,0,6,113,1,120,90,0,90,210
08/10/2008,ORH,MA,ANE,EN,Federal Contract Tower,0,0,8,0,8,0,2,80,6,88,0,2,88,6,96,56,0,56,152
08/11/2008,ORH,MA,ANE,EN,Federal Contract Tower,0,2,8,0,10,0,0,0,0,0,0,2,8,0,10,0,0,0,10
08/12/2008,ORH,MA,ANE,EN,Federal Contract Tower,0,3,16,2,21,0,7,62,4,73,0,10,78,6,94,36,0,36,130
08/13/2008,ORH,MA,ANE,EN,Federal Contract Tower,0,2,8,0,10,0,4,102,0,106,0,6,110,0,116,156,0,156,272
08/14/2008,ORH,MA,ANE,EN,Federal Contract Tower,0,1,25,0,26,0,4,84,0,88,0,5,109,0,114,100,0,100,214
08/15/2008,ORH,MA,ANE,EN,Federal Contract Tower,0,2,12,0,14,0,3,50,0,53,0,5,62,0,67,66,0,66,133
08/16/2008,ORH,MA,ANE,EN,Federal Contract Tower,0,0,22,0,22,0,4,90,0,94,0,4,112,0,116,60,0,60,176
08/17/2008,ORH,MA,ANE,EN,Federal Contract Tower,0,4,13,0,17,0,21,115,0,136,0,25,128,0,153,70,0,70,223
08/18/2008,ORH,MA,ANE,EN,Federal Contract Tower,0,3,19,0,22,0,9,96,0,105,0,12,115,0,127,48,0,48,175
08/19/2008,ORH,MA,ANE,EN,Federal Contract Tower,0,5,22,0,27,0,12,85,0,97,0,17,107,0,124,62,0,62,186
08/20/2008,ORH,MA,ANE,EN,Federal Contract Tower,0,4,39,0,43,0,5,83,0,88,0,9,122,0,131,96,0,96,227
08/21/2008,ORH,MA,ANE,EN,Federal Contract Tower,0,7,31,2,40,0,6,75,2,83,0,13,106,4,123,100,18,118,241
08/22/2008,ORH,MA,ANE,EN,Federal Contract Tower,0,1,33,4,38,0,5,86,0,91,0,6,119,4,129,86,14,100,229
08/23/2008,ORH,MA,ANE,EN,Federal Contract Tower,0,0,12,0,12,0,9,88,0,97,0,9,100,0,109,92,0,92,201
08/24/2008,ORH,MA,ANE,EN,Federal Contract Tower,0,2,19,0,21,0,16,68,0,84,0,18,87,0,105,48,0,48,153
08/25/2008,ORH,MA,ANE,EN,Federal Contract Tower,0,7,11,0,18,0,5,69,2,76,0,12,80,2,94,40,4,44,138
08/26/2008,ORH,MA,ANE,EN,Federal Contract Tower,0,4,14,0,18,0,7,90,0,97,0,11,104,0,115,74,0,74,189
08/27/2008,ORH,MA,ANE,EN,Federal Contract Tower,0,2,23,0,25,0,5,69,0,74,0,7,92,0,99,80,0,80,179
08/28/2008,ORH,MA,ANE,EN,Federal Contract Tower,0,0,16,0,16,0,3,76,2,81,0,3,92,2,97,106,2,108,205
08/29/2008,ORH,MA,ANE,EN,Federal Contract Tower,0,4,19,0,23,0,12,89,0,101,0,16,108,0,124,86,0,86,210
08/30/2008,ORH,MA,ANE,EN,Federal Contract Tower,0,0,20,0,20,0,2,53,0,55,0,2,73,0,75,30,0,30,105
08/31/2008,ORH,MA,ANE,EN,Federal Contract Tower,0,1,7,0,8,0,6,101,0,107,0,7,108,0,115,82,0,82,197
09/01/2008,ORH,MA,ANE,EN,Federal Contract Tower,0,5,4,0,9,0,12,112,0,124,0,17,116,0,133,52,0,52,185
09/02/2008,ORH,MA,ANE,EN,Federal Contract Tower,0,2,9,0,11,0,1,68,0,69,0,3,77,0,80,64,0,64,144
09/03/2008,ORH,MA,ANE,EN,Federal Contract Tower,0,4,19,0,23,0,2,64,0,66,0,6,83,0,89,62,10,72,161
09/04/2008,ORH,MA,ANE,EN,Federal Contract Tower,0,1,17,0,18,0,0,54,1,55,0,1,71,1,73,80,0,80,153
09/05/2008,ORH,MA,ANE,EN,Federal Contract Tower,0,2,7,0,9,0,0,72,0,72,0,2,79,0,81,44,4,48,129
09/06/2008,ORH,MA,ANE,EN,Federal Contract Tower,0,0,23,0,23,0,0,4,0,4,0,0,27,0,27,2,0,2,29
09/07/2008,ORH,MA,ANE,EN,Federal Contract Tower,0,2,9,0,11,0,4,75,0,79,0,6,84,0,90,52,0,52,142
09/08/2008,ORH,MA,ANE,EN,Federal Contract Tower,0,0,26,0,26,0,3,71,1,75,0,3,97,1,101,64,0,64,165
09/09/2008,ORH,MA,ANE,EN,Federal Contract Tower,0,0,9,0,9,0,0,0,0,0,0,0,9,0,9,0,0,0,9
09/10/2008,ORH,MA,ANE,EN,Federal Contract Tower,0,0,6,4,10,0,4,65,2,71,0,4,71,6,81,68,22,90,171
09/11/2008,ORH,MA,ANE,EN,Federal Contract Tower,0,4,19,0,23,0,0,76,10,86,0,4,95,10,109,68,0,68,177
09/12/2008,ORH,MA,ANE,EN,Federal Contract Tower,0,0,18,0,18,0,0,0,0,0,0,0,18,0,18,44,0,44,62
09/13/2008,ORH,MA,ANE,EN,Federal Contract Tower,0,0,13,0,13,0,0,52,0,52,0,0,65,0,65,42,0,42,107
09/14/2008,ORH,MA,ANE,EN,Federal Contract Tower,0,2,1,0,3,0,0,0,0,0,0,2,1,0,3,0,0,0,3
09/15/2008,ORH,MA,ANE,EN,Federal Contract Tower,0,3,7,0,10,0,0,68,0,68,0,3,75,0,78,36,0,36,114
09/16/2008,ORH,MA,ANE,EN,Federal Contract Tower,0,0,11,0,11,0,0,74,0,74,0,0,85,0,85,60,0,60,145
09/17/2008,ORH,MA,ANE,EN,Federal Contract Tower,0,2,5,0,7,0,0,78,0,78,0,2,83,0,85,72,10,82,167
09/18/2008,ORH,MA,ANE,EN,Federal Contract Tower,0,3,19,3,25,0,2,60,1,63,0,5,79,4,88,58,0,58,146
09/19/2008,ORH,MA,ANE,EN,Federal Contract Tower,0,0,11,0,11,0,0,106,0,106,0,0,117,0,117,58,4,62,179
09/20/2008,ORH,MA,ANE,EN,Federal Contract Tower,0,0,14,0,14,0,4,82,0,86,0,4,96,0,100,86,0,86,186
09/21/2008,ORH,MA,ANE,EN,Federal Contract Tower,0,0,12,3,15,0,4,103,0,107,0,4,115,3,122,78,4,82,204
09/22/2008,ORH,MA,ANE,EN,Federal Contract Tower,0,0,21,0,21,0,0,21,0,21,0,0,42,0,42,6,0,6,48
09/23/2008,ORH,MA,ANE,EN,Federal Contract Tower,0,0,15,0,15,0,1,74,2,77,0,1,89,2,92,92,0,92,184
09/24/2008,ORH,MA,ANE,EN,Federal Contract Tower,0,0,23,0,23,0,4,65,1,70,0,4,88,1,93,64,0,64,157
09/25/2008,ORH,MA,ANE,EN,Federal Contract Tower,0,1,6,0,7,0,2,61,0,63,0,3,67,0,70,78,0,78,148
09/26/2008,ORH,MA,ANE,EN,Federal Contract Tower,0,1,1,0,2,0,0,0,0,0,0,1,1,0,2,0,0,0,2
09/27/2008,ORH,MA,ANE,EN,Federal Contract Tower,0,0,0,0,0,0,0,0,0,0,0,0,0,0,0,0,0,0,0
09/28/2008,ORH,MA,ANE,EN,Federal Contract Tower,0,2,5,0,7,0,1,9,0,10,0,3,14,0,17,4,0,4,21
09/29/2008,ORH,MA,ANE,EN,Federal Contract Tower,0,3,17,0,20,0,0,73,0,73,0,3,90,0,93,2,64,66,159
09/30/2008,ORH,MA,ANE,EN,Federal Contract Tower,0,2,24,2,28,0,2,39,2,43,0,4,63,4,71,42,0,42,113
10/01/2008,ORH,MA,ANE,EN,Federal Contract Tower,0,1,5,0,6,0,0,21,0,21,0,1,26,0,27,18,0,18,45
10/02/2008,ORH,MA,ANE,EN,Federal Contract Tower,0,2,12,0,14,0,1,71,0,72,0,3,83,0,86,12,0,12,98
10/03/2008,ORH,MA,ANE,EN,Federal Contract Tower,0,0,24,4,28,0,6,71,0,77,0,6,95,4,105,8,0,8,113
10/04/2008,ORH,MA,ANE,EN,Federal Contract Tower,0,2,6,0,8,0,0,82,0,82,0,2,88,0,90,36,0,36,126
10/05/2008,ORH,MA,ANE,EN,Federal Contract Tower,0,1,22,0,23,0,4,78,4,86,0,5,100,4,109,70,0,70,179
10/06/2008,ORH,MA,ANE,EN,Federal Contract Tower,0,0,6,0,6,0,2,92,0,94,0,2,98,0,100,82,0,82,182
10/07/2008,ORH,MA,ANE,EN,Federal Contract Tower,0,0,16,0,16,0,1,85,0,86,0,1,101,0,102,54,0,54,156
10/08/2008,ORH,MA,ANE,EN,Federal Contract Tower,0,0,21,0,21,0,0,68,0,68,0,0,89,0,89,28,0,28,117
10/09/2008,ORH,MA,ANE,EN,Federal Contract Tower,0,2,15,0,17,0,3,45,0,48,0,5,60,0,65,14,0,14,79
10/10/2008,ORH,MA,ANE,EN,Federal Contract Tower,0,2,23,0,25,0,4,80,0,84,0,6,103,0,109,42,0,42,151
10/11/2008,ORH,MA,ANE,EN,Federal Contract Tower,0,0,34,0,34,0,5,76,0,81,0,5,110,0,115,68,0,68,183
10/12/2008,ORH,MA,ANE,EN,Federal Contract Tower,0,1,6,0,7,0,9,92,0,101,0,10,98,0,108,66,0,66,174
10/13/2008,ORH,MA,ANE,EN,Federal Contract Tower,0,6,14,0,20,0,0,67,0,67,0,6,81,0,87,38,0,38,125
10/14/2008,ORH,MA,ANE,EN,Federal Contract Tower,0,4,11,0,15,0,4,77,0,81,0,8,88,0,96,16,0,16,112
10/15/2008,ORH,MA,ANE,EN,Federal Contract Tower,0,3,15,0,18,0,4,68,1,73,0,7,83,1,91,62,0,62,153
10/16/2008,ORH,MA,ANE,EN,Federal Contract Tower,0,3,15,0,18,0,0,6,0,6,0,3,21,0,24,0,0,0,24
10/17/2008,ORH,MA,ANE,EN,Federal Contract Tower,0,1,9,0,10,0,2,86,0,88,0,3,95,0,98,76,0,76,174
10/18/2008,ORH,MA,ANE,EN,Federal Contract Tower,0,2,9,2,13,0,0,99,0,99,0,2,108,2,112,50,0,50,162
10/19/2008,ORH,MA,ANE,EN,Federal Contract Tower,0,3,4,0,7,0,5,64,0,69,0,8,68,0,76,26,0,26,102
10/20/2008,ORH,MA,ANE,EN,Federal Contract Tower,0,6,3,0,9,0,4,95,0,99,0,10,98,0,108,80,0,80,188
10/21/2008,ORH,MA,ANE,EN,Federal Contract Tower,0,1,11,0,12,0,0,68,1,69,0,1,79,1,81,20,0,20,101
10/22/2008,ORH,MA,ANE,EN,Federal Contract Tower,0,3,7,0,10,0,2,22,0,24,0,5,29,0,34,8,0,8,42
10/23/2008,ORH,MA,ANE,EN,Federal Contract Tower,0,0,17,0,17,0,4,64,0,68,0,4,81,0,85,28,0,28,113
10/24/2008,ORH,MA,ANE,EN,Federal Contract Tower,0,0,11,0,11,0,2,88,0,90,0,2,99,0,101,44,0,44,145
10/25/2008,ORH,MA,ANE,EN,Federal Contract Tower,0,2,16,0,18,0,0,58,0,58,0,2,74,0,76,46,0,46,122
10/26/2008,ORH,MA,ANE,EN,Federal Contract Tower,0,0,13,0,13,0,2,75,2,79,0,2,88,2,92,40,2,42,134
10/27/2008,ORH,MA,ANE,EN,Federal Contract Tower,0,2,13,0,15,0,6,64,0,70,0,8,77,0,85,50,0,50,135
10/28/2008,ORH,MA,ANE,EN,Federal Contract Tower,0,1,10,0,11,0,0,0,0,0,0,1,10,0,11,0,0,0,11
10/29/2008,ORH,MA,ANE,EN,Federal Contract Tower,0,3,0,3,6,0,0,11,6,17,0,3,11,9,23,0,0,0,23
10/30/2008,ORH,MA,ANE,EN,Federal Contract Tower,0,3,7,0,10,0,9,65,2,76,0,12,72,2,86,58,0,58,144
10/31/2008,ORH,MA,ANE,EN,Federal Contract Tower,0,2,9,1,12,0,2,67,0,69,0,4,76,1,81,60,0,60,141
11/01/2008,ORH,MA,ANE,EN,Federal Contract Tower,0,0,3,0,3,0,4,59,0,63,0,4,62,0,66,72,0,72,138
11/02/2008,ORH,MA,ANE,EN,Federal Contract Tower,0,2,13,0,15,0,3,85,0,88,0,5,98,0,103,58,0,58,161
11/03/2008,ORH,MA,ANE,EN,Federal Contract Tower,0,2,11,0,13,0,3,50,0,53,0,5,61,0,66,0,0,0,66
11/04/2008,ORH,MA,ANE,EN,Federal Contract Tower,0,2,6,0,8,0,0,63,0,63,0,2,69,0,71,50,0,50,121
11/05/2008,ORH,MA,ANE,EN,Federal Contract Tower,0,3,17,0,20,0,0,59,0,59,0,3,76,0,79,64,0,64,143
11/06/2008,ORH,MA,ANE,EN,Federal Contract Tower,0,0,10,0,10,0,0,0,0,0,0,0,10,0,10,0,0,0,10
11/07/2008,ORH,MA,ANE,EN,Federal Contract Tower,0,2,3,0,5,0,0,0,0,0,0,2,3,0,5,0,0,0,5
11/08/2008,ORH,MA,ANE,EN,Federal Contract Tower,0,0,10,0,10,0,0,0,0,0,0,0,10,0,10,2,0,2,12
11/09/2008,ORH,MA,ANE,EN,Federal Contract Tower,0,0,10,0,10,0,3,73,0,76,0,3,83,0,86,66,0,66,152
11/10/2008,ORH,MA,ANE,EN,Federal Contract Tower,0,0,14,0,14,0,1,77,3,81,0,1,91,3,95,90,0,90,185
11/11/2008,ORH,MA,ANE,EN,Federal Contract Tower,0,1,7,0,8,0,0,63,0,63,0,1,70,0,71,28,0,28,99
11/12/2008,ORH,MA,ANE,EN,Federal Contract Tower,0,1,16,0,17,0,4,73,0,77,0,5,89,0,94,62,0,62,156
11/13/2008,ORH,MA,ANE,EN,Federal Contract Tower,0,2,6,4,12,0,0,27,0,27,0,2,33,4,39,26,0,26,65
11/14/2008,ORH,MA,ANE,EN,Federal Contract Tower,0,0,1,0,1,0,0,0,0,0,0,0,1,0,1,0,0,0,1
11/15/2008,ORH,MA,ANE,EN,Federal Contract Tower,0,0,2,0,2,0,0,0,0,0,0,0,2,0,2,0,0,0,2
11/16/2008,ORH,MA,ANE,EN,Federal Contract Tower,0,0,3,0,3,0,3,14,3,20,0,3,17,3,23,10,0,10,33
11/17/2008,ORH,MA,ANE,EN,Federal Contract Tower,0,0,16,0,16,0,2,58,0,60,0,2,74,0,76,46,0,46,122
11/18/2008,ORH,MA,ANE,EN,Federal Contract Tower,0,0,8,0,8,0,0,57,0,57,0,0,65,0,65,20,0,20,85
11/19/2008,ORH,MA,ANE,EN,Federal Contract Tower,0,2,17,0,19,0,2,68,0,70,0,4,85,0,89,52,6,58,147
11/20/2008,ORH,MA,ANE,EN,Federal Contract Tower,0,6,18,0,24,0,4,68,2,74,0,10,86,2,98,42,0,42,140
11/21/2008,ORH,MA,ANE,EN,Federal Contract Tower,0,4,13,0,17,0,2,58,0,60,0,6,71,0,77,76,0,76,153
11/22/2008,ORH,MA,ANE,EN,Federal Contract Tower,4,0,14,1,19,0,2,50,0,52,4,2,64,1,71,24,0,24,95
11/23/2008,ORH,MA,ANE,EN,Federal Contract Tower,4,1,5,0,10,0,8,82,0,90,4,9,87,0,100,58,0,58,158
11/24/2008,ORH,MA,ANE,EN,Federal Contract Tower,0,2,12,0,14,0,4,84,2,90,0,6,96,2,104,84,0,84,188
11/25/2008,ORH,MA,ANE,EN,Federal Contract Tower,0,0,7,0,7,0,0,1,0,1,0,0,8,0,8,0,0,0,8
11/26/2008,ORH,MA,ANE,EN,Federal Contract Tower,0,2,13,0,15,0,4,53,0,57,0,6,66,0,72,64,0,64,136
11/27/2008,ORH,MA,ANE,EN,Federal Contract Tower,4,1,6,0,11,0,0,49,0,49,4,1,55,0,60,20,0,20,80
11/28/2008,ORH,MA,ANE,EN,Federal Contract Tower,0,0,10,0,10,0,3,43,0,46,0,3,53,0,56,38,0,38,94
11/29/2008,ORH,MA,ANE,EN,Federal Contract Tower,4,7,28,0,39,0,7,82,0,89,4,14,110,0,128,66,0,66,194
11/30/2008,ORH,MA,ANE,EN,Federal Contract Tower,2,1,8,0,11,0,4,35,0,39,2,5,43,0,50,30,0,30,80
12/01/2008,ORH,MA,ANE,EN,Federal Contract Tower,4,2,4,0,10,0,3,52,0,55,4,5,56,0,65,28,0,28,93
12/02/2008,ORH,MA,ANE,EN,Federal Contract Tower,0,1,23,0,24,0,0,78,0,78,0,1,101,0,102,66,0,66,168
12/03/2008,ORH,MA,ANE,EN,Federal Contract Tower,0,2,26,14,42,0,3,64,0,67,0,5,90,14,109,76,0,76,185
12/04/2008,ORH,MA,ANE,EN,Federal Contract Tower,4,1,3,0,8,0,4,50,2,56,4,5,53,2,64,16,2,18,82
12/05/2008,ORH,MA,ANE,EN,Federal Contract Tower,2,0,22,0,24,0,2,74,0,76,2,2,96,0,100,76,4,80,180
12/06/2008,ORH,MA,ANE,EN,Federal Contract Tower,4,1,19,0,24,0,2,75,0,77,4,3,94,0,101,82,0,82,183
12/07/2008,ORH,MA,ANE,EN,Federal Contract Tower,6,0,1,0,7,0,0,0,0,0,6,0,1,0,7,0,0,0,7
12/08/2008,ORH,MA,ANE,EN,Federal Contract Tower,0,3,18,0,21,0,5,80,0,85,0,8,98,0,106,52,0,52,158
12/09/2008,ORH,MA,ANE,EN,Federal Contract Tower,0,0,16,0,16,0,1,55,0,56,0,1,71,0,72,0,0,0,72
12/10/2008,ORH,MA,ANE,EN,Federal Contract Tower,0,0,6,0,6,0,0,0,0,0,0,0,6,0,6,0,0,0,6
12/11/2008,ORH,MA,ANE,EN,Federal Contract Tower,4,0,2,0,6,0,0,0,0,0,4,0,2,0,6,0,0,0,6
12/12/2008,ORH,MA,ANE,EN,Federal Contract Tower,0,0,6,0,6,0,0,9,0,9,0,0,15,0,15,0,0,0,15
12/13/2008,ORH,MA,ANE,EN,Federal Contract Tower,4,5,7,0,16,0,2,49,2,53,4,7,56,2,69,30,0,30,99
12/14/2008,ORH,MA,ANE,EN,Federal Contract Tower,4,3,6,0,13,0,10,67,0,77,4,13,73,0,90,58,0,58,148
12/15/2008,ORH,MA,ANE,EN,Federal Contract Tower,0,0,5,0,5,0,0,5,0,5,0,0,10,0,10,0,0,0,10
12/16/2008,ORH,MA,ANE,EN,Federal Contract Tower,0,4,14,0,18,0,0,62,0,62,0,4,76,0,80,8,0,8,88
12/17/2008,ORH,MA,ANE,EN,Federal Contract Tower,0,1,6,0,7,0,0,0,0,0,0,1,6,0,7,0,0,0,7
12/18/2008,ORH,MA,ANE,EN,Federal Contract Tower,4,7,21,0,32,0,1,71,0,72,4,8,92,0,104,60,0,60,164
12/19/2008,ORH,MA,ANE,EN,Federal Contract Tower,0,2,0,0,2,0,0,0,0,0,0,2,0,0,2,12,0,12,14
12/20/2008,ORH,MA,ANE,EN,Federal Contract Tower,4,0,2,0,6,0,0,0,0,0,4,0,2,0,6,0,0,0,6
12/21/2008,ORH,MA,ANE,EN,Federal Contract Tower,2,0,0,0,2,0,0,0,0,0,2,0,0,0,2,0,0,0,2
12/22/2008,ORH,MA,ANE,EN,Federal Contract Tower,1,2,0,4,7,0,0,0,0,0,1,2,0,4,7,0,0,0,7
12/23/2008,ORH,MA,ANE,EN,Federal Contract Tower,0,2,18,4,24,0,0,50,4,54,0,2,68,8,78,62,14,76,154
12/24/2008,ORH,MA,ANE,EN,Federal Contract Tower,0,0,2,0,2,0,0,0,0,0,0,0,2,0,2,0,0,0,2
12/25/2008,ORH,MA,ANE,EN,Federal Contract Tower,4,2,1,0,7,0,2,9,0,11,4,4,10,0,18,4,0,4,22
12/26/2008,ORH,MA,ANE,EN,Federal Contract Tower,0,0,16,0,16,0,4,55,0,59,0,4,71,0,75,44,0,44,119
12/27/2008,ORH,MA,ANE,EN,Federal Contract Tower,4,0,5,0,9,0,0,0,0,0,4,0,5,0,9,0,0,0,9
12/28/2008,ORH,MA,ANE,EN,Federal Contract Tower,4,2,12,0,18,0,2,19,0,21,4,4,31,0,39,4,0,4,43
12/29/2008,ORH,MA,ANE,EN,Federal Contract Tower,0,1,14,0,15,0,4,48,0,52,0,5,62,0,67,38,0,38,105
12/30/2008,ORH,MA,ANE,EN,Federal Contract Tower,0,0,1,0,1,0,0,14,0,14,0,0,15,0,15,2,0,2,17
12/31/2008,ORH,MA,ANE,EN,Federal Contract Tower,0,0,0,0,0,0,0,0,0,0,0,0,0,0,0,0,0,0,0
01/01/2009,ORH,MA,ANE,EN,Federal Contract Tower,4,0,0,0,4,0,0,9,0,9,4,0,9,0,13,8,0,8,21
01/02/2009,ORH,MA,ANE,EN,Federal Contract Tower,0,2,0,0,2,0,0,34,0,34,0,2,34,0,36,36,0,36,72
01/03/2009,ORH,MA,ANE,EN,Federal Contract Tower,4,0,12,0,16,0,0,37,0,37,4,0,49,0,53,10,0,10,63
01/04/2009,ORH,MA,ANE,EN,Federal Contract Tower,4,0,15,0,19,0,2,78,0,80,4,2,93,0,99,44,0,44,143
01/05/2009,ORH,MA,ANE,EN,Federal Contract Tower,0,0,5,0,5,0,3,28,0,31,0,3,33,0,36,2,0,2,38
01/06/2009,ORH,MA,ANE,EN,Federal Contract Tower,0,5,8,2,15,0,4,46,0,50,0,9,54,2,65,48,2,50,115
01/07/2009,ORH,MA,ANE,EN,Federal Contract Tower,0,0,0,0,0,0,0,0,0,0,0,0,0,0,0,0,0,0,0
01/08/2009,ORH,MA,ANE,EN,Federal Contract Tower,4,0,0,0,4,0,0,6,0,6,4,0,6,0,10,0,0,0,10
01/09/2009,ORH,MA,ANE,EN,Federal Contract Tower,0,0,7,0,7,0,3,76,0,79,0,3,83,0,86,26,0,26,112
01/10/2009,ORH,MA,ANE,EN,Federal Contract Tower,4,0,9,0,13,0,0,54,0,54,4,0,63,0,67,24,0,24,91
01/11/2009,ORH,MA,ANE,EN,Federal Contract Tower,4,0,0,0,4,0,3,1,0,4,4,3,1,0,8,0,0,0,8
01/12/2009,ORH,MA,ANE,EN,Federal Contract Tower,0,0,17,0,17,0,12,52,0,64,0,12,69,0,81,36,0,36,117
01/13/2009,ORH,MA,ANE,EN,Federal Contract Tower,0,0,11,0,11,0,1,51,0,52,0,1,62,0,63,16,0,16,79
01/14/2009,ORH,MA,ANE,EN,Federal Contract Tower,0,1,11,0,12,0,0,57,0,57,0,1,68,0,69,22,6,28,97
01/15/2009,ORH,MA,ANE,EN,Federal Contract Tower,4,2,4,0,10,0,0,46,0,46,4,2,50,0,56,4,8,12,68
01/16/2009,ORH,MA,ANE,EN,Federal Contract Tower,0,1,7,2,10,0,5,75,8,88,0,6,82,10,98,38,0,38,136
01/17/2009,ORH,MA,ANE,EN,Federal Contract Tower,4,1,7,0,12,0,2,43,0,45,4,3,50,0,57,40,0,40,97
01/18/2009,ORH,MA,ANE,EN,Federal Contract Tower,4,0,5,0,9,0,0,0,0,0,4,0,5,0,9,0,0,0,9
01/19/2009,ORH,MA,ANE,EN,Federal Contract Tower,0,0,3,0,3,0,2,6,0,8,0,2,9,0,11,0,0,0,11
01/20/2009,ORH,MA,ANE,EN,Federal Contract Tower,0,2,4,0,6,0,2,25,0,27,0,4,29,0,33,12,0,12,45
01/21/2009,ORH,MA,ANE,EN,Federal Contract Tower,0,2,14,0,16,0,5,52,0,57,0,7,66,0,73,24,0,24,97
01/22/2009,ORH,MA,ANE,EN,Federal Contract Tower,4,0,29,2,35,0,1,54,0,55,4,1,83,2,90,14,0,14,104
01/23/2009,ORH,MA,ANE,EN,Federal Contract Tower,0,0,15,0,15,0,5,66,0,71,0,5,81,0,86,62,0,62,148
01/24/2009,ORH,MA,ANE,EN,Federal Contract Tower,4,0,4,0,8,0,0,13,0,13,4,0,17,0,21,0,2,2,23
01/25/2009,ORH,MA,ANE,EN,Federal Contract Tower,4,2,10,0,16,0,4,48,0,52,4,6,58,0,68,46,0,46,114
01/26/2009,ORH,MA,ANE,EN,Federal Contract Tower,0,0,13,0,13,0,9,30,0,39,0,9,43,0,52,56,0,56,108
01/27/2009,ORH,MA,ANE,EN,Federal Contract Tower,0,2,11,2,15,0,1,44,0,45,0,3,55,2,60,38,0,38,98
01/28/2009,ORH,MA,ANE,EN,Federal Contract Tower,0,0,0,0,0,0,0,0,0,0,0,0,0,0,0,0,0,0,0
01/29/2009,ORH,MA,ANE,EN,Federal Contract Tower,2,7,6,4,19,0,0,42,0,42,2,7,48,4,61,0,0,0,61
01/30/2009,ORH,MA,ANE,EN,Federal Contract Tower,0,1,12,0,13,0,0,31,0,31,0,1,43,0,44,38,0,38,82
01/31/2009,ORH,MA,ANE,EN,Federal Contract Tower,4,0,1,0,5,0,0,19,0,19,4,0,20,0,24,12,0,12,36
02/01/2009,ORH,MA,ANE,EN,Federal Contract Tower,4,0,6,0,10,0,1,42,0,43,4,1,48,0,53,42,0,42,95
02/02/2009,ORH,MA,ANE,EN,Federal Contract Tower,1,0,16,2,19,0,0,46,0,46,1,0,62,2,65,30,0,30,95
02/03/2009,ORH,MA,ANE,EN,Federal Contract Tower,0,0,4,0,4,0,0,0,0,0,0,0,4,0,4,0,0,0,4
02/04/2009,ORH,MA,ANE,EN,Federal Contract Tower,0,3,10,8,21,0,0,32,0,32,0,3,42,8,53,12,10,22,75
02/05/2009,ORH,MA,ANE,EN,Federal Contract Tower,8,9,5,0,22,2,5,25,0,32,10,14,30,0,54,28,0,28,82
02/06/2009,ORH,MA,ANE,EN,Federal Contract Tower,0,2,19,2,23,0,0,37,0,37,0,2,56,2,60,22,0,22,82
02/07/2009,ORH,MA,ANE,EN,Federal Contract Tower,4,0,18,0,22,0,0,26,0,26,4,0,44,0,48,28,0,28,76
02/08/2009,ORH,MA,ANE,EN,Federal Contract Tower,10,0,5,2,17,0,1,24,1,26,10,1,29,3,43,10,2,12,55
02/09/2009,ORH,MA,ANE,EN,Federal Contract Tower,0,0,16,0,16,1,3,57,0,61,1,3,73,0,77,12,0,12,89
02/10/2009,ORH,MA,ANE,EN,Federal Contract Tower,0,0,7,0,7,0,6,33,0,39,0,6,40,0,46,12,0,12,58
02/11/2009,ORH,MA,ANE,EN,Federal Contract Tower,0,2,11,2,15,0,0,53,0,53,0,2,64,2,68,50,0,50,118
02/12/2009,ORH,MA,ANE,EN,Federal Contract Tower,5,1,2,0,8,0,0,20,0,20,5,1,22,0,28,0,0,0,28
02/13/2009,ORH,MA,ANE,EN,Federal Contract Tower,0,0,9,0,9,0,0,36,0,36,0,0,45,0,45,10,0,10,55
02/14/2009,ORH,MA,ANE,EN,Federal Contract Tower,4,0,15,0,19,0,0,31,0,31,4,0,46,0,50,10,0,10,60
02/15/2009,ORH,MA,ANE,EN,Federal Contract Tower,4,0,8,0,12,0,1,54,0,55,4,1,62,0,67,42,0,42,109
02/16/2009,ORH,MA,ANE,EN,Federal Contract Tower,0,0,8,0,8,0,0,64,0,64,0,0,72,0,72,34,0,34,106
02/17/2009,ORH,MA,ANE,EN,Federal Contract Tower,0,5,41,0,46,0,0,69,0,69,0,5,110,0,115,54,0,54,169
02/18/2009,ORH,MA,ANE,EN,Federal Contract Tower,0,0,1,0,1,0,0,22,0,22,0,0,23,0,23,0,0,0,23
02/19/2009,ORH,MA,ANE,EN,Federal Contract Tower,4,2,3,0,9,0,4,15,0,19,4,6,18,0,28,14,0,14,42
02/20/2009,ORH,MA,ANE,EN,Federal Contract Tower,0,2,4,0,6,0,0,24,0,24,0,2,28,0,30,8,0,8,38
02/21/2009,ORH,MA,ANE,EN,Federal Contract Tower,4,2,6,2,14,0,0,28,0,28,4,2,34,2,42,42,0,42,84
02/22/2009,ORH,MA,ANE,EN,Federal Contract Tower,6,0,0,0,6,0,2,14,0,16,6,2,14,0,22,10,0,10,32
02/23/2009,ORH,MA,ANE,EN,Federal Contract Tower,0,4,3,0,7,0,0,4,0,4,0,4,7,0,11,0,0,0,11
02/24/2009,ORH,MA,ANE,EN,Federal Contract Tower,0,2,13,0,15,0,1,32,11,44,0,3,45,11,59,22,0,22,81
02/25/2009,ORH,MA,ANE,EN,Federal Contract Tower,0,0,17,7,24,0,1,61,0,62,0,1,78,7,86,42,0,42,128
02/26/2009,ORH,MA,ANE,EN,Federal Contract Tower,4,0,11,2,17,0,1,46,0,47,4,1,57,2,64,26,0,26,90
02/27/2009,ORH,MA,ANE,EN,Federal Contract Tower,0,1,6,0,7,0,18,0,0,18,0,19,6,0,25,4,2,6,31
02/28/2009,ORH,MA,ANE,EN,Federal Contract Tower,4,0,29,0,33,0,0,58,0,58,4,0,87,0,91,48,0,48,139
03/01/2009,ORH,MA,ANE,EN,Federal Contract Tower,4,2,2,0,8,0,0,0,0,0,4,2,2,0,8,0,0,0,8
03/02/2009,ORH,MA,ANE,EN,Federal Contract Tower,0,0,2,0,2,0,0,0,0,0,0,0,2,0,2,0,0,0,2
03/03/2009,ORH,MA,ANE,EN,Federal Contract Tower,0,0,4,0,4,0,4,14,0,18,0,4,18,0,22,0,0,0,22
03/04/2009,ORH,MA,ANE,EN,Federal Contract Tower,0,2,13,5,20,0,2,57,1,60,0,4,70,6,80,32,0,32,112
03/05/2009,ORH,MA,ANE,EN,Federal Contract Tower,4,1,11,2,18,0,0,65,2,67,4,1,76,4,85,40,0,40,125
03/06/2009,ORH,MA,ANE,EN,Federal Contract Tower,0,0,26,0,26,0,0,44,0,44,0,0,70,0,70,20,2,22,92
03/07/2009,ORH,MA,ANE,EN,Federal Contract Tower,4,0,25,0,29,0,0,42,0,42,4,0,67,0,71,56,0,56,127
03/08/2009,ORH,MA,ANE,EN,Federal Contract Tower,4,1,14,2,21,0,0,64,0,64,4,1,78,2,85,66,0,66,151
03/09/2009,ORH,MA,ANE,EN,Federal Contract Tower,0,1,4,0,5,0,0,0,0,0,0,1,4,0,5,0,0,0,5
03/10/2009,ORH,MA,ANE,EN,Federal Contract Tower,0,0,12,0,12,0,2,45,0,47,0,2,57,0,59,58,0,58,117
03/11/2009,ORH,MA,ANE,EN,Federal Contract Tower,0,0,3,0,3,0,2,0,0,2,0,2,3,0,5,0,0,0,5
03/12/2009,ORH,MA,ANE,EN,Federal Contract Tower,6,2,14,2,24,0,0,55,0,55,6,2,69,2,79,52,0,52,131
03/13/2009,ORH,MA,ANE,EN,Federal Contract Tower,0,0,15,1,16,0,0,0,0,0,0,0,15,1,16,38,0,38,54
03/14/2009,ORH,MA,ANE,EN,Federal Contract Tower,4,2,10,0,16,0,0,67,0,67,4,2,77,0,83,56,0,56,139
03/15/2009,ORH,MA,ANE,EN,Federal Contract Tower,6,0,24,0,30,0,2,74,3,79,6,2,98,3,109,112,0,112,221
03/16/2009,ORH,MA,ANE,EN,Federal Contract Tower,0,0,22,0,22,0,4,49,0,53,0,4,71,0,75,50,0,50,125
03/17/2009,ORH,MA,ANE,EN,Federal Contract Tower,0,0,12,0,12,0,0,55,0,55,0,0,67,0,67,28,0,28,95
03/18/2009,ORH,MA,ANE,EN,Federal Contract Tower,0,0,7,0,7,0,2,36,0,38,0,2,43,0,45,60,0,60,105
03/19/2009,ORH,MA,ANE,EN,Federal Contract Tower,6,1,18,0,25,0,2,33,0,35,6,3,51,0,60,18,0,18,78
03/20/2009,ORH,MA,ANE,EN,Federal Contract Tower,0,0,4,2,6,0,0,53,0,53,0,0,57,2,59,32,2,34,93
03/21/2009,ORH,MA,ANE,EN,Federal Contract Tower,4,0,31,0,35,0,0,64,0,64,4,0,95,0,99,68,6,74,173
03/22/2009,ORH,MA,ANE,EN,Federal Contract Tower,6,2,19,0,27,0,1,62,2,65,6,3,81,2,92,78,0,78,170
03/23/2009,ORH,MA,ANE,EN,Federal Contract Tower,0,0,7,0,7,0,3,19,4,26,0,3,26,4,33,4,0,4,37
03/24/2009,ORH,MA,ANE,EN,Federal Contract Tower,0,0,4,0,4,0,2,40,1,43,0,2,44,1,47,44,0,44,91
03/25/2009,ORH,MA,ANE,EN,Federal Contract Tower,0,0,10,2,12,0,0,56,0,56,0,0,66,2,68,54,0,54,122
03/26/2009,ORH,MA,ANE,EN,Federal Contract Tower,6,1,4,2,13,0,2,61,0,63,6,3,65,2,76,44,0,44,120
03/27/2009,ORH,MA,ANE,EN,Federal Contract Tower,0,0,4,0,4,0,2,32,4,38,0,2,36,4,42,20,0,20,62
03/28/2009,ORH,MA,ANE,EN,Federal Contract Tower,4,0,16,0,20,0,0,43,0,43,4,0,59,0,63,50,0,50,113
03/29/2009,ORH,MA,ANE,EN,Federal Contract Tower,2,0,3,0,5,0,0,0,0,0,2,0,3,0,5,0,0,0,5
03/30/2009,ORH,MA,ANE,EN,Federal Contract Tower,2,1,5,0,8,0,8,25,0,33,2,9,30,0,41,12,0,12,53
03/31/2009,ORH,MA,ANE,EN,Federal Contract Tower,0,2,11,0,13,0,1,77,0,78,0,3,88,0,91,50,0,50,141
04/01/2009,ORH,MA,ANE,EN,Federal Contract Tower,0,1,11,0,12,0,0,36,0,36,0,1,47,0,48,32,0,32,80
04/02/2009,ORH,MA,ANE,EN,Federal Contract Tower,2,3,11,0,16,0,0,33,0,33,2,3,44,0,49,18,0,18,67
04/03/2009,ORH,MA,ANE,EN,Federal Contract Tower,0,1,12,0,13,0,0,0,0,0,0,1,12,0,13,0,0,0,13
04/04/2009,ORH,MA,ANE,EN,Federal Contract Tower,4,3,4,0,11,0,0,0,0,0,4,3,4,0,11,0,0,0,11
04/05/2009,ORH,MA,ANE,EN,Federal Contract Tower,6,0,17,0,23,0,3,69,0,72,6,3,86,0,95,16,0,16,111
04/06/2009,ORH,MA,ANE,EN,Federal Contract Tower,0,0,5,0,5,0,0,18,0,18,0,0,23,0,23,8,0,8,31
04/07/2009,ORH,MA,ANE,EN,Federal Contract Tower,0,0,12,4,16,0,0,12,1,13,0,0,24,5,29,0,0,0,29
04/08/2009,ORH,MA,ANE,EN,Federal Contract Tower,0,4,20,2,26,0,1,62,1,64,0,5,82,3,90,48,0,48,138
04/09/2009,ORH,MA,ANE,EN,Federal Contract Tower,6,2,25,0,33,0,1,68,0,69,6,3,93,0,102,30,6,36,138
04/10/2009,ORH,MA,ANE,EN,Federal Contract Tower,0,0,11,0,11,0,0,59,0,59,0,0,70,0,70,34,0,34,104
04/11/2009,ORH,MA,ANE,EN,Federal Contract Tower,4,0,11,0,15,0,0,0,0,0,4,0,11,0,15,0,0,0,15
04/12/2009,ORH,MA,ANE,EN,Federal Contract Tower,2,6,0,0,8,0,0,46,0,46,2,6,46,0,54,2,0,2,56
04/13/2009,ORH,MA,ANE,EN,Federal Contract Tower,0,2,11,0,13,0,2,60,0,62,0,4,71,0,75,36,0,36,111
04/14/2009,ORH,MA,ANE,EN,Federal Contract Tower,0,1,16,0,17,0,1,73,0,74,0,2,89,0,91,64,0,64,155
04/15/2009,ORH,MA,ANE,EN,Federal Contract Tower,0,0,31,0,31,0,0,54,0,54,0,0,85,0,85,44,0,44,129
04/16/2009,ORH,MA,ANE,EN,Federal Contract Tower,6,4,35,0,45,0,0,63,0,63,6,4,98,0,108,32,0,32,140
04/17/2009,ORH,MA,ANE,EN,Federal Contract Tower,0,5,15,0,20,0,0,78,2,80,0,5,93,2,100,12,0,12,112
04/18/2009,ORH,MA,ANE,EN,Federal Contract Tower,4,6,18,0,28,0,0,57,0,57,4,6,75,0,85,44,0,44,129
04/19/2009,ORH,MA,ANE,EN,Federal Contract Tower,6,0,48,0,54,0,2,69,2,73,6,2,117,2,127,102,0,102,229
04/20/2009,ORH,MA,ANE,EN,Federal Contract Tower,0,0,14,0,14,0,4,49,0,53,0,4,63,0,67,26,0,26,93
04/21/2009,ORH,MA,ANE,EN,Federal Contract Tower,0,0,9,0,9,0,0,0,0,0,0,0,9,0,9,0,0,0,9
04/22/2009,ORH,MA,ANE,EN,Federal Contract Tower,0,0,12,0,12,0,1,53,0,54,0,1,65,0,66,38,0,38,104
04/23/2009,ORH,MA,ANE,EN,Federal Contract Tower,6,3,24,2,35,0,2,65,0,67,6,5,89,2,102,6,2,8,110
04/24/2009,ORH,MA,ANE,EN,Federal Contract Tower,0,0,15,0,15,0,2,68,0,70,0,2,83,0,85,72,0,72,157
04/25/2009,ORH,MA,ANE,EN,Federal Contract Tower,4,0,20,0,24,0,4,89,0,93,4,4,109,0,117,66,0,66,183
04/26/2009,ORH,MA,ANE,EN,Federal Contract Tower,7,2,17,0,26,0,4,75,0,79,7,6,92,0,105,60,0,60,165
04/27/2009,ORH,MA,ANE,EN,Federal Contract Tower,0,1,15,0,16,0,4,70,0,74,0,5,85,0,90,38,0,38,128
04/28/2009,ORH,MA,ANE,EN,Federal Contract Tower,0,0,5,0,5,0,0,58,1,59,0,0,63,1,64,4,0,4,68
04/29/2009,ORH,MA,ANE,EN,Federal Contract Tower,0,0,7,4,11,0,0,68,0,68,0,0,75,4,79,38,10,48,127
04/30/2009,ORH,MA,ANE,EN,Federal Contract Tower,6,1,15,0,22,0,2,64,0,66,6,3,79,0,88,22,0,22,110
05/01/2009,ORH,MA,ANE,EN,Federal Contract Tower,0,0,9,0,9,0,0,3,0,3,0,0,12,0,12,0,0,0,12
05/02/2009,ORH,MA,ANE,EN,Federal Contract Tower,4,0,19,0,23,0,1,80,2,83,4,1,99,2,106,78,2,80,186
05/03/2009,ORH,MA,ANE,EN,Federal Contract Tower,6,2,12,0,20,0,3,65,0,68,6,5,77,0,88,70,0,70,158
05/04/2009,ORH,MA,ANE,EN,Federal Contract Tower,0,2,13,0,15,0,2,55,0,57,0,4,68,0,72,44,0,44,116
05/05/2009,ORH,MA,ANE,EN,Federal Contract Tower,0,0,12,0,12,0,0,5,0,5,0,0,17,0,17,0,0,0,17
05/06/2009,ORH,MA,ANE,EN,Federal Contract Tower,0,2,14,2,18,0,3,36,0,39,0,5,50,2,57,48,6,54,111
05/07/2009,ORH,MA,ANE,EN,Federal Contract Tower,4,0,27,0,31,0,0,38,0,38,4,0,65,0,69,28,0,28,97
05/08/2009,ORH,MA,ANE,EN,Federal Contract Tower,0,1,17,0,18,0,1,53,2,56,0,2,70,2,74,32,0,32,106
05/09/2009,ORH,MA,ANE,EN,Federal Contract Tower,2,0,33,0,35,61,0,0,0,61,63,0,33,0,96,56,0,56,152
05/10/2009,ORH,MA,ANE,EN,Federal Contract Tower,4,0,0,0,4,0,2,23,0,25,4,2,23,0,29,0,0,0,29
05/11/2009,ORH,MA,ANE,EN,Federal Contract Tower,0,0,12,0,12,0,2,78,0,80,0,2,90,0,92,42,0,42,134
05/12/2009,ORH,MA,ANE,EN,Federal Contract Tower,0,0,15,2,17,0,0,64,2,66,0,0,79,4,83,12,2,14,97
05/13/2009,ORH,MA,ANE,EN,Federal Contract Tower,0,7,21,0,28,0,0,66,0,66,0,7,87,0,94,52,0,52,146
05/14/2009,ORH,MA,ANE,EN,Federal Contract Tower,4,1,12,0,17,0,0,48,0,48,4,1,60,0,65,22,0,22,87
05/15/2009,ORH,MA,ANE,EN,Federal Contract Tower,0,2,30,0,32,0,1,57,2,60,0,3,87,2,92,42,0,42,134
05/16/2009,ORH,MA,ANE,EN,Federal Contract Tower,2,0,8,0,10,0,2,48,0,50,2,2,56,0,60,52,6,58,118
05/17/2009,ORH,MA,ANE,EN,Federal Contract Tower,4,4,33,2,43,0,2,32,0,34,4,6,65,2,77,4,0,4,81
05/18/2009,ORH,MA,ANE,EN,Federal Contract Tower,0,2,35,0,37,0,3,64,0,67,0,5,99,0,104,40,0,40,144
05/19/2009,ORH,MA,ANE,EN,Federal Contract Tower,0,0,25,21,46,0,1,80,1,82,0,1,105,22,128,56,6,62,190
05/20/2009,ORH,MA,ANE,EN,Federal Contract Tower,0,1,11,2,14,0,3,85,1,89,0,4,96,3,103,66,0,66,169
05/21/2009,ORH,MA,ANE,EN,Federal Contract Tower,4,0,13,0,17,0,2,86,0,88,4,2,99,0,105,32,0,32,137
05/22/2009,ORH,MA,ANE,EN,Federal Contract Tower,0,4,20,0,24,0,1,89,0,90,0,5,109,0,114,100,0,100,214
05/23/2009,ORH,MA,ANE,EN,Federal Contract Tower,2,4,17,0,23,0,4,90,0,94,2,8,107,0,117,64,0,64,181
05/24/2009,ORH,MA,ANE,EN,Federal Contract Tower,4,2,1,0,7,0,1,60,0,61,4,3,61,0,68,80,0,80,148
05/25/2009,ORH,MA,ANE,EN,Federal Contract Tower,0,5,18,0,23,0,5,86,3,94,0,10,104,3,117,54,0,54,171
05/26/2009,ORH,MA,ANE,EN,Federal Contract Tower,0,3,15,1,19,0,0,87,1,88,0,3,102,2,107,94,2,96,203
05/27/2009,ORH,MA,ANE,EN,Federal Contract Tower,0,1,22,0,23,0,0,0,0,0,0,1,22,0,23,0,0,0,23
05/28/2009,ORH,MA,ANE,EN,Federal Contract Tower,4,2,6,0,12,0,0,0,0,0,4,2,6,0,12,0,0,0,12
05/29/2009,ORH,MA,ANE,EN,Federal Contract Tower,0,1,39,1,41,0,0,4,2,6,0,1,43,3,47,14,6,20,67
05/30/2009,ORH,MA,ANE,EN,Federal Contract Tower,2,1,8,1,12,0,0,67,3,70,2,1,75,4,82,52,4,56,138
05/31/2009,ORH,MA,ANE,EN,Federal Contract Tower,4,2,25,0,31,0,11,87,0,98,4,13,112,0,129,66,0,66,195
06/01/2009,ORH,MA,ANE,EN,Federal Contract Tower,0,0,22,0,22,0,9,75,0,84,0,9,97,0,106,62,0,62,168
06/02/2009,ORH,MA,ANE,EN,Federal Contract Tower,0,1,36,0,37,0,1,73,0,74,0,2,109,0,111,80,0,80,191
06/03/2009,ORH,MA,ANE,EN,Federal Contract Tower,0,1,8,0,9,0,0,67,1,68,0,1,75,1,77,114,0,114,191
06/04/2009,ORH,MA,ANE,EN,Federal Contract Tower,4,1,28,7,40,0,0,72,0,72,4,1,100,7,112,58,0,58,170
06/05/2009,ORH,MA,ANE,EN,Federal Contract Tower,0,0,17,5,22,0,2,63,0,65,0,2,80,5,87,40,0,40,127
06/06/2009,ORH,MA,ANE,EN,Federal Contract Tower,2,1,19,0,22,0,3,81,0,84,2,4,100,0,106,84,0,84,190
06/07/2009,ORH,MA,ANE,EN,Federal Contract Tower,2,4,11,0,17,0,7,91,0,98,2,11,102,0,115,100,0,100,215
06/08/2009,ORH,MA,ANE,EN,Federal Contract Tower,0,3,25,0,28,0,8,70,2,80,0,11,95,2,108,74,0,74,182
06/09/2009,ORH,MA,ANE,EN,Federal Contract Tower,0,0,33,0,33,0,1,15,0,16,0,1,48,0,49,4,0,4,53
06/10/2009,ORH,MA,ANE,EN,Federal Contract Tower,0,2,21,0,23,0,0,0,0,0,0,2,21,0,23,0,0,0,23
06/11/2009,ORH,MA,ANE,EN,Federal Contract Tower,4,0,32,0,36,0,0,0,0,0,4,0,32,0,36,0,0,0,36
06/12/2009,ORH,MA,ANE,EN,Federal Contract Tower,0,2,17,0,19,0,0,29,0,29,0,2,46,0,48,0,0,0,48
06/13/2009,ORH,MA,ANE,EN,Federal Contract Tower,2,0,10,0,12,0,0,80,0,80,2,0,90,0,92,84,2,86,178
06/14/2009,ORH,MA,ANE,EN,Federal Contract Tower,4,0,9,0,13,0,2,59,0,61,4,2,68,0,74,54,0,54,128
06/15/2009,ORH,MA,ANE,EN,Federal Contract Tower,0,3,20,0,23,0,2,14,4,20,0,5,34,4,43,32,0,32,75
06/16/2009,ORH,MA,ANE,EN,Federal Contract Tower,0,1,15,0,16,0,0,41,3,44,0,1,56,3,60,60,0,60,120
06/17/2009,ORH,MA,ANE,EN,Federal Contract Tower,0,4,20,0,24,0,0,76,0,76,0,4,96,0,100,54,0,54,154
06/18/2009,ORH,MA,ANE,EN,Federal Contract Tower,4,4,33,2,43,0,0,0,0,0,4,4,33,2,43,0,0,0,43
06/19/2009,ORH,MA,ANE,EN,Federal Contract Tower,0,0,16,0,16,0,0,21,0,21,0,0,37,0,37,14,0,14,51
06/20/2009,ORH,MA,ANE,EN,Federal Contract Tower,2,0,19,0,21,0,0,78,0,78,2,0,97,0,99,82,0,82,181
06/21/2009,ORH,MA,ANE,EN,Federal Contract Tower,4,2,9,0,15,0,0,0,0,0,4,2,9,0,15,0,0,0,15
06/22/2009,ORH,MA,ANE,EN,Federal Contract Tower,0,0,9,0,9,0,0,0,0,0,0,0,9,0,9,0,0,0,9
06/23/2009,ORH,MA,ANE,EN,Federal Contract Tower,0,3,35,0,38,0,3,47,0,50,0,6,82,0,88,62,0,62,150
06/24/2009,ORH,MA,ANE,EN,Federal Contract Tower,0,4,17,0,21,0,0,0,0,0,0,4,17,0,21,0,0,0,21
06/25/2009,ORH,MA,ANE,EN,Federal Contract Tower,4,5,33,0,42,0,0,59,0,59,4,5,92,0,101,46,0,46,147
06/26/2009,ORH,MA,ANE,EN,Federal Contract Tower,0,0,17,0,17,0,0,51,0,51,0,0,68,0,68,50,0,50,118
06/27/2009,ORH,MA,ANE,EN,Federal Contract Tower,2,0,22,0,24,0,0,51,0,51,2,0,73,0,75,58,0,58,133
06/28/2009,ORH,MA,ANE,EN,Federal Contract Tower,4,2,12,0,18,0,0,28,0,28,4,2,40,0,46,0,0,0,46
06/29/2009,ORH,MA,ANE,EN,Federal Contract Tower,2,4,27,0,33,0,2,52,0,54,2,6,79,0,87,62,0,62,149
06/30/2009,ORH,MA,ANE,EN,Federal Contract Tower,0,0,11,0,11,0,0,27,0,27,0,0,38,0,38,28,0,28,66
07/01/2009,ORH,MA,ANE,EN,Federal Contract Tower,0,1,0,0,1,0,0,0,0,0,0,1,0,0,1,0,0,0,1
07/02/2009,ORH,MA,ANE,EN,Federal Contract Tower,4,1,2,0,7,0,0,0,0,0,4,1,2,0,7,0,0,0,7
07/03/2009,ORH,MA,ANE,EN,Federal Contract Tower,0,2,24,0,26,0,0,49,0,49,0,2,73,0,75,32,0,32,107
07/04/2009,ORH,MA,ANE,EN,Federal Contract Tower,2,15,0,0,17,0,2,88,0,90,2,17,88,0,107,72,0,72,179
07/05/2009,ORH,MA,ANE,EN,Federal Contract Tower,4,2,6,0,12,0,3,105,0,108,4,5,111,0,120,84,0,84,204
07/06/2009,ORH,MA,ANE,EN,Federal Contract Tower,0,0,9,10,19,0,6,101,2,109,0,6,110,12,128,68,8,76,204
07/07/2009,ORH,MA,ANE,EN,Federal Contract Tower,0,0,15,0,15,0,1,15,0,16,0,1,30,0,31,0,0,0,31
07/08/2009,ORH,MA,ANE,EN,Federal Contract Tower,0,0,4,0,4,0,0,19,1,20,0,0,23,1,24,8,0,8,32
07/09/2009,ORH,MA,ANE,EN,Federal Contract Tower,4,0,16,8,28,0,0,59,1,60,4,0,75,9,88,70,2,72,160
07/10/2009,ORH,MA,ANE,EN,Federal Contract Tower,0,0,13,4,17,0,2,81,2,85,0,2,94,6,102,82,2,84,186
07/11/2009,ORH,MA,ANE,EN,Federal Contract Tower,2,0,23,0,25,0,1,84,8,93,2,1,107,8,118,56,0,56,174
07/12/2009,ORH,MA,ANE,EN,Federal Contract Tower,4,2,14,0,20,0,6,77,0,83,4,8,91,0,103,58,0,58,161
07/13/2009,ORH,MA,ANE,EN,Federal Contract Tower,0,0,17,0,17,0,5,78,0,83,0,5,95,0,100,142,0,142,242
07/14/2009,ORH,MA,ANE,EN,Federal Contract Tower,0,0,15,0,15,0,4,85,1,90,0,4,100,1,105,32,0,32,137
07/15/2009,ORH,MA,ANE,EN,Federal Contract Tower,0,6,11,4,21,0,0,77,0,77,0,6,88,4,98,62,2,64,162
07/16/2009,ORH,MA,ANE,EN,Federal Contract Tower,4,6,7,4,21,0,0,58,0,58,4,6,65,4,79,62,0,62,141
07/17/2009,ORH,MA,ANE,EN,Federal Contract Tower,0,4,12,0,16,0,79,0,0,79,0,83,12,0,95,80,0,80,175
07/18/2009,ORH,MA,ANE,EN,Federal Contract Tower,2,0,11,0,13,0,5,85,0,90,2,5,96,0,103,72,0,72,175
07/19/2009,ORH,MA,ANE,EN,Federal Contract Tower,4,3,15,0,22,0,31,103,0,134,4,34,118,0,156,116,0,116,272
07/20/2009,ORH,MA,ANE,EN,Federal Contract Tower,0,1,12,0,13,0,1,93,0,94,0,2,105,0,107,76,0,76,183
07/21/2009,ORH,MA,ANE,EN,Federal Contract Tower,0,6,25,0,31,0,0,0,0,0,0,6,25,0,31,0,0,0,31
07/22/2009,ORH,MA,ANE,EN,Federal Contract Tower,0,2,49,1,52,0,0,34,0,34,0,2,83,1,86,36,0,36,122
07/23/2009,ORH,MA,ANE,EN,Federal Contract Tower,4,3,16,0,23,0,0,14,2,16,4,3,30,2,39,38,0,38,77
07/24/2009,ORH,MA,ANE,EN,Federal Contract Tower,0,1,20,0,21,0,0,48,0,48,0,1,68,0,69,6,0,6,75
07/25/2009,ORH,MA,ANE,EN,Federal Contract Tower,2,0,10,0,12,0,0,91,0,91,2,0,101,0,103,42,0,42,145
07/26/2009,ORH,MA,ANE,EN,Federal Contract Tower,4,0,29,0,33,0,8,54,0,62,4,8,83,0,95,58,0,58,153
07/27/2009,ORH,MA,ANE,EN,Federal Contract Tower,0,0,3,0,3,0,1,63,0,64,0,1,66,0,67,58,0,58,125
07/28/2009,ORH,MA,ANE,EN,Federal Contract Tower,0,0,31,0,31,0,2,88,0,90,0,2,119,0,121,84,0,84,205
07/29/2009,ORH,MA,ANE,EN,Federal Contract Tower,0,0,17,2,19,0,0,28,0,28,0,0,45,2,47,16,0,16,63
07/30/2009,ORH,MA,ANE,EN,Federal Contract Tower,4,0,18,0,22,0,2,54,0,56,4,2,72,0,78,40,18,58,136
07/31/2009,ORH,MA,ANE,EN,Federal Contract Tower,0,0,14,0,14,0,0,8,0,8,0,0,22,0,22,4,0,4,26
08/01/2009,ORH,MA,ANE,EN,Federal Contract Tower,2,0,15,0,17,0,0,92,0,92,2,0,107,0,109,88,0,88,197
08/02/2009,ORH,MA,ANE,EN,Federal Contract Tower,4,1,26,4,35,0,0,25,0,25,4,1,51,4,60,46,0,46,106
08/03/2009,ORH,MA,ANE,EN,Federal Contract Tower,0,0,9,0,9,0,7,87,0,94,0,7,96,0,103,60,0,60,163
08/04/2009,ORH,MA,ANE,EN,Federal Contract Tower,0,10,7,4,21,0,5,87,0,92,0,15,94,4,113,56,0,56,169
08/05/2009,ORH,MA,ANE,EN,Federal Contract Tower,0,3,14,2,19,0,0,53,0,53,0,3,67,2,72,62,0,62,134
08/06/2009,ORH,MA,ANE,EN,Federal Contract Tower,4,0,11,0,15,0,0,78,0,78,4,0,89,0,93,70,0,70,163
08/07/2009,ORH,MA,ANE,EN,Federal Contract Tower,0,4,19,0,23,0,2,87,0,89,0,6,106,0,112,80,0,80,192
08/08/2009,ORH,MA,ANE,EN,Federal Contract Tower,2,2,13,0,17,0,6,87,0,93,2,8,100,0,110,100,0,100,210
08/09/2009,ORH,MA,ANE,EN,Federal Contract Tower,2,6,12,0,20,0,5,76,0,81,2,11,88,0,101,70,0,70,171
08/10/2009,ORH,MA,ANE,EN,Federal Contract Tower,0,0,9,0,9,0,3,67,0,70,0,3,76,0,79,44,0,44,123
08/11/2009,ORH,MA,ANE,EN,Federal Contract Tower,0,0,10,0,10,0,4,83,0,87,0,4,93,0,97,56,0,56,153
08/12/2009,ORH,MA,ANE,EN,Federal Contract Tower,0,0,23,10,33,0,0,14,0,14,0,0,37,10,47,4,0,4,51
08/13/2009,ORH,MA,ANE,EN,Federal Contract Tower,4,4,12,7,27,0,0,0,0,0,4,4,12,7,27,0,0,0,27
08/14/2009,ORH,MA,ANE,EN,Federal Contract Tower,0,0,23,0,23,0,4,111,0,115,0,4,134,0,138,46,0,46,184
08/15/2009,ORH,MA,ANE,EN,Federal Contract Tower,2,0,7,0,9,0,7,90,0,97,2,7,97,0,106,80,0,80,186
08/16/2009,ORH,MA,ANE,EN,Federal Contract Tower,4,0,8,0,12,0,4,106,0,110,4,4,114,0,122,100,0,100,222
08/17/2009,ORH,MA,ANE,EN,Federal Contract Tower,0,2,22,0,24,0,7,73,2,82,0,9,95,2,106,58,0,58,164
08/18/2009,ORH,MA,ANE,EN,Federal Contract Tower,0,4,8,0,12,0,5,85,0,90,0,9,93,0,102,94,0,94,196
08/19/2009,ORH,MA,ANE,EN,Federal Contract Tower,0,2,9,0,11,0,0,79,0,79,0,2,88,0,90,50,0,50,140
08/20/2009,ORH,MA,ANE,EN,Federal Contract Tower,4,0,13,0,17,0,2,78,0,80,4,2,91,0,97,52,0,52,149
08/21/2009,ORH,MA,ANE,EN,Federal Contract Tower,0,1,15,0,16,0,0,43,0,43,0,1,58,0,59,28,0,28,87
08/22/2009,ORH,MA,ANE,EN,Federal Contract Tower,2,0,8,0,10,0,0,32,0,32,2,0,40,0,42,36,6,42,84
08/23/2009,ORH,MA,ANE,EN,Federal Contract Tower,4,2,6,0,12,0,3,48,4,55,4,5,54,4,67,46,0,46,113
08/24/2009,ORH,MA,ANE,EN,Federal Contract Tower,0,2,20,2,24,0,1,69,0,70,0,3,89,2,94,66,0,66,160
08/25/2009,ORH,MA,ANE,EN,Federal Contract Tower,0,0,18,0,18,0,4,117,1,122,0,4,135,1,140,54,0,54,194
08/26/2009,ORH,MA,ANE,EN,Federal Contract Tower,0,2,18,0,20,0,6,83,0,89,0,8,101,0,109,38,0,38,147
08/27/2009,ORH,MA,ANE,EN,Federal Contract Tower,4,0,15,0,19,0,0,87,0,87,4,0,102,0,106,64,0,64,170
08/28/2009,ORH,MA,ANE,EN,Federal Contract Tower,0,0,24,6,30,0,4,75,0,79,0,4,99,6,109,28,0,28,137
08/29/2009,ORH,MA,ANE,EN,Federal Contract Tower,2,0,3,0,5,0,0,0,0,0,2,0,3,0,5,0,0,0,5
08/30/2009,ORH,MA,ANE,EN,Federal Contract Tower,4,4,10,0,18,0,5,55,0,60,4,9,65,0,78,68,0,68,146
08/31/2009,ORH,MA,ANE,EN,Federal Contract Tower,0,4,13,0,17,0,11,95,0,106,0,15,108,0,123,54,0,54,177
09/01/2009,ORH,MA,ANE,EN,Federal Contract Tower,0,1,17,0,18,0,3,92,2,97,0,4,109,2,115,46,0,46,161
09/02/2009,ORH,MA,ANE,EN,Federal Contract Tower,0,2,19,6,27,0,0,92,0,92,0,2,111,6,119,78,0,78,197
09/03/2009,ORH,MA,ANE,EN,Federal Contract Tower,4,1,23,2,30,0,2,90,2,94,4,3,113,4,124,80,0,80,204
09/04/2009,ORH,MA,ANE,EN,Federal Contract Tower,0,4,20,4,28,0,8,114,0,122,0,12,134,4,150,102,0,102,252
09/05/2009,ORH,MA,ANE,EN,Federal Contract Tower,0,4,9,0,13,0,3,90,0,93,0,7,99,0,106,70,0,70,176
09/06/2009,ORH,MA,ANE,EN,Federal Contract Tower,4,0,6,0,10,0,5,88,0,93,4,5,94,0,103,64,0,64,167
09/07/2009,ORH,MA,ANE,EN,Federal Contract Tower,0,4,9,0,13,0,10,104,0,114,0,14,113,0,127,74,0,74,201
09/08/2009,ORH,MA,ANE,EN,Federal Contract Tower,0,0,6,0,6,0,2,83,0,85,0,2,89,0,91,60,0,60,151
09/09/2009,ORH,MA,ANE,EN,Federal Contract Tower,0,1,15,3,19,0,0,67,0,67,0,1,82,3,86,52,0,52,138
09/10/2009,ORH,MA,ANE,EN,Federal Contract Tower,2,0,25,0,27,0,0,82,0,82,2,0,107,0,109,80,2,82,191
09/11/2009,ORH,MA,ANE,EN,Federal Contract Tower,0,0,18,0,18,0,0,0,0,0,0,0,18,0,18,0,0,0,18
09/12/2009,ORH,MA,ANE,EN,Federal Contract Tower,0,2,26,0,28,0,0,0,0,0,0,2,26,0,28,0,0,0,28
09/13/2009,ORH,MA,ANE,EN,Federal Contract Tower,2,1,19,0,22,0,3,73,0,76,2,4,92,0,98,68,0,68,166
09/14/2009,ORH,MA,ANE,EN,Federal Contract Tower,0,1,22,2,25,0,3,94,4,101,0,4,116,6,126,70,0,70,196
09/15/2009,ORH,MA,ANE,EN,Federal Contract Tower,0,0,11,2,13,0,3,92,0,95,0,3,103,2,108,64,0,64,172
09/16/2009,ORH,MA,ANE,EN,Federal Contract Tower,0,1,37,0,38,0,0,47,0,47,0,1,84,0,85,38,2,40,125
09/17/2009,ORH,MA,ANE,EN,Federal Contract Tower,1,1,9,0,11,0,1,77,2,80,1,2,86,2,91,46,0,46,137
09/18/2009,ORH,MA,ANE,EN,Federal Contract Tower,1,4,9,0,14,0,1,62,0,63,1,5,71,0,77,32,0,32,109
09/19/2009,ORH,MA,ANE,EN,Federal Contract Tower,0,1,6,0,7,0,0,59,0,59,0,1,65,0,66,50,0,50,116
09/20/2009,ORH,MA,ANE,EN,Federal Contract Tower,4,4,10,0,18,0,0,101,0,101,4,4,111,0,119,88,0,88,207
09/21/2009,ORH,MA,ANE,EN,Federal Contract Tower,0,3,3,4,10,0,5,83,0,88,0,8,86,4,98,74,0,74,172
09/22/2009,ORH,MA,ANE,EN,Federal Contract Tower,0,0,24,0,24,0,0,52,0,52,0,0,76,0,76,6,0,6,82
09/23/2009,ORH,MA,ANE,EN,Federal Contract Tower,0,3,8,4,15,0,0,67,2,69,0,3,75,6,84,8,0,8,92
09/24/2009,ORH,MA,ANE,EN,Federal Contract Tower,0,1,15,0,16,0,0,74,0,74,0,1,89,0,90,20,0,20,110
09/25/2009,ORH,MA,ANE,EN,Federal Contract Tower,0,1,13,0,14,0,0,84,0,84,0,1,97,0,98,2,0,2,100
09/26/2009,ORH,MA,ANE,EN,Federal Contract Tower,0,0,18,0,18,0,0,97,0,97,0,0,115,0,115,66,0,66,181
09/27/2009,ORH,MA,ANE,EN,Federal Contract Tower,0,0,5,0,5,0,0,0,0,0,0,0,5,0,5,0,0,0,5
09/28/2009,ORH,MA,ANE,EN,Federal Contract Tower,2,0,8,0,10,0,3,67,38,108,2,3,75,38,118,50,2,52,170
09/29/2009,ORH,MA,ANE,EN,Federal Contract Tower,0,5,18,0,23,0,3,95,24,122,0,8,113,24,145,50,16,66,211
09/30/2009,ORH,MA,ANE,EN,Federal Contract Tower,0,2,18,0,20,0,0,91,14,105,0,2,109,14,125,50,10,60,185
10/01/2009,ORH,MA,ANE,EN,Federal Contract Tower,0,0,10,0,10,0,0,65,0,65,0,0,75,0,75,42,4,46,121
10/02/2009,ORH,MA,ANE,EN,Federal Contract Tower,0,0,16,0,16,0,2,74,0,76,0,2,90,0,92,58,0,58,150
10/03/2009,ORH,MA,ANE,EN,Federal Contract Tower,0,0,6,0,6,0,0,0,0,0,0,0,6,0,6,0,0,0,6
10/04/2009,ORH,MA,ANE,EN,Federal Contract Tower,4,2,15,0,21,0,4,41,0,45,4,6,56,0,66,46,0,46,112
10/05/2009,ORH,MA,ANE,EN,Federal Contract Tower,0,3,18,0,21,0,3,72,0,75,0,6,90,0,96,60,0,60,156
10/06/2009,ORH,MA,ANE,EN,Federal Contract Tower,0,0,6,0,6,0,5,86,1,92,0,5,92,1,98,86,0,86,184
10/07/2009,ORH,MA,ANE,EN,Federal Contract Tower,0,0,8,0,8,0,0,33,0,33,0,0,41,0,41,16,0,16,57
10/08/2009,ORH,MA,ANE,EN,Federal Contract Tower,4,0,14,0,18,0,0,67,0,67,4,0,81,0,85,30,0,30,115
10/09/2009,ORH,MA,ANE,EN,Federal Contract Tower,0,1,32,0,33,0,1,38,0,39,0,2,70,0,72,40,0,40,112
10/10/2009,ORH,MA,ANE,EN,Federal Contract Tower,0,4,13,0,17,0,0,52,0,52,0,4,65,0,69,50,0,50,119
10/11/2009,ORH,MA,ANE,EN,Federal Contract Tower,4,0,8,0,12,0,3,83,0,86,4,3,91,0,98,56,0,56,154
10/12/2009,ORH,MA,ANE,EN,Federal Contract Tower,0,3,13,0,16,0,3,96,0,99,0,6,109,0,115,82,0,82,197
10/13/2009,ORH,MA,ANE,EN,Federal Contract Tower,0,4,12,2,18,0,0,7,0,7,0,4,19,2,25,0,0,0,25
10/14/2009,ORH,MA,ANE,EN,Federal Contract Tower,0,2,14,1,17,0,0,75,0,75,0,2,89,1,92,66,16,82,174
10/15/2009,ORH,MA,ANE,EN,Federal Contract Tower,4,0,16,0,20,0,0,60,1,61,4,0,76,1,81,44,0,44,125
10/16/2009,ORH,MA,ANE,EN,Federal Contract Tower,0,0,10,0,10,0,0,40,0,40,0,0,50,0,50,24,0,24,74
10/17/2009,ORH,MA,ANE,EN,Federal Contract Tower,0,0,17,2,19,0,0,72,0,72,0,0,89,2,91,40,0,40,131
10/18/2009,ORH,MA,ANE,EN,Federal Contract Tower,4,0,5,2,11,0,0,4,0,4,4,0,9,2,15,0,0,0,15
10/19/2009,ORH,MA,ANE,EN,Federal Contract Tower,0,1,10,0,11,0,5,60,0,65,0,6,70,0,76,58,0,58,134
10/20/2009,ORH,MA,ANE,EN,Federal Contract Tower,0,0,22,0,22,0,0,103,2,105,0,0,125,2,127,80,0,80,207
10/21/2009,ORH,MA,ANE,EN,Federal Contract Tower,0,1,11,0,12,0,0,84,0,84,0,1,95,0,96,50,0,50,146
10/22/2009,ORH,MA,ANE,EN,Federal Contract Tower,4,2,9,3,18,0,1,81,0,82,4,3,90,3,100,46,0,46,146
10/23/2009,ORH,MA,ANE,EN,Federal Contract Tower,0,1,29,0,30,0,2,82,0,84,0,3,111,0,114,36,0,36,150
10/24/2009,ORH,MA,ANE,EN,Federal Contract Tower,0,0,3,0,3,0,0,0,0,0,0,0,3,0,3,0,0,0,3
10/25/2009,ORH,MA,ANE,EN,Federal Contract Tower,4,1,20,0,25,0,3,97,0,100,4,4,117,0,125,94,0,94,219
10/26/2009,ORH,MA,ANE,EN,Federal Contract Tower,0,2,2,0,4,0,3,83,0,86,0,5,85,0,90,58,0,58,148
10/27/2009,ORH,MA,ANE,EN,Federal Contract Tower,0,0,20,0,20,0,0,14,0,14,0,0,34,0,34,0,0,0,34
10/28/2009,ORH,MA,ANE,EN,Federal Contract Tower,0,2,0,0,2,0,0,0,0,0,0,2,0,0,2,0,0,0,2
10/29/2009,ORH,MA,ANE,EN,Federal Contract Tower,2,1,18,7,28,0,0,62,2,64,2,1,80,9,92,30,0,30,122
10/30/2009,ORH,MA,ANE,EN,Federal Contract Tower,0,0,13,0,13,0,0,91,0,91,0,0,104,0,104,82,0,82,186
10/31/2009,ORH,MA,ANE,EN,Federal Contract Tower,0,0,2,0,2,0,0,0,0,0,0,0,2,0,2,0,0,0,2
11/01/2009,ORH,MA,ANE,EN,Federal Contract Tower,2,0,14,0,16,0,3,80,0,83,2,3,94,0,99,66,0,66,165
11/02/2009,ORH,MA,ANE,EN,Federal Contract Tower,0,0,13,0,13,0,4,57,0,61,0,4,70,0,74,56,0,56,130
11/03/2009,ORH,MA,ANE,EN,Federal Contract Tower,0,1,12,2,15,0,4,60,2,66,0,5,72,4,81,30,0,30,111
11/04/2009,ORH,MA,ANE,EN,Federal Contract Tower,0,1,13,2,16,0,0,84,0,84,0,1,97,2,100,72,0,72,172
11/05/2009,ORH,MA,ANE,EN,Federal Contract Tower,2,3,17,4,26,0,0,62,0,62,2,3,79,4,88,66,0,66,154
11/06/2009,ORH,MA,ANE,EN,Federal Contract Tower,0,2,12,0,14,0,1,71,0,72,0,3,83,0,86,54,0,54,140
11/07/2009,ORH,MA,ANE,EN,Federal Contract Tower,0,2,11,0,13,0,0,95,2,97,0,2,106,2,110,68,0,68,178
11/08/2009,ORH,MA,ANE,EN,Federal Contract Tower,2,0,12,0,14,0,5,108,5,118,2,5,120,5,132,72,0,72,204
11/09/2009,ORH,MA,ANE,EN,Federal Contract Tower,0,0,13,0,13,0,6,70,0,76,0,6,83,0,89,56,0,56,145
11/10/2009,ORH,MA,ANE,EN,Federal Contract Tower,0,0,12,0,12,0,1,63,0,64,0,1,75,0,76,62,0,62,138
11/11/2009,ORH,MA,ANE,EN,Federal Contract Tower,0,3,21,0,24,0,2,80,0,82,0,5,101,0,106,44,0,44,150
11/12/2009,ORH,MA,ANE,EN,Federal Contract Tower,2,4,12,0,18,0,0,79,0,79,2,4,91,0,97,52,0,52,149
11/13/2009,ORH,MA,ANE,EN,Federal Contract Tower,0,0,8,0,8,0,2,2,0,4,0,2,10,0,12,0,1,1,13
11/14/2009,ORH,MA,ANE,EN,Federal Contract Tower,0,0,5,0,5,0,0,0,0,0,0,0,5,0,5,0,0,0,5
11/15/2009,ORH,MA,ANE,EN,Federal Contract Tower,2,0,6,0,8,0,2,23,0,25,2,2,29,0,33,20,0,20,53
11/16/2009,ORH,MA,ANE,EN,Federal Contract Tower,0,0,12,0,12,0,1,79,0,80,0,1,91,0,92,60,0,60,152
11/17/2009,ORH,MA,ANE,EN,Federal Contract Tower,0,0,24,0,24,0,2,79,8,89,0,2,103,8,113,72,0,72,185
11/18/2009,ORH,MA,ANE,EN,Federal Contract Tower,0,0,14,0,14,0,5,71,2,78,0,5,85,2,92,60,0,60,152
11/19/2009,ORH,MA,ANE,EN,Federal Contract Tower,4,0,12,0,16,0,2,62,0,64,4,2,74,0,80,24,2,26,106
11/20/2009,ORH,MA,ANE,EN,Federal Contract Tower,0,0,2,0,2,0,0,68,0,68,0,0,70,0,70,62,0,62,132
11/21/2009,ORH,MA,ANE,EN,Federal Contract Tower,4,1,14,0,19,0,6,85,0,91,4,7,99,0,110,70,0,70,180
11/22/2009,ORH,MA,ANE,EN,Federal Contract Tower,4,2,6,0,12,0,2,70,0,72,4,4,76,0,84,78,0,78,162
11/23/2009,ORH,MA,ANE,EN,Federal Contract Tower,0,2,25,0,27,0,3,34,0,37,0,5,59,0,64,40,0,40,104
11/24/2009,ORH,MA,ANE,EN,Federal Contract Tower,0,0,9,0,9,0,0,0,0,0,0,0,9,0,9,0,0,0,9
11/25/2009,ORH,MA,ANE,EN,Federal Contract Tower,0,1,8,0,9,0,0,0,0,0,0,1,8,0,9,0,0,0,9
11/26/2009,ORH,MA,ANE,EN,Federal Contract Tower,4,3,9,0,16,0,0,0,0,0,4,3,9,0,16,0,0,0,16
11/27/2009,ORH,MA,ANE,EN,Federal Contract Tower,0,0,5,0,5,0,0,0,0,0,0,0,5,0,5,0,0,0,5
11/28/2009,ORH,MA,ANE,EN,Federal Contract Tower,4,2,4,0,10,0,0,27,0,27,4,2,31,0,37,10,0,10,47
11/29/2009,ORH,MA,ANE,EN,Federal Contract Tower,4,4,16,0,24,0,3,89,0,92,4,7,105,0,116,102,0,102,218
11/30/2009,ORH,MA,ANE,EN,Federal Contract Tower,0,0,11,0,11,0,0,42,0,42,0,0,53,0,53,0,0,0,53
12/01/2009,ORH,MA,ANE,EN,Federal Contract Tower,0,3,4,0,7,0,2,72,0,74,0,5,76,0,81,62,2,64,145
12/02/2009,ORH,MA,ANE,EN,Federal Contract Tower,0,2,18,0,20,0,1,90,0,91,0,3,108,0,111,60,0,60,171
12/03/2009,ORH,MA,ANE,EN,Federal Contract Tower,2,3,5,0,10,0,0,40,0,40,2,3,45,0,50,40,0,40,90
12/04/2009,ORH,MA,ANE,EN,Federal Contract Tower,0,2,20,1,23,0,0,99,0,99,0,2,119,1,122,58,0,58,180
12/05/2009,ORH,MA,ANE,EN,Federal Contract Tower,0,2,13,0,15,0,0,16,0,16,0,2,29,0,31,8,0,8,39
12/06/2009,ORH,MA,ANE,EN,Federal Contract Tower,3,0,8,0,11,0,4,68,0,72,3,4,76,0,83,72,0,72,155
12/07/2009,ORH,MA,ANE,EN,Federal Contract Tower,0,0,10,0,10,0,3,64,0,67,0,3,74,0,77,62,0,62,139
12/08/2009,ORH,MA,ANE,EN,Federal Contract Tower,0,3,5,0,8,0,2,67,0,69,0,5,72,0,77,54,2,56,133
12/09/2009,ORH,MA,ANE,EN,Federal Contract Tower,0,0,2,0,2,0,0,0,0,0,0,0,2,0,2,0,0,0,2
12/10/2009,ORH,MA,ANE,EN,Federal Contract Tower,5,3,9,2,19,0,0,37,1,38,5,3,46,3,57,0,0,0,57
12/11/2009,ORH,MA,ANE,EN,Federal Contract Tower,0,2,7,0,9,0,0,40,0,40,0,2,47,0,49,2,0,2,51
12/12/2009,ORH,MA,ANE,EN,Federal Contract Tower,0,0,9,0,9,0,0,68,0,68,0,0,77,0,77,34,0,34,111
12/13/2009,ORH,MA,ANE,EN,Federal Contract Tower,5,0,1,0,6,0,1,42,0,43,5,1,43,0,49,50,0,50,99
12/14/2009,ORH,MA,ANE,EN,Federal Contract Tower,0,1,19,0,20,0,2,73,0,75,0,3,92,0,95,32,0,32,127
12/15/2009,ORH,MA,ANE,EN,Federal Contract Tower,0,2,22,0,24,0,0,2,0,2,0,2,24,0,26,0,0,0,26
12/16/2009,ORH,MA,ANE,EN,Federal Contract Tower,0,0,5,0,5,0,0,27,0,27,0,0,32,0,32,18,0,18,50
12/17/2009,ORH,MA,ANE,EN,Federal Contract Tower,4,7,10,0,21,0,0,36,0,36,4,7,46,0,57,24,0,24,81
12/18/2009,ORH,MA,ANE,EN,Federal Contract Tower,0,0,10,0,10,0,0,60,0,60,0,0,70,0,70,50,0,50,120
12/19/2009,ORH,MA,ANE,EN,Federal Contract Tower,4,0,7,0,11,0,0,49,0,49,4,0,56,0,60,58,0,58,118
12/20/2009,ORH,MA,ANE,EN,Federal Contract Tower,2,0,2,0,4,0,0,0,0,0,2,0,2,0,4,0,0,0,4
12/21/2009,ORH,MA,ANE,EN,Federal Contract Tower,0,5,5,0,10,0,3,41,0,44,0,8,46,0,54,30,0,30,84
12/22/2009,ORH,MA,ANE,EN,Federal Contract Tower,0,2,7,0,9,0,3,70,0,73,0,5,77,0,82,26,0,26,108
12/23/2009,ORH,MA,ANE,EN,Federal Contract Tower,0,3,11,4,18,0,0,74,0,74,0,3,85,4,92,8,0,8,100
12/24/2009,ORH,MA,ANE,EN,Federal Contract Tower,6,0,8,0,14,0,3,70,0,73,6,3,78,0,87,72,0,72,159
12/25/2009,ORH,MA,ANE,EN,Federal Contract Tower,2,0,1,0,3,0,0,10,0,10,2,0,11,0,13,0,6,6,19
12/26/2009,ORH,MA,ANE,EN,Federal Contract Tower,8,0,2,0,10,0,0,0,0,0,8,0,2,0,10,0,0,0,10
12/27/2009,ORH,MA,ANE,EN,Federal Contract Tower,5,3,5,0,13,0,0,20,0,20,5,3,25,0,33,8,0,8,41
12/28/2009,ORH,MA,ANE,EN,Federal Contract Tower,0,0,1,0,1,0,2,7,0,9,0,2,8,0,10,16,0,16,26
12/29/2009,ORH,MA,ANE,EN,Federal Contract Tower,0,2,2,2,6,0,0,7,0,7,0,2,9,2,13,0,0,0,13
12/30/2009,ORH,MA,ANE,EN,Federal Contract Tower,0,4,14,0,18,0,1,64,0,65,0,5,78,0,83,64,0,64,147
12/31/2009,ORH,MA,ANE,EN,Federal Contract Tower,4,1,8,0,13,0,2,4,0,6,4,3,12,0,19,0,0,0,19
01/01/2010,ORH,MA,ANE,EN,Federal Contract Tower,0,0,2,0,2,0,0,13,0,13,0,0,15,0,15,28,0,28,43
01/02/2010,ORH,MA,ANE,EN,Federal Contract Tower,2,0,1,0,3,0,0,0,0,0,2,0,1,0,3,0,0,0,3
01/03/2010,ORH,MA,ANE,EN,Federal Contract Tower,2,0,0,0,2,0,0,0,0,0,2,0,0,0,2,0,0,0,2
01/04/2010,ORH,MA,ANE,EN,Federal Contract Tower,2,0,6,0,8,0,9,57,0,66,2,9,63,0,74,40,0,40,114
01/05/2010,ORH,MA,ANE,EN,Federal Contract Tower,0,6,9,0,15,0,1,74,0,75,0,7,83,0,90,68,0,68,158
01/06/2010,ORH,MA,ANE,EN,Federal Contract Tower,0,21,17,0,38,0,0,80,2,82,0,21,97,2,120,54,0,54,174
01/07/2010,ORH,MA,ANE,EN,Federal Contract Tower,2,3,17,0,22,0,0,63,0,63,2,3,80,0,85,70,0,70,155
01/08/2010,ORH,MA,ANE,EN,Federal Contract Tower,0,1,9,0,10,0,0,18,0,18,0,1,27,0,28,16,0,16,44
01/09/2010,ORH,MA,ANE,EN,Federal Contract Tower,0,3,3,6,12,0,0,50,0,50,0,3,53,6,62,44,0,44,106
01/10/2010,ORH,MA,ANE,EN,Federal Contract Tower,2,0,4,0,6,0,0,66,0,66,2,0,70,0,72,38,0,38,110
01/11/2010,ORH,MA,ANE,EN,Federal Contract Tower,0,1,2,0,3,0,7,66,0,73,0,8,68,0,76,52,0,52,128
01/12/2010,ORH,MA,ANE,EN,Federal Contract Tower,0,5,13,0,18,0,4,63,0,67,0,9,76,0,85,76,0,76,161
01/13/2010,ORH,MA,ANE,EN,Federal Contract Tower,0,0,14,0,14,0,6,52,1,59,0,6,66,1,73,20,0,20,93
01/14/2010,ORH,MA,ANE,EN,Federal Contract Tower,2,0,16,4,22,0,0,68,0,68,2,0,84,4,90,52,0,52,142
01/15/2010,ORH,MA,ANE,EN,Federal Contract Tower,0,1,26,0,27,0,5,78,4,87,0,6,104,4,114,86,6,92,206
01/16/2010,ORH,MA,ANE,EN,Federal Contract Tower,0,2,28,0,30,0,2,86,0,88,0,4,114,0,118,90,0,90,208
01/17/2010,ORH,MA,ANE,EN,Federal Contract Tower,2,0,6,0,8,0,5,41,0,46,2,5,47,0,54,68,0,68,122
01/18/2010,ORH,MA,ANE,EN,Federal Contract Tower,0,0,1,0,1,0,0,0,0,0,0,0,1,0,1,0,0,0,1
01/19/2010,ORH,MA,ANE,EN,Federal Contract Tower,0,0,0,0,0,0,0,0,0,0,0,0,0,0,0,0,0,0,0
01/20/2010,ORH,MA,ANE,EN,Federal Contract Tower,0,1,4,0,5,0,0,40,0,40,0,1,44,0,45,42,0,42,87
01/21/2010,ORH,MA,ANE,EN,Federal Contract Tower,2,6,16,0,24,0,3,78,6,87,2,9,94,6,111,78,2,80,191
01/22/2010,ORH,MA,ANE,EN,Federal Contract Tower,0,2,10,0,12,0,0,57,5,62,0,2,67,5,74,20,0,20,94
01/23/2010,ORH,MA,ANE,EN,Federal Contract Tower,0,0,14,0,14,0,0,63,0,63,0,0,77,0,77,82,0,82,159
01/24/2010,ORH,MA,ANE,EN,Federal Contract Tower,2,0,12,0,14,0,5,48,0,53,2,5,60,0,67,40,0,40,107
01/25/2010,ORH,MA,ANE,EN,Federal Contract Tower,0,0,2,0,2,0,0,0,0,0,0,0,2,0,2,0,0,0,2
01/26/2010,ORH,MA,ANE,EN,Federal Contract Tower,0,0,19,0,19,0,2,80,0,82,0,2,99,0,101,28,0,28,129
01/27/2010,ORH,MA,ANE,EN,Federal Contract Tower,0,2,12,0,14,0,3,69,0,72,0,5,81,0,86,52,2,54,140
01/28/2010,ORH,MA,ANE,EN,Federal Contract Tower,2,0,14,2,18,0,0,10,0,10,2,0,24,2,28,6,0,6,34
01/29/2010,ORH,MA,ANE,EN,Federal Contract Tower,0,0,1,0,1,0,2,23,0,25,0,2,24,0,26,0,0,0,26
01/30/2010,ORH,MA,ANE,EN,Federal Contract Tower,0,0,12,0,12,0,0,77,0,77,0,0,89,0,89,76,0,76,165
01/31/2010,ORH,MA,ANE,EN,Federal Contract Tower,2,0,8,0,10,0,8,64,0,72,2,8,72,0,82,68,0,68,150
02/01/2010,ORH,MA,ANE,EN,Federal Contract Tower,0,2,10,0,12,0,5,71,0,76,0,7,81,0,88,60,0,60,148
02/02/2010,ORH,MA,ANE,EN,Federal Contract Tower,0,0,13,0,13,0,2,71,2,75,0,2,84,2,88,72,2,74,162
02/03/2010,ORH,MA,ANE,EN,Federal Contract Tower,0,0,4,0,4,0,0,44,0,44,0,0,48,0,48,34,0,34,82
02/04/2010,ORH,MA,ANE,EN,Federal Contract Tower,2,1,16,2,21,0,1,66,2,69,2,2,82,4,90,58,0,58,148
02/05/2010,ORH,MA,ANE,EN,Federal Contract Tower,0,0,16,4,20,0,3,76,0,79,0,3,92,4,99,76,0,76,175
02/06/2010,ORH,MA,ANE,EN,Federal Contract Tower,0,0,19,0,19,0,0,67,0,67,0,0,86,0,86,56,0,56,142
02/07/2010,ORH,MA,ANE,EN,Federal Contract Tower,2,0,9,0,11,0,5,72,0,77,2,5,81,0,88,52,0,52,140
02/08/2010,ORH,MA,ANE,EN,Federal Contract Tower,0,0,10,6,16,0,5,75,0,80,0,5,85,6,96,38,0,38,134
02/09/2010,ORH,MA,ANE,EN,Federal Contract Tower,0,0,19,0,19,0,3,83,0,86,0,3,102,0,105,80,0,80,185
02/10/2010,ORH,MA,ANE,EN,Federal Contract Tower,0,0,3,0,3,0,0,0,0,0,0,0,3,0,3,0,0,0,3
02/11/2010,ORH,MA,ANE,EN,Federal Contract Tower,8,0,6,0,14,0,0,55,0,55,8,0,61,0,69,10,0,10,79
02/12/2010,ORH,MA,ANE,EN,Federal Contract Tower,4,0,18,0,22,0,0,67,0,67,4,0,85,0,89,42,0,42,131
02/13/2010,ORH,MA,ANE,EN,Federal Contract Tower,8,0,19,0,27,0,0,79,0,79,8,0,98,0,106,64,0,64,170
02/14/2010,ORH,MA,ANE,EN,Federal Contract Tower,8,0,20,0,28,0,1,69,0,70,8,1,89,0,98,48,0,48,146
02/15/2010,ORH,MA,ANE,EN,Federal Contract Tower,0,0,17,0,17,0,3,73,0,76,0,3,90,0,93,50,0,50,143
02/16/2010,ORH,MA,ANE,EN,Federal Contract Tower,0,2,4,0,6,0,0,0,0,0,0,2,4,0,6,0,0,0,6
02/17/2010,ORH,MA,ANE,EN,Federal Contract Tower,0,5,16,1,22,0,0,52,0,52,0,5,68,1,74,26,0,26,100
02/18/2010,ORH,MA,ANE,EN,Federal Contract Tower,8,4,13,4,29,0,1,50,1,52,8,5,63,5,81,28,0,28,109
02/19/2010,ORH,MA,ANE,EN,Federal Contract Tower,4,0,11,0,15,0,0,53,0,53,4,0,64,0,68,28,4,32,100
02/20/2010,ORH,MA,ANE,EN,Federal Contract Tower,8,0,8,2,18,0,0,81,1,82,8,0,89,3,100,52,2,54,154
02/21/2010,ORH,MA,ANE,EN,Federal Contract Tower,8,5,7,0,20,0,3,67,0,70,8,8,74,0,90,52,0,52,142
02/22/2010,ORH,MA,ANE,EN,Federal Contract Tower,0,0,11,0,11,0,4,76,1,81,0,4,87,1,92,70,0,70,162
02/23/2010,ORH,MA,ANE,EN,Federal Contract Tower,0,0,7,0,7,0,1,18,0,19,0,1,25,0,26,0,0,0,26
02/24/2010,ORH,MA,ANE,EN,Federal Contract Tower,0,0,4,0,4,0,0,0,0,0,0,0,4,0,4,0,0,0,4
02/25/2010,ORH,MA,ANE,EN,Federal Contract Tower,0,0,0,0,0,0,0,0,0,0,0,0,0,0,0,0,0,0,0
02/26/2010,ORH,MA,ANE,EN,Federal Contract Tower,3,4,2,0,9,0,0,0,0,0,3,4,2,0,9,0,0,0,9
02/27/2010,ORH,MA,ANE,EN,Federal Contract Tower,1,0,2,0,3,0,0,2,0,2,1,0,4,0,5,8,0,8,13
02/28/2010,ORH,MA,ANE,EN,Federal Contract Tower,4,0,7,0,11,0,2,15,0,17,4,2,22,0,28,22,0,22,50
03/01/2010,ORH,MA,ANE,EN,Federal Contract Tower,0,0,5,0,5,0,2,0,0,2,0,2,5,0,7,0,0,0,7
03/02/2010,ORH,MA,ANE,EN,Federal Contract Tower,0,0,10,0,10,0,3,56,0,59,0,3,66,0,69,54,0,54,123
03/03/2010,ORH,MA,ANE,EN,Federal Contract Tower,0,0,3,0,3,0,0,16,0,16,0,0,19,0,19,12,0,12,31
03/04/2010,ORH,MA,ANE,EN,Federal Contract Tower,4,2,12,0,18,0,0,29,1,30,4,2,41,1,48,14,0,14,62
03/05/2010,ORH,MA,ANE,EN,Federal Contract Tower,2,2,24,0,28,0,1,83,0,84,2,3,107,0,112,60,0,60,172
03/06/2010,ORH,MA,ANE,EN,Federal Contract Tower,4,0,19,0,23,0,0,61,0,61,4,0,80,0,84,60,0,60,144
03/07/2010,ORH,MA,ANE,EN,Federal Contract Tower,4,1,22,0,27,0,0,95,0,95,4,1,117,0,122,82,0,82,204
03/08/2010,ORH,MA,ANE,EN,Federal Contract Tower,2,6,6,0,14,0,7,54,0,61,2,13,60,0,75,58,0,58,133
03/09/2010,ORH,MA,ANE,EN,Federal Contract Tower,0,1,30,0,31,0,0,62,2,64,0,1,92,2,95,28,0,28,123
03/10/2010,ORH,MA,ANE,EN,Federal Contract Tower,0,1,25,0,26,0,0,70,0,70,0,1,95,0,96,76,0,76,172
03/11/2010,ORH,MA,ANE,EN,Federal Contract Tower,4,4,22,0,30,0,0,63,0,63,4,4,85,0,93,50,2,52,145
03/12/2010,ORH,MA,ANE,EN,Federal Contract Tower,0,2,15,0,17,0,0,58,2,60,0,2,73,2,77,52,4,56,133
03/13/2010,ORH,MA,ANE,EN,Federal Contract Tower,2,0,3,0,5,0,0,0,0,0,2,0,3,0,5,0,0,0,5
03/14/2010,ORH,MA,ANE,EN,Federal Contract Tower,5,0,4,0,9,0,0,0,0,0,5,0,4,0,9,0,0,0,9
03/15/2010,ORH,MA,ANE,EN,Federal Contract Tower,0,2,4,0,6,0,0,0,0,0,0,2,4,0,6,0,0,0,6
03/16/2010,ORH,MA,ANE,EN,Federal Contract Tower,0,1,25,2,28,0,4,75,1,80,0,5,100,3,108,48,0,48,156
03/17/2010,ORH,MA,ANE,EN,Federal Contract Tower,0,4,8,4,16,0,2,71,0,73,0,6,79,4,89,56,0,56,145
03/18/2010,ORH,MA,ANE,EN,Federal Contract Tower,6,0,19,0,25,0,4,73,3,80,6,4,92,3,105,48,10,58,163
03/19/2010,ORH,MA,ANE,EN,Federal Contract Tower,0,0,14,8,22,0,0,94,0,94,0,0,108,8,116,64,0,64,180
03/20/2010,ORH,MA,ANE,EN,Federal Contract Tower,2,0,11,0,13,0,0,86,0,86,2,0,97,0,99,76,0,76,175
03/21/2010,ORH,MA,ANE,EN,Federal Contract Tower,6,0,9,0,15,0,5,91,0,96,6,5,100,0,111,102,0,102,213
03/22/2010,ORH,MA,ANE,EN,Federal Contract Tower,0,2,2,0,4,0,0,0,0,0,0,2,2,0,4,0,0,0,4
03/23/2010,ORH,MA,ANE,EN,Federal Contract Tower,0,0,0,0,0,0,0,0,0,0,0,0,0,0,0,0,0,0,0
03/24/2010,ORH,MA,ANE,EN,Federal Contract Tower,0,1,17,0,18,0,0,51,0,51,0,1,68,0,69,4,0,4,73
03/25/2010,ORH,MA,ANE,EN,Federal Contract Tower,8,0,25,2,35,0,0,64,0,64,8,0,89,2,99,46,0,46,145
03/26/2010,ORH,MA,ANE,EN,Federal Contract Tower,0,0,6,0,6,0,2,61,2,65,0,2,67,2,71,54,2,56,127
03/27/2010,ORH,MA,ANE,EN,Federal Contract Tower,0,1,14,4,19,0,0,85,0,85,0,1,99,4,104,80,0,80,184
03/28/2010,ORH,MA,ANE,EN,Federal Contract Tower,6,0,16,0,22,0,1,63,0,64,6,1,79,0,86,58,0,58,144
03/29/2010,ORH,MA,ANE,EN,Federal Contract Tower,0,5,7,2,14,0,0,0,0,0,0,5,7,2,14,0,0,0,14
03/30/2010,ORH,MA,ANE,EN,Federal Contract Tower,0,1,11,0,12,0,0,0,0,0,0,1,11,0,12,0,0,0,12
03/31/2010,ORH,MA,ANE,EN,Federal Contract Tower,0,5,17,0,22,0,0,0,0,0,0,5,17,0,22,0,0,0,22
04/01/2010,ORH,MA,ANE,EN,Federal Contract Tower,6,3,12,0,21,0,6,82,0,88,6,9,94,0,109,102,0,102,211
04/02/2010,ORH,MA,ANE,EN,Federal Contract Tower,0,2,30,0,32,0,2,90,0,92,0,4,120,0,124,90,0,90,214
04/03/2010,ORH,MA,ANE,EN,Federal Contract Tower,0,1,35,0,36,0,0,82,0,82,0,1,117,0,118,76,0,76,194
04/04/2010,ORH,MA,ANE,EN,Federal Contract Tower,6,2,10,0,18,0,0,74,0,74,6,2,84,0,92,44,0,44,136
04/05/2010,ORH,MA,ANE,EN,Federal Contract Tower,0,6,16,0,22,0,5,82,0,87,0,11,98,0,109,60,0,60,169
04/06/2010,ORH,MA,ANE,EN,Federal Contract Tower,0,4,11,0,15,0,4,65,0,69,0,8,76,0,84,40,0,40,124
04/07/2010,ORH,MA,ANE,EN,Federal Contract Tower,0,1,14,2,17,0,1,88,2,91,0,2,102,4,108,48,2,50,158
04/08/2010,ORH,MA,ANE,EN,Federal Contract Tower,6,0,7,0,13,0,2,83,0,85,6,2,90,0,98,72,0,72,170
04/09/2010,ORH,MA,ANE,EN,Federal Contract Tower,0,0,9,0,9,0,0,0,0,0,0,0,9,0,9,0,0,0,9
04/10/2010,ORH,MA,ANE,EN,Federal Contract Tower,2,0,12,0,14,0,0,95,1,96,2,0,107,1,110,86,0,86,196
04/11/2010,ORH,MA,ANE,EN,Federal Contract Tower,6,0,15,0,21,0,1,77,0,78,6,1,92,0,99,78,0,78,177
04/12/2010,ORH,MA,ANE,EN,Federal Contract Tower,0,0,7,0,7,0,2,85,0,87,0,2,92,0,94,62,0,62,156
04/13/2010,ORH,MA,ANE,EN,Federal Contract Tower,0,0,13,2,15,0,2,78,1,81,0,2,91,3,96,30,2,32,128
04/14/2010,ORH,MA,ANE,EN,Federal Contract Tower,0,2,22,2,26,0,0,77,1,78,0,2,99,3,104,44,8,52,156
04/15/2010,ORH,MA,ANE,EN,Federal Contract Tower,10,4,16,0,30,0,0,83,0,83,10,4,99,0,113,44,0,44,157
04/16/2010,ORH,MA,ANE,EN,Federal Contract Tower,0,4,14,0,18,0,2,63,0,65,0,6,77,0,83,60,0,60,143
04/17/2010,ORH,MA,ANE,EN,Federal Contract Tower,8,0,12,0,20,0,0,0,0,0,8,0,12,0,20,4,0,4,24
04/18/2010,ORH,MA,ANE,EN,Federal Contract Tower,8,1,11,0,20,0,1,74,0,75,8,2,85,0,95,52,0,52,147
04/19/2010,ORH,MA,ANE,EN,Federal Contract Tower,2,1,8,0,11,0,11,86,0,97,2,12,94,0,108,52,0,52,160
04/20/2010,ORH,MA,ANE,EN,Federal Contract Tower,0,1,10,0,11,0,4,71,2,77,0,5,81,2,88,56,0,56,144
04/21/2010,ORH,MA,ANE,EN,Federal Contract Tower,0,4,17,0,21,0,0,80,0,80,0,4,97,0,101,32,0,32,133
04/22/2010,ORH,MA,ANE,EN,Federal Contract Tower,7,1,5,0,13,0,0,69,0,69,7,1,74,0,82,78,0,78,160
04/23/2010,ORH,MA,ANE,EN,Federal Contract Tower,0,0,16,0,16,0,5,86,0,91,0,5,102,0,107,66,0,66,173
04/24/2010,ORH,MA,ANE,EN,Federal Contract Tower,3,0,18,0,21,0,5,90,1,96,3,5,108,1,117,94,4,98,215
04/25/2010,ORH,MA,ANE,EN,Federal Contract Tower,13,2,9,0,24,0,0,51,0,51,13,2,60,0,75,36,0,36,111
04/26/2010,ORH,MA,ANE,EN,Federal Contract Tower,0,0,17,2,19,0,2,19,1,22,0,2,36,3,41,14,0,14,55
04/27/2010,ORH,MA,ANE,EN,Federal Contract Tower,0,0,13,0,13,0,0,0,0,0,0,0,13,0,13,0,0,0,13
04/28/2010,ORH,MA,ANE,EN,Federal Contract Tower,0,4,6,2,12,0,0,17,0,17,0,4,23,2,29,12,0,12,41
04/29/2010,ORH,MA,ANE,EN,Federal Contract Tower,6,3,15,0,24,0,2,71,0,73,6,5,86,0,97,10,4,14,111
04/30/2010,ORH,MA,ANE,EN,Federal Contract Tower,0,0,12,0,12,0,0,88,0,88,0,0,100,0,100,72,0,72,172
05/01/2010,ORH,MA,ANE,EN,Federal Contract Tower,2,0,31,0,33,0,0,79,0,79,2,0,110,0,112,68,0,68,180
05/02/2010,ORH,MA,ANE,EN,Federal Contract Tower,6,1,5,0,12,0,2,79,0,81,6,3,84,0,93,64,0,64,157
05/03/2010,ORH,MA,ANE,EN,Federal Contract Tower,0,0,10,0,10,0,0,14,0,14,0,0,24,0,24,2,0,2,26
05/04/2010,ORH,MA,ANE,EN,Federal Contract Tower,0,1,3,0,4,0,0,19,0,19,0,1,22,0,23,0,0,0,23
05/05/2010,ORH,MA,ANE,EN,Federal Contract Tower,0,2,19,0,21,0,0,74,0,74,0,2,93,0,95,56,0,56,151
05/06/2010,ORH,MA,ANE,EN,Federal Contract Tower,2,3,7,2,14,0,0,25,0,25,2,3,32,2,39,22,0,22,61
05/07/2010,ORH,MA,ANE,EN,Federal Contract Tower,0,4,29,0,33,0,0,81,0,81,0,4,110,0,114,76,0,76,190
05/08/2010,ORH,MA,ANE,EN,Federal Contract Tower,0,0,7,0,7,0,0,0,0,0,0,0,7,0,7,0,0,0,7
05/09/2010,ORH,MA,ANE,EN,Federal Contract Tower,4,2,0,0,6,0,0,60,4,64,4,2,60,4,70,8,0,8,78
05/10/2010,ORH,MA,ANE,EN,Federal Contract Tower,0,2,7,0,9,0,3,68,0,71,0,5,75,0,80,48,0,48,128
05/11/2010,ORH,MA,ANE,EN,Federal Contract Tower,0,0,19,0,19,0,1,76,4,81,0,1,95,4,100,40,0,40,140
05/12/2010,ORH,MA,ANE,EN,Federal Contract Tower,0,2,22,0,24,0,0,12,2,14,0,2,34,2,38,0,0,0,38
05/13/2010,ORH,MA,ANE,EN,Federal Contract Tower,2,1,14,0,17,0,2,81,0,83,2,3,95,0,100,46,8,54,154
05/14/2010,ORH,MA,ANE,EN,Federal Contract Tower,0,1,20,0,21,0,0,34,0,34,0,1,54,0,55,26,0,26,81
05/15/2010,ORH,MA,ANE,EN,Federal Contract Tower,0,0,8,2,10,0,0,74,0,74,0,0,82,2,84,52,0,52,136
05/16/2010,ORH,MA,ANE,EN,Federal Contract Tower,4,2,17,0,23,0,1,96,0,97,4,3,113,0,120,76,0,76,196
05/17/2010,ORH,MA,ANE,EN,Federal Contract Tower,0,0,27,0,27,0,6,83,0,89,0,6,110,0,116,76,0,76,192
05/18/2010,ORH,MA,ANE,EN,Federal Contract Tower,0,1,9,0,10,0,0,50,0,50,0,1,59,0,60,60,0,60,120
05/19/2010,ORH,MA,ANE,EN,Federal Contract Tower,0,3,14,0,17,0,0,0,0,0,0,3,14,0,17,0,0,0,17
05/20/2010,ORH,MA,ANE,EN,Federal Contract Tower,2,2,19,0,23,0,2,76,0,78,2,4,95,0,101,56,0,56,157
05/21/2010,ORH,MA,ANE,EN,Federal Contract Tower,0,2,28,0,30,0,3,79,0,82,0,5,107,0,112,70,0,70,182
05/22/2010,ORH,MA,ANE,EN,Federal Contract Tower,0,0,14,0,14,0,0,76,4,80,0,0,90,4,94,74,4,78,172
05/23/2010,ORH,MA,ANE,EN,Federal Contract Tower,4,3,16,0,23,0,1,38,0,39,4,4,54,0,62,44,0,44,106
05/24/2010,ORH,MA,ANE,EN,Federal Contract Tower,0,1,5,0,6,0,4,74,0,78,0,5,79,0,84,44,0,44,128
05/25/2010,ORH,MA,ANE,EN,Federal Contract Tower,0,2,20,0,22,0,3,62,4,69,0,5,82,4,91,56,12,68,159
05/26/2010,ORH,MA,ANE,EN,Federal Contract Tower,0,2,10,0,12,0,2,73,2,77,0,4,83,2,89,44,4,48,137
05/27/2010,ORH,MA,ANE,EN,Federal Contract Tower,2,6,19,0,27,0,0,63,1,64,2,6,82,1,91,30,0,30,121
05/28/2010,ORH,MA,ANE,EN,Federal Contract Tower,0,2,30,0,32,0,0,81,0,81,0,2,111,0,113,62,0,62,175
05/29/2010,ORH,MA,ANE,EN,Federal Contract Tower,0,0,18,0,18,0,0,64,0,64,0,0,82,0,82,42,0,42,124
05/30/2010,ORH,MA,ANE,EN,Federal Contract Tower,4,0,12,0,16,0,0,73,0,73,4,0,85,0,89,64,0,64,153
05/31/2010,ORH,MA,ANE,EN,Federal Contract Tower,0,4,13,0,17,0,5,82,5,92,0,9,95,5,109,74,0,74,183
06/01/2010,ORH,MA,ANE,EN,Federal Contract Tower,0,1,10,2,13,0,2,16,0,18,0,3,26,2,31,14,0,14,45
06/02/2010,ORH,MA,ANE,EN,Federal Contract Tower,0,0,30,0,30,0,0,88,0,88,0,0,118,0,118,46,0,46,164
06/03/2010,ORH,MA,ANE,EN,Federal Contract Tower,2,3,21,0,26,0,0,58,0,58,2,3,79,0,84,14,0,14,98
06/04/2010,ORH,MA,ANE,EN,Federal Contract Tower,0,2,42,0,44,0,2,78,0,80,0,4,120,0,124,62,0,62,186
06/05/2010,ORH,MA,ANE,EN,Federal Contract Tower,2,2,2,0,6,0,0,45,0,45,2,2,47,0,51,0,0,0,51
06/06/2010,ORH,MA,ANE,EN,Federal Contract Tower,4,0,4,0,8,0,0,14,0,14,4,0,18,0,22,18,0,18,40
06/07/2010,ORH,MA,ANE,EN,Federal Contract Tower,0,2,40,0,42,0,0,93,0,93,0,2,133,0,135,80,0,80,215
06/08/2010,ORH,MA,ANE,EN,Federal Contract Tower,0,0,32,0,32,0,3,78,1,82,0,3,110,1,114,74,1,75,189
06/09/2010,ORH,MA,ANE,EN,Federal Contract Tower,0,2,32,0,34,0,0,62,0,62,0,2,94,0,96,24,0,24,120
06/10/2010,ORH,MA,ANE,EN,Federal Contract Tower,2,2,14,0,18,0,0,0,0,0,2,2,14,0,18,0,0,0,18
06/11/2010,ORH,MA,ANE,EN,Federal Contract Tower,0,1,34,2,37,0,0,45,0,45,0,1,79,2,82,38,0,38,120
06/12/2010,ORH,MA,ANE,EN,Federal Contract Tower,2,0,27,0,29,0,0,10,0,10,2,0,37,0,39,20,0,20,59
06/13/2010,ORH,MA,ANE,EN,Federal Contract Tower,6,1,12,0,19,0,0,0,0,0,6,1,12,0,19,0,0,0,19
06/14/2010,ORH,MA,ANE,EN,Federal Contract Tower,0,0,15,0,15,0,4,56,3,63,0,4,71,3,78,52,6,58,136
06/15/2010,ORH,MA,ANE,EN,Federal Contract Tower,0,3,20,0,23,0,7,103,2,112,0,10,123,2,135,92,6,98,233
06/16/2010,ORH,MA,ANE,EN,Federal Contract Tower,0,1,21,0,22,0,1,55,0,56,0,2,76,0,78,62,0,62,140
06/17/2010,ORH,MA,ANE,EN,Federal Contract Tower,4,3,23,0,30,0,0,34,0,34,4,3,57,0,64,14,0,14,78
06/18/2010,ORH,MA,ANE,EN,Federal Contract Tower,0,0,13,0,13,0,0,85,0,85,0,0,98,0,98,76,0,76,174
06/19/2010,ORH,MA,ANE,EN,Federal Contract Tower,2,0,19,0,21,0,0,81,0,81,2,0,100,0,102,74,0,74,176
06/20/2010,ORH,MA,ANE,EN,Federal Contract Tower,4,2,11,0,17,0,4,70,0,74,4,6,81,0,91,64,0,64,155
06/21/2010,ORH,MA,ANE,EN,Federal Contract Tower,0,1,24,0,25,0,4,88,2,94,0,5,112,2,119,58,10,68,187
06/22/2010,ORH,MA,ANE,EN,Federal Contract Tower,0,0,29,0,29,0,1,79,1,81,0,1,108,1,110,36,0,36,146
06/23/2010,ORH,MA,ANE,EN,Federal Contract Tower,0,1,31,0,32,0,0,55,0,55,0,1,86,0,87,30,0,30,117
06/24/2010,ORH,MA,ANE,EN,Federal Contract Tower,6,2,9,0,17,0,0,55,0,55,6,2,64,0,72,4,0,4,76
06/25/2010,ORH,MA,ANE,EN,Federal Contract Tower,0,0,11,0,11,0,2,90,3,95,0,2,101,3,106,76,4,80,186
06/26/2010,ORH,MA,ANE,EN,Federal Contract Tower,4,0,14,0,18,0,0,88,0,88,4,0,102,0,106,70,0,70,176
06/27/2010,ORH,MA,ANE,EN,Federal Contract Tower,6,1,23,0,30,0,1,82,0,83,6,2,105,0,113,64,0,64,177
06/28/2010,ORH,MA,ANE,EN,Federal Contract Tower,1,5,6,0,12,0,5,59,0,64,1,10,65,0,76,42,0,42,118
06/29/2010,ORH,MA,ANE,EN,Federal Contract Tower,0,2,17,0,19,0,5,80,0,85,0,7,97,0,104,66,0,66,170
06/30/2010,ORH,MA,ANE,EN,Federal Contract Tower,0,2,16,0,18,0,5,66,1,72,0,7,82,1,90,54,8,62,152
07/01/2010,ORH,MA,ANE,EN,Federal Contract Tower,8,7,18,0,33,0,3,74,0,77,8,10,92,0,110,72,0,72,182
07/02/2010,ORH,MA,ANE,EN,Federal Contract Tower,0,0,19,0,19,0,3,86,0,89,0,3,105,0,108,74,0,74,182
07/03/2010,ORH,MA,ANE,EN,Federal Contract Tower,4,0,16,0,20,0,2,77,5,84,4,2,93,5,104,68,10,78,182
07/04/2010,ORH,MA,ANE,EN,Federal Contract Tower,6,0,1,0,7,0,0,84,1,85,6,0,85,1,92,54,0,54,146
07/05/2010,ORH,MA,ANE,EN,Federal Contract Tower,0,2,13,0,15,0,2,88,0,90,0,4,101,0,105,50,0,50,155
07/06/2010,ORH,MA,ANE,EN,Federal Contract Tower,0,0,8,0,8,0,2,79,0,81,0,2,87,0,89,18,0,18,107
07/07/2010,ORH,MA,ANE,EN,Federal Contract Tower,0,1,12,0,13,0,2,67,0,69,0,3,79,0,82,16,0,16,98
07/08/2010,ORH,MA,ANE,EN,Federal Contract Tower,6,0,12,0,18,0,2,65,2,69,6,2,77,2,87,74,0,74,161
07/09/2010,ORH,MA,ANE,EN,Federal Contract Tower,0,3,9,0,12,0,2,77,0,79,0,5,86,0,91,84,0,84,175
07/10/2010,ORH,MA,ANE,EN,Federal Contract Tower,3,0,7,0,10,0,0,27,0,27,3,0,34,0,37,26,0,26,63
07/11/2010,ORH,MA,ANE,EN,Federal Contract Tower,6,0,5,0,11,0,3,70,0,73,6,3,75,0,84,78,0,78,162
07/12/2010,ORH,MA,ANE,EN,Federal Contract Tower,0,0,18,0,18,0,4,80,0,84,0,4,98,0,102,44,0,44,146
07/13/2010,ORH,MA,ANE,EN,Federal Contract Tower,0,0,8,0,8,0,3,45,0,48,0,3,53,0,56,50,0,50,106
07/14/2010,ORH,MA,ANE,EN,Federal Contract Tower,0,4,8,0,12,0,0,0,0,0,0,4,8,0,12,0,0,0,12
07/15/2010,ORH,MA,ANE,EN,Federal Contract Tower,6,0,45,0,51,0,0,52,0,52,6,0,97,0,103,16,0,16,119
07/16/2010,ORH,MA,ANE,EN,Federal Contract Tower,0,0,19,1,20,0,0,45,0,45,0,0,64,1,65,12,0,12,77
07/17/2010,ORH,MA,ANE,EN,Federal Contract Tower,4,0,16,0,20,0,2,88,0,90,4,2,104,0,110,74,0,74,184
07/18/2010,ORH,MA,ANE,EN,Federal Contract Tower,6,0,21,0,27,0,3,91,0,94,6,3,112,0,121,86,0,86,207
07/19/2010,ORH,MA,ANE,EN,Federal Contract Tower,0,0,12,0,12,0,0,70,0,70,0,0,82,0,82,62,0,62,144
07/20/2010,ORH,MA,ANE,EN,Federal Contract Tower,0,1,31,0,32,0,2,99,0,101,0,3,130,0,133,82,0,82,215
07/21/2010,ORH,MA,ANE,EN,Federal Contract Tower,0,3,17,0,20,0,2,50,0,52,0,5,67,0,72,44,0,44,116
07/22/2010,ORH,MA,ANE,EN,Federal Contract Tower,6,0,27,0,33,0,3,69,0,72,6,3,96,0,105,26,0,26,131
07/23/2010,ORH,MA,ANE,EN,Federal Contract Tower,0,0,16,0,16,0,0,54,0,54,0,0,70,0,70,32,0,32,102
07/24/2010,ORH,MA,ANE,EN,Federal Contract Tower,4,1,5,0,10,0,0,80,0,80,4,1,85,0,90,76,0,76,166
07/25/2010,ORH,MA,ANE,EN,Federal Contract Tower,4,0,13,0,17,0,4,82,0,86,4,4,95,0,103,82,0,82,185
07/26/2010,ORH,MA,ANE,EN,Federal Contract Tower,0,2,21,0,23,0,5,81,0,86,0,7,102,0,109,96,0,96,205
07/27/2010,ORH,MA,ANE,EN,Federal Contract Tower,0,4,28,0,32,0,4,83,0,87,0,8,111,0,119,82,0,82,201
07/28/2010,ORH,MA,ANE,EN,Federal Contract Tower,0,0,26,0,26,0,0,77,0,77,0,0,103,0,103,52,0,52,155
07/29/2010,ORH,MA,ANE,EN,Federal Contract Tower,4,6,13,0,23,0,2,72,0,74,4,8,85,0,97,84,0,84,181
07/30/2010,ORH,MA,ANE,EN,Federal Contract Tower,0,0,13,0,13,0,0,65,0,65,0,0,78,0,78,56,0,56,134
07/31/2010,ORH,MA,ANE,EN,Federal Contract Tower,3,0,14,0,17,0,0,85,0,85,3,0,99,0,102,70,0,70,172
08/01/2010,ORH,MA,ANE,EN,Federal Contract Tower,7,1,13,0,21,0,3,74,0,77,7,4,87,0,98,76,0,76,174
08/02/2010,ORH,MA,ANE,EN,Federal Contract Tower,0,2,8,0,10,0,3,72,0,75,0,5,80,0,85,62,0,62,147
08/03/2010,ORH,MA,ANE,EN,Federal Contract Tower,0,2,12,0,14,0,1,80,2,83,0,3,92,2,97,52,20,72,169
08/04/2010,ORH,MA,ANE,EN,Federal Contract Tower,0,3,13,0,16,0,0,81,3,84,0,3,94,3,100,68,10,78,178
08/05/2010,ORH,MA,ANE,EN,Federal Contract Tower,6,1,11,0,18,0,0,27,0,27,6,1,38,0,45,36,0,36,81
08/06/2010,ORH,MA,ANE,EN,Federal Contract Tower,0,0,15,0,15,0,1,76,3,80,0,1,91,3,95,78,8,86,181
08/07/2010,ORH,MA,ANE,EN,Federal Contract Tower,4,2,14,0,20,0,0,92,0,92,4,2,106,0,112,64,0,64,176
08/08/2010,ORH,MA,ANE,EN,Federal Contract Tower,6,2,12,0,20,0,1,66,0,67,6,3,78,0,87,54,0,54,141
08/09/2010,ORH,MA,ANE,EN,Federal Contract Tower,0,4,19,0,23,0,2,84,0,86,0,6,103,0,109,66,0,66,175
08/10/2010,ORH,MA,ANE,EN,Federal Contract Tower,0,0,12,0,12,0,1,94,2,97,0,1,106,2,109,78,0,78,187
08/11/2010,ORH,MA,ANE,EN,Federal Contract Tower,0,6,32,0,38,0,0,70,0,70,0,6,102,0,108,70,0,70,178
08/12/2010,ORH,MA,ANE,EN,Federal Contract Tower,6,2,12,2,22,0,1,70,3,74,6,3,82,5,96,68,8,76,172
08/13/2010,ORH,MA,ANE,EN,Federal Contract Tower,0,0,10,0,10,0,0,79,0,79,0,0,89,0,89,86,0,86,175
08/14/2010,ORH,MA,ANE,EN,Federal Contract Tower,4,10,0,0,14,0,0,91,0,91,4,10,91,0,105,74,0,74,179
08/15/2010,ORH,MA,ANE,EN,Federal Contract Tower,6,0,8,0,14,0,2,78,0,80,6,2,86,0,94,50,0,50,144
08/16/2010,ORH,MA,ANE,EN,Federal Contract Tower,0,3,17,0,20,0,2,1,0,3,0,5,18,0,23,2,0,2,25
08/17/2010,ORH,MA,ANE,EN,Federal Contract Tower,0,1,20,0,21,0,1,72,0,73,0,2,92,0,94,42,0,42,136
08/18/2010,ORH,MA,ANE,EN,Federal Contract Tower,0,2,46,0,48,0,0,72,0,72,0,2,118,0,120,50,0,50,170
08/19/2010,ORH,MA,ANE,EN,Federal Contract Tower,4,4,27,0,35,0,0,76,0,76,4,4,103,0,111,28,0,28,139
08/20/2010,ORH,MA,ANE,EN,Federal Contract Tower,0,1,13,0,14,0,2,99,0,101,0,3,112,0,115,82,0,82,197
08/21/2010,ORH,MA,ANE,EN,Federal Contract Tower,2,0,5,0,7,0,1,93,3,97,2,1,98,3,104,94,10,104,208
08/22/2010,ORH,MA,ANE,EN,Federal Contract Tower,4,3,26,0,33,0,0,0,0,0,4,3,26,0,33,8,0,8,41
08/23/2010,ORH,MA,ANE,EN,Federal Contract Tower,0,2,11,0,13,0,0,0,0,0,0,2,11,0,13,0,0,0,13
08/24/2010,ORH,MA,ANE,EN,Federal Contract Tower,0,1,20,0,21,0,0,0,0,0,0,1,20,0,21,0,0,0,21
08/25/2010,ORH,MA,ANE,EN,Federal Contract Tower,0,3,36,6,45,0,0,0,0,0,0,3,36,6,45,0,0,0,45
08/26/2010,ORH,MA,ANE,EN,Federal Contract Tower,4,1,41,6,52,0,0,60,0,60,4,1,101,6,112,34,0,34,146
08/27/2010,ORH,MA,ANE,EN,Federal Contract Tower,0,0,11,0,11,0,0,79,0,79,0,0,90,0,90,80,20,100,190
08/28/2010,ORH,MA,ANE,EN,Federal Contract Tower,2,0,22,0,24,0,0,78,0,78,2,0,100,0,102,68,0,68,170
08/29/2010,ORH,MA,ANE,EN,Federal Contract Tower,6,5,5,0,16,0,3,90,0,93,6,8,95,0,109,58,0,58,167
08/30/2010,ORH,MA,ANE,EN,Federal Contract Tower,0,2,11,0,13,0,4,94,0,98,0,6,105,0,111,50,0,50,161
08/31/2010,ORH,MA,ANE,EN,Federal Contract Tower,0,1,9,0,10,0,3,73,2,78,0,4,82,2,88,60,10,70,158
09/01/2010,ORH,MA,ANE,EN,Federal Contract Tower,0,0,17,0,17,0,0,69,1,70,0,0,86,1,87,30,4,34,121
09/02/2010,ORH,MA,ANE,EN,Federal Contract Tower,4,1,26,0,31,0,0,80,5,85,4,1,106,5,116,58,6,64,180
09/03/2010,ORH,MA,ANE,EN,Federal Contract Tower,0,0,11,0,11,0,0,41,0,41,0,0,52,0,52,14,0,14,66
09/04/2010,ORH,MA,ANE,EN,Federal Contract Tower,0,2,3,0,5,0,0,71,0,71,0,2,74,0,76,60,0,60,136
09/05/2010,ORH,MA,ANE,EN,Federal Contract Tower,4,2,9,0,15,0,4,76,0,80,4,6,85,0,95,56,0,56,151
09/06/2010,ORH,MA,ANE,EN,Federal Contract Tower,0,3,21,0,24,0,8,93,0,101,0,11,114,0,125,62,0,62,187
09/07/2010,ORH,MA,ANE,EN,Federal Contract Tower,0,0,9,2,11,0,4,61,0,65,0,4,70,2,76,42,0,42,118
09/08/2010,ORH,MA,ANE,EN,Federal Contract Tower,0,3,16,2,21,0,0,33,0,33,0,3,49,2,54,8,0,8,62
09/09/2010,ORH,MA,ANE,EN,Federal Contract Tower,2,0,17,0,19,0,0,66,0,66,2,0,83,0,85,28,0,28,113
09/10/2010,ORH,MA,ANE,EN,Federal Contract Tower,0,0,30,0,30,0,0,68,0,68,0,0,98,0,98,48,0,48,146
09/11/2010,ORH,MA,ANE,EN,Federal Contract Tower,2,1,22,0,25,0,2,83,2,87,2,3,105,2,112,74,6,80,192
09/12/2010,ORH,MA,ANE,EN,Federal Contract Tower,2,7,21,0,30,0,3,80,4,87,2,10,101,4,117,64,0,64,181
09/13/2010,ORH,MA,ANE,EN,Federal Contract Tower,0,1,7,0,8,0,3,43,0,46,0,4,50,0,54,28,0,28,82
09/14/2010,ORH,MA,ANE,EN,Federal Contract Tower,0,5,19,0,24,0,1,60,0,61,0,6,79,0,85,17,0,17,102
09/15/2010,ORH,MA,ANE,EN,Federal Contract Tower,0,1,35,0,36,0,0,83,0,83,0,1,118,0,119,40,6,46,165
09/16/2010,ORH,MA,ANE,EN,Federal Contract Tower,2,2,9,0,13,0,0,59,0,59,2,2,68,0,72,36,0,36,108
09/17/2010,ORH,MA,ANE,EN,Federal Contract Tower,0,2,19,0,21,0,0,58,2,60,0,2,77,2,81,40,0,40,121
09/18/2010,ORH,MA,ANE,EN,Federal Contract Tower,0,2,24,0,26,0,2,58,1,61,0,4,82,1,87,70,0,70,157
09/19/2010,ORH,MA,ANE,EN,Federal Contract Tower,2,2,22,0,26,0,0,92,0,92,2,2,114,0,118,82,0,82,200
09/20/2010,ORH,MA,ANE,EN,Federal Contract Tower,0,2,6,0,8,0,2,65,0,67,0,4,71,0,75,32,0,32,107
09/21/2010,ORH,MA,ANE,EN,Federal Contract Tower,0,0,29,0,29,0,4,90,0,94,0,4,119,0,123,30,0,30,153
09/22/2010,ORH,MA,ANE,EN,Federal Contract Tower,0,8,35,3,46,0,1,60,0,61,0,9,95,3,107,22,0,22,129
09/23/2010,ORH,MA,ANE,EN,Federal Contract Tower,2,0,23,0,25,0,0,75,0,75,2,0,98,0,100,36,0,36,136
09/24/2010,ORH,MA,ANE,EN,Federal Contract Tower,0,0,19,0,19,0,0,49,0,49,0,0,68,0,68,30,0,30,98
09/25/2010,ORH,MA,ANE,EN,Federal Contract Tower,0,0,14,0,14,0,0,67,0,67,0,0,81,0,81,76,0,76,157
09/26/2010,ORH,MA,ANE,EN,Federal Contract Tower,2,0,19,0,21,0,1,69,0,70,2,1,88,0,91,62,0,62,153
09/27/2010,ORH,MA,ANE,EN,Federal Contract Tower,0,0,0,0,0,0,0,0,0,0,0,0,0,0,0,0,0,0,0
09/28/2010,ORH,MA,ANE,EN,Federal Contract Tower,0,0,0,0,0,0,0,0,0,0,0,0,0,0,0,0,0,0,0
09/29/2010,ORH,MA,ANE,EN,Federal Contract Tower,0,0,0,0,0,0,0,0,0,0,0,0,0,0,0,0,0,0,0
09/30/2010,ORH,MA,ANE,EN,Federal Contract Tower,2,0,1,0,3,0,0,0,0,0,2,0,1,0,3,0,0,0,3
10/01/2010,ORH,MA,ANE,EN,Federal Contract Tower,0,0,3,0,3,0,0,0,0,0,0,0,3,0,3,0,0,0,3
10/02/2010,ORH,MA,ANE,EN,Federal Contract Tower,0,0,17,2,19,0,0,89,4,93,0,0,106,6,112,82,0,82,194
10/03/2010,ORH,MA,ANE,EN,Federal Contract Tower,2,1,11,0,14,0,3,88,0,91,2,4,99,0,105,62,0,62,167
10/04/2010,ORH,MA,ANE,EN,Federal Contract Tower,0,1,9,0,10,0,1,50,2,53,0,2,59,2,63,38,0,38,101
10/05/2010,ORH,MA,ANE,EN,Federal Contract Tower,0,0,7,2,9,0,0,0,0,0,0,0,7,2,9,0,0,0,9
10/06/2010,ORH,MA,ANE,EN,Federal Contract Tower,0,0,0,4,4,0,0,0,0,0,0,0,0,4,4,0,0,0,4
10/07/2010,ORH,MA,ANE,EN,Federal Contract Tower,4,3,17,2,26,0,1,44,0,45,4,4,61,2,71,36,0,36,107
10/08/2010,ORH,MA,ANE,EN,Federal Contract Tower,0,2,12,0,14,0,1,90,0,91,0,3,102,0,105,90,0,90,195
10/09/2010,ORH,MA,ANE,EN,Federal Contract Tower,2,0,24,0,26,0,0,81,0,81,2,0,105,0,107,64,0,64,171
10/10/2010,ORH,MA,ANE,EN,Federal Contract Tower,4,0,17,0,21,0,3,87,0,90,4,3,104,0,111,68,0,68,179
10/11/2010,ORH,MA,ANE,EN,Federal Contract Tower,0,0,13,0,13,0,7,87,2,96,0,7,100,2,109,62,2,64,173
10/12/2010,ORH,MA,ANE,EN,Federal Contract Tower,0,0,8,0,8,0,2,71,0,73,0,2,79,0,81,82,0,82,163
10/13/2010,ORH,MA,ANE,EN,Federal Contract Tower,0,1,16,2,19,0,0,72,0,72,0,1,88,2,91,88,0,88,179
10/14/2010,ORH,MA,ANE,EN,Federal Contract Tower,4,4,9,2,19,0,0,70,0,70,4,4,79,2,89,22,0,22,111
10/15/2010,ORH,MA,ANE,EN,Federal Contract Tower,0,1,9,0,10,0,0,1,0,1,0,1,10,0,11,0,0,0,11
10/16/2010,ORH,MA,ANE,EN,Federal Contract Tower,2,0,3,0,5,0,0,8,0,8,2,0,11,0,13,0,0,0,13
10/17/2010,ORH,MA,ANE,EN,Federal Contract Tower,4,0,19,2,25,0,4,70,0,74,4,4,89,2,99,84,2,86,185
10/18/2010,ORH,MA,ANE,EN,Federal Contract Tower,0,0,8,0,8,0,4,83,0,87,0,4,91,0,95,86,0,86,181
10/19/2010,ORH,MA,ANE,EN,Federal Contract Tower,0,2,16,2,20,0,4,71,0,75,0,6,87,2,95,38,0,38,133
10/20/2010,ORH,MA,ANE,EN,Federal Contract Tower,0,2,15,2,19,0,0,66,0,66,0,2,81,2,85,32,0,32,117
10/21/2010,ORH,MA,ANE,EN,Federal Contract Tower,4,1,6,4,15,0,0,25,0,25,4,1,31,4,40,20,0,20,60
10/22/2010,ORH,MA,ANE,EN,Federal Contract Tower,0,2,20,0,22,0,0,62,0,62,0,2,82,0,84,42,0,42,126
10/23/2010,ORH,MA,ANE,EN,Federal Contract Tower,2,0,7,0,9,0,1,80,2,83,2,1,87,2,92,76,4,80,172
10/24/2010,ORH,MA,ANE,EN,Federal Contract Tower,3,0,7,0,10,0,4,63,0,67,3,4,70,0,77,52,0,52,129
10/25/2010,ORH,MA,ANE,EN,Federal Contract Tower,0,2,13,0,15,0,0,6,0,6,0,2,19,0,21,0,0,0,21
10/26/2010,ORH,MA,ANE,EN,Federal Contract Tower,0,0,19,8,27,0,2,77,0,79,0,2,96,8,106,54,0,54,160
10/27/2010,ORH,MA,ANE,EN,Federal Contract Tower,0,0,11,0,11,0,0,0,0,0,0,0,11,0,11,0,0,0,11
10/28/2010,ORH,MA,ANE,EN,Federal Contract Tower,4,0,28,8,40,0,0,52,0,52,4,0,80,8,92,0,0,0,92
10/29/2010,ORH,MA,ANE,EN,Federal Contract Tower,0,0,17,8,25,0,3,76,2,81,0,3,93,10,106,68,6,74,180
10/30/2010,ORH,MA,ANE,EN,Federal Contract Tower,2,0,14,0,16,0,2,85,0,87,2,2,99,0,103,68,0,68,171
10/31/2010,ORH,MA,ANE,EN,Federal Contract Tower,4,0,11,0,15,0,1,74,0,75,4,1,85,0,90,38,0,38,128
11/01/2010,ORH,MA,ANE,EN,Federal Contract Tower,0,0,0,0,0,0,2,54,2,58,0,2,54,2,58,56,4,60,118
11/02/2010,ORH,MA,ANE,EN,Federal Contract Tower,0,0,9,0,9,0,4,61,0,65,0,4,70,0,74,36,0,36,110
11/03/2010,ORH,MA,ANE,EN,Federal Contract Tower,0,0,12,0,12,0,0,44,0,44,0,0,56,0,56,36,0,36,92
11/04/2010,ORH,MA,ANE,EN,Federal Contract Tower,4,3,8,0,15,0,0,0,0,0,4,3,8,0,15,0,0,0,15
11/05/2010,ORH,MA,ANE,EN,Federal Contract Tower,0,0,7,0,7,0,0,2,0,2,0,0,9,0,9,0,0,0,9
11/06/2010,ORH,MA,ANE,EN,Federal Contract Tower,2,0,18,0,20,0,0,83,0,83,2,0,101,0,103,74,0,74,177
11/07/2010,ORH,MA,ANE,EN,Federal Contract Tower,4,0,15,0,19,0,4,59,0,63,4,4,74,0,82,126,0,126,208
11/08/2010,ORH,MA,ANE,EN,Federal Contract Tower,0,5,2,0,7,0,0,0,0,0,0,5,2,0,7,0,0,0,7
11/09/2010,ORH,MA,ANE,EN,Federal Contract Tower,0,3,8,0,11,0,0,3,0,3,0,3,11,0,14,0,0,0,14
11/10/2010,ORH,MA,ANE,EN,Federal Contract Tower,0,5,12,4,21,0,0,30,0,30,0,5,42,4,51,24,0,24,75
11/11/2010,ORH,MA,ANE,EN,Federal Contract Tower,4,5,22,0,31,0,0,74,0,74,4,5,96,0,105,66,0,66,171
11/12/2010,ORH,MA,ANE,EN,Federal Contract Tower,0,0,22,0,22,0,0,84,0,84,0,0,106,0,106,74,0,74,180
11/13/2010,ORH,MA,ANE,EN,Federal Contract Tower,2,0,23,0,25,0,0,82,0,82,2,0,105,0,107,66,0,66,173
11/14/2010,ORH,MA,ANE,EN,Federal Contract Tower,4,2,22,0,28,0,4,79,0,83,4,6,101,0,111,82,0,82,193
11/15/2010,ORH,MA,ANE,EN,Federal Contract Tower,0,2,14,0,16,0,0,1,0,1,0,2,15,0,17,0,0,0,17
11/16/2010,ORH,MA,ANE,EN,Federal Contract Tower,0,1,11,0,12,0,0,10,0,10,0,1,21,0,22,4,0,4,26
11/17/2010,ORH,MA,ANE,EN,Federal Contract Tower,0,0,2,0,2,0,0,17,0,17,0,0,19,0,19,0,0,0,19
11/18/2010,ORH,MA,ANE,EN,Federal Contract Tower,6,3,14,0,23,0,0,63,0,63,6,3,77,0,86,76,0,76,162
11/19/2010,ORH,MA,ANE,EN,Federal Contract Tower,0,6,23,0,29,0,0,70,0,70,0,6,93,0,99,86,0,86,185
11/20/2010,ORH,MA,ANE,EN,Federal Contract Tower,6,0,3,0,9,0,0,72,0,72,6,0,75,0,81,38,0,38,119
11/21/2010,ORH,MA,ANE,EN,Federal Contract Tower,6,2,35,0,43,0,3,83,0,86,6,5,118,0,129,64,0,64,193
11/22/2010,ORH,MA,ANE,EN,Federal Contract Tower,0,1,26,0,27,0,0,25,0,25,0,1,51,0,52,14,0,14,66
11/23/2010,ORH,MA,ANE,EN,Federal Contract Tower,0,1,21,2,24,0,1,46,0,47,0,2,67,2,71,32,0,32,103
11/24/2010,ORH,MA,ANE,EN,Federal Contract Tower,0,0,5,2,7,0,2,31,0,33,0,2,36,2,40,44,0,44,84
11/25/2010,ORH,MA,ANE,EN,Federal Contract Tower,6,0,4,0,10,0,1,21,0,22,6,1,25,0,32,0,0,0,32
11/26/2010,ORH,MA,ANE,EN,Federal Contract Tower,0,0,8,0,8,0,0,47,0,47,0,0,55,0,55,40,0,40,95
11/27/2010,ORH,MA,ANE,EN,Federal Contract Tower,6,0,11,0,17,0,0,69,0,69,6,0,80,0,86,60,0,60,146
11/28/2010,ORH,MA,ANE,EN,Federal Contract Tower,6,3,29,0,38,0,4,95,0,99,6,7,124,0,137,80,0,80,217
11/29/2010,ORH,MA,ANE,EN,Federal Contract Tower,0,2,15,0,17,0,6,81,0,87,0,8,96,0,104,58,0,58,162
11/30/2010,ORH,MA,ANE,EN,Federal Contract Tower,0,1,9,0,10,0,3,52,0,55,0,4,61,0,65,34,0,34,99
12/01/2010,ORH,MA,ANE,EN,Federal Contract Tower,0,3,2,0,5,0,0,0,0,0,0,3,2,0,5,0,0,0,5
12/02/2010,ORH,MA,ANE,EN,Federal Contract Tower,4,4,17,4,29,0,1,52,3,56,4,5,69,7,85,70,6,76,161
12/03/2010,ORH,MA,ANE,EN,Federal Contract Tower,0,0,23,0,23,0,0,59,0,59,0,0,82,0,82,70,0,70,152
12/04/2010,ORH,MA,ANE,EN,Federal Contract Tower,4,0,42,0,46,0,0,65,0,65,4,0,107,0,111,68,0,68,179
12/05/2010,ORH,MA,ANE,EN,Federal Contract Tower,4,1,29,0,34,0,4,72,0,76,4,5,101,0,110,104,0,104,214
12/06/2010,ORH,MA,ANE,EN,Federal Contract Tower,0,0,14,0,14,0,1,58,0,59,0,1,72,0,73,44,0,44,117
12/07/2010,ORH,MA,ANE,EN,Federal Contract Tower,0,3,3,0,6,0,7,30,0,37,0,10,33,0,43,6,0,6,49
12/08/2010,ORH,MA,ANE,EN,Federal Contract Tower,0,0,9,2,11,0,2,32,2,36,0,2,41,4,47,56,0,56,103
12/09/2010,ORH,MA,ANE,EN,Federal Contract Tower,4,1,21,0,26,0,0,53,1,54,4,1,74,1,80,54,0,54,134
12/10/2010,ORH,MA,ANE,EN,Federal Contract Tower,0,0,12,0,12,0,0,66,2,68,0,0,78,2,80,74,4,78,158
12/11/2010,ORH,MA,ANE,EN,Federal Contract Tower,2,0,13,0,15,0,0,70,0,70,2,0,83,0,85,74,0,74,159
12/12/2010,ORH,MA,ANE,EN,Federal Contract Tower,0,2,2,0,4,0,0,0,0,0,0,2,2,0,4,0,0,0,4
12/13/2010,ORH,MA,ANE,EN,Federal Contract Tower,2,0,10,2,14,0,0,0,0,0,2,0,10,2,14,0,0,0,14
12/14/2010,ORH,MA,ANE,EN,Federal Contract Tower,0,1,12,0,13,0,5,58,0,63,0,6,70,0,76,32,0,32,108
12/15/2010,ORH,MA,ANE,EN,Federal Contract Tower,0,0,7,0,7,0,0,15,0,15,0,0,22,0,22,14,0,14,36
12/16/2010,ORH,MA,ANE,EN,Federal Contract Tower,6,4,14,0,24,0,0,49,0,49,6,4,63,0,73,56,0,56,129
12/17/2010,ORH,MA,ANE,EN,Federal Contract Tower,0,2,31,0,33,0,0,75,0,75,0,2,106,0,108,66,0,66,174
12/18/2010,ORH,MA,ANE,EN,Federal Contract Tower,6,1,20,0,27,0,0,81,0,81,6,1,101,0,108,116,0,116,224
12/19/2010,ORH,MA,ANE,EN,Federal Contract Tower,6,2,6,0,14,0,5,60,0,65,6,7,66,0,79,52,0,52,131
12/20/2010,ORH,MA,ANE,EN,Federal Contract Tower,0,0,3,0,3,0,5,65,0,70,0,5,68,0,73,94,0,94,167
12/21/2010,ORH,MA,ANE,EN,Federal Contract Tower,0,2,3,2,7,0,0,2,0,2,0,2,5,2,9,0,0,0,9
12/22/2010,ORH,MA,ANE,EN,Federal Contract Tower,4,0,4,0,8,0,0,50,0,50,4,0,54,0,58,16,0,16,74
12/23/2010,ORH,MA,ANE,EN,Federal Contract Tower,6,0,9,0,15,0,0,38,0,38,6,0,47,0,53,30,0,30,83
12/24/2010,ORH,MA,ANE,EN,Federal Contract Tower,0,0,12,0,12,0,0,70,0,70,0,0,82,0,82,26,0,26,108
12/25/2010,ORH,MA,ANE,EN,Federal Contract Tower,6,0,6,0,12,0,0,66,0,66,6,0,72,0,78,48,0,48,126
12/26/2010,ORH,MA,ANE,EN,Federal Contract Tower,2,0,3,0,5,0,0,0,0,0,2,0,3,0,5,0,0,0,5
12/27/2010,ORH,MA,ANE,EN,Federal Contract Tower,0,0,0,0,0,0,0,0,0,0,0,0,0,0,0,0,0,0,0
12/28/2010,ORH,MA,ANE,EN,Federal Contract Tower,4,2,8,0,14,0,5,48,0,53,4,7,56,0,67,32,0,32,99
12/29/2010,ORH,MA,ANE,EN,Federal Contract Tower,4,5,12,0,21,0,1,46,0,47,4,6,58,0,68,20,0,20,88
12/30/2010,ORH,MA,ANE,EN,Federal Contract Tower,6,1,6,0,13,0,0,58,1,59,6,1,64,1,72,78,0,78,150
12/31/2010,ORH,MA,ANE,EN,Federal Contract Tower,0,0,26,0,26,0,3,62,0,65,0,3,88,0,91,48,0,48,139
01/01/2011,ORH,MA,ANE,EN,Federal Contract Tower,6,0,18,0,24,0,2,75,0,77,6,2,93,0,101,68,0,68,169
01/02/2011,ORH,MA,ANE,EN,Federal Contract Tower,6,1,3,0,10,0,2,45,0,47,6,3,48,0,57,42,0,42,99
01/03/2011,ORH,MA,ANE,EN,Federal Contract Tower,0,4,3,0,7,0,15,77,0,92,0,19,80,0,99,74,0,74,173
01/04/2011,ORH,MA,ANE,EN,Federal Contract Tower,0,0,14,0,14,0,13,65,0,78,0,13,79,0,92,44,0,44,136
01/05/2011,ORH,MA,ANE,EN,Federal Contract Tower,0,0,17,0,17,0,0,44,0,44,0,0,61,0,61,52,0,52,113
01/06/2011,ORH,MA,ANE,EN,Federal Contract Tower,6,3,2,0,11,0,0,55,0,55,6,3,57,0,66,28,0,28,94
01/07/2011,ORH,MA,ANE,EN,Federal Contract Tower,0,0,2,0,2,0,0,77,0,77,0,0,79,0,79,80,0,80,159
01/08/2011,ORH,MA,ANE,EN,Federal Contract Tower,4,0,3,0,7,0,0,0,0,0,4,0,3,0,7,0,0,0,7
01/09/2011,ORH,MA,ANE,EN,Federal Contract Tower,6,0,6,0,12,0,6,60,0,66,6,6,66,0,78,42,0,42,120
01/10/2011,ORH,MA,ANE,EN,Federal Contract Tower,0,0,10,0,10,0,11,93,0,104,0,11,103,0,114,66,0,66,180
01/11/2011,ORH,MA,ANE,EN,Federal Contract Tower,0,1,14,0,15,0,2,55,0,57,0,3,69,0,72,66,0,66,138
01/12/2011,ORH,MA,ANE,EN,Federal Contract Tower,0,0,0,0,0,0,0,0,0,0,0,0,0,0,0,0,0,0,0
01/13/2011,ORH,MA,ANE,EN,Federal Contract Tower,4,0,4,2,10,0,0,27,0,27,4,0,31,2,37,16,20,36,73
01/14/2011,ORH,MA,ANE,EN,Federal Contract Tower,0,0,9,0,9,0,2,76,2,80,0,2,85,2,89,92,4,96,185
01/15/2011,ORH,MA,ANE,EN,Federal Contract Tower,4,0,18,0,22,0,0,71,0,71,4,0,89,0,93,80,0,80,173
01/16/2011,ORH,MA,ANE,EN,Federal Contract Tower,4,0,13,0,17,0,4,59,0,63,4,4,72,0,80,42,0,42,122
01/17/2011,ORH,MA,ANE,EN,Federal Contract Tower,0,0,16,0,16,0,8,83,0,91,0,8,99,0,107,74,0,74,181
01/18/2011,ORH,MA,ANE,EN,Federal Contract Tower,0,0,4,0,4,0,0,0,0,0,0,0,4,0,4,0,0,0,4
01/19/2011,ORH,MA,ANE,EN,Federal Contract Tower,0,2,6,0,8,0,0,17,0,17,0,2,23,0,25,0,0,0,25
01/20/2011,ORH,MA,ANE,EN,Federal Contract Tower,4,0,19,4,27,0,0,68,0,68,4,0,87,4,95,56,0,56,151
01/21/2011,ORH,MA,ANE,EN,Federal Contract Tower,0,0,0,0,0,0,0,0,0,0,0,0,0,0,0,0,0,0,0
01/22/2011,ORH,MA,ANE,EN,Federal Contract Tower,4,2,22,0,28,0,10,75,0,85,4,12,97,0,113,78,0,78,191
01/23/2011,ORH,MA,ANE,EN,Federal Contract Tower,4,0,6,0,10,0,1,61,0,62,4,1,67,0,72,54,16,70,142
01/24/2011,ORH,MA,ANE,EN,Federal Contract Tower,0,1,11,0,12,0,6,75,0,81,0,7,86,0,93,72,0,72,165
01/25/2011,ORH,MA,ANE,EN,Federal Contract Tower,0,0,16,0,16,0,0,18,0,18,0,0,34,0,34,4,0,4,38
01/26/2011,ORH,MA,ANE,EN,Federal Contract Tower,0,0,4,0,4,0,0,12,0,12,0,0,16,0,16,0,0,0,16
01/27/2011,ORH,MA,ANE,EN,Federal Contract Tower,4,1,1,0,6,0,0,32,0,32,4,1,33,0,38,4,0,4,42
01/28/2011,ORH,MA,ANE,EN,Federal Contract Tower,0,0,13,0,13,0,0,55,0,55,0,0,68,0,68,46,0,46,114
01/29/2011,ORH,MA,ANE,EN,Federal Contract Tower,4,0,12,0,16,0,0,76,0,76,4,0,88,0,92,92,0,92,184
01/30/2011,ORH,MA,ANE,EN,Federal Contract Tower,2,1,14,0,17,0,7,69,0,76,2,8,83,0,93,72,0,72,165
01/31/2011,ORH,MA,ANE,EN,Federal Contract Tower,0,0,14,0,14,0,3,88,0,91,0,3,102,0,105,70,0,70,175
02/01/2011,ORH,MA,ANE,EN,Federal Contract Tower,0,2,0,0,2,0,0,0,0,0,0,2,0,0,2,0,0,0,2
02/02/2011,ORH,MA,ANE,EN,Federal Contract Tower,0,0,0,0,0,0,0,0,0,0,0,0,0,0,0,0,0,0,0
02/03/2011,ORH,MA,ANE,EN,Federal Contract Tower,2,0,10,0,12,0,0,46,0,46,2,0,56,0,58,44,0,44,102
02/04/2011,ORH,MA,ANE,EN,Federal Contract Tower,0,3,14,0,17,0,0,72,0,72,0,3,86,0,89,60,0,60,149
02/05/2011,ORH,MA,ANE,EN,Federal Contract Tower,4,0,11,1,16,0,1,20,0,21,4,1,31,1,37,26,0,26,63
02/06/2011,ORH,MA,ANE,EN,Federal Contract Tower,4,0,9,0,13,0,2,54,0,56,4,2,63,0,69,34,0,34,103
02/07/2011,ORH,MA,ANE,EN,Federal Contract Tower,0,0,13,0,13,0,5,81,0,86,0,5,94,0,99,74,0,74,173
02/08/2011,ORH,MA,ANE,EN,Federal Contract Tower,0,0,1,0,1,0,0,2,0,2,0,0,3,0,3,0,0,0,3
02/09/2011,ORH,MA,ANE,EN,Federal Contract Tower,0,2,14,0,16,0,0,44,0,44,0,2,58,0,60,36,0,36,96
02/10/2011,ORH,MA,ANE,EN,Federal Contract Tower,6,4,12,2,24,0,1,58,0,59,6,5,70,2,83,42,0,42,125
02/11/2011,ORH,MA,ANE,EN,Federal Contract Tower,0,0,9,5,14,0,3,85,4,92,0,3,94,9,106,72,18,90,196
02/12/2011,ORH,MA,ANE,EN,Federal Contract Tower,4,0,33,0,37,0,2,74,0,76,4,2,107,0,113,66,0,66,179
02/13/2011,ORH,MA,ANE,EN,Federal Contract Tower,4,1,10,0,15,0,1,59,2,62,4,2,69,2,77,48,0,48,125
02/14/2011,ORH,MA,ANE,EN,Federal Contract Tower,2,2,11,2,17,0,3,76,0,79,2,5,87,2,96,56,0,56,152
02/15/2011,ORH,MA,ANE,EN,Federal Contract Tower,0,0,5,0,5,0,2,57,0,59,0,2,62,0,64,38,0,38,102
02/16/2011,ORH,MA,ANE,EN,Federal Contract Tower,0,2,11,0,13,0,0,59,0,59,0,2,70,0,72,54,0,54,126
02/17/2011,ORH,MA,ANE,EN,Federal Contract Tower,10,1,24,0,35,0,0,79,0,79,10,1,103,0,114,62,0,62,176
02/18/2011,ORH,MA,ANE,EN,Federal Contract Tower,0,9,13,0,22,0,1,69,0,70,0,10,82,0,92,44,0,44,136
02/19/2011,ORH,MA,ANE,EN,Federal Contract Tower,6,0,1,0,7,0,0,11,0,11,6,0,12,0,18,6,0,6,24
02/20/2011,ORH,MA,ANE,EN,Federal Contract Tower,8,1,3,0,12,0,2,44,0,46,8,3,47,0,58,54,0,54,112
02/21/2011,ORH,MA,ANE,EN,Federal Contract Tower,0,0,4,0,4,0,0,4,0,4,0,0,8,0,8,0,0,0,8
02/22/2011,ORH,MA,ANE,EN,Federal Contract Tower,0,0,16,0,16,0,1,63,0,64,0,1,79,0,80,28,0,28,108
02/23/2011,ORH,MA,ANE,EN,Federal Contract Tower,0,2,11,0,13,0,0,49,0,49,0,2,60,0,62,54,0,54,116
02/24/2011,ORH,MA,ANE,EN,Federal Contract Tower,10,2,22,0,34,0,0,55,0,55,10,2,77,0,89,36,12,48,137
02/25/2011,ORH,MA,ANE,EN,Federal Contract Tower,0,0,3,0,3,0,0,0,0,0,0,0,3,0,3,0,0,0,3
02/26/2011,ORH,MA,ANE,EN,Federal Contract Tower,6,2,19,0,27,0,5,83,1,89,6,7,102,1,116,70,4,74,190
02/27/2011,ORH,MA,ANE,EN,Federal Contract Tower,10,1,0,0,11,0,0,0,0,0,10,1,0,0,11,0,0,0,11
02/28/2011,ORH,MA,ANE,EN,Federal Contract Tower,0,0,1,0,1,0,0,0,0,0,0,0,1,0,1,0,0,0,1
03/01/2011,ORH,MA,ANE,EN,Federal Contract Tower,0,1,13,0,14,0,4,74,4,82,0,5,87,4,96,74,0,74,170
03/02/2011,ORH,MA,ANE,EN,Federal Contract Tower,0,4,4,10,18,0,0,80,0,80,0,4,84,10,98,58,12,70,168
03/03/2011,ORH,MA,ANE,EN,Federal Contract Tower,6,4,6,4,20,0,0,71,0,71,6,4,77,4,91,54,0,54,145
03/04/2011,ORH,MA,ANE,EN,Federal Contract Tower,0,0,19,0,19,0,5,71,0,76,0,5,90,0,95,76,0,76,171
03/05/2011,ORH,MA,ANE,EN,Federal Contract Tower,6,0,14,2,22,0,1,48,9,58,6,1,62,11,80,52,2,54,134
03/06/2011,ORH,MA,ANE,EN,Federal Contract Tower,6,0,0,0,6,0,0,0,0,0,6,0,0,0,6,0,0,0,6
03/07/2011,ORH,MA,ANE,EN,Federal Contract Tower,0,1,7,0,8,0,0,0,0,0,0,1,7,0,8,0,0,0,8
03/08/2011,ORH,MA,ANE,EN,Federal Contract Tower,0,5,21,0,26,0,3,70,0,73,0,8,91,0,99,54,0,54,153
03/09/2011,ORH,MA,ANE,EN,Federal Contract Tower,0,2,7,8,17,0,0,60,0,60,0,2,67,8,77,38,14,52,129
03/10/2011,ORH,MA,ANE,EN,Federal Contract Tower,6,2,14,0,22,0,0,0,0,0,6,2,14,0,22,0,0,0,22
03/11/2011,ORH,MA,ANE,EN,Federal Contract Tower,2,0,10,0,12,0,1,20,0,21,2,1,30,0,33,18,0,18,51
03/12/2011,ORH,MA,ANE,EN,Federal Contract Tower,6,1,34,0,41,0,2,69,0,71,6,3,103,0,112,72,0,72,184
03/13/2011,ORH,MA,ANE,EN,Federal Contract Tower,6,4,5,0,15,0,2,66,0,68,6,6,71,0,83,54,4,58,141
03/14/2011,ORH,MA,ANE,EN,Federal Contract Tower,2,6,4,0,12,0,3,59,0,62,2,9,63,0,74,26,0,26,100
03/15/2011,ORH,MA,ANE,EN,Federal Contract Tower,0,3,13,0,16,0,2,30,0,32,0,5,43,0,48,26,0,26,74
03/16/2011,ORH,MA,ANE,EN,Federal Contract Tower,0,1,5,6,12,0,0,0,0,0,0,1,5,6,12,0,0,0,12
03/17/2011,ORH,MA,ANE,EN,Federal Contract Tower,6,0,20,3,29,0,0,65,1,66,6,0,85,4,95,74,6,80,175
03/18/2011,ORH,MA,ANE,EN,Federal Contract Tower,2,3,9,0,14,0,2,57,0,59,2,5,66,0,73,38,0,38,111
03/19/2011,ORH,MA,ANE,EN,Federal Contract Tower,4,0,23,0,27,0,3,83,0,86,4,3,106,0,113,78,0,78,191
03/20/2011,ORH,MA,ANE,EN,Federal Contract Tower,4,0,18,0,22,0,4,71,0,75,4,4,89,0,97,58,0,58,155
03/21/2011,ORH,MA,ANE,EN,Federal Contract Tower,2,0,2,0,4,0,2,25,0,27,2,2,27,0,31,18,0,18,49
03/22/2011,ORH,MA,ANE,EN,Federal Contract Tower,0,0,10,0,10,0,1,67,0,68,0,1,77,0,78,28,8,36,114
03/23/2011,ORH,MA,ANE,EN,Federal Contract Tower,0,2,12,0,14,0,0,72,0,72,0,2,84,0,86,62,0,62,148
03/24/2011,ORH,MA,ANE,EN,Federal Contract Tower,6,4,14,0,24,0,1,61,1,63,6,5,75,1,87,68,0,68,155
03/25/2011,ORH,MA,ANE,EN,Federal Contract Tower,0,3,30,0,33,0,10,78,0,88,0,13,108,0,121,64,0,64,185
03/26/2011,ORH,MA,ANE,EN,Federal Contract Tower,6,2,23,0,31,0,3,66,0,69,6,5,89,0,100,58,0,58,158
03/27/2011,ORH,MA,ANE,EN,Federal Contract Tower,6,1,17,0,24,0,2,68,0,70,6,3,85,0,94,56,0,56,150
03/28/2011,ORH,MA,ANE,EN,Federal Contract Tower,0,0,3,0,3,0,1,75,3,79,0,1,78,3,82,64,0,64,146
03/29/2011,ORH,MA,ANE,EN,Federal Contract Tower,0,1,10,0,11,0,3,82,3,88,0,4,92,3,99,68,4,72,171
03/30/2011,ORH,MA,ANE,EN,Federal Contract Tower,0,1,16,8,25,0,2,74,1,77,0,3,90,9,102,70,6,76,178
03/31/2011,ORH,MA,ANE,EN,Federal Contract Tower,4,7,14,2,27,0,0,60,0,60,4,7,74,2,87,48,0,48,135
04/01/2011,ORH,MA,ANE,EN,Federal Contract Tower,0,0,3,0,3,0,0,9,0,9,0,0,12,0,12,10,0,10,22
04/02/2011,ORH,MA,ANE,EN,Federal Contract Tower,6,1,11,0,18,0,4,81,0,85,6,5,92,0,103,82,0,82,185
04/03/2011,ORH,MA,ANE,EN,Federal Contract Tower,6,0,26,0,32,0,0,83,0,83,6,0,109,0,115,64,0,64,179
04/04/2011,ORH,MA,ANE,EN,Federal Contract Tower,0,1,16,0,17,0,3,51,0,54,0,4,67,0,71,46,0,46,117
04/05/2011,ORH,MA,ANE,EN,Federal Contract Tower,0,0,6,0,6,0,0,0,0,0,0,0,6,0,6,0,0,0,6
04/06/2011,ORH,MA,ANE,EN,Federal Contract Tower,0,2,4,0,6,0,4,37,0,41,0,6,41,0,47,18,0,18,65
04/07/2011,ORH,MA,ANE,EN,Federal Contract Tower,6,3,23,2,34,0,1,67,2,70,6,4,90,4,104,74,0,74,178
04/08/2011,ORH,MA,ANE,EN,Federal Contract Tower,0,2,31,0,33,0,2,77,2,81,0,4,108,2,114,76,2,78,192
04/09/2011,ORH,MA,ANE,EN,Federal Contract Tower,6,0,20,0,26,0,3,92,0,95,6,3,112,0,121,74,0,74,195
04/10/2011,ORH,MA,ANE,EN,Federal Contract Tower,6,3,30,0,39,0,2,76,0,78,6,5,106,0,117,60,0,60,177
04/11/2011,ORH,MA,ANE,EN,Federal Contract Tower,0,5,14,0,19,0,1,58,0,59,0,6,72,0,78,52,0,52,130
04/12/2011,ORH,MA,ANE,EN,Federal Contract Tower,0,0,9,4,13,0,0,70,2,72,0,0,79,6,85,58,4,62,147
04/13/2011,ORH,MA,ANE,EN,Federal Contract Tower,0,3,5,0,8,0,0,0,0,0,0,3,5,0,8,0,0,0,8
04/14/2011,ORH,MA,ANE,EN,Federal Contract Tower,6,5,15,0,26,0,1,61,0,62,6,6,76,0,88,78,0,78,166
04/15/2011,ORH,MA,ANE,EN,Federal Contract Tower,0,0,18,2,20,0,2,78,0,80,0,2,96,2,100,84,0,84,184
04/16/2011,ORH,MA,ANE,EN,Federal Contract Tower,8,3,18,0,29,0,2,55,0,57,8,5,73,0,86,48,0,48,134
04/17/2011,ORH,MA,ANE,EN,Federal Contract Tower,8,10,8,0,26,0,5,55,0,60,8,15,63,0,86,38,0,38,124
04/18/2011,ORH,MA,ANE,EN,Federal Contract Tower,0,4,12,0,16,0,9,62,0,71,0,13,74,0,87,64,0,64,151
04/19/2011,ORH,MA,ANE,EN,Federal Contract Tower,3,15,0,0,18,0,2,19,0,21,3,17,19,0,39,0,0,0,39
04/20/2011,ORH,MA,ANE,EN,Federal Contract Tower,0,0,17,0,17,0,0,0,0,0,0,0,17,0,17,0,0,0,17
04/21/2011,ORH,MA,ANE,EN,Federal Contract Tower,8,3,11,0,22,0,1,49,0,50,8,4,60,0,72,34,18,52,124
04/22/2011,ORH,MA,ANE,EN,Federal Contract Tower,0,1,16,0,17,0,3,78,0,81,0,4,94,0,98,84,0,84,182
04/23/2011,ORH,MA,ANE,EN,Federal Contract Tower,10,3,10,0,23,0,0,0,0,0,10,3,10,0,23,0,0,0,23
04/24/2011,ORH,MA,ANE,EN,Federal Contract Tower,8,4,11,0,23,0,3,70,0,73,8,7,81,0,96,62,0,62,158
04/25/2011,ORH,MA,ANE,EN,Federal Contract Tower,0,0,24,0,24,0,1,38,0,39,0,1,62,0,63,34,0,34,97
04/26/2011,ORH,MA,ANE,EN,Federal Contract Tower,0,1,10,0,11,0,1,40,0,41,0,2,50,0,52,42,0,42,94
04/27/2011,ORH,MA,ANE,EN,Federal Contract Tower,0,0,11,0,11,0,0,42,0,42,0,0,53,0,53,36,0,36,89
04/28/2011,ORH,MA,ANE,EN,Federal Contract Tower,6,0,5,0,11,0,0,0,0,0,6,0,5,0,11,0,0,0,11
04/29/2011,ORH,MA,ANE,EN,Federal Contract Tower,0,0,28,2,30,0,3,87,0,90,0,3,115,2,120,66,0,66,186
04/30/2011,ORH,MA,ANE,EN,Federal Contract Tower,6,0,30,0,36,0,3,82,0,85,6,3,112,0,121,70,0,70,191
05/01/2011,ORH,MA,ANE,EN,Federal Contract Tower,6,0,27,0,33,0,0,94,0,94,6,0,121,0,127,88,0,88,215
05/02/2011,ORH,MA,ANE,EN,Federal Contract Tower,0,0,18,0,18,0,2,92,0,94,0,2,110,0,112,66,0,66,178
05/03/2011,ORH,MA,ANE,EN,Federal Contract Tower,0,2,17,0,19,0,0,69,0,69,0,2,86,0,88,54,0,54,142
05/04/2011,ORH,MA,ANE,EN,Federal Contract Tower,0,2,9,0,11,0,0,0,0,0,0,2,9,0,11,0,0,0,11
05/05/2011,ORH,MA,ANE,EN,Federal Contract Tower,6,0,12,0,18,0,0,30,0,30,6,0,42,0,48,14,0,14,62
05/06/2011,ORH,MA,ANE,EN,Federal Contract Tower,0,2,8,0,10,0,4,67,0,71,0,6,75,0,81,56,0,56,137
05/07/2011,ORH,MA,ANE,EN,Federal Contract Tower,2,0,20,0,22,0,2,73,1,76,2,2,93,1,98,78,0,78,176
05/08/2011,ORH,MA,ANE,EN,Federal Contract Tower,6,2,15,0,23,0,0,69,0,69,6,2,84,0,92,56,0,56,148
05/09/2011,ORH,MA,ANE,EN,Federal Contract Tower,0,2,6,4,12,0,5,87,0,92,0,7,93,4,104,66,0,66,170
05/10/2011,ORH,MA,ANE,EN,Federal Contract Tower,0,3,5,0,8,0,3,51,0,54,0,6,56,0,62,30,0,30,92
05/11/2011,ORH,MA,ANE,EN,Federal Contract Tower,0,2,23,0,25,0,0,9,0,9,0,2,32,0,34,2,0,2,36
05/12/2011,ORH,MA,ANE,EN,Federal Contract Tower,6,0,27,0,33,0,0,71,0,71,6,0,98,0,104,68,0,68,172
05/13/2011,ORH,MA,ANE,EN,Federal Contract Tower,0,0,25,0,25,0,2,87,0,89,0,2,112,0,114,80,0,80,194
05/14/2011,ORH,MA,ANE,EN,Federal Contract Tower,0,2,24,0,26,0,2,76,0,78,0,4,100,0,104,74,0,74,178
05/15/2011,ORH,MA,ANE,EN,Federal Contract Tower,0,2,10,0,12,0,0,0,0,0,0,2,10,0,12,0,0,0,12
05/16/2011,ORH,MA,ANE,EN,Federal Contract Tower,4,1,6,0,11,0,0,0,0,0,4,1,6,0,11,0,0,0,11
05/17/2011,ORH,MA,ANE,EN,Federal Contract Tower,2,0,5,2,9,0,0,0,0,0,2,0,5,2,9,0,0,0,9
05/18/2011,ORH,MA,ANE,EN,Federal Contract Tower,0,0,6,0,6,0,0,0,0,0,0,0,6,0,6,0,0,0,6
05/19/2011,ORH,MA,ANE,EN,Federal Contract Tower,2,0,10,0,12,0,0,0,0,0,2,0,10,0,12,0,0,0,12
05/20/2011,ORH,MA,ANE,EN,Federal Contract Tower,0,3,6,0,9,0,2,32,0,34,0,5,38,0,43,30,0,30,73
05/21/2011,ORH,MA,ANE,EN,Federal Contract Tower,2,3,17,2,24,0,2,45,0,47,2,5,62,2,71,66,0,66,137
05/22/2011,ORH,MA,ANE,EN,Federal Contract Tower,5,2,27,0,34,0,0,19,0,19,5,2,46,0,53,18,0,18,71
05/23/2011,ORH,MA,ANE,EN,Federal Contract Tower,0,2,11,0,13,0,0,0,0,0,0,2,11,0,13,0,0,0,13
05/24/2011,ORH,MA,ANE,EN,Federal Contract Tower,0,1,7,0,8,0,0,33,0,33,0,1,40,0,41,8,0,8,49
05/25/2011,ORH,MA,ANE,EN,Federal Contract Tower,0,5,34,0,39,0,0,56,0,56,0,5,90,0,95,62,0,62,157
05/26/2011,ORH,MA,ANE,EN,Federal Contract Tower,6,2,38,2,48,0,0,64,0,64,6,2,102,2,112,66,0,66,178
05/27/2011,ORH,MA,ANE,EN,Federal Contract Tower,0,1,21,0,22,0,3,65,0,68,0,4,86,0,90,68,0,68,158
05/28/2011,ORH,MA,ANE,EN,Federal Contract Tower,2,1,6,0,9,0,2,50,0,52,2,3,56,0,61,56,0,56,117
05/29/2011,ORH,MA,ANE,EN,Federal Contract Tower,6,1,20,0,27,0,2,58,0,60,6,3,78,0,87,64,0,64,151
05/30/2011,ORH,MA,ANE,EN,Federal Contract Tower,2,2,14,0,18,0,5,84,4,93,2,7,98,4,111,88,6,94,205
05/31/2011,ORH,MA,ANE,EN,Federal Contract Tower,0,1,15,0,16,0,1,86,2,89,0,2,101,2,105,68,0,68,173
06/01/2011,ORH,MA,ANE,EN,Federal Contract Tower,0,1,14,0,15,0,0,38,0,38,0,1,52,0,53,38,0,38,91
06/02/2011,ORH,MA,ANE,EN,Federal Contract Tower,4,0,17,6,27,0,2,63,0,65,4,2,80,6,92,14,16,30,122
06/03/2011,ORH,MA,ANE,EN,Federal Contract Tower,0,0,22,2,24,0,3,90,1,94,0,3,112,3,118,92,0,92,210
06/04/2011,ORH,MA,ANE,EN,Federal Contract Tower,0,0,23,0,23,0,1,84,0,85,0,1,107,0,108,108,0,108,216
06/05/2011,ORH,MA,ANE,EN,Federal Contract Tower,4,1,9,0,14,0,5,74,0,79,4,6,83,0,93,124,0,124,217
06/06/2011,ORH,MA,ANE,EN,Federal Contract Tower,0,3,12,8,23,0,4,74,0,78,0,7,86,8,101,74,2,76,177
06/07/2011,ORH,MA,ANE,EN,Federal Contract Tower,0,0,19,0,19,0,2,70,0,72,0,2,89,0,91,76,0,76,167
06/08/2011,ORH,MA,ANE,EN,Federal Contract Tower,0,0,10,0,10,0,0,64,0,64,0,0,74,0,74,30,0,30,104
06/09/2011,ORH,MA,ANE,EN,Federal Contract Tower,3,1,15,1,20,0,0,38,0,38,3,1,53,1,58,24,0,24,82
06/10/2011,ORH,MA,ANE,EN,Federal Contract Tower,0,0,16,2,18,0,2,72,0,74,0,2,88,2,92,60,0,60,152
06/11/2011,ORH,MA,ANE,EN,Federal Contract Tower,0,0,9,0,9,0,0,3,0,3,0,0,12,0,12,2,0,2,14
06/12/2011,ORH,MA,ANE,EN,Federal Contract Tower,3,0,10,0,13,0,0,0,0,0,3,0,10,0,13,0,0,0,13
06/13/2011,ORH,MA,ANE,EN,Federal Contract Tower,0,0,18,0,18,0,2,72,0,74,0,2,90,0,92,72,0,72,164
06/14/2011,ORH,MA,ANE,EN,Federal Contract Tower,0,5,13,2,20,0,0,18,0,18,0,5,31,2,38,8,0,8,46
06/15/2011,ORH,MA,ANE,EN,Federal Contract Tower,0,3,9,4,16,0,0,58,0,58,0,3,67,4,74,66,14,80,154
06/16/2011,ORH,MA,ANE,EN,Federal Contract Tower,4,0,30,0,34,0,0,75,0,75,4,0,105,0,109,150,0,150,259
06/17/2011,ORH,MA,ANE,EN,Federal Contract Tower,0,0,19,0,19,0,0,24,0,24,0,0,43,0,43,12,0,12,55
06/18/2011,ORH,MA,ANE,EN,Federal Contract Tower,0,0,20,0,20,0,2,60,0,62,0,2,80,0,82,52,0,52,134
06/19/2011,ORH,MA,ANE,EN,Federal Contract Tower,4,0,16,0,20,0,1,76,0,77,4,1,92,0,97,60,0,60,157
06/20/2011,ORH,MA,ANE,EN,Federal Contract Tower,0,1,35,0,36,0,2,99,1,102,0,3,134,1,138,74,0,74,212
06/21/2011,ORH,MA,ANE,EN,Federal Contract Tower,0,0,25,0,25,0,0,87,0,87,0,0,112,0,112,118,0,118,230
06/22/2011,ORH,MA,ANE,EN,Federal Contract Tower,0,2,27,0,29,0,0,7,0,7,0,2,34,0,36,0,0,0,36
06/23/2011,ORH,MA,ANE,EN,Federal Contract Tower,6,1,2,0,9,0,0,0,0,0,6,1,2,0,9,0,0,0,9
06/24/2011,ORH,MA,ANE,EN,Federal Contract Tower,0,0,6,0,6,0,0,0,0,0,0,0,6,0,6,0,0,0,6
06/25/2011,ORH,MA,ANE,EN,Federal Contract Tower,6,0,13,0,19,0,1,29,0,30,6,1,42,0,49,22,0,22,71
06/26/2011,ORH,MA,ANE,EN,Federal Contract Tower,6,0,16,0,22,0,0,69,0,69,6,0,85,0,91,54,0,54,145
06/27/2011,ORH,MA,ANE,EN,Federal Contract Tower,0,0,24,0,24,0,2,99,0,101,0,2,123,0,125,96,0,96,221
06/28/2011,ORH,MA,ANE,EN,Federal Contract Tower,0,2,29,0,31,0,1,79,0,80,0,3,108,0,111,72,0,72,183
06/29/2011,ORH,MA,ANE,EN,Federal Contract Tower,0,3,16,0,19,0,2,78,1,81,0,5,94,1,100,102,6,108,208
06/30/2011,ORH,MA,ANE,EN,Federal Contract Tower,6,3,19,6,34,0,6,85,4,95,6,9,104,10,129,74,6,80,209
07/01/2011,ORH,MA,ANE,EN,Federal Contract Tower,0,0,19,0,19,0,3,78,0,81,0,3,97,0,100,80,0,80,180
07/02/2011,ORH,MA,ANE,EN,Federal Contract Tower,4,2,12,0,18,0,2,86,0,88,4,4,98,0,106,98,0,98,204
07/03/2011,ORH,MA,ANE,EN,Federal Contract Tower,8,0,3,0,11,0,0,53,0,53,8,0,56,0,64,44,0,44,108
07/04/2011,ORH,MA,ANE,EN,Federal Contract Tower,0,0,2,0,2,0,4,77,0,81,0,4,79,0,83,58,0,58,141
07/05/2011,ORH,MA,ANE,EN,Federal Contract Tower,0,0,8,4,12,0,2,81,0,83,0,2,89,4,95,84,2,86,181
07/06/2011,ORH,MA,ANE,EN,Federal Contract Tower,0,2,9,4,15,0,2,73,2,77,0,4,82,6,92,90,0,90,182
07/07/2011,ORH,MA,ANE,EN,Federal Contract Tower,6,0,22,0,28,0,0,71,0,71,6,0,93,0,99,70,0,70,169
07/08/2011,ORH,MA,ANE,EN,Federal Contract Tower,0,0,10,0,10,0,0,0,0,0,0,0,10,0,10,0,0,0,10
07/09/2011,ORH,MA,ANE,EN,Federal Contract Tower,6,0,18,0,24,0,3,92,0,95,6,3,110,0,119,90,0,90,209
07/10/2011,ORH,MA,ANE,EN,Federal Contract Tower,6,3,15,0,24,0,4,97,1,102,6,7,112,1,126,88,2,90,216
07/11/2011,ORH,MA,ANE,EN,Federal Contract Tower,0,2,14,0,16,0,7,77,0,84,0,9,91,0,100,78,0,78,178
07/12/2011,ORH,MA,ANE,EN,Federal Contract Tower,0,2,6,0,8,0,2,80,0,82,0,4,86,0,90,98,0,98,188
07/13/2011,ORH,MA,ANE,EN,Federal Contract Tower,0,2,11,5,18,0,0,72,15,87,0,2,83,20,105,48,16,64,169
07/14/2011,ORH,MA,ANE,EN,Federal Contract Tower,6,0,8,2,16,0,1,64,0,65,6,1,72,2,81,42,0,42,123
07/15/2011,ORH,MA,ANE,EN,Federal Contract Tower,0,0,14,0,14,0,0,0,5,5,0,0,14,5,19,76,0,76,95
07/16/2011,ORH,MA,ANE,EN,Federal Contract Tower,6,1,21,0,28,0,5,82,0,87,6,6,103,0,115,80,0,80,195
07/17/2011,ORH,MA,ANE,EN,Federal Contract Tower,6,2,12,0,20,0,3,97,0,100,6,5,109,0,120,96,0,96,216
07/18/2011,ORH,MA,ANE,EN,Federal Contract Tower,0,2,9,0,11,0,3,86,0,89,0,5,95,0,100,78,0,78,178
07/19/2011,ORH,MA,ANE,EN,Federal Contract Tower,0,0,16,0,16,0,2,96,1,99,0,2,112,1,115,84,0,84,199
07/20/2011,ORH,MA,ANE,EN,Federal Contract Tower,0,2,16,0,18,0,1,88,0,89,0,3,104,0,107,84,0,84,191
07/21/2011,ORH,MA,ANE,EN,Federal Contract Tower,6,3,12,0,21,0,1,68,4,73,6,4,80,4,94,42,0,42,136
07/22/2011,ORH,MA,ANE,EN,Federal Contract Tower,2,0,14,0,16,0,2,77,1,80,2,2,91,1,96,66,0,66,162
07/23/2011,ORH,MA,ANE,EN,Federal Contract Tower,8,0,13,0,21,0,3,91,0,94,8,3,104,0,115,66,0,66,181
07/24/2011,ORH,MA,ANE,EN,Federal Contract Tower,7,3,6,0,16,0,3,92,0,95,7,6,98,0,111,84,0,84,195
07/25/2011,ORH,MA,ANE,EN,Federal Contract Tower,1,0,19,0,20,0,3,61,0,64,1,3,80,0,84,66,0,66,150
07/26/2011,ORH,MA,ANE,EN,Federal Contract Tower,2,2,14,0,18,0,3,62,0,65,2,5,76,0,83,60,0,60,143
07/27/2011,ORH,MA,ANE,EN,Federal Contract Tower,0,0,31,0,31,0,0,98,0,98,0,0,129,0,129,72,0,72,201
07/28/2011,ORH,MA,ANE,EN,Federal Contract Tower,6,0,20,1,27,0,4,91,0,95,6,4,111,1,122,80,0,80,202
07/29/2011,ORH,MA,ANE,EN,Federal Contract Tower,0,0,15,0,15,0,0,1,0,1,0,0,16,0,16,0,0,0,16
07/30/2011,ORH,MA,ANE,EN,Federal Contract Tower,6,0,24,0,30,0,2,103,0,105,6,2,127,0,135,76,0,76,211
07/31/2011,ORH,MA,ANE,EN,Federal Contract Tower,5,4,3,0,12,0,4,77,1,82,5,8,80,1,94,58,0,58,152
08/01/2011,ORH,MA,ANE,EN,Federal Contract Tower,0,2,17,0,19,0,4,77,4,85,0,6,94,4,104,68,0,68,172
08/02/2011,ORH,MA,ANE,EN,Federal Contract Tower,0,0,4,2,6,0,3,85,1,89,0,3,89,3,95,84,0,84,179
08/03/2011,ORH,MA,ANE,EN,Federal Contract Tower,0,0,18,0,18,0,1,71,4,76,0,1,89,4,94,64,0,64,158
08/04/2011,ORH,MA,ANE,EN,Federal Contract Tower,6,5,19,0,30,0,0,81,0,81,6,5,100,0,111,72,0,72,183
08/05/2011,ORH,MA,ANE,EN,Federal Contract Tower,0,1,12,0,13,0,3,72,0,75,0,4,84,0,88,68,0,68,156
08/06/2011,ORH,MA,ANE,EN,Federal Contract Tower,6,0,12,0,18,0,4,62,0,66,6,4,74,0,84,46,0,46,130
08/07/2011,ORH,MA,ANE,EN,Federal Contract Tower,1,0,14,0,15,0,1,31,0,32,1,1,45,0,47,28,0,28,75
08/08/2011,ORH,MA,ANE,EN,Federal Contract Tower,4,0,22,0,26,0,3,88,0,91,4,3,110,0,117,76,0,76,193
08/09/2011,ORH,MA,ANE,EN,Federal Contract Tower,0,1,9,0,10,0,1,77,2,80,0,2,86,2,90,74,0,74,164
08/10/2011,ORH,MA,ANE,EN,Federal Contract Tower,0,5,17,4,26,0,2,59,1,62,0,7,76,5,88,56,14,70,158
08/11/2011,ORH,MA,ANE,EN,Federal Contract Tower,6,1,14,1,22,0,0,75,6,81,6,1,89,7,103,114,0,114,217
08/12/2011,ORH,MA,ANE,EN,Federal Contract Tower,0,2,17,0,19,0,3,93,0,96,0,5,110,0,115,84,0,84,199
08/13/2011,ORH,MA,ANE,EN,Federal Contract Tower,6,1,16,0,23,0,4,98,0,102,6,5,114,0,125,84,0,84,209
08/14/2011,ORH,MA,ANE,EN,Federal Contract Tower,5,3,9,0,17,0,0,6,0,6,5,3,15,0,23,0,0,0,23
08/15/2011,ORH,MA,ANE,EN,Federal Contract Tower,0,3,6,0,9,0,0,0,0,0,0,3,6,0,9,0,0,0,9
08/16/2011,ORH,MA,ANE,EN,Federal Contract Tower,0,0,13,0,13,0,1,58,0,59,0,1,71,0,72,52,0,52,124
08/17/2011,ORH,MA,ANE,EN,Federal Contract Tower,0,0,25,0,25,0,0,80,0,80,0,0,105,0,105,88,0,88,193
08/18/2011,ORH,MA,ANE,EN,Federal Contract Tower,6,7,4,0,17,0,3,78,1,82,6,10,82,1,99,82,6,88,187
08/19/2011,ORH,MA,ANE,EN,Federal Contract Tower,0,0,7,0,7,0,5,81,1,87,0,5,88,1,94,60,4,64,158
08/20/2011,ORH,MA,ANE,EN,Federal Contract Tower,6,2,9,0,17,0,3,84,0,87,6,5,93,0,104,70,0,70,174
08/21/2011,ORH,MA,ANE,EN,Federal Contract Tower,5,0,12,0,17,0,2,47,0,49,5,2,59,0,66,38,0,38,104
08/22/2011,ORH,MA,ANE,EN,Federal Contract Tower,0,1,15,4,20,0,4,93,1,98,0,5,108,5,118,76,6,82,200
08/23/2011,ORH,MA,ANE,EN,Federal Contract Tower,0,0,15,7,22,0,0,78,0,78,0,0,93,7,100,87,4,91,191
08/24/2011,ORH,MA,ANE,EN,Federal Contract Tower,0,4,13,0,17,0,6,84,2,92,0,10,97,2,109,76,0,76,185
08/25/2011,ORH,MA,ANE,EN,Federal Contract Tower,6,10,8,0,24,0,0,0,0,0,6,10,8,0,24,0,0,0,24
08/26/2011,ORH,MA,ANE,EN,Federal Contract Tower,0,1,17,0,18,0,16,108,0,124,0,17,125,0,142,106,0,106,248
08/27/2011,ORH,MA,ANE,EN,Federal Contract Tower,6,0,9,0,15,0,1,47,0,48,6,1,56,0,63,28,0,28,91
08/28/2011,ORH,MA,ANE,EN,Federal Contract Tower,0,0,0,0,0,0,0,0,0,0,0,0,0,0,0,0,0,0,0
08/29/2011,ORH,MA,ANE,EN,Federal Contract Tower,2,8,8,0,18,0,3,94,3,100,2,11,102,3,118,68,0,68,186
08/30/2011,ORH,MA,ANE,EN,Federal Contract Tower,0,1,23,0,24,0,6,105,2,113,0,7,128,2,137,122,0,122,259
08/31/2011,ORH,MA,ANE,EN,Federal Contract Tower,0,3,22,0,25,0,0,77,0,77,0,3,99,0,102,68,0,68,170
09/01/2011,ORH,MA,ANE,EN,Federal Contract Tower,6,0,12,0,18,0,0,70,0,70,6,0,82,0,88,70,0,70,158
09/02/2011,ORH,MA,ANE,EN,Federal Contract Tower,0,0,8,0,8,0,2,62,0,64,0,2,70,0,72,62,4,66,138
09/03/2011,ORH,MA,ANE,EN,Federal Contract Tower,4,1,5,0,10,0,2,95,0,97,4,3,100,0,107,90,0,90,197
09/04/2011,ORH,MA,ANE,EN,Federal Contract Tower,6,4,14,0,24,0,2,34,0,36,6,6,48,0,60,32,0,32,92
09/05/2011,ORH,MA,ANE,EN,Federal Contract Tower,0,0,16,0,16,0,4,45,0,49,0,4,61,0,65,30,0,30,95
09/06/2011,ORH,MA,ANE,EN,Federal Contract Tower,0,2,20,0,22,0,0,0,0,0,0,2,20,0,22,0,0,0,22
09/07/2011,ORH,MA,ANE,EN,Federal Contract Tower,0,1,4,0,5,0,0,0,0,0,0,1,4,0,5,0,0,0,5
09/08/2011,ORH,MA,ANE,EN,Federal Contract Tower,4,0,7,2,13,0,0,0,0,0,4,0,7,2,13,0,0,0,13
09/09/2011,ORH,MA,ANE,EN,Federal Contract Tower,2,0,16,0,18,0,0,93,0,93,2,0,109,0,111,78,0,78,189
09/10/2011,ORH,MA,ANE,EN,Federal Contract Tower,0,0,11,0,11,0,1,96,0,97,0,1,107,0,108,90,0,90,198
09/11/2011,ORH,MA,ANE,EN,Federal Contract Tower,4,1,11,0,16,0,0,67,0,67,4,1,78,0,83,88,0,88,171
09/12/2011,ORH,MA,ANE,EN,Federal Contract Tower,2,0,14,0,16,0,0,49,0,49,2,0,63,0,65,38,0,38,103
09/13/2011,ORH,MA,ANE,EN,Federal Contract Tower,0,3,24,0,27,0,3,56,0,59,0,6,80,0,86,82,0,82,168
09/14/2011,ORH,MA,ANE,EN,Federal Contract Tower,0,0,16,0,16,0,0,80,0,80,0,0,96,0,96,86,0,86,182
09/15/2011,ORH,MA,ANE,EN,Federal Contract Tower,4,0,10,4,18,0,0,51,0,51,4,0,61,4,69,34,6,40,109
09/16/2011,ORH,MA,ANE,EN,Federal Contract Tower,2,3,23,0,28,0,2,88,2,92,2,5,111,2,120,60,0,60,180
09/17/2011,ORH,MA,ANE,EN,Federal Contract Tower,0,0,13,0,13,0,1,87,0,88,0,1,100,0,101,78,0,78,179
09/18/2011,ORH,MA,ANE,EN,Federal Contract Tower,4,2,8,0,14,0,0,89,0,89,4,2,97,0,103,36,0,36,139
09/19/2011,ORH,MA,ANE,EN,Federal Contract Tower,2,1,18,0,21,0,6,76,0,82,2,7,94,0,103,52,0,52,155
09/20/2011,ORH,MA,ANE,EN,Federal Contract Tower,0,2,19,0,21,0,0,43,0,43,0,2,62,0,64,24,0,24,88
09/21/2011,ORH,MA,ANE,EN,Federal Contract Tower,0,1,21,2,24,0,2,74,0,76,0,3,95,2,100,58,2,60,160
09/22/2011,ORH,MA,ANE,EN,Federal Contract Tower,2,2,5,0,9,0,0,0,0,0,2,2,5,0,9,0,0,0,9
09/23/2011,ORH,MA,ANE,EN,Federal Contract Tower,2,3,16,0,21,0,1,0,0,1,2,4,16,0,22,0,0,0,22
09/24/2011,ORH,MA,ANE,EN,Federal Contract Tower,0,2,2,0,4,0,0,29,0,29,0,2,31,0,33,36,0,36,69
09/25/2011,ORH,MA,ANE,EN,Federal Contract Tower,4,0,19,0,23,0,0,88,0,88,4,0,107,0,111,54,0,54,165
09/26/2011,ORH,MA,ANE,EN,Federal Contract Tower,2,4,16,0,22,0,4,97,0,101,2,8,113,0,123,118,0,118,241
09/27/2011,ORH,MA,ANE,EN,Federal Contract Tower,0,4,10,0,14,0,2,91,0,93,0,6,101,0,107,92,0,92,199
09/28/2011,ORH,MA,ANE,EN,Federal Contract Tower,0,0,12,0,12,0,1,68,0,69,0,1,80,0,81,40,0,40,121
09/29/2011,ORH,MA,ANE,EN,Federal Contract Tower,4,0,15,0,19,0,0,0,0,0,4,0,15,0,19,0,0,0,19
09/30/2011,ORH,MA,ANE,EN,Federal Contract Tower,2,2,8,0,12,0,1,96,0,97,2,3,104,0,109,84,0,84,193
10/01/2011,ORH,MA,ANE,EN,Federal Contract Tower,0,5,4,4,13,0,0,0,0,0,0,5,4,4,13,0,0,0,13
10/02/2011,ORH,MA,ANE,EN,Federal Contract Tower,4,1,9,0,14,0,0,0,0,0,4,1,9,0,14,0,0,0,14
10/03/2011,ORH,MA,ANE,EN,Federal Contract Tower,2,2,7,0,11,0,6,62,1,69,2,8,69,1,80,54,0,54,134
10/04/2011,ORH,MA,ANE,EN,Federal Contract Tower,0,1,23,0,24,0,0,0,0,0,0,1,23,0,24,0,0,0,24
10/05/2011,ORH,MA,ANE,EN,Federal Contract Tower,0,0,16,0,16,0,2,81,0,83,0,2,97,0,99,78,0,78,177
10/06/2011,ORH,MA,ANE,EN,Federal Contract Tower,6,2,15,2,25,0,0,85,3,88,6,2,100,5,113,74,2,76,189
10/07/2011,ORH,MA,ANE,EN,Federal Contract Tower,0,1,11,0,12,0,2,96,0,98,0,3,107,0,110,84,0,84,194
10/08/2011,ORH,MA,ANE,EN,Federal Contract Tower,4,0,20,0,24,0,0,93,1,94,4,0,113,1,118,108,0,108,226
10/09/2011,ORH,MA,ANE,EN,Federal Contract Tower,5,0,6,0,11,0,1,71,0,72,5,1,77,0,83,52,0,52,135
10/10/2011,ORH,MA,ANE,EN,Federal Contract Tower,0,5,16,0,21,0,4,91,0,95,0,9,107,0,116,102,0,102,218
10/11/2011,ORH,MA,ANE,EN,Federal Contract Tower,0,1,16,4,21,0,2,83,0,85,0,3,99,4,106,74,4,78,184
10/12/2011,ORH,MA,ANE,EN,Federal Contract Tower,0,1,13,2,16,0,0,73,0,73,0,1,86,2,89,54,0,54,143
10/13/2011,ORH,MA,ANE,EN,Federal Contract Tower,5,1,8,0,14,0,0,0,0,0,5,1,8,0,14,0,0,0,14
10/14/2011,ORH,MA,ANE,EN,Federal Contract Tower,0,4,9,0,13,0,0,0,0,0,0,4,9,0,13,0,0,0,13
10/15/2011,ORH,MA,ANE,EN,Federal Contract Tower,2,2,10,0,14,0,7,87,2,96,2,9,97,2,110,92,0,92,202
10/16/2011,ORH,MA,ANE,EN,Federal Contract Tower,7,2,12,0,21,0,2,75,0,77,7,4,87,0,98,54,0,54,152
10/17/2011,ORH,MA,ANE,EN,Federal Contract Tower,0,3,9,0,12,0,1,81,0,82,0,4,90,0,94,66,0,66,160
10/18/2011,ORH,MA,ANE,EN,Federal Contract Tower,0,0,13,0,13,0,3,70,0,73,0,3,83,0,86,90,0,90,176
10/19/2011,ORH,MA,ANE,EN,Federal Contract Tower,0,1,3,0,4,0,0,0,0,0,0,1,3,0,4,0,0,0,4
10/20/2011,ORH,MA,ANE,EN,Federal Contract Tower,4,14,6,0,24,0,0,32,0,32,4,14,38,0,56,34,0,34,90
10/21/2011,ORH,MA,ANE,EN,Federal Contract Tower,0,0,15,2,17,0,1,92,0,93,0,1,107,2,110,92,0,92,202
10/22/2011,ORH,MA,ANE,EN,Federal Contract Tower,2,1,12,1,16,0,1,60,0,61,2,2,72,1,77,62,0,62,139
10/23/2011,ORH,MA,ANE,EN,Federal Contract Tower,6,0,12,0,18,0,0,66,0,66,6,0,78,0,84,74,0,74,158
10/24/2011,ORH,MA,ANE,EN,Federal Contract Tower,0,3,10,2,15,0,2,77,1,80,0,5,87,3,95,58,0,58,153
10/25/2011,ORH,MA,ANE,EN,Federal Contract Tower,0,3,16,2,21,0,2,78,0,80,0,5,94,2,101,60,0,60,161
10/26/2011,ORH,MA,ANE,EN,Federal Contract Tower,0,1,13,1,15,0,1,65,2,68,0,2,78,3,83,56,1,57,140
10/27/2011,ORH,MA,ANE,EN,Federal Contract Tower,5,0,7,0,12,0,0,0,0,0,5,0,7,0,12,0,0,0,12
10/28/2011,ORH,MA,ANE,EN,Federal Contract Tower,0,4,14,0,18,0,0,44,0,44,0,4,58,0,62,46,0,46,108
10/29/2011,ORH,MA,ANE,EN,Federal Contract Tower,2,0,0,0,2,0,0,21,0,21,2,0,21,0,23,10,0,10,33
10/30/2011,ORH,MA,ANE,EN,Federal Contract Tower,5,1,12,0,18,0,1,67,0,68,5,2,79,0,86,51,0,51,137
10/31/2011,ORH,MA,ANE,EN,Federal Contract Tower,0,5,9,0,14,0,3,84,2,89,0,8,93,2,103,66,0,66,169
11/01/2011,ORH,MA,ANE,EN,Federal Contract Tower,0,3,11,0,14,0,3,73,1,77,0,6,84,1,91,52,0,52,143
11/02/2011,ORH,MA,ANE,EN,Federal Contract Tower,0,3,5,0,8,0,2,81,12,95,0,5,86,12,103,72,2,74,177
11/03/2011,ORH,MA,ANE,EN,Federal Contract Tower,4,5,12,0,21,0,1,80,0,81,4,6,92,0,102,56,0,56,158
11/04/2011,ORH,MA,ANE,EN,Federal Contract Tower,0,3,19,0,22,0,3,77,0,80,0,6,96,0,102,56,0,56,158
11/05/2011,ORH,MA,ANE,EN,Federal Contract Tower,2,0,37,0,39,0,2,107,0,109,2,2,144,0,148,112,0,112,260
11/06/2011,ORH,MA,ANE,EN,Federal Contract Tower,3,0,10,1,14,0,2,82,1,85,3,2,92,2,99,80,0,80,179
11/07/2011,ORH,MA,ANE,EN,Federal Contract Tower,0,2,8,0,10,0,2,79,0,81,0,4,87,0,91,72,0,72,163
11/08/2011,ORH,MA,ANE,EN,Federal Contract Tower,0,11,6,0,17,0,2,64,2,68,0,13,70,2,85,64,2,66,151
11/09/2011,ORH,MA,ANE,EN,Federal Contract Tower,0,0,21,0,21,0,2,66,0,68,0,2,87,0,89,56,0,56,145
11/10/2011,ORH,MA,ANE,EN,Federal Contract Tower,6,1,11,2,20,0,0,0,0,0,6,1,11,2,20,0,0,0,20
11/11/2011,ORH,MA,ANE,EN,Federal Contract Tower,0,1,6,0,7,0,0,48,0,48,0,1,54,0,55,12,0,12,67
11/12/2011,ORH,MA,ANE,EN,Federal Contract Tower,4,0,8,0,12,0,0,55,0,55,4,0,63,0,67,56,0,56,123
11/13/2011,ORH,MA,ANE,EN,Federal Contract Tower,6,2,18,0,26,0,2,63,0,65,6,4,81,0,91,56,0,56,147
11/14/2011,ORH,MA,ANE,EN,Federal Contract Tower,0,1,4,0,5,0,2,74,2,78,0,3,78,2,83,62,4,66,149
11/15/2011,ORH,MA,ANE,EN,Federal Contract Tower,0,1,8,0,9,0,4,69,0,73,0,5,77,0,82,46,0,46,128
11/16/2011,ORH,MA,ANE,EN,Federal Contract Tower,0,0,21,0,21,0,0,20,0,20,0,0,41,0,41,20,0,20,61
11/17/2011,ORH,MA,ANE,EN,Federal Contract Tower,6,3,10,0,19,0,1,55,0,56,6,4,65,0,75,44,0,44,119
11/18/2011,ORH,MA,ANE,EN,Federal Contract Tower,0,3,22,0,25,0,3,84,1,88,0,6,106,1,113,56,0,56,169
11/19/2011,ORH,MA,ANE,EN,Federal Contract Tower,4,0,10,0,14,0,1,55,0,56,4,1,65,0,70,64,0,64,134
11/20/2011,ORH,MA,ANE,EN,Federal Contract Tower,6,1,9,0,16,0,2,53,0,55,6,3,62,0,71,24,0,24,95
11/21/2011,ORH,MA,ANE,EN,Federal Contract Tower,1,1,12,0,14,0,4,81,0,85,1,5,93,0,99,72,0,72,171
11/22/2011,ORH,MA,ANE,EN,Federal Contract Tower,1,4,16,2,23,0,3,66,0,69,1,7,82,2,92,88,2,90,182
11/23/2011,ORH,MA,ANE,EN,Federal Contract Tower,0,2,3,0,5,0,0,0,0,0,0,2,3,0,5,0,0,0,5
11/24/2011,ORH,MA,ANE,EN,Federal Contract Tower,6,0,3,0,9,0,3,54,0,57,6,3,57,0,66,34,0,34,100
11/25/2011,ORH,MA,ANE,EN,Federal Contract Tower,0,0,11,0,11,0,5,79,0,84,0,5,90,0,95,68,0,68,163
11/26/2011,ORH,MA,ANE,EN,Federal Contract Tower,6,0,17,0,23,0,2,85,0,87,6,2,102,0,110,86,0,86,196
11/27/2011,ORH,MA,ANE,EN,Federal Contract Tower,6,6,27,0,39,0,1,70,0,71,6,7,97,0,110,26,0,26,136
11/28/2011,ORH,MA,ANE,EN,Federal Contract Tower,1,3,3,0,7,0,0,65,1,66,1,3,68,1,73,36,0,36,109
11/29/2011,ORH,MA,ANE,EN,Federal Contract Tower,0,2,7,0,9,0,0,54,0,54,0,2,61,0,63,36,0,36,99
11/30/2011,ORH,MA,ANE,EN,Federal Contract Tower,0,0,14,0,14,0,2,41,0,43,0,2,55,0,57,36,0,36,93
12/01/2011,ORH,MA,ANE,EN,Federal Contract Tower,6,0,18,0,24,0,0,81,0,81,6,0,99,0,105,96,0,96,201
12/02/2011,ORH,MA,ANE,EN,Federal Contract Tower,0,0,10,0,10,0,1,92,0,93,0,1,102,0,103,86,0,86,189
12/03/2011,ORH,MA,ANE,EN,Federal Contract Tower,4,0,38,0,42,0,2,81,0,83,4,2,119,0,125,62,0,62,187
12/04/2011,ORH,MA,ANE,EN,Federal Contract Tower,6,2,3,0,11,0,0,51,0,51,6,2,54,0,62,46,0,46,108
12/05/2011,ORH,MA,ANE,EN,Federal Contract Tower,0,1,12,0,13,0,2,74,1,77,0,3,86,1,90,72,2,74,164
12/06/2011,ORH,MA,ANE,EN,Federal Contract Tower,0,5,8,0,13,0,0,0,0,0,0,5,8,0,13,0,0,0,13
12/07/2011,ORH,MA,ANE,EN,Federal Contract Tower,0,0,9,0,9,0,0,0,0,0,0,0,9,0,9,0,0,0,9
12/08/2011,ORH,MA,ANE,EN,Federal Contract Tower,4,2,4,0,10,0,5,88,1,94,4,7,92,1,104,38,0,38,142
12/09/2011,ORH,MA,ANE,EN,Federal Contract Tower,0,2,18,0,20,0,2,79,0,81,0,4,97,0,101,70,0,70,171
12/10/2011,ORH,MA,ANE,EN,Federal Contract Tower,4,0,17,0,21,0,1,87,2,90,4,1,104,2,111,72,0,72,183
12/11/2011,ORH,MA,ANE,EN,Federal Contract Tower,4,0,20,0,24,0,0,58,0,58,4,0,78,0,82,80,0,80,162
12/12/2011,ORH,MA,ANE,EN,Federal Contract Tower,0,0,20,0,20,0,6,81,0,87,0,6,101,0,107,70,0,70,177
12/13/2011,ORH,MA,ANE,EN,Federal Contract Tower,0,3,7,4,14,0,2,93,1,96,0,5,100,5,110,92,0,92,202
12/14/2011,ORH,MA,ANE,EN,Federal Contract Tower,0,5,21,0,26,0,7,81,1,89,0,12,102,1,115,76,0,76,191
12/15/2011,ORH,MA,ANE,EN,Federal Contract Tower,6,2,13,0,21,0,0,67,0,67,6,2,80,0,88,32,0,32,120
12/16/2011,ORH,MA,ANE,EN,Federal Contract Tower,0,3,17,0,20,0,1,55,0,56,0,4,72,0,76,50,0,50,126
12/17/2011,ORH,MA,ANE,EN,Federal Contract Tower,7,1,21,0,29,0,0,76,0,76,7,1,97,0,105,66,0,66,171
12/18/2011,ORH,MA,ANE,EN,Federal Contract Tower,6,2,13,0,21,0,1,56,0,57,6,3,69,0,78,45,0,45,123
12/19/2011,ORH,MA,ANE,EN,Federal Contract Tower,0,3,5,0,8,0,0,60,0,60,0,3,65,0,68,44,0,44,112
12/20/2011,ORH,MA,ANE,EN,Federal Contract Tower,0,5,28,0,33,0,5,75,1,81,0,10,103,1,114,54,0,54,168
12/21/2011,ORH,MA,ANE,EN,Federal Contract Tower,4,2,3,0,9,0,3,16,0,19,4,5,19,0,28,4,0,4,32
12/22/2011,ORH,MA,ANE,EN,Federal Contract Tower,6,0,16,0,22,0,3,81,0,84,6,3,97,0,106,70,0,70,176
12/23/2011,ORH,MA,ANE,EN,Federal Contract Tower,0,2,1,0,3,0,0,25,0,25,0,2,26,0,28,10,0,10,38
12/24/2011,ORH,MA,ANE,EN,Federal Contract Tower,6,0,6,0,12,0,2,64,0,66,6,2,70,0,78,50,0,50,128
12/25/2011,ORH,MA,ANE,EN,Federal Contract Tower,6,2,0,0,8,0,2,31,0,33,6,4,31,0,41,26,0,26,67
12/26/2011,ORH,MA,ANE,EN,Federal Contract Tower,0,4,8,0,12,0,3,54,0,57,0,7,62,0,69,52,0,52,121
12/27/2011,ORH,MA,ANE,EN,Federal Contract Tower,0,1,14,2,17,0,2,53,0,55,0,3,67,2,72,42,0,42,114
12/28/2011,ORH,MA,ANE,EN,Federal Contract Tower,4,0,1,4,9,0,1,55,4,60,4,1,56,8,69,30,4,34,103
12/29/2011,ORH,MA,ANE,EN,Federal Contract Tower,8,0,7,0,15,0,1,83,0,84,8,1,90,0,99,78,0,78,177
12/30/2011,ORH,MA,ANE,EN,Federal Contract Tower,0,0,9,0,9,0,0,77,0,77,0,0,86,0,86,62,0,62,148
12/31/2011,ORH,MA,ANE,EN,Federal Contract Tower,4,0,2,0,6,0,0,0,0,0,4,0,2,0,6,0,0,0,6
01/01/2012,ORH,MA,ANE,EN,Federal Contract Tower,6,1,4,0,11,0,1,53,0,54,6,2,57,0,65,52,0,52,117
01/02/2012,ORH,MA,ANE,EN,Federal Contract Tower,2,0,14,0,16,0,0,53,0,53,2,0,67,0,69,54,0,54,123
01/03/2012,ORH,MA,ANE,EN,Federal Contract Tower,0,0,9,0,9,0,3,66,0,69,0,3,75,0,78,52,0,52,130
01/04/2012,ORH,MA,ANE,EN,Federal Contract Tower,4,0,11,0,15,0,2,65,0,67,4,2,76,0,82,50,0,50,132
01/05/2012,ORH,MA,ANE,EN,Federal Contract Tower,6,1,10,0,17,0,2,56,1,59,6,3,66,1,76,38,0,38,114
01/06/2012,ORH,MA,ANE,EN,Federal Contract Tower,0,0,16,0,16,0,2,74,0,76,0,2,90,0,92,70,0,70,162
01/07/2012,ORH,MA,ANE,EN,Federal Contract Tower,3,0,43,0,46,0,4,84,0,88,3,4,127,0,134,98,0,98,232
01/08/2012,ORH,MA,ANE,EN,Federal Contract Tower,5,3,26,0,34,0,1,68,0,69,5,4,94,0,103,50,0,50,153
01/09/2012,ORH,MA,ANE,EN,Federal Contract Tower,0,0,1,0,1,0,5,78,0,83,0,5,79,0,84,62,0,62,146
01/10/2012,ORH,MA,ANE,EN,Federal Contract Tower,0,1,10,2,13,0,1,70,6,77,0,2,80,8,90,36,2,38,128
01/11/2012,ORH,MA,ANE,EN,Federal Contract Tower,0,4,16,2,22,0,0,66,2,68,0,4,82,4,90,50,6,56,146
01/12/2012,ORH,MA,ANE,EN,Federal Contract Tower,4,0,1,0,5,0,0,0,0,0,4,0,1,0,5,0,0,0,5
01/13/2012,ORH,MA,ANE,EN,Federal Contract Tower,0,1,6,0,7,0,2,34,0,36,0,3,40,0,43,32,0,32,75
01/14/2012,ORH,MA,ANE,EN,Federal Contract Tower,6,9,0,0,15,0,3,77,0,80,6,12,77,0,95,82,0,82,177
01/15/2012,ORH,MA,ANE,EN,Federal Contract Tower,6,0,11,0,17,0,4,76,0,80,6,4,87,0,97,42,0,42,139
01/16/2012,ORH,MA,ANE,EN,Federal Contract Tower,0,1,4,0,5,0,4,84,0,88,0,5,88,0,93,66,0,66,159
01/17/2012,ORH,MA,ANE,EN,Federal Contract Tower,0,3,15,0,18,0,0,0,0,0,0,3,15,0,18,0,0,0,18
01/18/2012,ORH,MA,ANE,EN,Federal Contract Tower,0,6,1,0,7,0,0,22,4,26,0,6,23,4,33,6,4,10,43
01/19/2012,ORH,MA,ANE,EN,Federal Contract Tower,6,0,28,3,37,0,0,57,0,57,6,0,85,3,94,42,0,42,136
01/20/2012,ORH,MA,ANE,EN,Federal Contract Tower,0,0,4,0,4,0,5,55,0,60,0,5,59,0,64,70,0,70,134
01/21/2012,ORH,MA,ANE,EN,Federal Contract Tower,6,0,0,0,6,0,0,0,0,0,6,0,0,0,6,0,0,0,6
01/22/2012,ORH,MA,ANE,EN,Federal Contract Tower,6,0,7,3,16,0,1,58,1,60,6,1,65,4,76,28,20,48,124
01/23/2012,ORH,MA,ANE,EN,Federal Contract Tower,0,8,0,0,8,0,0,0,0,0,0,8,0,0,8,0,0,0,8
01/24/2012,ORH,MA,ANE,EN,Federal Contract Tower,0,0,8,0,8,0,1,83,0,84,0,1,91,0,92,60,0,60,152
01/25/2012,ORH,MA,ANE,EN,Federal Contract Tower,0,0,14,4,18,0,0,70,1,71,0,0,84,5,89,38,26,64,153
01/26/2012,ORH,MA,ANE,EN,Federal Contract Tower,6,2,17,4,29,0,0,50,0,50,6,2,67,4,79,24,8,32,111
01/27/2012,ORH,MA,ANE,EN,Federal Contract Tower,0,0,0,0,0,0,3,18,0,21,0,3,18,0,21,12,0,12,33
01/28/2012,ORH,MA,ANE,EN,Federal Contract Tower,5,0,23,0,28,0,2,88,0,90,5,2,111,0,118,76,0,76,194
01/29/2012,ORH,MA,ANE,EN,Federal Contract Tower,4,0,12,0,16,0,2,64,8,74,4,2,76,8,90,46,0,46,136
01/30/2012,ORH,MA,ANE,EN,Federal Contract Tower,0,0,6,2,8,0,2,76,1,79,0,2,82,3,87,80,8,88,175
01/31/2012,ORH,MA,ANE,EN,Federal Contract Tower,0,0,7,0,7,0,3,63,0,66,0,3,70,0,73,54,10,64,137
02/01/2012,ORH,MA,ANE,EN,Federal Contract Tower,0,0,28,5,33,0,2,58,0,60,0,2,86,5,93,58,4,62,155
02/02/2012,ORH,MA,ANE,EN,Federal Contract Tower,6,5,14,4,29,0,1,47,0,48,6,6,61,4,77,46,2,48,125
02/03/2012,ORH,MA,ANE,EN,Federal Contract Tower,0,3,9,2,14,0,2,80,0,82,0,5,89,2,96,62,0,62,158
02/04/2012,ORH,MA,ANE,EN,Federal Contract Tower,6,1,16,0,23,0,2,83,3,88,6,3,99,3,111,64,0,64,175
02/05/2012,ORH,MA,ANE,EN,Federal Contract Tower,6,2,18,0,26,0,5,63,0,68,6,7,81,0,94,60,0,60,154
02/06/2012,ORH,MA,ANE,EN,Federal Contract Tower,0,4,9,0,13,0,5,86,0,91,0,9,95,0,104,82,0,82,186
02/07/2012,ORH,MA,ANE,EN,Federal Contract Tower,0,0,15,0,15,0,0,77,0,77,0,0,92,0,92,84,0,84,176
02/08/2012,ORH,MA,ANE,EN,Federal Contract Tower,0,0,14,0,14,0,5,81,0,86,0,5,95,0,100,76,0,76,176
02/09/2012,ORH,MA,ANE,EN,Federal Contract Tower,6,0,6,0,12,0,0,79,0,79,6,0,85,0,91,78,0,78,169
02/10/2012,ORH,MA,ANE,EN,Federal Contract Tower,0,3,12,0,15,0,4,78,0,82,0,7,90,0,97,74,0,74,171
02/11/2012,ORH,MA,ANE,EN,Federal Contract Tower,6,2,1,0,9,0,4,51,0,55,6,6,52,0,64,48,0,48,112
02/12/2012,ORH,MA,ANE,EN,Federal Contract Tower,6,0,10,0,16,0,2,59,0,61,6,2,69,0,77,62,0,62,139
02/13/2012,ORH,MA,ANE,EN,Federal Contract Tower,0,3,4,0,7,0,4,74,0,78,0,7,78,0,85,72,0,72,157
02/14/2012,ORH,MA,ANE,EN,Federal Contract Tower,0,4,4,0,8,0,4,85,0,89,0,8,89,0,97,74,0,74,171
02/15/2012,ORH,MA,ANE,EN,Federal Contract Tower,0,4,10,2,16,0,2,24,0,26,0,6,34,2,42,46,0,46,88
02/16/2012,ORH,MA,ANE,EN,Federal Contract Tower,10,0,12,0,22,0,0,56,0,56,10,0,68,0,78,52,0,52,130
02/17/2012,ORH,MA,ANE,EN,Federal Contract Tower,0,2,5,2,9,0,2,63,0,65,0,4,68,2,74,36,2,38,112
02/18/2012,ORH,MA,ANE,EN,Federal Contract Tower,10,0,19,0,29,0,4,85,0,89,10,4,104,0,118,70,0,70,188
02/19/2012,ORH,MA,ANE,EN,Federal Contract Tower,12,2,10,0,24,0,3,56,0,59,12,5,66,0,83,72,0,72,155
02/20/2012,ORH,MA,ANE,EN,Federal Contract Tower,0,4,4,0,8,0,5,79,0,84,0,9,83,0,92,88,0,88,180
02/21/2012,ORH,MA,ANE,EN,Federal Contract Tower,0,0,14,0,14,0,3,76,0,79,0,3,90,0,93,76,0,76,169
02/22/2012,ORH,MA,ANE,EN,Federal Contract Tower,0,0,9,2,11,0,2,71,0,73,0,2,80,2,84,64,0,64,148
02/23/2012,ORH,MA,ANE,EN,Federal Contract Tower,10,3,10,2,25,0,3,66,1,70,10,6,76,3,95,4,0,4,99
02/24/2012,ORH,MA,ANE,EN,Federal Contract Tower,0,1,3,0,4,0,0,0,0,0,0,1,3,0,4,0,0,0,4
02/25/2012,ORH,MA,ANE,EN,Federal Contract Tower,10,0,0,0,10,0,2,59,0,61,10,2,59,0,71,58,0,58,129
02/26/2012,ORH,MA,ANE,EN,Federal Contract Tower,10,1,18,0,29,0,3,60,0,63,10,4,78,0,92,66,0,66,158
02/27/2012,ORH,MA,ANE,EN,Federal Contract Tower,0,1,18,0,19,0,5,71,1,77,0,6,89,1,96,72,4,76,172
02/28/2012,ORH,MA,ANE,EN,Federal Contract Tower,0,4,20,6,30,0,1,67,0,68,0,5,87,6,98,70,6,76,174
02/29/2012,ORH,MA,ANE,EN,Federal Contract Tower,0,1,6,5,12,0,1,19,0,20,0,2,25,5,32,4,0,4,36
03/01/2012,ORH,MA,ANE,EN,Federal Contract Tower,6,1,3,0,10,0,0,0,0,0,6,1,3,0,10,0,0,0,10
03/02/2012,ORH,MA,ANE,EN,Federal Contract Tower,0,9,7,0,16,0,0,0,0,0,0,9,7,0,16,0,0,0,16
03/03/2012,ORH,MA,ANE,EN,Federal Contract Tower,2,0,3,0,5,0,2,16,0,18,2,2,19,0,23,18,0,18,41
03/04/2012,ORH,MA,ANE,EN,Federal Contract Tower,5,2,12,0,19,0,3,58,0,61,5,5,70,0,80,56,0,56,136
03/05/2012,ORH,MA,ANE,EN,Federal Contract Tower,0,1,8,4,13,0,3,77,0,80,0,4,85,4,93,74,4,78,171
03/06/2012,ORH,MA,ANE,EN,Federal Contract Tower,0,1,22,4,27,0,1,78,0,79,0,2,100,4,106,50,0,50,156
03/07/2012,ORH,MA,ANE,EN,Federal Contract Tower,0,2,9,0,11,0,0,59,0,59,0,2,68,0,70,52,0,52,122
03/08/2012,ORH,MA,ANE,EN,Federal Contract Tower,10,0,5,0,15,0,0,61,0,61,10,0,66,0,76,34,0,34,110
03/09/2012,ORH,MA,ANE,EN,Federal Contract Tower,0,0,20,2,22,0,2,72,0,74,0,2,92,2,96,66,4,70,166
03/10/2012,ORH,MA,ANE,EN,Federal Contract Tower,10,0,17,0,27,0,3,73,2,78,10,3,90,2,105,74,4,78,183
03/11/2012,ORH,MA,ANE,EN,Federal Contract Tower,7,2,7,0,16,0,2,66,0,68,7,4,73,0,84,50,0,50,134
03/12/2012,ORH,MA,ANE,EN,Federal Contract Tower,0,6,9,0,15,0,2,81,0,83,0,8,90,0,98,70,0,70,168
03/13/2012,ORH,MA,ANE,EN,Federal Contract Tower,0,0,24,0,24,0,1,54,0,55,0,1,78,0,79,46,0,46,125
03/14/2012,ORH,MA,ANE,EN,Federal Contract Tower,0,0,19,0,19,0,0,58,0,58,0,0,77,0,77,60,0,60,137
03/15/2012,ORH,MA,ANE,EN,Federal Contract Tower,0,1,20,7,28,0,0,17,0,17,0,1,37,7,45,8,0,8,53
03/16/2012,ORH,MA,ANE,EN,Federal Contract Tower,0,0,12,0,12,0,0,0,0,0,0,0,12,0,12,4,0,4,16
03/17/2012,ORH,MA,ANE,EN,Federal Contract Tower,0,1,25,0,26,0,4,50,0,54,0,5,75,0,80,52,0,52,132
03/18/2012,ORH,MA,ANE,EN,Federal Contract Tower,0,0,6,0,6,0,4,61,0,65,0,4,67,0,71,38,0,38,109
03/19/2012,ORH,MA,ANE,EN,Federal Contract Tower,0,2,13,0,15,0,2,78,0,80,0,4,91,0,95,84,0,84,179
03/20/2012,ORH,MA,ANE,EN,Federal Contract Tower,0,1,7,0,8,0,0,58,0,58,0,1,65,0,66,38,0,38,104
03/21/2012,ORH,MA,ANE,EN,Federal Contract Tower,0,6,23,2,31,0,0,66,0,66,0,6,89,2,97,52,14,66,163
03/22/2012,ORH,MA,ANE,EN,Federal Contract Tower,2,4,30,2,38,0,2,68,0,70,2,6,98,2,108,52,0,52,160
03/23/2012,ORH,MA,ANE,EN,Federal Contract Tower,1,5,30,0,36,0,1,89,0,90,1,6,119,0,126,74,0,74,200
03/24/2012,ORH,MA,ANE,EN,Federal Contract Tower,0,5,20,0,25,0,2,91,0,93,0,7,111,0,118,104,0,104,222
03/25/2012,ORH,MA,ANE,EN,Federal Contract Tower,1,2,16,0,19,0,0,32,0,32,1,2,48,0,51,24,0,24,75
03/26/2012,ORH,MA,ANE,EN,Federal Contract Tower,0,3,6,6,15,0,2,66,0,68,0,5,72,6,83,32,0,32,115
03/27/2012,ORH,MA,ANE,EN,Federal Contract Tower,0,1,14,0,15,0,4,63,0,67,0,5,77,0,82,68,0,68,150
03/28/2012,ORH,MA,ANE,EN,Federal Contract Tower,0,0,9,0,9,0,2,40,2,44,0,2,49,2,53,36,10,46,99
03/29/2012,ORH,MA,ANE,EN,Federal Contract Tower,0,0,16,4,20,0,0,33,0,33,0,0,49,4,53,30,0,30,83
03/30/2012,ORH,MA,ANE,EN,Federal Contract Tower,0,0,10,2,12,0,3,81,0,84,0,3,91,2,96,74,0,74,170
03/31/2012,ORH,MA,ANE,EN,Federal Contract Tower,0,1,5,0,6,0,0,54,0,54,0,1,59,0,60,60,0,60,120
04/01/2012,ORH,MA,ANE,EN,Federal Contract Tower,0,3,13,0,16,0,2,68,0,70,0,5,81,0,86,74,0,74,160
04/02/2012,ORH,MA,ANE,EN,Federal Contract Tower,0,1,2,0,3,0,6,76,0,82,0,7,78,0,85,80,0,80,165
04/03/2012,ORH,MA,ANE,EN,Federal Contract Tower,0,6,9,0,15,0,1,67,0,68,0,7,76,0,83,28,0,28,111
04/04/2012,ORH,MA,ANE,EN,Federal Contract Tower,0,0,14,0,14,0,2,76,0,78,0,2,90,0,92,52,0,52,144
04/05/2012,ORH,MA,ANE,EN,Federal Contract Tower,0,5,9,4,18,0,3,82,0,85,0,8,91,4,103,62,0,62,165
04/06/2012,ORH,MA,ANE,EN,Federal Contract Tower,0,1,20,2,23,0,4,80,0,84,0,5,100,2,107,102,2,104,211
04/07/2012,ORH,MA,ANE,EN,Federal Contract Tower,0,4,8,0,12,0,3,75,0,78,0,7,83,0,90,80,0,80,170
04/08/2012,ORH,MA,ANE,EN,Federal Contract Tower,0,0,5,0,5,0,1,63,0,64,0,1,68,0,69,52,0,52,121
04/09/2012,ORH,MA,ANE,EN,Federal Contract Tower,0,3,14,0,17,0,4,84,0,88,0,7,98,0,105,54,0,54,159
04/10/2012,ORH,MA,ANE,EN,Federal Contract Tower,0,3,6,2,11,0,4,65,0,69,0,7,71,2,80,46,0,46,126
04/11/2012,ORH,MA,ANE,EN,Federal Contract Tower,0,4,10,6,20,0,2,59,0,61,0,6,69,6,81,50,0,50,131
04/12/2012,ORH,MA,ANE,EN,Federal Contract Tower,0,2,12,0,14,0,1,58,0,59,0,3,70,0,73,34,0,34,107
04/13/2012,ORH,MA,ANE,EN,Federal Contract Tower,0,1,27,0,28,0,2,74,1,77,0,3,101,1,105,66,0,66,171
04/14/2012,ORH,MA,ANE,EN,Federal Contract Tower,0,0,4,0,4,0,2,73,0,75,0,2,77,0,79,72,0,72,151
04/15/2012,ORH,MA,ANE,EN,Federal Contract Tower,0,1,7,0,8,0,6,57,1,64,0,7,64,1,72,50,0,50,122
04/16/2012,ORH,MA,ANE,EN,Federal Contract Tower,0,2,5,0,7,0,3,87,1,91,0,5,92,1,98,62,0,62,160
04/17/2012,ORH,MA,ANE,EN,Federal Contract Tower,0,1,9,0,10,0,2,64,0,66,0,3,73,0,76,74,0,74,150
04/18/2012,ORH,MA,ANE,EN,Federal Contract Tower,0,3,17,1,21,0,0,82,2,84,0,3,99,3,105,92,0,92,197
04/19/2012,ORH,MA,ANE,EN,Federal Contract Tower,0,1,15,0,16,0,0,65,0,65,0,1,80,0,81,90,0,90,171
04/20/2012,ORH,MA,ANE,EN,Federal Contract Tower,0,5,25,0,30,0,3,81,0,84,0,8,106,0,114,90,0,90,204
04/21/2012,ORH,MA,ANE,EN,Federal Contract Tower,0,4,24,0,28,0,2,43,0,45,0,6,67,0,73,44,0,44,117
04/22/2012,ORH,MA,ANE,EN,Federal Contract Tower,0,1,10,0,11,0,0,0,0,0,0,1,10,0,11,0,0,0,11
04/23/2012,ORH,MA,ANE,EN,Federal Contract Tower,0,2,11,0,13,0,0,1,0,1,0,2,12,0,14,0,0,0,14
04/24/2012,ORH,MA,ANE,EN,Federal Contract Tower,0,2,11,0,13,0,0,21,0,21,0,2,32,0,34,16,0,16,50
04/25/2012,ORH,MA,ANE,EN,Federal Contract Tower,0,0,14,0,14,0,0,58,1,59,0,0,72,1,73,40,0,40,113
04/26/2012,ORH,MA,ANE,EN,Federal Contract Tower,0,1,10,2,13,0,0,54,0,54,0,1,64,2,67,48,0,48,115
04/27/2012,ORH,MA,ANE,EN,Federal Contract Tower,0,1,6,0,7,0,3,41,0,44,0,4,47,0,51,20,0,20,71
04/28/2012,ORH,MA,ANE,EN,Federal Contract Tower,0,1,27,0,28,0,3,60,0,63,0,4,87,0,91,72,0,72,163
04/29/2012,ORH,MA,ANE,EN,Federal Contract Tower,0,0,2,2,4,0,1,46,0,47,0,1,48,2,51,36,0,36,87
04/30/2012,ORH,MA,ANE,EN,Federal Contract Tower,0,1,11,0,12,0,5,98,1,104,0,6,109,1,116,104,0,104,220
05/01/2012,ORH,MA,ANE,EN,Federal Contract Tower,0,4,9,0,13,0,0,0,0,0,0,4,9,0,13,0,0,0,13
05/02/2012,ORH,MA,ANE,EN,Federal Contract Tower,0,1,27,4,32,0,0,0,0,0,0,1,27,4,32,0,0,0,32
05/03/2012,ORH,MA,ANE,EN,Federal Contract Tower,0,4,13,1,18,0,0,0,0,0,0,4,13,1,18,0,0,0,18
05/04/2012,ORH,MA,ANE,EN,Federal Contract Tower,0,0,18,0,18,0,0,0,0,0,0,0,18,0,18,0,0,0,18
05/05/2012,ORH,MA,ANE,EN,Federal Contract Tower,0,4,9,0,13,0,0,23,0,23,0,4,32,0,36,28,0,28,64
05/06/2012,ORH,MA,ANE,EN,Federal Contract Tower,0,2,4,0,6,0,4,81,0,85,0,6,85,0,91,86,0,86,177
05/07/2012,ORH,MA,ANE,EN,Federal Contract Tower,0,2,25,0,27,0,2,88,0,90,0,4,113,0,117,46,0,46,163
05/08/2012,ORH,MA,ANE,EN,Federal Contract Tower,0,5,1,0,6,0,19,0,0,19,0,24,1,0,25,0,0,0,25
05/09/2012,ORH,MA,ANE,EN,Federal Contract Tower,0,4,14,0,18,0,0,0,0,0,0,4,14,0,18,0,0,0,18
05/10/2012,ORH,MA,ANE,EN,Federal Contract Tower,0,0,10,0,10,0,0,36,0,36,0,0,46,0,46,26,0,26,72
05/11/2012,ORH,MA,ANE,EN,Federal Contract Tower,0,0,27,0,27,0,0,64,0,64,0,0,91,0,91,30,2,32,123
05/12/2012,ORH,MA,ANE,EN,Federal Contract Tower,2,4,16,0,22,0,0,71,0,71,2,4,87,0,93,68,2,70,163
05/13/2012,ORH,MA,ANE,EN,Federal Contract Tower,0,4,13,0,17,0,3,70,0,73,0,7,83,0,90,54,0,54,144
05/14/2012,ORH,MA,ANE,EN,Federal Contract Tower,0,3,7,0,10,0,2,65,0,67,0,5,72,0,77,40,0,40,117
05/15/2012,ORH,MA,ANE,EN,Federal Contract Tower,0,1,12,2,15,0,0,35,0,35,0,1,47,2,50,26,2,28,78
05/16/2012,ORH,MA,ANE,EN,Federal Contract Tower,0,2,8,0,10,0,0,2,0,2,0,2,10,0,12,4,0,4,16
05/17/2012,ORH,MA,ANE,EN,Federal Contract Tower,0,4,8,7,19,0,1,81,0,82,0,5,89,7,101,54,4,58,159
05/18/2012,ORH,MA,ANE,EN,Federal Contract Tower,0,6,35,0,41,0,2,83,0,85,0,8,118,0,126,74,4,78,204
05/19/2012,ORH,MA,ANE,EN,Federal Contract Tower,0,1,5,3,9,0,1,86,0,87,0,2,91,3,96,82,0,82,178
05/20/2012,ORH,MA,ANE,EN,Federal Contract Tower,0,0,10,0,10,0,1,92,0,93,0,1,102,0,103,92,0,92,195
05/21/2012,ORH,MA,ANE,EN,Federal Contract Tower,0,2,17,0,19,0,0,2,0,2,0,2,19,0,21,10,0,10,31
05/22/2012,ORH,MA,ANE,EN,Federal Contract Tower,0,0,4,2,6,0,0,0,0,0,0,0,4,2,6,0,0,0,6
05/23/2012,ORH,MA,ANE,EN,Federal Contract Tower,0,2,7,0,9,0,0,40,0,40,0,2,47,0,49,46,0,46,95
05/24/2012,ORH,MA,ANE,EN,Federal Contract Tower,0,9,15,2,26,0,2,53,0,55,0,11,68,2,81,46,14,60,141
05/25/2012,ORH,MA,ANE,EN,Federal Contract Tower,0,5,14,0,19,0,0,13,0,13,0,5,27,0,32,0,0,0,32
05/26/2012,ORH,MA,ANE,EN,Federal Contract Tower,0,4,17,0,21,0,0,60,0,60,0,4,77,0,81,50,0,50,131
05/27/2012,ORH,MA,ANE,EN,Federal Contract Tower,0,0,9,0,9,0,2,70,0,72,0,2,79,0,81,48,0,48,129
05/28/2012,ORH,MA,ANE,EN,Federal Contract Tower,0,3,13,0,16,0,4,71,0,75,0,7,84,0,91,52,0,52,143
05/29/2012,ORH,MA,ANE,EN,Federal Contract Tower,0,2,5,5,12,0,2,56,0,58,0,4,61,5,70,48,0,48,118
05/30/2012,ORH,MA,ANE,EN,Federal Contract Tower,0,1,13,0,14,0,2,65,0,67,0,3,78,0,81,48,0,48,129
05/31/2012,ORH,MA,ANE,EN,Federal Contract Tower,0,9,16,0,25,0,1,67,0,68,0,10,83,0,93,40,0,40,133
06/01/2012,ORH,MA,ANE,EN,Federal Contract Tower,0,1,16,0,17,0,1,90,0,91,0,2,106,0,108,88,0,88,196
06/02/2012,ORH,MA,ANE,EN,Federal Contract Tower,0,1,16,0,17,0,0,0,0,0,0,1,16,0,17,0,0,0,17
06/03/2012,ORH,MA,ANE,EN,Federal Contract Tower,0,2,17,0,19,0,0,70,2,72,0,2,87,2,91,56,0,56,147
06/04/2012,ORH,MA,ANE,EN,Federal Contract Tower,0,1,29,0,30,0,0,0,0,0,0,1,29,0,30,0,0,0,30
06/05/2012,ORH,MA,ANE,EN,Federal Contract Tower,0,1,22,0,23,0,3,21,0,24,0,4,43,0,47,26,0,26,73
06/06/2012,ORH,MA,ANE,EN,Federal Contract Tower,0,1,20,1,22,0,0,29,0,29,0,1,49,1,51,24,0,24,75
06/07/2012,ORH,MA,ANE,EN,Federal Contract Tower,0,6,13,2,21,0,1,57,0,58,0,7,70,2,79,52,0,52,131
06/08/2012,ORH,MA,ANE,EN,Federal Contract Tower,0,1,12,0,13,0,1,73,2,76,0,2,85,2,89,58,0,58,147
06/09/2012,ORH,MA,ANE,EN,Federal Contract Tower,0,0,33,0,33,0,1,76,0,77,0,1,109,0,110,66,0,66,176
06/10/2012,ORH,MA,ANE,EN,Federal Contract Tower,0,2,12,4,18,0,6,80,0,86,0,8,92,4,104,60,0,60,164
06/11/2012,ORH,MA,ANE,EN,Federal Contract Tower,0,3,26,0,29,0,3,77,0,80,0,6,103,0,109,66,0,66,175
06/12/2012,ORH,MA,ANE,EN,Federal Contract Tower,0,3,9,2,14,0,2,44,0,46,0,5,53,2,60,38,0,38,98
06/13/2012,ORH,MA,ANE,EN,Federal Contract Tower,0,0,9,0,9,0,0,0,0,0,0,0,9,0,9,0,0,0,9
06/14/2012,ORH,MA,ANE,EN,Federal Contract Tower,0,3,35,13,51,0,0,67,0,67,0,3,102,13,118,70,4,74,192
06/15/2012,ORH,MA,ANE,EN,Federal Contract Tower,0,1,15,0,16,0,0,78,0,78,0,1,93,0,94,56,0,56,150
06/16/2012,ORH,MA,ANE,EN,Federal Contract Tower,0,0,20,0,20,0,1,81,0,82,0,1,101,0,102,76,0,76,178
06/17/2012,ORH,MA,ANE,EN,Federal Contract Tower,0,0,10,0,10,0,0,64,0,64,0,0,74,0,74,36,0,36,110
06/18/2012,ORH,MA,ANE,EN,Federal Contract Tower,0,0,20,0,20,0,2,56,0,58,0,2,76,0,78,50,0,50,128
06/19/2012,ORH,MA,ANE,EN,Federal Contract Tower,0,3,11,0,14,0,2,29,0,31,0,5,40,0,45,30,0,30,75
06/20/2012,ORH,MA,ANE,EN,Federal Contract Tower,0,2,15,0,17,0,2,65,0,67,0,4,80,0,84,50,0,50,134
06/21/2012,ORH,MA,ANE,EN,Federal Contract Tower,0,0,4,0,4,0,3,68,0,71,0,3,72,0,75,58,0,58,133
06/22/2012,ORH,MA,ANE,EN,Federal Contract Tower,0,1,13,0,14,0,0,42,0,42,0,1,55,0,56,12,0,12,68
06/23/2012,ORH,MA,ANE,EN,Federal Contract Tower,0,0,18,0,18,0,0,69,0,69,0,0,87,0,87,72,0,72,159
06/24/2012,ORH,MA,ANE,EN,Federal Contract Tower,0,0,11,0,11,0,0,64,0,64,0,0,75,0,75,58,0,58,133
06/25/2012,ORH,MA,ANE,EN,Federal Contract Tower,0,0,8,0,8,0,0,17,0,17,0,0,25,0,25,0,0,0,25
06/26/2012,ORH,MA,ANE,EN,Federal Contract Tower,0,2,1,0,3,0,2,62,0,64,0,4,63,0,67,44,0,44,111
06/27/2012,ORH,MA,ANE,EN,Federal Contract Tower,0,0,8,0,8,0,2,72,3,77,0,2,80,3,85,72,8,80,165
06/28/2012,ORH,MA,ANE,EN,Federal Contract Tower,0,2,27,0,29,0,5,87,2,94,0,7,114,2,123,94,2,96,219
06/29/2012,ORH,MA,ANE,EN,Federal Contract Tower,0,1,24,0,25,0,2,82,0,84,0,3,106,0,109,70,0,70,179
06/30/2012,ORH,MA,ANE,EN,Federal Contract Tower,0,2,14,0,16,0,2,83,0,85,0,4,97,0,101,90,0,90,191
07/01/2012,ORH,MA,ANE,EN,Federal Contract Tower,0,0,13,0,13,0,0,61,0,61,0,0,74,0,74,64,0,64,138
07/02/2012,ORH,MA,ANE,EN,Federal Contract Tower,0,2,13,0,15,0,6,74,2,82,0,8,87,2,97,58,2,60,157
07/03/2012,ORH,MA,ANE,EN,Federal Contract Tower,0,0,3,0,3,0,2,80,0,82,0,2,83,0,85,62,0,62,147
07/04/2012,ORH,MA,ANE,EN,Federal Contract Tower,0,0,4,0,4,0,0,26,0,26,0,0,30,0,30,3,0,3,33
07/05/2012,ORH,MA,ANE,EN,Federal Contract Tower,0,0,10,0,10,0,4,82,0,86,0,4,92,0,96,82,0,82,178
07/06/2012,ORH,MA,ANE,EN,Federal Contract Tower,0,0,19,2,21,0,2,79,0,81,0,2,98,2,102,60,0,60,162
07/07/2012,ORH,MA,ANE,EN,Federal Contract Tower,0,0,33,0,33,0,0,61,0,61,0,0,94,0,94,48,0,48,142
07/08/2012,ORH,MA,ANE,EN,Federal Contract Tower,0,8,10,0,18,0,7,109,1,117,0,15,119,1,135,76,0,76,211
07/09/2012,ORH,MA,ANE,EN,Federal Contract Tower,1,5,20,8,34,0,4,82,0,86,1,9,102,8,120,62,0,62,182
07/10/2012,ORH,MA,ANE,EN,Federal Contract Tower,0,5,13,0,18,0,2,69,2,73,0,7,82,2,91,82,0,82,173
07/11/2012,ORH,MA,ANE,EN,Federal Contract Tower,0,1,11,12,24,0,1,74,0,75,0,2,85,12,99,46,14,60,159
07/12/2012,ORH,MA,ANE,EN,Federal Contract Tower,0,2,12,0,14,0,5,89,0,94,0,7,101,0,108,80,0,80,188
07/13/2012,ORH,MA,ANE,EN,Federal Contract Tower,0,1,4,0,5,0,2,68,0,70,0,3,72,0,75,40,0,40,115
07/14/2012,ORH,MA,ANE,EN,Federal Contract Tower,0,0,12,0,12,0,2,59,0,61,0,2,71,0,73,60,0,60,133
07/15/2012,ORH,MA,ANE,EN,Federal Contract Tower,0,4,5,0,9,0,3,75,0,78,0,7,80,0,87,70,0,70,157
07/16/2012,ORH,MA,ANE,EN,Federal Contract Tower,0,1,21,0,22,0,4,72,4,80,0,5,93,4,102,66,0,66,168
07/17/2012,ORH,MA,ANE,EN,Federal Contract Tower,0,1,16,2,19,0,8,83,1,92,0,9,99,3,111,74,0,74,185
07/18/2012,ORH,MA,ANE,EN,Federal Contract Tower,0,0,8,0,8,0,3,68,0,71,0,3,76,0,79,52,0,52,131
07/19/2012,ORH,MA,ANE,EN,Federal Contract Tower,0,1,15,4,20,0,7,88,2,97,0,8,103,6,117,84,0,84,201
07/20/2012,ORH,MA,ANE,EN,Federal Contract Tower,0,4,21,0,25,0,2,64,0,66,0,6,85,0,91,48,0,48,139
07/21/2012,ORH,MA,ANE,EN,Federal Contract Tower,0,2,18,0,20,0,1,76,0,77,0,3,94,0,97,74,0,74,171
07/22/2012,ORH,MA,ANE,EN,Federal Contract Tower,0,1,8,0,9,0,0,81,0,81,0,1,89,0,90,78,0,78,168
07/23/2012,ORH,MA,ANE,EN,Federal Contract Tower,0,7,6,2,15,0,6,59,0,65,0,13,65,2,80,60,0,60,140
07/24/2012,ORH,MA,ANE,EN,Federal Contract Tower,0,2,16,0,18,0,3,61,6,70,0,5,77,6,88,46,0,46,134
07/25/2012,ORH,MA,ANE,EN,Federal Contract Tower,0,6,20,3,29,0,3,93,2,98,0,9,113,5,127,66,0,66,193
07/26/2012,ORH,MA,ANE,EN,Federal Contract Tower,0,1,7,0,8,0,1,73,2,76,0,2,80,2,84,56,0,56,140
07/27/2012,ORH,MA,ANE,EN,Federal Contract Tower,0,0,13,0,13,0,1,23,0,24,0,1,36,0,37,16,0,16,53
07/28/2012,ORH,MA,ANE,EN,Federal Contract Tower,0,0,9,0,9,0,1,30,0,31,0,1,39,0,40,32,0,32,72
07/29/2012,ORH,MA,ANE,EN,Federal Contract Tower,0,0,21,0,21,0,0,19,0,19,0,0,40,0,40,0,0,0,40
07/30/2012,ORH,MA,ANE,EN,Federal Contract Tower,0,4,18,0,22,0,5,82,2,89,0,9,100,2,111,98,0,98,209
07/31/2012,ORH,MA,ANE,EN,Federal Contract Tower,0,1,16,0,17,0,3,62,0,65,0,4,78,0,82,64,0,64,146
08/01/2012,ORH,MA,ANE,EN,Federal Contract Tower,0,2,17,0,19,0,2,63,1,66,0,4,80,1,85,56,0,56,141
08/02/2012,ORH,MA,ANE,EN,Federal Contract Tower,0,3,16,0,19,0,2,62,8,72,0,5,78,8,91,44,0,44,135
08/03/2012,ORH,MA,ANE,EN,Federal Contract Tower,0,2,17,0,19,0,2,81,0,83,0,4,98,0,102,60,0,60,162
08/04/2012,ORH,MA,ANE,EN,Federal Contract Tower,0,0,14,0,14,0,2,78,0,80,0,2,92,0,94,80,0,80,174
08/05/2012,ORH,MA,ANE,EN,Federal Contract Tower,0,5,9,0,14,0,2,38,0,40,0,7,47,0,54,36,0,36,90
08/06/2012,ORH,MA,ANE,EN,Federal Contract Tower,0,7,15,0,22,0,2,67,0,69,0,9,82,0,91,84,0,84,175
08/07/2012,ORH,MA,ANE,EN,Federal Contract Tower,0,1,17,4,22,0,2,88,0,90,0,3,105,4,112,64,0,64,176
08/08/2012,ORH,MA,ANE,EN,Federal Contract Tower,0,3,13,4,20,0,1,83,0,84,0,4,96,4,104,68,4,72,176
08/09/2012,ORH,MA,ANE,EN,Federal Contract Tower,0,2,10,0,12,0,1,68,0,69,0,3,78,0,81,56,0,56,137
08/10/2012,ORH,MA,ANE,EN,Federal Contract Tower,0,0,4,0,4,0,0,10,0,10,0,0,14,0,14,0,0,0,14
08/11/2012,ORH,MA,ANE,EN,Federal Contract Tower,0,0,5,0,5,0,0,4,0,4,0,0,9,0,9,0,0,0,9
08/12/2012,ORH,MA,ANE,EN,Federal Contract Tower,0,2,11,0,13,0,5,41,0,46,0,7,52,0,59,36,0,36,95
08/13/2012,ORH,MA,ANE,EN,Federal Contract Tower,0,1,19,0,20,0,3,74,0,77,0,4,93,0,97,90,0,90,187
08/14/2012,ORH,MA,ANE,EN,Federal Contract Tower,0,0,10,0,10,0,4,73,0,77,0,4,83,0,87,68,0,68,155
08/15/2012,ORH,MA,ANE,EN,Federal Contract Tower,0,2,11,0,13,0,1,55,0,56,0,3,66,0,69,64,0,64,133
08/16/2012,ORH,MA,ANE,EN,Federal Contract Tower,0,5,13,0,18,0,4,71,1,76,0,9,84,1,94,74,0,74,168
08/17/2012,ORH,MA,ANE,EN,Federal Contract Tower,0,4,9,0,13,2,74,0,0,76,2,78,9,0,89,72,0,72,161
08/18/2012,ORH,MA,ANE,EN,Federal Contract Tower,0,0,18,0,18,0,0,66,0,66,0,0,84,0,84,74,0,74,158
08/19/2012,ORH,MA,ANE,EN,Federal Contract Tower,0,3,16,2,21,0,0,101,1,102,0,3,117,3,123,84,0,84,207
08/20/2012,ORH,MA,ANE,EN,Federal Contract Tower,0,2,6,0,8,0,4,72,0,76,0,6,78,0,84,66,0,66,150
08/21/2012,ORH,MA,ANE,EN,Federal Contract Tower,0,2,21,0,23,0,2,69,1,72,0,4,90,1,95,38,0,38,133
08/22/2012,ORH,MA,ANE,EN,Federal Contract Tower,0,0,11,0,11,0,1,69,0,70,0,1,80,0,81,54,0,54,135
08/23/2012,ORH,MA,ANE,EN,Federal Contract Tower,0,0,5,0,5,0,2,67,0,69,0,2,72,0,74,80,0,80,154
08/24/2012,ORH,MA,ANE,EN,Federal Contract Tower,0,0,18,0,18,0,2,83,0,85,0,2,101,0,103,78,0,78,181
08/25/2012,ORH,MA,ANE,EN,Federal Contract Tower,0,1,15,0,16,0,0,51,0,51,0,1,66,0,67,32,0,32,99
08/26/2012,ORH,MA,ANE,EN,Federal Contract Tower,0,2,16,0,18,0,0,69,0,69,0,2,85,0,87,36,0,36,123
08/27/2012,ORH,MA,ANE,EN,Federal Contract Tower,0,0,7,0,7,0,4,74,0,78,0,4,81,0,85,60,0,60,145
08/28/2012,ORH,MA,ANE,EN,Federal Contract Tower,0,0,15,6,21,0,3,50,0,53,0,3,65,6,74,42,14,56,130
08/29/2012,ORH,MA,ANE,EN,Federal Contract Tower,0,0,17,0,17,0,0,80,0,80,0,0,97,0,97,82,0,82,179
08/30/2012,ORH,MA,ANE,EN,Federal Contract Tower,0,4,23,0,27,0,2,71,2,75,0,6,94,2,102,60,0,60,162
08/31/2012,ORH,MA,ANE,EN,Federal Contract Tower,0,0,10,2,12,0,2,79,0,81,0,2,89,2,93,50,0,50,143
09/01/2012,ORH,MA,ANE,EN,Federal Contract Tower,0,1,10,0,11,0,7,79,0,86,0,8,89,0,97,82,0,82,179
09/02/2012,ORH,MA,ANE,EN,Federal Contract Tower,0,0,9,0,9,0,2,61,0,63,0,2,70,0,72,44,0,44,116
09/03/2012,ORH,MA,ANE,EN,Federal Contract Tower,0,1,10,0,11,0,6,66,0,72,0,7,76,0,83,36,0,36,119
09/04/2012,ORH,MA,ANE,EN,Federal Contract Tower,0,0,11,0,11,0,0,0,0,0,0,0,11,0,11,0,0,0,11
09/05/2012,ORH,MA,ANE,EN,Federal Contract Tower,0,0,11,0,11,0,0,8,0,8,0,0,19,0,19,0,0,0,19
09/06/2012,ORH,MA,ANE,EN,Federal Contract Tower,0,2,31,0,33,0,3,81,0,84,0,5,112,0,117,78,10,88,205
09/07/2012,ORH,MA,ANE,EN,Federal Contract Tower,0,0,60,0,60,0,2,78,0,80,0,2,138,0,140,62,0,62,202
09/08/2012,ORH,MA,ANE,EN,Federal Contract Tower,0,0,18,0,18,0,0,25,0,25,0,0,43,0,43,8,0,8,51
09/09/2012,ORH,MA,ANE,EN,Federal Contract Tower,0,1,20,0,21,0,2,71,0,73,0,3,91,0,94,40,0,40,134
09/10/2012,ORH,MA,ANE,EN,Federal Contract Tower,0,0,22,0,22,0,5,77,0,82,0,5,99,0,104,78,0,78,182
09/11/2012,ORH,MA,ANE,EN,Federal Contract Tower,0,0,21,6,27,0,1,76,1,78,0,1,97,7,105,44,8,52,157
09/12/2012,ORH,MA,ANE,EN,Federal Contract Tower,0,3,27,0,30,0,4,82,0,86,0,7,109,0,116,60,0,60,176
09/13/2012,ORH,MA,ANE,EN,Federal Contract Tower,0,3,28,0,31,0,0,82,1,83,0,3,110,1,114,49,0,49,163
09/14/2012,ORH,MA,ANE,EN,Federal Contract Tower,0,6,15,0,21,0,2,73,0,75,0,8,88,0,96,50,0,50,146
09/15/2012,ORH,MA,ANE,EN,Federal Contract Tower,0,1,10,0,11,0,2,88,0,90,0,3,98,0,101,72,0,72,173
09/16/2012,ORH,MA,ANE,EN,Federal Contract Tower,0,0,6,0,6,0,3,72,10,85,0,3,78,10,91,40,8,48,139
09/17/2012,ORH,MA,ANE,EN,Federal Contract Tower,0,2,4,4,10,0,4,86,7,97,0,6,90,11,107,76,4,80,187
09/18/2012,ORH,MA,ANE,EN,Federal Contract Tower,0,0,12,0,12,0,0,3,1,4,0,0,15,1,16,0,0,0,16
09/19/2012,ORH,MA,ANE,EN,Federal Contract Tower,0,1,18,0,19,0,0,76,0,76,0,1,94,0,95,42,2,44,139
09/20/2012,ORH,MA,ANE,EN,Federal Contract Tower,0,10,5,5,20,0,5,69,0,74,0,15,74,5,94,58,2,60,154
09/21/2012,ORH,MA,ANE,EN,Federal Contract Tower,0,1,16,0,17,0,3,85,0,88,0,4,101,0,105,76,0,76,181
09/22/2012,ORH,MA,ANE,EN,Federal Contract Tower,0,0,12,0,12,0,1,43,0,44,0,1,55,0,56,58,0,58,114
09/23/2012,ORH,MA,ANE,EN,Federal Contract Tower,0,1,22,0,23,0,3,79,0,82,0,4,101,0,105,42,0,42,147
09/24/2012,ORH,MA,ANE,EN,Federal Contract Tower,0,1,13,0,14,0,2,84,0,86,0,3,97,0,100,62,0,62,162
09/25/2012,ORH,MA,ANE,EN,Federal Contract Tower,0,0,30,0,30,0,2,94,0,96,0,2,124,0,126,78,0,78,204
09/26/2012,ORH,MA,ANE,EN,Federal Contract Tower,0,3,13,0,16,0,0,31,0,31,0,3,44,0,47,0,0,0,47
09/27/2012,ORH,MA,ANE,EN,Federal Contract Tower,0,2,23,0,25,0,0,67,0,67,0,2,90,0,92,46,0,46,138
09/28/2012,ORH,MA,ANE,EN,Federal Contract Tower,0,4,8,0,12,0,0,0,0,0,0,4,8,0,12,0,0,0,12
09/29/2012,ORH,MA,ANE,EN,Federal Contract Tower,0,0,24,0,24,0,0,0,0,0,0,0,24,0,24,0,0,0,24
09/30/2012,ORH,MA,ANE,EN,Federal Contract Tower,0,3,27,0,30,0,2,29,0,31,0,5,56,0,61,18,0,18,79
10/01/2012,ORH,MA,ANE,EN,Federal Contract Tower,0,1,13,2,16,0,7,67,0,74,0,8,80,2,90,50,0,50,140
10/02/2012,ORH,MA,ANE,EN,Federal Contract Tower,0,5,13,0,18,0,2,35,0,37,0,7,48,0,55,32,0,32,87
10/03/2012,ORH,MA,ANE,EN,Federal Contract Tower,0,0,7,2,9,0,0,0,0,0,0,0,7,2,9,0,0,0,9
10/04/2012,ORH,MA,ANE,EN,Federal Contract Tower,0,0,13,0,13,0,0,0,0,0,0,0,13,0,13,0,0,0,13
10/05/2012,ORH,MA,ANE,EN,Federal Contract Tower,0,5,22,0,27,0,3,90,0,93,0,8,112,0,120,82,0,82,202
10/06/2012,ORH,MA,ANE,EN,Federal Contract Tower,0,0,6,0,6,0,2,75,2,79,0,2,81,2,85,70,0,70,155
10/07/2012,ORH,MA,ANE,EN,Federal Contract Tower,0,2,9,0,11,0,2,54,0,56,0,4,63,0,67,58,0,58,125
10/08/2012,ORH,MA,ANE,EN,Federal Contract Tower,0,1,18,0,19,0,6,83,0,89,0,7,101,0,108,76,0,76,184
10/09/2012,ORH,MA,ANE,EN,Federal Contract Tower,0,4,17,5,26,0,0,0,0,0,0,4,17,5,26,0,0,0,26
10/10/2012,ORH,MA,ANE,EN,Federal Contract Tower,0,0,11,0,11,0,0,0,0,0,0,0,11,0,11,0,0,0,11
10/11/2012,ORH,MA,ANE,EN,Federal Contract Tower,0,5,19,0,24,0,0,63,0,63,0,5,82,0,87,44,0,44,131
10/12/2012,ORH,MA,ANE,EN,Federal Contract Tower,0,1,9,0,10,0,3,75,0,78,0,4,84,0,88,48,0,48,136
10/13/2012,ORH,MA,ANE,EN,Federal Contract Tower,0,0,17,0,17,0,3,92,0,95,0,3,109,0,112,102,0,102,214
10/14/2012,ORH,MA,ANE,EN,Federal Contract Tower,0,0,9,0,9,0,1,19,0,20,0,1,28,0,29,22,0,22,51
10/15/2012,ORH,MA,ANE,EN,Federal Contract Tower,0,1,6,0,7,0,6,77,0,83,0,7,83,0,90,58,0,58,148
10/16/2012,ORH,MA,ANE,EN,Federal Contract Tower,0,3,16,2,21,0,1,38,1,40,0,4,54,3,61,30,4,34,95
10/17/2012,ORH,MA,ANE,EN,Federal Contract Tower,0,0,23,0,23,0,0,83,4,87,0,0,106,4,110,70,4,74,184
10/18/2012,ORH,MA,ANE,EN,Federal Contract Tower,0,0,17,0,17,0,0,60,0,60,0,0,77,0,77,80,2,82,159
10/19/2012,ORH,MA,ANE,EN,Federal Contract Tower,0,0,18,0,18,0,0,7,0,7,0,0,25,0,25,0,0,0,25
10/20/2012,ORH,MA,ANE,EN,Federal Contract Tower,0,0,7,0,7,0,3,50,0,53,0,3,57,0,60,48,0,48,108
10/21/2012,ORH,MA,ANE,EN,Federal Contract Tower,0,0,35,0,35,0,4,76,0,80,0,4,111,0,115,58,0,58,173
10/22/2012,ORH,MA,ANE,EN,Federal Contract Tower,0,3,11,0,14,0,3,84,0,87,0,6,95,0,101,58,0,58,159
10/23/2012,ORH,MA,ANE,EN,Federal Contract Tower,0,4,31,3,38,0,2,74,7,83,0,6,105,10,121,46,30,76,197
10/24/2012,ORH,MA,ANE,EN,Federal Contract Tower,0,2,20,5,27,0,2,59,4,65,0,4,79,9,92,40,12,52,144
10/25/2012,ORH,MA,ANE,EN,Federal Contract Tower,0,0,27,3,30,0,2,63,2,67,0,2,90,5,97,74,2,76,173
10/26/2012,ORH,MA,ANE,EN,Federal Contract Tower,0,2,12,0,14,0,2,60,0,62,0,4,72,0,76,34,0,34,110
10/27/2012,ORH,MA,ANE,EN,Federal Contract Tower,0,3,22,0,25,0,2,35,0,37,0,5,57,0,62,32,0,32,94
10/28/2012,ORH,MA,ANE,EN,Federal Contract Tower,0,2,17,0,19,0,0,0,0,0,0,2,17,0,19,0,0,0,19
10/29/2012,ORH,MA,ANE,EN,Federal Contract Tower,0,0,0,0,0,0,0,0,0,0,0,0,0,0,0,0,0,0,0
10/30/2012,ORH,MA,ANE,EN,Federal Contract Tower,0,1,1,0,2,0,0,0,0,0,0,1,1,0,2,0,0,0,2
10/31/2012,ORH,MA,ANE,EN,Federal Contract Tower,0,7,7,0,14,0,0,22,0,22,0,7,29,0,36,12,0,12,48
11/01/2012,ORH,MA,ANE,EN,Federal Contract Tower,0,0,26,6,32,0,2,61,0,63,0,2,87,6,95,50,4,54,149
11/02/2012,ORH,MA,ANE,EN,Federal Contract Tower,0,4,5,0,9,0,5,79,0,84,0,9,84,0,93,72,0,72,165
11/03/2012,ORH,MA,ANE,EN,Federal Contract Tower,0,1,27,0,28,0,2,78,0,80,0,3,105,0,108,90,0,90,198
11/04/2012,ORH,MA,ANE,EN,Federal Contract Tower,0,2,28,0,30,0,4,62,2,68,0,6,90,2,98,70,0,70,168
11/05/2012,ORH,MA,ANE,EN,Federal Contract Tower,0,1,8,0,9,0,2,84,0,86,0,3,92,0,95,64,0,64,159
11/06/2012,ORH,MA,ANE,EN,Federal Contract Tower,0,4,14,4,22,0,4,70,0,74,0,8,84,4,96,70,0,70,166
11/07/2012,ORH,MA,ANE,EN,Federal Contract Tower,0,2,0,2,4,0,0,0,0,0,0,2,0,2,4,0,0,0,4
11/08/2012,ORH,MA,ANE,EN,Federal Contract Tower,0,2,2,0,4,0,0,0,0,0,0,2,2,0,4,0,0,0,4
11/09/2012,ORH,MA,ANE,EN,Federal Contract Tower,0,0,3,0,3,0,4,77,1,82,0,4,80,1,85,60,0,60,145
11/10/2012,ORH,MA,ANE,EN,Federal Contract Tower,0,1,29,0,30,0,3,81,0,84,0,4,110,0,114,78,0,78,192
11/11/2012,ORH,MA,ANE,EN,Federal Contract Tower,0,4,15,0,19,0,6,77,0,83,0,10,92,0,102,74,0,74,176
11/12/2012,ORH,MA,ANE,EN,Federal Contract Tower,0,1,11,0,12,0,4,60,0,64,0,5,71,0,76,58,0,58,134
11/13/2012,ORH,MA,ANE,EN,Federal Contract Tower,0,2,7,0,9,0,1,26,0,27,0,3,33,0,36,14,0,14,50
11/14/2012,ORH,MA,ANE,EN,Federal Contract Tower,0,2,14,0,16,0,3,72,0,75,0,5,86,0,91,68,0,68,159
11/15/2012,ORH,MA,ANE,EN,Federal Contract Tower,0,2,26,2,30,0,0,63,0,63,0,2,89,2,93,54,0,54,147
11/16/2012,ORH,MA,ANE,EN,Federal Contract Tower,0,4,18,0,22,0,2,85,3,90,0,6,103,3,112,90,6,96,208
11/17/2012,ORH,MA,ANE,EN,Federal Contract Tower,0,0,19,0,19,0,4,78,3,85,0,4,97,3,104,102,0,102,206
11/18/2012,ORH,MA,ANE,EN,Federal Contract Tower,0,0,18,0,18,0,2,71,3,76,0,2,89,3,94,72,0,72,166
11/19/2012,ORH,MA,ANE,EN,Federal Contract Tower,0,2,8,0,10,0,4,83,0,87,0,6,91,0,97,66,0,66,163
11/20/2012,ORH,MA,ANE,EN,Federal Contract Tower,0,8,13,0,21,0,2,69,6,77,0,10,82,6,98,56,0,56,154
11/21/2012,ORH,MA,ANE,EN,Federal Contract Tower,0,2,17,0,19,0,0,62,2,64,0,2,79,2,83,56,0,56,139
11/22/2012,ORH,MA,ANE,EN,Federal Contract Tower,0,0,3,0,3,0,0,24,0,24,0,0,27,0,27,20,0,20,47
11/23/2012,ORH,MA,ANE,EN,Federal Contract Tower,0,0,4,2,6,0,2,77,0,79,0,2,81,2,85,70,0,70,155
11/24/2012,ORH,MA,ANE,EN,Federal Contract Tower,0,3,2,0,5,0,3,56,0,59,0,6,58,0,64,36,0,36,100
11/25/2012,ORH,MA,ANE,EN,Federal Contract Tower,0,4,6,0,10,0,2,32,0,34,0,6,38,0,44,22,0,22,66
11/26/2012,ORH,MA,ANE,EN,Federal Contract Tower,0,5,4,0,9,0,8,75,0,83,0,13,79,0,92,64,0,64,156
11/27/2012,ORH,MA,ANE,EN,Federal Contract Tower,0,1,3,0,4,0,1,11,0,12,0,2,14,0,16,0,0,0,16
11/28/2012,ORH,MA,ANE,EN,Federal Contract Tower,0,2,8,2,12,0,0,38,0,38,0,2,46,2,50,14,0,14,64
11/29/2012,ORH,MA,ANE,EN,Federal Contract Tower,0,1,17,0,18,0,0,63,0,63,0,1,80,0,81,60,0,60,141
11/30/2012,ORH,MA,ANE,EN,Federal Contract Tower,0,2,20,6,28,0,2,59,0,61,0,4,79,6,89,64,0,64,153
12/01/2012,ORH,MA,ANE,EN,Federal Contract Tower,0,0,2,0,2,0,0,0,0,0,0,0,2,0,2,0,0,0,2
12/02/2012,ORH,MA,ANE,EN,Federal Contract Tower,0,3,6,0,9,0,0,12,0,12,0,3,18,0,21,0,0,0,21
12/03/2012,ORH,MA,ANE,EN,Federal Contract Tower,0,1,22,0,23,0,3,64,0,67,0,4,86,0,90,88,0,88,178
12/04/2012,ORH,MA,ANE,EN,Federal Contract Tower,2,0,5,0,7,0,2,29,0,31,2,2,34,0,38,0,0,0,38
12/05/2012,ORH,MA,ANE,EN,Federal Contract Tower,0,1,4,0,5,0,0,26,2,28,0,1,30,2,33,20,2,22,55
12/06/2012,ORH,MA,ANE,EN,Federal Contract Tower,0,1,9,2,12,0,4,70,0,74,0,5,79,2,86,52,0,52,138
12/07/2012,ORH,MA,ANE,EN,Federal Contract Tower,0,0,12,1,13,0,2,65,0,67,0,2,77,1,80,32,6,38,118
12/08/2012,ORH,MA,ANE,EN,Federal Contract Tower,0,0,12,0,12,0,0,0,0,0,0,0,12,0,12,0,0,0,12
12/09/2012,ORH,MA,ANE,EN,Federal Contract Tower,0,2,14,0,16,0,0,58,0,58,0,2,72,0,74,58,0,58,132
12/10/2012,ORH,MA,ANE,EN,Federal Contract Tower,0,0,3,0,3,0,0,0,0,0,0,0,3,0,3,0,0,0,3
12/11/2012,ORH,MA,ANE,EN,Federal Contract Tower,0,5,15,0,20,0,3,68,0,71,0,8,83,0,91,62,0,62,153
12/12/2012,ORH,MA,ANE,EN,Federal Contract Tower,0,4,22,2,28,0,0,57,0,57,0,4,79,2,85,38,0,38,123
12/13/2012,ORH,MA,ANE,EN,Federal Contract Tower,0,4,13,0,17,0,0,56,0,56,0,4,69,0,73,50,0,50,123
12/14/2012,ORH,MA,ANE,EN,Federal Contract Tower,0,2,8,0,10,0,2,70,0,72,0,4,78,0,82,92,0,92,174
12/15/2012,ORH,MA,ANE,EN,Federal Contract Tower,0,0,38,0,38,0,3,79,0,82,0,3,117,0,120,80,0,80,200
12/16/2012,ORH,MA,ANE,EN,Federal Contract Tower,0,0,0,0,0,0,0,3,0,3,0,0,3,0,3,8,0,8,11
12/17/2012,ORH,MA,ANE,EN,Federal Contract Tower,0,0,0,0,0,0,0,0,0,0,0,0,0,0,0,0,0,0,0
12/18/2012,ORH,MA,ANE,EN,Federal Contract Tower,0,2,7,0,9,0,1,31,1,33,0,3,38,1,42,18,0,18,60
12/19/2012,ORH,MA,ANE,EN,Federal Contract Tower,0,1,7,0,8,0,0,29,1,30,0,1,36,1,38,0,0,0,38
12/20/2012,ORH,MA,ANE,EN,Federal Contract Tower,0,2,14,0,16,0,6,64,0,70,0,8,78,0,86,70,0,70,156
12/21/2012,ORH,MA,ANE,EN,Federal Contract Tower,0,2,1,0,3,0,0,1,0,1,0,2,2,0,4,0,0,0,4
12/22/2012,ORH,MA,ANE,EN,Federal Contract Tower,0,2,4,0,6,0,2,49,0,51,0,4,53,0,57,38,0,38,95
12/23/2012,ORH,MA,ANE,EN,Federal Contract Tower,0,0,10,0,10,0,5,63,0,68,0,5,73,0,78,62,0,62,140
12/24/2012,ORH,MA,ANE,EN,Federal Contract Tower,0,0,3,0,3,0,2,68,0,70,0,2,71,0,73,42,0,42,115
12/25/2012,ORH,MA,ANE,EN,Federal Contract Tower,0,0,1,0,1,0,0,0,0,0,0,0,1,0,1,0,0,0,1
12/26/2012,ORH,MA,ANE,EN,Federal Contract Tower,0,0,3,0,3,0,2,55,0,57,0,2,58,0,60,60,0,60,120
12/27/2012,ORH,MA,ANE,EN,Federal Contract Tower,0,0,0,0,0,0,0,0,0,0,0,0,0,0,0,0,0,0,0
12/28/2012,ORH,MA,ANE,EN,Federal Contract Tower,0,2,8,0,10,0,2,54,0,56,0,4,62,0,66,50,0,50,116
12/29/2012,ORH,MA,ANE,EN,Federal Contract Tower,0,2,0,0,2,0,0,19,0,19,0,2,19,0,21,20,0,20,41
12/30/2012,ORH,MA,ANE,EN,Federal Contract Tower,0,0,0,0,0,0,2,30,0,32,0,2,30,0,32,16,0,16,48
12/31/2012,ORH,MA,ANE,EN,Federal Contract Tower,0,0,0,0,0,0,0,18,0,18,0,0,18,0,18,2,0,2,20
01/01/2013,ORH,MA,ANE,EN,Federal Contract Tower,0,0,0,0,0,0,0,3,0,3,0,0,3,0,3,0,0,0,3
01/02/2013,ORH,MA,ANE,EN,Federal Contract Tower,0,0,10,0,10,0,0,11,0,11,0,0,21,0,21,12,0,12,33
01/03/2013,ORH,MA,ANE,EN,Federal Contract Tower,0,0,4,2,6,0,0,17,0,17,0,0,21,2,23,10,0,10,33
01/04/2013,ORH,MA,ANE,EN,Federal Contract Tower,0,1,17,0,18,0,3,57,0,60,0,4,74,0,78,44,0,44,122
01/05/2013,ORH,MA,ANE,EN,Federal Contract Tower,0,0,32,0,32,0,2,66,0,68,0,2,98,0,100,68,0,68,168
01/06/2013,ORH,MA,ANE,EN,Federal Contract Tower,0,0,6,0,6,0,3,48,0,51,0,3,54,0,57,44,0,44,101
01/07/2013,ORH,MA,ANE,EN,Federal Contract Tower,0,0,12,0,12,0,2,74,0,76,0,2,86,0,88,44,0,44,132
01/08/2013,ORH,MA,ANE,EN,Federal Contract Tower,0,2,11,0,13,0,1,44,0,45,0,3,55,0,58,8,0,8,66
01/09/2013,ORH,MA,ANE,EN,Federal Contract Tower,0,2,11,0,13,0,0,34,0,34,0,2,45,0,47,0,22,22,69
01/10/2013,ORH,MA,ANE,EN,Federal Contract Tower,0,1,7,0,8,0,0,38,0,38,0,1,45,0,46,30,0,30,76
01/11/2013,ORH,MA,ANE,EN,Federal Contract Tower,0,12,6,0,18,0,2,65,0,67,0,14,71,0,85,74,0,74,159
01/12/2013,ORH,MA,ANE,EN,Federal Contract Tower,0,0,7,0,7,0,0,0,0,0,0,0,7,0,7,0,0,0,7
01/13/2013,ORH,MA,ANE,EN,Federal Contract Tower,0,0,4,0,4,0,0,0,0,0,0,0,4,0,4,4,0,4,8
01/14/2013,ORH,MA,ANE,EN,Federal Contract Tower,0,5,9,1,15,0,2,47,0,49,0,7,56,1,64,36,0,36,100
01/15/2013,ORH,MA,ANE,EN,Federal Contract Tower,0,0,19,4,23,0,0,47,0,47,0,0,66,4,70,20,0,20,90
01/16/2013,ORH,MA,ANE,EN,Federal Contract Tower,0,0,1,0,1,0,0,0,0,0,0,0,1,0,1,0,0,0,1
01/17/2013,ORH,MA,ANE,EN,Federal Contract Tower,0,1,15,2,18,0,0,61,0,61,0,1,76,2,79,42,0,42,121
01/18/2013,ORH,MA,ANE,EN,Federal Contract Tower,0,1,16,2,19,0,4,75,0,79,0,5,91,2,98,66,0,66,164
01/19/2013,ORH,MA,ANE,EN,Federal Contract Tower,0,1,4,0,5,0,2,64,0,66,0,3,68,0,71,56,0,56,127
01/20/2013,ORH,MA,ANE,EN,Federal Contract Tower,0,3,2,0,5,0,2,39,0,41,0,5,41,0,46,24,0,24,70
01/21/2013,ORH,MA,ANE,EN,Federal Contract Tower,0,0,8,0,8,0,5,63,0,68,0,5,71,0,76,60,0,60,136
01/22/2013,ORH,MA,ANE,EN,Federal Contract Tower,0,1,2,2,5,0,2,49,0,51,0,3,51,2,56,28,0,28,84
01/23/2013,ORH,MA,ANE,EN,Federal Contract Tower,0,2,7,11,20,0,0,23,0,23,0,2,30,11,43,0,12,12,55
01/24/2013,ORH,MA,ANE,EN,Federal Contract Tower,0,0,3,0,3,0,0,31,0,31,0,0,34,0,34,6,0,6,40
01/25/2013,ORH,MA,ANE,EN,Federal Contract Tower,0,2,9,0,11,0,2,61,4,67,0,4,70,4,78,42,2,44,122
01/26/2013,ORH,MA,ANE,EN,Federal Contract Tower,0,2,4,0,6,0,2,47,0,49,0,4,51,0,55,46,0,46,101
01/27/2013,ORH,MA,ANE,EN,Federal Contract Tower,0,0,17,0,17,0,5,57,0,62,0,5,74,0,79,54,0,54,133
01/28/2013,ORH,MA,ANE,EN,Federal Contract Tower,0,2,3,0,5,0,2,29,0,31,0,4,32,0,36,22,0,22,58
01/29/2013,ORH,MA,ANE,EN,Federal Contract Tower,0,1,5,0,6,0,0,0,0,0,0,1,5,0,6,0,0,0,6
01/30/2013,ORH,MA,ANE,EN,Federal Contract Tower,0,0,6,0,6,0,0,0,0,0,0,0,6,0,6,0,0,0,6
01/31/2013,ORH,MA,ANE,EN,Federal Contract Tower,0,2,3,0,5,0,0,15,0,15,0,2,18,0,20,2,0,2,22
02/01/2013,ORH,MA,ANE,EN,Federal Contract Tower,0,3,13,2,18,0,2,55,0,57,0,5,68,2,75,50,0,50,125
02/02/2013,ORH,MA,ANE,EN,Federal Contract Tower,0,1,11,0,12,0,2,70,0,72,0,3,81,0,84,90,0,90,174
02/03/2013,ORH,MA,ANE,EN,Federal Contract Tower,0,2,0,0,2,0,2,54,0,56,0,4,54,0,58,36,0,36,94
02/04/2013,ORH,MA,ANE,EN,Federal Contract Tower,0,7,4,0,11,0,6,69,0,75,0,13,73,0,86,48,0,48,134
02/05/2013,ORH,MA,ANE,EN,Federal Contract Tower,0,3,15,0,18,0,2,52,0,54,0,5,67,0,72,44,0,44,116
02/06/2013,ORH,MA,ANE,EN,Federal Contract Tower,0,4,19,2,25,0,0,36,0,36,0,4,55,2,61,42,0,42,103
02/07/2013,ORH,MA,ANE,EN,Federal Contract Tower,0,6,19,2,27,0,0,54,0,54,0,6,73,2,81,60,0,60,141
02/08/2013,ORH,MA,ANE,EN,Federal Contract Tower,0,3,0,0,3,0,0,0,0,0,0,3,0,0,3,0,0,0,3
02/09/2013,ORH,MA,ANE,EN,Federal Contract Tower,0,0,0,0,0,0,0,0,0,0,0,0,0,0,0,0,0,0,0
02/10/2013,ORH,MA,ANE,EN,Federal Contract Tower,0,0,0,0,0,0,2,27,0,29,0,2,27,0,29,20,0,20,49
02/11/2013,ORH,MA,ANE,EN,Federal Contract Tower,0,0,0,0,0,0,0,0,0,0,0,0,0,0,0,0,0,0,0
02/12/2013,ORH,MA,ANE,EN,Federal Contract Tower,0,1,5,0,6,0,0,21,4,25,0,1,26,4,31,0,0,0,31
02/13/2013,ORH,MA,ANE,EN,Federal Contract Tower,0,3,18,0,21,0,2,56,0,58,0,5,74,0,79,48,8,56,135
02/14/2013,ORH,MA,ANE,EN,Federal Contract Tower,0,1,6,0,7,0,1,63,4,68,0,2,69,4,75,70,0,70,145
02/15/2013,ORH,MA,ANE,EN,Federal Contract Tower,0,3,12,0,15,0,2,72,0,74,0,5,84,0,89,72,0,72,161
02/16/2013,ORH,MA,ANE,EN,Federal Contract Tower,0,0,1,0,1,0,2,24,0,26,0,2,25,0,27,26,0,26,53
02/17/2013,ORH,MA,ANE,EN,Federal Contract Tower,0,0,1,0,1,0,0,0,0,0,0,0,1,0,1,0,0,0,1
02/18/2013,ORH,MA,ANE,EN,Federal Contract Tower,0,0,2,0,2,0,5,71,0,76,0,5,73,0,78,38,0,38,116
02/19/2013,ORH,MA,ANE,EN,Federal Contract Tower,0,0,15,0,15,0,3,53,0,56,0,3,68,0,71,46,0,46,117
02/20/2013,ORH,MA,ANE,EN,Federal Contract Tower,0,1,10,0,11,0,3,61,0,64,0,4,71,0,75,44,0,44,119
02/21/2013,ORH,MA,ANE,EN,Federal Contract Tower,0,3,10,0,13,0,0,46,0,46,0,3,56,0,59,20,14,34,93
02/22/2013,ORH,MA,ANE,EN,Federal Contract Tower,0,0,6,0,6,0,4,86,0,90,0,4,92,0,96,88,0,88,184
02/23/2013,ORH,MA,ANE,EN,Federal Contract Tower,0,0,8,0,8,0,0,13,0,13,0,0,21,0,21,8,0,8,29
02/24/2013,ORH,MA,ANE,EN,Federal Contract Tower,0,0,1,0,1,0,0,0,0,0,0,0,1,0,1,0,0,0,1
02/25/2013,ORH,MA,ANE,EN,Federal Contract Tower,0,2,9,0,11,0,3,62,0,65,0,5,71,0,76,24,0,24,100
02/26/2013,ORH,MA,ANE,EN,Federal Contract Tower,0,0,16,2,18,0,3,72,0,75,0,3,88,2,93,62,0,62,155
02/27/2013,ORH,MA,ANE,EN,Federal Contract Tower,0,0,0,0,0,0,0,0,0,0,0,0,0,0,0,0,0,0,0
02/28/2013,ORH,MA,ANE,EN,Federal Contract Tower,0,1,8,9,18,0,0,41,0,41,0,1,49,9,59,30,0,30,89
03/01/2013,ORH,MA,ANE,EN,Federal Contract Tower,0,0,8,0,8,0,6,74,0,80,0,6,82,0,88,70,0,70,158
03/02/2013,ORH,MA,ANE,EN,Federal Contract Tower,0,0,8,0,8,0,4,77,0,81,0,4,85,0,89,100,0,100,189
03/03/2013,ORH,MA,ANE,EN,Federal Contract Tower,0,1,14,0,15,0,2,50,0,52,0,3,64,0,67,44,0,44,111
03/04/2013,ORH,MA,ANE,EN,Federal Contract Tower,0,3,11,0,14,0,0,65,2,67,0,3,76,2,81,66,0,66,147
03/05/2013,ORH,MA,ANE,EN,Federal Contract Tower,0,1,6,0,7,0,2,58,2,62,0,3,64,2,69,56,2,58,127
03/06/2013,ORH,MA,ANE,EN,Federal Contract Tower,0,0,6,0,6,0,0,0,0,0,0,0,6,0,6,0,0,0,6
03/07/2013,ORH,MA,ANE,EN,Federal Contract Tower,0,1,1,0,2,0,0,0,0,0,0,1,1,0,2,0,0,0,2
03/08/2013,ORH,MA,ANE,EN,Federal Contract Tower,0,0,0,0,0,0,0,0,0,0,0,0,0,0,0,0,0,0,0
03/09/2013,ORH,MA,ANE,EN,Federal Contract Tower,0,4,4,0,8,0,2,32,0,34,0,6,36,0,42,34,0,34,76
03/10/2013,ORH,MA,ANE,EN,Federal Contract Tower,0,3,25,0,28,0,2,55,0,57,0,5,80,0,85,84,0,84,169
03/11/2013,ORH,MA,ANE,EN,Federal Contract Tower,0,0,7,0,7,0,0,49,0,49,0,0,56,0,56,42,0,42,98
03/12/2013,ORH,MA,ANE,EN,Federal Contract Tower,0,2,6,6,14,0,0,15,0,15,0,2,21,6,29,6,4,10,39
03/13/2013,ORH,MA,ANE,EN,Federal Contract Tower,0,1,12,0,13,0,0,58,0,58,0,1,70,0,71,60,12,72,143
03/14/2013,ORH,MA,ANE,EN,Federal Contract Tower,0,1,15,0,16,0,0,48,0,48,0,1,63,0,64,44,0,44,108
03/15/2013,ORH,MA,ANE,EN,Federal Contract Tower,0,2,30,0,32,0,2,77,0,79,0,4,107,0,111,62,0,62,173
03/16/2013,ORH,MA,ANE,EN,Federal Contract Tower,0,1,8,0,9,0,2,73,0,75,0,3,81,0,84,76,0,76,160
03/17/2013,ORH,MA,ANE,EN,Federal Contract Tower,0,0,13,0,13,0,4,62,0,66,0,4,75,0,79,46,0,46,125
03/18/2013,ORH,MA,ANE,EN,Federal Contract Tower,0,3,20,0,23,0,4,73,1,78,0,7,93,1,101,62,0,62,163
03/19/2013,ORH,MA,ANE,EN,Federal Contract Tower,0,1,0,0,1,0,0,0,0,0,0,1,0,0,1,0,0,0,1
03/20/2013,ORH,MA,ANE,EN,Federal Contract Tower,0,8,2,2,12,0,0,36,4,40,0,8,38,6,52,28,0,28,80
03/21/2013,ORH,MA,ANE,EN,Federal Contract Tower,0,1,6,0,7,0,3,61,0,64,0,4,67,0,71,60,0,60,131
03/22/2013,ORH,MA,ANE,EN,Federal Contract Tower,0,0,13,2,15,0,4,81,1,86,0,4,94,3,101,68,2,70,171
03/23/2013,ORH,MA,ANE,EN,Federal Contract Tower,0,2,0,0,2,0,4,71,0,75,0,6,71,0,77,78,0,78,155
03/24/2013,ORH,MA,ANE,EN,Federal Contract Tower,0,5,20,1,26,0,2,75,1,78,0,7,95,2,104,56,2,58,162
03/25/2013,ORH,MA,ANE,EN,Federal Contract Tower,0,5,8,0,13,0,4,75,4,83,0,9,83,4,96,48,0,48,144
03/26/2013,ORH,MA,ANE,EN,Federal Contract Tower,0,0,15,0,15,0,3,76,4,83,0,3,91,4,98,60,0,60,158
03/27/2013,ORH,MA,ANE,EN,Federal Contract Tower,0,1,3,0,4,0,0,79,0,79,0,1,82,0,83,54,0,54,137
03/28/2013,ORH,MA,ANE,EN,Federal Contract Tower,0,3,12,6,21,0,2,60,0,62,0,5,72,6,83,48,4,52,135
03/29/2013,ORH,MA,ANE,EN,Federal Contract Tower,0,0,26,0,26,0,5,78,3,86,0,5,104,3,112,78,0,78,190
03/30/2013,ORH,MA,ANE,EN,Federal Contract Tower,0,0,7,0,7,0,29,63,0,92,0,29,70,0,99,82,0,82,181
03/31/2013,ORH,MA,ANE,EN,Federal Contract Tower,0,4,4,0,8,0,2,60,0,62,0,6,64,0,70,54,0,54,124
04/01/2013,ORH,MA,ANE,EN,Federal Contract Tower,0,8,7,0,15,0,1,57,0,58,0,9,64,0,73,52,0,52,125
04/02/2013,ORH,MA,ANE,EN,Federal Contract Tower,0,1,7,0,8,0,1,31,0,32,0,2,38,0,40,26,0,26,66
04/03/2013,ORH,MA,ANE,EN,Federal Contract Tower,2,2,5,0,9,0,0,49,2,51,2,2,54,2,60,12,0,12,72
04/04/2013,ORH,MA,ANE,EN,Federal Contract Tower,0,0,31,2,33,0,0,78,0,78,0,0,109,2,111,62,0,62,173
04/05/2013,ORH,MA,ANE,EN,Federal Contract Tower,0,2,24,0,26,0,5,72,0,77,0,7,96,0,103,70,0,70,173
04/06/2013,ORH,MA,ANE,EN,Federal Contract Tower,0,0,35,0,35,0,2,71,0,73,0,2,106,0,108,104,0,104,212
04/07/2013,ORH,MA,ANE,EN,Federal Contract Tower,0,2,9,0,11,0,2,67,2,71,0,4,76,2,82,42,0,42,124
04/08/2013,ORH,MA,ANE,EN,Federal Contract Tower,0,0,5,0,5,0,3,83,0,86,0,3,88,0,91,68,0,68,159
04/09/2013,ORH,MA,ANE,EN,Federal Contract Tower,0,2,3,0,5,0,6,64,2,72,0,8,67,2,77,44,2,46,123
04/10/2013,ORH,MA,ANE,EN,Federal Contract Tower,0,2,14,0,16,0,2,50,0,52,0,4,64,0,68,40,2,42,110
04/11/2013,ORH,MA,ANE,EN,Federal Contract Tower,0,2,10,0,12,0,0,53,0,53,0,2,63,0,65,44,0,44,109
04/12/2013,ORH,MA,ANE,EN,Federal Contract Tower,0,2,8,0,10,0,0,0,0,0,0,2,8,0,10,0,0,0,10
04/13/2013,ORH,MA,ANE,EN,Federal Contract Tower,0,1,10,0,11,0,4,43,0,47,0,5,53,0,58,50,0,50,108
04/14/2013,ORH,MA,ANE,EN,Federal Contract Tower,0,1,12,0,13,0,6,71,0,77,0,7,83,0,90,38,0,38,128
04/15/2013,ORH,MA,ANE,EN,Federal Contract Tower,0,4,12,0,16,0,2,78,0,80,0,6,90,0,96,66,0,66,162
04/16/2013,ORH,MA,ANE,EN,Federal Contract Tower,0,0,9,0,9,0,3,60,2,65,0,3,69,2,74,34,0,34,108
04/17/2013,ORH,MA,ANE,EN,Federal Contract Tower,0,3,13,0,16,0,0,58,1,59,0,3,71,1,75,40,4,44,119
04/18/2013,ORH,MA,ANE,EN,Federal Contract Tower,0,2,12,1,15,0,1,54,0,55,0,3,66,1,70,44,1,45,115
04/19/2013,ORH,MA,ANE,EN,Federal Contract Tower,0,3,12,0,15,0,0,3,1,4,0,3,15,1,19,0,0,0,19
04/20/2013,ORH,MA,ANE,EN,Federal Contract Tower,0,6,9,0,15,0,1,23,0,24,0,7,32,0,39,36,0,36,75
04/21/2013,ORH,MA,ANE,EN,Federal Contract Tower,0,1,34,0,35,0,0,76,0,76,0,1,110,0,111,72,0,72,183
04/22/2013,ORH,MA,ANE,EN,Federal Contract Tower,0,4,7,0,11,0,4,57,0,61,0,8,64,0,72,58,0,58,130
04/23/2013,ORH,MA,ANE,EN,Federal Contract Tower,0,5,12,0,17,0,0,0,0,0,0,5,12,0,17,0,0,0,17
04/24/2013,ORH,MA,ANE,EN,Federal Contract Tower,0,2,22,0,24,0,0,47,0,47,0,2,69,0,71,12,0,12,83
04/25/2013,ORH,MA,ANE,EN,Federal Contract Tower,0,1,12,0,13,0,1,61,0,62,0,2,73,0,75,44,0,44,119
04/26/2013,ORH,MA,ANE,EN,Federal Contract Tower,0,12,0,2,14,0,3,64,3,70,0,15,64,5,84,52,4,56,140
04/27/2013,ORH,MA,ANE,EN,Federal Contract Tower,0,4,15,0,19,0,2,73,0,75,0,6,88,0,94,80,0,80,174
04/28/2013,ORH,MA,ANE,EN,Federal Contract Tower,0,1,6,0,7,0,2,69,0,71,0,3,75,0,78,58,0,58,136
04/29/2013,ORH,MA,ANE,EN,Federal Contract Tower,0,1,13,0,14,0,8,62,0,70,0,9,75,0,84,56,0,56,140
04/30/2013,ORH,MA,ANE,EN,Federal Contract Tower,0,3,5,0,8,0,0,64,0,64,0,3,69,0,72,44,2,46,118
05/01/2013,ORH,MA,ANE,EN,Federal Contract Tower,0,3,5,0,8,0,0,61,0,61,0,3,66,0,69,60,4,64,133
05/02/2013,ORH,MA,ANE,EN,Federal Contract Tower,0,6,13,0,19,0,0,67,0,67,0,6,80,0,86,52,0,52,138
05/03/2013,ORH,MA,ANE,EN,Federal Contract Tower,0,2,17,2,21,0,4,60,1,65,0,6,77,3,86,40,2,42,128
05/04/2013,ORH,MA,ANE,EN,Federal Contract Tower,0,4,21,0,25,0,4,64,0,68,0,8,85,0,93,62,0,62,155
05/05/2013,ORH,MA,ANE,EN,Federal Contract Tower,0,8,5,0,13,0,4,74,0,78,0,12,79,0,91,46,0,46,137
05/06/2013,ORH,MA,ANE,EN,Federal Contract Tower,0,7,9,0,16,0,6,62,0,68,0,13,71,0,84,46,0,46,130
05/07/2013,ORH,MA,ANE,EN,Federal Contract Tower,0,4,20,0,24,0,0,56,0,56,0,4,76,0,80,28,0,28,108
05/08/2013,ORH,MA,ANE,EN,Federal Contract Tower,0,1,13,0,14,0,0,12,0,12,0,1,25,0,26,0,0,0,26
05/09/2013,ORH,MA,ANE,EN,Federal Contract Tower,0,2,15,0,17,0,0,0,0,0,0,2,15,0,17,0,0,0,17
05/10/2013,ORH,MA,ANE,EN,Federal Contract Tower,0,0,13,0,13,0,0,63,0,63,0,0,76,0,76,52,0,52,128
05/11/2013,ORH,MA,ANE,EN,Federal Contract Tower,0,0,13,0,13,0,0,0,0,0,0,0,13,0,13,0,0,0,13
05/12/2013,ORH,MA,ANE,EN,Federal Contract Tower,0,0,21,0,21,0,0,40,4,44,0,0,61,4,65,32,0,32,97
05/13/2013,ORH,MA,ANE,EN,Federal Contract Tower,0,0,18,0,18,0,7,70,1,78,0,7,88,1,96,56,0,56,152
05/14/2013,ORH,MA,ANE,EN,Federal Contract Tower,0,0,15,0,15,0,2,76,0,78,0,2,91,0,93,80,0,80,173
05/15/2013,ORH,MA,ANE,EN,Federal Contract Tower,0,5,23,2,30,0,0,42,0,42,0,5,65,2,72,6,0,6,78
05/16/2013,ORH,MA,ANE,EN,Federal Contract Tower,0,1,15,0,16,0,0,56,0,56,0,1,71,0,72,24,6,30,102
05/17/2013,ORH,MA,ANE,EN,Federal Contract Tower,0,4,2,0,6,0,0,53,0,53,0,4,55,0,59,28,0,28,87
05/18/2013,ORH,MA,ANE,EN,Federal Contract Tower,0,2,1,0,3,0,0,63,0,63,0,2,64,0,66,66,0,66,132
05/19/2013,ORH,MA,ANE,EN,Federal Contract Tower,0,0,18,0,18,0,0,32,0,32,0,0,50,0,50,26,0,26,76
05/20/2013,ORH,MA,ANE,EN,Federal Contract Tower,0,2,5,0,7,0,3,53,0,56,0,5,58,0,63,52,0,52,115
05/21/2013,ORH,MA,ANE,EN,Federal Contract Tower,0,1,3,0,4,0,1,31,2,34,0,2,34,2,38,16,0,16,54
05/22/2013,ORH,MA,ANE,EN,Federal Contract Tower,0,2,8,0,10,0,0,21,0,21,0,2,29,0,31,4,0,4,35
05/23/2013,ORH,MA,ANE,EN,Federal Contract Tower,0,0,14,0,14,0,0,0,0,0,0,0,14,0,14,0,0,0,14
05/24/2013,ORH,MA,ANE,EN,Federal Contract Tower,0,0,7,0,7,0,0,2,0,2,0,0,9,0,9,0,0,0,9
05/25/2013,ORH,MA,ANE,EN,Federal Contract Tower,0,1,6,0,7,0,0,0,0,0,0,1,6,0,7,0,0,0,7
05/26/2013,ORH,MA,ANE,EN,Federal Contract Tower,0,1,6,0,7,0,2,39,0,41,0,3,45,0,48,46,0,46,94
05/27/2013,ORH,MA,ANE,EN,Federal Contract Tower,0,2,10,0,12,0,7,63,0,70,0,9,73,0,82,70,0,70,152
05/28/2013,ORH,MA,ANE,EN,Federal Contract Tower,0,8,17,0,25,0,2,77,1,80,0,10,94,1,105,68,0,68,173
05/29/2013,ORH,MA,ANE,EN,Federal Contract Tower,0,0,19,0,19,0,0,3,0,3,0,0,22,0,22,0,0,0,22
05/30/2013,ORH,MA,ANE,EN,Federal Contract Tower,0,1,19,0,20,0,2,67,0,69,0,3,86,0,89,52,0,52,141
05/31/2013,ORH,MA,ANE,EN,Federal Contract Tower,0,4,13,0,17,0,3,60,0,63,0,7,73,0,80,32,0,32,112
06/01/2013,ORH,MA,ANE,EN,Federal Contract Tower,0,2,3,0,5,0,1,72,0,73,0,3,75,0,78,32,0,32,110
06/02/2013,ORH,MA,ANE,EN,Federal Contract Tower,0,2,5,0,7,0,3,63,0,66,0,5,68,0,73,62,0,62,135
06/03/2013,ORH,MA,ANE,EN,Federal Contract Tower,0,2,8,0,10,0,3,46,0,49,0,5,54,0,59,46,0,46,105
06/04/2013,ORH,MA,ANE,EN,Federal Contract Tower,0,5,14,4,23,0,4,74,2,80,0,9,88,6,103,58,10,68,171
06/05/2013,ORH,MA,ANE,EN,Federal Contract Tower,0,3,18,0,21,0,3,75,2,80,0,6,93,2,101,52,0,52,153
06/06/2013,ORH,MA,ANE,EN,Federal Contract Tower,0,1,15,0,16,0,2,77,2,81,0,3,92,2,97,56,14,70,167
06/07/2013,ORH,MA,ANE,EN,Federal Contract Tower,0,0,16,0,16,0,0,0,0,0,0,0,16,0,16,0,0,0,16
06/08/2013,ORH,MA,ANE,EN,Federal Contract Tower,0,0,10,0,10,0,2,34,0,36,0,2,44,0,46,22,0,22,68
06/09/2013,ORH,MA,ANE,EN,Federal Contract Tower,0,1,22,2,25,0,7,71,0,78,0,8,93,2,103,48,0,48,151
06/10/2013,ORH,MA,ANE,EN,Federal Contract Tower,0,1,6,4,11,0,2,35,0,37,0,3,41,4,48,20,0,20,68
06/11/2013,ORH,MA,ANE,EN,Federal Contract Tower,0,2,6,0,8,0,0,0,0,0,0,2,6,0,8,2,0,2,10
06/12/2013,ORH,MA,ANE,EN,Federal Contract Tower,0,5,4,0,9,0,0,17,0,17,0,5,21,0,26,24,0,24,50
06/13/2013,ORH,MA,ANE,EN,Federal Contract Tower,0,1,11,0,12,0,0,7,0,7,0,1,18,0,19,0,0,0,19
06/14/2013,ORH,MA,ANE,EN,Federal Contract Tower,0,2,8,0,10,0,0,37,0,37,0,2,45,0,47,38,0,38,85
06/15/2013,ORH,MA,ANE,EN,Federal Contract Tower,0,5,18,0,23,0,133,0,0,133,0,138,18,0,156,64,0,64,220
06/16/2013,ORH,MA,ANE,EN,Federal Contract Tower,0,0,8,0,8,0,2,37,0,39,0,2,45,0,47,6,0,6,53
06/17/2013,ORH,MA,ANE,EN,Federal Contract Tower,0,4,4,0,8,0,2,55,0,57,0,6,59,0,65,46,0,46,111
06/18/2013,ORH,MA,ANE,EN,Federal Contract Tower,0,11,13,0,24,0,4,37,0,41,0,15,50,0,65,24,0,24,89
06/19/2013,ORH,MA,ANE,EN,Federal Contract Tower,0,1,12,0,13,0,2,70,0,72,0,3,82,0,85,52,0,52,137
06/20/2013,ORH,MA,ANE,EN,Federal Contract Tower,0,2,14,0,16,0,1,87,0,88,0,3,101,0,104,66,0,66,170
06/21/2013,ORH,MA,ANE,EN,Federal Contract Tower,0,3,6,2,11,0,0,84,0,84,0,3,90,2,95,80,0,80,175
06/22/2013,ORH,MA,ANE,EN,Federal Contract Tower,0,0,17,2,19,0,4,87,0,91,0,4,104,2,110,78,0,78,188
06/23/2013,ORH,MA,ANE,EN,Federal Contract Tower,0,2,24,0,26,0,0,77,0,77,0,2,101,0,103,46,0,46,149
06/24/2013,ORH,MA,ANE,EN,Federal Contract Tower,0,1,7,0,8,0,4,64,0,68,0,5,71,0,76,48,0,48,124
06/25/2013,ORH,MA,ANE,EN,Federal Contract Tower,0,4,5,0,9,0,2,64,0,66,0,6,69,0,75,36,16,52,127
06/26/2013,ORH,MA,ANE,EN,Federal Contract Tower,0,0,9,0,9,0,3,64,0,67,0,3,73,0,76,60,8,68,144
06/27/2013,ORH,MA,ANE,EN,Federal Contract Tower,0,0,9,0,9,0,0,0,0,0,0,0,9,0,9,0,0,0,9
06/28/2013,ORH,MA,ANE,EN,Federal Contract Tower,0,0,3,0,3,0,0,2,0,2,0,0,5,0,5,0,0,0,5
06/29/2013,ORH,MA,ANE,EN,Federal Contract Tower,0,0,23,0,23,0,2,23,0,25,0,2,46,0,48,18,0,18,66
06/30/2013,ORH,MA,ANE,EN,Federal Contract Tower,0,0,22,0,22,0,2,40,0,42,0,2,62,0,64,76,0,76,140
07/01/2013,ORH,MA,ANE,EN,Federal Contract Tower,0,0,7,0,7,0,0,0,0,0,0,0,7,0,7,0,0,0,7
07/02/2013,ORH,MA,ANE,EN,Federal Contract Tower,0,2,8,5,15,0,2,8,0,10,0,4,16,5,25,0,0,0,25
07/03/2013,ORH,MA,ANE,EN,Federal Contract Tower,0,0,2,0,2,0,3,36,0,39,0,3,38,0,41,24,0,24,65
07/04/2013,ORH,MA,ANE,EN,Federal Contract Tower,0,0,9,0,9,0,2,52,0,54,0,2,61,0,63,42,0,42,105
07/05/2013,ORH,MA,ANE,EN,Federal Contract Tower,0,0,7,0,7,0,9,80,0,89,0,9,87,0,96,84,0,84,180
07/06/2013,ORH,MA,ANE,EN,Federal Contract Tower,0,0,5,0,5,0,4,67,0,71,0,4,72,0,76,56,0,56,132
07/07/2013,ORH,MA,ANE,EN,Federal Contract Tower,0,0,7,0,7,0,7,62,0,69,0,7,69,0,76,48,0,48,124
07/08/2013,ORH,MA,ANE,EN,Federal Contract Tower,0,0,9,0,9,0,4,65,0,69,0,4,74,0,78,86,0,86,164
07/09/2013,ORH,MA,ANE,EN,Federal Contract Tower,0,0,17,0,17,0,0,0,0,0,0,0,17,0,17,0,0,0,17
07/10/2013,ORH,MA,ANE,EN,Federal Contract Tower,0,1,6,0,7,0,0,0,0,0,0,1,6,0,7,0,0,0,7
07/11/2013,ORH,MA,ANE,EN,Federal Contract Tower,0,0,4,2,6,0,0,6,0,6,0,0,10,2,12,14,0,14,26
07/12/2013,ORH,MA,ANE,EN,Federal Contract Tower,0,0,14,0,14,0,4,69,1,74,0,4,83,1,88,76,2,78,166
07/13/2013,ORH,MA,ANE,EN,Federal Contract Tower,0,4,14,0,18,0,0,0,0,0,0,4,14,0,18,0,0,0,18
07/14/2013,ORH,MA,ANE,EN,Federal Contract Tower,0,4,17,0,21,0,4,77,0,81,0,8,94,0,102,46,0,46,148
07/15/2013,ORH,MA,ANE,EN,Federal Contract Tower,0,2,19,0,21,0,4,77,0,81,0,6,96,0,102,72,0,72,174
07/16/2013,ORH,MA,ANE,EN,Federal Contract Tower,0,2,17,0,19,0,9,61,2,72,0,11,78,2,91,72,0,72,163
07/17/2013,ORH,MA,ANE,EN,Federal Contract Tower,0,1,13,2,16,0,0,66,1,67,0,1,79,3,83,36,2,38,121
07/18/2013,ORH,MA,ANE,EN,Federal Contract Tower,0,2,11,0,13,0,0,57,0,57,0,2,68,0,70,16,8,24,94
07/19/2013,ORH,MA,ANE,EN,Federal Contract Tower,0,0,9,0,9,0,4,65,0,69,0,4,74,0,78,62,0,62,140
07/20/2013,ORH,MA,ANE,EN,Federal Contract Tower,0,0,5,0,5,0,0,32,0,32,0,0,37,0,37,30,4,34,71
07/21/2013,ORH,MA,ANE,EN,Federal Contract Tower,0,3,9,0,12,0,7,58,0,65,0,10,67,0,77,50,6,56,133
07/22/2013,ORH,MA,ANE,EN,Federal Contract Tower,0,1,19,0,20,0,1,15,0,16,0,2,34,0,36,0,0,0,36
07/23/2013,ORH,MA,ANE,EN,Federal Contract Tower,0,2,7,0,9,0,0,0,0,0,0,2,7,0,9,0,0,0,9
07/24/2013,ORH,MA,ANE,EN,Federal Contract Tower,0,2,16,0,18,0,0,60,0,60,0,2,76,0,78,10,0,10,88
07/25/2013,ORH,MA,ANE,EN,Federal Contract Tower,0,2,14,0,16,0,0,25,0,25,0,2,39,0,41,4,0,4,45
07/26/2013,ORH,MA,ANE,EN,Federal Contract Tower,0,1,8,0,9,0,0,28,0,28,0,1,36,0,37,30,0,30,67
07/27/2013,ORH,MA,ANE,EN,Federal Contract Tower,0,0,13,0,13,0,2,49,0,51,0,2,62,0,64,48,0,48,112
07/28/2013,ORH,MA,ANE,EN,Federal Contract Tower,0,0,7,0,7,0,1,64,0,65,0,1,71,0,72,44,0,44,116
07/29/2013,ORH,MA,ANE,EN,Federal Contract Tower,0,1,4,0,5,0,6,44,0,50,0,7,48,0,55,60,0,60,115
07/30/2013,ORH,MA,ANE,EN,Federal Contract Tower,0,0,13,2,15,0,4,76,0,80,0,4,89,2,95,74,8,82,177
07/31/2013,ORH,MA,ANE,EN,Federal Contract Tower,0,6,7,0,13,0,0,49,1,50,0,6,56,1,63,16,0,16,79
08/01/2013,ORH,MA,ANE,EN,Federal Contract Tower,0,3,25,4,32,0,0,42,0,42,0,3,67,4,74,16,0,16,90
08/02/2013,ORH,MA,ANE,EN,Federal Contract Tower,0,2,11,0,13,0,4,74,0,78,0,6,85,0,91,64,0,64,155
08/03/2013,ORH,MA,ANE,EN,Federal Contract Tower,0,1,8,0,9,0,3,55,1,59,0,4,63,1,68,64,0,64,132
08/04/2013,ORH,MA,ANE,EN,Federal Contract Tower,0,1,1,0,2,0,6,62,0,68,0,7,63,0,70,50,0,50,120
08/05/2013,ORH,MA,ANE,EN,Federal Contract Tower,0,0,9,0,9,0,5,73,0,78,0,5,82,0,87,64,0,64,151
08/06/2013,ORH,MA,ANE,EN,Federal Contract Tower,0,0,11,0,11,0,0,78,0,78,0,0,89,0,89,68,0,68,157
08/07/2013,ORH,MA,ANE,EN,Federal Contract Tower,0,4,8,0,12,0,0,61,0,61,0,4,69,0,73,30,2,32,105
08/08/2013,ORH,MA,ANE,EN,Federal Contract Tower,0,2,14,0,16,0,0,23,0,23,0,2,37,0,39,14,0,14,53
08/09/2013,ORH,MA,ANE,EN,Federal Contract Tower,0,5,9,0,14,0,0,0,0,0,0,5,9,0,14,0,0,0,14
08/10/2013,ORH,MA,ANE,EN,Federal Contract Tower,0,2,14,0,16,0,2,67,0,69,0,4,81,0,85,66,0,66,151
08/11/2013,ORH,MA,ANE,EN,Federal Contract Tower,0,0,17,0,17,0,2,69,0,71,0,2,86,0,88,44,2,46,134
08/12/2013,ORH,MA,ANE,EN,Federal Contract Tower,0,3,14,4,21,0,2,67,4,73,0,5,81,8,94,60,4,64,158
08/13/2013,ORH,MA,ANE,EN,Federal Contract Tower,0,0,10,0,10,0,0,36,0,36,0,0,46,0,46,2,0,2,48
08/14/2013,ORH,MA,ANE,EN,Federal Contract Tower,0,1,8,4,13,0,0,59,9,68,0,1,67,13,81,22,0,22,103
08/15/2013,ORH,MA,ANE,EN,Federal Contract Tower,0,0,23,0,23,0,1,74,16,91,0,1,97,16,114,40,0,40,154
08/16/2013,ORH,MA,ANE,EN,Federal Contract Tower,0,0,9,0,9,0,0,73,0,73,0,0,82,0,82,32,0,32,114
08/17/2013,ORH,MA,ANE,EN,Federal Contract Tower,0,1,10,0,11,0,2,80,0,82,0,3,90,0,93,40,0,40,133
08/18/2013,ORH,MA,ANE,EN,Federal Contract Tower,0,0,17,0,17,0,10,66,0,76,0,10,83,0,93,38,0,38,131
08/19/2013,ORH,MA,ANE,EN,Federal Contract Tower,0,0,10,0,10,0,6,73,0,79,0,6,83,0,89,52,0,52,141
08/20/2013,ORH,MA,ANE,EN,Federal Contract Tower,0,2,21,2,25,0,0,96,0,96,0,2,117,2,121,42,0,42,163
08/21/2013,ORH,MA,ANE,EN,Federal Contract Tower,0,1,29,4,34,0,0,74,0,74,0,1,103,4,108,36,0,36,144
08/22/2013,ORH,MA,ANE,EN,Federal Contract Tower,0,3,26,2,31,0,0,40,0,40,0,3,66,2,71,12,0,12,83
08/23/2013,ORH,MA,ANE,EN,Federal Contract Tower,0,1,5,2,8,0,2,77,0,79,0,3,82,2,87,46,0,46,133
08/24/2013,ORH,MA,ANE,EN,Federal Contract Tower,0,2,5,0,7,0,2,68,0,70,0,4,73,0,77,42,0,42,119
08/25/2013,ORH,MA,ANE,EN,Federal Contract Tower,0,0,5,0,5,0,2,65,0,67,0,2,70,0,72,46,0,46,118
08/26/2013,ORH,MA,ANE,EN,Federal Contract Tower,0,0,7,5,12,0,4,68,6,78,0,4,75,11,90,54,4,58,148
08/27/2013,ORH,MA,ANE,EN,Federal Contract Tower,0,0,12,2,14,0,0,27,0,27,0,0,39,2,41,0,0,0,41
08/28/2013,ORH,MA,ANE,EN,Federal Contract Tower,0,2,18,0,20,0,0,54,0,54,0,2,72,0,74,0,0,0,74
08/29/2013,ORH,MA,ANE,EN,Federal Contract Tower,0,0,13,0,13,0,0,0,0,0,0,0,13,0,13,0,0,0,13
08/30/2013,ORH,MA,ANE,EN,Federal Contract Tower,0,0,29,1,30,0,0,41,0,41,0,0,70,1,71,12,0,12,83
08/31/2013,ORH,MA,ANE,EN,Federal Contract Tower,0,0,19,0,19,0,0,19,0,19,0,0,38,0,38,24,0,24,62
09/01/2013,ORH,MA,ANE,EN,Federal Contract Tower,0,2,8,0,10,0,0,1,0,1,0,2,9,0,11,0,0,0,11
09/02/2013,ORH,MA,ANE,EN,Federal Contract Tower,0,5,6,0,11,0,0,16,0,16,0,5,22,0,27,10,0,10,37
09/03/2013,ORH,MA,ANE,EN,Federal Contract Tower,0,1,8,0,9,0,0,28,0,28,0,1,36,0,37,28,0,28,65
09/04/2013,ORH,MA,ANE,EN,Federal Contract Tower,0,0,9,0,9,0,0,73,0,73,0,0,82,0,82,24,0,24,106
09/05/2013,ORH,MA,ANE,EN,Federal Contract Tower,0,3,5,0,8,0,0,56,0,56,0,3,61,0,64,6,0,6,70
09/06/2013,ORH,MA,ANE,EN,Federal Contract Tower,0,0,17,0,17,0,0,69,0,69,0,0,86,0,86,60,2,62,148
09/07/2013,ORH,MA,ANE,EN,Federal Contract Tower,0,1,10,0,11,0,2,74,0,76,0,3,84,0,87,66,0,66,153
09/08/2013,ORH,MA,ANE,EN,Federal Contract Tower,0,2,18,0,20,0,2,59,0,61,0,4,77,0,81,44,0,44,125
09/09/2013,ORH,MA,ANE,EN,Federal Contract Tower,0,2,17,0,19,0,2,67,0,69,0,4,84,0,88,64,0,64,152
09/10/2013,ORH,MA,ANE,EN,Federal Contract Tower,0,3,4,2,9,0,0,0,0,0,0,3,4,2,9,0,0,0,9
09/11/2013,ORH,MA,ANE,EN,Federal Contract Tower,0,5,13,2,20,0,0,40,0,40,0,5,53,2,60,40,0,40,100
09/12/2013,ORH,MA,ANE,EN,Federal Contract Tower,0,0,5,0,5,0,2,38,0,40,0,2,43,0,45,30,0,30,75
09/13/2013,ORH,MA,ANE,EN,Federal Contract Tower,0,1,18,0,19,0,2,67,1,70,0,3,85,1,89,64,0,64,153
09/14/2013,ORH,MA,ANE,EN,Federal Contract Tower,0,1,4,0,5,0,2,58,1,61,0,3,62,1,66,38,0,38,104
09/15/2013,ORH,MA,ANE,EN,Federal Contract Tower,0,0,14,0,14,0,4,68,0,72,0,4,82,0,86,48,0,48,134
09/16/2013,ORH,MA,ANE,EN,Federal Contract Tower,0,5,11,0,16,0,3,60,0,63,0,8,71,0,79,32,0,32,111
09/17/2013,ORH,MA,ANE,EN,Federal Contract Tower,0,6,8,3,17,0,0,64,2,66,0,6,72,5,83,24,2,26,109
09/18/2013,ORH,MA,ANE,EN,Federal Contract Tower,0,2,5,0,7,0,0,61,0,61,0,2,66,0,68,28,0,28,96
09/19/2013,ORH,MA,ANE,EN,Federal Contract Tower,0,6,28,0,34,0,2,74,0,76,0,8,102,0,110,58,4,62,172
09/20/2013,ORH,MA,ANE,EN,Federal Contract Tower,0,0,5,0,5,0,2,69,0,71,0,2,74,0,76,36,0,36,112
09/21/2013,ORH,MA,ANE,EN,Federal Contract Tower,0,4,14,0,18,0,4,33,0,37,0,8,47,0,55,26,0,26,81
09/22/2013,ORH,MA,ANE,EN,Federal Contract Tower,0,0,4,0,4,0,4,19,0,23,0,4,23,0,27,2,0,2,29
09/23/2013,ORH,MA,ANE,EN,Federal Contract Tower,0,0,12,0,12,0,2,44,0,46,0,2,56,0,58,34,4,38,96
09/24/2013,ORH,MA,ANE,EN,Federal Contract Tower,0,0,1,2,3,0,5,70,0,75,0,5,71,2,78,58,12,70,148
09/25/2013,ORH,MA,ANE,EN,Federal Contract Tower,0,0,14,0,14,0,0,59,0,59,0,0,73,0,73,42,0,42,115
09/26/2013,ORH,MA,ANE,EN,Federal Contract Tower,0,0,19,0,19,0,6,49,0,55,0,6,68,0,74,14,6,20,94
09/27/2013,ORH,MA,ANE,EN,Federal Contract Tower,0,6,18,0,24,0,2,58,0,60,0,8,76,0,84,18,0,18,102
09/28/2013,ORH,MA,ANE,EN,Federal Contract Tower,0,1,10,0,11,0,2,66,0,68,0,3,76,0,79,50,0,50,129
09/29/2013,ORH,MA,ANE,EN,Federal Contract Tower,0,3,1,0,4,0,5,55,0,60,0,8,56,0,64,26,0,26,90
09/30/2013,ORH,MA,ANE,EN,Federal Contract Tower,0,0,12,0,12,0,8,55,0,63,0,8,67,0,75,48,0,48,123
10/01/2013,ORH,MA,ANE,EN,Federal Contract Tower,0,0,3,0,3,0,37,0,0,37,0,37,3,0,40,62,0,62,102
10/02/2013,ORH,MA,ANE,EN,Federal Contract Tower,0,0,18,0,18,0,0,41,0,41,0,0,59,0,59,12,0,12,71
10/03/2013,ORH,MA,ANE,EN,Federal Contract Tower,0,2,18,4,24,0,4,72,0,76,0,6,90,4,100,62,0,62,162
10/04/2013,ORH,MA,ANE,EN,Federal Contract Tower,0,1,15,0,16,0,1,37,0,38,0,2,52,0,54,26,0,26,80
10/05/2013,ORH,MA,ANE,EN,Federal Contract Tower,0,4,9,0,13,0,1,30,0,31,0,5,39,0,44,32,0,32,76
10/06/2013,ORH,MA,ANE,EN,Federal Contract Tower,0,0,11,0,11,0,0,0,0,0,0,0,11,0,11,0,0,0,11
10/07/2013,ORH,MA,ANE,EN,Federal Contract Tower,0,0,8,0,8,0,0,2,0,2,0,0,10,0,10,0,0,0,10
10/08/2013,ORH,MA,ANE,EN,Federal Contract Tower,0,1,13,1,15,0,1,39,0,40,0,2,52,1,55,32,0,32,87
10/09/2013,ORH,MA,ANE,EN,Federal Contract Tower,0,0,22,0,22,0,0,49,0,49,0,0,71,0,71,32,0,32,103
10/10/2013,ORH,MA,ANE,EN,Federal Contract Tower,0,0,24,0,24,0,0,34,0,34,0,0,58,0,58,48,0,48,106
10/11/2013,ORH,MA,ANE,EN,Federal Contract Tower,0,6,16,0,22,0,2,66,0,68,0,8,82,0,90,30,0,30,120
10/12/2013,ORH,MA,ANE,EN,Federal Contract Tower,0,2,16,0,18,0,0,0,0,0,0,2,16,0,18,0,0,0,18
10/13/2013,ORH,MA,ANE,EN,Federal Contract Tower,0,1,7,0,8,0,2,42,0,44,0,3,49,0,52,48,0,48,100
10/14/2013,ORH,MA,ANE,EN,Federal Contract Tower,0,2,23,0,25,0,5,66,0,71,0,7,89,0,96,46,0,46,142
10/15/2013,ORH,MA,ANE,EN,Federal Contract Tower,0,1,11,0,12,0,5,53,0,58,0,6,64,0,70,54,0,54,124
10/16/2013,ORH,MA,ANE,EN,Federal Contract Tower,0,5,6,0,11,0,0,22,0,22,0,5,28,0,33,6,0,6,39
10/17/2013,ORH,MA,ANE,EN,Federal Contract Tower,0,5,19,0,24,0,0,34,0,34,0,5,53,0,58,40,0,40,98
10/18/2013,ORH,MA,ANE,EN,Federal Contract Tower,0,4,10,0,14,0,2,67,0,69,0,6,77,0,83,52,0,52,135
10/19/2013,ORH,MA,ANE,EN,Federal Contract Tower,0,5,26,0,31,0,2,75,0,77,0,7,101,0,108,56,0,56,164
10/20/2013,ORH,MA,ANE,EN,Federal Contract Tower,0,1,12,0,13,0,3,48,0,51,0,4,60,0,64,36,0,36,100
10/21/2013,ORH,MA,ANE,EN,Federal Contract Tower,0,6,18,1,25,0,1,52,0,53,0,7,70,1,78,26,0,26,104
10/22/2013,ORH,MA,ANE,EN,Federal Contract Tower,0,0,14,0,14,0,3,60,0,63,0,3,74,0,77,60,0,60,137
10/23/2013,ORH,MA,ANE,EN,Federal Contract Tower,0,4,12,5,21,0,2,53,0,55,0,6,65,5,76,36,0,36,112
10/24/2013,ORH,MA,ANE,EN,Federal Contract Tower,0,1,14,0,15,0,2,81,0,83,0,3,95,0,98,76,4,80,178
10/25/2013,ORH,MA,ANE,EN,Federal Contract Tower,0,0,9,0,9,0,1,73,0,74,0,1,82,0,83,56,4,60,143
10/26/2013,ORH,MA,ANE,EN,Federal Contract Tower,0,0,26,0,26,0,0,62,0,62,0,0,88,0,88,34,0,34,122
10/27/2013,ORH,MA,ANE,EN,Federal Contract Tower,0,1,9,0,10,0,3,49,0,52,0,4,58,0,62,56,0,56,118
10/28/2013,ORH,MA,ANE,EN,Federal Contract Tower,0,0,11,0,11,0,4,81,0,85,0,4,92,0,96,66,0,66,162
10/29/2013,ORH,MA,ANE,EN,Federal Contract Tower,0,4,17,4,25,0,0,60,0,60,0,4,77,4,85,56,0,56,141
10/30/2013,ORH,MA,ANE,EN,Federal Contract Tower,0,1,14,0,15,0,1,25,0,26,0,2,39,0,41,22,6,28,69
10/31/2013,ORH,MA,ANE,EN,Federal Contract Tower,0,1,11,0,12,0,0,0,0,0,0,1,11,0,12,0,0,0,12
11/01/2013,ORH,MA,ANE,EN,Federal Contract Tower,0,0,7,0,7,0,0,1,0,1,0,0,8,0,8,0,0,0,8
11/02/2013,ORH,MA,ANE,EN,Federal Contract Tower,0,0,15,0,15,0,2,87,0,89,0,2,102,0,104,58,0,58,162
11/03/2013,ORH,MA,ANE,EN,Federal Contract Tower,0,2,7,0,9,0,0,37,0,37,0,2,44,0,46,50,0,50,96
11/04/2013,ORH,MA,ANE,EN,Federal Contract Tower,0,0,7,0,7,0,6,61,0,67,0,6,68,0,74,34,0,34,108
11/05/2013,ORH,MA,ANE,EN,Federal Contract Tower,0,5,14,0,19,0,1,51,6,58,0,6,65,6,77,40,0,40,117
11/06/2013,ORH,MA,ANE,EN,Federal Contract Tower,0,0,2,0,2,0,0,40,0,40,0,0,42,0,42,32,0,32,74
11/07/2013,ORH,MA,ANE,EN,Federal Contract Tower,3,1,6,0,10,0,0,2,0,2,3,1,8,0,12,0,0,0,12
11/08/2013,ORH,MA,ANE,EN,Federal Contract Tower,3,4,0,0,7,0,2,72,0,74,3,6,72,0,81,52,0,52,133
11/09/2013,ORH,MA,ANE,EN,Federal Contract Tower,3,3,11,0,17,0,3,71,0,74,3,6,82,0,91,60,0,60,151
11/10/2013,ORH,MA,ANE,EN,Federal Contract Tower,3,0,12,0,15,0,3,39,0,42,3,3,51,0,57,30,0,30,87
11/11/2013,ORH,MA,ANE,EN,Federal Contract Tower,3,3,11,0,17,0,2,48,0,50,3,5,59,0,67,52,0,52,119
11/12/2013,ORH,MA,ANE,EN,Federal Contract Tower,3,0,6,2,11,0,0,19,1,20,3,0,25,3,31,14,0,14,45
11/13/2013,ORH,MA,ANE,EN,Federal Contract Tower,3,4,9,13,29,0,0,42,0,42,3,4,51,13,71,28,0,28,99
11/14/2013,ORH,MA,ANE,EN,Federal Contract Tower,3,3,10,0,16,0,0,54,0,54,3,3,64,0,70,20,0,20,90
11/15/2013,ORH,MA,ANE,EN,Federal Contract Tower,3,5,14,0,22,0,2,61,0,63,3,7,75,0,85,46,0,46,131
11/16/2013,ORH,MA,ANE,EN,Federal Contract Tower,3,2,17,2,24,0,2,80,0,82,3,4,97,2,106,76,0,76,182
11/17/2013,ORH,MA,ANE,EN,Federal Contract Tower,3,0,11,2,16,0,0,8,0,8,3,0,19,2,24,4,0,4,28
11/18/2013,ORH,MA,ANE,EN,Federal Contract Tower,3,2,3,0,8,0,6,61,0,67,3,8,64,0,75,34,0,34,109
11/19/2013,ORH,MA,ANE,EN,Federal Contract Tower,3,1,8,0,12,0,0,26,0,26,3,1,34,0,38,8,0,8,46
11/20/2013,ORH,MA,ANE,EN,Federal Contract Tower,3,0,14,4,21,0,2,69,6,77,3,2,83,10,98,40,6,46,144
11/21/2013,ORH,MA,ANE,EN,Federal Contract Tower,3,4,21,0,28,0,0,55,0,55,3,4,76,0,83,42,0,42,125
11/22/2013,ORH,MA,ANE,EN,Federal Contract Tower,3,3,11,1,18,0,0,0,0,0,3,3,11,1,18,2,0,2,20
11/23/2013,ORH,MA,ANE,EN,Federal Contract Tower,1,0,12,0,13,0,1,53,0,54,1,1,65,0,67,30,0,30,97
11/24/2013,ORH,MA,ANE,EN,Federal Contract Tower,2,2,0,2,6,0,0,0,1,1,2,2,0,3,7,0,0,0,7
11/25/2013,ORH,MA,ANE,EN,Federal Contract Tower,5,5,8,2,20,0,2,42,0,44,5,7,50,2,64,32,0,32,96
11/26/2013,ORH,MA,ANE,EN,Federal Contract Tower,3,1,1,12,17,0,0,29,3,32,3,1,30,15,49,4,2,6,55
11/27/2013,ORH,MA,ANE,EN,Federal Contract Tower,3,2,2,0,7,0,0,0,0,0,3,2,2,0,7,0,0,0,7
11/28/2013,ORH,MA,ANE,EN,Federal Contract Tower,3,0,1,0,4,0,0,10,0,10,3,0,11,0,14,0,0,0,14
11/29/2013,ORH,MA,ANE,EN,Federal Contract Tower,3,1,9,0,13,0,2,73,0,75,3,3,82,0,88,52,0,52,140
11/30/2013,ORH,MA,ANE,EN,Federal Contract Tower,3,3,12,0,18,0,2,53,0,55,3,5,65,0,73,56,0,56,129
12/01/2013,ORH,MA,ANE,EN,Federal Contract Tower,1,1,0,0,2,0,0,0,0,0,1,1,0,0,2,0,0,0,2
12/02/2013,ORH,MA,ANE,EN,Federal Contract Tower,2,2,6,4,14,0,0,0,0,0,2,2,6,4,14,0,0,0,14
12/03/2013,ORH,MA,ANE,EN,Federal Contract Tower,2,7,9,2,20,0,0,26,0,26,2,7,35,2,46,20,0,20,66
12/04/2013,ORH,MA,ANE,EN,Federal Contract Tower,3,0,27,0,30,0,0,53,0,53,3,0,80,0,83,24,6,30,113
12/05/2013,ORH,MA,ANE,EN,Federal Contract Tower,1,0,17,0,18,0,0,0,0,0,1,0,17,0,18,0,0,0,18
12/06/2013,ORH,MA,ANE,EN,Federal Contract Tower,2,0,5,0,7,0,1,1,0,2,2,1,6,0,9,0,0,0,9
12/07/2013,ORH,MA,ANE,EN,Federal Contract Tower,3,0,17,0,20,0,2,42,0,44,3,2,59,0,64,40,0,40,104
12/08/2013,ORH,MA,ANE,EN,Federal Contract Tower,3,0,18,0,21,0,6,59,0,65,3,6,77,0,86,50,0,50,136
12/09/2013,ORH,MA,ANE,EN,Federal Contract Tower,1,0,1,0,2,0,0,0,0,0,1,0,1,0,2,0,0,0,2
12/10/2013,ORH,MA,ANE,EN,Federal Contract Tower,2,2,5,0,9,0,0,0,0,0,2,2,5,0,9,0,0,0,9
12/11/2013,ORH,MA,ANE,EN,Federal Contract Tower,3,2,9,0,14,0,0,29,0,29,3,2,38,0,43,18,0,18,61
12/12/2013,ORH,MA,ANE,EN,Federal Contract Tower,3,0,10,0,13,0,2,50,0,52,3,2,60,0,65,0,0,0,65
12/13/2013,ORH,MA,ANE,EN,Federal Contract Tower,3,4,10,0,17,0,0,35,0,35,3,4,45,0,52,8,0,8,60
12/14/2013,ORH,MA,ANE,EN,Federal Contract Tower,3,0,9,0,12,0,0,2,0,2,3,0,11,0,14,8,0,8,22
12/15/2013,ORH,MA,ANE,EN,Federal Contract Tower,2,2,2,0,6,0,0,0,0,0,2,2,2,0,6,0,0,0,6
12/16/2013,ORH,MA,ANE,EN,Federal Contract Tower,3,0,4,0,7,0,1,7,1,9,3,1,11,1,16,0,0,0,16
12/17/2013,ORH,MA,ANE,EN,Federal Contract Tower,1,2,2,0,5,0,0,0,0,0,1,2,2,0,5,0,0,0,5
12/18/2013,ORH,MA,ANE,EN,Federal Contract Tower,2,0,6,2,10,0,0,15,0,15,2,0,21,2,25,10,0,10,35
12/19/2013,ORH,MA,ANE,EN,Federal Contract Tower,3,2,11,6,22,0,2,21,0,23,3,4,32,6,45,0,0,0,45
12/20/2013,ORH,MA,ANE,EN,Federal Contract Tower,3,2,15,0,20,0,7,48,0,55,3,9,63,0,75,30,4,34,109
12/21/2013,ORH,MA,ANE,EN,Federal Contract Tower,3,0,17,0,20,0,2,49,0,51,3,2,66,0,71,20,0,20,91
12/22/2013,ORH,MA,ANE,EN,Federal Contract Tower,3,2,4,0,9,0,0,1,0,1,3,2,5,0,10,0,0,0,10
12/23/2013,ORH,MA,ANE,EN,Federal Contract Tower,2,0,0,0,2,0,0,0,0,0,2,0,0,0,2,0,0,0,2
12/24/2013,ORH,MA,ANE,EN,Federal Contract Tower,3,0,16,0,19,0,0,15,0,15,3,0,31,0,34,4,0,4,38
12/25/2013,ORH,MA,ANE,EN,Federal Contract Tower,3,0,0,0,3,0,0,12,0,12,3,0,12,0,15,0,0,0,15
12/26/2013,ORH,MA,ANE,EN,Federal Contract Tower,3,1,2,0,6,0,0,0,0,0,3,1,2,0,6,0,0,0,6
12/27/2013,ORH,MA,ANE,EN,Federal Contract Tower,3,1,22,0,26,0,2,47,0,49,3,3,69,0,75,18,0,18,93
12/28/2013,ORH,MA,ANE,EN,Federal Contract Tower,3,0,9,0,12,0,2,54,0,56,3,2,63,0,68,38,0,38,106
12/29/2013,ORH,MA,ANE,EN,Federal Contract Tower,3,0,0,0,3,0,0,16,0,16,3,0,16,0,19,20,0,20,39
12/30/2013,ORH,MA,ANE,EN,Federal Contract Tower,3,1,7,0,11,0,5,52,0,57,3,6,59,0,68,50,0,50,118
12/31/2013,ORH,MA,ANE,EN,Federal Contract Tower,3,1,10,0,14,0,2,65,1,68,3,3,75,1,82,64,4,68,150
01/01/2014,ORH,MA,ANE,EN,Federal Contract Tower,3,0,11,0,14,0,0,26,0,26,3,0,37,0,40,26,0,26,66
01/02/2014,ORH,MA,ANE,EN,Federal Contract Tower,1,1,0,0,2,0,0,0,0,0,1,1,0,0,2,0,0,0,2
01/03/2014,ORH,MA,ANE,EN,Federal Contract Tower,2,0,0,0,2,0,3,0,0,3,2,3,0,0,5,0,0,0,5
01/04/2014,ORH,MA,ANE,EN,Federal Contract Tower,1,0,5,0,6,0,16,0,0,16,1,16,5,0,22,12,4,16,38
01/05/2014,ORH,MA,ANE,EN,Federal Contract Tower,1,0,17,0,18,0,2,34,0,36,1,2,51,0,54,32,0,32,86
01/06/2014,ORH,MA,ANE,EN,Federal Contract Tower,2,0,3,0,5,0,0,1,0,1,2,0,4,0,6,0,0,0,6
01/07/2014,ORH,MA,ANE,EN,Federal Contract Tower,3,13,3,0,19,0,0,9,0,9,3,13,12,0,28,4,0,4,32
01/08/2014,ORH,MA,ANE,EN,Federal Contract Tower,3,12,21,7,43,0,4,45,1,50,3,16,66,8,93,34,4,38,131
01/09/2014,ORH,MA,ANE,EN,Federal Contract Tower,3,5,10,8,26,0,2,45,1,48,3,7,55,9,74,54,2,56,130
01/10/2014,ORH,MA,ANE,EN,Federal Contract Tower,3,1,8,0,12,0,0,0,0,0,3,1,8,0,12,0,0,0,12
01/11/2014,ORH,MA,ANE,EN,Federal Contract Tower,2,1,1,0,4,0,0,0,0,0,2,1,1,0,4,0,0,0,4
01/12/2014,ORH,MA,ANE,EN,Federal Contract Tower,3,0,5,3,11,0,3,57,0,60,3,3,62,3,71,26,2,28,99
01/13/2014,ORH,MA,ANE,EN,Federal Contract Tower,3,3,14,0,20,0,3,70,3,76,3,6,84,3,96,52,0,52,148
01/14/2014,ORH,MA,ANE,EN,Federal Contract Tower,1,2,8,0,11,0,0,0,0,0,1,2,8,0,11,0,0,0,11
01/15/2014,ORH,MA,ANE,EN,Federal Contract Tower,3,1,29,2,35,0,3,59,0,62,3,4,88,2,97,54,0,54,151
01/16/2014,ORH,MA,ANE,EN,Federal Contract Tower,3,3,9,0,15,0,0,22,0,22,3,3,31,0,37,24,0,24,61
01/17/2014,ORH,MA,ANE,EN,Federal Contract Tower,3,0,8,0,11,0,2,60,0,62,3,2,68,0,73,58,0,58,131
01/18/2014,ORH,MA,ANE,EN,Federal Contract Tower,1,0,2,0,3,0,0,0,0,0,1,0,2,0,3,0,0,0,3
01/19/2014,ORH,MA,ANE,EN,Federal Contract Tower,3,0,2,0,5,0,0,1,0,1,3,0,3,0,6,2,0,2,8
01/20/2014,ORH,MA,ANE,EN,Federal Contract Tower,3,0,6,0,9,0,2,46,0,48,3,2,52,0,57,4,0,4,61
01/21/2014,ORH,MA,ANE,EN,Federal Contract Tower,3,3,4,2,12,0,0,14,0,14,3,3,18,2,26,6,2,8,34
01/22/2014,ORH,MA,ANE,EN,Federal Contract Tower,2,0,0,0,2,0,0,0,0,0,2,0,0,0,2,0,0,0,2
01/23/2014,ORH,MA,ANE,EN,Federal Contract Tower,3,0,8,8,19,0,4,38,0,42,3,4,46,8,61,34,0,34,95
01/24/2014,ORH,MA,ANE,EN,Federal Contract Tower,3,3,18,0,24,0,2,48,0,50,3,5,66,0,74,36,0,36,110
01/25/2014,ORH,MA,ANE,EN,Federal Contract Tower,3,4,3,0,10,0,0,0,0,0,3,4,3,0,10,0,0,0,10
01/26/2014,ORH,MA,ANE,EN,Federal Contract Tower,3,0,2,0,5,0,0,3,0,3,3,0,5,0,8,0,0,0,8
01/27/2014,ORH,MA,ANE,EN,Federal Contract Tower,3,0,2,0,5,0,2,1,0,3,3,2,3,0,8,0,0,0,8
01/28/2014,ORH,MA,ANE,EN,Federal Contract Tower,3,1,5,1,10,0,2,27,0,29,3,3,32,1,39,6,10,16,55
01/29/2014,ORH,MA,ANE,EN,Federal Contract Tower,3,2,10,0,15,0,3,33,0,36,3,5,43,0,51,34,0,34,85
01/30/2014,ORH,MA,ANE,EN,Federal Contract Tower,3,4,17,8,32,0,3,50,0,53,3,7,67,8,85,28,0,28,113
01/31/2014,ORH,MA,ANE,EN,Federal Contract Tower,3,1,7,0,11,0,2,41,0,43,3,3,48,0,54,30,0,30,84
02/01/2014,ORH,MA,ANE,EN,Federal Contract Tower,3,0,17,0,20,0,2,60,0,62,3,2,77,0,82,48,0,48,130
02/02/2014,ORH,MA,ANE,EN,Federal Contract Tower,3,5,13,0,21,0,1,35,0,36,3,6,48,0,57,38,0,38,95
02/03/2014,ORH,MA,ANE,EN,Federal Contract Tower,3,4,3,0,10,0,0,0,0,0,3,4,3,0,10,0,0,0,10
02/04/2014,ORH,MA,ANE,EN,Federal Contract Tower,3,2,14,0,19,0,2,57,1,60,3,4,71,1,79,34,0,34,113
02/05/2014,ORH,MA,ANE,EN,Federal Contract Tower,0,0,0,0,0,0,0,0,0,0,0,0,0,0,0,0,0,0,0
02/06/2014,ORH,MA,ANE,EN,Federal Contract Tower,3,2,4,10,19,0,4,36,0,40,3,6,40,10,59,8,6,14,73
02/07/2014,ORH,MA,ANE,EN,Federal Contract Tower,3,2,11,0,16,0,2,44,0,46,3,4,55,0,62,36,0,36,98
02/08/2014,ORH,MA,ANE,EN,Federal Contract Tower,3,2,14,0,19,0,0,59,0,59,3,2,73,0,78,46,8,54,132
02/09/2014,ORH,MA,ANE,EN,Federal Contract Tower,3,0,0,0,3,0,1,25,0,26,3,1,25,0,29,12,0,12,41
02/10/2014,ORH,MA,ANE,EN,Federal Contract Tower,3,2,4,0,9,0,3,42,0,45,3,5,46,0,54,32,0,32,86
02/11/2014,ORH,MA,ANE,EN,Federal Contract Tower,3,2,7,2,14,0,3,54,0,57,3,5,61,2,71,44,4,48,119
02/12/2014,ORH,MA,ANE,EN,Federal Contract Tower,3,4,5,0,12,0,1,42,1,44,3,5,47,1,56,28,2,30,86
02/13/2014,ORH,MA,ANE,EN,Federal Contract Tower,1,0,2,0,3,0,0,0,0,0,1,0,2,0,3,0,0,0,3
02/14/2014,ORH,MA,ANE,EN,Federal Contract Tower,2,2,12,0,16,0,2,0,0,2,2,4,12,0,18,0,0,0,18
02/15/2014,ORH,MA,ANE,EN,Federal Contract Tower,1,0,4,0,5,0,0,0,0,0,1,0,4,0,5,0,0,0,5
02/16/2014,ORH,MA,ANE,EN,Federal Contract Tower,2,0,4,0,6,0,0,0,0,0,2,0,4,0,6,0,0,0,6
02/17/2014,ORH,MA,ANE,EN,Federal Contract Tower,3,2,7,0,12,0,2,15,0,17,3,4,22,0,29,2,0,2,31
02/18/2014,ORH,MA,ANE,EN,Federal Contract Tower,1,1,5,0,7,0,0,0,0,0,1,1,5,0,7,0,0,0,7
02/19/2014,ORH,MA,ANE,EN,Federal Contract Tower,3,0,4,0,7,0,0,13,0,13,3,0,17,0,20,20,0,20,40
02/20/2014,ORH,MA,ANE,EN,Federal Contract Tower,3,5,7,2,17,0,3,31,0,34,3,8,38,2,51,42,4,46,97
02/21/2014,ORH,MA,ANE,EN,Federal Contract Tower,0,0,3,0,3,0,0,0,0,0,0,0,3,0,3,0,0,0,3
02/22/2014,ORH,MA,ANE,EN,Federal Contract Tower,3,4,15,2,24,0,3,57,0,60,3,7,72,2,84,40,2,42,126
02/23/2014,ORH,MA,ANE,EN,Federal Contract Tower,3,1,8,0,12,0,4,54,0,58,3,5,62,0,70,32,0,32,102
02/24/2014,ORH,MA,ANE,EN,Federal Contract Tower,3,5,10,0,18,0,5,46,1,52,3,10,56,1,70,32,0,32,102
02/25/2014,ORH,MA,ANE,EN,Federal Contract Tower,3,3,9,2,17,0,5,56,1,62,3,8,65,3,79,34,0,34,113
02/26/2014,ORH,MA,ANE,EN,Federal Contract Tower,3,3,4,2,12,0,2,41,0,43,3,5,45,2,55,14,0,14,69
02/27/2014,ORH,MA,ANE,EN,Federal Contract Tower,3,1,9,6,19,0,0,11,0,11,3,1,20,6,30,4,0,4,34
02/28/2014,ORH,MA,ANE,EN,Federal Contract Tower,3,1,5,2,11,0,2,49,2,53,3,3,54,4,64,0,6,6,70
03/01/2014,ORH,MA,ANE,EN,Federal Contract Tower,3,1,16,0,20,0,6,57,0,63,3,7,73,0,83,66,0,66,149
03/02/2014,ORH,MA,ANE,EN,Federal Contract Tower,3,0,12,0,15,0,3,41,2,46,3,3,53,2,61,30,0,30,91
03/03/2014,ORH,MA,ANE,EN,Federal Contract Tower,3,3,8,4,18,0,4,60,0,64,3,7,68,4,82,38,0,38,120
03/04/2014,ORH,MA,ANE,EN,Federal Contract Tower,3,1,18,0,22,0,2,46,0,48,3,3,64,0,70,46,0,46,116
03/05/2014,ORH,MA,ANE,EN,Federal Contract Tower,3,0,30,0,33,0,0,8,0,8,3,0,38,0,41,14,0,14,55
03/06/2014,ORH,MA,ANE,EN,Federal Contract Tower,3,2,11,4,20,0,3,34,0,37,3,5,45,4,57,60,4,64,121
03/07/2014,ORH,MA,ANE,EN,Federal Contract Tower,3,2,5,0,10,0,2,44,0,46,3,4,49,0,56,54,0,54,110
03/08/2014,ORH,MA,ANE,EN,Federal Contract Tower,3,2,20,0,25,0,2,69,0,71,3,4,89,0,96,54,0,54,150
03/09/2014,ORH,MA,ANE,EN,Federal Contract Tower,3,0,6,0,9,0,3,29,0,32,3,3,35,0,41,32,0,32,73
03/10/2014,ORH,MA,ANE,EN,Federal Contract Tower,3,0,10,0,13,0,0,36,2,38,3,0,46,2,51,36,0,36,87
03/11/2014,ORH,MA,ANE,EN,Federal Contract Tower,3,0,8,0,11,0,0,37,0,37,3,0,45,0,48,46,0,46,94
03/12/2014,ORH,MA,ANE,EN,Federal Contract Tower,3,1,5,0,9,0,0,12,0,12,3,1,17,0,21,0,0,0,21
03/13/2014,ORH,MA,ANE,EN,Federal Contract Tower,3,1,0,0,4,0,0,0,0,0,3,1,0,0,4,0,0,0,4
03/14/2014,ORH,MA,ANE,EN,Federal Contract Tower,2,0,9,2,13,0,2,36,0,38,2,2,45,2,51,24,0,24,75
03/15/2014,ORH,MA,ANE,EN,Federal Contract Tower,3,0,11,0,14,0,1,52,0,53,3,1,63,0,67,22,0,22,89
03/16/2014,ORH,MA,ANE,EN,Federal Contract Tower,2,4,2,0,8,0,3,32,0,35,2,7,34,0,43,0,0,0,43
03/17/2014,ORH,MA,ANE,EN,Federal Contract Tower,3,1,7,4,15,0,4,24,0,28,3,5,31,4,43,14,0,14,57
03/18/2014,ORH,MA,ANE,EN,Federal Contract Tower,3,2,17,0,22,0,0,53,3,56,3,2,70,3,78,26,12,38,116
03/19/2014,ORH,MA,ANE,EN,Federal Contract Tower,3,0,9,0,12,0,1,53,0,54,3,1,62,0,66,34,0,34,100
03/20/2014,ORH,MA,ANE,EN,Federal Contract Tower,3,13,12,2,30,0,0,33,0,33,3,13,45,2,63,14,0,14,77
03/21/2014,ORH,MA,ANE,EN,Federal Contract Tower,3,8,3,0,14,0,5,54,0,59,3,13,57,0,73,38,0,38,111
03/22/2014,ORH,MA,ANE,EN,Federal Contract Tower,3,2,1,0,6,0,0,58,0,58,3,2,59,0,64,18,0,18,82
03/23/2014,ORH,MA,ANE,EN,Federal Contract Tower,3,2,19,0,24,0,0,40,0,40,3,2,59,0,64,40,0,40,104
03/24/2014,ORH,MA,ANE,EN,Federal Contract Tower,3,0,17,0,20,0,4,17,0,21,3,4,34,0,41,16,0,16,57
03/25/2014,ORH,MA,ANE,EN,Federal Contract Tower,3,2,16,0,21,0,4,64,1,69,3,6,80,1,90,44,0,44,134
03/26/2014,ORH,MA,ANE,EN,Federal Contract Tower,3,0,1,0,4,0,0,5,0,5,3,0,6,0,9,0,0,0,9
03/27/2014,ORH,MA,ANE,EN,Federal Contract Tower,3,1,15,0,19,0,4,37,0,41,3,5,52,0,60,0,0,0,60
03/28/2014,ORH,MA,ANE,EN,Federal Contract Tower,3,0,5,0,8,0,0,41,0,41,3,0,46,0,49,8,0,8,57
03/29/2014,ORH,MA,ANE,EN,Federal Contract Tower,3,3,11,0,17,0,0,37,0,37,3,3,48,0,54,56,0,56,110
03/30/2014,ORH,MA,ANE,EN,Federal Contract Tower,3,1,0,0,4,0,0,0,0,0,3,1,0,0,4,0,0,0,4
03/31/2014,ORH,MA,ANE,EN,Federal Contract Tower,2,2,4,0,8,0,0,0,0,0,2,2,4,0,8,0,0,0,8
04/01/2014,ORH,MA,ANE,EN,Federal Contract Tower,3,5,9,0,17,0,2,70,0,72,3,7,79,0,89,46,0,46,135
04/02/2014,ORH,MA,ANE,EN,Federal Contract Tower,3,4,10,0,17,0,0,41,0,41,3,4,51,0,58,34,0,34,92
04/03/2014,ORH,MA,ANE,EN,Federal Contract Tower,3,2,6,0,11,0,0,51,0,51,3,2,57,0,62,22,10,32,94
04/04/2014,ORH,MA,ANE,EN,Federal Contract Tower,3,1,24,0,28,0,0,57,0,57,3,1,81,0,85,28,0,28,113
04/05/2014,ORH,MA,ANE,EN,Federal Contract Tower,3,0,3,0,6,0,1,10,1,12,3,1,13,1,18,0,0,0,18
04/06/2014,ORH,MA,ANE,EN,Federal Contract Tower,3,5,17,0,25,0,2,69,0,71,3,7,86,0,96,52,0,52,148
04/07/2014,ORH,MA,ANE,EN,Federal Contract Tower,3,0,1,0,4,0,5,49,0,54,3,5,50,0,58,38,0,38,96
04/08/2014,ORH,MA,ANE,EN,Federal Contract Tower,3,2,4,0,9,0,0,5,0,5,3,2,9,0,14,0,0,0,14
04/09/2014,ORH,MA,ANE,EN,Federal Contract Tower,3,0,20,2,25,0,1,49,0,50,3,1,69,2,75,50,18,68,143
04/10/2014,ORH,MA,ANE,EN,Federal Contract Tower,3,3,19,0,25,0,0,38,0,38,3,3,57,0,63,28,16,44,107
04/11/2014,ORH,MA,ANE,EN,Federal Contract Tower,3,4,3,2,12,0,1,56,0,57,3,5,59,2,69,40,2,42,111
04/12/2014,ORH,MA,ANE,EN,Federal Contract Tower,3,1,4,0,8,0,0,69,0,69,3,1,73,0,77,62,0,62,139
04/13/2014,ORH,MA,ANE,EN,Federal Contract Tower,3,3,4,0,10,0,4,50,0,54,3,7,54,0,64,28,0,28,92
04/14/2014,ORH,MA,ANE,EN,Federal Contract Tower,3,1,4,0,8,0,5,28,0,33,3,6,32,0,41,2,0,2,43
04/15/2014,ORH,MA,ANE,EN,Federal Contract Tower,3,0,3,0,6,0,0,0,0,0,3,0,3,0,6,0,0,0,6
04/16/2014,ORH,MA,ANE,EN,Federal Contract Tower,3,6,12,0,21,0,2,34,0,36,3,8,46,0,57,18,0,18,75
04/17/2014,ORH,MA,ANE,EN,Federal Contract Tower,3,2,16,0,21,0,1,58,0,59,3,3,74,0,80,60,0,60,140
04/18/2014,ORH,MA,ANE,EN,Federal Contract Tower,1,4,10,6,21,0,4,64,1,69,1,8,74,7,90,72,4,76,166
04/19/2014,ORH,MA,ANE,EN,Federal Contract Tower,3,2,15,0,20,0,0,74,0,74,3,2,89,0,94,72,0,72,166
04/20/2014,ORH,MA,ANE,EN,Federal Contract Tower,3,2,10,0,15,0,2,48,0,50,3,4,58,0,65,30,0,30,95
04/21/2014,ORH,MA,ANE,EN,Federal Contract Tower,3,3,14,0,20,0,3,68,5,76,3,6,82,5,96,54,0,54,150
04/22/2014,ORH,MA,ANE,EN,Federal Contract Tower,3,1,11,2,17,0,1,34,4,39,3,2,45,6,56,16,0,16,72
04/23/2014,ORH,MA,ANE,EN,Federal Contract Tower,3,4,6,4,17,0,0,2,0,2,3,4,8,4,19,0,0,0,19
04/24/2014,ORH,MA,ANE,EN,Federal Contract Tower,3,0,2,0,5,0,0,12,0,12,3,0,14,0,17,4,2,6,23
04/25/2014,ORH,MA,ANE,EN,Federal Contract Tower,3,7,10,0,20,0,6,68,0,74,3,13,78,0,94,78,0,78,172
04/26/2014,ORH,MA,ANE,EN,Federal Contract Tower,3,1,17,6,27,0,0,0,0,0,3,1,17,6,27,0,6,6,33
04/27/2014,ORH,MA,ANE,EN,Federal Contract Tower,3,5,9,0,17,0,0,12,0,12,3,5,21,0,29,0,0,0,29
04/28/2014,ORH,MA,ANE,EN,Federal Contract Tower,3,4,6,0,13,0,2,53,1,56,3,6,59,1,69,30,0,30,99
04/29/2014,ORH,MA,ANE,EN,Federal Contract Tower,3,0,8,0,11,0,0,6,0,6,3,0,14,0,17,0,0,0,17
04/30/2014,ORH,MA,ANE,EN,Federal Contract Tower,2,1,11,0,14,0,0,0,0,0,2,1,11,0,14,0,0,0,14
05/01/2014,ORH,MA,ANE,EN,Federal Contract Tower,3,1,12,0,16,0,0,0,0,0,3,1,12,0,16,0,0,0,16
05/02/2014,ORH,MA,ANE,EN,Federal Contract Tower,3,0,24,6,33,0,2,67,1,70,3,2,91,7,103,78,4,82,185
05/03/2014,ORH,MA,ANE,EN,Federal Contract Tower,3,4,3,0,10,0,2,68,0,70,3,6,71,0,80,98,4,102,182
05/04/2014,ORH,MA,ANE,EN,Federal Contract Tower,3,2,7,0,12,0,0,6,0,6,3,2,13,0,18,8,0,8,26
05/05/2014,ORH,MA,ANE,EN,Federal Contract Tower,3,3,11,0,17,0,1,27,0,28,3,4,38,0,45,6,0,6,51
05/06/2014,ORH,MA,ANE,EN,Federal Contract Tower,3,4,17,0,24,0,3,41,0,44,3,7,58,0,68,12,0,12,80
05/07/2014,ORH,MA,ANE,EN,Federal Contract Tower,3,5,19,2,29,0,0,50,0,50,3,5,69,2,79,24,0,24,103
05/08/2014,ORH,MA,ANE,EN,Federal Contract Tower,2,3,10,6,21,0,2,62,2,66,2,5,72,8,87,30,0,30,117
05/09/2014,ORH,MA,ANE,EN,Federal Contract Tower,1,0,9,0,10,0,0,0,0,0,1,0,9,0,10,6,0,6,16
05/10/2014,ORH,MA,ANE,EN,Federal Contract Tower,3,2,14,0,19,0,2,19,0,21,3,4,33,0,40,14,0,14,54
05/11/2014,ORH,MA,ANE,EN,Federal Contract Tower,3,2,3,0,8,0,3,32,0,35,3,5,35,0,43,0,0,0,43
05/12/2014,ORH,MA,ANE,EN,Federal Contract Tower,3,3,23,0,29,0,3,54,0,57,3,6,77,0,86,50,0,50,136
05/13/2014,ORH,MA,ANE,EN,Federal Contract Tower,3,2,24,0,29,0,5,49,0,54,3,7,73,0,83,20,8,28,111
05/14/2014,ORH,MA,ANE,EN,Federal Contract Tower,2,3,12,0,17,0,0,45,4,49,2,3,57,4,66,42,0,42,108
05/15/2014,ORH,MA,ANE,EN,Federal Contract Tower,3,2,26,2,33,0,0,21,0,21,3,2,47,2,54,0,0,0,54
05/16/2014,ORH,MA,ANE,EN,Federal Contract Tower,3,1,38,0,42,0,0,0,0,0,3,1,38,0,42,0,0,0,42
05/17/2014,ORH,MA,ANE,EN,Federal Contract Tower,2,2,13,2,19,0,0,63,0,63,2,2,76,2,82,58,2,60,142
05/18/2014,ORH,MA,ANE,EN,Federal Contract Tower,3,4,20,0,27,0,2,54,0,56,3,6,74,0,83,28,0,28,111
05/19/2014,ORH,MA,ANE,EN,Federal Contract Tower,2,0,7,0,9,0,0,42,1,43,2,0,49,1,52,16,0,16,68
05/20/2014,ORH,MA,ANE,EN,Federal Contract Tower,3,0,16,0,19,0,0,51,0,51,3,0,67,0,70,22,0,22,92
05/21/2014,ORH,MA,ANE,EN,Federal Contract Tower,3,5,24,0,32,0,0,66,0,66,3,5,90,0,98,40,0,40,138
05/22/2014,ORH,MA,ANE,EN,Federal Contract Tower,1,0,21,0,22,0,0,12,0,12,1,0,33,0,34,4,0,4,38
05/23/2014,ORH,MA,ANE,EN,Federal Contract Tower,4,5,17,2,28,0,0,0,0,0,4,5,17,2,28,0,0,0,28
05/24/2014,ORH,MA,ANE,EN,Federal Contract Tower,2,2,12,0,16,0,0,21,0,21,2,2,33,0,37,12,0,12,49
05/25/2014,ORH,MA,ANE,EN,Federal Contract Tower,3,0,5,0,8,0,2,13,0,15,3,2,18,0,23,0,0,0,23
05/26/2014,ORH,MA,ANE,EN,Federal Contract Tower,3,6,6,0,15,0,3,45,0,48,3,9,51,0,63,0,0,0,63
05/27/2014,ORH,MA,ANE,EN,Federal Contract Tower,3,11,6,2,22,0,2,36,0,38,3,13,42,2,60,2,2,4,64
05/28/2014,ORH,MA,ANE,EN,Federal Contract Tower,4,3,8,0,15,0,0,0,0,0,4,3,8,0,15,0,0,0,15
05/29/2014,ORH,MA,ANE,EN,Federal Contract Tower,2,2,24,4,32,0,0,73,4,77,2,2,97,8,109,62,16,78,187
05/30/2014,ORH,MA,ANE,EN,Federal Contract Tower,3,2,16,0,21,0,2,76,0,78,3,4,92,0,99,52,0,52,151
05/31/2014,ORH,MA,ANE,EN,Federal Contract Tower,3,6,21,2,32,0,0,34,0,34,3,6,55,2,66,18,0,18,84
06/01/2014,ORH,MA,ANE,EN,Federal Contract Tower,3,2,11,0,16,0,4,65,0,69,3,6,76,0,85,36,0,36,121
06/02/2014,ORH,MA,ANE,EN,Federal Contract Tower,3,0,22,8,33,0,0,63,0,63,3,0,85,8,96,22,0,22,118
06/03/2014,ORH,MA,ANE,EN,Federal Contract Tower,3,4,27,0,34,0,2,79,1,82,3,6,106,1,116,68,0,68,184
06/04/2014,ORH,MA,ANE,EN,Federal Contract Tower,3,0,20,2,25,0,0,4,0,4,3,0,24,2,29,0,0,0,29
06/05/2014,ORH,MA,ANE,EN,Federal Contract Tower,3,3,14,0,20,0,0,0,0,0,3,3,14,0,20,0,0,0,20
06/06/2014,ORH,MA,ANE,EN,Federal Contract Tower,3,2,31,2,38,0,2,47,0,49,3,4,78,2,87,34,0,34,121
06/07/2014,ORH,MA,ANE,EN,Federal Contract Tower,3,5,19,0,27,0,3,87,1,91,3,8,106,1,118,58,0,58,176
06/08/2014,ORH,MA,ANE,EN,Federal Contract Tower,3,0,18,2,23,0,2,65,0,67,3,2,83,2,90,36,2,38,128
06/09/2014,ORH,MA,ANE,EN,Federal Contract Tower,3,2,18,6,29,0,0,46,13,59,3,2,64,19,88,42,0,42,130
06/10/2014,ORH,MA,ANE,EN,Federal Contract Tower,2,2,10,6,20,0,0,11,0,11,2,2,21,6,31,0,0,0,31
06/11/2014,ORH,MA,ANE,EN,Federal Contract Tower,3,4,3,0,10,0,0,11,12,23,3,4,14,12,33,0,0,0,33
06/12/2014,ORH,MA,ANE,EN,Federal Contract Tower,3,0,31,7,41,0,0,1,0,1,3,0,32,7,42,0,0,0,42
06/13/2014,ORH,MA,ANE,EN,Federal Contract Tower,7,0,6,0,13,0,0,0,0,0,7,0,6,0,13,0,0,0,13
06/14/2014,ORH,MA,ANE,EN,Federal Contract Tower,2,6,14,0,22,0,0,41,0,41,2,6,55,0,63,12,0,12,75
06/15/2014,ORH,MA,ANE,EN,Federal Contract Tower,3,0,17,0,20,0,0,47,2,49,3,0,64,2,69,40,0,40,109
06/16/2014,ORH,MA,ANE,EN,Federal Contract Tower,3,0,9,0,12,0,4,75,0,79,3,4,84,0,91,92,0,92,183
06/17/2014,ORH,MA,ANE,EN,Federal Contract Tower,3,11,11,2,27,0,0,43,4,47,3,11,54,6,74,52,0,52,126
06/18/2014,ORH,MA,ANE,EN,Federal Contract Tower,3,7,11,0,21,0,0,25,0,25,3,7,36,0,46,10,0,10,56
06/19/2014,ORH,MA,ANE,EN,Federal Contract Tower,3,2,22,0,27,0,1,47,0,48,3,3,69,0,75,18,0,18,93
06/20/2014,ORH,MA,ANE,EN,Federal Contract Tower,1,1,2,0,4,0,5,60,1,66,1,6,62,1,70,20,0,20,90
06/21/2014,ORH,MA,ANE,EN,Federal Contract Tower,3,3,7,0,13,0,5,65,0,70,3,8,72,0,83,72,0,72,155
06/22/2014,ORH,MA,ANE,EN,Federal Contract Tower,3,2,3,0,8,0,1,51,0,52,3,3,54,0,60,0,0,0,60
06/23/2014,ORH,MA,ANE,EN,Federal Contract Tower,3,0,9,0,12,0,2,58,0,60,3,2,67,0,72,44,0,44,116
06/24/2014,ORH,MA,ANE,EN,Federal Contract Tower,3,3,10,0,16,0,0,54,0,54,3,3,64,0,70,14,0,14,84
06/25/2014,ORH,MA,ANE,EN,Federal Contract Tower,3,2,16,2,23,0,0,22,0,22,3,2,38,2,45,12,0,12,57
06/26/2014,ORH,MA,ANE,EN,Federal Contract Tower,3,0,4,0,7,0,0,10,0,10,3,0,14,0,17,0,0,0,17
06/27/2014,ORH,MA,ANE,EN,Federal Contract Tower,2,5,12,0,19,0,2,71,0,73,2,7,83,0,92,56,0,56,148
06/28/2014,ORH,MA,ANE,EN,Federal Contract Tower,3,0,11,0,14,0,0,60,0,60,3,0,71,0,74,36,0,36,110
06/29/2014,ORH,MA,ANE,EN,Federal Contract Tower,3,1,14,0,18,0,5,46,0,51,3,6,60,0,69,32,0,32,101
06/30/2014,ORH,MA,ANE,EN,Federal Contract Tower,3,0,14,2,19,0,0,51,0,51,3,0,65,2,70,22,0,22,92
07/01/2014,ORH,MA,ANE,EN,Federal Contract Tower,3,0,21,0,24,0,1,67,0,68,3,1,88,0,92,18,0,18,110
07/02/2014,ORH,MA,ANE,EN,Federal Contract Tower,3,0,22,0,25,0,6,39,1,46,3,6,61,1,71,16,14,30,101
07/03/2014,ORH,MA,ANE,EN,Federal Contract Tower,3,1,13,0,17,0,0,9,0,9,3,1,22,0,26,8,0,8,34
07/04/2014,ORH,MA,ANE,EN,Federal Contract Tower,2,1,3,0,6,0,0,0,0,0,2,1,3,0,6,0,0,0,6
07/05/2014,ORH,MA,ANE,EN,Federal Contract Tower,3,2,6,0,11,0,5,52,0,57,3,7,58,0,68,20,0,20,88
07/06/2014,ORH,MA,ANE,EN,Federal Contract Tower,3,2,6,0,11,0,7,52,0,59,3,9,58,0,70,20,0,20,90
07/07/2014,ORH,MA,ANE,EN,Federal Contract Tower,3,3,1,2,9,0,0,37,4,41,3,3,38,6,50,4,2,6,56
07/08/2014,ORH,MA,ANE,EN,Federal Contract Tower,3,2,7,6,18,0,2,40,18,60,3,4,47,24,78,24,0,24,102
07/09/2014,ORH,MA,ANE,EN,Federal Contract Tower,3,3,12,2,20,0,0,44,0,44,3,3,56,2,64,14,0,14,78
07/10/2014,ORH,MA,ANE,EN,Federal Contract Tower,3,2,12,2,19,0,2,65,1,68,3,4,77,3,87,0,0,0,87
07/11/2014,ORH,MA,ANE,EN,Federal Contract Tower,3,0,27,0,30,0,0,74,0,74,3,0,101,0,104,50,0,50,154
07/12/2014,ORH,MA,ANE,EN,Federal Contract Tower,3,0,12,0,15,0,1,65,0,66,3,1,77,0,81,20,0,20,101
07/13/2014,ORH,MA,ANE,EN,Federal Contract Tower,3,0,1,2,6,0,0,30,0,30,3,0,31,2,36,6,0,6,42
07/14/2014,ORH,MA,ANE,EN,Federal Contract Tower,3,1,11,0,15,0,0,17,0,17,3,1,28,0,32,12,0,12,44
07/15/2014,ORH,MA,ANE,EN,Federal Contract Tower,3,2,8,0,13,0,0,5,1,6,3,2,13,1,19,0,2,2,21
07/16/2014,ORH,MA,ANE,EN,Federal Contract Tower,2,1,8,0,11,0,0,19,0,19,2,1,27,0,30,0,0,0,30
07/17/2014,ORH,MA,ANE,EN,Federal Contract Tower,2,2,15,11,30,0,0,69,1,70,2,2,84,12,100,22,14,36,136
07/18/2014,ORH,MA,ANE,EN,Federal Contract Tower,3,0,8,8,19,0,0,65,0,65,3,0,73,8,84,82,8,90,174
07/19/2014,ORH,MA,ANE,EN,Federal Contract Tower,3,1,15,0,19,0,0,60,0,60,3,1,75,0,79,32,0,32,111
07/20/2014,ORH,MA,ANE,EN,Federal Contract Tower,3,1,8,4,16,0,2,49,2,53,3,3,57,6,69,52,0,52,121
07/21/2014,ORH,MA,ANE,EN,Federal Contract Tower,6,2,7,0,15,0,2,52,0,54,6,4,59,0,69,54,0,54,123
07/22/2014,ORH,MA,ANE,EN,Federal Contract Tower,3,5,7,0,15,0,0,51,0,51,3,5,58,0,66,34,12,46,112
07/23/2014,ORH,MA,ANE,EN,Federal Contract Tower,3,5,3,0,11,0,1,40,0,41,3,6,43,0,52,10,0,10,62
07/24/2014,ORH,MA,ANE,EN,Federal Contract Tower,3,6,19,9,37,0,1,62,2,65,3,7,81,11,102,42,0,42,144
07/25/2014,ORH,MA,ANE,EN,Federal Contract Tower,3,1,13,0,17,0,1,66,0,67,3,2,79,0,84,56,0,56,140
07/26/2014,ORH,MA,ANE,EN,Federal Contract Tower,2,0,30,0,32,0,1,75,0,76,2,1,105,0,108,72,0,72,180
07/27/2014,ORH,MA,ANE,EN,Federal Contract Tower,3,0,8,0,11,0,0,7,0,7,3,0,15,0,18,2,0,2,20
07/28/2014,ORH,MA,ANE,EN,Federal Contract Tower,3,0,9,2,14,0,0,10,0,10,3,0,19,2,24,0,2,2,26
07/29/2014,ORH,MA,ANE,EN,Federal Contract Tower,3,0,15,0,18,0,2,48,2,52,3,2,63,2,70,28,2,30,100
07/30/2014,ORH,MA,ANE,EN,Federal Contract Tower,3,0,33,0,36,0,2,75,0,77,3,2,108,0,113,36,0,36,149
07/31/2014,ORH,MA,ANE,EN,Federal Contract Tower,3,1,19,0,23,0,0,62,0,62,3,1,81,0,85,32,0,32,117
08/01/2014,ORH,MA,ANE,EN,Federal Contract Tower,3,0,10,0,13,0,1,51,0,52,3,1,61,0,65,24,0,24,89
08/02/2014,ORH,MA,ANE,EN,Federal Contract Tower,3,1,17,0,21,0,1,40,0,41,3,2,57,0,62,14,0,14,76
08/03/2014,ORH,MA,ANE,EN,Federal Contract Tower,3,0,8,0,11,0,1,56,0,57,3,1,64,0,68,44,0,44,112
08/04/2014,ORH,MA,ANE,EN,Federal Contract Tower,3,7,9,4,23,0,3,50,0,53,3,10,59,4,76,28,4,32,108
08/05/2014,ORH,MA,ANE,EN,Federal Contract Tower,3,6,13,16,38,0,0,57,5,62,3,6,70,21,100,26,2,28,128
08/06/2014,ORH,MA,ANE,EN,Federal Contract Tower,3,2,18,6,29,0,2,52,1,55,3,4,70,7,84,16,0,16,100
08/07/2014,ORH,MA,ANE,EN,Federal Contract Tower,3,0,17,0,20,0,0,46,1,47,3,0,63,1,67,0,0,0,67
08/08/2014,ORH,MA,ANE,EN,Federal Contract Tower,3,2,14,0,19,0,0,75,0,75,3,2,89,0,94,74,0,74,168
08/09/2014,ORH,MA,ANE,EN,Federal Contract Tower,3,0,1,0,4,0,0,76,0,76,3,0,77,0,80,54,0,54,134
08/10/2014,ORH,MA,ANE,EN,Federal Contract Tower,3,2,18,0,23,0,1,68,0,69,3,3,86,0,92,62,0,62,154
08/11/2014,ORH,MA,ANE,EN,Federal Contract Tower,3,1,16,0,20,0,2,62,2,66,3,3,78,2,86,38,0,38,124
08/12/2014,ORH,MA,ANE,EN,Federal Contract Tower,3,1,21,0,25,0,2,52,0,54,3,3,73,0,79,28,0,28,107
08/13/2014,ORH,MA,ANE,EN,Federal Contract Tower,3,0,6,0,9,0,0,0,0,0,3,0,6,0,9,0,0,0,9
08/14/2014,ORH,MA,ANE,EN,Federal Contract Tower,3,2,28,4,37,0,0,66,2,68,3,2,94,6,105,38,0,38,143
08/15/2014,ORH,MA,ANE,EN,Federal Contract Tower,3,2,16,4,25,0,1,75,0,76,3,3,91,4,101,56,4,60,161
08/16/2014,ORH,MA,ANE,EN,Federal Contract Tower,3,1,6,0,10,0,2,67,0,69,3,3,73,0,79,66,0,66,145
08/17/2014,ORH,MA,ANE,EN,Federal Contract Tower,3,0,5,0,8,0,5,69,0,74,3,5,74,0,82,26,0,26,108
08/18/2014,ORH,MA,ANE,EN,Federal Contract Tower,3,2,5,2,12,0,5,55,2,62,3,7,60,4,74,30,2,32,106
08/19/2014,ORH,MA,ANE,EN,Federal Contract Tower,3,3,15,9,30,0,0,72,0,72,3,3,87,9,102,26,24,50,152
08/20/2014,ORH,MA,ANE,EN,Federal Contract Tower,3,5,37,0,45,0,0,83,21,104,3,5,120,21,149,56,0,56,205
08/21/2014,ORH,MA,ANE,EN,Federal Contract Tower,3,4,17,0,24,0,0,51,0,51,3,4,68,0,75,28,0,28,103
08/22/2014,ORH,MA,ANE,EN,Federal Contract Tower,1,0,11,0,12,0,0,6,0,6,1,0,17,0,18,12,0,12,30
08/23/2014,ORH,MA,ANE,EN,Federal Contract Tower,3,0,0,14,17,0,4,47,0,51,3,4,47,14,68,34,0,34,102
08/24/2014,ORH,MA,ANE,EN,Federal Contract Tower,3,1,4,0,8,0,0,75,0,75,3,1,79,0,83,54,0,54,137
08/25/2014,ORH,MA,ANE,EN,Federal Contract Tower,3,0,14,0,17,0,2,88,0,90,3,2,102,0,107,24,0,24,131
08/26/2014,ORH,MA,ANE,EN,Federal Contract Tower,3,4,12,0,19,0,0,74,0,74,3,4,86,0,93,26,0,26,119
08/27/2014,ORH,MA,ANE,EN,Federal Contract Tower,3,6,17,4,30,0,0,62,2,64,3,6,79,6,94,20,2,22,116
08/28/2014,ORH,MA,ANE,EN,Federal Contract Tower,3,0,14,2,19,0,0,60,4,64,3,0,74,6,83,40,0,40,123
08/29/2014,ORH,MA,ANE,EN,Federal Contract Tower,3,4,12,0,19,0,3,58,0,61,3,7,70,0,80,54,0,54,134
08/30/2014,ORH,MA,ANE,EN,Federal Contract Tower,3,3,11,0,17,1,0,61,0,62,4,3,72,0,79,50,0,50,129
08/31/2014,ORH,MA,ANE,EN,Federal Contract Tower,3,6,6,0,15,0,1,5,0,6,3,7,11,0,21,0,0,0,21
09/01/2014,ORH,MA,ANE,EN,Federal Contract Tower,3,1,8,0,12,0,0,47,0,47,3,1,55,0,59,38,0,38,97
09/02/2014,ORH,MA,ANE,EN,Federal Contract Tower,3,4,6,0,13,0,0,7,0,7,3,4,13,0,20,12,0,12,32
09/03/2014,ORH,MA,ANE,EN,Federal Contract Tower,3,7,13,0,23,0,4,57,0,61,3,11,70,0,84,98,0,98,182
09/04/2014,ORH,MA,ANE,EN,Federal Contract Tower,3,7,12,0,22,0,5,59,1,65,3,12,71,1,87,74,14,88,175
09/05/2014,ORH,MA,ANE,EN,Federal Contract Tower,3,3,25,0,31,0,2,45,0,47,3,5,70,0,78,40,0,40,118
09/06/2014,ORH,MA,ANE,EN,Federal Contract Tower,3,1,27,0,31,0,2,63,0,65,3,3,90,0,96,50,0,50,146
09/07/2014,ORH,MA,ANE,EN,Federal Contract Tower,3,2,13,0,18,0,0,68,0,68,3,2,81,0,86,46,0,46,132
09/08/2014,ORH,MA,ANE,EN,Federal Contract Tower,3,0,9,0,12,0,0,41,0,41,3,0,50,0,53,16,0,16,69
09/09/2014,ORH,MA,ANE,EN,Federal Contract Tower,3,0,12,0,15,0,0,44,0,44,3,0,56,0,59,22,0,22,81
09/10/2014,ORH,MA,ANE,EN,Federal Contract Tower,3,0,33,0,36,0,2,29,0,31,3,2,62,0,67,0,0,0,67
09/11/2014,ORH,MA,ANE,EN,Federal Contract Tower,1,0,11,2,14,0,0,26,2,28,1,0,37,4,42,6,12,18,60
09/12/2014,ORH,MA,ANE,EN,Federal Contract Tower,4,3,25,0,32,0,2,70,0,72,4,5,95,0,104,62,0,62,166
09/13/2014,ORH,MA,ANE,EN,Federal Contract Tower,3,4,17,0,24,0,0,21,0,21,3,4,38,0,45,4,0,4,49
09/14/2014,ORH,MA,ANE,EN,Federal Contract Tower,3,2,15,0,20,0,0,37,0,37,3,2,52,0,57,28,0,28,85
09/15/2014,ORH,MA,ANE,EN,Federal Contract Tower,3,0,7,0,10,0,0,28,0,28,3,0,35,0,38,12,0,12,50
09/16/2014,ORH,MA,ANE,EN,Federal Contract Tower,3,3,9,1,16,0,0,46,0,46,3,3,55,1,62,4,0,4,66
09/17/2014,ORH,MA,ANE,EN,Federal Contract Tower,3,1,8,2,14,0,0,58,0,58,3,1,66,2,72,26,0,26,98
09/18/2014,ORH,MA,ANE,EN,Federal Contract Tower,2,1,19,0,22,0,0,68,0,68,2,1,87,0,90,16,0,16,106
09/19/2014,ORH,MA,ANE,EN,Federal Contract Tower,3,2,23,0,28,0,0,68,0,68,3,2,91,0,96,52,0,52,148
09/20/2014,ORH,MA,ANE,EN,Federal Contract Tower,3,0,5,0,8,0,0,61,0,61,3,0,66,0,69,54,0,54,123
09/21/2014,ORH,MA,ANE,EN,Federal Contract Tower,3,0,12,0,15,0,0,22,0,22,3,0,34,0,37,8,0,8,45
09/22/2014,ORH,MA,ANE,EN,Federal Contract Tower,2,0,12,3,17,0,2,59,0,61,2,2,71,3,78,50,2,52,130
09/23/2014,ORH,MA,ANE,EN,Federal Contract Tower,3,3,7,0,13,0,0,58,0,58,3,3,65,0,71,24,0,24,95
09/24/2014,ORH,MA,ANE,EN,Federal Contract Tower,2,0,32,0,34,0,0,72,0,72,2,0,104,0,106,34,0,34,140
09/25/2014,ORH,MA,ANE,EN,Federal Contract Tower,3,2,17,0,22,0,0,36,0,36,3,2,53,0,58,0,0,0,58
09/26/2014,ORH,MA,ANE,EN,Federal Contract Tower,3,2,18,0,23,0,0,66,0,66,3,2,84,0,89,28,0,28,117
09/27/2014,ORH,MA,ANE,EN,Federal Contract Tower,3,3,12,0,18,0,0,69,0,69,3,3,81,0,87,74,0,74,161
09/28/2014,ORH,MA,ANE,EN,Federal Contract Tower,3,1,10,1,15,0,1,63,0,64,3,2,73,1,79,70,0,70,149
09/29/2014,ORH,MA,ANE,EN,Federal Contract Tower,3,1,10,0,14,0,1,56,0,57,3,2,66,0,71,36,0,36,107
09/30/2014,ORH,MA,ANE,EN,Federal Contract Tower,2,6,2,1,11,0,0,0,0,0,2,6,2,1,11,0,0,0,11
10/01/2014,ORH,MA,ANE,EN,Federal Contract Tower,3,0,5,0,8,0,0,0,0,0,3,0,5,0,8,0,0,0,8
10/02/2014,ORH,MA,ANE,EN,Federal Contract Tower,3,2,29,12,46,0,0,1,0,1,3,2,30,12,47,8,6,14,61
10/03/2014,ORH,MA,ANE,EN,Federal Contract Tower,3,1,22,1,27,0,0,58,0,58,3,1,80,1,85,60,0,60,145
10/04/2014,ORH,MA,ANE,EN,Federal Contract Tower,2,0,14,0,16,0,0,0,0,0,2,0,14,0,16,0,0,0,16
10/05/2014,ORH,MA,ANE,EN,Federal Contract Tower,3,0,10,0,13,0,2,74,0,76,3,2,84,0,89,60,0,60,149
10/06/2014,ORH,MA,ANE,EN,Federal Contract Tower,2,2,8,0,12,0,0,64,0,64,2,2,72,0,76,40,0,40,116
10/07/2014,ORH,MA,ANE,EN,Federal Contract Tower,3,1,10,1,15,0,1,47,6,54,3,2,57,7,69,28,0,28,97
10/08/2014,ORH,MA,ANE,EN,Federal Contract Tower,3,2,14,12,31,0,0,51,2,53,3,2,65,14,84,12,0,12,96
10/09/2014,ORH,MA,ANE,EN,Federal Contract Tower,3,0,16,2,21,0,2,52,0,54,3,2,68,2,75,50,0,50,125
10/10/2014,ORH,MA,ANE,EN,Federal Contract Tower,3,4,13,0,20,0,0,62,0,62,3,4,75,0,82,50,0,50,132
10/11/2014,ORH,MA,ANE,EN,Federal Contract Tower,3,0,6,0,9,0,0,40,0,40,3,0,46,0,49,20,0,20,69
10/12/2014,ORH,MA,ANE,EN,Federal Contract Tower,3,1,5,0,9,0,0,80,0,80,3,1,85,0,89,56,0,56,145
10/13/2014,ORH,MA,ANE,EN,Federal Contract Tower,3,1,15,0,19,0,5,57,0,62,3,6,72,0,81,54,0,54,135
10/14/2014,ORH,MA,ANE,EN,Federal Contract Tower,3,0,10,0,13,0,1,48,0,49,3,1,58,0,62,32,0,32,94
10/15/2014,ORH,MA,ANE,EN,Federal Contract Tower,3,2,12,0,17,0,0,29,0,29,3,2,41,0,46,12,8,20,66
10/16/2014,ORH,MA,ANE,EN,Federal Contract Tower,3,1,5,0,9,0,0,0,0,0,3,1,5,0,9,0,0,0,9
10/17/2014,ORH,MA,ANE,EN,Federal Contract Tower,3,0,10,0,13,0,0,44,0,44,3,0,54,0,57,32,0,32,89
10/18/2014,ORH,MA,ANE,EN,Federal Contract Tower,3,1,13,0,17,0,0,42,0,42,3,1,55,0,59,32,0,32,91
10/19/2014,ORH,MA,ANE,EN,Federal Contract Tower,3,1,15,0,19,0,0,55,0,55,3,1,70,0,74,54,0,54,128
10/20/2014,ORH,MA,ANE,EN,Federal Contract Tower,3,0,3,8,14,86,2,0,0,88,89,2,3,8,102,66,0,66,168
10/21/2014,ORH,MA,ANE,EN,Federal Contract Tower,3,1,3,1,8,0,0,38,0,38,3,1,41,1,46,16,8,24,70
10/22/2014,ORH,MA,ANE,EN,Federal Contract Tower,3,2,4,4,13,0,0,0,0,0,3,2,4,4,13,0,0,0,13
10/23/2014,ORH,MA,ANE,EN,Federal Contract Tower,3,0,6,0,9,0,0,0,0,0,3,0,6,0,9,0,0,0,9
10/24/2014,ORH,MA,ANE,EN,Federal Contract Tower,3,3,8,0,14,0,2,11,0,13,3,5,19,0,27,18,0,18,45
10/25/2014,ORH,MA,ANE,EN,Federal Contract Tower,3,0,17,0,20,0,0,80,0,80,3,0,97,0,100,70,0,70,170
10/26/2014,ORH,MA,ANE,EN,Federal Contract Tower,4,2,8,0,14,0,4,53,0,57,4,6,61,0,71,38,0,38,109
10/27/2014,ORH,MA,ANE,EN,Federal Contract Tower,5,5,6,0,16,0,1,77,0,78,5,6,83,0,94,54,0,54,148
10/28/2014,ORH,MA,ANE,EN,Federal Contract Tower,4,5,15,1,25,0,0,66,0,66,4,5,81,1,91,24,24,48,139
10/29/2014,ORH,MA,ANE,EN,Federal Contract Tower,3,0,17,0,20,0,0,24,0,24,3,0,41,0,44,4,0,4,48
10/30/2014,ORH,MA,ANE,EN,Federal Contract Tower,4,4,5,0,13,0,0,65,0,65,4,4,70,0,78,44,2,46,124
10/31/2014,ORH,MA,ANE,EN,Federal Contract Tower,4,1,9,0,14,0,0,53,0,53,4,1,62,0,67,68,0,68,135
11/01/2014,ORH,MA,ANE,EN,Federal Contract Tower,4,0,0,0,4,0,0,12,0,12,4,0,12,0,16,8,0,8,24
11/02/2014,ORH,MA,ANE,EN,Federal Contract Tower,4,4,1,0,9,0,0,4,0,4,4,4,5,0,13,0,0,0,13
11/03/2014,ORH,MA,ANE,EN,Federal Contract Tower,4,3,6,0,13,0,6,63,0,69,4,9,69,0,82,54,0,54,136
11/04/2014,ORH,MA,ANE,EN,Federal Contract Tower,4,2,8,1,15,0,0,53,0,53,4,2,61,1,68,26,0,26,94
11/05/2014,ORH,MA,ANE,EN,Federal Contract Tower,4,2,10,2,18,0,2,57,0,59,4,4,67,2,77,34,2,36,113
11/06/2014,ORH,MA,ANE,EN,Federal Contract Tower,4,5,22,4,35,0,0,15,0,15,4,5,37,4,50,6,0,6,56
11/07/2014,ORH,MA,ANE,EN,Federal Contract Tower,4,2,22,0,28,0,2,63,0,65,4,4,85,0,93,52,0,52,145
11/08/2014,ORH,MA,ANE,EN,Federal Contract Tower,4,2,19,0,25,0,0,71,0,71,4,2,90,0,96,94,0,94,190
11/09/2014,ORH,MA,ANE,EN,Federal Contract Tower,4,0,10,0,14,0,5,74,0,79,4,5,84,0,93,56,0,56,149
11/10/2014,ORH,MA,ANE,EN,Federal Contract Tower,10,4,6,0,20,0,0,64,0,64,10,4,70,0,84,52,0,52,136
11/11/2014,ORH,MA,ANE,EN,Federal Contract Tower,4,0,21,0,25,0,0,65,0,65,4,0,86,0,90,48,0,48,138
11/12/2014,ORH,MA,ANE,EN,Federal Contract Tower,4,3,19,10,36,0,0,56,0,56,4,3,75,10,92,42,0,42,134
11/13/2014,ORH,MA,ANE,EN,Federal Contract Tower,4,1,2,0,7,0,0,54,0,54,4,1,56,0,61,20,4,24,85
11/14/2014,ORH,MA,ANE,EN,Federal Contract Tower,4,0,9,0,13,0,2,79,2,83,4,2,88,2,96,66,0,66,162
11/15/2014,ORH,MA,ANE,EN,Federal Contract Tower,4,3,20,0,27,0,0,86,0,86,4,3,106,0,113,84,0,84,197
11/16/2014,ORH,MA,ANE,EN,Federal Contract Tower,3,5,11,0,19,0,1,66,0,67,3,6,77,0,86,34,0,34,120
11/17/2014,ORH,MA,ANE,EN,Federal Contract Tower,3,1,4,0,8,0,0,0,0,0,3,1,4,0,8,0,0,0,8
11/18/2014,ORH,MA,ANE,EN,Federal Contract Tower,4,0,6,0,10,0,0,52,0,52,4,0,58,0,62,16,0,16,78
11/19/2014,ORH,MA,ANE,EN,Federal Contract Tower,4,4,20,2,30,0,0,63,0,63,4,4,83,2,93,38,0,38,131
11/20/2014,ORH,MA,ANE,EN,Federal Contract Tower,6,8,7,4,25,0,0,52,6,58,6,8,59,10,83,8,2,10,93
11/21/2014,ORH,MA,ANE,EN,Federal Contract Tower,4,2,15,2,23,0,0,66,8,74,4,2,81,10,97,44,0,44,141
11/22/2014,ORH,MA,ANE,EN,Federal Contract Tower,4,0,25,0,29,0,0,78,0,78,4,0,103,0,107,64,0,64,171
11/23/2014,ORH,MA,ANE,EN,Federal Contract Tower,4,1,14,0,19,0,2,74,0,76,4,3,88,0,95,68,0,68,163
11/24/2014,ORH,MA,ANE,EN,Federal Contract Tower,4,2,1,0,7,0,0,6,0,6,4,2,7,0,13,0,0,0,13
11/25/2014,ORH,MA,ANE,EN,Federal Contract Tower,4,7,6,0,17,0,0,56,6,62,4,7,62,6,79,24,10,34,113
11/26/2014,ORH,MA,ANE,EN,Federal Contract Tower,2,1,1,0,4,0,0,0,0,0,2,1,1,0,4,0,0,0,4
11/27/2014,ORH,MA,ANE,EN,Federal Contract Tower,4,4,0,0,8,0,3,34,0,37,4,7,34,0,45,0,0,0,45
11/28/2014,ORH,MA,ANE,EN,Federal Contract Tower,4,4,8,0,16,0,0,49,0,49,4,4,57,0,65,36,0,36,101
11/29/2014,ORH,MA,ANE,EN,Federal Contract Tower,4,4,7,0,15,0,0,85,0,85,4,4,92,0,100,68,0,68,168
11/30/2014,ORH,MA,ANE,EN,Federal Contract Tower,4,6,12,0,22,0,2,64,0,66,4,8,76,0,88,58,0,58,146
12/01/2014,ORH,MA,ANE,EN,Federal Contract Tower,4,1,12,0,17,0,2,82,0,84,4,3,94,0,101,64,0,64,165
12/02/2014,ORH,MA,ANE,EN,Federal Contract Tower,4,1,4,1,10,0,0,44,0,44,4,1,48,1,54,28,0,28,82
12/03/2014,ORH,MA,ANE,EN,Federal Contract Tower,8,0,7,0,15,0,0,0,0,0,8,0,7,0,15,0,0,0,15
12/04/2014,ORH,MA,ANE,EN,Federal Contract Tower,4,0,14,0,18,0,0,69,0,69,4,0,83,0,87,50,0,50,137
12/05/2014,ORH,MA,ANE,EN,Federal Contract Tower,4,3,15,0,22,0,0,86,0,86,4,3,101,0,108,82,0,82,190
12/06/2014,ORH,MA,ANE,EN,Federal Contract Tower,4,0,7,0,11,0,0,16,0,16,4,0,23,0,27,16,0,16,43
12/07/2014,ORH,MA,ANE,EN,Federal Contract Tower,4,2,9,0,15,0,2,54,0,56,4,4,63,0,71,36,0,36,107
12/08/2014,ORH,MA,ANE,EN,Federal Contract Tower,4,6,7,0,17,0,0,4,0,4,4,6,11,0,21,14,0,14,35
12/09/2014,ORH,MA,ANE,EN,Federal Contract Tower,4,2,1,0,7,0,0,0,0,0,4,2,1,0,7,0,0,0,7
12/10/2014,ORH,MA,ANE,EN,Federal Contract Tower,4,4,6,0,14,0,0,0,0,0,4,4,6,0,14,0,0,0,14
12/11/2014,ORH,MA,ANE,EN,Federal Contract Tower,4,2,16,1,23,0,0,0,0,0,4,2,16,1,23,0,0,0,23
12/12/2014,ORH,MA,ANE,EN,Federal Contract Tower,4,7,20,0,31,0,0,59,0,59,4,7,79,0,90,68,0,68,158
12/13/2014,ORH,MA,ANE,EN,Federal Contract Tower,4,2,16,2,24,0,0,76,0,76,4,2,92,2,100,62,14,76,176
12/14/2014,ORH,MA,ANE,EN,Federal Contract Tower,4,7,9,0,20,0,1,54,0,55,4,8,63,0,75,48,0,48,123
12/15/2014,ORH,MA,ANE,EN,Federal Contract Tower,4,0,9,0,13,0,0,75,1,76,4,0,84,1,89,54,0,54,143
12/16/2014,ORH,MA,ANE,EN,Federal Contract Tower,4,7,10,0,21,0,0,2,0,2,4,7,12,0,23,0,0,0,23
12/17/2014,ORH,MA,ANE,EN,Federal Contract Tower,4,2,6,0,12,0,0,12,0,12,4,2,18,0,24,0,0,0,24
12/18/2014,ORH,MA,ANE,EN,Federal Contract Tower,4,1,13,0,18,0,0,60,0,60,4,1,73,0,78,34,8,42,120
12/19/2014,ORH,MA,ANE,EN,Federal Contract Tower,4,2,13,0,19,0,0,65,0,65,4,2,78,0,84,62,0,62,146
12/20/2014,ORH,MA,ANE,EN,Federal Contract Tower,4,0,9,0,13,0,0,62,0,62,4,0,71,0,75,44,0,44,119
12/21/2014,ORH,MA,ANE,EN,Federal Contract Tower,4,4,5,0,13,0,0,0,0,0,4,4,5,0,13,0,0,0,13
12/22/2014,ORH,MA,ANE,EN,Federal Contract Tower,4,6,5,0,15,0,0,22,0,22,4,6,27,0,37,2,18,20,57
12/23/2014,ORH,MA,ANE,EN,Federal Contract Tower,0,1,2,0,3,0,0,0,0,0,0,1,2,0,3,0,0,0,3
12/24/2014,ORH,MA,ANE,EN,Federal Contract Tower,2,0,2,0,4,0,0,0,0,0,2,0,2,0,4,0,0,0,4
12/25/2014,ORH,MA,ANE,EN,Federal Contract Tower,4,0,0,0,4,0,0,24,0,24,4,0,24,0,28,10,0,10,38
12/26/2014,ORH,MA,ANE,EN,Federal Contract Tower,4,1,8,4,17,0,0,64,4,68,4,1,72,8,85,64,0,64,149
12/27/2014,ORH,MA,ANE,EN,Federal Contract Tower,4,10,20,0,34,0,0,82,0,82,4,10,102,0,116,72,0,72,188
12/28/2014,ORH,MA,ANE,EN,Federal Contract Tower,4,0,5,0,9,0,0,31,0,31,4,0,36,0,40,26,0,26,66
12/29/2014,ORH,MA,ANE,EN,Federal Contract Tower,4,0,8,0,12,0,0,64,1,65,4,0,72,1,77,48,0,48,125
12/30/2014,ORH,MA,ANE,EN,Federal Contract Tower,4,0,2,2,8,0,0,65,0,65,4,0,67,2,73,50,0,50,123
12/31/2014,ORH,MA,ANE,EN,Federal Contract Tower,4,1,4,0,9,0,1,41,0,42,4,2,45,0,51,18,0,18,69
01/01/2015,ORH,MA,ANE,EN,Federal Contract Tower,3,3,11,0,17,0,0,59,0,59,3,3,70,0,76,34,0,34,110
01/02/2015,ORH,MA,ANE,EN,Federal Contract Tower,5,1,21,0,27,0,0,73,0,73,5,1,94,0,100,44,0,44,144
01/03/2015,ORH,MA,ANE,EN,Federal Contract Tower,5,0,19,0,24,0,0,55,0,55,5,0,74,0,79,56,0,56,135
01/04/2015,ORH,MA,ANE,EN,Federal Contract Tower,0,1,4,0,5,0,0,0,0,0,0,1,4,0,5,0,0,0,5
01/05/2015,ORH,MA,ANE,EN,Federal Contract Tower,4,6,2,0,12,0,0,61,0,61,4,6,63,0,73,64,0,64,137
01/06/2015,ORH,MA,ANE,EN,Federal Contract Tower,4,4,5,0,13,0,0,10,0,10,4,4,15,0,23,0,0,0,23
01/07/2015,ORH,MA,ANE,EN,Federal Contract Tower,4,4,2,2,12,0,0,33,0,33,4,4,35,2,45,0,0,0,45
01/08/2015,ORH,MA,ANE,EN,Federal Contract Tower,4,0,19,5,28,0,0,37,3,40,4,0,56,8,68,8,14,22,90
01/09/2015,ORH,MA,ANE,EN,Federal Contract Tower,4,0,3,0,7,0,0,42,0,42,4,0,45,0,49,44,0,44,93
01/10/2015,ORH,MA,ANE,EN,Federal Contract Tower,4,0,14,0,18,0,0,72,0,72,4,0,86,0,90,80,0,80,170
01/11/2015,ORH,MA,ANE,EN,Federal Contract Tower,5,0,10,0,15,0,2,60,2,64,5,2,70,2,79,52,6,58,137
01/12/2015,ORH,MA,ANE,EN,Federal Contract Tower,4,0,1,0,5,0,0,0,0,0,4,0,1,0,5,0,0,0,5
01/13/2015,ORH,MA,ANE,EN,Federal Contract Tower,4,0,3,1,8,0,2,66,0,68,4,2,69,1,76,56,0,56,132
01/14/2015,ORH,MA,ANE,EN,Federal Contract Tower,4,1,7,2,14,0,0,66,0,66,4,1,73,2,80,62,2,64,144
01/15/2015,ORH,MA,ANE,EN,Federal Contract Tower,4,3,1,2,10,0,0,15,0,15,4,3,16,2,25,0,0,0,25
01/16/2015,ORH,MA,ANE,EN,Federal Contract Tower,4,0,8,0,12,0,1,76,0,77,4,1,84,0,89,70,0,70,159
01/17/2015,ORH,MA,ANE,EN,Federal Contract Tower,4,1,14,0,19,0,0,77,0,77,4,1,91,0,96,68,0,68,164
01/18/2015,ORH,MA,ANE,EN,Federal Contract Tower,2,3,4,0,9,0,0,0,0,0,2,3,4,0,9,0,0,0,9
01/19/2015,ORH,MA,ANE,EN,Federal Contract Tower,4,0,7,0,11,0,2,65,0,67,4,2,72,0,78,68,0,68,146
01/20/2015,ORH,MA,ANE,EN,Federal Contract Tower,5,2,9,0,16,0,0,81,0,81,5,2,90,0,97,78,0,78,175
01/21/2015,ORH,MA,ANE,EN,Federal Contract Tower,4,4,30,0,38,0,8,79,0,87,4,12,109,0,125,59,6,65,190
01/22/2015,ORH,MA,ANE,EN,Federal Contract Tower,4,1,4,0,9,0,0,69,0,69,4,1,73,0,78,40,0,40,118
01/23/2015,ORH,MA,ANE,EN,Federal Contract Tower,4,2,21,0,27,0,0,78,6,84,4,2,99,6,111,86,0,86,197
01/24/2015,ORH,MA,ANE,EN,Federal Contract Tower,2,1,0,0,3,0,0,0,0,0,2,1,0,0,3,0,0,0,3
01/25/2015,ORH,MA,ANE,EN,Federal Contract Tower,4,0,12,1,17,0,1,35,0,36,4,1,47,1,53,26,0,26,79
01/26/2015,ORH,MA,ANE,EN,Federal Contract Tower,4,0,0,0,4,0,0,20,0,20,4,0,20,0,24,0,0,0,24
01/27/2015,ORH,MA,ANE,EN,Federal Contract Tower,0,0,0,0,0,0,0,0,0,0,0,0,0,0,0,0,0,0,0
01/28/2015,ORH,MA,ANE,EN,Federal Contract Tower,2,0,1,0,3,0,0,6,0,6,2,0,7,0,9,0,4,4,13
01/29/2015,ORH,MA,ANE,EN,Federal Contract Tower,4,0,16,0,20,0,0,39,4,43,4,0,55,4,63,20,6,26,89
01/30/2015,ORH,MA,ANE,EN,Federal Contract Tower,5,1,4,0,10,0,0,0,0,0,5,1,4,0,10,0,0,0,10
01/31/2015,ORH,MA,ANE,EN,Federal Contract Tower,6,0,0,0,6,0,0,8,0,8,6,0,8,0,14,0,0,0,14
02/01/2015,ORH,MA,ANE,EN,Federal Contract Tower,4,5,8,0,17,0,0,36,0,36,4,5,44,0,53,28,0,28,81
02/02/2015,ORH,MA,ANE,EN,Federal Contract Tower,0,0,0,0,0,0,0,0,0,0,0,0,0,0,0,0,0,0,0
02/03/2015,ORH,MA,ANE,EN,Federal Contract Tower,3,6,6,0,15,0,1,45,0,46,3,7,51,0,61,20,0,20,81
02/04/2015,ORH,MA,ANE,EN,Federal Contract Tower,5,0,10,4,19,0,1,38,0,39,5,1,48,4,58,46,10,56,114
02/05/2015,ORH,MA,ANE,EN,Federal Contract Tower,4,3,13,0,20,0,0,13,0,13,4,3,26,0,33,0,0,0,33
02/06/2015,ORH,MA,ANE,EN,Federal Contract Tower,4,1,6,0,11,0,0,62,0,62,4,1,68,0,73,64,0,64,137
02/07/2015,ORH,MA,ANE,EN,Federal Contract Tower,4,0,8,0,12,0,1,43,0,44,4,1,51,0,56,38,0,38,94
02/08/2015,ORH,MA,ANE,EN,Federal Contract Tower,6,0,0,0,6,0,0,0,0,0,6,0,0,0,6,0,0,0,6
02/09/2015,ORH,MA,ANE,EN,Federal Contract Tower,0,0,0,0,0,0,0,0,0,0,0,0,0,0,0,0,0,0,0
02/10/2015,ORH,MA,ANE,EN,Federal Contract Tower,4,3,6,0,13,0,0,9,0,9,4,3,15,0,22,8,0,8,30
02/11/2015,ORH,MA,ANE,EN,Federal Contract Tower,4,4,15,2,25,0,0,35,0,35,4,4,50,2,60,30,0,30,90
02/12/2015,ORH,MA,ANE,EN,Federal Contract Tower,4,0,7,0,11,0,0,7,0,7,4,0,14,0,18,4,0,4,22
02/13/2015,ORH,MA,ANE,EN,Federal Contract Tower,2,2,7,0,11,0,0,61,0,61,2,2,68,0,72,62,0,62,134
02/14/2015,ORH,MA,ANE,EN,Federal Contract Tower,2,0,0,0,2,0,0,36,0,36,2,0,36,0,38,30,0,30,68
02/15/2015,ORH,MA,ANE,EN,Federal Contract Tower,0,0,0,0,0,0,0,0,0,0,0,0,0,0,0,0,0,0,0
02/16/2015,ORH,MA,ANE,EN,Federal Contract Tower,5,0,6,0,11,0,0,52,0,52,5,0,58,0,63,52,0,52,115
02/17/2015,ORH,MA,ANE,EN,Federal Contract Tower,0,2,0,0,2,0,0,37,0,37,0,2,37,0,39,24,0,24,63
02/18/2015,ORH,MA,ANE,EN,Federal Contract Tower,4,6,6,0,16,0,1,46,0,47,4,7,52,0,63,38,6,44,107
02/19/2015,ORH,MA,ANE,EN,Federal Contract Tower,4,2,2,0,8,0,0,9,0,9,4,2,11,0,17,0,0,0,17
02/20/2015,ORH,MA,ANE,EN,Federal Contract Tower,4,0,2,0,6,0,0,51,0,51,4,0,53,0,57,38,2,40,97
02/21/2015,ORH,MA,ANE,EN,Federal Contract Tower,4,1,2,0,7,0,0,29,0,29,4,1,31,0,36,46,0,46,82
02/22/2015,ORH,MA,ANE,EN,Federal Contract Tower,4,1,2,0,7,0,0,32,0,32,4,1,34,0,39,44,0,44,83
02/23/2015,ORH,MA,ANE,EN,Federal Contract Tower,4,4,4,0,12,0,0,47,0,47,4,4,51,0,59,54,0,54,113
02/24/2015,ORH,MA,ANE,EN,Federal Contract Tower,4,0,10,0,14,0,0,54,0,54,4,0,64,0,68,50,0,50,118
02/25/2015,ORH,MA,ANE,EN,Federal Contract Tower,4,0,7,0,11,0,0,62,0,62,4,0,69,0,73,44,8,52,125
02/26/2015,ORH,MA,ANE,EN,Federal Contract Tower,4,1,10,0,15,0,0,43,0,43,4,1,53,0,58,10,0,10,68
02/27/2015,ORH,MA,ANE,EN,Federal Contract Tower,4,1,17,2,24,0,0,68,0,68,4,1,85,2,92,58,0,58,150
02/28/2015,ORH,MA,ANE,EN,Federal Contract Tower,4,0,28,0,32,0,2,74,0,76,4,2,102,0,108,80,0,80,188
03/01/2015,ORH,MA,ANE,EN,Federal Contract Tower,4,0,0,0,4,0,0,31,0,31,4,0,31,0,35,32,0,32,67
03/02/2015,ORH,MA,ANE,EN,Federal Contract Tower,4,0,3,0,7,0,7,76,0,83,4,7,79,0,90,80,2,82,172
03/03/2015,ORH,MA,ANE,EN,Federal Contract Tower,4,2,11,0,17,0,1,52,2,55,4,3,63,2,72,34,4,38,110
03/04/2015,ORH,MA,ANE,EN,Federal Contract Tower,4,0,7,0,11,0,0,34,0,34,4,0,41,0,45,14,4,18,63
03/05/2015,ORH,MA,ANE,EN,Federal Contract Tower,4,0,11,0,15,0,2,63,0,65,4,2,74,0,80,40,12,52,132
03/06/2015,ORH,MA,ANE,EN,Federal Contract Tower,2,0,10,0,12,0,0,76,0,76,2,0,86,0,88,54,0,54,142
03/07/2015,ORH,MA,ANE,EN,Federal Contract Tower,4,8,20,0,32,0,5,87,0,92,4,13,107,0,124,84,0,84,208
03/08/2015,ORH,MA,ANE,EN,Federal Contract Tower,4,2,7,0,13,0,2,49,0,51,4,4,56,0,64,36,0,36,100
03/09/2015,ORH,MA,ANE,EN,Federal Contract Tower,4,0,8,8,20,0,2,57,2,61,4,2,65,10,81,60,6,66,147
03/10/2015,ORH,MA,ANE,EN,Federal Contract Tower,4,0,20,2,26,0,0,65,0,65,4,0,85,2,91,28,32,60,151
03/11/2015,ORH,MA,ANE,EN,Federal Contract Tower,4,2,9,0,15,0,0,59,0,59,4,2,68,0,74,12,16,28,102
03/12/2015,ORH,MA,ANE,EN,Federal Contract Tower,4,2,10,4,20,0,0,44,0,44,4,2,54,4,64,18,10,28,92
03/13/2015,ORH,MA,ANE,EN,Federal Contract Tower,4,1,9,0,14,0,0,76,0,76,4,1,85,0,90,72,0,72,162
03/14/2015,ORH,MA,ANE,EN,Federal Contract Tower,6,0,5,0,11,0,0,7,0,7,6,0,12,0,18,4,0,4,22
03/15/2015,ORH,MA,ANE,EN,Federal Contract Tower,4,0,4,0,8,0,2,18,2,22,4,2,22,2,30,24,0,24,54
03/16/2015,ORH,MA,ANE,EN,Federal Contract Tower,4,0,8,0,12,0,0,71,0,71,4,0,79,0,83,64,0,64,147
03/17/2015,ORH,MA,ANE,EN,Federal Contract Tower,4,3,7,0,14,0,0,42,0,42,4,3,49,0,56,30,0,30,86
03/18/2015,ORH,MA,ANE,EN,Federal Contract Tower,4,1,11,0,16,0,0,36,0,36,4,1,47,0,52,2,0,2,54
03/19/2015,ORH,MA,ANE,EN,Federal Contract Tower,4,2,12,0,18,0,0,66,0,66,4,2,78,0,84,16,0,16,100
03/20/2015,ORH,MA,ANE,EN,Federal Contract Tower,4,1,8,4,17,0,0,42,0,42,4,1,50,4,59,28,0,28,87
03/21/2015,ORH,MA,ANE,EN,Federal Contract Tower,4,0,4,0,8,0,0,50,0,50,4,0,54,0,58,34,0,34,92
03/22/2015,ORH,MA,ANE,EN,Federal Contract Tower,4,5,5,0,14,0,4,43,0,47,4,9,48,0,61,44,0,44,105
03/23/2015,ORH,MA,ANE,EN,Federal Contract Tower,4,5,10,0,19,0,1,60,0,61,4,6,70,0,80,62,0,62,142
03/24/2015,ORH,MA,ANE,EN,Federal Contract Tower,4,3,5,3,15,0,0,59,0,59,4,3,64,3,74,52,6,58,132
03/25/2015,ORH,MA,ANE,EN,Federal Contract Tower,4,6,25,7,42,0,1,74,0,75,4,7,99,7,117,54,6,60,177
03/26/2015,ORH,MA,ANE,EN,Federal Contract Tower,7,1,12,0,20,0,0,0,0,0,7,1,12,0,20,0,0,0,20
03/27/2015,ORH,MA,ANE,EN,Federal Contract Tower,4,1,3,0,8,0,0,31,0,31,4,1,34,0,39,14,0,14,53
03/28/2015,ORH,MA,ANE,EN,Federal Contract Tower,4,0,12,0,16,0,0,0,0,0,4,0,12,0,16,0,0,0,16
03/29/2015,ORH,MA,ANE,EN,Federal Contract Tower,4,0,14,0,18,0,4,70,2,76,4,4,84,2,94,58,0,58,152
03/30/2015,ORH,MA,ANE,EN,Federal Contract Tower,4,0,8,2,14,0,0,47,1,48,4,0,55,3,62,14,0,14,76
03/31/2015,ORH,MA,ANE,EN,Federal Contract Tower,4,3,20,10,37,0,0,48,2,50,4,3,68,12,87,56,2,58,145
04/01/2015,ORH,MA,ANE,EN,Federal Contract Tower,4,2,27,0,33,0,0,53,0,53,4,2,80,0,86,32,0,32,118
04/02/2015,ORH,MA,ANE,EN,Federal Contract Tower,4,9,14,2,29,0,0,49,0,49,4,9,63,2,78,22,0,22,100
04/03/2015,ORH,MA,ANE,EN,Federal Contract Tower,5,3,18,0,26,0,0,53,0,53,5,3,71,0,79,66,0,66,145
04/04/2015,ORH,MA,ANE,EN,Federal Contract Tower,4,1,3,0,8,0,0,40,0,40,4,1,43,0,48,38,0,38,86
04/05/2015,ORH,MA,ANE,EN,Federal Contract Tower,4,0,2,0,6,0,0,43,0,43,4,0,45,0,49,42,0,42,91
04/06/2015,ORH,MA,ANE,EN,Federal Contract Tower,4,1,12,0,17,0,5,77,0,82,4,6,89,0,99,72,0,72,171
04/07/2015,ORH,MA,ANE,EN,Federal Contract Tower,4,9,3,0,16,0,0,33,0,33,4,9,36,0,49,46,0,46,95
04/08/2015,ORH,MA,ANE,EN,Federal Contract Tower,4,0,6,0,10,0,0,28,0,28,4,0,34,0,38,2,0,2,40
04/09/2015,ORH,MA,ANE,EN,Federal Contract Tower,4,0,8,0,12,0,0,0,0,0,4,0,8,0,12,0,0,0,12
04/10/2015,ORH,MA,ANE,EN,Federal Contract Tower,4,1,6,0,11,0,0,0,0,0,4,1,6,0,11,0,0,0,11
04/11/2015,ORH,MA,ANE,EN,Federal Contract Tower,4,0,13,0,17,0,0,63,0,63,4,0,76,0,80,68,0,68,148
04/12/2015,ORH,MA,ANE,EN,Federal Contract Tower,4,0,22,2,28,0,0,88,0,88,4,0,110,2,116,88,2,90,206
04/13/2015,ORH,MA,ANE,EN,Federal Contract Tower,4,0,13,0,17,0,7,71,0,78,4,7,84,0,95,56,2,58,153
04/14/2015,ORH,MA,ANE,EN,Federal Contract Tower,4,1,6,0,11,0,0,35,0,35,4,1,41,0,46,68,0,68,114
04/15/2015,ORH,MA,ANE,EN,Federal Contract Tower,4,0,18,0,22,0,0,74,1,75,4,0,92,1,97,72,0,72,169
04/16/2015,ORH,MA,ANE,EN,Federal Contract Tower,4,0,19,0,23,0,0,85,0,85,4,0,104,0,108,72,0,72,180
04/17/2015,ORH,MA,ANE,EN,Federal Contract Tower,4,2,10,0,16,0,0,17,0,17,4,2,27,0,33,26,0,26,59
04/18/2015,ORH,MA,ANE,EN,Federal Contract Tower,4,3,22,0,29,0,0,84,0,84,4,3,106,0,113,86,0,86,199
04/19/2015,ORH,MA,ANE,EN,Federal Contract Tower,4,2,14,0,20,0,4,67,0,71,4,6,81,0,91,60,0,60,151
04/20/2015,ORH,MA,ANE,EN,Federal Contract Tower,4,2,4,0,10,0,0,0,0,0,4,2,4,0,10,0,0,0,10
04/21/2015,ORH,MA,ANE,EN,Federal Contract Tower,4,0,7,0,11,0,0,25,0,25,4,0,32,0,36,24,0,24,60
04/22/2015,ORH,MA,ANE,EN,Federal Contract Tower,4,0,11,0,15,0,0,56,0,56,4,0,67,0,71,18,0,18,89
04/23/2015,ORH,MA,ANE,EN,Federal Contract Tower,4,4,7,0,15,0,0,62,0,62,4,4,69,0,77,46,10,56,133
04/24/2015,ORH,MA,ANE,EN,Federal Contract Tower,4,2,13,0,19,0,0,74,0,74,4,2,87,0,93,70,0,70,163
04/25/2015,ORH,MA,ANE,EN,Federal Contract Tower,4,3,11,0,18,0,3,88,0,91,4,6,99,0,109,72,0,72,181
04/26/2015,ORH,MA,ANE,EN,Federal Contract Tower,4,4,16,0,24,0,6,100,0,106,4,10,116,0,130,70,0,70,200
04/27/2015,ORH,MA,ANE,EN,Federal Contract Tower,4,3,11,0,18,0,0,62,0,62,4,3,73,0,80,62,0,62,142
04/28/2015,ORH,MA,ANE,EN,Federal Contract Tower,4,4,4,0,12,0,0,45,0,45,4,4,49,0,57,60,0,60,117
04/29/2015,ORH,MA,ANE,EN,Federal Contract Tower,4,4,13,0,21,0,1,75,1,77,4,5,88,1,98,64,0,64,162
04/30/2015,ORH,MA,ANE,EN,Federal Contract Tower,4,6,25,2,37,0,2,69,7,78,4,8,94,9,115,56,2,58,173
05/01/2015,ORH,MA,ANE,EN,Federal Contract Tower,4,3,8,0,15,0,0,80,0,80,4,3,88,0,95,64,0,64,159
05/02/2015,ORH,MA,ANE,EN,Federal Contract Tower,4,2,15,0,21,0,1,83,0,84,4,3,98,0,105,120,0,120,225
05/03/2015,ORH,MA,ANE,EN,Federal Contract Tower,4,6,23,0,33,0,4,83,0,87,4,10,106,0,120,80,0,80,200
05/04/2015,ORH,MA,ANE,EN,Federal Contract Tower,4,0,4,0,8,0,85,0,0,85,4,85,4,0,93,62,0,62,155
05/05/2015,ORH,MA,ANE,EN,Federal Contract Tower,4,1,5,1,11,0,0,60,2,62,4,1,65,3,73,72,0,72,145
05/06/2015,ORH,MA,ANE,EN,Federal Contract Tower,4,0,9,0,13,0,2,70,4,76,4,2,79,4,89,62,0,62,151
05/07/2015,ORH,MA,ANE,EN,Federal Contract Tower,4,3,16,1,24,0,0,65,2,67,4,3,81,3,91,36,0,36,127
05/08/2015,ORH,MA,ANE,EN,Federal Contract Tower,4,2,18,0,24,0,0,82,0,82,4,2,100,0,106,44,0,44,150
05/09/2015,ORH,MA,ANE,EN,Federal Contract Tower,4,0,4,0,8,0,0,24,0,24,4,0,28,0,32,34,0,34,66
05/10/2015,ORH,MA,ANE,EN,Federal Contract Tower,4,0,8,0,12,0,4,44,0,48,4,4,52,0,60,62,0,62,122
05/11/2015,ORH,MA,ANE,EN,Federal Contract Tower,4,2,20,0,26,0,0,2,68,70,4,2,22,68,96,72,0,72,168
05/12/2015,ORH,MA,ANE,EN,Federal Contract Tower,4,1,2,1,8,0,0,53,0,53,4,1,55,1,61,52,0,52,113
05/13/2015,ORH,MA,ANE,EN,Federal Contract Tower,4,6,7,4,21,0,0,58,0,58,4,6,65,4,79,30,0,30,109
05/14/2015,ORH,MA,ANE,EN,Federal Contract Tower,4,1,14,0,19,0,0,72,0,72,4,1,86,0,91,52,0,52,143
05/15/2015,ORH,MA,ANE,EN,Federal Contract Tower,4,0,9,0,13,0,0,84,0,84,4,0,93,0,97,78,0,78,175
05/16/2015,ORH,MA,ANE,EN,Federal Contract Tower,4,2,18,2,26,0,0,83,0,83,4,2,101,2,109,54,0,54,163
05/17/2015,ORH,MA,ANE,EN,Federal Contract Tower,4,1,25,1,31,0,6,82,5,93,4,7,107,6,124,78,2,80,204
05/18/2015,ORH,MA,ANE,EN,Federal Contract Tower,4,0,5,0,9,0,0,37,0,37,4,0,42,0,46,42,0,42,88
05/19/2015,ORH,MA,ANE,EN,Federal Contract Tower,4,0,10,0,14,0,0,11,0,11,4,0,21,0,25,14,0,14,39
05/20/2015,ORH,MA,ANE,EN,Federal Contract Tower,4,0,16,0,20,0,0,71,0,71,4,0,87,0,91,44,0,44,135
05/21/2015,ORH,MA,ANE,EN,Federal Contract Tower,4,3,28,0,35,0,1,92,2,95,4,4,120,2,130,86,6,92,222
05/22/2015,ORH,MA,ANE,EN,Federal Contract Tower,4,1,17,2,24,0,0,76,0,76,4,1,93,2,100,70,2,72,172
05/23/2015,ORH,MA,ANE,EN,Federal Contract Tower,4,2,20,0,26,0,0,82,0,82,4,2,102,0,108,70,0,70,178
05/24/2015,ORH,MA,ANE,EN,Federal Contract Tower,4,1,7,0,12,0,1,68,0,69,4,2,75,0,81,52,0,52,133
05/25/2015,ORH,MA,ANE,EN,Federal Contract Tower,4,1,5,0,10,0,4,77,0,81,4,5,82,0,91,72,0,72,163
05/26/2015,ORH,MA,ANE,EN,Federal Contract Tower,4,4,8,8,24,0,0,66,0,66,4,4,74,8,90,60,0,60,150
05/27/2015,ORH,MA,ANE,EN,Federal Contract Tower,4,2,12,0,18,0,0,56,1,57,4,2,68,1,75,40,0,40,115
05/28/2015,ORH,MA,ANE,EN,Federal Contract Tower,4,1,17,0,22,0,0,39,0,39,4,1,56,0,61,28,0,28,89
05/29/2015,ORH,MA,ANE,EN,Federal Contract Tower,4,2,16,0,22,0,0,54,0,54,4,2,70,0,76,60,0,60,136
05/30/2015,ORH,MA,ANE,EN,Federal Contract Tower,4,2,7,0,13,0,0,70,0,70,4,2,77,0,83,64,0,64,147
05/31/2015,ORH,MA,ANE,EN,Federal Contract Tower,4,2,9,0,15,0,0,0,0,0,4,2,9,0,15,0,0,0,15
06/01/2015,ORH,MA,ANE,EN,Federal Contract Tower,4,0,6,0,10,0,0,0,0,0,4,0,6,0,10,4,0,4,14
06/02/2015,ORH,MA,ANE,EN,Federal Contract Tower,4,2,6,0,12,0,0,0,0,0,4,2,6,0,12,2,0,2,14
06/03/2015,ORH,MA,ANE,EN,Federal Contract Tower,4,1,15,2,22,0,0,75,0,75,4,1,90,2,97,52,0,52,149
06/04/2015,ORH,MA,ANE,EN,Federal Contract Tower,2,0,13,0,15,0,0,57,0,57,2,0,70,0,72,62,0,62,134
06/05/2015,ORH,MA,ANE,EN,Federal Contract Tower,4,0,17,0,21,0,0,64,0,64,4,0,81,0,85,68,0,68,153
06/06/2015,ORH,MA,ANE,EN,Federal Contract Tower,4,1,17,0,22,0,0,78,0,78,4,1,95,0,100,84,0,84,184
06/07/2015,ORH,MA,ANE,EN,Federal Contract Tower,4,0,17,0,21,0,10,67,0,77,4,10,84,0,98,70,0,70,168
06/08/2015,ORH,MA,ANE,EN,Federal Contract Tower,4,3,2,0,9,0,4,59,8,71,4,7,61,8,80,58,0,58,138
06/09/2015,ORH,MA,ANE,EN,Federal Contract Tower,4,8,0,0,12,0,0,4,0,4,4,8,4,0,16,4,0,4,20
06/10/2015,ORH,MA,ANE,EN,Federal Contract Tower,4,2,4,0,10,0,0,80,0,80,4,2,84,0,90,50,0,50,140
06/11/2015,ORH,MA,ANE,EN,Federal Contract Tower,4,1,6,0,11,0,0,57,0,57,4,1,63,0,68,20,4,24,92
06/12/2015,ORH,MA,ANE,EN,Federal Contract Tower,4,1,4,0,9,0,1,86,0,87,4,2,90,0,96,64,2,66,162
06/13/2015,ORH,MA,ANE,EN,Federal Contract Tower,4,1,3,0,8,0,0,71,0,71,4,1,74,0,79,70,0,70,149
06/14/2015,ORH,MA,ANE,EN,Federal Contract Tower,4,0,10,0,14,0,6,72,0,78,4,6,82,0,92,58,0,58,150
06/15/2015,ORH,MA,ANE,EN,Federal Contract Tower,4,1,5,0,10,0,0,0,0,0,4,1,5,0,10,0,0,0,10
06/16/2015,ORH,MA,ANE,EN,Federal Contract Tower,4,4,14,0,22,0,0,0,0,0,4,4,14,0,22,2,0,2,24
06/17/2015,ORH,MA,ANE,EN,Federal Contract Tower,4,2,13,0,19,0,2,69,1,72,4,4,82,1,91,46,0,46,137
06/18/2015,ORH,MA,ANE,EN,Federal Contract Tower,4,1,12,0,17,0,0,57,0,57,4,1,69,0,74,66,0,66,140
06/19/2015,ORH,MA,ANE,EN,Federal Contract Tower,4,2,13,0,19,0,0,57,0,57,4,2,70,0,76,48,0,48,124
06/20/2015,ORH,MA,ANE,EN,Federal Contract Tower,4,1,17,0,22,0,0,72,0,72,4,1,89,0,94,56,0,56,150
06/21/2015,ORH,MA,ANE,EN,Federal Contract Tower,4,0,9,0,13,0,0,11,0,11,4,0,20,0,24,2,0,2,26
06/22/2015,ORH,MA,ANE,EN,Federal Contract Tower,4,4,6,0,14,0,3,56,0,59,4,7,62,0,73,70,0,70,143
06/23/2015,ORH,MA,ANE,EN,Federal Contract Tower,4,3,8,0,15,0,0,42,0,42,4,3,50,0,57,30,0,30,87
06/24/2015,ORH,MA,ANE,EN,Federal Contract Tower,4,5,19,0,28,0,0,65,0,65,4,5,84,0,93,32,0,32,125
06/25/2015,ORH,MA,ANE,EN,Federal Contract Tower,4,1,26,6,37,0,0,75,1,76,4,1,101,7,113,32,0,32,145
06/26/2015,ORH,MA,ANE,EN,Federal Contract Tower,4,1,8,2,15,0,0,71,0,71,4,1,79,2,86,50,0,50,136
06/27/2015,ORH,MA,ANE,EN,Federal Contract Tower,4,2,16,0,22,0,12,84,0,96,4,14,100,0,118,50,0,50,168
06/28/2015,ORH,MA,ANE,EN,Federal Contract Tower,4,3,4,0,11,0,0,0,0,0,4,3,4,0,11,0,0,0,11
06/30/2015,ORH,MA,ANE,EN,Federal Contract Tower,4,6,14,1,25,0,0,56,2,58,4,6,70,3,83,44,16,60,143
07/01/2015,ORH,MA,ANE,EN,Federal Contract Tower,4,0,9,5,18,0,0,12,0,12,4,0,21,5,30,0,8,8,38
07/02/2015,ORH,MA,ANE,EN,Federal Contract Tower,4,4,13,0,21,0,0,76,10,86,4,4,89,10,107,80,0,80,187
07/03/2015,ORH,MA,ANE,EN,Federal Contract Tower,4,2,8,0,14,0,0,81,0,81,4,2,89,0,95,66,0,66,161
07/04/2015,ORH,MA,ANE,EN,Federal Contract Tower,4,1,13,0,18,0,0,71,0,71,4,1,84,0,89,36,0,36,125
07/05/2015,ORH,MA,ANE,EN,Federal Contract Tower,4,0,9,0,13,0,8,65,1,74,4,8,74,1,87,62,6,68,155
07/06/2015,ORH,MA,ANE,EN,Federal Contract Tower,4,0,11,0,15,0,0,66,0,66,4,0,77,0,81,80,0,80,161
07/07/2015,ORH,MA,ANE,EN,Federal Contract Tower,4,4,9,0,17,0,0,29,0,29,4,4,38,0,46,28,0,28,74
07/08/2015,ORH,MA,ANE,EN,Federal Contract Tower,4,3,10,0,17,0,0,57,0,57,4,3,67,0,74,54,0,54,128
07/09/2015,ORH,MA,ANE,EN,Federal Contract Tower,4,1,15,0,20,0,0,49,0,49,4,1,64,0,69,30,0,30,99
07/10/2015,ORH,MA,ANE,EN,Federal Contract Tower,4,1,5,0,10,0,0,54,0,54,4,1,59,0,64,58,0,58,122
07/11/2015,ORH,MA,ANE,EN,Federal Contract Tower,4,0,4,0,8,0,0,75,0,75,4,0,79,0,83,90,0,90,173
07/12/2015,ORH,MA,ANE,EN,Federal Contract Tower,4,0,11,0,15,0,6,77,1,84,4,6,88,1,99,62,2,64,163
07/13/2015,ORH,MA,ANE,EN,Federal Contract Tower,4,0,8,0,12,0,0,65,0,65,4,0,73,0,77,54,0,54,131
07/14/2015,ORH,MA,ANE,EN,Federal Contract Tower,4,2,15,11,32,0,0,18,0,18,4,2,33,11,50,24,0,24,74
07/15/2015,ORH,MA,ANE,EN,Federal Contract Tower,4,0,12,2,18,0,1,46,0,47,4,1,58,2,65,26,0,26,91
07/16/2015,ORH,MA,ANE,EN,Federal Contract Tower,4,3,29,6,42,0,0,78,3,81,4,3,107,9,123,44,0,44,167
07/17/2015,ORH,MA,ANE,EN,Federal Contract Tower,4,0,22,2,28,0,0,72,0,72,4,0,94,2,100,68,0,68,168
07/18/2015,ORH,MA,ANE,EN,Federal Contract Tower,4,2,16,0,22,0,0,28,0,28,4,2,44,0,50,30,0,30,80
07/19/2015,ORH,MA,ANE,EN,Federal Contract Tower,4,1,8,0,13,0,4,43,0,47,4,5,51,0,60,50,0,50,110
07/20/2015,ORH,MA,ANE,EN,Federal Contract Tower,4,0,4,0,8,0,0,65,0,65,4,0,69,0,73,50,0,50,123
07/21/2015,ORH,MA,ANE,EN,Federal Contract Tower,4,3,6,6,19,0,2,50,0,52,4,5,56,6,71,52,10,62,133
07/22/2015,ORH,MA,ANE,EN,Federal Contract Tower,4,5,22,3,34,0,0,56,0,56,4,5,78,3,90,24,2,26,116
07/23/2015,ORH,MA,ANE,EN,Federal Contract Tower,4,4,5,0,13,0,0,69,1,70,4,4,74,1,83,44,0,44,127
07/24/2015,ORH,MA,ANE,EN,Federal Contract Tower,4,1,11,0,16,0,0,65,0,65,4,1,76,0,81,48,4,52,133
07/25/2015,ORH,MA,ANE,EN,Federal Contract Tower,4,0,14,0,18,0,0,45,0,45,4,0,59,0,63,54,0,54,117
07/26/2015,ORH,MA,ANE,EN,Federal Contract Tower,4,0,13,0,17,0,0,28,0,28,4,0,41,0,45,18,0,18,63
07/27/2015,ORH,MA,ANE,EN,Federal Contract Tower,2,5,9,0,16,0,0,52,0,52,2,5,61,0,68,44,2,46,114
07/28/2015,ORH,MA,ANE,EN,Federal Contract Tower,4,3,6,1,14,0,0,43,0,43,4,3,49,1,57,28,12,40,97
07/29/2015,ORH,MA,ANE,EN,Federal Contract Tower,4,3,22,3,32,0,2,69,0,71,4,5,91,3,103,40,10,50,153
07/30/2015,ORH,MA,ANE,EN,Federal Contract Tower,4,1,10,2,17,0,2,30,0,32,4,3,40,2,49,10,0,10,59
07/31/2015,ORH,MA,ANE,EN,Federal Contract Tower,4,2,13,2,21,0,0,81,0,81,4,2,94,2,102,70,0,70,172
08/01/2015,ORH,MA,ANE,EN,Federal Contract Tower,4,0,12,0,16,0,0,77,0,77,4,0,89,0,93,68,0,68,161
08/02/2015,ORH,MA,ANE,EN,Federal Contract Tower,2,1,2,0,5,0,4,67,0,71,2,5,69,0,76,62,0,62,138
08/03/2015,ORH,MA,ANE,EN,Federal Contract Tower,4,0,8,0,12,0,0,72,0,72,4,0,80,0,84,68,0,68,152
08/04/2015,ORH,MA,ANE,EN,Federal Contract Tower,4,1,5,0,10,0,0,49,0,49,4,1,54,0,59,34,0,34,93
08/05/2015,ORH,MA,ANE,EN,Federal Contract Tower,4,5,28,4,41,0,0,71,0,71,4,5,99,4,112,64,10,74,186
08/06/2015,ORH,MA,ANE,EN,Federal Contract Tower,4,0,18,2,24,0,2,72,0,74,4,2,90,2,98,44,8,52,150
08/07/2015,ORH,MA,ANE,EN,Federal Contract Tower,4,7,18,0,29,0,0,85,0,85,4,7,103,0,114,64,0,64,178
08/08/2015,ORH,MA,ANE,EN,Federal Contract Tower,4,0,7,0,11,0,0,92,0,92,4,0,99,0,103,66,0,66,169
08/09/2015,ORH,MA,ANE,EN,Federal Contract Tower,4,1,19,0,24,0,2,76,0,78,4,3,95,0,102,82,0,82,184
08/10/2015,ORH,MA,ANE,EN,Federal Contract Tower,4,0,26,15,45,0,2,83,2,87,4,2,109,17,132,62,16,78,210
08/11/2015,ORH,MA,ANE,EN,Federal Contract Tower,4,4,10,2,20,0,0,0,0,0,4,4,10,2,20,0,0,0,20
08/12/2015,ORH,MA,ANE,EN,Federal Contract Tower,4,4,28,0,36,0,0,58,0,58,4,4,86,0,94,32,10,42,136
08/13/2015,ORH,MA,ANE,EN,Federal Contract Tower,4,0,17,1,22,0,3,74,15,92,4,3,91,16,114,32,0,32,146
08/14/2015,ORH,MA,ANE,EN,Federal Contract Tower,4,0,27,0,31,0,0,84,0,84,4,0,111,0,115,66,0,66,181
08/15/2015,ORH,MA,ANE,EN,Federal Contract Tower,4,1,40,0,45,0,0,82,0,82,4,1,122,0,127,80,0,80,207
08/16/2015,ORH,MA,ANE,EN,Federal Contract Tower,4,1,18,0,23,0,4,68,0,72,4,5,86,0,95,94,0,94,189
08/17/2015,ORH,MA,ANE,EN,Federal Contract Tower,4,0,10,0,14,0,2,69,0,71,4,2,79,0,85,64,0,64,149
08/18/2015,ORH,MA,ANE,EN,Federal Contract Tower,8,0,21,0,29,0,0,51,0,51,8,0,72,0,80,42,0,42,122
08/19/2015,ORH,MA,ANE,EN,Federal Contract Tower,2,4,46,0,52,0,0,60,1,61,2,4,106,1,113,42,0,42,155
08/20/2015,ORH,MA,ANE,EN,Federal Contract Tower,4,1,22,0,27,0,0,52,0,52,4,1,74,0,79,48,0,48,127
08/21/2015,ORH,MA,ANE,EN,Federal Contract Tower,4,0,7,0,11,0,0,26,0,26,4,0,33,0,37,38,0,38,75
08/22/2015,ORH,MA,ANE,EN,Federal Contract Tower,4,0,25,0,29,0,0,44,0,44,4,0,69,0,73,56,0,56,129
08/23/2015,ORH,MA,ANE,EN,Federal Contract Tower,4,4,8,0,16,0,0,0,0,0,4,4,8,0,16,0,0,0,16
08/24/2015,ORH,MA,ANE,EN,Federal Contract Tower,4,3,14,0,21,0,0,45,0,45,4,3,59,0,66,36,0,36,102
08/25/2015,ORH,MA,ANE,EN,Federal Contract Tower,4,0,17,2,23,0,0,45,0,45,4,0,62,2,68,34,6,40,108
08/26/2015,ORH,MA,ANE,EN,Federal Contract Tower,4,4,27,2,37,0,0,50,0,50,4,4,77,2,87,24,0,24,111
08/27/2015,ORH,MA,ANE,EN,Federal Contract Tower,4,0,32,0,36,0,0,67,0,67,4,0,99,0,103,52,0,52,155
08/28/2015,ORH,MA,ANE,EN,Federal Contract Tower,4,1,18,0,23,0,0,81,0,81,4,1,99,0,104,64,14,78,182
08/29/2015,ORH,MA,ANE,EN,Federal Contract Tower,4,1,25,0,30,0,0,90,0,90,4,1,115,0,120,76,0,76,196
08/30/2015,ORH,MA,ANE,EN,Federal Contract Tower,4,4,12,0,20,0,2,64,0,66,4,6,76,0,86,34,0,34,120
08/31/2015,ORH,MA,ANE,EN,Federal Contract Tower,4,0,4,0,8,0,1,66,0,67,4,1,70,0,75,68,0,68,143
09/01/2015,ORH,MA,ANE,EN,Federal Contract Tower,4,5,20,2,31,0,0,61,0,61,4,5,81,2,92,88,0,88,180
09/02/2015,ORH,MA,ANE,EN,Federal Contract Tower,4,1,20,2,27,0,0,59,0,59,4,1,79,2,86,32,4,36,122
09/03/2015,ORH,MA,ANE,EN,Federal Contract Tower,4,0,18,0,22,0,0,41,0,41,4,0,59,0,63,30,0,30,93
09/04/2015,ORH,MA,ANE,EN,Federal Contract Tower,5,0,9,0,14,0,0,64,0,64,5,0,73,0,78,54,0,54,132
09/05/2015,ORH,MA,ANE,EN,Federal Contract Tower,2,0,24,0,26,0,1,90,0,91,2,1,114,0,117,70,0,70,187
09/06/2015,ORH,MA,ANE,EN,Federal Contract Tower,4,0,3,0,7,0,5,62,0,67,4,5,65,0,74,64,0,64,138
09/07/2015,ORH,MA,ANE,EN,Federal Contract Tower,4,0,20,0,24,0,6,69,1,76,4,6,89,1,100,62,0,62,162
09/08/2015,ORH,MA,ANE,EN,Federal Contract Tower,4,10,13,1,28,0,0,59,0,59,4,10,72,1,87,38,0,38,125
09/09/2015,ORH,MA,ANE,EN,Federal Contract Tower,4,1,27,0,32,0,0,69,0,69,4,1,96,0,101,36,0,36,137
09/10/2015,ORH,MA,ANE,EN,Federal Contract Tower,4,1,20,0,25,0,0,22,0,22,4,1,42,0,47,6,0,6,53
09/11/2015,ORH,MA,ANE,EN,Federal Contract Tower,4,1,13,4,22,0,0,25,0,25,4,1,38,4,47,26,0,26,73
09/12/2015,ORH,MA,ANE,EN,Federal Contract Tower,4,2,16,0,22,0,0,54,0,54,4,2,70,0,76,54,0,54,130
09/13/2015,ORH,MA,ANE,EN,Federal Contract Tower,4,0,4,0,8,0,0,0,0,0,4,0,4,0,8,0,0,0,8
09/15/2015,ORH,MA,ANE,EN,Federal Contract Tower,4,5,18,0,27,0,0,53,0,53,4,5,71,0,80,34,0,34,114
09/16/2015,ORH,MA,ANE,EN,Federal Contract Tower,4,1,18,0,23,0,1,76,12,89,4,2,94,12,112,54,2,56,168
09/17/2015,ORH,MA,ANE,EN,Federal Contract Tower,4,1,11,0,16,0,0,73,1,74,4,1,84,1,90,32,0,32,122
09/18/2015,ORH,MA,ANE,EN,Federal Contract Tower,4,2,6,4,16,0,0,66,4,70,4,2,72,8,86,40,0,40,126
09/19/2015,ORH,MA,ANE,EN,Federal Contract Tower,4,0,32,0,36,0,0,57,0,57,4,0,89,0,93,56,0,56,149
09/20/2015,ORH,MA,ANE,EN,Federal Contract Tower,4,2,8,0,14,0,0,49,0,49,4,2,57,0,63,56,0,56,119
09/21/2015,ORH,MA,ANE,EN,Federal Contract Tower,4,0,4,0,8,0,1,44,0,45,4,1,48,0,53,60,0,60,113
09/22/2015,ORH,MA,ANE,EN,Federal Contract Tower,4,5,9,0,18,0,2,48,0,50,4,7,57,0,68,42,0,42,110
09/23/2015,ORH,MA,ANE,EN,Federal Contract Tower,4,1,7,2,14,0,0,67,4,71,4,1,74,6,85,18,0,18,103
09/24/2015,ORH,MA,ANE,EN,Federal Contract Tower,4,1,15,2,22,0,1,62,0,63,4,2,77,2,85,22,0,22,107
09/25/2015,ORH,MA,ANE,EN,Federal Contract Tower,4,3,17,0,24,0,0,74,3,77,4,3,91,3,101,30,0,30,131
09/26/2015,ORH,MA,ANE,EN,Federal Contract Tower,4,6,8,0,18,0,0,87,0,87,4,6,95,0,105,60,0,60,165
09/27/2015,ORH,MA,ANE,EN,Federal Contract Tower,4,2,14,1,21,0,4,78,0,82,4,6,92,1,103,90,2,92,195
09/28/2015,ORH,MA,ANE,EN,Federal Contract Tower,4,0,7,0,11,0,1,56,0,57,4,1,63,0,68,42,0,42,110
09/29/2015,ORH,MA,ANE,EN,Federal Contract Tower,4,22,2,1,29,0,0,26,0,26,4,22,28,1,55,20,2,22,77
09/30/2015,ORH,MA,ANE,EN,Federal Contract Tower,4,16,4,0,24,0,0,0,0,0,4,16,4,0,24,0,0,0,24
10/01/2015,ORH,MA,ANE,EN,Federal Contract Tower,4,0,9,11,24,0,0,27,0,27,4,0,36,11,51,0,0,0,51
10/02/2015,ORH,MA,ANE,EN,Federal Contract Tower,4,2,8,0,14,0,0,34,0,34,4,2,42,0,48,0,0,0,48
10/03/2015,ORH,MA,ANE,EN,Federal Contract Tower,4,2,9,0,15,0,0,30,0,30,4,2,39,0,45,20,0,20,65
10/04/2015,ORH,MA,ANE,EN,Federal Contract Tower,4,0,3,0,7,0,1,45,0,46,4,1,48,0,53,40,0,40,93
10/05/2015,ORH,MA,ANE,EN,Federal Contract Tower,4,0,1,0,5,0,7,57,0,64,4,7,58,0,69,50,0,50,119
10/06/2015,ORH,MA,ANE,EN,Federal Contract Tower,6,1,31,0,38,0,2,60,0,62,6,3,91,0,100,36,0,36,136
10/07/2015,ORH,MA,ANE,EN,Federal Contract Tower,2,3,22,2,29,0,0,47,0,47,2,3,69,2,76,54,0,54,130
10/08/2015,ORH,MA,ANE,EN,Federal Contract Tower,4,0,13,0,17,0,0,50,0,50,4,0,63,0,67,34,0,34,101
10/09/2015,ORH,MA,ANE,EN,Federal Contract Tower,4,0,5,0,9,0,0,0,0,0,4,0,5,0,9,0,0,0,9
10/10/2015,ORH,MA,ANE,EN,Federal Contract Tower,4,0,9,0,13,0,0,62,0,62,4,0,71,0,75,56,0,56,131
10/11/2015,ORH,MA,ANE,EN,Federal Contract Tower,4,2,11,0,17,0,6,64,0,70,4,8,75,0,87,62,0,62,149
10/12/2015,ORH,MA,ANE,EN,Federal Contract Tower,4,1,23,0,28,0,3,71,0,74,4,4,94,0,102,64,0,64,166
10/13/2015,ORH,MA,ANE,EN,Federal Contract Tower,4,0,8,7,19,0,0,46,1,47,4,0,54,8,66,24,0,24,90
10/14/2015,ORH,MA,ANE,EN,Federal Contract Tower,4,2,30,2,38,0,0,60,0,60,4,2,90,2,98,40,0,40,138
10/15/2015,ORH,MA,ANE,EN,Federal Contract Tower,4,0,8,0,12,0,0,55,1,56,4,0,63,1,68,14,0,14,82
10/16/2015,ORH,MA,ANE,EN,Federal Contract Tower,4,1,22,0,27,0,0,55,0,55,4,1,77,0,82,42,0,42,124
10/17/2015,ORH,MA,ANE,EN,Federal Contract Tower,4,2,1,8,15,0,0,37,0,37,4,2,38,8,52,36,0,36,88
10/18/2015,ORH,MA,ANE,EN,Federal Contract Tower,4,0,8,0,12,0,7,41,0,48,4,7,49,0,60,68,0,68,128
10/19/2015,ORH,MA,ANE,EN,Federal Contract Tower,4,0,17,0,21,0,0,48,0,48,4,0,65,0,69,56,0,56,125
10/20/2015,ORH,MA,ANE,EN,Federal Contract Tower,4,3,18,0,25,0,0,50,0,50,4,3,68,0,75,28,0,28,103
10/21/2015,ORH,MA,ANE,EN,Federal Contract Tower,4,3,18,0,25,0,0,53,0,53,4,3,71,0,78,16,0,16,94
10/22/2015,ORH,MA,ANE,EN,Federal Contract Tower,4,0,18,4,26,0,0,47,0,47,4,0,65,4,73,34,0,34,107
10/23/2015,ORH,MA,ANE,EN,Federal Contract Tower,4,1,12,0,17,0,0,59,0,59,4,1,71,0,76,38,0,38,114
10/24/2015,ORH,MA,ANE,EN,Federal Contract Tower,4,5,7,0,16,0,1,18,0,19,4,6,25,0,35,10,0,10,45
10/25/2015,ORH,MA,ANE,EN,Federal Contract Tower,4,1,9,0,14,0,4,23,0,27,4,5,32,0,41,22,0,22,63
10/26/2015,ORH,MA,ANE,EN,Federal Contract Tower,4,0,8,0,12,0,0,45,2,47,4,0,53,2,59,40,0,40,99
10/27/2015,ORH,MA,ANE,EN,Federal Contract Tower,5,0,12,2,19,0,1,56,0,57,5,1,68,2,76,10,10,20,96
10/28/2015,ORH,MA,ANE,EN,Federal Contract Tower,4,2,12,0,18,0,1,13,0,14,4,3,25,0,32,2,0,2,34
10/29/2015,ORH,MA,ANE,EN,Federal Contract Tower,2,0,12,0,14,0,0,18,0,18,2,0,30,0,32,0,1,1,33
10/30/2015,ORH,MA,ANE,EN,Federal Contract Tower,4,0,11,0,15,0,0,50,0,50,4,0,61,0,65,50,0,50,115
10/31/2015,ORH,MA,ANE,EN,Federal Contract Tower,3,0,24,0,27,0,0,60,0,60,3,0,84,0,87,58,0,58,145
11/01/2015,ORH,MA,ANE,EN,Federal Contract Tower,4,0,5,0,9,0,2,38,0,40,4,2,43,0,49,28,0,28,77
11/02/2015,ORH,MA,ANE,EN,Federal Contract Tower,4,2,6,0,12,0,2,52,0,54,4,4,58,0,66,58,0,58,124
11/03/2015,ORH,MA,ANE,EN,Federal Contract Tower,4,0,14,2,20,0,0,62,0,62,4,0,76,2,82,16,0,16,98
11/04/2015,ORH,MA,ANE,EN,Federal Contract Tower,4,2,14,2,22,0,0,54,0,54,4,2,68,2,76,28,26,54,130
11/05/2015,ORH,MA,ANE,EN,Federal Contract Tower,4,3,16,0,23,0,0,37,0,37,4,3,53,0,60,22,4,26,86
11/06/2015,ORH,MA,ANE,EN,Federal Contract Tower,4,0,10,0,14,0,0,24,0,24,4,0,34,0,38,14,0,14,52
11/07/2015,ORH,MA,ANE,EN,Federal Contract Tower,4,0,4,0,8,0,1,39,0,40,4,1,43,0,48,42,0,42,90
11/08/2015,ORH,MA,ANE,EN,Federal Contract Tower,4,0,9,0,13,0,0,48,0,48,4,0,57,0,61,42,0,42,103
11/09/2015,ORH,MA,ANE,EN,Federal Contract Tower,4,2,14,0,20,0,4,58,0,62,4,6,72,0,82,64,0,64,146
11/10/2015,ORH,MA,ANE,EN,Federal Contract Tower,4,1,10,2,17,0,0,25,0,25,4,1,35,2,42,18,2,20,62
11/11/2015,ORH,MA,ANE,EN,Federal Contract Tower,4,1,8,0,13,0,0,0,0,0,4,1,8,0,13,0,0,0,13
11/12/2015,ORH,MA,ANE,EN,Federal Contract Tower,6,1,8,4,19,0,0,0,0,0,6,1,8,4,19,0,0,0,19
11/13/2015,ORH,MA,ANE,EN,Federal Contract Tower,4,4,6,0,14,0,0,25,0,25,4,4,31,0,39,32,0,32,71
11/14/2015,ORH,MA,ANE,EN,Federal Contract Tower,4,0,2,0,6,0,0,27,0,27,4,0,29,0,33,12,0,12,45
11/15/2015,ORH,MA,ANE,EN,Federal Contract Tower,4,1,15,4,24,0,0,39,0,39,4,1,54,4,63,46,0,46,109
11/16/2015,ORH,MA,ANE,EN,Federal Contract Tower,4,1,4,0,9,0,0,61,0,61,4,1,65,0,70,44,0,44,114
11/17/2015,ORH,MA,ANE,EN,Federal Contract Tower,4,6,13,0,23,0,1,39,3,43,4,7,52,3,66,32,6,38,104
11/18/2015,ORH,MA,ANE,EN,Federal Contract Tower,4,2,10,12,28,0,0,52,0,52,4,2,62,12,80,2,0,2,82
11/19/2015,ORH,MA,ANE,EN,Federal Contract Tower,4,0,10,0,14,0,0,0,0,0,4,0,10,0,14,0,0,0,14
11/20/2015,ORH,MA,ANE,EN,Federal Contract Tower,4,0,7,0,11,0,0,45,0,45,4,0,52,0,56,36,0,36,92
11/21/2015,ORH,MA,ANE,EN,Federal Contract Tower,4,1,10,0,15,0,0,51,0,51,4,1,61,0,66,64,0,64,130
11/22/2015,ORH,MA,ANE,EN,Federal Contract Tower,4,0,14,0,18,0,2,31,0,33,4,2,45,0,51,20,0,20,71
11/23/2015,ORH,MA,ANE,EN,Federal Contract Tower,4,3,29,0,36,0,2,50,0,52,4,5,79,0,88,44,0,44,132
11/24/2015,ORH,MA,ANE,EN,Federal Contract Tower,4,7,3,0,14,0,0,47,0,47,4,7,50,0,61,34,0,34,95
11/25/2015,ORH,MA,ANE,EN,Federal Contract Tower,4,2,10,0,16,0,2,63,0,65,4,4,73,0,81,38,0,38,119
11/26/2015,ORH,MA,ANE,EN,Federal Contract Tower,4,3,6,0,13,0,1,25,0,26,4,4,31,0,39,0,0,0,39
11/27/2015,ORH,MA,ANE,EN,Federal Contract Tower,4,2,8,0,14,0,0,32,0,32,4,2,40,0,46,48,0,48,94
11/28/2015,ORH,MA,ANE,EN,Federal Contract Tower,4,1,14,0,19,0,0,4,0,4,4,1,18,0,23,2,0,2,25
11/29/2015,ORH,MA,ANE,EN,Federal Contract Tower,4,7,6,0,17,0,0,38,0,38,4,7,44,0,55,44,0,44,99
11/30/2015,ORH,MA,ANE,EN,Federal Contract Tower,4,0,17,0,21,0,0,43,0,43,4,0,60,0,64,70,0,70,134
12/01/2015,ORH,MA,ANE,EN,Federal Contract Tower,4,2,6,0,12,0,0,31,0,31,4,2,37,0,43,18,0,18,61
12/02/2015,ORH,MA,ANE,EN,Federal Contract Tower,6,2,3,0,11,0,0,0,0,0,6,2,3,0,11,0,0,0,11
12/03/2015,ORH,MA,ANE,EN,Federal Contract Tower,4,3,12,0,19,0,0,20,0,20,4,3,32,0,39,0,0,0,39
12/04/2015,ORH,MA,ANE,EN,Federal Contract Tower,4,2,2,0,8,0,0,27,0,27,4,2,29,0,35,52,0,52,87
12/05/2015,ORH,MA,ANE,EN,Federal Contract Tower,4,0,18,0,22,0,0,47,0,47,4,0,65,0,69,64,0,64,133
12/06/2015,ORH,MA,ANE,EN,Federal Contract Tower,4,2,21,0,27,0,0,51,0,51,4,2,72,0,78,48,0,48,126
12/07/2015,ORH,MA,ANE,EN,Federal Contract Tower,4,0,7,0,11,0,0,54,0,54,4,0,61,0,65,54,0,54,119
12/08/2015,ORH,MA,ANE,EN,Federal Contract Tower,6,2,13,0,21,0,0,16,0,16,6,2,29,0,37,28,8,36,73
12/09/2015,ORH,MA,ANE,EN,Federal Contract Tower,4,0,15,0,19,0,0,27,0,27,4,0,42,0,46,24,0,24,70
12/10/2015,ORH,MA,ANE,EN,Federal Contract Tower,4,1,12,11,28,0,0,7,0,7,4,1,19,11,35,10,0,10,45
12/11/2015,ORH,MA,ANE,EN,Federal Contract Tower,4,0,20,0,24,0,0,29,0,29,4,0,49,0,53,36,0,36,89
12/12/2015,ORH,MA,ANE,EN,Federal Contract Tower,4,4,3,0,11,0,0,66,0,66,4,4,69,0,77,74,0,74,151
12/13/2015,ORH,MA,ANE,EN,Federal Contract Tower,4,0,18,0,22,0,2,28,0,30,4,2,46,0,52,38,0,38,90
12/14/2015,ORH,MA,ANE,EN,Federal Contract Tower,0,0,1,0,1,0,0,0,0,0,0,0,1,0,1,0,0,0,1
12/15/2015,ORH,MA,ANE,EN,Federal Contract Tower,4,4,4,0,12,0,0,53,0,53,4,4,57,0,65,0,0,0,65
12/16/2015,ORH,MA,ANE,EN,Federal Contract Tower,4,6,12,4,26,0,0,56,0,56,4,6,68,4,82,40,0,40,122
12/17/2015,ORH,MA,ANE,EN,Federal Contract Tower,4,0,4,0,8,0,0,0,0,0,4,0,4,0,8,0,0,0,8
12/18/2015,ORH,MA,ANE,EN,Federal Contract Tower,4,6,10,0,20,0,0,18,0,18,4,6,28,0,38,20,0,20,58
12/19/2015,ORH,MA,ANE,EN,Federal Contract Tower,4,4,6,8,22,0,0,58,0,58,4,4,64,8,80,54,0,54,134
12/20/2015,ORH,MA,ANE,EN,Federal Contract Tower,3,2,12,0,17,0,6,49,0,55,3,8,61,0,72,8,0,8,80
12/21/2015,ORH,MA,ANE,EN,Federal Contract Tower,4,0,3,0,7,0,2,42,0,44,4,2,45,0,51,30,0,30,81
12/22/2015,ORH,MA,ANE,EN,Federal Contract Tower,4,3,9,2,18,0,0,0,0,0,4,3,9,2,18,0,0,0,18
12/23/2015,ORH,MA,ANE,EN,Federal Contract Tower,4,4,10,0,18,0,0,24,0,24,4,4,34,0,42,28,0,28,70
12/24/2015,ORH,MA,ANE,EN,Federal Contract Tower,4,1,2,0,7,0,0,2,0,2,4,1,4,0,9,2,0,2,11
12/25/2015,ORH,MA,ANE,EN,Federal Contract Tower,4,0,0,4,8,0,0,9,0,9,4,0,9,4,17,8,0,8,25
12/26/2015,ORH,MA,ANE,EN,Federal Contract Tower,4,1,24,0,29,0,0,56,0,56,4,1,80,0,85,70,0,70,155
12/27/2015,ORH,MA,ANE,EN,Federal Contract Tower,4,5,6,0,15,0,0,3,0,3,4,5,9,0,18,0,0,0,18
12/28/2015,ORH,MA,ANE,EN,Federal Contract Tower,4,0,6,0,10,0,2,57,0,59,4,2,63,0,69,44,0,44,113
12/29/2015,ORH,MA,ANE,EN,Federal Contract Tower,4,0,0,0,4,0,0,0,0,0,4,0,0,0,4,0,0,0,4
12/30/2015,ORH,MA,ANE,EN,Federal Contract Tower,2,2,3,0,7,0,0,0,0,0,2,2,3,0,7,0,0,0,7
12/31/2015,ORH,MA,ANE,EN,Federal Contract Tower,4,0,21,2,27,0,7,25,0,32,4,7,46,2,59,32,12,44,103
01/01/2016,ORH,MA,ANE,EN,Federal Contract Tower,4,2,1,0,7,0,0,21,0,21,4,2,22,0,28,38,0,38,66
01/02/2016,ORH,MA,ANE,EN,Federal Contract Tower,4,0,11,0,15,0,0,43,0,43,4,0,54,0,58,70,0,70,128
01/03/2016,ORH,MA,ANE,EN,Federal Contract Tower,4,0,19,0,23,0,4,41,0,45,4,4,60,0,68,44,0,44,112
01/04/2016,ORH,MA,ANE,EN,Federal Contract Tower,4,2,3,5,14,0,0,55,0,55,4,2,58,5,69,48,12,60,129
01/05/2016,ORH,MA,ANE,EN,Federal Contract Tower,4,0,25,0,29,0,0,36,0,36,4,0,61,0,65,50,18,68,133
01/06/2016,ORH,MA,ANE,EN,Federal Contract Tower,4,0,17,18,39,0,0,39,0,39,4,0,56,18,78,24,0,24,102
01/07/2016,ORH,MA,ANE,EN,Federal Contract Tower,5,1,12,4,22,0,0,43,0,43,5,1,55,4,65,26,4,30,95
01/08/2016,ORH,MA,ANE,EN,Federal Contract Tower,5,2,7,0,14,0,0,38,0,38,5,2,45,0,52,66,0,66,118
01/09/2016,ORH,MA,ANE,EN,Federal Contract Tower,2,2,0,0,4,0,0,0,0,0,2,2,0,0,4,0,0,0,4
01/10/2016,ORH,MA,ANE,EN,Federal Contract Tower,4,0,2,0,6,0,0,0,0,0,4,0,2,0,6,0,0,0,6
01/11/2016,ORH,MA,ANE,EN,Federal Contract Tower,4,0,5,0,9,0,1,33,0,34,4,1,38,0,43,24,0,24,67
01/12/2016,ORH,MA,ANE,EN,Federal Contract Tower,4,0,9,0,13,0,2,30,0,32,4,2,39,0,45,42,0,42,87
01/13/2016,ORH,MA,ANE,EN,Federal Contract Tower,4,0,5,2,11,0,0,0,0,0,4,0,5,2,11,0,0,0,11
01/14/2016,ORH,MA,ANE,EN,Federal Contract Tower,3,0,6,4,13,0,2,22,12,36,3,2,28,16,49,16,2,18,67
01/15/2016,ORH,MA,ANE,EN,Federal Contract Tower,4,2,3,0,9,0,0,37,0,37,4,2,40,0,46,36,0,36,82
01/16/2016,ORH,MA,ANE,EN,Federal Contract Tower,4,1,2,0,7,0,0,16,0,16,4,1,18,0,23,18,0,18,41
01/17/2016,ORH,MA,ANE,EN,Federal Contract Tower,4,0,15,0,19,0,6,47,0,53,4,6,62,0,72,48,0,48,120
01/18/2016,ORH,MA,ANE,EN,Federal Contract Tower,4,0,9,0,13,0,0,3,0,3,4,0,12,0,16,0,0,0,16
01/19/2016,ORH,MA,ANE,EN,Federal Contract Tower,4,2,7,10,23,0,0,19,0,19,4,2,26,10,42,16,0,16,58
01/20/2016,ORH,MA,ANE,EN,Federal Contract Tower,4,2,9,0,15,0,0,21,0,21,4,2,30,0,36,12,0,12,48
01/21/2016,ORH,MA,ANE,EN,Federal Contract Tower,2,2,3,4,11,0,0,30,0,30,2,2,33,4,41,24,0,24,65
01/22/2016,ORH,MA,ANE,EN,Federal Contract Tower,4,1,30,0,35,0,1,31,0,32,4,2,61,0,67,28,0,28,95
01/23/2016,ORH,MA,ANE,EN,Federal Contract Tower,0,0,0,0,0,0,0,0,0,0,0,0,0,0,0,0,0,0,0
01/24/2016,ORH,MA,ANE,EN,Federal Contract Tower,4,0,3,2,9,0,4,27,0,31,4,4,30,2,40,18,4,22,62
01/25/2016,ORH,MA,ANE,EN,Federal Contract Tower,4,3,19,0,26,0,2,56,0,58,4,5,75,0,84,58,0,58,142
01/26/2016,ORH,MA,ANE,EN,Federal Contract Tower,4,1,2,1,8,0,1,50,0,51,4,2,52,1,59,12,28,40,99
01/27/2016,ORH,MA,ANE,EN,Federal Contract Tower,4,3,6,2,15,0,0,34,0,34,4,3,40,2,49,12,10,22,71
01/28/2016,ORH,MA,ANE,EN,Federal Contract Tower,4,1,16,4,25,0,0,32,0,32,4,1,48,4,57,10,4,14,71
01/29/2016,ORH,MA,ANE,EN,Federal Contract Tower,4,0,5,0,9,0,0,45,0,45,4,0,50,0,54,54,0,54,108
01/30/2016,ORH,MA,ANE,EN,Federal Contract Tower,4,0,16,0,20,0,0,65,0,65,4,0,81,0,85,54,0,54,139
01/31/2016,ORH,MA,ANE,EN,Federal Contract Tower,4,0,4,0,8,0,2,45,0,47,4,2,49,0,55,58,0,58,113
02/01/2016,ORH,MA,ANE,EN,Federal Contract Tower,4,8,7,0,19,0,0,41,0,41,4,8,48,0,60,54,0,54,114
02/02/2016,ORH,MA,ANE,EN,Federal Contract Tower,4,1,5,1,11,0,0,39,1,40,4,1,44,2,51,14,26,40,91
02/03/2016,ORH,MA,ANE,EN,Federal Contract Tower,4,0,2,0,6,0,0,0,0,0,4,0,2,0,6,0,0,0,6
02/04/2016,ORH,MA,ANE,EN,Federal Contract Tower,4,0,26,8,38,0,0,26,0,26,4,0,52,8,64,16,8,24,88
02/05/2016,ORH,MA,ANE,EN,Federal Contract Tower,4,0,3,0,7,0,0,0,0,0,4,0,3,0,7,0,0,0,7
02/06/2016,ORH,MA,ANE,EN,Federal Contract Tower,4,0,2,4,10,0,0,26,0,26,4,0,28,4,36,12,0,12,48
02/07/2016,ORH,MA,ANE,EN,Federal Contract Tower,4,2,13,0,19,0,0,47,1,48,4,2,60,1,67,50,0,50,117
02/08/2016,ORH,MA,ANE,EN,Federal Contract Tower,0,1,1,0,2,0,0,0,0,0,0,1,1,0,2,0,0,0,2
02/09/2016,ORH,MA,ANE,EN,Federal Contract Tower,4,3,9,0,16,0,1,13,1,15,4,4,22,1,31,0,0,0,31
02/10/2016,ORH,MA,ANE,EN,Federal Contract Tower,4,0,7,2,13,0,0,5,0,5,4,0,12,2,18,0,0,0,18
02/11/2016,ORH,MA,ANE,EN,Federal Contract Tower,4,0,4,0,8,0,0,4,4,8,4,0,8,4,16,0,4,4,20
02/12/2016,ORH,MA,ANE,EN,Federal Contract Tower,4,3,7,0,14,0,0,38,0,38,4,3,45,0,52,50,0,50,102
02/13/2016,ORH,MA,ANE,EN,Federal Contract Tower,4,0,6,0,10,0,0,45,0,45,4,0,51,0,55,42,0,42,97
02/14/2016,ORH,MA,ANE,EN,Federal Contract Tower,4,0,9,0,13,0,0,8,0,8,4,0,17,0,21,12,0,12,33
02/15/2016,ORH,MA,ANE,EN,Federal Contract Tower,4,1,7,0,12,0,0,13,0,13,4,1,20,0,25,18,0,18,43
02/16/2016,ORH,MA,ANE,EN,Federal Contract Tower,4,1,1,0,6,0,0,0,0,0,4,1,1,0,6,0,0,0,6
02/17/2016,ORH,MA,ANE,EN,Federal Contract Tower,4,4,24,0,32,0,0,40,0,40,4,4,64,0,72,54,8,62,134
02/18/2016,ORH,MA,ANE,EN,Federal Contract Tower,4,2,17,4,27,0,1,42,0,43,4,3,59,4,70,28,0,28,98
02/19/2016,ORH,MA,ANE,EN,Federal Contract Tower,4,0,13,0,17,0,0,55,0,55,4,0,68,0,72,52,8,60,132
02/20/2016,ORH,MA,ANE,EN,Federal Contract Tower,4,0,12,0,16,0,0,25,0,25,4,0,37,0,41,36,0,36,77
02/21/2016,ORH,MA,ANE,EN,Federal Contract Tower,4,2,7,1,14,0,2,58,0,60,4,4,65,1,74,42,0,42,116
02/22/2016,ORH,MA,ANE,EN,Federal Contract Tower,4,2,3,0,9,0,0,42,0,42,4,2,45,0,51,48,0,48,99
02/23/2016,ORH,MA,ANE,EN,Federal Contract Tower,4,1,5,0,10,0,0,40,0,40,4,1,45,0,50,28,0,28,78
02/24/2016,ORH,MA,ANE,EN,Federal Contract Tower,0,0,3,0,3,0,0,0,0,0,0,0,3,0,3,0,0,0,3
02/25/2016,ORH,MA,ANE,EN,Federal Contract Tower,4,1,4,0,9,0,0,16,0,16,4,1,20,0,25,0,0,0,25
02/26/2016,ORH,MA,ANE,EN,Federal Contract Tower,4,0,3,0,7,0,0,32,0,32,4,0,35,0,39,50,0,50,89
02/27/2016,ORH,MA,ANE,EN,Federal Contract Tower,4,0,30,0,34,0,0,41,0,41,4,0,71,0,75,78,0,78,153
02/28/2016,ORH,MA,ANE,EN,Federal Contract Tower,4,0,10,0,14,0,8,40,0,48,4,8,50,0,62,56,0,56,118
02/29/2016,ORH,MA,ANE,EN,Federal Contract Tower,4,2,0,0,6,0,0,33,0,33,4,2,33,0,39,36,0,36,75
03/01/2016,ORH,MA,ANE,EN,Federal Contract Tower,2,2,6,0,10,0,0,43,0,43,2,2,49,0,53,52,2,54,107
03/02/2016,ORH,MA,ANE,EN,Federal Contract Tower,4,11,4,4,23,0,0,9,0,9,4,11,13,4,32,0,12,12,44
03/03/2016,ORH,MA,ANE,EN,Federal Contract Tower,4,7,7,0,18,0,0,46,0,46,4,7,53,0,64,14,4,18,82
03/04/2016,ORH,MA,ANE,EN,Federal Contract Tower,4,1,15,0,20,0,0,19,0,19,4,1,34,0,39,20,0,20,59
03/05/2016,ORH,MA,ANE,EN,Federal Contract Tower,4,1,29,0,34,0,0,60,0,60,4,1,89,0,94,60,0,60,154
03/06/2016,ORH,MA,ANE,EN,Federal Contract Tower,4,2,4,0,10,0,6,39,0,45,4,8,43,0,55,44,0,44,99
03/07/2016,ORH,MA,ANE,EN,Federal Contract Tower,4,11,12,0,27,0,6,48,0,54,4,17,60,0,81,40,0,40,121
03/08/2016,ORH,MA,ANE,EN,Federal Contract Tower,4,14,7,0,25,0,0,40,0,40,4,14,47,0,65,46,0,46,111
03/09/2016,ORH,MA,ANE,EN,Federal Contract Tower,4,32,4,0,40,0,0,39,0,39,4,32,43,0,79,42,2,44,123
03/10/2016,ORH,MA,ANE,EN,Federal Contract Tower,4,33,13,2,52,0,0,25,0,25,4,33,38,2,77,16,0,16,93
03/11/2016,ORH,MA,ANE,EN,Federal Contract Tower,4,1,10,0,15,0,3,38,0,41,4,4,48,0,56,56,0,56,112
03/12/2016,ORH,MA,ANE,EN,Federal Contract Tower,4,0,8,0,12,0,0,59,0,59,4,0,67,0,71,50,0,50,121
03/13/2016,ORH,MA,ANE,EN,Federal Contract Tower,4,2,3,0,9,0,2,58,0,60,4,4,61,0,69,52,0,52,121
03/14/2016,ORH,MA,ANE,EN,Federal Contract Tower,5,2,1,0,8,0,0,0,0,0,5,2,1,0,8,0,0,0,8
03/15/2016,ORH,MA,ANE,EN,Federal Contract Tower,4,3,12,0,19,0,0,0,0,0,4,3,12,0,19,0,0,0,19
03/16/2016,ORH,MA,ANE,EN,Federal Contract Tower,4,1,9,4,18,0,0,43,0,43,4,1,52,4,61,40,0,40,101
03/17/2016,ORH,MA,ANE,EN,Federal Contract Tower,4,1,19,0,24,0,0,32,0,32,4,1,51,0,56,22,12,34,90
03/18/2016,ORH,MA,ANE,EN,Federal Contract Tower,4,0,7,0,11,0,1,34,0,35,4,1,41,0,46,38,0,38,84
03/19/2016,ORH,MA,ANE,EN,Federal Contract Tower,4,1,15,0,20,0,0,67,0,67,4,1,82,0,87,62,0,62,149
03/20/2016,ORH,MA,ANE,EN,Federal Contract Tower,4,3,9,0,16,0,4,41,0,45,4,7,50,0,61,42,0,42,103
03/21/2016,ORH,MA,ANE,EN,Federal Contract Tower,4,1,3,0,8,0,0,9,0,9,4,1,12,0,17,14,0,14,31
03/22/2016,ORH,MA,ANE,EN,Federal Contract Tower,4,5,3,1,13,0,0,53,0,53,4,5,56,1,66,62,18,80,146
03/23/2016,ORH,MA,ANE,EN,Federal Contract Tower,4,12,1,0,17,0,0,34,0,34,4,12,35,0,51,18,18,36,87
03/24/2016,ORH,MA,ANE,EN,Federal Contract Tower,4,0,31,0,35,0,1,33,0,34,4,1,64,0,69,10,0,10,79
03/25/2016,ORH,MA,ANE,EN,Federal Contract Tower,4,1,4,0,9,0,0,10,0,10,4,1,14,0,19,16,0,16,35
03/26/2016,ORH,MA,ANE,EN,Federal Contract Tower,4,0,11,0,15,0,6,54,0,60,4,6,65,0,75,46,0,46,121
03/27/2016,ORH,MA,ANE,EN,Federal Contract Tower,4,1,18,0,23,0,0,23,0,23,4,1,41,0,46,32,0,32,78
03/28/2016,ORH,MA,ANE,EN,Federal Contract Tower,2,0,10,0,12,0,0,0,0,0,2,0,10,0,12,0,0,0,12
03/29/2016,ORH,MA,ANE,EN,Federal Contract Tower,4,2,3,0,9,0,0,42,0,42,4,2,45,0,51,18,0,18,69
03/30/2016,ORH,MA,ANE,EN,Federal Contract Tower,4,3,27,0,34,0,1,73,0,74,4,4,100,0,108,56,0,56,164
03/31/2016,ORH,MA,ANE,EN,Federal Contract Tower,2,0,3,0,5,0,0,27,0,27,2,0,30,0,32,2,0,2,34
04/01/2016,ORH,MA,ANE,EN,Federal Contract Tower,2,1,4,0,7,0,0,6,0,6,2,1,10,0,13,8,0,8,21
04/02/2016,ORH,MA,ANE,EN,Federal Contract Tower,2,0,9,0,11,0,0,13,0,13,2,0,22,0,24,10,0,10,34
04/04/2016,ORH,MA,ANE,EN,Federal Contract Tower,4,1,5,0,10,0,0,0,0,0,4,1,5,0,10,0,0,0,10
04/05/2016,ORH,MA,ANE,EN,Federal Contract Tower,4,0,14,1,19,0,0,37,0,37,4,0,51,1,56,32,2,34,90
04/06/2016,ORH,MA,ANE,EN,Federal Contract Tower,4,2,32,2,40,0,0,40,0,40,4,2,72,2,80,22,0,22,102
04/07/2016,ORH,MA,ANE,EN,Federal Contract Tower,4,0,4,0,8,0,0,0,0,0,4,0,4,0,8,0,0,0,8
04/08/2016,ORH,MA,ANE,EN,Federal Contract Tower,4,0,9,0,13,0,0,37,0,37,4,0,46,0,50,38,0,38,88
04/09/2016,ORH,MA,ANE,EN,Federal Contract Tower,4,1,36,2,43,0,0,66,0,66,4,1,102,2,109,64,0,64,173
04/10/2016,ORH,MA,ANE,EN,Federal Contract Tower,4,2,20,0,26,0,0,60,0,60,4,2,80,0,86,60,0,60,146
04/11/2016,ORH,MA,ANE,EN,Federal Contract Tower,4,8,5,0,17,0,2,56,0,58,4,10,61,0,75,44,0,44,119
04/12/2016,ORH,MA,ANE,EN,Federal Contract Tower,4,0,10,1,15,0,0,33,2,35,4,0,43,3,50,24,0,24,74
04/13/2016,ORH,MA,ANE,EN,Federal Contract Tower,4,3,5,2,14,0,0,51,2,53,4,3,56,4,67,32,0,32,99
04/14/2016,ORH,MA,ANE,EN,Federal Contract Tower,5,3,23,0,31,0,1,64,0,65,5,4,87,0,96,54,8,62,158
04/15/2016,ORH,MA,ANE,EN,Federal Contract Tower,4,1,20,0,25,0,0,57,0,57,4,1,77,0,82,46,0,46,128
04/16/2016,ORH,MA,ANE,EN,Federal Contract Tower,4,0,2,0,6,0,0,44,0,44,4,0,46,0,50,32,0,32,82
04/17/2016,ORH,MA,ANE,EN,Federal Contract Tower,4,0,14,2,20,0,0,76,0,76,4,0,90,2,96,80,0,80,176
04/18/2016,ORH,MA,ANE,EN,Federal Contract Tower,4,0,15,0,19,0,0,50,0,50,4,0,65,0,69,70,0,70,139
04/19/2016,ORH,MA,ANE,EN,Federal Contract Tower,4,0,12,4,20,0,0,49,0,49,4,0,61,4,69,50,0,50,119
04/20/2016,ORH,MA,ANE,EN,Federal Contract Tower,4,3,12,0,19,0,0,43,1,44,4,3,55,1,63,22,0,22,85
04/21/2016,ORH,MA,ANE,EN,Federal Contract Tower,4,1,17,2,24,0,2,59,1,62,4,3,76,3,86,46,0,46,132
04/22/2016,ORH,MA,ANE,EN,Federal Contract Tower,4,0,12,0,16,0,0,51,0,51,4,0,63,0,67,58,0,58,125
04/23/2016,ORH,MA,ANE,EN,Federal Contract Tower,4,0,7,0,11,0,0,52,0,52,4,0,59,0,63,38,0,38,101
04/24/2016,ORH,MA,ANE,EN,Federal Contract Tower,4,2,12,0,18,0,0,61,0,61,4,2,73,0,79,70,0,70,149
04/25/2016,ORH,MA,ANE,EN,Federal Contract Tower,4,3,7,0,14,0,0,59,0,59,4,3,66,0,73,46,4,50,123
04/26/2016,ORH,MA,ANE,EN,Federal Contract Tower,4,2,8,0,14,0,0,0,0,0,4,2,8,0,14,0,0,0,14
04/27/2016,ORH,MA,ANE,EN,Federal Contract Tower,4,12,11,0,27,0,0,56,0,56,4,12,67,0,83,42,8,50,133
04/28/2016,ORH,MA,ANE,EN,Federal Contract Tower,4,0,11,0,15,0,2,59,0,61,4,2,70,0,76,40,8,48,124
04/29/2016,ORH,MA,ANE,EN,Federal Contract Tower,4,4,11,0,19,0,0,48,0,48,4,4,59,0,67,42,0,42,109
04/30/2016,ORH,MA,ANE,EN,Federal Contract Tower,4,0,9,0,13,0,0,62,0,62,4,0,71,0,75,48,0,48,123
05/01/2016,ORH,MA,ANE,EN,Federal Contract Tower,4,1,3,0,8,0,0,30,0,30,4,1,33,0,38,48,0,48,86
05/02/2016,ORH,MA,ANE,EN,Federal Contract Tower,4,2,4,0,10,0,0,0,0,0,4,2,4,0,10,0,0,0,10
05/03/2016,ORH,MA,ANE,EN,Federal Contract Tower,4,0,14,2,20,0,0,0,0,0,4,0,14,2,20,0,0,0,20
05/04/2016,ORH,MA,ANE,EN,Federal Contract Tower,2,0,15,4,21,0,0,4,0,4,2,0,19,4,25,0,0,0,25
05/05/2016,ORH,MA,ANE,EN,Federal Contract Tower,4,0,10,4,18,0,0,0,0,0,4,0,10,4,18,0,0,0,18
05/06/2016,ORH,MA,ANE,EN,Federal Contract Tower,4,2,7,0,13,0,0,56,0,56,4,2,63,0,69,44,0,44,113
05/07/2016,ORH,MA,ANE,EN,Federal Contract Tower,5,2,4,0,11,0,0,0,0,0,5,2,4,0,11,0,0,0,11
05/08/2016,ORH,MA,ANE,EN,Federal Contract Tower,4,2,5,0,11,0,1,13,0,14,4,3,18,0,25,8,0,8,33
05/09/2016,ORH,MA,ANE,EN,Federal Contract Tower,4,3,9,0,16,0,0,54,0,54,4,3,63,0,70,30,0,30,100
05/10/2016,ORH,MA,ANE,EN,Federal Contract Tower,4,0,18,0,22,0,0,54,0,54,4,0,72,0,76,54,0,54,130
05/11/2016,ORH,MA,ANE,EN,Federal Contract Tower,4,10,27,2,43,0,0,50,0,50,4,10,77,2,93,40,2,42,135
05/12/2016,ORH,MA,ANE,EN,Federal Contract Tower,4,3,20,4,31,0,0,55,1,56,4,3,75,5,87,30,0,30,117
05/13/2016,ORH,MA,ANE,EN,Federal Contract Tower,4,2,9,0,15,0,0,24,0,24,4,2,33,0,39,40,0,40,79
05/14/2016,ORH,MA,ANE,EN,Federal Contract Tower,4,2,13,0,19,0,0,56,0,56,4,2,69,0,75,62,0,62,137
05/15/2016,ORH,MA,ANE,EN,Federal Contract Tower,4,3,15,0,22,0,4,44,0,48,4,7,59,0,70,44,0,44,114
05/16/2016,ORH,MA,ANE,EN,Federal Contract Tower,4,1,4,4,13,0,0,39,0,39,4,1,43,4,52,38,8,46,98
05/17/2016,ORH,MA,ANE,EN,Federal Contract Tower,4,11,20,0,35,0,0,57,1,58,4,11,77,1,93,58,0,58,151
05/18/2016,ORH,MA,ANE,EN,Federal Contract Tower,4,4,22,0,30,0,1,54,0,55,4,5,76,0,85,32,0,32,117
05/19/2016,ORH,MA,ANE,EN,Federal Contract Tower,4,1,18,0,23,0,1,46,2,49,4,2,64,2,72,20,0,20,92
05/20/2016,ORH,MA,ANE,EN,Federal Contract Tower,4,1,21,0,26,0,0,59,0,59,4,1,80,0,85,40,0,40,125
05/21/2016,ORH,MA,ANE,EN,Federal Contract Tower,4,2,9,0,15,0,0,59,0,59,4,2,68,0,74,22,0,22,96
05/22/2016,ORH,MA,ANE,EN,Federal Contract Tower,4,8,13,0,25,0,0,72,0,72,4,8,85,0,97,42,0,42,139
05/23/2016,ORH,MA,ANE,EN,Federal Contract Tower,4,4,3,0,11,0,2,59,0,61,4,6,62,0,72,58,0,58,130
05/24/2016,ORH,MA,ANE,EN,Federal Contract Tower,4,0,6,1,11,0,0,0,0,0,4,0,6,1,11,0,0,0,11
05/25/2016,ORH,MA,ANE,EN,Federal Contract Tower,4,1,25,8,38,0,0,56,0,56,4,1,81,8,94,30,10,40,134
05/26/2016,ORH,MA,ANE,EN,Federal Contract Tower,4,3,15,0,22,0,0,56,0,56,4,3,71,0,78,24,0,24,102
05/27/2016,ORH,MA,ANE,EN,Federal Contract Tower,4,1,27,0,32,0,6,56,0,62,4,7,83,0,94,70,0,70,164
05/28/2016,ORH,MA,ANE,EN,Federal Contract Tower,4,0,16,0,20,0,0,52,0,52,4,0,68,0,72,46,0,46,118
05/29/2016,ORH,MA,ANE,EN,Federal Contract Tower,4,0,7,0,11,0,0,0,0,0,4,0,7,0,11,0,0,0,11
05/30/2016,ORH,MA,ANE,EN,Federal Contract Tower,4,3,5,0,12,0,0,12,0,12,4,3,17,0,24,16,0,16,40
05/31/2016,ORH,MA,ANE,EN,Federal Contract Tower,4,0,22,0,26,0,2,63,0,65,4,2,85,0,91,64,0,64,155
06/01/2016,ORH,MA,ANE,EN,Federal Contract Tower,4,3,12,4,23,0,1,55,4,60,4,4,67,8,83,62,0,62,145
06/02/2016,ORH,MA,ANE,EN,Federal Contract Tower,4,0,11,2,17,0,0,23,0,23,4,0,34,2,40,12,0,12,52
06/03/2016,ORH,MA,ANE,EN,Federal Contract Tower,4,3,20,0,27,0,0,14,0,14,4,3,34,0,41,12,0,12,53
06/04/2016,ORH,MA,ANE,EN,Federal Contract Tower,4,0,12,0,16,0,0,48,0,48,4,0,60,0,64,80,0,80,144
06/05/2016,ORH,MA,ANE,EN,Federal Contract Tower,4,2,4,0,10,0,0,0,0,0,4,2,4,0,10,0,0,0,10
06/06/2016,ORH,MA,ANE,EN,Federal Contract Tower,4,1,9,4,18,0,0,58,1,59,4,1,67,5,77,60,4,64,141
06/07/2016,ORH,MA,ANE,EN,Federal Contract Tower,4,0,11,0,15,0,2,61,0,63,4,2,72,0,78,52,0,52,130
06/08/2016,ORH,MA,ANE,EN,Federal Contract Tower,2,0,20,12,34,0,0,50,0,50,2,0,70,12,84,8,0,8,92
06/09/2016,ORH,MA,ANE,EN,Federal Contract Tower,2,3,8,2,15,0,1,47,0,48,2,4,55,2,63,22,0,22,85
06/10/2016,ORH,MA,ANE,EN,Federal Contract Tower,6,0,17,0,23,0,0,57,0,57,6,0,74,0,80,34,0,34,114
06/11/2016,ORH,MA,ANE,EN,Federal Contract Tower,4,2,20,0,26,0,0,27,0,27,4,2,47,0,53,16,0,16,69
06/12/2016,ORH,MA,ANE,EN,Federal Contract Tower,4,0,12,0,16,0,2,47,0,49,4,2,59,0,65,44,0,44,109
06/13/2016,ORH,MA,ANE,EN,Federal Contract Tower,4,6,7,0,17,0,2,63,0,65,4,8,70,0,82,48,0,48,130
06/14/2016,ORH,MA,ANE,EN,Federal Contract Tower,4,1,16,0,21,0,0,59,0,59,4,1,75,0,80,32,0,32,112
06/15/2016,ORH,MA,ANE,EN,Federal Contract Tower,4,3,47,0,54,0,0,68,0,68,4,3,115,0,122,38,0,38,160
06/16/2016,ORH,MA,ANE,EN,Federal Contract Tower,4,2,25,0,31,0,0,68,2,70,4,2,93,2,101,40,0,40,141
06/17/2016,ORH,MA,ANE,EN,Federal Contract Tower,4,1,14,0,19,0,0,69,0,69,4,1,83,0,88,92,0,92,180
06/18/2016,ORH,MA,ANE,EN,Federal Contract Tower,4,0,19,0,23,0,4,78,0,82,4,4,97,0,105,64,0,64,169
06/19/2016,ORH,MA,ANE,EN,Federal Contract Tower,4,0,12,0,16,0,0,73,0,73,4,0,85,0,89,56,0,56,145
06/20/2016,ORH,MA,ANE,EN,Federal Contract Tower,4,1,11,0,16,0,0,60,0,60,4,1,71,0,76,58,0,58,134
06/21/2016,ORH,MA,ANE,EN,Federal Contract Tower,2,0,10,5,17,0,0,52,0,52,2,0,62,5,69,72,0,72,141
06/22/2016,ORH,MA,ANE,EN,Federal Contract Tower,4,2,12,2,20,0,0,38,0,38,4,2,50,2,58,10,0,10,68
06/23/2016,ORH,MA,ANE,EN,Federal Contract Tower,4,0,28,2,34,0,0,55,0,55,4,0,83,2,89,56,0,56,145
06/24/2016,ORH,MA,ANE,EN,Federal Contract Tower,4,1,17,0,22,0,1,76,0,77,4,2,93,0,99,52,0,52,151
06/25/2016,ORH,MA,ANE,EN,Federal Contract Tower,4,0,20,0,24,0,0,75,0,75,4,0,95,0,99,80,0,80,179
06/26/2016,ORH,MA,ANE,EN,Federal Contract Tower,4,2,12,0,18,0,2,62,0,64,4,4,74,0,82,64,0,64,146
06/27/2016,ORH,MA,ANE,EN,Federal Contract Tower,4,0,9,0,13,0,65,1,0,66,4,65,10,0,79,66,0,66,145
06/28/2016,ORH,MA,ANE,EN,Federal Contract Tower,4,2,16,6,28,0,0,3,0,3,4,2,19,6,31,0,0,0,31
06/29/2016,ORH,MA,ANE,EN,Federal Contract Tower,4,0,15,0,19,0,2,48,0,50,4,2,63,0,69,6,0,6,75
06/30/2016,ORH,MA,ANE,EN,Federal Contract Tower,4,17,13,0,34,0,0,72,0,72,4,17,85,0,106,58,0,58,164
07/01/2016,ORH,MA,ANE,EN,Federal Contract Tower,4,2,40,0,46,0,0,78,0,78,4,2,118,0,124,64,0,64,188
07/02/2016,ORH,MA,ANE,EN,Federal Contract Tower,4,3,14,0,21,0,0,75,0,75,4,3,89,0,96,60,0,60,156
07/03/2016,ORH,MA,ANE,EN,Federal Contract Tower,4,3,4,0,11,0,1,46,0,47,4,4,50,0,58,58,0,58,116
07/04/2016,ORH,MA,ANE,EN,Federal Contract Tower,4,0,8,0,12,0,0,56,0,56,4,0,64,0,68,40,0,40,108
07/05/2016,ORH,MA,ANE,EN,Federal Contract Tower,4,0,3,3,10,0,0,36,0,36,4,0,39,3,46,28,2,30,76
07/06/2016,ORH,MA,ANE,EN,Federal Contract Tower,4,2,15,2,23,0,2,85,0,87,4,4,100,2,110,62,2,64,174
07/07/2016,ORH,MA,ANE,EN,Federal Contract Tower,4,5,18,0,27,0,0,38,0,38,4,5,56,0,65,22,0,22,87
07/08/2016,ORH,MA,ANE,EN,Federal Contract Tower,4,0,14,0,18,0,0,17,0,17,4,0,31,0,35,20,0,20,55
07/09/2016,ORH,MA,ANE,EN,Federal Contract Tower,4,1,19,0,24,0,0,0,0,0,4,1,19,0,24,0,0,0,24
07/10/2016,ORH,MA,ANE,EN,Federal Contract Tower,4,0,19,0,23,0,0,1,0,1,4,0,20,0,24,0,0,0,24
07/11/2016,ORH,MA,ANE,EN,Federal Contract Tower,4,0,12,0,16,0,0,53,0,53,4,0,65,0,69,36,0,36,105
07/12/2016,ORH,MA,ANE,EN,Federal Contract Tower,4,0,12,1,17,0,0,62,0,62,4,0,74,1,79,52,8,60,139
07/13/2016,ORH,MA,ANE,EN,Federal Contract Tower,4,1,8,0,13,0,6,58,0,64,4,7,66,0,77,30,0,30,107
07/14/2016,ORH,MA,ANE,EN,Federal Contract Tower,2,0,11,2,15,0,0,1,0,1,2,0,12,2,16,0,0,0,16
07/15/2016,ORH,MA,ANE,EN,Federal Contract Tower,4,1,16,0,21,0,1,76,0,77,4,2,92,0,98,62,0,62,160
07/16/2016,ORH,MA,ANE,EN,Federal Contract Tower,4,1,18,0,23,0,0,67,0,67,4,1,85,0,90,70,0,70,160
07/17/2016,ORH,MA,ANE,EN,Federal Contract Tower,4,0,13,0,17,0,2,56,0,58,4,2,69,0,75,66,0,66,141
07/18/2016,ORH,MA,ANE,EN,Federal Contract Tower,4,0,13,0,17,0,0,60,0,60,4,0,73,0,77,66,0,66,143
07/19/2016,ORH,MA,ANE,EN,Federal Contract Tower,2,1,26,2,31,0,2,85,0,87,2,3,111,2,118,98,2,100,218
07/20/2016,ORH,MA,ANE,EN,Federal Contract Tower,4,2,17,8,31,0,3,68,0,71,4,5,85,8,102,30,0,30,132
07/21/2016,ORH,MA,ANE,EN,Federal Contract Tower,4,1,22,0,27,0,2,63,0,65,4,3,85,0,92,66,0,66,158
07/22/2016,ORH,MA,ANE,EN,Federal Contract Tower,4,4,19,0,27,68,0,0,0,68,72,4,19,0,95,72,6,78,173
07/23/2016,ORH,MA,ANE,EN,Federal Contract Tower,4,0,14,2,20,0,0,72,0,72,4,0,86,2,92,62,4,66,158
07/24/2016,ORH,MA,ANE,EN,Federal Contract Tower,4,4,16,0,24,0,0,45,0,45,4,4,61,0,69,56,0,56,125
07/25/2016,ORH,MA,ANE,EN,Federal Contract Tower,4,4,18,0,26,0,0,69,0,69,4,4,87,0,95,82,0,82,177
07/26/2016,ORH,MA,ANE,EN,Federal Contract Tower,4,4,7,0,15,0,0,66,0,66,4,4,73,0,81,50,0,50,131
07/27/2016,ORH,MA,ANE,EN,Federal Contract Tower,4,1,25,0,30,0,0,70,0,70,4,1,95,0,100,58,0,58,158
07/28/2016,ORH,MA,ANE,EN,Federal Contract Tower,4,7,18,6,35,0,0,62,0,62,4,7,80,6,97,38,0,38,135
07/29/2016,ORH,MA,ANE,EN,Federal Contract Tower,4,2,4,0,10,0,0,25,0,25,4,2,29,0,35,40,0,40,75
07/30/2016,ORH,MA,ANE,EN,Federal Contract Tower,4,0,17,0,21,0,0,60,0,60,4,0,77,0,81,60,0,60,141
07/31/2016,ORH,MA,ANE,EN,Federal Contract Tower,5,0,8,0,13,0,0,0,0,0,5,0,8,0,13,0,0,0,13
08/01/2016,ORH,MA,ANE,EN,Federal Contract Tower,3,2,10,0,15,0,1,18,0,19,3,3,28,0,34,4,0,4,38
08/02/2016,ORH,MA,ANE,EN,Federal Contract Tower,4,5,35,1,45,0,2,23,1,26,4,7,58,2,71,28,0,28,99
08/03/2016,ORH,MA,ANE,EN,Federal Contract Tower,4,4,20,0,28,0,0,50,2,52,4,4,70,2,80,32,0,32,112
08/04/2016,ORH,MA,ANE,EN,Federal Contract Tower,4,5,21,0,30,0,1,58,2,61,4,6,79,2,91,62,5,67,158
08/05/2016,ORH,MA,ANE,EN,Federal Contract Tower,4,7,13,0,24,0,0,75,0,75,4,7,88,0,99,46,0,46,145
08/06/2016,ORH,MA,ANE,EN,Federal Contract Tower,4,4,21,0,29,0,3,59,0,62,4,7,80,0,91,62,0,62,153
08/07/2016,ORH,MA,ANE,EN,Federal Contract Tower,3,0,15,0,18,0,0,65,0,65,3,0,80,0,83,56,0,56,139
08/08/2016,ORH,MA,ANE,EN,Federal Contract Tower,5,3,13,4,25,0,2,74,0,76,5,5,87,4,101,60,0,60,161
08/09/2016,ORH,MA,ANE,EN,Federal Contract Tower,4,0,29,0,33,0,0,71,0,71,4,0,100,0,104,86,6,92,196
08/10/2016,ORH,MA,ANE,EN,Federal Contract Tower,4,11,13,0,28,0,0,4,0,4,4,11,17,0,32,0,0,0,32
08/11/2016,ORH,MA,ANE,EN,Federal Contract Tower,4,0,29,2,35,0,0,36,0,36,4,0,65,2,71,18,0,18,89
08/12/2016,ORH,MA,ANE,EN,Federal Contract Tower,3,2,20,0,25,0,0,59,0,59,3,2,79,0,84,46,0,46,130
08/13/2016,ORH,MA,ANE,EN,Federal Contract Tower,4,1,15,0,20,0,0,15,0,15,4,1,30,0,35,0,0,0,35
08/14/2016,ORH,MA,ANE,EN,Federal Contract Tower,4,1,10,0,15,0,0,51,0,51,4,1,61,0,66,40,0,40,106
08/15/2016,ORH,MA,ANE,EN,Federal Contract Tower,4,5,4,7,20,0,0,66,0,66,4,5,70,7,86,78,0,78,164
08/16/2016,ORH,MA,ANE,EN,Federal Contract Tower,4,2,4,6,16,0,0,27,0,27,4,2,31,6,43,4,10,14,57
08/17/2016,ORH,MA,ANE,EN,Federal Contract Tower,4,2,9,0,15,0,0,52,0,52,4,2,61,0,67,16,0,16,83
08/18/2016,ORH,MA,ANE,EN,Federal Contract Tower,4,5,21,0,30,0,2,75,2,79,4,7,96,2,109,68,8,76,185
08/19/2016,ORH,MA,ANE,EN,Federal Contract Tower,4,3,15,0,22,0,0,64,0,64,4,3,79,0,86,72,0,72,158
08/20/2016,ORH,MA,ANE,EN,Federal Contract Tower,4,0,5,0,9,0,0,32,0,32,4,0,37,0,41,36,0,36,77
08/21/2016,ORH,MA,ANE,EN,Federal Contract Tower,4,2,12,1,19,0,0,34,0,34,4,2,46,1,53,44,0,44,97
08/22/2016,ORH,MA,ANE,EN,Federal Contract Tower,8,1,8,0,17,0,0,48,0,48,8,1,56,0,65,56,0,56,121
08/23/2016,ORH,MA,ANE,EN,Federal Contract Tower,4,7,8,0,19,0,2,61,0,63,4,9,69,0,82,64,0,64,146
08/24/2016,ORH,MA,ANE,EN,Federal Contract Tower,4,2,21,0,27,0,2,63,0,65,4,4,84,0,92,50,0,50,142
08/25/2016,ORH,MA,ANE,EN,Federal Contract Tower,4,0,2,0,6,0,0,57,0,57,4,0,59,0,63,42,0,42,105
08/26/2016,ORH,MA,ANE,EN,Federal Contract Tower,4,0,9,0,13,0,0,30,0,30,4,0,39,0,43,54,0,54,97
08/27/2016,ORH,MA,ANE,EN,Federal Contract Tower,4,0,14,0,18,0,0,51,0,51,4,0,65,0,69,46,0,46,115
08/28/2016,ORH,MA,ANE,EN,Federal Contract Tower,4,0,4,0,8,0,2,51,0,53,4,2,55,0,61,52,0,52,113
08/29/2016,ORH,MA,ANE,EN,Federal Contract Tower,4,2,6,0,12,0,0,40,0,40,4,2,46,0,52,52,0,52,104
08/30/2016,ORH,MA,ANE,EN,Federal Contract Tower,4,5,9,0,18,0,0,54,0,54,4,5,63,0,72,58,0,58,130
08/31/2016,ORH,MA,ANE,EN,Federal Contract Tower,4,0,9,0,13,0,2,33,6,41,4,2,42,6,54,0,0,0,54
09/01/2016,ORH,MA,ANE,EN,Federal Contract Tower,4,2,14,0,20,0,0,39,0,39,4,2,53,0,59,18,0,18,77
09/02/2016,ORH,MA,ANE,EN,Federal Contract Tower,4,1,12,0,17,0,0,43,0,43,4,1,55,0,60,36,0,36,96
09/03/2016,ORH,MA,ANE,EN,Federal Contract Tower,4,1,11,0,16,0,2,57,0,59,4,3,68,0,75,46,0,46,121
09/04/2016,ORH,MA,ANE,EN,Federal Contract Tower,6,1,2,0,9,0,2,44,0,46,6,3,46,0,55,64,0,64,119
09/05/2016,ORH,MA,ANE,EN,Federal Contract Tower,4,0,15,0,19,0,0,56,0,56,4,0,71,0,75,44,0,44,119
09/06/2016,ORH,MA,ANE,EN,Federal Contract Tower,4,3,15,1,23,0,0,0,0,0,4,3,15,1,23,0,0,0,23
09/07/2016,ORH,MA,ANE,EN,Federal Contract Tower,7,4,11,0,22,0,0,3,0,3,7,4,14,0,25,0,0,0,25
09/08/2016,ORH,MA,ANE,EN,Federal Contract Tower,5,4,23,2,34,0,0,34,0,34,5,4,57,2,68,18,6,24,92
09/09/2016,ORH,MA,ANE,EN,Federal Contract Tower,4,1,18,0,23,0,0,46,0,46,4,1,64,0,69,54,0,54,123
09/10/2016,ORH,MA,ANE,EN,Federal Contract Tower,4,1,5,0,10,0,0,41,0,41,4,1,46,0,51,56,0,56,107
09/11/2016,ORH,MA,ANE,EN,Federal Contract Tower,4,3,13,0,20,0,0,37,0,37,4,3,50,0,57,48,0,48,105
09/12/2016,ORH,MA,ANE,EN,Federal Contract Tower,4,2,5,0,11,0,0,61,0,61,4,2,66,0,72,60,0,60,132
09/13/2016,ORH,MA,ANE,EN,Federal Contract Tower,4,15,9,0,28,0,0,56,0,56,4,15,65,0,84,54,4,58,142
09/14/2016,ORH,MA,ANE,EN,Federal Contract Tower,4,3,26,2,35,0,0,57,0,57,4,3,83,2,92,42,0,42,134
09/15/2016,ORH,MA,ANE,EN,Federal Contract Tower,4,3,21,4,32,0,4,61,0,65,4,7,82,4,97,62,6,68,165
09/16/2016,ORH,MA,ANE,EN,Federal Contract Tower,4,4,18,0,26,0,0,66,0,66,4,4,84,0,92,56,0,56,148
09/17/2016,ORH,MA,ANE,EN,Federal Contract Tower,4,0,44,0,48,0,0,65,0,65,4,0,109,0,113,58,0,58,171
09/18/2016,ORH,MA,ANE,EN,Federal Contract Tower,4,0,7,1,12,0,2,0,0,2,4,2,7,1,14,0,0,0,14
09/19/2016,ORH,MA,ANE,EN,Federal Contract Tower,4,6,14,0,24,0,0,11,0,11,4,6,25,0,35,16,0,16,51
09/20/2016,ORH,MA,ANE,EN,Federal Contract Tower,4,2,8,1,15,0,0,40,0,40,4,2,48,1,55,22,8,30,85
09/21/2016,ORH,MA,ANE,EN,Federal Contract Tower,4,21,3,0,28,0,0,60,0,60,4,21,63,0,88,44,0,44,132
09/22/2016,ORH,MA,ANE,EN,Federal Contract Tower,4,1,19,0,24,0,0,70,0,70,4,1,89,0,94,82,0,82,176
09/23/2016,ORH,MA,ANE,EN,Federal Contract Tower,4,4,15,0,23,0,0,62,0,62,4,4,77,0,85,50,0,50,135
09/24/2016,ORH,MA,ANE,EN,Federal Contract Tower,4,0,2,0,6,0,0,112,0,112,4,0,114,0,118,68,0,68,186
09/25/2016,ORH,MA,ANE,EN,Federal Contract Tower,4,3,6,0,13,0,1,73,12,86,4,4,79,12,99,70,0,70,169
09/26/2016,ORH,MA,ANE,EN,Federal Contract Tower,4,1,6,0,11,0,0,55,0,55,4,1,61,0,66,48,0,48,114
09/27/2016,ORH,MA,ANE,EN,Federal Contract Tower,4,9,17,1,31,0,0,51,0,51,4,9,68,1,82,52,0,52,134
09/28/2016,ORH,MA,ANE,EN,Federal Contract Tower,4,2,34,0,40,0,0,0,0,0,4,2,34,0,40,0,0,0,40
09/29/2016,ORH,MA,ANE,EN,Federal Contract Tower,4,0,23,2,29,0,0,42,0,42,4,0,65,2,71,6,6,12,83
09/30/2016,ORH,MA,ANE,EN,Federal Contract Tower,4,3,7,0,14,0,0,5,0,5,4,3,12,0,19,0,0,0,19
10/01/2016,ORH,MA,ANE,EN,Federal Contract Tower,6,0,8,0,14,0,0,0,0,0,6,0,8,0,14,0,0,0,14
10/02/2016,ORH,MA,ANE,EN,Federal Contract Tower,4,3,8,0,15,0,0,0,0,0,4,3,8,0,15,0,0,0,15
10/03/2016,ORH,MA,ANE,EN,Federal Contract Tower,4,3,2,0,9,0,0,47,0,47,4,3,49,0,56,50,0,50,106
10/04/2016,ORH,MA,ANE,EN,Federal Contract Tower,4,5,9,6,24,0,0,29,0,29,4,5,38,6,53,22,10,32,85
10/05/2016,ORH,MA,ANE,EN,Federal Contract Tower,4,3,12,2,21,0,0,49,2,51,4,3,61,4,72,34,8,42,114
10/06/2016,ORH,MA,ANE,EN,Federal Contract Tower,1,1,25,0,27,0,2,64,0,66,1,3,89,0,93,76,0,76,169
10/07/2016,ORH,MA,ANE,EN,Federal Contract Tower,0,0,16,0,16,0,0,63,0,63,0,0,79,0,79,42,0,42,121
10/08/2016,ORH,MA,ANE,EN,Federal Contract Tower,3,0,7,0,10,0,0,49,0,49,3,0,56,0,59,38,0,38,97
10/09/2016,ORH,MA,ANE,EN,Federal Contract Tower,4,0,13,0,17,0,0,0,0,0,4,0,13,0,17,0,0,0,17
10/10/2016,ORH,MA,ANE,EN,Federal Contract Tower,4,3,4,0,11,0,1,40,0,41,4,4,44,0,52,34,0,34,86
10/11/2016,ORH,MA,ANE,EN,Federal Contract Tower,4,7,11,0,22,0,0,68,1,69,4,7,79,1,91,56,0,56,147
10/12/2016,ORH,MA,ANE,EN,Federal Contract Tower,4,1,18,0,23,0,2,61,0,63,4,3,79,0,86,58,0,58,144
10/13/2016,ORH,MA,ANE,EN,Federal Contract Tower,4,5,23,4,36,0,0,27,0,27,4,5,50,4,63,38,0,38,101
10/14/2016,ORH,MA,ANE,EN,Federal Contract Tower,4,1,11,0,16,0,0,60,0,60,4,1,71,0,76,74,0,74,150
10/15/2016,ORH,MA,ANE,EN,Federal Contract Tower,4,2,10,0,16,0,0,69,0,69,4,2,79,0,85,70,8,78,163
10/16/2016,ORH,MA,ANE,EN,Federal Contract Tower,4,0,5,2,11,0,3,29,0,32,4,3,34,2,43,42,0,42,85
10/17/2016,ORH,MA,ANE,EN,Federal Contract Tower,4,2,8,0,14,0,5,68,0,73,4,7,76,0,87,84,0,84,171
10/18/2016,ORH,MA,ANE,EN,Federal Contract Tower,0,2,10,2,14,0,0,9,0,9,0,2,19,2,23,6,0,6,29
10/19/2016,ORH,MA,ANE,EN,Federal Contract Tower,4,4,54,2,64,0,0,67,0,67,4,4,121,2,131,70,10,80,211
10/20/2016,ORH,MA,ANE,EN,Federal Contract Tower,4,7,26,0,37,0,0,67,0,67,4,7,93,0,104,38,0,38,142
10/21/2016,ORH,MA,ANE,EN,Federal Contract Tower,1,0,5,0,6,0,0,0,0,0,1,0,5,0,6,0,0,0,6
10/22/2016,ORH,MA,ANE,EN,Federal Contract Tower,4,0,11,0,15,0,0,0,0,0,4,0,11,0,15,0,0,0,15
10/23/2016,ORH,MA,ANE,EN,Federal Contract Tower,5,1,0,0,6,0,0,11,0,11,5,1,11,0,17,14,0,14,31
10/24/2016,ORH,MA,ANE,EN,Federal Contract Tower,4,12,7,0,23,0,0,38,2,40,4,12,45,2,63,44,0,44,107
10/25/2016,ORH,MA,ANE,EN,Federal Contract Tower,5,3,18,0,26,0,2,62,0,64,5,5,80,0,90,52,0,52,142
10/26/2016,ORH,MA,ANE,EN,Federal Contract Tower,4,9,22,0,35,0,1,61,0,62,4,10,83,0,97,48,2,50,147
10/27/2016,ORH,MA,ANE,EN,Federal Contract Tower,4,3,9,0,16,0,0,11,0,11,4,3,20,0,27,2,0,2,29
10/28/2016,ORH,MA,ANE,EN,Federal Contract Tower,4,1,9,0,14,0,0,2,0,2,4,1,11,0,16,0,0,0,16
10/29/2016,ORH,MA,ANE,EN,Federal Contract Tower,4,1,13,0,18,0,4,45,0,49,4,5,58,0,67,70,0,70,137
10/30/2016,ORH,MA,ANE,EN,Federal Contract Tower,2,0,12,0,14,0,0,35,0,35,2,0,47,0,49,34,0,34,83
10/31/2016,ORH,MA,ANE,EN,Federal Contract Tower,4,0,12,0,16,0,2,61,0,63,4,2,73,0,79,58,0,58,137
11/01/2016,ORH,MA,ANE,EN,Federal Contract Tower,4,0,7,2,13,0,0,64,0,64,4,0,71,2,77,34,2,36,113
11/02/2016,ORH,MA,ANE,EN,Federal Contract Tower,4,3,25,4,36,0,0,56,0,56,4,3,81,4,92,54,0,54,146
11/03/2016,ORH,MA,ANE,EN,Federal Contract Tower,4,3,24,6,37,0,0,21,0,21,4,3,45,6,58,0,0,0,58
11/04/2016,ORH,MA,ANE,EN,Federal Contract Tower,4,0,24,0,28,0,0,51,0,51,4,0,75,0,79,50,0,50,129
11/05/2016,ORH,MA,ANE,EN,Federal Contract Tower,4,2,15,0,21,0,2,59,0,61,4,4,74,0,82,60,0,60,142
11/06/2016,ORH,MA,ANE,EN,Federal Contract Tower,4,0,8,0,12,0,0,28,0,28,4,0,36,0,40,40,0,40,80
11/07/2016,ORH,MA,ANE,EN,Federal Contract Tower,4,4,6,0,14,0,0,48,0,48,4,4,54,0,62,60,0,60,122
11/08/2016,ORH,MA,ANE,EN,Federal Contract Tower,4,9,26,2,41,0,0,51,0,51,4,9,77,2,92,44,0,44,136
11/09/2016,ORH,MA,ANE,EN,Federal Contract Tower,4,2,10,4,20,0,1,41,0,42,4,3,51,4,62,0,0,0,62
11/10/2016,ORH,MA,ANE,EN,Federal Contract Tower,4,3,24,0,31,0,0,61,1,62,4,3,85,1,93,24,0,24,117
11/11/2016,ORH,MA,ANE,EN,Federal Contract Tower,4,4,4,0,12,0,0,54,0,54,4,4,58,0,66,52,0,52,118
11/12/2016,ORH,MA,ANE,EN,Federal Contract Tower,4,1,37,0,42,0,0,53,0,53,4,1,90,0,95,42,0,42,137
11/13/2016,ORH,MA,ANE,EN,Federal Contract Tower,4,2,12,0,18,0,2,39,0,41,4,4,51,0,59,48,0,48,107
11/14/2016,ORH,MA,ANE,EN,Federal Contract Tower,4,3,16,0,23,0,0,76,0,76,4,3,92,0,99,34,0,34,133
11/15/2016,ORH,MA,ANE,EN,Federal Contract Tower,4,3,18,0,25,0,0,6,0,6,4,3,24,0,31,0,0,0,31
11/16/2016,ORH,MA,ANE,EN,Federal Contract Tower,4,5,11,6,26,0,6,0,0,6,4,11,11,6,32,0,0,0,32
11/17/2016,ORH,MA,ANE,EN,Federal Contract Tower,4,2,35,4,45,0,0,47,0,47,4,2,82,4,92,42,0,42,134
11/18/2016,ORH,MA,ANE,EN,Federal Contract Tower,4,3,21,0,28,0,0,60,0,60,4,3,81,0,88,76,0,76,164
11/19/2016,ORH,MA,ANE,EN,Federal Contract Tower,4,4,25,0,33,0,6,71,0,77,4,10,96,0,110,72,0,72,182
11/20/2016,ORH,MA,ANE,EN,Federal Contract Tower,4,1,4,0,9,0,0,1,0,1,4,1,5,0,10,0,0,0,10
11/21/2016,ORH,MA,ANE,EN,Federal Contract Tower,4,3,6,0,13,0,0,15,0,15,4,3,21,0,28,0,0,0,28
11/22/2016,ORH,MA,ANE,EN,Federal Contract Tower,4,5,11,1,21,0,0,45,0,45,4,5,56,1,66,44,0,44,110
11/23/2016,ORH,MA,ANE,EN,Federal Contract Tower,4,2,35,3,44,0,1,61,0,62,4,3,96,3,106,46,0,46,152
11/24/2016,ORH,MA,ANE,EN,Federal Contract Tower,2,0,1,0,3,0,0,9,0,9,2,0,10,0,12,0,0,0,12
11/25/2016,ORH,MA,ANE,EN,Federal Contract Tower,4,1,5,0,10,0,0,0,0,0,4,1,5,0,10,0,0,0,10
11/26/2016,ORH,MA,ANE,EN,Federal Contract Tower,4,2,25,0,31,0,0,44,0,44,4,2,69,0,75,34,0,34,109
11/27/2016,ORH,MA,ANE,EN,Federal Contract Tower,4,11,14,0,29,0,0,38,0,38,4,11,52,0,67,44,0,44,111
11/28/2016,ORH,MA,ANE,EN,Federal Contract Tower,4,2,6,0,12,0,1,52,0,53,4,3,58,0,65,40,0,40,105
11/29/2016,ORH,MA,ANE,EN,Federal Contract Tower,4,1,3,0,8,0,0,0,0,0,4,1,3,0,8,0,0,0,8
11/30/2016,ORH,MA,ANE,EN,Federal Contract Tower,4,0,6,0,10,0,0,16,0,16,4,0,22,0,26,2,0,2,28
12/01/2016,ORH,MA,ANE,EN,Federal Contract Tower,4,0,19,2,25,0,2,43,0,45,4,2,62,2,70,24,4,28,98
12/02/2016,ORH,MA,ANE,EN,Federal Contract Tower,4,1,5,0,10,0,1,51,0,52,4,2,56,0,62,60,0,60,122
12/03/2016,ORH,MA,ANE,EN,Federal Contract Tower,4,1,6,0,11,0,0,38,0,38,4,1,44,0,49,52,0,52,101
12/04/2016,ORH,MA,ANE,EN,Federal Contract Tower,4,0,10,0,14,0,4,46,0,50,4,4,56,0,64,58,0,58,122
12/05/2016,ORH,MA,ANE,EN,Federal Contract Tower,4,1,4,0,9,0,0,14,0,14,4,1,18,0,23,12,0,12,35
12/06/2016,ORH,MA,ANE,EN,Federal Contract Tower,6,3,5,1,15,0,0,41,0,41,6,3,46,1,56,46,8,54,110
12/07/2016,ORH,MA,ANE,EN,Federal Contract Tower,4,4,9,0,17,0,0,0,0,0,4,4,9,0,17,0,0,0,17
12/08/2016,ORH,MA,ANE,EN,Federal Contract Tower,4,6,14,0,24,0,0,41,2,43,4,6,55,2,67,34,2,36,103
12/09/2016,ORH,MA,ANE,EN,Federal Contract Tower,4,1,5,0,10,0,0,36,0,36,4,1,41,0,46,58,0,58,104
12/10/2016,ORH,MA,ANE,EN,Federal Contract Tower,2,0,13,0,15,0,0,43,2,45,2,0,56,2,60,64,0,64,124
12/11/2016,ORH,MA,ANE,EN,Federal Contract Tower,4,1,7,0,12,0,0,38,0,38,4,1,45,0,50,28,2,30,80
12/12/2016,ORH,MA,ANE,EN,Federal Contract Tower,4,0,3,0,7,0,0,0,0,0,4,0,3,0,7,0,0,0,7
12/13/2016,ORH,MA,ANE,EN,Federal Contract Tower,4,4,28,0,36,0,0,41,0,41,4,4,69,0,77,30,0,30,107
12/14/2016,ORH,MA,ANE,EN,Federal Contract Tower,4,4,22,0,30,0,4,56,4,64,4,8,78,4,94,24,0,24,118
12/15/2016,ORH,MA,ANE,EN,Federal Contract Tower,4,2,9,0,15,0,0,21,0,21,4,2,30,0,36,0,0,0,36
12/16/2016,ORH,MA,ANE,EN,Federal Contract Tower,4,6,3,0,13,0,0,36,0,36,4,6,39,0,49,52,0,52,101
12/18/2016,ORH,MA,ANE,EN,Federal Contract Tower,4,0,0,0,4,0,0,0,0,0,4,0,0,0,4,0,0,0,4
12/19/2016,ORH,MA,ANE,EN,Federal Contract Tower,4,3,3,0,10,0,0,44,2,46,4,3,47,2,56,18,0,18,74
12/20/2016,ORH,MA,ANE,EN,Federal Contract Tower,5,1,12,0,18,0,2,39,1,42,5,3,51,1,60,52,0,52,112
12/21/2016,ORH,MA,ANE,EN,Federal Contract Tower,4,4,18,2,28,0,3,49,0,52,4,7,67,2,80,0,0,0,80
12/22/2016,ORH,MA,ANE,EN,Federal Contract Tower,4,4,6,0,14,0,1,28,0,29,4,5,34,0,43,12,6,18,61
12/23/2016,ORH,MA,ANE,EN,Federal Contract Tower,4,5,26,0,35,0,4,52,0,56,4,9,78,0,91,24,0,24,115
12/24/2016,ORH,MA,ANE,EN,Federal Contract Tower,4,2,0,0,6,0,0,1,0,1,4,2,1,0,7,0,0,0,7
12/25/2016,ORH,MA,ANE,EN,Federal Contract Tower,4,0,0,0,4,0,0,4,0,4,4,0,4,0,8,8,0,8,16
12/26/2016,ORH,MA,ANE,EN,Federal Contract Tower,4,2,5,0,11,0,2,28,0,30,4,4,33,0,41,18,0,18,59
12/27/2016,ORH,MA,ANE,EN,Federal Contract Tower,4,2,0,0,6,0,0,26,0,26,4,2,26,0,32,22,0,22,54
12/28/2016,ORH,MA,ANE,EN,Federal Contract Tower,4,1,15,6,26,0,2,72,0,74,4,3,87,6,100,46,6,52,152
12/29/2016,ORH,MA,ANE,EN,Federal Contract Tower,4,3,2,0,9,0,0,0,0,0,4,3,2,0,9,0,0,0,9
12/30/2016,ORH,MA,ANE,EN,Federal Contract Tower,4,0,2,0,6,0,0,23,0,23,4,0,25,0,29,12,0,12,41
12/31/2016,ORH,MA,ANE,EN,Federal Contract Tower,4,3,18,0,25,0,0,41,0,41,4,3,59,0,66,38,0,38,104
01/01/2017,ORH,MA,ANE,EN,Federal Contract Tower,4,3,2,0,9,0,1,28,0,29,4,4,30,0,38,28,0,28,66
01/02/2017,ORH,MA,ANE,EN,Federal Contract Tower,4,1,20,0,25,0,2,55,0,57,4,3,75,0,82,62,0,62,144
01/03/2017,ORH,MA,ANE,EN,Federal Contract Tower,4,0,2,0,6,0,0,0,0,0,4,0,2,0,6,0,0,0,6
01/04/2017,ORH,MA,ANE,EN,Federal Contract Tower,4,0,25,0,29,0,0,3,0,3,4,0,28,0,32,6,0,6,38
01/05/2017,ORH,MA,ANE,EN,Federal Contract Tower,4,4,6,4,18,0,0,55,0,55,4,4,61,4,73,56,4,60,133
01/06/2017,ORH,MA,ANE,EN,Federal Contract Tower,2,1,6,0,9,0,0,13,0,13,2,1,19,0,22,10,0,10,32
01/07/2017,ORH,MA,ANE,EN,Federal Contract Tower,0,0,5,0,5,0,0,4,0,4,0,0,9,0,9,4,0,4,13
01/08/2017,ORH,MA,ANE,EN,Federal Contract Tower,4,1,1,0,6,0,0,18,0,18,4,1,19,0,24,22,0,22,46
01/09/2017,ORH,MA,ANE,EN,Federal Contract Tower,4,2,5,0,11,0,0,29,0,29,4,2,34,0,40,50,6,56,96
01/10/2017,ORH,MA,ANE,EN,Federal Contract Tower,4,1,2,0,7,0,0,43,0,43,4,1,45,0,50,36,0,36,86
01/11/2017,ORH,MA,ANE,EN,Federal Contract Tower,4,6,10,2,22,0,2,45,3,50,4,8,55,5,72,40,8,48,120
01/12/2017,ORH,MA,ANE,EN,Federal Contract Tower,4,2,10,0,16,0,0,26,0,26,4,2,36,0,42,6,0,6,48
01/13/2017,ORH,MA,ANE,EN,Federal Contract Tower,4,1,9,0,14,0,0,38,0,38,4,1,47,0,52,40,0,40,92
01/14/2017,ORH,MA,ANE,EN,Federal Contract Tower,4,0,16,0,20,0,6,54,0,60,4,6,70,0,80,48,0,48,128
01/15/2017,ORH,MA,ANE,EN,Federal Contract Tower,4,2,2,0,8,0,1,48,0,49,4,3,50,0,57,56,0,56,113
01/16/2017,ORH,MA,ANE,EN,Federal Contract Tower,4,5,23,4,36,0,1,59,0,60,4,6,82,4,96,42,4,46,142
01/17/2017,ORH,MA,ANE,EN,Federal Contract Tower,4,1,9,2,16,0,2,35,0,37,4,3,44,2,53,38,0,38,91
01/18/2017,ORH,MA,ANE,EN,Federal Contract Tower,4,0,4,0,8,0,0,0,0,0,4,0,4,0,8,0,0,0,8
01/19/2017,ORH,MA,ANE,EN,Federal Contract Tower,4,0,25,0,29,0,1,41,0,42,4,1,66,0,71,24,2,26,97
01/20/2017,ORH,MA,ANE,EN,Federal Contract Tower,2,2,29,0,33,0,0,52,0,52,2,2,81,0,85,42,0,42,127
01/21/2017,ORH,MA,ANE,EN,Federal Contract Tower,4,1,16,0,21,0,0,20,0,20,4,1,36,0,41,49,0,49,90
01/22/2017,ORH,MA,ANE,EN,Federal Contract Tower,6,3,2,0,11,0,0,5,0,5,6,3,7,0,16,8,0,8,24
01/23/2017,ORH,MA,ANE,EN,Federal Contract Tower,4,0,2,0,6,0,0,0,0,0,4,0,2,0,6,0,0,0,6
01/24/2017,ORH,MA,ANE,EN,Federal Contract Tower,4,0,3,0,7,0,0,0,0,0,4,0,3,0,7,0,0,0,7
01/25/2017,ORH,MA,ANE,EN,Federal Contract Tower,4,1,6,6,17,0,0,35,7,42,4,1,41,13,59,12,0,12,71
01/26/2017,ORH,MA,ANE,EN,Federal Contract Tower,4,1,3,0,8,0,0,25,0,25,4,1,28,0,33,4,0,4,37
01/27/2017,ORH,MA,ANE,EN,Federal Contract Tower,4,1,2,0,7,0,0,31,0,31,4,1,33,0,38,21,0,21,59
01/28/2017,ORH,MA,ANE,EN,Federal Contract Tower,4,4,9,0,17,0,0,53,0,53,4,4,62,0,70,56,0,56,126
01/29/2017,ORH,MA,ANE,EN,Federal Contract Tower,4,0,26,0,30,0,0,50,0,50,4,0,76,0,80,44,0,44,124
01/30/2017,ORH,MA,ANE,EN,Federal Contract Tower,4,1,18,0,23,0,0,67,0,67,4,1,85,0,90,62,0,62,152
01/31/2017,ORH,MA,ANE,EN,Federal Contract Tower,4,5,3,0,12,0,0,14,0,14,4,5,17,0,26,26,0,26,52
02/01/2017,ORH,MA,ANE,EN,Federal Contract Tower,4,2,16,7,29,0,0,26,0,26,4,2,42,7,55,8,0,8,63
02/02/2017,ORH,MA,ANE,EN,Federal Contract Tower,4,3,10,7,24,0,0,47,0,47,4,3,57,7,71,14,0,14,85
02/03/2017,ORH,MA,ANE,EN,Federal Contract Tower,4,7,34,0,45,0,0,54,0,54,4,7,88,0,99,36,0,36,135
02/04/2017,ORH,MA,ANE,EN,Federal Contract Tower,4,5,21,0,30,0,0,54,0,54,4,5,75,0,84,64,0,64,148
02/05/2017,ORH,MA,ANE,EN,Federal Contract Tower,4,0,4,0,8,0,0,23,0,23,4,0,27,0,31,28,0,28,59
02/06/2017,ORH,MA,ANE,EN,Federal Contract Tower,4,2,5,0,11,0,0,48,0,48,4,2,53,0,59,50,0,50,109
02/07/2017,ORH,MA,ANE,EN,Federal Contract Tower,2,3,1,0,6,0,0,0,0,0,2,3,1,0,6,0,0,0,6
02/08/2017,ORH,MA,ANE,EN,Federal Contract Tower,4,2,3,4,13,0,0,13,0,13,4,2,16,4,26,2,0,2,28
02/09/2017,ORH,MA,ANE,EN,Federal Contract Tower,0,0,0,0,0,0,0,0,0,0,0,0,0,0,0,0,0,0,0
02/10/2017,ORH,MA,ANE,EN,Federal Contract Tower,4,5,4,0,13,0,0,13,0,13,4,5,17,0,26,20,4,24,50
02/11/2017,ORH,MA,ANE,EN,Federal Contract Tower,4,1,6,0,11,0,0,12,0,12,4,1,18,0,23,0,0,0,23
02/12/2017,ORH,MA,ANE,EN,Federal Contract Tower,0,0,2,0,2,0,0,0,0,0,0,0,2,0,2,0,0,0,2
02/13/2017,ORH,MA,ANE,EN,Federal Contract Tower,2,0,6,0,8,0,0,0,0,0,2,0,6,0,8,0,0,0,8
02/14/2017,ORH,MA,ANE,EN,Federal Contract Tower,4,1,3,0,8,0,0,19,0,19,4,1,22,0,27,0,0,0,27
02/15/2017,ORH,MA,ANE,EN,Federal Contract Tower,4,2,5,0,11,0,0,0,0,0,4,2,5,0,11,0,0,0,11
02/16/2017,ORH,MA,ANE,EN,Federal Contract Tower,4,1,15,10,30,0,0,23,2,25,4,1,38,12,55,16,4,20,75
02/17/2017,ORH,MA,ANE,EN,Federal Contract Tower,4,1,13,0,18,0,0,38,0,38,4,1,51,0,56,26,0,26,82
02/18/2017,ORH,MA,ANE,EN,Federal Contract Tower,4,1,25,0,30,0,0,51,0,51,4,1,76,0,81,36,0,36,117
02/19/2017,ORH,MA,ANE,EN,Federal Contract Tower,4,0,19,0,23,0,0,47,0,47,4,0,66,0,70,48,0,48,118
02/20/2017,ORH,MA,ANE,EN,Federal Contract Tower,4,0,28,0,32,0,0,65,0,65,4,0,93,0,97,56,0,56,153
02/21/2017,ORH,MA,ANE,EN,Federal Contract Tower,4,2,5,0,11,0,2,52,1,55,4,4,57,1,66,54,0,54,120
02/22/2017,ORH,MA,ANE,EN,Federal Contract Tower,4,1,21,0,26,0,0,55,0,55,4,1,76,0,81,36,0,36,117
02/23/2017,ORH,MA,ANE,EN,Federal Contract Tower,4,5,25,19,53,0,1,56,0,57,4,6,81,19,110,30,2,32,142
02/24/2017,ORH,MA,ANE,EN,Federal Contract Tower,4,1,13,8,26,0,0,47,0,47,4,1,60,8,73,44,0,44,117
02/25/2017,ORH,MA,ANE,EN,Federal Contract Tower,4,0,9,0,13,0,0,22,0,22,4,0,31,0,35,24,0,24,59
02/26/2017,ORH,MA,ANE,EN,Federal Contract Tower,4,1,5,1,11,0,2,33,10,45,4,3,38,11,56,34,0,34,90
02/27/2017,ORH,MA,ANE,EN,Federal Contract Tower,4,0,7,0,11,0,0,52,0,52,4,0,59,0,63,26,0,26,89
02/28/2017,ORH,MA,ANE,EN,Federal Contract Tower,4,0,7,0,11,0,1,25,4,30,4,1,32,4,41,34,0,34,75
03/01/2017,ORH,MA,ANE,EN,Federal Contract Tower,4,3,9,0,16,0,0,0,0,0,4,3,9,0,16,4,0,4,20
03/02/2017,ORH,MA,ANE,EN,Federal Contract Tower,4,1,5,1,11,0,0,7,1,8,4,1,12,2,19,0,0,0,19
03/03/2017,ORH,MA,ANE,EN,Federal Contract Tower,4,1,16,0,21,0,0,42,0,42,4,1,58,0,63,46,0,46,109
03/04/2017,ORH,MA,ANE,EN,Federal Contract Tower,4,1,3,0,8,0,0,21,0,21,4,1,24,0,29,10,0,10,39
03/05/2017,ORH,MA,ANE,EN,Federal Contract Tower,4,1,7,0,12,0,0,29,0,29,4,1,36,0,41,28,0,28,69
03/06/2017,ORH,MA,ANE,EN,Federal Contract Tower,4,0,6,0,10,0,0,57,0,57,4,0,63,0,67,54,0,54,121
03/07/2017,ORH,MA,ANE,EN,Federal Contract Tower,4,1,5,0,10,0,0,15,0,15,4,1,20,0,25,18,0,18,43
03/08/2017,ORH,MA,ANE,EN,Federal Contract Tower,4,5,8,6,23,0,1,22,0,23,4,6,30,6,46,20,18,38,84
03/09/2017,ORH,MA,ANE,EN,Federal Contract Tower,4,0,7,0,11,0,0,5,0,5,4,0,12,0,16,0,0,0,16
03/10/2017,ORH,MA,ANE,EN,Federal Contract Tower,4,1,4,0,9,0,0,13,0,13,4,1,17,0,22,12,0,12,34
03/11/2017,ORH,MA,ANE,EN,Federal Contract Tower,4,1,5,0,10,0,0,23,0,23,4,1,28,0,33,12,0,12,45
03/12/2017,ORH,MA,ANE,EN,Federal Contract Tower,4,0,7,1,12,0,0,29,0,29,4,0,36,1,41,36,0,36,77
03/13/2017,ORH,MA,ANE,EN,Federal Contract Tower,4,2,7,0,13,51,4,0,0,55,55,6,7,0,68,58,0,58,126
03/14/2017,ORH,MA,ANE,EN,Federal Contract Tower,0,0,0,0,0,0,0,0,0,0,0,0,0,0,0,0,0,0,0
03/15/2017,ORH,MA,ANE,EN,Federal Contract Tower,4,0,4,0,8,0,0,7,0,7,4,0,11,0,15,2,0,2,17
03/16/2017,ORH,MA,ANE,EN,Federal Contract Tower,4,1,5,4,14,0,0,14,0,14,4,1,19,4,28,12,0,12,40
03/17/2017,ORH,MA,ANE,EN,Federal Contract Tower,4,2,23,0,29,0,0,36,0,36,4,2,59,0,65,36,0,36,101
03/18/2017,ORH,MA,ANE,EN,Federal Contract Tower,4,1,5,6,16,0,0,46,16,62,4,1,51,22,78,38,0,38,116
03/19/2017,ORH,MA,ANE,EN,Federal Contract Tower,4,0,4,0,8,0,0,31,0,31,4,0,35,0,39,34,0,34,73
03/20/2017,ORH,MA,ANE,EN,Federal Contract Tower,4,0,12,3,19,0,0,42,0,42,4,0,54,3,61,60,0,60,121
03/21/2017,ORH,MA,ANE,EN,Federal Contract Tower,4,1,8,2,15,0,2,53,0,55,4,3,61,2,70,42,0,42,112
03/22/2017,ORH,MA,ANE,EN,Federal Contract Tower,4,1,5,2,12,0,0,14,2,16,4,1,19,4,28,0,6,6,34
03/23/2017,ORH,MA,ANE,EN,Federal Contract Tower,4,0,7,4,15,0,0,28,2,30,4,0,35,6,45,14,8,22,67
03/24/2017,ORH,MA,ANE,EN,Federal Contract Tower,4,2,5,0,11,0,0,37,0,37,4,2,42,0,48,38,0,38,86
03/25/2017,ORH,MA,ANE,EN,Federal Contract Tower,4,1,6,0,11,0,0,13,0,13,4,1,19,0,24,0,0,0,24
03/26/2017,ORH,MA,ANE,EN,Federal Contract Tower,4,3,2,0,9,0,2,34,0,36,4,5,36,0,45,28,0,28,73
03/27/2017,ORH,MA,ANE,EN,Federal Contract Tower,0,2,3,0,5,0,0,0,0,0,0,2,3,0,5,0,0,0,5
03/28/2017,ORH,MA,ANE,EN,Federal Contract Tower,2,1,3,0,6,0,0,0,0,0,2,1,3,0,6,0,0,0,6
03/29/2017,ORH,MA,ANE,EN,Federal Contract Tower,4,4,7,2,17,0,0,11,0,11,4,4,18,2,28,30,0,30,58
03/30/2017,ORH,MA,ANE,EN,Federal Contract Tower,4,0,15,0,19,0,0,55,0,55,4,0,70,0,74,38,2,40,114
03/31/2017,ORH,MA,ANE,EN,Federal Contract Tower,4,0,0,0,4,0,0,0,0,0,4,0,0,0,4,0,0,0,4
04/01/2017,ORH,MA,ANE,EN,Federal Contract Tower,2,1,3,0,6,0,0,0,0,0,2,1,3,0,6,0,0,0,6
04/02/2017,ORH,MA,ANE,EN,Federal Contract Tower,4,1,12,0,17,0,0,47,0,47,4,1,59,0,64,46,0,46,110
04/03/2017,ORH,MA,ANE,EN,Federal Contract Tower,4,2,7,0,13,0,0,37,0,37,4,2,44,0,50,50,0,50,100
04/04/2017,ORH,MA,ANE,EN,Federal Contract Tower,4,0,3,2,9,0,0,0,0,0,4,0,3,2,9,0,0,0,9
04/05/2017,ORH,MA,ANE,EN,Federal Contract Tower,4,3,19,0,26,0,0,10,0,10,4,3,29,0,36,0,0,0,36
04/06/2017,ORH,MA,ANE,EN,Federal Contract Tower,4,1,9,0,14,0,0,0,0,0,4,1,9,0,14,0,0,0,14
04/07/2017,ORH,MA,ANE,EN,Federal Contract Tower,4,0,1,0,5,0,0,15,0,15,4,0,16,0,20,14,0,14,34
04/08/2017,ORH,MA,ANE,EN,Federal Contract Tower,4,2,19,0,25,0,0,31,0,31,4,2,50,0,56,26,8,34,90
04/09/2017,ORH,MA,ANE,EN,Federal Contract Tower,4,7,28,0,39,0,0,56,0,56,4,7,84,0,95,72,0,72,167
04/10/2017,ORH,MA,ANE,EN,Federal Contract Tower,2,0,8,0,10,0,1,57,0,58,2,1,65,0,68,66,0,66,134
04/11/2017,ORH,MA,ANE,EN,Federal Contract Tower,4,0,14,3,21,0,0,48,0,48,4,0,62,3,69,40,0,40,109
04/12/2017,ORH,MA,ANE,EN,Federal Contract Tower,4,5,20,2,31,0,0,36,2,38,4,5,56,4,69,22,0,22,91
04/13/2017,ORH,MA,ANE,EN,Federal Contract Tower,4,3,16,0,23,0,0,40,0,40,4,3,56,0,63,2,6,8,71
04/14/2017,ORH,MA,ANE,EN,Federal Contract Tower,4,3,19,0,26,0,4,65,3,72,4,7,84,3,98,42,16,58,156
04/15/2017,ORH,MA,ANE,EN,Federal Contract Tower,4,2,16,0,22,0,5,64,0,69,4,7,80,0,91,62,0,62,153
04/16/2017,ORH,MA,ANE,EN,Federal Contract Tower,4,2,2,0,8,0,0,27,0,27,4,2,29,0,35,0,0,0,35
04/17/2017,ORH,MA,ANE,EN,Federal Contract Tower,4,2,14,0,20,0,3,49,0,52,4,5,63,0,72,20,0,20,92
04/18/2017,ORH,MA,ANE,EN,Federal Contract Tower,4,3,9,4,20,0,0,54,0,54,4,3,63,4,74,38,0,38,112
04/19/2017,ORH,MA,ANE,EN,Federal Contract Tower,4,3,12,2,21,0,0,37,0,37,4,3,49,2,58,4,0,4,62
04/20/2017,ORH,MA,ANE,EN,Federal Contract Tower,4,0,21,0,25,0,0,37,8,45,4,0,58,8,70,14,6,20,90
04/21/2017,ORH,MA,ANE,EN,Federal Contract Tower,4,15,2,0,21,0,0,0,0,0,4,15,2,0,21,0,0,0,21
04/22/2017,ORH,MA,ANE,EN,Federal Contract Tower,4,1,45,0,50,0,0,0,0,0,4,1,45,0,50,0,0,0,50
04/23/2017,ORH,MA,ANE,EN,Federal Contract Tower,4,0,21,0,25,0,2,63,0,65,4,2,84,0,90,54,0,54,144
04/24/2017,ORH,MA,ANE,EN,Federal Contract Tower,4,3,11,0,18,0,4,74,1,79,4,7,85,1,97,68,0,68,165
04/25/2017,ORH,MA,ANE,EN,Federal Contract Tower,4,0,14,0,18,0,0,0,0,0,4,0,14,0,18,4,0,4,22
04/26/2017,ORH,MA,ANE,EN,Federal Contract Tower,4,0,0,0,4,0,0,0,0,0,4,0,0,0,4,0,0,0,4
04/27/2017,ORH,MA,ANE,EN,Federal Contract Tower,4,0,19,6,29,0,0,13,0,13,4,0,32,6,42,0,0,0,42
04/28/2017,ORH,MA,ANE,EN,Federal Contract Tower,4,1,17,0,22,0,2,41,0,43,4,3,58,0,65,38,0,38,103
04/29/2017,ORH,MA,ANE,EN,Federal Contract Tower,4,1,11,2,18,0,4,74,0,78,4,5,85,2,96,70,0,70,166
04/30/2017,ORH,MA,ANE,EN,Federal Contract Tower,4,1,20,0,25,0,4,65,0,69,4,5,85,0,94,64,0,64,158
05/01/2017,ORH,MA,ANE,EN,Federal Contract Tower,3,0,3,0,6,0,0,0,0,0,3,0,3,0,6,0,0,0,6
05/02/2017,ORH,MA,ANE,EN,Federal Contract Tower,4,3,7,0,14,0,0,43,0,43,4,3,50,0,57,12,4,16,73
05/03/2017,ORH,MA,ANE,EN,Federal Contract Tower,4,1,10,13,28,0,1,50,1,52,4,2,60,14,80,14,16,30,110
05/04/2017,ORH,MA,ANE,EN,Federal Contract Tower,4,3,12,2,21,0,0,57,2,59,4,3,69,4,80,22,2,24,104
05/05/2017,ORH,MA,ANE,EN,Federal Contract Tower,6,3,4,0,13,0,0,1,0,1,6,3,5,0,14,0,0,0,14
05/06/2017,ORH,MA,ANE,EN,Federal Contract Tower,4,2,15,0,21,0,4,26,0,30,4,6,41,0,51,4,0,4,55
05/07/2017,ORH,MA,ANE,EN,Federal Contract Tower,4,5,8,0,17,0,0,4,42,46,4,5,12,42,63,38,8,46,109
05/08/2017,ORH,MA,ANE,EN,Federal Contract Tower,4,3,20,4,31,0,3,61,0,64,4,6,81,4,95,60,12,72,167
05/09/2017,ORH,MA,ANE,EN,Federal Contract Tower,4,8,8,10,30,0,1,52,1,54,4,9,60,11,84,52,0,52,136
05/10/2017,ORH,MA,ANE,EN,Federal Contract Tower,4,6,8,0,18,0,2,38,2,42,4,8,46,2,60,38,0,38,98
05/11/2017,ORH,MA,ANE,EN,Federal Contract Tower,3,5,24,6,38,0,2,51,0,53,3,7,75,6,91,38,0,38,129
05/12/2017,ORH,MA,ANE,EN,Federal Contract Tower,4,1,8,0,13,0,5,19,0,24,4,6,27,0,37,0,0,0,37
05/13/2017,ORH,MA,ANE,EN,Federal Contract Tower,4,1,21,0,26,0,0,1,0,1,4,1,22,0,27,4,0,4,31
05/14/2017,ORH,MA,ANE,EN,Federal Contract Tower,2,2,9,0,13,0,0,0,0,0,2,2,9,0,13,0,0,0,13
05/15/2017,ORH,MA,ANE,EN,Federal Contract Tower,4,1,15,0,20,0,0,15,0,15,4,1,30,0,35,12,0,12,47
05/16/2017,ORH,MA,ANE,EN,Federal Contract Tower,4,5,25,0,34,0,0,73,0,73,4,5,98,0,107,42,0,42,149
05/17/2017,ORH,MA,ANE,EN,Federal Contract Tower,4,15,23,2,44,0,0,61,4,65,4,15,84,6,109,28,0,28,137
05/18/2017,ORH,MA,ANE,EN,Federal Contract Tower,2,3,21,0,26,0,0,61,0,61,2,3,82,0,87,28,0,28,115
05/19/2017,ORH,MA,ANE,EN,Federal Contract Tower,4,3,12,0,19,0,3,44,2,49,4,6,56,2,68,20,0,20,88
05/20/2017,ORH,MA,ANE,EN,Federal Contract Tower,2,3,9,0,14,0,1,0,66,67,2,4,9,66,81,34,0,34,115
05/21/2017,ORH,MA,ANE,EN,Federal Contract Tower,4,7,3,2,16,0,2,62,0,64,4,9,65,2,80,48,0,48,128
05/22/2017,ORH,MA,ANE,EN,Federal Contract Tower,4,2,2,0,8,0,0,0,0,0,4,2,2,0,8,0,0,0,8
05/23/2017,ORH,MA,ANE,EN,Federal Contract Tower,2,0,10,6,18,0,6,77,0,83,2,6,87,6,101,48,0,48,149
05/24/2017,ORH,MA,ANE,EN,Federal Contract Tower,4,5,14,0,23,0,0,54,0,54,4,5,68,0,77,24,0,24,101
05/25/2017,ORH,MA,ANE,EN,Federal Contract Tower,4,0,6,0,10,0,0,2,0,2,4,0,8,0,12,0,0,0,12
05/26/2017,ORH,MA,ANE,EN,Federal Contract Tower,4,1,21,0,26,0,0,0,0,0,4,1,21,0,26,0,0,0,26
05/27/2017,ORH,MA,ANE,EN,Federal Contract Tower,4,5,23,0,32,0,0,67,0,67,4,5,90,0,99,32,0,32,131
05/28/2017,ORH,MA,ANE,EN,Federal Contract Tower,4,4,3,0,11,0,4,54,0,58,4,8,57,0,69,52,0,52,121
05/29/2017,ORH,MA,ANE,EN,Federal Contract Tower,4,4,20,0,28,0,0,0,0,0,4,4,20,0,28,0,0,0,28
05/30/2017,ORH,MA,ANE,EN,Federal Contract Tower,4,2,14,0,20,0,0,0,0,0,4,2,14,0,20,0,0,0,20
05/31/2017,ORH,MA,ANE,EN,Federal Contract Tower,4,7,9,1,21,0,0,12,0,12,4,7,21,1,33,2,0,2,35
06/01/2017,ORH,MA,ANE,EN,Federal Contract Tower,4,4,13,4,25,0,2,51,0,53,4,6,64,4,78,26,4,30,108
06/02/2017,ORH,MA,ANE,EN,Federal Contract Tower,4,0,11,0,15,0,0,47,0,47,4,0,58,0,62,14,0,14,76
06/03/2017,ORH,MA,ANE,EN,Federal Contract Tower,4,2,30,0,36,0,6,61,0,67,4,8,91,0,103,26,0,26,129
06/04/2017,ORH,MA,ANE,EN,Federal Contract Tower,4,2,3,0,9,0,3,45,0,48,4,5,48,0,57,30,0,30,87
06/05/2017,ORH,MA,ANE,EN,Federal Contract Tower,12,3,10,0,25,0,0,0,0,0,12,3,10,0,25,0,0,0,25
06/06/2017,ORH,MA,ANE,EN,Federal Contract Tower,2,4,8,0,14,0,0,0,0,0,2,4,8,0,14,0,0,0,14
06/07/2017,ORH,MA,ANE,EN,Federal Contract Tower,2,5,3,0,10,0,0,47,1,48,2,5,50,1,58,16,0,16,74
06/08/2017,ORH,MA,ANE,EN,Federal Contract Tower,4,15,3,0,22,0,0,66,0,66,4,15,69,0,88,28,0,28,116
06/09/2017,ORH,MA,ANE,EN,Federal Contract Tower,4,2,6,0,12,0,0,48,0,48,4,2,54,0,60,14,4,18,78
06/10/2017,ORH,MA,ANE,EN,Federal Contract Tower,4,5,27,0,36,0,0,59,0,59,4,5,86,0,95,28,0,28,123
06/11/2017,ORH,MA,ANE,EN,Federal Contract Tower,4,5,5,0,14,0,8,58,0,66,4,13,63,0,80,58,0,58,138
06/12/2017,ORH,MA,ANE,EN,Federal Contract Tower,4,3,13,0,20,0,0,52,0,52,4,3,65,0,72,28,2,30,102
06/13/2017,ORH,MA,ANE,EN,Federal Contract Tower,4,1,10,0,15,0,2,55,0,57,4,3,65,0,72,10,0,10,82
06/14/2017,ORH,MA,ANE,EN,Federal Contract Tower,4,1,16,0,21,0,4,55,0,59,4,5,71,0,80,20,0,20,100
06/15/2017,ORH,MA,ANE,EN,Federal Contract Tower,4,4,10,0,18,0,0,70,0,70,4,4,80,0,88,36,0,36,124
06/16/2017,ORH,MA,ANE,EN,Federal Contract Tower,6,3,13,0,22,0,2,18,0,20,6,5,31,0,42,4,0,4,46
06/17/2017,ORH,MA,ANE,EN,Federal Contract Tower,4,4,9,0,17,0,0,0,0,0,4,4,9,0,17,0,0,0,17
06/18/2017,ORH,MA,ANE,EN,Federal Contract Tower,4,2,3,0,9,0,2,38,0,40,4,4,41,0,49,0,0,0,49
06/19/2017,ORH,MA,ANE,EN,Federal Contract Tower,2,2,5,0,9,0,0,0,0,0,2,2,5,0,9,0,0,0,9
06/20/2017,ORH,MA,ANE,EN,Federal Contract Tower,4,6,9,6,25,0,8,46,0,54,4,14,55,6,79,18,2,20,99
06/21/2017,ORH,MA,ANE,EN,Federal Contract Tower,4,2,12,0,18,0,4,53,0,57,4,6,65,0,75,26,0,26,101
06/22/2017,ORH,MA,ANE,EN,Federal Contract Tower,4,2,19,0,25,0,0,50,0,50,4,2,69,0,75,36,0,36,111
06/23/2017,ORH,MA,ANE,EN,Federal Contract Tower,4,1,15,0,20,0,5,81,0,86,4,6,96,0,106,70,0,70,176
06/24/2017,ORH,MA,ANE,EN,Federal Contract Tower,4,2,9,0,15,0,0,28,0,28,4,2,37,0,43,14,0,14,57
06/25/2017,ORH,MA,ANE,EN,Federal Contract Tower,4,0,10,0,14,0,3,68,0,71,4,3,78,0,85,32,0,32,117
06/26/2017,ORH,MA,ANE,EN,Federal Contract Tower,4,2,3,0,9,0,2,52,0,54,4,4,55,0,63,34,0,34,97
06/27/2017,ORH,MA,ANE,EN,Federal Contract Tower,4,4,3,0,11,0,0,39,0,39,4,4,42,0,50,0,0,0,50
06/28/2017,ORH,MA,ANE,EN,Federal Contract Tower,4,3,29,2,38,0,3,65,0,68,4,6,94,2,106,46,2,48,154
06/29/2017,ORH,MA,ANE,EN,Federal Contract Tower,4,3,11,2,20,0,4,45,2,51,4,7,56,4,71,26,0,26,97
06/30/2017,ORH,MA,ANE,EN,Federal Contract Tower,4,5,25,0,34,6,0,66,0,72,10,5,91,0,106,48,0,48,154
07/01/2017,ORH,MA,ANE,EN,Federal Contract Tower,4,1,18,0,23,0,13,57,0,70,4,14,75,0,93,60,0,60,153
07/02/2017,ORH,MA,ANE,EN,Federal Contract Tower,4,0,2,0,6,0,8,63,0,71,4,8,65,0,77,52,0,52,129
07/03/2017,ORH,MA,ANE,EN,Federal Contract Tower,4,0,17,0,21,0,3,55,0,58,4,3,72,0,79,42,0,42,121
07/04/2017,ORH,MA,ANE,EN,Federal Contract Tower,4,0,10,0,14,0,3,69,0,72,4,3,79,0,86,56,0,56,142
07/05/2017,ORH,MA,ANE,EN,Federal Contract Tower,4,0,10,0,14,0,0,65,0,65,4,0,75,0,79,12,0,12,91
07/06/2017,ORH,MA,ANE,EN,Federal Contract Tower,4,0,31,0,35,0,1,58,0,59,4,1,89,0,94,8,2,10,104
07/07/2017,ORH,MA,ANE,EN,Federal Contract Tower,4,7,15,0,26,0,0,0,0,0,4,7,15,0,26,4,0,4,30
07/08/2017,ORH,MA,ANE,EN,Federal Contract Tower,4,3,16,0,23,0,4,63,0,67,4,7,79,0,90,36,0,36,126
07/09/2017,ORH,MA,ANE,EN,Federal Contract Tower,4,3,14,0,21,0,4,68,0,72,4,7,82,0,93,30,0,30,123
07/10/2017,ORH,MA,ANE,EN,Federal Contract Tower,4,2,9,0,15,0,2,59,0,61,4,4,68,0,76,30,0,30,106
07/11/2017,ORH,MA,ANE,EN,Federal Contract Tower,4,4,21,0,29,0,2,25,0,27,4,6,46,0,56,20,0,20,76
07/12/2017,ORH,MA,ANE,EN,Federal Contract Tower,4,4,9,0,17,0,6,34,0,40,4,10,43,0,57,6,0,6,63
07/13/2017,ORH,MA,ANE,EN,Federal Contract Tower,4,0,11,0,15,0,0,0,0,0,4,0,11,0,15,0,0,0,15
07/14/2017,ORH,MA,ANE,EN,Federal Contract Tower,4,2,22,0,28,0,0,0,0,0,4,2,22,0,28,0,0,0,28
07/15/2017,ORH,MA,ANE,EN,Federal Contract Tower,4,0,11,0,15,0,2,43,4,49,4,2,54,4,64,36,0,36,100
07/16/2017,ORH,MA,ANE,EN,Federal Contract Tower,4,1,16,2,23,0,5,75,2,82,4,6,91,4,105,78,32,110,215
07/17/2017,ORH,MA,ANE,EN,Federal Contract Tower,4,5,7,0,16,0,0,39,0,39,4,5,46,0,55,0,0,0,55
07/18/2017,ORH,MA,ANE,EN,Federal Contract Tower,4,1,5,0,10,0,0,7,0,7,4,1,12,0,17,0,0,0,17
07/19/2017,ORH,MA,ANE,EN,Federal Contract Tower,4,1,7,0,12,0,0,21,0,21,4,1,28,0,33,20,0,20,53
07/20/2017,ORH,MA,ANE,EN,Federal Contract Tower,4,0,12,2,18,0,1,42,0,43,4,1,54,2,61,48,0,48,109
07/21/2017,ORH,MA,ANE,EN,Federal Contract Tower,4,4,5,0,13,0,4,49,0,53,4,8,54,0,66,24,0,24,90
07/22/2017,ORH,MA,ANE,EN,Federal Contract Tower,4,1,12,0,17,0,0,44,0,44,4,1,56,0,61,48,0,48,109
07/23/2017,ORH,MA,ANE,EN,Federal Contract Tower,5,1,8,0,14,0,7,69,0,76,5,8,77,0,90,58,0,58,148
07/24/2017,ORH,MA,ANE,EN,Federal Contract Tower,6,4,2,0,12,0,0,0,0,0,6,4,2,0,12,0,0,0,12
07/25/2017,ORH,MA,ANE,EN,Federal Contract Tower,4,0,18,10,32,0,4,0,0,4,4,4,18,10,36,0,0,0,36
07/26/2017,ORH,MA,ANE,EN,Federal Contract Tower,2,1,16,2,21,0,0,54,0,54,2,1,70,2,75,20,0,20,95
07/27/2017,ORH,MA,ANE,EN,Federal Contract Tower,4,7,13,8,32,0,4,29,0,33,4,11,42,8,65,0,0,0,65
07/28/2017,ORH,MA,ANE,EN,Federal Contract Tower,4,3,13,0,20,0,0,47,0,47,4,3,60,0,67,28,0,28,95
07/29/2017,ORH,MA,ANE,EN,Federal Contract Tower,4,3,6,0,13,0,0,45,0,45,4,3,51,0,58,42,0,42,100
07/30/2017,ORH,MA,ANE,EN,Federal Contract Tower,4,2,10,0,16,0,0,51,0,51,4,2,61,0,67,28,0,28,95
07/31/2017,ORH,MA,ANE,EN,Federal Contract Tower,4,4,6,0,14,0,5,58,0,63,4,9,64,0,77,48,0,48,125
08/01/2017,ORH,MA,ANE,EN,Federal Contract Tower,2,1,8,6,17,0,8,55,1,64,2,9,63,7,81,32,0,32,113
08/02/2017,ORH,MA,ANE,EN,Federal Contract Tower,4,1,10,0,15,0,0,43,0,43,4,1,53,0,58,8,0,8,66
08/03/2017,ORH,MA,ANE,EN,Federal Contract Tower,4,4,21,0,29,0,0,36,4,40,4,4,57,4,69,16,0,16,85
08/04/2017,ORH,MA,ANE,EN,Federal Contract Tower,4,2,16,0,22,0,2,48,0,50,4,4,64,0,72,54,0,54,126
08/05/2017,ORH,MA,ANE,EN,Federal Contract Tower,6,6,14,0,26,0,0,0,0,0,6,6,14,0,26,6,0,6,32
08/06/2017,ORH,MA,ANE,EN,Federal Contract Tower,4,0,15,2,21,0,6,50,2,58,4,6,65,4,79,56,2,58,137
08/07/2017,ORH,MA,ANE,EN,Federal Contract Tower,4,1,7,0,12,0,0,33,0,33,4,1,40,0,45,16,0,16,61
08/08/2017,ORH,MA,ANE,EN,Federal Contract Tower,4,1,12,5,22,0,0,55,0,55,4,1,67,5,77,36,0,36,113
08/09/2017,ORH,MA,ANE,EN,Federal Contract Tower,4,7,22,0,33,0,0,85,0,85,4,7,107,0,118,30,0,30,148
08/10/2017,ORH,MA,ANE,EN,Federal Contract Tower,4,17,11,0,32,0,0,51,0,51,4,17,62,0,83,22,0,22,105
08/11/2017,ORH,MA,ANE,EN,Federal Contract Tower,4,5,14,0,23,0,2,72,0,74,4,7,86,0,97,54,0,54,151
08/12/2017,ORH,MA,ANE,EN,Federal Contract Tower,5,6,5,0,16,0,1,53,0,54,5,7,58,0,70,54,0,54,124
08/13/2017,ORH,MA,ANE,EN,Federal Contract Tower,4,9,10,0,23,0,2,55,2,59,4,11,65,2,82,34,0,34,116
08/14/2017,ORH,MA,ANE,EN,Federal Contract Tower,4,4,20,4,32,0,5,68,0,73,4,9,88,4,105,76,0,76,181
08/15/2017,ORH,MA,ANE,EN,Federal Contract Tower,4,1,5,0,10,0,0,5,0,5,4,1,10,0,15,0,0,0,15
08/16/2017,ORH,MA,ANE,EN,Federal Contract Tower,3,1,20,4,28,0,0,40,0,40,3,1,60,4,68,22,0,22,90
08/17/2017,ORH,MA,ANE,EN,Federal Contract Tower,5,0,8,0,13,0,0,61,0,61,5,0,69,0,74,38,0,38,112
08/18/2017,ORH,MA,ANE,EN,Federal Contract Tower,7,3,7,0,17,0,0,4,0,4,7,3,11,0,21,0,0,0,21
08/19/2017,ORH,MA,ANE,EN,Federal Contract Tower,4,2,18,0,24,0,0,45,0,45,4,2,63,0,69,38,0,38,107
08/20/2017,ORH,MA,ANE,EN,Federal Contract Tower,4,3,10,0,17,0,1,58,0,59,4,4,68,0,76,32,0,32,108
08/21/2017,ORH,MA,ANE,EN,Federal Contract Tower,4,5,4,0,13,0,0,43,0,43,4,5,47,0,56,42,0,42,98
08/22/2017,ORH,MA,ANE,EN,Federal Contract Tower,4,22,14,0,40,0,2,22,0,24,4,24,36,0,64,0,0,0,64
08/23/2017,ORH,MA,ANE,EN,Federal Contract Tower,4,17,15,2,38,0,0,42,0,42,4,17,57,2,80,12,0,12,92
08/24/2017,ORH,MA,ANE,EN,Federal Contract Tower,4,46,20,0,70,0,1,40,0,41,4,47,60,0,111,14,4,18,129
08/25/2017,ORH,MA,ANE,EN,Federal Contract Tower,4,2,8,0,14,0,2,41,0,43,4,4,49,0,57,56,0,56,113
08/26/2017,ORH,MA,ANE,EN,Federal Contract Tower,4,2,15,0,21,0,7,76,0,83,4,9,91,0,104,60,0,60,164
08/27/2017,ORH,MA,ANE,EN,Federal Contract Tower,4,3,13,0,20,0,2,63,0,65,4,5,76,0,85,54,0,54,139
08/28/2017,ORH,MA,ANE,EN,Federal Contract Tower,4,5,7,0,16,0,9,57,0,66,4,14,64,0,82,22,0,22,104
08/29/2017,ORH,MA,ANE,EN,Federal Contract Tower,4,4,12,0,20,0,2,27,0,29,4,6,39,0,49,10,0,10,59
08/30/2017,ORH,MA,ANE,EN,Federal Contract Tower,4,4,6,4,18,0,2,27,0,29,4,6,33,4,47,0,0,0,47
08/31/2017,ORH,MA,ANE,EN,Federal Contract Tower,4,2,9,6,21,0,0,28,0,28,4,2,37,6,49,20,0,20,69
09/01/2017,ORH,MA,ANE,EN,Federal Contract Tower,4,3,12,0,19,0,0,46,0,46,4,3,58,0,65,40,0,40,105
09/02/2017,ORH,MA,ANE,EN,Federal Contract Tower,4,1,16,0,21,0,8,56,0,64,4,9,72,0,85,42,0,42,127
09/03/2017,ORH,MA,ANE,EN,Federal Contract Tower,0,0,6,0,6,0,0,0,0,0,0,0,6,0,6,2,0,2,8
09/04/2017,ORH,MA,ANE,EN,Federal Contract Tower,4,1,5,0,10,0,3,46,0,49,4,4,51,0,59,22,0,22,81
09/05/2017,ORH,MA,ANE,EN,Federal Contract Tower,4,0,7,0,11,0,4,51,0,55,4,4,58,0,66,40,0,40,106
09/06/2017,ORH,MA,ANE,EN,Federal Contract Tower,4,0,5,0,9,0,0,0,0,0,4,0,5,0,9,0,0,0,9
09/07/2017,ORH,MA,ANE,EN,Federal Contract Tower,4,3,15,0,22,0,2,17,1,20,4,5,32,1,42,14,0,14,56
09/08/2017,ORH,MA,ANE,EN,Federal Contract Tower,3,0,8,0,11,0,0,46,0,46,3,0,54,0,57,22,0,22,79
09/09/2017,ORH,MA,ANE,EN,Federal Contract Tower,2,0,9,2,13,0,0,40,0,40,2,0,49,2,53,72,20,92,145
09/10/2017,ORH,MA,ANE,EN,Federal Contract Tower,0,0,20,2,22,0,3,62,0,65,0,3,82,2,87,72,2,74,161
09/11/2017,ORH,MA,ANE,EN,Federal Contract Tower,1,0,11,0,12,0,2,52,0,54,1,2,63,0,66,40,0,40,106
09/12/2017,ORH,MA,ANE,EN,Federal Contract Tower,2,1,12,4,19,2,62,0,0,64,4,63,12,4,83,44,0,44,127
09/13/2017,ORH,MA,ANE,EN,Federal Contract Tower,4,37,10,0,51,0,0,67,0,67,4,37,77,0,118,30,10,40,158
09/14/2017,ORH,MA,ANE,EN,Federal Contract Tower,4,6,12,0,22,0,1,27,10,38,4,7,39,10,60,0,0,0,60
09/15/2017,ORH,MA,ANE,EN,Federal Contract Tower,4,6,15,0,25,0,1,23,0,24,4,7,38,0,49,20,0,20,69
09/16/2017,ORH,MA,ANE,EN,Federal Contract Tower,4,1,8,0,13,0,2,26,0,28,4,3,34,0,41,40,0,40,81
09/17/2017,ORH,MA,ANE,EN,Federal Contract Tower,4,2,22,0,28,0,4,48,0,52,4,6,70,0,80,60,0,60,140
09/18/2017,ORH,MA,ANE,EN,Federal Contract Tower,2,5,6,0,13,0,1,0,0,1,2,6,6,0,14,0,0,0,14
09/19/2017,ORH,MA,ANE,EN,Federal Contract Tower,4,4,4,0,12,0,0,0,0,0,4,4,4,0,12,0,0,0,12
09/20/2017,ORH,MA,ANE,EN,Federal Contract Tower,4,3,4,0,11,0,0,2,0,2,4,3,6,0,13,0,0,0,13
09/21/2017,ORH,MA,ANE,EN,Federal Contract Tower,4,1,10,0,15,0,1,27,6,34,4,2,37,6,49,0,0,0,49
09/22/2017,ORH,MA,ANE,EN,Federal Contract Tower,4,3,11,0,18,0,8,41,1,50,4,11,52,1,68,16,0,16,84
09/23/2017,ORH,MA,ANE,EN,Federal Contract Tower,4,0,9,0,13,0,1,90,0,91,4,1,99,0,104,46,14,60,164
09/24/2017,ORH,MA,ANE,EN,Federal Contract Tower,4,2,7,0,13,0,4,92,16,112,4,6,99,16,125,64,0,64,189
09/25/2017,ORH,MA,ANE,EN,Federal Contract Tower,4,1,12,0,17,0,5,60,0,65,4,6,72,0,82,42,0,42,124
09/26/2017,ORH,MA,ANE,EN,Federal Contract Tower,4,15,11,8,38,0,0,58,0,58,4,15,69,8,96,24,0,24,120
09/27/2017,ORH,MA,ANE,EN,Federal Contract Tower,4,3,7,0,14,0,0,35,0,35,4,3,42,0,49,14,0,14,63
09/28/2017,ORH,MA,ANE,EN,Federal Contract Tower,2,4,6,0,12,0,0,50,0,50,2,4,56,0,62,62,0,62,124
09/29/2017,ORH,MA,ANE,EN,Federal Contract Tower,2,4,16,0,22,0,2,65,0,67,2,6,81,0,89,32,0,32,121
09/30/2017,ORH,MA,ANE,EN,Federal Contract Tower,4,0,12,0,16,0,0,0,0,0,4,0,12,0,16,0,0,0,16
10/01/2017,ORH,MA,ANE,EN,Federal Contract Tower,4,2,3,0,9,0,4,54,0,58,4,6,57,0,67,64,0,64,131
10/02/2017,ORH,MA,ANE,EN,Federal Contract Tower,4,3,5,6,18,0,2,45,0,47,4,5,50,6,65,30,0,30,95
10/03/2017,ORH,MA,ANE,EN,Federal Contract Tower,4,0,8,6,18,0,0,61,0,61,4,0,69,6,79,58,4,62,141
10/04/2017,ORH,MA,ANE,EN,Federal Contract Tower,4,1,17,4,26,0,0,53,0,53,4,1,70,4,79,20,8,28,107
10/05/2017,ORH,MA,ANE,EN,Federal Contract Tower,4,2,14,2,22,0,0,49,0,49,4,2,63,2,71,22,0,22,93
10/06/2017,ORH,MA,ANE,EN,Federal Contract Tower,4,0,8,0,12,0,3,23,0,26,4,3,31,0,38,0,0,0,38
10/07/2017,ORH,MA,ANE,EN,Federal Contract Tower,4,0,17,0,21,0,2,62,0,64,4,2,79,0,85,54,0,54,139
10/08/2017,ORH,MA,ANE,EN,Federal Contract Tower,4,4,14,0,22,0,0,1,0,1,4,4,15,0,23,0,0,0,23
10/09/2017,ORH,MA,ANE,EN,Federal Contract Tower,4,1,3,0,8,0,0,0,0,0,4,1,3,0,8,0,0,0,8
10/10/2017,ORH,MA,ANE,EN,Federal Contract Tower,4,5,6,0,15,0,0,37,0,37,4,5,43,0,52,22,0,22,74
10/11/2017,ORH,MA,ANE,EN,Federal Contract Tower,4,5,17,2,28,0,0,50,0,50,4,5,67,2,78,16,0,16,94
10/12/2017,ORH,MA,ANE,EN,Federal Contract Tower,4,7,22,0,33,0,0,44,0,44,4,7,66,0,77,28,0,28,105
10/13/2017,ORH,MA,ANE,EN,Federal Contract Tower,4,0,7,0,11,0,1,34,0,35,4,1,41,0,46,42,0,42,88
10/14/2017,ORH,MA,ANE,EN,Federal Contract Tower,4,0,23,0,27,0,0,12,0,12,4,0,35,0,39,0,0,0,39
10/15/2017,ORH,MA,ANE,EN,Federal Contract Tower,4,4,15,0,23,0,0,7,0,7,4,4,22,0,30,10,0,10,40
10/16/2017,ORH,MA,ANE,EN,Federal Contract Tower,4,1,1,0,6,0,0,3,0,3,4,1,4,0,9,4,0,4,13
10/17/2017,ORH,MA,ANE,EN,Federal Contract Tower,4,6,12,0,22,0,1,37,0,38,4,7,49,0,60,32,0,32,92
10/18/2017,ORH,MA,ANE,EN,Federal Contract Tower,4,1,20,4,29,0,2,41,0,43,4,3,61,4,72,12,0,12,84
10/19/2017,ORH,MA,ANE,EN,Federal Contract Tower,4,3,11,0,18,0,7,48,0,55,4,10,59,0,73,0,0,0,73
10/20/2017,ORH,MA,ANE,EN,Federal Contract Tower,4,0,11,0,15,0,0,45,0,45,4,0,56,0,60,0,0,0,60
10/21/2017,ORH,MA,ANE,EN,Federal Contract Tower,4,1,14,0,19,0,1,52,0,53,4,2,66,0,72,17,0,17,89
10/22/2017,ORH,MA,ANE,EN,Federal Contract Tower,4,2,17,0,23,0,1,57,6,64,4,3,74,6,87,8,0,8,95
10/23/2017,ORH,MA,ANE,EN,Federal Contract Tower,4,1,5,0,10,0,2,13,0,15,4,3,18,0,25,12,0,12,37
10/24/2017,ORH,MA,ANE,EN,Federal Contract Tower,4,1,2,0,7,0,0,0,0,0,4,1,2,0,7,0,0,0,7
10/25/2017,ORH,MA,ANE,EN,Federal Contract Tower,4,1,12,2,19,0,0,0,0,0,4,1,12,2,19,0,0,0,19
10/26/2017,ORH,MA,ANE,EN,Federal Contract Tower,4,3,17,0,24,0,0,0,0,0,4,3,17,0,24,0,0,0,24
10/27/2017,ORH,MA,ANE,EN,Federal Contract Tower,4,4,15,0,23,0,0,58,0,58,4,4,73,0,81,6,0,6,87
10/28/2017,ORH,MA,ANE,EN,Federal Contract Tower,4,1,17,0,22,0,0,53,0,53,4,1,70,0,75,31,0,31,106
10/29/2017,ORH,MA,ANE,EN,Federal Contract Tower,0,0,6,0,6,0,0,0,0,0,0,0,6,0,6,0,0,0,6
10/30/2017,ORH,MA,ANE,EN,Federal Contract Tower,4,1,1,0,6,0,0,0,0,0,4,1,1,0,6,0,0,0,6
10/31/2017,ORH,MA,ANE,EN,Federal Contract Tower,4,4,2,0,10,0,1,34,0,35,4,5,36,0,45,20,0,20,65
11/01/2017,ORH,MA,ANE,EN,Federal Contract Tower,4,2,11,2,19,0,0,29,0,29,4,2,40,2,48,52,0,52,100
11/02/2017,ORH,MA,ANE,EN,Federal Contract Tower,4,4,33,9,50,0,0,15,2,17,4,4,48,11,67,34,0,34,101
11/03/2017,ORH,MA,ANE,EN,Federal Contract Tower,4,2,5,0,11,0,0,6,0,6,4,2,11,0,17,0,0,0,17
11/04/2017,ORH,MA,ANE,EN,Federal Contract Tower,4,3,9,0,16,0,0,31,0,31,4,3,40,0,47,24,0,24,71
11/05/2017,ORH,MA,ANE,EN,Federal Contract Tower,4,2,14,0,20,0,0,6,0,6,4,2,20,0,26,1,0,1,27
11/06/2017,ORH,MA,ANE,EN,Federal Contract Tower,4,0,4,0,8,0,0,0,0,0,4,0,4,0,8,0,0,0,8
11/07/2017,ORH,MA,ANE,EN,Federal Contract Tower,4,2,3,0,9,0,0,35,1,36,4,2,38,1,45,20,0,20,65
11/08/2017,ORH,MA,ANE,EN,Federal Contract Tower,4,3,14,0,21,0,1,37,0,38,4,4,51,0,59,0,0,0,59
11/09/2017,ORH,MA,ANE,EN,Federal Contract Tower,4,4,16,0,24,0,0,34,0,34,4,4,50,0,58,50,0,50,108
11/10/2017,ORH,MA,ANE,EN,Federal Contract Tower,4,4,3,0,11,0,0,16,0,16,4,4,19,0,27,0,0,0,27
11/11/2017,ORH,MA,ANE,EN,Federal Contract Tower,4,4,13,0,21,0,2,50,0,52,4,6,63,0,73,58,0,58,131
11/12/2017,ORH,MA,ANE,EN,Federal Contract Tower,4,3,2,0,9,0,1,32,0,33,4,4,34,0,42,16,0,16,58
11/13/2017,ORH,MA,ANE,EN,Federal Contract Tower,4,3,4,3,14,0,0,0,0,0,4,3,4,3,14,0,0,0,14
11/14/2017,ORH,MA,ANE,EN,Federal Contract Tower,4,3,3,0,10,0,1,23,0,24,4,4,26,0,34,18,0,18,52
11/15/2017,ORH,MA,ANE,EN,Federal Contract Tower,4,4,27,0,35,0,1,37,0,38,4,5,64,0,73,38,0,38,111
11/16/2017,ORH,MA,ANE,EN,Federal Contract Tower,4,1,8,0,13,0,0,0,0,0,4,1,8,0,13,0,0,0,13
11/17/2017,ORH,MA,ANE,EN,Federal Contract Tower,4,3,11,0,18,0,0,5,0,5,4,3,16,0,23,0,0,0,23
11/18/2017,ORH,MA,ANE,EN,Federal Contract Tower,4,1,18,2,25,0,0,36,0,36,4,1,54,2,61,14,0,14,75
11/19/2017,ORH,MA,ANE,EN,Federal Contract Tower,4,1,6,0,11,0,0,3,0,3,4,1,9,0,14,0,0,0,14
11/20/2017,ORH,MA,ANE,EN,Federal Contract Tower,4,3,8,0,15,0,0,28,0,28,4,3,36,0,43,28,0,28,71
11/21/2017,ORH,MA,ANE,EN,Federal Contract Tower,4,7,14,10,35,0,0,37,0,37,4,7,51,10,72,6,0,6,78
11/22/2017,ORH,MA,ANE,EN,Federal Contract Tower,4,5,3,0,12,0,0,0,0,0,4,5,3,0,12,0,0,0,12
11/23/2017,ORH,MA,ANE,EN,Federal Contract Tower,4,2,11,0,17,0,2,37,0,39,4,4,48,0,56,40,0,40,96
11/24/2017,ORH,MA,ANE,EN,Federal Contract Tower,6,2,10,0,18,0,0,49,0,49,6,2,59,0,67,36,0,36,103
11/25/2017,ORH,MA,ANE,EN,Federal Contract Tower,5,5,11,0,21,0,0,26,0,26,5,5,37,0,47,23,4,27,74
11/26/2017,ORH,MA,ANE,EN,Federal Contract Tower,4,3,9,0,16,0,0,3,0,3,4,3,12,0,19,14,0,14,33
11/27/2017,ORH,MA,ANE,EN,Federal Contract Tower,4,3,5,0,12,0,1,28,0,29,4,4,33,0,41,10,0,10,51
11/28/2017,ORH,MA,ANE,EN,Federal Contract Tower,4,4,11,2,21,0,2,43,0,45,4,6,54,2,66,18,0,18,84
11/29/2017,ORH,MA,ANE,EN,Federal Contract Tower,4,1,8,0,13,0,1,20,0,21,4,2,28,0,34,18,8,26,60
11/30/2017,ORH,MA,ANE,EN,Federal Contract Tower,4,10,28,0,42,0,4,50,0,54,4,14,78,0,96,18,26,44,140
12/01/2017,ORH,MA,ANE,EN,Federal Contract Tower,4,3,10,0,17,0,2,44,0,46,4,5,54,0,63,16,0,16,79
12/02/2017,ORH,MA,ANE,EN,Federal Contract Tower,4,3,8,0,15,0,14,61,0,75,4,17,69,0,90,46,0,46,136
12/03/2017,ORH,MA,ANE,EN,Federal Contract Tower,4,0,12,0,16,0,4,42,0,46,4,4,54,0,62,10,0,10,72
12/04/2017,ORH,MA,ANE,EN,Federal Contract Tower,4,2,14,2,22,0,0,42,3,45,4,2,56,5,67,36,12,48,115
12/05/2017,ORH,MA,ANE,EN,Federal Contract Tower,4,2,2,0,8,0,0,0,0,0,4,2,2,0,8,0,0,0,8
12/06/2017,ORH,MA,ANE,EN,Federal Contract Tower,4,10,18,0,32,0,0,28,0,28,4,10,46,0,60,26,0,26,86
12/07/2017,ORH,MA,ANE,EN,Federal Contract Tower,4,3,17,4,28,0,1,34,0,35,4,4,51,4,63,28,0,28,91
12/08/2017,ORH,MA,ANE,EN,Federal Contract Tower,4,3,15,0,22,0,2,53,0,55,4,5,68,0,77,46,0,46,123
12/09/2017,ORH,MA,ANE,EN,Federal Contract Tower,0,1,3,0,4,0,0,0,0,0,0,1,3,0,4,0,0,0,4
12/10/2017,ORH,MA,ANE,EN,Federal Contract Tower,6,1,3,0,10,0,0,1,0,1,6,1,4,0,11,0,0,0,11
12/11/2017,ORH,MA,ANE,EN,Federal Contract Tower,4,2,7,0,13,0,4,7,0,11,4,6,14,0,24,20,0,20,44
12/12/2017,ORH,MA,ANE,EN,Federal Contract Tower,4,4,4,0,12,0,0,0,0,0,4,4,4,0,12,0,0,0,12
12/13/2017,ORH,MA,ANE,EN,Federal Contract Tower,4,4,5,0,13,0,0,0,0,0,4,4,5,0,13,0,0,0,13
12/14/2017,ORH,MA,ANE,EN,Federal Contract Tower,4,4,10,0,18,0,2,21,0,23,4,6,31,0,41,22,0,22,63
12/15/2017,ORH,MA,ANE,EN,Federal Contract Tower,3,1,6,2,12,0,0,30,0,30,3,1,36,2,42,12,0,12,54
12/16/2017,ORH,MA,ANE,EN,Federal Contract Tower,4,0,17,0,21,0,0,15,0,15,4,0,32,0,36,1,0,1,37
12/17/2017,ORH,MA,ANE,EN,Federal Contract Tower,4,0,5,0,9,0,0,44,0,44,4,0,49,0,53,26,0,26,79
12/18/2017,ORH,MA,ANE,EN,Federal Contract Tower,6,4,4,0,14,0,0,0,0,0,6,4,4,0,14,0,0,0,14
12/19/2017,ORH,MA,ANE,EN,Federal Contract Tower,4,4,11,0,19,0,3,10,2,15,4,7,21,2,34,0,0,0,34
12/20/2017,ORH,MA,ANE,EN,Federal Contract Tower,4,1,3,2,10,0,1,7,5,13,4,2,10,7,23,0,2,2,25
12/21/2017,ORH,MA,ANE,EN,Federal Contract Tower,4,1,13,0,18,0,3,44,0,47,4,4,57,0,65,10,0,10,75
12/22/2017,ORH,MA,ANE,EN,Federal Contract Tower,4,1,2,0,7,0,5,0,0,5,4,6,2,0,12,0,0,0,12
12/23/2017,ORH,MA,ANE,EN,Federal Contract Tower,4,0,0,0,4,0,0,0,0,0,4,0,0,0,4,0,0,0,4
12/24/2017,ORH,MA,ANE,EN,Federal Contract Tower,4,2,0,0,6,0,1,3,0,4,4,3,3,0,10,0,0,0,10
12/25/2017,ORH,MA,ANE,EN,Federal Contract Tower,4,0,0,0,4,0,0,0,0,0,4,0,0,0,4,0,0,0,4
12/26/2017,ORH,MA,ANE,EN,Federal Contract Tower,4,2,5,2,13,0,0,7,0,7,4,2,12,2,20,2,0,2,22
12/27/2017,ORH,MA,ANE,EN,Federal Contract Tower,4,7,7,2,20,0,0,24,0,24,4,7,31,2,44,0,0,0,44
12/28/2017,ORH,MA,ANE,EN,Federal Contract Tower,4,10,8,0,22,0,4,2,0,6,4,14,10,0,28,2,0,2,30
12/29/2017,ORH,MA,ANE,EN,Federal Contract Tower,4,3,10,0,17,0,0,9,0,9,4,3,19,0,26,20,0,20,46
12/30/2017,ORH,MA,ANE,EN,Federal Contract Tower,4,1,5,0,10,0,0,0,0,0,4,1,5,0,10,0,0,0,10
12/31/2017,ORH,MA,ANE,EN,Federal Contract Tower,4,5,6,0,15,0,0,1,0,1,4,5,7,0,16,1,0,1,17
01/01/2018,ORH,MA,ANE,EN,Federal Contract Tower,5,4,2,0,11,0,0,6,0,6,5,4,8,0,17,14,0,14,31
01/02/2018,ORH,MA,ANE,EN,Federal Contract Tower,4,2,2,0,8,0,0,3,0,3,4,2,5,0,11,2,0,2,13
01/03/2018,ORH,MA,ANE,EN,Federal Contract Tower,4,6,15,4,29,0,1,48,0,49,4,7,63,4,78,32,16,48,126
01/04/2018,ORH,MA,ANE,EN,Federal Contract Tower,0,0,0,0,0,0,0,0,0,0,0,0,0,0,0,0,0,0,0
01/05/2018,ORH,MA,ANE,EN,Federal Contract Tower,4,0,9,2,15,0,0,2,0,2,4,0,11,2,17,0,0,0,17
01/06/2018,ORH,MA,ANE,EN,Federal Contract Tower,4,0,1,0,5,0,0,2,0,2,4,0,3,0,7,0,0,0,7
01/07/2018,ORH,MA,ANE,EN,Federal Contract Tower,2,1,3,0,6,0,0,5,0,5,2,1,8,0,11,12,0,12,23
01/08/2018,ORH,MA,ANE,EN,Federal Contract Tower,4,1,2,0,7,0,1,3,0,4,4,2,5,0,11,4,0,4,15
01/09/2018,ORH,MA,ANE,EN,Federal Contract Tower,4,6,9,0,19,0,8,14,12,34,4,14,23,12,53,8,0,8,61
01/10/2018,ORH,MA,ANE,EN,Federal Contract Tower,4,8,9,0,21,0,0,39,0,39,4,8,48,0,60,38,12,50,110
01/11/2018,ORH,MA,ANE,EN,Federal Contract Tower,4,3,10,2,19,0,0,12,0,12,4,3,22,2,31,0,0,0,31
01/12/2018,ORH,MA,ANE,EN,Federal Contract Tower,2,3,1,0,6,0,0,0,0,0,2,3,1,0,6,0,0,0,6
01/13/2018,ORH,MA,ANE,EN,Federal Contract Tower,4,0,2,0,6,0,0,0,0,0,4,0,2,0,6,0,0,0,6
01/14/2018,ORH,MA,ANE,EN,Federal Contract Tower,4,1,13,0,18,0,0,30,0,30,4,1,43,0,48,40,0,40,88
01/15/2018,ORH,MA,ANE,EN,Federal Contract Tower,4,2,1,0,7,0,2,4,0,6,4,4,5,0,13,18,0,18,31
01/16/2018,ORH,MA,ANE,EN,Federal Contract Tower,4,4,6,0,14,0,8,16,0,24,4,12,22,0,38,10,0,10,48
01/17/2018,ORH,MA,ANE,EN,Federal Contract Tower,4,1,4,0,9,0,0,0,0,0,4,1,4,0,9,0,0,0,9
01/18/2018,ORH,MA,ANE,EN,Federal Contract Tower,4,2,14,2,22,0,0,52,0,52,4,2,66,2,74,18,20,38,112
01/19/2018,ORH,MA,ANE,EN,Federal Contract Tower,4,30,5,0,39,0,0,14,0,14,4,30,19,0,53,6,0,6,59
01/21/2018,ORH,MA,ANE,EN,Federal Contract Tower,4,0,12,0,16,0,2,52,4,58,4,2,64,4,74,70,0,70,144
01/22/2018,ORH,MA,ANE,EN,Federal Contract Tower,0,0,2,0,2,0,0,0,0,0,0,0,2,0,2,0,0,0,2
01/23/2018,ORH,MA,ANE,EN,Federal Contract Tower,4,3,0,0,7,0,0,0,0,0,4,3,0,0,7,0,0,0,7
01/24/2018,ORH,MA,ANE,EN,Federal Contract Tower,4,5,7,2,18,0,0,27,4,31,4,5,34,6,49,6,2,8,57
01/25/2018,ORH,MA,ANE,EN,Federal Contract Tower,4,6,6,2,18,0,0,21,0,21,4,6,27,2,39,22,16,38,77
01/26/2018,ORH,MA,ANE,EN,Federal Contract Tower,4,1,4,0,9,0,2,16,0,18,4,3,20,0,27,29,0,29,56
01/27/2018,ORH,MA,ANE,EN,Federal Contract Tower,4,0,0,0,4,0,5,28,0,33,4,5,28,0,37,22,0,22,59
01/28/2018,ORH,MA,ANE,EN,Federal Contract Tower,4,5,4,0,13,0,0,5,0,5,4,5,9,0,18,6,0,6,24
01/29/2018,ORH,MA,ANE,EN,Federal Contract Tower,4,2,5,0,11,0,0,1,0,1,4,2,6,0,12,16,0,16,28
01/30/2018,ORH,MA,ANE,EN,Federal Contract Tower,4,5,9,0,18,0,2,9,0,11,4,7,18,0,29,8,0,8,37
01/31/2018,ORH,MA,ANE,EN,Federal Contract Tower,5,2,9,4,20,0,4,11,0,15,5,6,20,4,35,12,0,12,47
02/01/2018,ORH,MA,ANE,EN,Federal Contract Tower,4,0,9,0,13,0,0,10,0,10,4,0,19,0,23,0,0,0,23
02/02/2018,ORH,MA,ANE,EN,Federal Contract Tower,4,5,9,2,20,0,4,4,0,8,4,9,13,2,28,6,2,8,36
02/03/2018,ORH,MA,ANE,EN,Federal Contract Tower,4,9,6,0,19,0,6,15,0,21,4,15,21,0,40,20,0,20,60
02/04/2018,ORH,MA,ANE,EN,Federal Contract Tower,4,4,0,0,8,0,0,0,0,0,4,4,0,0,8,0,0,0,8
02/05/2018,ORH,MA,ANE,EN,Federal Contract Tower,4,17,2,0,23,0,5,14,0,19,4,22,16,0,42,20,0,20,62
02/06/2018,ORH,MA,ANE,EN,Federal Contract Tower,4,6,1,2,13,0,16,35,0,51,4,22,36,2,64,26,0,26,90
02/07/2018,ORH,MA,ANE,EN,Federal Contract Tower,0,3,0,0,3,0,0,1,0,1,0,3,1,0,4,0,0,0,4
02/08/2018,ORH,MA,ANE,EN,Federal Contract Tower,4,4,5,2,15,0,8,21,0,29,4,12,26,2,44,4,0,4,48
02/09/2018,ORH,MA,ANE,EN,Federal Contract Tower,4,6,8,0,18,0,16,27,0,43,4,22,35,0,61,20,0,20,81
02/10/2018,ORH,MA,ANE,EN,Federal Contract Tower,4,2,9,0,15,0,0,0,0,0,4,2,9,0,15,0,0,0,15
02/11/2018,ORH,MA,ANE,EN,Federal Contract Tower,4,1,6,0,11,0,0,0,0,0,4,1,6,0,11,4,0,4,15
02/12/2018,ORH,MA,ANE,EN,Federal Contract Tower,4,3,6,0,13,0,16,23,0,39,4,19,29,0,52,26,0,26,78
02/13/2018,ORH,MA,ANE,EN,Federal Contract Tower,4,2,20,2,28,0,0,16,0,16,4,2,36,2,44,20,0,20,64
02/14/2018,ORH,MA,ANE,EN,Federal Contract Tower,4,7,4,2,17,0,0,29,4,33,4,7,33,6,50,12,0,12,62
02/15/2018,ORH,MA,ANE,EN,Federal Contract Tower,4,4,13,0,21,0,0,2,0,2,4,4,15,0,23,12,0,12,35
02/16/2018,ORH,MA,ANE,EN,Federal Contract Tower,4,2,1,4,11,0,2,7,0,9,4,4,8,4,20,16,0,16,36
02/17/2018,ORH,MA,ANE,EN,Federal Contract Tower,4,2,4,0,10,0,0,29,0,29,4,2,33,0,39,14,0,14,53
02/18/2018,ORH,MA,ANE,EN,Federal Contract Tower,4,0,1,0,5,0,0,16,0,16,4,0,17,0,21,8,0,8,29
02/19/2018,ORH,MA,ANE,EN,Federal Contract Tower,4,6,2,0,12,0,0,8,0,8,4,6,10,0,20,16,0,16,36
02/20/2018,ORH,MA,ANE,EN,Federal Contract Tower,4,2,5,0,11,0,0,16,2,18,4,2,21,2,29,16,0,16,45
02/21/2018,ORH,MA,ANE,EN,Federal Contract Tower,4,8,10,6,28,0,2,28,4,34,4,10,38,10,62,8,0,8,70
02/22/2018,ORH,MA,ANE,EN,Federal Contract Tower,4,3,1,0,8,0,0,4,0,4,4,3,5,0,12,4,0,4,16
02/23/2018,ORH,MA,ANE,EN,Federal Contract Tower,4,2,7,0,13,0,0,1,0,1,4,2,8,0,14,0,0,0,14
02/24/2018,ORH,MA,ANE,EN,Federal Contract Tower,4,1,3,0,8,0,0,36,0,36,4,1,39,0,44,18,0,18,62
02/25/2018,ORH,MA,ANE,EN,Federal Contract Tower,0,2,3,0,5,0,0,0,0,0,0,2,3,0,5,0,0,0,5
02/26/2018,ORH,MA,ANE,EN,Federal Contract Tower,4,3,11,0,18,0,8,35,0,43,4,11,46,0,61,36,0,36,97
02/27/2018,ORH,MA,ANE,EN,Federal Contract Tower,4,5,10,0,19,0,0,33,0,33,4,5,43,0,52,126,0,126,178
02/28/2018,ORH,MA,ANE,EN,Federal Contract Tower,4,6,5,2,17,0,0,28,0,28,4,6,33,2,45,30,40,70,115
03/01/2018,ORH,MA,ANE,EN,Federal Contract Tower,4,2,10,2,18,0,28,2,0,30,4,30,12,2,48,36,6,42,90
03/02/2018,ORH,MA,ANE,EN,Federal Contract Tower,0,2,0,0,2,0,0,0,0,0,0,2,0,0,2,0,0,0,2
03/03/2018,ORH,MA,ANE,EN,Federal Contract Tower,4,0,8,0,12,0,0,3,0,3,4,0,11,0,15,0,0,0,15
03/04/2018,ORH,MA,ANE,EN,Federal Contract Tower,4,2,2,0,8,0,0,7,0,7,4,2,9,0,15,2,0,2,17
03/05/2018,ORH,MA,ANE,EN,Federal Contract Tower,4,7,8,0,19,0,0,6,0,6,4,7,14,0,25,8,0,8,33
03/06/2018,ORH,MA,ANE,EN,Federal Contract Tower,4,4,20,4,32,0,2,35,0,37,4,6,55,4,69,50,4,54,123
03/07/2018,ORH,MA,ANE,EN,Federal Contract Tower,0,0,2,0,2,0,0,0,0,0,0,0,2,0,2,0,0,0,2
03/08/2018,ORH,MA,ANE,EN,Federal Contract Tower,4,2,2,0,8,0,0,2,4,6,4,2,4,4,14,2,4,6,20
03/09/2018,ORH,MA,ANE,EN,Federal Contract Tower,4,5,1,0,10,0,0,6,0,6,4,5,7,0,16,2,0,2,18
03/10/2018,ORH,MA,ANE,EN,Federal Contract Tower,4,1,2,0,7,0,6,34,0,40,4,7,36,0,47,12,0,12,59
03/11/2018,ORH,MA,ANE,EN,Federal Contract Tower,4,4,9,0,17,0,0,23,0,23,4,4,32,0,40,40,0,40,80
03/12/2018,ORH,MA,ANE,EN,Federal Contract Tower,4,5,3,0,12,0,0,10,0,10,4,5,13,0,22,6,0,6,28
03/13/2018,ORH,MA,ANE,EN,Federal Contract Tower,0,0,0,0,0,0,0,0,0,0,0,0,0,0,0,0,0,0,0
03/14/2018,ORH,MA,ANE,EN,Federal Contract Tower,4,5,7,0,16,0,0,0,0,0,4,5,7,0,16,0,0,0,16
03/15/2018,ORH,MA,ANE,EN,Federal Contract Tower,4,8,5,0,17,0,0,11,0,11,4,8,16,0,28,22,8,30,58
03/16/2018,ORH,MA,ANE,EN,Federal Contract Tower,4,3,0,0,7,0,2,6,0,8,4,5,6,0,15,16,0,16,31
03/17/2018,ORH,MA,ANE,EN,Federal Contract Tower,4,2,9,0,15,0,2,11,0,13,4,4,20,0,28,8,0,8,36
03/19/2018,ORH,MA,ANE,EN,Federal Contract Tower,4,2,5,0,11,0,0,25,0,25,4,2,30,0,36,32,0,32,68
03/20/2018,ORH,MA,ANE,EN,Federal Contract Tower,4,6,11,0,21,0,0,25,0,25,4,6,36,0,46,16,0,16,62
03/21/2018,ORH,MA,ANE,EN,Federal Contract Tower,4,3,5,0,12,0,0,0,0,0,4,3,5,0,12,0,0,0,12
03/22/2018,ORH,MA,ANE,EN,Federal Contract Tower,5,6,3,0,14,0,3,8,0,11,5,9,11,0,25,0,0,0,25
03/23/2018,ORH,MA,ANE,EN,Federal Contract Tower,4,3,0,0,7,0,0,8,0,8,4,3,8,0,15,14,2,16,31
03/24/2018,ORH,MA,ANE,EN,Federal Contract Tower,5,1,6,0,12,1,0,33,0,34,6,1,39,0,46,40,0,40,86
03/25/2018,ORH,MA,ANE,EN,Federal Contract Tower,5,2,4,0,11,0,0,13,0,13,5,2,17,0,24,16,0,16,40
03/26/2018,ORH,MA,ANE,EN,Federal Contract Tower,4,3,6,0,13,0,0,13,0,13,4,3,19,0,26,26,0,26,52
03/27/2018,ORH,MA,ANE,EN,Federal Contract Tower,4,6,8,8,26,0,0,35,0,35,4,6,43,8,61,12,0,12,73
03/28/2018,ORH,MA,ANE,EN,Federal Contract Tower,4,13,16,6,39,0,8,10,0,18,4,21,26,6,57,12,0,12,69
03/29/2018,ORH,MA,ANE,EN,Federal Contract Tower,4,9,13,0,26,0,0,30,0,30,4,9,43,0,56,34,0,34,90
03/30/2018,ORH,MA,ANE,EN,Federal Contract Tower,4,8,2,0,14,0,0,0,0,0,4,8,2,0,14,0,0,0,14
03/31/2018,ORH,MA,ANE,EN,Federal Contract Tower,4,3,6,0,13,0,0,48,0,48,4,3,54,0,61,14,0,14,75
04/01/2018,ORH,MA,ANE,EN,Federal Contract Tower,4,1,3,0,8,0,0,3,0,3,4,1,6,0,11,10,0,10,21
04/02/2018,ORH,MA,ANE,EN,Federal Contract Tower,4,9,3,0,16,0,0,12,0,12,4,9,15,0,28,2,0,2,30
04/03/2018,ORH,MA,ANE,EN,Federal Contract Tower,4,3,6,0,13,0,0,0,0,0,4,3,6,0,13,0,0,0,13
04/04/2018,ORH,MA,ANE,EN,Federal Contract Tower,4,7,0,0,11,0,0,0,0,0,4,7,0,0,11,0,0,0,11
04/05/2018,ORH,MA,ANE,EN,Federal Contract Tower,4,5,3,0,12,0,0,6,0,6,4,5,9,0,18,0,2,2,20
04/06/2018,ORH,MA,ANE,EN,Federal Contract Tower,4,3,5,0,12,0,6,0,0,6,4,9,5,0,18,0,0,0,18
04/07/2018,ORH,MA,ANE,EN,Federal Contract Tower,4,4,5,0,13,0,0,11,0,11,4,4,16,0,24,2,0,2,26
04/08/2018,ORH,MA,ANE,EN,Federal Contract Tower,4,0,1,0,5,0,0,32,0,32,4,0,33,0,37,66,0,66,103
04/10/2018,ORH,MA,ANE,EN,Federal Contract Tower,4,3,2,0,9,0,0,2,0,2,4,3,4,0,11,0,0,0,11
04/11/2018,ORH,MA,ANE,EN,Federal Contract Tower,4,5,13,2,24,0,0,38,2,40,4,5,51,4,64,30,0,30,94
04/12/2018,ORH,MA,ANE,EN,Federal Contract Tower,4,4,6,0,14,0,0,17,2,19,4,4,23,2,33,14,0,14,47
04/13/2018,ORH,MA,ANE,EN,Federal Contract Tower,4,5,10,0,19,0,0,8,0,8,4,5,18,0,27,2,22,24,51
04/14/2018,ORH,MA,ANE,EN,Federal Contract Tower,4,2,4,0,10,0,0,11,0,11,4,2,15,0,21,14,0,14,35
04/15/2018,ORH,MA,ANE,EN,Federal Contract Tower,4,1,3,0,8,0,0,0,0,0,4,1,3,0,8,0,0,0,8
04/16/2018,ORH,MA,ANE,EN,Federal Contract Tower,4,5,2,0,11,0,0,0,0,0,4,5,2,0,11,0,0,0,11
04/17/2018,ORH,MA,ANE,EN,Federal Contract Tower,4,4,9,0,17,0,0,6,0,6,4,4,15,0,23,52,0,52,75
04/18/2018,ORH,MA,ANE,EN,Federal Contract Tower,4,6,12,0,22,0,0,23,0,23,4,6,35,0,45,24,2,26,71
04/19/2018,ORH,MA,ANE,EN,Federal Contract Tower,4,11,4,0,19,0,0,1,0,1,4,11,5,0,20,0,0,0,20
04/20/2018,ORH,MA,ANE,EN,Federal Contract Tower,4,8,0,0,12,0,0,5,2,7,4,8,5,2,19,0,0,0,19
04/21/2018,ORH,MA,ANE,EN,Federal Contract Tower,4,2,6,0,12,0,0,14,4,18,4,2,20,4,30,24,4,28,58
04/22/2018,ORH,MA,ANE,EN,Federal Contract Tower,4,3,13,0,20,0,0,80,0,80,4,3,93,0,100,36,0,36,136
04/23/2018,ORH,MA,ANE,EN,Federal Contract Tower,4,10,5,0,19,0,4,20,0,24,4,14,25,0,43,10,0,10,53
04/24/2018,ORH,MA,ANE,EN,Federal Contract Tower,4,9,13,0,26,0,4,22,0,26,4,13,35,0,52,44,0,44,96
04/25/2018,ORH,MA,ANE,EN,Federal Contract Tower,5,2,3,0,10,0,0,0,0,0,5,2,3,0,10,0,0,0,10
04/26/2018,ORH,MA,ANE,EN,Federal Contract Tower,2,4,2,0,8,0,0,10,0,10,2,4,12,0,18,6,0,6,24
04/27/2018,ORH,MA,ANE,EN,Federal Contract Tower,4,0,10,0,14,0,0,3,0,3,4,0,13,0,17,0,18,18,35
04/28/2018,ORH,MA,ANE,EN,Federal Contract Tower,4,0,25,0,29,0,0,63,0,63,4,0,88,0,92,32,0,32,124
04/29/2018,ORH,MA,ANE,EN,Federal Contract Tower,4,4,5,0,13,0,0,0,0,0,4,4,5,0,13,0,0,0,13
04/30/2018,ORH,MA,ANE,EN,Federal Contract Tower,4,2,5,1,12,0,0,4,0,4,4,2,9,1,16,0,0,0,16
05/01/2018,ORH,MA,ANE,EN,Federal Contract Tower,4,3,14,4,25,0,1,18,0,19,4,4,32,4,44,26,14,40,84
05/02/2018,ORH,MA,ANE,EN,Federal Contract Tower,5,3,11,2,21,0,2,21,0,23,5,5,32,2,44,44,0,44,88
05/03/2018,ORH,MA,ANE,EN,Federal Contract Tower,5,6,6,1,18,0,0,10,0,10,5,6,16,1,28,0,0,0,28
05/04/2018,ORH,MA,ANE,EN,Federal Contract Tower,5,7,11,0,23,0,0,3,12,15,5,7,14,12,38,0,8,8,46
05/05/2018,ORH,MA,ANE,EN,Federal Contract Tower,6,7,3,0,16,0,2,33,0,35,6,9,36,0,51,0,0,0,51
05/06/2018,ORH,MA,ANE,EN,Federal Contract Tower,6,5,6,0,17,0,0,0,0,0,6,5,6,0,17,0,0,0,17
05/07/2018,ORH,MA,ANE,EN,Federal Contract Tower,6,7,15,0,28,0,0,18,0,18,6,7,33,0,46,30,0,30,76
05/08/2018,ORH,MA,ANE,EN,Federal Contract Tower,6,9,14,0,29,0,0,25,0,25,6,9,39,0,54,26,2,28,82
05/09/2018,ORH,MA,ANE,EN,Federal Contract Tower,6,4,16,2,28,0,8,37,0,45,6,12,53,2,73,54,0,54,127
05/10/2018,ORH,MA,ANE,EN,Federal Contract Tower,5,11,2,0,18,0,4,9,0,13,5,15,11,0,31,16,0,16,47
05/11/2018,ORH,MA,ANE,EN,Federal Contract Tower,5,5,5,0,15,0,0,19,0,19,5,5,24,0,34,2,26,28,62
05/12/2018,ORH,MA,ANE,EN,Federal Contract Tower,6,2,13,0,21,0,0,0,0,0,6,2,13,0,21,0,0,0,21
05/13/2018,ORH,MA,ANE,EN,Federal Contract Tower,6,3,17,0,26,0,0,14,0,14,6,3,31,0,40,0,0,0,40
05/14/2018,ORH,MA,ANE,EN,Federal Contract Tower,5,3,11,0,19,0,2,11,0,13,5,5,22,0,32,24,0,24,56
05/15/2018,ORH,MA,ANE,EN,Federal Contract Tower,1,8,4,0,13,0,6,0,0,6,1,14,4,0,19,0,0,0,19
05/16/2018,ORH,MA,ANE,EN,Federal Contract Tower,3,2,17,0,22,0,0,10,4,14,3,2,27,4,36,0,0,0,36
05/17/2018,ORH,MA,ANE,EN,Federal Contract Tower,5,10,8,0,23,0,3,32,2,37,5,13,40,2,60,36,0,36,96
05/18/2018,ORH,MA,ANE,EN,Federal Contract Tower,6,1,2,0,9,0,0,13,0,13,6,1,15,0,22,22,0,22,44
05/19/2018,ORH,MA,ANE,EN,Federal Contract Tower,1,0,8,1,10,0,0,6,0,6,1,0,14,1,16,12,0,12,28
05/20/2018,ORH,MA,ANE,EN,Federal Contract Tower,5,0,4,0,9,0,0,5,0,5,5,0,9,0,14,0,0,0,14
05/21/2018,ORH,MA,ANE,EN,Federal Contract Tower,4,5,15,8,32,0,0,24,0,24,4,5,39,8,56,10,0,10,66
05/22/2018,ORH,MA,ANE,EN,Federal Contract Tower,6,10,3,0,19,0,0,2,0,2,6,10,5,0,21,4,0,4,25
05/23/2018,ORH,MA,ANE,EN,Federal Contract Tower,5,6,8,0,19,0,4,51,0,55,5,10,59,0,74,28,0,28,102
05/24/2018,ORH,MA,ANE,EN,Federal Contract Tower,6,11,13,0,30,0,0,37,0,37,6,11,50,0,67,8,12,20,87
05/25/2018,ORH,MA,ANE,EN,Federal Contract Tower,6,3,11,0,20,0,2,32,0,34,6,5,43,0,54,12,0,12,66
05/26/2018,ORH,MA,ANE,EN,Federal Contract Tower,5,2,2,0,9,0,4,45,0,49,5,6,47,0,58,10,0,10,68
05/27/2018,ORH,MA,ANE,EN,Federal Contract Tower,6,2,14,0,22,0,0,0,0,0,6,2,14,0,22,0,0,0,22
05/28/2018,ORH,MA,ANE,EN,Federal Contract Tower,6,6,12,0,24,0,1,8,0,9,6,7,20,0,33,0,0,0,33
05/29/2018,ORH,MA,ANE,EN,Federal Contract Tower,6,8,3,2,19,0,0,23,0,23,6,8,26,2,42,26,2,28,70
05/30/2018,ORH,MA,ANE,EN,Federal Contract Tower,5,12,6,0,23,0,0,35,0,35,5,12,41,0,58,36,20,56,114
05/31/2018,ORH,MA,ANE,EN,Federal Contract Tower,5,5,7,0,17,0,2,38,6,46,5,7,45,6,63,10,0,10,73
06/01/2018,ORH,MA,ANE,EN,Federal Contract Tower,4,6,7,0,17,0,0,4,0,4,4,6,11,0,21,0,0,0,21
06/02/2018,ORH,MA,ANE,EN,Federal Contract Tower,5,8,11,0,24,0,4,0,6,10,5,12,11,6,34,0,0,0,34
06/03/2018,ORH,MA,ANE,EN,Federal Contract Tower,6,2,9,0,17,0,0,45,0,45,6,2,54,0,62,48,0,48,110
06/04/2018,ORH,MA,ANE,EN,Federal Contract Tower,6,2,12,0,20,0,0,0,0,0,6,2,12,0,20,0,0,0,20
06/05/2018,ORH,MA,ANE,EN,Federal Contract Tower,6,2,9,0,17,0,1,6,0,7,6,3,15,0,24,6,0,6,30
06/06/2018,ORH,MA,ANE,EN,Federal Contract Tower,5,6,14,0,25,0,0,20,0,20,5,6,34,0,45,12,0,12,57
06/07/2018,ORH,MA,ANE,EN,Federal Contract Tower,6,7,16,0,29,0,2,39,0,41,6,9,55,0,70,0,0,0,70
06/08/2018,ORH,MA,ANE,EN,Federal Contract Tower,5,5,2,1,13,0,0,0,0,0,5,5,2,1,13,3,0,3,16
06/09/2018,ORH,MA,ANE,EN,Federal Contract Tower,6,5,14,0,25,0,4,37,2,43,6,9,51,2,68,64,0,64,132
06/10/2018,ORH,MA,ANE,EN,Federal Contract Tower,6,4,7,0,17,0,3,26,0,29,6,7,33,0,46,18,8,26,72
06/11/2018,ORH,MA,ANE,EN,Federal Contract Tower,6,9,10,0,25,0,0,28,0,28,6,9,38,0,53,30,0,30,83
06/12/2018,ORH,MA,ANE,EN,Federal Contract Tower,6,6,1,0,13,0,4,12,0,16,6,10,13,0,29,0,0,0,29
06/13/2018,ORH,MA,ANE,EN,Federal Contract Tower,3,6,10,1,20,0,1,0,0,1,3,7,10,1,21,8,0,8,29
06/14/2018,ORH,MA,ANE,EN,Federal Contract Tower,6,5,30,0,41,0,2,19,0,21,6,7,49,0,62,8,0,8,70
06/15/2018,ORH,MA,ANE,EN,Federal Contract Tower,6,5,14,0,25,0,0,9,0,9,6,5,23,0,34,0,0,0,34
06/16/2018,ORH,MA,ANE,EN,Federal Contract Tower,6,2,1,0,9,0,5,42,0,47,6,7,43,0,56,40,0,40,96
06/17/2018,ORH,MA,ANE,EN,Federal Contract Tower,6,2,5,0,13,0,0,29,0,29,6,2,34,0,42,10,0,10,52
06/18/2018,ORH,MA,ANE,EN,Federal Contract Tower,6,5,3,0,14,0,0,7,0,7,6,5,10,0,21,0,0,0,21
06/19/2018,ORH,MA,ANE,EN,Federal Contract Tower,4,9,11,0,24,0,5,38,0,43,4,14,49,0,67,36,0,36,103
06/20/2018,ORH,MA,ANE,EN,Federal Contract Tower,6,3,15,0,24,0,0,40,0,40,6,3,55,0,64,2,0,2,66
06/21/2018,ORH,MA,ANE,EN,Federal Contract Tower,6,5,1,0,12,0,0,22,1,23,6,5,23,1,35,30,2,32,67
06/22/2018,ORH,MA,ANE,EN,Federal Contract Tower,6,5,2,0,13,0,0,27,0,27,6,5,29,0,40,44,0,44,84
06/23/2018,ORH,MA,ANE,EN,Federal Contract Tower,5,1,5,0,11,0,0,8,0,8,5,1,13,0,19,12,0,12,31
06/24/2018,ORH,MA,ANE,EN,Federal Contract Tower,6,2,7,4,19,0,0,4,0,4,6,2,11,4,23,24,0,24,47
06/25/2018,ORH,MA,ANE,EN,Federal Contract Tower,6,3,7,0,16,0,1,6,0,7,6,4,13,0,23,16,0,16,39
06/26/2018,ORH,MA,ANE,EN,Federal Contract Tower,4,12,18,0,34,0,1,35,0,36,4,13,53,0,70,30,0,30,100
06/27/2018,ORH,MA,ANE,EN,Federal Contract Tower,6,9,1,0,16,0,0,14,0,14,6,9,15,0,30,26,0,26,56
06/28/2018,ORH,MA,ANE,EN,Federal Contract Tower,5,5,11,0,21,0,0,0,0,0,5,5,11,0,21,0,0,0,21
06/29/2018,ORH,MA,ANE,EN,Federal Contract Tower,5,8,31,2,46,0,3,63,0,66,5,11,94,2,112,8,0,8,120
06/30/2018,ORH,MA,ANE,EN,Federal Contract Tower,6,4,1,0,11,0,0,49,0,49,6,4,50,0,60,38,0,38,98
07/01/2018,ORH,MA,ANE,EN,Federal Contract Tower,6,2,7,0,15,0,0,25,0,25,6,2,32,0,40,20,0,20,60
07/02/2018,ORH,MA,ANE,EN,Federal Contract Tower,6,2,4,0,12,0,0,22,0,22,6,2,26,0,34,22,0,22,56
07/03/2018,ORH,MA,ANE,EN,Federal Contract Tower,6,7,7,0,20,0,0,41,0,41,6,7,48,0,61,28,0,28,89
07/04/2018,ORH,MA,ANE,EN,Federal Contract Tower,6,2,0,0,8,0,0,12,0,12,6,2,12,0,20,0,0,0,20
07/05/2018,ORH,MA,ANE,EN,Federal Contract Tower,6,5,9,0,20,0,2,33,2,37,6,7,42,2,57,20,0,20,77
07/06/2018,ORH,MA,ANE,EN,Federal Contract Tower,6,5,4,0,15,0,0,4,0,4,6,5,8,0,19,2,0,2,21
07/07/2018,ORH,MA,ANE,EN,Federal Contract Tower,6,2,1,0,9,0,0,48,0,48,6,2,49,0,57,12,0,12,69
07/08/2018,ORH,MA,ANE,EN,Federal Contract Tower,6,5,13,0,24,0,0,59,0,59,6,5,72,0,83,32,0,32,115
07/09/2018,ORH,MA,ANE,EN,Federal Contract Tower,6,4,8,0,18,0,0,16,0,16,6,4,24,0,34,34,0,34,68
07/10/2018,ORH,MA,ANE,EN,Federal Contract Tower,6,7,35,0,48,0,1,41,2,44,6,8,76,2,92,38,0,38,130
07/11/2018,ORH,MA,ANE,EN,Federal Contract Tower,6,10,19,0,35,0,1,28,0,29,6,11,47,0,64,24,10,34,98
07/12/2018,ORH,MA,ANE,EN,Federal Contract Tower,6,6,7,0,19,0,0,38,0,38,6,6,45,0,57,26,0,26,83
07/13/2018,ORH,MA,ANE,EN,Federal Contract Tower,5,6,12,0,23,0,0,36,0,36,5,6,48,0,59,28,2,30,89
07/14/2018,ORH,MA,ANE,EN,Federal Contract Tower,5,0,13,0,18,0,2,30,0,32,5,2,43,0,50,32,0,32,82
07/15/2018,ORH,MA,ANE,EN,Federal Contract Tower,6,5,4,0,15,0,0,17,1,18,6,5,21,1,33,8,0,8,41
07/16/2018,ORH,MA,ANE,EN,Federal Contract Tower,6,4,11,0,21,0,0,22,0,22,6,4,33,0,43,12,0,12,55
07/17/2018,ORH,MA,ANE,EN,Federal Contract Tower,4,9,10,0,23,0,0,3,0,3,4,9,13,0,26,0,0,0,26
07/18/2018,ORH,MA,ANE,EN,Federal Contract Tower,6,3,18,0,27,0,4,34,2,40,6,7,52,2,67,8,2,10,77
07/19/2018,ORH,MA,ANE,EN,Federal Contract Tower,6,3,7,0,16,0,0,37,0,37,6,3,44,0,53,38,0,38,91
07/20/2018,ORH,MA,ANE,EN,Federal Contract Tower,6,0,11,2,19,0,4,42,0,46,6,4,53,2,65,64,0,64,129
07/21/2018,ORH,MA,ANE,EN,Federal Contract Tower,5,0,4,0,9,0,0,40,0,40,5,0,44,0,49,22,0,22,71
07/22/2018,ORH,MA,ANE,EN,Federal Contract Tower,4,0,7,0,11,0,0,1,0,1,4,0,8,0,12,0,0,0,12
07/23/2018,ORH,MA,ANE,EN,Federal Contract Tower,3,2,10,0,15,0,0,3,0,3,3,2,13,0,18,0,0,0,18
07/24/2018,ORH,MA,ANE,EN,Federal Contract Tower,5,6,2,0,13,0,0,3,0,3,5,6,5,0,16,0,0,0,16
07/25/2018,ORH,MA,ANE,EN,Federal Contract Tower,6,1,19,0,26,0,0,0,0,0,6,1,19,0,26,0,0,0,26
07/26/2018,ORH,MA,ANE,EN,Federal Contract Tower,6,6,15,0,27,0,0,13,0,13,6,6,28,0,40,14,0,14,54
07/27/2018,ORH,MA,ANE,EN,Federal Contract Tower,3,2,3,0,8,0,0,22,0,22,3,2,25,0,30,10,0,10,40
07/28/2018,ORH,MA,ANE,EN,Federal Contract Tower,5,0,6,0,11,0,5,20,0,25,5,5,26,0,36,12,0,12,48
07/29/2018,ORH,MA,ANE,EN,Federal Contract Tower,6,2,5,0,13,0,0,45,0,45,6,2,50,0,58,20,0,20,78
07/30/2018,ORH,MA,ANE,EN,Federal Contract Tower,6,2,4,0,12,0,1,16,0,17,6,3,20,0,29,12,0,12,41
07/31/2018,ORH,MA,ANE,EN,Federal Contract Tower,6,2,4,0,12,0,3,35,2,40,6,5,39,2,52,32,50,82,134
08/01/2018,ORH,MA,ANE,EN,Federal Contract Tower,6,2,13,0,21,0,0,1,0,1,6,2,14,0,22,0,0,0,22
08/02/2018,ORH,MA,ANE,EN,Federal Contract Tower,6,3,1,7,17,0,4,14,2,20,6,7,15,9,37,6,0,6,43
08/03/2018,ORH,MA,ANE,EN,Federal Contract Tower,5,6,12,0,23,0,0,11,0,11,5,6,23,0,34,8,0,8,42
08/04/2018,ORH,MA,ANE,EN,Federal Contract Tower,4,7,6,0,17,0,0,6,0,6,4,7,12,0,23,0,0,0,23
08/05/2018,ORH,MA,ANE,EN,Federal Contract Tower,6,2,5,0,13,0,0,50,0,50,6,2,55,0,63,20,0,20,83
08/06/2018,ORH,MA,ANE,EN,Federal Contract Tower,6,2,3,0,11,0,0,33,0,33,6,2,36,0,44,18,0,18,62
08/07/2018,ORH,MA,ANE,EN,Federal Contract Tower,5,4,4,0,13,0,0,12,0,12,5,4,16,0,25,0,0,0,25
08/08/2018,ORH,MA,ANE,EN,Federal Contract Tower,6,2,6,0,14,0,0,19,0,19,6,2,25,0,33,0,14,14,47
08/09/2018,ORH,MA,ANE,EN,Federal Contract Tower,6,6,5,3,20,0,0,22,0,22,6,6,27,3,42,0,0,0,42
08/10/2018,ORH,MA,ANE,EN,Federal Contract Tower,6,6,6,0,18,0,2,39,0,41,6,8,45,0,59,50,6,56,115
08/11/2018,ORH,MA,ANE,EN,Federal Contract Tower,5,3,4,0,12,0,0,0,0,0,5,3,4,0,12,0,0,0,12
08/12/2018,ORH,MA,ANE,EN,Federal Contract Tower,2,1,10,0,13,0,0,0,0,0,2,1,10,0,13,0,0,0,13
08/13/2018,ORH,MA,ANE,EN,Federal Contract Tower,5,2,5,0,12,0,0,0,0,0,5,2,5,0,12,0,0,0,12
08/14/2018,ORH,MA,ANE,EN,Federal Contract Tower,5,3,4,0,12,0,0,1,0,1,5,3,5,0,13,0,0,0,13
08/15/2018,ORH,MA,ANE,EN,Federal Contract Tower,5,7,11,12,35,0,1,22,0,23,5,8,33,12,58,44,0,44,102
08/16/2018,ORH,MA,ANE,EN,Federal Contract Tower,6,4,7,1,18,0,4,39,2,45,6,8,46,3,63,12,24,36,99
08/17/2018,ORH,MA,ANE,EN,Federal Contract Tower,5,1,1,0,7,0,0,17,0,17,5,1,18,0,24,18,12,30,54
08/18/2018,ORH,MA,ANE,EN,Federal Contract Tower,6,0,10,0,16,0,0,4,0,4,6,0,14,0,20,0,0,0,20
08/19/2018,ORH,MA,ANE,EN,Federal Contract Tower,6,0,3,0,9,0,1,27,0,28,6,1,30,0,37,32,0,32,69
08/20/2018,ORH,MA,ANE,EN,Federal Contract Tower,6,2,5,0,13,0,2,4,0,6,6,4,9,0,19,14,0,14,33
08/21/2018,ORH,MA,ANE,EN,Federal Contract Tower,8,2,4,0,14,0,0,0,1,1,8,2,4,1,15,4,0,4,19
08/22/2018,ORH,MA,ANE,EN,Federal Contract Tower,4,5,6,0,15,0,2,1,0,3,4,7,7,0,18,0,0,0,18
08/23/2018,ORH,MA,ANE,EN,Federal Contract Tower,6,9,9,0,24,0,1,25,2,28,6,10,34,2,52,0,0,0,52
08/24/2018,ORH,MA,ANE,EN,Federal Contract Tower,6,4,6,0,16,0,2,56,0,58,6,6,62,0,74,48,0,48,122
08/25/2018,ORH,MA,ANE,EN,Federal Contract Tower,6,1,6,0,13,0,0,28,0,28,6,1,34,0,41,20,0,20,61
08/26/2018,ORH,MA,ANE,EN,Federal Contract Tower,6,0,7,0,13,0,0,39,0,39,6,0,46,0,52,42,0,42,94
08/27/2018,ORH,MA,ANE,EN,Federal Contract Tower,6,3,10,0,19,0,0,15,0,15,6,3,25,0,34,30,0,30,64
08/28/2018,ORH,MA,ANE,EN,Federal Contract Tower,6,3,3,0,12,0,9,10,0,19,6,12,13,0,31,20,0,20,51
08/29/2018,ORH,MA,ANE,EN,Federal Contract Tower,6,8,3,2,19,0,2,22,2,26,6,10,25,4,45,8,0,8,53
08/30/2018,ORH,MA,ANE,EN,Federal Contract Tower,5,9,3,2,19,0,1,12,2,15,5,10,15,4,34,8,4,12,46
08/31/2018,ORH,MA,ANE,EN,Federal Contract Tower,6,6,3,0,15,0,2,25,0,27,6,8,28,0,42,32,0,32,74
09/01/2018,ORH,MA,ANE,EN,Federal Contract Tower,6,5,6,0,17,0,2,45,0,47,6,7,51,0,64,26,0,26,90
09/02/2018,ORH,MA,ANE,EN,Federal Contract Tower,4,1,1,0,6,0,0,30,0,30,4,1,31,0,36,48,0,48,84
09/03/2018,ORH,MA,ANE,EN,Federal Contract Tower,5,3,3,0,11,0,0,26,0,26,5,3,29,0,37,0,0,0,37
09/04/2018,ORH,MA,ANE,EN,Federal Contract Tower,7,5,2,2,16,0,5,9,0,14,7,10,11,2,30,36,0,36,66
09/05/2018,ORH,MA,ANE,EN,Federal Contract Tower,6,3,8,2,19,0,0,15,2,17,6,3,23,4,36,12,2,14,50
09/06/2018,ORH,MA,ANE,EN,Federal Contract Tower,4,4,5,0,13,0,2,8,0,10,4,6,13,0,23,0,0,0,23
09/07/2018,ORH,MA,ANE,EN,Federal Contract Tower,6,5,9,0,20,0,0,22,0,22,6,5,31,0,42,32,0,32,74
09/08/2018,ORH,MA,ANE,EN,Federal Contract Tower,6,7,13,0,26,0,0,46,0,46,6,7,59,0,72,90,0,90,162
09/09/2018,ORH,MA,ANE,EN,Federal Contract Tower,5,3,3,0,11,0,0,19,2,21,5,3,22,2,32,4,6,10,42
09/10/2018,ORH,MA,ANE,EN,Federal Contract Tower,6,1,5,0,12,0,0,2,0,2,6,1,7,0,14,0,0,0,14
09/11/2018,ORH,MA,ANE,EN,Federal Contract Tower,6,7,4,0,17,0,0,0,0,0,6,7,4,0,17,0,0,0,17
09/12/2018,ORH,MA,ANE,EN,Federal Contract Tower,6,7,9,0,22,0,0,0,0,0,6,7,9,0,22,0,0,0,22
09/13/2018,ORH,MA,ANE,EN,Federal Contract Tower,6,4,13,0,23,0,0,2,0,2,6,4,15,0,25,0,0,0,25
09/14/2018,ORH,MA,ANE,EN,Federal Contract Tower,6,6,22,0,34,0,0,26,0,26,6,6,48,0,60,2,0,2,62
09/15/2018,ORH,MA,ANE,EN,Federal Contract Tower,5,2,3,0,10,0,0,16,0,16,5,2,19,0,26,4,0,4,30
09/16/2018,ORH,MA,ANE,EN,Federal Contract Tower,5,0,16,0,21,0,0,43,2,45,5,0,59,2,66,50,0,50,116
09/17/2018,ORH,MA,ANE,EN,Federal Contract Tower,6,5,16,0,27,0,0,13,0,13,6,5,29,0,40,70,0,70,110
09/18/2018,ORH,MA,ANE,EN,Federal Contract Tower,6,4,3,0,13,0,0,0,0,0,6,4,3,0,13,0,0,0,13
09/19/2018,ORH,MA,ANE,EN,Federal Contract Tower,6,6,13,1,26,0,0,1,0,1,6,6,14,1,27,0,0,0,27
09/20/2018,ORH,MA,ANE,EN,Federal Contract Tower,6,5,15,0,26,0,0,17,0,17,6,5,32,0,43,24,0,24,67
09/21/2018,ORH,MA,ANE,EN,Federal Contract Tower,6,2,11,0,19,0,0,31,0,31,6,2,42,0,50,44,0,44,94
09/22/2018,ORH,MA,ANE,EN,Federal Contract Tower,6,1,5,0,12,0,0,74,0,74,6,1,79,0,86,68,0,68,154
09/23/2018,ORH,MA,ANE,EN,Federal Contract Tower,6,2,9,0,17,0,0,90,0,90,6,2,99,0,107,26,0,26,133
09/24/2018,ORH,MA,ANE,EN,Federal Contract Tower,6,3,3,0,12,0,0,9,0,9,6,3,12,0,21,20,0,20,41
09/25/2018,ORH,MA,ANE,EN,Federal Contract Tower,5,2,14,0,21,0,0,0,0,0,5,2,14,0,21,0,0,0,21
09/26/2018,ORH,MA,ANE,EN,Federal Contract Tower,5,14,8,2,29,0,0,2,0,2,5,14,10,2,31,0,0,0,31
09/27/2018,ORH,MA,ANE,EN,Federal Contract Tower,6,8,4,0,18,0,0,24,0,24,6,8,28,0,42,20,0,20,62
09/28/2018,ORH,MA,ANE,EN,Federal Contract Tower,6,4,16,0,26,0,0,0,0,0,6,4,16,0,26,0,0,0,26
09/29/2018,ORH,MA,ANE,EN,Federal Contract Tower,6,3,7,0,16,0,0,22,0,22,6,3,29,0,38,28,0,28,66
09/30/2018,ORH,MA,ANE,EN,Federal Contract Tower,6,0,7,0,13,0,0,47,0,47,6,0,54,0,60,104,0,104,164
10/01/2018,ORH,MA,ANE,EN,Federal Contract Tower,5,7,8,0,20,0,4,4,0,8,5,11,12,0,28,0,0,0,28
10/02/2018,ORH,MA,ANE,EN,Federal Contract Tower,6,2,1,0,9,0,0,0,0,0,6,2,1,0,9,0,0,0,9
10/03/2018,ORH,MA,ANE,EN,Federal Contract Tower,6,9,3,0,18,0,0,0,0,0,6,9,3,0,18,0,0,0,18
10/04/2018,ORH,MA,ANE,EN,Federal Contract Tower,7,7,10,0,24,0,0,2,0,2,7,7,12,0,26,16,0,16,42
10/05/2018,ORH,MA,ANE,EN,Federal Contract Tower,8,8,13,0,29,0,0,41,0,41,8,8,54,0,70,18,0,18,88
10/06/2018,ORH,MA,ANE,EN,Federal Contract Tower,5,5,14,0,24,0,0,16,0,16,5,5,30,0,40,0,0,0,40
10/07/2018,ORH,MA,ANE,EN,Federal Contract Tower,7,0,7,0,14,0,0,3,0,3,7,0,10,0,17,0,0,0,17
10/08/2018,ORH,MA,ANE,EN,Federal Contract Tower,8,8,23,0,39,0,0,0,0,0,8,8,23,0,39,0,0,0,39
10/09/2018,ORH,MA,ANE,EN,Federal Contract Tower,9,10,8,0,27,0,0,9,0,9,9,10,17,0,36,8,0,8,44
10/10/2018,ORH,MA,ANE,EN,Federal Contract Tower,5,9,8,0,22,0,0,17,2,19,5,9,25,2,41,26,2,28,69
10/11/2018,ORH,MA,ANE,EN,Federal Contract Tower,7,4,6,2,19,0,0,0,0,0,7,4,6,2,19,0,0,0,19
10/12/2018,ORH,MA,ANE,EN,Federal Contract Tower,7,11,1,0,19,0,0,11,0,11,7,11,12,0,30,12,0,12,42
10/13/2018,ORH,MA,ANE,EN,Federal Contract Tower,8,0,9,0,17,0,10,6,0,16,8,10,15,0,33,10,0,10,43
10/14/2018,ORH,MA,ANE,EN,Federal Contract Tower,10,0,14,0,24,0,4,43,0,47,10,4,57,0,71,58,0,58,129
10/15/2018,ORH,MA,ANE,EN,Federal Contract Tower,6,9,8,0,23,0,0,0,0,0,6,9,8,0,23,0,0,0,23
10/16/2018,ORH,MA,ANE,EN,Federal Contract Tower,10,5,3,0,18,0,0,24,0,24,10,5,27,0,42,4,0,4,46
10/17/2018,ORH,MA,ANE,EN,Federal Contract Tower,8,5,8,0,21,0,0,16,0,16,8,5,24,0,37,6,0,6,43
10/18/2018,ORH,MA,ANE,EN,Federal Contract Tower,10,7,7,2,26,0,0,20,0,20,10,7,27,2,46,0,0,0,46
10/19/2018,ORH,MA,ANE,EN,Federal Contract Tower,10,5,4,0,19,0,0,46,0,46,10,5,50,0,65,12,0,12,77
10/20/2018,ORH,MA,ANE,EN,Federal Contract Tower,10,3,9,0,22,0,0,14,0,14,10,3,23,0,36,26,6,32,68
10/21/2018,ORH,MA,ANE,EN,Federal Contract Tower,8,3,5,2,18,0,0,10,0,10,8,3,15,2,28,28,0,28,56
10/22/2018,ORH,MA,ANE,EN,Federal Contract Tower,9,2,6,0,17,0,6,27,0,33,9,8,33,0,50,16,0,16,66
10/23/2018,ORH,MA,ANE,EN,Federal Contract Tower,9,7,7,0,23,0,0,3,0,3,9,7,10,0,26,0,0,0,26
10/24/2018,ORH,MA,ANE,EN,Federal Contract Tower,9,3,14,0,26,0,0,2,0,2,9,3,16,0,28,0,0,0,28
10/25/2018,ORH,MA,ANE,EN,Federal Contract Tower,10,3,7,0,20,0,0,30,0,30,10,3,37,0,50,24,0,24,74
10/26/2018,ORH,MA,ANE,EN,Federal Contract Tower,9,5,8,0,22,0,0,83,0,83,9,5,91,0,105,90,0,90,195
10/27/2018,ORH,MA,ANE,EN,Federal Contract Tower,3,0,0,0,3,0,0,0,0,0,3,0,0,0,3,0,0,0,3
10/28/2018,ORH,MA,ANE,EN,Federal Contract Tower,6,2,9,0,17,0,12,5,0,17,6,14,14,0,34,4,0,4,38
10/29/2018,ORH,MA,ANE,EN,Federal Contract Tower,9,4,9,0,22,0,0,2,0,2,9,4,11,0,24,0,0,0,24
10/30/2018,ORH,MA,ANE,EN,Federal Contract Tower,9,7,10,1,27,0,2,12,4,18,9,9,22,5,45,6,0,6,51
10/31/2018,ORH,MA,ANE,EN,Federal Contract Tower,10,4,18,0,32,0,10,42,0,52,10,14,60,0,84,36,0,36,120
11/01/2018,ORH,MA,ANE,EN,Federal Contract Tower,8,0,17,0,25,0,0,7,0,7,8,0,24,0,32,6,0,6,38
11/02/2018,ORH,MA,ANE,EN,Federal Contract Tower,7,6,5,0,18,0,0,1,0,1,7,6,6,0,19,0,0,0,19
11/03/2018,ORH,MA,ANE,EN,Federal Contract Tower,8,0,2,0,10,0,1,0,0,1,8,1,2,0,11,0,0,0,11
11/04/2018,ORH,MA,ANE,EN,Federal Contract Tower,9,1,2,0,12,0,2,76,0,78,9,3,78,0,90,44,0,44,134
11/05/2018,ORH,MA,ANE,EN,Federal Contract Tower,9,6,7,0,22,0,0,3,0,3,9,6,10,0,25,0,22,22,47
11/06/2018,ORH,MA,ANE,EN,Federal Contract Tower,7,4,8,0,19,0,0,0,0,0,7,4,8,0,19,0,0,0,19
11/07/2018,ORH,MA,ANE,EN,Federal Contract Tower,6,8,2,0,16,0,4,17,0,21,6,12,19,0,37,34,0,34,71
11/08/2018,ORH,MA,ANE,EN,Federal Contract Tower,8,3,17,0,28,0,2,32,0,34,8,5,49,0,62,24,0,24,86
11/09/2018,ORH,MA,ANE,EN,Federal Contract Tower,9,11,11,0,31,0,0,7,0,7,9,11,18,0,38,24,0,24,62
11/10/2018,ORH,MA,ANE,EN,Federal Contract Tower,9,4,2,0,15,0,0,0,0,0,9,4,2,0,15,0,0,0,15
11/11/2018,ORH,MA,ANE,EN,Federal Contract Tower,9,3,6,0,18,0,0,25,0,25,9,3,31,0,43,52,0,52,95
11/12/2018,ORH,MA,ANE,EN,Federal Contract Tower,9,8,2,0,19,0,0,18,0,18,9,8,20,0,37,24,0,24,61
11/13/2018,ORH,MA,ANE,EN,Federal Contract Tower,8,5,2,0,15,0,2,0,0,2,8,7,2,0,17,0,0,0,17
11/14/2018,ORH,MA,ANE,EN,Federal Contract Tower,6,9,1,0,16,0,0,3,0,3,6,9,4,0,19,0,0,0,19
11/15/2018,ORH,MA,ANE,EN,Federal Contract Tower,6,4,25,0,35,0,8,27,0,35,6,12,52,0,70,26,0,26,96
11/16/2018,ORH,MA,ANE,EN,Federal Contract Tower,10,13,3,0,26,0,0,0,0,0,10,13,3,0,26,0,0,0,26
11/17/2018,ORH,MA,ANE,EN,Federal Contract Tower,10,2,7,2,21,0,0,19,1,20,10,2,26,3,41,23,8,31,72
11/18/2018,ORH,MA,ANE,EN,Federal Contract Tower,10,10,8,0,28,0,1,49,0,50,10,11,57,0,78,82,0,82,160
11/19/2018,ORH,MA,ANE,EN,Federal Contract Tower,7,8,3,0,18,0,0,0,0,0,7,8,3,0,18,0,0,0,18
11/20/2018,ORH,MA,ANE,EN,Federal Contract Tower,7,4,5,0,16,0,0,3,0,3,7,4,8,0,19,0,0,0,19
11/21/2018,ORH,MA,ANE,EN,Federal Contract Tower,9,7,7,0,23,0,0,14,0,14,9,7,21,0,37,0,0,0,37
11/22/2018,ORH,MA,ANE,EN,Federal Contract Tower,5,2,1,0,8,0,0,10,0,10,5,2,11,0,18,0,0,0,18
11/23/2018,ORH,MA,ANE,EN,Federal Contract Tower,10,2,2,2,16,0,0,26,0,26,10,2,28,2,42,4,0,4,46
11/24/2018,ORH,MA,ANE,EN,Federal Contract Tower,9,0,4,0,13,0,0,50,0,50,9,0,54,0,63,11,0,11,74
11/25/2018,ORH,MA,ANE,EN,Federal Contract Tower,10,14,4,0,28,0,0,0,0,0,10,14,4,0,28,0,0,0,28
11/26/2018,ORH,MA,ANE,EN,Federal Contract Tower,7,6,1,0,14,0,0,0,0,0,7,6,1,0,14,0,0,0,14
11/27/2018,ORH,MA,ANE,EN,Federal Contract Tower,7,4,3,1,15,0,0,0,0,0,7,4,3,1,15,0,3,3,18
11/28/2018,ORH,MA,ANE,EN,Federal Contract Tower,7,6,6,0,19,0,0,9,1,10,7,6,15,1,29,6,0,6,35
11/29/2018,ORH,MA,ANE,EN,Federal Contract Tower,7,6,7,0,20,0,2,14,0,16,7,8,21,0,36,0,10,10,46
11/30/2018,ORH,MA,ANE,EN,Federal Contract Tower,10,7,9,0,26,0,0,32,0,32,10,7,41,0,58,18,18,36,94
12/01/2018,ORH,MA,ANE,EN,Federal Contract Tower,10,0,2,0,12,0,0,41,0,41,10,0,43,0,53,61,0,61,114
12/02/2018,ORH,MA,ANE,EN,Federal Contract Tower,6,0,0,0,6,0,0,0,0,0,6,0,0,0,6,0,0,0,6
12/03/2018,ORH,MA,ANE,EN,Federal Contract Tower,8,4,9,0,21,0,7,22,0,29,8,11,31,0,50,22,0,22,72
12/04/2018,ORH,MA,ANE,EN,Federal Contract Tower,9,4,14,2,29,0,2,24,2,28,9,6,38,4,57,2,16,18,75
12/05/2018,ORH,MA,ANE,EN,Federal Contract Tower,8,8,19,0,35,0,0,31,0,31,8,8,50,0,66,16,0,16,82
12/06/2018,ORH,MA,ANE,EN,Federal Contract Tower,8,7,1,0,16,0,3,23,1,27,8,10,24,1,43,10,8,18,61
12/07/2018,ORH,MA,ANE,EN,Federal Contract Tower,9,3,1,0,13,0,0,11,0,11,9,3,12,0,24,0,0,0,24
12/08/2018,ORH,MA,ANE,EN,Federal Contract Tower,9,0,9,0,18,0,0,21,0,21,9,0,30,0,39,8,0,8,47
12/09/2018,ORH,MA,ANE,EN,Federal Contract Tower,10,8,8,0,26,0,0,21,0,21,10,8,29,0,47,22,0,22,69
12/10/2018,ORH,MA,ANE,EN,Federal Contract Tower,8,10,11,0,29,0,0,37,0,37,8,10,48,0,66,32,0,32,98
12/11/2018,ORH,MA,ANE,EN,Federal Contract Tower,7,5,2,0,14,0,0,18,2,20,7,5,20,2,34,14,0,14,48
12/12/2018,ORH,MA,ANE,EN,Federal Contract Tower,7,8,4,4,23,0,0,36,0,36,7,8,40,4,59,16,4,20,79
12/13/2018,ORH,MA,ANE,EN,Federal Contract Tower,8,4,1,0,13,0,2,25,0,27,8,6,26,0,40,14,0,14,54
12/14/2018,ORH,MA,ANE,EN,Federal Contract Tower,10,2,2,0,14,0,1,10,0,11,10,3,12,0,25,16,0,16,41
12/15/2018,ORH,MA,ANE,EN,Federal Contract Tower,8,3,1,2,14,0,2,22,2,26,8,5,23,4,40,18,0,18,58
12/16/2018,ORH,MA,ANE,EN,Federal Contract Tower,10,1,3,0,14,0,0,4,0,4,10,1,7,0,18,8,0,8,26
12/17/2018,ORH,MA,ANE,EN,Federal Contract Tower,10,7,1,0,18,0,2,2,0,4,10,9,3,0,22,0,0,0,22
12/18/2018,ORH,MA,ANE,EN,Federal Contract Tower,8,6,5,1,20,0,1,3,2,6,8,7,8,3,26,0,0,0,26
12/19/2018,ORH,MA,ANE,EN,Federal Contract Tower,6,7,12,0,25,0,0,38,2,40,6,7,50,2,65,22,4,26,91
12/20/2018,ORH,MA,ANE,EN,Federal Contract Tower,9,4,6,0,19,0,0,56,0,56,9,4,62,0,75,18,0,18,93
12/21/2018,ORH,MA,ANE,EN,Federal Contract Tower,7,5,0,0,12,0,0,0,0,0,7,5,0,0,12,0,0,0,12
12/22/2018,ORH,MA,ANE,EN,Federal Contract Tower,7,2,14,0,23,0,0,1,0,1,7,2,15,0,24,0,0,0,24
12/23/2018,ORH,MA,ANE,EN,Federal Contract Tower,9,1,3,0,13,0,0,55,0,55,9,1,58,0,68,20,0,20,88
12/24/2018,ORH,MA,ANE,EN,Federal Contract Tower,6,5,1,0,12,0,0,0,0,0,6,5,1,0,12,0,0,0,12
12/25/2018,ORH,MA,ANE,EN,Federal Contract Tower,6,2,1,0,9,0,0,1,0,1,6,2,2,0,10,23,0,23,33
12/26/2018,ORH,MA,ANE,EN,Federal Contract Tower,5,7,9,0,21,0,0,14,0,14,5,7,23,0,35,0,0,0,35
12/27/2018,ORH,MA,ANE,EN,Federal Contract Tower,7,9,12,2,30,0,0,28,0,28,7,9,40,2,58,16,0,16,74
12/28/2018,ORH,MA,ANE,EN,Federal Contract Tower,6,4,0,0,10,0,0,0,0,0,6,4,0,0,10,0,0,0,10
12/29/2018,ORH,MA,ANE,EN,Federal Contract Tower,8,1,4,0,13,0,0,12,0,12,8,1,16,0,25,0,0,0,25
12/30/2018,ORH,MA,ANE,EN,Federal Contract Tower,8,9,12,0,29,0,3,30,0,33,8,12,42,0,62,20,0,20,82
12/31/2018,ORH,MA,ANE,EN,Federal Contract Tower,10,2,3,0,15,0,2,19,0,21,10,4,22,0,36,42,0,42,78
01/01/2019,ORH,MA,ANE,EN,Federal Contract Tower,5,4,2,0,11,0,0,0,0,0,5,4,2,0,11,0,0,0,11
01/02/2019,ORH,MA,ANE,EN,Federal Contract Tower,7,8,3,0,18,0,0,13,0,13,7,8,16,0,31,34,0,34,65
01/03/2019,ORH,MA,ANE,EN,Federal Contract Tower,9,7,4,0,20,0,0,2,0,2,9,7,6,0,22,0,0,0,22
01/04/2019,ORH,MA,ANE,EN,Federal Contract Tower,8,5,18,2,33,0,0,33,0,33,8,5,51,2,66,88,0,88,154
01/05/2019,ORH,MA,ANE,EN,Federal Contract Tower,9,2,10,0,21,0,0,0,0,0,9,2,10,0,21,0,0,0,21
01/06/2019,ORH,MA,ANE,EN,Federal Contract Tower,10,1,0,0,11,0,0,5,0,5,10,1,5,0,16,10,0,10,26
01/07/2019,ORH,MA,ANE,EN,Federal Contract Tower,9,3,5,0,17,0,0,7,0,7,9,3,12,0,24,12,0,12,36
01/08/2019,ORH,MA,ANE,EN,Federal Contract Tower,7,0,0,0,7,0,0,0,0,0,7,0,0,0,7,0,0,0,7
01/09/2019,ORH,MA,ANE,EN,Federal Contract Tower,6,5,1,2,14,0,0,2,2,4,6,5,3,4,18,0,16,16,34
01/10/2019,ORH,MA,ANE,EN,Federal Contract Tower,9,7,3,1,20,0,0,3,3,6,9,7,6,4,26,0,0,0,26
01/11/2019,ORH,MA,ANE,EN,Federal Contract Tower,7,5,11,2,25,0,0,26,0,26,7,5,37,2,51,30,0,30,81
01/12/2019,ORH,MA,ANE,EN,Federal Contract Tower,8,2,10,0,20,0,0,43,0,43,8,2,53,0,63,31,0,31,94
01/13/2019,ORH,MA,ANE,EN,Federal Contract Tower,8,2,3,0,13,0,2,21,0,23,8,4,24,0,36,16,0,16,52
01/14/2019,ORH,MA,ANE,EN,Federal Contract Tower,9,2,1,0,12,0,1,16,0,17,9,3,17,0,29,8,0,8,37
01/15/2019,ORH,MA,ANE,EN,Federal Contract Tower,6,7,14,0,27,0,0,23,0,23,6,7,37,0,50,22,0,22,72
01/16/2019,ORH,MA,ANE,EN,Federal Contract Tower,7,4,3,0,14,0,0,9,0,9,7,4,12,0,23,8,0,8,31
01/17/2019,ORH,MA,ANE,EN,Federal Contract Tower,7,8,8,0,23,0,0,26,1,27,7,8,34,1,50,2,0,2,52
01/18/2019,ORH,MA,ANE,EN,Federal Contract Tower,9,5,1,0,15,0,0,9,0,9,9,5,10,0,24,10,0,10,34
01/19/2019,ORH,MA,ANE,EN,Federal Contract Tower,6,3,2,0,11,0,0,26,0,26,6,3,28,0,37,4,0,4,41
01/20/2019,ORH,MA,ANE,EN,Federal Contract Tower,0,0,0,0,0,0,0,0,0,0,0,0,0,0,0,0,0,0,0
01/21/2019,ORH,MA,ANE,EN,Federal Contract Tower,6,4,4,0,14,0,0,0,0,0,6,4,4,0,14,0,0,0,14
01/22/2019,ORH,MA,ANE,EN,Federal Contract Tower,8,7,2,2,19,0,3,6,0,9,8,10,8,2,28,0,0,0,28
01/23/2019,ORH,MA,ANE,EN,Federal Contract Tower,6,9,5,0,20,0,0,11,0,11,6,9,16,0,31,0,0,0,31
01/24/2019,ORH,MA,ANE,EN,Federal Contract Tower,7,3,2,0,12,0,0,0,0,0,7,3,2,0,12,0,0,0,12
01/25/2019,ORH,MA,ANE,EN,Federal Contract Tower,7,5,3,0,15,0,0,9,4,13,7,5,12,4,28,4,0,4,32
01/26/2019,ORH,MA,ANE,EN,Federal Contract Tower,9,2,5,0,16,0,0,58,0,58,9,2,63,0,74,66,0,66,140
01/27/2019,ORH,MA,ANE,EN,Federal Contract Tower,9,1,2,0,12,0,0,22,0,22,9,1,24,0,34,0,0,0,34
01/28/2019,ORH,MA,ANE,EN,Federal Contract Tower,9,3,10,0,22,0,2,32,0,34,9,5,42,0,56,20,0,20,76
01/29/2019,ORH,MA,ANE,EN,Federal Contract Tower,7,8,4,2,21,0,0,9,0,9,7,8,13,2,30,20,0,20,50
01/30/2019,ORH,MA,ANE,EN,Federal Contract Tower,7,9,5,4,25,0,0,5,2,7,7,9,10,6,32,0,0,0,32
01/31/2019,ORH,MA,ANE,EN,Federal Contract Tower,8,5,3,0,16,0,0,9,0,9,8,5,12,0,25,2,0,2,27
02/01/2019,ORH,MA,ANE,EN,Federal Contract Tower,8,6,4,0,18,0,0,32,0,32,8,6,36,0,50,20,0,20,70
02/02/2019,ORH,MA,ANE,EN,Federal Contract Tower,10,2,6,0,18,0,0,25,0,25,10,2,31,0,43,2,0,2,45
02/03/2019,ORH,MA,ANE,EN,Federal Contract Tower,8,4,4,0,16,0,0,38,0,38,8,4,42,0,54,48,0,48,102
02/04/2019,ORH,MA,ANE,EN,Federal Contract Tower,7,10,3,0,20,0,0,19,0,19,7,10,22,0,39,30,0,30,69
02/05/2019,ORH,MA,ANE,EN,Federal Contract Tower,7,9,6,2,24,0,0,30,0,30,7,9,36,2,54,16,8,24,78
02/06/2019,ORH,MA,ANE,EN,Federal Contract Tower,7,12,10,0,29,0,0,21,0,21,7,12,31,0,50,6,0,6,56
02/07/2019,ORH,MA,ANE,EN,Federal Contract Tower,6,0,1,0,7,0,0,0,0,0,6,0,1,0,7,0,0,0,7
02/08/2019,ORH,MA,ANE,EN,Federal Contract Tower,7,4,3,0,14,0,0,2,0,2,7,4,5,0,16,0,0,0,16
02/09/2019,ORH,MA,ANE,EN,Federal Contract Tower,9,1,4,2,16,0,2,4,4,10,9,3,8,6,26,0,0,0,26
02/10/2019,ORH,MA,ANE,EN,Federal Contract Tower,8,2,6,0,16,0,0,67,2,69,8,2,73,2,85,64,0,64,149
02/11/2019,ORH,MA,ANE,EN,Federal Contract Tower,11,2,4,0,17,0,2,41,0,43,11,4,45,0,60,6,0,6,66
02/12/2019,ORH,MA,ANE,EN,Federal Contract Tower,4,1,6,0,11,0,0,2,0,2,4,1,8,0,13,0,0,0,13
02/13/2019,ORH,MA,ANE,EN,Federal Contract Tower,6,6,4,0,16,0,0,0,0,0,6,6,4,0,16,0,0,0,16
02/14/2019,ORH,MA,ANE,EN,Federal Contract Tower,8,5,6,0,19,0,0,11,0,11,8,5,17,0,30,2,4,6,36
02/15/2019,ORH,MA,ANE,EN,Federal Contract Tower,7,8,10,0,25,0,0,0,0,0,7,8,10,0,25,10,0,10,35
02/16/2019,ORH,MA,ANE,EN,Federal Contract Tower,8,3,13,0,24,0,0,44,0,44,8,3,57,0,68,24,0,24,92
02/17/2019,ORH,MA,ANE,EN,Federal Contract Tower,9,4,10,0,23,0,0,75,0,75,9,4,85,0,98,80,0,80,178
02/18/2019,ORH,MA,ANE,EN,Federal Contract Tower,9,4,2,0,15,0,1,0,0,1,9,5,2,0,16,0,0,0,16
02/19/2019,ORH,MA,ANE,EN,Federal Contract Tower,8,5,7,2,22,0,2,16,2,20,8,7,23,4,42,2,0,2,44
02/20/2019,ORH,MA,ANE,EN,Federal Contract Tower,5,10,3,0,18,0,0,12,0,12,5,10,15,0,30,4,0,4,34
02/21/2019,ORH,MA,ANE,EN,Federal Contract Tower,6,10,1,0,17,0,2,1,0,3,6,12,2,0,20,0,0,0,20
02/22/2019,ORH,MA,ANE,EN,Federal Contract Tower,6,10,8,0,24,0,0,21,1,22,6,10,29,1,46,24,0,24,70
02/23/2019,ORH,MA,ANE,EN,Federal Contract Tower,7,6,14,0,27,0,0,62,0,62,7,6,76,0,89,6,0,6,95
02/24/2019,ORH,MA,ANE,EN,Federal Contract Tower,7,2,0,0,9,0,0,0,0,0,7,2,0,0,9,0,0,0,9
02/25/2019,ORH,MA,ANE,EN,Federal Contract Tower,6,2,1,0,9,0,0,0,0,0,6,2,1,0,9,0,0,0,9
02/26/2019,ORH,MA,ANE,EN,Federal Contract Tower,7,10,4,0,21,0,2,2,0,4,7,12,6,0,25,0,0,0,25
02/27/2019,ORH,MA,ANE,EN,Federal Contract Tower,7,7,4,0,18,0,4,11,0,15,7,11,15,0,33,0,2,2,35
02/28/2019,ORH,MA,ANE,EN,Federal Contract Tower,5,10,7,0,22,0,0,8,2,10,5,10,15,2,32,0,0,0,32
03/01/2019,ORH,MA,ANE,EN,Federal Contract Tower,5,7,6,0,18,0,0,14,0,14,5,7,20,0,32,6,0,6,38
03/02/2019,ORH,MA,ANE,EN,Federal Contract Tower,5,3,1,0,9,0,0,0,0,0,5,3,1,0,9,0,0,0,9
03/03/2019,ORH,MA,ANE,EN,Federal Contract Tower,5,3,9,0,17,0,0,28,0,28,5,3,37,0,45,14,0,14,59
03/04/2019,ORH,MA,ANE,EN,Federal Contract Tower,6,4,1,0,11,0,0,2,0,2,6,4,3,0,13,0,0,0,13
03/05/2019,ORH,MA,ANE,EN,Federal Contract Tower,7,6,4,0,17,0,0,24,6,30,7,6,28,6,47,18,0,18,65
03/06/2019,ORH,MA,ANE,EN,Federal Contract Tower,7,7,3,1,18,0,0,0,0,0,7,7,3,1,18,2,0,2,20
03/07/2019,ORH,MA,ANE,EN,Federal Contract Tower,6,6,7,0,19,0,3,16,0,19,6,9,23,0,38,10,0,10,48
03/08/2019,ORH,MA,ANE,EN,Federal Contract Tower,7,7,6,0,20,0,0,26,0,26,7,7,32,0,46,0,0,0,46
03/09/2019,ORH,MA,ANE,EN,Federal Contract Tower,7,6,6,2,21,0,0,76,4,80,7,6,82,6,101,16,0,16,117
03/10/2019,ORH,MA,ANE,EN,Federal Contract Tower,7,3,1,0,11,0,0,0,0,0,7,3,1,0,11,0,0,0,11
03/11/2019,ORH,MA,ANE,EN,Federal Contract Tower,8,7,9,0,24,0,2,19,0,21,8,9,28,0,45,10,0,10,55
03/12/2019,ORH,MA,ANE,EN,Federal Contract Tower,9,5,7,0,21,0,0,10,4,14,9,5,17,4,35,10,20,30,65
03/13/2019,ORH,MA,ANE,EN,Federal Contract Tower,7,8,13,2,30,0,2,30,0,32,7,10,43,2,62,20,0,20,82
03/14/2019,ORH,MA,ANE,EN,Federal Contract Tower,6,6,6,0,18,0,4,39,6,49,6,10,45,6,67,64,10,74,141
03/15/2019,ORH,MA,ANE,EN,Federal Contract Tower,5,7,5,0,17,0,0,6,0,6,5,7,11,0,23,0,0,0,23
03/16/2019,ORH,MA,ANE,EN,Federal Contract Tower,7,2,4,0,13,0,0,7,0,7,7,2,11,0,20,6,0,6,26
03/17/2019,ORH,MA,ANE,EN,Federal Contract Tower,6,4,13,0,23,0,2,21,0,23,6,6,34,0,46,10,0,10,56
03/18/2019,ORH,MA,ANE,EN,Federal Contract Tower,8,5,6,0,19,0,2,10,0,12,8,7,16,0,31,16,0,16,47
03/19/2019,ORH,MA,ANE,EN,Federal Contract Tower,9,6,3,2,20,0,1,12,0,13,9,7,15,2,33,12,0,12,45
03/20/2019,ORH,MA,ANE,EN,Federal Contract Tower,6,9,13,2,30,0,0,41,7,48,6,9,54,9,78,28,8,36,114
03/21/2019,ORH,MA,ANE,EN,Federal Contract Tower,7,3,2,2,14,0,2,23,1,26,7,5,25,3,40,18,0,18,58
03/22/2019,ORH,MA,ANE,EN,Federal Contract Tower,7,5,8,0,20,0,0,0,0,0,7,5,8,0,20,0,0,0,20
03/23/2019,ORH,MA,ANE,EN,Federal Contract Tower,7,3,3,0,13,0,0,0,0,0,7,3,3,0,13,0,0,0,13
03/24/2019,ORH,MA,ANE,EN,Federal Contract Tower,8,5,13,0,26,0,2,51,0,53,8,7,64,0,79,24,0,24,103
03/25/2019,ORH,MA,ANE,EN,Federal Contract Tower,7,2,2,0,11,0,0,20,0,20,7,2,22,0,31,10,0,10,41
03/26/2019,ORH,MA,ANE,EN,Federal Contract Tower,7,3,14,5,29,0,1,33,2,36,7,4,47,7,65,12,6,18,83
03/27/2019,ORH,MA,ANE,EN,Federal Contract Tower,6,11,6,0,23,0,0,53,6,59,6,11,59,6,82,84,22,106,188
03/28/2019,ORH,MA,ANE,EN,Federal Contract Tower,7,9,3,0,19,0,4,29,2,35,7,13,32,2,54,40,0,40,94
03/29/2019,ORH,MA,ANE,EN,Federal Contract Tower,7,10,3,0,20,0,0,3,0,3,7,10,6,0,23,0,0,0,23
03/30/2019,ORH,MA,ANE,EN,Federal Contract Tower,6,3,18,1,28,0,0,21,0,21,6,3,39,1,49,22,0,22,71
03/31/2019,ORH,MA,ANE,EN,Federal Contract Tower,9,4,2,0,15,0,4,3,0,7,9,8,5,0,22,0,0,0,22
04/01/2019,ORH,MA,ANE,EN,Federal Contract Tower,8,8,6,0,22,0,0,8,0,8,8,8,14,0,30,0,0,0,30
04/02/2019,ORH,MA,ANE,EN,Federal Contract Tower,8,7,4,3,22,0,4,28,2,34,8,11,32,5,56,20,0,20,76
04/03/2019,ORH,MA,ANE,EN,Federal Contract Tower,7,14,4,0,25,0,2,1,6,9,7,16,5,6,34,0,4,4,38
04/04/2019,ORH,MA,ANE,EN,Federal Contract Tower,7,7,7,0,21,0,1,20,2,23,7,8,27,2,44,6,0,6,50
04/05/2019,ORH,MA,ANE,EN,Federal Contract Tower,7,10,2,0,19,0,0,15,2,17,7,10,17,2,36,0,0,0,36
04/06/2019,ORH,MA,ANE,EN,Federal Contract Tower,7,5,0,0,12,0,1,18,0,19,7,6,18,0,31,4,0,4,35
04/07/2019,ORH,MA,ANE,EN,Federal Contract Tower,7,5,10,0,22,0,0,48,1,49,7,5,58,1,71,40,0,40,111
04/08/2019,ORH,MA,ANE,EN,Federal Contract Tower,7,3,8,0,18,0,0,0,0,0,7,3,8,0,18,0,0,0,18
04/09/2019,ORH,MA,ANE,EN,Federal Contract Tower,6,6,2,0,14,0,0,0,0,0,6,6,2,0,14,0,0,0,14
04/10/2019,ORH,MA,ANE,EN,Federal Contract Tower,7,6,11,1,25,0,2,21,3,26,7,8,32,4,51,16,0,16,67
04/11/2019,ORH,MA,ANE,EN,Federal Contract Tower,6,5,8,0,19,0,2,49,0,51,6,7,57,0,70,92,0,92,162
04/12/2019,ORH,MA,ANE,EN,Federal Contract Tower,7,9,13,0,29,0,0,2,0,2,7,9,15,0,31,0,8,8,39
04/13/2019,ORH,MA,ANE,EN,Federal Contract Tower,6,6,4,0,16,0,4,10,4,18,6,10,14,4,34,6,40,46,80
04/14/2019,ORH,MA,ANE,EN,Federal Contract Tower,8,1,4,0,13,0,0,20,0,20,8,1,24,0,33,20,0,20,53
04/15/2019,ORH,MA,ANE,EN,Federal Contract Tower,7,4,6,0,17,0,0,5,0,5,7,4,11,0,22,0,0,0,22
04/16/2019,ORH,MA,ANE,EN,Federal Contract Tower,6,11,3,0,20,0,0,6,0,6,6,11,9,0,26,0,0,0,26
04/17/2019,ORH,MA,ANE,EN,Federal Contract Tower,7,8,11,2,28,0,0,57,2,59,7,8,68,4,87,62,0,62,149
04/18/2019,ORH,MA,ANE,EN,Federal Contract Tower,7,10,3,0,20,0,4,5,0,9,7,14,8,0,29,2,0,2,31
04/19/2019,ORH,MA,ANE,EN,Federal Contract Tower,5,6,4,0,15,0,0,0,0,0,5,6,4,0,15,0,0,0,15
04/20/2019,ORH,MA,ANE,EN,Federal Contract Tower,5,5,4,0,14,0,0,0,0,0,5,5,4,0,14,0,0,0,14
04/21/2019,ORH,MA,ANE,EN,Federal Contract Tower,7,5,2,0,14,0,0,10,0,10,7,5,12,0,24,10,0,10,34
04/22/2019,ORH,MA,ANE,EN,Federal Contract Tower,6,11,11,1,29,0,0,4,0,4,6,11,15,1,33,8,0,8,41
04/23/2019,ORH,MA,ANE,EN,Federal Contract Tower,7,12,14,1,34,0,0,8,2,10,7,12,22,3,44,0,0,0,44
04/24/2019,ORH,MA,ANE,EN,Federal Contract Tower,5,7,10,0,22,0,6,12,2,20,5,13,22,2,42,42,0,42,84
04/25/2019,ORH,MA,ANE,EN,Federal Contract Tower,7,6,16,0,29,0,0,87,0,87,7,6,103,0,116,132,0,132,248
04/26/2019,ORH,MA,ANE,EN,Federal Contract Tower,7,2,18,0,27,0,0,0,0,0,7,2,18,0,27,0,0,0,27
04/27/2019,ORH,MA,ANE,EN,Federal Contract Tower,7,7,12,2,28,0,0,2,2,4,7,7,14,4,32,0,0,0,32
04/28/2019,ORH,MA,ANE,EN,Federal Contract Tower,7,4,9,0,20,0,0,21,0,21,7,4,30,0,41,8,0,8,49
04/29/2019,ORH,MA,ANE,EN,Federal Contract Tower,7,5,8,2,22,0,0,33,0,33,7,5,41,2,55,62,0,62,117
04/30/2019,ORH,MA,ANE,EN,Federal Contract Tower,7,6,11,1,25,0,0,6,2,8,7,6,17,3,33,0,0,0,33
05/01/2019,ORH,MA,ANE,EN,Federal Contract Tower,6,15,4,1,26,0,2,16,0,18,6,17,20,1,44,10,0,10,54
05/02/2019,ORH,MA,ANE,EN,Federal Contract Tower,6,14,18,2,40,0,0,0,0,0,6,14,18,2,40,0,0,0,40
05/03/2019,ORH,MA,ANE,EN,Federal Contract Tower,7,7,12,0,26,0,0,0,0,0,7,7,12,0,26,0,0,0,26
05/04/2019,ORH,MA,ANE,EN,Federal Contract Tower,6,5,25,6,42,0,0,0,0,0,6,5,25,6,42,0,0,0,42
05/05/2019,ORH,MA,ANE,EN,Federal Contract Tower,9,4,16,2,31,0,0,2,0,2,9,4,18,2,33,0,0,0,33
05/06/2019,ORH,MA,ANE,EN,Federal Contract Tower,8,5,6,0,19,0,7,27,0,34,8,12,33,0,53,18,0,18,71
05/07/2019,ORH,MA,ANE,EN,Federal Contract Tower,7,7,8,5,27,0,2,18,0,20,7,9,26,5,47,38,28,66,113
05/08/2019,ORH,MA,ANE,EN,Federal Contract Tower,7,6,14,0,27,0,3,67,0,70,7,9,81,0,97,34,0,34,131
05/09/2019,ORH,MA,ANE,EN,Federal Contract Tower,7,5,9,0,21,0,0,27,1,28,7,5,36,1,49,44,0,44,93
05/10/2019,ORH,MA,ANE,EN,Federal Contract Tower,7,5,8,0,20,0,0,4,0,4,7,5,12,0,24,0,0,0,24
05/11/2019,ORH,MA,ANE,EN,Federal Contract Tower,6,7,20,0,33,0,0,53,0,53,6,7,73,0,86,48,0,48,134
05/12/2019,ORH,MA,ANE,EN,Federal Contract Tower,8,1,5,0,14,0,0,0,0,0,8,1,5,0,14,0,0,0,14
05/13/2019,ORH,MA,ANE,EN,Federal Contract Tower,8,7,9,0,24,0,0,1,0,1,8,7,10,0,25,0,0,0,25
05/14/2019,ORH,MA,ANE,EN,Federal Contract Tower,7,9,8,5,29,0,0,0,0,0,7,9,8,5,29,0,0,0,29
05/15/2019,ORH,MA,ANE,EN,Federal Contract Tower,7,10,4,0,21,0,0,17,6,23,7,10,21,6,44,14,0,14,58
05/16/2019,ORH,MA,ANE,EN,Federal Contract Tower,6,10,20,0,36,0,0,31,0,31,6,10,51,0,67,10,0,10,77
05/17/2019,ORH,MA,ANE,EN,Federal Contract Tower,5,10,5,0,20,0,0,7,0,7,5,10,12,0,27,0,0,0,27
05/18/2019,ORH,MA,ANE,EN,Federal Contract Tower,6,5,5,2,18,0,0,87,8,95,6,5,92,10,113,2,0,2,115
05/19/2019,ORH,MA,ANE,EN,Federal Contract Tower,7,11,6,0,24,0,0,7,0,7,7,11,13,0,31,0,0,0,31
05/20/2019,ORH,MA,ANE,EN,Federal Contract Tower,8,3,6,0,17,0,0,2,0,2,8,3,8,0,19,0,0,0,19
05/21/2019,ORH,MA,ANE,EN,Federal Contract Tower,9,1,8,1,19,0,2,6,0,8,9,3,14,1,27,4,0,4,31
05/22/2019,ORH,MA,ANE,EN,Federal Contract Tower,6,8,14,2,30,0,1,56,0,57,6,9,70,2,87,44,0,44,131
05/23/2019,ORH,MA,ANE,EN,Federal Contract Tower,5,5,2,0,12,0,0,10,0,10,5,5,12,0,22,16,0,16,38
05/24/2019,ORH,MA,ANE,EN,Federal Contract Tower,6,8,4,0,18,0,0,6,0,6,6,8,10,0,24,0,0,0,24
05/25/2019,ORH,MA,ANE,EN,Federal Contract Tower,6,3,7,0,16,0,1,116,0,117,6,4,123,0,133,68,0,68,201
05/26/2019,ORH,MA,ANE,EN,Federal Contract Tower,8,3,4,0,15,0,0,12,0,12,8,3,16,0,27,4,0,4,31
05/27/2019,ORH,MA,ANE,EN,Federal Contract Tower,8,2,9,1,20,0,0,37,0,37,8,2,46,1,57,16,0,16,73
05/28/2019,ORH,MA,ANE,EN,Federal Contract Tower,6,8,0,0,14,0,0,2,0,2,6,8,2,0,16,0,0,0,16
05/29/2019,ORH,MA,ANE,EN,Federal Contract Tower,5,16,12,0,33,0,0,4,0,4,5,16,16,0,37,0,0,0,37
05/30/2019,ORH,MA,ANE,EN,Federal Contract Tower,6,9,8,3,26,0,0,4,0,4,6,9,12,3,30,0,0,0,30
05/31/2019,ORH,MA,ANE,EN,Federal Contract Tower,6,8,6,0,20,0,0,31,0,31,6,8,37,0,51,14,0,14,65
06/01/2019,ORH,MA,ANE,EN,Federal Contract Tower,7,2,9,0,18,0,0,67,2,69,7,2,76,2,87,60,0,60,147
06/02/2019,ORH,MA,ANE,EN,Federal Contract Tower,6,2,3,2,13,0,0,12,0,12,6,2,15,2,25,8,0,8,33
06/03/2019,ORH,MA,ANE,EN,Federal Contract Tower,8,6,5,0,19,0,0,14,0,14,8,6,19,0,33,10,0,10,43
06/04/2019,ORH,MA,ANE,EN,Federal Contract Tower,5,7,18,0,30,0,0,40,4,44,5,7,58,4,74,40,12,52,126
06/05/2019,ORH,MA,ANE,EN,Federal Contract Tower,7,8,7,0,22,0,0,46,0,46,7,8,53,0,68,22,0,22,90
06/06/2019,ORH,MA,ANE,EN,Federal Contract Tower,5,8,4,6,23,0,0,27,0,27,5,8,31,6,50,24,0,24,74
06/07/2019,ORH,MA,ANE,EN,Federal Contract Tower,6,7,8,0,21,0,1,54,2,57,6,8,62,2,78,24,2,26,104
06/08/2019,ORH,MA,ANE,EN,Federal Contract Tower,4,0,2,0,6,0,0,72,0,72,4,0,74,0,78,48,0,48,126
06/09/2019,ORH,MA,ANE,EN,Federal Contract Tower,6,4,13,0,23,0,0,55,0,55,6,4,68,0,78,22,0,22,100
06/10/2019,ORH,MA,ANE,EN,Federal Contract Tower,8,6,3,0,17,0,0,17,0,17,8,6,20,0,34,0,0,0,34
06/11/2019,ORH,MA,ANE,EN,Federal Contract Tower,6,1,6,0,13,0,4,2,0,6,6,5,8,0,19,6,6,12,31
06/12/2019,ORH,MA,ANE,EN,Federal Contract Tower,6,4,10,2,22,0,0,41,2,43,6,4,51,4,65,10,0,10,75
06/13/2019,ORH,MA,ANE,EN,Federal Contract Tower,5,7,11,0,23,0,0,0,0,0,5,7,11,0,23,0,0,0,23
06/14/2019,ORH,MA,ANE,EN,Federal Contract Tower,8,4,11,0,23,0,0,15,0,15,8,4,26,0,38,4,0,4,42
06/15/2019,ORH,MA,ANE,EN,Federal Contract Tower,4,3,0,0,7,0,0,35,0,35,4,3,35,0,42,0,0,0,42
06/16/2019,ORH,MA,ANE,EN,Federal Contract Tower,6,1,12,0,19,0,0,3,0,3,6,1,15,0,22,0,0,0,22
06/17/2019,ORH,MA,ANE,EN,Federal Contract Tower,6,3,10,2,21,0,1,40,0,41,6,4,50,2,62,22,0,22,84
06/18/2019,ORH,MA,ANE,EN,Federal Contract Tower,5,4,11,0,20,0,0,1,0,1,5,4,12,0,21,0,0,0,21
06/19/2019,ORH,MA,ANE,EN,Federal Contract Tower,7,10,9,2,28,0,0,3,2,5,7,10,12,4,33,26,8,34,67
06/20/2019,ORH,MA,ANE,EN,Federal Contract Tower,2,2,9,0,13,0,0,0,0,0,2,2,9,0,13,0,0,0,13
06/21/2019,ORH,MA,ANE,EN,Federal Contract Tower,5,5,5,0,15,0,0,21,0,21,5,5,26,0,36,30,0,30,66
06/22/2019,ORH,MA,ANE,EN,Federal Contract Tower,5,0,8,2,15,0,0,30,0,30,5,0,38,2,45,4,0,4,49
06/23/2019,ORH,MA,ANE,EN,Federal Contract Tower,5,3,6,0,14,0,0,40,0,40,5,3,46,0,54,2,0,2,56
06/24/2019,ORH,MA,ANE,EN,Federal Contract Tower,7,1,7,6,21,0,2,31,0,33,7,3,38,6,54,18,0,18,72
06/25/2019,ORH,MA,ANE,EN,Federal Contract Tower,6,5,12,3,26,0,0,0,0,0,6,5,12,3,26,0,0,0,26
06/26/2019,ORH,MA,ANE,EN,Federal Contract Tower,5,4,6,0,15,0,0,16,0,16,5,4,22,0,31,18,0,18,49
06/27/2019,ORH,MA,ANE,EN,Federal Contract Tower,6,11,7,0,24,0,0,29,0,29,6,11,36,0,53,32,0,32,85
06/28/2019,ORH,MA,ANE,EN,Federal Contract Tower,6,5,11,4,26,0,0,50,0,50,6,5,61,4,76,22,0,22,98
06/29/2019,ORH,MA,ANE,EN,Federal Contract Tower,6,2,4,0,12,0,0,12,0,12,6,2,16,0,24,8,0,8,32
06/30/2019,ORH,MA,ANE,EN,Federal Contract Tower,10,1,7,0,18,0,0,31,0,31,10,1,38,0,49,0,0,0,49
07/01/2019,ORH,MA,ANE,EN,Federal Contract Tower,8,4,4,0,16,0,2,34,0,36,8,6,38,0,52,18,0,18,70
07/02/2019,ORH,MA,ANE,EN,Federal Contract Tower,6,3,9,0,18,0,2,28,0,30,6,5,37,0,48,34,0,34,82
07/03/2019,ORH,MA,ANE,EN,Federal Contract Tower,6,4,4,0,14,0,2,25,0,27,6,6,29,0,41,16,0,16,57
07/04/2019,ORH,MA,ANE,EN,Federal Contract Tower,5,2,1,0,8,0,0,31,0,31,5,2,32,0,39,14,0,14,53
07/05/2019,ORH,MA,ANE,EN,Federal Contract Tower,4,3,2,0,9,0,0,42,0,42,4,3,44,0,51,16,0,16,67
07/06/2019,ORH,MA,ANE,EN,Federal Contract Tower,2,0,5,0,7,0,0,8,0,8,2,0,13,0,15,4,0,4,19
07/07/2019,ORH,MA,ANE,EN,Federal Contract Tower,7,0,5,0,12,0,0,56,0,56,7,0,61,0,68,14,0,14,82
07/08/2019,ORH,MA,ANE,EN,Federal Contract Tower,8,0,12,0,20,0,0,33,0,33,8,0,45,0,53,4,0,4,57
07/09/2019,ORH,MA,ANE,EN,Federal Contract Tower,6,9,8,0,23,0,2,44,4,50,6,11,52,4,73,18,14,32,105
07/10/2019,ORH,MA,ANE,EN,Federal Contract Tower,6,5,4,0,15,0,0,48,2,50,6,5,52,2,65,24,0,24,89
07/11/2019,ORH,MA,ANE,EN,Federal Contract Tower,5,3,4,0,12,2,0,9,0,11,7,3,13,0,23,4,0,4,27
07/12/2019,ORH,MA,ANE,EN,Federal Contract Tower,4,4,4,0,12,0,0,30,0,30,4,4,34,0,42,12,0,12,54
07/13/2019,ORH,MA,ANE,EN,Federal Contract Tower,7,4,2,0,13,0,12,92,0,104,7,16,94,0,117,22,0,22,139
07/14/2019,ORH,MA,ANE,EN,Federal Contract Tower,7,1,6,0,14,0,0,48,0,48,7,1,54,0,62,42,0,42,104
07/15/2019,ORH,MA,ANE,EN,Federal Contract Tower,7,1,16,1,25,0,2,43,0,45,7,3,59,1,70,12,8,20,90
07/16/2019,ORH,MA,ANE,EN,Federal Contract Tower,7,4,7,4,22,0,0,32,4,36,7,4,39,8,58,14,0,14,72
07/17/2019,ORH,MA,ANE,EN,Federal Contract Tower,4,6,10,0,20,0,1,25,0,26,4,7,35,0,46,0,0,0,46
07/18/2019,ORH,MA,ANE,EN,Federal Contract Tower,4,10,16,2,32,0,2,15,0,17,4,12,31,2,49,6,0,6,55
07/19/2019,ORH,MA,ANE,EN,Federal Contract Tower,6,5,10,0,21,0,0,34,0,34,6,5,44,0,55,24,0,24,79
07/20/2019,ORH,MA,ANE,EN,Federal Contract Tower,7,9,3,0,19,0,8,32,0,40,7,17,35,0,59,12,0,12,71
07/21/2019,ORH,MA,ANE,EN,Federal Contract Tower,5,4,1,0,10,0,0,32,0,32,5,4,33,0,42,16,0,16,58
07/22/2019,ORH,MA,ANE,EN,Federal Contract Tower,5,1,9,0,15,0,0,8,0,8,5,1,17,0,23,22,0,22,45
07/23/2019,ORH,MA,ANE,EN,Federal Contract Tower,5,5,10,2,22,0,0,2,0,2,5,5,12,2,24,0,0,0,24
07/24/2019,ORH,MA,ANE,EN,Federal Contract Tower,5,11,19,0,35,0,0,38,0,38,5,11,57,0,73,26,0,26,99
07/25/2019,ORH,MA,ANE,EN,Federal Contract Tower,3,7,8,0,18,0,0,81,7,88,3,7,89,7,106,54,0,54,160
07/26/2019,ORH,MA,ANE,EN,Federal Contract Tower,5,5,0,0,10,0,0,36,0,36,5,5,36,0,46,34,0,34,80
07/27/2019,ORH,MA,ANE,EN,Federal Contract Tower,6,14,4,0,24,0,2,48,2,52,6,16,52,2,76,48,0,48,124
07/28/2019,ORH,MA,ANE,EN,Federal Contract Tower,8,2,1,0,11,0,0,48,0,48,8,2,49,0,59,60,0,60,119
07/29/2019,ORH,MA,ANE,EN,Federal Contract Tower,7,3,8,0,18,0,1,16,0,17,7,4,24,0,35,22,0,22,57
07/30/2019,ORH,MA,ANE,EN,Federal Contract Tower,8,7,4,2,21,0,2,31,0,33,8,9,35,2,54,12,0,12,66
07/31/2019,ORH,MA,ANE,EN,Federal Contract Tower,4,4,8,0,16,0,1,19,2,22,4,5,27,2,38,16,0,16,54
08/01/2019,ORH,MA,ANE,EN,Federal Contract Tower,3,5,4,3,15,0,0,28,5,33,3,5,32,8,48,4,0,4,52
08/02/2019,ORH,MA,ANE,EN,Federal Contract Tower,6,9,1,0,16,0,0,57,1,58,6,9,58,1,74,36,0,36,110
08/03/2019,ORH,MA,ANE,EN,Federal Contract Tower,6,9,2,4,21,0,0,11,0,11,6,9,13,4,32,8,0,8,40
08/04/2019,ORH,MA,ANE,EN,Federal Contract Tower,6,6,3,0,15,0,0,60,0,60,6,6,63,0,75,22,0,22,97
08/05/2019,ORH,MA,ANE,EN,Federal Contract Tower,9,6,5,0,20,0,1,34,0,35,9,7,39,0,55,18,0,18,73
08/06/2019,ORH,MA,ANE,EN,Federal Contract Tower,6,3,10,2,21,0,1,14,0,15,6,4,24,2,36,18,0,18,54
08/07/2019,ORH,MA,ANE,EN,Federal Contract Tower,4,8,6,1,19,0,1,0,0,1,4,9,6,1,20,0,0,0,20
08/08/2019,ORH,MA,ANE,EN,Federal Contract Tower,6,7,7,0,20,0,0,24,2,26,6,7,31,2,46,12,0,12,58
08/09/2019,ORH,MA,ANE,EN,Federal Contract Tower,5,7,1,2,15,0,2,42,0,44,5,9,43,2,59,46,0,46,105
08/10/2019,ORH,MA,ANE,EN,Federal Contract Tower,7,5,3,0,15,0,0,50,0,50,7,5,53,0,65,20,0,20,85
08/11/2019,ORH,MA,ANE,EN,Federal Contract Tower,7,3,12,0,22,0,0,40,0,40,7,3,52,0,62,34,0,34,96
08/12/2019,ORH,MA,ANE,EN,Federal Contract Tower,6,3,9,0,18,0,0,53,0,53,6,3,62,0,71,46,0,46,117
08/13/2019,ORH,MA,ANE,EN,Federal Contract Tower,9,4,8,0,21,0,0,19,0,19,9,4,27,0,40,32,0,32,72
08/14/2019,ORH,MA,ANE,EN,Federal Contract Tower,6,7,6,2,21,0,0,23,2,25,6,7,29,4,46,34,0,34,80
08/15/2019,ORH,MA,ANE,EN,Federal Contract Tower,5,12,4,2,23,0,0,27,3,30,5,12,31,5,53,70,0,70,123
08/16/2019,ORH,MA,ANE,EN,Federal Contract Tower,7,5,4,0,16,0,4,58,0,62,7,9,62,0,78,28,0,28,106
08/17/2019,ORH,MA,ANE,EN,Federal Contract Tower,4,11,14,0,29,0,0,7,0,7,4,11,21,0,36,10,0,10,46
08/18/2019,ORH,MA,ANE,EN,Federal Contract Tower,6,3,4,0,13,0,0,20,0,20,6,3,24,0,33,16,0,16,49
08/19/2019,ORH,MA,ANE,EN,Federal Contract Tower,6,7,5,0,18,0,1,16,0,17,6,8,21,0,35,30,0,30,65
08/20/2019,ORH,MA,ANE,EN,Federal Contract Tower,6,13,5,0,24,0,1,51,0,52,6,14,56,0,76,32,0,32,108
08/21/2019,ORH,MA,ANE,EN,Federal Contract Tower,6,12,8,0,26,0,0,6,0,6,6,12,14,0,32,8,0,8,40
08/22/2019,ORH,MA,ANE,EN,Federal Contract Tower,5,10,3,5,23,0,4,33,1,38,5,14,36,6,61,30,2,32,93
08/23/2019,ORH,MA,ANE,EN,Federal Contract Tower,7,6,2,0,15,0,1,34,0,35,7,7,36,0,50,52,0,52,102
08/24/2019,ORH,MA,ANE,EN,Federal Contract Tower,6,4,2,0,12,0,1,75,0,76,6,5,77,0,88,52,0,52,140
08/25/2019,ORH,MA,ANE,EN,Federal Contract Tower,7,3,10,0,20,0,0,26,0,26,7,3,36,0,46,14,0,14,60
08/26/2019,ORH,MA,ANE,EN,Federal Contract Tower,6,2,8,0,16,0,0,27,0,27,6,2,35,0,43,0,0,0,43
08/27/2019,ORH,MA,ANE,EN,Federal Contract Tower,4,7,3,0,14,0,0,37,0,37,4,7,40,0,51,60,0,60,111
08/28/2019,ORH,MA,ANE,EN,Federal Contract Tower,7,9,6,0,22,0,1,7,0,8,7,10,13,0,30,10,0,10,40
08/29/2019,ORH,MA,ANE,EN,Federal Contract Tower,6,13,4,0,23,0,4,35,2,41,6,17,39,2,64,20,26,46,110
08/30/2019,ORH,MA,ANE,EN,Federal Contract Tower,5,10,1,0,16,0,0,40,0,40,5,10,41,0,56,14,0,14,70
08/31/2019,ORH,MA,ANE,EN,Federal Contract Tower,8,1,2,0,11,0,2,51,0,53,8,3,53,0,64,34,0,34,98
09/01/2019,ORH,MA,ANE,EN,Federal Contract Tower,6,1,3,0,10,0,0,36,0,36,6,1,39,0,46,12,0,12,58
09/02/2019,ORH,MA,ANE,EN,Federal Contract Tower,4,3,4,0,11,0,0,11,0,11,4,3,15,0,22,0,0,0,22
09/03/2019,ORH,MA,ANE,EN,Federal Contract Tower,4,6,5,2,17,0,0,30,0,30,4,6,35,2,47,20,0,20,67
09/04/2019,ORH,MA,ANE,EN,Federal Contract Tower,5,11,7,0,23,0,0,2,0,2,5,11,9,0,25,0,0,0,25
09/05/2019,ORH,MA,ANE,EN,Federal Contract Tower,6,9,9,0,24,0,3,78,0,81,6,12,87,0,105,36,0,36,141
09/06/2019,ORH,MA,ANE,EN,Federal Contract Tower,5,4,7,1,17,0,4,23,0,27,5,8,30,1,44,24,0,24,68
09/07/2019,ORH,MA,ANE,EN,Federal Contract Tower,6,4,2,0,12,0,0,3,4,7,6,4,5,4,19,18,12,30,49
09/08/2019,ORH,MA,ANE,EN,Federal Contract Tower,5,6,3,0,14,0,0,46,0,46,5,6,49,0,60,18,2,20,80
09/09/2019,ORH,MA,ANE,EN,Federal Contract Tower,8,9,4,0,21,0,0,27,0,27,8,9,31,0,48,46,0,46,94
09/10/2019,ORH,MA,ANE,EN,Federal Contract Tower,6,6,13,1,26,0,0,7,0,7,6,6,20,1,33,0,0,0,33
09/11/2019,ORH,MA,ANE,EN,Federal Contract Tower,5,11,11,0,27,0,0,21,0,21,5,11,32,0,48,12,0,12,60
09/12/2019,ORH,MA,ANE,EN,Federal Contract Tower,5,8,12,0,25,0,1,10,0,11,5,9,22,0,36,0,0,0,36
09/13/2019,ORH,MA,ANE,EN,Federal Contract Tower,5,10,3,0,18,0,2,54,0,56,5,12,57,0,74,18,0,18,92
09/14/2019,ORH,MA,ANE,EN,Federal Contract Tower,6,6,5,0,17,0,0,7,0,7,6,6,12,0,24,6,0,6,30
09/15/2019,ORH,MA,ANE,EN,Federal Contract Tower,6,6,8,0,20,0,0,55,0,55,6,6,63,0,75,72,0,72,147
09/16/2019,ORH,MA,ANE,EN,Federal Contract Tower,6,4,5,0,15,0,2,29,0,31,6,6,34,0,46,30,0,30,76
09/17/2019,ORH,MA,ANE,EN,Federal Contract Tower,6,9,4,0,19,0,2,45,0,47,6,11,49,0,66,50,0,50,116
09/19/2019,ORH,MA,ANE,EN,Federal Contract Tower,6,8,11,0,25,0,3,75,8,86,6,11,86,8,111,66,0,66,177
09/20/2019,ORH,MA,ANE,EN,Federal Contract Tower,6,7,5,0,18,0,0,106,4,110,6,7,111,4,128,56,0,56,184
09/21/2019,ORH,MA,ANE,EN,Federal Contract Tower,6,6,3,0,15,0,0,241,0,241,6,6,244,0,256,54,0,54,310
09/22/2019,ORH,MA,ANE,EN,Federal Contract Tower,5,9,0,0,14,0,0,143,0,143,5,9,143,0,157,44,0,44,201
09/23/2019,ORH,MA,ANE,EN,Federal Contract Tower,8,7,7,0,22,0,2,21,0,23,8,9,28,0,45,10,0,10,55
09/24/2019,ORH,MA,ANE,EN,Federal Contract Tower,8,9,15,0,32,0,0,28,0,28,8,9,43,0,60,38,0,38,98
09/25/2019,ORH,MA,ANE,EN,Federal Contract Tower,5,8,4,0,17,0,2,50,0,52,5,10,54,0,69,100,0,100,169
09/26/2019,ORH,MA,ANE,EN,Federal Contract Tower,4,14,10,0,28,0,1,20,0,21,4,15,30,0,49,12,0,12,61
09/27/2019,ORH,MA,ANE,EN,Federal Contract Tower,7,14,6,2,29,0,0,81,1,82,7,14,87,3,111,74,0,74,185
09/28/2019,ORH,MA,ANE,EN,Federal Contract Tower,6,4,2,0,12,0,2,28,0,30,6,6,30,0,42,24,0,24,66
09/29/2019,ORH,MA,ANE,EN,Federal Contract Tower,4,12,1,0,17,0,2,46,0,48,4,14,47,0,65,38,0,38,103
09/30/2019,ORH,MA,ANE,EN,Federal Contract Tower,8,6,8,0,22,0,0,35,0,35,8,6,43,0,57,42,0,42,99
10/01/2019,ORH,MA,ANE,EN,Federal Contract Tower,5,10,13,0,28,0,1,3,0,4,5,11,16,0,32,6,0,6,38
10/02/2019,ORH,MA,ANE,EN,Federal Contract Tower,7,10,2,0,19,0,0,10,0,10,7,10,12,0,29,0,0,0,29
10/03/2019,ORH,MA,ANE,EN,Federal Contract Tower,4,8,5,0,17,0,0,9,0,9,4,8,14,0,26,4,0,4,30
10/04/2019,ORH,MA,ANE,EN,Federal Contract Tower,7,8,15,1,31,0,4,17,4,25,7,12,32,5,56,0,0,0,56
10/05/2019,ORH,MA,ANE,EN,Federal Contract Tower,5,11,9,7,32,0,0,55,0,55,5,11,64,7,87,30,0,30,117
10/06/2019,ORH,MA,ANE,EN,Federal Contract Tower,6,12,12,0,30,0,0,16,0,16,6,12,28,0,46,12,0,12,58
10/07/2019,ORH,MA,ANE,EN,Federal Contract Tower,5,5,3,0,13,0,0,1,0,1,5,5,4,0,14,0,0,0,14
10/08/2019,ORH,MA,ANE,EN,Federal Contract Tower,7,7,15,4,33,0,1,23,0,24,7,8,38,4,57,22,0,22,79
10/09/2019,ORH,MA,ANE,EN,Federal Contract Tower,5,9,10,0,24,0,0,2,0,2,5,9,12,0,26,0,0,0,26
10/10/2019,ORH,MA,ANE,EN,Federal Contract Tower,5,10,5,0,20,0,0,6,0,6,5,10,11,0,26,0,0,0,26
10/11/2019,ORH,MA,ANE,EN,Federal Contract Tower,6,10,8,0,24,0,0,2,0,2,6,10,10,0,26,0,0,0,26
10/12/2019,ORH,MA,ANE,EN,Federal Contract Tower,5,6,7,0,18,0,0,1,0,1,5,6,8,0,19,0,0,0,19
10/13/2019,ORH,MA,ANE,EN,Federal Contract Tower,8,2,6,0,16,0,0,45,0,45,8,2,51,0,61,24,0,24,85
10/14/2019,ORH,MA,ANE,EN,Federal Contract Tower,9,4,10,0,23,0,2,39,0,41,9,6,49,0,64,74,0,74,138
10/15/2019,ORH,MA,ANE,EN,Federal Contract Tower,6,4,11,1,22,0,2,38,0,40,6,6,49,1,62,0,0,0,62
10/16/2019,ORH,MA,ANE,EN,Federal Contract Tower,5,9,6,0,20,0,0,6,4,10,5,9,12,4,30,12,0,12,42
10/18/2019,ORH,MA,ANE,EN,Federal Contract Tower,6,11,2,0,19,0,0,11,0,11,6,11,13,0,30,0,0,0,30
10/19/2019,ORH,MA,ANE,EN,Federal Contract Tower,5,5,3,0,13,0,2,46,7,55,5,7,49,7,68,36,0,36,104
10/20/2019,ORH,MA,ANE,EN,Federal Contract Tower,6,6,3,0,15,0,0,36,5,41,6,6,39,5,56,48,12,60,116
10/21/2019,ORH,MA,ANE,EN,Federal Contract Tower,8,4,1,2,15,0,0,24,2,26,8,4,25,4,41,52,0,52,93
10/22/2019,ORH,MA,ANE,EN,Federal Contract Tower,6,7,21,0,34,0,0,0,0,0,6,7,21,0,34,0,0,0,34
10/23/2019,ORH,MA,ANE,EN,Federal Contract Tower,5,8,7,0,20,0,0,8,2,10,5,8,15,2,30,12,0,12,42
10/24/2019,ORH,MA,ANE,EN,Federal Contract Tower,10,10,4,0,24,0,1,18,0,19,10,11,22,0,43,6,0,6,49
10/25/2019,ORH,MA,ANE,EN,Federal Contract Tower,10,2,9,1,22,0,2,33,1,36,10,4,42,2,58,2,0,2,60
10/26/2019,ORH,MA,ANE,EN,Federal Contract Tower,10,4,11,2,27,0,2,63,2,67,10,6,74,4,94,30,2,32,126
10/27/2019,ORH,MA,ANE,EN,Federal Contract Tower,6,3,4,0,13,0,0,1,0,1,6,3,5,0,14,0,0,0,14
10/28/2019,ORH,MA,ANE,EN,Federal Contract Tower,10,3,5,0,18,0,0,0,0,0,10,3,5,0,18,2,0,2,20
10/29/2019,ORH,MA,ANE,EN,Federal Contract Tower,8,6,14,0,28,0,0,0,0,0,8,6,14,0,28,0,0,0,28
10/30/2019,ORH,MA,ANE,EN,Federal Contract Tower,8,5,7,0,20,0,0,0,0,0,8,5,7,0,20,0,0,0,20
10/31/2019,ORH,MA,ANE,EN,Federal Contract Tower,6,4,3,0,13,0,0,0,0,0,6,4,3,0,13,0,0,0,13
11/01/2019,ORH,MA,ANE,EN,Federal Contract Tower,8,2,0,0,10,0,0,1,0,1,8,2,1,0,11,0,0,0,11
11/02/2019,ORH,MA,ANE,EN,Federal Contract Tower,12,0,2,0,14,0,2,72,0,74,12,2,74,0,88,28,0,28,116
11/03/2019,ORH,MA,ANE,EN,Federal Contract Tower,8,1,4,0,13,0,0,47,0,47,8,1,51,0,60,78,0,78,138
11/04/2019,ORH,MA,ANE,EN,Federal Contract Tower,8,2,1,0,11,0,2,12,0,14,8,4,13,0,25,16,0,16,41
11/05/2019,ORH,MA,ANE,EN,Federal Contract Tower,3,7,5,0,15,0,2,6,0,8,3,9,11,0,23,0,0,0,23
11/06/2019,ORH,MA,ANE,EN,Federal Contract Tower,8,5,8,0,21,0,0,27,4,31,8,5,35,4,52,28,0,28,80
11/07/2019,ORH,MA,ANE,EN,Federal Contract Tower,8,4,6,0,18,0,0,10,0,10,8,4,16,0,28,2,0,2,30
11/08/2019,ORH,MA,ANE,EN,Federal Contract Tower,10,3,3,0,16,0,0,12,0,12,10,3,15,0,28,0,0,0,28
11/09/2019,ORH,MA,ANE,EN,Federal Contract Tower,10,3,4,0,17,0,0,26,0,26,10,3,30,0,43,16,0,16,59
11/10/2019,ORH,MA,ANE,EN,Federal Contract Tower,9,7,11,0,27,0,0,37,0,37,9,7,48,0,64,10,0,10,74
11/11/2019,ORH,MA,ANE,EN,Federal Contract Tower,7,13,3,0,23,0,0,13,0,13,7,13,16,0,36,32,0,32,68
11/12/2019,ORH,MA,ANE,EN,Federal Contract Tower,8,8,3,0,19,0,0,0,0,0,8,8,3,0,19,0,0,0,19
11/13/2019,ORH,MA,ANE,EN,Federal Contract Tower,8,7,3,0,18,0,0,0,0,0,8,7,3,0,18,14,0,14,32
11/14/2019,ORH,MA,ANE,EN,Federal Contract Tower,9,7,8,0,24,0,0,0,0,0,9,7,8,0,24,0,0,0,24
11/15/2019,ORH,MA,ANE,EN,Federal Contract Tower,9,3,4,0,16,0,1,14,0,15,9,4,18,0,31,6,0,6,37
11/16/2019,ORH,MA,ANE,EN,Federal Contract Tower,10,5,5,0,20,0,0,34,0,34,10,5,39,0,54,10,0,10,64
11/17/2019,ORH,MA,ANE,EN,Federal Contract Tower,6,6,7,0,19,0,0,9,0,9,6,6,16,0,28,2,0,2,30
11/18/2019,ORH,MA,ANE,EN,Federal Contract Tower,7,10,6,0,23,0,0,0,0,0,7,10,6,0,23,0,0,0,23
11/19/2019,ORH,MA,ANE,EN,Federal Contract Tower,8,5,3,0,16,0,0,2,0,2,8,5,5,0,18,0,0,0,18
11/20/2019,ORH,MA,ANE,EN,Federal Contract Tower,10,8,3,0,21,0,0,0,0,0,10,8,3,0,21,0,0,0,21
11/21/2019,ORH,MA,ANE,EN,Federal Contract Tower,12,3,6,0,21,0,0,24,2,26,12,3,30,2,47,22,0,22,69
11/22/2019,ORH,MA,ANE,EN,Federal Contract Tower,10,5,6,0,21,0,1,2,0,3,10,6,8,0,24,0,0,0,24
11/23/2019,ORH,MA,ANE,EN,Federal Contract Tower,10,8,5,0,23,0,0,81,0,81,10,8,86,0,104,78,0,78,182
11/24/2019,ORH,MA,ANE,EN,Federal Contract Tower,10,2,2,0,14,0,0,0,0,0,10,2,2,0,14,0,0,0,14
11/25/2019,ORH,MA,ANE,EN,Federal Contract Tower,10,2,1,0,13,0,0,37,0,37,10,2,38,0,50,8,0,8,58
11/26/2019,ORH,MA,ANE,EN,Federal Contract Tower,11,5,18,4,38,0,2,29,0,31,11,7,47,4,69,22,0,22,91
11/27/2019,ORH,MA,ANE,EN,Federal Contract Tower,8,0,12,0,20,0,2,4,0,6,8,2,16,0,26,6,0,6,32
11/28/2019,ORH,MA,ANE,EN,Federal Contract Tower,8,2,0,0,10,0,2,0,0,2,8,4,0,0,12,0,0,0,12
11/29/2019,ORH,MA,ANE,EN,Federal Contract Tower,9,2,0,0,11,0,0,16,0,16,9,2,16,0,27,16,0,16,43
11/30/2019,ORH,MA,ANE,EN,Federal Contract Tower,10,1,1,0,12,0,0,30,0,30,10,1,31,0,42,16,0,16,58
12/01/2019,ORH,MA,ANE,EN,Federal Contract Tower,7,6,9,0,22,0,0,18,0,18,7,6,27,0,40,8,0,8,48
12/02/2019,ORH,MA,ANE,EN,Federal Contract Tower,6,0,1,0,7,0,0,0,0,0,6,0,1,0,7,0,0,0,7
12/03/2019,ORH,MA,ANE,EN,Federal Contract Tower,12,0,3,0,15,0,0,2,0,2,12,0,5,0,17,0,0,0,17
12/04/2019,ORH,MA,ANE,EN,Federal Contract Tower,10,4,2,9,25,0,0,12,3,15,10,4,14,12,40,0,24,24,64
12/05/2019,ORH,MA,ANE,EN,Federal Contract Tower,10,0,2,0,12,0,0,14,0,14,10,0,16,0,26,22,0,22,48
12/06/2019,ORH,MA,ANE,EN,Federal Contract Tower,9,2,1,0,12,0,1,13,0,14,9,3,14,0,26,0,0,0,26
12/07/2019,ORH,MA,ANE,EN,Federal Contract Tower,11,0,7,0,18,0,2,39,0,41,11,2,46,0,59,24,0,24,83
12/08/2019,ORH,MA,ANE,EN,Federal Contract Tower,10,0,6,0,16,0,0,36,0,36,10,0,42,0,52,28,0,28,80
12/09/2019,ORH,MA,ANE,EN,Federal Contract Tower,8,1,1,0,10,0,0,0,0,0,8,1,1,0,10,0,0,0,10
12/10/2019,ORH,MA,ANE,EN,Federal Contract Tower,9,5,8,0,22,0,0,0,0,0,9,5,8,0,22,0,0,0,22
12/11/2019,ORH,MA,ANE,EN,Federal Contract Tower,9,9,4,0,22,0,0,2,0,2,9,9,6,0,24,0,0,0,24
12/12/2019,ORH,MA,ANE,EN,Federal Contract Tower,10,3,17,3,33,0,0,43,7,50,10,3,60,10,83,30,0,30,113
12/13/2019,ORH,MA,ANE,EN,Federal Contract Tower,10,5,9,0,24,0,0,10,0,10,10,5,19,0,34,18,0,18,52
12/14/2019,ORH,MA,ANE,EN,Federal Contract Tower,7,0,2,0,9,0,0,0,0,0,7,0,2,0,9,0,0,0,9
12/15/2019,ORH,MA,ANE,EN,Federal Contract Tower,9,1,0,0,10,0,0,1,0,1,9,1,1,0,11,0,0,0,11
12/16/2019,ORH,MA,ANE,EN,Federal Contract Tower,10,3,6,2,21,0,0,29,0,29,10,3,35,2,50,14,0,14,64
12/17/2019,ORH,MA,ANE,EN,Federal Contract Tower,8,6,1,0,15,0,0,0,0,0,8,6,1,0,15,0,0,0,15
12/18/2019,ORH,MA,ANE,EN,Federal Contract Tower,10,3,6,0,19,0,0,5,4,9,10,3,11,4,28,4,0,4,32
12/19/2019,ORH,MA,ANE,EN,Federal Contract Tower,9,2,6,0,17,0,0,6,3,9,9,2,12,3,26,8,2,10,36
12/20/2019,ORH,MA,ANE,EN,Federal Contract Tower,11,5,6,2,24,0,0,47,0,47,11,5,53,2,71,26,0,26,97
12/21/2019,ORH,MA,ANE,EN,Federal Contract Tower,11,2,4,0,17,0,2,28,0,30,11,4,32,0,47,50,0,50,97
12/22/2019,ORH,MA,ANE,EN,Federal Contract Tower,10,2,4,0,16,0,0,44,0,44,10,2,48,0,60,68,0,68,128
12/23/2019,ORH,MA,ANE,EN,Federal Contract Tower,9,2,11,0,22,0,0,21,0,21,9,2,32,0,43,30,0,30,73
12/24/2019,ORH,MA,ANE,EN,Federal Contract Tower,9,0,3,0,12,0,1,18,0,19,9,1,21,0,31,66,0,66,97
12/25/2019,ORH,MA,ANE,EN,Federal Contract Tower,9,2,2,0,13,0,0,0,0,0,9,2,2,0,13,2,0,2,15
12/26/2019,ORH,MA,ANE,EN,Federal Contract Tower,8,1,3,1,13,0,0,19,0,19,8,1,22,1,32,2,0,2,34
12/27/2019,ORH,MA,ANE,EN,Federal Contract Tower,10,4,1,0,15,0,0,1,0,1,10,4,2,0,16,0,0,0,16
12/28/2019,ORH,MA,ANE,EN,Federal Contract Tower,10,5,6,0,21,0,4,63,0,67,10,9,69,0,88,50,0,50,138
12/29/2019,ORH,MA,ANE,EN,Federal Contract Tower,8,4,4,0,16,0,0,32,0,32,8,4,36,0,48,58,0,58,106
12/30/2019,ORH,MA,ANE,EN,Federal Contract Tower,6,1,0,0,7,0,0,0,0,0,6,1,0,0,7,0,0,0,7
12/31/2019,ORH,MA,ANE,EN,Federal Contract Tower,9,0,2,0,11,0,0,0,0,0,9,0,2,0,11,0,0,0,11
01/01/2020,ORH,MA,ANE,EN,Federal Contract Tower,7,5,6,0,18,0,0,12,0,12,7,5,18,0,30,6,0,6,36
01/02/2020,ORH,MA,ANE,EN,Federal Contract Tower,10,2,2,0,14,0,1,54,0,55,10,3,56,0,69,106,0,106,175
01/03/2020,ORH,MA,ANE,EN,Federal Contract Tower,11,9,1,1,22,0,0,12,0,12,11,9,13,1,34,12,0,12,46
01/04/2020,ORH,MA,ANE,EN,Federal Contract Tower,5,2,0,0,7,0,0,0,0,0,5,2,0,0,7,0,0,0,7
01/05/2020,ORH,MA,ANE,EN,Federal Contract Tower,10,0,1,0,11,0,0,3,1,4,10,0,4,1,15,0,0,0,15
01/06/2020,ORH,MA,ANE,EN,Federal Contract Tower,9,2,4,0,15,0,0,3,0,3,9,2,7,0,18,0,6,6,24
01/07/2020,ORH,MA,ANE,EN,Federal Contract Tower,10,0,5,0,15,0,0,17,0,17,10,0,22,0,32,64,0,64,96
01/08/2020,ORH,MA,ANE,EN,Federal Contract Tower,9,5,1,0,15,0,0,6,0,6,9,5,7,0,21,6,0,6,27
01/09/2020,ORH,MA,ANE,EN,Federal Contract Tower,10,1,2,0,13,0,1,34,2,37,10,2,36,2,50,30,0,30,80
01/10/2020,ORH,MA,ANE,EN,Federal Contract Tower,9,2,3,0,14,0,2,12,0,14,9,4,15,0,28,2,0,2,30
01/11/2020,ORH,MA,ANE,EN,Federal Contract Tower,7,3,0,0,10,0,0,0,0,0,7,3,0,0,10,0,0,0,10
01/12/2020,ORH,MA,ANE,EN,Federal Contract Tower,8,2,1,0,11,0,0,0,0,0,8,2,1,0,11,0,0,0,11
01/13/2020,ORH,MA,ANE,EN,Federal Contract Tower,8,1,3,0,12,0,0,1,0,1,8,1,4,0,13,0,0,0,13
01/14/2020,ORH,MA,ANE,EN,Federal Contract Tower,10,9,13,0,32,0,0,16,0,16,10,9,29,0,48,38,0,38,86
01/15/2020,ORH,MA,ANE,EN,Federal Contract Tower,9,5,7,4,25,0,2,39,6,47,9,7,46,10,72,42,4,46,118
01/16/2020,ORH,MA,ANE,EN,Federal Contract Tower,10,4,0,0,14,0,0,0,2,2,10,4,0,2,16,0,6,6,22
01/17/2020,ORH,MA,ANE,EN,Federal Contract Tower,10,4,0,0,14,0,0,3,0,3,10,4,3,0,17,0,0,0,17
01/18/2020,ORH,MA,ANE,EN,Federal Contract Tower,7,2,1,0,10,0,2,11,0,13,7,4,12,0,23,22,0,22,45
01/19/2020,ORH,MA,ANE,EN,Federal Contract Tower,9,0,5,0,14,0,0,5,0,5,9,0,10,0,19,0,0,0,19
01/20/2020,ORH,MA,ANE,EN,Federal Contract Tower,10,3,2,0,15,0,0,22,0,22,10,3,24,0,37,8,0,8,45
01/21/2020,ORH,MA,ANE,EN,Federal Contract Tower,9,2,5,0,16,0,2,36,0,38,9,4,41,0,54,8,0,8,62
01/22/2020,ORH,MA,ANE,EN,Federal Contract Tower,9,5,5,0,19,0,0,49,6,55,9,5,54,6,74,52,2,54,128
01/23/2020,ORH,MA,ANE,EN,Federal Contract Tower,10,5,4,0,19,0,2,31,2,35,10,7,35,2,54,44,0,44,98
01/24/2020,ORH,MA,ANE,EN,Federal Contract Tower,9,3,6,0,18,0,2,16,0,18,9,5,22,0,36,14,0,14,50
01/25/2020,ORH,MA,ANE,EN,Federal Contract Tower,6,6,4,0,16,0,0,0,0,0,6,6,4,0,16,0,0,0,16
01/26/2020,ORH,MA,ANE,EN,Federal Contract Tower,8,1,12,0,21,0,0,37,0,37,8,1,49,0,58,24,0,24,82
01/27/2020,ORH,MA,ANE,EN,Federal Contract Tower,9,5,3,0,17,0,4,10,0,14,9,9,13,0,31,12,0,12,43
01/28/2020,ORH,MA,ANE,EN,Federal Contract Tower,8,6,3,2,19,0,2,5,2,9,8,8,8,4,28,2,10,12,40
01/29/2020,ORH,MA,ANE,EN,Federal Contract Tower,10,3,5,4,22,0,0,50,0,50,10,3,55,4,72,48,0,48,120
01/30/2020,ORH,MA,ANE,EN,Federal Contract Tower,10,2,10,3,25,0,4,46,2,52,10,6,56,5,77,36,8,44,121
01/31/2020,ORH,MA,ANE,EN,Federal Contract Tower,8,2,3,0,13,0,2,27,0,29,8,4,30,0,42,30,0,30,72
02/01/2020,ORH,MA,ANE,EN,Federal Contract Tower,9,3,0,0,12,0,0,0,0,0,9,3,0,0,12,0,0,0,12
02/02/2020,ORH,MA,ANE,EN,Federal Contract Tower,6,1,7,0,14,0,2,18,0,20,6,3,25,0,34,50,0,50,84
02/03/2020,ORH,MA,ANE,EN,Federal Contract Tower,9,0,9,0,18,0,0,8,0,8,9,0,17,0,26,26,0,26,52
02/04/2020,ORH,MA,ANE,EN,Federal Contract Tower,11,4,4,2,21,0,0,7,0,7,11,4,11,2,28,42,0,42,70
02/05/2020,ORH,MA,ANE,EN,Federal Contract Tower,10,4,13,1,28,0,0,12,1,13,10,4,25,2,41,38,0,38,79
02/06/2020,ORH,MA,ANE,EN,Federal Contract Tower,7,2,1,0,10,0,0,0,0,0,7,2,1,0,10,0,0,0,10
02/07/2020,ORH,MA,ANE,EN,Federal Contract Tower,9,0,1,0,10,0,0,0,0,0,9,0,1,0,10,0,0,0,10
02/08/2020,ORH,MA,ANE,EN,Federal Contract Tower,7,2,0,0,9,0,0,13,6,19,7,2,13,6,28,14,0,14,42
02/09/2020,ORH,MA,ANE,EN,Federal Contract Tower,9,0,5,4,18,0,0,15,0,15,9,0,20,4,33,16,0,16,49
02/10/2020,ORH,MA,ANE,EN,Federal Contract Tower,10,0,3,0,13,0,0,0,0,0,10,0,3,0,13,0,0,0,13
02/11/2020,ORH,MA,ANE,EN,Federal Contract Tower,7,2,0,0,9,0,0,0,0,0,7,2,0,0,9,0,0,0,9
02/12/2020,ORH,MA,ANE,EN,Federal Contract Tower,10,5,6,2,23,0,1,22,0,23,10,6,28,2,46,28,0,28,74
02/13/2020,ORH,MA,ANE,EN,Federal Contract Tower,11,4,3,0,18,0,0,0,0,0,11,4,3,0,18,0,0,0,18
02/14/2020,ORH,MA,ANE,EN,Federal Contract Tower,8,4,1,0,13,0,0,20,0,20,8,4,21,0,33,0,0,0,33
02/15/2020,ORH,MA,ANE,EN,Federal Contract Tower,8,2,2,0,12,0,0,64,0,64,8,2,66,0,76,28,0,28,104
02/16/2020,ORH,MA,ANE,EN,Federal Contract Tower,7,0,3,0,10,0,0,41,0,41,7,0,44,0,51,46,0,46,97
02/17/2020,ORH,MA,ANE,EN,Federal Contract Tower,9,2,7,0,18,0,0,18,0,18,9,2,25,0,36,16,0,16,52
02/18/2020,ORH,MA,ANE,EN,Federal Contract Tower,8,6,0,0,14,0,0,0,0,0,8,6,0,0,14,0,0,0,14
02/19/2020,ORH,MA,ANE,EN,Federal Contract Tower,10,8,10,0,28,0,1,11,0,12,10,9,21,0,40,16,0,16,56
02/20/2020,ORH,MA,ANE,EN,Federal Contract Tower,9,11,2,0,22,0,0,15,0,15,9,11,17,0,37,28,0,28,65
02/21/2020,ORH,MA,ANE,EN,Federal Contract Tower,11,4,4,4,23,0,1,37,2,40,11,5,41,6,63,18,0,18,81
02/22/2020,ORH,MA,ANE,EN,Federal Contract Tower,9,2,8,0,19,0,4,22,0,26,9,6,30,0,45,40,0,40,85
02/23/2020,ORH,MA,ANE,EN,Federal Contract Tower,8,4,6,0,18,0,0,66,0,66,8,4,72,0,84,86,0,86,170
02/24/2020,ORH,MA,ANE,EN,Federal Contract Tower,10,14,3,0,27,0,0,26,0,26,10,14,29,0,53,52,0,52,105
02/25/2020,ORH,MA,ANE,EN,Federal Contract Tower,10,3,4,2,19,0,2,6,2,10,10,5,10,4,29,2,0,2,31
02/26/2020,ORH,MA,ANE,EN,Federal Contract Tower,9,2,3,0,14,0,0,3,0,3,9,2,6,0,17,18,0,18,35
02/27/2020,ORH,MA,ANE,EN,Federal Contract Tower,9,0,2,0,11,0,0,0,0,0,9,0,2,0,11,0,0,0,11
02/28/2020,ORH,MA,ANE,EN,Federal Contract Tower,9,3,7,0,19,0,0,13,0,13,9,3,20,0,32,20,0,20,52
02/29/2020,ORH,MA,ANE,EN,Federal Contract Tower,8,2,1,0,11,0,4,11,0,15,8,6,12,0,26,12,0,12,38
03/01/2020,ORH,MA,ANE,EN,Federal Contract Tower,11,2,3,0,16,0,0,27,0,27,11,2,30,0,43,30,0,30,73
03/02/2020,ORH,MA,ANE,EN,Federal Contract Tower,9,6,0,2,17,0,0,9,0,9,9,6,9,2,26,46,0,46,72
03/03/2020,ORH,MA,ANE,EN,Federal Contract Tower,8,1,7,2,18,0,0,21,4,25,8,1,28,6,43,44,4,48,91
03/04/2020,ORH,MA,ANE,EN,Federal Contract Tower,11,8,4,0,23,0,0,10,0,10,11,8,14,0,33,0,0,0,33
03/05/2020,ORH,MA,ANE,EN,Federal Contract Tower,9,3,8,0,20,0,0,24,3,27,9,3,32,3,47,52,2,54,101
03/06/2020,ORH,MA,ANE,EN,Federal Contract Tower,9,2,6,0,17,0,2,33,0,35,9,4,39,0,52,22,0,22,74
03/07/2020,ORH,MA,ANE,EN,Federal Contract Tower,7,3,0,2,12,0,0,4,4,8,7,3,4,6,20,0,6,6,26
03/08/2020,ORH,MA,ANE,EN,Federal Contract Tower,11,3,7,0,21,0,4,33,0,37,11,7,40,0,58,30,0,30,88
03/09/2020,ORH,MA,ANE,EN,Federal Contract Tower,10,2,6,0,18,0,0,15,0,15,10,2,21,0,33,8,0,8,41
03/10/2020,ORH,MA,ANE,EN,Federal Contract Tower,10,13,12,0,35,0,8,4,4,16,10,21,16,4,51,22,10,32,83
03/11/2020,ORH,MA,ANE,EN,Federal Contract Tower,10,3,3,0,16,0,0,33,4,37,10,3,36,4,53,58,2,60,113
03/12/2020,ORH,MA,ANE,EN,Federal Contract Tower,6,1,6,0,13,0,0,26,0,26,6,1,32,0,39,26,0,26,65
03/13/2020,ORH,MA,ANE,EN,Federal Contract Tower,11,7,1,0,19,0,0,0,0,0,11,7,1,0,19,0,0,0,19
03/14/2020,ORH,MA,ANE,EN,Federal Contract Tower,8,3,4,0,15,0,2,23,0,25,8,5,27,0,40,6,0,6,46
03/15/2020,ORH,MA,ANE,EN,Federal Contract Tower,7,3,5,0,15,0,0,35,0,35,7,3,40,0,50,28,0,28,78
03/16/2020,ORH,MA,ANE,EN,Federal Contract Tower,10,0,12,0,22,0,0,24,0,24,10,0,36,0,46,2,0,2,48
03/17/2020,ORH,MA,ANE,EN,Federal Contract Tower,8,3,0,0,11,0,0,0,0,0,8,3,0,0,11,0,0,0,11
03/18/2020,ORH,MA,ANE,EN,Federal Contract Tower,8,4,0,0,12,0,1,54,0,55,8,5,54,0,67,68,0,68,135
03/19/2020,ORH,MA,ANE,EN,Federal Contract Tower,9,5,3,0,17,0,0,0,0,0,9,5,3,0,17,0,0,0,17
03/20/2020,ORH,MA,ANE,EN,Federal Contract Tower,4,4,5,0,13,0,0,0,0,0,4,4,5,0,13,2,0,2,15
03/21/2020,ORH,MA,ANE,EN,Federal Contract Tower,9,0,2,0,11,0,2,43,0,45,9,2,45,0,56,38,0,38,94
03/22/2020,ORH,MA,ANE,EN,Federal Contract Tower,9,3,4,0,16,0,0,29,0,29,9,3,33,0,45,96,0,96,141
03/23/2020,ORH,MA,ANE,EN,Federal Contract Tower,2,4,0,0,6,0,0,1,0,1,2,4,1,0,7,0,0,0,7
03/24/2020,ORH,MA,ANE,EN,Federal Contract Tower,11,0,12,0,23,0,2,1,0,3,11,2,13,0,26,0,0,0,26
03/25/2020,ORH,MA,ANE,EN,Federal Contract Tower,1,0,6,0,7,0,2,0,0,2,1,2,6,0,9,0,0,0,9
03/26/2020,ORH,MA,ANE,EN,Federal Contract Tower,2,2,2,0,6,0,0,16,0,16,2,2,18,0,22,30,0,30,52
03/27/2020,ORH,MA,ANE,EN,Federal Contract Tower,5,0,0,0,5,0,0,18,2,20,5,0,18,2,25,8,0,8,33
03/28/2020,ORH,MA,ANE,EN,Federal Contract Tower,0,2,4,0,6,0,0,36,0,36,0,2,40,0,42,0,0,0,42
03/29/2020,ORH,MA,ANE,EN,Federal Contract Tower,2,1,9,0,12,0,0,0,0,0,2,1,9,0,12,0,0,0,12
03/30/2020,ORH,MA,ANE,EN,Federal Contract Tower,5,2,0,0,7,0,0,0,0,0,5,2,0,0,7,0,0,0,7
03/31/2020,ORH,MA,ANE,EN,Federal Contract Tower,5,4,0,0,9,0,0,11,0,11,5,4,11,0,20,0,0,0,20
04/01/2020,ORH,MA,ANE,EN,Federal Contract Tower,1,2,2,0,5,0,0,16,0,16,1,2,18,0,21,0,0,0,21
04/02/2020,ORH,MA,ANE,EN,Federal Contract Tower,3,4,0,0,7,0,2,1,0,3,3,6,1,0,10,0,0,0,10
04/03/2020,ORH,MA,ANE,EN,Federal Contract Tower,5,1,0,0,6,0,0,0,0,0,5,1,0,0,6,0,0,0,6
04/04/2020,ORH,MA,ANE,EN,Federal Contract Tower,0,2,9,0,11,0,0,14,0,14,0,2,23,0,25,6,0,6,31
04/05/2020,ORH,MA,ANE,EN,Federal Contract Tower,6,0,3,0,9,0,0,7,0,7,6,0,10,0,16,0,0,0,16
04/06/2020,ORH,MA,ANE,EN,Federal Contract Tower,2,2,12,0,16,0,0,10,0,10,2,2,22,0,26,8,0,8,34
04/07/2020,ORH,MA,ANE,EN,Federal Contract Tower,5,0,5,0,10,0,2,14,0,16,5,2,19,0,26,4,2,6,32
04/08/2020,ORH,MA,ANE,EN,Federal Contract Tower,3,2,7,0,12,0,0,5,0,5,3,2,12,0,17,0,0,0,17
04/09/2020,ORH,MA,ANE,EN,Federal Contract Tower,3,0,0,0,3,0,1,0,0,1,3,1,0,0,4,0,0,0,4
04/10/2020,ORH,MA,ANE,EN,Federal Contract Tower,5,3,2,0,10,0,2,4,0,6,5,5,6,0,16,0,0,0,16
04/11/2020,ORH,MA,ANE,EN,Federal Contract Tower,3,2,0,0,5,0,0,4,0,4,3,2,4,0,9,0,0,0,9
04/12/2020,ORH,MA,ANE,EN,Federal Contract Tower,6,0,4,0,10,0,0,19,1,20,6,0,23,1,30,26,2,28,58
04/13/2020,ORH,MA,ANE,EN,Federal Contract Tower,4,0,0,0,4,0,0,0,0,0,4,0,0,0,4,0,0,0,4
04/14/2020,ORH,MA,ANE,EN,Federal Contract Tower,6,7,4,1,18,0,0,17,1,18,6,7,21,2,36,4,2,6,42
04/15/2020,ORH,MA,ANE,EN,Federal Contract Tower,4,5,4,2,15,0,0,5,0,5,4,5,9,2,20,10,0,10,30
04/16/2020,ORH,MA,ANE,EN,Federal Contract Tower,0,0,0,0,0,0,2,9,0,11,0,2,9,0,11,4,0,4,15
04/17/2020,ORH,MA,ANE,EN,Federal Contract Tower,0,0,0,0,0,0,2,10,0,12,0,2,10,0,12,6,0,6,18
04/18/2020,ORH,MA,ANE,EN,Federal Contract Tower,0,2,2,0,4,0,0,0,0,0,0,2,2,0,4,0,0,0,4
04/19/2020,ORH,MA,ANE,EN,Federal Contract Tower,2,0,1,0,3,0,0,14,0,14,2,0,15,0,17,22,0,22,39
04/20/2020,ORH,MA,ANE,EN,Federal Contract Tower,2,2,4,0,8,0,0,24,0,24,2,2,28,0,32,22,0,22,54
04/21/2020,ORH,MA,ANE,EN,Federal Contract Tower,0,2,1,0,3,0,0,0,0,0,0,2,1,0,3,0,0,0,3
04/22/2020,ORH,MA,ANE,EN,Federal Contract Tower,4,4,7,0,15,0,0,5,0,5,4,4,12,0,20,0,0,0,20
04/23/2020,ORH,MA,ANE,EN,Federal Contract Tower,4,2,1,0,7,0,0,27,0,27,4,2,28,0,34,17,0,17,51
04/24/2020,ORH,MA,ANE,EN,Federal Contract Tower,5,2,11,0,18,0,2,2,0,4,5,4,13,0,22,0,0,0,22
04/25/2020,ORH,MA,ANE,EN,Federal Contract Tower,0,3,4,0,7,0,6,51,0,57,0,9,55,0,64,16,0,16,80
04/26/2020,ORH,MA,ANE,EN,Federal Contract Tower,4,0,0,0,4,0,0,6,0,6,4,0,6,0,10,2,0,2,12
04/27/2020,ORH,MA,ANE,EN,Federal Contract Tower,4,0,0,0,4,0,0,0,0,0,4,0,0,0,4,0,0,0,4
04/28/2020,ORH,MA,ANE,EN,Federal Contract Tower,5,2,9,0,16,0,0,30,0,30,5,2,39,0,46,8,0,8,54
04/29/2020,ORH,MA,ANE,EN,Federal Contract Tower,5,8,8,0,21,0,0,34,0,34,5,8,42,0,55,0,0,0,55
04/30/2020,ORH,MA,ANE,EN,Federal Contract Tower,4,2,7,2,15,0,0,2,0,2,4,2,9,2,17,0,0,0,17
05/01/2020,ORH,MA,ANE,EN,Federal Contract Tower,4,1,4,0,9,0,0,0,0,0,4,1,4,0,9,0,0,0,9
05/02/2020,ORH,MA,ANE,EN,Federal Contract Tower,0,4,1,0,5,0,0,9,0,9,0,4,10,0,14,6,0,6,20
05/03/2020,ORH,MA,ANE,EN,Federal Contract Tower,5,2,2,0,9,0,1,17,0,18,5,3,19,0,27,12,0,12,39
05/04/2020,ORH,MA,ANE,EN,Federal Contract Tower,5,2,3,0,10,0,2,18,0,20,5,4,21,0,30,0,0,0,30
05/05/2020,ORH,MA,ANE,EN,Federal Contract Tower,3,5,7,0,15,0,12,18,0,30,3,17,25,0,45,16,0,16,61
05/06/2020,ORH,MA,ANE,EN,Federal Contract Tower,4,3,5,0,12,0,0,42,2,44,4,3,47,2,56,34,0,34,90
05/07/2020,ORH,MA,ANE,EN,Federal Contract Tower,5,2,3,4,14,0,2,34,2,38,5,4,37,6,52,20,0,20,72
05/08/2020,ORH,MA,ANE,EN,Federal Contract Tower,2,12,3,0,17,0,1,10,0,11,2,13,13,0,28,26,0,26,54
05/09/2020,ORH,MA,ANE,EN,Federal Contract Tower,0,4,0,0,4,0,0,0,0,0,0,4,0,0,4,0,0,0,4
05/10/2020,ORH,MA,ANE,EN,Federal Contract Tower,5,2,0,0,7,0,0,4,0,4,5,2,4,0,11,0,0,0,11
05/11/2020,ORH,MA,ANE,EN,Federal Contract Tower,2,3,4,0,9,0,0,3,0,3,2,3,7,0,12,0,0,0,12
05/12/2020,ORH,MA,ANE,EN,Federal Contract Tower,3,5,3,6,17,0,0,22,0,22,3,5,25,6,39,16,0,16,55
05/13/2020,ORH,MA,ANE,EN,Federal Contract Tower,3,4,0,0,7,0,1,17,2,20,3,5,17,2,27,6,12,18,45
05/14/2020,ORH,MA,ANE,EN,Federal Contract Tower,5,0,1,0,6,0,10,34,2,46,5,10,35,2,52,10,20,30,82
05/15/2020,ORH,MA,ANE,EN,Federal Contract Tower,2,2,8,0,12,0,0,10,0,10,2,2,18,0,22,2,0,2,24
05/16/2020,ORH,MA,ANE,EN,Federal Contract Tower,0,2,1,0,3,0,2,34,0,36,0,4,35,0,39,20,0,20,59
05/17/2020,ORH,MA,ANE,EN,Federal Contract Tower,4,3,6,0,13,0,0,38,0,38,4,3,44,0,51,14,0,14,65
05/18/2020,ORH,MA,ANE,EN,Federal Contract Tower,4,0,2,0,6,0,0,10,0,10,4,0,12,0,16,2,0,2,18
05/19/2020,ORH,MA,ANE,EN,Federal Contract Tower,3,3,1,0,7,0,4,10,0,14,3,7,11,0,21,0,0,0,21
05/20/2020,ORH,MA,ANE,EN,Federal Contract Tower,4,4,4,4,16,0,2,16,2,20,4,6,20,6,36,12,0,12,48
05/21/2020,ORH,MA,ANE,EN,Federal Contract Tower,3,0,6,0,9,0,2,29,4,35,3,2,35,4,44,28,22,50,94
05/22/2020,ORH,MA,ANE,EN,Federal Contract Tower,4,1,1,0,6,0,2,13,0,15,4,3,14,0,21,52,0,52,73
05/23/2020,ORH,MA,ANE,EN,Federal Contract Tower,0,6,0,0,6,0,0,13,0,13,0,6,13,0,19,0,0,0,19
05/24/2020,ORH,MA,ANE,EN,Federal Contract Tower,6,5,9,0,20,0,0,40,0,40,6,5,49,0,60,32,0,32,92
05/25/2020,ORH,MA,ANE,EN,Federal Contract Tower,3,0,27,0,30,0,0,2,0,2,3,0,29,0,32,20,0,20,52
05/26/2020,ORH,MA,ANE,EN,Federal Contract Tower,3,0,8,0,11,0,0,20,0,20,3,0,28,0,31,4,0,4,35
05/27/2020,ORH,MA,ANE,EN,Federal Contract Tower,4,2,8,0,14,0,2,22,0,24,4,4,30,0,38,2,0,2,40
05/28/2020,ORH,MA,ANE,EN,Federal Contract Tower,3,5,5,0,13,0,0,1,0,1,3,5,6,0,14,0,0,0,14
05/29/2020,ORH,MA,ANE,EN,Federal Contract Tower,6,5,13,0,24,0,0,3,0,3,6,5,16,0,27,0,0,0,27
05/30/2020,ORH,MA,ANE,EN,Federal Contract Tower,0,4,2,0,6,0,0,30,0,30,0,4,32,0,36,8,0,8,44
05/31/2020,ORH,MA,ANE,EN,Federal Contract Tower,7,2,5,0,14,0,0,24,1,25,7,2,29,1,39,18,4,22,61
06/01/2020,ORH,MA,ANE,EN,Federal Contract Tower,3,0,2,0,5,0,0,15,0,15,3,0,17,0,20,4,0,4,24
06/02/2020,ORH,MA,ANE,EN,Federal Contract Tower,3,3,1,0,7,0,2,30,0,32,3,5,31,0,39,38,0,38,77
06/03/2020,ORH,MA,ANE,EN,Federal Contract Tower,4,1,0,0,5,0,10,6,4,20,4,11,6,4,25,6,0,6,31
06/04/2020,ORH,MA,ANE,EN,Federal Contract Tower,3,4,1,4,12,0,0,20,0,20,3,4,21,4,32,22,0,22,54
06/05/2020,ORH,MA,ANE,EN,Federal Contract Tower,4,2,11,0,17,0,0,3,0,3,4,2,14,0,20,0,0,0,20
06/06/2020,ORH,MA,ANE,EN,Federal Contract Tower,0,4,1,0,5,0,0,16,0,16,0,4,17,0,21,0,0,0,21
06/07/2020,ORH,MA,ANE,EN,Federal Contract Tower,5,7,7,0,19,0,0,17,1,18,5,7,24,1,37,20,2,22,59
06/08/2020,ORH,MA,ANE,EN,Federal Contract Tower,1,0,3,0,4,0,0,31,2,33,1,0,34,2,37,18,16,34,71
06/09/2020,ORH,MA,ANE,EN,Federal Contract Tower,3,0,9,0,12,0,2,36,4,42,3,2,45,4,54,8,22,30,84
06/10/2020,ORH,MA,ANE,EN,Federal Contract Tower,4,1,5,0,10,0,0,34,0,34,4,1,39,0,44,18,0,18,62
06/11/2020,ORH,MA,ANE,EN,Federal Contract Tower,4,3,3,0,10,0,0,0,0,0,4,3,3,0,10,0,0,0,10
06/12/2020,ORH,MA,ANE,EN,Federal Contract Tower,4,0,2,0,6,0,0,35,0,35,4,0,37,0,41,16,0,16,57
06/13/2020,ORH,MA,ANE,EN,Federal Contract Tower,0,4,4,0,8,0,1,51,0,52,0,5,55,0,60,24,0,24,84
06/14/2020,ORH,MA,ANE,EN,Federal Contract Tower,2,2,6,0,10,0,0,33,0,33,2,2,39,0,43,16,0,16,59
06/15/2020,ORH,MA,ANE,EN,Federal Contract Tower,2,2,12,0,16,0,0,31,0,31,2,2,43,0,47,10,10,20,67
06/16/2020,ORH,MA,ANE,EN,Federal Contract Tower,0,6,7,2,15,0,0,41,2,43,0,6,48,4,58,6,2,8,66
06/17/2020,ORH,MA,ANE,EN,Federal Contract Tower,2,4,0,2,8,0,0,37,0,37,2,4,37,2,45,24,0,24,69
06/18/2020,ORH,MA,ANE,EN,Federal Contract Tower,2,0,7,0,9,0,0,32,0,32,2,0,39,0,41,28,2,30,71
06/19/2020,ORH,MA,ANE,EN,Federal Contract Tower,2,1,7,2,12,0,0,21,2,23,2,1,28,4,35,14,4,18,53
06/20/2020,ORH,MA,ANE,EN,Federal Contract Tower,2,5,2,0,9,0,0,22,0,22,2,5,24,0,31,24,0,24,55
06/21/2020,ORH,MA,ANE,EN,Federal Contract Tower,2,2,0,0,4,0,0,22,0,22,2,2,22,0,26,38,0,38,64
06/22/2020,ORH,MA,ANE,EN,Federal Contract Tower,2,2,5,2,11,0,0,8,0,8,2,2,13,2,19,10,0,10,29
06/23/2020,ORH,MA,ANE,EN,Federal Contract Tower,2,0,26,0,28,0,0,14,2,16,2,0,40,2,44,22,8,30,74
06/24/2020,ORH,MA,ANE,EN,Federal Contract Tower,2,0,2,2,6,0,0,9,0,9,2,0,11,2,15,34,0,34,49
06/25/2020,ORH,MA,ANE,EN,Federal Contract Tower,2,1,4,1,8,0,0,20,0,20,2,1,24,1,28,6,2,8,36
06/26/2020,ORH,MA,ANE,EN,Federal Contract Tower,2,6,2,0,10,0,0,29,0,29,2,6,31,0,39,16,0,16,55
06/27/2020,ORH,MA,ANE,EN,Federal Contract Tower,2,8,12,0,22,0,0,21,0,21,2,8,33,0,43,8,0,8,51
06/28/2020,ORH,MA,ANE,EN,Federal Contract Tower,2,4,9,0,15,0,0,27,0,27,2,4,36,0,42,38,0,38,80
06/29/2020,ORH,MA,ANE,EN,Federal Contract Tower,2,4,6,0,12,0,0,0,0,0,2,4,6,0,12,0,0,0,12
06/30/2020,ORH,MA,ANE,EN,Federal Contract Tower,3,0,2,0,5,0,0,15,0,15,3,0,17,0,20,4,0,4,24
07/01/2020,ORH,MA,ANE,EN,Federal Contract Tower,2,2,5,0,9,0,2,2,0,4,2,4,7,0,13,0,0,0,13
07/02/2020,ORH,MA,ANE,EN,Federal Contract Tower,2,0,4,0,6,0,2,25,0,27,2,2,29,0,33,16,0,16,49
07/03/2020,ORH,MA,ANE,EN,Federal Contract Tower,2,2,11,0,15,0,0,2,0,2,2,2,13,0,17,2,0,2,19
07/04/2020,ORH,MA,ANE,EN,Federal Contract Tower,2,3,3,0,8,0,0,14,0,14,2,3,17,0,22,16,0,16,38
07/05/2020,ORH,MA,ANE,EN,Federal Contract Tower,2,3,3,0,8,0,0,17,0,17,2,3,20,0,25,24,0,24,49
07/06/2020,ORH,MA,ANE,EN,Federal Contract Tower,2,4,8,2,16,0,0,20,0,20,2,4,28,2,36,0,0,0,36
07/07/2020,ORH,MA,ANE,EN,Federal Contract Tower,2,0,10,4,16,0,1,20,0,21,2,1,30,4,37,42,0,42,79
07/08/2020,ORH,MA,ANE,EN,Federal Contract Tower,2,3,1,4,10,0,0,1,0,1,2,3,2,4,11,0,0,0,11
07/09/2020,ORH,MA,ANE,EN,Federal Contract Tower,2,0,6,0,8,0,0,28,2,30,2,0,34,2,38,54,6,60,98
07/10/2020,ORH,MA,ANE,EN,Federal Contract Tower,2,1,5,1,9,0,0,4,0,4,2,1,9,1,13,2,2,4,17
07/11/2020,ORH,MA,ANE,EN,Federal Contract Tower,2,2,2,0,6,0,0,4,0,4,2,2,6,0,10,8,0,8,18
07/12/2020,ORH,MA,ANE,EN,Federal Contract Tower,0,4,6,0,10,0,0,28,0,28,0,4,34,0,38,32,0,32,70
07/13/2020,ORH,MA,ANE,EN,Federal Contract Tower,2,7,8,0,17,0,0,2,0,2,2,7,10,0,19,4,0,4,23
07/14/2020,ORH,MA,ANE,EN,Federal Contract Tower,0,6,3,0,9,0,0,14,0,14,0,6,17,0,23,18,0,18,41
07/15/2020,ORH,MA,ANE,EN,Federal Contract Tower,2,0,19,0,21,0,0,17,2,19,2,0,36,2,40,20,0,20,60
07/16/2020,ORH,MA,ANE,EN,Federal Contract Tower,2,3,7,0,12,0,0,33,0,33,2,3,40,0,45,28,0,28,73
07/17/2020,ORH,MA,ANE,EN,Federal Contract Tower,2,1,16,0,19,0,0,0,0,0,2,1,16,0,19,0,0,0,19
07/18/2020,ORH,MA,ANE,EN,Federal Contract Tower,2,3,3,0,8,0,0,48,2,50,2,3,51,2,58,28,4,32,90
07/19/2020,ORH,MA,ANE,EN,Federal Contract Tower,2,3,4,0,9,0,0,22,0,22,2,3,26,0,31,4,0,4,35
07/20/2020,ORH,MA,ANE,EN,Federal Contract Tower,2,0,3,0,5,0,0,14,0,14,2,0,17,0,19,2,0,2,21
07/21/2020,ORH,MA,ANE,EN,Federal Contract Tower,2,0,4,0,6,0,0,52,0,52,2,0,56,0,58,74,0,74,132
07/22/2020,ORH,MA,ANE,EN,Federal Contract Tower,2,2,2,0,6,0,0,17,0,17,2,2,19,0,23,12,0,12,35
07/23/2020,ORH,MA,ANE,EN,Federal Contract Tower,2,4,6,0,12,0,0,21,1,22,2,4,27,1,34,6,2,8,42
07/24/2020,ORH,MA,ANE,EN,Federal Contract Tower,2,0,9,0,11,0,0,44,0,44,2,0,53,0,55,24,0,24,79
07/25/2020,ORH,MA,ANE,EN,Federal Contract Tower,3,6,6,0,15,0,0,50,2,52,3,6,56,2,67,44,2,46,113
07/26/2020,ORH,MA,ANE,EN,Federal Contract Tower,2,2,3,0,7,0,0,36,0,36,2,2,39,0,43,18,0,18,61
07/27/2020,ORH,MA,ANE,EN,Federal Contract Tower,2,0,4,0,6,0,0,13,0,13,2,0,17,0,19,26,0,26,45
07/28/2020,ORH,MA,ANE,EN,Federal Contract Tower,2,0,6,0,8,0,0,4,0,4,2,0,10,0,12,14,0,14,26
07/29/2020,ORH,MA,ANE,EN,Federal Contract Tower,2,0,9,2,13,0,0,22,0,22,2,0,31,2,35,40,0,40,75
07/30/2020,ORH,MA,ANE,EN,Federal Contract Tower,2,0,11,0,13,0,0,27,0,27,2,0,38,0,40,22,0,22,62
07/31/2020,ORH,MA,ANE,EN,Federal Contract Tower,2,3,6,0,11,0,0,34,2,36,2,3,40,2,47,28,0,28,75
08/01/2020,ORH,MA,ANE,EN,Federal Contract Tower,2,6,2,0,10,0,0,50,1,51,2,6,52,1,61,21,2,23,84
08/02/2020,ORH,MA,ANE,EN,Federal Contract Tower,2,2,6,0,10,0,0,7,0,7,2,2,13,0,17,12,0,12,29
08/03/2020,ORH,MA,ANE,EN,Federal Contract Tower,2,0,5,0,7,0,0,28,0,28,2,0,33,0,35,12,6,18,53
08/04/2020,ORH,MA,ANE,EN,Federal Contract Tower,2,1,3,0,6,0,0,1,0,1,2,1,4,0,7,0,0,0,7
08/05/2020,ORH,MA,ANE,EN,Federal Contract Tower,2,3,4,2,11,0,0,35,4,39,2,3,39,6,50,34,0,34,84
08/06/2020,ORH,MA,ANE,EN,Federal Contract Tower,2,3,7,0,12,0,0,31,4,35,2,3,38,4,47,30,0,30,77
08/07/2020,ORH,MA,ANE,EN,Federal Contract Tower,2,1,2,0,5,0,0,29,0,29,2,1,31,0,34,0,0,0,34
08/08/2020,ORH,MA,ANE,EN,Federal Contract Tower,2,3,5,0,10,0,0,24,0,24,2,3,29,0,34,32,0,32,66
08/09/2020,ORH,MA,ANE,EN,Federal Contract Tower,2,5,7,0,14,0,0,31,0,31,2,5,38,0,45,40,0,40,85
08/10/2020,ORH,MA,ANE,EN,Federal Contract Tower,2,0,0,0,2,0,0,16,0,16,2,0,16,0,18,18,0,18,36
08/11/2020,ORH,MA,ANE,EN,Federal Contract Tower,2,0,3,0,5,0,0,11,0,11,2,0,14,0,16,0,0,0,16
08/12/2020,ORH,MA,ANE,EN,Federal Contract Tower,2,3,4,0,9,0,0,9,2,11,2,3,13,2,20,18,0,18,38
08/13/2020,ORH,MA,ANE,EN,Federal Contract Tower,2,1,2,3,8,0,0,31,2,33,2,1,33,5,41,24,2,26,67
08/14/2020,ORH,MA,ANE,EN,Federal Contract Tower,2,2,0,0,4,0,0,39,0,39,2,2,39,0,43,44,0,44,87
08/15/2020,ORH,MA,ANE,EN,Federal Contract Tower,2,4,10,0,16,0,0,5,0,5,2,4,15,0,21,8,0,8,29
08/16/2020,ORH,MA,ANE,EN,Federal Contract Tower,2,2,43,0,47,0,0,1,0,1,2,2,44,0,48,0,0,0,48
08/17/2020,ORH,MA,ANE,EN,Federal Contract Tower,2,5,6,4,17,0,0,15,0,15,2,5,21,4,32,20,0,20,52
08/18/2020,ORH,MA,ANE,EN,Federal Contract Tower,2,0,6,4,12,0,2,50,0,52,2,2,56,4,64,20,0,20,84
08/19/2020,ORH,MA,ANE,EN,Federal Contract Tower,2,4,3,4,13,0,0,34,0,34,2,4,37,4,47,8,0,8,55
08/20/2020,ORH,MA,ANE,EN,Federal Contract Tower,2,1,4,0,7,0,3,27,0,30,2,4,31,0,37,22,0,22,59
08/21/2020,ORH,MA,ANE,EN,Federal Contract Tower,2,1,5,0,8,0,2,38,0,40,2,3,43,0,48,36,0,36,84
08/22/2020,ORH,MA,ANE,EN,Federal Contract Tower,2,2,2,0,6,0,0,37,0,37,2,2,39,0,43,18,0,18,61
08/23/2020,ORH,MA,ANE,EN,Federal Contract Tower,2,3,7,0,12,0,0,31,0,31,2,3,38,0,43,54,0,54,97
08/24/2020,ORH,MA,ANE,EN,Federal Contract Tower,2,2,5,2,11,0,0,10,0,10,2,2,15,2,21,14,0,14,35
08/25/2020,ORH,MA,ANE,EN,Federal Contract Tower,2,4,6,0,12,0,4,12,0,16,2,8,18,0,28,20,0,20,48
08/26/2020,ORH,MA,ANE,EN,Federal Contract Tower,2,1,1,2,6,0,1,35,2,38,2,2,36,4,44,8,2,10,54
08/27/2020,ORH,MA,ANE,EN,Federal Contract Tower,2,5,3,0,10,0,3,1,0,4,2,8,4,0,14,0,0,0,14
08/28/2020,ORH,MA,ANE,EN,Federal Contract Tower,2,6,3,0,11,0,0,35,0,35,2,6,38,0,46,16,0,16,62
08/29/2020,ORH,MA,ANE,EN,Federal Contract Tower,0,2,4,0,6,0,0,0,0,0,0,2,4,0,6,0,0,0,6
08/30/2020,ORH,MA,ANE,EN,Federal Contract Tower,2,2,2,0,6,0,0,13,0,13,2,2,15,0,19,0,0,0,19
08/31/2020,ORH,MA,ANE,EN,Federal Contract Tower,2,3,9,0,14,0,0,18,0,18,2,3,27,0,32,12,0,12,44
09/01/2020,ORH,MA,ANE,EN,Federal Contract Tower,2,0,2,0,4,0,2,17,2,21,2,2,19,2,25,26,0,26,51
09/02/2020,ORH,MA,ANE,EN,Federal Contract Tower,0,0,2,0,2,0,0,0,0,0,0,0,2,0,2,0,0,0,2
09/03/2020,ORH,MA,ANE,EN,Federal Contract Tower,2,2,12,0,16,0,2,45,1,48,2,4,57,1,64,50,2,52,116
09/04/2020,ORH,MA,ANE,EN,Federal Contract Tower,2,2,1,0,5,0,2,32,0,34,2,4,33,0,39,28,0,28,67
09/05/2020,ORH,MA,ANE,EN,Federal Contract Tower,2,2,3,0,7,0,0,39,0,39,2,2,42,0,46,48,0,48,94
09/06/2020,ORH,MA,ANE,EN,Federal Contract Tower,2,2,4,0,8,0,0,38,0,38,2,2,42,0,46,42,0,42,88
09/07/2020,ORH,MA,ANE,EN,Federal Contract Tower,2,2,1,0,5,0,0,20,0,20,2,2,21,0,25,5,0,5,30
09/08/2020,ORH,MA,ANE,EN,Federal Contract Tower,2,2,7,0,11,0,4,15,0,19,2,6,22,0,30,6,0,6,36
09/09/2020,ORH,MA,ANE,EN,Federal Contract Tower,2,4,2,0,8,0,0,39,1,40,2,4,41,1,48,6,12,18,66
09/10/2020,ORH,MA,ANE,EN,Federal Contract Tower,2,3,9,0,14,0,0,0,0,0,2,3,9,0,14,0,0,0,14
09/11/2020,ORH,MA,ANE,EN,Federal Contract Tower,2,3,8,0,13,0,3,16,0,19,2,6,24,0,32,8,0,8,40
09/12/2020,ORH,MA,ANE,EN,Federal Contract Tower,2,8,1,0,11,0,0,55,0,55,2,8,56,0,66,32,0,32,98
09/13/2020,ORH,MA,ANE,EN,Federal Contract Tower,2,2,6,0,10,0,0,20,0,20,2,2,26,0,30,2,0,2,32
09/14/2020,ORH,MA,ANE,EN,Federal Contract Tower,2,0,3,0,5,0,0,4,0,4,2,0,7,0,9,0,0,0,9
09/15/2020,ORH,MA,ANE,EN,Federal Contract Tower,2,0,5,0,7,0,2,22,0,24,2,2,27,0,31,14,0,14,45
09/16/2020,ORH,MA,ANE,EN,Federal Contract Tower,2,2,7,0,11,0,0,14,2,16,2,2,21,2,27,0,0,0,27
09/17/2020,ORH,MA,ANE,EN,Federal Contract Tower,2,2,3,0,7,0,3,11,4,18,2,5,14,4,25,18,8,26,51
09/18/2020,ORH,MA,ANE,EN,Federal Contract Tower,2,0,2,0,4,0,2,13,0,15,2,2,15,0,19,6,0,6,25
09/19/2020,ORH,MA,ANE,EN,Federal Contract Tower,2,2,4,0,8,0,0,27,0,27,2,2,31,0,35,10,0,10,45
09/20/2020,ORH,MA,ANE,EN,Federal Contract Tower,2,2,2,0,6,0,0,28,0,28,2,2,30,0,34,2,0,2,36
09/21/2020,ORH,MA,ANE,EN,Federal Contract Tower,2,2,1,0,5,0,0,6,0,6,2,2,7,0,11,6,0,6,17
09/22/2020,ORH,MA,ANE,EN,Federal Contract Tower,2,8,0,0,10,0,2,6,0,8,2,10,6,0,18,18,0,18,36
09/23/2020,ORH,MA,ANE,EN,Federal Contract Tower,2,3,4,2,11,0,2,17,0,19,2,5,21,2,30,6,0,6,36
09/24/2020,ORH,MA,ANE,EN,Federal Contract Tower,2,3,8,0,13,0,1,27,0,28,2,4,35,0,41,22,0,22,63
09/25/2020,ORH,MA,ANE,EN,Federal Contract Tower,2,11,2,0,15,0,0,24,0,24,2,11,26,0,39,22,0,22,61
09/26/2020,ORH,MA,ANE,EN,Federal Contract Tower,2,5,4,0,11,0,1,32,0,33,2,6,36,0,44,34,0,34,78
09/27/2020,ORH,MA,ANE,EN,Federal Contract Tower,2,2,7,0,11,0,0,2,0,2,2,2,9,0,13,4,0,4,17
09/28/2020,ORH,MA,ANE,EN,Federal Contract Tower,2,2,2,0,6,0,0,6,0,6,2,2,8,0,12,8,0,8,20
09/29/2020,ORH,MA,ANE,EN,Federal Contract Tower,2,1,10,0,13,0,0,20,0,20,2,1,30,0,33,52,0,52,85
09/30/2020,ORH,MA,ANE,EN,Federal Contract Tower,2,3,7,0,12,0,2,11,2,15,2,5,18,2,27,0,0,0,27
10/01/2020,ORH,MA,ANE,EN,Federal Contract Tower,0,7,7,2,16,0,3,37,2,42,0,10,44,4,58,56,0,56,114
10/02/2020,ORH,MA,ANE,EN,Federal Contract Tower,0,0,5,0,5,0,1,14,0,15,0,1,19,0,20,6,0,6,26
10/03/2020,ORH,MA,ANE,EN,Federal Contract Tower,0,9,7,0,16,0,0,59,0,59,0,9,66,0,75,34,0,34,109
10/04/2020,ORH,MA,ANE,EN,Federal Contract Tower,0,4,7,0,11,0,0,40,0,40,0,4,47,0,51,16,0,16,67
10/05/2020,ORH,MA,ANE,EN,Federal Contract Tower,0,0,8,0,8,0,0,6,0,6,0,0,14,0,14,4,0,4,18
10/06/2020,ORH,MA,ANE,EN,Federal Contract Tower,0,1,7,6,14,0,2,16,2,20,0,3,23,8,34,2,0,2,36
10/07/2020,ORH,MA,ANE,EN,Federal Contract Tower,0,1,10,0,11,0,2,0,0,2,0,3,10,0,13,0,0,0,13
10/08/2020,ORH,MA,ANE,EN,Federal Contract Tower,0,7,7,0,14,0,2,13,5,20,0,9,20,5,34,6,8,14,48
10/09/2020,ORH,MA,ANE,EN,Federal Contract Tower,0,4,6,0,10,0,2,39,0,41,0,6,45,0,51,6,0,6,57
10/10/2020,ORH,MA,ANE,EN,Federal Contract Tower,0,3,2,0,5,0,0,12,0,12,0,3,14,0,17,8,0,8,25
10/11/2020,ORH,MA,ANE,EN,Federal Contract Tower,0,8,10,0,18,0,0,32,0,32,0,8,42,0,50,12,0,12,62
10/12/2020,ORH,MA,ANE,EN,Federal Contract Tower,0,3,3,0,6,0,1,5,0,6,0,4,8,0,12,0,0,0,12
10/13/2020,ORH,MA,ANE,EN,Federal Contract Tower,0,5,9,0,14,0,0,0,0,0,0,5,9,0,14,0,0,0,14
10/14/2020,ORH,MA,ANE,EN,Federal Contract Tower,0,2,13,0,15,0,1,39,2,42,0,3,52,2,57,38,0,38,95
10/15/2020,ORH,MA,ANE,EN,Federal Contract Tower,0,2,4,1,7,0,2,5,2,9,0,4,9,3,16,4,2,6,22
10/16/2020,ORH,MA,ANE,EN,Federal Contract Tower,0,5,14,0,19,0,0,0,0,0,0,5,14,0,19,0,0,0,19
10/17/2020,ORH,MA,ANE,EN,Federal Contract Tower,0,7,5,0,12,0,0,12,1,13,0,7,17,1,25,18,2,20,45
10/18/2020,ORH,MA,ANE,EN,Federal Contract Tower,0,4,4,0,8,0,0,60,2,62,0,4,64,2,70,36,12,48,118
10/19/2020,ORH,MA,ANE,EN,Federal Contract Tower,0,0,3,0,3,0,0,16,0,16,0,0,19,0,19,16,0,16,35
10/20/2020,ORH,MA,ANE,EN,Federal Contract Tower,0,0,14,4,18,0,0,2,0,2,0,0,16,4,20,2,0,2,22
10/21/2020,ORH,MA,ANE,EN,Federal Contract Tower,0,1,7,0,8,0,1,2,1,4,0,2,9,1,12,0,0,0,12
10/22/2020,ORH,MA,ANE,EN,Federal Contract Tower,0,1,10,2,13,0,2,34,0,36,0,3,44,2,49,14,0,14,63
10/23/2020,ORH,MA,ANE,EN,Federal Contract Tower,0,3,8,0,11,0,0,1,0,1,0,3,9,0,12,4,0,4,16
10/24/2020,ORH,MA,ANE,EN,Federal Contract Tower,0,5,7,0,12,0,0,1,0,1,0,5,8,0,13,0,0,0,13
10/25/2020,ORH,MA,ANE,EN,Federal Contract Tower,0,5,7,0,12,0,0,25,0,25,0,5,32,0,37,20,0,20,57
10/26/2020,ORH,MA,ANE,EN,Federal Contract Tower,0,0,11,0,11,0,0,0,0,0,0,0,11,0,11,0,0,0,11
10/27/2020,ORH,MA,ANE,EN,Federal Contract Tower,0,1,15,0,16,0,4,28,2,34,0,5,43,2,50,42,0,42,92
10/28/2020,ORH,MA,ANE,EN,Federal Contract Tower,0,0,4,0,4,0,0,0,0,0,0,0,4,0,4,0,0,0,4
10/29/2020,ORH,MA,ANE,EN,Federal Contract Tower,0,2,6,0,8,0,0,0,0,0,0,2,6,0,8,0,0,0,8
10/30/2020,ORH,MA,ANE,EN,Federal Contract Tower,0,2,1,0,3,0,0,0,0,0,0,2,1,0,3,0,0,0,3
10/31/2020,ORH,MA,ANE,EN,Federal Contract Tower,0,2,5,1,8,0,0,51,0,51,0,2,56,1,59,30,0,30,89
11/01/2020,ORH,MA,ANE,EN,Federal Contract Tower,0,10,1,0,11,0,0,6,0,6,0,10,7,0,17,0,0,0,17
11/02/2020,ORH,MA,ANE,EN,Federal Contract Tower,0,1,4,0,5,0,0,4,0,4,0,1,8,0,9,0,0,0,9
11/03/2020,ORH,MA,ANE,EN,Federal Contract Tower,0,1,5,0,6,0,0,4,0,4,0,1,9,0,10,0,0,0,10
11/04/2020,ORH,MA,ANE,EN,Federal Contract Tower,0,1,4,0,5,0,2,31,2,35,0,3,35,2,40,24,6,30,70
11/05/2020,ORH,MA,ANE,EN,Federal Contract Tower,0,9,6,0,15,0,3,17,1,21,0,12,23,1,36,24,0,24,60
11/06/2020,ORH,MA,ANE,EN,Federal Contract Tower,0,0,2,0,2,0,2,26,0,28,0,2,28,0,30,12,0,12,42
11/07/2020,ORH,MA,ANE,EN,Federal Contract Tower,0,4,3,0,7,0,0,64,0,64,0,4,67,0,71,34,0,34,105
11/08/2020,ORH,MA,ANE,EN,Federal Contract Tower,0,2,3,0,5,0,0,78,0,78,0,2,81,0,83,34,0,34,117
11/09/2020,ORH,MA,ANE,EN,Federal Contract Tower,0,1,5,0,6,0,0,38,0,38,0,1,43,0,44,44,0,44,88
11/10/2020,ORH,MA,ANE,EN,Federal Contract Tower,0,1,4,2,7,0,0,21,0,21,0,1,25,2,28,28,0,28,56
11/11/2020,ORH,MA,ANE,EN,Federal Contract Tower,0,2,10,0,12,0,0,2,0,2,0,2,12,0,14,0,0,0,14
11/12/2020,ORH,MA,ANE,EN,Federal Contract Tower,0,4,15,0,19,0,0,3,2,5,0,4,18,2,24,16,6,22,46
11/13/2020,ORH,MA,ANE,EN,Federal Contract Tower,0,3,6,0,9,0,0,0,0,0,0,3,6,0,9,4,0,4,13
11/14/2020,ORH,MA,ANE,EN,Federal Contract Tower,0,2,3,0,5,0,0,53,0,53,0,2,56,0,58,46,0,46,104
11/15/2020,ORH,MA,ANE,EN,Federal Contract Tower,0,2,4,0,6,0,0,15,0,15,0,2,19,0,21,4,0,4,25
11/16/2020,ORH,MA,ANE,EN,Federal Contract Tower,0,2,8,0,10,0,0,5,0,5,0,2,13,0,15,8,0,8,23
11/17/2020,ORH,MA,ANE,EN,Federal Contract Tower,0,3,16,0,19,0,2,33,0,35,0,5,49,0,54,42,0,42,96
11/18/2020,ORH,MA,ANE,EN,Federal Contract Tower,0,0,9,0,9,0,0,12,2,14,0,0,21,2,23,0,0,0,23
11/19/2020,ORH,MA,ANE,EN,Federal Contract Tower,0,4,7,0,11,0,2,13,8,23,0,6,20,8,34,0,10,10,44
11/20/2020,ORH,MA,ANE,EN,Federal Contract Tower,0,3,1,0,4,0,0,14,0,14,0,3,15,0,18,24,0,24,42
11/21/2020,ORH,MA,ANE,EN,Federal Contract Tower,0,8,7,2,17,0,0,51,1,52,0,8,58,3,69,48,4,52,121
11/22/2020,ORH,MA,ANE,EN,Federal Contract Tower,0,3,2,2,7,0,0,7,2,9,0,3,9,4,16,6,2,8,24
11/23/2020,ORH,MA,ANE,EN,Federal Contract Tower,0,0,4,0,4,0,0,0,0,0,0,0,4,0,4,0,0,0,4
11/24/2020,ORH,MA,ANE,EN,Federal Contract Tower,0,3,14,2,19,0,0,20,0,20,0,3,34,2,39,30,0,30,69
11/25/2020,ORH,MA,ANE,EN,Federal Contract Tower,0,1,3,1,5,0,0,15,0,15,0,1,18,1,20,28,2,30,50
11/26/2020,ORH,MA,ANE,EN,Federal Contract Tower,0,0,2,0,2,0,0,0,0,0,0,0,2,0,2,0,0,0,2
11/27/2020,ORH,MA,ANE,EN,Federal Contract Tower,0,5,4,0,9,0,1,27,0,28,0,6,31,0,37,46,0,46,83
11/28/2020,ORH,MA,ANE,EN,Federal Contract Tower,0,7,4,0,11,0,2,32,0,34,0,9,36,0,45,40,0,40,85
11/29/2020,ORH,MA,ANE,EN,Federal Contract Tower,0,11,14,0,25,0,1,38,0,39,0,12,52,0,64,52,0,52,116
11/30/2020,ORH,MA,ANE,EN,Federal Contract Tower,0,3,3,0,6,0,0,2,0,2,0,3,5,0,8,0,0,0,8
12/01/2020,ORH,MA,ANE,EN,Federal Contract Tower,0,3,6,0,9,0,0,1,2,3,0,3,7,2,12,2,0,2,14
12/02/2020,ORH,MA,ANE,EN,Federal Contract Tower,0,1,13,2,16,0,0,5,0,5,0,1,18,2,21,6,0,6,27
12/03/2020,ORH,MA,ANE,EN,Federal Contract Tower,0,0,5,0,5,0,0,20,0,20,0,0,25,0,25,28,0,28,53
12/04/2020,ORH,MA,ANE,EN,Federal Contract Tower,0,4,0,0,4,0,0,10,0,10,0,4,10,0,14,2,0,2,16
12/05/2020,ORH,MA,ANE,EN,Federal Contract Tower,0,0,0,0,0,0,0,0,0,0,0,0,0,0,0,0,0,0,0
12/06/2020,ORH,MA,ANE,EN,Federal Contract Tower,0,4,1,0,5,0,0,2,0,2,0,4,3,0,7,6,0,6,13
12/07/2020,ORH,MA,ANE,EN,Federal Contract Tower,0,0,10,0,10,0,0,22,0,22,0,0,32,0,32,10,0,10,42
12/08/2020,ORH,MA,ANE,EN,Federal Contract Tower,0,1,3,0,4,0,0,4,2,6,0,1,7,2,10,10,0,10,20
12/09/2020,ORH,MA,ANE,EN,Federal Contract Tower,0,1,3,0,4,0,0,4,2,6,0,1,7,2,10,10,0,10,20
12/10/2020,ORH,MA,ANE,EN,Federal Contract Tower,0,1,8,2,11,0,0,13,0,13,0,1,21,2,24,10,2,12,36
12/11/2020,ORH,MA,ANE,EN,Federal Contract Tower,0,0,5,0,5,0,0,29,0,29,0,0,34,0,34,40,0,40,74
12/12/2020,ORH,MA,ANE,EN,Federal Contract Tower,0,2,0,0,2,0,0,0,0,0,0,2,0,0,2,0,0,0,2
12/13/2020,ORH,MA,ANE,EN,Federal Contract Tower,0,4,15,0,19,0,0,16,0,16,0,4,31,0,35,28,0,28,63
12/14/2020,ORH,MA,ANE,EN,Federal Contract Tower,0,0,4,0,4,0,0,0,0,0,0,0,4,0,4,0,0,0,4
12/15/2020,ORH,MA,ANE,EN,Federal Contract Tower,0,0,9,2,11,0,0,16,0,16,0,0,25,2,27,12,14,26,53
12/16/2020,ORH,MA,ANE,EN,Federal Contract Tower,0,0,12,0,12,0,0,16,0,16,0,0,28,0,28,28,0,28,56
12/17/2020,ORH,MA,ANE,EN,Federal Contract Tower,0,2,3,0,5,0,0,0,0,0,0,2,3,0,5,0,0,0,5
12/18/2020,ORH,MA,ANE,EN,Federal Contract Tower,0,8,1,2,11,0,0,4,0,4,0,8,5,2,15,10,0,10,25
12/19/2020,ORH,MA,ANE,EN,Federal Contract Tower,0,6,5,0,11,0,0,24,0,24,0,6,29,0,35,8,0,8,43
12/20/2020,ORH,MA,ANE,EN,Federal Contract Tower,0,2,1,0,3,0,0,13,0,13,0,2,14,0,16,0,0,0,16
12/21/2020,ORH,MA,ANE,EN,Federal Contract Tower,0,4,1,0,5,0,0,0,0,0,0,4,1,0,5,0,0,0,5
12/22/2020,ORH,MA,ANE,EN,Federal Contract Tower,0,5,7,0,12,0,1,20,5,26,0,6,27,5,38,2,4,6,44
12/23/2020,ORH,MA,ANE,EN,Federal Contract Tower,0,1,12,2,15,0,2,35,2,39,0,3,47,4,54,30,2,32,86
12/24/2020,ORH,MA,ANE,EN,Federal Contract Tower,0,2,0,0,2,0,0,8,0,8,0,2,8,0,10,10,0,10,20
12/25/2020,ORH,MA,ANE,EN,Federal Contract Tower,0,0,0,0,0,0,0,0,0,0,0,0,0,0,0,0,0,0,0
12/26/2020,ORH,MA,ANE,EN,Federal Contract Tower,0,5,2,0,7,0,0,18,0,18,0,5,20,0,25,20,0,20,45
12/27/2020,ORH,MA,ANE,EN,Federal Contract Tower,0,6,8,0,14,0,0,39,0,39,0,6,47,0,53,12,0,12,65
12/28/2020,ORH,MA,ANE,EN,Federal Contract Tower,0,1,4,0,5,0,0,4,2,6,0,1,8,2,11,0,0,0,11
12/29/2020,ORH,MA,ANE,EN,Federal Contract Tower,0,5,5,0,10,0,0,4,0,4,0,5,9,0,14,2,0,2,16
12/30/2020,ORH,MA,ANE,EN,Federal Contract Tower,0,3,6,0,9,0,0,30,0,30,0,3,36,0,39,16,0,16,55
12/31/2020,ORH,MA,ANE,EN,Federal Contract Tower,0,6,3,0,9,0,0,7,0,7,0,6,10,0,16,1,0,1,17
01/01/2021,ORH,MA,ANE,EN,Federal Contract Tower,0,1,2,0,3,0,0,46,0,46,0,1,48,0,49,40,0,40,89
01/02/2021,ORH,MA,ANE,EN,Federal Contract Tower,0,5,6,0,11,0,0,3,0,3,0,5,9,0,14,0,0,0,14
01/03/2021,ORH,MA,ANE,EN,Federal Contract Tower,0,4,11,0,15,0,0,3,0,3,0,4,14,0,18,6,0,6,24
01/04/2021,ORH,MA,ANE,EN,Federal Contract Tower,0,3,6,0,9,0,1,3,0,4,0,4,9,0,13,0,0,0,13
01/05/2021,ORH,MA,ANE,EN,Federal Contract Tower,0,2,3,0,5,0,0,2,2,4,0,2,5,2,9,4,0,4,13
01/06/2021,ORH,MA,ANE,EN,Federal Contract Tower,0,4,5,0,9,0,0,13,1,14,0,4,18,1,23,26,0,26,49
01/07/2021,ORH,MA,ANE,EN,Federal Contract Tower,0,0,5,0,5,0,2,27,8,37,0,2,32,8,42,20,24,44,86
01/08/2021,ORH,MA,ANE,EN,Federal Contract Tower,0,4,5,0,9,0,0,31,0,31,0,4,36,0,40,26,0,26,66
01/09/2021,ORH,MA,ANE,EN,Federal Contract Tower,0,5,6,0,11,0,0,43,0,43,0,5,49,0,54,18,0,18,72
01/10/2021,ORH,MA,ANE,EN,Federal Contract Tower,0,6,5,0,11,0,0,48,0,48,0,6,53,0,59,16,0,16,75
01/11/2021,ORH,MA,ANE,EN,Federal Contract Tower,0,2,2,0,4,0,0,22,0,22,0,2,24,0,26,10,0,10,36
01/12/2021,ORH,MA,ANE,EN,Federal Contract Tower,0,2,5,2,9,0,0,21,2,23,0,2,26,4,32,20,0,20,52
01/13/2021,ORH,MA,ANE,EN,Federal Contract Tower,0,5,5,0,10,0,0,20,0,20,0,5,25,0,30,30,0,30,60
01/14/2021,ORH,MA,ANE,EN,Federal Contract Tower,0,1,8,0,9,0,0,1,0,1,0,1,9,0,10,4,0,4,14
01/15/2021,ORH,MA,ANE,EN,Federal Contract Tower,0,2,12,0,14,0,0,5,0,5,0,2,17,0,19,0,0,0,19
01/16/2021,ORH,MA,ANE,EN,Federal Contract Tower,0,2,1,0,3,0,0,0,0,0,0,2,1,0,3,0,0,0,3
01/17/2021,ORH,MA,ANE,EN,Federal Contract Tower,0,2,0,0,2,0,0,4,0,4,0,2,4,0,6,0,0,0,6
01/19/2021,ORH,MA,ANE,EN,Federal Contract Tower,0,2,10,0,12,0,0,14,0,14,0,2,24,0,26,12,0,12,38
01/20/2021,ORH,MA,ANE,EN,Federal Contract Tower,0,2,11,0,13,0,0,5,0,5,0,2,16,0,18,12,0,12,30
01/21/2021,ORH,MA,ANE,EN,Federal Contract Tower,0,3,3,1,7,0,0,10,10,20,0,3,13,11,27,12,2,14,41
01/22/2021,ORH,MA,ANE,EN,Federal Contract Tower,0,2,0,0,2,0,0,41,0,41,0,2,41,0,43,50,0,50,93
01/23/2021,ORH,MA,ANE,EN,Federal Contract Tower,0,4,1,0,5,0,0,6,0,6,0,4,7,0,11,6,0,6,17
01/24/2021,ORH,MA,ANE,EN,Federal Contract Tower,0,5,0,0,5,0,0,5,0,5,0,5,5,0,10,2,0,2,12
01/25/2021,ORH,MA,ANE,EN,Federal Contract Tower,0,1,8,0,9,0,0,28,0,28,0,1,36,0,37,10,0,10,47
01/26/2021,ORH,MA,ANE,EN,Federal Contract Tower,0,3,8,0,11,0,0,25,2,27,0,3,33,2,38,36,0,36,74
01/27/2021,ORH,MA,ANE,EN,Federal Contract Tower,0,0,1,0,1,0,0,0,0,0,0,0,1,0,1,0,0,0,1
01/28/2021,ORH,MA,ANE,EN,Federal Contract Tower,0,0,5,0,5,0,0,3,1,4,0,0,8,1,9,6,14,20,29
01/29/2021,ORH,MA,ANE,EN,Federal Contract Tower,0,5,9,0,14,0,0,9,0,9,0,5,18,0,23,0,0,0,23
01/30/2021,ORH,MA,ANE,EN,Federal Contract Tower,0,2,0,0,2,0,0,19,0,19,0,2,19,0,21,12,0,12,33
01/31/2021,ORH,MA,ANE,EN,Federal Contract Tower,0,4,7,0,11,0,0,69,0,69,0,4,76,0,80,26,0,26,106
02/01/2021,ORH,MA,ANE,EN,Federal Contract Tower,0,0,3,0,3,0,0,0,0,0,0,0,3,0,3,0,0,0,3
02/02/2021,ORH,MA,ANE,EN,Federal Contract Tower,0,0,2,0,2,0,0,0,0,0,0,0,2,0,2,0,0,0,2
02/03/2021,ORH,MA,ANE,EN,Federal Contract Tower,0,4,1,0,5,0,0,2,2,4,0,4,3,2,9,0,4,4,13
02/04/2021,ORH,MA,ANE,EN,Federal Contract Tower,0,1,3,0,4,0,2,26,2,30,0,3,29,2,34,16,2,18,52
02/05/2021,ORH,MA,ANE,EN,Federal Contract Tower,0,0,10,0,10,0,0,1,0,1,0,0,11,0,11,0,0,0,11
02/06/2021,ORH,MA,ANE,EN,Federal Contract Tower,0,2,0,0,2,0,0,3,0,3,0,2,3,0,5,0,0,0,5
02/07/2021,ORH,MA,ANE,EN,Federal Contract Tower,0,0,1,0,1,0,0,0,0,0,0,0,1,0,1,0,0,0,1
02/08/2021,ORH,MA,ANE,EN,Federal Contract Tower,0,4,4,0,8,0,0,9,0,9,0,4,13,0,17,32,0,32,49
02/09/2021,ORH,MA,ANE,EN,Federal Contract Tower,0,0,7,0,7,0,0,0,0,0,0,0,7,0,7,0,0,0,7
02/10/2021,ORH,MA,ANE,EN,Federal Contract Tower,0,0,7,7,14,0,0,9,2,11,0,0,16,9,25,16,16,32,57
02/11/2021,ORH,MA,ANE,EN,Federal Contract Tower,0,0,3,2,5,0,0,27,0,27,0,0,30,2,32,36,0,36,68
02/12/2021,ORH,MA,ANE,EN,Federal Contract Tower,0,1,0,0,1,0,0,29,0,29,0,1,29,0,30,30,0,30,60
02/13/2021,ORH,MA,ANE,EN,Federal Contract Tower,0,2,6,0,8,0,0,34,0,34,0,2,40,0,42,52,0,52,94
02/14/2021,ORH,MA,ANE,EN,Federal Contract Tower,0,8,3,0,11,0,0,12,0,12,0,8,15,0,23,14,0,14,37
02/15/2021,ORH,MA,ANE,EN,Federal Contract Tower,0,0,0,0,0,0,0,0,0,0,0,0,0,0,0,0,0,0,0
02/16/2021,ORH,MA,ANE,EN,Federal Contract Tower,0,0,0,0,0,0,0,0,0,0,0,0,0,0,0,0,0,0,0
02/17/2021,ORH,MA,ANE,EN,Federal Contract Tower,0,0,5,0,5,0,2,25,3,30,0,2,30,3,35,16,10,26,61
02/18/2021,ORH,MA,ANE,EN,Federal Contract Tower,0,2,4,0,6,0,0,3,0,3,0,2,7,0,9,6,0,6,15
02/19/2021,ORH,MA,ANE,EN,Federal Contract Tower,0,0,0,0,0,0,0,0,0,0,0,0,0,0,0,0,0,0,0
02/20/2021,ORH,MA,ANE,EN,Federal Contract Tower,0,5,0,0,5,0,0,13,0,13,0,5,13,0,18,28,0,28,46
02/21/2021,ORH,MA,ANE,EN,Federal Contract Tower,0,1,2,0,3,0,0,36,0,36,0,1,38,0,39,28,0,28,67
02/22/2021,ORH,MA,ANE,EN,Federal Contract Tower,0,2,1,0,3,0,0,0,0,0,0,2,1,0,3,0,0,0,3
02/23/2021,ORH,MA,ANE,EN,Federal Contract Tower,0,2,3,2,7,0,0,7,0,7,0,2,10,2,14,12,0,12,26
02/24/2021,ORH,MA,ANE,EN,Federal Contract Tower,0,4,5,0,9,0,3,20,0,23,0,7,25,0,32,2,0,2,34
02/25/2021,ORH,MA,ANE,EN,Federal Contract Tower,0,2,4,2,8,0,0,4,9,13,0,2,8,11,21,2,11,13,34
02/26/2021,ORH,MA,ANE,EN,Federal Contract Tower,0,1,5,0,6,0,1,70,2,73,0,2,75,2,79,76,0,76,155
02/27/2021,ORH,MA,ANE,EN,Federal Contract Tower,0,2,2,0,4,0,0,0,0,0,0,2,2,0,4,0,0,0,4
02/28/2021,ORH,MA,ANE,EN,Federal Contract Tower,0,5,15,0,20,0,1,33,0,34,0,6,48,0,54,36,0,36,90
03/01/2021,ORH,MA,ANE,EN,Federal Contract Tower,0,1,7,0,8,0,0,2,0,2,0,1,9,0,10,0,0,0,10
03/02/2021,ORH,MA,ANE,EN,Federal Contract Tower,0,4,0,0,4,0,0,1,0,1,0,4,1,0,5,0,0,0,5
03/03/2021,ORH,MA,ANE,EN,Federal Contract Tower,0,4,1,0,5,0,0,29,4,33,0,4,30,4,38,40,14,54,92
03/04/2021,ORH,MA,ANE,EN,Federal Contract Tower,0,2,5,0,7,0,5,5,2,12,0,7,10,2,19,24,4,28,47
03/05/2021,ORH,MA,ANE,EN,Federal Contract Tower,0,2,5,0,7,0,0,6,2,8,0,2,11,2,15,14,0,14,29
03/06/2021,ORH,MA,ANE,EN,Federal Contract Tower,0,2,2,0,4,0,0,37,0,37,0,2,39,0,41,48,0,48,89
03/07/2021,ORH,MA,ANE,EN,Federal Contract Tower,0,0,10,0,10,0,0,49,0,49,0,0,59,0,59,46,0,46,105
03/08/2021,ORH,MA,ANE,EN,Federal Contract Tower,0,1,12,0,13,0,3,16,0,19,0,4,28,0,32,22,0,22,54
03/09/2021,ORH,MA,ANE,EN,Federal Contract Tower,0,2,2,0,4,0,3,23,0,26,0,5,25,0,30,10,0,10,40
03/10/2021,ORH,MA,ANE,EN,Federal Contract Tower,0,1,1,0,2,0,0,29,4,33,0,1,30,4,35,46,0,46,81
03/11/2021,ORH,MA,ANE,EN,Federal Contract Tower,0,4,3,0,7,0,0,13,1,14,0,4,16,1,21,10,2,12,33
03/12/2021,ORH,MA,ANE,EN,Federal Contract Tower,0,5,4,0,9,0,0,4,0,4,0,5,8,0,13,0,0,0,13
03/13/2021,ORH,MA,ANE,EN,Federal Contract Tower,0,4,1,0,5,0,0,9,0,9,0,4,10,0,14,2,0,2,16
03/14/2021,ORH,MA,ANE,EN,Federal Contract Tower,0,1,1,0,2,0,0,2,0,2,0,1,3,0,4,0,0,0,4
03/15/2021,ORH,MA,ANE,EN,Federal Contract Tower,0,4,1,0,5,0,0,2,0,2,0,4,3,0,7,0,0,0,7
03/16/2021,ORH,MA,ANE,EN,Federal Contract Tower,0,3,9,0,12,0,0,18,0,18,0,3,27,0,30,36,0,36,66
03/17/2021,ORH,MA,ANE,EN,Federal Contract Tower,0,3,3,5,11,0,0,21,3,24,0,3,24,8,35,22,0,22,57
03/18/2021,ORH,MA,ANE,EN,Federal Contract Tower,0,1,19,0,20,0,0,0,0,0,0,1,19,0,20,4,0,4,24
03/19/2021,ORH,MA,ANE,EN,Federal Contract Tower,0,4,2,0,6,0,0,1,0,1,0,4,3,0,7,0,0,0,7
03/20/2021,ORH,MA,ANE,EN,Federal Contract Tower,0,4,5,0,9,0,0,81,0,81,0,4,86,0,90,64,0,64,154
03/21/2021,ORH,MA,ANE,EN,Federal Contract Tower,0,3,6,0,9,0,0,60,0,60,0,3,66,0,69,36,0,36,105
03/22/2021,ORH,MA,ANE,EN,Federal Contract Tower,0,4,7,0,11,0,0,37,0,37,0,4,44,0,48,16,0,16,64
03/23/2021,ORH,MA,ANE,EN,Federal Contract Tower,0,1,4,2,7,0,2,29,4,35,0,3,33,6,42,50,10,60,102
03/24/2021,ORH,MA,ANE,EN,Federal Contract Tower,0,3,5,1,9,0,0,18,2,20,0,3,23,3,29,36,16,52,81
03/25/2021,ORH,MA,ANE,EN,Federal Contract Tower,0,1,9,0,10,0,0,25,4,29,0,1,34,4,39,24,6,30,69
03/26/2021,ORH,MA,ANE,EN,Federal Contract Tower,0,2,0,0,2,0,0,0,0,0,0,2,0,0,2,0,0,0,2
03/27/2021,ORH,MA,ANE,EN,Federal Contract Tower,0,6,1,0,7,0,0,73,0,73,0,6,74,0,80,104,0,104,184
03/28/2021,ORH,MA,ANE,EN,Federal Contract Tower,0,1,2,0,3,0,0,0,0,0,0,1,2,0,3,4,0,4,7
03/29/2021,ORH,MA,ANE,EN,Federal Contract Tower,0,0,0,0,0,0,0,0,0,0,0,0,0,0,0,0,0,0,0
03/30/2021,ORH,MA,ANE,EN,Federal Contract Tower,0,2,18,2,22,0,0,22,2,24,0,2,40,4,46,26,8,34,80
03/31/2021,ORH,MA,ANE,EN,Federal Contract Tower,0,4,2,2,8,0,0,2,2,4,0,4,4,4,12,0,0,0,12
04/01/2021,ORH,MA,ANE,EN,Federal Contract Tower,0,4,8,0,12,0,0,0,1,1,0,4,8,1,13,0,6,6,19
04/02/2021,ORH,MA,ANE,EN,Federal Contract Tower,0,3,6,0,9,0,0,23,4,27,0,3,29,4,36,18,0,18,54
04/03/2021,ORH,MA,ANE,EN,Federal Contract Tower,0,2,4,0,6,0,0,63,0,63,0,2,67,0,69,72,0,72,141
04/04/2021,ORH,MA,ANE,EN,Federal Contract Tower,0,0,4,0,4,0,0,26,0,26,0,0,30,0,30,8,0,8,38
04/05/2021,ORH,MA,ANE,EN,Federal Contract Tower,0,1,6,0,7,0,0,6,0,6,0,1,12,0,13,0,0,0,13
04/06/2021,ORH,MA,ANE,EN,Federal Contract Tower,0,4,2,2,8,0,0,28,0,28,0,4,30,2,36,10,0,10,46
04/07/2021,ORH,MA,ANE,EN,Federal Contract Tower,0,1,8,0,9,0,0,12,1,13,0,1,20,1,22,18,2,20,42
04/08/2021,ORH,MA,ANE,EN,Federal Contract Tower,0,1,7,4,12,0,0,28,18,46,0,1,35,22,58,20,24,44,102
04/09/2021,ORH,MA,ANE,EN,Federal Contract Tower,0,2,6,0,8,0,0,30,0,30,0,2,36,0,38,14,0,14,52
04/10/2021,ORH,MA,ANE,EN,Federal Contract Tower,0,4,10,0,14,0,0,30,1,31,0,4,40,1,45,20,2,22,67
04/11/2021,ORH,MA,ANE,EN,Federal Contract Tower,0,3,4,2,9,0,0,0,0,0,0,3,4,2,9,0,0,0,9
04/12/2021,ORH,MA,ANE,EN,Federal Contract Tower,0,4,13,0,17,0,0,2,0,2,0,4,15,0,19,0,0,0,19
04/13/2021,ORH,MA,ANE,EN,Federal Contract Tower,0,4,9,0,13,0,1,14,0,15,0,5,23,0,28,20,0,20,48
04/14/2021,ORH,MA,ANE,EN,Federal Contract Tower,0,9,12,0,21,0,0,20,0,20,0,9,32,0,41,50,8,58,99
04/15/2021,ORH,MA,ANE,EN,Federal Contract Tower,0,6,5,0,11,0,0,0,0,0,0,6,5,0,11,2,0,2,13
04/16/2021,ORH,MA,ANE,EN,Federal Contract Tower,0,1,4,0,5,0,0,0,0,0,0,1,4,0,5,0,0,0,5
04/17/2021,ORH,MA,ANE,EN,Federal Contract Tower,0,4,4,0,8,0,0,7,0,7,0,4,11,0,15,4,0,4,19
04/18/2021,ORH,MA,ANE,EN,Federal Contract Tower,0,2,16,0,18,0,4,28,2,34,0,6,44,2,52,36,0,36,88
04/19/2021,ORH,MA,ANE,EN,Federal Contract Tower,0,3,7,0,10,0,2,33,0,35,0,5,40,0,45,28,0,28,73
04/20/2021,ORH,MA,ANE,EN,Federal Contract Tower,0,3,11,2,16,0,0,10,0,10,0,3,21,2,26,14,0,14,40
04/21/2021,ORH,MA,ANE,EN,Federal Contract Tower,0,2,5,0,7,0,0,0,0,0,0,2,5,0,7,0,0,0,7
04/22/2021,ORH,MA,ANE,EN,Federal Contract Tower,2,5,0,2,9,0,0,2,0,2,2,5,2,2,11,0,0,0,11
04/23/2021,ORH,MA,ANE,EN,Federal Contract Tower,0,2,1,0,3,0,0,3,0,3,0,2,4,0,6,0,0,0,6
04/24/2021,ORH,MA,ANE,EN,Federal Contract Tower,0,4,6,0,10,0,0,49,0,49,0,4,55,0,59,50,0,50,109
04/25/2021,ORH,MA,ANE,EN,Federal Contract Tower,0,2,18,0,20,0,0,0,0,0,0,2,18,0,20,2,0,2,22
04/26/2021,ORH,MA,ANE,EN,Federal Contract Tower,0,0,5,0,5,0,7,6,4,17,0,7,11,4,22,0,2,2,24
04/27/2021,ORH,MA,ANE,EN,Federal Contract Tower,0,2,1,4,7,0,4,30,1,35,0,6,31,5,42,30,4,34,76
04/28/2021,ORH,MA,ANE,EN,Federal Contract Tower,0,1,4,0,5,0,0,20,2,22,0,1,24,2,27,32,0,32,59
04/29/2021,ORH,MA,ANE,EN,Federal Contract Tower,0,5,3,0,8,0,0,0,0,0,0,5,3,0,8,0,0,0,8
04/30/2021,ORH,MA,ANE,EN,Federal Contract Tower,0,4,5,0,9,0,0,5,0,5,0,4,10,0,14,0,2,2,16
05/01/2021,ORH,MA,ANE,EN,Federal Contract Tower,0,10,5,0,15,0,0,23,0,23,0,10,28,0,38,22,0,22,60
05/02/2021,ORH,MA,ANE,EN,Federal Contract Tower,0,2,5,0,7,0,0,31,2,33,0,2,36,2,40,8,2,10,50
05/03/2021,ORH,MA,ANE,EN,Federal Contract Tower,0,2,5,0,7,0,0,18,0,18,0,2,23,0,25,36,0,36,61
05/04/2021,ORH,MA,ANE,EN,Federal Contract Tower,0,1,24,0,25,0,0,0,0,0,0,1,24,0,25,0,0,0,25
05/05/2021,ORH,MA,ANE,EN,Federal Contract Tower,0,0,6,0,6,0,0,0,0,0,0,0,6,0,6,0,0,0,6
05/06/2021,ORH,MA,ANE,EN,Federal Contract Tower,0,3,2,1,6,0,0,15,9,24,0,3,17,10,30,36,0,36,66
05/07/2021,ORH,MA,ANE,EN,Federal Contract Tower,0,0,7,0,7,0,0,31,0,31,0,0,38,0,38,54,0,54,92
05/08/2021,ORH,MA,ANE,EN,Federal Contract Tower,0,6,7,0,13,0,0,79,0,79,0,6,86,0,92,56,0,56,148
05/09/2021,ORH,MA,ANE,EN,Federal Contract Tower,0,0,4,0,4,0,0,20,0,20,0,0,24,0,24,14,0,14,38
05/10/2021,ORH,MA,ANE,EN,Federal Contract Tower,0,2,14,0,16,0,0,6,0,6,0,2,20,0,22,0,0,0,22
05/11/2021,ORH,MA,ANE,EN,Federal Contract Tower,0,5,10,2,17,0,4,12,2,18,0,9,22,4,35,22,0,22,57
05/12/2021,ORH,MA,ANE,EN,Federal Contract Tower,0,3,8,2,13,0,0,25,6,31,0,3,33,8,44,32,4,36,80
05/13/2021,ORH,MA,ANE,EN,Federal Contract Tower,0,2,6,4,12,0,0,28,3,31,0,2,34,7,43,24,8,32,75
05/14/2021,ORH,MA,ANE,EN,Federal Contract Tower,0,2,5,0,7,0,0,34,2,36,0,2,39,2,43,14,0,14,57
05/15/2021,ORH,MA,ANE,EN,Federal Contract Tower,0,4,5,0,9,0,0,70,2,72,0,4,75,2,81,64,0,64,145
05/16/2021,ORH,MA,ANE,EN,Federal Contract Tower,0,2,4,0,6,0,22,2,0,24,0,24,6,0,30,12,6,18,48
05/17/2021,ORH,MA,ANE,EN,Federal Contract Tower,0,7,6,0,13,0,4,16,0,20,0,11,22,0,33,20,0,20,53
05/18/2021,ORH,MA,ANE,EN,Federal Contract Tower,0,3,9,0,12,0,2,17,4,23,0,5,26,4,35,22,0,22,57
05/19/2021,ORH,MA,ANE,EN,Federal Contract Tower,0,1,5,3,9,0,2,26,3,31,0,3,31,6,40,34,4,38,78
05/20/2021,ORH,MA,ANE,EN,Federal Contract Tower,0,2,12,4,18,0,0,20,0,20,0,2,32,4,38,36,0,36,74
05/21/2021,ORH,MA,ANE,EN,Federal Contract Tower,0,6,2,0,8,0,3,36,0,39,0,9,38,0,47,32,0,32,79
05/22/2021,ORH,MA,ANE,EN,Federal Contract Tower,0,5,4,0,9,0,0,30,2,32,0,5,34,2,41,14,6,20,61
05/23/2021,ORH,MA,ANE,EN,Federal Contract Tower,0,4,7,0,11,0,2,34,0,36,0,6,41,0,47,28,0,28,75
05/24/2021,ORH,MA,ANE,EN,Federal Contract Tower,0,2,6,0,8,0,0,10,0,10,0,2,16,0,18,0,0,0,18
05/25/2021,ORH,MA,ANE,EN,Federal Contract Tower,0,0,11,0,11,0,0,9,6,15,0,0,20,6,26,0,0,0,26
05/26/2021,ORH,MA,ANE,EN,Federal Contract Tower,0,0,7,0,7,0,0,8,1,9,0,0,15,1,16,12,2,14,30
05/27/2021,ORH,MA,ANE,EN,Federal Contract Tower,0,2,6,0,8,0,0,24,2,26,0,2,30,2,34,24,0,24,58
05/28/2021,ORH,MA,ANE,EN,Federal Contract Tower,0,2,12,0,14,0,0,29,0,29,0,2,41,0,43,50,0,50,93
05/29/2021,ORH,MA,ANE,EN,Federal Contract Tower,0,2,2,0,4,0,0,0,0,0,0,2,2,0,4,0,0,0,4
05/30/2021,ORH,MA,ANE,EN,Federal Contract Tower,0,2,4,0,6,0,0,0,0,0,0,2,4,0,6,0,0,0,6
05/31/2021,ORH,MA,ANE,EN,Federal Contract Tower,0,0,17,0,17,0,0,3,0,3,0,0,20,0,20,0,0,0,20
06/01/2021,ORH,MA,ANE,EN,Federal Contract Tower,0,4,10,2,16,0,0,25,0,25,0,4,35,2,41,56,0,56,97
06/02/2021,ORH,MA,ANE,EN,Federal Contract Tower,0,0,16,6,22,0,2,28,0,30,0,2,44,6,52,56,0,56,108
06/03/2021,ORH,MA,ANE,EN,Federal Contract Tower,0,4,9,0,13,0,0,0,0,0,0,4,9,0,13,2,0,2,15
06/04/2021,ORH,MA,ANE,EN,Federal Contract Tower,0,2,10,0,12,0,0,1,0,1,0,2,11,0,13,0,0,0,13
06/05/2021,ORH,MA,ANE,EN,Federal Contract Tower,0,5,6,0,11,0,1,30,0,31,0,6,36,0,42,60,0,60,102
06/06/2021,ORH,MA,ANE,EN,Federal Contract Tower,0,0,15,0,15,0,2,29,0,31,0,2,44,0,46,36,0,36,82
06/07/2021,ORH,MA,ANE,EN,Federal Contract Tower,0,0,17,0,17,0,0,23,0,23,0,0,40,0,40,32,0,32,72
06/08/2021,ORH,MA,ANE,EN,Federal Contract Tower,0,2,8,4,14,0,2,2,0,4,0,4,10,4,18,2,4,6,24
06/09/2021,ORH,MA,ANE,EN,Federal Contract Tower,0,4,21,0,25,0,1,20,0,21,0,5,41,0,46,68,0,68,114
06/10/2021,ORH,MA,ANE,EN,Federal Contract Tower,0,2,11,0,13,0,2,99,0,101,0,4,110,0,114,94,0,94,208
06/11/2021,ORH,MA,ANE,EN,Federal Contract Tower,0,4,3,0,7,0,0,39,1,40,0,4,42,1,47,66,2,68,115
06/12/2021,ORH,MA,ANE,EN,Federal Contract Tower,0,3,12,0,15,0,0,21,0,21,0,3,33,0,36,4,0,4,40
06/13/2021,ORH,MA,ANE,EN,Federal Contract Tower,0,2,10,0,12,0,0,56,0,56,0,2,66,0,68,42,0,42,110
06/14/2021,ORH,MA,ANE,EN,Federal Contract Tower,0,0,13,0,13,0,0,0,0,0,0,0,13,0,13,0,0,0,13
06/15/2021,ORH,MA,ANE,EN,Federal Contract Tower,0,2,15,0,17,0,0,0,0,0,0,2,15,0,17,2,0,2,19
06/16/2021,ORH,MA,ANE,EN,Federal Contract Tower,0,0,10,8,18,0,0,43,2,45,0,0,53,10,63,80,8,88,151
06/17/2021,ORH,MA,ANE,EN,Federal Contract Tower,0,7,10,4,21,0,2,53,3,58,0,9,63,7,79,68,0,68,147
06/18/2021,ORH,MA,ANE,EN,Federal Contract Tower,0,3,5,0,8,0,0,34,0,34,0,3,39,0,42,34,0,34,76
06/19/2021,ORH,MA,ANE,EN,Federal Contract Tower,0,4,1,2,7,0,0,39,0,39,0,4,40,2,46,58,6,64,110
06/20/2021,ORH,MA,ANE,EN,Federal Contract Tower,0,0,5,2,7,0,0,50,1,51,0,0,55,3,58,62,6,68,126
06/21/2021,ORH,MA,ANE,EN,Federal Contract Tower,0,0,10,0,10,0,0,11,2,13,0,0,21,2,23,18,0,18,41
06/22/2021,ORH,MA,ANE,EN,Federal Contract Tower,0,1,7,0,8,0,0,7,2,9,0,1,14,2,17,2,0,2,19
06/23/2021,ORH,MA,ANE,EN,Federal Contract Tower,0,3,15,8,26,0,0,40,8,48,0,3,55,16,74,82,0,82,156
06/24/2021,ORH,MA,ANE,EN,Federal Contract Tower,0,2,12,0,14,0,0,31,0,31,0,2,43,0,45,50,0,50,95
06/25/2021,ORH,MA,ANE,EN,Federal Contract Tower,0,0,9,0,9,0,0,1,0,1,0,0,10,0,10,0,0,0,10
06/26/2021,ORH,MA,ANE,EN,Federal Contract Tower,0,4,7,0,11,0,0,6,0,6,0,4,13,0,17,6,0,6,23
06/27/2021,ORH,MA,ANE,EN,Federal Contract Tower,0,4,6,0,10,0,0,9,0,9,0,4,15,0,19,0,0,0,19
06/28/2021,ORH,MA,ANE,EN,Federal Contract Tower,0,0,13,0,13,0,0,28,0,28,0,0,41,0,41,32,0,32,73
06/29/2021,ORH,MA,ANE,EN,Federal Contract Tower,0,3,11,0,14,0,0,25,0,25,0,3,36,0,39,18,0,18,57
06/30/2021,ORH,MA,ANE,EN,Federal Contract Tower,0,4,2,0,6,0,0,24,0,24,0,4,26,0,30,46,0,46,76
07/01/2021,ORH,MA,ANE,EN,Federal Contract Tower,0,1,12,0,13,0,1,6,0,7,0,2,18,0,20,28,0,28,48
07/02/2021,ORH,MA,ANE,EN,Federal Contract Tower,0,3,4,0,7,0,0,0,0,0,0,3,4,0,7,0,0,0,7
07/03/2021,ORH,MA,ANE,EN,Federal Contract Tower,0,7,13,0,20,0,0,0,0,0,0,7,13,0,20,0,0,0,20
07/04/2021,ORH,MA,ANE,EN,Federal Contract Tower,0,3,4,0,7,0,0,4,0,4,0,3,8,0,11,2,0,2,13
07/05/2021,ORH,MA,ANE,EN,Federal Contract Tower,0,2,9,0,11,0,0,20,0,20,0,2,29,0,31,12,0,12,43
07/06/2021,ORH,MA,ANE,EN,Federal Contract Tower,0,0,4,0,4,0,0,14,0,14,0,0,18,0,18,6,0,6,24
07/07/2021,ORH,MA,ANE,EN,Federal Contract Tower,0,0,16,0,16,0,0,37,2,39,0,0,53,2,55,14,0,14,69
07/08/2021,ORH,MA,ANE,EN,Federal Contract Tower,0,0,2,12,14,0,0,1,0,1,0,0,3,12,15,2,0,2,17
07/09/2021,ORH,MA,ANE,EN,Federal Contract Tower,0,0,8,0,8,0,0,1,0,1,0,0,9,0,9,0,0,0,9
07/10/2021,ORH,MA,ANE,EN,Federal Contract Tower,0,2,11,0,13,0,0,23,0,23,0,2,34,0,36,16,0,16,52
07/11/2021,ORH,MA,ANE,EN,Federal Contract Tower,0,3,9,0,12,0,0,12,0,12,0,3,21,0,24,2,0,2,26
07/12/2021,ORH,MA,ANE,EN,Federal Contract Tower,0,5,4,0,9,0,0,0,0,0,0,5,4,0,9,0,0,0,9
07/13/2021,ORH,MA,ANE,EN,Federal Contract Tower,0,6,16,0,22,0,0,0,0,0,0,6,16,0,22,0,0,0,22
07/14/2021,ORH,MA,ANE,EN,Federal Contract Tower,0,1,3,6,10,0,3,0,0,3,0,4,3,6,13,0,0,0,13
07/15/2021,ORH,MA,ANE,EN,Federal Contract Tower,0,4,5,21,30,0,0,64,4,68,0,4,69,25,98,44,22,66,164
07/16/2021,ORH,MA,ANE,EN,Federal Contract Tower,0,1,7,0,8,0,0,23,0,23,0,1,30,0,31,6,0,6,37
07/17/2021,ORH,MA,ANE,EN,Federal Contract Tower,0,5,3,0,8,0,0,21,0,21,0,5,24,0,29,24,0,24,53
07/18/2021,ORH,MA,ANE,EN,Federal Contract Tower,0,0,2,0,2,0,0,0,0,0,0,0,2,0,2,0,0,0,2
07/19/2021,ORH,MA,ANE,EN,Federal Contract Tower,0,0,17,0,17,0,0,2,0,2,0,0,19,0,19,0,0,0,19
07/20/2021,ORH,MA,ANE,EN,Federal Contract Tower,0,7,13,0,20,0,1,25,2,28,0,8,38,2,48,0,0,0,48
07/21/2021,ORH,MA,ANE,EN,Federal Contract Tower,0,6,4,5,15,0,0,12,0,12,0,6,16,5,27,28,0,28,55
07/22/2021,ORH,MA,ANE,EN,Federal Contract Tower,0,8,6,0,14,0,0,47,2,49,0,8,53,2,63,44,22,66,129
07/23/2021,ORH,MA,ANE,EN,Federal Contract Tower,0,1,1,8,10,0,0,28,0,28,0,1,29,8,38,42,0,42,80
07/24/2021,ORH,MA,ANE,EN,Federal Contract Tower,0,5,0,0,5,0,0,50,0,50,0,5,50,0,55,60,0,60,115
07/25/2021,ORH,MA,ANE,EN,Federal Contract Tower,0,1,7,0,8,0,1,0,0,1,0,2,7,0,9,2,0,2,11
07/26/2021,ORH,MA,ANE,EN,Federal Contract Tower,0,3,16,0,19,0,0,35,0,35,0,3,51,0,54,24,0,24,78
07/27/2021,ORH,MA,ANE,EN,Federal Contract Tower,0,2,14,0,16,0,2,32,4,38,0,4,46,4,54,26,0,26,80
07/28/2021,ORH,MA,ANE,EN,Federal Contract Tower,0,0,8,0,8,0,0,3,0,3,0,0,11,0,11,0,0,0,11
07/29/2021,ORH,MA,ANE,EN,Federal Contract Tower,0,2,4,0,6,0,0,6,2,8,0,2,10,2,14,4,0,4,18
07/30/2021,ORH,MA,ANE,EN,Federal Contract Tower,0,4,3,0,7,0,0,15,0,15,0,4,18,0,22,18,0,18,40
07/31/2021,ORH,MA,ANE,EN,Federal Contract Tower,0,3,9,0,12,0,1,63,0,64,0,4,72,0,76,102,0,102,178
08/01/2021,ORH,MA,ANE,EN,Federal Contract Tower,0,1,10,0,11,0,0,40,0,40,0,1,50,0,51,12,0,12,63
08/02/2021,ORH,MA,ANE,EN,Federal Contract Tower,0,4,7,0,11,0,2,23,0,25,0,6,30,0,36,36,0,36,72
08/03/2021,ORH,MA,ANE,EN,Federal Contract Tower,0,4,25,6,35,0,0,31,2,33,0,4,56,8,68,24,0,24,92
08/04/2021,ORH,MA,ANE,EN,Federal Contract Tower,0,2,9,0,11,0,0,32,0,32,0,2,41,0,43,44,0,44,87
08/05/2021,ORH,MA,ANE,EN,Federal Contract Tower,0,2,6,0,8,0,0,0,0,0,0,2,6,0,8,2,0,2,10
08/06/2021,ORH,MA,ANE,EN,Federal Contract Tower,0,0,3,2,5,0,2,74,6,82,0,2,77,8,87,100,0,100,187
08/07/2021,ORH,MA,ANE,EN,Federal Contract Tower,0,1,0,0,1,0,1,64,0,65,0,2,64,0,66,62,0,62,128
08/08/2021,ORH,MA,ANE,EN,Federal Contract Tower,0,2,3,0,5,0,1,19,0,20,0,3,22,0,25,36,0,36,61
08/09/2021,ORH,MA,ANE,EN,Federal Contract Tower,0,5,11,0,16,0,0,0,0,0,0,5,11,0,16,0,0,0,16
08/10/2021,ORH,MA,ANE,EN,Federal Contract Tower,0,3,15,1,19,0,0,1,4,5,0,3,16,5,24,0,0,0,24
08/11/2021,ORH,MA,ANE,EN,Federal Contract Tower,0,1,3,0,4,0,0,25,1,26,0,1,28,1,30,64,10,74,104
08/12/2021,ORH,MA,ANE,EN,Federal Contract Tower,0,2,2,2,6,0,0,21,2,23,0,2,23,4,29,36,4,40,69
08/13/2021,ORH,MA,ANE,EN,Federal Contract Tower,0,3,5,0,8,0,0,49,0,49,0,3,54,0,57,12,0,12,69
08/14/2021,ORH,MA,ANE,EN,Federal Contract Tower,0,2,3,0,5,0,0,27,0,27,0,2,30,0,32,28,0,28,60
08/15/2021,ORH,MA,ANE,EN,Federal Contract Tower,0,5,3,0,8,0,0,40,0,40,0,5,43,0,48,58,0,58,106
08/16/2021,ORH,MA,ANE,EN,Federal Contract Tower,0,3,4,0,7,0,2,21,0,23,0,5,25,0,30,16,0,16,46
08/17/2021,ORH,MA,ANE,EN,Federal Contract Tower,0,4,19,0,23,0,2,14,2,18,0,6,33,2,41,8,4,12,53
08/18/2021,ORH,MA,ANE,EN,Federal Contract Tower,0,2,3,6,11,0,0,6,0,6,0,2,9,6,17,4,0,4,21
08/19/2021,ORH,MA,ANE,EN,Federal Contract Tower,0,3,4,3,10,0,0,0,0,0,0,3,4,3,10,4,2,6,16
08/20/2021,ORH,MA,ANE,EN,Federal Contract Tower,1,2,17,0,20,0,0,5,0,5,1,2,22,0,25,0,0,0,25
08/21/2021,ORH,MA,ANE,EN,Federal Contract Tower,2,3,3,0,8,0,2,15,0,17,2,5,18,0,25,24,0,24,49
08/22/2021,ORH,MA,ANE,EN,Federal Contract Tower,2,0,0,0,2,0,0,0,0,0,2,0,0,0,2,0,0,0,2
08/23/2021,ORH,MA,ANE,EN,Federal Contract Tower,2,4,4,0,10,0,0,0,0,0,2,4,4,0,10,0,0,0,10
08/24/2021,ORH,MA,ANE,EN,Federal Contract Tower,2,3,2,0,7,0,1,31,0,32,2,4,33,0,39,42,0,42,81
08/25/2021,ORH,MA,ANE,EN,Federal Contract Tower,1,1,2,0,4,0,0,28,0,28,1,1,30,0,32,34,0,34,66
08/26/2021,ORH,MA,ANE,EN,Federal Contract Tower,2,4,8,13,27,0,0,36,6,42,2,4,44,19,69,26,26,52,121
08/27/2021,ORH,MA,ANE,EN,Federal Contract Tower,1,2,2,0,5,0,0,43,0,43,1,2,45,0,48,38,0,38,86
08/28/2021,ORH,MA,ANE,EN,Federal Contract Tower,1,3,0,0,4,0,0,25,0,25,1,3,25,0,29,12,0,12,41
08/29/2021,ORH,MA,ANE,EN,Federal Contract Tower,2,5,9,0,16,0,0,5,0,5,2,5,14,0,21,4,0,4,25
08/30/2021,ORH,MA,ANE,EN,Federal Contract Tower,3,1,2,0,6,0,0,3,0,3,3,1,5,0,9,0,0,0,9
08/31/2021,ORH,MA,ANE,EN,Federal Contract Tower,2,5,4,6,17,0,0,49,6,55,2,5,53,12,72,40,0,40,112
09/01/2021,ORH,MA,ANE,EN,Federal Contract Tower,1,1,8,0,10,0,0,4,0,4,1,1,12,0,14,0,0,0,14
09/02/2021,ORH,MA,ANE,EN,Federal Contract Tower,1,2,1,0,4,0,0,4,0,4,1,2,5,0,8,10,0,10,18
09/03/2021,ORH,MA,ANE,EN,Federal Contract Tower,1,9,11,0,21,0,1,53,0,54,1,10,64,0,75,30,0,30,105
09/04/2021,ORH,MA,ANE,EN,Federal Contract Tower,2,7,4,0,13,0,1,45,0,46,2,8,49,0,59,36,0,36,95
09/05/2021,ORH,MA,ANE,EN,Federal Contract Tower,2,6,4,0,12,0,0,0,0,0,2,6,4,0,12,0,0,0,12
09/06/2021,ORH,MA,ANE,EN,Federal Contract Tower,1,6,8,2,17,0,0,48,0,48,1,6,56,2,65,18,0,18,83
09/07/2021,ORH,MA,ANE,EN,Federal Contract Tower,2,3,7,0,12,0,0,29,0,29,2,3,36,0,41,48,0,48,89
09/08/2021,ORH,MA,ANE,EN,Federal Contract Tower,2,4,7,2,15,0,0,10,0,10,2,4,17,2,25,14,0,14,39
09/09/2021,ORH,MA,ANE,EN,Federal Contract Tower,2,0,9,0,11,0,0,0,0,0,2,0,9,0,11,0,0,0,11
09/10/2021,ORH,MA,ANE,EN,Federal Contract Tower,2,3,12,0,17,0,3,44,0,47,2,6,56,0,64,48,0,48,112
09/11/2021,ORH,MA,ANE,EN,Federal Contract Tower,2,5,6,1,14,0,1,64,3,68,2,6,70,4,82,114,14,128,210
09/12/2021,ORH,MA,ANE,EN,Federal Contract Tower,1,10,4,0,15,0,3,35,0,38,1,13,39,0,53,20,0,20,73
09/13/2021,ORH,MA,ANE,EN,Federal Contract Tower,1,2,3,0,6,0,0,34,0,34,1,2,37,0,40,8,0,8,48
09/14/2021,ORH,MA,ANE,EN,Federal Contract Tower,2,0,2,4,8,0,0,39,2,41,2,0,41,6,49,50,8,58,107
09/15/2021,ORH,MA,ANE,EN,Federal Contract Tower,2,0,18,6,26,0,0,2,0,2,2,0,20,6,28,0,0,0,28
09/16/2021,ORH,MA,ANE,EN,Federal Contract Tower,2,2,18,10,32,0,0,0,0,0,2,2,18,10,32,6,0,6,38
09/17/2021,ORH,MA,ANE,EN,Federal Contract Tower,2,2,14,0,18,0,0,1,0,1,2,2,15,0,19,0,0,0,19
09/18/2021,ORH,MA,ANE,EN,Federal Contract Tower,2,2,12,0,16,0,2,15,0,17,2,4,27,0,33,56,0,56,89
09/19/2021,ORH,MA,ANE,EN,Federal Contract Tower,1,5,3,0,9,0,1,67,0,68,1,6,70,0,77,96,0,96,173
09/20/2021,ORH,MA,ANE,EN,Federal Contract Tower,2,2,7,0,11,0,4,62,0,66,2,6,69,0,77,80,0,80,157
09/21/2021,ORH,MA,ANE,EN,Federal Contract Tower,2,0,7,2,11,0,0,16,2,18,2,0,23,4,29,24,0,24,53
09/22/2021,ORH,MA,ANE,EN,Federal Contract Tower,2,0,16,0,18,0,0,0,0,0,2,0,16,0,18,0,0,0,18
09/23/2021,ORH,MA,ANE,EN,Federal Contract Tower,1,2,9,0,12,0,0,3,0,3,1,2,12,0,15,0,0,0,15
09/24/2021,ORH,MA,ANE,EN,Federal Contract Tower,0,5,9,0,14,0,0,0,0,0,0,5,9,0,14,0,0,0,14
09/25/2021,ORH,MA,ANE,EN,Federal Contract Tower,1,1,11,0,13,0,5,71,0,76,1,6,82,0,89,56,0,56,145
09/26/2021,ORH,MA,ANE,EN,Federal Contract Tower,2,1,16,0,19,0,5,29,0,34,2,6,45,0,53,22,0,22,75
09/27/2021,ORH,MA,ANE,EN,Federal Contract Tower,2,0,8,0,10,0,0,18,0,18,2,0,26,0,28,8,0,8,36
09/28/2021,ORH,MA,ANE,EN,Federal Contract Tower,1,0,3,0,4,0,0,5,0,5,1,0,8,0,9,0,0,0,9
09/29/2021,ORH,MA,ANE,EN,Federal Contract Tower,2,2,14,0,18,0,0,46,0,46,2,2,60,0,64,38,0,38,102
09/30/2021,ORH,MA,ANE,EN,Federal Contract Tower,2,2,5,6,15,0,0,33,0,33,2,2,38,6,48,28,0,28,76
10/01/2021,ORH,MA,ANE,EN,Federal Contract Tower,1,1,13,0,15,0,0,66,0,66,1,1,79,0,81,38,0,38,119
10/02/2021,ORH,MA,ANE,EN,Federal Contract Tower,2,4,7,0,13,0,0,33,0,33,2,4,40,0,46,28,0,28,74
10/03/2021,ORH,MA,ANE,EN,Federal Contract Tower,2,13,11,0,26,0,0,20,0,20,2,13,31,0,46,18,0,18,64
10/04/2021,ORH,MA,ANE,EN,Federal Contract Tower,2,5,7,0,14,0,0,0,0,0,2,5,7,0,14,0,0,0,14
10/05/2021,ORH,MA,ANE,EN,Federal Contract Tower,1,4,30,0,35,0,0,0,0,0,1,4,30,0,35,0,0,0,35
10/06/2021,ORH,MA,ANE,EN,Federal Contract Tower,2,3,8,1,14,0,0,35,1,36,2,3,43,2,50,34,0,34,84
10/07/2021,ORH,MA,ANE,EN,Federal Contract Tower,2,6,6,0,14,0,0,50,0,50,2,6,56,0,64,81,0,81,145
10/08/2021,ORH,MA,ANE,EN,Federal Contract Tower,2,6,10,0,18,0,0,51,1,52,2,6,61,1,70,34,2,36,106
10/09/2021,ORH,MA,ANE,EN,Federal Contract Tower,2,2,11,0,15,0,0,5,0,5,2,2,16,0,20,12,0,12,32
10/10/2021,ORH,MA,ANE,EN,Federal Contract Tower,1,14,12,0,27,0,0,0,0,0,1,14,12,0,27,0,0,0,27
10/11/2021,ORH,MA,ANE,EN,Federal Contract Tower,2,8,20,0,30,0,4,17,0,21,2,12,37,0,51,2,0,2,53
10/12/2021,ORH,MA,ANE,EN,Federal Contract Tower,2,2,5,0,9,0,0,27,0,27,2,2,32,0,36,9,0,9,45
10/13/2021,ORH,MA,ANE,EN,Federal Contract Tower,2,3,12,0,17,0,2,22,0,24,2,5,34,0,41,30,0,30,71
10/14/2021,ORH,MA,ANE,EN,Federal Contract Tower,2,4,12,0,18,0,0,38,12,50,2,4,50,12,68,14,30,44,112
10/15/2021,ORH,MA,ANE,EN,Federal Contract Tower,2,4,15,0,21,0,0,20,0,20,2,4,35,0,41,10,0,10,51
10/16/2021,ORH,MA,ANE,EN,Federal Contract Tower,2,4,11,0,17,0,0,2,0,2,2,4,13,0,19,0,0,0,19
10/17/2021,ORH,MA,ANE,EN,Federal Contract Tower,2,2,13,0,17,0,2,31,0,33,2,4,44,0,50,18,0,18,68
10/18/2021,ORH,MA,ANE,EN,Federal Contract Tower,2,1,8,0,11,0,0,14,0,14,2,1,22,0,25,16,0,16,41
10/19/2021,ORH,MA,ANE,EN,Federal Contract Tower,2,4,10,0,16,0,0,12,0,12,2,4,22,0,28,4,0,4,32
10/20/2021,ORH,MA,ANE,EN,Federal Contract Tower,3,1,14,0,18,0,2,41,0,43,3,3,55,0,61,48,0,48,109
10/21/2021,ORH,MA,ANE,EN,Federal Contract Tower,5,2,11,0,18,0,4,38,0,42,5,6,49,0,60,32,0,32,92
10/22/2021,ORH,MA,ANE,EN,Federal Contract Tower,6,8,20,0,34,0,0,50,0,50,6,8,70,0,84,56,0,56,140
10/23/2021,ORH,MA,ANE,EN,Federal Contract Tower,6,7,14,0,27,0,2,57,2,61,6,9,71,2,88,16,8,24,112
10/24/2021,ORH,MA,ANE,EN,Federal Contract Tower,6,7,10,0,23,0,2,44,0,46,6,9,54,0,69,46,0,46,115
10/25/2021,ORH,MA,ANE,EN,Federal Contract Tower,5,2,3,0,10,0,0,0,0,0,5,2,3,0,10,0,0,0,10
10/26/2021,ORH,MA,ANE,EN,Federal Contract Tower,6,1,2,0,9,0,0,0,0,0,6,1,2,0,9,0,0,0,9
10/27/2021,ORH,MA,ANE,EN,Federal Contract Tower,5,3,2,0,10,0,0,0,0,0,5,3,2,0,10,0,0,0,10
10/28/2021,ORH,MA,ANE,EN,Federal Contract Tower,6,4,15,2,27,0,0,9,2,11,6,4,24,4,38,6,0,6,44
10/29/2021,ORH,MA,ANE,EN,Federal Contract Tower,6,4,9,2,21,0,0,5,0,5,6,4,14,2,26,2,0,2,28
10/30/2021,ORH,MA,ANE,EN,Federal Contract Tower,6,2,3,0,11,0,0,0,0,0,6,2,3,0,11,0,0,0,11
10/31/2021,ORH,MA,ANE,EN,Federal Contract Tower,6,7,19,0,32,0,0,9,0,9,6,7,28,0,41,22,0,22,63
11/01/2021,ORH,MA,ANE,EN,Federal Contract Tower,8,2,10,0,20,0,0,17,0,17,8,2,27,0,37,4,0,4,41
11/02/2021,ORH,MA,ANE,EN,Federal Contract Tower,9,4,16,2,31,0,0,48,0,48,9,4,64,2,79,66,0,66,145
11/03/2021,ORH,MA,ANE,EN,Federal Contract Tower,7,5,16,0,28,0,0,37,0,37,7,5,53,0,65,44,0,44,109
11/04/2021,ORH,MA,ANE,EN,Federal Contract Tower,6,4,5,2,17,0,2,26,3,31,6,6,31,5,48,32,2,34,82
11/05/2021,ORH,MA,ANE,EN,Federal Contract Tower,5,6,9,2,22,0,0,37,0,37,5,6,46,2,59,46,0,46,105
11/06/2021,ORH,MA,ANE,EN,Federal Contract Tower,9,2,9,0,20,0,6,50,0,56,9,8,59,0,76,64,0,64,140
11/07/2021,ORH,MA,ANE,EN,Federal Contract Tower,10,3,11,0,24,0,1,53,0,54,10,4,64,0,78,64,0,64,142
11/08/2021,ORH,MA,ANE,EN,Federal Contract Tower,8,3,7,0,18,0,0,13,0,13,8,3,20,0,31,40,0,40,71
11/09/2021,ORH,MA,ANE,EN,Federal Contract Tower,7,8,12,2,29,0,0,33,0,33,7,8,45,2,62,0,0,0,62
11/10/2021,ORH,MA,ANE,EN,Federal Contract Tower,5,8,7,0,20,0,11,20,0,31,5,19,27,0,51,6,0,6,57
11/11/2021,ORH,MA,ANE,EN,Federal Contract Tower,6,8,10,0,24,0,0,55,0,55,6,8,65,0,79,64,0,64,143
11/12/2021,ORH,MA,ANE,EN,Federal Contract Tower,7,3,14,0,24,0,0,0,0,0,7,3,14,0,24,0,0,0,24
11/13/2021,ORH,MA,ANE,EN,Federal Contract Tower,7,4,1,0,12,0,0,24,0,24,7,4,25,0,36,40,0,40,76
11/14/2021,ORH,MA,ANE,EN,Federal Contract Tower,10,4,4,0,18,0,2,43,0,45,10,6,47,0,63,24,0,24,87
11/15/2021,ORH,MA,ANE,EN,Federal Contract Tower,11,2,6,0,19,0,0,10,0,10,11,2,16,0,29,6,0,6,35
11/16/2021,ORH,MA,ANE,EN,Federal Contract Tower,10,5,18,7,40,4,1,8,4,17,14,6,26,11,57,17,6,23,80
11/17/2021,ORH,MA,ANE,EN,Federal Contract Tower,4,6,18,2,30,0,4,28,0,32,4,10,46,2,62,50,0,50,112
11/18/2021,ORH,MA,ANE,EN,Federal Contract Tower,6,6,29,0,41,0,0,10,0,10,6,6,39,0,51,32,0,32,83
11/19/2021,ORH,MA,ANE,EN,Federal Contract Tower,3,6,17,0,26,0,0,5,2,7,3,6,22,2,33,10,28,38,71
11/20/2021,ORH,MA,ANE,EN,Federal Contract Tower,5,5,1,0,11,0,0,51,2,53,5,5,52,2,64,63,0,63,127
11/21/2021,ORH,MA,ANE,EN,Federal Contract Tower,10,4,4,0,18,0,0,31,0,31,10,4,35,0,49,32,0,32,81
11/22/2021,ORH,MA,ANE,EN,Federal Contract Tower,6,6,5,1,18,0,0,6,0,6,6,6,11,1,24,6,6,12,36
11/23/2021,ORH,MA,ANE,EN,Federal Contract Tower,5,16,13,2,36,0,0,17,0,17,5,16,30,2,53,40,0,40,93
11/24/2021,ORH,MA,ANE,EN,Federal Contract Tower,7,6,14,0,27,0,0,29,0,29,7,6,43,0,56,0,0,0,56
11/25/2021,ORH,MA,ANE,EN,Federal Contract Tower,4,2,2,0,8,0,1,6,0,7,4,3,8,0,15,26,0,26,41
11/26/2021,ORH,MA,ANE,EN,Federal Contract Tower,6,6,3,0,15,0,0,1,0,1,6,6,4,0,16,0,0,0,16
11/27/2021,ORH,MA,ANE,EN,Federal Contract Tower,4,6,7,0,17,0,0,1,0,1,4,6,8,0,18,2,0,2,20
11/28/2021,ORH,MA,ANE,EN,Federal Contract Tower,10,6,11,0,27,0,0,54,0,54,10,6,65,0,81,24,0,24,105
11/29/2021,ORH,MA,ANE,EN,Federal Contract Tower,7,5,4,0,16,0,0,12,0,12,7,5,16,0,28,22,0,22,50
11/30/2021,ORH,MA,ANE,EN,Federal Contract Tower,10,5,23,0,38,0,0,16,0,16,10,5,39,0,54,34,0,34,88
12/01/2021,ORH,MA,ANE,EN,Federal Contract Tower,5,9,17,1,32,0,0,14,2,16,5,9,31,3,48,22,30,52,100
12/03/2021,ORH,MA,ANE,EN,Federal Contract Tower,11,2,7,0,20,0,0,4,0,4,11,2,11,0,24,8,0,8,32
12/04/2021,ORH,MA,ANE,EN,Federal Contract Tower,8,0,7,0,15,0,4,46,0,50,8,4,53,0,65,56,0,56,121
12/05/2021,ORH,MA,ANE,EN,Federal Contract Tower,7,4,16,0,27,0,0,34,0,34,7,4,50,0,61,36,0,36,97
12/06/2021,ORH,MA,ANE,EN,Federal Contract Tower,10,2,4,0,16,0,0,0,0,0,10,2,4,0,16,0,0,0,16
12/07/2021,ORH,MA,ANE,EN,Federal Contract Tower,4,13,23,3,43,0,0,15,2,17,4,13,38,5,60,38,0,38,98
12/08/2021,ORH,MA,ANE,EN,Federal Contract Tower,4,8,8,6,26,0,0,4,0,4,4,8,12,6,30,24,16,40,70
12/09/2021,ORH,MA,ANE,EN,Federal Contract Tower,8,6,9,6,29,0,2,11,0,13,8,8,20,6,42,30,0,30,72
12/10/2021,ORH,MA,ANE,EN,Federal Contract Tower,7,5,12,0,24,0,0,21,0,21,7,5,33,0,45,42,0,42,87
12/11/2021,ORH,MA,ANE,EN,Federal Contract Tower,6,4,2,0,12,0,0,0,0,0,6,4,2,0,12,0,0,0,12
12/12/2021,ORH,MA,ANE,EN,Federal Contract Tower,8,6,17,0,31,0,0,26,0,26,8,6,43,0,57,6,4,10,67
12/13/2021,ORH,MA,ANE,EN,Federal Contract Tower,10,5,6,6,27,0,0,16,2,18,10,5,22,8,45,14,0,14,59
12/14/2021,ORH,MA,ANE,EN,Federal Contract Tower,7,7,18,2,34,0,2,24,0,26,7,9,42,2,60,40,0,40,100
12/15/2021,ORH,MA,ANE,EN,Federal Contract Tower,4,9,6,2,21,0,0,18,8,26,4,9,24,10,47,62,0,62,109
12/16/2021,ORH,MA,ANE,EN,Federal Contract Tower,6,9,8,0,23,0,2,15,3,20,6,11,23,3,43,38,8,46,89
12/17/2021,ORH,MA,ANE,EN,Federal Contract Tower,7,3,10,0,20,0,0,5,1,6,7,3,15,1,26,4,2,6,32
12/18/2021,ORH,MA,ANE,EN,Federal Contract Tower,5,6,2,0,13,0,0,2,0,2,5,6,4,0,15,4,0,4,19
12/19/2021,ORH,MA,ANE,EN,Federal Contract Tower,7,11,8,0,26,0,0,0,0,0,7,11,8,0,26,0,0,0,26
12/20/2021,ORH,MA,ANE,EN,Federal Contract Tower,9,3,9,0,21,0,0,25,0,25,9,3,34,0,46,18,0,18,64
12/21/2021,ORH,MA,ANE,EN,Federal Contract Tower,4,11,21,5,41,0,0,17,2,19,4,11,38,7,60,48,0,48,108
12/22/2021,ORH,MA,ANE,EN,Federal Contract Tower,6,10,6,0,22,0,0,1,0,1,6,10,7,0,23,0,0,0,23
12/23/2021,ORH,MA,ANE,EN,Federal Contract Tower,2,5,4,0,11,0,0,11,0,11,2,5,15,0,22,12,0,12,34
12/24/2021,ORH,MA,ANE,EN,Federal Contract Tower,6,2,2,0,10,0,0,0,0,0,6,2,2,0,10,0,0,0,10
12/25/2021,ORH,MA,ANE,EN,Federal Contract Tower,5,4,0,0,9,0,0,0,0,0,5,4,0,0,9,0,0,0,9
12/26/2021,ORH,MA,ANE,EN,Federal Contract Tower,7,6,4,0,17,0,0,0,0,0,7,6,4,0,17,0,0,0,17
12/27/2021,ORH,MA,ANE,EN,Federal Contract Tower,5,4,17,0,26,0,0,12,0,12,5,4,29,0,38,22,0,22,60
12/28/2021,ORH,MA,ANE,EN,Federal Contract Tower,5,8,9,0,22,0,4,0,0,4,5,12,9,0,26,18,0,18,44
12/29/2021,ORH,MA,ANE,EN,Federal Contract Tower,6,7,0,0,13,0,0,0,0,0,6,7,0,0,13,0,0,0,13
12/30/2021,ORH,MA,ANE,EN,Federal Contract Tower,5,5,6,0,16,0,0,0,0,0,5,5,6,0,16,0,0,0,16
12/31/2021,ORH,MA,ANE,EN,Federal Contract Tower,2,2,4,0,8,0,0,0,0,0,2,2,4,0,8,0,0,0,8
01/01/2022,ORH,MA,ANE,EN,Federal Contract Tower,6,0,2,0,8,0,0,0,0,0,6,0,2,0,8,0,0,0,8
01/02/2022,ORH,MA,ANE,EN,Federal Contract Tower,6,4,9,0,19,0,0,0,0,0,6,4,9,0,19,0,0,0,19
01/03/2022,ORH,MA,ANE,EN,Federal Contract Tower,4,4,4,0,12,0,0,11,0,11,4,4,15,0,23,0,0,0,23
01/04/2022,ORH,MA,ANE,EN,Federal Contract Tower,3,5,6,2,16,0,1,21,0,22,3,6,27,2,38,60,4,64,102
01/05/2022,ORH,MA,ANE,EN,Federal Contract Tower,6,6,2,0,14,0,0,0,0,0,6,6,2,0,14,0,0,0,14
01/06/2022,ORH,MA,ANE,EN,Federal Contract Tower,5,5,4,0,14,0,0,20,0,20,5,5,24,0,34,6,0,6,40
01/07/2022,ORH,MA,ANE,EN,Federal Contract Tower,3,3,3,0,9,0,0,0,0,0,3,3,3,0,9,0,0,0,9
01/08/2022,ORH,MA,ANE,EN,Federal Contract Tower,8,2,9,3,22,0,1,30,0,31,8,3,39,3,53,34,0,34,87
01/09/2022,ORH,MA,ANE,EN,Federal Contract Tower,7,6,2,0,15,0,0,0,0,0,7,6,2,0,15,0,0,0,15
01/10/2022,ORH,MA,ANE,EN,Federal Contract Tower,5,7,4,0,16,0,0,4,0,4,5,7,8,0,20,0,0,0,20
01/11/2022,ORH,MA,ANE,EN,Federal Contract Tower,7,7,2,3,19,0,0,11,4,15,7,7,13,7,34,12,4,16,50
01/12/2022,ORH,MA,ANE,EN,Federal Contract Tower,6,8,5,0,19,0,0,3,2,5,6,8,8,2,24,0,0,0,24
01/13/2022,ORH,MA,ANE,EN,Federal Contract Tower,5,5,6,10,26,0,2,63,4,69,5,7,69,14,95,40,12,52,147
01/14/2022,ORH,MA,ANE,EN,Federal Contract Tower,7,12,1,0,20,0,0,6,0,6,7,12,7,0,26,0,0,0,26
01/15/2022,ORH,MA,ANE,EN,Federal Contract Tower,8,5,2,0,15,0,0,4,0,4,8,5,6,0,19,0,0,0,19
01/16/2022,ORH,MA,ANE,EN,Federal Contract Tower,5,8,25,0,38,0,0,39,0,39,5,8,64,0,77,26,0,26,103
01/17/2022,ORH,MA,ANE,EN,Federal Contract Tower,7,1,0,0,8,0,0,0,0,0,7,1,0,0,8,0,0,0,8
01/18/2022,ORH,MA,ANE,EN,Federal Contract Tower,6,14,0,6,26,0,1,0,0,1,6,15,0,6,27,0,0,0,27
01/19/2022,ORH,MA,ANE,EN,Federal Contract Tower,6,8,0,0,14,0,0,6,2,8,6,8,6,2,22,0,0,0,22
01/20/2022,ORH,MA,ANE,EN,Federal Contract Tower,6,4,3,0,13,0,2,8,6,16,6,6,11,6,29,0,2,2,31
01/21/2022,ORH,MA,ANE,EN,Federal Contract Tower,5,4,3,0,12,0,0,21,0,21,5,4,24,0,33,22,4,26,59
01/22/2022,ORH,MA,ANE,EN,Federal Contract Tower,3,2,6,0,11,0,1,24,0,25,3,3,30,0,36,48,0,48,84
01/23/2022,ORH,MA,ANE,EN,Federal Contract Tower,5,5,11,0,21,0,0,21,0,21,5,5,32,0,42,34,0,34,76
01/24/2022,ORH,MA,ANE,EN,Federal Contract Tower,9,2,6,0,17,0,0,18,0,18,9,2,24,0,35,30,0,30,65
01/25/2022,ORH,MA,ANE,EN,Federal Contract Tower,6,7,2,1,16,0,0,2,0,2,6,7,4,1,18,10,0,10,28
01/26/2022,ORH,MA,ANE,EN,Federal Contract Tower,5,6,12,7,30,0,0,25,4,29,5,6,37,11,59,24,10,34,93
01/27/2022,ORH,MA,ANE,EN,Federal Contract Tower,7,6,4,0,17,0,0,41,2,43,7,6,45,2,60,30,2,32,92
01/28/2022,ORH,MA,ANE,EN,Federal Contract Tower,4,7,0,0,11,0,0,10,0,10,4,7,10,0,21,12,0,12,33
01/29/2022,ORH,MA,ANE,EN,Federal Contract Tower,0,2,0,0,2,0,0,0,0,0,0,2,0,0,2,0,0,0,2
01/30/2022,ORH,MA,ANE,EN,Federal Contract Tower,0,5,4,0,9,0,2,2,2,6,0,7,6,2,15,4,4,8,23
01/31/2022,ORH,MA,ANE,EN,Federal Contract Tower,3,3,3,0,9,0,0,3,0,3,3,3,6,0,12,12,0,12,24
02/01/2022,ORH,MA,ANE,EN,Federal Contract Tower,7,6,7,0,20,0,0,8,0,8,7,6,15,0,28,6,0,6,34
02/02/2022,ORH,MA,ANE,EN,Federal Contract Tower,5,8,5,6,24,0,0,0,0,0,5,8,5,6,24,0,0,0,24
02/03/2022,ORH,MA,ANE,EN,Federal Contract Tower,2,2,2,0,6,0,0,0,0,0,2,2,2,0,6,0,0,0,6
02/04/2022,ORH,MA,ANE,EN,Federal Contract Tower,0,0,1,0,1,0,0,0,0,0,0,0,1,0,1,0,0,0,1
02/05/2022,ORH,MA,ANE,EN,Federal Contract Tower,2,2,7,0,11,0,0,2,0,2,2,2,9,0,13,0,0,0,13
02/06/2022,ORH,MA,ANE,EN,Federal Contract Tower,8,2,5,0,15,0,0,26,0,26,8,2,31,0,41,10,0,10,51
02/07/2022,ORH,MA,ANE,EN,Federal Contract Tower,7,2,0,0,9,0,0,0,0,0,7,2,0,0,9,0,0,0,9
02/08/2022,ORH,MA,ANE,EN,Federal Contract Tower,4,7,0,0,11,0,0,2,0,2,4,7,2,0,13,0,0,0,13
02/09/2022,ORH,MA,ANE,EN,Federal Contract Tower,6,8,12,0,26,0,0,45,2,47,6,8,57,2,73,38,16,54,127
02/10/2022,ORH,MA,ANE,EN,Federal Contract Tower,6,4,4,0,14,0,2,14,4,20,6,6,18,4,34,14,18,32,66
02/11/2022,ORH,MA,ANE,EN,Federal Contract Tower,7,6,8,3,24,0,0,32,1,33,7,6,40,4,57,28,0,28,85
02/12/2022,ORH,MA,ANE,EN,Federal Contract Tower,8,2,3,0,13,0,2,19,0,21,8,4,22,0,34,22,0,22,56
02/13/2022,ORH,MA,ANE,EN,Federal Contract Tower,5,8,2,0,15,0,0,0,0,0,5,8,2,0,15,0,0,0,15
02/14/2022,ORH,MA,ANE,EN,Federal Contract Tower,7,1,10,4,22,0,0,7,0,7,7,1,17,4,29,4,0,4,33
02/15/2022,ORH,MA,ANE,EN,Federal Contract Tower,6,14,23,2,45,0,0,31,0,31,6,14,54,2,76,42,4,46,122
02/16/2022,ORH,MA,ANE,EN,Federal Contract Tower,5,6,3,0,14,0,2,7,2,11,5,8,10,2,25,16,0,16,41
02/17/2022,ORH,MA,ANE,EN,Federal Contract Tower,6,9,3,0,18,0,0,8,0,8,6,9,11,0,26,0,0,0,26
02/18/2022,ORH,MA,ANE,EN,Federal Contract Tower,4,4,2,0,10,0,4,3,0,7,4,8,5,0,17,6,0,6,23
02/19/2022,ORH,MA,ANE,EN,Federal Contract Tower,7,8,1,0,16,0,2,6,0,8,7,10,7,0,24,6,0,6,30
02/20/2022,ORH,MA,ANE,EN,Federal Contract Tower,4,3,9,0,16,0,2,28,0,30,4,5,37,0,46,54,0,54,100
02/21/2022,ORH,MA,ANE,EN,Federal Contract Tower,9,3,18,0,30,0,1,28,0,29,9,4,46,0,59,52,0,52,111
02/22/2022,ORH,MA,ANE,EN,Federal Contract Tower,4,2,5,0,11,0,2,2,0,4,4,4,7,0,15,0,0,0,15
02/23/2022,ORH,MA,ANE,EN,Federal Contract Tower,5,10,1,0,16,0,0,8,2,10,5,10,9,2,26,0,0,0,26
02/24/2022,ORH,MA,ANE,EN,Federal Contract Tower,5,7,5,3,20,0,3,32,5,40,5,10,37,8,60,58,2,60,120
02/25/2022,ORH,MA,ANE,EN,Federal Contract Tower,1,2,0,0,3,0,0,0,0,0,1,2,0,0,3,0,0,0,3
02/26/2022,ORH,MA,ANE,EN,Federal Contract Tower,6,3,7,0,16,0,4,24,0,28,6,7,31,0,44,6,0,6,50
02/27/2022,ORH,MA,ANE,EN,Federal Contract Tower,4,6,8,0,18,0,1,9,0,10,4,7,17,0,28,0,0,0,28
02/28/2022,ORH,MA,ANE,EN,Federal Contract Tower,4,6,4,0,14,0,0,12,0,12,4,6,16,0,26,28,0,28,54
03/01/2022,ORH,MA,ANE,EN,Federal Contract Tower,7,9,4,0,20,0,0,10,0,10,7,9,14,0,30,18,0,18,48
03/02/2022,ORH,MA,ANE,EN,Federal Contract Tower,7,2,0,0,9,0,0,28,2,30,7,2,28,2,39,42,0,42,81
03/03/2022,ORH,MA,ANE,EN,Federal Contract Tower,4,5,3,0,12,0,3,1,2,6,4,8,4,2,18,2,0,2,20
03/04/2022,ORH,MA,ANE,EN,Federal Contract Tower,5,4,6,0,15,0,1,30,0,31,5,5,36,0,46,18,0,18,64
03/05/2022,ORH,MA,ANE,EN,Federal Contract Tower,5,6,8,0,19,0,4,67,0,71,5,10,75,0,90,32,0,32,122
03/06/2022,ORH,MA,ANE,EN,Federal Contract Tower,4,5,1,0,10,0,2,2,0,4,4,7,3,0,14,0,0,0,14
03/07/2022,ORH,MA,ANE,EN,Federal Contract Tower,5,5,5,0,15,0,1,3,0,4,5,6,8,0,19,6,0,6,25
03/08/2022,ORH,MA,ANE,EN,Federal Contract Tower,6,8,2,0,16,0,2,12,0,14,6,10,14,0,30,0,0,0,30
03/09/2022,ORH,MA,ANE,EN,Federal Contract Tower,4,4,3,0,11,0,2,4,0,6,4,6,7,0,17,14,0,14,31
03/10/2022,ORH,MA,ANE,EN,Federal Contract Tower,3,8,3,0,14,0,0,35,4,39,3,8,38,4,53,20,0,20,73
03/11/2022,ORH,MA,ANE,EN,Federal Contract Tower,6,4,4,0,14,0,3,34,4,41,6,7,38,4,55,30,0,30,85
03/12/2022,ORH,MA,ANE,EN,Federal Contract Tower,2,9,2,0,13,0,0,0,0,0,2,9,2,0,13,0,0,0,13
03/13/2022,ORH,MA,ANE,EN,Federal Contract Tower,6,5,3,0,14,0,0,7,0,7,6,5,10,0,21,0,0,0,21
03/14/2022,ORH,MA,ANE,EN,Federal Contract Tower,3,6,5,0,14,0,2,25,0,27,3,8,30,0,41,22,0,22,63
03/15/2022,ORH,MA,ANE,EN,Federal Contract Tower,4,6,2,0,12,0,0,19,0,19,4,6,21,0,31,26,0,26,57
03/16/2022,ORH,MA,ANE,EN,Federal Contract Tower,5,9,1,0,15,0,0,14,1,15,5,9,15,1,30,20,14,34,64
03/17/2022,ORH,MA,ANE,EN,Federal Contract Tower,4,8,7,0,19,0,1,0,0,1,4,9,7,0,20,0,0,0,20
03/18/2022,ORH,MA,ANE,EN,Federal Contract Tower,3,12,5,0,20,0,6,59,2,67,3,18,64,2,87,82,16,98,185
03/19/2022,ORH,MA,ANE,EN,Federal Contract Tower,2,0,4,0,6,0,0,0,0,0,2,0,4,0,6,0,0,0,6
03/20/2022,ORH,MA,ANE,EN,Federal Contract Tower,7,5,15,0,27,0,0,23,0,23,7,5,38,0,50,18,0,18,68
03/21/2022,ORH,MA,ANE,EN,Federal Contract Tower,5,6,4,0,15,0,0,19,0,19,5,6,23,0,34,2,0,2,36
03/22/2022,ORH,MA,ANE,EN,Federal Contract Tower,3,10,1,0,14,0,0,10,0,10,3,10,11,0,24,0,0,0,24
03/23/2022,ORH,MA,ANE,EN,Federal Contract Tower,8,8,10,0,26,0,1,37,6,44,8,9,47,6,70,58,4,62,132
03/24/2022,ORH,MA,ANE,EN,Federal Contract Tower,5,5,0,0,10,0,0,0,0,0,5,5,0,0,10,0,0,0,10
03/25/2022,ORH,MA,ANE,EN,Federal Contract Tower,4,6,4,0,14,0,0,21,0,21,4,6,25,0,35,26,0,26,61
03/26/2022,ORH,MA,ANE,EN,Federal Contract Tower,5,9,8,0,22,0,0,36,0,36,5,9,44,0,58,14,0,14,72
03/27/2022,ORH,MA,ANE,EN,Federal Contract Tower,4,11,3,0,18,0,0,9,0,9,4,11,12,0,27,2,0,2,29
03/28/2022,ORH,MA,ANE,EN,Federal Contract Tower,0,0,0,0,0,0,0,0,0,0,0,0,0,0,0,0,0,0,0
03/29/2022,ORH,MA,ANE,EN,Federal Contract Tower,5,6,13,0,24,0,0,11,0,11,5,6,24,0,35,18,6,24,59
03/30/2022,ORH,MA,ANE,EN,Federal Contract Tower,5,9,7,4,25,0,2,39,4,45,5,11,46,8,70,62,0,62,132
03/31/2022,ORH,MA,ANE,EN,Federal Contract Tower,4,7,5,0,16,0,0,0,0,0,4,7,5,0,16,0,0,0,16
04/01/2022,ORH,MA,ANE,EN,Federal Contract Tower,6,3,3,1,13,0,0,1,0,1,6,3,4,1,14,0,0,0,14
04/02/2022,ORH,MA,ANE,EN,Federal Contract Tower,5,7,4,0,16,0,0,15,0,15,5,7,19,0,31,16,0,16,47
04/03/2022,ORH,MA,ANE,EN,Federal Contract Tower,1,6,10,0,17,0,8,18,0,26,1,14,28,0,43,56,0,56,99
04/04/2022,ORH,MA,ANE,EN,Federal Contract Tower,7,5,4,4,20,0,0,10,0,10,7,5,14,4,30,16,30,46,76
04/05/2022,ORH,MA,ANE,EN,Federal Contract Tower,6,6,19,2,33,0,0,41,0,41,6,6,60,2,74,58,0,58,132
04/06/2022,ORH,MA,ANE,EN,Federal Contract Tower,4,12,13,8,37,0,0,0,0,0,4,12,13,8,37,0,0,0,37
04/07/2022,ORH,MA,ANE,EN,Federal Contract Tower,3,9,7,0,19,0,0,0,2,2,3,9,7,2,21,0,0,0,21
04/08/2022,ORH,MA,ANE,EN,Federal Contract Tower,3,9,7,0,19,0,4,11,0,15,3,13,18,0,34,4,0,4,38
04/09/2022,ORH,MA,ANE,EN,Federal Contract Tower,6,8,3,0,17,0,0,8,0,8,6,8,11,0,25,8,0,8,33
04/10/2022,ORH,MA,ANE,EN,Federal Contract Tower,6,2,13,2,23,0,0,15,0,15,6,2,28,2,38,6,0,6,44
04/11/2022,ORH,MA,ANE,EN,Federal Contract Tower,10,1,18,0,29,0,0,35,0,35,10,1,53,0,64,24,0,24,88
04/12/2022,ORH,MA,ANE,EN,Federal Contract Tower,9,6,12,0,27,0,0,39,4,43,9,6,51,4,70,16,0,16,86
04/13/2022,ORH,MA,ANE,EN,Federal Contract Tower,7,11,8,1,27,0,2,41,1,44,7,13,49,2,71,38,2,40,111
04/14/2022,ORH,MA,ANE,EN,Federal Contract Tower,4,11,10,0,25,0,0,0,0,0,4,11,10,0,25,0,0,0,25
04/15/2022,ORH,MA,ANE,EN,Federal Contract Tower,3,12,8,0,23,0,0,28,0,28,3,12,36,0,51,6,0,6,57
04/16/2022,ORH,MA,ANE,EN,Federal Contract Tower,8,4,3,0,15,0,2,5,0,7,8,6,8,0,22,4,0,4,26
04/17/2022,ORH,MA,ANE,EN,Federal Contract Tower,3,6,5,0,14,0,0,3,0,3,3,6,8,0,17,0,0,0,17
04/18/2022,ORH,MA,ANE,EN,Federal Contract Tower,2,9,14,0,25,0,0,16,0,16,2,9,30,0,41,6,0,6,47
04/19/2022,ORH,MA,ANE,EN,Federal Contract Tower,5,12,6,0,23,0,0,0,0,0,5,12,6,0,23,0,0,0,23
04/20/2022,ORH,MA,ANE,EN,Federal Contract Tower,3,11,1,2,17,0,1,9,6,16,3,12,10,8,33,6,8,14,47
04/21/2022,ORH,MA,ANE,EN,Federal Contract Tower,6,12,3,0,21,0,2,24,0,26,6,14,27,0,47,22,0,22,69
04/22/2022,ORH,MA,ANE,EN,Federal Contract Tower,5,6,2,0,13,0,0,22,0,22,5,6,24,0,35,8,0,8,43
04/23/2022,ORH,MA,ANE,EN,Federal Contract Tower,4,14,1,1,20,0,4,52,5,61,4,18,53,6,81,20,18,38,119
04/24/2022,ORH,MA,ANE,EN,Federal Contract Tower,5,10,7,0,22,0,0,21,0,21,5,10,28,0,43,30,0,30,73
04/25/2022,ORH,MA,ANE,EN,Federal Contract Tower,3,6,25,0,34,0,5,42,2,49,3,11,67,2,83,32,0,32,115
04/26/2022,ORH,MA,ANE,EN,Federal Contract Tower,6,7,16,2,31,0,0,1,0,1,6,7,17,2,32,0,0,0,32
04/27/2022,ORH,MA,ANE,EN,Federal Contract Tower,6,12,3,0,21,0,0,6,6,12,6,12,9,6,33,24,6,30,63
04/28/2022,ORH,MA,ANE,EN,Federal Contract Tower,10,4,5,5,24,0,0,2,4,6,10,4,7,9,30,0,2,2,32
04/29/2022,ORH,MA,ANE,EN,Federal Contract Tower,6,8,10,0,24,0,0,5,0,5,6,8,15,0,29,8,0,8,37
04/30/2022,ORH,MA,ANE,EN,Federal Contract Tower,6,15,19,0,40,0,0,81,0,81,6,15,100,0,121,38,0,38,159
05/01/2022,ORH,MA,ANE,EN,Federal Contract Tower,7,9,2,0,18,0,0,41,0,41,7,9,43,0,59,44,0,44,103
05/02/2022,ORH,MA,ANE,EN,Federal Contract Tower,6,6,9,0,21,0,0,5,0,5,6,6,14,0,26,48,0,48,74
05/03/2022,ORH,MA,ANE,EN,Federal Contract Tower,6,11,17,2,36,0,0,0,0,0,6,11,17,2,36,0,0,0,36
05/04/2022,ORH,MA,ANE,EN,Federal Contract Tower,6,9,6,6,27,0,0,0,0,0,6,9,6,6,27,10,0,10,37
05/05/2022,ORH,MA,ANE,EN,Federal Contract Tower,5,15,4,0,24,0,1,63,0,64,5,16,67,0,88,66,0,66,154
05/06/2022,ORH,MA,ANE,EN,Federal Contract Tower,6,9,4,0,19,0,0,39,0,39,6,9,43,0,58,24,0,24,82
05/07/2022,ORH,MA,ANE,EN,Federal Contract Tower,4,18,4,0,26,0,0,8,0,8,4,18,12,0,34,0,0,0,34
05/08/2022,ORH,MA,ANE,EN,Federal Contract Tower,6,13,5,0,24,0,0,4,0,4,6,13,9,0,28,0,0,0,28
05/09/2022,ORH,MA,ANE,EN,Federal Contract Tower,7,2,8,0,17,0,0,3,0,3,7,2,11,0,20,0,0,0,20
05/10/2022,ORH,MA,ANE,EN,Federal Contract Tower,8,6,9,2,25,0,1,14,4,19,8,7,23,6,44,12,14,26,70
05/11/2022,ORH,MA,ANE,EN,Federal Contract Tower,10,5,9,0,24,0,1,14,4,19,10,6,23,4,43,18,0,18,61
05/12/2022,ORH,MA,ANE,EN,Federal Contract Tower,5,9,18,0,32,0,1,22,0,23,5,10,40,0,55,24,0,24,79
05/13/2022,ORH,MA,ANE,EN,Federal Contract Tower,5,7,11,0,23,0,0,28,0,28,5,7,39,0,51,16,0,16,67
05/14/2022,ORH,MA,ANE,EN,Federal Contract Tower,7,4,10,0,21,0,0,38,0,38,7,4,48,0,59,20,0,20,79
05/15/2022,ORH,MA,ANE,EN,Federal Contract Tower,6,6,15,0,27,0,1,4,0,5,6,7,19,0,32,6,0,6,38
05/16/2022,ORH,MA,ANE,EN,Federal Contract Tower,11,0,5,0,16,0,2,19,2,23,11,2,24,2,39,16,0,16,55
05/17/2022,ORH,MA,ANE,EN,Federal Contract Tower,3,5,5,0,13,0,0,11,0,11,3,5,16,0,24,0,0,0,24
05/18/2022,ORH,MA,ANE,EN,Federal Contract Tower,7,4,3,0,14,0,2,27,6,35,7,6,30,6,49,58,10,68,117
05/19/2022,ORH,MA,ANE,EN,Federal Contract Tower,5,7,6,0,18,0,1,2,0,3,5,8,8,0,21,2,0,2,23
05/20/2022,ORH,MA,ANE,EN,Federal Contract Tower,4,7,5,0,16,0,0,33,0,33,4,7,38,0,49,16,0,16,65
05/21/2022,ORH,MA,ANE,EN,Federal Contract Tower,7,2,14,0,23,0,2,26,0,28,7,4,40,0,51,8,0,8,59
05/22/2022,ORH,MA,ANE,EN,Federal Contract Tower,6,3,3,0,12,0,0,22,0,22,6,3,25,0,34,6,0,6,40
05/23/2022,ORH,MA,ANE,EN,Federal Contract Tower,8,4,6,0,18,0,0,23,0,23,8,4,29,0,41,24,0,24,65
05/24/2022,ORH,MA,ANE,EN,Federal Contract Tower,8,6,4,0,18,0,0,27,0,27,8,6,31,0,45,54,0,54,99
05/25/2022,ORH,MA,ANE,EN,Federal Contract Tower,7,5,10,0,22,0,2,38,8,48,7,7,48,8,70,44,18,62,132
05/26/2022,ORH,MA,ANE,EN,Federal Contract Tower,7,7,11,0,25,0,3,26,0,29,7,10,37,0,54,22,0,22,76
05/27/2022,ORH,MA,ANE,EN,Federal Contract Tower,5,5,7,0,17,0,0,2,0,2,5,5,9,0,19,4,0,4,23
05/28/2022,ORH,MA,ANE,EN,Federal Contract Tower,6,5,38,0,49,0,0,0,0,0,6,5,38,0,49,8,0,8,57
05/29/2022,ORH,MA,ANE,EN,Federal Contract Tower,10,2,6,0,18,0,1,47,0,48,10,3,53,0,66,68,0,68,134
05/30/2022,ORH,MA,ANE,EN,Federal Contract Tower,4,7,5,0,16,0,0,23,0,23,4,7,28,0,39,14,0,14,53
05/31/2022,ORH,MA,ANE,EN,Federal Contract Tower,7,4,3,0,14,0,0,25,1,26,7,4,28,1,40,38,12,50,90
06/01/2022,ORH,MA,ANE,EN,Federal Contract Tower,10,6,5,0,21,0,0,18,0,18,10,6,23,0,39,2,0,2,41
06/02/2022,ORH,MA,ANE,EN,Federal Contract Tower,6,8,14,0,28,0,0,5,0,5,6,8,19,0,33,18,0,18,51
06/03/2022,ORH,MA,ANE,EN,Federal Contract Tower,5,8,9,0,22,0,0,0,0,0,5,8,9,0,22,2,0,2,24
06/04/2022,ORH,MA,ANE,EN,Federal Contract Tower,3,3,11,0,17,0,0,39,0,39,3,3,50,0,56,14,0,14,70
06/05/2022,ORH,MA,ANE,EN,Federal Contract Tower,9,1,3,0,13,0,0,73,0,73,9,1,76,0,86,28,0,28,114
06/06/2022,ORH,MA,ANE,EN,Federal Contract Tower,11,2,2,0,15,0,0,38,1,39,11,2,40,1,54,42,4,46,100
06/07/2022,ORH,MA,ANE,EN,Federal Contract Tower,5,8,1,0,14,0,2,36,2,40,5,10,37,2,54,16,0,16,70
06/08/2022,ORH,MA,ANE,EN,Federal Contract Tower,9,5,3,2,19,0,0,21,0,21,9,5,24,2,40,18,0,18,58
06/09/2022,ORH,MA,ANE,EN,Federal Contract Tower,5,8,11,2,26,0,1,11,0,12,5,9,22,2,38,0,0,0,38
06/10/2022,ORH,MA,ANE,EN,Federal Contract Tower,5,7,10,0,22,0,2,19,0,21,5,9,29,0,43,2,0,2,45
06/11/2022,ORH,MA,ANE,EN,Federal Contract Tower,6,4,9,0,19,0,0,61,2,63,6,4,70,2,82,38,2,40,122
06/12/2022,ORH,MA,ANE,EN,Federal Contract Tower,5,4,8,0,17,0,2,22,0,24,5,6,30,0,41,6,0,6,47
06/13/2022,ORH,MA,ANE,EN,Federal Contract Tower,11,1,11,0,23,0,0,21,1,22,11,1,32,1,45,4,0,4,49
06/14/2022,ORH,MA,ANE,EN,Federal Contract Tower,7,9,8,0,24,0,0,35,10,45,7,9,43,10,69,50,0,50,119
06/15/2022,ORH,MA,ANE,EN,Federal Contract Tower,7,1,4,0,12,0,1,37,2,40,7,2,41,2,52,4,18,22,74
06/16/2022,ORH,MA,ANE,EN,Federal Contract Tower,4,2,8,0,14,0,0,14,2,16,4,2,22,2,30,0,22,22,52
06/17/2022,ORH,MA,ANE,EN,Federal Contract Tower,6,3,6,0,15,0,0,5,0,5,6,3,11,0,20,0,0,0,20
06/18/2022,ORH,MA,ANE,EN,Federal Contract Tower,6,6,6,0,18,0,0,20,0,20,6,6,26,0,38,2,0,2,40
06/19/2022,ORH,MA,ANE,EN,Federal Contract Tower,9,2,5,0,16,0,0,16,0,16,9,2,21,0,32,12,0,12,44
06/20/2022,ORH,MA,ANE,EN,Federal Contract Tower,9,2,10,0,21,0,0,32,0,32,9,2,42,0,53,40,0,40,93
06/21/2022,ORH,MA,ANE,EN,Federal Contract Tower,5,4,5,0,14,0,1,34,0,35,5,5,39,0,49,36,0,36,85
06/22/2022,ORH,MA,ANE,EN,Federal Contract Tower,7,1,11,4,23,0,0,8,0,8,7,1,19,4,31,4,0,4,35
06/23/2022,ORH,MA,ANE,EN,Federal Contract Tower,7,9,11,0,27,0,0,17,8,25,7,9,28,8,52,6,0,6,58
06/24/2022,ORH,MA,ANE,EN,Federal Contract Tower,5,11,8,2,26,0,0,27,4,31,5,11,35,6,57,42,4,46,103
06/25/2022,ORH,MA,ANE,EN,Federal Contract Tower,6,2,7,0,15,0,2,53,0,55,6,4,60,0,70,52,0,52,122
06/26/2022,ORH,MA,ANE,EN,Federal Contract Tower,7,6,4,0,17,0,0,44,0,44,7,6,48,0,61,14,0,14,75
06/27/2022,ORH,MA,ANE,EN,Federal Contract Tower,10,3,13,0,26,0,0,1,0,1,10,3,14,0,27,0,0,0,27
06/28/2022,ORH,MA,ANE,EN,Federal Contract Tower,6,9,10,4,29,0,0,37,0,37,6,9,47,4,66,50,0,50,116
06/29/2022,ORH,MA,ANE,EN,Federal Contract Tower,7,5,9,0,21,0,0,32,4,36,7,5,41,4,57,42,18,60,117
06/30/2022,ORH,MA,ANE,EN,Federal Contract Tower,5,5,10,0,20,0,4,52,0,56,5,9,62,0,76,26,0,26,102
07/01/2022,ORH,MA,ANE,EN,Federal Contract Tower,5,4,6,0,15,0,0,17,0,17,5,4,23,0,32,10,0,10,42
07/02/2022,ORH,MA,ANE,EN,Federal Contract Tower,3,3,5,0,11,0,0,0,0,0,3,3,5,0,11,10,0,10,21
07/03/2022,ORH,MA,ANE,EN,Federal Contract Tower,6,4,6,0,16,0,0,26,0,26,6,4,32,0,42,4,0,4,46
07/04/2022,ORH,MA,ANE,EN,Federal Contract Tower,9,3,6,0,18,0,3,20,0,23,9,6,26,0,41,6,0,6,47
07/05/2022,ORH,MA,ANE,EN,Federal Contract Tower,6,7,7,0,20,0,0,9,0,9,6,7,16,0,29,0,0,0,29
07/06/2022,ORH,MA,ANE,EN,Federal Contract Tower,6,7,7,2,22,0,21,2,0,23,6,28,9,2,45,0,0,0,45
07/07/2022,ORH,MA,ANE,EN,Federal Contract Tower,8,7,12,0,27,0,6,37,2,45,8,13,49,2,72,38,0,38,110
07/08/2022,ORH,MA,ANE,EN,Federal Contract Tower,5,13,5,0,23,0,2,32,0,34,5,15,37,0,57,32,0,32,89
07/09/2022,ORH,MA,ANE,EN,Federal Contract Tower,6,4,2,0,12,0,0,63,0,63,6,4,65,0,75,32,0,32,107
07/10/2022,ORH,MA,ANE,EN,Federal Contract Tower,8,4,9,0,21,0,1,47,0,48,8,5,56,0,69,38,0,38,107
07/11/2022,ORH,MA,ANE,EN,Federal Contract Tower,13,4,2,0,19,0,0,16,0,16,13,4,18,0,35,18,0,18,53
07/12/2022,ORH,MA,ANE,EN,Federal Contract Tower,6,7,3,4,20,0,0,2,2,4,6,7,5,6,24,4,0,4,28
07/13/2022,ORH,MA,ANE,EN,Federal Contract Tower,5,10,11,0,26,0,1,34,0,35,5,11,45,0,61,66,0,66,127
07/14/2022,ORH,MA,ANE,EN,Federal Contract Tower,6,7,9,0,22,0,0,7,4,11,6,7,16,4,33,4,0,4,37
07/15/2022,ORH,MA,ANE,EN,Federal Contract Tower,6,4,5,0,15,0,0,63,0,63,6,4,68,0,78,32,0,32,110
07/16/2022,ORH,MA,ANE,EN,Federal Contract Tower,7,4,3,0,14,0,0,51,0,51,7,4,54,0,65,8,0,8,73
07/17/2022,ORH,MA,ANE,EN,Federal Contract Tower,8,6,10,0,24,0,0,23,0,23,8,6,33,0,47,4,0,4,51
07/18/2022,ORH,MA,ANE,EN,Federal Contract Tower,7,2,3,0,12,0,0,0,0,0,7,2,3,0,12,0,0,0,12
07/19/2022,ORH,MA,ANE,EN,Federal Contract Tower,5,5,0,2,12,0,7,4,0,11,5,12,4,2,23,30,64,94,117
07/20/2022,ORH,MA,ANE,EN,Federal Contract Tower,6,5,12,0,23,0,0,23,2,25,6,5,35,2,48,14,6,20,68
07/21/2022,ORH,MA,ANE,EN,Federal Contract Tower,5,5,6,0,16,0,0,18,0,18,5,5,24,0,34,2,0,2,36
07/22/2022,ORH,MA,ANE,EN,Federal Contract Tower,5,7,2,0,14,0,0,40,0,40,5,7,42,0,54,12,0,12,66
07/23/2022,ORH,MA,ANE,EN,Federal Contract Tower,5,6,4,0,15,0,0,30,0,30,5,6,34,0,45,14,0,14,59
07/24/2022,ORH,MA,ANE,EN,Federal Contract Tower,9,4,7,0,20,0,0,17,0,17,9,4,24,0,37,8,0,8,45
07/25/2022,ORH,MA,ANE,EN,Federal Contract Tower,7,5,5,0,17,0,0,1,0,1,7,5,6,0,18,0,0,0,18
07/26/2022,ORH,MA,ANE,EN,Federal Contract Tower,5,7,4,2,18,0,0,25,2,27,5,7,29,4,45,40,0,40,85
07/27/2022,ORH,MA,ANE,EN,Federal Contract Tower,6,5,3,0,14,0,1,33,0,34,6,6,36,0,48,32,0,32,80
07/28/2022,ORH,MA,ANE,EN,Federal Contract Tower,6,5,6,2,19,0,2,3,0,5,6,7,9,2,24,4,0,4,28
07/29/2022,ORH,MA,ANE,EN,Federal Contract Tower,6,8,3,0,17,0,0,38,0,38,6,8,41,0,55,30,0,30,85
07/30/2022,ORH,MA,ANE,EN,Federal Contract Tower,8,2,13,0,23,0,0,23,0,23,8,2,36,0,46,18,0,18,64
07/31/2022,ORH,MA,ANE,EN,Federal Contract Tower,8,5,8,0,21,0,1,41,0,42,8,6,49,0,63,30,0,30,93
08/01/2022,ORH,MA,ANE,EN,Federal Contract Tower,11,0,20,0,31,0,5,11,0,16,11,5,31,0,47,14,0,14,61
08/02/2022,ORH,MA,ANE,EN,Federal Contract Tower,6,4,6,0,16,0,0,12,2,14,6,4,18,2,30,50,0,50,80
08/03/2022,ORH,MA,ANE,EN,Federal Contract Tower,6,10,15,0,31,0,3,28,0,31,6,13,43,0,62,74,0,74,136
08/04/2022,ORH,MA,ANE,EN,Federal Contract Tower,5,4,15,0,24,0,3,28,0,31,5,7,43,0,55,20,0,20,75
08/05/2022,ORH,MA,ANE,EN,Federal Contract Tower,6,2,7,0,15,0,2,23,0,25,6,4,30,0,40,14,0,14,54
08/06/2022,ORH,MA,ANE,EN,Federal Contract Tower,6,2,1,0,9,0,0,36,0,36,6,2,37,0,45,8,0,8,53
08/07/2022,ORH,MA,ANE,EN,Federal Contract Tower,8,0,7,0,15,0,2,23,0,25,8,2,30,0,40,12,0,12,52
08/08/2022,ORH,MA,ANE,EN,Federal Contract Tower,9,5,6,0,20,0,4,22,0,26,9,9,28,0,46,28,0,28,74
08/09/2022,ORH,MA,ANE,EN,Federal Contract Tower,5,10,2,0,17,0,0,5,2,7,5,10,7,2,24,0,0,0,24
08/10/2022,ORH,MA,ANE,EN,Federal Contract Tower,7,9,5,2,23,0,2,9,4,15,7,11,14,6,38,4,12,16,54
08/11/2022,ORH,MA,ANE,EN,Federal Contract Tower,5,7,5,0,17,0,2,43,0,45,5,9,48,0,62,50,0,50,112
08/12/2022,ORH,MA,ANE,EN,Federal Contract Tower,5,7,9,0,21,0,0,41,0,41,5,7,50,0,62,38,0,38,100
08/13/2022,ORH,MA,ANE,EN,Federal Contract Tower,5,7,11,0,23,0,0,37,0,37,5,7,48,0,60,24,0,24,84
08/14/2022,ORH,MA,ANE,EN,Federal Contract Tower,6,4,5,0,15,0,0,37,0,37,6,4,42,0,52,8,0,8,60
08/15/2022,ORH,MA,ANE,EN,Federal Contract Tower,12,3,7,0,22,0,2,43,0,45,12,5,50,0,67,40,0,40,107
08/16/2022,ORH,MA,ANE,EN,Federal Contract Tower,6,7,4,2,19,0,0,18,0,18,6,7,22,2,37,12,0,12,49
08/17/2022,ORH,MA,ANE,EN,Federal Contract Tower,5,7,4,0,16,0,2,11,4,17,5,9,15,4,33,20,2,22,55
08/18/2022,ORH,MA,ANE,EN,Federal Contract Tower,7,15,7,0,29,0,1,19,4,24,7,16,26,4,53,24,0,24,77
08/19/2022,ORH,MA,ANE,EN,Federal Contract Tower,5,8,8,0,21,0,2,42,0,44,5,10,50,0,65,16,0,16,81
08/20/2022,ORH,MA,ANE,EN,Federal Contract Tower,6,4,9,0,19,0,0,47,0,47,6,4,56,0,66,34,0,34,100
08/21/2022,ORH,MA,ANE,EN,Federal Contract Tower,8,11,7,0,26,0,4,38,0,42,8,15,45,0,68,8,0,8,76
08/22/2022,ORH,MA,ANE,EN,Federal Contract Tower,7,1,2,0,10,0,0,0,0,0,7,1,2,0,10,0,0,0,10
08/23/2022,ORH,MA,ANE,EN,Federal Contract Tower,8,7,3,0,18,0,0,0,0,0,8,7,3,0,18,0,0,0,18
08/24/2022,ORH,MA,ANE,EN,Federal Contract Tower,10,5,12,0,27,0,2,22,4,28,10,7,34,4,55,64,0,64,119
08/25/2022,ORH,MA,ANE,EN,Federal Contract Tower,6,12,10,0,28,1,5,20,0,26,7,17,30,0,54,14,0,14,68
08/26/2022,ORH,MA,ANE,EN,Federal Contract Tower,6,5,2,0,13,0,0,9,0,9,6,5,11,0,22,18,0,18,40
08/27/2022,ORH,MA,ANE,EN,Federal Contract Tower,8,1,12,0,21,0,3,33,0,36,8,4,45,0,57,14,0,14,71
08/28/2022,ORH,MA,ANE,EN,Federal Contract Tower,8,7,22,0,37,0,0,19,0,19,8,7,41,0,56,2,0,2,58
08/29/2022,ORH,MA,ANE,EN,Federal Contract Tower,10,3,8,0,21,0,2,11,0,13,10,5,19,0,34,20,0,20,54
08/30/2022,ORH,MA,ANE,EN,Federal Contract Tower,6,22,5,0,33,0,0,13,1,14,6,22,18,1,47,12,0,12,59
08/31/2022,ORH,MA,ANE,EN,Federal Contract Tower,9,8,7,0,24,0,0,13,2,15,9,8,20,2,39,2,0,2,41
09/01/2022,ORH,MA,ANE,EN,Federal Contract Tower,5,8,3,0,16,0,0,12,4,16,5,8,15,4,32,18,0,18,50
09/02/2022,ORH,MA,ANE,EN,Federal Contract Tower,6,5,4,0,15,0,0,29,0,29,6,5,33,0,44,50,0,50,94
09/03/2022,ORH,MA,ANE,EN,Federal Contract Tower,6,6,7,0,19,0,2,44,0,46,6,8,51,0,65,48,0,48,113
09/04/2022,ORH,MA,ANE,EN,Federal Contract Tower,6,26,6,0,38,0,0,17,0,17,6,26,23,0,55,58,0,58,113
09/05/2022,ORH,MA,ANE,EN,Federal Contract Tower,8,0,15,0,23,0,0,0,0,0,8,0,15,0,23,0,0,0,23
09/06/2022,ORH,MA,ANE,EN,Federal Contract Tower,5,8,8,0,21,0,0,0,0,0,5,8,8,0,21,0,0,0,21
09/07/2022,ORH,MA,ANE,EN,Federal Contract Tower,4,7,15,0,26,0,2,4,2,8,4,9,19,2,34,0,10,10,44
09/08/2022,ORH,MA,ANE,EN,Federal Contract Tower,8,8,9,0,25,0,4,22,0,26,8,12,31,0,51,54,0,54,105
09/09/2022,ORH,MA,ANE,EN,Federal Contract Tower,5,10,11,0,26,0,4,35,0,39,5,14,46,0,65,54,0,54,119
09/10/2022,ORH,MA,ANE,EN,Federal Contract Tower,10,6,12,0,28,0,0,44,4,48,10,6,56,4,76,20,4,24,100
09/11/2022,ORH,MA,ANE,EN,Federal Contract Tower,9,12,12,0,33,0,0,41,0,41,9,12,53,0,74,24,0,24,98
09/12/2022,ORH,MA,ANE,EN,Federal Contract Tower,9,5,9,0,23,0,0,5,0,5,9,5,14,0,28,0,0,0,28
09/13/2022,ORH,MA,ANE,EN,Federal Contract Tower,6,10,10,0,26,0,0,1,0,1,6,10,11,0,27,0,0,0,27
09/14/2022,ORH,MA,ANE,EN,Federal Contract Tower,6,13,11,0,30,0,0,8,6,14,6,13,19,6,44,6,0,6,50
09/15/2022,ORH,MA,ANE,EN,Federal Contract Tower,5,9,8,0,22,0,3,21,6,30,5,12,29,6,52,6,16,22,74
09/16/2022,ORH,MA,ANE,EN,Federal Contract Tower,6,4,8,0,18,0,0,36,0,36,6,4,44,0,54,64,0,64,118
09/17/2022,ORH,MA,ANE,EN,Federal Contract Tower,7,6,6,0,19,0,1,28,0,29,7,7,34,0,48,14,2,16,64
09/18/2022,ORH,MA,ANE,EN,Federal Contract Tower,7,9,7,0,23,0,6,31,0,37,7,15,38,0,60,10,0,10,70
09/19/2022,ORH,MA,ANE,EN,Federal Contract Tower,10,2,11,0,23,0,0,0,0,0,10,2,11,0,23,0,0,0,23
09/20/2022,ORH,MA,ANE,EN,Federal Contract Tower,4,9,22,2,37,0,0,1,0,1,4,9,23,2,38,0,0,0,38
09/21/2022,ORH,MA,ANE,EN,Federal Contract Tower,6,10,17,1,34,0,1,9,0,10,6,11,26,1,44,0,34,34,78
09/22/2022,ORH,MA,ANE,EN,Federal Contract Tower,5,8,7,0,20,0,0,2,0,2,5,8,9,0,22,0,0,0,22
09/23/2022,ORH,MA,ANE,EN,Federal Contract Tower,5,8,9,0,22,0,1,7,0,8,5,9,16,0,30,8,0,8,38
09/24/2022,ORH,MA,ANE,EN,Federal Contract Tower,5,10,4,0,19,0,0,10,0,10,5,10,14,0,29,0,0,0,29
09/25/2022,ORH,MA,ANE,EN,Federal Contract Tower,5,10,8,0,23,0,1,37,0,38,5,11,45,0,61,8,0,8,69
09/26/2022,ORH,MA,ANE,EN,Federal Contract Tower,8,3,17,2,30,0,0,8,0,8,8,3,25,2,38,0,0,0,38
09/27/2022,ORH,MA,ANE,EN,Federal Contract Tower,7,15,5,0,27,0,2,13,0,15,7,17,18,0,42,42,0,42,84
09/28/2022,ORH,MA,ANE,EN,Federal Contract Tower,3,7,4,0,14,0,0,24,0,24,3,7,28,0,38,40,0,40,78
09/29/2022,ORH,MA,ANE,EN,Federal Contract Tower,7,5,7,0,19,0,2,27,2,31,7,7,34,2,50,0,2,2,52
09/30/2022,ORH,MA,ANE,EN,Federal Contract Tower,7,7,10,0,24,0,0,34,2,36,7,7,44,2,60,64,0,64,124
10/01/2022,ORH,MA,ANE,EN,Federal Contract Tower,5,2,11,0,18,0,0,9,0,9,5,2,20,0,27,0,0,0,27
10/02/2022,ORH,MA,ANE,EN,Federal Contract Tower,8,4,2,0,14,0,0,0,0,0,8,4,2,0,14,0,0,0,14
10/03/2022,ORH,MA,ANE,EN,Federal Contract Tower,8,4,6,1,19,0,0,6,0,6,8,4,12,1,25,4,0,4,29
10/04/2022,ORH,MA,ANE,EN,Federal Contract Tower,12,6,5,0,23,0,8,2,0,10,12,14,7,0,33,2,0,2,35
10/05/2022,ORH,MA,ANE,EN,Federal Contract Tower,5,8,6,0,19,0,0,0,0,0,5,8,6,0,19,0,0,0,19
10/06/2022,ORH,MA,ANE,EN,Federal Contract Tower,8,10,12,1,31,0,0,49,0,49,8,10,61,1,80,56,0,56,136
10/07/2022,ORH,MA,ANE,EN,Federal Contract Tower,7,14,8,0,29,0,1,41,0,42,7,15,49,0,71,14,0,14,85
10/08/2022,ORH,MA,ANE,EN,Federal Contract Tower,6,10,5,0,21,0,1,51,0,52,6,11,56,0,73,52,0,52,125
10/09/2022,ORH,MA,ANE,EN,Federal Contract Tower,8,8,1,0,17,0,4,17,0,21,8,12,18,0,38,30,0,30,68
10/10/2022,ORH,MA,ANE,EN,Federal Contract Tower,10,9,18,0,37,0,0,17,0,17,10,9,35,0,54,14,0,14,68
10/11/2022,ORH,MA,ANE,EN,Federal Contract Tower,8,7,8,2,25,0,2,47,1,50,8,9,55,3,75,50,4,54,129
10/12/2022,ORH,MA,ANE,EN,Federal Contract Tower,5,5,8,0,18,0,0,42,2,44,5,5,50,2,62,6,0,6,68
10/13/2022,ORH,MA,ANE,EN,Federal Contract Tower,8,4,9,0,21,0,0,2,0,2,8,4,11,0,23,1,0,1,24
10/14/2022,ORH,MA,ANE,EN,Federal Contract Tower,5,16,11,0,32,0,2,2,0,4,5,18,13,0,36,6,0,6,42
10/15/2022,ORH,MA,ANE,EN,Federal Contract Tower,6,5,1,0,12,0,3,40,0,43,6,8,41,0,55,26,0,26,81
10/16/2022,ORH,MA,ANE,EN,Federal Contract Tower,9,7,12,0,28,0,1,30,0,31,9,8,42,0,59,22,0,22,81
10/17/2022,ORH,MA,ANE,EN,Federal Contract Tower,7,2,10,0,19,0,0,6,0,6,7,2,16,0,25,8,0,8,33
10/18/2022,ORH,MA,ANE,EN,Federal Contract Tower,10,3,8,0,21,0,0,3,0,3,10,3,11,0,24,22,2,24,48
10/19/2022,ORH,MA,ANE,EN,Federal Contract Tower,7,9,6,0,22,0,2,38,7,47,7,11,44,7,69,16,14,30,99
10/20/2022,ORH,MA,ANE,EN,Federal Contract Tower,6,17,2,0,25,0,1,10,0,11,6,18,12,0,36,4,0,4,40
10/21/2022,ORH,MA,ANE,EN,Federal Contract Tower,6,9,3,0,18,0,0,41,0,41,6,9,44,0,59,38,0,38,97
10/22/2022,ORH,MA,ANE,EN,Federal Contract Tower,8,12,8,0,28,0,0,57,0,57,8,12,65,0,85,60,0,60,145
10/23/2022,ORH,MA,ANE,EN,Federal Contract Tower,6,12,3,0,21,0,0,16,0,16,6,12,19,0,37,22,0,22,59
10/24/2022,ORH,MA,ANE,EN,Federal Contract Tower,10,4,1,0,15,0,0,0,0,0,10,4,1,0,15,0,0,0,15
10/26/2022,ORH,MA,ANE,EN,Federal Contract Tower,4,2,3,0,9,0,0,0,0,0,4,2,3,0,9,0,0,0,9
10/27/2022,ORH,MA,ANE,EN,Federal Contract Tower,7,9,8,0,24,0,0,27,0,27,7,9,35,0,51,14,0,14,65
10/28/2022,ORH,MA,ANE,EN,Federal Contract Tower,7,10,12,0,29,0,2,42,0,44,7,12,54,0,73,12,0,12,85
10/29/2022,ORH,MA,ANE,EN,Federal Contract Tower,6,8,5,0,19,0,3,38,0,41,6,11,43,0,60,32,0,32,92
10/30/2022,ORH,MA,ANE,EN,Federal Contract Tower,6,12,12,0,30,0,0,41,0,41,6,12,53,0,71,46,0,46,117
10/31/2022,ORH,MA,ANE,EN,Federal Contract Tower,9,2,8,0,19,0,0,8,0,8,9,2,16,0,27,0,0,0,27
11/01/2022,ORH,MA,ANE,EN,Federal Contract Tower,7,5,6,4,22,0,0,1,0,1,7,5,7,4,23,0,0,0,23
11/02/2022,ORH,MA,ANE,EN,Federal Contract Tower,7,12,9,0,28,0,0,54,0,54,7,12,63,0,82,0,0,0,82
11/03/2022,ORH,MA,ANE,EN,Federal Contract Tower,7,4,4,3,18,0,6,46,3,55,7,10,50,6,73,62,20,82,155
11/04/2022,ORH,MA,ANE,EN,Federal Contract Tower,9,7,5,2,23,0,4,11,2,17,9,11,16,4,40,6,2,8,48
11/05/2022,ORH,MA,ANE,EN,Federal Contract Tower,4,9,11,0,24,0,0,3,2,5,4,9,14,2,29,0,0,0,29
11/06/2022,ORH,MA,ANE,EN,Federal Contract Tower,9,11,3,0,23,0,0,18,0,18,9,11,21,0,41,12,0,12,53
11/07/2022,ORH,MA,ANE,EN,Federal Contract Tower,8,1,7,0,16,0,0,3,0,3,8,1,10,0,19,0,0,0,19
11/08/2022,ORH,MA,ANE,EN,Federal Contract Tower,7,4,6,0,17,0,0,16,0,16,7,4,22,0,33,28,0,28,61
11/09/2022,ORH,MA,ANE,EN,Federal Contract Tower,8,8,26,0,42,0,0,46,2,48,8,8,72,2,90,28,6,34,124
11/10/2022,ORH,MA,ANE,EN,Federal Contract Tower,7,7,6,0,20,0,0,21,0,21,7,7,27,0,41,4,0,4,45
11/11/2022,ORH,MA,ANE,EN,Federal Contract Tower,5,9,4,0,18,0,6,0,0,6,5,15,4,0,24,0,0,0,24
11/12/2022,ORH,MA,ANE,EN,Federal Contract Tower,6,13,1,0,20,0,0,2,0,2,6,13,3,0,22,0,0,0,22
11/13/2022,ORH,MA,ANE,EN,Federal Contract Tower,6,11,8,4,29,0,1,0,0,1,6,12,8,4,30,0,0,0,30
11/14/2022,ORH,MA,ANE,EN,Federal Contract Tower,11,10,18,2,41,0,1,32,0,33,11,11,50,2,74,18,0,18,92
11/15/2022,ORH,MA,ANE,EN,Federal Contract Tower,7,7,17,0,31,0,6,32,2,40,7,13,49,2,71,28,0,28,99
11/16/2022,ORH,MA,ANE,EN,Federal Contract Tower,9,17,3,0,29,0,0,1,0,1,9,17,4,0,30,0,0,0,30
11/17/2022,ORH,MA,ANE,EN,Federal Contract Tower,6,8,8,0,22,0,1,3,2,6,6,9,11,2,28,0,0,0,28
11/18/2022,ORH,MA,ANE,EN,Federal Contract Tower,5,7,8,0,20,0,0,30,1,31,5,7,38,1,51,28,0,28,79
11/19/2022,ORH,MA,ANE,EN,Federal Contract Tower,7,8,6,0,21,0,0,38,0,38,7,8,44,0,59,68,0,68,127
11/20/2022,ORH,MA,ANE,EN,Federal Contract Tower,7,11,1,0,19,0,0,4,0,4,7,11,5,0,23,0,0,0,23
11/21/2022,ORH,MA,ANE,EN,Federal Contract Tower,8,15,2,0,25,0,0,28,0,28,8,15,30,0,53,10,0,10,63
11/22/2022,ORH,MA,ANE,EN,Federal Contract Tower,8,14,4,2,28,0,1,39,2,42,8,15,43,4,70,30,0,30,100
11/23/2022,ORH,MA,ANE,EN,Federal Contract Tower,10,6,12,0,28,0,0,41,0,41,10,6,53,0,69,58,0,58,127
11/24/2022,ORH,MA,ANE,EN,Federal Contract Tower,3,4,7,0,14,0,1,15,0,16,3,5,22,0,30,2,0,2,32
11/25/2022,ORH,MA,ANE,EN,Federal Contract Tower,5,6,4,0,15,0,1,0,0,1,5,7,4,0,16,4,0,4,20
11/26/2022,ORH,MA,ANE,EN,Federal Contract Tower,6,13,6,0,25,0,1,24,0,25,6,14,30,0,50,42,0,42,92
11/27/2022,ORH,MA,ANE,EN,Federal Contract Tower,6,16,10,0,32,0,0,10,0,10,6,16,20,0,42,34,0,34,76
11/28/2022,ORH,MA,ANE,EN,Federal Contract Tower,9,10,6,0,25,0,4,0,0,4,9,14,6,0,29,10,0,10,39
11/29/2022,ORH,MA,ANE,EN,Federal Contract Tower,7,6,8,0,21,0,0,28,2,30,7,6,36,2,51,40,0,40,91
11/30/2022,ORH,MA,ANE,EN,Federal Contract Tower,8,3,6,0,17,0,1,0,0,1,8,4,6,0,18,0,0,0,18
12/01/2022,ORH,MA,ANE,EN,Federal Contract Tower,6,13,7,0,26,0,2,5,4,11,6,15,12,4,37,4,6,10,47
12/02/2022,ORH,MA,ANE,EN,Federal Contract Tower,5,9,12,0,26,0,0,34,0,34,5,9,46,0,60,32,0,32,92
12/03/2022,ORH,MA,ANE,EN,Federal Contract Tower,6,11,0,0,17,0,0,1,0,1,6,11,1,0,18,0,0,0,18
12/04/2022,ORH,MA,ANE,EN,Federal Contract Tower,5,12,3,0,20,0,2,42,0,44,5,14,45,0,64,16,0,16,80
12/05/2022,ORH,MA,ANE,EN,Federal Contract Tower,10,1,6,0,17,0,0,10,0,10,10,1,16,0,27,4,0,4,31
12/06/2022,ORH,MA,ANE,EN,Federal Contract Tower,6,9,2,0,17,0,2,6,0,8,6,11,8,0,25,0,0,0,25
12/07/2022,ORH,MA,ANE,EN,Federal Contract Tower,4,7,2,0,13,0,0,0,0,0,4,7,2,0,13,0,0,0,13
12/08/2022,ORH,MA,ANE,EN,Federal Contract Tower,6,3,13,0,22,0,1,18,0,19,6,4,31,0,41,6,0,6,47
12/09/2022,ORH,MA,ANE,EN,Federal Contract Tower,5,11,9,4,29,0,0,31,0,31,5,11,40,4,60,44,0,44,104
12/10/2022,ORH,MA,ANE,EN,Federal Contract Tower,6,9,1,0,16,0,1,5,0,6,6,10,6,0,22,34,0,34,56
12/11/2022,ORH,MA,ANE,EN,Federal Contract Tower,5,8,3,0,16,0,0,0,0,0,5,8,3,0,16,0,0,0,16
12/12/2022,ORH,MA,ANE,EN,Federal Contract Tower,11,4,2,0,17,0,0,14,0,14,11,4,16,0,31,12,0,12,43
12/13/2022,ORH,MA,ANE,EN,Federal Contract Tower,7,7,9,2,25,0,1,12,0,13,7,8,21,2,38,4,0,4,42
12/14/2022,ORH,MA,ANE,EN,Federal Contract Tower,10,4,5,0,19,0,0,1,8,9,10,4,6,8,28,0,24,24,52
12/15/2022,ORH,MA,ANE,EN,Federal Contract Tower,5,7,3,0,15,0,0,0,0,0,5,7,3,0,15,0,0,0,15
12/16/2022,ORH,MA,ANE,EN,Federal Contract Tower,6,7,4,0,17,0,0,0,0,0,6,7,4,0,17,0,0,0,17
12/17/2022,ORH,MA,ANE,EN,Federal Contract Tower,7,7,2,0,16,0,0,1,0,1,7,7,3,0,17,0,0,0,17
12/18/2022,ORH,MA,ANE,EN,Federal Contract Tower,8,4,5,0,17,0,0,35,0,35,8,4,40,0,52,32,0,32,84
12/19/2022,ORH,MA,ANE,EN,Federal Contract Tower,7,4,8,2,21,0,16,6,0,22,7,20,14,2,43,6,14,20,63
12/20/2022,ORH,MA,ANE,EN,Federal Contract Tower,9,11,11,8,39,0,2,32,1,35,9,13,43,9,74,48,4,52,126
12/21/2022,ORH,MA,ANE,EN,Federal Contract Tower,7,2,28,0,37,0,1,47,0,48,7,3,75,0,85,70,0,70,155
12/22/2022,ORH,MA,ANE,EN,Federal Contract Tower,6,7,5,0,18,0,1,5,0,6,6,8,10,0,24,6,0,6,30
12/23/2022,ORH,MA,ANE,EN,Federal Contract Tower,5,4,0,0,9,0,0,0,0,0,5,4,0,0,9,0,0,0,9
12/24/2022,ORH,MA,ANE,EN,Federal Contract Tower,5,2,0,0,7,0,0,0,0,0,5,2,0,0,7,0,0,0,7
12/25/2022,ORH,MA,ANE,EN,Federal Contract Tower,8,2,1,0,11,0,0,4,0,4,8,2,5,0,15,4,0,4,19
12/26/2022,ORH,MA,ANE,EN,Federal Contract Tower,7,10,9,0,26,0,0,23,0,23,7,10,32,0,49,12,4,16,65
12/27/2022,ORH,MA,ANE,EN,Federal Contract Tower,8,5,9,0,22,0,0,23,0,23,8,5,32,0,45,22,0,22,67
12/28/2022,ORH,MA,ANE,EN,Federal Contract Tower,7,3,5,0,15,0,1,13,2,16,7,4,18,2,31,2,12,14,45
12/29/2022,ORH,MA,ANE,EN,Federal Contract Tower,5,4,9,0,18,0,2,37,0,39,5,6,46,0,57,26,0,26,83
12/30/2022,ORH,MA,ANE,EN,Federal Contract Tower,5,6,5,0,16,0,2,36,0,38,5,8,41,0,54,15,0,15,69
12/31/2022,ORH,MA,ANE,EN,Federal Contract Tower,4,7,9,0,20,0,0,0,0,0,4,7,9,0,20,0,0,0,20
01/01/2023,ORH,MA,ANE,EN,Federal Contract Tower,8,1,1,0,10,0,2,7,0,9,8,3,8,0,19,0,2,2,21
01/02/2023,ORH,MA,ANE,EN,Federal Contract Tower,5,13,13,0,31,0,3,31,0,34,5,16,44,0,65,10,0,10,75
01/03/2023,ORH,MA,ANE,EN,Federal Contract Tower,7,4,3,2,16,0,0,0,0,0,7,4,3,2,16,0,0,0,16
01/04/2023,ORH,MA,ANE,EN,Federal Contract Tower,6,3,0,0,9,0,0,0,0,0,6,3,0,0,9,0,0,0,9
01/05/2023,ORH,MA,ANE,EN,Federal Contract Tower,7,3,3,4,17,0,0,0,0,0,7,3,3,4,17,0,0,0,17
01/06/2023,ORH,MA,ANE,EN,Federal Contract Tower,5,6,2,0,13,0,0,0,0,0,5,6,2,0,13,0,0,0,13
01/07/2023,ORH,MA,ANE,EN,Federal Contract Tower,5,4,13,0,22,0,19,40,0,59,5,23,53,0,81,16,0,16,97
01/08/2023,ORH,MA,ANE,EN,Federal Contract Tower,9,9,8,0,26,0,0,49,0,49,9,9,57,0,75,32,0,32,107
01/09/2023,ORH,MA,ANE,EN,Federal Contract Tower,10,2,8,0,20,0,29,0,0,29,10,31,8,0,49,30,0,30,79
01/10/2023,ORH,MA,ANE,EN,Federal Contract Tower,8,6,18,0,32,0,0,11,0,11,8,6,29,0,43,14,0,14,57
01/11/2023,ORH,MA,ANE,EN,Federal Contract Tower,9,7,6,0,22,0,0,28,0,28,9,7,34,0,50,36,0,36,86
01/12/2023,ORH,MA,ANE,EN,Federal Contract Tower,5,5,3,2,15,0,0,0,0,0,5,5,3,2,15,0,0,0,15
01/13/2023,ORH,MA,ANE,EN,Federal Contract Tower,7,7,3,0,17,0,0,0,0,0,7,7,3,0,17,0,0,0,17
01/14/2023,ORH,MA,ANE,EN,Federal Contract Tower,7,7,0,0,14,0,0,0,0,0,7,7,0,0,14,0,0,0,14
01/15/2023,ORH,MA,ANE,EN,Federal Contract Tower,8,4,0,0,12,0,0,3,0,3,8,4,3,0,15,0,0,0,15
01/16/2023,ORH,MA,ANE,EN,Federal Contract Tower,10,7,5,0,22,0,0,3,0,3,10,7,8,0,25,0,0,0,25
01/17/2023,ORH,MA,ANE,EN,Federal Contract Tower,6,10,4,0,20,0,1,48,0,49,6,11,52,0,69,60,0,60,129
01/19/2023,ORH,MA,ANE,EN,Federal Contract Tower,5,5,6,0,16,0,0,22,0,22,5,5,28,0,38,10,0,10,48
01/20/2023,ORH,MA,ANE,EN,Federal Contract Tower,3,6,1,0,10,0,0,0,0,0,3,6,1,0,10,0,0,0,10
01/21/2023,ORH,MA,ANE,EN,Federal Contract Tower,6,4,2,0,12,0,2,3,0,5,6,6,5,0,17,26,0,26,43
01/22/2023,ORH,MA,ANE,EN,Federal Contract Tower,7,8,4,0,19,0,1,0,0,1,7,9,4,0,20,0,0,0,20
01/23/2023,ORH,MA,ANE,EN,Federal Contract Tower,9,4,2,0,15,0,0,0,0,0,9,4,2,0,15,0,0,0,15
01/24/2023,ORH,MA,ANE,EN,Federal Contract Tower,9,2,3,0,14,0,6,4,0,10,9,8,7,0,24,12,10,22,46
01/25/2023,ORH,MA,ANE,EN,Federal Contract Tower,7,5,4,0,16,0,0,10,0,10,7,5,14,0,26,20,0,20,46
01/26/2023,ORH,MA,ANE,EN,Federal Contract Tower,8,8,3,0,19,0,0,0,0,0,8,8,3,0,19,0,0,0,19
01/27/2023,ORH,MA,ANE,EN,Federal Contract Tower,6,15,8,0,29,0,12,38,0,50,6,27,46,0,79,42,0,42,121
01/28/2023,ORH,MA,ANE,EN,Federal Contract Tower,6,12,2,0,20,0,0,59,0,59,6,12,61,0,79,48,0,48,127
01/29/2023,ORH,MA,ANE,EN,Federal Contract Tower,10,11,2,0,23,0,1,23,0,24,10,12,25,0,47,16,0,16,63
01/30/2023,ORH,MA,ANE,EN,Federal Contract Tower,8,4,8,0,20,0,1,36,1,38,8,5,44,1,58,62,2,64,122
01/31/2023,ORH,MA,ANE,EN,Federal Contract Tower,9,5,3,0,17,0,0,10,0,10,9,5,13,0,27,22,0,22,49
02/01/2023,ORH,MA,ANE,EN,Federal Contract Tower,4,8,13,2,27,0,0,45,0,45,4,8,58,2,72,30,0,30,102
02/02/2023,ORH,MA,ANE,EN,Federal Contract Tower,7,6,7,0,20,0,0,21,0,21,7,6,28,0,41,6,0,6,47
02/03/2023,ORH,MA,ANE,EN,Federal Contract Tower,4,10,5,0,19,0,1,2,0,3,4,11,7,0,22,0,0,0,22
02/04/2023,ORH,MA,ANE,EN,Federal Contract Tower,6,9,3,0,18,0,1,3,0,4,6,10,6,0,22,0,0,0,22
02/05/2023,ORH,MA,ANE,EN,Federal Contract Tower,10,5,2,0,17,0,3,16,2,21,10,8,18,2,38,6,4,10,48
02/06/2023,ORH,MA,ANE,EN,Federal Contract Tower,11,3,2,0,16,0,0,22,0,22,11,3,24,0,38,16,0,16,54
02/07/2023,ORH,MA,ANE,EN,Federal Contract Tower,6,5,4,6,21,0,0,22,0,22,6,5,26,6,43,6,0,6,49
02/08/2023,ORH,MA,ANE,EN,Federal Contract Tower,9,3,8,0,20,0,0,28,0,28,9,3,36,0,48,12,0,12,60
02/09/2023,ORH,MA,ANE,EN,Federal Contract Tower,6,9,3,0,18,0,1,23,0,24,6,10,26,0,42,14,0,14,56
02/10/2023,ORH,MA,ANE,EN,Federal Contract Tower,5,7,3,0,15,0,3,5,0,8,5,10,8,0,23,0,0,0,23
02/11/2023,ORH,MA,ANE,EN,Federal Contract Tower,6,8,17,0,31,0,3,45,0,48,6,11,62,0,79,8,0,8,87
02/12/2023,ORH,MA,ANE,EN,Federal Contract Tower,6,10,1,0,17,0,0,51,0,51,6,10,52,0,68,24,0,24,92
02/13/2023,ORH,MA,ANE,EN,Federal Contract Tower,9,4,6,0,19,0,0,3,0,3,9,4,9,0,22,0,0,0,22
02/14/2023,ORH,MA,ANE,EN,Federal Contract Tower,6,6,8,2,22,0,0,19,0,19,6,6,27,2,41,18,0,18,59
02/15/2023,ORH,MA,ANE,EN,Federal Contract Tower,5,6,1,0,12,0,0,5,2,7,5,6,6,2,19,0,0,0,19
02/16/2023,ORH,MA,ANE,EN,Federal Contract Tower,5,17,7,0,29,0,3,20,6,29,5,20,27,6,58,0,6,6,64
02/17/2023,ORH,MA,ANE,EN,Federal Contract Tower,5,10,3,0,18,0,0,0,0,0,5,10,3,0,18,0,0,0,18
02/18/2023,ORH,MA,ANE,EN,Federal Contract Tower,9,8,9,0,26,0,0,47,0,47,9,8,56,0,73,42,0,42,115
02/19/2023,ORH,MA,ANE,EN,Federal Contract Tower,5,9,0,0,14,0,0,58,0,58,5,9,58,0,72,26,0,26,98
02/20/2023,ORH,MA,ANE,EN,Federal Contract Tower,11,0,9,0,20,0,2,20,0,22,11,2,29,0,42,22,0,22,64
02/21/2023,ORH,MA,ANE,EN,Federal Contract Tower,7,5,0,0,12,0,0,0,0,0,7,5,0,0,12,0,0,0,12
02/23/2023,ORH,MA,ANE,EN,Federal Contract Tower,4,2,1,0,7,0,0,0,0,0,4,2,1,0,7,0,0,0,7
02/24/2023,ORH,MA,ANE,EN,Federal Contract Tower,7,4,5,0,16,0,0,10,0,10,7,4,15,0,26,0,0,0,26
02/25/2023,ORH,MA,ANE,EN,Federal Contract Tower,5,8,2,0,15,0,0,11,0,11,5,8,13,0,26,0,0,0,26
02/26/2023,ORH,MA,ANE,EN,Federal Contract Tower,8,9,7,2,26,0,0,0,0,0,8,9,7,2,26,0,0,0,26
02/27/2023,ORH,MA,ANE,EN,Federal Contract Tower,8,3,8,0,19,0,2,22,0,24,8,5,30,0,43,18,0,18,61
02/28/2023,ORH,MA,ANE,EN,Federal Contract Tower,5,2,1,0,8,0,0,0,0,0,5,2,1,0,8,0,0,0,8
03/01/2023,ORH,MA,ANE,EN,Federal Contract Tower,10,5,7,7,29,1,1,5,0,7,11,6,12,7,36,0,0,0,36
03/02/2023,ORH,MA,ANE,EN,Federal Contract Tower,8,10,3,0,21,0,0,0,0,0,8,10,3,0,21,0,0,0,21
03/03/2023,ORH,MA,ANE,EN,Federal Contract Tower,11,3,5,0,19,0,0,33,1,34,11,3,38,1,53,8,0,8,61
03/04/2023,ORH,MA,ANE,EN,Federal Contract Tower,4,2,0,0,6,0,0,0,0,0,4,2,0,0,6,0,0,0,6
03/05/2023,ORH,MA,ANE,EN,Federal Contract Tower,9,5,2,1,17,0,0,14,1,15,9,5,16,2,32,22,0,22,54
03/06/2023,ORH,MA,ANE,EN,Federal Contract Tower,10,1,2,0,13,0,0,12,0,12,10,1,14,0,25,0,0,0,25
03/07/2023,ORH,MA,ANE,EN,Federal Contract Tower,7,6,3,0,16,0,3,7,0,10,7,9,10,0,26,0,0,0,26
03/08/2023,ORH,MA,ANE,EN,Federal Contract Tower,10,5,6,0,21,0,0,12,2,14,10,5,18,2,35,16,0,16,51
03/09/2023,ORH,MA,ANE,EN,Federal Contract Tower,7,6,7,0,20,0,1,17,2,20,7,7,24,2,40,10,0,10,50
03/10/2023,ORH,MA,ANE,EN,Federal Contract Tower,7,10,4,0,21,0,0,52,0,52,7,10,56,0,73,30,0,30,103
03/11/2023,ORH,MA,ANE,EN,Federal Contract Tower,7,7,0,0,14,0,0,2,0,2,7,7,2,0,16,0,0,0,16
03/12/2023,ORH,MA,ANE,EN,Federal Contract Tower,8,8,7,0,23,0,0,45,0,45,8,8,52,0,68,28,0,28,96
03/13/2023,ORH,MA,ANE,EN,Federal Contract Tower,11,7,1,0,19,0,0,1,0,1,11,7,2,0,20,0,0,0,20
03/14/2023,ORH,MA,ANE,EN,Federal Contract Tower,0,0,0,0,0,0,0,0,0,0,0,0,0,0,0,0,0,0,0
03/15/2023,ORH,MA,ANE,EN,Federal Contract Tower,5,6,0,0,11,0,0,0,0,0,5,6,0,0,11,0,0,0,11
03/16/2023,ORH,MA,ANE,EN,Federal Contract Tower,8,11,8,0,27,0,3,22,2,27,8,14,30,2,54,24,6,30,84
03/17/2023,ORH,MA,ANE,EN,Federal Contract Tower,10,2,6,0,18,0,0,43,0,43,10,2,49,0,61,12,0,12,73
03/18/2023,ORH,MA,ANE,EN,Federal Contract Tower,7,5,2,0,14,0,2,43,0,45,7,7,45,0,59,30,0,30,89
03/19/2023,ORH,MA,ANE,EN,Federal Contract Tower,7,9,10,0,26,0,0,0,0,0,7,9,10,0,26,0,0,0,26
03/20/2023,ORH,MA,ANE,EN,Federal Contract Tower,11,5,19,0,35,0,1,25,0,26,11,6,44,0,61,44,0,44,105
03/21/2023,ORH,MA,ANE,EN,Federal Contract Tower,8,9,10,2,29,0,2,28,0,30,8,11,38,2,59,12,0,12,71
03/22/2023,ORH,MA,ANE,EN,Federal Contract Tower,8,4,7,2,21,0,2,37,2,41,8,6,44,4,62,34,0,34,96
03/23/2023,ORH,MA,ANE,EN,Federal Contract Tower,8,7,2,2,19,0,0,2,0,2,8,7,4,2,21,0,0,0,21
03/24/2023,ORH,MA,ANE,EN,Federal Contract Tower,10,6,4,2,22,0,6,16,2,24,10,12,20,4,46,18,20,38,84
03/25/2023,ORH,MA,ANE,EN,Federal Contract Tower,7,14,7,0,28,0,0,6,0,6,7,14,13,0,34,4,0,4,38
03/26/2023,ORH,MA,ANE,EN,Federal Contract Tower,10,11,4,0,25,0,1,14,0,15,10,12,18,0,40,6,0,6,46
03/27/2023,ORH,MA,ANE,EN,Federal Contract Tower,11,1,13,0,25,0,0,50,0,50,11,1,63,0,75,28,0,28,103
03/28/2023,ORH,MA,ANE,EN,Federal Contract Tower,8,2,6,0,16,0,2,7,0,9,8,4,13,0,25,0,0,0,25
03/29/2023,ORH,MA,ANE,EN,Federal Contract Tower,8,4,13,2,27,0,2,64,0,66,8,6,77,2,93,14,0,14,107
03/30/2023,ORH,MA,ANE,EN,Federal Contract Tower,8,4,5,0,17,0,4,14,0,18,8,8,19,0,35,8,0,8,43
03/31/2023,ORH,MA,ANE,EN,Federal Contract Tower,9,1,10,0,20,0,0,15,2,17,9,1,25,2,37,2,0,2,39
04/01/2023,ORH,MA,ANE,EN,Federal Contract Tower,7,18,0,0,25,0,0,0,0,0,7,18,0,0,25,0,0,0,25
04/02/2023,ORH,MA,ANE,EN,Federal Contract Tower,9,8,2,0,19,0,0,13,0,13,9,8,15,0,32,10,0,10,42
04/03/2023,ORH,MA,ANE,EN,Federal Contract Tower,9,5,0,0,14,0,0,11,0,11,9,5,11,0,25,2,0,2,27
04/04/2023,ORH,MA,ANE,EN,Federal Contract Tower,7,6,11,0,24,0,0,20,0,20,7,6,31,0,44,28,0,28,72
04/05/2023,ORH,MA,ANE,EN,Federal Contract Tower,8,10,11,2,31,0,0,3,0,3,8,10,14,2,34,0,0,0,34
04/06/2023,ORH,MA,ANE,EN,Federal Contract Tower,7,5,10,0,22,0,1,6,0,7,7,6,16,0,29,8,0,8,37
04/07/2023,ORH,MA,ANE,EN,Federal Contract Tower,11,4,3,0,18,0,0,4,4,8,11,4,7,4,26,2,0,2,28
04/08/2023,ORH,MA,ANE,EN,Federal Contract Tower,7,3,13,0,23,0,6,42,0,48,7,9,55,0,71,24,0,24,95
04/09/2023,ORH,MA,ANE,EN,Federal Contract Tower,10,8,0,0,18,0,0,26,0,26,10,8,26,0,44,10,8,18,62
04/10/2023,ORH,MA,ANE,EN,Federal Contract Tower,10,13,15,0,38,0,3,27,2,32,10,16,42,2,70,30,0,30,100
04/11/2023,ORH,MA,ANE,EN,Federal Contract Tower,10,1,7,0,18,0,3,13,0,16,10,4,20,0,34,18,0,18,52
04/12/2023,ORH,MA,ANE,EN,Federal Contract Tower,10,6,2,0,18,0,0,5,0,5,10,6,7,0,23,0,0,0,23
04/13/2023,ORH,MA,ANE,EN,Federal Contract Tower,8,1,12,0,21,0,4,18,0,22,8,5,30,0,43,38,6,44,87
04/14/2023,ORH,MA,ANE,EN,Federal Contract Tower,9,2,18,0,29,0,0,25,0,25,9,2,43,0,54,4,12,16,70
04/15/2023,ORH,MA,ANE,EN,Federal Contract Tower,7,8,7,0,22,0,1,23,0,24,7,9,30,0,46,24,0,24,70
04/16/2023,ORH,MA,ANE,EN,Federal Contract Tower,10,7,10,0,27,0,0,0,0,0,10,7,10,0,27,0,0,0,27
04/17/2023,ORH,MA,ANE,EN,Federal Contract Tower,3,0,2,0,5,0,0,0,0,0,3,0,2,0,5,0,0,0,5
04/18/2023,ORH,MA,ANE,EN,Federal Contract Tower,11,9,1,0,21,6,27,0,0,33,17,36,1,0,54,32,0,32,86
04/19/2023,ORH,MA,ANE,EN,Federal Contract Tower,6,12,29,12,59,0,2,24,0,26,6,14,53,12,85,0,0,0,85
04/20/2023,ORH,MA,ANE,EN,Federal Contract Tower,10,9,15,0,34,0,2,35,0,37,10,11,50,0,71,62,0,62,133
04/21/2023,ORH,MA,ANE,EN,Federal Contract Tower,9,2,9,0,20,0,0,43,0,43,9,2,52,0,63,6,0,6,69
04/22/2023,ORH,MA,ANE,EN,Federal Contract Tower,7,11,24,0,42,0,0,0,0,0,7,11,24,0,42,0,0,0,42
04/23/2023,ORH,MA,ANE,EN,Federal Contract Tower,9,7,2,0,18,0,0,0,0,0,9,7,2,0,18,0,0,0,18
04/24/2023,ORH,MA,ANE,EN,Federal Contract Tower,9,0,7,0,16,0,0,6,2,8,9,0,13,2,24,6,0,6,30
04/25/2023,ORH,MA,ANE,EN,Federal Contract Tower,15,6,7,0,28,0,0,20,6,26,15,6,27,6,54,6,0,6,60
04/26/2023,ORH,MA,ANE,EN,Federal Contract Tower,10,1,6,0,17,0,0,9,0,9,10,1,15,0,26,18,0,18,44
04/27/2023,ORH,MA,ANE,EN,Federal Contract Tower,10,4,12,0,26,0,0,2,0,2,10,4,14,0,28,32,0,32,60
04/28/2023,ORH,MA,ANE,EN,Federal Contract Tower,10,2,15,0,27,0,2,35,0,37,10,4,50,0,64,57,0,57,121
04/29/2023,ORH,MA,ANE,EN,Federal Contract Tower,6,9,7,0,22,0,0,1,0,1,6,9,8,0,23,0,0,0,23
04/30/2023,ORH,MA,ANE,EN,Federal Contract Tower,6,0,1,0,7,0,0,0,0,0,6,0,1,0,7,0,0,0,7
05/01/2023,ORH,MA,ANE,EN,Federal Contract Tower,9,3,1,0,13,0,4,10,0,14,9,7,11,0,27,6,0,6,33
05/02/2023,ORH,MA,ANE,EN,Federal Contract Tower,9,8,3,0,20,0,0,1,0,1,9,8,4,0,21,0,0,0,21
05/03/2023,ORH,MA,ANE,EN,Federal Contract Tower,12,4,10,0,26,0,0,3,0,3,12,4,13,0,29,0,0,0,29
05/04/2023,ORH,MA,ANE,EN,Federal Contract Tower,8,2,11,0,21,0,0,4,0,4,8,2,15,0,25,0,0,0,25
05/05/2023,ORH,MA,ANE,EN,Federal Contract Tower,10,2,12,0,24,0,0,21,0,21,10,2,33,0,45,20,0,20,65
05/06/2023,ORH,MA,ANE,EN,Federal Contract Tower,7,3,31,0,41,0,2,50,0,52,7,5,81,0,93,72,0,72,165
05/07/2023,ORH,MA,ANE,EN,Federal Contract Tower,8,0,30,2,40,0,1,23,0,24,8,1,53,2,64,0,0,0,64
05/08/2023,ORH,MA,ANE,EN,Federal Contract Tower,10,3,1,0,14,0,3,32,0,35,10,6,33,0,49,18,0,18,67
05/09/2023,ORH,MA,ANE,EN,Federal Contract Tower,10,7,3,0,20,0,4,38,0,42,10,11,41,0,62,82,0,82,144
05/10/2023,ORH,MA,ANE,EN,Federal Contract Tower,12,10,14,2,38,0,0,37,0,37,12,10,51,2,75,70,0,70,145
05/11/2023,ORH,MA,ANE,EN,Federal Contract Tower,10,3,14,0,27,0,2,49,0,51,10,5,63,0,78,92,0,92,170
05/12/2023,ORH,MA,ANE,EN,Federal Contract Tower,10,2,19,0,31,0,1,11,0,12,10,3,30,0,43,4,0,4,47
05/13/2023,ORH,MA,ANE,EN,Federal Contract Tower,8,2,15,0,25,0,2,16,0,18,8,4,31,0,43,46,0,46,89
05/14/2023,ORH,MA,ANE,EN,Federal Contract Tower,9,20,9,0,38,0,1,17,0,18,9,21,26,0,56,28,0,28,84
05/15/2023,ORH,MA,ANE,EN,Federal Contract Tower,10,12,21,0,43,0,1,18,0,19,10,13,39,0,62,26,0,26,88
05/16/2023,ORH,MA,ANE,EN,Federal Contract Tower,10,6,6,0,22,0,0,22,1,23,10,6,28,1,45,10,10,20,65
05/17/2023,ORH,MA,ANE,EN,Federal Contract Tower,9,2,6,0,17,0,0,12,0,12,9,2,18,0,29,6,0,6,35
05/18/2023,ORH,MA,ANE,EN,Federal Contract Tower,11,11,23,0,45,0,16,60,0,76,11,27,83,0,121,52,0,52,173
05/19/2023,ORH,MA,ANE,EN,Federal Contract Tower,10,12,10,0,32,0,0,20,0,20,10,12,30,0,52,6,0,6,58
05/20/2023,ORH,MA,ANE,EN,Federal Contract Tower,7,12,17,0,36,0,0,0,0,0,7,12,17,0,36,0,0,0,36
05/21/2023,ORH,MA,ANE,EN,Federal Contract Tower,10,13,16,0,39,0,1,33,0,34,10,14,49,0,73,0,0,0,73
05/22/2023,ORH,MA,ANE,EN,Federal Contract Tower,11,3,9,0,23,0,0,20,0,20,11,3,29,0,43,0,0,0,43
05/23/2023,ORH,MA,ANE,EN,Federal Contract Tower,10,9,4,0,23,0,0,40,0,40,10,9,44,0,63,24,0,24,87
05/24/2023,ORH,MA,ANE,EN,Federal Contract Tower,8,11,4,0,23,0,11,38,5,54,8,22,42,5,77,46,0,46,123
05/25/2023,ORH,MA,ANE,EN,Federal Contract Tower,9,5,7,2,23,0,3,27,0,30,9,8,34,2,53,66,0,66,119
05/26/2023,ORH,MA,ANE,EN,Federal Contract Tower,11,4,12,0,27,0,0,27,0,27,11,4,39,0,54,23,0,23,77
05/27/2023,ORH,MA,ANE,EN,Federal Contract Tower,7,8,9,0,24,0,4,37,0,41,7,12,46,0,65,23,0,23,88
05/28/2023,ORH,MA,ANE,EN,Federal Contract Tower,9,7,5,0,21,0,0,34,0,34,9,7,39,0,55,28,0,28,83
05/29/2023,ORH,MA,ANE,EN,Federal Contract Tower,9,8,11,0,28,0,0,19,0,19,9,8,30,0,47,18,0,18,65
05/30/2023,ORH,MA,ANE,EN,Federal Contract Tower,11,2,1,4,18,0,2,44,5,51,11,4,45,9,69,6,6,12,81
05/31/2023,ORH,MA,ANE,EN,Federal Contract Tower,9,1,14,0,24,0,8,40,0,48,9,9,54,0,72,54,0,54,126
06/01/2023,ORH,MA,ANE,EN,Federal Contract Tower,8,2,18,0,28,0,3,51,0,54,8,5,69,0,82,36,0,36,118
06/02/2023,ORH,MA,ANE,EN,Federal Contract Tower,10,9,9,0,28,0,8,17,0,25,10,17,26,0,53,10,0,10,63
06/03/2023,ORH,MA,ANE,EN,Federal Contract Tower,12,3,21,2,38,0,0,0,0,0,12,3,21,2,38,0,0,0,38
06/04/2023,ORH,MA,ANE,EN,Federal Contract Tower,9,4,6,0,19,0,0,0,0,0,9,4,6,0,19,0,0,0,19
06/05/2023,ORH,MA,ANE,EN,Federal Contract Tower,11,5,8,1,25,0,0,10,1,11,11,5,18,2,36,0,18,18,54
06/06/2023,ORH,MA,ANE,EN,Federal Contract Tower,9,10,12,0,31,0,2,0,0,2,9,12,12,0,33,14,0,14,47
06/07/2023,ORH,MA,ANE,EN,Federal Contract Tower,11,11,19,0,41,0,0,22,2,24,11,11,41,2,65,66,20,86,151
06/08/2023,ORH,MA,ANE,EN,Federal Contract Tower,10,3,4,0,17,0,0,8,0,8,10,3,12,0,25,34,0,34,59
06/09/2023,ORH,MA,ANE,EN,Federal Contract Tower,10,2,8,0,20,0,0,10,0,10,10,2,18,0,30,20,0,20,50
06/10/2023,ORH,MA,ANE,EN,Federal Contract Tower,8,7,20,0,35,0,0,14,0,14,8,7,34,0,49,65,0,65,114
06/11/2023,ORH,MA,ANE,EN,Federal Contract Tower,8,6,15,0,29,0,0,57,2,59,8,6,72,2,88,28,2,30,118
06/12/2023,ORH,MA,ANE,EN,Federal Contract Tower,10,4,3,0,17,0,13,19,0,32,10,17,22,0,49,26,0,26,75
06/13/2023,ORH,MA,ANE,EN,Federal Contract Tower,12,5,1,2,20,0,0,1,0,1,12,5,2,2,21,24,4,28,49
06/14/2023,ORH,MA,ANE,EN,Federal Contract Tower,9,4,19,0,32,0,3,16,0,19,9,7,35,0,51,24,2,26,77
06/15/2023,ORH,MA,ANE,EN,Federal Contract Tower,6,3,12,0,21,0,2,16,0,18,6,5,28,0,39,28,0,28,67
06/16/2023,ORH,MA,ANE,EN,Federal Contract Tower,8,1,6,0,15,0,2,13,0,15,8,3,19,0,30,8,0,8,38
06/17/2023,ORH,MA,ANE,EN,Federal Contract Tower,4,4,8,0,16,0,0,0,0,0,4,4,8,0,16,0,0,0,16
06/18/2023,ORH,MA,ANE,EN,Federal Contract Tower,8,3,15,0,26,0,0,9,0,9,8,3,24,0,35,22,0,22,57
06/19/2023,ORH,MA,ANE,EN,Federal Contract Tower,7,3,5,0,15,0,2,23,0,25,7,5,28,0,40,40,0,40,80
06/20/2023,ORH,MA,ANE,EN,Federal Contract Tower,8,2,9,0,19,0,5,14,0,19,8,7,23,0,38,52,0,52,90
06/21/2023,ORH,MA,ANE,EN,Federal Contract Tower,8,4,31,6,49,0,2,25,2,29,8,6,56,8,78,46,0,46,124
06/22/2023,ORH,MA,ANE,EN,Federal Contract Tower,8,3,20,0,31,0,0,26,0,26,8,3,46,0,57,84,0,84,141
06/23/2023,ORH,MA,ANE,EN,Federal Contract Tower,9,7,11,0,27,0,0,5,0,5,9,7,16,0,32,18,0,18,50
06/24/2023,ORH,MA,ANE,EN,Federal Contract Tower,5,7,6,0,18,0,0,0,0,0,5,7,6,0,18,0,0,0,18
06/25/2023,ORH,MA,ANE,EN,Federal Contract Tower,6,6,13,0,25,0,0,8,0,8,6,6,21,0,33,12,0,12,45
06/26/2023,ORH,MA,ANE,EN,Federal Contract Tower,8,6,12,0,26,0,0,3,0,3,8,6,15,0,29,8,0,8,37
06/27/2023,ORH,MA,ANE,EN,Federal Contract Tower,6,9,7,2,24,0,0,3,0,3,6,9,10,2,27,12,0,12,39
06/28/2023,ORH,MA,ANE,EN,Federal Contract Tower,8,6,7,0,21,0,0,0,0,0,8,6,7,0,21,0,0,0,21
06/29/2023,ORH,MA,ANE,EN,Federal Contract Tower,6,11,14,0,31,0,0,21,0,21,6,11,35,0,52,50,0,50,102
06/30/2023,ORH,MA,ANE,EN,Federal Contract Tower,9,2,13,0,24,0,0,18,0,18,9,2,31,0,42,66,0,66,108
07/01/2023,ORH,MA,ANE,EN,Federal Contract Tower,6,8,5,0,19,0,0,7,0,7,6,8,12,0,26,12,0,12,38
07/02/2023,ORH,MA,ANE,EN,Federal Contract Tower,8,7,4,0,19,0,0,0,0,0,8,7,4,0,19,0,0,0,19
07/03/2023,ORH,MA,ANE,EN,Federal Contract Tower,8,2,7,0,17,0,0,3,0,3,8,2,10,0,20,14,0,14,34
07/04/2023,ORH,MA,ANE,EN,Federal Contract Tower,8,2,1,0,11,0,0,0,0,0,8,2,1,0,11,0,0,0,11
07/05/2023,ORH,MA,ANE,EN,Federal Contract Tower,8,2,14,2,26,0,0,18,0,18,8,2,32,2,44,50,0,50,94
07/06/2023,ORH,MA,ANE,EN,Federal Contract Tower,8,1,12,2,23,0,6,24,2,32,8,7,36,4,55,28,0,28,83
07/07/2023,ORH,MA,ANE,EN,Federal Contract Tower,8,1,10,2,21,0,14,37,10,61,8,15,47,12,82,40,10,50,132
07/08/2023,ORH,MA,ANE,EN,Federal Contract Tower,7,5,7,0,19,0,0,6,0,6,7,5,13,0,25,6,0,6,31
07/09/2023,ORH,MA,ANE,EN,Federal Contract Tower,8,9,10,0,27,0,0,1,0,1,8,9,11,0,28,0,0,0,28
07/10/2023,ORH,MA,ANE,EN,Federal Contract Tower,8,7,11,0,26,0,0,1,0,1,8,7,12,0,27,0,0,0,27
07/11/2023,ORH,MA,ANE,EN,Federal Contract Tower,9,6,13,0,28,0,0,23,0,23,9,6,36,0,51,52,0,52,103
07/12/2023,ORH,MA,ANE,EN,Federal Contract Tower,8,1,17,0,26,0,1,25,0,26,8,2,42,0,52,64,0,64,116
07/17/2023,ORH,MA,ANE,EN,Federal Contract Tower,8,3,12,0,23,0,0,9,0,9,8,3,21,0,32,20,0,20,52
07/18/2023,ORH,MA,ANE,EN,Federal Contract Tower,7,4,9,0,20,0,0,4,4,8,7,4,13,4,28,0,0,0,28
07/19/2023,ORH,MA,ANE,EN,Federal Contract Tower,8,0,14,0,22,0,0,35,6,41,8,0,49,6,63,52,0,52,115
07/20/2023,ORH,MA,ANE,EN,Federal Contract Tower,9,19,15,1,44,0,3,41,1,45,9,22,56,2,89,24,4,28,117
07/21/2023,ORH,MA,ANE,EN,Federal Contract Tower,7,5,8,4,24,0,1,6,0,7,7,6,14,4,31,0,0,0,31
07/22/2023,ORH,MA,ANE,EN,Federal Contract Tower,4,2,9,0,15,0,10,28,6,44,4,12,37,6,59,36,12,48,107
07/23/2023,ORH,MA,ANE,EN,Federal Contract Tower,8,3,10,0,21,0,0,37,0,37,8,3,47,0,58,72,0,72,130
07/24/2023,ORH,MA,ANE,EN,Federal Contract Tower,8,7,2,0,17,0,0,31,0,31,8,7,33,0,48,64,0,64,112
07/25/2023,ORH,MA,ANE,EN,Federal Contract Tower,7,1,8,0,16,0,0,1,0,1,7,1,9,0,17,18,0,18,35
07/26/2023,ORH,MA,ANE,EN,Federal Contract Tower,9,3,19,0,31,0,0,37,0,37,9,3,56,0,68,58,0,58,126
07/27/2023,ORH,MA,ANE,EN,Federal Contract Tower,8,3,6,0,17,0,0,2,0,2,8,3,8,0,19,0,0,0,19
07/28/2023,ORH,MA,ANE,EN,Federal Contract Tower,8,3,17,0,28,0,0,26,0,26,8,3,43,0,54,18,0,18,72
07/29/2023,ORH,MA,ANE,EN,Federal Contract Tower,4,9,2,0,15,0,0,9,0,9,4,9,11,0,24,12,0,12,36
07/30/2023,ORH,MA,ANE,EN,Federal Contract Tower,8,5,9,0,22,0,0,23,0,23,8,5,32,0,45,34,0,34,79
07/31/2023,ORH,MA,ANE,EN,Federal Contract Tower,5,1,4,0,10,0,0,45,0,45,5,1,49,0,55,28,0,28,83
08/01/2023,ORH,MA,ANE,EN,Federal Contract Tower,8,4,16,0,28,0,0,23,0,23,8,4,39,0,51,44,6,50,101
08/02/2023,ORH,MA,ANE,EN,Federal Contract Tower,8,13,15,1,37,0,5,50,0,55,8,18,65,1,92,92,0,92,184
08/03/2023,ORH,MA,ANE,EN,Federal Contract Tower,8,4,3,0,15,0,1,36,0,37,8,5,39,0,52,68,0,68,120
08/04/2023,ORH,MA,ANE,EN,Federal Contract Tower,6,0,4,0,10,0,0,1,0,1,6,0,5,0,11,16,0,16,27
08/05/2023,ORH,MA,ANE,EN,Federal Contract Tower,6,2,3,0,11,0,0,22,0,22,6,2,25,0,33,22,0,22,55
08/06/2023,ORH,MA,ANE,EN,Federal Contract Tower,8,3,18,0,29,0,1,58,8,67,8,4,76,8,96,70,0,70,166
08/07/2023,ORH,MA,ANE,EN,Federal Contract Tower,6,5,1,0,12,0,0,2,0,2,6,5,3,0,14,2,0,2,16
08/08/2023,ORH,MA,ANE,EN,Federal Contract Tower,8,2,4,0,14,0,0,0,0,0,8,2,4,0,14,0,0,0,14
08/09/2023,ORH,MA,ANE,EN,Federal Contract Tower,8,6,13,0,27,0,18,10,0,28,8,24,23,0,55,30,0,30,85
08/10/2023,ORH,MA,ANE,EN,Federal Contract Tower,8,9,11,4,32,0,4,13,0,17,8,13,24,4,49,26,0,26,75
08/11/2023,ORH,MA,ANE,EN,Federal Contract Tower,6,6,3,0,15,0,4,18,0,22,6,10,21,0,37,25,0,25,62
08/12/2023,ORH,MA,ANE,EN,Federal Contract Tower,6,4,8,0,18,0,0,30,0,30,6,4,38,0,48,28,0,28,76
08/13/2023,ORH,MA,ANE,EN,Federal Contract Tower,10,5,10,0,25,0,0,18,0,18,10,5,28,0,43,38,0,38,81
08/14/2023,ORH,MA,ANE,EN,Federal Contract Tower,8,1,1,0,10,0,1,28,0,29,8,2,29,0,39,62,0,62,101
08/15/2023,ORH,MA,ANE,EN,Federal Contract Tower,8,3,7,0,18,0,0,0,0,0,8,3,7,0,18,0,0,0,18
08/18/2023,ORH,MA,ANE,EN,Federal Contract Tower,6,3,4,0,13,0,1,9,0,10,6,4,13,0,23,12,0,12,35
08/19/2023,ORH,MA,ANE,EN,Federal Contract Tower,6,4,2,0,12,0,0,28,0,28,6,4,30,0,40,32,0,32,72
08/20/2023,ORH,MA,ANE,EN,Federal Contract Tower,10,8,8,0,26,0,0,39,0,39,10,8,47,0,65,44,0,44,109
08/21/2023,ORH,MA,ANE,EN,Federal Contract Tower,8,1,4,0,13,0,0,17,0,17,8,1,21,0,30,38,0,38,68
08/22/2023,ORH,MA,ANE,EN,Federal Contract Tower,8,0,12,0,20,0,3,29,0,32,8,3,41,0,52,42,0,42,94
08/23/2023,ORH,MA,ANE,EN,Federal Contract Tower,8,2,13,0,23,0,12,33,0,45,8,14,46,0,68,76,0,76,144
08/24/2023,ORH,MA,ANE,EN,Federal Contract Tower,8,2,4,2,16,0,6,25,0,31,8,8,29,2,47,50,0,50,97
08/25/2023,ORH,MA,ANE,EN,Federal Contract Tower,6,2,1,0,9,0,0,0,0,0,6,2,1,0,9,0,0,0,9
08/26/2023,ORH,MA,ANE,EN,Federal Contract Tower,6,4,5,0,15,0,7,19,0,26,6,11,24,0,41,84,0,84,125
08/27/2023,ORH,MA,ANE,EN,Federal Contract Tower,8,3,3,1,15,0,0,11,1,12,8,3,14,2,27,30,0,30,57
08/28/2023,ORH,MA,ANE,EN,Federal Contract Tower,8,1,17,0,26,0,0,11,0,11,8,1,28,0,37,28,0,28,65
08/29/2023,ORH,MA,ANE,EN,Federal Contract Tower,10,1,11,0,22,0,0,2,0,2,10,1,13,0,24,18,0,18,42
08/30/2023,ORH,MA,ANE,EN,Federal Contract Tower,8,2,2,0,12,0,8,10,2,20,8,10,12,2,32,0,0,0,32
08/31/2023,ORH,MA,ANE,EN,Federal Contract Tower,8,1,3,0,12,0,6,29,2,37,8,7,32,2,49,20,0,20,69
