01/01/2000,OSH,WI,AGL,CE,Federal Contract Tower,0,0,0,0,0,0,0,61,0,61,0,0,61,0,61,70,0,70,131
01/02/2000,OSH,WI,AGL,CE,Federal Contract Tower,0,2,1,0,3,0,2,0,0,2,0,4,1,0,5,0,0,0,5
01/03/2000,OSH,WI,AGL,CE,Federal Contract Tower,0,4,5,0,9,0,0,1,0,1,0,4,6,0,10,2,0,2,12
01/04/2000,OSH,WI,AGL,CE,Federal Contract Tower,0,3,4,0,7,0,5,11,0,16,0,8,15,0,23,46,0,46,69
01/05/2000,OSH,WI,AGL,CE,Federal Contract Tower,0,5,8,0,13,0,1,37,0,38,0,6,45,0,51,154,0,154,205
01/06/2000,OSH,WI,AGL,CE,Federal Contract Tower,0,6,11,2,19,0,0,61,0,61,0,6,72,2,80,42,0,42,122
01/07/2000,OSH,WI,AGL,CE,Federal Contract Tower,0,8,14,2,24,0,1,84,0,85,0,9,98,2,109,226,0,226,335
01/08/2000,OSH,WI,AGL,CE,Federal Contract Tower,0,4,8,2,14,0,1,145,1,147,0,5,153,3,161,228,0,228,389
01/09/2000,OSH,WI,AGL,CE,Federal Contract Tower,0,2,4,0,6,0,2,8,0,10,0,4,12,0,16,0,0,0,16
01/10/2000,OSH,WI,AGL,CE,Federal Contract Tower,0,6,9,3,18,0,0,0,5,5,0,6,9,8,23,0,0,0,23
01/11/2000,OSH,WI,AGL,CE,Federal Contract Tower,0,3,13,0,16,0,0,33,0,33,0,3,46,0,49,23,0,23,72
01/12/2000,OSH,WI,AGL,CE,Federal Contract Tower,0,5,14,3,22,0,0,3,1,4,0,5,17,4,26,0,0,0,26
01/13/2000,OSH,WI,AGL,CE,Federal Contract Tower,0,3,7,0,10,0,1,45,0,46,0,4,52,0,56,114,0,114,170
01/14/2000,OSH,WI,AGL,CE,Federal Contract Tower,0,4,14,2,20,0,0,49,0,49,0,4,63,2,69,154,2,156,225
01/15/2000,OSH,WI,AGL,CE,Federal Contract Tower,0,3,5,0,8,0,0,120,0,120,0,3,125,0,128,184,0,184,312
01/16/2000,OSH,WI,AGL,CE,Federal Contract Tower,0,4,5,0,9,0,0,90,0,90,0,4,95,0,99,166,0,166,265
01/17/2000,OSH,WI,AGL,CE,Federal Contract Tower,0,4,7,0,11,0,1,39,0,40,0,5,46,0,51,112,0,112,163
01/18/2000,OSH,WI,AGL,CE,Federal Contract Tower,0,5,10,0,15,0,0,28,0,28,0,5,38,0,43,70,0,70,113
01/19/2000,OSH,WI,AGL,CE,Federal Contract Tower,0,6,12,0,18,0,1,21,0,22,0,7,33,0,40,38,0,38,78
01/20/2000,OSH,WI,AGL,CE,Federal Contract Tower,0,4,9,1,14,0,0,49,3,52,0,4,58,4,66,74,22,96,162
01/21/2000,OSH,WI,AGL,CE,Federal Contract Tower,0,4,9,0,13,0,0,46,0,46,0,4,55,0,59,153,0,153,212
01/22/2000,OSH,WI,AGL,CE,Federal Contract Tower,0,2,4,0,6,0,3,41,0,44,0,5,45,0,50,350,0,350,400
01/23/2000,OSH,WI,AGL,CE,Federal Contract Tower,0,2,5,0,7,0,4,55,0,59,0,6,60,0,66,235,0,235,301
01/24/2000,OSH,WI,AGL,CE,Federal Contract Tower,0,6,17,2,25,0,0,71,14,85,0,6,88,16,110,116,44,160,270
01/25/2000,OSH,WI,AGL,CE,Federal Contract Tower,0,5,12,1,18,0,0,39,5,44,0,5,51,6,62,36,0,36,98
01/26/2000,OSH,WI,AGL,CE,Federal Contract Tower,0,5,15,2,22,0,0,54,6,60,0,5,69,8,82,106,4,110,192
01/27/2000,OSH,WI,AGL,CE,Federal Contract Tower,0,4,9,1,14,0,1,82,3,86,0,5,91,4,100,102,10,112,212
01/28/2000,OSH,WI,AGL,CE,Federal Contract Tower,0,3,7,0,10,0,1,119,0,120,0,4,126,0,130,166,0,166,296
01/29/2000,OSH,WI,AGL,CE,Federal Contract Tower,0,3,8,0,11,0,0,121,0,121,0,3,129,0,132,358,0,358,490
01/30/2000,OSH,WI,AGL,CE,Federal Contract Tower,0,3,7,0,10,0,1,22,0,23,0,4,29,0,33,124,0,124,157
01/31/2000,OSH,WI,AGL,CE,Federal Contract Tower,0,5,12,0,17,0,0,20,0,20,0,5,32,0,37,70,0,70,107
02/01/2000,OSH,WI,AGL,CE,Federal Contract Tower,0,4,11,0,15,0,2,76,0,78,0,6,87,0,93,102,0,102,195
02/02/2000,OSH,WI,AGL,CE,Federal Contract Tower,0,3,11,0,14,0,0,56,0,56,0,3,67,0,70,140,0,140,210
02/03/2000,OSH,WI,AGL,CE,Federal Contract Tower,0,7,28,5,40,0,0,10,5,15,0,7,38,10,55,24,0,24,79
02/04/2000,OSH,WI,AGL,CE,Federal Contract Tower,0,5,14,2,21,0,1,57,4,62,0,6,71,6,83,158,0,158,241
02/05/2000,OSH,WI,AGL,CE,Federal Contract Tower,0,2,6,0,8,0,1,97,0,98,0,3,103,0,106,184,0,184,290
02/06/2000,OSH,WI,AGL,CE,Federal Contract Tower,0,3,8,1,12,0,1,79,1,81,0,4,87,2,93,158,0,158,251
02/07/2000,OSH,WI,AGL,CE,Federal Contract Tower,0,4,12,2,18,0,0,107,0,107,0,4,119,2,125,188,0,188,313
02/08/2000,OSH,WI,AGL,CE,Federal Contract Tower,0,5,21,0,26,0,0,42,0,42,0,5,63,0,68,102,0,102,170
02/09/2000,OSH,WI,AGL,CE,Federal Contract Tower,0,4,13,3,20,0,1,54,1,56,0,5,67,4,76,138,0,138,214
02/10/2000,OSH,WI,AGL,CE,Federal Contract Tower,0,8,9,6,23,0,0,0,20,20,0,8,9,26,43,0,0,0,43
02/11/2000,OSH,WI,AGL,CE,Federal Contract Tower,0,4,13,2,19,0,1,102,0,103,0,5,115,2,122,158,4,162,284
02/12/2000,OSH,WI,AGL,CE,Federal Contract Tower,0,1,3,0,4,0,1,114,0,115,0,2,117,0,119,194,0,194,313
02/13/2000,OSH,WI,AGL,CE,Federal Contract Tower,0,2,4,0,6,0,4,0,0,4,0,6,4,0,10,0,0,0,10
02/14/2000,OSH,WI,AGL,CE,Federal Contract Tower,0,3,11,0,14,0,2,57,0,59,0,5,68,0,73,118,0,118,191
02/15/2000,OSH,WI,AGL,CE,Federal Contract Tower,0,3,17,4,24,0,0,0,6,6,0,3,17,10,30,8,0,8,38
02/16/2000,OSH,WI,AGL,CE,Federal Contract Tower,0,3,8,0,11,0,2,90,0,92,0,5,98,0,103,127,0,127,230
02/17/2000,OSH,WI,AGL,CE,Federal Contract Tower,0,3,9,0,12,0,1,27,0,28,0,4,36,0,40,110,0,110,150
02/18/2000,OSH,WI,AGL,CE,Federal Contract Tower,0,0,4,0,4,0,0,14,0,14,0,0,18,0,18,16,0,16,34
02/19/2000,OSH,WI,AGL,CE,Federal Contract Tower,0,3,8,0,11,0,2,120,0,122,0,5,128,0,133,249,0,249,382
02/20/2000,OSH,WI,AGL,CE,Federal Contract Tower,0,3,10,1,14,0,1,126,1,128,0,4,136,2,142,150,0,150,292
02/21/2000,OSH,WI,AGL,CE,Federal Contract Tower,0,4,15,0,19,0,0,84,0,84,0,4,99,0,103,224,0,224,327
02/22/2000,OSH,WI,AGL,CE,Federal Contract Tower,0,8,27,4,39,0,0,54,5,59,0,8,81,9,98,156,10,166,264
02/23/2000,OSH,WI,AGL,CE,Federal Contract Tower,0,3,18,3,24,0,0,85,3,88,0,3,103,6,112,86,0,86,198
02/24/2000,OSH,WI,AGL,CE,Federal Contract Tower,0,3,11,0,14,2,1,0,0,3,2,4,11,0,17,0,0,0,17
02/25/2000,OSH,WI,AGL,CE,Federal Contract Tower,0,2,21,0,23,4,0,4,0,8,4,2,25,0,31,0,0,0,31
02/26/2000,OSH,WI,AGL,CE,Federal Contract Tower,0,3,8,0,11,0,3,72,0,75,0,6,80,0,86,124,0,124,210
02/27/2000,OSH,WI,AGL,CE,Federal Contract Tower,0,4,12,0,16,0,0,79,0,79,0,4,91,0,95,178,0,178,273
02/28/2000,OSH,WI,AGL,CE,Federal Contract Tower,0,5,22,3,30,0,0,110,1,111,0,5,132,4,141,218,0,218,359
02/29/2000,OSH,WI,AGL,CE,Federal Contract Tower,0,3,12,2,17,0,4,33,0,37,0,7,45,2,54,161,0,161,215
03/01/2000,OSH,WI,AGL,CE,Federal Contract Tower,0,3,10,0,13,0,2,31,2,35,0,5,41,2,48,46,0,46,94
03/02/2000,OSH,WI,AGL,CE,Federal Contract Tower,0,4,18,1,23,0,1,129,1,131,0,5,147,2,154,186,0,186,340
03/03/2000,OSH,WI,AGL,CE,Federal Contract Tower,0,5,28,1,34,0,0,106,1,107,0,5,134,2,141,328,0,328,469
03/04/2000,OSH,WI,AGL,CE,Federal Contract Tower,0,2,9,0,11,0,3,209,0,212,0,5,218,0,223,322,0,322,545
03/05/2000,OSH,WI,AGL,CE,Federal Contract Tower,0,4,14,1,19,0,0,160,3,163,0,4,174,4,182,312,0,312,494
03/06/2000,OSH,WI,AGL,CE,Federal Contract Tower,0,4,12,1,17,0,0,101,1,102,0,4,113,2,119,301,2,303,422
03/07/2000,OSH,WI,AGL,CE,Federal Contract Tower,0,3,10,0,13,0,1,97,0,98,0,4,107,0,111,184,0,184,295
03/08/2000,OSH,WI,AGL,CE,Federal Contract Tower,0,3,11,0,14,0,1,41,0,42,0,4,52,0,56,66,0,66,122
03/09/2000,OSH,WI,AGL,CE,Federal Contract Tower,0,2,8,1,11,0,0,26,1,27,0,2,34,2,38,6,6,12,50
03/10/2000,OSH,WI,AGL,CE,Federal Contract Tower,0,1,6,0,7,0,1,47,0,48,0,2,53,0,55,210,0,210,265
03/11/2000,OSH,WI,AGL,CE,Federal Contract Tower,0,10,38,0,48,0,10,135,0,145,0,20,173,0,193,374,0,374,567
03/12/2000,OSH,WI,AGL,CE,Federal Contract Tower,0,2,8,0,10,0,2,97,0,99,0,4,105,0,109,166,0,166,275
03/13/2000,OSH,WI,AGL,CE,Federal Contract Tower,0,5,20,2,27,0,0,17,6,23,0,5,37,8,50,76,20,96,146
03/14/2000,OSH,WI,AGL,CE,Federal Contract Tower,0,4,21,2,27,0,0,102,8,110,0,4,123,10,137,182,6,188,325
03/15/2000,OSH,WI,AGL,CE,Federal Contract Tower,0,4,27,0,31,0,0,20,0,20,0,4,47,0,51,48,0,48,99
03/16/2000,OSH,WI,AGL,CE,Federal Contract Tower,0,4,14,1,19,0,0,118,3,121,0,4,132,4,140,188,4,192,332
03/17/2000,OSH,WI,AGL,CE,Federal Contract Tower,0,3,15,0,18,0,16,114,0,130,0,19,129,0,148,274,0,274,422
03/18/2000,OSH,WI,AGL,CE,Federal Contract Tower,0,1,6,0,7,0,2,37,0,39,0,3,43,0,46,243,0,243,289
03/19/2000,OSH,WI,AGL,CE,Federal Contract Tower,0,0,4,0,4,0,2,2,0,4,0,2,6,0,8,30,0,30,38
03/20/2000,OSH,WI,AGL,CE,Federal Contract Tower,0,4,16,0,20,0,2,0,0,2,0,6,16,0,22,0,0,0,22
03/21/2000,OSH,WI,AGL,CE,Federal Contract Tower,0,4,18,0,22,0,0,3,0,3,0,4,21,0,25,0,0,0,25
03/22/2000,OSH,WI,AGL,CE,Federal Contract Tower,0,4,42,0,46,0,0,65,0,65,0,4,107,0,111,208,0,208,319
03/23/2000,OSH,WI,AGL,CE,Federal Contract Tower,0,4,44,3,51,2,0,77,5,84,2,4,121,8,135,180,16,196,331
03/24/2000,OSH,WI,AGL,CE,Federal Contract Tower,0,2,25,0,27,2,0,21,0,23,2,2,46,0,50,144,0,144,194
03/25/2000,OSH,WI,AGL,CE,Federal Contract Tower,0,1,6,0,7,0,4,37,0,41,0,5,43,0,48,56,0,56,104
03/26/2000,OSH,WI,AGL,CE,Federal Contract Tower,0,0,8,0,8,0,0,124,0,124,0,0,132,0,132,108,0,108,240
03/27/2000,OSH,WI,AGL,CE,Federal Contract Tower,0,4,17,0,21,0,0,56,0,56,0,4,73,0,77,48,0,48,125
03/28/2000,OSH,WI,AGL,CE,Federal Contract Tower,0,4,14,0,18,0,1,42,0,43,0,5,56,0,61,152,0,152,213
03/29/2000,OSH,WI,AGL,CE,Federal Contract Tower,0,3,13,0,16,0,1,99,0,100,0,4,112,0,116,170,0,170,286
03/30/2000,OSH,WI,AGL,CE,Federal Contract Tower,0,4,28,1,33,0,0,178,3,181,0,4,206,4,214,198,2,200,414
03/31/2000,OSH,WI,AGL,CE,Federal Contract Tower,0,5,19,1,25,0,0,128,1,129,0,5,147,2,154,190,0,190,344
04/01/2000,OSH,WI,AGL,CE,Federal Contract Tower,0,4,16,2,22,0,0,152,2,154,0,4,168,4,176,208,0,208,384
04/02/2000,OSH,WI,AGL,CE,Federal Contract Tower,0,3,13,2,18,0,1,148,0,149,0,4,161,2,167,134,0,134,301
04/03/2000,OSH,WI,AGL,CE,Federal Contract Tower,0,4,16,0,20,0,2,62,0,64,0,6,78,0,84,126,0,126,210
04/04/2000,OSH,WI,AGL,CE,Federal Contract Tower,0,4,13,2,19,0,1,60,0,61,0,5,73,2,80,115,30,145,225
04/05/2000,OSH,WI,AGL,CE,Federal Contract Tower,0,4,16,3,23,0,0,46,3,49,0,4,62,6,72,63,0,63,135
04/06/2000,OSH,WI,AGL,CE,Federal Contract Tower,0,4,12,2,18,0,3,39,0,42,0,7,51,2,60,98,4,102,162
04/07/2000,OSH,WI,AGL,CE,Federal Contract Tower,0,2,8,0,10,0,4,5,0,9,0,6,13,0,19,26,0,26,45
04/08/2000,OSH,WI,AGL,CE,Federal Contract Tower,0,2,6,0,8,0,1,145,0,146,0,3,151,0,154,220,0,220,374
04/09/2000,OSH,WI,AGL,CE,Federal Contract Tower,0,3,6,0,9,0,3,98,0,101,0,6,104,0,110,164,0,164,274
04/10/2000,OSH,WI,AGL,CE,Federal Contract Tower,0,4,17,3,24,0,0,101,5,106,0,4,118,8,130,291,8,299,429
04/11/2000,OSH,WI,AGL,CE,Federal Contract Tower,0,3,20,3,26,0,0,12,5,17,0,3,32,8,43,84,0,84,127
04/12/2000,OSH,WI,AGL,CE,Federal Contract Tower,0,4,14,2,20,0,0,83,2,85,0,4,97,4,105,158,6,164,269
04/13/2000,OSH,WI,AGL,CE,Federal Contract Tower,0,7,29,4,40,0,0,45,4,49,0,7,74,8,89,64,20,84,173
04/14/2000,OSH,WI,AGL,CE,Federal Contract Tower,0,4,15,0,19,0,0,88,0,88,0,4,103,0,107,184,0,184,291
04/15/2000,OSH,WI,AGL,CE,Federal Contract Tower,0,4,19,0,23,0,0,27,0,27,0,4,46,0,50,94,0,94,144
04/16/2000,OSH,WI,AGL,CE,Federal Contract Tower,0,3,9,0,12,0,1,1,0,2,0,4,10,0,14,0,0,0,14
04/17/2000,OSH,WI,AGL,CE,Federal Contract Tower,0,5,13,2,20,0,0,0,2,2,0,5,13,4,22,0,0,0,22
04/18/2000,OSH,WI,AGL,CE,Federal Contract Tower,0,4,38,0,42,0,0,37,0,37,0,4,75,0,79,138,0,138,217
04/19/2000,OSH,WI,AGL,CE,Federal Contract Tower,0,4,21,0,25,0,0,9,0,9,0,4,30,0,34,77,0,77,111
04/20/2000,OSH,WI,AGL,CE,Federal Contract Tower,0,2,5,0,7,0,6,0,0,6,0,8,5,0,13,0,0,0,13
04/21/2000,OSH,WI,AGL,CE,Federal Contract Tower,0,5,14,0,19,0,0,84,0,84,0,5,98,0,103,226,0,226,329
04/22/2000,OSH,WI,AGL,CE,Federal Contract Tower,0,3,12,0,15,0,1,168,0,169,0,4,180,0,184,494,0,494,678
04/23/2000,OSH,WI,AGL,CE,Federal Contract Tower,0,3,7,0,10,0,1,68,0,69,0,4,75,0,79,94,0,94,173
04/24/2000,OSH,WI,AGL,CE,Federal Contract Tower,0,5,17,2,24,0,0,74,0,74,0,5,91,2,98,182,8,190,288
04/25/2000,OSH,WI,AGL,CE,Federal Contract Tower,0,6,20,2,28,0,0,136,10,146,0,6,156,12,174,174,12,186,360
04/26/2000,OSH,WI,AGL,CE,Federal Contract Tower,0,4,12,1,17,0,0,151,1,152,0,4,163,2,169,354,2,356,525
04/27/2000,OSH,WI,AGL,CE,Federal Contract Tower,0,4,13,0,17,0,0,109,0,109,0,4,122,0,126,366,2,368,494
04/28/2000,OSH,WI,AGL,CE,Federal Contract Tower,0,4,14,0,18,0,0,126,0,126,0,4,140,0,144,355,0,355,499
04/29/2000,OSH,WI,AGL,CE,Federal Contract Tower,0,5,16,0,21,0,0,114,0,114,0,5,130,0,135,327,0,327,462
04/30/2000,OSH,WI,AGL,CE,Federal Contract Tower,0,2,5,0,7,0,0,104,0,104,0,2,109,0,111,282,0,282,393
05/01/2000,OSH,WI,AGL,CE,Federal Contract Tower,0,3,11,0,14,0,9,113,0,122,0,12,124,0,136,238,0,238,374
05/02/2000,OSH,WI,AGL,CE,Federal Contract Tower,0,4,14,0,18,0,0,124,0,124,0,4,138,0,142,160,0,160,302
05/03/2000,OSH,WI,AGL,CE,Federal Contract Tower,0,4,17,0,21,0,2,153,0,155,0,6,170,0,176,298,0,298,474
05/04/2000,OSH,WI,AGL,CE,Federal Contract Tower,0,3,13,0,16,0,3,119,0,122,0,6,132,0,138,222,0,222,360
05/05/2000,OSH,WI,AGL,CE,Federal Contract Tower,0,2,9,1,12,0,3,124,2,129,0,5,133,3,141,186,9,195,336
05/06/2000,OSH,WI,AGL,CE,Federal Contract Tower,0,3,11,1,15,0,1,124,1,126,0,4,135,2,141,212,10,222,363
05/07/2000,OSH,WI,AGL,CE,Federal Contract Tower,0,3,12,1,16,0,1,78,5,84,0,4,90,6,100,120,20,140,240
05/08/2000,OSH,WI,AGL,CE,Federal Contract Tower,0,4,15,0,19,0,1,10,0,11,0,5,25,0,30,52,0,52,82
05/09/2000,OSH,WI,AGL,CE,Federal Contract Tower,0,5,18,0,23,0,0,94,0,94,0,5,112,0,117,146,0,146,263
05/10/2000,OSH,WI,AGL,CE,Federal Contract Tower,0,5,17,0,22,0,1,121,0,122,0,6,138,0,144,206,0,206,350
05/11/2000,OSH,WI,AGL,CE,Federal Contract Tower,0,4,16,1,21,0,1,36,1,38,0,5,52,2,59,66,0,66,125
05/12/2000,OSH,WI,AGL,CE,Federal Contract Tower,0,5,18,0,23,0,3,7,0,10,0,8,25,0,33,0,0,0,33
05/13/2000,OSH,WI,AGL,CE,Federal Contract Tower,0,3,13,0,16,0,1,39,0,40,0,4,52,0,56,18,0,18,74
05/14/2000,OSH,WI,AGL,CE,Federal Contract Tower,0,2,6,0,8,0,2,76,0,78,0,4,82,0,86,142,0,142,228
05/15/2000,OSH,WI,AGL,CE,Federal Contract Tower,0,3,16,0,19,0,0,142,0,142,0,3,158,0,161,304,0,304,465
05/16/2000,OSH,WI,AGL,CE,Federal Contract Tower,0,6,54,3,63,0,0,44,5,49,0,6,98,8,112,72,0,72,184
05/17/2000,OSH,WI,AGL,CE,Federal Contract Tower,0,6,27,0,33,0,0,57,0,57,0,6,84,0,90,104,0,104,194
05/18/2000,OSH,WI,AGL,CE,Federal Contract Tower,0,1,7,0,8,0,1,0,0,1,0,2,7,0,9,0,0,0,9
05/19/2000,OSH,WI,AGL,CE,Federal Contract Tower,0,6,22,0,28,0,1,97,3,101,0,7,119,3,129,146,0,146,275
05/20/2000,OSH,WI,AGL,CE,Federal Contract Tower,0,3,13,0,16,0,1,138,0,139,0,4,151,0,155,388,0,388,543
05/21/2000,OSH,WI,AGL,CE,Federal Contract Tower,0,3,11,0,14,0,2,91,0,93,0,5,102,0,107,224,0,224,331
05/22/2000,OSH,WI,AGL,CE,Federal Contract Tower,0,4,38,1,43,0,0,61,0,61,0,4,99,1,104,214,0,214,318
05/23/2000,OSH,WI,AGL,CE,Federal Contract Tower,0,4,42,1,47,0,0,123,9,132,0,4,165,10,179,156,12,168,347
05/24/2000,OSH,WI,AGL,CE,Federal Contract Tower,0,6,22,0,28,0,0,91,0,91,0,6,113,0,119,52,0,52,171
05/25/2000,OSH,WI,AGL,CE,Federal Contract Tower,0,3,13,0,16,0,1,106,2,109,0,4,119,2,125,103,0,103,228
05/26/2000,OSH,WI,AGL,CE,Federal Contract Tower,0,3,13,0,16,0,1,121,0,122,0,4,134,0,138,206,0,206,344
05/27/2000,OSH,WI,AGL,CE,Federal Contract Tower,0,2,8,0,10,0,3,17,0,20,0,5,25,0,30,40,0,40,70
05/28/2000,OSH,WI,AGL,CE,Federal Contract Tower,0,4,17,0,21,0,1,49,0,50,0,5,66,0,71,145,0,145,216
05/29/2000,OSH,WI,AGL,CE,Federal Contract Tower,0,2,11,0,13,0,0,153,2,155,0,2,164,2,168,316,2,318,486
05/30/2000,OSH,WI,AGL,CE,Federal Contract Tower,0,2,25,0,27,0,0,12,0,12,0,2,37,0,39,48,0,48,87
05/31/2000,OSH,WI,AGL,CE,Federal Contract Tower,0,2,13,0,15,0,0,30,0,30,0,2,43,0,45,84,0,84,129
06/01/2000,OSH,WI,AGL,CE,Federal Contract Tower,0,4,20,0,24,0,2,0,0,2,0,6,20,0,26,0,0,0,26
06/02/2000,OSH,WI,AGL,CE,Federal Contract Tower,0,5,28,2,35,0,0,64,4,68,0,5,92,6,103,206,0,206,309
06/03/2000,OSH,WI,AGL,CE,Federal Contract Tower,0,1,6,0,7,0,2,122,0,124,0,3,128,0,131,381,0,381,512
06/04/2000,OSH,WI,AGL,CE,Federal Contract Tower,0,2,9,1,12,0,2,34,1,37,0,4,43,2,49,104,0,104,153
06/05/2000,OSH,WI,AGL,CE,Federal Contract Tower,0,3,15,0,18,0,0,89,0,89,0,3,104,0,107,81,0,81,188
06/06/2000,OSH,WI,AGL,CE,Federal Contract Tower,0,3,10,0,13,0,1,115,0,116,0,4,125,0,129,240,0,240,369
06/07/2000,OSH,WI,AGL,CE,Federal Contract Tower,0,2,12,1,15,0,0,79,1,80,0,2,91,2,95,140,0,140,235
06/08/2000,OSH,WI,AGL,CE,Federal Contract Tower,0,4,16,1,21,0,0,135,1,136,0,4,151,2,157,224,0,224,381
06/09/2000,OSH,WI,AGL,CE,Federal Contract Tower,0,6,28,0,34,0,0,118,0,118,0,6,146,0,152,207,0,207,359
06/10/2000,OSH,WI,AGL,CE,Federal Contract Tower,0,3,12,0,15,0,3,163,0,166,0,6,175,0,181,118,0,118,299
06/11/2000,OSH,WI,AGL,CE,Federal Contract Tower,0,3,10,0,13,0,1,58,0,59,0,4,68,0,72,100,0,100,172
06/12/2000,OSH,WI,AGL,CE,Federal Contract Tower,0,8,42,3,53,0,0,30,5,35,0,8,72,8,88,114,0,114,202
06/13/2000,OSH,WI,AGL,CE,Federal Contract Tower,0,0,15,0,15,0,0,28,0,28,0,0,43,0,43,68,0,68,111
06/14/2000,OSH,WI,AGL,CE,Federal Contract Tower,0,2,27,2,31,0,0,58,6,64,0,2,85,8,95,102,6,108,203
06/15/2000,OSH,WI,AGL,CE,Federal Contract Tower,0,5,34,0,39,0,0,89,0,89,0,5,123,0,128,237,0,237,365
06/16/2000,OSH,WI,AGL,CE,Federal Contract Tower,0,6,21,0,27,0,2,65,0,67,0,8,86,0,94,178,0,178,272
06/17/2000,OSH,WI,AGL,CE,Federal Contract Tower,0,2,6,0,8,0,0,182,0,182,0,2,188,0,190,670,0,670,860
06/18/2000,OSH,WI,AGL,CE,Federal Contract Tower,0,1,5,0,6,0,3,146,2,151,0,4,151,2,157,204,0,204,361
06/19/2000,OSH,WI,AGL,CE,Federal Contract Tower,0,5,20,0,25,0,2,195,0,197,0,7,215,0,222,542,0,542,764
06/20/2000,OSH,WI,AGL,CE,Federal Contract Tower,0,4,15,0,19,0,1,0,6,7,0,5,15,6,26,38,20,58,84
06/21/2000,OSH,WI,AGL,CE,Federal Contract Tower,0,3,10,0,13,0,1,75,0,76,0,4,85,0,89,145,0,145,234
06/22/2000,OSH,WI,AGL,CE,Federal Contract Tower,0,5,17,0,22,0,2,118,4,124,0,7,135,4,146,372,28,400,546
06/23/2000,OSH,WI,AGL,CE,Federal Contract Tower,0,4,14,0,18,0,0,152,2,154,0,4,166,2,172,688,0,688,860
06/24/2000,OSH,WI,AGL,CE,Federal Contract Tower,0,3,13,0,16,0,3,99,0,102,0,6,112,0,118,510,0,510,628
06/25/2000,OSH,WI,AGL,CE,Federal Contract Tower,0,4,13,0,17,0,0,155,0,155,0,4,168,0,172,310,0,310,482
06/26/2000,OSH,WI,AGL,CE,Federal Contract Tower,0,4,26,1,31,0,0,127,3,130,0,4,153,4,161,440,0,440,601
06/27/2000,OSH,WI,AGL,CE,Federal Contract Tower,0,4,21,0,25,0,0,113,0,113,0,4,134,0,138,403,0,403,541
06/28/2000,OSH,WI,AGL,CE,Federal Contract Tower,0,7,29,0,36,0,3,63,0,66,0,10,92,0,102,328,0,328,430
06/29/2000,OSH,WI,AGL,CE,Federal Contract Tower,0,5,22,1,28,0,5,88,7,100,0,10,110,8,128,408,0,408,536
06/30/2000,OSH,WI,AGL,CE,Federal Contract Tower,0,4,16,0,20,0,4,123,0,127,0,8,139,0,147,348,0,348,495
07/01/2000,OSH,WI,AGL,CE,Federal Contract Tower,0,1,14,0,15,0,5,126,0,131,0,6,140,0,146,380,0,380,526
07/02/2000,OSH,WI,AGL,CE,Federal Contract Tower,0,0,5,0,5,0,2,41,0,43,0,2,46,0,48,42,0,42,90
07/03/2000,OSH,WI,AGL,CE,Federal Contract Tower,0,3,33,0,36,0,5,65,0,70,0,8,98,0,106,271,0,271,377
07/04/2000,OSH,WI,AGL,CE,Federal Contract Tower,0,2,19,0,21,0,4,108,0,112,0,6,127,0,133,341,0,341,474
07/05/2000,OSH,WI,AGL,CE,Federal Contract Tower,0,2,25,0,27,0,4,138,2,144,0,6,163,2,171,390,0,390,561
07/06/2000,OSH,WI,AGL,CE,Federal Contract Tower,0,4,36,1,41,0,4,92,7,103,0,8,128,8,144,341,0,341,485
07/07/2000,OSH,WI,AGL,CE,Federal Contract Tower,0,2,16,0,18,0,4,134,4,142,0,6,150,4,160,360,0,360,520
07/08/2000,OSH,WI,AGL,CE,Federal Contract Tower,0,1,10,0,11,0,4,28,0,32,0,5,38,0,43,146,0,146,189
07/09/2000,OSH,WI,AGL,CE,Federal Contract Tower,0,2,18,0,20,0,2,50,6,58,0,4,68,6,78,246,0,246,324
07/10/2000,OSH,WI,AGL,CE,Federal Contract Tower,0,3,24,0,27,0,1,91,0,92,0,4,115,0,119,320,0,320,439
07/11/2000,OSH,WI,AGL,CE,Federal Contract Tower,0,3,22,0,25,0,5,129,0,134,0,8,151,0,159,286,0,286,445
07/12/2000,OSH,WI,AGL,CE,Federal Contract Tower,0,2,16,0,18,0,6,88,0,94,0,8,104,0,112,242,0,242,354
07/13/2000,OSH,WI,AGL,CE,Federal Contract Tower,0,2,16,0,18,0,4,146,0,150,0,6,162,0,168,249,0,249,417
07/14/2000,OSH,WI,AGL,CE,Federal Contract Tower,0,2,16,0,18,0,6,133,0,139,0,8,149,0,157,342,0,342,499
07/15/2000,OSH,WI,AGL,CE,Federal Contract Tower,0,2,17,0,19,0,4,266,0,270,0,6,283,0,289,317,0,317,606
07/16/2000,OSH,WI,AGL,CE,Federal Contract Tower,0,1,8,0,9,0,3,183,0,186,0,4,191,0,195,240,0,240,435
07/17/2000,OSH,WI,AGL,CE,Federal Contract Tower,0,2,14,0,16,0,5,69,0,74,0,7,83,0,90,68,0,68,158
07/18/2000,OSH,WI,AGL,CE,Federal Contract Tower,0,2,17,1,20,0,9,112,3,124,0,11,129,4,144,320,2,322,466
07/19/2000,OSH,WI,AGL,CE,Federal Contract Tower,0,3,20,0,23,0,5,136,0,141,0,8,156,0,164,326,0,326,490
07/20/2000,OSH,WI,AGL,CE,Federal Contract Tower,0,4,25,1,30,0,4,128,3,135,0,8,153,4,165,244,0,244,409
07/21/2000,OSH,WI,AGL,CE,Federal Contract Tower,0,4,27,0,31,0,7,246,0,253,0,11,273,0,284,349,0,349,633
07/22/2000,OSH,WI,AGL,CE,Federal Contract Tower,0,4,35,0,39,0,2,297,0,299,0,6,332,0,338,314,0,314,652
07/23/2000,OSH,WI,AGL,CE,Federal Contract Tower,0,4,41,0,45,0,0,861,0,861,0,4,902,0,906,0,0,0,906
07/24/2000,OSH,WI,AGL,CE,Federal Contract Tower,0,5,38,0,43,0,3,1618,0,1621,0,8,1656,0,1664,0,0,0,1664
07/25/2000,OSH,WI,AGL,CE,Federal Contract Tower,0,8,116,3,127,0,0,2085,1,2086,0,8,2201,4,2213,0,0,0,2213
07/26/2000,OSH,WI,AGL,CE,Federal Contract Tower,0,8,93,1,102,0,0,1070,0,1070,0,8,1163,1,1172,0,0,0,1172
07/27/2000,OSH,WI,AGL,CE,Federal Contract Tower,1,4,140,3,148,1,0,1076,0,1077,2,4,1216,3,1225,0,0,0,1225
07/28/2000,OSH,WI,AGL,CE,Federal Contract Tower,0,6,189,5,200,0,0,878,0,878,0,6,1067,5,1078,0,0,0,1078
07/29/2000,OSH,WI,AGL,CE,Federal Contract Tower,1,9,188,3,201,9,0,2071,0,2080,10,9,2259,3,2281,0,0,0,2281
07/30/2000,OSH,WI,AGL,CE,Federal Contract Tower,2,4,219,2,227,2,0,2215,0,2217,4,4,2434,2,2444,0,0,0,2444
07/31/2000,OSH,WI,AGL,CE,Federal Contract Tower,0,9,179,5,193,0,0,893,4,897,0,9,1072,9,1090,0,0,0,1090
08/01/2000,OSH,WI,AGL,CE,Federal Contract Tower,0,7,80,1,88,0,0,761,0,761,0,7,841,1,849,0,0,0,849
08/02/2000,OSH,WI,AGL,CE,Federal Contract Tower,0,9,35,2,46,0,0,325,0,325,0,9,360,2,371,200,0,200,571
08/03/2000,OSH,WI,AGL,CE,Federal Contract Tower,0,9,24,2,35,0,1,258,0,259,0,10,282,2,294,165,2,167,461
08/04/2000,OSH,WI,AGL,CE,Federal Contract Tower,0,6,18,2,26,0,2,249,0,251,0,8,267,2,277,224,0,224,501
08/05/2000,OSH,WI,AGL,CE,Federal Contract Tower,0,3,7,0,10,0,2,109,0,111,0,5,116,0,121,292,0,292,413
08/06/2000,OSH,WI,AGL,CE,Federal Contract Tower,0,4,11,1,16,0,0,31,1,32,0,4,42,2,48,68,0,68,116
08/07/2000,OSH,WI,AGL,CE,Federal Contract Tower,0,5,14,0,19,0,1,147,0,148,0,6,161,0,167,242,0,242,409
08/08/2000,OSH,WI,AGL,CE,Federal Contract Tower,0,7,18,0,25,0,1,57,0,58,0,8,75,0,83,259,0,259,342
08/09/2000,OSH,WI,AGL,CE,Federal Contract Tower,0,4,13,0,17,0,5,122,0,127,0,9,135,0,144,246,0,246,390
08/10/2000,OSH,WI,AGL,CE,Federal Contract Tower,0,5,13,0,18,0,3,199,0,202,0,8,212,0,220,267,0,267,487
08/11/2000,OSH,WI,AGL,CE,Federal Contract Tower,0,7,19,2,28,0,1,146,2,149,0,8,165,4,177,220,4,224,401
08/12/2000,OSH,WI,AGL,CE,Federal Contract Tower,0,4,10,0,14,0,2,125,0,127,0,6,135,0,141,190,0,190,331
08/13/2000,OSH,WI,AGL,CE,Federal Contract Tower,0,3,9,0,12,0,1,77,0,78,0,4,86,0,90,144,0,144,234
08/14/2000,OSH,WI,AGL,CE,Federal Contract Tower,0,6,20,2,28,0,0,31,0,31,0,6,51,2,59,68,10,78,137
08/15/2000,OSH,WI,AGL,CE,Federal Contract Tower,0,5,14,0,19,0,4,54,0,58,0,9,68,0,77,261,0,261,338
08/16/2000,OSH,WI,AGL,CE,Federal Contract Tower,0,8,24,1,33,0,0,138,1,139,0,8,162,2,172,106,46,152,324
08/17/2000,OSH,WI,AGL,CE,Federal Contract Tower,0,6,49,3,58,0,0,4,15,19,0,6,53,18,77,46,0,46,123
08/18/2000,OSH,WI,AGL,CE,Federal Contract Tower,0,7,20,1,28,0,1,136,1,138,0,8,156,2,166,468,0,468,634
08/19/2000,OSH,WI,AGL,CE,Federal Contract Tower,0,5,15,1,21,0,3,140,0,143,0,8,155,1,164,488,0,488,652
08/20/2000,OSH,WI,AGL,CE,Federal Contract Tower,0,2,5,0,7,0,2,203,1,206,0,4,208,1,213,234,0,234,447
08/21/2000,OSH,WI,AGL,CE,Federal Contract Tower,0,6,19,1,26,0,2,71,3,76,0,8,90,4,102,329,20,349,451
08/22/2000,OSH,WI,AGL,CE,Federal Contract Tower,0,3,14,1,18,0,0,22,3,25,0,3,36,4,43,74,0,74,117
08/23/2000,OSH,WI,AGL,CE,Federal Contract Tower,0,7,19,1,27,0,2,77,1,80,0,9,96,2,107,75,0,75,182
08/24/2000,OSH,WI,AGL,CE,Federal Contract Tower,0,8,24,0,32,0,0,60,0,60,0,8,84,0,92,152,10,162,254
08/25/2000,OSH,WI,AGL,CE,Federal Contract Tower,0,5,15,0,20,0,4,63,0,67,0,9,78,0,87,184,0,184,271
08/26/2000,OSH,WI,AGL,CE,Federal Contract Tower,0,4,11,0,15,0,2,83,0,85,0,6,94,0,100,201,0,201,301
08/27/2000,OSH,WI,AGL,CE,Federal Contract Tower,0,4,13,0,17,0,0,49,0,49,0,4,62,0,66,160,0,160,226
08/28/2000,OSH,WI,AGL,CE,Federal Contract Tower,0,6,29,2,37,0,0,76,0,76,0,6,105,2,113,226,0,226,339
08/29/2000,OSH,WI,AGL,CE,Federal Contract Tower,0,5,29,2,36,0,0,60,0,60,0,5,89,2,96,150,0,150,246
08/30/2000,OSH,WI,AGL,CE,Federal Contract Tower,0,9,26,0,35,0,11,98,0,109,0,20,124,0,144,345,0,345,489
08/31/2000,OSH,WI,AGL,CE,Federal Contract Tower,0,6,17,0,23,0,4,51,0,55,0,10,68,0,78,182,0,182,260
09/01/2000,OSH,WI,AGL,CE,Federal Contract Tower,0,9,14,0,23,0,0,62,0,62,0,9,76,0,85,130,0,130,215
09/02/2000,OSH,WI,AGL,CE,Federal Contract Tower,0,8,12,0,20,0,0,36,0,36,0,8,48,0,56,20,0,20,76
09/03/2000,OSH,WI,AGL,CE,Federal Contract Tower,0,2,2,0,4,0,2,86,0,88,0,4,88,0,92,88,0,88,180
09/04/2000,OSH,WI,AGL,CE,Federal Contract Tower,0,4,5,0,9,0,0,102,0,102,0,4,107,0,111,54,0,54,165
09/05/2000,OSH,WI,AGL,CE,Federal Contract Tower,0,5,8,0,13,0,5,138,0,143,0,10,146,0,156,164,0,164,320
09/06/2000,OSH,WI,AGL,CE,Federal Contract Tower,0,9,14,3,26,0,1,81,5,87,0,10,95,8,113,128,0,128,241
09/07/2000,OSH,WI,AGL,CE,Federal Contract Tower,0,8,11,2,21,0,0,45,2,47,0,8,56,4,68,176,2,178,246
09/08/2000,OSH,WI,AGL,CE,Federal Contract Tower,0,9,14,3,26,0,0,115,3,118,0,9,129,6,144,240,6,246,390
09/09/2000,OSH,WI,AGL,CE,Federal Contract Tower,0,9,13,0,22,0,0,96,0,96,0,9,109,0,118,116,34,150,268
09/10/2000,OSH,WI,AGL,CE,Federal Contract Tower,0,4,14,3,21,0,0,92,5,97,0,4,106,8,118,234,0,234,352
09/11/2000,OSH,WI,AGL,CE,Federal Contract Tower,0,4,5,0,9,0,0,32,0,32,0,4,37,0,41,68,0,68,109
09/12/2000,OSH,WI,AGL,CE,Federal Contract Tower,0,7,10,2,19,0,1,112,0,113,0,8,122,2,132,112,0,112,244
09/13/2000,OSH,WI,AGL,CE,Federal Contract Tower,0,10,14,3,27,0,0,109,5,114,0,10,123,8,141,131,0,131,272
09/14/2000,OSH,WI,AGL,CE,Federal Contract Tower,0,11,16,2,29,0,1,48,0,49,0,12,64,2,78,41,10,51,129
09/15/2000,OSH,WI,AGL,CE,Federal Contract Tower,0,4,9,0,13,0,0,73,0,73,0,4,82,0,86,142,0,142,228
09/16/2000,OSH,WI,AGL,CE,Federal Contract Tower,0,3,4,0,7,0,4,131,0,135,0,7,135,0,142,197,0,197,339
09/17/2000,OSH,WI,AGL,CE,Federal Contract Tower,0,3,4,0,7,0,1,121,0,122,0,4,125,0,129,107,0,107,236
09/18/2000,OSH,WI,AGL,CE,Federal Contract Tower,0,4,12,1,17,0,0,61,1,62,0,4,73,2,79,97,18,115,194
09/19/2000,OSH,WI,AGL,CE,Federal Contract Tower,0,8,16,2,26,0,0,42,4,46,0,8,58,6,72,87,26,113,185
09/20/2000,OSH,WI,AGL,CE,Federal Contract Tower,0,6,14,2,22,0,0,39,3,42,0,6,53,5,64,116,22,138,202
09/21/2000,OSH,WI,AGL,CE,Federal Contract Tower,0,8,13,2,23,0,0,71,8,79,0,8,84,10,102,124,12,136,238
09/22/2000,OSH,WI,AGL,CE,Federal Contract Tower,0,8,12,0,20,0,1,16,0,17,0,9,28,0,37,80,0,80,117
09/23/2000,OSH,WI,AGL,CE,Federal Contract Tower,0,4,7,0,11,0,6,9,0,15,0,10,16,0,26,20,0,20,46
09/24/2000,OSH,WI,AGL,CE,Federal Contract Tower,0,3,5,0,8,0,1,66,0,67,0,4,71,0,75,70,0,70,145
09/25/2000,OSH,WI,AGL,CE,Federal Contract Tower,0,4,13,2,19,2,0,144,0,146,2,4,157,2,165,194,4,198,363
09/26/2000,OSH,WI,AGL,CE,Federal Contract Tower,0,8,14,0,22,0,0,186,0,186,0,8,200,0,208,108,2,110,318
09/27/2000,OSH,WI,AGL,CE,Federal Contract Tower,0,4,8,0,12,0,0,81,0,81,0,4,89,0,93,140,0,140,233
09/28/2000,OSH,WI,AGL,CE,Federal Contract Tower,0,5,9,0,14,0,3,104,0,107,0,8,113,0,121,170,0,170,291
09/29/2000,OSH,WI,AGL,CE,Federal Contract Tower,0,8,15,0,23,0,0,41,0,41,0,8,56,0,64,138,0,138,202
09/30/2000,OSH,WI,AGL,CE,Federal Contract Tower,0,4,6,0,10,0,2,55,0,57,0,6,61,0,67,84,0,84,151
10/01/2000,OSH,WI,AGL,CE,Federal Contract Tower,0,0,2,0,2,0,0,75,1,76,0,0,77,1,78,73,0,73,151
10/02/2000,OSH,WI,AGL,CE,Federal Contract Tower,0,5,13,1,19,0,3,57,1,61,0,8,70,2,80,164,6,170,250
10/03/2000,OSH,WI,AGL,CE,Federal Contract Tower,0,7,16,1,24,0,1,88,3,92,0,8,104,4,116,85,4,89,205
10/04/2000,OSH,WI,AGL,CE,Federal Contract Tower,0,6,11,0,17,0,2,131,0,133,0,8,142,0,150,146,2,148,298
10/05/2000,OSH,WI,AGL,CE,Federal Contract Tower,0,8,20,1,29,0,0,52,7,59,0,8,72,8,88,84,22,106,194
10/06/2000,OSH,WI,AGL,CE,Federal Contract Tower,0,7,15,0,22,2,1,37,0,40,2,8,52,0,62,73,0,73,135
10/07/2000,OSH,WI,AGL,CE,Federal Contract Tower,0,2,5,0,7,0,4,22,0,26,0,6,27,0,33,44,0,44,77
10/08/2000,OSH,WI,AGL,CE,Federal Contract Tower,0,3,8,0,11,0,1,67,0,68,0,4,75,0,79,50,0,50,129
10/09/2000,OSH,WI,AGL,CE,Federal Contract Tower,0,1,4,0,5,0,3,83,0,86,0,4,87,0,91,68,0,68,159
10/10/2000,OSH,WI,AGL,CE,Federal Contract Tower,0,5,14,0,19,0,6,110,0,116,0,11,124,0,135,112,0,112,247
10/11/2000,OSH,WI,AGL,CE,Federal Contract Tower,0,5,12,0,17,0,5,92,0,97,0,10,104,0,114,86,0,86,200
10/12/2000,OSH,WI,AGL,CE,Federal Contract Tower,0,7,17,2,26,0,3,81,0,84,0,10,98,2,110,104,36,140,250
10/13/2000,OSH,WI,AGL,CE,Federal Contract Tower,0,7,18,2,27,0,3,110,0,113,0,10,128,2,140,120,2,122,262
10/14/2000,OSH,WI,AGL,CE,Federal Contract Tower,0,1,3,0,4,0,0,75,0,75,0,1,78,0,79,122,2,124,203
10/15/2000,OSH,WI,AGL,CE,Federal Contract Tower,0,4,14,2,20,0,0,42,0,42,0,4,56,2,62,84,0,84,146
10/16/2000,OSH,WI,AGL,CE,Federal Contract Tower,0,0,21,2,23,0,0,36,4,40,0,0,57,6,63,115,7,122,185
10/17/2000,OSH,WI,AGL,CE,Federal Contract Tower,0,2,14,0,16,0,0,49,0,49,0,2,63,0,65,63,0,63,128
10/18/2000,OSH,WI,AGL,CE,Federal Contract Tower,0,5,15,2,22,0,0,133,2,135,0,5,148,4,157,185,11,196,353
10/19/2000,OSH,WI,AGL,CE,Federal Contract Tower,0,8,19,0,27,0,0,130,0,130,0,8,149,0,157,124,0,124,281
10/20/2000,OSH,WI,AGL,CE,Federal Contract Tower,0,5,14,0,19,0,0,72,0,72,0,5,86,0,91,210,0,210,301
10/21/2000,OSH,WI,AGL,CE,Federal Contract Tower,0,5,11,0,16,0,1,193,0,194,0,6,204,0,210,124,0,124,334
10/22/2000,OSH,WI,AGL,CE,Federal Contract Tower,0,4,12,0,16,0,0,104,0,104,0,4,116,0,120,148,0,148,268
10/23/2000,OSH,WI,AGL,CE,Federal Contract Tower,0,6,16,0,22,0,1,0,0,1,0,7,16,0,23,0,0,0,23
10/24/2000,OSH,WI,AGL,CE,Federal Contract Tower,0,6,23,0,29,0,0,20,0,20,0,6,43,0,49,32,0,32,81
10/25/2000,OSH,WI,AGL,CE,Federal Contract Tower,0,4,27,0,31,0,0,31,0,31,0,4,58,0,62,132,0,132,194
10/26/2000,OSH,WI,AGL,CE,Federal Contract Tower,0,6,37,2,45,0,0,41,2,43,0,6,78,4,88,108,6,114,202
10/27/2000,OSH,WI,AGL,CE,Federal Contract Tower,0,8,21,1,30,0,0,32,1,33,0,8,53,2,63,82,0,82,145
10/28/2000,OSH,WI,AGL,CE,Federal Contract Tower,0,8,25,0,33,0,0,123,0,123,0,8,148,0,156,140,0,140,296
10/29/2000,OSH,WI,AGL,CE,Federal Contract Tower,0,3,7,0,10,0,1,157,0,158,0,4,164,0,168,96,0,96,264
10/30/2000,OSH,WI,AGL,CE,Federal Contract Tower,0,6,17,1,24,0,2,51,1,54,0,8,68,2,78,84,8,92,170
10/31/2000,OSH,WI,AGL,CE,Federal Contract Tower,0,5,11,0,16,0,3,116,0,119,0,8,127,0,135,91,0,91,226
11/01/2000,OSH,WI,AGL,CE,Federal Contract Tower,0,8,18,2,28,0,0,93,0,93,0,8,111,2,121,115,36,151,272
11/02/2000,OSH,WI,AGL,CE,Federal Contract Tower,0,8,15,0,23,0,0,114,0,114,0,8,129,0,137,139,0,139,276
11/03/2000,OSH,WI,AGL,CE,Federal Contract Tower,0,8,20,2,30,0,0,94,0,94,0,8,114,2,124,92,11,103,227
11/04/2000,OSH,WI,AGL,CE,Federal Contract Tower,0,4,13,0,17,0,0,219,0,219,0,4,232,0,236,129,0,129,365
11/05/2000,OSH,WI,AGL,CE,Federal Contract Tower,0,8,18,2,28,0,0,128,0,128,0,8,146,2,156,82,0,82,238
11/06/2000,OSH,WI,AGL,CE,Federal Contract Tower,0,6,13,0,19,0,0,15,0,15,0,6,28,0,34,18,0,18,52
11/07/2000,OSH,WI,AGL,CE,Federal Contract Tower,0,4,12,0,16,0,0,22,0,22,0,4,34,0,38,72,0,72,110
11/08/2000,OSH,WI,AGL,CE,Federal Contract Tower,0,8,14,0,22,0,2,70,0,72,0,10,84,0,94,122,0,122,216
11/09/2000,OSH,WI,AGL,CE,Federal Contract Tower,0,8,20,3,31,0,0,7,1,8,0,8,27,4,39,0,0,0,39
11/10/2000,OSH,WI,AGL,CE,Federal Contract Tower,0,7,13,0,20,0,3,95,0,98,0,10,108,0,118,82,0,82,200
11/11/2000,OSH,WI,AGL,CE,Federal Contract Tower,0,10,19,0,29,0,1,133,0,134,0,11,152,0,163,126,0,126,289
11/12/2000,OSH,WI,AGL,CE,Federal Contract Tower,0,2,4,0,6,0,2,20,0,22,0,4,24,0,28,42,0,42,70
11/13/2000,OSH,WI,AGL,CE,Federal Contract Tower,0,5,11,0,16,0,1,113,0,114,0,6,124,0,130,148,0,148,278
11/14/2000,OSH,WI,AGL,CE,Federal Contract Tower,0,8,15,0,23,0,0,41,0,41,0,8,56,0,64,94,0,94,158
11/15/2000,OSH,WI,AGL,CE,Federal Contract Tower,0,6,12,2,20,0,3,111,0,114,0,9,123,2,134,127,0,127,261
11/16/2000,OSH,WI,AGL,CE,Federal Contract Tower,0,3,4,0,7,0,2,0,0,2,0,5,4,0,9,0,0,0,9
11/17/2000,OSH,WI,AGL,CE,Federal Contract Tower,0,6,12,0,18,0,2,47,0,49,0,8,59,0,67,84,0,84,151
11/18/2000,OSH,WI,AGL,CE,Federal Contract Tower,0,7,15,0,22,0,0,58,0,58,0,7,73,0,80,128,0,128,208
11/19/2000,OSH,WI,AGL,CE,Federal Contract Tower,0,4,7,0,11,0,0,1,0,1,0,4,8,0,12,0,0,0,12
11/20/2000,OSH,WI,AGL,CE,Federal Contract Tower,0,8,22,2,32,0,0,13,14,27,0,8,35,16,59,18,18,36,95
11/21/2000,OSH,WI,AGL,CE,Federal Contract Tower,0,6,23,2,31,0,0,80,14,94,0,6,103,16,125,82,18,100,225
11/22/2000,OSH,WI,AGL,CE,Federal Contract Tower,0,5,10,0,15,0,3,130,0,133,0,8,140,0,148,136,0,136,284
11/23/2000,OSH,WI,AGL,CE,Federal Contract Tower,0,0,3,0,3,0,0,30,0,30,0,0,33,0,33,2,0,2,35
11/24/2000,OSH,WI,AGL,CE,Federal Contract Tower,0,3,7,0,10,0,1,131,0,132,0,4,138,0,142,70,0,70,212
11/25/2000,OSH,WI,AGL,CE,Federal Contract Tower,0,5,12,0,17,0,0,236,0,236,0,5,248,0,253,102,0,102,355
11/26/2000,OSH,WI,AGL,CE,Federal Contract Tower,0,3,6,0,9,0,1,0,0,1,0,4,6,0,10,0,0,0,10
11/27/2000,OSH,WI,AGL,CE,Federal Contract Tower,0,7,14,0,21,0,3,0,0,3,0,10,14,0,24,0,0,0,24
11/28/2000,OSH,WI,AGL,CE,Federal Contract Tower,0,8,24,2,34,0,0,49,2,51,0,8,73,4,85,136,0,136,221
11/29/2000,OSH,WI,AGL,CE,Federal Contract Tower,0,5,8,0,13,0,3,0,0,3,0,8,8,0,16,0,0,0,16
11/30/2000,OSH,WI,AGL,CE,Federal Contract Tower,0,8,15,1,24,0,1,117,1,119,0,9,132,2,143,101,0,101,244
12/01/2000,OSH,WI,AGL,CE,Federal Contract Tower,0,4,5,1,10,0,0,87,1,88,0,4,92,2,98,100,0,100,198
12/02/2000,OSH,WI,AGL,CE,Federal Contract Tower,0,3,3,0,6,0,2,125,0,127,0,5,128,0,133,164,0,164,297
12/03/2000,OSH,WI,AGL,CE,Federal Contract Tower,0,4,9,2,15,0,0,77,0,77,0,4,86,2,92,97,0,97,189
12/04/2000,OSH,WI,AGL,CE,Federal Contract Tower,0,7,11,0,18,0,1,14,0,15,0,8,25,0,33,94,0,94,127
12/05/2000,OSH,WI,AGL,CE,Federal Contract Tower,0,5,8,0,13,0,1,37,0,38,0,6,45,0,51,86,0,86,137
12/06/2000,OSH,WI,AGL,CE,Federal Contract Tower,0,8,20,6,34,0,0,21,0,21,0,8,41,6,55,12,10,22,77
12/07/2000,OSH,WI,AGL,CE,Federal Contract Tower,0,6,15,5,26,0,0,2,3,5,0,6,17,8,31,8,0,8,39
12/08/2000,OSH,WI,AGL,CE,Federal Contract Tower,0,5,9,0,14,0,2,118,0,120,0,7,127,0,134,78,0,78,212
12/09/2000,OSH,WI,AGL,CE,Federal Contract Tower,0,4,7,0,11,0,0,101,0,101,0,4,108,0,112,104,0,104,216
12/10/2000,OSH,WI,AGL,CE,Federal Contract Tower,0,0,2,0,2,0,2,6,0,8,0,2,8,0,10,24,0,24,34
12/11/2000,OSH,WI,AGL,CE,Federal Contract Tower,0,0,2,0,2,0,0,2,0,2,0,0,4,0,4,0,0,0,4
12/12/2000,OSH,WI,AGL,CE,Federal Contract Tower,0,0,6,0,6,0,0,7,0,7,0,0,13,0,13,64,0,64,77
12/13/2000,OSH,WI,AGL,CE,Federal Contract Tower,0,4,8,0,12,0,0,68,0,68,0,4,76,0,80,36,0,36,116
12/14/2000,OSH,WI,AGL,CE,Federal Contract Tower,0,6,10,0,16,0,4,74,0,78,0,10,84,0,94,86,0,86,180
12/15/2000,OSH,WI,AGL,CE,Federal Contract Tower,0,4,9,0,13,0,0,36,0,36,0,4,45,0,49,174,0,174,223
12/16/2000,OSH,WI,AGL,CE,Federal Contract Tower,0,2,3,0,5,0,2,1,0,3,0,4,4,0,8,0,0,0,8
12/17/2000,OSH,WI,AGL,CE,Federal Contract Tower,0,3,6,2,11,0,0,48,1,49,0,3,54,3,60,22,0,22,82
12/18/2000,OSH,WI,AGL,CE,Federal Contract Tower,0,5,7,1,13,0,0,8,0,8,0,5,15,1,21,0,0,0,21
12/19/2000,OSH,WI,AGL,CE,Federal Contract Tower,0,9,18,4,31,0,0,69,20,89,0,9,87,24,120,158,26,184,304
12/20/2000,OSH,WI,AGL,CE,Federal Contract Tower,0,4,10,2,16,0,0,35,2,37,0,4,45,4,53,80,10,90,143
12/21/2000,OSH,WI,AGL,CE,Federal Contract Tower,0,9,22,5,36,0,0,18,23,41,0,9,40,28,77,130,18,148,225
12/22/2000,OSH,WI,AGL,CE,Federal Contract Tower,0,8,14,0,22,0,1,97,0,98,0,9,111,0,120,70,0,70,190
12/23/2000,OSH,WI,AGL,CE,Federal Contract Tower,0,3,3,0,6,0,3,0,0,3,0,6,3,0,9,0,0,0,9
12/24/2000,OSH,WI,AGL,CE,Federal Contract Tower,0,2,4,0,6,0,2,0,0,2,0,4,4,0,8,16,0,16,24
12/25/2000,OSH,WI,AGL,CE,Federal Contract Tower,0,3,4,0,7,0,1,21,0,22,0,4,25,0,29,11,0,11,40
12/26/2000,OSH,WI,AGL,CE,Federal Contract Tower,0,7,11,0,18,0,1,52,0,53,0,8,63,0,71,66,0,66,137
12/27/2000,OSH,WI,AGL,CE,Federal Contract Tower,0,4,10,0,14,0,0,117,0,117,0,4,127,0,131,104,0,104,235
12/28/2000,OSH,WI,AGL,CE,Federal Contract Tower,0,4,6,1,11,0,2,18,3,23,0,6,24,4,34,64,0,64,98
12/29/2000,OSH,WI,AGL,CE,Federal Contract Tower,0,5,8,0,13,0,3,0,0,3,0,8,8,0,16,0,0,0,16
12/30/2000,OSH,WI,AGL,CE,Federal Contract Tower,0,5,7,0,12,0,5,55,0,60,0,10,62,0,72,108,0,108,180
12/31/2000,OSH,WI,AGL,CE,Federal Contract Tower,0,2,5,0,7,0,2,43,0,45,0,4,48,0,52,18,0,18,70
01/01/2001,OSH,WI,AGL,CE,Federal Contract Tower,0,4,8,0,12,0,0,66,0,66,0,4,74,0,78,108,0,108,186
01/02/2001,OSH,WI,AGL,CE,Federal Contract Tower,0,9,14,0,23,0,3,48,0,51,0,12,62,0,74,52,0,52,126
01/03/2001,OSH,WI,AGL,CE,Federal Contract Tower,0,6,10,0,16,0,0,32,0,32,0,6,42,0,48,55,0,55,103
01/04/2001,OSH,WI,AGL,CE,Federal Contract Tower,0,6,15,0,21,0,0,34,0,34,0,6,49,0,55,137,0,137,192
01/05/2001,OSH,WI,AGL,CE,Federal Contract Tower,0,8,15,0,23,0,0,68,0,68,0,8,83,0,91,122,0,122,213
01/06/2001,OSH,WI,AGL,CE,Federal Contract Tower,0,5,10,0,15,0,1,108,0,109,0,6,118,0,124,82,0,82,206
01/07/2001,OSH,WI,AGL,CE,Federal Contract Tower,0,0,2,0,2,0,0,74,0,74,0,0,76,0,76,95,0,95,171
01/08/2001,OSH,WI,AGL,CE,Federal Contract Tower,0,5,9,2,16,0,3,69,2,74,0,8,78,4,90,97,8,105,195
01/09/2001,OSH,WI,AGL,CE,Federal Contract Tower,0,7,13,0,20,0,1,51,0,52,0,8,64,0,72,114,0,114,186
01/10/2001,OSH,WI,AGL,CE,Federal Contract Tower,0,8,19,0,27,0,0,53,0,53,0,8,72,0,80,84,0,84,164
01/11/2001,OSH,WI,AGL,CE,Federal Contract Tower,0,6,11,0,17,0,2,27,0,29,0,8,38,0,46,91,0,91,137
01/12/2001,OSH,WI,AGL,CE,Federal Contract Tower,0,4,6,0,10,0,0,12,0,12,0,4,18,0,22,6,0,6,28
01/13/2001,OSH,WI,AGL,CE,Federal Contract Tower,0,3,6,0,9,0,3,20,0,23,0,6,26,0,32,106,0,106,138
01/14/2001,OSH,WI,AGL,CE,Federal Contract Tower,0,3,4,0,7,0,2,0,0,2,0,5,4,0,9,0,0,0,9
01/15/2001,OSH,WI,AGL,CE,Federal Contract Tower,0,5,10,0,15,0,1,7,0,8,0,6,17,0,23,0,0,0,23
01/16/2001,OSH,WI,AGL,CE,Federal Contract Tower,0,9,17,0,26,0,1,58,0,59,0,10,75,0,85,130,0,130,215
01/17/2001,OSH,WI,AGL,CE,Federal Contract Tower,0,8,30,4,42,0,0,76,2,78,0,8,106,6,120,184,0,184,304
01/18/2001,OSH,WI,AGL,CE,Federal Contract Tower,0,2,13,2,17,0,0,32,8,40,0,2,45,10,57,58,22,80,137
01/19/2001,OSH,WI,AGL,CE,Federal Contract Tower,0,4,10,0,14,0,4,60,0,64,0,8,70,0,78,104,0,104,182
01/20/2001,OSH,WI,AGL,CE,Federal Contract Tower,0,3,6,0,9,0,2,151,0,153,0,5,157,0,162,123,0,123,285
01/21/2001,OSH,WI,AGL,CE,Federal Contract Tower,0,4,11,0,15,0,0,101,0,101,0,4,112,0,116,152,0,152,268
01/22/2001,OSH,WI,AGL,CE,Federal Contract Tower,0,6,11,1,18,0,0,112,1,113,0,6,123,2,131,235,14,249,380
01/23/2001,OSH,WI,AGL,CE,Federal Contract Tower,0,4,11,1,16,0,0,66,7,73,0,4,77,8,89,134,15,149,238
01/24/2001,OSH,WI,AGL,CE,Federal Contract Tower,0,8,19,2,29,0,0,28,4,32,0,8,47,6,61,126,0,126,187
01/25/2001,OSH,WI,AGL,CE,Federal Contract Tower,0,9,17,2,28,0,1,64,0,65,0,10,81,2,93,108,0,108,201
01/26/2001,OSH,WI,AGL,CE,Federal Contract Tower,0,2,8,0,10,0,0,46,0,46,0,2,54,0,56,92,0,92,148
01/27/2001,OSH,WI,AGL,CE,Federal Contract Tower,0,3,7,0,10,0,1,65,0,66,0,4,72,0,76,76,0,76,152
01/28/2001,OSH,WI,AGL,CE,Federal Contract Tower,0,1,3,0,4,0,3,61,0,64,0,4,64,0,68,106,0,106,174
01/29/2001,OSH,WI,AGL,CE,Federal Contract Tower,0,2,7,0,9,0,0,1,0,1,0,2,8,0,10,0,0,0,10
01/30/2001,OSH,WI,AGL,CE,Federal Contract Tower,0,4,10,0,14,0,4,33,0,37,0,8,43,0,51,148,0,148,199
01/31/2001,OSH,WI,AGL,CE,Federal Contract Tower,0,4,9,1,14,0,0,63,3,66,0,4,72,4,80,159,24,183,263
02/01/2001,OSH,WI,AGL,CE,Federal Contract Tower,0,6,13,2,21,0,0,62,2,64,0,6,75,4,85,124,4,128,213
02/02/2001,OSH,WI,AGL,CE,Federal Contract Tower,0,3,7,1,11,0,3,59,1,63,0,6,66,2,74,161,0,161,235
02/03/2001,OSH,WI,AGL,CE,Federal Contract Tower,0,7,13,0,20,0,3,61,0,64,0,10,74,0,84,48,0,48,132
02/04/2001,OSH,WI,AGL,CE,Federal Contract Tower,0,4,9,2,15,0,0,1,0,1,0,4,10,2,16,0,0,0,16
02/05/2001,OSH,WI,AGL,CE,Federal Contract Tower,0,2,4,0,6,0,2,35,0,37,0,4,39,0,43,209,0,209,252
02/06/2001,OSH,WI,AGL,CE,Federal Contract Tower,0,4,9,2,15,0,0,47,0,47,0,4,56,2,62,138,0,138,200
02/07/2001,OSH,WI,AGL,CE,Federal Contract Tower,0,2,14,0,16,0,0,28,0,28,0,2,42,0,44,69,0,69,113
02/08/2001,OSH,WI,AGL,CE,Federal Contract Tower,0,2,7,0,9,0,0,3,0,3,0,2,10,0,12,0,0,0,12
02/09/2001,OSH,WI,AGL,CE,Federal Contract Tower,0,3,4,0,7,0,2,0,0,2,0,5,4,0,9,0,0,0,9
02/10/2001,OSH,WI,AGL,CE,Federal Contract Tower,0,3,5,0,8,0,4,45,0,49,0,7,50,0,57,114,0,114,171
02/11/2001,OSH,WI,AGL,CE,Federal Contract Tower,0,0,5,0,5,0,0,112,0,112,0,0,117,0,117,148,0,148,265
02/12/2001,OSH,WI,AGL,CE,Federal Contract Tower,0,5,8,0,13,0,1,59,0,60,0,6,67,0,73,194,0,194,267
02/13/2001,OSH,WI,AGL,CE,Federal Contract Tower,0,7,12,0,19,0,1,29,0,30,0,8,41,0,49,46,0,46,95
02/14/2001,OSH,WI,AGL,CE,Federal Contract Tower,0,6,16,2,24,0,0,32,12,44,0,6,48,14,68,138,12,150,218
02/15/2001,OSH,WI,AGL,CE,Federal Contract Tower,0,4,12,2,18,0,0,103,8,111,0,4,115,10,129,236,38,274,403
02/16/2001,OSH,WI,AGL,CE,Federal Contract Tower,0,4,7,0,11,0,6,59,0,65,0,10,66,0,76,117,0,117,193
02/17/2001,OSH,WI,AGL,CE,Federal Contract Tower,0,5,8,0,13,0,1,40,0,41,0,6,48,0,54,42,0,42,96
02/18/2001,OSH,WI,AGL,CE,Federal Contract Tower,0,3,6,0,9,0,1,33,0,34,0,4,39,0,43,73,0,73,116
02/19/2001,OSH,WI,AGL,CE,Federal Contract Tower,0,7,13,0,20,0,1,67,0,68,0,8,80,0,88,206,0,206,294
02/20/2001,OSH,WI,AGL,CE,Federal Contract Tower,0,5,11,0,16,0,3,61,0,64,0,8,72,0,80,96,0,96,176
02/21/2001,OSH,WI,AGL,CE,Federal Contract Tower,0,8,20,0,28,0,0,67,0,67,0,8,87,0,95,127,0,127,222
02/22/2001,OSH,WI,AGL,CE,Federal Contract Tower,0,6,23,2,31,0,0,25,0,25,0,6,48,2,56,97,0,97,153
02/23/2001,OSH,WI,AGL,CE,Federal Contract Tower,0,10,17,0,27,0,0,59,0,59,0,10,76,0,86,170,0,170,256
02/24/2001,OSH,WI,AGL,CE,Federal Contract Tower,0,2,4,0,6,0,4,23,0,27,0,6,27,0,33,51,0,51,84
02/25/2001,OSH,WI,AGL,CE,Federal Contract Tower,0,2,4,0,6,0,0,9,0,9,0,2,13,0,15,0,0,0,15
02/26/2001,OSH,WI,AGL,CE,Federal Contract Tower,0,6,12,0,18,0,2,101,0,103,0,8,113,0,121,203,0,203,324
02/27/2001,OSH,WI,AGL,CE,Federal Contract Tower,0,4,8,0,12,0,0,116,0,116,0,4,124,0,128,133,0,133,261
02/28/2001,OSH,WI,AGL,CE,Federal Contract Tower,0,2,5,0,7,0,2,91,0,93,0,4,96,0,100,122,0,122,222
03/01/2001,OSH,WI,AGL,CE,Federal Contract Tower,0,5,12,2,19,0,5,76,0,81,0,10,88,2,100,127,6,133,233
03/02/2001,OSH,WI,AGL,CE,Federal Contract Tower,0,4,27,2,33,0,0,67,0,67,0,4,94,2,100,144,0,144,244
03/03/2001,OSH,WI,AGL,CE,Federal Contract Tower,0,5,12,0,17,0,0,124,0,124,0,5,136,0,141,254,0,254,395
03/04/2001,OSH,WI,AGL,CE,Federal Contract Tower,0,4,13,3,20,0,0,129,4,133,0,4,142,7,153,184,14,198,351
03/05/2001,OSH,WI,AGL,CE,Federal Contract Tower,0,2,11,3,16,0,0,33,1,34,0,2,44,4,50,36,10,46,96
03/06/2001,OSH,WI,AGL,CE,Federal Contract Tower,0,4,17,3,24,0,0,99,1,100,0,4,116,4,124,120,24,144,268
03/07/2001,OSH,WI,AGL,CE,Federal Contract Tower,0,4,15,2,21,0,0,87,0,87,0,4,102,2,108,131,0,131,239
03/08/2001,OSH,WI,AGL,CE,Federal Contract Tower,0,7,15,0,22,0,1,68,0,69,0,8,83,0,91,142,0,142,233
03/09/2001,OSH,WI,AGL,CE,Federal Contract Tower,0,8,20,0,28,0,0,138,0,138,0,8,158,0,166,201,0,201,367
03/10/2001,OSH,WI,AGL,CE,Federal Contract Tower,0,4,8,0,12,0,0,29,0,29,0,4,37,0,41,36,0,36,77
03/11/2001,OSH,WI,AGL,CE,Federal Contract Tower,0,3,6,0,9,0,1,104,0,105,0,4,110,0,114,98,0,98,212
03/12/2001,OSH,WI,AGL,CE,Federal Contract Tower,0,2,4,0,6,0,2,0,0,2,0,4,4,0,8,0,0,0,8
03/13/2001,OSH,WI,AGL,CE,Federal Contract Tower,0,4,8,2,14,0,4,63,2,69,0,8,71,4,83,66,10,76,159
03/14/2001,OSH,WI,AGL,CE,Federal Contract Tower,0,11,28,5,44,0,0,28,13,41,0,11,56,18,85,44,10,54,139
03/15/2001,OSH,WI,AGL,CE,Federal Contract Tower,0,8,19,3,30,0,6,55,1,62,0,14,74,4,92,128,0,128,220
03/16/2001,OSH,WI,AGL,CE,Federal Contract Tower,0,4,12,0,16,0,0,26,0,26,0,4,38,0,42,182,0,182,224
03/17/2001,OSH,WI,AGL,CE,Federal Contract Tower,0,3,9,0,12,0,1,127,0,128,0,4,136,0,140,134,0,134,274
03/18/2001,OSH,WI,AGL,CE,Federal Contract Tower,0,2,6,0,8,0,0,139,0,139,0,2,145,0,147,146,0,146,293
03/19/2001,OSH,WI,AGL,CE,Federal Contract Tower,0,5,12,0,17,0,3,48,0,51,0,8,60,0,68,82,0,82,150
03/20/2001,OSH,WI,AGL,CE,Federal Contract Tower,0,6,14,0,20,0,2,125,0,127,0,8,139,0,147,302,0,302,449
03/21/2001,OSH,WI,AGL,CE,Federal Contract Tower,0,4,23,3,30,0,0,61,7,68,0,4,84,10,98,226,2,228,326
03/22/2001,OSH,WI,AGL,CE,Federal Contract Tower,0,4,21,3,28,0,0,105,1,106,0,4,126,4,134,153,0,153,287
03/23/2001,OSH,WI,AGL,CE,Federal Contract Tower,0,5,12,0,17,0,3,76,0,79,0,8,88,0,96,161,8,169,265
03/24/2001,OSH,WI,AGL,CE,Federal Contract Tower,0,4,11,0,15,0,0,44,0,44,0,4,55,0,59,46,0,46,105
03/25/2001,OSH,WI,AGL,CE,Federal Contract Tower,0,2,6,0,8,0,0,22,0,22,0,2,28,0,30,32,0,32,62
03/26/2001,OSH,WI,AGL,CE,Federal Contract Tower,0,5,14,2,21,0,1,62,4,67,0,6,76,6,88,122,20,142,230
03/27/2001,OSH,WI,AGL,CE,Federal Contract Tower,0,7,16,2,25,0,2,101,8,111,0,9,117,10,136,186,12,198,334
03/28/2001,OSH,WI,AGL,CE,Federal Contract Tower,0,4,10,0,14,0,6,78,0,84,0,10,88,0,98,182,0,182,280
03/29/2001,OSH,WI,AGL,CE,Federal Contract Tower,0,9,26,4,39,0,0,14,4,18,0,9,40,8,57,32,8,40,97
03/30/2001,OSH,WI,AGL,CE,Federal Contract Tower,0,8,34,0,42,0,0,16,0,16,0,8,50,0,58,18,0,18,76
03/31/2001,OSH,WI,AGL,CE,Federal Contract Tower,0,10,24,0,34,0,0,24,0,24,0,10,48,0,58,62,0,62,120
04/01/2001,OSH,WI,AGL,CE,Federal Contract Tower,0,1,4,0,5,0,3,58,0,61,0,4,62,0,66,82,0,82,148
04/02/2001,OSH,WI,AGL,CE,Federal Contract Tower,0,4,8,0,12,0,0,68,0,68,0,4,76,0,80,94,0,94,174
04/03/2001,OSH,WI,AGL,CE,Federal Contract Tower,0,8,25,0,33,0,0,37,0,37,0,8,62,0,70,46,0,46,116
04/04/2001,OSH,WI,AGL,CE,Federal Contract Tower,0,9,16,0,25,0,1,164,0,165,0,10,180,0,190,148,0,148,338
04/05/2001,OSH,WI,AGL,CE,Federal Contract Tower,0,3,8,0,11,0,2,65,0,67,0,5,73,0,78,46,0,46,124
04/06/2001,OSH,WI,AGL,CE,Federal Contract Tower,0,6,24,2,32,0,0,42,0,42,0,6,66,2,74,112,0,112,186
04/07/2001,OSH,WI,AGL,CE,Federal Contract Tower,0,1,4,0,5,0,3,9,0,12,0,4,13,0,17,19,0,19,36
04/08/2001,OSH,WI,AGL,CE,Federal Contract Tower,0,4,12,2,18,0,0,70,8,78,0,4,82,10,96,38,0,38,134
04/09/2001,OSH,WI,AGL,CE,Federal Contract Tower,0,8,19,2,29,0,0,30,0,30,0,8,49,2,59,12,12,24,83
04/10/2001,OSH,WI,AGL,CE,Federal Contract Tower,0,5,11,2,18,0,3,97,0,100,0,8,108,2,118,130,6,136,254
04/11/2001,OSH,WI,AGL,CE,Federal Contract Tower,0,0,5,0,5,0,0,3,0,3,0,0,8,0,8,0,0,0,8
04/12/2001,OSH,WI,AGL,CE,Federal Contract Tower,0,2,4,0,6,0,0,4,0,4,0,2,8,0,10,0,0,0,10
04/13/2001,OSH,WI,AGL,CE,Federal Contract Tower,0,8,17,0,25,0,0,156,0,156,0,8,173,0,181,82,0,82,263
04/14/2001,OSH,WI,AGL,CE,Federal Contract Tower,0,4,7,0,11,0,2,85,0,87,0,6,92,0,98,80,0,80,178
04/15/2001,OSH,WI,AGL,CE,Federal Contract Tower,0,1,3,0,4,0,3,22,0,25,0,4,25,0,29,42,0,42,71
04/16/2001,OSH,WI,AGL,CE,Federal Contract Tower,0,0,7,0,7,0,0,7,6,13,0,0,14,6,20,40,22,62,82
04/17/2001,OSH,WI,AGL,CE,Federal Contract Tower,0,6,12,1,19,0,2,70,1,73,0,8,82,2,92,54,0,54,146
04/18/2001,OSH,WI,AGL,CE,Federal Contract Tower,0,8,16,1,25,0,0,106,1,107,0,8,122,2,132,98,0,98,230
04/19/2001,OSH,WI,AGL,CE,Federal Contract Tower,0,8,19,1,28,0,0,98,3,101,0,8,117,4,129,186,0,186,315
04/20/2001,OSH,WI,AGL,CE,Federal Contract Tower,0,8,20,0,28,0,0,35,0,35,0,8,55,0,63,176,0,176,239
04/21/2001,OSH,WI,AGL,CE,Federal Contract Tower,0,4,8,0,12,0,2,18,0,20,0,6,26,0,32,18,0,18,50
04/22/2001,OSH,WI,AGL,CE,Federal Contract Tower,0,4,18,0,22,0,0,21,0,21,0,4,39,0,43,48,0,48,91
04/23/2001,OSH,WI,AGL,CE,Federal Contract Tower,0,6,12,0,18,0,0,22,0,22,0,6,34,0,40,26,0,26,66
04/24/2001,OSH,WI,AGL,CE,Federal Contract Tower,0,16,11,4,31,0,0,110,0,110,0,16,121,4,141,116,28,144,285
04/25/2001,OSH,WI,AGL,CE,Federal Contract Tower,0,6,13,0,19,0,0,139,0,139,0,6,152,0,158,140,0,140,298
04/26/2001,OSH,WI,AGL,CE,Federal Contract Tower,0,8,10,6,24,0,0,73,0,73,0,8,83,6,97,72,6,78,175
04/27/2001,OSH,WI,AGL,CE,Federal Contract Tower,0,4,7,0,11,0,0,174,0,174,0,4,181,0,185,236,0,236,421
04/28/2001,OSH,WI,AGL,CE,Federal Contract Tower,0,9,6,0,15,0,0,178,0,178,0,9,184,0,193,150,0,150,343
04/29/2001,OSH,WI,AGL,CE,Federal Contract Tower,0,4,2,0,6,0,0,104,0,104,0,4,106,0,110,180,0,180,290
04/30/2001,OSH,WI,AGL,CE,Federal Contract Tower,0,5,8,0,13,0,3,56,0,59,0,8,64,0,72,58,0,58,130
05/01/2001,OSH,WI,AGL,CE,Federal Contract Tower,0,10,13,0,23,0,0,41,0,41,0,10,54,0,64,100,0,100,164
05/02/2001,OSH,WI,AGL,CE,Federal Contract Tower,0,10,14,0,24,0,0,88,0,88,0,10,102,0,112,184,0,184,296
05/03/2001,OSH,WI,AGL,CE,Federal Contract Tower,0,8,15,4,27,0,0,44,0,44,0,8,59,4,71,46,0,46,117
05/04/2001,OSH,WI,AGL,CE,Federal Contract Tower,0,8,30,2,40,0,0,122,0,122,0,8,152,2,162,278,0,278,440
05/05/2001,OSH,WI,AGL,CE,Federal Contract Tower,0,5,0,2,7,0,1,121,2,124,0,6,121,4,131,162,0,162,293
05/06/2001,OSH,WI,AGL,CE,Federal Contract Tower,0,4,17,6,27,0,2,91,0,93,0,6,108,6,120,184,26,210,330
05/07/2001,OSH,WI,AGL,CE,Federal Contract Tower,0,8,25,0,33,0,0,104,2,106,0,8,129,2,139,150,2,152,291
05/08/2001,OSH,WI,AGL,CE,Federal Contract Tower,0,8,10,0,18,0,2,76,6,84,0,10,86,6,102,166,0,166,268
05/09/2001,OSH,WI,AGL,CE,Federal Contract Tower,0,10,17,0,27,0,0,333,0,333,0,10,350,0,360,244,0,244,604
05/10/2001,OSH,WI,AGL,CE,Federal Contract Tower,0,6,21,0,27,0,0,108,2,110,0,6,129,2,137,68,4,72,209
05/11/2001,OSH,WI,AGL,CE,Federal Contract Tower,0,4,25,0,29,0,0,159,0,159,0,4,184,0,188,220,0,220,408
05/12/2001,OSH,WI,AGL,CE,Federal Contract Tower,0,8,18,0,26,0,0,185,0,185,0,8,203,0,211,225,0,225,436
05/13/2001,OSH,WI,AGL,CE,Federal Contract Tower,0,4,4,0,8,0,0,114,0,114,0,4,118,0,122,100,0,100,222
05/14/2001,OSH,WI,AGL,CE,Federal Contract Tower,0,4,12,0,16,0,0,56,0,56,0,4,68,0,72,140,0,140,212
05/15/2001,OSH,WI,AGL,CE,Federal Contract Tower,0,8,19,0,27,0,0,84,0,84,0,8,103,0,111,104,0,104,215
05/16/2001,OSH,WI,AGL,CE,Federal Contract Tower,0,4,14,0,18,0,0,126,0,126,0,4,140,0,144,272,0,272,416
05/17/2001,OSH,WI,AGL,CE,Federal Contract Tower,0,8,20,0,28,0,0,112,0,112,0,8,132,0,140,180,0,180,320
05/18/2001,OSH,WI,AGL,CE,Federal Contract Tower,0,8,10,0,18,0,0,150,0,150,0,8,160,0,168,174,0,174,342
05/19/2001,OSH,WI,AGL,CE,Federal Contract Tower,0,6,8,0,14,0,1,218,0,219,0,7,226,0,233,518,0,518,751
05/20/2001,OSH,WI,AGL,CE,Federal Contract Tower,0,4,23,0,27,0,0,161,0,161,0,4,184,0,188,172,0,172,360
05/21/2001,OSH,WI,AGL,CE,Federal Contract Tower,0,5,12,0,17,0,1,20,0,21,0,6,32,0,38,12,0,12,50
05/22/2001,OSH,WI,AGL,CE,Federal Contract Tower,0,8,8,16,32,0,0,46,0,46,0,8,54,16,78,118,8,126,204
05/23/2001,OSH,WI,AGL,CE,Federal Contract Tower,0,8,18,4,30,0,0,29,0,29,0,8,47,4,59,64,0,64,123
05/24/2001,OSH,WI,AGL,CE,Federal Contract Tower,0,8,53,0,61,0,0,25,0,25,0,8,78,0,86,100,0,100,186
05/25/2001,OSH,WI,AGL,CE,Federal Contract Tower,0,4,36,0,40,0,0,137,0,137,0,4,173,0,177,170,0,170,347
05/26/2001,OSH,WI,AGL,CE,Federal Contract Tower,0,6,9,0,15,0,0,60,0,60,0,6,69,0,75,159,0,159,234
05/27/2001,OSH,WI,AGL,CE,Federal Contract Tower,0,4,13,0,17,0,0,58,0,58,0,4,71,0,75,132,0,132,207
05/28/2001,OSH,WI,AGL,CE,Federal Contract Tower,0,4,14,0,18,0,0,137,0,137,0,4,151,0,155,448,10,458,613
05/29/2001,OSH,WI,AGL,CE,Federal Contract Tower,0,8,20,0,28,0,0,88,0,88,0,8,108,0,116,280,0,280,396
05/30/2001,OSH,WI,AGL,CE,Federal Contract Tower,0,10,13,0,23,0,0,151,0,151,0,10,164,0,174,208,0,208,382
05/31/2001,OSH,WI,AGL,CE,Federal Contract Tower,0,10,12,0,22,0,0,96,0,96,0,10,108,0,118,294,0,294,412
06/01/2001,OSH,WI,AGL,CE,Federal Contract Tower,0,5,31,2,38,0,1,31,0,32,0,6,62,2,70,156,0,156,226
06/02/2001,OSH,WI,AGL,CE,Federal Contract Tower,0,5,11,0,16,0,1,11,0,12,0,6,22,0,28,0,0,0,28
06/03/2001,OSH,WI,AGL,CE,Federal Contract Tower,0,4,14,9,27,0,1,89,1,91,0,5,103,10,118,205,30,235,353
06/04/2001,OSH,WI,AGL,CE,Federal Contract Tower,0,10,25,0,35,0,0,49,0,49,0,10,74,0,84,186,0,186,270
06/05/2001,OSH,WI,AGL,CE,Federal Contract Tower,0,6,31,0,37,0,0,13,0,13,0,6,44,0,50,63,0,63,113
06/06/2001,OSH,WI,AGL,CE,Federal Contract Tower,0,4,20,0,24,0,2,60,0,62,0,6,80,0,86,220,0,220,306
06/07/2001,OSH,WI,AGL,CE,Federal Contract Tower,0,9,27,0,36,0,0,90,0,90,0,9,117,0,126,216,0,216,342
06/08/2001,OSH,WI,AGL,CE,Federal Contract Tower,0,8,14,0,22,0,0,262,0,262,0,8,276,0,284,334,0,334,618
06/09/2001,OSH,WI,AGL,CE,Federal Contract Tower,0,6,5,0,11,0,0,453,0,453,0,6,458,0,464,304,0,304,768
06/10/2001,OSH,WI,AGL,CE,Federal Contract Tower,0,4,3,1,8,0,0,52,1,53,0,4,55,2,61,152,10,162,223
06/11/2001,OSH,WI,AGL,CE,Federal Contract Tower,0,8,18,0,26,0,0,111,0,111,0,8,129,0,137,372,0,372,509
06/12/2001,OSH,WI,AGL,CE,Federal Contract Tower,0,2,5,6,13,0,0,54,0,54,0,2,59,6,67,48,18,66,133
06/13/2001,OSH,WI,AGL,CE,Federal Contract Tower,0,6,6,0,12,0,0,58,0,58,0,6,64,0,70,74,0,74,144
06/14/2001,OSH,WI,AGL,CE,Federal Contract Tower,0,10,10,2,22,0,0,115,0,115,0,10,125,2,137,204,20,224,361
06/15/2001,OSH,WI,AGL,CE,Federal Contract Tower,0,8,33,0,41,0,0,62,0,62,0,8,95,0,103,60,0,60,163
06/16/2001,OSH,WI,AGL,CE,Federal Contract Tower,0,7,7,0,14,0,2,219,2,223,0,9,226,2,237,830,0,830,1067
06/17/2001,OSH,WI,AGL,CE,Federal Contract Tower,0,4,3,0,7,0,0,185,0,185,0,4,188,0,192,516,0,516,708
06/18/2001,OSH,WI,AGL,CE,Federal Contract Tower,0,6,12,0,18,0,2,40,0,42,0,8,52,0,60,40,0,40,100
06/19/2001,OSH,WI,AGL,CE,Federal Contract Tower,0,8,17,14,39,0,0,138,0,138,0,8,155,14,177,299,18,317,494
06/20/2001,OSH,WI,AGL,CE,Federal Contract Tower,0,8,26,0,34,0,1,125,0,126,0,9,151,0,160,420,0,420,580
06/21/2001,OSH,WI,AGL,CE,Federal Contract Tower,0,8,19,4,31,0,0,41,0,41,0,8,60,4,72,288,0,288,360
06/22/2001,OSH,WI,AGL,CE,Federal Contract Tower,0,8,17,0,25,0,0,108,0,108,0,8,125,0,133,394,0,394,527
06/23/2001,OSH,WI,AGL,CE,Federal Contract Tower,0,5,8,0,13,0,1,142,0,143,0,6,150,0,156,304,0,304,460
06/24/2001,OSH,WI,AGL,CE,Federal Contract Tower,0,4,12,0,16,0,0,122,0,122,0,4,134,0,138,192,0,192,330
06/25/2001,OSH,WI,AGL,CE,Federal Contract Tower,0,8,16,0,24,0,0,168,0,168,0,8,184,0,192,171,0,171,363
06/26/2001,OSH,WI,AGL,CE,Federal Contract Tower,0,8,18,0,26,0,0,146,0,146,0,8,164,0,172,232,0,232,404
06/27/2001,OSH,WI,AGL,CE,Federal Contract Tower,0,8,21,0,29,0,0,147,0,147,0,8,168,0,176,398,0,398,574
06/28/2001,OSH,WI,AGL,CE,Federal Contract Tower,0,8,17,2,27,0,0,125,0,125,0,8,142,2,152,406,4,410,562
06/29/2001,OSH,WI,AGL,CE,Federal Contract Tower,0,8,20,0,28,0,0,55,0,55,0,8,75,0,83,282,0,282,365
06/30/2001,OSH,WI,AGL,CE,Federal Contract Tower,0,4,0,0,4,0,0,132,0,132,0,4,132,0,136,460,0,460,596
07/01/2001,OSH,WI,AGL,CE,Federal Contract Tower,0,1,9,0,10,0,3,86,0,89,0,4,95,0,99,126,0,126,225
07/02/2001,OSH,WI,AGL,CE,Federal Contract Tower,0,5,6,0,11,0,3,176,0,179,0,8,182,0,190,360,0,360,550
07/03/2001,OSH,WI,AGL,CE,Federal Contract Tower,0,3,9,2,14,0,5,95,0,100,0,8,104,2,114,436,0,436,550
07/04/2001,OSH,WI,AGL,CE,Federal Contract Tower,0,0,5,0,5,0,0,64,14,78,0,0,69,14,83,177,0,177,260
07/05/2001,OSH,WI,AGL,CE,Federal Contract Tower,0,5,12,0,17,0,3,167,0,170,0,8,179,0,187,343,0,343,530
07/06/2001,OSH,WI,AGL,CE,Federal Contract Tower,0,5,10,2,17,0,3,89,0,92,0,8,99,2,109,386,0,386,495
07/07/2001,OSH,WI,AGL,CE,Federal Contract Tower,0,3,5,11,19,0,3,86,1,90,0,6,91,12,109,218,0,218,327
07/08/2001,OSH,WI,AGL,CE,Federal Contract Tower,0,1,12,6,19,0,3,125,0,128,0,4,137,6,147,222,0,222,369
07/09/2001,OSH,WI,AGL,CE,Federal Contract Tower,0,5,16,0,21,0,3,77,0,80,0,8,93,0,101,218,0,218,319
07/10/2001,OSH,WI,AGL,CE,Federal Contract Tower,0,5,11,0,16,0,3,143,0,146,0,8,154,0,162,284,0,284,446
07/11/2001,OSH,WI,AGL,CE,Federal Contract Tower,0,5,15,0,20,0,3,172,0,175,0,8,187,0,195,456,0,456,651
07/12/2001,OSH,WI,AGL,CE,Federal Contract Tower,0,4,16,0,20,0,3,147,0,150,0,7,163,0,170,438,0,438,608
07/13/2001,OSH,WI,AGL,CE,Federal Contract Tower,0,7,18,0,25,0,3,179,0,182,0,10,197,0,207,454,0,454,661
07/14/2001,OSH,WI,AGL,CE,Federal Contract Tower,0,3,10,0,13,0,3,140,0,143,0,6,150,0,156,442,0,442,598
07/15/2001,OSH,WI,AGL,CE,Federal Contract Tower,0,4,15,0,19,0,3,149,0,152,0,7,164,0,171,422,0,422,593
07/16/2001,OSH,WI,AGL,CE,Federal Contract Tower,0,5,18,8,31,0,3,147,0,150,0,8,165,8,181,424,8,432,613
07/17/2001,OSH,WI,AGL,CE,Federal Contract Tower,0,4,16,0,20,0,4,62,4,70,0,8,78,4,90,260,4,264,354
07/18/2001,OSH,WI,AGL,CE,Federal Contract Tower,0,5,21,0,26,0,3,41,0,44,0,8,62,0,70,240,0,240,310
07/19/2001,OSH,WI,AGL,CE,Federal Contract Tower,0,5,18,0,23,0,3,72,0,75,0,8,90,0,98,208,0,208,306
07/20/2001,OSH,WI,AGL,CE,Federal Contract Tower,0,5,49,0,54,0,3,200,0,203,0,8,249,0,257,316,0,316,573
07/21/2001,OSH,WI,AGL,CE,Federal Contract Tower,0,3,37,1,41,0,3,580,1,584,0,6,617,2,625,0,0,0,625
07/22/2001,OSH,WI,AGL,CE,Federal Contract Tower,0,2,64,3,69,0,0,1809,1,1810,0,2,1873,4,1879,0,0,0,1879
07/23/2001,OSH,WI,AGL,CE,Federal Contract Tower,0,8,98,0,106,0,0,2171,0,2171,0,8,2269,0,2277,0,0,0,2277
07/24/2001,OSH,WI,AGL,CE,Federal Contract Tower,0,12,86,3,101,0,1,1864,3,1868,0,13,1950,6,1969,0,0,0,1969
07/25/2001,OSH,WI,AGL,CE,Federal Contract Tower,0,18,130,4,152,0,0,1601,0,1601,0,18,1731,4,1753,0,0,0,1753
07/26/2001,OSH,WI,AGL,CE,Federal Contract Tower,0,14,124,5,143,0,0,2650,4,2654,0,14,2774,9,2797,0,0,0,2797
07/27/2001,OSH,WI,AGL,CE,Federal Contract Tower,0,13,121,5,139,0,0,2862,4,2866,0,13,2983,9,3005,0,0,0,3005
07/28/2001,OSH,WI,AGL,CE,Federal Contract Tower,0,4,148,1,153,0,0,1322,0,1322,0,4,1470,1,1475,0,0,0,1475
07/29/2001,OSH,WI,AGL,CE,Federal Contract Tower,0,3,125,5,133,0,0,1497,1,1498,0,3,1622,6,1631,0,0,0,1631
07/30/2001,OSH,WI,AGL,CE,Federal Contract Tower,0,10,120,5,135,0,0,816,1,817,0,10,936,6,952,0,0,0,952
07/31/2001,OSH,WI,AGL,CE,Federal Contract Tower,0,6,48,0,54,0,6,509,0,515,0,12,557,0,569,44,0,44,613
08/01/2001,OSH,WI,AGL,CE,Federal Contract Tower,0,4,11,0,15,0,0,147,0,147,0,4,158,0,162,126,0,126,288
08/02/2001,OSH,WI,AGL,CE,Federal Contract Tower,0,6,13,0,19,0,0,139,0,139,0,6,152,0,158,256,12,268,426
08/03/2001,OSH,WI,AGL,CE,Federal Contract Tower,0,8,13,0,21,0,0,151,0,151,0,8,164,0,172,340,0,340,512
08/04/2001,OSH,WI,AGL,CE,Federal Contract Tower,0,5,16,0,21,0,0,126,0,126,0,5,142,0,147,230,0,230,377
08/05/2001,OSH,WI,AGL,CE,Federal Contract Tower,0,3,5,0,8,0,2,61,0,63,0,5,66,0,71,136,0,136,207
08/06/2001,OSH,WI,AGL,CE,Federal Contract Tower,0,4,14,0,18,0,0,75,0,75,0,4,89,0,93,96,0,96,189
08/07/2001,OSH,WI,AGL,CE,Federal Contract Tower,0,6,14,0,20,0,8,102,0,110,0,14,116,0,130,272,0,272,402
08/08/2001,OSH,WI,AGL,CE,Federal Contract Tower,0,4,17,0,21,0,0,111,0,111,0,4,128,0,132,106,0,106,238
08/09/2001,OSH,WI,AGL,CE,Federal Contract Tower,0,12,6,0,18,0,0,68,0,68,0,12,74,0,86,132,2,134,220
08/10/2001,OSH,WI,AGL,CE,Federal Contract Tower,0,8,7,0,15,0,0,128,0,128,0,8,135,0,143,222,0,222,365
08/11/2001,OSH,WI,AGL,CE,Federal Contract Tower,0,4,10,0,14,0,0,115,0,115,0,4,125,0,129,177,0,177,306
08/12/2001,OSH,WI,AGL,CE,Federal Contract Tower,0,4,12,0,16,0,0,104,0,104,0,4,116,0,120,202,0,202,322
08/13/2001,OSH,WI,AGL,CE,Federal Contract Tower,0,8,3,0,11,0,0,121,0,121,0,8,124,0,132,290,0,290,422
08/14/2001,OSH,WI,AGL,CE,Federal Contract Tower,0,10,7,0,17,0,0,143,0,143,0,10,150,0,160,132,0,132,292
08/15/2001,OSH,WI,AGL,CE,Federal Contract Tower,0,9,14,0,23,0,0,31,0,31,0,9,45,0,54,114,0,114,168
08/16/2001,OSH,WI,AGL,CE,Federal Contract Tower,0,2,20,2,24,0,0,66,0,66,0,2,86,2,90,224,0,224,314
08/17/2001,OSH,WI,AGL,CE,Federal Contract Tower,0,8,17,0,25,0,0,191,0,191,0,8,208,0,216,362,0,362,578
08/18/2001,OSH,WI,AGL,CE,Federal Contract Tower,0,8,19,0,27,0,0,63,0,63,0,8,82,0,90,230,0,230,320
08/19/2001,OSH,WI,AGL,CE,Federal Contract Tower,0,4,9,0,13,0,0,87,0,87,0,4,96,0,100,154,0,154,254
08/20/2001,OSH,WI,AGL,CE,Federal Contract Tower,0,8,13,0,21,0,0,79,0,79,0,8,92,0,100,240,0,240,340
08/21/2001,OSH,WI,AGL,CE,Federal Contract Tower,0,8,13,0,21,0,2,69,0,71,0,10,82,0,92,226,0,226,318
08/22/2001,OSH,WI,AGL,CE,Federal Contract Tower,0,8,21,0,29,0,0,56,2,58,0,8,77,2,87,96,0,96,183
08/23/2001,OSH,WI,AGL,CE,Federal Contract Tower,0,8,18,0,26,0,0,46,2,48,0,8,64,2,74,62,0,62,136
08/24/2001,OSH,WI,AGL,CE,Federal Contract Tower,0,8,24,4,36,0,0,58,0,58,0,8,82,4,94,124,0,124,218
08/25/2001,OSH,WI,AGL,CE,Federal Contract Tower,0,6,7,0,13,0,0,8,0,8,0,6,15,0,21,2,0,2,23
08/26/2001,OSH,WI,AGL,CE,Federal Contract Tower,0,4,15,0,19,0,0,107,0,107,0,4,122,0,126,198,0,198,324
08/27/2001,OSH,WI,AGL,CE,Federal Contract Tower,0,8,15,0,23,0,0,99,2,101,0,8,114,2,124,158,0,158,282
08/28/2001,OSH,WI,AGL,CE,Federal Contract Tower,0,8,10,0,18,0,0,164,0,164,0,8,174,0,182,252,0,252,434
08/29/2001,OSH,WI,AGL,CE,Federal Contract Tower,0,8,14,0,22,0,2,122,0,124,0,10,136,0,146,102,0,102,248
08/30/2001,OSH,WI,AGL,CE,Federal Contract Tower,0,8,10,0,18,0,2,99,0,101,0,10,109,0,119,164,0,164,283
08/31/2001,OSH,WI,AGL,CE,Federal Contract Tower,0,3,18,0,21,0,3,106,0,109,0,6,124,0,130,116,0,116,246
09/01/2001,OSH,WI,AGL,CE,Federal Contract Tower,0,6,1,0,7,0,0,164,1,165,0,6,165,1,172,240,1,241,413
09/02/2001,OSH,WI,AGL,CE,Federal Contract Tower,0,4,5,0,9,0,0,117,0,117,0,4,122,0,126,192,0,192,318
09/03/2001,OSH,WI,AGL,CE,Federal Contract Tower,0,8,6,0,14,0,0,96,0,96,0,8,102,0,110,212,0,212,322
09/04/2001,OSH,WI,AGL,CE,Federal Contract Tower,0,8,4,0,12,0,0,88,0,88,0,8,92,0,100,158,0,158,258
09/05/2001,OSH,WI,AGL,CE,Federal Contract Tower,0,6,12,6,24,0,0,173,2,175,0,6,185,8,199,144,10,154,353
09/06/2001,OSH,WI,AGL,CE,Federal Contract Tower,0,10,21,0,31,0,0,126,0,126,0,10,147,0,157,80,0,80,237
09/07/2001,OSH,WI,AGL,CE,Federal Contract Tower,0,9,25,0,34,0,0,32,2,34,0,9,57,2,68,78,0,78,146
09/08/2001,OSH,WI,AGL,CE,Federal Contract Tower,0,6,13,0,19,0,0,45,0,45,0,6,58,0,64,206,0,206,270
09/09/2001,OSH,WI,AGL,CE,Federal Contract Tower,0,4,3,0,7,0,0,12,2,14,0,4,15,2,21,20,0,20,41
09/10/2001,OSH,WI,AGL,CE,Federal Contract Tower,0,8,9,0,17,0,0,73,0,73,0,8,82,0,90,107,0,107,197
09/11/2001,OSH,WI,AGL,CE,Federal Contract Tower,0,2,1,0,3,0,0,16,0,16,0,2,17,0,19,24,0,24,43
09/12/2001,OSH,WI,AGL,CE,Federal Contract Tower,0,0,0,0,0,0,0,0,0,0,0,0,0,0,0,0,0,0,0
09/13/2001,OSH,WI,AGL,CE,Federal Contract Tower,0,0,1,0,1,0,0,0,0,0,0,0,1,0,1,0,0,0,1
09/14/2001,OSH,WI,AGL,CE,Federal Contract Tower,0,2,5,0,7,0,0,0,0,0,0,2,5,0,7,0,0,0,7
09/15/2001,OSH,WI,AGL,CE,Federal Contract Tower,0,3,29,0,32,0,0,0,0,0,0,3,29,0,32,0,0,0,32
09/16/2001,OSH,WI,AGL,CE,Federal Contract Tower,0,2,31,0,33,0,0,0,0,0,0,2,31,0,33,0,0,0,33
09/17/2001,OSH,WI,AGL,CE,Federal Contract Tower,0,0,23,14,37,0,0,0,2,2,0,0,23,16,39,0,0,0,39
09/18/2001,OSH,WI,AGL,CE,Federal Contract Tower,0,4,32,8,44,0,0,0,2,2,0,4,32,10,46,0,14,14,60
09/19/2001,OSH,WI,AGL,CE,Federal Contract Tower,0,4,20,0,24,0,0,5,4,9,0,4,25,4,33,0,0,0,33
09/20/2001,OSH,WI,AGL,CE,Federal Contract Tower,0,4,30,0,34,0,0,40,0,40,0,4,70,0,74,0,0,0,74
09/21/2001,OSH,WI,AGL,CE,Federal Contract Tower,0,6,47,0,53,0,0,59,0,59,0,6,106,0,112,10,0,10,122
09/22/2001,OSH,WI,AGL,CE,Federal Contract Tower,0,2,13,0,15,0,0,211,0,211,0,2,224,0,226,180,0,180,406
09/23/2001,OSH,WI,AGL,CE,Federal Contract Tower,0,2,10,0,12,0,0,1,0,1,0,2,11,0,13,0,0,0,13
09/24/2001,OSH,WI,AGL,CE,Federal Contract Tower,0,7,12,6,25,0,0,56,2,58,0,7,68,8,83,122,0,122,205
09/25/2001,OSH,WI,AGL,CE,Federal Contract Tower,0,7,12,2,21,0,0,90,2,92,0,7,102,4,113,104,6,110,223
09/26/2001,OSH,WI,AGL,CE,Federal Contract Tower,0,7,20,0,27,0,0,126,0,126,0,7,146,0,153,138,0,138,291
09/27/2001,OSH,WI,AGL,CE,Federal Contract Tower,0,8,14,12,34,0,0,126,2,128,0,8,140,14,162,186,8,194,356
09/28/2001,OSH,WI,AGL,CE,Federal Contract Tower,0,10,28,0,38,0,0,63,0,63,0,10,91,0,101,164,0,164,265
09/29/2001,OSH,WI,AGL,CE,Federal Contract Tower,0,4,11,0,15,0,4,144,0,148,0,8,155,0,163,272,0,272,435
09/30/2001,OSH,WI,AGL,CE,Federal Contract Tower,0,4,10,0,14,0,0,160,0,160,0,4,170,0,174,284,0,284,458
10/01/2001,OSH,WI,AGL,CE,Federal Contract Tower,0,6,18,1,25,0,0,95,1,96,0,6,113,2,121,150,4,154,275
10/02/2001,OSH,WI,AGL,CE,Federal Contract Tower,0,11,14,4,29,0,0,112,0,112,0,11,126,4,141,140,18,158,299
10/03/2001,OSH,WI,AGL,CE,Federal Contract Tower,0,6,19,0,25,0,0,13,2,15,0,6,32,2,40,40,0,40,80
10/04/2001,OSH,WI,AGL,CE,Federal Contract Tower,0,6,20,18,44,0,2,79,0,81,0,8,99,18,125,72,22,94,219
10/05/2001,OSH,WI,AGL,CE,Federal Contract Tower,0,6,9,10,25,0,0,84,2,86,0,6,93,12,111,62,18,80,191
10/06/2001,OSH,WI,AGL,CE,Federal Contract Tower,0,4,11,4,19,0,2,101,0,103,0,6,112,4,122,162,0,162,284
10/07/2001,OSH,WI,AGL,CE,Federal Contract Tower,0,6,11,0,17,0,0,167,0,167,0,6,178,0,184,146,0,146,330
10/08/2001,OSH,WI,AGL,CE,Federal Contract Tower,0,7,15,0,22,0,1,84,0,85,0,8,99,0,107,72,0,72,179
10/09/2001,OSH,WI,AGL,CE,Federal Contract Tower,0,8,12,0,20,0,0,70,0,70,0,8,82,0,90,52,0,52,142
10/10/2001,OSH,WI,AGL,CE,Federal Contract Tower,0,10,20,1,31,0,0,6,1,7,0,10,26,2,38,0,0,0,38
10/11/2001,OSH,WI,AGL,CE,Federal Contract Tower,0,8,10,0,18,0,0,131,10,141,0,8,141,10,159,44,0,44,203
10/12/2001,OSH,WI,AGL,CE,Federal Contract Tower,0,6,14,2,22,0,0,40,0,40,0,6,54,2,62,116,0,116,178
10/13/2001,OSH,WI,AGL,CE,Federal Contract Tower,0,4,10,0,14,0,0,3,0,3,0,4,13,0,17,0,0,0,17
10/14/2001,OSH,WI,AGL,CE,Federal Contract Tower,0,0,13,3,16,0,0,68,0,68,0,0,81,3,84,0,0,0,84
10/15/2001,OSH,WI,AGL,CE,Federal Contract Tower,0,6,11,0,17,0,0,70,0,70,0,6,81,0,87,51,0,51,138
10/16/2001,OSH,WI,AGL,CE,Federal Contract Tower,0,9,10,0,19,0,0,32,0,32,0,9,42,0,51,56,0,56,107
10/17/2001,OSH,WI,AGL,CE,Federal Contract Tower,0,6,12,0,18,0,0,119,0,119,0,6,131,0,137,94,0,94,231
10/18/2001,OSH,WI,AGL,CE,Federal Contract Tower,0,6,27,0,33,0,0,46,2,48,0,6,73,2,81,70,0,70,151
10/19/2001,OSH,WI,AGL,CE,Federal Contract Tower,0,8,18,0,26,0,0,86,0,86,0,8,104,0,112,110,0,110,222
10/20/2001,OSH,WI,AGL,CE,Federal Contract Tower,0,4,11,0,15,0,0,114,0,114,0,4,125,0,129,254,0,254,383
10/21/2001,OSH,WI,AGL,CE,Federal Contract Tower,0,6,8,1,15,0,0,109,1,110,0,6,117,2,125,61,0,61,186
10/22/2001,OSH,WI,AGL,CE,Federal Contract Tower,0,4,12,0,16,0,0,119,0,119,0,4,131,0,135,108,0,108,243
10/23/2001,OSH,WI,AGL,CE,Federal Contract Tower,0,4,18,3,25,0,2,24,0,26,0,6,42,3,51,88,0,88,139
10/24/2001,OSH,WI,AGL,CE,Federal Contract Tower,0,2,10,2,14,0,0,5,0,5,0,2,15,2,19,12,0,12,31
10/25/2001,OSH,WI,AGL,CE,Federal Contract Tower,0,4,3,0,7,0,0,1,0,1,0,4,4,0,8,0,0,0,8
10/26/2001,OSH,WI,AGL,CE,Federal Contract Tower,0,8,15,0,23,0,0,31,0,31,0,8,46,0,54,16,0,16,70
10/27/2001,OSH,WI,AGL,CE,Federal Contract Tower,0,6,3,0,9,0,0,153,0,153,0,6,156,0,162,142,0,142,304
10/28/2001,OSH,WI,AGL,CE,Federal Contract Tower,0,4,6,0,10,0,0,40,0,40,0,4,46,0,50,0,0,0,50
10/29/2001,OSH,WI,AGL,CE,Federal Contract Tower,0,6,13,4,23,0,0,116,0,116,0,6,129,4,139,154,0,154,293
10/30/2001,OSH,WI,AGL,CE,Federal Contract Tower,0,6,21,0,27,0,0,43,0,43,0,6,64,0,70,104,0,104,174
10/31/2001,OSH,WI,AGL,CE,Federal Contract Tower,0,6,10,0,16,0,0,72,0,72,0,6,82,0,88,102,0,102,190
11/01/2001,OSH,WI,AGL,CE,Federal Contract Tower,0,6,25,0,31,0,0,46,2,48,0,6,71,2,79,104,2,106,185
11/02/2001,OSH,WI,AGL,CE,Federal Contract Tower,0,6,22,2,30,0,0,46,6,52,0,6,68,8,82,110,0,110,192
11/03/2001,OSH,WI,AGL,CE,Federal Contract Tower,0,5,23,0,28,0,0,174,0,174,0,5,197,0,202,250,0,250,452
11/04/2001,OSH,WI,AGL,CE,Federal Contract Tower,0,4,11,2,17,0,0,142,0,142,0,4,153,2,159,124,0,124,283
11/05/2001,OSH,WI,AGL,CE,Federal Contract Tower,0,6,7,0,13,0,0,151,0,151,0,6,158,0,164,134,0,134,298
11/06/2001,OSH,WI,AGL,CE,Federal Contract Tower,0,6,5,0,11,0,0,120,0,120,0,6,125,0,131,80,0,80,211
11/07/2001,OSH,WI,AGL,CE,Federal Contract Tower,0,7,23,3,33,0,0,48,1,49,0,7,71,4,82,34,0,34,116
11/08/2001,OSH,WI,AGL,CE,Federal Contract Tower,0,6,11,6,23,0,0,27,2,29,0,6,38,8,52,42,2,44,96
11/09/2001,OSH,WI,AGL,CE,Federal Contract Tower,0,7,11,6,24,0,0,69,0,69,0,7,80,6,93,118,0,118,211
11/10/2001,OSH,WI,AGL,CE,Federal Contract Tower,0,4,10,0,14,0,0,94,0,94,0,4,104,0,108,154,0,154,262
11/11/2001,OSH,WI,AGL,CE,Federal Contract Tower,0,4,9,0,13,0,0,151,0,151,0,4,160,0,164,38,0,38,202
11/12/2001,OSH,WI,AGL,CE,Federal Contract Tower,0,10,18,0,28,0,0,82,0,82,0,10,100,0,110,64,0,64,174
11/13/2001,OSH,WI,AGL,CE,Federal Contract Tower,0,6,22,10,38,0,0,21,2,23,0,6,43,12,61,97,16,113,174
11/14/2001,OSH,WI,AGL,CE,Federal Contract Tower,0,8,35,24,67,0,0,8,0,8,0,8,43,24,75,84,4,88,163
11/15/2001,OSH,WI,AGL,CE,Federal Contract Tower,0,10,36,4,50,0,0,54,4,58,0,10,90,8,108,112,0,112,220
11/16/2001,OSH,WI,AGL,CE,Federal Contract Tower,0,8,17,2,27,0,0,87,0,87,0,8,104,2,114,124,0,124,238
11/17/2001,OSH,WI,AGL,CE,Federal Contract Tower,0,6,24,0,30,0,0,107,0,107,0,6,131,0,137,219,0,219,356
11/18/2001,OSH,WI,AGL,CE,Federal Contract Tower,0,5,18,0,23,0,0,21,0,21,0,5,39,0,44,38,0,38,82
11/19/2001,OSH,WI,AGL,CE,Federal Contract Tower,0,7,9,0,16,0,0,51,0,51,0,7,60,0,67,42,0,42,109
11/20/2001,OSH,WI,AGL,CE,Federal Contract Tower,0,9,13,0,22,0,1,119,0,120,0,10,132,0,142,138,0,138,280
11/21/2001,OSH,WI,AGL,CE,Federal Contract Tower,0,8,6,4,18,0,0,86,0,86,0,8,92,4,104,152,8,160,264
11/22/2001,OSH,WI,AGL,CE,Federal Contract Tower,0,4,2,0,6,0,0,41,0,41,0,4,43,0,47,32,0,32,79
11/23/2001,OSH,WI,AGL,CE,Federal Contract Tower,0,6,13,0,19,0,0,43,2,45,0,6,56,2,64,76,0,76,140
11/24/2001,OSH,WI,AGL,CE,Federal Contract Tower,0,4,3,0,7,0,0,0,0,0,0,4,3,0,7,14,0,14,21
11/25/2001,OSH,WI,AGL,CE,Federal Contract Tower,0,4,12,0,16,0,0,6,0,6,0,4,18,0,22,8,0,8,30
11/26/2001,OSH,WI,AGL,CE,Federal Contract Tower,0,4,5,0,9,0,0,36,2,38,0,4,41,2,47,76,0,76,123
11/27/2001,OSH,WI,AGL,CE,Federal Contract Tower,0,6,12,0,18,0,0,0,0,0,0,6,12,0,18,0,0,0,18
11/28/2001,OSH,WI,AGL,CE,Federal Contract Tower,0,8,13,3,24,0,0,0,0,0,0,8,13,3,24,0,0,0,24
11/29/2001,OSH,WI,AGL,CE,Federal Contract Tower,0,10,15,0,25,0,0,15,0,15,0,10,30,0,40,66,0,66,106
11/30/2001,OSH,WI,AGL,CE,Federal Contract Tower,0,4,7,4,15,0,0,0,0,0,0,4,7,4,15,0,0,0,15
12/01/2001,OSH,WI,AGL,CE,Federal Contract Tower,0,3,11,8,22,0,1,19,0,20,0,4,30,8,42,154,4,158,200
12/02/2001,OSH,WI,AGL,CE,Federal Contract Tower,0,6,8,1,15,0,0,40,1,41,0,6,48,2,56,62,0,62,118
12/03/2001,OSH,WI,AGL,CE,Federal Contract Tower,0,6,18,0,24,0,0,93,0,93,0,6,111,0,117,160,0,160,277
12/04/2001,OSH,WI,AGL,CE,Federal Contract Tower,0,4,13,0,17,0,0,43,6,49,0,4,56,6,66,154,0,154,220
12/05/2001,OSH,WI,AGL,CE,Federal Contract Tower,0,8,8,0,16,0,0,34,0,34,0,8,42,0,50,104,0,104,154
12/06/2001,OSH,WI,AGL,CE,Federal Contract Tower,0,7,7,6,20,0,0,96,0,96,0,7,103,6,116,62,0,62,178
12/07/2001,OSH,WI,AGL,CE,Federal Contract Tower,0,8,6,2,16,0,0,83,0,83,0,8,89,2,99,140,0,140,239
12/08/2001,OSH,WI,AGL,CE,Federal Contract Tower,0,4,20,0,24,0,0,36,0,36,0,4,56,0,60,180,0,180,240
12/09/2001,OSH,WI,AGL,CE,Federal Contract Tower,0,2,9,0,11,0,0,116,0,116,0,2,125,0,127,85,0,85,212
12/10/2001,OSH,WI,AGL,CE,Federal Contract Tower,0,8,6,0,14,0,0,135,0,135,0,8,141,0,149,60,0,60,209
12/11/2001,OSH,WI,AGL,CE,Federal Contract Tower,0,6,13,0,19,0,0,133,0,133,0,6,146,0,152,236,0,236,388
12/12/2001,OSH,WI,AGL,CE,Federal Contract Tower,0,10,26,4,40,0,0,72,12,84,0,10,98,16,124,72,12,84,208
12/13/2001,OSH,WI,AGL,CE,Federal Contract Tower,0,8,12,0,20,0,0,4,0,4,0,8,16,0,24,68,0,68,92
12/14/2001,OSH,WI,AGL,CE,Federal Contract Tower,0,8,16,0,24,0,0,50,0,50,0,8,66,0,74,168,0,168,242
12/15/2001,OSH,WI,AGL,CE,Federal Contract Tower,0,6,15,0,21,0,0,9,0,9,0,6,24,0,30,8,0,8,38
12/16/2001,OSH,WI,AGL,CE,Federal Contract Tower,0,4,5,0,9,0,0,0,0,0,0,4,5,0,9,0,0,0,9
12/17/2001,OSH,WI,AGL,CE,Federal Contract Tower,0,6,16,0,22,0,0,0,0,0,0,6,16,0,22,0,0,0,22
12/18/2001,OSH,WI,AGL,CE,Federal Contract Tower,0,5,13,0,18,0,1,112,0,113,0,6,125,0,131,196,0,196,327
12/19/2001,OSH,WI,AGL,CE,Federal Contract Tower,0,10,7,0,17,0,0,51,0,51,0,10,58,0,68,82,0,82,150
12/20/2001,OSH,WI,AGL,CE,Federal Contract Tower,0,9,18,0,27,0,0,123,0,123,0,9,141,0,150,140,2,142,292
12/21/2001,OSH,WI,AGL,CE,Federal Contract Tower,0,8,9,0,17,0,0,149,0,149,0,8,158,0,166,180,0,180,346
12/22/2001,OSH,WI,AGL,CE,Federal Contract Tower,0,4,3,1,8,0,0,38,0,38,0,4,41,1,46,58,0,58,104
12/23/2001,OSH,WI,AGL,CE,Federal Contract Tower,0,4,4,0,8,0,0,6,0,6,0,4,10,0,14,0,0,0,14
12/24/2001,OSH,WI,AGL,CE,Federal Contract Tower,0,2,2,0,4,0,0,0,0,0,0,2,2,0,4,0,0,0,4
12/25/2001,OSH,WI,AGL,CE,Federal Contract Tower,0,4,0,0,4,0,0,6,0,6,0,4,6,0,10,0,0,0,10
12/26/2001,OSH,WI,AGL,CE,Federal Contract Tower,0,8,7,0,15,0,0,41,0,41,0,8,48,0,56,74,0,74,130
12/27/2001,OSH,WI,AGL,CE,Federal Contract Tower,0,6,21,4,31,0,0,59,2,61,0,6,80,6,92,140,0,140,232
12/28/2001,OSH,WI,AGL,CE,Federal Contract Tower,0,4,1,0,5,0,0,70,0,70,0,4,71,0,75,152,0,152,227
12/29/2001,OSH,WI,AGL,CE,Federal Contract Tower,0,3,0,0,3,0,1,79,0,80,0,4,79,0,83,54,0,54,137
12/30/2001,OSH,WI,AGL,CE,Federal Contract Tower,0,2,0,0,2,0,2,36,0,38,0,4,36,0,40,34,0,34,74
12/31/2001,OSH,WI,AGL,CE,Federal Contract Tower,0,4,2,0,6,0,2,68,2,72,0,6,70,2,78,42,0,42,120
01/01/2002,OSH,WI,AGL,CE,Federal Contract Tower,0,4,2,0,6,0,0,58,0,58,0,4,60,0,64,46,0,46,110
01/02/2002,OSH,WI,AGL,CE,Federal Contract Tower,0,8,4,0,12,0,2,88,2,92,0,10,92,2,104,92,0,92,196
01/03/2002,OSH,WI,AGL,CE,Federal Contract Tower,0,8,9,0,17,0,0,78,6,84,0,8,87,6,101,204,6,210,311
01/04/2002,OSH,WI,AGL,CE,Federal Contract Tower,0,8,17,0,25,0,8,54,0,62,0,16,71,0,87,62,0,62,149
01/05/2002,OSH,WI,AGL,CE,Federal Contract Tower,0,2,1,0,3,0,0,77,0,77,0,2,78,0,80,122,0,122,202
01/06/2002,OSH,WI,AGL,CE,Federal Contract Tower,0,2,0,1,3,0,0,37,0,37,0,2,37,1,40,46,0,46,86
01/07/2002,OSH,WI,AGL,CE,Federal Contract Tower,0,4,9,1,14,0,0,49,1,50,0,4,58,2,64,84,0,84,148
01/08/2002,OSH,WI,AGL,CE,Federal Contract Tower,0,8,19,0,27,0,0,60,4,64,0,8,79,4,91,100,0,100,191
01/09/2002,OSH,WI,AGL,CE,Federal Contract Tower,0,9,29,0,38,0,0,110,0,110,0,9,139,0,148,68,0,68,216
01/10/2002,OSH,WI,AGL,CE,Federal Contract Tower,0,9,8,0,17,0,0,39,0,39,0,9,47,0,56,96,0,96,152
01/11/2002,OSH,WI,AGL,CE,Federal Contract Tower,0,8,5,2,15,0,0,93,2,95,0,8,98,4,110,190,0,190,300
01/12/2002,OSH,WI,AGL,CE,Federal Contract Tower,0,4,5,0,9,0,0,6,0,6,0,4,11,0,15,4,0,4,19
01/13/2002,OSH,WI,AGL,CE,Federal Contract Tower,0,4,4,2,10,0,0,63,0,63,0,4,67,2,73,98,0,98,171
01/14/2002,OSH,WI,AGL,CE,Federal Contract Tower,0,6,5,0,11,0,0,2,0,2,0,6,7,0,13,0,0,0,13
01/15/2002,OSH,WI,AGL,CE,Federal Contract Tower,0,13,5,6,24,0,0,40,0,40,0,13,45,6,64,24,0,24,88
01/16/2002,OSH,WI,AGL,CE,Federal Contract Tower,0,8,7,1,16,0,0,3,2,5,0,8,10,3,21,4,6,10,31
01/17/2002,OSH,WI,AGL,CE,Federal Contract Tower,0,10,15,2,27,0,0,90,0,90,0,10,105,2,117,170,0,170,287
01/18/2002,OSH,WI,AGL,CE,Federal Contract Tower,0,8,12,0,20,0,0,67,0,67,0,8,79,0,87,48,0,48,135
01/19/2002,OSH,WI,AGL,CE,Federal Contract Tower,0,6,5,0,11,0,0,47,1,48,0,6,52,1,59,92,0,92,151
01/20/2002,OSH,WI,AGL,CE,Federal Contract Tower,0,4,14,0,18,0,0,28,0,28,0,4,42,0,46,20,0,20,66
01/21/2002,OSH,WI,AGL,CE,Federal Contract Tower,0,4,5,0,9,0,0,109,0,109,0,4,114,0,118,90,0,90,208
01/22/2002,OSH,WI,AGL,CE,Federal Contract Tower,0,4,11,12,27,0,0,92,0,92,0,4,103,12,119,124,2,126,245
01/23/2002,OSH,WI,AGL,CE,Federal Contract Tower,0,8,10,8,26,0,0,65,0,65,0,8,75,8,91,102,6,108,199
01/24/2002,OSH,WI,AGL,CE,Federal Contract Tower,0,8,12,8,28,0,0,73,4,77,0,8,85,12,105,137,8,145,250
01/25/2002,OSH,WI,AGL,CE,Federal Contract Tower,0,8,9,0,17,0,0,81,0,81,0,8,90,0,98,146,0,146,244
01/26/2002,OSH,WI,AGL,CE,Federal Contract Tower,0,2,7,0,9,0,3,169,0,172,0,5,176,0,181,224,0,224,405
01/27/2002,OSH,WI,AGL,CE,Federal Contract Tower,0,4,9,0,13,0,0,105,0,105,0,4,114,0,118,130,0,130,248
01/28/2002,OSH,WI,AGL,CE,Federal Contract Tower,0,8,10,0,18,0,0,30,0,30,0,8,40,0,48,84,0,84,132
01/29/2002,OSH,WI,AGL,CE,Federal Contract Tower,0,6,17,0,23,0,0,35,0,35,0,6,52,0,58,98,0,98,156
01/30/2002,OSH,WI,AGL,CE,Federal Contract Tower,0,8,7,0,15,0,0,79,0,79,0,8,86,0,94,250,0,250,344
01/31/2002,OSH,WI,AGL,CE,Federal Contract Tower,0,8,10,0,18,0,0,0,0,0,0,8,10,0,18,0,0,0,18
02/01/2002,OSH,WI,AGL,CE,Federal Contract Tower,0,1,11,0,12,0,1,77,0,78,0,2,88,0,90,176,0,176,266
02/02/2002,OSH,WI,AGL,CE,Federal Contract Tower,0,3,20,0,23,0,0,52,0,52,0,3,72,0,75,32,0,32,107
02/03/2002,OSH,WI,AGL,CE,Federal Contract Tower,0,3,4,0,7,0,0,100,0,100,0,3,104,0,107,98,0,98,205
02/04/2002,OSH,WI,AGL,CE,Federal Contract Tower,0,8,9,0,17,0,0,91,0,91,0,8,100,0,108,42,0,42,150
02/05/2002,OSH,WI,AGL,CE,Federal Contract Tower,0,8,14,6,28,0,2,60,2,64,0,10,74,8,92,104,12,116,208
02/06/2002,OSH,WI,AGL,CE,Federal Contract Tower,0,8,21,0,29,0,0,102,0,102,0,8,123,0,131,140,0,140,271
02/07/2002,OSH,WI,AGL,CE,Federal Contract Tower,0,8,11,0,19,0,0,119,0,119,0,8,130,0,138,270,0,270,408
02/08/2002,OSH,WI,AGL,CE,Federal Contract Tower,0,8,18,2,28,0,3,170,0,173,0,11,188,2,201,140,0,140,341
02/09/2002,OSH,WI,AGL,CE,Federal Contract Tower,0,6,9,0,15,0,0,20,0,20,0,6,29,0,35,46,0,46,81
02/10/2002,OSH,WI,AGL,CE,Federal Contract Tower,0,2,5,2,9,0,0,13,0,13,0,2,18,2,22,6,0,6,28
02/11/2002,OSH,WI,AGL,CE,Federal Contract Tower,0,8,15,0,23,0,0,49,0,49,0,8,64,0,72,54,0,54,126
02/12/2002,OSH,WI,AGL,CE,Federal Contract Tower,0,8,13,0,21,0,0,33,0,33,0,8,46,0,54,70,0,70,124
02/13/2002,OSH,WI,AGL,CE,Federal Contract Tower,0,8,18,0,26,0,2,88,2,92,0,10,106,2,118,86,0,86,204
02/14/2002,OSH,WI,AGL,CE,Federal Contract Tower,0,8,10,0,18,0,0,48,0,48,0,8,58,0,66,72,0,72,138
02/15/2002,OSH,WI,AGL,CE,Federal Contract Tower,0,8,23,0,31,0,0,74,0,74,0,8,97,0,105,86,0,86,191
02/16/2002,OSH,WI,AGL,CE,Federal Contract Tower,0,4,1,0,5,0,0,61,0,61,0,4,62,0,66,108,0,108,174
02/17/2002,OSH,WI,AGL,CE,Federal Contract Tower,0,4,10,0,14,0,0,212,0,212,0,4,222,0,226,92,0,92,318
02/18/2002,OSH,WI,AGL,CE,Federal Contract Tower,0,8,9,0,17,0,0,93,0,93,0,8,102,0,110,32,0,32,142
02/19/2002,OSH,WI,AGL,CE,Federal Contract Tower,0,9,29,0,38,0,0,0,0,0,0,9,29,0,38,0,0,0,38
02/20/2002,OSH,WI,AGL,CE,Federal Contract Tower,0,5,8,0,13,0,0,0,0,0,0,5,8,0,13,0,0,0,13
02/21/2002,OSH,WI,AGL,CE,Federal Contract Tower,0,8,11,3,22,0,0,0,0,0,0,8,11,3,22,10,4,14,36
02/22/2002,OSH,WI,AGL,CE,Federal Contract Tower,0,5,7,1,13,0,0,180,3,183,0,5,187,4,196,146,0,146,342
02/23/2002,OSH,WI,AGL,CE,Federal Contract Tower,0,6,3,0,9,0,0,62,0,62,0,6,65,0,71,138,0,138,209
02/24/2002,OSH,WI,AGL,CE,Federal Contract Tower,0,4,7,0,11,0,0,119,0,119,0,4,126,0,130,212,0,212,342
02/25/2002,OSH,WI,AGL,CE,Federal Contract Tower,0,4,9,0,13,0,0,57,0,57,0,4,66,0,70,265,0,265,335
02/26/2002,OSH,WI,AGL,CE,Federal Contract Tower,0,4,13,18,35,0,0,27,0,27,0,4,40,18,62,34,0,34,96
02/27/2002,OSH,WI,AGL,CE,Federal Contract Tower,0,6,13,0,19,0,0,106,0,106,0,6,119,0,125,120,0,120,245
02/28/2002,OSH,WI,AGL,CE,Federal Contract Tower,0,6,17,0,23,0,0,58,0,58,0,6,75,0,81,138,0,138,219
03/01/2002,OSH,WI,AGL,CE,Federal Contract Tower,0,8,16,2,26,0,0,113,0,113,0,8,129,2,139,178,2,180,319
03/02/2002,OSH,WI,AGL,CE,Federal Contract Tower,0,2,0,0,2,0,0,0,0,0,0,2,0,0,2,0,0,0,2
03/03/2002,OSH,WI,AGL,CE,Federal Contract Tower,0,4,5,0,9,0,0,15,2,17,0,4,20,2,26,4,2,6,32
03/04/2002,OSH,WI,AGL,CE,Federal Contract Tower,0,6,25,0,31,0,0,18,2,20,0,6,43,2,51,58,0,58,109
03/05/2002,OSH,WI,AGL,CE,Federal Contract Tower,0,6,16,10,32,0,0,40,0,40,0,6,56,10,72,68,0,68,140
03/06/2002,OSH,WI,AGL,CE,Federal Contract Tower,0,10,21,6,37,0,0,27,0,27,0,10,48,6,64,52,8,60,124
03/07/2002,OSH,WI,AGL,CE,Federal Contract Tower,0,8,4,12,24,0,0,58,0,58,0,8,62,12,82,108,0,108,190
03/08/2002,OSH,WI,AGL,CE,Federal Contract Tower,0,4,16,0,20,0,0,0,0,0,0,4,16,0,20,0,0,0,20
03/09/2002,OSH,WI,AGL,CE,Federal Contract Tower,0,3,1,0,4,0,0,0,0,0,0,3,1,0,4,0,0,0,4
03/10/2002,OSH,WI,AGL,CE,Federal Contract Tower,0,5,5,0,10,0,0,35,0,35,0,5,40,0,45,28,0,28,73
03/11/2002,OSH,WI,AGL,CE,Federal Contract Tower,0,4,14,0,18,0,0,103,0,103,0,4,117,0,121,176,0,176,297
03/12/2002,OSH,WI,AGL,CE,Federal Contract Tower,0,6,21,6,33,0,0,105,0,105,0,6,126,6,138,180,10,190,328
03/13/2002,OSH,WI,AGL,CE,Federal Contract Tower,0,11,25,2,38,0,0,113,0,113,0,11,138,2,151,242,0,242,393
03/14/2002,OSH,WI,AGL,CE,Federal Contract Tower,0,8,7,0,15,0,0,21,0,21,0,8,28,0,36,26,0,26,62
03/15/2002,OSH,WI,AGL,CE,Federal Contract Tower,0,8,9,0,17,0,0,28,0,28,0,8,37,0,45,28,0,28,73
03/16/2002,OSH,WI,AGL,CE,Federal Contract Tower,0,5,8,0,13,0,0,188,0,188,0,5,196,0,201,210,0,210,411
03/17/2002,OSH,WI,AGL,CE,Federal Contract Tower,0,4,5,0,9,0,0,36,0,36,0,4,41,0,45,40,0,40,85
03/18/2002,OSH,WI,AGL,CE,Federal Contract Tower,0,8,8,4,20,0,0,26,8,34,0,8,34,12,54,102,6,108,162
03/19/2002,OSH,WI,AGL,CE,Federal Contract Tower,0,10,11,2,23,0,0,27,0,27,0,10,38,2,50,40,0,40,90
03/20/2002,OSH,WI,AGL,CE,Federal Contract Tower,0,8,16,0,24,0,1,38,0,39,0,9,54,0,63,122,0,122,185
03/21/2002,OSH,WI,AGL,CE,Federal Contract Tower,0,7,15,0,22,0,0,25,0,25,0,7,40,0,47,28,0,28,75
03/22/2002,OSH,WI,AGL,CE,Federal Contract Tower,0,8,15,0,23,0,0,28,0,28,0,8,43,0,51,82,0,82,133
03/23/2002,OSH,WI,AGL,CE,Federal Contract Tower,0,5,5,0,10,0,0,153,0,153,0,5,158,0,163,210,0,210,373
03/24/2002,OSH,WI,AGL,CE,Federal Contract Tower,0,4,9,0,13,0,1,71,0,72,0,5,80,0,85,106,0,106,191
03/25/2002,OSH,WI,AGL,CE,Federal Contract Tower,0,8,9,0,17,0,0,81,0,81,0,8,90,0,98,144,0,144,242
03/26/2002,OSH,WI,AGL,CE,Federal Contract Tower,0,8,28,0,36,0,0,145,0,145,0,8,173,0,181,296,0,296,477
03/27/2002,OSH,WI,AGL,CE,Federal Contract Tower,0,8,42,0,50,0,0,142,0,142,0,8,184,0,192,252,0,252,444
03/28/2002,OSH,WI,AGL,CE,Federal Contract Tower,0,8,12,0,20,0,0,32,0,32,0,8,44,0,52,38,0,38,90
03/29/2002,OSH,WI,AGL,CE,Federal Contract Tower,0,8,10,0,18,0,0,65,0,65,0,8,75,0,83,164,0,164,247
03/30/2002,OSH,WI,AGL,CE,Federal Contract Tower,0,6,4,0,10,0,0,41,0,41,0,6,45,0,51,72,0,72,123
03/31/2002,OSH,WI,AGL,CE,Federal Contract Tower,0,4,2,0,6,0,0,26,0,26,0,4,28,0,32,20,0,20,52
04/01/2002,OSH,WI,AGL,CE,Federal Contract Tower,0,6,6,0,12,0,0,68,0,68,0,6,74,0,80,43,0,43,123
04/02/2002,OSH,WI,AGL,CE,Federal Contract Tower,0,9,7,0,16,0,0,0,0,0,0,9,7,0,16,0,0,0,16
04/03/2002,OSH,WI,AGL,CE,Federal Contract Tower,0,6,16,4,26,0,0,42,0,42,0,6,58,4,68,48,2,50,118
04/04/2002,OSH,WI,AGL,CE,Federal Contract Tower,0,8,14,0,22,0,0,58,0,58,0,8,72,0,80,96,0,96,176
04/05/2002,OSH,WI,AGL,CE,Federal Contract Tower,0,8,8,2,18,0,0,60,0,60,0,8,68,2,78,88,0,88,166
04/06/2002,OSH,WI,AGL,CE,Federal Contract Tower,0,6,14,0,20,0,0,90,0,90,0,6,104,0,110,116,0,116,226
04/07/2002,OSH,WI,AGL,CE,Federal Contract Tower,0,2,10,7,19,0,0,0,1,1,0,2,10,8,20,0,0,0,20
04/08/2002,OSH,WI,AGL,CE,Federal Contract Tower,0,6,32,0,38,0,0,5,0,5,0,6,37,0,43,0,0,0,43
04/09/2002,OSH,WI,AGL,CE,Federal Contract Tower,0,6,24,0,30,0,0,130,0,130,0,6,154,0,160,268,0,268,428
04/10/2002,OSH,WI,AGL,CE,Federal Contract Tower,0,8,16,0,24,0,1,98,2,101,0,9,114,2,125,188,0,188,313
04/11/2002,OSH,WI,AGL,CE,Federal Contract Tower,0,7,11,0,18,0,1,52,0,53,0,8,63,0,71,38,0,38,109
04/12/2002,OSH,WI,AGL,CE,Federal Contract Tower,0,5,30,0,35,0,0,57,0,57,0,5,87,0,92,164,0,164,256
04/13/2002,OSH,WI,AGL,CE,Federal Contract Tower,0,6,9,0,15,0,0,104,0,104,0,6,113,0,119,179,0,179,298
04/14/2002,OSH,WI,AGL,CE,Federal Contract Tower,0,4,8,0,12,0,0,41,0,41,0,4,49,0,53,40,0,40,93
04/15/2002,OSH,WI,AGL,CE,Federal Contract Tower,0,8,11,4,23,0,0,149,0,149,0,8,160,4,172,118,0,118,290
04/16/2002,OSH,WI,AGL,CE,Federal Contract Tower,0,8,5,6,19,0,0,72,2,74,0,8,77,8,93,124,18,142,235
04/17/2002,OSH,WI,AGL,CE,Federal Contract Tower,0,9,8,0,17,0,0,104,0,104,0,9,112,0,121,242,0,242,363
04/18/2002,OSH,WI,AGL,CE,Federal Contract Tower,0,8,11,0,19,0,0,13,0,13,0,8,24,0,32,122,0,122,154
04/19/2002,OSH,WI,AGL,CE,Federal Contract Tower,0,8,29,0,37,0,0,49,0,49,0,8,78,0,86,166,0,166,252
04/20/2002,OSH,WI,AGL,CE,Federal Contract Tower,0,8,24,0,32,0,0,117,0,117,0,8,141,0,149,150,0,150,299
04/21/2002,OSH,WI,AGL,CE,Federal Contract Tower,0,1,4,0,5,0,0,2,0,2,0,1,6,0,7,0,0,0,7
04/22/2002,OSH,WI,AGL,CE,Federal Contract Tower,0,10,4,0,14,0,0,57,0,57,0,10,61,0,71,156,0,156,227
04/23/2002,OSH,WI,AGL,CE,Federal Contract Tower,0,8,5,2,15,0,0,139,0,139,0,8,144,2,154,262,0,262,416
04/24/2002,OSH,WI,AGL,CE,Federal Contract Tower,0,8,17,4,29,0,0,58,4,62,0,8,75,8,91,16,12,28,119
04/25/2002,OSH,WI,AGL,CE,Federal Contract Tower,0,10,15,6,31,0,0,71,0,71,0,10,86,6,102,74,10,84,186
04/26/2002,OSH,WI,AGL,CE,Federal Contract Tower,0,8,25,0,33,0,2,215,2,219,0,10,240,2,252,230,0,230,482
04/27/2002,OSH,WI,AGL,CE,Federal Contract Tower,0,7,6,0,13,0,1,30,0,31,0,8,36,0,44,98,0,98,142
04/28/2002,OSH,WI,AGL,CE,Federal Contract Tower,0,4,5,0,9,0,0,5,0,5,0,4,10,0,14,0,0,0,14
04/29/2002,OSH,WI,AGL,CE,Federal Contract Tower,0,8,9,0,17,0,1,133,2,136,0,9,142,2,153,388,0,388,541
04/30/2002,OSH,WI,AGL,CE,Federal Contract Tower,0,6,22,0,28,0,0,181,0,181,0,6,203,0,209,408,0,408,617
05/01/2002,OSH,WI,AGL,CE,Federal Contract Tower,0,9,13,0,22,0,2,138,0,140,0,11,151,0,162,98,0,98,260
05/02/2002,OSH,WI,AGL,CE,Federal Contract Tower,0,11,21,0,32,0,0,68,1,69,0,11,89,1,101,150,4,154,255
05/03/2002,OSH,WI,AGL,CE,Federal Contract Tower,0,4,9,2,15,0,0,164,2,166,0,4,173,4,181,404,0,404,585
05/04/2002,OSH,WI,AGL,CE,Federal Contract Tower,0,2,9,0,11,0,0,170,0,170,0,2,179,0,181,386,0,386,567
05/05/2002,OSH,WI,AGL,CE,Federal Contract Tower,0,5,15,2,22,0,0,128,0,128,0,5,143,2,150,362,0,362,512
05/06/2002,OSH,WI,AGL,CE,Federal Contract Tower,0,4,27,0,31,0,0,105,0,105,0,4,132,0,136,166,0,166,302
05/07/2002,OSH,WI,AGL,CE,Federal Contract Tower,0,1,50,0,51,0,0,96,0,96,0,1,146,0,147,206,0,206,353
05/08/2002,OSH,WI,AGL,CE,Federal Contract Tower,0,12,57,0,69,0,0,26,0,26,0,12,83,0,95,154,0,154,249
05/09/2002,OSH,WI,AGL,CE,Federal Contract Tower,0,4,12,0,16,0,0,14,0,14,0,4,26,0,30,44,0,44,74
05/10/2002,OSH,WI,AGL,CE,Federal Contract Tower,0,10,11,0,21,0,0,71,0,71,0,10,82,0,92,20,0,20,112
05/11/2002,OSH,WI,AGL,CE,Federal Contract Tower,0,5,10,0,15,0,0,58,0,58,0,5,68,0,73,102,0,102,175
05/12/2002,OSH,WI,AGL,CE,Federal Contract Tower,0,4,13,0,17,0,0,13,0,13,0,4,26,0,30,10,0,10,40
05/13/2002,OSH,WI,AGL,CE,Federal Contract Tower,0,8,9,0,17,0,0,58,0,58,0,8,67,0,75,82,0,82,157
05/14/2002,OSH,WI,AGL,CE,Federal Contract Tower,0,8,22,1,31,0,0,180,0,180,0,8,202,1,211,368,0,368,579
05/15/2002,OSH,WI,AGL,CE,Federal Contract Tower,0,8,24,0,32,0,0,94,0,94,0,8,118,0,126,66,0,66,192
05/16/2002,OSH,WI,AGL,CE,Federal Contract Tower,0,8,44,0,52,0,0,69,0,69,0,8,113,0,121,208,0,208,329
05/17/2002,OSH,WI,AGL,CE,Federal Contract Tower,0,10,15,0,25,0,0,131,4,135,0,10,146,4,160,330,0,330,490
05/18/2002,OSH,WI,AGL,CE,Federal Contract Tower,0,8,11,0,19,0,0,270,0,270,0,8,281,0,289,591,0,591,880
05/19/2002,OSH,WI,AGL,CE,Federal Contract Tower,0,4,10,0,14,0,0,128,0,128,0,4,138,0,142,208,0,208,350
05/20/2002,OSH,WI,AGL,CE,Federal Contract Tower,0,8,12,2,22,0,2,123,0,125,0,10,135,2,147,224,16,240,387
05/21/2002,OSH,WI,AGL,CE,Federal Contract Tower,0,8,13,2,23,0,0,159,0,159,0,8,172,2,182,304,10,314,496
05/22/2002,OSH,WI,AGL,CE,Federal Contract Tower,0,8,17,0,25,0,0,144,2,146,0,8,161,2,171,92,2,94,265
05/23/2002,OSH,WI,AGL,CE,Federal Contract Tower,0,8,9,6,23,0,0,66,2,68,0,8,75,8,91,122,8,130,221
05/24/2002,OSH,WI,AGL,CE,Federal Contract Tower,0,8,31,0,39,0,0,137,0,137,0,8,168,0,176,250,0,250,426
05/25/2002,OSH,WI,AGL,CE,Federal Contract Tower,0,6,3,0,9,0,0,7,0,7,0,6,10,0,16,26,0,26,42
05/26/2002,OSH,WI,AGL,CE,Federal Contract Tower,0,4,3,0,7,0,0,59,0,59,0,4,62,0,66,18,0,18,84
05/27/2002,OSH,WI,AGL,CE,Federal Contract Tower,0,8,4,0,12,0,0,73,0,73,0,8,77,0,85,28,0,28,113
05/28/2002,OSH,WI,AGL,CE,Federal Contract Tower,0,8,21,0,29,0,0,141,0,141,0,8,162,0,170,204,0,204,374
05/29/2002,OSH,WI,AGL,CE,Federal Contract Tower,0,10,42,0,52,0,0,28,0,28,0,10,70,0,80,92,0,92,172
05/30/2002,OSH,WI,AGL,CE,Federal Contract Tower,0,11,18,0,29,0,0,99,0,99,0,11,117,0,128,202,0,202,330
05/31/2002,OSH,WI,AGL,CE,Federal Contract Tower,0,13,20,0,33,0,0,100,4,104,0,13,120,4,137,328,8,336,473
06/01/2002,OSH,WI,AGL,CE,Federal Contract Tower,0,2,14,0,16,0,0,383,2,385,0,2,397,2,401,1254,0,1254,1655
06/02/2002,OSH,WI,AGL,CE,Federal Contract Tower,0,4,8,0,12,0,0,338,0,338,0,4,346,0,350,761,0,761,1111
06/03/2002,OSH,WI,AGL,CE,Federal Contract Tower,0,7,26,0,33,0,0,0,0,0,0,7,26,0,33,0,0,0,33
06/04/2002,OSH,WI,AGL,CE,Federal Contract Tower,0,8,9,0,17,0,0,55,0,55,0,8,64,0,72,64,0,64,136
06/05/2002,OSH,WI,AGL,CE,Federal Contract Tower,0,11,27,0,38,0,0,77,0,77,0,11,104,0,115,244,0,244,359
06/06/2002,OSH,WI,AGL,CE,Federal Contract Tower,0,14,34,0,48,0,0,277,0,277,0,14,311,0,325,418,0,418,743
06/07/2002,OSH,WI,AGL,CE,Federal Contract Tower,0,15,22,2,39,0,0,74,0,74,0,15,96,2,113,94,0,94,207
06/08/2002,OSH,WI,AGL,CE,Federal Contract Tower,0,2,6,0,8,0,0,403,0,403,0,2,409,0,411,646,0,646,1057
06/09/2002,OSH,WI,AGL,CE,Federal Contract Tower,0,6,13,2,21,0,0,155,0,155,0,6,168,2,176,412,0,412,588
06/10/2002,OSH,WI,AGL,CE,Federal Contract Tower,0,8,17,0,25,0,0,74,0,74,0,8,91,0,99,134,0,134,233
06/11/2002,OSH,WI,AGL,CE,Federal Contract Tower,0,11,13,0,24,0,0,37,0,37,0,11,50,0,61,88,0,88,149
06/12/2002,OSH,WI,AGL,CE,Federal Contract Tower,0,9,29,0,38,0,0,93,0,93,0,9,122,0,131,270,0,270,401
06/13/2002,OSH,WI,AGL,CE,Federal Contract Tower,0,11,31,5,47,0,0,145,3,148,0,11,176,8,195,360,60,420,615
06/14/2002,OSH,WI,AGL,CE,Federal Contract Tower,0,11,17,0,28,0,0,47,0,47,0,11,64,0,75,144,0,144,219
06/15/2002,OSH,WI,AGL,CE,Federal Contract Tower,0,6,9,0,15,0,0,174,6,180,0,6,183,6,195,512,16,528,723
06/16/2002,OSH,WI,AGL,CE,Federal Contract Tower,0,6,13,4,23,0,0,105,0,105,0,6,118,4,128,302,0,302,430
06/17/2002,OSH,WI,AGL,CE,Federal Contract Tower,0,8,16,4,28,0,0,191,0,191,0,8,207,4,219,348,0,348,567
06/18/2002,OSH,WI,AGL,CE,Federal Contract Tower,0,10,16,6,32,0,0,162,4,166,0,10,178,10,198,292,20,312,510
06/19/2002,OSH,WI,AGL,CE,Federal Contract Tower,0,12,15,0,27,0,0,91,0,91,0,12,106,0,118,118,0,118,236
06/20/2002,OSH,WI,AGL,CE,Federal Contract Tower,0,10,11,9,30,0,0,114,0,114,0,10,125,9,144,266,12,278,422
06/21/2002,OSH,WI,AGL,CE,Federal Contract Tower,0,10,20,2,32,0,0,93,0,93,0,10,113,2,125,242,0,242,367
06/22/2002,OSH,WI,AGL,CE,Federal Contract Tower,0,6,12,0,18,0,0,125,0,125,0,6,137,0,143,100,0,100,243
06/23/2002,OSH,WI,AGL,CE,Federal Contract Tower,0,4,21,0,25,0,0,169,0,169,0,4,190,0,194,250,0,250,444
06/24/2002,OSH,WI,AGL,CE,Federal Contract Tower,0,8,11,1,20,0,0,148,0,148,0,8,159,1,168,238,0,238,406
06/25/2002,OSH,WI,AGL,CE,Federal Contract Tower,0,6,16,0,22,0,0,246,0,246,0,6,262,0,268,420,0,420,688
06/26/2002,OSH,WI,AGL,CE,Federal Contract Tower,0,14,10,0,24,0,0,210,0,210,0,14,220,0,234,460,0,460,694
06/27/2002,OSH,WI,AGL,CE,Federal Contract Tower,0,8,14,0,22,0,2,186,3,191,0,10,200,3,213,860,1,861,1074
06/28/2002,OSH,WI,AGL,CE,Federal Contract Tower,0,8,14,0,22,0,2,242,0,244,0,10,256,0,266,883,0,883,1149
06/29/2002,OSH,WI,AGL,CE,Federal Contract Tower,0,9,23,0,32,0,0,275,0,275,0,9,298,0,307,908,0,908,1215
06/30/2002,OSH,WI,AGL,CE,Federal Contract Tower,0,5,7,0,12,0,0,183,0,183,0,5,190,0,195,398,0,398,593
07/01/2002,OSH,WI,AGL,CE,Federal Contract Tower,0,7,16,0,23,0,1,159,0,160,0,8,175,0,183,390,0,390,573
07/02/2002,OSH,WI,AGL,CE,Federal Contract Tower,0,8,12,0,20,0,0,152,0,152,0,8,164,0,172,344,0,344,516
07/03/2002,OSH,WI,AGL,CE,Federal Contract Tower,0,8,13,0,21,0,2,129,2,133,0,10,142,2,154,486,0,486,640
07/04/2002,OSH,WI,AGL,CE,Federal Contract Tower,0,1,1,0,2,0,1,103,0,104,0,2,104,0,106,182,0,182,288
07/05/2002,OSH,WI,AGL,CE,Federal Contract Tower,0,5,11,0,16,0,1,177,0,178,0,6,188,0,194,396,0,396,590
07/06/2002,OSH,WI,AGL,CE,Federal Contract Tower,0,5,7,0,12,0,1,211,0,212,0,6,218,0,224,434,0,434,658
07/07/2002,OSH,WI,AGL,CE,Federal Contract Tower,0,3,9,0,12,0,3,135,0,138,0,6,144,0,150,220,0,220,370
07/08/2002,OSH,WI,AGL,CE,Federal Contract Tower,0,7,10,0,17,0,1,32,0,33,0,8,42,0,50,94,0,94,144
07/09/2002,OSH,WI,AGL,CE,Federal Contract Tower,0,10,22,0,32,0,1,118,2,121,0,11,140,2,153,240,0,240,393
07/10/2002,OSH,WI,AGL,CE,Federal Contract Tower,0,10,24,0,34,0,1,107,0,108,0,11,131,0,142,560,0,560,702
07/11/2002,OSH,WI,AGL,CE,Federal Contract Tower,0,7,18,0,25,0,1,97,0,98,0,8,115,0,123,372,0,372,495
07/12/2002,OSH,WI,AGL,CE,Federal Contract Tower,0,7,14,2,23,0,1,251,0,252,0,8,265,2,275,468,0,468,743
07/13/2002,OSH,WI,AGL,CE,Federal Contract Tower,0,4,9,0,13,0,2,183,0,185,0,6,192,0,198,366,0,366,564
07/14/2002,OSH,WI,AGL,CE,Federal Contract Tower,0,3,9,2,14,0,1,152,0,153,0,4,161,2,167,216,0,216,383
07/15/2002,OSH,WI,AGL,CE,Federal Contract Tower,0,8,11,0,19,0,2,220,2,224,0,10,231,2,243,362,0,362,605
07/16/2002,OSH,WI,AGL,CE,Federal Contract Tower,0,7,19,0,26,0,1,210,0,211,0,8,229,0,237,298,0,298,535
07/17/2002,OSH,WI,AGL,CE,Federal Contract Tower,0,12,13,0,25,0,1,126,6,133,0,13,139,6,158,338,4,342,500
07/18/2002,OSH,WI,AGL,CE,Federal Contract Tower,0,8,31,0,39,0,2,60,0,62,0,10,91,0,101,214,0,214,315
07/19/2002,OSH,WI,AGL,CE,Federal Contract Tower,0,7,38,2,47,0,3,358,0,361,0,10,396,2,408,448,0,448,856
07/20/2002,OSH,WI,AGL,CE,Federal Contract Tower,0,6,24,0,30,0,1,433,0,434,0,7,457,0,464,0,0,0,464
07/21/2002,OSH,WI,AGL,CE,Federal Contract Tower,0,5,60,1,66,0,1,1761,0,1762,0,6,1821,1,1828,0,0,0,1828
07/22/2002,OSH,WI,AGL,CE,Federal Contract Tower,0,11,93,4,108,0,1,1531,0,1532,0,12,1624,4,1640,0,0,0,1640
07/23/2002,OSH,WI,AGL,CE,Federal Contract Tower,0,8,73,3,84,0,1,1996,0,1997,0,9,2069,3,2081,0,0,0,2081
07/24/2002,OSH,WI,AGL,CE,Federal Contract Tower,0,7,87,0,94,0,1,2528,0,2529,0,8,2615,0,2623,0,0,0,2623
07/25/2002,OSH,WI,AGL,CE,Federal Contract Tower,0,10,119,3,132,2,0,2750,0,2752,2,10,2869,3,2884,0,0,0,2884
07/26/2002,OSH,WI,AGL,CE,Federal Contract Tower,0,9,135,5,149,0,0,2667,7,2674,0,9,2802,12,2823,0,0,0,2823
07/27/2002,OSH,WI,AGL,CE,Federal Contract Tower,0,0,108,0,108,0,1,1737,0,1738,0,1,1845,0,1846,0,0,0,1846
07/28/2002,OSH,WI,AGL,CE,Federal Contract Tower,0,7,135,2,144,0,1,1749,0,1750,0,8,1884,2,1894,0,0,0,1894
07/29/2002,OSH,WI,AGL,CE,Federal Contract Tower,0,8,78,15,101,0,1,797,0,798,0,9,875,15,899,0,0,0,899
07/30/2002,OSH,WI,AGL,CE,Federal Contract Tower,0,5,33,0,38,0,1,445,0,446,0,6,478,0,484,82,2,84,568
07/31/2002,OSH,WI,AGL,CE,Federal Contract Tower,0,10,21,1,32,0,1,108,0,109,0,11,129,1,141,144,6,150,291
08/01/2002,OSH,WI,AGL,CE,Federal Contract Tower,0,9,21,0,30,0,1,44,0,45,0,10,65,0,75,22,0,22,97
08/02/2002,OSH,WI,AGL,CE,Federal Contract Tower,0,8,24,0,32,0,1,136,0,137,0,9,160,0,169,340,0,340,509
08/03/2002,OSH,WI,AGL,CE,Federal Contract Tower,0,6,4,0,10,0,0,167,0,167,0,6,171,0,177,310,0,310,487
08/04/2002,OSH,WI,AGL,CE,Federal Contract Tower,0,4,16,0,20,0,0,77,0,77,0,4,93,0,97,186,0,186,283
08/05/2002,OSH,WI,AGL,CE,Federal Contract Tower,0,5,25,0,30,0,0,98,0,98,0,5,123,0,128,196,0,196,324
08/06/2002,OSH,WI,AGL,CE,Federal Contract Tower,0,8,12,0,20,0,0,203,0,203,0,8,215,0,223,612,0,612,835
08/07/2002,OSH,WI,AGL,CE,Federal Contract Tower,0,5,17,0,22,0,0,130,0,130,0,5,147,0,152,554,0,554,706
08/08/2002,OSH,WI,AGL,CE,Federal Contract Tower,0,12,11,0,23,0,0,144,0,144,0,12,155,0,167,266,0,266,433
08/09/2002,OSH,WI,AGL,CE,Federal Contract Tower,0,8,8,0,16,0,2,220,2,224,0,10,228,2,240,336,4,340,580
08/10/2002,OSH,WI,AGL,CE,Federal Contract Tower,0,6,5,0,11,0,0,126,0,126,0,6,131,0,137,230,0,230,367
08/11/2002,OSH,WI,AGL,CE,Federal Contract Tower,0,6,11,0,17,0,0,86,0,86,0,6,97,0,103,224,0,224,327
08/12/2002,OSH,WI,AGL,CE,Federal Contract Tower,0,9,25,0,34,0,0,70,0,70,0,9,95,0,104,168,0,168,272
08/13/2002,OSH,WI,AGL,CE,Federal Contract Tower,0,7,24,0,31,0,0,70,0,70,0,7,94,0,101,145,0,145,246
08/14/2002,OSH,WI,AGL,CE,Federal Contract Tower,0,8,18,0,26,0,0,94,0,94,0,8,112,0,120,176,0,176,296
08/15/2002,OSH,WI,AGL,CE,Federal Contract Tower,0,9,17,4,30,0,0,85,0,85,0,9,102,4,115,127,10,137,252
08/16/2002,OSH,WI,AGL,CE,Federal Contract Tower,0,4,25,0,29,0,0,141,2,143,0,4,166,2,172,196,2,198,370
08/17/2002,OSH,WI,AGL,CE,Federal Contract Tower,0,8,9,0,17,0,0,32,0,32,0,8,41,0,49,110,0,110,159
08/18/2002,OSH,WI,AGL,CE,Federal Contract Tower,0,6,16,0,22,0,0,156,0,156,0,6,172,0,178,244,0,244,422
08/19/2002,OSH,WI,AGL,CE,Federal Contract Tower,0,10,22,0,32,0,0,110,0,110,0,10,132,0,142,122,0,122,264
08/20/2002,OSH,WI,AGL,CE,Federal Contract Tower,0,5,12,0,17,0,0,156,0,156,0,5,168,0,173,398,0,398,571
08/21/2002,OSH,WI,AGL,CE,Federal Contract Tower,0,7,14,0,21,0,0,6,0,6,0,7,20,0,27,58,0,58,85
08/22/2002,OSH,WI,AGL,CE,Federal Contract Tower,0,8,33,8,49,0,0,56,0,56,0,8,89,8,105,226,0,226,331
08/23/2002,OSH,WI,AGL,CE,Federal Contract Tower,0,15,16,0,31,0,0,0,0,0,0,15,16,0,31,0,0,0,31
08/24/2002,OSH,WI,AGL,CE,Federal Contract Tower,0,6,22,0,28,0,0,101,0,101,0,6,123,0,129,342,0,342,471
08/25/2002,OSH,WI,AGL,CE,Federal Contract Tower,0,6,22,0,28,0,0,123,0,123,0,6,145,0,151,334,0,334,485
08/26/2002,OSH,WI,AGL,CE,Federal Contract Tower,0,4,27,0,31,0,1,111,0,112,0,5,138,0,143,204,0,204,347
08/27/2002,OSH,WI,AGL,CE,Federal Contract Tower,0,8,21,0,29,0,0,126,0,126,0,8,147,0,155,316,0,316,471
08/28/2002,OSH,WI,AGL,CE,Federal Contract Tower,0,10,17,8,35,0,0,92,0,92,0,10,109,8,127,197,0,197,324
08/29/2002,OSH,WI,AGL,CE,Federal Contract Tower,0,8,15,0,23,0,0,121,0,121,0,8,136,0,144,122,0,122,266
08/30/2002,OSH,WI,AGL,CE,Federal Contract Tower,0,6,14,0,20,0,0,115,0,115,0,6,129,0,135,174,0,174,309
08/31/2002,OSH,WI,AGL,CE,Federal Contract Tower,0,7,16,0,23,0,0,171,0,171,0,7,187,0,194,572,0,572,766
09/01/2002,OSH,WI,AGL,CE,Federal Contract Tower,0,3,10,0,13,0,1,133,0,134,0,4,143,0,147,284,0,284,431
09/02/2002,OSH,WI,AGL,CE,Federal Contract Tower,0,4,5,0,9,0,1,19,0,20,0,5,24,0,29,24,0,24,53
09/03/2002,OSH,WI,AGL,CE,Federal Contract Tower,0,8,12,1,21,0,1,88,1,90,0,9,100,2,111,100,0,100,211
09/04/2002,OSH,WI,AGL,CE,Federal Contract Tower,0,9,14,1,24,0,2,205,1,208,0,11,219,2,232,294,0,294,526
09/05/2002,OSH,WI,AGL,CE,Federal Contract Tower,0,8,21,0,29,0,2,103,0,105,0,10,124,0,134,158,0,158,292
09/06/2002,OSH,WI,AGL,CE,Federal Contract Tower,0,8,5,0,13,0,0,115,0,115,0,8,120,0,128,140,0,140,268
09/07/2002,OSH,WI,AGL,CE,Federal Contract Tower,0,6,9,1,16,0,0,186,1,187,0,6,195,2,203,214,2,216,419
09/08/2002,OSH,WI,AGL,CE,Federal Contract Tower,0,4,5,0,9,0,0,91,0,91,0,4,96,0,100,126,0,126,226
09/09/2002,OSH,WI,AGL,CE,Federal Contract Tower,0,4,13,0,17,0,1,89,0,90,0,5,102,0,107,152,0,152,259
09/10/2002,OSH,WI,AGL,CE,Federal Contract Tower,0,9,12,0,21,0,0,55,0,55,0,9,67,0,76,102,0,102,178
09/11/2002,OSH,WI,AGL,CE,Federal Contract Tower,0,8,7,0,15,0,0,111,0,111,0,8,118,0,126,262,0,262,388
09/12/2002,OSH,WI,AGL,CE,Federal Contract Tower,0,4,4,2,10,0,0,78,0,78,0,4,82,2,88,142,0,142,230
09/13/2002,OSH,WI,AGL,CE,Federal Contract Tower,0,8,28,4,40,0,0,118,0,118,0,8,146,4,158,174,0,174,332
09/14/2002,OSH,WI,AGL,CE,Federal Contract Tower,0,5,19,0,24,0,0,46,0,46,0,5,65,0,70,102,0,102,172
09/15/2002,OSH,WI,AGL,CE,Federal Contract Tower,0,4,14,8,26,0,0,138,10,148,0,4,152,18,174,78,14,92,266
09/16/2002,OSH,WI,AGL,CE,Federal Contract Tower,0,10,27,0,37,0,0,91,0,91,0,10,118,0,128,238,0,238,366
09/17/2002,OSH,WI,AGL,CE,Federal Contract Tower,0,9,14,0,23,0,2,137,0,139,0,11,151,0,162,184,0,184,346
09/18/2002,OSH,WI,AGL,CE,Federal Contract Tower,0,11,13,0,24,0,2,47,2,51,0,13,60,2,75,78,0,78,153
09/19/2002,OSH,WI,AGL,CE,Federal Contract Tower,0,8,13,0,21,0,0,32,0,32,0,8,45,0,53,123,0,123,176
09/20/2002,OSH,WI,AGL,CE,Federal Contract Tower,0,8,14,0,22,0,0,36,1,37,0,8,50,1,59,32,0,32,91
09/21/2002,OSH,WI,AGL,CE,Federal Contract Tower,0,6,9,0,15,0,0,64,0,64,0,6,73,0,79,212,0,212,291
09/22/2002,OSH,WI,AGL,CE,Federal Contract Tower,0,4,7,0,11,0,0,117,0,117,0,4,124,0,128,191,0,191,319
09/23/2002,OSH,WI,AGL,CE,Federal Contract Tower,0,10,11,0,21,0,0,80,0,80,0,10,91,0,101,60,0,60,161
09/24/2002,OSH,WI,AGL,CE,Federal Contract Tower,0,9,18,0,27,0,1,157,0,158,0,10,175,0,185,216,0,216,401
09/25/2002,OSH,WI,AGL,CE,Federal Contract Tower,0,10,14,0,24,0,0,90,0,90,0,10,104,0,114,96,0,96,210
09/26/2002,OSH,WI,AGL,CE,Federal Contract Tower,0,10,15,0,25,0,0,67,0,67,0,10,82,0,92,140,0,140,232
09/27/2002,OSH,WI,AGL,CE,Federal Contract Tower,0,8,27,0,35,0,0,45,0,45,0,8,72,0,80,24,0,24,104
09/28/2002,OSH,WI,AGL,CE,Federal Contract Tower,0,6,7,0,13,0,0,172,0,172,0,6,179,0,185,284,0,284,469
09/29/2002,OSH,WI,AGL,CE,Federal Contract Tower,0,4,10,0,14,0,0,56,0,56,0,4,66,0,70,154,0,154,224
09/30/2002,OSH,WI,AGL,CE,Federal Contract Tower,0,4,8,0,12,0,0,41,0,41,0,4,49,0,53,54,0,54,107
10/01/2002,OSH,WI,AGL,CE,Federal Contract Tower,0,8,10,0,18,0,1,115,0,116,0,9,125,0,134,258,0,258,392
10/02/2002,OSH,WI,AGL,CE,Federal Contract Tower,0,9,18,6,33,0,0,43,2,45,0,9,61,8,78,76,2,78,156
10/03/2002,OSH,WI,AGL,CE,Federal Contract Tower,0,10,16,0,26,0,1,40,0,41,0,11,56,0,67,48,0,48,115
10/04/2002,OSH,WI,AGL,CE,Federal Contract Tower,0,5,16,2,23,0,1,2,0,3,0,6,18,2,26,0,0,0,26
10/05/2002,OSH,WI,AGL,CE,Federal Contract Tower,0,6,14,0,20,0,1,153,0,154,0,7,167,0,174,310,0,310,484
10/06/2002,OSH,WI,AGL,CE,Federal Contract Tower,0,4,7,2,13,0,0,5,0,5,0,4,12,2,18,0,0,0,18
10/07/2002,OSH,WI,AGL,CE,Federal Contract Tower,0,4,13,0,17,0,0,72,0,72,0,4,85,0,89,120,0,120,209
10/08/2002,OSH,WI,AGL,CE,Federal Contract Tower,0,10,15,0,25,0,0,47,0,47,0,10,62,0,72,96,0,96,168
10/09/2002,OSH,WI,AGL,CE,Federal Contract Tower,0,8,16,0,24,0,0,147,0,147,0,8,163,0,171,168,0,168,339
10/10/2002,OSH,WI,AGL,CE,Federal Contract Tower,0,6,33,2,41,0,0,79,0,79,0,6,112,2,120,118,2,120,240
10/11/2002,OSH,WI,AGL,CE,Federal Contract Tower,0,8,11,0,19,0,0,91,0,91,0,8,102,0,110,52,0,52,162
10/12/2002,OSH,WI,AGL,CE,Federal Contract Tower,0,6,14,0,20,0,1,20,0,21,0,7,34,0,41,58,0,58,99
10/13/2002,OSH,WI,AGL,CE,Federal Contract Tower,0,4,12,0,16,0,0,67,0,67,0,4,79,0,83,44,0,44,127
10/14/2002,OSH,WI,AGL,CE,Federal Contract Tower,0,7,14,0,21,0,0,68,0,68,0,7,82,0,89,88,0,88,177
10/15/2002,OSH,WI,AGL,CE,Federal Contract Tower,0,10,17,0,27,0,0,76,0,76,0,10,93,0,103,182,0,182,285
10/16/2002,OSH,WI,AGL,CE,Federal Contract Tower,0,8,14,1,23,0,0,257,4,261,0,8,271,5,284,216,0,216,500
10/17/2002,OSH,WI,AGL,CE,Federal Contract Tower,0,8,10,18,36,0,0,60,8,68,0,8,70,26,104,104,20,124,228
10/18/2002,OSH,WI,AGL,CE,Federal Contract Tower,0,4,7,0,11,0,0,21,0,21,0,4,28,0,32,2,0,2,34
10/19/2002,OSH,WI,AGL,CE,Federal Contract Tower,0,6,11,0,17,0,1,90,0,91,0,7,101,0,108,30,0,30,138
10/20/2002,OSH,WI,AGL,CE,Federal Contract Tower,0,4,12,0,16,0,0,142,0,142,0,4,154,0,158,79,0,79,237
10/21/2002,OSH,WI,AGL,CE,Federal Contract Tower,0,9,7,0,16,0,0,18,0,18,0,9,25,0,34,32,0,32,66
10/22/2002,OSH,WI,AGL,CE,Federal Contract Tower,0,8,6,0,14,0,0,0,0,0,0,8,6,0,14,0,0,0,14
10/23/2002,OSH,WI,AGL,CE,Federal Contract Tower,0,8,14,0,22,0,0,113,2,115,0,8,127,2,137,62,0,62,199
10/24/2002,OSH,WI,AGL,CE,Federal Contract Tower,0,8,7,0,15,0,0,25,0,25,0,8,32,0,40,28,0,28,68
10/25/2002,OSH,WI,AGL,CE,Federal Contract Tower,0,8,21,0,29,0,0,22,0,22,0,8,43,0,51,0,0,0,51
10/26/2002,OSH,WI,AGL,CE,Federal Contract Tower,0,6,9,0,15,0,0,71,0,71,0,6,80,0,86,152,0,152,238
10/27/2002,OSH,WI,AGL,CE,Federal Contract Tower,0,4,8,0,12,0,0,92,0,92,0,4,100,0,104,178,0,178,282
10/28/2002,OSH,WI,AGL,CE,Federal Contract Tower,0,8,19,0,27,0,1,65,0,66,0,9,84,0,93,150,0,150,243
10/29/2002,OSH,WI,AGL,CE,Federal Contract Tower,0,8,12,4,24,0,0,115,0,115,0,8,127,4,139,168,16,184,323
10/30/2002,OSH,WI,AGL,CE,Federal Contract Tower,0,8,16,0,24,0,0,105,0,105,0,8,121,0,129,82,0,82,211
10/31/2002,OSH,WI,AGL,CE,Federal Contract Tower,0,8,16,0,24,0,0,114,0,114,0,8,130,0,138,104,0,104,242
11/01/2002,OSH,WI,AGL,CE,Federal Contract Tower,0,8,11,2,21,0,0,108,6,114,0,8,119,8,135,72,0,72,207
11/02/2002,OSH,WI,AGL,CE,Federal Contract Tower,0,6,16,0,22,0,0,137,0,137,0,6,153,0,159,113,0,113,272
11/03/2002,OSH,WI,AGL,CE,Federal Contract Tower,0,4,7,2,13,0,0,189,0,189,0,4,196,2,202,129,0,129,331
11/04/2002,OSH,WI,AGL,CE,Federal Contract Tower,0,4,11,2,17,0,0,144,0,144,0,4,155,2,161,148,0,148,309
11/05/2002,OSH,WI,AGL,CE,Federal Contract Tower,0,9,8,14,31,0,0,14,0,14,0,9,22,14,45,10,2,12,57
11/06/2002,OSH,WI,AGL,CE,Federal Contract Tower,0,10,16,0,26,0,0,37,2,39,0,10,53,2,65,38,0,38,103
11/07/2002,OSH,WI,AGL,CE,Federal Contract Tower,0,8,15,0,23,0,0,98,6,104,0,8,113,6,127,20,0,20,147
11/08/2002,OSH,WI,AGL,CE,Federal Contract Tower,0,10,10,0,20,0,0,205,0,205,0,10,215,0,225,144,0,144,369
11/09/2002,OSH,WI,AGL,CE,Federal Contract Tower,0,6,21,0,27,0,0,205,0,205,0,6,226,0,232,166,0,166,398
11/10/2002,OSH,WI,AGL,CE,Federal Contract Tower,0,4,13,0,17,0,0,71,0,71,0,4,84,0,88,100,0,100,188
11/11/2002,OSH,WI,AGL,CE,Federal Contract Tower,0,4,6,0,10,0,0,20,0,20,0,4,26,0,30,42,0,42,72
11/12/2002,OSH,WI,AGL,CE,Federal Contract Tower,0,8,10,0,18,0,0,97,0,97,0,8,107,0,115,106,0,106,221
11/13/2002,OSH,WI,AGL,CE,Federal Contract Tower,0,10,13,4,27,0,0,102,0,102,0,10,115,4,129,100,44,144,273
11/14/2002,OSH,WI,AGL,CE,Federal Contract Tower,0,10,16,0,26,0,0,19,0,19,0,10,35,0,45,86,0,86,131
11/15/2002,OSH,WI,AGL,CE,Federal Contract Tower,0,9,17,0,26,0,0,112,0,112,0,9,129,0,138,72,0,72,210
11/16/2002,OSH,WI,AGL,CE,Federal Contract Tower,0,6,14,0,20,0,0,106,0,106,0,6,120,0,126,72,0,72,198
11/17/2002,OSH,WI,AGL,CE,Federal Contract Tower,0,7,10,0,17,0,0,185,0,185,0,7,195,0,202,88,0,88,290
11/18/2002,OSH,WI,AGL,CE,Federal Contract Tower,0,8,18,0,26,0,0,24,0,24,0,8,42,0,50,105,0,105,155
11/19/2002,OSH,WI,AGL,CE,Federal Contract Tower,0,4,18,0,22,0,2,88,0,90,0,6,106,0,112,164,0,164,276
11/20/2002,OSH,WI,AGL,CE,Federal Contract Tower,0,8,18,0,26,0,0,108,0,108,0,8,126,0,134,210,0,210,344
11/21/2002,OSH,WI,AGL,CE,Federal Contract Tower,0,6,9,0,15,0,0,133,0,133,0,6,142,0,148,180,0,180,328
11/22/2002,OSH,WI,AGL,CE,Federal Contract Tower,0,8,8,0,16,0,1,128,2,131,0,9,136,2,147,80,0,80,227
11/23/2002,OSH,WI,AGL,CE,Federal Contract Tower,0,6,0,0,6,0,0,111,2,113,0,6,111,2,119,182,0,182,301
11/24/2002,OSH,WI,AGL,CE,Federal Contract Tower,0,4,8,0,12,0,0,96,0,96,0,4,104,0,108,84,0,84,192
11/25/2002,OSH,WI,AGL,CE,Federal Contract Tower,0,8,12,2,22,0,0,130,2,132,0,8,142,4,154,164,20,184,338
11/26/2002,OSH,WI,AGL,CE,Federal Contract Tower,0,4,4,0,8,0,0,58,0,58,0,4,62,0,66,142,0,142,208
11/27/2002,OSH,WI,AGL,CE,Federal Contract Tower,0,8,14,0,22,0,0,104,0,104,0,8,118,0,126,220,0,220,346
11/28/2002,OSH,WI,AGL,CE,Federal Contract Tower,0,0,4,0,4,0,0,40,0,40,0,0,44,0,44,28,0,28,72
11/29/2002,OSH,WI,AGL,CE,Federal Contract Tower,0,8,4,0,12,0,0,36,0,36,0,8,40,0,48,54,0,54,102
11/30/2002,OSH,WI,AGL,CE,Federal Contract Tower,0,6,7,0,13,0,0,18,0,18,0,6,25,0,31,0,0,0,31
12/01/2002,OSH,WI,AGL,CE,Federal Contract Tower,0,6,10,0,16,0,0,43,0,43,0,6,53,0,59,14,0,14,73
12/02/2002,OSH,WI,AGL,CE,Federal Contract Tower,0,4,12,0,16,0,0,63,0,63,0,4,75,0,79,106,0,106,185
12/03/2002,OSH,WI,AGL,CE,Federal Contract Tower,0,4,16,0,20,0,2,59,0,61,0,6,75,0,81,132,0,132,213
12/04/2002,OSH,WI,AGL,CE,Federal Contract Tower,0,10,5,4,19,0,0,54,0,54,0,10,59,4,73,80,4,84,157
12/05/2002,OSH,WI,AGL,CE,Federal Contract Tower,0,17,5,4,26,0,2,83,0,85,0,19,88,4,111,60,0,60,171
12/06/2002,OSH,WI,AGL,CE,Federal Contract Tower,0,8,10,2,20,0,0,96,0,96,0,8,106,2,116,82,0,82,198
12/07/2002,OSH,WI,AGL,CE,Federal Contract Tower,0,6,10,0,16,0,1,76,0,77,0,7,86,0,93,90,0,90,183
12/08/2002,OSH,WI,AGL,CE,Federal Contract Tower,0,4,9,2,15,0,0,82,0,82,0,4,91,2,97,50,0,50,147
12/09/2002,OSH,WI,AGL,CE,Federal Contract Tower,0,10,2,1,13,0,1,70,1,72,0,11,72,2,85,130,0,130,215
12/10/2002,OSH,WI,AGL,CE,Federal Contract Tower,0,7,10,0,17,0,0,52,0,52,0,7,62,0,69,104,0,104,173
12/11/2002,OSH,WI,AGL,CE,Federal Contract Tower,0,10,2,4,16,0,0,103,2,105,0,10,105,6,121,180,16,196,317
12/12/2002,OSH,WI,AGL,CE,Federal Contract Tower,0,8,13,0,21,0,4,41,8,53,0,12,54,8,74,146,4,150,224
12/13/2002,OSH,WI,AGL,CE,Federal Contract Tower,0,7,14,0,21,0,0,13,0,13,0,7,27,0,34,0,0,0,34
12/14/2002,OSH,WI,AGL,CE,Federal Contract Tower,0,8,11,0,19,0,0,185,2,187,0,8,196,2,206,136,0,136,342
12/15/2002,OSH,WI,AGL,CE,Federal Contract Tower,0,4,8,0,12,0,0,112,0,112,0,4,120,0,124,96,0,96,220
12/16/2002,OSH,WI,AGL,CE,Federal Contract Tower,0,5,10,0,15,0,0,79,0,79,0,5,89,0,94,164,0,164,258
12/17/2002,OSH,WI,AGL,CE,Federal Contract Tower,0,11,5,14,30,0,0,56,0,56,0,11,61,14,86,127,38,165,251
12/18/2002,OSH,WI,AGL,CE,Federal Contract Tower,0,4,2,0,6,0,0,0,0,0,0,4,2,0,6,0,0,0,6
12/19/2002,OSH,WI,AGL,CE,Federal Contract Tower,0,6,23,0,29,0,0,49,0,49,0,6,72,0,78,200,0,200,278
12/20/2002,OSH,WI,AGL,CE,Federal Contract Tower,0,8,16,0,24,0,0,5,0,5,0,8,21,0,29,0,0,0,29
12/21/2002,OSH,WI,AGL,CE,Federal Contract Tower,0,2,10,0,12,0,0,70,0,70,0,2,80,0,82,90,0,90,172
12/22/2002,OSH,WI,AGL,CE,Federal Contract Tower,0,6,1,0,7,0,0,8,0,8,0,6,9,0,15,12,0,12,27
12/23/2002,OSH,WI,AGL,CE,Federal Contract Tower,0,6,3,13,22,0,0,78,0,78,0,6,81,13,100,41,14,55,155
12/24/2002,OSH,WI,AGL,CE,Federal Contract Tower,0,8,3,0,11,0,0,68,0,68,0,8,71,0,79,88,0,88,167
12/25/2002,OSH,WI,AGL,CE,Federal Contract Tower,0,1,5,0,6,0,0,17,0,17,0,1,22,0,23,24,0,24,47
12/26/2002,OSH,WI,AGL,CE,Federal Contract Tower,0,8,6,0,14,0,0,128,6,134,0,8,134,6,148,119,0,119,267
12/27/2002,OSH,WI,AGL,CE,Federal Contract Tower,0,8,7,0,15,0,0,89,0,89,0,8,96,0,104,82,0,82,186
12/28/2002,OSH,WI,AGL,CE,Federal Contract Tower,0,6,7,0,13,0,0,5,0,5,0,6,12,0,18,16,0,16,34
12/29/2002,OSH,WI,AGL,CE,Federal Contract Tower,0,4,14,0,18,0,0,43,0,43,0,4,57,0,61,112,0,112,173
12/30/2002,OSH,WI,AGL,CE,Federal Contract Tower,0,6,6,4,16,0,0,10,0,10,0,6,16,4,26,8,0,8,34
12/31/2002,OSH,WI,AGL,CE,Federal Contract Tower,0,0,5,0,5,0,0,220,1,221,0,0,225,1,226,184,0,184,410
01/01/2003,OSH,WI,AGL,CE,Federal Contract Tower,0,4,0,0,4,0,1,38,0,39,0,5,38,0,43,4,0,4,47
01/02/2003,OSH,WI,AGL,CE,Federal Contract Tower,0,8,6,0,14,0,0,7,0,7,0,8,13,0,21,0,0,0,21
01/03/2003,OSH,WI,AGL,CE,Federal Contract Tower,0,10,3,0,13,0,0,114,0,114,0,10,117,0,127,167,0,167,294
01/04/2003,OSH,WI,AGL,CE,Federal Contract Tower,0,7,10,0,17,0,0,76,0,76,0,7,86,0,93,130,0,130,223
01/05/2003,OSH,WI,AGL,CE,Federal Contract Tower,0,5,2,0,7,0,0,1,0,1,0,5,3,0,8,0,0,0,8
01/06/2003,OSH,WI,AGL,CE,Federal Contract Tower,0,9,5,0,14,0,0,84,0,84,0,9,89,0,98,90,0,90,188
01/07/2003,OSH,WI,AGL,CE,Federal Contract Tower,0,4,14,2,20,0,0,51,0,51,0,4,65,2,71,64,4,68,139
01/08/2003,OSH,WI,AGL,CE,Federal Contract Tower,0,6,13,0,19,0,1,67,0,68,0,7,80,0,87,140,0,140,227
01/09/2003,OSH,WI,AGL,CE,Federal Contract Tower,0,4,14,0,18,0,0,45,0,45,0,4,59,0,63,18,0,18,81
01/10/2003,OSH,WI,AGL,CE,Federal Contract Tower,0,5,21,2,28,0,0,31,0,31,0,5,52,2,59,50,0,50,109
01/11/2003,OSH,WI,AGL,CE,Federal Contract Tower,0,4,16,0,20,0,0,39,0,39,0,4,55,0,59,16,0,16,75
01/12/2003,OSH,WI,AGL,CE,Federal Contract Tower,0,2,3,2,7,0,0,51,0,51,0,2,54,2,58,60,0,60,118
01/13/2003,OSH,WI,AGL,CE,Federal Contract Tower,0,5,18,0,23,0,0,60,0,60,0,5,78,0,83,88,0,88,171
01/14/2003,OSH,WI,AGL,CE,Federal Contract Tower,0,2,2,6,10,0,0,62,0,62,0,2,64,6,72,132,0,132,204
01/15/2003,OSH,WI,AGL,CE,Federal Contract Tower,0,4,18,0,22,0,0,69,0,69,0,4,87,0,91,72,0,72,163
01/16/2003,OSH,WI,AGL,CE,Federal Contract Tower,0,4,19,4,27,0,0,88,0,88,0,4,107,4,115,86,8,94,209
01/17/2003,OSH,WI,AGL,CE,Federal Contract Tower,0,7,7,0,14,0,0,60,0,60,0,7,67,0,74,94,0,94,168
01/18/2003,OSH,WI,AGL,CE,Federal Contract Tower,0,4,8,0,12,0,0,144,0,144,0,4,152,0,156,133,0,133,289
01/19/2003,OSH,WI,AGL,CE,Federal Contract Tower,0,4,8,0,12,0,0,38,0,38,0,4,46,0,50,14,0,14,64
01/20/2003,OSH,WI,AGL,CE,Federal Contract Tower,0,4,11,0,15,0,1,113,0,114,0,5,124,0,129,122,0,122,251
01/21/2003,OSH,WI,AGL,CE,Federal Contract Tower,0,5,7,2,14,0,0,113,0,113,0,5,120,2,127,114,20,134,261
01/22/2003,OSH,WI,AGL,CE,Federal Contract Tower,0,4,21,0,25,0,0,47,0,47,0,4,68,0,72,48,0,48,120
01/23/2003,OSH,WI,AGL,CE,Federal Contract Tower,0,5,3,0,8,0,1,25,0,26,0,6,28,0,34,6,0,6,40
01/24/2003,OSH,WI,AGL,CE,Federal Contract Tower,0,4,5,0,9,0,0,16,0,16,0,4,21,0,25,36,0,36,61
01/25/2003,OSH,WI,AGL,CE,Federal Contract Tower,0,4,13,0,17,0,1,12,0,13,0,5,25,0,30,26,0,26,56
01/26/2003,OSH,WI,AGL,CE,Federal Contract Tower,0,2,3,0,5,0,0,31,0,31,0,2,34,0,36,52,0,52,88
01/27/2003,OSH,WI,AGL,CE,Federal Contract Tower,0,10,8,1,19,0,0,15,9,24,0,10,23,10,43,26,34,60,103
01/28/2003,OSH,WI,AGL,CE,Federal Contract Tower,0,7,14,8,29,0,0,16,0,16,0,7,30,8,45,14,6,20,65
01/29/2003,OSH,WI,AGL,CE,Federal Contract Tower,0,5,12,9,26,0,0,150,9,159,0,5,162,18,185,248,40,288,473
01/30/2003,OSH,WI,AGL,CE,Federal Contract Tower,0,4,8,4,16,0,0,32,0,32,0,4,40,4,48,60,6,66,114
01/31/2003,OSH,WI,AGL,CE,Federal Contract Tower,0,3,2,0,5,0,0,1,0,1,0,3,3,0,6,0,0,0,6
02/01/2003,OSH,WI,AGL,CE,Federal Contract Tower,0,4,1,0,5,0,0,31,0,31,0,4,32,0,36,28,0,28,64
02/02/2003,OSH,WI,AGL,CE,Federal Contract Tower,0,2,4,0,6,0,0,0,0,0,0,2,4,0,6,0,0,0,6
02/03/2003,OSH,WI,AGL,CE,Federal Contract Tower,0,1,5,0,6,0,0,0,0,0,0,1,5,0,6,0,0,0,6
02/04/2003,OSH,WI,AGL,CE,Federal Contract Tower,0,8,7,6,21,0,0,5,0,5,0,8,12,6,26,2,20,22,48
02/05/2003,OSH,WI,AGL,CE,Federal Contract Tower,0,6,23,2,31,0,0,68,0,68,0,6,91,2,99,66,2,68,167
02/06/2003,OSH,WI,AGL,CE,Federal Contract Tower,0,14,18,0,32,0,0,69,2,71,0,14,87,2,103,142,0,142,245
02/07/2003,OSH,WI,AGL,CE,Federal Contract Tower,0,5,7,2,14,0,0,59,0,59,0,5,66,2,73,119,0,119,192
02/08/2003,OSH,WI,AGL,CE,Federal Contract Tower,0,5,15,0,20,0,0,48,1,49,0,5,63,1,69,86,0,86,155
02/09/2003,OSH,WI,AGL,CE,Federal Contract Tower,0,3,2,2,7,0,0,98,0,98,0,3,100,2,105,64,0,64,169
02/10/2003,OSH,WI,AGL,CE,Federal Contract Tower,0,5,10,0,15,0,0,50,0,50,0,5,60,0,65,64,0,64,129
02/11/2003,OSH,WI,AGL,CE,Federal Contract Tower,0,7,4,0,11,0,0,43,0,43,0,7,47,0,54,104,0,104,158
02/12/2003,OSH,WI,AGL,CE,Federal Contract Tower,0,3,20,0,23,0,2,33,0,35,0,5,53,0,58,42,0,42,100
02/13/2003,OSH,WI,AGL,CE,Federal Contract Tower,0,10,8,0,18,0,0,76,0,76,0,10,84,0,94,72,0,72,166
02/14/2003,OSH,WI,AGL,CE,Federal Contract Tower,0,5,18,0,23,0,0,92,0,92,0,5,110,0,115,98,0,98,213
02/15/2003,OSH,WI,AGL,CE,Federal Contract Tower,0,3,13,0,16,0,0,40,0,40,0,3,53,0,56,48,0,48,104
02/16/2003,OSH,WI,AGL,CE,Federal Contract Tower,0,2,8,0,10,0,0,114,0,114,0,2,122,0,124,84,0,84,208
02/17/2003,OSH,WI,AGL,CE,Federal Contract Tower,0,5,8,0,13,0,0,47,0,47,0,5,55,0,60,88,0,88,148
02/18/2003,OSH,WI,AGL,CE,Federal Contract Tower,0,6,8,2,16,0,0,50,0,50,0,6,58,2,66,92,22,114,180
02/19/2003,OSH,WI,AGL,CE,Federal Contract Tower,0,5,20,0,25,0,0,110,6,116,0,5,130,6,141,124,4,128,269
02/20/2003,OSH,WI,AGL,CE,Federal Contract Tower,0,5,13,0,18,0,2,97,0,99,0,7,110,0,117,132,0,132,249
02/21/2003,OSH,WI,AGL,CE,Federal Contract Tower,0,5,10,0,15,0,0,90,0,90,0,5,100,0,105,190,0,190,295
02/22/2003,OSH,WI,AGL,CE,Federal Contract Tower,0,3,2,0,5,0,0,48,0,48,0,3,50,0,53,42,0,42,95
02/23/2003,OSH,WI,AGL,CE,Federal Contract Tower,0,2,10,0,12,0,2,78,0,80,0,4,88,0,92,44,0,44,136
02/24/2003,OSH,WI,AGL,CE,Federal Contract Tower,0,5,6,0,11,0,0,34,0,34,0,5,40,0,45,80,0,80,125
02/25/2003,OSH,WI,AGL,CE,Federal Contract Tower,0,3,7,0,10,0,0,70,0,70,0,3,77,0,80,174,0,174,254
02/26/2003,OSH,WI,AGL,CE,Federal Contract Tower,0,5,13,0,18,0,1,97,0,98,0,6,110,0,116,162,0,162,278
02/27/2003,OSH,WI,AGL,CE,Federal Contract Tower,0,5,13,0,18,0,0,109,2,111,0,5,122,2,129,112,2,114,243
02/28/2003,OSH,WI,AGL,CE,Federal Contract Tower,0,4,6,0,10,0,0,138,0,138,0,4,144,0,148,132,0,132,280
03/01/2003,OSH,WI,AGL,CE,Federal Contract Tower,0,2,9,0,11,0,3,162,2,167,0,5,171,2,178,170,0,170,348
03/02/2003,OSH,WI,AGL,CE,Federal Contract Tower,0,0,4,0,4,0,0,49,0,49,0,0,53,0,53,95,0,95,148
03/03/2003,OSH,WI,AGL,CE,Federal Contract Tower,0,0,9,0,9,0,0,20,0,20,0,0,29,0,29,26,0,26,55
03/04/2003,OSH,WI,AGL,CE,Federal Contract Tower,0,1,16,0,17,0,0,5,0,5,0,1,21,0,22,0,0,0,22
03/05/2003,OSH,WI,AGL,CE,Federal Contract Tower,0,1,14,6,21,0,0,88,0,88,0,1,102,6,109,180,16,196,305
03/06/2003,OSH,WI,AGL,CE,Federal Contract Tower,0,0,29,0,29,0,0,97,0,97,0,0,126,0,126,146,0,146,272
03/07/2003,OSH,WI,AGL,CE,Federal Contract Tower,0,2,12,2,16,0,0,90,0,90,0,2,102,2,106,122,0,122,228
03/08/2003,OSH,WI,AGL,CE,Federal Contract Tower,0,2,2,0,4,0,0,7,0,7,0,2,9,0,11,26,0,26,37
03/09/2003,OSH,WI,AGL,CE,Federal Contract Tower,0,1,4,2,7,0,0,36,0,36,0,1,40,2,43,24,0,24,67
03/10/2003,OSH,WI,AGL,CE,Federal Contract Tower,0,1,11,0,12,0,0,78,0,78,0,1,89,0,90,170,0,170,260
03/11/2003,OSH,WI,AGL,CE,Federal Contract Tower,0,1,17,0,18,0,0,37,0,37,0,1,54,0,55,70,0,70,125
03/12/2003,OSH,WI,AGL,CE,Federal Contract Tower,0,2,20,0,22,0,1,23,0,24,0,3,43,0,46,54,0,54,100
03/13/2003,OSH,WI,AGL,CE,Federal Contract Tower,0,0,22,0,22,0,0,124,0,124,0,0,146,0,146,105,0,105,251
03/14/2003,OSH,WI,AGL,CE,Federal Contract Tower,0,1,8,0,9,0,0,176,0,176,0,1,184,0,185,162,0,162,347
03/15/2003,OSH,WI,AGL,CE,Federal Contract Tower,0,1,9,0,10,0,0,173,0,173,0,1,182,0,183,220,0,220,403
03/16/2003,OSH,WI,AGL,CE,Federal Contract Tower,0,0,11,0,11,0,0,277,0,277,0,0,288,0,288,242,0,242,530
03/17/2003,OSH,WI,AGL,CE,Federal Contract Tower,0,1,54,0,55,0,0,22,0,22,0,1,76,0,77,12,0,12,89
03/18/2003,OSH,WI,AGL,CE,Federal Contract Tower,0,3,34,0,37,0,0,86,0,86,0,3,120,0,123,114,0,114,237
03/19/2003,OSH,WI,AGL,CE,Federal Contract Tower,0,1,23,0,24,0,0,65,0,65,0,1,88,0,89,64,0,64,153
03/20/2003,OSH,WI,AGL,CE,Federal Contract Tower,0,1,3,0,4,0,0,0,0,0,0,1,3,0,4,0,0,0,4
03/21/2003,OSH,WI,AGL,CE,Federal Contract Tower,0,1,14,0,15,0,0,65,0,65,0,1,79,0,80,44,0,44,124
03/22/2003,OSH,WI,AGL,CE,Federal Contract Tower,0,2,20,0,22,0,0,82,0,82,0,2,102,0,104,108,0,108,212
03/23/2003,OSH,WI,AGL,CE,Federal Contract Tower,0,0,10,3,13,0,0,324,0,324,0,0,334,3,337,182,0,182,519
03/24/2003,OSH,WI,AGL,CE,Federal Contract Tower,0,1,13,0,14,0,0,92,2,94,0,1,105,2,108,178,0,178,286
03/25/2003,OSH,WI,AGL,CE,Federal Contract Tower,0,1,17,0,18,0,0,98,0,98,0,1,115,0,116,180,0,180,296
03/26/2003,OSH,WI,AGL,CE,Federal Contract Tower,0,1,27,0,28,0,2,171,2,175,0,3,198,2,203,276,2,278,481
03/27/2003,OSH,WI,AGL,CE,Federal Contract Tower,0,0,31,0,31,0,0,19,0,19,0,0,50,0,50,60,0,60,110
03/28/2003,OSH,WI,AGL,CE,Federal Contract Tower,0,1,11,0,12,0,0,3,0,3,0,1,14,0,15,0,0,0,15
03/29/2003,OSH,WI,AGL,CE,Federal Contract Tower,0,2,10,0,12,0,0,5,0,5,0,2,15,0,17,4,0,4,21
03/30/2003,OSH,WI,AGL,CE,Federal Contract Tower,0,2,12,0,14,0,0,144,0,144,0,2,156,0,158,102,0,102,260
03/31/2003,OSH,WI,AGL,CE,Federal Contract Tower,0,1,12,0,13,0,0,46,0,46,0,1,58,0,59,104,0,104,163
04/01/2003,OSH,WI,AGL,CE,Federal Contract Tower,0,3,12,0,15,0,0,63,4,67,0,3,75,4,82,130,8,138,220
04/02/2003,OSH,WI,AGL,CE,Federal Contract Tower,0,2,29,4,35,0,0,29,0,29,0,2,58,4,64,34,4,38,102
04/03/2003,OSH,WI,AGL,CE,Federal Contract Tower,0,1,1,2,4,0,1,0,15,16,0,2,1,17,20,6,0,6,26
04/04/2003,OSH,WI,AGL,CE,Federal Contract Tower,0,2,0,0,2,0,0,0,0,0,0,2,0,0,2,0,0,0,2
04/05/2003,OSH,WI,AGL,CE,Federal Contract Tower,0,3,10,0,13,0,0,52,0,52,0,3,62,0,65,48,0,48,113
04/06/2003,OSH,WI,AGL,CE,Federal Contract Tower,0,0,4,0,4,0,0,101,0,101,0,0,105,0,105,102,0,102,207
04/07/2003,OSH,WI,AGL,CE,Federal Contract Tower,0,1,7,0,8,0,0,15,0,15,0,1,22,0,23,12,0,12,35
04/08/2003,OSH,WI,AGL,CE,Federal Contract Tower,0,4,9,0,13,0,0,53,0,53,0,4,62,0,66,72,0,72,138
04/09/2003,OSH,WI,AGL,CE,Federal Contract Tower,0,1,26,1,28,0,0,154,1,155,0,1,180,2,183,226,4,230,413
04/10/2003,OSH,WI,AGL,CE,Federal Contract Tower,0,1,14,1,16,0,0,129,1,130,0,1,143,2,146,152,0,152,298
04/11/2003,OSH,WI,AGL,CE,Federal Contract Tower,0,1,16,0,17,0,0,201,0,201,0,1,217,0,218,182,0,182,400
04/12/2003,OSH,WI,AGL,CE,Federal Contract Tower,0,2,8,0,10,0,0,292,0,292,0,2,300,0,302,134,0,134,436
04/13/2003,OSH,WI,AGL,CE,Federal Contract Tower,0,0,9,0,9,0,0,193,0,193,0,0,202,0,202,166,0,166,368
04/14/2003,OSH,WI,AGL,CE,Federal Contract Tower,0,1,10,1,12,0,0,67,7,74,0,1,77,8,86,44,18,62,148
04/15/2003,OSH,WI,AGL,CE,Federal Contract Tower,0,0,11,0,11,0,0,85,0,85,0,0,96,0,96,108,0,108,204
04/16/2003,OSH,WI,AGL,CE,Federal Contract Tower,0,1,11,0,12,0,0,0,0,0,0,1,11,0,12,0,0,0,12
04/17/2003,OSH,WI,AGL,CE,Federal Contract Tower,0,1,21,14,36,0,0,78,0,78,0,1,99,14,114,78,14,92,206
04/18/2003,OSH,WI,AGL,CE,Federal Contract Tower,0,1,30,12,43,0,0,64,0,64,0,1,94,12,107,40,0,40,147
04/19/2003,OSH,WI,AGL,CE,Federal Contract Tower,0,2,10,0,12,0,0,0,0,0,0,2,10,0,12,0,0,0,12
04/20/2003,OSH,WI,AGL,CE,Federal Contract Tower,0,0,14,0,14,0,0,6,0,6,0,0,20,0,20,4,0,4,24
04/21/2003,OSH,WI,AGL,CE,Federal Contract Tower,0,4,17,0,21,0,0,53,0,53,0,4,70,0,74,10,0,10,84
04/22/2003,OSH,WI,AGL,CE,Federal Contract Tower,0,4,25,2,31,0,0,122,0,122,0,4,147,2,153,133,16,149,302
04/23/2003,OSH,WI,AGL,CE,Federal Contract Tower,0,2,24,0,26,0,1,167,2,170,0,3,191,2,196,130,0,130,326
04/24/2003,OSH,WI,AGL,CE,Federal Contract Tower,0,3,31,6,40,0,0,135,2,137,0,3,166,8,177,140,8,148,325
04/25/2003,OSH,WI,AGL,CE,Federal Contract Tower,0,1,10,2,13,0,1,192,4,197,0,2,202,6,210,134,8,142,352
04/26/2003,OSH,WI,AGL,CE,Federal Contract Tower,0,2,16,0,18,0,0,250,0,250,0,2,266,0,268,136,0,136,404
04/27/2003,OSH,WI,AGL,CE,Federal Contract Tower,0,0,5,0,5,0,1,134,0,135,0,1,139,0,140,102,0,102,242
04/28/2003,OSH,WI,AGL,CE,Federal Contract Tower,0,1,15,0,16,0,0,128,2,130,0,1,143,2,146,164,4,168,314
04/29/2003,OSH,WI,AGL,CE,Federal Contract Tower,0,1,8,0,9,0,0,154,0,154,0,1,162,0,163,220,0,220,383
04/30/2003,OSH,WI,AGL,CE,Federal Contract Tower,0,3,9,0,12,0,0,43,0,43,0,3,52,0,55,50,0,50,105
05/01/2003,OSH,WI,AGL,CE,Federal Contract Tower,0,1,25,1,27,0,0,75,1,76,0,1,100,2,103,98,6,104,207
05/02/2003,OSH,WI,AGL,CE,Federal Contract Tower,0,1,8,4,13,0,0,121,6,127,0,1,129,10,140,220,2,222,362
05/03/2003,OSH,WI,AGL,CE,Federal Contract Tower,0,2,10,4,16,0,0,220,0,220,0,2,230,4,236,430,6,436,672
05/04/2003,OSH,WI,AGL,CE,Federal Contract Tower,0,0,11,4,15,0,0,110,2,112,0,0,121,6,127,246,6,252,379
05/05/2003,OSH,WI,AGL,CE,Federal Contract Tower,0,1,15,0,16,0,0,0,0,0,0,1,15,0,16,0,0,0,16
05/06/2003,OSH,WI,AGL,CE,Federal Contract Tower,0,1,31,0,32,0,0,43,0,43,0,1,74,0,75,50,0,50,125
05/07/2003,OSH,WI,AGL,CE,Federal Contract Tower,0,1,33,0,34,0,0,11,0,11,0,1,44,0,45,0,2,2,47
05/08/2003,OSH,WI,AGL,CE,Federal Contract Tower,0,0,16,0,16,0,0,103,0,103,0,0,119,0,119,344,0,344,463
05/09/2003,OSH,WI,AGL,CE,Federal Contract Tower,0,1,27,0,28,0,0,72,0,72,0,1,99,0,100,58,0,58,158
05/10/2003,OSH,WI,AGL,CE,Federal Contract Tower,0,2,14,0,16,0,0,113,0,113,0,2,127,0,129,314,0,314,443
05/11/2003,OSH,WI,AGL,CE,Federal Contract Tower,0,3,6,0,9,0,0,0,0,0,0,3,6,0,9,0,0,0,9
05/12/2003,OSH,WI,AGL,CE,Federal Contract Tower,2,1,9,0,12,0,1,91,0,92,2,2,100,0,104,120,0,120,224
05/13/2003,OSH,WI,AGL,CE,Federal Contract Tower,1,0,12,0,13,0,1,175,0,176,1,1,187,0,189,218,0,218,407
05/14/2003,OSH,WI,AGL,CE,Federal Contract Tower,0,0,22,0,22,0,0,86,0,86,0,0,108,0,108,98,0,98,206
05/15/2003,OSH,WI,AGL,CE,Federal Contract Tower,0,3,31,0,34,0,0,145,0,145,0,3,176,0,179,192,0,192,371
05/16/2003,OSH,WI,AGL,CE,Federal Contract Tower,0,1,18,4,23,0,0,177,2,179,0,1,195,6,202,196,20,216,418
05/17/2003,OSH,WI,AGL,CE,Federal Contract Tower,0,2,71,0,73,0,0,128,0,128,0,2,199,0,201,210,0,210,411
05/18/2003,OSH,WI,AGL,CE,Federal Contract Tower,0,0,43,0,43,0,0,133,0,133,0,0,176,0,176,422,0,422,598
05/19/2003,OSH,WI,AGL,CE,Federal Contract Tower,0,1,20,0,21,0,0,38,0,38,0,1,58,0,59,174,0,174,233
05/20/2003,OSH,WI,AGL,CE,Federal Contract Tower,0,2,10,0,12,0,0,78,0,78,0,2,88,0,90,226,0,226,316
05/21/2003,OSH,WI,AGL,CE,Federal Contract Tower,0,2,7,0,9,0,0,104,0,104,0,2,111,0,113,236,0,236,349
05/22/2003,OSH,WI,AGL,CE,Federal Contract Tower,0,1,16,0,17,0,0,106,0,106,0,1,122,0,123,138,0,138,261
05/23/2003,OSH,WI,AGL,CE,Federal Contract Tower,0,1,20,0,21,0,0,149,4,153,0,1,169,4,174,220,0,220,394
05/24/2003,OSH,WI,AGL,CE,Federal Contract Tower,0,2,8,0,10,0,0,189,0,189,0,2,197,0,199,498,0,498,697
05/25/2003,OSH,WI,AGL,CE,Federal Contract Tower,0,0,13,0,13,0,0,148,0,148,0,0,161,0,161,392,0,392,553
05/26/2003,OSH,WI,AGL,CE,Federal Contract Tower,0,0,4,0,4,0,1,200,0,201,0,1,204,0,205,266,0,266,471
05/27/2003,OSH,WI,AGL,CE,Federal Contract Tower,0,1,4,0,5,0,0,120,0,120,0,1,124,0,125,324,0,324,449
05/28/2003,OSH,WI,AGL,CE,Federal Contract Tower,0,1,13,0,14,0,0,107,0,107,0,1,120,0,121,220,0,220,341
05/29/2003,OSH,WI,AGL,CE,Federal Contract Tower,0,1,14,6,21,0,0,169,0,169,0,1,183,6,190,356,0,356,546
05/30/2003,OSH,WI,AGL,CE,Federal Contract Tower,0,2,10,0,12,0,0,55,0,55,0,2,65,0,67,82,0,82,149
05/31/2003,OSH,WI,AGL,CE,Federal Contract Tower,0,2,16,0,18,0,1,54,0,55,0,3,70,0,73,152,0,152,225
06/01/2003,OSH,WI,AGL,CE,Federal Contract Tower,0,0,11,0,11,0,0,231,0,231,0,0,242,0,242,482,0,482,724
06/02/2003,OSH,WI,AGL,CE,Federal Contract Tower,0,1,23,0,24,0,0,105,0,105,0,1,128,0,129,228,0,228,357
06/03/2003,OSH,WI,AGL,CE,Federal Contract Tower,0,4,18,0,22,0,0,110,0,110,0,4,128,0,132,166,0,166,298
06/04/2003,OSH,WI,AGL,CE,Federal Contract Tower,0,1,5,0,6,0,0,133,0,133,0,1,138,0,139,252,0,252,391
06/05/2003,OSH,WI,AGL,CE,Federal Contract Tower,0,1,10,0,11,0,0,93,2,95,0,1,103,2,106,242,0,242,348
06/06/2003,OSH,WI,AGL,CE,Federal Contract Tower,0,2,5,2,9,0,0,60,0,60,0,2,65,2,69,124,0,124,193
06/07/2003,OSH,WI,AGL,CE,Federal Contract Tower,0,1,14,0,15,0,0,165,0,165,0,1,179,0,180,410,0,410,590
06/08/2003,OSH,WI,AGL,CE,Federal Contract Tower,0,1,4,0,5,0,0,14,0,14,0,1,18,0,19,6,0,6,25
06/09/2003,OSH,WI,AGL,CE,Federal Contract Tower,0,3,8,0,11,0,0,109,0,109,0,3,117,0,120,318,0,318,438
06/10/2003,OSH,WI,AGL,CE,Federal Contract Tower,0,1,25,0,26,0,0,38,0,38,0,1,63,0,64,16,0,16,80
06/11/2003,OSH,WI,AGL,CE,Federal Contract Tower,0,2,33,0,35,0,0,90,0,90,0,2,123,0,125,246,0,246,371
06/12/2003,OSH,WI,AGL,CE,Federal Contract Tower,0,3,32,2,37,0,0,100,4,104,0,3,132,6,141,338,2,340,481
06/13/2003,OSH,WI,AGL,CE,Federal Contract Tower,0,2,7,0,9,0,0,115,2,117,0,2,122,2,126,230,0,230,356
06/14/2003,OSH,WI,AGL,CE,Federal Contract Tower,0,2,34,0,36,0,0,247,2,249,0,2,281,2,285,760,0,760,1045
06/15/2003,OSH,WI,AGL,CE,Federal Contract Tower,0,2,13,0,15,0,0,128,0,128,0,2,141,0,143,372,0,372,515
06/16/2003,OSH,WI,AGL,CE,Federal Contract Tower,0,1,28,0,29,0,0,106,0,106,0,1,134,0,135,324,0,324,459
06/17/2003,OSH,WI,AGL,CE,Federal Contract Tower,0,2,22,0,24,0,2,194,0,196,0,4,216,0,220,292,0,292,512
06/18/2003,OSH,WI,AGL,CE,Federal Contract Tower,0,1,14,0,15,0,0,63,0,63,0,1,77,0,78,152,0,152,230
06/19/2003,OSH,WI,AGL,CE,Federal Contract Tower,0,1,17,0,18,0,0,124,2,126,0,1,141,2,144,310,0,310,454
06/20/2003,OSH,WI,AGL,CE,Federal Contract Tower,0,1,15,0,16,0,2,168,0,170,0,3,183,0,186,304,0,304,490
06/21/2003,OSH,WI,AGL,CE,Federal Contract Tower,0,2,23,0,25,0,0,133,0,133,0,2,156,0,158,386,0,386,544
06/22/2003,OSH,WI,AGL,CE,Federal Contract Tower,0,0,32,0,32,0,1,148,2,151,0,1,180,2,183,344,0,344,527
06/23/2003,OSH,WI,AGL,CE,Federal Contract Tower,0,0,27,0,27,0,1,118,2,121,0,1,145,2,148,230,0,230,378
06/24/2003,OSH,WI,AGL,CE,Federal Contract Tower,0,3,24,0,27,0,0,73,0,73,0,3,97,0,100,218,0,218,318
06/25/2003,OSH,WI,AGL,CE,Federal Contract Tower,0,1,33,0,34,0,0,65,0,65,0,1,98,0,99,224,0,224,323
06/26/2003,OSH,WI,AGL,CE,Federal Contract Tower,0,1,26,0,27,0,0,106,0,106,0,1,132,0,133,450,0,450,583
06/27/2003,OSH,WI,AGL,CE,Federal Contract Tower,0,3,16,0,19,0,1,172,0,173,0,4,188,0,192,516,0,516,708
06/28/2003,OSH,WI,AGL,CE,Federal Contract Tower,0,2,15,0,17,0,0,18,0,18,0,2,33,0,35,134,0,134,169
06/29/2003,OSH,WI,AGL,CE,Federal Contract Tower,0,0,19,0,19,0,0,153,2,155,0,0,172,2,174,302,0,302,476
06/30/2003,OSH,WI,AGL,CE,Federal Contract Tower,0,1,10,0,11,0,0,115,0,115,0,1,125,0,126,234,0,234,360
07/01/2003,OSH,WI,AGL,CE,Federal Contract Tower,0,3,19,8,30,0,0,161,6,167,0,3,180,14,197,290,50,340,537
07/02/2003,OSH,WI,AGL,CE,Federal Contract Tower,0,2,12,0,14,0,1,143,0,144,0,3,155,0,158,326,0,326,484
07/03/2003,OSH,WI,AGL,CE,Federal Contract Tower,0,1,8,0,9,0,0,76,0,76,0,1,84,0,85,220,0,220,305
07/04/2003,OSH,WI,AGL,CE,Federal Contract Tower,0,0,3,0,3,0,0,45,0,45,0,0,48,0,48,240,0,240,288
07/05/2003,OSH,WI,AGL,CE,Federal Contract Tower,0,2,4,0,6,0,0,108,0,108,0,2,112,0,114,258,0,258,372
07/06/2003,OSH,WI,AGL,CE,Federal Contract Tower,0,0,10,0,10,0,0,20,0,20,0,0,30,0,30,78,0,78,108
07/07/2003,OSH,WI,AGL,CE,Federal Contract Tower,0,0,21,0,21,0,0,73,4,77,0,0,94,4,98,222,0,222,320
07/08/2003,OSH,WI,AGL,CE,Federal Contract Tower,0,0,15,0,15,0,0,131,0,131,0,0,146,0,146,170,0,170,316
07/09/2003,OSH,WI,AGL,CE,Federal Contract Tower,0,2,12,0,14,0,0,78,0,78,0,2,90,0,92,170,0,170,262
07/10/2003,OSH,WI,AGL,CE,Federal Contract Tower,0,1,34,2,37,0,0,25,0,25,0,1,59,2,62,0,0,0,62
07/11/2003,OSH,WI,AGL,CE,Federal Contract Tower,0,1,17,3,21,0,0,98,1,99,0,1,115,4,120,326,4,330,450
07/12/2003,OSH,WI,AGL,CE,Federal Contract Tower,0,2,12,0,14,0,0,108,0,108,0,2,120,0,122,222,0,222,344
07/13/2003,OSH,WI,AGL,CE,Federal Contract Tower,0,1,22,2,25,0,0,151,0,151,0,1,173,2,176,220,0,220,396
07/14/2003,OSH,WI,AGL,CE,Federal Contract Tower,0,3,15,0,18,0,0,148,0,148,0,3,163,0,166,328,0,328,494
07/15/2003,OSH,WI,AGL,CE,Federal Contract Tower,0,2,22,0,24,0,0,83,0,83,0,2,105,0,107,212,0,212,319
07/16/2003,OSH,WI,AGL,CE,Federal Contract Tower,0,1,18,5,24,0,0,128,9,137,0,1,146,14,161,398,16,414,575
07/17/2003,OSH,WI,AGL,CE,Federal Contract Tower,0,1,16,14,31,0,0,108,0,108,0,1,124,14,139,284,8,292,431
07/18/2003,OSH,WI,AGL,CE,Federal Contract Tower,0,0,14,0,14,0,1,200,0,201,0,1,214,0,215,450,0,450,665
07/19/2003,OSH,WI,AGL,CE,Federal Contract Tower,0,2,16,0,18,0,2,208,0,210,0,4,224,0,228,234,0,234,462
07/20/2003,OSH,WI,AGL,CE,Federal Contract Tower,0,0,18,0,18,0,0,56,0,56,0,0,74,0,74,154,0,154,228
07/21/2003,OSH,WI,AGL,CE,Federal Contract Tower,0,6,14,0,20,0,4,76,0,80,0,10,90,0,100,288,0,288,388
07/22/2003,OSH,WI,AGL,CE,Federal Contract Tower,0,0,14,0,14,0,0,161,0,161,0,0,175,0,175,258,0,258,433
07/23/2003,OSH,WI,AGL,CE,Federal Contract Tower,1,0,15,0,16,0,0,162,0,162,1,0,177,0,178,371,0,371,549
07/24/2003,OSH,WI,AGL,CE,Federal Contract Tower,0,1,21,0,22,0,0,251,0,251,0,1,272,0,273,524,0,524,797
07/25/2003,OSH,WI,AGL,CE,Federal Contract Tower,1,0,30,0,31,0,0,343,2,345,1,0,373,2,376,30,0,30,406
07/26/2003,OSH,WI,AGL,CE,Federal Contract Tower,0,4,19,0,23,0,0,422,0,422,0,4,441,0,445,0,0,0,445
07/27/2003,OSH,WI,AGL,CE,Federal Contract Tower,2,2,81,0,85,0,0,1471,0,1471,2,2,1552,0,1556,0,0,0,1556
07/28/2003,OSH,WI,AGL,CE,Federal Contract Tower,0,2,101,3,106,0,0,2204,0,2204,0,2,2305,3,2310,0,0,0,2310
07/29/2003,OSH,WI,AGL,CE,Federal Contract Tower,0,2,69,1,72,0,0,2429,0,2429,0,2,2498,1,2501,0,0,0,2501
07/30/2003,OSH,WI,AGL,CE,Federal Contract Tower,0,2,103,0,105,0,0,2185,0,2185,0,2,2288,0,2290,0,0,0,2290
07/31/2003,OSH,WI,AGL,CE,Federal Contract Tower,2,1,115,3,121,0,0,2929,0,2929,2,1,3044,3,3050,0,0,0,3050
08/01/2003,OSH,WI,AGL,CE,Federal Contract Tower,0,6,136,13,155,0,0,2327,0,2327,0,6,2463,13,2482,0,0,0,2482
08/02/2003,OSH,WI,AGL,CE,Federal Contract Tower,0,0,102,0,102,0,0,2091,0,2091,0,0,2193,0,2193,0,0,0,2193
08/03/2003,OSH,WI,AGL,CE,Federal Contract Tower,0,4,110,2,116,0,0,1375,0,1375,0,4,1485,2,1491,0,0,0,1491
08/04/2003,OSH,WI,AGL,CE,Federal Contract Tower,1,2,122,10,135,0,0,1097,0,1097,1,2,1219,10,1232,0,0,0,1232
08/05/2003,OSH,WI,AGL,CE,Federal Contract Tower,1,1,70,1,73,0,0,425,0,425,1,1,495,1,498,64,0,64,562
08/06/2003,OSH,WI,AGL,CE,Federal Contract Tower,0,2,15,0,17,0,1,91,0,92,0,3,106,0,109,78,0,78,187
08/07/2003,OSH,WI,AGL,CE,Federal Contract Tower,0,7,31,0,38,0,0,156,0,156,0,7,187,0,194,332,0,332,526
08/08/2003,OSH,WI,AGL,CE,Federal Contract Tower,0,7,28,0,35,0,2,111,0,113,0,9,139,0,148,310,0,310,458
08/09/2003,OSH,WI,AGL,CE,Federal Contract Tower,0,2,5,0,7,0,2,140,1,143,0,4,145,1,150,267,0,267,417
08/10/2003,OSH,WI,AGL,CE,Federal Contract Tower,0,1,12,0,13,0,0,123,0,123,0,1,135,0,136,256,0,256,392
08/11/2003,OSH,WI,AGL,CE,Federal Contract Tower,0,1,15,0,16,0,0,20,0,20,0,1,35,0,36,157,0,157,193
08/12/2003,OSH,WI,AGL,CE,Federal Contract Tower,0,0,24,0,24,0,0,61,0,61,0,0,85,0,85,194,0,194,279
08/13/2003,OSH,WI,AGL,CE,Federal Contract Tower,0,0,12,0,12,0,0,118,0,118,0,0,130,0,130,288,0,288,418
08/14/2003,OSH,WI,AGL,CE,Federal Contract Tower,0,3,21,0,24,0,0,85,0,85,0,3,106,0,109,208,0,208,317
08/15/2003,OSH,WI,AGL,CE,Federal Contract Tower,0,5,14,2,21,0,0,80,0,80,0,5,94,2,101,312,0,312,413
08/16/2003,OSH,WI,AGL,CE,Federal Contract Tower,0,2,13,0,15,0,0,127,0,127,0,2,140,0,142,320,0,320,462
08/17/2003,OSH,WI,AGL,CE,Federal Contract Tower,0,1,16,2,19,0,0,217,0,217,0,1,233,2,236,274,0,274,510
08/18/2003,OSH,WI,AGL,CE,Federal Contract Tower,0,0,16,0,16,0,0,164,0,164,0,0,180,0,180,240,0,240,420
08/19/2003,OSH,WI,AGL,CE,Federal Contract Tower,0,1,8,0,9,0,1,128,0,129,0,2,136,0,138,132,0,132,270
08/20/2003,OSH,WI,AGL,CE,Federal Contract Tower,0,3,10,0,13,0,1,86,0,87,0,4,96,0,100,204,0,204,304
08/21/2003,OSH,WI,AGL,CE,Federal Contract Tower,0,1,9,0,10,0,0,114,2,116,0,1,123,2,126,220,0,220,346
08/22/2003,OSH,WI,AGL,CE,Federal Contract Tower,0,1,13,0,14,0,2,145,4,151,0,3,158,4,165,230,0,230,395
08/23/2003,OSH,WI,AGL,CE,Federal Contract Tower,0,3,10,0,13,0,0,131,0,131,0,3,141,0,144,186,0,186,330
08/24/2003,OSH,WI,AGL,CE,Federal Contract Tower,0,1,8,0,9,0,0,65,0,65,0,1,73,0,74,58,0,58,132
08/25/2003,OSH,WI,AGL,CE,Federal Contract Tower,0,2,11,0,13,0,0,36,0,36,0,2,47,0,49,90,0,90,139
08/26/2003,OSH,WI,AGL,CE,Federal Contract Tower,0,3,8,6,17,0,0,102,4,106,0,3,110,10,123,157,12,169,292
08/27/2003,OSH,WI,AGL,CE,Federal Contract Tower,0,0,17,0,17,0,0,177,0,177,0,0,194,0,194,434,0,434,628
08/28/2003,OSH,WI,AGL,CE,Federal Contract Tower,0,2,16,0,18,0,1,117,0,118,0,3,133,0,136,238,0,238,374
08/29/2003,OSH,WI,AGL,CE,Federal Contract Tower,0,1,33,2,36,0,2,155,0,157,0,3,188,2,193,410,0,410,603
08/30/2003,OSH,WI,AGL,CE,Federal Contract Tower,0,2,5,0,7,0,0,186,0,186,0,2,191,0,193,423,0,423,616
08/31/2003,OSH,WI,AGL,CE,Federal Contract Tower,0,0,9,0,9,0,0,183,0,183,0,0,192,0,192,452,0,452,644
09/01/2003,OSH,WI,AGL,CE,Federal Contract Tower,0,0,18,0,18,0,0,92,0,92,0,0,110,0,110,292,0,292,402
09/02/2003,OSH,WI,AGL,CE,Federal Contract Tower,0,0,11,0,11,0,0,107,0,107,0,0,118,0,118,188,0,188,306
09/03/2003,OSH,WI,AGL,CE,Federal Contract Tower,0,2,20,0,22,0,0,96,0,96,0,2,116,0,118,116,0,116,234
09/04/2003,OSH,WI,AGL,CE,Federal Contract Tower,0,1,6,4,11,0,0,93,0,93,0,1,99,4,104,150,0,150,254
09/05/2003,OSH,WI,AGL,CE,Federal Contract Tower,0,4,17,0,21,0,0,231,0,231,0,4,248,0,252,156,0,156,408
09/06/2003,OSH,WI,AGL,CE,Federal Contract Tower,0,2,7,0,9,0,2,76,0,78,0,4,83,0,87,204,0,204,291
09/07/2003,OSH,WI,AGL,CE,Federal Contract Tower,0,0,11,0,11,0,0,96,0,96,0,0,107,0,107,220,0,220,327
09/08/2003,OSH,WI,AGL,CE,Federal Contract Tower,0,2,13,0,15,0,0,46,0,46,0,2,59,0,61,76,0,76,137
09/09/2003,OSH,WI,AGL,CE,Federal Contract Tower,0,0,25,0,25,0,0,36,0,36,0,0,61,0,61,88,0,88,149
09/10/2003,OSH,WI,AGL,CE,Federal Contract Tower,0,0,14,0,14,0,0,57,0,57,0,0,71,0,71,44,0,44,115
09/11/2003,OSH,WI,AGL,CE,Federal Contract Tower,0,1,13,0,14,0,0,109,2,111,0,1,122,2,125,124,2,126,251
09/12/2003,OSH,WI,AGL,CE,Federal Contract Tower,0,4,10,2,16,0,0,25,0,25,0,4,35,2,41,80,0,80,121
09/13/2003,OSH,WI,AGL,CE,Federal Contract Tower,0,2,5,0,7,0,0,0,0,0,0,2,5,0,7,0,0,0,7
09/14/2003,OSH,WI,AGL,CE,Federal Contract Tower,0,0,17,2,19,0,0,35,0,35,0,0,52,2,54,82,0,82,136
09/15/2003,OSH,WI,AGL,CE,Federal Contract Tower,0,3,21,0,24,0,0,135,0,135,0,3,156,0,159,132,0,132,291
09/16/2003,OSH,WI,AGL,CE,Federal Contract Tower,0,0,27,4,31,0,0,134,0,134,0,0,161,4,165,72,4,76,241
09/17/2003,OSH,WI,AGL,CE,Federal Contract Tower,0,0,13,0,13,0,0,68,0,68,0,0,81,0,81,56,0,56,137
09/18/2003,OSH,WI,AGL,CE,Federal Contract Tower,0,2,17,4,23,0,2,105,0,107,0,4,122,4,130,82,10,92,222
09/19/2003,OSH,WI,AGL,CE,Federal Contract Tower,0,5,17,6,28,0,0,29,2,31,0,5,46,8,59,14,4,18,77
09/20/2003,OSH,WI,AGL,CE,Federal Contract Tower,0,2,6,0,8,0,0,184,0,184,0,2,190,0,192,220,0,220,412
09/21/2003,OSH,WI,AGL,CE,Federal Contract Tower,0,2,12,0,14,0,0,139,0,139,0,2,151,0,153,196,0,196,349
09/22/2003,OSH,WI,AGL,CE,Federal Contract Tower,0,1,26,10,37,0,0,33,0,33,0,1,59,10,70,82,12,94,164
09/23/2003,OSH,WI,AGL,CE,Federal Contract Tower,0,2,8,0,10,0,0,83,0,83,0,2,91,0,93,130,0,130,223
09/24/2003,OSH,WI,AGL,CE,Federal Contract Tower,0,2,14,0,16,0,1,59,0,60,0,3,73,0,76,106,0,106,182
09/25/2003,OSH,WI,AGL,CE,Federal Contract Tower,0,0,24,0,24,0,1,118,0,119,0,1,142,0,143,120,0,120,263
09/26/2003,OSH,WI,AGL,CE,Federal Contract Tower,0,2,18,0,20,0,0,33,0,33,0,2,51,0,53,26,0,26,79
09/27/2003,OSH,WI,AGL,CE,Federal Contract Tower,0,2,22,0,24,0,0,23,0,23,0,2,45,0,47,38,0,38,85
09/28/2003,OSH,WI,AGL,CE,Federal Contract Tower,0,0,17,0,17,0,1,52,0,53,0,1,69,0,70,82,0,82,152
09/29/2003,OSH,WI,AGL,CE,Federal Contract Tower,2,0,13,0,15,0,2,100,0,102,2,2,113,0,117,82,0,82,199
09/30/2003,OSH,WI,AGL,CE,Federal Contract Tower,0,1,16,0,17,0,0,54,0,54,0,1,70,0,71,88,0,88,159
10/01/2003,OSH,WI,AGL,CE,Federal Contract Tower,0,0,12,0,12,0,0,52,0,52,0,0,64,0,64,130,0,130,194
10/02/2003,OSH,WI,AGL,CE,Federal Contract Tower,0,1,14,0,15,0,0,84,0,84,0,1,98,0,99,112,0,112,211
10/03/2003,OSH,WI,AGL,CE,Federal Contract Tower,0,2,19,1,22,0,1,8,1,10,0,3,27,2,32,10,0,10,42
10/04/2003,OSH,WI,AGL,CE,Federal Contract Tower,0,1,10,0,11,0,1,240,0,241,0,2,250,0,252,276,0,276,528
10/05/2003,OSH,WI,AGL,CE,Federal Contract Tower,0,0,13,0,13,0,0,196,2,198,0,0,209,2,211,344,0,344,555
10/06/2003,OSH,WI,AGL,CE,Federal Contract Tower,0,3,24,0,27,0,4,102,0,106,0,7,126,0,133,100,0,100,233
10/07/2003,OSH,WI,AGL,CE,Federal Contract Tower,0,1,13,0,14,0,1,127,0,128,0,2,140,0,142,170,0,170,312
10/08/2003,OSH,WI,AGL,CE,Federal Contract Tower,0,0,12,0,12,0,0,139,0,139,0,0,151,0,151,168,0,168,319
10/09/2003,OSH,WI,AGL,CE,Federal Contract Tower,0,1,11,0,12,0,2,124,0,126,0,3,135,0,138,165,0,165,303
10/10/2003,OSH,WI,AGL,CE,Federal Contract Tower,0,0,13,0,13,0,0,120,1,121,0,0,133,1,134,302,1,303,437
10/11/2003,OSH,WI,AGL,CE,Federal Contract Tower,0,3,27,0,30,0,0,145,0,145,0,3,172,0,175,370,0,370,545
10/12/2003,OSH,WI,AGL,CE,Federal Contract Tower,0,0,11,0,11,0,0,151,0,151,0,0,162,0,162,366,0,366,528
10/13/2003,OSH,WI,AGL,CE,Federal Contract Tower,0,0,8,0,8,0,0,167,1,168,0,0,175,1,176,464,0,464,640
10/14/2003,OSH,WI,AGL,CE,Federal Contract Tower,0,1,12,0,13,0,1,64,5,70,0,2,76,5,83,88,8,96,179
10/15/2003,OSH,WI,AGL,CE,Federal Contract Tower,0,0,14,0,14,0,0,104,13,117,0,0,118,13,131,120,14,134,265
10/16/2003,OSH,WI,AGL,CE,Federal Contract Tower,0,0,7,1,8,0,0,85,1,86,0,0,92,2,94,110,0,110,204
10/17/2003,OSH,WI,AGL,CE,Federal Contract Tower,0,0,8,0,8,0,4,92,0,96,0,4,100,0,104,132,0,132,236
10/18/2003,OSH,WI,AGL,CE,Federal Contract Tower,0,0,10,0,10,0,2,117,0,119,0,2,127,0,129,158,0,158,287
10/19/2003,OSH,WI,AGL,CE,Federal Contract Tower,0,0,18,0,18,0,0,125,0,125,0,0,143,0,143,146,0,146,289
10/20/2003,OSH,WI,AGL,CE,Federal Contract Tower,0,0,6,0,6,0,0,109,0,109,0,0,115,0,115,104,0,104,219
10/21/2003,OSH,WI,AGL,CE,Federal Contract Tower,0,0,9,1,10,0,0,121,1,122,0,0,130,2,132,116,0,116,248
10/22/2003,OSH,WI,AGL,CE,Federal Contract Tower,0,1,18,0,19,0,0,1015,0,1015,0,1,1033,0,1034,94,0,94,1128
10/23/2003,OSH,WI,AGL,CE,Federal Contract Tower,0,3,32,2,37,0,4,100,6,110,0,7,132,8,147,196,0,196,343
10/24/2003,OSH,WI,AGL,CE,Federal Contract Tower,0,0,23,0,23,0,0,53,0,53,0,0,76,0,76,110,0,110,186
10/25/2003,OSH,WI,AGL,CE,Federal Contract Tower,0,0,15,0,15,0,0,107,0,107,0,0,122,0,122,194,0,194,316
10/26/2003,OSH,WI,AGL,CE,Federal Contract Tower,0,0,7,0,7,0,0,73,0,73,0,0,80,0,80,60,0,60,140
10/27/2003,OSH,WI,AGL,CE,Federal Contract Tower,0,0,10,0,10,0,0,106,0,106,0,0,116,0,116,166,0,166,282
10/28/2003,OSH,WI,AGL,CE,Federal Contract Tower,0,0,24,2,26,0,0,34,10,44,0,0,58,12,70,50,8,58,128
10/29/2003,OSH,WI,AGL,CE,Federal Contract Tower,0,0,16,1,17,0,0,44,4,48,0,0,60,5,65,132,0,132,197
10/30/2003,OSH,WI,AGL,CE,Federal Contract Tower,0,0,14,0,14,0,2,84,0,86,0,2,98,0,100,108,0,108,208
10/31/2003,OSH,WI,AGL,CE,Federal Contract Tower,0,0,14,1,15,0,0,4,1,5,0,0,18,2,20,38,0,38,58
11/01/2003,OSH,WI,AGL,CE,Federal Contract Tower,0,1,5,0,6,0,3,84,0,87,0,4,89,0,93,120,0,120,213
11/02/2003,OSH,WI,AGL,CE,Federal Contract Tower,0,0,10,1,11,0,0,4,1,5,0,0,14,2,16,0,0,0,16
11/03/2003,OSH,WI,AGL,CE,Federal Contract Tower,0,1,11,0,12,0,0,3,0,3,0,1,14,0,15,0,0,0,15
11/04/2003,OSH,WI,AGL,CE,Federal Contract Tower,0,0,10,0,10,0,0,3,0,3,0,0,13,0,13,0,0,0,13
11/05/2003,OSH,WI,AGL,CE,Federal Contract Tower,0,2,11,0,13,0,2,79,0,81,0,4,90,0,94,86,0,86,180
11/06/2003,OSH,WI,AGL,CE,Federal Contract Tower,0,2,14,0,16,0,0,112,0,112,0,2,126,0,128,132,0,132,260
11/07/2003,OSH,WI,AGL,CE,Federal Contract Tower,0,0,10,1,11,0,0,60,3,63,0,0,70,4,74,92,0,92,166
11/08/2003,OSH,WI,AGL,CE,Federal Contract Tower,0,2,12,0,14,0,3,175,0,178,0,5,187,0,192,180,0,180,372
11/09/2003,OSH,WI,AGL,CE,Federal Contract Tower,0,1,6,0,7,0,3,126,0,129,0,4,132,0,136,150,0,150,286
11/10/2003,OSH,WI,AGL,CE,Federal Contract Tower,0,2,11,2,15,0,0,45,8,53,0,2,56,10,68,180,8,188,256
11/11/2003,OSH,WI,AGL,CE,Federal Contract Tower,0,4,24,2,30,0,0,100,0,100,0,4,124,2,130,140,0,140,270
11/12/2003,OSH,WI,AGL,CE,Federal Contract Tower,0,3,17,0,20,0,0,19,0,19,0,3,36,0,39,26,0,26,65
11/13/2003,OSH,WI,AGL,CE,Federal Contract Tower,0,2,15,3,20,0,0,16,24,40,0,2,31,27,60,48,0,48,108
11/14/2003,OSH,WI,AGL,CE,Federal Contract Tower,0,0,13,0,13,0,0,108,0,108,0,0,121,0,121,194,0,194,315
11/15/2003,OSH,WI,AGL,CE,Federal Contract Tower,0,2,33,0,35,0,0,8,0,8,0,2,41,0,43,0,0,0,43
11/16/2003,OSH,WI,AGL,CE,Federal Contract Tower,0,1,11,0,12,0,1,2,0,3,0,2,13,0,15,0,0,0,15
11/17/2003,OSH,WI,AGL,CE,Federal Contract Tower,0,2,23,5,30,0,1,68,3,72,0,3,91,8,102,108,0,108,210
11/18/2003,OSH,WI,AGL,CE,Federal Contract Tower,0,0,17,3,20,0,0,13,3,16,0,0,30,6,36,18,6,24,60
11/19/2003,OSH,WI,AGL,CE,Federal Contract Tower,0,1,8,2,11,0,1,156,0,157,0,2,164,2,168,162,8,170,338
11/20/2003,OSH,WI,AGL,CE,Federal Contract Tower,0,0,7,0,7,0,2,129,0,131,0,2,136,0,138,121,0,121,259
11/21/2003,OSH,WI,AGL,CE,Federal Contract Tower,0,0,5,0,5,0,0,143,0,143,0,0,148,0,148,100,0,100,248
11/22/2003,OSH,WI,AGL,CE,Federal Contract Tower,0,0,3,0,3,0,2,47,0,49,0,2,50,0,52,148,2,150,202
11/23/2003,OSH,WI,AGL,CE,Federal Contract Tower,0,0,6,0,6,0,0,0,0,0,0,0,6,0,6,0,0,0,6
11/24/2003,OSH,WI,AGL,CE,Federal Contract Tower,0,2,19,3,24,0,3,4,5,12,0,5,23,8,36,24,34,58,94
11/25/2003,OSH,WI,AGL,CE,Federal Contract Tower,0,0,15,2,17,0,0,92,4,96,0,0,107,6,113,84,26,110,223
11/26/2003,OSH,WI,AGL,CE,Federal Contract Tower,0,0,8,0,8,0,0,121,0,121,0,0,129,0,129,196,0,196,325
11/27/2003,OSH,WI,AGL,CE,Federal Contract Tower,0,0,2,0,2,0,0,6,0,6,0,0,8,0,8,0,0,0,8
11/28/2003,OSH,WI,AGL,CE,Federal Contract Tower,0,0,5,0,5,0,1,2,2,5,0,1,7,2,10,0,0,0,10
11/29/2003,OSH,WI,AGL,CE,Federal Contract Tower,0,1,15,0,16,0,3,41,0,44,0,4,56,0,60,28,0,28,88
11/30/2003,OSH,WI,AGL,CE,Federal Contract Tower,0,0,8,0,8,0,2,106,0,108,0,2,114,0,116,170,0,170,286
12/01/2003,OSH,WI,AGL,CE,Federal Contract Tower,0,1,8,0,9,0,0,44,0,44,0,1,52,0,53,122,0,122,175
12/02/2003,OSH,WI,AGL,CE,Federal Contract Tower,0,1,15,0,16,0,0,97,0,97,0,1,112,0,113,188,0,188,301
12/03/2003,OSH,WI,AGL,CE,Federal Contract Tower,0,3,16,0,19,0,0,105,2,107,0,3,121,2,126,100,0,100,226
12/04/2003,OSH,WI,AGL,CE,Federal Contract Tower,0,0,22,0,22,0,0,98,4,102,0,0,120,4,124,108,2,110,234
12/05/2003,OSH,WI,AGL,CE,Federal Contract Tower,0,2,8,0,10,0,0,94,2,96,0,2,102,2,106,120,2,122,228
12/06/2003,OSH,WI,AGL,CE,Federal Contract Tower,0,3,13,0,16,0,1,227,0,228,0,4,240,0,244,220,0,220,464
12/07/2003,OSH,WI,AGL,CE,Federal Contract Tower,0,0,8,0,8,0,0,71,2,73,0,0,79,2,81,96,0,96,177
12/08/2003,OSH,WI,AGL,CE,Federal Contract Tower,0,2,17,0,19,0,0,62,0,62,0,2,79,0,81,180,0,180,261
12/09/2003,OSH,WI,AGL,CE,Federal Contract Tower,0,0,14,0,14,0,0,21,0,21,0,0,35,0,35,44,0,44,79
12/10/2003,OSH,WI,AGL,CE,Federal Contract Tower,0,0,0,0,0,0,0,1,0,1,0,0,1,0,1,0,0,0,1
12/11/2003,OSH,WI,AGL,CE,Federal Contract Tower,0,0,15,0,15,0,0,68,0,68,0,0,83,0,83,48,0,48,131
12/12/2003,OSH,WI,AGL,CE,Federal Contract Tower,0,1,9,0,10,0,2,89,0,91,0,3,98,0,101,86,0,86,187
12/13/2003,OSH,WI,AGL,CE,Federal Contract Tower,0,0,7,0,7,0,2,147,0,149,0,2,154,0,156,210,0,210,366
12/14/2003,OSH,WI,AGL,CE,Federal Contract Tower,0,0,6,0,6,0,0,25,0,25,0,0,31,0,31,56,0,56,87
12/15/2003,OSH,WI,AGL,CE,Federal Contract Tower,0,1,10,0,11,0,3,2,0,5,0,4,12,0,16,6,0,6,22
12/16/2003,OSH,WI,AGL,CE,Federal Contract Tower,0,0,7,0,7,0,2,0,0,2,0,2,7,0,9,0,0,0,9
12/17/2003,OSH,WI,AGL,CE,Federal Contract Tower,0,0,11,0,11,0,0,58,2,60,0,0,69,2,71,128,0,128,199
12/18/2003,OSH,WI,AGL,CE,Federal Contract Tower,0,3,29,0,32,0,0,35,0,35,0,3,64,0,67,64,0,64,131
12/19/2003,OSH,WI,AGL,CE,Federal Contract Tower,0,1,14,0,15,0,0,72,0,72,0,1,86,0,87,78,0,78,165
12/20/2003,OSH,WI,AGL,CE,Federal Contract Tower,0,1,11,0,12,0,1,129,0,130,0,2,140,0,142,182,0,182,324
12/21/2003,OSH,WI,AGL,CE,Federal Contract Tower,0,0,5,0,5,0,0,104,0,104,0,0,109,0,109,64,0,64,173
12/22/2003,OSH,WI,AGL,CE,Federal Contract Tower,0,0,5,0,5,0,1,90,0,91,0,1,95,0,96,192,0,192,288
12/23/2003,OSH,WI,AGL,CE,Federal Contract Tower,0,1,11,0,12,0,0,10,0,10,0,1,21,0,22,52,0,52,74
12/24/2003,OSH,WI,AGL,CE,Federal Contract Tower,0,0,0,0,0,0,0,9,0,9,0,0,9,0,9,12,0,12,21
12/25/2003,OSH,WI,AGL,CE,Federal Contract Tower,0,0,3,0,3,0,0,33,0,33,0,0,36,0,36,24,0,24,60
12/26/2003,OSH,WI,AGL,CE,Federal Contract Tower,0,1,13,0,14,0,1,155,0,156,0,2,168,0,170,114,0,114,284
12/27/2003,OSH,WI,AGL,CE,Federal Contract Tower,0,0,8,0,8,0,2,45,0,47,0,2,53,0,55,52,0,52,107
12/28/2003,OSH,WI,AGL,CE,Federal Contract Tower,0,0,7,0,7,0,2,33,0,35,0,2,40,0,42,10,0,10,52
12/29/2003,OSH,WI,AGL,CE,Federal Contract Tower,0,1,9,0,10,0,1,51,0,52,0,2,60,0,62,102,0,102,164
12/30/2003,OSH,WI,AGL,CE,Federal Contract Tower,0,0,7,0,7,0,0,103,0,103,0,0,110,0,110,132,0,132,242
12/31/2003,OSH,WI,AGL,CE,Federal Contract Tower,0,1,9,0,10,0,1,89,0,90,0,2,98,0,100,40,0,40,140
01/01/2004,OSH,WI,AGL,CE,Federal Contract Tower,0,0,6,0,6,0,0,62,0,62,0,0,68,0,68,62,0,62,130
01/02/2004,OSH,WI,AGL,CE,Federal Contract Tower,0,2,6,0,8,0,0,0,0,0,0,2,6,0,8,0,0,0,8
01/03/2004,OSH,WI,AGL,CE,Federal Contract Tower,0,3,11,0,14,0,0,52,0,52,0,3,63,0,66,52,0,52,118
01/04/2004,OSH,WI,AGL,CE,Federal Contract Tower,0,0,1,0,1,0,0,7,0,7,0,0,8,0,8,10,0,10,18
01/05/2004,OSH,WI,AGL,CE,Federal Contract Tower,0,1,4,0,5,0,0,30,0,30,0,1,34,0,35,60,0,60,95
01/06/2004,OSH,WI,AGL,CE,Federal Contract Tower,0,2,9,0,11,0,0,9,0,9,0,2,18,0,20,16,0,16,36
01/07/2004,OSH,WI,AGL,CE,Federal Contract Tower,0,1,6,1,8,0,1,69,7,77,0,2,75,8,85,98,0,98,183
01/08/2004,OSH,WI,AGL,CE,Federal Contract Tower,0,1,6,1,8,0,2,52,3,57,0,3,58,4,65,148,2,150,215
01/09/2004,OSH,WI,AGL,CE,Federal Contract Tower,0,1,10,1,12,0,0,60,1,61,0,1,70,2,73,122,0,122,195
01/10/2004,OSH,WI,AGL,CE,Federal Contract Tower,0,2,6,0,8,0,5,108,0,113,0,7,114,0,121,156,0,156,277
01/11/2004,OSH,WI,AGL,CE,Federal Contract Tower,0,0,6,1,7,0,0,32,1,33,0,0,38,2,40,60,0,60,100
01/12/2004,OSH,WI,AGL,CE,Federal Contract Tower,0,2,7,1,10,0,0,25,1,26,0,2,32,2,36,58,0,58,94
01/13/2004,OSH,WI,AGL,CE,Federal Contract Tower,0,2,9,1,12,0,1,90,1,92,0,3,99,2,104,64,0,64,168
01/14/2004,OSH,WI,AGL,CE,Federal Contract Tower,0,1,9,0,10,0,0,16,0,16,0,1,25,0,26,12,0,12,38
01/15/2004,OSH,WI,AGL,CE,Federal Contract Tower,0,1,18,2,21,0,0,65,0,65,0,1,83,2,86,70,0,70,156
01/16/2004,OSH,WI,AGL,CE,Federal Contract Tower,0,1,9,0,10,0,0,15,0,15,0,1,24,0,25,26,0,26,51
01/17/2004,OSH,WI,AGL,CE,Federal Contract Tower,0,2,7,0,9,0,0,1,0,1,0,2,8,0,10,0,0,0,10
01/18/2004,OSH,WI,AGL,CE,Federal Contract Tower,0,0,1,1,2,0,0,44,3,47,0,0,45,4,49,16,0,16,65
01/19/2004,OSH,WI,AGL,CE,Federal Contract Tower,0,3,11,0,14,0,0,39,0,39,0,3,50,0,53,62,0,62,115
01/20/2004,OSH,WI,AGL,CE,Federal Contract Tower,0,3,11,0,14,0,0,53,4,57,0,3,64,4,71,50,6,56,127
01/21/2004,OSH,WI,AGL,CE,Federal Contract Tower,0,2,9,0,11,0,0,6,0,6,0,2,15,0,17,2,0,2,19
01/22/2004,OSH,WI,AGL,CE,Federal Contract Tower,0,1,8,0,9,0,0,22,0,22,0,1,30,0,31,12,0,12,43
01/23/2004,OSH,WI,AGL,CE,Federal Contract Tower,0,0,5,0,5,0,0,0,0,0,0,0,5,0,5,0,0,0,5
01/24/2004,OSH,WI,AGL,CE,Federal Contract Tower,0,0,5,0,5,0,3,111,0,114,0,3,116,0,119,188,0,188,307
01/25/2004,OSH,WI,AGL,CE,Federal Contract Tower,0,0,1,0,1,0,0,15,0,15,0,0,16,0,16,38,0,38,54
01/26/2004,OSH,WI,AGL,CE,Federal Contract Tower,0,2,7,0,9,0,2,0,0,2,0,4,7,0,11,0,0,0,11
01/27/2004,OSH,WI,AGL,CE,Federal Contract Tower,0,3,10,0,13,0,0,27,2,29,0,3,37,2,42,20,0,20,62
01/28/2004,OSH,WI,AGL,CE,Federal Contract Tower,0,2,10,0,12,0,0,62,0,62,0,2,72,0,74,124,0,124,198
01/29/2004,OSH,WI,AGL,CE,Federal Contract Tower,0,3,12,0,15,0,2,25,2,29,0,5,37,2,44,26,6,32,76
01/30/2004,OSH,WI,AGL,CE,Federal Contract Tower,0,2,9,0,11,0,0,38,0,38,0,2,47,0,49,12,0,12,61
01/31/2004,OSH,WI,AGL,CE,Federal Contract Tower,0,2,9,0,11,0,2,97,0,99,0,4,106,0,110,64,0,64,174
02/01/2004,OSH,WI,AGL,CE,Federal Contract Tower,0,1,8,0,9,0,0,62,0,62,0,1,70,0,71,40,0,40,111
02/02/2004,OSH,WI,AGL,CE,Federal Contract Tower,0,2,11,0,13,0,0,19,0,19,0,2,30,0,32,60,0,60,92
02/03/2004,OSH,WI,AGL,CE,Federal Contract Tower,0,1,12,0,13,0,0,20,0,20,0,1,32,0,33,42,0,42,75
02/04/2004,OSH,WI,AGL,CE,Federal Contract Tower,0,0,12,0,12,0,0,91,4,95,0,0,103,4,107,130,20,150,257
02/05/2004,OSH,WI,AGL,CE,Federal Contract Tower,0,0,14,0,14,0,0,72,0,72,0,0,86,0,86,156,0,156,242
02/06/2004,OSH,WI,AGL,CE,Federal Contract Tower,0,1,9,0,10,0,0,1,2,3,0,1,10,2,13,16,0,16,29
02/07/2004,OSH,WI,AGL,CE,Federal Contract Tower,0,2,17,0,19,0,0,153,0,153,0,2,170,0,172,130,0,130,302
02/08/2004,OSH,WI,AGL,CE,Federal Contract Tower,0,0,8,1,9,0,0,12,1,13,0,0,20,2,22,2,0,2,24
02/09/2004,OSH,WI,AGL,CE,Federal Contract Tower,0,1,9,0,10,0,10,22,0,32,0,11,31,0,42,36,0,36,78
02/10/2004,OSH,WI,AGL,CE,Federal Contract Tower,0,1,17,1,19,0,0,65,1,66,0,1,82,2,85,58,38,96,181
02/11/2004,OSH,WI,AGL,CE,Federal Contract Tower,0,1,29,0,30,0,0,26,0,26,0,1,55,0,56,60,0,60,116
02/12/2004,OSH,WI,AGL,CE,Federal Contract Tower,0,2,21,2,25,0,1,78,0,79,0,3,99,2,104,72,0,72,176
02/13/2004,OSH,WI,AGL,CE,Federal Contract Tower,0,0,1,0,1,0,0,100,0,100,0,0,101,0,101,134,0,134,235
02/14/2004,OSH,WI,AGL,CE,Federal Contract Tower,0,0,5,1,6,0,1,102,1,104,0,1,107,2,110,108,0,108,218
02/15/2004,OSH,WI,AGL,CE,Federal Contract Tower,0,0,9,0,9,0,0,60,0,60,0,0,69,0,69,78,0,78,147
02/16/2004,OSH,WI,AGL,CE,Federal Contract Tower,0,0,3,0,3,0,1,89,0,90,0,1,92,0,93,89,0,89,182
02/17/2004,OSH,WI,AGL,CE,Federal Contract Tower,0,1,12,0,13,0,2,93,0,95,0,3,105,0,108,194,4,198,306
02/18/2004,OSH,WI,AGL,CE,Federal Contract Tower,0,1,10,1,12,0,0,62,1,63,0,1,72,2,75,140,4,144,219
02/19/2004,OSH,WI,AGL,CE,Federal Contract Tower,0,2,19,0,21,0,0,43,0,43,0,2,62,0,64,132,0,132,196
02/20/2004,OSH,WI,AGL,CE,Federal Contract Tower,0,0,8,0,8,0,1,0,0,1,0,1,8,0,9,0,0,0,9
02/21/2004,OSH,WI,AGL,CE,Federal Contract Tower,0,0,9,0,9,0,3,67,0,70,0,3,76,0,79,106,0,106,185
02/22/2004,OSH,WI,AGL,CE,Federal Contract Tower,0,0,3,0,3,0,0,28,0,28,0,0,31,0,31,90,0,90,121
02/23/2004,OSH,WI,AGL,CE,Federal Contract Tower,0,2,13,0,15,0,3,2,0,5,0,5,15,0,20,0,0,0,20
02/24/2004,OSH,WI,AGL,CE,Federal Contract Tower,0,3,30,1,34,0,2,26,3,31,0,5,56,4,65,70,0,70,135
02/25/2004,OSH,WI,AGL,CE,Federal Contract Tower,0,0,13,0,13,0,0,102,2,104,0,0,115,2,117,68,2,70,187
02/26/2004,OSH,WI,AGL,CE,Federal Contract Tower,0,1,19,0,20,0,0,50,0,50,0,1,69,0,70,54,0,54,124
02/27/2004,OSH,WI,AGL,CE,Federal Contract Tower,0,1,25,0,26,0,0,74,0,74,0,1,99,0,100,114,0,114,214
02/28/2004,OSH,WI,AGL,CE,Federal Contract Tower,0,0,7,0,7,0,0,165,0,165,0,0,172,0,172,172,0,172,344
02/29/2004,OSH,WI,AGL,CE,Federal Contract Tower,0,0,10,0,10,0,0,148,1,149,0,0,158,1,159,182,0,182,341
03/01/2004,OSH,WI,AGL,CE,Federal Contract Tower,0,4,15,0,19,0,3,15,0,18,0,7,30,0,37,20,0,20,57
03/02/2004,OSH,WI,AGL,CE,Federal Contract Tower,0,1,18,1,20,0,0,32,3,35,0,1,50,4,55,26,0,26,81
03/03/2004,OSH,WI,AGL,CE,Federal Contract Tower,0,0,13,2,15,0,0,50,8,58,0,0,63,10,73,128,14,142,215
03/04/2004,OSH,WI,AGL,CE,Federal Contract Tower,0,5,24,0,29,0,2,19,0,21,0,7,43,0,50,96,0,96,146
03/05/2004,OSH,WI,AGL,CE,Federal Contract Tower,0,1,8,1,10,0,0,15,1,16,0,1,23,2,26,14,0,14,40
03/06/2004,OSH,WI,AGL,CE,Federal Contract Tower,0,2,9,0,11,0,0,42,0,42,0,2,51,0,53,118,0,118,171
03/07/2004,OSH,WI,AGL,CE,Federal Contract Tower,0,0,5,1,6,0,2,0,1,3,0,2,5,2,9,0,0,0,9
03/08/2004,OSH,WI,AGL,CE,Federal Contract Tower,0,2,9,1,12,0,4,129,1,134,0,6,138,2,146,262,2,264,410
03/09/2004,OSH,WI,AGL,CE,Federal Contract Tower,0,3,21,3,27,0,0,136,11,147,0,3,157,14,174,292,10,302,476
03/10/2004,OSH,WI,AGL,CE,Federal Contract Tower,0,2,13,2,17,0,0,60,0,60,0,2,73,2,77,84,0,84,161
03/11/2004,OSH,WI,AGL,CE,Federal Contract Tower,0,2,10,0,12,0,3,15,0,18,0,5,25,0,30,34,0,34,64
03/12/2004,OSH,WI,AGL,CE,Federal Contract Tower,0,1,8,0,9,0,0,102,0,102,0,1,110,0,111,130,0,130,241
03/13/2004,OSH,WI,AGL,CE,Federal Contract Tower,0,2,7,0,9,0,0,39,0,39,0,2,46,0,48,62,0,62,110
03/14/2004,OSH,WI,AGL,CE,Federal Contract Tower,0,0,6,0,6,0,0,11,0,11,0,0,17,0,17,0,2,2,19
03/15/2004,OSH,WI,AGL,CE,Federal Contract Tower,0,1,8,0,9,0,0,111,0,111,0,1,119,0,120,110,0,110,230
03/16/2004,OSH,WI,AGL,CE,Federal Contract Tower,0,3,15,0,18,0,4,148,0,152,0,7,163,0,170,134,0,134,304
03/17/2004,OSH,WI,AGL,CE,Federal Contract Tower,0,1,9,0,10,0,0,7,0,7,0,1,16,0,17,36,0,36,53
03/18/2004,OSH,WI,AGL,CE,Federal Contract Tower,0,4,15,0,19,0,6,0,0,6,0,10,15,0,25,0,0,0,25
03/19/2004,OSH,WI,AGL,CE,Federal Contract Tower,0,2,11,0,13,0,1,41,0,42,0,3,52,0,55,40,0,40,95
03/20/2004,OSH,WI,AGL,CE,Federal Contract Tower,0,1,7,0,8,0,1,20,0,21,0,2,27,0,29,48,0,48,77
03/21/2004,OSH,WI,AGL,CE,Federal Contract Tower,0,0,7,0,7,0,0,59,0,59,0,0,66,0,66,82,0,82,148
03/22/2004,OSH,WI,AGL,CE,Federal Contract Tower,0,2,11,0,13,0,1,152,0,153,0,3,163,0,166,98,0,98,264
03/23/2004,OSH,WI,AGL,CE,Federal Contract Tower,0,2,9,0,11,0,0,171,2,173,0,2,180,2,184,218,2,220,404
03/24/2004,OSH,WI,AGL,CE,Federal Contract Tower,0,0,27,0,27,0,0,77,0,77,0,0,104,0,104,42,0,42,146
03/25/2004,OSH,WI,AGL,CE,Federal Contract Tower,0,2,37,3,42,0,0,83,11,94,0,2,120,14,136,62,0,62,198
03/26/2004,OSH,WI,AGL,CE,Federal Contract Tower,0,8,36,0,44,0,2,9,0,11,0,10,45,0,55,0,0,0,55
03/27/2004,OSH,WI,AGL,CE,Federal Contract Tower,0,0,1,0,1,0,3,0,0,3,0,3,1,0,4,0,0,0,4
03/28/2004,OSH,WI,AGL,CE,Federal Contract Tower,0,0,8,0,8,0,0,2,0,2,0,0,10,0,10,0,0,0,10
03/29/2004,OSH,WI,AGL,CE,Federal Contract Tower,0,1,7,0,8,0,1,145,2,148,0,2,152,2,156,102,0,102,258
03/30/2004,OSH,WI,AGL,CE,Federal Contract Tower,0,2,14,0,16,0,0,32,0,32,0,2,46,0,48,20,0,20,68
03/31/2004,OSH,WI,AGL,CE,Federal Contract Tower,0,5,23,0,28,0,2,102,0,104,0,7,125,0,132,100,0,100,232
04/01/2004,OSH,WI,AGL,CE,Federal Contract Tower,0,4,24,2,30,0,0,121,0,121,0,4,145,2,151,216,0,216,367
04/02/2004,OSH,WI,AGL,CE,Federal Contract Tower,0,1,12,1,14,0,3,154,1,158,0,4,166,2,172,160,0,160,332
04/03/2004,OSH,WI,AGL,CE,Federal Contract Tower,0,2,9,0,11,0,3,32,0,35,0,5,41,0,46,34,0,34,80
04/04/2004,OSH,WI,AGL,CE,Federal Contract Tower,0,0,7,1,8,0,0,88,1,89,0,0,95,2,97,62,0,62,159
04/05/2004,OSH,WI,AGL,CE,Federal Contract Tower,0,2,9,0,11,0,2,127,0,129,0,4,136,0,140,60,0,60,200
04/06/2004,OSH,WI,AGL,CE,Federal Contract Tower,0,1,7,0,8,0,0,102,0,102,0,1,109,0,110,78,0,78,188
04/07/2004,OSH,WI,AGL,CE,Federal Contract Tower,0,3,15,0,18,0,0,123,0,123,0,3,138,0,141,138,0,138,279
04/08/2004,OSH,WI,AGL,CE,Federal Contract Tower,0,1,23,0,24,0,0,64,0,64,0,1,87,0,88,174,0,174,262
04/09/2004,OSH,WI,AGL,CE,Federal Contract Tower,0,1,18,2,21,0,0,130,6,136,0,1,148,8,157,192,0,192,349
04/10/2004,OSH,WI,AGL,CE,Federal Contract Tower,0,1,6,0,7,0,1,80,0,81,0,2,86,0,88,82,0,82,170
04/11/2004,OSH,WI,AGL,CE,Federal Contract Tower,0,0,3,0,3,0,0,131,0,131,0,0,134,0,134,78,0,78,212
04/12/2004,OSH,WI,AGL,CE,Federal Contract Tower,0,2,9,0,11,0,3,51,0,54,0,5,60,0,65,80,0,80,145
04/13/2004,OSH,WI,AGL,CE,Federal Contract Tower,0,2,11,1,14,0,0,141,1,142,0,2,152,2,156,184,0,184,340
04/14/2004,OSH,WI,AGL,CE,Federal Contract Tower,0,4,21,2,27,0,2,120,12,134,0,6,141,14,161,174,0,174,335
04/15/2004,OSH,WI,AGL,CE,Federal Contract Tower,0,3,16,0,19,0,5,76,0,81,0,8,92,0,100,74,0,74,174
04/16/2004,OSH,WI,AGL,CE,Federal Contract Tower,0,4,19,2,25,0,0,149,3,152,0,4,168,5,177,154,0,154,331
04/17/2004,OSH,WI,AGL,CE,Federal Contract Tower,0,2,10,0,12,0,1,142,0,143,0,3,152,0,155,104,0,104,259
04/18/2004,OSH,WI,AGL,CE,Federal Contract Tower,0,0,5,0,5,0,0,17,0,17,0,0,22,0,22,0,0,0,22
04/19/2004,OSH,WI,AGL,CE,Federal Contract Tower,0,4,23,0,27,0,1,36,0,37,0,5,59,0,64,14,0,14,78
04/20/2004,OSH,WI,AGL,CE,Federal Contract Tower,0,3,19,0,22,0,5,88,0,93,0,8,107,0,115,108,0,108,223
04/21/2004,OSH,WI,AGL,CE,Federal Contract Tower,0,4,43,0,47,0,0,50,0,50,0,4,93,0,97,42,0,42,139
04/22/2004,OSH,WI,AGL,CE,Federal Contract Tower,0,5,29,2,36,0,2,133,2,137,0,7,162,4,173,150,0,150,323
04/23/2004,OSH,WI,AGL,CE,Federal Contract Tower,0,1,17,0,18,0,0,143,0,143,0,1,160,0,161,152,0,152,313
04/24/2004,OSH,WI,AGL,CE,Federal Contract Tower,0,2,13,0,15,0,0,189,0,189,0,2,202,0,204,220,0,220,424
04/25/2004,OSH,WI,AGL,CE,Federal Contract Tower,0,0,15,0,15,0,0,10,0,10,0,0,25,0,25,32,0,32,57
04/26/2004,OSH,WI,AGL,CE,Federal Contract Tower,0,1,13,0,14,0,0,36,0,36,0,1,49,0,50,70,0,70,120
04/27/2004,OSH,WI,AGL,CE,Federal Contract Tower,0,4,27,0,31,0,3,119,0,122,0,7,146,0,153,204,0,204,357
04/28/2004,OSH,WI,AGL,CE,Federal Contract Tower,0,4,20,1,25,0,6,90,5,101,0,10,110,6,126,32,10,42,168
04/29/2004,OSH,WI,AGL,CE,Federal Contract Tower,0,4,21,0,25,0,2,126,0,128,0,6,147,0,153,153,0,153,306
04/30/2004,OSH,WI,AGL,CE,Federal Contract Tower,0,0,0,0,0,0,6,42,2,50,0,6,42,2,50,50,0,50,100
05/01/2004,OSH,WI,AGL,CE,Federal Contract Tower,0,1,25,0,26,0,0,117,0,117,0,1,142,0,143,376,0,376,519
05/02/2004,OSH,WI,AGL,CE,Federal Contract Tower,0,0,14,0,14,0,0,183,2,185,0,0,197,2,199,228,0,228,427
05/03/2004,OSH,WI,AGL,CE,Federal Contract Tower,0,2,18,0,20,0,0,116,0,116,0,2,134,0,136,150,0,150,286
05/04/2004,OSH,WI,AGL,CE,Federal Contract Tower,0,1,11,0,12,0,0,57,0,57,0,1,68,0,69,56,0,56,125
05/05/2004,OSH,WI,AGL,CE,Federal Contract Tower,0,2,20,0,22,0,0,107,4,111,0,2,127,4,133,116,0,116,249
05/06/2004,OSH,WI,AGL,CE,Federal Contract Tower,0,1,16,0,17,0,0,79,4,83,0,1,95,4,100,60,0,60,160
05/07/2004,OSH,WI,AGL,CE,Federal Contract Tower,0,2,21,0,23,0,0,113,0,113,0,2,134,0,136,128,0,128,264
05/08/2004,OSH,WI,AGL,CE,Federal Contract Tower,0,1,11,0,12,0,3,45,0,48,0,4,56,0,60,120,0,120,180
05/09/2004,OSH,WI,AGL,CE,Federal Contract Tower,0,0,13,0,13,0,0,19,0,19,0,0,32,0,32,82,0,82,114
05/10/2004,OSH,WI,AGL,CE,Federal Contract Tower,0,1,13,0,14,0,0,50,0,50,0,1,63,0,64,110,0,110,174
05/11/2004,OSH,WI,AGL,CE,Federal Contract Tower,0,7,51,0,58,0,0,15,0,15,0,7,66,0,73,52,0,52,125
05/12/2004,OSH,WI,AGL,CE,Federal Contract Tower,0,2,20,0,22,0,1,75,0,76,0,3,95,0,98,110,0,110,208
05/13/2004,OSH,WI,AGL,CE,Federal Contract Tower,0,3,30,0,33,0,0,20,0,20,0,3,50,0,53,24,0,24,77
05/14/2004,OSH,WI,AGL,CE,Federal Contract Tower,0,4,27,0,31,0,0,15,0,15,0,4,42,0,46,10,0,10,56
05/15/2004,OSH,WI,AGL,CE,Federal Contract Tower,0,1,12,0,13,0,2,258,0,260,0,3,270,0,273,526,0,526,799
05/16/2004,OSH,WI,AGL,CE,Federal Contract Tower,0,1,9,0,10,0,2,139,0,141,0,3,148,0,151,220,0,220,371
05/17/2004,OSH,WI,AGL,CE,Federal Contract Tower,0,2,15,0,17,0,1,29,0,30,0,3,44,0,47,22,0,22,69
05/18/2004,OSH,WI,AGL,CE,Federal Contract Tower,0,3,25,0,28,0,6,114,8,128,0,9,139,8,156,154,0,154,310
05/19/2004,OSH,WI,AGL,CE,Federal Contract Tower,0,1,21,0,22,0,0,109,0,109,0,1,130,0,131,140,0,140,271
05/20/2004,OSH,WI,AGL,CE,Federal Contract Tower,0,1,46,0,47,0,0,114,15,129,0,1,160,15,176,134,16,150,326
05/21/2004,OSH,WI,AGL,CE,Federal Contract Tower,0,1,11,0,12,0,1,0,0,1,0,2,11,0,13,0,0,0,13
05/22/2004,OSH,WI,AGL,CE,Federal Contract Tower,0,2,20,0,22,0,0,6,0,6,0,2,26,0,28,22,0,22,50
05/23/2004,OSH,WI,AGL,CE,Federal Contract Tower,0,0,3,0,3,0,0,0,0,0,0,0,3,0,3,0,0,0,3
05/24/2004,OSH,WI,AGL,CE,Federal Contract Tower,0,4,34,0,38,0,0,18,0,18,0,4,52,0,56,142,0,142,198
05/25/2004,OSH,WI,AGL,CE,Federal Contract Tower,0,3,27,0,30,0,3,51,2,56,0,6,78,2,86,102,0,102,188
05/26/2004,OSH,WI,AGL,CE,Federal Contract Tower,0,4,29,0,33,0,4,123,0,127,0,8,152,0,160,178,0,178,338
05/27/2004,OSH,WI,AGL,CE,Federal Contract Tower,0,3,22,0,25,0,4,53,2,59,0,7,75,2,84,110,0,110,194
05/28/2004,OSH,WI,AGL,CE,Federal Contract Tower,0,2,17,0,19,0,1,155,0,156,0,3,172,0,175,174,0,174,349
05/29/2004,OSH,WI,AGL,CE,Federal Contract Tower,0,2,17,0,19,0,1,18,0,19,0,3,35,0,38,42,0,42,80
05/30/2004,OSH,WI,AGL,CE,Federal Contract Tower,0,0,0,0,0,0,2,0,0,2,0,2,0,0,2,0,0,0,2
05/31/2004,OSH,WI,AGL,CE,Federal Contract Tower,0,1,13,0,14,0,0,14,0,14,0,1,27,0,28,10,0,10,38
06/01/2004,OSH,WI,AGL,CE,Federal Contract Tower,0,0,12,0,12,0,0,16,0,16,0,0,28,0,28,66,0,66,94
06/02/2004,OSH,WI,AGL,CE,Federal Contract Tower,0,2,13,0,15,0,0,89,0,89,0,2,102,0,104,146,0,146,250
06/03/2004,OSH,WI,AGL,CE,Federal Contract Tower,0,1,11,0,12,0,2,203,0,205,0,3,214,0,217,402,0,402,619
06/04/2004,OSH,WI,AGL,CE,Federal Contract Tower,0,5,25,2,32,0,5,206,4,215,0,10,231,6,247,280,0,280,527
06/05/2004,OSH,WI,AGL,CE,Federal Contract Tower,0,3,12,1,16,0,3,135,7,145,0,6,147,8,161,306,4,310,471
06/06/2004,OSH,WI,AGL,CE,Federal Contract Tower,0,0,8,0,8,0,0,107,0,107,0,0,115,0,115,392,0,392,507
06/07/2004,OSH,WI,AGL,CE,Federal Contract Tower,0,1,6,0,7,0,1,62,0,63,0,2,68,0,70,160,0,160,230
06/08/2004,OSH,WI,AGL,CE,Federal Contract Tower,0,3,13,0,16,0,5,29,0,34,0,8,42,0,50,150,0,150,200
06/09/2004,OSH,WI,AGL,CE,Federal Contract Tower,0,5,25,2,32,0,3,39,6,48,0,8,64,8,80,168,2,170,250
06/10/2004,OSH,WI,AGL,CE,Federal Contract Tower,0,6,29,0,35,0,4,19,0,23,0,10,48,0,58,0,0,0,58
06/11/2004,OSH,WI,AGL,CE,Federal Contract Tower,0,2,5,1,8,0,2,0,0,2,0,4,5,1,10,0,0,0,10
06/12/2004,OSH,WI,AGL,CE,Federal Contract Tower,0,2,9,0,11,0,0,60,0,60,0,2,69,0,71,72,0,72,143
06/13/2004,OSH,WI,AGL,CE,Federal Contract Tower,0,2,8,0,10,0,2,29,0,31,0,4,37,0,41,26,0,26,67
06/14/2004,OSH,WI,AGL,CE,Federal Contract Tower,0,4,18,0,22,0,0,39,0,39,0,4,57,0,61,176,0,176,237
06/15/2004,OSH,WI,AGL,CE,Federal Contract Tower,0,3,12,0,15,0,0,89,0,89,0,3,101,0,104,250,0,250,354
06/16/2004,OSH,WI,AGL,CE,Federal Contract Tower,0,2,18,1,21,0,0,110,5,115,0,2,128,6,136,260,22,282,418
06/17/2004,OSH,WI,AGL,CE,Federal Contract Tower,0,5,20,0,25,0,0,76,0,76,0,5,96,0,101,148,0,148,249
06/18/2004,OSH,WI,AGL,CE,Federal Contract Tower,0,2,9,0,11,0,0,185,2,187,0,2,194,2,198,398,0,398,596
06/19/2004,OSH,WI,AGL,CE,Federal Contract Tower,0,2,11,0,13,0,0,196,0,196,0,2,207,0,209,634,0,634,843
06/20/2004,OSH,WI,AGL,CE,Federal Contract Tower,0,0,13,0,13,0,0,179,2,181,0,0,192,2,194,226,0,226,420
06/21/2004,OSH,WI,AGL,CE,Federal Contract Tower,0,1,17,0,18,0,0,78,0,78,0,1,95,0,96,420,0,420,516
06/22/2004,OSH,WI,AGL,CE,Federal Contract Tower,0,3,12,0,15,0,0,140,0,140,0,3,152,0,155,344,0,344,499
06/23/2004,OSH,WI,AGL,CE,Federal Contract Tower,0,3,20,0,23,0,0,86,0,86,0,3,106,0,109,274,0,274,383
06/24/2004,OSH,WI,AGL,CE,Federal Contract Tower,0,4,16,0,20,0,0,68,0,68,0,4,84,0,88,171,0,171,259
06/25/2004,OSH,WI,AGL,CE,Federal Contract Tower,0,2,16,0,18,0,0,139,0,139,0,2,155,0,157,482,0,482,639
06/26/2004,OSH,WI,AGL,CE,Federal Contract Tower,0,2,11,0,13,0,0,169,0,169,0,2,180,0,182,356,0,356,538
06/27/2004,OSH,WI,AGL,CE,Federal Contract Tower,0,0,16,0,16,0,0,91,0,91,0,0,107,0,107,200,0,200,307
06/28/2004,OSH,WI,AGL,CE,Federal Contract Tower,0,5,20,0,25,0,0,94,0,94,0,5,114,0,119,274,0,274,393
06/29/2004,OSH,WI,AGL,CE,Federal Contract Tower,0,2,18,0,20,0,0,65,0,65,0,2,83,0,85,212,0,212,297
06/30/2004,OSH,WI,AGL,CE,Federal Contract Tower,0,5,20,0,25,0,0,83,2,85,0,5,103,2,110,244,0,244,354
07/01/2004,OSH,WI,AGL,CE,Federal Contract Tower,0,1,17,0,18,0,2,147,0,149,0,3,164,0,167,286,0,286,453
07/02/2004,OSH,WI,AGL,CE,Federal Contract Tower,0,3,32,0,35,0,0,193,0,193,0,3,225,0,228,384,0,384,612
07/03/2004,OSH,WI,AGL,CE,Federal Contract Tower,0,1,12,0,13,0,2,102,0,104,0,3,114,0,117,294,0,294,411
07/04/2004,OSH,WI,AGL,CE,Federal Contract Tower,0,0,6,0,6,0,0,21,0,21,0,0,27,0,27,60,0,60,87
07/05/2004,OSH,WI,AGL,CE,Federal Contract Tower,0,0,37,0,37,0,0,115,0,115,0,0,152,0,152,248,0,248,400
07/06/2004,OSH,WI,AGL,CE,Federal Contract Tower,0,1,15,0,16,0,3,26,0,29,0,4,41,0,45,90,0,90,135
07/07/2004,OSH,WI,AGL,CE,Federal Contract Tower,0,1,24,0,25,0,0,41,0,41,0,1,65,0,66,198,0,198,264
07/08/2004,OSH,WI,AGL,CE,Federal Contract Tower,0,1,17,0,18,0,1,173,0,174,0,2,190,0,192,512,0,512,704
07/09/2004,OSH,WI,AGL,CE,Federal Contract Tower,0,0,19,1,20,0,1,114,4,119,0,1,133,5,139,368,0,368,507
07/10/2004,OSH,WI,AGL,CE,Federal Contract Tower,0,2,28,0,30,0,2,185,0,187,0,4,213,0,217,278,0,278,495
07/11/2004,OSH,WI,AGL,CE,Federal Contract Tower,0,2,30,1,33,0,0,110,2,112,0,2,140,3,145,244,0,244,389
07/12/2004,OSH,WI,AGL,CE,Federal Contract Tower,0,0,23,0,23,0,0,36,0,36,0,0,59,0,59,124,0,124,183
07/13/2004,OSH,WI,AGL,CE,Federal Contract Tower,0,0,19,1,20,0,2,59,3,64,0,2,78,4,84,190,0,190,274
07/14/2004,OSH,WI,AGL,CE,Federal Contract Tower,0,1,21,1,23,0,5,66,3,74,0,6,87,4,97,158,0,158,255
07/15/2004,OSH,WI,AGL,CE,Federal Contract Tower,0,1,24,0,25,0,0,196,0,196,0,1,220,0,221,484,0,484,705
07/16/2004,OSH,WI,AGL,CE,Federal Contract Tower,0,1,20,0,21,0,2,96,0,98,0,3,116,0,119,212,0,212,331
07/17/2004,OSH,WI,AGL,CE,Federal Contract Tower,0,2,27,0,29,0,0,84,0,84,0,2,111,0,113,154,0,154,267
07/18/2004,OSH,WI,AGL,CE,Federal Contract Tower,0,0,18,0,18,0,0,203,0,203,0,0,221,0,221,484,0,484,705
07/19/2004,OSH,WI,AGL,CE,Federal Contract Tower,0,0,16,0,16,0,1,126,0,127,0,1,142,0,143,293,0,293,436
07/20/2004,OSH,WI,AGL,CE,Federal Contract Tower,0,2,28,0,30,0,3,110,0,113,0,5,138,0,143,350,0,350,493
07/21/2004,OSH,WI,AGL,CE,Federal Contract Tower,0,0,7,1,8,0,1,71,3,75,0,1,78,4,83,182,2,184,267
07/22/2004,OSH,WI,AGL,CE,Federal Contract Tower,0,0,18,0,18,0,1,214,0,215,0,1,232,0,233,385,0,385,618
07/23/2004,OSH,WI,AGL,CE,Federal Contract Tower,0,2,37,0,39,0,0,364,0,364,0,2,401,0,403,341,0,341,744
07/24/2004,OSH,WI,AGL,CE,Federal Contract Tower,0,1,21,0,22,0,1,439,1,441,0,2,460,1,463,0,0,0,463
07/25/2004,OSH,WI,AGL,CE,Federal Contract Tower,0,0,51,0,51,0,0,1514,0,1514,0,0,1565,0,1565,0,0,0,1565
07/26/2004,OSH,WI,AGL,CE,Federal Contract Tower,0,0,86,1,87,0,0,1997,2,1999,0,0,2083,3,2086,0,0,0,2086
07/27/2004,OSH,WI,AGL,CE,Federal Contract Tower,0,3,65,0,68,0,2,1633,0,1635,0,5,1698,0,1703,0,0,0,1703
07/28/2004,OSH,WI,AGL,CE,Federal Contract Tower,0,2,98,1,101,0,0,2074,0,2074,0,2,2172,1,2175,0,0,0,2175
07/29/2004,OSH,WI,AGL,CE,Federal Contract Tower,0,0,131,2,133,0,0,2466,0,2466,0,0,2597,2,2599,0,0,0,2599
07/30/2004,OSH,WI,AGL,CE,Federal Contract Tower,0,7,163,3,173,0,0,1196,4,1200,0,7,1359,7,1373,0,0,0,1373
07/31/2004,OSH,WI,AGL,CE,Federal Contract Tower,0,1,107,1,109,0,0,2625,0,2625,0,1,2732,1,2734,0,0,0,2734
08/01/2004,OSH,WI,AGL,CE,Federal Contract Tower,0,4,79,3,86,0,0,2648,0,2648,0,4,2727,3,2734,0,0,0,2734
08/02/2004,OSH,WI,AGL,CE,Federal Contract Tower,0,0,67,3,70,0,0,837,3,840,0,0,904,6,910,0,0,0,910
08/03/2004,OSH,WI,AGL,CE,Federal Contract Tower,0,4,43,2,49,0,0,304,0,304,0,4,347,2,353,122,0,122,475
08/04/2004,OSH,WI,AGL,CE,Federal Contract Tower,0,1,12,1,14,0,0,227,1,228,0,1,239,2,242,238,2,240,482
08/05/2004,OSH,WI,AGL,CE,Federal Contract Tower,0,2,25,2,29,0,8,261,0,269,0,10,286,2,298,540,0,540,838
08/06/2004,OSH,WI,AGL,CE,Federal Contract Tower,0,1,13,0,14,0,0,157,0,157,0,1,170,0,171,269,0,269,440
08/07/2004,OSH,WI,AGL,CE,Federal Contract Tower,0,1,9,0,10,0,3,216,0,219,0,4,225,0,229,187,0,187,416
08/08/2004,OSH,WI,AGL,CE,Federal Contract Tower,0,1,11,0,12,0,3,175,0,178,0,4,186,0,190,210,0,210,400
08/09/2004,OSH,WI,AGL,CE,Federal Contract Tower,0,1,11,0,12,0,4,73,0,77,0,5,84,0,89,60,0,60,149
08/10/2004,OSH,WI,AGL,CE,Federal Contract Tower,0,1,23,0,24,0,0,175,0,175,0,1,198,0,199,496,0,496,695
08/11/2004,OSH,WI,AGL,CE,Federal Contract Tower,0,3,30,2,35,0,2,149,0,151,0,5,179,2,186,269,0,269,455
08/12/2004,OSH,WI,AGL,CE,Federal Contract Tower,0,0,7,0,7,0,0,652,0,652,0,0,659,0,659,495,0,495,1154
08/13/2004,OSH,WI,AGL,CE,Federal Contract Tower,0,2,23,0,25,0,1,230,0,231,0,3,253,0,256,277,0,277,533
08/14/2004,OSH,WI,AGL,CE,Federal Contract Tower,0,2,16,0,18,0,0,199,0,199,0,2,215,0,217,318,0,318,535
08/15/2004,OSH,WI,AGL,CE,Federal Contract Tower,0,0,24,0,24,0,0,130,0,130,0,0,154,0,154,198,0,198,352
08/16/2004,OSH,WI,AGL,CE,Federal Contract Tower,0,1,13,1,15,0,0,52,1,53,0,1,65,2,68,108,0,108,176
08/17/2004,OSH,WI,AGL,CE,Federal Contract Tower,0,3,33,2,38,0,0,76,0,76,0,3,109,2,114,192,0,192,306
08/18/2004,OSH,WI,AGL,CE,Federal Contract Tower,0,2,20,2,24,0,2,73,0,75,0,4,93,2,99,104,0,104,203
08/19/2004,OSH,WI,AGL,CE,Federal Contract Tower,0,2,19,0,21,0,5,191,0,196,0,7,210,0,217,270,0,270,487
08/20/2004,OSH,WI,AGL,CE,Federal Contract Tower,0,2,16,0,18,0,0,184,4,188,0,2,200,4,206,341,2,343,549
08/21/2004,OSH,WI,AGL,CE,Federal Contract Tower,0,2,15,0,17,0,0,196,0,196,0,2,211,0,213,331,0,331,544
08/22/2004,OSH,WI,AGL,CE,Federal Contract Tower,0,0,10,0,10,0,0,81,0,81,0,0,91,0,91,10,0,10,101
08/23/2004,OSH,WI,AGL,CE,Federal Contract Tower,0,1,16,0,17,2,0,85,0,87,2,1,101,0,104,160,0,160,264
08/24/2004,OSH,WI,AGL,CE,Federal Contract Tower,0,0,15,0,15,0,0,2,0,2,0,0,17,0,17,0,0,0,17
08/25/2004,OSH,WI,AGL,CE,Federal Contract Tower,0,2,18,0,20,0,2,34,0,36,0,4,52,0,56,176,0,176,232
08/26/2004,OSH,WI,AGL,CE,Federal Contract Tower,0,2,17,0,19,0,2,78,0,80,0,4,95,0,99,94,0,94,193
08/27/2004,OSH,WI,AGL,CE,Federal Contract Tower,0,3,28,0,31,0,1,147,0,148,0,4,175,0,179,134,0,134,313
08/28/2004,OSH,WI,AGL,CE,Federal Contract Tower,0,2,16,0,18,0,1,90,0,91,0,3,106,0,109,250,0,250,359
08/29/2004,OSH,WI,AGL,CE,Federal Contract Tower,0,2,21,0,23,0,1,153,0,154,0,3,174,0,177,200,0,200,377
08/30/2004,OSH,WI,AGL,CE,Federal Contract Tower,0,1,11,0,12,0,3,101,0,104,0,4,112,0,116,176,0,176,292
08/31/2004,OSH,WI,AGL,CE,Federal Contract Tower,0,1,11,0,12,4,1,158,3,166,4,2,169,3,178,225,2,227,405
09/01/2004,OSH,WI,AGL,CE,Federal Contract Tower,0,0,20,0,20,0,0,131,0,131,0,0,151,0,151,230,2,232,383
09/02/2004,OSH,WI,AGL,CE,Federal Contract Tower,0,3,14,0,17,0,1,154,0,155,0,4,168,0,172,220,0,220,392
09/03/2004,OSH,WI,AGL,CE,Federal Contract Tower,0,2,21,0,23,0,0,177,0,177,0,2,198,0,200,316,0,316,516
09/04/2004,OSH,WI,AGL,CE,Federal Contract Tower,0,2,34,0,36,0,0,64,2,66,0,2,98,2,102,376,0,376,478
09/05/2004,OSH,WI,AGL,CE,Federal Contract Tower,0,0,5,0,5,0,0,65,0,65,0,0,70,0,70,218,0,218,288
09/06/2004,OSH,WI,AGL,CE,Federal Contract Tower,0,2,12,0,14,0,2,22,0,24,0,4,34,0,38,28,0,28,66
09/07/2004,OSH,WI,AGL,CE,Federal Contract Tower,0,2,20,0,22,0,0,97,0,97,0,2,117,0,119,80,0,80,199
09/08/2004,OSH,WI,AGL,CE,Federal Contract Tower,0,2,22,0,24,0,0,125,2,127,0,2,147,2,151,139,0,139,290
09/09/2004,OSH,WI,AGL,CE,Federal Contract Tower,0,5,28,0,33,0,3,118,0,121,0,8,146,0,154,248,0,248,402
09/10/2004,OSH,WI,AGL,CE,Federal Contract Tower,0,0,13,0,13,0,0,141,4,145,0,0,154,4,158,206,0,206,364
09/11/2004,OSH,WI,AGL,CE,Federal Contract Tower,0,1,7,0,8,0,1,151,0,152,0,2,158,0,160,303,0,303,463
09/12/2004,OSH,WI,AGL,CE,Federal Contract Tower,0,0,20,1,21,0,0,151,1,152,0,0,171,2,173,146,0,146,319
09/13/2004,OSH,WI,AGL,CE,Federal Contract Tower,0,0,16,0,16,0,0,68,0,68,0,0,84,0,84,42,0,42,126
09/14/2004,OSH,WI,AGL,CE,Federal Contract Tower,0,1,10,0,11,0,3,64,0,67,0,4,74,0,78,64,0,64,142
09/15/2004,OSH,WI,AGL,CE,Federal Contract Tower,0,0,9,0,9,0,0,9,0,9,0,0,18,0,18,14,0,14,32
09/16/2004,OSH,WI,AGL,CE,Federal Contract Tower,0,2,15,0,17,0,0,156,0,156,0,2,171,0,173,220,0,220,393
09/17/2004,OSH,WI,AGL,CE,Federal Contract Tower,0,2,18,0,20,0,0,168,0,168,0,2,186,0,188,264,0,264,452
09/18/2004,OSH,WI,AGL,CE,Federal Contract Tower,0,2,19,0,21,0,0,159,0,159,0,2,178,0,180,338,0,338,518
09/19/2004,OSH,WI,AGL,CE,Federal Contract Tower,0,0,8,0,8,0,2,142,0,144,0,2,150,0,152,240,0,240,392
09/20/2004,OSH,WI,AGL,CE,Federal Contract Tower,0,2,17,0,19,0,2,122,0,124,0,4,139,0,143,170,0,170,313
09/21/2004,OSH,WI,AGL,CE,Federal Contract Tower,0,0,14,0,14,0,0,106,0,106,0,0,120,0,120,154,0,154,274
09/22/2004,OSH,WI,AGL,CE,Federal Contract Tower,0,2,30,0,32,0,0,160,0,160,0,2,190,0,192,126,0,126,318
09/23/2004,OSH,WI,AGL,CE,Federal Contract Tower,0,0,20,0,20,0,0,102,4,106,0,0,122,4,126,182,0,182,308
09/24/2004,OSH,WI,AGL,CE,Federal Contract Tower,0,1,21,0,22,0,0,69,3,72,0,1,90,3,94,104,0,104,198
09/25/2004,OSH,WI,AGL,CE,Federal Contract Tower,0,2,21,0,23,0,2,116,0,118,0,4,137,0,141,227,0,227,368
09/26/2004,OSH,WI,AGL,CE,Federal Contract Tower,0,0,8,0,8,0,0,160,0,160,0,0,168,0,168,185,0,185,353
09/27/2004,OSH,WI,AGL,CE,Federal Contract Tower,0,0,8,0,8,0,0,105,0,105,0,0,113,0,113,78,0,78,191
09/28/2004,OSH,WI,AGL,CE,Federal Contract Tower,0,0,25,0,25,0,0,85,0,85,0,0,110,0,110,142,0,142,252
09/29/2004,OSH,WI,AGL,CE,Federal Contract Tower,0,0,12,0,12,0,0,169,0,169,0,0,181,0,181,168,0,168,349
09/30/2004,OSH,WI,AGL,CE,Federal Contract Tower,0,2,14,0,16,0,0,150,4,154,0,2,164,4,170,198,2,200,370
10/01/2004,OSH,WI,AGL,CE,Federal Contract Tower,0,1,13,1,15,0,0,53,0,53,0,1,66,1,68,66,2,68,136
10/02/2004,OSH,WI,AGL,CE,Federal Contract Tower,0,1,17,1,19,0,4,137,0,141,0,5,154,1,160,223,0,223,383
10/03/2004,OSH,WI,AGL,CE,Federal Contract Tower,0,0,6,0,6,0,0,103,0,103,0,0,109,0,109,64,0,64,173
10/04/2004,OSH,WI,AGL,CE,Federal Contract Tower,0,3,17,0,20,0,0,106,0,106,0,3,123,0,126,105,0,105,231
10/05/2004,OSH,WI,AGL,CE,Federal Contract Tower,0,3,14,0,17,0,0,103,3,106,0,3,117,3,123,104,0,104,227
10/06/2004,OSH,WI,AGL,CE,Federal Contract Tower,0,0,27,0,27,0,0,147,0,147,0,0,174,0,174,118,0,118,292
10/07/2004,OSH,WI,AGL,CE,Federal Contract Tower,0,1,18,0,19,0,1,113,0,114,0,2,131,0,133,146,0,146,279
10/08/2004,OSH,WI,AGL,CE,Federal Contract Tower,0,0,15,0,15,0,0,15,0,15,0,0,30,0,30,20,0,20,50
10/09/2004,OSH,WI,AGL,CE,Federal Contract Tower,0,0,2,0,2,0,0,213,0,213,0,0,215,0,215,327,0,327,542
10/10/2004,OSH,WI,AGL,CE,Federal Contract Tower,0,0,5,0,5,0,0,217,0,217,0,0,222,0,222,378,0,378,600
10/11/2004,OSH,WI,AGL,CE,Federal Contract Tower,0,0,12,0,12,0,0,91,0,91,0,0,103,0,103,144,0,144,247
10/12/2004,OSH,WI,AGL,CE,Federal Contract Tower,0,2,23,0,25,0,0,108,3,111,0,2,131,3,136,72,0,72,208
10/13/2004,OSH,WI,AGL,CE,Federal Contract Tower,0,0,17,0,17,0,0,143,9,152,0,0,160,9,169,166,2,168,337
10/14/2004,OSH,WI,AGL,CE,Federal Contract Tower,0,0,54,0,54,0,0,63,2,65,0,0,117,2,119,180,0,180,299
10/15/2004,OSH,WI,AGL,CE,Federal Contract Tower,2,0,14,4,20,0,0,4,3,7,2,0,18,7,27,0,4,4,31
10/16/2004,OSH,WI,AGL,CE,Federal Contract Tower,0,2,13,0,15,0,0,22,1,23,0,2,35,1,38,0,0,0,38
10/17/2004,OSH,WI,AGL,CE,Federal Contract Tower,0,0,13,0,13,0,0,103,0,103,0,0,116,0,116,152,0,152,268
10/18/2004,OSH,WI,AGL,CE,Federal Contract Tower,0,2,13,1,16,0,0,51,0,51,0,2,64,1,67,74,0,74,141
10/19/2004,OSH,WI,AGL,CE,Federal Contract Tower,0,0,32,0,32,0,0,40,0,40,0,0,72,0,72,46,0,46,118
10/20/2004,OSH,WI,AGL,CE,Federal Contract Tower,0,2,21,0,23,0,0,80,0,80,0,2,101,0,103,122,0,122,225
10/21/2004,OSH,WI,AGL,CE,Federal Contract Tower,0,0,7,0,7,0,0,81,0,81,0,0,88,0,88,288,0,288,376
10/22/2004,OSH,WI,AGL,CE,Federal Contract Tower,0,2,32,0,34,0,4,44,0,48,0,6,76,0,82,85,0,85,167
10/23/2004,OSH,WI,AGL,CE,Federal Contract Tower,0,6,5,0,11,0,0,11,0,11,0,6,16,0,22,0,0,0,22
10/24/2004,OSH,WI,AGL,CE,Federal Contract Tower,0,2,38,0,40,0,0,108,0,108,0,2,146,0,148,91,0,91,239
10/25/2004,OSH,WI,AGL,CE,Federal Contract Tower,0,0,12,0,12,0,0,117,0,117,0,0,129,0,129,128,0,128,257
10/26/2004,OSH,WI,AGL,CE,Federal Contract Tower,0,1,20,4,25,0,0,95,0,95,0,1,115,4,120,70,0,70,190
10/27/2004,OSH,WI,AGL,CE,Federal Contract Tower,0,0,24,0,24,0,0,0,0,0,0,0,24,0,24,0,0,0,24
10/28/2004,OSH,WI,AGL,CE,Federal Contract Tower,0,3,26,0,29,0,0,5,0,5,0,3,31,0,34,10,0,10,44
10/29/2004,OSH,WI,AGL,CE,Federal Contract Tower,0,4,23,0,27,0,0,4,0,4,0,4,27,0,31,0,0,0,31
10/30/2004,OSH,WI,AGL,CE,Federal Contract Tower,0,2,6,0,8,0,0,14,0,14,0,2,20,0,22,30,0,30,52
10/31/2004,OSH,WI,AGL,CE,Federal Contract Tower,0,0,16,0,16,0,0,82,0,82,0,0,98,0,98,52,0,52,150
11/01/2004,OSH,WI,AGL,CE,Federal Contract Tower,0,2,15,0,17,0,0,36,0,36,0,2,51,0,53,71,0,71,124
11/02/2004,OSH,WI,AGL,CE,Federal Contract Tower,0,0,15,0,15,0,0,35,0,35,0,0,50,0,50,61,0,61,111
11/03/2004,OSH,WI,AGL,CE,Federal Contract Tower,0,2,45,1,48,0,0,74,5,79,0,2,119,6,127,129,2,131,258
11/04/2004,OSH,WI,AGL,CE,Federal Contract Tower,0,2,25,2,29,0,0,56,1,57,0,2,81,3,86,48,0,48,134
11/05/2004,OSH,WI,AGL,CE,Federal Contract Tower,0,0,20,0,20,0,0,107,0,107,0,0,127,0,127,84,0,84,211
11/06/2004,OSH,WI,AGL,CE,Federal Contract Tower,0,2,20,0,22,0,0,174,0,174,0,2,194,0,196,156,0,156,352
11/07/2004,OSH,WI,AGL,CE,Federal Contract Tower,0,0,8,0,8,0,0,69,0,69,0,0,77,0,77,20,0,20,97
11/08/2004,OSH,WI,AGL,CE,Federal Contract Tower,0,1,7,0,8,0,0,106,0,106,0,1,113,0,114,54,0,54,168
11/09/2004,OSH,WI,AGL,CE,Federal Contract Tower,0,0,14,0,14,0,0,87,0,87,0,0,101,0,101,71,0,71,172
11/10/2004,OSH,WI,AGL,CE,Federal Contract Tower,0,2,7,0,9,0,0,57,0,57,0,2,64,0,66,42,0,42,108
11/11/2004,OSH,WI,AGL,CE,Federal Contract Tower,0,0,14,0,14,0,0,97,0,97,0,0,111,0,111,96,0,96,207
11/12/2004,OSH,WI,AGL,CE,Federal Contract Tower,0,0,4,0,4,0,0,106,0,106,0,0,110,0,110,130,0,130,240
11/13/2004,OSH,WI,AGL,CE,Federal Contract Tower,0,2,13,0,15,0,0,264,0,264,0,2,277,0,279,116,0,116,395
11/14/2004,OSH,WI,AGL,CE,Federal Contract Tower,0,0,12,0,12,0,0,111,0,111,0,0,123,0,123,26,0,26,149
11/15/2004,OSH,WI,AGL,CE,Federal Contract Tower,0,0,4,0,4,0,0,35,0,35,0,0,39,0,39,54,0,54,93
11/16/2004,OSH,WI,AGL,CE,Federal Contract Tower,0,5,12,2,19,0,0,0,0,0,0,5,12,2,19,0,0,0,19
11/17/2004,OSH,WI,AGL,CE,Federal Contract Tower,0,2,13,0,15,0,0,20,0,20,0,2,33,0,35,122,0,122,157
11/18/2004,OSH,WI,AGL,CE,Federal Contract Tower,0,2,16,0,18,0,0,24,0,24,0,2,40,0,42,14,0,14,56
11/19/2004,OSH,WI,AGL,CE,Federal Contract Tower,0,0,11,0,11,0,0,1,0,1,0,0,12,0,12,0,0,0,12
11/20/2004,OSH,WI,AGL,CE,Federal Contract Tower,0,5,9,0,14,0,0,7,0,7,0,5,16,0,21,16,0,16,37
11/21/2004,OSH,WI,AGL,CE,Federal Contract Tower,0,1,9,0,10,0,0,96,0,96,0,1,105,0,106,64,0,64,170
11/22/2004,OSH,WI,AGL,CE,Federal Contract Tower,0,4,8,0,12,0,0,94,0,94,0,4,102,0,106,134,0,134,240
11/23/2004,OSH,WI,AGL,CE,Federal Contract Tower,0,0,6,0,6,0,0,55,0,55,0,0,61,0,61,22,0,22,83
11/24/2004,OSH,WI,AGL,CE,Federal Contract Tower,0,0,5,0,5,0,0,80,0,80,0,0,85,0,85,54,0,54,139
11/25/2004,OSH,WI,AGL,CE,Federal Contract Tower,0,1,3,0,4,0,0,40,0,40,0,1,43,0,44,0,0,0,44
11/26/2004,OSH,WI,AGL,CE,Federal Contract Tower,0,7,3,0,10,0,0,50,0,50,0,7,53,0,60,38,0,38,98
11/27/2004,OSH,WI,AGL,CE,Federal Contract Tower,0,2,0,0,2,0,0,0,0,0,0,2,0,0,2,0,0,0,2
11/28/2004,OSH,WI,AGL,CE,Federal Contract Tower,0,0,9,0,9,0,0,69,0,69,0,0,78,0,78,72,0,72,150
11/29/2004,OSH,WI,AGL,CE,Federal Contract Tower,0,2,6,0,8,0,0,91,0,91,0,2,97,0,99,79,0,79,178
11/30/2004,OSH,WI,AGL,CE,Federal Contract Tower,0,4,6,2,12,0,1,89,0,90,0,5,95,2,102,96,0,96,198
12/01/2004,OSH,WI,AGL,CE,Federal Contract Tower,0,2,8,0,10,0,0,104,0,104,0,2,112,0,114,84,0,84,198
12/02/2004,OSH,WI,AGL,CE,Federal Contract Tower,0,1,14,0,15,0,0,48,0,48,0,1,62,0,63,92,0,92,155
12/03/2004,OSH,WI,AGL,CE,Federal Contract Tower,0,1,13,0,14,0,0,72,0,72,0,1,85,0,86,168,0,168,254
12/04/2004,OSH,WI,AGL,CE,Federal Contract Tower,0,2,2,0,4,0,0,94,0,94,0,2,96,0,98,150,0,150,248
12/05/2004,OSH,WI,AGL,CE,Federal Contract Tower,0,0,13,0,13,0,0,79,0,79,0,0,92,0,92,120,0,120,212
12/06/2004,OSH,WI,AGL,CE,Federal Contract Tower,0,4,4,0,8,0,0,0,0,0,0,4,4,0,8,0,0,0,8
12/07/2004,OSH,WI,AGL,CE,Federal Contract Tower,0,6,8,2,16,0,0,0,0,0,0,6,8,2,16,0,0,0,16
12/08/2004,OSH,WI,AGL,CE,Federal Contract Tower,0,7,22,0,29,0,0,33,0,33,0,7,55,0,62,128,0,128,190
12/09/2004,OSH,WI,AGL,CE,Federal Contract Tower,0,5,21,0,26,0,0,4,0,4,0,5,25,0,30,6,0,6,36
12/10/2004,OSH,WI,AGL,CE,Federal Contract Tower,0,1,11,0,12,0,0,1,0,1,0,1,12,0,13,8,0,8,21
12/11/2004,OSH,WI,AGL,CE,Federal Contract Tower,0,2,5,0,7,0,0,83,0,83,0,2,88,0,90,262,0,262,352
12/12/2004,OSH,WI,AGL,CE,Federal Contract Tower,0,0,3,0,3,0,0,6,0,6,0,0,9,0,9,0,0,0,9
12/13/2004,OSH,WI,AGL,CE,Federal Contract Tower,0,1,5,0,6,0,0,26,0,26,0,1,31,0,32,38,0,38,70
12/14/2004,OSH,WI,AGL,CE,Federal Contract Tower,0,0,25,0,25,0,0,106,0,106,0,0,131,0,131,130,0,130,261
12/15/2004,OSH,WI,AGL,CE,Federal Contract Tower,0,0,7,0,7,0,0,130,0,130,0,0,137,0,137,102,0,102,239
12/16/2004,OSH,WI,AGL,CE,Federal Contract Tower,0,0,11,0,11,0,0,59,0,59,0,0,70,0,70,98,0,98,168
12/17/2004,OSH,WI,AGL,CE,Federal Contract Tower,0,3,12,0,15,0,0,174,0,174,0,3,186,0,189,226,0,226,415
12/18/2004,OSH,WI,AGL,CE,Federal Contract Tower,0,2,13,0,15,0,0,33,0,33,0,2,46,0,48,14,0,14,62
12/19/2004,OSH,WI,AGL,CE,Federal Contract Tower,0,0,4,0,4,0,0,39,0,39,0,0,43,0,43,22,0,22,65
12/20/2004,OSH,WI,AGL,CE,Federal Contract Tower,0,0,1,0,1,0,0,1,0,1,0,0,2,0,2,0,0,0,2
12/21/2004,OSH,WI,AGL,CE,Federal Contract Tower,0,0,11,0,11,0,0,5,0,5,0,0,16,0,16,0,0,0,16
12/22/2004,OSH,WI,AGL,CE,Federal Contract Tower,0,0,9,0,9,0,0,56,0,56,0,0,65,0,65,36,0,36,101
12/23/2004,OSH,WI,AGL,CE,Federal Contract Tower,0,1,5,0,6,0,0,28,2,30,0,1,33,2,36,25,0,25,61
12/24/2004,OSH,WI,AGL,CE,Federal Contract Tower,0,0,7,0,7,0,0,6,0,6,0,0,13,0,13,1,0,1,14
12/25/2004,OSH,WI,AGL,CE,Federal Contract Tower,0,0,2,0,2,0,0,0,0,0,0,0,2,0,2,0,0,0,2
12/26/2004,OSH,WI,AGL,CE,Federal Contract Tower,0,0,7,0,7,0,0,20,0,20,0,0,27,0,27,2,0,2,29
12/27/2004,OSH,WI,AGL,CE,Federal Contract Tower,0,0,5,0,5,0,0,38,0,38,0,0,43,0,43,49,0,49,92
12/28/2004,OSH,WI,AGL,CE,Federal Contract Tower,0,0,7,0,7,0,0,45,0,45,0,0,52,0,52,60,0,60,112
12/29/2004,OSH,WI,AGL,CE,Federal Contract Tower,0,0,10,0,10,0,0,26,0,26,0,0,36,0,36,30,0,30,66
12/30/2004,OSH,WI,AGL,CE,Federal Contract Tower,0,0,12,0,12,0,0,0,0,0,0,0,12,0,12,0,0,0,12
12/31/2004,OSH,WI,AGL,CE,Federal Contract Tower,0,0,7,0,7,0,0,35,0,35,0,0,42,0,42,4,0,4,46
01/01/2005,OSH,WI,AGL,CE,Federal Contract Tower,0,0,4,0,4,0,0,31,0,31,0,0,35,0,35,22,0,22,57
01/02/2005,OSH,WI,AGL,CE,Federal Contract Tower,0,0,10,0,10,0,0,0,0,0,0,0,10,0,10,0,0,0,10
01/03/2005,OSH,WI,AGL,CE,Federal Contract Tower,0,0,4,0,4,0,0,36,0,36,0,0,40,0,40,44,0,44,84
01/04/2005,OSH,WI,AGL,CE,Federal Contract Tower,0,0,4,0,4,0,2,23,0,25,0,2,27,0,29,89,0,89,118
01/05/2005,OSH,WI,AGL,CE,Federal Contract Tower,0,0,10,0,10,0,0,9,0,9,0,0,19,0,19,0,0,0,19
01/06/2005,OSH,WI,AGL,CE,Federal Contract Tower,0,0,10,0,10,0,0,8,0,8,0,0,18,0,18,4,0,4,22
01/07/2005,OSH,WI,AGL,CE,Federal Contract Tower,0,0,12,0,12,0,0,34,0,34,0,0,46,0,46,40,2,42,88
01/08/2005,OSH,WI,AGL,CE,Federal Contract Tower,0,2,5,0,7,0,0,26,0,26,0,2,31,0,33,18,0,18,51
01/09/2005,OSH,WI,AGL,CE,Federal Contract Tower,0,0,7,0,7,0,0,0,0,0,0,0,7,0,7,0,0,0,7
01/10/2005,OSH,WI,AGL,CE,Federal Contract Tower,0,0,10,0,10,0,0,112,0,112,0,0,122,0,122,130,0,130,252
01/11/2005,OSH,WI,AGL,CE,Federal Contract Tower,0,0,3,0,3,0,0,9,0,9,0,0,12,0,12,8,0,8,20
01/12/2005,OSH,WI,AGL,CE,Federal Contract Tower,0,3,3,0,6,0,0,0,0,0,0,3,3,0,6,0,0,0,6
01/13/2005,OSH,WI,AGL,CE,Federal Contract Tower,0,1,12,0,13,0,0,25,0,25,0,1,37,0,38,30,0,30,68
01/14/2005,OSH,WI,AGL,CE,Federal Contract Tower,0,2,17,0,19,0,0,26,0,26,0,2,43,0,45,14,0,14,59
01/15/2005,OSH,WI,AGL,CE,Federal Contract Tower,0,2,8,0,10,0,0,51,0,51,0,2,59,0,61,12,0,12,73
01/16/2005,OSH,WI,AGL,CE,Federal Contract Tower,0,0,7,0,7,0,0,40,0,40,0,0,47,0,47,14,0,14,61
01/17/2005,OSH,WI,AGL,CE,Federal Contract Tower,0,0,10,0,10,0,0,37,0,37,0,0,47,0,47,46,0,46,93
01/18/2005,OSH,WI,AGL,CE,Federal Contract Tower,0,2,4,0,6,0,0,36,0,36,0,2,40,0,42,34,0,34,76
01/19/2005,OSH,WI,AGL,CE,Federal Contract Tower,0,3,5,2,10,0,10,35,0,45,0,13,40,2,55,12,0,12,67
01/20/2005,OSH,WI,AGL,CE,Federal Contract Tower,0,6,13,0,19,0,0,0,0,0,0,6,13,0,19,0,0,0,19
01/21/2005,OSH,WI,AGL,CE,Federal Contract Tower,0,4,17,0,21,0,0,66,1,67,0,4,83,1,88,60,0,60,148
01/22/2005,OSH,WI,AGL,CE,Federal Contract Tower,0,2,0,0,2,0,0,1,0,1,0,2,1,0,3,0,0,0,3
01/23/2005,OSH,WI,AGL,CE,Federal Contract Tower,0,0,4,0,4,0,0,47,0,47,0,0,51,0,51,20,0,20,71
01/24/2005,OSH,WI,AGL,CE,Federal Contract Tower,0,2,26,0,28,0,0,161,0,161,0,2,187,0,189,143,0,143,332
01/25/2005,OSH,WI,AGL,CE,Federal Contract Tower,0,0,13,0,13,0,0,122,0,122,0,0,135,0,135,114,0,114,249
01/26/2005,OSH,WI,AGL,CE,Federal Contract Tower,0,0,9,0,9,0,0,72,0,72,0,0,81,0,81,44,0,44,125
01/27/2005,OSH,WI,AGL,CE,Federal Contract Tower,0,2,18,0,20,0,0,108,0,108,0,2,126,0,128,134,0,134,262
01/28/2005,OSH,WI,AGL,CE,Federal Contract Tower,0,0,20,0,20,0,0,131,0,131,0,0,151,0,151,73,0,73,224
01/29/2005,OSH,WI,AGL,CE,Federal Contract Tower,0,2,6,4,12,0,0,105,0,105,0,2,111,4,117,162,0,162,279
01/30/2005,OSH,WI,AGL,CE,Federal Contract Tower,0,0,4,0,4,0,0,39,0,39,0,0,43,0,43,71,0,71,114
01/31/2005,OSH,WI,AGL,CE,Federal Contract Tower,0,1,11,4,16,0,0,48,0,48,0,1,59,4,64,56,0,56,120
02/01/2005,OSH,WI,AGL,CE,Federal Contract Tower,0,3,16,0,19,0,0,23,0,23,0,3,39,0,42,56,0,56,98
02/02/2005,OSH,WI,AGL,CE,Federal Contract Tower,0,1,16,0,17,0,0,7,2,9,0,1,23,2,26,0,0,0,26
02/03/2005,OSH,WI,AGL,CE,Federal Contract Tower,0,1,13,0,14,0,1,109,0,110,0,2,122,0,124,137,0,137,261
02/04/2005,OSH,WI,AGL,CE,Federal Contract Tower,0,3,17,0,20,0,0,147,0,147,0,3,164,0,167,226,0,226,393
02/05/2005,OSH,WI,AGL,CE,Federal Contract Tower,0,2,12,0,14,0,0,144,0,144,0,2,156,0,158,213,0,213,371
02/06/2005,OSH,WI,AGL,CE,Federal Contract Tower,0,0,15,0,15,0,0,49,0,49,0,0,64,0,64,70,0,70,134
02/07/2005,OSH,WI,AGL,CE,Federal Contract Tower,0,1,5,0,6,0,0,0,0,0,0,1,5,0,6,0,0,0,6
02/08/2005,OSH,WI,AGL,CE,Federal Contract Tower,0,5,7,0,12,0,0,58,2,60,0,5,65,2,72,114,2,116,188
02/09/2005,OSH,WI,AGL,CE,Federal Contract Tower,0,1,16,1,18,0,0,62,0,62,0,1,78,1,80,66,0,66,146
02/10/2005,OSH,WI,AGL,CE,Federal Contract Tower,0,1,11,0,12,0,0,118,0,118,0,1,129,0,130,124,0,124,254
02/11/2005,OSH,WI,AGL,CE,Federal Contract Tower,0,3,5,1,9,0,0,106,0,106,0,3,111,1,115,132,0,132,247
02/12/2005,OSH,WI,AGL,CE,Federal Contract Tower,0,2,14,0,16,0,0,207,0,207,0,2,221,0,223,100,0,100,323
02/13/2005,OSH,WI,AGL,CE,Federal Contract Tower,0,0,4,0,4,0,0,29,0,29,0,0,33,0,33,46,0,46,79
02/14/2005,OSH,WI,AGL,CE,Federal Contract Tower,0,1,12,0,13,0,0,0,0,0,0,1,12,0,13,0,0,0,13
02/15/2005,OSH,WI,AGL,CE,Federal Contract Tower,0,0,10,0,10,0,0,73,0,73,0,0,83,0,83,125,0,125,208
02/16/2005,OSH,WI,AGL,CE,Federal Contract Tower,0,1,18,0,19,0,0,98,2,100,0,1,116,2,119,86,2,88,207
02/17/2005,OSH,WI,AGL,CE,Federal Contract Tower,0,2,10,0,12,0,0,52,2,54,0,2,62,2,66,46,2,48,114
02/18/2005,OSH,WI,AGL,CE,Federal Contract Tower,0,0,7,0,7,0,0,108,0,108,0,0,115,0,115,76,0,76,191
02/19/2005,OSH,WI,AGL,CE,Federal Contract Tower,0,2,9,0,11,0,0,167,0,167,0,2,176,0,178,144,0,144,322
02/20/2005,OSH,WI,AGL,CE,Federal Contract Tower,0,0,3,0,3,0,0,0,0,0,0,0,3,0,3,0,0,0,3
02/21/2005,OSH,WI,AGL,CE,Federal Contract Tower,0,2,8,0,10,0,0,144,0,144,0,2,152,0,154,110,0,110,264
02/22/2005,OSH,WI,AGL,CE,Federal Contract Tower,0,1,7,0,8,0,0,83,0,83,0,1,90,0,91,86,0,86,177
02/23/2005,OSH,WI,AGL,CE,Federal Contract Tower,0,1,10,0,11,0,0,116,0,116,0,1,126,0,127,52,0,52,179
02/24/2005,OSH,WI,AGL,CE,Federal Contract Tower,0,1,9,0,10,0,0,84,0,84,0,1,93,0,94,116,0,116,210
02/25/2005,OSH,WI,AGL,CE,Federal Contract Tower,0,1,10,0,11,0,0,14,0,14,0,1,24,0,25,34,0,34,59
02/26/2005,OSH,WI,AGL,CE,Federal Contract Tower,0,2,12,0,14,0,0,157,0,157,0,2,169,0,171,96,0,96,267
02/27/2005,OSH,WI,AGL,CE,Federal Contract Tower,0,0,5,0,5,0,0,17,0,17,0,0,22,0,22,6,0,6,28
02/28/2005,OSH,WI,AGL,CE,Federal Contract Tower,0,0,4,0,4,0,0,1,0,1,0,0,5,0,5,0,0,0,5
03/01/2005,OSH,WI,AGL,CE,Federal Contract Tower,0,3,10,0,13,0,1,71,0,72,0,4,81,0,85,70,0,70,155
03/02/2005,OSH,WI,AGL,CE,Federal Contract Tower,0,1,11,2,14,0,0,94,0,94,0,1,105,2,108,87,0,87,195
03/03/2005,OSH,WI,AGL,CE,Federal Contract Tower,0,1,13,0,14,0,0,117,0,117,0,1,130,0,131,108,0,108,239
03/04/2005,OSH,WI,AGL,CE,Federal Contract Tower,0,1,10,0,11,0,0,3,0,3,0,1,13,0,14,0,0,0,14
03/05/2005,OSH,WI,AGL,CE,Federal Contract Tower,0,2,17,0,19,0,1,138,0,139,0,3,155,0,158,98,0,98,256
03/06/2005,OSH,WI,AGL,CE,Federal Contract Tower,0,0,4,0,4,0,0,135,0,135,0,0,139,0,139,126,0,126,265
03/07/2005,OSH,WI,AGL,CE,Federal Contract Tower,0,3,11,0,14,0,1,15,0,16,0,4,26,0,30,10,0,10,40
03/08/2005,OSH,WI,AGL,CE,Federal Contract Tower,0,1,5,0,6,0,2,103,0,105,0,3,108,0,111,96,0,96,207
03/09/2005,OSH,WI,AGL,CE,Federal Contract Tower,0,3,5,2,10,0,0,109,0,109,0,3,114,2,119,113,0,113,232
03/10/2005,OSH,WI,AGL,CE,Federal Contract Tower,0,1,4,0,5,0,0,0,0,0,0,1,4,0,5,0,0,0,5
03/11/2005,OSH,WI,AGL,CE,Federal Contract Tower,0,1,11,0,12,0,0,40,0,40,0,1,51,0,52,56,0,56,108
03/12/2005,OSH,WI,AGL,CE,Federal Contract Tower,0,2,14,0,16,0,0,102,0,102,0,2,116,0,118,56,0,56,174
03/13/2005,OSH,WI,AGL,CE,Federal Contract Tower,0,0,11,0,11,0,0,120,8,128,0,0,131,8,139,118,0,118,257
03/14/2005,OSH,WI,AGL,CE,Federal Contract Tower,0,1,2,4,7,0,1,73,4,78,0,2,75,8,85,44,22,66,151
03/15/2005,OSH,WI,AGL,CE,Federal Contract Tower,0,1,6,2,9,0,0,71,0,71,0,1,77,2,80,97,0,97,177
03/16/2005,OSH,WI,AGL,CE,Federal Contract Tower,0,3,17,0,20,0,0,40,0,40,0,3,57,0,60,24,0,24,84
03/17/2005,OSH,WI,AGL,CE,Federal Contract Tower,0,1,15,1,17,0,0,31,0,31,0,1,46,1,48,32,14,46,94
03/18/2005,OSH,WI,AGL,CE,Federal Contract Tower,0,0,6,0,6,0,0,5,0,5,0,0,11,0,11,4,0,4,15
03/19/2005,OSH,WI,AGL,CE,Federal Contract Tower,0,2,0,0,2,0,0,0,0,0,0,2,0,0,2,0,0,0,2
03/20/2005,OSH,WI,AGL,CE,Federal Contract Tower,0,0,10,0,10,0,0,89,0,89,0,0,99,0,99,21,0,21,120
03/21/2005,OSH,WI,AGL,CE,Federal Contract Tower,0,1,13,0,14,0,0,95,0,95,0,1,108,0,109,104,0,104,213
03/22/2005,OSH,WI,AGL,CE,Federal Contract Tower,0,0,3,0,3,0,1,87,0,88,0,1,90,0,91,97,0,97,188
03/23/2005,OSH,WI,AGL,CE,Federal Contract Tower,0,6,7,11,24,0,0,77,0,77,0,6,84,11,101,34,28,62,163
03/24/2005,OSH,WI,AGL,CE,Federal Contract Tower,0,3,11,0,14,0,0,65,0,65,0,3,76,0,79,64,0,64,143
03/25/2005,OSH,WI,AGL,CE,Federal Contract Tower,0,3,15,0,18,0,0,130,0,130,0,3,145,0,148,124,0,124,272
03/26/2005,OSH,WI,AGL,CE,Federal Contract Tower,0,1,7,0,8,0,0,200,0,200,0,1,207,0,208,134,0,134,342
03/27/2005,OSH,WI,AGL,CE,Federal Contract Tower,0,0,4,0,4,0,0,81,0,81,0,0,85,0,85,28,0,28,113
03/28/2005,OSH,WI,AGL,CE,Federal Contract Tower,0,4,9,4,17,0,0,128,2,130,0,4,137,6,147,134,6,140,287
03/29/2005,OSH,WI,AGL,CE,Federal Contract Tower,0,4,17,7,28,0,0,100,0,100,0,4,117,7,128,150,17,167,295
03/30/2005,OSH,WI,AGL,CE,Federal Contract Tower,0,1,12,8,21,0,0,50,0,50,0,1,62,8,71,0,0,0,71
03/31/2005,OSH,WI,AGL,CE,Federal Contract Tower,0,4,33,0,37,0,0,7,0,7,0,4,40,0,44,32,0,32,76
04/01/2005,OSH,WI,AGL,CE,Federal Contract Tower,0,2,15,0,17,0,0,139,0,139,0,2,154,0,156,102,0,102,258
04/02/2005,OSH,WI,AGL,CE,Federal Contract Tower,0,3,5,0,8,0,0,205,2,207,0,3,210,2,215,150,0,150,365
04/03/2005,OSH,WI,AGL,CE,Federal Contract Tower,0,4,13,0,17,0,0,156,0,156,0,4,169,0,173,62,0,62,235
04/04/2005,OSH,WI,AGL,CE,Federal Contract Tower,0,3,16,0,19,0,0,94,0,94,0,3,110,0,113,132,0,132,245
04/05/2005,OSH,WI,AGL,CE,Federal Contract Tower,0,2,6,0,8,0,0,76,2,78,0,2,82,2,86,99,0,99,185
04/06/2005,OSH,WI,AGL,CE,Federal Contract Tower,0,1,14,0,15,0,0,42,6,48,0,1,56,6,63,82,0,82,145
04/07/2005,OSH,WI,AGL,CE,Federal Contract Tower,0,5,16,0,21,0,0,125,6,131,0,5,141,6,152,170,0,170,322
04/08/2005,OSH,WI,AGL,CE,Federal Contract Tower,0,1,12,2,15,0,0,142,0,142,0,1,154,2,157,156,0,156,313
04/09/2005,OSH,WI,AGL,CE,Federal Contract Tower,0,1,6,0,7,0,1,191,0,192,0,2,197,0,199,138,0,138,337
04/10/2005,OSH,WI,AGL,CE,Federal Contract Tower,0,2,7,0,9,0,0,131,0,131,0,2,138,0,140,44,0,44,184
04/11/2005,OSH,WI,AGL,CE,Federal Contract Tower,0,1,12,0,13,0,0,99,0,99,0,1,111,0,112,75,0,75,187
04/12/2005,OSH,WI,AGL,CE,Federal Contract Tower,0,1,23,0,24,0,0,63,0,63,0,1,86,0,87,57,0,57,144
04/13/2005,OSH,WI,AGL,CE,Federal Contract Tower,0,1,22,0,23,0,0,83,2,85,0,1,105,2,108,37,0,37,145
04/14/2005,OSH,WI,AGL,CE,Federal Contract Tower,0,2,20,0,22,0,0,142,0,142,0,2,162,0,164,150,0,150,314
04/15/2005,OSH,WI,AGL,CE,Federal Contract Tower,0,5,8,0,13,0,0,168,2,170,0,5,176,2,183,88,0,88,271
04/16/2005,OSH,WI,AGL,CE,Federal Contract Tower,0,1,5,0,6,0,1,93,0,94,0,2,98,0,100,114,0,114,214
04/17/2005,OSH,WI,AGL,CE,Federal Contract Tower,0,1,18,0,19,0,0,121,0,121,0,1,139,0,140,38,0,38,178
04/18/2005,OSH,WI,AGL,CE,Federal Contract Tower,0,2,9,0,11,0,1,127,0,128,0,3,136,0,139,113,0,113,252
04/19/2005,OSH,WI,AGL,CE,Federal Contract Tower,0,1,5,0,6,0,0,122,0,122,0,1,127,0,128,81,0,81,209
04/20/2005,OSH,WI,AGL,CE,Federal Contract Tower,0,1,58,6,65,0,0,4,0,4,0,1,62,6,69,0,10,10,79
04/21/2005,OSH,WI,AGL,CE,Federal Contract Tower,0,2,31,4,37,0,0,151,0,151,0,2,182,4,188,118,0,118,306
04/22/2005,OSH,WI,AGL,CE,Federal Contract Tower,0,1,33,6,40,0,0,69,0,69,0,1,102,6,109,74,0,74,183
04/23/2005,OSH,WI,AGL,CE,Federal Contract Tower,0,2,1,0,3,0,0,40,0,40,0,2,41,0,43,34,0,34,77
04/24/2005,OSH,WI,AGL,CE,Federal Contract Tower,0,0,10,0,10,0,0,29,0,29,0,0,39,0,39,4,0,4,43
04/25/2005,OSH,WI,AGL,CE,Federal Contract Tower,0,2,7,0,9,0,1,67,0,68,0,3,74,0,77,41,0,41,118
04/26/2005,OSH,WI,AGL,CE,Federal Contract Tower,0,2,10,0,12,0,0,28,0,28,0,2,38,0,40,16,0,16,56
04/27/2005,OSH,WI,AGL,CE,Federal Contract Tower,0,5,28,0,33,0,0,53,0,53,0,5,81,0,86,22,0,22,108
04/28/2005,OSH,WI,AGL,CE,Federal Contract Tower,0,1,31,0,32,0,1,111,0,112,0,2,142,0,144,197,0,197,341
04/29/2005,OSH,WI,AGL,CE,Federal Contract Tower,0,1,23,0,24,0,0,130,0,130,0,1,153,0,154,172,0,172,326
04/30/2005,OSH,WI,AGL,CE,Federal Contract Tower,0,2,14,0,16,0,0,88,0,88,0,2,102,0,104,290,0,290,394
05/01/2005,OSH,WI,AGL,CE,Federal Contract Tower,0,0,7,0,7,0,2,34,0,36,0,2,41,0,43,2,0,2,45
05/02/2005,OSH,WI,AGL,CE,Federal Contract Tower,0,2,28,0,30,0,0,59,0,59,0,2,87,0,89,30,0,30,119
05/03/2005,OSH,WI,AGL,CE,Federal Contract Tower,0,1,12,0,13,0,0,112,0,112,0,1,124,0,125,184,0,184,309
05/04/2005,OSH,WI,AGL,CE,Federal Contract Tower,0,1,35,2,38,0,0,94,0,94,0,1,129,2,132,68,0,68,200
05/05/2005,OSH,WI,AGL,CE,Federal Contract Tower,0,1,18,0,19,0,0,103,2,105,0,1,121,2,124,114,0,114,238
05/06/2005,OSH,WI,AGL,CE,Federal Contract Tower,0,3,22,0,25,0,0,76,0,76,0,3,98,0,101,114,0,114,215
05/07/2005,OSH,WI,AGL,CE,Federal Contract Tower,0,3,8,0,11,0,0,119,0,119,0,3,127,0,130,192,0,192,322
05/08/2005,OSH,WI,AGL,CE,Federal Contract Tower,0,0,4,0,4,0,0,82,0,82,0,0,86,0,86,126,0,126,212
05/09/2005,OSH,WI,AGL,CE,Federal Contract Tower,0,2,12,0,14,0,0,24,0,24,0,2,36,0,38,0,0,0,38
05/10/2005,OSH,WI,AGL,CE,Federal Contract Tower,0,1,20,0,21,0,0,66,0,66,0,1,86,0,87,120,0,120,207
05/11/2005,OSH,WI,AGL,CE,Federal Contract Tower,0,11,44,0,55,0,0,63,0,63,0,11,107,0,118,87,0,87,205
05/12/2005,OSH,WI,AGL,CE,Federal Contract Tower,0,10,15,0,25,0,0,70,0,70,0,10,85,0,95,157,0,157,252
05/13/2005,OSH,WI,AGL,CE,Federal Contract Tower,0,6,26,0,32,0,0,30,0,30,0,6,56,0,62,94,0,94,156
05/14/2005,OSH,WI,AGL,CE,Federal Contract Tower,0,4,11,0,15,0,0,92,0,92,0,4,103,0,107,142,0,142,249
05/15/2005,OSH,WI,AGL,CE,Federal Contract Tower,0,3,17,0,20,0,0,71,0,71,0,3,88,0,91,78,0,78,169
05/16/2005,OSH,WI,AGL,CE,Federal Contract Tower,0,5,9,0,14,0,0,169,0,169,0,5,178,0,183,174,0,174,357
05/17/2005,OSH,WI,AGL,CE,Federal Contract Tower,0,7,15,0,22,0,0,127,0,127,0,7,142,0,149,104,0,104,253
05/18/2005,OSH,WI,AGL,CE,Federal Contract Tower,0,5,10,9,24,0,1,105,0,106,0,6,115,9,130,137,25,162,292
05/19/2005,OSH,WI,AGL,CE,Federal Contract Tower,0,1,15,0,16,0,0,0,0,0,0,1,15,0,16,10,0,10,26
05/20/2005,OSH,WI,AGL,CE,Federal Contract Tower,0,3,9,1,13,0,0,187,0,187,0,3,196,1,200,408,0,408,608
05/21/2005,OSH,WI,AGL,CE,Federal Contract Tower,0,2,10,0,12,0,0,163,0,163,0,2,173,0,175,300,0,300,475
05/22/2005,OSH,WI,AGL,CE,Federal Contract Tower,0,0,7,0,7,0,0,100,0,100,0,0,107,0,107,118,0,118,225
05/23/2005,OSH,WI,AGL,CE,Federal Contract Tower,0,3,18,0,21,0,0,90,0,90,0,3,108,0,111,121,0,121,232
05/24/2005,OSH,WI,AGL,CE,Federal Contract Tower,0,3,15,0,18,0,0,213,0,213,0,3,228,0,231,358,0,358,589
05/25/2005,OSH,WI,AGL,CE,Federal Contract Tower,0,4,14,0,18,0,0,145,2,147,0,4,159,2,165,232,0,232,397
05/26/2005,OSH,WI,AGL,CE,Federal Contract Tower,0,6,11,0,17,0,0,92,0,92,0,6,103,0,109,339,0,339,448
05/27/2005,OSH,WI,AGL,CE,Federal Contract Tower,0,7,15,0,22,0,0,123,0,123,0,7,138,0,145,170,0,170,315
05/28/2005,OSH,WI,AGL,CE,Federal Contract Tower,0,2,9,0,11,0,0,141,0,141,0,2,150,0,152,308,0,308,460
05/29/2005,OSH,WI,AGL,CE,Federal Contract Tower,0,0,5,0,5,0,0,123,0,123,0,0,128,0,128,118,0,118,246
05/30/2005,OSH,WI,AGL,CE,Federal Contract Tower,0,1,22,0,23,0,0,182,0,182,0,1,204,0,205,268,0,268,473
05/31/2005,OSH,WI,AGL,CE,Federal Contract Tower,0,1,7,1,9,0,0,130,0,130,0,1,137,1,139,158,0,158,297
06/01/2005,OSH,WI,AGL,CE,Federal Contract Tower,0,3,11,0,14,0,0,95,0,95,0,3,106,0,109,168,0,168,277
06/02/2005,OSH,WI,AGL,CE,Federal Contract Tower,0,0,11,0,11,0,0,92,0,92,0,0,103,0,103,243,0,243,346
06/03/2005,OSH,WI,AGL,CE,Federal Contract Tower,0,1,14,2,17,0,0,90,0,90,0,1,104,2,107,184,0,184,291
06/04/2005,OSH,WI,AGL,CE,Federal Contract Tower,0,4,10,0,14,0,0,61,0,61,0,4,71,0,75,126,0,126,201
06/05/2005,OSH,WI,AGL,CE,Federal Contract Tower,0,0,6,0,6,0,0,55,0,55,0,0,61,0,61,118,0,118,179
06/06/2005,OSH,WI,AGL,CE,Federal Contract Tower,0,1,15,0,16,0,0,141,0,141,0,1,156,0,157,113,2,115,272
06/07/2005,OSH,WI,AGL,CE,Federal Contract Tower,0,2,19,0,21,0,0,78,0,78,0,2,97,0,99,240,0,240,339
06/08/2005,OSH,WI,AGL,CE,Federal Contract Tower,0,1,4,0,5,0,0,68,2,70,0,1,72,2,75,181,0,181,256
06/09/2005,OSH,WI,AGL,CE,Federal Contract Tower,0,5,12,0,17,0,0,76,0,76,0,5,88,0,93,248,0,248,341
06/10/2005,OSH,WI,AGL,CE,Federal Contract Tower,0,2,8,0,10,0,0,68,0,68,0,2,76,0,78,86,0,86,164
06/11/2005,OSH,WI,AGL,CE,Federal Contract Tower,0,3,15,0,18,0,0,238,0,238,0,3,253,0,256,266,0,266,522
06/12/2005,OSH,WI,AGL,CE,Federal Contract Tower,0,0,11,0,11,0,0,102,0,102,0,0,113,0,113,236,0,236,349
06/13/2005,OSH,WI,AGL,CE,Federal Contract Tower,0,3,13,0,16,0,0,77,0,77,0,3,90,0,93,254,0,254,347
06/14/2005,OSH,WI,AGL,CE,Federal Contract Tower,0,1,16,0,17,0,0,80,0,80,0,1,96,0,97,106,0,106,203
06/15/2005,OSH,WI,AGL,CE,Federal Contract Tower,0,4,17,0,21,0,0,55,0,55,0,4,72,0,76,190,0,190,266
06/16/2005,OSH,WI,AGL,CE,Federal Contract Tower,0,3,17,0,20,0,0,124,0,124,0,3,141,0,144,255,0,255,399
06/17/2005,OSH,WI,AGL,CE,Federal Contract Tower,0,0,12,0,12,0,0,127,0,127,0,0,139,0,139,168,0,168,307
06/18/2005,OSH,WI,AGL,CE,Federal Contract Tower,0,2,12,0,14,0,0,181,0,181,0,2,193,0,195,676,0,676,871
06/19/2005,OSH,WI,AGL,CE,Federal Contract Tower,0,0,21,0,21,0,0,211,0,211,0,0,232,0,232,298,0,298,530
06/20/2005,OSH,WI,AGL,CE,Federal Contract Tower,0,1,14,0,15,0,2,159,0,161,0,3,173,0,176,315,0,315,491
06/21/2005,OSH,WI,AGL,CE,Federal Contract Tower,0,1,9,0,10,0,0,113,0,113,0,1,122,0,123,374,0,374,497
06/22/2005,OSH,WI,AGL,CE,Federal Contract Tower,0,4,20,0,24,0,0,171,0,171,0,4,191,0,195,597,0,597,792
06/23/2005,OSH,WI,AGL,CE,Federal Contract Tower,0,0,13,0,13,0,0,122,0,122,0,0,135,0,135,203,0,203,338
06/24/2005,OSH,WI,AGL,CE,Federal Contract Tower,0,2,22,0,24,0,0,68,0,68,0,2,90,0,92,20,0,20,112
06/25/2005,OSH,WI,AGL,CE,Federal Contract Tower,0,3,10,0,13,0,0,126,0,126,0,3,136,0,139,260,0,260,399
06/26/2005,OSH,WI,AGL,CE,Federal Contract Tower,0,2,10,0,12,0,0,87,0,87,0,2,97,0,99,162,0,162,261
06/27/2005,OSH,WI,AGL,CE,Federal Contract Tower,0,0,14,0,14,0,0,78,0,78,0,0,92,0,92,298,0,298,390
06/28/2005,OSH,WI,AGL,CE,Federal Contract Tower,0,1,16,0,17,0,0,111,0,111,0,1,127,0,128,355,0,355,483
06/29/2005,OSH,WI,AGL,CE,Federal Contract Tower,0,2,22,0,24,0,1,87,0,88,0,3,109,0,112,464,0,464,576
06/30/2005,OSH,WI,AGL,CE,Federal Contract Tower,0,2,13,0,15,0,0,64,0,64,0,2,77,0,79,60,0,60,139
07/01/2005,OSH,WI,AGL,CE,Federal Contract Tower,0,1,19,0,20,0,0,116,0,116,0,1,135,0,136,216,0,216,352
07/02/2005,OSH,WI,AGL,CE,Federal Contract Tower,0,1,11,0,12,0,0,187,0,187,0,1,198,0,199,294,0,294,493
07/03/2005,OSH,WI,AGL,CE,Federal Contract Tower,0,0,11,0,11,0,0,166,0,166,0,0,177,0,177,144,0,144,321
07/04/2005,OSH,WI,AGL,CE,Federal Contract Tower,0,0,10,0,10,0,0,61,0,61,0,0,71,0,71,134,0,134,205
07/05/2005,OSH,WI,AGL,CE,Federal Contract Tower,0,0,29,0,29,0,1,90,0,91,0,1,119,0,120,231,0,231,351
07/06/2005,OSH,WI,AGL,CE,Federal Contract Tower,0,2,28,0,30,0,0,73,2,75,0,2,101,2,105,193,4,197,302
07/07/2005,OSH,WI,AGL,CE,Federal Contract Tower,0,2,17,0,19,0,0,140,0,140,0,2,157,0,159,388,0,388,547
07/08/2005,OSH,WI,AGL,CE,Federal Contract Tower,0,2,15,0,17,0,1,191,0,192,0,3,206,0,209,328,0,328,537
07/09/2005,OSH,WI,AGL,CE,Federal Contract Tower,0,3,13,0,16,0,0,147,0,147,0,3,160,0,163,296,0,296,459
07/10/2005,OSH,WI,AGL,CE,Federal Contract Tower,0,0,5,0,5,0,0,103,0,103,0,0,108,0,108,190,0,190,298
07/11/2005,OSH,WI,AGL,CE,Federal Contract Tower,0,1,11,0,12,0,0,159,0,159,0,1,170,0,171,338,0,338,509
07/12/2005,OSH,WI,AGL,CE,Federal Contract Tower,0,3,10,0,13,0,0,84,0,84,0,3,94,0,97,314,0,314,411
07/13/2005,OSH,WI,AGL,CE,Federal Contract Tower,0,5,14,0,19,0,0,94,0,94,0,5,108,0,113,315,0,315,428
07/14/2005,OSH,WI,AGL,CE,Federal Contract Tower,0,2,25,0,27,0,0,134,0,134,0,2,159,0,161,293,0,293,454
07/15/2005,OSH,WI,AGL,CE,Federal Contract Tower,0,6,29,0,35,0,1,179,0,180,0,7,208,0,215,366,0,366,581
07/16/2005,OSH,WI,AGL,CE,Federal Contract Tower,0,2,8,0,10,0,1,143,0,144,0,3,151,0,154,178,0,178,332
07/17/2005,OSH,WI,AGL,CE,Federal Contract Tower,0,4,19,0,23,0,0,149,0,149,0,4,168,0,172,230,0,230,402
07/18/2005,OSH,WI,AGL,CE,Federal Contract Tower,0,4,10,4,18,0,0,110,0,110,0,4,120,4,128,120,0,120,248
07/19/2005,OSH,WI,AGL,CE,Federal Contract Tower,0,3,6,0,9,0,0,224,0,224,0,3,230,0,233,375,0,375,608
07/20/2005,OSH,WI,AGL,CE,Federal Contract Tower,0,1,14,2,17,0,1,145,2,148,0,2,159,4,165,252,0,252,417
07/21/2005,OSH,WI,AGL,CE,Federal Contract Tower,0,5,31,0,36,0,0,168,0,168,0,5,199,0,204,30,0,30,234
07/22/2005,OSH,WI,AGL,CE,Federal Contract Tower,0,5,44,2,51,0,0,574,2,576,0,5,618,4,627,4,0,4,631
07/23/2005,OSH,WI,AGL,CE,Federal Contract Tower,0,3,76,0,79,0,0,1157,0,1157,0,3,1233,0,1236,0,0,0,1236
07/24/2005,OSH,WI,AGL,CE,Federal Contract Tower,0,4,88,0,92,0,0,2330,0,2330,0,4,2418,0,2422,0,0,0,2422
07/25/2005,OSH,WI,AGL,CE,Federal Contract Tower,0,0,67,1,68,0,0,1427,0,1427,0,0,1494,1,1495,0,0,0,1495
07/26/2005,OSH,WI,AGL,CE,Federal Contract Tower,0,3,118,0,121,0,0,1166,0,1166,0,3,1284,0,1287,0,0,0,1287
07/27/2005,OSH,WI,AGL,CE,Federal Contract Tower,0,4,100,1,105,0,0,2890,0,2890,0,4,2990,1,2995,0,0,0,2995
07/28/2005,OSH,WI,AGL,CE,Federal Contract Tower,0,6,109,2,117,0,0,3186,0,3186,0,6,3295,2,3303,0,0,0,3303
07/29/2005,OSH,WI,AGL,CE,Federal Contract Tower,0,2,99,7,108,0,0,2510,0,2510,0,2,2609,7,2618,0,0,0,2618
07/30/2005,OSH,WI,AGL,CE,Federal Contract Tower,0,2,87,0,89,0,0,2273,0,2273,0,2,2360,0,2362,0,0,0,2362
07/31/2005,OSH,WI,AGL,CE,Federal Contract Tower,0,2,72,2,76,0,0,1953,0,1953,0,2,2025,2,2029,0,0,0,2029
08/01/2005,OSH,WI,AGL,CE,Federal Contract Tower,0,0,42,7,49,0,1,531,5,537,0,1,573,12,586,22,2,24,610
08/02/2005,OSH,WI,AGL,CE,Federal Contract Tower,0,4,19,2,25,0,0,182,0,182,0,4,201,2,207,14,0,14,221
08/03/2005,OSH,WI,AGL,CE,Federal Contract Tower,0,1,6,0,7,0,4,131,0,135,0,5,137,0,142,102,0,102,244
08/04/2005,OSH,WI,AGL,CE,Federal Contract Tower,0,6,27,0,33,0,0,125,2,127,0,6,152,2,160,317,2,319,479
08/05/2005,OSH,WI,AGL,CE,Federal Contract Tower,0,1,11,0,12,0,0,185,1,186,0,1,196,1,198,384,0,384,582
08/06/2005,OSH,WI,AGL,CE,Federal Contract Tower,0,2,18,0,20,0,0,210,0,210,0,2,228,0,230,346,0,346,576
08/07/2005,OSH,WI,AGL,CE,Federal Contract Tower,0,3,10,0,13,0,0,202,2,204,0,3,212,2,217,162,0,162,379
08/08/2005,OSH,WI,AGL,CE,Federal Contract Tower,0,4,11,0,15,0,1,217,0,218,0,5,228,0,233,268,0,268,501
08/09/2005,OSH,WI,AGL,CE,Federal Contract Tower,0,5,6,0,11,0,0,166,2,168,0,5,172,2,179,292,0,292,471
08/10/2005,OSH,WI,AGL,CE,Federal Contract Tower,0,7,18,2,27,0,0,147,0,147,0,7,165,2,174,437,0,437,611
08/11/2005,OSH,WI,AGL,CE,Federal Contract Tower,0,7,21,0,28,0,0,41,0,41,0,7,62,0,69,154,0,154,223
08/12/2005,OSH,WI,AGL,CE,Federal Contract Tower,0,8,13,6,27,0,0,121,8,129,0,8,134,14,156,476,34,510,666
08/13/2005,OSH,WI,AGL,CE,Federal Contract Tower,0,2,10,0,12,0,0,177,0,177,0,2,187,0,189,470,0,470,659
08/14/2005,OSH,WI,AGL,CE,Federal Contract Tower,0,0,12,2,14,0,0,103,1,104,0,0,115,3,118,164,56,220,338
08/15/2005,OSH,WI,AGL,CE,Federal Contract Tower,0,8,8,0,16,0,0,139,0,139,0,8,147,0,155,187,0,187,342
08/16/2005,OSH,WI,AGL,CE,Federal Contract Tower,0,3,9,0,12,0,0,90,0,90,0,3,99,0,102,201,0,201,303
08/17/2005,OSH,WI,AGL,CE,Federal Contract Tower,0,3,9,0,12,0,0,114,0,114,0,3,123,0,126,152,0,152,278
08/18/2005,OSH,WI,AGL,CE,Federal Contract Tower,0,3,19,0,22,0,0,23,0,23,0,3,42,0,45,46,0,46,91
08/19/2005,OSH,WI,AGL,CE,Federal Contract Tower,0,3,20,0,23,0,0,78,0,78,0,3,98,0,101,152,0,152,253
08/20/2005,OSH,WI,AGL,CE,Federal Contract Tower,0,3,8,0,11,0,0,76,0,76,0,3,84,0,87,313,0,313,400
08/21/2005,OSH,WI,AGL,CE,Federal Contract Tower,0,3,14,0,17,0,0,95,0,95,0,3,109,0,112,190,0,190,302
08/22/2005,OSH,WI,AGL,CE,Federal Contract Tower,0,5,24,0,29,0,0,58,0,58,0,5,82,0,87,233,0,233,320
08/23/2005,OSH,WI,AGL,CE,Federal Contract Tower,0,5,22,0,27,0,0,99,0,99,0,5,121,0,126,289,0,289,415
08/24/2005,OSH,WI,AGL,CE,Federal Contract Tower,0,7,19,0,26,0,0,125,4,129,0,7,144,4,155,394,0,394,549
08/25/2005,OSH,WI,AGL,CE,Federal Contract Tower,0,10,15,2,27,0,5,125,0,130,0,15,140,2,157,303,0,303,460
08/26/2005,OSH,WI,AGL,CE,Federal Contract Tower,0,9,17,0,26,0,0,67,0,67,0,9,84,0,93,190,0,190,283
08/27/2005,OSH,WI,AGL,CE,Federal Contract Tower,0,2,3,0,5,0,3,130,0,133,0,5,133,0,138,241,0,241,379
08/28/2005,OSH,WI,AGL,CE,Federal Contract Tower,0,0,7,0,7,0,0,113,0,113,0,0,120,0,120,162,0,162,282
08/29/2005,OSH,WI,AGL,CE,Federal Contract Tower,0,3,2,0,5,0,0,101,0,101,0,3,103,0,106,190,0,190,296
08/30/2005,OSH,WI,AGL,CE,Federal Contract Tower,0,8,16,4,28,0,0,74,0,74,0,8,90,4,102,144,0,144,246
08/31/2005,OSH,WI,AGL,CE,Federal Contract Tower,0,2,19,0,21,0,0,85,0,85,0,2,104,0,106,171,0,171,277
09/01/2005,OSH,WI,AGL,CE,Federal Contract Tower,0,5,9,0,14,0,1,102,0,103,0,6,111,0,117,114,0,114,231
09/02/2005,OSH,WI,AGL,CE,Federal Contract Tower,0,3,10,0,13,0,1,84,0,85,0,4,94,0,98,144,0,144,242
09/03/2005,OSH,WI,AGL,CE,Federal Contract Tower,0,1,10,0,11,0,0,92,0,92,0,1,102,0,103,166,0,166,269
09/04/2005,OSH,WI,AGL,CE,Federal Contract Tower,0,0,3,0,3,0,0,100,0,100,0,0,103,0,103,140,0,140,243
09/05/2005,OSH,WI,AGL,CE,Federal Contract Tower,0,1,5,0,6,0,0,103,0,103,0,1,108,0,109,114,0,114,223
09/06/2005,OSH,WI,AGL,CE,Federal Contract Tower,0,4,12,0,16,0,1,76,0,77,0,5,88,0,93,70,0,70,163
09/07/2005,OSH,WI,AGL,CE,Federal Contract Tower,0,8,8,0,16,0,0,63,0,63,0,8,71,0,79,50,0,50,129
09/08/2005,OSH,WI,AGL,CE,Federal Contract Tower,0,6,28,0,34,0,0,63,1,64,0,6,91,1,98,82,0,82,180
09/09/2005,OSH,WI,AGL,CE,Federal Contract Tower,0,4,12,0,16,0,1,149,2,152,0,5,161,2,168,162,0,162,330
09/10/2005,OSH,WI,AGL,CE,Federal Contract Tower,0,3,16,0,19,0,0,117,0,117,0,3,133,0,136,178,0,178,314
09/11/2005,OSH,WI,AGL,CE,Federal Contract Tower,0,0,13,0,13,0,0,41,0,41,0,0,54,0,54,86,0,86,140
09/12/2005,OSH,WI,AGL,CE,Federal Contract Tower,0,4,8,0,12,0,1,28,0,29,0,5,36,0,41,6,0,6,47
09/13/2005,OSH,WI,AGL,CE,Federal Contract Tower,0,3,5,0,8,0,0,28,0,28,0,3,33,0,36,14,0,14,50
09/14/2005,OSH,WI,AGL,CE,Federal Contract Tower,0,3,9,0,12,0,0,79,0,79,0,3,88,0,91,101,0,101,192
09/15/2005,OSH,WI,AGL,CE,Federal Contract Tower,0,3,7,2,12,0,1,82,0,83,0,4,89,2,95,179,0,179,274
09/16/2005,OSH,WI,AGL,CE,Federal Contract Tower,0,3,6,0,9,0,0,154,0,154,0,3,160,0,163,212,0,212,375
09/17/2005,OSH,WI,AGL,CE,Federal Contract Tower,0,4,4,0,8,0,0,191,0,191,0,4,195,0,199,224,0,224,423
09/18/2005,OSH,WI,AGL,CE,Federal Contract Tower,0,2,11,0,13,0,0,118,0,118,0,2,129,0,131,150,0,150,281
09/19/2005,OSH,WI,AGL,CE,Federal Contract Tower,0,6,17,0,23,0,0,18,0,18,0,6,35,0,41,12,0,12,53
09/20/2005,OSH,WI,AGL,CE,Federal Contract Tower,0,9,10,0,19,0,0,93,0,93,0,9,103,0,112,60,0,60,172
09/21/2005,OSH,WI,AGL,CE,Federal Contract Tower,0,8,14,2,24,0,0,40,0,40,0,8,54,2,64,18,2,20,84
09/22/2005,OSH,WI,AGL,CE,Federal Contract Tower,0,8,24,0,32,0,0,12,0,12,0,8,36,0,44,8,0,8,52
09/23/2005,OSH,WI,AGL,CE,Federal Contract Tower,0,6,5,0,11,0,0,90,0,90,0,6,95,0,101,118,0,118,219
09/24/2005,OSH,WI,AGL,CE,Federal Contract Tower,0,2,8,0,10,0,0,71,0,71,0,2,79,0,81,224,0,224,305
09/25/2005,OSH,WI,AGL,CE,Federal Contract Tower,0,1,9,0,10,0,0,0,0,0,0,1,9,0,10,0,0,0,10
09/26/2005,OSH,WI,AGL,CE,Federal Contract Tower,0,5,6,0,11,0,0,59,0,59,0,5,65,0,70,16,0,16,86
09/27/2005,OSH,WI,AGL,CE,Federal Contract Tower,0,2,8,0,10,0,0,127,0,127,0,2,135,0,137,123,0,123,260
09/28/2005,OSH,WI,AGL,CE,Federal Contract Tower,1,5,13,2,21,0,0,8,0,8,1,5,21,2,29,14,4,18,47
09/29/2005,OSH,WI,AGL,CE,Federal Contract Tower,0,6,7,0,13,0,0,69,0,69,0,6,76,0,82,82,0,82,164
09/30/2005,OSH,WI,AGL,CE,Federal Contract Tower,0,6,14,2,22,0,0,82,1,83,0,6,96,3,105,40,2,42,147
10/01/2005,OSH,WI,AGL,CE,Federal Contract Tower,0,1,5,0,6,0,0,94,0,94,0,1,99,0,100,150,0,150,250
10/02/2005,OSH,WI,AGL,CE,Federal Contract Tower,0,0,4,0,4,0,0,78,0,78,0,0,82,0,82,76,0,76,158
10/03/2005,OSH,WI,AGL,CE,Federal Contract Tower,0,6,7,7,20,0,0,41,1,42,0,6,48,8,62,2,0,2,64
10/04/2005,OSH,WI,AGL,CE,Federal Contract Tower,0,4,14,0,18,0,0,45,0,45,0,4,59,0,63,42,0,42,105
10/05/2005,OSH,WI,AGL,CE,Federal Contract Tower,0,7,10,0,17,0,0,35,0,35,0,7,45,0,52,34,0,34,86
10/06/2005,OSH,WI,AGL,CE,Federal Contract Tower,0,5,17,3,25,0,2,65,0,67,0,7,82,3,92,76,6,82,174
10/07/2005,OSH,WI,AGL,CE,Federal Contract Tower,0,4,13,0,17,0,0,62,0,62,0,4,75,0,79,126,0,126,205
10/08/2005,OSH,WI,AGL,CE,Federal Contract Tower,0,2,24,0,26,0,1,70,0,71,0,3,94,0,97,116,0,116,213
10/09/2005,OSH,WI,AGL,CE,Federal Contract Tower,0,0,11,0,11,0,0,97,0,97,0,0,108,0,108,124,0,124,232
10/10/2005,OSH,WI,AGL,CE,Federal Contract Tower,0,9,17,0,26,0,0,33,0,33,0,9,50,0,59,15,0,15,74
10/11/2005,OSH,WI,AGL,CE,Federal Contract Tower,0,5,24,0,29,0,0,13,0,13,0,5,37,0,42,10,0,10,52
10/12/2005,OSH,WI,AGL,CE,Federal Contract Tower,0,7,17,0,24,0,0,0,0,0,0,7,17,0,24,0,0,0,24
10/13/2005,OSH,WI,AGL,CE,Federal Contract Tower,0,8,31,2,41,0,0,12,0,12,0,8,43,2,53,18,0,18,71
10/14/2005,OSH,WI,AGL,CE,Federal Contract Tower,0,9,14,0,23,0,0,85,0,85,0,9,99,0,108,72,2,74,182
10/15/2005,OSH,WI,AGL,CE,Federal Contract Tower,0,1,4,0,5,0,0,89,0,89,0,1,93,0,94,16,0,16,110
10/16/2005,OSH,WI,AGL,CE,Federal Contract Tower,0,2,5,0,7,0,0,142,0,142,0,2,147,0,149,114,0,114,263
10/17/2005,OSH,WI,AGL,CE,Federal Contract Tower,0,7,9,0,16,0,0,32,0,32,0,7,41,0,48,14,0,14,62
10/18/2005,OSH,WI,AGL,CE,Federal Contract Tower,0,8,8,0,16,0,0,113,0,113,0,8,121,0,129,76,0,76,205
10/19/2005,OSH,WI,AGL,CE,Federal Contract Tower,0,14,16,2,32,0,0,106,6,112,0,14,122,8,144,200,0,200,344
10/20/2005,OSH,WI,AGL,CE,Federal Contract Tower,0,5,17,0,22,0,1,98,2,101,0,6,115,2,123,106,2,108,231
10/21/2005,OSH,WI,AGL,CE,Federal Contract Tower,0,7,10,0,17,0,1,86,0,87,0,8,96,0,104,78,0,78,182
10/22/2005,OSH,WI,AGL,CE,Federal Contract Tower,0,4,34,0,38,0,0,11,0,11,0,4,45,0,49,0,0,0,49
10/23/2005,OSH,WI,AGL,CE,Federal Contract Tower,0,1,3,0,4,0,0,13,0,13,0,1,16,0,17,0,0,0,17
10/24/2005,OSH,WI,AGL,CE,Federal Contract Tower,0,4,9,0,13,0,2,42,0,44,0,6,51,0,57,83,0,83,140
10/25/2005,OSH,WI,AGL,CE,Federal Contract Tower,0,6,6,0,12,0,1,46,0,47,0,7,52,0,59,140,0,140,199
10/26/2005,OSH,WI,AGL,CE,Federal Contract Tower,0,8,7,5,20,0,1,73,1,75,0,9,80,6,95,78,2,80,175
10/27/2005,OSH,WI,AGL,CE,Federal Contract Tower,0,6,10,1,17,0,1,103,3,107,0,7,113,4,124,109,4,113,237
10/28/2005,OSH,WI,AGL,CE,Federal Contract Tower,0,5,6,0,11,0,0,110,0,110,0,5,116,0,121,72,0,72,193
10/29/2005,OSH,WI,AGL,CE,Federal Contract Tower,0,2,5,0,7,0,0,89,0,89,0,2,94,0,96,46,0,46,142
10/30/2005,OSH,WI,AGL,CE,Federal Contract Tower,0,0,11,0,11,0,0,24,0,24,0,0,35,0,35,27,0,27,62
10/31/2005,OSH,WI,AGL,CE,Federal Contract Tower,0,5,7,1,13,0,1,26,1,28,0,6,33,2,41,88,2,90,131
11/01/2005,OSH,WI,AGL,CE,Federal Contract Tower,0,2,5,0,7,0,1,30,2,33,0,3,35,2,40,62,0,62,102
11/02/2005,OSH,WI,AGL,CE,Federal Contract Tower,0,6,8,0,14,0,1,77,0,78,0,7,85,0,92,87,0,87,179
11/03/2005,OSH,WI,AGL,CE,Federal Contract Tower,0,9,19,0,28,0,1,104,0,105,0,10,123,0,133,70,0,70,203
11/04/2005,OSH,WI,AGL,CE,Federal Contract Tower,0,5,8,2,15,0,2,40,0,42,0,7,48,2,57,62,0,62,119
11/05/2005,OSH,WI,AGL,CE,Federal Contract Tower,0,3,19,0,22,0,0,28,0,28,0,3,47,0,50,42,0,42,92
11/06/2005,OSH,WI,AGL,CE,Federal Contract Tower,0,0,8,0,8,0,0,17,0,17,0,0,25,0,25,4,0,4,29
11/07/2005,OSH,WI,AGL,CE,Federal Contract Tower,0,4,6,12,22,0,2,69,0,71,0,6,75,12,93,78,12,90,183
11/08/2005,OSH,WI,AGL,CE,Federal Contract Tower,0,4,5,0,9,0,1,77,2,80,0,5,82,2,89,74,0,74,163
11/09/2005,OSH,WI,AGL,CE,Federal Contract Tower,0,5,6,0,11,0,0,9,0,9,0,5,15,0,20,0,0,0,20
11/10/2005,OSH,WI,AGL,CE,Federal Contract Tower,0,5,7,0,12,0,1,79,0,80,0,6,86,0,92,162,0,162,254
11/11/2005,OSH,WI,AGL,CE,Federal Contract Tower,0,4,9,4,17,0,0,119,3,122,0,4,128,7,139,86,0,86,225
11/12/2005,OSH,WI,AGL,CE,Federal Contract Tower,0,2,12,0,14,0,0,71,0,71,0,2,83,0,85,31,0,31,116
11/13/2005,OSH,WI,AGL,CE,Federal Contract Tower,0,2,2,0,4,0,0,1,0,1,0,2,3,0,5,0,0,0,5
11/14/2005,OSH,WI,AGL,CE,Federal Contract Tower,0,6,18,22,46,0,1,46,0,47,0,7,64,22,93,18,28,46,139
11/15/2005,OSH,WI,AGL,CE,Federal Contract Tower,0,12,13,4,29,0,0,0,0,0,0,12,13,4,29,0,6,6,35
11/16/2005,OSH,WI,AGL,CE,Federal Contract Tower,0,6,8,0,14,0,0,2,0,2,0,6,10,0,16,0,0,0,16
11/17/2005,OSH,WI,AGL,CE,Federal Contract Tower,0,5,14,15,34,0,0,96,0,96,0,5,110,15,130,106,8,114,244
11/18/2005,OSH,WI,AGL,CE,Federal Contract Tower,0,3,13,0,16,0,1,24,0,25,0,4,37,0,41,54,0,54,95
11/19/2005,OSH,WI,AGL,CE,Federal Contract Tower,0,4,7,0,11,0,0,72,0,72,0,4,79,0,83,71,0,71,154
11/20/2005,OSH,WI,AGL,CE,Federal Contract Tower,0,0,8,0,8,0,0,21,0,21,0,0,29,0,29,14,0,14,43
11/21/2005,OSH,WI,AGL,CE,Federal Contract Tower,0,7,8,10,25,0,1,22,0,23,0,8,30,10,48,2,0,2,50
11/22/2005,OSH,WI,AGL,CE,Federal Contract Tower,0,6,10,0,16,0,0,96,0,96,0,6,106,0,112,83,0,83,195
11/23/2005,OSH,WI,AGL,CE,Federal Contract Tower,0,3,1,2,6,0,1,3,0,4,0,4,4,2,10,10,0,10,20
11/24/2005,OSH,WI,AGL,CE,Federal Contract Tower,0,0,2,0,2,0,2,1,0,3,0,2,3,0,5,0,0,0,5
11/25/2005,OSH,WI,AGL,CE,Federal Contract Tower,0,5,9,0,14,0,0,28,0,28,0,5,37,0,42,12,0,12,54
11/26/2005,OSH,WI,AGL,CE,Federal Contract Tower,0,2,6,2,10,0,2,97,0,99,0,4,103,2,109,78,0,78,187
11/27/2005,OSH,WI,AGL,CE,Federal Contract Tower,0,2,8,0,10,0,0,2,0,2,0,2,10,0,12,0,0,0,12
11/28/2005,OSH,WI,AGL,CE,Federal Contract Tower,0,2,8,3,13,0,0,8,1,9,0,2,16,4,22,8,6,14,36
11/29/2005,OSH,WI,AGL,CE,Federal Contract Tower,0,7,8,4,19,0,0,8,0,8,0,7,16,4,27,6,0,6,33
11/30/2005,OSH,WI,AGL,CE,Federal Contract Tower,0,3,9,0,12,0,0,51,2,53,0,3,60,2,65,76,0,76,141
12/01/2005,OSH,WI,AGL,CE,Federal Contract Tower,0,5,8,0,13,0,0,2,0,2,0,5,10,0,15,0,0,0,15
12/02/2005,OSH,WI,AGL,CE,Federal Contract Tower,0,2,15,4,21,0,1,94,0,95,0,3,109,4,116,84,0,84,200
12/03/2005,OSH,WI,AGL,CE,Federal Contract Tower,0,3,7,0,10,0,0,48,0,48,0,3,55,0,58,50,0,50,108
12/04/2005,OSH,WI,AGL,CE,Federal Contract Tower,0,0,8,0,8,0,0,51,0,51,0,0,59,0,59,38,0,38,97
12/05/2005,OSH,WI,AGL,CE,Federal Contract Tower,0,3,7,0,10,0,6,27,0,33,0,9,34,0,43,58,0,58,101
12/06/2005,OSH,WI,AGL,CE,Federal Contract Tower,0,3,8,0,11,0,0,53,16,69,0,3,61,16,80,64,0,64,144
12/07/2005,OSH,WI,AGL,CE,Federal Contract Tower,0,6,4,0,10,0,0,70,2,72,0,6,74,2,82,175,2,177,259
12/08/2005,OSH,WI,AGL,CE,Federal Contract Tower,0,3,2,0,5,0,0,58,0,58,0,3,60,0,63,70,0,70,133
12/09/2005,OSH,WI,AGL,CE,Federal Contract Tower,0,2,12,0,14,0,1,62,1,64,0,3,74,1,78,59,0,59,137
12/10/2005,OSH,WI,AGL,CE,Federal Contract Tower,0,3,2,0,5,0,0,18,4,22,0,3,20,4,27,46,0,46,73
12/11/2005,OSH,WI,AGL,CE,Federal Contract Tower,0,0,7,0,7,0,0,16,0,16,0,0,23,0,23,2,0,2,25
12/12/2005,OSH,WI,AGL,CE,Federal Contract Tower,0,1,10,12,23,0,0,52,0,52,0,1,62,12,75,96,34,130,205
12/13/2005,OSH,WI,AGL,CE,Federal Contract Tower,0,6,9,10,25,0,3,50,2,55,0,9,59,12,80,86,16,102,182
12/14/2005,OSH,WI,AGL,CE,Federal Contract Tower,0,1,3,0,4,0,0,0,0,0,0,1,3,0,4,0,0,0,4
12/15/2005,OSH,WI,AGL,CE,Federal Contract Tower,0,13,10,8,31,0,1,2,0,3,0,14,12,8,34,0,0,0,34
12/16/2005,OSH,WI,AGL,CE,Federal Contract Tower,0,5,13,0,18,0,0,42,0,42,0,5,55,0,60,16,0,16,76
12/17/2005,OSH,WI,AGL,CE,Federal Contract Tower,0,3,8,0,11,0,1,76,0,77,0,4,84,0,88,47,0,47,135
12/18/2005,OSH,WI,AGL,CE,Federal Contract Tower,0,0,6,0,6,0,0,37,0,37,0,0,43,0,43,62,0,62,105
12/19/2005,OSH,WI,AGL,CE,Federal Contract Tower,0,8,9,0,17,0,1,72,0,73,0,9,81,0,90,32,0,32,122
12/20/2005,OSH,WI,AGL,CE,Federal Contract Tower,0,4,5,4,13,0,0,49,0,49,0,4,54,4,62,86,0,86,148
12/21/2005,OSH,WI,AGL,CE,Federal Contract Tower,0,8,6,4,18,0,0,52,0,52,0,8,58,4,70,76,8,84,154
12/22/2005,OSH,WI,AGL,CE,Federal Contract Tower,0,2,17,0,19,0,0,45,0,45,0,2,62,0,64,54,0,54,118
12/23/2005,OSH,WI,AGL,CE,Federal Contract Tower,0,3,7,0,10,0,0,27,0,27,0,3,34,0,37,38,0,38,75
12/24/2005,OSH,WI,AGL,CE,Federal Contract Tower,0,0,3,0,3,0,0,0,0,0,0,0,3,0,3,0,0,0,3
12/25/2005,OSH,WI,AGL,CE,Federal Contract Tower,0,0,2,0,2,0,0,7,0,7,0,0,9,0,9,8,0,8,17
12/26/2005,OSH,WI,AGL,CE,Federal Contract Tower,0,0,4,0,4,0,0,81,0,81,0,0,85,0,85,124,0,124,209
12/27/2005,OSH,WI,AGL,CE,Federal Contract Tower,0,6,1,0,7,0,0,0,0,0,0,6,1,0,7,0,0,0,7
12/28/2005,OSH,WI,AGL,CE,Federal Contract Tower,0,6,0,8,14,0,0,0,0,0,0,6,0,8,14,0,0,0,14
12/29/2005,OSH,WI,AGL,CE,Federal Contract Tower,0,3,10,6,19,0,0,76,0,76,0,3,86,6,95,56,16,72,167
12/30/2005,OSH,WI,AGL,CE,Federal Contract Tower,0,3,0,0,3,0,0,14,0,14,0,3,14,0,17,80,0,80,97
12/31/2005,OSH,WI,AGL,CE,Federal Contract Tower,0,3,3,0,6,0,0,11,0,11,0,3,14,0,17,26,0,26,43
01/01/2006,OSH,WI,AGL,CE,Federal Contract Tower,0,0,7,0,7,0,0,7,0,7,0,0,14,0,14,10,0,10,24
01/02/2006,OSH,WI,AGL,CE,Federal Contract Tower,0,0,1,0,1,0,0,0,0,0,0,0,1,0,1,0,0,0,1
01/03/2006,OSH,WI,AGL,CE,Federal Contract Tower,0,6,10,0,16,0,0,0,0,0,0,6,10,0,16,0,0,0,16
01/04/2006,OSH,WI,AGL,CE,Federal Contract Tower,0,8,9,0,17,0,0,0,0,0,0,8,9,0,17,0,0,0,17
01/05/2006,OSH,WI,AGL,CE,Federal Contract Tower,0,5,12,0,17,0,2,41,0,43,0,7,53,0,60,26,0,26,86
01/06/2006,OSH,WI,AGL,CE,Federal Contract Tower,0,2,10,0,12,0,0,39,4,43,0,2,49,4,55,64,2,66,121
01/07/2006,OSH,WI,AGL,CE,Federal Contract Tower,0,2,4,0,6,0,0,61,0,61,0,2,65,0,67,40,0,40,107
01/08/2006,OSH,WI,AGL,CE,Federal Contract Tower,0,0,4,0,4,0,0,28,4,32,0,0,32,4,36,12,0,12,48
01/09/2006,OSH,WI,AGL,CE,Federal Contract Tower,0,0,7,0,7,0,2,52,0,54,0,2,59,0,61,46,0,46,107
01/10/2006,OSH,WI,AGL,CE,Federal Contract Tower,0,3,12,0,15,0,1,110,0,111,0,4,122,0,126,99,0,99,225
01/11/2006,OSH,WI,AGL,CE,Federal Contract Tower,0,4,12,2,18,0,0,6,0,6,0,4,18,2,24,2,0,2,26
01/12/2006,OSH,WI,AGL,CE,Federal Contract Tower,0,4,12,0,16,0,0,120,0,120,0,4,132,0,136,180,0,180,316
01/13/2006,OSH,WI,AGL,CE,Federal Contract Tower,0,4,3,0,7,0,0,20,0,20,0,4,23,0,27,18,0,18,45
01/14/2006,OSH,WI,AGL,CE,Federal Contract Tower,0,2,13,0,15,0,0,171,0,171,0,2,184,0,186,98,0,98,284
01/15/2006,OSH,WI,AGL,CE,Federal Contract Tower,0,0,8,0,8,0,0,45,0,45,0,0,53,0,53,14,0,14,67
01/16/2006,OSH,WI,AGL,CE,Federal Contract Tower,0,1,12,0,13,0,0,1,0,1,0,1,13,0,14,16,0,16,30
01/17/2006,OSH,WI,AGL,CE,Federal Contract Tower,0,3,6,0,9,0,0,0,0,0,0,3,6,0,9,0,0,0,9
01/18/2006,OSH,WI,AGL,CE,Federal Contract Tower,0,6,8,2,16,0,0,61,0,61,0,6,69,2,77,77,0,77,154
01/19/2006,OSH,WI,AGL,CE,Federal Contract Tower,0,5,8,0,13,0,0,48,5,53,0,5,56,5,66,98,0,98,164
01/20/2006,OSH,WI,AGL,CE,Federal Contract Tower,0,3,12,0,15,0,0,26,0,26,0,3,38,0,41,74,0,74,115
01/21/2006,OSH,WI,AGL,CE,Federal Contract Tower,0,2,0,0,2,0,0,180,0,180,0,2,180,0,182,92,0,92,274
01/22/2006,OSH,WI,AGL,CE,Federal Contract Tower,0,0,3,0,3,0,0,37,0,37,0,0,40,0,40,48,0,48,88
01/23/2006,OSH,WI,AGL,CE,Federal Contract Tower,0,2,20,0,22,0,0,70,0,70,0,2,90,0,92,124,0,124,216
01/24/2006,OSH,WI,AGL,CE,Federal Contract Tower,0,2,2,10,14,0,2,10,0,12,0,4,12,10,26,21,6,27,53
01/25/2006,OSH,WI,AGL,CE,Federal Contract Tower,0,4,6,0,10,0,0,116,2,118,0,4,122,2,128,134,0,134,262
01/26/2006,OSH,WI,AGL,CE,Federal Contract Tower,0,4,10,0,14,0,1,130,0,131,0,5,140,0,145,252,0,252,397
01/27/2006,OSH,WI,AGL,CE,Federal Contract Tower,0,4,4,0,8,0,0,57,0,57,0,4,61,0,65,80,0,80,145
01/28/2006,OSH,WI,AGL,CE,Federal Contract Tower,0,2,8,0,10,0,0,44,0,44,0,2,52,0,54,89,0,89,143
01/29/2006,OSH,WI,AGL,CE,Federal Contract Tower,0,0,5,0,5,0,0,0,0,0,0,0,5,0,5,0,0,0,5
01/30/2006,OSH,WI,AGL,CE,Federal Contract Tower,0,1,4,2,7,0,2,2,0,4,0,3,6,2,11,22,12,34,45
01/31/2006,OSH,WI,AGL,CE,Federal Contract Tower,0,2,22,1,25,0,0,49,9,58,0,2,71,10,83,54,4,58,141
02/01/2006,OSH,WI,AGL,CE,Federal Contract Tower,0,2,15,3,20,0,2,29,9,40,0,4,44,12,60,74,0,74,134
02/02/2006,OSH,WI,AGL,CE,Federal Contract Tower,0,6,10,0,16,0,1,94,0,95,0,7,104,0,111,158,0,158,269
02/03/2006,OSH,WI,AGL,CE,Federal Contract Tower,0,3,4,0,7,0,0,0,0,0,0,3,4,0,7,0,0,0,7
02/04/2006,OSH,WI,AGL,CE,Federal Contract Tower,0,5,10,2,17,0,0,13,0,13,0,5,23,2,30,39,0,39,69
02/05/2006,OSH,WI,AGL,CE,Federal Contract Tower,0,2,9,0,11,0,0,75,0,75,0,2,84,0,86,70,0,70,156
02/06/2006,OSH,WI,AGL,CE,Federal Contract Tower,0,2,10,0,12,0,0,75,0,75,0,2,85,0,87,84,0,84,171
02/07/2006,OSH,WI,AGL,CE,Federal Contract Tower,0,6,8,2,16,0,0,107,0,107,0,6,115,2,123,54,0,54,177
02/08/2006,OSH,WI,AGL,CE,Federal Contract Tower,0,2,12,0,14,0,2,76,0,78,0,4,88,0,92,145,0,145,237
02/09/2006,OSH,WI,AGL,CE,Federal Contract Tower,0,1,18,6,25,0,0,68,0,68,0,1,86,6,93,108,18,126,219
02/10/2006,OSH,WI,AGL,CE,Federal Contract Tower,0,1,15,2,18,0,0,14,0,14,0,1,29,2,32,20,0,20,52
02/11/2006,OSH,WI,AGL,CE,Federal Contract Tower,0,2,1,0,3,0,0,11,0,11,0,2,12,0,14,30,0,30,44
02/12/2006,OSH,WI,AGL,CE,Federal Contract Tower,0,1,6,0,7,0,1,64,0,65,0,2,70,0,72,47,0,47,119
02/13/2006,OSH,WI,AGL,CE,Federal Contract Tower,0,2,13,0,15,0,2,50,0,52,0,4,63,0,67,78,0,78,145
02/14/2006,OSH,WI,AGL,CE,Federal Contract Tower,0,2,21,0,23,0,0,48,0,48,0,2,69,0,71,39,0,39,110
02/15/2006,OSH,WI,AGL,CE,Federal Contract Tower,0,6,10,0,16,0,1,92,0,93,0,7,102,0,109,90,0,90,199
02/16/2006,OSH,WI,AGL,CE,Federal Contract Tower,0,0,0,0,0,0,0,0,0,0,0,0,0,0,0,0,0,0,0
02/17/2006,OSH,WI,AGL,CE,Federal Contract Tower,0,3,7,3,13,0,2,26,1,29,0,5,33,4,42,26,0,26,68
02/18/2006,OSH,WI,AGL,CE,Federal Contract Tower,0,2,0,0,2,0,0,18,0,18,0,2,18,0,20,20,0,20,40
02/19/2006,OSH,WI,AGL,CE,Federal Contract Tower,0,0,9,0,9,0,0,39,0,39,0,0,48,0,48,12,0,12,60
02/20/2006,OSH,WI,AGL,CE,Federal Contract Tower,0,0,14,0,14,0,3,56,0,59,0,3,70,0,73,74,0,74,147
02/21/2006,OSH,WI,AGL,CE,Federal Contract Tower,0,5,16,3,24,0,1,84,0,85,0,6,100,3,109,104,12,116,225
02/22/2006,OSH,WI,AGL,CE,Federal Contract Tower,0,3,19,0,22,0,2,74,0,76,0,5,93,0,98,70,0,70,168
02/23/2006,OSH,WI,AGL,CE,Federal Contract Tower,0,2,12,9,23,0,1,69,4,74,0,3,81,13,97,80,34,114,211
02/24/2006,OSH,WI,AGL,CE,Federal Contract Tower,0,1,11,0,12,0,1,54,0,55,0,2,65,0,67,132,0,132,199
02/25/2006,OSH,WI,AGL,CE,Federal Contract Tower,0,1,3,0,4,0,1,56,0,57,0,2,59,0,61,72,0,72,133
02/26/2006,OSH,WI,AGL,CE,Federal Contract Tower,0,0,8,0,8,0,1,71,0,72,0,1,79,0,80,60,0,60,140
02/27/2006,OSH,WI,AGL,CE,Federal Contract Tower,0,1,20,0,21,0,3,81,0,84,0,4,101,0,105,96,0,96,201
02/28/2006,OSH,WI,AGL,CE,Federal Contract Tower,0,3,7,0,10,0,3,79,0,82,0,6,86,0,92,112,0,112,204
03/01/2006,OSH,WI,AGL,CE,Federal Contract Tower,0,3,11,2,16,0,0,31,0,31,0,3,42,2,47,84,0,84,131
03/02/2006,OSH,WI,AGL,CE,Federal Contract Tower,0,4,12,0,16,0,1,16,0,17,0,5,28,0,33,58,0,58,91
03/03/2006,OSH,WI,AGL,CE,Federal Contract Tower,0,2,11,0,13,0,1,109,6,116,0,3,120,6,129,212,2,214,343
03/04/2006,OSH,WI,AGL,CE,Federal Contract Tower,0,2,7,0,9,0,1,171,0,172,0,3,178,0,181,171,0,171,352
03/05/2006,OSH,WI,AGL,CE,Federal Contract Tower,0,0,4,0,4,0,0,12,0,12,0,0,16,0,16,0,0,0,16
03/06/2006,OSH,WI,AGL,CE,Federal Contract Tower,0,2,14,0,16,0,2,8,0,10,0,4,22,0,26,2,0,2,28
03/07/2006,OSH,WI,AGL,CE,Federal Contract Tower,0,1,16,0,17,0,2,76,0,78,0,3,92,0,95,128,0,128,223
03/08/2006,OSH,WI,AGL,CE,Federal Contract Tower,0,1,15,0,16,0,0,10,0,10,0,1,25,0,26,25,0,25,51
03/09/2006,OSH,WI,AGL,CE,Federal Contract Tower,0,7,17,0,24,0,0,0,0,0,0,7,17,0,24,0,0,0,24
03/10/2006,OSH,WI,AGL,CE,Federal Contract Tower,0,11,21,0,32,0,2,61,0,63,0,13,82,0,95,116,0,116,211
03/11/2006,OSH,WI,AGL,CE,Federal Contract Tower,0,2,5,0,7,0,0,37,0,37,0,2,42,0,44,76,0,76,120
03/12/2006,OSH,WI,AGL,CE,Federal Contract Tower,0,0,2,0,2,0,0,121,0,121,0,0,123,0,123,102,0,102,225
03/13/2006,OSH,WI,AGL,CE,Federal Contract Tower,0,2,6,5,13,0,0,2,0,2,0,2,8,5,15,0,8,8,23
03/14/2006,OSH,WI,AGL,CE,Federal Contract Tower,0,6,8,6,20,0,2,38,0,40,0,8,46,6,60,57,0,57,117
03/15/2006,OSH,WI,AGL,CE,Federal Contract Tower,0,5,6,0,11,0,2,110,0,112,0,7,116,0,123,89,0,89,212
03/16/2006,OSH,WI,AGL,CE,Federal Contract Tower,0,2,7,0,9,0,1,8,0,9,0,3,15,0,18,38,0,38,56
03/17/2006,OSH,WI,AGL,CE,Federal Contract Tower,0,5,3,0,8,0,1,124,0,125,0,6,127,0,133,138,0,138,271
03/18/2006,OSH,WI,AGL,CE,Federal Contract Tower,0,2,9,0,11,0,0,135,0,135,0,2,144,0,146,179,0,179,325
03/19/2006,OSH,WI,AGL,CE,Federal Contract Tower,0,0,7,0,7,0,0,139,0,139,0,0,146,0,146,54,0,54,200
03/20/2006,OSH,WI,AGL,CE,Federal Contract Tower,0,6,4,0,10,0,1,116,0,117,0,7,120,0,127,144,0,144,271
03/21/2006,OSH,WI,AGL,CE,Federal Contract Tower,0,6,25,0,31,0,2,36,0,38,0,8,61,0,69,44,0,44,113
03/22/2006,OSH,WI,AGL,CE,Federal Contract Tower,0,4,12,0,16,0,0,111,2,113,0,4,123,2,129,114,0,114,243
03/23/2006,OSH,WI,AGL,CE,Federal Contract Tower,0,3,29,0,32,0,1,59,2,62,0,4,88,2,94,64,0,64,158
03/24/2006,OSH,WI,AGL,CE,Federal Contract Tower,0,4,16,2,22,0,1,79,0,80,0,5,95,2,102,134,12,146,248
03/25/2006,OSH,WI,AGL,CE,Federal Contract Tower,0,2,1,0,3,0,0,68,0,68,0,2,69,0,71,114,0,114,185
03/26/2006,OSH,WI,AGL,CE,Federal Contract Tower,0,2,5,0,7,0,0,157,0,157,0,2,162,0,164,92,0,92,256
03/27/2006,OSH,WI,AGL,CE,Federal Contract Tower,0,2,20,18,40,0,1,109,4,114,0,3,129,22,154,78,14,92,246
03/28/2006,OSH,WI,AGL,CE,Federal Contract Tower,0,1,14,0,15,0,2,85,0,87,0,3,99,0,102,124,0,124,226
03/29/2006,OSH,WI,AGL,CE,Federal Contract Tower,0,3,23,3,29,0,6,96,1,103,0,9,119,4,132,180,4,184,316
03/30/2006,OSH,WI,AGL,CE,Federal Contract Tower,0,4,18,0,22,0,1,47,0,48,0,5,65,0,70,50,0,50,120
03/31/2006,OSH,WI,AGL,CE,Federal Contract Tower,0,5,20,0,25,0,1,15,0,16,0,6,35,0,41,8,0,8,49
04/01/2006,OSH,WI,AGL,CE,Federal Contract Tower,0,7,12,0,19,0,0,58,0,58,0,7,70,0,77,104,0,104,181
04/02/2006,OSH,WI,AGL,CE,Federal Contract Tower,0,0,0,0,0,0,0,0,0,0,0,0,0,0,0,0,0,0,0
04/03/2006,OSH,WI,AGL,CE,Federal Contract Tower,0,5,11,2,18,0,3,11,0,14,0,8,22,2,32,10,0,10,42
04/04/2006,OSH,WI,AGL,CE,Federal Contract Tower,0,6,18,2,26,0,0,111,0,111,0,6,129,2,137,71,0,71,208
04/05/2006,OSH,WI,AGL,CE,Federal Contract Tower,0,9,7,0,16,0,0,158,2,160,0,9,165,2,176,118,2,120,296
04/06/2006,OSH,WI,AGL,CE,Federal Contract Tower,0,5,11,0,16,0,2,62,0,64,0,7,73,0,80,112,0,112,192
04/07/2006,OSH,WI,AGL,CE,Federal Contract Tower,0,0,6,0,6,0,1,13,0,14,0,1,19,0,20,16,0,16,36
04/08/2006,OSH,WI,AGL,CE,Federal Contract Tower,0,3,9,0,12,0,0,137,0,137,0,3,146,0,149,95,0,95,244
04/09/2006,OSH,WI,AGL,CE,Federal Contract Tower,0,0,4,0,4,0,0,103,0,103,0,0,107,0,107,68,0,68,175
04/10/2006,OSH,WI,AGL,CE,Federal Contract Tower,0,1,12,0,13,0,1,99,0,100,0,2,111,0,113,118,0,118,231
04/11/2006,OSH,WI,AGL,CE,Federal Contract Tower,0,3,28,0,31,0,1,48,0,49,0,4,76,0,80,124,0,124,204
04/12/2006,OSH,WI,AGL,CE,Federal Contract Tower,0,4,21,0,25,0,1,37,0,38,0,5,58,0,63,9,0,9,72
04/13/2006,OSH,WI,AGL,CE,Federal Contract Tower,0,6,25,0,31,0,3,116,0,119,0,9,141,0,150,94,0,94,244
04/14/2006,OSH,WI,AGL,CE,Federal Contract Tower,0,4,18,0,22,0,1,119,0,120,0,5,137,0,142,128,0,128,270
04/15/2006,OSH,WI,AGL,CE,Federal Contract Tower,0,1,7,0,8,0,1,157,0,158,0,2,164,0,166,136,0,136,302
04/16/2006,OSH,WI,AGL,CE,Federal Contract Tower,0,0,2,0,2,0,0,16,0,16,0,0,18,0,18,0,0,0,18
04/17/2006,OSH,WI,AGL,CE,Federal Contract Tower,0,3,20,5,28,0,1,112,1,114,0,4,132,6,142,126,36,162,304
04/18/2006,OSH,WI,AGL,CE,Federal Contract Tower,0,4,18,7,29,0,1,112,1,114,0,5,130,8,143,124,6,130,273
04/19/2006,OSH,WI,AGL,CE,Federal Contract Tower,0,5,12,0,17,0,3,111,4,118,0,8,123,4,135,145,16,161,296
04/20/2006,OSH,WI,AGL,CE,Federal Contract Tower,0,3,19,0,22,0,6,72,2,80,0,9,91,2,102,112,0,112,214
04/21/2006,OSH,WI,AGL,CE,Federal Contract Tower,0,2,19,0,21,0,1,95,0,96,0,3,114,0,117,178,0,178,295
04/22/2006,OSH,WI,AGL,CE,Federal Contract Tower,0,2,10,0,12,0,0,58,0,58,0,2,68,0,70,106,0,106,176
04/23/2006,OSH,WI,AGL,CE,Federal Contract Tower,0,0,15,0,15,0,0,72,0,72,0,0,87,0,87,112,0,112,199
04/24/2006,OSH,WI,AGL,CE,Federal Contract Tower,0,1,20,0,21,0,2,101,0,103,0,3,121,0,124,138,0,138,262
04/25/2006,OSH,WI,AGL,CE,Federal Contract Tower,0,4,20,4,28,0,1,109,1,111,0,5,129,5,139,154,10,164,303
04/26/2006,OSH,WI,AGL,CE,Federal Contract Tower,0,3,10,0,13,0,0,122,0,122,0,3,132,0,135,130,0,130,265
04/27/2006,OSH,WI,AGL,CE,Federal Contract Tower,0,4,21,0,25,0,1,97,0,98,0,5,118,0,123,126,0,126,249
04/28/2006,OSH,WI,AGL,CE,Federal Contract Tower,0,2,12,0,14,0,1,138,0,139,0,3,150,0,153,240,0,240,393
04/29/2006,OSH,WI,AGL,CE,Federal Contract Tower,0,2,11,0,13,0,0,82,0,82,0,2,93,0,95,140,0,140,235
04/30/2006,OSH,WI,AGL,CE,Federal Contract Tower,0,0,6,0,6,0,0,0,0,0,0,0,6,0,6,0,0,0,6
05/01/2006,OSH,WI,AGL,CE,Federal Contract Tower,0,4,11,0,15,0,0,8,0,8,0,4,19,0,23,16,0,16,39
05/02/2006,OSH,WI,AGL,CE,Federal Contract Tower,0,2,21,0,23,0,1,46,0,47,0,3,67,0,70,6,0,6,76
05/03/2006,OSH,WI,AGL,CE,Federal Contract Tower,0,3,10,0,13,0,1,61,0,62,0,4,71,0,75,58,0,58,133
05/04/2006,OSH,WI,AGL,CE,Federal Contract Tower,0,1,8,2,11,0,0,92,2,94,0,1,100,4,105,85,0,85,190
05/05/2006,OSH,WI,AGL,CE,Federal Contract Tower,0,3,21,0,24,0,0,99,6,105,0,3,120,6,129,182,2,184,313
05/06/2006,OSH,WI,AGL,CE,Federal Contract Tower,0,1,9,0,10,0,1,205,4,210,0,2,214,4,220,318,0,318,538
05/07/2006,OSH,WI,AGL,CE,Federal Contract Tower,0,0,2,0,2,0,0,154,0,154,0,0,156,0,156,258,0,258,414
05/08/2006,OSH,WI,AGL,CE,Federal Contract Tower,0,3,13,0,16,0,1,93,0,94,0,4,106,0,110,126,0,126,236
05/09/2006,OSH,WI,AGL,CE,Federal Contract Tower,0,5,12,0,17,0,0,22,0,22,0,5,34,0,39,30,0,30,69
05/10/2006,OSH,WI,AGL,CE,Federal Contract Tower,0,0,36,2,38,0,2,41,0,43,0,2,77,2,81,48,0,48,129
05/11/2006,OSH,WI,AGL,CE,Federal Contract Tower,0,5,3,0,8,0,0,0,0,0,0,5,3,0,8,0,0,0,8
05/12/2006,OSH,WI,AGL,CE,Federal Contract Tower,0,4,4,2,10,0,1,5,0,6,0,5,9,2,16,0,0,0,16
05/13/2006,OSH,WI,AGL,CE,Federal Contract Tower,0,4,10,0,14,0,0,4,0,4,0,4,14,0,18,0,0,0,18
05/14/2006,OSH,WI,AGL,CE,Federal Contract Tower,0,0,9,0,9,0,0,0,0,0,0,0,9,0,9,0,0,0,9
05/15/2006,OSH,WI,AGL,CE,Federal Contract Tower,0,3,30,12,45,0,1,33,1,35,0,4,63,13,80,26,0,26,106
05/16/2006,OSH,WI,AGL,CE,Federal Contract Tower,0,3,8,0,11,0,1,67,0,68,0,4,75,0,79,132,0,132,211
05/17/2006,OSH,WI,AGL,CE,Federal Contract Tower,0,4,14,0,18,0,1,66,0,67,0,5,80,0,85,58,0,58,143
05/18/2006,OSH,WI,AGL,CE,Federal Contract Tower,0,3,26,0,29,0,2,84,2,88,0,5,110,2,117,96,0,96,213
05/19/2006,OSH,WI,AGL,CE,Federal Contract Tower,0,7,13,0,20,0,0,129,0,129,0,7,142,0,149,241,0,241,390
05/20/2006,OSH,WI,AGL,CE,Federal Contract Tower,0,1,7,0,8,0,1,91,2,94,0,2,98,2,102,198,0,198,300
05/21/2006,OSH,WI,AGL,CE,Federal Contract Tower,0,0,8,6,14,0,0,89,0,89,0,0,97,6,103,162,0,162,265
05/22/2006,OSH,WI,AGL,CE,Federal Contract Tower,0,3,13,0,16,0,2,136,0,138,0,5,149,0,154,186,0,186,340
05/23/2006,OSH,WI,AGL,CE,Federal Contract Tower,0,2,13,0,15,0,1,142,2,145,0,3,155,2,160,96,10,106,266
05/24/2006,OSH,WI,AGL,CE,Federal Contract Tower,0,5,23,1,29,0,0,66,1,67,0,5,89,2,96,134,0,134,230
05/25/2006,OSH,WI,AGL,CE,Federal Contract Tower,0,7,22,0,29,0,0,33,0,33,0,7,55,0,62,82,0,82,144
05/26/2006,OSH,WI,AGL,CE,Federal Contract Tower,0,3,38,0,41,0,0,88,0,88,0,3,126,0,129,256,0,256,385
05/27/2006,OSH,WI,AGL,CE,Federal Contract Tower,0,2,3,0,5,0,0,108,0,108,0,2,111,0,113,262,0,262,375
05/28/2006,OSH,WI,AGL,CE,Federal Contract Tower,0,0,5,0,5,0,0,65,0,65,0,0,70,0,70,108,0,108,178
05/29/2006,OSH,WI,AGL,CE,Federal Contract Tower,0,0,4,0,4,0,0,89,0,89,0,0,93,0,93,208,0,208,301
05/30/2006,OSH,WI,AGL,CE,Federal Contract Tower,0,2,13,0,15,0,0,42,0,42,0,2,55,0,57,80,0,80,137
05/31/2006,OSH,WI,AGL,CE,Federal Contract Tower,0,2,33,0,35,0,2,112,0,114,0,4,145,0,149,142,0,142,291
06/01/2006,OSH,WI,AGL,CE,Federal Contract Tower,0,2,10,0,12,0,2,118,2,122,0,4,128,2,134,230,4,234,368
06/02/2006,OSH,WI,AGL,CE,Federal Contract Tower,0,1,13,1,15,0,3,99,1,103,0,4,112,2,118,152,0,152,270
06/03/2006,OSH,WI,AGL,CE,Federal Contract Tower,0,1,4,0,5,0,0,128,0,128,0,1,132,0,133,300,0,300,433
06/04/2006,OSH,WI,AGL,CE,Federal Contract Tower,0,0,9,0,9,0,0,162,0,162,0,0,171,0,171,246,0,246,417
06/05/2006,OSH,WI,AGL,CE,Federal Contract Tower,0,2,13,5,20,0,1,109,1,111,0,3,122,6,131,272,0,272,403
06/06/2006,OSH,WI,AGL,CE,Federal Contract Tower,0,4,28,0,32,0,0,26,0,26,0,4,54,0,58,74,0,74,132
06/07/2006,OSH,WI,AGL,CE,Federal Contract Tower,0,6,15,0,21,0,1,108,0,109,0,7,123,0,130,280,0,280,410
06/08/2006,OSH,WI,AGL,CE,Federal Contract Tower,0,11,10,3,24,0,0,146,1,147,0,11,156,4,171,288,6,294,465
06/09/2006,OSH,WI,AGL,CE,Federal Contract Tower,0,6,8,0,14,0,0,140,0,140,0,6,148,0,154,240,0,240,394
06/10/2006,OSH,WI,AGL,CE,Federal Contract Tower,0,2,14,0,16,0,0,206,2,208,0,2,220,2,224,284,0,284,508
06/11/2006,OSH,WI,AGL,CE,Federal Contract Tower,0,0,2,0,2,0,0,175,0,175,0,0,177,0,177,184,0,184,361
06/12/2006,OSH,WI,AGL,CE,Federal Contract Tower,0,5,11,0,16,0,2,182,0,184,0,7,193,0,200,322,0,322,522
06/13/2006,OSH,WI,AGL,CE,Federal Contract Tower,0,4,8,4,16,0,0,179,4,183,0,4,187,8,199,422,36,458,657
06/14/2006,OSH,WI,AGL,CE,Federal Contract Tower,0,3,29,0,32,0,4,152,0,156,0,7,181,0,188,547,0,547,735
06/15/2006,OSH,WI,AGL,CE,Federal Contract Tower,0,6,15,0,21,0,0,132,0,132,0,6,147,0,153,527,0,527,680
06/16/2006,OSH,WI,AGL,CE,Federal Contract Tower,0,6,21,0,27,0,1,100,6,107,0,7,121,6,134,203,0,203,337
06/17/2006,OSH,WI,AGL,CE,Federal Contract Tower,0,3,5,0,8,0,0,118,0,118,0,3,123,0,126,138,0,138,264
06/18/2006,OSH,WI,AGL,CE,Federal Contract Tower,0,0,4,0,4,0,0,57,0,57,0,0,61,0,61,98,0,98,159
06/19/2006,OSH,WI,AGL,CE,Federal Contract Tower,0,1,11,0,12,0,5,92,0,97,0,6,103,0,109,216,0,216,325
06/20/2006,OSH,WI,AGL,CE,Federal Contract Tower,0,3,6,0,9,0,4,114,0,118,0,7,120,0,127,340,0,340,467
06/21/2006,OSH,WI,AGL,CE,Federal Contract Tower,0,4,9,0,13,0,3,57,0,60,0,7,66,0,73,278,0,278,351
06/22/2006,OSH,WI,AGL,CE,Federal Contract Tower,0,5,15,0,20,0,4,100,0,104,0,9,115,0,124,448,0,448,572
06/23/2006,OSH,WI,AGL,CE,Federal Contract Tower,0,5,11,0,16,0,2,222,0,224,0,7,233,0,240,414,0,414,654
06/24/2006,OSH,WI,AGL,CE,Federal Contract Tower,0,2,2,0,4,0,0,67,2,69,0,2,69,2,73,164,0,164,237
06/25/2006,OSH,WI,AGL,CE,Federal Contract Tower,0,0,0,0,0,0,61,0,0,61,0,61,0,0,61,40,0,40,101
06/26/2006,OSH,WI,AGL,CE,Federal Contract Tower,0,4,13,2,19,0,2,187,2,191,0,6,200,4,210,544,4,548,758
06/27/2006,OSH,WI,AGL,CE,Federal Contract Tower,0,4,14,2,20,0,0,133,0,133,0,4,147,2,153,340,0,340,493
06/28/2006,OSH,WI,AGL,CE,Federal Contract Tower,0,4,24,4,32,0,2,87,0,89,0,6,111,4,121,486,0,486,607
06/29/2006,OSH,WI,AGL,CE,Federal Contract Tower,0,3,17,4,24,0,1,179,4,184,0,4,196,8,208,612,24,636,844
06/30/2006,OSH,WI,AGL,CE,Federal Contract Tower,0,3,20,0,23,0,0,167,0,167,0,3,187,0,190,620,0,620,810
07/01/2006,OSH,WI,AGL,CE,Federal Contract Tower,0,3,3,0,6,0,0,77,0,77,0,3,80,0,83,232,0,232,315
07/02/2006,OSH,WI,AGL,CE,Federal Contract Tower,0,0,0,0,0,0,77,0,0,77,0,77,0,0,77,124,0,124,201
07/03/2006,OSH,WI,AGL,CE,Federal Contract Tower,0,4,17,0,21,0,0,88,0,88,0,4,105,0,109,363,0,363,472
07/04/2006,OSH,WI,AGL,CE,Federal Contract Tower,0,0,3,0,3,0,0,108,6,114,0,0,111,6,117,192,6,198,315
07/05/2006,OSH,WI,AGL,CE,Federal Contract Tower,0,8,13,6,27,0,2,75,0,77,0,10,88,6,104,168,15,183,287
07/06/2006,OSH,WI,AGL,CE,Federal Contract Tower,0,6,13,0,19,0,2,154,4,160,0,8,167,4,179,312,0,312,491
07/07/2006,OSH,WI,AGL,CE,Federal Contract Tower,0,4,16,0,20,0,0,161,0,161,0,4,177,0,181,478,0,478,659
07/08/2006,OSH,WI,AGL,CE,Federal Contract Tower,0,3,8,0,11,0,1,106,0,107,0,4,114,0,118,60,0,60,178
07/09/2006,OSH,WI,AGL,CE,Federal Contract Tower,0,0,8,0,8,0,0,96,0,96,0,0,104,0,104,138,0,138,242
07/10/2006,OSH,WI,AGL,CE,Federal Contract Tower,0,9,17,4,30,0,3,109,1,113,0,12,126,5,143,346,46,392,535
07/11/2006,OSH,WI,AGL,CE,Federal Contract Tower,0,8,18,0,26,0,1,27,0,28,0,9,45,0,54,148,0,148,202
07/12/2006,OSH,WI,AGL,CE,Federal Contract Tower,0,9,16,0,25,0,2,102,0,104,0,11,118,0,129,324,0,324,453
07/13/2006,OSH,WI,AGL,CE,Federal Contract Tower,0,5,24,0,29,0,2,124,4,130,0,7,148,4,159,324,0,324,483
07/14/2006,OSH,WI,AGL,CE,Federal Contract Tower,0,7,21,0,28,0,0,92,0,92,0,7,113,0,120,283,0,283,403
07/15/2006,OSH,WI,AGL,CE,Federal Contract Tower,0,1,15,0,16,0,1,156,6,163,0,2,171,6,179,184,0,184,363
07/16/2006,OSH,WI,AGL,CE,Federal Contract Tower,0,0,14,0,14,0,0,100,2,102,0,0,114,2,116,32,0,32,148
07/17/2006,OSH,WI,AGL,CE,Federal Contract Tower,0,4,19,0,23,0,2,115,0,117,0,6,134,0,140,162,0,162,302
07/18/2006,OSH,WI,AGL,CE,Federal Contract Tower,0,4,13,4,21,0,2,223,0,225,0,6,236,4,246,396,4,400,646
07/19/2006,OSH,WI,AGL,CE,Federal Contract Tower,0,3,24,0,27,0,3,110,0,113,0,6,134,0,140,150,0,150,290
07/20/2006,OSH,WI,AGL,CE,Federal Contract Tower,0,3,23,0,26,0,0,202,0,202,0,3,225,0,228,366,0,366,594
07/21/2006,OSH,WI,AGL,CE,Federal Contract Tower,0,0,84,0,84,0,0,549,0,549,0,0,633,0,633,418,0,418,1051
07/22/2006,OSH,WI,AGL,CE,Federal Contract Tower,0,3,52,0,55,0,0,1084,0,1084,0,3,1136,0,1139,0,0,0,1139
07/23/2006,OSH,WI,AGL,CE,Federal Contract Tower,0,0,86,2,88,0,0,2343,0,2343,0,0,2429,2,2431,0,0,0,2431
07/24/2006,OSH,WI,AGL,CE,Federal Contract Tower,0,3,45,6,54,0,0,1272,0,1272,0,3,1317,6,1326,0,0,0,1326
07/25/2006,OSH,WI,AGL,CE,Federal Contract Tower,0,0,78,3,81,0,0,1664,0,1664,0,0,1742,3,1745,0,0,0,1745
07/26/2006,OSH,WI,AGL,CE,Federal Contract Tower,0,3,140,3,146,0,0,1789,0,1789,0,3,1929,3,1935,0,0,0,1935
07/27/2006,OSH,WI,AGL,CE,Federal Contract Tower,0,6,128,2,136,0,0,2560,0,2560,0,6,2688,2,2696,0,0,0,2696
07/28/2006,OSH,WI,AGL,CE,Federal Contract Tower,0,7,117,10,134,0,0,1950,0,1950,0,7,2067,10,2084,0,0,0,2084
07/29/2006,OSH,WI,AGL,CE,Federal Contract Tower,0,3,76,0,79,0,0,1665,0,1665,0,3,1741,0,1744,0,0,0,1744
07/30/2006,OSH,WI,AGL,CE,Federal Contract Tower,0,3,79,6,88,0,0,1122,0,1122,0,3,1201,6,1210,0,0,0,1210
07/31/2006,OSH,WI,AGL,CE,Federal Contract Tower,0,3,48,5,56,0,4,505,12,521,0,7,553,17,577,10,0,10,587
08/01/2006,OSH,WI,AGL,CE,Federal Contract Tower,0,3,18,0,21,0,1,128,0,129,0,4,146,0,150,44,0,44,194
08/02/2006,OSH,WI,AGL,CE,Federal Contract Tower,0,2,10,0,12,0,0,70,0,70,0,2,80,0,82,168,0,168,250
08/03/2006,OSH,WI,AGL,CE,Federal Contract Tower,0,3,10,0,13,0,1,165,0,166,0,4,175,0,179,338,0,338,517
08/04/2006,OSH,WI,AGL,CE,Federal Contract Tower,0,1,14,0,15,0,1,158,0,159,0,2,172,0,174,292,0,292,466
08/05/2006,OSH,WI,AGL,CE,Federal Contract Tower,0,2,11,0,13,0,1,140,0,141,0,3,151,0,154,152,0,152,306
08/06/2006,OSH,WI,AGL,CE,Federal Contract Tower,0,0,14,0,14,0,0,31,0,31,0,0,45,0,45,92,0,92,137
08/07/2006,OSH,WI,AGL,CE,Federal Contract Tower,0,3,13,1,17,0,3,111,0,114,0,6,124,1,131,237,0,237,368
08/08/2006,OSH,WI,AGL,CE,Federal Contract Tower,0,5,10,2,17,0,2,172,0,174,0,7,182,2,191,276,0,276,467
08/09/2006,OSH,WI,AGL,CE,Federal Contract Tower,0,7,20,2,29,0,0,125,2,127,0,7,145,4,156,286,2,288,444
08/10/2006,OSH,WI,AGL,CE,Federal Contract Tower,0,4,11,0,15,0,3,50,0,53,0,7,61,0,68,268,0,268,336
08/11/2006,OSH,WI,AGL,CE,Federal Contract Tower,0,8,18,0,26,0,0,119,0,119,0,8,137,0,145,314,0,314,459
08/12/2006,OSH,WI,AGL,CE,Federal Contract Tower,0,1,3,0,4,0,1,156,0,157,0,2,159,0,161,306,0,306,467
08/13/2006,OSH,WI,AGL,CE,Federal Contract Tower,0,0,10,0,10,0,0,61,0,61,0,0,71,0,71,118,0,118,189
08/14/2006,OSH,WI,AGL,CE,Federal Contract Tower,0,4,8,0,12,0,1,78,0,79,0,5,86,0,91,147,0,147,238
08/15/2006,OSH,WI,AGL,CE,Federal Contract Tower,0,4,4,0,8,0,1,119,0,120,0,5,123,0,128,156,0,156,284
08/16/2006,OSH,WI,AGL,CE,Federal Contract Tower,0,7,15,0,22,0,1,137,2,140,0,8,152,2,162,282,0,282,444
08/17/2006,OSH,WI,AGL,CE,Federal Contract Tower,0,7,12,0,19,0,1,126,0,127,0,8,138,0,146,118,0,118,264
08/18/2006,OSH,WI,AGL,CE,Federal Contract Tower,0,2,5,0,7,0,0,98,2,100,0,2,103,2,107,208,6,214,321
08/19/2006,OSH,WI,AGL,CE,Federal Contract Tower,0,2,12,0,14,0,0,68,0,68,0,2,80,0,82,326,0,326,408
08/20/2006,OSH,WI,AGL,CE,Federal Contract Tower,0,0,9,0,9,0,0,105,0,105,0,0,114,0,114,416,0,416,530
08/21/2006,OSH,WI,AGL,CE,Federal Contract Tower,0,3,17,0,20,0,1,106,0,107,0,4,123,0,127,262,0,262,389
08/22/2006,OSH,WI,AGL,CE,Federal Contract Tower,0,5,10,0,15,0,1,148,2,151,0,6,158,2,166,248,0,248,414
08/23/2006,OSH,WI,AGL,CE,Federal Contract Tower,0,7,11,0,18,0,0,67,0,67,0,7,78,0,85,142,0,142,227
08/24/2006,OSH,WI,AGL,CE,Federal Contract Tower,0,5,13,0,18,0,0,2,0,2,0,5,15,0,20,0,0,0,20
08/25/2006,OSH,WI,AGL,CE,Federal Contract Tower,0,1,21,0,22,0,0,52,0,52,0,1,73,0,74,118,0,118,192
08/26/2006,OSH,WI,AGL,CE,Federal Contract Tower,0,4,17,0,21,0,0,7,0,7,0,4,24,0,28,88,0,88,116
08/27/2006,OSH,WI,AGL,CE,Federal Contract Tower,0,0,21,0,21,0,0,106,0,106,0,0,127,0,127,252,0,252,379
08/28/2006,OSH,WI,AGL,CE,Federal Contract Tower,0,6,12,0,18,0,1,51,2,54,0,7,63,2,72,167,0,167,239
08/29/2006,OSH,WI,AGL,CE,Federal Contract Tower,0,6,16,0,22,0,0,126,0,126,0,6,142,0,148,166,0,166,314
08/30/2006,OSH,WI,AGL,CE,Federal Contract Tower,0,7,11,4,22,0,2,71,2,75,0,9,82,6,97,156,2,158,255
08/31/2006,OSH,WI,AGL,CE,Federal Contract Tower,0,5,9,0,14,0,2,155,0,157,0,7,164,0,171,212,0,212,383
09/01/2006,OSH,WI,AGL,CE,Federal Contract Tower,0,5,11,4,20,0,0,130,8,138,0,5,141,12,158,250,4,254,412
09/02/2006,OSH,WI,AGL,CE,Federal Contract Tower,0,1,3,0,4,0,1,105,0,106,0,2,108,0,110,150,0,150,260
09/03/2006,OSH,WI,AGL,CE,Federal Contract Tower,0,0,5,0,5,0,0,60,0,60,0,0,65,0,65,126,0,126,191
09/04/2006,OSH,WI,AGL,CE,Federal Contract Tower,0,0,6,0,6,0,0,54,0,54,0,0,60,0,60,102,0,102,162
09/05/2006,OSH,WI,AGL,CE,Federal Contract Tower,0,4,3,0,7,0,1,96,0,97,0,5,99,0,104,84,0,84,188
09/06/2006,OSH,WI,AGL,CE,Federal Contract Tower,0,5,15,0,20,0,2,108,0,110,0,7,123,0,130,148,0,148,278
09/07/2006,OSH,WI,AGL,CE,Federal Contract Tower,0,7,8,0,15,0,1,72,2,75,0,8,80,2,90,64,0,64,154
09/08/2006,OSH,WI,AGL,CE,Federal Contract Tower,0,6,17,2,25,0,0,39,2,41,0,6,56,4,66,72,0,72,138
09/09/2006,OSH,WI,AGL,CE,Federal Contract Tower,0,2,43,0,45,0,0,154,0,154,0,2,197,0,199,144,0,144,343
09/10/2006,OSH,WI,AGL,CE,Federal Contract Tower,0,5,36,2,43,0,0,93,0,93,0,5,129,2,136,60,0,60,196
09/11/2006,OSH,WI,AGL,CE,Federal Contract Tower,0,10,9,0,19,0,0,6,0,6,0,10,15,0,25,20,0,20,45
09/12/2006,OSH,WI,AGL,CE,Federal Contract Tower,0,11,12,0,23,0,0,0,0,0,0,11,12,0,23,0,0,0,23
09/13/2006,OSH,WI,AGL,CE,Federal Contract Tower,0,10,24,0,34,0,2,49,0,51,0,12,73,0,85,82,0,82,167
09/14/2006,OSH,WI,AGL,CE,Federal Contract Tower,0,4,7,0,11,0,2,138,0,140,0,6,145,0,151,76,0,76,227
09/15/2006,OSH,WI,AGL,CE,Federal Contract Tower,0,1,9,0,10,0,0,118,2,120,0,1,127,2,130,154,0,154,284
09/16/2006,OSH,WI,AGL,CE,Federal Contract Tower,0,2,3,0,5,0,0,85,0,85,0,2,88,0,90,92,0,92,182
09/17/2006,OSH,WI,AGL,CE,Federal Contract Tower,0,2,4,0,6,0,0,45,0,45,0,2,49,0,51,22,0,22,73
09/18/2006,OSH,WI,AGL,CE,Federal Contract Tower,0,2,15,0,17,0,0,59,0,59,0,2,74,0,76,74,0,74,150
09/19/2006,OSH,WI,AGL,CE,Federal Contract Tower,0,8,11,0,19,0,2,31,0,33,0,10,42,0,52,48,0,48,100
09/20/2006,OSH,WI,AGL,CE,Federal Contract Tower,0,5,7,2,14,0,2,128,0,130,0,7,135,2,144,110,0,110,254
09/21/2006,OSH,WI,AGL,CE,Federal Contract Tower,0,6,16,0,22,0,2,114,2,118,0,8,130,2,140,78,2,80,220
09/22/2006,OSH,WI,AGL,CE,Federal Contract Tower,0,4,11,0,15,0,0,6,0,6,0,4,17,0,21,18,0,18,39
09/23/2006,OSH,WI,AGL,CE,Federal Contract Tower,0,1,11,0,12,0,1,30,14,45,0,2,41,14,57,122,38,160,217
09/24/2006,OSH,WI,AGL,CE,Federal Contract Tower,0,2,6,0,8,0,0,66,1,67,0,2,72,1,75,76,0,76,151
09/25/2006,OSH,WI,AGL,CE,Federal Contract Tower,0,6,14,0,20,0,2,80,0,82,0,8,94,0,102,150,0,150,252
09/26/2006,OSH,WI,AGL,CE,Federal Contract Tower,0,6,10,4,20,0,4,105,5,114,0,10,115,9,134,58,14,72,206
09/27/2006,OSH,WI,AGL,CE,Federal Contract Tower,0,6,15,0,21,0,4,11,0,15,0,10,26,0,36,44,0,44,80
09/28/2006,OSH,WI,AGL,CE,Federal Contract Tower,0,3,17,0,20,0,3,74,0,77,0,6,91,0,97,66,0,66,163
09/29/2006,OSH,WI,AGL,CE,Federal Contract Tower,0,5,14,2,21,0,0,87,0,87,0,5,101,2,108,122,0,122,230
09/30/2006,OSH,WI,AGL,CE,Federal Contract Tower,0,3,6,0,9,0,0,68,0,68,0,3,74,0,77,116,0,116,193
10/01/2006,OSH,WI,AGL,CE,Federal Contract Tower,0,0,8,0,8,0,0,140,0,140,0,0,148,0,148,188,0,188,336
10/02/2006,OSH,WI,AGL,CE,Federal Contract Tower,0,4,2,0,6,0,1,22,0,23,0,5,24,0,29,38,0,38,67
10/03/2006,OSH,WI,AGL,CE,Federal Contract Tower,0,12,13,0,25,0,0,50,0,50,0,12,63,0,75,50,0,50,125
10/04/2006,OSH,WI,AGL,CE,Federal Contract Tower,0,4,4,0,8,0,3,32,0,35,0,7,36,0,43,66,0,66,109
10/05/2006,OSH,WI,AGL,CE,Federal Contract Tower,0,4,7,0,11,0,2,88,8,98,0,6,95,8,109,108,0,108,217
10/06/2006,OSH,WI,AGL,CE,Federal Contract Tower,0,2,6,0,8,0,0,101,0,101,0,2,107,0,109,170,0,170,279
10/07/2006,OSH,WI,AGL,CE,Federal Contract Tower,0,1,9,0,10,0,1,117,0,118,0,2,126,0,128,190,0,190,318
10/08/2006,OSH,WI,AGL,CE,Federal Contract Tower,0,0,3,0,3,0,0,51,0,51,0,0,54,0,54,90,0,90,144
10/09/2006,OSH,WI,AGL,CE,Federal Contract Tower,0,8,8,0,16,0,0,69,0,69,0,8,77,0,85,88,0,88,173
10/10/2006,OSH,WI,AGL,CE,Federal Contract Tower,0,7,15,2,24,0,3,47,0,50,0,10,62,2,74,38,0,38,112
10/11/2006,OSH,WI,AGL,CE,Federal Contract Tower,0,5,14,0,19,0,2,1,0,3,0,7,15,0,22,4,0,4,26
10/12/2006,OSH,WI,AGL,CE,Federal Contract Tower,0,7,17,0,24,0,2,22,0,24,0,9,39,0,48,6,0,6,54
10/13/2006,OSH,WI,AGL,CE,Federal Contract Tower,0,6,6,0,12,0,0,6,0,6,0,6,12,0,18,12,0,12,30
10/14/2006,OSH,WI,AGL,CE,Federal Contract Tower,0,4,9,1,14,0,1,56,0,57,0,5,65,1,71,48,0,48,119
10/15/2006,OSH,WI,AGL,CE,Federal Contract Tower,0,0,5,0,5,0,0,124,0,124,0,0,129,0,129,150,0,150,279
10/16/2006,OSH,WI,AGL,CE,Federal Contract Tower,0,6,19,0,25,0,0,26,0,26,0,6,45,0,51,84,0,84,135
10/17/2006,OSH,WI,AGL,CE,Federal Contract Tower,0,6,13,0,19,0,2,30,0,32,0,8,43,0,51,36,0,36,87
10/18/2006,OSH,WI,AGL,CE,Federal Contract Tower,0,6,14,0,20,0,0,7,0,7,0,6,21,0,27,26,0,26,53
10/19/2006,OSH,WI,AGL,CE,Federal Contract Tower,0,4,17,2,23,0,3,46,0,49,0,7,63,2,72,62,22,84,156
10/20/2006,OSH,WI,AGL,CE,Federal Contract Tower,0,5,22,0,27,0,0,107,0,107,0,5,129,0,134,36,0,36,170
10/21/2006,OSH,WI,AGL,CE,Federal Contract Tower,0,2,13,0,15,0,0,35,0,35,0,2,48,0,50,48,0,48,98
10/22/2006,OSH,WI,AGL,CE,Federal Contract Tower,0,0,7,0,7,0,0,30,0,30,0,0,37,0,37,22,0,22,59
10/23/2006,OSH,WI,AGL,CE,Federal Contract Tower,0,3,9,2,14,0,1,72,0,73,0,4,81,2,87,58,0,58,145
10/24/2006,OSH,WI,AGL,CE,Federal Contract Tower,0,7,13,6,26,0,6,74,0,80,0,13,87,6,106,92,0,92,198
10/25/2006,OSH,WI,AGL,CE,Federal Contract Tower,0,11,8,0,19,0,2,101,2,105,0,13,109,2,124,116,0,116,240
10/26/2006,OSH,WI,AGL,CE,Federal Contract Tower,0,5,14,1,20,0,2,72,2,76,0,7,86,3,96,52,2,54,150
10/27/2006,OSH,WI,AGL,CE,Federal Contract Tower,0,3,15,0,18,0,0,65,2,67,0,3,80,2,85,95,4,99,184
10/28/2006,OSH,WI,AGL,CE,Federal Contract Tower,0,1,15,0,16,0,0,37,0,37,0,1,52,0,53,12,0,12,65
10/29/2006,OSH,WI,AGL,CE,Federal Contract Tower,0,0,9,0,9,0,3,101,4,108,0,3,110,4,117,56,2,58,175
10/30/2006,OSH,WI,AGL,CE,Federal Contract Tower,0,6,8,0,14,0,1,94,2,97,0,7,102,2,111,114,0,114,225
10/31/2006,OSH,WI,AGL,CE,Federal Contract Tower,0,5,14,0,19,0,4,28,0,32,0,9,42,0,51,22,0,22,73
11/01/2006,OSH,WI,AGL,CE,Federal Contract Tower,0,6,7,0,13,0,0,59,0,59,0,6,66,0,72,56,0,56,128
11/02/2006,OSH,WI,AGL,CE,Federal Contract Tower,0,7,8,0,15,0,1,34,0,35,0,8,42,0,50,54,0,54,104
11/03/2006,OSH,WI,AGL,CE,Federal Contract Tower,0,4,6,4,14,0,0,126,6,132,0,4,132,10,146,70,6,76,222
11/04/2006,OSH,WI,AGL,CE,Federal Contract Tower,0,2,8,0,10,0,0,40,0,40,0,2,48,0,50,30,0,30,80
11/05/2006,OSH,WI,AGL,CE,Federal Contract Tower,0,0,8,0,8,0,0,94,0,94,0,0,102,0,102,105,0,105,207
11/06/2006,OSH,WI,AGL,CE,Federal Contract Tower,0,5,17,0,22,0,0,26,0,26,0,5,43,0,48,90,0,90,138
11/07/2006,OSH,WI,AGL,CE,Federal Contract Tower,0,7,22,0,29,0,0,23,0,23,0,7,45,0,52,98,0,98,150
11/08/2006,OSH,WI,AGL,CE,Federal Contract Tower,0,12,10,0,22,0,2,63,0,65,0,14,73,0,87,54,0,54,141
11/09/2006,OSH,WI,AGL,CE,Federal Contract Tower,2,6,10,0,18,0,3,99,0,102,2,9,109,0,120,88,0,88,208
11/10/2006,OSH,WI,AGL,CE,Federal Contract Tower,0,4,7,0,11,0,0,21,0,21,0,4,28,0,32,54,0,54,86
11/11/2006,OSH,WI,AGL,CE,Federal Contract Tower,0,1,6,0,7,0,2,72,0,74,0,3,78,0,81,62,0,62,143
11/12/2006,OSH,WI,AGL,CE,Federal Contract Tower,0,0,6,0,6,0,0,40,0,40,0,0,46,0,46,54,0,54,100
11/13/2006,OSH,WI,AGL,CE,Federal Contract Tower,0,4,9,0,13,0,1,0,0,1,0,5,9,0,14,0,0,0,14
11/14/2006,OSH,WI,AGL,CE,Federal Contract Tower,0,4,14,0,18,0,3,32,0,35,0,7,46,0,53,48,0,48,101
11/15/2006,OSH,WI,AGL,CE,Federal Contract Tower,0,6,3,0,9,0,3,16,2,21,0,9,19,2,30,38,2,40,70
11/16/2006,OSH,WI,AGL,CE,Federal Contract Tower,0,4,13,0,17,0,3,47,4,54,0,7,60,4,71,28,4,32,103
11/17/2006,OSH,WI,AGL,CE,Federal Contract Tower,0,3,6,0,9,0,2,89,0,91,0,5,95,0,100,120,0,120,220
11/18/2006,OSH,WI,AGL,CE,Federal Contract Tower,0,1,8,0,9,0,1,53,0,54,0,2,61,0,63,20,0,20,83
11/19/2006,OSH,WI,AGL,CE,Federal Contract Tower,0,0,6,0,6,0,0,88,0,88,0,0,94,0,94,6,0,6,100
11/20/2006,OSH,WI,AGL,CE,Federal Contract Tower,0,5,10,0,15,0,2,97,0,99,0,7,107,0,114,124,0,124,238
11/21/2006,OSH,WI,AGL,CE,Federal Contract Tower,0,3,7,0,10,0,2,58,0,60,0,5,65,0,70,106,0,106,176
11/22/2006,OSH,WI,AGL,CE,Federal Contract Tower,0,4,11,0,15,0,6,102,0,108,0,10,113,0,123,138,0,138,261
11/23/2006,OSH,WI,AGL,CE,Federal Contract Tower,0,1,3,0,4,0,0,59,0,59,0,1,62,0,63,22,0,22,85
11/24/2006,OSH,WI,AGL,CE,Federal Contract Tower,0,1,5,0,6,0,0,84,0,84,0,1,89,0,90,38,0,38,128
11/25/2006,OSH,WI,AGL,CE,Federal Contract Tower,0,2,7,0,9,0,0,86,1,87,0,2,93,1,96,34,0,34,130
11/26/2006,OSH,WI,AGL,CE,Federal Contract Tower,0,1,10,0,11,0,0,10,0,10,0,1,20,0,21,6,0,6,27
11/27/2006,OSH,WI,AGL,CE,Federal Contract Tower,0,8,7,0,15,0,0,3,0,3,0,8,10,0,18,0,0,0,18
11/28/2006,OSH,WI,AGL,CE,Federal Contract Tower,0,6,8,0,14,0,2,4,0,6,0,8,12,0,20,20,0,20,40
11/29/2006,OSH,WI,AGL,CE,Federal Contract Tower,0,7,11,0,18,0,1,1,0,2,0,8,12,0,20,0,0,0,20
11/30/2006,OSH,WI,AGL,CE,Federal Contract Tower,0,8,3,0,11,0,2,105,0,107,0,10,108,0,118,80,0,80,198
12/01/2006,OSH,WI,AGL,CE,Federal Contract Tower,0,8,3,0,11,0,0,6,0,6,0,8,9,0,17,0,0,0,17
12/02/2006,OSH,WI,AGL,CE,Federal Contract Tower,0,1,3,0,4,0,1,56,0,57,0,2,59,0,61,84,0,84,145
12/03/2006,OSH,WI,AGL,CE,Federal Contract Tower,0,1,5,0,6,0,0,28,0,28,0,1,33,0,34,16,0,16,50
12/04/2006,OSH,WI,AGL,CE,Federal Contract Tower,0,5,13,0,18,0,0,9,0,9,0,5,22,0,27,38,0,38,65
12/05/2006,OSH,WI,AGL,CE,Federal Contract Tower,0,11,6,0,17,0,0,43,0,43,0,11,49,0,60,66,0,66,126
12/06/2006,OSH,WI,AGL,CE,Federal Contract Tower,0,8,15,0,23,0,3,30,2,35,0,11,45,2,58,62,2,64,122
12/07/2006,OSH,WI,AGL,CE,Federal Contract Tower,0,6,16,0,22,0,2,42,0,44,0,8,58,0,66,36,0,36,102
12/08/2006,OSH,WI,AGL,CE,Federal Contract Tower,0,5,15,0,20,0,0,76,0,76,0,5,91,0,96,66,0,66,162
12/09/2006,OSH,WI,AGL,CE,Federal Contract Tower,0,1,5,0,6,0,1,116,0,117,0,2,121,0,123,60,0,60,183
12/10/2006,OSH,WI,AGL,CE,Federal Contract Tower,0,0,3,0,3,0,0,45,0,45,0,0,48,0,48,68,0,68,116
12/11/2006,OSH,WI,AGL,CE,Federal Contract Tower,0,6,12,0,18,0,0,66,0,66,0,6,78,0,84,124,0,124,208
12/12/2006,OSH,WI,AGL,CE,Federal Contract Tower,0,9,16,0,25,0,0,0,0,0,0,9,16,0,25,0,0,0,25
12/13/2006,OSH,WI,AGL,CE,Federal Contract Tower,0,8,13,0,21,0,2,33,2,37,0,10,46,2,58,52,2,54,112
12/14/2006,OSH,WI,AGL,CE,Federal Contract Tower,0,5,14,0,19,0,3,68,0,71,0,8,82,0,90,88,0,88,178
12/15/2006,OSH,WI,AGL,CE,Federal Contract Tower,0,1,9,0,10,0,0,126,0,126,0,1,135,0,136,156,0,156,292
12/16/2006,OSH,WI,AGL,CE,Federal Contract Tower,0,1,10,0,11,0,1,72,0,73,0,2,82,0,84,46,0,46,130
12/17/2006,OSH,WI,AGL,CE,Federal Contract Tower,0,0,6,0,6,0,0,130,0,130,0,0,136,0,136,84,0,84,220
12/18/2006,OSH,WI,AGL,CE,Federal Contract Tower,0,1,9,2,12,0,2,93,4,99,0,3,102,6,111,116,14,130,241
12/19/2006,OSH,WI,AGL,CE,Federal Contract Tower,0,8,16,3,27,0,2,121,0,123,0,10,137,3,150,218,0,218,368
12/20/2006,OSH,WI,AGL,CE,Federal Contract Tower,0,8,10,0,18,0,2,104,2,108,0,10,114,2,126,92,0,92,218
12/21/2006,OSH,WI,AGL,CE,Federal Contract Tower,0,10,19,0,29,0,0,9,0,9,0,10,28,0,38,0,0,0,38
12/22/2006,OSH,WI,AGL,CE,Federal Contract Tower,0,14,2,0,16,0,2,0,0,2,0,16,2,0,18,0,0,0,18
12/23/2006,OSH,WI,AGL,CE,Federal Contract Tower,0,0,4,0,4,0,0,10,0,10,0,0,14,0,14,6,0,6,20
12/24/2006,OSH,WI,AGL,CE,Federal Contract Tower,0,0,0,0,0,0,0,43,0,43,0,0,43,0,43,26,0,26,69
12/25/2006,OSH,WI,AGL,CE,Federal Contract Tower,0,0,1,0,1,0,0,4,0,4,0,0,5,0,5,6,0,6,11
12/26/2006,OSH,WI,AGL,CE,Federal Contract Tower,0,6,17,0,23,0,2,66,0,68,0,8,83,0,91,72,0,72,163
12/27/2006,OSH,WI,AGL,CE,Federal Contract Tower,0,4,13,2,19,0,3,60,0,63,0,7,73,2,82,85,0,85,167
12/28/2006,OSH,WI,AGL,CE,Federal Contract Tower,0,7,5,0,12,0,0,0,0,0,0,7,5,0,12,0,0,0,12
12/29/2006,OSH,WI,AGL,CE,Federal Contract Tower,0,4,6,0,10,0,0,0,0,0,0,4,6,0,10,0,0,0,10
12/30/2006,OSH,WI,AGL,CE,Federal Contract Tower,0,0,1,0,1,0,0,0,0,0,0,0,1,0,1,0,0,0,1
12/31/2006,OSH,WI,AGL,CE,Federal Contract Tower,0,0,7,0,7,0,0,0,0,0,0,0,7,0,7,0,0,0,7
01/01/2007,OSH,WI,AGL,CE,Federal Contract Tower,0,0,4,0,4,0,0,22,0,22,0,0,26,0,26,0,0,0,26
01/02/2007,OSH,WI,AGL,CE,Federal Contract Tower,0,4,6,0,10,0,3,92,0,95,0,7,98,0,105,64,0,64,169
01/03/2007,OSH,WI,AGL,CE,Federal Contract Tower,0,4,7,0,11,0,3,63,0,66,0,7,70,0,77,21,0,21,98
01/04/2007,OSH,WI,AGL,CE,Federal Contract Tower,0,5,12,5,22,0,2,62,1,65,0,7,74,6,87,12,16,28,115
01/05/2007,OSH,WI,AGL,CE,Federal Contract Tower,0,3,15,4,22,0,0,70,0,70,0,3,85,4,92,88,0,88,180
01/06/2007,OSH,WI,AGL,CE,Federal Contract Tower,0,2,7,0,9,0,5,70,0,75,0,7,77,0,84,74,0,74,158
01/07/2007,OSH,WI,AGL,CE,Federal Contract Tower,0,1,10,0,11,0,0,49,0,49,0,1,59,0,60,20,0,20,80
01/08/2007,OSH,WI,AGL,CE,Federal Contract Tower,0,3,7,0,10,0,1,38,0,39,0,4,45,0,49,56,0,56,105
01/09/2007,OSH,WI,AGL,CE,Federal Contract Tower,0,8,6,0,14,0,3,22,0,25,0,11,28,0,39,2,0,2,41
01/10/2007,OSH,WI,AGL,CE,Federal Contract Tower,0,5,15,0,20,0,1,23,0,24,0,6,38,0,44,52,0,52,96
01/11/2007,OSH,WI,AGL,CE,Federal Contract Tower,0,5,17,0,22,0,1,33,0,34,0,6,50,0,56,2,0,2,58
01/12/2007,OSH,WI,AGL,CE,Federal Contract Tower,0,2,2,0,4,0,0,14,0,14,0,2,16,0,18,104,0,104,122
01/13/2007,OSH,WI,AGL,CE,Federal Contract Tower,0,2,5,0,7,0,0,48,0,48,0,2,53,0,55,80,0,80,135
01/14/2007,OSH,WI,AGL,CE,Federal Contract Tower,0,1,2,0,3,0,0,26,0,26,0,1,28,0,29,36,0,36,65
01/15/2007,OSH,WI,AGL,CE,Federal Contract Tower,0,1,9,0,10,0,0,1,0,1,0,1,10,0,11,0,0,0,11
01/16/2007,OSH,WI,AGL,CE,Federal Contract Tower,0,3,14,0,17,0,3,66,0,69,0,6,80,0,86,102,0,102,188
01/17/2007,OSH,WI,AGL,CE,Federal Contract Tower,0,4,5,0,9,0,2,59,0,61,0,6,64,0,70,50,0,50,120
01/18/2007,OSH,WI,AGL,CE,Federal Contract Tower,0,6,5,0,11,0,1,16,0,17,0,7,21,0,28,76,0,76,104
01/19/2007,OSH,WI,AGL,CE,Federal Contract Tower,0,5,9,0,14,0,1,55,0,56,0,6,64,0,70,150,0,150,220
01/20/2007,OSH,WI,AGL,CE,Federal Contract Tower,0,2,3,0,5,0,0,128,0,128,0,2,131,0,133,82,0,82,215
01/21/2007,OSH,WI,AGL,CE,Federal Contract Tower,0,0,1,0,1,0,0,0,0,0,0,0,1,0,1,0,0,0,1
01/22/2007,OSH,WI,AGL,CE,Federal Contract Tower,0,4,10,6,20,0,0,3,2,5,0,4,13,8,25,22,12,34,59
01/23/2007,OSH,WI,AGL,CE,Federal Contract Tower,0,8,7,0,15,0,11,49,2,62,0,19,56,2,77,126,0,126,203
01/24/2007,OSH,WI,AGL,CE,Federal Contract Tower,0,4,5,0,9,0,1,56,6,63,0,5,61,6,72,100,6,106,178
01/25/2007,OSH,WI,AGL,CE,Federal Contract Tower,0,4,11,0,15,0,4,99,0,103,0,8,110,0,118,182,0,182,300
01/26/2007,OSH,WI,AGL,CE,Federal Contract Tower,0,4,15,0,19,0,13,32,0,45,0,17,47,0,64,118,0,118,182
01/27/2007,OSH,WI,AGL,CE,Federal Contract Tower,0,2,1,0,3,0,0,110,0,110,0,2,111,0,113,86,0,86,199
01/28/2007,OSH,WI,AGL,CE,Federal Contract Tower,0,0,12,0,12,0,0,35,0,35,0,0,47,0,47,44,0,44,91
01/29/2007,OSH,WI,AGL,CE,Federal Contract Tower,0,3,14,0,17,0,3,11,0,14,0,6,25,0,31,26,0,26,57
01/30/2007,OSH,WI,AGL,CE,Federal Contract Tower,0,4,12,3,19,0,6,60,3,69,0,10,72,6,88,138,18,156,244
01/31/2007,OSH,WI,AGL,CE,Federal Contract Tower,0,5,15,0,20,0,0,67,0,67,0,5,82,0,87,88,0,88,175
02/01/2007,OSH,WI,AGL,CE,Federal Contract Tower,0,10,13,8,31,0,1,46,2,49,0,11,59,10,80,94,2,96,176
02/02/2007,OSH,WI,AGL,CE,Federal Contract Tower,0,5,1,0,6,0,6,34,0,40,0,11,35,0,46,46,0,46,92
02/03/2007,OSH,WI,AGL,CE,Federal Contract Tower,0,4,8,0,12,0,0,4,0,4,0,4,12,0,16,0,0,0,16
02/04/2007,OSH,WI,AGL,CE,Federal Contract Tower,0,2,5,0,7,0,0,6,0,6,0,2,11,0,13,0,0,0,13
02/05/2007,OSH,WI,AGL,CE,Federal Contract Tower,0,3,2,0,5,0,0,14,0,14,0,3,16,0,19,0,0,0,19
02/06/2007,OSH,WI,AGL,CE,Federal Contract Tower,0,3,17,0,20,0,2,27,5,34,0,5,44,5,54,2,0,2,56
02/07/2007,OSH,WI,AGL,CE,Federal Contract Tower,0,4,9,0,13,0,1,57,0,58,0,5,66,0,71,28,0,28,99
02/08/2007,OSH,WI,AGL,CE,Federal Contract Tower,0,4,9,0,13,0,7,84,0,91,0,11,93,0,104,86,0,86,190
02/09/2007,OSH,WI,AGL,CE,Federal Contract Tower,0,6,11,1,18,0,0,82,1,83,0,6,93,2,101,92,0,92,193
02/10/2007,OSH,WI,AGL,CE,Federal Contract Tower,0,2,5,0,7,0,0,78,2,80,0,2,83,2,87,56,0,56,143
02/11/2007,OSH,WI,AGL,CE,Federal Contract Tower,0,0,4,0,4,0,0,30,0,30,0,0,34,0,34,32,0,32,66
02/12/2007,OSH,WI,AGL,CE,Federal Contract Tower,0,3,2,0,5,0,2,47,0,49,0,5,49,0,54,70,0,70,124
02/13/2007,OSH,WI,AGL,CE,Federal Contract Tower,0,3,5,0,8,0,0,17,0,17,0,3,22,0,25,10,0,10,35
02/14/2007,OSH,WI,AGL,CE,Federal Contract Tower,0,3,7,0,10,0,4,63,0,67,0,7,70,0,77,86,0,86,163
02/15/2007,OSH,WI,AGL,CE,Federal Contract Tower,0,3,13,0,16,0,3,60,0,63,0,6,73,0,79,140,0,140,219
02/16/2007,OSH,WI,AGL,CE,Federal Contract Tower,0,2,5,0,7,0,2,60,0,62,0,4,65,0,69,98,0,98,167
02/17/2007,OSH,WI,AGL,CE,Federal Contract Tower,0,2,9,0,11,0,0,45,0,45,0,2,54,0,56,28,0,28,84
02/18/2007,OSH,WI,AGL,CE,Federal Contract Tower,0,0,7,0,7,0,0,72,0,72,0,0,79,0,79,38,0,38,117
02/19/2007,OSH,WI,AGL,CE,Federal Contract Tower,0,4,9,0,13,0,0,38,0,38,0,4,47,0,51,36,0,36,87
02/20/2007,OSH,WI,AGL,CE,Federal Contract Tower,0,5,9,0,14,0,1,70,0,71,0,6,79,0,85,136,0,136,221
02/21/2007,OSH,WI,AGL,CE,Federal Contract Tower,0,5,10,0,15,0,1,62,0,63,0,6,72,0,78,80,0,80,158
02/22/2007,OSH,WI,AGL,CE,Federal Contract Tower,0,4,19,0,23,0,1,36,0,37,0,5,55,0,60,28,0,28,88
02/23/2007,OSH,WI,AGL,CE,Federal Contract Tower,0,4,9,0,13,0,6,67,0,73,0,10,76,0,86,136,0,136,222
02/24/2007,OSH,WI,AGL,CE,Federal Contract Tower,0,2,4,0,6,0,0,2,0,2,0,2,6,0,8,0,0,0,8
02/25/2007,OSH,WI,AGL,CE,Federal Contract Tower,0,0,1,0,1,0,0,0,0,0,0,0,1,0,1,0,0,0,1
02/26/2007,OSH,WI,AGL,CE,Federal Contract Tower,0,6,5,0,11,0,0,0,0,0,0,6,5,0,11,0,0,0,11
02/27/2007,OSH,WI,AGL,CE,Federal Contract Tower,0,3,16,0,19,0,0,22,0,22,0,3,38,0,41,38,0,38,79
02/28/2007,OSH,WI,AGL,CE,Federal Contract Tower,0,7,13,0,20,0,1,8,0,9,0,8,21,0,29,12,0,12,41
03/01/2007,OSH,WI,AGL,CE,Federal Contract Tower,0,0,5,0,5,0,0,0,0,0,0,0,5,0,5,0,0,0,5
03/02/2007,OSH,WI,AGL,CE,Federal Contract Tower,0,10,3,0,13,0,0,0,0,0,0,10,3,0,13,0,0,0,13
03/03/2007,OSH,WI,AGL,CE,Federal Contract Tower,0,2,5,6,13,0,0,3,0,3,0,2,8,6,16,4,6,10,26
03/04/2007,OSH,WI,AGL,CE,Federal Contract Tower,0,0,5,0,5,0,0,52,0,52,0,0,57,0,57,66,0,66,123
03/05/2007,OSH,WI,AGL,CE,Federal Contract Tower,0,4,6,0,10,0,1,58,0,59,0,5,64,0,69,60,0,60,129
03/06/2007,OSH,WI,AGL,CE,Federal Contract Tower,0,6,9,0,15,0,0,22,0,22,0,6,31,0,37,32,0,32,69
03/07/2007,OSH,WI,AGL,CE,Federal Contract Tower,0,4,11,0,15,0,1,97,0,98,0,5,108,0,113,154,0,154,267
03/08/2007,OSH,WI,AGL,CE,Federal Contract Tower,0,4,13,0,17,0,1,69,0,70,0,5,82,0,87,196,0,196,283
03/09/2007,OSH,WI,AGL,CE,Federal Contract Tower,0,6,7,0,13,0,0,56,0,56,0,6,63,0,69,152,0,152,221
03/10/2007,OSH,WI,AGL,CE,Federal Contract Tower,0,5,15,0,20,0,0,153,0,153,0,5,168,0,173,52,0,52,225
03/11/2007,OSH,WI,AGL,CE,Federal Contract Tower,0,0,6,0,6,0,0,139,0,139,0,0,145,0,145,70,0,70,215
03/12/2007,OSH,WI,AGL,CE,Federal Contract Tower,0,6,9,0,15,0,1,87,0,88,0,7,96,0,103,100,0,100,203
03/13/2007,OSH,WI,AGL,CE,Federal Contract Tower,0,4,9,0,13,0,9,56,0,65,0,13,65,0,78,80,0,80,158
03/14/2007,OSH,WI,AGL,CE,Federal Contract Tower,0,4,16,0,20,0,1,26,0,27,0,5,42,0,47,30,0,30,77
03/15/2007,OSH,WI,AGL,CE,Federal Contract Tower,0,3,22,0,25,0,1,54,0,55,0,4,76,0,80,108,0,108,188
03/16/2007,OSH,WI,AGL,CE,Federal Contract Tower,0,4,43,0,47,0,1,119,0,120,0,5,162,0,167,136,0,136,303
03/17/2007,OSH,WI,AGL,CE,Federal Contract Tower,0,2,5,0,7,0,1,154,0,155,0,3,159,0,162,92,0,92,254
03/18/2007,OSH,WI,AGL,CE,Federal Contract Tower,0,0,8,0,8,0,0,93,2,95,0,0,101,2,103,60,0,60,163
03/19/2007,OSH,WI,AGL,CE,Federal Contract Tower,0,4,32,0,36,0,1,34,0,35,0,5,66,0,71,46,0,46,117
03/20/2007,OSH,WI,AGL,CE,Federal Contract Tower,0,3,12,0,15,0,3,72,0,75,0,6,84,0,90,82,0,82,172
03/21/2007,OSH,WI,AGL,CE,Federal Contract Tower,0,4,23,0,27,0,0,0,0,0,0,4,23,0,27,0,0,0,27
03/22/2007,OSH,WI,AGL,CE,Federal Contract Tower,0,3,15,0,18,0,1,63,0,64,0,4,78,0,82,58,0,58,140
03/23/2007,OSH,WI,AGL,CE,Federal Contract Tower,0,5,11,0,16,0,3,111,0,114,0,8,122,0,130,126,0,126,256
03/24/2007,OSH,WI,AGL,CE,Federal Contract Tower,0,2,2,0,4,0,0,36,0,36,0,2,38,0,40,22,0,22,62
03/25/2007,OSH,WI,AGL,CE,Federal Contract Tower,0,0,10,0,10,0,0,23,0,23,0,0,33,0,33,16,0,16,49
03/26/2007,OSH,WI,AGL,CE,Federal Contract Tower,0,4,10,0,14,0,1,72,0,73,0,5,82,0,87,94,0,94,181
03/27/2007,OSH,WI,AGL,CE,Federal Contract Tower,0,7,19,0,26,0,1,16,0,17,0,8,35,0,43,0,0,0,43
03/28/2007,OSH,WI,AGL,CE,Federal Contract Tower,0,11,17,0,28,0,3,18,2,23,0,14,35,2,51,44,0,44,95
03/29/2007,OSH,WI,AGL,CE,Federal Contract Tower,0,4,40,0,44,0,1,62,0,63,0,5,102,0,107,56,0,56,163
03/30/2007,OSH,WI,AGL,CE,Federal Contract Tower,0,5,36,0,41,0,1,66,0,67,0,6,102,0,108,36,0,36,144
03/31/2007,OSH,WI,AGL,CE,Federal Contract Tower,0,6,5,0,11,0,0,44,0,44,0,6,49,0,55,102,0,102,157
04/01/2007,OSH,WI,AGL,CE,Federal Contract Tower,0,0,10,0,10,0,0,16,0,16,0,0,26,0,26,22,0,22,48
04/02/2007,OSH,WI,AGL,CE,Federal Contract Tower,0,4,25,0,29,0,1,67,0,68,0,5,92,0,97,66,0,66,163
04/03/2007,OSH,WI,AGL,CE,Federal Contract Tower,0,5,28,0,33,0,0,0,0,0,0,5,28,0,33,0,0,0,33
04/04/2007,OSH,WI,AGL,CE,Federal Contract Tower,0,3,9,0,12,0,1,5,0,6,0,4,14,0,18,0,0,0,18
04/05/2007,OSH,WI,AGL,CE,Federal Contract Tower,0,3,16,0,19,0,1,41,2,44,0,4,57,2,63,12,8,20,83
04/06/2007,OSH,WI,AGL,CE,Federal Contract Tower,0,5,7,0,12,0,7,84,0,91,0,12,91,0,103,132,0,132,235
04/07/2007,OSH,WI,AGL,CE,Federal Contract Tower,0,2,3,0,5,0,0,9,0,9,0,2,12,0,14,0,0,0,14
04/08/2007,OSH,WI,AGL,CE,Federal Contract Tower,0,0,0,0,0,0,28,0,0,28,0,28,0,0,28,10,0,10,38
04/09/2007,OSH,WI,AGL,CE,Federal Contract Tower,0,1,15,0,16,0,9,99,0,108,0,10,114,0,124,78,0,78,202
04/10/2007,OSH,WI,AGL,CE,Federal Contract Tower,0,6,38,1,45,0,2,51,0,53,0,8,89,1,98,118,2,120,218
04/11/2007,OSH,WI,AGL,CE,Federal Contract Tower,0,5,7,0,12,0,0,0,0,0,0,5,7,0,12,0,0,0,12
04/12/2007,OSH,WI,AGL,CE,Federal Contract Tower,0,6,11,0,17,0,1,16,2,19,0,7,27,2,36,14,8,22,58
04/13/2007,OSH,WI,AGL,CE,Federal Contract Tower,0,3,21,8,32,0,1,161,4,166,0,4,182,12,198,150,8,158,356
04/14/2007,OSH,WI,AGL,CE,Federal Contract Tower,0,2,17,1,20,0,0,139,0,139,0,2,156,1,159,64,0,64,223
04/15/2007,OSH,WI,AGL,CE,Federal Contract Tower,0,0,9,4,13,0,0,111,0,111,0,0,120,4,124,52,0,52,176
04/16/2007,OSH,WI,AGL,CE,Federal Contract Tower,0,5,17,0,22,0,2,131,0,133,0,7,148,0,155,0,134,134,289
04/17/2007,OSH,WI,AGL,CE,Federal Contract Tower,0,5,25,0,30,0,3,96,0,99,0,8,121,0,129,124,0,124,253
04/18/2007,OSH,WI,AGL,CE,Federal Contract Tower,0,5,28,0,33,0,1,22,0,23,0,6,50,0,56,28,0,28,84
04/19/2007,OSH,WI,AGL,CE,Federal Contract Tower,0,4,17,0,21,0,1,110,2,113,0,5,127,2,134,126,2,128,262
04/20/2007,OSH,WI,AGL,CE,Federal Contract Tower,0,4,18,0,22,0,7,160,0,167,0,11,178,0,189,130,0,130,319
04/21/2007,OSH,WI,AGL,CE,Federal Contract Tower,0,2,22,0,24,0,0,126,0,126,0,2,148,0,150,122,0,122,272
04/22/2007,OSH,WI,AGL,CE,Federal Contract Tower,0,0,15,0,15,0,0,57,0,57,0,0,72,0,72,18,0,18,90
04/23/2007,OSH,WI,AGL,CE,Federal Contract Tower,0,4,20,0,24,0,1,30,0,31,0,5,50,0,55,46,0,46,101
04/24/2007,OSH,WI,AGL,CE,Federal Contract Tower,0,4,13,0,17,0,0,71,0,71,0,4,84,0,88,82,0,82,170
04/25/2007,OSH,WI,AGL,CE,Federal Contract Tower,0,3,9,0,12,0,1,63,2,66,0,4,72,2,78,30,4,34,112
04/26/2007,OSH,WI,AGL,CE,Federal Contract Tower,0,7,24,0,31,0,0,2,0,2,0,7,26,0,33,14,0,14,47
04/27/2007,OSH,WI,AGL,CE,Federal Contract Tower,0,4,38,0,42,0,1,47,0,48,0,5,85,0,90,92,0,92,182
04/28/2007,OSH,WI,AGL,CE,Federal Contract Tower,0,2,7,0,9,0,0,141,0,141,0,2,148,0,150,116,0,116,266
04/29/2007,OSH,WI,AGL,CE,Federal Contract Tower,0,0,5,0,5,0,0,52,0,52,0,0,57,0,57,22,0,22,79
04/30/2007,OSH,WI,AGL,CE,Federal Contract Tower,0,3,12,0,15,0,1,76,0,77,0,4,88,0,92,44,0,44,136
05/01/2007,OSH,WI,AGL,CE,Federal Contract Tower,0,5,10,0,15,0,1,59,0,60,0,6,69,0,75,34,0,34,109
05/02/2007,OSH,WI,AGL,CE,Federal Contract Tower,0,7,15,0,22,0,2,104,0,106,0,9,119,0,128,136,0,136,264
05/03/2007,OSH,WI,AGL,CE,Federal Contract Tower,0,3,17,0,20,0,2,107,2,111,0,5,124,2,131,80,0,80,211
05/04/2007,OSH,WI,AGL,CE,Federal Contract Tower,0,3,7,0,10,0,1,123,0,124,0,4,130,0,134,194,0,194,328
05/05/2007,OSH,WI,AGL,CE,Federal Contract Tower,0,2,10,0,12,0,0,83,0,83,0,2,93,0,95,208,0,208,303
05/06/2007,OSH,WI,AGL,CE,Federal Contract Tower,0,0,7,0,7,0,0,68,0,68,0,0,75,0,75,112,0,112,187
05/07/2007,OSH,WI,AGL,CE,Federal Contract Tower,0,2,12,0,14,0,1,87,5,93,0,3,99,5,107,144,0,144,251
05/08/2007,OSH,WI,AGL,CE,Federal Contract Tower,0,4,16,0,20,0,1,68,2,71,0,5,84,2,91,116,0,116,207
05/09/2007,OSH,WI,AGL,CE,Federal Contract Tower,0,4,11,0,15,0,1,72,2,75,0,5,83,2,90,32,2,34,124
05/10/2007,OSH,WI,AGL,CE,Federal Contract Tower,0,6,19,0,25,0,1,106,0,107,0,7,125,0,132,122,0,122,254
05/11/2007,OSH,WI,AGL,CE,Federal Contract Tower,0,6,12,0,18,0,1,74,0,75,0,7,86,0,93,84,0,84,177
05/12/2007,OSH,WI,AGL,CE,Federal Contract Tower,0,4,5,0,9,0,0,122,0,122,0,4,127,0,131,188,0,188,319
05/13/2007,OSH,WI,AGL,CE,Federal Contract Tower,0,1,5,0,6,0,0,53,0,53,0,1,58,0,59,44,0,44,103
05/14/2007,OSH,WI,AGL,CE,Federal Contract Tower,0,3,8,0,11,0,1,60,0,61,0,4,68,0,72,28,0,28,100
05/15/2007,OSH,WI,AGL,CE,Federal Contract Tower,0,4,15,0,19,0,0,31,0,31,0,4,46,0,50,26,0,26,76
05/16/2007,OSH,WI,AGL,CE,Federal Contract Tower,0,4,30,0,34,0,1,51,0,52,0,5,81,0,86,44,0,44,130
05/17/2007,OSH,WI,AGL,CE,Federal Contract Tower,0,6,18,0,24,0,1,122,0,123,0,7,140,0,147,90,0,90,237
05/18/2007,OSH,WI,AGL,CE,Federal Contract Tower,0,6,8,0,14,0,1,124,0,125,0,7,132,0,139,142,0,142,281
05/19/2007,OSH,WI,AGL,CE,Federal Contract Tower,0,2,5,0,7,0,0,123,0,123,0,2,128,0,130,140,0,140,270
05/20/2007,OSH,WI,AGL,CE,Federal Contract Tower,0,1,26,0,27,0,0,51,0,51,0,1,77,0,78,80,0,80,158
05/21/2007,OSH,WI,AGL,CE,Federal Contract Tower,0,5,11,0,16,0,11,79,0,90,0,16,90,0,106,118,0,118,224
05/22/2007,OSH,WI,AGL,CE,Federal Contract Tower,0,4,3,2,9,0,1,88,0,89,0,5,91,2,98,52,4,56,154
05/23/2007,OSH,WI,AGL,CE,Federal Contract Tower,0,3,19,0,22,0,1,40,0,41,0,4,59,0,63,28,0,28,91
05/24/2007,OSH,WI,AGL,CE,Federal Contract Tower,0,5,19,0,24,0,0,17,2,19,0,5,36,2,43,20,0,20,63
05/25/2007,OSH,WI,AGL,CE,Federal Contract Tower,0,2,13,0,15,0,2,162,0,164,0,4,175,0,179,182,0,182,361
05/26/2007,OSH,WI,AGL,CE,Federal Contract Tower,0,2,11,0,13,0,0,72,0,72,0,2,83,0,85,178,0,178,263
05/27/2007,OSH,WI,AGL,CE,Federal Contract Tower,0,0,1,0,1,0,0,83,2,85,0,0,84,2,86,58,0,58,144
05/28/2007,OSH,WI,AGL,CE,Federal Contract Tower,0,1,4,0,5,0,0,145,0,145,0,1,149,0,150,276,0,276,426
05/29/2007,OSH,WI,AGL,CE,Federal Contract Tower,0,4,6,0,10,0,0,66,0,66,0,4,72,0,76,62,0,62,138
05/30/2007,OSH,WI,AGL,CE,Federal Contract Tower,0,5,16,0,21,0,0,49,0,49,0,5,65,0,70,226,0,226,296
05/31/2007,OSH,WI,AGL,CE,Federal Contract Tower,0,5,26,0,31,0,0,61,0,61,0,5,87,0,92,120,0,120,212
06/01/2007,OSH,WI,AGL,CE,Federal Contract Tower,0,6,13,0,19,0,0,53,1,54,0,6,66,1,73,170,0,170,243
06/02/2007,OSH,WI,AGL,CE,Federal Contract Tower,0,2,4,0,6,0,0,39,0,39,0,2,43,0,45,86,0,86,131
06/03/2007,OSH,WI,AGL,CE,Federal Contract Tower,0,0,15,0,15,0,0,21,0,21,0,0,36,0,36,22,0,22,58
06/04/2007,OSH,WI,AGL,CE,Federal Contract Tower,0,6,11,0,17,0,1,27,0,28,0,7,38,0,45,44,0,44,89
06/05/2007,OSH,WI,AGL,CE,Federal Contract Tower,0,3,15,0,18,0,0,111,0,111,0,3,126,0,129,74,0,74,203
06/06/2007,OSH,WI,AGL,CE,Federal Contract Tower,0,3,11,0,14,0,2,59,0,61,0,5,70,0,75,38,0,38,113
06/07/2007,OSH,WI,AGL,CE,Federal Contract Tower,0,4,10,0,14,0,1,10,0,11,0,5,20,0,25,2,0,2,27
06/08/2007,OSH,WI,AGL,CE,Federal Contract Tower,0,5,20,0,25,0,1,71,0,72,0,6,91,0,97,48,0,48,145
06/09/2007,OSH,WI,AGL,CE,Federal Contract Tower,0,2,4,0,6,0,2,248,0,250,0,4,252,0,256,422,0,422,678
06/10/2007,OSH,WI,AGL,CE,Federal Contract Tower,0,2,6,0,8,0,0,169,0,169,0,2,175,0,177,182,0,182,359
06/11/2007,OSH,WI,AGL,CE,Federal Contract Tower,0,3,11,0,14,0,3,196,0,199,0,6,207,0,213,418,0,418,631
06/12/2007,OSH,WI,AGL,CE,Federal Contract Tower,0,5,9,4,18,0,0,176,0,176,0,5,185,4,194,508,0,508,702
06/13/2007,OSH,WI,AGL,CE,Federal Contract Tower,0,4,26,2,32,0,1,129,0,130,0,5,155,2,162,454,0,454,616
06/14/2007,OSH,WI,AGL,CE,Federal Contract Tower,0,4,23,0,27,0,3,171,2,176,0,7,194,2,203,412,0,412,615
06/15/2007,OSH,WI,AGL,CE,Federal Contract Tower,0,4,15,0,19,0,1,143,0,144,0,5,158,0,163,308,0,308,471
06/16/2007,OSH,WI,AGL,CE,Federal Contract Tower,0,1,5,0,6,0,1,104,0,105,0,2,109,0,111,164,0,164,275
06/17/2007,OSH,WI,AGL,CE,Federal Contract Tower,0,0,3,0,3,0,0,102,0,102,0,0,105,0,105,294,0,294,399
06/18/2007,OSH,WI,AGL,CE,Federal Contract Tower,0,3,8,3,14,0,0,29,2,31,0,3,37,5,45,56,0,56,101
06/19/2007,OSH,WI,AGL,CE,Federal Contract Tower,0,4,14,3,21,0,1,67,0,68,0,5,81,3,89,42,0,42,131
06/20/2007,OSH,WI,AGL,CE,Federal Contract Tower,0,6,18,2,26,0,1,115,0,116,0,7,133,2,142,138,0,138,280
06/21/2007,OSH,WI,AGL,CE,Federal Contract Tower,0,4,11,0,15,0,1,115,0,116,0,5,126,0,131,394,0,394,525
06/22/2007,OSH,WI,AGL,CE,Federal Contract Tower,0,2,9,0,11,0,3,141,0,144,0,5,150,0,155,438,0,438,593
06/23/2007,OSH,WI,AGL,CE,Federal Contract Tower,0,1,7,0,8,0,1,125,0,126,0,2,132,0,134,228,0,228,362
06/24/2007,OSH,WI,AGL,CE,Federal Contract Tower,0,0,7,0,7,0,0,114,0,114,0,0,121,0,121,234,0,234,355
06/25/2007,OSH,WI,AGL,CE,Federal Contract Tower,0,4,19,0,23,0,0,78,1,79,0,4,97,1,102,312,0,312,414
06/26/2007,OSH,WI,AGL,CE,Federal Contract Tower,0,3,19,0,22,0,2,84,0,86,0,5,103,0,108,166,0,166,274
06/27/2007,OSH,WI,AGL,CE,Federal Contract Tower,0,4,16,0,20,0,1,76,2,79,0,5,92,2,99,219,0,219,318
06/28/2007,OSH,WI,AGL,CE,Federal Contract Tower,0,5,23,0,28,0,2,126,2,130,0,7,149,2,158,212,0,212,370
06/29/2007,OSH,WI,AGL,CE,Federal Contract Tower,0,4,16,0,20,0,2,176,0,178,0,6,192,0,198,322,0,322,520
06/30/2007,OSH,WI,AGL,CE,Federal Contract Tower,0,1,18,0,19,0,1,147,0,148,0,2,165,0,167,438,0,438,605
07/01/2007,OSH,WI,AGL,CE,Federal Contract Tower,0,0,7,0,7,0,0,122,0,122,0,0,129,0,129,270,0,270,399
07/02/2007,OSH,WI,AGL,CE,Federal Contract Tower,0,5,15,0,20,0,1,89,0,90,0,6,104,0,110,392,0,392,502
07/03/2007,OSH,WI,AGL,CE,Federal Contract Tower,0,4,9,0,13,0,0,22,0,22,0,4,31,0,35,36,0,36,71
07/04/2007,OSH,WI,AGL,CE,Federal Contract Tower,0,1,8,0,9,0,0,30,4,34,0,1,38,4,43,10,2,12,55
07/05/2007,OSH,WI,AGL,CE,Federal Contract Tower,0,5,13,3,21,0,1,83,3,87,0,6,96,6,108,230,2,232,340
07/06/2007,OSH,WI,AGL,CE,Federal Contract Tower,0,5,12,3,20,0,1,151,4,156,0,6,163,7,176,218,0,218,394
07/07/2007,OSH,WI,AGL,CE,Federal Contract Tower,0,1,6,0,7,0,7,99,0,106,0,8,105,0,113,124,0,124,237
07/08/2007,OSH,WI,AGL,CE,Federal Contract Tower,0,2,3,0,5,0,0,79,0,79,0,2,82,0,84,18,0,18,102
07/09/2007,OSH,WI,AGL,CE,Federal Contract Tower,0,2,12,0,14,0,2,95,2,99,0,4,107,2,113,120,0,120,233
07/10/2007,OSH,WI,AGL,CE,Federal Contract Tower,0,5,19,2,26,0,1,66,2,69,0,6,85,4,95,78,8,86,181
07/11/2007,OSH,WI,AGL,CE,Federal Contract Tower,0,3,10,0,13,0,2,142,0,144,0,5,152,0,157,154,0,154,311
07/12/2007,OSH,WI,AGL,CE,Federal Contract Tower,0,4,19,0,23,0,2,145,3,150,0,6,164,3,173,346,0,346,519
07/13/2007,OSH,WI,AGL,CE,Federal Contract Tower,0,2,16,0,18,0,3,196,4,203,0,5,212,4,221,304,0,304,525
07/14/2007,OSH,WI,AGL,CE,Federal Contract Tower,0,2,5,0,7,0,0,94,0,94,0,2,99,0,101,108,0,108,209
07/15/2007,OSH,WI,AGL,CE,Federal Contract Tower,0,0,11,0,11,0,0,166,0,166,0,0,177,0,177,226,0,226,403
07/16/2007,OSH,WI,AGL,CE,Federal Contract Tower,0,4,19,0,23,0,1,97,0,98,0,5,116,0,121,192,0,192,313
07/17/2007,OSH,WI,AGL,CE,Federal Contract Tower,0,6,13,0,19,0,1,79,0,80,0,7,92,0,99,180,0,180,279
07/18/2007,OSH,WI,AGL,CE,Federal Contract Tower,0,4,21,0,25,0,5,112,0,117,0,9,133,0,142,190,0,190,332
07/19/2007,OSH,WI,AGL,CE,Federal Contract Tower,0,3,38,0,41,0,1,265,8,274,0,4,303,8,315,20,4,24,339
07/20/2007,OSH,WI,AGL,CE,Federal Contract Tower,0,0,29,0,29,0,0,562,0,562,0,0,591,0,591,0,0,0,591
07/21/2007,OSH,WI,AGL,CE,Federal Contract Tower,0,0,54,0,54,0,0,1355,0,1355,0,0,1409,0,1409,0,0,0,1409
07/22/2007,OSH,WI,AGL,CE,Federal Contract Tower,0,0,2941,0,2941,0,0,0,0,0,0,0,2941,0,2941,0,0,0,2941
07/23/2007,OSH,WI,AGL,CE,Federal Contract Tower,0,3,1642,4,1649,0,0,0,0,0,0,3,1642,4,1649,0,0,0,1649
07/24/2007,OSH,WI,AGL,CE,Federal Contract Tower,0,1,59,3,63,0,0,2095,0,2095,0,1,2154,3,2158,0,0,0,2158
07/25/2007,OSH,WI,AGL,CE,Federal Contract Tower,0,1,133,4,138,0,0,2989,0,2989,0,1,3122,4,3127,0,0,0,3127
07/26/2007,OSH,WI,AGL,CE,Federal Contract Tower,0,0,143,0,143,0,0,2232,0,2232,0,0,2375,0,2375,0,0,0,2375
07/27/2007,OSH,WI,AGL,CE,Federal Contract Tower,0,9,115,6,130,0,0,2340,0,2340,0,9,2455,6,2470,0,0,0,2470
07/28/2007,OSH,WI,AGL,CE,Federal Contract Tower,0,3,90,1,94,0,0,2072,0,2072,0,3,2162,1,2166,0,0,0,2166
07/29/2007,OSH,WI,AGL,CE,Federal Contract Tower,0,1,58,8,67,0,0,1876,0,1876,0,1,1934,8,1943,0,0,0,1943
07/30/2007,OSH,WI,AGL,CE,Federal Contract Tower,0,4,38,7,49,0,1,452,2,455,0,5,490,9,504,0,38,38,542
07/31/2007,OSH,WI,AGL,CE,Federal Contract Tower,0,5,19,0,24,0,1,195,0,196,0,6,214,0,220,114,0,114,334
08/01/2007,OSH,WI,AGL,CE,Federal Contract Tower,0,3,17,0,20,0,1,148,6,155,0,4,165,6,175,104,6,110,285
08/02/2007,OSH,WI,AGL,CE,Federal Contract Tower,0,3,18,0,21,0,2,120,0,122,0,5,138,0,143,168,0,168,311
08/03/2007,OSH,WI,AGL,CE,Federal Contract Tower,0,4,8,0,12,0,1,171,0,172,0,5,179,0,184,232,0,232,416
08/04/2007,OSH,WI,AGL,CE,Federal Contract Tower,0,1,9,0,10,0,1,104,0,105,0,2,113,0,115,218,0,218,333
08/05/2007,OSH,WI,AGL,CE,Federal Contract Tower,0,1,17,0,18,0,0,14,0,14,0,1,31,0,32,30,0,30,62
08/06/2007,OSH,WI,AGL,CE,Federal Contract Tower,0,5,19,0,24,0,1,96,0,97,0,6,115,0,121,208,0,208,329
08/07/2007,OSH,WI,AGL,CE,Federal Contract Tower,0,6,16,0,22,0,1,44,0,45,0,7,60,0,67,64,0,64,131
08/08/2007,OSH,WI,AGL,CE,Federal Contract Tower,0,6,13,0,19,0,0,156,4,160,0,6,169,4,179,182,4,186,365
08/09/2007,OSH,WI,AGL,CE,Federal Contract Tower,0,3,9,0,12,0,1,54,2,57,0,4,63,2,69,116,2,118,187
08/10/2007,OSH,WI,AGL,CE,Federal Contract Tower,0,2,16,0,18,0,3,100,0,103,0,5,116,0,121,184,0,184,305
08/11/2007,OSH,WI,AGL,CE,Federal Contract Tower,0,2,4,0,6,0,0,55,0,55,0,2,59,0,61,92,0,92,153
08/12/2007,OSH,WI,AGL,CE,Federal Contract Tower,0,1,14,0,15,0,1,81,0,82,0,2,95,0,97,156,0,156,253
08/13/2007,OSH,WI,AGL,CE,Federal Contract Tower,0,3,9,0,12,0,1,102,0,103,0,4,111,0,115,186,0,186,301
08/14/2007,OSH,WI,AGL,CE,Federal Contract Tower,0,2,20,0,22,0,1,65,0,66,0,3,85,0,88,134,0,134,222
08/15/2007,OSH,WI,AGL,CE,Federal Contract Tower,0,6,14,0,20,0,3,77,4,84,0,9,91,4,104,164,2,166,270
08/16/2007,OSH,WI,AGL,CE,Federal Contract Tower,0,3,12,2,17,0,4,83,0,87,0,7,95,2,104,146,0,146,250
08/17/2007,OSH,WI,AGL,CE,Federal Contract Tower,0,4,4,0,8,0,7,120,2,129,0,11,124,2,137,238,0,238,375
08/18/2007,OSH,WI,AGL,CE,Federal Contract Tower,0,1,16,4,21,0,1,60,0,61,0,2,76,4,82,236,0,236,318
08/19/2007,OSH,WI,AGL,CE,Federal Contract Tower,0,0,17,0,17,0,0,1,0,1,0,0,18,0,18,0,0,0,18
08/20/2007,OSH,WI,AGL,CE,Federal Contract Tower,0,4,16,0,20,0,0,1,0,1,0,4,17,0,21,4,0,4,25
08/21/2007,OSH,WI,AGL,CE,Federal Contract Tower,0,9,15,0,24,0,0,34,0,34,0,9,49,0,58,2,0,2,60
08/22/2007,OSH,WI,AGL,CE,Federal Contract Tower,0,5,16,8,29,0,1,31,0,32,0,6,47,8,61,36,0,36,97
08/23/2007,OSH,WI,AGL,CE,Federal Contract Tower,0,7,10,0,17,0,1,8,0,9,0,8,18,0,26,10,0,10,36
08/24/2007,OSH,WI,AGL,CE,Federal Contract Tower,0,5,28,0,33,0,1,7,0,8,0,6,35,0,41,6,0,6,47
08/25/2007,OSH,WI,AGL,CE,Federal Contract Tower,0,2,8,0,10,0,0,96,0,96,0,2,104,0,106,72,0,72,178
08/26/2007,OSH,WI,AGL,CE,Federal Contract Tower,0,0,19,0,19,0,0,142,0,142,0,0,161,0,161,26,0,26,187
08/27/2007,OSH,WI,AGL,CE,Federal Contract Tower,0,2,9,0,11,0,1,67,0,68,0,3,76,0,79,126,0,126,205
08/28/2007,OSH,WI,AGL,CE,Federal Contract Tower,0,5,5,0,10,0,1,52,0,53,0,6,57,0,63,134,0,134,197
08/29/2007,OSH,WI,AGL,CE,Federal Contract Tower,0,6,15,4,25,0,1,29,0,30,0,7,44,4,55,22,22,44,99
08/30/2007,OSH,WI,AGL,CE,Federal Contract Tower,0,7,17,0,24,0,6,127,0,133,0,13,144,0,157,202,0,202,359
08/31/2007,OSH,WI,AGL,CE,Federal Contract Tower,0,9,10,0,19,0,7,138,6,151,0,16,148,6,170,132,0,132,302
09/01/2007,OSH,WI,AGL,CE,Federal Contract Tower,0,1,3,0,4,0,1,131,0,132,0,2,134,0,136,214,0,214,350
09/02/2007,OSH,WI,AGL,CE,Federal Contract Tower,0,0,3,0,3,0,1,43,0,44,0,1,46,0,47,84,0,84,131
09/03/2007,OSH,WI,AGL,CE,Federal Contract Tower,0,3,13,0,16,0,0,88,0,88,0,3,101,0,104,162,0,162,266
09/04/2007,OSH,WI,AGL,CE,Federal Contract Tower,0,7,10,0,17,0,3,38,0,41,0,10,48,0,58,90,0,90,148
09/05/2007,OSH,WI,AGL,CE,Federal Contract Tower,0,6,17,0,23,0,3,62,4,69,0,9,79,4,92,76,0,76,168
09/06/2007,OSH,WI,AGL,CE,Federal Contract Tower,0,5,19,0,24,0,1,64,2,67,0,6,83,2,91,112,0,112,203
09/07/2007,OSH,WI,AGL,CE,Federal Contract Tower,0,4,13,0,17,0,0,21,2,23,0,4,34,2,40,8,0,8,48
09/08/2007,OSH,WI,AGL,CE,Federal Contract Tower,0,2,7,0,9,0,0,163,6,169,0,2,170,6,178,186,0,186,364
09/09/2007,OSH,WI,AGL,CE,Federal Contract Tower,0,0,16,0,16,0,0,78,0,78,0,0,94,0,94,60,0,60,154
09/10/2007,OSH,WI,AGL,CE,Federal Contract Tower,0,4,11,0,15,0,0,3,0,3,0,4,14,0,18,4,0,4,22
09/11/2007,OSH,WI,AGL,CE,Federal Contract Tower,0,1,9,0,10,0,4,26,0,30,0,5,35,0,40,14,0,14,54
09/12/2007,OSH,WI,AGL,CE,Federal Contract Tower,0,3,13,0,16,0,4,122,0,126,0,7,135,0,142,48,0,48,190
09/13/2007,OSH,WI,AGL,CE,Federal Contract Tower,0,4,7,0,11,0,2,41,0,43,0,6,48,0,54,16,0,16,70
09/14/2007,OSH,WI,AGL,CE,Federal Contract Tower,0,5,25,0,30,0,2,48,0,50,0,7,73,0,80,10,0,10,90
09/15/2007,OSH,WI,AGL,CE,Federal Contract Tower,0,1,6,0,7,0,11,199,0,210,0,12,205,0,217,170,0,170,387
09/16/2007,OSH,WI,AGL,CE,Federal Contract Tower,0,0,2,0,2,0,0,65,0,65,0,0,67,0,67,146,0,146,213
09/17/2007,OSH,WI,AGL,CE,Federal Contract Tower,0,3,12,0,15,0,2,42,0,44,0,5,54,0,59,44,0,44,103
09/18/2007,OSH,WI,AGL,CE,Federal Contract Tower,0,6,14,1,21,0,4,57,14,75,0,10,71,15,96,78,0,78,174
09/19/2007,OSH,WI,AGL,CE,Federal Contract Tower,0,4,11,0,15,0,1,57,4,62,0,5,68,4,77,116,4,120,197
09/20/2007,OSH,WI,AGL,CE,Federal Contract Tower,0,4,27,0,31,0,3,45,0,48,0,7,72,0,79,66,0,66,145
09/21/2007,OSH,WI,AGL,CE,Federal Contract Tower,0,3,7,0,10,0,1,38,0,39,0,4,45,0,49,34,0,34,83
09/22/2007,OSH,WI,AGL,CE,Federal Contract Tower,0,1,1,0,2,0,1,149,0,150,0,2,150,0,152,334,0,334,486
09/23/2007,OSH,WI,AGL,CE,Federal Contract Tower,0,0,11,2,13,0,1,100,0,101,0,1,111,2,114,144,0,144,258
09/24/2007,OSH,WI,AGL,CE,Federal Contract Tower,0,2,12,3,17,0,2,57,25,84,0,4,69,28,101,118,0,118,219
09/25/2007,OSH,WI,AGL,CE,Federal Contract Tower,0,2,12,0,14,0,1,21,0,22,0,3,33,0,36,76,0,76,112
09/26/2007,OSH,WI,AGL,CE,Federal Contract Tower,0,3,17,0,20,0,0,123,4,127,0,3,140,4,147,146,0,146,293
09/27/2007,OSH,WI,AGL,CE,Federal Contract Tower,0,6,16,0,22,0,0,75,0,75,0,6,91,0,97,94,0,94,191
09/28/2007,OSH,WI,AGL,CE,Federal Contract Tower,0,2,8,0,10,0,10,161,0,171,0,12,169,0,181,102,0,102,283
09/29/2007,OSH,WI,AGL,CE,Federal Contract Tower,0,1,4,0,5,0,3,100,0,103,0,4,104,0,108,290,0,290,398
09/30/2007,OSH,WI,AGL,CE,Federal Contract Tower,0,0,9,0,9,0,2,39,0,41,0,2,48,0,50,42,0,42,92
10/01/2007,OSH,WI,AGL,CE,Federal Contract Tower,0,10,8,0,18,0,0,8,0,8,0,10,16,0,26,36,0,36,62
10/02/2007,OSH,WI,AGL,CE,Federal Contract Tower,0,5,11,0,16,0,0,10,0,10,0,5,21,0,26,6,0,6,32
10/03/2007,OSH,WI,AGL,CE,Federal Contract Tower,0,2,11,0,13,0,2,98,0,100,0,4,109,0,113,100,0,100,213
10/04/2007,OSH,WI,AGL,CE,Federal Contract Tower,0,5,14,0,19,0,0,124,0,124,0,5,138,0,143,54,0,54,197
10/05/2007,OSH,WI,AGL,CE,Federal Contract Tower,0,6,5,0,11,0,2,95,3,100,0,8,100,3,111,124,0,124,235
10/06/2007,OSH,WI,AGL,CE,Federal Contract Tower,0,1,8,0,9,0,1,58,0,59,0,2,66,0,68,132,0,132,200
10/07/2007,OSH,WI,AGL,CE,Federal Contract Tower,0,0,7,0,7,0,0,65,0,65,0,0,72,0,72,180,0,180,252
10/08/2007,OSH,WI,AGL,CE,Federal Contract Tower,0,2,13,0,15,0,5,15,0,20,0,7,28,0,35,34,0,34,69
10/09/2007,OSH,WI,AGL,CE,Federal Contract Tower,0,3,5,2,10,0,2,22,20,44,0,5,27,22,54,30,0,30,84
10/10/2007,OSH,WI,AGL,CE,Federal Contract Tower,0,5,11,0,16,0,0,2,0,2,0,5,13,0,18,0,0,0,18
10/11/2007,OSH,WI,AGL,CE,Federal Contract Tower,0,5,14,0,19,0,0,39,0,39,0,5,53,0,58,82,0,82,140
10/12/2007,OSH,WI,AGL,CE,Federal Contract Tower,0,3,11,0,14,0,0,81,0,81,0,3,92,0,95,62,0,62,157
10/13/2007,OSH,WI,AGL,CE,Federal Contract Tower,0,2,8,0,10,0,0,107,0,107,0,2,115,0,117,204,0,204,321
10/14/2007,OSH,WI,AGL,CE,Federal Contract Tower,0,0,16,0,16,0,0,18,0,18,0,0,34,0,34,24,0,24,58
10/15/2007,OSH,WI,AGL,CE,Federal Contract Tower,0,3,13,0,16,0,0,1,0,1,0,3,14,0,17,2,0,2,19
10/16/2007,OSH,WI,AGL,CE,Federal Contract Tower,0,4,12,0,16,0,0,1,0,1,0,4,13,0,17,0,0,0,17
10/17/2007,OSH,WI,AGL,CE,Federal Contract Tower,0,7,11,0,18,0,2,124,2,128,0,9,135,2,146,170,2,172,318
10/18/2007,OSH,WI,AGL,CE,Federal Contract Tower,0,7,4,2,13,0,0,6,0,6,0,7,10,2,19,0,0,0,19
10/19/2007,OSH,WI,AGL,CE,Federal Contract Tower,0,3,9,0,12,0,0,11,0,11,0,3,20,0,23,0,0,0,23
10/20/2007,OSH,WI,AGL,CE,Federal Contract Tower,0,3,7,0,10,0,3,124,0,127,0,6,131,0,137,154,0,154,291
10/21/2007,OSH,WI,AGL,CE,Federal Contract Tower,0,0,9,0,9,0,1,70,0,71,0,1,79,0,80,58,0,58,138
10/22/2007,OSH,WI,AGL,CE,Federal Contract Tower,0,3,7,0,10,0,0,55,0,55,0,3,62,0,65,196,0,196,261
10/23/2007,OSH,WI,AGL,CE,Federal Contract Tower,0,5,9,0,14,0,1,91,0,92,0,6,100,0,106,106,0,106,212
10/24/2007,OSH,WI,AGL,CE,Federal Contract Tower,0,5,9,0,14,0,0,78,2,80,0,5,87,2,94,86,2,88,182
10/25/2007,OSH,WI,AGL,CE,Federal Contract Tower,0,3,7,0,10,0,0,83,0,83,0,3,90,0,93,88,0,88,181
10/26/2007,OSH,WI,AGL,CE,Federal Contract Tower,0,2,17,0,19,0,0,9,0,9,0,2,26,0,28,4,0,4,32
10/27/2007,OSH,WI,AGL,CE,Federal Contract Tower,0,2,8,0,10,0,0,26,1,27,0,2,34,1,37,18,0,18,55
10/28/2007,OSH,WI,AGL,CE,Federal Contract Tower,0,0,11,0,11,0,0,109,1,110,0,0,120,1,121,54,0,54,175
10/29/2007,OSH,WI,AGL,CE,Federal Contract Tower,0,3,8,0,11,0,1,50,0,51,0,4,58,0,62,116,0,116,178
10/30/2007,OSH,WI,AGL,CE,Federal Contract Tower,0,3,7,2,12,0,2,64,2,68,0,5,71,4,80,76,30,106,186
10/31/2007,OSH,WI,AGL,CE,Federal Contract Tower,0,0,2,0,2,0,5,28,0,33,0,5,30,0,35,24,0,24,59
11/01/2007,OSH,WI,AGL,CE,Federal Contract Tower,0,8,13,0,21,0,2,101,0,103,0,10,114,0,124,88,2,90,214
11/02/2007,OSH,WI,AGL,CE,Federal Contract Tower,0,2,12,0,14,0,1,62,2,65,0,3,74,2,79,72,2,74,153
11/03/2007,OSH,WI,AGL,CE,Federal Contract Tower,0,1,5,0,6,0,1,118,0,119,0,2,123,0,125,134,0,134,259
11/04/2007,OSH,WI,AGL,CE,Federal Contract Tower,0,0,7,0,7,0,0,79,0,79,0,0,86,0,86,70,0,70,156
11/05/2007,OSH,WI,AGL,CE,Federal Contract Tower,0,3,7,0,10,0,1,3,0,4,0,4,10,0,14,0,0,0,14
11/06/2007,OSH,WI,AGL,CE,Federal Contract Tower,0,6,11,0,17,0,0,19,0,19,0,6,30,0,36,66,0,66,102
11/07/2007,OSH,WI,AGL,CE,Federal Contract Tower,0,5,14,0,19,0,0,58,0,58,0,5,72,0,77,36,0,36,113
11/08/2007,OSH,WI,AGL,CE,Federal Contract Tower,0,8,30,0,38,0,1,75,2,78,0,9,105,2,116,132,2,134,250
11/09/2007,OSH,WI,AGL,CE,Federal Contract Tower,0,2,17,0,19,0,1,82,0,83,0,3,99,0,102,112,0,112,214
11/10/2007,OSH,WI,AGL,CE,Federal Contract Tower,0,2,27,0,29,0,0,92,0,92,0,2,119,0,121,142,0,142,263
11/11/2007,OSH,WI,AGL,CE,Federal Contract Tower,0,1,11,0,12,0,0,36,0,36,0,1,47,0,48,38,0,38,86
11/12/2007,OSH,WI,AGL,CE,Federal Contract Tower,0,7,18,0,25,0,1,58,0,59,0,8,76,0,84,68,0,68,152
11/13/2007,OSH,WI,AGL,CE,Federal Contract Tower,0,5,11,0,16,0,0,86,0,86,0,5,97,0,102,66,0,66,168
11/14/2007,OSH,WI,AGL,CE,Federal Contract Tower,0,6,15,0,21,0,0,18,0,18,0,6,33,0,39,10,0,10,49
11/15/2007,OSH,WI,AGL,CE,Federal Contract Tower,0,5,16,0,21,0,1,34,0,35,0,6,50,0,56,26,0,26,82
11/16/2007,OSH,WI,AGL,CE,Federal Contract Tower,0,2,12,0,14,0,1,49,4,54,0,3,61,4,68,96,0,96,164
11/17/2007,OSH,WI,AGL,CE,Federal Contract Tower,0,2,11,0,13,0,0,9,0,9,0,2,20,0,22,10,0,10,32
11/18/2007,OSH,WI,AGL,CE,Federal Contract Tower,0,0,4,0,4,0,0,65,0,65,0,0,69,0,69,22,0,22,91
11/19/2007,OSH,WI,AGL,CE,Federal Contract Tower,0,4,15,0,19,0,0,0,0,0,0,4,15,0,19,0,0,0,19
11/20/2007,OSH,WI,AGL,CE,Federal Contract Tower,0,5,23,0,28,0,0,12,2,14,0,5,35,2,42,30,2,32,74
11/21/2007,OSH,WI,AGL,CE,Federal Contract Tower,0,8,13,0,21,0,0,16,0,16,0,8,29,0,37,76,0,76,113
11/22/2007,OSH,WI,AGL,CE,Federal Contract Tower,0,0,0,0,0,0,0,11,0,11,0,0,11,0,11,24,0,24,35
11/23/2007,OSH,WI,AGL,CE,Federal Contract Tower,0,3,4,0,7,0,0,70,0,70,0,3,74,0,77,56,0,56,133
11/24/2007,OSH,WI,AGL,CE,Federal Contract Tower,0,3,5,0,8,0,1,24,0,25,0,4,29,0,33,10,0,10,43
11/25/2007,OSH,WI,AGL,CE,Federal Contract Tower,0,2,12,0,14,0,0,35,0,35,0,2,47,0,49,26,0,26,75
11/26/2007,OSH,WI,AGL,CE,Federal Contract Tower,0,2,9,0,11,0,1,41,0,42,0,3,50,0,53,100,0,100,153
11/27/2007,OSH,WI,AGL,CE,Federal Contract Tower,0,5,3,0,8,0,2,33,0,35,0,7,36,0,43,14,0,14,57
11/28/2007,OSH,WI,AGL,CE,Federal Contract Tower,0,1,14,0,15,0,2,15,0,17,0,3,29,0,32,8,0,8,40
11/29/2007,OSH,WI,AGL,CE,Federal Contract Tower,0,3,8,0,11,0,1,41,0,42,0,4,49,0,53,84,0,84,137
11/30/2007,OSH,WI,AGL,CE,Federal Contract Tower,0,3,6,0,9,0,0,76,2,78,0,3,82,2,87,132,2,134,221
12/01/2007,OSH,WI,AGL,CE,Federal Contract Tower,0,2,5,0,7,0,0,10,0,10,0,2,15,0,17,36,0,36,53
12/02/2007,OSH,WI,AGL,CE,Federal Contract Tower,0,0,1,0,1,0,0,0,0,0,0,0,1,0,1,0,0,0,1
12/03/2007,OSH,WI,AGL,CE,Federal Contract Tower,0,2,7,0,9,0,0,23,0,23,0,2,30,0,32,96,0,96,128
12/04/2007,OSH,WI,AGL,CE,Federal Contract Tower,0,4,6,4,14,0,7,55,0,62,0,11,61,4,76,80,0,80,156
12/05/2007,OSH,WI,AGL,CE,Federal Contract Tower,0,6,5,6,17,0,0,60,2,62,0,6,65,8,79,140,6,146,225
12/06/2007,OSH,WI,AGL,CE,Federal Contract Tower,0,4,14,4,22,0,0,51,0,51,0,4,65,4,73,126,22,148,221
12/07/2007,OSH,WI,AGL,CE,Federal Contract Tower,0,3,18,0,21,0,0,60,0,60,0,3,78,0,81,148,0,148,229
12/08/2007,OSH,WI,AGL,CE,Federal Contract Tower,0,2,3,0,5,0,0,78,0,78,0,2,81,0,83,118,0,118,201
12/09/2007,OSH,WI,AGL,CE,Federal Contract Tower,0,0,1,0,1,0,0,10,0,10,0,0,11,0,11,8,0,8,19
12/10/2007,OSH,WI,AGL,CE,Federal Contract Tower,0,4,9,0,13,0,2,39,0,41,0,6,48,0,54,128,0,128,182
12/11/2007,OSH,WI,AGL,CE,Federal Contract Tower,0,4,10,0,14,0,0,2,0,2,0,4,12,0,16,0,0,0,16
12/12/2007,OSH,WI,AGL,CE,Federal Contract Tower,0,3,5,4,12,0,0,63,0,63,0,3,68,4,75,120,44,164,239
12/13/2007,OSH,WI,AGL,CE,Federal Contract Tower,0,3,15,0,18,0,0,9,0,9,0,3,24,0,27,0,0,0,27
12/14/2007,OSH,WI,AGL,CE,Federal Contract Tower,0,4,17,0,21,0,1,80,0,81,0,5,97,0,102,130,0,130,232
12/15/2007,OSH,WI,AGL,CE,Federal Contract Tower,0,4,5,2,11,0,0,1,0,1,0,4,6,2,12,0,0,0,12
12/16/2007,OSH,WI,AGL,CE,Federal Contract Tower,0,1,6,0,7,0,0,46,0,46,0,1,52,0,53,18,0,18,71
12/17/2007,OSH,WI,AGL,CE,Federal Contract Tower,0,2,13,0,15,0,0,26,0,26,0,2,39,0,41,76,0,76,117
12/18/2007,OSH,WI,AGL,CE,Federal Contract Tower,0,3,6,0,9,0,0,82,0,82,0,3,88,0,91,166,0,166,257
12/19/2007,OSH,WI,AGL,CE,Federal Contract Tower,0,4,25,0,29,0,0,58,0,58,0,4,83,0,87,116,0,116,203
12/20/2007,OSH,WI,AGL,CE,Federal Contract Tower,0,2,10,0,12,0,0,12,0,12,0,2,22,0,24,2,0,2,26
12/21/2007,OSH,WI,AGL,CE,Federal Contract Tower,0,3,15,0,18,0,0,1,0,1,0,3,16,0,19,0,0,0,19
12/22/2007,OSH,WI,AGL,CE,Federal Contract Tower,0,1,3,0,4,0,0,0,0,0,0,1,3,0,4,0,0,0,4
12/23/2007,OSH,WI,AGL,CE,Federal Contract Tower,0,0,0,0,0,0,0,0,0,0,0,0,0,0,0,0,0,0,0
12/24/2007,OSH,WI,AGL,CE,Federal Contract Tower,0,1,2,0,3,0,1,6,0,7,0,2,8,0,10,14,0,14,24
12/25/2007,OSH,WI,AGL,CE,Federal Contract Tower,0,0,0,0,0,0,0,6,0,6,0,0,6,0,6,0,0,0,6
12/26/2007,OSH,WI,AGL,CE,Federal Contract Tower,0,4,11,0,15,0,0,48,0,48,0,4,59,0,63,78,0,78,141
12/27/2007,OSH,WI,AGL,CE,Federal Contract Tower,0,4,2,0,6,0,0,30,0,30,0,4,32,0,36,28,0,28,64
12/28/2007,OSH,WI,AGL,CE,Federal Contract Tower,0,4,4,0,8,0,0,4,0,4,0,4,8,0,12,26,0,26,38
12/29/2007,OSH,WI,AGL,CE,Federal Contract Tower,0,4,8,0,12,0,0,26,0,26,0,4,34,0,38,74,0,74,112
12/30/2007,OSH,WI,AGL,CE,Federal Contract Tower,0,0,3,0,3,0,0,6,0,6,0,0,9,0,9,2,0,2,11
12/31/2007,OSH,WI,AGL,CE,Federal Contract Tower,0,4,6,0,10,0,0,0,0,0,0,4,6,0,10,0,0,0,10
01/01/2008,OSH,WI,AGL,CE,Federal Contract Tower,0,0,6,0,6,0,0,15,0,15,0,0,21,0,21,6,0,6,27
01/02/2008,OSH,WI,AGL,CE,Federal Contract Tower,0,4,3,0,7,0,0,40,0,40,0,4,43,0,47,24,0,24,71
01/03/2008,OSH,WI,AGL,CE,Federal Contract Tower,0,8,21,2,31,0,2,23,0,25,0,10,44,2,56,34,0,34,90
01/04/2008,OSH,WI,AGL,CE,Federal Contract Tower,0,5,11,0,16,0,1,72,4,77,0,6,83,4,93,98,4,102,195
01/05/2008,OSH,WI,AGL,CE,Federal Contract Tower,0,2,8,0,10,0,0,30,0,30,0,2,38,0,40,46,0,46,86
01/06/2008,OSH,WI,AGL,CE,Federal Contract Tower,0,0,1,0,1,0,0,0,0,0,0,0,1,0,1,0,0,0,1
01/07/2008,OSH,WI,AGL,CE,Federal Contract Tower,0,2,4,0,6,0,1,0,0,1,0,3,4,0,7,0,0,0,7
01/08/2008,OSH,WI,AGL,CE,Federal Contract Tower,0,7,12,0,19,0,0,4,0,4,0,7,16,0,23,0,0,0,23
01/09/2008,OSH,WI,AGL,CE,Federal Contract Tower,0,4,14,0,18,0,7,79,2,88,0,11,93,2,106,94,0,94,200
01/10/2008,OSH,WI,AGL,CE,Federal Contract Tower,0,5,10,0,15,0,5,27,0,32,0,10,37,0,47,50,0,50,97
01/11/2008,OSH,WI,AGL,CE,Federal Contract Tower,0,12,10,0,22,0,1,25,0,26,0,13,35,0,48,82,0,82,130
01/12/2008,OSH,WI,AGL,CE,Federal Contract Tower,0,2,5,0,7,0,0,2,0,2,0,2,7,0,9,12,0,12,21
01/13/2008,OSH,WI,AGL,CE,Federal Contract Tower,0,0,4,0,4,0,0,0,0,0,0,0,4,0,4,0,0,0,4
01/14/2008,OSH,WI,AGL,CE,Federal Contract Tower,0,4,4,0,8,0,6,11,0,17,0,10,15,0,25,6,0,6,31
01/15/2008,OSH,WI,AGL,CE,Federal Contract Tower,0,4,28,0,32,0,4,50,0,54,0,8,78,0,86,80,0,80,166
01/16/2008,OSH,WI,AGL,CE,Federal Contract Tower,0,5,8,0,13,0,0,87,2,89,0,5,95,2,102,114,4,118,220
01/17/2008,OSH,WI,AGL,CE,Federal Contract Tower,0,2,2,0,4,0,0,0,0,0,0,2,2,0,4,0,0,0,4
01/18/2008,OSH,WI,AGL,CE,Federal Contract Tower,0,5,10,0,15,0,0,31,0,31,0,5,41,0,46,68,0,68,114
01/19/2008,OSH,WI,AGL,CE,Federal Contract Tower,0,2,1,0,3,0,0,13,0,13,0,2,14,0,16,28,0,28,44
01/20/2008,OSH,WI,AGL,CE,Federal Contract Tower,0,2,10,0,12,0,0,7,0,7,0,2,17,0,19,4,0,4,23
01/21/2008,OSH,WI,AGL,CE,Federal Contract Tower,0,3,6,0,9,0,0,2,0,2,0,3,8,0,11,0,0,0,11
01/22/2008,OSH,WI,AGL,CE,Federal Contract Tower,0,6,8,0,14,0,1,43,0,44,0,7,51,0,58,20,0,20,78
01/23/2008,OSH,WI,AGL,CE,Federal Contract Tower,0,5,16,0,21,0,4,42,0,46,0,9,58,0,67,52,0,52,119
01/24/2008,OSH,WI,AGL,CE,Federal Contract Tower,0,4,14,1,19,0,1,72,0,73,0,5,86,1,92,2,0,2,94
01/25/2008,OSH,WI,AGL,CE,Federal Contract Tower,0,3,10,0,13,0,0,48,0,48,0,3,58,0,61,56,0,56,117
01/26/2008,OSH,WI,AGL,CE,Federal Contract Tower,0,2,1,0,3,0,0,6,0,6,0,2,7,0,9,0,0,0,9
01/27/2008,OSH,WI,AGL,CE,Federal Contract Tower,0,0,17,0,17,0,0,76,0,76,0,0,93,0,93,102,0,102,195
01/28/2008,OSH,WI,AGL,CE,Federal Contract Tower,0,2,3,0,5,0,0,6,0,6,0,2,9,0,11,8,0,8,19
01/29/2008,OSH,WI,AGL,CE,Federal Contract Tower,0,3,8,0,11,0,0,1,0,1,0,3,9,0,12,0,0,0,12
01/30/2008,OSH,WI,AGL,CE,Federal Contract Tower,0,2,13,6,21,0,1,10,6,17,0,3,23,12,38,6,10,16,54
01/31/2008,OSH,WI,AGL,CE,Federal Contract Tower,0,5,9,0,14,0,0,43,0,43,0,5,52,0,57,44,0,44,101
02/01/2008,OSH,WI,AGL,CE,Federal Contract Tower,0,3,6,0,9,0,0,4,0,4,0,3,10,0,13,0,0,0,13
02/02/2008,OSH,WI,AGL,CE,Federal Contract Tower,0,2,0,0,2,0,0,1,0,1,0,2,1,0,3,0,0,0,3
02/03/2008,OSH,WI,AGL,CE,Federal Contract Tower,0,4,13,0,17,0,0,26,0,26,0,4,39,0,43,54,0,54,97
02/04/2008,OSH,WI,AGL,CE,Federal Contract Tower,0,2,4,0,6,0,0,1,0,1,0,2,5,0,7,0,0,0,7
02/05/2008,OSH,WI,AGL,CE,Federal Contract Tower,0,6,8,0,14,0,0,8,0,8,0,6,16,0,22,6,0,6,28
02/06/2008,OSH,WI,AGL,CE,Federal Contract Tower,0,2,7,0,9,0,0,0,0,0,0,2,7,0,9,0,0,0,9
02/07/2008,OSH,WI,AGL,CE,Federal Contract Tower,0,8,22,0,30,0,0,60,0,60,0,8,82,0,90,64,0,64,154
02/08/2008,OSH,WI,AGL,CE,Federal Contract Tower,0,3,10,0,13,0,0,13,0,13,0,3,23,0,26,40,0,40,66
02/09/2008,OSH,WI,AGL,CE,Federal Contract Tower,0,2,5,0,7,0,0,15,0,15,0,2,20,0,22,76,0,76,98
02/10/2008,OSH,WI,AGL,CE,Federal Contract Tower,0,1,2,0,3,0,0,2,0,2,0,1,4,0,5,0,0,0,5
02/11/2008,OSH,WI,AGL,CE,Federal Contract Tower,0,2,6,0,8,0,0,58,0,58,0,2,64,0,66,0,0,0,66
02/12/2008,OSH,WI,AGL,CE,Federal Contract Tower,0,15,16,0,31,0,0,2,0,2,0,15,18,0,33,0,0,0,33
02/13/2008,OSH,WI,AGL,CE,Federal Contract Tower,0,3,11,0,14,0,1,112,0,113,0,4,123,0,127,164,0,164,291
02/14/2008,OSH,WI,AGL,CE,Federal Contract Tower,0,5,4,0,9,0,0,0,0,0,0,5,4,0,9,0,0,0,9
02/15/2008,OSH,WI,AGL,CE,Federal Contract Tower,0,4,18,0,22,0,1,71,0,72,0,5,89,0,94,68,0,68,162
02/16/2008,OSH,WI,AGL,CE,Federal Contract Tower,0,1,5,0,6,0,1,91,0,92,0,2,96,0,98,110,0,110,208
02/17/2008,OSH,WI,AGL,CE,Federal Contract Tower,0,0,0,0,0,0,0,0,0,0,0,0,0,0,0,0,0,0,0
02/18/2008,OSH,WI,AGL,CE,Federal Contract Tower,0,2,19,0,21,0,0,0,0,0,0,2,19,0,21,0,0,0,21
02/19/2008,OSH,WI,AGL,CE,Federal Contract Tower,0,2,13,0,15,0,1,24,0,25,0,3,37,0,40,50,0,50,90
02/20/2008,OSH,WI,AGL,CE,Federal Contract Tower,0,3,5,0,8,0,0,31,0,31,0,3,36,0,39,40,0,40,79
02/21/2008,OSH,WI,AGL,CE,Federal Contract Tower,0,1,19,0,20,0,1,73,0,74,0,2,92,0,94,80,0,80,174
02/22/2008,OSH,WI,AGL,CE,Federal Contract Tower,0,4,14,1,19,0,0,88,1,89,0,4,102,2,108,130,0,130,238
02/23/2008,OSH,WI,AGL,CE,Federal Contract Tower,0,1,9,0,10,0,1,77,0,78,0,2,86,0,88,48,0,48,136
02/24/2008,OSH,WI,AGL,CE,Federal Contract Tower,0,0,11,0,11,0,0,55,0,55,0,0,66,0,66,68,0,68,134
02/25/2008,OSH,WI,AGL,CE,Federal Contract Tower,0,2,3,0,5,0,0,0,0,0,0,2,3,0,5,0,0,0,5
02/26/2008,OSH,WI,AGL,CE,Federal Contract Tower,0,3,4,0,7,0,0,20,0,20,0,3,24,0,27,10,0,10,37
02/27/2008,OSH,WI,AGL,CE,Federal Contract Tower,0,3,10,0,13,0,0,59,0,59,0,3,69,0,72,100,0,100,172
02/28/2008,OSH,WI,AGL,CE,Federal Contract Tower,0,5,13,0,18,0,0,68,0,68,0,5,81,0,86,44,0,44,130
02/29/2008,OSH,WI,AGL,CE,Federal Contract Tower,0,4,11,0,15,0,0,15,2,17,0,4,26,2,32,4,2,6,38
03/01/2008,OSH,WI,AGL,CE,Federal Contract Tower,0,1,4,0,5,0,0,95,0,95,0,1,99,0,100,82,0,82,182
03/02/2008,OSH,WI,AGL,CE,Federal Contract Tower,0,0,4,0,4,0,0,39,0,39,0,0,43,0,43,20,0,20,63
03/03/2008,OSH,WI,AGL,CE,Federal Contract Tower,0,2,6,0,8,0,0,0,0,0,0,2,6,0,8,0,0,0,8
03/04/2008,OSH,WI,AGL,CE,Federal Contract Tower,0,2,9,0,11,0,2,98,0,100,0,4,107,0,111,138,0,138,249
03/05/2008,OSH,WI,AGL,CE,Federal Contract Tower,0,8,9,0,17,0,1,44,0,45,0,9,53,0,62,110,0,110,172
03/06/2008,OSH,WI,AGL,CE,Federal Contract Tower,0,3,13,0,16,0,0,56,2,58,0,3,69,2,74,102,0,102,176
03/07/2008,OSH,WI,AGL,CE,Federal Contract Tower,0,4,12,0,16,0,0,64,0,64,0,4,76,0,80,156,0,156,236
03/08/2008,OSH,WI,AGL,CE,Federal Contract Tower,0,3,5,0,8,0,0,49,0,49,0,3,54,0,57,72,0,72,129
03/09/2008,OSH,WI,AGL,CE,Federal Contract Tower,0,0,4,0,4,0,0,34,0,34,0,0,38,0,38,46,0,46,84
03/10/2008,OSH,WI,AGL,CE,Federal Contract Tower,0,2,17,2,21,0,0,92,0,92,0,2,109,2,113,196,0,196,309
03/11/2008,OSH,WI,AGL,CE,Federal Contract Tower,0,6,10,0,16,0,0,68,0,68,0,6,78,0,84,130,0,130,214
03/12/2008,OSH,WI,AGL,CE,Federal Contract Tower,0,5,20,0,25,0,5,56,0,61,0,10,76,0,86,60,0,60,146
03/13/2008,OSH,WI,AGL,CE,Federal Contract Tower,0,5,25,0,30,0,0,58,0,58,0,5,83,0,88,86,0,86,174
03/14/2008,OSH,WI,AGL,CE,Federal Contract Tower,0,4,10,0,14,0,0,94,0,94,0,4,104,0,108,114,0,114,222
03/15/2008,OSH,WI,AGL,CE,Federal Contract Tower,0,2,5,0,7,0,0,140,0,140,0,2,145,0,147,168,0,168,315
03/16/2008,OSH,WI,AGL,CE,Federal Contract Tower,0,0,9,0,9,0,0,92,0,92,0,0,101,0,101,80,0,80,181
03/17/2008,OSH,WI,AGL,CE,Federal Contract Tower,0,4,4,2,10,0,0,43,0,43,0,4,47,2,53,86,0,86,139
03/18/2008,OSH,WI,AGL,CE,Federal Contract Tower,0,1,17,0,18,0,0,17,0,17,0,1,34,0,35,0,0,0,35
03/19/2008,OSH,WI,AGL,CE,Federal Contract Tower,0,2,14,0,16,0,0,69,4,73,0,2,83,4,89,108,0,108,197
03/20/2008,OSH,WI,AGL,CE,Federal Contract Tower,0,2,13,4,19,0,0,97,6,103,0,2,110,10,122,96,4,100,222
03/21/2008,OSH,WI,AGL,CE,Federal Contract Tower,0,6,6,0,12,0,0,1,0,1,0,6,7,0,13,0,0,0,13
03/22/2008,OSH,WI,AGL,CE,Federal Contract Tower,0,2,4,0,6,0,0,66,0,66,0,2,70,0,72,102,0,102,174
03/23/2008,OSH,WI,AGL,CE,Federal Contract Tower,0,0,5,0,5,0,0,15,0,15,0,0,20,0,20,0,0,0,20
03/24/2008,OSH,WI,AGL,CE,Federal Contract Tower,0,4,10,0,14,0,0,25,0,25,0,4,35,0,39,48,0,48,87
03/25/2008,OSH,WI,AGL,CE,Federal Contract Tower,0,5,5,0,10,0,0,14,2,16,0,5,19,2,26,2,0,2,28
03/26/2008,OSH,WI,AGL,CE,Federal Contract Tower,3,5,7,0,15,0,0,79,2,81,3,5,86,2,96,158,2,160,256
03/27/2008,OSH,WI,AGL,CE,Federal Contract Tower,0,3,8,0,11,0,0,71,4,75,0,3,79,4,86,102,2,104,190
03/28/2008,OSH,WI,AGL,CE,Federal Contract Tower,0,3,9,0,12,0,1,115,0,116,0,4,124,0,128,146,0,146,274
03/29/2008,OSH,WI,AGL,CE,Federal Contract Tower,0,1,7,0,8,0,1,87,0,88,0,2,94,0,96,68,0,68,164
03/30/2008,OSH,WI,AGL,CE,Federal Contract Tower,0,0,2,0,2,0,38,0,0,38,0,38,2,0,40,14,0,14,54
03/31/2008,OSH,WI,AGL,CE,Federal Contract Tower,0,1,9,0,10,0,0,0,0,0,0,1,9,0,10,0,0,0,10
04/01/2008,OSH,WI,AGL,CE,Federal Contract Tower,0,4,2,0,6,0,0,21,0,21,0,4,23,0,27,0,0,0,27
04/02/2008,OSH,WI,AGL,CE,Federal Contract Tower,0,3,10,0,13,0,0,101,2,103,0,3,111,2,116,218,2,220,336
04/03/2008,OSH,WI,AGL,CE,Federal Contract Tower,0,2,8,0,10,0,1,98,6,105,0,3,106,6,115,202,6,208,323
04/04/2008,OSH,WI,AGL,CE,Federal Contract Tower,0,3,17,1,21,0,0,77,0,77,0,3,94,1,98,148,0,148,246
04/05/2008,OSH,WI,AGL,CE,Federal Contract Tower,0,1,2,0,3,0,1,92,0,93,0,2,94,0,96,92,0,92,188
04/06/2008,OSH,WI,AGL,CE,Federal Contract Tower,0,1,11,4,16,0,0,42,0,42,0,1,53,4,58,40,0,40,98
04/07/2008,OSH,WI,AGL,CE,Federal Contract Tower,0,5,7,0,12,0,0,26,0,26,0,5,33,0,38,2,0,2,40
04/08/2008,OSH,WI,AGL,CE,Federal Contract Tower,0,3,9,0,12,0,0,16,0,16,0,3,25,0,28,16,0,16,44
04/09/2008,OSH,WI,AGL,CE,Federal Contract Tower,0,4,14,0,18,0,0,16,2,18,0,4,30,2,36,94,0,94,130
04/10/2008,OSH,WI,AGL,CE,Federal Contract Tower,0,3,16,0,19,0,0,2,0,2,0,3,18,0,21,0,0,0,21
04/11/2008,OSH,WI,AGL,CE,Federal Contract Tower,0,3,9,0,12,0,0,16,0,16,0,3,25,0,28,14,0,14,42
04/12/2008,OSH,WI,AGL,CE,Federal Contract Tower,0,2,6,0,8,0,0,4,0,4,0,2,10,0,12,0,0,0,12
04/13/2008,OSH,WI,AGL,CE,Federal Contract Tower,0,0,2,0,2,0,0,45,0,45,0,0,47,0,47,70,0,70,117
04/14/2008,OSH,WI,AGL,CE,Federal Contract Tower,0,5,6,0,11,0,1,154,0,155,0,6,160,0,166,236,0,236,402
04/15/2008,OSH,WI,AGL,CE,Federal Contract Tower,0,5,9,0,14,0,1,52,0,53,0,6,61,0,67,46,0,46,113
04/16/2008,OSH,WI,AGL,CE,Federal Contract Tower,0,5,12,2,19,0,0,61,2,63,0,5,73,4,82,50,0,50,132
04/17/2008,OSH,WI,AGL,CE,Federal Contract Tower,0,2,19,2,23,0,1,83,2,86,0,3,102,4,109,106,0,106,215
04/18/2008,OSH,WI,AGL,CE,Federal Contract Tower,0,8,9,0,17,0,0,25,5,30,0,8,34,5,47,78,0,78,125
04/19/2008,OSH,WI,AGL,CE,Federal Contract Tower,0,3,13,0,16,0,0,45,0,45,0,3,58,0,61,148,0,148,209
04/20/2008,OSH,WI,AGL,CE,Federal Contract Tower,0,1,7,0,8,0,0,81,0,81,0,1,88,0,89,64,0,64,153
04/21/2008,OSH,WI,AGL,CE,Federal Contract Tower,0,2,10,0,12,0,0,86,0,86,0,2,96,0,98,130,0,130,228
04/22/2008,OSH,WI,AGL,CE,Federal Contract Tower,0,3,10,0,13,0,0,27,0,27,0,3,37,0,40,86,0,86,126
04/23/2008,OSH,WI,AGL,CE,Federal Contract Tower,0,3,21,4,28,0,0,97,2,99,0,3,118,6,127,186,4,190,317
04/24/2008,OSH,WI,AGL,CE,Federal Contract Tower,0,3,17,0,20,0,0,40,0,40,0,3,57,0,60,6,0,6,66
04/25/2008,OSH,WI,AGL,CE,Federal Contract Tower,0,7,21,0,28,0,0,10,0,10,0,7,31,0,38,28,0,28,66
04/26/2008,OSH,WI,AGL,CE,Federal Contract Tower,0,2,10,0,12,0,0,10,0,10,0,2,20,0,22,0,0,0,22
04/27/2008,OSH,WI,AGL,CE,Federal Contract Tower,0,0,6,0,6,0,0,70,0,70,0,0,76,0,76,34,0,34,110
04/28/2008,OSH,WI,AGL,CE,Federal Contract Tower,0,2,10,0,12,0,0,21,0,21,0,2,31,0,33,30,0,30,63
04/29/2008,OSH,WI,AGL,CE,Federal Contract Tower,0,4,21,0,25,0,0,106,2,108,0,4,127,2,133,204,0,204,337
04/30/2008,OSH,WI,AGL,CE,Federal Contract Tower,0,3,11,0,14,0,1,104,0,105,0,4,115,0,119,154,0,154,273
05/01/2008,OSH,WI,AGL,CE,Federal Contract Tower,0,6,10,0,16,0,0,58,2,60,0,6,68,2,76,68,0,68,144
05/02/2008,OSH,WI,AGL,CE,Federal Contract Tower,0,5,4,0,9,0,1,2,0,3,0,6,6,0,12,0,0,0,12
05/03/2008,OSH,WI,AGL,CE,Federal Contract Tower,0,1,9,0,10,0,1,43,2,46,0,2,52,2,56,126,0,126,182
05/04/2008,OSH,WI,AGL,CE,Federal Contract Tower,0,0,8,0,8,0,0,118,0,118,0,0,126,0,126,204,0,204,330
05/05/2008,OSH,WI,AGL,CE,Federal Contract Tower,0,3,9,0,12,0,0,150,0,150,0,3,159,0,162,244,0,244,406
05/06/2008,OSH,WI,AGL,CE,Federal Contract Tower,0,5,9,0,14,0,0,113,0,113,0,5,122,0,127,178,0,178,305
05/07/2008,OSH,WI,AGL,CE,Federal Contract Tower,0,4,20,0,24,0,4,27,0,31,0,8,47,0,55,24,0,24,79
05/08/2008,OSH,WI,AGL,CE,Federal Contract Tower,0,5,12,0,17,0,0,132,2,134,0,5,144,2,151,168,2,170,321
05/09/2008,OSH,WI,AGL,CE,Federal Contract Tower,0,7,8,0,15,0,0,115,0,115,0,7,123,0,130,118,0,118,248
05/10/2008,OSH,WI,AGL,CE,Federal Contract Tower,0,7,6,0,13,0,3,143,0,146,0,10,149,0,159,180,0,180,339
05/11/2008,OSH,WI,AGL,CE,Federal Contract Tower,0,0,7,0,7,0,0,1,0,1,0,0,8,0,8,54,0,54,62
05/12/2008,OSH,WI,AGL,CE,Federal Contract Tower,0,2,22,0,24,0,0,122,0,122,0,2,144,0,146,160,0,160,306
05/13/2008,OSH,WI,AGL,CE,Federal Contract Tower,0,3,14,0,17,0,0,101,0,101,0,3,115,0,118,94,0,94,212
05/14/2008,OSH,WI,AGL,CE,Federal Contract Tower,0,5,17,0,22,0,0,60,2,62,0,5,77,2,84,132,2,134,218
05/15/2008,OSH,WI,AGL,CE,Federal Contract Tower,0,4,13,4,21,0,0,101,0,101,0,4,114,4,122,60,0,60,182
05/16/2008,OSH,WI,AGL,CE,Federal Contract Tower,0,4,11,0,15,0,0,67,0,67,0,4,78,0,82,94,0,94,176
05/17/2008,OSH,WI,AGL,CE,Federal Contract Tower,0,2,10,0,12,0,0,48,0,48,0,2,58,0,60,174,0,174,234
05/18/2008,OSH,WI,AGL,CE,Federal Contract Tower,0,2,13,0,15,0,0,61,0,61,0,2,74,0,76,132,0,132,208
05/19/2008,OSH,WI,AGL,CE,Federal Contract Tower,0,9,8,0,17,0,0,54,0,54,0,9,62,0,71,70,0,70,141
05/20/2008,OSH,WI,AGL,CE,Federal Contract Tower,0,3,14,0,17,0,1,47,0,48,0,4,61,0,65,54,0,54,119
05/21/2008,OSH,WI,AGL,CE,Federal Contract Tower,0,5,16,0,21,0,0,87,0,87,0,5,103,0,108,60,0,60,168
05/22/2008,OSH,WI,AGL,CE,Federal Contract Tower,0,3,16,0,19,0,2,64,2,68,0,5,80,2,87,44,2,46,133
05/23/2008,OSH,WI,AGL,CE,Federal Contract Tower,0,2,22,0,24,0,1,80,0,81,0,3,102,0,105,180,0,180,285
05/24/2008,OSH,WI,AGL,CE,Federal Contract Tower,0,4,8,0,12,0,0,97,0,97,0,4,105,0,109,150,0,150,259
05/25/2008,OSH,WI,AGL,CE,Federal Contract Tower,0,0,2,0,2,0,0,25,0,25,0,0,27,0,27,48,0,48,75
05/26/2008,OSH,WI,AGL,CE,Federal Contract Tower,0,0,5,0,5,0,0,34,0,34,0,0,39,0,39,74,0,74,113
05/27/2008,OSH,WI,AGL,CE,Federal Contract Tower,0,4,14,0,18,0,0,46,0,46,0,4,60,0,64,58,0,58,122
05/28/2008,OSH,WI,AGL,CE,Federal Contract Tower,0,3,15,0,18,0,0,104,2,106,0,3,119,2,124,156,2,158,282
05/29/2008,OSH,WI,AGL,CE,Federal Contract Tower,0,3,9,4,16,0,0,55,0,55,0,3,64,4,71,38,0,38,109
05/30/2008,OSH,WI,AGL,CE,Federal Contract Tower,0,3,14,0,17,0,0,33,0,33,0,3,47,0,50,24,0,24,74
05/31/2008,OSH,WI,AGL,CE,Federal Contract Tower,0,4,9,0,13,0,1,49,0,50,0,5,58,0,63,66,0,66,129
06/01/2008,OSH,WI,AGL,CE,Federal Contract Tower,0,0,8,0,8,0,0,103,0,103,0,0,111,0,111,170,0,170,281
06/02/2008,OSH,WI,AGL,CE,Federal Contract Tower,0,2,10,0,12,0,0,66,0,66,0,2,76,0,78,132,0,132,210
06/03/2008,OSH,WI,AGL,CE,Federal Contract Tower,0,3,9,0,12,0,0,5,0,5,0,3,14,0,17,32,0,32,49
06/04/2008,OSH,WI,AGL,CE,Federal Contract Tower,0,10,21,0,31,0,0,4,0,4,0,10,25,0,35,4,0,4,39
06/05/2008,OSH,WI,AGL,CE,Federal Contract Tower,0,7,15,0,22,0,0,13,0,13,0,7,28,0,35,58,0,58,93
06/06/2008,OSH,WI,AGL,CE,Federal Contract Tower,0,5,5,0,10,0,0,11,0,11,0,5,16,0,21,20,0,20,41
06/07/2008,OSH,WI,AGL,CE,Federal Contract Tower,0,1,3,0,4,0,1,56,0,57,0,2,59,0,61,56,0,56,117
06/08/2008,OSH,WI,AGL,CE,Federal Contract Tower,0,0,0,0,0,0,0,13,0,13,0,0,13,0,13,10,0,10,23
06/09/2008,OSH,WI,AGL,CE,Federal Contract Tower,0,3,21,0,24,0,1,115,2,118,0,4,136,2,142,164,6,170,312
06/10/2008,OSH,WI,AGL,CE,Federal Contract Tower,0,3,12,0,15,0,1,162,0,163,0,4,174,0,178,230,0,230,408
06/11/2008,OSH,WI,AGL,CE,Federal Contract Tower,0,5,17,0,22,0,0,112,0,112,0,5,129,0,134,156,0,156,290
06/12/2008,OSH,WI,AGL,CE,Federal Contract Tower,0,2,7,0,9,0,0,27,12,39,0,2,34,12,48,86,0,86,134
06/13/2008,OSH,WI,AGL,CE,Federal Contract Tower,0,3,16,0,19,0,0,109,0,109,0,3,125,0,128,156,0,156,284
06/14/2008,OSH,WI,AGL,CE,Federal Contract Tower,0,1,5,0,6,0,1,164,0,165,0,2,169,0,171,166,0,166,337
06/15/2008,OSH,WI,AGL,CE,Federal Contract Tower,0,2,6,0,8,0,0,57,0,57,0,2,63,0,65,116,0,116,181
06/16/2008,OSH,WI,AGL,CE,Federal Contract Tower,0,2,12,0,14,0,0,107,0,107,0,2,119,0,121,258,0,258,379
06/17/2008,OSH,WI,AGL,CE,Federal Contract Tower,0,2,7,0,9,0,0,117,0,117,0,2,124,0,126,224,0,224,350
06/18/2008,OSH,WI,AGL,CE,Federal Contract Tower,0,5,9,1,15,0,0,141,1,142,0,5,150,2,157,312,0,312,469
06/19/2008,OSH,WI,AGL,CE,Federal Contract Tower,0,4,12,0,16,0,7,82,2,91,0,11,94,2,107,200,0,200,311
06/20/2008,OSH,WI,AGL,CE,Federal Contract Tower,0,3,11,0,14,0,1,118,0,119,0,4,129,0,133,422,0,422,555
06/21/2008,OSH,WI,AGL,CE,Federal Contract Tower,0,1,9,0,10,0,1,101,0,102,0,2,110,0,112,154,0,154,266
06/22/2008,OSH,WI,AGL,CE,Federal Contract Tower,2,2,5,0,9,0,0,83,0,83,2,2,88,0,92,156,0,156,248
06/23/2008,OSH,WI,AGL,CE,Federal Contract Tower,0,3,6,2,11,0,0,201,0,201,0,3,207,2,212,442,0,442,654
06/24/2008,OSH,WI,AGL,CE,Federal Contract Tower,0,3,9,4,16,0,2,132,2,136,0,5,141,6,152,270,4,274,426
06/25/2008,OSH,WI,AGL,CE,Federal Contract Tower,0,4,15,0,19,0,1,100,2,103,0,5,115,2,122,222,0,222,344
06/26/2008,OSH,WI,AGL,CE,Federal Contract Tower,0,6,12,0,18,0,1,113,0,114,0,7,125,0,132,248,0,248,380
06/27/2008,OSH,WI,AGL,CE,Federal Contract Tower,0,9,12,0,21,0,0,75,0,75,0,9,87,0,96,158,0,158,254
06/28/2008,OSH,WI,AGL,CE,Federal Contract Tower,0,3,16,0,19,0,0,53,0,53,0,3,69,0,72,84,0,84,156
06/29/2008,OSH,WI,AGL,CE,Federal Contract Tower,0,1,11,0,12,0,0,50,0,50,0,1,61,0,62,96,0,96,158
06/30/2008,OSH,WI,AGL,CE,Federal Contract Tower,0,2,11,0,13,0,0,126,0,126,0,2,137,0,139,238,0,238,377
07/01/2008,OSH,WI,AGL,CE,Federal Contract Tower,0,3,12,3,18,0,3,83,3,89,0,6,95,6,107,100,0,100,207
07/02/2008,OSH,WI,AGL,CE,Federal Contract Tower,0,3,20,0,23,0,0,26,0,26,0,3,46,0,49,88,0,88,137
07/03/2008,OSH,WI,AGL,CE,Federal Contract Tower,0,6,14,3,23,0,0,98,0,98,0,6,112,3,121,214,0,214,335
07/04/2008,OSH,WI,AGL,CE,Federal Contract Tower,0,1,4,0,5,0,0,71,0,71,0,1,75,0,76,96,0,96,172
07/05/2008,OSH,WI,AGL,CE,Federal Contract Tower,0,2,7,0,9,0,0,102,1,103,0,2,109,1,112,280,0,280,392
07/06/2008,OSH,WI,AGL,CE,Federal Contract Tower,0,2,17,0,19,0,0,53,0,53,0,2,70,0,72,98,0,98,170
07/07/2008,OSH,WI,AGL,CE,Federal Contract Tower,0,7,15,0,22,0,0,82,0,82,0,7,97,0,104,176,0,176,280
07/08/2008,OSH,WI,AGL,CE,Federal Contract Tower,0,5,18,0,23,0,2,45,0,47,0,7,63,0,70,256,0,256,326
07/09/2008,OSH,WI,AGL,CE,Federal Contract Tower,0,2,11,4,17,0,1,159,2,162,0,3,170,6,179,268,0,268,447
07/10/2008,OSH,WI,AGL,CE,Federal Contract Tower,0,2,18,0,20,0,1,104,0,105,0,3,122,0,125,186,0,186,311
07/11/2008,OSH,WI,AGL,CE,Federal Contract Tower,0,3,10,0,13,0,0,102,0,102,0,3,112,0,115,294,0,294,409
07/12/2008,OSH,WI,AGL,CE,Federal Contract Tower,0,2,19,0,21,0,0,114,0,114,0,2,133,0,135,254,0,254,389
07/13/2008,OSH,WI,AGL,CE,Federal Contract Tower,0,0,8,1,9,0,0,70,1,71,0,0,78,2,80,164,0,164,244
07/14/2008,OSH,WI,AGL,CE,Federal Contract Tower,0,4,11,3,18,0,2,168,2,172,0,6,179,5,190,366,0,366,556
07/15/2008,OSH,WI,AGL,CE,Federal Contract Tower,0,3,13,4,20,0,2,117,0,119,0,5,130,4,139,112,18,130,269
07/16/2008,OSH,WI,AGL,CE,Federal Contract Tower,0,3,23,0,26,0,0,77,0,77,0,3,100,0,103,152,0,152,255
07/17/2008,OSH,WI,AGL,CE,Federal Contract Tower,0,3,17,0,20,0,1,53,0,54,0,4,70,0,74,212,0,212,286
07/18/2008,OSH,WI,AGL,CE,Federal Contract Tower,0,8,22,0,30,0,0,63,0,63,0,8,85,0,93,272,0,272,365
07/19/2008,OSH,WI,AGL,CE,Federal Contract Tower,0,2,8,0,10,0,0,104,0,104,0,2,112,0,114,242,0,242,356
07/20/2008,OSH,WI,AGL,CE,Federal Contract Tower,0,3,18,0,21,0,1,66,0,67,0,4,84,0,88,192,0,192,280
07/21/2008,OSH,WI,AGL,CE,Federal Contract Tower,0,2,40,0,42,0,1,106,0,107,0,3,146,0,149,265,0,265,414
07/22/2008,OSH,WI,AGL,CE,Federal Contract Tower,0,3,33,0,36,0,0,87,0,87,0,3,120,0,123,260,0,260,383
07/23/2008,OSH,WI,AGL,CE,Federal Contract Tower,0,5,19,0,24,0,1,264,0,265,0,6,283,0,289,334,0,334,623
07/24/2008,OSH,WI,AGL,CE,Federal Contract Tower,0,2,41,0,43,0,0,273,0,273,0,2,314,0,316,244,0,244,560
07/25/2008,OSH,WI,AGL,CE,Federal Contract Tower,0,0,58,0,58,0,0,368,0,368,0,0,426,0,426,0,0,0,426
07/26/2008,OSH,WI,AGL,CE,Federal Contract Tower,0,0,49,0,49,0,0,1723,0,1723,0,0,1772,0,1772,0,0,0,1772
07/27/2008,OSH,WI,AGL,CE,Federal Contract Tower,0,0,75,0,75,0,0,2205,0,2205,0,0,2280,0,2280,0,0,0,2280
07/28/2008,OSH,WI,AGL,CE,Federal Contract Tower,0,0,60,0,60,0,0,1528,0,1528,0,0,1588,0,1588,0,0,0,1588
07/29/2008,OSH,WI,AGL,CE,Federal Contract Tower,0,0,72,0,72,0,0,1434,0,1434,0,0,1506,0,1506,0,0,0,1506
07/30/2008,OSH,WI,AGL,CE,Federal Contract Tower,0,0,90,0,90,0,0,2245,0,2245,0,0,2335,0,2335,0,0,0,2335
07/31/2008,OSH,WI,AGL,CE,Federal Contract Tower,0,0,112,0,112,0,0,2923,0,2923,0,0,3035,0,3035,0,0,0,3035
08/01/2008,OSH,WI,AGL,CE,Federal Contract Tower,0,0,2316,0,2316,0,0,99,0,99,0,0,2415,0,2415,0,0,0,2415
08/02/2008,OSH,WI,AGL,CE,Federal Contract Tower,0,0,67,0,67,0,0,2069,0,2069,0,0,2136,0,2136,0,0,0,2136
08/03/2008,OSH,WI,AGL,CE,Federal Contract Tower,0,0,88,0,88,0,0,1525,0,1525,0,0,1613,0,1613,0,0,0,1613
08/04/2008,OSH,WI,AGL,CE,Federal Contract Tower,0,2,48,10,60,0,0,484,4,488,0,2,532,14,548,24,0,24,572
08/05/2008,OSH,WI,AGL,CE,Federal Contract Tower,0,3,20,2,25,0,0,233,2,235,0,3,253,4,260,104,0,104,364
08/06/2008,OSH,WI,AGL,CE,Federal Contract Tower,0,3,12,0,15,0,0,228,0,228,0,3,240,0,243,323,0,323,566
08/07/2008,OSH,WI,AGL,CE,Federal Contract Tower,0,4,16,0,20,0,14,167,0,181,0,18,183,0,201,194,0,194,395
08/08/2008,OSH,WI,AGL,CE,Federal Contract Tower,0,3,10,2,15,0,1,172,0,173,0,4,182,2,188,284,0,284,472
08/09/2008,OSH,WI,AGL,CE,Federal Contract Tower,0,2,10,0,12,0,0,93,0,93,0,2,103,0,105,126,0,126,231
08/10/2008,OSH,WI,AGL,CE,Federal Contract Tower,0,1,7,0,8,0,0,70,0,70,0,1,77,0,78,167,0,167,245
08/11/2008,OSH,WI,AGL,CE,Federal Contract Tower,0,3,8,0,11,0,1,101,0,102,0,4,109,0,113,312,0,312,425
08/12/2008,OSH,WI,AGL,CE,Federal Contract Tower,0,3,16,2,21,0,0,123,0,123,0,3,139,2,144,336,0,336,480
08/13/2008,OSH,WI,AGL,CE,Federal Contract Tower,0,4,22,0,26,0,0,74,0,74,0,4,96,0,100,194,0,194,294
08/14/2008,OSH,WI,AGL,CE,Federal Contract Tower,0,4,30,0,34,0,0,113,0,113,0,4,143,0,147,210,0,210,357
08/15/2008,OSH,WI,AGL,CE,Federal Contract Tower,0,9,13,0,22,0,1,91,0,92,0,10,104,0,114,308,0,308,422
08/16/2008,OSH,WI,AGL,CE,Federal Contract Tower,0,4,7,0,11,0,0,103,10,113,0,4,110,10,124,306,0,306,430
08/17/2008,OSH,WI,AGL,CE,Federal Contract Tower,0,0,10,0,10,0,0,55,0,55,0,0,65,0,65,196,0,196,261
08/18/2008,OSH,WI,AGL,CE,Federal Contract Tower,0,3,9,0,12,0,1,75,0,76,0,4,84,0,88,270,0,270,358
08/19/2008,OSH,WI,AGL,CE,Federal Contract Tower,0,3,16,2,21,0,0,0,0,0,0,3,16,2,21,236,0,236,257
08/20/2008,OSH,WI,AGL,CE,Federal Contract Tower,0,3,12,0,15,0,1,70,0,71,0,4,82,0,86,160,0,160,246
08/21/2008,OSH,WI,AGL,CE,Federal Contract Tower,0,5,22,2,29,0,0,90,2,92,0,5,112,4,121,174,0,174,295
08/22/2008,OSH,WI,AGL,CE,Federal Contract Tower,0,3,19,4,26,0,0,31,2,33,0,3,50,6,59,24,2,26,85
08/23/2008,OSH,WI,AGL,CE,Federal Contract Tower,0,4,5,0,9,0,0,46,0,46,0,4,51,0,55,98,0,98,153
08/24/2008,OSH,WI,AGL,CE,Federal Contract Tower,0,1,6,0,7,0,0,102,0,102,0,1,108,0,109,82,0,82,191
08/25/2008,OSH,WI,AGL,CE,Federal Contract Tower,0,3,9,2,14,0,0,76,0,76,0,3,85,2,90,174,0,174,264
08/26/2008,OSH,WI,AGL,CE,Federal Contract Tower,0,3,13,0,16,0,0,97,0,97,0,3,110,0,113,234,0,234,347
08/27/2008,OSH,WI,AGL,CE,Federal Contract Tower,0,2,12,0,14,0,1,90,2,93,0,3,102,2,107,222,0,222,329
08/28/2008,OSH,WI,AGL,CE,Federal Contract Tower,0,4,24,0,28,0,0,0,0,0,0,4,24,0,28,134,0,134,162
08/29/2008,OSH,WI,AGL,CE,Federal Contract Tower,0,5,14,0,19,0,0,77,0,77,0,5,91,0,96,208,0,208,304
08/30/2008,OSH,WI,AGL,CE,Federal Contract Tower,0,2,3,0,5,0,0,99,0,99,0,2,102,0,104,220,0,220,324
08/31/2008,OSH,WI,AGL,CE,Federal Contract Tower,0,0,7,0,7,0,0,79,0,79,0,0,86,0,86,250,0,250,336
09/01/2008,OSH,WI,AGL,CE,Federal Contract Tower,0,4,6,0,10,0,0,62,0,62,0,4,68,0,72,172,0,172,244
09/02/2008,OSH,WI,AGL,CE,Federal Contract Tower,0,3,13,0,16,0,0,49,0,49,0,3,62,0,65,38,0,38,103
09/03/2008,OSH,WI,AGL,CE,Federal Contract Tower,0,2,14,0,16,0,0,63,0,63,0,2,77,0,79,162,0,162,241
09/04/2008,OSH,WI,AGL,CE,Federal Contract Tower,0,3,33,4,40,0,0,9,0,9,0,3,42,4,49,24,0,24,73
09/05/2008,OSH,WI,AGL,CE,Federal Contract Tower,0,4,11,2,17,0,0,34,0,34,0,4,45,2,51,124,0,124,175
09/06/2008,OSH,WI,AGL,CE,Federal Contract Tower,0,2,10,0,12,0,0,104,0,104,0,2,114,0,116,128,0,128,244
09/07/2008,OSH,WI,AGL,CE,Federal Contract Tower,0,0,10,0,10,0,0,70,0,70,0,0,80,0,80,134,0,134,214
09/08/2008,OSH,WI,AGL,CE,Federal Contract Tower,0,4,19,0,23,0,8,63,0,71,0,12,82,0,94,114,0,114,208
09/09/2008,OSH,WI,AGL,CE,Federal Contract Tower,0,3,7,0,10,0,1,105,0,106,0,4,112,0,116,54,0,54,170
09/10/2008,OSH,WI,AGL,CE,Federal Contract Tower,0,5,10,0,15,0,1,104,2,107,0,6,114,2,122,198,2,200,322
09/11/2008,OSH,WI,AGL,CE,Federal Contract Tower,0,3,14,0,17,0,1,34,0,35,0,4,48,0,52,28,0,28,80
09/12/2008,OSH,WI,AGL,CE,Federal Contract Tower,0,3,20,0,23,0,0,26,0,26,0,3,46,0,49,2,0,2,51
09/13/2008,OSH,WI,AGL,CE,Federal Contract Tower,0,2,22,0,24,0,0,2,0,2,0,2,24,0,26,6,0,6,32
09/14/2008,OSH,WI,AGL,CE,Federal Contract Tower,0,4,12,0,16,0,0,4,0,4,0,4,16,0,20,68,0,68,88
09/15/2008,OSH,WI,AGL,CE,Federal Contract Tower,0,2,16,0,18,0,0,89,0,89,0,2,105,0,107,84,0,84,191
09/16/2008,OSH,WI,AGL,CE,Federal Contract Tower,0,2,24,0,26,0,1,83,2,86,0,3,107,2,112,102,0,102,214
09/17/2008,OSH,WI,AGL,CE,Federal Contract Tower,0,2,21,0,23,0,1,106,0,107,0,3,127,0,130,132,0,132,262
09/18/2008,OSH,WI,AGL,CE,Federal Contract Tower,0,2,12,0,14,0,1,127,0,128,0,3,139,0,142,104,0,104,246
09/19/2008,OSH,WI,AGL,CE,Federal Contract Tower,0,2,12,0,14,0,0,80,0,80,0,2,92,0,94,66,0,66,160
09/20/2008,OSH,WI,AGL,CE,Federal Contract Tower,0,2,15,0,17,0,2,134,0,136,0,4,149,0,153,186,0,186,339
09/21/2008,OSH,WI,AGL,CE,Federal Contract Tower,0,0,6,0,6,0,0,132,0,132,0,0,138,0,138,186,0,186,324
09/22/2008,OSH,WI,AGL,CE,Federal Contract Tower,0,1,15,0,16,0,1,46,0,47,0,2,61,0,63,94,0,94,157
09/23/2008,OSH,WI,AGL,CE,Federal Contract Tower,0,3,14,0,17,0,0,101,0,101,0,3,115,0,118,84,0,84,202
09/24/2008,OSH,WI,AGL,CE,Federal Contract Tower,0,2,25,0,27,0,1,73,0,74,0,3,98,0,101,128,0,128,229
09/25/2008,OSH,WI,AGL,CE,Federal Contract Tower,0,2,9,0,11,0,1,108,2,111,0,3,117,2,122,126,2,128,250
09/26/2008,OSH,WI,AGL,CE,Federal Contract Tower,0,2,15,0,17,0,1,89,2,92,0,3,104,2,109,182,0,182,291
09/27/2008,OSH,WI,AGL,CE,Federal Contract Tower,0,4,12,2,18,0,0,74,0,74,0,4,86,2,92,196,0,196,288
09/28/2008,OSH,WI,AGL,CE,Federal Contract Tower,0,0,12,0,12,0,0,16,0,16,0,0,28,0,28,46,0,46,74
09/29/2008,OSH,WI,AGL,CE,Federal Contract Tower,0,4,30,0,34,0,0,22,0,22,0,4,52,0,56,38,0,38,94
09/30/2008,OSH,WI,AGL,CE,Federal Contract Tower,0,2,15,0,17,0,0,50,0,50,0,2,65,0,67,130,0,130,197
10/01/2008,OSH,WI,AGL,CE,Federal Contract Tower,0,2,9,0,11,0,0,63,0,63,0,2,72,0,74,56,0,56,130
10/02/2008,OSH,WI,AGL,CE,Federal Contract Tower,0,4,16,2,22,0,1,36,0,37,0,5,52,2,59,64,0,64,123
10/03/2008,OSH,WI,AGL,CE,Federal Contract Tower,0,2,11,2,15,0,0,119,10,129,0,2,130,12,144,238,8,246,390
10/04/2008,OSH,WI,AGL,CE,Federal Contract Tower,0,3,3,0,6,0,1,229,0,230,0,4,232,0,236,446,0,446,682
10/05/2008,OSH,WI,AGL,CE,Federal Contract Tower,0,3,14,0,17,0,0,83,2,85,0,3,97,2,102,180,0,180,282
10/06/2008,OSH,WI,AGL,CE,Federal Contract Tower,0,4,26,0,30,0,0,61,0,61,0,4,87,0,91,62,0,62,153
10/07/2008,OSH,WI,AGL,CE,Federal Contract Tower,0,2,10,0,12,0,0,38,0,38,0,2,48,0,50,54,0,54,104
10/08/2008,OSH,WI,AGL,CE,Federal Contract Tower,0,3,12,6,21,0,0,53,0,53,0,3,65,6,74,26,0,26,100
10/09/2008,OSH,WI,AGL,CE,Federal Contract Tower,0,2,10,0,12,0,1,101,0,102,0,3,111,0,114,84,0,84,198
10/10/2008,OSH,WI,AGL,CE,Federal Contract Tower,0,2,11,0,13,0,0,118,0,118,0,2,129,0,131,136,0,136,267
10/11/2008,OSH,WI,AGL,CE,Federal Contract Tower,0,1,3,0,4,0,1,123,1,125,0,2,126,1,129,428,0,428,557
10/12/2008,OSH,WI,AGL,CE,Federal Contract Tower,0,0,8,0,8,0,0,66,0,66,0,0,74,0,74,146,0,146,220
10/13/2008,OSH,WI,AGL,CE,Federal Contract Tower,0,4,13,0,17,0,0,79,0,79,0,4,92,0,96,110,0,110,206
10/14/2008,OSH,WI,AGL,CE,Federal Contract Tower,0,2,11,0,13,0,1,79,0,80,0,3,90,0,93,116,0,116,209
10/15/2008,OSH,WI,AGL,CE,Federal Contract Tower,0,5,24,0,29,0,1,12,0,13,0,6,36,0,42,24,0,24,66
10/16/2008,OSH,WI,AGL,CE,Federal Contract Tower,0,2,18,0,20,0,1,101,0,102,0,3,119,0,122,136,0,136,258
10/17/2008,OSH,WI,AGL,CE,Federal Contract Tower,0,3,15,0,18,0,1,72,0,73,0,4,87,0,91,70,0,70,161
10/18/2008,OSH,WI,AGL,CE,Federal Contract Tower,0,2,8,0,10,0,0,111,0,111,0,2,119,0,121,60,0,60,181
10/19/2008,OSH,WI,AGL,CE,Federal Contract Tower,0,0,3,0,3,0,0,40,0,40,0,0,43,0,43,94,0,94,137
10/20/2008,OSH,WI,AGL,CE,Federal Contract Tower,0,2,15,0,17,0,0,66,0,66,0,2,81,0,83,32,0,32,115
10/21/2008,OSH,WI,AGL,CE,Federal Contract Tower,0,3,9,0,12,0,2,84,0,86,0,5,93,0,98,138,2,140,238
10/22/2008,OSH,WI,AGL,CE,Federal Contract Tower,0,3,9,1,13,0,1,48,1,50,0,4,57,2,63,72,0,72,135
10/23/2008,OSH,WI,AGL,CE,Federal Contract Tower,0,5,18,0,23,0,2,65,2,69,0,7,83,2,92,134,2,136,228
10/24/2008,OSH,WI,AGL,CE,Federal Contract Tower,0,4,17,0,21,0,0,22,0,22,0,4,39,0,43,72,0,72,115
10/25/2008,OSH,WI,AGL,CE,Federal Contract Tower,0,2,20,0,22,0,0,34,0,34,0,2,54,0,56,8,0,8,64
10/26/2008,OSH,WI,AGL,CE,Federal Contract Tower,0,0,6,0,6,0,0,0,0,0,0,0,6,0,6,0,0,0,6
10/27/2008,OSH,WI,AGL,CE,Federal Contract Tower,0,4,3,0,7,0,0,24,3,27,0,4,27,3,34,12,26,38,72
10/28/2008,OSH,WI,AGL,CE,Federal Contract Tower,0,5,13,5,23,0,1,86,2,89,0,6,99,7,112,18,0,18,130
10/29/2008,OSH,WI,AGL,CE,Federal Contract Tower,0,6,7,0,13,0,1,82,0,83,0,7,89,0,96,110,0,110,206
10/30/2008,OSH,WI,AGL,CE,Federal Contract Tower,0,5,15,0,20,0,0,48,0,48,0,5,63,0,68,48,0,48,116
10/31/2008,OSH,WI,AGL,CE,Federal Contract Tower,0,2,2,0,4,0,0,79,0,79,0,2,81,0,83,0,0,0,83
11/01/2008,OSH,WI,AGL,CE,Federal Contract Tower,0,2,4,0,6,0,0,52,0,52,0,2,56,0,58,56,0,56,114
11/02/2008,OSH,WI,AGL,CE,Federal Contract Tower,0,2,3,0,5,0,0,21,0,21,0,2,24,0,26,36,0,36,62
11/03/2008,OSH,WI,AGL,CE,Federal Contract Tower,0,3,18,0,21,0,0,97,0,97,0,3,115,0,118,82,0,82,200
11/04/2008,OSH,WI,AGL,CE,Federal Contract Tower,0,3,14,3,20,0,0,0,0,0,0,3,14,3,20,34,0,34,54
11/05/2008,OSH,WI,AGL,CE,Federal Contract Tower,0,5,11,0,16,0,0,31,8,39,0,5,42,8,55,26,0,26,81
11/06/2008,OSH,WI,AGL,CE,Federal Contract Tower,0,4,27,0,31,0,1,11,2,14,0,5,38,2,45,64,4,68,113
11/07/2008,OSH,WI,AGL,CE,Federal Contract Tower,0,4,3,0,7,0,0,44,0,44,0,4,47,0,51,88,0,88,139
11/08/2008,OSH,WI,AGL,CE,Federal Contract Tower,0,3,4,0,7,0,0,6,0,6,0,3,10,0,13,0,0,0,13
11/09/2008,OSH,WI,AGL,CE,Federal Contract Tower,0,0,2,0,2,0,0,34,0,34,0,0,36,0,36,8,0,8,44
11/10/2008,OSH,WI,AGL,CE,Federal Contract Tower,0,2,17,0,19,0,0,76,0,76,0,2,93,0,95,170,0,170,265
11/11/2008,OSH,WI,AGL,CE,Federal Contract Tower,0,4,13,0,17,0,0,46,0,46,0,4,59,0,63,40,0,40,103
11/12/2008,OSH,WI,AGL,CE,Federal Contract Tower,0,5,24,0,29,0,0,0,0,0,0,5,24,0,29,0,0,0,29
11/13/2008,OSH,WI,AGL,CE,Federal Contract Tower,0,7,12,0,19,0,0,5,0,5,0,7,17,0,24,10,0,10,34
11/14/2008,OSH,WI,AGL,CE,Federal Contract Tower,0,5,11,0,16,0,0,43,0,43,0,5,54,0,59,88,0,88,147
11/15/2008,OSH,WI,AGL,CE,Federal Contract Tower,0,2,1,0,3,0,0,40,0,40,0,2,41,0,43,72,0,72,115
11/16/2008,OSH,WI,AGL,CE,Federal Contract Tower,0,0,6,0,6,0,0,16,0,16,0,0,22,0,22,12,0,12,34
11/17/2008,OSH,WI,AGL,CE,Federal Contract Tower,0,4,9,0,13,0,0,24,0,24,0,4,33,0,37,46,0,46,83
11/18/2008,OSH,WI,AGL,CE,Federal Contract Tower,0,3,8,0,11,0,0,94,0,94,0,3,102,0,105,174,0,174,279
11/19/2008,OSH,WI,AGL,CE,Federal Contract Tower,0,3,9,0,12,0,0,32,2,34,0,3,41,2,46,44,0,44,90
11/20/2008,OSH,WI,AGL,CE,Federal Contract Tower,0,3,9,0,12,0,0,17,0,17,0,3,26,0,29,14,0,14,43
11/21/2008,OSH,WI,AGL,CE,Federal Contract Tower,0,3,13,0,16,0,0,79,0,79,0,3,92,0,95,144,0,144,239
11/22/2008,OSH,WI,AGL,CE,Federal Contract Tower,0,2,6,0,8,0,0,65,0,65,0,2,71,0,73,52,0,52,125
11/23/2008,OSH,WI,AGL,CE,Federal Contract Tower,0,0,2,0,2,0,0,39,0,39,0,0,41,0,41,64,0,64,105
11/24/2008,OSH,WI,AGL,CE,Federal Contract Tower,0,3,10,0,13,0,0,9,0,9,0,3,19,0,22,10,0,10,32
11/25/2008,OSH,WI,AGL,CE,Federal Contract Tower,0,3,17,0,20,0,0,74,0,74,0,3,91,0,94,122,0,122,216
11/26/2008,OSH,WI,AGL,CE,Federal Contract Tower,0,3,9,0,12,0,0,76,0,76,0,3,85,0,88,82,0,82,170
11/27/2008,OSH,WI,AGL,CE,Federal Contract Tower,0,0,3,0,3,0,0,20,0,20,0,0,23,0,23,16,0,16,39
11/28/2008,OSH,WI,AGL,CE,Federal Contract Tower,0,1,1,0,2,0,0,71,0,71,0,1,72,0,73,68,0,68,141
11/29/2008,OSH,WI,AGL,CE,Federal Contract Tower,0,2,3,0,5,0,0,76,0,76,0,2,79,0,81,80,0,80,161
11/30/2008,OSH,WI,AGL,CE,Federal Contract Tower,0,3,6,0,9,0,0,0,0,0,0,3,6,0,9,0,0,0,9
12/01/2008,OSH,WI,AGL,CE,Federal Contract Tower,0,2,2,0,4,0,0,8,0,8,0,2,10,0,12,0,0,0,12
12/02/2008,OSH,WI,AGL,CE,Federal Contract Tower,0,4,11,0,15,0,0,49,0,49,0,4,60,0,64,92,0,92,156
12/03/2008,OSH,WI,AGL,CE,Federal Contract Tower,0,3,11,0,14,0,0,4,0,4,0,3,15,0,18,0,0,0,18
12/04/2008,OSH,WI,AGL,CE,Federal Contract Tower,0,3,13,0,16,0,0,90,0,90,0,3,103,0,106,166,0,166,272
12/05/2008,OSH,WI,AGL,CE,Federal Contract Tower,0,4,13,0,17,0,1,56,0,57,0,5,69,0,74,78,0,78,152
12/06/2008,OSH,WI,AGL,CE,Federal Contract Tower,0,2,5,0,7,0,0,1,0,1,0,2,6,0,8,0,0,0,8
12/07/2008,OSH,WI,AGL,CE,Federal Contract Tower,0,0,7,0,7,0,0,46,0,46,0,0,53,0,53,26,0,26,79
12/08/2008,OSH,WI,AGL,CE,Federal Contract Tower,0,1,16,0,17,0,0,6,0,6,0,1,22,0,23,0,0,0,23
12/09/2008,OSH,WI,AGL,CE,Federal Contract Tower,0,4,6,0,10,0,0,5,0,5,0,4,11,0,15,0,0,0,15
12/10/2008,OSH,WI,AGL,CE,Federal Contract Tower,0,7,11,0,18,0,0,50,0,50,0,7,61,0,68,70,0,70,138
12/11/2008,OSH,WI,AGL,CE,Federal Contract Tower,0,4,7,0,11,0,5,53,0,58,0,9,60,0,69,71,0,71,140
12/12/2008,OSH,WI,AGL,CE,Federal Contract Tower,0,6,9,0,15,0,0,55,0,55,0,6,64,0,70,84,0,84,154
12/13/2008,OSH,WI,AGL,CE,Federal Contract Tower,0,5,5,0,10,0,0,9,0,9,0,5,14,0,19,0,0,0,19
12/14/2008,OSH,WI,AGL,CE,Federal Contract Tower,0,1,0,0,1,0,0,3,0,3,0,1,3,0,4,16,0,16,20
12/15/2008,OSH,WI,AGL,CE,Federal Contract Tower,0,2,8,0,10,0,5,5,0,10,0,7,13,0,20,26,0,26,46
12/16/2008,OSH,WI,AGL,CE,Federal Contract Tower,0,2,8,0,10,0,0,39,0,39,0,2,47,0,49,66,0,66,115
12/17/2008,OSH,WI,AGL,CE,Federal Contract Tower,0,0,9,0,9,0,0,52,0,52,0,0,61,0,61,98,0,98,159
12/18/2008,OSH,WI,AGL,CE,Federal Contract Tower,0,2,9,0,11,0,0,72,0,72,0,2,81,0,83,102,0,102,185
12/19/2008,OSH,WI,AGL,CE,Federal Contract Tower,0,2,8,0,10,0,0,2,0,2,0,2,10,0,12,0,0,0,12
12/20/2008,OSH,WI,AGL,CE,Federal Contract Tower,0,2,4,0,6,0,0,2,0,2,0,2,6,0,8,8,0,8,16
12/21/2008,OSH,WI,AGL,CE,Federal Contract Tower,0,0,1,0,1,0,0,0,0,0,0,0,1,0,1,0,0,0,1
12/22/2008,OSH,WI,AGL,CE,Federal Contract Tower,0,2,2,0,4,0,0,24,2,26,0,2,26,2,30,30,8,38,68
12/23/2008,OSH,WI,AGL,CE,Federal Contract Tower,0,3,6,0,9,0,0,2,0,2,0,3,8,0,11,0,0,0,11
12/24/2008,OSH,WI,AGL,CE,Federal Contract Tower,0,2,1,0,3,0,0,0,0,0,0,2,1,0,3,0,0,0,3
12/25/2008,OSH,WI,AGL,CE,Federal Contract Tower,0,0,0,0,0,0,0,5,0,5,0,0,5,0,5,0,0,0,5
12/26/2008,OSH,WI,AGL,CE,Federal Contract Tower,0,1,6,0,7,0,0,0,0,0,0,1,6,0,7,0,0,0,7
12/27/2008,OSH,WI,AGL,CE,Federal Contract Tower,0,1,1,0,2,0,0,0,0,0,0,1,1,0,2,0,0,0,2
12/28/2008,OSH,WI,AGL,CE,Federal Contract Tower,0,0,5,0,5,0,0,19,0,19,0,0,24,0,24,4,0,4,28
12/29/2008,OSH,WI,AGL,CE,Federal Contract Tower,0,1,2,0,3,0,0,19,2,21,0,1,21,2,24,0,0,0,24
12/30/2008,OSH,WI,AGL,CE,Federal Contract Tower,0,1,8,0,9,0,0,2,0,2,0,1,10,0,11,0,0,0,11
12/31/2008,OSH,WI,AGL,CE,Federal Contract Tower,0,1,3,0,4,0,0,26,0,26,0,1,29,0,30,14,0,14,44
01/01/2009,OSH,WI,AGL,CE,Federal Contract Tower,0,0,1,0,1,0,0,2,0,2,0,0,3,0,3,0,0,0,3
01/02/2009,OSH,WI,AGL,CE,Federal Contract Tower,0,3,5,0,8,0,0,27,0,27,0,3,32,0,35,30,0,30,65
01/03/2009,OSH,WI,AGL,CE,Federal Contract Tower,0,2,0,0,2,0,0,53,0,53,0,2,53,0,55,98,0,98,153
01/04/2009,OSH,WI,AGL,CE,Federal Contract Tower,0,0,2,0,2,0,0,0,0,0,0,0,2,0,2,0,0,0,2
01/05/2009,OSH,WI,AGL,CE,Federal Contract Tower,0,1,4,0,5,0,0,30,0,30,0,1,34,0,35,32,0,32,67
01/06/2009,OSH,WI,AGL,CE,Federal Contract Tower,0,1,5,0,6,0,1,23,0,24,0,2,28,0,30,20,0,20,50
01/07/2009,OSH,WI,AGL,CE,Federal Contract Tower,0,1,3,0,4,0,1,1,0,2,0,2,4,0,6,0,0,0,6
01/08/2009,OSH,WI,AGL,CE,Federal Contract Tower,0,1,11,0,12,0,1,47,0,48,0,2,58,0,60,66,0,66,126
01/09/2009,OSH,WI,AGL,CE,Federal Contract Tower,0,0,7,0,7,0,2,8,0,10,0,2,15,0,17,0,0,0,17
01/10/2009,OSH,WI,AGL,CE,Federal Contract Tower,0,3,8,0,11,0,0,38,0,38,0,3,46,0,49,82,0,82,131
01/11/2009,OSH,WI,AGL,CE,Federal Contract Tower,0,1,3,0,4,0,0,79,0,79,0,1,82,0,83,118,0,118,201
01/12/2009,OSH,WI,AGL,CE,Federal Contract Tower,0,4,9,0,13,0,0,9,0,9,0,4,18,0,22,26,0,26,48
01/13/2009,OSH,WI,AGL,CE,Federal Contract Tower,0,3,4,0,7,0,0,44,0,44,0,3,48,0,51,90,0,90,141
01/14/2009,OSH,WI,AGL,CE,Federal Contract Tower,0,2,3,0,5,0,0,16,0,16,0,2,19,0,21,56,0,56,77
01/15/2009,OSH,WI,AGL,CE,Federal Contract Tower,0,3,6,0,9,0,1,6,0,7,0,4,12,0,16,0,0,0,16
01/16/2009,OSH,WI,AGL,CE,Federal Contract Tower,0,2,7,0,9,0,0,3,0,3,0,2,10,0,12,0,0,0,12
01/17/2009,OSH,WI,AGL,CE,Federal Contract Tower,0,2,0,0,2,0,0,0,0,0,0,2,0,0,2,0,0,0,2
01/18/2009,OSH,WI,AGL,CE,Federal Contract Tower,0,0,1,0,1,0,0,35,0,35,0,0,36,0,36,56,0,56,92
01/19/2009,OSH,WI,AGL,CE,Federal Contract Tower,0,1,4,0,5,0,0,71,0,71,0,1,75,0,76,144,0,144,220
01/20/2009,OSH,WI,AGL,CE,Federal Contract Tower,0,3,5,0,8,0,0,87,0,87,0,3,92,0,95,156,0,156,251
01/21/2009,OSH,WI,AGL,CE,Federal Contract Tower,0,2,7,0,9,0,0,14,0,14,0,2,21,0,23,98,0,98,121
01/22/2009,OSH,WI,AGL,CE,Federal Contract Tower,0,1,14,0,15,0,0,0,0,0,0,1,14,0,15,0,0,0,15
01/23/2009,OSH,WI,AGL,CE,Federal Contract Tower,0,1,11,0,12,0,1,17,0,18,0,2,28,0,30,16,0,16,46
01/24/2009,OSH,WI,AGL,CE,Federal Contract Tower,0,2,3,0,5,0,0,78,0,78,0,2,81,0,83,86,0,86,169
01/25/2009,OSH,WI,AGL,CE,Federal Contract Tower,0,0,8,0,8,0,0,27,0,27,0,0,35,0,35,34,0,34,69
01/26/2009,OSH,WI,AGL,CE,Federal Contract Tower,0,1,6,0,7,0,0,90,0,90,0,1,96,0,97,114,0,114,211
01/27/2009,OSH,WI,AGL,CE,Federal Contract Tower,0,3,7,1,11,0,0,69,3,72,0,3,76,4,83,102,2,104,187
01/28/2009,OSH,WI,AGL,CE,Federal Contract Tower,0,3,5,0,8,0,0,72,2,74,0,3,77,2,82,36,0,36,118
01/29/2009,OSH,WI,AGL,CE,Federal Contract Tower,0,0,9,0,9,0,0,23,0,23,0,0,32,0,32,48,0,48,80
01/30/2009,OSH,WI,AGL,CE,Federal Contract Tower,0,1,8,0,9,0,0,81,0,81,0,1,89,0,90,146,0,146,236
01/31/2009,OSH,WI,AGL,CE,Federal Contract Tower,0,2,4,0,6,0,0,61,0,61,0,2,65,0,67,138,0,138,205
02/01/2009,OSH,WI,AGL,CE,Federal Contract Tower,0,0,1,0,1,0,0,42,0,42,0,0,43,0,43,30,0,30,73
02/02/2009,OSH,WI,AGL,CE,Federal Contract Tower,0,0,16,0,16,0,1,85,2,88,0,1,101,2,104,118,0,118,222
02/03/2009,OSH,WI,AGL,CE,Federal Contract Tower,0,2,6,0,8,0,0,36,5,41,0,2,42,5,49,40,0,40,89
02/04/2009,OSH,WI,AGL,CE,Federal Contract Tower,0,3,9,0,12,0,1,67,2,70,0,4,76,2,82,136,0,136,218
02/05/2009,OSH,WI,AGL,CE,Federal Contract Tower,0,4,10,0,14,0,0,71,2,73,0,4,81,2,87,106,0,106,193
02/06/2009,OSH,WI,AGL,CE,Federal Contract Tower,0,2,12,0,14,0,2,123,0,125,0,4,135,0,139,170,0,170,309
02/07/2009,OSH,WI,AGL,CE,Federal Contract Tower,0,2,0,0,2,0,0,68,0,68,0,2,68,0,70,68,0,68,138
02/08/2009,OSH,WI,AGL,CE,Federal Contract Tower,0,0,7,0,7,0,0,150,0,150,0,0,157,0,157,178,8,186,343
02/09/2009,OSH,WI,AGL,CE,Federal Contract Tower,0,1,7,0,8,0,0,2,0,2,0,1,9,0,10,26,0,26,36
02/10/2009,OSH,WI,AGL,CE,Federal Contract Tower,0,1,11,0,12,0,0,46,0,46,0,1,57,0,58,20,0,20,78
02/11/2009,OSH,WI,AGL,CE,Federal Contract Tower,0,2,1,0,3,0,0,65,2,67,0,2,66,2,70,90,0,90,160
02/12/2009,OSH,WI,AGL,CE,Federal Contract Tower,0,1,9,0,10,0,0,57,0,57,0,1,66,0,67,24,0,24,91
02/13/2009,OSH,WI,AGL,CE,Federal Contract Tower,0,1,12,0,13,0,1,92,3,96,0,2,104,3,109,138,0,138,247
02/14/2009,OSH,WI,AGL,CE,Federal Contract Tower,0,2,4,2,8,0,0,52,2,54,0,2,56,4,62,72,32,104,166
02/15/2009,OSH,WI,AGL,CE,Federal Contract Tower,0,0,5,0,5,0,0,78,0,78,0,0,83,0,83,182,0,182,265
02/16/2009,OSH,WI,AGL,CE,Federal Contract Tower,0,3,20,0,23,0,1,70,0,71,0,4,90,0,94,116,0,116,210
02/17/2009,OSH,WI,AGL,CE,Federal Contract Tower,0,4,8,2,14,0,0,27,0,27,0,4,35,2,41,92,0,92,133
02/18/2009,OSH,WI,AGL,CE,Federal Contract Tower,0,2,11,0,13,0,0,2,0,2,0,2,13,0,15,14,0,14,29
02/19/2009,OSH,WI,AGL,CE,Federal Contract Tower,0,2,10,4,16,0,0,42,0,42,0,2,52,4,58,48,0,48,106
02/20/2009,OSH,WI,AGL,CE,Federal Contract Tower,0,4,20,0,24,0,0,61,2,63,0,4,81,2,87,42,0,42,129
02/21/2009,OSH,WI,AGL,CE,Federal Contract Tower,0,2,1,0,3,0,0,0,0,0,0,2,1,0,3,0,0,0,3
02/22/2009,OSH,WI,AGL,CE,Federal Contract Tower,0,0,5,0,5,0,0,30,0,30,0,0,35,0,35,58,0,58,93
02/23/2009,OSH,WI,AGL,CE,Federal Contract Tower,0,1,7,0,8,0,0,89,0,89,0,1,96,0,97,102,0,102,199
02/24/2009,OSH,WI,AGL,CE,Federal Contract Tower,0,2,14,0,16,0,0,84,2,86,0,2,98,2,102,194,0,194,296
02/25/2009,OSH,WI,AGL,CE,Federal Contract Tower,0,2,3,0,5,0,0,8,0,8,0,2,11,0,13,6,0,6,19
02/26/2009,OSH,WI,AGL,CE,Federal Contract Tower,0,2,6,0,8,0,0,9,0,9,0,2,15,0,17,10,0,10,27
02/27/2009,OSH,WI,AGL,CE,Federal Contract Tower,0,1,6,0,7,0,0,16,0,16,0,1,22,0,23,0,0,0,23
02/28/2009,OSH,WI,AGL,CE,Federal Contract Tower,0,2,7,0,9,0,0,33,0,33,0,2,40,0,42,58,0,58,100
03/01/2009,OSH,WI,AGL,CE,Federal Contract Tower,0,0,0,0,0,0,0,27,0,27,0,0,27,0,27,30,0,30,57
03/02/2009,OSH,WI,AGL,CE,Federal Contract Tower,0,1,11,0,12,0,0,65,0,65,0,1,76,0,77,130,0,130,207
03/03/2009,OSH,WI,AGL,CE,Federal Contract Tower,0,1,9,0,10,0,1,97,4,102,0,2,106,4,112,142,0,142,254
03/04/2009,OSH,WI,AGL,CE,Federal Contract Tower,0,2,8,0,10,0,0,47,0,47,0,2,55,0,57,42,0,42,99
03/05/2009,OSH,WI,AGL,CE,Federal Contract Tower,0,2,15,0,17,0,0,12,0,12,0,2,27,0,29,0,0,0,29
03/06/2009,OSH,WI,AGL,CE,Federal Contract Tower,0,1,21,0,22,0,1,15,0,16,0,2,36,0,38,42,0,42,80
03/07/2009,OSH,WI,AGL,CE,Federal Contract Tower,0,2,4,0,6,0,0,10,0,10,0,2,14,0,16,38,0,38,54
03/08/2009,OSH,WI,AGL,CE,Federal Contract Tower,0,0,0,0,0,0,0,0,0,0,0,0,0,0,0,0,0,0,0
03/09/2009,OSH,WI,AGL,CE,Federal Contract Tower,0,2,7,0,9,0,0,49,0,49,0,2,56,0,58,80,0,80,138
03/10/2009,OSH,WI,AGL,CE,Federal Contract Tower,0,2,4,0,6,0,0,0,0,0,0,2,4,0,6,0,0,0,6
03/11/2009,OSH,WI,AGL,CE,Federal Contract Tower,0,2,4,0,6,0,0,23,0,23,0,2,27,0,29,20,0,20,49
03/12/2009,OSH,WI,AGL,CE,Federal Contract Tower,0,1,17,0,18,0,1,128,0,129,0,2,145,0,147,122,0,122,269
03/13/2009,OSH,WI,AGL,CE,Federal Contract Tower,0,1,15,0,16,0,0,128,0,128,0,1,143,0,144,208,0,208,352
03/14/2009,OSH,WI,AGL,CE,Federal Contract Tower,0,2,9,0,11,0,0,130,0,130,0,2,139,0,141,212,0,212,353
03/15/2009,OSH,WI,AGL,CE,Federal Contract Tower,0,0,2,0,2,0,0,65,0,65,0,0,67,0,67,110,0,110,177
03/16/2009,OSH,WI,AGL,CE,Federal Contract Tower,0,1,6,0,7,0,0,125,0,125,0,1,131,0,132,208,0,208,340
03/17/2009,OSH,WI,AGL,CE,Federal Contract Tower,0,2,9,0,11,0,0,88,0,88,0,2,97,0,99,114,0,114,213
03/18/2009,OSH,WI,AGL,CE,Federal Contract Tower,0,1,12,0,13,0,1,77,0,78,0,2,89,0,91,94,0,94,185
03/19/2009,OSH,WI,AGL,CE,Federal Contract Tower,0,3,8,4,15,0,1,73,0,74,0,4,81,4,89,86,0,86,175
03/20/2009,OSH,WI,AGL,CE,Federal Contract Tower,0,2,3,0,5,0,0,85,0,85,0,2,88,0,90,108,0,108,198
03/21/2009,OSH,WI,AGL,CE,Federal Contract Tower,0,2,5,0,7,0,0,113,0,113,0,2,118,0,120,132,0,132,252
03/22/2009,OSH,WI,AGL,CE,Federal Contract Tower,0,0,2,0,2,0,0,25,0,25,0,0,27,0,27,18,0,18,45
03/23/2009,OSH,WI,AGL,CE,Federal Contract Tower,0,2,5,0,7,0,0,15,0,15,0,2,20,0,22,0,0,0,22
03/24/2009,OSH,WI,AGL,CE,Federal Contract Tower,0,2,4,0,6,0,0,0,0,0,0,2,4,0,6,0,0,0,6
03/25/2009,OSH,WI,AGL,CE,Federal Contract Tower,0,2,13,4,19,0,0,22,1,23,0,2,35,5,42,40,0,40,82
03/26/2009,OSH,WI,AGL,CE,Federal Contract Tower,0,2,9,1,12,0,0,84,0,84,0,2,93,1,96,66,0,66,162
03/27/2009,OSH,WI,AGL,CE,Federal Contract Tower,0,4,6,0,10,0,0,88,1,89,0,4,94,1,99,232,2,234,333
03/28/2009,OSH,WI,AGL,CE,Federal Contract Tower,0,2,6,0,8,0,0,22,0,22,0,2,28,0,30,14,0,14,44
03/29/2009,OSH,WI,AGL,CE,Federal Contract Tower,0,0,7,0,7,0,0,10,0,10,0,0,17,0,17,26,0,26,43
03/30/2009,OSH,WI,AGL,CE,Federal Contract Tower,0,1,11,2,14,0,2,149,0,151,0,3,160,2,165,252,0,252,417
03/31/2009,OSH,WI,AGL,CE,Federal Contract Tower,0,2,8,0,10,0,0,0,0,0,0,2,8,0,10,0,0,0,10
04/01/2009,OSH,WI,AGL,CE,Federal Contract Tower,0,2,8,0,10,0,0,5,0,5,0,2,13,0,15,12,0,12,27
04/02/2009,OSH,WI,AGL,CE,Federal Contract Tower,0,1,9,0,10,0,1,84,0,85,0,2,93,0,95,153,0,153,248
04/03/2009,OSH,WI,AGL,CE,Federal Contract Tower,0,2,12,0,14,0,0,100,0,100,0,2,112,0,114,58,0,58,172
04/04/2009,OSH,WI,AGL,CE,Federal Contract Tower,0,2,5,0,7,0,0,218,0,218,0,2,223,0,225,138,0,138,363
04/05/2009,OSH,WI,AGL,CE,Federal Contract Tower,0,0,2,0,2,0,0,9,0,9,0,0,11,0,11,12,0,12,23
04/06/2009,OSH,WI,AGL,CE,Federal Contract Tower,0,1,12,0,13,0,0,47,0,47,0,1,59,0,60,80,0,80,140
04/07/2009,OSH,WI,AGL,CE,Federal Contract Tower,0,2,18,0,20,0,2,81,0,83,0,4,99,0,103,148,0,148,251
04/08/2009,OSH,WI,AGL,CE,Federal Contract Tower,0,2,9,0,11,0,1,102,0,103,0,3,111,0,114,158,0,158,272
04/09/2009,OSH,WI,AGL,CE,Federal Contract Tower,0,2,8,0,10,0,0,61,4,65,0,2,69,4,75,124,0,124,199
04/10/2009,OSH,WI,AGL,CE,Federal Contract Tower,0,2,7,0,9,0,1,96,0,97,0,3,103,0,106,178,0,178,284
04/11/2009,OSH,WI,AGL,CE,Federal Contract Tower,0,2,12,0,14,0,0,122,0,122,0,2,134,0,136,136,0,136,272
04/12/2009,OSH,WI,AGL,CE,Federal Contract Tower,0,0,1,0,1,0,0,36,0,36,0,0,37,0,37,8,0,8,45
04/13/2009,OSH,WI,AGL,CE,Federal Contract Tower,0,0,5,0,5,0,1,69,2,72,0,1,74,2,77,114,6,120,197
04/14/2009,OSH,WI,AGL,CE,Federal Contract Tower,0,2,17,0,19,0,0,71,0,71,0,2,88,0,90,182,0,182,272
04/15/2009,OSH,WI,AGL,CE,Federal Contract Tower,0,2,5,0,7,0,0,112,0,112,0,2,117,0,119,176,0,176,295
04/16/2009,OSH,WI,AGL,CE,Federal Contract Tower,0,1,6,0,7,0,0,101,0,101,0,1,107,0,108,146,0,146,254
04/17/2009,OSH,WI,AGL,CE,Federal Contract Tower,0,2,14,0,16,0,3,142,0,145,0,5,156,0,161,180,0,180,341
04/18/2009,OSH,WI,AGL,CE,Federal Contract Tower,0,2,5,0,7,0,0,83,0,83,0,2,88,0,90,208,0,208,298
04/19/2009,OSH,WI,AGL,CE,Federal Contract Tower,0,0,10,0,10,0,0,0,0,0,0,0,10,0,10,0,0,0,10
04/20/2009,OSH,WI,AGL,CE,Federal Contract Tower,0,1,9,0,10,0,0,0,0,0,0,1,9,0,10,0,0,0,10
04/21/2009,OSH,WI,AGL,CE,Federal Contract Tower,0,2,6,0,8,0,1,0,0,1,0,3,6,0,9,0,0,0,9
04/22/2009,OSH,WI,AGL,CE,Federal Contract Tower,0,1,14,0,15,0,1,81,0,82,0,2,95,0,97,106,0,106,203
04/23/2009,OSH,WI,AGL,CE,Federal Contract Tower,0,1,15,0,16,0,1,63,0,64,0,2,78,0,80,56,0,56,136
04/24/2009,OSH,WI,AGL,CE,Federal Contract Tower,0,1,8,0,9,0,0,72,0,72,0,1,80,0,81,116,0,116,197
04/25/2009,OSH,WI,AGL,CE,Federal Contract Tower,0,2,4,0,6,0,0,0,0,0,0,2,4,0,6,0,0,0,6
04/26/2009,OSH,WI,AGL,CE,Federal Contract Tower,0,0,3,1,4,0,0,0,0,0,0,0,3,1,4,0,0,0,4
04/27/2009,OSH,WI,AGL,CE,Federal Contract Tower,0,1,28,0,29,0,0,55,0,55,0,1,83,0,84,116,0,116,200
04/28/2009,OSH,WI,AGL,CE,Federal Contract Tower,0,3,7,0,10,0,0,118,0,118,0,3,125,0,128,182,0,182,310
04/29/2009,OSH,WI,AGL,CE,Federal Contract Tower,0,3,36,0,39,0,1,88,0,89,0,4,124,0,128,184,0,184,312
04/30/2009,OSH,WI,AGL,CE,Federal Contract Tower,0,3,24,2,29,0,0,6,2,8,0,3,30,4,37,18,6,24,61
05/01/2009,OSH,WI,AGL,CE,Federal Contract Tower,0,5,18,0,23,0,0,118,2,120,0,5,136,2,143,152,0,152,295
05/02/2009,OSH,WI,AGL,CE,Federal Contract Tower,0,6,3,0,9,0,0,128,0,128,0,6,131,0,137,340,0,340,477
05/03/2009,OSH,WI,AGL,CE,Federal Contract Tower,0,0,13,0,13,0,0,97,0,97,0,0,110,0,110,280,0,280,390
05/04/2009,OSH,WI,AGL,CE,Federal Contract Tower,0,1,13,0,14,0,0,156,0,156,0,1,169,0,170,224,0,224,394
05/05/2009,OSH,WI,AGL,CE,Federal Contract Tower,0,1,15,0,16,0,1,109,2,112,0,2,124,2,128,144,0,144,272
05/06/2009,OSH,WI,AGL,CE,Federal Contract Tower,0,2,12,2,16,0,0,36,0,36,0,2,48,2,52,36,0,36,88
05/07/2009,OSH,WI,AGL,CE,Federal Contract Tower,0,2,19,0,21,0,0,49,0,49,0,2,68,0,70,46,0,46,116
05/08/2009,OSH,WI,AGL,CE,Federal Contract Tower,0,2,9,0,11,0,0,117,0,117,0,2,126,0,128,304,0,304,432
05/09/2009,OSH,WI,AGL,CE,Federal Contract Tower,0,2,1,0,3,0,0,13,0,13,0,2,14,0,16,1,0,1,17
05/10/2009,OSH,WI,AGL,CE,Federal Contract Tower,0,0,15,0,15,0,0,77,0,77,0,0,92,0,92,150,0,150,242
05/11/2009,OSH,WI,AGL,CE,Federal Contract Tower,0,1,9,0,10,0,0,124,0,124,0,1,133,0,134,244,0,244,378
05/12/2009,OSH,WI,AGL,CE,Federal Contract Tower,0,3,12,0,15,0,0,111,0,111,0,3,123,0,126,176,0,176,302
05/13/2009,OSH,WI,AGL,CE,Federal Contract Tower,0,1,13,0,14,0,1,4,0,5,0,2,17,0,19,8,0,8,27
05/14/2009,OSH,WI,AGL,CE,Federal Contract Tower,0,2,11,2,15,0,3,96,0,99,0,5,107,2,114,130,0,130,244
05/15/2009,OSH,WI,AGL,CE,Federal Contract Tower,0,1,15,2,18,0,0,121,0,121,0,1,136,2,139,210,0,210,349
05/16/2009,OSH,WI,AGL,CE,Federal Contract Tower,0,2,4,0,6,0,0,22,0,22,0,2,26,0,28,10,0,10,38
05/17/2009,OSH,WI,AGL,CE,Federal Contract Tower,0,2,14,0,16,0,0,103,0,103,0,2,117,0,119,310,0,310,429
05/18/2009,OSH,WI,AGL,CE,Federal Contract Tower,0,1,19,0,20,0,0,92,0,92,0,1,111,0,112,94,0,94,206
05/19/2009,OSH,WI,AGL,CE,Federal Contract Tower,0,2,12,0,14,0,0,98,0,98,0,2,110,0,112,134,0,134,246
05/20/2009,OSH,WI,AGL,CE,Federal Contract Tower,0,2,6,0,8,0,0,20,4,24,0,2,26,4,32,0,8,8,40
05/21/2009,OSH,WI,AGL,CE,Federal Contract Tower,0,3,11,0,14,0,1,51,0,52,0,4,62,0,66,100,0,100,166
05/22/2009,OSH,WI,AGL,CE,Federal Contract Tower,0,2,11,0,13,0,0,74,4,78,0,2,85,4,91,206,0,206,297
05/23/2009,OSH,WI,AGL,CE,Federal Contract Tower,0,2,5,0,7,0,0,76,0,76,0,2,81,0,83,156,0,156,239
05/24/2009,OSH,WI,AGL,CE,Federal Contract Tower,0,0,5,0,5,0,0,82,0,82,0,0,87,0,87,236,0,236,323
05/25/2009,OSH,WI,AGL,CE,Federal Contract Tower,0,2,0,0,2,0,0,76,0,76,0,2,76,0,78,136,0,136,214
05/26/2009,OSH,WI,AGL,CE,Federal Contract Tower,0,8,15,2,25,0,0,43,0,43,0,8,58,2,68,76,0,76,144
05/27/2009,OSH,WI,AGL,CE,Federal Contract Tower,0,3,6,0,9,0,0,0,0,0,0,3,6,0,9,0,0,0,9
05/28/2009,OSH,WI,AGL,CE,Federal Contract Tower,0,4,15,2,21,0,0,33,2,35,0,4,48,4,56,104,14,118,174
05/29/2009,OSH,WI,AGL,CE,Federal Contract Tower,0,4,10,0,14,0,2,102,0,104,0,6,112,0,118,126,0,126,244
05/30/2009,OSH,WI,AGL,CE,Federal Contract Tower,0,2,7,0,9,0,0,85,0,85,0,2,92,0,94,154,0,154,248
05/31/2009,OSH,WI,AGL,CE,Federal Contract Tower,0,0,10,0,10,0,0,105,0,105,0,0,115,0,115,230,0,230,345
06/01/2009,OSH,WI,AGL,CE,Federal Contract Tower,0,1,9,0,10,0,0,77,0,77,0,1,86,0,87,176,0,176,263
06/02/2009,OSH,WI,AGL,CE,Federal Contract Tower,0,2,9,2,13,0,0,78,0,78,0,2,87,2,91,184,0,184,275
06/03/2009,OSH,WI,AGL,CE,Federal Contract Tower,0,2,4,0,6,0,0,85,0,85,0,2,89,0,91,168,0,168,259
06/04/2009,OSH,WI,AGL,CE,Federal Contract Tower,0,2,16,0,18,0,0,80,2,82,0,2,96,2,100,200,0,200,300
06/05/2009,OSH,WI,AGL,CE,Federal Contract Tower,0,1,7,2,10,0,0,99,2,101,0,1,106,4,111,268,0,268,379
06/06/2009,OSH,WI,AGL,CE,Federal Contract Tower,0,2,5,0,7,0,0,35,0,35,0,2,40,0,42,120,0,120,162
06/07/2009,OSH,WI,AGL,CE,Federal Contract Tower,0,0,6,0,6,0,0,4,0,4,0,0,10,0,10,18,0,18,28
06/08/2009,OSH,WI,AGL,CE,Federal Contract Tower,0,2,14,0,16,0,0,1,2,3,0,2,15,2,19,0,0,0,19
06/09/2009,OSH,WI,AGL,CE,Federal Contract Tower,0,2,13,0,15,0,0,95,0,95,0,2,108,0,110,328,0,328,438
06/10/2009,OSH,WI,AGL,CE,Federal Contract Tower,0,1,13,0,14,0,2,85,0,87,0,3,98,0,101,342,0,342,443
06/11/2009,OSH,WI,AGL,CE,Federal Contract Tower,0,1,17,0,18,0,1,71,2,74,0,2,88,2,92,242,0,242,334
06/12/2009,OSH,WI,AGL,CE,Federal Contract Tower,0,3,13,4,20,0,1,139,0,140,0,4,152,4,160,440,14,454,614
06/13/2009,OSH,WI,AGL,CE,Federal Contract Tower,0,2,4,0,6,0,0,180,0,180,0,2,184,0,186,324,0,324,510
06/14/2009,OSH,WI,AGL,CE,Federal Contract Tower,0,4,11,0,15,0,0,151,0,151,0,4,162,0,166,194,0,194,360
06/15/2009,OSH,WI,AGL,CE,Federal Contract Tower,0,1,12,0,13,0,0,181,0,181,0,1,193,0,194,368,0,368,562
06/16/2009,OSH,WI,AGL,CE,Federal Contract Tower,0,1,13,0,14,0,1,85,0,86,0,2,98,0,100,150,0,150,250
06/17/2009,OSH,WI,AGL,CE,Federal Contract Tower,0,2,28,0,30,0,0,88,2,90,0,2,116,2,120,296,8,304,424
06/18/2009,OSH,WI,AGL,CE,Federal Contract Tower,0,2,12,2,16,0,0,106,0,106,0,2,118,2,122,382,0,382,504
06/19/2009,OSH,WI,AGL,CE,Federal Contract Tower,0,4,17,0,21,0,1,51,0,52,0,5,68,0,73,216,0,216,289
06/20/2009,OSH,WI,AGL,CE,Federal Contract Tower,0,4,7,6,17,0,0,130,0,130,0,4,137,6,147,414,0,414,561
06/21/2009,OSH,WI,AGL,CE,Federal Contract Tower,0,1,6,0,7,0,0,118,0,118,0,1,124,0,125,240,0,240,365
06/22/2009,OSH,WI,AGL,CE,Federal Contract Tower,0,1,7,0,8,0,0,0,0,0,0,1,7,0,8,426,0,426,434
06/23/2009,OSH,WI,AGL,CE,Federal Contract Tower,0,2,13,0,15,0,0,108,0,108,0,2,121,0,123,342,0,342,465
06/24/2009,OSH,WI,AGL,CE,Federal Contract Tower,0,1,20,0,21,0,1,105,20,126,0,2,125,20,147,276,0,276,423
06/25/2009,OSH,WI,AGL,CE,Federal Contract Tower,0,3,16,0,19,0,1,131,0,132,0,4,147,0,151,194,0,194,345
06/26/2009,OSH,WI,AGL,CE,Federal Contract Tower,0,2,16,0,18,0,2,162,0,164,0,4,178,0,182,358,0,358,540
06/27/2009,OSH,WI,AGL,CE,Federal Contract Tower,0,6,7,0,13,0,0,65,0,65,0,6,72,0,78,182,0,182,260
06/28/2009,OSH,WI,AGL,CE,Federal Contract Tower,0,1,11,0,12,0,0,72,0,72,0,1,83,0,84,88,0,88,172
06/29/2009,OSH,WI,AGL,CE,Federal Contract Tower,0,1,12,0,13,0,0,64,0,64,0,1,76,0,77,96,0,96,173
06/30/2009,OSH,WI,AGL,CE,Federal Contract Tower,0,2,15,0,17,0,0,112,2,114,0,2,127,2,131,314,2,316,447
07/01/2009,OSH,WI,AGL,CE,Federal Contract Tower,0,2,18,2,22,0,0,50,6,56,0,2,68,8,78,204,0,204,282
07/02/2009,OSH,WI,AGL,CE,Federal Contract Tower,0,2,43,2,47,0,0,60,0,60,0,2,103,2,107,203,0,203,310
07/03/2009,OSH,WI,AGL,CE,Federal Contract Tower,0,0,13,0,13,0,4,131,0,135,0,4,144,0,148,254,0,254,402
07/04/2009,OSH,WI,AGL,CE,Federal Contract Tower,0,0,6,0,6,0,0,61,0,61,0,0,67,0,67,234,0,234,301
07/05/2009,OSH,WI,AGL,CE,Federal Contract Tower,0,0,7,0,7,0,0,104,0,104,0,0,111,0,111,278,0,278,389
07/06/2009,OSH,WI,AGL,CE,Federal Contract Tower,0,1,23,2,26,0,0,107,0,107,0,1,130,2,133,248,0,248,381
07/07/2009,OSH,WI,AGL,CE,Federal Contract Tower,0,1,13,0,14,0,0,160,2,162,0,1,173,2,176,420,0,420,596
07/08/2009,OSH,WI,AGL,CE,Federal Contract Tower,0,2,26,0,28,0,0,109,2,111,0,2,135,2,139,262,14,276,415
07/09/2009,OSH,WI,AGL,CE,Federal Contract Tower,0,3,22,0,25,0,0,106,2,108,0,3,128,2,133,326,6,332,465
07/10/2009,OSH,WI,AGL,CE,Federal Contract Tower,0,1,10,0,11,0,1,54,2,57,0,2,64,2,68,228,0,228,296
07/11/2009,OSH,WI,AGL,CE,Federal Contract Tower,0,3,10,0,13,0,0,113,0,113,0,3,123,0,126,214,0,214,340
07/12/2009,OSH,WI,AGL,CE,Federal Contract Tower,0,0,13,0,13,0,0,105,0,105,0,0,118,0,118,300,0,300,418
07/13/2009,OSH,WI,AGL,CE,Federal Contract Tower,0,3,14,0,17,0,1,129,1,131,0,4,143,1,148,332,2,334,482
07/14/2009,OSH,WI,AGL,CE,Federal Contract Tower,0,1,20,0,21,0,1,125,0,126,0,2,145,0,147,282,0,282,429
07/15/2009,OSH,WI,AGL,CE,Federal Contract Tower,0,3,13,0,16,0,0,43,0,43,0,3,56,0,59,114,0,114,173
07/16/2009,OSH,WI,AGL,CE,Federal Contract Tower,0,6,28,0,34,0,1,95,2,98,0,7,123,2,132,136,12,148,280
07/17/2009,OSH,WI,AGL,CE,Federal Contract Tower,0,3,21,0,24,0,0,75,0,75,0,3,96,0,99,232,0,232,331
07/18/2009,OSH,WI,AGL,CE,Federal Contract Tower,0,4,19,0,23,0,0,105,0,105,0,4,124,0,128,266,0,266,394
07/19/2009,OSH,WI,AGL,CE,Federal Contract Tower,0,2,9,0,11,0,0,151,0,151,0,2,160,0,162,342,0,342,504
07/20/2009,OSH,WI,AGL,CE,Federal Contract Tower,0,1,11,0,12,0,0,170,0,170,0,1,181,0,182,390,0,390,572
07/21/2009,OSH,WI,AGL,CE,Federal Contract Tower,0,6,18,1,25,0,1,101,0,102,0,7,119,1,127,234,0,234,361
07/22/2009,OSH,WI,AGL,CE,Federal Contract Tower,0,1,44,0,45,0,1,122,0,123,0,2,166,0,168,108,0,108,276
07/23/2009,OSH,WI,AGL,CE,Federal Contract Tower,0,1,60,0,61,0,1,402,1,404,0,2,462,1,465,458,0,458,923
07/24/2009,OSH,WI,AGL,CE,Federal Contract Tower,0,0,40,0,40,0,0,603,0,603,0,0,643,0,643,0,0,0,643
07/25/2009,OSH,WI,AGL,CE,Federal Contract Tower,0,0,52,0,52,0,0,1667,0,1667,0,0,1719,0,1719,0,0,0,1719
07/26/2009,OSH,WI,AGL,CE,Federal Contract Tower,0,0,108,0,108,0,0,2373,0,2373,0,0,2481,0,2481,0,0,0,2481
07/27/2009,OSH,WI,AGL,CE,Federal Contract Tower,0,0,80,0,80,0,0,1401,0,1401,0,0,1481,0,1481,0,0,0,1481
07/28/2009,OSH,WI,AGL,CE,Federal Contract Tower,0,0,84,0,84,0,0,2060,0,2060,0,0,2144,0,2144,0,0,0,2144
07/29/2009,OSH,WI,AGL,CE,Federal Contract Tower,0,0,101,0,101,0,0,3123,0,3123,0,0,3224,0,3224,0,0,0,3224
07/30/2009,OSH,WI,AGL,CE,Federal Contract Tower,0,0,140,0,140,0,0,1488,0,1488,0,0,1628,0,1628,0,0,0,1628
07/31/2009,OSH,WI,AGL,CE,Federal Contract Tower,0,0,137,0,137,0,0,3417,0,3417,0,0,3554,0,3554,0,0,0,3554
08/01/2009,OSH,WI,AGL,CE,Federal Contract Tower,0,0,100,0,100,0,0,1537,0,1537,0,0,1637,0,1637,0,0,0,1637
08/02/2009,OSH,WI,AGL,CE,Federal Contract Tower,0,0,95,0,95,0,0,1945,0,1945,0,0,2040,0,2040,0,0,0,2040
08/03/2009,OSH,WI,AGL,CE,Federal Contract Tower,0,3,63,0,66,0,0,457,0,457,0,3,520,0,523,16,0,16,539
08/04/2009,OSH,WI,AGL,CE,Federal Contract Tower,0,7,23,2,32,0,0,188,0,188,0,7,211,2,220,92,0,92,312
08/05/2009,OSH,WI,AGL,CE,Federal Contract Tower,0,0,29,0,29,0,2,152,0,154,0,2,181,0,183,168,0,168,351
08/06/2009,OSH,WI,AGL,CE,Federal Contract Tower,0,3,25,1,29,0,1,124,0,125,0,4,149,1,154,168,0,168,322
08/07/2009,OSH,WI,AGL,CE,Federal Contract Tower,0,1,14,0,15,0,65,4,0,69,0,66,18,0,84,96,0,96,180
08/08/2009,OSH,WI,AGL,CE,Federal Contract Tower,0,4,6,0,10,0,1,46,0,47,0,5,52,0,57,96,0,96,153
08/09/2009,OSH,WI,AGL,CE,Federal Contract Tower,0,1,8,0,9,0,0,59,0,59,0,1,67,0,68,288,0,288,356
08/10/2009,OSH,WI,AGL,CE,Federal Contract Tower,0,1,17,0,18,0,0,103,0,103,0,1,120,0,121,278,0,278,399
08/11/2009,OSH,WI,AGL,CE,Federal Contract Tower,0,3,11,0,14,0,1,170,3,174,0,4,181,3,188,152,0,152,340
08/12/2009,OSH,WI,AGL,CE,Federal Contract Tower,0,1,9,0,10,0,1,156,2,159,0,2,165,2,169,138,0,138,307
08/13/2009,OSH,WI,AGL,CE,Federal Contract Tower,0,5,18,0,23,0,1,164,0,165,0,6,182,0,188,130,0,130,318
08/14/2009,OSH,WI,AGL,CE,Federal Contract Tower,0,1,25,0,26,0,0,130,0,130,0,1,155,0,156,98,0,98,254
08/15/2009,OSH,WI,AGL,CE,Federal Contract Tower,0,2,11,0,13,0,0,85,0,85,0,2,96,0,98,84,0,84,182
08/16/2009,OSH,WI,AGL,CE,Federal Contract Tower,0,0,14,0,14,0,0,47,0,47,0,0,61,0,61,50,0,50,111
08/17/2009,OSH,WI,AGL,CE,Federal Contract Tower,0,3,13,0,16,0,0,55,0,55,0,3,68,0,71,192,0,192,263
08/18/2009,OSH,WI,AGL,CE,Federal Contract Tower,0,3,14,0,17,0,0,81,0,81,0,3,95,0,98,300,0,300,398
08/19/2009,OSH,WI,AGL,CE,Federal Contract Tower,0,2,18,0,20,0,0,54,0,54,0,2,72,0,74,260,0,260,334
08/20/2009,OSH,WI,AGL,CE,Federal Contract Tower,0,2,21,0,23,0,0,8,0,8,0,2,29,0,31,2,0,2,33
08/21/2009,OSH,WI,AGL,CE,Federal Contract Tower,0,2,17,0,19,0,0,29,0,29,0,2,46,0,48,120,0,120,168
08/22/2009,OSH,WI,AGL,CE,Federal Contract Tower,0,4,13,0,17,0,0,81,0,81,0,4,94,0,98,250,0,250,348
08/23/2009,OSH,WI,AGL,CE,Federal Contract Tower,0,0,10,0,10,0,0,119,0,119,0,0,129,0,129,294,0,294,423
08/24/2009,OSH,WI,AGL,CE,Federal Contract Tower,0,1,10,0,11,0,0,134,0,134,0,1,144,0,145,216,0,216,361
08/25/2009,OSH,WI,AGL,CE,Federal Contract Tower,0,4,14,0,18,0,0,38,0,38,0,4,52,0,56,44,0,44,100
08/26/2009,OSH,WI,AGL,CE,Federal Contract Tower,0,1,14,0,15,0,1,66,0,67,0,2,80,0,82,212,0,212,294
08/27/2009,OSH,WI,AGL,CE,Federal Contract Tower,0,3,12,0,15,0,1,65,2,68,0,4,77,2,83,122,0,122,205
08/28/2009,OSH,WI,AGL,CE,Federal Contract Tower,0,5,22,0,27,0,0,88,0,88,0,5,110,0,115,174,0,174,289
08/29/2009,OSH,WI,AGL,CE,Federal Contract Tower,0,2,4,0,6,0,0,18,0,18,0,2,22,0,24,162,0,162,186
08/30/2009,OSH,WI,AGL,CE,Federal Contract Tower,0,2,4,0,6,0,1,79,0,80,0,3,83,0,86,262,0,262,348
08/31/2009,OSH,WI,AGL,CE,Federal Contract Tower,0,1,10,0,11,0,0,120,0,120,0,1,130,0,131,278,0,278,409
09/01/2009,OSH,WI,AGL,CE,Federal Contract Tower,0,1,11,0,12,0,3,132,0,135,0,4,143,0,147,270,0,270,417
09/02/2009,OSH,WI,AGL,CE,Federal Contract Tower,0,0,13,0,13,0,2,86,0,88,0,2,99,0,101,160,0,160,261
09/03/2009,OSH,WI,AGL,CE,Federal Contract Tower,0,2,23,0,25,0,0,90,0,90,0,2,113,0,115,126,0,126,241
09/04/2009,OSH,WI,AGL,CE,Federal Contract Tower,0,2,18,0,20,0,1,102,0,103,0,3,120,0,123,192,0,192,315
09/05/2009,OSH,WI,AGL,CE,Federal Contract Tower,0,2,9,0,11,0,0,111,0,111,0,2,120,0,122,216,0,216,338
09/06/2009,OSH,WI,AGL,CE,Federal Contract Tower,0,0,4,0,4,0,0,85,0,85,0,0,89,0,89,268,0,268,357
09/07/2009,OSH,WI,AGL,CE,Federal Contract Tower,0,0,8,0,8,0,0,85,0,85,0,0,93,0,93,268,0,268,361
09/08/2009,OSH,WI,AGL,CE,Federal Contract Tower,0,1,20,0,21,0,1,75,0,76,0,2,95,0,97,68,0,68,165
09/09/2009,OSH,WI,AGL,CE,Federal Contract Tower,0,2,12,0,14,0,0,74,0,74,0,2,86,0,88,130,0,130,218
09/10/2009,OSH,WI,AGL,CE,Federal Contract Tower,0,1,11,0,12,0,1,62,0,63,0,2,73,0,75,70,0,70,145
09/11/2009,OSH,WI,AGL,CE,Federal Contract Tower,0,3,12,0,15,0,0,123,0,123,0,3,135,0,138,228,0,228,366
09/12/2009,OSH,WI,AGL,CE,Federal Contract Tower,0,4,13,0,17,0,2,142,0,144,0,6,155,0,161,220,0,220,381
09/13/2009,OSH,WI,AGL,CE,Federal Contract Tower,0,0,7,0,7,0,0,123,0,123,0,0,130,0,130,202,0,202,332
09/14/2009,OSH,WI,AGL,CE,Federal Contract Tower,0,3,16,0,19,0,0,50,0,50,0,3,66,0,69,70,0,70,139
09/15/2009,OSH,WI,AGL,CE,Federal Contract Tower,0,1,12,0,13,0,1,56,0,57,0,2,68,0,70,34,0,34,104
09/16/2009,OSH,WI,AGL,CE,Federal Contract Tower,0,1,12,0,13,0,0,47,0,47,0,1,59,0,60,58,0,58,118
09/17/2009,OSH,WI,AGL,CE,Federal Contract Tower,0,1,8,0,9,0,1,66,0,67,0,2,74,0,76,130,0,130,206
09/18/2009,OSH,WI,AGL,CE,Federal Contract Tower,0,1,15,0,16,0,0,73,0,73,0,1,88,0,89,78,0,78,167
09/19/2009,OSH,WI,AGL,CE,Federal Contract Tower,0,4,9,0,13,0,0,104,0,104,0,4,113,0,117,208,0,208,325
09/20/2009,OSH,WI,AGL,CE,Federal Contract Tower,0,0,11,0,11,0,0,62,2,64,0,0,73,2,75,220,0,220,295
09/21/2009,OSH,WI,AGL,CE,Federal Contract Tower,0,2,22,0,24,0,0,43,0,43,0,2,65,0,67,52,0,52,119
09/22/2009,OSH,WI,AGL,CE,Federal Contract Tower,0,1,13,0,14,0,0,1,0,1,0,1,14,0,15,18,0,18,33
09/23/2009,OSH,WI,AGL,CE,Federal Contract Tower,0,2,24,2,28,0,0,49,0,49,0,2,73,2,77,134,0,134,211
09/24/2009,OSH,WI,AGL,CE,Federal Contract Tower,0,4,32,2,38,0,0,7,0,7,0,4,39,2,45,0,0,0,45
09/25/2009,OSH,WI,AGL,CE,Federal Contract Tower,0,4,14,0,18,0,0,112,0,112,0,4,126,0,130,326,0,326,456
09/26/2009,OSH,WI,AGL,CE,Federal Contract Tower,0,3,30,0,33,0,0,74,6,80,0,3,104,6,113,344,4,348,461
09/27/2009,OSH,WI,AGL,CE,Federal Contract Tower,0,0,13,0,13,0,0,37,0,37,0,0,50,0,50,36,0,36,86
09/28/2009,OSH,WI,AGL,CE,Federal Contract Tower,0,1,6,0,7,0,0,3,0,3,0,1,9,0,10,0,0,0,10
09/29/2009,OSH,WI,AGL,CE,Federal Contract Tower,0,4,24,0,28,0,0,20,0,20,0,4,44,0,48,18,0,18,66
09/30/2009,OSH,WI,AGL,CE,Federal Contract Tower,0,2,18,0,20,0,2,91,0,93,0,4,109,0,113,126,0,126,239
10/01/2009,OSH,WI,AGL,CE,Federal Contract Tower,0,3,12,2,17,0,2,43,0,45,0,5,55,2,62,96,0,96,158
10/02/2009,OSH,WI,AGL,CE,Federal Contract Tower,0,3,15,0,18,0,0,18,0,18,0,3,33,0,36,114,0,114,150
10/03/2009,OSH,WI,AGL,CE,Federal Contract Tower,0,4,12,0,16,0,0,35,0,35,0,4,47,0,51,188,0,188,239
10/04/2009,OSH,WI,AGL,CE,Federal Contract Tower,0,0,8,0,8,0,0,64,0,64,0,0,72,0,72,270,0,270,342
10/05/2009,OSH,WI,AGL,CE,Federal Contract Tower,0,1,20,0,21,0,0,100,0,100,0,1,120,0,121,204,0,204,325
10/06/2009,OSH,WI,AGL,CE,Federal Contract Tower,0,1,7,0,8,0,0,1,0,1,0,1,8,0,9,0,0,0,9
10/07/2009,OSH,WI,AGL,CE,Federal Contract Tower,0,1,20,0,21,0,0,55,0,55,0,1,75,0,76,42,0,42,118
10/08/2009,OSH,WI,AGL,CE,Federal Contract Tower,0,4,10,0,14,0,0,49,0,49,0,4,59,0,63,82,0,82,145
10/09/2009,OSH,WI,AGL,CE,Federal Contract Tower,0,3,15,0,18,0,8,112,0,120,0,11,127,0,138,236,0,236,374
10/10/2009,OSH,WI,AGL,CE,Federal Contract Tower,0,3,4,0,7,0,0,55,0,55,0,3,59,0,62,62,0,62,124
10/11/2009,OSH,WI,AGL,CE,Federal Contract Tower,0,2,8,0,10,0,0,119,0,119,0,2,127,0,129,216,0,216,345
10/12/2009,OSH,WI,AGL,CE,Federal Contract Tower,0,3,4,0,7,0,0,17,1,18,0,3,21,1,25,38,0,38,63
10/13/2009,OSH,WI,AGL,CE,Federal Contract Tower,0,1,15,0,16,0,1,79,0,80,0,2,94,0,96,114,0,114,210
10/14/2009,OSH,WI,AGL,CE,Federal Contract Tower,0,3,16,6,25,0,1,22,2,25,0,4,38,8,50,30,14,44,94
10/15/2009,OSH,WI,AGL,CE,Federal Contract Tower,0,2,15,2,19,0,0,15,0,15,0,2,30,2,34,30,0,30,64
10/16/2009,OSH,WI,AGL,CE,Federal Contract Tower,0,3,22,0,25,0,1,43,0,44,0,4,65,0,69,94,0,94,163
10/17/2009,OSH,WI,AGL,CE,Federal Contract Tower,0,4,8,0,12,0,0,73,0,73,0,4,81,0,85,70,0,70,155
10/18/2009,OSH,WI,AGL,CE,Federal Contract Tower,0,2,7,0,9,0,0,79,0,79,0,2,86,0,88,54,0,54,142
10/19/2009,OSH,WI,AGL,CE,Federal Contract Tower,0,2,10,0,12,0,0,115,0,115,0,2,125,0,127,130,0,130,257
10/20/2009,OSH,WI,AGL,CE,Federal Contract Tower,0,2,18,0,20,0,1,36,0,37,0,3,54,0,57,62,0,62,119
10/21/2009,OSH,WI,AGL,CE,Federal Contract Tower,0,3,3,0,6,0,0,0,0,0,0,3,3,0,6,0,0,0,6
10/22/2009,OSH,WI,AGL,CE,Federal Contract Tower,0,1,11,0,12,0,0,7,0,7,0,1,18,0,19,26,0,26,45
10/23/2009,OSH,WI,AGL,CE,Federal Contract Tower,0,1,10,0,11,0,0,0,0,0,0,1,10,0,11,0,0,0,11
10/24/2009,OSH,WI,AGL,CE,Federal Contract Tower,0,3,1,0,4,0,0,35,0,35,0,3,36,0,39,68,0,68,107
10/25/2009,OSH,WI,AGL,CE,Federal Contract Tower,0,0,3,0,3,0,0,41,0,41,0,0,44,0,44,104,0,104,148
10/26/2009,OSH,WI,AGL,CE,Federal Contract Tower,0,1,20,0,21,0,0,0,0,0,0,1,20,0,21,0,0,0,21
10/27/2009,OSH,WI,AGL,CE,Federal Contract Tower,0,5,10,0,15,0,0,73,0,73,0,5,83,0,88,126,0,126,214
10/28/2009,OSH,WI,AGL,CE,Federal Contract Tower,0,2,20,0,22,0,0,7,0,7,0,2,27,0,29,10,0,10,39
10/29/2009,OSH,WI,AGL,CE,Federal Contract Tower,0,3,14,0,17,0,0,18,0,18,0,3,32,0,35,72,0,72,107
10/30/2009,OSH,WI,AGL,CE,Federal Contract Tower,0,1,11,0,12,0,0,1,0,1,0,1,12,0,13,0,0,0,13
10/31/2009,OSH,WI,AGL,CE,Federal Contract Tower,0,2,2,0,4,0,0,13,0,13,0,2,15,0,17,32,0,32,49
11/01/2009,OSH,WI,AGL,CE,Federal Contract Tower,0,1,1,0,2,0,1,53,0,54,0,2,54,0,56,84,0,84,140
11/02/2009,OSH,WI,AGL,CE,Federal Contract Tower,0,1,6,0,7,0,0,53,0,53,0,1,59,0,60,166,0,166,226
11/03/2009,OSH,WI,AGL,CE,Federal Contract Tower,0,1,13,0,14,0,1,89,1,91,0,2,102,1,105,144,2,146,251
11/04/2009,OSH,WI,AGL,CE,Federal Contract Tower,0,3,7,0,10,0,0,30,2,32,0,3,37,2,42,52,10,62,104
11/05/2009,OSH,WI,AGL,CE,Federal Contract Tower,0,4,11,0,15,0,1,76,0,77,0,5,87,0,92,150,0,150,242
11/06/2009,OSH,WI,AGL,CE,Federal Contract Tower,0,1,7,0,8,0,1,33,0,34,0,2,40,0,42,32,0,32,74
11/07/2009,OSH,WI,AGL,CE,Federal Contract Tower,0,2,4,0,6,0,0,73,0,73,0,2,77,0,79,96,0,96,175
11/08/2009,OSH,WI,AGL,CE,Federal Contract Tower,0,0,14,4,18,0,0,58,0,58,0,0,72,4,76,68,0,68,144
11/09/2009,OSH,WI,AGL,CE,Federal Contract Tower,0,1,11,0,12,0,0,32,0,32,0,1,43,0,44,74,0,74,118
11/10/2009,OSH,WI,AGL,CE,Federal Contract Tower,0,6,12,0,18,0,0,76,0,76,0,6,88,0,94,112,0,112,206
11/11/2009,OSH,WI,AGL,CE,Federal Contract Tower,0,0,4,0,4,0,1,46,0,47,0,1,50,0,51,50,0,50,101
11/12/2009,OSH,WI,AGL,CE,Federal Contract Tower,0,2,13,2,17,0,2,56,0,58,0,4,69,2,75,90,0,90,165
11/13/2009,OSH,WI,AGL,CE,Federal Contract Tower,0,3,5,0,8,0,1,40,2,43,0,4,45,2,51,26,0,26,77
11/14/2009,OSH,WI,AGL,CE,Federal Contract Tower,0,3,6,0,9,0,0,63,0,63,0,3,69,0,72,84,0,84,156
11/15/2009,OSH,WI,AGL,CE,Federal Contract Tower,0,0,2,0,2,0,0,52,0,52,0,0,54,0,54,36,0,36,90
11/16/2009,OSH,WI,AGL,CE,Federal Contract Tower,0,1,11,0,12,0,0,64,0,64,0,1,75,0,76,90,0,90,166
11/17/2009,OSH,WI,AGL,CE,Federal Contract Tower,0,4,12,1,17,0,2,54,2,58,0,6,66,3,75,106,0,106,181
11/18/2009,OSH,WI,AGL,CE,Federal Contract Tower,0,8,19,0,27,0,1,18,0,19,0,9,37,0,46,30,0,30,76
11/19/2009,OSH,WI,AGL,CE,Federal Contract Tower,0,3,7,0,10,0,0,2,0,2,0,3,9,0,12,0,0,0,12
11/20/2009,OSH,WI,AGL,CE,Federal Contract Tower,0,22,22,2,46,0,0,16,0,16,0,22,38,2,62,48,0,48,110
11/21/2009,OSH,WI,AGL,CE,Federal Contract Tower,0,4,3,0,7,0,1,66,0,67,0,5,69,0,74,76,0,76,150
11/22/2009,OSH,WI,AGL,CE,Federal Contract Tower,0,0,2,0,2,0,0,57,0,57,0,0,59,0,59,70,0,70,129
11/23/2009,OSH,WI,AGL,CE,Federal Contract Tower,0,1,12,0,13,0,0,2,0,2,0,1,14,0,15,0,0,0,15
11/24/2009,OSH,WI,AGL,CE,Federal Contract Tower,0,3,7,0,10,0,0,5,0,5,0,3,12,0,15,28,0,28,43
11/25/2009,OSH,WI,AGL,CE,Federal Contract Tower,0,3,9,0,12,0,0,5,0,5,0,3,14,0,17,2,0,2,19
11/26/2009,OSH,WI,AGL,CE,Federal Contract Tower,0,0,1,0,1,0,0,4,0,4,0,0,5,0,5,0,0,0,5
11/27/2009,OSH,WI,AGL,CE,Federal Contract Tower,0,1,0,0,1,0,0,83,0,83,0,1,83,0,84,90,0,90,174
11/28/2009,OSH,WI,AGL,CE,Federal Contract Tower,0,3,6,0,9,0,0,112,0,112,0,3,118,0,121,158,0,158,279
11/29/2009,OSH,WI,AGL,CE,Federal Contract Tower,0,0,13,0,13,0,0,9,0,9,0,0,22,0,22,36,0,36,58
11/30/2009,OSH,WI,AGL,CE,Federal Contract Tower,0,1,10,2,13,0,0,28,0,28,0,1,38,2,41,48,0,48,89
12/01/2009,OSH,WI,AGL,CE,Federal Contract Tower,0,1,10,0,11,0,0,73,0,73,0,1,83,0,84,114,0,114,198
12/02/2009,OSH,WI,AGL,CE,Federal Contract Tower,0,3,8,0,11,0,0,41,0,41,0,3,49,0,52,64,0,64,116
12/03/2009,OSH,WI,AGL,CE,Federal Contract Tower,0,2,18,0,20,0,0,15,0,15,0,2,33,0,35,26,0,26,61
12/04/2009,OSH,WI,AGL,CE,Federal Contract Tower,0,1,15,0,16,0,0,11,0,11,0,1,26,0,27,14,0,14,41
12/05/2009,OSH,WI,AGL,CE,Federal Contract Tower,0,3,6,0,9,0,0,65,0,65,0,3,71,0,74,108,0,108,182
12/06/2009,OSH,WI,AGL,CE,Federal Contract Tower,0,0,10,0,10,0,0,55,0,55,0,0,65,0,65,38,0,38,103
12/07/2009,OSH,WI,AGL,CE,Federal Contract Tower,0,3,7,0,10,0,0,26,0,26,0,3,33,0,36,70,0,70,106
12/08/2009,OSH,WI,AGL,CE,Federal Contract Tower,0,5,4,0,9,0,0,0,0,0,0,5,4,0,9,0,0,0,9
12/09/2009,OSH,WI,AGL,CE,Federal Contract Tower,0,3,4,0,7,0,0,0,0,0,0,3,4,0,7,0,0,0,7
12/10/2009,OSH,WI,AGL,CE,Federal Contract Tower,0,5,11,0,16,0,0,33,0,33,0,5,44,0,49,44,0,44,93
12/11/2009,OSH,WI,AGL,CE,Federal Contract Tower,0,6,11,0,17,0,1,71,4,76,0,7,82,4,93,98,14,112,205
12/12/2009,OSH,WI,AGL,CE,Federal Contract Tower,0,3,6,0,9,0,3,72,0,75,0,6,78,0,84,130,0,130,214
12/13/2009,OSH,WI,AGL,CE,Federal Contract Tower,0,0,3,0,3,0,0,10,0,10,0,0,13,0,13,40,0,40,53
12/14/2009,OSH,WI,AGL,CE,Federal Contract Tower,0,1,13,0,14,0,0,0,0,0,0,1,13,0,14,0,0,0,14
12/15/2009,OSH,WI,AGL,CE,Federal Contract Tower,0,3,7,0,10,0,0,76,2,78,0,3,83,2,88,58,0,58,146
12/16/2009,OSH,WI,AGL,CE,Federal Contract Tower,0,3,10,2,15,0,0,61,0,61,0,3,71,2,76,134,0,134,210
12/17/2009,OSH,WI,AGL,CE,Federal Contract Tower,0,3,9,0,12,0,0,53,0,53,0,3,62,0,65,148,0,148,213
12/18/2009,OSH,WI,AGL,CE,Federal Contract Tower,0,2,8,0,10,0,0,35,0,35,0,2,43,0,45,104,0,104,149
12/19/2009,OSH,WI,AGL,CE,Federal Contract Tower,0,2,1,0,3,0,0,0,0,0,0,2,1,0,3,0,0,0,3
12/20/2009,OSH,WI,AGL,CE,Federal Contract Tower,0,0,5,0,5,0,0,11,0,11,0,0,16,0,16,18,0,18,34
12/21/2009,OSH,WI,AGL,CE,Federal Contract Tower,0,1,6,4,11,0,0,16,0,16,0,1,22,4,27,56,0,56,83
12/22/2009,OSH,WI,AGL,CE,Federal Contract Tower,0,2,15,0,17,0,1,61,2,64,0,3,76,2,81,134,0,134,215
12/23/2009,OSH,WI,AGL,CE,Federal Contract Tower,0,6,3,0,9,0,0,12,0,12,0,6,15,0,21,32,0,32,53
12/24/2009,OSH,WI,AGL,CE,Federal Contract Tower,0,2,0,0,2,0,0,1,0,1,0,2,1,0,3,0,0,0,3
12/25/2009,OSH,WI,AGL,CE,Federal Contract Tower,0,0,1,0,1,0,0,0,0,0,0,0,1,0,1,0,0,0,1
12/26/2009,OSH,WI,AGL,CE,Federal Contract Tower,0,3,2,0,5,0,0,2,0,2,0,3,4,0,7,18,0,18,25
12/27/2009,OSH,WI,AGL,CE,Federal Contract Tower,0,0,4,0,4,0,0,2,0,2,0,0,6,0,6,6,0,6,12
12/28/2009,OSH,WI,AGL,CE,Federal Contract Tower,0,3,1,2,6,0,1,6,0,7,0,4,7,2,13,0,0,0,13
12/29/2009,OSH,WI,AGL,CE,Federal Contract Tower,0,4,12,0,16,0,1,83,4,88,0,5,95,4,104,94,0,94,198
12/30/2009,OSH,WI,AGL,CE,Federal Contract Tower,0,3,4,0,7,0,0,16,0,16,0,3,20,0,23,12,0,12,35
12/31/2009,OSH,WI,AGL,CE,Federal Contract Tower,0,3,2,0,5,0,0,20,0,20,0,3,22,0,25,48,0,48,73
01/01/2010,OSH,WI,AGL,CE,Federal Contract Tower,0,0,1,0,1,0,0,15,0,15,0,0,16,0,16,4,0,4,20
01/02/2010,OSH,WI,AGL,CE,Federal Contract Tower,0,3,6,0,9,0,0,22,0,22,0,3,28,0,31,30,0,30,61
01/03/2010,OSH,WI,AGL,CE,Federal Contract Tower,0,2,4,0,6,0,2,14,0,16,0,4,18,0,22,0,0,0,22
01/04/2010,OSH,WI,AGL,CE,Federal Contract Tower,0,1,2,0,3,0,0,18,2,20,0,1,20,2,23,10,0,10,33
01/05/2010,OSH,WI,AGL,CE,Federal Contract Tower,0,6,8,0,14,0,0,31,0,31,0,6,39,0,45,68,0,68,113
01/06/2010,OSH,WI,AGL,CE,Federal Contract Tower,0,10,7,0,17,0,0,5,0,5,0,10,12,0,22,6,0,6,28
01/07/2010,OSH,WI,AGL,CE,Federal Contract Tower,0,4,6,0,10,0,0,0,0,0,0,4,6,0,10,0,0,0,10
01/08/2010,OSH,WI,AGL,CE,Federal Contract Tower,0,3,11,0,14,0,0,52,0,52,0,3,63,0,66,38,0,38,104
01/09/2010,OSH,WI,AGL,CE,Federal Contract Tower,0,3,6,0,9,0,0,49,0,49,0,3,55,0,58,40,0,40,98
01/10/2010,OSH,WI,AGL,CE,Federal Contract Tower,0,0,2,0,2,0,0,39,0,39,0,0,41,0,41,36,0,36,77
01/11/2010,OSH,WI,AGL,CE,Federal Contract Tower,0,1,8,0,9,0,0,21,2,23,0,1,29,2,32,32,0,32,64
01/12/2010,OSH,WI,AGL,CE,Federal Contract Tower,0,4,3,0,7,0,0,70,5,75,0,4,73,5,82,68,14,82,164
01/13/2010,OSH,WI,AGL,CE,Federal Contract Tower,0,3,3,0,6,0,0,45,0,45,0,3,48,0,51,28,0,28,79
01/14/2010,OSH,WI,AGL,CE,Federal Contract Tower,0,6,15,0,21,0,0,23,0,23,0,6,38,0,44,72,0,72,116
01/15/2010,OSH,WI,AGL,CE,Federal Contract Tower,0,5,19,0,24,0,0,15,0,15,0,5,34,0,39,20,0,20,59
01/16/2010,OSH,WI,AGL,CE,Federal Contract Tower,0,2,9,0,11,0,0,2,0,2,0,2,11,0,13,2,0,2,15
01/17/2010,OSH,WI,AGL,CE,Federal Contract Tower,0,0,6,0,6,0,0,0,0,0,0,0,6,0,6,0,0,0,6
01/18/2010,OSH,WI,AGL,CE,Federal Contract Tower,0,0,23,0,23,0,0,32,0,32,0,0,55,0,55,56,0,56,111
01/19/2010,OSH,WI,AGL,CE,Federal Contract Tower,0,3,17,0,20,0,1,58,0,59,0,4,75,0,79,44,0,44,123
01/20/2010,OSH,WI,AGL,CE,Federal Contract Tower,0,3,9,0,12,0,0,47,0,47,0,3,56,0,59,148,0,148,207
01/21/2010,OSH,WI,AGL,CE,Federal Contract Tower,0,3,11,0,14,0,0,44,4,48,0,3,55,4,62,122,8,130,192
01/22/2010,OSH,WI,AGL,CE,Federal Contract Tower,0,3,10,0,13,0,0,18,0,18,0,3,28,0,31,12,0,12,43
01/23/2010,OSH,WI,AGL,CE,Federal Contract Tower,0,2,3,0,5,0,0,0,0,0,0,2,3,0,5,0,0,0,5
01/24/2010,OSH,WI,AGL,CE,Federal Contract Tower,0,0,2,0,2,0,0,0,0,0,0,0,2,0,2,0,0,0,2
01/25/2010,OSH,WI,AGL,CE,Federal Contract Tower,0,2,2,0,4,0,0,5,0,5,0,2,7,0,9,26,0,26,35
01/26/2010,OSH,WI,AGL,CE,Federal Contract Tower,0,3,13,0,16,0,0,31,5,36,0,3,44,5,52,28,0,28,80
01/27/2010,OSH,WI,AGL,CE,Federal Contract Tower,0,3,11,0,14,0,1,115,2,118,0,4,126,2,132,158,0,158,290
01/28/2010,OSH,WI,AGL,CE,Federal Contract Tower,0,3,12,2,17,0,1,52,0,53,0,4,64,2,70,56,0,56,126
01/29/2010,OSH,WI,AGL,CE,Federal Contract Tower,0,0,8,0,8,0,0,82,2,84,0,0,90,2,92,96,0,96,188
01/30/2010,OSH,WI,AGL,CE,Federal Contract Tower,0,2,12,0,14,0,0,92,0,92,0,2,104,0,106,114,0,114,220
01/31/2010,OSH,WI,AGL,CE,Federal Contract Tower,0,0,0,0,0,0,0,0,0,0,0,0,0,0,0,0,0,0,0
02/01/2010,OSH,WI,AGL,CE,Federal Contract Tower,0,2,9,0,11,0,1,66,2,69,0,3,75,2,80,128,0,128,208
02/02/2010,OSH,WI,AGL,CE,Federal Contract Tower,0,1,17,0,18,0,0,0,0,0,0,1,17,0,18,0,0,0,18
02/03/2010,OSH,WI,AGL,CE,Federal Contract Tower,0,2,16,0,18,0,1,77,1,79,0,3,93,1,97,16,30,46,143
02/04/2010,OSH,WI,AGL,CE,Federal Contract Tower,0,3,14,0,17,0,1,58,2,61,0,4,72,2,78,102,2,104,182
02/05/2010,OSH,WI,AGL,CE,Federal Contract Tower,0,2,8,0,10,0,0,2,0,2,0,2,10,0,12,22,0,22,34
02/06/2010,OSH,WI,AGL,CE,Federal Contract Tower,0,2,2,0,4,0,0,51,0,51,0,2,53,0,55,58,0,58,113
02/07/2010,OSH,WI,AGL,CE,Federal Contract Tower,0,0,7,0,7,0,0,26,0,26,0,0,33,0,33,44,0,44,77
02/08/2010,OSH,WI,AGL,CE,Federal Contract Tower,0,2,7,0,9,0,0,2,0,2,0,2,9,0,11,24,0,24,35
02/09/2010,OSH,WI,AGL,CE,Federal Contract Tower,0,3,1,0,4,0,0,0,0,0,0,3,1,0,4,0,0,0,4
02/10/2010,OSH,WI,AGL,CE,Federal Contract Tower,0,1,4,2,7,0,3,90,2,95,0,4,94,4,102,94,0,94,196
02/11/2010,OSH,WI,AGL,CE,Federal Contract Tower,0,4,24,0,28,0,0,119,0,119,0,4,143,0,147,146,0,146,293
02/12/2010,OSH,WI,AGL,CE,Federal Contract Tower,0,1,8,0,9,0,0,118,0,118,0,1,126,0,127,118,0,118,245
02/13/2010,OSH,WI,AGL,CE,Federal Contract Tower,0,2,7,0,9,0,1,122,0,123,0,3,129,0,132,108,0,108,240
02/14/2010,OSH,WI,AGL,CE,Federal Contract Tower,0,0,5,0,5,0,0,26,0,26,0,0,31,0,31,26,0,26,57
02/15/2010,OSH,WI,AGL,CE,Federal Contract Tower,0,13,25,0,38,0,6,0,0,6,0,19,25,0,44,0,0,0,44
02/16/2010,OSH,WI,AGL,CE,Federal Contract Tower,0,1,30,0,31,0,0,78,0,78,0,1,108,0,109,146,0,146,255
02/17/2010,OSH,WI,AGL,CE,Federal Contract Tower,0,2,11,4,17,0,1,46,8,55,0,3,57,12,72,102,52,154,226
02/18/2010,OSH,WI,AGL,CE,Federal Contract Tower,0,11,18,1,30,0,11,107,3,121,0,22,125,4,151,144,0,144,295
02/19/2010,OSH,WI,AGL,CE,Federal Contract Tower,0,2,17,0,19,0,1,107,0,108,0,3,124,0,127,136,0,136,263
02/20/2010,OSH,WI,AGL,CE,Federal Contract Tower,0,2,6,0,8,0,0,22,0,22,0,2,28,0,30,44,0,44,74
02/21/2010,OSH,WI,AGL,CE,Federal Contract Tower,0,0,9,0,9,0,0,8,0,8,0,0,17,0,17,10,0,10,27
02/22/2010,OSH,WI,AGL,CE,Federal Contract Tower,0,1,6,0,7,0,0,5,0,5,0,1,11,0,12,0,0,0,12
02/23/2010,OSH,WI,AGL,CE,Federal Contract Tower,0,2,10,0,12,0,10,8,0,18,0,12,18,0,30,44,0,44,74
02/24/2010,OSH,WI,AGL,CE,Federal Contract Tower,0,1,7,0,8,0,0,4,0,4,0,1,11,0,12,18,0,18,30
02/25/2010,OSH,WI,AGL,CE,Federal Contract Tower,0,4,9,0,13,0,11,87,0,98,0,15,96,0,111,180,0,180,291
02/26/2010,OSH,WI,AGL,CE,Federal Contract Tower,0,12,13,0,25,0,0,100,0,100,0,12,113,0,125,124,2,126,251
02/27/2010,OSH,WI,AGL,CE,Federal Contract Tower,0,3,6,0,9,0,0,70,0,70,0,3,76,0,79,152,0,152,231
02/28/2010,OSH,WI,AGL,CE,Federal Contract Tower,0,0,3,0,3,0,0,4,0,4,0,0,7,0,7,8,0,8,15
03/01/2010,OSH,WI,AGL,CE,Federal Contract Tower,0,1,8,0,9,0,0,40,0,40,0,1,48,0,49,78,0,78,127
03/02/2010,OSH,WI,AGL,CE,Federal Contract Tower,0,4,10,2,16,0,1,46,0,47,0,5,56,2,63,66,0,66,129
03/03/2010,OSH,WI,AGL,CE,Federal Contract Tower,0,3,22,0,25,0,0,50,0,50,0,3,72,0,75,86,0,86,161
03/04/2010,OSH,WI,AGL,CE,Federal Contract Tower,0,3,17,0,20,0,2,117,2,121,0,5,134,2,141,226,6,232,373
03/05/2010,OSH,WI,AGL,CE,Federal Contract Tower,0,1,17,0,18,0,0,89,2,91,0,1,106,2,109,94,10,104,213
03/06/2010,OSH,WI,AGL,CE,Federal Contract Tower,0,3,8,0,11,0,0,102,0,102,0,3,110,0,113,54,0,54,167
03/07/2010,OSH,WI,AGL,CE,Federal Contract Tower,0,0,0,0,0,0,0,50,0,50,0,0,50,0,50,56,0,56,106
03/08/2010,OSH,WI,AGL,CE,Federal Contract Tower,0,2,7,0,9,0,0,72,2,74,0,2,79,2,83,158,8,166,249
03/09/2010,OSH,WI,AGL,CE,Federal Contract Tower,0,5,22,2,29,0,0,3,0,3,0,5,25,2,32,4,0,4,36
03/10/2010,OSH,WI,AGL,CE,Federal Contract Tower,0,3,17,0,20,0,0,0,0,0,0,3,17,0,20,0,0,0,20
03/11/2010,OSH,WI,AGL,CE,Federal Contract Tower,0,2,8,0,10,0,0,0,0,0,0,2,8,0,10,0,0,0,10
03/12/2010,OSH,WI,AGL,CE,Federal Contract Tower,0,1,8,0,9,0,0,0,0,0,0,1,8,0,9,0,0,0,9
03/13/2010,OSH,WI,AGL,CE,Federal Contract Tower,0,0,5,0,5,0,0,1,0,1,0,0,6,0,6,0,0,0,6
03/14/2010,OSH,WI,AGL,CE,Federal Contract Tower,0,0,11,0,11,0,1,41,0,42,0,1,52,0,53,42,0,42,95
03/15/2010,OSH,WI,AGL,CE,Federal Contract Tower,0,1,15,0,16,0,0,85,0,85,0,1,100,0,101,156,0,156,257
03/16/2010,OSH,WI,AGL,CE,Federal Contract Tower,0,2,7,0,9,0,1,149,0,150,0,3,156,0,159,250,0,250,409
03/17/2010,OSH,WI,AGL,CE,Federal Contract Tower,0,3,10,0,13,0,11,118,0,129,0,14,128,0,142,158,0,158,300
03/18/2010,OSH,WI,AGL,CE,Federal Contract Tower,0,2,16,0,18,0,1,94,0,95,0,3,110,0,113,238,0,238,351
03/19/2010,OSH,WI,AGL,CE,Federal Contract Tower,0,1,7,0,8,0,0,50,2,52,0,1,57,2,60,111,0,111,171
03/20/2010,OSH,WI,AGL,CE,Federal Contract Tower,0,2,3,0,5,0,1,35,0,36,0,3,38,0,41,8,0,8,49
03/21/2010,OSH,WI,AGL,CE,Federal Contract Tower,0,0,6,0,6,0,0,78,0,78,0,0,84,0,84,74,0,74,158
03/22/2010,OSH,WI,AGL,CE,Federal Contract Tower,0,2,9,0,11,0,0,89,0,89,0,2,98,0,100,204,0,204,304
03/23/2010,OSH,WI,AGL,CE,Federal Contract Tower,0,8,13,2,23,0,0,84,4,88,0,8,97,6,111,184,0,184,295
03/24/2010,OSH,WI,AGL,CE,Federal Contract Tower,0,3,15,0,18,0,0,72,4,76,0,3,87,4,94,138,0,138,232
03/25/2010,OSH,WI,AGL,CE,Federal Contract Tower,0,3,21,0,24,0,1,44,0,45,0,4,65,0,69,126,0,126,195
03/26/2010,OSH,WI,AGL,CE,Federal Contract Tower,0,3,17,0,20,0,0,117,0,117,0,3,134,0,137,208,0,208,345
03/27/2010,OSH,WI,AGL,CE,Federal Contract Tower,0,3,3,0,6,0,0,57,1,58,0,3,60,1,64,54,0,54,118
03/28/2010,OSH,WI,AGL,CE,Federal Contract Tower,0,0,6,0,6,0,0,36,0,36,0,0,42,0,42,2,0,2,44
03/29/2010,OSH,WI,AGL,CE,Federal Contract Tower,0,1,16,0,17,0,0,71,0,71,0,1,87,0,88,128,0,128,216
03/30/2010,OSH,WI,AGL,CE,Federal Contract Tower,0,0,17,2,19,0,0,48,4,52,0,0,65,6,71,16,48,64,135
03/31/2010,OSH,WI,AGL,CE,Federal Contract Tower,0,1,29,0,30,0,5,53,0,58,0,6,82,0,88,54,0,54,142
04/01/2010,OSH,WI,AGL,CE,Federal Contract Tower,0,1,10,4,15,0,0,96,2,98,0,1,106,6,113,0,0,0,113
04/02/2010,OSH,WI,AGL,CE,Federal Contract Tower,0,1,10,0,11,0,0,47,0,47,0,1,57,0,58,62,0,62,120
04/03/2010,OSH,WI,AGL,CE,Federal Contract Tower,0,5,6,0,11,0,2,7,0,9,0,7,13,0,20,36,0,36,56
04/04/2010,OSH,WI,AGL,CE,Federal Contract Tower,0,0,4,0,4,0,0,11,0,11,0,0,15,0,15,0,0,0,15
04/05/2010,OSH,WI,AGL,CE,Federal Contract Tower,0,1,6,0,7,0,0,66,0,66,0,1,72,0,73,76,0,76,149
04/06/2010,OSH,WI,AGL,CE,Federal Contract Tower,0,0,12,0,12,0,0,3,0,3,0,0,15,0,15,10,0,10,25
04/07/2010,OSH,WI,AGL,CE,Federal Contract Tower,0,0,7,2,9,0,1,9,0,10,0,1,16,2,19,42,0,42,61
04/08/2010,OSH,WI,AGL,CE,Federal Contract Tower,0,0,16,0,16,0,0,3,0,3,0,0,19,0,19,4,0,4,23
04/09/2010,OSH,WI,AGL,CE,Federal Contract Tower,0,4,10,0,14,0,0,102,0,102,0,4,112,0,116,158,0,158,274
04/10/2010,OSH,WI,AGL,CE,Federal Contract Tower,0,5,4,0,9,0,1,123,0,124,0,6,127,0,133,34,0,34,167
04/11/2010,OSH,WI,AGL,CE,Federal Contract Tower,0,2,7,0,9,0,0,82,0,82,0,2,89,0,91,174,0,174,265
04/12/2010,OSH,WI,AGL,CE,Federal Contract Tower,0,2,11,0,13,0,0,39,0,39,0,2,50,0,52,38,0,38,90
04/13/2010,OSH,WI,AGL,CE,Federal Contract Tower,0,2,14,0,16,0,0,42,4,46,0,2,56,4,62,102,0,102,164
04/14/2010,OSH,WI,AGL,CE,Federal Contract Tower,0,1,18,0,19,0,0,53,0,53,0,1,71,0,72,148,0,148,220
04/15/2010,OSH,WI,AGL,CE,Federal Contract Tower,1,1,20,0,22,0,1,35,0,36,1,2,55,0,58,54,0,54,112
04/16/2010,OSH,WI,AGL,CE,Federal Contract Tower,0,2,12,0,14,0,0,34,2,36,0,2,46,2,50,16,2,18,68
04/17/2010,OSH,WI,AGL,CE,Federal Contract Tower,0,2,5,0,7,0,0,19,0,19,0,2,24,0,26,0,0,0,26
04/18/2010,OSH,WI,AGL,CE,Federal Contract Tower,0,0,3,0,3,0,0,76,0,76,0,0,79,0,79,30,0,30,109
04/19/2010,OSH,WI,AGL,CE,Federal Contract Tower,0,1,8,0,9,0,0,71,2,73,0,1,79,2,82,98,2,100,182
04/20/2010,OSH,WI,AGL,CE,Federal Contract Tower,0,0,18,0,18,0,0,97,0,97,0,0,115,0,115,142,0,142,257
04/21/2010,OSH,WI,AGL,CE,Federal Contract Tower,0,1,18,0,19,0,0,52,0,52,0,1,70,0,71,118,0,118,189
04/22/2010,OSH,WI,AGL,CE,Federal Contract Tower,0,3,20,2,25,0,0,74,2,76,0,3,94,4,101,0,0,0,101
04/23/2010,OSH,WI,AGL,CE,Federal Contract Tower,0,0,26,0,26,0,2,98,0,100,0,2,124,0,126,104,0,104,230
04/24/2010,OSH,WI,AGL,CE,Federal Contract Tower,0,2,14,0,16,0,0,0,0,0,0,2,14,0,16,0,0,0,16
04/25/2010,OSH,WI,AGL,CE,Federal Contract Tower,0,0,9,0,9,0,0,1,0,1,0,0,10,0,10,0,0,0,10
04/26/2010,OSH,WI,AGL,CE,Federal Contract Tower,0,0,11,0,11,0,0,95,4,99,0,0,106,4,110,134,0,134,244
04/27/2010,OSH,WI,AGL,CE,Federal Contract Tower,0,1,7,0,8,0,1,91,2,94,0,2,98,2,102,116,0,116,218
04/28/2010,OSH,WI,AGL,CE,Federal Contract Tower,0,1,13,0,14,0,1,109,3,113,0,2,122,3,127,6,0,6,133
04/29/2010,OSH,WI,AGL,CE,Federal Contract Tower,0,1,19,0,20,0,2,26,0,28,0,3,45,0,48,66,0,66,114
04/30/2010,OSH,WI,AGL,CE,Federal Contract Tower,0,1,13,0,14,0,0,10,0,10,0,1,23,0,24,14,0,14,38
05/01/2010,OSH,WI,AGL,CE,Federal Contract Tower,0,5,5,0,10,0,0,26,0,26,0,5,31,0,36,48,0,48,84
05/02/2010,OSH,WI,AGL,CE,Federal Contract Tower,0,0,5,0,5,0,0,56,0,56,0,0,61,0,61,158,0,158,219
05/03/2010,OSH,WI,AGL,CE,Federal Contract Tower,0,1,13,2,16,0,0,55,2,57,0,1,68,4,73,66,0,66,139
05/04/2010,OSH,WI,AGL,CE,Federal Contract Tower,0,1,12,0,13,0,0,80,0,80,0,1,92,0,93,128,0,128,221
05/05/2010,OSH,WI,AGL,CE,Federal Contract Tower,0,1,10,0,11,0,3,37,0,40,0,4,47,0,51,12,0,12,63
05/06/2010,OSH,WI,AGL,CE,Federal Contract Tower,0,0,12,0,12,0,0,83,4,87,0,0,95,4,99,178,12,190,289
05/07/2010,OSH,WI,AGL,CE,Federal Contract Tower,0,2,14,0,16,0,0,5,0,5,0,2,19,0,21,12,0,12,33
05/08/2010,OSH,WI,AGL,CE,Federal Contract Tower,0,2,7,0,9,0,0,14,0,14,0,2,21,0,23,66,0,66,89
05/09/2010,OSH,WI,AGL,CE,Federal Contract Tower,0,0,1,0,1,0,0,55,0,55,0,0,56,0,56,140,0,140,196
05/10/2010,OSH,WI,AGL,CE,Federal Contract Tower,0,1,4,0,5,0,0,62,0,62,0,1,66,0,67,56,0,56,123
05/11/2010,OSH,WI,AGL,CE,Federal Contract Tower,0,3,7,0,10,0,0,1,0,1,0,3,8,0,11,0,0,0,11
05/12/2010,OSH,WI,AGL,CE,Federal Contract Tower,0,1,17,0,18,0,0,21,4,25,0,1,38,4,43,30,0,30,73
05/13/2010,OSH,WI,AGL,CE,Federal Contract Tower,0,1,13,0,14,0,0,1,0,1,0,1,14,0,15,0,0,0,15
05/14/2010,OSH,WI,AGL,CE,Federal Contract Tower,0,1,21,0,22,0,2,75,2,79,0,3,96,2,101,66,0,66,167
05/15/2010,OSH,WI,AGL,CE,Federal Contract Tower,0,4,11,0,15,0,1,160,0,161,0,5,171,0,176,356,0,356,532
05/16/2010,OSH,WI,AGL,CE,Federal Contract Tower,0,0,4,0,4,0,0,120,2,122,0,0,124,2,126,204,0,204,330
05/17/2010,OSH,WI,AGL,CE,Federal Contract Tower,0,2,16,0,18,0,1,75,3,79,0,3,91,3,97,36,2,38,135
05/18/2010,OSH,WI,AGL,CE,Federal Contract Tower,0,0,11,0,11,0,0,134,2,136,0,0,145,2,147,182,8,190,337
05/19/2010,OSH,WI,AGL,CE,Federal Contract Tower,0,1,13,1,15,0,0,95,1,96,0,1,108,2,111,130,0,130,241
05/20/2010,OSH,WI,AGL,CE,Federal Contract Tower,0,2,18,0,20,0,0,59,0,59,0,2,77,0,79,46,0,46,125
05/21/2010,OSH,WI,AGL,CE,Federal Contract Tower,0,4,13,0,17,0,0,8,0,8,0,4,21,0,25,0,0,0,25
05/22/2010,OSH,WI,AGL,CE,Federal Contract Tower,0,3,5,0,8,0,0,52,0,52,0,3,57,0,60,132,0,132,192
05/23/2010,OSH,WI,AGL,CE,Federal Contract Tower,0,2,12,0,14,0,0,55,0,55,0,2,67,0,69,160,0,160,229
05/24/2010,OSH,WI,AGL,CE,Federal Contract Tower,0,1,13,0,14,0,0,43,2,45,0,1,56,2,59,52,2,54,113
05/25/2010,OSH,WI,AGL,CE,Federal Contract Tower,0,0,11,0,11,0,0,62,2,64,0,0,73,2,75,84,4,88,163
05/26/2010,OSH,WI,AGL,CE,Federal Contract Tower,0,1,19,0,20,0,0,30,0,30,0,1,49,0,50,2,0,2,52
05/27/2010,OSH,WI,AGL,CE,Federal Contract Tower,0,2,33,0,35,0,1,66,8,75,0,3,99,8,110,34,0,34,144
05/28/2010,OSH,WI,AGL,CE,Federal Contract Tower,0,2,10,0,12,0,1,83,2,86,0,3,93,2,98,158,0,158,256
05/29/2010,OSH,WI,AGL,CE,Federal Contract Tower,0,2,8,0,10,0,0,75,0,75,0,2,83,0,85,192,0,192,277
05/30/2010,OSH,WI,AGL,CE,Federal Contract Tower,0,0,7,0,7,0,0,59,0,59,0,0,66,0,66,226,0,226,292
05/31/2010,OSH,WI,AGL,CE,Federal Contract Tower,0,1,8,0,9,0,0,57,0,57,0,1,65,0,66,230,0,230,296
06/01/2010,OSH,WI,AGL,CE,Federal Contract Tower,0,0,11,0,11,0,0,60,0,60,0,0,71,0,71,114,0,114,185
06/02/2010,OSH,WI,AGL,CE,Federal Contract Tower,0,3,19,0,22,17,0,0,0,17,17,3,19,0,39,118,0,118,157
06/03/2010,OSH,WI,AGL,CE,Federal Contract Tower,0,4,19,0,23,0,1,107,0,108,0,5,126,0,131,212,0,212,343
06/04/2010,OSH,WI,AGL,CE,Federal Contract Tower,0,3,9,0,12,0,0,5,0,5,0,3,14,0,17,28,0,28,45
06/05/2010,OSH,WI,AGL,CE,Federal Contract Tower,0,2,3,0,5,0,0,55,0,55,0,2,58,0,60,144,0,144,204
06/06/2010,OSH,WI,AGL,CE,Federal Contract Tower,0,0,19,0,19,0,0,46,0,46,0,0,65,0,65,114,0,114,179
06/07/2010,OSH,WI,AGL,CE,Federal Contract Tower,0,1,11,0,12,0,0,97,0,97,0,1,108,0,109,238,0,238,347
06/08/2010,OSH,WI,AGL,CE,Federal Contract Tower,0,2,14,0,16,0,0,4,0,4,0,2,18,0,20,30,0,30,50
06/09/2010,OSH,WI,AGL,CE,Federal Contract Tower,0,3,13,0,16,0,0,40,2,42,0,3,53,2,58,80,8,88,146
06/10/2010,OSH,WI,AGL,CE,Federal Contract Tower,0,2,32,2,36,0,1,66,0,67,0,3,98,2,103,142,0,142,245
06/11/2010,OSH,WI,AGL,CE,Federal Contract Tower,0,2,9,0,11,0,0,25,0,25,0,2,34,0,36,14,0,14,50
06/12/2010,OSH,WI,AGL,CE,Federal Contract Tower,0,0,10,0,10,0,0,7,0,7,0,0,17,0,17,8,0,8,25
06/13/2010,OSH,WI,AGL,CE,Federal Contract Tower,0,0,12,0,12,0,0,33,0,33,0,0,45,0,45,168,0,168,213
06/14/2010,OSH,WI,AGL,CE,Federal Contract Tower,0,3,12,0,15,0,0,31,0,31,0,3,43,0,46,154,0,154,200
06/15/2010,OSH,WI,AGL,CE,Federal Contract Tower,0,0,12,0,12,0,1,1,0,2,0,1,13,0,14,0,0,0,14
06/16/2010,OSH,WI,AGL,CE,Federal Contract Tower,0,1,17,0,18,0,0,115,2,117,0,1,132,2,135,210,10,220,355
06/17/2010,OSH,WI,AGL,CE,Federal Contract Tower,0,5,28,0,33,0,1,162,3,166,0,6,190,3,199,316,4,320,519
06/18/2010,OSH,WI,AGL,CE,Federal Contract Tower,0,4,20,0,24,0,1,81,10,92,0,5,101,10,116,212,0,212,328
06/19/2010,OSH,WI,AGL,CE,Federal Contract Tower,0,2,6,0,8,0,0,142,0,142,0,2,148,0,150,426,0,426,576
06/20/2010,OSH,WI,AGL,CE,Federal Contract Tower,0,2,21,0,23,0,0,140,0,140,0,2,161,0,163,392,0,392,555
06/21/2010,OSH,WI,AGL,CE,Federal Contract Tower,0,1,10,0,11,0,0,113,2,115,0,1,123,2,126,234,0,234,360
06/22/2010,OSH,WI,AGL,CE,Federal Contract Tower,0,1,14,2,17,0,1,100,0,101,0,2,114,2,118,194,0,194,312
06/23/2010,OSH,WI,AGL,CE,Federal Contract Tower,0,2,11,0,13,0,0,45,0,45,0,2,56,0,58,122,0,122,180
06/24/2010,OSH,WI,AGL,CE,Federal Contract Tower,0,1,26,0,27,0,1,124,0,125,0,2,150,0,152,266,0,266,418
06/25/2010,OSH,WI,AGL,CE,Federal Contract Tower,0,1,10,0,11,0,0,86,2,88,0,1,96,2,99,132,0,132,231
06/26/2010,OSH,WI,AGL,CE,Federal Contract Tower,0,2,8,0,10,0,0,66,0,66,0,2,74,0,76,302,0,302,378
06/27/2010,OSH,WI,AGL,CE,Federal Contract Tower,0,0,2,0,2,0,0,29,0,29,0,0,31,0,31,104,0,104,135
06/28/2010,OSH,WI,AGL,CE,Federal Contract Tower,0,1,8,1,10,0,0,88,1,89,0,1,96,2,99,238,0,238,337
06/29/2010,OSH,WI,AGL,CE,Federal Contract Tower,0,0,24,0,24,0,1,158,0,159,0,1,182,0,183,314,0,314,497
06/30/2010,OSH,WI,AGL,CE,Federal Contract Tower,0,3,14,0,17,0,0,95,2,97,0,3,109,2,114,286,12,298,412
07/01/2010,OSH,WI,AGL,CE,Federal Contract Tower,0,1,14,0,15,0,1,119,0,120,0,2,133,0,135,358,0,358,493
07/02/2010,OSH,WI,AGL,CE,Federal Contract Tower,0,3,7,0,10,0,0,107,0,107,0,3,114,0,117,176,0,176,293
07/03/2010,OSH,WI,AGL,CE,Federal Contract Tower,0,2,5,0,7,0,0,82,0,82,0,2,87,0,89,198,0,198,287
07/04/2010,OSH,WI,AGL,CE,Federal Contract Tower,0,0,8,0,8,0,0,12,4,16,0,0,20,4,24,0,0,0,24
07/05/2010,OSH,WI,AGL,CE,Federal Contract Tower,0,2,15,0,17,0,0,13,0,13,0,2,28,0,30,76,0,76,106
07/06/2010,OSH,WI,AGL,CE,Federal Contract Tower,0,9,16,0,25,0,0,72,0,72,0,9,88,0,97,182,0,182,279
07/07/2010,OSH,WI,AGL,CE,Federal Contract Tower,0,3,13,0,16,0,5,51,0,56,0,8,64,0,72,176,0,176,248
07/08/2010,OSH,WI,AGL,CE,Federal Contract Tower,0,3,8,0,11,0,0,63,2,65,0,3,71,2,76,226,8,234,310
07/09/2010,OSH,WI,AGL,CE,Federal Contract Tower,0,1,17,0,18,0,0,152,12,164,0,1,169,12,182,200,0,200,382
07/10/2010,OSH,WI,AGL,CE,Federal Contract Tower,0,2,6,0,8,0,0,79,0,79,0,2,85,0,87,158,0,158,245
07/11/2010,OSH,WI,AGL,CE,Federal Contract Tower,0,0,9,0,9,0,0,62,0,62,0,0,71,0,71,152,0,152,223
07/12/2010,OSH,WI,AGL,CE,Federal Contract Tower,0,1,11,0,12,0,0,71,1,72,0,1,82,1,84,248,0,248,332
07/13/2010,OSH,WI,AGL,CE,Federal Contract Tower,0,0,15,0,15,0,0,146,3,149,0,0,161,3,164,286,2,288,452
07/14/2010,OSH,WI,AGL,CE,Federal Contract Tower,0,0,21,0,21,0,1,55,0,56,0,1,76,0,77,102,0,102,179
07/15/2010,OSH,WI,AGL,CE,Federal Contract Tower,0,3,23,0,26,0,0,104,6,110,0,3,127,6,136,106,30,136,272
07/16/2010,OSH,WI,AGL,CE,Federal Contract Tower,0,3,26,0,29,0,0,130,0,130,0,3,156,0,159,254,0,254,413
07/17/2010,OSH,WI,AGL,CE,Federal Contract Tower,0,3,12,0,15,0,0,116,0,116,0,3,128,0,131,248,0,248,379
07/18/2010,OSH,WI,AGL,CE,Federal Contract Tower,0,0,8,0,8,0,0,60,0,60,0,0,68,0,68,166,0,166,234
07/19/2010,OSH,WI,AGL,CE,Federal Contract Tower,0,2,16,0,18,0,0,104,3,107,0,2,120,3,125,230,0,230,355
07/20/2010,OSH,WI,AGL,CE,Federal Contract Tower,0,0,25,0,25,0,0,145,0,145,0,0,170,0,170,252,0,252,422
07/21/2010,OSH,WI,AGL,CE,Federal Contract Tower,0,3,21,2,26,0,0,250,2,252,0,3,271,4,278,268,6,274,552
07/22/2010,OSH,WI,AGL,CE,Federal Contract Tower,0,4,41,0,45,0,0,48,0,48,0,4,89,0,93,8,0,8,101
07/23/2010,OSH,WI,AGL,CE,Federal Contract Tower,0,0,59,0,59,0,0,465,0,465,0,0,524,0,524,0,0,0,524
07/24/2010,OSH,WI,AGL,CE,Federal Contract Tower,0,0,52,0,52,0,0,588,0,588,0,0,640,0,640,0,0,0,640
07/25/2010,OSH,WI,AGL,CE,Federal Contract Tower,0,0,73,0,73,0,0,1274,0,1274,0,0,1347,0,1347,0,0,0,1347
07/26/2010,OSH,WI,AGL,CE,Federal Contract Tower,0,0,65,1,66,0,0,1571,0,1571,0,0,1636,1,1637,0,0,0,1637
07/27/2010,OSH,WI,AGL,CE,Federal Contract Tower,0,0,65,0,65,0,0,1672,0,1672,0,0,1737,0,1737,0,0,0,1737
07/28/2010,OSH,WI,AGL,CE,Federal Contract Tower,0,0,105,0,105,0,0,1604,0,1604,0,0,1709,0,1709,0,0,0,1709
07/29/2010,OSH,WI,AGL,CE,Federal Contract Tower,0,0,89,0,89,0,0,2342,0,2342,0,0,2431,0,2431,0,0,0,2431
07/30/2010,OSH,WI,AGL,CE,Federal Contract Tower,0,0,106,0,106,0,0,1815,0,1815,0,0,1921,0,1921,0,0,0,1921
07/31/2010,OSH,WI,AGL,CE,Federal Contract Tower,0,0,112,0,112,0,0,650,0,650,0,0,762,0,762,0,0,0,762
08/01/2010,OSH,WI,AGL,CE,Federal Contract Tower,0,0,91,0,91,0,0,1269,0,1269,0,0,1360,0,1360,0,0,0,1360
08/02/2010,OSH,WI,AGL,CE,Federal Contract Tower,0,1,61,0,62,0,0,587,0,587,0,1,648,0,649,34,0,34,683
08/03/2010,OSH,WI,AGL,CE,Federal Contract Tower,0,0,21,0,21,0,0,178,0,178,0,0,199,0,199,172,0,172,371
08/04/2010,OSH,WI,AGL,CE,Federal Contract Tower,0,2,21,0,23,0,1,146,4,151,0,3,167,4,174,234,6,240,414
08/05/2010,OSH,WI,AGL,CE,Federal Contract Tower,0,1,15,0,16,0,2,137,2,141,0,3,152,2,157,190,4,194,351
08/06/2010,OSH,WI,AGL,CE,Federal Contract Tower,0,1,10,0,11,0,0,145,2,147,0,1,155,2,158,294,0,294,452
08/07/2010,OSH,WI,AGL,CE,Federal Contract Tower,0,2,10,0,12,0,0,90,0,90,0,2,100,0,102,188,0,188,290
08/08/2010,OSH,WI,AGL,CE,Federal Contract Tower,0,0,8,0,8,0,0,20,0,20,0,0,28,0,28,22,0,22,50
08/09/2010,OSH,WI,AGL,CE,Federal Contract Tower,0,1,8,0,9,0,0,46,0,46,0,1,54,0,55,136,0,136,191
08/10/2010,OSH,WI,AGL,CE,Federal Contract Tower,0,1,9,4,14,0,0,67,0,67,0,1,76,4,81,256,0,256,337
08/11/2010,OSH,WI,AGL,CE,Federal Contract Tower,0,4,15,0,19,0,1,32,0,33,0,5,47,0,52,106,0,106,158
08/12/2010,OSH,WI,AGL,CE,Federal Contract Tower,0,2,18,1,21,0,0,69,0,69,0,2,87,1,90,282,0,282,372
08/13/2010,OSH,WI,AGL,CE,Federal Contract Tower,0,1,12,0,13,0,0,22,2,24,0,1,34,2,37,16,10,26,63
08/14/2010,OSH,WI,AGL,CE,Federal Contract Tower,0,3,9,0,12,0,0,61,0,61,0,3,70,0,73,214,0,214,287
08/15/2010,OSH,WI,AGL,CE,Federal Contract Tower,0,2,11,0,13,0,0,5,0,5,0,2,16,0,18,218,0,218,236
08/16/2010,OSH,WI,AGL,CE,Federal Contract Tower,0,2,15,0,17,0,0,98,0,98,0,2,113,0,115,212,0,212,327
08/17/2010,OSH,WI,AGL,CE,Federal Contract Tower,0,0,2,0,2,0,0,124,0,124,0,0,126,0,126,226,0,226,352
08/18/2010,OSH,WI,AGL,CE,Federal Contract Tower,0,3,16,0,19,0,0,40,0,40,0,3,56,0,59,168,0,168,227
08/19/2010,OSH,WI,AGL,CE,Federal Contract Tower,0,3,10,0,13,0,0,73,0,73,0,3,83,0,86,170,0,170,256
08/20/2010,OSH,WI,AGL,CE,Federal Contract Tower,0,4,13,0,17,0,1,28,5,34,0,5,41,5,51,133,16,149,200
08/21/2010,OSH,WI,AGL,CE,Federal Contract Tower,0,3,4,0,7,0,0,18,0,18,0,3,22,0,25,100,0,100,125
08/22/2010,OSH,WI,AGL,CE,Federal Contract Tower,0,3,5,0,8,0,0,60,2,62,0,3,65,2,70,205,0,205,275
08/23/2010,OSH,WI,AGL,CE,Federal Contract Tower,0,1,14,0,15,0,0,85,0,85,0,1,99,0,100,200,0,200,300
08/24/2010,OSH,WI,AGL,CE,Federal Contract Tower,0,3,19,0,22,0,1,80,0,81,0,4,99,0,103,258,0,258,361
08/25/2010,OSH,WI,AGL,CE,Federal Contract Tower,0,2,13,0,15,0,2,67,0,69,0,4,80,0,84,138,0,138,222
08/26/2010,OSH,WI,AGL,CE,Federal Contract Tower,0,2,8,0,10,0,2,87,4,93,0,4,95,4,103,180,4,184,287
08/27/2010,OSH,WI,AGL,CE,Federal Contract Tower,0,1,10,0,11,0,0,80,0,80,0,1,90,0,91,176,0,176,267
08/28/2010,OSH,WI,AGL,CE,Federal Contract Tower,0,4,5,0,9,0,0,67,0,67,0,4,72,0,76,196,0,196,272
08/29/2010,OSH,WI,AGL,CE,Federal Contract Tower,0,1,8,0,9,0,2,47,0,49,0,3,55,0,58,174,0,174,232
08/30/2010,OSH,WI,AGL,CE,Federal Contract Tower,0,2,9,0,11,0,0,65,0,65,0,2,74,0,76,124,0,124,200
08/31/2010,OSH,WI,AGL,CE,Federal Contract Tower,0,4,8,0,12,0,0,40,2,42,0,4,48,2,54,89,0,89,143
09/01/2010,OSH,WI,AGL,CE,Federal Contract Tower,0,5,19,0,24,0,3,39,2,44,0,8,58,2,68,150,8,158,226
09/02/2010,OSH,WI,AGL,CE,Federal Contract Tower,0,7,8,0,15,0,0,23,0,23,0,7,31,0,38,0,0,0,38
09/03/2010,OSH,WI,AGL,CE,Federal Contract Tower,0,5,14,0,19,0,0,36,0,36,0,5,50,0,55,46,0,46,101
09/04/2010,OSH,WI,AGL,CE,Federal Contract Tower,0,7,8,0,15,0,0,32,0,32,0,7,40,0,47,126,0,126,173
09/05/2010,OSH,WI,AGL,CE,Federal Contract Tower,0,1,5,0,6,0,0,81,0,81,0,1,86,0,87,222,0,222,309
09/06/2010,OSH,WI,AGL,CE,Federal Contract Tower,0,1,12,0,13,0,0,15,0,15,0,1,27,0,28,90,0,90,118
09/07/2010,OSH,WI,AGL,CE,Federal Contract Tower,0,3,14,0,17,0,2,6,0,8,0,5,20,0,25,0,0,0,25
09/08/2010,OSH,WI,AGL,CE,Federal Contract Tower,0,2,15,0,17,0,1,90,0,91,0,3,105,0,108,176,0,176,284
09/09/2010,OSH,WI,AGL,CE,Federal Contract Tower,0,1,15,0,16,0,2,115,0,117,0,3,130,0,133,222,0,222,355
09/10/2010,OSH,WI,AGL,CE,Federal Contract Tower,0,2,11,0,13,0,0,119,0,119,0,2,130,0,132,192,0,192,324
09/11/2010,OSH,WI,AGL,CE,Federal Contract Tower,0,5,39,0,44,0,0,13,0,13,0,5,52,0,57,0,0,0,57
09/12/2010,OSH,WI,AGL,CE,Federal Contract Tower,0,1,7,0,8,0,0,134,2,136,0,1,141,2,144,312,0,312,456
09/13/2010,OSH,WI,AGL,CE,Federal Contract Tower,0,2,10,0,12,0,0,87,0,87,0,2,97,0,99,76,0,76,175
09/14/2010,OSH,WI,AGL,CE,Federal Contract Tower,0,1,5,0,6,0,0,85,0,85,0,1,90,0,91,232,0,232,323
09/15/2010,OSH,WI,AGL,CE,Federal Contract Tower,0,2,18,0,20,0,0,42,0,42,0,2,60,0,62,90,0,90,152
09/16/2010,OSH,WI,AGL,CE,Federal Contract Tower,0,5,14,2,21,0,2,21,2,25,0,7,35,4,46,76,0,76,122
09/17/2010,OSH,WI,AGL,CE,Federal Contract Tower,0,3,19,0,22,0,0,56,0,56,0,3,75,0,78,90,0,90,168
09/18/2010,OSH,WI,AGL,CE,Federal Contract Tower,0,3,13,0,16,0,0,77,0,77,0,3,90,0,93,196,0,196,289
09/19/2010,OSH,WI,AGL,CE,Federal Contract Tower,0,1,12,0,13,0,0,95,0,95,0,1,107,0,108,250,0,250,358
09/20/2010,OSH,WI,AGL,CE,Federal Contract Tower,0,5,17,0,22,0,0,63,0,63,0,5,80,0,85,118,0,118,203
09/21/2010,OSH,WI,AGL,CE,Federal Contract Tower,0,2,10,0,12,0,0,29,0,29,0,2,39,0,41,18,0,18,59
09/22/2010,OSH,WI,AGL,CE,Federal Contract Tower,0,4,11,0,15,0,0,96,0,96,0,4,107,0,111,236,0,236,347
09/23/2010,OSH,WI,AGL,CE,Federal Contract Tower,0,4,9,0,13,0,0,16,0,16,0,4,25,0,29,28,0,28,57
09/24/2010,OSH,WI,AGL,CE,Federal Contract Tower,0,6,11,0,17,0,0,3,0,3,0,6,14,0,20,0,0,0,20
09/25/2010,OSH,WI,AGL,CE,Federal Contract Tower,0,3,7,0,10,0,0,60,0,60,0,3,67,0,70,172,0,172,242
09/26/2010,OSH,WI,AGL,CE,Federal Contract Tower,0,1,15,0,16,0,2,135,0,137,0,3,150,0,153,286,0,286,439
09/27/2010,OSH,WI,AGL,CE,Federal Contract Tower,0,3,6,0,9,0,1,99,0,100,0,4,105,0,109,158,0,158,267
09/28/2010,OSH,WI,AGL,CE,Federal Contract Tower,0,3,4,0,7,0,0,72,0,72,0,3,76,0,79,134,0,134,213
09/29/2010,OSH,WI,AGL,CE,Federal Contract Tower,0,2,9,0,11,0,0,67,0,67,0,2,76,0,78,66,0,66,144
09/30/2010,OSH,WI,AGL,CE,Federal Contract Tower,0,2,18,0,20,0,1,55,2,58,0,3,73,2,78,60,0,60,138
10/01/2010,OSH,WI,AGL,CE,Federal Contract Tower,0,2,22,0,24,0,0,69,0,69,0,2,91,0,93,124,0,124,217
10/02/2010,OSH,WI,AGL,CE,Federal Contract Tower,0,2,7,0,9,0,0,49,0,49,0,2,56,0,58,30,0,30,88
10/03/2010,OSH,WI,AGL,CE,Federal Contract Tower,0,0,2,0,2,0,0,95,0,95,0,0,97,0,97,212,0,212,309
10/04/2010,OSH,WI,AGL,CE,Federal Contract Tower,0,3,10,0,13,0,1,65,0,66,0,4,75,0,79,92,0,92,171
10/05/2010,OSH,WI,AGL,CE,Federal Contract Tower,0,1,14,0,15,0,1,111,0,112,0,2,125,0,127,112,0,112,239
10/06/2010,OSH,WI,AGL,CE,Federal Contract Tower,0,6,20,0,26,0,1,61,0,62,0,7,81,0,88,82,0,82,170
10/07/2010,OSH,WI,AGL,CE,Federal Contract Tower,0,6,15,0,21,0,0,118,2,120,0,6,133,2,141,134,0,134,275
10/08/2010,OSH,WI,AGL,CE,Federal Contract Tower,0,2,25,0,27,0,0,122,0,122,0,2,147,0,149,220,0,220,369
10/09/2010,OSH,WI,AGL,CE,Federal Contract Tower,0,2,0,0,2,0,0,82,0,82,0,2,82,0,84,250,0,250,334
10/10/2010,OSH,WI,AGL,CE,Federal Contract Tower,0,0,6,0,6,0,0,102,0,102,0,0,108,0,108,254,0,254,362
10/11/2010,OSH,WI,AGL,CE,Federal Contract Tower,0,2,9,0,11,0,0,33,0,33,0,2,42,0,44,54,0,54,98
10/12/2010,OSH,WI,AGL,CE,Federal Contract Tower,0,3,7,0,10,0,0,64,0,64,0,3,71,0,74,102,0,102,176
10/13/2010,OSH,WI,AGL,CE,Federal Contract Tower,0,4,14,0,18,0,1,56,0,57,0,5,70,0,75,92,0,92,167
10/14/2010,OSH,WI,AGL,CE,Federal Contract Tower,0,1,7,0,8,0,0,64,0,64,0,1,71,0,72,88,0,88,160
10/15/2010,OSH,WI,AGL,CE,Federal Contract Tower,0,3,14,0,17,0,0,107,0,107,0,3,121,0,124,90,0,90,214
10/16/2010,OSH,WI,AGL,CE,Federal Contract Tower,0,2,3,0,5,0,0,99,0,99,0,2,102,0,104,44,0,44,148
10/17/2010,OSH,WI,AGL,CE,Federal Contract Tower,0,0,3,0,3,0,0,94,0,94,0,0,97,0,97,80,0,80,177
10/18/2010,OSH,WI,AGL,CE,Federal Contract Tower,0,1,12,0,13,0,0,75,0,75,0,1,87,0,88,60,0,60,148
10/19/2010,OSH,WI,AGL,CE,Federal Contract Tower,0,2,8,0,10,0,0,73,0,73,0,2,81,0,83,120,0,120,203
10/20/2010,OSH,WI,AGL,CE,Federal Contract Tower,0,2,10,0,12,0,7,23,0,30,0,9,33,0,42,72,0,72,114
10/21/2010,OSH,WI,AGL,CE,Federal Contract Tower,0,1,16,0,17,0,2,41,2,45,0,3,57,2,62,66,6,72,134
10/22/2010,OSH,WI,AGL,CE,Federal Contract Tower,0,2,11,0,13,0,0,72,0,72,0,2,83,0,85,93,0,93,178
10/23/2010,OSH,WI,AGL,CE,Federal Contract Tower,0,3,12,0,15,0,0,2,0,2,0,3,14,0,17,0,0,0,17
10/24/2010,OSH,WI,AGL,CE,Federal Contract Tower,0,0,13,0,13,0,0,6,0,6,0,0,19,0,19,18,0,18,37
10/25/2010,OSH,WI,AGL,CE,Federal Contract Tower,0,4,18,0,22,0,0,19,0,19,0,4,37,0,41,76,0,76,117
10/26/2010,OSH,WI,AGL,CE,Federal Contract Tower,0,2,1,0,3,0,1,0,0,1,0,3,1,0,4,0,0,0,4
10/27/2010,OSH,WI,AGL,CE,Federal Contract Tower,0,1,8,0,9,0,2,2,0,4,0,3,10,0,13,0,0,0,13
10/28/2010,OSH,WI,AGL,CE,Federal Contract Tower,0,2,14,0,16,0,0,9,0,9,0,2,23,0,25,0,0,0,25
10/29/2010,OSH,WI,AGL,CE,Federal Contract Tower,0,1,21,0,22,0,0,102,0,102,0,1,123,0,124,94,0,94,218
10/30/2010,OSH,WI,AGL,CE,Federal Contract Tower,0,2,14,0,16,0,0,96,0,96,0,2,110,0,112,76,0,76,188
10/31/2010,OSH,WI,AGL,CE,Federal Contract Tower,0,0,0,0,0,0,0,74,0,74,0,0,74,0,74,76,0,76,150
11/01/2010,OSH,WI,AGL,CE,Federal Contract Tower,0,1,8,0,9,0,0,60,0,60,0,1,68,0,69,138,0,138,207
11/02/2010,OSH,WI,AGL,CE,Federal Contract Tower,0,1,17,0,18,0,2,69,2,73,0,3,86,2,91,72,10,82,173
11/03/2010,OSH,WI,AGL,CE,Federal Contract Tower,0,2,15,0,17,0,1,63,0,64,0,3,78,0,81,62,0,62,143
11/04/2010,OSH,WI,AGL,CE,Federal Contract Tower,0,1,14,0,15,0,1,38,0,39,0,2,52,0,54,60,0,60,114
11/05/2010,OSH,WI,AGL,CE,Federal Contract Tower,0,0,6,0,6,0,0,61,0,61,0,0,67,0,67,48,0,48,115
11/06/2010,OSH,WI,AGL,CE,Federal Contract Tower,0,3,4,0,7,0,0,82,0,82,0,3,86,0,89,84,0,84,173
11/07/2010,OSH,WI,AGL,CE,Federal Contract Tower,0,0,13,1,14,0,0,58,1,59,0,0,71,2,73,24,0,24,97
11/08/2010,OSH,WI,AGL,CE,Federal Contract Tower,0,3,11,0,14,0,0,66,0,66,0,3,77,0,80,72,0,72,152
11/09/2010,OSH,WI,AGL,CE,Federal Contract Tower,0,2,14,0,16,0,2,82,0,84,0,4,96,0,100,94,0,94,194
11/10/2010,OSH,WI,AGL,CE,Federal Contract Tower,0,5,7,2,14,0,0,57,0,57,0,5,64,2,71,86,0,86,157
11/11/2010,OSH,WI,AGL,CE,Federal Contract Tower,0,0,18,0,18,0,2,59,0,61,0,2,77,0,79,102,0,102,181
11/12/2010,OSH,WI,AGL,CE,Federal Contract Tower,0,1,14,0,15,0,0,26,0,26,0,1,40,0,41,20,0,20,61
11/13/2010,OSH,WI,AGL,CE,Federal Contract Tower,0,2,6,0,8,0,0,0,0,0,0,2,6,0,8,0,0,0,8
11/14/2010,OSH,WI,AGL,CE,Federal Contract Tower,0,0,4,0,4,0,0,7,0,7,0,0,11,0,11,48,0,48,59
11/15/2010,OSH,WI,AGL,CE,Federal Contract Tower,0,1,13,0,14,0,0,62,0,62,0,1,75,0,76,76,0,76,152
11/16/2010,OSH,WI,AGL,CE,Federal Contract Tower,0,3,9,2,14,0,0,57,9,66,0,3,66,11,80,172,0,172,252
11/17/2010,OSH,WI,AGL,CE,Federal Contract Tower,0,3,20,0,23,0,2,24,0,26,0,5,44,0,49,56,0,56,105
11/18/2010,OSH,WI,AGL,CE,Federal Contract Tower,0,4,17,0,21,0,1,79,0,80,0,5,96,0,101,156,0,156,257
11/19/2010,OSH,WI,AGL,CE,Federal Contract Tower,0,2,7,0,9,0,1,15,0,16,0,3,22,0,25,42,0,42,67
11/20/2010,OSH,WI,AGL,CE,Federal Contract Tower,0,3,8,0,11,0,0,69,0,69,0,3,77,0,80,144,0,144,224
11/21/2010,OSH,WI,AGL,CE,Federal Contract Tower,0,0,7,0,7,0,0,0,0,0,0,0,7,0,7,0,0,0,7
11/22/2010,OSH,WI,AGL,CE,Federal Contract Tower,0,1,8,0,9,0,0,1,0,1,0,1,9,0,10,10,0,10,20
11/23/2010,OSH,WI,AGL,CE,Federal Contract Tower,0,1,13,0,14,0,0,55,0,55,0,1,68,0,69,70,0,70,139
11/24/2010,OSH,WI,AGL,CE,Federal Contract Tower,0,3,3,0,6,0,0,7,0,7,0,3,10,0,13,30,0,30,43
11/25/2010,OSH,WI,AGL,CE,Federal Contract Tower,0,0,2,0,2,0,0,5,0,5,0,0,7,0,7,0,0,0,7
11/26/2010,OSH,WI,AGL,CE,Federal Contract Tower,0,1,0,0,1,0,0,17,0,17,0,1,17,0,18,8,0,8,26
11/27/2010,OSH,WI,AGL,CE,Federal Contract Tower,0,2,7,0,9,0,0,61,0,61,0,2,68,0,70,88,0,88,158
11/28/2010,OSH,WI,AGL,CE,Federal Contract Tower,0,0,9,0,9,0,0,39,0,39,0,0,48,0,48,36,0,36,84
11/29/2010,OSH,WI,AGL,CE,Federal Contract Tower,0,1,5,0,6,0,0,30,0,30,0,1,35,0,36,38,0,38,74
11/30/2010,OSH,WI,AGL,CE,Federal Contract Tower,0,3,2,0,5,0,0,0,0,0,0,3,2,0,5,0,0,0,5
12/01/2010,OSH,WI,AGL,CE,Federal Contract Tower,0,2,5,0,7,0,1,7,0,8,0,3,12,0,15,36,0,36,51
12/02/2010,OSH,WI,AGL,CE,Federal Contract Tower,0,3,12,0,15,0,0,58,0,58,0,3,70,0,73,130,0,130,203
12/03/2010,OSH,WI,AGL,CE,Federal Contract Tower,0,1,4,4,9,0,0,58,0,58,0,1,62,4,67,120,0,120,187
12/04/2010,OSH,WI,AGL,CE,Federal Contract Tower,0,3,3,0,6,0,0,22,2,24,0,3,25,2,30,42,0,42,72
12/05/2010,OSH,WI,AGL,CE,Federal Contract Tower,0,0,2,0,2,0,0,21,0,21,0,0,23,0,23,108,0,108,131
12/06/2010,OSH,WI,AGL,CE,Federal Contract Tower,0,1,7,0,8,0,2,38,0,40,0,3,45,0,48,32,0,32,80
12/07/2010,OSH,WI,AGL,CE,Federal Contract Tower,0,1,3,0,4,0,2,58,2,62,0,3,61,2,66,122,8,130,196
12/08/2010,OSH,WI,AGL,CE,Federal Contract Tower,0,1,13,0,14,0,2,69,0,71,0,3,82,0,85,80,0,80,165
12/09/2010,OSH,WI,AGL,CE,Federal Contract Tower,0,3,18,0,21,0,0,16,0,16,0,3,34,0,37,14,0,14,51
12/10/2010,OSH,WI,AGL,CE,Federal Contract Tower,0,5,10,0,15,0,0,33,0,33,0,5,43,0,48,70,0,70,118
12/11/2010,OSH,WI,AGL,CE,Federal Contract Tower,0,3,0,0,3,0,0,0,0,0,0,3,0,0,3,0,0,0,3
12/12/2010,OSH,WI,AGL,CE,Federal Contract Tower,0,0,0,0,0,0,0,0,0,0,0,0,0,0,0,0,0,0,0
12/13/2010,OSH,WI,AGL,CE,Federal Contract Tower,0,1,14,0,15,0,0,42,0,42,0,1,56,0,57,102,0,102,159
12/14/2010,OSH,WI,AGL,CE,Federal Contract Tower,0,4,20,0,24,0,0,46,0,46,0,4,66,0,70,68,0,68,138
12/15/2010,OSH,WI,AGL,CE,Federal Contract Tower,0,2,9,0,11,0,1,51,0,52,0,3,60,0,63,82,0,82,145
12/16/2010,OSH,WI,AGL,CE,Federal Contract Tower,0,2,11,0,13,0,1,34,4,39,0,3,45,4,52,34,0,34,86
12/17/2010,OSH,WI,AGL,CE,Federal Contract Tower,0,1,8,0,9,0,0,45,0,45,0,1,53,0,54,68,0,68,122
12/18/2010,OSH,WI,AGL,CE,Federal Contract Tower,0,2,3,0,5,0,0,23,0,23,0,2,26,0,28,38,0,38,66
12/19/2010,OSH,WI,AGL,CE,Federal Contract Tower,0,0,1,0,1,0,12,58,0,70,0,12,59,0,71,102,0,102,173
12/20/2010,OSH,WI,AGL,CE,Federal Contract Tower,0,1,5,0,6,0,6,27,0,33,0,7,32,0,39,18,0,18,57
12/21/2010,OSH,WI,AGL,CE,Federal Contract Tower,0,2,11,0,13,0,0,0,0,0,0,2,11,0,13,0,0,0,13
12/22/2010,OSH,WI,AGL,CE,Federal Contract Tower,0,3,5,0,8,0,6,36,2,44,0,9,41,2,52,28,0,28,80
12/23/2010,OSH,WI,AGL,CE,Federal Contract Tower,0,3,4,0,7,0,1,24,0,25,0,4,28,0,32,56,0,56,88
12/24/2010,OSH,WI,AGL,CE,Federal Contract Tower,0,2,0,0,2,0,0,11,0,11,0,2,11,0,13,0,0,0,13
12/25/2010,OSH,WI,AGL,CE,Federal Contract Tower,0,0,1,0,1,0,0,0,0,0,0,0,1,0,1,0,0,0,1
12/26/2010,OSH,WI,AGL,CE,Federal Contract Tower,0,0,3,0,3,0,1,5,0,6,0,1,8,0,9,0,0,0,9
12/27/2010,OSH,WI,AGL,CE,Federal Contract Tower,0,1,5,0,6,0,0,40,0,40,0,1,45,0,46,30,0,30,76
12/28/2010,OSH,WI,AGL,CE,Federal Contract Tower,0,3,11,0,14,0,5,33,0,38,0,8,44,0,52,62,0,62,114
12/29/2010,OSH,WI,AGL,CE,Federal Contract Tower,0,1,1,0,2,0,0,38,0,38,0,1,39,0,40,50,0,50,90
12/30/2010,OSH,WI,AGL,CE,Federal Contract Tower,0,5,1,0,6,0,0,0,0,0,0,5,1,0,6,0,0,0,6
12/31/2010,OSH,WI,AGL,CE,Federal Contract Tower,0,1,3,0,4,0,0,0,0,0,0,1,3,0,4,0,0,0,4
01/01/2011,OSH,WI,AGL,CE,Federal Contract Tower,0,0,0,0,0,0,0,0,0,0,0,0,0,0,0,0,0,0,0
01/02/2011,OSH,WI,AGL,CE,Federal Contract Tower,0,2,1,0,3,0,0,73,0,73,0,2,74,0,76,98,0,98,174
01/03/2011,OSH,WI,AGL,CE,Federal Contract Tower,0,2,3,0,5,0,0,38,0,38,0,2,41,0,43,945,0,945,988
01/04/2011,OSH,WI,AGL,CE,Federal Contract Tower,0,2,8,0,10,0,0,62,0,62,0,2,70,0,72,62,0,62,134
01/05/2011,OSH,WI,AGL,CE,Federal Contract Tower,0,2,6,0,8,0,1,23,2,26,0,3,29,2,34,28,8,36,70
01/06/2011,OSH,WI,AGL,CE,Federal Contract Tower,0,6,13,0,19,0,0,32,0,32,0,6,45,0,51,102,0,102,153
01/07/2011,OSH,WI,AGL,CE,Federal Contract Tower,0,1,7,0,8,0,0,8,0,8,0,1,15,0,16,0,0,0,16
01/08/2011,OSH,WI,AGL,CE,Federal Contract Tower,0,3,5,0,8,0,0,28,0,28,0,3,33,0,36,14,0,14,50
01/09/2011,OSH,WI,AGL,CE,Federal Contract Tower,0,1,4,0,5,0,0,89,0,89,0,1,93,0,94,96,0,96,190
01/10/2011,OSH,WI,AGL,CE,Federal Contract Tower,0,1,5,0,6,0,0,36,0,36,0,1,41,0,42,68,0,68,110
01/11/2011,OSH,WI,AGL,CE,Federal Contract Tower,0,8,3,0,11,0,0,2,0,2,0,8,5,0,13,4,0,4,17
01/12/2011,OSH,WI,AGL,CE,Federal Contract Tower,0,4,4,0,8,0,0,35,0,35,0,4,39,0,43,48,0,48,91
01/13/2011,OSH,WI,AGL,CE,Federal Contract Tower,0,3,6,0,9,0,0,76,0,76,0,3,82,0,85,90,0,90,175
01/14/2011,OSH,WI,AGL,CE,Federal Contract Tower,0,4,11,0,15,0,0,32,0,32,0,4,43,0,47,46,0,46,93
01/15/2011,OSH,WI,AGL,CE,Federal Contract Tower,0,2,0,0,2,0,0,13,0,13,0,2,13,0,15,10,0,10,25
01/16/2011,OSH,WI,AGL,CE,Federal Contract Tower,0,0,6,0,6,0,0,26,0,26,0,0,32,0,32,48,0,48,80
01/17/2011,OSH,WI,AGL,CE,Federal Contract Tower,0,0,4,4,8,0,0,0,0,0,0,0,4,4,8,0,0,0,8
01/18/2011,OSH,WI,AGL,CE,Federal Contract Tower,0,4,5,0,9,0,0,15,0,15,0,4,20,0,24,20,0,20,44
01/19/2011,OSH,WI,AGL,CE,Federal Contract Tower,0,2,11,0,13,0,1,49,0,50,0,3,60,0,63,44,0,44,107
01/20/2011,OSH,WI,AGL,CE,Federal Contract Tower,0,1,7,0,8,0,2,30,0,32,0,3,37,0,40,24,0,24,64
01/21/2011,OSH,WI,AGL,CE,Federal Contract Tower,0,1,8,0,9,0,0,36,0,36,0,1,44,0,45,2,0,2,47
01/22/2011,OSH,WI,AGL,CE,Federal Contract Tower,0,3,2,0,5,0,0,54,0,54,0,3,56,0,59,78,0,78,137
01/23/2011,OSH,WI,AGL,CE,Federal Contract Tower,0,1,2,0,3,0,0,0,9,9,0,1,2,9,12,6,0,6,18
01/24/2011,OSH,WI,AGL,CE,Federal Contract Tower,0,1,4,0,5,0,0,2,0,2,0,1,6,0,7,6,0,6,13
01/25/2011,OSH,WI,AGL,CE,Federal Contract Tower,0,3,9,0,12,0,3,11,0,14,0,6,20,0,26,50,0,50,76
01/26/2011,OSH,WI,AGL,CE,Federal Contract Tower,0,3,17,0,20,0,0,6,0,6,0,3,23,0,26,48,0,48,74
01/27/2011,OSH,WI,AGL,CE,Federal Contract Tower,0,1,8,0,9,0,0,22,0,22,0,1,30,0,31,124,0,124,155
01/28/2011,OSH,WI,AGL,CE,Federal Contract Tower,0,1,6,0,7,0,0,51,0,51,0,1,57,0,58,52,0,52,110
01/29/2011,OSH,WI,AGL,CE,Federal Contract Tower,0,5,0,0,5,0,0,9,0,9,0,5,9,0,14,26,0,26,40
01/30/2011,OSH,WI,AGL,CE,Federal Contract Tower,0,0,3,0,3,0,0,73,0,73,0,0,76,0,76,46,0,46,122
01/31/2011,OSH,WI,AGL,CE,Federal Contract Tower,0,6,12,0,18,0,0,0,0,0,0,6,12,0,18,0,0,0,18
02/01/2011,OSH,WI,AGL,CE,Federal Contract Tower,0,5,9,0,14,0,0,0,0,0,0,5,9,0,14,0,0,0,14
02/02/2011,OSH,WI,AGL,CE,Federal Contract Tower,0,3,7,0,10,0,0,10,0,10,0,3,17,0,20,16,0,16,36
02/03/2011,OSH,WI,AGL,CE,Federal Contract Tower,0,1,9,0,10,0,1,21,0,22,0,2,30,0,32,24,0,24,56
02/04/2011,OSH,WI,AGL,CE,Federal Contract Tower,0,2,5,0,7,0,5,51,4,60,0,7,56,4,67,38,0,38,105
02/05/2011,OSH,WI,AGL,CE,Federal Contract Tower,0,2,6,0,8,0,0,0,0,0,0,2,6,0,8,0,0,0,8
02/06/2011,OSH,WI,AGL,CE,Federal Contract Tower,0,0,1,0,1,0,0,0,0,0,0,0,1,0,1,0,0,0,1
02/07/2011,OSH,WI,AGL,CE,Federal Contract Tower,0,2,9,0,11,0,0,7,0,7,0,2,16,0,18,6,0,6,24
02/08/2011,OSH,WI,AGL,CE,Federal Contract Tower,0,4,3,0,7,0,2,43,0,45,0,6,46,0,52,60,0,60,112
02/09/2011,OSH,WI,AGL,CE,Federal Contract Tower,0,2,9,0,11,0,2,46,2,50,0,4,55,2,61,18,2,20,81
02/10/2011,OSH,WI,AGL,CE,Federal Contract Tower,0,1,7,0,8,0,1,65,0,66,0,2,72,0,74,0,0,0,74
02/11/2011,OSH,WI,AGL,CE,Federal Contract Tower,0,3,7,0,10,0,0,64,0,64,0,3,71,0,74,22,0,22,96
02/12/2011,OSH,WI,AGL,CE,Federal Contract Tower,0,4,5,0,9,0,0,49,0,49,0,4,54,0,58,68,0,68,126
02/13/2011,OSH,WI,AGL,CE,Federal Contract Tower,0,0,6,0,6,0,0,40,0,40,0,0,46,0,46,34,0,34,80
02/14/2011,OSH,WI,AGL,CE,Federal Contract Tower,0,2,12,0,14,0,0,74,0,74,0,2,86,0,88,128,0,128,216
02/15/2011,OSH,WI,AGL,CE,Federal Contract Tower,0,2,11,3,16,0,9,76,1,86,0,11,87,4,102,110,0,110,212
02/16/2011,OSH,WI,AGL,CE,Federal Contract Tower,0,4,24,0,28,0,1,29,0,30,0,5,53,0,58,40,0,40,98
02/17/2011,OSH,WI,AGL,CE,Federal Contract Tower,0,1,6,0,7,0,0,0,0,0,0,1,6,0,7,0,0,0,7
02/18/2011,OSH,WI,AGL,CE,Federal Contract Tower,0,1,8,0,9,0,12,2,0,14,0,13,10,0,23,6,0,6,29
02/19/2011,OSH,WI,AGL,CE,Federal Contract Tower,0,2,3,0,5,0,0,124,0,124,0,2,127,0,129,210,0,210,339
02/20/2011,OSH,WI,AGL,CE,Federal Contract Tower,0,0,2,0,2,0,0,0,0,0,0,0,2,0,2,0,0,0,2
02/21/2011,OSH,WI,AGL,CE,Federal Contract Tower,0,1,5,0,6,0,0,0,0,0,0,1,5,0,6,0,0,0,6
02/22/2011,OSH,WI,AGL,CE,Federal Contract Tower,0,3,14,0,17,0,0,49,0,49,0,3,63,0,66,78,0,78,144
02/23/2011,OSH,WI,AGL,CE,Federal Contract Tower,0,3,16,0,19,0,0,11,0,11,0,3,27,0,30,34,0,34,64
02/24/2011,OSH,WI,AGL,CE,Federal Contract Tower,0,5,12,0,17,0,0,37,4,41,0,5,49,4,58,90,10,100,158
02/25/2011,OSH,WI,AGL,CE,Federal Contract Tower,0,0,11,0,11,0,0,45,0,45,0,0,56,0,56,80,0,80,136
02/26/2011,OSH,WI,AGL,CE,Federal Contract Tower,0,2,1,0,3,0,0,12,0,12,0,2,13,0,15,20,0,20,35
02/27/2011,OSH,WI,AGL,CE,Federal Contract Tower,0,0,6,0,6,0,0,8,0,8,0,0,14,0,14,34,0,34,48
02/28/2011,OSH,WI,AGL,CE,Federal Contract Tower,0,1,8,0,9,0,0,64,0,64,0,1,72,0,73,104,0,104,177
03/01/2011,OSH,WI,AGL,CE,Federal Contract Tower,0,1,12,0,13,0,0,44,0,44,0,1,56,0,57,36,0,36,93
03/02/2011,OSH,WI,AGL,CE,Federal Contract Tower,0,5,16,0,21,0,0,88,2,90,0,5,104,2,111,160,0,160,271
03/03/2011,OSH,WI,AGL,CE,Federal Contract Tower,0,4,11,0,15,0,1,58,0,59,0,5,69,0,74,70,0,70,144
03/04/2011,OSH,WI,AGL,CE,Federal Contract Tower,0,1,16,0,17,0,0,0,0,0,0,1,16,0,17,0,0,0,17
03/05/2011,OSH,WI,AGL,CE,Federal Contract Tower,0,4,4,0,8,0,0,12,0,12,0,4,16,0,20,32,0,32,52
03/06/2011,OSH,WI,AGL,CE,Federal Contract Tower,0,0,3,0,3,0,0,58,0,58,0,0,61,0,61,36,0,36,97
03/07/2011,OSH,WI,AGL,CE,Federal Contract Tower,0,3,3,0,6,0,0,45,0,45,0,3,48,0,51,256,0,256,307
03/08/2011,OSH,WI,AGL,CE,Federal Contract Tower,0,3,11,0,14,0,0,11,0,11,0,3,22,0,25,56,0,56,81
03/09/2011,OSH,WI,AGL,CE,Federal Contract Tower,0,2,10,0,12,0,0,0,0,0,0,2,10,0,12,0,0,0,12
03/10/2011,OSH,WI,AGL,CE,Federal Contract Tower,0,3,17,0,20,0,2,57,0,59,0,5,74,0,79,104,0,104,183
03/11/2011,OSH,WI,AGL,CE,Federal Contract Tower,0,1,12,0,13,0,0,101,0,101,0,1,113,0,114,156,0,156,270
03/12/2011,OSH,WI,AGL,CE,Federal Contract Tower,0,2,6,0,8,0,0,9,0,9,0,2,15,0,17,42,0,42,59
03/13/2011,OSH,WI,AGL,CE,Federal Contract Tower,0,0,6,0,6,0,0,61,0,61,0,0,67,0,67,124,0,124,191
03/14/2011,OSH,WI,AGL,CE,Federal Contract Tower,0,3,13,0,16,0,0,79,0,79,0,3,92,0,95,124,0,124,219
03/15/2011,OSH,WI,AGL,CE,Federal Contract Tower,0,1,16,0,17,0,1,89,0,90,0,2,105,0,107,92,0,92,199
03/16/2011,OSH,WI,AGL,CE,Federal Contract Tower,0,0,14,0,14,0,1,104,0,105,0,1,118,0,119,126,0,126,245
03/17/2011,OSH,WI,AGL,CE,Federal Contract Tower,0,1,24,0,25,0,0,34,0,34,0,1,58,0,59,36,0,36,95
03/18/2011,OSH,WI,AGL,CE,Federal Contract Tower,0,1,9,0,10,0,0,26,2,28,0,1,35,2,38,24,16,40,78
03/19/2011,OSH,WI,AGL,CE,Federal Contract Tower,0,4,5,0,9,0,0,76,0,76,0,4,81,0,85,48,0,48,133
03/20/2011,OSH,WI,AGL,CE,Federal Contract Tower,0,0,11,0,11,0,0,1,0,1,0,0,12,0,12,0,0,0,12
03/21/2011,OSH,WI,AGL,CE,Federal Contract Tower,0,1,22,2,25,0,0,15,0,15,0,1,37,2,40,84,0,84,124
03/22/2011,OSH,WI,AGL,CE,Federal Contract Tower,0,3,8,0,11,0,0,4,0,4,0,3,12,0,15,10,0,10,25
03/23/2011,OSH,WI,AGL,CE,Federal Contract Tower,0,2,7,0,9,0,0,0,0,0,0,2,7,0,9,0,0,0,9
03/24/2011,OSH,WI,AGL,CE,Federal Contract Tower,0,1,14,0,15,0,0,92,0,92,0,1,106,0,107,140,0,140,247
03/25/2011,OSH,WI,AGL,CE,Federal Contract Tower,0,2,15,0,17,0,0,82,0,82,0,2,97,0,99,174,0,174,273
03/26/2011,OSH,WI,AGL,CE,Federal Contract Tower,0,2,5,0,7,0,0,62,0,62,0,2,67,0,69,0,0,0,69
03/27/2011,OSH,WI,AGL,CE,Federal Contract Tower,0,0,7,0,7,0,0,47,0,47,0,0,54,0,54,47,0,47,101
03/28/2011,OSH,WI,AGL,CE,Federal Contract Tower,0,4,17,0,21,0,3,88,0,91,0,7,105,0,112,92,0,92,204
03/29/2011,OSH,WI,AGL,CE,Federal Contract Tower,0,2,12,0,14,0,0,87,0,87,0,2,99,0,101,127,0,127,228
03/30/2011,OSH,WI,AGL,CE,Federal Contract Tower,0,2,6,0,8,0,1,82,0,83,0,3,88,0,91,158,0,158,249
03/31/2011,OSH,WI,AGL,CE,Federal Contract Tower,0,2,8,0,10,0,2,62,0,64,0,4,70,0,74,138,0,138,212
04/01/2011,OSH,WI,AGL,CE,Federal Contract Tower,0,1,14,0,15,0,0,26,0,26,0,1,40,0,41,42,0,42,83
04/02/2011,OSH,WI,AGL,CE,Federal Contract Tower,0,2,9,1,12,0,0,94,4,98,0,2,103,5,110,40,0,40,150
04/03/2011,OSH,WI,AGL,CE,Federal Contract Tower,0,1,9,0,10,0,0,0,0,0,0,1,9,0,10,0,0,0,10
04/04/2011,OSH,WI,AGL,CE,Federal Contract Tower,0,1,9,0,10,0,0,0,0,0,0,1,9,0,10,0,0,0,10
04/05/2011,OSH,WI,AGL,CE,Federal Contract Tower,2,16,0,0,18,0,0,82,0,82,2,16,82,0,100,104,0,104,204
04/06/2011,OSH,WI,AGL,CE,Federal Contract Tower,0,4,10,1,15,0,0,94,4,98,0,4,104,5,113,40,0,40,153
04/07/2011,OSH,WI,AGL,CE,Federal Contract Tower,0,1,7,0,8,0,0,38,0,38,0,1,45,0,46,84,0,84,130
04/08/2011,OSH,WI,AGL,CE,Federal Contract Tower,0,3,22,0,25,0,0,38,0,38,0,3,60,0,63,64,0,64,127
04/09/2011,OSH,WI,AGL,CE,Federal Contract Tower,0,2,5,0,7,0,0,13,0,13,0,2,18,0,20,56,0,56,76
04/10/2011,OSH,WI,AGL,CE,Federal Contract Tower,0,1,2,0,3,0,0,9,0,9,0,1,11,0,12,14,0,14,26
04/11/2011,OSH,WI,AGL,CE,Federal Contract Tower,0,2,15,0,17,0,0,18,0,18,0,2,33,0,35,16,0,16,51
04/12/2011,OSH,WI,AGL,CE,Federal Contract Tower,0,2,14,0,16,0,2,95,0,97,0,4,109,0,113,150,0,150,263
04/13/2011,OSH,WI,AGL,CE,Federal Contract Tower,0,1,11,0,12,0,0,69,4,73,0,1,80,4,85,132,0,132,217
04/14/2011,OSH,WI,AGL,CE,Federal Contract Tower,0,2,9,0,11,0,0,10,0,10,0,2,19,0,21,40,0,40,61
04/15/2011,OSH,WI,AGL,CE,Federal Contract Tower,0,3,2,0,5,0,5,31,0,36,0,8,33,0,41,0,0,0,41
04/16/2011,OSH,WI,AGL,CE,Federal Contract Tower,0,2,1,0,3,0,0,0,0,0,0,2,1,0,3,0,0,0,3
04/17/2011,OSH,WI,AGL,CE,Federal Contract Tower,0,0,0,0,0,0,0,12,0,12,0,0,12,0,12,8,0,8,20
04/18/2011,OSH,WI,AGL,CE,Federal Contract Tower,0,2,7,0,9,0,0,51,0,51,0,2,58,0,60,102,0,102,162
04/19/2011,OSH,WI,AGL,CE,Federal Contract Tower,0,3,4,0,7,0,1,0,0,1,0,4,4,0,8,0,0,0,8
04/20/2011,OSH,WI,AGL,CE,Federal Contract Tower,0,3,7,0,10,0,0,0,0,0,0,3,7,0,10,0,0,0,10
04/21/2011,OSH,WI,AGL,CE,Federal Contract Tower,0,2,22,0,24,0,1,78,0,79,0,3,100,0,103,126,0,126,229
04/22/2011,OSH,WI,AGL,CE,Federal Contract Tower,0,1,5,0,6,0,0,1,0,1,0,1,6,0,7,0,0,0,7
04/23/2011,OSH,WI,AGL,CE,Federal Contract Tower,0,2,3,0,5,0,0,32,0,32,0,2,35,0,37,66,0,66,103
04/24/2011,OSH,WI,AGL,CE,Federal Contract Tower,0,0,3,0,3,0,0,27,0,27,0,0,30,0,30,52,0,52,82
04/25/2011,OSH,WI,AGL,CE,Federal Contract Tower,0,1,8,0,9,0,0,96,0,96,0,1,104,0,105,212,0,212,317
04/26/2011,OSH,WI,AGL,CE,Federal Contract Tower,0,2,21,0,23,0,0,0,0,0,0,2,21,0,23,0,0,0,23
04/27/2011,OSH,WI,AGL,CE,Federal Contract Tower,0,1,13,0,14,0,1,21,0,22,0,2,34,0,36,86,0,86,122
04/28/2011,OSH,WI,AGL,CE,Federal Contract Tower,0,1,12,0,13,0,0,9,0,9,0,1,21,0,22,56,0,56,78
04/29/2011,OSH,WI,AGL,CE,Federal Contract Tower,0,1,18,0,19,0,0,143,0,143,0,1,161,0,162,122,0,122,284
04/30/2011,OSH,WI,AGL,CE,Federal Contract Tower,0,5,7,0,12,0,0,6,0,6,0,5,13,0,18,22,0,22,40
05/01/2011,OSH,WI,AGL,CE,Federal Contract Tower,0,2,5,0,7,0,0,20,0,20,0,2,25,0,27,22,0,22,49
05/02/2011,OSH,WI,AGL,CE,Federal Contract Tower,0,1,7,0,8,0,2,49,0,51,0,3,56,0,59,106,0,106,165
05/03/2011,OSH,WI,AGL,CE,Federal Contract Tower,0,2,25,0,27,0,3,31,0,34,0,5,56,0,61,118,0,118,179
05/04/2011,OSH,WI,AGL,CE,Federal Contract Tower,0,1,23,0,24,0,1,137,0,138,0,2,160,0,162,190,0,190,352
05/05/2011,OSH,WI,AGL,CE,Federal Contract Tower,0,1,13,0,14,0,1,25,0,26,0,2,38,0,40,104,0,104,144
05/06/2011,OSH,WI,AGL,CE,Federal Contract Tower,0,0,24,0,24,0,2,99,0,101,0,2,123,0,125,102,0,102,227
05/07/2011,OSH,WI,AGL,CE,Federal Contract Tower,0,2,9,0,11,0,0,89,0,89,0,2,98,0,100,224,0,224,324
05/08/2011,OSH,WI,AGL,CE,Federal Contract Tower,0,0,9,0,9,0,0,64,0,64,0,0,73,0,73,138,0,138,211
05/09/2011,OSH,WI,AGL,CE,Federal Contract Tower,0,1,7,0,8,0,0,19,0,19,0,1,26,0,27,18,0,18,45
05/10/2011,OSH,WI,AGL,CE,Federal Contract Tower,0,4,37,0,41,0,0,22,2,24,0,4,59,2,65,108,12,120,185
05/11/2011,OSH,WI,AGL,CE,Federal Contract Tower,0,5,24,2,31,0,1,11,0,12,0,6,35,2,43,8,0,8,51
05/12/2011,OSH,WI,AGL,CE,Federal Contract Tower,0,3,10,0,13,0,0,34,0,34,0,3,44,0,47,80,0,80,127
05/13/2011,OSH,WI,AGL,CE,Federal Contract Tower,0,5,17,0,22,0,0,6,0,6,0,5,23,0,28,22,0,22,50
05/14/2011,OSH,WI,AGL,CE,Federal Contract Tower,0,0,11,0,11,0,0,1,0,1,0,0,12,0,12,0,0,0,12
05/15/2011,OSH,WI,AGL,CE,Federal Contract Tower,0,1,9,0,10,0,0,14,0,14,0,1,23,0,24,8,0,8,32
05/16/2011,OSH,WI,AGL,CE,Federal Contract Tower,0,0,20,0,20,0,0,96,0,96,0,0,116,0,116,148,0,148,264
05/17/2011,OSH,WI,AGL,CE,Federal Contract Tower,0,2,14,0,16,0,0,122,4,126,0,2,136,4,142,162,0,162,304
05/18/2011,OSH,WI,AGL,CE,Federal Contract Tower,0,2,19,0,21,0,0,65,0,65,0,2,84,0,86,134,0,134,220
05/19/2011,OSH,WI,AGL,CE,Federal Contract Tower,0,2,17,0,19,0,0,43,0,43,0,2,60,0,62,60,4,64,126
05/20/2011,OSH,WI,AGL,CE,Federal Contract Tower,0,0,16,0,16,0,0,93,0,93,0,0,109,0,109,152,0,152,261
05/21/2011,OSH,WI,AGL,CE,Federal Contract Tower,0,2,12,0,14,0,0,54,0,54,0,2,66,0,68,80,0,80,148
05/22/2011,OSH,WI,AGL,CE,Federal Contract Tower,0,0,12,0,12,0,0,13,0,13,0,0,25,0,25,32,0,32,57
05/23/2011,OSH,WI,AGL,CE,Federal Contract Tower,0,1,10,0,11,0,0,52,2,54,0,1,62,2,65,44,0,44,109
05/24/2011,OSH,WI,AGL,CE,Federal Contract Tower,0,2,17,2,21,0,0,31,0,31,0,2,48,2,52,42,0,42,94
05/25/2011,OSH,WI,AGL,CE,Federal Contract Tower,0,4,11,0,15,0,0,13,0,13,0,4,24,0,28,12,0,12,40
05/26/2011,OSH,WI,AGL,CE,Federal Contract Tower,0,2,10,0,12,0,1,26,0,27,0,3,36,0,39,14,0,14,53
05/27/2011,OSH,WI,AGL,CE,Federal Contract Tower,0,3,11,0,14,0,0,94,0,94,0,3,105,0,108,164,0,164,272
05/28/2011,OSH,WI,AGL,CE,Federal Contract Tower,0,2,8,0,10,0,0,18,0,18,0,2,26,0,28,74,0,74,102
05/29/2011,OSH,WI,AGL,CE,Federal Contract Tower,0,0,6,0,6,0,0,35,0,35,0,0,41,0,41,40,0,40,81
05/30/2011,OSH,WI,AGL,CE,Federal Contract Tower,0,2,11,0,13,0,0,41,0,41,0,2,52,0,54,74,0,74,128
05/31/2011,OSH,WI,AGL,CE,Federal Contract Tower,0,3,9,0,12,0,0,11,2,13,0,3,20,2,25,6,0,6,31
06/01/2011,OSH,WI,AGL,CE,Federal Contract Tower,0,2,12,0,14,0,0,30,0,30,0,2,42,0,44,6,0,6,50
06/02/2011,OSH,WI,AGL,CE,Federal Contract Tower,0,2,11,2,15,0,1,57,0,58,0,3,68,2,73,102,0,102,175
06/03/2011,OSH,WI,AGL,CE,Federal Contract Tower,0,0,7,0,7,0,1,51,0,52,0,1,58,0,59,94,0,94,153
06/04/2011,OSH,WI,AGL,CE,Federal Contract Tower,0,2,5,0,7,0,0,48,0,48,0,2,53,0,55,148,0,148,203
06/05/2011,OSH,WI,AGL,CE,Federal Contract Tower,0,0,16,0,16,0,0,84,0,84,0,0,100,0,100,96,0,96,196
06/06/2011,OSH,WI,AGL,CE,Federal Contract Tower,0,0,13,0,13,0,0,31,0,31,0,0,44,0,44,29,0,29,73
06/07/2011,OSH,WI,AGL,CE,Federal Contract Tower,0,1,9,0,10,0,0,44,0,44,0,1,53,0,54,62,0,62,116
06/08/2011,OSH,WI,AGL,CE,Federal Contract Tower,0,2,7,0,9,0,1,25,0,26,0,3,32,0,35,94,0,94,129
06/09/2011,OSH,WI,AGL,CE,Federal Contract Tower,0,2,26,0,28,0,1,64,0,65,0,3,90,0,93,128,0,128,221
06/10/2011,OSH,WI,AGL,CE,Federal Contract Tower,0,1,21,0,22,0,0,0,0,0,0,1,21,0,22,0,0,0,22
06/11/2011,OSH,WI,AGL,CE,Federal Contract Tower,0,2,19,0,21,0,0,27,0,27,0,2,46,0,48,44,0,44,92
06/12/2011,OSH,WI,AGL,CE,Federal Contract Tower,0,0,9,0,9,0,1,103,0,104,0,1,112,0,113,114,0,114,227
06/13/2011,OSH,WI,AGL,CE,Federal Contract Tower,0,2,18,0,20,0,0,143,0,143,0,2,161,0,163,270,0,270,433
06/14/2011,OSH,WI,AGL,CE,Federal Contract Tower,0,1,11,0,12,0,1,115,0,116,0,2,126,0,128,192,0,192,320
06/15/2011,OSH,WI,AGL,CE,Federal Contract Tower,0,7,14,0,21,0,0,13,0,13,0,7,27,0,34,40,0,40,74
06/16/2011,OSH,WI,AGL,CE,Federal Contract Tower,0,2,22,0,24,0,1,113,0,114,0,3,135,0,138,386,0,386,524
06/17/2011,OSH,WI,AGL,CE,Federal Contract Tower,0,2,17,0,19,0,0,189,0,189,0,2,206,0,208,568,0,568,776
06/18/2011,OSH,WI,AGL,CE,Federal Contract Tower,0,2,6,0,8,0,0,99,0,99,0,2,105,0,107,326,0,326,433
06/19/2011,OSH,WI,AGL,CE,Federal Contract Tower,0,0,13,0,13,0,0,2,0,2,0,0,15,0,15,8,0,8,23
06/20/2011,OSH,WI,AGL,CE,Federal Contract Tower,0,1,19,0,20,0,0,19,0,19,0,1,38,0,39,74,0,74,113
06/21/2011,OSH,WI,AGL,CE,Federal Contract Tower,0,6,9,0,15,0,0,0,0,0,0,6,9,0,15,0,0,0,15
06/22/2011,OSH,WI,AGL,CE,Federal Contract Tower,0,5,14,0,19,0,2,80,0,82,0,7,94,0,101,214,0,214,315
06/23/2011,OSH,WI,AGL,CE,Federal Contract Tower,0,6,10,0,16,0,0,2,0,2,0,6,12,0,18,1,0,1,19
06/24/2011,OSH,WI,AGL,CE,Federal Contract Tower,0,2,21,0,23,0,0,109,0,109,0,2,130,0,132,256,0,256,388
06/25/2011,OSH,WI,AGL,CE,Federal Contract Tower,0,4,15,0,19,0,0,157,0,157,0,4,172,0,176,322,0,322,498
06/26/2011,OSH,WI,AGL,CE,Federal Contract Tower,0,3,7,0,10,0,0,116,0,116,0,3,123,0,126,290,0,290,416
06/27/2011,OSH,WI,AGL,CE,Federal Contract Tower,0,7,13,0,20,0,0,42,0,42,0,7,55,0,62,188,0,188,250
06/28/2011,OSH,WI,AGL,CE,Federal Contract Tower,0,4,12,2,18,0,0,101,1,102,0,4,113,3,120,162,0,162,282
06/29/2011,OSH,WI,AGL,CE,Federal Contract Tower,0,1,16,0,17,0,1,134,2,137,0,2,150,2,154,277,8,285,439
06/30/2011,OSH,WI,AGL,CE,Federal Contract Tower,0,5,12,0,17,0,0,65,2,67,0,5,77,2,84,228,6,234,318
07/01/2011,OSH,WI,AGL,CE,Federal Contract Tower,0,2,13,0,15,0,0,56,1,57,0,2,69,1,72,114,0,114,186
07/02/2011,OSH,WI,AGL,CE,Federal Contract Tower,0,3,3,0,6,0,0,55,1,56,0,3,58,1,62,176,0,176,238
07/03/2011,OSH,WI,AGL,CE,Federal Contract Tower,0,0,3,0,3,0,0,60,0,60,0,0,63,0,63,194,0,194,257
07/04/2011,OSH,WI,AGL,CE,Federal Contract Tower,0,2,11,0,13,0,0,70,0,70,0,2,81,0,83,174,0,174,257
07/05/2011,OSH,WI,AGL,CE,Federal Contract Tower,0,7,14,0,21,0,1,40,0,41,0,8,54,0,62,104,0,104,166
07/06/2011,OSH,WI,AGL,CE,Federal Contract Tower,0,4,15,0,19,0,0,107,0,107,0,4,122,0,126,258,0,258,384
07/07/2011,OSH,WI,AGL,CE,Federal Contract Tower,0,3,24,0,27,0,2,143,0,145,0,5,167,0,172,282,10,292,464
07/08/2011,OSH,WI,AGL,CE,Federal Contract Tower,0,3,18,0,21,0,0,120,0,120,0,3,138,0,141,196,0,196,337
07/09/2011,OSH,WI,AGL,CE,Federal Contract Tower,0,3,6,0,9,0,0,86,2,88,0,3,92,2,97,174,4,178,275
07/10/2011,OSH,WI,AGL,CE,Federal Contract Tower,0,4,8,0,12,0,0,30,0,30,0,4,38,0,42,90,0,90,132
07/11/2011,OSH,WI,AGL,CE,Federal Contract Tower,0,3,5,0,8,0,0,50,0,50,0,3,55,0,58,200,0,200,258
07/12/2011,OSH,WI,AGL,CE,Federal Contract Tower,0,4,15,0,19,0,1,121,0,122,0,5,136,0,141,142,0,142,283
07/13/2011,OSH,WI,AGL,CE,Federal Contract Tower,0,1,16,0,17,0,1,172,0,173,0,2,188,0,190,316,0,316,506
07/14/2011,OSH,WI,AGL,CE,Federal Contract Tower,0,0,17,0,17,0,3,122,2,127,0,3,139,2,144,254,6,260,404
07/15/2011,OSH,WI,AGL,CE,Federal Contract Tower,0,2,19,1,22,0,1,79,0,80,0,3,98,1,102,208,0,208,310
07/16/2011,OSH,WI,AGL,CE,Federal Contract Tower,0,4,9,0,13,0,0,70,0,70,0,4,79,0,83,184,0,184,267
07/17/2011,OSH,WI,AGL,CE,Federal Contract Tower,0,1,14,0,15,0,0,85,0,85,0,1,99,0,100,292,0,292,392
07/18/2011,OSH,WI,AGL,CE,Federal Contract Tower,0,1,9,0,10,0,0,26,0,26,0,1,35,0,36,92,0,92,128
07/19/2011,OSH,WI,AGL,CE,Federal Contract Tower,0,2,16,0,18,0,0,100,2,102,0,2,116,2,120,206,0,206,326
07/20/2011,OSH,WI,AGL,CE,Federal Contract Tower,0,3,19,0,22,0,0,177,0,177,0,3,196,0,199,46,0,46,245
07/21/2011,OSH,WI,AGL,CE,Federal Contract Tower,0,2,40,1,43,0,0,302,0,302,0,2,342,1,345,40,0,40,385
07/22/2011,OSH,WI,AGL,CE,Federal Contract Tower,0,0,38,0,38,0,0,563,0,563,0,0,601,0,601,0,0,0,601
07/23/2011,OSH,WI,AGL,CE,Federal Contract Tower,0,0,62,0,62,0,0,1256,0,1256,0,0,1318,0,1318,0,0,0,1318
07/24/2011,OSH,WI,AGL,CE,Federal Contract Tower,0,0,100,0,100,0,0,2071,0,2071,0,0,2171,0,2171,0,0,0,2171
07/25/2011,OSH,WI,AGL,CE,Federal Contract Tower,0,0,40,0,40,0,0,1968,0,1968,0,0,2008,0,2008,0,0,0,2008
07/26/2011,OSH,WI,AGL,CE,Federal Contract Tower,0,0,102,0,102,0,0,2326,0,2326,0,0,2428,0,2428,0,0,0,2428
07/27/2011,OSH,WI,AGL,CE,Federal Contract Tower,0,0,148,0,148,0,0,1067,0,1067,0,0,1215,0,1215,0,0,0,1215
07/28/2011,OSH,WI,AGL,CE,Federal Contract Tower,0,0,147,0,147,0,0,1304,0,1304,0,0,1451,0,1451,0,0,0,1451
07/29/2011,OSH,WI,AGL,CE,Federal Contract Tower,0,0,118,0,118,0,0,2146,0,2146,0,0,2264,0,2264,0,0,0,2264
07/30/2011,OSH,WI,AGL,CE,Federal Contract Tower,0,0,77,0,77,0,0,2170,0,2170,0,0,2247,0,2247,0,0,0,2247
07/31/2011,OSH,WI,AGL,CE,Federal Contract Tower,0,0,83,0,83,0,0,1642,0,1642,0,0,1725,0,1725,0,0,0,1725
08/01/2011,OSH,WI,AGL,CE,Federal Contract Tower,0,0,64,1,65,0,1,647,0,648,0,1,711,1,713,46,0,46,759
08/02/2011,OSH,WI,AGL,CE,Federal Contract Tower,0,7,11,6,24,0,1,97,1,99,0,8,108,7,123,46,0,46,169
08/03/2011,OSH,WI,AGL,CE,Federal Contract Tower,0,1,11,0,12,0,1,187,0,188,0,2,198,0,200,134,0,134,334
08/04/2011,OSH,WI,AGL,CE,Federal Contract Tower,0,5,14,2,21,0,1,130,0,131,0,6,144,2,152,152,0,152,304
08/05/2011,OSH,WI,AGL,CE,Federal Contract Tower,0,1,9,1,11,0,1,86,0,87,0,2,95,1,98,112,0,112,210
08/06/2011,OSH,WI,AGL,CE,Federal Contract Tower,0,2,7,2,11,0,0,50,0,50,0,2,57,2,61,122,0,122,183
08/07/2011,OSH,WI,AGL,CE,Federal Contract Tower,0,1,2,0,3,0,0,21,0,21,0,1,23,0,24,68,0,68,92
08/08/2011,OSH,WI,AGL,CE,Federal Contract Tower,0,1,14,2,17,0,1,33,0,34,0,2,47,2,51,64,0,64,115
08/09/2011,OSH,WI,AGL,CE,Federal Contract Tower,0,2,10,0,12,0,1,21,0,22,0,3,31,0,34,54,0,54,88
08/10/2011,OSH,WI,AGL,CE,Federal Contract Tower,0,3,12,0,15,0,1,80,2,83,0,4,92,2,98,180,8,188,286
08/11/2011,OSH,WI,AGL,CE,Federal Contract Tower,0,5,9,0,14,0,0,75,0,75,0,5,84,0,89,132,8,140,229
08/12/2011,OSH,WI,AGL,CE,Federal Contract Tower,0,0,9,0,9,0,0,70,0,70,0,0,79,0,79,178,0,178,257
08/13/2011,OSH,WI,AGL,CE,Federal Contract Tower,0,6,7,0,13,0,0,23,0,23,0,6,30,0,36,160,0,160,196
08/14/2011,OSH,WI,AGL,CE,Federal Contract Tower,0,0,11,0,11,0,0,51,0,51,0,0,62,0,62,208,0,208,270
08/15/2011,OSH,WI,AGL,CE,Federal Contract Tower,0,1,9,0,10,0,0,52,0,52,0,1,61,0,62,200,0,200,262
08/16/2011,OSH,WI,AGL,CE,Federal Contract Tower,0,1,9,0,10,0,0,68,2,70,0,1,77,2,80,108,0,108,188
08/17/2011,OSH,WI,AGL,CE,Federal Contract Tower,0,2,12,0,14,0,1,56,0,57,0,3,68,0,71,164,0,164,235
08/18/2011,OSH,WI,AGL,CE,Federal Contract Tower,0,2,16,0,18,0,1,81,0,82,0,3,97,0,100,158,2,160,260
08/19/2011,OSH,WI,AGL,CE,Federal Contract Tower,0,1,18,0,19,0,1,70,0,71,0,2,88,0,90,108,0,108,198
08/20/2011,OSH,WI,AGL,CE,Federal Contract Tower,0,3,5,0,8,0,0,41,0,41,0,3,46,0,49,184,0,184,233
08/21/2011,OSH,WI,AGL,CE,Federal Contract Tower,0,0,12,18,30,0,0,65,0,65,0,0,77,18,95,122,0,122,217
08/22/2011,OSH,WI,AGL,CE,Federal Contract Tower,0,16,2,0,18,0,0,59,0,59,0,16,61,0,77,140,0,140,217
08/23/2011,OSH,WI,AGL,CE,Federal Contract Tower,0,2,9,0,11,0,1,18,0,19,0,3,27,0,30,20,0,20,50
08/24/2011,OSH,WI,AGL,CE,Federal Contract Tower,0,4,16,0,20,0,0,40,0,40,0,4,56,0,60,70,0,70,130
08/25/2011,OSH,WI,AGL,CE,Federal Contract Tower,0,3,14,0,17,0,1,100,0,101,0,4,114,0,118,152,0,152,270
08/26/2011,OSH,WI,AGL,CE,Federal Contract Tower,0,0,18,0,18,0,0,124,0,124,0,0,142,0,142,166,0,166,308
08/27/2011,OSH,WI,AGL,CE,Federal Contract Tower,0,2,12,2,16,0,0,52,0,52,0,2,64,2,68,264,4,268,336
08/28/2011,OSH,WI,AGL,CE,Federal Contract Tower,0,0,5,0,5,0,0,68,0,68,0,0,73,0,73,140,0,140,213
08/29/2011,OSH,WI,AGL,CE,Federal Contract Tower,0,2,18,0,20,0,0,74,0,74,0,2,92,0,94,206,0,206,300
08/30/2011,OSH,WI,AGL,CE,Federal Contract Tower,0,1,13,0,14,0,1,43,0,44,0,2,56,0,58,110,0,110,168
08/31/2011,OSH,WI,AGL,CE,Federal Contract Tower,0,2,13,0,15,0,0,61,0,61,0,2,74,0,76,128,0,128,204
09/01/2011,OSH,WI,AGL,CE,Federal Contract Tower,0,1,15,0,16,0,0,57,0,57,0,1,72,0,73,90,0,90,163
09/02/2011,OSH,WI,AGL,CE,Federal Contract Tower,0,2,5,0,7,0,1,20,0,21,0,3,25,0,28,34,0,34,62
09/03/2011,OSH,WI,AGL,CE,Federal Contract Tower,0,3,2,0,5,0,0,11,0,11,0,3,13,0,16,80,0,80,96
09/04/2011,OSH,WI,AGL,CE,Federal Contract Tower,0,0,8,0,8,0,0,28,0,28,0,0,36,0,36,60,0,60,96
09/05/2011,OSH,WI,AGL,CE,Federal Contract Tower,0,0,8,0,8,0,0,93,0,93,0,0,101,0,101,232,0,232,333
09/06/2011,OSH,WI,AGL,CE,Federal Contract Tower,0,1,16,0,17,0,2,83,1,86,0,3,99,1,103,188,4,192,295
09/07/2011,OSH,WI,AGL,CE,Federal Contract Tower,0,2,9,0,11,0,1,91,0,92,0,3,100,0,103,114,0,114,217
09/08/2011,OSH,WI,AGL,CE,Federal Contract Tower,0,1,17,0,18,0,2,70,0,72,0,3,87,0,90,134,0,134,224
09/09/2011,OSH,WI,AGL,CE,Federal Contract Tower,0,3,20,1,24,0,0,105,1,106,0,3,125,2,130,140,4,144,274
09/10/2011,OSH,WI,AGL,CE,Federal Contract Tower,0,2,19,0,21,0,0,244,0,244,0,2,263,0,265,266,0,266,531
09/11/2011,OSH,WI,AGL,CE,Federal Contract Tower,0,0,16,0,16,0,0,168,0,168,0,0,184,0,184,204,0,204,388
09/12/2011,OSH,WI,AGL,CE,Federal Contract Tower,0,1,13,14,28,0,0,93,4,97,0,1,106,18,125,148,22,170,295
09/13/2011,OSH,WI,AGL,CE,Federal Contract Tower,0,7,20,18,45,0,1,45,3,49,0,8,65,21,94,142,26,168,262
09/14/2011,OSH,WI,AGL,CE,Federal Contract Tower,0,1,18,0,19,0,0,64,0,64,0,1,82,0,83,104,0,104,187
09/15/2011,OSH,WI,AGL,CE,Federal Contract Tower,0,2,21,0,23,0,1,93,0,94,0,3,114,0,117,80,0,80,197
09/16/2011,OSH,WI,AGL,CE,Federal Contract Tower,0,2,6,0,8,0,0,63,0,63,0,2,69,0,71,132,0,132,203
09/17/2011,OSH,WI,AGL,CE,Federal Contract Tower,0,4,5,0,9,0,1,60,0,61,0,5,65,0,70,6,0,6,76
09/18/2011,OSH,WI,AGL,CE,Federal Contract Tower,0,0,12,0,12,0,0,14,0,14,0,0,26,0,26,132,0,132,158
09/19/2011,OSH,WI,AGL,CE,Federal Contract Tower,0,4,11,0,15,0,6,33,0,39,0,10,44,0,54,112,0,112,166
09/20/2011,OSH,WI,AGL,CE,Federal Contract Tower,0,2,19,0,21,0,1,29,0,30,0,3,48,0,51,64,0,64,115
09/21/2011,OSH,WI,AGL,CE,Federal Contract Tower,0,2,9,0,11,0,3,23,0,26,0,5,32,0,37,84,0,84,121
09/22/2011,OSH,WI,AGL,CE,Federal Contract Tower,0,2,14,0,16,0,0,42,0,42,0,2,56,0,58,138,0,138,196
09/23/2011,OSH,WI,AGL,CE,Federal Contract Tower,0,0,8,0,8,0,2,49,0,51,0,2,57,0,59,58,0,58,117
09/24/2011,OSH,WI,AGL,CE,Federal Contract Tower,0,2,11,0,13,0,0,56,0,56,0,2,67,0,69,152,0,152,221
09/25/2011,OSH,WI,AGL,CE,Federal Contract Tower,0,0,20,0,20,0,0,6,0,6,0,0,26,0,26,0,0,0,26
09/26/2011,OSH,WI,AGL,CE,Federal Contract Tower,0,1,18,0,19,0,0,5,0,5,0,1,23,0,24,0,0,0,24
09/27/2011,OSH,WI,AGL,CE,Federal Contract Tower,0,6,24,0,30,0,0,12,0,12,0,6,36,0,42,58,0,58,100
09/28/2011,OSH,WI,AGL,CE,Federal Contract Tower,0,2,16,0,18,0,0,73,0,73,0,2,89,0,91,126,0,126,217
09/29/2011,OSH,WI,AGL,CE,Federal Contract Tower,0,1,10,0,11,0,1,3,0,4,0,2,13,0,15,8,0,8,23
09/30/2011,OSH,WI,AGL,CE,Federal Contract Tower,0,2,11,0,13,0,2,64,0,66,0,4,75,0,79,86,0,86,165
10/01/2011,OSH,WI,AGL,CE,Federal Contract Tower,0,6,7,0,13,0,0,136,2,138,0,6,143,2,151,238,0,238,389
10/02/2011,OSH,WI,AGL,CE,Federal Contract Tower,0,0,12,0,12,0,0,93,0,93,0,0,105,0,105,128,0,128,233
10/03/2011,OSH,WI,AGL,CE,Federal Contract Tower,0,1,10,0,11,0,0,51,0,51,0,1,61,0,62,4,0,4,66
10/04/2011,OSH,WI,AGL,CE,Federal Contract Tower,0,2,12,0,14,0,1,64,0,65,0,3,76,0,79,110,0,110,189
10/05/2011,OSH,WI,AGL,CE,Federal Contract Tower,0,1,10,0,11,0,1,79,0,80,0,2,89,0,91,78,0,78,169
10/06/2011,OSH,WI,AGL,CE,Federal Contract Tower,0,0,9,0,9,0,2,101,0,103,0,2,110,0,112,130,0,130,242
10/07/2011,OSH,WI,AGL,CE,Federal Contract Tower,0,3,7,0,10,0,1,55,0,56,0,4,62,0,66,46,0,46,112
10/08/2011,OSH,WI,AGL,CE,Federal Contract Tower,0,3,4,0,7,0,0,66,0,66,0,3,70,0,73,136,0,136,209
10/09/2011,OSH,WI,AGL,CE,Federal Contract Tower,0,0,8,0,8,0,0,60,0,60,0,0,68,0,68,150,0,150,218
10/10/2011,OSH,WI,AGL,CE,Federal Contract Tower,0,2,10,0,12,0,0,46,0,46,0,2,56,0,58,70,0,70,128
10/11/2011,OSH,WI,AGL,CE,Federal Contract Tower,0,1,13,0,14,0,1,35,0,36,0,2,48,0,50,34,0,34,84
10/12/2011,OSH,WI,AGL,CE,Federal Contract Tower,0,2,18,0,20,0,0,47,0,47,0,2,65,0,67,62,0,62,129
10/13/2011,OSH,WI,AGL,CE,Federal Contract Tower,0,3,16,0,19,0,0,4,0,4,0,3,20,0,23,12,0,12,35
10/14/2011,OSH,WI,AGL,CE,Federal Contract Tower,0,1,13,0,14,0,0,20,0,20,0,1,33,0,34,2,0,2,36
10/15/2011,OSH,WI,AGL,CE,Federal Contract Tower,0,2,1,0,3,0,0,6,0,6,0,2,7,0,9,0,0,0,9
10/16/2011,OSH,WI,AGL,CE,Federal Contract Tower,0,0,4,0,4,0,0,27,0,27,0,0,31,0,31,28,0,28,59
10/17/2011,OSH,WI,AGL,CE,Federal Contract Tower,0,1,9,0,10,0,0,16,0,16,0,1,25,0,26,24,0,24,50
10/18/2011,OSH,WI,AGL,CE,Federal Contract Tower,0,2,11,0,13,0,0,23,5,28,0,2,34,5,41,154,0,154,195
10/19/2011,OSH,WI,AGL,CE,Federal Contract Tower,0,2,11,0,13,0,0,5,0,5,0,2,16,0,18,0,0,0,18
10/20/2011,OSH,WI,AGL,CE,Federal Contract Tower,0,3,23,0,26,0,0,2,0,2,0,3,25,0,28,0,0,0,28
10/21/2011,OSH,WI,AGL,CE,Federal Contract Tower,0,0,13,0,13,0,7,70,0,77,0,7,83,0,90,66,0,66,156
10/22/2011,OSH,WI,AGL,CE,Federal Contract Tower,0,2,8,0,10,0,0,92,0,92,0,2,100,0,102,68,0,68,170
10/23/2011,OSH,WI,AGL,CE,Federal Contract Tower,0,0,7,0,7,0,0,25,0,25,0,0,32,0,32,18,0,18,50
10/24/2011,OSH,WI,AGL,CE,Federal Contract Tower,0,2,12,2,16,0,2,51,0,53,0,4,63,2,69,92,0,92,161
10/25/2011,OSH,WI,AGL,CE,Federal Contract Tower,0,1,6,2,9,0,2,19,0,21,0,3,25,2,30,2,0,2,32
10/26/2011,OSH,WI,AGL,CE,Federal Contract Tower,0,3,17,0,20,0,0,21,0,21,0,3,38,0,41,36,0,36,77
10/27/2011,OSH,WI,AGL,CE,Federal Contract Tower,0,1,16,0,17,0,1,59,0,60,0,2,75,0,77,70,0,70,147
10/28/2011,OSH,WI,AGL,CE,Federal Contract Tower,0,1,12,0,13,0,0,52,2,54,0,1,64,2,67,62,0,62,129
10/29/2011,OSH,WI,AGL,CE,Federal Contract Tower,0,3,8,0,11,0,0,91,0,91,0,3,99,0,102,36,0,36,138
10/30/2011,OSH,WI,AGL,CE,Federal Contract Tower,0,0,3,0,3,0,0,6,0,6,0,0,9,0,9,36,0,36,45
10/31/2011,OSH,WI,AGL,CE,Federal Contract Tower,0,3,14,0,17,0,0,24,0,24,0,3,38,0,41,102,0,102,143
11/01/2011,OSH,WI,AGL,CE,Federal Contract Tower,0,1,12,0,13,0,2,66,0,68,0,3,78,0,81,90,0,90,171
11/02/2011,OSH,WI,AGL,CE,Federal Contract Tower,0,6,13,0,19,0,0,3,0,3,0,6,16,0,22,0,0,0,22
11/03/2011,OSH,WI,AGL,CE,Federal Contract Tower,0,1,23,2,26,0,1,66,0,67,0,2,89,2,93,184,0,184,277
11/04/2011,OSH,WI,AGL,CE,Federal Contract Tower,0,2,8,0,10,0,0,74,0,74,0,2,82,0,84,108,0,108,192
11/05/2011,OSH,WI,AGL,CE,Federal Contract Tower,0,3,4,0,7,0,0,48,0,48,0,3,52,0,55,52,0,52,107
11/06/2011,OSH,WI,AGL,CE,Federal Contract Tower,0,0,3,0,3,0,0,10,0,10,0,0,13,0,13,32,0,32,45
11/07/2011,OSH,WI,AGL,CE,Federal Contract Tower,0,1,7,0,8,0,0,47,0,47,0,1,54,0,55,100,0,100,155
11/08/2011,OSH,WI,AGL,CE,Federal Contract Tower,0,2,7,0,9,0,0,4,0,4,0,2,11,0,13,54,0,54,67
11/09/2011,OSH,WI,AGL,CE,Federal Contract Tower,0,2,6,0,8,0,0,0,0,0,0,2,6,0,8,0,0,0,8
11/10/2011,OSH,WI,AGL,CE,Federal Contract Tower,0,0,26,0,26,0,2,6,0,8,0,2,32,0,34,28,0,28,62
11/11/2011,OSH,WI,AGL,CE,Federal Contract Tower,0,1,14,0,15,0,0,51,0,51,0,1,65,0,66,86,0,86,152
11/12/2011,OSH,WI,AGL,CE,Federal Contract Tower,0,2,9,0,11,0,0,81,0,81,0,2,90,0,92,80,0,80,172
11/13/2011,OSH,WI,AGL,CE,Federal Contract Tower,0,0,7,0,7,0,0,6,0,6,0,0,13,0,13,6,0,6,19
11/14/2011,OSH,WI,AGL,CE,Federal Contract Tower,0,4,11,0,15,0,0,55,2,57,0,4,66,2,72,132,0,132,204
11/15/2011,OSH,WI,AGL,CE,Federal Contract Tower,0,2,7,0,9,0,1,33,0,34,0,3,40,0,43,74,0,74,117
11/16/2011,OSH,WI,AGL,CE,Federal Contract Tower,0,3,9,0,12,0,2,34,0,36,0,5,43,0,48,72,0,72,120
11/17/2011,OSH,WI,AGL,CE,Federal Contract Tower,0,1,9,0,10,0,1,64,0,65,0,2,73,0,75,146,0,146,221
11/18/2011,OSH,WI,AGL,CE,Federal Contract Tower,0,0,10,0,10,0,1,31,0,32,0,1,41,0,42,16,0,16,58
11/19/2011,OSH,WI,AGL,CE,Federal Contract Tower,0,1,10,0,11,0,1,20,0,21,0,2,30,0,32,22,0,22,54
11/20/2011,OSH,WI,AGL,CE,Federal Contract Tower,0,0,7,0,7,0,0,15,0,15,0,0,22,0,22,64,0,64,86
11/21/2011,OSH,WI,AGL,CE,Federal Contract Tower,0,2,17,0,19,0,2,33,0,35,0,4,50,0,54,120,0,120,174
11/22/2011,OSH,WI,AGL,CE,Federal Contract Tower,0,1,6,0,7,0,0,38,0,38,0,1,44,0,45,86,0,86,131
11/23/2011,OSH,WI,AGL,CE,Federal Contract Tower,0,1,19,2,22,0,1,26,0,27,0,2,45,2,49,32,0,32,81
11/24/2011,OSH,WI,AGL,CE,Federal Contract Tower,0,0,3,0,3,0,0,6,0,6,0,0,9,0,9,2,0,2,11
11/25/2011,OSH,WI,AGL,CE,Federal Contract Tower,0,1,7,0,8,0,0,35,0,35,0,1,42,0,43,70,0,70,113
11/26/2011,OSH,WI,AGL,CE,Federal Contract Tower,0,4,7,0,11,0,0,4,0,4,0,4,11,0,15,38,0,38,53
11/27/2011,OSH,WI,AGL,CE,Federal Contract Tower,0,0,4,0,4,0,0,13,0,13,0,0,17,0,17,32,0,32,49
11/28/2011,OSH,WI,AGL,CE,Federal Contract Tower,0,1,12,0,13,0,0,27,0,27,0,1,39,0,40,106,0,106,146
11/29/2011,OSH,WI,AGL,CE,Federal Contract Tower,0,2,9,0,11,0,0,18,0,18,0,2,27,0,29,74,0,74,103
11/30/2011,OSH,WI,AGL,CE,Federal Contract Tower,0,1,10,0,11,0,2,93,0,95,0,3,103,0,106,124,0,124,230
12/01/2011,OSH,WI,AGL,CE,Federal Contract Tower,0,1,16,0,17,0,1,9,0,10,0,2,25,0,27,12,0,12,39
12/02/2011,OSH,WI,AGL,CE,Federal Contract Tower,0,0,9,0,9,0,1,89,0,90,0,1,98,0,99,102,0,102,201
12/03/2011,OSH,WI,AGL,CE,Federal Contract Tower,0,2,4,0,6,0,0,0,0,0,0,2,4,0,6,0,0,0,6
12/04/2011,OSH,WI,AGL,CE,Federal Contract Tower,0,0,3,0,3,0,0,7,0,7,0,0,10,0,10,2,0,2,12
12/05/2011,OSH,WI,AGL,CE,Federal Contract Tower,0,1,20,0,21,0,0,15,0,15,0,1,35,0,36,10,0,10,46
12/06/2011,OSH,WI,AGL,CE,Federal Contract Tower,0,3,11,0,14,0,1,59,2,62,0,4,70,2,76,146,0,146,222
12/07/2011,OSH,WI,AGL,CE,Federal Contract Tower,0,2,20,0,22,0,0,56,5,61,0,2,76,5,83,82,0,82,165
12/08/2011,OSH,WI,AGL,CE,Federal Contract Tower,0,1,18,2,21,0,1,73,2,76,0,2,91,4,97,120,0,120,217
12/09/2011,OSH,WI,AGL,CE,Federal Contract Tower,0,0,10,2,12,0,1,73,0,74,0,1,83,2,86,72,0,72,158
12/10/2011,OSH,WI,AGL,CE,Federal Contract Tower,0,3,6,0,9,0,0,41,0,41,0,3,47,0,50,42,0,42,92
12/11/2011,OSH,WI,AGL,CE,Federal Contract Tower,0,2,11,0,13,0,0,43,0,43,0,2,54,0,56,36,0,36,92
12/12/2011,OSH,WI,AGL,CE,Federal Contract Tower,0,4,2,0,6,0,0,7,2,9,0,4,9,2,15,16,0,16,31
12/13/2011,OSH,WI,AGL,CE,Federal Contract Tower,0,2,12,0,14,0,0,27,0,27,0,2,39,0,41,74,0,74,115
12/14/2011,OSH,WI,AGL,CE,Federal Contract Tower,0,2,13,0,15,0,0,0,0,0,0,2,13,0,15,0,0,0,15
12/15/2011,OSH,WI,AGL,CE,Federal Contract Tower,0,1,11,0,12,0,0,2,3,5,0,1,13,3,17,12,0,12,29
12/16/2011,OSH,WI,AGL,CE,Federal Contract Tower,0,0,17,0,17,0,1,77,0,78,0,1,94,0,95,50,0,50,145
12/17/2011,OSH,WI,AGL,CE,Federal Contract Tower,0,3,7,0,10,0,0,58,0,58,0,3,65,0,68,120,0,120,188
12/18/2011,OSH,WI,AGL,CE,Federal Contract Tower,0,0,4,0,4,0,0,49,0,49,0,0,53,0,53,40,0,40,93
12/19/2011,OSH,WI,AGL,CE,Federal Contract Tower,0,1,5,0,6,0,0,26,2,28,0,1,31,2,34,38,2,40,74
12/20/2011,OSH,WI,AGL,CE,Federal Contract Tower,0,1,6,0,7,0,0,20,0,20,0,1,26,0,27,38,0,38,65
12/21/2011,OSH,WI,AGL,CE,Federal Contract Tower,0,1,14,2,17,0,0,25,0,25,0,1,39,2,42,10,0,10,52
12/22/2011,OSH,WI,AGL,CE,Federal Contract Tower,0,1,5,0,6,0,2,5,0,7,0,3,10,0,13,8,0,8,21
12/23/2011,OSH,WI,AGL,CE,Federal Contract Tower,0,1,2,0,3,0,0,36,0,36,0,1,38,0,39,26,0,26,65
12/24/2011,OSH,WI,AGL,CE,Federal Contract Tower,0,3,0,0,3,0,1,18,0,19,0,4,18,0,22,26,0,26,48
12/25/2011,OSH,WI,AGL,CE,Federal Contract Tower,0,0,0,0,0,0,0,4,0,4,0,0,4,0,4,0,0,0,4
12/26/2011,OSH,WI,AGL,CE,Federal Contract Tower,0,0,2,0,2,0,0,15,0,15,0,0,17,0,17,18,0,18,35
12/27/2011,OSH,WI,AGL,CE,Federal Contract Tower,0,1,5,0,6,0,0,12,0,12,0,1,17,0,18,35,0,35,53
12/28/2011,OSH,WI,AGL,CE,Federal Contract Tower,0,1,5,0,6,0,0,57,2,59,0,1,62,2,65,14,0,14,79
12/29/2011,OSH,WI,AGL,CE,Federal Contract Tower,0,2,9,0,11,0,0,0,0,0,0,2,9,0,11,0,0,0,11
12/30/2011,OSH,WI,AGL,CE,Federal Contract Tower,0,1,3,0,4,0,0,1,0,1,0,1,4,0,5,0,0,0,5
12/31/2011,OSH,WI,AGL,CE,Federal Contract Tower,0,4,6,0,10,0,0,15,0,15,0,4,21,0,25,28,0,28,53
01/01/2012,OSH,WI,AGL,CE,Federal Contract Tower,0,0,0,0,0,0,0,0,0,0,0,0,0,0,0,0,0,0,0
01/02/2012,OSH,WI,AGL,CE,Federal Contract Tower,0,2,11,0,13,0,0,10,0,10,0,2,21,0,23,22,0,22,45
01/03/2012,OSH,WI,AGL,CE,Federal Contract Tower,0,1,5,0,6,0,1,29,0,30,0,2,34,0,36,34,0,34,70
01/04/2012,OSH,WI,AGL,CE,Federal Contract Tower,0,0,14,0,14,0,2,32,0,34,0,2,46,0,48,64,0,64,112
01/05/2012,OSH,WI,AGL,CE,Federal Contract Tower,0,5,12,0,17,0,7,49,0,56,0,12,61,0,73,102,0,102,175
01/06/2012,OSH,WI,AGL,CE,Federal Contract Tower,0,3,7,0,10,0,0,39,0,39,0,3,46,0,49,74,0,74,123
01/07/2012,OSH,WI,AGL,CE,Federal Contract Tower,0,4,1,0,5,0,0,56,0,56,0,4,57,0,61,98,0,98,159
01/08/2012,OSH,WI,AGL,CE,Federal Contract Tower,0,0,8,0,8,0,0,45,0,45,0,0,53,0,53,54,0,54,107
01/09/2012,OSH,WI,AGL,CE,Federal Contract Tower,0,2,7,0,9,0,0,33,2,35,0,2,40,2,44,26,0,26,70
01/10/2012,OSH,WI,AGL,CE,Federal Contract Tower,0,3,14,0,17,0,0,49,0,49,0,3,63,0,66,70,0,70,136
01/11/2012,OSH,WI,AGL,CE,Federal Contract Tower,0,3,23,0,26,0,0,73,0,73,0,3,96,0,99,180,0,180,279
01/12/2012,OSH,WI,AGL,CE,Federal Contract Tower,0,3,6,0,9,0,0,0,0,0,0,3,6,0,9,0,0,0,9
01/13/2012,OSH,WI,AGL,CE,Federal Contract Tower,0,0,10,2,12,0,1,14,0,15,0,1,24,2,27,40,4,44,71
01/14/2012,OSH,WI,AGL,CE,Federal Contract Tower,0,3,4,0,7,0,0,25,0,25,0,3,29,0,32,18,0,18,50
01/15/2012,OSH,WI,AGL,CE,Federal Contract Tower,0,0,3,0,3,0,0,15,0,15,0,0,18,0,18,40,0,40,58
01/16/2012,OSH,WI,AGL,CE,Federal Contract Tower,0,0,10,0,10,0,0,50,0,50,0,0,60,0,60,78,0,78,138
01/17/2012,OSH,WI,AGL,CE,Federal Contract Tower,0,2,9,0,11,0,0,0,0,0,0,2,9,0,11,0,0,0,11
01/18/2012,OSH,WI,AGL,CE,Federal Contract Tower,0,1,7,0,8,0,1,54,0,55,0,2,61,0,63,38,0,38,101
01/19/2012,OSH,WI,AGL,CE,Federal Contract Tower,0,0,12,0,12,0,2,34,0,36,0,2,46,0,48,4,0,4,52
01/20/2012,OSH,WI,AGL,CE,Federal Contract Tower,0,9,9,0,18,0,1,6,0,7,0,10,15,0,25,0,0,0,25
01/21/2012,OSH,WI,AGL,CE,Federal Contract Tower,0,4,2,0,6,0,0,45,0,45,0,4,47,0,51,52,0,52,103
01/22/2012,OSH,WI,AGL,CE,Federal Contract Tower,0,0,4,0,4,0,0,2,0,2,0,0,6,0,6,26,0,26,32
01/23/2012,OSH,WI,AGL,CE,Federal Contract Tower,0,1,7,0,8,0,0,0,0,0,0,1,7,0,8,0,0,0,8
01/24/2012,OSH,WI,AGL,CE,Federal Contract Tower,0,2,14,2,18,0,0,30,10,40,0,2,44,12,58,76,2,78,136
01/25/2012,OSH,WI,AGL,CE,Federal Contract Tower,0,8,11,1,20,0,0,21,5,26,0,8,32,6,46,44,0,44,90
01/26/2012,OSH,WI,AGL,CE,Federal Contract Tower,0,11,10,0,21,0,0,0,0,0,0,11,10,0,21,0,0,0,21
01/27/2012,OSH,WI,AGL,CE,Federal Contract Tower,0,1,8,0,9,0,1,74,0,75,0,2,82,0,84,78,0,78,162
01/28/2012,OSH,WI,AGL,CE,Federal Contract Tower,0,4,0,0,4,0,0,5,0,5,0,4,5,0,9,0,0,0,9
01/29/2012,OSH,WI,AGL,CE,Federal Contract Tower,0,0,6,0,6,0,0,47,0,47,0,0,53,0,53,36,0,36,89
01/30/2012,OSH,WI,AGL,CE,Federal Contract Tower,0,1,7,0,8,0,0,38,0,38,0,1,45,0,46,72,0,72,118
01/31/2012,OSH,WI,AGL,CE,Federal Contract Tower,0,1,13,0,14,0,0,54,2,56,0,1,67,2,70,50,0,50,120
02/01/2012,OSH,WI,AGL,CE,Federal Contract Tower,0,2,14,6,22,0,0,26,2,28,0,2,40,8,50,38,2,40,90
02/02/2012,OSH,WI,AGL,CE,Federal Contract Tower,0,1,12,0,13,0,0,1,0,1,0,1,13,0,14,0,0,0,14
02/03/2012,OSH,WI,AGL,CE,Federal Contract Tower,0,1,22,0,23,0,0,0,0,0,0,1,22,0,23,0,0,0,23
02/04/2012,OSH,WI,AGL,CE,Federal Contract Tower,0,3,2,0,5,0,0,75,0,75,0,3,77,0,80,40,0,40,120
02/05/2012,OSH,WI,AGL,CE,Federal Contract Tower,0,0,6,0,6,0,0,37,0,37,0,0,43,0,43,60,0,60,103
02/06/2012,OSH,WI,AGL,CE,Federal Contract Tower,0,7,6,0,13,0,0,28,0,28,0,7,34,0,41,52,0,52,93
02/07/2012,OSH,WI,AGL,CE,Federal Contract Tower,0,4,10,4,18,0,0,11,0,11,0,4,21,4,29,44,0,44,73
02/08/2012,OSH,WI,AGL,CE,Federal Contract Tower,0,1,6,4,11,0,0,77,0,77,0,1,83,4,88,172,0,172,260
02/09/2012,OSH,WI,AGL,CE,Federal Contract Tower,0,0,12,0,12,0,2,79,0,81,0,2,91,0,93,44,0,44,137
02/10/2012,OSH,WI,AGL,CE,Federal Contract Tower,0,1,6,0,7,0,1,0,0,1,0,2,6,0,8,0,0,0,8
02/11/2012,OSH,WI,AGL,CE,Federal Contract Tower,0,4,2,0,6,0,0,27,0,27,0,4,29,0,33,24,0,24,57
02/12/2012,OSH,WI,AGL,CE,Federal Contract Tower,0,0,5,0,5,0,0,43,0,43,0,0,48,0,48,58,0,58,106
02/13/2012,OSH,WI,AGL,CE,Federal Contract Tower,0,2,2,0,4,0,0,33,0,33,0,2,35,0,37,46,0,46,83
02/14/2012,OSH,WI,AGL,CE,Federal Contract Tower,0,2,5,0,7,0,0,9,12,21,0,2,14,12,28,12,0,12,40
02/15/2012,OSH,WI,AGL,CE,Federal Contract Tower,0,3,32,0,35,0,0,24,0,24,0,3,56,0,59,42,0,42,101
02/16/2012,OSH,WI,AGL,CE,Federal Contract Tower,0,1,42,0,43,0,5,55,0,60,0,6,97,0,103,92,0,92,195
02/17/2012,OSH,WI,AGL,CE,Federal Contract Tower,0,1,14,0,15,0,0,28,0,28,0,1,42,0,43,38,0,38,81
02/18/2012,OSH,WI,AGL,CE,Federal Contract Tower,0,2,12,0,14,0,1,75,0,76,0,3,87,0,90,22,0,22,112
02/19/2012,OSH,WI,AGL,CE,Federal Contract Tower,0,1,2,0,3,0,0,95,0,95,0,1,97,0,98,76,0,76,174
02/20/2012,OSH,WI,AGL,CE,Federal Contract Tower,0,1,16,0,17,0,49,0,0,49,0,50,16,0,66,32,0,32,98
02/21/2012,OSH,WI,AGL,CE,Federal Contract Tower,0,1,13,0,14,0,1,4,0,5,0,2,17,0,19,14,0,14,33
02/22/2012,OSH,WI,AGL,CE,Federal Contract Tower,0,1,22,0,23,0,1,64,0,65,0,2,86,0,88,66,0,66,154
02/23/2012,OSH,WI,AGL,CE,Federal Contract Tower,0,0,4,4,8,0,2,55,0,57,0,2,59,4,65,200,0,200,265
02/24/2012,OSH,WI,AGL,CE,Federal Contract Tower,0,2,9,0,11,0,0,7,0,7,0,2,16,0,18,22,0,22,40
02/25/2012,OSH,WI,AGL,CE,Federal Contract Tower,0,2,1,0,3,0,0,45,0,45,0,2,46,0,48,22,0,22,70
02/26/2012,OSH,WI,AGL,CE,Federal Contract Tower,0,0,3,0,3,0,0,11,0,11,0,0,14,0,14,38,0,38,52
02/27/2012,OSH,WI,AGL,CE,Federal Contract Tower,0,0,1,0,1,0,0,25,0,25,0,0,26,0,26,42,0,42,68
02/28/2012,OSH,WI,AGL,CE,Federal Contract Tower,0,3,12,0,15,0,1,51,2,54,0,4,63,2,69,190,0,190,259
02/29/2012,OSH,WI,AGL,CE,Federal Contract Tower,0,3,2,0,5,0,0,0,0,0,0,3,2,0,5,0,0,0,5
03/01/2012,OSH,WI,AGL,CE,Federal Contract Tower,0,9,22,0,31,0,3,15,0,18,0,12,37,0,49,74,0,74,123
03/02/2012,OSH,WI,AGL,CE,Federal Contract Tower,0,10,1,0,11,0,0,6,0,6,0,10,7,0,17,28,0,28,45
03/03/2012,OSH,WI,AGL,CE,Federal Contract Tower,0,4,9,0,13,0,1,2,0,3,0,5,11,0,16,0,0,0,16
03/04/2012,OSH,WI,AGL,CE,Federal Contract Tower,0,0,10,0,10,0,0,23,0,23,0,0,33,0,33,58,0,58,91
03/05/2012,OSH,WI,AGL,CE,Federal Contract Tower,0,3,14,0,17,0,0,29,0,29,0,3,43,0,46,78,0,78,124
03/06/2012,OSH,WI,AGL,CE,Federal Contract Tower,0,1,13,0,14,0,3,58,0,61,0,4,71,0,75,166,0,166,241
03/07/2012,OSH,WI,AGL,CE,Federal Contract Tower,0,1,19,0,20,0,2,5,2,9,0,3,24,2,29,0,0,0,29
03/08/2012,OSH,WI,AGL,CE,Federal Contract Tower,0,1,20,0,21,0,0,14,2,16,0,1,34,2,37,8,0,8,45
03/09/2012,OSH,WI,AGL,CE,Federal Contract Tower,0,1,10,3,14,0,1,67,2,70,0,2,77,5,84,134,8,142,226
03/10/2012,OSH,WI,AGL,CE,Federal Contract Tower,0,2,5,0,7,0,1,6,0,7,0,3,11,0,14,0,0,0,14
03/11/2012,OSH,WI,AGL,CE,Federal Contract Tower,0,0,1,0,1,0,0,33,0,33,0,0,34,0,34,50,0,50,84
03/12/2012,OSH,WI,AGL,CE,Federal Contract Tower,0,1,10,0,11,0,0,10,0,10,0,1,20,0,21,38,0,38,59
03/13/2012,OSH,WI,AGL,CE,Federal Contract Tower,0,1,14,2,17,0,1,50,0,51,0,2,64,2,68,118,0,118,186
03/14/2012,OSH,WI,AGL,CE,Federal Contract Tower,0,0,15,0,15,0,2,86,0,88,0,2,101,0,103,110,0,110,213
03/15/2012,OSH,WI,AGL,CE,Federal Contract Tower,0,9,12,0,21,0,7,73,0,80,0,16,85,0,101,148,0,148,249
03/16/2012,OSH,WI,AGL,CE,Federal Contract Tower,0,0,14,0,14,0,1,52,4,57,0,1,66,4,71,124,0,124,195
03/17/2012,OSH,WI,AGL,CE,Federal Contract Tower,0,2,8,0,10,0,0,32,0,32,0,2,40,0,42,18,0,18,60
03/18/2012,OSH,WI,AGL,CE,Federal Contract Tower,0,0,7,0,7,0,0,37,0,37,0,0,44,0,44,52,0,52,96
03/19/2012,OSH,WI,AGL,CE,Federal Contract Tower,0,1,5,0,6,0,0,23,0,23,0,1,28,0,29,0,0,0,29
03/20/2012,OSH,WI,AGL,CE,Federal Contract Tower,0,1,6,0,7,0,2,31,0,33,0,3,37,0,40,40,0,40,80
03/21/2012,OSH,WI,AGL,CE,Federal Contract Tower,0,2,9,3,14,0,1,49,4,54,0,3,58,7,68,114,6,120,188
03/22/2012,OSH,WI,AGL,CE,Federal Contract Tower,0,1,10,2,13,0,1,30,0,31,0,2,40,2,44,54,0,54,98
03/23/2012,OSH,WI,AGL,CE,Federal Contract Tower,0,1,8,0,9,0,0,0,0,0,0,1,8,0,9,0,0,0,9
03/24/2012,OSH,WI,AGL,CE,Federal Contract Tower,0,3,13,0,16,0,0,2,0,2,0,3,15,0,18,0,0,0,18
03/25/2012,OSH,WI,AGL,CE,Federal Contract Tower,0,0,8,0,8,0,0,43,0,43,0,0,51,0,51,46,0,46,97
03/26/2012,OSH,WI,AGL,CE,Federal Contract Tower,0,2,18,0,20,0,0,55,0,55,0,2,73,0,75,100,0,100,175
03/27/2012,OSH,WI,AGL,CE,Federal Contract Tower,0,4,14,0,18,0,0,14,0,14,0,4,28,0,32,0,0,0,32
03/28/2012,OSH,WI,AGL,CE,Federal Contract Tower,0,2,11,0,13,0,0,28,0,28,0,2,39,0,41,40,0,40,81
03/29/2012,OSH,WI,AGL,CE,Federal Contract Tower,0,0,14,0,14,0,1,109,0,110,0,1,123,0,124,74,0,74,198
03/30/2012,OSH,WI,AGL,CE,Federal Contract Tower,0,12,5,0,17,0,0,0,0,0,0,12,5,0,17,0,0,0,17
03/31/2012,OSH,WI,AGL,CE,Federal Contract Tower,0,4,10,0,14,0,0,14,0,14,0,4,24,0,28,46,0,46,74
04/01/2012,OSH,WI,AGL,CE,Federal Contract Tower,0,0,7,0,7,0,0,38,0,38,0,0,45,0,45,126,0,126,171
04/02/2012,OSH,WI,AGL,CE,Federal Contract Tower,0,0,6,0,6,0,9,45,0,54,0,9,51,0,60,86,0,86,146
04/03/2012,OSH,WI,AGL,CE,Federal Contract Tower,0,0,7,0,7,0,0,38,0,38,0,0,45,0,45,96,0,96,141
04/04/2012,OSH,WI,AGL,CE,Federal Contract Tower,0,0,14,2,16,0,2,82,0,84,0,2,96,2,100,98,0,98,198
04/05/2012,OSH,WI,AGL,CE,Federal Contract Tower,0,2,16,0,18,0,2,67,0,69,0,4,83,0,87,118,2,120,207
04/06/2012,OSH,WI,AGL,CE,Federal Contract Tower,0,1,6,0,7,0,0,114,0,114,0,1,120,0,121,188,0,188,309
04/07/2012,OSH,WI,AGL,CE,Federal Contract Tower,0,4,2,0,6,0,0,209,0,209,0,4,211,0,215,40,0,40,255
04/08/2012,OSH,WI,AGL,CE,Federal Contract Tower,0,1,3,0,4,0,0,16,0,16,0,1,19,0,20,52,0,52,72
04/09/2012,OSH,WI,AGL,CE,Federal Contract Tower,0,2,11,0,13,0,0,19,0,19,0,2,30,0,32,14,0,14,46
04/10/2012,OSH,WI,AGL,CE,Federal Contract Tower,0,0,11,0,11,0,0,0,0,0,0,0,11,0,11,130,0,130,141
04/11/2012,OSH,WI,AGL,CE,Federal Contract Tower,0,0,13,2,15,0,2,92,6,100,0,2,105,8,115,90,0,90,205
04/12/2012,OSH,WI,AGL,CE,Federal Contract Tower,0,3,9,0,12,0,1,80,0,81,0,4,89,0,93,184,2,186,279
04/13/2012,OSH,WI,AGL,CE,Federal Contract Tower,0,1,10,0,11,0,0,46,2,48,0,1,56,2,59,48,0,48,107
04/14/2012,OSH,WI,AGL,CE,Federal Contract Tower,0,5,7,1,13,0,0,57,0,57,0,5,64,1,70,34,0,34,104
04/15/2012,OSH,WI,AGL,CE,Federal Contract Tower,0,1,5,1,7,0,0,3,0,3,0,1,8,1,10,22,0,22,32
04/16/2012,OSH,WI,AGL,CE,Federal Contract Tower,0,0,5,0,5,0,1,0,0,1,0,1,5,0,6,0,0,0,6
04/17/2012,OSH,WI,AGL,CE,Federal Contract Tower,0,1,10,4,15,0,2,76,5,83,0,3,86,9,98,172,16,188,286
04/18/2012,OSH,WI,AGL,CE,Federal Contract Tower,0,2,6,0,8,0,1,26,0,27,0,3,32,0,35,24,0,24,59
04/19/2012,OSH,WI,AGL,CE,Federal Contract Tower,0,3,14,0,17,0,0,42,0,42,0,3,56,0,59,50,0,50,109
04/20/2012,OSH,WI,AGL,CE,Federal Contract Tower,0,0,17,0,17,0,1,15,0,16,0,1,32,0,33,28,0,28,61
04/21/2012,OSH,WI,AGL,CE,Federal Contract Tower,0,2,5,0,7,0,0,80,0,80,0,2,85,0,87,134,0,134,221
04/22/2012,OSH,WI,AGL,CE,Federal Contract Tower,0,0,14,0,14,0,0,57,0,57,0,0,71,0,71,112,0,112,183
04/23/2012,OSH,WI,AGL,CE,Federal Contract Tower,0,2,12,0,14,0,0,79,0,79,0,2,91,0,93,116,0,116,209
04/24/2012,OSH,WI,AGL,CE,Federal Contract Tower,0,1,8,0,9,0,1,83,0,84,0,2,91,0,93,172,0,172,265
04/25/2012,OSH,WI,AGL,CE,Federal Contract Tower,0,0,21,0,21,0,2,34,0,36,0,2,55,0,57,74,0,74,131
04/26/2012,OSH,WI,AGL,CE,Federal Contract Tower,0,2,20,0,22,0,1,40,0,41,0,3,60,0,63,24,8,32,95
04/27/2012,OSH,WI,AGL,CE,Federal Contract Tower,0,0,20,0,20,0,1,80,0,81,0,1,100,0,101,126,0,126,227
04/28/2012,OSH,WI,AGL,CE,Federal Contract Tower,0,2,6,0,8,0,0,23,0,23,0,2,29,0,31,94,0,94,125
04/29/2012,OSH,WI,AGL,CE,Federal Contract Tower,0,0,5,0,5,0,0,47,0,47,0,0,52,0,52,82,0,82,134
04/30/2012,OSH,WI,AGL,CE,Federal Contract Tower,0,7,24,0,31,0,0,9,0,9,0,7,33,0,40,10,0,10,50
05/01/2012,OSH,WI,AGL,CE,Federal Contract Tower,0,0,21,0,21,0,2,52,0,54,0,2,73,0,75,150,0,150,225
05/02/2012,OSH,WI,AGL,CE,Federal Contract Tower,0,2,11,0,13,0,0,56,0,56,0,2,67,0,69,150,0,150,219
05/03/2012,OSH,WI,AGL,CE,Federal Contract Tower,0,1,9,0,10,0,1,11,0,12,0,2,20,0,22,30,0,30,52
05/04/2012,OSH,WI,AGL,CE,Federal Contract Tower,0,1,13,0,14,0,0,26,0,26,0,1,39,0,40,76,0,76,116
05/05/2012,OSH,WI,AGL,CE,Federal Contract Tower,0,2,5,0,7,0,0,25,0,25,0,2,30,0,32,62,0,62,94
05/06/2012,OSH,WI,AGL,CE,Federal Contract Tower,0,0,5,0,5,0,0,3,0,3,0,0,8,0,8,0,0,0,8
05/07/2012,OSH,WI,AGL,CE,Federal Contract Tower,0,1,22,0,23,0,0,22,0,22,0,1,44,0,45,110,0,110,155
05/08/2012,OSH,WI,AGL,CE,Federal Contract Tower,0,0,20,0,20,0,1,83,0,84,0,1,103,0,104,224,0,224,328
05/09/2012,OSH,WI,AGL,CE,Federal Contract Tower,0,0,21,0,21,0,2,52,0,54,0,2,73,0,75,78,0,78,153
05/10/2012,OSH,WI,AGL,CE,Federal Contract Tower,0,3,19,0,22,0,1,121,0,122,0,4,140,0,144,234,0,234,378
05/11/2012,OSH,WI,AGL,CE,Federal Contract Tower,0,4,13,0,17,0,0,79,0,79,0,4,92,0,96,148,0,148,244
05/12/2012,OSH,WI,AGL,CE,Federal Contract Tower,0,4,2,0,6,0,0,88,0,88,0,4,90,0,94,118,0,118,212
05/13/2012,OSH,WI,AGL,CE,Federal Contract Tower,0,0,8,0,8,0,0,65,0,65,0,0,73,0,73,66,0,66,139
05/14/2012,OSH,WI,AGL,CE,Federal Contract Tower,0,7,0,0,7,0,1,66,0,67,0,8,66,0,74,132,0,132,206
05/15/2012,OSH,WI,AGL,CE,Federal Contract Tower,0,0,21,2,23,0,1,42,0,43,0,1,63,2,66,78,0,78,144
05/16/2012,OSH,WI,AGL,CE,Federal Contract Tower,0,2,17,0,19,0,12,84,0,96,0,14,101,0,115,58,0,58,173
05/17/2012,OSH,WI,AGL,CE,Federal Contract Tower,0,1,9,0,10,0,0,61,0,61,0,1,70,0,71,154,0,154,225
05/18/2012,OSH,WI,AGL,CE,Federal Contract Tower,0,1,9,0,10,0,0,89,0,89,0,1,98,0,99,90,0,90,189
05/19/2012,OSH,WI,AGL,CE,Federal Contract Tower,0,3,6,0,9,0,0,66,0,66,0,3,72,0,75,186,0,186,261
05/20/2012,OSH,WI,AGL,CE,Federal Contract Tower,0,0,3,0,3,0,0,6,0,6,0,0,9,0,9,0,0,0,9
05/21/2012,OSH,WI,AGL,CE,Federal Contract Tower,0,1,20,0,21,0,0,26,0,26,0,1,46,0,47,8,0,8,55
05/22/2012,OSH,WI,AGL,CE,Federal Contract Tower,0,6,10,0,16,0,7,58,0,65,0,13,68,0,81,32,0,32,113
05/23/2012,OSH,WI,AGL,CE,Federal Contract Tower,0,4,21,0,25,0,1,54,0,55,0,5,75,0,80,28,0,28,108
05/24/2012,OSH,WI,AGL,CE,Federal Contract Tower,0,2,14,0,16,0,0,15,0,15,0,2,29,0,31,2,0,2,33
05/25/2012,OSH,WI,AGL,CE,Federal Contract Tower,0,0,13,0,13,0,1,66,0,67,0,1,79,0,80,60,0,60,140
05/26/2012,OSH,WI,AGL,CE,Federal Contract Tower,0,3,2,0,5,0,1,14,0,15,0,4,16,0,20,84,0,84,104
05/27/2012,OSH,WI,AGL,CE,Federal Contract Tower,0,0,6,0,6,0,0,28,0,28,0,0,34,0,34,90,0,90,124
05/28/2012,OSH,WI,AGL,CE,Federal Contract Tower,0,0,7,0,7,0,0,14,0,14,0,0,21,0,21,44,0,44,65
05/29/2012,OSH,WI,AGL,CE,Federal Contract Tower,0,1,5,0,6,0,2,16,0,18,0,3,21,0,24,6,0,6,30
05/30/2012,OSH,WI,AGL,CE,Federal Contract Tower,0,3,11,0,14,0,1,57,0,58,0,4,68,0,72,152,8,160,232
05/31/2012,OSH,WI,AGL,CE,Federal Contract Tower,0,1,14,0,15,0,1,65,0,66,0,2,79,0,81,194,0,194,275
06/01/2012,OSH,WI,AGL,CE,Federal Contract Tower,0,1,10,1,12,0,0,66,0,66,0,1,76,1,78,156,0,156,234
06/02/2012,OSH,WI,AGL,CE,Federal Contract Tower,0,3,7,0,10,0,0,31,0,31,0,3,38,0,41,206,0,206,247
06/03/2012,OSH,WI,AGL,CE,Federal Contract Tower,0,2,8,0,10,0,0,72,2,74,0,2,80,2,84,98,0,98,182
06/04/2012,OSH,WI,AGL,CE,Federal Contract Tower,0,3,20,1,24,0,0,71,1,72,0,3,91,2,96,156,0,156,252
06/05/2012,OSH,WI,AGL,CE,Federal Contract Tower,0,1,9,0,10,0,1,41,0,42,0,2,50,0,52,148,0,148,200
06/06/2012,OSH,WI,AGL,CE,Federal Contract Tower,0,7,6,0,13,0,1,120,0,121,0,8,126,0,134,200,0,200,334
06/07/2012,OSH,WI,AGL,CE,Federal Contract Tower,0,1,9,0,10,0,1,102,0,103,0,2,111,0,113,144,0,144,257
06/08/2012,OSH,WI,AGL,CE,Federal Contract Tower,0,2,7,0,9,0,0,56,0,56,0,2,63,0,65,112,0,112,177
06/09/2012,OSH,WI,AGL,CE,Federal Contract Tower,0,3,5,0,8,0,0,109,0,109,0,3,114,0,117,50,0,50,167
06/10/2012,OSH,WI,AGL,CE,Federal Contract Tower,0,0,14,0,14,0,0,42,0,42,0,0,56,0,56,42,0,42,98
06/11/2012,OSH,WI,AGL,CE,Federal Contract Tower,0,0,10,0,10,0,0,14,0,14,0,0,24,0,24,90,0,90,114
06/12/2012,OSH,WI,AGL,CE,Federal Contract Tower,0,1,12,7,20,0,1,61,4,66,0,2,73,11,86,182,10,192,278
06/13/2012,OSH,WI,AGL,CE,Federal Contract Tower,0,1,6,0,7,0,5,90,2,97,0,6,96,2,104,188,6,194,298
06/14/2012,OSH,WI,AGL,CE,Federal Contract Tower,0,2,12,0,14,0,0,78,4,82,0,2,90,4,96,258,18,276,372
06/15/2012,OSH,WI,AGL,CE,Federal Contract Tower,0,1,19,0,20,0,0,84,0,84,0,1,103,0,104,188,0,188,292
06/16/2012,OSH,WI,AGL,CE,Federal Contract Tower,0,3,7,0,10,0,0,35,0,35,0,3,42,0,45,132,0,132,177
06/17/2012,OSH,WI,AGL,CE,Federal Contract Tower,0,0,8,0,8,0,0,85,0,85,0,0,93,0,93,188,0,188,281
06/18/2012,OSH,WI,AGL,CE,Federal Contract Tower,0,0,16,0,16,0,0,79,0,79,0,0,95,0,95,84,0,84,179
06/19/2012,OSH,WI,AGL,CE,Federal Contract Tower,0,3,7,0,10,0,1,120,0,121,0,4,127,0,131,316,0,316,447
06/20/2012,OSH,WI,AGL,CE,Federal Contract Tower,0,2,11,0,13,0,1,83,0,84,0,3,94,0,97,150,8,158,255
06/21/2012,OSH,WI,AGL,CE,Federal Contract Tower,0,1,17,0,18,0,1,179,2,182,0,2,196,2,200,640,0,640,840
06/22/2012,OSH,WI,AGL,CE,Federal Contract Tower,0,2,18,0,20,0,1,171,0,172,0,3,189,0,192,416,0,416,608
06/23/2012,OSH,WI,AGL,CE,Federal Contract Tower,0,3,20,0,23,0,0,118,0,118,0,3,138,0,141,542,0,542,683
06/24/2012,OSH,WI,AGL,CE,Federal Contract Tower,0,2,14,0,16,0,2,52,2,56,0,4,66,2,72,244,0,244,316
06/25/2012,OSH,WI,AGL,CE,Federal Contract Tower,0,2,13,0,15,0,0,115,4,119,0,2,128,4,134,244,0,244,378
06/26/2012,OSH,WI,AGL,CE,Federal Contract Tower,0,4,14,0,18,0,5,128,0,133,0,9,142,0,151,225,0,225,376
06/27/2012,OSH,WI,AGL,CE,Federal Contract Tower,0,1,13,0,14,0,1,93,0,94,0,2,106,0,108,170,0,170,278
06/28/2012,OSH,WI,AGL,CE,Federal Contract Tower,0,3,18,0,21,0,0,0,0,0,0,3,18,0,21,210,0,210,231
06/29/2012,OSH,WI,AGL,CE,Federal Contract Tower,0,0,9,0,9,0,1,108,1,110,0,1,117,1,119,348,0,348,467
06/30/2012,OSH,WI,AGL,CE,Federal Contract Tower,0,4,6,0,10,0,0,85,0,85,0,4,91,0,95,111,0,111,206
07/01/2012,OSH,WI,AGL,CE,Federal Contract Tower,0,1,9,0,10,0,1,65,0,66,0,2,74,0,76,110,0,110,186
07/02/2012,OSH,WI,AGL,CE,Federal Contract Tower,0,1,12,0,13,0,0,65,0,65,0,1,77,0,78,230,0,230,308
07/03/2012,OSH,WI,AGL,CE,Federal Contract Tower,0,7,0,0,7,0,1,58,0,59,0,8,58,0,66,248,0,248,314
07/04/2012,OSH,WI,AGL,CE,Federal Contract Tower,0,0,2,0,2,0,0,57,0,57,0,0,59,0,59,186,0,186,245
07/05/2012,OSH,WI,AGL,CE,Federal Contract Tower,0,1,16,0,17,0,1,57,0,58,0,2,73,0,75,198,0,198,273
07/06/2012,OSH,WI,AGL,CE,Federal Contract Tower,0,4,11,0,15,0,0,84,0,84,0,4,95,0,99,184,0,184,283
07/07/2012,OSH,WI,AGL,CE,Federal Contract Tower,0,5,11,0,16,0,0,86,0,86,0,5,97,0,102,140,0,140,242
07/08/2012,OSH,WI,AGL,CE,Federal Contract Tower,0,1,12,0,13,0,0,75,0,75,0,1,87,0,88,144,0,144,232
07/09/2012,OSH,WI,AGL,CE,Federal Contract Tower,0,0,16,0,16,0,1,87,2,90,0,1,103,2,106,344,0,344,450
07/10/2012,OSH,WI,AGL,CE,Federal Contract Tower,0,1,17,0,18,0,1,111,0,112,0,2,128,0,130,288,0,288,418
07/11/2012,OSH,WI,AGL,CE,Federal Contract Tower,0,1,19,0,20,0,1,142,0,143,0,2,161,0,163,224,0,224,387
07/12/2012,OSH,WI,AGL,CE,Federal Contract Tower,0,6,21,0,27,0,0,149,2,151,0,6,170,2,178,330,4,334,512
07/13/2012,OSH,WI,AGL,CE,Federal Contract Tower,0,1,17,0,18,0,0,96,2,98,0,1,113,2,116,204,0,204,320
07/14/2012,OSH,WI,AGL,CE,Federal Contract Tower,0,2,5,0,7,0,0,68,2,70,0,2,73,2,77,222,8,230,307
07/15/2012,OSH,WI,AGL,CE,Federal Contract Tower,0,0,14,0,14,0,0,81,0,81,0,0,95,0,95,122,0,122,217
07/16/2012,OSH,WI,AGL,CE,Federal Contract Tower,0,3,13,0,16,0,1,66,0,67,0,4,79,0,83,142,0,142,225
07/17/2012,OSH,WI,AGL,CE,Federal Contract Tower,0,3,21,0,24,0,0,86,2,88,0,3,107,2,112,222,0,222,334
07/18/2012,OSH,WI,AGL,CE,Federal Contract Tower,0,2,24,0,26,0,1,96,0,97,0,3,120,0,123,168,0,168,291
07/19/2012,OSH,WI,AGL,CE,Federal Contract Tower,0,3,76,0,79,0,0,32,0,32,0,3,108,0,111,0,0,0,111
07/20/2012,OSH,WI,AGL,CE,Federal Contract Tower,0,0,32,0,32,0,0,572,0,572,0,0,604,0,604,0,0,0,604
07/21/2012,OSH,WI,AGL,CE,Federal Contract Tower,0,0,54,0,54,0,0,1386,0,1386,0,0,1440,0,1440,0,0,0,1440
07/22/2012,OSH,WI,AGL,CE,Federal Contract Tower,0,1,12,0,13,0,0,64,0,64,0,1,76,0,77,135,0,135,212
07/23/2012,OSH,WI,AGL,CE,Federal Contract Tower,0,0,44,0,44,0,0,1347,0,1347,0,0,1391,0,1391,0,0,0,1391
07/24/2012,OSH,WI,AGL,CE,Federal Contract Tower,0,2,59,6,67,0,0,1713,0,1713,0,2,1772,6,1780,0,0,0,1780
07/25/2012,OSH,WI,AGL,CE,Federal Contract Tower,0,0,106,0,106,0,0,2050,0,2050,0,0,2156,0,2156,0,0,0,2156
07/26/2012,OSH,WI,AGL,CE,Federal Contract Tower,0,0,110,1,111,0,0,2335,0,2335,0,0,2445,1,2446,0,0,0,2446
07/27/2012,OSH,WI,AGL,CE,Federal Contract Tower,0,2,18,0,20,0,0,160,0,160,0,2,178,0,180,205,0,205,385
07/28/2012,OSH,WI,AGL,CE,Federal Contract Tower,0,0,64,0,64,0,0,1906,0,1906,0,0,1970,0,1970,0,0,0,1970
07/29/2012,OSH,WI,AGL,CE,Federal Contract Tower,0,1,12,0,13,0,1,73,0,74,0,2,85,0,87,166,0,166,253
07/30/2012,OSH,WI,AGL,CE,Federal Contract Tower,0,0,159,0,159,0,0,2376,0,2376,0,0,2535,0,2535,34,0,34,2569
07/31/2012,OSH,WI,AGL,CE,Federal Contract Tower,0,0,20,0,20,0,2,251,2,255,0,2,271,2,275,298,0,298,573
08/01/2012,OSH,WI,AGL,CE,Federal Contract Tower,1,1,16,0,18,0,1,220,2,223,1,2,236,2,241,234,2,236,477
08/02/2012,OSH,WI,AGL,CE,Federal Contract Tower,0,1,11,0,12,0,1,113,0,114,0,2,124,0,126,182,0,182,308
08/03/2012,OSH,WI,AGL,CE,Federal Contract Tower,0,1,20,0,21,0,1,128,0,129,0,2,148,0,150,240,0,240,390
08/04/2012,OSH,WI,AGL,CE,Federal Contract Tower,0,3,2,0,5,0,0,36,0,36,0,3,38,0,41,106,0,106,147
08/05/2012,OSH,WI,AGL,CE,Federal Contract Tower,0,0,16,0,16,0,0,51,0,51,0,0,67,0,67,124,0,124,191
08/06/2012,OSH,WI,AGL,CE,Federal Contract Tower,0,2,10,1,13,0,1,109,0,110,0,3,119,1,123,198,0,198,321
08/07/2012,OSH,WI,AGL,CE,Federal Contract Tower,0,1,6,0,7,0,1,87,2,90,0,2,93,2,97,246,4,250,347
08/08/2012,OSH,WI,AGL,CE,Federal Contract Tower,0,0,7,0,7,0,0,106,0,106,0,0,113,0,113,196,2,198,311
08/09/2012,OSH,WI,AGL,CE,Federal Contract Tower,0,3,26,0,29,0,0,12,0,12,0,3,38,0,41,88,0,88,129
08/10/2012,OSH,WI,AGL,CE,Federal Contract Tower,1,5,17,0,23,0,0,39,0,39,1,5,56,0,62,58,0,58,120
08/11/2012,OSH,WI,AGL,CE,Federal Contract Tower,0,4,9,0,13,0,0,77,0,77,0,4,86,0,90,86,0,86,176
08/12/2012,OSH,WI,AGL,CE,Federal Contract Tower,0,1,7,0,8,0,0,61,0,61,0,1,68,0,69,108,0,108,177
08/13/2012,OSH,WI,AGL,CE,Federal Contract Tower,0,12,0,0,12,0,0,85,0,85,0,12,85,0,97,158,0,158,255
08/14/2012,OSH,WI,AGL,CE,Federal Contract Tower,0,3,15,1,19,0,1,113,1,115,0,4,128,2,134,174,0,174,308
08/15/2012,OSH,WI,AGL,CE,Federal Contract Tower,0,1,22,0,23,0,1,93,1,95,0,2,115,1,118,188,0,188,306
08/16/2012,OSH,WI,AGL,CE,Federal Contract Tower,0,1,13,0,14,0,0,16,0,16,0,1,29,0,30,128,0,128,158
08/17/2012,OSH,WI,AGL,CE,Federal Contract Tower,0,3,13,0,16,0,0,90,0,90,0,3,103,0,106,156,0,156,262
08/18/2012,OSH,WI,AGL,CE,Federal Contract Tower,0,2,3,0,5,0,0,70,0,70,0,2,73,0,75,196,0,196,271
08/19/2012,OSH,WI,AGL,CE,Federal Contract Tower,0,0,4,0,4,0,0,45,0,45,0,0,49,0,49,122,0,122,171
08/20/2012,OSH,WI,AGL,CE,Federal Contract Tower,0,0,15,0,15,0,0,59,0,59,0,0,74,0,74,154,0,154,228
08/21/2012,OSH,WI,AGL,CE,Federal Contract Tower,0,1,7,0,8,0,7,92,0,99,0,8,99,0,107,202,0,202,309
08/22/2012,OSH,WI,AGL,CE,Federal Contract Tower,0,5,12,0,17,0,1,102,0,103,0,6,114,0,120,8,1,9,129
08/23/2012,OSH,WI,AGL,CE,Federal Contract Tower,0,0,9,0,9,0,2,45,0,47,0,2,54,0,56,146,4,150,206
08/24/2012,OSH,WI,AGL,CE,Federal Contract Tower,0,2,4,0,6,0,1,52,0,53,0,3,56,0,59,74,0,74,133
08/25/2012,OSH,WI,AGL,CE,Federal Contract Tower,0,2,9,0,11,0,0,69,0,69,0,2,78,0,80,74,0,74,154
08/26/2012,OSH,WI,AGL,CE,Federal Contract Tower,0,1,21,0,22,0,0,4,0,4,0,1,25,0,26,0,0,0,26
08/27/2012,OSH,WI,AGL,CE,Federal Contract Tower,0,2,11,0,13,0,3,75,0,78,0,5,86,0,91,196,0,196,287
08/28/2012,OSH,WI,AGL,CE,Federal Contract Tower,0,0,8,0,8,0,1,81,0,82,0,1,89,0,90,238,0,238,328
08/29/2012,OSH,WI,AGL,CE,Federal Contract Tower,0,5,9,0,14,0,2,99,0,101,0,7,108,0,115,156,14,170,285
08/30/2012,OSH,WI,AGL,CE,Federal Contract Tower,0,3,15,0,18,0,2,41,0,43,0,5,56,0,61,2,0,2,63
08/31/2012,OSH,WI,AGL,CE,Federal Contract Tower,0,1,15,0,16,0,2,124,0,126,0,3,139,0,142,68,0,68,210
09/01/2012,OSH,WI,AGL,CE,Federal Contract Tower,0,2,4,0,6,0,0,97,0,97,0,2,101,0,103,76,0,76,179
09/02/2012,OSH,WI,AGL,CE,Federal Contract Tower,0,0,1,0,1,0,0,121,0,121,0,0,122,0,122,112,0,112,234
09/03/2012,OSH,WI,AGL,CE,Federal Contract Tower,0,0,5,0,5,0,0,52,0,52,0,0,57,0,57,98,0,98,155
09/04/2012,OSH,WI,AGL,CE,Federal Contract Tower,0,4,17,0,21,0,0,61,0,61,0,4,78,0,82,66,0,66,148
09/05/2012,OSH,WI,AGL,CE,Federal Contract Tower,0,0,13,0,13,0,1,49,0,50,0,1,62,0,63,90,0,90,153
09/06/2012,OSH,WI,AGL,CE,Federal Contract Tower,0,2,19,0,21,0,1,124,0,125,0,3,143,0,146,122,2,124,270
09/07/2012,OSH,WI,AGL,CE,Federal Contract Tower,0,2,26,0,28,0,0,32,0,32,0,2,58,0,60,18,0,18,78
09/08/2012,OSH,WI,AGL,CE,Federal Contract Tower,0,2,4,0,6,0,0,84,0,84,0,2,88,0,90,102,0,102,192
09/09/2012,OSH,WI,AGL,CE,Federal Contract Tower,0,0,12,0,12,0,0,85,0,85,0,0,97,0,97,114,0,114,211
09/10/2012,OSH,WI,AGL,CE,Federal Contract Tower,0,1,15,0,16,0,80,0,0,80,0,81,15,0,96,124,0,124,220
09/11/2012,OSH,WI,AGL,CE,Federal Contract Tower,0,0,7,2,9,0,2,44,0,46,0,2,51,2,55,44,0,44,99
09/12/2012,OSH,WI,AGL,CE,Federal Contract Tower,0,1,14,0,15,0,1,74,0,75,0,2,88,0,90,112,0,112,202
09/13/2012,OSH,WI,AGL,CE,Federal Contract Tower,0,1,16,0,17,0,1,43,0,44,0,2,59,0,61,158,0,158,219
09/14/2012,OSH,WI,AGL,CE,Federal Contract Tower,0,3,13,0,16,0,0,59,0,59,0,3,72,0,75,142,0,142,217
09/15/2012,OSH,WI,AGL,CE,Federal Contract Tower,0,3,4,0,7,0,0,164,0,164,0,3,168,0,171,112,0,112,283
09/16/2012,OSH,WI,AGL,CE,Federal Contract Tower,0,0,13,0,13,0,0,47,0,47,0,0,60,0,60,48,0,48,108
09/17/2012,OSH,WI,AGL,CE,Federal Contract Tower,0,1,15,0,16,0,0,20,0,20,0,1,35,0,36,70,0,70,106
09/18/2012,OSH,WI,AGL,CE,Federal Contract Tower,0,2,8,0,10,0,2,40,0,42,0,4,48,0,52,24,0,24,76
09/19/2012,OSH,WI,AGL,CE,Federal Contract Tower,0,0,7,0,7,0,0,16,0,16,0,0,23,0,23,0,0,0,23
09/20/2012,OSH,WI,AGL,CE,Federal Contract Tower,0,1,9,0,10,0,1,44,0,45,0,2,53,0,55,96,0,96,151
09/21/2012,OSH,WI,AGL,CE,Federal Contract Tower,0,1,15,0,16,0,0,67,0,67,0,1,82,0,83,96,0,96,179
09/22/2012,OSH,WI,AGL,CE,Federal Contract Tower,0,3,0,0,3,0,0,24,0,24,0,3,24,0,27,78,0,78,105
09/23/2012,OSH,WI,AGL,CE,Federal Contract Tower,0,0,16,0,16,0,0,46,0,46,0,0,62,0,62,88,0,88,150
09/24/2012,OSH,WI,AGL,CE,Federal Contract Tower,0,1,4,1,6,0,0,45,0,45,0,1,49,1,51,26,0,26,77
09/25/2012,OSH,WI,AGL,CE,Federal Contract Tower,0,1,9,0,10,0,0,90,0,90,0,1,99,0,100,128,0,128,228
09/26/2012,OSH,WI,AGL,CE,Federal Contract Tower,0,0,15,0,15,0,2,91,0,93,0,2,106,0,108,128,0,128,236
09/27/2012,OSH,WI,AGL,CE,Federal Contract Tower,0,1,23,0,24,0,1,82,0,83,0,2,105,0,107,104,0,104,211
09/28/2012,OSH,WI,AGL,CE,Federal Contract Tower,0,0,7,0,7,0,0,84,0,84,0,0,91,0,91,88,0,88,179
09/29/2012,OSH,WI,AGL,CE,Federal Contract Tower,0,3,2,0,5,0,1,8,0,9,0,4,10,0,14,78,0,78,92
09/30/2012,OSH,WI,AGL,CE,Federal Contract Tower,0,0,15,0,15,0,0,28,0,28,0,0,43,0,43,62,0,62,105
10/01/2012,OSH,WI,AGL,CE,Federal Contract Tower,0,1,11,2,14,0,0,51,2,53,0,1,62,4,67,102,0,102,169
10/02/2012,OSH,WI,AGL,CE,Federal Contract Tower,0,1,9,0,10,0,1,55,1,57,0,2,64,1,67,52,0,52,119
10/03/2012,OSH,WI,AGL,CE,Federal Contract Tower,0,2,26,2,30,0,0,39,0,39,0,2,65,2,69,68,0,68,137
10/04/2012,OSH,WI,AGL,CE,Federal Contract Tower,0,4,7,0,11,0,0,34,0,34,0,4,41,0,45,40,0,40,85
10/05/2012,OSH,WI,AGL,CE,Federal Contract Tower,0,1,14,0,15,0,0,32,0,32,0,1,46,0,47,40,0,40,87
10/06/2012,OSH,WI,AGL,CE,Federal Contract Tower,0,4,1,0,5,0,0,34,0,34,0,4,35,0,39,72,0,72,111
10/07/2012,OSH,WI,AGL,CE,Federal Contract Tower,0,0,3,0,3,0,0,75,0,75,0,0,78,0,78,144,0,144,222
10/08/2012,OSH,WI,AGL,CE,Federal Contract Tower,0,1,16,0,17,0,0,34,0,34,0,1,50,0,51,32,0,32,83
10/09/2012,OSH,WI,AGL,CE,Federal Contract Tower,0,2,15,2,19,0,0,13,0,13,0,2,28,2,32,14,0,14,46
10/10/2012,OSH,WI,AGL,CE,Federal Contract Tower,0,1,19,0,20,0,1,45,2,48,0,2,64,2,68,28,2,30,98
10/11/2012,OSH,WI,AGL,CE,Federal Contract Tower,0,1,12,0,13,0,0,36,0,36,0,1,48,0,49,72,2,74,123
10/12/2012,OSH,WI,AGL,CE,Federal Contract Tower,0,22,0,0,22,0,1,95,0,96,0,23,95,0,118,164,0,164,282
10/13/2012,OSH,WI,AGL,CE,Federal Contract Tower,0,2,2,0,4,0,0,0,0,0,0,2,2,0,4,0,0,0,4
10/14/2012,OSH,WI,AGL,CE,Federal Contract Tower,0,4,4,0,8,0,0,0,0,0,0,4,4,0,8,0,0,0,8
10/15/2012,OSH,WI,AGL,CE,Federal Contract Tower,0,0,16,0,16,0,1,71,4,76,0,1,87,4,92,70,0,70,162
10/16/2012,OSH,WI,AGL,CE,Federal Contract Tower,0,0,12,0,12,0,1,71,0,72,0,1,83,0,84,114,0,114,198
10/17/2012,OSH,WI,AGL,CE,Federal Contract Tower,0,1,14,0,15,0,1,50,0,51,0,2,64,0,66,34,0,34,100
10/18/2012,OSH,WI,AGL,CE,Federal Contract Tower,0,2,21,0,23,0,0,4,0,4,0,2,25,0,27,0,0,0,27
10/19/2012,OSH,WI,AGL,CE,Federal Contract Tower,0,3,23,0,26,0,0,14,0,14,0,3,37,0,40,38,0,38,78
10/20/2012,OSH,WI,AGL,CE,Federal Contract Tower,0,3,5,0,8,0,0,35,0,35,0,3,40,0,43,44,0,44,87
10/21/2012,OSH,WI,AGL,CE,Federal Contract Tower,0,0,13,0,13,0,0,83,0,83,0,0,96,0,96,54,0,54,150
10/22/2012,OSH,WI,AGL,CE,Federal Contract Tower,0,1,9,0,10,0,0,7,0,7,0,1,16,0,17,26,0,26,43
10/23/2012,OSH,WI,AGL,CE,Federal Contract Tower,0,3,10,0,13,0,0,0,0,0,0,3,10,0,13,0,0,0,13
10/24/2012,OSH,WI,AGL,CE,Federal Contract Tower,0,5,20,1,26,0,1,15,0,16,0,6,35,1,42,26,0,26,68
10/25/2012,OSH,WI,AGL,CE,Federal Contract Tower,0,2,2,1,5,0,1,2,0,3,0,3,4,1,8,0,0,0,8
10/26/2012,OSH,WI,AGL,CE,Federal Contract Tower,0,0,16,4,20,0,1,22,0,23,0,1,38,4,43,38,0,38,81
10/27/2012,OSH,WI,AGL,CE,Federal Contract Tower,0,4,2,0,6,0,0,49,0,49,0,4,51,0,55,52,0,52,107
10/28/2012,OSH,WI,AGL,CE,Federal Contract Tower,0,0,9,0,9,0,0,31,0,31,0,0,40,0,40,52,0,52,92
10/29/2012,OSH,WI,AGL,CE,Federal Contract Tower,0,1,8,0,9,0,0,42,4,46,0,1,50,4,55,26,0,26,81
10/30/2012,OSH,WI,AGL,CE,Federal Contract Tower,0,1,8,0,9,0,0,3,0,3,0,1,11,0,12,0,0,0,12
10/31/2012,OSH,WI,AGL,CE,Federal Contract Tower,0,5,16,0,21,0,2,39,0,41,0,7,55,0,62,26,2,28,90
11/01/2012,OSH,WI,AGL,CE,Federal Contract Tower,0,1,9,0,10,0,1,37,0,38,0,2,46,0,48,132,0,132,180
11/02/2012,OSH,WI,AGL,CE,Federal Contract Tower,0,0,13,0,13,0,0,82,0,82,0,0,95,0,95,96,0,96,191
11/03/2012,OSH,WI,AGL,CE,Federal Contract Tower,0,2,5,0,7,0,0,33,0,33,0,2,38,0,40,12,0,12,52
11/04/2012,OSH,WI,AGL,CE,Federal Contract Tower,0,0,5,0,5,0,0,31,0,31,0,0,36,0,36,26,0,26,62
11/05/2012,OSH,WI,AGL,CE,Federal Contract Tower,0,2,12,0,14,0,0,34,0,34,0,2,46,0,48,30,0,30,78
11/06/2012,OSH,WI,AGL,CE,Federal Contract Tower,0,2,10,0,12,0,0,1,0,1,0,2,11,0,13,10,0,10,23
11/07/2012,OSH,WI,AGL,CE,Federal Contract Tower,0,3,9,0,12,0,0,0,0,0,0,3,9,0,12,0,0,0,12
11/08/2012,OSH,WI,AGL,CE,Federal Contract Tower,0,2,9,0,11,0,1,53,0,54,0,3,62,0,65,98,0,98,163
11/09/2012,OSH,WI,AGL,CE,Federal Contract Tower,0,2,11,4,17,0,0,27,0,27,0,2,38,4,44,72,0,72,116
11/10/2012,OSH,WI,AGL,CE,Federal Contract Tower,0,3,9,0,12,0,0,14,0,14,0,3,23,0,26,2,0,2,28
11/11/2012,OSH,WI,AGL,CE,Federal Contract Tower,0,0,8,0,8,0,0,0,0,0,0,0,8,0,8,0,0,0,8
11/12/2012,OSH,WI,AGL,CE,Federal Contract Tower,0,0,8,0,8,0,0,12,0,12,0,0,20,0,20,12,0,12,32
11/13/2012,OSH,WI,AGL,CE,Federal Contract Tower,0,1,4,0,5,0,2,64,0,66,0,3,68,0,71,176,0,176,247
11/14/2012,OSH,WI,AGL,CE,Federal Contract Tower,0,1,28,0,29,0,2,44,2,48,0,3,72,2,77,66,6,72,149
11/15/2012,OSH,WI,AGL,CE,Federal Contract Tower,0,2,19,0,21,0,1,62,0,63,0,3,81,0,84,54,0,54,138
11/16/2012,OSH,WI,AGL,CE,Federal Contract Tower,0,3,37,0,40,0,0,54,0,54,0,3,91,0,94,90,0,90,184
11/17/2012,OSH,WI,AGL,CE,Federal Contract Tower,0,2,10,0,12,0,0,56,0,56,0,2,66,0,68,60,0,60,128
11/18/2012,OSH,WI,AGL,CE,Federal Contract Tower,0,0,10,0,10,0,0,38,0,38,0,0,48,0,48,50,0,50,98
11/19/2012,OSH,WI,AGL,CE,Federal Contract Tower,0,2,9,0,11,0,0,27,0,27,0,2,36,0,38,20,0,20,58
11/20/2012,OSH,WI,AGL,CE,Federal Contract Tower,0,3,10,0,13,0,0,41,0,41,0,3,51,0,54,150,0,150,204
11/21/2012,OSH,WI,AGL,CE,Federal Contract Tower,0,1,15,0,16,0,0,32,0,32,0,1,47,0,48,26,0,26,74
11/22/2012,OSH,WI,AGL,CE,Federal Contract Tower,0,0,1,0,1,0,0,3,0,3,0,0,4,0,4,0,0,0,4
11/23/2012,OSH,WI,AGL,CE,Federal Contract Tower,0,1,2,0,3,0,0,4,0,4,0,1,6,0,7,0,0,0,7
11/24/2012,OSH,WI,AGL,CE,Federal Contract Tower,0,2,1,0,3,0,0,58,0,58,0,2,59,0,61,48,0,48,109
11/25/2012,OSH,WI,AGL,CE,Federal Contract Tower,0,0,6,0,6,0,0,42,0,42,0,0,48,0,48,54,0,54,102
11/26/2012,OSH,WI,AGL,CE,Federal Contract Tower,0,1,13,0,14,0,1,41,0,42,0,2,54,0,56,132,0,132,188
11/27/2012,OSH,WI,AGL,CE,Federal Contract Tower,0,0,10,0,10,0,2,48,8,58,0,2,58,8,68,67,0,67,135
11/28/2012,OSH,WI,AGL,CE,Federal Contract Tower,0,1,13,3,17,0,0,63,0,63,0,1,76,3,80,114,2,116,196
11/29/2012,OSH,WI,AGL,CE,Federal Contract Tower,0,6,6,0,12,0,1,78,0,79,0,7,84,0,91,106,0,106,197
11/30/2012,OSH,WI,AGL,CE,Federal Contract Tower,0,1,16,0,17,0,0,0,0,0,0,1,16,0,17,0,0,0,17
12/01/2012,OSH,WI,AGL,CE,Federal Contract Tower,0,3,5,0,8,0,0,3,0,3,0,3,8,0,11,0,0,0,11
12/02/2012,OSH,WI,AGL,CE,Federal Contract Tower,0,0,7,0,7,0,0,4,0,4,0,0,11,0,11,6,0,6,17
12/03/2012,OSH,WI,AGL,CE,Federal Contract Tower,0,2,16,0,18,0,0,2,0,2,0,2,18,0,20,0,0,0,20
12/04/2012,OSH,WI,AGL,CE,Federal Contract Tower,0,2,3,0,5,0,1,59,0,60,0,3,62,0,65,134,0,134,199
12/05/2012,OSH,WI,AGL,CE,Federal Contract Tower,0,1,6,0,7,0,2,66,6,74,0,3,72,6,81,86,4,90,171
12/06/2012,OSH,WI,AGL,CE,Federal Contract Tower,0,3,3,0,6,0,2,37,10,49,0,5,40,10,55,32,0,32,87
12/07/2012,OSH,WI,AGL,CE,Federal Contract Tower,0,0,16,1,17,0,1,56,3,60,0,1,72,4,77,22,0,22,99
12/08/2012,OSH,WI,AGL,CE,Federal Contract Tower,0,2,4,0,6,0,0,49,0,49,0,2,53,0,55,64,0,64,119
12/09/2012,OSH,WI,AGL,CE,Federal Contract Tower,0,2,2,0,4,0,0,0,0,0,0,2,2,0,4,0,0,0,4
12/10/2012,OSH,WI,AGL,CE,Federal Contract Tower,0,1,8,2,11,0,1,27,0,28,0,2,35,2,39,4,0,4,43
12/11/2012,OSH,WI,AGL,CE,Federal Contract Tower,0,2,14,0,16,0,1,26,0,27,0,3,40,0,43,42,0,42,85
12/12/2012,OSH,WI,AGL,CE,Federal Contract Tower,0,2,13,0,15,0,0,59,0,59,0,2,72,0,74,110,0,110,184
12/13/2012,OSH,WI,AGL,CE,Federal Contract Tower,0,3,16,0,19,0,1,58,0,59,0,4,74,0,78,128,0,128,206
12/14/2012,OSH,WI,AGL,CE,Federal Contract Tower,0,2,17,0,19,0,0,65,0,65,0,2,82,0,84,106,0,106,190
12/15/2012,OSH,WI,AGL,CE,Federal Contract Tower,0,2,13,0,15,0,0,0,0,0,0,2,13,0,15,0,0,0,15
12/16/2012,OSH,WI,AGL,CE,Federal Contract Tower,0,0,6,0,6,0,0,1,0,1,0,0,7,0,7,0,0,0,7
12/17/2012,OSH,WI,AGL,CE,Federal Contract Tower,0,2,6,2,10,0,0,8,0,8,0,2,14,2,18,0,0,0,18
12/18/2012,OSH,WI,AGL,CE,Federal Contract Tower,0,1,18,0,19,0,0,11,0,11,0,1,29,0,30,16,0,16,46
12/19/2012,OSH,WI,AGL,CE,Federal Contract Tower,0,1,15,0,16,0,0,22,0,22,0,1,37,0,38,36,0,36,74
12/20/2012,OSH,WI,AGL,CE,Federal Contract Tower,0,0,1,0,1,0,0,0,0,0,0,0,1,0,1,0,0,0,1
12/21/2012,OSH,WI,AGL,CE,Federal Contract Tower,0,0,9,0,9,0,1,3,0,4,0,1,12,0,13,8,0,8,21
12/22/2012,OSH,WI,AGL,CE,Federal Contract Tower,0,4,2,0,6,0,0,18,0,18,0,4,20,0,24,20,0,20,44
12/23/2012,OSH,WI,AGL,CE,Federal Contract Tower,0,0,2,0,2,0,0,10,0,10,0,0,12,0,12,28,0,28,40
12/24/2012,OSH,WI,AGL,CE,Federal Contract Tower,0,1,2,0,3,0,0,5,0,5,0,1,7,0,8,30,0,30,38
12/25/2012,OSH,WI,AGL,CE,Federal Contract Tower,0,0,0,0,0,0,0,6,0,6,0,0,6,0,6,2,0,2,8
12/26/2012,OSH,WI,AGL,CE,Federal Contract Tower,0,2,12,0,14,0,1,27,0,28,0,3,39,0,42,54,0,54,96
12/27/2012,OSH,WI,AGL,CE,Federal Contract Tower,0,1,3,0,4,0,2,39,4,45,0,3,42,4,49,66,2,68,117
12/28/2012,OSH,WI,AGL,CE,Federal Contract Tower,0,1,1,0,2,0,0,0,0,0,0,1,1,0,2,0,0,0,2
12/29/2012,OSH,WI,AGL,CE,Federal Contract Tower,0,1,2,0,3,0,0,2,0,2,0,1,4,0,5,0,0,0,5
12/30/2012,OSH,WI,AGL,CE,Federal Contract Tower,0,1,6,0,7,0,0,42,0,42,0,1,48,0,49,64,0,64,113
12/31/2012,OSH,WI,AGL,CE,Federal Contract Tower,0,3,4,0,7,0,0,13,2,15,0,3,17,2,22,26,0,26,48
01/01/2013,OSH,WI,AGL,CE,Federal Contract Tower,0,0,1,0,1,0,0,12,0,12,0,0,13,0,13,6,0,6,19
01/02/2013,OSH,WI,AGL,CE,Federal Contract Tower,0,3,3,0,6,0,1,27,0,28,0,4,30,0,34,30,0,30,64
01/03/2013,OSH,WI,AGL,CE,Federal Contract Tower,0,1,4,0,5,0,1,16,2,19,0,2,20,2,24,56,2,58,82
01/04/2013,OSH,WI,AGL,CE,Federal Contract Tower,0,1,9,0,10,0,0,32,4,36,0,1,41,4,46,54,6,60,106
01/05/2013,OSH,WI,AGL,CE,Federal Contract Tower,0,2,5,0,7,0,0,17,0,17,0,2,22,0,24,88,0,88,112
01/06/2013,OSH,WI,AGL,CE,Federal Contract Tower,0,0,7,0,7,0,0,37,0,37,0,0,44,0,44,40,0,40,84
01/07/2013,OSH,WI,AGL,CE,Federal Contract Tower,0,1,5,2,8,0,1,12,0,13,0,2,17,2,21,22,0,22,43
01/08/2013,OSH,WI,AGL,CE,Federal Contract Tower,0,1,10,0,11,0,2,47,4,53,0,3,57,4,64,88,0,88,152
01/09/2013,OSH,WI,AGL,CE,Federal Contract Tower,0,0,11,0,11,0,2,67,0,69,0,2,78,0,80,86,0,86,166
01/10/2013,OSH,WI,AGL,CE,Federal Contract Tower,0,1,9,0,10,0,0,60,0,60,0,1,69,0,70,212,0,212,282
01/11/2013,OSH,WI,AGL,CE,Federal Contract Tower,0,5,5,0,10,0,0,0,0,0,0,5,5,0,10,0,0,0,10
01/12/2013,OSH,WI,AGL,CE,Federal Contract Tower,0,2,1,0,3,0,0,3,0,3,0,2,4,0,6,1,0,1,7
01/13/2013,OSH,WI,AGL,CE,Federal Contract Tower,0,0,2,0,2,0,0,33,0,33,0,0,35,0,35,95,0,95,130
01/14/2013,OSH,WI,AGL,CE,Federal Contract Tower,0,2,1,0,3,0,0,52,4,56,0,2,53,4,59,78,0,78,137
01/15/2013,OSH,WI,AGL,CE,Federal Contract Tower,0,1,9,0,10,0,1,72,4,77,0,2,81,4,87,106,0,106,193
01/16/2013,OSH,WI,AGL,CE,Federal Contract Tower,0,2,8,0,10,0,1,4,0,5,0,3,12,0,15,4,0,4,19
01/17/2013,OSH,WI,AGL,CE,Federal Contract Tower,0,1,5,0,6,0,2,65,4,71,0,3,70,4,77,94,4,98,175
01/18/2013,OSH,WI,AGL,CE,Federal Contract Tower,0,0,12,0,12,0,1,2,2,5,0,1,14,2,17,0,0,0,17
01/19/2013,OSH,WI,AGL,CE,Federal Contract Tower,0,4,4,0,8,0,1,45,0,46,0,5,49,0,54,20,0,20,74
01/20/2013,OSH,WI,AGL,CE,Federal Contract Tower,0,0,6,0,6,0,0,18,0,18,0,0,24,0,24,6,0,6,30
01/21/2013,OSH,WI,AGL,CE,Federal Contract Tower,0,1,3,0,4,0,0,3,0,3,0,1,6,0,7,0,0,0,7
01/22/2013,OSH,WI,AGL,CE,Federal Contract Tower,0,2,4,0,6,0,0,17,2,19,0,2,21,2,25,4,0,4,29
01/23/2013,OSH,WI,AGL,CE,Federal Contract Tower,0,2,14,0,16,0,0,7,0,7,0,2,21,0,23,2,0,2,25
01/24/2013,OSH,WI,AGL,CE,Federal Contract Tower,0,4,8,0,12,0,1,37,4,42,0,5,45,4,54,54,0,54,108
01/25/2013,OSH,WI,AGL,CE,Federal Contract Tower,0,1,6,0,7,0,0,1,0,1,0,1,7,0,8,0,0,0,8
01/26/2013,OSH,WI,AGL,CE,Federal Contract Tower,0,2,5,0,7,0,2,85,0,87,0,4,90,0,94,80,0,80,174
01/27/2013,OSH,WI,AGL,CE,Federal Contract Tower,0,0,3,0,3,0,0,5,0,5,0,0,8,0,8,0,0,0,8
01/28/2013,OSH,WI,AGL,CE,Federal Contract Tower,0,15,3,3,21,0,0,2,0,2,0,15,5,3,23,4,0,4,27
01/29/2013,OSH,WI,AGL,CE,Federal Contract Tower,0,3,14,0,17,0,0,0,0,0,0,3,14,0,17,0,0,0,17
01/30/2013,OSH,WI,AGL,CE,Federal Contract Tower,0,3,3,0,6,0,0,0,0,0,0,3,3,0,6,0,0,0,6
01/31/2013,OSH,WI,AGL,CE,Federal Contract Tower,0,1,17,4,22,0,0,14,2,16,0,1,31,6,38,20,0,20,58
02/01/2013,OSH,WI,AGL,CE,Federal Contract Tower,0,3,10,0,13,0,0,44,8,52,0,3,54,8,65,10,0,10,75
02/02/2013,OSH,WI,AGL,CE,Federal Contract Tower,0,2,1,0,3,0,0,25,0,25,0,2,26,0,28,32,0,32,60
02/03/2013,OSH,WI,AGL,CE,Federal Contract Tower,0,0,6,0,6,0,0,7,0,7,0,0,13,0,13,20,0,20,33
02/04/2013,OSH,WI,AGL,CE,Federal Contract Tower,0,1,6,0,7,0,0,49,0,49,0,1,55,0,56,42,0,42,98
02/05/2013,OSH,WI,AGL,CE,Federal Contract Tower,0,1,10,0,11,0,0,3,0,3,0,1,13,0,14,12,0,12,26
02/06/2013,OSH,WI,AGL,CE,Federal Contract Tower,0,1,5,0,6,0,0,38,0,38,0,1,43,0,44,50,0,50,94
02/07/2013,OSH,WI,AGL,CE,Federal Contract Tower,0,2,8,0,10,0,0,0,0,0,0,2,8,0,10,0,0,0,10
02/08/2013,OSH,WI,AGL,CE,Federal Contract Tower,0,1,7,0,8,0,0,57,0,57,0,1,64,0,65,96,0,96,161
02/09/2013,OSH,WI,AGL,CE,Federal Contract Tower,0,3,5,2,10,0,0,2,0,2,0,3,7,2,12,0,0,0,12
02/10/2013,OSH,WI,AGL,CE,Federal Contract Tower,0,0,1,0,1,0,0,2,0,2,0,0,3,0,3,0,0,0,3
02/11/2013,OSH,WI,AGL,CE,Federal Contract Tower,0,1,6,0,7,0,1,2,0,3,0,2,8,0,10,0,0,0,10
02/12/2013,OSH,WI,AGL,CE,Federal Contract Tower,0,1,18,0,19,0,2,52,0,54,0,3,70,0,73,40,0,40,113
02/13/2013,OSH,WI,AGL,CE,Federal Contract Tower,0,1,12,0,13,0,3,91,2,96,0,4,103,2,109,155,0,155,264
02/14/2013,OSH,WI,AGL,CE,Federal Contract Tower,0,3,12,0,15,0,0,1,0,1,0,3,13,0,16,0,0,0,16
02/15/2013,OSH,WI,AGL,CE,Federal Contract Tower,0,1,26,0,27,0,1,94,2,97,0,2,120,2,124,80,0,80,204
02/16/2013,OSH,WI,AGL,CE,Federal Contract Tower,0,3,5,0,8,0,0,93,0,93,0,3,98,0,101,120,0,120,221
02/17/2013,OSH,WI,AGL,CE,Federal Contract Tower,0,0,13,0,13,0,0,79,0,79,0,0,92,0,92,52,0,52,144
02/18/2013,OSH,WI,AGL,CE,Federal Contract Tower,0,2,40,0,42,0,0,49,0,49,0,2,89,0,91,50,0,50,141
02/19/2013,OSH,WI,AGL,CE,Federal Contract Tower,0,2,1,0,3,0,0,3,0,3,0,2,4,0,6,0,0,0,6
02/20/2013,OSH,WI,AGL,CE,Federal Contract Tower,0,0,20,0,20,0,2,61,6,69,0,2,81,6,89,30,0,30,119
02/21/2013,OSH,WI,AGL,CE,Federal Contract Tower,0,2,10,1,13,0,1,8,1,10,0,3,18,2,23,0,0,0,23
02/22/2013,OSH,WI,AGL,CE,Federal Contract Tower,0,1,4,0,5,0,0,0,0,0,0,1,4,0,5,0,0,0,5
02/23/2013,OSH,WI,AGL,CE,Federal Contract Tower,0,2,2,0,4,0,0,3,0,3,0,2,5,0,7,2,0,2,9
02/24/2013,OSH,WI,AGL,CE,Federal Contract Tower,0,0,9,0,9,0,0,49,0,49,0,0,58,0,58,49,0,49,107
02/25/2013,OSH,WI,AGL,CE,Federal Contract Tower,0,1,21,0,22,0,1,52,0,53,0,2,73,0,75,28,0,28,103
02/26/2013,OSH,WI,AGL,CE,Federal Contract Tower,0,3,12,0,15,0,2,21,0,23,0,5,33,0,38,38,0,38,76
02/27/2013,OSH,WI,AGL,CE,Federal Contract Tower,0,6,9,0,15,0,0,3,0,3,0,6,12,0,18,0,0,0,18
02/28/2013,OSH,WI,AGL,CE,Federal Contract Tower,0,3,8,2,13,0,0,5,0,5,0,3,13,2,18,14,0,14,32
03/01/2013,OSH,WI,AGL,CE,Federal Contract Tower,0,0,17,0,17,0,1,10,0,11,0,1,27,0,28,16,0,16,44
03/02/2013,OSH,WI,AGL,CE,Federal Contract Tower,0,2,24,0,26,0,0,67,0,67,0,2,91,0,93,120,0,120,213
03/03/2013,OSH,WI,AGL,CE,Federal Contract Tower,0,5,10,0,15,0,0,72,0,72,0,5,82,0,87,108,0,108,195
03/04/2013,OSH,WI,AGL,CE,Federal Contract Tower,0,2,11,0,13,0,1,67,0,68,0,3,78,0,81,6,0,6,87
03/05/2013,OSH,WI,AGL,CE,Federal Contract Tower,0,3,3,0,6,0,0,3,0,3,0,3,6,0,9,24,0,24,33
03/06/2013,OSH,WI,AGL,CE,Federal Contract Tower,0,1,10,0,11,0,2,9,0,11,0,3,19,0,22,32,0,32,54
03/07/2013,OSH,WI,AGL,CE,Federal Contract Tower,0,3,27,0,30,0,0,99,0,99,0,3,126,0,129,102,0,102,231
03/08/2013,OSH,WI,AGL,CE,Federal Contract Tower,0,1,21,0,22,0,0,67,0,67,0,1,88,0,89,112,0,112,201
03/09/2013,OSH,WI,AGL,CE,Federal Contract Tower,0,3,3,0,6,0,0,11,0,11,0,3,14,0,17,56,0,56,73
03/10/2013,OSH,WI,AGL,CE,Federal Contract Tower,0,0,5,0,5,0,0,0,0,0,0,0,5,0,5,0,0,0,5
03/11/2013,OSH,WI,AGL,CE,Federal Contract Tower,0,2,6,0,8,0,0,1,0,1,0,2,7,0,9,0,0,0,9
03/12/2013,OSH,WI,AGL,CE,Federal Contract Tower,0,2,10,0,12,0,1,16,0,17,0,3,26,0,29,28,0,28,57
03/13/2013,OSH,WI,AGL,CE,Federal Contract Tower,0,1,23,0,24,0,1,93,0,94,0,2,116,0,118,82,0,82,200
03/14/2013,OSH,WI,AGL,CE,Federal Contract Tower,0,1,8,0,9,0,1,65,0,66,0,2,73,0,75,46,0,46,121
03/15/2013,OSH,WI,AGL,CE,Federal Contract Tower,0,1,14,0,15,0,0,1,0,1,0,1,15,0,16,0,0,0,16
03/16/2013,OSH,WI,AGL,CE,Federal Contract Tower,0,3,2,0,5,0,0,11,0,11,0,3,13,0,16,22,0,22,38
03/17/2013,OSH,WI,AGL,CE,Federal Contract Tower,0,0,21,1,22,0,0,40,0,40,0,0,61,1,62,48,0,48,110
03/18/2013,OSH,WI,AGL,CE,Federal Contract Tower,0,3,3,0,6,0,0,0,0,0,0,3,3,0,6,0,0,0,6
03/19/2013,OSH,WI,AGL,CE,Federal Contract Tower,0,1,8,1,10,0,0,4,0,4,0,1,12,1,14,6,0,6,20
03/20/2013,OSH,WI,AGL,CE,Federal Contract Tower,0,1,5,0,6,0,1,80,0,81,0,2,85,0,87,120,0,120,207
03/21/2013,OSH,WI,AGL,CE,Federal Contract Tower,0,1,11,0,12,0,2,70,0,72,0,3,81,0,84,102,0,102,186
03/22/2013,OSH,WI,AGL,CE,Federal Contract Tower,0,0,11,0,11,0,0,105,0,105,0,0,116,0,116,192,0,192,308
03/23/2013,OSH,WI,AGL,CE,Federal Contract Tower,0,3,5,0,8,0,1,69,0,70,0,4,74,0,78,134,0,134,212
03/24/2013,OSH,WI,AGL,CE,Federal Contract Tower,0,1,4,0,5,0,0,0,0,0,0,1,4,0,5,0,0,0,5
03/25/2013,OSH,WI,AGL,CE,Federal Contract Tower,0,1,6,0,7,0,1,19,0,20,0,2,25,0,27,30,0,30,57
03/26/2013,OSH,WI,AGL,CE,Federal Contract Tower,0,2,3,0,5,0,2,66,0,68,0,4,69,0,73,154,0,154,227
03/27/2013,OSH,WI,AGL,CE,Federal Contract Tower,0,2,17,0,19,0,1,142,2,145,0,3,159,2,164,285,0,285,449
03/28/2013,OSH,WI,AGL,CE,Federal Contract Tower,0,2,19,0,21,0,4,119,0,123,0,6,138,0,144,266,0,266,410
03/29/2013,OSH,WI,AGL,CE,Federal Contract Tower,0,1,13,0,14,0,0,51,1,52,0,1,64,1,66,75,0,75,141
03/30/2013,OSH,WI,AGL,CE,Federal Contract Tower,0,2,1,0,3,0,0,21,0,21,0,2,22,0,24,66,0,66,90
03/31/2013,OSH,WI,AGL,CE,Federal Contract Tower,0,0,1,0,1,0,0,1,0,1,0,0,2,0,2,0,0,0,2
04/01/2013,OSH,WI,AGL,CE,Federal Contract Tower,0,2,2,4,8,0,0,63,2,65,0,2,65,6,73,104,0,104,177
04/02/2013,OSH,WI,AGL,CE,Federal Contract Tower,0,2,3,0,5,0,2,82,0,84,0,4,85,0,89,176,0,176,265
04/03/2013,OSH,WI,AGL,CE,Federal Contract Tower,0,4,14,0,18,0,0,127,2,129,0,4,141,2,147,258,6,264,411
04/04/2013,OSH,WI,AGL,CE,Federal Contract Tower,0,2,4,0,6,0,1,61,0,62,0,3,65,0,68,147,0,147,215
04/05/2013,OSH,WI,AGL,CE,Federal Contract Tower,0,1,8,0,9,0,0,137,2,139,0,1,145,2,148,202,0,202,350
04/06/2013,OSH,WI,AGL,CE,Federal Contract Tower,0,2,1,0,3,0,0,2,0,2,0,2,3,0,5,0,0,0,5
04/07/2013,OSH,WI,AGL,CE,Federal Contract Tower,0,0,8,0,8,0,0,42,0,42,0,0,50,0,50,88,0,88,138
04/08/2013,OSH,WI,AGL,CE,Federal Contract Tower,0,2,15,0,17,0,0,9,0,9,0,2,24,0,26,0,0,0,26
04/09/2013,OSH,WI,AGL,CE,Federal Contract Tower,0,3,8,0,11,0,0,0,0,0,0,3,8,0,11,0,0,0,11
04/10/2013,OSH,WI,AGL,CE,Federal Contract Tower,0,3,8,0,11,0,0,0,0,0,0,3,8,0,11,0,0,0,11
04/11/2013,OSH,WI,AGL,CE,Federal Contract Tower,0,4,4,0,8,0,0,0,0,0,0,4,4,0,8,0,0,0,8
04/12/2013,OSH,WI,AGL,CE,Federal Contract Tower,0,1,3,0,4,0,0,0,0,0,0,1,3,0,4,0,0,0,4
04/13/2013,OSH,WI,AGL,CE,Federal Contract Tower,0,3,2,0,5,0,0,33,0,33,0,3,35,0,38,28,0,28,66
04/14/2013,OSH,WI,AGL,CE,Federal Contract Tower,0,0,4,0,4,0,0,1,0,1,0,0,5,0,5,0,0,0,5
04/15/2013,OSH,WI,AGL,CE,Federal Contract Tower,0,4,18,0,22,0,0,45,0,45,0,4,63,0,67,64,0,64,131
04/16/2013,OSH,WI,AGL,CE,Federal Contract Tower,0,1,11,0,12,0,2,102,0,104,0,3,113,0,116,272,0,272,388
04/17/2013,OSH,WI,AGL,CE,Federal Contract Tower,0,2,13,0,15,0,1,28,0,29,0,3,41,0,44,80,0,80,124
04/18/2013,OSH,WI,AGL,CE,Federal Contract Tower,0,3,8,0,11,0,0,0,0,0,0,3,8,0,11,0,0,0,11
04/19/2013,OSH,WI,AGL,CE,Federal Contract Tower,0,1,6,0,7,0,0,0,0,0,0,1,6,0,7,0,0,0,7
04/20/2013,OSH,WI,AGL,CE,Federal Contract Tower,0,4,5,0,9,0,0,113,0,113,0,4,118,0,122,194,0,194,316
04/21/2013,OSH,WI,AGL,CE,Federal Contract Tower,0,0,2,0,2,0,0,2,0,2,0,0,4,0,4,0,0,0,4
04/22/2013,OSH,WI,AGL,CE,Federal Contract Tower,0,1,21,0,22,0,80,2,0,82,0,81,23,0,104,184,0,184,288
04/23/2013,OSH,WI,AGL,CE,Federal Contract Tower,0,1,20,0,21,0,0,19,0,19,0,1,39,0,40,36,0,36,76
04/24/2013,OSH,WI,AGL,CE,Federal Contract Tower,0,1,3,0,4,0,2,110,4,116,0,3,113,4,120,170,2,172,292
04/25/2013,OSH,WI,AGL,CE,Federal Contract Tower,0,1,19,0,20,0,0,67,0,67,0,1,86,0,87,144,0,144,231
04/26/2013,OSH,WI,AGL,CE,Federal Contract Tower,0,1,13,0,14,0,0,71,2,73,0,1,84,2,87,56,12,68,155
04/27/2013,OSH,WI,AGL,CE,Federal Contract Tower,0,4,10,0,14,0,0,118,2,120,0,4,128,2,134,178,0,178,312
04/28/2013,OSH,WI,AGL,CE,Federal Contract Tower,0,0,12,0,12,0,0,82,0,82,0,0,94,0,94,139,0,139,233
04/29/2013,OSH,WI,AGL,CE,Federal Contract Tower,0,2,20,2,24,0,0,68,0,68,0,2,88,2,92,206,0,206,298
04/30/2013,OSH,WI,AGL,CE,Federal Contract Tower,0,2,10,0,12,0,1,52,0,53,0,3,62,0,65,122,0,122,187
05/01/2013,OSH,WI,AGL,CE,Federal Contract Tower,0,5,13,0,18,0,0,103,0,103,0,5,116,0,121,196,0,196,317
05/02/2013,OSH,WI,AGL,CE,Federal Contract Tower,0,8,14,0,22,0,1,30,0,31,0,9,44,0,53,42,0,42,95
05/03/2013,OSH,WI,AGL,CE,Federal Contract Tower,0,3,15,0,18,0,0,0,0,0,0,3,15,0,18,0,0,0,18
05/04/2013,OSH,WI,AGL,CE,Federal Contract Tower,0,2,8,0,10,0,0,101,0,101,0,2,109,0,111,196,0,196,307
05/05/2013,OSH,WI,AGL,CE,Federal Contract Tower,0,0,13,0,13,0,0,68,0,68,0,0,81,0,81,128,0,128,209
05/06/2013,OSH,WI,AGL,CE,Federal Contract Tower,0,3,15,0,18,0,0,102,0,102,0,3,117,0,120,230,0,230,350
05/07/2013,OSH,WI,AGL,CE,Federal Contract Tower,0,3,20,2,25,0,1,127,0,128,0,4,147,2,153,302,0,302,455
05/08/2013,OSH,WI,AGL,CE,Federal Contract Tower,0,5,10,0,15,0,0,143,0,143,0,5,153,0,158,261,0,261,419
05/09/2013,OSH,WI,AGL,CE,Federal Contract Tower,0,9,15,0,24,0,0,66,0,66,0,9,81,0,90,140,0,140,230
05/10/2013,OSH,WI,AGL,CE,Federal Contract Tower,0,5,12,0,17,0,0,12,0,12,0,5,24,0,29,6,0,6,35
05/11/2013,OSH,WI,AGL,CE,Federal Contract Tower,0,4,0,0,4,0,0,16,0,16,0,4,16,0,20,0,0,0,20
05/12/2013,OSH,WI,AGL,CE,Federal Contract Tower,0,2,6,0,8,0,0,23,0,23,0,2,29,0,31,56,0,56,87
05/13/2013,OSH,WI,AGL,CE,Federal Contract Tower,0,1,8,0,9,0,1,126,0,127,0,2,134,0,136,216,0,216,352
05/14/2013,OSH,WI,AGL,CE,Federal Contract Tower,0,3,26,0,29,0,0,85,0,85,0,3,111,0,114,58,0,58,172
05/15/2013,OSH,WI,AGL,CE,Federal Contract Tower,0,3,14,0,17,0,1,116,0,117,0,4,130,0,134,210,0,210,344
05/16/2013,OSH,WI,AGL,CE,Federal Contract Tower,0,3,19,0,22,0,0,99,0,99,0,3,118,0,121,132,0,132,253
05/17/2013,OSH,WI,AGL,CE,Federal Contract Tower,0,3,13,0,16,0,0,37,0,37,0,3,50,0,53,38,0,38,91
05/18/2013,OSH,WI,AGL,CE,Federal Contract Tower,0,2,8,0,10,0,0,30,0,30,0,2,38,0,40,132,0,132,172
05/19/2013,OSH,WI,AGL,CE,Federal Contract Tower,0,1,7,0,8,0,0,34,0,34,0,1,41,0,42,94,0,94,136
05/20/2013,OSH,WI,AGL,CE,Federal Contract Tower,0,1,10,0,11,0,1,43,0,44,0,2,53,0,55,28,0,28,83
05/21/2013,OSH,WI,AGL,CE,Federal Contract Tower,0,4,15,0,19,0,1,39,0,40,0,5,54,0,59,104,0,104,163
05/22/2013,OSH,WI,AGL,CE,Federal Contract Tower,0,5,14,0,19,0,0,5,0,5,0,5,19,0,24,14,0,14,38
05/23/2013,OSH,WI,AGL,CE,Federal Contract Tower,0,4,25,0,29,0,0,43,0,43,0,4,68,0,72,82,0,82,154
05/24/2013,OSH,WI,AGL,CE,Federal Contract Tower,0,2,9,0,11,0,1,96,0,97,0,3,105,0,108,200,0,200,308
05/25/2013,OSH,WI,AGL,CE,Federal Contract Tower,0,2,7,0,9,0,0,62,0,62,0,2,69,0,71,106,0,106,177
05/26/2013,OSH,WI,AGL,CE,Federal Contract Tower,0,1,3,0,4,0,0,55,0,55,0,1,58,0,59,114,0,114,173
05/27/2013,OSH,WI,AGL,CE,Federal Contract Tower,0,0,7,0,7,0,0,26,0,26,0,0,33,0,33,70,0,70,103
05/28/2013,OSH,WI,AGL,CE,Federal Contract Tower,0,4,11,0,15,0,0,0,0,0,0,4,11,0,15,0,0,0,15
05/29/2013,OSH,WI,AGL,CE,Federal Contract Tower,0,1,10,1,12,0,1,34,0,35,0,2,44,1,47,130,0,130,177
05/30/2013,OSH,WI,AGL,CE,Federal Contract Tower,0,3,6,0,9,0,2,31,0,33,0,5,37,0,42,24,0,24,66
05/31/2013,OSH,WI,AGL,CE,Federal Contract Tower,0,3,6,0,9,0,0,24,0,24,0,3,30,0,33,18,0,18,51
06/01/2013,OSH,WI,AGL,CE,Federal Contract Tower,0,2,3,0,5,0,0,39,0,39,0,2,42,0,44,152,0,152,196
06/02/2013,OSH,WI,AGL,CE,Federal Contract Tower,0,0,7,0,7,0,0,72,0,72,0,0,79,0,79,144,0,144,223
06/03/2013,OSH,WI,AGL,CE,Federal Contract Tower,0,2,13,0,15,0,1,57,0,58,0,3,70,0,73,176,0,176,249
06/04/2013,OSH,WI,AGL,CE,Federal Contract Tower,0,4,18,2,24,0,0,0,0,0,0,4,18,2,24,58,0,58,82
06/05/2013,OSH,WI,AGL,CE,Federal Contract Tower,0,7,10,2,19,0,5,19,0,24,0,12,29,2,43,54,0,54,97
06/06/2013,OSH,WI,AGL,CE,Federal Contract Tower,0,6,9,2,17,0,0,2,0,2,0,6,11,2,19,16,0,16,35
06/07/2013,OSH,WI,AGL,CE,Federal Contract Tower,0,2,9,0,11,0,1,124,2,127,0,3,133,2,138,210,0,210,348
06/08/2013,OSH,WI,AGL,CE,Federal Contract Tower,0,3,7,0,10,0,0,143,0,143,0,3,150,0,153,68,0,68,221
06/09/2013,OSH,WI,AGL,CE,Federal Contract Tower,0,0,6,0,6,0,0,21,0,21,0,0,27,0,27,108,0,108,135
06/10/2013,OSH,WI,AGL,CE,Federal Contract Tower,0,3,19,2,24,0,0,25,0,25,0,3,44,2,49,80,4,84,133
06/11/2013,OSH,WI,AGL,CE,Federal Contract Tower,0,2,6,0,8,0,2,40,0,42,0,4,46,0,50,124,0,124,174
06/12/2013,OSH,WI,AGL,CE,Federal Contract Tower,0,6,6,0,12,0,0,0,0,0,0,6,6,0,12,64,2,66,78
06/13/2013,OSH,WI,AGL,CE,Federal Contract Tower,0,2,11,4,17,0,1,79,0,80,0,3,90,4,97,100,0,100,197
06/14/2013,OSH,WI,AGL,CE,Federal Contract Tower,0,4,8,0,12,0,3,81,0,84,0,7,89,0,96,160,0,160,256
06/15/2013,OSH,WI,AGL,CE,Federal Contract Tower,0,4,11,1,16,0,0,23,0,23,0,4,34,1,39,114,0,114,153
06/16/2013,OSH,WI,AGL,CE,Federal Contract Tower,0,0,8,0,8,0,0,116,0,116,0,0,124,0,124,114,0,114,238
06/17/2013,OSH,WI,AGL,CE,Federal Contract Tower,0,3,7,0,10,0,1,87,0,88,0,4,94,0,98,162,0,162,260
06/18/2013,OSH,WI,AGL,CE,Federal Contract Tower,0,3,11,0,14,0,1,126,8,135,0,4,137,8,149,322,0,322,471
06/19/2013,OSH,WI,AGL,CE,Federal Contract Tower,0,6,18,0,24,0,27,143,2,172,0,33,161,2,196,376,0,376,572
06/20/2013,OSH,WI,AGL,CE,Federal Contract Tower,0,3,24,0,27,0,16,113,2,131,0,19,137,2,158,510,0,510,668
06/21/2013,OSH,WI,AGL,CE,Federal Contract Tower,0,4,8,0,12,0,0,53,0,53,0,4,61,0,65,222,0,222,287
06/22/2013,OSH,WI,AGL,CE,Federal Contract Tower,0,3,20,0,23,0,0,38,0,38,0,3,58,0,61,94,0,94,155
06/23/2013,OSH,WI,AGL,CE,Federal Contract Tower,0,1,6,0,7,0,0,76,0,76,0,1,82,0,83,68,0,68,151
06/24/2013,OSH,WI,AGL,CE,Federal Contract Tower,0,3,9,0,12,0,0,47,0,47,0,3,56,0,59,144,0,144,203
06/25/2013,OSH,WI,AGL,CE,Federal Contract Tower,0,2,13,0,15,0,1,48,2,51,0,3,61,2,66,148,8,156,222
06/26/2013,OSH,WI,AGL,CE,Federal Contract Tower,0,2,18,0,20,0,0,30,8,38,0,2,48,8,58,89,8,97,155
06/27/2013,OSH,WI,AGL,CE,Federal Contract Tower,0,3,17,0,20,0,1,61,0,62,0,4,78,0,82,196,0,196,278
06/28/2013,OSH,WI,AGL,CE,Federal Contract Tower,0,3,17,1,21,0,66,4,0,70,0,69,21,1,91,46,0,46,137
06/29/2013,OSH,WI,AGL,CE,Federal Contract Tower,0,3,6,0,9,0,0,53,2,55,0,3,59,2,64,48,0,48,112
06/30/2013,OSH,WI,AGL,CE,Federal Contract Tower,0,0,14,0,14,0,0,89,0,89,0,0,103,0,103,114,0,114,217
07/01/2013,OSH,WI,AGL,CE,Federal Contract Tower,0,3,13,0,16,0,1,93,2,96,0,4,106,2,112,30,22,52,164
07/02/2013,OSH,WI,AGL,CE,Federal Contract Tower,0,3,11,0,14,0,2,64,0,66,0,5,75,0,80,214,0,214,294
07/03/2013,OSH,WI,AGL,CE,Federal Contract Tower,0,2,9,0,11,0,2,41,0,43,0,4,50,0,54,66,0,66,120
07/04/2013,OSH,WI,AGL,CE,Federal Contract Tower,0,0,2,0,2,0,0,60,0,60,0,0,62,0,62,8,0,8,70
07/05/2013,OSH,WI,AGL,CE,Federal Contract Tower,0,6,2,0,8,0,2,60,2,64,0,8,62,2,72,83,2,85,157
07/06/2013,OSH,WI,AGL,CE,Federal Contract Tower,0,2,6,0,8,0,0,58,0,58,0,2,64,0,66,78,0,78,144
07/07/2013,OSH,WI,AGL,CE,Federal Contract Tower,0,0,7,0,7,0,0,35,0,35,0,0,42,0,42,90,0,90,132
07/08/2013,OSH,WI,AGL,CE,Federal Contract Tower,0,9,16,0,25,0,0,26,0,26,0,9,42,0,51,98,0,98,149
07/09/2013,OSH,WI,AGL,CE,Federal Contract Tower,0,4,9,0,13,0,4,51,0,55,0,8,60,0,68,78,0,78,146
07/10/2013,OSH,WI,AGL,CE,Federal Contract Tower,0,5,18,2,25,0,1,71,2,74,0,6,89,4,99,100,0,100,199
07/11/2013,OSH,WI,AGL,CE,Federal Contract Tower,0,5,13,6,24,0,2,134,0,136,0,7,147,6,160,154,0,154,314
07/12/2013,OSH,WI,AGL,CE,Federal Contract Tower,0,8,11,2,21,0,0,89,0,89,0,8,100,2,110,178,0,178,288
07/13/2013,OSH,WI,AGL,CE,Federal Contract Tower,0,3,6,0,9,0,0,89,0,89,0,3,95,0,98,122,0,122,220
07/14/2013,OSH,WI,AGL,CE,Federal Contract Tower,0,2,11,0,13,0,0,67,0,67,0,2,78,0,80,54,0,54,134
07/15/2013,OSH,WI,AGL,CE,Federal Contract Tower,0,4,13,0,17,0,2,73,0,75,0,6,86,0,92,158,0,158,250
07/16/2013,OSH,WI,AGL,CE,Federal Contract Tower,0,4,14,0,18,0,1,70,0,71,0,5,84,0,89,154,0,154,243
07/17/2013,OSH,WI,AGL,CE,Federal Contract Tower,0,6,9,6,21,0,0,71,2,73,0,6,80,8,94,124,0,124,218
07/18/2013,OSH,WI,AGL,CE,Federal Contract Tower,0,6,16,3,25,0,0,87,14,101,0,6,103,17,126,122,4,126,252
07/19/2013,OSH,WI,AGL,CE,Federal Contract Tower,0,1,15,0,16,0,1,43,4,48,0,2,58,4,64,138,0,138,202
07/20/2013,OSH,WI,AGL,CE,Federal Contract Tower,0,2,7,0,9,0,0,75,0,75,0,2,82,0,84,112,0,112,196
07/21/2013,OSH,WI,AGL,CE,Federal Contract Tower,0,0,9,0,9,0,0,34,0,34,0,0,43,0,43,96,0,96,139
07/22/2013,OSH,WI,AGL,CE,Federal Contract Tower,0,10,33,0,43,0,1,40,6,47,0,11,73,6,90,126,0,126,216
07/23/2013,OSH,WI,AGL,CE,Federal Contract Tower,0,5,15,0,20,0,4,88,4,96,0,9,103,4,116,196,12,208,324
07/24/2013,OSH,WI,AGL,CE,Federal Contract Tower,0,7,24,0,31,0,0,234,0,234,0,7,258,0,265,208,0,208,473
07/25/2013,OSH,WI,AGL,CE,Federal Contract Tower,0,3,26,0,29,0,0,227,2,229,0,3,253,2,258,12,6,18,276
07/26/2013,OSH,WI,AGL,CE,Federal Contract Tower,0,0,35,0,35,0,0,326,0,326,0,0,361,0,361,0,0,0,361
07/27/2013,OSH,WI,AGL,CE,Federal Contract Tower,0,0,43,0,43,0,0,1294,0,1294,0,0,1337,0,1337,0,0,0,1337
07/28/2013,OSH,WI,AGL,CE,Federal Contract Tower,0,0,51,0,51,0,0,1823,0,1823,0,0,1874,0,1874,0,0,0,1874
07/29/2013,OSH,WI,AGL,CE,Federal Contract Tower,0,0,55,0,55,0,0,1460,0,1460,0,0,1515,0,1515,0,0,0,1515
07/30/2013,OSH,WI,AGL,CE,Federal Contract Tower,0,0,60,0,60,0,0,1533,0,1533,0,0,1593,0,1593,0,0,0,1593
07/31/2013,OSH,WI,AGL,CE,Federal Contract Tower,0,0,143,0,143,0,0,1355,0,1355,0,0,1498,0,1498,0,0,0,1498
08/01/2013,OSH,WI,AGL,CE,Federal Contract Tower,0,0,116,0,116,0,0,2689,0,2689,0,0,2805,0,2805,0,0,0,2805
08/02/2013,OSH,WI,AGL,CE,Federal Contract Tower,0,0,90,0,90,0,0,1718,0,1718,0,0,1808,0,1808,0,0,0,1808
08/03/2013,OSH,WI,AGL,CE,Federal Contract Tower,0,0,0,0,0,0,0,1570,0,1570,0,0,1570,0,1570,0,0,0,1570
08/04/2013,OSH,WI,AGL,CE,Federal Contract Tower,0,0,71,0,71,0,0,1761,0,1761,0,0,1832,0,1832,0,0,0,1832
08/05/2013,OSH,WI,AGL,CE,Federal Contract Tower,0,7,56,0,63,0,0,318,0,318,0,7,374,0,381,34,0,34,415
08/06/2013,OSH,WI,AGL,CE,Federal Contract Tower,0,3,31,0,34,0,1,91,0,92,0,4,122,0,126,54,0,54,180
08/07/2013,OSH,WI,AGL,CE,Federal Contract Tower,0,5,21,0,26,0,0,92,0,92,0,5,113,0,118,58,0,58,176
08/08/2013,OSH,WI,AGL,CE,Federal Contract Tower,0,4,8,3,15,0,0,137,2,139,0,4,145,5,154,152,0,152,306
08/09/2013,OSH,WI,AGL,CE,Federal Contract Tower,0,2,19,2,23,0,0,85,0,85,0,2,104,2,108,121,0,121,229
08/10/2013,OSH,WI,AGL,CE,Federal Contract Tower,0,2,10,0,12,0,0,59,0,59,0,2,69,0,71,108,0,108,179
08/11/2013,OSH,WI,AGL,CE,Federal Contract Tower,0,1,10,0,11,0,0,24,0,24,0,1,34,0,35,48,0,48,83
08/12/2013,OSH,WI,AGL,CE,Federal Contract Tower,0,3,15,0,18,0,1,53,0,54,0,4,68,0,72,162,0,162,234
08/13/2013,OSH,WI,AGL,CE,Federal Contract Tower,0,1,17,0,18,0,1,59,0,60,0,2,76,0,78,178,0,178,256
08/14/2013,OSH,WI,AGL,CE,Federal Contract Tower,0,2,12,0,14,0,2,97,0,99,0,4,109,0,113,166,0,166,279
08/15/2013,OSH,WI,AGL,CE,Federal Contract Tower,0,2,12,0,14,0,2,84,6,92,0,4,96,6,106,192,0,192,298
08/16/2013,OSH,WI,AGL,CE,Federal Contract Tower,0,4,13,0,17,0,0,82,4,86,0,4,95,4,103,146,0,146,249
08/17/2013,OSH,WI,AGL,CE,Federal Contract Tower,0,2,9,0,11,0,0,93,0,93,0,2,102,0,104,118,0,118,222
08/18/2013,OSH,WI,AGL,CE,Federal Contract Tower,0,0,4,0,4,0,0,61,0,61,0,0,65,0,65,112,0,112,177
08/19/2013,OSH,WI,AGL,CE,Federal Contract Tower,0,4,7,0,11,0,1,52,0,53,0,5,59,0,64,176,0,176,240
08/20/2013,OSH,WI,AGL,CE,Federal Contract Tower,0,4,14,0,18,0,1,55,0,56,0,5,69,0,74,92,0,92,166
08/21/2013,OSH,WI,AGL,CE,Federal Contract Tower,0,4,12,2,18,0,1,49,0,50,0,5,61,2,68,0,60,60,128
08/22/2013,OSH,WI,AGL,CE,Federal Contract Tower,0,6,15,0,21,0,1,54,0,55,0,7,69,0,76,68,0,68,144
08/23/2013,OSH,WI,AGL,CE,Federal Contract Tower,0,3,12,0,15,0,1,139,0,140,0,4,151,0,155,500,0,500,655
08/24/2013,OSH,WI,AGL,CE,Federal Contract Tower,0,2,0,0,2,0,0,116,0,116,0,2,116,0,118,528,0,528,646
08/25/2013,OSH,WI,AGL,CE,Federal Contract Tower,0,0,1,0,1,0,0,60,0,60,0,0,61,0,61,245,0,245,306
08/26/2013,OSH,WI,AGL,CE,Federal Contract Tower,0,3,9,0,12,0,0,16,0,16,0,3,25,0,28,0,0,0,28
08/27/2013,OSH,WI,AGL,CE,Federal Contract Tower,0,4,12,0,16,0,2,49,4,55,0,6,61,4,71,146,2,148,219
08/28/2013,OSH,WI,AGL,CE,Federal Contract Tower,0,5,20,0,25,0,1,33,0,34,0,6,53,0,59,148,0,148,207
08/29/2013,OSH,WI,AGL,CE,Federal Contract Tower,0,3,10,2,15,0,1,58,0,59,0,4,68,2,74,110,0,110,184
08/30/2013,OSH,WI,AGL,CE,Federal Contract Tower,0,8,10,0,18,0,1,66,0,67,0,9,76,0,85,130,0,130,215
08/31/2013,OSH,WI,AGL,CE,Federal Contract Tower,0,4,3,0,7,0,1,90,0,91,0,5,93,0,98,50,0,50,148
09/01/2013,OSH,WI,AGL,CE,Federal Contract Tower,0,0,1,0,1,0,0,54,0,54,0,0,55,0,55,60,0,60,115
09/02/2013,OSH,WI,AGL,CE,Federal Contract Tower,0,0,11,0,11,0,0,103,0,103,0,0,114,0,114,82,0,82,196
09/03/2013,OSH,WI,AGL,CE,Federal Contract Tower,0,6,9,0,15,0,1,99,0,100,0,7,108,0,115,134,0,134,249
09/04/2013,OSH,WI,AGL,CE,Federal Contract Tower,0,5,15,0,20,0,1,83,2,86,0,6,98,2,106,164,4,168,274
09/05/2013,OSH,WI,AGL,CE,Federal Contract Tower,0,6,6,0,12,0,0,78,2,80,0,6,84,2,92,190,12,202,294
09/06/2013,OSH,WI,AGL,CE,Federal Contract Tower,0,3,9,2,14,0,2,102,2,106,0,5,111,4,120,100,12,112,232
09/07/2013,OSH,WI,AGL,CE,Federal Contract Tower,0,4,11,0,15,0,1,84,0,85,0,5,95,0,100,104,0,104,204
09/08/2013,OSH,WI,AGL,CE,Federal Contract Tower,0,0,23,0,23,0,0,72,0,72,0,0,95,0,95,146,0,146,241
09/09/2013,OSH,WI,AGL,CE,Federal Contract Tower,0,4,19,0,23,0,0,18,0,18,0,4,37,0,41,44,0,44,85
09/10/2013,OSH,WI,AGL,CE,Federal Contract Tower,0,4,11,0,15,0,1,56,0,57,0,5,67,0,72,122,0,122,194
09/11/2013,OSH,WI,AGL,CE,Federal Contract Tower,0,2,11,0,13,0,4,55,2,61,0,6,66,2,74,108,0,108,182
09/12/2013,OSH,WI,AGL,CE,Federal Contract Tower,0,3,16,0,19,0,2,90,2,94,0,5,106,2,113,130,4,134,247
09/13/2013,OSH,WI,AGL,CE,Federal Contract Tower,0,2,11,0,13,0,1,86,0,87,0,3,97,0,100,98,0,98,198
09/14/2013,OSH,WI,AGL,CE,Federal Contract Tower,0,2,6,0,8,0,0,140,0,140,0,2,146,0,148,92,0,92,240
09/15/2013,OSH,WI,AGL,CE,Federal Contract Tower,0,1,16,0,17,0,0,1,0,1,0,1,17,0,18,0,0,0,18
09/16/2013,OSH,WI,AGL,CE,Federal Contract Tower,0,2,22,0,24,0,2,76,0,78,0,4,98,0,102,124,0,124,226
09/17/2013,OSH,WI,AGL,CE,Federal Contract Tower,0,5,11,0,16,0,1,88,0,89,0,6,99,0,105,187,0,187,292
09/18/2013,OSH,WI,AGL,CE,Federal Contract Tower,0,8,9,0,17,0,0,26,1,27,0,8,35,1,44,74,0,74,118
09/19/2013,OSH,WI,AGL,CE,Federal Contract Tower,0,3,13,0,16,0,0,8,0,8,0,3,21,0,24,20,0,20,44
09/20/2013,OSH,WI,AGL,CE,Federal Contract Tower,0,3,25,0,28,0,0,22,2,24,0,3,47,2,52,8,0,8,60
09/21/2013,OSH,WI,AGL,CE,Federal Contract Tower,0,3,7,0,10,0,0,82,0,82,0,3,89,0,92,150,0,150,242
09/22/2013,OSH,WI,AGL,CE,Federal Contract Tower,0,0,4,0,4,0,0,56,0,56,0,0,60,0,60,80,0,80,140
09/23/2013,OSH,WI,AGL,CE,Federal Contract Tower,0,2,6,0,8,0,1,60,1,62,0,3,66,1,70,158,2,160,230
09/24/2013,OSH,WI,AGL,CE,Federal Contract Tower,0,6,26,0,32,0,0,102,2,104,0,6,128,2,136,112,6,118,254
09/25/2013,OSH,WI,AGL,CE,Federal Contract Tower,0,6,14,0,20,0,1,85,4,90,0,7,99,4,110,148,8,156,266
09/26/2013,OSH,WI,AGL,CE,Federal Contract Tower,0,3,14,0,17,0,1,71,0,72,0,4,85,0,89,144,0,144,233
09/27/2013,OSH,WI,AGL,CE,Federal Contract Tower,0,2,4,0,6,0,2,65,0,67,0,4,69,0,73,68,0,68,141
09/28/2013,OSH,WI,AGL,CE,Federal Contract Tower,0,2,2,0,4,0,0,38,0,38,0,2,40,0,42,78,0,78,120
09/29/2013,OSH,WI,AGL,CE,Federal Contract Tower,0,0,4,0,4,0,0,49,0,49,0,0,53,0,53,112,0,112,165
09/30/2013,OSH,WI,AGL,CE,Federal Contract Tower,0,3,12,0,15,0,0,51,0,51,0,3,63,0,66,58,0,58,124
10/01/2013,OSH,WI,AGL,CE,Federal Contract Tower,0,5,10,0,15,0,0,56,0,56,0,5,66,0,71,84,0,84,155
10/02/2013,OSH,WI,AGL,CE,Federal Contract Tower,0,3,20,0,23,0,1,78,0,79,0,4,98,0,102,121,0,121,223
10/03/2013,OSH,WI,AGL,CE,Federal Contract Tower,0,7,14,0,21,0,0,13,0,13,0,7,27,0,34,44,0,44,78
10/04/2013,OSH,WI,AGL,CE,Federal Contract Tower,0,3,9,0,12,0,0,0,0,0,0,3,9,0,12,0,0,0,12
10/05/2013,OSH,WI,AGL,CE,Federal Contract Tower,0,3,4,0,7,0,0,0,0,0,0,3,4,0,7,0,0,0,7
10/06/2013,OSH,WI,AGL,CE,Federal Contract Tower,0,0,5,0,5,0,0,56,0,56,0,0,61,0,61,108,0,108,169
10/07/2013,OSH,WI,AGL,CE,Federal Contract Tower,0,2,10,0,12,0,7,63,0,70,0,9,73,0,82,74,0,74,156
10/08/2013,OSH,WI,AGL,CE,Federal Contract Tower,0,5,11,0,16,0,2,89,0,91,0,7,100,0,107,160,0,160,267
10/09/2013,OSH,WI,AGL,CE,Federal Contract Tower,0,4,10,0,14,0,2,82,0,84,0,6,92,0,98,95,0,95,193
10/10/2013,OSH,WI,AGL,CE,Federal Contract Tower,0,3,11,0,14,0,1,105,0,106,0,4,116,0,120,216,0,216,336
10/11/2013,OSH,WI,AGL,CE,Federal Contract Tower,0,3,11,0,14,0,0,68,0,68,0,3,79,0,82,100,0,100,182
10/12/2013,OSH,WI,AGL,CE,Federal Contract Tower,0,3,0,0,3,0,0,19,0,19,0,3,19,0,22,32,0,32,54
10/13/2013,OSH,WI,AGL,CE,Federal Contract Tower,0,0,2,0,2,0,1,70,0,71,0,1,72,0,73,106,0,106,179
10/14/2013,OSH,WI,AGL,CE,Federal Contract Tower,0,2,10,0,12,0,1,65,0,66,0,3,75,0,78,206,0,206,284
10/15/2013,OSH,WI,AGL,CE,Federal Contract Tower,0,4,18,0,22,0,0,1,0,1,0,4,19,0,23,0,0,0,23
10/16/2013,OSH,WI,AGL,CE,Federal Contract Tower,0,5,14,0,19,0,2,3,0,5,0,7,17,0,24,6,0,6,30
10/17/2013,OSH,WI,AGL,CE,Federal Contract Tower,0,4,7,0,11,0,0,97,0,97,0,4,104,0,108,258,0,258,366
10/18/2013,OSH,WI,AGL,CE,Federal Contract Tower,0,4,22,0,26,0,0,33,0,33,0,4,55,0,59,112,0,112,171
10/19/2013,OSH,WI,AGL,CE,Federal Contract Tower,0,3,3,0,6,0,0,24,0,24,0,3,27,0,30,20,0,20,50
10/20/2013,OSH,WI,AGL,CE,Federal Contract Tower,0,0,5,0,5,0,0,13,0,13,0,0,18,0,18,18,0,18,36
10/21/2013,OSH,WI,AGL,CE,Federal Contract Tower,0,3,8,0,11,0,1,28,0,29,0,4,36,0,40,88,0,88,128
10/22/2013,OSH,WI,AGL,CE,Federal Contract Tower,0,4,14,2,20,0,10,78,2,90,0,14,92,4,110,120,0,120,230
10/23/2013,OSH,WI,AGL,CE,Federal Contract Tower,0,4,12,0,16,0,0,63,2,65,0,4,75,2,81,92,0,92,173
10/24/2013,OSH,WI,AGL,CE,Federal Contract Tower,0,2,19,0,21,0,6,55,0,61,0,8,74,0,82,68,0,68,150
10/25/2013,OSH,WI,AGL,CE,Federal Contract Tower,0,3,10,0,13,0,0,61,2,63,0,3,71,2,76,44,0,44,120
10/26/2013,OSH,WI,AGL,CE,Federal Contract Tower,0,3,3,0,6,0,0,18,0,18,0,3,21,0,24,42,0,42,66
10/27/2013,OSH,WI,AGL,CE,Federal Contract Tower,0,0,8,0,8,0,0,59,0,59,0,0,67,0,67,54,0,54,121
10/28/2013,OSH,WI,AGL,CE,Federal Contract Tower,0,2,13,0,15,0,1,49,0,50,0,3,62,0,65,124,0,124,189
10/29/2013,OSH,WI,AGL,CE,Federal Contract Tower,0,6,20,2,28,0,3,30,0,33,0,9,50,2,61,84,0,84,145
10/30/2013,OSH,WI,AGL,CE,Federal Contract Tower,0,3,8,0,11,0,0,1,0,1,0,3,9,0,12,10,0,10,22
10/31/2013,OSH,WI,AGL,CE,Federal Contract Tower,0,3,7,0,10,0,0,0,0,0,0,3,7,0,10,0,0,0,10
11/01/2013,OSH,WI,AGL,CE,Federal Contract Tower,0,3,17,1,21,0,0,9,0,9,0,3,26,1,30,6,0,6,36
11/02/2013,OSH,WI,AGL,CE,Federal Contract Tower,0,2,6,0,8,0,0,37,0,37,0,2,43,0,45,36,0,36,81
11/03/2013,OSH,WI,AGL,CE,Federal Contract Tower,0,0,9,0,9,0,0,67,0,67,0,0,76,0,76,68,0,68,144
11/04/2013,OSH,WI,AGL,CE,Federal Contract Tower,0,2,10,0,12,0,1,38,0,39,0,3,48,0,51,20,0,20,71
11/05/2013,OSH,WI,AGL,CE,Federal Contract Tower,0,2,22,0,24,0,2,49,0,51,0,4,71,0,75,110,0,110,185
11/06/2013,OSH,WI,AGL,CE,Federal Contract Tower,0,2,6,0,8,0,0,12,0,12,0,2,18,0,20,34,0,34,54
11/07/2013,OSH,WI,AGL,CE,Federal Contract Tower,0,2,22,0,24,0,0,98,0,98,0,2,120,0,122,109,0,109,231
11/08/2013,OSH,WI,AGL,CE,Federal Contract Tower,0,2,16,0,18,0,0,80,2,82,0,2,96,2,100,122,2,124,224
11/09/2013,OSH,WI,AGL,CE,Federal Contract Tower,0,4,2,0,6,0,0,11,0,11,0,4,13,0,17,4,0,4,21
11/10/2013,OSH,WI,AGL,CE,Federal Contract Tower,0,0,4,0,4,0,0,47,0,47,0,0,51,0,51,54,0,54,105
11/11/2013,OSH,WI,AGL,CE,Federal Contract Tower,0,2,8,0,10,0,0,7,0,7,0,2,15,0,17,2,0,2,19
11/12/2013,OSH,WI,AGL,CE,Federal Contract Tower,0,1,13,0,14,0,0,74,0,74,0,1,87,0,88,150,0,150,238
11/13/2013,OSH,WI,AGL,CE,Federal Contract Tower,0,2,8,0,10,0,0,27,0,27,0,2,35,0,37,30,0,30,67
11/14/2013,OSH,WI,AGL,CE,Federal Contract Tower,0,2,15,0,17,0,0,77,2,79,0,2,92,2,96,96,0,96,192
11/15/2013,OSH,WI,AGL,CE,Federal Contract Tower,0,7,16,0,23,0,0,100,0,100,0,7,116,0,123,112,0,112,235
11/16/2013,OSH,WI,AGL,CE,Federal Contract Tower,0,2,3,0,5,0,0,0,0,0,0,2,3,0,5,0,0,0,5
11/17/2013,OSH,WI,AGL,CE,Federal Contract Tower,0,4,5,0,9,0,0,2,0,2,0,4,7,0,11,0,0,0,11
11/18/2013,OSH,WI,AGL,CE,Federal Contract Tower,0,6,8,0,14,0,0,10,0,10,0,6,18,0,24,0,0,0,24
11/19/2013,OSH,WI,AGL,CE,Federal Contract Tower,0,2,4,4,10,0,0,0,0,0,0,2,4,4,10,142,0,142,152
11/20/2013,OSH,WI,AGL,CE,Federal Contract Tower,0,2,9,0,11,0,0,47,0,47,0,2,56,0,58,50,0,50,108
11/21/2013,OSH,WI,AGL,CE,Federal Contract Tower,0,2,28,0,30,0,0,8,0,8,0,2,36,0,38,6,0,6,44
11/22/2013,OSH,WI,AGL,CE,Federal Contract Tower,0,2,5,0,7,0,0,60,0,60,0,2,65,0,67,62,0,62,129
11/23/2013,OSH,WI,AGL,CE,Federal Contract Tower,0,2,0,0,2,0,0,22,0,22,0,2,22,0,24,24,0,24,48
11/24/2013,OSH,WI,AGL,CE,Federal Contract Tower,0,0,6,0,6,0,0,65,0,65,0,0,71,0,71,50,0,50,121
11/25/2013,OSH,WI,AGL,CE,Federal Contract Tower,0,1,12,0,13,0,0,2,0,2,0,1,14,0,15,4,0,4,19
11/26/2013,OSH,WI,AGL,CE,Federal Contract Tower,0,2,4,6,12,0,0,43,0,43,0,2,47,6,55,88,0,88,143
11/27/2013,OSH,WI,AGL,CE,Federal Contract Tower,0,2,8,0,10,0,2,88,0,90,0,4,96,0,100,94,0,94,194
11/28/2013,OSH,WI,AGL,CE,Federal Contract Tower,0,0,6,0,6,0,0,7,0,7,0,0,13,0,13,20,0,20,33
11/29/2013,OSH,WI,AGL,CE,Federal Contract Tower,0,3,4,0,7,0,0,38,0,38,0,3,42,0,45,44,0,44,89
11/30/2013,OSH,WI,AGL,CE,Federal Contract Tower,0,2,0,0,2,0,0,29,0,29,0,2,29,0,31,42,0,42,73
12/01/2013,OSH,WI,AGL,CE,Federal Contract Tower,0,0,6,0,6,0,0,49,0,49,0,0,55,0,55,88,0,88,143
12/02/2013,OSH,WI,AGL,CE,Federal Contract Tower,0,1,14,0,15,0,0,36,0,36,0,1,50,0,51,46,0,46,97
12/03/2013,OSH,WI,AGL,CE,Federal Contract Tower,0,2,10,0,12,0,0,0,0,0,0,2,10,0,12,0,0,0,12
12/04/2013,OSH,WI,AGL,CE,Federal Contract Tower,0,3,5,0,8,0,0,0,0,0,0,3,5,0,8,0,0,0,8
12/05/2013,OSH,WI,AGL,CE,Federal Contract Tower,0,2,7,0,9,0,0,31,4,35,0,2,38,4,44,30,0,30,74
12/06/2013,OSH,WI,AGL,CE,Federal Contract Tower,0,2,7,4,13,0,0,45,6,51,0,2,52,10,64,58,0,58,122
12/07/2013,OSH,WI,AGL,CE,Federal Contract Tower,0,2,6,0,8,0,0,56,0,56,0,2,62,0,64,52,0,52,116
12/08/2013,OSH,WI,AGL,CE,Federal Contract Tower,0,0,4,0,4,0,0,2,0,2,0,0,6,0,6,0,0,0,6
12/09/2013,OSH,WI,AGL,CE,Federal Contract Tower,0,1,12,0,13,0,0,11,1,12,0,1,23,1,25,2,0,2,27
12/10/2013,OSH,WI,AGL,CE,Federal Contract Tower,0,1,15,0,16,0,0,1,0,1,0,1,16,0,17,0,0,0,17
12/11/2013,OSH,WI,AGL,CE,Federal Contract Tower,0,4,12,0,16,0,0,13,0,13,0,4,25,0,29,14,0,14,43
12/12/2013,OSH,WI,AGL,CE,Federal Contract Tower,0,2,12,5,19,0,1,64,1,66,0,3,76,6,85,40,0,40,125
12/13/2013,OSH,WI,AGL,CE,Federal Contract Tower,0,1,6,0,7,0,0,35,0,35,0,1,41,0,42,36,0,36,78
12/14/2013,OSH,WI,AGL,CE,Federal Contract Tower,0,2,4,0,6,0,0,2,0,2,0,2,6,0,8,4,0,4,12
12/15/2013,OSH,WI,AGL,CE,Federal Contract Tower,0,0,4,0,4,0,0,28,0,28,0,0,32,0,32,18,0,18,50
12/16/2013,OSH,WI,AGL,CE,Federal Contract Tower,0,1,6,0,7,0,0,43,0,43,0,1,49,0,50,44,0,44,94
12/17/2013,OSH,WI,AGL,CE,Federal Contract Tower,0,2,10,0,12,0,1,6,2,9,0,3,16,2,21,2,8,10,31
12/18/2013,OSH,WI,AGL,CE,Federal Contract Tower,0,2,15,0,17,0,0,108,0,108,0,2,123,0,125,106,0,106,231
12/19/2013,OSH,WI,AGL,CE,Federal Contract Tower,0,7,12,0,19,0,1,17,0,18,0,8,29,0,37,44,0,44,81
12/20/2013,OSH,WI,AGL,CE,Federal Contract Tower,0,3,13,0,16,0,1,0,0,1,0,4,13,0,17,0,0,0,17
12/21/2013,OSH,WI,AGL,CE,Federal Contract Tower,0,2,2,0,4,0,0,0,0,0,0,2,2,0,4,0,0,0,4
12/22/2013,OSH,WI,AGL,CE,Federal Contract Tower,0,2,0,0,2,0,0,0,0,0,0,2,0,0,2,0,0,0,2
12/23/2013,OSH,WI,AGL,CE,Federal Contract Tower,0,1,3,0,4,0,0,3,0,3,0,1,6,0,7,10,0,10,17
12/24/2013,OSH,WI,AGL,CE,Federal Contract Tower,0,5,4,0,9,0,0,12,0,12,0,5,16,0,21,0,0,0,21
12/25/2013,OSH,WI,AGL,CE,Federal Contract Tower,0,1,1,0,2,0,0,4,0,4,0,1,5,0,6,0,0,0,6
12/26/2013,OSH,WI,AGL,CE,Federal Contract Tower,0,4,8,0,12,0,0,0,0,0,0,4,8,0,12,24,0,24,36
12/27/2013,OSH,WI,AGL,CE,Federal Contract Tower,0,4,8,0,12,0,0,29,0,29,0,4,37,0,41,10,0,10,51
12/28/2013,OSH,WI,AGL,CE,Federal Contract Tower,0,2,10,0,12,0,0,53,0,53,0,2,63,0,65,52,0,52,117
12/29/2013,OSH,WI,AGL,CE,Federal Contract Tower,0,0,5,0,5,0,0,0,0,0,0,0,5,0,5,0,0,0,5
12/30/2013,OSH,WI,AGL,CE,Federal Contract Tower,0,1,7,0,8,0,0,9,0,9,0,1,16,0,17,0,0,0,17
12/31/2013,OSH,WI,AGL,CE,Federal Contract Tower,0,4,9,0,13,0,0,17,0,17,0,4,26,0,30,8,0,8,38
01/01/2014,OSH,WI,AGL,CE,Federal Contract Tower,0,0,7,0,7,0,0,3,0,3,0,0,10,0,10,0,0,0,10
01/02/2014,OSH,WI,AGL,CE,Federal Contract Tower,0,2,21,4,27,0,0,6,0,6,0,2,27,4,33,0,0,0,33
01/03/2014,OSH,WI,AGL,CE,Federal Contract Tower,0,2,15,0,17,0,0,6,0,6,0,2,21,0,23,0,0,0,23
01/04/2014,OSH,WI,AGL,CE,Federal Contract Tower,0,2,0,0,2,0,0,1,0,1,0,2,1,0,3,18,0,18,21
01/05/2014,OSH,WI,AGL,CE,Federal Contract Tower,0,0,2,0,2,0,0,1,0,1,0,0,3,0,3,0,0,0,3
01/06/2014,OSH,WI,AGL,CE,Federal Contract Tower,0,1,1,0,2,0,0,0,0,0,0,1,1,0,2,0,0,0,2
01/07/2014,OSH,WI,AGL,CE,Federal Contract Tower,0,2,2,0,4,0,0,2,0,2,0,2,4,0,6,0,0,0,6
01/08/2014,OSH,WI,AGL,CE,Federal Contract Tower,0,4,10,1,15,0,0,9,7,16,0,4,19,8,31,4,2,6,37
01/09/2014,OSH,WI,AGL,CE,Federal Contract Tower,0,2,11,0,13,0,0,20,0,20,0,2,31,0,33,44,0,44,77
01/10/2014,OSH,WI,AGL,CE,Federal Contract Tower,0,2,3,0,5,0,0,0,0,0,0,2,3,0,5,0,0,0,5
01/11/2014,OSH,WI,AGL,CE,Federal Contract Tower,0,0,1,0,1,0,0,0,0,0,0,0,1,0,1,0,0,0,1
01/12/2014,OSH,WI,AGL,CE,Federal Contract Tower,0,0,3,0,3,0,0,5,0,5,0,0,8,0,8,0,0,0,8
01/13/2014,OSH,WI,AGL,CE,Federal Contract Tower,0,1,5,2,8,0,0,12,0,12,0,1,17,2,20,12,0,12,32
01/14/2014,OSH,WI,AGL,CE,Federal Contract Tower,0,4,8,0,12,0,0,0,0,0,0,4,8,0,12,0,0,0,12
01/15/2014,OSH,WI,AGL,CE,Federal Contract Tower,0,2,8,0,10,0,0,7,4,11,0,2,15,4,21,4,0,4,25
01/16/2014,OSH,WI,AGL,CE,Federal Contract Tower,0,2,5,0,7,0,0,2,0,2,0,2,7,0,9,0,0,0,9
01/17/2014,OSH,WI,AGL,CE,Federal Contract Tower,0,4,2,4,10,0,0,1,0,1,0,4,3,4,11,26,0,26,37
01/18/2014,OSH,WI,AGL,CE,Federal Contract Tower,0,2,4,0,6,0,0,34,0,34,0,2,38,0,40,8,0,8,48
01/19/2014,OSH,WI,AGL,CE,Federal Contract Tower,0,6,11,0,17,0,0,24,0,24,0,6,35,0,41,24,0,24,65
01/20/2014,OSH,WI,AGL,CE,Federal Contract Tower,0,1,8,0,9,0,0,8,0,8,0,1,16,0,17,12,0,12,29
01/21/2014,OSH,WI,AGL,CE,Federal Contract Tower,0,1,11,0,12,0,0,18,0,18,0,1,29,0,30,8,0,8,38
01/22/2014,OSH,WI,AGL,CE,Federal Contract Tower,0,4,5,4,13,0,0,2,0,2,0,4,7,4,15,0,0,0,15
01/23/2014,OSH,WI,AGL,CE,Federal Contract Tower,0,2,18,4,24,0,0,35,2,37,0,2,53,6,61,6,0,6,67
01/24/2014,OSH,WI,AGL,CE,Federal Contract Tower,0,2,8,0,10,0,0,0,0,0,0,2,8,0,10,0,0,0,10
01/25/2014,OSH,WI,AGL,CE,Federal Contract Tower,0,2,4,0,6,0,0,4,0,4,0,2,8,0,10,0,0,0,10
01/26/2014,OSH,WI,AGL,CE,Federal Contract Tower,0,0,4,0,4,0,0,0,0,0,0,0,4,0,4,0,0,0,4
01/27/2014,OSH,WI,AGL,CE,Federal Contract Tower,0,2,9,0,11,0,0,4,0,4,0,2,13,0,15,0,0,0,15
01/28/2014,OSH,WI,AGL,CE,Federal Contract Tower,0,2,6,0,8,0,0,5,0,5,0,2,11,0,13,0,0,0,13
01/29/2014,OSH,WI,AGL,CE,Federal Contract Tower,0,4,8,0,12,0,0,10,2,12,0,4,18,2,24,24,6,30,54
01/30/2014,OSH,WI,AGL,CE,Federal Contract Tower,0,2,10,0,12,0,0,3,2,5,0,2,13,2,17,0,0,0,17
01/31/2014,OSH,WI,AGL,CE,Federal Contract Tower,0,2,15,0,17,0,0,28,0,28,0,2,43,0,45,34,0,34,79
02/01/2014,OSH,WI,AGL,CE,Federal Contract Tower,0,2,3,0,5,0,0,9,0,9,0,2,12,0,14,22,0,22,36
02/02/2014,OSH,WI,AGL,CE,Federal Contract Tower,0,0,10,0,10,0,0,29,4,33,0,0,39,4,43,58,2,60,103
02/03/2014,OSH,WI,AGL,CE,Federal Contract Tower,0,5,11,0,16,0,0,37,0,37,0,5,48,0,53,42,0,42,95
02/04/2014,OSH,WI,AGL,CE,Federal Contract Tower,0,3,11,0,14,0,0,18,4,22,0,3,29,4,36,16,0,16,52
02/05/2014,OSH,WI,AGL,CE,Federal Contract Tower,0,2,6,0,8,0,2,2,0,4,0,4,8,0,12,6,0,6,18
02/06/2014,OSH,WI,AGL,CE,Federal Contract Tower,0,1,15,0,16,0,0,20,0,20,0,1,35,0,36,24,0,24,60
02/07/2014,OSH,WI,AGL,CE,Federal Contract Tower,0,2,19,4,25,0,0,30,4,34,0,2,49,8,59,10,0,10,69
02/08/2014,OSH,WI,AGL,CE,Federal Contract Tower,0,2,0,0,2,0,0,19,0,19,0,2,19,0,21,96,0,96,117
02/09/2014,OSH,WI,AGL,CE,Federal Contract Tower,0,0,3,0,3,0,0,29,0,29,0,0,32,0,32,18,0,18,50
02/10/2014,OSH,WI,AGL,CE,Federal Contract Tower,0,1,17,0,18,0,0,24,0,24,0,1,41,0,42,8,0,8,50
02/11/2014,OSH,WI,AGL,CE,Federal Contract Tower,0,2,9,2,13,0,2,26,0,28,0,4,35,2,41,20,0,20,61
02/12/2014,OSH,WI,AGL,CE,Federal Contract Tower,0,1,16,0,17,0,0,7,0,7,0,1,23,0,24,24,0,24,48
02/13/2014,OSH,WI,AGL,CE,Federal Contract Tower,0,2,5,0,7,0,0,1,0,1,0,2,6,0,8,0,0,0,8
02/14/2014,OSH,WI,AGL,CE,Federal Contract Tower,0,2,16,0,18,0,0,37,0,37,0,2,53,0,55,66,0,66,121
02/15/2014,OSH,WI,AGL,CE,Federal Contract Tower,0,2,2,0,4,0,0,40,0,40,0,2,42,0,44,16,0,16,60
02/16/2014,OSH,WI,AGL,CE,Federal Contract Tower,0,0,1,0,1,0,0,20,0,20,0,0,21,0,21,6,0,6,27
02/17/2014,OSH,WI,AGL,CE,Federal Contract Tower,0,1,9,0,10,0,0,2,0,2,0,1,11,0,12,0,0,0,12
02/18/2014,OSH,WI,AGL,CE,Federal Contract Tower,0,2,7,0,9,0,0,27,0,27,0,2,34,0,36,28,0,28,64
02/19/2014,OSH,WI,AGL,CE,Federal Contract Tower,0,1,17,1,19,0,0,83,9,92,0,1,100,10,111,114,4,118,229
02/20/2014,OSH,WI,AGL,CE,Federal Contract Tower,0,3,2,0,5,0,0,0,0,0,0,3,2,0,5,0,0,0,5
02/21/2014,OSH,WI,AGL,CE,Federal Contract Tower,0,2,0,0,2,0,0,0,0,0,0,2,0,0,2,0,0,0,2
02/22/2014,OSH,WI,AGL,CE,Federal Contract Tower,0,2,6,0,8,0,0,30,0,30,0,2,36,0,38,50,0,50,88
02/23/2014,OSH,WI,AGL,CE,Federal Contract Tower,0,0,3,0,3,0,1,14,0,15,0,1,17,0,18,4,0,4,22
02/24/2014,OSH,WI,AGL,CE,Federal Contract Tower,0,1,24,0,25,0,0,26,0,26,0,1,50,0,51,8,0,8,59
02/25/2014,OSH,WI,AGL,CE,Federal Contract Tower,0,3,3,0,6,0,0,23,0,23,0,3,26,0,29,22,0,22,51
02/26/2014,OSH,WI,AGL,CE,Federal Contract Tower,0,1,11,6,18,0,2,15,2,19,0,3,26,8,37,22,0,22,59
02/27/2014,OSH,WI,AGL,CE,Federal Contract Tower,0,2,11,0,13,0,0,11,8,19,0,2,22,8,32,0,0,0,32
02/28/2014,OSH,WI,AGL,CE,Federal Contract Tower,0,2,9,0,11,0,0,37,6,43,0,2,46,6,54,28,0,28,82
03/01/2014,OSH,WI,AGL,CE,Federal Contract Tower,0,4,4,0,8,0,0,10,0,10,0,4,14,0,18,50,0,50,68
03/02/2014,OSH,WI,AGL,CE,Federal Contract Tower,0,0,8,0,8,0,0,12,0,12,0,0,20,0,20,32,0,32,52
03/03/2014,OSH,WI,AGL,CE,Federal Contract Tower,0,2,6,0,8,0,0,33,0,33,0,2,39,0,41,54,0,54,95
03/04/2014,OSH,WI,AGL,CE,Federal Contract Tower,0,2,5,0,7,0,0,13,0,13,0,2,18,0,20,4,0,4,24
03/05/2014,OSH,WI,AGL,CE,Federal Contract Tower,0,2,13,0,15,0,0,56,0,56,0,2,69,0,71,76,0,76,147
03/06/2014,OSH,WI,AGL,CE,Federal Contract Tower,0,6,9,0,15,0,0,84,2,86,0,6,93,2,101,190,5,195,296
03/07/2014,OSH,WI,AGL,CE,Federal Contract Tower,0,2,11,0,13,0,0,31,0,31,0,2,42,0,44,80,0,80,124
03/08/2014,OSH,WI,AGL,CE,Federal Contract Tower,0,2,1,0,3,0,0,61,0,61,0,2,62,0,64,44,0,44,108
03/09/2014,OSH,WI,AGL,CE,Federal Contract Tower,0,1,7,0,8,0,0,42,0,42,0,1,49,0,50,16,0,16,66
03/10/2014,OSH,WI,AGL,CE,Federal Contract Tower,0,1,10,0,11,0,0,73,0,73,0,1,83,0,84,68,0,68,152
03/11/2014,OSH,WI,AGL,CE,Federal Contract Tower,0,2,6,0,8,0,0,34,0,34,0,2,40,0,42,34,0,34,76
03/12/2014,OSH,WI,AGL,CE,Federal Contract Tower,0,2,6,0,8,0,0,30,2,32,0,2,36,2,40,28,0,28,68
03/13/2014,OSH,WI,AGL,CE,Federal Contract Tower,0,2,13,0,15,0,0,52,4,56,0,2,65,4,71,116,6,122,193
03/14/2014,OSH,WI,AGL,CE,Federal Contract Tower,0,3,3,0,6,0,0,38,0,38,0,3,41,0,44,58,0,58,102
03/15/2014,OSH,WI,AGL,CE,Federal Contract Tower,0,2,10,0,12,0,0,65,0,65,0,2,75,0,77,62,0,62,139
03/16/2014,OSH,WI,AGL,CE,Federal Contract Tower,0,0,1,0,1,0,0,19,0,19,0,0,20,0,20,32,0,32,52
03/17/2014,OSH,WI,AGL,CE,Federal Contract Tower,0,1,9,0,10,0,0,37,0,37,0,1,46,0,47,40,0,40,87
03/18/2014,OSH,WI,AGL,CE,Federal Contract Tower,0,2,3,0,5,0,40,2,0,42,0,42,5,0,47,100,0,100,147
03/19/2014,OSH,WI,AGL,CE,Federal Contract Tower,0,2,9,0,11,0,0,1,0,1,0,2,10,0,12,0,0,0,12
03/20/2014,OSH,WI,AGL,CE,Federal Contract Tower,0,2,15,0,17,0,0,118,4,122,0,2,133,4,139,200,0,200,339
03/21/2014,OSH,WI,AGL,CE,Federal Contract Tower,0,3,6,2,11,0,0,57,4,61,0,3,63,6,72,74,0,74,146
03/22/2014,OSH,WI,AGL,CE,Federal Contract Tower,0,2,1,0,3,0,0,37,0,37,0,2,38,0,40,30,0,30,70
03/23/2014,OSH,WI,AGL,CE,Federal Contract Tower,0,0,2,0,2,0,0,40,0,40,0,0,42,0,42,36,0,36,78
03/24/2014,OSH,WI,AGL,CE,Federal Contract Tower,0,1,8,2,11,0,0,57,0,57,0,1,65,2,68,78,0,78,146
03/25/2014,OSH,WI,AGL,CE,Federal Contract Tower,0,2,10,0,12,0,0,33,0,33,0,2,43,0,45,31,0,31,76
03/26/2014,OSH,WI,AGL,CE,Federal Contract Tower,0,1,9,2,12,0,0,67,0,67,0,1,76,2,79,70,0,70,149
03/27/2014,OSH,WI,AGL,CE,Federal Contract Tower,0,2,8,0,10,0,0,3,0,3,0,2,11,0,13,0,0,0,13
03/28/2014,OSH,WI,AGL,CE,Federal Contract Tower,0,4,6,4,14,0,0,42,0,42,0,4,48,4,56,42,0,42,98
03/29/2014,OSH,WI,AGL,CE,Federal Contract Tower,0,2,10,0,12,0,0,72,0,72,0,2,82,0,84,59,0,59,143
03/30/2014,OSH,WI,AGL,CE,Federal Contract Tower,0,0,8,0,8,0,0,58,0,58,0,0,66,0,66,80,0,80,146
03/31/2014,OSH,WI,AGL,CE,Federal Contract Tower,0,1,9,0,10,0,0,38,0,38,0,1,47,0,48,72,0,72,120
04/01/2014,OSH,WI,AGL,CE,Federal Contract Tower,0,2,9,0,11,0,2,8,2,12,0,4,17,2,23,4,8,12,35
04/02/2014,OSH,WI,AGL,CE,Federal Contract Tower,0,2,19,0,21,0,2,56,0,58,0,4,75,0,79,80,0,80,159
04/03/2014,OSH,WI,AGL,CE,Federal Contract Tower,0,3,12,0,15,0,0,8,0,8,0,3,20,0,23,12,0,12,35
04/04/2014,OSH,WI,AGL,CE,Federal Contract Tower,0,3,6,0,9,0,0,0,0,0,0,3,6,0,9,0,0,0,9
04/05/2014,OSH,WI,AGL,CE,Federal Contract Tower,0,2,7,0,9,0,0,70,0,70,0,2,77,0,79,84,0,84,163
04/06/2014,OSH,WI,AGL,CE,Federal Contract Tower,0,1,14,0,15,0,0,34,0,34,0,1,48,0,49,62,0,62,111
04/07/2014,OSH,WI,AGL,CE,Federal Contract Tower,0,1,15,2,18,0,0,51,0,51,0,1,66,2,69,60,0,60,129
04/08/2014,OSH,WI,AGL,CE,Federal Contract Tower,0,2,16,0,18,0,0,58,0,58,0,2,74,0,76,176,0,176,252
04/09/2014,OSH,WI,AGL,CE,Federal Contract Tower,0,2,15,0,17,0,0,94,0,94,0,2,109,0,111,168,0,168,279
04/10/2014,OSH,WI,AGL,CE,Federal Contract Tower,0,2,13,0,15,0,0,74,5,79,0,2,87,5,94,62,0,62,156
04/11/2014,OSH,WI,AGL,CE,Federal Contract Tower,0,2,11,0,13,0,0,62,0,62,0,2,73,0,75,88,0,88,163
04/12/2014,OSH,WI,AGL,CE,Federal Contract Tower,0,2,5,0,7,0,0,50,0,50,0,2,55,0,57,4,0,4,61
04/13/2014,OSH,WI,AGL,CE,Federal Contract Tower,0,0,10,0,10,0,0,0,0,0,0,0,10,0,10,0,0,0,10
04/14/2014,OSH,WI,AGL,CE,Federal Contract Tower,0,2,8,0,10,0,0,7,0,7,0,2,15,0,17,32,0,32,49
04/15/2014,OSH,WI,AGL,CE,Federal Contract Tower,0,2,9,0,11,0,0,64,2,66,0,2,73,2,77,98,0,98,175
04/16/2014,OSH,WI,AGL,CE,Federal Contract Tower,0,2,2,0,4,0,4,59,0,63,0,6,61,0,67,100,0,100,167
04/17/2014,OSH,WI,AGL,CE,Federal Contract Tower,0,2,9,0,11,0,0,30,4,34,0,2,39,4,45,60,0,60,105
04/18/2014,OSH,WI,AGL,CE,Federal Contract Tower,0,1,11,0,12,0,1,84,0,85,0,2,95,0,97,168,0,168,265
04/19/2014,OSH,WI,AGL,CE,Federal Contract Tower,0,2,6,0,8,0,0,102,0,102,0,2,108,0,110,60,0,60,170
04/20/2014,OSH,WI,AGL,CE,Federal Contract Tower,0,0,5,0,5,0,0,16,0,16,0,0,21,0,21,14,0,14,35
04/21/2014,OSH,WI,AGL,CE,Federal Contract Tower,0,1,9,0,10,0,0,27,0,27,0,1,36,0,37,56,0,56,93
04/22/2014,OSH,WI,AGL,CE,Federal Contract Tower,0,2,8,0,10,0,77,2,0,79,0,79,10,0,89,156,0,156,245
04/23/2014,OSH,WI,AGL,CE,Federal Contract Tower,0,3,14,0,17,0,0,82,0,82,0,3,96,0,99,112,0,112,211
04/24/2014,OSH,WI,AGL,CE,Federal Contract Tower,0,2,7,2,11,0,0,9,0,9,0,2,16,2,20,14,0,14,34
04/25/2014,OSH,WI,AGL,CE,Federal Contract Tower,0,2,10,0,12,0,0,38,2,40,0,2,48,2,52,56,0,56,108
04/26/2014,OSH,WI,AGL,CE,Federal Contract Tower,0,4,28,0,32,0,0,102,0,102,0,4,130,0,134,104,0,104,238
04/27/2014,OSH,WI,AGL,CE,Federal Contract Tower,0,0,3,0,3,0,0,3,0,3,0,0,6,0,6,14,0,14,20
04/28/2014,OSH,WI,AGL,CE,Federal Contract Tower,0,1,8,0,9,0,0,7,0,7,0,1,15,0,16,0,0,0,16
04/29/2014,OSH,WI,AGL,CE,Federal Contract Tower,0,2,9,0,11,0,0,0,0,0,0,2,9,0,11,0,0,0,11
04/30/2014,OSH,WI,AGL,CE,Federal Contract Tower,0,1,25,5,31,0,0,7,0,7,0,1,32,5,38,12,6,18,56
05/01/2014,OSH,WI,AGL,CE,Federal Contract Tower,0,2,27,2,31,0,0,13,2,15,0,2,40,4,46,58,0,58,104
05/02/2014,OSH,WI,AGL,CE,Federal Contract Tower,0,2,22,0,24,0,0,27,0,27,0,2,49,0,51,28,0,28,79
05/03/2014,OSH,WI,AGL,CE,Federal Contract Tower,0,2,4,0,6,0,0,45,0,45,0,2,49,0,51,124,0,124,175
05/04/2014,OSH,WI,AGL,CE,Federal Contract Tower,0,0,15,0,15,0,0,61,0,61,0,0,76,0,76,184,0,184,260
05/05/2014,OSH,WI,AGL,CE,Federal Contract Tower,0,1,19,0,20,0,0,88,2,90,0,1,107,2,110,206,0,206,316
05/06/2014,OSH,WI,AGL,CE,Federal Contract Tower,0,1,6,0,7,0,0,65,0,65,0,1,71,0,72,128,0,128,200
05/07/2014,OSH,WI,AGL,CE,Federal Contract Tower,0,2,12,0,14,0,0,13,0,13,0,2,25,0,27,50,0,50,77
05/08/2014,OSH,WI,AGL,CE,Federal Contract Tower,0,2,14,0,16,0,0,70,2,72,0,2,84,2,88,80,0,80,168
05/09/2014,OSH,WI,AGL,CE,Federal Contract Tower,0,2,25,0,27,0,0,51,0,51,0,2,76,0,78,136,0,136,214
05/10/2014,OSH,WI,AGL,CE,Federal Contract Tower,0,5,5,0,10,0,0,84,0,84,0,5,89,0,94,154,0,154,248
05/11/2014,OSH,WI,AGL,CE,Federal Contract Tower,0,0,3,0,3,0,0,38,0,38,0,0,41,0,41,62,0,62,103
05/12/2014,OSH,WI,AGL,CE,Federal Contract Tower,0,1,13,0,14,0,0,10,0,10,0,1,23,0,24,24,0,24,48
05/13/2014,OSH,WI,AGL,CE,Federal Contract Tower,0,2,37,0,39,0,0,21,0,21,0,2,58,0,60,36,0,36,96
05/14/2014,OSH,WI,AGL,CE,Federal Contract Tower,0,3,12,0,15,0,0,118,1,119,0,3,130,1,134,182,0,182,316
05/15/2014,OSH,WI,AGL,CE,Federal Contract Tower,0,2,11,1,14,0,0,70,8,78,0,2,81,9,92,104,4,108,200
05/16/2014,OSH,WI,AGL,CE,Federal Contract Tower,0,3,9,0,12,0,0,83,0,83,0,3,92,0,95,188,0,188,283
05/17/2014,OSH,WI,AGL,CE,Federal Contract Tower,0,2,8,0,10,0,0,49,0,49,0,2,57,0,59,82,0,82,141
05/18/2014,OSH,WI,AGL,CE,Federal Contract Tower,0,0,6,0,6,0,0,48,0,48,0,0,54,0,54,114,0,114,168
05/19/2014,OSH,WI,AGL,CE,Federal Contract Tower,0,1,10,0,11,0,0,24,0,24,0,1,34,0,35,30,0,30,65
05/20/2014,OSH,WI,AGL,CE,Federal Contract Tower,0,3,4,2,9,0,0,51,0,51,0,3,55,2,60,52,0,52,112
05/21/2014,OSH,WI,AGL,CE,Federal Contract Tower,0,2,15,0,17,0,0,37,0,37,0,2,52,0,54,34,0,34,88
05/22/2014,OSH,WI,AGL,CE,Federal Contract Tower,0,5,13,0,18,0,0,59,0,59,0,5,72,0,77,110,0,110,187
05/23/2014,OSH,WI,AGL,CE,Federal Contract Tower,0,1,11,0,12,0,0,50,0,50,0,1,61,0,62,38,0,38,100
05/24/2014,OSH,WI,AGL,CE,Federal Contract Tower,0,2,6,0,8,0,0,62,0,62,0,2,68,0,70,122,0,122,192
05/25/2014,OSH,WI,AGL,CE,Federal Contract Tower,0,0,6,0,6,0,0,32,0,32,0,0,38,0,38,78,0,78,116
05/26/2014,OSH,WI,AGL,CE,Federal Contract Tower,0,0,2,0,2,0,0,28,0,28,0,0,30,0,30,102,0,102,132
05/27/2014,OSH,WI,AGL,CE,Federal Contract Tower,0,2,6,0,8,0,0,11,0,11,0,2,17,0,19,34,0,34,53
05/28/2014,OSH,WI,AGL,CE,Federal Contract Tower,0,4,10,0,14,0,0,68,0,68,0,4,78,0,82,104,0,104,186
05/29/2014,OSH,WI,AGL,CE,Federal Contract Tower,0,2,6,0,8,0,0,69,0,69,0,2,75,0,77,134,0,134,211
05/30/2014,OSH,WI,AGL,CE,Federal Contract Tower,0,2,8,0,10,0,0,68,0,68,0,2,76,0,78,73,0,73,151
05/31/2014,OSH,WI,AGL,CE,Federal Contract Tower,0,2,5,0,7,0,1,0,0,1,0,3,5,0,8,152,0,152,160
06/01/2014,OSH,WI,AGL,CE,Federal Contract Tower,0,0,5,0,5,0,0,15,0,15,0,0,20,0,20,36,0,36,56
06/02/2014,OSH,WI,AGL,CE,Federal Contract Tower,0,1,4,0,5,0,0,21,0,21,0,1,25,0,26,28,0,28,54
06/03/2014,OSH,WI,AGL,CE,Federal Contract Tower,0,3,18,0,21,0,0,27,0,27,0,3,45,0,48,116,0,116,164
06/04/2014,OSH,WI,AGL,CE,Federal Contract Tower,0,2,8,0,10,0,0,73,0,73,0,2,81,0,83,200,0,200,283
06/05/2014,OSH,WI,AGL,CE,Federal Contract Tower,0,4,8,0,12,0,0,97,0,97,0,4,105,0,109,228,0,228,337
06/06/2014,OSH,WI,AGL,CE,Federal Contract Tower,0,2,12,0,14,0,0,81,0,81,0,2,93,0,95,222,0,222,317
06/07/2014,OSH,WI,AGL,CE,Federal Contract Tower,0,2,6,0,8,0,0,88,0,88,0,2,94,0,96,224,0,224,320
06/08/2014,OSH,WI,AGL,CE,Federal Contract Tower,0,0,2,0,2,0,0,54,0,54,0,0,56,0,56,58,0,58,114
06/09/2014,OSH,WI,AGL,CE,Federal Contract Tower,0,1,18,0,19,0,0,77,0,77,0,1,95,0,96,234,0,234,330
06/10/2014,OSH,WI,AGL,CE,Federal Contract Tower,0,2,9,0,11,0,0,54,0,54,0,2,63,0,65,132,0,132,197
06/11/2014,OSH,WI,AGL,CE,Federal Contract Tower,0,2,13,0,15,0,0,28,0,28,0,2,41,0,43,148,0,148,191
06/12/2014,OSH,WI,AGL,CE,Federal Contract Tower,0,2,17,0,19,0,0,54,0,54,0,2,71,0,73,178,0,178,251
06/13/2014,OSH,WI,AGL,CE,Federal Contract Tower,0,4,11,0,15,0,0,84,0,84,0,4,95,0,99,202,0,202,301
06/14/2014,OSH,WI,AGL,CE,Federal Contract Tower,0,3,11,0,14,0,0,125,0,125,0,3,136,0,139,78,0,78,217
06/15/2014,OSH,WI,AGL,CE,Federal Contract Tower,0,4,1,0,5,0,0,35,0,35,0,4,36,0,40,22,0,22,62
06/16/2014,OSH,WI,AGL,CE,Federal Contract Tower,0,1,11,0,12,0,0,85,0,85,0,1,96,0,97,174,0,174,271
06/17/2014,OSH,WI,AGL,CE,Federal Contract Tower,0,2,9,0,11,0,0,61,0,61,0,2,70,0,72,250,0,250,322
06/18/2014,OSH,WI,AGL,CE,Federal Contract Tower,0,4,7,0,11,0,0,55,0,55,0,4,62,0,66,308,0,308,374
06/19/2014,OSH,WI,AGL,CE,Federal Contract Tower,0,2,17,0,19,0,0,48,0,48,0,2,65,0,67,336,0,336,403
06/20/2014,OSH,WI,AGL,CE,Federal Contract Tower,0,2,23,0,25,0,0,19,0,19,0,2,42,0,44,36,0,36,80
06/21/2014,OSH,WI,AGL,CE,Federal Contract Tower,0,2,21,1,24,0,0,28,0,28,0,2,49,1,52,120,0,120,172
06/22/2014,OSH,WI,AGL,CE,Federal Contract Tower,0,0,9,0,9,0,0,31,0,31,0,0,40,0,40,211,0,211,251
06/23/2014,OSH,WI,AGL,CE,Federal Contract Tower,0,1,22,0,23,0,0,29,0,29,0,1,51,0,52,102,0,102,154
06/24/2014,OSH,WI,AGL,CE,Federal Contract Tower,0,3,18,0,21,0,0,93,0,93,0,3,111,0,114,82,0,82,196
06/25/2014,OSH,WI,AGL,CE,Federal Contract Tower,0,3,20,0,23,0,0,23,0,23,0,3,43,0,46,14,0,14,60
06/26/2014,OSH,WI,AGL,CE,Federal Contract Tower,0,3,7,2,12,0,0,146,21,167,0,3,153,23,179,220,40,260,439
06/27/2014,OSH,WI,AGL,CE,Federal Contract Tower,0,2,14,0,16,0,0,69,0,69,0,2,83,0,85,148,0,148,233
06/28/2014,OSH,WI,AGL,CE,Federal Contract Tower,0,2,8,0,10,0,0,47,0,47,0,2,55,0,57,108,0,108,165
06/29/2014,OSH,WI,AGL,CE,Federal Contract Tower,0,0,10,0,10,0,0,19,0,19,0,0,29,0,29,82,0,82,111
06/30/2014,OSH,WI,AGL,CE,Federal Contract Tower,0,1,4,0,5,0,22,0,0,22,0,23,4,0,27,94,0,94,121
07/01/2014,OSH,WI,AGL,CE,Federal Contract Tower,0,5,5,0,10,0,0,56,0,56,0,5,61,0,66,22,0,22,88
07/02/2014,OSH,WI,AGL,CE,Federal Contract Tower,0,6,19,2,27,0,2,40,0,42,0,8,59,2,69,24,0,24,93
07/03/2014,OSH,WI,AGL,CE,Federal Contract Tower,0,2,12,0,14,0,0,111,0,111,0,2,123,0,125,224,0,224,349
07/04/2014,OSH,WI,AGL,CE,Federal Contract Tower,0,4,0,0,4,0,0,95,0,95,0,4,95,0,99,256,0,256,355
07/05/2014,OSH,WI,AGL,CE,Federal Contract Tower,0,2,2,0,4,0,0,44,0,44,0,2,46,0,48,104,0,104,152
07/06/2014,OSH,WI,AGL,CE,Federal Contract Tower,0,0,8,0,8,0,0,19,0,19,0,0,27,0,27,54,0,54,81
07/07/2014,OSH,WI,AGL,CE,Federal Contract Tower,0,1,8,2,11,0,0,71,6,77,0,1,79,8,88,180,0,180,268
07/08/2014,OSH,WI,AGL,CE,Federal Contract Tower,0,2,12,0,14,0,0,46,0,46,0,2,58,0,60,74,0,74,134
07/09/2014,OSH,WI,AGL,CE,Federal Contract Tower,0,4,13,0,17,0,0,152,0,152,0,4,165,0,169,336,0,336,505
07/10/2014,OSH,WI,AGL,CE,Federal Contract Tower,0,3,12,0,15,0,0,176,2,178,0,3,188,2,193,286,0,286,479
07/11/2014,OSH,WI,AGL,CE,Federal Contract Tower,0,5,10,0,15,0,0,93,2,95,0,5,103,2,110,234,0,234,344
07/12/2014,OSH,WI,AGL,CE,Federal Contract Tower,0,2,7,0,9,0,0,40,0,40,0,2,47,0,49,164,0,164,213
07/13/2014,OSH,WI,AGL,CE,Federal Contract Tower,0,0,7,0,7,0,0,55,0,55,0,0,62,0,62,102,0,102,164
07/14/2014,OSH,WI,AGL,CE,Federal Contract Tower,0,1,20,8,29,0,0,63,2,65,0,1,83,10,94,174,0,174,268
07/15/2014,OSH,WI,AGL,CE,Federal Contract Tower,0,2,18,0,20,0,0,47,2,49,0,2,65,2,69,72,4,76,145
07/16/2014,OSH,WI,AGL,CE,Federal Contract Tower,0,2,8,0,10,0,0,134,8,142,0,2,142,8,152,254,2,256,408
07/17/2014,OSH,WI,AGL,CE,Federal Contract Tower,0,2,15,0,17,0,0,130,3,133,0,2,145,3,150,236,0,236,386
07/18/2014,OSH,WI,AGL,CE,Federal Contract Tower,0,2,9,12,23,0,0,63,2,65,0,2,72,14,88,186,0,186,274
07/19/2014,OSH,WI,AGL,CE,Federal Contract Tower,7,2,0,0,9,0,0,75,0,75,7,2,75,0,84,104,0,104,188
07/20/2014,OSH,WI,AGL,CE,Federal Contract Tower,0,0,10,0,10,0,0,56,0,56,0,0,66,0,66,66,0,66,132
07/21/2014,OSH,WI,AGL,CE,Federal Contract Tower,0,1,25,3,29,0,0,63,4,67,0,1,88,7,96,158,0,158,254
07/22/2014,OSH,WI,AGL,CE,Federal Contract Tower,0,3,12,2,17,0,4,55,0,59,0,7,67,2,76,60,0,60,136
07/23/2014,OSH,WI,AGL,CE,Federal Contract Tower,0,8,23,2,33,0,0,169,2,171,0,8,192,4,204,150,2,152,356
07/24/2014,OSH,WI,AGL,CE,Federal Contract Tower,0,5,33,0,38,0,0,301,1,302,0,5,334,1,340,158,0,158,498
07/25/2014,OSH,WI,AGL,CE,Federal Contract Tower,0,0,48,0,48,0,0,405,0,405,0,0,453,0,453,0,0,0,453
07/26/2014,OSH,WI,AGL,CE,Federal Contract Tower,0,0,78,0,78,0,0,1179,0,1179,0,0,1257,0,1257,0,0,0,1257
07/27/2014,OSH,WI,AGL,CE,Federal Contract Tower,0,0,88,0,88,0,0,1658,0,1658,0,0,1746,0,1746,0,0,0,1746
07/28/2014,OSH,WI,AGL,CE,Federal Contract Tower,0,0,48,0,48,0,0,1608,0,1608,0,0,1656,0,1656,0,0,0,1656
07/29/2014,OSH,WI,AGL,CE,Federal Contract Tower,0,0,73,0,73,0,0,1522,0,1522,0,0,1595,0,1595,0,0,0,1595
07/30/2014,OSH,WI,AGL,CE,Federal Contract Tower,0,0,148,0,148,0,0,2068,0,2068,0,0,2216,0,2216,0,0,0,2216
07/31/2014,OSH,WI,AGL,CE,Federal Contract Tower,0,0,106,0,106,0,0,2092,0,2092,0,0,2198,0,2198,0,0,0,2198
08/01/2014,OSH,WI,AGL,CE,Federal Contract Tower,0,0,116,0,116,0,0,1805,0,1805,0,0,1921,0,1921,0,0,0,1921
08/02/2014,OSH,WI,AGL,CE,Federal Contract Tower,0,0,64,0,64,0,0,1928,0,1928,0,0,1992,0,1992,0,0,0,1992
08/03/2014,OSH,WI,AGL,CE,Federal Contract Tower,0,0,81,0,81,0,0,1383,0,1383,0,0,1464,0,1464,0,0,0,1464
08/04/2014,OSH,WI,AGL,CE,Federal Contract Tower,0,2,69,0,71,0,0,39,0,39,0,2,108,0,110,38,0,38,148
08/05/2014,OSH,WI,AGL,CE,Federal Contract Tower,0,2,20,2,24,0,0,129,0,129,0,2,149,2,153,116,0,116,269
08/06/2014,OSH,WI,AGL,CE,Federal Contract Tower,0,4,9,2,15,0,0,156,2,158,0,4,165,4,173,104,0,104,277
08/07/2014,OSH,WI,AGL,CE,Federal Contract Tower,0,4,13,0,17,0,0,110,0,110,0,4,123,0,127,104,0,104,231
08/08/2014,OSH,WI,AGL,CE,Federal Contract Tower,0,5,5,0,10,0,0,91,0,91,0,5,96,0,101,148,0,148,249
08/09/2014,OSH,WI,AGL,CE,Federal Contract Tower,0,3,10,0,13,1,0,66,0,67,1,3,76,0,80,94,0,94,174
08/10/2014,OSH,WI,AGL,CE,Federal Contract Tower,0,0,8,0,8,0,0,64,0,64,0,0,72,0,72,122,0,122,194
08/11/2014,OSH,WI,AGL,CE,Federal Contract Tower,0,1,15,0,16,0,0,51,0,51,0,1,66,0,67,78,0,78,145
08/12/2014,OSH,WI,AGL,CE,Federal Contract Tower,0,2,7,0,9,0,0,46,4,50,0,2,53,4,59,18,0,18,77
08/13/2014,OSH,WI,AGL,CE,Federal Contract Tower,0,4,25,0,29,0,0,197,0,197,0,4,222,0,226,94,0,94,320
08/14/2014,OSH,WI,AGL,CE,Federal Contract Tower,0,3,14,0,17,0,0,246,0,246,0,3,260,0,263,86,0,86,349
08/15/2014,OSH,WI,AGL,CE,Federal Contract Tower,0,2,9,0,11,0,0,233,0,233,0,2,242,0,244,62,0,62,306
08/16/2014,OSH,WI,AGL,CE,Federal Contract Tower,0,2,12,0,14,0,0,51,0,51,0,2,63,0,65,26,0,26,91
08/17/2014,OSH,WI,AGL,CE,Federal Contract Tower,0,1,22,0,23,0,0,62,0,62,0,1,84,0,85,18,0,18,103
08/18/2014,OSH,WI,AGL,CE,Federal Contract Tower,0,1,17,0,18,0,0,20,0,20,0,1,37,0,38,118,0,118,156
08/19/2014,OSH,WI,AGL,CE,Federal Contract Tower,0,3,11,0,14,0,0,38,0,38,0,3,49,0,52,110,0,110,162
08/20/2014,OSH,WI,AGL,CE,Federal Contract Tower,0,4,30,0,34,0,0,52,0,52,0,4,82,0,86,5,0,5,91
08/21/2014,OSH,WI,AGL,CE,Federal Contract Tower,0,4,17,0,21,0,0,12,0,12,0,4,29,0,33,36,0,36,69
08/22/2014,OSH,WI,AGL,CE,Federal Contract Tower,0,2,15,0,17,0,0,22,0,22,0,2,37,0,39,86,0,86,125
08/23/2014,OSH,WI,AGL,CE,Federal Contract Tower,0,2,7,0,9,0,0,0,0,0,0,2,7,0,9,0,0,0,9
08/24/2014,OSH,WI,AGL,CE,Federal Contract Tower,0,18,0,0,18,0,0,10,0,10,0,18,10,0,28,8,0,8,36
08/25/2014,OSH,WI,AGL,CE,Federal Contract Tower,0,2,13,0,15,0,0,17,0,17,0,2,30,0,32,48,0,48,80
08/26/2014,OSH,WI,AGL,CE,Federal Contract Tower,0,6,10,0,16,0,0,82,0,82,0,6,92,0,98,222,0,222,320
08/27/2014,OSH,WI,AGL,CE,Federal Contract Tower,0,2,12,0,14,0,0,96,2,98,0,2,108,2,112,118,2,120,232
08/28/2014,OSH,WI,AGL,CE,Federal Contract Tower,0,2,11,2,15,0,0,50,0,50,0,2,61,2,65,166,0,166,231
08/29/2014,OSH,WI,AGL,CE,Federal Contract Tower,0,4,7,0,11,0,0,30,0,30,0,4,37,0,41,106,0,106,147
08/30/2014,OSH,WI,AGL,CE,Federal Contract Tower,0,2,3,0,5,0,0,7,0,7,0,2,10,0,12,81,0,81,93
08/31/2014,OSH,WI,AGL,CE,Federal Contract Tower,0,0,5,0,5,0,0,40,0,40,0,0,45,0,45,124,0,124,169
09/01/2014,OSH,WI,AGL,CE,Federal Contract Tower,0,6,0,0,6,0,0,6,0,6,0,6,6,0,12,18,0,18,30
09/02/2014,OSH,WI,AGL,CE,Federal Contract Tower,0,2,11,0,13,0,0,80,0,80,0,2,91,0,93,132,0,132,225
09/03/2014,OSH,WI,AGL,CE,Federal Contract Tower,0,3,5,0,8,0,0,88,0,88,0,3,93,0,96,75,0,75,171
09/04/2014,OSH,WI,AGL,CE,Federal Contract Tower,0,2,7,0,9,0,0,32,0,32,0,2,39,0,41,18,0,18,59
09/05/2014,OSH,WI,AGL,CE,Federal Contract Tower,0,5,15,0,20,0,0,69,0,69,0,5,84,0,89,68,0,68,157
09/06/2014,OSH,WI,AGL,CE,Federal Contract Tower,0,3,13,0,16,0,0,105,0,105,0,3,118,0,121,30,0,30,151
09/07/2014,OSH,WI,AGL,CE,Federal Contract Tower,0,0,3,0,3,0,0,90,0,90,0,0,93,0,93,160,0,160,253
09/08/2014,OSH,WI,AGL,CE,Federal Contract Tower,0,1,11,0,12,0,0,87,6,93,0,1,98,6,105,66,0,66,171
09/09/2014,OSH,WI,AGL,CE,Federal Contract Tower,0,2,7,0,9,0,0,53,4,57,0,2,60,4,66,148,0,148,214
09/10/2014,OSH,WI,AGL,CE,Federal Contract Tower,0,2,5,2,9,0,0,2,0,2,0,2,7,2,11,2,0,2,13
09/11/2014,OSH,WI,AGL,CE,Federal Contract Tower,0,2,14,2,18,0,0,27,0,27,0,2,41,2,45,28,0,28,73
09/12/2014,OSH,WI,AGL,CE,Federal Contract Tower,0,2,19,0,21,0,0,38,0,38,0,2,57,0,59,6,0,6,65
09/13/2014,OSH,WI,AGL,CE,Federal Contract Tower,0,2,8,0,10,0,0,146,0,146,0,2,154,0,156,179,0,179,335
09/14/2014,OSH,WI,AGL,CE,Federal Contract Tower,0,0,11,0,11,0,0,63,0,63,0,0,74,0,74,88,0,88,162
09/15/2014,OSH,WI,AGL,CE,Federal Contract Tower,0,1,12,0,13,0,0,14,0,14,0,1,26,0,27,40,0,40,67
09/16/2014,OSH,WI,AGL,CE,Federal Contract Tower,0,2,11,0,13,0,1,95,0,96,0,3,106,0,109,328,0,328,437
09/17/2014,OSH,WI,AGL,CE,Federal Contract Tower,0,3,17,0,20,0,0,87,2,89,0,3,104,2,109,288,6,294,403
09/18/2014,OSH,WI,AGL,CE,Federal Contract Tower,0,2,25,3,30,0,0,44,0,44,0,2,69,3,74,96,0,96,170
09/19/2014,OSH,WI,AGL,CE,Federal Contract Tower,0,4,12,0,16,0,0,39,0,39,0,4,51,0,55,170,0,170,225
09/20/2014,OSH,WI,AGL,CE,Federal Contract Tower,0,2,8,0,10,0,0,21,0,21,0,2,29,0,31,26,0,26,57
09/21/2014,OSH,WI,AGL,CE,Federal Contract Tower,0,0,14,0,14,0,0,21,0,21,0,0,35,0,35,20,0,20,55
09/22/2014,OSH,WI,AGL,CE,Federal Contract Tower,0,1,12,0,13,0,0,53,0,53,0,1,65,0,66,330,0,330,396
09/23/2014,OSH,WI,AGL,CE,Federal Contract Tower,0,2,7,0,9,0,0,81,2,83,0,2,88,2,92,338,0,338,430
09/24/2014,OSH,WI,AGL,CE,Federal Contract Tower,0,2,9,0,11,0,0,70,0,70,0,2,79,0,81,252,0,252,333
09/25/2014,OSH,WI,AGL,CE,Federal Contract Tower,0,2,4,2,8,0,0,93,0,93,0,2,97,2,101,203,0,203,304
09/26/2014,OSH,WI,AGL,CE,Federal Contract Tower,0,2,4,0,6,0,0,99,0,99,0,2,103,0,105,208,0,208,313
09/27/2014,OSH,WI,AGL,CE,Federal Contract Tower,0,2,1,0,3,0,0,83,0,83,0,2,84,0,86,150,0,150,236
09/28/2014,OSH,WI,AGL,CE,Federal Contract Tower,0,0,3,0,3,0,0,46,2,48,0,0,49,2,51,120,0,120,171
09/29/2014,OSH,WI,AGL,CE,Federal Contract Tower,0,1,9,0,10,0,0,11,0,11,0,1,20,0,21,120,0,120,141
09/30/2014,OSH,WI,AGL,CE,Federal Contract Tower,0,2,11,0,13,0,0,11,0,11,0,2,22,0,24,44,0,44,68
10/01/2014,OSH,WI,AGL,CE,Federal Contract Tower,0,2,10,0,12,0,0,45,0,45,0,2,55,0,57,138,0,138,195
10/02/2014,OSH,WI,AGL,CE,Federal Contract Tower,0,2,7,0,9,0,0,8,0,8,0,2,15,0,17,22,0,22,39
10/03/2014,OSH,WI,AGL,CE,Federal Contract Tower,0,2,14,0,16,0,0,7,0,7,0,2,21,0,23,4,0,4,27
10/04/2014,OSH,WI,AGL,CE,Federal Contract Tower,0,2,2,0,4,0,0,28,0,28,0,2,30,0,32,20,0,20,52
10/05/2014,OSH,WI,AGL,CE,Federal Contract Tower,0,0,7,0,7,0,0,46,0,46,0,0,53,0,53,122,0,122,175
10/06/2014,OSH,WI,AGL,CE,Federal Contract Tower,0,1,8,0,9,0,1,65,0,66,0,2,73,0,75,210,0,210,285
10/07/2014,OSH,WI,AGL,CE,Federal Contract Tower,0,2,0,0,2,0,0,48,2,50,0,2,48,2,52,134,0,134,186
10/08/2014,OSH,WI,AGL,CE,Federal Contract Tower,0,2,7,0,9,0,0,52,0,52,0,2,59,0,61,20,0,20,81
10/09/2014,OSH,WI,AGL,CE,Federal Contract Tower,0,2,7,0,9,0,0,117,2,119,0,2,124,2,128,298,0,298,426
10/10/2014,OSH,WI,AGL,CE,Federal Contract Tower,0,2,7,0,9,0,0,106,0,106,0,2,113,0,115,280,0,280,395
10/11/2014,OSH,WI,AGL,CE,Federal Contract Tower,0,2,3,0,5,0,0,73,0,73,0,2,76,0,78,138,0,138,216
10/12/2014,OSH,WI,AGL,CE,Federal Contract Tower,0,0,5,0,5,0,0,56,0,56,0,0,61,0,61,3,0,3,64
10/13/2014,OSH,WI,AGL,CE,Federal Contract Tower,0,1,11,0,12,0,0,0,0,0,0,1,11,0,12,0,0,0,12
10/14/2014,OSH,WI,AGL,CE,Federal Contract Tower,0,2,12,0,14,0,0,0,0,0,0,2,12,0,14,0,0,0,14
10/15/2014,OSH,WI,AGL,CE,Federal Contract Tower,0,2,11,5,18,0,0,0,0,0,0,2,11,5,18,0,0,0,18
10/16/2014,OSH,WI,AGL,CE,Federal Contract Tower,0,2,18,0,20,0,0,16,0,16,0,2,34,0,36,52,0,52,88
10/17/2014,OSH,WI,AGL,CE,Federal Contract Tower,0,2,7,0,9,0,0,20,0,20,0,2,27,0,29,30,0,30,59
10/18/2014,OSH,WI,AGL,CE,Federal Contract Tower,0,2,1,0,3,0,0,39,0,39,0,2,40,0,42,96,0,96,138
10/19/2014,OSH,WI,AGL,CE,Federal Contract Tower,0,0,2,0,2,0,0,36,0,36,0,0,38,0,38,82,0,82,120
10/20/2014,OSH,WI,AGL,CE,Federal Contract Tower,0,1,12,0,13,0,0,53,2,55,0,1,65,2,68,246,0,246,314
10/21/2014,OSH,WI,AGL,CE,Federal Contract Tower,0,2,9,2,13,0,0,55,0,55,0,2,64,2,68,192,0,192,260
10/22/2014,OSH,WI,AGL,CE,Federal Contract Tower,0,2,8,0,10,0,0,122,0,122,0,2,130,0,132,182,0,182,314
10/23/2014,OSH,WI,AGL,CE,Federal Contract Tower,0,6,11,0,17,0,0,29,2,31,0,6,40,2,48,104,0,104,152
10/24/2014,OSH,WI,AGL,CE,Federal Contract Tower,0,2,8,2,12,0,0,19,0,19,0,2,27,2,31,48,0,48,79
10/25/2014,OSH,WI,AGL,CE,Federal Contract Tower,0,2,0,0,2,0,0,35,0,35,0,2,35,0,37,34,0,34,71
10/26/2014,OSH,WI,AGL,CE,Federal Contract Tower,0,0,4,0,4,0,0,70,0,70,0,0,74,0,74,98,0,98,172
10/27/2014,OSH,WI,AGL,CE,Federal Contract Tower,0,1,11,0,12,0,0,43,0,43,0,1,54,0,55,104,0,104,159
10/28/2014,OSH,WI,AGL,CE,Federal Contract Tower,0,4,7,0,11,0,0,9,0,9,0,4,16,0,20,76,0,76,96
10/29/2014,OSH,WI,AGL,CE,Federal Contract Tower,0,3,10,0,13,0,0,50,0,50,0,3,60,0,63,224,0,224,287
10/30/2014,OSH,WI,AGL,CE,Federal Contract Tower,0,2,11,0,13,0,0,62,0,62,0,2,73,0,75,208,0,208,283
10/31/2014,OSH,WI,AGL,CE,Federal Contract Tower,0,2,6,0,8,0,0,3,0,3,0,2,9,0,11,4,0,4,15
11/01/2014,OSH,WI,AGL,CE,Federal Contract Tower,0,2,4,1,7,0,0,80,0,80,0,2,84,1,87,180,0,180,267
11/02/2014,OSH,WI,AGL,CE,Federal Contract Tower,0,0,11,2,13,0,0,33,0,33,0,0,44,2,46,104,0,104,150
11/03/2014,OSH,WI,AGL,CE,Federal Contract Tower,0,1,8,0,9,0,0,36,0,36,0,1,44,0,45,116,0,116,161
11/04/2014,OSH,WI,AGL,CE,Federal Contract Tower,0,2,11,0,13,0,0,7,0,7,0,2,18,0,20,32,0,32,52
11/05/2014,OSH,WI,AGL,CE,Federal Contract Tower,0,2,11,0,13,0,2,38,0,40,0,4,49,0,53,70,0,70,123
11/06/2014,OSH,WI,AGL,CE,Federal Contract Tower,0,5,5,0,10,0,0,3,2,5,0,5,8,2,15,0,0,0,15
11/07/2014,OSH,WI,AGL,CE,Federal Contract Tower,0,2,5,0,7,0,0,66,0,66,0,2,71,0,73,164,0,164,237
11/08/2014,OSH,WI,AGL,CE,Federal Contract Tower,0,2,3,0,5,0,0,6,0,6,0,2,9,0,11,0,0,0,11
11/09/2014,OSH,WI,AGL,CE,Federal Contract Tower,0,0,5,0,5,0,0,19,0,19,0,0,24,0,24,42,0,42,66
11/10/2014,OSH,WI,AGL,CE,Federal Contract Tower,0,1,7,0,8,0,0,1,0,1,0,1,8,0,9,0,0,0,9
11/11/2014,OSH,WI,AGL,CE,Federal Contract Tower,0,4,2,0,6,0,0,0,0,0,0,4,2,0,6,22,0,22,28
11/12/2014,OSH,WI,AGL,CE,Federal Contract Tower,0,2,17,0,19,0,0,22,1,23,0,2,39,1,42,52,4,56,98
11/13/2014,OSH,WI,AGL,CE,Federal Contract Tower,0,3,19,2,24,0,0,6,0,6,0,3,25,2,30,0,0,0,30
11/14/2014,OSH,WI,AGL,CE,Federal Contract Tower,0,7,19,0,26,0,2,47,0,49,0,9,66,0,75,66,0,66,141
11/15/2014,OSH,WI,AGL,CE,Federal Contract Tower,0,3,5,0,8,0,0,29,2,31,0,3,34,2,39,12,2,14,53
11/16/2014,OSH,WI,AGL,CE,Federal Contract Tower,0,0,3,0,3,0,0,5,0,5,0,0,8,0,8,0,0,0,8
11/17/2014,OSH,WI,AGL,CE,Federal Contract Tower,0,1,3,0,4,0,0,6,0,6,0,1,9,0,10,16,0,16,26
11/18/2014,OSH,WI,AGL,CE,Federal Contract Tower,0,2,15,2,19,0,0,25,4,29,0,2,40,6,48,20,0,20,68
11/19/2014,OSH,WI,AGL,CE,Federal Contract Tower,0,2,5,2,9,0,0,4,0,4,0,2,9,2,13,0,0,0,13
11/20/2014,OSH,WI,AGL,CE,Federal Contract Tower,0,2,2,0,4,0,0,66,3,69,0,2,68,3,73,112,4,116,189
11/21/2014,OSH,WI,AGL,CE,Federal Contract Tower,0,2,9,0,11,0,0,104,4,108,0,2,113,4,119,176,14,190,309
11/22/2014,OSH,WI,AGL,CE,Federal Contract Tower,0,2,1,0,3,0,0,0,0,0,0,2,1,0,3,0,0,0,3
11/23/2014,OSH,WI,AGL,CE,Federal Contract Tower,0,0,0,0,0,0,0,0,0,0,0,0,0,0,0,0,0,0,0
11/24/2014,OSH,WI,AGL,CE,Federal Contract Tower,0,1,7,0,8,0,0,0,0,0,0,1,7,0,8,0,0,0,8
11/25/2014,OSH,WI,AGL,CE,Federal Contract Tower,0,4,4,0,8,0,0,12,0,12,0,4,16,0,20,62,0,62,82
11/26/2014,OSH,WI,AGL,CE,Federal Contract Tower,0,3,2,0,5,0,0,41,0,41,0,3,43,0,46,96,0,96,142
11/27/2014,OSH,WI,AGL,CE,Federal Contract Tower,0,0,3,0,3,0,0,7,0,7,0,0,10,0,10,24,0,24,34
11/28/2014,OSH,WI,AGL,CE,Federal Contract Tower,0,3,0,0,3,0,0,0,0,0,0,3,0,0,3,0,0,0,3
11/29/2014,OSH,WI,AGL,CE,Federal Contract Tower,0,2,4,0,6,0,0,21,0,21,0,2,25,0,27,22,0,22,49
11/30/2014,OSH,WI,AGL,CE,Federal Contract Tower,0,0,2,0,2,0,0,11,0,11,0,0,13,0,13,44,0,44,57
12/01/2014,OSH,WI,AGL,CE,Federal Contract Tower,0,1,4,0,5,0,0,52,0,52,0,1,56,0,57,94,0,94,151
12/02/2014,OSH,WI,AGL,CE,Federal Contract Tower,0,2,3,0,5,0,0,41,2,43,0,2,44,2,48,108,0,108,156
12/03/2014,OSH,WI,AGL,CE,Federal Contract Tower,0,2,3,0,5,0,0,61,0,61,0,2,64,0,66,177,0,177,243
12/04/2014,OSH,WI,AGL,CE,Federal Contract Tower,0,3,4,0,7,0,1,57,2,60,0,4,61,2,67,94,0,94,161
12/05/2014,OSH,WI,AGL,CE,Federal Contract Tower,0,5,6,0,11,0,0,4,0,4,0,5,10,0,15,38,0,38,53
12/06/2014,OSH,WI,AGL,CE,Federal Contract Tower,0,2,10,0,12,0,2,57,4,63,0,4,67,4,75,50,0,50,125
12/07/2014,OSH,WI,AGL,CE,Federal Contract Tower,0,0,2,0,2,0,0,77,0,77,0,0,79,0,79,68,0,68,147
12/08/2014,OSH,WI,AGL,CE,Federal Contract Tower,0,2,12,0,14,0,0,0,0,0,0,2,12,0,14,0,0,0,14
12/09/2014,OSH,WI,AGL,CE,Federal Contract Tower,0,2,6,0,8,0,2,7,0,9,0,4,13,0,17,20,0,20,37
12/10/2014,OSH,WI,AGL,CE,Federal Contract Tower,0,3,20,0,23,0,0,5,0,5,0,3,25,0,28,10,0,10,38
12/11/2014,OSH,WI,AGL,CE,Federal Contract Tower,0,2,20,0,22,0,0,15,0,15,0,2,35,0,37,12,0,12,49
12/12/2014,OSH,WI,AGL,CE,Federal Contract Tower,0,2,13,0,15,0,0,0,0,0,0,2,13,0,15,0,0,0,15
12/13/2014,OSH,WI,AGL,CE,Federal Contract Tower,0,2,3,0,5,0,0,0,0,0,0,2,3,0,5,0,0,0,5
12/14/2014,OSH,WI,AGL,CE,Federal Contract Tower,0,2,4,0,6,0,0,0,0,0,0,2,4,0,6,0,0,0,6
12/15/2014,OSH,WI,AGL,CE,Federal Contract Tower,0,3,13,0,16,0,0,0,0,0,0,3,13,0,16,0,0,0,16
12/17/2014,OSH,WI,AGL,CE,Federal Contract Tower,0,2,13,0,15,0,0,33,6,39,0,2,46,6,54,32,0,32,86
12/18/2014,OSH,WI,AGL,CE,Federal Contract Tower,0,4,10,0,14,0,0,28,0,28,0,4,38,0,42,32,0,32,74
12/19/2014,OSH,WI,AGL,CE,Federal Contract Tower,0,4,23,1,28,0,0,98,2,100,0,4,121,3,128,186,4,190,318
12/20/2014,OSH,WI,AGL,CE,Federal Contract Tower,0,2,0,0,2,0,0,12,0,12,0,2,12,0,14,48,0,48,62
12/21/2014,OSH,WI,AGL,CE,Federal Contract Tower,0,2,2,0,4,0,0,0,0,0,0,2,2,0,4,0,0,0,4
12/22/2014,OSH,WI,AGL,CE,Federal Contract Tower,0,2,10,0,12,0,6,0,0,6,0,8,10,0,18,22,0,22,40
12/23/2014,OSH,WI,AGL,CE,Federal Contract Tower,0,2,2,0,4,0,0,0,0,0,0,2,2,0,4,0,0,0,4
12/24/2014,OSH,WI,AGL,CE,Federal Contract Tower,0,2,0,0,2,0,0,0,0,0,0,2,0,0,2,0,0,0,2
12/25/2014,OSH,WI,AGL,CE,Federal Contract Tower,0,0,2,0,2,0,0,2,0,2,0,0,4,0,4,0,0,0,4
12/26/2014,OSH,WI,AGL,CE,Federal Contract Tower,0,1,2,0,3,0,0,45,0,45,0,1,47,0,48,68,0,68,116
12/27/2014,OSH,WI,AGL,CE,Federal Contract Tower,0,2,2,0,4,0,0,0,0,0,0,2,2,0,4,0,0,0,4
12/28/2014,OSH,WI,AGL,CE,Federal Contract Tower,0,2,2,0,4,0,0,38,0,38,0,2,40,0,42,84,0,84,126
12/29/2014,OSH,WI,AGL,CE,Federal Contract Tower,0,1,0,0,1,0,0,39,2,41,0,1,39,2,42,116,0,116,158
12/30/2014,OSH,WI,AGL,CE,Federal Contract Tower,0,2,2,4,8,0,40,2,0,42,0,42,4,4,50,52,4,56,106
12/31/2014,OSH,WI,AGL,CE,Federal Contract Tower,0,1,2,0,3,0,0,11,4,15,0,1,13,4,18,0,6,6,24
01/01/2015,OSH,WI,AGL,CE,Federal Contract Tower,0,1,1,0,2,0,0,8,0,8,0,1,9,0,10,0,0,0,10
01/02/2015,OSH,WI,AGL,CE,Federal Contract Tower,0,2,7,0,9,0,0,59,0,59,0,2,66,0,68,64,0,64,132
01/03/2015,OSH,WI,AGL,CE,Federal Contract Tower,0,2,1,0,3,0,0,0,0,0,0,2,1,0,3,0,0,0,3
01/04/2015,OSH,WI,AGL,CE,Federal Contract Tower,0,0,1,0,1,0,0,0,0,0,0,0,1,0,1,0,0,0,1
01/05/2015,OSH,WI,AGL,CE,Federal Contract Tower,0,2,3,0,5,0,0,4,0,4,0,2,7,0,9,0,0,0,9
01/06/2015,OSH,WI,AGL,CE,Federal Contract Tower,0,4,9,0,13,0,0,29,0,29,0,4,38,0,42,22,0,22,64
01/07/2015,OSH,WI,AGL,CE,Federal Contract Tower,0,4,4,0,8,0,0,7,0,7,0,4,11,0,15,0,0,0,15
01/08/2015,OSH,WI,AGL,CE,Federal Contract Tower,0,4,16,0,20,0,0,0,0,0,0,4,16,0,20,0,0,0,20
01/09/2015,OSH,WI,AGL,CE,Federal Contract Tower,0,4,3,0,7,0,0,18,0,18,0,4,21,0,25,18,0,18,43
01/10/2015,OSH,WI,AGL,CE,Federal Contract Tower,0,2,4,0,6,0,0,19,0,19,0,2,23,0,25,30,0,30,55
01/11/2015,OSH,WI,AGL,CE,Federal Contract Tower,0,0,1,0,1,0,0,7,0,7,0,0,8,0,8,18,0,18,26
01/12/2015,OSH,WI,AGL,CE,Federal Contract Tower,0,1,10,0,11,0,0,34,0,34,0,1,44,0,45,18,0,18,63
01/13/2015,OSH,WI,AGL,CE,Federal Contract Tower,0,2,5,0,7,0,0,32,0,32,0,2,37,0,39,68,0,68,107
01/14/2015,OSH,WI,AGL,CE,Federal Contract Tower,0,2,4,2,8,0,0,3,2,5,0,2,7,4,13,16,6,22,35
01/15/2015,OSH,WI,AGL,CE,Federal Contract Tower,0,2,13,2,17,0,0,42,0,42,0,2,55,2,59,26,0,26,85
01/16/2015,OSH,WI,AGL,CE,Federal Contract Tower,0,2,10,0,12,0,0,39,0,39,0,2,49,0,51,16,0,16,67
01/17/2015,OSH,WI,AGL,CE,Federal Contract Tower,0,2,1,0,3,0,0,4,0,4,0,2,5,0,7,28,0,28,35
01/18/2015,OSH,WI,AGL,CE,Federal Contract Tower,0,0,1,0,1,0,0,24,0,24,0,0,25,0,25,40,0,40,65
01/19/2015,OSH,WI,AGL,CE,Federal Contract Tower,0,2,7,0,9,0,0,17,0,17,0,2,24,0,26,68,0,68,94
01/20/2015,OSH,WI,AGL,CE,Federal Contract Tower,0,4,8,0,12,0,0,0,0,0,0,4,8,0,12,0,0,0,12
01/21/2015,OSH,WI,AGL,CE,Federal Contract Tower,0,2,8,7,17,0,0,11,1,12,0,2,19,8,29,12,0,12,41
01/22/2015,OSH,WI,AGL,CE,Federal Contract Tower,0,3,11,0,14,0,0,78,0,78,0,3,89,0,92,44,0,44,136
01/23/2015,OSH,WI,AGL,CE,Federal Contract Tower,0,2,7,0,9,0,0,10,0,10,0,2,17,0,19,22,0,22,41
01/24/2015,OSH,WI,AGL,CE,Federal Contract Tower,0,2,6,0,8,0,0,32,0,32,0,2,38,0,40,38,0,38,78
01/25/2015,OSH,WI,AGL,CE,Federal Contract Tower,0,0,5,0,5,0,0,8,0,8,0,0,13,0,13,10,0,10,23
01/26/2015,OSH,WI,AGL,CE,Federal Contract Tower,0,2,7,0,9,0,0,15,0,15,0,2,22,0,24,26,0,26,50
01/27/2015,OSH,WI,AGL,CE,Federal Contract Tower,0,2,3,0,5,0,0,26,0,26,0,2,29,0,31,32,0,32,63
01/28/2015,OSH,WI,AGL,CE,Federal Contract Tower,0,2,2,2,6,0,0,40,2,42,0,2,42,4,48,48,2,50,98
01/29/2015,OSH,WI,AGL,CE,Federal Contract Tower,0,4,4,0,8,0,0,0,0,0,0,4,4,0,8,0,0,0,8
01/30/2015,OSH,WI,AGL,CE,Federal Contract Tower,0,2,7,0,9,0,0,67,8,75,0,2,74,8,84,70,4,74,158
01/31/2015,OSH,WI,AGL,CE,Federal Contract Tower,0,2,0,2,4,0,0,26,0,26,0,2,26,2,30,46,10,56,86
02/01/2015,OSH,WI,AGL,CE,Federal Contract Tower,0,0,4,0,4,0,0,0,0,0,0,0,4,0,4,0,0,0,4
02/02/2015,OSH,WI,AGL,CE,Federal Contract Tower,0,2,9,0,11,0,0,40,2,42,0,2,49,2,53,30,0,30,83
02/03/2015,OSH,WI,AGL,CE,Federal Contract Tower,0,3,10,0,13,0,0,20,2,22,0,3,30,2,35,18,0,18,53
02/04/2015,OSH,WI,AGL,CE,Federal Contract Tower,0,2,13,0,15,0,0,27,2,29,0,2,40,2,44,20,0,20,64
02/05/2015,OSH,WI,AGL,CE,Federal Contract Tower,0,2,9,0,11,0,0,34,4,38,0,2,43,4,49,64,0,64,113
02/06/2015,OSH,WI,AGL,CE,Federal Contract Tower,0,2,4,0,6,0,0,55,2,57,0,2,59,2,63,76,0,76,139
02/07/2015,OSH,WI,AGL,CE,Federal Contract Tower,0,2,10,0,12,0,0,70,0,70,0,2,80,0,82,40,0,40,122
02/08/2015,OSH,WI,AGL,CE,Federal Contract Tower,0,2,0,0,2,0,0,0,0,0,0,2,0,0,2,0,0,0,2
02/09/2015,OSH,WI,AGL,CE,Federal Contract Tower,0,3,11,0,14,0,0,58,2,60,0,3,69,2,74,146,0,146,220
02/10/2015,OSH,WI,AGL,CE,Federal Contract Tower,0,2,6,0,8,0,0,4,2,6,0,2,10,2,14,6,0,6,20
02/11/2015,OSH,WI,AGL,CE,Federal Contract Tower,0,2,1,0,3,0,0,4,2,6,0,2,5,2,9,0,0,0,9
02/12/2015,OSH,WI,AGL,CE,Federal Contract Tower,0,3,12,0,15,0,0,62,4,66,0,3,74,4,81,30,0,30,111
02/13/2015,OSH,WI,AGL,CE,Federal Contract Tower,0,3,6,0,9,0,0,14,0,14,0,3,20,0,23,0,0,0,23
02/14/2015,OSH,WI,AGL,CE,Federal Contract Tower,0,0,0,0,0,0,0,2,0,2,0,0,2,0,2,0,0,0,2
02/15/2015,OSH,WI,AGL,CE,Federal Contract Tower,0,0,4,0,4,0,0,6,0,6,0,0,10,0,10,4,0,4,14
02/16/2015,OSH,WI,AGL,CE,Federal Contract Tower,0,2,7,0,9,0,0,27,0,27,0,2,34,0,36,40,0,40,76
02/17/2015,OSH,WI,AGL,CE,Federal Contract Tower,0,4,14,0,18,0,0,18,0,18,0,4,32,0,36,14,0,14,50
02/18/2015,OSH,WI,AGL,CE,Federal Contract Tower,0,6,4,0,10,0,0,23,2,25,0,6,27,2,35,0,6,6,41
02/19/2015,OSH,WI,AGL,CE,Federal Contract Tower,0,2,8,0,10,0,0,3,4,7,0,2,11,4,17,0,0,0,17
02/20/2015,OSH,WI,AGL,CE,Federal Contract Tower,0,3,2,0,5,0,0,2,0,2,0,3,4,0,7,20,0,20,27
02/21/2015,OSH,WI,AGL,CE,Federal Contract Tower,0,2,1,0,3,0,0,23,0,23,0,2,24,0,26,86,0,86,112
02/22/2015,OSH,WI,AGL,CE,Federal Contract Tower,0,0,0,0,0,0,0,8,0,8,0,0,8,0,8,8,0,8,16
02/23/2015,OSH,WI,AGL,CE,Federal Contract Tower,0,1,8,0,9,0,0,17,0,17,0,1,25,0,26,22,0,22,48
02/24/2015,OSH,WI,AGL,CE,Federal Contract Tower,0,2,5,0,7,0,0,2,2,4,0,2,7,2,11,8,4,12,23
02/25/2015,OSH,WI,AGL,CE,Federal Contract Tower,0,2,5,0,7,0,0,28,0,28,0,2,33,0,35,20,0,20,55
02/26/2015,OSH,WI,AGL,CE,Federal Contract Tower,0,1,9,0,10,0,0,47,8,55,0,1,56,8,65,37,0,37,102
02/27/2015,OSH,WI,AGL,CE,Federal Contract Tower,0,2,16,0,18,0,0,58,0,58,0,2,74,0,76,32,0,32,108
02/28/2015,OSH,WI,AGL,CE,Federal Contract Tower,0,2,4,0,6,0,0,49,0,49,0,2,53,0,55,46,0,46,101
03/01/2015,OSH,WI,AGL,CE,Federal Contract Tower,0,0,2,0,2,0,0,15,0,15,0,0,17,0,17,12,0,12,29
03/02/2015,OSH,WI,AGL,CE,Federal Contract Tower,0,2,9,0,11,0,10,63,0,73,0,12,72,0,84,80,0,80,164
03/03/2015,OSH,WI,AGL,CE,Federal Contract Tower,0,4,3,0,7,0,0,0,0,0,0,4,3,0,7,0,0,0,7
03/04/2015,OSH,WI,AGL,CE,Federal Contract Tower,0,2,13,0,15,0,0,43,6,49,0,2,56,6,64,0,0,0,64
03/05/2015,OSH,WI,AGL,CE,Federal Contract Tower,0,2,10,0,12,0,1,43,0,44,0,3,53,0,56,42,0,42,98
03/06/2015,OSH,WI,AGL,CE,Federal Contract Tower,0,4,12,0,16,0,0,41,0,41,0,4,53,0,57,104,0,104,161
03/07/2015,OSH,WI,AGL,CE,Federal Contract Tower,0,2,8,0,10,0,0,31,0,31,0,2,39,0,41,48,0,48,89
03/08/2015,OSH,WI,AGL,CE,Federal Contract Tower,0,0,6,0,6,0,0,46,0,46,0,0,52,0,52,68,0,68,120
03/09/2015,OSH,WI,AGL,CE,Federal Contract Tower,0,2,12,0,14,0,0,49,2,51,0,2,61,2,65,60,0,60,125
03/10/2015,OSH,WI,AGL,CE,Federal Contract Tower,0,2,5,0,7,0,0,43,0,43,0,2,48,0,50,56,0,56,106
03/11/2015,OSH,WI,AGL,CE,Federal Contract Tower,0,2,4,2,8,0,0,85,2,87,0,2,89,4,95,106,0,106,201
03/12/2015,OSH,WI,AGL,CE,Federal Contract Tower,0,4,11,2,17,0,0,62,6,68,0,4,73,8,85,80,10,90,175
03/13/2015,OSH,WI,AGL,CE,Federal Contract Tower,0,2,10,0,12,0,0,63,1,64,0,2,73,1,76,58,0,58,134
03/14/2015,OSH,WI,AGL,CE,Federal Contract Tower,0,2,3,0,5,0,0,26,0,26,0,2,29,0,31,2,0,2,33
03/15/2015,OSH,WI,AGL,CE,Federal Contract Tower,0,0,6,0,6,0,0,51,0,51,0,0,57,0,57,74,0,74,131
03/16/2015,OSH,WI,AGL,CE,Federal Contract Tower,0,1,11,0,12,0,0,59,0,59,0,1,70,0,71,120,0,120,191
03/17/2015,OSH,WI,AGL,CE,Federal Contract Tower,0,3,14,0,17,0,0,42,0,42,0,3,56,0,59,36,0,36,95
03/18/2015,OSH,WI,AGL,CE,Federal Contract Tower,0,6,9,0,15,0,0,1,0,1,0,6,10,0,16,54,0,54,70
03/19/2015,OSH,WI,AGL,CE,Federal Contract Tower,0,2,7,0,9,0,0,57,0,57,0,2,64,0,66,58,0,58,124
03/20/2015,OSH,WI,AGL,CE,Federal Contract Tower,0,2,15,0,17,0,0,58,2,60,0,2,73,2,77,12,0,12,89
03/21/2015,OSH,WI,AGL,CE,Federal Contract Tower,0,2,7,0,9,0,0,57,0,57,0,2,64,0,66,20,0,20,86
03/22/2015,OSH,WI,AGL,CE,Federal Contract Tower,0,0,6,0,6,0,0,45,0,45,0,0,51,0,51,82,0,82,133
03/23/2015,OSH,WI,AGL,CE,Federal Contract Tower,0,1,9,0,10,0,0,4,0,4,0,1,13,0,14,0,0,0,14
03/24/2015,OSH,WI,AGL,CE,Federal Contract Tower,0,2,23,0,25,0,2,49,0,51,0,4,72,0,76,40,0,40,116
03/25/2015,OSH,WI,AGL,CE,Federal Contract Tower,0,2,10,0,12,0,0,7,0,7,0,2,17,0,19,2,0,2,21
03/26/2015,OSH,WI,AGL,CE,Federal Contract Tower,0,4,9,0,13,0,0,23,0,23,0,4,32,0,36,8,0,8,44
03/27/2015,OSH,WI,AGL,CE,Federal Contract Tower,0,4,8,0,12,0,0,73,0,73,0,4,81,0,85,68,0,68,153
03/28/2015,OSH,WI,AGL,CE,Federal Contract Tower,0,2,10,0,12,0,0,59,0,59,0,2,69,0,71,30,0,30,101
03/29/2015,OSH,WI,AGL,CE,Federal Contract Tower,0,0,3,0,3,0,0,0,0,0,0,0,3,0,3,0,0,0,3
03/30/2015,OSH,WI,AGL,CE,Federal Contract Tower,0,2,11,0,13,0,0,45,0,45,0,2,56,0,58,28,0,28,86
03/31/2015,OSH,WI,AGL,CE,Federal Contract Tower,0,2,7,0,9,0,0,39,0,39,0,2,46,0,48,96,0,96,144
04/01/2015,OSH,WI,AGL,CE,Federal Contract Tower,0,2,5,2,9,0,0,64,0,64,0,2,69,2,73,52,0,52,125
04/02/2015,OSH,WI,AGL,CE,Federal Contract Tower,0,2,9,0,11,0,0,27,0,27,0,2,36,0,38,6,0,6,44
04/03/2015,OSH,WI,AGL,CE,Federal Contract Tower,0,4,7,0,11,0,0,38,2,40,0,4,45,2,51,14,0,14,65
04/04/2015,OSH,WI,AGL,CE,Federal Contract Tower,0,2,5,0,7,0,0,13,0,13,0,2,18,0,20,0,0,0,20
04/05/2015,OSH,WI,AGL,CE,Federal Contract Tower,0,0,9,0,9,0,0,2,0,2,0,0,11,0,11,0,0,0,11
04/06/2015,OSH,WI,AGL,CE,Federal Contract Tower,0,2,12,0,14,0,0,14,0,14,0,2,26,0,28,12,0,12,40
04/07/2015,OSH,WI,AGL,CE,Federal Contract Tower,0,2,9,0,11,0,0,4,0,4,0,2,13,0,15,6,0,6,21
04/08/2015,OSH,WI,AGL,CE,Federal Contract Tower,0,2,8,0,10,0,0,0,0,0,0,2,8,0,10,0,0,0,10
04/09/2015,OSH,WI,AGL,CE,Federal Contract Tower,0,3,11,0,14,0,0,0,0,0,0,3,11,0,14,0,0,0,14
04/10/2015,OSH,WI,AGL,CE,Federal Contract Tower,0,2,22,0,24,0,0,23,0,23,0,2,45,0,47,31,0,31,78
04/11/2015,OSH,WI,AGL,CE,Federal Contract Tower,0,2,16,0,18,0,2,245,0,247,0,4,261,0,265,50,0,50,315
04/12/2015,OSH,WI,AGL,CE,Federal Contract Tower,0,0,5,1,6,0,0,20,0,20,0,0,25,1,26,34,0,34,60
04/13/2015,OSH,WI,AGL,CE,Federal Contract Tower,0,2,16,2,20,0,0,9,0,9,0,2,25,2,29,10,0,10,39
04/14/2015,OSH,WI,AGL,CE,Federal Contract Tower,0,2,6,0,8,0,0,73,4,77,0,2,79,4,85,58,0,58,143
04/15/2015,OSH,WI,AGL,CE,Federal Contract Tower,0,2,15,0,17,0,0,63,2,65,0,2,78,2,82,48,0,48,130
04/17/2015,OSH,WI,AGL,CE,Federal Contract Tower,0,2,13,0,15,0,83,6,0,89,0,85,19,0,104,70,0,70,174
04/18/2015,OSH,WI,AGL,CE,Federal Contract Tower,0,4,2,0,6,0,0,33,0,33,0,4,35,0,39,74,0,74,113
04/19/2015,OSH,WI,AGL,CE,Federal Contract Tower,0,4,0,0,4,0,0,31,0,31,0,4,31,0,35,14,0,14,49
04/20/2015,OSH,WI,AGL,CE,Federal Contract Tower,0,2,5,0,7,0,0,0,0,0,0,2,5,0,7,0,0,0,7
04/21/2015,OSH,WI,AGL,CE,Federal Contract Tower,0,4,8,0,12,0,0,0,0,0,0,4,8,0,12,0,0,0,12
04/22/2015,OSH,WI,AGL,CE,Federal Contract Tower,0,4,16,0,20,0,0,9,0,9,0,4,25,0,29,0,0,0,29
04/23/2015,OSH,WI,AGL,CE,Federal Contract Tower,0,1,13,0,14,0,0,48,0,48,0,1,61,0,62,36,0,36,98
04/24/2015,OSH,WI,AGL,CE,Federal Contract Tower,0,2,14,0,16,0,0,0,0,0,0,2,14,0,16,58,0,58,74
04/25/2015,OSH,WI,AGL,CE,Federal Contract Tower,0,2,3,0,5,0,0,39,0,39,0,2,42,0,44,14,0,14,58
04/26/2015,OSH,WI,AGL,CE,Federal Contract Tower,0,0,9,0,9,0,0,43,0,43,0,0,52,0,52,32,0,32,84
04/27/2015,OSH,WI,AGL,CE,Federal Contract Tower,0,2,27,0,29,0,0,54,4,58,0,2,81,4,87,38,0,38,125
04/28/2015,OSH,WI,AGL,CE,Federal Contract Tower,0,2,12,0,14,0,0,53,4,57,0,2,65,4,71,62,0,62,133
04/29/2015,OSH,WI,AGL,CE,Federal Contract Tower,0,2,12,0,14,0,0,72,0,72,0,2,84,0,86,48,0,48,134
04/30/2015,OSH,WI,AGL,CE,Federal Contract Tower,0,2,17,0,19,0,0,83,6,89,0,2,100,6,108,46,6,52,160
05/01/2015,OSH,WI,AGL,CE,Federal Contract Tower,0,4,16,0,20,0,0,121,0,121,0,4,137,0,141,110,0,110,251
05/02/2015,OSH,WI,AGL,CE,Federal Contract Tower,0,4,9,0,13,0,0,85,0,85,0,4,94,0,98,126,0,126,224
05/03/2015,OSH,WI,AGL,CE,Federal Contract Tower,0,2,1,0,3,0,0,38,0,38,0,2,39,0,41,44,0,44,85
05/04/2015,OSH,WI,AGL,CE,Federal Contract Tower,0,4,10,0,14,0,0,42,0,42,0,4,52,0,56,62,0,62,118
05/05/2015,OSH,WI,AGL,CE,Federal Contract Tower,0,1,12,0,13,0,1,35,0,36,0,2,47,0,49,34,0,34,83
05/06/2015,OSH,WI,AGL,CE,Federal Contract Tower,0,3,19,2,24,0,0,27,1,28,0,3,46,3,52,10,0,10,62
05/07/2015,OSH,WI,AGL,CE,Federal Contract Tower,0,2,17,0,19,0,0,39,4,43,0,2,56,4,62,80,0,80,142
05/08/2015,OSH,WI,AGL,CE,Federal Contract Tower,0,4,12,0,16,0,0,25,0,25,0,4,37,0,41,23,4,27,68
05/09/2015,OSH,WI,AGL,CE,Federal Contract Tower,0,1,8,0,9,0,0,18,0,18,0,1,26,0,27,76,0,76,103
05/10/2015,OSH,WI,AGL,CE,Federal Contract Tower,0,0,4,0,4,0,0,0,0,0,0,0,4,0,4,2,0,2,6
05/11/2015,OSH,WI,AGL,CE,Federal Contract Tower,0,2,12,0,14,0,0,9,0,9,0,2,21,0,23,12,0,12,35
05/12/2015,OSH,WI,AGL,CE,Federal Contract Tower,0,5,10,2,17,0,0,24,4,28,0,5,34,6,45,28,0,28,73
05/13/2015,OSH,WI,AGL,CE,Federal Contract Tower,0,4,19,0,23,0,0,111,4,115,0,4,130,4,138,58,0,58,196
05/14/2015,OSH,WI,AGL,CE,Federal Contract Tower,0,2,16,0,18,0,0,47,4,51,0,2,63,4,69,88,0,88,157
05/15/2015,OSH,WI,AGL,CE,Federal Contract Tower,0,3,20,0,23,0,0,32,0,32,0,3,52,0,55,26,0,26,81
05/16/2015,OSH,WI,AGL,CE,Federal Contract Tower,0,2,5,0,7,0,0,33,0,33,0,2,38,0,40,96,0,96,136
05/17/2015,OSH,WI,AGL,CE,Federal Contract Tower,0,0,6,0,6,0,0,4,0,4,0,0,10,0,10,0,0,0,10
05/18/2015,OSH,WI,AGL,CE,Federal Contract Tower,0,5,17,0,22,0,0,15,2,17,0,5,32,2,39,20,0,20,59
05/19/2015,OSH,WI,AGL,CE,Federal Contract Tower,0,2,11,0,13,0,0,30,0,30,0,2,41,0,43,22,0,22,65
05/20/2015,OSH,WI,AGL,CE,Federal Contract Tower,0,2,21,0,23,0,0,59,0,59,0,2,80,0,82,82,0,82,164
05/21/2015,OSH,WI,AGL,CE,Federal Contract Tower,0,2,12,0,14,0,0,71,0,71,0,2,83,0,85,72,0,72,157
05/22/2015,OSH,WI,AGL,CE,Federal Contract Tower,0,2,16,0,18,0,0,109,0,109,0,2,125,0,127,108,0,108,235
05/23/2015,OSH,WI,AGL,CE,Federal Contract Tower,0,2,2,0,4,0,1,49,0,50,0,3,51,0,54,120,0,120,174
05/24/2015,OSH,WI,AGL,CE,Federal Contract Tower,0,0,5,0,5,0,0,7,0,7,0,0,12,0,12,0,0,0,12
05/25/2015,OSH,WI,AGL,CE,Federal Contract Tower,0,0,7,0,7,0,0,11,0,11,0,0,18,0,18,8,0,8,26
05/26/2015,OSH,WI,AGL,CE,Federal Contract Tower,0,2,17,0,19,0,0,15,0,15,0,2,32,0,34,28,0,28,62
05/27/2015,OSH,WI,AGL,CE,Federal Contract Tower,0,2,15,0,17,0,0,35,0,35,0,2,50,0,52,58,0,58,110
05/28/2015,OSH,WI,AGL,CE,Federal Contract Tower,0,2,7,0,9,0,0,78,2,80,0,2,85,2,89,132,0,132,221
05/29/2015,OSH,WI,AGL,CE,Federal Contract Tower,0,4,7,0,11,0,0,12,0,12,0,4,19,0,23,14,0,14,37
05/30/2015,OSH,WI,AGL,CE,Federal Contract Tower,0,1,5,0,6,0,0,6,0,6,0,1,11,0,12,40,0,40,52
05/31/2015,OSH,WI,AGL,CE,Federal Contract Tower,0,0,7,0,7,0,0,47,0,47,0,0,54,0,54,114,0,114,168
06/01/2015,OSH,WI,AGL,CE,Federal Contract Tower,0,3,6,0,9,0,0,40,0,40,0,3,46,0,49,120,0,120,169
06/02/2015,OSH,WI,AGL,CE,Federal Contract Tower,0,2,6,0,8,0,0,55,0,55,0,2,61,0,63,208,0,208,271
06/03/2015,OSH,WI,AGL,CE,Federal Contract Tower,0,2,12,0,14,0,0,65,0,65,0,2,77,0,79,130,0,130,209
06/04/2015,OSH,WI,AGL,CE,Federal Contract Tower,0,1,14,0,15,0,0,17,0,17,0,1,31,0,32,178,0,178,210
06/07/2015,OSH,WI,AGL,CE,Federal Contract Tower,0,0,4,0,4,0,0,7,0,7,0,0,11,0,11,6,0,6,17
06/08/2015,OSH,WI,AGL,CE,Federal Contract Tower,0,3,5,0,8,0,0,0,0,0,0,3,5,0,8,92,0,92,100
06/09/2015,OSH,WI,AGL,CE,Federal Contract Tower,0,2,5,0,7,0,2,78,0,80,0,4,83,0,87,164,0,164,251
06/10/2015,OSH,WI,AGL,CE,Federal Contract Tower,0,2,18,0,20,0,0,105,0,105,0,2,123,0,125,184,0,184,309
06/11/2015,OSH,WI,AGL,CE,Federal Contract Tower,0,1,18,0,19,0,0,15,0,15,0,1,33,0,34,30,0,30,64
06/12/2015,OSH,WI,AGL,CE,Federal Contract Tower,0,1,27,0,28,0,0,33,0,33,0,1,60,0,61,98,0,98,159
06/13/2015,OSH,WI,AGL,CE,Federal Contract Tower,0,1,17,5,23,0,0,0,0,0,0,1,17,5,23,0,0,0,23
06/14/2015,OSH,WI,AGL,CE,Federal Contract Tower,0,0,15,0,15,0,0,37,0,37,0,0,52,0,52,84,0,84,136
06/15/2015,OSH,WI,AGL,CE,Federal Contract Tower,0,3,12,0,15,0,0,51,0,51,0,3,63,0,66,96,0,96,162
06/16/2015,OSH,WI,AGL,CE,Federal Contract Tower,0,2,13,0,15,0,0,101,0,101,0,2,114,0,116,246,0,246,362
06/17/2015,OSH,WI,AGL,CE,Federal Contract Tower,0,2,17,2,21,0,21,55,0,76,0,23,72,2,97,126,0,126,223
06/18/2015,OSH,WI,AGL,CE,Federal Contract Tower,0,1,12,0,13,0,0,111,0,111,0,1,123,0,124,340,0,340,464
06/19/2015,OSH,WI,AGL,CE,Federal Contract Tower,0,1,15,0,16,0,0,173,0,173,0,1,188,0,189,390,0,390,579
06/20/2015,OSH,WI,AGL,CE,Federal Contract Tower,0,1,10,0,11,0,0,44,0,44,0,1,54,0,55,178,0,178,233
06/21/2015,OSH,WI,AGL,CE,Federal Contract Tower,0,0,14,0,14,0,0,69,0,69,0,0,83,0,83,122,0,122,205
06/22/2015,OSH,WI,AGL,CE,Federal Contract Tower,0,0,10,0,10,0,0,2,0,2,0,0,12,0,12,4,0,4,16
06/23/2015,OSH,WI,AGL,CE,Federal Contract Tower,0,2,11,0,13,0,0,112,0,112,0,2,123,0,125,144,0,144,269
06/24/2015,OSH,WI,AGL,CE,Federal Contract Tower,0,1,15,0,16,0,0,68,0,68,0,1,83,0,84,136,0,136,220
06/25/2015,OSH,WI,AGL,CE,Federal Contract Tower,0,1,16,0,17,0,0,55,0,55,0,1,71,0,72,156,0,156,228
06/26/2015,OSH,WI,AGL,CE,Federal Contract Tower,0,9,14,0,23,0,0,53,0,53,0,9,67,0,76,118,0,118,194
06/27/2015,OSH,WI,AGL,CE,Federal Contract Tower,0,1,11,0,12,0,0,97,0,97,0,1,108,0,109,94,0,94,203
06/28/2015,OSH,WI,AGL,CE,Federal Contract Tower,0,0,5,0,5,0,0,67,0,67,0,0,72,0,72,126,0,126,198
06/29/2015,OSH,WI,AGL,CE,Federal Contract Tower,0,5,14,0,19,0,0,39,0,39,0,5,53,0,58,90,0,90,148
06/30/2015,OSH,WI,AGL,CE,Federal Contract Tower,0,3,8,0,11,0,0,47,0,47,0,3,55,0,58,114,0,114,172
07/01/2015,OSH,WI,AGL,CE,Federal Contract Tower,0,2,10,0,12,0,0,105,0,105,0,2,115,0,117,208,0,208,325
07/02/2015,OSH,WI,AGL,CE,Federal Contract Tower,0,2,25,0,27,0,0,59,0,59,0,2,84,0,86,148,0,148,234
07/03/2015,OSH,WI,AGL,CE,Federal Contract Tower,0,1,7,0,8,0,0,55,0,55,0,1,62,0,63,120,0,120,183
07/04/2015,OSH,WI,AGL,CE,Federal Contract Tower,0,0,2,0,2,0,0,45,0,45,0,0,47,0,47,46,0,46,93
07/05/2015,OSH,WI,AGL,CE,Federal Contract Tower,0,0,4,0,4,0,0,33,0,33,0,0,37,0,37,96,0,96,133
07/06/2015,OSH,WI,AGL,CE,Federal Contract Tower,0,2,6,0,8,0,0,19,0,19,0,2,25,0,27,80,0,80,107
07/07/2015,OSH,WI,AGL,CE,Federal Contract Tower,0,4,6,0,10,0,0,53,2,55,0,4,59,2,65,148,0,148,213
07/08/2015,OSH,WI,AGL,CE,Federal Contract Tower,0,2,12,2,16,0,2,114,1,117,0,4,126,3,133,186,2,188,321
07/09/2015,OSH,WI,AGL,CE,Federal Contract Tower,0,4,9,2,15,0,0,111,0,111,0,4,120,2,126,160,0,160,286
07/10/2015,OSH,WI,AGL,CE,Federal Contract Tower,0,4,13,1,18,0,0,92,1,93,0,4,105,2,111,174,18,192,303
07/11/2015,OSH,WI,AGL,CE,Federal Contract Tower,0,1,9,0,10,0,0,68,0,68,0,1,77,0,78,102,0,102,180
07/12/2015,OSH,WI,AGL,CE,Federal Contract Tower,0,23,0,0,23,0,0,37,0,37,0,23,37,0,60,92,0,92,152
07/13/2015,OSH,WI,AGL,CE,Federal Contract Tower,0,2,13,0,15,0,0,41,0,41,0,2,54,0,56,128,0,128,184
07/14/2015,OSH,WI,AGL,CE,Federal Contract Tower,0,2,13,2,17,0,0,104,0,104,0,2,117,2,121,134,0,134,255
07/15/2015,OSH,WI,AGL,CE,Federal Contract Tower,0,6,28,0,34,0,1,172,0,173,0,7,200,0,207,172,0,172,379
07/16/2015,OSH,WI,AGL,CE,Federal Contract Tower,0,9,40,1,50,0,0,140,1,141,0,9,180,2,191,60,0,60,251
07/17/2015,OSH,WI,AGL,CE,Federal Contract Tower,0,0,48,0,48,0,0,593,0,593,0,0,641,0,641,0,0,0,641
07/18/2015,OSH,WI,AGL,CE,Federal Contract Tower,0,0,34,0,34,0,0,1516,0,1516,0,0,1550,0,1550,0,0,0,1550
07/19/2015,OSH,WI,AGL,CE,Federal Contract Tower,0,0,125,3,128,0,0,2338,0,2338,0,0,2463,3,2466,5,0,5,2471
07/20/2015,OSH,WI,AGL,CE,Federal Contract Tower,0,0,59,0,59,0,0,1322,0,1322,0,0,1381,0,1381,0,0,0,1381
07/21/2015,OSH,WI,AGL,CE,Federal Contract Tower,0,0,45,0,45,0,0,1956,0,1956,0,0,2001,0,2001,0,0,0,2001
07/22/2015,OSH,WI,AGL,CE,Federal Contract Tower,0,0,56,0,56,0,0,1478,0,1478,0,0,1534,0,1534,0,0,0,1534
07/23/2015,OSH,WI,AGL,CE,Federal Contract Tower,0,0,97,0,97,0,0,3056,0,3056,0,0,3153,0,3153,0,0,0,3153
07/24/2015,OSH,WI,AGL,CE,Federal Contract Tower,0,0,102,0,102,0,0,1920,0,1920,0,0,2022,0,2022,0,0,0,2022
07/25/2015,OSH,WI,AGL,CE,Federal Contract Tower,0,0,51,0,51,0,0,1418,0,1418,0,0,1469,0,1469,0,0,0,1469
07/26/2015,OSH,WI,AGL,CE,Federal Contract Tower,0,0,58,0,58,0,0,1600,0,1600,0,0,1658,0,1658,0,0,0,1658
07/27/2015,OSH,WI,AGL,CE,Federal Contract Tower,0,0,68,1,69,0,0,549,0,549,0,0,617,1,618,22,0,22,640
07/28/2015,OSH,WI,AGL,CE,Federal Contract Tower,0,4,12,1,17,0,0,76,0,76,0,4,88,1,93,50,0,50,143
07/29/2015,OSH,WI,AGL,CE,Federal Contract Tower,0,0,96,0,96,0,0,2431,0,2431,0,0,2527,0,2527,0,0,0,2527
07/30/2015,OSH,WI,AGL,CE,Federal Contract Tower,0,2,7,1,10,0,0,78,0,78,0,2,85,1,88,104,0,104,192
07/31/2015,OSH,WI,AGL,CE,Federal Contract Tower,0,4,6,4,14,0,0,64,0,64,0,4,70,4,78,22,0,22,100
08/01/2015,OSH,WI,AGL,CE,Federal Contract Tower,0,1,4,0,5,0,0,103,0,103,0,1,107,0,108,140,0,140,248
08/02/2015,OSH,WI,AGL,CE,Federal Contract Tower,0,0,1,0,1,0,0,7,0,7,0,0,8,0,8,2,0,2,10
08/03/2015,OSH,WI,AGL,CE,Federal Contract Tower,0,1,13,0,14,0,0,58,2,60,0,1,71,2,74,90,0,90,164
08/04/2015,OSH,WI,AGL,CE,Federal Contract Tower,0,6,11,0,17,0,0,70,0,70,0,6,81,0,87,180,0,180,267
08/05/2015,OSH,WI,AGL,CE,Federal Contract Tower,0,3,16,0,19,0,0,58,0,58,0,3,74,0,77,186,0,186,263
08/06/2015,OSH,WI,AGL,CE,Federal Contract Tower,0,2,14,0,16,0,0,67,0,67,0,2,81,0,83,208,0,208,291
08/07/2015,OSH,WI,AGL,CE,Federal Contract Tower,0,4,8,0,12,0,0,6,0,6,0,4,14,0,18,20,0,20,38
08/08/2015,OSH,WI,AGL,CE,Federal Contract Tower,0,4,1,2,7,0,0,45,0,45,0,4,46,2,52,4,0,4,56
08/09/2015,OSH,WI,AGL,CE,Federal Contract Tower,0,1,2,0,3,0,0,38,0,38,0,1,40,0,41,104,0,104,145
08/10/2015,OSH,WI,AGL,CE,Federal Contract Tower,0,2,13,0,15,0,0,37,0,37,0,2,50,0,52,94,0,94,146
08/11/2015,OSH,WI,AGL,CE,Federal Contract Tower,0,4,7,0,11,0,0,64,0,64,0,4,71,0,75,108,0,108,183
08/12/2015,OSH,WI,AGL,CE,Federal Contract Tower,0,4,17,0,21,0,0,140,0,140,0,4,157,0,161,186,0,186,347
08/13/2015,OSH,WI,AGL,CE,Federal Contract Tower,0,3,20,3,26,0,0,66,0,66,0,3,86,3,92,18,0,18,110
08/14/2015,OSH,WI,AGL,CE,Federal Contract Tower,0,2,15,0,17,0,0,43,0,43,0,2,58,0,60,86,0,86,146
08/15/2015,OSH,WI,AGL,CE,Federal Contract Tower,0,1,5,0,6,0,2,66,0,68,0,3,71,0,74,120,6,126,200
08/16/2015,OSH,WI,AGL,CE,Federal Contract Tower,0,0,7,0,7,0,0,29,0,29,0,0,36,0,36,56,0,56,92
08/17/2015,OSH,WI,AGL,CE,Federal Contract Tower,0,1,11,0,12,0,0,19,2,21,0,1,30,2,33,28,4,32,65
08/18/2015,OSH,WI,AGL,CE,Federal Contract Tower,0,4,10,0,14,0,0,16,2,18,0,4,26,2,32,84,0,84,116
08/19/2015,OSH,WI,AGL,CE,Federal Contract Tower,0,3,8,0,11,0,0,14,0,14,0,3,22,0,25,4,0,4,29
08/20/2015,OSH,WI,AGL,CE,Federal Contract Tower,0,2,14,0,16,0,0,27,0,27,0,2,41,0,43,142,0,142,185
08/21/2015,OSH,WI,AGL,CE,Federal Contract Tower,0,2,11,0,13,0,0,69,0,69,0,2,80,0,82,140,0,140,222
08/22/2015,OSH,WI,AGL,CE,Federal Contract Tower,0,1,8,0,9,0,2,74,0,76,0,3,82,0,85,76,0,76,161
08/23/2015,OSH,WI,AGL,CE,Federal Contract Tower,0,0,5,0,5,0,0,13,0,13,0,0,18,0,18,23,0,23,41
08/24/2015,OSH,WI,AGL,CE,Federal Contract Tower,0,1,10,0,11,0,0,37,0,37,0,1,47,0,48,74,0,74,122
08/26/2015,OSH,WI,AGL,CE,Federal Contract Tower,0,4,29,0,33,0,7,66,0,73,0,11,95,0,106,200,2,202,308
08/27/2015,OSH,WI,AGL,CE,Federal Contract Tower,0,2,19,0,21,0,0,107,0,107,0,2,126,0,128,276,0,276,404
08/28/2015,OSH,WI,AGL,CE,Federal Contract Tower,0,2,11,0,13,0,0,25,2,27,0,2,36,2,40,114,0,114,154
08/29/2015,OSH,WI,AGL,CE,Federal Contract Tower,0,3,8,0,11,0,0,13,0,13,0,3,21,0,24,64,0,64,88
08/30/2015,OSH,WI,AGL,CE,Federal Contract Tower,0,0,5,0,5,0,0,26,0,26,0,0,31,0,31,140,0,140,171
08/31/2015,OSH,WI,AGL,CE,Federal Contract Tower,0,1,14,0,15,0,0,32,0,32,0,1,46,0,47,150,0,150,197
09/01/2015,OSH,WI,AGL,CE,Federal Contract Tower,0,5,7,0,12,0,0,58,0,58,0,5,65,0,70,148,0,148,218
09/02/2015,OSH,WI,AGL,CE,Federal Contract Tower,0,2,14,0,16,0,0,71,0,71,0,2,85,0,87,234,0,234,321
09/03/2015,OSH,WI,AGL,CE,Federal Contract Tower,0,4,11,0,15,0,0,22,0,22,0,4,33,0,37,70,0,70,107
09/04/2015,OSH,WI,AGL,CE,Federal Contract Tower,0,2,7,0,9,0,0,16,0,16,0,2,23,0,25,54,0,54,79
09/05/2015,OSH,WI,AGL,CE,Federal Contract Tower,0,4,4,0,8,0,0,59,0,59,0,4,63,0,67,120,0,120,187
09/06/2015,OSH,WI,AGL,CE,Federal Contract Tower,0,1,1,0,2,0,0,25,0,25,0,1,26,0,27,102,0,102,129
09/07/2015,OSH,WI,AGL,CE,Federal Contract Tower,0,4,0,0,4,0,0,53,0,53,0,4,53,0,57,184,0,184,241
09/08/2015,OSH,WI,AGL,CE,Federal Contract Tower,0,4,10,2,16,0,0,13,0,13,0,4,23,2,29,18,0,18,47
09/09/2015,OSH,WI,AGL,CE,Federal Contract Tower,0,5,6,0,11,0,0,172,0,172,0,5,178,0,183,350,0,350,533
09/10/2015,OSH,WI,AGL,CE,Federal Contract Tower,0,2,15,2,19,0,0,43,0,43,0,2,58,2,62,190,2,192,254
09/11/2015,OSH,WI,AGL,CE,Federal Contract Tower,0,2,4,0,6,0,0,89,0,89,0,2,93,0,95,222,0,222,317
09/12/2015,OSH,WI,AGL,CE,Federal Contract Tower,0,1,24,8,33,0,12,195,0,207,0,13,219,8,240,176,6,182,422
09/13/2015,OSH,WI,AGL,CE,Federal Contract Tower,0,0,7,0,7,0,0,107,20,127,0,0,114,20,134,232,0,232,366
09/14/2015,OSH,WI,AGL,CE,Federal Contract Tower,0,1,10,0,11,0,0,92,2,94,0,1,102,2,105,206,0,206,311
09/15/2015,OSH,WI,AGL,CE,Federal Contract Tower,0,4,15,0,19,0,0,73,0,73,0,4,88,0,92,266,0,266,358
09/16/2015,OSH,WI,AGL,CE,Federal Contract Tower,0,3,12,2,17,0,0,68,0,68,0,3,80,2,85,198,6,204,289
09/17/2015,OSH,WI,AGL,CE,Federal Contract Tower,0,4,10,0,14,0,0,36,0,36,0,4,46,0,50,120,0,120,170
09/18/2015,OSH,WI,AGL,CE,Federal Contract Tower,0,2,13,2,17,0,0,15,2,17,0,2,28,4,34,28,0,28,62
09/19/2015,OSH,WI,AGL,CE,Federal Contract Tower,0,1,5,0,6,0,0,53,0,53,0,1,58,0,59,134,0,134,193
09/20/2015,OSH,WI,AGL,CE,Federal Contract Tower,0,0,8,0,8,0,0,74,0,74,0,0,82,0,82,178,0,178,260
09/21/2015,OSH,WI,AGL,CE,Federal Contract Tower,0,2,9,0,11,0,0,81,0,81,0,2,90,0,92,256,0,256,348
09/22/2015,OSH,WI,AGL,CE,Federal Contract Tower,0,4,12,0,16,0,0,78,0,78,0,4,90,0,94,194,0,194,288
09/23/2015,OSH,WI,AGL,CE,Federal Contract Tower,0,2,20,0,22,0,0,74,2,76,0,2,94,2,98,220,0,220,318
09/24/2015,OSH,WI,AGL,CE,Federal Contract Tower,0,2,11,0,13,0,0,82,0,82,0,2,93,0,95,198,0,198,293
09/25/2015,OSH,WI,AGL,CE,Federal Contract Tower,0,3,12,0,15,0,0,102,0,102,0,3,114,0,117,196,0,196,313
09/26/2015,OSH,WI,AGL,CE,Federal Contract Tower,0,2,6,0,8,0,0,42,0,42,0,2,48,0,50,152,0,152,202
09/27/2015,OSH,WI,AGL,CE,Federal Contract Tower,0,1,5,0,6,0,1,49,0,50,0,2,54,0,56,178,0,178,234
09/28/2015,OSH,WI,AGL,CE,Federal Contract Tower,0,2,5,0,7,0,0,40,0,40,0,2,45,0,47,170,0,170,217
09/29/2015,OSH,WI,AGL,CE,Federal Contract Tower,0,4,13,0,17,0,0,47,0,47,0,4,60,0,64,176,0,176,240
09/30/2015,OSH,WI,AGL,CE,Federal Contract Tower,0,4,10,0,14,0,0,101,2,103,0,4,111,2,117,310,0,310,427
10/01/2015,OSH,WI,AGL,CE,Federal Contract Tower,0,2,8,0,10,0,0,39,2,41,0,2,47,2,51,100,0,100,151
10/02/2015,OSH,WI,AGL,CE,Federal Contract Tower,0,3,15,0,18,0,0,21,2,23,0,3,36,2,41,23,0,23,64
10/03/2015,OSH,WI,AGL,CE,Federal Contract Tower,0,1,9,0,10,0,0,37,0,37,0,1,46,0,47,6,0,6,53
10/04/2015,OSH,WI,AGL,CE,Federal Contract Tower,0,0,13,0,13,0,0,29,0,29,0,0,42,0,42,150,0,150,192
10/05/2015,OSH,WI,AGL,CE,Federal Contract Tower,0,1,12,0,13,0,0,6,0,6,0,1,18,0,19,44,0,44,63
10/06/2015,OSH,WI,AGL,CE,Federal Contract Tower,0,2,8,0,10,0,2,97,2,101,0,4,105,2,111,372,6,378,489
10/07/2015,OSH,WI,AGL,CE,Federal Contract Tower,0,2,12,0,14,0,0,106,0,106,0,2,118,0,120,274,0,274,394
10/08/2015,OSH,WI,AGL,CE,Federal Contract Tower,0,2,9,0,11,0,0,10,0,10,0,2,19,0,21,4,0,4,25
10/09/2015,OSH,WI,AGL,CE,Federal Contract Tower,0,2,10,0,12,0,0,80,0,80,0,2,90,0,92,200,0,200,292
10/10/2015,OSH,WI,AGL,CE,Federal Contract Tower,0,1,4,0,5,0,0,50,0,50,0,1,54,0,55,84,0,84,139
10/11/2015,OSH,WI,AGL,CE,Federal Contract Tower,0,1,4,0,5,0,0,40,0,40,0,1,44,0,45,82,0,82,127
10/12/2015,OSH,WI,AGL,CE,Federal Contract Tower,0,1,17,0,18,0,0,22,0,22,0,1,39,0,40,50,0,50,90
10/13/2015,OSH,WI,AGL,CE,Federal Contract Tower,0,4,14,0,18,0,0,22,0,22,0,4,36,0,40,76,0,76,116
10/14/2015,OSH,WI,AGL,CE,Federal Contract Tower,0,2,10,0,12,0,0,104,1,105,0,2,114,1,117,189,0,189,306
10/15/2015,OSH,WI,AGL,CE,Federal Contract Tower,0,3,14,2,19,0,0,30,0,30,0,3,44,2,49,68,0,68,117
10/16/2015,OSH,WI,AGL,CE,Federal Contract Tower,0,2,13,0,15,0,0,67,2,69,0,2,80,2,84,76,4,80,164
10/17/2015,OSH,WI,AGL,CE,Federal Contract Tower,0,1,6,0,7,0,0,74,0,74,0,1,80,0,81,128,0,128,209
10/18/2015,OSH,WI,AGL,CE,Federal Contract Tower,0,0,7,0,7,0,0,59,0,59,0,0,66,0,66,106,0,106,172
10/19/2015,OSH,WI,AGL,CE,Federal Contract Tower,0,2,11,0,13,0,0,15,0,15,0,2,26,0,28,30,0,30,58
10/20/2015,OSH,WI,AGL,CE,Federal Contract Tower,0,4,16,0,20,0,2,54,0,56,0,6,70,0,76,76,2,78,154
10/21/2015,OSH,WI,AGL,CE,Federal Contract Tower,0,3,22,0,25,0,2,55,0,57,0,5,77,0,82,182,2,184,266
10/22/2015,OSH,WI,AGL,CE,Federal Contract Tower,0,3,29,0,32,0,0,99,2,101,0,3,128,2,133,262,6,268,401
10/23/2015,OSH,WI,AGL,CE,Federal Contract Tower,0,3,7,0,10,0,0,16,0,16,0,3,23,0,26,26,0,26,52
10/24/2015,OSH,WI,AGL,CE,Federal Contract Tower,0,1,4,0,5,0,0,7,0,7,0,1,11,0,12,12,0,12,24
10/25/2015,OSH,WI,AGL,CE,Federal Contract Tower,0,1,6,0,7,0,0,72,0,72,0,1,78,0,79,94,0,94,173
10/26/2015,OSH,WI,AGL,CE,Federal Contract Tower,0,2,10,0,12,0,0,83,0,83,0,2,93,0,95,236,0,236,331
10/27/2015,OSH,WI,AGL,CE,Federal Contract Tower,0,6,12,0,18,0,0,35,0,35,0,6,47,0,53,58,0,58,111
10/28/2015,OSH,WI,AGL,CE,Federal Contract Tower,0,2,4,0,6,0,0,1,0,1,0,2,5,0,7,0,0,0,7
10/29/2015,OSH,WI,AGL,CE,Federal Contract Tower,0,7,8,0,15,0,0,6,2,8,0,7,14,2,23,16,0,16,39
10/30/2015,OSH,WI,AGL,CE,Federal Contract Tower,0,1,14,2,17,0,0,21,0,21,0,1,35,2,38,32,0,32,70
10/31/2015,OSH,WI,AGL,CE,Federal Contract Tower,0,5,3,0,8,0,0,0,0,0,0,5,3,0,8,0,0,0,8
11/01/2015,OSH,WI,AGL,CE,Federal Contract Tower,0,0,2,0,2,0,0,44,0,44,0,0,46,0,46,24,0,24,70
11/02/2015,OSH,WI,AGL,CE,Federal Contract Tower,0,4,10,0,14,0,0,54,0,54,0,4,64,0,68,116,0,116,184
11/03/2015,OSH,WI,AGL,CE,Federal Contract Tower,0,4,10,0,14,0,0,79,0,79,0,4,89,0,93,148,0,148,241
11/04/2015,OSH,WI,AGL,CE,Federal Contract Tower,0,2,13,0,15,0,0,34,0,34,0,2,47,0,49,78,0,78,127
11/05/2015,OSH,WI,AGL,CE,Federal Contract Tower,0,2,19,0,21,0,0,37,0,37,0,2,56,0,58,30,0,30,88
11/06/2015,OSH,WI,AGL,CE,Federal Contract Tower,0,3,19,0,22,0,0,17,0,17,0,3,36,0,39,0,0,0,39
11/07/2015,OSH,WI,AGL,CE,Federal Contract Tower,0,1,0,0,1,0,0,28,0,28,0,1,28,0,29,28,0,28,57
11/08/2015,OSH,WI,AGL,CE,Federal Contract Tower,0,0,3,0,3,0,0,45,0,45,0,0,48,0,48,28,0,28,76
11/09/2015,OSH,WI,AGL,CE,Federal Contract Tower,0,2,15,0,17,0,0,59,0,59,0,2,74,0,76,118,0,118,194
11/10/2015,OSH,WI,AGL,CE,Federal Contract Tower,0,6,15,0,21,0,1,71,0,72,0,7,86,0,93,154,0,154,247
11/11/2015,OSH,WI,AGL,CE,Federal Contract Tower,0,2,16,0,18,0,0,2,0,2,0,2,18,0,20,80,0,80,100
11/12/2015,OSH,WI,AGL,CE,Federal Contract Tower,0,4,10,0,14,0,0,0,0,0,0,4,10,0,14,0,0,0,14
11/13/2015,OSH,WI,AGL,CE,Federal Contract Tower,0,2,10,0,12,0,0,12,0,12,0,2,22,0,24,0,0,0,24
11/14/2015,OSH,WI,AGL,CE,Federal Contract Tower,0,2,2,0,4,0,0,63,0,63,0,2,65,0,67,90,0,90,157
11/15/2015,OSH,WI,AGL,CE,Federal Contract Tower,0,0,2,0,2,0,0,49,0,49,0,0,51,0,51,102,0,102,153
11/16/2015,OSH,WI,AGL,CE,Federal Contract Tower,0,3,10,0,13,0,0,28,0,28,0,3,38,0,41,62,0,62,103
11/17/2015,OSH,WI,AGL,CE,Federal Contract Tower,0,4,5,0,9,0,0,0,0,0,0,4,5,0,9,0,0,0,9
11/18/2015,OSH,WI,AGL,CE,Federal Contract Tower,0,2,4,1,7,0,0,5,2,7,0,2,9,3,14,0,2,2,16
11/19/2015,OSH,WI,AGL,CE,Federal Contract Tower,0,4,9,0,13,0,0,5,0,5,0,4,14,0,18,0,0,0,18
11/20/2015,OSH,WI,AGL,CE,Federal Contract Tower,0,6,9,3,18,0,0,50,0,50,0,6,59,3,68,34,0,34,102
11/21/2015,OSH,WI,AGL,CE,Federal Contract Tower,0,0,2,0,2,0,0,10,0,10,0,0,12,0,12,54,0,54,66
11/22/2015,OSH,WI,AGL,CE,Federal Contract Tower,0,2,1,0,3,0,0,16,0,16,0,2,17,0,19,50,0,50,69
11/23/2015,OSH,WI,AGL,CE,Federal Contract Tower,0,2,4,0,6,0,2,40,0,42,0,4,44,0,48,80,0,80,128
11/24/2015,OSH,WI,AGL,CE,Federal Contract Tower,0,4,9,0,13,0,0,54,2,56,0,4,63,2,69,64,0,64,133
11/25/2015,OSH,WI,AGL,CE,Federal Contract Tower,0,2,2,0,4,0,0,19,0,19,0,2,21,0,23,30,0,30,53
11/26/2015,OSH,WI,AGL,CE,Federal Contract Tower,0,0,0,0,0,0,0,0,0,0,0,0,0,0,0,0,0,0,0
11/27/2015,OSH,WI,AGL,CE,Federal Contract Tower,0,2,0,0,2,0,0,8,0,8,0,2,8,0,10,14,0,14,24
11/28/2015,OSH,WI,AGL,CE,Federal Contract Tower,0,1,0,0,1,0,0,29,0,29,0,1,29,0,30,0,0,0,30
11/29/2015,OSH,WI,AGL,CE,Federal Contract Tower,0,0,5,0,5,0,0,47,0,47,0,0,52,0,52,78,0,78,130
11/30/2015,OSH,WI,AGL,CE,Federal Contract Tower,0,1,8,0,9,0,0,7,0,7,0,1,15,0,16,8,0,8,24
12/01/2015,OSH,WI,AGL,CE,Federal Contract Tower,0,3,6,0,9,0,0,2,0,2,0,3,8,0,11,0,0,0,11
12/02/2015,OSH,WI,AGL,CE,Federal Contract Tower,0,3,12,0,15,0,1,20,0,21,0,4,32,0,36,22,0,22,58
12/03/2015,OSH,WI,AGL,CE,Federal Contract Tower,0,7,14,0,21,0,0,17,0,17,0,7,31,0,38,50,0,50,88
12/04/2015,OSH,WI,AGL,CE,Federal Contract Tower,0,1,11,0,12,0,0,58,0,58,0,1,69,0,70,112,0,112,182
12/05/2015,OSH,WI,AGL,CE,Federal Contract Tower,0,2,11,0,13,0,0,41,0,41,0,2,52,0,54,36,0,36,90
12/06/2015,OSH,WI,AGL,CE,Federal Contract Tower,0,0,2,0,2,0,0,0,0,0,0,0,2,0,2,0,0,0,2
12/07/2015,OSH,WI,AGL,CE,Federal Contract Tower,0,2,4,0,6,0,0,0,0,0,0,2,4,0,6,0,0,0,6
12/08/2015,OSH,WI,AGL,CE,Federal Contract Tower,0,4,6,0,10,0,1,0,0,1,0,5,6,0,11,38,0,38,49
12/09/2015,OSH,WI,AGL,CE,Federal Contract Tower,0,2,9,0,11,0,22,0,0,22,0,24,9,0,33,52,0,52,85
12/10/2015,OSH,WI,AGL,CE,Federal Contract Tower,0,4,11,0,15,0,0,52,2,54,0,4,63,2,69,26,0,26,95
12/11/2015,OSH,WI,AGL,CE,Federal Contract Tower,0,2,15,0,17,0,0,33,2,35,0,2,48,2,52,60,0,60,112
12/12/2015,OSH,WI,AGL,CE,Federal Contract Tower,0,2,6,0,8,0,0,14,0,14,0,2,20,0,22,24,0,24,46
12/13/2015,OSH,WI,AGL,CE,Federal Contract Tower,0,0,7,0,7,0,0,0,0,0,0,0,7,0,7,0,0,0,7
12/14/2015,OSH,WI,AGL,CE,Federal Contract Tower,0,2,9,0,11,0,0,10,0,10,0,2,19,0,21,2,0,2,23
12/15/2015,OSH,WI,AGL,CE,Federal Contract Tower,0,5,8,0,13,0,0,24,0,24,0,5,32,0,37,68,0,68,105
12/16/2015,OSH,WI,AGL,CE,Federal Contract Tower,0,2,7,0,9,0,0,2,0,2,0,2,9,0,11,0,0,0,11
12/18/2015,OSH,WI,AGL,CE,Federal Contract Tower,0,2,14,0,16,0,0,39,2,41,0,2,53,2,57,48,0,48,105
12/20/2015,OSH,WI,AGL,CE,Federal Contract Tower,0,0,4,0,4,0,0,21,0,21,0,0,25,0,25,32,0,32,57
12/21/2015,OSH,WI,AGL,CE,Federal Contract Tower,0,4,3,0,7,0,0,0,0,0,0,4,3,0,7,0,0,0,7
12/22/2015,OSH,WI,AGL,CE,Federal Contract Tower,0,6,5,0,11,0,0,0,0,0,0,6,5,0,11,0,0,0,11
12/23/2015,OSH,WI,AGL,CE,Federal Contract Tower,0,3,8,0,11,0,0,0,0,0,0,3,8,0,11,0,0,0,11
12/24/2015,OSH,WI,AGL,CE,Federal Contract Tower,0,2,6,0,8,0,0,14,0,14,0,2,20,0,22,30,0,30,52
12/25/2015,OSH,WI,AGL,CE,Federal Contract Tower,0,0,0,0,0,0,0,0,0,0,0,0,0,0,0,0,0,0,0
12/27/2015,OSH,WI,AGL,CE,Federal Contract Tower,0,0,1,0,1,0,0,13,0,13,0,0,14,0,14,20,0,20,34
12/28/2015,OSH,WI,AGL,CE,Federal Contract Tower,0,0,2,0,2,0,4,8,0,12,0,4,10,0,14,2,0,2,16
12/29/2015,OSH,WI,AGL,CE,Federal Contract Tower,0,2,0,0,2,0,0,0,0,0,0,2,0,0,2,0,0,0,2
12/30/2015,OSH,WI,AGL,CE,Federal Contract Tower,0,4,2,0,6,0,0,1,0,1,0,4,3,0,7,2,0,2,9
01/01/2016,OSH,WI,AGL,CE,Federal Contract Tower,0,0,1,0,1,0,0,6,0,6,0,0,7,0,7,8,0,8,15
01/02/2016,OSH,WI,AGL,CE,Federal Contract Tower,0,1,5,0,6,0,1,51,0,52,0,2,56,0,58,58,0,58,116
01/03/2016,OSH,WI,AGL,CE,Federal Contract Tower,0,2,5,2,9,0,0,6,0,6,0,2,11,2,15,8,0,8,23
01/04/2016,OSH,WI,AGL,CE,Federal Contract Tower,0,2,5,0,7,0,0,20,0,20,0,2,25,0,27,8,0,8,35
01/05/2016,OSH,WI,AGL,CE,Federal Contract Tower,0,4,3,0,7,0,0,51,4,55,0,4,54,4,62,54,0,54,116
01/08/2016,OSH,WI,AGL,CE,Federal Contract Tower,0,3,4,0,7,0,0,0,0,0,0,3,4,0,7,0,0,0,7
01/10/2016,OSH,WI,AGL,CE,Federal Contract Tower,0,0,3,0,3,0,0,7,0,7,0,0,10,0,10,24,0,24,34
01/11/2016,OSH,WI,AGL,CE,Federal Contract Tower,0,2,4,0,6,0,0,12,0,12,0,2,16,0,18,48,0,48,66
01/12/2016,OSH,WI,AGL,CE,Federal Contract Tower,0,6,5,0,11,0,0,12,0,12,0,6,17,0,23,18,0,18,41
01/13/2016,OSH,WI,AGL,CE,Federal Contract Tower,0,2,14,0,16,0,0,6,1,7,0,2,20,1,23,6,0,6,29
01/14/2016,OSH,WI,AGL,CE,Federal Contract Tower,0,2,14,0,16,0,0,16,0,16,0,2,30,0,32,62,0,62,94
01/15/2016,OSH,WI,AGL,CE,Federal Contract Tower,0,0,11,0,11,0,0,0,0,0,0,0,11,0,11,0,0,0,11
01/16/2016,OSH,WI,AGL,CE,Federal Contract Tower,0,2,2,0,4,0,0,41,0,41,0,2,43,0,45,88,0,88,133
01/17/2016,OSH,WI,AGL,CE,Federal Contract Tower,0,0,5,0,5,0,0,0,0,0,0,0,5,0,5,0,0,0,5
01/18/2016,OSH,WI,AGL,CE,Federal Contract Tower,0,2,3,0,5,0,0,27,0,27,0,2,30,0,32,46,0,46,78
01/19/2016,OSH,WI,AGL,CE,Federal Contract Tower,0,2,6,0,8,0,0,48,0,48,0,2,54,0,56,158,0,158,214
01/20/2016,OSH,WI,AGL,CE,Federal Contract Tower,0,4,6,0,10,0,0,72,0,72,0,4,78,0,82,168,0,168,250
01/21/2016,OSH,WI,AGL,CE,Federal Contract Tower,0,2,8,0,10,0,0,16,0,16,0,2,24,0,26,8,0,8,34
01/22/2016,OSH,WI,AGL,CE,Federal Contract Tower,0,1,6,0,7,0,0,34,0,34,0,1,40,0,41,58,0,58,99
01/23/2016,OSH,WI,AGL,CE,Federal Contract Tower,0,3,1,0,4,0,0,65,0,65,0,3,66,0,69,160,0,160,229
01/24/2016,OSH,WI,AGL,CE,Federal Contract Tower,0,1,4,0,5,0,0,4,0,4,0,1,8,0,9,0,0,0,9
01/25/2016,OSH,WI,AGL,CE,Federal Contract Tower,0,0,6,2,8,0,0,2,0,2,0,0,8,2,10,6,0,6,16
01/26/2016,OSH,WI,AGL,CE,Federal Contract Tower,0,2,2,0,4,0,0,6,0,6,0,2,8,0,10,10,0,10,20
01/28/2016,OSH,WI,AGL,CE,Federal Contract Tower,0,4,9,0,13,0,1,29,2,32,0,5,38,2,45,20,0,20,65
01/29/2016,OSH,WI,AGL,CE,Federal Contract Tower,0,2,9,1,12,0,0,91,1,92,0,2,100,2,104,142,2,144,248
01/30/2016,OSH,WI,AGL,CE,Federal Contract Tower,0,1,6,0,7,0,1,47,0,48,0,2,53,0,55,78,0,78,133
01/31/2016,OSH,WI,AGL,CE,Federal Contract Tower,0,0,2,0,2,0,0,10,0,10,0,0,12,0,12,14,0,14,26
02/01/2016,OSH,WI,AGL,CE,Federal Contract Tower,0,2,12,0,14,0,0,68,0,68,0,2,80,0,82,98,0,98,180
02/02/2016,OSH,WI,AGL,CE,Federal Contract Tower,0,4,4,0,8,0,0,0,0,0,0,4,4,0,8,0,0,0,8
02/03/2016,OSH,WI,AGL,CE,Federal Contract Tower,0,2,13,0,15,0,0,4,0,4,0,2,17,0,19,0,28,28,47
02/05/2016,OSH,WI,AGL,CE,Federal Contract Tower,0,2,15,0,17,0,0,72,0,72,0,2,87,0,89,78,0,78,167
02/06/2016,OSH,WI,AGL,CE,Federal Contract Tower,0,2,7,0,9,0,0,68,0,68,0,2,75,0,77,8,0,8,85
02/07/2016,OSH,WI,AGL,CE,Federal Contract Tower,0,0,2,0,2,0,0,38,0,38,0,0,40,0,40,44,0,44,84
02/08/2016,OSH,WI,AGL,CE,Federal Contract Tower,0,2,6,0,8,0,0,57,0,57,0,2,63,0,65,54,0,54,119
02/09/2016,OSH,WI,AGL,CE,Federal Contract Tower,0,6,3,0,9,0,0,7,0,7,0,6,10,0,16,6,0,6,22
02/10/2016,OSH,WI,AGL,CE,Federal Contract Tower,0,4,19,0,23,0,0,59,2,61,0,4,78,2,84,114,0,114,198
02/11/2016,OSH,WI,AGL,CE,Federal Contract Tower,0,4,22,0,26,0,0,63,0,63,0,4,85,0,89,104,2,106,195
02/12/2016,OSH,WI,AGL,CE,Federal Contract Tower,0,4,10,0,14,0,0,34,0,34,0,4,44,0,48,24,0,24,72
02/13/2016,OSH,WI,AGL,CE,Federal Contract Tower,0,0,5,0,5,0,0,22,0,22,0,0,27,0,27,30,0,30,57
02/14/2016,OSH,WI,AGL,CE,Federal Contract Tower,0,0,1,0,1,0,0,9,0,9,0,0,10,0,10,12,0,12,22
02/15/2016,OSH,WI,AGL,CE,Federal Contract Tower,0,7,6,0,13,0,1,5,0,6,0,8,11,0,19,4,0,4,23
02/16/2016,OSH,WI,AGL,CE,Federal Contract Tower,0,6,8,0,14,0,0,0,0,0,0,6,8,0,14,0,0,0,14
02/17/2016,OSH,WI,AGL,CE,Federal Contract Tower,0,3,28,0,31,0,0,84,0,84,0,3,112,0,115,82,0,82,197
02/18/2016,OSH,WI,AGL,CE,Federal Contract Tower,0,2,9,0,11,0,0,20,0,20,0,2,29,0,31,44,0,44,75
02/19/2016,OSH,WI,AGL,CE,Federal Contract Tower,0,2,7,0,9,0,0,3,0,3,0,2,10,0,12,0,0,0,12
02/20/2016,OSH,WI,AGL,CE,Federal Contract Tower,0,1,1,0,2,0,3,33,0,36,0,4,34,0,38,38,0,38,76
02/21/2016,OSH,WI,AGL,CE,Federal Contract Tower,0,0,7,0,7,0,0,22,0,22,0,0,29,0,29,48,0,48,77
02/22/2016,OSH,WI,AGL,CE,Federal Contract Tower,0,2,6,0,8,0,0,4,0,4,0,2,10,0,12,0,0,0,12
02/23/2016,OSH,WI,AGL,CE,Federal Contract Tower,0,4,4,2,10,0,0,5,0,5,0,4,9,2,15,14,0,14,29
02/24/2016,OSH,WI,AGL,CE,Federal Contract Tower,0,2,12,0,14,0,0,20,0,20,0,2,32,0,34,10,0,10,44
02/25/2016,OSH,WI,AGL,CE,Federal Contract Tower,0,4,12,2,18,0,0,23,2,25,0,4,35,4,43,16,0,16,59
02/26/2016,OSH,WI,AGL,CE,Federal Contract Tower,0,2,19,0,21,0,0,53,0,53,0,2,72,0,74,86,0,86,160
02/27/2016,OSH,WI,AGL,CE,Federal Contract Tower,0,1,6,0,7,0,1,56,0,57,0,2,62,0,64,84,0,84,148
02/28/2016,OSH,WI,AGL,CE,Federal Contract Tower,0,0,4,0,4,0,0,37,0,37,0,0,41,0,41,124,0,124,165
02/29/2016,OSH,WI,AGL,CE,Federal Contract Tower,0,0,7,0,7,0,1,14,0,15,0,1,21,0,22,26,0,26,48
03/01/2016,OSH,WI,AGL,CE,Federal Contract Tower,0,2,5,0,7,0,2,4,0,6,0,4,9,0,13,0,0,0,13
03/02/2016,OSH,WI,AGL,CE,Federal Contract Tower,0,2,28,0,30,0,0,88,0,88,0,2,116,0,118,96,0,96,214
03/03/2016,OSH,WI,AGL,CE,Federal Contract Tower,0,2,13,0,15,0,0,50,0,50,0,2,63,0,65,98,6,104,169
03/04/2016,OSH,WI,AGL,CE,Federal Contract Tower,0,2,7,0,9,0,0,32,0,32,0,2,39,0,41,32,0,32,73
03/05/2016,OSH,WI,AGL,CE,Federal Contract Tower,0,2,10,6,18,0,0,20,0,20,0,2,30,6,38,44,0,44,82
03/06/2016,OSH,WI,AGL,CE,Federal Contract Tower,0,0,8,0,8,0,0,34,0,34,0,0,42,0,42,28,0,28,70
03/07/2016,OSH,WI,AGL,CE,Federal Contract Tower,0,3,16,0,19,0,0,58,0,58,0,3,74,0,77,62,0,62,139
03/08/2016,OSH,WI,AGL,CE,Federal Contract Tower,0,4,19,0,23,0,0,40,0,40,0,4,59,0,63,16,0,16,79
03/09/2016,OSH,WI,AGL,CE,Federal Contract Tower,0,3,36,1,40,0,0,18,0,18,0,3,54,1,58,18,0,18,76
03/10/2016,OSH,WI,AGL,CE,Federal Contract Tower,0,4,20,1,25,0,0,36,1,37,0,4,56,2,62,64,0,64,126
03/11/2016,OSH,WI,AGL,CE,Federal Contract Tower,0,3,19,0,22,0,0,53,0,53,0,3,72,0,75,62,0,62,137
03/12/2016,OSH,WI,AGL,CE,Federal Contract Tower,0,1,12,2,15,0,1,75,2,78,0,2,87,4,93,116,12,128,221
03/13/2016,OSH,WI,AGL,CE,Federal Contract Tower,0,0,4,0,4,0,0,17,0,17,0,0,21,0,21,40,0,40,61
03/14/2016,OSH,WI,AGL,CE,Federal Contract Tower,0,2,3,0,5,0,0,20,0,20,0,2,23,0,25,8,0,8,33
03/15/2016,OSH,WI,AGL,CE,Federal Contract Tower,0,4,7,0,11,0,0,0,0,0,0,4,7,0,11,0,0,0,11
03/16/2016,OSH,WI,AGL,CE,Federal Contract Tower,0,3,17,0,20,0,0,2,0,2,0,3,19,0,22,0,0,0,22
03/17/2016,OSH,WI,AGL,CE,Federal Contract Tower,0,2,11,1,14,0,0,10,1,11,0,2,21,2,25,2,8,10,35
03/18/2016,OSH,WI,AGL,CE,Federal Contract Tower,0,3,6,0,9,0,0,30,0,30,0,3,36,0,39,58,0,58,97
03/19/2016,OSH,WI,AGL,CE,Federal Contract Tower,0,1,4,0,5,0,1,18,0,19,0,2,22,0,24,8,0,8,32
03/20/2016,OSH,WI,AGL,CE,Federal Contract Tower,0,1,8,1,10,0,0,49,0,49,0,1,57,1,59,126,0,126,185
03/21/2016,OSH,WI,AGL,CE,Federal Contract Tower,0,2,8,0,10,0,0,75,0,75,0,2,83,0,85,102,0,102,187
03/22/2016,OSH,WI,AGL,CE,Federal Contract Tower,0,4,8,0,12,0,0,51,0,51,0,4,59,0,63,46,0,46,109
03/23/2016,OSH,WI,AGL,CE,Federal Contract Tower,0,2,2,0,4,0,0,3,0,3,0,2,5,0,7,14,0,14,21
03/24/2016,OSH,WI,AGL,CE,Federal Contract Tower,0,0,3,0,3,0,0,0,0,0,0,0,3,0,3,0,0,0,3
03/25/2016,OSH,WI,AGL,CE,Federal Contract Tower,0,2,13,0,15,0,0,55,0,55,0,2,68,0,70,104,0,104,174
03/26/2016,OSH,WI,AGL,CE,Federal Contract Tower,0,1,7,0,8,0,1,26,0,27,0,2,33,0,35,22,0,22,57
03/27/2016,OSH,WI,AGL,CE,Federal Contract Tower,0,0,1,0,1,0,0,0,0,0,0,0,1,0,1,4,0,4,5
03/28/2016,OSH,WI,AGL,CE,Federal Contract Tower,0,0,16,0,16,0,0,59,2,61,0,0,75,2,77,64,8,72,149
03/29/2016,OSH,WI,AGL,CE,Federal Contract Tower,0,4,13,0,17,0,0,71,0,71,0,4,84,0,88,74,0,74,162
03/30/2016,OSH,WI,AGL,CE,Federal Contract Tower,0,1,9,0,10,0,0,25,0,25,0,1,34,0,35,14,0,14,49
03/31/2016,OSH,WI,AGL,CE,Federal Contract Tower,0,1,9,0,10,0,0,0,0,0,0,1,9,0,10,0,0,0,10
04/01/2016,OSH,WI,AGL,CE,Federal Contract Tower,0,3,8,0,11,0,0,59,0,59,0,3,67,0,70,46,0,46,116
04/02/2016,OSH,WI,AGL,CE,Federal Contract Tower,0,4,0,3,7,0,0,0,0,0,0,4,0,3,7,0,6,6,13
04/03/2016,OSH,WI,AGL,CE,Federal Contract Tower,0,0,3,0,3,0,0,9,0,9,0,0,12,0,12,22,0,22,34
04/04/2016,OSH,WI,AGL,CE,Federal Contract Tower,0,2,10,0,12,0,0,32,0,32,0,2,42,0,44,36,0,36,80
04/05/2016,OSH,WI,AGL,CE,Federal Contract Tower,0,4,12,0,16,0,2,25,0,27,0,6,37,0,43,0,0,0,43
04/06/2016,OSH,WI,AGL,CE,Federal Contract Tower,0,6,9,0,15,0,0,9,0,9,0,6,18,0,24,0,0,0,24
04/07/2016,OSH,WI,AGL,CE,Federal Contract Tower,0,2,4,2,8,0,0,12,5,17,0,2,16,7,25,4,0,4,29
04/08/2016,OSH,WI,AGL,CE,Federal Contract Tower,0,4,9,0,13,0,0,2,0,2,0,4,11,0,15,0,0,0,15
04/09/2016,OSH,WI,AGL,CE,Federal Contract Tower,0,1,6,0,7,0,1,205,0,206,0,2,211,0,213,90,0,90,303
04/10/2016,OSH,WI,AGL,CE,Federal Contract Tower,0,0,2,0,2,0,0,10,0,10,0,0,12,0,12,28,0,28,40
04/11/2016,OSH,WI,AGL,CE,Federal Contract Tower,0,3,9,0,12,0,0,34,0,34,0,3,43,0,46,40,0,40,86
04/12/2016,OSH,WI,AGL,CE,Federal Contract Tower,0,3,11,0,14,0,0,69,0,69,0,3,80,0,83,58,0,58,141
04/13/2016,OSH,WI,AGL,CE,Federal Contract Tower,0,2,11,0,13,0,0,34,4,38,0,2,45,4,51,14,2,16,67
04/14/2016,OSH,WI,AGL,CE,Federal Contract Tower,0,2,10,0,12,0,0,85,0,85,0,2,95,0,97,78,0,78,175
04/15/2016,OSH,WI,AGL,CE,Federal Contract Tower,0,2,14,0,16,0,0,73,0,73,0,2,87,0,89,76,0,76,165
04/16/2016,OSH,WI,AGL,CE,Federal Contract Tower,0,1,11,0,12,0,1,79,0,80,0,2,90,0,92,45,0,45,137
04/17/2016,OSH,WI,AGL,CE,Federal Contract Tower,0,0,6,0,6,0,0,66,0,66,0,0,72,0,72,130,0,130,202
04/18/2016,OSH,WI,AGL,CE,Federal Contract Tower,0,7,17,0,24,0,0,48,0,48,0,7,65,0,72,60,0,60,132
04/19/2016,OSH,WI,AGL,CE,Federal Contract Tower,0,6,11,0,17,0,0,17,0,17,0,6,28,0,34,22,0,22,56
04/20/2016,OSH,WI,AGL,CE,Federal Contract Tower,0,1,7,0,8,0,0,70,4,74,0,1,77,4,82,22,0,22,104
04/21/2016,OSH,WI,AGL,CE,Federal Contract Tower,0,2,14,2,18,0,0,44,0,44,0,2,58,2,62,56,0,56,118
04/22/2016,OSH,WI,AGL,CE,Federal Contract Tower,0,4,20,0,24,0,0,47,0,47,0,4,67,0,71,0,0,0,71
04/23/2016,OSH,WI,AGL,CE,Federal Contract Tower,0,1,6,0,7,0,1,84,0,85,0,2,90,0,92,50,0,50,142
04/24/2016,OSH,WI,AGL,CE,Federal Contract Tower,0,0,7,0,7,0,0,12,0,12,0,0,19,0,19,22,0,22,41
04/25/2016,OSH,WI,AGL,CE,Federal Contract Tower,0,4,6,0,10,0,0,26,0,26,0,4,32,0,36,46,0,46,82
04/26/2016,OSH,WI,AGL,CE,Federal Contract Tower,0,7,7,0,14,0,0,12,0,12,0,7,19,0,26,8,0,8,34
04/27/2016,OSH,WI,AGL,CE,Federal Contract Tower,0,2,18,0,20,0,2,48,2,52,0,4,66,2,72,24,0,24,96
04/28/2016,OSH,WI,AGL,CE,Federal Contract Tower,0,3,15,0,18,0,0,27,0,27,0,3,42,0,45,40,0,40,85
04/29/2016,OSH,WI,AGL,CE,Federal Contract Tower,0,4,23,0,27,0,0,112,4,116,0,4,135,4,143,199,0,199,342
04/30/2016,OSH,WI,AGL,CE,Federal Contract Tower,0,1,4,0,5,0,1,31,0,32,0,2,35,0,37,118,0,118,155
05/01/2016,OSH,WI,AGL,CE,Federal Contract Tower,0,0,8,0,8,0,0,14,0,14,0,0,22,0,22,46,0,46,68
05/02/2016,OSH,WI,AGL,CE,Federal Contract Tower,0,1,18,0,19,0,0,77,0,77,0,1,95,0,96,46,0,46,142
05/03/2016,OSH,WI,AGL,CE,Federal Contract Tower,0,3,8,0,11,0,0,35,0,35,0,3,43,0,46,34,0,34,80
05/04/2016,OSH,WI,AGL,CE,Federal Contract Tower,0,3,22,0,25,0,0,18,4,22,0,3,40,4,47,28,0,28,75
05/05/2016,OSH,WI,AGL,CE,Federal Contract Tower,0,2,13,2,17,0,0,67,2,69,0,2,80,4,86,24,0,24,110
05/06/2016,OSH,WI,AGL,CE,Federal Contract Tower,0,2,11,0,13,0,0,73,2,75,0,2,84,2,88,96,0,96,184
05/07/2016,OSH,WI,AGL,CE,Federal Contract Tower,0,4,4,0,8,0,0,34,0,34,0,4,38,0,42,64,0,64,106
05/08/2016,OSH,WI,AGL,CE,Federal Contract Tower,0,0,5,0,5,0,0,43,0,43,0,0,48,0,48,62,0,62,110
05/09/2016,OSH,WI,AGL,CE,Federal Contract Tower,0,3,3,0,6,0,0,22,0,22,0,3,25,0,28,10,0,10,38
05/10/2016,OSH,WI,AGL,CE,Federal Contract Tower,0,4,10,0,14,0,0,0,0,0,0,4,10,0,14,0,0,0,14
05/11/2016,OSH,WI,AGL,CE,Federal Contract Tower,0,0,11,0,11,0,0,11,0,11,0,0,22,0,22,10,0,10,32
05/12/2016,OSH,WI,AGL,CE,Federal Contract Tower,0,3,14,0,17,0,0,21,2,23,0,3,35,2,40,22,0,22,62
05/13/2016,OSH,WI,AGL,CE,Federal Contract Tower,0,4,9,0,13,0,0,19,0,19,0,4,28,0,32,16,0,16,48
05/14/2016,OSH,WI,AGL,CE,Federal Contract Tower,0,1,5,0,6,0,1,14,0,15,0,2,19,0,21,62,0,62,83
05/15/2016,OSH,WI,AGL,CE,Federal Contract Tower,0,0,0,0,0,0,0,33,0,33,0,0,33,0,33,56,0,56,89
05/16/2016,OSH,WI,AGL,CE,Federal Contract Tower,0,0,10,0,10,0,0,64,0,64,0,0,74,0,74,106,0,106,180
05/17/2016,OSH,WI,AGL,CE,Federal Contract Tower,0,4,17,0,21,0,0,80,4,84,0,4,97,4,105,192,0,192,297
05/18/2016,OSH,WI,AGL,CE,Federal Contract Tower,0,3,15,1,19,0,0,72,0,72,0,3,87,1,91,134,0,134,225
05/19/2016,OSH,WI,AGL,CE,Federal Contract Tower,0,2,14,5,21,0,0,61,1,62,0,2,75,6,83,68,0,68,151
05/20/2016,OSH,WI,AGL,CE,Federal Contract Tower,0,5,12,3,20,0,0,68,0,68,0,5,80,3,88,84,0,84,172
05/21/2016,OSH,WI,AGL,CE,Federal Contract Tower,0,0,3,1,4,0,1,109,0,110,0,1,112,1,114,130,0,130,244
05/22/2016,OSH,WI,AGL,CE,Federal Contract Tower,0,0,7,0,7,0,0,68,0,68,0,0,75,0,75,88,0,88,163
05/23/2016,OSH,WI,AGL,CE,Federal Contract Tower,0,2,12,0,14,0,0,43,0,43,0,2,55,0,57,48,0,48,105
05/24/2016,OSH,WI,AGL,CE,Federal Contract Tower,0,2,4,2,8,0,0,38,0,38,0,2,42,2,46,10,0,10,56
05/25/2016,OSH,WI,AGL,CE,Federal Contract Tower,0,2,18,0,20,0,0,21,0,21,0,2,39,0,41,36,0,36,77
05/26/2016,OSH,WI,AGL,CE,Federal Contract Tower,0,5,10,2,17,0,0,45,0,45,0,5,55,2,62,14,0,14,76
05/27/2016,OSH,WI,AGL,CE,Federal Contract Tower,0,2,7,0,9,0,0,13,0,13,0,2,20,0,22,18,0,18,40
05/28/2016,OSH,WI,AGL,CE,Federal Contract Tower,0,2,2,0,4,0,0,4,0,4,0,2,6,0,8,26,0,26,34
05/29/2016,OSH,WI,AGL,CE,Federal Contract Tower,0,0,5,0,5,0,2,31,0,33,0,2,36,0,38,92,0,92,130
05/30/2016,OSH,WI,AGL,CE,Federal Contract Tower,0,0,8,0,8,0,0,73,0,73,0,0,81,0,81,124,0,124,205
05/31/2016,OSH,WI,AGL,CE,Federal Contract Tower,0,3,10,0,13,0,1,54,0,55,0,4,64,0,68,48,0,48,116
06/01/2016,OSH,WI,AGL,CE,Federal Contract Tower,0,4,11,2,17,0,0,53,0,53,0,4,64,2,70,62,0,62,132
06/02/2016,OSH,WI,AGL,CE,Federal Contract Tower,0,4,5,0,9,0,0,53,0,53,0,4,58,0,62,140,0,140,202
06/03/2016,OSH,WI,AGL,CE,Federal Contract Tower,0,5,9,0,14,0,0,75,0,75,0,5,84,0,89,110,0,110,199
06/04/2016,OSH,WI,AGL,CE,Federal Contract Tower,0,4,2,0,6,0,0,9,0,9,0,4,11,0,15,16,0,16,31
06/05/2016,OSH,WI,AGL,CE,Federal Contract Tower,0,0,4,0,4,0,0,16,0,16,0,0,20,0,20,42,0,42,62
06/06/2016,OSH,WI,AGL,CE,Federal Contract Tower,0,2,15,0,17,0,0,12,2,14,0,2,27,2,31,18,2,20,51
06/07/2016,OSH,WI,AGL,CE,Federal Contract Tower,0,5,24,0,29,0,0,38,0,38,0,5,62,0,67,72,0,72,139
06/08/2016,OSH,WI,AGL,CE,Federal Contract Tower,0,2,7,0,9,0,0,89,0,89,0,2,96,0,98,188,0,188,286
06/09/2016,OSH,WI,AGL,CE,Federal Contract Tower,0,2,15,2,19,0,0,59,2,61,0,2,74,4,80,206,0,206,286
06/10/2016,OSH,WI,AGL,CE,Federal Contract Tower,0,2,10,0,12,0,0,52,0,52,0,2,62,0,64,142,0,142,206
06/11/2016,OSH,WI,AGL,CE,Federal Contract Tower,0,1,4,0,5,0,1,81,10,92,0,2,85,10,97,126,6,132,229
06/12/2016,OSH,WI,AGL,CE,Federal Contract Tower,0,0,1,0,1,0,0,69,0,69,0,0,70,0,70,168,0,168,238
06/13/2016,OSH,WI,AGL,CE,Federal Contract Tower,0,4,7,0,11,0,0,46,0,46,0,4,53,0,57,120,0,120,177
06/14/2016,OSH,WI,AGL,CE,Federal Contract Tower,0,4,5,0,9,0,0,65,10,75,0,4,70,10,84,74,0,74,158
06/15/2016,OSH,WI,AGL,CE,Federal Contract Tower,0,7,11,1,19,0,0,40,2,42,0,7,51,3,61,140,8,148,209
06/16/2016,OSH,WI,AGL,CE,Federal Contract Tower,0,4,23,0,27,0,0,48,0,48,0,4,71,0,75,156,0,156,231
06/17/2016,OSH,WI,AGL,CE,Federal Contract Tower,0,1,14,0,15,0,1,129,1,131,0,2,143,1,146,282,0,282,428
06/18/2016,OSH,WI,AGL,CE,Federal Contract Tower,0,3,5,0,8,0,0,100,0,100,0,3,105,0,108,292,0,292,400
06/19/2016,OSH,WI,AGL,CE,Federal Contract Tower,0,0,19,0,19,0,0,69,0,69,0,0,88,0,88,134,0,134,222
06/20/2016,OSH,WI,AGL,CE,Federal Contract Tower,0,4,15,0,19,0,0,34,0,34,0,4,49,0,53,44,0,44,97
06/21/2016,OSH,WI,AGL,CE,Federal Contract Tower,0,5,11,0,16,0,0,117,0,117,0,5,128,0,133,144,0,144,277
06/22/2016,OSH,WI,AGL,CE,Federal Contract Tower,0,8,9,1,18,0,0,97,2,99,0,8,106,3,117,204,2,206,323
06/23/2016,OSH,WI,AGL,CE,Federal Contract Tower,0,2,17,0,19,0,0,72,0,72,0,2,89,0,91,108,0,108,199
06/24/2016,OSH,WI,AGL,CE,Federal Contract Tower,0,0,15,0,15,0,0,126,0,126,0,0,141,0,141,164,0,164,305
06/25/2016,OSH,WI,AGL,CE,Federal Contract Tower,0,1,5,0,6,0,0,165,0,165,0,1,170,0,171,108,0,108,279
06/26/2016,OSH,WI,AGL,CE,Federal Contract Tower,0,0,3,0,3,0,0,23,0,23,0,0,26,0,26,140,0,140,166
06/27/2016,OSH,WI,AGL,CE,Federal Contract Tower,0,2,14,0,16,0,2,70,0,72,0,4,84,0,88,126,0,126,214
06/28/2016,OSH,WI,AGL,CE,Federal Contract Tower,0,3,16,0,19,0,0,114,4,118,0,3,130,4,137,126,0,126,263
06/29/2016,OSH,WI,AGL,CE,Federal Contract Tower,0,5,13,0,18,0,0,125,0,125,0,5,138,0,143,240,0,240,383
06/30/2016,OSH,WI,AGL,CE,Federal Contract Tower,0,4,11,0,15,0,0,49,0,49,0,4,60,0,64,96,0,96,160
07/01/2016,OSH,WI,AGL,CE,Federal Contract Tower,0,4,10,0,14,0,0,90,4,94,0,4,100,4,108,228,2,230,338
07/02/2016,OSH,WI,AGL,CE,Federal Contract Tower,0,2,7,0,9,0,0,74,0,74,0,2,81,0,83,168,0,168,251
07/03/2016,OSH,WI,AGL,CE,Federal Contract Tower,0,0,6,0,6,0,0,58,0,58,0,0,64,0,64,180,0,180,244
07/04/2016,OSH,WI,AGL,CE,Federal Contract Tower,0,0,1,0,1,0,0,58,0,58,0,0,59,0,59,100,0,100,159
07/05/2016,OSH,WI,AGL,CE,Federal Contract Tower,0,3,7,0,10,0,0,49,2,51,0,3,56,2,61,126,14,140,201
07/06/2016,OSH,WI,AGL,CE,Federal Contract Tower,0,0,14,0,14,0,0,55,0,55,0,0,69,0,69,162,0,162,231
07/07/2016,OSH,WI,AGL,CE,Federal Contract Tower,0,2,15,0,17,0,0,29,0,29,0,2,44,0,46,96,0,96,142
07/08/2016,OSH,WI,AGL,CE,Federal Contract Tower,0,2,13,0,15,0,0,66,0,66,0,2,79,0,81,114,0,114,195
07/09/2016,OSH,WI,AGL,CE,Federal Contract Tower,0,1,3,2,6,0,1,82,1,84,0,2,85,3,90,118,0,118,208
07/10/2016,OSH,WI,AGL,CE,Federal Contract Tower,0,0,8,0,8,0,0,46,0,46,0,0,54,0,54,122,0,122,176
07/11/2016,OSH,WI,AGL,CE,Federal Contract Tower,0,4,9,0,13,0,0,84,0,84,0,4,93,0,97,168,0,168,265
07/12/2016,OSH,WI,AGL,CE,Federal Contract Tower,0,6,15,0,21,0,0,90,0,90,0,6,105,0,111,90,0,90,201
07/13/2016,OSH,WI,AGL,CE,Federal Contract Tower,0,4,15,0,19,0,0,70,0,70,0,4,85,0,89,122,0,122,211
07/14/2016,OSH,WI,AGL,CE,Federal Contract Tower,0,2,14,0,16,0,1,104,0,105,0,3,118,0,121,166,4,170,291
07/15/2016,OSH,WI,AGL,CE,Federal Contract Tower,0,1,12,0,13,0,0,92,0,92,0,1,104,0,105,142,0,142,247
07/16/2016,OSH,WI,AGL,CE,Federal Contract Tower,0,2,5,0,7,0,1,111,4,116,0,3,116,4,123,148,0,148,271
07/17/2016,OSH,WI,AGL,CE,Federal Contract Tower,0,2,8,0,10,0,0,18,0,18,0,2,26,0,28,28,0,28,56
07/18/2016,OSH,WI,AGL,CE,Federal Contract Tower,0,5,9,0,14,0,0,104,0,104,0,5,113,0,118,178,0,178,296
07/19/2016,OSH,WI,AGL,CE,Federal Contract Tower,0,4,15,0,19,0,0,163,0,163,0,4,178,0,182,172,0,172,354
07/20/2016,OSH,WI,AGL,CE,Federal Contract Tower,0,4,16,0,20,0,1,141,2,144,0,5,157,2,164,182,0,182,346
07/22/2016,OSH,WI,AGL,CE,Federal Contract Tower,0,0,48,0,48,0,0,746,0,746,0,0,794,0,794,0,0,0,794
07/23/2016,OSH,WI,AGL,CE,Federal Contract Tower,0,0,53,0,53,0,0,1280,0,1280,0,0,1333,0,1333,0,0,0,1333
07/24/2016,OSH,WI,AGL,CE,Federal Contract Tower,0,0,99,0,99,0,0,2503,0,2503,0,0,2602,0,2602,0,0,0,2602
07/25/2016,OSH,WI,AGL,CE,Federal Contract Tower,0,0,35,0,35,0,0,1198,0,1198,0,0,1233,0,1233,0,0,0,1233
07/26/2016,OSH,WI,AGL,CE,Federal Contract Tower,0,0,66,0,66,0,0,1852,0,1852,0,0,1918,0,1918,0,0,0,1918
07/27/2016,OSH,WI,AGL,CE,Federal Contract Tower,0,0,120,0,120,0,0,1767,0,1767,0,0,1887,0,1887,0,0,0,1887
07/28/2016,OSH,WI,AGL,CE,Federal Contract Tower,0,0,143,0,143,0,0,1393,0,1393,0,0,1536,0,1536,0,0,0,1536
07/29/2016,OSH,WI,AGL,CE,Federal Contract Tower,0,0,163,0,163,0,0,1614,0,1614,0,0,1777,0,1777,0,0,0,1777
07/30/2016,OSH,WI,AGL,CE,Federal Contract Tower,0,0,79,0,79,0,0,2050,0,2050,0,0,2129,0,2129,0,0,0,2129
07/31/2016,OSH,WI,AGL,CE,Federal Contract Tower,0,0,95,0,95,0,0,2044,0,2044,0,0,2139,0,2139,0,0,0,2139
08/01/2016,OSH,WI,AGL,CE,Federal Contract Tower,0,3,56,1,60,0,0,787,2,789,0,3,843,3,849,22,0,22,871
08/02/2016,OSH,WI,AGL,CE,Federal Contract Tower,0,8,13,0,21,0,0,142,0,142,0,8,155,0,163,86,0,86,249
08/03/2016,OSH,WI,AGL,CE,Federal Contract Tower,0,13,14,6,33,0,0,103,0,103,0,13,117,6,136,174,0,174,310
08/04/2016,OSH,WI,AGL,CE,Federal Contract Tower,0,5,5,0,10,0,0,59,0,59,0,5,64,0,69,60,0,60,129
08/05/2016,OSH,WI,AGL,CE,Federal Contract Tower,0,4,10,0,14,0,1,120,0,121,0,5,130,0,135,182,0,182,317
08/06/2016,OSH,WI,AGL,CE,Federal Contract Tower,0,5,7,0,12,0,1,76,2,79,0,6,83,2,91,146,0,146,237
08/07/2016,OSH,WI,AGL,CE,Federal Contract Tower,0,10,0,1,11,0,0,48,0,48,0,10,48,1,59,138,0,138,197
08/08/2016,OSH,WI,AGL,CE,Federal Contract Tower,0,4,11,0,15,0,0,61,0,61,0,4,72,0,76,104,0,104,180
08/09/2016,OSH,WI,AGL,CE,Federal Contract Tower,0,6,8,0,14,0,0,62,0,62,0,6,70,0,76,148,0,148,224
08/10/2016,OSH,WI,AGL,CE,Federal Contract Tower,0,6,14,0,20,0,0,71,0,71,0,6,85,0,91,226,0,226,317
08/11/2016,OSH,WI,AGL,CE,Federal Contract Tower,0,7,12,2,21,0,0,17,0,17,0,7,29,2,38,30,0,30,68
08/12/2016,OSH,WI,AGL,CE,Federal Contract Tower,0,6,10,0,16,0,0,6,0,6,0,6,16,0,22,108,0,108,130
08/13/2016,OSH,WI,AGL,CE,Federal Contract Tower,0,2,2,1,5,0,0,32,1,33,0,2,34,2,38,74,0,74,112
08/14/2016,OSH,WI,AGL,CE,Federal Contract Tower,0,0,13,0,13,0,0,60,0,60,0,0,73,0,73,130,0,130,203
08/15/2016,OSH,WI,AGL,CE,Federal Contract Tower,0,3,15,0,18,0,0,55,0,55,0,3,70,0,73,152,0,152,225
08/16/2016,OSH,WI,AGL,CE,Federal Contract Tower,0,4,8,0,12,0,2,79,4,85,0,6,87,4,97,172,0,172,269
08/17/2016,OSH,WI,AGL,CE,Federal Contract Tower,0,7,16,0,23,0,0,38,0,38,0,7,54,0,61,110,0,110,171
08/18/2016,OSH,WI,AGL,CE,Federal Contract Tower,0,4,7,0,11,0,0,82,0,82,0,4,89,0,93,194,0,194,287
08/19/2016,OSH,WI,AGL,CE,Federal Contract Tower,0,6,12,0,18,0,0,27,0,27,0,6,39,0,45,106,0,106,151
08/20/2016,OSH,WI,AGL,CE,Federal Contract Tower,0,2,2,0,4,0,0,1,0,1,0,2,3,0,5,0,0,0,5
08/21/2016,OSH,WI,AGL,CE,Federal Contract Tower,0,1,4,0,5,0,2,30,4,36,0,3,34,4,41,48,0,48,89
08/22/2016,OSH,WI,AGL,CE,Federal Contract Tower,0,2,10,0,12,0,0,91,4,95,0,2,101,4,107,160,4,164,271
08/23/2016,OSH,WI,AGL,CE,Federal Contract Tower,0,2,13,0,15,0,0,112,0,112,0,2,125,0,127,206,0,206,333
08/24/2016,OSH,WI,AGL,CE,Federal Contract Tower,0,2,17,0,19,0,1,19,0,20,0,3,36,0,39,16,0,16,55
08/25/2016,OSH,WI,AGL,CE,Federal Contract Tower,0,4,19,2,25,0,0,90,2,92,0,4,109,4,117,228,0,228,345
08/26/2016,OSH,WI,AGL,CE,Federal Contract Tower,0,2,10,0,12,0,1,109,0,110,0,3,119,0,122,274,0,274,396
08/27/2016,OSH,WI,AGL,CE,Federal Contract Tower,0,5,3,2,10,0,0,0,0,0,0,5,3,2,10,0,0,0,10
08/28/2016,OSH,WI,AGL,CE,Federal Contract Tower,0,0,8,0,8,0,0,43,0,43,0,0,51,0,51,58,0,58,109
08/29/2016,OSH,WI,AGL,CE,Federal Contract Tower,0,2,11,0,13,0,0,90,0,90,0,2,101,0,103,240,0,240,343
08/30/2016,OSH,WI,AGL,CE,Federal Contract Tower,0,5,9,0,14,0,0,55,0,55,0,5,64,0,69,166,0,166,235
08/31/2016,OSH,WI,AGL,CE,Federal Contract Tower,0,5,11,0,16,0,0,133,0,133,0,5,144,0,149,264,0,264,413
09/01/2016,OSH,WI,AGL,CE,Federal Contract Tower,0,5,11,0,16,0,0,0,0,0,0,5,11,0,16,204,0,204,220
09/02/2016,OSH,WI,AGL,CE,Federal Contract Tower,0,2,18,0,20,0,1,101,0,102,0,3,119,0,122,280,0,280,402
09/03/2016,OSH,WI,AGL,CE,Federal Contract Tower,0,2,11,0,13,0,0,53,0,53,0,2,64,0,66,154,0,154,220
09/04/2016,OSH,WI,AGL,CE,Federal Contract Tower,0,0,6,0,6,0,0,83,0,83,0,0,89,0,89,138,0,138,227
09/05/2016,OSH,WI,AGL,CE,Federal Contract Tower,0,0,12,0,12,0,0,70,0,70,0,0,82,0,82,186,0,186,268
09/06/2016,OSH,WI,AGL,CE,Federal Contract Tower,0,2,11,0,13,0,2,57,0,59,0,4,68,0,72,158,0,158,230
09/07/2016,OSH,WI,AGL,CE,Federal Contract Tower,0,6,9,0,15,0,0,2,0,2,0,6,11,0,17,0,0,0,17
09/08/2016,OSH,WI,AGL,CE,Federal Contract Tower,0,6,23,0,29,0,0,64,0,64,0,6,87,0,93,186,0,186,279
09/09/2016,OSH,WI,AGL,CE,Federal Contract Tower,0,11,13,0,24,0,0,88,0,88,0,11,101,0,112,276,0,276,388
09/10/2016,OSH,WI,AGL,CE,Federal Contract Tower,0,4,6,0,10,0,0,39,0,39,0,4,45,0,49,98,0,98,147
09/11/2016,OSH,WI,AGL,CE,Federal Contract Tower,0,2,7,0,9,0,0,126,0,126,0,2,133,0,135,258,0,258,393
09/12/2016,OSH,WI,AGL,CE,Federal Contract Tower,0,2,13,0,15,0,0,86,0,86,0,2,99,0,101,162,0,162,263
09/13/2016,OSH,WI,AGL,CE,Federal Contract Tower,0,4,20,0,24,0,0,26,0,26,0,4,46,0,50,128,0,128,178
09/14/2016,OSH,WI,AGL,CE,Federal Contract Tower,0,11,14,2,27,0,0,107,2,109,0,11,121,4,136,354,0,354,490
09/15/2016,OSH,WI,AGL,CE,Federal Contract Tower,0,4,19,2,25,0,0,156,4,160,0,4,175,6,185,354,0,354,539
09/16/2016,OSH,WI,AGL,CE,Federal Contract Tower,0,6,9,0,15,0,0,40,0,40,0,6,49,0,55,28,0,28,83
09/17/2016,OSH,WI,AGL,CE,Federal Contract Tower,0,3,8,0,11,0,0,85,0,85,0,3,93,0,96,3,0,3,99
09/18/2016,OSH,WI,AGL,CE,Federal Contract Tower,0,1,8,0,9,0,0,64,0,64,0,1,72,0,73,150,0,150,223
09/19/2016,OSH,WI,AGL,CE,Federal Contract Tower,0,2,15,0,17,0,0,39,0,39,0,2,54,0,56,92,0,92,148
09/20/2016,OSH,WI,AGL,CE,Federal Contract Tower,0,5,13,0,18,0,1,117,0,118,0,6,130,0,136,328,0,328,464
09/21/2016,OSH,WI,AGL,CE,Federal Contract Tower,0,5,19,0,24,0,0,45,0,45,0,5,64,0,69,168,0,168,237
09/22/2016,OSH,WI,AGL,CE,Federal Contract Tower,0,4,14,0,18,0,0,19,0,19,0,4,33,0,37,34,0,34,71
09/23/2016,OSH,WI,AGL,CE,Federal Contract Tower,0,3,23,0,26,0,0,15,0,15,0,3,38,0,41,30,0,30,71
09/24/2016,OSH,WI,AGL,CE,Federal Contract Tower,0,2,5,0,7,0,0,42,0,42,0,2,47,0,49,166,0,166,215
09/25/2016,OSH,WI,AGL,CE,Federal Contract Tower,0,1,3,0,4,0,0,10,0,10,0,1,13,0,14,44,0,44,58
09/26/2016,OSH,WI,AGL,CE,Federal Contract Tower,0,3,9,0,12,0,0,21,0,21,0,3,30,0,33,10,0,10,43
09/27/2016,OSH,WI,AGL,CE,Federal Contract Tower,0,3,14,0,17,0,0,8,0,8,0,3,22,0,25,24,0,24,49
09/28/2016,OSH,WI,AGL,CE,Federal Contract Tower,0,2,11,0,13,0,0,22,0,22,0,2,33,0,35,34,0,34,69
09/29/2016,OSH,WI,AGL,CE,Federal Contract Tower,0,3,5,0,8,0,0,43,4,47,0,3,48,4,55,42,0,42,97
09/30/2016,OSH,WI,AGL,CE,Federal Contract Tower,0,3,25,0,28,0,0,0,0,0,0,3,25,0,28,0,0,0,28
10/01/2016,OSH,WI,AGL,CE,Federal Contract Tower,0,0,5,0,5,0,0,40,0,40,0,0,45,0,45,40,0,40,85
10/02/2016,OSH,WI,AGL,CE,Federal Contract Tower,0,0,11,0,11,0,0,49,0,49,0,0,60,0,60,168,0,168,228
10/03/2016,OSH,WI,AGL,CE,Federal Contract Tower,0,3,19,2,24,0,0,61,0,61,0,3,80,2,85,156,0,156,241
10/04/2016,OSH,WI,AGL,CE,Federal Contract Tower,0,4,13,0,17,0,1,49,0,50,0,5,62,0,67,108,0,108,175
10/05/2016,OSH,WI,AGL,CE,Federal Contract Tower,0,3,7,3,13,0,0,21,2,23,0,3,28,5,36,38,0,38,74
10/06/2016,OSH,WI,AGL,CE,Federal Contract Tower,0,3,6,0,9,0,0,86,0,86,0,3,92,0,95,268,0,268,363
10/07/2016,OSH,WI,AGL,CE,Federal Contract Tower,0,4,8,0,12,0,0,20,0,20,0,4,28,0,32,66,0,66,98
10/08/2016,OSH,WI,AGL,CE,Federal Contract Tower,0,2,9,0,11,0,0,74,0,74,0,2,83,0,85,210,0,210,295
10/09/2016,OSH,WI,AGL,CE,Federal Contract Tower,0,0,7,0,7,0,0,75,2,77,0,0,82,2,84,188,0,188,272
10/10/2016,OSH,WI,AGL,CE,Federal Contract Tower,0,2,11,0,13,0,0,78,0,78,0,2,89,0,91,182,0,182,273
10/11/2016,OSH,WI,AGL,CE,Federal Contract Tower,0,4,13,0,17,0,0,43,0,43,0,4,56,0,60,144,0,144,204
10/12/2016,OSH,WI,AGL,CE,Federal Contract Tower,0,5,21,0,26,0,0,14,0,14,0,5,35,0,40,30,0,30,70
10/13/2016,OSH,WI,AGL,CE,Federal Contract Tower,0,5,17,0,22,0,0,87,0,87,0,5,104,0,109,332,0,332,441
10/14/2016,OSH,WI,AGL,CE,Federal Contract Tower,0,6,15,0,21,0,0,119,0,119,0,6,134,0,140,292,0,292,432
10/15/2016,OSH,WI,AGL,CE,Federal Contract Tower,0,3,1,0,4,0,0,0,0,0,0,3,1,0,4,0,0,0,4
10/16/2016,OSH,WI,AGL,CE,Federal Contract Tower,0,2,5,8,15,0,0,44,0,44,0,2,49,8,59,100,0,100,159
10/17/2016,OSH,WI,AGL,CE,Federal Contract Tower,0,4,7,0,11,0,0,12,0,12,0,4,19,0,23,24,0,24,47
10/18/2016,OSH,WI,AGL,CE,Federal Contract Tower,0,2,5,0,7,0,1,41,0,42,0,3,46,0,49,56,0,56,105
10/19/2016,OSH,WI,AGL,CE,Federal Contract Tower,0,2,15,0,17,0,1,113,0,114,0,3,128,0,131,148,0,148,279
10/20/2016,OSH,WI,AGL,CE,Federal Contract Tower,0,3,8,0,11,0,0,45,0,45,0,3,53,0,56,98,0,98,154
10/21/2016,OSH,WI,AGL,CE,Federal Contract Tower,0,3,6,0,9,0,0,76,0,76,0,3,82,0,85,86,0,86,171
10/22/2016,OSH,WI,AGL,CE,Federal Contract Tower,0,2,3,0,5,0,0,68,6,74,0,2,71,6,79,102,2,104,183
10/23/2016,OSH,WI,AGL,CE,Federal Contract Tower,0,0,7,0,7,0,0,48,0,48,0,0,55,0,55,40,0,40,95
10/24/2016,OSH,WI,AGL,CE,Federal Contract Tower,0,6,10,0,16,0,0,59,0,59,0,6,69,0,75,88,0,88,163
10/25/2016,OSH,WI,AGL,CE,Federal Contract Tower,0,7,5,0,12,0,0,70,0,70,0,7,75,0,82,130,0,130,212
10/26/2016,OSH,WI,AGL,CE,Federal Contract Tower,0,5,5,0,10,0,0,0,0,0,0,5,5,0,10,0,0,0,10
10/27/2016,OSH,WI,AGL,CE,Federal Contract Tower,0,3,19,0,22,0,7,4,0,11,0,10,23,0,33,12,0,12,45
10/28/2016,OSH,WI,AGL,CE,Federal Contract Tower,0,10,7,0,17,0,0,9,1,10,0,10,16,1,27,2,0,2,29
10/29/2016,OSH,WI,AGL,CE,Federal Contract Tower,0,2,10,0,12,0,0,40,0,40,0,2,50,0,52,44,0,44,96
10/30/2016,OSH,WI,AGL,CE,Federal Contract Tower,0,0,17,0,17,0,0,31,0,31,0,0,48,0,48,30,0,30,78
10/31/2016,OSH,WI,AGL,CE,Federal Contract Tower,0,4,5,0,9,0,0,62,0,62,0,4,67,0,71,108,0,108,179
11/01/2016,OSH,WI,AGL,CE,Federal Contract Tower,0,5,11,0,16,0,0,58,0,58,0,5,69,0,74,166,0,166,240
11/02/2016,OSH,WI,AGL,CE,Federal Contract Tower,0,3,1,0,4,0,0,36,0,36,0,3,37,0,40,68,0,68,108
11/03/2016,OSH,WI,AGL,CE,Federal Contract Tower,0,4,29,0,33,0,0,83,0,83,0,4,112,0,116,178,0,178,294
11/04/2016,OSH,WI,AGL,CE,Federal Contract Tower,0,8,11,0,19,0,1,67,0,68,0,9,78,0,87,72,0,72,159
11/05/2016,OSH,WI,AGL,CE,Federal Contract Tower,0,4,8,1,13,0,0,60,5,65,0,4,68,6,78,30,0,30,108
11/06/2016,OSH,WI,AGL,CE,Federal Contract Tower,0,0,5,0,5,0,0,37,0,37,0,0,42,0,42,62,0,62,104
11/07/2016,OSH,WI,AGL,CE,Federal Contract Tower,0,2,16,0,18,0,0,45,0,45,0,2,61,0,63,142,0,142,205
11/08/2016,OSH,WI,AGL,CE,Federal Contract Tower,0,3,20,0,23,0,0,22,0,22,0,3,42,0,45,38,0,38,83
11/09/2016,OSH,WI,AGL,CE,Federal Contract Tower,0,3,18,0,21,0,0,111,0,111,0,3,129,0,132,170,0,170,302
11/10/2016,OSH,WI,AGL,CE,Federal Contract Tower,0,4,22,0,26,0,0,46,2,48,0,4,68,2,74,38,4,42,116
11/11/2016,OSH,WI,AGL,CE,Federal Contract Tower,0,3,20,0,23,0,0,104,2,106,0,3,124,2,129,120,6,126,255
11/12/2016,OSH,WI,AGL,CE,Federal Contract Tower,0,3,5,0,8,0,0,52,0,52,0,3,57,0,60,34,0,34,94
11/13/2016,OSH,WI,AGL,CE,Federal Contract Tower,0,0,11,0,11,0,0,24,0,24,0,0,35,0,35,28,0,28,63
11/14/2016,OSH,WI,AGL,CE,Federal Contract Tower,0,2,11,0,13,0,0,70,0,70,0,2,81,0,83,150,0,150,233
11/15/2016,OSH,WI,AGL,CE,Federal Contract Tower,0,4,29,0,33,0,0,13,0,13,0,4,42,0,46,0,0,0,46
11/16/2016,OSH,WI,AGL,CE,Federal Contract Tower,0,9,15,6,30,0,0,75,0,75,0,9,90,6,105,173,0,173,278
11/17/2016,OSH,WI,AGL,CE,Federal Contract Tower,0,7,11,0,18,0,0,72,0,72,0,7,83,0,90,138,0,138,228
11/18/2016,OSH,WI,AGL,CE,Federal Contract Tower,0,3,5,0,8,0,0,13,0,13,0,3,18,0,21,6,0,6,27
11/19/2016,OSH,WI,AGL,CE,Federal Contract Tower,0,3,1,0,4,0,0,0,0,0,0,3,1,0,4,0,0,0,4
11/20/2016,OSH,WI,AGL,CE,Federal Contract Tower,0,0,5,0,5,0,0,49,0,49,0,0,54,0,54,16,0,16,70
11/21/2016,OSH,WI,AGL,CE,Federal Contract Tower,0,4,9,1,14,0,0,83,0,83,0,4,92,1,97,204,0,204,301
11/22/2016,OSH,WI,AGL,CE,Federal Contract Tower,0,6,17,2,25,0,1,50,0,51,0,7,67,2,76,120,0,120,196
11/23/2016,OSH,WI,AGL,CE,Federal Contract Tower,0,6,9,0,15,0,0,0,0,0,0,6,9,0,15,0,0,0,15
11/24/2016,OSH,WI,AGL,CE,Federal Contract Tower,0,0,4,0,4,0,0,2,0,2,0,0,6,0,6,6,0,6,12
11/25/2016,OSH,WI,AGL,CE,Federal Contract Tower,0,4,8,0,12,0,1,2,0,3,0,5,10,0,15,8,0,8,23
11/26/2016,OSH,WI,AGL,CE,Federal Contract Tower,0,3,5,0,8,0,0,21,0,21,0,3,26,0,29,24,0,24,53
11/27/2016,OSH,WI,AGL,CE,Federal Contract Tower,0,0,9,0,9,0,0,23,0,23,0,0,32,0,32,42,0,42,74
11/28/2016,OSH,WI,AGL,CE,Federal Contract Tower,0,3,13,0,16,0,0,0,0,0,0,3,13,0,16,0,0,0,16
11/29/2016,OSH,WI,AGL,CE,Federal Contract Tower,0,5,9,0,14,0,0,22,0,22,0,5,31,0,36,34,0,34,70
11/30/2016,OSH,WI,AGL,CE,Federal Contract Tower,0,3,8,0,11,0,0,20,0,20,0,3,28,0,31,40,0,40,71
12/01/2016,OSH,WI,AGL,CE,Federal Contract Tower,0,6,12,0,18,0,0,4,0,4,0,6,16,0,22,0,0,0,22
12/02/2016,OSH,WI,AGL,CE,Federal Contract Tower,0,8,17,0,25,0,0,20,2,22,0,8,37,2,47,48,0,48,95
12/03/2016,OSH,WI,AGL,CE,Federal Contract Tower,0,5,1,0,6,0,0,12,2,14,0,5,13,2,20,20,0,20,40
12/04/2016,OSH,WI,AGL,CE,Federal Contract Tower,0,0,1,0,1,0,0,0,0,0,0,0,1,0,1,0,0,0,1
12/05/2016,OSH,WI,AGL,CE,Federal Contract Tower,0,3,11,0,14,0,0,2,0,2,0,3,13,0,16,0,0,0,16
12/06/2016,OSH,WI,AGL,CE,Federal Contract Tower,0,12,3,0,15,0,0,2,0,2,0,12,5,0,17,4,0,4,21
12/07/2016,OSH,WI,AGL,CE,Federal Contract Tower,0,7,27,0,34,0,5,32,0,37,0,12,59,0,71,88,0,88,159
12/08/2016,OSH,WI,AGL,CE,Federal Contract Tower,0,6,13,0,19,0,3,9,0,12,0,9,22,0,31,22,0,22,53
12/09/2016,OSH,WI,AGL,CE,Federal Contract Tower,0,7,12,0,19,0,0,64,0,64,0,7,76,0,83,142,0,142,225
12/10/2016,OSH,WI,AGL,CE,Federal Contract Tower,0,3,8,0,11,0,0,40,0,40,0,3,48,0,51,88,0,88,139
12/11/2016,OSH,WI,AGL,CE,Federal Contract Tower,0,0,5,0,5,0,0,0,0,0,0,0,5,0,5,0,0,0,5
12/12/2016,OSH,WI,AGL,CE,Federal Contract Tower,0,2,7,0,9,0,0,4,0,4,0,2,11,0,13,8,0,8,21
12/13/2016,OSH,WI,AGL,CE,Federal Contract Tower,0,4,8,0,12,0,0,50,0,50,0,4,58,0,62,68,0,68,130
12/14/2016,OSH,WI,AGL,CE,Federal Contract Tower,0,7,6,2,15,0,0,16,2,18,0,7,22,4,33,22,0,22,55
12/15/2016,OSH,WI,AGL,CE,Federal Contract Tower,0,5,9,0,14,0,0,38,2,40,0,5,47,2,54,34,0,34,88
12/16/2016,OSH,WI,AGL,CE,Federal Contract Tower,0,8,3,0,11,0,0,0,0,0,0,8,3,0,11,0,0,0,11
12/17/2016,OSH,WI,AGL,CE,Federal Contract Tower,0,4,0,0,4,0,0,0,0,0,0,4,0,0,4,0,0,0,4
12/18/2016,OSH,WI,AGL,CE,Federal Contract Tower,0,3,3,0,6,0,0,0,0,0,0,3,3,0,6,0,0,0,6
12/19/2016,OSH,WI,AGL,CE,Federal Contract Tower,0,3,4,0,7,0,0,16,0,16,0,3,20,0,23,48,0,48,71
12/20/2016,OSH,WI,AGL,CE,Federal Contract Tower,0,11,8,0,19,0,0,21,0,21,0,11,29,0,40,16,0,16,56
12/21/2016,OSH,WI,AGL,CE,Federal Contract Tower,0,8,11,0,19,0,1,43,0,44,0,9,54,0,63,34,0,34,97
12/22/2016,OSH,WI,AGL,CE,Federal Contract Tower,0,5,4,0,9,0,0,73,4,77,0,5,77,4,86,68,6,74,160
12/23/2016,OSH,WI,AGL,CE,Federal Contract Tower,0,7,5,0,12,0,1,10,0,11,0,8,15,0,23,4,0,4,27
12/24/2016,OSH,WI,AGL,CE,Federal Contract Tower,0,4,1,0,5,0,0,2,0,2,0,4,3,0,7,0,0,0,7
12/25/2016,OSH,WI,AGL,CE,Federal Contract Tower,0,0,0,0,0,0,0,0,0,0,0,0,0,0,0,0,0,0,0
12/26/2016,OSH,WI,AGL,CE,Federal Contract Tower,0,0,3,0,3,0,0,12,0,12,0,0,15,0,15,4,0,4,19
12/27/2016,OSH,WI,AGL,CE,Federal Contract Tower,0,3,31,0,34,0,0,6,0,6,0,3,37,0,40,14,0,14,54
12/28/2016,OSH,WI,AGL,CE,Federal Contract Tower,0,9,1,2,12,0,0,33,0,33,0,9,34,2,45,10,0,10,55
12/29/2016,OSH,WI,AGL,CE,Federal Contract Tower,0,5,2,0,7,0,0,10,0,10,0,5,12,0,17,12,0,12,29
12/30/2016,OSH,WI,AGL,CE,Federal Contract Tower,0,4,1,0,5,0,0,34,0,34,0,4,35,0,39,58,0,58,97
12/31/2016,OSH,WI,AGL,CE,Federal Contract Tower,0,2,3,0,5,0,0,6,0,6,0,2,9,0,11,36,0,36,47
01/01/2017,OSH,WI,AGL,CE,Federal Contract Tower,0,2,7,0,9,0,0,45,0,45,0,2,52,0,54,46,0,46,100
01/02/2017,OSH,WI,AGL,CE,Federal Contract Tower,0,0,0,0,0,0,0,6,0,6,0,0,6,0,6,22,0,22,28
01/03/2017,OSH,WI,AGL,CE,Federal Contract Tower,0,3,8,0,11,0,0,0,0,0,0,3,8,0,11,0,0,0,11
01/04/2017,OSH,WI,AGL,CE,Federal Contract Tower,0,7,5,0,12,0,0,6,2,8,0,7,11,2,20,4,0,4,24
01/05/2017,OSH,WI,AGL,CE,Federal Contract Tower,0,5,7,0,12,0,0,7,4,11,0,5,14,4,23,6,0,6,29
01/06/2017,OSH,WI,AGL,CE,Federal Contract Tower,0,3,4,0,7,0,0,25,0,25,0,3,29,0,32,6,0,6,38
01/07/2017,OSH,WI,AGL,CE,Federal Contract Tower,0,2,7,0,9,0,0,16,0,16,0,2,23,0,25,22,0,22,47
01/08/2017,OSH,WI,AGL,CE,Federal Contract Tower,0,0,3,0,3,0,0,18,0,18,0,0,21,0,21,12,0,12,33
01/09/2017,OSH,WI,AGL,CE,Federal Contract Tower,0,0,5,0,5,0,0,10,0,10,0,0,15,0,15,4,0,4,19
01/10/2017,OSH,WI,AGL,CE,Federal Contract Tower,0,5,1,0,6,0,0,0,0,0,0,5,1,0,6,0,0,0,6
01/11/2017,OSH,WI,AGL,CE,Federal Contract Tower,0,7,1,0,8,0,0,24,0,24,0,7,25,0,32,44,0,44,76
01/12/2017,OSH,WI,AGL,CE,Federal Contract Tower,0,6,8,0,14,0,0,36,0,36,0,6,44,0,50,26,0,26,76
01/13/2017,OSH,WI,AGL,CE,Federal Contract Tower,0,7,4,0,11,0,2,41,0,43,0,9,45,0,54,84,0,84,138
01/14/2017,OSH,WI,AGL,CE,Federal Contract Tower,0,3,4,0,7,0,0,20,0,20,0,3,24,0,27,46,0,46,73
01/15/2017,OSH,WI,AGL,CE,Federal Contract Tower,0,1,4,0,5,0,0,31,0,31,0,1,35,0,36,64,0,64,100
01/16/2017,OSH,WI,AGL,CE,Federal Contract Tower,0,4,6,0,10,0,0,0,0,0,0,4,6,0,10,0,0,0,10
01/17/2017,OSH,WI,AGL,CE,Federal Contract Tower,0,9,6,0,15,0,0,0,0,0,0,9,6,0,15,0,0,0,15
01/18/2017,OSH,WI,AGL,CE,Federal Contract Tower,0,3,26,0,29,0,0,19,3,22,0,3,45,3,51,26,4,30,81
01/19/2017,OSH,WI,AGL,CE,Federal Contract Tower,0,4,15,0,19,0,0,0,0,0,0,4,15,0,19,0,0,0,19
01/20/2017,OSH,WI,AGL,CE,Federal Contract Tower,0,7,12,0,19,0,0,0,0,0,0,7,12,0,19,0,0,0,19
01/21/2017,OSH,WI,AGL,CE,Federal Contract Tower,0,2,1,0,3,0,0,0,0,0,0,2,1,0,3,0,0,0,3
01/22/2017,OSH,WI,AGL,CE,Federal Contract Tower,0,1,2,0,3,0,0,0,0,0,0,1,2,0,3,0,0,0,3
01/23/2017,OSH,WI,AGL,CE,Federal Contract Tower,0,2,17,0,19,0,0,5,0,5,0,2,22,0,24,8,0,8,32
01/24/2017,OSH,WI,AGL,CE,Federal Contract Tower,0,8,5,0,13,0,0,1,0,1,0,8,6,0,14,0,0,0,14
01/25/2017,OSH,WI,AGL,CE,Federal Contract Tower,0,4,5,0,9,0,0,0,0,0,0,4,5,0,9,0,0,0,9
01/26/2017,OSH,WI,AGL,CE,Federal Contract Tower,0,3,8,0,11,0,0,50,0,50,0,3,58,0,61,62,0,62,123
01/27/2017,OSH,WI,AGL,CE,Federal Contract Tower,0,3,9,0,12,0,0,33,0,33,0,3,42,0,45,72,0,72,117
01/28/2017,OSH,WI,AGL,CE,Federal Contract Tower,0,3,3,0,6,0,0,33,0,33,0,3,36,0,39,66,0,66,105
01/29/2017,OSH,WI,AGL,CE,Federal Contract Tower,0,0,2,0,2,0,0,19,0,19,0,0,21,0,21,34,0,34,55
01/30/2017,OSH,WI,AGL,CE,Federal Contract Tower,0,3,6,0,9,0,0,51,0,51,0,3,57,0,60,80,0,80,140
01/31/2017,OSH,WI,AGL,CE,Federal Contract Tower,0,4,5,0,9,0,0,3,0,3,0,4,8,0,12,10,0,10,22
02/01/2017,OSH,WI,AGL,CE,Federal Contract Tower,0,3,6,0,9,0,0,46,0,46,0,3,52,0,55,70,0,70,125
02/02/2017,OSH,WI,AGL,CE,Federal Contract Tower,0,3,7,0,10,0,2,56,0,58,0,5,63,0,68,116,0,116,184
02/03/2017,OSH,WI,AGL,CE,Federal Contract Tower,0,3,15,0,18,0,0,40,0,40,0,3,55,0,58,64,0,64,122
02/04/2017,OSH,WI,AGL,CE,Federal Contract Tower,0,2,2,0,4,0,0,20,0,20,0,2,22,0,24,34,0,34,58
02/05/2017,OSH,WI,AGL,CE,Federal Contract Tower,0,1,5,0,6,0,1,32,1,34,0,2,37,1,40,24,0,24,64
02/06/2017,OSH,WI,AGL,CE,Federal Contract Tower,0,2,8,0,10,0,0,48,0,48,0,2,56,0,58,66,0,66,124
02/07/2017,OSH,WI,AGL,CE,Federal Contract Tower,0,3,6,0,9,0,0,0,0,0,0,3,6,0,9,0,0,0,9
02/08/2017,OSH,WI,AGL,CE,Federal Contract Tower,0,3,13,0,16,0,1,37,0,38,0,4,50,0,54,44,0,44,98
02/09/2017,OSH,WI,AGL,CE,Federal Contract Tower,0,3,6,0,9,0,0,67,0,67,0,3,73,0,76,114,0,114,190
02/10/2017,OSH,WI,AGL,CE,Federal Contract Tower,0,5,14,0,19,0,0,40,0,40,0,5,54,0,59,64,0,64,123
02/11/2017,OSH,WI,AGL,CE,Federal Contract Tower,0,2,8,0,10,0,0,29,0,29,0,2,37,0,39,2,0,2,41
02/12/2017,OSH,WI,AGL,CE,Federal Contract Tower,0,1,4,0,5,0,2,3,0,5,0,3,7,0,10,8,0,8,18
02/13/2017,OSH,WI,AGL,CE,Federal Contract Tower,0,5,7,0,12,0,0,50,0,50,0,5,57,0,62,72,0,72,134
02/14/2017,OSH,WI,AGL,CE,Federal Contract Tower,0,4,7,2,13,0,0,25,2,27,0,4,32,4,40,32,2,34,74
02/15/2017,OSH,WI,AGL,CE,Federal Contract Tower,0,3,2,0,5,0,0,38,0,38,0,3,40,0,43,60,0,60,103
02/16/2017,OSH,WI,AGL,CE,Federal Contract Tower,0,5,11,0,16,0,0,39,2,41,0,5,50,2,57,80,0,80,137
02/17/2017,OSH,WI,AGL,CE,Federal Contract Tower,0,3,14,0,17,0,0,81,0,81,0,3,95,0,98,100,0,100,198
02/18/2017,OSH,WI,AGL,CE,Federal Contract Tower,0,5,2,0,7,0,0,105,0,105,0,5,107,0,112,68,0,68,180
02/19/2017,OSH,WI,AGL,CE,Federal Contract Tower,0,0,4,0,4,0,0,88,0,88,0,0,92,0,92,72,0,72,164
02/20/2017,OSH,WI,AGL,CE,Federal Contract Tower,0,2,1,0,3,0,0,23,0,23,0,2,24,0,26,30,0,30,56
02/21/2017,OSH,WI,AGL,CE,Federal Contract Tower,0,5,14,0,19,0,1,60,0,61,0,6,74,0,80,80,0,80,160
02/22/2017,OSH,WI,AGL,CE,Federal Contract Tower,0,6,6,0,12,0,2,73,0,75,0,8,79,0,87,44,0,44,131
02/23/2017,OSH,WI,AGL,CE,Federal Contract Tower,0,4,7,0,11,0,0,27,0,27,0,4,34,0,38,46,0,46,84
02/24/2017,OSH,WI,AGL,CE,Federal Contract Tower,0,2,4,0,6,0,0,0,0,0,0,2,4,0,6,0,0,0,6
02/25/2017,OSH,WI,AGL,CE,Federal Contract Tower,0,1,0,0,1,0,0,0,0,0,0,1,0,0,1,0,0,0,1
02/26/2017,OSH,WI,AGL,CE,Federal Contract Tower,0,0,2,0,2,0,0,25,0,25,0,0,27,0,27,72,0,72,99
02/27/2017,OSH,WI,AGL,CE,Federal Contract Tower,0,2,9,0,11,0,0,53,0,53,0,2,62,0,64,52,0,52,116
02/28/2017,OSH,WI,AGL,CE,Federal Contract Tower,0,3,14,0,17,0,0,0,0,0,0,3,14,0,17,0,0,0,17
03/01/2017,OSH,WI,AGL,CE,Federal Contract Tower,0,9,9,0,18,0,0,4,0,4,0,9,13,0,22,0,0,0,22
03/02/2017,OSH,WI,AGL,CE,Federal Contract Tower,0,5,23,0,28,0,6,43,0,49,0,11,66,0,77,58,0,58,135
03/03/2017,OSH,WI,AGL,CE,Federal Contract Tower,0,5,8,0,13,0,0,54,0,54,0,5,62,0,67,57,0,57,124
03/04/2017,OSH,WI,AGL,CE,Federal Contract Tower,0,2,7,0,9,0,0,29,2,31,0,2,36,2,40,10,0,10,50
03/05/2017,OSH,WI,AGL,CE,Federal Contract Tower,0,0,11,0,11,0,0,18,0,18,0,0,29,0,29,12,0,12,41
03/06/2017,OSH,WI,AGL,CE,Federal Contract Tower,0,4,10,0,14,0,0,4,0,4,0,4,14,0,18,8,0,8,26
03/07/2017,OSH,WI,AGL,CE,Federal Contract Tower,0,3,3,0,6,0,0,1,0,1,0,3,4,0,7,0,0,0,7
03/08/2017,OSH,WI,AGL,CE,Federal Contract Tower,0,4,7,0,11,0,0,2,0,2,0,4,9,0,13,0,0,0,13
03/09/2017,OSH,WI,AGL,CE,Federal Contract Tower,0,3,6,0,9,0,0,98,0,98,0,3,104,0,107,80,0,80,187
03/10/2017,OSH,WI,AGL,CE,Federal Contract Tower,0,4,10,0,14,0,1,53,0,54,0,5,63,0,68,88,0,88,156
03/11/2017,OSH,WI,AGL,CE,Federal Contract Tower,0,2,6,0,8,0,0,29,0,29,0,2,35,0,37,28,0,28,65
03/12/2017,OSH,WI,AGL,CE,Federal Contract Tower,0,0,2,0,2,0,0,28,0,28,0,0,30,0,30,64,0,64,94
03/13/2017,OSH,WI,AGL,CE,Federal Contract Tower,0,0,3,0,3,0,0,0,0,0,0,0,3,0,3,0,0,0,3
03/14/2017,OSH,WI,AGL,CE,Federal Contract Tower,0,5,4,0,9,0,0,77,0,77,0,5,81,0,86,78,0,78,164
03/15/2017,OSH,WI,AGL,CE,Federal Contract Tower,0,4,10,0,14,0,0,80,2,82,0,4,90,2,96,16,0,16,112
03/16/2017,OSH,WI,AGL,CE,Federal Contract Tower,0,5,7,0,12,0,0,101,0,101,0,5,108,0,113,94,0,94,207
03/17/2017,OSH,WI,AGL,CE,Federal Contract Tower,0,6,7,0,13,0,0,1,0,1,0,6,8,0,14,0,0,0,14
03/18/2017,OSH,WI,AGL,CE,Federal Contract Tower,0,2,4,0,6,0,0,6,0,6,0,2,10,0,12,0,0,0,12
03/20/2017,OSH,WI,AGL,CE,Federal Contract Tower,0,3,11,0,14,0,0,49,0,49,0,3,60,0,63,68,0,68,131
03/21/2017,OSH,WI,AGL,CE,Federal Contract Tower,0,4,9,0,13,0,0,41,2,43,0,4,50,2,56,68,0,68,124
03/22/2017,OSH,WI,AGL,CE,Federal Contract Tower,0,3,7,0,10,0,1,57,2,60,0,4,64,2,70,50,0,50,120
03/23/2017,OSH,WI,AGL,CE,Federal Contract Tower,0,5,13,0,18,0,1,37,0,38,0,6,50,0,56,18,0,18,74
03/24/2017,OSH,WI,AGL,CE,Federal Contract Tower,0,7,6,0,13,0,0,10,0,10,0,7,16,0,23,4,0,4,27
03/25/2017,OSH,WI,AGL,CE,Federal Contract Tower,0,3,3,0,6,0,0,0,0,0,0,3,3,0,6,0,0,0,6
03/26/2017,OSH,WI,AGL,CE,Federal Contract Tower,0,0,6,0,6,0,0,0,0,0,0,0,6,0,6,0,0,0,6
03/27/2017,OSH,WI,AGL,CE,Federal Contract Tower,0,3,6,0,9,0,0,4,0,4,0,3,10,0,13,16,0,16,29
03/28/2017,OSH,WI,AGL,CE,Federal Contract Tower,0,4,10,0,14,0,0,76,0,76,0,4,86,0,90,56,0,56,146
03/29/2017,OSH,WI,AGL,CE,Federal Contract Tower,0,5,9,0,14,0,0,51,0,51,0,5,60,0,65,30,0,30,95
03/30/2017,OSH,WI,AGL,CE,Federal Contract Tower,0,3,5,0,8,0,0,0,0,0,0,3,5,0,8,0,0,0,8
03/31/2017,OSH,WI,AGL,CE,Federal Contract Tower,0,4,10,0,14,0,0,16,0,16,0,4,26,0,30,28,0,28,58
04/01/2017,OSH,WI,AGL,CE,Federal Contract Tower,0,4,2,0,6,0,0,92,0,92,0,4,94,0,98,12,0,12,110
04/02/2017,OSH,WI,AGL,CE,Federal Contract Tower,0,0,3,0,3,0,0,23,0,23,0,0,26,0,26,20,0,20,46
04/03/2017,OSH,WI,AGL,CE,Federal Contract Tower,0,4,24,0,28,0,0,8,0,8,0,4,32,0,36,2,0,2,38
04/04/2017,OSH,WI,AGL,CE,Federal Contract Tower,0,6,11,0,17,0,0,16,0,16,0,6,27,0,33,34,0,34,67
04/05/2017,OSH,WI,AGL,CE,Federal Contract Tower,0,7,5,0,12,0,0,62,0,62,0,7,67,0,74,68,0,68,142
04/06/2017,OSH,WI,AGL,CE,Federal Contract Tower,0,7,6,0,13,0,0,31,0,31,0,7,37,0,44,36,0,36,80
04/07/2017,OSH,WI,AGL,CE,Federal Contract Tower,0,6,14,0,20,0,0,72,0,72,0,6,86,0,92,90,0,90,182
04/08/2017,OSH,WI,AGL,CE,Federal Contract Tower,0,5,1,0,6,0,1,219,4,224,0,6,220,4,230,28,0,28,258
04/09/2017,OSH,WI,AGL,CE,Federal Contract Tower,0,1,5,0,6,0,0,30,0,30,0,1,35,0,36,76,0,76,112
04/10/2017,OSH,WI,AGL,CE,Federal Contract Tower,0,4,7,0,11,0,0,3,0,3,0,4,10,0,14,6,0,6,20
04/11/2017,OSH,WI,AGL,CE,Federal Contract Tower,0,3,9,0,12,0,0,6,0,6,0,3,15,0,18,2,0,2,20
04/12/2017,OSH,WI,AGL,CE,Federal Contract Tower,0,5,8,0,13,0,0,85,0,85,0,5,93,0,98,82,0,82,180
04/13/2017,OSH,WI,AGL,CE,Federal Contract Tower,0,7,3,0,10,0,0,18,0,18,0,7,21,0,28,36,0,36,64
04/14/2017,OSH,WI,AGL,CE,Federal Contract Tower,0,5,11,0,16,0,0,45,0,45,0,5,56,0,61,102,0,102,163
04/15/2017,OSH,WI,AGL,CE,Federal Contract Tower,0,2,8,0,10,0,0,14,0,14,0,2,22,0,24,14,0,14,38
04/16/2017,OSH,WI,AGL,CE,Federal Contract Tower,0,0,1,0,1,0,0,16,0,16,0,0,17,0,17,32,0,32,49
04/17/2017,OSH,WI,AGL,CE,Federal Contract Tower,0,3,11,0,14,0,0,72,0,72,0,3,83,0,86,82,0,82,168
04/18/2017,OSH,WI,AGL,CE,Federal Contract Tower,0,3,11,0,14,0,0,35,0,35,0,3,46,0,49,44,0,44,93
04/19/2017,OSH,WI,AGL,CE,Federal Contract Tower,0,4,13,0,17,0,0,25,0,25,0,4,38,0,42,46,0,46,88
04/20/2017,OSH,WI,AGL,CE,Federal Contract Tower,0,4,23,0,27,0,0,0,0,0,0,4,23,0,27,0,0,0,27
04/21/2017,OSH,WI,AGL,CE,Federal Contract Tower,0,5,17,0,22,0,0,70,0,70,0,5,87,0,92,88,0,88,180
04/22/2017,OSH,WI,AGL,CE,Federal Contract Tower,0,3,8,0,11,0,0,77,2,79,0,3,85,2,90,62,2,64,154
04/23/2017,OSH,WI,AGL,CE,Federal Contract Tower,0,1,4,2,7,0,0,27,0,27,0,1,31,2,34,6,0,6,40
04/24/2017,OSH,WI,AGL,CE,Federal Contract Tower,0,3,11,0,14,0,0,69,0,69,0,3,80,0,83,120,0,120,203
04/25/2017,OSH,WI,AGL,CE,Federal Contract Tower,0,7,11,0,18,0,0,71,0,71,0,7,82,0,89,42,0,42,131
04/26/2017,OSH,WI,AGL,CE,Federal Contract Tower,0,9,16,0,25,0,0,9,0,9,0,9,25,0,34,28,0,28,62
04/27/2017,OSH,WI,AGL,CE,Federal Contract Tower,0,9,5,0,14,0,0,1,0,1,0,9,6,0,15,0,0,0,15
04/28/2017,OSH,WI,AGL,CE,Federal Contract Tower,0,6,13,0,19,0,0,54,0,54,0,6,67,0,73,116,0,116,189
04/29/2017,OSH,WI,AGL,CE,Federal Contract Tower,0,3,3,0,6,0,0,56,0,56,0,3,59,0,62,72,0,72,134
04/30/2017,OSH,WI,AGL,CE,Federal Contract Tower,0,2,0,0,2,0,0,0,0,0,0,2,0,0,2,1,0,1,3
05/01/2017,OSH,WI,AGL,CE,Federal Contract Tower,0,3,5,0,8,0,0,5,0,5,0,3,10,0,13,10,0,10,23
05/02/2017,OSH,WI,AGL,CE,Federal Contract Tower,0,12,15,0,27,0,0,6,0,6,0,12,21,0,33,22,0,22,55
05/03/2017,OSH,WI,AGL,CE,Federal Contract Tower,0,10,25,0,35,0,0,75,2,77,0,10,100,2,112,152,0,152,264
05/04/2017,OSH,WI,AGL,CE,Federal Contract Tower,0,5,24,0,29,0,0,74,0,74,0,5,98,0,103,168,0,168,271
05/05/2017,OSH,WI,AGL,CE,Federal Contract Tower,0,6,10,0,16,0,0,76,2,78,0,6,86,2,94,34,0,34,128
05/06/2017,OSH,WI,AGL,CE,Federal Contract Tower,0,7,4,0,11,0,1,41,0,42,0,8,45,0,53,94,0,94,147
05/07/2017,OSH,WI,AGL,CE,Federal Contract Tower,0,0,5,0,5,0,0,54,0,54,0,0,59,0,59,78,0,78,137
05/08/2017,OSH,WI,AGL,CE,Federal Contract Tower,0,3,13,0,16,0,0,61,0,61,0,3,74,0,77,32,0,32,109
05/09/2017,OSH,WI,AGL,CE,Federal Contract Tower,0,6,8,0,14,0,0,34,0,34,0,6,42,0,48,50,0,50,98
05/10/2017,OSH,WI,AGL,CE,Federal Contract Tower,0,8,9,0,17,0,1,60,0,61,0,9,69,0,78,120,0,120,198
05/11/2017,OSH,WI,AGL,CE,Federal Contract Tower,0,10,22,4,36,0,0,64,0,64,0,10,86,4,100,108,0,108,208
05/12/2017,OSH,WI,AGL,CE,Federal Contract Tower,0,5,18,0,23,0,0,52,0,52,0,5,70,0,75,34,0,34,109
05/13/2017,OSH,WI,AGL,CE,Federal Contract Tower,0,3,4,0,7,0,0,50,0,50,0,3,54,0,57,110,0,110,167
05/14/2017,OSH,WI,AGL,CE,Federal Contract Tower,0,0,7,0,7,0,0,32,0,32,0,0,39,0,39,60,0,60,99
05/15/2017,OSH,WI,AGL,CE,Federal Contract Tower,0,3,8,0,11,0,0,30,0,30,0,3,38,0,41,38,0,38,79
05/16/2017,OSH,WI,AGL,CE,Federal Contract Tower,0,6,14,0,20,0,0,25,0,25,0,6,39,0,45,16,0,16,61
05/17/2017,OSH,WI,AGL,CE,Federal Contract Tower,0,9,6,0,15,0,0,22,0,22,0,9,28,0,37,34,0,34,71
05/18/2017,OSH,WI,AGL,CE,Federal Contract Tower,0,7,11,0,18,0,0,9,0,9,0,7,20,0,27,4,0,4,31
05/19/2017,OSH,WI,AGL,CE,Federal Contract Tower,0,5,13,0,18,0,0,42,0,42,0,5,55,0,60,32,0,32,92
05/20/2017,OSH,WI,AGL,CE,Federal Contract Tower,0,4,1,0,5,0,0,3,0,3,0,4,4,0,8,0,0,0,8
05/21/2017,OSH,WI,AGL,CE,Federal Contract Tower,0,0,7,0,7,0,0,19,0,19,0,0,26,0,26,20,0,20,46
05/22/2017,OSH,WI,AGL,CE,Federal Contract Tower,0,2,14,0,16,0,0,35,0,35,0,2,49,0,51,18,0,18,69
05/23/2017,OSH,WI,AGL,CE,Federal Contract Tower,0,6,9,0,15,0,0,1,0,1,0,6,10,0,16,0,0,0,16
05/24/2017,OSH,WI,AGL,CE,Federal Contract Tower,0,8,16,0,24,0,0,2,0,2,0,8,18,0,26,0,0,0,26
05/25/2017,OSH,WI,AGL,CE,Federal Contract Tower,0,6,21,0,27,0,0,60,0,60,0,6,81,0,87,65,0,65,152
05/26/2017,OSH,WI,AGL,CE,Federal Contract Tower,0,4,8,0,12,0,1,51,0,52,0,5,59,0,64,28,0,28,92
05/27/2017,OSH,WI,AGL,CE,Federal Contract Tower,0,5,2,0,7,0,0,57,0,57,0,5,59,0,64,120,0,120,184
05/28/2017,OSH,WI,AGL,CE,Federal Contract Tower,0,0,6,0,6,0,0,18,0,18,0,0,24,0,24,104,0,104,128
05/29/2017,OSH,WI,AGL,CE,Federal Contract Tower,0,2,4,0,6,0,0,9,0,9,0,2,13,0,15,24,0,24,39
05/30/2017,OSH,WI,AGL,CE,Federal Contract Tower,0,9,7,0,16,0,0,26,0,26,0,9,33,0,42,28,0,28,70
05/31/2017,OSH,WI,AGL,CE,Federal Contract Tower,0,8,6,0,14,0,1,31,0,32,0,9,37,0,46,60,0,60,106
06/01/2017,OSH,WI,AGL,CE,Federal Contract Tower,0,4,16,0,20,0,1,97,0,98,0,5,113,0,118,96,0,96,214
06/02/2017,OSH,WI,AGL,CE,Federal Contract Tower,0,5,8,0,13,0,0,67,0,67,0,5,75,0,80,108,0,108,188
06/03/2017,OSH,WI,AGL,CE,Federal Contract Tower,0,6,1,1,8,0,0,19,0,19,0,6,20,1,27,56,0,56,83
06/04/2017,OSH,WI,AGL,CE,Federal Contract Tower,0,0,3,0,3,0,0,57,2,59,0,0,60,2,62,102,0,102,164
06/05/2017,OSH,WI,AGL,CE,Federal Contract Tower,0,3,13,0,16,0,0,26,4,30,0,3,39,4,46,76,2,78,124
06/06/2017,OSH,WI,AGL,CE,Federal Contract Tower,0,9,12,0,21,0,0,58,0,58,0,9,70,0,79,98,0,98,177
06/07/2017,OSH,WI,AGL,CE,Federal Contract Tower,0,8,8,0,16,0,1,90,0,91,0,9,98,0,107,72,0,72,179
06/08/2017,OSH,WI,AGL,CE,Federal Contract Tower,0,10,12,0,22,0,0,48,0,48,0,10,60,0,70,96,0,96,166
06/09/2017,OSH,WI,AGL,CE,Federal Contract Tower,0,7,20,0,27,0,0,113,0,113,0,7,133,0,140,188,0,188,328
06/10/2017,OSH,WI,AGL,CE,Federal Contract Tower,0,3,14,0,17,0,0,53,0,53,0,3,67,0,70,56,0,56,126
06/11/2017,OSH,WI,AGL,CE,Federal Contract Tower,0,1,2,0,3,0,0,44,0,44,0,1,46,0,47,86,0,86,133
06/12/2017,OSH,WI,AGL,CE,Federal Contract Tower,0,2,10,0,12,0,0,54,0,54,0,2,64,0,66,98,0,98,164
06/13/2017,OSH,WI,AGL,CE,Federal Contract Tower,0,6,3,0,9,0,0,45,0,45,0,6,48,0,54,118,0,118,172
06/14/2017,OSH,WI,AGL,CE,Federal Contract Tower,0,8,7,0,15,0,1,64,0,65,0,9,71,0,80,142,0,142,222
06/15/2017,OSH,WI,AGL,CE,Federal Contract Tower,0,10,18,0,28,0,0,139,0,139,0,10,157,0,167,204,0,204,371
06/16/2017,OSH,WI,AGL,CE,Federal Contract Tower,0,9,12,0,21,0,0,90,0,90,0,9,102,0,111,166,0,166,277
06/17/2017,OSH,WI,AGL,CE,Federal Contract Tower,0,4,9,0,13,0,1,53,0,54,0,5,62,0,67,266,0,266,333
06/18/2017,OSH,WI,AGL,CE,Federal Contract Tower,0,3,9,0,12,0,0,43,0,43,0,3,52,0,55,62,0,62,117
06/19/2017,OSH,WI,AGL,CE,Federal Contract Tower,0,4,16,3,23,0,0,53,0,53,0,4,69,3,76,120,0,120,196
06/20/2017,OSH,WI,AGL,CE,Federal Contract Tower,0,5,9,0,14,0,1,65,2,68,0,6,74,2,82,130,0,130,212
06/21/2017,OSH,WI,AGL,CE,Federal Contract Tower,0,6,13,0,19,0,1,164,0,165,0,7,177,0,184,210,0,210,394
06/22/2017,OSH,WI,AGL,CE,Federal Contract Tower,0,10,14,0,24,0,0,57,0,57,0,10,71,0,81,118,0,118,199
06/23/2017,OSH,WI,AGL,CE,Federal Contract Tower,0,10,21,0,31,0,1,87,0,88,0,11,108,0,119,180,0,180,299
06/24/2017,OSH,WI,AGL,CE,Federal Contract Tower,0,3,12,0,15,0,0,40,4,44,0,3,52,4,59,150,8,158,217
06/25/2017,OSH,WI,AGL,CE,Federal Contract Tower,0,1,4,0,5,0,0,40,0,40,0,1,44,0,45,68,0,68,113
06/26/2017,OSH,WI,AGL,CE,Federal Contract Tower,0,6,11,0,17,0,0,47,0,47,0,6,58,0,64,30,0,30,94
06/27/2017,OSH,WI,AGL,CE,Federal Contract Tower,0,6,28,0,34,0,0,183,0,183,0,6,211,0,217,182,0,182,399
06/28/2017,OSH,WI,AGL,CE,Federal Contract Tower,0,6,11,0,17,0,1,17,0,18,0,7,28,0,35,26,0,26,61
06/29/2017,OSH,WI,AGL,CE,Federal Contract Tower,0,9,20,0,29,0,1,91,0,92,0,10,111,0,121,144,0,144,265
06/30/2017,OSH,WI,AGL,CE,Federal Contract Tower,0,10,12,0,22,0,0,43,0,43,0,10,55,0,65,86,0,86,151
07/01/2017,OSH,WI,AGL,CE,Federal Contract Tower,0,6,11,0,17,0,0,50,0,50,0,6,61,0,67,72,0,72,139
07/02/2017,OSH,WI,AGL,CE,Federal Contract Tower,0,1,11,0,12,0,0,22,0,22,0,1,33,0,34,46,0,46,80
07/03/2017,OSH,WI,AGL,CE,Federal Contract Tower,0,1,6,0,7,0,2,50,0,52,0,3,56,0,59,122,0,122,181
07/04/2017,OSH,WI,AGL,CE,Federal Contract Tower,0,0,4,0,4,0,2,41,0,43,0,2,45,0,47,30,0,30,77
07/05/2017,OSH,WI,AGL,CE,Federal Contract Tower,0,6,8,0,14,0,0,43,2,45,0,6,51,2,59,72,6,78,137
07/06/2017,OSH,WI,AGL,CE,Federal Contract Tower,0,10,7,0,17,0,0,77,0,77,0,10,84,0,94,158,0,158,252
07/07/2017,OSH,WI,AGL,CE,Federal Contract Tower,0,13,12,0,25,0,1,95,0,96,0,14,107,0,121,176,0,176,297
07/08/2017,OSH,WI,AGL,CE,Federal Contract Tower,0,3,7,0,10,0,2,71,0,73,0,5,78,0,83,82,0,82,165
07/09/2017,OSH,WI,AGL,CE,Federal Contract Tower,0,0,3,0,3,0,0,35,0,35,0,0,38,0,38,56,0,56,94
07/10/2017,OSH,WI,AGL,CE,Federal Contract Tower,0,1,12,0,13,0,0,61,2,63,0,1,73,2,76,125,0,125,201
07/11/2017,OSH,WI,AGL,CE,Federal Contract Tower,0,11,17,0,28,0,1,74,0,75,0,12,91,0,103,146,0,146,249
07/12/2017,OSH,WI,AGL,CE,Federal Contract Tower,0,8,9,0,17,0,1,66,0,67,0,9,75,0,84,38,0,38,122
07/13/2017,OSH,WI,AGL,CE,Federal Contract Tower,0,12,24,0,36,0,0,65,0,65,0,12,89,0,101,144,0,144,245
07/14/2017,OSH,WI,AGL,CE,Federal Contract Tower,0,8,26,0,34,0,0,53,0,53,0,8,79,0,87,112,0,112,199
07/15/2017,OSH,WI,AGL,CE,Federal Contract Tower,0,5,13,0,18,0,2,77,0,79,0,7,90,0,97,64,0,64,161
07/16/2017,OSH,WI,AGL,CE,Federal Contract Tower,0,2,7,0,9,0,0,38,0,38,0,2,45,0,47,88,0,88,135
07/17/2017,OSH,WI,AGL,CE,Federal Contract Tower,0,5,18,0,23,0,2,116,0,118,0,7,134,0,141,144,0,144,285
07/18/2017,OSH,WI,AGL,CE,Federal Contract Tower,0,8,7,0,15,0,1,114,0,115,0,9,121,0,130,116,0,116,246
07/19/2017,OSH,WI,AGL,CE,Federal Contract Tower,0,5,30,1,36,0,1,205,0,206,0,6,235,1,242,182,0,182,424
07/20/2017,OSH,WI,AGL,CE,Federal Contract Tower,0,6,54,2,62,0,2,227,0,229,0,8,281,2,291,24,0,24,315
07/21/2017,OSH,WI,AGL,CE,Federal Contract Tower,0,0,52,0,52,0,0,607,0,607,0,0,659,0,659,0,0,0,659
07/22/2017,OSH,WI,AGL,CE,Federal Contract Tower,0,0,100,0,100,0,0,1292,0,1292,0,0,1392,0,1392,0,0,0,1392
07/23/2017,OSH,WI,AGL,CE,Federal Contract Tower,0,0,115,0,115,0,0,2160,0,2160,0,0,2275,0,2275,0,0,0,2275
07/24/2017,OSH,WI,AGL,CE,Federal Contract Tower,0,0,62,0,62,0,0,1155,0,1155,0,0,1217,0,1217,0,0,0,1217
07/25/2017,OSH,WI,AGL,CE,Federal Contract Tower,0,0,66,0,66,0,0,1723,0,1723,0,0,1789,0,1789,0,0,0,1789
07/26/2017,OSH,WI,AGL,CE,Federal Contract Tower,0,0,100,0,100,0,0,1636,0,1636,0,0,1736,0,1736,0,0,0,1736
07/27/2017,OSH,WI,AGL,CE,Federal Contract Tower,0,0,100,0,100,0,0,2281,0,2281,0,0,2381,0,2381,0,0,0,2381
07/28/2017,OSH,WI,AGL,CE,Federal Contract Tower,0,0,79,0,79,0,0,1752,0,1752,0,0,1831,0,1831,0,0,0,1831
07/29/2017,OSH,WI,AGL,CE,Federal Contract Tower,0,0,77,0,77,0,0,2096,0,2096,0,0,2173,0,2173,0,0,0,2173
07/30/2017,OSH,WI,AGL,CE,Federal Contract Tower,0,0,71,0,71,0,0,1699,0,1699,0,0,1770,0,1770,0,0,0,1770
07/31/2017,OSH,WI,AGL,CE,Federal Contract Tower,0,7,6,4,17,0,2,142,0,144,0,9,148,4,161,26,0,26,187
08/01/2017,OSH,WI,AGL,CE,Federal Contract Tower,0,12,15,0,27,0,0,172,0,172,0,12,187,0,199,80,0,80,279
08/02/2017,OSH,WI,AGL,CE,Federal Contract Tower,0,9,25,1,35,0,1,119,5,125,0,10,144,6,160,152,0,152,312
08/03/2017,OSH,WI,AGL,CE,Federal Contract Tower,0,11,28,0,39,0,0,18,0,18,0,11,46,0,57,58,0,58,115
08/04/2017,OSH,WI,AGL,CE,Federal Contract Tower,0,7,10,0,17,0,1,21,0,22,0,8,31,0,39,30,0,30,69
08/05/2017,OSH,WI,AGL,CE,Federal Contract Tower,0,3,13,0,16,0,0,78,0,78,0,3,91,0,94,42,0,42,136
08/06/2017,OSH,WI,AGL,CE,Federal Contract Tower,0,2,8,0,10,0,0,35,0,35,0,2,43,0,45,108,0,108,153
08/07/2017,OSH,WI,AGL,CE,Federal Contract Tower,0,3,16,0,19,0,0,58,2,60,0,3,74,2,79,130,10,140,219
08/08/2017,OSH,WI,AGL,CE,Federal Contract Tower,0,6,8,0,14,0,0,107,0,107,0,6,115,0,121,116,0,116,237
08/09/2017,OSH,WI,AGL,CE,Federal Contract Tower,0,9,17,0,26,0,0,66,0,66,0,9,83,0,92,94,0,94,186
08/10/2017,OSH,WI,AGL,CE,Federal Contract Tower,0,6,11,0,17,0,1,29,0,30,0,7,40,0,47,74,0,74,121
08/11/2017,OSH,WI,AGL,CE,Federal Contract Tower,0,8,14,2,24,0,0,33,0,33,0,8,47,2,57,94,0,94,151
08/12/2017,OSH,WI,AGL,CE,Federal Contract Tower,0,4,8,0,12,0,0,58,0,58,0,4,66,0,70,60,0,60,130
08/13/2017,OSH,WI,AGL,CE,Federal Contract Tower,0,0,5,0,5,0,0,79,0,79,0,0,84,0,84,138,0,138,222
08/14/2017,OSH,WI,AGL,CE,Federal Contract Tower,0,10,10,0,20,0,0,56,0,56,0,10,66,0,76,174,0,174,250
08/15/2017,OSH,WI,AGL,CE,Federal Contract Tower,0,9,19,0,28,0,0,69,0,69,0,9,88,0,97,164,0,164,261
08/16/2017,OSH,WI,AGL,CE,Federal Contract Tower,0,6,18,0,24,0,1,100,2,103,0,7,118,2,127,134,0,134,261
08/17/2017,OSH,WI,AGL,CE,Federal Contract Tower,0,7,10,0,17,0,0,18,0,18,0,7,28,0,35,12,0,12,47
08/18/2017,OSH,WI,AGL,CE,Federal Contract Tower,0,6,14,0,20,0,1,62,0,63,0,7,76,0,83,190,0,190,273
08/19/2017,OSH,WI,AGL,CE,Federal Contract Tower,0,3,10,0,13,0,0,52,0,52,0,3,62,0,65,150,0,150,215
08/20/2017,OSH,WI,AGL,CE,Federal Contract Tower,0,1,3,0,4,0,0,46,0,46,0,1,49,0,50,160,0,160,210
08/21/2017,OSH,WI,AGL,CE,Federal Contract Tower,0,5,15,3,23,0,0,51,2,53,0,5,66,5,76,116,0,116,192
08/22/2017,OSH,WI,AGL,CE,Federal Contract Tower,0,12,21,0,33,0,2,42,0,44,0,14,63,0,77,86,0,86,163
08/23/2017,OSH,WI,AGL,CE,Federal Contract Tower,0,9,11,2,22,0,4,109,0,113,0,13,120,2,135,234,0,234,369
08/24/2017,OSH,WI,AGL,CE,Federal Contract Tower,0,8,22,0,30,0,0,87,0,87,0,8,109,0,117,216,0,216,333
08/25/2017,OSH,WI,AGL,CE,Federal Contract Tower,0,10,14,4,28,0,0,105,4,109,0,10,119,8,137,198,24,222,359
08/26/2017,OSH,WI,AGL,CE,Federal Contract Tower,0,3,5,0,8,0,0,48,0,48,0,3,53,0,56,164,0,164,220
08/27/2017,OSH,WI,AGL,CE,Federal Contract Tower,0,3,7,4,14,0,0,17,0,17,0,3,24,4,31,66,0,66,97
08/28/2017,OSH,WI,AGL,CE,Federal Contract Tower,0,4,7,0,11,0,0,16,0,16,0,4,23,0,27,60,0,60,87
08/29/2017,OSH,WI,AGL,CE,Federal Contract Tower,0,5,11,0,16,0,1,73,0,74,0,6,84,0,90,144,0,144,234
08/30/2017,OSH,WI,AGL,CE,Federal Contract Tower,0,10,9,0,19,0,2,103,0,105,0,12,112,0,124,234,0,234,358
08/31/2017,OSH,WI,AGL,CE,Federal Contract Tower,0,8,21,0,29,0,0,76,0,76,0,8,97,0,105,186,0,186,291
09/01/2017,OSH,WI,AGL,CE,Federal Contract Tower,0,8,14,0,22,0,0,79,0,79,0,8,93,0,101,312,0,312,413
09/02/2017,OSH,WI,AGL,CE,Federal Contract Tower,0,5,5,0,10,0,0,20,0,20,0,5,25,0,30,30,0,30,60
09/03/2017,OSH,WI,AGL,CE,Federal Contract Tower,0,0,15,0,15,0,0,62,0,62,0,0,77,0,77,74,0,74,151
09/04/2017,OSH,WI,AGL,CE,Federal Contract Tower,0,0,7,0,7,0,0,46,0,46,0,0,53,0,53,42,0,42,95
09/05/2017,OSH,WI,AGL,CE,Federal Contract Tower,0,10,7,0,17,0,0,32,0,32,0,10,39,0,49,26,0,26,75
09/06/2017,OSH,WI,AGL,CE,Federal Contract Tower,0,6,12,0,18,0,0,55,0,55,0,6,67,0,73,196,0,196,269
09/07/2017,OSH,WI,AGL,CE,Federal Contract Tower,0,8,9,0,17,0,0,66,0,66,0,8,75,0,83,110,0,110,193
09/08/2017,OSH,WI,AGL,CE,Federal Contract Tower,0,6,13,0,19,0,1,94,0,95,0,7,107,0,114,144,0,144,258
09/09/2017,OSH,WI,AGL,CE,Federal Contract Tower,0,3,7,0,10,0,1,95,0,96,0,4,102,0,106,194,0,194,300
09/10/2017,OSH,WI,AGL,CE,Federal Contract Tower,0,1,6,0,7,0,3,83,0,86,0,4,89,0,93,98,0,98,191
09/11/2017,OSH,WI,AGL,CE,Federal Contract Tower,0,7,14,0,21,0,0,70,2,72,0,7,84,2,93,194,0,194,287
09/12/2017,OSH,WI,AGL,CE,Federal Contract Tower,0,8,15,0,23,0,0,87,2,89,0,8,102,2,112,182,0,182,294
09/13/2017,OSH,WI,AGL,CE,Federal Contract Tower,0,9,16,0,25,0,0,82,0,82,0,9,98,0,107,170,0,170,277
09/14/2017,OSH,WI,AGL,CE,Federal Contract Tower,0,9,19,0,28,0,0,56,0,56,0,9,75,0,84,138,0,138,222
09/15/2017,OSH,WI,AGL,CE,Federal Contract Tower,0,8,7,0,15,0,1,94,0,95,0,9,101,0,110,156,0,156,266
09/16/2017,OSH,WI,AGL,CE,Federal Contract Tower,0,3,8,0,11,0,0,144,0,144,0,3,152,0,155,4,0,4,159
09/17/2017,OSH,WI,AGL,CE,Federal Contract Tower,0,0,10,0,10,0,0,20,0,20,0,0,30,0,30,114,0,114,144
09/18/2017,OSH,WI,AGL,CE,Federal Contract Tower,0,4,7,0,11,0,0,37,0,37,0,4,44,0,48,114,0,114,162
09/19/2017,OSH,WI,AGL,CE,Federal Contract Tower,0,8,16,0,24,0,0,86,0,86,0,8,102,0,110,222,0,222,332
09/20/2017,OSH,WI,AGL,CE,Federal Contract Tower,0,7,10,0,17,0,0,98,0,98,0,7,108,0,115,0,0,0,115
09/21/2017,OSH,WI,AGL,CE,Federal Contract Tower,0,21,18,0,39,0,0,140,2,142,0,21,158,2,181,26,0,26,207
09/22/2017,OSH,WI,AGL,CE,Federal Contract Tower,0,8,9,0,17,0,0,290,0,290,0,8,299,0,307,28,0,28,335
09/23/2017,OSH,WI,AGL,CE,Federal Contract Tower,0,4,0,0,4,0,0,146,16,162,0,4,146,16,166,90,0,90,256
09/24/2017,OSH,WI,AGL,CE,Federal Contract Tower,0,0,3,0,3,0,2,204,0,206,0,2,207,0,209,80,0,80,289
09/25/2017,OSH,WI,AGL,CE,Federal Contract Tower,0,2,9,0,11,0,0,237,0,237,0,2,246,0,248,2,0,2,250
09/26/2017,OSH,WI,AGL,CE,Federal Contract Tower,0,8,6,0,14,0,0,215,0,215,0,8,221,0,229,4,0,4,233
09/27/2017,OSH,WI,AGL,CE,Federal Contract Tower,0,6,12,0,18,0,0,230,0,230,0,6,242,0,248,44,0,44,292
09/28/2017,OSH,WI,AGL,CE,Federal Contract Tower,0,7,12,0,19,0,1,173,0,174,0,8,185,0,193,6,0,6,199
09/29/2017,OSH,WI,AGL,CE,Federal Contract Tower,0,5,21,0,26,0,0,150,0,150,0,5,171,0,176,20,0,20,196
09/30/2017,OSH,WI,AGL,CE,Federal Contract Tower,0,4,5,0,9,0,0,127,0,127,0,4,132,0,136,138,0,138,274
10/01/2017,OSH,WI,AGL,CE,Federal Contract Tower,0,0,8,0,8,0,0,60,0,60,0,0,68,0,68,114,0,114,182
10/02/2017,OSH,WI,AGL,CE,Federal Contract Tower,0,2,11,0,13,0,0,60,0,60,0,2,71,0,73,124,0,124,197
10/03/2017,OSH,WI,AGL,CE,Federal Contract Tower,0,6,12,0,18,0,0,60,0,60,0,6,72,0,78,64,0,64,142
10/04/2017,OSH,WI,AGL,CE,Federal Contract Tower,0,7,14,0,21,0,0,86,0,86,0,7,100,0,107,169,0,169,276
10/05/2017,OSH,WI,AGL,CE,Federal Contract Tower,0,9,14,0,23,0,0,52,0,52,0,9,66,0,75,188,0,188,263
10/06/2017,OSH,WI,AGL,CE,Federal Contract Tower,0,7,17,0,24,0,0,43,0,43,0,7,60,0,67,98,0,98,165
10/07/2017,OSH,WI,AGL,CE,Federal Contract Tower,0,6,3,0,9,0,0,0,0,0,0,6,3,0,9,0,0,0,9
10/08/2017,OSH,WI,AGL,CE,Federal Contract Tower,0,1,6,0,7,0,0,91,0,91,0,1,97,0,98,184,0,184,282
10/09/2017,OSH,WI,AGL,CE,Federal Contract Tower,0,3,12,0,15,0,0,62,0,62,0,3,74,0,77,132,0,132,209
10/10/2017,OSH,WI,AGL,CE,Federal Contract Tower,0,6,14,0,20,0,0,76,0,76,0,6,90,0,96,172,0,172,268
10/11/2017,OSH,WI,AGL,CE,Federal Contract Tower,0,6,10,0,16,0,0,23,0,23,0,6,33,0,39,70,0,70,109
10/12/2017,OSH,WI,AGL,CE,Federal Contract Tower,0,6,14,0,20,0,0,7,0,7,0,6,21,0,27,16,0,16,43
10/13/2017,OSH,WI,AGL,CE,Federal Contract Tower,0,6,16,0,22,0,0,25,0,25,0,6,41,0,47,64,0,64,111
10/15/2017,OSH,WI,AGL,CE,Federal Contract Tower,0,2,13,0,15,0,0,23,0,23,0,2,36,0,38,44,0,44,82
10/16/2017,OSH,WI,AGL,CE,Federal Contract Tower,0,5,17,0,22,0,0,80,0,80,0,5,97,0,102,122,0,122,224
10/17/2017,OSH,WI,AGL,CE,Federal Contract Tower,0,8,12,0,20,0,0,113,0,113,0,8,125,0,133,148,0,148,281
10/18/2017,OSH,WI,AGL,CE,Federal Contract Tower,0,9,21,0,30,0,0,74,0,74,0,9,95,0,104,88,0,88,192
10/19/2017,OSH,WI,AGL,CE,Federal Contract Tower,0,7,18,0,25,0,1,97,0,98,0,8,115,0,123,138,0,138,261
10/20/2017,OSH,WI,AGL,CE,Federal Contract Tower,0,9,16,0,25,0,0,98,0,98,0,9,114,0,123,150,0,150,273
10/21/2017,OSH,WI,AGL,CE,Federal Contract Tower,0,8,18,0,26,0,0,21,0,21,0,8,39,0,47,48,0,48,95
10/22/2017,OSH,WI,AGL,CE,Federal Contract Tower,0,0,3,0,3,0,0,2,0,2,0,0,5,0,5,0,0,0,5
10/23/2017,OSH,WI,AGL,CE,Federal Contract Tower,0,2,7,0,9,0,0,37,0,37,0,2,44,0,46,94,0,94,140
10/24/2017,OSH,WI,AGL,CE,Federal Contract Tower,0,11,11,0,22,0,0,1,0,1,0,11,12,0,23,0,0,0,23
10/25/2017,OSH,WI,AGL,CE,Federal Contract Tower,0,8,20,0,28,0,0,62,2,64,0,8,82,2,92,100,2,102,194
10/26/2017,OSH,WI,AGL,CE,Federal Contract Tower,0,9,9,0,18,0,0,55,0,55,0,9,64,0,73,24,0,24,97
10/27/2017,OSH,WI,AGL,CE,Federal Contract Tower,0,8,13,0,21,0,2,9,0,11,0,10,22,0,32,34,0,34,66
10/28/2017,OSH,WI,AGL,CE,Federal Contract Tower,0,2,3,0,5,0,0,10,0,10,0,2,13,0,15,22,0,22,37
10/29/2017,OSH,WI,AGL,CE,Federal Contract Tower,0,0,10,0,10,0,0,56,0,56,0,0,66,0,66,28,0,28,94
10/30/2017,OSH,WI,AGL,CE,Federal Contract Tower,0,2,12,0,14,0,1,4,0,5,0,3,16,0,19,0,0,0,19
10/31/2017,OSH,WI,AGL,CE,Federal Contract Tower,0,5,0,0,5,0,0,4,0,4,0,5,4,0,9,52,0,52,61
11/01/2017,OSH,WI,AGL,CE,Federal Contract Tower,0,5,12,0,17,0,0,32,0,32,0,5,44,0,49,74,0,74,123
11/02/2017,OSH,WI,AGL,CE,Federal Contract Tower,0,10,30,0,40,0,0,5,0,5,0,10,35,0,45,0,0,0,45
11/03/2017,OSH,WI,AGL,CE,Federal Contract Tower,0,7,8,0,15,0,0,65,0,65,0,7,73,0,80,58,0,58,138
11/04/2017,OSH,WI,AGL,CE,Federal Contract Tower,0,3,3,0,6,0,0,0,0,0,0,3,3,0,6,0,0,0,6
11/05/2017,OSH,WI,AGL,CE,Federal Contract Tower,0,2,3,0,5,0,0,10,0,10,0,2,13,0,15,10,0,10,25
11/06/2017,OSH,WI,AGL,CE,Federal Contract Tower,0,3,4,0,7,0,0,63,0,63,0,3,67,0,70,72,0,72,142
11/07/2017,OSH,WI,AGL,CE,Federal Contract Tower,0,10,14,0,24,0,2,73,0,75,0,12,87,0,99,90,0,90,189
11/08/2017,OSH,WI,AGL,CE,Federal Contract Tower,0,11,37,0,48,0,0,91,0,91,0,11,128,0,139,80,0,80,219
11/09/2017,OSH,WI,AGL,CE,Federal Contract Tower,0,7,26,0,33,0,0,13,0,13,0,7,39,0,46,8,0,8,54
11/10/2017,OSH,WI,AGL,CE,Federal Contract Tower,0,8,32,0,40,0,1,57,0,58,0,9,89,0,98,120,0,120,218
11/11/2017,OSH,WI,AGL,CE,Federal Contract Tower,0,2,4,0,6,0,0,5,0,5,0,2,9,0,11,6,0,6,17
11/12/2017,OSH,WI,AGL,CE,Federal Contract Tower,0,0,6,0,6,0,0,31,0,31,0,0,37,0,37,82,0,82,119
11/13/2017,OSH,WI,AGL,CE,Federal Contract Tower,0,3,33,0,36,0,4,68,2,74,0,7,101,2,110,40,2,42,152
11/14/2017,OSH,WI,AGL,CE,Federal Contract Tower,0,16,13,0,29,0,6,27,0,33,0,22,40,0,62,92,0,92,154
11/15/2017,OSH,WI,AGL,CE,Federal Contract Tower,0,13,12,0,25,0,0,1,0,1,0,13,13,0,26,0,0,0,26
11/16/2017,OSH,WI,AGL,CE,Federal Contract Tower,0,12,21,0,33,0,0,49,0,49,0,12,70,0,82,64,0,64,146
11/17/2017,OSH,WI,AGL,CE,Federal Contract Tower,0,8,14,0,22,0,0,11,0,11,0,8,25,0,33,38,0,38,71
11/18/2017,OSH,WI,AGL,CE,Federal Contract Tower,0,5,1,0,6,0,0,5,0,5,0,5,6,0,11,0,0,0,11
11/20/2017,OSH,WI,AGL,CE,Federal Contract Tower,0,6,14,0,20,0,0,62,0,62,0,6,76,0,82,48,0,48,130
11/21/2017,OSH,WI,AGL,CE,Federal Contract Tower,0,11,15,0,26,0,1,9,0,10,0,12,24,0,36,0,0,0,36
11/22/2017,OSH,WI,AGL,CE,Federal Contract Tower,0,9,8,0,17,0,0,77,0,77,0,9,85,0,94,84,0,84,178
11/23/2017,OSH,WI,AGL,CE,Federal Contract Tower,0,0,2,0,2,0,0,15,0,15,0,0,17,0,17,14,0,14,31
11/24/2017,OSH,WI,AGL,CE,Federal Contract Tower,0,7,1,0,8,0,1,5,0,6,0,8,6,0,14,0,0,0,14
11/25/2017,OSH,WI,AGL,CE,Federal Contract Tower,0,2,7,0,9,0,0,11,0,11,0,2,18,0,20,12,0,12,32
11/26/2017,OSH,WI,AGL,CE,Federal Contract Tower,0,0,6,0,6,0,0,49,0,49,0,0,55,0,55,44,0,44,99
11/27/2017,OSH,WI,AGL,CE,Federal Contract Tower,0,3,6,0,9,0,0,35,0,35,0,3,41,0,44,56,0,56,100
11/28/2017,OSH,WI,AGL,CE,Federal Contract Tower,0,12,7,0,19,0,0,33,0,33,0,12,40,0,52,22,0,22,74
11/29/2017,OSH,WI,AGL,CE,Federal Contract Tower,0,7,8,0,15,0,1,46,0,47,0,8,54,0,62,94,0,94,156
11/30/2017,OSH,WI,AGL,CE,Federal Contract Tower,0,14,14,0,28,0,1,25,2,28,0,15,39,2,56,12,0,12,68
12/01/2017,OSH,WI,AGL,CE,Federal Contract Tower,0,8,5,4,17,0,0,61,0,61,0,8,66,4,78,116,0,116,194
12/02/2017,OSH,WI,AGL,CE,Federal Contract Tower,0,6,6,0,12,0,0,70,0,70,0,6,76,0,82,46,0,46,128
12/03/2017,OSH,WI,AGL,CE,Federal Contract Tower,0,1,3,0,4,0,0,34,0,34,0,1,37,0,38,26,0,26,64
12/04/2017,OSH,WI,AGL,CE,Federal Contract Tower,0,7,10,4,21,0,0,0,0,0,0,7,10,4,21,0,0,0,21
12/05/2017,OSH,WI,AGL,CE,Federal Contract Tower,0,9,6,0,15,0,1,0,0,1,0,10,6,0,16,0,0,0,16
12/06/2017,OSH,WI,AGL,CE,Federal Contract Tower,0,12,24,0,36,0,1,38,0,39,0,13,62,0,75,24,0,24,99
12/07/2017,OSH,WI,AGL,CE,Federal Contract Tower,0,12,13,0,25,0,0,64,0,64,0,12,77,0,89,84,0,84,173
12/08/2017,OSH,WI,AGL,CE,Federal Contract Tower,0,12,6,0,18,0,0,7,0,7,0,12,13,0,25,0,0,0,25
12/09/2017,OSH,WI,AGL,CE,Federal Contract Tower,0,6,2,0,8,0,0,16,0,16,0,6,18,0,24,12,0,12,36
12/10/2017,OSH,WI,AGL,CE,Federal Contract Tower,0,0,3,0,3,0,0,16,0,16,0,0,19,0,19,28,0,28,47
12/11/2017,OSH,WI,AGL,CE,Federal Contract Tower,0,5,7,0,12,0,0,10,0,10,0,5,17,0,22,0,0,0,22
12/12/2017,OSH,WI,AGL,CE,Federal Contract Tower,0,12,7,0,19,0,0,52,0,52,0,12,59,0,71,76,0,76,147
12/13/2017,OSH,WI,AGL,CE,Federal Contract Tower,0,15,5,0,20,0,0,1,0,1,0,15,6,0,21,0,0,0,21
12/14/2017,OSH,WI,AGL,CE,Federal Contract Tower,0,11,16,0,27,0,0,51,0,51,0,11,67,0,78,41,0,41,119
12/15/2017,OSH,WI,AGL,CE,Federal Contract Tower,0,13,4,0,17,0,18,0,0,18,0,31,4,0,35,22,0,22,57
12/16/2017,OSH,WI,AGL,CE,Federal Contract Tower,0,5,1,0,6,0,0,2,0,2,0,5,3,0,8,0,0,0,8
12/17/2017,OSH,WI,AGL,CE,Federal Contract Tower,0,0,4,0,4,0,0,0,0,0,0,0,4,0,4,0,0,0,4
12/18/2017,OSH,WI,AGL,CE,Federal Contract Tower,0,6,9,0,15,0,0,4,0,4,0,6,13,0,19,14,0,14,33
12/19/2017,OSH,WI,AGL,CE,Federal Contract Tower,0,11,12,0,23,0,0,48,6,54,0,11,60,6,77,54,0,54,131
12/20/2017,OSH,WI,AGL,CE,Federal Contract Tower,0,12,19,0,31,0,0,70,2,72,0,12,89,2,103,104,0,104,207
12/21/2017,OSH,WI,AGL,CE,Federal Contract Tower,0,10,2,0,12,0,0,5,0,5,0,10,7,0,17,0,0,0,17
12/22/2017,OSH,WI,AGL,CE,Federal Contract Tower,0,10,10,0,20,0,0,0,0,0,0,10,10,0,20,0,0,0,20
12/23/2017,OSH,WI,AGL,CE,Federal Contract Tower,0,7,8,0,15,0,1,19,0,20,0,8,27,0,35,8,0,8,43
12/24/2017,OSH,WI,AGL,CE,Federal Contract Tower,0,0,4,0,4,0,0,0,0,0,0,0,4,0,4,0,0,0,4
12/25/2017,OSH,WI,AGL,CE,Federal Contract Tower,0,0,1,0,1,0,0,2,0,2,0,0,3,0,3,0,0,0,3
12/26/2017,OSH,WI,AGL,CE,Federal Contract Tower,0,12,4,0,16,0,0,25,0,25,0,12,29,0,41,32,0,32,73
12/27/2017,OSH,WI,AGL,CE,Federal Contract Tower,0,9,1,0,10,0,0,41,0,41,0,9,42,0,51,14,0,14,65
12/28/2017,OSH,WI,AGL,CE,Federal Contract Tower,0,7,1,0,8,0,0,0,0,0,0,7,1,0,8,0,0,0,8
12/29/2017,OSH,WI,AGL,CE,Federal Contract Tower,0,7,1,0,8,0,2,29,0,31,0,9,30,0,39,16,0,16,55
12/30/2017,OSH,WI,AGL,CE,Federal Contract Tower,0,7,1,0,8,0,1,6,0,7,0,8,7,0,15,2,0,2,17
12/31/2017,OSH,WI,AGL,CE,Federal Contract Tower,0,0,1,0,1,0,0,17,0,17,0,0,18,0,18,32,0,32,50
01/01/2018,OSH,WI,AGL,CE,Federal Contract Tower,0,0,1,0,1,0,0,13,0,13,0,0,14,0,14,12,0,12,26
01/02/2018,OSH,WI,AGL,CE,Federal Contract Tower,0,6,8,2,16,0,0,6,0,6,0,6,14,2,22,12,0,12,34
01/03/2018,OSH,WI,AGL,CE,Federal Contract Tower,0,9,4,0,13,0,0,36,0,36,0,9,40,0,49,14,0,14,63
01/04/2018,OSH,WI,AGL,CE,Federal Contract Tower,0,10,12,0,22,0,1,33,2,36,0,11,45,2,58,4,0,4,62
01/05/2018,OSH,WI,AGL,CE,Federal Contract Tower,0,8,5,2,15,0,0,31,0,31,0,8,36,2,46,18,0,18,64
01/06/2018,OSH,WI,AGL,CE,Federal Contract Tower,0,3,8,0,11,0,1,16,0,17,0,4,24,0,28,6,0,6,34
01/07/2018,OSH,WI,AGL,CE,Federal Contract Tower,0,1,4,0,5,0,0,25,0,25,0,1,29,0,30,26,0,26,56
01/08/2018,OSH,WI,AGL,CE,Federal Contract Tower,0,3,2,0,5,0,2,45,0,47,0,5,47,0,52,62,0,62,114
01/09/2018,OSH,WI,AGL,CE,Federal Contract Tower,0,14,3,0,17,0,0,47,0,47,0,14,50,0,64,38,0,38,102
01/10/2018,OSH,WI,AGL,CE,Federal Contract Tower,0,28,12,0,40,0,0,0,0,0,0,28,12,0,40,0,0,0,40
01/11/2018,OSH,WI,AGL,CE,Federal Contract Tower,0,12,13,0,25,0,0,0,0,0,0,12,13,0,25,0,0,0,25
01/12/2018,OSH,WI,AGL,CE,Federal Contract Tower,0,6,4,0,10,0,0,46,2,48,0,6,50,2,58,78,0,78,136
01/13/2018,OSH,WI,AGL,CE,Federal Contract Tower,0,3,9,0,12,0,0,32,0,32,0,3,41,0,44,62,0,62,106
01/14/2018,OSH,WI,AGL,CE,Federal Contract Tower,0,0,2,0,2,0,0,40,0,40,0,0,42,0,42,80,0,80,122
01/15/2018,OSH,WI,AGL,CE,Federal Contract Tower,0,2,11,0,13,0,0,0,0,0,0,2,11,0,13,0,0,0,13
01/16/2018,OSH,WI,AGL,CE,Federal Contract Tower,0,7,10,0,17,0,0,54,2,56,0,7,64,2,73,102,0,102,175
01/17/2018,OSH,WI,AGL,CE,Federal Contract Tower,0,7,7,0,14,0,0,28,2,30,0,7,35,2,44,20,0,20,64
01/18/2018,OSH,WI,AGL,CE,Federal Contract Tower,0,5,7,0,12,0,1,56,2,59,0,6,63,2,71,42,0,42,113
01/19/2018,OSH,WI,AGL,CE,Federal Contract Tower,0,4,18,2,24,0,0,33,0,33,0,4,51,2,57,40,0,40,97
01/20/2018,OSH,WI,AGL,CE,Federal Contract Tower,0,5,6,0,11,0,0,58,0,58,0,5,64,0,69,24,0,24,93
01/21/2018,OSH,WI,AGL,CE,Federal Contract Tower,0,7,4,0,11,0,0,0,0,0,0,7,4,0,11,0,0,0,11
01/22/2018,OSH,WI,AGL,CE,Federal Contract Tower,0,3,3,0,6,0,0,0,0,0,0,3,3,0,6,0,0,0,6
01/23/2018,OSH,WI,AGL,CE,Federal Contract Tower,0,7,5,0,12,0,0,1,0,1,0,7,6,0,13,0,0,0,13
01/24/2018,OSH,WI,AGL,CE,Federal Contract Tower,0,18,14,3,35,0,0,89,0,89,0,18,103,3,124,86,0,86,210
01/25/2018,OSH,WI,AGL,CE,Federal Contract Tower,0,15,10,0,25,0,0,54,0,54,0,15,64,0,79,98,0,98,177
01/26/2018,OSH,WI,AGL,CE,Federal Contract Tower,0,8,12,0,20,0,0,34,0,34,0,8,46,0,54,22,0,22,76
01/27/2018,OSH,WI,AGL,CE,Federal Contract Tower,0,3,11,0,14,0,0,41,0,41,0,3,52,0,55,66,0,66,121
01/28/2018,OSH,WI,AGL,CE,Federal Contract Tower,0,2,2,0,4,0,0,10,0,10,0,2,12,0,14,16,0,16,30
01/29/2018,OSH,WI,AGL,CE,Federal Contract Tower,0,7,4,2,13,0,0,48,0,48,0,7,52,2,61,54,0,54,115
01/30/2018,OSH,WI,AGL,CE,Federal Contract Tower,0,4,7,0,11,0,0,56,0,56,0,4,63,0,67,94,0,94,161
01/31/2018,OSH,WI,AGL,CE,Federal Contract Tower,0,9,9,2,20,0,0,44,0,44,0,9,53,2,64,52,0,52,116
02/01/2018,OSH,WI,AGL,CE,Federal Contract Tower,0,6,8,2,16,0,0,22,0,22,0,6,30,2,38,20,0,20,58
02/02/2018,OSH,WI,AGL,CE,Federal Contract Tower,0,3,6,0,9,0,0,59,0,59,0,3,65,0,68,96,0,96,164
02/03/2018,OSH,WI,AGL,CE,Federal Contract Tower,0,5,0,0,5,0,0,0,0,0,0,5,0,0,5,0,0,0,5
02/04/2018,OSH,WI,AGL,CE,Federal Contract Tower,0,1,5,0,6,0,0,4,0,4,0,1,9,0,10,4,0,4,14
02/05/2018,OSH,WI,AGL,CE,Federal Contract Tower,0,4,5,0,9,0,0,21,0,21,0,4,26,0,30,34,0,34,64
02/06/2018,OSH,WI,AGL,CE,Federal Contract Tower,0,10,16,0,26,0,0,50,2,52,0,10,66,2,78,116,0,116,194
02/07/2018,OSH,WI,AGL,CE,Federal Contract Tower,0,11,6,0,17,0,0,38,2,40,0,11,44,2,57,68,0,68,125
02/08/2018,OSH,WI,AGL,CE,Federal Contract Tower,0,10,7,4,21,0,0,68,2,70,0,10,75,6,91,126,0,126,217
02/09/2018,OSH,WI,AGL,CE,Federal Contract Tower,0,8,4,0,12,0,0,32,0,32,0,8,36,0,44,20,0,20,64
02/10/2018,OSH,WI,AGL,CE,Federal Contract Tower,0,3,2,0,5,0,1,38,0,39,0,4,40,0,44,104,0,104,148
02/11/2018,OSH,WI,AGL,CE,Federal Contract Tower,0,0,1,0,1,0,0,17,0,17,0,0,18,0,18,12,0,12,30
02/12/2018,OSH,WI,AGL,CE,Federal Contract Tower,0,2,15,1,18,0,1,44,0,45,0,3,59,1,63,100,0,100,163
02/13/2018,OSH,WI,AGL,CE,Federal Contract Tower,0,6,10,0,16,0,2,45,0,47,0,8,55,0,63,108,0,108,171
02/14/2018,OSH,WI,AGL,CE,Federal Contract Tower,0,6,3,0,9,0,0,46,0,46,0,6,49,0,55,18,0,18,73
02/15/2018,OSH,WI,AGL,CE,Federal Contract Tower,0,5,12,0,17,0,2,45,2,49,0,7,57,2,66,64,0,64,130
02/16/2018,OSH,WI,AGL,CE,Federal Contract Tower,0,5,13,0,18,0,0,33,0,33,0,5,46,0,51,28,0,28,79
02/17/2018,OSH,WI,AGL,CE,Federal Contract Tower,0,2,3,0,5,0,0,6,0,6,0,2,9,0,11,6,0,6,17
02/18/2018,OSH,WI,AGL,CE,Federal Contract Tower,0,0,5,0,5,0,0,17,0,17,0,0,22,0,22,32,0,32,54
02/19/2018,OSH,WI,AGL,CE,Federal Contract Tower,0,2,6,0,8,0,0,6,0,6,0,2,12,0,14,16,0,16,30
02/20/2018,OSH,WI,AGL,CE,Federal Contract Tower,0,4,3,0,7,0,0,0,0,0,0,4,3,0,7,0,0,0,7
02/21/2018,OSH,WI,AGL,CE,Federal Contract Tower,0,5,16,0,21,0,2,98,4,104,0,7,114,4,125,74,0,74,199
02/22/2018,OSH,WI,AGL,CE,Federal Contract Tower,0,6,11,0,17,0,0,54,0,54,0,6,65,0,71,16,0,16,87
02/23/2018,OSH,WI,AGL,CE,Federal Contract Tower,0,5,4,0,9,0,0,2,0,2,0,5,6,0,11,18,0,18,29
02/25/2018,OSH,WI,AGL,CE,Federal Contract Tower,0,0,6,0,6,0,0,4,0,4,0,0,10,0,10,18,0,18,28
02/26/2018,OSH,WI,AGL,CE,Federal Contract Tower,0,2,17,2,21,0,2,71,0,73,0,4,88,2,94,96,0,96,190
02/27/2018,OSH,WI,AGL,CE,Federal Contract Tower,0,5,10,0,15,0,2,64,0,66,0,7,74,0,81,78,0,78,159
02/28/2018,OSH,WI,AGL,CE,Federal Contract Tower,0,11,4,0,15,0,0,6,0,6,0,11,10,0,21,10,0,10,31
03/01/2018,OSH,WI,AGL,CE,Federal Contract Tower,0,6,9,0,15,0,0,19,0,19,0,6,28,0,34,56,0,56,90
03/02/2018,OSH,WI,AGL,CE,Federal Contract Tower,0,7,15,0,22,0,1,79,0,80,0,8,94,0,102,92,0,92,194
03/03/2018,OSH,WI,AGL,CE,Federal Contract Tower,0,4,0,0,4,0,1,82,0,83,0,5,82,0,87,98,0,98,185
03/04/2018,OSH,WI,AGL,CE,Federal Contract Tower,0,2,10,0,12,0,0,34,0,34,0,2,44,0,46,32,0,32,78
03/05/2018,OSH,WI,AGL,CE,Federal Contract Tower,0,3,7,0,10,0,0,11,0,11,0,3,18,0,21,0,0,0,21
03/06/2018,OSH,WI,AGL,CE,Federal Contract Tower,0,5,6,0,11,0,0,0,0,0,0,5,6,0,11,0,0,0,11
03/07/2018,OSH,WI,AGL,CE,Federal Contract Tower,0,6,9,0,15,0,1,49,2,52,0,7,58,2,67,34,0,34,101
03/08/2018,OSH,WI,AGL,CE,Federal Contract Tower,0,5,14,2,21,0,0,44,2,46,0,5,58,4,67,82,0,82,149
03/09/2018,OSH,WI,AGL,CE,Federal Contract Tower,0,7,16,4,27,0,0,47,0,47,0,7,63,4,74,34,0,34,108
03/10/2018,OSH,WI,AGL,CE,Federal Contract Tower,0,4,10,0,14,0,0,73,0,73,0,4,83,0,87,116,0,116,203
03/11/2018,OSH,WI,AGL,CE,Federal Contract Tower,0,0,5,0,5,0,0,45,0,45,0,0,50,0,50,22,0,22,72
03/12/2018,OSH,WI,AGL,CE,Federal Contract Tower,0,4,5,0,9,0,0,22,0,22,0,4,27,0,31,20,0,20,51
03/13/2018,OSH,WI,AGL,CE,Federal Contract Tower,0,4,14,10,28,0,5,37,0,42,0,9,51,10,70,14,0,14,84
03/14/2018,OSH,WI,AGL,CE,Federal Contract Tower,0,8,9,2,19,0,0,55,2,57,0,8,64,4,76,6,4,10,86
03/15/2018,OSH,WI,AGL,CE,Federal Contract Tower,0,6,15,0,21,0,1,85,0,86,0,7,100,0,107,50,0,50,157
03/16/2018,OSH,WI,AGL,CE,Federal Contract Tower,0,7,17,0,24,0,0,54,0,54,0,7,71,0,78,4,0,4,82
03/17/2018,OSH,WI,AGL,CE,Federal Contract Tower,0,2,5,0,7,0,0,69,0,69,0,2,74,0,76,88,0,88,164
03/18/2018,OSH,WI,AGL,CE,Federal Contract Tower,0,5,11,0,16,0,0,92,0,92,0,5,103,0,108,40,0,40,148
03/19/2018,OSH,WI,AGL,CE,Federal Contract Tower,0,4,0,0,4,0,0,40,0,40,0,4,40,0,44,2,0,2,46
03/20/2018,OSH,WI,AGL,CE,Federal Contract Tower,0,5,15,0,20,0,0,37,0,37,0,5,52,0,57,20,0,20,77
03/21/2018,OSH,WI,AGL,CE,Federal Contract Tower,0,6,8,8,22,0,0,62,0,62,0,6,70,8,84,26,0,26,110
03/22/2018,OSH,WI,AGL,CE,Federal Contract Tower,0,8,17,0,25,0,0,83,4,87,0,8,100,4,112,50,0,50,162
03/23/2018,OSH,WI,AGL,CE,Federal Contract Tower,0,8,5,0,13,0,0,51,0,51,0,8,56,0,64,18,0,18,82
03/24/2018,OSH,WI,AGL,CE,Federal Contract Tower,0,3,4,0,7,0,0,29,0,29,0,3,33,0,36,68,0,68,104
03/25/2018,OSH,WI,AGL,CE,Federal Contract Tower,0,2,3,0,5,0,0,38,0,38,0,2,41,0,43,30,0,30,73
03/26/2018,OSH,WI,AGL,CE,Federal Contract Tower,0,4,6,0,10,0,0,46,0,46,0,4,52,0,56,42,0,42,98
03/27/2018,OSH,WI,AGL,CE,Federal Contract Tower,0,5,12,0,17,0,0,15,0,15,0,5,27,0,32,18,0,18,50
03/28/2018,OSH,WI,AGL,CE,Federal Contract Tower,0,7,19,0,26,0,0,80,0,80,0,7,99,0,106,44,0,44,150
03/29/2018,OSH,WI,AGL,CE,Federal Contract Tower,0,4,14,0,18,0,2,73,0,75,0,6,87,0,93,86,0,86,179
03/30/2018,OSH,WI,AGL,CE,Federal Contract Tower,0,4,3,0,7,0,0,36,0,36,0,4,39,0,43,12,0,12,55
03/31/2018,OSH,WI,AGL,CE,Federal Contract Tower,0,3,1,0,4,0,0,0,0,0,0,3,1,0,4,0,0,0,4
04/01/2018,OSH,WI,AGL,CE,Federal Contract Tower,0,0,1,0,1,0,0,17,0,17,0,0,18,0,18,18,0,18,36
04/02/2018,OSH,WI,AGL,CE,Federal Contract Tower,0,4,6,0,10,0,0,49,0,49,0,4,55,0,59,100,0,100,159
04/03/2018,OSH,WI,AGL,CE,Federal Contract Tower,0,4,9,0,13,0,0,0,0,0,0,4,9,0,13,0,0,0,13
04/04/2018,OSH,WI,AGL,CE,Federal Contract Tower,0,7,6,0,13,0,2,47,0,49,0,9,53,0,62,20,0,20,82
04/05/2018,OSH,WI,AGL,CE,Federal Contract Tower,0,5,8,2,15,0,0,53,4,57,0,5,61,6,72,106,0,106,178
04/06/2018,OSH,WI,AGL,CE,Federal Contract Tower,0,5,5,0,10,0,0,3,0,3,0,5,8,0,13,0,0,0,13
04/07/2018,OSH,WI,AGL,CE,Federal Contract Tower,0,3,2,0,5,0,0,130,0,130,0,3,132,0,135,2,0,2,137
04/08/2018,OSH,WI,AGL,CE,Federal Contract Tower,0,0,3,0,3,0,53,0,0,53,0,53,3,0,56,36,0,36,92
04/09/2018,OSH,WI,AGL,CE,Federal Contract Tower,0,4,3,2,9,0,0,48,0,48,0,4,51,2,57,70,0,70,127
04/10/2018,OSH,WI,AGL,CE,Federal Contract Tower,0,6,9,6,21,0,0,50,2,52,0,6,59,8,73,104,0,104,177
04/11/2018,OSH,WI,AGL,CE,Federal Contract Tower,0,8,11,0,19,0,0,94,2,96,0,8,105,2,115,42,0,42,157
04/12/2018,OSH,WI,AGL,CE,Federal Contract Tower,0,6,23,0,29,0,0,12,0,12,0,6,35,0,41,22,0,22,63
04/13/2018,OSH,WI,AGL,CE,Federal Contract Tower,0,4,3,0,7,0,0,0,0,0,0,4,3,0,7,0,0,0,7
04/14/2018,OSH,WI,AGL,CE,Federal Contract Tower,0,2,0,0,2,0,0,0,0,0,0,2,0,0,2,0,0,0,2
04/15/2018,OSH,WI,AGL,CE,Federal Contract Tower,0,0,0,0,0,0,0,0,0,0,0,0,0,0,0,0,0,0,0
04/16/2018,OSH,WI,AGL,CE,Federal Contract Tower,0,6,1,0,7,0,2,0,0,2,0,8,1,0,9,0,0,0,9
04/17/2018,OSH,WI,AGL,CE,Federal Contract Tower,0,5,15,1,21,0,0,26,2,28,0,5,41,3,49,8,6,14,63
04/18/2018,OSH,WI,AGL,CE,Federal Contract Tower,0,4,6,1,11,0,0,7,2,9,0,4,13,3,20,4,0,4,24
04/19/2018,OSH,WI,AGL,CE,Federal Contract Tower,0,6,14,0,20,0,0,73,0,73,0,6,87,0,93,52,0,52,145
04/20/2018,OSH,WI,AGL,CE,Federal Contract Tower,0,9,15,0,24,0,0,53,2,55,0,9,68,2,79,80,0,80,159
04/23/2018,OSH,WI,AGL,CE,Federal Contract Tower,0,2,10,2,14,0,0,65,0,65,0,2,75,2,79,104,0,104,183
04/24/2018,OSH,WI,AGL,CE,Federal Contract Tower,0,4,9,0,13,0,0,65,0,65,0,4,74,0,78,70,0,70,148
04/25/2018,OSH,WI,AGL,CE,Federal Contract Tower,0,4,11,0,15,0,0,81,0,81,0,4,92,0,96,26,0,26,122
04/26/2018,OSH,WI,AGL,CE,Federal Contract Tower,0,4,14,0,18,0,0,90,0,90,0,4,104,0,108,62,0,62,170
04/27/2018,OSH,WI,AGL,CE,Federal Contract Tower,0,7,12,2,21,0,0,21,0,21,0,7,33,2,42,0,0,0,42
04/28/2018,OSH,WI,AGL,CE,Federal Contract Tower,0,9,13,0,22,0,0,92,0,92,0,9,105,0,114,66,0,66,180
04/29/2018,OSH,WI,AGL,CE,Federal Contract Tower,0,0,5,0,5,0,0,69,0,69,0,0,74,0,74,18,0,18,92
04/30/2018,OSH,WI,AGL,CE,Federal Contract Tower,0,2,11,0,13,0,0,39,0,39,0,2,50,0,52,14,0,14,66
05/01/2018,OSH,WI,AGL,CE,Federal Contract Tower,0,6,19,0,25,0,0,18,1,19,0,6,37,1,44,40,0,40,84
05/02/2018,OSH,WI,AGL,CE,Federal Contract Tower,0,8,12,0,20,0,0,51,0,51,0,8,63,0,71,46,0,46,117
05/03/2018,OSH,WI,AGL,CE,Federal Contract Tower,0,8,29,0,37,0,0,16,0,16,0,8,45,0,53,20,0,20,73
05/04/2018,OSH,WI,AGL,CE,Federal Contract Tower,0,8,15,0,23,0,0,14,0,14,0,8,29,0,37,6,0,6,43
05/05/2018,OSH,WI,AGL,CE,Federal Contract Tower,0,2,2,0,4,0,0,82,0,82,0,2,84,0,86,66,0,66,152
05/06/2018,OSH,WI,AGL,CE,Federal Contract Tower,0,0,3,0,3,0,0,45,0,45,0,0,48,0,48,98,0,98,146
05/07/2018,OSH,WI,AGL,CE,Federal Contract Tower,0,1,17,0,18,0,0,79,0,79,0,1,96,0,97,116,0,116,213
05/09/2018,OSH,WI,AGL,CE,Federal Contract Tower,0,5,9,0,14,0,0,0,0,0,0,5,9,0,14,0,0,0,14
05/10/2018,OSH,WI,AGL,CE,Federal Contract Tower,0,6,14,0,20,0,0,49,2,51,0,6,63,2,71,46,4,50,121
05/11/2018,OSH,WI,AGL,CE,Federal Contract Tower,0,7,10,0,17,0,4,4,0,8,0,11,14,0,25,0,0,0,25
05/12/2018,OSH,WI,AGL,CE,Federal Contract Tower,0,3,4,0,7,0,0,27,0,27,0,3,31,0,34,74,0,74,108
05/13/2018,OSH,WI,AGL,CE,Federal Contract Tower,0,0,4,0,4,0,0,45,0,45,0,0,49,0,49,66,0,66,115
05/14/2018,OSH,WI,AGL,CE,Federal Contract Tower,0,3,15,0,18,0,0,40,4,44,0,3,55,4,62,64,0,64,126
05/15/2018,OSH,WI,AGL,CE,Federal Contract Tower,0,8,7,0,15,0,0,68,4,72,0,8,75,4,87,118,0,118,205
05/16/2018,OSH,WI,AGL,CE,Federal Contract Tower,0,8,14,0,22,0,0,115,0,115,0,8,129,0,137,168,0,168,305
05/17/2018,OSH,WI,AGL,CE,Federal Contract Tower,0,8,12,4,24,0,0,47,0,47,0,8,59,4,71,74,0,74,145
05/18/2018,OSH,WI,AGL,CE,Federal Contract Tower,0,4,21,1,26,0,0,71,2,73,0,4,92,3,99,192,0,192,291
05/19/2018,OSH,WI,AGL,CE,Federal Contract Tower,0,2,7,0,9,0,0,15,0,15,0,2,22,0,24,34,0,34,58
05/20/2018,OSH,WI,AGL,CE,Federal Contract Tower,0,0,4,0,4,0,0,35,0,35,0,0,39,0,39,86,0,86,125
05/21/2018,OSH,WI,AGL,CE,Federal Contract Tower,0,12,14,0,26,0,6,12,0,18,0,18,26,0,44,28,0,28,72
05/22/2018,OSH,WI,AGL,CE,Federal Contract Tower,0,5,20,0,25,0,0,27,0,27,0,5,47,0,52,68,0,68,120
05/23/2018,OSH,WI,AGL,CE,Federal Contract Tower,0,8,6,1,15,0,0,96,0,96,0,8,102,1,111,182,0,182,293
05/24/2018,OSH,WI,AGL,CE,Federal Contract Tower,0,8,8,2,18,0,0,80,0,80,0,8,88,2,98,192,0,192,290
05/25/2018,OSH,WI,AGL,CE,Federal Contract Tower,0,3,10,0,13,0,0,42,2,44,0,3,52,2,57,32,0,32,89
05/27/2018,OSH,WI,AGL,CE,Federal Contract Tower,0,0,7,0,7,0,0,28,0,28,0,0,35,0,35,58,0,58,93
05/28/2018,OSH,WI,AGL,CE,Federal Contract Tower,0,2,2,0,4,0,0,22,0,22,0,2,24,0,26,72,0,72,98
05/29/2018,OSH,WI,AGL,CE,Federal Contract Tower,0,4,4,0,8,0,0,82,2,84,0,4,86,2,92,190,0,190,282
05/30/2018,OSH,WI,AGL,CE,Federal Contract Tower,0,4,8,0,12,0,0,25,0,25,0,4,33,0,37,40,0,40,77
05/31/2018,OSH,WI,AGL,CE,Federal Contract Tower,0,9,10,1,20,0,0,72,1,73,0,9,82,2,93,112,0,112,205
06/01/2018,OSH,WI,AGL,CE,Federal Contract Tower,0,7,11,0,18,0,0,49,8,57,0,7,60,8,75,106,0,106,181
06/02/2018,OSH,WI,AGL,CE,Federal Contract Tower,0,4,15,0,19,0,0,18,0,18,0,4,33,0,37,32,0,32,69
06/03/2018,OSH,WI,AGL,CE,Federal Contract Tower,0,0,10,0,10,0,0,18,0,18,0,0,28,0,28,6,0,6,34
06/04/2018,OSH,WI,AGL,CE,Federal Contract Tower,0,2,6,0,8,0,6,43,0,49,0,8,49,0,57,72,0,72,129
06/05/2018,OSH,WI,AGL,CE,Federal Contract Tower,0,6,14,0,20,0,1,69,0,70,0,7,83,0,90,112,0,112,202
06/06/2018,OSH,WI,AGL,CE,Federal Contract Tower,0,8,11,0,19,0,0,50,0,50,0,8,61,0,69,54,0,54,123
06/07/2018,OSH,WI,AGL,CE,Federal Contract Tower,0,4,9,0,13,0,0,135,0,135,0,4,144,0,148,184,0,184,332
06/08/2018,OSH,WI,AGL,CE,Federal Contract Tower,0,6,5,0,11,0,0,61,0,61,0,6,66,0,72,160,0,160,232
06/09/2018,OSH,WI,AGL,CE,Federal Contract Tower,0,8,8,0,16,0,0,113,0,113,0,8,121,0,129,114,0,114,243
06/10/2018,OSH,WI,AGL,CE,Federal Contract Tower,0,0,6,0,6,0,0,20,0,20,0,0,26,0,26,98,0,98,124
06/11/2018,OSH,WI,AGL,CE,Federal Contract Tower,0,2,12,0,14,0,0,89,0,89,0,2,101,0,103,174,0,174,277
06/12/2018,OSH,WI,AGL,CE,Federal Contract Tower,0,9,20,0,29,0,0,62,0,62,0,9,82,0,91,116,0,116,207
06/13/2018,OSH,WI,AGL,CE,Federal Contract Tower,0,6,13,2,21,0,1,75,0,76,0,7,88,2,97,192,0,192,289
06/14/2018,OSH,WI,AGL,CE,Federal Contract Tower,0,6,17,0,23,0,3,170,0,173,0,9,187,0,196,352,0,352,548
06/15/2018,OSH,WI,AGL,CE,Federal Contract Tower,0,10,10,8,28,0,0,45,2,47,0,10,55,10,75,90,0,90,165
06/16/2018,OSH,WI,AGL,CE,Federal Contract Tower,0,9,4,1,14,0,0,2,0,2,0,9,6,1,16,92,2,94,110
06/18/2018,OSH,WI,AGL,CE,Federal Contract Tower,0,9,6,0,15,0,0,4,0,4,0,9,10,0,19,18,0,18,37
06/19/2018,OSH,WI,AGL,CE,Federal Contract Tower,0,8,10,0,18,0,0,47,0,47,0,8,57,0,65,76,0,76,141
06/20/2018,OSH,WI,AGL,CE,Federal Contract Tower,0,6,15,0,21,0,0,82,2,84,0,6,97,2,105,180,4,184,289
06/21/2018,OSH,WI,AGL,CE,Federal Contract Tower,0,7,13,0,20,0,0,80,0,80,0,7,93,0,100,218,0,218,318
06/22/2018,OSH,WI,AGL,CE,Federal Contract Tower,0,5,15,0,20,0,0,77,0,77,0,5,92,0,97,138,0,138,235
06/23/2018,OSH,WI,AGL,CE,Federal Contract Tower,0,4,6,0,10,0,0,112,0,112,0,4,118,0,122,178,0,178,300
06/24/2018,OSH,WI,AGL,CE,Federal Contract Tower,0,0,7,0,7,0,0,83,0,83,0,0,90,0,90,180,0,180,270
06/25/2018,OSH,WI,AGL,CE,Federal Contract Tower,0,2,16,0,18,0,0,56,0,56,0,2,72,0,74,56,0,56,130
06/26/2018,OSH,WI,AGL,CE,Federal Contract Tower,0,5,11,0,16,0,1,14,0,15,0,6,25,0,31,56,0,56,87
06/27/2018,OSH,WI,AGL,CE,Federal Contract Tower,0,7,9,2,18,0,0,41,0,41,0,7,50,2,59,146,0,146,205
06/28/2018,OSH,WI,AGL,CE,Federal Contract Tower,0,6,17,0,23,0,0,129,2,131,0,6,146,2,154,198,4,202,356
06/29/2018,OSH,WI,AGL,CE,Federal Contract Tower,0,8,18,5,31,0,0,70,0,70,0,8,88,5,101,30,12,42,143
06/30/2018,OSH,WI,AGL,CE,Federal Contract Tower,0,2,4,6,12,0,0,63,0,63,0,2,67,6,75,162,0,162,237
07/01/2018,OSH,WI,AGL,CE,Federal Contract Tower,0,3,3,0,6,0,0,35,0,35,0,3,38,0,41,64,0,64,105
07/02/2018,OSH,WI,AGL,CE,Federal Contract Tower,0,3,10,0,13,0,0,79,0,79,0,3,89,0,92,158,0,158,250
07/03/2018,OSH,WI,AGL,CE,Federal Contract Tower,0,7,14,0,21,0,0,73,0,73,0,7,87,0,94,136,0,136,230
07/04/2018,OSH,WI,AGL,CE,Federal Contract Tower,0,0,3,0,3,0,0,25,0,25,0,0,28,0,28,86,0,86,114
07/05/2018,OSH,WI,AGL,CE,Federal Contract Tower,0,11,8,3,22,0,0,44,4,48,0,11,52,7,70,266,14,280,350
07/06/2018,OSH,WI,AGL,CE,Federal Contract Tower,0,4,7,0,11,0,1,111,2,114,0,5,118,2,125,258,0,258,383
07/07/2018,OSH,WI,AGL,CE,Federal Contract Tower,0,4,7,0,11,0,3,106,0,109,0,7,113,0,120,214,0,214,334
07/08/2018,OSH,WI,AGL,CE,Federal Contract Tower,0,2,15,0,17,0,0,103,0,103,0,2,118,0,120,214,0,214,334
07/09/2018,OSH,WI,AGL,CE,Federal Contract Tower,0,2,17,0,19,0,0,107,0,107,0,2,124,0,126,192,0,192,318
07/10/2018,OSH,WI,AGL,CE,Federal Contract Tower,0,8,23,0,31,0,0,130,0,130,0,8,153,0,161,262,0,262,423
07/11/2018,OSH,WI,AGL,CE,Federal Contract Tower,0,4,12,0,16,0,7,113,0,120,0,11,125,0,136,204,0,204,340
07/12/2018,OSH,WI,AGL,CE,Federal Contract Tower,0,6,12,2,20,0,1,67,0,68,0,7,79,2,88,182,0,182,270
07/13/2018,OSH,WI,AGL,CE,Federal Contract Tower,0,4,14,0,18,0,0,42,2,44,0,4,56,2,62,76,0,76,138
07/14/2018,OSH,WI,AGL,CE,Federal Contract Tower,0,3,12,2,17,0,0,43,0,43,0,3,55,2,60,176,0,176,236
07/15/2018,OSH,WI,AGL,CE,Federal Contract Tower,0,0,15,0,15,0,0,58,2,60,0,0,73,2,75,132,0,132,207
07/16/2018,OSH,WI,AGL,CE,Federal Contract Tower,0,6,23,0,29,0,0,110,0,110,0,6,133,0,139,276,0,276,415
07/17/2018,OSH,WI,AGL,CE,Federal Contract Tower,0,6,12,0,18,0,1,183,0,184,0,7,195,0,202,244,0,244,446
07/18/2018,OSH,WI,AGL,CE,Federal Contract Tower,0,5,28,0,33,0,2,266,0,268,0,7,294,0,301,272,0,272,573
07/19/2018,OSH,WI,AGL,CE,Federal Contract Tower,0,7,52,0,59,0,0,513,0,513,0,7,565,0,572,44,0,44,616
07/20/2018,OSH,WI,AGL,CE,Federal Contract Tower,0,0,76,0,76,0,0,215,0,215,0,0,291,0,291,0,0,0,291
07/21/2018,OSH,WI,AGL,CE,Federal Contract Tower,0,0,91,0,91,0,0,1109,0,1109,0,0,1200,0,1200,0,0,0,1200
07/22/2018,OSH,WI,AGL,CE,Federal Contract Tower,0,0,147,0,147,0,0,1930,0,1930,0,0,2077,0,2077,0,0,0,2077
07/23/2018,OSH,WI,AGL,CE,Federal Contract Tower,0,0,71,0,71,0,0,1872,0,1872,0,0,1943,0,1943,0,0,0,1943
07/24/2018,OSH,WI,AGL,CE,Federal Contract Tower,0,0,82,0,82,0,0,1598,0,1598,0,0,1680,0,1680,0,0,0,1680
07/25/2018,OSH,WI,AGL,CE,Federal Contract Tower,0,0,92,0,92,0,0,1863,0,1863,0,0,1955,0,1955,0,0,0,1955
07/26/2018,OSH,WI,AGL,CE,Federal Contract Tower,0,0,94,0,94,0,0,2526,0,2526,0,0,2620,0,2620,0,0,0,2620
07/27/2018,OSH,WI,AGL,CE,Federal Contract Tower,0,0,105,0,105,0,0,2214,0,2214,0,0,2319,0,2319,0,0,0,2319
07/28/2018,OSH,WI,AGL,CE,Federal Contract Tower,0,0,72,0,72,0,0,1833,0,1833,0,0,1905,0,1905,0,0,0,1905
07/29/2018,OSH,WI,AGL,CE,Federal Contract Tower,0,0,74,0,74,0,0,1735,0,1735,0,0,1809,0,1809,0,0,0,1809
07/30/2018,OSH,WI,AGL,CE,Federal Contract Tower,0,4,63,0,67,0,0,1,0,1,0,4,64,0,68,32,0,32,100
07/31/2018,OSH,WI,AGL,CE,Federal Contract Tower,0,7,20,3,30,0,3,186,0,189,0,10,206,3,219,158,0,158,377
08/01/2018,OSH,WI,AGL,CE,Federal Contract Tower,0,9,14,0,23,0,0,118,0,118,0,9,132,0,141,176,0,176,317
08/02/2018,OSH,WI,AGL,CE,Federal Contract Tower,0,4,23,5,32,0,0,14,3,17,0,4,37,8,49,4,0,4,53
08/03/2018,OSH,WI,AGL,CE,Federal Contract Tower,0,4,32,0,36,0,0,84,0,84,0,4,116,0,120,242,0,242,362
08/04/2018,OSH,WI,AGL,CE,Federal Contract Tower,0,4,10,0,14,0,0,40,0,40,0,4,50,0,54,106,0,106,160
08/05/2018,OSH,WI,AGL,CE,Federal Contract Tower,0,0,10,2,12,0,0,38,0,38,0,0,48,2,50,90,0,90,140
08/06/2018,OSH,WI,AGL,CE,Federal Contract Tower,0,2,11,0,13,0,0,63,0,63,0,2,74,0,76,180,0,180,256
08/07/2018,OSH,WI,AGL,CE,Federal Contract Tower,0,4,17,0,21,0,0,55,0,55,0,4,72,0,76,176,0,176,252
08/08/2018,OSH,WI,AGL,CE,Federal Contract Tower,0,7,12,2,21,0,0,114,4,118,0,7,126,6,139,260,0,260,399
08/09/2018,OSH,WI,AGL,CE,Federal Contract Tower,0,7,11,0,18,0,0,110,7,117,0,7,121,7,135,268,0,268,403
08/10/2018,OSH,WI,AGL,CE,Federal Contract Tower,0,6,5,0,11,0,1,114,0,115,0,7,119,0,126,410,0,410,536
08/11/2018,OSH,WI,AGL,CE,Federal Contract Tower,0,2,1,1,4,0,0,82,0,82,0,2,83,1,86,260,0,260,346
08/12/2018,OSH,WI,AGL,CE,Federal Contract Tower,0,0,9,0,9,0,0,85,0,85,0,0,94,0,94,256,0,256,350
08/13/2018,OSH,WI,AGL,CE,Federal Contract Tower,0,5,10,2,17,0,0,54,0,54,0,5,64,2,71,170,0,170,241
08/14/2018,OSH,WI,AGL,CE,Federal Contract Tower,0,4,14,0,18,0,0,71,0,71,0,4,85,0,89,202,0,202,291
08/15/2018,OSH,WI,AGL,CE,Federal Contract Tower,0,5,14,0,19,0,0,85,0,85,0,5,99,0,104,330,0,330,434
08/16/2018,OSH,WI,AGL,CE,Federal Contract Tower,0,4,15,0,19,0,0,16,0,16,0,4,31,0,35,78,0,78,113
08/17/2018,OSH,WI,AGL,CE,Federal Contract Tower,0,8,12,0,20,0,2,84,0,86,0,10,96,0,106,332,0,332,438
08/18/2018,OSH,WI,AGL,CE,Federal Contract Tower,0,4,2,0,6,0,0,72,0,72,0,4,74,0,78,324,0,324,402
08/19/2018,OSH,WI,AGL,CE,Federal Contract Tower,0,1,5,0,6,0,0,64,0,64,0,1,69,0,70,300,0,300,370
08/20/2018,OSH,WI,AGL,CE,Federal Contract Tower,0,3,8,0,11,0,0,45,0,45,0,3,53,0,56,150,0,150,206
08/21/2018,OSH,WI,AGL,CE,Federal Contract Tower,0,8,14,0,22,0,0,45,0,45,0,8,59,0,67,216,0,216,283
08/22/2018,OSH,WI,AGL,CE,Federal Contract Tower,0,6,21,2,29,0,0,161,0,161,0,6,182,2,190,464,0,464,654
08/23/2018,OSH,WI,AGL,CE,Federal Contract Tower,0,4,18,2,24,0,1,177,0,178,0,5,195,2,202,330,0,330,532
08/24/2018,OSH,WI,AGL,CE,Federal Contract Tower,0,4,10,0,14,0,0,22,0,22,0,4,32,0,36,30,0,30,66
08/25/2018,OSH,WI,AGL,CE,Federal Contract Tower,0,5,7,0,12,0,0,33,0,33,0,5,40,0,45,112,0,112,157
08/26/2018,OSH,WI,AGL,CE,Federal Contract Tower,0,0,8,0,8,0,0,40,0,40,0,0,48,0,48,180,0,180,228
08/27/2018,OSH,WI,AGL,CE,Federal Contract Tower,0,2,19,0,21,0,0,22,0,22,0,2,41,0,43,38,0,38,81
08/28/2018,OSH,WI,AGL,CE,Federal Contract Tower,0,6,8,0,14,0,0,22,0,22,0,6,30,0,36,86,0,86,122
08/29/2018,OSH,WI,AGL,CE,Federal Contract Tower,0,4,14,0,18,0,0,82,2,84,0,4,96,2,102,216,0,216,318
08/30/2018,OSH,WI,AGL,CE,Federal Contract Tower,0,5,19,0,24,0,0,156,0,156,0,5,175,0,180,364,0,364,544
08/31/2018,OSH,WI,AGL,CE,Federal Contract Tower,0,4,10,0,14,0,0,79,0,79,0,4,89,0,93,224,0,224,317
09/01/2018,OSH,WI,AGL,CE,Federal Contract Tower,0,1,2,0,3,0,1,32,0,33,0,2,34,0,36,118,0,118,154
09/02/2018,OSH,WI,AGL,CE,Federal Contract Tower,0,3,2,0,5,0,0,23,1,24,0,3,25,1,29,38,0,38,67
09/03/2018,OSH,WI,AGL,CE,Federal Contract Tower,0,0,4,0,4,0,0,15,0,15,0,0,19,0,19,24,0,24,43
09/04/2018,OSH,WI,AGL,CE,Federal Contract Tower,0,10,7,0,17,0,0,128,0,128,0,10,135,0,145,224,0,224,369
09/05/2018,OSH,WI,AGL,CE,Federal Contract Tower,0,4,12,0,16,0,0,9,0,9,0,4,21,0,25,2,16,18,43
09/06/2018,OSH,WI,AGL,CE,Federal Contract Tower,0,5,18,4,27,0,3,148,0,151,0,8,166,4,178,318,0,318,496
09/07/2018,OSH,WI,AGL,CE,Federal Contract Tower,0,8,16,52,76,0,0,109,0,109,0,8,125,52,185,208,22,230,415
09/08/2018,OSH,WI,AGL,CE,Federal Contract Tower,0,4,9,2,15,0,0,71,0,71,0,4,80,2,86,200,0,200,286
09/09/2018,OSH,WI,AGL,CE,Federal Contract Tower,0,0,8,0,8,0,0,67,0,67,0,0,75,0,75,106,0,106,181
09/10/2018,OSH,WI,AGL,CE,Federal Contract Tower,0,2,8,0,10,0,0,134,0,134,0,2,142,0,144,254,0,254,398
09/11/2018,OSH,WI,AGL,CE,Federal Contract Tower,0,6,16,0,22,0,0,91,0,91,0,6,107,0,113,196,0,196,309
09/12/2018,OSH,WI,AGL,CE,Federal Contract Tower,0,4,12,0,16,0,1,117,0,118,0,5,129,0,134,238,0,238,372
09/13/2018,OSH,WI,AGL,CE,Federal Contract Tower,0,4,9,4,17,0,0,116,0,116,0,4,125,4,133,210,0,210,343
09/14/2018,OSH,WI,AGL,CE,Federal Contract Tower,0,5,8,0,13,0,0,133,0,133,0,5,141,0,146,250,0,250,396
09/15/2018,OSH,WI,AGL,CE,Federal Contract Tower,0,3,3,0,6,0,0,170,0,170,0,3,173,0,176,84,0,84,260
09/16/2018,OSH,WI,AGL,CE,Federal Contract Tower,0,0,8,0,8,0,0,53,0,53,0,0,61,0,61,74,0,74,135
09/17/2018,OSH,WI,AGL,CE,Federal Contract Tower,0,4,18,0,22,0,0,91,0,91,0,4,109,0,113,172,0,172,285
09/18/2018,OSH,WI,AGL,CE,Federal Contract Tower,0,7,13,0,20,0,0,34,0,34,0,7,47,0,54,124,0,124,178
09/19/2018,OSH,WI,AGL,CE,Federal Contract Tower,0,4,15,0,19,0,0,19,0,19,0,4,34,0,38,8,0,8,46
09/20/2018,OSH,WI,AGL,CE,Federal Contract Tower,0,8,12,0,20,0,0,18,0,18,0,8,30,0,38,0,0,0,38
09/21/2018,OSH,WI,AGL,CE,Federal Contract Tower,0,5,12,2,19,0,0,75,10,85,0,5,87,12,104,0,0,0,104
09/22/2018,OSH,WI,AGL,CE,Federal Contract Tower,0,2,4,0,6,0,0,203,2,205,0,2,207,2,211,76,6,82,293
09/23/2018,OSH,WI,AGL,CE,Federal Contract Tower,0,0,7,0,7,0,0,204,0,204,0,0,211,0,211,76,0,76,287
09/24/2018,OSH,WI,AGL,CE,Federal Contract Tower,0,2,9,0,11,0,0,181,0,181,0,2,190,0,192,2,0,2,194
09/25/2018,OSH,WI,AGL,CE,Federal Contract Tower,0,8,8,0,16,0,0,0,0,0,0,8,8,0,16,0,0,0,16
09/26/2018,OSH,WI,AGL,CE,Federal Contract Tower,0,4,6,0,10,0,0,173,0,173,0,4,179,0,183,14,0,14,197
09/27/2018,OSH,WI,AGL,CE,Federal Contract Tower,0,6,7,0,13,0,3,94,0,97,0,9,101,0,110,6,0,6,116
09/28/2018,OSH,WI,AGL,CE,Federal Contract Tower,0,3,8,0,11,0,1,189,0,190,0,4,197,0,201,4,0,4,205
09/29/2018,OSH,WI,AGL,CE,Federal Contract Tower,0,3,10,0,13,0,0,124,0,124,0,3,134,0,137,230,0,230,367
09/30/2018,OSH,WI,AGL,CE,Federal Contract Tower,0,0,4,0,4,0,0,1,0,1,0,0,5,0,5,0,0,0,5
10/01/2018,OSH,WI,AGL,CE,Federal Contract Tower,0,2,8,0,10,0,0,20,0,20,0,2,28,0,30,48,0,48,78
10/02/2018,OSH,WI,AGL,CE,Federal Contract Tower,0,5,19,0,24,0,0,22,0,22,0,5,41,0,46,0,0,0,46
10/03/2018,OSH,WI,AGL,CE,Federal Contract Tower,0,5,14,2,21,0,0,59,0,59,0,5,73,2,80,64,0,64,144
10/04/2018,OSH,WI,AGL,CE,Federal Contract Tower,0,7,20,0,27,0,0,139,2,141,0,7,159,2,168,264,0,264,432
10/05/2018,OSH,WI,AGL,CE,Federal Contract Tower,0,5,16,0,21,0,0,0,0,0,0,5,16,0,21,0,0,0,21
10/06/2018,OSH,WI,AGL,CE,Federal Contract Tower,0,3,15,0,18,0,0,37,0,37,0,3,52,0,55,88,0,88,143
10/07/2018,OSH,WI,AGL,CE,Federal Contract Tower,0,0,7,0,7,0,0,12,0,12,0,0,19,0,19,48,0,48,67
10/08/2018,OSH,WI,AGL,CE,Federal Contract Tower,0,3,16,0,19,0,0,27,0,27,0,3,43,0,46,106,0,106,152
10/09/2018,OSH,WI,AGL,CE,Federal Contract Tower,0,5,8,0,13,0,0,52,0,52,0,5,60,0,65,232,0,232,297
10/10/2018,OSH,WI,AGL,CE,Federal Contract Tower,0,4,15,0,19,0,0,31,0,31,0,4,46,0,50,68,0,68,118
10/11/2018,OSH,WI,AGL,CE,Federal Contract Tower,0,7,4,0,11,0,0,37,0,37,0,7,41,0,48,94,0,94,142
10/12/2018,OSH,WI,AGL,CE,Federal Contract Tower,0,6,10,0,16,0,0,115,0,115,0,6,125,0,131,268,0,268,399
10/13/2018,OSH,WI,AGL,CE,Federal Contract Tower,0,3,6,0,9,0,2,78,0,80,0,5,84,0,89,196,0,196,285
10/14/2018,OSH,WI,AGL,CE,Federal Contract Tower,0,0,5,0,5,0,0,26,0,26,0,0,31,0,31,124,0,124,155
10/15/2018,OSH,WI,AGL,CE,Federal Contract Tower,0,2,11,0,13,0,0,71,0,71,0,2,82,0,84,136,0,136,220
10/16/2018,OSH,WI,AGL,CE,Federal Contract Tower,0,5,9,0,14,0,0,61,0,61,0,5,70,0,75,164,0,164,239
10/17/2018,OSH,WI,AGL,CE,Federal Contract Tower,0,6,12,2,20,0,0,94,7,101,0,6,106,9,121,180,0,180,301
10/18/2018,OSH,WI,AGL,CE,Federal Contract Tower,0,5,10,0,15,0,0,149,0,149,0,5,159,0,164,300,0,300,464
10/19/2018,OSH,WI,AGL,CE,Federal Contract Tower,0,4,10,0,14,0,0,25,0,25,0,4,35,0,39,56,0,56,95
10/20/2018,OSH,WI,AGL,CE,Federal Contract Tower,0,3,1,0,4,0,0,5,0,5,0,3,6,0,9,0,0,0,9
10/22/2018,OSH,WI,AGL,CE,Federal Contract Tower,0,2,3,4,9,0,0,108,0,108,0,2,111,4,117,210,0,210,327
10/23/2018,OSH,WI,AGL,CE,Federal Contract Tower,0,4,9,0,13,0,0,84,0,84,0,4,93,0,97,259,0,259,356
10/24/2018,OSH,WI,AGL,CE,Federal Contract Tower,0,4,9,0,13,0,0,107,0,107,0,4,116,0,120,260,0,260,380
10/25/2018,OSH,WI,AGL,CE,Federal Contract Tower,0,4,8,0,12,0,0,96,0,96,0,4,104,0,108,248,0,248,356
10/26/2018,OSH,WI,AGL,CE,Federal Contract Tower,0,4,12,0,16,0,0,42,0,42,0,4,54,0,58,126,0,126,184
10/27/2018,OSH,WI,AGL,CE,Federal Contract Tower,0,2,6,0,8,0,0,41,0,41,0,2,47,0,49,64,0,64,113
10/28/2018,OSH,WI,AGL,CE,Federal Contract Tower,0,0,3,0,3,0,0,2,0,2,0,0,5,0,5,0,0,0,5
10/29/2018,OSH,WI,AGL,CE,Federal Contract Tower,0,2,9,0,11,0,0,75,0,75,0,2,84,0,86,128,0,128,214
10/30/2018,OSH,WI,AGL,CE,Federal Contract Tower,0,6,15,0,21,0,0,46,0,46,0,6,61,0,67,200,0,200,267
10/31/2018,OSH,WI,AGL,CE,Federal Contract Tower,0,4,11,2,17,0,0,85,2,87,0,4,96,4,104,146,0,146,250
11/01/2018,OSH,WI,AGL,CE,Federal Contract Tower,0,4,9,0,13,0,0,93,2,95,0,4,102,2,108,98,0,98,206
11/02/2018,OSH,WI,AGL,CE,Federal Contract Tower,0,4,9,0,13,0,0,60,0,60,0,4,69,0,73,130,0,130,203
11/03/2018,OSH,WI,AGL,CE,Federal Contract Tower,0,1,3,0,4,0,0,61,0,61,0,1,64,0,65,120,0,120,185
11/04/2018,OSH,WI,AGL,CE,Federal Contract Tower,0,0,10,0,10,0,0,0,0,0,0,0,10,0,10,0,0,0,10
11/05/2018,OSH,WI,AGL,CE,Federal Contract Tower,0,4,10,0,14,0,0,14,0,14,0,4,24,0,28,46,0,46,74
11/06/2018,OSH,WI,AGL,CE,Federal Contract Tower,0,6,10,0,16,0,0,0,0,0,0,6,10,0,16,0,0,0,16
11/07/2018,OSH,WI,AGL,CE,Federal Contract Tower,0,6,17,0,23,0,0,37,0,37,0,6,54,0,60,84,0,84,144
11/08/2018,OSH,WI,AGL,CE,Federal Contract Tower,0,4,9,0,13,0,0,49,0,49,0,4,58,0,62,76,0,76,138
11/09/2018,OSH,WI,AGL,CE,Federal Contract Tower,0,6,16,0,22,0,0,18,0,18,0,6,34,0,40,42,0,42,82
11/10/2018,OSH,WI,AGL,CE,Federal Contract Tower,0,2,2,0,4,0,0,79,0,79,0,2,81,0,83,140,0,140,223
11/11/2018,OSH,WI,AGL,CE,Federal Contract Tower,0,0,6,0,6,0,0,42,0,42,0,0,48,0,48,82,0,82,130
11/12/2018,OSH,WI,AGL,CE,Federal Contract Tower,0,4,15,0,19,0,0,48,0,48,0,4,63,0,67,126,0,126,193
11/13/2018,OSH,WI,AGL,CE,Federal Contract Tower,0,6,7,0,13,0,0,54,0,54,0,6,61,0,67,130,0,130,197
11/14/2018,OSH,WI,AGL,CE,Federal Contract Tower,0,7,10,10,27,0,0,84,2,86,0,7,94,12,113,78,0,78,191
11/15/2018,OSH,WI,AGL,CE,Federal Contract Tower,0,6,6,0,12,0,0,66,0,66,0,6,72,0,78,76,0,76,154
11/16/2018,OSH,WI,AGL,CE,Federal Contract Tower,0,4,16,2,22,0,0,19,0,19,0,4,35,2,41,22,0,22,63
11/17/2018,OSH,WI,AGL,CE,Federal Contract Tower,0,2,9,0,11,0,0,43,0,43,0,2,52,0,54,66,0,66,120
11/18/2018,OSH,WI,AGL,CE,Federal Contract Tower,0,0,14,0,14,0,0,66,0,66,0,0,80,0,80,76,0,76,156
11/19/2018,OSH,WI,AGL,CE,Federal Contract Tower,0,3,10,0,13,0,0,43,0,43,0,3,53,0,56,168,0,168,224
11/20/2018,OSH,WI,AGL,CE,Federal Contract Tower,0,4,17,0,21,0,0,40,0,40,0,4,57,0,61,74,0,74,135
11/21/2018,OSH,WI,AGL,CE,Federal Contract Tower,0,5,7,0,12,0,1,66,0,67,0,6,73,0,79,98,0,98,177
11/22/2018,OSH,WI,AGL,CE,Federal Contract Tower,0,0,0,0,0,0,0,5,0,5,0,0,5,0,5,40,0,40,45
11/23/2018,OSH,WI,AGL,CE,Federal Contract Tower,0,4,5,0,9,0,0,20,0,20,0,4,25,0,29,2,0,2,31
11/24/2018,OSH,WI,AGL,CE,Federal Contract Tower,0,2,5,0,7,0,0,0,0,0,0,2,5,0,7,0,0,0,7
11/25/2018,OSH,WI,AGL,CE,Federal Contract Tower,0,0,3,0,3,0,0,9,0,9,0,0,12,0,12,34,0,34,46
11/26/2018,OSH,WI,AGL,CE,Federal Contract Tower,0,2,4,0,6,0,0,14,0,14,0,2,18,0,20,22,0,22,42
11/27/2018,OSH,WI,AGL,CE,Federal Contract Tower,0,4,3,0,7,0,0,31,0,31,0,4,34,0,38,112,0,112,150
11/28/2018,OSH,WI,AGL,CE,Federal Contract Tower,0,5,1,0,6,0,0,69,0,69,0,5,70,0,75,130,0,130,205
11/29/2018,OSH,WI,AGL,CE,Federal Contract Tower,0,9,6,0,15,0,0,0,0,0,0,9,6,0,15,0,0,0,15
11/30/2018,OSH,WI,AGL,CE,Federal Contract Tower,0,7,6,0,13,0,0,1,0,1,0,7,7,0,14,0,0,0,14
12/01/2018,OSH,WI,AGL,CE,Federal Contract Tower,0,2,2,0,4,0,0,0,0,0,0,2,2,0,4,0,0,0,4
12/02/2018,OSH,WI,AGL,CE,Federal Contract Tower,0,0,1,0,1,0,0,0,0,0,0,0,1,0,1,0,0,0,1
12/03/2018,OSH,WI,AGL,CE,Federal Contract Tower,0,2,6,2,10,0,0,30,2,32,0,2,36,4,42,24,0,24,66
12/04/2018,OSH,WI,AGL,CE,Federal Contract Tower,0,5,6,0,11,0,0,55,0,55,0,5,61,0,66,150,0,150,216
12/05/2018,OSH,WI,AGL,CE,Federal Contract Tower,0,7,4,0,11,0,0,45,0,45,0,7,49,0,56,102,0,102,158
12/06/2018,OSH,WI,AGL,CE,Federal Contract Tower,0,7,8,0,15,0,1,81,0,82,0,8,89,0,97,132,0,132,229
12/07/2018,OSH,WI,AGL,CE,Federal Contract Tower,0,8,24,0,32,0,0,76,0,76,0,8,100,0,108,106,0,106,214
12/08/2018,OSH,WI,AGL,CE,Federal Contract Tower,0,4,3,0,7,0,0,57,0,57,0,4,60,0,64,100,0,100,164
12/09/2018,OSH,WI,AGL,CE,Federal Contract Tower,0,1,11,0,12,0,0,30,0,30,0,1,41,0,42,26,0,26,68
12/10/2018,OSH,WI,AGL,CE,Federal Contract Tower,0,2,7,0,9,0,0,41,0,41,0,2,48,0,50,116,0,116,166
12/11/2018,OSH,WI,AGL,CE,Federal Contract Tower,0,4,8,9,21,0,0,1,0,1,0,4,9,9,22,0,0,0,22
12/12/2018,OSH,WI,AGL,CE,Federal Contract Tower,0,15,2,0,17,0,0,0,0,0,0,15,2,0,17,0,0,0,17
12/13/2018,OSH,WI,AGL,CE,Federal Contract Tower,0,7,9,0,16,0,0,20,0,20,0,7,29,0,36,72,0,72,108
12/14/2018,OSH,WI,AGL,CE,Federal Contract Tower,0,6,9,0,15,0,0,27,0,27,0,6,36,0,42,44,0,44,86
12/15/2018,OSH,WI,AGL,CE,Federal Contract Tower,0,2,9,0,11,0,0,128,0,128,0,2,137,0,139,204,0,204,343
12/16/2018,OSH,WI,AGL,CE,Federal Contract Tower,0,0,3,0,3,0,0,73,0,73,0,0,76,0,76,78,0,78,154
12/17/2018,OSH,WI,AGL,CE,Federal Contract Tower,0,7,5,4,16,0,0,52,0,52,0,7,57,4,68,138,0,138,206
12/18/2018,OSH,WI,AGL,CE,Federal Contract Tower,0,8,8,0,16,0,0,57,0,57,0,8,65,0,73,82,0,82,155
12/19/2018,OSH,WI,AGL,CE,Federal Contract Tower,0,10,16,0,26,0,1,42,2,45,0,11,58,2,71,138,0,138,209
12/20/2018,OSH,WI,AGL,CE,Federal Contract Tower,0,9,15,0,24,0,1,3,0,4,0,10,18,0,28,18,0,18,46
12/21/2018,OSH,WI,AGL,CE,Federal Contract Tower,0,6,9,0,15,0,0,38,0,38,0,6,47,0,53,72,0,72,125
12/22/2018,OSH,WI,AGL,CE,Federal Contract Tower,0,5,2,0,7,0,0,20,0,20,0,5,22,0,27,58,0,58,85
12/23/2018,OSH,WI,AGL,CE,Federal Contract Tower,0,0,0,0,0,0,0,13,0,13,0,0,13,0,13,46,0,46,59
12/24/2018,OSH,WI,AGL,CE,Federal Contract Tower,0,3,5,0,8,0,0,33,0,33,0,3,38,0,41,32,0,32,73
12/25/2018,OSH,WI,AGL,CE,Federal Contract Tower,0,0,0,0,0,0,0,0,0,0,0,0,0,0,0,0,0,0,0
12/26/2018,OSH,WI,AGL,CE,Federal Contract Tower,0,6,7,0,13,0,4,30,0,34,0,10,37,0,47,80,0,80,127
12/27/2018,OSH,WI,AGL,CE,Federal Contract Tower,0,6,2,0,8,0,0,0,0,0,0,6,2,0,8,0,0,0,8
12/28/2018,OSH,WI,AGL,CE,Federal Contract Tower,0,6,1,0,7,0,0,0,0,0,0,6,1,0,7,0,0,0,7
12/29/2018,OSH,WI,AGL,CE,Federal Contract Tower,0,4,5,0,9,0,0,29,0,29,0,4,34,0,38,136,0,136,174
12/30/2018,OSH,WI,AGL,CE,Federal Contract Tower,0,2,5,0,7,0,0,26,0,26,0,2,31,0,33,38,0,38,71
12/31/2018,OSH,WI,AGL,CE,Federal Contract Tower,0,1,2,0,3,0,0,3,0,3,0,1,5,0,6,6,0,6,12
01/01/2019,OSH,WI,AGL,CE,Federal Contract Tower,0,0,2,0,2,0,0,12,0,12,0,0,14,0,14,16,0,16,30
01/02/2019,OSH,WI,AGL,CE,Federal Contract Tower,0,9,4,0,13,0,0,2,0,2,0,9,6,0,15,6,0,6,21
01/03/2019,OSH,WI,AGL,CE,Federal Contract Tower,0,8,13,0,21,0,0,49,0,49,0,8,62,0,70,96,0,96,166
01/04/2019,OSH,WI,AGL,CE,Federal Contract Tower,0,9,2,2,13,0,0,95,0,95,0,9,97,2,108,156,0,156,264
01/05/2019,OSH,WI,AGL,CE,Federal Contract Tower,0,2,7,0,9,0,0,98,0,98,0,2,105,0,107,140,0,140,247
01/06/2019,OSH,WI,AGL,CE,Federal Contract Tower,0,0,4,0,4,0,0,36,0,36,0,0,40,0,40,56,0,56,96
01/07/2019,OSH,WI,AGL,CE,Federal Contract Tower,0,4,4,0,8,0,0,0,0,0,0,4,4,0,8,0,0,0,8
01/08/2019,OSH,WI,AGL,CE,Federal Contract Tower,0,6,4,0,10,0,0,16,0,16,0,6,20,0,26,4,0,4,30
01/09/2019,OSH,WI,AGL,CE,Federal Contract Tower,0,7,9,0,16,0,0,49,2,51,0,7,58,2,67,64,0,64,131
01/10/2019,OSH,WI,AGL,CE,Federal Contract Tower,0,8,15,0,23,0,0,42,0,42,0,8,57,0,65,96,0,96,161
01/11/2019,OSH,WI,AGL,CE,Federal Contract Tower,0,4,5,0,9,0,0,57,0,57,0,4,62,0,66,114,0,114,180
01/12/2019,OSH,WI,AGL,CE,Federal Contract Tower,0,1,2,0,3,0,1,11,0,12,0,2,13,0,15,54,0,54,69
01/13/2019,OSH,WI,AGL,CE,Federal Contract Tower,0,0,1,0,1,0,0,14,0,14,0,0,15,0,15,78,0,78,93
01/14/2019,OSH,WI,AGL,CE,Federal Contract Tower,0,2,3,0,5,0,0,10,0,10,0,2,13,0,15,22,0,22,37
01/15/2019,OSH,WI,AGL,CE,Federal Contract Tower,0,6,2,0,8,0,0,11,0,11,0,6,13,0,19,38,0,38,57
01/16/2019,OSH,WI,AGL,CE,Federal Contract Tower,0,5,18,2,25,0,0,88,0,88,0,5,106,2,113,94,0,94,207
01/17/2019,OSH,WI,AGL,CE,Federal Contract Tower,0,4,10,0,14,0,0,8,0,8,0,4,18,0,22,26,0,26,48
01/18/2019,OSH,WI,AGL,CE,Federal Contract Tower,0,4,8,2,14,0,2,54,0,56,0,6,62,2,70,118,0,118,188
01/19/2019,OSH,WI,AGL,CE,Federal Contract Tower,0,2,0,0,2,0,0,11,0,11,0,2,11,0,13,24,0,24,37
01/20/2019,OSH,WI,AGL,CE,Federal Contract Tower,0,0,5,0,5,0,0,31,0,31,0,0,36,0,36,30,0,30,66
01/21/2019,OSH,WI,AGL,CE,Federal Contract Tower,0,2,4,0,6,0,0,34,0,34,0,2,38,0,40,62,0,62,102
01/22/2019,OSH,WI,AGL,CE,Federal Contract Tower,0,2,7,0,9,0,0,5,0,5,0,2,12,0,14,34,0,34,48
01/23/2019,OSH,WI,AGL,CE,Federal Contract Tower,0,8,6,0,14,0,0,1,0,1,0,8,7,0,15,14,0,14,29
01/24/2019,OSH,WI,AGL,CE,Federal Contract Tower,0,5,13,0,18,0,0,0,0,0,0,5,13,0,18,0,0,0,18
01/25/2019,OSH,WI,AGL,CE,Federal Contract Tower,0,6,12,0,18,0,0,33,0,33,0,6,45,0,51,18,0,18,69
01/26/2019,OSH,WI,AGL,CE,Federal Contract Tower,0,3,4,0,7,0,1,19,0,20,0,4,23,0,27,18,0,18,45
01/27/2019,OSH,WI,AGL,CE,Federal Contract Tower,0,0,5,0,5,0,0,26,0,26,0,0,31,0,31,20,0,20,51
01/28/2019,OSH,WI,AGL,CE,Federal Contract Tower,0,2,0,0,2,0,0,0,0,0,0,2,0,0,2,0,0,0,2
01/29/2019,OSH,WI,AGL,CE,Federal Contract Tower,0,5,6,0,11,0,0,2,0,2,0,5,8,0,13,0,0,0,13
01/30/2019,OSH,WI,AGL,CE,Federal Contract Tower,0,3,6,0,9,0,0,1,0,1,0,3,7,0,10,0,0,0,10
01/31/2019,OSH,WI,AGL,CE,Federal Contract Tower,0,7,5,0,12,0,0,0,0,0,0,7,5,0,12,0,0,0,12
02/01/2019,OSH,WI,AGL,CE,Federal Contract Tower,0,5,7,0,12,0,0,21,4,25,0,5,28,4,37,44,0,44,81
02/02/2019,OSH,WI,AGL,CE,Federal Contract Tower,0,3,1,0,4,0,0,0,0,0,0,3,1,0,4,0,0,0,4
02/03/2019,OSH,WI,AGL,CE,Federal Contract Tower,0,3,3,0,6,0,0,0,0,0,0,3,3,0,6,0,0,0,6
02/04/2019,OSH,WI,AGL,CE,Federal Contract Tower,0,13,6,0,19,0,0,0,0,0,0,13,6,0,19,0,0,0,19
02/05/2019,OSH,WI,AGL,CE,Federal Contract Tower,0,8,11,0,19,0,0,35,0,35,0,8,46,0,54,106,0,106,160
02/06/2019,OSH,WI,AGL,CE,Federal Contract Tower,0,5,4,0,9,0,0,0,0,0,0,5,4,0,9,0,0,0,9
02/07/2019,OSH,WI,AGL,CE,Federal Contract Tower,0,5,3,0,8,0,0,0,0,0,0,5,3,0,8,0,0,0,8
02/08/2019,OSH,WI,AGL,CE,Federal Contract Tower,0,7,4,0,11,0,1,49,0,50,0,8,53,0,61,28,0,28,89
02/09/2019,OSH,WI,AGL,CE,Federal Contract Tower,0,4,6,0,10,0,1,77,0,78,0,5,83,0,88,38,0,38,126
02/10/2019,OSH,WI,AGL,CE,Federal Contract Tower,0,0,2,0,2,0,0,3,0,3,0,0,5,0,5,46,0,46,51
02/11/2019,OSH,WI,AGL,CE,Federal Contract Tower,0,2,8,0,10,0,0,0,0,0,0,2,8,0,10,0,0,0,10
02/12/2019,OSH,WI,AGL,CE,Federal Contract Tower,0,4,1,0,5,0,0,0,0,0,0,4,1,0,5,0,0,0,5
02/13/2019,OSH,WI,AGL,CE,Federal Contract Tower,0,9,5,4,18,0,0,44,3,47,0,9,49,7,65,54,0,54,119
02/14/2019,OSH,WI,AGL,CE,Federal Contract Tower,0,7,6,0,13,0,0,16,0,16,0,7,22,0,29,24,0,24,53
02/15/2019,OSH,WI,AGL,CE,Federal Contract Tower,0,3,11,0,14,0,2,33,0,35,0,5,44,0,49,28,0,28,77
02/16/2019,OSH,WI,AGL,CE,Federal Contract Tower,0,4,3,0,7,0,0,31,0,31,0,4,34,0,38,34,0,34,72
02/17/2019,OSH,WI,AGL,CE,Federal Contract Tower,0,0,1,0,1,0,0,6,0,6,0,0,7,0,7,38,0,38,45
02/18/2019,OSH,WI,AGL,CE,Federal Contract Tower,0,7,8,0,15,0,0,49,0,49,0,7,57,0,64,48,0,48,112
02/19/2019,OSH,WI,AGL,CE,Federal Contract Tower,0,4,12,4,20,0,0,65,0,65,0,4,77,4,85,54,0,54,139
02/20/2019,OSH,WI,AGL,CE,Federal Contract Tower,0,5,6,0,11,0,0,0,0,0,0,5,6,0,11,0,0,0,11
02/21/2019,OSH,WI,AGL,CE,Federal Contract Tower,0,9,14,2,25,0,0,65,0,65,0,9,79,2,90,126,6,132,222
02/22/2019,OSH,WI,AGL,CE,Federal Contract Tower,0,4,12,0,16,0,0,70,0,70,0,4,82,0,86,96,0,96,182
02/23/2019,OSH,WI,AGL,CE,Federal Contract Tower,0,2,0,0,2,0,0,0,0,0,0,2,0,0,2,0,0,0,2
02/24/2019,OSH,WI,AGL,CE,Federal Contract Tower,0,0,0,0,0,0,0,0,0,0,0,0,0,0,0,0,0,0,0
02/25/2019,OSH,WI,AGL,CE,Federal Contract Tower,0,2,9,2,13,0,0,29,0,29,0,2,38,2,42,20,0,20,62
02/26/2019,OSH,WI,AGL,CE,Federal Contract Tower,0,8,5,0,13,0,0,16,0,16,0,8,21,0,29,34,0,34,63
02/27/2019,OSH,WI,AGL,CE,Federal Contract Tower,0,5,7,0,12,0,0,1,2,3,0,5,8,2,15,0,2,2,17
02/28/2019,OSH,WI,AGL,CE,Federal Contract Tower,0,7,13,0,20,0,46,2,0,48,0,53,15,0,68,76,0,76,144
03/01/2019,OSH,WI,AGL,CE,Federal Contract Tower,0,4,4,0,8,0,0,15,0,15,0,4,19,0,23,20,0,20,43
03/02/2019,OSH,WI,AGL,CE,Federal Contract Tower,0,3,6,0,9,0,0,14,0,14,0,3,20,0,23,14,0,14,37
03/03/2019,OSH,WI,AGL,CE,Federal Contract Tower,0,2,4,0,6,0,0,29,0,29,0,2,33,0,35,22,0,22,57
03/04/2019,OSH,WI,AGL,CE,Federal Contract Tower,0,2,7,0,9,0,0,22,0,22,0,2,29,0,31,4,0,4,35
03/05/2019,OSH,WI,AGL,CE,Federal Contract Tower,0,3,6,3,12,0,0,13,2,15,0,3,19,5,27,36,0,36,63
03/06/2019,OSH,WI,AGL,CE,Federal Contract Tower,0,9,14,5,28,0,0,48,0,48,0,9,62,5,76,42,0,42,118
03/07/2019,OSH,WI,AGL,CE,Federal Contract Tower,0,8,13,0,21,0,0,69,2,71,0,8,82,2,92,70,0,70,162
03/08/2019,OSH,WI,AGL,CE,Federal Contract Tower,0,3,14,0,17,0,1,70,0,71,0,4,84,0,88,72,0,72,160
03/09/2019,OSH,WI,AGL,CE,Federal Contract Tower,0,2,0,0,2,0,0,5,0,5,0,2,5,0,7,52,0,52,59
03/10/2019,OSH,WI,AGL,CE,Federal Contract Tower,0,0,4,0,4,0,0,2,0,2,0,0,6,0,6,0,0,0,6
03/11/2019,OSH,WI,AGL,CE,Federal Contract Tower,0,1,8,0,9,0,0,56,0,56,0,1,64,0,65,132,0,132,197
03/12/2019,OSH,WI,AGL,CE,Federal Contract Tower,0,7,17,0,24,0,0,64,0,64,0,7,81,0,88,150,0,150,238
03/13/2019,OSH,WI,AGL,CE,Federal Contract Tower,0,5,18,0,23,0,0,2,0,2,0,5,20,0,25,0,0,0,25
03/14/2019,OSH,WI,AGL,CE,Federal Contract Tower,0,4,10,0,14,0,0,4,0,4,0,4,14,0,18,0,0,0,18
03/15/2019,OSH,WI,AGL,CE,Federal Contract Tower,0,5,6,0,11,0,0,4,0,4,0,5,10,0,15,6,0,6,21
03/16/2019,OSH,WI,AGL,CE,Federal Contract Tower,0,2,6,1,9,0,0,108,0,108,0,2,114,1,117,138,0,138,255
03/17/2019,OSH,WI,AGL,CE,Federal Contract Tower,0,0,9,0,9,0,0,65,0,65,0,0,74,0,74,88,0,88,162
03/18/2019,OSH,WI,AGL,CE,Federal Contract Tower,0,2,8,0,10,0,0,61,0,61,0,2,69,0,71,118,0,118,189
03/19/2019,OSH,WI,AGL,CE,Federal Contract Tower,0,9,12,0,21,0,1,85,0,86,0,10,97,0,107,84,0,84,191
03/20/2019,OSH,WI,AGL,CE,Federal Contract Tower,0,7,12,0,19,0,0,43,0,43,0,7,55,0,62,54,0,54,116
03/21/2019,OSH,WI,AGL,CE,Federal Contract Tower,0,5,17,0,22,0,0,30,0,30,0,5,47,0,52,102,0,102,154
03/22/2019,OSH,WI,AGL,CE,Federal Contract Tower,0,4,9,0,13,0,0,62,0,62,0,4,71,0,75,90,0,90,165
03/23/2019,OSH,WI,AGL,CE,Federal Contract Tower,0,1,15,0,16,0,1,71,0,72,0,2,86,0,88,66,0,66,154
03/24/2019,OSH,WI,AGL,CE,Federal Contract Tower,0,2,2,0,4,0,0,31,0,31,0,2,33,0,35,108,0,108,143
03/25/2019,OSH,WI,AGL,CE,Federal Contract Tower,0,4,14,0,18,0,0,40,0,40,0,4,54,0,58,92,0,92,150
03/26/2019,OSH,WI,AGL,CE,Federal Contract Tower,0,5,12,0,17,0,0,60,0,60,0,5,72,0,77,148,0,148,225
03/27/2019,OSH,WI,AGL,CE,Federal Contract Tower,0,5,8,0,13,0,0,20,0,20,0,5,28,0,33,40,0,40,73
03/28/2019,OSH,WI,AGL,CE,Federal Contract Tower,0,5,8,0,13,0,0,63,0,63,0,5,71,0,76,66,0,66,142
03/29/2019,OSH,WI,AGL,CE,Federal Contract Tower,0,4,9,0,13,0,0,55,0,55,0,4,64,0,68,96,0,96,164
03/30/2019,OSH,WI,AGL,CE,Federal Contract Tower,0,2,7,0,9,0,0,22,0,22,0,2,29,0,31,20,0,20,51
03/31/2019,OSH,WI,AGL,CE,Federal Contract Tower,0,3,8,0,11,0,0,75,0,75,0,3,83,0,86,102,0,102,188
04/01/2019,OSH,WI,AGL,CE,Federal Contract Tower,0,3,4,0,7,0,0,30,0,30,0,3,34,0,37,40,0,40,77
04/02/2019,OSH,WI,AGL,CE,Federal Contract Tower,0,5,3,0,8,0,0,26,0,26,0,5,29,0,34,2,0,2,36
04/03/2019,OSH,WI,AGL,CE,Federal Contract Tower,0,8,10,0,18,0,0,71,0,71,0,8,81,0,89,102,0,102,191
04/04/2019,OSH,WI,AGL,CE,Federal Contract Tower,0,7,7,0,14,0,0,62,0,62,0,7,69,0,76,82,0,82,158
04/05/2019,OSH,WI,AGL,CE,Federal Contract Tower,0,4,11,0,15,0,0,6,0,6,0,4,17,0,21,34,0,34,55
04/06/2019,OSH,WI,AGL,CE,Federal Contract Tower,0,2,5,0,7,0,0,7,0,7,0,2,12,0,14,18,0,18,32
04/07/2019,OSH,WI,AGL,CE,Federal Contract Tower,0,2,4,0,6,0,0,8,0,8,0,2,12,0,14,54,0,54,68
04/08/2019,OSH,WI,AGL,CE,Federal Contract Tower,0,4,6,0,10,0,0,48,0,48,0,4,54,0,58,90,0,90,148
04/09/2019,OSH,WI,AGL,CE,Federal Contract Tower,0,10,8,0,18,0,0,61,0,61,0,10,69,0,79,50,0,50,129
04/10/2019,OSH,WI,AGL,CE,Federal Contract Tower,0,7,6,0,13,0,0,15,0,15,0,7,21,0,28,2,0,2,30
04/11/2019,OSH,WI,AGL,CE,Federal Contract Tower,0,5,1,0,6,0,0,0,0,0,0,5,1,0,6,0,0,0,6
04/12/2019,OSH,WI,AGL,CE,Federal Contract Tower,0,4,7,0,11,0,0,15,0,15,0,4,22,0,26,24,0,24,50
04/13/2019,OSH,WI,AGL,CE,Federal Contract Tower,0,2,6,0,8,0,0,41,0,41,0,2,47,0,49,114,0,114,163
04/14/2019,OSH,WI,AGL,CE,Federal Contract Tower,0,3,3,0,6,0,0,7,0,7,0,3,10,0,13,16,0,16,29
04/15/2019,OSH,WI,AGL,CE,Federal Contract Tower,0,3,11,4,18,0,0,96,0,96,0,3,107,4,114,154,0,154,268
04/16/2019,OSH,WI,AGL,CE,Federal Contract Tower,0,5,22,0,27,0,2,39,0,41,0,7,61,0,68,32,0,32,100
04/17/2019,OSH,WI,AGL,CE,Federal Contract Tower,0,4,38,0,42,0,0,0,0,0,0,4,38,0,42,0,0,0,42
04/18/2019,OSH,WI,AGL,CE,Federal Contract Tower,0,8,24,2,34,0,0,0,0,0,0,8,24,2,34,0,0,0,34
04/19/2019,OSH,WI,AGL,CE,Federal Contract Tower,0,4,8,2,14,0,0,73,0,73,0,4,81,2,87,58,0,58,145
04/20/2019,OSH,WI,AGL,CE,Federal Contract Tower,0,3,7,0,10,0,0,77,0,77,0,3,84,0,87,112,0,112,199
04/21/2019,OSH,WI,AGL,CE,Federal Contract Tower,0,2,2,0,4,0,2,40,0,42,0,4,42,0,46,54,0,54,100
04/22/2019,OSH,WI,AGL,CE,Federal Contract Tower,0,6,15,0,21,0,0,25,0,25,0,6,40,0,46,22,0,22,68
04/23/2019,OSH,WI,AGL,CE,Federal Contract Tower,0,10,22,0,32,0,0,50,0,50,0,10,72,0,82,60,0,60,142
04/24/2019,OSH,WI,AGL,CE,Federal Contract Tower,0,3,17,1,21,0,1,95,3,99,0,4,112,4,120,114,0,114,234
04/25/2019,OSH,WI,AGL,CE,Federal Contract Tower,0,5,12,0,17,0,0,54,0,54,0,5,66,0,71,80,0,80,151
04/26/2019,OSH,WI,AGL,CE,Federal Contract Tower,0,4,15,2,21,0,0,68,0,68,0,4,83,2,89,10,0,10,99
04/27/2019,OSH,WI,AGL,CE,Federal Contract Tower,0,1,5,0,6,0,0,41,0,41,0,1,46,0,47,114,0,114,161
04/28/2019,OSH,WI,AGL,CE,Federal Contract Tower,0,3,18,0,21,0,0,55,0,55,0,3,73,0,76,94,0,94,170
04/29/2019,OSH,WI,AGL,CE,Federal Contract Tower,0,4,14,0,18,0,0,0,0,0,0,4,14,0,18,0,0,0,18
04/30/2019,OSH,WI,AGL,CE,Federal Contract Tower,0,9,9,0,18,0,0,0,0,0,0,9,9,0,18,0,0,0,18
05/01/2019,OSH,WI,AGL,CE,Federal Contract Tower,0,15,30,0,45,0,0,3,0,3,0,15,33,0,48,0,0,0,48
05/02/2019,OSH,WI,AGL,CE,Federal Contract Tower,0,5,19,0,24,0,0,21,0,21,0,5,40,0,45,40,0,40,85
05/03/2019,OSH,WI,AGL,CE,Federal Contract Tower,0,6,18,0,24,0,0,80,2,82,0,6,98,2,106,86,0,86,192
05/05/2019,OSH,WI,AGL,CE,Federal Contract Tower,0,1,8,0,9,0,0,37,0,37,0,1,45,0,46,90,0,90,136
05/06/2019,OSH,WI,AGL,CE,Federal Contract Tower,0,2,11,2,15,0,0,31,0,31,0,2,42,2,46,72,0,72,118
05/08/2019,OSH,WI,AGL,CE,Federal Contract Tower,0,14,8,0,22,0,0,26,0,26,0,14,34,0,48,18,0,18,66
05/09/2019,OSH,WI,AGL,CE,Federal Contract Tower,0,6,8,0,14,0,0,0,2,2,0,6,8,2,16,0,0,0,16
05/10/2019,OSH,WI,AGL,CE,Federal Contract Tower,0,8,10,0,18,0,0,116,0,116,0,8,126,0,134,134,0,134,268
05/11/2019,OSH,WI,AGL,CE,Federal Contract Tower,0,6,5,0,11,0,1,69,0,70,0,7,74,0,81,144,0,144,225
05/12/2019,OSH,WI,AGL,CE,Federal Contract Tower,0,2,1,0,3,0,0,51,0,51,0,2,52,0,54,138,0,138,192
05/13/2019,OSH,WI,AGL,CE,Federal Contract Tower,0,2,10,2,14,0,0,87,0,87,0,2,97,2,101,154,0,154,255
05/14/2019,OSH,WI,AGL,CE,Federal Contract Tower,0,3,8,0,11,0,0,91,0,91,0,3,99,0,102,172,0,172,274
05/15/2019,OSH,WI,AGL,CE,Federal Contract Tower,0,10,13,2,25,0,0,123,0,123,0,10,136,2,148,120,0,120,268
05/16/2019,OSH,WI,AGL,CE,Federal Contract Tower,0,9,13,0,22,0,0,54,0,54,0,9,67,0,76,68,0,68,144
05/17/2019,OSH,WI,AGL,CE,Federal Contract Tower,0,4,21,0,25,0,1,109,0,110,0,5,130,0,135,148,0,148,283
05/18/2019,OSH,WI,AGL,CE,Federal Contract Tower,0,4,4,0,8,0,0,0,0,0,0,4,4,0,8,0,0,0,8
05/19/2019,OSH,WI,AGL,CE,Federal Contract Tower,0,4,0,0,4,0,0,0,0,0,0,4,0,0,4,0,0,0,4
05/20/2019,OSH,WI,AGL,CE,Federal Contract Tower,0,8,17,1,26,0,2,63,1,66,0,10,80,2,92,228,0,228,320
05/21/2019,OSH,WI,AGL,CE,Federal Contract Tower,0,6,8,0,14,0,0,71,0,71,0,6,79,0,85,238,0,238,323
05/22/2019,OSH,WI,AGL,CE,Federal Contract Tower,0,8,13,0,21,0,0,11,0,11,0,8,24,0,32,10,0,10,42
05/23/2019,OSH,WI,AGL,CE,Federal Contract Tower,0,11,15,4,30,0,2,84,4,90,0,13,99,8,120,132,0,132,252
05/24/2019,OSH,WI,AGL,CE,Federal Contract Tower,0,4,11,0,15,0,0,0,0,0,0,4,11,0,15,0,0,0,15
05/25/2019,OSH,WI,AGL,CE,Federal Contract Tower,0,4,9,0,13,0,0,61,0,61,0,4,70,0,74,192,0,192,266
05/26/2019,OSH,WI,AGL,CE,Federal Contract Tower,0,2,7,0,9,0,0,114,0,114,0,2,121,0,123,228,0,228,351
05/27/2019,OSH,WI,AGL,CE,Federal Contract Tower,0,0,17,0,17,0,0,24,0,24,0,0,41,0,41,152,0,152,193
05/28/2019,OSH,WI,AGL,CE,Federal Contract Tower,0,5,22,1,28,0,0,8,0,8,0,5,30,1,36,44,0,44,80
05/29/2019,OSH,WI,AGL,CE,Federal Contract Tower,0,3,11,0,14,0,0,117,2,119,0,3,128,2,133,180,0,180,313
05/30/2019,OSH,WI,AGL,CE,Federal Contract Tower,0,8,13,0,21,0,0,133,4,137,0,8,146,4,158,202,0,202,360
05/31/2019,OSH,WI,AGL,CE,Federal Contract Tower,0,5,18,0,23,0,0,69,0,69,0,5,87,0,92,46,0,46,138
06/01/2019,OSH,WI,AGL,CE,Federal Contract Tower,0,4,6,0,10,0,0,16,0,16,0,4,22,0,26,54,0,54,80
06/02/2019,OSH,WI,AGL,CE,Federal Contract Tower,0,1,17,0,18,0,1,110,0,111,0,2,127,0,129,158,0,158,287
06/03/2019,OSH,WI,AGL,CE,Federal Contract Tower,0,2,12,0,14,0,0,64,0,64,0,2,76,0,78,84,0,84,162
06/04/2019,OSH,WI,AGL,CE,Federal Contract Tower,0,4,13,0,17,0,2,50,0,52,0,6,63,0,69,110,0,110,179
06/05/2019,OSH,WI,AGL,CE,Federal Contract Tower,0,4,32,3,39,0,0,48,2,50,0,4,80,5,89,164,0,164,253
06/06/2019,OSH,WI,AGL,CE,Federal Contract Tower,0,3,15,0,18,0,0,170,0,170,0,3,185,0,188,272,0,272,460
06/07/2019,OSH,WI,AGL,CE,Federal Contract Tower,0,4,9,0,13,0,0,140,0,140,0,4,149,0,153,236,0,236,389
06/08/2019,OSH,WI,AGL,CE,Federal Contract Tower,0,2,8,0,10,0,0,146,0,146,0,2,154,0,156,240,0,240,396
06/09/2019,OSH,WI,AGL,CE,Federal Contract Tower,0,2,8,0,10,0,0,4,0,4,0,2,12,0,14,16,0,16,30
06/10/2019,OSH,WI,AGL,CE,Federal Contract Tower,0,6,9,0,15,0,0,74,0,74,0,6,83,0,89,70,0,70,159
06/11/2019,OSH,WI,AGL,CE,Federal Contract Tower,0,2,16,0,18,0,0,86,2,88,0,2,102,2,106,204,0,204,310
06/12/2019,OSH,WI,AGL,CE,Federal Contract Tower,0,6,40,0,46,0,0,9,0,9,0,6,49,0,55,26,0,26,81
06/13/2019,OSH,WI,AGL,CE,Federal Contract Tower,0,2,18,0,20,0,0,121,2,123,0,2,139,2,143,152,0,152,295
06/14/2019,OSH,WI,AGL,CE,Federal Contract Tower,0,8,8,0,16,0,0,31,0,31,0,8,39,0,47,32,0,32,79
06/15/2019,OSH,WI,AGL,CE,Federal Contract Tower,0,6,3,0,9,0,0,8,0,8,0,6,11,0,17,36,0,36,53
06/16/2019,OSH,WI,AGL,CE,Federal Contract Tower,0,5,11,0,16,0,7,33,0,40,0,12,44,0,56,104,0,104,160
06/17/2019,OSH,WI,AGL,CE,Federal Contract Tower,0,6,14,2,22,0,0,165,0,165,0,6,179,2,187,308,0,308,495
06/18/2019,OSH,WI,AGL,CE,Federal Contract Tower,0,2,21,4,27,0,0,137,0,137,0,2,158,4,164,328,0,328,492
06/19/2019,OSH,WI,AGL,CE,Federal Contract Tower,0,3,26,0,29,0,0,136,4,140,0,3,162,4,169,306,0,306,475
06/20/2019,OSH,WI,AGL,CE,Federal Contract Tower,0,2,22,0,24,0,0,149,2,151,0,2,171,2,175,354,0,354,529
06/21/2019,OSH,WI,AGL,CE,Federal Contract Tower,0,4,18,4,26,0,0,173,0,173,0,4,191,4,199,460,0,460,659
06/22/2019,OSH,WI,AGL,CE,Federal Contract Tower,0,3,6,2,11,0,0,120,0,120,0,3,126,2,131,162,0,162,293
06/23/2019,OSH,WI,AGL,CE,Federal Contract Tower,0,2,6,0,8,0,0,20,0,20,0,2,26,0,28,68,0,68,96
06/24/2019,OSH,WI,AGL,CE,Federal Contract Tower,0,2,13,0,15,0,0,11,0,11,0,2,24,0,26,58,0,58,84
06/25/2019,OSH,WI,AGL,CE,Federal Contract Tower,0,1,9,0,10,0,0,116,0,116,0,1,125,0,126,150,0,150,276
06/26/2019,OSH,WI,AGL,CE,Federal Contract Tower,0,8,15,2,25,0,0,183,0,183,0,8,198,2,208,198,0,198,406
06/27/2019,OSH,WI,AGL,CE,Federal Contract Tower,0,8,11,0,19,0,0,98,0,98,0,8,109,0,117,190,0,190,307
06/28/2019,OSH,WI,AGL,CE,Federal Contract Tower,0,4,17,0,21,0,0,94,0,94,0,4,111,0,115,154,0,154,269
06/29/2019,OSH,WI,AGL,CE,Federal Contract Tower,0,3,11,0,14,0,1,124,0,125,0,4,135,0,139,198,0,198,337
06/30/2019,OSH,WI,AGL,CE,Federal Contract Tower,0,2,7,0,9,0,0,15,0,15,0,2,22,0,24,4,0,4,28
07/01/2019,OSH,WI,AGL,CE,Federal Contract Tower,0,1,6,4,11,0,1,82,6,89,0,2,88,10,100,204,8,212,312
07/02/2019,OSH,WI,AGL,CE,Federal Contract Tower,0,7,19,1,27,0,0,53,1,54,0,7,72,2,81,160,0,160,241
07/03/2019,OSH,WI,AGL,CE,Federal Contract Tower,0,6,20,2,28,0,1,90,0,91,0,7,110,2,119,282,0,282,401
07/04/2019,OSH,WI,AGL,CE,Federal Contract Tower,0,0,1,0,1,0,0,46,0,46,0,0,47,0,47,104,0,104,151
07/05/2019,OSH,WI,AGL,CE,Federal Contract Tower,0,5,14,0,19,0,0,30,0,30,0,5,44,0,49,110,0,110,159
07/06/2019,OSH,WI,AGL,CE,Federal Contract Tower,0,6,0,0,6,0,0,46,2,48,0,6,46,2,54,124,0,124,178
07/07/2019,OSH,WI,AGL,CE,Federal Contract Tower,0,2,7,0,9,0,0,108,0,108,0,2,115,0,117,232,0,232,349
07/08/2019,OSH,WI,AGL,CE,Federal Contract Tower,0,3,21,2,26,0,0,130,0,130,0,3,151,2,156,236,0,236,392
07/09/2019,OSH,WI,AGL,CE,Federal Contract Tower,0,4,13,0,17,0,0,87,0,87,0,4,100,0,104,166,0,166,270
07/10/2019,OSH,WI,AGL,CE,Federal Contract Tower,0,10,16,0,26,0,1,55,0,56,0,11,71,0,82,138,0,138,220
07/11/2019,OSH,WI,AGL,CE,Federal Contract Tower,0,3,16,0,19,0,5,116,0,121,0,8,132,0,140,212,0,212,352
07/12/2019,OSH,WI,AGL,CE,Federal Contract Tower,0,2,15,0,17,0,2,92,4,98,0,4,107,4,115,212,0,212,327
07/14/2019,OSH,WI,AGL,CE,Federal Contract Tower,0,2,8,0,10,0,0,110,0,110,0,2,118,0,120,116,0,116,236
07/15/2019,OSH,WI,AGL,CE,Federal Contract Tower,0,3,19,1,23,0,0,66,0,66,0,3,85,1,89,118,0,118,207
07/16/2019,OSH,WI,AGL,CE,Federal Contract Tower,0,5,20,0,25,0,0,85,0,85,0,5,105,0,110,208,0,208,318
07/17/2019,OSH,WI,AGL,CE,Federal Contract Tower,0,5,37,1,43,0,0,143,0,143,0,5,180,1,186,54,0,54,240
07/18/2019,OSH,WI,AGL,CE,Federal Contract Tower,0,9,73,0,82,0,0,292,0,292,0,9,365,0,374,48,0,48,422
07/19/2019,OSH,WI,AGL,CE,Federal Contract Tower,0,0,52,0,52,0,0,953,0,953,0,0,1005,0,1005,0,0,0,1005
07/20/2019,OSH,WI,AGL,CE,Federal Contract Tower,0,0,47,0,47,0,0,653,0,653,0,0,700,0,700,0,0,0,700
07/21/2019,OSH,WI,AGL,CE,Federal Contract Tower,0,0,87,0,87,0,0,1410,0,1410,0,0,1497,0,1497,0,0,0,1497
07/22/2019,OSH,WI,AGL,CE,Federal Contract Tower,0,0,42,2,44,0,0,1560,0,1560,0,0,1602,2,1604,0,0,0,1604
07/23/2019,OSH,WI,AGL,CE,Federal Contract Tower,0,0,56,4,60,0,0,1451,0,1451,0,0,1507,4,1511,0,0,0,1511
07/24/2019,OSH,WI,AGL,CE,Federal Contract Tower,0,0,100,4,104,0,0,1695,0,1695,0,0,1795,4,1799,0,0,0,1799
07/25/2019,OSH,WI,AGL,CE,Federal Contract Tower,0,0,90,2,92,0,0,2764,0,2764,0,0,2854,2,2856,0,0,0,2856
07/26/2019,OSH,WI,AGL,CE,Federal Contract Tower,0,0,123,2,125,0,0,2105,0,2105,0,0,2228,2,2230,0,0,0,2230
07/27/2019,OSH,WI,AGL,CE,Federal Contract Tower,0,0,53,2,55,0,0,1534,0,1534,0,0,1587,2,1589,0,0,0,1589
07/28/2019,OSH,WI,AGL,CE,Federal Contract Tower,0,0,63,4,67,0,0,1349,0,1349,0,0,1412,4,1416,0,0,0,1416
07/29/2019,OSH,WI,AGL,CE,Federal Contract Tower,0,1,180,8,189,0,1,673,0,674,0,2,853,8,863,0,0,0,863
07/30/2019,OSH,WI,AGL,CE,Federal Contract Tower,0,7,21,1,29,0,2,160,0,162,0,9,181,1,191,140,0,140,331
07/31/2019,OSH,WI,AGL,CE,Federal Contract Tower,0,6,16,0,22,0,0,194,0,194,0,6,210,0,216,170,0,170,386
08/01/2019,OSH,WI,AGL,CE,Federal Contract Tower,0,4,14,0,18,0,0,170,0,170,0,4,184,0,188,260,0,260,448
08/02/2019,OSH,WI,AGL,CE,Federal Contract Tower,0,5,9,0,14,0,1,109,0,110,0,6,118,0,124,266,0,266,390
08/03/2019,OSH,WI,AGL,CE,Federal Contract Tower,0,4,4,5,13,0,0,75,8,83,0,4,79,13,96,132,36,168,264
08/04/2019,OSH,WI,AGL,CE,Federal Contract Tower,0,3,8,1,12,0,0,93,0,93,0,3,101,1,105,204,0,204,309
08/05/2019,OSH,WI,AGL,CE,Federal Contract Tower,0,8,8,0,16,0,0,37,0,37,0,8,45,0,53,128,0,128,181
08/06/2019,OSH,WI,AGL,CE,Federal Contract Tower,0,3,13,0,16,0,1,61,0,62,0,4,74,0,78,146,0,146,224
08/07/2019,OSH,WI,AGL,CE,Federal Contract Tower,0,6,12,0,18,0,0,76,0,76,0,6,88,0,94,190,0,190,284
08/08/2019,OSH,WI,AGL,CE,Federal Contract Tower,0,6,13,0,19,0,0,118,0,118,0,6,131,0,137,256,0,256,393
08/09/2019,OSH,WI,AGL,CE,Federal Contract Tower,0,4,7,0,11,0,0,117,0,117,0,4,124,0,128,182,8,190,318
08/10/2019,OSH,WI,AGL,CE,Federal Contract Tower,0,3,10,0,13,0,0,103,0,103,0,3,113,0,116,204,0,204,320
08/11/2019,OSH,WI,AGL,CE,Federal Contract Tower,0,1,13,1,15,0,2,28,0,30,0,3,41,1,45,168,0,168,213
08/12/2019,OSH,WI,AGL,CE,Federal Contract Tower,0,4,17,1,22,0,0,57,0,57,0,4,74,1,79,164,0,164,243
08/13/2019,OSH,WI,AGL,CE,Federal Contract Tower,0,3,10,0,13,0,0,209,0,209,0,3,219,0,222,154,0,154,376
08/14/2019,OSH,WI,AGL,CE,Federal Contract Tower,0,4,16,0,20,0,0,221,0,221,0,4,237,0,241,68,0,68,309
08/15/2019,OSH,WI,AGL,CE,Federal Contract Tower,0,2,12,0,14,0,0,299,0,299,0,2,311,0,313,144,0,144,457
08/16/2019,OSH,WI,AGL,CE,Federal Contract Tower,0,2,9,0,11,0,0,259,0,259,0,2,268,0,270,4,0,4,274
08/17/2019,OSH,WI,AGL,CE,Federal Contract Tower,0,5,2,0,7,0,0,109,0,109,0,5,111,0,116,174,0,174,290
08/18/2019,OSH,WI,AGL,CE,Federal Contract Tower,0,2,6,0,8,0,0,12,0,12,0,2,18,0,20,48,0,48,68
08/19/2019,OSH,WI,AGL,CE,Federal Contract Tower,0,9,11,0,20,0,0,167,4,171,0,9,178,4,191,346,12,358,549
08/20/2019,OSH,WI,AGL,CE,Federal Contract Tower,0,3,14,1,18,0,0,84,4,88,0,3,98,5,106,298,0,298,404
08/21/2019,OSH,WI,AGL,CE,Federal Contract Tower,0,4,14,5,23,0,0,126,0,126,0,4,140,5,149,270,0,270,419
08/22/2019,OSH,WI,AGL,CE,Federal Contract Tower,0,3,20,0,23,0,0,124,0,124,0,3,144,0,147,286,0,286,433
08/23/2019,OSH,WI,AGL,CE,Federal Contract Tower,0,5,9,0,14,0,0,129,0,129,0,5,138,0,143,224,0,224,367
08/24/2019,OSH,WI,AGL,CE,Federal Contract Tower,0,3,4,0,7,0,1,90,0,91,0,4,94,0,98,146,0,146,244
08/25/2019,OSH,WI,AGL,CE,Federal Contract Tower,0,2,8,0,10,0,0,36,0,36,0,2,44,0,46,92,0,92,138
08/27/2019,OSH,WI,AGL,CE,Federal Contract Tower,0,4,21,0,25,0,0,74,0,74,0,4,95,0,99,194,0,194,293
08/28/2019,OSH,WI,AGL,CE,Federal Contract Tower,0,4,12,0,16,0,0,33,0,33,0,4,45,0,49,32,0,32,81
08/29/2019,OSH,WI,AGL,CE,Federal Contract Tower,0,4,12,0,16,0,0,76,0,76,0,4,88,0,92,66,0,66,158
08/30/2019,OSH,WI,AGL,CE,Federal Contract Tower,0,3,13,2,18,0,0,116,0,116,0,3,129,2,134,152,0,152,286
08/31/2019,OSH,WI,AGL,CE,Federal Contract Tower,0,3,4,0,7,0,0,91,0,91,0,3,95,0,98,216,0,216,314
09/01/2019,OSH,WI,AGL,CE,Federal Contract Tower,0,2,9,0,11,0,0,67,0,67,0,2,76,0,78,128,0,128,206
09/02/2019,OSH,WI,AGL,CE,Federal Contract Tower,0,0,4,0,4,0,0,104,0,104,0,0,108,0,108,144,0,144,252
09/03/2019,OSH,WI,AGL,CE,Federal Contract Tower,0,3,11,0,14,0,0,5,0,5,0,3,16,0,19,8,0,8,27
09/04/2019,OSH,WI,AGL,CE,Federal Contract Tower,0,2,12,0,14,0,0,117,0,117,0,2,129,0,131,258,0,258,389
09/05/2019,OSH,WI,AGL,CE,Federal Contract Tower,0,17,13,0,30,0,0,109,0,109,0,17,122,0,139,138,0,138,277
09/06/2019,OSH,WI,AGL,CE,Federal Contract Tower,0,4,14,12,30,0,0,43,0,43,0,4,57,12,73,84,0,84,157
09/07/2019,OSH,WI,AGL,CE,Federal Contract Tower,0,3,10,0,13,0,1,125,0,126,0,4,135,0,139,246,0,246,385
09/08/2019,OSH,WI,AGL,CE,Federal Contract Tower,0,2,9,0,11,0,2,69,0,71,0,4,78,0,82,210,0,210,292
09/09/2019,OSH,WI,AGL,CE,Federal Contract Tower,0,2,19,0,21,0,0,34,0,34,0,2,53,0,55,62,0,62,117
09/10/2019,OSH,WI,AGL,CE,Federal Contract Tower,0,4,10,0,14,0,0,37,0,37,0,4,47,0,51,78,0,78,129
09/11/2019,OSH,WI,AGL,CE,Federal Contract Tower,0,6,8,0,14,0,0,7,0,7,0,6,15,0,21,2,0,2,23
09/12/2019,OSH,WI,AGL,CE,Federal Contract Tower,0,5,5,0,10,0,0,0,0,0,0,5,5,0,10,0,0,0,10
09/13/2019,OSH,WI,AGL,CE,Federal Contract Tower,0,3,10,0,13,0,0,30,0,30,0,3,40,0,43,42,0,42,85
09/14/2019,OSH,WI,AGL,CE,Federal Contract Tower,0,5,7,0,12,0,0,267,0,267,0,5,274,0,279,148,0,148,427
09/15/2019,OSH,WI,AGL,CE,Federal Contract Tower,0,4,10,0,14,0,0,16,0,16,0,4,26,0,30,58,0,58,88
09/16/2019,OSH,WI,AGL,CE,Federal Contract Tower,0,2,18,8,28,0,0,72,0,72,0,2,90,8,100,82,0,82,182
09/17/2019,OSH,WI,AGL,CE,Federal Contract Tower,0,4,20,0,24,0,0,169,0,169,0,4,189,0,193,216,0,216,409
09/18/2019,OSH,WI,AGL,CE,Federal Contract Tower,0,4,9,0,13,0,1,126,0,127,0,5,135,0,140,164,0,164,304
09/19/2019,OSH,WI,AGL,CE,Federal Contract Tower,0,3,21,0,24,0,1,49,0,50,0,4,70,0,74,32,0,32,106
09/20/2019,OSH,WI,AGL,CE,Federal Contract Tower,0,3,17,0,20,0,1,78,0,79,0,4,95,0,99,146,0,146,245
09/21/2019,OSH,WI,AGL,CE,Federal Contract Tower,0,4,6,2,12,0,0,49,0,49,0,4,55,2,61,176,0,176,237
09/22/2019,OSH,WI,AGL,CE,Federal Contract Tower,0,2,3,0,5,0,0,5,0,5,0,2,8,0,10,0,0,0,10
09/23/2019,OSH,WI,AGL,CE,Federal Contract Tower,0,2,16,0,18,0,0,110,0,110,0,2,126,0,128,250,0,250,378
09/24/2019,OSH,WI,AGL,CE,Federal Contract Tower,0,3,14,0,17,0,0,83,0,83,0,3,97,0,100,166,0,166,266
09/25/2019,OSH,WI,AGL,CE,Federal Contract Tower,0,4,10,0,14,0,1,95,0,96,0,5,105,0,110,84,0,84,194
09/26/2019,OSH,WI,AGL,CE,Federal Contract Tower,0,6,13,2,21,0,2,144,0,146,0,8,157,2,167,120,0,120,287
09/27/2019,OSH,WI,AGL,CE,Federal Contract Tower,0,4,8,0,12,0,0,9,0,9,0,4,17,0,21,60,0,60,81
09/28/2019,OSH,WI,AGL,CE,Federal Contract Tower,0,5,8,2,15,0,0,110,0,110,0,5,118,2,125,306,0,306,431
09/29/2019,OSH,WI,AGL,CE,Federal Contract Tower,0,2,19,0,21,0,0,3,0,3,0,2,22,0,24,14,0,14,38
09/30/2019,OSH,WI,AGL,CE,Federal Contract Tower,0,2,21,0,23,0,0,47,0,47,0,2,68,0,70,84,0,84,154
10/01/2019,OSH,WI,AGL,CE,Federal Contract Tower,0,6,11,2,19,0,0,0,0,0,0,6,11,2,19,0,0,0,19
10/02/2019,OSH,WI,AGL,CE,Federal Contract Tower,0,7,11,2,20,0,0,5,8,13,0,7,16,10,33,14,0,14,47
10/03/2019,OSH,WI,AGL,CE,Federal Contract Tower,0,3,15,0,18,0,1,14,0,15,0,4,29,0,33,10,0,10,43
10/04/2019,OSH,WI,AGL,CE,Federal Contract Tower,0,4,18,0,22,0,0,154,0,154,0,4,172,0,176,264,0,264,440
10/05/2019,OSH,WI,AGL,CE,Federal Contract Tower,0,6,2,0,8,0,0,5,0,5,0,6,7,0,13,34,0,34,47
10/06/2019,OSH,WI,AGL,CE,Federal Contract Tower,0,4,7,0,11,0,0,45,0,45,0,4,52,0,56,134,0,134,190
10/09/2019,OSH,WI,AGL,CE,Federal Contract Tower,0,3,14,2,19,0,1,134,0,135,0,4,148,2,154,194,0,194,348
10/10/2019,OSH,WI,AGL,CE,Federal Contract Tower,0,8,19,0,27,0,1,74,0,75,0,9,93,0,102,190,0,190,292
10/11/2019,OSH,WI,AGL,CE,Federal Contract Tower,0,3,17,0,20,0,1,0,0,1,0,4,17,0,21,0,0,0,21
10/12/2019,OSH,WI,AGL,CE,Federal Contract Tower,0,4,5,0,9,0,0,12,0,12,0,4,17,0,21,14,4,18,39
10/13/2019,OSH,WI,AGL,CE,Federal Contract Tower,0,2,3,0,5,0,0,9,0,9,0,2,12,0,14,40,0,40,54
10/14/2019,OSH,WI,AGL,CE,Federal Contract Tower,0,2,24,0,26,0,0,95,0,95,0,2,119,0,121,216,0,216,337
10/15/2019,OSH,WI,AGL,CE,Federal Contract Tower,0,6,13,0,19,0,0,51,0,51,0,6,64,0,70,102,0,102,172
10/16/2019,OSH,WI,AGL,CE,Federal Contract Tower,0,10,15,0,25,0,1,43,0,44,0,11,58,0,69,30,0,30,99
10/17/2019,OSH,WI,AGL,CE,Federal Contract Tower,0,3,16,0,19,0,1,165,2,168,0,4,181,2,187,320,0,320,507
10/18/2019,OSH,WI,AGL,CE,Federal Contract Tower,0,4,14,1,19,0,0,67,0,67,0,4,81,1,86,100,0,100,186
10/19/2019,OSH,WI,AGL,CE,Federal Contract Tower,0,4,5,1,10,0,0,45,0,45,0,4,50,1,55,142,0,142,197
10/20/2019,OSH,WI,AGL,CE,Federal Contract Tower,0,2,5,0,7,0,0,52,0,52,0,2,57,0,59,68,0,68,127
10/21/2019,OSH,WI,AGL,CE,Federal Contract Tower,0,4,15,0,19,0,0,3,0,3,0,4,18,0,22,0,0,0,22
10/22/2019,OSH,WI,AGL,CE,Federal Contract Tower,0,4,12,0,16,0,0,2,0,2,0,4,14,0,18,0,0,0,18
10/23/2019,OSH,WI,AGL,CE,Federal Contract Tower,0,10,15,0,25,0,0,90,0,90,0,10,105,0,115,202,0,202,317
10/24/2019,OSH,WI,AGL,CE,Federal Contract Tower,0,5,13,0,18,0,0,121,2,123,0,5,134,2,141,206,0,206,347
10/25/2019,OSH,WI,AGL,CE,Federal Contract Tower,0,3,16,0,19,0,1,120,0,121,0,4,136,0,140,290,0,290,430
10/26/2019,OSH,WI,AGL,CE,Federal Contract Tower,0,5,4,0,9,0,0,91,0,91,0,5,95,0,100,134,0,134,234
10/27/2019,OSH,WI,AGL,CE,Federal Contract Tower,0,2,5,0,7,0,1,62,0,63,0,3,67,0,70,60,0,60,130
10/28/2019,OSH,WI,AGL,CE,Federal Contract Tower,0,2,5,0,7,0,0,71,2,73,0,2,76,2,80,160,0,160,240
10/29/2019,OSH,WI,AGL,CE,Federal Contract Tower,0,6,8,2,16,0,0,75,0,75,0,6,83,2,91,190,0,190,281
10/30/2019,OSH,WI,AGL,CE,Federal Contract Tower,0,4,6,0,10,0,27,88,0,115,0,31,94,0,125,188,0,188,313
10/31/2019,OSH,WI,AGL,CE,Federal Contract Tower,0,4,4,0,8,0,0,22,0,22,0,4,26,0,30,20,0,20,50
11/01/2019,OSH,WI,AGL,CE,Federal Contract Tower,0,4,7,0,11,0,0,71,0,71,0,4,78,0,82,172,0,172,254
11/02/2019,OSH,WI,AGL,CE,Federal Contract Tower,0,4,6,0,10,0,0,29,0,29,0,4,35,0,39,74,0,74,113
11/03/2019,OSH,WI,AGL,CE,Federal Contract Tower,0,2,3,0,5,0,0,65,0,65,0,2,68,0,70,132,0,132,202
11/04/2019,OSH,WI,AGL,CE,Federal Contract Tower,0,4,7,0,11,0,0,35,0,35,0,4,42,0,46,74,0,74,120
11/05/2019,OSH,WI,AGL,CE,Federal Contract Tower,0,4,12,0,16,0,0,50,0,50,0,4,62,0,66,74,0,74,140
11/06/2019,OSH,WI,AGL,CE,Federal Contract Tower,0,4,12,0,16,0,0,6,0,6,0,4,18,0,22,16,0,16,38
11/07/2019,OSH,WI,AGL,CE,Federal Contract Tower,0,6,22,0,28,0,0,81,0,81,0,6,103,0,109,198,0,198,307
11/08/2019,OSH,WI,AGL,CE,Federal Contract Tower,0,4,17,0,21,0,0,107,0,107,0,4,124,0,128,168,0,168,296
11/09/2019,OSH,WI,AGL,CE,Federal Contract Tower,0,3,11,0,14,0,1,85,0,86,0,4,96,0,100,128,0,128,228
11/10/2019,OSH,WI,AGL,CE,Federal Contract Tower,0,2,4,0,6,0,0,9,0,9,0,2,13,0,15,16,0,16,31
11/12/2019,OSH,WI,AGL,CE,Federal Contract Tower,0,5,20,0,25,0,1,70,0,71,0,6,90,0,96,214,0,214,310
11/13/2019,OSH,WI,AGL,CE,Federal Contract Tower,0,6,6,0,12,0,0,5,0,5,0,6,11,0,17,14,0,14,31
11/14/2019,OSH,WI,AGL,CE,Federal Contract Tower,0,7,8,0,15,0,0,82,2,84,0,7,90,2,99,172,0,172,271
11/15/2019,OSH,WI,AGL,CE,Federal Contract Tower,0,9,10,0,19,0,1,80,0,81,0,10,90,0,100,84,0,84,184
11/16/2019,OSH,WI,AGL,CE,Federal Contract Tower,0,4,3,0,7,0,0,82,0,82,0,4,85,0,89,134,0,134,223
11/17/2019,OSH,WI,AGL,CE,Federal Contract Tower,0,2,4,0,6,0,0,9,0,9,0,2,13,0,15,16,0,16,31
11/18/2019,OSH,WI,AGL,CE,Federal Contract Tower,0,10,6,0,16,0,0,5,0,5,0,10,11,0,21,10,0,10,31
11/19/2019,OSH,WI,AGL,CE,Federal Contract Tower,0,8,11,0,19,0,0,0,0,0,0,8,11,0,19,0,0,0,19
11/20/2019,OSH,WI,AGL,CE,Federal Contract Tower,0,7,28,0,35,0,0,43,0,43,0,7,71,0,78,132,0,132,210
11/21/2019,OSH,WI,AGL,CE,Federal Contract Tower,0,9,10,0,19,0,0,1,0,1,0,9,11,0,20,0,0,0,20
11/22/2019,OSH,WI,AGL,CE,Federal Contract Tower,0,6,19,0,25,0,1,87,0,88,0,7,106,0,113,126,0,126,239
11/23/2019,OSH,WI,AGL,CE,Federal Contract Tower,0,4,3,0,7,0,0,115,0,115,0,4,118,0,122,82,0,82,204
11/24/2019,OSH,WI,AGL,CE,Federal Contract Tower,0,2,4,0,6,0,0,87,0,87,0,2,91,0,93,80,0,80,173
11/25/2019,OSH,WI,AGL,CE,Federal Contract Tower,0,3,13,0,16,0,0,83,0,83,0,3,96,0,99,164,0,164,263
11/26/2019,OSH,WI,AGL,CE,Federal Contract Tower,0,7,5,0,12,0,0,55,4,59,0,7,60,4,71,112,6,118,189
11/27/2019,OSH,WI,AGL,CE,Federal Contract Tower,0,6,0,0,6,0,1,0,0,1,0,7,0,0,7,0,0,0,7
11/28/2019,OSH,WI,AGL,CE,Federal Contract Tower,0,0,1,0,1,0,0,2,0,2,0,0,3,0,3,0,0,0,3
11/29/2019,OSH,WI,AGL,CE,Federal Contract Tower,0,7,7,0,14,0,0,0,0,0,0,7,7,0,14,0,0,0,14
11/30/2019,OSH,WI,AGL,CE,Federal Contract Tower,0,2,0,0,2,0,0,0,0,0,0,2,0,0,2,0,0,0,2
12/01/2019,OSH,WI,AGL,CE,Federal Contract Tower,0,2,1,0,3,0,0,0,0,0,0,2,1,0,3,0,0,0,3
12/02/2019,OSH,WI,AGL,CE,Federal Contract Tower,0,2,9,0,11,0,0,37,0,37,0,2,46,0,48,64,0,64,112
12/03/2019,OSH,WI,AGL,CE,Federal Contract Tower,0,5,17,0,22,0,0,45,0,45,0,5,62,0,67,98,0,98,165
12/04/2019,OSH,WI,AGL,CE,Federal Contract Tower,0,6,14,0,20,0,0,47,2,49,0,6,61,2,69,84,0,84,153
12/05/2019,OSH,WI,AGL,CE,Federal Contract Tower,0,6,11,0,17,0,1,60,2,63,0,7,71,2,80,158,0,158,238
12/06/2019,OSH,WI,AGL,CE,Federal Contract Tower,0,6,7,0,13,0,0,84,2,86,0,6,91,2,99,134,0,134,233
12/07/2019,OSH,WI,AGL,CE,Federal Contract Tower,0,6,1,0,7,0,0,70,0,70,0,6,71,0,77,94,0,94,171
12/08/2019,OSH,WI,AGL,CE,Federal Contract Tower,0,2,5,0,7,0,0,22,0,22,0,2,27,0,29,28,0,28,57
12/09/2019,OSH,WI,AGL,CE,Federal Contract Tower,0,2,2,0,4,0,0,0,0,0,0,2,2,0,4,0,0,0,4
12/10/2019,OSH,WI,AGL,CE,Federal Contract Tower,0,6,20,0,26,0,0,63,0,63,0,6,83,0,89,126,0,126,215
12/11/2019,OSH,WI,AGL,CE,Federal Contract Tower,0,7,6,0,13,0,0,75,4,79,0,7,81,4,92,86,0,86,178
12/12/2019,OSH,WI,AGL,CE,Federal Contract Tower,0,6,15,0,21,0,0,8,0,8,0,6,23,0,29,30,0,30,59
12/13/2019,OSH,WI,AGL,CE,Federal Contract Tower,0,6,14,0,20,0,0,9,0,9,0,6,23,0,29,26,0,26,55
12/14/2019,OSH,WI,AGL,CE,Federal Contract Tower,0,2,0,0,2,0,0,1,0,1,0,2,1,0,3,0,0,0,3
12/15/2019,OSH,WI,AGL,CE,Federal Contract Tower,0,2,10,0,12,0,0,57,0,57,0,2,67,0,69,110,0,110,179
12/16/2019,OSH,WI,AGL,CE,Federal Contract Tower,0,2,4,0,6,0,0,56,0,56,0,2,60,0,62,118,0,118,180
12/17/2019,OSH,WI,AGL,CE,Federal Contract Tower,0,9,8,2,19,0,0,27,0,27,0,9,35,2,46,74,0,74,120
12/18/2019,OSH,WI,AGL,CE,Federal Contract Tower,0,8,13,0,21,0,0,91,2,93,0,8,104,2,114,104,0,104,218
12/19/2019,OSH,WI,AGL,CE,Federal Contract Tower,0,7,14,0,21,0,0,68,4,72,0,7,82,4,93,114,6,120,213
12/20/2019,OSH,WI,AGL,CE,Federal Contract Tower,0,6,4,0,10,0,0,17,0,17,0,6,21,0,27,16,0,16,43
12/21/2019,OSH,WI,AGL,CE,Federal Contract Tower,0,5,5,0,10,0,0,87,0,87,0,5,92,0,97,70,0,70,167
12/22/2019,OSH,WI,AGL,CE,Federal Contract Tower,0,2,3,0,5,0,0,80,0,80,0,2,83,0,85,58,0,58,143
12/23/2019,OSH,WI,AGL,CE,Federal Contract Tower,0,7,11,2,20,0,0,49,0,49,0,7,60,2,69,74,0,74,143
12/24/2019,OSH,WI,AGL,CE,Federal Contract Tower,0,8,0,0,8,0,0,1,0,1,0,8,1,0,9,0,0,0,9
12/25/2019,OSH,WI,AGL,CE,Federal Contract Tower,0,0,1,0,1,0,0,0,0,0,0,0,1,0,1,0,0,0,1
12/26/2019,OSH,WI,AGL,CE,Federal Contract Tower,0,7,13,1,21,0,0,3,0,3,0,7,16,1,24,10,0,10,34
12/27/2019,OSH,WI,AGL,CE,Federal Contract Tower,0,8,5,2,15,0,0,43,0,43,0,8,48,2,58,84,0,84,142
12/28/2019,OSH,WI,AGL,CE,Federal Contract Tower,0,3,3,0,6,0,1,16,0,17,0,4,19,0,23,34,0,34,57
12/29/2019,OSH,WI,AGL,CE,Federal Contract Tower,0,2,4,0,6,0,0,10,0,10,0,2,14,0,16,10,0,10,26
12/30/2019,OSH,WI,AGL,CE,Federal Contract Tower,0,2,2,0,4,0,0,0,0,0,0,2,2,0,4,0,0,0,4
12/31/2019,OSH,WI,AGL,CE,Federal Contract Tower,0,8,2,0,10,0,0,21,0,21,0,8,23,0,31,36,0,36,67
01/01/2020,OSH,WI,AGL,CE,Federal Contract Tower,0,0,0,0,0,0,0,19,0,19,0,0,19,0,19,2,0,2,21
01/02/2020,OSH,WI,AGL,CE,Federal Contract Tower,0,6,9,0,15,0,0,43,0,43,0,6,52,0,58,124,0,124,182
01/03/2020,OSH,WI,AGL,CE,Federal Contract Tower,0,6,1,0,7,0,0,11,0,11,0,6,12,0,18,36,0,36,54
01/04/2020,OSH,WI,AGL,CE,Federal Contract Tower,0,2,1,0,3,0,0,31,0,31,0,2,32,0,34,74,0,74,108
01/05/2020,OSH,WI,AGL,CE,Federal Contract Tower,0,2,0,0,2,0,0,10,0,10,0,2,10,0,12,62,0,62,74
01/06/2020,OSH,WI,AGL,CE,Federal Contract Tower,0,2,5,0,7,0,0,59,0,59,0,2,64,0,66,68,0,68,134
01/07/2020,OSH,WI,AGL,CE,Federal Contract Tower,0,6,5,0,11,0,0,50,0,50,0,6,55,0,61,116,0,116,177
01/08/2020,OSH,WI,AGL,CE,Federal Contract Tower,0,6,8,0,14,0,0,68,2,70,0,6,76,2,84,170,0,170,254
01/09/2020,OSH,WI,AGL,CE,Federal Contract Tower,0,5,4,0,9,0,0,5,0,5,0,5,9,0,14,0,0,0,14
01/10/2020,OSH,WI,AGL,CE,Federal Contract Tower,0,8,3,0,11,0,0,28,2,30,0,8,31,2,41,38,0,38,79
01/11/2020,OSH,WI,AGL,CE,Federal Contract Tower,0,4,0,0,4,0,0,0,0,0,0,4,0,0,4,0,0,0,4
01/12/2020,OSH,WI,AGL,CE,Federal Contract Tower,0,3,5,2,10,0,0,46,0,46,0,3,51,2,56,78,0,78,134
01/13/2020,OSH,WI,AGL,CE,Federal Contract Tower,0,4,7,0,11,0,0,2,0,2,0,4,9,0,13,4,0,4,17
01/14/2020,OSH,WI,AGL,CE,Federal Contract Tower,0,7,3,2,12,0,0,13,3,16,0,7,16,5,28,10,10,20,48
01/15/2020,OSH,WI,AGL,CE,Federal Contract Tower,0,6,6,0,12,0,0,10,0,10,0,6,16,0,22,34,0,34,56
01/16/2020,OSH,WI,AGL,CE,Federal Contract Tower,0,6,17,0,23,0,0,64,0,64,0,6,81,0,87,102,0,102,189
01/17/2020,OSH,WI,AGL,CE,Federal Contract Tower,0,5,3,0,8,0,0,31,0,31,0,5,34,0,39,142,0,142,181
01/18/2020,OSH,WI,AGL,CE,Federal Contract Tower,0,4,0,0,4,0,0,0,0,0,0,4,0,0,4,0,0,0,4
01/19/2020,OSH,WI,AGL,CE,Federal Contract Tower,0,2,5,0,7,0,0,26,0,26,0,2,31,0,33,48,0,48,81
01/20/2020,OSH,WI,AGL,CE,Federal Contract Tower,0,2,20,0,22,0,0,85,0,85,0,2,105,0,107,106,0,106,213
01/21/2020,OSH,WI,AGL,CE,Federal Contract Tower,0,6,11,0,17,0,0,80,0,80,0,6,91,0,97,66,0,66,163
01/22/2020,OSH,WI,AGL,CE,Federal Contract Tower,0,7,19,0,26,0,0,23,0,23,0,7,42,0,49,72,0,72,121
01/23/2020,OSH,WI,AGL,CE,Federal Contract Tower,0,7,10,0,17,0,0,0,0,0,0,7,10,0,17,0,0,0,17
01/24/2020,OSH,WI,AGL,CE,Federal Contract Tower,0,6,7,0,13,0,0,0,0,0,0,6,7,0,13,0,0,0,13
01/25/2020,OSH,WI,AGL,CE,Federal Contract Tower,0,4,1,0,5,0,0,0,0,0,0,4,1,0,5,0,0,0,5
01/26/2020,OSH,WI,AGL,CE,Federal Contract Tower,0,2,0,0,2,0,0,0,0,0,0,2,0,0,2,0,0,0,2
01/27/2020,OSH,WI,AGL,CE,Federal Contract Tower,0,4,0,0,4,0,0,17,0,17,0,4,17,0,21,36,0,36,57
01/28/2020,OSH,WI,AGL,CE,Federal Contract Tower,0,7,11,1,19,0,0,28,0,28,0,7,39,1,47,80,0,80,127
01/29/2020,OSH,WI,AGL,CE,Federal Contract Tower,0,9,8,0,17,0,0,3,2,5,0,9,11,2,22,36,0,36,58
01/30/2020,OSH,WI,AGL,CE,Federal Contract Tower,0,8,2,0,10,0,0,38,2,40,0,8,40,2,50,132,0,132,182
01/31/2020,OSH,WI,AGL,CE,Federal Contract Tower,0,7,8,0,15,0,0,12,0,12,0,7,20,0,27,16,0,16,43
02/01/2020,OSH,WI,AGL,CE,Federal Contract Tower,0,5,1,0,6,0,0,11,0,11,0,5,12,0,17,14,0,14,31
02/02/2020,OSH,WI,AGL,CE,Federal Contract Tower,0,2,11,0,13,0,0,57,0,57,0,2,68,0,70,60,0,60,130
02/03/2020,OSH,WI,AGL,CE,Federal Contract Tower,0,3,20,0,23,0,0,89,0,89,0,3,109,0,112,164,0,164,276
02/04/2020,OSH,WI,AGL,CE,Federal Contract Tower,0,6,7,0,13,0,0,73,0,73,0,6,80,0,86,178,0,178,264
02/05/2020,OSH,WI,AGL,CE,Federal Contract Tower,0,8,18,0,26,0,0,60,3,63,0,8,78,3,89,102,20,122,211
02/06/2020,OSH,WI,AGL,CE,Federal Contract Tower,0,6,5,2,13,0,0,95,0,95,0,6,100,2,108,186,0,186,294
02/07/2020,OSH,WI,AGL,CE,Federal Contract Tower,0,5,14,2,21,0,1,80,0,81,0,6,94,2,102,102,0,102,204
02/08/2020,OSH,WI,AGL,CE,Federal Contract Tower,0,4,4,0,8,0,1,27,0,28,0,5,31,0,36,70,0,70,106
02/09/2020,OSH,WI,AGL,CE,Federal Contract Tower,0,2,0,0,2,0,0,0,0,0,0,2,0,0,2,0,0,0,2
02/10/2020,OSH,WI,AGL,CE,Federal Contract Tower,0,2,11,0,13,0,0,49,0,49,0,2,60,0,62,120,0,120,182
02/11/2020,OSH,WI,AGL,CE,Federal Contract Tower,0,9,12,0,21,0,0,20,0,20,0,9,32,0,41,66,0,66,107
02/12/2020,OSH,WI,AGL,CE,Federal Contract Tower,0,8,13,0,21,0,0,35,0,35,0,8,48,0,56,68,0,68,124
02/13/2020,OSH,WI,AGL,CE,Federal Contract Tower,0,7,11,0,18,0,0,22,0,22,0,7,33,0,40,32,0,32,72
02/14/2020,OSH,WI,AGL,CE,Federal Contract Tower,0,5,8,0,13,0,1,45,0,46,0,6,53,0,59,98,0,98,157
02/15/2020,OSH,WI,AGL,CE,Federal Contract Tower,0,5,8,0,13,0,0,20,0,20,0,5,28,0,33,12,0,12,45
02/16/2020,OSH,WI,AGL,CE,Federal Contract Tower,0,5,7,0,12,0,0,91,0,91,0,5,98,0,103,210,0,210,313
02/17/2020,OSH,WI,AGL,CE,Federal Contract Tower,0,3,6,0,9,0,0,22,0,22,0,3,28,0,31,84,0,84,115
02/18/2020,OSH,WI,AGL,CE,Federal Contract Tower,0,8,7,0,15,0,0,31,0,31,0,8,38,0,46,52,0,52,98
02/19/2020,OSH,WI,AGL,CE,Federal Contract Tower,0,6,18,0,24,0,0,72,4,76,0,6,90,4,100,128,0,128,228
02/20/2020,OSH,WI,AGL,CE,Federal Contract Tower,0,6,13,2,21,0,0,76,0,76,0,6,89,2,97,86,0,86,183
02/21/2020,OSH,WI,AGL,CE,Federal Contract Tower,0,6,7,0,13,0,0,42,0,42,0,6,49,0,55,50,0,50,105
02/22/2020,OSH,WI,AGL,CE,Federal Contract Tower,0,3,7,0,10,0,0,165,0,165,0,3,172,0,175,92,0,92,267
02/23/2020,OSH,WI,AGL,CE,Federal Contract Tower,0,2,1,0,3,0,0,59,0,59,0,2,60,0,62,72,0,72,134
02/24/2020,OSH,WI,AGL,CE,Federal Contract Tower,0,2,10,0,12,0,0,54,0,54,0,2,64,0,66,110,0,110,176
02/25/2020,OSH,WI,AGL,CE,Federal Contract Tower,0,8,13,1,22,0,0,34,2,36,0,8,47,3,58,76,0,76,134
02/26/2020,OSH,WI,AGL,CE,Federal Contract Tower,0,5,5,0,10,0,0,14,0,14,0,5,19,0,24,4,0,4,28
02/27/2020,OSH,WI,AGL,CE,Federal Contract Tower,0,6,3,0,9,0,0,62,0,62,0,6,65,0,71,108,0,108,179
02/28/2020,OSH,WI,AGL,CE,Federal Contract Tower,0,5,6,2,13,0,1,88,0,89,0,6,94,2,102,86,0,86,188
02/29/2020,OSH,WI,AGL,CE,Federal Contract Tower,0,4,3,0,7,0,0,108,0,108,0,4,111,0,115,136,0,136,251
03/01/2020,OSH,WI,AGL,CE,Federal Contract Tower,0,1,7,0,8,0,1,41,0,42,0,2,48,0,50,60,0,60,110
03/02/2020,OSH,WI,AGL,CE,Federal Contract Tower,0,2,7,0,9,0,0,73,0,73,0,2,80,0,82,72,0,72,154
03/03/2020,OSH,WI,AGL,CE,Federal Contract Tower,0,6,13,0,19,0,1,29,0,30,0,7,42,0,49,42,0,42,91
03/04/2020,OSH,WI,AGL,CE,Federal Contract Tower,0,6,7,0,13,0,0,94,0,94,0,6,101,0,107,184,0,184,291
03/05/2020,OSH,WI,AGL,CE,Federal Contract Tower,0,6,6,0,12,0,0,12,0,12,0,6,18,0,24,24,0,24,48
03/06/2020,OSH,WI,AGL,CE,Federal Contract Tower,0,5,9,6,20,0,0,84,0,84,0,5,93,6,104,150,2,152,256
03/07/2020,OSH,WI,AGL,CE,Federal Contract Tower,0,3,2,0,5,0,0,96,3,99,0,3,98,3,104,120,34,154,258
03/08/2020,OSH,WI,AGL,CE,Federal Contract Tower,0,2,8,0,10,0,0,42,0,42,0,2,50,0,52,96,0,96,148
03/09/2020,OSH,WI,AGL,CE,Federal Contract Tower,0,2,12,0,14,0,0,2,0,2,0,2,14,0,16,6,0,6,22
03/10/2020,OSH,WI,AGL,CE,Federal Contract Tower,0,7,12,0,19,0,0,111,0,111,0,7,123,0,130,222,0,222,352
03/11/2020,OSH,WI,AGL,CE,Federal Contract Tower,0,8,9,0,17,0,0,0,0,0,0,8,9,0,17,0,0,0,17
03/12/2020,OSH,WI,AGL,CE,Federal Contract Tower,0,9,9,0,18,0,0,2,0,2,0,9,11,0,20,0,0,0,20
03/13/2020,OSH,WI,AGL,CE,Federal Contract Tower,0,6,9,0,15,0,0,45,0,45,0,6,54,0,60,20,0,20,80
03/14/2020,OSH,WI,AGL,CE,Federal Contract Tower,0,4,5,0,9,0,1,73,0,74,0,5,78,0,83,140,0,140,223
03/15/2020,OSH,WI,AGL,CE,Federal Contract Tower,0,4,1,0,5,0,0,61,0,61,0,4,62,0,66,58,0,58,124
03/16/2020,OSH,WI,AGL,CE,Federal Contract Tower,0,2,1,0,3,0,0,25,0,25,0,2,26,0,28,54,0,54,82
03/17/2020,OSH,WI,AGL,CE,Federal Contract Tower,0,7,14,0,21,0,2,97,2,101,0,9,111,2,122,174,4,178,300
03/18/2020,OSH,WI,AGL,CE,Federal Contract Tower,0,7,4,0,11,0,0,0,0,0,0,7,4,0,11,0,0,0,11
03/19/2020,OSH,WI,AGL,CE,Federal Contract Tower,0,7,2,0,9,0,0,5,0,5,0,7,7,0,14,2,0,2,16
03/20/2020,OSH,WI,AGL,CE,Federal Contract Tower,0,6,1,0,7,0,0,3,0,3,0,6,4,0,10,0,0,0,10
03/21/2020,OSH,WI,AGL,CE,Federal Contract Tower,0,5,4,0,9,0,0,75,0,75,0,5,79,0,84,82,0,82,166
03/22/2020,OSH,WI,AGL,CE,Federal Contract Tower,0,4,0,0,4,0,0,24,0,24,0,4,24,0,28,48,0,48,76
03/23/2020,OSH,WI,AGL,CE,Federal Contract Tower,0,4,2,0,6,0,0,18,0,18,0,4,20,0,24,54,0,54,78
03/24/2020,OSH,WI,AGL,CE,Federal Contract Tower,0,6,2,2,10,0,0,10,0,10,0,6,12,2,20,26,0,26,46
03/25/2020,OSH,WI,AGL,CE,Federal Contract Tower,0,6,0,0,6,0,0,0,0,0,0,6,0,0,6,0,0,0,6
03/26/2020,OSH,WI,AGL,CE,Federal Contract Tower,0,6,0,0,6,0,0,2,0,2,0,6,2,0,8,0,0,0,8
03/27/2020,OSH,WI,AGL,CE,Federal Contract Tower,0,6,0,0,6,0,0,10,0,10,0,6,10,0,16,10,0,10,26
03/28/2020,OSH,WI,AGL,CE,Federal Contract Tower,0,4,0,0,4,0,0,0,0,0,0,4,0,0,4,0,0,0,4
03/29/2020,OSH,WI,AGL,CE,Federal Contract Tower,0,2,2,0,4,0,0,0,0,0,0,2,2,0,4,0,0,0,4
03/30/2020,OSH,WI,AGL,CE,Federal Contract Tower,0,2,2,0,4,0,0,12,0,12,0,2,14,0,16,0,0,0,16
03/31/2020,OSH,WI,AGL,CE,Federal Contract Tower,0,6,0,0,6,0,0,3,0,3,0,6,3,0,9,0,0,0,9
04/01/2020,OSH,WI,AGL,CE,Federal Contract Tower,0,6,2,0,8,0,0,18,2,20,0,6,20,2,28,34,0,34,62
04/02/2020,OSH,WI,AGL,CE,Federal Contract Tower,0,6,0,0,6,0,0,43,0,43,0,6,43,0,49,16,0,16,65
04/03/2020,OSH,WI,AGL,CE,Federal Contract Tower,0,6,3,0,9,0,0,12,0,12,0,6,15,0,21,8,0,8,29
04/04/2020,OSH,WI,AGL,CE,Federal Contract Tower,0,4,1,0,5,0,0,31,0,31,0,4,32,0,36,8,0,8,44
04/05/2020,OSH,WI,AGL,CE,Federal Contract Tower,0,2,4,0,6,0,0,41,0,41,0,2,45,0,47,38,0,38,85
04/06/2020,OSH,WI,AGL,CE,Federal Contract Tower,0,2,6,0,8,0,2,46,0,48,0,4,52,0,56,10,0,10,66
04/07/2020,OSH,WI,AGL,CE,Federal Contract Tower,0,6,15,0,21,0,0,3,0,3,0,6,18,0,24,0,0,0,24
04/08/2020,OSH,WI,AGL,CE,Federal Contract Tower,0,4,2,0,6,0,0,5,0,5,0,4,7,0,11,0,0,0,11
04/09/2020,OSH,WI,AGL,CE,Federal Contract Tower,0,6,0,0,6,0,0,6,0,6,0,6,6,0,12,0,0,0,12
04/10/2020,OSH,WI,AGL,CE,Federal Contract Tower,0,6,0,0,6,0,0,26,0,26,0,6,26,0,32,6,0,6,38
04/11/2020,OSH,WI,AGL,CE,Federal Contract Tower,0,3,2,0,5,0,2,42,0,44,0,5,44,0,49,14,0,14,63
04/12/2020,OSH,WI,AGL,CE,Federal Contract Tower,0,2,0,0,2,0,0,0,0,0,0,2,0,0,2,0,0,0,2
04/13/2020,OSH,WI,AGL,CE,Federal Contract Tower,0,2,2,0,4,0,0,0,0,0,0,2,2,0,4,0,0,0,4
04/14/2020,OSH,WI,AGL,CE,Federal Contract Tower,0,6,2,0,8,0,0,4,0,4,0,6,6,0,12,0,0,0,12
04/15/2020,OSH,WI,AGL,CE,Federal Contract Tower,0,3,3,0,6,0,1,10,0,11,0,4,13,0,17,0,0,0,17
04/16/2020,OSH,WI,AGL,CE,Federal Contract Tower,0,6,5,2,13,0,0,29,2,31,0,6,34,4,44,22,4,26,70
04/17/2020,OSH,WI,AGL,CE,Federal Contract Tower,0,6,4,0,10,0,0,34,0,34,0,6,38,0,44,28,0,28,72
04/18/2020,OSH,WI,AGL,CE,Federal Contract Tower,0,6,2,0,8,0,0,16,0,16,0,6,18,0,24,0,0,0,24
04/19/2020,OSH,WI,AGL,CE,Federal Contract Tower,0,3,4,0,7,0,0,42,0,42,0,3,46,0,49,44,0,44,93
04/20/2020,OSH,WI,AGL,CE,Federal Contract Tower,0,3,3,0,6,0,0,15,4,19,0,3,18,4,25,8,0,8,33
04/21/2020,OSH,WI,AGL,CE,Federal Contract Tower,0,4,2,0,6,0,0,22,0,22,0,4,24,0,28,8,0,8,36
04/22/2020,OSH,WI,AGL,CE,Federal Contract Tower,0,4,2,0,6,0,0,26,0,26,0,4,28,0,32,8,0,8,40
04/23/2020,OSH,WI,AGL,CE,Federal Contract Tower,0,7,3,0,10,0,0,0,0,0,0,7,3,0,10,0,0,0,10
04/24/2020,OSH,WI,AGL,CE,Federal Contract Tower,0,5,4,0,9,0,1,55,0,56,0,6,59,0,65,102,0,102,167
04/25/2020,OSH,WI,AGL,CE,Federal Contract Tower,0,6,6,0,12,0,1,50,0,51,0,7,56,0,63,38,0,38,101
04/26/2020,OSH,WI,AGL,CE,Federal Contract Tower,0,2,1,0,3,0,0,80,0,80,0,2,81,0,83,60,0,60,143
04/27/2020,OSH,WI,AGL,CE,Federal Contract Tower,0,2,3,0,5,0,0,4,0,4,0,2,7,0,9,0,0,0,9
04/28/2020,OSH,WI,AGL,CE,Federal Contract Tower,0,3,3,0,6,0,0,0,0,0,0,3,3,0,6,0,0,0,6
04/29/2020,OSH,WI,AGL,CE,Federal Contract Tower,0,1,6,0,7,0,0,0,0,0,0,1,6,0,7,0,0,0,7
04/30/2020,OSH,WI,AGL,CE,Federal Contract Tower,0,4,4,0,8,0,0,17,0,17,0,4,21,0,25,6,0,6,31
05/01/2020,OSH,WI,AGL,CE,Federal Contract Tower,0,4,6,0,10,0,0,63,0,63,0,4,69,0,73,58,0,58,131
05/02/2020,OSH,WI,AGL,CE,Federal Contract Tower,0,4,7,0,11,0,0,43,0,43,0,4,50,0,54,18,0,18,72
05/03/2020,OSH,WI,AGL,CE,Federal Contract Tower,0,2,1,0,3,0,0,20,0,20,0,2,21,0,23,30,0,30,53
05/04/2020,OSH,WI,AGL,CE,Federal Contract Tower,0,3,4,0,7,0,2,41,0,43,0,5,45,0,50,58,0,58,108
05/05/2020,OSH,WI,AGL,CE,Federal Contract Tower,0,5,10,0,15,0,1,47,0,48,0,6,57,0,63,44,0,44,107
05/06/2020,OSH,WI,AGL,CE,Federal Contract Tower,0,7,8,0,15,0,1,72,0,73,0,8,80,0,88,90,0,90,178
05/07/2020,OSH,WI,AGL,CE,Federal Contract Tower,0,6,5,0,11,0,0,34,0,34,0,6,39,0,45,22,0,22,67
05/08/2020,OSH,WI,AGL,CE,Federal Contract Tower,0,6,2,0,8,0,0,33,0,33,0,6,35,0,41,6,0,6,47
05/09/2020,OSH,WI,AGL,CE,Federal Contract Tower,0,3,5,0,8,0,2,53,0,55,0,5,58,0,63,22,0,22,85
05/10/2020,OSH,WI,AGL,CE,Federal Contract Tower,0,3,0,0,3,0,0,2,0,2,0,3,2,0,5,8,0,8,13
05/11/2020,OSH,WI,AGL,CE,Federal Contract Tower,0,2,0,0,2,0,0,45,0,45,0,2,45,0,47,52,0,52,99
05/12/2020,OSH,WI,AGL,CE,Federal Contract Tower,0,4,6,2,12,0,0,89,0,89,0,4,95,2,101,112,0,112,213
05/13/2020,OSH,WI,AGL,CE,Federal Contract Tower,0,4,10,0,14,0,0,36,2,38,0,4,46,2,52,28,0,28,80
05/14/2020,OSH,WI,AGL,CE,Federal Contract Tower,0,5,2,0,7,0,0,4,0,4,0,5,6,0,11,0,0,0,11
05/15/2020,OSH,WI,AGL,CE,Federal Contract Tower,0,3,4,0,7,0,0,39,0,39,0,3,43,0,46,48,0,48,94
05/16/2020,OSH,WI,AGL,CE,Federal Contract Tower,0,4,1,0,5,0,1,51,0,52,0,5,52,0,57,40,0,40,97
05/17/2020,OSH,WI,AGL,CE,Federal Contract Tower,0,3,3,2,8,0,0,0,0,0,0,3,3,2,8,0,0,0,8
05/18/2020,OSH,WI,AGL,CE,Federal Contract Tower,0,1,5,0,6,0,0,0,0,0,0,1,5,0,6,0,0,0,6
05/19/2020,OSH,WI,AGL,CE,Federal Contract Tower,0,4,0,2,6,0,0,6,0,6,0,4,6,2,12,12,0,12,24
05/20/2020,OSH,WI,AGL,CE,Federal Contract Tower,0,7,12,0,19,0,0,55,0,55,0,7,67,0,74,72,0,72,146
05/21/2020,OSH,WI,AGL,CE,Federal Contract Tower,0,6,6,2,14,0,0,39,2,41,0,6,45,4,55,44,0,44,99
05/22/2020,OSH,WI,AGL,CE,Federal Contract Tower,0,4,10,0,14,0,0,44,0,44,0,4,54,0,58,98,0,98,156
05/23/2020,OSH,WI,AGL,CE,Federal Contract Tower,0,6,1,0,7,0,0,32,0,32,0,6,33,0,39,44,0,44,83
05/24/2020,OSH,WI,AGL,CE,Federal Contract Tower,0,3,5,0,8,0,0,39,0,39,0,3,44,0,47,22,0,22,69
05/25/2020,OSH,WI,AGL,CE,Federal Contract Tower,0,1,2,0,3,0,0,29,0,29,0,1,31,0,32,38,0,38,70
05/26/2020,OSH,WI,AGL,CE,Federal Contract Tower,0,4,12,0,16,0,0,44,0,44,0,4,56,0,60,66,0,66,126
05/27/2020,OSH,WI,AGL,CE,Federal Contract Tower,0,3,4,0,7,0,0,33,2,35,0,3,37,2,42,82,4,86,128
05/28/2020,OSH,WI,AGL,CE,Federal Contract Tower,0,6,7,0,13,0,0,2,0,2,0,6,9,0,15,0,0,0,15
05/29/2020,OSH,WI,AGL,CE,Federal Contract Tower,0,4,11,0,15,0,0,60,0,60,0,4,71,0,75,114,0,114,189
05/30/2020,OSH,WI,AGL,CE,Federal Contract Tower,0,3,8,0,11,0,0,64,0,64,0,3,72,0,75,70,0,70,145
05/31/2020,OSH,WI,AGL,CE,Federal Contract Tower,0,3,1,2,6,0,0,78,0,78,0,3,79,2,84,96,0,96,180
06/01/2020,OSH,WI,AGL,CE,Federal Contract Tower,0,1,2,0,3,0,0,38,0,38,0,1,40,0,41,52,0,52,93
06/02/2020,OSH,WI,AGL,CE,Federal Contract Tower,0,3,4,0,7,0,0,68,0,68,0,3,72,0,75,86,0,86,161
06/03/2020,OSH,WI,AGL,CE,Federal Contract Tower,0,2,8,0,10,0,0,76,2,78,0,2,84,2,88,148,0,148,236
06/04/2020,OSH,WI,AGL,CE,Federal Contract Tower,0,4,8,0,12,0,0,88,4,92,0,4,96,4,104,194,8,202,306
06/05/2020,OSH,WI,AGL,CE,Federal Contract Tower,0,7,14,0,21,0,0,0,0,0,0,7,14,0,21,154,0,154,175
06/06/2020,OSH,WI,AGL,CE,Federal Contract Tower,0,5,3,0,8,0,0,92,0,92,0,5,95,0,100,76,0,76,176
06/07/2020,OSH,WI,AGL,CE,Federal Contract Tower,0,7,2,0,9,0,0,62,0,62,0,7,64,0,71,118,0,118,189
06/08/2020,OSH,WI,AGL,CE,Federal Contract Tower,0,2,2,8,12,0,8,82,0,90,0,10,84,8,102,144,0,144,246
06/09/2020,OSH,WI,AGL,CE,Federal Contract Tower,0,5,3,0,8,0,3,76,0,79,0,8,79,0,87,108,0,108,195
06/10/2020,OSH,WI,AGL,CE,Federal Contract Tower,0,6,7,0,13,0,2,34,0,36,0,8,41,0,49,70,0,70,119
06/11/2020,OSH,WI,AGL,CE,Federal Contract Tower,0,9,18,0,27,0,1,41,0,42,0,10,59,0,69,150,0,150,219
06/12/2020,OSH,WI,AGL,CE,Federal Contract Tower,0,8,9,0,17,0,1,91,0,92,0,9,100,0,109,128,0,128,237
06/13/2020,OSH,WI,AGL,CE,Federal Contract Tower,0,2,1,0,3,0,2,104,0,106,0,4,105,0,109,28,0,28,137
06/14/2020,OSH,WI,AGL,CE,Federal Contract Tower,0,3,4,0,7,0,2,64,0,66,0,5,68,0,73,102,0,102,175
06/15/2020,OSH,WI,AGL,CE,Federal Contract Tower,0,6,13,0,19,0,2,83,0,85,0,8,96,0,104,120,0,120,224
06/16/2020,OSH,WI,AGL,CE,Federal Contract Tower,0,5,15,0,20,0,0,68,0,68,0,5,83,0,88,94,0,94,182
06/17/2020,OSH,WI,AGL,CE,Federal Contract Tower,0,8,12,4,24,0,0,71,0,71,0,8,83,4,95,110,16,126,221
06/18/2020,OSH,WI,AGL,CE,Federal Contract Tower,0,6,9,0,15,0,0,73,2,75,0,6,82,2,90,96,0,96,186
06/19/2020,OSH,WI,AGL,CE,Federal Contract Tower,0,7,7,0,14,0,0,81,0,81,0,7,88,0,95,140,0,140,235
06/20/2020,OSH,WI,AGL,CE,Federal Contract Tower,0,3,4,0,7,0,0,13,0,13,0,3,17,0,20,40,0,40,60
06/21/2020,OSH,WI,AGL,CE,Federal Contract Tower,0,2,1,0,3,0,0,64,0,64,0,2,65,0,67,56,0,56,123
06/22/2020,OSH,WI,AGL,CE,Federal Contract Tower,0,11,14,0,25,0,0,19,0,19,0,11,33,0,44,96,0,96,140
06/23/2020,OSH,WI,AGL,CE,Federal Contract Tower,0,5,12,0,17,0,0,66,0,66,0,5,78,0,83,56,0,56,139
06/24/2020,OSH,WI,AGL,CE,Federal Contract Tower,0,6,16,2,24,0,0,61,0,61,0,6,77,2,85,80,0,80,165
06/25/2020,OSH,WI,AGL,CE,Federal Contract Tower,0,2,18,2,22,0,2,125,0,127,0,4,143,2,149,122,0,122,271
06/26/2020,OSH,WI,AGL,CE,Federal Contract Tower,0,6,7,0,13,0,0,16,0,16,0,6,23,0,29,100,0,100,129
06/27/2020,OSH,WI,AGL,CE,Federal Contract Tower,0,5,6,0,11,0,0,107,0,107,0,5,113,0,118,132,0,132,250
06/28/2020,OSH,WI,AGL,CE,Federal Contract Tower,0,3,7,0,10,0,0,36,0,36,0,3,43,0,46,12,0,12,58
06/29/2020,OSH,WI,AGL,CE,Federal Contract Tower,0,2,4,0,6,0,0,13,0,13,0,2,17,0,19,36,0,36,55
06/30/2020,OSH,WI,AGL,CE,Federal Contract Tower,0,5,10,0,15,0,0,60,0,60,0,5,70,0,75,58,0,58,133
07/01/2020,OSH,WI,AGL,CE,Federal Contract Tower,0,6,1,0,7,0,0,60,2,62,0,6,61,2,69,74,0,74,143
07/02/2020,OSH,WI,AGL,CE,Federal Contract Tower,0,6,12,0,18,0,0,67,0,67,0,6,79,0,85,98,0,98,183
07/03/2020,OSH,WI,AGL,CE,Federal Contract Tower,0,6,8,0,14,0,0,70,0,70,0,6,78,0,84,42,0,42,126
07/04/2020,OSH,WI,AGL,CE,Federal Contract Tower,0,0,0,0,0,0,0,41,0,41,0,0,41,0,41,76,0,76,117
07/05/2020,OSH,WI,AGL,CE,Federal Contract Tower,0,6,6,0,12,0,0,25,0,25,0,6,31,0,37,12,0,12,49
07/06/2020,OSH,WI,AGL,CE,Federal Contract Tower,0,2,11,0,13,0,0,64,0,64,0,2,75,0,77,118,0,118,195
07/07/2020,OSH,WI,AGL,CE,Federal Contract Tower,0,5,2,0,7,0,0,88,0,88,0,5,90,0,95,102,0,102,197
07/08/2020,OSH,WI,AGL,CE,Federal Contract Tower,0,8,7,0,15,0,0,119,0,119,0,8,126,0,134,180,0,180,314
07/09/2020,OSH,WI,AGL,CE,Federal Contract Tower,0,11,4,0,15,0,0,39,0,39,0,11,43,0,54,54,0,54,108
07/10/2020,OSH,WI,AGL,CE,Federal Contract Tower,0,6,12,0,18,0,0,58,0,58,0,6,70,0,76,36,0,36,112
07/11/2020,OSH,WI,AGL,CE,Federal Contract Tower,0,4,1,0,5,0,0,93,0,93,0,4,94,0,98,74,0,74,172
07/12/2020,OSH,WI,AGL,CE,Federal Contract Tower,0,2,6,0,8,0,0,64,0,64,0,2,70,0,72,32,0,32,104
07/13/2020,OSH,WI,AGL,CE,Federal Contract Tower,0,3,10,0,13,0,0,110,0,110,0,3,120,0,123,160,0,160,283
07/14/2020,OSH,WI,AGL,CE,Federal Contract Tower,0,5,7,4,16,0,0,52,0,52,0,5,59,4,68,100,0,100,168
07/15/2020,OSH,WI,AGL,CE,Federal Contract Tower,0,6,7,0,13,0,0,2,0,2,0,6,9,0,15,0,0,0,15
07/16/2020,OSH,WI,AGL,CE,Federal Contract Tower,0,5,28,2,35,0,0,93,0,93,0,5,121,2,128,142,0,142,270
07/17/2020,OSH,WI,AGL,CE,Federal Contract Tower,2,6,5,2,15,0,0,60,6,66,2,6,65,8,81,58,0,58,139
07/18/2020,OSH,WI,AGL,CE,Federal Contract Tower,0,5,2,2,9,0,0,26,0,26,0,5,28,2,35,28,0,28,63
07/19/2020,OSH,WI,AGL,CE,Federal Contract Tower,0,0,8,0,8,0,0,53,0,53,0,0,61,0,61,72,0,72,133
07/20/2020,OSH,WI,AGL,CE,Federal Contract Tower,0,3,20,0,23,0,0,182,0,182,0,3,202,0,205,198,0,198,403
07/21/2020,OSH,WI,AGL,CE,Federal Contract Tower,0,6,3,0,9,0,0,77,0,77,0,6,80,0,86,156,0,156,242
07/22/2020,OSH,WI,AGL,CE,Federal Contract Tower,0,6,13,2,21,0,0,62,0,62,0,6,75,2,83,68,6,74,157
07/23/2020,OSH,WI,AGL,CE,Federal Contract Tower,0,7,23,0,30,0,0,59,0,59,0,7,82,0,89,58,0,58,147
07/24/2020,OSH,WI,AGL,CE,Federal Contract Tower,0,6,11,0,17,0,0,181,0,181,0,6,192,0,198,160,0,160,358
07/25/2020,OSH,WI,AGL,CE,Federal Contract Tower,0,6,5,0,11,0,0,117,0,117,0,6,122,0,128,110,0,110,238
07/26/2020,OSH,WI,AGL,CE,Federal Contract Tower,0,1,7,0,8,0,0,37,0,37,0,1,44,0,45,42,0,42,87
07/27/2020,OSH,WI,AGL,CE,Federal Contract Tower,0,4,10,2,16,0,0,81,2,83,0,4,91,4,99,88,0,88,187
07/28/2020,OSH,WI,AGL,CE,Federal Contract Tower,0,5,12,0,17,0,0,89,6,95,0,5,101,6,112,104,0,104,216
07/29/2020,OSH,WI,AGL,CE,Federal Contract Tower,0,8,6,0,14,0,0,106,0,106,0,8,112,0,120,92,0,92,212
07/30/2020,OSH,WI,AGL,CE,Federal Contract Tower,0,6,13,10,29,0,0,82,2,84,0,6,95,12,113,128,6,134,247
07/31/2020,OSH,WI,AGL,CE,Federal Contract Tower,0,5,7,0,12,0,0,109,0,109,0,5,116,0,121,97,0,97,218
08/01/2020,OSH,WI,AGL,CE,Federal Contract Tower,0,5,15,0,20,0,0,87,0,87,0,5,102,0,107,148,0,148,255
08/02/2020,OSH,WI,AGL,CE,Federal Contract Tower,0,1,4,0,5,0,0,20,0,20,0,1,24,0,25,24,0,24,49
08/03/2020,OSH,WI,AGL,CE,Federal Contract Tower,0,3,7,0,10,0,0,40,0,40,0,3,47,0,50,90,0,90,140
08/04/2020,OSH,WI,AGL,CE,Federal Contract Tower,0,5,11,0,16,0,0,99,0,99,0,5,110,0,115,104,0,104,219
08/05/2020,OSH,WI,AGL,CE,Federal Contract Tower,0,6,12,0,18,0,0,117,2,119,0,6,129,2,137,150,0,150,287
08/06/2020,OSH,WI,AGL,CE,Federal Contract Tower,0,5,8,2,15,0,0,72,0,72,0,5,80,2,87,152,0,152,239
08/07/2020,OSH,WI,AGL,CE,Federal Contract Tower,0,6,9,0,15,0,0,95,0,95,0,6,104,0,110,118,0,118,228
08/08/2020,OSH,WI,AGL,CE,Federal Contract Tower,0,3,7,0,10,0,0,33,0,33,0,3,40,0,43,14,0,14,57
08/09/2020,OSH,WI,AGL,CE,Federal Contract Tower,0,0,11,0,11,0,0,56,0,56,0,0,67,0,67,104,0,104,171
08/10/2020,OSH,WI,AGL,CE,Federal Contract Tower,0,2,7,0,9,0,1,12,0,13,0,3,19,0,22,6,0,6,28
08/11/2020,OSH,WI,AGL,CE,Federal Contract Tower,0,5,7,0,12,0,0,62,0,62,0,5,69,0,74,52,0,52,126
08/12/2020,OSH,WI,AGL,CE,Federal Contract Tower,0,6,12,2,20,0,0,111,0,111,0,6,123,2,131,156,0,156,287
08/13/2020,OSH,WI,AGL,CE,Federal Contract Tower,0,4,9,0,13,0,0,104,0,104,0,4,113,0,117,124,0,124,241
08/14/2020,OSH,WI,AGL,CE,Federal Contract Tower,0,7,8,0,15,0,6,101,2,109,0,13,109,2,124,82,0,82,206
08/15/2020,OSH,WI,AGL,CE,Federal Contract Tower,0,6,11,3,20,0,0,41,0,41,0,6,52,3,61,42,0,42,103
08/16/2020,OSH,WI,AGL,CE,Federal Contract Tower,0,1,7,3,11,0,0,94,0,94,0,1,101,3,105,154,0,154,259
08/17/2020,OSH,WI,AGL,CE,Federal Contract Tower,0,1,5,3,9,0,0,35,8,43,0,1,40,11,52,48,0,48,100
08/18/2020,OSH,WI,AGL,CE,Federal Contract Tower,0,5,21,2,28,0,0,107,0,107,0,5,128,2,135,90,0,90,225
08/19/2020,OSH,WI,AGL,CE,Federal Contract Tower,0,5,16,0,21,0,0,109,0,109,0,5,125,0,130,160,0,160,290
08/20/2020,OSH,WI,AGL,CE,Federal Contract Tower,0,6,9,0,15,0,0,108,2,110,0,6,117,2,125,96,0,96,221
08/21/2020,OSH,WI,AGL,CE,Federal Contract Tower,0,6,10,0,16,0,0,96,0,96,0,6,106,0,112,106,0,106,218
08/22/2020,OSH,WI,AGL,CE,Federal Contract Tower,0,4,4,0,8,0,0,86,5,91,0,4,90,5,99,88,2,90,189
08/23/2020,OSH,WI,AGL,CE,Federal Contract Tower,0,3,2,0,5,0,0,76,0,76,0,3,78,0,81,100,0,100,181
08/24/2020,OSH,WI,AGL,CE,Federal Contract Tower,0,4,7,0,11,0,6,110,4,120,0,10,117,4,131,132,0,132,263
08/25/2020,OSH,WI,AGL,CE,Federal Contract Tower,0,2,9,0,11,0,0,45,0,45,0,2,54,0,56,68,0,68,124
08/26/2020,OSH,WI,AGL,CE,Federal Contract Tower,0,11,13,0,24,0,0,90,0,90,0,11,103,0,114,84,0,84,198
08/27/2020,OSH,WI,AGL,CE,Federal Contract Tower,0,8,4,5,17,0,1,54,1,56,0,9,58,6,73,0,0,0,73
08/28/2020,OSH,WI,AGL,CE,Federal Contract Tower,0,6,0,0,6,0,0,15,0,15,0,6,15,0,21,4,0,4,25
08/29/2020,OSH,WI,AGL,CE,Federal Contract Tower,0,4,8,0,12,0,0,88,0,88,0,4,96,0,100,86,0,86,186
08/30/2020,OSH,WI,AGL,CE,Federal Contract Tower,0,0,4,0,4,0,0,133,0,133,0,0,137,0,137,206,0,206,343
08/31/2020,OSH,WI,AGL,CE,Federal Contract Tower,0,2,7,0,9,0,0,58,2,60,0,2,65,2,69,64,0,64,133
09/01/2020,OSH,WI,AGL,CE,Federal Contract Tower,0,6,11,0,17,0,0,97,0,97,0,6,108,0,114,134,0,134,248
09/02/2020,OSH,WI,AGL,CE,Federal Contract Tower,0,9,8,0,17,0,0,96,2,98,0,9,104,2,115,130,6,136,251
09/03/2020,OSH,WI,AGL,CE,Federal Contract Tower,0,8,3,1,12,0,0,20,1,21,0,8,23,2,33,28,0,28,61
09/04/2020,OSH,WI,AGL,CE,Federal Contract Tower,0,11,4,0,15,0,1,82,0,83,0,12,86,0,98,140,0,140,238
09/05/2020,OSH,WI,AGL,CE,Federal Contract Tower,0,2,5,0,7,0,86,2,0,88,0,88,7,0,95,100,0,100,195
09/06/2020,OSH,WI,AGL,CE,Federal Contract Tower,0,2,2,0,4,0,0,8,0,8,0,2,10,0,12,52,0,52,64
09/07/2020,OSH,WI,AGL,CE,Federal Contract Tower,0,0,10,0,10,0,0,65,0,65,0,0,75,0,75,138,0,138,213
09/08/2020,OSH,WI,AGL,CE,Federal Contract Tower,0,5,10,0,15,0,0,20,0,20,0,5,30,0,35,4,0,4,39
09/09/2020,OSH,WI,AGL,CE,Federal Contract Tower,0,11,15,0,26,0,0,2,0,2,0,11,17,0,28,16,0,16,44
09/10/2020,OSH,WI,AGL,CE,Federal Contract Tower,0,10,30,0,40,0,0,16,0,16,0,10,46,0,56,112,0,112,168
09/11/2020,OSH,WI,AGL,CE,Federal Contract Tower,0,4,4,0,8,0,1,104,0,105,0,5,108,0,113,164,0,164,277
09/12/2020,OSH,WI,AGL,CE,Federal Contract Tower,0,5,1,0,6,0,0,2,0,2,0,5,3,0,8,2,0,2,10
09/13/2020,OSH,WI,AGL,CE,Federal Contract Tower,0,1,23,0,24,0,0,68,0,68,0,1,91,0,92,88,0,88,180
09/14/2020,OSH,WI,AGL,CE,Federal Contract Tower,0,4,9,2,15,0,0,104,1,105,0,4,113,3,120,152,0,152,272
09/15/2020,OSH,WI,AGL,CE,Federal Contract Tower,0,5,7,0,12,0,0,25,0,25,0,5,32,0,37,26,0,26,63
09/16/2020,OSH,WI,AGL,CE,Federal Contract Tower,0,9,19,0,28,0,63,0,0,63,0,72,19,0,91,148,0,148,239
09/17/2020,OSH,WI,AGL,CE,Federal Contract Tower,0,5,14,0,19,0,0,100,0,100,0,5,114,0,119,178,0,178,297
09/18/2020,OSH,WI,AGL,CE,Federal Contract Tower,0,6,7,0,13,0,0,97,0,97,0,6,104,0,110,172,0,172,282
09/19/2020,OSH,WI,AGL,CE,Federal Contract Tower,0,4,2,0,6,0,0,71,0,71,0,4,73,0,77,90,0,90,167
09/20/2020,OSH,WI,AGL,CE,Federal Contract Tower,0,0,7,0,7,0,0,33,0,33,0,0,40,0,40,66,0,66,106
09/21/2020,OSH,WI,AGL,CE,Federal Contract Tower,0,3,11,0,14,0,0,91,0,91,0,3,102,0,105,180,0,180,285
09/22/2020,OSH,WI,AGL,CE,Federal Contract Tower,0,7,5,0,12,0,0,86,0,86,0,7,91,0,98,148,0,148,246
09/23/2020,OSH,WI,AGL,CE,Federal Contract Tower,0,5,13,0,18,0,0,119,0,119,0,5,132,0,137,240,0,240,377
09/24/2020,OSH,WI,AGL,CE,Federal Contract Tower,0,6,10,0,16,0,0,50,0,50,0,6,60,0,66,108,0,108,174
09/25/2020,OSH,WI,AGL,CE,Federal Contract Tower,0,7,4,0,11,0,1,68,0,69,0,8,72,0,80,152,0,152,232
09/26/2020,OSH,WI,AGL,CE,Federal Contract Tower,0,4,0,0,4,0,0,33,0,33,0,4,33,0,37,42,0,42,79
09/27/2020,OSH,WI,AGL,CE,Federal Contract Tower,0,1,3,0,4,0,0,10,0,10,0,1,13,0,14,12,0,12,26
09/28/2020,OSH,WI,AGL,CE,Federal Contract Tower,0,4,5,4,13,0,0,31,0,31,0,4,36,4,44,58,0,58,102
09/29/2020,OSH,WI,AGL,CE,Federal Contract Tower,0,8,12,2,22,0,1,28,0,29,0,9,40,2,51,98,0,98,149
09/30/2020,OSH,WI,AGL,CE,Federal Contract Tower,0,6,5,0,11,0,0,30,0,30,0,6,35,0,41,56,0,56,97
10/01/2020,OSH,WI,AGL,CE,Federal Contract Tower,0,5,17,0,22,0,0,31,2,33,0,5,48,2,55,54,4,58,113
10/02/2020,OSH,WI,AGL,CE,Federal Contract Tower,0,5,13,0,18,0,0,89,0,89,0,5,102,0,107,192,0,192,299
10/03/2020,OSH,WI,AGL,CE,Federal Contract Tower,0,5,5,0,10,0,0,47,0,47,0,5,52,0,57,34,0,34,91
10/04/2020,OSH,WI,AGL,CE,Federal Contract Tower,0,0,19,0,19,0,0,92,0,92,0,0,111,0,111,56,0,56,167
10/05/2020,OSH,WI,AGL,CE,Federal Contract Tower,0,2,5,3,10,0,0,39,2,41,0,2,44,5,51,28,0,28,79
10/06/2020,OSH,WI,AGL,CE,Federal Contract Tower,0,5,10,4,19,0,0,62,0,62,0,5,72,4,81,64,0,64,145
10/07/2020,OSH,WI,AGL,CE,Federal Contract Tower,0,6,12,2,20,0,0,46,1,47,0,6,58,3,67,48,2,50,117
10/08/2020,OSH,WI,AGL,CE,Federal Contract Tower,0,5,13,0,18,0,0,109,0,109,0,5,122,0,127,130,0,130,257
10/09/2020,OSH,WI,AGL,CE,Federal Contract Tower,0,5,6,0,11,0,0,29,0,29,0,5,35,0,40,30,0,30,70
10/10/2020,OSH,WI,AGL,CE,Federal Contract Tower,0,3,4,0,7,0,0,89,0,89,0,3,93,0,96,102,0,102,198
10/11/2020,OSH,WI,AGL,CE,Federal Contract Tower,0,0,7,0,7,0,0,13,0,13,0,0,20,0,20,28,0,28,48
10/12/2020,OSH,WI,AGL,CE,Federal Contract Tower,0,1,8,0,9,0,0,5,0,5,0,1,13,0,14,8,0,8,22
10/13/2020,OSH,WI,AGL,CE,Federal Contract Tower,0,8,6,2,16,0,0,26,0,26,0,8,32,2,42,26,0,26,68
10/14/2020,OSH,WI,AGL,CE,Federal Contract Tower,0,8,7,3,18,0,0,28,1,29,0,8,35,4,47,44,2,46,93
10/15/2020,OSH,WI,AGL,CE,Federal Contract Tower,0,10,5,0,15,0,0,50,0,50,0,10,55,0,65,110,0,110,175
10/16/2020,OSH,WI,AGL,CE,Federal Contract Tower,0,7,3,0,10,0,0,35,0,35,0,7,38,0,45,86,0,86,131
10/17/2020,OSH,WI,AGL,CE,Federal Contract Tower,0,5,0,0,5,0,0,4,1,5,0,5,4,1,10,18,0,18,28
10/18/2020,OSH,WI,AGL,CE,Federal Contract Tower,0,1,3,0,4,0,0,30,0,30,0,1,33,0,34,68,0,68,102
10/19/2020,OSH,WI,AGL,CE,Federal Contract Tower,0,5,10,0,15,0,0,96,0,96,0,5,106,0,111,136,0,136,247
10/20/2020,OSH,WI,AGL,CE,Federal Contract Tower,0,5,4,0,9,0,3,61,0,64,0,8,65,0,73,94,0,94,167
10/21/2020,OSH,WI,AGL,CE,Federal Contract Tower,0,7,5,2,14,0,0,35,0,35,0,7,40,2,49,118,0,118,167
10/22/2020,OSH,WI,AGL,CE,Federal Contract Tower,0,9,1,0,10,0,0,4,0,4,0,9,5,0,14,24,0,24,38
10/23/2020,OSH,WI,AGL,CE,Federal Contract Tower,0,9,4,0,13,0,0,4,0,4,0,9,8,0,17,10,0,10,27
10/24/2020,OSH,WI,AGL,CE,Federal Contract Tower,0,5,7,0,12,0,0,63,0,63,0,5,70,0,75,42,0,42,117
10/25/2020,OSH,WI,AGL,CE,Federal Contract Tower,0,4,0,0,4,0,0,13,0,13,0,4,13,0,17,36,0,36,53
10/26/2020,OSH,WI,AGL,CE,Federal Contract Tower,2,3,14,2,21,0,0,17,2,19,2,3,31,4,40,4,6,10,50
10/27/2020,OSH,WI,AGL,CE,Federal Contract Tower,0,7,3,0,10,0,0,74,2,76,0,7,77,2,86,126,2,128,214
10/28/2020,OSH,WI,AGL,CE,Federal Contract Tower,0,8,15,1,24,0,0,96,3,99,0,8,111,4,123,132,0,132,255
10/29/2020,OSH,WI,AGL,CE,Federal Contract Tower,0,8,7,2,17,0,0,59,0,59,0,8,66,2,76,88,0,88,164
10/30/2020,OSH,WI,AGL,CE,Federal Contract Tower,0,7,8,0,15,0,0,95,0,95,0,7,103,0,110,182,0,182,292
10/31/2020,OSH,WI,AGL,CE,Federal Contract Tower,0,6,1,0,7,0,0,14,0,14,0,6,15,0,21,30,0,30,51
11/01/2020,OSH,WI,AGL,CE,Federal Contract Tower,0,0,0,0,0,0,0,2,0,2,0,0,2,0,2,0,0,0,2
11/02/2020,OSH,WI,AGL,CE,Federal Contract Tower,0,5,2,0,7,0,1,55,0,56,0,6,57,0,63,100,0,100,163
11/03/2020,OSH,WI,AGL,CE,Federal Contract Tower,0,7,3,0,10,0,0,74,0,74,0,7,77,0,84,94,0,94,178
11/04/2020,OSH,WI,AGL,CE,Federal Contract Tower,0,8,7,0,15,0,2,76,2,80,0,10,83,2,95,118,0,118,213
11/05/2020,OSH,WI,AGL,CE,Federal Contract Tower,0,8,14,4,26,0,0,94,0,94,0,8,108,4,120,146,0,146,266
11/06/2020,OSH,WI,AGL,CE,Federal Contract Tower,0,5,8,0,13,0,0,84,0,84,0,5,92,0,97,130,0,130,227
11/07/2020,OSH,WI,AGL,CE,Federal Contract Tower,0,5,6,0,11,0,0,89,5,94,0,5,95,5,105,116,0,116,221
11/08/2020,OSH,WI,AGL,CE,Federal Contract Tower,0,1,5,0,6,0,0,59,0,59,0,1,64,0,65,76,0,76,141
11/09/2020,OSH,WI,AGL,CE,Federal Contract Tower,0,2,4,0,6,0,0,21,0,21,0,2,25,0,27,26,0,26,53
11/10/2020,OSH,WI,AGL,CE,Federal Contract Tower,0,9,4,0,13,0,0,0,0,0,0,9,4,0,13,0,0,0,13
11/11/2020,OSH,WI,AGL,CE,Federal Contract Tower,0,8,11,0,19,0,61,0,0,61,0,69,11,0,80,138,0,138,218
11/12/2020,OSH,WI,AGL,CE,Federal Contract Tower,0,7,8,2,17,0,0,60,0,60,0,7,68,2,77,176,0,176,253
11/13/2020,OSH,WI,AGL,CE,Federal Contract Tower,0,7,4,0,11,0,0,52,2,54,0,7,56,2,65,140,0,140,205
11/14/2020,OSH,WI,AGL,CE,Federal Contract Tower,0,5,1,0,6,0,0,23,0,23,0,5,24,0,29,78,0,78,107
11/15/2020,OSH,WI,AGL,CE,Federal Contract Tower,0,1,3,0,4,0,0,4,0,4,0,1,7,0,8,0,0,0,8
11/16/2020,OSH,WI,AGL,CE,Federal Contract Tower,0,2,9,0,11,0,0,37,0,37,0,2,46,0,48,70,0,70,118
11/17/2020,OSH,WI,AGL,CE,Federal Contract Tower,0,7,10,0,17,0,0,79,0,79,0,7,89,0,96,82,0,82,178
11/18/2020,OSH,WI,AGL,CE,Federal Contract Tower,0,6,16,0,22,0,0,37,0,37,0,6,53,0,59,44,0,44,103
11/19/2020,OSH,WI,AGL,CE,Federal Contract Tower,0,8,16,0,24,0,0,58,0,58,0,8,74,0,82,116,0,116,198
11/20/2020,OSH,WI,AGL,CE,Federal Contract Tower,0,5,5,0,10,0,1,61,0,62,0,6,66,0,72,68,0,68,140
11/21/2020,OSH,WI,AGL,CE,Federal Contract Tower,0,4,7,0,11,0,0,92,0,92,0,4,99,0,103,74,0,74,177
11/22/2020,OSH,WI,AGL,CE,Federal Contract Tower,0,1,0,0,1,0,0,21,0,21,0,1,21,0,22,48,0,48,70
11/23/2020,OSH,WI,AGL,CE,Federal Contract Tower,0,2,12,0,14,0,0,77,2,79,0,2,89,2,93,130,0,130,223
11/24/2020,OSH,WI,AGL,CE,Federal Contract Tower,0,7,0,0,7,0,0,0,0,0,0,7,0,0,7,0,0,0,7
11/25/2020,OSH,WI,AGL,CE,Federal Contract Tower,0,9,8,0,17,0,0,0,0,0,0,9,8,0,17,0,0,0,17
11/26/2020,OSH,WI,AGL,CE,Federal Contract Tower,0,0,5,0,5,0,0,5,0,5,0,0,10,0,10,18,0,18,28
11/27/2020,OSH,WI,AGL,CE,Federal Contract Tower,0,7,7,0,14,0,0,19,0,19,0,7,26,0,33,18,0,18,51
11/28/2020,OSH,WI,AGL,CE,Federal Contract Tower,0,3,2,0,5,0,0,75,0,75,0,3,77,0,80,50,0,50,130
11/29/2020,OSH,WI,AGL,CE,Federal Contract Tower,0,1,0,0,1,0,0,36,0,36,0,1,36,0,37,38,0,38,75
11/30/2020,OSH,WI,AGL,CE,Federal Contract Tower,0,2,10,2,14,0,0,13,10,23,0,2,23,12,37,28,0,28,65
12/01/2020,OSH,WI,AGL,CE,Federal Contract Tower,0,6,14,0,20,0,0,65,0,65,0,6,79,0,85,138,0,138,223
12/02/2020,OSH,WI,AGL,CE,Federal Contract Tower,0,7,14,0,21,0,0,66,4,70,0,7,80,4,91,64,0,64,155
12/03/2020,OSH,WI,AGL,CE,Federal Contract Tower,0,5,10,3,18,0,0,53,0,53,0,5,63,3,71,150,8,158,229
12/04/2020,OSH,WI,AGL,CE,Federal Contract Tower,0,6,12,0,18,0,0,106,0,106,0,6,118,0,124,210,0,210,334
12/05/2020,OSH,WI,AGL,CE,Federal Contract Tower,0,4,8,0,12,0,0,44,0,44,0,4,52,0,56,156,0,156,212
12/06/2020,OSH,WI,AGL,CE,Federal Contract Tower,0,0,4,0,4,0,0,49,0,49,0,0,53,0,53,126,0,126,179
12/07/2020,OSH,WI,AGL,CE,Federal Contract Tower,0,2,3,2,7,0,0,36,0,36,0,2,39,2,43,92,0,92,135
12/08/2020,OSH,WI,AGL,CE,Federal Contract Tower,0,7,3,0,10,0,0,8,0,8,0,7,11,0,18,44,0,44,62
12/09/2020,OSH,WI,AGL,CE,Federal Contract Tower,0,6,16,0,22,0,0,125,0,125,0,6,141,0,147,218,0,218,365
12/10/2020,OSH,WI,AGL,CE,Federal Contract Tower,0,5,9,2,16,0,1,64,0,65,0,6,73,2,81,130,0,130,211
12/11/2020,OSH,WI,AGL,CE,Federal Contract Tower,0,6,4,0,10,0,1,13,0,14,0,7,17,0,24,44,0,44,68
12/12/2020,OSH,WI,AGL,CE,Federal Contract Tower,0,3,0,0,3,0,0,0,0,0,0,3,0,0,3,0,0,0,3
12/13/2020,OSH,WI,AGL,CE,Federal Contract Tower,0,1,4,0,5,0,0,4,0,4,0,1,8,0,9,10,0,10,19
12/14/2020,OSH,WI,AGL,CE,Federal Contract Tower,0,6,9,0,15,0,0,53,0,53,0,6,62,0,68,88,0,88,156
12/15/2020,OSH,WI,AGL,CE,Federal Contract Tower,0,7,13,0,20,0,0,66,0,66,0,7,79,0,86,162,0,162,248
12/16/2020,OSH,WI,AGL,CE,Federal Contract Tower,0,8,9,0,17,0,0,47,0,47,0,8,56,0,64,166,0,166,230
12/17/2020,OSH,WI,AGL,CE,Federal Contract Tower,0,6,4,0,10,0,0,71,0,71,0,6,75,0,81,138,0,138,219
12/18/2020,OSH,WI,AGL,CE,Federal Contract Tower,0,7,3,0,10,0,0,38,0,38,0,7,41,0,48,36,0,36,84
12/19/2020,OSH,WI,AGL,CE,Federal Contract Tower,0,3,3,0,6,0,0,0,0,0,0,3,3,0,6,0,0,0,6
12/20/2020,OSH,WI,AGL,CE,Federal Contract Tower,0,0,2,0,2,0,0,43,0,43,0,0,45,0,45,148,0,148,193
12/21/2020,OSH,WI,AGL,CE,Federal Contract Tower,0,2,3,2,7,0,0,22,0,22,0,2,25,2,29,70,0,70,99
12/22/2020,OSH,WI,AGL,CE,Federal Contract Tower,0,10,10,0,20,0,1,61,0,62,0,11,71,0,82,94,0,94,176
12/23/2020,OSH,WI,AGL,CE,Federal Contract Tower,0,6,4,0,10,0,0,2,0,2,0,6,6,0,12,4,0,4,16
12/24/2020,OSH,WI,AGL,CE,Federal Contract Tower,0,7,0,0,7,0,0,4,0,4,0,7,4,0,11,10,0,10,21
12/25/2020,OSH,WI,AGL,CE,Federal Contract Tower,0,0,0,0,0,0,0,6,0,6,0,0,6,0,6,0,0,0,6
12/26/2020,OSH,WI,AGL,CE,Federal Contract Tower,0,4,2,0,6,0,0,22,0,22,0,4,24,0,28,12,0,12,40
12/27/2020,OSH,WI,AGL,CE,Federal Contract Tower,0,0,0,0,0,0,0,5,0,5,0,0,5,0,5,50,0,50,55
12/28/2020,OSH,WI,AGL,CE,Federal Contract Tower,0,4,2,0,6,0,0,32,0,32,0,4,34,0,38,6,0,6,44
12/29/2020,OSH,WI,AGL,CE,Federal Contract Tower,0,7,6,0,13,0,0,24,0,24,0,7,30,0,37,26,0,26,63
12/30/2020,OSH,WI,AGL,CE,Federal Contract Tower,0,6,3,0,9,0,0,0,0,0,0,6,3,0,9,0,0,0,9
12/31/2020,OSH,WI,AGL,CE,Federal Contract Tower,0,11,0,0,11,0,0,18,0,18,0,11,18,0,29,44,0,44,73
01/01/2021,OSH,WI,AGL,CE,Federal Contract Tower,0,0,0,0,0,0,0,0,0,0,0,0,0,0,0,0,0,0,0
01/02/2021,OSH,WI,AGL,CE,Federal Contract Tower,0,3,3,0,6,0,0,0,0,0,0,3,3,0,6,0,0,0,6
01/03/2021,OSH,WI,AGL,CE,Federal Contract Tower,0,1,3,0,4,0,0,0,0,0,0,1,3,0,4,0,0,0,4
01/04/2021,OSH,WI,AGL,CE,Federal Contract Tower,0,2,1,0,3,0,0,0,0,0,0,2,1,0,3,0,0,0,3
01/05/2021,OSH,WI,AGL,CE,Federal Contract Tower,0,6,2,0,8,0,0,0,0,0,0,6,2,0,8,0,0,0,8
01/06/2021,OSH,WI,AGL,CE,Federal Contract Tower,0,6,4,0,10,0,0,0,0,0,0,6,4,0,10,0,0,0,10
01/07/2021,OSH,WI,AGL,CE,Federal Contract Tower,0,6,5,0,11,0,0,10,2,12,0,6,15,2,23,16,0,16,39
01/08/2021,OSH,WI,AGL,CE,Federal Contract Tower,0,8,5,0,13,0,0,11,0,11,0,8,16,0,24,22,0,22,46
01/09/2021,OSH,WI,AGL,CE,Federal Contract Tower,0,3,7,0,10,0,0,15,0,15,0,3,22,0,25,18,0,18,43
01/10/2021,OSH,WI,AGL,CE,Federal Contract Tower,0,7,2,0,9,0,0,0,0,0,0,7,2,0,9,0,0,0,9
01/11/2021,OSH,WI,AGL,CE,Federal Contract Tower,0,10,5,0,15,0,0,4,0,4,0,10,9,0,19,0,0,0,19
01/12/2021,OSH,WI,AGL,CE,Federal Contract Tower,0,8,8,0,16,0,0,2,0,2,0,8,10,0,18,6,0,6,24
01/13/2021,OSH,WI,AGL,CE,Federal Contract Tower,0,9,8,0,17,0,2,92,0,94,0,11,100,0,111,164,0,164,275
01/14/2021,OSH,WI,AGL,CE,Federal Contract Tower,0,6,2,0,8,0,0,4,0,4,0,6,6,0,12,0,0,0,12
01/15/2021,OSH,WI,AGL,CE,Federal Contract Tower,0,9,3,0,12,0,0,0,0,0,0,9,3,0,12,0,0,0,12
01/16/2021,OSH,WI,AGL,CE,Federal Contract Tower,0,6,0,0,6,0,0,2,0,2,0,6,2,0,8,4,0,4,12
01/17/2021,OSH,WI,AGL,CE,Federal Contract Tower,0,0,1,0,1,0,0,8,0,8,0,0,9,0,9,24,0,24,33
01/18/2021,OSH,WI,AGL,CE,Federal Contract Tower,0,2,2,0,4,0,0,19,0,19,0,2,21,0,23,78,0,78,101
01/19/2021,OSH,WI,AGL,CE,Federal Contract Tower,0,9,10,0,19,0,0,60,0,60,0,9,70,0,79,142,0,142,221
01/20/2021,OSH,WI,AGL,CE,Federal Contract Tower,0,8,9,0,17,0,0,58,2,60,0,8,67,2,77,72,0,72,149
01/21/2021,OSH,WI,AGL,CE,Federal Contract Tower,0,8,6,1,15,0,1,60,1,62,0,9,66,2,77,110,0,110,187
01/22/2021,OSH,WI,AGL,CE,Federal Contract Tower,0,8,4,0,12,0,0,105,2,107,0,8,109,2,119,162,6,168,287
01/23/2021,OSH,WI,AGL,CE,Federal Contract Tower,0,4,10,0,14,0,0,80,0,80,0,4,90,0,94,114,0,114,208
01/24/2021,OSH,WI,AGL,CE,Federal Contract Tower,0,1,5,0,6,0,0,9,0,9,0,1,14,0,15,30,0,30,45
01/25/2021,OSH,WI,AGL,CE,Federal Contract Tower,0,4,9,2,15,0,0,68,0,68,0,4,77,2,83,146,0,146,229
01/26/2021,OSH,WI,AGL,CE,Federal Contract Tower,0,6,5,0,11,0,0,8,0,8,0,6,13,0,19,0,0,0,19
01/27/2021,OSH,WI,AGL,CE,Federal Contract Tower,0,8,19,0,27,0,0,81,0,81,0,8,100,0,108,122,0,122,230
01/28/2021,OSH,WI,AGL,CE,Federal Contract Tower,0,7,6,0,13,0,1,71,6,78,0,8,77,6,91,128,6,134,225
01/29/2021,OSH,WI,AGL,CE,Federal Contract Tower,0,8,11,0,19,0,0,97,0,97,0,8,108,0,116,130,0,130,246
01/30/2021,OSH,WI,AGL,CE,Federal Contract Tower,0,6,0,0,6,0,0,22,0,22,0,6,22,0,28,80,0,80,108
01/31/2021,OSH,WI,AGL,CE,Federal Contract Tower,0,2,3,0,5,0,0,0,0,0,0,2,3,0,5,0,0,0,5
02/01/2021,OSH,WI,AGL,CE,Federal Contract Tower,0,4,7,0,11,0,0,82,0,82,0,4,89,0,93,112,0,112,205
02/02/2021,OSH,WI,AGL,CE,Federal Contract Tower,0,9,5,2,16,0,0,73,0,73,0,9,78,2,89,85,0,85,174
02/03/2021,OSH,WI,AGL,CE,Federal Contract Tower,0,6,14,0,20,0,0,89,0,89,0,6,103,0,109,120,0,120,229
02/04/2021,OSH,WI,AGL,CE,Federal Contract Tower,0,5,0,0,5,0,0,0,0,0,0,5,0,0,5,0,0,0,5
02/05/2021,OSH,WI,AGL,CE,Federal Contract Tower,0,7,3,0,10,0,0,2,0,2,0,7,5,0,12,0,0,0,12
02/06/2021,OSH,WI,AGL,CE,Federal Contract Tower,0,5,5,0,10,0,0,17,0,17,0,5,22,0,27,8,0,8,35
02/07/2021,OSH,WI,AGL,CE,Federal Contract Tower,0,0,4,0,4,0,0,0,0,0,0,0,4,0,4,0,0,0,4
02/08/2021,OSH,WI,AGL,CE,Federal Contract Tower,0,2,9,0,11,0,0,5,0,5,0,2,14,0,16,2,0,2,18
02/09/2021,OSH,WI,AGL,CE,Federal Contract Tower,0,7,3,0,10,0,0,10,0,10,0,7,13,0,20,4,0,4,24
02/10/2021,OSH,WI,AGL,CE,Federal Contract Tower,0,8,7,2,17,0,0,60,2,62,0,8,67,4,79,104,0,104,183
02/11/2021,OSH,WI,AGL,CE,Federal Contract Tower,0,4,15,0,19,0,0,0,0,0,0,4,15,0,19,32,0,32,51
02/12/2021,OSH,WI,AGL,CE,Federal Contract Tower,0,8,3,0,11,0,1,16,0,17,0,9,19,0,28,0,0,0,28
02/13/2021,OSH,WI,AGL,CE,Federal Contract Tower,0,7,1,0,8,0,0,0,0,0,0,7,1,0,8,0,0,0,8
02/14/2021,OSH,WI,AGL,CE,Federal Contract Tower,0,0,8,0,8,0,0,16,0,16,0,0,24,0,24,0,0,0,24
02/15/2021,OSH,WI,AGL,CE,Federal Contract Tower,0,2,5,2,9,0,0,21,0,21,0,2,26,2,30,8,0,8,38
02/16/2021,OSH,WI,AGL,CE,Federal Contract Tower,0,5,7,0,12,0,0,70,0,70,0,5,77,0,82,114,0,114,196
02/17/2021,OSH,WI,AGL,CE,Federal Contract Tower,0,4,6,0,10,0,1,50,2,53,0,5,56,2,63,96,0,96,159
02/18/2021,OSH,WI,AGL,CE,Federal Contract Tower,0,6,5,2,13,0,0,56,2,58,0,6,61,4,71,178,0,178,249
02/19/2021,OSH,WI,AGL,CE,Federal Contract Tower,0,5,12,2,19,0,0,23,0,23,0,5,35,2,42,34,0,34,76
02/20/2021,OSH,WI,AGL,CE,Federal Contract Tower,0,5,5,0,10,0,0,79,0,79,0,5,84,0,89,170,0,170,259
02/21/2021,OSH,WI,AGL,CE,Federal Contract Tower,0,0,2,0,2,0,0,10,0,10,0,0,12,0,12,32,0,32,44
02/22/2021,OSH,WI,AGL,CE,Federal Contract Tower,0,5,2,0,7,0,0,7,0,7,0,5,9,0,14,6,0,6,20
02/23/2021,OSH,WI,AGL,CE,Federal Contract Tower,0,6,6,0,12,0,0,88,0,88,0,6,94,0,100,182,0,182,282
02/24/2021,OSH,WI,AGL,CE,Federal Contract Tower,0,7,14,4,25,0,0,29,2,31,0,7,43,6,56,56,8,64,120
02/25/2021,OSH,WI,AGL,CE,Federal Contract Tower,0,4,11,0,15,0,1,97,2,100,0,5,108,2,115,152,0,152,267
02/26/2021,OSH,WI,AGL,CE,Federal Contract Tower,0,5,4,0,9,0,1,50,0,51,0,6,54,0,60,110,0,110,170
02/27/2021,OSH,WI,AGL,CE,Federal Contract Tower,0,6,8,0,14,0,0,75,0,75,0,6,83,0,89,86,0,86,175
02/28/2021,OSH,WI,AGL,CE,Federal Contract Tower,0,0,2,0,2,0,0,0,0,0,0,0,2,0,2,0,0,0,2
03/01/2021,OSH,WI,AGL,CE,Federal Contract Tower,0,2,11,0,13,0,0,48,0,48,0,2,59,0,61,36,0,36,97
03/02/2021,OSH,WI,AGL,CE,Federal Contract Tower,0,7,0,0,7,0,3,28,2,33,0,10,28,2,40,12,4,16,56
03/03/2021,OSH,WI,AGL,CE,Federal Contract Tower,0,7,13,0,20,0,0,129,0,129,0,7,142,0,149,260,0,260,409
03/04/2021,OSH,WI,AGL,CE,Federal Contract Tower,0,7,10,0,17,0,1,78,0,79,0,8,88,0,96,182,0,182,278
03/05/2021,OSH,WI,AGL,CE,Federal Contract Tower,0,6,8,0,14,0,1,113,0,114,0,7,121,0,128,168,0,168,296
03/06/2021,OSH,WI,AGL,CE,Federal Contract Tower,0,6,5,0,11,0,5,125,0,130,0,11,130,0,141,118,0,118,259
03/07/2021,OSH,WI,AGL,CE,Federal Contract Tower,0,0,4,0,4,0,0,54,0,54,0,0,58,0,58,114,0,114,172
03/08/2021,OSH,WI,AGL,CE,Federal Contract Tower,0,6,11,0,17,0,0,85,0,85,0,6,96,0,102,204,0,204,306
03/09/2021,OSH,WI,AGL,CE,Federal Contract Tower,0,7,15,0,22,0,0,75,0,75,0,7,90,0,97,88,0,88,185
03/10/2021,OSH,WI,AGL,CE,Federal Contract Tower,0,9,9,1,19,0,0,6,8,14,0,9,15,9,33,2,8,10,43
03/11/2021,OSH,WI,AGL,CE,Federal Contract Tower,0,9,16,0,25,0,0,24,0,24,0,9,40,0,49,78,0,78,127
03/12/2021,OSH,WI,AGL,CE,Federal Contract Tower,0,7,10,0,17,0,0,103,0,103,0,7,113,0,120,178,0,178,298
03/13/2021,OSH,WI,AGL,CE,Federal Contract Tower,0,5,3,0,8,0,0,78,0,78,0,5,81,0,86,44,0,44,130
03/14/2021,OSH,WI,AGL,CE,Federal Contract Tower,0,0,4,0,4,0,0,63,0,63,0,0,67,0,67,86,0,86,153
03/15/2021,OSH,WI,AGL,CE,Federal Contract Tower,0,2,2,4,8,0,0,47,0,47,0,2,49,4,55,60,0,60,115
03/16/2021,OSH,WI,AGL,CE,Federal Contract Tower,0,8,1,0,9,0,0,13,0,13,0,8,14,0,22,52,0,52,74
03/17/2021,OSH,WI,AGL,CE,Federal Contract Tower,0,10,6,0,16,0,0,0,0,0,0,10,6,0,16,0,0,0,16
03/18/2021,OSH,WI,AGL,CE,Federal Contract Tower,0,7,6,0,13,0,0,41,0,41,0,7,47,0,54,14,0,14,68
03/19/2021,OSH,WI,AGL,CE,Federal Contract Tower,0,7,6,0,13,0,1,151,0,152,0,8,157,0,165,168,0,168,333
03/20/2021,OSH,WI,AGL,CE,Federal Contract Tower,0,3,11,0,14,0,0,95,0,95,0,3,106,0,109,66,0,66,175
03/21/2021,OSH,WI,AGL,CE,Federal Contract Tower,0,1,11,0,12,0,0,25,0,25,0,1,36,0,37,52,0,52,89
03/22/2021,OSH,WI,AGL,CE,Federal Contract Tower,0,4,9,0,13,0,0,67,0,67,0,4,76,0,80,108,0,108,188
03/23/2021,OSH,WI,AGL,CE,Federal Contract Tower,0,7,9,0,16,0,0,53,0,53,0,7,62,0,69,76,0,76,145
03/24/2021,OSH,WI,AGL,CE,Federal Contract Tower,0,11,6,2,19,0,0,0,0,0,0,11,6,2,19,0,0,0,19
03/25/2021,OSH,WI,AGL,CE,Federal Contract Tower,0,9,18,0,27,0,0,13,0,13,0,9,31,0,40,42,0,42,82
03/26/2021,OSH,WI,AGL,CE,Federal Contract Tower,0,7,10,0,17,0,0,54,2,56,0,7,64,2,73,112,0,112,185
03/27/2021,OSH,WI,AGL,CE,Federal Contract Tower,0,5,5,0,10,0,0,0,0,0,0,5,5,0,10,0,0,0,10
03/28/2021,OSH,WI,AGL,CE,Federal Contract Tower,0,0,5,0,5,0,0,28,0,28,0,0,33,0,33,16,0,16,49
03/29/2021,OSH,WI,AGL,CE,Federal Contract Tower,0,4,5,0,9,0,0,37,0,37,0,4,42,0,46,52,0,52,98
03/30/2021,OSH,WI,AGL,CE,Federal Contract Tower,0,7,7,2,16,0,0,36,0,36,0,7,43,2,52,44,0,44,96
03/31/2021,OSH,WI,AGL,CE,Federal Contract Tower,0,8,5,0,13,0,0,86,2,88,0,8,91,2,101,78,0,78,179
04/01/2021,OSH,WI,AGL,CE,Federal Contract Tower,0,9,9,0,18,0,0,115,6,121,0,9,124,6,139,122,0,122,261
04/02/2021,OSH,WI,AGL,CE,Federal Contract Tower,0,8,1,0,9,0,81,0,0,81,0,89,1,0,90,82,0,82,172
04/03/2021,OSH,WI,AGL,CE,Federal Contract Tower,0,4,5,0,9,0,0,59,0,59,0,4,64,0,68,76,0,76,144
04/04/2021,OSH,WI,AGL,CE,Federal Contract Tower,0,0,1,0,1,0,0,34,0,34,0,0,35,0,35,58,0,58,93
04/05/2021,OSH,WI,AGL,CE,Federal Contract Tower,0,3,6,0,9,0,0,88,0,88,0,3,94,0,97,112,0,112,209
04/06/2021,OSH,WI,AGL,CE,Federal Contract Tower,0,5,16,0,21,0,0,55,0,55,0,5,71,0,76,66,0,66,142
04/07/2021,OSH,WI,AGL,CE,Federal Contract Tower,0,9,20,0,29,0,0,70,0,70,0,9,90,0,99,112,0,112,211
04/08/2021,OSH,WI,AGL,CE,Federal Contract Tower,0,10,34,0,44,0,0,5,0,5,0,10,39,0,49,22,0,22,71
04/09/2021,OSH,WI,AGL,CE,Federal Contract Tower,0,19,19,0,38,0,0,4,0,4,0,19,23,0,42,6,0,6,48
04/10/2021,OSH,WI,AGL,CE,Federal Contract Tower,0,5,9,0,14,0,0,5,0,5,0,5,14,0,19,12,0,12,31
04/11/2021,OSH,WI,AGL,CE,Federal Contract Tower,0,0,10,0,10,0,0,4,0,4,0,0,14,0,14,26,0,26,40
04/12/2021,OSH,WI,AGL,CE,Federal Contract Tower,0,4,9,0,13,0,0,44,0,44,0,4,53,0,57,34,0,34,91
04/13/2021,OSH,WI,AGL,CE,Federal Contract Tower,0,6,6,0,12,0,1,85,0,86,0,7,91,0,98,198,0,198,296
04/14/2021,OSH,WI,AGL,CE,Federal Contract Tower,0,0,8,9,17,0,0,0,0,0,0,0,8,9,17,94,0,94,111
04/15/2021,OSH,WI,AGL,CE,Federal Contract Tower,0,8,10,0,18,0,0,58,0,58,0,8,68,0,76,142,0,142,218
04/16/2021,OSH,WI,AGL,CE,Federal Contract Tower,0,7,13,2,22,0,0,131,0,131,0,7,144,2,153,150,0,150,303
04/17/2021,OSH,WI,AGL,CE,Federal Contract Tower,0,6,3,2,11,0,0,114,0,114,0,6,117,2,125,98,0,98,223
04/18/2021,OSH,WI,AGL,CE,Federal Contract Tower,0,0,2,0,2,0,0,96,0,96,0,0,98,0,98,120,0,120,218
04/19/2021,OSH,WI,AGL,CE,Federal Contract Tower,0,2,5,0,7,0,0,40,0,40,0,2,45,0,47,52,0,52,99
04/20/2021,OSH,WI,AGL,CE,Federal Contract Tower,0,7,16,0,23,0,0,162,0,162,0,7,178,0,185,168,0,168,353
04/21/2021,OSH,WI,AGL,CE,Federal Contract Tower,0,5,15,0,20,0,0,11,0,11,0,5,26,0,31,62,0,62,93
04/22/2021,OSH,WI,AGL,CE,Federal Contract Tower,0,9,6,4,19,0,0,154,0,154,0,9,160,4,173,166,0,166,339
04/23/2021,OSH,WI,AGL,CE,Federal Contract Tower,0,9,7,0,16,0,0,92,0,92,0,9,99,0,108,98,0,98,206
04/24/2021,OSH,WI,AGL,CE,Federal Contract Tower,0,5,2,0,7,0,0,22,0,22,0,5,24,0,29,88,0,88,117
04/25/2021,OSH,WI,AGL,CE,Federal Contract Tower,0,0,12,0,12,0,0,94,0,94,0,0,106,0,106,68,0,68,174
04/26/2021,OSH,WI,AGL,CE,Federal Contract Tower,0,8,3,2,13,0,0,71,0,71,0,8,74,2,84,112,0,112,196
04/27/2021,OSH,WI,AGL,CE,Federal Contract Tower,0,7,8,1,16,0,0,50,1,51,0,7,58,2,67,76,0,76,143
04/28/2021,OSH,WI,AGL,CE,Federal Contract Tower,0,12,23,0,35,0,0,42,0,42,0,12,65,0,77,56,0,56,133
04/29/2021,OSH,WI,AGL,CE,Federal Contract Tower,0,8,16,2,26,0,0,35,0,35,0,8,51,2,61,8,0,8,69
04/30/2021,OSH,WI,AGL,CE,Federal Contract Tower,0,9,6,0,15,0,0,107,0,107,0,9,113,0,122,98,0,98,220
05/01/2021,OSH,WI,AGL,CE,Federal Contract Tower,0,4,3,0,7,0,0,4,0,4,0,4,7,0,11,0,0,0,11
05/02/2021,OSH,WI,AGL,CE,Federal Contract Tower,0,4,9,0,13,0,0,34,0,34,0,4,43,0,47,84,0,84,131
05/03/2021,OSH,WI,AGL,CE,Federal Contract Tower,0,1,3,0,4,0,0,0,0,0,0,1,3,0,4,0,0,0,4
05/04/2021,OSH,WI,AGL,CE,Federal Contract Tower,0,6,13,0,19,0,0,41,0,41,0,6,54,0,60,44,0,44,104
05/05/2021,OSH,WI,AGL,CE,Federal Contract Tower,0,6,10,0,16,0,0,113,2,115,0,6,123,2,131,144,4,148,279
05/06/2021,OSH,WI,AGL,CE,Federal Contract Tower,0,6,20,0,26,0,1,55,0,56,0,7,75,0,82,128,0,128,210
05/07/2021,OSH,WI,AGL,CE,Federal Contract Tower,0,12,7,0,19,0,0,74,0,74,0,12,81,0,93,86,0,86,179
05/08/2021,OSH,WI,AGL,CE,Federal Contract Tower,0,6,1,0,7,0,0,98,0,98,0,6,99,0,105,132,0,132,237
05/09/2021,OSH,WI,AGL,CE,Federal Contract Tower,0,1,2,0,3,0,0,53,0,53,0,1,55,0,56,58,0,58,114
05/10/2021,OSH,WI,AGL,CE,Federal Contract Tower,0,3,9,2,14,0,0,110,0,110,0,3,119,2,124,136,6,142,266
05/11/2021,OSH,WI,AGL,CE,Federal Contract Tower,0,6,14,0,20,0,0,106,0,106,0,6,120,0,126,140,0,140,266
05/12/2021,OSH,WI,AGL,CE,Federal Contract Tower,0,4,14,0,18,0,0,109,0,109,0,4,123,0,127,170,0,170,297
05/13/2021,OSH,WI,AGL,CE,Federal Contract Tower,0,5,6,2,13,0,0,98,2,100,0,5,104,4,113,236,0,236,349
05/14/2021,OSH,WI,AGL,CE,Federal Contract Tower,0,7,8,0,15,0,0,91,0,91,0,7,99,0,106,161,0,161,267
05/15/2021,OSH,WI,AGL,CE,Federal Contract Tower,0,5,10,0,15,0,0,36,0,36,0,5,46,0,51,55,0,55,106
05/16/2021,OSH,WI,AGL,CE,Federal Contract Tower,0,1,7,0,8,0,0,55,1,56,0,1,62,1,64,72,0,72,136
05/17/2021,OSH,WI,AGL,CE,Federal Contract Tower,0,4,6,0,10,0,0,77,2,79,0,4,83,2,89,156,0,156,245
05/18/2021,OSH,WI,AGL,CE,Federal Contract Tower,0,6,16,0,22,0,0,70,0,70,0,6,86,0,92,152,0,152,244
05/19/2021,OSH,WI,AGL,CE,Federal Contract Tower,0,6,20,2,28,0,0,12,0,12,0,6,32,2,40,52,0,52,92
05/20/2021,OSH,WI,AGL,CE,Federal Contract Tower,0,5,8,2,15,0,0,45,2,47,0,5,53,4,62,94,8,102,164
05/21/2021,OSH,WI,AGL,CE,Federal Contract Tower,0,8,12,0,20,0,0,38,0,38,0,8,50,0,58,92,0,92,150
05/22/2021,OSH,WI,AGL,CE,Federal Contract Tower,0,7,6,0,13,0,0,61,0,61,0,7,67,0,74,134,0,134,208
05/23/2021,OSH,WI,AGL,CE,Federal Contract Tower,0,1,2,0,3,0,0,2,0,2,0,1,4,0,5,0,0,0,5
05/24/2021,OSH,WI,AGL,CE,Federal Contract Tower,0,5,7,0,12,0,0,47,0,47,0,5,54,0,59,34,0,34,93
05/25/2021,OSH,WI,AGL,CE,Federal Contract Tower,0,7,5,0,12,0,0,34,0,34,0,7,39,0,46,42,0,42,88
05/26/2021,OSH,WI,AGL,CE,Federal Contract Tower,0,7,18,0,25,0,0,84,0,84,0,7,102,0,109,134,0,134,243
05/27/2021,OSH,WI,AGL,CE,Federal Contract Tower,0,17,10,0,27,0,1,16,0,17,0,18,26,0,44,10,0,10,54
05/28/2021,OSH,WI,AGL,CE,Federal Contract Tower,0,5,7,0,12,0,0,13,0,13,0,5,20,0,25,0,0,0,25
05/29/2021,OSH,WI,AGL,CE,Federal Contract Tower,0,4,12,0,16,0,0,93,0,93,0,4,105,0,109,174,0,174,283
05/30/2021,OSH,WI,AGL,CE,Federal Contract Tower,0,0,5,0,5,0,0,82,0,82,0,0,87,0,87,156,0,156,243
05/31/2021,OSH,WI,AGL,CE,Federal Contract Tower,0,2,3,0,5,0,0,61,0,61,0,2,64,0,66,160,0,160,226
06/01/2021,OSH,WI,AGL,CE,Federal Contract Tower,0,7,11,0,18,0,0,104,0,104,0,7,115,0,122,198,0,198,320
06/02/2021,OSH,WI,AGL,CE,Federal Contract Tower,0,4,9,3,16,0,0,126,1,127,0,4,135,4,143,208,0,208,351
06/03/2021,OSH,WI,AGL,CE,Federal Contract Tower,0,9,4,0,13,0,0,68,0,68,0,9,72,0,81,182,0,182,263
06/04/2021,OSH,WI,AGL,CE,Federal Contract Tower,0,7,8,0,15,0,0,74,0,74,0,7,82,0,89,88,0,88,177
06/05/2021,OSH,WI,AGL,CE,Federal Contract Tower,0,6,7,0,13,0,0,35,0,35,0,6,42,0,48,150,0,150,198
06/06/2021,OSH,WI,AGL,CE,Federal Contract Tower,0,1,11,0,12,0,0,60,0,60,0,1,71,0,72,102,0,102,174
06/07/2021,OSH,WI,AGL,CE,Federal Contract Tower,0,5,12,0,17,0,0,76,0,76,0,5,88,0,93,146,0,146,239
06/08/2021,OSH,WI,AGL,CE,Federal Contract Tower,0,5,10,0,15,0,0,91,0,91,0,5,101,0,106,184,0,184,290
06/09/2021,OSH,WI,AGL,CE,Federal Contract Tower,0,9,9,0,18,0,0,133,0,133,0,9,142,0,151,278,0,278,429
06/10/2021,OSH,WI,AGL,CE,Federal Contract Tower,0,7,16,0,23,0,0,93,0,93,0,7,109,0,116,146,0,146,262
06/11/2021,OSH,WI,AGL,CE,Federal Contract Tower,0,6,19,0,25,0,0,85,0,85,0,6,104,0,110,146,0,146,256
06/12/2021,OSH,WI,AGL,CE,Federal Contract Tower,0,4,4,0,8,0,0,111,0,111,0,4,115,0,119,80,0,80,199
06/13/2021,OSH,WI,AGL,CE,Federal Contract Tower,0,1,5,0,6,0,0,104,0,104,0,1,109,0,110,170,0,170,280
06/14/2021,OSH,WI,AGL,CE,Federal Contract Tower,0,7,11,0,18,0,0,115,2,117,0,7,126,2,135,188,0,188,323
06/15/2021,OSH,WI,AGL,CE,Federal Contract Tower,0,8,13,0,21,0,0,149,0,149,0,8,162,0,170,210,0,210,380
06/16/2021,OSH,WI,AGL,CE,Federal Contract Tower,0,7,16,2,25,0,0,125,1,126,0,7,141,3,151,234,0,234,385
06/17/2021,OSH,WI,AGL,CE,Federal Contract Tower,0,4,18,0,22,0,0,29,0,29,0,4,47,0,51,58,0,58,109
06/18/2021,OSH,WI,AGL,CE,Federal Contract Tower,0,10,14,0,24,0,0,81,0,81,0,10,95,0,105,186,0,186,291
06/19/2021,OSH,WI,AGL,CE,Federal Contract Tower,0,5,6,0,11,0,0,107,0,107,0,5,113,0,118,204,0,204,322
06/20/2021,OSH,WI,AGL,CE,Federal Contract Tower,0,3,3,0,6,0,0,24,0,24,0,3,27,0,30,64,0,64,94
06/21/2021,OSH,WI,AGL,CE,Federal Contract Tower,0,3,15,0,18,0,1,28,0,29,0,4,43,0,47,24,0,24,71
06/23/2021,OSH,WI,AGL,CE,Federal Contract Tower,0,5,23,4,32,0,0,51,0,51,0,5,74,4,83,126,0,126,209
06/24/2021,OSH,WI,AGL,CE,Federal Contract Tower,0,6,11,0,17,0,0,11,0,11,0,6,22,0,28,14,0,14,42
06/25/2021,OSH,WI,AGL,CE,Federal Contract Tower,0,12,5,0,17,0,0,17,0,17,0,12,22,0,34,70,0,70,104
06/26/2021,OSH,WI,AGL,CE,Federal Contract Tower,0,9,1,0,10,0,0,0,0,0,0,9,1,0,10,0,0,0,10
06/27/2021,OSH,WI,AGL,CE,Federal Contract Tower,0,1,7,0,8,0,0,5,0,5,0,1,12,0,13,0,0,0,13
06/28/2021,OSH,WI,AGL,CE,Federal Contract Tower,0,3,5,0,8,0,0,72,0,72,0,3,77,0,80,140,0,140,220
06/29/2021,OSH,WI,AGL,CE,Federal Contract Tower,0,10,9,0,19,0,0,4,0,4,0,10,13,0,23,40,0,40,63
06/30/2021,OSH,WI,AGL,CE,Federal Contract Tower,0,5,12,0,17,0,0,84,2,86,0,5,96,2,103,152,6,158,261
07/01/2021,OSH,WI,AGL,CE,Federal Contract Tower,0,7,19,1,27,0,1,111,3,115,0,8,130,4,142,194,10,204,346
07/02/2021,OSH,WI,AGL,CE,Federal Contract Tower,0,16,18,0,34,0,0,120,0,120,0,16,138,0,154,166,0,166,320
07/03/2021,OSH,WI,AGL,CE,Federal Contract Tower,0,7,3,0,10,0,0,49,0,49,0,7,52,0,59,92,0,92,151
07/04/2021,OSH,WI,AGL,CE,Federal Contract Tower,0,0,1,0,1,0,0,32,0,32,0,0,33,0,33,86,0,86,119
07/05/2021,OSH,WI,AGL,CE,Federal Contract Tower,0,4,12,0,16,0,0,26,0,26,0,4,38,0,42,22,0,22,64
07/06/2021,OSH,WI,AGL,CE,Federal Contract Tower,0,10,6,0,16,0,0,89,2,91,0,10,95,2,107,162,0,162,269
07/07/2021,OSH,WI,AGL,CE,Federal Contract Tower,0,6,11,1,18,0,0,0,0,0,0,6,11,1,18,0,0,0,18
07/08/2021,OSH,WI,AGL,CE,Federal Contract Tower,0,10,22,0,32,0,0,33,2,35,0,10,55,2,67,72,6,78,145
07/09/2021,OSH,WI,AGL,CE,Federal Contract Tower,0,6,9,0,15,0,2,127,0,129,0,8,136,0,144,184,0,184,328
07/10/2021,OSH,WI,AGL,CE,Federal Contract Tower,0,5,5,0,10,0,0,112,0,112,0,5,117,0,122,124,0,124,246
07/11/2021,OSH,WI,AGL,CE,Federal Contract Tower,0,1,4,0,5,0,0,68,0,68,0,1,72,0,73,158,0,158,231
07/12/2021,OSH,WI,AGL,CE,Federal Contract Tower,0,5,10,0,15,0,0,119,0,119,0,5,129,0,134,232,0,232,366
07/13/2021,OSH,WI,AGL,CE,Federal Contract Tower,0,6,29,0,35,0,0,109,2,111,0,6,138,2,146,186,0,186,332
07/14/2021,OSH,WI,AGL,CE,Federal Contract Tower,0,5,9,0,14,0,0,68,0,68,0,5,77,0,82,144,0,144,226
07/15/2021,OSH,WI,AGL,CE,Federal Contract Tower,0,10,22,0,32,0,0,62,0,62,0,10,84,0,94,208,0,208,302
07/16/2021,OSH,WI,AGL,CE,Federal Contract Tower,0,9,20,0,29,0,0,166,0,166,0,9,186,0,195,206,0,206,401
07/17/2021,OSH,WI,AGL,CE,Federal Contract Tower,0,6,13,0,19,0,0,148,0,148,0,6,161,0,167,192,0,192,359
07/18/2021,OSH,WI,AGL,CE,Federal Contract Tower,0,0,18,0,18,0,0,124,0,124,0,0,142,0,142,162,0,162,304
07/19/2021,OSH,WI,AGL,CE,Federal Contract Tower,0,3,16,0,19,0,0,140,0,140,0,3,156,0,159,154,0,154,313
07/20/2021,OSH,WI,AGL,CE,Federal Contract Tower,0,7,26,2,35,0,0,124,0,124,0,7,150,2,159,68,0,68,227
07/21/2021,OSH,WI,AGL,CE,Federal Contract Tower,0,4,38,0,42,0,0,211,0,211,0,4,249,0,253,32,0,32,285
07/22/2021,OSH,WI,AGL,CE,Federal Contract Tower,0,0,28,0,28,0,0,393,0,393,0,0,421,0,421,6,0,6,427
07/23/2021,OSH,WI,AGL,CE,Federal Contract Tower,0,0,51,0,51,0,0,1046,0,1046,0,0,1097,0,1097,0,0,0,1097
07/24/2021,OSH,WI,AGL,CE,Federal Contract Tower,0,0,93,0,93,0,0,1401,0,1401,0,0,1494,0,1494,0,0,0,1494
07/25/2021,OSH,WI,AGL,CE,Federal Contract Tower,0,0,110,0,110,0,0,2072,0,2072,0,0,2182,0,2182,438,0,438,2620
07/26/2021,OSH,WI,AGL,CE,Federal Contract Tower,0,0,61,0,61,0,0,1200,0,1200,0,0,1261,0,1261,436,0,436,1697
07/27/2021,OSH,WI,AGL,CE,Federal Contract Tower,0,0,72,0,72,0,0,1377,0,1377,0,0,1449,0,1449,438,0,438,1887
07/28/2021,OSH,WI,AGL,CE,Federal Contract Tower,0,0,93,0,93,0,0,2543,0,2543,0,0,2636,0,2636,436,0,436,3072
07/29/2021,OSH,WI,AGL,CE,Federal Contract Tower,0,0,111,0,111,0,0,1656,0,1656,0,0,1767,0,1767,438,0,438,2205
07/30/2021,OSH,WI,AGL,CE,Federal Contract Tower,0,0,90,0,90,0,0,2114,0,2114,0,0,2204,0,2204,436,0,436,2640
07/31/2021,OSH,WI,AGL,CE,Federal Contract Tower,0,0,121,0,121,0,0,1013,0,1013,0,0,1134,0,1134,438,0,438,1572
08/01/2021,OSH,WI,AGL,CE,Federal Contract Tower,0,0,81,0,81,0,0,1483,0,1483,0,0,1564,0,1564,438,0,438,2002
08/02/2021,OSH,WI,AGL,CE,Federal Contract Tower,0,3,38,3,44,0,0,377,2,379,0,3,415,5,423,12,0,12,435
08/03/2021,OSH,WI,AGL,CE,Federal Contract Tower,0,5,10,0,15,0,2,122,2,126,0,7,132,2,141,78,8,86,227
08/04/2021,OSH,WI,AGL,CE,Federal Contract Tower,0,9,16,0,25,0,0,95,0,95,0,9,111,0,120,72,0,72,192
08/05/2021,OSH,WI,AGL,CE,Federal Contract Tower,0,10,12,1,23,0,0,90,0,90,0,10,102,1,113,164,0,164,277
08/06/2021,OSH,WI,AGL,CE,Federal Contract Tower,0,9,10,0,19,0,0,30,0,30,0,9,40,0,49,98,0,98,147
08/07/2021,OSH,WI,AGL,CE,Federal Contract Tower,0,10,7,0,17,0,0,0,0,0,0,10,7,0,17,0,0,0,17
08/08/2021,OSH,WI,AGL,CE,Federal Contract Tower,0,5,9,0,14,0,0,11,0,11,0,5,20,0,25,76,0,76,101
08/09/2021,OSH,WI,AGL,CE,Federal Contract Tower,0,4,5,0,9,0,0,9,0,9,0,4,14,0,18,48,0,48,66
08/10/2021,OSH,WI,AGL,CE,Federal Contract Tower,0,7,10,0,17,0,0,67,0,67,0,7,77,0,84,132,0,132,216
08/11/2021,OSH,WI,AGL,CE,Federal Contract Tower,0,9,17,0,26,0,0,13,0,13,0,9,30,0,39,40,0,40,79
08/12/2021,OSH,WI,AGL,CE,Federal Contract Tower,0,7,18,2,27,0,0,77,1,78,0,7,95,3,105,128,6,134,239
08/13/2021,OSH,WI,AGL,CE,Federal Contract Tower,0,7,16,0,23,0,0,150,2,152,0,7,166,2,175,230,0,230,405
08/14/2021,OSH,WI,AGL,CE,Federal Contract Tower,0,5,10,0,15,0,0,96,4,100,0,5,106,4,115,202,4,206,321
08/15/2021,OSH,WI,AGL,CE,Federal Contract Tower,0,3,9,0,12,0,2,109,0,111,0,5,118,0,123,144,0,144,267
08/16/2021,OSH,WI,AGL,CE,Federal Contract Tower,0,6,9,0,15,0,0,130,0,130,0,6,139,0,145,262,0,262,407
08/17/2021,OSH,WI,AGL,CE,Federal Contract Tower,0,7,16,0,23,0,0,128,2,130,0,7,144,2,153,194,0,194,347
08/18/2021,OSH,WI,AGL,CE,Federal Contract Tower,0,10,23,0,33,0,0,92,0,92,0,10,115,0,125,192,0,192,317
08/19/2021,OSH,WI,AGL,CE,Federal Contract Tower,0,5,15,3,23,0,0,73,1,74,0,5,88,4,97,222,0,222,319
08/20/2021,OSH,WI,AGL,CE,Federal Contract Tower,0,8,7,1,16,0,0,96,0,96,0,8,103,1,112,146,0,146,258
08/21/2021,OSH,WI,AGL,CE,Federal Contract Tower,0,5,1,2,8,0,0,17,0,17,0,5,18,2,25,152,0,152,177
08/22/2021,OSH,WI,AGL,CE,Federal Contract Tower,0,4,4,0,8,0,0,99,0,99,0,4,103,0,107,130,0,130,237
08/23/2021,OSH,WI,AGL,CE,Federal Contract Tower,0,4,9,0,13,0,10,80,2,92,0,14,89,2,105,246,0,246,351
08/24/2021,OSH,WI,AGL,CE,Federal Contract Tower,0,4,5,0,9,0,0,48,0,48,0,4,53,0,57,104,0,104,161
08/25/2021,OSH,WI,AGL,CE,Federal Contract Tower,0,7,8,1,16,0,0,80,0,80,0,7,88,1,96,170,0,170,266
08/26/2021,OSH,WI,AGL,CE,Federal Contract Tower,0,8,5,1,14,0,4,75,0,79,0,12,80,1,93,216,6,222,315
08/27/2021,OSH,WI,AGL,CE,Federal Contract Tower,0,9,7,0,16,0,0,1,0,1,0,9,8,0,17,0,0,0,17
08/28/2021,OSH,WI,AGL,CE,Federal Contract Tower,0,5,9,0,14,0,0,28,0,28,0,5,37,0,42,70,0,70,112
08/29/2021,OSH,WI,AGL,CE,Federal Contract Tower,0,1,1,0,2,0,1,22,0,23,0,2,23,0,25,18,0,18,43
08/30/2021,OSH,WI,AGL,CE,Federal Contract Tower,0,6,8,0,14,0,0,131,0,131,0,6,139,0,145,102,0,102,247
08/31/2021,OSH,WI,AGL,CE,Federal Contract Tower,0,8,15,2,25,0,6,127,2,135,0,14,142,4,160,244,0,244,404
09/01/2021,OSH,WI,AGL,CE,Federal Contract Tower,0,7,16,0,23,0,2,119,0,121,0,9,135,0,144,188,0,188,332
09/02/2021,OSH,WI,AGL,CE,Federal Contract Tower,0,4,13,0,17,0,2,103,2,107,0,6,116,2,124,186,0,186,310
09/03/2021,OSH,WI,AGL,CE,Federal Contract Tower,0,10,9,0,19,0,0,61,0,61,0,10,70,0,80,124,0,124,204
09/04/2021,OSH,WI,AGL,CE,Federal Contract Tower,0,4,6,0,10,0,0,6,0,6,0,4,12,0,16,56,0,56,72
09/05/2021,OSH,WI,AGL,CE,Federal Contract Tower,0,3,5,0,8,0,4,55,0,59,0,7,60,0,67,110,0,110,177
09/06/2021,OSH,WI,AGL,CE,Federal Contract Tower,0,4,5,0,9,0,4,83,0,87,0,8,88,0,96,114,0,114,210
09/07/2021,OSH,WI,AGL,CE,Federal Contract Tower,0,13,5,0,18,0,0,46,0,46,0,13,51,0,64,96,0,96,160
09/08/2021,OSH,WI,AGL,CE,Federal Contract Tower,0,5,10,2,17,0,0,56,0,56,0,5,66,2,73,68,0,68,141
09/09/2021,OSH,WI,AGL,CE,Federal Contract Tower,0,6,19,1,26,0,0,109,3,112,0,6,128,4,138,304,0,304,442
09/10/2021,OSH,WI,AGL,CE,Federal Contract Tower,0,5,6,2,13,0,0,117,3,120,0,5,123,5,133,160,10,170,303
09/11/2021,OSH,WI,AGL,CE,Federal Contract Tower,0,10,7,0,17,0,0,144,0,144,0,10,151,0,161,162,0,162,323
09/12/2021,OSH,WI,AGL,CE,Federal Contract Tower,0,2,15,0,17,0,0,44,0,44,0,2,59,0,61,90,0,90,151
09/13/2021,OSH,WI,AGL,CE,Federal Contract Tower,0,2,8,0,10,0,1,47,0,48,0,3,55,0,58,106,0,106,164
09/14/2021,OSH,WI,AGL,CE,Federal Contract Tower,0,7,8,0,15,0,0,52,0,52,0,7,60,0,67,180,0,180,247
09/15/2021,OSH,WI,AGL,CE,Federal Contract Tower,0,11,14,2,27,0,0,138,0,138,0,11,152,2,165,370,0,370,535
09/16/2021,OSH,WI,AGL,CE,Federal Contract Tower,0,9,22,0,31,0,0,96,0,96,0,9,118,0,127,142,0,142,269
09/17/2021,OSH,WI,AGL,CE,Federal Contract Tower,0,6,7,0,13,0,0,75,0,75,0,6,82,0,88,140,0,140,228
09/18/2021,OSH,WI,AGL,CE,Federal Contract Tower,0,10,7,0,17,0,1,94,0,95,0,11,101,0,112,92,0,92,204
09/19/2021,OSH,WI,AGL,CE,Federal Contract Tower,0,3,8,0,11,0,0,83,0,83,0,3,91,0,94,84,0,84,178
09/20/2021,OSH,WI,AGL,CE,Federal Contract Tower,0,4,8,0,12,0,9,45,0,54,0,13,53,0,66,78,0,78,144
09/21/2021,OSH,WI,AGL,CE,Federal Contract Tower,0,8,18,4,30,0,10,71,0,81,0,18,89,4,111,124,0,124,235
09/22/2021,OSH,WI,AGL,CE,Federal Contract Tower,0,8,25,2,35,0,2,95,4,101,0,10,120,6,136,122,4,126,262
09/23/2021,OSH,WI,AGL,CE,Federal Contract Tower,0,10,10,4,24,0,8,96,0,104,0,18,106,4,128,166,0,166,294
09/24/2021,OSH,WI,AGL,CE,Federal Contract Tower,0,6,14,0,20,0,0,90,0,90,0,6,104,0,110,152,0,152,262
09/25/2021,OSH,WI,AGL,CE,Federal Contract Tower,0,2,6,0,8,0,0,103,0,103,0,2,109,0,111,86,0,86,197
09/26/2021,OSH,WI,AGL,CE,Federal Contract Tower,0,8,4,0,12,0,0,69,0,69,0,8,73,0,81,114,0,114,195
09/27/2021,OSH,WI,AGL,CE,Federal Contract Tower,0,9,13,0,22,0,0,187,0,187,0,9,200,0,209,206,0,206,415
09/28/2021,OSH,WI,AGL,CE,Federal Contract Tower,0,5,9,0,14,0,1,154,0,155,0,6,163,0,169,178,0,178,347
09/29/2021,OSH,WI,AGL,CE,Federal Contract Tower,0,9,11,0,20,0,0,96,2,98,0,9,107,2,118,166,10,176,294
09/30/2021,OSH,WI,AGL,CE,Federal Contract Tower,0,5,6,0,11,0,0,97,0,97,0,5,103,0,108,186,0,186,294
10/01/2021,OSH,WI,AGL,CE,Federal Contract Tower,0,4,4,0,8,0,2,99,0,101,0,6,103,0,109,68,0,68,177
10/02/2021,OSH,WI,AGL,CE,Federal Contract Tower,0,6,10,0,16,0,0,39,0,39,0,6,49,0,55,96,0,96,151
10/03/2021,OSH,WI,AGL,CE,Federal Contract Tower,0,3,8,0,11,0,0,0,0,0,0,3,8,0,11,0,0,0,11
10/04/2021,OSH,WI,AGL,CE,Federal Contract Tower,0,5,19,0,24,0,0,11,0,11,0,5,30,0,35,36,0,36,71
10/05/2021,OSH,WI,AGL,CE,Federal Contract Tower,0,11,31,4,46,0,0,34,0,34,0,11,65,4,80,44,0,44,124
10/06/2021,OSH,WI,AGL,CE,Federal Contract Tower,0,8,17,0,25,0,0,113,2,115,0,8,130,2,140,164,0,164,304
10/07/2021,OSH,WI,AGL,CE,Federal Contract Tower,0,10,7,2,19,0,0,0,0,0,0,10,7,2,19,0,0,0,19
10/08/2021,OSH,WI,AGL,CE,Federal Contract Tower,0,13,10,0,23,0,0,13,0,13,0,13,23,0,36,32,0,32,68
10/09/2021,OSH,WI,AGL,CE,Federal Contract Tower,0,4,10,0,14,0,1,25,0,26,0,5,35,0,40,38,0,38,78
10/10/2021,OSH,WI,AGL,CE,Federal Contract Tower,0,3,6,0,9,0,0,13,0,13,0,3,19,0,22,50,0,50,72
10/11/2021,OSH,WI,AGL,CE,Federal Contract Tower,0,10,10,0,20,0,0,15,0,15,0,10,25,0,35,40,0,40,75
10/12/2021,OSH,WI,AGL,CE,Federal Contract Tower,0,8,19,0,27,0,0,0,0,0,0,8,19,0,27,0,0,0,27
10/13/2021,OSH,WI,AGL,CE,Federal Contract Tower,0,5,12,4,21,0,1,55,0,56,0,6,67,4,77,70,4,74,151
10/14/2021,OSH,WI,AGL,CE,Federal Contract Tower,0,7,19,7,33,0,0,95,2,97,0,7,114,9,130,116,0,116,246
10/15/2021,OSH,WI,AGL,CE,Federal Contract Tower,0,9,13,1,23,0,0,117,0,117,0,9,130,1,140,174,0,174,314
10/16/2021,OSH,WI,AGL,CE,Federal Contract Tower,0,4,5,0,9,0,5,53,0,58,0,9,58,0,67,72,0,72,139
10/17/2021,OSH,WI,AGL,CE,Federal Contract Tower,0,1,6,0,7,0,0,72,0,72,0,1,78,0,79,62,0,62,141
10/18/2021,OSH,WI,AGL,CE,Federal Contract Tower,0,5,15,0,20,0,1,151,2,154,0,6,166,2,174,250,0,250,424
10/19/2021,OSH,WI,AGL,CE,Federal Contract Tower,0,7,13,0,20,0,1,110,0,111,0,8,123,0,131,162,0,162,293
10/20/2021,OSH,WI,AGL,CE,Federal Contract Tower,0,5,9,0,14,0,0,66,0,66,0,5,75,0,80,110,0,110,190
10/21/2021,OSH,WI,AGL,CE,Federal Contract Tower,0,7,14,4,25,0,0,17,0,17,0,7,31,4,42,22,0,22,64
10/22/2021,OSH,WI,AGL,CE,Federal Contract Tower,0,6,14,0,20,0,0,86,0,86,0,6,100,0,106,206,0,206,312
10/23/2021,OSH,WI,AGL,CE,Federal Contract Tower,0,8,3,0,11,0,2,64,0,66,0,10,67,0,77,76,0,76,153
10/24/2021,OSH,WI,AGL,CE,Federal Contract Tower,0,2,3,0,5,0,0,28,0,28,0,2,31,0,33,28,0,28,61
10/25/2021,OSH,WI,AGL,CE,Federal Contract Tower,0,8,4,0,12,0,1,36,2,39,0,9,40,2,51,48,0,48,99
10/26/2021,OSH,WI,AGL,CE,Federal Contract Tower,0,8,8,0,16,0,0,110,0,110,0,8,118,0,126,190,0,190,316
10/27/2021,OSH,WI,AGL,CE,Federal Contract Tower,0,7,20,2,29,0,1,98,2,101,0,8,118,4,130,162,6,168,298
10/28/2021,OSH,WI,AGL,CE,Federal Contract Tower,0,9,10,4,23,0,1,0,0,1,0,10,10,4,24,0,0,0,24
10/29/2021,OSH,WI,AGL,CE,Federal Contract Tower,0,8,2,0,10,0,0,17,0,17,0,8,19,0,27,22,0,22,49
10/30/2021,OSH,WI,AGL,CE,Federal Contract Tower,0,7,5,0,12,0,0,20,0,20,0,7,25,0,32,78,0,78,110
10/31/2021,OSH,WI,AGL,CE,Federal Contract Tower,0,1,5,0,6,0,0,24,0,24,0,1,29,0,30,52,0,52,82
11/01/2021,OSH,WI,AGL,CE,Federal Contract Tower,0,5,13,0,18,0,0,72,0,72,0,5,85,0,90,110,0,110,200
11/02/2021,OSH,WI,AGL,CE,Federal Contract Tower,0,9,14,0,23,0,0,98,2,100,0,9,112,2,123,132,10,142,265
11/03/2021,OSH,WI,AGL,CE,Federal Contract Tower,0,5,16,3,24,0,1,105,0,106,0,6,121,3,130,186,0,186,316
11/04/2021,OSH,WI,AGL,CE,Federal Contract Tower,0,8,7,2,17,0,0,85,0,85,0,8,92,2,102,172,0,172,274
11/05/2021,OSH,WI,AGL,CE,Federal Contract Tower,0,10,0,0,10,0,1,44,0,45,0,11,44,0,55,32,0,32,87
11/06/2021,OSH,WI,AGL,CE,Federal Contract Tower,0,7,1,0,8,0,0,39,0,39,0,7,40,0,47,40,0,40,87
11/07/2021,OSH,WI,AGL,CE,Federal Contract Tower,0,3,2,0,5,0,0,38,0,38,0,3,40,0,43,28,0,28,71
11/08/2021,OSH,WI,AGL,CE,Federal Contract Tower,0,8,9,0,17,0,1,92,0,93,0,9,101,0,110,142,0,142,252
11/09/2021,OSH,WI,AGL,CE,Federal Contract Tower,0,11,8,1,20,0,1,101,1,103,0,12,109,2,123,100,0,100,223
11/10/2021,OSH,WI,AGL,CE,Federal Contract Tower,0,7,19,2,28,0,1,50,0,51,0,8,69,2,79,48,0,48,127
11/11/2021,OSH,WI,AGL,CE,Federal Contract Tower,0,8,20,0,28,0,1,2,0,3,0,9,22,0,31,0,0,0,31
11/12/2021,OSH,WI,AGL,CE,Federal Contract Tower,0,7,12,0,19,0,1,1,0,2,0,8,13,0,21,0,0,0,21
11/13/2021,OSH,WI,AGL,CE,Federal Contract Tower,0,6,3,0,9,0,0,46,0,46,0,6,49,0,55,54,0,54,109
11/14/2021,OSH,WI,AGL,CE,Federal Contract Tower,0,2,3,0,5,0,0,4,0,4,0,2,7,0,9,10,0,10,19
11/15/2021,OSH,WI,AGL,CE,Federal Contract Tower,0,3,13,0,16,0,0,97,0,97,0,3,110,0,113,90,0,90,203
11/16/2021,OSH,WI,AGL,CE,Federal Contract Tower,0,10,14,0,24,0,0,61,0,61,0,10,75,0,85,70,0,70,155
11/17/2021,OSH,WI,AGL,CE,Federal Contract Tower,0,8,10,0,18,0,0,52,0,52,0,8,62,0,70,90,0,90,160
11/18/2021,OSH,WI,AGL,CE,Federal Contract Tower,0,9,9,0,18,0,0,26,0,26,0,9,35,0,44,52,0,52,96
11/19/2021,OSH,WI,AGL,CE,Federal Contract Tower,0,10,8,0,18,0,5,131,0,136,0,15,139,0,154,116,0,116,270
11/20/2021,OSH,WI,AGL,CE,Federal Contract Tower,0,6,3,0,9,0,0,90,0,90,0,6,93,0,99,110,0,110,209
11/21/2021,OSH,WI,AGL,CE,Federal Contract Tower,0,1,0,0,1,0,0,23,0,23,0,1,23,0,24,22,0,22,46
11/22/2021,OSH,WI,AGL,CE,Federal Contract Tower,0,5,13,2,20,0,2,80,0,82,0,7,93,2,102,146,0,146,248
11/23/2021,OSH,WI,AGL,CE,Federal Contract Tower,0,7,10,0,17,0,0,78,2,80,0,7,88,2,97,62,8,70,167
11/24/2021,OSH,WI,AGL,CE,Federal Contract Tower,0,10,6,0,16,0,0,24,0,24,0,10,30,0,40,40,0,40,80
11/25/2021,OSH,WI,AGL,CE,Federal Contract Tower,0,0,0,0,0,0,0,2,0,2,0,0,2,0,2,0,0,0,2
11/26/2021,OSH,WI,AGL,CE,Federal Contract Tower,0,7,5,0,12,0,3,35,0,38,0,10,40,0,50,36,0,36,86
11/27/2021,OSH,WI,AGL,CE,Federal Contract Tower,0,4,1,0,5,0,0,22,0,22,0,4,23,0,27,20,0,20,47
11/28/2021,OSH,WI,AGL,CE,Federal Contract Tower,0,2,4,0,6,0,0,31,0,31,0,2,35,0,37,18,0,18,55
11/29/2021,OSH,WI,AGL,CE,Federal Contract Tower,0,7,6,0,13,0,0,16,0,16,0,7,22,0,29,12,0,12,41
11/30/2021,OSH,WI,AGL,CE,Federal Contract Tower,0,6,19,0,25,0,0,93,0,93,0,6,112,0,118,170,0,170,288
12/01/2021,OSH,WI,AGL,CE,Federal Contract Tower,0,8,3,2,13,0,0,49,0,49,0,8,52,2,62,80,0,80,142
12/02/2021,OSH,WI,AGL,CE,Federal Contract Tower,0,7,2,2,11,0,0,49,0,49,0,7,51,2,60,64,0,64,124
12/03/2021,OSH,WI,AGL,CE,Federal Contract Tower,0,12,5,0,17,0,0,0,0,0,0,12,5,0,17,0,0,0,17
12/04/2021,OSH,WI,AGL,CE,Federal Contract Tower,0,4,12,0,16,0,0,76,0,76,0,4,88,0,92,82,0,82,174
12/05/2021,OSH,WI,AGL,CE,Federal Contract Tower,0,1,0,0,1,0,0,0,0,0,0,1,0,0,1,0,0,0,1
12/06/2021,OSH,WI,AGL,CE,Federal Contract Tower,0,3,2,0,5,0,0,0,0,0,0,3,2,0,5,0,0,0,5
12/07/2021,OSH,WI,AGL,CE,Federal Contract Tower,0,6,10,0,16,0,0,51,0,51,0,6,61,0,67,114,0,114,181
12/08/2021,OSH,WI,AGL,CE,Federal Contract Tower,0,6,13,0,19,0,0,96,2,98,0,6,109,2,117,96,2,98,215
12/09/2021,OSH,WI,AGL,CE,Federal Contract Tower,0,8,4,0,12,0,0,13,0,13,0,8,17,0,25,46,0,46,71
12/10/2021,OSH,WI,AGL,CE,Federal Contract Tower,0,6,4,0,10,0,0,34,0,34,0,6,38,0,44,102,0,102,146
12/11/2021,OSH,WI,AGL,CE,Federal Contract Tower,0,3,0,0,3,0,0,4,0,4,0,3,4,0,7,6,0,6,13
12/12/2021,OSH,WI,AGL,CE,Federal Contract Tower,0,3,8,0,11,0,0,40,0,40,0,3,48,0,51,72,0,72,123
12/13/2021,OSH,WI,AGL,CE,Federal Contract Tower,0,5,8,0,13,0,0,133,0,133,0,5,141,0,146,176,0,176,322
12/14/2021,OSH,WI,AGL,CE,Federal Contract Tower,0,9,6,0,15,0,0,121,0,121,0,9,127,0,136,248,0,248,384
12/15/2021,OSH,WI,AGL,CE,Federal Contract Tower,0,13,12,0,25,0,0,2,0,2,0,13,14,0,27,8,0,8,35
12/16/2021,OSH,WI,AGL,CE,Federal Contract Tower,0,6,6,0,12,0,0,0,0,0,0,6,6,0,12,0,0,0,12
12/17/2021,OSH,WI,AGL,CE,Federal Contract Tower,0,8,16,0,24,0,2,99,0,101,0,10,115,0,125,168,0,168,293
12/18/2021,OSH,WI,AGL,CE,Federal Contract Tower,0,4,10,0,14,0,0,8,0,8,0,4,18,0,22,36,0,36,58
12/19/2021,OSH,WI,AGL,CE,Federal Contract Tower,0,1,2,0,3,0,0,39,0,39,0,1,41,0,42,96,0,96,138
12/20/2021,OSH,WI,AGL,CE,Federal Contract Tower,0,4,6,0,10,0,0,73,0,73,0,4,79,0,83,122,0,122,205
12/21/2021,OSH,WI,AGL,CE,Federal Contract Tower,0,6,6,0,12,0,0,57,0,57,0,6,63,0,69,108,0,108,177
12/22/2021,OSH,WI,AGL,CE,Federal Contract Tower,0,6,8,1,15,0,0,57,0,57,0,6,65,1,72,52,0,52,124
12/23/2021,OSH,WI,AGL,CE,Federal Contract Tower,0,6,2,0,8,0,0,32,0,32,0,6,34,0,40,34,0,34,74
12/24/2021,OSH,WI,AGL,CE,Federal Contract Tower,0,6,4,0,10,0,0,0,0,0,0,6,4,0,10,0,0,0,10
12/25/2021,OSH,WI,AGL,CE,Federal Contract Tower,0,1,1,0,2,0,0,18,0,18,0,1,19,0,20,14,0,14,34
12/26/2021,OSH,WI,AGL,CE,Federal Contract Tower,0,0,4,0,4,0,0,39,0,39,0,0,43,0,43,26,0,26,69
12/27/2021,OSH,WI,AGL,CE,Federal Contract Tower,0,3,3,0,6,0,0,2,0,2,0,3,5,0,8,0,0,0,8
12/28/2021,OSH,WI,AGL,CE,Federal Contract Tower,0,5,0,0,5,0,0,10,0,10,0,5,10,0,15,44,0,44,59
12/29/2021,OSH,WI,AGL,CE,Federal Contract Tower,0,8,2,0,10,0,2,11,2,15,0,10,13,2,25,30,6,36,61
12/30/2021,OSH,WI,AGL,CE,Federal Contract Tower,0,6,3,0,9,0,0,12,0,12,0,6,15,0,21,20,0,20,41
12/31/2021,OSH,WI,AGL,CE,Federal Contract Tower,0,7,0,0,7,0,0,0,0,0,0,7,0,0,7,0,0,0,7
01/01/2022,OSH,WI,AGL,CE,Federal Contract Tower,0,0,0,0,0,0,0,5,0,5,0,0,5,0,5,0,0,0,5
01/02/2022,OSH,WI,AGL,CE,Federal Contract Tower,0,2,1,0,3,0,0,38,0,38,0,2,39,0,41,48,0,48,89
01/03/2022,OSH,WI,AGL,CE,Federal Contract Tower,0,5,4,2,11,0,1,44,0,45,0,6,48,2,56,88,0,88,144
01/04/2022,OSH,WI,AGL,CE,Federal Contract Tower,0,5,1,4,10,0,4,50,0,54,0,9,51,4,64,28,0,28,92
01/05/2022,OSH,WI,AGL,CE,Federal Contract Tower,0,8,0,0,8,0,0,0,0,0,0,8,0,0,8,0,0,0,8
01/06/2022,OSH,WI,AGL,CE,Federal Contract Tower,0,6,1,0,7,0,0,6,0,6,0,6,7,0,13,14,0,14,27
01/07/2022,OSH,WI,AGL,CE,Federal Contract Tower,0,4,8,0,12,0,2,47,0,49,0,6,55,0,61,100,0,100,161
01/08/2022,OSH,WI,AGL,CE,Federal Contract Tower,0,4,1,0,5,0,1,6,0,7,0,5,7,0,12,18,0,18,30
01/09/2022,OSH,WI,AGL,CE,Federal Contract Tower,0,1,4,0,5,0,0,8,0,8,0,1,12,0,13,0,0,0,13
01/10/2022,OSH,WI,AGL,CE,Federal Contract Tower,0,2,6,2,10,0,0,13,0,13,0,2,19,2,23,12,0,12,35
01/11/2022,OSH,WI,AGL,CE,Federal Contract Tower,0,7,2,0,9,0,0,49,0,49,0,7,51,0,58,88,0,88,146
01/12/2022,OSH,WI,AGL,CE,Federal Contract Tower,0,9,5,2,16,0,12,53,2,67,0,21,58,4,83,70,4,74,157
01/13/2022,OSH,WI,AGL,CE,Federal Contract Tower,0,8,6,0,14,0,0,18,0,18,0,8,24,0,32,34,0,34,66
01/14/2022,OSH,WI,AGL,CE,Federal Contract Tower,0,6,4,0,10,0,0,12,0,12,0,6,16,0,22,16,0,16,38
01/15/2022,OSH,WI,AGL,CE,Federal Contract Tower,0,5,6,0,11,0,0,29,0,29,0,5,35,0,40,30,0,30,70
01/16/2022,OSH,WI,AGL,CE,Federal Contract Tower,0,1,1,0,2,0,0,17,0,17,0,1,18,0,19,60,0,60,79
01/17/2022,OSH,WI,AGL,CE,Federal Contract Tower,0,7,11,0,18,0,6,41,0,47,0,13,52,0,65,108,0,108,173
01/18/2022,OSH,WI,AGL,CE,Federal Contract Tower,0,3,5,0,8,0,1,25,0,26,0,4,30,0,34,68,0,68,102
01/19/2022,OSH,WI,AGL,CE,Federal Contract Tower,0,11,5,2,18,0,2,34,0,36,0,13,39,2,54,28,0,28,82
01/20/2022,OSH,WI,AGL,CE,Federal Contract Tower,0,10,17,0,27,0,0,61,2,63,0,10,78,2,90,58,2,60,150
01/21/2022,OSH,WI,AGL,CE,Federal Contract Tower,0,7,5,0,12,0,0,82,0,82,0,7,87,0,94,132,0,132,226
01/22/2022,OSH,WI,AGL,CE,Federal Contract Tower,0,5,0,0,5,0,0,6,0,6,0,5,6,0,11,0,0,0,11
01/23/2022,OSH,WI,AGL,CE,Federal Contract Tower,0,1,1,0,2,0,0,24,0,24,0,1,25,0,26,4,0,4,30
01/24/2022,OSH,WI,AGL,CE,Federal Contract Tower,0,4,2,0,6,0,0,18,0,18,0,4,20,0,24,30,0,30,54
01/25/2022,OSH,WI,AGL,CE,Federal Contract Tower,0,6,12,2,20,0,2,42,0,44,0,8,54,2,64,22,0,22,86
01/26/2022,OSH,WI,AGL,CE,Federal Contract Tower,0,9,13,0,22,0,0,22,4,26,0,9,35,4,48,26,0,26,74
01/27/2022,OSH,WI,AGL,CE,Federal Contract Tower,0,9,9,0,18,0,0,24,2,26,0,9,33,2,44,92,0,92,136
01/28/2022,OSH,WI,AGL,CE,Federal Contract Tower,0,6,5,0,11,0,0,70,0,70,0,6,75,0,81,126,0,126,207
01/29/2022,OSH,WI,AGL,CE,Federal Contract Tower,0,4,4,0,8,0,6,21,2,29,0,10,25,2,37,32,0,32,69
01/30/2022,OSH,WI,AGL,CE,Federal Contract Tower,0,1,4,0,5,0,3,36,0,39,0,4,40,0,44,48,0,48,92
01/31/2022,OSH,WI,AGL,CE,Federal Contract Tower,0,7,9,0,16,0,2,61,0,63,0,9,70,0,79,166,0,166,245
02/01/2022,OSH,WI,AGL,CE,Federal Contract Tower,0,11,10,0,21,0,4,52,0,56,0,15,62,0,77,100,0,100,177
02/02/2022,OSH,WI,AGL,CE,Federal Contract Tower,0,8,3,3,14,0,1,47,0,48,0,9,50,3,62,122,12,134,196
02/03/2022,OSH,WI,AGL,CE,Federal Contract Tower,0,10,11,2,23,0,1,51,0,52,0,11,62,2,75,134,0,134,209
02/04/2022,OSH,WI,AGL,CE,Federal Contract Tower,0,9,6,0,15,0,0,15,0,15,0,9,21,0,30,30,0,30,60
02/05/2022,OSH,WI,AGL,CE,Federal Contract Tower,0,8,2,0,10,0,0,20,0,20,0,8,22,0,30,34,0,34,64
02/06/2022,OSH,WI,AGL,CE,Federal Contract Tower,0,4,4,0,8,0,0,28,0,28,0,4,32,0,36,32,0,32,68
02/07/2022,OSH,WI,AGL,CE,Federal Contract Tower,0,9,7,0,16,0,0,72,0,72,0,9,79,0,88,86,0,86,174
02/08/2022,OSH,WI,AGL,CE,Federal Contract Tower,0,7,7,0,14,0,1,66,0,67,0,8,73,0,81,70,0,70,151
02/09/2022,OSH,WI,AGL,CE,Federal Contract Tower,0,7,2,0,9,0,0,4,0,4,0,7,6,0,13,10,0,10,23
02/10/2022,OSH,WI,AGL,CE,Federal Contract Tower,0,8,5,0,13,0,0,20,0,20,0,8,25,0,33,24,0,24,57
02/11/2022,OSH,WI,AGL,CE,Federal Contract Tower,0,6,3,0,9,0,0,7,0,7,0,6,10,0,16,8,0,8,24
02/12/2022,OSH,WI,AGL,CE,Federal Contract Tower,0,6,4,0,10,0,0,56,1,57,0,6,60,1,67,14,0,14,81
02/13/2022,OSH,WI,AGL,CE,Federal Contract Tower,0,2,3,0,5,0,0,52,0,52,0,2,55,0,57,92,0,92,149
02/14/2022,OSH,WI,AGL,CE,Federal Contract Tower,0,2,4,0,6,0,0,42,0,42,0,2,46,0,48,46,0,46,94
02/15/2022,OSH,WI,AGL,CE,Federal Contract Tower,0,12,17,0,29,0,0,61,0,61,0,12,78,0,90,80,0,80,170
02/16/2022,OSH,WI,AGL,CE,Federal Contract Tower,0,7,3,0,10,0,0,28,0,28,0,7,31,0,38,50,0,50,88
02/17/2022,OSH,WI,AGL,CE,Federal Contract Tower,0,9,5,0,14,0,6,82,2,90,0,15,87,2,104,166,0,166,270
02/18/2022,OSH,WI,AGL,CE,Federal Contract Tower,0,8,4,0,12,0,0,31,2,33,0,8,35,2,45,26,0,26,71
02/19/2022,OSH,WI,AGL,CE,Federal Contract Tower,0,7,4,0,11,0,0,18,0,18,0,7,22,0,29,0,0,0,29
02/20/2022,OSH,WI,AGL,CE,Federal Contract Tower,0,1,1,0,2,0,0,15,0,15,0,1,16,0,17,18,0,18,35
02/21/2022,OSH,WI,AGL,CE,Federal Contract Tower,0,4,9,0,13,0,0,2,0,2,0,4,11,0,15,0,0,0,15
02/22/2022,OSH,WI,AGL,CE,Federal Contract Tower,0,5,5,0,10,0,0,0,0,0,0,5,5,0,10,0,0,0,10
02/23/2022,OSH,WI,AGL,CE,Federal Contract Tower,0,9,15,0,24,0,0,87,0,87,0,9,102,0,111,160,0,160,271
02/24/2022,OSH,WI,AGL,CE,Federal Contract Tower,0,14,7,0,21,0,0,20,0,20,0,14,27,0,41,8,0,8,49
02/25/2022,OSH,WI,AGL,CE,Federal Contract Tower,0,6,8,0,14,0,1,41,0,42,0,7,49,0,56,86,0,86,142
02/26/2022,OSH,WI,AGL,CE,Federal Contract Tower,0,7,3,0,10,0,0,31,0,31,0,7,34,0,41,14,0,14,55
02/27/2022,OSH,WI,AGL,CE,Federal Contract Tower,0,2,9,0,11,0,0,63,0,63,0,2,72,0,74,46,0,46,120
02/28/2022,OSH,WI,AGL,CE,Federal Contract Tower,0,9,3,0,12,0,0,77,0,77,0,9,80,0,89,84,0,84,173
03/01/2022,OSH,WI,AGL,CE,Federal Contract Tower,0,7,2,0,9,0,0,83,0,83,0,7,85,0,92,124,0,124,216
03/02/2022,OSH,WI,AGL,CE,Federal Contract Tower,0,7,6,0,13,0,0,47,2,49,0,7,53,2,62,72,6,78,140
03/03/2022,OSH,WI,AGL,CE,Federal Contract Tower,0,9,18,0,27,0,0,73,0,73,0,9,91,0,100,92,0,92,192
03/04/2022,OSH,WI,AGL,CE,Federal Contract Tower,0,8,13,0,21,0,0,75,0,75,0,8,88,0,96,72,0,72,168
03/05/2022,OSH,WI,AGL,CE,Federal Contract Tower,0,5,1,0,6,0,0,0,0,0,0,5,1,0,6,0,0,0,6
03/06/2022,OSH,WI,AGL,CE,Federal Contract Tower,0,1,7,0,8,0,0,6,0,6,0,1,13,0,14,14,0,14,28
03/07/2022,OSH,WI,AGL,CE,Federal Contract Tower,0,2,5,0,7,0,0,11,0,11,0,2,16,0,18,12,0,12,30
03/08/2022,OSH,WI,AGL,CE,Federal Contract Tower,0,6,2,2,10,0,0,83,2,85,0,6,85,4,95,100,0,100,195
03/09/2022,OSH,WI,AGL,CE,Federal Contract Tower,0,6,12,0,18,0,1,66,0,67,0,7,78,0,85,98,0,98,183
03/10/2022,OSH,WI,AGL,CE,Federal Contract Tower,0,5,7,4,16,0,0,52,2,54,0,5,59,6,70,80,0,80,150
03/11/2022,OSH,WI,AGL,CE,Federal Contract Tower,0,6,11,0,17,0,0,24,0,24,0,6,35,0,41,22,0,22,63
03/12/2022,OSH,WI,AGL,CE,Federal Contract Tower,0,7,3,0,10,0,0,17,0,17,0,7,20,0,27,8,0,8,35
03/13/2022,OSH,WI,AGL,CE,Federal Contract Tower,0,0,5,0,5,0,0,41,0,41,0,0,46,0,46,20,0,20,66
03/14/2022,OSH,WI,AGL,CE,Federal Contract Tower,0,5,2,0,7,0,6,31,0,37,0,11,33,0,44,38,0,38,82
03/15/2022,OSH,WI,AGL,CE,Federal Contract Tower,0,4,3,0,7,0,1,20,0,21,0,5,23,0,28,52,0,52,80
03/16/2022,OSH,WI,AGL,CE,Federal Contract Tower,0,6,23,0,29,0,0,35,2,37,0,6,58,2,66,56,0,56,122
03/17/2022,OSH,WI,AGL,CE,Federal Contract Tower,0,7,10,0,17,0,0,89,0,89,0,7,99,0,106,158,0,158,264
03/18/2022,OSH,WI,AGL,CE,Federal Contract Tower,0,5,1,0,6,0,0,0,0,0,0,5,1,0,6,0,0,0,6
03/19/2022,OSH,WI,AGL,CE,Federal Contract Tower,0,5,3,0,8,0,0,16,0,16,0,5,19,0,24,68,0,68,92
03/20/2022,OSH,WI,AGL,CE,Federal Contract Tower,0,5,4,0,9,0,0,84,0,84,0,5,88,0,93,78,0,78,171
03/21/2022,OSH,WI,AGL,CE,Federal Contract Tower,0,3,8,0,11,0,0,40,0,40,0,3,48,0,51,46,0,46,97
03/22/2022,OSH,WI,AGL,CE,Federal Contract Tower,0,7,6,0,13,0,0,8,0,8,0,7,14,0,21,4,0,4,25
03/23/2022,OSH,WI,AGL,CE,Federal Contract Tower,0,6,4,0,10,0,0,0,0,0,0,6,4,0,10,0,0,0,10
03/24/2022,OSH,WI,AGL,CE,Federal Contract Tower,0,9,12,0,21,0,0,0,0,0,0,9,12,0,21,0,0,0,21
03/25/2022,OSH,WI,AGL,CE,Federal Contract Tower,0,7,9,0,16,0,0,9,0,9,0,7,18,0,25,8,0,8,33
03/26/2022,OSH,WI,AGL,CE,Federal Contract Tower,0,6,1,0,7,0,0,10,0,10,0,6,11,0,17,14,0,14,31
03/27/2022,OSH,WI,AGL,CE,Federal Contract Tower,0,3,7,0,10,0,0,61,0,61,0,3,68,0,71,48,0,48,119
03/28/2022,OSH,WI,AGL,CE,Federal Contract Tower,0,6,8,0,14,0,0,119,2,121,0,6,127,2,135,166,0,166,301
03/29/2022,OSH,WI,AGL,CE,Federal Contract Tower,0,9,11,0,20,0,0,60,0,60,0,9,71,0,80,56,0,56,136
03/30/2022,OSH,WI,AGL,CE,Federal Contract Tower,0,8,13,0,21,0,2,2,0,4,0,10,15,0,25,0,0,0,25
03/31/2022,OSH,WI,AGL,CE,Federal Contract Tower,0,7,3,0,10,0,0,3,0,3,0,7,6,0,13,0,0,0,13
04/01/2022,OSH,WI,AGL,CE,Federal Contract Tower,0,8,5,0,13,0,0,89,0,89,0,8,94,0,102,132,0,132,234
04/02/2022,OSH,WI,AGL,CE,Federal Contract Tower,0,5,1,0,6,0,0,0,0,0,0,5,1,0,6,0,0,0,6
04/03/2022,OSH,WI,AGL,CE,Federal Contract Tower,0,2,9,0,11,0,0,56,0,56,0,2,65,0,67,118,0,118,185
04/04/2022,OSH,WI,AGL,CE,Federal Contract Tower,0,7,1,0,8,0,0,0,0,0,0,7,1,0,8,0,0,0,8
04/05/2022,OSH,WI,AGL,CE,Federal Contract Tower,0,5,6,2,13,0,0,4,0,4,0,5,10,2,17,0,0,0,17
04/06/2022,OSH,WI,AGL,CE,Federal Contract Tower,0,9,5,0,14,0,0,27,0,27,0,9,32,0,41,74,0,74,115
04/07/2022,OSH,WI,AGL,CE,Federal Contract Tower,0,8,3,0,11,0,0,4,0,4,0,8,7,0,15,8,0,8,23
04/08/2022,OSH,WI,AGL,CE,Federal Contract Tower,0,7,1,0,8,0,0,14,0,14,0,7,15,0,22,18,0,18,40
04/09/2022,OSH,WI,AGL,CE,Federal Contract Tower,0,6,7,0,13,0,1,93,0,94,0,7,100,0,107,74,0,74,181
04/10/2022,OSH,WI,AGL,CE,Federal Contract Tower,0,1,7,0,8,0,0,57,0,57,0,1,64,0,65,102,0,102,167
04/11/2022,OSH,WI,AGL,CE,Federal Contract Tower,0,3,10,0,13,0,0,82,2,84,0,3,92,2,97,136,0,136,233
04/12/2022,OSH,WI,AGL,CE,Federal Contract Tower,0,4,10,0,14,0,1,95,0,96,0,5,105,0,110,138,0,138,248
04/13/2022,OSH,WI,AGL,CE,Federal Contract Tower,0,7,4,0,11,0,0,0,0,0,0,7,4,0,11,0,0,0,11
04/14/2022,OSH,WI,AGL,CE,Federal Contract Tower,0,8,3,0,11,0,0,0,0,0,0,8,3,0,11,0,0,0,11
04/15/2022,OSH,WI,AGL,CE,Federal Contract Tower,0,4,3,0,7,0,0,12,0,12,0,4,15,0,19,4,0,4,23
04/16/2022,OSH,WI,AGL,CE,Federal Contract Tower,0,9,2,0,11,0,0,61,0,61,0,9,63,0,72,106,0,106,178
04/17/2022,OSH,WI,AGL,CE,Federal Contract Tower,0,2,2,0,4,0,0,58,0,58,0,2,60,0,62,58,0,58,120
04/18/2022,OSH,WI,AGL,CE,Federal Contract Tower,0,7,6,0,13,0,0,2,0,2,0,7,8,0,15,10,0,10,25
04/19/2022,OSH,WI,AGL,CE,Federal Contract Tower,0,6,15,0,21,0,1,106,0,107,0,7,121,0,128,198,0,198,326
04/20/2022,OSH,WI,AGL,CE,Federal Contract Tower,0,8,11,0,19,0,0,51,0,51,0,8,62,0,70,86,0,86,156
04/21/2022,OSH,WI,AGL,CE,Federal Contract Tower,0,11,14,0,25,0,0,67,0,67,0,11,81,0,92,122,0,122,214
04/22/2022,OSH,WI,AGL,CE,Federal Contract Tower,0,4,12,0,16,0,0,29,0,29,0,4,41,0,45,26,0,26,71
04/23/2022,OSH,WI,AGL,CE,Federal Contract Tower,0,5,10,0,15,0,0,76,0,76,0,5,86,0,91,36,0,36,127
04/24/2022,OSH,WI,AGL,CE,Federal Contract Tower,0,0,1,0,1,0,0,17,0,17,0,0,18,0,18,2,0,2,20
04/25/2022,OSH,WI,AGL,CE,Federal Contract Tower,0,4,0,0,4,0,0,33,0,33,0,4,33,0,37,60,0,60,97
04/26/2022,OSH,WI,AGL,CE,Federal Contract Tower,0,7,8,0,15,0,0,43,0,43,0,7,51,0,58,40,0,40,98
04/27/2022,OSH,WI,AGL,CE,Federal Contract Tower,0,10,13,0,23,0,0,111,0,111,0,10,124,0,134,166,0,166,300
04/28/2022,OSH,WI,AGL,CE,Federal Contract Tower,0,6,8,2,16,0,0,55,0,55,0,6,63,2,71,92,0,92,163
04/29/2022,OSH,WI,AGL,CE,Federal Contract Tower,0,7,12,2,21,0,57,0,0,57,0,64,12,2,78,110,6,116,194
04/30/2022,OSH,WI,AGL,CE,Federal Contract Tower,0,7,0,0,7,0,0,1,0,1,0,7,1,0,8,0,0,0,8
05/01/2022,OSH,WI,AGL,CE,Federal Contract Tower,0,0,8,0,8,0,0,2,0,2,0,0,10,0,10,22,0,22,32
05/02/2022,OSH,WI,AGL,CE,Federal Contract Tower,0,9,24,0,33,0,0,15,0,15,0,9,39,0,48,10,0,10,58
05/03/2022,OSH,WI,AGL,CE,Federal Contract Tower,0,7,4,0,11,0,0,8,0,8,0,7,12,0,19,12,0,12,31
05/04/2022,OSH,WI,AGL,CE,Federal Contract Tower,0,6,16,0,22,0,0,176,2,178,0,6,192,2,200,220,0,220,420
05/05/2022,OSH,WI,AGL,CE,Federal Contract Tower,0,7,9,2,18,0,1,74,0,75,0,8,83,2,93,108,0,108,201
05/06/2022,OSH,WI,AGL,CE,Federal Contract Tower,0,6,15,0,21,0,0,58,0,58,0,6,73,0,79,80,0,80,159
05/07/2022,OSH,WI,AGL,CE,Federal Contract Tower,0,4,7,0,11,0,1,120,0,121,0,5,127,0,132,166,0,166,298
05/08/2022,OSH,WI,AGL,CE,Federal Contract Tower,0,1,7,0,8,0,0,36,0,36,0,1,43,0,44,76,0,76,120
05/09/2022,OSH,WI,AGL,CE,Federal Contract Tower,0,5,4,2,11,0,1,13,0,14,0,6,17,2,25,6,0,6,31
05/10/2022,OSH,WI,AGL,CE,Federal Contract Tower,0,9,13,0,22,0,0,42,0,42,0,9,55,0,64,46,0,46,110
05/11/2022,OSH,WI,AGL,CE,Federal Contract Tower,0,7,15,0,22,0,0,26,0,26,0,7,41,0,48,58,0,58,106
05/12/2022,OSH,WI,AGL,CE,Federal Contract Tower,0,6,15,0,21,0,1,75,0,76,0,7,90,0,97,112,0,112,209
05/13/2022,OSH,WI,AGL,CE,Federal Contract Tower,0,6,11,0,17,0,1,56,0,57,0,7,67,0,74,94,0,94,168
05/14/2022,OSH,WI,AGL,CE,Federal Contract Tower,0,7,2,0,9,0,1,116,0,117,0,8,118,0,126,80,0,80,206
05/15/2022,OSH,WI,AGL,CE,Federal Contract Tower,0,0,11,0,11,0,0,88,0,88,0,0,99,0,99,142,0,142,241
05/16/2022,OSH,WI,AGL,CE,Federal Contract Tower,0,6,7,0,13,0,0,42,2,44,0,6,49,2,57,58,2,60,117
05/17/2022,OSH,WI,AGL,CE,Federal Contract Tower,0,4,17,0,21,0,2,107,0,109,0,6,124,0,130,192,0,192,322
05/18/2022,OSH,WI,AGL,CE,Federal Contract Tower,0,5,28,0,33,0,0,43,0,43,0,5,71,0,76,58,0,58,134
05/19/2022,OSH,WI,AGL,CE,Federal Contract Tower,0,5,16,0,21,0,5,82,0,87,0,10,98,0,108,150,0,150,258
05/20/2022,OSH,WI,AGL,CE,Federal Contract Tower,0,4,11,0,15,0,0,35,2,37,0,4,46,2,52,34,6,40,92
05/21/2022,OSH,WI,AGL,CE,Federal Contract Tower,0,5,0,0,5,0,0,47,0,47,0,5,47,0,52,122,0,122,174
05/22/2022,OSH,WI,AGL,CE,Federal Contract Tower,0,0,7,2,9,0,0,75,0,75,0,0,82,2,84,114,0,114,198
05/23/2022,OSH,WI,AGL,CE,Federal Contract Tower,0,2,10,2,14,0,1,136,0,137,0,3,146,2,151,170,0,170,321
05/24/2022,OSH,WI,AGL,CE,Federal Contract Tower,0,4,14,0,18,0,1,112,0,113,0,5,126,0,131,208,0,208,339
05/25/2022,OSH,WI,AGL,CE,Federal Contract Tower,0,6,9,0,15,0,0,3,0,3,0,6,12,0,18,0,0,0,18
05/26/2022,OSH,WI,AGL,CE,Federal Contract Tower,0,6,16,0,22,0,0,0,0,0,0,6,16,0,22,0,0,0,22
05/27/2022,OSH,WI,AGL,CE,Federal Contract Tower,0,6,5,0,11,0,0,53,0,53,0,6,58,0,64,44,0,44,108
05/28/2022,OSH,WI,AGL,CE,Federal Contract Tower,0,5,11,0,16,0,0,51,0,51,0,5,62,0,67,98,0,98,165
05/29/2022,OSH,WI,AGL,CE,Federal Contract Tower,0,3,2,0,5,0,0,19,0,19,0,3,21,0,24,80,0,80,104
05/30/2022,OSH,WI,AGL,CE,Federal Contract Tower,0,2,3,0,5,0,0,42,0,42,0,2,45,0,47,94,0,94,141
05/31/2022,OSH,WI,AGL,CE,Federal Contract Tower,0,8,3,0,11,0,0,20,0,20,0,8,23,0,31,26,0,26,57
06/01/2022,OSH,WI,AGL,CE,Federal Contract Tower,0,6,7,0,13,0,2,115,0,117,0,8,122,0,130,190,0,190,320
06/02/2022,OSH,WI,AGL,CE,Federal Contract Tower,0,7,15,2,24,0,0,73,0,73,0,7,88,2,97,252,0,252,349
06/03/2022,OSH,WI,AGL,CE,Federal Contract Tower,0,5,11,0,16,0,6,85,0,91,0,11,96,0,107,52,0,52,159
06/04/2022,OSH,WI,AGL,CE,Federal Contract Tower,0,5,7,0,12,0,0,59,0,59,0,5,66,0,71,178,0,178,249
06/05/2022,OSH,WI,AGL,CE,Federal Contract Tower,0,0,11,0,11,0,0,10,0,10,0,0,21,0,21,6,0,6,27
06/06/2022,OSH,WI,AGL,CE,Federal Contract Tower,0,1,11,0,12,0,0,2,0,2,0,1,13,0,14,12,0,12,26
06/07/2022,OSH,WI,AGL,CE,Federal Contract Tower,0,4,17,0,21,0,0,133,0,133,0,4,150,0,154,212,0,212,366
06/08/2022,OSH,WI,AGL,CE,Federal Contract Tower,0,6,14,0,20,0,0,14,2,16,0,6,28,2,36,12,4,16,52
06/09/2022,OSH,WI,AGL,CE,Federal Contract Tower,0,11,9,0,20,0,1,127,0,128,0,12,136,0,148,242,0,242,390
06/10/2022,OSH,WI,AGL,CE,Federal Contract Tower,0,6,14,0,20,0,1,96,0,97,0,7,110,0,117,162,0,162,279
06/11/2022,OSH,WI,AGL,CE,Federal Contract Tower,0,7,11,0,18,0,0,93,0,93,0,7,104,0,111,28,0,28,139
06/12/2022,OSH,WI,AGL,CE,Federal Contract Tower,0,1,8,1,10,0,0,98,1,99,0,1,106,2,109,146,0,146,255
06/13/2022,OSH,WI,AGL,CE,Federal Contract Tower,0,5,9,0,14,0,52,0,0,52,0,57,9,0,66,60,0,60,126
06/14/2022,OSH,WI,AGL,CE,Federal Contract Tower,0,11,18,0,29,0,0,66,0,66,0,11,84,0,95,142,0,142,237
06/15/2022,OSH,WI,AGL,CE,Federal Contract Tower,0,8,11,1,20,0,0,70,1,71,0,8,81,2,91,204,0,204,295
06/16/2022,OSH,WI,AGL,CE,Federal Contract Tower,0,6,3,0,9,0,0,27,2,29,0,6,30,2,38,4,2,6,44
06/17/2022,OSH,WI,AGL,CE,Federal Contract Tower,0,10,29,0,39,0,0,113,0,113,0,10,142,0,152,142,0,142,294
06/18/2022,OSH,WI,AGL,CE,Federal Contract Tower,0,9,9,0,18,0,0,107,7,114,0,9,116,7,132,218,0,218,350
06/19/2022,OSH,WI,AGL,CE,Federal Contract Tower,0,2,5,0,7,0,0,92,0,92,0,2,97,0,99,78,0,78,177
06/20/2022,OSH,WI,AGL,CE,Federal Contract Tower,0,3,11,0,14,0,2,107,0,109,0,5,118,0,123,164,0,164,287
06/21/2022,OSH,WI,AGL,CE,Federal Contract Tower,0,7,14,0,21,0,11,70,0,81,0,18,84,0,102,190,0,190,292
06/22/2022,OSH,WI,AGL,CE,Federal Contract Tower,0,11,11,2,24,0,0,94,2,96,0,11,105,4,120,218,0,218,338
06/23/2022,OSH,WI,AGL,CE,Federal Contract Tower,0,13,16,0,29,0,1,146,2,149,0,14,162,2,178,210,4,214,392
06/24/2022,OSH,WI,AGL,CE,Federal Contract Tower,0,3,14,2,19,0,2,84,0,86,0,5,98,2,105,138,0,138,243
06/25/2022,OSH,WI,AGL,CE,Federal Contract Tower,0,7,2,0,9,0,0,3,0,3,0,7,5,0,12,24,0,24,36
06/26/2022,OSH,WI,AGL,CE,Federal Contract Tower,0,9,6,0,15,0,0,44,0,44,0,9,50,0,59,84,0,84,143
06/27/2022,OSH,WI,AGL,CE,Federal Contract Tower,0,8,25,3,36,0,6,84,1,91,0,14,109,4,127,142,0,142,269
06/28/2022,OSH,WI,AGL,CE,Federal Contract Tower,0,6,8,0,14,0,0,81,0,81,0,6,89,0,95,136,0,136,231
06/29/2022,OSH,WI,AGL,CE,Federal Contract Tower,0,8,15,2,25,0,2,85,2,89,0,10,100,4,114,146,6,152,266
06/30/2022,OSH,WI,AGL,CE,Federal Contract Tower,0,7,18,0,25,0,1,38,0,39,0,8,56,0,64,24,0,24,88
07/01/2022,OSH,WI,AGL,CE,Federal Contract Tower,0,10,10,3,23,0,0,92,0,92,0,10,102,3,115,124,0,124,239
07/02/2022,OSH,WI,AGL,CE,Federal Contract Tower,0,9,4,0,13,0,0,87,0,87,0,9,91,0,100,104,0,104,204
07/03/2022,OSH,WI,AGL,CE,Federal Contract Tower,0,3,6,4,13,0,0,63,0,63,0,3,69,4,76,96,0,96,172
07/04/2022,OSH,WI,AGL,CE,Federal Contract Tower,0,4,4,1,9,0,1,13,0,14,0,5,17,1,23,54,0,54,77
07/05/2022,OSH,WI,AGL,CE,Federal Contract Tower,0,17,13,2,32,0,1,29,0,30,0,18,42,2,62,74,0,74,136
07/06/2022,OSH,WI,AGL,CE,Federal Contract Tower,0,7,22,0,29,0,3,22,0,25,0,10,44,0,54,86,0,86,140
07/07/2022,OSH,WI,AGL,CE,Federal Contract Tower,0,8,2,0,10,0,0,78,6,84,0,8,80,6,94,192,0,192,286
07/08/2022,OSH,WI,AGL,CE,Federal Contract Tower,0,6,6,0,12,0,0,29,0,29,0,6,35,0,41,70,0,70,111
07/09/2022,OSH,WI,AGL,CE,Federal Contract Tower,0,6,14,2,22,0,2,101,18,121,0,8,115,20,143,94,8,102,245
07/10/2022,OSH,WI,AGL,CE,Federal Contract Tower,0,4,10,0,14,0,0,79,0,79,0,4,89,0,93,112,0,112,205
07/11/2022,OSH,WI,AGL,CE,Federal Contract Tower,0,6,13,0,19,0,0,20,0,20,0,6,33,0,39,68,0,68,107
07/12/2022,OSH,WI,AGL,CE,Federal Contract Tower,0,16,17,0,33,0,4,111,0,115,0,20,128,0,148,190,0,190,338
07/13/2022,OSH,WI,AGL,CE,Federal Contract Tower,0,7,25,0,32,0,0,70,0,70,0,7,95,0,102,174,0,174,276
07/14/2022,OSH,WI,AGL,CE,Federal Contract Tower,0,6,6,0,12,0,0,140,0,140,0,6,146,0,152,248,0,248,400
07/15/2022,OSH,WI,AGL,CE,Federal Contract Tower,0,7,18,0,25,0,0,3,0,3,0,7,21,0,28,14,0,14,42
07/16/2022,OSH,WI,AGL,CE,Federal Contract Tower,0,7,8,0,15,0,0,50,0,50,0,7,58,0,65,86,0,86,151
07/17/2022,OSH,WI,AGL,CE,Federal Contract Tower,0,3,18,0,21,0,0,107,0,107,0,3,125,0,128,136,0,136,264
07/18/2022,OSH,WI,AGL,CE,Federal Contract Tower,0,8,13,0,21,0,0,140,0,140,0,8,153,0,161,144,0,144,305
07/19/2022,OSH,WI,AGL,CE,Federal Contract Tower,0,12,12,0,24,0,0,106,2,108,0,12,118,2,132,120,0,120,252
07/20/2022,OSH,WI,AGL,CE,Federal Contract Tower,0,8,38,0,46,0,0,153,0,153,0,8,191,0,199,26,0,26,225
07/21/2022,OSH,WI,AGL,CE,Federal Contract Tower,0,5,13,0,18,0,1,136,0,137,0,6,149,0,155,8,0,8,163
07/22/2022,OSH,WI,AGL,CE,Federal Contract Tower,0,0,58,0,58,0,0,1528,0,1528,0,0,1586,0,1586,0,0,0,1586
07/23/2022,OSH,WI,AGL,CE,Federal Contract Tower,0,0,37,0,37,0,0,1278,0,1278,0,0,1315,0,1315,0,0,0,1315
07/24/2022,OSH,WI,AGL,CE,Federal Contract Tower,0,0,203,0,203,0,0,2081,0,2081,0,0,2284,0,2284,0,0,0,2284
07/25/2022,OSH,WI,AGL,CE,Federal Contract Tower,0,0,28,0,28,0,0,1461,0,1461,0,0,1489,0,1489,0,0,0,1489
07/26/2022,OSH,WI,AGL,CE,Federal Contract Tower,0,0,63,0,63,0,0,1608,0,1608,0,0,1671,0,1671,0,0,0,1671
07/27/2022,OSH,WI,AGL,CE,Federal Contract Tower,0,0,51,0,51,0,0,1853,0,1853,0,0,1904,0,1904,0,0,0,1904
07/28/2022,OSH,WI,AGL,CE,Federal Contract Tower,0,0,91,0,91,0,0,2511,0,2511,0,0,2602,0,2602,0,0,0,2602
07/29/2022,OSH,WI,AGL,CE,Federal Contract Tower,0,0,70,0,70,0,0,1968,0,1968,0,0,2038,0,2038,0,0,0,2038
07/30/2022,OSH,WI,AGL,CE,Federal Contract Tower,0,0,37,0,37,0,0,1458,0,1458,0,0,1495,0,1495,0,0,0,1495
07/31/2022,OSH,WI,AGL,CE,Federal Contract Tower,0,0,60,0,60,0,0,1424,0,1424,0,0,1484,0,1484,0,0,0,1484
08/01/2022,OSH,WI,AGL,CE,Federal Contract Tower,0,17,80,5,102,0,0,261,5,266,0,17,341,10,368,46,0,46,414
08/02/2022,OSH,WI,AGL,CE,Federal Contract Tower,0,8,14,0,22,0,4,179,0,183,0,12,193,0,205,156,0,156,361
08/03/2022,OSH,WI,AGL,CE,Federal Contract Tower,0,7,5,0,12,0,0,39,1,40,0,7,44,1,52,122,0,122,174
08/04/2022,OSH,WI,AGL,CE,Federal Contract Tower,0,6,7,0,13,0,0,186,4,190,0,6,193,4,203,234,4,238,441
08/05/2022,OSH,WI,AGL,CE,Federal Contract Tower,0,3,9,0,12,0,0,149,6,155,0,3,158,6,167,184,0,184,351
08/06/2022,OSH,WI,AGL,CE,Federal Contract Tower,0,7,10,0,17,0,3,57,0,60,0,10,67,0,77,144,0,144,221
08/07/2022,OSH,WI,AGL,CE,Federal Contract Tower,0,3,14,1,18,0,0,2,0,2,0,3,16,1,20,6,0,6,26
08/08/2022,OSH,WI,AGL,CE,Federal Contract Tower,0,5,27,0,32,0,0,8,0,8,0,5,35,0,40,36,0,36,76
08/09/2022,OSH,WI,AGL,CE,Federal Contract Tower,0,8,19,2,29,0,0,130,0,130,0,8,149,2,159,212,0,212,371
08/10/2022,OSH,WI,AGL,CE,Federal Contract Tower,0,5,13,0,18,0,0,112,0,112,0,5,125,0,130,220,0,220,350
08/11/2022,OSH,WI,AGL,CE,Federal Contract Tower,0,5,22,0,27,0,0,95,0,95,0,5,117,0,122,140,0,140,262
08/12/2022,OSH,WI,AGL,CE,Federal Contract Tower,0,5,22,0,27,0,1,80,0,81,0,6,102,0,108,176,0,176,284
08/13/2022,OSH,WI,AGL,CE,Federal Contract Tower,0,7,6,0,13,0,0,20,0,20,0,7,26,0,33,44,0,44,77
08/14/2022,OSH,WI,AGL,CE,Federal Contract Tower,0,1,14,0,15,0,0,9,0,9,0,1,23,0,24,8,0,8,32
08/15/2022,OSH,WI,AGL,CE,Federal Contract Tower,0,5,15,0,20,0,0,60,0,60,0,5,75,0,80,202,0,202,282
08/16/2022,OSH,WI,AGL,CE,Federal Contract Tower,0,10,7,0,17,0,1,125,2,128,0,11,132,2,145,224,0,224,369
08/17/2022,OSH,WI,AGL,CE,Federal Contract Tower,0,4,15,2,21,0,7,108,4,119,0,11,123,6,140,188,0,188,328
08/18/2022,OSH,WI,AGL,CE,Federal Contract Tower,0,10,12,0,22,0,0,100,0,100,0,10,112,0,122,270,0,270,392
08/19/2022,OSH,WI,AGL,CE,Federal Contract Tower,0,4,9,0,13,0,4,32,0,36,0,8,41,0,49,32,0,32,81
08/20/2022,OSH,WI,AGL,CE,Federal Contract Tower,0,7,7,0,14,0,0,18,0,18,0,7,25,0,32,52,0,52,84
08/21/2022,OSH,WI,AGL,CE,Federal Contract Tower,0,5,20,0,25,0,0,36,0,36,0,5,56,0,61,76,0,76,137
08/22/2022,OSH,WI,AGL,CE,Federal Contract Tower,0,3,18,0,21,0,4,91,0,95,0,7,109,0,116,172,0,172,288
08/23/2022,OSH,WI,AGL,CE,Federal Contract Tower,0,2,17,6,25,0,0,104,2,106,0,2,121,8,131,184,0,184,315
08/24/2022,OSH,WI,AGL,CE,Federal Contract Tower,0,7,14,0,21,0,2,92,4,98,0,9,106,4,119,196,0,196,315
08/25/2022,OSH,WI,AGL,CE,Federal Contract Tower,0,9,18,0,27,0,0,15,0,15,0,9,33,0,42,48,0,48,90
08/26/2022,OSH,WI,AGL,CE,Federal Contract Tower,0,11,16,0,27,0,0,98,0,98,0,11,114,0,125,126,0,126,251
08/27/2022,OSH,WI,AGL,CE,Federal Contract Tower,0,6,4,0,10,0,0,33,0,33,0,6,37,0,43,64,0,64,107
08/28/2022,OSH,WI,AGL,CE,Federal Contract Tower,0,4,6,0,10,0,0,18,0,18,0,4,24,0,28,40,0,40,68
08/29/2022,OSH,WI,AGL,CE,Federal Contract Tower,0,6,24,0,30,0,0,33,0,33,0,6,57,0,63,134,0,134,197
08/30/2022,OSH,WI,AGL,CE,Federal Contract Tower,0,6,10,1,17,0,0,44,1,45,0,6,54,2,62,60,0,60,122
08/31/2022,OSH,WI,AGL,CE,Federal Contract Tower,0,9,15,0,24,0,2,76,0,78,0,11,91,0,102,162,0,162,264
09/01/2022,OSH,WI,AGL,CE,Federal Contract Tower,0,10,7,2,19,0,1,85,0,86,0,11,92,2,105,192,0,192,297
09/02/2022,OSH,WI,AGL,CE,Federal Contract Tower,0,10,4,0,14,0,0,48,2,50,0,10,52,2,64,46,6,52,116
09/03/2022,OSH,WI,AGL,CE,Federal Contract Tower,0,5,2,0,7,0,1,20,0,21,0,6,22,0,28,70,0,70,98
09/04/2022,OSH,WI,AGL,CE,Federal Contract Tower,0,0,8,0,8,0,0,7,0,7,0,0,15,0,15,40,0,40,55
09/05/2022,OSH,WI,AGL,CE,Federal Contract Tower,0,4,3,0,7,0,0,28,0,28,0,4,31,0,35,138,0,138,173
09/06/2022,OSH,WI,AGL,CE,Federal Contract Tower,0,10,5,0,15,0,0,13,0,13,0,10,18,0,28,38,0,38,66
09/07/2022,OSH,WI,AGL,CE,Federal Contract Tower,0,11,6,2,19,0,2,99,0,101,0,13,105,2,120,196,0,196,316
09/08/2022,OSH,WI,AGL,CE,Federal Contract Tower,0,4,24,0,28,0,1,73,0,74,0,5,97,0,102,184,0,184,286
09/09/2022,OSH,WI,AGL,CE,Federal Contract Tower,0,6,10,2,18,0,2,89,2,93,0,8,99,4,111,104,0,104,215
09/10/2022,OSH,WI,AGL,CE,Federal Contract Tower,0,8,7,0,15,0,0,13,0,13,0,8,20,0,28,20,0,20,48
09/11/2022,OSH,WI,AGL,CE,Federal Contract Tower,0,4,26,0,30,0,0,0,0,0,0,4,26,0,30,0,0,0,30
09/12/2022,OSH,WI,AGL,CE,Federal Contract Tower,0,9,17,0,26,0,0,0,0,0,0,9,17,0,26,0,0,0,26
09/13/2022,OSH,WI,AGL,CE,Federal Contract Tower,0,14,12,0,26,0,10,114,4,128,0,24,126,4,154,136,0,136,290
09/14/2022,OSH,WI,AGL,CE,Federal Contract Tower,0,8,15,4,27,0,3,71,0,74,0,11,86,4,101,198,0,198,299
09/15/2022,OSH,WI,AGL,CE,Federal Contract Tower,0,6,18,0,24,0,0,95,2,97,0,6,113,2,121,124,0,124,245
09/16/2022,OSH,WI,AGL,CE,Federal Contract Tower,0,4,10,0,14,0,2,97,0,99,0,6,107,0,113,68,0,68,181
09/17/2022,OSH,WI,AGL,CE,Federal Contract Tower,0,6,7,0,13,0,6,129,0,135,0,12,136,0,148,86,0,86,234
09/18/2022,OSH,WI,AGL,CE,Federal Contract Tower,0,1,16,0,17,0,1,50,0,51,0,2,66,0,68,100,0,100,168
09/19/2022,OSH,WI,AGL,CE,Federal Contract Tower,0,5,7,0,12,0,0,88,0,88,0,5,95,0,100,168,0,168,268
09/20/2022,OSH,WI,AGL,CE,Federal Contract Tower,0,8,15,0,23,0,0,20,0,20,0,8,35,0,43,50,0,50,93
09/21/2022,OSH,WI,AGL,CE,Federal Contract Tower,0,9,36,1,46,0,1,80,1,82,0,10,116,2,128,110,0,110,238
09/22/2022,OSH,WI,AGL,CE,Federal Contract Tower,0,9,7,0,16,0,1,68,0,69,0,10,75,0,85,120,0,120,205
09/23/2022,OSH,WI,AGL,CE,Federal Contract Tower,0,6,15,0,21,0,1,81,0,82,0,7,96,0,103,112,0,112,215
09/24/2022,OSH,WI,AGL,CE,Federal Contract Tower,0,10,8,0,18,0,0,4,0,4,0,10,12,0,22,50,0,50,72
09/25/2022,OSH,WI,AGL,CE,Federal Contract Tower,0,3,16,0,19,0,0,13,0,13,0,3,29,0,32,58,0,58,90
09/26/2022,OSH,WI,AGL,CE,Federal Contract Tower,0,3,7,0,10,0,0,34,0,34,0,3,41,0,44,56,0,56,100
09/27/2022,OSH,WI,AGL,CE,Federal Contract Tower,0,6,14,0,20,0,0,38,2,40,0,6,52,2,60,80,0,80,140
09/28/2022,OSH,WI,AGL,CE,Federal Contract Tower,0,7,6,2,15,0,2,83,0,85,0,9,89,2,100,200,0,200,300
09/29/2022,OSH,WI,AGL,CE,Federal Contract Tower,0,6,8,0,14,0,2,82,0,84,0,8,90,0,98,112,0,112,210
09/30/2022,OSH,WI,AGL,CE,Federal Contract Tower,0,10,14,0,24,0,0,92,0,92,0,10,106,0,116,88,0,88,204
10/01/2022,OSH,WI,AGL,CE,Federal Contract Tower,0,7,14,0,21,0,0,73,0,73,0,7,87,0,94,94,0,94,188
10/02/2022,OSH,WI,AGL,CE,Federal Contract Tower,0,1,12,0,13,0,0,34,0,34,0,1,46,0,47,94,0,94,141
10/03/2022,OSH,WI,AGL,CE,Federal Contract Tower,0,4,17,2,23,0,0,81,0,81,0,4,98,2,104,98,0,98,202
10/04/2022,OSH,WI,AGL,CE,Federal Contract Tower,0,9,15,0,24,0,2,95,0,97,0,11,110,0,121,70,0,70,191
10/05/2022,OSH,WI,AGL,CE,Federal Contract Tower,0,14,5,0,19,0,2,84,0,86,0,16,89,0,105,120,0,120,225
10/06/2022,OSH,WI,AGL,CE,Federal Contract Tower,0,5,15,0,20,0,5,32,0,37,0,10,47,0,57,38,0,38,95
10/07/2022,OSH,WI,AGL,CE,Federal Contract Tower,0,9,7,0,16,0,0,60,0,60,0,9,67,0,76,82,0,82,158
10/08/2022,OSH,WI,AGL,CE,Federal Contract Tower,0,7,6,0,13,0,25,46,0,71,0,32,52,0,84,84,0,84,168
10/09/2022,OSH,WI,AGL,CE,Federal Contract Tower,0,1,5,0,6,0,17,67,0,84,0,18,72,0,90,128,0,128,218
10/10/2022,OSH,WI,AGL,CE,Federal Contract Tower,0,7,10,0,17,0,17,116,0,133,0,24,126,0,150,268,0,268,418
10/11/2022,OSH,WI,AGL,CE,Federal Contract Tower,0,10,12,0,22,0,12,40,0,52,0,22,52,0,74,58,0,58,132
10/12/2022,OSH,WI,AGL,CE,Federal Contract Tower,0,10,7,0,17,0,1,16,0,17,0,11,23,0,34,66,0,66,100
10/13/2022,OSH,WI,AGL,CE,Federal Contract Tower,0,9,6,0,15,0,0,42,0,42,0,9,48,0,57,50,0,50,107
10/14/2022,OSH,WI,AGL,CE,Federal Contract Tower,0,9,13,0,22,0,0,24,0,24,0,9,37,0,46,44,0,44,90
10/15/2022,OSH,WI,AGL,CE,Federal Contract Tower,0,3,8,0,11,0,0,23,0,23,0,3,31,0,34,0,0,0,34
10/16/2022,OSH,WI,AGL,CE,Federal Contract Tower,0,2,10,0,12,0,0,19,0,19,0,2,29,0,31,32,0,32,63
10/17/2022,OSH,WI,AGL,CE,Federal Contract Tower,0,5,1,0,6,0,0,0,0,0,0,5,1,0,6,0,0,0,6
10/18/2022,OSH,WI,AGL,CE,Federal Contract Tower,0,8,2,0,10,0,1,11,0,12,0,9,13,0,22,10,0,10,32
10/19/2022,OSH,WI,AGL,CE,Federal Contract Tower,0,6,6,4,16,0,0,41,0,41,0,6,47,4,57,92,0,92,149
10/20/2022,OSH,WI,AGL,CE,Federal Contract Tower,0,7,14,0,21,0,0,125,0,125,0,7,139,0,146,234,0,234,380
10/21/2022,OSH,WI,AGL,CE,Federal Contract Tower,0,11,0,0,11,0,2,38,0,40,0,13,38,0,51,60,0,60,111
10/22/2022,OSH,WI,AGL,CE,Federal Contract Tower,0,8,8,0,16,0,0,56,0,56,0,8,64,0,72,40,0,40,112
10/23/2022,OSH,WI,AGL,CE,Federal Contract Tower,0,2,7,0,9,0,1,36,0,37,0,3,43,0,46,66,0,66,112
10/24/2022,OSH,WI,AGL,CE,Federal Contract Tower,0,11,4,4,19,0,1,26,0,27,0,12,30,4,46,64,0,64,110
10/25/2022,OSH,WI,AGL,CE,Federal Contract Tower,0,15,8,0,23,0,0,5,0,5,0,15,13,0,28,24,0,24,52
10/26/2022,OSH,WI,AGL,CE,Federal Contract Tower,0,8,12,0,20,0,79,2,0,81,0,87,14,0,101,140,6,146,247
10/27/2022,OSH,WI,AGL,CE,Federal Contract Tower,0,8,15,0,23,0,0,114,6,120,0,8,129,6,143,192,0,192,335
10/28/2022,OSH,WI,AGL,CE,Federal Contract Tower,0,6,2,0,8,0,0,76,0,76,0,6,78,0,84,80,0,80,164
10/29/2022,OSH,WI,AGL,CE,Federal Contract Tower,0,8,5,0,13,0,0,68,0,68,0,8,73,0,81,34,0,34,115
10/30/2022,OSH,WI,AGL,CE,Federal Contract Tower,0,1,4,0,5,0,0,73,0,73,0,1,77,0,78,58,0,58,136
10/31/2022,OSH,WI,AGL,CE,Federal Contract Tower,0,2,12,1,15,0,0,92,0,92,0,2,104,1,107,124,0,124,231
11/01/2022,OSH,WI,AGL,CE,Federal Contract Tower,0,15,2,4,21,0,0,78,0,78,0,15,80,4,99,136,0,136,235
11/02/2022,OSH,WI,AGL,CE,Federal Contract Tower,0,8,7,1,16,0,1,62,0,63,0,9,69,1,79,108,0,108,187
11/03/2022,OSH,WI,AGL,CE,Federal Contract Tower,0,7,3,0,10,0,0,37,0,37,0,7,40,0,47,70,0,70,117
11/04/2022,OSH,WI,AGL,CE,Federal Contract Tower,0,8,0,0,8,0,0,6,0,6,0,8,6,0,14,4,0,4,18
11/05/2022,OSH,WI,AGL,CE,Federal Contract Tower,0,9,1,0,10,0,0,0,0,0,0,9,1,0,10,0,0,0,10
11/06/2022,OSH,WI,AGL,CE,Federal Contract Tower,0,2,0,0,2,0,0,33,0,33,0,2,33,0,35,34,0,34,69
11/07/2022,OSH,WI,AGL,CE,Federal Contract Tower,0,3,9,0,12,0,0,86,0,86,0,3,95,0,98,124,0,124,222
11/08/2022,OSH,WI,AGL,CE,Federal Contract Tower,0,6,16,0,22,0,0,73,0,73,0,6,89,0,95,114,0,114,209
11/09/2022,OSH,WI,AGL,CE,Federal Contract Tower,0,6,16,0,22,0,10,27,4,41,0,16,43,4,63,20,4,24,87
11/10/2022,OSH,WI,AGL,CE,Federal Contract Tower,0,7,9,0,16,0,0,26,0,26,0,7,35,0,42,16,0,16,58
11/11/2022,OSH,WI,AGL,CE,Federal Contract Tower,0,8,11,0,19,0,0,17,0,17,0,8,28,0,36,6,0,6,42
11/12/2022,OSH,WI,AGL,CE,Federal Contract Tower,0,6,4,0,10,0,0,12,0,12,0,6,16,0,22,52,0,52,74
11/13/2022,OSH,WI,AGL,CE,Federal Contract Tower,0,3,6,0,9,0,0,53,0,53,0,3,59,0,62,74,0,74,136
11/14/2022,OSH,WI,AGL,CE,Federal Contract Tower,0,3,8,0,11,0,3,93,0,96,0,6,101,0,107,112,0,112,219
11/15/2022,OSH,WI,AGL,CE,Federal Contract Tower,0,9,13,0,22,0,0,0,0,0,0,9,13,0,22,0,0,0,22
11/16/2022,OSH,WI,AGL,CE,Federal Contract Tower,0,6,14,0,20,0,0,24,0,24,0,6,38,0,44,20,0,20,64
11/17/2022,OSH,WI,AGL,CE,Federal Contract Tower,0,6,10,0,16,0,0,9,0,9,0,6,19,0,25,6,0,6,31
11/18/2022,OSH,WI,AGL,CE,Federal Contract Tower,0,8,3,0,11,0,0,1,0,1,0,8,4,0,12,0,0,0,12
11/19/2022,OSH,WI,AGL,CE,Federal Contract Tower,0,7,4,0,11,0,0,5,0,5,0,7,9,0,16,6,0,6,22
11/20/2022,OSH,WI,AGL,CE,Federal Contract Tower,0,3,5,0,8,0,0,39,0,39,0,3,44,0,47,44,0,44,91
11/21/2022,OSH,WI,AGL,CE,Federal Contract Tower,0,2,5,0,7,0,0,88,0,88,0,2,93,0,95,100,0,100,195
11/22/2022,OSH,WI,AGL,CE,Federal Contract Tower,0,10,3,0,13,0,0,97,0,97,0,10,100,0,110,90,0,90,200
11/23/2022,OSH,WI,AGL,CE,Federal Contract Tower,0,8,1,0,9,0,0,109,0,109,0,8,110,0,118,52,0,52,170
11/24/2022,OSH,WI,AGL,CE,Federal Contract Tower,0,0,0,0,0,0,0,3,0,3,0,0,3,0,3,0,0,0,3
11/25/2022,OSH,WI,AGL,CE,Federal Contract Tower,0,7,1,0,8,0,1,37,0,38,0,8,38,0,46,32,0,32,78
11/26/2022,OSH,WI,AGL,CE,Federal Contract Tower,0,4,5,0,9,0,0,35,0,35,0,4,40,0,44,8,0,8,52
11/27/2022,OSH,WI,AGL,CE,Federal Contract Tower,0,2,3,0,5,0,1,16,0,17,0,3,19,0,22,66,0,66,88
11/28/2022,OSH,WI,AGL,CE,Federal Contract Tower,0,2,7,0,9,0,0,50,0,50,0,2,57,0,59,98,0,98,157
11/29/2022,OSH,WI,AGL,CE,Federal Contract Tower,0,9,2,0,11,0,0,0,0,0,0,9,2,0,11,0,0,0,11
11/30/2022,OSH,WI,AGL,CE,Federal Contract Tower,0,10,3,0,13,0,0,0,0,0,0,10,3,0,13,0,0,0,13
12/01/2022,OSH,WI,AGL,CE,Federal Contract Tower,0,8,10,0,18,0,1,85,0,86,0,9,95,0,104,96,0,96,200
12/02/2022,OSH,WI,AGL,CE,Federal Contract Tower,0,6,8,0,14,0,2,35,0,37,0,8,43,0,51,1,0,1,52
12/03/2022,OSH,WI,AGL,CE,Federal Contract Tower,0,4,5,0,9,0,0,36,6,42,0,4,41,6,51,6,0,6,57
12/04/2022,OSH,WI,AGL,CE,Federal Contract Tower,0,2,7,0,9,0,0,71,0,71,0,2,78,0,80,58,0,58,138
12/05/2022,OSH,WI,AGL,CE,Federal Contract Tower,0,4,5,0,9,0,0,47,0,47,0,4,52,0,56,112,0,112,168
12/06/2022,OSH,WI,AGL,CE,Federal Contract Tower,0,9,7,0,16,0,0,23,0,23,0,9,30,0,39,90,0,90,129
12/07/2022,OSH,WI,AGL,CE,Federal Contract Tower,0,7,5,6,18,0,0,11,0,11,0,7,16,6,29,30,0,30,59
12/08/2022,OSH,WI,AGL,CE,Federal Contract Tower,0,7,8,0,15,0,2,39,0,41,0,9,47,0,56,116,0,116,172
12/09/2022,OSH,WI,AGL,CE,Federal Contract Tower,0,7,6,0,13,0,0,3,0,3,0,7,9,0,16,22,0,22,38
12/10/2022,OSH,WI,AGL,CE,Federal Contract Tower,0,4,3,0,7,0,0,0,0,0,0,4,3,0,7,0,0,0,7
12/11/2022,OSH,WI,AGL,CE,Federal Contract Tower,0,1,0,0,1,0,0,0,0,0,0,1,0,0,1,0,0,0,1
12/12/2022,OSH,WI,AGL,CE,Federal Contract Tower,0,2,4,0,6,0,0,17,0,17,0,2,21,0,23,68,0,68,91
12/13/2022,OSH,WI,AGL,CE,Federal Contract Tower,0,11,2,0,13,0,0,10,0,10,0,11,12,0,23,80,0,80,103
12/14/2022,OSH,WI,AGL,CE,Federal Contract Tower,0,6,3,0,9,0,0,0,0,0,0,6,3,0,9,0,0,0,9
12/15/2022,OSH,WI,AGL,CE,Federal Contract Tower,0,8,3,0,11,0,0,1,0,1,0,8,4,0,12,0,0,0,12
12/16/2022,OSH,WI,AGL,CE,Federal Contract Tower,0,8,0,0,8,0,0,0,0,0,0,8,0,0,8,0,0,0,8
12/17/2022,OSH,WI,AGL,CE,Federal Contract Tower,0,8,0,0,8,0,0,0,0,0,0,8,0,0,8,0,0,0,8
12/18/2022,OSH,WI,AGL,CE,Federal Contract Tower,0,4,1,0,5,0,0,4,0,4,0,4,5,0,9,14,0,14,23
12/19/2022,OSH,WI,AGL,CE,Federal Contract Tower,0,5,12,0,17,0,0,34,0,34,0,5,46,0,51,76,0,76,127
12/20/2022,OSH,WI,AGL,CE,Federal Contract Tower,0,7,11,0,18,0,0,69,2,71,0,7,80,2,89,78,0,78,167
12/21/2022,OSH,WI,AGL,CE,Federal Contract Tower,0,5,15,2,22,0,0,56,0,56,0,5,71,2,78,28,10,38,116
12/22/2022,OSH,WI,AGL,CE,Federal Contract Tower,0,7,0,0,7,0,0,0,0,0,0,7,0,0,7,0,0,0,7
12/23/2022,OSH,WI,AGL,CE,Federal Contract Tower,0,3,0,0,3,0,0,0,0,0,0,3,0,0,3,0,0,0,3
12/24/2022,OSH,WI,AGL,CE,Federal Contract Tower,0,2,2,0,4,0,0,0,0,0,0,2,2,0,4,4,0,4,8
12/25/2022,OSH,WI,AGL,CE,Federal Contract Tower,0,0,1,0,1,0,0,1,0,1,0,0,2,0,2,0,0,0,2
12/26/2022,OSH,WI,AGL,CE,Federal Contract Tower,0,1,8,0,9,0,0,19,0,19,0,1,27,0,28,0,0,0,28
12/27/2022,OSH,WI,AGL,CE,Federal Contract Tower,0,6,6,1,13,0,0,29,1,30,0,6,35,2,43,28,0,28,71
12/28/2022,OSH,WI,AGL,CE,Federal Contract Tower,0,7,5,0,12,0,0,23,0,23,0,7,28,0,35,18,0,18,53
12/29/2022,OSH,WI,AGL,CE,Federal Contract Tower,0,11,1,0,12,0,0,0,0,0,0,11,1,0,12,0,0,0,12
12/30/2022,OSH,WI,AGL,CE,Federal Contract Tower,0,7,5,0,12,0,0,13,0,13,0,7,18,0,25,16,0,16,41
12/31/2022,OSH,WI,AGL,CE,Federal Contract Tower,0,7,2,0,9,0,0,8,0,8,0,7,10,0,17,52,0,52,69
01/01/2023,OSH,WI,AGL,CE,Federal Contract Tower,0,0,1,0,1,0,0,25,0,25,0,0,26,0,26,80,0,80,106
01/02/2023,OSH,WI,AGL,CE,Federal Contract Tower,0,4,4,0,8,0,0,0,0,0,0,4,4,0,8,0,0,0,8
01/03/2023,OSH,WI,AGL,CE,Federal Contract Tower,0,4,5,0,9,0,0,0,0,0,0,4,5,0,9,0,0,0,9
01/04/2023,OSH,WI,AGL,CE,Federal Contract Tower,0,6,0,0,6,0,0,0,0,0,0,6,0,0,6,0,0,0,6
01/05/2023,OSH,WI,AGL,CE,Federal Contract Tower,0,6,5,2,13,0,0,0,0,0,0,6,5,2,13,0,0,0,13
01/06/2023,OSH,WI,AGL,CE,Federal Contract Tower,0,11,1,0,12,0,0,0,0,0,0,11,1,0,12,0,0,0,12
01/07/2023,OSH,WI,AGL,CE,Federal Contract Tower,0,5,12,0,17,0,0,2,0,2,0,5,14,0,19,6,0,6,25
01/08/2023,OSH,WI,AGL,CE,Federal Contract Tower,0,1,2,0,3,0,0,0,0,0,0,1,2,0,3,0,0,0,3
01/09/2023,OSH,WI,AGL,CE,Federal Contract Tower,0,3,5,0,8,0,0,86,0,86,0,3,91,0,94,112,0,112,206
01/10/2023,OSH,WI,AGL,CE,Federal Contract Tower,0,5,7,0,12,0,0,0,0,0,0,5,7,0,12,0,0,0,12
01/11/2023,OSH,WI,AGL,CE,Federal Contract Tower,0,5,7,0,12,0,0,10,0,10,0,5,17,0,22,12,0,12,34
01/12/2023,OSH,WI,AGL,CE,Federal Contract Tower,0,8,7,0,15,0,0,9,0,9,0,8,16,0,24,26,0,26,50
01/13/2023,OSH,WI,AGL,CE,Federal Contract Tower,0,7,8,0,15,0,0,11,0,11,0,7,19,0,26,0,0,0,26
01/14/2023,OSH,WI,AGL,CE,Federal Contract Tower,0,6,8,0,14,0,0,26,2,28,0,6,34,2,42,66,0,66,108
01/15/2023,OSH,WI,AGL,CE,Federal Contract Tower,0,2,4,0,6,0,0,56,0,56,0,2,60,0,62,68,0,68,130
01/16/2023,OSH,WI,AGL,CE,Federal Contract Tower,0,4,4,0,8,0,2,0,0,2,0,6,4,0,10,30,0,30,40
01/17/2023,OSH,WI,AGL,CE,Federal Contract Tower,0,7,7,2,16,0,0,0,0,0,0,7,7,2,16,0,0,0,16
01/18/2023,OSH,WI,AGL,CE,Federal Contract Tower,0,6,4,0,10,0,2,27,0,29,0,8,31,0,39,82,0,82,121
01/19/2023,OSH,WI,AGL,CE,Federal Contract Tower,0,8,5,0,13,0,0,0,0,0,0,8,5,0,13,0,0,0,13
01/20/2023,OSH,WI,AGL,CE,Federal Contract Tower,0,7,2,0,9,0,0,8,0,8,0,7,10,0,17,10,0,10,27
01/21/2023,OSH,WI,AGL,CE,Federal Contract Tower,0,5,6,0,11,0,0,0,0,0,0,5,6,0,11,0,0,0,11
01/22/2023,OSH,WI,AGL,CE,Federal Contract Tower,0,2,2,0,4,0,0,0,0,0,0,2,2,0,4,0,0,0,4
01/23/2023,OSH,WI,AGL,CE,Federal Contract Tower,0,2,2,2,6,0,0,26,2,28,0,2,28,4,34,40,0,40,74
01/24/2023,OSH,WI,AGL,CE,Federal Contract Tower,0,13,9,2,24,0,4,59,2,65,0,17,68,4,89,122,0,122,211
01/25/2023,OSH,WI,AGL,CE,Federal Contract Tower,0,6,5,0,11,0,0,4,0,4,0,6,9,0,15,18,0,18,33
01/26/2023,OSH,WI,AGL,CE,Federal Contract Tower,0,7,5,0,12,0,0,10,0,10,0,7,15,0,22,18,0,18,40
01/27/2023,OSH,WI,AGL,CE,Federal Contract Tower,0,6,2,0,8,0,0,0,0,0,0,6,2,0,8,0,0,0,8
01/28/2023,OSH,WI,AGL,CE,Federal Contract Tower,0,5,2,0,7,0,0,30,0,30,0,5,32,0,37,68,0,68,105
01/29/2023,OSH,WI,AGL,CE,Federal Contract Tower,0,1,3,0,4,0,0,72,0,72,0,1,75,0,76,76,0,76,152
01/30/2023,OSH,WI,AGL,CE,Federal Contract Tower,0,3,8,0,11,0,0,39,0,39,0,3,47,0,50,80,0,80,130
01/31/2023,OSH,WI,AGL,CE,Federal Contract Tower,0,6,7,0,13,0,8,25,0,33,0,14,32,0,46,34,0,34,80
02/01/2023,OSH,WI,AGL,CE,Federal Contract Tower,0,8,9,0,17,0,0,47,0,47,0,8,56,0,64,96,0,96,160
02/02/2023,OSH,WI,AGL,CE,Federal Contract Tower,0,10,2,0,12,0,0,46,0,46,0,10,48,0,58,32,0,32,90
02/03/2023,OSH,WI,AGL,CE,Federal Contract Tower,0,6,6,0,12,0,0,33,0,33,0,6,39,0,45,22,0,22,67
02/04/2023,OSH,WI,AGL,CE,Federal Contract Tower,0,6,8,0,14,0,0,31,0,31,0,6,39,0,45,78,0,78,123
02/05/2023,OSH,WI,AGL,CE,Federal Contract Tower,0,1,2,2,5,0,0,29,0,29,0,1,31,2,34,62,0,62,96
02/06/2023,OSH,WI,AGL,CE,Federal Contract Tower,0,2,1,0,3,0,4,35,2,41,0,6,36,2,44,48,0,48,92
02/07/2023,OSH,WI,AGL,CE,Federal Contract Tower,0,12,16,1,29,0,0,23,3,26,0,12,39,4,55,36,0,36,91
02/08/2023,OSH,WI,AGL,CE,Federal Contract Tower,0,11,7,0,18,0,1,71,0,72,0,12,78,0,90,80,0,80,170
02/09/2023,OSH,WI,AGL,CE,Federal Contract Tower,0,9,5,0,14,0,0,0,0,0,0,9,5,0,14,0,0,0,14
02/10/2023,OSH,WI,AGL,CE,Federal Contract Tower,0,5,9,0,14,0,0,56,0,56,0,5,65,0,70,52,0,52,122
02/11/2023,OSH,WI,AGL,CE,Federal Contract Tower,0,8,7,0,15,0,0,42,0,42,0,8,49,0,57,44,0,44,101
02/12/2023,OSH,WI,AGL,CE,Federal Contract Tower,0,2,15,0,17,0,0,66,0,66,0,2,81,0,83,126,0,126,209
02/13/2023,OSH,WI,AGL,CE,Federal Contract Tower,0,2,5,0,7,0,0,64,0,64,0,2,69,0,71,168,16,184,255
02/14/2023,OSH,WI,AGL,CE,Federal Contract Tower,0,7,6,0,13,0,1,35,0,36,0,8,41,0,49,66,0,66,115
02/15/2023,OSH,WI,AGL,CE,Federal Contract Tower,0,7,10,2,19,0,0,1,0,1,0,7,11,2,20,2,0,2,22
02/16/2023,OSH,WI,AGL,CE,Federal Contract Tower,0,8,6,0,14,0,0,2,0,2,0,8,8,0,16,24,0,24,40
02/17/2023,OSH,WI,AGL,CE,Federal Contract Tower,0,6,6,2,14,0,0,71,0,71,0,6,77,2,85,144,0,144,229
02/18/2023,OSH,WI,AGL,CE,Federal Contract Tower,0,18,8,0,26,0,3,55,2,60,0,21,63,2,86,42,0,42,128
02/19/2023,OSH,WI,AGL,CE,Federal Contract Tower,0,1,4,0,5,0,0,44,0,44,0,1,48,0,49,80,0,80,129
02/20/2023,OSH,WI,AGL,CE,Federal Contract Tower,0,4,3,0,7,0,0,47,0,47,0,4,50,0,54,84,0,84,138
02/21/2023,OSH,WI,AGL,CE,Federal Contract Tower,0,8,11,0,19,0,0,37,2,39,0,8,48,2,58,56,0,56,114
02/22/2023,OSH,WI,AGL,CE,Federal Contract Tower,0,4,2,0,6,0,0,0,0,0,0,4,2,0,6,0,0,0,6
02/23/2023,OSH,WI,AGL,CE,Federal Contract Tower,0,2,2,4,8,0,0,0,0,0,0,2,2,4,8,0,0,0,8
02/24/2023,OSH,WI,AGL,CE,Federal Contract Tower,0,6,4,0,10,0,0,49,2,51,0,6,53,2,61,70,6,76,137
02/25/2023,OSH,WI,AGL,CE,Federal Contract Tower,0,6,1,0,7,0,0,17,0,17,0,6,18,0,24,14,0,14,38
02/26/2023,OSH,WI,AGL,CE,Federal Contract Tower,0,3,7,0,10,0,0,87,0,87,0,3,94,0,97,66,0,66,163
02/27/2023,OSH,WI,AGL,CE,Federal Contract Tower,0,2,3,0,5,0,0,0,0,0,0,2,3,0,5,0,0,0,5
02/28/2023,OSH,WI,AGL,CE,Federal Contract Tower,0,8,14,0,22,0,0,50,0,50,0,8,64,0,72,106,0,106,178
03/01/2023,OSH,WI,AGL,CE,Federal Contract Tower,0,10,6,0,16,0,0,9,2,11,0,10,15,2,27,20,10,30,57
03/02/2023,OSH,WI,AGL,CE,Federal Contract Tower,0,9,10,4,23,0,0,33,2,35,0,9,43,6,58,56,0,56,114
03/03/2023,OSH,WI,AGL,CE,Federal Contract Tower,0,10,4,0,14,0,0,9,0,9,0,10,13,0,23,2,0,2,25
03/04/2023,OSH,WI,AGL,CE,Federal Contract Tower,0,6,4,0,10,0,0,21,0,21,0,6,25,0,31,52,0,52,83
03/05/2023,OSH,WI,AGL,CE,Federal Contract Tower,0,3,4,0,7,0,0,57,0,57,0,3,61,0,64,92,0,92,156
03/06/2023,OSH,WI,AGL,CE,Federal Contract Tower,0,5,4,0,9,0,0,0,0,0,0,5,4,0,9,0,0,0,9
03/07/2023,OSH,WI,AGL,CE,Federal Contract Tower,0,9,7,0,16,0,0,120,4,124,0,9,127,4,140,152,0,152,292
03/08/2023,OSH,WI,AGL,CE,Federal Contract Tower,0,5,6,0,11,0,2,61,0,63,0,7,67,0,74,156,0,156,230
03/09/2023,OSH,WI,AGL,CE,Federal Contract Tower,0,9,7,0,16,0,0,41,0,41,0,9,48,0,57,104,0,104,161
03/10/2023,OSH,WI,AGL,CE,Federal Contract Tower,0,9,4,0,13,0,0,2,0,2,0,9,6,0,15,0,0,0,15
03/11/2023,OSH,WI,AGL,CE,Federal Contract Tower,0,7,4,0,11,0,0,15,0,15,0,7,19,0,26,6,0,6,32
03/12/2023,OSH,WI,AGL,CE,Federal Contract Tower,0,1,2,0,3,0,0,0,0,0,0,1,2,0,3,0,0,0,3
03/13/2023,OSH,WI,AGL,CE,Federal Contract Tower,0,2,6,0,8,0,0,6,0,6,0,2,12,0,14,0,0,0,14
03/14/2023,OSH,WI,AGL,CE,Federal Contract Tower,0,7,14,0,21,0,7,61,0,68,0,14,75,0,89,124,0,124,213
03/15/2023,OSH,WI,AGL,CE,Federal Contract Tower,0,7,6,2,15,0,0,52,0,52,0,7,58,2,67,66,0,66,133
03/16/2023,OSH,WI,AGL,CE,Federal Contract Tower,0,7,9,2,18,0,0,8,0,8,0,7,17,2,26,12,0,12,38
03/17/2023,OSH,WI,AGL,CE,Federal Contract Tower,0,10,7,0,17,0,0,0,0,0,0,10,7,0,17,0,0,0,17
03/18/2023,OSH,WI,AGL,CE,Federal Contract Tower,0,6,2,0,8,0,0,0,0,0,0,6,2,0,8,0,0,0,8
03/19/2023,OSH,WI,AGL,CE,Federal Contract Tower,0,0,3,0,3,0,0,49,0,49,0,0,52,0,52,20,0,20,72
03/20/2023,OSH,WI,AGL,CE,Federal Contract Tower,0,2,12,0,14,0,2,56,2,60,0,4,68,2,74,126,0,126,200
03/21/2023,OSH,WI,AGL,CE,Federal Contract Tower,0,7,3,2,12,0,0,32,0,32,0,7,35,2,44,56,0,56,100
03/22/2023,OSH,WI,AGL,CE,Federal Contract Tower,0,6,1,0,7,0,0,2,0,2,0,6,3,0,9,0,0,0,9
03/23/2023,OSH,WI,AGL,CE,Federal Contract Tower,0,12,7,0,19,0,0,53,0,53,0,12,60,0,72,110,0,110,182
03/24/2023,OSH,WI,AGL,CE,Federal Contract Tower,0,8,4,0,12,0,2,70,0,72,0,10,74,0,84,90,0,90,174
03/25/2023,OSH,WI,AGL,CE,Federal Contract Tower,0,4,0,0,4,0,0,0,0,0,0,4,0,0,4,0,0,0,4
03/26/2023,OSH,WI,AGL,CE,Federal Contract Tower,0,0,5,0,5,0,0,40,0,40,0,0,45,0,45,80,0,80,125
03/27/2023,OSH,WI,AGL,CE,Federal Contract Tower,0,2,10,0,12,0,0,43,0,43,0,2,53,0,55,96,0,96,151
03/29/2023,OSH,WI,AGL,CE,Federal Contract Tower,0,7,6,4,17,0,0,37,0,37,0,7,43,4,54,0,0,0,54
03/30/2023,OSH,WI,AGL,CE,Federal Contract Tower,0,8,13,4,25,0,2,39,0,41,0,10,52,4,66,122,0,122,188
03/31/2023,OSH,WI,AGL,CE,Federal Contract Tower,0,9,2,0,11,0,0,0,0,0,0,9,2,0,11,0,0,0,11
04/01/2023,OSH,WI,AGL,CE,Federal Contract Tower,0,5,1,0,6,0,0,9,0,9,0,5,10,0,15,0,0,0,15
04/02/2023,OSH,WI,AGL,CE,Federal Contract Tower,0,2,5,0,7,0,0,35,0,35,0,2,40,0,42,100,0,100,142
04/03/2023,OSH,WI,AGL,CE,Federal Contract Tower,0,4,4,0,8,0,0,48,0,48,0,4,52,0,56,90,0,90,146
04/04/2023,OSH,WI,AGL,CE,Federal Contract Tower,0,9,5,4,18,0,0,3,0,3,0,9,8,4,21,0,0,0,21
04/05/2023,OSH,WI,AGL,CE,Federal Contract Tower,0,7,4,0,11,0,0,2,0,2,0,7,6,0,13,10,0,10,23
04/06/2023,OSH,WI,AGL,CE,Federal Contract Tower,0,10,8,0,18,0,0,23,0,23,0,10,31,0,41,44,0,44,85
04/07/2023,OSH,WI,AGL,CE,Federal Contract Tower,0,6,5,0,11,0,0,84,0,84,0,6,89,0,95,110,0,110,205
04/08/2023,OSH,WI,AGL,CE,Federal Contract Tower,0,7,27,0,34,0,0,63,0,63,0,7,90,0,97,38,0,38,135
04/09/2023,OSH,WI,AGL,CE,Federal Contract Tower,0,0,1,0,1,0,0,33,0,33,0,0,34,0,34,0,0,0,34
04/10/2023,OSH,WI,AGL,CE,Federal Contract Tower,0,2,8,2,12,0,0,66,0,66,0,2,74,2,78,152,0,152,230
04/11/2023,OSH,WI,AGL,CE,Federal Contract Tower,0,7,12,0,19,0,0,64,2,66,0,7,76,2,85,86,0,86,171
04/12/2023,OSH,WI,AGL,CE,Federal Contract Tower,0,8,15,0,23,0,0,37,4,41,0,8,52,4,64,34,0,34,98
04/13/2023,OSH,WI,AGL,CE,Federal Contract Tower,0,8,13,0,21,0,1,84,0,85,0,9,97,0,106,190,0,190,296
04/14/2023,OSH,WI,AGL,CE,Federal Contract Tower,0,10,9,0,19,0,0,98,0,98,0,10,107,0,117,130,0,130,247
04/15/2023,OSH,WI,AGL,CE,Federal Contract Tower,0,9,1,1,11,0,0,45,0,45,0,9,46,1,56,38,0,38,94
04/16/2023,OSH,WI,AGL,CE,Federal Contract Tower,0,1,4,0,5,0,0,0,0,0,0,1,4,0,5,0,0,0,5
04/17/2023,OSH,WI,AGL,CE,Federal Contract Tower,0,2,3,0,5,0,0,2,0,2,0,2,5,0,7,30,0,30,37
04/18/2023,OSH,WI,AGL,CE,Federal Contract Tower,0,5,9,0,14,0,1,94,0,95,0,6,103,0,109,202,0,202,311
04/19/2023,OSH,WI,AGL,CE,Federal Contract Tower,0,7,10,0,17,0,0,0,0,0,0,7,10,0,17,0,0,0,17
04/20/2023,OSH,WI,AGL,CE,Federal Contract Tower,0,11,8,0,19,0,0,8,0,8,0,11,16,0,27,8,0,8,35
04/21/2023,OSH,WI,AGL,CE,Federal Contract Tower,0,7,7,0,14,0,2,30,0,32,0,9,37,0,46,48,0,48,94
04/22/2023,OSH,WI,AGL,CE,Federal Contract Tower,0,13,6,0,19,0,4,90,0,94,0,17,96,0,113,52,0,52,165
04/23/2023,OSH,WI,AGL,CE,Federal Contract Tower,0,1,8,0,9,0,0,30,0,30,0,1,38,0,39,120,0,120,159
04/24/2023,OSH,WI,AGL,CE,Federal Contract Tower,0,3,6,0,9,0,0,82,0,82,0,3,88,0,91,104,0,104,195
04/25/2023,OSH,WI,AGL,CE,Federal Contract Tower,0,8,15,0,23,0,8,80,0,88,0,16,95,0,111,408,0,408,519
04/26/2023,OSH,WI,AGL,CE,Federal Contract Tower,0,11,14,2,27,0,2,126,0,128,0,13,140,2,155,440,0,440,595
04/27/2023,OSH,WI,AGL,CE,Federal Contract Tower,0,6,9,2,17,0,0,95,0,95,0,6,104,2,112,288,0,288,400
04/28/2023,OSH,WI,AGL,CE,Federal Contract Tower,0,6,10,0,16,0,0,138,2,140,0,6,148,2,156,636,0,636,792
04/29/2023,OSH,WI,AGL,CE,Federal Contract Tower,0,8,5,0,13,0,0,9,0,9,0,8,14,0,22,0,0,0,22
04/30/2023,OSH,WI,AGL,CE,Federal Contract Tower,0,3,4,0,7,0,0,0,0,0,0,3,4,0,7,52,0,52,59
05/01/2023,OSH,WI,AGL,CE,Federal Contract Tower,0,3,2,0,5,0,0,2,0,2,0,3,4,0,7,26,0,26,33
05/02/2023,OSH,WI,AGL,CE,Federal Contract Tower,0,7,8,0,15,0,0,71,0,71,0,7,79,0,86,246,0,246,332
05/03/2023,OSH,WI,AGL,CE,Federal Contract Tower,0,9,17,1,27,0,0,184,0,184,0,9,201,1,211,712,0,712,923
05/04/2023,OSH,WI,AGL,CE,Federal Contract Tower,0,9,27,0,36,0,0,230,0,230,0,9,257,0,266,758,0,758,1024
05/05/2023,OSH,WI,AGL,CE,Federal Contract Tower,0,11,23,0,34,0,0,221,0,221,0,11,244,0,255,796,0,796,1051
05/06/2023,OSH,WI,AGL,CE,Federal Contract Tower,0,4,7,0,11,0,0,184,0,184,0,4,191,0,195,908,0,908,1103
05/07/2023,OSH,WI,AGL,CE,Federal Contract Tower,0,2,12,0,14,0,0,280,0,280,0,2,292,0,294,810,0,810,1104
05/08/2023,OSH,WI,AGL,CE,Federal Contract Tower,0,4,7,1,12,0,0,0,0,0,0,4,7,1,12,0,0,0,12
05/09/2023,OSH,WI,AGL,CE,Federal Contract Tower,0,6,15,1,22,0,0,237,0,237,0,6,252,1,259,72,6,78,337
05/10/2023,OSH,WI,AGL,CE,Federal Contract Tower,0,6,11,0,17,0,0,400,0,400,0,6,411,0,417,364,0,364,781
05/11/2023,OSH,WI,AGL,CE,Federal Contract Tower,0,8,20,0,28,0,1,374,0,375,0,9,394,0,403,326,0,326,729
05/12/2023,OSH,WI,AGL,CE,Federal Contract Tower,0,6,24,2,32,0,0,310,0,310,0,6,334,2,342,304,0,304,646
05/13/2023,OSH,WI,AGL,CE,Federal Contract Tower,0,7,12,0,19,0,0,92,0,92,0,7,104,0,111,46,0,46,157
05/14/2023,OSH,WI,AGL,CE,Federal Contract Tower,0,3,40,0,43,0,0,137,0,137,0,3,177,0,180,22,0,22,202
05/15/2023,OSH,WI,AGL,CE,Federal Contract Tower,0,4,6,0,10,0,0,116,0,116,0,4,122,0,126,178,0,178,304
05/16/2023,OSH,WI,AGL,CE,Federal Contract Tower,0,8,14,2,24,0,0,70,0,70,0,8,84,2,94,96,0,96,190
05/17/2023,OSH,WI,AGL,CE,Federal Contract Tower,0,9,8,0,17,0,0,104,4,108,0,9,112,4,125,154,6,160,285
05/18/2023,OSH,WI,AGL,CE,Federal Contract Tower,0,6,6,0,12,0,10,80,0,90,0,16,86,0,102,110,0,110,212
05/19/2023,OSH,WI,AGL,CE,Federal Contract Tower,0,4,19,0,23,0,1,44,0,45,0,5,63,0,68,76,0,76,144
05/20/2023,OSH,WI,AGL,CE,Federal Contract Tower,0,3,5,0,8,0,2,79,0,81,0,5,84,0,89,192,0,192,281
05/21/2023,OSH,WI,AGL,CE,Federal Contract Tower,0,1,6,0,7,0,1,83,0,84,0,2,89,0,91,194,0,194,285
05/22/2023,OSH,WI,AGL,CE,Federal Contract Tower,0,2,8,0,10,0,0,64,0,64,0,2,72,0,74,126,0,126,200
05/23/2023,OSH,WI,AGL,CE,Federal Contract Tower,0,9,5,0,14,0,0,72,2,74,0,9,77,2,88,106,2,108,196
05/24/2023,OSH,WI,AGL,CE,Federal Contract Tower,0,8,3,0,11,0,0,32,2,34,0,8,35,2,45,148,6,154,199
05/25/2023,OSH,WI,AGL,CE,Federal Contract Tower,0,8,15,0,23,0,0,99,2,101,0,8,114,2,124,114,0,114,238
05/26/2023,OSH,WI,AGL,CE,Federal Contract Tower,0,9,11,2,22,0,0,48,0,48,0,9,59,2,70,104,0,104,174
05/27/2023,OSH,WI,AGL,CE,Federal Contract Tower,0,5,3,0,8,0,0,65,0,65,0,5,68,0,73,134,0,134,207
05/28/2023,OSH,WI,AGL,CE,Federal Contract Tower,0,3,7,0,10,0,0,73,0,73,0,3,80,0,83,130,0,130,213
05/29/2023,OSH,WI,AGL,CE,Federal Contract Tower,0,1,0,0,1,0,1,57,0,58,0,2,57,0,59,140,0,140,199
05/30/2023,OSH,WI,AGL,CE,Federal Contract Tower,0,6,22,0,28,0,0,57,0,57,0,6,79,0,85,110,0,110,195
05/31/2023,OSH,WI,AGL,CE,Federal Contract Tower,0,7,12,0,19,0,1,76,0,77,0,8,88,0,96,88,0,88,184
06/01/2023,OSH,WI,AGL,CE,Federal Contract Tower,0,8,6,0,14,0,0,70,0,70,0,8,76,0,84,130,0,130,214
06/02/2023,OSH,WI,AGL,CE,Federal Contract Tower,0,6,5,0,11,0,0,53,0,53,0,6,58,0,64,168,0,168,232
06/03/2023,OSH,WI,AGL,CE,Federal Contract Tower,0,7,6,0,13,0,0,41,2,43,0,7,47,2,56,124,0,124,180
06/04/2023,OSH,WI,AGL,CE,Federal Contract Tower,0,2,4,0,6,0,0,57,2,59,0,2,61,2,65,152,0,152,217
06/05/2023,OSH,WI,AGL,CE,Federal Contract Tower,0,4,10,2,16,0,2,60,0,62,0,6,70,2,78,178,0,178,256
06/06/2023,OSH,WI,AGL,CE,Federal Contract Tower,0,9,27,2,38,0,15,60,0,75,0,24,87,2,113,148,0,148,261
06/07/2023,OSH,WI,AGL,CE,Federal Contract Tower,0,11,15,0,26,0,6,120,2,128,0,17,135,2,154,224,0,224,378
06/08/2023,OSH,WI,AGL,CE,Federal Contract Tower,0,6,16,0,22,0,0,131,0,131,0,6,147,0,153,240,0,240,393
06/09/2023,OSH,WI,AGL,CE,Federal Contract Tower,0,6,12,0,18,0,1,110,0,111,0,7,122,0,129,282,0,282,411
06/10/2023,OSH,WI,AGL,CE,Federal Contract Tower,0,6,13,0,19,0,1,103,4,108,0,7,116,4,127,138,0,138,265
06/11/2023,OSH,WI,AGL,CE,Federal Contract Tower,0,1,6,0,7,0,0,36,0,36,0,1,42,0,43,150,0,150,193
06/12/2023,OSH,WI,AGL,CE,Federal Contract Tower,0,3,9,0,12,0,1,100,0,101,0,4,109,0,113,150,0,150,263
06/13/2023,OSH,WI,AGL,CE,Federal Contract Tower,0,6,23,0,29,0,0,0,0,0,0,6,23,0,29,0,0,0,29
06/14/2023,OSH,WI,AGL,CE,Federal Contract Tower,0,6,12,0,18,0,1,79,6,86,0,7,91,6,104,256,10,266,370
06/15/2023,OSH,WI,AGL,CE,Federal Contract Tower,0,6,16,0,22,0,0,43,0,43,0,6,59,0,65,114,0,114,179
06/16/2023,OSH,WI,AGL,CE,Federal Contract Tower,0,6,22,0,28,0,0,84,0,84,0,6,106,0,112,264,0,264,376
06/17/2023,OSH,WI,AGL,CE,Federal Contract Tower,0,10,21,0,31,0,1,66,0,67,0,11,87,0,98,224,0,224,322
06/18/2023,OSH,WI,AGL,CE,Federal Contract Tower,0,0,6,0,6,0,0,63,0,63,0,0,69,0,69,126,0,126,195
06/19/2023,OSH,WI,AGL,CE,Federal Contract Tower,0,4,18,0,22,0,0,118,0,118,0,4,136,0,140,236,0,236,376
06/20/2023,OSH,WI,AGL,CE,Federal Contract Tower,0,7,8,0,15,0,1,95,0,96,0,8,103,0,111,356,0,356,467
06/21/2023,OSH,WI,AGL,CE,Federal Contract Tower,0,8,12,3,23,0,0,120,1,121,0,8,132,4,144,292,4,296,440
06/22/2023,OSH,WI,AGL,CE,Federal Contract Tower,0,9,11,2,22,0,0,123,0,123,0,9,134,2,145,312,0,312,457
06/23/2023,OSH,WI,AGL,CE,Federal Contract Tower,0,8,11,0,19,0,0,93,0,93,0,8,104,0,112,226,0,226,338
06/24/2023,OSH,WI,AGL,CE,Federal Contract Tower,0,11,9,0,20,0,0,120,0,120,0,11,129,0,140,256,0,256,396
06/25/2023,OSH,WI,AGL,CE,Federal Contract Tower,0,5,4,0,9,0,0,2,0,2,0,5,6,0,11,74,0,74,85
06/26/2023,OSH,WI,AGL,CE,Federal Contract Tower,0,5,15,1,21,0,0,3,0,3,0,5,18,1,24,0,0,0,24
06/27/2023,OSH,WI,AGL,CE,Federal Contract Tower,0,6,35,0,41,0,0,0,0,0,0,6,35,0,41,0,0,0,41
06/28/2023,OSH,WI,AGL,CE,Federal Contract Tower,0,6,28,0,34,0,0,1,0,1,0,6,29,0,35,0,0,0,35
06/29/2023,OSH,WI,AGL,CE,Federal Contract Tower,0,8,37,2,47,0,0,25,0,25,0,8,62,2,72,0,0,0,72
06/30/2023,OSH,WI,AGL,CE,Federal Contract Tower,0,6,15,0,21,0,1,71,0,72,0,7,86,0,93,150,0,150,243
07/01/2023,OSH,WI,AGL,CE,Federal Contract Tower,0,6,10,0,16,0,0,39,0,39,0,6,49,0,55,136,0,136,191
07/02/2023,OSH,WI,AGL,CE,Federal Contract Tower,0,2,6,0,8,0,0,76,0,76,0,2,82,0,84,262,0,262,346
07/03/2023,OSH,WI,AGL,CE,Federal Contract Tower,0,3,7,0,10,0,0,68,0,68,0,3,75,0,78,166,0,166,244
07/04/2023,OSH,WI,AGL,CE,Federal Contract Tower,0,0,4,0,4,0,0,46,0,46,0,0,50,0,50,88,0,88,138
07/05/2023,OSH,WI,AGL,CE,Federal Contract Tower,0,6,5,0,11,0,0,39,0,39,0,6,44,0,50,106,0,106,156
07/06/2023,OSH,WI,AGL,CE,Federal Contract Tower,0,11,10,4,25,0,0,105,4,109,0,11,115,8,134,194,20,214,348
07/07/2023,OSH,WI,AGL,CE,Federal Contract Tower,0,6,12,0,18,0,0,138,0,138,0,6,150,0,156,184,0,184,340
07/08/2023,OSH,WI,AGL,CE,Federal Contract Tower,0,5,12,0,17,0,0,84,0,84,0,5,96,0,101,152,0,152,253
07/09/2023,OSH,WI,AGL,CE,Federal Contract Tower,0,2,9,0,11,0,0,102,0,102,0,2,111,0,113,176,0,176,289
07/10/2023,OSH,WI,AGL,CE,Federal Contract Tower,0,3,3,0,6,0,2,65,0,67,0,5,68,0,73,96,0,96,169
07/11/2023,OSH,WI,AGL,CE,Federal Contract Tower,0,8,7,6,21,0,0,103,0,103,0,8,110,6,124,168,12,180,304
07/12/2023,OSH,WI,AGL,CE,Federal Contract Tower,0,7,7,0,14,0,0,51,0,51,0,7,58,0,65,92,0,92,157
07/13/2023,OSH,WI,AGL,CE,Federal Contract Tower,0,12,18,0,30,0,2,118,0,120,0,14,136,0,150,246,0,246,396
07/14/2023,OSH,WI,AGL,CE,Federal Contract Tower,0,8,16,0,24,0,0,86,0,86,0,8,102,0,110,190,0,190,300
07/15/2023,OSH,WI,AGL,CE,Federal Contract Tower,0,6,10,2,18,0,0,66,0,66,0,6,76,2,84,150,0,150,234
07/16/2023,OSH,WI,AGL,CE,Federal Contract Tower,0,3,9,0,12,0,0,54,0,54,0,3,63,0,66,68,0,68,134
07/17/2023,OSH,WI,AGL,CE,Federal Contract Tower,0,7,13,0,20,0,1,102,0,103,0,8,115,0,123,80,0,80,203
07/18/2023,OSH,WI,AGL,CE,Federal Contract Tower,0,5,23,0,28,0,3,139,0,142,0,8,162,0,170,166,0,166,336
07/19/2023,OSH,WI,AGL,CE,Federal Contract Tower,0,3,37,3,43,0,1,217,0,218,0,4,254,3,261,44,0,44,305
07/20/2023,OSH,WI,AGL,CE,Federal Contract Tower,0,3,45,0,48,0,0,315,0,315,0,3,360,0,363,0,0,0,363
07/21/2023,OSH,WI,AGL,CE,Federal Contract Tower,0,0,45,0,45,0,0,1420,0,1420,0,0,1465,0,1465,0,0,0,1465
07/22/2023,OSH,WI,AGL,CE,Federal Contract Tower,0,0,44,0,44,0,0,1873,0,1873,0,0,1917,0,1917,0,0,0,1917
07/23/2023,OSH,WI,AGL,CE,Federal Contract Tower,0,0,71,0,71,0,0,2146,0,2146,0,0,2217,0,2217,0,0,0,2217
07/24/2023,OSH,WI,AGL,CE,Federal Contract Tower,0,0,69,0,69,0,0,1258,0,1258,0,0,1327,0,1327,0,0,0,1327
07/25/2023,OSH,WI,AGL,CE,Federal Contract Tower,0,0,77,0,77,0,0,1679,0,1679,0,0,1756,0,1756,0,0,0,1756
07/26/2023,OSH,WI,AGL,CE,Federal Contract Tower,0,0,67,0,67,0,0,1284,0,1284,0,0,1351,0,1351,0,0,0,1351
07/27/2023,OSH,WI,AGL,CE,Federal Contract Tower,0,0,92,0,92,0,0,3196,0,3196,0,0,3288,0,3288,0,0,0,3288
07/28/2023,OSH,WI,AGL,CE,Federal Contract Tower,0,0,0,0,0,0,0,1704,0,1704,0,0,1704,0,1704,0,0,0,1704
07/29/2023,OSH,WI,AGL,CE,Federal Contract Tower,0,0,61,0,61,0,0,1288,0,1288,0,0,1349,0,1349,0,0,0,1349
07/30/2023,OSH,WI,AGL,CE,Federal Contract Tower,0,0,53,0,53,0,0,1667,0,1667,0,0,1720,0,1720,0,0,0,1720
07/31/2023,OSH,WI,AGL,CE,Federal Contract Tower,0,6,58,1,65,0,0,609,0,609,0,6,667,1,674,74,0,74,748
08/01/2023,OSH,WI,AGL,CE,Federal Contract Tower,0,7,11,0,18,0,0,112,0,112,0,7,123,0,130,122,0,122,252
08/02/2023,OSH,WI,AGL,CE,Federal Contract Tower,0,5,13,0,18,0,0,124,0,124,0,5,137,0,142,98,0,98,240
08/03/2023,OSH,WI,AGL,CE,Federal Contract Tower,0,4,5,0,9,0,0,44,0,44,0,4,49,0,53,70,0,70,123
08/04/2023,OSH,WI,AGL,CE,Federal Contract Tower,0,6,8,1,15,0,1,82,0,83,0,7,90,1,98,24,0,24,122
08/05/2023,OSH,WI,AGL,CE,Federal Contract Tower,0,5,13,1,19,0,0,42,1,43,0,5,55,2,62,138,0,138,200
08/06/2023,OSH,WI,AGL,CE,Federal Contract Tower,0,2,8,0,10,0,0,46,2,48,0,2,54,2,58,122,0,122,180
08/07/2023,OSH,WI,AGL,CE,Federal Contract Tower,0,3,6,2,11,0,0,50,1,51,0,3,56,3,62,166,0,166,228
08/08/2023,OSH,WI,AGL,CE,Federal Contract Tower,0,7,8,0,15,0,0,98,0,98,0,7,106,0,113,196,0,196,309
08/09/2023,OSH,WI,AGL,CE,Federal Contract Tower,0,7,17,2,26,0,0,58,0,58,0,7,75,2,84,138,0,138,222
08/10/2023,OSH,WI,AGL,CE,Federal Contract Tower,0,7,9,8,24,0,0,82,0,82,0,7,91,8,106,210,0,210,316
08/11/2023,OSH,WI,AGL,CE,Federal Contract Tower,0,6,7,2,15,0,0,38,0,38,0,6,45,2,53,82,0,82,135
08/12/2023,OSH,WI,AGL,CE,Federal Contract Tower,0,8,14,0,22,0,1,45,0,46,0,9,59,0,68,146,0,146,214
08/13/2023,OSH,WI,AGL,CE,Federal Contract Tower,0,1,16,0,17,0,0,26,0,26,0,1,42,0,43,74,0,74,117
08/14/2023,OSH,WI,AGL,CE,Federal Contract Tower,0,4,5,1,10,0,0,0,0,0,0,4,5,1,10,0,0,0,10
08/15/2023,OSH,WI,AGL,CE,Federal Contract Tower,0,8,9,3,20,0,0,98,2,100,0,8,107,5,120,162,0,162,282
08/16/2023,OSH,WI,AGL,CE,Federal Contract Tower,0,7,14,3,24,0,1,74,0,75,0,8,88,3,99,192,0,192,291
08/17/2023,OSH,WI,AGL,CE,Federal Contract Tower,0,9,14,1,24,0,0,46,0,46,0,9,60,1,70,110,0,110,180
08/18/2023,OSH,WI,AGL,CE,Federal Contract Tower,0,4,16,6,26,0,0,113,4,117,0,4,129,10,143,188,0,188,331
08/19/2023,OSH,WI,AGL,CE,Federal Contract Tower,0,2,4,2,8,0,0,101,0,101,0,2,105,2,109,112,0,112,221
08/20/2023,OSH,WI,AGL,CE,Federal Contract Tower,0,3,17,0,20,0,0,65,0,65,0,3,82,0,85,122,0,122,207
08/21/2023,OSH,WI,AGL,CE,Federal Contract Tower,0,3,14,0,17,0,0,87,0,87,0,3,101,0,104,172,0,172,276
08/22/2023,OSH,WI,AGL,CE,Federal Contract Tower,0,9,15,2,26,0,1,57,0,58,0,10,72,2,84,136,0,136,220
08/23/2023,OSH,WI,AGL,CE,Federal Contract Tower,0,6,7,0,13,0,0,30,0,30,0,6,37,0,43,110,0,110,153
08/24/2023,OSH,WI,AGL,CE,Federal Contract Tower,0,10,11,1,22,0,0,30,0,30,0,10,41,1,52,152,0,152,204
08/25/2023,OSH,WI,AGL,CE,Federal Contract Tower,0,7,11,0,18,0,0,41,0,41,0,7,52,0,59,182,0,182,241
08/26/2023,OSH,WI,AGL,CE,Federal Contract Tower,0,5,10,0,15,0,0,20,0,20,0,5,30,0,35,140,0,140,175
08/27/2023,OSH,WI,AGL,CE,Federal Contract Tower,0,3,14,2,19,0,0,98,0,98,0,3,112,2,117,224,0,224,341
08/28/2023,OSH,WI,AGL,CE,Federal Contract Tower,0,2,10,0,12,0,0,100,0,100,0,2,110,0,112,266,0,266,378
08/29/2023,OSH,WI,AGL,CE,Federal Contract Tower,0,5,9,3,17,0,0,96,0,96,0,5,105,3,113,264,0,264,377
08/30/2023,OSH,WI,AGL,CE,Federal Contract Tower,0,8,15,0,23,0,0,121,0,121,0,8,136,0,144,246,0,246,390
08/31/2023,OSH,WI,AGL,CE,Federal Contract Tower,0,5,5,2,12,0,0,132,0,132,0,5,137,2,144,214,0,214,358
