01/01/2000,OSU,OH,AGL,CE,Federal Contract Tower,0,2,7,0,9,0,0,68,0,68,0,2,75,0,77,32,0,32,109
01/02/2000,OSU,OH,AGL,CE,Federal Contract Tower,0,5,25,0,30,0,0,38,0,38,0,5,63,0,68,2,0,2,70
01/03/2000,OSU,OH,AGL,CE,Federal Contract Tower,0,1,29,0,30,0,0,16,0,16,0,1,45,0,46,26,0,26,72
01/04/2000,OSU,OH,AGL,CE,Federal Contract Tower,0,5,28,0,33,0,3,12,0,15,0,8,40,0,48,0,0,0,48
01/05/2000,OSU,OH,AGL,CE,Federal Contract Tower,0,5,52,0,57,0,0,36,0,36,0,5,88,0,93,56,0,56,149
01/06/2000,OSU,OH,AGL,CE,Federal Contract Tower,0,9,57,0,66,0,0,184,4,188,0,9,241,4,254,118,0,118,372
01/07/2000,OSU,OH,AGL,CE,Federal Contract Tower,0,2,47,0,49,0,0,157,4,161,0,2,204,4,210,196,0,196,406
01/08/2000,OSU,OH,AGL,CE,Federal Contract Tower,0,1,19,0,20,0,0,189,0,189,0,1,208,0,209,124,0,124,333
01/09/2000,OSU,OH,AGL,CE,Federal Contract Tower,0,4,28,0,32,0,0,35,2,37,0,4,63,2,69,10,0,10,79
01/10/2000,OSU,OH,AGL,CE,Federal Contract Tower,0,10,57,0,67,0,4,2,0,6,0,14,59,0,73,4,0,4,77
01/11/2000,OSU,OH,AGL,CE,Federal Contract Tower,0,5,46,0,51,0,0,56,0,56,0,5,102,0,107,4,0,4,111
01/12/2000,OSU,OH,AGL,CE,Federal Contract Tower,0,10,61,0,71,0,3,193,0,196,0,13,254,0,267,248,0,248,515
01/13/2000,OSU,OH,AGL,CE,Federal Contract Tower,0,12,70,0,82,0,5,0,0,5,0,17,70,0,87,16,0,16,103
01/14/2000,OSU,OH,AGL,CE,Federal Contract Tower,0,6,59,0,65,0,0,186,0,186,0,6,245,0,251,324,0,324,575
01/15/2000,OSU,OH,AGL,CE,Federal Contract Tower,0,2,23,0,25,0,0,133,0,133,0,2,156,0,158,198,0,198,356
01/16/2000,OSU,OH,AGL,CE,Federal Contract Tower,0,0,22,0,22,0,0,58,0,58,0,0,80,0,80,32,0,32,112
01/17/2000,OSU,OH,AGL,CE,Federal Contract Tower,0,8,51,0,59,0,3,137,0,140,0,11,188,0,199,254,0,254,453
01/18/2000,OSU,OH,AGL,CE,Federal Contract Tower,0,7,44,0,51,0,2,41,0,43,0,9,85,0,94,72,0,72,166
01/19/2000,OSU,OH,AGL,CE,Federal Contract Tower,0,6,39,0,45,0,12,127,2,141,0,18,166,2,186,184,0,184,370
01/20/2000,OSU,OH,AGL,CE,Federal Contract Tower,0,7,43,0,50,0,2,7,0,9,0,9,50,0,59,14,0,14,73
01/21/2000,OSU,OH,AGL,CE,Federal Contract Tower,0,7,44,0,51,0,1,100,0,101,0,8,144,0,152,98,0,98,250
01/22/2000,OSU,OH,AGL,CE,Federal Contract Tower,0,3,28,0,31,0,0,22,0,22,0,3,50,0,53,44,0,44,97
01/23/2000,OSU,OH,AGL,CE,Federal Contract Tower,0,2,14,0,16,0,2,0,0,2,0,4,14,0,18,4,0,4,22
01/24/2000,OSU,OH,AGL,CE,Federal Contract Tower,0,8,58,0,66,0,0,127,4,131,0,8,185,4,197,132,0,132,329
01/25/2000,OSU,OH,AGL,CE,Federal Contract Tower,0,0,50,0,50,0,0,53,0,53,0,0,103,0,103,116,0,116,219
01/26/2000,OSU,OH,AGL,CE,Federal Contract Tower,0,6,59,0,65,0,0,69,0,69,0,6,128,0,134,176,0,176,310
01/27/2000,OSU,OH,AGL,CE,Federal Contract Tower,0,7,59,0,66,0,0,164,2,166,0,7,223,2,232,192,0,192,424
01/28/2000,OSU,OH,AGL,CE,Federal Contract Tower,0,9,55,0,64,0,0,200,0,200,0,9,255,0,264,208,0,208,472
01/29/2000,OSU,OH,AGL,CE,Federal Contract Tower,0,2,14,0,16,0,0,139,0,139,0,2,153,0,155,126,0,126,281
01/30/2000,OSU,OH,AGL,CE,Federal Contract Tower,0,0,5,0,5,0,0,9,0,9,0,0,14,0,14,0,0,0,14
01/31/2000,OSU,OH,AGL,CE,Federal Contract Tower,0,0,27,0,27,0,0,38,4,42,0,0,65,4,69,14,0,14,83
02/01/2000,OSU,OH,AGL,CE,Federal Contract Tower,0,5,43,0,48,0,0,10,0,10,0,5,53,0,58,30,0,30,88
02/02/2000,OSU,OH,AGL,CE,Federal Contract Tower,0,6,45,0,51,0,5,111,0,116,0,11,156,0,167,206,0,206,373
02/03/2000,OSU,OH,AGL,CE,Federal Contract Tower,0,3,46,0,49,0,0,13,0,13,0,3,59,0,62,8,0,8,70
02/04/2000,OSU,OH,AGL,CE,Federal Contract Tower,0,5,54,0,59,0,0,8,0,8,0,5,62,0,67,0,0,0,67
02/05/2000,OSU,OH,AGL,CE,Federal Contract Tower,0,3,20,0,23,0,0,95,0,95,0,3,115,0,118,120,0,120,238
02/06/2000,OSU,OH,AGL,CE,Federal Contract Tower,0,0,27,0,27,0,0,39,0,39,0,0,66,0,66,20,0,20,86
02/07/2000,OSU,OH,AGL,CE,Federal Contract Tower,0,6,42,0,48,0,5,144,0,149,0,11,186,0,197,134,0,134,331
02/08/2000,OSU,OH,AGL,CE,Federal Contract Tower,0,8,63,0,71,0,0,205,0,205,0,8,268,0,276,174,0,174,450
02/09/2000,OSU,OH,AGL,CE,Federal Contract Tower,0,9,69,0,78,0,4,180,0,184,0,13,249,0,262,184,0,184,446
02/10/2000,OSU,OH,AGL,CE,Federal Contract Tower,0,10,77,0,87,0,5,95,0,100,0,15,172,0,187,134,0,134,321
02/11/2000,OSU,OH,AGL,CE,Federal Contract Tower,0,8,54,0,62,0,1,21,2,24,0,9,75,2,86,16,0,16,102
02/12/2000,OSU,OH,AGL,CE,Federal Contract Tower,0,3,38,0,41,0,0,142,0,142,0,3,180,0,183,176,0,176,359
02/13/2000,OSU,OH,AGL,CE,Federal Contract Tower,0,2,12,0,14,0,3,0,0,3,0,5,12,0,17,0,0,0,17
02/14/2000,OSU,OH,AGL,CE,Federal Contract Tower,0,4,38,0,42,0,0,12,0,12,0,4,50,0,54,0,0,0,54
02/15/2000,OSU,OH,AGL,CE,Federal Contract Tower,0,7,74,0,81,0,0,163,0,163,0,7,237,0,244,282,0,282,526
02/16/2000,OSU,OH,AGL,CE,Federal Contract Tower,0,5,44,0,49,0,1,50,0,51,0,6,94,0,100,154,0,154,254
02/17/2000,OSU,OH,AGL,CE,Federal Contract Tower,0,6,63,0,69,0,0,163,0,163,0,6,226,0,232,322,0,322,554
02/18/2000,OSU,OH,AGL,CE,Federal Contract Tower,0,4,31,0,35,0,1,0,0,1,0,5,31,0,36,0,0,0,36
02/19/2000,OSU,OH,AGL,CE,Federal Contract Tower,0,2,23,0,25,0,4,50,0,54,0,6,73,0,79,84,0,84,163
02/20/2000,OSU,OH,AGL,CE,Federal Contract Tower,0,2,22,0,24,0,1,85,0,86,0,3,107,0,110,144,0,144,254
02/21/2000,OSU,OH,AGL,CE,Federal Contract Tower,0,6,70,0,76,0,0,188,0,188,0,6,258,0,264,344,0,344,608
02/22/2000,OSU,OH,AGL,CE,Federal Contract Tower,0,6,51,0,57,0,0,116,0,116,0,6,167,0,173,280,0,280,453
02/23/2000,OSU,OH,AGL,CE,Federal Contract Tower,0,11,92,0,103,0,7,167,2,176,0,18,259,2,279,418,0,418,697
02/24/2000,OSU,OH,AGL,CE,Federal Contract Tower,0,7,81,0,88,0,0,81,0,81,0,7,162,0,169,100,0,100,269
02/25/2000,OSU,OH,AGL,CE,Federal Contract Tower,0,8,73,0,81,0,0,160,0,160,0,8,233,0,241,340,0,340,581
02/26/2000,OSU,OH,AGL,CE,Federal Contract Tower,0,4,34,0,38,0,1,86,0,87,0,5,120,0,125,100,0,100,225
02/27/2000,OSU,OH,AGL,CE,Federal Contract Tower,0,4,43,0,47,0,0,44,0,44,0,4,87,0,91,40,0,40,131
02/28/2000,OSU,OH,AGL,CE,Federal Contract Tower,0,4,61,0,65,0,0,256,0,256,0,4,317,0,321,366,0,366,687
02/29/2000,OSU,OH,AGL,CE,Federal Contract Tower,0,3,64,0,67,0,0,261,2,263,0,3,325,2,330,366,0,366,696
03/01/2000,OSU,OH,AGL,CE,Federal Contract Tower,0,8,81,0,89,0,0,115,0,115,0,8,196,0,204,122,0,122,326
03/02/2000,OSU,OH,AGL,CE,Federal Contract Tower,0,9,70,0,79,0,2,145,0,147,0,11,215,0,226,324,0,324,550
03/03/2000,OSU,OH,AGL,CE,Federal Contract Tower,0,9,67,0,76,0,1,254,2,257,0,10,321,2,333,414,0,414,747
03/04/2000,OSU,OH,AGL,CE,Federal Contract Tower,0,4,26,0,30,0,3,174,0,177,0,7,200,0,207,240,0,240,447
03/05/2000,OSU,OH,AGL,CE,Federal Contract Tower,0,5,37,0,42,0,0,159,0,159,0,5,196,0,201,196,0,196,397
03/06/2000,OSU,OH,AGL,CE,Federal Contract Tower,0,6,47,0,53,0,1,186,0,187,0,7,233,0,240,372,0,372,612
03/07/2000,OSU,OH,AGL,CE,Federal Contract Tower,0,9,81,0,90,0,0,188,8,196,0,9,269,8,286,436,0,436,722
03/08/2000,OSU,OH,AGL,CE,Federal Contract Tower,0,9,75,0,84,0,2,128,0,130,0,11,203,0,214,260,0,260,474
03/09/2000,OSU,OH,AGL,CE,Federal Contract Tower,0,7,58,1,66,0,2,109,1,112,0,9,167,2,178,68,0,68,246
03/10/2000,OSU,OH,AGL,CE,Federal Contract Tower,0,7,59,0,66,0,3,162,0,165,0,10,221,0,231,292,0,292,523
03/11/2000,OSU,OH,AGL,CE,Federal Contract Tower,0,0,6,0,6,0,2,0,0,2,0,2,6,0,8,0,0,0,8
03/12/2000,OSU,OH,AGL,CE,Federal Contract Tower,0,5,40,0,45,0,0,126,0,126,0,5,166,0,171,88,0,88,259
03/13/2000,OSU,OH,AGL,CE,Federal Contract Tower,0,3,57,1,61,0,0,134,3,137,0,3,191,4,198,120,0,120,318
03/14/2000,OSU,OH,AGL,CE,Federal Contract Tower,0,3,67,1,71,0,0,139,1,140,0,3,206,2,211,210,0,210,421
03/15/2000,OSU,OH,AGL,CE,Federal Contract Tower,0,7,61,0,68,0,5,139,0,144,0,12,200,0,212,90,0,90,302
03/16/2000,OSU,OH,AGL,CE,Federal Contract Tower,0,6,53,0,59,0,9,2,0,11,0,15,55,0,70,0,0,0,70
03/17/2000,OSU,OH,AGL,CE,Federal Contract Tower,0,4,41,0,45,0,2,73,12,87,0,6,114,12,132,116,0,116,248
03/18/2000,OSU,OH,AGL,CE,Federal Contract Tower,0,5,46,0,51,0,5,124,0,129,0,10,170,0,180,156,0,156,336
03/19/2000,OSU,OH,AGL,CE,Federal Contract Tower,0,2,58,0,60,0,0,6,0,6,0,2,64,0,66,16,0,16,82
03/20/2000,OSU,OH,AGL,CE,Federal Contract Tower,0,3,50,0,53,0,0,44,3,47,0,3,94,3,100,24,0,24,124
03/21/2000,OSU,OH,AGL,CE,Federal Contract Tower,0,4,79,0,83,0,0,52,7,59,0,4,131,7,142,28,0,28,170
03/22/2000,OSU,OH,AGL,CE,Federal Contract Tower,0,7,58,0,65,0,0,117,0,117,0,7,175,0,182,132,0,132,314
03/23/2000,OSU,OH,AGL,CE,Federal Contract Tower,0,10,85,0,95,0,2,137,6,145,0,12,222,6,240,168,0,168,408
03/24/2000,OSU,OH,AGL,CE,Federal Contract Tower,0,6,55,0,61,0,2,167,0,169,0,8,222,0,230,204,0,204,434
03/25/2000,OSU,OH,AGL,CE,Federal Contract Tower,0,3,31,0,34,0,0,73,0,73,0,3,104,0,107,20,0,20,127
03/26/2000,OSU,OH,AGL,CE,Federal Contract Tower,0,4,40,0,44,0,6,142,0,148,0,10,182,0,192,54,0,54,246
03/27/2000,OSU,OH,AGL,CE,Federal Contract Tower,0,4,46,0,50,0,0,68,0,68,0,4,114,0,118,120,0,120,238
03/28/2000,OSU,OH,AGL,CE,Federal Contract Tower,0,6,57,0,63,0,0,90,0,90,0,6,147,0,153,136,0,136,289
03/29/2000,OSU,OH,AGL,CE,Federal Contract Tower,0,7,63,0,70,0,0,132,0,132,0,7,195,0,202,368,0,368,570
03/30/2000,OSU,OH,AGL,CE,Federal Contract Tower,0,8,66,0,74,0,6,241,0,247,0,14,307,0,321,386,0,386,707
03/31/2000,OSU,OH,AGL,CE,Federal Contract Tower,0,6,51,0,57,0,0,231,0,231,0,6,282,0,288,344,0,344,632
04/01/2000,OSU,OH,AGL,CE,Federal Contract Tower,0,5,36,0,41,0,3,227,0,230,0,8,263,0,271,264,0,264,535
04/02/2000,OSU,OH,AGL,CE,Federal Contract Tower,0,5,55,0,60,0,0,4,0,4,0,5,59,0,64,0,0,0,64
04/03/2000,OSU,OH,AGL,CE,Federal Contract Tower,0,4,52,0,56,0,0,13,0,13,0,4,65,0,69,0,0,0,69
04/04/2000,OSU,OH,AGL,CE,Federal Contract Tower,0,2,48,0,50,0,0,48,0,48,0,2,96,0,98,76,0,76,174
04/05/2000,OSU,OH,AGL,CE,Federal Contract Tower,0,8,62,0,70,0,7,193,2,202,0,15,255,2,272,180,0,180,452
04/06/2000,OSU,OH,AGL,CE,Federal Contract Tower,0,8,64,0,72,0,2,126,0,128,0,10,190,0,200,160,0,160,360
04/07/2000,OSU,OH,AGL,CE,Federal Contract Tower,0,7,51,0,58,0,2,8,0,10,0,9,59,0,68,44,0,44,112
04/08/2000,OSU,OH,AGL,CE,Federal Contract Tower,0,4,31,0,35,0,2,18,0,20,0,6,49,0,55,8,0,8,63
04/09/2000,OSU,OH,AGL,CE,Federal Contract Tower,0,4,33,0,37,0,2,44,0,46,0,6,77,0,83,40,0,40,123
04/10/2000,OSU,OH,AGL,CE,Federal Contract Tower,0,3,58,0,61,0,0,223,1,224,0,3,281,1,285,278,0,278,563
04/11/2000,OSU,OH,AGL,CE,Federal Contract Tower,0,6,66,0,72,0,0,69,1,70,0,6,135,1,142,104,0,104,246
04/12/2000,OSU,OH,AGL,CE,Federal Contract Tower,0,5,66,0,71,0,0,189,0,189,0,5,255,0,260,360,0,360,620
04/13/2000,OSU,OH,AGL,CE,Federal Contract Tower,0,5,76,0,81,0,0,299,4,303,0,5,375,4,384,486,0,486,870
04/14/2000,OSU,OH,AGL,CE,Federal Contract Tower,0,8,66,0,74,0,3,183,0,186,0,11,249,0,260,314,0,314,574
04/15/2000,OSU,OH,AGL,CE,Federal Contract Tower,0,4,30,0,34,0,3,252,0,255,0,7,282,0,289,300,0,300,589
04/16/2000,OSU,OH,AGL,CE,Federal Contract Tower,0,4,36,0,40,0,2,99,0,101,0,6,135,0,141,54,0,54,195
04/17/2000,OSU,OH,AGL,CE,Federal Contract Tower,0,2,70,0,72,0,0,15,0,15,0,2,85,0,87,18,0,18,105
04/18/2000,OSU,OH,AGL,CE,Federal Contract Tower,0,4,85,0,89,0,0,16,0,16,0,4,101,0,105,10,0,10,115
04/19/2000,OSU,OH,AGL,CE,Federal Contract Tower,0,9,85,0,94,0,4,73,0,77,0,13,158,0,171,266,0,266,437
04/20/2000,OSU,OH,AGL,CE,Federal Contract Tower,0,4,34,0,38,0,3,33,0,36,0,7,67,0,74,40,0,40,114
04/21/2000,OSU,OH,AGL,CE,Federal Contract Tower,0,5,44,0,49,0,1,37,0,38,0,6,81,0,87,48,0,48,135
04/22/2000,OSU,OH,AGL,CE,Federal Contract Tower,0,5,43,0,48,0,2,35,0,37,0,7,78,0,85,18,0,18,103
04/23/2000,OSU,OH,AGL,CE,Federal Contract Tower,0,4,39,0,43,0,1,124,0,125,0,5,163,0,168,48,0,48,216
04/24/2000,OSU,OH,AGL,CE,Federal Contract Tower,0,3,56,0,59,0,0,189,0,189,0,3,245,0,248,160,0,160,408
04/25/2000,OSU,OH,AGL,CE,Federal Contract Tower,0,4,73,0,77,0,0,148,0,148,0,4,221,0,225,120,0,120,345
04/26/2000,OSU,OH,AGL,CE,Federal Contract Tower,0,8,72,0,80,0,10,153,0,163,0,18,225,0,243,180,0,180,423
04/27/2000,OSU,OH,AGL,CE,Federal Contract Tower,0,10,92,0,102,0,4,308,0,312,0,14,400,0,414,380,0,380,794
04/28/2000,OSU,OH,AGL,CE,Federal Contract Tower,0,7,65,0,72,0,5,191,0,196,0,12,256,0,268,290,0,290,558
04/29/2000,OSU,OH,AGL,CE,Federal Contract Tower,0,1,34,0,35,0,0,122,0,122,0,1,156,0,157,220,0,220,377
04/30/2000,OSU,OH,AGL,CE,Federal Contract Tower,0,2,24,0,26,0,3,147,0,150,0,5,171,0,176,186,0,186,362
05/01/2000,OSU,OH,AGL,CE,Federal Contract Tower,0,4,53,0,57,0,0,84,0,84,0,4,137,0,141,156,0,156,297
05/02/2000,OSU,OH,AGL,CE,Federal Contract Tower,0,10,90,0,100,0,0,217,2,219,0,10,307,2,319,344,0,344,663
05/03/2000,OSU,OH,AGL,CE,Federal Contract Tower,0,7,65,0,72,0,0,211,0,211,0,7,276,0,283,386,0,386,669
05/04/2000,OSU,OH,AGL,CE,Federal Contract Tower,0,13,73,0,86,0,1,149,0,150,0,14,222,0,236,276,0,276,512
05/05/2000,OSU,OH,AGL,CE,Federal Contract Tower,0,10,53,0,63,0,0,128,0,128,0,10,181,0,191,298,0,298,489
05/06/2000,OSU,OH,AGL,CE,Federal Contract Tower,0,4,29,0,33,0,0,139,0,139,0,4,168,0,172,210,0,210,382
05/07/2000,OSU,OH,AGL,CE,Federal Contract Tower,0,5,39,0,44,0,0,75,0,75,0,5,114,0,119,44,0,44,163
05/08/2000,OSU,OH,AGL,CE,Federal Contract Tower,0,7,83,0,90,0,0,127,0,127,0,7,210,0,217,186,0,186,403
05/09/2000,OSU,OH,AGL,CE,Federal Contract Tower,0,11,59,0,70,0,0,116,0,116,0,11,175,0,186,202,0,202,388
05/10/2000,OSU,OH,AGL,CE,Federal Contract Tower,0,7,61,0,68,0,0,57,0,57,0,7,118,0,125,64,0,64,189
05/11/2000,OSU,OH,AGL,CE,Federal Contract Tower,0,11,70,0,81,0,5,162,0,167,0,16,232,0,248,170,0,170,418
05/12/2000,OSU,OH,AGL,CE,Federal Contract Tower,0,10,62,0,72,0,11,115,0,126,0,21,177,0,198,154,0,154,352
05/13/2000,OSU,OH,AGL,CE,Federal Contract Tower,0,5,34,0,39,0,0,68,0,68,0,5,102,0,107,12,0,12,119
05/14/2000,OSU,OH,AGL,CE,Federal Contract Tower,0,1,18,0,19,0,0,134,0,134,0,1,152,0,153,76,0,76,229
05/15/2000,OSU,OH,AGL,CE,Federal Contract Tower,0,11,65,0,76,0,3,136,0,139,0,14,201,0,215,194,0,194,409
05/16/2000,OSU,OH,AGL,CE,Federal Contract Tower,0,10,65,0,75,0,0,108,2,110,0,10,173,2,185,122,0,122,307
05/17/2000,OSU,OH,AGL,CE,Federal Contract Tower,0,8,75,0,83,0,0,121,2,123,0,8,196,2,206,204,0,204,410
05/18/2000,OSU,OH,AGL,CE,Federal Contract Tower,0,8,62,0,70,0,0,118,2,120,0,8,180,2,190,44,0,44,234
05/19/2000,OSU,OH,AGL,CE,Federal Contract Tower,0,8,68,0,76,0,0,71,0,71,0,8,139,0,147,144,0,144,291
05/20/2000,OSU,OH,AGL,CE,Federal Contract Tower,0,5,44,0,49,0,0,38,2,40,0,5,82,2,89,64,0,64,153
05/21/2000,OSU,OH,AGL,CE,Federal Contract Tower,0,8,53,0,61,0,1,98,2,101,0,9,151,2,162,88,0,88,250
05/22/2000,OSU,OH,AGL,CE,Federal Contract Tower,0,9,84,0,93,0,0,167,0,167,0,9,251,0,260,154,0,154,414
05/23/2000,OSU,OH,AGL,CE,Federal Contract Tower,0,14,89,0,103,0,8,66,0,74,0,22,155,0,177,76,0,76,253
05/24/2000,OSU,OH,AGL,CE,Federal Contract Tower,0,17,103,0,120,0,1,142,4,147,0,18,245,4,267,156,0,156,423
05/25/2000,OSU,OH,AGL,CE,Federal Contract Tower,0,13,112,0,125,0,0,142,0,142,0,13,254,0,267,60,0,60,327
05/26/2000,OSU,OH,AGL,CE,Federal Contract Tower,0,17,106,0,123,0,5,259,0,264,0,22,365,0,387,152,0,152,539
05/27/2000,OSU,OH,AGL,CE,Federal Contract Tower,0,7,48,0,55,0,6,68,0,74,0,13,116,0,129,36,0,36,165
05/28/2000,OSU,OH,AGL,CE,Federal Contract Tower,0,9,57,0,66,0,4,1,0,5,0,13,58,0,71,0,0,0,71
05/29/2000,OSU,OH,AGL,CE,Federal Contract Tower,0,11,69,0,80,0,11,44,0,55,0,22,113,0,135,36,0,36,171
05/30/2000,OSU,OH,AGL,CE,Federal Contract Tower,0,4,66,0,70,0,0,128,6,134,0,4,194,6,204,228,0,228,432
05/31/2000,OSU,OH,AGL,CE,Federal Contract Tower,0,6,52,0,58,0,0,156,8,164,0,6,208,8,222,190,0,190,412
06/01/2000,OSU,OH,AGL,CE,Federal Contract Tower,0,8,83,0,91,0,2,146,0,148,0,10,229,0,239,222,0,222,461
06/02/2000,OSU,OH,AGL,CE,Federal Contract Tower,0,7,74,0,81,0,1,115,0,116,0,8,189,0,197,66,0,66,263
06/03/2000,OSU,OH,AGL,CE,Federal Contract Tower,0,4,41,0,45,0,1,167,0,168,0,5,208,0,213,64,0,64,277
06/04/2000,OSU,OH,AGL,CE,Federal Contract Tower,0,4,43,0,47,0,0,169,0,169,0,4,212,0,216,66,0,66,282
06/05/2000,OSU,OH,AGL,CE,Federal Contract Tower,0,2,45,0,47,0,0,14,0,14,0,2,59,0,61,22,0,22,83
06/06/2000,OSU,OH,AGL,CE,Federal Contract Tower,0,8,83,0,91,0,6,92,0,98,0,14,175,0,189,60,0,60,249
06/07/2000,OSU,OH,AGL,CE,Federal Contract Tower,0,5,57,0,62,0,0,199,6,205,0,5,256,6,267,204,0,204,471
06/08/2000,OSU,OH,AGL,CE,Federal Contract Tower,0,8,81,0,89,0,0,160,0,160,0,8,241,0,249,140,0,140,389
06/09/2000,OSU,OH,AGL,CE,Federal Contract Tower,0,5,85,0,90,0,0,210,0,210,0,5,295,0,300,130,0,130,430
06/10/2000,OSU,OH,AGL,CE,Federal Contract Tower,0,4,41,0,45,0,0,188,6,194,0,4,229,6,239,122,0,122,361
06/11/2000,OSU,OH,AGL,CE,Federal Contract Tower,0,2,33,0,35,0,0,73,0,73,0,2,106,0,108,40,0,40,148
06/12/2000,OSU,OH,AGL,CE,Federal Contract Tower,0,2,52,0,54,0,0,94,2,96,0,2,146,2,150,56,0,56,206
06/13/2000,OSU,OH,AGL,CE,Federal Contract Tower,0,7,66,0,73,0,0,110,2,112,0,7,176,2,185,58,0,58,243
06/14/2000,OSU,OH,AGL,CE,Federal Contract Tower,0,6,57,0,63,0,4,77,0,81,0,10,134,0,144,84,0,84,228
06/15/2000,OSU,OH,AGL,CE,Federal Contract Tower,0,3,64,0,67,0,0,106,0,106,0,3,170,0,173,70,0,70,243
06/16/2000,OSU,OH,AGL,CE,Federal Contract Tower,0,3,57,0,60,0,0,52,0,52,0,3,109,0,112,26,0,26,138
06/17/2000,OSU,OH,AGL,CE,Federal Contract Tower,0,2,32,0,34,0,0,73,0,73,0,2,105,0,107,66,0,66,173
06/18/2000,OSU,OH,AGL,CE,Federal Contract Tower,0,3,48,0,51,0,0,38,0,38,0,3,86,0,89,0,0,0,89
06/19/2000,OSU,OH,AGL,CE,Federal Contract Tower,0,5,57,0,62,0,2,205,0,207,0,7,262,0,269,268,0,268,537
06/20/2000,OSU,OH,AGL,CE,Federal Contract Tower,0,4,90,0,94,0,0,120,0,120,0,4,210,0,214,160,0,160,374
06/21/2000,OSU,OH,AGL,CE,Federal Contract Tower,0,6,71,0,77,0,3,95,0,98,0,9,166,0,175,130,0,130,305
06/22/2000,OSU,OH,AGL,CE,Federal Contract Tower,0,8,88,0,96,0,2,207,0,209,0,10,295,0,305,160,0,160,465
06/23/2000,OSU,OH,AGL,CE,Federal Contract Tower,0,4,53,0,57,0,1,167,0,168,0,5,220,0,225,150,0,150,375
06/24/2000,OSU,OH,AGL,CE,Federal Contract Tower,0,2,32,0,34,0,1,68,0,69,0,3,100,0,103,18,0,18,121
06/25/2000,OSU,OH,AGL,CE,Federal Contract Tower,0,2,37,0,39,0,0,50,0,50,0,2,87,0,89,12,0,12,101
06/26/2000,OSU,OH,AGL,CE,Federal Contract Tower,0,7,80,0,87,0,2,104,0,106,0,9,184,0,193,116,0,116,309
06/27/2000,OSU,OH,AGL,CE,Federal Contract Tower,0,6,64,0,70,0,3,153,0,156,0,9,217,0,226,165,0,165,391
06/28/2000,OSU,OH,AGL,CE,Federal Contract Tower,0,8,90,0,98,0,3,111,0,114,0,11,201,0,212,158,0,158,370
06/29/2000,OSU,OH,AGL,CE,Federal Contract Tower,0,7,103,0,110,0,0,147,0,147,0,7,250,0,257,264,0,264,521
06/30/2000,OSU,OH,AGL,CE,Federal Contract Tower,0,6,67,0,73,0,3,170,0,173,0,9,237,0,246,200,0,200,446
07/01/2000,OSU,OH,AGL,CE,Federal Contract Tower,0,5,44,0,49,0,0,217,0,217,0,5,261,0,266,140,0,140,406
07/02/2000,OSU,OH,AGL,CE,Federal Contract Tower,0,6,31,0,37,0,2,101,0,103,0,8,132,0,140,48,0,48,188
07/03/2000,OSU,OH,AGL,CE,Federal Contract Tower,0,1,18,0,19,0,0,44,0,44,0,1,62,0,63,8,0,8,71
07/04/2000,OSU,OH,AGL,CE,Federal Contract Tower,0,4,22,0,26,0,2,87,4,93,0,6,109,4,119,4,0,4,123
07/05/2000,OSU,OH,AGL,CE,Federal Contract Tower,0,8,48,0,56,0,0,141,2,143,0,8,189,2,199,104,0,104,303
07/06/2000,OSU,OH,AGL,CE,Federal Contract Tower,0,14,86,0,100,0,3,157,0,160,0,17,243,0,260,180,0,180,440
07/07/2000,OSU,OH,AGL,CE,Federal Contract Tower,0,2,39,0,41,0,0,139,4,143,0,2,178,4,184,40,0,40,224
07/08/2000,OSU,OH,AGL,CE,Federal Contract Tower,0,1,23,0,24,0,0,207,0,207,0,1,230,0,231,80,0,80,311
07/09/2000,OSU,OH,AGL,CE,Federal Contract Tower,0,2,33,0,35,0,0,102,0,102,0,2,135,0,137,124,0,124,261
07/10/2000,OSU,OH,AGL,CE,Federal Contract Tower,0,3,39,0,42,0,0,66,0,66,0,3,105,0,108,102,0,102,210
07/11/2000,OSU,OH,AGL,CE,Federal Contract Tower,0,10,94,0,104,0,0,125,2,127,0,10,219,2,231,156,0,156,387
07/12/2000,OSU,OH,AGL,CE,Federal Contract Tower,0,8,64,0,72,0,0,234,0,234,0,8,298,0,306,290,0,290,596
07/13/2000,OSU,OH,AGL,CE,Federal Contract Tower,0,9,72,0,81,0,0,170,2,172,0,9,242,2,253,144,0,144,397
07/14/2000,OSU,OH,AGL,CE,Federal Contract Tower,0,7,48,1,56,0,0,107,1,108,0,7,155,2,164,110,0,110,274
07/15/2000,OSU,OH,AGL,CE,Federal Contract Tower,0,1,48,0,49,0,0,135,0,135,0,1,183,0,184,70,0,70,254
07/16/2000,OSU,OH,AGL,CE,Federal Contract Tower,0,2,47,0,49,0,0,135,0,135,0,2,182,0,184,84,0,84,268
07/17/2000,OSU,OH,AGL,CE,Federal Contract Tower,0,5,51,0,56,0,0,146,0,146,0,5,197,0,202,102,0,102,304
07/18/2000,OSU,OH,AGL,CE,Federal Contract Tower,0,5,73,0,78,0,0,139,0,139,0,5,212,0,217,140,0,140,357
07/19/2000,OSU,OH,AGL,CE,Federal Contract Tower,0,10,67,0,77,0,4,42,0,46,0,14,109,0,123,24,0,24,147
07/20/2000,OSU,OH,AGL,CE,Federal Contract Tower,0,13,87,0,100,0,15,169,0,184,0,28,256,0,284,274,0,274,558
07/21/2000,OSU,OH,AGL,CE,Federal Contract Tower,0,10,68,0,78,0,5,92,6,103,0,15,160,6,181,116,0,116,297
07/22/2000,OSU,OH,AGL,CE,Federal Contract Tower,0,5,41,0,46,0,0,141,0,141,0,5,182,0,187,98,0,98,285
07/23/2000,OSU,OH,AGL,CE,Federal Contract Tower,0,5,32,0,37,0,2,89,0,91,0,7,121,0,128,92,0,92,220
07/24/2000,OSU,OH,AGL,CE,Federal Contract Tower,0,8,56,0,64,0,8,178,0,186,0,16,234,0,250,260,0,260,510
07/25/2000,OSU,OH,AGL,CE,Federal Contract Tower,0,12,82,0,94,0,3,179,0,182,0,15,261,0,276,326,0,326,602
07/26/2000,OSU,OH,AGL,CE,Federal Contract Tower,0,6,42,0,48,0,8,183,0,191,0,14,225,0,239,178,0,178,417
07/27/2000,OSU,OH,AGL,CE,Federal Contract Tower,0,1,51,0,52,0,0,131,0,131,0,1,182,0,183,140,0,140,323
07/28/2000,OSU,OH,AGL,CE,Federal Contract Tower,0,9,61,0,70,0,0,9,0,9,0,9,70,0,79,34,0,34,113
07/29/2000,OSU,OH,AGL,CE,Federal Contract Tower,0,4,32,0,36,0,9,28,0,37,0,13,60,0,73,70,0,70,143
07/30/2000,OSU,OH,AGL,CE,Federal Contract Tower,0,5,38,0,43,0,4,18,0,22,0,9,56,0,65,40,0,40,105
07/31/2000,OSU,OH,AGL,CE,Federal Contract Tower,0,4,49,0,53,0,0,46,0,46,0,4,95,0,99,50,0,50,149
08/01/2000,OSU,OH,AGL,CE,Federal Contract Tower,0,5,72,0,77,0,0,91,0,91,0,5,163,0,168,130,0,130,298
08/02/2000,OSU,OH,AGL,CE,Federal Contract Tower,0,6,65,0,71,0,0,126,0,126,0,6,191,0,197,208,0,208,405
08/03/2000,OSU,OH,AGL,CE,Federal Contract Tower,0,8,56,0,64,0,3,123,0,126,0,11,179,0,190,150,0,150,340
08/04/2000,OSU,OH,AGL,CE,Federal Contract Tower,0,8,56,0,64,0,2,180,0,182,0,10,236,0,246,132,0,132,378
08/05/2000,OSU,OH,AGL,CE,Federal Contract Tower,0,4,25,0,29,0,1,209,0,210,0,5,234,0,239,108,0,108,347
08/06/2000,OSU,OH,AGL,CE,Federal Contract Tower,0,5,34,0,39,0,6,48,0,54,0,11,82,0,93,32,0,32,125
08/07/2000,OSU,OH,AGL,CE,Federal Contract Tower,0,2,54,0,56,0,0,72,0,72,0,2,126,0,128,142,0,142,270
08/08/2000,OSU,OH,AGL,CE,Federal Contract Tower,0,5,51,0,56,0,0,41,0,41,0,5,92,0,97,100,0,100,197
08/09/2000,OSU,OH,AGL,CE,Federal Contract Tower,0,10,70,0,80,0,2,9,0,11,0,12,79,0,91,0,0,0,91
08/10/2000,OSU,OH,AGL,CE,Federal Contract Tower,0,10,87,0,97,0,0,202,6,208,0,10,289,6,305,298,0,298,603
08/11/2000,OSU,OH,AGL,CE,Federal Contract Tower,0,6,63,0,69,0,0,233,0,233,0,6,296,0,302,222,0,222,524
08/12/2000,OSU,OH,AGL,CE,Federal Contract Tower,0,3,34,0,37,0,0,123,0,123,0,3,157,0,160,86,0,86,246
08/13/2000,OSU,OH,AGL,CE,Federal Contract Tower,0,6,40,0,46,0,5,106,0,111,0,11,146,0,157,92,0,92,249
08/14/2000,OSU,OH,AGL,CE,Federal Contract Tower,0,5,47,0,52,0,0,167,1,168,0,5,214,1,220,236,0,236,456
08/15/2000,OSU,OH,AGL,CE,Federal Contract Tower,0,12,87,1,100,0,0,112,0,112,0,12,199,1,212,290,0,290,502
08/16/2000,OSU,OH,AGL,CE,Federal Contract Tower,0,10,74,0,84,0,5,159,0,164,0,15,233,0,248,204,0,204,452
08/17/2000,OSU,OH,AGL,CE,Federal Contract Tower,0,9,72,0,81,0,2,54,0,56,0,11,126,0,137,120,0,120,257
08/18/2000,OSU,OH,AGL,CE,Federal Contract Tower,0,8,73,0,81,0,0,23,0,23,0,8,96,0,104,0,0,0,104
08/19/2000,OSU,OH,AGL,CE,Federal Contract Tower,0,4,46,0,50,0,0,46,0,46,0,4,92,0,96,24,0,24,120
08/20/2000,OSU,OH,AGL,CE,Federal Contract Tower,0,5,38,0,43,0,0,84,0,84,0,5,122,0,127,56,0,56,183
08/21/2000,OSU,OH,AGL,CE,Federal Contract Tower,0,5,69,0,74,0,0,181,0,181,0,5,250,0,255,300,0,300,555
08/22/2000,OSU,OH,AGL,CE,Federal Contract Tower,0,11,84,0,95,0,0,101,2,103,0,11,185,2,198,238,0,238,436
08/23/2000,OSU,OH,AGL,CE,Federal Contract Tower,0,10,76,0,86,0,5,44,0,49,0,15,120,0,135,144,0,144,279
08/24/2000,OSU,OH,AGL,CE,Federal Contract Tower,0,9,69,0,78,0,10,81,0,91,0,19,150,0,169,80,0,80,249
08/25/2000,OSU,OH,AGL,CE,Federal Contract Tower,0,8,71,0,79,0,0,195,4,199,0,8,266,4,278,186,0,186,464
08/26/2000,OSU,OH,AGL,CE,Federal Contract Tower,0,6,44,0,50,0,1,152,0,153,0,7,196,0,203,146,0,146,349
08/27/2000,OSU,OH,AGL,CE,Federal Contract Tower,0,4,31,0,35,0,1,110,0,111,0,5,141,0,146,114,0,114,260
08/28/2000,OSU,OH,AGL,CE,Federal Contract Tower,0,5,54,0,59,0,0,74,0,74,0,5,128,0,133,150,0,150,283
08/29/2000,OSU,OH,AGL,CE,Federal Contract Tower,0,9,73,0,82,0,2,162,0,164,0,11,235,0,246,212,0,212,458
08/30/2000,OSU,OH,AGL,CE,Federal Contract Tower,0,10,76,0,86,0,1,120,0,121,0,11,196,0,207,272,0,272,479
08/31/2000,OSU,OH,AGL,CE,Federal Contract Tower,0,9,77,0,86,0,0,189,0,189,0,9,266,0,275,296,0,296,571
09/01/2000,OSU,OH,AGL,CE,Federal Contract Tower,0,13,62,0,75,0,0,158,2,160,0,13,220,2,235,186,0,186,421
09/02/2000,OSU,OH,AGL,CE,Federal Contract Tower,0,7,39,0,46,0,0,99,0,99,0,7,138,0,145,102,0,102,247
09/03/2000,OSU,OH,AGL,CE,Federal Contract Tower,0,2,6,0,8,0,6,49,0,55,0,8,55,0,63,28,0,28,91
09/04/2000,OSU,OH,AGL,CE,Federal Contract Tower,0,7,33,0,40,0,0,24,0,24,0,7,57,0,64,28,0,28,92
09/05/2000,OSU,OH,AGL,CE,Federal Contract Tower,0,2,57,0,59,0,0,167,3,170,0,2,224,3,229,130,0,130,359
09/06/2000,OSU,OH,AGL,CE,Federal Contract Tower,0,15,68,1,84,0,1,170,0,171,0,16,238,1,255,180,0,180,435
09/07/2000,OSU,OH,AGL,CE,Federal Contract Tower,0,20,94,0,114,0,6,136,0,142,0,26,230,0,256,160,0,160,416
09/08/2000,OSU,OH,AGL,CE,Federal Contract Tower,0,19,89,0,108,0,2,89,0,91,0,21,178,0,199,106,0,106,305
09/09/2000,OSU,OH,AGL,CE,Federal Contract Tower,0,9,41,1,51,0,0,27,1,28,0,9,68,2,79,56,0,56,135
09/10/2000,OSU,OH,AGL,CE,Federal Contract Tower,0,9,44,0,53,0,2,26,0,28,0,11,70,0,81,44,0,44,125
09/11/2000,OSU,OH,AGL,CE,Federal Contract Tower,0,16,74,0,90,0,1,112,0,113,0,17,186,0,203,122,0,122,325
09/12/2000,OSU,OH,AGL,CE,Federal Contract Tower,0,15,68,0,83,0,0,33,0,33,0,15,101,0,116,4,0,4,120
09/13/2000,OSU,OH,AGL,CE,Federal Contract Tower,0,14,69,1,84,0,0,135,1,136,0,14,204,2,220,194,0,194,414
09/14/2000,OSU,OH,AGL,CE,Federal Contract Tower,0,16,78,0,94,0,7,118,0,125,0,23,196,0,219,136,0,136,355
09/15/2000,OSU,OH,AGL,CE,Federal Contract Tower,0,10,50,0,60,0,2,116,0,118,0,12,166,0,178,82,0,82,260
09/16/2000,OSU,OH,AGL,CE,Federal Contract Tower,0,6,30,0,36,0,0,189,0,189,0,6,219,0,225,70,0,70,295
09/17/2000,OSU,OH,AGL,CE,Federal Contract Tower,0,8,38,0,46,0,1,155,0,156,0,9,193,0,202,144,0,144,346
09/18/2000,OSU,OH,AGL,CE,Federal Contract Tower,0,16,78,0,94,0,5,109,2,116,0,21,187,2,210,272,0,272,482
09/19/2000,OSU,OH,AGL,CE,Federal Contract Tower,0,6,56,0,62,0,0,147,2,149,0,6,203,2,211,268,0,268,479
09/20/2000,OSU,OH,AGL,CE,Federal Contract Tower,0,10,48,0,58,0,9,43,0,52,0,19,91,0,110,70,0,70,180
09/21/2000,OSU,OH,AGL,CE,Federal Contract Tower,0,12,90,0,102,0,0,132,12,144,0,12,222,12,246,154,0,154,400
09/22/2000,OSU,OH,AGL,CE,Federal Contract Tower,0,18,84,0,102,0,1,187,0,188,0,19,271,0,290,236,0,236,526
09/23/2000,OSU,OH,AGL,CE,Federal Contract Tower,0,8,45,0,53,0,0,2,0,2,0,8,47,0,55,12,0,12,67
09/24/2000,OSU,OH,AGL,CE,Federal Contract Tower,0,3,59,0,62,0,0,25,0,25,0,3,84,0,87,34,0,34,121
09/25/2000,OSU,OH,AGL,CE,Federal Contract Tower,0,10,55,0,65,0,0,24,0,24,0,10,79,0,89,84,0,84,173
09/26/2000,OSU,OH,AGL,CE,Federal Contract Tower,0,5,59,0,64,0,0,161,2,163,0,5,220,2,227,200,0,200,427
09/27/2000,OSU,OH,AGL,CE,Federal Contract Tower,0,16,79,0,95,0,5,206,0,211,0,21,285,0,306,236,0,236,542
09/28/2000,OSU,OH,AGL,CE,Federal Contract Tower,0,15,74,0,89,0,5,124,4,133,0,20,198,4,222,168,0,168,390
09/29/2000,OSU,OH,AGL,CE,Federal Contract Tower,0,5,56,0,61,0,0,163,2,165,0,5,219,2,226,286,0,286,512
09/30/2000,OSU,OH,AGL,CE,Federal Contract Tower,0,4,28,0,32,0,0,141,0,141,0,4,169,0,173,306,0,306,479
10/01/2000,OSU,OH,AGL,CE,Federal Contract Tower,0,7,32,0,39,0,0,159,0,159,0,7,191,0,198,56,0,56,254
10/02/2000,OSU,OH,AGL,CE,Federal Contract Tower,0,8,50,0,58,0,0,131,0,131,0,8,181,0,189,92,0,92,281
10/03/2000,OSU,OH,AGL,CE,Federal Contract Tower,0,12,56,0,68,0,0,184,0,184,0,12,240,0,252,182,0,182,434
10/04/2000,OSU,OH,AGL,CE,Federal Contract Tower,0,14,71,0,85,0,1,64,0,65,0,15,135,0,150,132,0,132,282
10/05/2000,OSU,OH,AGL,CE,Federal Contract Tower,0,16,84,0,100,0,2,6,0,8,0,18,90,0,108,2,0,2,110
10/06/2000,OSU,OH,AGL,CE,Federal Contract Tower,0,15,75,0,90,0,3,91,0,94,0,18,166,0,184,110,0,110,294
10/07/2000,OSU,OH,AGL,CE,Federal Contract Tower,0,4,25,1,30,0,2,100,2,104,0,6,125,3,134,260,0,260,394
10/08/2000,OSU,OH,AGL,CE,Federal Contract Tower,0,7,35,0,42,0,1,41,0,42,0,8,76,0,84,244,0,244,328
10/09/2000,OSU,OH,AGL,CE,Federal Contract Tower,0,7,47,0,54,0,0,107,0,107,0,7,154,0,161,220,0,220,381
10/10/2000,OSU,OH,AGL,CE,Federal Contract Tower,0,12,66,0,78,0,0,173,0,173,0,12,239,0,251,244,0,244,495
10/11/2000,OSU,OH,AGL,CE,Federal Contract Tower,0,10,61,1,72,0,0,147,1,148,0,10,208,2,220,150,0,150,370
10/12/2000,OSU,OH,AGL,CE,Federal Contract Tower,0,8,69,1,78,0,0,211,3,214,0,8,280,4,292,328,0,328,620
10/13/2000,OSU,OH,AGL,CE,Federal Contract Tower,0,10,69,1,80,0,0,210,1,211,0,10,279,2,291,180,0,180,471
10/14/2000,OSU,OH,AGL,CE,Federal Contract Tower,0,6,38,0,44,0,0,180,0,180,0,6,218,0,224,130,0,130,354
10/15/2000,OSU,OH,AGL,CE,Federal Contract Tower,0,8,42,0,50,0,1,80,0,81,0,9,122,0,131,16,0,16,147
10/16/2000,OSU,OH,AGL,CE,Federal Contract Tower,0,7,41,0,48,0,8,29,0,37,0,15,70,0,85,34,0,34,119
10/17/2000,OSU,OH,AGL,CE,Federal Contract Tower,0,14,70,0,84,0,3,0,0,3,0,17,70,0,87,0,0,0,87
10/18/2000,OSU,OH,AGL,CE,Federal Contract Tower,0,14,72,0,86,0,3,89,2,94,0,17,161,2,180,54,0,54,234
10/19/2000,OSU,OH,AGL,CE,Federal Contract Tower,0,13,69,0,82,0,2,175,2,179,0,15,244,2,261,150,0,150,411
10/20/2000,OSU,OH,AGL,CE,Federal Contract Tower,0,9,71,0,80,0,0,167,4,171,0,9,238,4,251,116,0,116,367
10/21/2000,OSU,OH,AGL,CE,Federal Contract Tower,0,4,25,0,29,0,0,116,0,116,0,4,141,0,145,140,0,140,285
10/22/2000,OSU,OH,AGL,CE,Federal Contract Tower,0,6,31,0,37,0,3,167,0,170,0,9,198,0,207,90,0,90,297
10/23/2000,OSU,OH,AGL,CE,Federal Contract Tower,0,7,62,0,69,0,0,118,1,119,0,7,180,1,188,220,0,220,408
10/24/2000,OSU,OH,AGL,CE,Federal Contract Tower,0,12,71,0,83,0,0,12,1,13,0,12,83,1,96,8,0,8,104
10/25/2000,OSU,OH,AGL,CE,Federal Contract Tower,0,11,58,0,69,0,0,61,0,61,0,11,119,0,130,96,0,96,226
10/26/2000,OSU,OH,AGL,CE,Federal Contract Tower,0,14,75,0,89,0,9,51,0,60,0,23,126,0,149,212,0,212,361
10/27/2000,OSU,OH,AGL,CE,Federal Contract Tower,0,12,63,0,75,0,7,105,4,116,0,19,168,4,191,218,0,218,409
10/28/2000,OSU,OH,AGL,CE,Federal Contract Tower,0,4,41,0,45,0,0,80,0,80,0,4,121,0,125,22,0,22,147
10/29/2000,OSU,OH,AGL,CE,Federal Contract Tower,0,9,47,0,56,0,6,122,0,128,0,15,169,0,184,80,0,80,264
10/30/2000,OSU,OH,AGL,CE,Federal Contract Tower,0,7,48,0,55,0,0,139,1,140,0,7,187,1,195,144,0,144,339
10/31/2000,OSU,OH,AGL,CE,Federal Contract Tower,0,10,52,0,62,0,6,126,7,139,0,16,178,7,201,76,0,76,277
11/01/2000,OSU,OH,AGL,CE,Federal Contract Tower,0,10,71,0,81,0,0,159,2,161,0,10,230,2,242,120,0,120,362
11/02/2000,OSU,OH,AGL,CE,Federal Contract Tower,0,11,82,0,93,0,0,152,0,152,0,11,234,0,245,218,0,218,463
11/03/2000,OSU,OH,AGL,CE,Federal Contract Tower,0,8,66,0,74,0,0,69,0,69,0,8,135,0,143,136,0,136,279
11/04/2000,OSU,OH,AGL,CE,Federal Contract Tower,0,8,39,0,47,0,0,211,0,211,0,8,250,0,258,98,0,98,356
11/05/2000,OSU,OH,AGL,CE,Federal Contract Tower,0,7,38,0,45,0,0,199,2,201,0,7,237,2,246,112,0,112,358
11/06/2000,OSU,OH,AGL,CE,Federal Contract Tower,0,9,43,0,52,0,4,111,0,115,0,13,154,0,167,214,0,214,381
11/07/2000,OSU,OH,AGL,CE,Federal Contract Tower,0,14,67,0,81,0,3,70,0,73,0,17,137,0,154,102,0,102,256
11/08/2000,OSU,OH,AGL,CE,Federal Contract Tower,0,9,48,0,57,0,3,18,0,21,0,12,66,0,78,0,0,0,78
11/09/2000,OSU,OH,AGL,CE,Federal Contract Tower,0,7,53,0,60,0,0,10,0,10,0,7,63,0,70,0,0,0,70
11/10/2000,OSU,OH,AGL,CE,Federal Contract Tower,0,9,46,0,55,0,2,14,0,16,0,11,60,0,71,8,0,8,79
11/11/2000,OSU,OH,AGL,CE,Federal Contract Tower,0,4,22,0,26,0,0,78,0,78,0,4,100,0,104,100,0,100,204
11/12/2000,OSU,OH,AGL,CE,Federal Contract Tower,0,5,29,0,34,0,0,131,0,131,0,5,160,0,165,158,0,158,323
11/13/2000,OSU,OH,AGL,CE,Federal Contract Tower,0,12,68,1,81,0,0,65,1,66,0,12,133,2,147,100,0,100,247
11/14/2000,OSU,OH,AGL,CE,Federal Contract Tower,0,8,43,0,51,0,5,41,0,46,0,13,84,0,97,104,0,104,201
11/15/2000,OSU,OH,AGL,CE,Federal Contract Tower,0,16,83,0,99,0,0,161,0,161,0,16,244,0,260,192,0,192,452
11/16/2000,OSU,OH,AGL,CE,Federal Contract Tower,0,12,78,0,90,0,0,90,0,90,0,12,168,0,180,100,0,100,280
11/17/2000,OSU,OH,AGL,CE,Federal Contract Tower,0,10,55,0,65,0,0,62,10,72,0,10,117,10,137,42,0,42,179
11/18/2000,OSU,OH,AGL,CE,Federal Contract Tower,0,7,41,0,48,0,3,65,0,68,0,10,106,0,116,60,0,60,176
11/19/2000,OSU,OH,AGL,CE,Federal Contract Tower,0,7,42,0,49,0,0,115,2,117,0,7,157,2,166,32,0,32,198
11/20/2000,OSU,OH,AGL,CE,Federal Contract Tower,0,2,42,0,44,0,0,22,8,30,0,2,64,8,74,14,0,14,88
11/21/2000,OSU,OH,AGL,CE,Federal Contract Tower,0,6,39,0,45,0,0,20,2,22,0,6,59,2,67,46,0,46,113
11/22/2000,OSU,OH,AGL,CE,Federal Contract Tower,0,7,58,0,65,0,0,163,0,163,0,7,221,0,228,66,0,66,294
11/23/2000,OSU,OH,AGL,CE,Federal Contract Tower,0,3,20,0,23,0,2,50,0,52,0,5,70,0,75,16,0,16,91
11/24/2000,OSU,OH,AGL,CE,Federal Contract Tower,0,5,31,0,36,0,4,105,0,109,0,9,136,0,145,58,0,58,203
11/25/2000,OSU,OH,AGL,CE,Federal Contract Tower,0,5,27,0,32,0,0,6,0,6,0,5,33,0,38,2,0,2,40
11/26/2000,OSU,OH,AGL,CE,Federal Contract Tower,0,2,30,0,32,0,0,11,0,11,0,2,41,0,43,4,0,4,47
11/27/2000,OSU,OH,AGL,CE,Federal Contract Tower,0,7,36,0,43,0,0,4,0,4,0,7,40,0,47,0,0,0,47
11/28/2000,OSU,OH,AGL,CE,Federal Contract Tower,0,7,47,0,54,0,0,85,2,87,0,7,132,2,141,138,0,138,279
11/29/2000,OSU,OH,AGL,CE,Federal Contract Tower,0,11,62,0,73,0,15,16,2,33,0,26,78,2,106,42,0,42,148
11/30/2000,OSU,OH,AGL,CE,Federal Contract Tower,0,11,62,0,73,0,9,29,0,38,0,20,91,0,111,60,0,60,171
12/01/2000,OSU,OH,AGL,CE,Federal Contract Tower,0,8,37,0,45,0,1,7,0,8,0,9,44,0,53,18,0,18,71
12/02/2000,OSU,OH,AGL,CE,Federal Contract Tower,0,1,16,0,17,0,0,56,0,56,0,1,72,0,73,110,0,110,183
12/03/2000,OSU,OH,AGL,CE,Federal Contract Tower,0,2,23,0,25,0,0,151,0,151,0,2,174,0,176,202,0,202,378
12/04/2000,OSU,OH,AGL,CE,Federal Contract Tower,0,11,51,0,62,0,0,138,0,138,0,11,189,0,200,148,0,148,348
12/05/2000,OSU,OH,AGL,CE,Federal Contract Tower,0,10,47,0,57,0,14,25,0,39,0,24,72,0,96,62,0,62,158
12/06/2000,OSU,OH,AGL,CE,Federal Contract Tower,0,11,51,0,62,0,0,142,0,142,0,11,193,0,204,174,0,174,378
12/07/2000,OSU,OH,AGL,CE,Federal Contract Tower,0,10,46,0,56,0,4,41,2,47,0,14,87,2,103,32,0,32,135
12/08/2000,OSU,OH,AGL,CE,Federal Contract Tower,0,8,34,0,42,0,0,65,0,65,0,8,99,0,107,104,0,104,211
12/09/2000,OSU,OH,AGL,CE,Federal Contract Tower,0,8,34,0,42,0,0,132,0,132,0,8,166,0,174,78,0,78,252
12/10/2000,OSU,OH,AGL,CE,Federal Contract Tower,0,5,20,0,25,0,3,76,0,79,0,8,96,0,104,24,0,24,128
12/11/2000,OSU,OH,AGL,CE,Federal Contract Tower,0,5,18,0,23,0,1,5,0,6,0,6,23,0,29,0,0,0,29
12/12/2000,OSU,OH,AGL,CE,Federal Contract Tower,0,9,41,0,50,0,16,29,0,45,0,25,70,0,95,44,0,44,139
12/13/2000,OSU,OH,AGL,CE,Federal Contract Tower,0,2,33,0,35,0,0,65,2,67,0,2,98,2,102,54,0,54,156
12/14/2000,OSU,OH,AGL,CE,Federal Contract Tower,0,6,50,0,56,0,0,37,0,37,0,6,87,0,93,18,0,18,111
12/15/2000,OSU,OH,AGL,CE,Federal Contract Tower,0,7,37,1,45,0,0,42,1,43,0,7,79,2,88,108,0,108,196
12/16/2000,OSU,OH,AGL,CE,Federal Contract Tower,0,1,8,0,9,0,0,2,0,2,0,1,10,0,11,0,0,0,11
12/17/2000,OSU,OH,AGL,CE,Federal Contract Tower,0,0,12,0,12,0,0,7,0,7,0,0,19,0,19,0,0,0,19
12/18/2000,OSU,OH,AGL,CE,Federal Contract Tower,0,6,54,0,60,0,0,100,0,100,0,6,154,0,160,124,0,124,284
12/19/2000,OSU,OH,AGL,CE,Federal Contract Tower,0,10,48,0,58,0,1,50,0,51,0,11,98,0,109,26,0,26,135
12/20/2000,OSU,OH,AGL,CE,Federal Contract Tower,0,8,62,0,70,0,0,99,7,106,0,8,161,7,176,114,0,114,290
12/21/2000,OSU,OH,AGL,CE,Federal Contract Tower,0,5,36,0,41,0,0,19,0,19,0,5,55,0,60,26,0,26,86
12/22/2000,OSU,OH,AGL,CE,Federal Contract Tower,0,6,29,0,35,0,0,42,0,42,0,6,71,0,77,22,0,22,99
12/23/2000,OSU,OH,AGL,CE,Federal Contract Tower,0,3,19,0,22,0,0,25,0,25,0,3,44,0,47,22,0,22,69
12/24/2000,OSU,OH,AGL,CE,Federal Contract Tower,0,1,12,0,13,0,0,18,0,18,0,1,30,0,31,14,0,14,45
12/25/2000,OSU,OH,AGL,CE,Federal Contract Tower,0,1,10,0,11,0,2,45,0,47,0,3,55,0,58,0,0,0,58
12/26/2000,OSU,OH,AGL,CE,Federal Contract Tower,0,8,38,0,46,0,2,29,0,31,0,10,67,0,77,2,0,2,79
12/27/2000,OSU,OH,AGL,CE,Federal Contract Tower,0,4,24,0,28,0,5,153,0,158,0,9,177,0,186,94,0,94,280
12/28/2000,OSU,OH,AGL,CE,Federal Contract Tower,0,7,34,0,41,0,2,6,0,8,0,9,40,0,49,0,0,0,49
12/29/2000,OSU,OH,AGL,CE,Federal Contract Tower,0,4,24,0,28,0,1,21,0,22,0,5,45,0,50,0,0,0,50
12/30/2000,OSU,OH,AGL,CE,Federal Contract Tower,0,1,7,0,8,0,3,0,0,3,0,4,7,0,11,0,0,0,11
12/31/2000,OSU,OH,AGL,CE,Federal Contract Tower,0,0,5,0,5,0,0,39,0,39,0,0,44,0,44,24,0,24,68
01/01/2001,OSU,OH,AGL,CE,Federal Contract Tower,0,2,9,0,11,0,1,2,0,3,0,3,11,0,14,0,0,0,14
01/02/2001,OSU,OH,AGL,CE,Federal Contract Tower,0,7,34,0,41,0,2,89,0,91,0,9,123,0,132,58,0,58,190
01/03/2001,OSU,OH,AGL,CE,Federal Contract Tower,0,6,28,0,34,0,1,48,0,49,0,7,76,0,83,50,0,50,133
01/04/2001,OSU,OH,AGL,CE,Federal Contract Tower,0,6,34,0,40,0,0,33,0,33,0,6,67,0,73,12,0,12,85
01/05/2001,OSU,OH,AGL,CE,Federal Contract Tower,0,6,44,0,50,0,0,33,2,35,0,6,77,2,85,72,6,78,163
01/06/2001,OSU,OH,AGL,CE,Federal Contract Tower,0,4,19,0,23,0,3,130,3,136,0,7,149,3,159,76,0,76,235
01/07/2001,OSU,OH,AGL,CE,Federal Contract Tower,0,2,14,0,16,0,0,182,0,182,0,2,196,0,198,168,0,168,366
01/08/2001,OSU,OH,AGL,CE,Federal Contract Tower,0,1,31,0,32,0,0,59,0,59,0,1,90,0,91,126,0,126,217
01/09/2001,OSU,OH,AGL,CE,Federal Contract Tower,0,5,44,0,49,0,0,171,0,171,0,5,215,0,220,184,0,184,404
01/10/2001,OSU,OH,AGL,CE,Federal Contract Tower,0,12,67,1,80,0,0,188,1,189,0,12,255,2,269,180,0,180,449
01/11/2001,OSU,OH,AGL,CE,Federal Contract Tower,0,11,84,1,96,0,0,98,3,101,0,11,182,4,197,160,0,160,357
01/12/2001,OSU,OH,AGL,CE,Federal Contract Tower,0,10,60,0,70,0,0,119,0,119,0,10,179,0,189,144,0,144,333
01/13/2001,OSU,OH,AGL,CE,Federal Contract Tower,0,0,8,0,8,0,0,162,0,162,0,0,170,0,170,140,0,140,310
01/14/2001,OSU,OH,AGL,CE,Federal Contract Tower,0,2,14,0,16,0,0,20,0,20,0,2,34,0,36,48,0,48,84
01/15/2001,OSU,OH,AGL,CE,Federal Contract Tower,0,0,11,0,11,0,0,68,0,68,0,0,79,0,79,12,0,12,91
01/16/2001,OSU,OH,AGL,CE,Federal Contract Tower,0,9,50,0,59,0,1,23,1,25,0,10,73,1,84,38,0,38,122
01/17/2001,OSU,OH,AGL,CE,Federal Contract Tower,0,5,28,0,33,0,0,13,0,13,0,5,41,0,46,18,0,18,64
01/18/2001,OSU,OH,AGL,CE,Federal Contract Tower,0,7,53,0,60,0,0,118,2,120,0,7,171,2,180,112,0,112,292
01/19/2001,OSU,OH,AGL,CE,Federal Contract Tower,0,4,23,0,27,0,3,0,0,3,0,7,23,0,30,36,0,36,66
01/20/2001,OSU,OH,AGL,CE,Federal Contract Tower,0,2,13,0,15,0,1,21,0,22,0,3,34,0,37,0,0,0,37
01/21/2001,OSU,OH,AGL,CE,Federal Contract Tower,0,4,23,0,27,0,2,104,0,106,0,6,127,0,133,88,0,88,221
01/22/2001,OSU,OH,AGL,CE,Federal Contract Tower,0,4,37,0,41,0,0,144,0,144,0,4,181,0,185,80,0,80,265
01/23/2001,OSU,OH,AGL,CE,Federal Contract Tower,0,7,57,0,64,0,0,145,0,145,0,7,202,0,209,56,0,56,265
01/24/2001,OSU,OH,AGL,CE,Federal Contract Tower,0,12,60,0,72,0,1,59,0,60,0,13,119,0,132,80,0,80,212
01/25/2001,OSU,OH,AGL,CE,Federal Contract Tower,0,7,84,0,91,0,0,130,0,130,0,7,214,0,221,120,0,120,341
01/26/2001,OSU,OH,AGL,CE,Federal Contract Tower,0,8,40,0,48,0,0,63,0,63,0,8,103,0,111,74,0,74,185
01/27/2001,OSU,OH,AGL,CE,Federal Contract Tower,0,4,21,0,25,0,2,35,4,41,0,6,56,4,66,90,0,90,156
01/28/2001,OSU,OH,AGL,CE,Federal Contract Tower,0,0,26,0,26,0,0,103,2,105,0,0,129,2,131,120,0,120,251
01/29/2001,OSU,OH,AGL,CE,Federal Contract Tower,0,7,38,0,45,0,12,50,0,62,0,19,88,0,107,112,0,112,219
01/30/2001,OSU,OH,AGL,CE,Federal Contract Tower,0,9,50,0,59,0,1,50,0,51,0,10,100,0,110,34,0,34,144
01/31/2001,OSU,OH,AGL,CE,Federal Contract Tower,0,6,34,0,40,0,2,33,0,35,0,8,67,0,75,124,0,124,199
02/01/2001,OSU,OH,AGL,CE,Federal Contract Tower,0,4,43,0,47,0,0,67,0,67,0,4,110,0,114,90,0,90,204
02/02/2001,OSU,OH,AGL,CE,Federal Contract Tower,0,6,55,0,61,0,0,11,0,11,0,6,66,0,72,40,0,40,112
02/03/2001,OSU,OH,AGL,CE,Federal Contract Tower,0,3,25,0,28,0,0,130,0,130,0,3,155,0,158,200,0,200,358
02/04/2001,OSU,OH,AGL,CE,Federal Contract Tower,0,4,23,0,27,0,0,42,0,42,0,4,65,0,69,94,0,94,163
02/05/2001,OSU,OH,AGL,CE,Federal Contract Tower,0,2,28,0,30,0,0,13,2,15,0,2,41,2,45,12,0,12,57
02/06/2001,OSU,OH,AGL,CE,Federal Contract Tower,0,7,53,0,60,0,0,11,0,11,0,7,64,0,71,18,0,18,89
02/07/2001,OSU,OH,AGL,CE,Federal Contract Tower,0,9,55,0,64,0,1,213,0,214,0,10,268,0,278,222,0,222,500
02/08/2001,OSU,OH,AGL,CE,Federal Contract Tower,0,8,60,0,68,0,0,116,0,116,0,8,176,0,184,152,0,152,336
02/09/2001,OSU,OH,AGL,CE,Federal Contract Tower,0,5,33,0,38,0,15,18,0,33,0,20,51,0,71,24,0,24,95
02/10/2001,OSU,OH,AGL,CE,Federal Contract Tower,0,3,19,0,22,0,2,105,0,107,0,5,124,0,129,160,0,160,289
02/11/2001,OSU,OH,AGL,CE,Federal Contract Tower,0,3,30,0,33,0,0,149,0,149,0,3,179,0,182,90,0,90,272
02/12/2001,OSU,OH,AGL,CE,Federal Contract Tower,0,4,35,0,39,0,0,121,0,121,0,4,156,0,160,120,0,120,280
02/13/2001,OSU,OH,AGL,CE,Federal Contract Tower,0,5,69,0,74,0,0,71,0,71,0,5,140,0,145,66,0,66,211
02/14/2001,OSU,OH,AGL,CE,Federal Contract Tower,0,7,35,0,42,0,14,0,0,14,0,21,35,0,56,0,0,0,56
02/15/2001,OSU,OH,AGL,CE,Federal Contract Tower,0,8,58,0,66,0,10,33,0,43,0,18,91,0,109,12,0,12,121
02/16/2001,OSU,OH,AGL,CE,Federal Contract Tower,0,5,36,0,41,0,0,25,0,25,0,5,61,0,66,48,0,48,114
02/17/2001,OSU,OH,AGL,CE,Federal Contract Tower,0,2,24,0,26,0,0,48,0,48,0,2,72,0,74,60,0,60,134
02/18/2001,OSU,OH,AGL,CE,Federal Contract Tower,0,3,30,0,33,0,0,123,0,123,0,3,153,0,156,90,0,90,246
02/19/2001,OSU,OH,AGL,CE,Federal Contract Tower,0,2,39,0,41,0,0,116,0,116,0,2,155,0,157,192,0,192,349
02/20/2001,OSU,OH,AGL,CE,Federal Contract Tower,0,1,61,0,62,0,0,125,2,127,0,1,186,2,189,184,0,184,373
02/21/2001,OSU,OH,AGL,CE,Federal Contract Tower,0,8,58,0,66,0,0,135,2,137,0,8,193,2,203,120,0,120,323
02/22/2001,OSU,OH,AGL,CE,Federal Contract Tower,0,5,41,0,46,0,0,16,0,16,0,5,57,0,62,20,0,20,82
02/23/2001,OSU,OH,AGL,CE,Federal Contract Tower,0,8,56,0,64,0,2,107,4,113,0,10,163,4,177,212,0,212,389
02/24/2001,OSU,OH,AGL,CE,Federal Contract Tower,0,2,22,0,24,0,0,99,0,99,0,2,121,0,123,160,0,160,283
02/25/2001,OSU,OH,AGL,CE,Federal Contract Tower,0,3,21,0,24,0,1,6,0,7,0,4,27,0,31,0,0,0,31
02/26/2001,OSU,OH,AGL,CE,Federal Contract Tower,0,7,56,0,63,0,2,158,0,160,0,9,214,0,223,204,0,204,427
02/27/2001,OSU,OH,AGL,CE,Federal Contract Tower,0,7,54,0,61,0,1,148,2,151,0,8,202,2,212,148,0,148,360
02/28/2001,OSU,OH,AGL,CE,Federal Contract Tower,0,7,57,0,64,0,0,177,0,177,0,7,234,0,241,264,0,264,505
03/01/2001,OSU,OH,AGL,CE,Federal Contract Tower,0,6,54,0,60,0,5,215,0,220,0,11,269,0,280,234,0,234,514
03/02/2001,OSU,OH,AGL,CE,Federal Contract Tower,0,6,67,0,73,0,0,106,0,106,0,6,173,0,179,136,0,136,315
03/03/2001,OSU,OH,AGL,CE,Federal Contract Tower,0,1,51,0,52,0,0,183,2,185,0,1,234,2,237,252,0,252,489
03/04/2001,OSU,OH,AGL,CE,Federal Contract Tower,0,0,31,0,31,0,0,25,0,25,0,0,56,0,56,54,0,54,110
03/05/2001,OSU,OH,AGL,CE,Federal Contract Tower,0,3,27,0,30,0,4,25,0,29,0,7,52,0,59,38,0,38,97
03/06/2001,OSU,OH,AGL,CE,Federal Contract Tower,0,4,46,0,50,0,0,15,0,15,0,4,61,0,65,136,0,136,201
03/07/2001,OSU,OH,AGL,CE,Federal Contract Tower,0,3,38,0,41,0,0,122,0,122,0,3,160,0,163,110,0,110,273
03/08/2001,OSU,OH,AGL,CE,Federal Contract Tower,0,8,72,0,80,0,7,81,2,90,0,15,153,2,170,136,0,136,306
03/09/2001,OSU,OH,AGL,CE,Federal Contract Tower,0,6,49,0,55,0,1,103,0,104,0,7,152,0,159,122,0,122,281
03/10/2001,OSU,OH,AGL,CE,Federal Contract Tower,0,3,37,0,40,0,7,273,0,280,0,10,310,0,320,280,0,280,600
03/11/2001,OSU,OH,AGL,CE,Federal Contract Tower,0,3,32,0,35,0,0,115,0,115,0,3,147,0,150,80,0,80,230
03/12/2001,OSU,OH,AGL,CE,Federal Contract Tower,0,4,43,0,47,0,0,119,0,119,0,4,162,0,166,144,0,144,310
03/13/2001,OSU,OH,AGL,CE,Federal Contract Tower,0,3,44,0,47,0,0,21,0,21,0,3,65,0,68,38,0,38,106
03/14/2001,OSU,OH,AGL,CE,Federal Contract Tower,0,4,65,0,69,0,0,171,0,171,0,4,236,0,240,252,0,252,492
03/15/2001,OSU,OH,AGL,CE,Federal Contract Tower,0,5,58,0,63,0,3,93,0,96,0,8,151,0,159,44,0,44,203
03/16/2001,OSU,OH,AGL,CE,Federal Contract Tower,0,5,49,0,54,0,2,0,0,2,0,7,49,0,56,0,0,0,56
03/17/2001,OSU,OH,AGL,CE,Federal Contract Tower,0,1,20,0,21,0,2,11,0,13,0,3,31,0,34,0,0,0,34
03/18/2001,OSU,OH,AGL,CE,Federal Contract Tower,0,2,21,0,23,0,0,141,0,141,0,2,162,0,164,114,0,114,278
03/19/2001,OSU,OH,AGL,CE,Federal Contract Tower,0,3,51,0,54,0,0,177,0,177,0,3,228,0,231,104,0,104,335
03/20/2001,OSU,OH,AGL,CE,Federal Contract Tower,0,3,69,0,72,0,0,197,4,201,0,3,266,4,273,312,0,312,585
03/21/2001,OSU,OH,AGL,CE,Federal Contract Tower,0,3,46,0,49,0,0,89,2,91,0,3,135,2,140,74,0,74,214
03/22/2001,OSU,OH,AGL,CE,Federal Contract Tower,0,8,86,0,94,0,9,168,0,177,0,17,254,0,271,110,0,110,381
03/23/2001,OSU,OH,AGL,CE,Federal Contract Tower,0,4,61,0,65,0,0,151,0,151,0,4,212,0,216,52,0,52,268
03/24/2001,OSU,OH,AGL,CE,Federal Contract Tower,0,2,26,0,28,0,4,43,0,47,0,6,69,0,75,0,0,0,75
03/25/2001,OSU,OH,AGL,CE,Federal Contract Tower,0,3,39,0,42,0,3,38,0,41,0,6,77,0,83,38,0,38,121
03/26/2001,OSU,OH,AGL,CE,Federal Contract Tower,0,3,39,0,42,0,4,42,0,46,0,7,81,0,88,80,0,80,168
03/27/2001,OSU,OH,AGL,CE,Federal Contract Tower,0,4,46,0,50,0,5,113,6,124,0,9,159,6,174,130,0,130,304
03/28/2001,OSU,OH,AGL,CE,Federal Contract Tower,0,2,41,0,43,0,0,246,0,246,0,2,287,0,289,304,0,304,593
03/29/2001,OSU,OH,AGL,CE,Federal Contract Tower,0,6,171,0,177,0,0,7,4,11,0,6,178,4,188,296,0,296,484
03/30/2001,OSU,OH,AGL,CE,Federal Contract Tower,0,8,160,0,168,0,0,7,0,7,0,8,167,0,175,280,0,280,455
03/31/2001,OSU,OH,AGL,CE,Federal Contract Tower,0,3,184,0,187,0,0,15,0,15,0,3,199,0,202,170,0,170,372
04/01/2001,OSU,OH,AGL,CE,Federal Contract Tower,0,3,17,0,20,0,0,25,0,25,0,3,42,0,45,12,0,12,57
04/02/2001,OSU,OH,AGL,CE,Federal Contract Tower,0,9,56,0,65,0,3,175,0,178,0,12,231,0,243,290,0,290,533
04/03/2001,OSU,OH,AGL,CE,Federal Contract Tower,0,8,63,0,71,0,0,199,0,199,0,8,262,0,270,162,0,162,432
04/04/2001,OSU,OH,AGL,CE,Federal Contract Tower,0,6,49,0,55,0,0,194,0,194,0,6,243,0,249,276,0,276,525
04/05/2001,OSU,OH,AGL,CE,Federal Contract Tower,0,9,64,0,73,0,0,164,0,164,0,9,228,0,237,312,0,312,549
04/06/2001,OSU,OH,AGL,CE,Federal Contract Tower,0,7,57,0,64,0,0,19,0,19,0,7,76,0,83,78,0,78,161
04/07/2001,OSU,OH,AGL,CE,Federal Contract Tower,0,5,42,0,47,0,7,81,0,88,0,12,123,0,135,250,0,250,385
04/08/2001,OSU,OH,AGL,CE,Federal Contract Tower,0,4,30,0,34,0,2,98,0,100,0,6,128,0,134,36,0,36,170
04/09/2001,OSU,OH,AGL,CE,Federal Contract Tower,0,3,33,0,36,0,0,96,0,96,0,3,129,0,132,24,0,24,156
04/10/2001,OSU,OH,AGL,CE,Federal Contract Tower,0,7,52,0,59,0,4,47,0,51,0,11,99,0,110,78,0,78,188
04/11/2001,OSU,OH,AGL,CE,Federal Contract Tower,0,3,51,0,54,0,0,82,0,82,0,3,133,0,136,146,0,146,282
04/12/2001,OSU,OH,AGL,CE,Federal Contract Tower,0,2,41,0,43,0,0,50,0,50,0,2,91,0,93,88,0,88,181
04/13/2001,OSU,OH,AGL,CE,Federal Contract Tower,0,3,43,0,46,0,1,208,0,209,0,4,251,0,255,178,0,178,433
04/14/2001,OSU,OH,AGL,CE,Federal Contract Tower,0,3,35,0,38,0,0,174,0,174,0,3,209,0,212,228,0,228,440
04/15/2001,OSU,OH,AGL,CE,Federal Contract Tower,0,10,32,0,42,0,2,58,0,60,0,12,90,0,102,106,0,106,208
04/16/2001,OSU,OH,AGL,CE,Federal Contract Tower,0,1,43,0,44,0,0,67,0,67,0,1,110,0,111,150,0,150,261
04/17/2001,OSU,OH,AGL,CE,Federal Contract Tower,0,6,48,0,54,0,10,28,0,38,0,16,76,0,92,70,0,70,162
04/18/2001,OSU,OH,AGL,CE,Federal Contract Tower,0,9,70,0,79,0,2,152,0,154,0,11,222,0,233,150,0,150,383
04/19/2001,OSU,OH,AGL,CE,Federal Contract Tower,0,10,86,0,96,0,0,192,4,196,0,10,278,4,292,260,0,260,552
04/20/2001,OSU,OH,AGL,CE,Federal Contract Tower,0,3,73,0,76,0,0,24,4,28,0,3,97,4,104,0,0,0,104
04/21/2001,OSU,OH,AGL,CE,Federal Contract Tower,0,2,30,0,32,0,0,41,0,41,0,2,71,0,73,96,0,96,169
04/22/2001,OSU,OH,AGL,CE,Federal Contract Tower,0,4,35,0,39,0,0,117,0,117,0,4,152,0,156,116,0,116,272
04/23/2001,OSU,OH,AGL,CE,Federal Contract Tower,0,8,61,0,69,0,9,96,2,107,0,17,157,2,176,126,0,126,302
04/24/2001,OSU,OH,AGL,CE,Federal Contract Tower,0,8,63,0,71,0,9,131,0,140,0,17,194,0,211,244,0,244,455
04/25/2001,OSU,OH,AGL,CE,Federal Contract Tower,0,9,70,0,79,0,8,194,2,204,0,17,264,2,283,246,0,246,529
04/26/2001,OSU,OH,AGL,CE,Federal Contract Tower,0,7,61,0,68,0,0,168,4,172,0,7,229,4,240,204,0,204,444
04/27/2001,OSU,OH,AGL,CE,Federal Contract Tower,0,8,62,0,70,0,2,143,0,145,0,10,205,0,215,250,0,250,465
04/28/2001,OSU,OH,AGL,CE,Federal Contract Tower,0,6,44,0,50,0,1,173,2,176,0,7,217,2,226,248,0,248,474
04/29/2001,OSU,OH,AGL,CE,Federal Contract Tower,0,5,36,0,41,0,0,139,0,139,0,5,175,0,180,58,0,58,238
04/30/2001,OSU,OH,AGL,CE,Federal Contract Tower,0,1,55,0,56,0,0,156,0,156,0,1,211,0,212,228,0,228,440
05/01/2001,OSU,OH,AGL,CE,Federal Contract Tower,0,7,44,0,51,0,0,152,0,152,0,7,196,0,203,260,0,260,463
05/02/2001,OSU,OH,AGL,CE,Federal Contract Tower,0,4,62,0,66,0,0,106,0,106,0,4,168,0,172,84,0,84,256
05/03/2001,OSU,OH,AGL,CE,Federal Contract Tower,0,11,74,2,87,0,1,185,0,186,0,12,259,2,273,288,0,288,561
05/04/2001,OSU,OH,AGL,CE,Federal Contract Tower,0,11,49,0,60,0,4,160,0,164,0,15,209,0,224,174,0,174,398
05/05/2001,OSU,OH,AGL,CE,Federal Contract Tower,0,8,33,0,41,0,1,165,0,166,0,9,198,0,207,172,0,172,379
05/06/2001,OSU,OH,AGL,CE,Federal Contract Tower,0,9,61,0,70,0,0,136,1,137,0,9,197,1,207,66,0,66,273
05/07/2001,OSU,OH,AGL,CE,Federal Contract Tower,0,4,46,0,50,0,0,57,0,57,0,4,103,0,107,40,0,40,147
05/08/2001,OSU,OH,AGL,CE,Federal Contract Tower,0,6,69,0,75,0,0,87,0,87,0,6,156,0,162,76,0,76,238
05/09/2001,OSU,OH,AGL,CE,Federal Contract Tower,0,10,67,1,78,0,0,165,0,165,0,10,232,1,243,162,0,162,405
05/10/2001,OSU,OH,AGL,CE,Federal Contract Tower,0,15,74,0,89,0,2,148,0,150,0,17,222,0,239,112,0,112,351
05/11/2001,OSU,OH,AGL,CE,Federal Contract Tower,0,6,44,0,50,0,0,69,0,69,0,6,113,0,119,86,0,86,205
05/12/2001,OSU,OH,AGL,CE,Federal Contract Tower,0,5,28,0,33,0,1,87,0,88,0,6,115,0,121,62,0,62,183
05/13/2001,OSU,OH,AGL,CE,Federal Contract Tower,0,11,35,0,46,0,0,116,0,116,0,11,151,0,162,2,0,2,164
05/14/2001,OSU,OH,AGL,CE,Federal Contract Tower,0,5,63,0,68,0,2,195,0,197,0,7,258,0,265,200,0,200,465
05/15/2001,OSU,OH,AGL,CE,Federal Contract Tower,0,12,52,0,64,0,0,39,0,39,0,12,91,0,103,22,0,22,125
05/16/2001,OSU,OH,AGL,CE,Federal Contract Tower,0,9,61,2,72,0,1,17,0,18,0,10,78,2,90,0,0,0,90
05/17/2001,OSU,OH,AGL,CE,Federal Contract Tower,0,11,57,0,68,0,3,6,2,11,0,14,63,2,79,30,0,30,109
05/18/2001,OSU,OH,AGL,CE,Federal Contract Tower,0,6,29,0,35,0,2,0,2,4,0,8,29,2,39,0,0,0,39
05/19/2001,OSU,OH,AGL,CE,Federal Contract Tower,0,3,50,0,53,0,0,77,1,78,0,3,127,1,131,32,0,32,163
05/20/2001,OSU,OH,AGL,CE,Federal Contract Tower,0,4,29,0,33,0,0,107,1,108,0,4,136,1,141,66,0,66,207
05/21/2001,OSU,OH,AGL,CE,Federal Contract Tower,0,6,40,0,46,0,0,59,0,59,0,6,99,0,105,130,0,130,235
05/22/2001,OSU,OH,AGL,CE,Federal Contract Tower,0,8,75,0,83,0,0,62,3,65,0,8,137,3,148,92,0,92,240
05/23/2001,OSU,OH,AGL,CE,Federal Contract Tower,0,7,54,0,61,0,0,132,0,132,0,7,186,0,193,190,0,190,383
05/24/2001,OSU,OH,AGL,CE,Federal Contract Tower,0,8,62,0,70,0,0,5,0,5,0,8,67,0,75,30,0,30,105
05/25/2001,OSU,OH,AGL,CE,Federal Contract Tower,0,22,57,1,80,0,1,90,1,92,0,23,147,2,172,60,0,60,232
05/26/2001,OSU,OH,AGL,CE,Federal Contract Tower,0,7,35,0,42,0,0,52,0,52,0,7,87,0,94,54,0,54,148
05/27/2001,OSU,OH,AGL,CE,Federal Contract Tower,0,2,17,0,19,0,0,60,0,60,0,2,77,0,79,12,0,12,91
05/28/2001,OSU,OH,AGL,CE,Federal Contract Tower,0,23,31,0,54,0,0,79,0,79,0,23,110,0,133,32,0,32,165
05/29/2001,OSU,OH,AGL,CE,Federal Contract Tower,0,19,95,0,114,0,14,91,0,105,0,33,186,0,219,310,0,310,529
05/30/2001,OSU,OH,AGL,CE,Federal Contract Tower,0,17,82,0,99,0,6,129,4,139,0,23,211,4,238,250,0,250,488
05/31/2001,OSU,OH,AGL,CE,Federal Contract Tower,0,18,96,0,114,0,0,186,0,186,0,18,282,0,300,212,0,212,512
06/01/2001,OSU,OH,AGL,CE,Federal Contract Tower,0,22,76,0,98,0,0,21,1,22,0,22,97,1,120,52,0,52,172
06/02/2001,OSU,OH,AGL,CE,Federal Contract Tower,0,5,32,0,37,0,1,56,0,57,0,6,88,0,94,46,0,46,140
06/03/2001,OSU,OH,AGL,CE,Federal Contract Tower,0,0,80,0,80,0,17,63,0,80,0,17,143,0,160,50,0,50,210
06/04/2001,OSU,OH,AGL,CE,Federal Contract Tower,0,37,62,2,101,0,1,119,0,120,0,38,181,2,221,92,0,92,313
06/05/2001,OSU,OH,AGL,CE,Federal Contract Tower,0,10,67,2,79,0,0,112,1,113,0,10,179,3,192,238,8,246,438
06/06/2001,OSU,OH,AGL,CE,Federal Contract Tower,0,10,71,0,81,0,0,16,0,16,0,10,87,0,97,0,0,0,97
06/07/2001,OSU,OH,AGL,CE,Federal Contract Tower,0,5,88,0,93,0,0,83,0,83,0,5,171,0,176,130,0,130,306
06/08/2001,OSU,OH,AGL,CE,Federal Contract Tower,0,9,64,0,73,0,0,184,4,188,0,9,248,4,261,112,0,112,373
06/09/2001,OSU,OH,AGL,CE,Federal Contract Tower,0,9,28,0,37,0,0,388,4,392,0,9,416,4,429,60,0,60,489
06/10/2001,OSU,OH,AGL,CE,Federal Contract Tower,0,2,42,0,44,0,0,117,0,117,0,2,159,0,161,54,0,54,215
06/11/2001,OSU,OH,AGL,CE,Federal Contract Tower,0,9,62,0,71,0,3,119,0,122,0,12,181,0,193,216,0,216,409
06/12/2001,OSU,OH,AGL,CE,Federal Contract Tower,0,6,61,0,67,0,2,91,0,93,0,8,152,0,160,86,0,86,246
06/13/2001,OSU,OH,AGL,CE,Federal Contract Tower,0,17,77,4,98,0,3,110,0,113,0,20,187,4,211,84,0,84,295
06/14/2001,OSU,OH,AGL,CE,Federal Contract Tower,0,10,80,0,90,0,0,114,0,114,0,10,194,0,204,170,0,170,374
06/15/2001,OSU,OH,AGL,CE,Federal Contract Tower,0,6,67,0,73,0,0,92,0,92,0,6,159,0,165,64,0,64,229
06/16/2001,OSU,OH,AGL,CE,Federal Contract Tower,0,2,22,0,24,0,0,125,5,130,0,2,147,5,154,106,0,106,260
06/17/2001,OSU,OH,AGL,CE,Federal Contract Tower,0,4,31,0,35,0,0,146,3,149,0,4,177,3,184,12,0,12,196
06/18/2001,OSU,OH,AGL,CE,Federal Contract Tower,0,7,55,0,62,0,0,122,0,122,0,7,177,0,184,80,0,80,264
06/19/2001,OSU,OH,AGL,CE,Federal Contract Tower,0,19,61,0,80,0,6,125,0,131,0,25,186,0,211,190,0,190,401
06/20/2001,OSU,OH,AGL,CE,Federal Contract Tower,0,11,70,0,81,0,0,77,0,77,0,11,147,0,158,62,0,62,220
06/21/2001,OSU,OH,AGL,CE,Federal Contract Tower,0,9,71,0,80,0,0,51,0,51,0,9,122,0,131,56,0,56,187
06/22/2001,OSU,OH,AGL,CE,Federal Contract Tower,0,4,70,0,74,0,0,96,0,96,0,4,166,0,170,130,0,130,300
06/23/2001,OSU,OH,AGL,CE,Federal Contract Tower,0,4,36,0,40,0,0,87,0,87,0,4,123,0,127,40,0,40,167
06/24/2001,OSU,OH,AGL,CE,Federal Contract Tower,0,5,40,0,45,0,0,100,0,100,0,5,140,0,145,62,0,62,207
06/25/2001,OSU,OH,AGL,CE,Federal Contract Tower,0,8,50,0,58,0,3,176,0,179,0,11,226,0,237,326,0,326,563
06/26/2001,OSU,OH,AGL,CE,Federal Contract Tower,0,4,71,1,76,0,0,217,0,217,0,4,288,1,293,212,0,212,505
06/27/2001,OSU,OH,AGL,CE,Federal Contract Tower,0,19,88,0,107,0,1,174,0,175,0,20,262,0,282,236,0,236,518
06/28/2001,OSU,OH,AGL,CE,Federal Contract Tower,0,9,94,0,103,0,0,181,2,183,0,9,275,2,286,278,0,278,564
06/29/2001,OSU,OH,AGL,CE,Federal Contract Tower,0,8,77,0,85,0,0,100,0,100,0,8,177,0,185,142,0,142,327
06/30/2001,OSU,OH,AGL,CE,Federal Contract Tower,0,4,22,0,26,0,0,142,2,144,0,4,164,2,170,82,0,82,252
07/01/2001,OSU,OH,AGL,CE,Federal Contract Tower,0,3,29,0,32,0,0,37,0,37,0,3,66,0,69,22,0,22,91
07/02/2001,OSU,OH,AGL,CE,Federal Contract Tower,0,2,62,0,64,0,0,195,0,195,0,2,257,0,259,172,0,172,431
07/03/2001,OSU,OH,AGL,CE,Federal Contract Tower,0,6,57,0,63,0,0,104,0,104,0,6,161,0,167,40,0,40,207
07/04/2001,OSU,OH,AGL,CE,Federal Contract Tower,0,6,10,0,16,0,0,22,0,22,0,6,32,0,38,42,0,42,80
07/05/2001,OSU,OH,AGL,CE,Federal Contract Tower,0,23,55,0,78,0,0,142,2,144,0,23,197,2,222,108,0,108,330
07/06/2001,OSU,OH,AGL,CE,Federal Contract Tower,0,13,44,0,57,0,3,196,2,201,0,16,240,2,258,140,0,140,398
07/07/2001,OSU,OH,AGL,CE,Federal Contract Tower,0,8,27,0,35,0,0,96,0,96,0,8,123,0,131,44,0,44,175
07/08/2001,OSU,OH,AGL,CE,Federal Contract Tower,0,3,41,0,44,0,0,99,0,99,0,3,140,0,143,48,0,48,191
07/09/2001,OSU,OH,AGL,CE,Federal Contract Tower,0,0,43,0,43,0,0,127,0,127,0,0,170,0,170,130,0,130,300
07/10/2001,OSU,OH,AGL,CE,Federal Contract Tower,0,18,71,0,89,0,0,127,4,131,0,18,198,4,220,136,0,136,356
07/11/2001,OSU,OH,AGL,CE,Federal Contract Tower,0,10,59,0,69,0,0,128,4,132,0,10,187,4,201,80,0,80,281
07/12/2001,OSU,OH,AGL,CE,Federal Contract Tower,0,7,82,0,89,0,1,206,4,211,0,8,288,4,300,246,0,246,546
07/13/2001,OSU,OH,AGL,CE,Federal Contract Tower,0,4,52,0,56,0,0,162,0,162,0,4,214,0,218,120,0,120,338
07/14/2001,OSU,OH,AGL,CE,Federal Contract Tower,0,6,35,0,41,0,0,139,2,141,0,6,174,2,182,28,0,28,210
07/15/2001,OSU,OH,AGL,CE,Federal Contract Tower,0,6,61,0,67,0,0,202,0,202,0,6,263,0,269,112,0,112,381
07/16/2001,OSU,OH,AGL,CE,Federal Contract Tower,0,8,66,2,76,0,2,132,1,135,0,10,198,3,211,114,0,114,325
07/17/2001,OSU,OH,AGL,CE,Federal Contract Tower,0,15,75,0,90,0,2,36,0,38,0,17,111,0,128,40,0,40,168
07/18/2001,OSU,OH,AGL,CE,Federal Contract Tower,0,28,79,2,109,0,0,65,0,65,0,28,144,2,174,98,0,98,272
07/19/2001,OSU,OH,AGL,CE,Federal Contract Tower,0,11,72,0,83,0,0,65,0,65,0,11,137,0,148,50,0,50,198
07/20/2001,OSU,OH,AGL,CE,Federal Contract Tower,0,4,78,0,82,0,0,17,0,17,0,4,95,0,99,60,0,60,159
07/21/2001,OSU,OH,AGL,CE,Federal Contract Tower,0,6,27,0,33,0,0,39,0,39,0,6,66,0,72,60,0,60,132
07/22/2001,OSU,OH,AGL,CE,Federal Contract Tower,0,6,38,0,44,0,0,57,0,57,0,6,95,0,101,24,0,24,125
07/23/2001,OSU,OH,AGL,CE,Federal Contract Tower,0,8,65,0,73,0,7,89,0,96,0,15,154,0,169,170,0,170,339
07/24/2001,OSU,OH,AGL,CE,Federal Contract Tower,0,10,55,0,65,0,0,40,0,40,0,10,95,0,105,70,0,70,175
07/25/2001,OSU,OH,AGL,CE,Federal Contract Tower,0,13,66,0,79,0,2,22,0,24,0,15,88,0,103,16,0,16,119
07/26/2001,OSU,OH,AGL,CE,Federal Contract Tower,0,18,72,0,90,0,1,125,0,126,0,19,197,0,216,212,0,212,428
07/27/2001,OSU,OH,AGL,CE,Federal Contract Tower,0,11,60,0,71,0,0,217,0,217,0,11,277,0,288,280,0,280,568
07/28/2001,OSU,OH,AGL,CE,Federal Contract Tower,0,7,26,0,33,0,0,82,0,82,0,7,108,0,115,114,0,114,229
07/29/2001,OSU,OH,AGL,CE,Federal Contract Tower,0,4,33,0,37,0,0,49,0,49,0,4,82,0,86,44,0,44,130
07/30/2001,OSU,OH,AGL,CE,Federal Contract Tower,0,3,42,0,45,0,0,62,0,62,0,3,104,0,107,120,0,120,227
07/31/2001,OSU,OH,AGL,CE,Federal Contract Tower,0,11,69,0,80,0,10,146,0,156,0,21,215,0,236,214,0,214,450
08/01/2001,OSU,OH,AGL,CE,Federal Contract Tower,0,14,52,0,66,0,0,146,2,148,0,14,198,2,214,200,0,200,414
08/02/2001,OSU,OH,AGL,CE,Federal Contract Tower,0,9,83,0,92,0,0,62,0,62,0,9,145,0,154,74,0,74,228
08/03/2001,OSU,OH,AGL,CE,Federal Contract Tower,0,7,59,0,66,0,0,37,0,37,0,7,96,0,103,22,0,22,125
08/04/2001,OSU,OH,AGL,CE,Federal Contract Tower,0,8,46,0,54,0,1,160,6,167,0,9,206,6,221,114,0,114,335
08/05/2001,OSU,OH,AGL,CE,Federal Contract Tower,0,8,28,0,36,0,1,137,0,138,0,9,165,0,174,36,0,36,210
08/06/2001,OSU,OH,AGL,CE,Federal Contract Tower,0,5,80,0,85,0,0,167,2,169,0,5,247,2,254,278,0,278,532
08/07/2001,OSU,OH,AGL,CE,Federal Contract Tower,0,5,73,0,78,0,1,175,2,178,0,6,248,2,256,244,0,244,500
08/08/2001,OSU,OH,AGL,CE,Federal Contract Tower,0,8,79,0,87,0,0,156,0,156,0,8,235,0,243,282,0,282,525
08/09/2001,OSU,OH,AGL,CE,Federal Contract Tower,0,7,76,0,83,0,0,67,0,67,0,7,143,0,150,140,0,140,290
08/10/2001,OSU,OH,AGL,CE,Federal Contract Tower,0,9,57,0,66,0,0,77,0,77,0,9,134,0,143,92,0,92,235
08/11/2001,OSU,OH,AGL,CE,Federal Contract Tower,0,2,23,1,26,0,0,120,1,121,0,2,143,2,147,78,0,78,225
08/12/2001,OSU,OH,AGL,CE,Federal Contract Tower,0,2,34,0,36,0,0,89,0,89,0,2,123,0,125,102,0,102,227
08/13/2001,OSU,OH,AGL,CE,Federal Contract Tower,0,7,65,0,72,0,0,175,0,175,0,7,240,0,247,246,0,246,493
08/14/2001,OSU,OH,AGL,CE,Federal Contract Tower,0,12,52,0,64,0,0,215,0,215,0,12,267,0,279,274,0,274,553
08/15/2001,OSU,OH,AGL,CE,Federal Contract Tower,0,9,67,0,76,0,0,199,2,201,0,9,266,2,277,170,0,170,447
08/16/2001,OSU,OH,AGL,CE,Federal Contract Tower,0,13,54,0,67,0,0,90,0,90,0,13,144,0,157,40,0,40,197
08/17/2001,OSU,OH,AGL,CE,Federal Contract Tower,0,5,70,0,75,0,0,163,0,163,0,5,233,0,238,114,0,114,352
08/18/2001,OSU,OH,AGL,CE,Federal Contract Tower,0,5,38,0,43,0,0,104,0,104,0,5,142,0,147,52,0,52,199
08/19/2001,OSU,OH,AGL,CE,Federal Contract Tower,0,12,38,0,50,0,0,58,0,58,0,12,96,0,108,36,0,36,144
08/20/2001,OSU,OH,AGL,CE,Federal Contract Tower,0,5,79,0,84,0,0,99,0,99,0,5,178,0,183,240,0,240,423
08/21/2001,OSU,OH,AGL,CE,Federal Contract Tower,0,15,93,4,112,0,1,183,2,186,0,16,276,6,298,254,0,254,552
08/22/2001,OSU,OH,AGL,CE,Federal Contract Tower,0,16,57,0,73,0,0,68,0,68,0,16,125,0,141,80,0,80,221
08/23/2001,OSU,OH,AGL,CE,Federal Contract Tower,0,12,80,1,93,0,0,60,3,63,0,12,140,4,156,30,0,30,186
08/24/2001,OSU,OH,AGL,CE,Federal Contract Tower,0,4,77,0,81,0,0,78,0,78,0,4,155,0,159,48,0,48,207
08/25/2001,OSU,OH,AGL,CE,Federal Contract Tower,0,2,34,0,36,0,0,109,0,109,0,2,143,0,145,58,0,58,203
08/26/2001,OSU,OH,AGL,CE,Federal Contract Tower,0,4,46,0,50,0,0,22,0,22,0,4,68,0,72,12,0,12,84
08/27/2001,OSU,OH,AGL,CE,Federal Contract Tower,0,4,63,0,67,0,0,169,0,169,0,4,232,0,236,144,0,144,380
08/28/2001,OSU,OH,AGL,CE,Federal Contract Tower,0,13,74,0,87,0,0,155,0,155,0,13,229,0,242,296,8,304,546
08/29/2001,OSU,OH,AGL,CE,Federal Contract Tower,0,7,67,2,76,0,0,182,5,187,0,7,249,7,263,188,0,188,451
08/30/2001,OSU,OH,AGL,CE,Federal Contract Tower,0,9,80,0,89,0,0,177,4,181,0,9,257,4,270,160,0,160,430
08/31/2001,OSU,OH,AGL,CE,Federal Contract Tower,0,13,74,0,87,0,2,20,2,24,0,15,94,2,111,10,0,10,121
09/01/2001,OSU,OH,AGL,CE,Federal Contract Tower,0,4,36,0,40,0,0,105,0,105,0,4,141,0,145,12,0,12,157
09/02/2001,OSU,OH,AGL,CE,Federal Contract Tower,0,1,28,0,29,0,0,111,0,111,0,1,139,0,140,6,0,6,146
09/03/2001,OSU,OH,AGL,CE,Federal Contract Tower,0,0,24,0,24,0,0,173,0,173,0,0,197,0,197,42,0,42,239
09/04/2001,OSU,OH,AGL,CE,Federal Contract Tower,0,2,51,0,53,0,0,100,0,100,0,2,151,0,153,166,0,166,319
09/05/2001,OSU,OH,AGL,CE,Federal Contract Tower,0,4,55,0,59,0,0,201,0,201,0,4,256,0,260,132,0,132,392
09/06/2001,OSU,OH,AGL,CE,Federal Contract Tower,0,22,68,0,90,0,0,201,2,203,0,22,269,2,293,222,0,222,515
09/07/2001,OSU,OH,AGL,CE,Federal Contract Tower,0,5,52,0,57,0,0,131,6,137,0,5,183,6,194,98,0,98,292
09/08/2001,OSU,OH,AGL,CE,Federal Contract Tower,0,6,45,0,51,0,0,99,7,106,0,6,144,7,157,36,0,36,193
09/09/2001,OSU,OH,AGL,CE,Federal Contract Tower,0,9,28,0,37,0,0,91,0,91,0,9,119,0,128,32,0,32,160
09/10/2001,OSU,OH,AGL,CE,Federal Contract Tower,0,8,82,0,90,0,0,114,0,114,0,8,196,0,204,120,0,120,324
09/11/2001,OSU,OH,AGL,CE,Federal Contract Tower,0,7,20,0,27,0,0,62,0,62,0,7,82,0,89,22,0,22,111
09/12/2001,OSU,OH,AGL,CE,Federal Contract Tower,0,0,3,0,3,0,0,7,0,7,0,0,10,0,10,0,0,0,10
09/13/2001,OSU,OH,AGL,CE,Federal Contract Tower,0,1,5,0,6,0,0,34,0,34,0,1,39,0,40,0,0,0,40
09/14/2001,OSU,OH,AGL,CE,Federal Contract Tower,0,9,8,0,17,0,0,8,0,8,0,9,16,0,25,0,0,0,25
09/15/2001,OSU,OH,AGL,CE,Federal Contract Tower,0,5,46,0,51,0,0,13,2,15,0,5,59,2,66,0,0,0,66
09/16/2001,OSU,OH,AGL,CE,Federal Contract Tower,0,2,45,0,47,0,0,19,0,19,0,2,64,0,66,0,0,0,66
09/17/2001,OSU,OH,AGL,CE,Federal Contract Tower,0,5,81,0,86,0,0,12,0,12,0,5,93,0,98,0,0,0,98
09/18/2001,OSU,OH,AGL,CE,Federal Contract Tower,0,15,78,0,93,0,0,0,0,0,0,15,78,0,93,0,0,0,93
09/19/2001,OSU,OH,AGL,CE,Federal Contract Tower,0,16,39,8,63,0,0,11,0,11,0,16,50,8,74,0,0,0,74
09/20/2001,OSU,OH,AGL,CE,Federal Contract Tower,0,10,90,0,100,0,0,60,0,60,0,10,150,0,160,0,0,0,160
09/21/2001,OSU,OH,AGL,CE,Federal Contract Tower,0,11,89,0,100,0,0,26,4,30,0,11,115,4,130,12,0,12,142
09/22/2001,OSU,OH,AGL,CE,Federal Contract Tower,0,4,55,0,59,0,0,66,0,66,0,4,121,0,125,36,0,36,161
09/23/2001,OSU,OH,AGL,CE,Federal Contract Tower,0,3,44,2,49,0,0,93,2,95,0,3,137,4,144,14,0,14,158
09/24/2001,OSU,OH,AGL,CE,Federal Contract Tower,0,20,56,0,76,0,0,26,0,26,0,20,82,0,102,80,0,80,182
09/25/2001,OSU,OH,AGL,CE,Federal Contract Tower,0,4,76,0,80,0,13,81,0,94,0,17,157,0,174,128,0,128,302
09/26/2001,OSU,OH,AGL,CE,Federal Contract Tower,0,11,75,0,86,0,10,131,2,143,0,21,206,2,229,182,0,182,411
09/27/2001,OSU,OH,AGL,CE,Federal Contract Tower,0,10,97,0,107,0,0,172,0,172,0,10,269,0,279,162,0,162,441
09/28/2001,OSU,OH,AGL,CE,Federal Contract Tower,0,19,116,0,135,0,0,100,0,100,0,19,216,0,235,162,0,162,397
09/29/2001,OSU,OH,AGL,CE,Federal Contract Tower,0,9,39,0,48,0,0,140,0,140,0,9,179,0,188,98,0,98,286
09/30/2001,OSU,OH,AGL,CE,Federal Contract Tower,0,0,50,0,50,0,8,119,0,127,0,8,169,0,177,28,0,28,205
10/01/2001,OSU,OH,AGL,CE,Federal Contract Tower,0,2,51,0,53,0,0,254,0,254,0,2,305,0,307,270,0,270,577
10/02/2001,OSU,OH,AGL,CE,Federal Contract Tower,0,4,83,0,87,0,0,266,0,266,0,4,349,0,353,332,0,332,685
10/03/2001,OSU,OH,AGL,CE,Federal Contract Tower,0,15,76,1,92,0,0,167,0,167,0,15,243,1,259,114,0,114,373
10/04/2001,OSU,OH,AGL,CE,Federal Contract Tower,0,23,86,0,109,0,0,181,2,183,0,23,267,2,292,154,0,154,446
10/05/2001,OSU,OH,AGL,CE,Federal Contract Tower,0,5,49,0,54,0,0,84,0,84,0,5,133,0,138,74,0,74,212
10/06/2001,OSU,OH,AGL,CE,Federal Contract Tower,0,5,54,0,59,0,0,98,6,104,0,5,152,6,163,56,0,56,219
10/07/2001,OSU,OH,AGL,CE,Federal Contract Tower,0,3,58,0,61,0,0,156,0,156,0,3,214,0,217,82,0,82,299
10/08/2001,OSU,OH,AGL,CE,Federal Contract Tower,0,3,41,1,45,0,0,143,0,143,0,3,184,1,188,176,0,176,364
10/09/2001,OSU,OH,AGL,CE,Federal Contract Tower,0,5,73,1,79,0,0,157,4,161,0,5,230,5,240,168,0,168,408
10/10/2001,OSU,OH,AGL,CE,Federal Contract Tower,0,18,62,6,86,0,0,147,1,148,0,18,209,7,234,136,0,136,370
10/11/2001,OSU,OH,AGL,CE,Federal Contract Tower,0,8,59,0,67,0,1,68,2,71,0,9,127,2,138,114,0,114,252
10/12/2001,OSU,OH,AGL,CE,Federal Contract Tower,0,5,68,0,73,0,0,16,0,16,0,5,84,0,89,0,0,0,89
10/13/2001,OSU,OH,AGL,CE,Federal Contract Tower,0,3,47,0,50,0,0,68,0,68,0,3,115,0,118,40,0,40,158
10/14/2001,OSU,OH,AGL,CE,Federal Contract Tower,0,13,47,0,60,0,4,37,0,41,0,17,84,0,101,20,0,20,121
10/15/2001,OSU,OH,AGL,CE,Federal Contract Tower,0,4,44,0,48,0,3,143,1,147,0,7,187,1,195,154,0,154,349
10/16/2001,OSU,OH,AGL,CE,Federal Contract Tower,0,10,42,0,52,0,0,26,0,26,0,10,68,0,78,0,0,0,78
10/17/2001,OSU,OH,AGL,CE,Federal Contract Tower,0,9,59,0,68,0,3,165,10,178,0,12,224,10,246,208,0,208,454
10/18/2001,OSU,OH,AGL,CE,Federal Contract Tower,0,26,67,0,93,0,0,175,2,177,0,26,242,2,270,276,0,276,546
10/19/2001,OSU,OH,AGL,CE,Federal Contract Tower,0,13,60,0,73,0,0,133,0,133,0,13,193,0,206,130,0,130,336
10/20/2001,OSU,OH,AGL,CE,Federal Contract Tower,0,7,42,0,49,0,0,122,0,122,0,7,164,0,171,34,0,34,205
10/21/2001,OSU,OH,AGL,CE,Federal Contract Tower,0,8,47,0,55,0,0,111,0,111,0,8,158,0,166,26,0,26,192
10/22/2001,OSU,OH,AGL,CE,Federal Contract Tower,0,15,63,0,78,0,0,175,0,175,0,15,238,0,253,224,0,224,477
10/23/2001,OSU,OH,AGL,CE,Federal Contract Tower,0,5,59,0,64,0,0,56,2,58,0,5,115,2,122,30,0,30,152
10/24/2001,OSU,OH,AGL,CE,Federal Contract Tower,0,12,65,0,77,0,0,61,0,61,0,12,126,0,138,34,0,34,172
10/25/2001,OSU,OH,AGL,CE,Federal Contract Tower,0,12,59,0,71,0,0,54,0,54,0,12,113,0,125,8,0,8,133
10/26/2001,OSU,OH,AGL,CE,Federal Contract Tower,0,10,38,0,48,0,0,39,4,43,0,10,77,4,91,0,0,0,91
10/27/2001,OSU,OH,AGL,CE,Federal Contract Tower,0,2,34,0,36,0,0,56,0,56,0,2,90,0,92,54,0,54,146
10/28/2001,OSU,OH,AGL,CE,Federal Contract Tower,0,5,38,0,43,0,0,171,0,171,0,5,209,0,214,132,0,132,346
10/29/2001,OSU,OH,AGL,CE,Federal Contract Tower,0,4,51,0,55,0,0,133,0,133,0,4,184,0,188,242,0,242,430
10/30/2001,OSU,OH,AGL,CE,Federal Contract Tower,0,10,63,0,73,0,0,186,2,188,0,10,249,2,261,256,0,256,517
10/31/2001,OSU,OH,AGL,CE,Federal Contract Tower,0,10,61,0,71,0,7,179,0,186,0,17,240,0,257,326,0,326,583
11/01/2001,OSU,OH,AGL,CE,Federal Contract Tower,0,7,87,0,94,0,0,112,0,112,0,7,199,0,206,60,0,60,266
11/02/2001,OSU,OH,AGL,CE,Federal Contract Tower,0,6,56,0,62,0,0,50,0,50,0,6,106,0,112,50,0,50,162
11/03/2001,OSU,OH,AGL,CE,Federal Contract Tower,0,7,47,0,54,0,0,149,0,149,0,7,196,0,203,74,0,74,277
11/04/2001,OSU,OH,AGL,CE,Federal Contract Tower,0,7,25,0,32,0,0,162,0,162,0,7,187,0,194,104,0,104,298
11/05/2001,OSU,OH,AGL,CE,Federal Contract Tower,0,7,48,0,55,0,0,149,0,149,0,7,197,0,204,218,0,218,422
11/06/2001,OSU,OH,AGL,CE,Federal Contract Tower,0,15,67,0,82,0,0,242,0,242,0,15,309,0,324,256,0,256,580
11/07/2001,OSU,OH,AGL,CE,Federal Contract Tower,0,18,72,0,90,0,0,247,0,247,0,18,319,0,337,284,0,284,621
11/08/2001,OSU,OH,AGL,CE,Federal Contract Tower,0,8,68,0,76,0,0,145,0,145,0,8,213,0,221,136,0,136,357
11/09/2001,OSU,OH,AGL,CE,Federal Contract Tower,0,10,56,0,66,0,0,236,6,242,0,10,292,6,308,216,0,216,524
11/10/2001,OSU,OH,AGL,CE,Federal Contract Tower,0,13,37,2,52,0,0,120,0,120,0,13,157,2,172,68,0,68,240
11/11/2001,OSU,OH,AGL,CE,Federal Contract Tower,0,9,31,0,40,0,0,62,0,62,0,9,93,0,102,46,0,46,148
11/12/2001,OSU,OH,AGL,CE,Federal Contract Tower,0,9,34,0,43,0,0,135,0,135,0,9,169,0,178,20,0,20,198
11/13/2001,OSU,OH,AGL,CE,Federal Contract Tower,0,11,71,0,82,0,5,171,0,176,0,16,242,0,258,104,0,104,362
11/14/2001,OSU,OH,AGL,CE,Federal Contract Tower,0,12,82,0,94,0,0,181,0,181,0,12,263,0,275,250,0,250,525
11/15/2001,OSU,OH,AGL,CE,Federal Contract Tower,0,18,72,1,91,0,0,145,2,147,0,18,217,3,238,144,0,144,382
11/16/2001,OSU,OH,AGL,CE,Federal Contract Tower,0,18,75,2,95,0,0,165,2,167,0,18,240,4,262,202,4,206,468
11/17/2001,OSU,OH,AGL,CE,Federal Contract Tower,0,19,49,0,68,0,0,145,0,145,0,19,194,0,213,82,0,82,295
11/18/2001,OSU,OH,AGL,CE,Federal Contract Tower,0,3,38,0,41,0,0,151,0,151,0,3,189,0,192,86,0,86,278
11/19/2001,OSU,OH,AGL,CE,Federal Contract Tower,0,5,41,0,46,0,0,38,0,38,0,5,79,0,84,66,0,66,150
11/20/2001,OSU,OH,AGL,CE,Federal Contract Tower,0,12,71,0,83,0,0,124,0,124,0,12,195,0,207,122,0,122,329
11/21/2001,OSU,OH,AGL,CE,Federal Contract Tower,0,14,64,2,80,0,0,106,4,110,0,14,170,6,190,72,0,72,262
11/22/2001,OSU,OH,AGL,CE,Federal Contract Tower,0,9,19,0,28,0,1,91,0,92,0,10,110,0,120,20,0,20,140
11/23/2001,OSU,OH,AGL,CE,Federal Contract Tower,0,1,19,0,20,0,0,126,0,126,0,1,145,0,146,50,0,50,196
11/24/2001,OSU,OH,AGL,CE,Federal Contract Tower,0,7,23,0,30,0,1,47,0,48,0,8,70,0,78,14,0,14,92
11/25/2001,OSU,OH,AGL,CE,Federal Contract Tower,0,8,44,0,52,0,0,32,0,32,0,8,76,0,84,0,0,0,84
11/26/2001,OSU,OH,AGL,CE,Federal Contract Tower,0,6,58,0,64,0,0,156,0,156,0,6,214,0,220,210,0,210,430
11/27/2001,OSU,OH,AGL,CE,Federal Contract Tower,0,7,45,0,52,0,0,49,0,49,0,7,94,0,101,34,0,34,135
11/28/2001,OSU,OH,AGL,CE,Federal Contract Tower,0,5,54,0,59,0,0,11,0,11,0,5,65,0,70,28,0,28,98
11/29/2001,OSU,OH,AGL,CE,Federal Contract Tower,0,5,62,0,67,0,0,7,0,7,0,5,69,0,74,18,0,18,92
11/30/2001,OSU,OH,AGL,CE,Federal Contract Tower,0,5,65,0,70,0,0,33,4,37,0,5,98,4,107,46,0,46,153
12/01/2001,OSU,OH,AGL,CE,Federal Contract Tower,0,4,44,0,48,0,0,62,0,62,0,4,106,0,110,104,0,104,214
12/02/2001,OSU,OH,AGL,CE,Federal Contract Tower,0,3,43,0,46,0,0,103,0,103,0,3,146,0,149,44,0,44,193
12/03/2001,OSU,OH,AGL,CE,Federal Contract Tower,0,6,48,0,54,0,0,199,0,199,0,6,247,0,253,180,0,180,433
12/04/2001,OSU,OH,AGL,CE,Federal Contract Tower,0,12,62,0,74,0,0,199,0,199,0,12,261,0,273,220,0,220,493
12/05/2001,OSU,OH,AGL,CE,Federal Contract Tower,0,7,58,0,65,0,0,126,6,132,0,7,184,6,197,90,0,90,287
12/06/2001,OSU,OH,AGL,CE,Federal Contract Tower,0,11,64,2,77,0,0,41,0,41,0,11,105,2,118,44,0,44,162
12/07/2001,OSU,OH,AGL,CE,Federal Contract Tower,0,8,67,0,75,0,0,169,2,171,0,8,236,2,246,178,0,178,424
12/08/2001,OSU,OH,AGL,CE,Federal Contract Tower,0,6,30,0,36,0,0,57,0,57,0,6,87,0,93,16,0,16,109
12/09/2001,OSU,OH,AGL,CE,Federal Contract Tower,0,5,32,0,37,0,5,50,0,55,0,10,82,0,92,88,0,88,180
12/10/2001,OSU,OH,AGL,CE,Federal Contract Tower,0,6,54,0,60,0,0,79,0,79,0,6,133,0,139,128,0,128,267
12/11/2001,OSU,OH,AGL,CE,Federal Contract Tower,0,9,58,0,67,0,0,61,0,61,0,9,119,0,128,48,0,48,176
12/12/2001,OSU,OH,AGL,CE,Federal Contract Tower,0,12,85,0,97,0,0,114,0,114,0,12,199,0,211,94,0,94,305
12/13/2001,OSU,OH,AGL,CE,Federal Contract Tower,0,9,96,0,105,0,0,11,0,11,0,9,107,0,116,0,0,0,116
12/14/2001,OSU,OH,AGL,CE,Federal Contract Tower,0,9,55,0,64,0,6,0,2,8,0,15,55,2,72,0,0,0,72
12/15/2001,OSU,OH,AGL,CE,Federal Contract Tower,0,9,41,0,50,0,0,28,1,29,0,9,69,1,79,36,0,36,115
12/16/2001,OSU,OH,AGL,CE,Federal Contract Tower,0,2,19,0,21,0,0,24,0,24,0,2,43,0,45,0,0,0,45
12/17/2001,OSU,OH,AGL,CE,Federal Contract Tower,0,3,53,0,56,0,0,0,0,0,0,3,53,0,56,0,0,0,56
12/18/2001,OSU,OH,AGL,CE,Federal Contract Tower,0,13,58,0,71,0,0,161,4,165,0,13,219,4,236,144,0,144,380
12/19/2001,OSU,OH,AGL,CE,Federal Contract Tower,0,10,69,0,79,0,0,141,0,141,0,10,210,0,220,52,0,52,272
12/20/2001,OSU,OH,AGL,CE,Federal Contract Tower,0,8,56,4,68,0,3,113,3,119,0,11,169,7,187,74,0,74,261
12/21/2001,OSU,OH,AGL,CE,Federal Contract Tower,0,7,48,0,55,0,0,134,0,134,0,7,182,0,189,144,0,144,333
12/22/2001,OSU,OH,AGL,CE,Federal Contract Tower,0,8,26,0,34,0,0,110,0,110,0,8,136,0,144,6,0,6,150
12/23/2001,OSU,OH,AGL,CE,Federal Contract Tower,0,0,12,0,12,0,0,6,0,6,0,0,18,0,18,0,0,0,18
12/24/2001,OSU,OH,AGL,CE,Federal Contract Tower,0,5,19,0,24,0,1,74,0,75,0,6,93,0,99,28,0,28,127
12/25/2001,OSU,OH,AGL,CE,Federal Contract Tower,0,1,8,0,9,0,3,0,0,3,0,4,8,0,12,0,0,0,12
12/26/2001,OSU,OH,AGL,CE,Federal Contract Tower,0,5,31,0,36,0,0,30,0,30,0,5,61,0,66,38,0,38,104
12/27/2001,OSU,OH,AGL,CE,Federal Contract Tower,0,15,51,0,66,0,0,51,0,51,0,15,102,0,117,32,0,32,149
12/28/2001,OSU,OH,AGL,CE,Federal Contract Tower,0,9,26,2,37,0,0,42,0,42,0,9,68,2,79,60,0,60,139
12/29/2001,OSU,OH,AGL,CE,Federal Contract Tower,0,5,22,0,27,0,0,47,0,47,0,5,69,0,74,126,0,126,200
12/30/2001,OSU,OH,AGL,CE,Federal Contract Tower,0,5,13,0,18,0,0,59,0,59,0,5,72,0,77,8,0,8,85
12/31/2001,OSU,OH,AGL,CE,Federal Contract Tower,0,1,14,4,19,0,0,70,0,70,0,1,84,4,89,86,0,86,175
01/01/2002,OSU,OH,AGL,CE,Federal Contract Tower,0,4,13,0,17,0,0,31,0,31,0,4,44,0,48,8,0,8,56
01/02/2002,OSU,OH,AGL,CE,Federal Contract Tower,0,5,26,0,31,0,0,79,4,83,0,5,105,4,114,114,0,114,228
01/03/2002,OSU,OH,AGL,CE,Federal Contract Tower,0,4,53,0,57,0,0,98,1,99,0,4,151,1,156,50,0,50,206
01/04/2002,OSU,OH,AGL,CE,Federal Contract Tower,0,8,43,0,51,0,0,128,0,128,0,8,171,0,179,90,0,90,269
01/05/2002,OSU,OH,AGL,CE,Federal Contract Tower,0,4,27,0,31,0,3,89,0,92,0,7,116,0,123,120,0,120,243
01/06/2002,OSU,OH,AGL,CE,Federal Contract Tower,0,2,11,0,13,0,0,0,0,0,0,2,11,0,13,0,0,0,13
01/07/2002,OSU,OH,AGL,CE,Federal Contract Tower,0,9,30,0,39,0,0,47,0,47,0,9,77,0,86,28,0,28,114
01/08/2002,OSU,OH,AGL,CE,Federal Contract Tower,0,13,57,4,74,0,0,125,2,127,0,13,182,6,201,86,0,86,287
01/09/2002,OSU,OH,AGL,CE,Federal Contract Tower,0,3,58,0,61,0,0,171,1,172,0,3,229,1,233,128,0,128,361
01/10/2002,OSU,OH,AGL,CE,Federal Contract Tower,0,5,42,0,47,0,0,107,0,107,0,5,149,0,154,170,0,170,324
01/11/2002,OSU,OH,AGL,CE,Federal Contract Tower,0,17,46,0,63,0,0,148,4,152,0,17,194,4,215,268,0,268,483
01/12/2002,OSU,OH,AGL,CE,Federal Contract Tower,0,3,24,1,28,0,0,160,3,163,0,3,184,4,191,98,0,98,289
01/13/2002,OSU,OH,AGL,CE,Federal Contract Tower,0,10,26,2,38,0,0,128,0,128,0,10,154,2,166,84,0,84,250
01/14/2002,OSU,OH,AGL,CE,Federal Contract Tower,0,5,31,0,36,0,6,102,0,108,0,11,133,0,144,20,0,20,164
01/15/2002,OSU,OH,AGL,CE,Federal Contract Tower,0,8,63,0,71,0,0,80,0,80,0,8,143,0,151,58,0,58,209
01/16/2002,OSU,OH,AGL,CE,Federal Contract Tower,0,10,93,0,103,0,0,224,0,224,0,10,317,0,327,242,0,242,569
01/17/2002,OSU,OH,AGL,CE,Federal Contract Tower,0,11,60,0,71,0,0,153,0,153,0,11,213,0,224,198,0,198,422
01/18/2002,OSU,OH,AGL,CE,Federal Contract Tower,0,14,33,0,47,0,1,219,6,226,0,15,252,6,273,256,0,256,529
01/19/2002,OSU,OH,AGL,CE,Federal Contract Tower,0,2,19,0,21,0,0,10,0,10,0,2,29,0,31,8,0,8,39
01/20/2002,OSU,OH,AGL,CE,Federal Contract Tower,0,7,34,0,41,0,0,35,0,35,0,7,69,0,76,6,0,6,82
01/21/2002,OSU,OH,AGL,CE,Federal Contract Tower,0,14,43,4,61,0,0,49,0,49,0,14,92,4,110,0,0,0,110
01/22/2002,OSU,OH,AGL,CE,Federal Contract Tower,0,10,53,0,63,0,0,227,4,231,0,10,280,4,294,164,0,164,458
01/23/2002,OSU,OH,AGL,CE,Federal Contract Tower,0,6,70,0,76,0,0,0,0,0,0,6,70,0,76,0,0,0,76
01/24/2002,OSU,OH,AGL,CE,Federal Contract Tower,0,3,69,0,72,0,0,1,2,3,0,3,70,2,75,0,0,0,75
01/25/2002,OSU,OH,AGL,CE,Federal Contract Tower,0,4,70,0,74,0,0,267,8,275,0,4,337,8,349,280,0,280,629
01/26/2002,OSU,OH,AGL,CE,Federal Contract Tower,0,4,37,0,41,0,0,231,0,231,0,4,268,0,272,150,0,150,422
01/27/2002,OSU,OH,AGL,CE,Federal Contract Tower,0,8,38,0,46,0,0,131,0,131,0,8,169,0,177,64,0,64,241
01/28/2002,OSU,OH,AGL,CE,Federal Contract Tower,0,1,56,6,63,0,1,303,0,304,0,2,359,6,367,248,0,248,615
01/29/2002,OSU,OH,AGL,CE,Federal Contract Tower,0,10,59,4,73,0,0,114,1,115,0,10,173,5,188,212,0,212,400
01/30/2002,OSU,OH,AGL,CE,Federal Contract Tower,0,11,47,2,60,0,0,0,0,0,0,11,47,2,60,0,0,0,60
01/31/2002,OSU,OH,AGL,CE,Federal Contract Tower,0,8,27,0,35,0,0,26,0,26,0,8,53,0,61,10,0,10,71
02/01/2002,OSU,OH,AGL,CE,Federal Contract Tower,0,4,39,0,43,0,0,34,0,34,0,4,73,0,77,0,0,0,77
02/02/2002,OSU,OH,AGL,CE,Federal Contract Tower,0,7,32,0,39,0,0,247,0,247,0,7,279,0,286,78,0,78,364
02/03/2002,OSU,OH,AGL,CE,Federal Contract Tower,0,8,25,0,33,0,0,95,0,95,0,8,120,0,128,56,0,56,184
02/04/2002,OSU,OH,AGL,CE,Federal Contract Tower,0,7,34,0,41,0,0,25,0,25,0,7,59,0,66,4,0,4,70
02/05/2002,OSU,OH,AGL,CE,Federal Contract Tower,0,6,58,0,64,0,0,191,0,191,0,6,249,0,255,260,0,260,515
02/06/2002,OSU,OH,AGL,CE,Federal Contract Tower,0,4,62,0,66,0,0,238,1,239,0,4,300,1,305,250,0,250,555
02/07/2002,OSU,OH,AGL,CE,Federal Contract Tower,0,5,54,0,59,0,0,215,2,217,0,5,269,2,276,336,0,336,612
02/08/2002,OSU,OH,AGL,CE,Federal Contract Tower,0,15,46,0,61,0,0,169,2,171,0,15,215,2,232,142,0,142,374
02/09/2002,OSU,OH,AGL,CE,Federal Contract Tower,0,2,12,0,14,0,0,169,0,169,0,2,181,0,183,102,0,102,285
02/10/2002,OSU,OH,AGL,CE,Federal Contract Tower,0,8,35,0,43,0,0,4,5,9,0,8,39,5,52,0,0,0,52
02/11/2002,OSU,OH,AGL,CE,Federal Contract Tower,0,11,38,0,49,0,0,72,0,72,0,11,110,0,121,124,0,124,245
02/12/2002,OSU,OH,AGL,CE,Federal Contract Tower,0,12,48,0,60,0,0,133,0,133,0,12,181,0,193,72,0,72,265
02/13/2002,OSU,OH,AGL,CE,Federal Contract Tower,0,11,75,0,86,0,0,244,0,244,0,11,319,0,330,266,0,266,596
02/14/2002,OSU,OH,AGL,CE,Federal Contract Tower,0,11,64,0,75,0,0,226,0,226,0,11,290,0,301,240,0,240,541
02/15/2002,OSU,OH,AGL,CE,Federal Contract Tower,0,14,57,0,71,0,0,102,0,102,0,14,159,0,173,40,0,40,213
02/16/2002,OSU,OH,AGL,CE,Federal Contract Tower,0,7,12,0,19,0,0,76,0,76,0,7,88,0,95,80,0,80,175
02/17/2002,OSU,OH,AGL,CE,Federal Contract Tower,0,7,25,0,32,0,0,50,0,50,0,7,75,0,82,24,0,24,106
02/18/2002,OSU,OH,AGL,CE,Federal Contract Tower,0,9,65,0,74,0,0,179,0,179,0,9,244,0,253,166,0,166,419
02/19/2002,OSU,OH,AGL,CE,Federal Contract Tower,0,8,47,0,55,0,3,149,0,152,0,11,196,0,207,288,0,288,495
02/20/2002,OSU,OH,AGL,CE,Federal Contract Tower,0,8,45,0,53,0,0,32,4,36,0,8,77,4,89,58,0,58,147
02/21/2002,OSU,OH,AGL,CE,Federal Contract Tower,0,11,46,0,57,0,0,39,1,40,0,11,85,1,97,70,0,70,167
02/22/2002,OSU,OH,AGL,CE,Federal Contract Tower,0,8,50,0,58,0,0,37,0,37,0,8,87,0,95,54,0,54,149
02/23/2002,OSU,OH,AGL,CE,Federal Contract Tower,0,5,36,0,41,0,0,179,0,179,0,5,215,0,220,208,0,208,428
02/24/2002,OSU,OH,AGL,CE,Federal Contract Tower,0,10,24,0,34,0,0,157,0,157,0,10,181,0,191,64,0,64,255
02/25/2002,OSU,OH,AGL,CE,Federal Contract Tower,0,5,42,0,47,0,0,180,2,182,0,5,222,2,229,186,0,186,415
02/26/2002,OSU,OH,AGL,CE,Federal Contract Tower,0,4,48,0,52,0,0,8,0,8,0,4,56,0,60,0,0,0,60
02/27/2002,OSU,OH,AGL,CE,Federal Contract Tower,0,9,58,0,67,0,0,23,2,25,0,9,81,2,92,58,0,58,150
02/28/2002,OSU,OH,AGL,CE,Federal Contract Tower,0,18,77,0,95,0,0,214,0,214,0,18,291,0,309,172,0,172,481
03/01/2002,OSU,OH,AGL,CE,Federal Contract Tower,0,11,48,0,59,0,0,219,0,219,0,11,267,0,278,188,0,188,466
03/02/2002,OSU,OH,AGL,CE,Federal Contract Tower,0,4,11,0,15,0,0,40,4,44,0,4,51,4,59,38,0,38,97
03/03/2002,OSU,OH,AGL,CE,Federal Contract Tower,0,9,18,0,27,0,0,5,0,5,0,9,23,0,32,0,0,0,32
03/04/2002,OSU,OH,AGL,CE,Federal Contract Tower,0,13,33,0,46,0,0,127,0,127,0,13,160,0,173,136,0,136,309
03/05/2002,OSU,OH,AGL,CE,Federal Contract Tower,0,8,81,2,91,0,2,110,0,112,0,10,191,2,203,109,0,109,312
03/06/2002,OSU,OH,AGL,CE,Federal Contract Tower,0,8,66,0,74,0,0,160,9,169,0,8,226,9,243,204,0,204,447
03/07/2002,OSU,OH,AGL,CE,Federal Contract Tower,0,6,63,0,69,0,0,226,0,226,0,6,289,0,295,340,0,340,635
03/08/2002,OSU,OH,AGL,CE,Federal Contract Tower,0,13,55,0,68,0,0,142,2,144,0,13,197,2,212,102,0,102,314
03/09/2002,OSU,OH,AGL,CE,Federal Contract Tower,0,6,8,0,14,0,0,6,0,6,0,6,14,0,20,0,0,0,20
03/10/2002,OSU,OH,AGL,CE,Federal Contract Tower,0,7,31,0,38,0,0,36,0,36,0,7,67,0,74,14,0,14,88
03/11/2002,OSU,OH,AGL,CE,Federal Contract Tower,0,13,47,2,62,0,0,248,2,250,0,13,295,4,312,334,0,334,646
03/12/2002,OSU,OH,AGL,CE,Federal Contract Tower,0,7,66,1,74,0,0,43,3,46,0,7,109,4,120,114,0,114,234
03/13/2002,OSU,OH,AGL,CE,Federal Contract Tower,0,14,64,0,78,0,0,232,2,234,0,14,296,2,312,250,0,250,562
03/14/2002,OSU,OH,AGL,CE,Federal Contract Tower,0,12,79,0,91,0,0,207,0,207,0,12,286,0,298,248,0,248,546
03/15/2002,OSU,OH,AGL,CE,Federal Contract Tower,0,3,56,0,59,0,0,81,0,81,0,3,137,0,140,146,0,146,286
03/16/2002,OSU,OH,AGL,CE,Federal Contract Tower,0,4,31,0,35,0,0,60,0,60,0,4,91,0,95,22,0,22,117
03/17/2002,OSU,OH,AGL,CE,Federal Contract Tower,0,1,30,0,31,0,0,37,0,37,0,1,67,0,68,24,0,24,92
03/18/2002,OSU,OH,AGL,CE,Federal Contract Tower,0,5,55,0,60,0,0,95,0,95,0,5,150,0,155,230,0,230,385
03/19/2002,OSU,OH,AGL,CE,Federal Contract Tower,0,8,70,0,78,0,0,132,0,132,0,8,202,0,210,194,0,194,404
03/20/2002,OSU,OH,AGL,CE,Federal Contract Tower,0,3,49,0,52,0,0,41,2,43,0,3,90,2,95,50,0,50,145
03/21/2002,OSU,OH,AGL,CE,Federal Contract Tower,0,10,72,0,82,0,0,91,1,92,0,10,163,1,174,186,0,186,360
03/22/2002,OSU,OH,AGL,CE,Federal Contract Tower,0,7,66,0,73,0,0,148,0,148,0,7,214,0,221,104,0,104,325
03/23/2002,OSU,OH,AGL,CE,Federal Contract Tower,0,7,29,2,38,0,1,125,0,126,0,8,154,2,164,36,0,36,200
03/24/2002,OSU,OH,AGL,CE,Federal Contract Tower,0,4,30,0,34,0,0,94,0,94,0,4,124,0,128,50,0,50,178
03/25/2002,OSU,OH,AGL,CE,Federal Contract Tower,0,5,33,0,38,0,3,0,0,3,0,8,33,0,41,0,0,0,41
03/26/2002,OSU,OH,AGL,CE,Federal Contract Tower,0,3,33,0,36,0,0,1,0,1,0,3,34,0,37,0,0,0,37
03/27/2002,OSU,OH,AGL,CE,Federal Contract Tower,0,4,66,0,70,0,0,66,1,67,0,4,132,1,137,274,0,274,411
03/28/2002,OSU,OH,AGL,CE,Federal Contract Tower,0,14,72,0,86,0,0,156,1,157,0,14,228,1,243,170,0,170,413
03/29/2002,OSU,OH,AGL,CE,Federal Contract Tower,0,6,36,0,42,0,0,101,0,101,0,6,137,0,143,96,0,96,239
03/30/2002,OSU,OH,AGL,CE,Federal Contract Tower,0,8,20,0,28,0,0,80,0,80,0,8,100,0,108,60,0,60,168
03/31/2002,OSU,OH,AGL,CE,Federal Contract Tower,0,5,22,0,27,0,0,50,0,50,0,5,72,0,77,10,0,10,87
04/01/2002,OSU,OH,AGL,CE,Federal Contract Tower,0,5,53,0,58,0,0,166,0,166,0,5,219,0,224,206,0,206,430
04/02/2002,OSU,OH,AGL,CE,Federal Contract Tower,0,15,58,0,73,0,0,96,0,96,0,15,154,0,169,104,0,104,273
04/03/2002,OSU,OH,AGL,CE,Federal Contract Tower,0,11,65,0,76,0,0,86,0,86,0,11,151,0,162,138,0,138,300
04/04/2002,OSU,OH,AGL,CE,Federal Contract Tower,0,11,74,0,85,0,0,235,4,239,0,11,309,4,324,214,0,214,538
04/05/2002,OSU,OH,AGL,CE,Federal Contract Tower,0,14,67,0,81,0,0,170,0,170,0,14,237,0,251,312,0,312,563
04/06/2002,OSU,OH,AGL,CE,Federal Contract Tower,0,7,49,0,56,0,0,140,0,140,0,7,189,0,196,194,0,194,390
04/07/2002,OSU,OH,AGL,CE,Federal Contract Tower,0,7,52,0,59,0,0,81,0,81,0,7,133,0,140,66,0,66,206
04/08/2002,OSU,OH,AGL,CE,Federal Contract Tower,0,6,57,0,63,0,0,106,0,106,0,6,163,0,169,216,0,216,385
04/09/2002,OSU,OH,AGL,CE,Federal Contract Tower,0,7,37,0,44,0,0,81,4,85,0,7,118,4,129,200,0,200,329
04/10/2002,OSU,OH,AGL,CE,Federal Contract Tower,0,13,69,0,82,0,0,278,0,278,0,13,347,0,360,288,0,288,648
04/11/2002,OSU,OH,AGL,CE,Federal Contract Tower,0,11,88,2,101,0,0,267,0,267,0,11,355,2,368,154,0,154,522
04/12/2002,OSU,OH,AGL,CE,Federal Contract Tower,0,13,60,0,73,0,0,127,4,131,0,13,187,4,204,88,0,88,292
04/13/2002,OSU,OH,AGL,CE,Federal Contract Tower,0,8,45,0,53,0,0,59,2,61,0,8,104,2,114,72,0,72,186
04/14/2002,OSU,OH,AGL,CE,Federal Contract Tower,0,6,37,0,43,0,0,19,0,19,0,6,56,0,62,6,0,6,68
04/15/2002,OSU,OH,AGL,CE,Federal Contract Tower,0,6,61,2,69,0,0,229,0,229,0,6,290,2,298,180,0,180,478
04/16/2002,OSU,OH,AGL,CE,Federal Contract Tower,0,12,71,0,83,0,0,330,2,332,0,12,401,2,415,230,0,230,645
04/17/2002,OSU,OH,AGL,CE,Federal Contract Tower,0,8,58,0,66,0,0,196,3,199,0,8,254,3,265,280,0,280,545
04/18/2002,OSU,OH,AGL,CE,Federal Contract Tower,0,9,78,2,89,0,0,227,0,227,0,9,305,2,316,166,0,166,482
04/19/2002,OSU,OH,AGL,CE,Federal Contract Tower,0,11,54,0,65,0,0,147,0,147,0,11,201,0,212,230,0,230,442
04/20/2002,OSU,OH,AGL,CE,Federal Contract Tower,0,4,37,0,41,0,0,58,0,58,0,4,95,0,99,152,0,152,251
04/21/2002,OSU,OH,AGL,CE,Federal Contract Tower,0,4,54,0,58,0,0,20,0,20,0,4,74,0,78,40,0,40,118
04/22/2002,OSU,OH,AGL,CE,Federal Contract Tower,0,5,47,0,52,0,0,42,0,42,0,5,89,0,94,52,0,52,146
04/23/2002,OSU,OH,AGL,CE,Federal Contract Tower,0,13,90,0,103,0,1,289,0,290,0,14,379,0,393,366,0,366,759
04/24/2002,OSU,OH,AGL,CE,Federal Contract Tower,0,14,52,0,66,0,0,220,2,222,0,14,272,2,288,138,0,138,426
04/25/2002,OSU,OH,AGL,CE,Federal Contract Tower,0,17,75,0,92,0,0,106,0,106,0,17,181,0,198,98,0,98,296
04/26/2002,OSU,OH,AGL,CE,Federal Contract Tower,0,11,72,2,85,0,0,191,0,191,0,11,263,2,276,272,0,272,548
04/27/2002,OSU,OH,AGL,CE,Federal Contract Tower,0,4,40,0,44,0,0,164,0,164,0,4,204,0,208,190,0,190,398
04/28/2002,OSU,OH,AGL,CE,Federal Contract Tower,0,6,20,0,26,0,0,10,0,10,0,6,30,0,36,28,0,28,64
04/29/2002,OSU,OH,AGL,CE,Federal Contract Tower,0,4,43,0,47,0,0,80,0,80,0,4,123,0,127,110,0,110,237
04/30/2002,OSU,OH,AGL,CE,Federal Contract Tower,0,5,66,0,71,0,2,124,2,128,0,7,190,2,199,302,0,302,501
05/01/2002,OSU,OH,AGL,CE,Federal Contract Tower,0,11,45,0,56,0,0,190,0,190,0,11,235,0,246,230,0,230,476
05/02/2002,OSU,OH,AGL,CE,Federal Contract Tower,0,25,82,0,107,0,0,92,3,95,0,25,174,3,202,174,0,174,376
05/03/2002,OSU,OH,AGL,CE,Federal Contract Tower,0,5,72,0,77,0,1,296,2,299,0,6,368,2,376,234,0,234,610
05/04/2002,OSU,OH,AGL,CE,Federal Contract Tower,0,3,35,0,38,0,0,187,7,194,0,3,222,7,232,218,0,218,450
05/05/2002,OSU,OH,AGL,CE,Federal Contract Tower,0,3,36,0,39,0,0,217,1,218,0,3,253,1,257,78,0,78,335
05/06/2002,OSU,OH,AGL,CE,Federal Contract Tower,0,2,56,0,58,0,0,55,0,55,0,2,111,0,113,56,0,56,169
05/07/2002,OSU,OH,AGL,CE,Federal Contract Tower,0,22,63,0,85,0,0,56,4,60,0,22,119,4,145,156,0,156,301
05/08/2002,OSU,OH,AGL,CE,Federal Contract Tower,0,11,98,0,109,0,0,24,0,24,0,11,122,0,133,80,0,80,213
05/09/2002,OSU,OH,AGL,CE,Federal Contract Tower,0,21,72,0,93,0,0,179,0,179,0,21,251,0,272,454,0,454,726
05/10/2002,OSU,OH,AGL,CE,Federal Contract Tower,0,15,90,0,105,0,0,375,3,378,0,15,465,3,483,1180,0,1180,1663
05/11/2002,OSU,OH,AGL,CE,Federal Contract Tower,0,7,35,0,42,0,0,342,0,342,0,7,377,0,384,1060,0,1060,1444
05/12/2002,OSU,OH,AGL,CE,Federal Contract Tower,0,7,32,0,39,0,0,56,0,56,0,7,88,0,95,464,0,464,559
05/13/2002,OSU,OH,AGL,CE,Federal Contract Tower,0,3,40,0,43,0,0,11,1,12,0,3,51,1,55,0,0,0,55
05/14/2002,OSU,OH,AGL,CE,Federal Contract Tower,0,5,86,2,93,0,1,454,4,459,0,6,540,6,552,842,0,842,1394
05/15/2002,OSU,OH,AGL,CE,Federal Contract Tower,0,21,89,1,111,0,5,535,0,540,0,26,624,1,651,24,6,30,681
05/16/2002,OSU,OH,AGL,CE,Federal Contract Tower,0,21,101,0,122,0,9,456,0,465,0,30,557,0,587,330,0,330,917
05/17/2002,OSU,OH,AGL,CE,Federal Contract Tower,0,17,76,0,93,0,0,86,0,86,0,17,162,0,179,304,0,304,483
05/18/2002,OSU,OH,AGL,CE,Federal Contract Tower,0,7,36,0,43,0,0,291,0,291,0,7,327,0,334,232,0,232,566
05/19/2002,OSU,OH,AGL,CE,Federal Contract Tower,0,10,58,0,68,0,0,223,0,223,0,10,281,0,291,20,0,20,311
05/20/2002,OSU,OH,AGL,CE,Federal Contract Tower,0,16,80,0,96,0,1,204,0,205,0,17,284,0,301,244,0,244,545
05/21/2002,OSU,OH,AGL,CE,Federal Contract Tower,0,29,62,0,91,0,0,264,0,264,0,29,326,0,355,240,0,240,595
05/22/2002,OSU,OH,AGL,CE,Federal Contract Tower,0,24,82,0,106,0,0,294,0,294,0,24,376,0,400,242,0,242,642
05/23/2002,OSU,OH,AGL,CE,Federal Contract Tower,0,13,101,0,114,0,2,287,0,289,0,15,388,0,403,358,0,358,761
05/24/2002,OSU,OH,AGL,CE,Federal Contract Tower,0,23,125,0,148,0,0,197,0,197,0,23,322,0,345,268,0,268,613
05/25/2002,OSU,OH,AGL,CE,Federal Contract Tower,0,15,47,0,62,0,0,46,0,46,0,15,93,0,108,28,0,28,136
05/26/2002,OSU,OH,AGL,CE,Federal Contract Tower,0,37,76,0,113,0,0,166,0,166,0,37,242,0,279,70,0,70,349
05/27/2002,OSU,OH,AGL,CE,Federal Contract Tower,0,9,41,0,50,0,0,177,2,179,0,9,218,2,229,84,0,84,313
05/28/2002,OSU,OH,AGL,CE,Federal Contract Tower,0,17,51,0,68,0,4,85,0,89,0,21,136,0,157,278,0,278,435
05/29/2002,OSU,OH,AGL,CE,Federal Contract Tower,0,9,59,0,68,0,0,92,2,94,0,9,151,2,162,178,0,178,340
05/30/2002,OSU,OH,AGL,CE,Federal Contract Tower,0,24,65,0,89,0,0,139,0,139,0,24,204,0,228,230,0,230,458
05/31/2002,OSU,OH,AGL,CE,Federal Contract Tower,0,10,56,0,66,0,0,151,0,151,0,10,207,0,217,146,0,146,363
06/01/2002,OSU,OH,AGL,CE,Federal Contract Tower,0,15,35,0,50,0,0,115,0,115,0,15,150,0,165,170,0,170,335
06/02/2002,OSU,OH,AGL,CE,Federal Contract Tower,0,8,30,0,38,0,0,131,0,131,0,8,161,0,169,30,0,30,199
06/03/2002,OSU,OH,AGL,CE,Federal Contract Tower,0,5,49,0,54,0,0,100,0,100,0,5,149,0,154,144,0,144,298
06/04/2002,OSU,OH,AGL,CE,Federal Contract Tower,0,14,71,0,85,0,0,163,0,163,0,14,234,0,248,152,0,152,400
06/05/2002,OSU,OH,AGL,CE,Federal Contract Tower,0,10,53,0,63,0,0,124,0,124,0,10,177,0,187,154,0,154,341
06/06/2002,OSU,OH,AGL,CE,Federal Contract Tower,0,17,66,0,83,0,0,11,2,13,0,17,77,2,96,64,0,64,160
06/07/2002,OSU,OH,AGL,CE,Federal Contract Tower,0,12,86,0,98,0,0,160,0,160,0,12,246,0,258,342,0,342,600
06/08/2002,OSU,OH,AGL,CE,Federal Contract Tower,0,14,32,0,46,0,0,271,9,280,0,14,303,9,326,62,0,62,388
06/09/2002,OSU,OH,AGL,CE,Federal Contract Tower,0,10,36,0,46,0,0,159,0,159,0,10,195,0,205,72,0,72,277
06/10/2002,OSU,OH,AGL,CE,Federal Contract Tower,0,6,65,0,71,0,0,196,0,196,0,6,261,0,267,270,0,270,537
06/11/2002,OSU,OH,AGL,CE,Federal Contract Tower,0,5,68,0,73,0,0,64,0,64,0,5,132,0,137,110,0,110,247
06/12/2002,OSU,OH,AGL,CE,Federal Contract Tower,0,7,93,0,100,0,0,143,8,151,0,7,236,8,251,354,0,354,605
06/13/2002,OSU,OH,AGL,CE,Federal Contract Tower,0,9,68,2,79,0,0,39,3,42,0,9,107,5,121,82,0,82,203
06/14/2002,OSU,OH,AGL,CE,Federal Contract Tower,0,7,60,0,67,0,0,106,0,106,0,7,166,0,173,112,0,112,285
06/15/2002,OSU,OH,AGL,CE,Federal Contract Tower,0,5,23,0,28,0,2,44,0,46,0,7,67,0,74,54,0,54,128
06/16/2002,OSU,OH,AGL,CE,Federal Contract Tower,0,7,37,0,44,0,1,111,0,112,0,8,148,0,156,88,0,88,244
06/17/2002,OSU,OH,AGL,CE,Federal Contract Tower,0,14,73,0,87,0,0,150,0,150,0,14,223,0,237,90,0,90,327
06/18/2002,OSU,OH,AGL,CE,Federal Contract Tower,0,14,69,0,83,0,0,128,0,128,0,14,197,0,211,128,0,128,339
06/19/2002,OSU,OH,AGL,CE,Federal Contract Tower,0,13,74,0,87,0,0,144,0,144,0,13,218,0,231,102,0,102,333
06/20/2002,OSU,OH,AGL,CE,Federal Contract Tower,0,32,83,0,115,0,0,178,0,178,0,32,261,0,293,150,0,150,443
06/21/2002,OSU,OH,AGL,CE,Federal Contract Tower,0,12,71,0,83,0,0,139,0,139,0,12,210,0,222,160,0,160,382
06/22/2002,OSU,OH,AGL,CE,Federal Contract Tower,0,7,51,2,60,0,0,92,0,92,0,7,143,2,152,60,0,60,212
06/23/2002,OSU,OH,AGL,CE,Federal Contract Tower,0,2,33,0,35,0,0,112,2,114,0,2,145,2,149,80,0,80,229
06/24/2002,OSU,OH,AGL,CE,Federal Contract Tower,0,8,64,0,72,0,0,134,0,134,0,8,198,0,206,54,0,54,260
06/25/2002,OSU,OH,AGL,CE,Federal Contract Tower,0,14,80,0,94,0,0,101,0,101,0,14,181,0,195,170,0,170,365
06/26/2002,OSU,OH,AGL,CE,Federal Contract Tower,0,25,83,0,108,0,0,118,0,118,0,25,201,0,226,106,0,106,332
06/27/2002,OSU,OH,AGL,CE,Federal Contract Tower,0,15,60,0,75,0,0,72,0,72,0,15,132,0,147,206,0,206,353
06/28/2002,OSU,OH,AGL,CE,Federal Contract Tower,0,10,69,0,79,0,0,153,2,155,0,10,222,2,234,152,0,152,386
06/29/2002,OSU,OH,AGL,CE,Federal Contract Tower,0,9,30,0,39,0,0,122,0,122,0,9,152,0,161,46,0,46,207
06/30/2002,OSU,OH,AGL,CE,Federal Contract Tower,0,2,31,0,33,0,0,84,0,84,0,2,115,0,117,8,0,8,125
07/01/2002,OSU,OH,AGL,CE,Federal Contract Tower,0,1,44,1,46,0,1,118,1,120,0,2,162,2,166,72,0,72,238
07/02/2002,OSU,OH,AGL,CE,Federal Contract Tower,0,5,32,0,37,0,2,198,0,200,0,7,230,0,237,0,0,0,237
07/03/2002,OSU,OH,AGL,CE,Federal Contract Tower,0,7,21,0,28,0,0,138,0,138,0,7,159,0,166,18,0,18,184
07/04/2002,OSU,OH,AGL,CE,Federal Contract Tower,0,3,11,0,14,0,0,118,0,118,0,3,129,0,132,0,0,0,132
07/05/2002,OSU,OH,AGL,CE,Federal Contract Tower,0,3,23,0,26,0,0,162,0,162,0,3,185,0,188,106,0,106,294
07/06/2002,OSU,OH,AGL,CE,Federal Contract Tower,0,5,42,0,47,0,0,135,0,135,0,5,177,0,182,30,0,30,212
07/07/2002,OSU,OH,AGL,CE,Federal Contract Tower,0,6,35,0,41,0,1,124,0,125,0,7,159,0,166,18,0,18,184
07/08/2002,OSU,OH,AGL,CE,Federal Contract Tower,0,5,29,0,34,0,0,131,6,137,0,5,160,6,171,194,0,194,365
07/09/2002,OSU,OH,AGL,CE,Federal Contract Tower,0,10,72,0,82,0,0,111,6,117,0,10,183,6,199,154,0,154,353
07/10/2002,OSU,OH,AGL,CE,Federal Contract Tower,0,9,66,0,75,0,0,153,8,161,0,9,219,8,236,134,0,134,370
07/11/2002,OSU,OH,AGL,CE,Federal Contract Tower,0,9,45,0,54,0,0,230,6,236,0,9,275,6,290,225,0,225,515
07/12/2002,OSU,OH,AGL,CE,Federal Contract Tower,0,7,54,0,61,0,0,238,0,238,0,7,292,0,299,260,0,260,559
07/13/2002,OSU,OH,AGL,CE,Federal Contract Tower,0,8,17,0,25,0,0,106,0,106,0,8,123,0,131,110,0,110,241
07/14/2002,OSU,OH,AGL,CE,Federal Contract Tower,0,5,65,0,70,0,0,65,0,65,0,5,130,0,135,2,0,2,137
07/15/2002,OSU,OH,AGL,CE,Federal Contract Tower,0,6,59,0,65,0,1,212,3,216,0,7,271,3,281,212,0,212,493
07/16/2002,OSU,OH,AGL,CE,Federal Contract Tower,0,16,76,0,92,0,0,193,1,194,0,16,269,1,286,282,0,282,568
07/17/2002,OSU,OH,AGL,CE,Federal Contract Tower,0,21,67,0,88,0,0,195,0,195,0,21,262,0,283,268,0,268,551
07/18/2002,OSU,OH,AGL,CE,Federal Contract Tower,0,21,93,0,114,0,0,104,0,104,0,21,197,0,218,192,0,192,410
07/19/2002,OSU,OH,AGL,CE,Federal Contract Tower,0,10,49,0,59,0,0,89,0,89,0,10,138,0,148,68,0,68,216
07/20/2002,OSU,OH,AGL,CE,Federal Contract Tower,0,6,44,0,50,0,0,185,0,185,0,6,229,0,235,82,0,82,317
07/21/2002,OSU,OH,AGL,CE,Federal Contract Tower,0,20,38,0,58,0,0,92,0,92,0,20,130,0,150,8,0,8,158
07/22/2002,OSU,OH,AGL,CE,Federal Contract Tower,0,11,54,0,65,0,0,136,0,136,0,11,190,0,201,92,0,92,293
07/23/2002,OSU,OH,AGL,CE,Federal Contract Tower,0,8,60,0,68,0,0,75,0,75,0,8,135,0,143,80,0,80,223
07/24/2002,OSU,OH,AGL,CE,Federal Contract Tower,0,12,61,0,73,0,0,216,0,216,0,12,277,0,289,130,0,130,419
07/25/2002,OSU,OH,AGL,CE,Federal Contract Tower,0,15,69,0,84,0,0,245,2,247,0,15,314,2,331,186,0,186,517
07/26/2002,OSU,OH,AGL,CE,Federal Contract Tower,0,18,69,0,87,0,0,128,0,128,0,18,197,0,215,116,0,116,331
07/27/2002,OSU,OH,AGL,CE,Federal Contract Tower,0,7,29,0,36,0,0,28,0,28,0,7,57,0,64,24,0,24,88
07/28/2002,OSU,OH,AGL,CE,Federal Contract Tower,0,6,34,0,40,0,0,100,0,100,0,6,134,0,140,66,0,66,206
07/29/2002,OSU,OH,AGL,CE,Federal Contract Tower,0,4,33,0,37,0,0,82,0,82,0,4,115,0,119,74,0,74,193
07/30/2002,OSU,OH,AGL,CE,Federal Contract Tower,0,12,87,0,99,0,0,162,0,162,0,12,249,0,261,112,0,112,373
07/31/2002,OSU,OH,AGL,CE,Federal Contract Tower,0,13,80,0,93,0,0,291,0,291,0,13,371,0,384,280,0,280,664
08/01/2002,OSU,OH,AGL,CE,Federal Contract Tower,0,12,67,0,79,0,0,163,4,167,0,12,230,4,246,212,0,212,458
08/02/2002,OSU,OH,AGL,CE,Federal Contract Tower,0,15,50,0,65,0,0,96,0,96,0,15,146,0,161,100,0,100,261
08/03/2002,OSU,OH,AGL,CE,Federal Contract Tower,0,9,12,0,21,0,0,129,0,129,0,9,141,0,150,108,0,108,258
08/04/2002,OSU,OH,AGL,CE,Federal Contract Tower,0,3,25,0,28,0,0,112,0,112,0,3,137,0,140,92,0,92,232
08/05/2002,OSU,OH,AGL,CE,Federal Contract Tower,0,10,40,0,50,0,0,39,0,39,0,10,79,0,89,52,0,52,141
08/06/2002,OSU,OH,AGL,CE,Federal Contract Tower,0,11,68,0,79,0,0,204,0,204,0,11,272,0,283,152,0,152,435
08/07/2002,OSU,OH,AGL,CE,Federal Contract Tower,0,11,78,0,89,0,0,155,0,155,0,11,233,0,244,168,0,168,412
08/08/2002,OSU,OH,AGL,CE,Federal Contract Tower,0,10,58,0,68,0,0,160,2,162,0,10,218,2,230,122,0,122,352
08/09/2002,OSU,OH,AGL,CE,Federal Contract Tower,0,19,49,0,68,0,0,168,0,168,0,19,217,0,236,128,0,128,364
08/10/2002,OSU,OH,AGL,CE,Federal Contract Tower,0,11,34,0,45,0,0,164,0,164,0,11,198,0,209,84,0,84,293
08/11/2002,OSU,OH,AGL,CE,Federal Contract Tower,0,6,30,0,36,0,0,85,0,85,0,6,115,0,121,42,0,42,163
08/12/2002,OSU,OH,AGL,CE,Federal Contract Tower,0,7,38,0,45,0,0,99,0,99,0,7,137,0,144,80,0,80,224
08/13/2002,OSU,OH,AGL,CE,Federal Contract Tower,0,9,47,0,56,0,0,113,7,120,0,9,160,7,176,126,0,126,302
08/14/2002,OSU,OH,AGL,CE,Federal Contract Tower,0,9,35,0,44,0,0,48,0,48,0,9,83,0,92,22,0,22,114
08/15/2002,OSU,OH,AGL,CE,Federal Contract Tower,0,15,99,1,115,0,0,108,1,109,0,15,207,2,224,118,0,118,342
08/16/2002,OSU,OH,AGL,CE,Federal Contract Tower,0,13,58,0,71,0,1,139,0,140,0,14,197,0,211,106,0,106,317
08/17/2002,OSU,OH,AGL,CE,Federal Contract Tower,0,7,46,0,53,0,0,137,2,139,0,7,183,2,192,68,0,68,260
08/18/2002,OSU,OH,AGL,CE,Federal Contract Tower,0,10,39,0,49,0,1,118,0,119,0,11,157,0,168,54,0,54,222
08/19/2002,OSU,OH,AGL,CE,Federal Contract Tower,0,6,32,0,38,0,0,119,5,124,0,6,151,5,162,98,0,98,260
08/20/2002,OSU,OH,AGL,CE,Federal Contract Tower,0,14,54,0,68,0,0,239,6,245,0,14,293,6,313,336,0,336,649
08/21/2002,OSU,OH,AGL,CE,Federal Contract Tower,0,14,81,0,95,0,0,213,0,213,0,14,294,0,308,232,0,232,540
08/22/2002,OSU,OH,AGL,CE,Federal Contract Tower,0,13,56,0,69,0,0,151,1,152,0,13,207,1,221,80,0,80,301
08/23/2002,OSU,OH,AGL,CE,Federal Contract Tower,0,11,39,0,50,0,0,63,7,70,0,11,102,7,120,128,0,128,248
08/24/2002,OSU,OH,AGL,CE,Federal Contract Tower,0,6,55,0,61,0,0,59,4,63,0,6,114,4,124,50,0,50,174
08/25/2002,OSU,OH,AGL,CE,Federal Contract Tower,0,4,23,0,27,0,0,169,0,169,0,4,192,0,196,88,0,88,284
08/26/2002,OSU,OH,AGL,CE,Federal Contract Tower,0,8,51,0,59,0,0,228,0,228,0,8,279,0,287,246,0,246,533
08/27/2002,OSU,OH,AGL,CE,Federal Contract Tower,0,18,83,0,101,0,0,184,2,186,0,18,267,2,287,174,0,174,461
08/28/2002,OSU,OH,AGL,CE,Federal Contract Tower,0,15,68,0,83,0,0,100,2,102,0,15,168,2,185,96,0,96,281
08/29/2002,OSU,OH,AGL,CE,Federal Contract Tower,0,5,66,2,73,0,4,203,0,207,0,9,269,2,280,296,0,296,576
08/30/2002,OSU,OH,AGL,CE,Federal Contract Tower,0,12,49,2,63,0,0,167,2,169,0,12,216,4,232,92,0,92,324
08/31/2002,OSU,OH,AGL,CE,Federal Contract Tower,0,3,15,0,18,0,0,106,0,106,0,3,121,0,124,44,0,44,168
09/01/2002,OSU,OH,AGL,CE,Federal Contract Tower,0,2,10,0,12,0,0,108,0,108,0,2,118,0,120,2,0,2,122
09/02/2002,OSU,OH,AGL,CE,Federal Contract Tower,0,6,19,0,25,0,0,121,0,121,0,6,140,0,146,24,0,24,170
09/03/2002,OSU,OH,AGL,CE,Federal Contract Tower,0,8,48,0,56,0,0,109,2,111,0,8,157,2,167,28,0,28,195
09/04/2002,OSU,OH,AGL,CE,Federal Contract Tower,0,10,35,0,45,0,0,150,2,152,0,10,185,2,197,216,0,216,413
09/05/2002,OSU,OH,AGL,CE,Federal Contract Tower,0,19,55,0,74,0,0,160,0,160,0,19,215,0,234,196,0,196,430
09/06/2002,OSU,OH,AGL,CE,Federal Contract Tower,0,11,38,0,49,0,0,198,0,198,0,11,236,0,247,164,0,164,411
09/07/2002,OSU,OH,AGL,CE,Federal Contract Tower,0,10,32,0,42,0,0,162,1,163,0,10,194,1,205,104,0,104,309
09/08/2002,OSU,OH,AGL,CE,Federal Contract Tower,0,10,34,0,44,0,0,174,0,174,0,10,208,0,218,52,0,52,270
09/09/2002,OSU,OH,AGL,CE,Federal Contract Tower,0,15,53,0,68,0,0,98,0,98,0,15,151,0,166,116,0,116,282
09/10/2002,OSU,OH,AGL,CE,Federal Contract Tower,0,9,61,0,70,0,0,131,2,133,0,9,192,2,203,122,0,122,325
09/11/2002,OSU,OH,AGL,CE,Federal Contract Tower,0,11,55,0,66,0,0,60,0,60,0,11,115,0,126,24,0,24,150
09/12/2002,OSU,OH,AGL,CE,Federal Contract Tower,0,20,56,2,78,0,0,169,0,169,0,20,225,2,247,74,0,74,321
09/13/2002,OSU,OH,AGL,CE,Federal Contract Tower,0,19,51,0,70,0,0,207,0,207,0,19,258,0,277,172,0,172,449
09/14/2002,OSU,OH,AGL,CE,Federal Contract Tower,0,10,44,0,54,0,0,53,4,57,0,10,97,4,111,128,0,128,239
09/15/2002,OSU,OH,AGL,CE,Federal Contract Tower,0,8,38,0,46,0,0,72,0,72,0,8,110,0,118,20,0,20,138
09/16/2002,OSU,OH,AGL,CE,Federal Contract Tower,0,4,56,0,60,0,0,93,0,93,0,4,149,0,153,62,0,62,215
09/17/2002,OSU,OH,AGL,CE,Federal Contract Tower,0,8,87,4,99,0,0,180,0,180,0,8,267,4,279,78,0,78,357
09/18/2002,OSU,OH,AGL,CE,Federal Contract Tower,0,19,53,0,72,0,0,98,4,102,0,19,151,4,174,94,0,94,268
09/19/2002,OSU,OH,AGL,CE,Federal Contract Tower,0,10,92,2,104,0,0,35,0,35,0,10,127,2,139,36,0,36,175
09/20/2002,OSU,OH,AGL,CE,Federal Contract Tower,0,14,57,0,71,0,3,62,0,65,0,17,119,0,136,28,0,28,164
09/21/2002,OSU,OH,AGL,CE,Federal Contract Tower,0,8,32,1,41,0,0,165,2,167,0,8,197,3,208,152,0,152,360
09/22/2002,OSU,OH,AGL,CE,Federal Contract Tower,0,6,57,0,63,0,0,44,0,44,0,6,101,0,107,86,0,86,193
09/23/2002,OSU,OH,AGL,CE,Federal Contract Tower,0,3,57,0,60,0,0,151,1,152,0,3,208,1,212,92,0,92,304
09/24/2002,OSU,OH,AGL,CE,Federal Contract Tower,0,10,45,0,55,0,0,194,8,202,0,10,239,8,257,190,0,190,447
09/25/2002,OSU,OH,AGL,CE,Federal Contract Tower,0,16,68,0,84,0,0,142,3,145,0,16,210,3,229,118,0,118,347
09/26/2002,OSU,OH,AGL,CE,Federal Contract Tower,0,15,105,0,120,0,0,74,0,74,0,15,179,0,194,146,0,146,340
09/27/2002,OSU,OH,AGL,CE,Federal Contract Tower,0,7,37,0,44,0,5,29,0,34,0,12,66,0,78,0,0,0,78
09/28/2002,OSU,OH,AGL,CE,Federal Contract Tower,0,12,58,0,70,0,0,118,0,118,0,12,176,0,188,6,0,6,194
09/29/2002,OSU,OH,AGL,CE,Federal Contract Tower,0,6,41,0,47,0,0,128,1,129,0,6,169,1,176,104,0,104,280
09/30/2002,OSU,OH,AGL,CE,Federal Contract Tower,0,6,43,0,49,0,0,176,0,176,0,6,219,0,225,128,0,128,353
10/01/2002,OSU,OH,AGL,CE,Federal Contract Tower,0,5,69,0,74,0,1,93,0,94,0,6,162,0,168,126,0,126,294
10/02/2002,OSU,OH,AGL,CE,Federal Contract Tower,0,23,49,0,72,0,0,102,0,102,0,23,151,0,174,220,0,220,394
10/03/2002,OSU,OH,AGL,CE,Federal Contract Tower,0,11,53,0,64,0,0,147,0,147,0,11,200,0,211,416,0,416,627
10/04/2002,OSU,OH,AGL,CE,Federal Contract Tower,0,9,45,0,54,0,0,32,0,32,0,9,77,0,86,24,0,24,110
10/05/2002,OSU,OH,AGL,CE,Federal Contract Tower,0,14,28,0,42,0,0,173,0,173,0,14,201,0,215,132,0,132,347
10/06/2002,OSU,OH,AGL,CE,Federal Contract Tower,0,11,26,0,37,0,0,131,0,131,0,11,157,0,168,74,0,74,242
10/07/2002,OSU,OH,AGL,CE,Federal Contract Tower,0,8,52,0,60,0,0,152,4,156,0,8,204,4,216,116,0,116,332
10/08/2002,OSU,OH,AGL,CE,Federal Contract Tower,0,14,61,0,75,0,0,208,6,214,0,14,269,6,289,188,0,188,477
10/09/2002,OSU,OH,AGL,CE,Federal Contract Tower,0,10,70,0,80,0,0,207,2,209,0,10,277,2,289,196,0,196,485
10/10/2002,OSU,OH,AGL,CE,Federal Contract Tower,0,10,69,2,81,0,0,159,0,159,0,10,228,2,240,252,0,252,492
10/11/2002,OSU,OH,AGL,CE,Federal Contract Tower,0,9,46,0,55,0,0,136,0,136,0,9,182,0,191,256,0,256,447
10/12/2002,OSU,OH,AGL,CE,Federal Contract Tower,0,7,49,0,56,0,0,87,0,87,0,7,136,0,143,234,0,234,377
10/13/2002,OSU,OH,AGL,CE,Federal Contract Tower,0,9,48,0,57,0,0,95,0,95,0,9,143,0,152,202,0,202,354
10/14/2002,OSU,OH,AGL,CE,Federal Contract Tower,0,5,54,0,59,0,0,216,0,216,0,5,270,0,275,938,0,938,1213
10/15/2002,OSU,OH,AGL,CE,Federal Contract Tower,0,9,93,0,102,0,0,257,0,257,0,9,350,0,359,1040,0,1040,1399
10/16/2002,OSU,OH,AGL,CE,Federal Contract Tower,0,8,61,0,69,0,0,45,0,45,0,8,106,0,114,22,0,22,136
10/17/2002,OSU,OH,AGL,CE,Federal Contract Tower,0,25,75,0,100,0,0,174,0,174,0,25,249,0,274,1198,0,1198,1472
10/18/2002,OSU,OH,AGL,CE,Federal Contract Tower,0,22,62,0,84,0,0,200,0,200,0,22,262,0,284,76,0,76,360
10/19/2002,OSU,OH,AGL,CE,Federal Contract Tower,0,10,49,0,59,0,0,116,0,116,0,10,165,0,175,0,0,0,175
10/20/2002,OSU,OH,AGL,CE,Federal Contract Tower,0,11,48,0,59,0,0,231,0,231,0,11,279,0,290,102,0,102,392
10/21/2002,OSU,OH,AGL,CE,Federal Contract Tower,0,19,56,0,75,0,0,74,0,74,0,19,130,0,149,182,0,182,331
10/22/2002,OSU,OH,AGL,CE,Federal Contract Tower,0,12,55,0,67,0,0,253,0,253,0,12,308,0,320,412,0,412,732
10/23/2002,OSU,OH,AGL,CE,Federal Contract Tower,0,17,61,2,80,0,0,50,2,52,0,17,111,4,132,144,0,144,276
10/24/2002,OSU,OH,AGL,CE,Federal Contract Tower,0,8,62,0,70,0,0,133,0,133,0,8,195,0,203,205,0,205,408
10/25/2002,OSU,OH,AGL,CE,Federal Contract Tower,0,14,56,0,70,0,0,10,1,11,0,14,66,1,81,10,0,10,91
10/26/2002,OSU,OH,AGL,CE,Federal Contract Tower,0,12,67,0,79,0,0,10,0,10,0,12,77,0,89,0,0,0,89
10/27/2002,OSU,OH,AGL,CE,Federal Contract Tower,0,12,47,0,59,0,0,114,0,114,0,12,161,0,173,34,0,34,207
10/28/2002,OSU,OH,AGL,CE,Federal Contract Tower,0,15,67,0,82,0,0,182,6,188,0,15,249,6,270,204,0,204,474
10/29/2002,OSU,OH,AGL,CE,Federal Contract Tower,0,13,68,4,85,0,0,14,0,14,0,13,82,4,99,4,0,4,103
10/30/2002,OSU,OH,AGL,CE,Federal Contract Tower,0,17,43,0,60,0,0,55,5,60,0,17,98,5,120,102,0,102,222
10/31/2002,OSU,OH,AGL,CE,Federal Contract Tower,0,15,53,0,68,0,0,161,0,161,0,15,214,0,229,310,0,310,539
11/01/2002,OSU,OH,AGL,CE,Federal Contract Tower,0,7,67,0,74,0,0,88,0,88,0,7,155,0,162,122,0,122,284
11/02/2002,OSU,OH,AGL,CE,Federal Contract Tower,0,2,25,0,27,0,0,113,0,113,0,2,138,0,140,30,0,30,170
11/03/2002,OSU,OH,AGL,CE,Federal Contract Tower,0,4,29,0,33,0,0,104,2,106,0,4,133,2,139,46,0,46,185
11/04/2002,OSU,OH,AGL,CE,Federal Contract Tower,0,1,36,0,37,0,0,43,0,43,0,1,79,0,80,52,0,52,132
11/05/2002,OSU,OH,AGL,CE,Federal Contract Tower,0,9,43,0,52,0,5,16,0,21,0,14,59,0,73,80,0,80,153
11/06/2002,OSU,OH,AGL,CE,Federal Contract Tower,0,11,46,0,57,0,0,24,0,24,0,11,70,0,81,58,0,58,139
11/07/2002,OSU,OH,AGL,CE,Federal Contract Tower,0,15,75,0,90,0,0,146,4,150,0,15,221,4,240,320,0,320,560
11/08/2002,OSU,OH,AGL,CE,Federal Contract Tower,0,10,42,0,52,0,0,111,0,111,0,10,153,0,163,52,0,52,215
11/09/2002,OSU,OH,AGL,CE,Federal Contract Tower,0,3,41,0,44,0,0,101,0,101,0,3,142,0,145,46,0,46,191
11/10/2002,OSU,OH,AGL,CE,Federal Contract Tower,0,5,15,0,20,0,0,21,0,21,0,5,36,0,41,4,0,4,45
11/11/2002,OSU,OH,AGL,CE,Federal Contract Tower,0,8,23,0,31,0,0,89,0,89,0,8,112,0,120,0,0,0,120
11/12/2002,OSU,OH,AGL,CE,Federal Contract Tower,0,19,63,0,82,0,0,96,2,98,0,19,159,2,180,202,0,202,382
11/13/2002,OSU,OH,AGL,CE,Federal Contract Tower,0,13,97,0,110,0,0,259,2,261,0,13,356,2,371,208,0,208,579
11/14/2002,OSU,OH,AGL,CE,Federal Contract Tower,0,15,43,0,58,0,0,149,2,151,0,15,192,2,209,100,0,100,309
11/15/2002,OSU,OH,AGL,CE,Federal Contract Tower,0,7,69,0,76,0,0,30,5,35,0,7,99,5,111,64,0,64,175
11/16/2002,OSU,OH,AGL,CE,Federal Contract Tower,0,5,28,0,33,0,0,0,0,0,0,5,28,0,33,0,0,0,33
11/17/2002,OSU,OH,AGL,CE,Federal Contract Tower,0,7,14,0,21,0,0,9,0,9,0,7,23,0,30,0,0,0,30
11/18/2002,OSU,OH,AGL,CE,Federal Contract Tower,0,5,48,0,53,0,0,188,0,188,0,5,236,0,241,188,0,188,429
11/19/2002,OSU,OH,AGL,CE,Federal Contract Tower,0,15,61,0,76,0,0,136,2,138,0,15,197,2,214,116,0,116,330
11/20/2002,OSU,OH,AGL,CE,Federal Contract Tower,0,15,64,0,79,0,0,237,0,237,0,15,301,0,316,158,0,158,474
11/21/2002,OSU,OH,AGL,CE,Federal Contract Tower,0,13,71,2,86,0,0,74,0,74,0,13,145,2,160,80,0,80,240
11/22/2002,OSU,OH,AGL,CE,Federal Contract Tower,0,13,39,0,52,0,0,36,0,36,0,13,75,0,88,0,0,0,88
11/23/2002,OSU,OH,AGL,CE,Federal Contract Tower,0,24,73,0,97,0,0,64,0,64,0,24,137,0,161,0,0,0,161
11/24/2002,OSU,OH,AGL,CE,Federal Contract Tower,0,7,30,1,38,0,0,192,0,192,0,7,222,1,230,76,0,76,306
11/25/2002,OSU,OH,AGL,CE,Federal Contract Tower,0,5,45,0,50,0,0,63,0,63,0,5,108,0,113,150,0,150,263
11/26/2002,OSU,OH,AGL,CE,Federal Contract Tower,0,23,47,0,70,0,0,64,2,66,0,23,111,2,136,228,0,228,364
11/27/2002,OSU,OH,AGL,CE,Federal Contract Tower,0,10,60,0,70,0,0,150,3,153,0,10,210,3,223,150,0,150,373
11/28/2002,OSU,OH,AGL,CE,Federal Contract Tower,0,6,16,0,22,0,0,61,0,61,0,6,77,0,83,0,0,0,83
11/29/2002,OSU,OH,AGL,CE,Federal Contract Tower,0,5,19,0,24,0,0,77,0,77,0,5,96,0,101,26,0,26,127
11/30/2002,OSU,OH,AGL,CE,Federal Contract Tower,0,8,11,0,19,0,0,5,0,5,0,8,16,0,24,0,0,0,24
12/01/2002,OSU,OH,AGL,CE,Federal Contract Tower,0,8,51,0,59,0,0,84,0,84,0,8,135,0,143,48,0,48,191
12/02/2002,OSU,OH,AGL,CE,Federal Contract Tower,0,6,42,0,48,0,0,144,0,144,0,6,186,0,192,254,0,254,446
12/03/2002,OSU,OH,AGL,CE,Federal Contract Tower,0,22,42,0,64,0,0,151,0,151,0,22,193,0,215,166,0,166,381
12/04/2002,OSU,OH,AGL,CE,Federal Contract Tower,0,16,30,0,46,0,0,115,2,117,0,16,145,2,163,230,0,230,393
12/05/2002,OSU,OH,AGL,CE,Federal Contract Tower,0,11,38,0,49,0,0,70,2,72,0,11,108,2,121,140,0,140,261
12/06/2002,OSU,OH,AGL,CE,Federal Contract Tower,0,16,41,0,57,0,0,155,2,157,0,16,196,2,214,240,0,240,454
12/07/2002,OSU,OH,AGL,CE,Federal Contract Tower,0,6,23,0,29,0,0,22,0,22,0,6,45,0,51,0,0,0,51
12/08/2002,OSU,OH,AGL,CE,Federal Contract Tower,0,3,19,0,22,0,0,47,1,48,0,3,66,1,70,46,0,46,116
12/09/2002,OSU,OH,AGL,CE,Federal Contract Tower,0,6,48,0,54,0,0,159,0,159,0,6,207,0,213,214,0,214,427
12/10/2002,OSU,OH,AGL,CE,Federal Contract Tower,0,6,54,0,60,0,0,198,0,198,0,6,252,0,258,320,0,320,578
12/11/2002,OSU,OH,AGL,CE,Federal Contract Tower,0,3,27,0,30,0,0,5,0,5,0,3,32,0,35,0,0,0,35
12/12/2002,OSU,OH,AGL,CE,Federal Contract Tower,0,12,44,0,56,0,0,0,0,0,0,12,44,0,56,0,0,0,56
12/13/2002,OSU,OH,AGL,CE,Federal Contract Tower,0,14,34,0,48,0,0,7,0,7,0,14,41,0,55,0,0,0,55
12/14/2002,OSU,OH,AGL,CE,Federal Contract Tower,0,8,17,0,25,0,0,21,0,21,0,8,38,0,46,0,0,0,46
12/15/2002,OSU,OH,AGL,CE,Federal Contract Tower,0,1,38,0,39,0,0,36,0,36,0,1,74,0,75,48,0,48,123
12/16/2002,OSU,OH,AGL,CE,Federal Contract Tower,0,4,53,0,57,0,0,133,0,133,0,4,186,0,190,156,0,156,346
12/17/2002,OSU,OH,AGL,CE,Federal Contract Tower,0,6,44,0,50,0,0,46,0,46,0,6,90,0,96,80,0,80,176
12/18/2002,OSU,OH,AGL,CE,Federal Contract Tower,0,13,32,0,45,0,0,60,4,64,0,13,92,4,109,58,0,58,167
12/19/2002,OSU,OH,AGL,CE,Federal Contract Tower,0,6,57,0,63,0,1,13,0,14,0,7,70,0,77,6,0,6,83
12/20/2002,OSU,OH,AGL,CE,Federal Contract Tower,0,12,47,0,59,0,0,63,0,63,0,12,110,0,122,56,0,56,178
12/21/2002,OSU,OH,AGL,CE,Federal Contract Tower,0,13,29,0,42,0,0,170,0,170,0,13,199,0,212,8,0,8,220
12/22/2002,OSU,OH,AGL,CE,Federal Contract Tower,0,6,17,0,23,0,0,44,0,44,0,6,61,0,67,60,0,60,127
12/23/2002,OSU,OH,AGL,CE,Federal Contract Tower,0,3,12,0,15,0,0,53,0,53,0,3,65,0,68,34,0,34,102
12/24/2002,OSU,OH,AGL,CE,Federal Contract Tower,0,5,16,0,21,0,0,50,0,50,0,5,66,0,71,6,0,6,77
12/25/2002,OSU,OH,AGL,CE,Federal Contract Tower,0,2,0,0,2,0,0,2,0,2,0,2,2,0,4,0,0,0,4
12/26/2002,OSU,OH,AGL,CE,Federal Contract Tower,0,3,34,0,37,0,0,34,2,36,0,3,68,2,73,24,0,24,97
12/27/2002,OSU,OH,AGL,CE,Federal Contract Tower,0,5,36,0,41,0,0,34,0,34,0,5,70,0,75,10,0,10,85
12/28/2002,OSU,OH,AGL,CE,Federal Contract Tower,0,4,19,0,23,0,4,26,0,30,0,8,45,0,53,6,0,6,59
12/29/2002,OSU,OH,AGL,CE,Federal Contract Tower,0,3,21,0,24,0,0,51,0,51,0,3,72,0,75,2,0,2,77
12/30/2002,OSU,OH,AGL,CE,Federal Contract Tower,0,2,21,0,23,0,0,40,0,40,0,2,61,0,63,0,0,0,63
12/31/2002,OSU,OH,AGL,CE,Federal Contract Tower,0,7,25,0,32,0,0,20,0,20,0,7,45,0,52,40,0,40,92
01/01/2003,OSU,OH,AGL,CE,Federal Contract Tower,0,5,15,0,20,0,1,1,0,2,0,6,16,0,22,0,0,0,22
01/02/2003,OSU,OH,AGL,CE,Federal Contract Tower,0,2,15,0,17,0,0,2,0,2,0,2,17,0,19,0,0,0,19
01/03/2003,OSU,OH,AGL,CE,Federal Contract Tower,0,2,19,0,21,0,1,31,0,32,0,3,50,0,53,66,0,66,119
01/04/2003,OSU,OH,AGL,CE,Federal Contract Tower,0,8,28,0,36,0,0,50,3,53,0,8,78,3,89,50,0,50,139
01/05/2003,OSU,OH,AGL,CE,Federal Contract Tower,0,6,14,0,20,0,0,6,0,6,0,6,20,0,26,6,0,6,32
01/06/2003,OSU,OH,AGL,CE,Federal Contract Tower,0,5,22,0,27,0,0,7,0,7,0,5,29,0,34,0,0,0,34
01/07/2003,OSU,OH,AGL,CE,Federal Contract Tower,0,4,27,0,31,0,0,110,0,110,0,4,137,0,141,58,0,58,199
01/08/2003,OSU,OH,AGL,CE,Federal Contract Tower,0,14,39,0,53,0,0,171,0,171,0,14,210,0,224,224,0,224,448
01/09/2003,OSU,OH,AGL,CE,Federal Contract Tower,0,12,55,0,67,0,0,174,0,174,0,12,229,0,241,212,0,212,453
01/10/2003,OSU,OH,AGL,CE,Federal Contract Tower,0,12,28,2,42,0,1,66,0,67,0,13,94,2,109,64,0,64,173
01/11/2003,OSU,OH,AGL,CE,Federal Contract Tower,0,4,18,0,22,0,0,123,0,123,0,4,141,0,145,180,0,180,325
01/12/2003,OSU,OH,AGL,CE,Federal Contract Tower,0,7,27,0,34,0,0,152,0,152,0,7,179,0,186,78,0,78,264
01/13/2003,OSU,OH,AGL,CE,Federal Contract Tower,0,0,34,0,34,0,0,145,0,145,0,0,179,0,179,140,0,140,319
01/14/2003,OSU,OH,AGL,CE,Federal Contract Tower,0,13,44,0,57,0,0,39,0,39,0,13,83,0,96,32,0,32,128
01/15/2003,OSU,OH,AGL,CE,Federal Contract Tower,0,12,64,0,76,0,0,148,0,148,0,12,212,0,224,222,0,222,446
01/16/2003,OSU,OH,AGL,CE,Federal Contract Tower,0,8,40,0,48,0,0,71,0,71,0,8,111,0,119,34,0,34,153
01/17/2003,OSU,OH,AGL,CE,Federal Contract Tower,0,7,39,0,46,0,0,125,0,125,0,7,164,0,171,72,0,72,243
01/18/2003,OSU,OH,AGL,CE,Federal Contract Tower,0,11,16,0,27,0,0,111,2,113,0,11,127,2,140,68,0,68,208
01/19/2003,OSU,OH,AGL,CE,Federal Contract Tower,0,10,16,0,26,0,0,56,0,56,0,10,72,0,82,42,0,42,124
01/20/2003,OSU,OH,AGL,CE,Federal Contract Tower,0,4,22,0,26,0,0,44,0,44,0,4,66,0,70,32,0,32,102
01/21/2003,OSU,OH,AGL,CE,Federal Contract Tower,0,4,66,0,70,0,0,127,0,127,0,4,193,0,197,168,0,168,365
01/22/2003,OSU,OH,AGL,CE,Federal Contract Tower,0,5,42,1,48,0,0,102,2,104,0,5,144,3,152,154,0,154,306
01/23/2003,OSU,OH,AGL,CE,Federal Contract Tower,0,2,52,0,54,0,0,58,0,58,0,2,110,0,112,60,0,60,172
01/24/2003,OSU,OH,AGL,CE,Federal Contract Tower,0,4,28,0,32,0,0,101,0,101,0,4,129,0,133,152,0,152,285
01/25/2003,OSU,OH,AGL,CE,Federal Contract Tower,0,3,36,0,39,0,0,170,2,172,0,3,206,2,211,274,0,274,485
01/26/2003,OSU,OH,AGL,CE,Federal Contract Tower,0,5,7,0,12,0,0,2,0,2,0,5,9,0,14,0,0,0,14
01/27/2003,OSU,OH,AGL,CE,Federal Contract Tower,0,2,38,0,40,0,0,151,2,153,0,2,189,2,193,124,0,124,317
01/28/2003,OSU,OH,AGL,CE,Federal Contract Tower,0,7,20,0,27,0,0,69,0,69,0,7,89,0,96,160,0,160,256
01/29/2003,OSU,OH,AGL,CE,Federal Contract Tower,0,8,43,1,52,0,0,0,1,1,0,8,43,2,53,2,0,2,55
01/30/2003,OSU,OH,AGL,CE,Federal Contract Tower,0,17,62,0,79,0,0,184,0,184,0,17,246,0,263,368,0,368,631
01/31/2003,OSU,OH,AGL,CE,Federal Contract Tower,0,16,47,4,67,0,0,63,0,63,0,16,110,4,130,16,0,16,146
02/01/2003,OSU,OH,AGL,CE,Federal Contract Tower,0,2,21,0,23,0,0,1,0,1,0,2,22,0,24,0,0,0,24
02/02/2003,OSU,OH,AGL,CE,Federal Contract Tower,0,5,38,0,43,0,0,93,0,93,0,5,131,0,136,106,0,106,242
02/03/2003,OSU,OH,AGL,CE,Federal Contract Tower,0,9,38,0,47,0,0,59,0,59,0,9,97,0,106,90,0,90,196
02/04/2003,OSU,OH,AGL,CE,Federal Contract Tower,0,10,39,0,49,0,0,15,4,19,0,10,54,4,68,0,0,0,68
02/05/2003,OSU,OH,AGL,CE,Federal Contract Tower,0,21,44,0,65,0,0,228,0,228,0,21,272,0,293,282,0,282,575
02/06/2003,OSU,OH,AGL,CE,Federal Contract Tower,0,4,34,0,38,0,0,9,0,9,0,4,43,0,47,0,0,0,47
02/07/2003,OSU,OH,AGL,CE,Federal Contract Tower,0,5,25,0,30,0,0,35,1,36,0,5,60,1,66,92,0,92,158
02/08/2003,OSU,OH,AGL,CE,Federal Contract Tower,0,2,22,0,24,0,0,65,0,65,0,2,87,0,89,82,0,82,171
02/09/2003,OSU,OH,AGL,CE,Federal Contract Tower,0,6,22,0,28,0,0,18,0,18,0,6,40,0,46,56,0,56,102
02/10/2003,OSU,OH,AGL,CE,Federal Contract Tower,0,5,27,0,32,0,0,1,0,1,0,5,28,0,33,0,0,0,33
02/11/2003,OSU,OH,AGL,CE,Federal Contract Tower,0,5,66,0,71,0,0,83,0,83,0,5,149,0,154,32,0,32,186
02/12/2003,OSU,OH,AGL,CE,Federal Contract Tower,0,11,43,0,54,0,0,145,0,145,0,11,188,0,199,182,0,182,381
02/13/2003,OSU,OH,AGL,CE,Federal Contract Tower,0,7,65,0,72,0,0,158,0,158,0,7,223,0,230,180,0,180,410
02/14/2003,OSU,OH,AGL,CE,Federal Contract Tower,0,8,38,0,46,0,0,80,0,80,0,8,118,0,126,214,0,214,340
02/15/2003,OSU,OH,AGL,CE,Federal Contract Tower,0,1,7,0,8,0,0,7,0,7,0,1,14,0,15,0,0,0,15
02/16/2003,OSU,OH,AGL,CE,Federal Contract Tower,0,0,3,0,3,0,0,0,0,0,0,0,3,0,3,0,0,0,3
02/17/2003,OSU,OH,AGL,CE,Federal Contract Tower,0,5,11,0,16,0,0,1,0,1,0,5,12,0,17,2,0,2,19
02/18/2003,OSU,OH,AGL,CE,Federal Contract Tower,0,4,38,0,42,0,0,16,0,16,0,4,54,0,58,10,0,10,68
02/19/2003,OSU,OH,AGL,CE,Federal Contract Tower,0,7,29,0,36,0,0,10,0,10,0,7,39,0,46,0,0,0,46
02/20/2003,OSU,OH,AGL,CE,Federal Contract Tower,0,3,67,0,70,0,0,155,1,156,0,3,222,1,226,142,0,142,368
02/21/2003,OSU,OH,AGL,CE,Federal Contract Tower,0,7,46,0,53,0,0,73,0,73,0,7,119,0,126,166,0,166,292
02/22/2003,OSU,OH,AGL,CE,Federal Contract Tower,0,2,13,0,15,0,0,0,0,0,0,2,13,0,15,0,0,0,15
02/23/2003,OSU,OH,AGL,CE,Federal Contract Tower,0,4,18,0,22,0,0,14,0,14,0,4,32,0,36,0,0,0,36
02/24/2003,OSU,OH,AGL,CE,Federal Contract Tower,0,2,30,0,32,0,0,38,0,38,0,2,68,0,70,56,0,56,126
02/25/2003,OSU,OH,AGL,CE,Federal Contract Tower,0,5,58,0,63,0,0,162,0,162,0,5,220,0,225,248,0,248,473
02/26/2003,OSU,OH,AGL,CE,Federal Contract Tower,0,6,41,0,47,0,0,149,0,149,0,6,190,0,196,230,0,230,426
02/27/2003,OSU,OH,AGL,CE,Federal Contract Tower,0,14,55,0,69,0,0,140,6,146,0,14,195,6,215,206,0,206,421
02/28/2003,OSU,OH,AGL,CE,Federal Contract Tower,0,14,48,0,62,0,0,112,0,112,0,14,160,0,174,182,0,182,356
03/01/2003,OSU,OH,AGL,CE,Federal Contract Tower,0,3,21,0,24,0,1,0,0,1,0,4,21,0,25,0,0,0,25
03/02/2003,OSU,OH,AGL,CE,Federal Contract Tower,0,5,16,0,21,0,0,3,0,3,0,5,19,0,24,0,0,0,24
03/03/2003,OSU,OH,AGL,CE,Federal Contract Tower,0,8,42,2,52,0,0,117,4,121,0,8,159,6,173,196,0,196,369
03/04/2003,OSU,OH,AGL,CE,Federal Contract Tower,0,13,41,0,54,0,0,188,4,192,0,13,229,4,246,236,0,236,482
03/05/2003,OSU,OH,AGL,CE,Federal Contract Tower,0,6,36,0,42,0,0,0,0,0,0,6,36,0,42,0,0,0,42
03/06/2003,OSU,OH,AGL,CE,Federal Contract Tower,0,10,34,0,44,0,0,40,0,40,0,10,74,0,84,84,0,84,168
03/07/2003,OSU,OH,AGL,CE,Federal Contract Tower,0,9,41,0,50,0,0,56,0,56,0,9,97,0,106,88,0,88,194
03/08/2003,OSU,OH,AGL,CE,Federal Contract Tower,0,5,26,1,32,0,0,140,5,145,0,5,166,6,177,184,0,184,361
03/09/2003,OSU,OH,AGL,CE,Federal Contract Tower,0,3,17,0,20,0,0,43,2,45,0,3,60,2,65,12,0,12,77
03/10/2003,OSU,OH,AGL,CE,Federal Contract Tower,0,10,50,0,60,0,0,148,0,148,0,10,198,0,208,178,0,178,386
03/11/2003,OSU,OH,AGL,CE,Federal Contract Tower,0,4,44,0,48,0,0,176,0,176,0,4,220,0,224,200,0,200,424
03/12/2003,OSU,OH,AGL,CE,Federal Contract Tower,0,8,44,0,52,0,0,68,0,68,0,8,112,0,120,206,0,206,326
03/13/2003,OSU,OH,AGL,CE,Federal Contract Tower,0,8,52,0,60,0,0,6,0,6,0,8,58,0,66,0,0,0,66
03/14/2003,OSU,OH,AGL,CE,Federal Contract Tower,0,14,55,0,69,0,0,233,0,233,0,14,288,0,302,266,0,266,568
03/15/2003,OSU,OH,AGL,CE,Federal Contract Tower,0,9,28,0,37,0,0,265,1,266,0,9,293,1,303,342,0,342,645
03/16/2003,OSU,OH,AGL,CE,Federal Contract Tower,0,0,32,0,32,0,0,157,0,157,0,0,189,0,189,44,0,44,233
03/17/2003,OSU,OH,AGL,CE,Federal Contract Tower,0,6,51,0,57,0,0,130,0,130,0,6,181,0,187,204,0,204,391
03/18/2003,OSU,OH,AGL,CE,Federal Contract Tower,0,14,52,0,66,0,0,102,0,102,0,14,154,0,168,278,0,278,446
03/19/2003,OSU,OH,AGL,CE,Federal Contract Tower,0,18,38,0,56,0,0,79,0,79,0,18,117,0,135,20,0,20,155
03/20/2003,OSU,OH,AGL,CE,Federal Contract Tower,0,15,45,0,60,0,0,58,4,62,0,15,103,4,122,110,0,110,232
03/21/2003,OSU,OH,AGL,CE,Federal Contract Tower,0,10,37,0,47,0,0,21,0,21,0,10,58,0,68,4,0,4,72
03/22/2003,OSU,OH,AGL,CE,Federal Contract Tower,0,5,25,0,30,0,0,49,4,53,0,5,74,4,83,102,0,102,185
03/23/2003,OSU,OH,AGL,CE,Federal Contract Tower,0,2,10,0,12,0,0,83,0,83,0,2,93,0,95,140,0,140,235
03/24/2003,OSU,OH,AGL,CE,Federal Contract Tower,0,5,29,0,34,0,0,123,0,123,0,5,152,0,157,158,0,158,315
03/25/2003,OSU,OH,AGL,CE,Federal Contract Tower,0,13,58,0,71,0,0,108,0,108,0,13,166,0,179,162,0,162,341
03/26/2003,OSU,OH,AGL,CE,Federal Contract Tower,0,14,46,0,60,0,0,152,0,152,0,14,198,0,212,176,0,176,388
03/27/2003,OSU,OH,AGL,CE,Federal Contract Tower,0,4,50,0,54,0,0,107,4,111,0,4,157,4,165,96,0,96,261
03/28/2003,OSU,OH,AGL,CE,Federal Contract Tower,0,9,32,0,41,0,0,71,0,71,0,9,103,0,112,0,0,0,112
03/29/2003,OSU,OH,AGL,CE,Federal Contract Tower,0,6,22,0,28,0,0,23,0,23,0,6,45,0,51,12,0,12,63
03/30/2003,OSU,OH,AGL,CE,Federal Contract Tower,0,7,22,0,29,0,0,28,0,28,0,7,50,0,57,24,0,24,81
03/31/2003,OSU,OH,AGL,CE,Federal Contract Tower,0,3,38,0,41,0,0,74,2,76,0,3,112,2,117,68,0,68,185
04/01/2003,OSU,OH,AGL,CE,Federal Contract Tower,0,4,21,0,25,0,0,46,0,46,0,4,67,0,71,0,0,0,71
04/02/2003,OSU,OH,AGL,CE,Federal Contract Tower,0,6,38,1,45,0,2,112,1,115,0,8,150,2,160,80,0,80,240
04/03/2003,OSU,OH,AGL,CE,Federal Contract Tower,0,9,60,0,69,0,0,126,4,130,0,9,186,4,199,84,0,84,283
04/04/2003,OSU,OH,AGL,CE,Federal Contract Tower,0,9,41,0,50,0,0,81,0,81,0,9,122,0,131,192,0,192,323
04/05/2003,OSU,OH,AGL,CE,Federal Contract Tower,0,6,20,0,26,0,0,34,0,34,0,6,54,0,60,82,0,82,142
04/06/2003,OSU,OH,AGL,CE,Federal Contract Tower,0,3,21,0,24,0,0,117,2,119,0,3,138,2,143,88,0,88,231
04/07/2003,OSU,OH,AGL,CE,Federal Contract Tower,0,13,41,0,54,0,0,0,0,0,0,13,41,0,54,0,0,0,54
04/08/2003,OSU,OH,AGL,CE,Federal Contract Tower,0,3,44,2,49,0,0,6,0,6,0,3,50,2,55,0,0,0,55
04/09/2003,OSU,OH,AGL,CE,Federal Contract Tower,0,4,44,0,48,0,0,10,1,11,0,4,54,1,59,26,0,26,85
04/10/2003,OSU,OH,AGL,CE,Federal Contract Tower,0,2,61,0,63,0,0,149,0,149,0,2,210,0,212,150,0,150,362
04/11/2003,OSU,OH,AGL,CE,Federal Contract Tower,0,7,45,0,52,0,0,212,4,216,0,7,257,4,268,254,0,254,522
04/12/2003,OSU,OH,AGL,CE,Federal Contract Tower,0,3,21,0,24,0,0,393,0,393,0,3,414,0,417,220,0,220,637
04/13/2003,OSU,OH,AGL,CE,Federal Contract Tower,0,2,26,0,28,0,0,178,2,180,0,2,204,2,208,170,0,170,378
04/14/2003,OSU,OH,AGL,CE,Federal Contract Tower,0,5,51,0,56,0,0,251,1,252,0,5,302,1,308,414,0,414,722
04/15/2003,OSU,OH,AGL,CE,Federal Contract Tower,0,5,49,0,54,0,0,155,6,161,0,5,204,6,215,382,0,382,597
04/16/2003,OSU,OH,AGL,CE,Federal Contract Tower,0,10,70,0,80,0,0,199,0,199,0,10,269,0,279,394,0,394,673
04/17/2003,OSU,OH,AGL,CE,Federal Contract Tower,0,16,55,0,71,0,0,100,0,100,0,16,155,0,171,308,0,308,479
04/18/2003,OSU,OH,AGL,CE,Federal Contract Tower,0,12,54,0,66,0,0,71,0,71,0,12,125,0,137,164,0,164,301
04/19/2003,OSU,OH,AGL,CE,Federal Contract Tower,0,4,22,0,26,0,2,168,0,170,0,6,190,0,196,108,0,108,304
04/20/2003,OSU,OH,AGL,CE,Federal Contract Tower,0,9,9,0,18,0,0,25,0,25,0,9,34,0,43,0,0,0,43
04/21/2003,OSU,OH,AGL,CE,Federal Contract Tower,0,4,47,0,51,0,0,106,0,106,0,4,153,0,157,116,0,116,273
04/22/2003,OSU,OH,AGL,CE,Federal Contract Tower,0,9,51,0,60,0,0,89,0,89,0,9,140,0,149,210,0,210,359
04/23/2003,OSU,OH,AGL,CE,Federal Contract Tower,0,10,69,0,79,0,0,256,2,258,0,10,325,2,337,394,0,394,731
04/24/2003,OSU,OH,AGL,CE,Federal Contract Tower,0,10,67,0,77,0,0,210,1,211,0,10,277,1,288,342,0,342,630
04/25/2003,OSU,OH,AGL,CE,Federal Contract Tower,0,14,55,0,69,0,0,143,0,143,0,14,198,0,212,382,0,382,594
04/26/2003,OSU,OH,AGL,CE,Federal Contract Tower,0,6,15,0,21,0,0,106,0,106,0,6,121,0,127,96,0,96,223
04/27/2003,OSU,OH,AGL,CE,Federal Contract Tower,0,15,33,0,48,0,0,207,0,207,0,15,240,0,255,110,0,110,365
04/28/2003,OSU,OH,AGL,CE,Federal Contract Tower,0,8,42,0,50,0,0,174,0,174,0,8,216,0,224,330,0,330,554
04/29/2003,OSU,OH,AGL,CE,Federal Contract Tower,0,21,72,0,93,0,0,223,1,224,0,21,295,1,317,332,0,332,649
04/30/2003,OSU,OH,AGL,CE,Federal Contract Tower,0,9,94,0,103,0,0,136,0,136,0,9,230,0,239,198,0,198,437
05/01/2003,OSU,OH,AGL,CE,Federal Contract Tower,0,8,53,0,61,0,1,112,2,115,0,9,165,2,176,204,0,204,380
05/02/2003,OSU,OH,AGL,CE,Federal Contract Tower,0,10,74,0,84,0,0,27,0,27,0,10,101,0,111,56,0,56,167
05/03/2003,OSU,OH,AGL,CE,Federal Contract Tower,0,7,25,0,32,0,0,60,3,63,0,7,85,3,95,132,0,132,227
05/04/2003,OSU,OH,AGL,CE,Federal Contract Tower,0,23,25,0,48,0,0,142,0,142,0,23,167,0,190,112,0,112,302
05/05/2003,OSU,OH,AGL,CE,Federal Contract Tower,0,6,29,0,35,0,0,48,0,48,0,6,77,0,83,0,0,0,83
05/06/2003,OSU,OH,AGL,CE,Federal Contract Tower,0,10,66,0,76,0,0,152,0,152,0,10,218,0,228,302,0,302,530
05/07/2003,OSU,OH,AGL,CE,Federal Contract Tower,0,11,51,0,62,0,0,67,1,68,0,11,118,1,130,206,0,206,336
05/08/2003,OSU,OH,AGL,CE,Federal Contract Tower,0,17,96,0,113,0,0,47,2,49,0,17,143,2,162,188,0,188,350
05/09/2003,OSU,OH,AGL,CE,Federal Contract Tower,0,10,47,0,57,0,0,55,0,55,0,10,102,0,112,84,0,84,196
05/10/2003,OSU,OH,AGL,CE,Federal Contract Tower,0,6,12,0,18,0,0,9,0,9,0,6,21,0,27,8,0,8,35
05/11/2003,OSU,OH,AGL,CE,Federal Contract Tower,0,11,9,0,20,0,0,16,0,16,0,11,25,0,36,0,0,0,36
05/12/2003,OSU,OH,AGL,CE,Federal Contract Tower,0,14,37,0,51,0,0,45,4,49,0,14,82,4,100,0,0,0,100
05/13/2003,OSU,OH,AGL,CE,Federal Contract Tower,0,17,60,0,77,0,0,91,2,93,0,17,151,2,170,84,0,84,254
05/14/2003,OSU,OH,AGL,CE,Federal Contract Tower,0,11,71,0,82,0,0,197,0,197,0,11,268,0,279,240,0,240,519
05/15/2003,OSU,OH,AGL,CE,Federal Contract Tower,0,19,65,3,87,0,0,104,3,107,0,19,169,6,194,170,0,170,364
05/16/2003,OSU,OH,AGL,CE,Federal Contract Tower,0,18,75,2,95,0,0,102,0,102,0,18,177,2,197,118,0,118,315
05/17/2003,OSU,OH,AGL,CE,Federal Contract Tower,0,10,49,2,61,0,0,92,0,92,0,10,141,2,153,188,0,188,341
05/18/2003,OSU,OH,AGL,CE,Federal Contract Tower,0,6,50,0,56,0,0,24,0,24,0,6,74,0,80,68,0,68,148
05/19/2003,OSU,OH,AGL,CE,Federal Contract Tower,0,5,71,0,76,0,0,184,0,184,0,5,255,0,260,302,0,302,562
05/20/2003,OSU,OH,AGL,CE,Federal Contract Tower,0,5,41,0,46,0,0,25,0,25,0,5,66,0,71,16,0,16,87
05/21/2003,OSU,OH,AGL,CE,Federal Contract Tower,0,10,62,0,72,0,0,178,0,178,0,10,240,0,250,208,0,208,458
05/22/2003,OSU,OH,AGL,CE,Federal Contract Tower,0,9,66,0,75,0,0,239,0,239,0,9,305,0,314,160,0,160,474
05/23/2003,OSU,OH,AGL,CE,Federal Contract Tower,0,16,28,0,44,0,0,141,0,141,0,16,169,0,185,64,0,64,249
05/24/2003,OSU,OH,AGL,CE,Federal Contract Tower,0,7,19,0,26,0,0,98,0,98,0,7,117,0,124,20,0,20,144
05/25/2003,OSU,OH,AGL,CE,Federal Contract Tower,0,16,18,0,34,0,0,70,0,70,0,16,88,0,104,66,0,66,170
05/26/2003,OSU,OH,AGL,CE,Federal Contract Tower,0,29,30,0,59,0,0,179,0,179,0,29,209,0,238,98,0,98,336
05/27/2003,OSU,OH,AGL,CE,Federal Contract Tower,0,29,114,0,143,0,5,177,0,182,0,34,291,0,325,342,0,342,667
05/28/2003,OSU,OH,AGL,CE,Federal Contract Tower,0,13,79,0,92,0,0,123,1,124,0,13,202,1,216,184,0,184,400
05/29/2003,OSU,OH,AGL,CE,Federal Contract Tower,0,12,89,0,101,0,0,146,0,146,0,12,235,0,247,208,0,208,455
05/30/2003,OSU,OH,AGL,CE,Federal Contract Tower,0,31,77,0,108,0,0,240,3,243,0,31,317,3,351,206,0,206,557
05/31/2003,OSU,OH,AGL,CE,Federal Contract Tower,0,8,15,0,23,0,0,4,0,4,0,8,19,0,27,0,0,0,27
06/01/2003,OSU,OH,AGL,CE,Federal Contract Tower,0,43,73,0,116,0,0,116,0,116,0,43,189,0,232,72,0,72,304
06/02/2003,OSU,OH,AGL,CE,Federal Contract Tower,0,17,55,0,72,0,0,209,2,211,0,17,264,2,283,276,0,276,559
06/03/2003,OSU,OH,AGL,CE,Federal Contract Tower,0,8,67,0,75,0,0,1,0,1,0,8,68,0,76,0,0,0,76
06/04/2003,OSU,OH,AGL,CE,Federal Contract Tower,0,16,58,0,74,0,0,24,2,26,0,16,82,2,100,88,0,88,188
06/05/2003,OSU,OH,AGL,CE,Federal Contract Tower,0,10,78,0,88,0,0,160,0,160,0,10,238,0,248,158,0,158,406
06/06/2003,OSU,OH,AGL,CE,Federal Contract Tower,0,11,59,0,70,0,0,203,0,203,0,11,262,0,273,244,0,244,517
06/07/2003,OSU,OH,AGL,CE,Federal Contract Tower,0,8,33,0,41,0,0,43,0,43,0,8,76,0,84,12,0,12,96
06/08/2003,OSU,OH,AGL,CE,Federal Contract Tower,0,8,41,0,49,0,6,36,3,45,0,14,77,3,94,48,0,48,142
06/09/2003,OSU,OH,AGL,CE,Federal Contract Tower,0,4,56,0,60,0,0,140,0,140,0,4,196,0,200,112,0,112,312
06/10/2003,OSU,OH,AGL,CE,Federal Contract Tower,0,14,46,0,60,0,0,178,1,179,0,14,224,1,239,150,0,150,389
06/11/2003,OSU,OH,AGL,CE,Federal Contract Tower,0,9,65,0,74,0,0,50,0,50,0,9,115,0,124,114,0,114,238
06/12/2003,OSU,OH,AGL,CE,Federal Contract Tower,0,8,37,0,45,0,2,30,0,32,0,10,67,0,77,0,0,0,77
06/13/2003,OSU,OH,AGL,CE,Federal Contract Tower,0,10,56,0,66,0,0,6,0,6,0,10,62,0,72,10,0,10,82
06/14/2003,OSU,OH,AGL,CE,Federal Contract Tower,0,6,50,0,56,0,0,162,0,162,0,6,212,0,218,28,0,28,246
06/15/2003,OSU,OH,AGL,CE,Federal Contract Tower,0,7,38,0,45,0,0,117,2,119,0,7,155,2,164,66,0,66,230
06/16/2003,OSU,OH,AGL,CE,Federal Contract Tower,0,9,54,0,63,0,0,100,0,100,0,9,154,0,163,144,0,144,307
06/17/2003,OSU,OH,AGL,CE,Federal Contract Tower,0,19,65,0,84,0,0,7,0,7,0,19,72,0,91,0,0,0,91
06/18/2003,OSU,OH,AGL,CE,Federal Contract Tower,0,17,73,0,90,0,0,155,0,155,0,17,228,0,245,148,0,148,393
06/19/2003,OSU,OH,AGL,CE,Federal Contract Tower,0,15,76,0,91,0,0,29,0,29,0,15,105,0,120,20,0,20,140
06/20/2003,OSU,OH,AGL,CE,Federal Contract Tower,0,19,76,0,95,0,0,141,0,141,0,19,217,0,236,56,0,56,292
06/21/2003,OSU,OH,AGL,CE,Federal Contract Tower,0,7,28,0,35,0,0,123,0,123,0,7,151,0,158,32,0,32,190
06/22/2003,OSU,OH,AGL,CE,Federal Contract Tower,0,6,23,0,29,0,0,140,0,140,0,6,163,0,169,20,0,20,189
06/23/2003,OSU,OH,AGL,CE,Federal Contract Tower,0,3,58,0,61,0,0,178,0,178,0,3,236,0,239,164,0,164,403
06/24/2003,OSU,OH,AGL,CE,Federal Contract Tower,0,7,49,0,56,0,0,158,0,158,0,7,207,0,214,160,0,160,374
06/25/2003,OSU,OH,AGL,CE,Federal Contract Tower,0,8,61,0,69,0,0,166,0,166,0,8,227,0,235,100,0,100,335
06/26/2003,OSU,OH,AGL,CE,Federal Contract Tower,0,20,66,0,86,0,0,101,0,101,0,20,167,0,187,144,0,144,331
06/27/2003,OSU,OH,AGL,CE,Federal Contract Tower,0,9,53,0,62,0,0,208,0,208,0,9,261,0,270,208,0,208,478
06/28/2003,OSU,OH,AGL,CE,Federal Contract Tower,0,12,31,0,43,0,0,164,0,164,0,12,195,0,207,10,0,10,217
06/29/2003,OSU,OH,AGL,CE,Federal Contract Tower,0,18,34,0,52,0,0,98,0,98,0,18,132,0,150,0,0,0,150
06/30/2003,OSU,OH,AGL,CE,Federal Contract Tower,0,7,57,0,64,0,0,142,2,144,0,7,199,2,208,328,0,328,536
07/01/2003,OSU,OH,AGL,CE,Federal Contract Tower,0,12,68,0,80,0,1,132,5,138,0,13,200,5,218,230,0,230,448
07/02/2003,OSU,OH,AGL,CE,Federal Contract Tower,0,13,72,0,85,0,1,143,0,144,0,14,215,0,229,272,0,272,501
07/03/2003,OSU,OH,AGL,CE,Federal Contract Tower,0,7,57,0,64,0,1,188,0,189,0,8,245,0,253,198,0,198,451
07/04/2003,OSU,OH,AGL,CE,Federal Contract Tower,0,1,9,0,10,0,1,86,0,87,0,2,95,0,97,34,0,34,131
07/05/2003,OSU,OH,AGL,CE,Federal Contract Tower,0,0,11,0,11,0,2,54,0,56,0,2,65,0,67,0,0,0,67
07/06/2003,OSU,OH,AGL,CE,Federal Contract Tower,0,12,20,0,32,0,0,53,1,54,0,12,73,1,86,28,0,28,114
07/07/2003,OSU,OH,AGL,CE,Federal Contract Tower,0,4,49,2,55,0,0,48,0,48,0,4,97,2,103,0,0,0,103
07/08/2003,OSU,OH,AGL,CE,Federal Contract Tower,0,2,53,2,57,0,3,124,0,127,0,5,177,2,184,110,0,110,294
07/09/2003,OSU,OH,AGL,CE,Federal Contract Tower,0,19,68,0,87,0,0,81,0,81,0,19,149,0,168,112,0,112,280
07/10/2003,OSU,OH,AGL,CE,Federal Contract Tower,0,11,43,0,54,0,0,35,0,35,0,11,78,0,89,36,0,36,125
07/11/2003,OSU,OH,AGL,CE,Federal Contract Tower,0,8,52,0,60,0,5,88,2,95,0,13,140,2,155,68,0,68,223
07/12/2003,OSU,OH,AGL,CE,Federal Contract Tower,0,5,33,0,38,0,0,135,1,136,0,5,168,1,174,64,0,64,238
07/13/2003,OSU,OH,AGL,CE,Federal Contract Tower,0,5,51,0,56,0,0,140,0,140,0,5,191,0,196,124,0,124,320
07/14/2003,OSU,OH,AGL,CE,Federal Contract Tower,0,15,53,0,68,0,0,180,2,182,0,15,233,2,250,154,0,154,404
07/15/2003,OSU,OH,AGL,CE,Federal Contract Tower,0,7,56,0,63,0,0,32,0,32,0,7,88,0,95,90,0,90,185
07/16/2003,OSU,OH,AGL,CE,Federal Contract Tower,0,7,50,0,57,0,0,150,0,150,0,7,200,0,207,200,0,200,407
07/17/2003,OSU,OH,AGL,CE,Federal Contract Tower,0,17,75,0,92,0,0,240,2,242,0,17,315,2,334,328,0,328,662
07/18/2003,OSU,OH,AGL,CE,Federal Contract Tower,0,12,41,0,53,0,0,186,0,186,0,12,227,0,239,164,0,164,403
07/19/2003,OSU,OH,AGL,CE,Federal Contract Tower,0,3,34,0,37,0,0,161,1,162,0,3,195,1,199,92,0,92,291
07/20/2003,OSU,OH,AGL,CE,Federal Contract Tower,0,6,47,0,53,0,0,141,0,141,0,6,188,0,194,24,0,24,218
07/21/2003,OSU,OH,AGL,CE,Federal Contract Tower,0,10,43,0,53,0,0,22,0,22,0,10,65,0,75,54,0,54,129
07/22/2003,OSU,OH,AGL,CE,Federal Contract Tower,0,20,67,0,87,0,0,24,0,24,0,20,91,0,111,16,0,16,127
07/23/2003,OSU,OH,AGL,CE,Federal Contract Tower,0,12,83,0,95,0,0,60,0,60,0,12,143,0,155,18,0,18,173
07/24/2003,OSU,OH,AGL,CE,Federal Contract Tower,0,10,68,0,78,0,0,205,0,205,0,10,273,0,283,120,0,120,403
07/25/2003,OSU,OH,AGL,CE,Federal Contract Tower,0,5,50,0,55,0,0,139,0,139,0,5,189,0,194,138,0,138,332
07/26/2003,OSU,OH,AGL,CE,Federal Contract Tower,0,6,46,0,52,0,0,97,1,98,0,6,143,1,150,24,0,24,174
07/27/2003,OSU,OH,AGL,CE,Federal Contract Tower,0,6,22,0,28,0,0,33,0,33,0,6,55,0,61,22,0,22,83
07/28/2003,OSU,OH,AGL,CE,Federal Contract Tower,0,11,89,1,101,0,0,64,1,65,0,11,153,2,166,36,0,36,202
07/29/2003,OSU,OH,AGL,CE,Federal Contract Tower,0,8,91,0,99,0,0,216,0,216,0,8,307,0,315,192,0,192,507
07/30/2003,OSU,OH,AGL,CE,Federal Contract Tower,0,11,76,0,87,0,0,222,0,222,0,11,298,0,309,126,0,126,435
07/31/2003,OSU,OH,AGL,CE,Federal Contract Tower,0,12,85,0,97,0,0,67,0,67,0,12,152,0,164,242,0,242,406
08/01/2003,OSU,OH,AGL,CE,Federal Contract Tower,0,12,58,0,70,0,1,47,0,48,0,13,105,0,118,72,0,72,190
08/02/2003,OSU,OH,AGL,CE,Federal Contract Tower,0,2,30,0,32,0,1,52,0,53,0,3,82,0,85,52,0,52,137
08/03/2003,OSU,OH,AGL,CE,Federal Contract Tower,0,4,34,0,38,0,1,36,0,37,0,5,70,0,75,0,0,0,75
08/04/2003,OSU,OH,AGL,CE,Federal Contract Tower,0,6,33,0,39,0,0,20,0,20,0,6,53,0,59,0,0,0,59
08/05/2003,OSU,OH,AGL,CE,Federal Contract Tower,0,10,40,0,50,0,0,23,1,24,0,10,63,1,74,10,0,10,84
08/06/2003,OSU,OH,AGL,CE,Federal Contract Tower,0,10,67,0,77,0,0,138,0,138,0,10,205,0,215,240,0,240,455
08/07/2003,OSU,OH,AGL,CE,Federal Contract Tower,0,7,53,0,60,0,0,116,4,120,0,7,169,4,180,144,0,144,324
08/08/2003,OSU,OH,AGL,CE,Federal Contract Tower,0,15,55,0,70,0,0,187,4,191,0,15,242,4,261,232,0,232,493
08/09/2003,OSU,OH,AGL,CE,Federal Contract Tower,0,5,49,0,54,0,0,118,6,124,0,5,167,6,178,94,0,94,272
08/10/2003,OSU,OH,AGL,CE,Federal Contract Tower,0,3,35,0,38,0,0,97,0,97,0,3,132,0,135,44,0,44,179
08/11/2003,OSU,OH,AGL,CE,Federal Contract Tower,0,15,59,0,74,0,0,100,2,102,0,15,159,2,176,146,0,146,322
08/12/2003,OSU,OH,AGL,CE,Federal Contract Tower,0,6,60,0,66,0,0,107,0,107,0,6,167,0,173,200,0,200,373
08/13/2003,OSU,OH,AGL,CE,Federal Contract Tower,0,13,69,0,82,0,0,127,1,128,0,13,196,1,210,236,0,236,446
08/14/2003,OSU,OH,AGL,CE,Federal Contract Tower,0,15,84,0,99,0,0,119,0,119,0,15,203,0,218,226,0,226,444
08/15/2003,OSU,OH,AGL,CE,Federal Contract Tower,0,18,62,0,80,0,0,32,0,32,0,18,94,0,112,0,0,0,112
08/16/2003,OSU,OH,AGL,CE,Federal Contract Tower,0,2,20,0,22,0,0,35,0,35,0,2,55,0,57,60,0,60,117
08/17/2003,OSU,OH,AGL,CE,Federal Contract Tower,0,7,32,0,39,0,0,135,0,135,0,7,167,0,174,2,0,2,176
08/18/2003,OSU,OH,AGL,CE,Federal Contract Tower,0,7,78,0,85,0,0,180,0,180,0,7,258,0,265,168,0,168,433
08/19/2003,OSU,OH,AGL,CE,Federal Contract Tower,0,8,72,0,80,0,0,215,1,216,0,8,287,1,296,180,0,180,476
08/20/2003,OSU,OH,AGL,CE,Federal Contract Tower,0,19,67,0,86,0,0,202,5,207,0,19,269,5,293,128,0,128,421
08/21/2003,OSU,OH,AGL,CE,Federal Contract Tower,0,9,98,0,107,0,0,83,0,83,0,9,181,0,190,142,0,142,332
08/22/2003,OSU,OH,AGL,CE,Federal Contract Tower,0,5,49,0,54,0,0,44,2,46,0,5,93,2,100,68,0,68,168
08/23/2003,OSU,OH,AGL,CE,Federal Contract Tower,0,6,29,0,35,0,0,195,0,195,0,6,224,0,230,212,0,212,442
08/24/2003,OSU,OH,AGL,CE,Federal Contract Tower,0,6,34,0,40,0,0,154,0,154,0,6,188,0,194,196,0,196,390
08/25/2003,OSU,OH,AGL,CE,Federal Contract Tower,0,11,43,0,54,0,0,173,4,177,0,11,216,4,231,130,0,130,361
08/26/2003,OSU,OH,AGL,CE,Federal Contract Tower,0,15,60,0,75,0,0,73,0,73,0,15,133,0,148,122,0,122,270
08/27/2003,OSU,OH,AGL,CE,Federal Contract Tower,0,15,51,0,66,0,0,47,0,47,0,15,98,0,113,76,0,76,189
08/28/2003,OSU,OH,AGL,CE,Federal Contract Tower,0,20,73,0,93,0,0,137,0,137,0,20,210,0,230,146,0,146,376
08/29/2003,OSU,OH,AGL,CE,Federal Contract Tower,0,14,48,2,64,0,0,70,0,70,0,14,118,2,134,72,0,72,206
08/30/2003,OSU,OH,AGL,CE,Federal Contract Tower,0,8,53,0,61,0,0,65,0,65,0,8,118,0,126,24,0,24,150
08/31/2003,OSU,OH,AGL,CE,Federal Contract Tower,0,3,34,0,37,0,0,98,0,98,0,3,132,0,135,28,0,28,163
09/01/2003,OSU,OH,AGL,CE,Federal Contract Tower,0,8,27,0,35,0,0,4,0,4,0,8,31,0,39,0,0,0,39
09/02/2003,OSU,OH,AGL,CE,Federal Contract Tower,0,7,77,0,84,0,0,16,0,16,0,7,93,0,100,0,0,0,100
09/03/2003,OSU,OH,AGL,CE,Federal Contract Tower,0,16,52,0,68,0,0,53,0,53,0,16,105,0,121,84,0,84,205
09/04/2003,OSU,OH,AGL,CE,Federal Contract Tower,0,7,82,0,89,0,0,138,0,138,0,7,220,0,227,52,0,52,279
09/05/2003,OSU,OH,AGL,CE,Federal Contract Tower,0,10,40,0,50,0,0,178,2,180,0,10,218,2,230,156,0,156,386
09/06/2003,OSU,OH,AGL,CE,Federal Contract Tower,0,3,34,0,37,0,0,156,0,156,0,3,190,0,193,110,0,110,303
09/07/2003,OSU,OH,AGL,CE,Federal Contract Tower,0,8,36,0,44,0,0,153,0,153,0,8,189,0,197,132,0,132,329
09/08/2003,OSU,OH,AGL,CE,Federal Contract Tower,0,18,75,0,93,0,0,131,0,131,0,18,206,0,224,98,0,98,322
09/09/2003,OSU,OH,AGL,CE,Federal Contract Tower,0,21,73,0,94,0,0,147,2,149,0,21,220,2,243,132,0,132,375
09/10/2003,OSU,OH,AGL,CE,Federal Contract Tower,0,21,97,0,118,0,0,113,0,113,0,21,210,0,231,158,0,158,389
09/11/2003,OSU,OH,AGL,CE,Federal Contract Tower,0,3,77,0,80,0,0,122,2,124,0,3,199,2,204,126,0,126,330
09/12/2003,OSU,OH,AGL,CE,Federal Contract Tower,0,17,72,0,89,0,0,142,5,147,0,17,214,5,236,108,0,108,344
09/13/2003,OSU,OH,AGL,CE,Federal Contract Tower,0,12,90,0,102,0,0,134,10,144,0,12,224,10,246,50,0,50,296
09/14/2003,OSU,OH,AGL,CE,Federal Contract Tower,0,5,53,0,58,0,0,81,0,81,0,5,134,0,139,40,0,40,179
09/15/2003,OSU,OH,AGL,CE,Federal Contract Tower,0,12,34,0,46,0,0,12,0,12,0,12,46,0,58,58,0,58,116
09/16/2003,OSU,OH,AGL,CE,Federal Contract Tower,0,10,57,0,67,0,5,151,0,156,0,15,208,0,223,180,0,180,403
09/17/2003,OSU,OH,AGL,CE,Federal Contract Tower,0,13,63,0,76,0,0,126,2,128,0,13,189,2,204,94,0,94,298
09/18/2003,OSU,OH,AGL,CE,Federal Contract Tower,0,8,65,0,73,0,0,108,4,112,0,8,173,4,185,104,0,104,289
09/19/2003,OSU,OH,AGL,CE,Federal Contract Tower,0,16,65,0,81,0,0,71,0,71,0,16,136,0,152,16,0,16,168
09/20/2003,OSU,OH,AGL,CE,Federal Contract Tower,0,11,50,0,61,0,0,159,0,159,0,11,209,0,220,18,0,18,238
09/21/2003,OSU,OH,AGL,CE,Federal Contract Tower,0,2,32,0,34,0,0,144,0,144,0,2,176,0,178,136,0,136,314
09/22/2003,OSU,OH,AGL,CE,Federal Contract Tower,0,4,40,0,44,0,0,9,0,9,0,4,49,0,53,0,0,0,53
09/23/2003,OSU,OH,AGL,CE,Federal Contract Tower,0,12,56,0,68,0,0,159,0,159,0,12,215,0,227,102,0,102,329
09/24/2003,OSU,OH,AGL,CE,Federal Contract Tower,0,9,56,0,65,0,0,105,0,105,0,9,161,0,170,18,0,18,188
09/25/2003,OSU,OH,AGL,CE,Federal Contract Tower,0,12,70,0,82,0,0,236,5,241,0,12,306,5,323,188,0,188,511
09/26/2003,OSU,OH,AGL,CE,Federal Contract Tower,0,13,63,0,76,0,0,130,0,130,0,13,193,0,206,130,0,130,336
09/27/2003,OSU,OH,AGL,CE,Federal Contract Tower,0,15,20,0,35,0,0,81,0,81,0,15,101,0,116,28,0,28,144
09/28/2003,OSU,OH,AGL,CE,Federal Contract Tower,0,22,31,0,53,0,0,113,0,113,0,22,144,0,166,116,0,116,282
09/29/2003,OSU,OH,AGL,CE,Federal Contract Tower,0,4,61,0,65,0,0,80,0,80,0,4,141,0,145,172,0,172,317
09/30/2003,OSU,OH,AGL,CE,Federal Contract Tower,0,11,63,0,74,0,0,172,0,172,0,11,235,0,246,258,0,258,504
10/01/2003,OSU,OH,AGL,CE,Federal Contract Tower,0,17,68,0,85,0,0,187,1,188,0,17,255,1,273,104,0,104,377
10/02/2003,OSU,OH,AGL,CE,Federal Contract Tower,0,14,62,0,76,0,0,166,5,171,0,14,228,5,247,60,0,60,307
10/03/2003,OSU,OH,AGL,CE,Federal Contract Tower,0,14,66,0,80,0,0,91,0,91,0,14,157,0,171,90,0,90,261
10/04/2003,OSU,OH,AGL,CE,Federal Contract Tower,0,7,24,0,31,0,1,69,1,71,0,8,93,1,102,140,0,140,242
10/05/2003,OSU,OH,AGL,CE,Federal Contract Tower,0,5,32,0,37,0,0,187,0,187,0,5,219,0,224,224,0,224,448
10/06/2003,OSU,OH,AGL,CE,Federal Contract Tower,0,10,66,0,76,0,0,213,4,217,0,10,279,4,293,220,0,220,513
10/07/2003,OSU,OH,AGL,CE,Federal Contract Tower,0,13,68,0,81,0,0,270,0,270,0,13,338,0,351,560,0,560,911
10/08/2003,OSU,OH,AGL,CE,Federal Contract Tower,0,16,62,0,78,0,0,238,0,238,0,16,300,0,316,190,0,190,506
10/09/2003,OSU,OH,AGL,CE,Federal Contract Tower,0,16,89,0,105,0,0,250,2,252,0,16,339,2,357,262,0,262,619
10/10/2003,OSU,OH,AGL,CE,Federal Contract Tower,0,21,84,0,105,0,2,130,0,132,0,23,214,0,237,106,0,106,343
10/11/2003,OSU,OH,AGL,CE,Federal Contract Tower,0,7,39,0,46,0,0,252,0,252,0,7,291,0,298,4,0,4,302
10/12/2003,OSU,OH,AGL,CE,Federal Contract Tower,0,10,38,0,48,0,2,69,0,71,0,12,107,0,119,32,0,32,151
10/13/2003,OSU,OH,AGL,CE,Federal Contract Tower,0,10,43,0,53,0,0,149,0,149,0,10,192,0,202,224,0,224,426
10/14/2003,OSU,OH,AGL,CE,Federal Contract Tower,0,9,44,0,53,0,0,14,0,14,0,9,58,0,67,56,0,56,123
10/15/2003,OSU,OH,AGL,CE,Federal Contract Tower,0,12,54,0,66,0,9,97,0,106,0,21,151,0,172,42,0,42,214
10/16/2003,OSU,OH,AGL,CE,Federal Contract Tower,0,15,63,1,79,0,1,108,5,114,0,16,171,6,193,90,0,90,283
10/17/2003,OSU,OH,AGL,CE,Federal Contract Tower,0,12,53,0,65,0,2,92,0,94,0,14,145,0,159,22,0,22,181
10/18/2003,OSU,OH,AGL,CE,Federal Contract Tower,0,11,54,1,66,0,0,149,1,150,0,11,203,2,216,116,0,116,332
10/19/2003,OSU,OH,AGL,CE,Federal Contract Tower,0,8,44,0,52,0,0,89,0,89,0,8,133,0,141,40,0,40,181
10/20/2003,OSU,OH,AGL,CE,Federal Contract Tower,0,10,56,0,66,0,0,205,0,205,0,10,261,0,271,120,0,120,391
10/21/2003,OSU,OH,AGL,CE,Federal Contract Tower,0,12,55,0,67,0,11,114,2,127,0,23,169,2,194,172,0,172,366
10/22/2003,OSU,OH,AGL,CE,Federal Contract Tower,0,13,57,0,70,0,5,116,2,123,0,18,173,2,193,312,0,312,505
10/23/2003,OSU,OH,AGL,CE,Federal Contract Tower,0,17,74,0,91,0,4,160,0,164,0,21,234,0,255,224,0,224,479
10/24/2003,OSU,OH,AGL,CE,Federal Contract Tower,0,11,66,0,77,0,0,178,0,178,0,11,244,0,255,188,0,188,443
10/25/2003,OSU,OH,AGL,CE,Federal Contract Tower,0,5,25,0,30,0,3,74,0,77,0,8,99,0,107,76,0,76,183
10/26/2003,OSU,OH,AGL,CE,Federal Contract Tower,0,6,27,0,33,0,9,18,0,27,0,15,45,0,60,0,0,0,60
10/27/2003,OSU,OH,AGL,CE,Federal Contract Tower,0,4,38,0,42,0,0,175,0,175,0,4,213,0,217,90,0,90,307
10/28/2003,OSU,OH,AGL,CE,Federal Contract Tower,0,7,42,0,49,0,0,29,0,29,0,7,71,0,78,48,0,48,126
10/29/2003,OSU,OH,AGL,CE,Federal Contract Tower,0,7,54,0,61,0,0,80,0,80,0,7,134,0,141,30,0,30,171
10/30/2003,OSU,OH,AGL,CE,Federal Contract Tower,0,15,63,0,78,0,4,72,0,76,0,19,135,0,154,36,0,36,190
10/31/2003,OSU,OH,AGL,CE,Federal Contract Tower,0,9,39,0,48,0,1,110,0,111,0,10,149,0,159,0,0,0,159
11/01/2003,OSU,OH,AGL,CE,Federal Contract Tower,0,6,49,0,55,0,0,5,0,5,0,6,54,0,60,0,0,0,60
11/02/2003,OSU,OH,AGL,CE,Federal Contract Tower,0,10,46,0,56,0,0,117,4,121,0,10,163,4,177,90,0,90,267
11/03/2003,OSU,OH,AGL,CE,Federal Contract Tower,0,7,42,0,49,0,0,112,0,112,0,7,154,0,161,194,0,194,355
11/04/2003,OSU,OH,AGL,CE,Federal Contract Tower,0,15,65,0,80,0,0,208,0,208,0,15,273,0,288,110,0,110,398
11/05/2003,OSU,OH,AGL,CE,Federal Contract Tower,0,15,69,0,84,0,1,90,0,91,0,16,159,0,175,74,0,74,249
11/06/2003,OSU,OH,AGL,CE,Federal Contract Tower,0,13,84,0,97,0,0,25,7,32,0,13,109,7,129,32,0,32,161
11/07/2003,OSU,OH,AGL,CE,Federal Contract Tower,0,12,55,0,67,0,1,181,2,184,0,13,236,2,251,150,0,150,401
11/08/2003,OSU,OH,AGL,CE,Federal Contract Tower,0,12,53,0,65,0,12,140,0,152,0,24,193,0,217,34,0,34,251
11/09/2003,OSU,OH,AGL,CE,Federal Contract Tower,0,8,33,0,41,0,0,126,0,126,0,8,159,0,167,60,0,60,227
11/10/2003,OSU,OH,AGL,CE,Federal Contract Tower,0,5,42,0,47,0,0,145,0,145,0,5,187,0,192,246,0,246,438
11/11/2003,OSU,OH,AGL,CE,Federal Contract Tower,0,15,74,0,89,0,0,12,10,22,0,15,86,10,111,0,0,0,111
11/12/2003,OSU,OH,AGL,CE,Federal Contract Tower,0,13,68,0,81,0,0,44,4,48,0,13,112,4,129,22,0,22,151
11/13/2003,OSU,OH,AGL,CE,Federal Contract Tower,0,7,30,0,37,0,2,17,0,19,0,9,47,0,56,0,0,0,56
11/14/2003,OSU,OH,AGL,CE,Federal Contract Tower,0,16,72,0,88,0,0,143,0,143,0,16,215,0,231,162,0,162,393
11/15/2003,OSU,OH,AGL,CE,Federal Contract Tower,0,11,43,0,54,0,5,0,0,5,0,16,43,0,59,0,0,0,59
11/16/2003,OSU,OH,AGL,CE,Federal Contract Tower,0,6,46,0,52,0,0,16,0,16,0,6,62,0,68,26,0,26,94
11/17/2003,OSU,OH,AGL,CE,Federal Contract Tower,0,9,46,0,55,0,0,103,0,103,0,9,149,0,158,164,0,164,322
11/18/2003,OSU,OH,AGL,CE,Federal Contract Tower,0,8,43,0,51,0,2,32,0,34,0,10,75,0,85,22,0,22,107
11/19/2003,OSU,OH,AGL,CE,Federal Contract Tower,0,7,64,0,71,0,0,92,0,92,0,7,156,0,163,28,0,28,191
11/20/2003,OSU,OH,AGL,CE,Federal Contract Tower,0,15,71,0,86,0,1,223,4,228,0,16,294,4,314,322,0,322,636
11/21/2003,OSU,OH,AGL,CE,Federal Contract Tower,0,12,58,0,70,0,0,218,5,223,0,12,276,5,293,202,0,202,495
11/22/2003,OSU,OH,AGL,CE,Federal Contract Tower,0,4,23,0,27,0,3,126,0,129,0,7,149,0,156,8,0,8,164
11/23/2003,OSU,OH,AGL,CE,Federal Contract Tower,0,4,24,0,28,0,0,85,0,85,0,4,109,0,113,10,0,10,123
11/24/2003,OSU,OH,AGL,CE,Federal Contract Tower,0,7,36,0,43,0,0,9,0,9,0,7,45,0,52,0,0,0,52
11/25/2003,OSU,OH,AGL,CE,Federal Contract Tower,0,8,52,0,60,0,0,179,2,181,0,8,231,2,241,156,0,156,397
11/26/2003,OSU,OH,AGL,CE,Federal Contract Tower,0,12,59,0,71,0,1,172,0,173,0,13,231,0,244,202,0,202,446
11/27/2003,OSU,OH,AGL,CE,Federal Contract Tower,0,3,19,0,22,0,4,5,0,9,0,7,24,0,31,0,0,0,31
11/28/2003,OSU,OH,AGL,CE,Federal Contract Tower,0,2,11,0,13,0,0,3,0,3,0,2,14,0,16,0,0,0,16
11/29/2003,OSU,OH,AGL,CE,Federal Contract Tower,0,5,26,0,31,0,2,19,0,21,0,7,45,0,52,0,0,0,52
11/30/2003,OSU,OH,AGL,CE,Federal Contract Tower,0,5,34,0,39,0,0,70,0,70,0,5,104,0,109,18,0,18,127
12/01/2003,OSU,OH,AGL,CE,Federal Contract Tower,0,9,45,0,54,0,0,78,0,78,0,9,123,0,132,58,0,58,190
12/02/2003,OSU,OH,AGL,CE,Federal Contract Tower,0,17,77,0,94,0,4,165,3,172,0,21,242,3,266,140,0,140,406
12/03/2003,OSU,OH,AGL,CE,Federal Contract Tower,0,14,59,0,73,0,1,160,0,161,0,15,219,0,234,294,0,294,528
12/04/2003,OSU,OH,AGL,CE,Federal Contract Tower,0,12,56,0,68,0,0,80,0,80,0,12,136,0,148,122,0,122,270
12/05/2003,OSU,OH,AGL,CE,Federal Contract Tower,0,6,23,0,29,0,4,0,0,4,0,10,23,0,33,0,0,0,33
12/06/2003,OSU,OH,AGL,CE,Federal Contract Tower,0,3,24,0,27,0,0,17,0,17,0,3,41,0,44,4,0,4,48
12/07/2003,OSU,OH,AGL,CE,Federal Contract Tower,0,2,33,0,35,0,0,197,0,197,0,2,230,0,232,118,0,118,350
12/08/2003,OSU,OH,AGL,CE,Federal Contract Tower,0,4,50,0,54,0,0,134,0,134,0,4,184,0,188,120,0,120,308
12/09/2003,OSU,OH,AGL,CE,Federal Contract Tower,0,11,46,0,57,0,0,33,0,33,0,11,79,0,90,62,0,62,152
12/10/2003,OSU,OH,AGL,CE,Federal Contract Tower,0,9,59,0,68,0,0,21,0,21,0,9,80,0,89,0,0,0,89
12/11/2003,OSU,OH,AGL,CE,Federal Contract Tower,0,9,42,0,51,0,0,45,0,45,0,9,87,0,96,0,0,0,96
12/12/2003,OSU,OH,AGL,CE,Federal Contract Tower,0,8,49,0,57,0,0,116,0,116,0,8,165,0,173,144,0,144,317
12/13/2003,OSU,OH,AGL,CE,Federal Contract Tower,0,6,29,0,35,0,0,130,0,130,0,6,159,0,165,114,0,114,279
12/14/2003,OSU,OH,AGL,CE,Federal Contract Tower,0,4,18,0,22,0,4,0,0,4,0,8,18,0,26,0,0,0,26
12/15/2003,OSU,OH,AGL,CE,Federal Contract Tower,0,8,50,0,58,0,0,16,0,16,0,8,66,0,74,12,0,12,86
12/16/2003,OSU,OH,AGL,CE,Federal Contract Tower,0,7,40,0,47,0,0,45,0,45,0,7,85,0,92,20,0,20,112
12/17/2003,OSU,OH,AGL,CE,Federal Contract Tower,0,10,49,0,59,0,2,22,0,24,0,12,71,0,83,30,0,30,113
12/18/2003,OSU,OH,AGL,CE,Federal Contract Tower,0,9,45,0,54,0,3,39,0,42,0,12,84,0,96,160,0,160,256
12/19/2003,OSU,OH,AGL,CE,Federal Contract Tower,0,10,46,0,56,0,3,2,4,9,0,13,48,4,65,0,0,0,65
12/20/2003,OSU,OH,AGL,CE,Federal Contract Tower,0,5,27,0,32,0,2,94,0,96,0,7,121,0,128,20,0,20,148
12/21/2003,OSU,OH,AGL,CE,Federal Contract Tower,0,3,17,0,20,0,0,82,0,82,0,3,99,0,102,24,0,24,126
12/22/2003,OSU,OH,AGL,CE,Federal Contract Tower,0,4,40,0,44,0,0,77,1,78,0,4,117,1,122,36,0,36,158
12/23/2003,OSU,OH,AGL,CE,Federal Contract Tower,0,8,41,0,49,0,3,11,0,14,0,11,52,0,63,0,0,0,63
12/24/2003,OSU,OH,AGL,CE,Federal Contract Tower,0,3,16,0,19,0,0,16,0,16,0,3,32,0,35,6,0,6,41
12/25/2003,OSU,OH,AGL,CE,Federal Contract Tower,0,2,11,0,13,0,2,14,0,16,0,4,25,0,29,0,0,0,29
12/26/2003,OSU,OH,AGL,CE,Federal Contract Tower,0,5,26,0,31,0,1,132,0,133,0,6,158,0,164,60,0,60,224
12/27/2003,OSU,OH,AGL,CE,Federal Contract Tower,0,6,31,0,37,0,5,154,0,159,0,11,185,0,196,14,0,14,210
12/28/2003,OSU,OH,AGL,CE,Federal Contract Tower,0,3,19,0,22,0,0,131,0,131,0,3,150,0,153,30,0,30,183
12/29/2003,OSU,OH,AGL,CE,Federal Contract Tower,0,5,28,0,33,0,0,72,1,73,0,5,100,1,106,58,0,58,164
12/30/2003,OSU,OH,AGL,CE,Federal Contract Tower,0,6,34,0,40,0,0,60,0,60,0,6,94,0,100,34,0,34,134
12/31/2003,OSU,OH,AGL,CE,Federal Contract Tower,0,1,9,0,10,0,3,54,0,57,0,4,63,0,67,4,0,4,71
01/01/2004,OSU,OH,AGL,CE,Federal Contract Tower,0,0,13,0,13,0,0,64,0,64,0,0,77,0,77,16,0,16,93
01/02/2004,OSU,OH,AGL,CE,Federal Contract Tower,0,7,22,0,29,0,3,0,0,3,0,10,22,0,32,0,0,0,32
01/03/2004,OSU,OH,AGL,CE,Federal Contract Tower,0,7,46,0,53,0,0,8,0,8,0,7,54,0,61,0,0,0,61
01/04/2004,OSU,OH,AGL,CE,Federal Contract Tower,0,5,18,0,23,0,0,0,0,0,0,5,18,0,23,0,0,0,23
01/05/2004,OSU,OH,AGL,CE,Federal Contract Tower,0,4,14,0,18,0,1,15,0,16,0,5,29,0,34,0,0,0,34
01/06/2004,OSU,OH,AGL,CE,Federal Contract Tower,0,5,43,0,48,0,0,68,0,68,0,5,111,0,116,0,0,0,116
01/07/2004,OSU,OH,AGL,CE,Federal Contract Tower,0,6,33,0,39,0,0,88,0,88,0,6,121,0,127,110,0,110,237
01/08/2004,OSU,OH,AGL,CE,Federal Contract Tower,0,4,46,0,50,0,0,116,0,116,0,4,162,0,166,54,0,54,220
01/09/2004,OSU,OH,AGL,CE,Federal Contract Tower,0,11,42,0,53,0,13,35,0,48,0,24,77,0,101,42,0,42,143
01/10/2004,OSU,OH,AGL,CE,Federal Contract Tower,0,7,27,0,34,0,3,89,1,93,0,10,116,1,127,154,0,154,281
01/11/2004,OSU,OH,AGL,CE,Federal Contract Tower,0,5,34,0,39,0,0,66,0,66,0,5,100,0,105,6,0,6,111
01/12/2004,OSU,OH,AGL,CE,Federal Contract Tower,0,8,32,0,40,0,2,7,0,9,0,10,39,0,49,36,0,36,85
01/13/2004,OSU,OH,AGL,CE,Federal Contract Tower,0,15,59,0,74,0,5,50,0,55,0,20,109,0,129,18,0,18,147
01/14/2004,OSU,OH,AGL,CE,Federal Contract Tower,0,6,44,0,50,0,0,165,0,165,0,6,209,0,215,104,0,104,319
01/15/2004,OSU,OH,AGL,CE,Federal Contract Tower,0,3,12,0,15,0,7,160,0,167,0,10,172,0,182,108,0,108,290
01/16/2004,OSU,OH,AGL,CE,Federal Contract Tower,0,8,34,0,42,0,3,124,0,127,0,11,158,0,169,188,0,188,357
01/17/2004,OSU,OH,AGL,CE,Federal Contract Tower,0,1,6,0,7,0,3,0,0,3,0,4,6,0,10,0,0,0,10
01/18/2004,OSU,OH,AGL,CE,Federal Contract Tower,0,2,9,0,11,0,0,18,0,18,0,2,27,0,29,0,0,0,29
01/19/2004,OSU,OH,AGL,CE,Federal Contract Tower,0,6,29,0,35,0,0,21,0,21,0,6,50,0,56,0,0,0,56
01/20/2004,OSU,OH,AGL,CE,Federal Contract Tower,0,14,61,0,75,0,1,81,0,82,0,15,142,0,157,165,0,165,322
01/21/2004,OSU,OH,AGL,CE,Federal Contract Tower,0,2,33,0,35,0,0,105,0,105,0,2,138,0,140,150,0,150,290
01/22/2004,OSU,OH,AGL,CE,Federal Contract Tower,0,11,63,0,74,0,0,56,4,60,0,11,119,4,134,32,0,32,166
01/23/2004,OSU,OH,AGL,CE,Federal Contract Tower,0,10,44,0,54,0,2,72,0,74,0,12,116,0,128,10,0,10,138
01/24/2004,OSU,OH,AGL,CE,Federal Contract Tower,0,5,22,0,27,0,1,25,0,26,0,6,47,0,53,6,0,6,59
01/25/2004,OSU,OH,AGL,CE,Federal Contract Tower,0,3,13,0,16,0,2,13,0,15,0,5,26,0,31,16,0,16,47
01/26/2004,OSU,OH,AGL,CE,Federal Contract Tower,0,2,12,0,14,0,0,0,0,0,0,2,12,0,14,0,0,0,14
01/27/2004,OSU,OH,AGL,CE,Federal Contract Tower,0,7,30,0,37,0,0,4,0,4,0,7,34,0,41,0,0,0,41
01/28/2004,OSU,OH,AGL,CE,Federal Contract Tower,0,9,47,0,56,0,0,83,0,83,0,9,130,0,139,36,0,36,175
01/29/2004,OSU,OH,AGL,CE,Federal Contract Tower,0,9,38,0,47,0,4,87,0,91,0,13,125,0,138,60,0,60,198
01/30/2004,OSU,OH,AGL,CE,Federal Contract Tower,0,3,44,0,47,0,0,57,2,59,0,3,101,2,106,0,0,0,106
01/31/2004,OSU,OH,AGL,CE,Federal Contract Tower,0,3,17,0,20,0,5,27,2,34,0,8,44,2,54,30,0,30,84
02/01/2004,OSU,OH,AGL,CE,Federal Contract Tower,0,3,15,0,18,0,0,81,0,81,0,3,96,0,99,2,0,2,101
02/02/2004,OSU,OH,AGL,CE,Federal Contract Tower,0,9,37,0,46,0,0,79,0,79,0,9,116,0,125,82,0,82,207
02/03/2004,OSU,OH,AGL,CE,Federal Contract Tower,0,6,26,0,32,0,4,25,0,29,0,10,51,0,61,2,0,2,63
02/04/2004,OSU,OH,AGL,CE,Federal Contract Tower,0,9,53,0,62,0,0,173,0,173,0,9,226,0,235,206,0,206,441
02/05/2004,OSU,OH,AGL,CE,Federal Contract Tower,0,4,28,0,32,0,0,77,0,77,0,4,105,0,109,106,0,106,215
02/06/2004,OSU,OH,AGL,CE,Federal Contract Tower,0,6,27,0,33,0,0,8,0,8,0,6,35,0,41,0,0,0,41
02/07/2004,OSU,OH,AGL,CE,Federal Contract Tower,0,6,23,0,29,0,1,8,0,9,0,7,31,0,38,0,0,0,38
02/08/2004,OSU,OH,AGL,CE,Federal Contract Tower,0,3,27,0,30,0,0,171,0,171,0,3,198,0,201,88,0,88,289
02/09/2004,OSU,OH,AGL,CE,Federal Contract Tower,0,4,40,0,44,0,0,102,0,102,0,4,142,0,146,0,0,0,146
02/10/2004,OSU,OH,AGL,CE,Federal Contract Tower,0,4,49,0,53,0,0,103,0,103,0,4,152,0,156,140,0,140,296
02/11/2004,OSU,OH,AGL,CE,Federal Contract Tower,0,10,49,1,60,0,1,230,3,234,0,11,279,4,294,334,0,334,628
02/12/2004,OSU,OH,AGL,CE,Federal Contract Tower,0,12,80,1,93,0,0,164,1,165,0,12,244,2,258,218,0,218,476
02/13/2004,OSU,OH,AGL,CE,Federal Contract Tower,0,9,41,1,51,0,0,45,0,45,0,9,86,1,96,92,0,92,188
02/14/2004,OSU,OH,AGL,CE,Federal Contract Tower,0,5,24,0,29,0,1,171,0,172,0,6,195,0,201,206,0,206,407
02/15/2004,OSU,OH,AGL,CE,Federal Contract Tower,0,3,22,0,25,0,0,146,0,146,0,3,168,0,171,28,0,28,199
02/16/2004,OSU,OH,AGL,CE,Federal Contract Tower,0,10,51,0,61,0,10,152,4,166,0,20,203,4,227,166,0,166,393
02/17/2004,OSU,OH,AGL,CE,Federal Contract Tower,0,12,55,0,67,0,9,181,2,192,0,21,236,2,259,394,0,394,653
02/18/2004,OSU,OH,AGL,CE,Federal Contract Tower,0,11,51,0,62,0,3,140,0,143,0,14,191,0,205,296,0,296,501
02/19/2004,OSU,OH,AGL,CE,Federal Contract Tower,0,7,77,0,84,0,0,211,0,211,0,7,288,0,295,356,0,356,651
02/20/2004,OSU,OH,AGL,CE,Federal Contract Tower,0,6,37,0,43,0,0,29,0,29,0,6,66,0,72,8,0,8,80
02/21/2004,OSU,OH,AGL,CE,Federal Contract Tower,0,5,23,0,28,0,4,14,0,18,0,9,37,0,46,0,0,0,46
02/22/2004,OSU,OH,AGL,CE,Federal Contract Tower,0,7,38,0,45,0,0,124,0,124,0,7,162,0,169,126,0,126,295
02/23/2004,OSU,OH,AGL,CE,Federal Contract Tower,0,4,36,0,40,0,0,160,0,160,0,4,196,0,200,204,0,204,404
02/24/2004,OSU,OH,AGL,CE,Federal Contract Tower,0,12,57,0,69,0,2,20,2,24,0,14,77,2,93,0,0,0,93
02/25/2004,OSU,OH,AGL,CE,Federal Contract Tower,0,18,85,0,103,0,2,199,4,205,0,20,284,4,308,188,0,188,496
02/26/2004,OSU,OH,AGL,CE,Federal Contract Tower,0,12,55,0,67,0,3,199,0,202,0,15,254,0,269,214,0,214,483
02/27/2004,OSU,OH,AGL,CE,Federal Contract Tower,0,10,46,0,56,0,3,210,0,213,0,13,256,0,269,230,0,230,499
02/28/2004,OSU,OH,AGL,CE,Federal Contract Tower,0,6,33,0,39,0,0,176,0,176,0,6,209,0,215,176,0,176,391
02/29/2004,OSU,OH,AGL,CE,Federal Contract Tower,0,5,26,0,31,0,0,139,0,139,0,5,165,0,170,64,0,64,234
03/01/2004,OSU,OH,AGL,CE,Federal Contract Tower,0,2,33,0,35,0,0,53,0,53,0,2,86,0,88,14,0,14,102
03/02/2004,OSU,OH,AGL,CE,Federal Contract Tower,0,5,54,0,59,0,0,77,0,77,0,5,131,0,136,106,0,106,242
03/03/2004,OSU,OH,AGL,CE,Federal Contract Tower,0,9,49,0,58,0,0,63,0,63,0,9,112,0,121,260,0,260,381
03/04/2004,OSU,OH,AGL,CE,Federal Contract Tower,0,7,75,0,82,0,0,20,0,20,0,7,95,0,102,0,0,0,102
03/05/2004,OSU,OH,AGL,CE,Federal Contract Tower,0,7,44,0,51,0,0,22,0,22,0,7,66,0,73,0,0,0,73
03/06/2004,OSU,OH,AGL,CE,Federal Contract Tower,0,5,28,0,33,0,0,41,8,49,0,5,69,8,82,110,0,110,192
03/07/2004,OSU,OH,AGL,CE,Federal Contract Tower,0,5,22,0,27,0,1,43,0,44,0,6,65,0,71,0,0,0,71
03/08/2004,OSU,OH,AGL,CE,Federal Contract Tower,0,8,37,0,45,0,2,47,0,49,0,10,84,0,94,96,0,96,190
03/09/2004,OSU,OH,AGL,CE,Federal Contract Tower,0,11,52,0,63,0,4,134,10,148,0,15,186,10,211,284,0,284,495
03/10/2004,OSU,OH,AGL,CE,Federal Contract Tower,0,16,80,0,96,0,4,284,2,290,0,20,364,2,386,308,0,308,694
03/11/2004,OSU,OH,AGL,CE,Federal Contract Tower,0,8,72,0,80,0,0,74,0,74,0,8,146,0,154,58,0,58,212
03/12/2004,OSU,OH,AGL,CE,Federal Contract Tower,0,7,45,0,52,0,0,51,0,51,0,7,96,0,103,163,0,163,266
03/13/2004,OSU,OH,AGL,CE,Federal Contract Tower,0,3,31,1,35,0,0,227,1,228,0,3,258,2,263,222,0,222,485
03/14/2004,OSU,OH,AGL,CE,Federal Contract Tower,0,5,30,0,35,0,2,20,0,22,0,7,50,0,57,40,0,40,97
03/15/2004,OSU,OH,AGL,CE,Federal Contract Tower,0,4,27,0,31,0,6,151,0,157,0,10,178,0,188,252,0,252,440
03/16/2004,OSU,OH,AGL,CE,Federal Contract Tower,0,3,18,0,21,0,5,20,0,25,0,8,38,0,46,8,0,8,54
03/17/2004,OSU,OH,AGL,CE,Federal Contract Tower,0,8,58,0,66,0,0,49,2,51,0,8,107,2,117,112,0,112,229
03/18/2004,OSU,OH,AGL,CE,Federal Contract Tower,0,7,41,0,48,0,0,8,2,10,0,7,49,2,58,2,0,2,60
03/19/2004,OSU,OH,AGL,CE,Federal Contract Tower,0,11,61,0,72,0,5,103,2,110,0,16,164,2,182,144,0,144,326
03/20/2004,OSU,OH,AGL,CE,Federal Contract Tower,0,5,30,0,35,0,6,14,0,20,0,11,44,0,55,0,0,0,55
03/21/2004,OSU,OH,AGL,CE,Federal Contract Tower,0,5,25,0,30,0,11,0,0,11,0,16,25,0,41,0,0,0,41
03/22/2004,OSU,OH,AGL,CE,Federal Contract Tower,0,3,39,0,42,0,0,145,1,146,0,3,184,1,188,142,0,142,330
03/23/2004,OSU,OH,AGL,CE,Federal Contract Tower,0,10,56,0,66,0,0,167,2,169,0,10,223,2,235,136,0,136,371
03/24/2004,OSU,OH,AGL,CE,Federal Contract Tower,0,6,65,0,71,0,0,82,2,84,0,6,147,2,155,36,0,36,191
03/25/2004,OSU,OH,AGL,CE,Federal Contract Tower,0,9,48,0,57,0,0,118,0,118,0,9,166,0,175,52,0,52,227
03/26/2004,OSU,OH,AGL,CE,Federal Contract Tower,0,6,36,0,42,0,2,63,0,65,0,8,99,0,107,16,0,16,123
03/27/2004,OSU,OH,AGL,CE,Federal Contract Tower,0,9,48,0,57,0,6,36,0,42,0,15,84,0,99,50,0,50,149
03/28/2004,OSU,OH,AGL,CE,Federal Contract Tower,0,4,39,0,43,0,0,155,0,155,0,4,194,0,198,104,0,104,302
03/29/2004,OSU,OH,AGL,CE,Federal Contract Tower,0,3,41,0,44,0,0,27,0,27,0,3,68,0,71,116,0,116,187
03/30/2004,OSU,OH,AGL,CE,Federal Contract Tower,0,10,54,0,64,0,0,18,0,18,0,10,72,0,82,0,0,0,82
03/31/2004,OSU,OH,AGL,CE,Federal Contract Tower,0,8,44,0,52,0,5,10,1,16,0,13,54,1,68,0,0,0,68
04/01/2004,OSU,OH,AGL,CE,Federal Contract Tower,0,6,52,0,58,0,0,20,1,21,0,6,72,1,79,0,0,0,79
04/02/2004,OSU,OH,AGL,CE,Federal Contract Tower,0,10,53,0,63,0,0,4,0,4,0,10,57,0,67,0,0,0,67
04/03/2004,OSU,OH,AGL,CE,Federal Contract Tower,0,4,35,0,39,0,0,99,0,99,0,4,134,0,138,180,0,180,318
04/04/2004,OSU,OH,AGL,CE,Federal Contract Tower,0,5,24,0,29,0,0,15,0,15,0,5,39,0,44,0,0,0,44
04/05/2004,OSU,OH,AGL,CE,Federal Contract Tower,0,12,61,0,73,0,0,251,8,259,0,12,312,8,332,318,0,318,650
04/06/2004,OSU,OH,AGL,CE,Federal Contract Tower,0,7,60,0,67,0,0,217,0,217,0,7,277,0,284,360,0,360,644
04/07/2004,OSU,OH,AGL,CE,Federal Contract Tower,0,18,87,0,105,0,4,211,0,215,0,22,298,0,320,338,0,338,658
04/08/2004,OSU,OH,AGL,CE,Federal Contract Tower,0,5,74,0,79,0,0,180,0,180,0,5,254,0,259,286,0,286,545
04/09/2004,OSU,OH,AGL,CE,Federal Contract Tower,0,12,62,0,74,0,10,167,0,177,0,22,229,0,251,438,0,438,689
04/10/2004,OSU,OH,AGL,CE,Federal Contract Tower,0,7,37,0,44,0,1,230,0,231,0,8,267,0,275,158,0,158,433
04/11/2004,OSU,OH,AGL,CE,Federal Contract Tower,0,7,34,0,41,0,4,46,0,50,0,11,80,0,91,18,0,18,109
04/12/2004,OSU,OH,AGL,CE,Federal Contract Tower,0,8,43,0,51,0,0,73,0,73,0,8,116,0,124,84,0,84,208
04/13/2004,OSU,OH,AGL,CE,Federal Contract Tower,0,7,36,0,43,0,1,1,0,2,0,8,37,0,45,0,4,4,49
04/14/2004,OSU,OH,AGL,CE,Federal Contract Tower,0,13,64,1,78,0,2,213,0,215,0,15,277,1,293,320,0,320,613
04/15/2004,OSU,OH,AGL,CE,Federal Contract Tower,0,11,55,1,67,0,3,284,0,287,0,14,339,1,354,484,0,484,838
04/16/2004,OSU,OH,AGL,CE,Federal Contract Tower,0,11,54,0,65,0,5,278,0,283,0,16,332,0,348,192,0,192,540
04/17/2004,OSU,OH,AGL,CE,Federal Contract Tower,0,5,29,0,34,0,3,150,0,153,0,8,179,0,187,96,0,96,283
04/18/2004,OSU,OH,AGL,CE,Federal Contract Tower,0,7,37,1,45,0,7,99,3,109,0,14,136,4,154,62,0,62,216
04/19/2004,OSU,OH,AGL,CE,Federal Contract Tower,0,7,38,0,45,0,3,57,0,60,0,10,95,0,105,26,0,26,131
04/20/2004,OSU,OH,AGL,CE,Federal Contract Tower,0,9,54,0,63,0,0,160,0,160,0,9,214,0,223,512,0,512,735
04/21/2004,OSU,OH,AGL,CE,Federal Contract Tower,0,10,50,0,60,0,12,30,0,42,0,22,80,0,102,0,0,0,102
04/22/2004,OSU,OH,AGL,CE,Federal Contract Tower,0,11,57,0,68,0,0,71,0,71,0,11,128,0,139,160,0,160,299
04/23/2004,OSU,OH,AGL,CE,Federal Contract Tower,0,9,76,0,85,0,0,12,0,12,0,9,88,0,97,180,0,180,277
04/24/2004,OSU,OH,AGL,CE,Federal Contract Tower,0,7,38,0,45,0,2,176,4,182,0,9,214,4,227,154,0,154,381
04/25/2004,OSU,OH,AGL,CE,Federal Contract Tower,0,5,30,0,35,0,6,12,0,18,0,11,42,0,53,2,0,2,55
04/26/2004,OSU,OH,AGL,CE,Federal Contract Tower,0,12,59,0,71,0,3,152,0,155,0,15,211,0,226,104,0,104,330
04/27/2004,OSU,OH,AGL,CE,Federal Contract Tower,0,8,54,0,62,0,0,135,0,135,0,8,189,0,197,44,0,44,241
04/28/2004,OSU,OH,AGL,CE,Federal Contract Tower,0,10,58,0,68,0,0,149,2,151,0,10,207,2,219,82,0,82,301
04/29/2004,OSU,OH,AGL,CE,Federal Contract Tower,0,2,49,0,51,0,0,192,4,196,0,2,241,4,247,134,0,134,381
04/30/2004,OSU,OH,AGL,CE,Federal Contract Tower,0,12,62,0,74,0,1,11,7,19,0,13,73,7,93,12,0,12,105
05/01/2004,OSU,OH,AGL,CE,Federal Contract Tower,0,5,23,0,28,0,4,12,0,16,0,9,35,0,44,22,0,22,66
05/02/2004,OSU,OH,AGL,CE,Federal Contract Tower,0,7,33,0,40,0,1,19,0,20,0,8,52,0,60,0,0,0,60
05/03/2004,OSU,OH,AGL,CE,Federal Contract Tower,0,6,41,0,47,0,0,164,3,167,0,6,205,3,214,138,0,138,352
05/04/2004,OSU,OH,AGL,CE,Federal Contract Tower,0,10,57,0,67,0,0,255,0,255,0,10,312,0,322,88,0,88,410
05/05/2004,OSU,OH,AGL,CE,Federal Contract Tower,0,14,62,0,76,0,2,214,5,221,0,16,276,5,297,100,0,100,397
05/06/2004,OSU,OH,AGL,CE,Federal Contract Tower,0,16,74,0,90,0,1,303,3,307,0,17,377,3,397,314,0,314,711
05/07/2004,OSU,OH,AGL,CE,Federal Contract Tower,0,12,53,0,65,0,2,74,0,76,0,14,127,0,141,90,0,90,231
05/08/2004,OSU,OH,AGL,CE,Federal Contract Tower,0,7,30,0,37,0,12,142,0,154,0,19,172,0,191,44,0,44,235
05/09/2004,OSU,OH,AGL,CE,Federal Contract Tower,0,7,35,0,42,0,0,118,0,118,0,7,153,0,160,26,0,26,186
05/10/2004,OSU,OH,AGL,CE,Federal Contract Tower,0,7,36,1,44,0,1,127,3,131,0,8,163,4,175,240,0,240,415
05/11/2004,OSU,OH,AGL,CE,Federal Contract Tower,0,6,53,1,60,0,0,123,3,126,0,6,176,4,186,188,0,188,374
05/12/2004,OSU,OH,AGL,CE,Federal Contract Tower,0,11,55,0,66,0,2,128,0,130,0,13,183,0,196,242,0,242,438
05/13/2004,OSU,OH,AGL,CE,Federal Contract Tower,0,5,58,0,63,0,0,155,0,155,0,5,213,0,218,120,0,120,338
05/14/2004,OSU,OH,AGL,CE,Federal Contract Tower,0,11,54,1,66,0,4,44,1,49,0,15,98,2,115,52,0,52,167
05/15/2004,OSU,OH,AGL,CE,Federal Contract Tower,0,4,57,0,61,0,0,15,0,15,0,4,72,0,76,0,0,0,76
05/16/2004,OSU,OH,AGL,CE,Federal Contract Tower,0,10,54,0,64,0,0,87,0,87,0,10,141,0,151,54,0,54,205
05/17/2004,OSU,OH,AGL,CE,Federal Contract Tower,0,5,67,0,72,0,0,106,2,108,0,5,173,2,180,174,0,174,354
05/18/2004,OSU,OH,AGL,CE,Federal Contract Tower,0,13,63,0,76,0,3,47,0,50,0,16,110,0,126,62,0,62,188
05/19/2004,OSU,OH,AGL,CE,Federal Contract Tower,0,9,65,0,74,0,0,87,0,87,0,9,152,0,161,106,0,106,267
05/20/2004,OSU,OH,AGL,CE,Federal Contract Tower,0,8,84,0,92,0,0,80,0,80,0,8,164,0,172,86,0,86,258
05/21/2004,OSU,OH,AGL,CE,Federal Contract Tower,0,10,50,0,60,0,0,92,0,92,0,10,142,0,152,246,0,246,398
05/22/2004,OSU,OH,AGL,CE,Federal Contract Tower,0,9,53,0,62,0,0,107,0,107,0,9,160,0,169,18,0,18,187
05/23/2004,OSU,OH,AGL,CE,Federal Contract Tower,0,8,39,0,47,0,4,85,0,89,0,12,124,0,136,40,0,40,176
05/24/2004,OSU,OH,AGL,CE,Federal Contract Tower,0,4,60,0,64,0,0,145,0,145,0,4,205,0,209,84,0,84,293
05/25/2004,OSU,OH,AGL,CE,Federal Contract Tower,0,12,60,0,72,0,5,75,2,82,0,17,135,2,154,136,0,136,290
05/26/2004,OSU,OH,AGL,CE,Federal Contract Tower,0,11,54,0,65,0,3,137,3,143,0,14,191,3,208,316,0,316,524
05/27/2004,OSU,OH,AGL,CE,Federal Contract Tower,0,12,60,0,72,0,1,75,0,76,0,13,135,0,148,92,0,92,240
05/28/2004,OSU,OH,AGL,CE,Federal Contract Tower,0,13,67,0,80,0,0,62,0,62,0,13,129,0,142,30,0,30,172
05/29/2004,OSU,OH,AGL,CE,Federal Contract Tower,0,7,35,0,42,0,0,213,0,213,0,7,248,0,255,84,0,84,339
05/30/2004,OSU,OH,AGL,CE,Federal Contract Tower,0,7,35,0,42,0,18,30,0,48,0,25,65,0,90,30,0,30,120
05/31/2004,OSU,OH,AGL,CE,Federal Contract Tower,0,10,53,0,63,0,10,36,0,46,0,20,89,0,109,12,0,12,121
06/01/2004,OSU,OH,AGL,CE,Federal Contract Tower,0,27,122,0,149,0,7,129,2,138,0,34,251,2,287,4,0,4,291
06/02/2004,OSU,OH,AGL,CE,Federal Contract Tower,0,14,67,0,81,0,0,187,7,194,0,14,254,7,275,68,0,68,343
06/03/2004,OSU,OH,AGL,CE,Federal Contract Tower,0,21,94,0,115,0,4,180,0,184,0,25,274,0,299,16,0,16,315
06/04/2004,OSU,OH,AGL,CE,Federal Contract Tower,0,7,76,0,83,0,0,210,4,214,0,7,286,4,297,114,0,114,411
06/05/2004,OSU,OH,AGL,CE,Federal Contract Tower,0,9,41,0,50,0,0,151,4,155,0,9,192,4,205,42,0,42,247
06/06/2004,OSU,OH,AGL,CE,Federal Contract Tower,0,27,118,0,145,0,32,69,0,101,0,59,187,0,246,38,0,38,284
06/07/2004,OSU,OH,AGL,CE,Federal Contract Tower,0,15,66,0,81,0,10,181,0,191,0,25,247,0,272,0,0,0,272
06/08/2004,OSU,OH,AGL,CE,Federal Contract Tower,0,13,63,1,77,0,5,177,3,185,0,18,240,4,262,268,0,268,530
06/09/2004,OSU,OH,AGL,CE,Federal Contract Tower,0,5,55,1,61,0,0,124,5,129,0,5,179,6,190,44,0,44,234
06/10/2004,OSU,OH,AGL,CE,Federal Contract Tower,0,12,57,0,69,0,0,78,0,78,0,12,135,0,147,104,0,104,251
06/11/2004,OSU,OH,AGL,CE,Federal Contract Tower,0,9,44,0,53,0,2,19,0,21,0,11,63,0,74,0,0,0,74
06/12/2004,OSU,OH,AGL,CE,Federal Contract Tower,0,4,22,0,26,0,1,75,0,76,0,5,97,0,102,78,0,78,180
06/13/2004,OSU,OH,AGL,CE,Federal Contract Tower,0,3,35,0,38,0,0,77,0,77,0,3,112,0,115,8,0,8,123
06/14/2004,OSU,OH,AGL,CE,Federal Contract Tower,0,10,47,0,57,0,2,72,0,74,0,12,119,0,131,12,0,12,143
06/15/2004,OSU,OH,AGL,CE,Federal Contract Tower,0,12,78,1,91,0,0,78,1,79,0,12,156,2,170,52,0,52,222
06/16/2004,OSU,OH,AGL,CE,Federal Contract Tower,0,9,56,0,65,0,0,36,0,36,0,9,92,0,101,62,0,62,163
06/17/2004,OSU,OH,AGL,CE,Federal Contract Tower,0,4,56,0,60,0,0,84,0,84,0,4,140,0,144,26,0,26,170
06/18/2004,OSU,OH,AGL,CE,Federal Contract Tower,0,7,55,0,62,0,0,135,0,135,0,7,190,0,197,102,0,102,299
06/19/2004,OSU,OH,AGL,CE,Federal Contract Tower,0,3,38,0,41,0,0,115,4,119,0,3,153,4,160,34,0,34,194
06/20/2004,OSU,OH,AGL,CE,Federal Contract Tower,0,7,55,0,62,0,0,163,3,166,0,7,218,3,228,38,0,38,266
06/21/2004,OSU,OH,AGL,CE,Federal Contract Tower,0,2,46,0,48,0,0,164,0,164,0,2,210,0,212,44,0,44,256
06/22/2004,OSU,OH,AGL,CE,Federal Contract Tower,0,4,41,0,45,0,0,133,0,133,0,4,174,0,178,54,0,54,232
06/23/2004,OSU,OH,AGL,CE,Federal Contract Tower,0,13,63,0,76,0,0,275,2,277,0,13,338,2,353,114,0,114,467
06/24/2004,OSU,OH,AGL,CE,Federal Contract Tower,0,14,67,0,81,0,0,172,0,172,0,14,239,0,253,50,0,50,303
06/25/2004,OSU,OH,AGL,CE,Federal Contract Tower,0,13,63,0,76,0,0,58,0,58,0,13,121,0,134,136,0,136,270
06/26/2004,OSU,OH,AGL,CE,Federal Contract Tower,0,8,39,0,47,0,8,132,0,140,0,16,171,0,187,74,0,74,261
06/27/2004,OSU,OH,AGL,CE,Federal Contract Tower,0,8,39,0,47,0,10,126,2,138,0,18,165,2,185,84,0,84,269
06/28/2004,OSU,OH,AGL,CE,Federal Contract Tower,0,10,49,0,59,0,0,155,0,155,0,10,204,0,214,142,0,142,356
06/29/2004,OSU,OH,AGL,CE,Federal Contract Tower,0,6,64,0,70,0,0,202,4,206,0,6,266,4,276,118,0,118,394
06/30/2004,OSU,OH,AGL,CE,Federal Contract Tower,0,8,56,0,64,0,0,200,6,206,0,8,256,6,270,88,0,88,358
07/01/2004,OSU,OH,AGL,CE,Federal Contract Tower,0,12,77,0,89,0,3,201,0,204,0,15,278,0,293,93,0,93,386
07/02/2004,OSU,OH,AGL,CE,Federal Contract Tower,0,5,52,0,57,0,0,185,0,185,0,5,237,0,242,72,0,72,314
07/03/2004,OSU,OH,AGL,CE,Federal Contract Tower,0,4,19,0,23,0,0,148,0,148,0,4,167,0,171,24,0,24,195
07/04/2004,OSU,OH,AGL,CE,Federal Contract Tower,0,2,13,0,15,0,0,63,2,65,0,2,76,2,80,0,0,0,80
07/05/2004,OSU,OH,AGL,CE,Federal Contract Tower,0,4,29,0,33,0,0,166,0,166,0,4,195,0,199,8,0,8,207
07/06/2004,OSU,OH,AGL,CE,Federal Contract Tower,0,6,52,0,58,0,0,175,2,177,0,6,227,2,235,108,0,108,343
07/07/2004,OSU,OH,AGL,CE,Federal Contract Tower,0,9,66,0,75,0,0,70,2,72,0,9,136,2,147,18,0,18,165
07/08/2004,OSU,OH,AGL,CE,Federal Contract Tower,0,12,73,0,85,0,0,329,0,329,0,12,402,0,414,272,0,272,686
07/09/2004,OSU,OH,AGL,CE,Federal Contract Tower,0,12,72,0,84,0,2,287,0,289,0,14,359,0,373,164,0,164,537
07/10/2004,OSU,OH,AGL,CE,Federal Contract Tower,0,4,25,0,29,0,3,152,0,155,0,7,177,0,184,38,0,38,222
07/11/2004,OSU,OH,AGL,CE,Federal Contract Tower,0,5,38,0,43,0,0,128,0,128,0,5,166,0,171,4,0,4,175
07/12/2004,OSU,OH,AGL,CE,Federal Contract Tower,0,2,39,1,42,0,0,168,3,171,0,2,207,4,213,164,0,164,377
07/13/2004,OSU,OH,AGL,CE,Federal Contract Tower,0,5,69,1,75,0,0,212,1,213,0,5,281,2,288,130,0,130,418
07/14/2004,OSU,OH,AGL,CE,Federal Contract Tower,0,6,45,0,51,0,0,191,0,191,0,6,236,0,242,96,0,96,338
07/15/2004,OSU,OH,AGL,CE,Federal Contract Tower,0,5,77,1,83,0,0,197,1,198,0,5,274,2,281,88,0,88,369
07/16/2004,OSU,OH,AGL,CE,Federal Contract Tower,0,9,58,1,68,0,0,214,3,217,0,9,272,4,285,182,0,182,467
07/17/2004,OSU,OH,AGL,CE,Federal Contract Tower,0,5,39,0,44,0,0,15,0,15,0,5,54,0,59,0,0,0,59
07/18/2004,OSU,OH,AGL,CE,Federal Contract Tower,0,4,27,0,31,0,6,89,0,95,0,10,116,0,126,24,0,24,150
07/19/2004,OSU,OH,AGL,CE,Federal Contract Tower,0,7,45,0,52,0,1,213,0,214,0,8,258,0,266,192,0,192,458
07/20/2004,OSU,OH,AGL,CE,Federal Contract Tower,0,8,57,0,65,0,5,234,2,241,0,13,291,2,306,228,0,228,534
07/21/2004,OSU,OH,AGL,CE,Federal Contract Tower,0,8,57,0,65,0,0,186,0,186,0,8,243,0,251,184,0,184,435
07/22/2004,OSU,OH,AGL,CE,Federal Contract Tower,0,11,78,0,89,0,1,92,0,93,0,12,170,0,182,84,0,84,266
07/23/2004,OSU,OH,AGL,CE,Federal Contract Tower,0,8,73,0,81,0,0,175,0,175,0,8,248,0,256,84,0,84,340
07/24/2004,OSU,OH,AGL,CE,Federal Contract Tower,0,5,39,0,44,0,1,228,1,230,0,6,267,1,274,48,0,48,322
07/25/2004,OSU,OH,AGL,CE,Federal Contract Tower,0,1,44,0,45,0,0,194,0,194,0,1,238,0,239,12,0,12,251
07/26/2004,OSU,OH,AGL,CE,Federal Contract Tower,0,9,92,0,101,0,0,37,0,37,0,9,129,0,138,0,0,0,138
07/27/2004,OSU,OH,AGL,CE,Federal Contract Tower,0,8,57,0,65,0,8,18,0,26,0,16,75,0,91,6,0,6,97
07/28/2004,OSU,OH,AGL,CE,Federal Contract Tower,0,10,72,0,82,0,6,180,0,186,0,16,252,0,268,206,0,206,474
07/29/2004,OSU,OH,AGL,CE,Federal Contract Tower,0,13,91,0,104,0,1,283,0,284,0,14,374,0,388,184,0,184,572
07/30/2004,OSU,OH,AGL,CE,Federal Contract Tower,0,10,69,0,79,0,0,89,0,89,0,10,158,0,168,108,0,108,276
07/31/2004,OSU,OH,AGL,CE,Federal Contract Tower,0,3,25,0,28,0,3,40,0,43,0,6,65,0,71,10,0,10,81
08/01/2004,OSU,OH,AGL,CE,Federal Contract Tower,0,6,42,0,48,0,0,157,0,157,0,6,199,0,205,70,0,70,275
08/02/2004,OSU,OH,AGL,CE,Federal Contract Tower,0,9,51,0,60,0,0,248,0,248,0,9,299,0,308,160,0,160,468
08/03/2004,OSU,OH,AGL,CE,Federal Contract Tower,0,4,64,0,68,0,0,219,0,219,0,4,283,0,287,180,0,180,467
08/04/2004,OSU,OH,AGL,CE,Federal Contract Tower,0,9,81,0,90,0,0,96,0,96,0,9,177,0,186,70,0,70,256
08/05/2004,OSU,OH,AGL,CE,Federal Contract Tower,0,11,71,0,82,0,0,181,0,181,0,11,252,0,263,72,0,72,335
08/06/2004,OSU,OH,AGL,CE,Federal Contract Tower,0,11,54,0,65,0,0,252,0,252,0,11,306,0,317,118,0,118,435
08/07/2004,OSU,OH,AGL,CE,Federal Contract Tower,0,6,28,0,34,0,3,159,6,168,0,9,187,6,202,54,0,54,256
08/08/2004,OSU,OH,AGL,CE,Federal Contract Tower,0,2,35,0,37,0,0,169,6,175,0,2,204,6,212,40,0,40,252
08/09/2004,OSU,OH,AGL,CE,Federal Contract Tower,0,10,73,0,83,0,0,197,0,197,0,10,270,0,280,186,0,186,466
08/10/2004,OSU,OH,AGL,CE,Federal Contract Tower,0,13,65,0,78,0,2,110,0,112,0,15,175,0,190,152,0,152,342
08/11/2004,OSU,OH,AGL,CE,Federal Contract Tower,0,13,70,0,83,0,1,171,0,172,0,14,241,0,255,230,0,230,485
08/12/2004,OSU,OH,AGL,CE,Federal Contract Tower,0,13,67,0,80,0,0,213,0,213,0,13,280,0,293,228,0,228,521
08/13/2004,OSU,OH,AGL,CE,Federal Contract Tower,0,11,56,0,67,0,10,171,1,182,0,21,227,1,249,144,0,144,393
08/14/2004,OSU,OH,AGL,CE,Federal Contract Tower,0,3,28,0,31,0,0,198,0,198,0,3,226,0,229,54,0,54,283
08/15/2004,OSU,OH,AGL,CE,Federal Contract Tower,0,7,54,0,61,0,0,170,0,170,0,7,224,0,231,12,0,12,243
08/16/2004,OSU,OH,AGL,CE,Federal Contract Tower,0,7,39,0,46,0,3,219,0,222,0,10,258,0,268,126,0,126,394
08/17/2004,OSU,OH,AGL,CE,Federal Contract Tower,0,10,60,0,70,0,3,218,0,221,0,13,278,0,291,198,0,198,489
08/18/2004,OSU,OH,AGL,CE,Federal Contract Tower,0,14,76,0,90,0,3,159,0,162,0,17,235,0,252,60,0,60,312
08/19/2004,OSU,OH,AGL,CE,Federal Contract Tower,0,12,65,0,77,0,5,141,0,146,0,17,206,0,223,130,0,130,353
08/20/2004,OSU,OH,AGL,CE,Federal Contract Tower,0,6,55,0,61,0,0,8,0,8,0,6,63,0,69,0,0,0,69
08/21/2004,OSU,OH,AGL,CE,Federal Contract Tower,0,7,42,0,49,0,1,130,0,131,0,8,172,0,180,46,0,46,226
08/22/2004,OSU,OH,AGL,CE,Federal Contract Tower,0,7,42,0,49,0,1,186,0,187,0,8,228,0,236,72,0,72,308
08/23/2004,OSU,OH,AGL,CE,Federal Contract Tower,0,9,72,0,81,0,0,306,0,306,0,9,378,0,387,280,0,280,667
08/24/2004,OSU,OH,AGL,CE,Federal Contract Tower,0,12,70,0,82,0,5,209,0,214,0,17,279,0,296,242,0,242,538
08/25/2004,OSU,OH,AGL,CE,Federal Contract Tower,0,10,61,0,71,0,0,117,0,117,0,10,178,0,188,20,0,20,208
08/26/2004,OSU,OH,AGL,CE,Federal Contract Tower,0,10,60,0,70,0,5,56,0,61,0,15,116,0,131,40,0,40,171
08/27/2004,OSU,OH,AGL,CE,Federal Contract Tower,0,11,63,0,74,0,0,113,4,117,0,11,176,4,191,110,0,110,301
08/28/2004,OSU,OH,AGL,CE,Federal Contract Tower,0,5,30,0,35,0,2,66,0,68,0,7,96,0,103,50,0,50,153
08/29/2004,OSU,OH,AGL,CE,Federal Contract Tower,0,7,44,0,51,0,4,30,0,34,0,11,74,0,85,26,0,26,111
08/30/2004,OSU,OH,AGL,CE,Federal Contract Tower,0,14,78,0,92,0,2,130,0,132,0,16,208,0,224,160,0,160,384
08/31/2004,OSU,OH,AGL,CE,Federal Contract Tower,0,8,65,0,73,0,0,213,0,213,0,8,278,0,286,182,0,182,468
09/01/2004,OSU,OH,AGL,CE,Federal Contract Tower,0,9,52,0,61,0,6,141,0,147,0,15,193,0,208,118,0,118,326
09/02/2004,OSU,OH,AGL,CE,Federal Contract Tower,0,13,83,0,96,0,0,252,2,254,0,13,335,2,350,242,0,242,592
09/03/2004,OSU,OH,AGL,CE,Federal Contract Tower,0,9,58,0,67,0,0,151,0,151,0,9,209,0,218,14,0,14,232
09/04/2004,OSU,OH,AGL,CE,Federal Contract Tower,0,2,40,0,42,0,0,124,0,124,0,2,164,0,166,14,0,14,180
09/05/2004,OSU,OH,AGL,CE,Federal Contract Tower,0,3,28,0,31,0,0,133,0,133,0,3,161,0,164,40,0,40,204
09/06/2004,OSU,OH,AGL,CE,Federal Contract Tower,0,2,25,0,27,0,0,183,0,183,0,2,208,0,210,0,0,0,210
09/07/2004,OSU,OH,AGL,CE,Federal Contract Tower,0,9,53,0,62,0,0,72,0,72,0,9,125,0,134,60,0,60,194
09/08/2004,OSU,OH,AGL,CE,Federal Contract Tower,0,12,63,0,75,0,0,2,0,2,0,12,65,0,77,0,0,0,77
09/09/2004,OSU,OH,AGL,CE,Federal Contract Tower,0,10,86,0,96,0,0,78,0,78,0,10,164,0,174,78,0,78,252
09/10/2004,OSU,OH,AGL,CE,Federal Contract Tower,0,15,92,0,107,0,0,114,0,114,0,15,206,0,221,58,0,58,279
09/11/2004,OSU,OH,AGL,CE,Federal Contract Tower,0,9,52,1,62,0,1,156,3,160,0,10,208,4,222,68,0,68,290
09/12/2004,OSU,OH,AGL,CE,Federal Contract Tower,0,7,40,0,47,0,4,177,0,181,0,11,217,0,228,68,0,68,296
09/13/2004,OSU,OH,AGL,CE,Federal Contract Tower,0,5,52,0,57,0,0,214,0,214,0,5,266,0,271,152,0,152,423
09/14/2004,OSU,OH,AGL,CE,Federal Contract Tower,0,2,68,0,70,0,0,212,0,212,0,2,280,0,282,172,0,172,454
09/15/2004,OSU,OH,AGL,CE,Federal Contract Tower,0,9,63,0,72,0,0,235,0,235,0,9,298,0,307,180,0,180,487
09/16/2004,OSU,OH,AGL,CE,Federal Contract Tower,0,11,65,0,76,0,12,113,0,125,0,23,178,0,201,124,0,124,325
09/17/2004,OSU,OH,AGL,CE,Federal Contract Tower,0,5,34,0,39,0,5,26,0,31,0,10,60,0,70,2,0,2,72
09/18/2004,OSU,OH,AGL,CE,Federal Contract Tower,0,4,28,0,32,0,0,170,3,173,0,4,198,3,205,6,0,6,211
09/19/2004,OSU,OH,AGL,CE,Federal Contract Tower,0,9,54,0,63,0,2,167,0,169,0,11,221,0,232,28,0,28,260
09/20/2004,OSU,OH,AGL,CE,Federal Contract Tower,0,1,58,0,59,0,0,262,2,264,0,1,320,2,323,118,0,118,441
09/21/2004,OSU,OH,AGL,CE,Federal Contract Tower,0,10,62,0,72,0,4,290,0,294,0,14,352,0,366,150,0,150,516
09/22/2004,OSU,OH,AGL,CE,Federal Contract Tower,0,9,57,0,66,0,5,178,2,185,0,14,235,2,251,156,0,156,407
09/23/2004,OSU,OH,AGL,CE,Federal Contract Tower,0,10,60,0,70,0,1,253,0,254,0,11,313,0,324,226,0,226,550
09/24/2004,OSU,OH,AGL,CE,Federal Contract Tower,0,11,70,0,81,0,0,237,0,237,0,11,307,0,318,152,0,152,470
09/25/2004,OSU,OH,AGL,CE,Federal Contract Tower,0,3,33,0,36,0,0,188,2,190,0,3,221,2,226,86,0,86,312
09/26/2004,OSU,OH,AGL,CE,Federal Contract Tower,0,4,58,0,62,0,0,185,0,185,0,4,243,0,247,8,0,8,255
09/27/2004,OSU,OH,AGL,CE,Federal Contract Tower,0,9,55,0,64,0,3,130,0,133,0,12,185,0,197,206,0,206,403
09/28/2004,OSU,OH,AGL,CE,Federal Contract Tower,0,10,86,0,96,0,0,268,0,268,0,10,354,0,364,234,0,234,598
09/29/2004,OSU,OH,AGL,CE,Federal Contract Tower,0,9,58,0,67,0,8,178,2,188,0,17,236,2,255,152,0,152,407
09/30/2004,OSU,OH,AGL,CE,Federal Contract Tower,0,11,70,0,81,0,6,97,2,105,0,17,167,2,186,172,0,172,358
10/01/2004,OSU,OH,AGL,CE,Federal Contract Tower,0,8,52,0,60,0,0,231,0,231,0,8,283,0,291,216,0,216,507
10/02/2004,OSU,OH,AGL,CE,Federal Contract Tower,0,9,34,0,43,0,0,58,4,62,0,9,92,4,105,4,0,4,109
10/03/2004,OSU,OH,AGL,CE,Federal Contract Tower,0,5,42,0,47,0,0,178,2,180,0,5,220,2,227,38,0,38,265
10/04/2004,OSU,OH,AGL,CE,Federal Contract Tower,0,10,55,0,65,0,0,221,0,221,0,10,276,0,286,124,0,124,410
10/05/2004,OSU,OH,AGL,CE,Federal Contract Tower,0,9,57,0,66,0,0,240,0,240,0,9,297,0,306,286,0,286,592
10/06/2004,OSU,OH,AGL,CE,Federal Contract Tower,0,13,56,0,69,0,0,258,0,258,0,13,314,0,327,148,0,148,475
10/07/2004,OSU,OH,AGL,CE,Federal Contract Tower,0,10,65,0,75,0,0,180,2,182,0,10,245,2,257,180,0,180,437
10/08/2004,OSU,OH,AGL,CE,Federal Contract Tower,0,10,59,0,69,0,0,185,0,185,0,10,244,0,254,110,0,110,364
10/09/2004,OSU,OH,AGL,CE,Federal Contract Tower,0,9,54,0,63,0,0,199,6,205,0,9,253,6,268,28,0,28,296
10/10/2004,OSU,OH,AGL,CE,Federal Contract Tower,0,7,44,0,51,0,0,185,0,185,0,7,229,0,236,8,0,8,244
10/11/2004,OSU,OH,AGL,CE,Federal Contract Tower,0,4,58,0,62,0,0,228,0,228,0,4,286,0,290,196,0,196,486
10/12/2004,OSU,OH,AGL,CE,Federal Contract Tower,0,16,67,0,83,0,0,240,0,240,0,16,307,0,323,260,0,260,583
10/13/2004,OSU,OH,AGL,CE,Federal Contract Tower,0,13,78,0,91,0,0,32,0,32,0,13,110,0,123,24,0,24,147
10/14/2004,OSU,OH,AGL,CE,Federal Contract Tower,0,17,84,0,101,0,0,88,0,88,0,17,172,0,189,60,0,60,249
10/15/2004,OSU,OH,AGL,CE,Federal Contract Tower,0,7,80,0,87,0,0,36,0,36,0,7,116,0,123,0,0,0,123
10/16/2004,OSU,OH,AGL,CE,Federal Contract Tower,0,8,24,0,32,0,0,28,0,28,0,8,52,0,60,0,0,0,60
10/17/2004,OSU,OH,AGL,CE,Federal Contract Tower,0,3,37,1,41,0,0,165,0,165,0,3,202,1,206,40,0,40,246
10/18/2004,OSU,OH,AGL,CE,Federal Contract Tower,0,8,36,0,44,0,0,42,0,42,0,8,78,0,86,38,0,38,124
10/19/2004,OSU,OH,AGL,CE,Federal Contract Tower,0,9,61,3,73,0,0,0,3,3,0,9,61,6,76,0,0,0,76
10/20/2004,OSU,OH,AGL,CE,Federal Contract Tower,0,12,82,0,94,0,0,9,8,17,0,12,91,8,111,20,50,70,181
10/21/2004,OSU,OH,AGL,CE,Federal Contract Tower,0,21,86,4,111,0,0,97,0,97,0,21,183,4,208,170,28,198,406
10/22/2004,OSU,OH,AGL,CE,Federal Contract Tower,0,10,77,0,87,0,0,156,0,156,0,10,233,0,243,110,0,110,353
10/23/2004,OSU,OH,AGL,CE,Federal Contract Tower,0,8,31,0,39,0,0,36,0,36,0,8,67,0,75,54,0,54,129
10/24/2004,OSU,OH,AGL,CE,Federal Contract Tower,0,13,44,0,57,0,0,151,0,151,0,13,195,0,208,38,0,38,246
10/25/2004,OSU,OH,AGL,CE,Federal Contract Tower,0,5,56,0,61,0,0,197,0,197,0,5,253,0,258,156,0,156,414
10/26/2004,OSU,OH,AGL,CE,Federal Contract Tower,0,7,61,0,68,0,0,279,2,281,0,7,340,2,349,132,0,132,481
10/27/2004,OSU,OH,AGL,CE,Federal Contract Tower,0,10,50,0,60,0,0,172,0,172,0,10,222,0,232,122,0,122,354
10/28/2004,OSU,OH,AGL,CE,Federal Contract Tower,0,14,67,0,81,0,0,146,0,146,0,14,213,0,227,134,0,134,361
10/29/2004,OSU,OH,AGL,CE,Federal Contract Tower,0,8,53,1,62,0,0,10,0,10,0,8,63,1,72,0,0,0,72
10/30/2004,OSU,OH,AGL,CE,Federal Contract Tower,0,3,37,0,40,0,0,15,0,15,0,3,52,0,55,10,0,10,65
10/31/2004,OSU,OH,AGL,CE,Federal Contract Tower,0,13,39,0,52,0,0,167,1,168,0,13,206,1,220,12,0,12,232
11/01/2004,OSU,OH,AGL,CE,Federal Contract Tower,0,2,46,0,48,0,0,126,0,126,0,2,172,0,174,111,0,111,285
11/02/2004,OSU,OH,AGL,CE,Federal Contract Tower,0,7,30,0,37,0,0,11,0,11,0,7,41,0,48,0,0,0,48
11/03/2004,OSU,OH,AGL,CE,Federal Contract Tower,0,15,61,1,77,0,0,156,0,156,0,15,217,1,233,148,0,148,381
11/04/2004,OSU,OH,AGL,CE,Federal Contract Tower,0,15,60,0,75,0,0,13,1,14,0,15,73,1,89,0,0,0,89
11/05/2004,OSU,OH,AGL,CE,Federal Contract Tower,0,6,70,4,80,0,0,231,0,231,0,6,301,4,311,152,0,152,463
11/06/2004,OSU,OH,AGL,CE,Federal Contract Tower,0,5,30,0,35,0,0,147,0,147,0,5,177,0,182,8,0,8,190
11/07/2004,OSU,OH,AGL,CE,Federal Contract Tower,0,6,36,0,42,0,0,208,0,208,0,6,244,0,250,38,0,38,288
11/08/2004,OSU,OH,AGL,CE,Federal Contract Tower,0,1,54,0,55,0,0,189,0,189,0,1,243,0,244,200,0,200,444
11/09/2004,OSU,OH,AGL,CE,Federal Contract Tower,0,8,59,0,67,0,0,284,4,288,0,8,343,4,355,343,0,343,698
11/10/2004,OSU,OH,AGL,CE,Federal Contract Tower,0,18,59,0,77,0,0,237,0,237,0,18,296,0,314,134,0,134,448
11/11/2004,OSU,OH,AGL,CE,Federal Contract Tower,0,3,58,0,61,0,0,99,0,99,0,3,157,0,160,30,0,30,190
11/12/2004,OSU,OH,AGL,CE,Federal Contract Tower,0,5,56,2,63,0,0,131,6,137,0,5,187,8,200,8,0,8,208
11/13/2004,OSU,OH,AGL,CE,Federal Contract Tower,0,5,38,0,43,0,0,140,0,140,0,5,178,0,183,34,0,34,217
11/14/2004,OSU,OH,AGL,CE,Federal Contract Tower,0,6,34,0,40,0,0,248,0,248,0,6,282,0,288,92,0,92,380
11/15/2004,OSU,OH,AGL,CE,Federal Contract Tower,0,4,37,0,41,0,0,193,0,193,0,4,230,0,234,240,0,240,474
11/16/2004,OSU,OH,AGL,CE,Federal Contract Tower,0,14,82,0,96,0,0,200,0,200,0,14,282,0,296,288,0,288,584
11/17/2004,OSU,OH,AGL,CE,Federal Contract Tower,0,19,63,0,82,0,0,69,0,69,0,19,132,0,151,106,0,106,257
11/18/2004,OSU,OH,AGL,CE,Federal Contract Tower,0,13,66,0,79,0,0,10,0,10,0,13,76,0,89,20,0,20,109
11/19/2004,OSU,OH,AGL,CE,Federal Contract Tower,0,12,52,0,64,0,0,3,0,3,0,12,55,0,67,0,0,0,67
11/20/2004,OSU,OH,AGL,CE,Federal Contract Tower,0,25,70,0,95,0,0,37,0,37,0,25,107,0,132,16,0,16,148
11/21/2004,OSU,OH,AGL,CE,Federal Contract Tower,0,1,41,0,42,0,0,124,0,124,0,1,165,0,166,94,0,94,260
11/22/2004,OSU,OH,AGL,CE,Federal Contract Tower,0,10,44,0,54,0,0,81,0,81,0,10,125,0,135,50,0,50,185
11/23/2004,OSU,OH,AGL,CE,Federal Contract Tower,0,16,92,0,108,0,0,106,0,106,0,16,198,0,214,164,0,164,378
11/24/2004,OSU,OH,AGL,CE,Federal Contract Tower,0,6,29,0,35,0,0,13,0,13,0,6,42,0,48,4,0,4,52
11/25/2004,OSU,OH,AGL,CE,Federal Contract Tower,0,4,10,0,14,0,0,23,0,23,0,4,33,0,37,0,0,0,37
11/26/2004,OSU,OH,AGL,CE,Federal Contract Tower,0,2,14,0,16,0,0,63,0,63,0,2,77,0,79,4,0,4,83
11/27/2004,OSU,OH,AGL,CE,Federal Contract Tower,0,7,16,0,23,0,0,44,0,44,0,7,60,0,67,0,0,0,67
11/28/2004,OSU,OH,AGL,CE,Federal Contract Tower,0,6,40,0,46,0,0,109,0,109,0,6,149,0,155,60,0,60,215
11/29/2004,OSU,OH,AGL,CE,Federal Contract Tower,0,8,39,2,49,0,0,158,0,158,0,8,197,2,207,244,0,244,451
11/30/2004,OSU,OH,AGL,CE,Federal Contract Tower,0,20,39,0,59,0,0,105,0,105,0,20,144,0,164,152,0,152,316
12/01/2004,OSU,OH,AGL,CE,Federal Contract Tower,0,7,53,4,64,0,0,65,0,65,0,7,118,4,129,34,0,34,163
12/02/2004,OSU,OH,AGL,CE,Federal Contract Tower,0,3,58,0,61,0,0,253,0,253,0,3,311,0,314,278,0,278,592
12/03/2004,OSU,OH,AGL,CE,Federal Contract Tower,0,6,58,0,64,0,0,148,0,148,0,6,206,0,212,168,0,168,380
12/04/2004,OSU,OH,AGL,CE,Federal Contract Tower,0,3,14,0,17,0,0,125,0,125,0,3,139,0,142,36,0,36,178
12/05/2004,OSU,OH,AGL,CE,Federal Contract Tower,0,3,34,0,37,0,0,196,0,196,0,3,230,0,233,70,0,70,303
12/06/2004,OSU,OH,AGL,CE,Federal Contract Tower,0,1,58,0,59,0,0,3,0,3,0,1,61,0,62,0,0,0,62
12/07/2004,OSU,OH,AGL,CE,Federal Contract Tower,0,11,38,0,49,0,0,3,0,3,0,11,41,0,52,0,0,0,52
12/08/2004,OSU,OH,AGL,CE,Federal Contract Tower,0,8,78,0,86,0,0,183,6,189,0,8,261,6,275,210,0,210,485
12/09/2004,OSU,OH,AGL,CE,Federal Contract Tower,0,4,78,0,82,0,0,78,0,78,0,4,156,0,160,92,0,92,252
12/10/2004,OSU,OH,AGL,CE,Federal Contract Tower,0,9,51,0,60,0,0,18,0,18,0,9,69,0,78,6,0,6,84
12/11/2004,OSU,OH,AGL,CE,Federal Contract Tower,0,5,10,0,15,0,0,4,0,4,0,5,14,0,19,16,0,16,35
12/12/2004,OSU,OH,AGL,CE,Federal Contract Tower,0,5,20,0,25,0,0,41,0,41,0,5,61,0,66,0,0,0,66
12/13/2004,OSU,OH,AGL,CE,Federal Contract Tower,0,6,45,0,51,0,0,32,0,32,0,6,77,0,83,56,0,56,139
12/14/2004,OSU,OH,AGL,CE,Federal Contract Tower,0,2,79,0,81,0,0,64,6,70,0,2,143,6,151,8,0,8,159
12/15/2004,OSU,OH,AGL,CE,Federal Contract Tower,0,16,69,0,85,0,0,283,0,283,0,16,352,0,368,184,0,184,552
12/16/2004,OSU,OH,AGL,CE,Federal Contract Tower,0,4,47,0,51,0,0,174,0,174,0,4,221,0,225,52,0,52,277
12/17/2004,OSU,OH,AGL,CE,Federal Contract Tower,0,11,32,0,43,0,0,161,0,161,0,11,193,0,204,214,0,214,418
12/18/2004,OSU,OH,AGL,CE,Federal Contract Tower,0,7,20,0,27,0,0,181,0,181,0,7,201,0,208,94,0,94,302
12/19/2004,OSU,OH,AGL,CE,Federal Contract Tower,0,6,13,0,19,0,0,16,0,16,0,6,29,0,35,0,0,0,35
12/20/2004,OSU,OH,AGL,CE,Federal Contract Tower,0,9,41,0,50,0,0,83,0,83,0,9,124,0,133,52,0,52,185
12/21/2004,OSU,OH,AGL,CE,Federal Contract Tower,0,12,32,0,44,0,0,129,0,129,0,12,161,0,173,40,0,40,213
12/22/2004,OSU,OH,AGL,CE,Federal Contract Tower,0,3,9,0,12,0,0,3,0,3,0,3,12,0,15,0,0,0,15
12/23/2004,OSU,OH,AGL,CE,Federal Contract Tower,0,1,7,0,8,0,0,24,0,24,0,1,31,0,32,0,0,0,32
12/24/2004,OSU,OH,AGL,CE,Federal Contract Tower,0,10,23,0,33,0,0,47,0,47,0,10,70,0,80,4,0,4,84
12/25/2004,OSU,OH,AGL,CE,Federal Contract Tower,0,5,5,0,10,0,0,11,0,11,0,5,16,0,21,0,0,0,21
12/26/2004,OSU,OH,AGL,CE,Federal Contract Tower,0,4,19,0,23,0,0,39,0,39,0,4,58,0,62,0,0,0,62
12/27/2004,OSU,OH,AGL,CE,Federal Contract Tower,0,9,21,0,30,0,0,31,0,31,0,9,52,0,61,30,0,30,91
12/28/2004,OSU,OH,AGL,CE,Federal Contract Tower,0,8,23,0,31,0,0,97,3,100,0,8,120,3,131,24,2,26,157
12/29/2004,OSU,OH,AGL,CE,Federal Contract Tower,0,7,29,0,36,0,0,101,0,101,0,7,130,0,137,52,0,52,189
12/30/2004,OSU,OH,AGL,CE,Federal Contract Tower,0,4,22,0,26,0,0,29,0,29,0,4,51,0,55,0,0,0,55
12/31/2004,OSU,OH,AGL,CE,Federal Contract Tower,0,12,17,0,29,0,0,26,0,26,0,12,43,0,55,0,0,0,55
01/01/2005,OSU,OH,AGL,CE,Federal Contract Tower,0,2,32,0,34,0,0,0,0,0,0,2,32,0,34,0,0,0,34
01/02/2005,OSU,OH,AGL,CE,Federal Contract Tower,0,5,30,0,35,0,0,18,0,18,0,5,48,0,53,14,0,14,67
01/03/2005,OSU,OH,AGL,CE,Federal Contract Tower,0,5,28,0,33,0,0,1,0,1,0,5,29,0,34,0,0,0,34
01/04/2005,OSU,OH,AGL,CE,Federal Contract Tower,0,10,53,0,63,0,0,9,0,9,0,10,62,0,72,0,0,0,72
01/05/2005,OSU,OH,AGL,CE,Federal Contract Tower,0,9,20,0,29,0,0,0,0,0,0,9,20,0,29,0,0,0,29
01/06/2005,OSU,OH,AGL,CE,Federal Contract Tower,0,10,31,0,41,0,0,38,0,38,0,10,69,0,79,0,0,0,79
01/07/2005,OSU,OH,AGL,CE,Federal Contract Tower,0,12,54,0,66,0,0,170,0,170,0,12,224,0,236,240,0,240,476
01/08/2005,OSU,OH,AGL,CE,Federal Contract Tower,0,7,20,0,27,0,0,18,0,18,0,7,38,0,45,24,0,24,69
01/09/2005,OSU,OH,AGL,CE,Federal Contract Tower,0,4,39,0,43,0,0,141,0,141,0,4,180,0,184,46,0,46,230
01/10/2005,OSU,OH,AGL,CE,Federal Contract Tower,0,4,37,4,45,0,0,38,0,38,0,4,75,4,83,94,0,94,177
01/11/2005,OSU,OH,AGL,CE,Federal Contract Tower,0,7,21,0,28,0,0,0,0,0,0,7,21,0,28,0,0,0,28
01/12/2005,OSU,OH,AGL,CE,Federal Contract Tower,0,11,50,0,61,0,0,78,0,78,0,11,128,0,139,26,0,26,165
01/13/2005,OSU,OH,AGL,CE,Federal Contract Tower,0,13,38,0,51,0,0,25,0,25,0,13,63,0,76,6,0,6,82
01/14/2005,OSU,OH,AGL,CE,Federal Contract Tower,0,17,41,3,61,0,0,221,0,221,0,17,262,3,282,178,0,178,460
01/15/2005,OSU,OH,AGL,CE,Federal Contract Tower,0,9,26,0,35,0,0,203,0,203,0,9,229,0,238,160,0,160,398
01/16/2005,OSU,OH,AGL,CE,Federal Contract Tower,0,1,21,0,22,0,0,5,0,5,0,1,26,0,27,0,0,0,27
01/17/2005,OSU,OH,AGL,CE,Federal Contract Tower,0,4,27,0,31,0,0,104,0,104,0,4,131,0,135,56,0,56,191
01/18/2005,OSU,OH,AGL,CE,Federal Contract Tower,0,12,45,0,57,0,0,160,4,164,0,12,205,4,221,114,0,114,335
01/19/2005,OSU,OH,AGL,CE,Federal Contract Tower,0,5,21,0,26,0,0,3,0,3,0,5,24,0,29,0,0,0,29
01/20/2005,OSU,OH,AGL,CE,Federal Contract Tower,0,2,39,0,41,0,0,13,0,13,0,2,52,0,54,0,0,0,54
01/21/2005,OSU,OH,AGL,CE,Federal Contract Tower,0,0,32,0,32,0,0,181,0,181,0,0,213,0,213,78,0,78,291
01/22/2005,OSU,OH,AGL,CE,Federal Contract Tower,0,2,3,0,5,0,0,0,0,0,0,2,3,0,5,0,0,0,5
01/23/2005,OSU,OH,AGL,CE,Federal Contract Tower,0,5,18,0,23,0,0,60,0,60,0,5,78,0,83,4,0,4,87
01/24/2005,OSU,OH,AGL,CE,Federal Contract Tower,0,2,33,0,35,0,0,118,0,118,0,2,151,0,153,66,0,66,219
01/25/2005,OSU,OH,AGL,CE,Federal Contract Tower,0,4,45,0,49,0,0,216,0,216,0,4,261,0,265,214,6,220,485
01/26/2005,OSU,OH,AGL,CE,Federal Contract Tower,0,7,56,0,63,0,0,35,0,35,0,7,91,0,98,18,0,18,116
01/27/2005,OSU,OH,AGL,CE,Federal Contract Tower,0,4,51,0,55,0,0,262,2,264,0,4,313,2,319,254,0,254,573
01/28/2005,OSU,OH,AGL,CE,Federal Contract Tower,0,18,31,0,49,0,0,159,0,159,0,18,190,0,208,130,0,130,338
01/29/2005,OSU,OH,AGL,CE,Federal Contract Tower,0,3,17,0,20,0,0,31,0,31,0,3,48,0,51,44,0,44,95
01/30/2005,OSU,OH,AGL,CE,Federal Contract Tower,0,2,27,0,29,0,0,64,0,64,0,2,91,0,93,38,0,38,131
01/31/2005,OSU,OH,AGL,CE,Federal Contract Tower,0,4,45,1,50,0,0,76,0,76,0,4,121,1,126,78,0,78,204
02/01/2005,OSU,OH,AGL,CE,Federal Contract Tower,0,9,29,0,38,0,0,162,0,162,0,9,191,0,200,212,0,212,412
02/02/2005,OSU,OH,AGL,CE,Federal Contract Tower,0,18,40,0,58,0,0,161,0,161,0,18,201,0,219,172,0,172,391
02/03/2005,OSU,OH,AGL,CE,Federal Contract Tower,0,19,38,1,58,0,0,102,3,105,0,19,140,4,163,90,0,90,253
02/04/2005,OSU,OH,AGL,CE,Federal Contract Tower,0,6,52,0,58,0,0,143,4,147,0,6,195,4,205,152,0,152,357
02/05/2005,OSU,OH,AGL,CE,Federal Contract Tower,0,7,39,4,50,0,0,171,0,171,0,7,210,4,221,224,0,224,445
02/06/2005,OSU,OH,AGL,CE,Federal Contract Tower,0,0,26,0,26,0,0,169,4,173,0,0,195,4,199,66,0,66,265
02/07/2005,OSU,OH,AGL,CE,Federal Contract Tower,0,7,41,0,48,0,0,78,0,78,0,7,119,0,126,162,0,162,288
02/08/2005,OSU,OH,AGL,CE,Federal Contract Tower,0,5,47,0,52,0,0,0,0,0,0,5,47,0,52,0,0,0,52
02/09/2005,OSU,OH,AGL,CE,Federal Contract Tower,0,5,48,0,53,0,0,10,0,10,0,5,58,0,63,0,0,0,63
02/10/2005,OSU,OH,AGL,CE,Federal Contract Tower,0,4,55,0,59,0,0,39,0,39,0,4,94,0,98,12,0,12,110
02/11/2005,OSU,OH,AGL,CE,Federal Contract Tower,0,6,54,1,61,0,0,101,1,102,0,6,155,2,163,142,0,142,305
02/12/2005,OSU,OH,AGL,CE,Federal Contract Tower,0,1,23,0,24,0,0,201,0,201,0,1,224,0,225,204,0,204,429
02/13/2005,OSU,OH,AGL,CE,Federal Contract Tower,0,2,22,0,24,0,0,95,0,95,0,2,117,0,119,20,0,20,139
02/14/2005,OSU,OH,AGL,CE,Federal Contract Tower,0,2,36,0,38,0,0,9,0,9,0,2,45,0,47,0,0,0,47
02/15/2005,OSU,OH,AGL,CE,Federal Contract Tower,0,14,46,0,60,0,0,293,0,293,0,14,339,0,353,88,0,88,441
02/16/2005,OSU,OH,AGL,CE,Federal Contract Tower,0,5,50,0,55,0,0,90,0,90,0,5,140,0,145,24,0,24,169
02/17/2005,OSU,OH,AGL,CE,Federal Contract Tower,0,6,53,0,59,0,0,54,0,54,0,6,107,0,113,14,0,14,127
02/18/2005,OSU,OH,AGL,CE,Federal Contract Tower,0,6,42,0,48,0,0,199,0,199,0,6,241,0,247,182,0,182,429
02/19/2005,OSU,OH,AGL,CE,Federal Contract Tower,0,11,29,0,40,0,0,168,1,169,0,11,197,1,209,156,0,156,365
02/20/2005,OSU,OH,AGL,CE,Federal Contract Tower,0,1,14,0,15,0,0,0,0,0,0,1,14,0,15,0,0,0,15
02/21/2005,OSU,OH,AGL,CE,Federal Contract Tower,0,2,38,0,40,0,0,7,0,7,0,2,45,0,47,4,0,4,51
02/22/2005,OSU,OH,AGL,CE,Federal Contract Tower,0,10,52,0,62,0,0,137,0,137,0,10,189,0,199,314,0,314,513
02/23/2005,OSU,OH,AGL,CE,Federal Contract Tower,0,9,43,0,52,0,0,183,0,183,0,9,226,0,235,244,0,244,479
02/24/2005,OSU,OH,AGL,CE,Federal Contract Tower,0,9,45,0,54,0,0,22,0,22,0,9,67,0,76,4,0,4,80
02/25/2005,OSU,OH,AGL,CE,Federal Contract Tower,0,9,49,0,58,0,0,225,0,225,0,9,274,0,283,214,0,214,497
02/26/2005,OSU,OH,AGL,CE,Federal Contract Tower,0,7,35,0,42,0,0,117,0,117,0,7,152,0,159,128,0,128,287
02/27/2005,OSU,OH,AGL,CE,Federal Contract Tower,0,4,30,0,34,0,0,187,0,187,0,4,217,0,221,54,0,54,275
02/28/2005,OSU,OH,AGL,CE,Federal Contract Tower,0,4,19,0,23,0,0,18,0,18,0,4,37,0,41,4,0,4,45
03/01/2005,OSU,OH,AGL,CE,Federal Contract Tower,0,3,21,0,24,0,0,2,0,2,0,3,23,0,26,0,0,0,26
03/02/2005,OSU,OH,AGL,CE,Federal Contract Tower,0,4,51,0,55,0,0,82,0,82,0,4,133,0,137,136,0,136,273
03/03/2005,OSU,OH,AGL,CE,Federal Contract Tower,0,9,63,0,72,0,0,257,6,263,0,9,320,6,335,296,0,296,631
03/04/2005,OSU,OH,AGL,CE,Federal Contract Tower,0,10,51,0,61,0,0,106,4,110,0,10,157,4,171,78,0,78,249
03/05/2005,OSU,OH,AGL,CE,Federal Contract Tower,0,5,22,0,27,0,0,64,0,64,0,5,86,0,91,68,0,68,159
03/06/2005,OSU,OH,AGL,CE,Federal Contract Tower,0,7,41,0,48,0,0,84,0,84,0,7,125,0,132,0,0,0,132
03/07/2005,OSU,OH,AGL,CE,Federal Contract Tower,0,14,31,0,45,0,0,42,0,42,0,14,73,0,87,8,0,8,95
03/08/2005,OSU,OH,AGL,CE,Federal Contract Tower,0,9,39,0,48,0,0,48,6,54,0,9,87,6,102,0,0,0,102
03/09/2005,OSU,OH,AGL,CE,Federal Contract Tower,0,3,59,0,62,0,0,108,0,108,0,3,167,0,170,118,0,118,288
03/10/2005,OSU,OH,AGL,CE,Federal Contract Tower,0,10,44,0,54,0,0,145,1,146,0,10,189,1,200,101,0,101,301
03/11/2005,OSU,OH,AGL,CE,Federal Contract Tower,0,9,36,0,45,0,0,17,0,17,0,9,53,0,62,34,0,34,96
03/12/2005,OSU,OH,AGL,CE,Federal Contract Tower,0,5,26,0,31,0,0,46,2,48,0,5,72,2,79,24,0,24,103
03/13/2005,OSU,OH,AGL,CE,Federal Contract Tower,0,2,27,0,29,0,0,117,0,117,0,2,144,0,146,48,0,48,194
03/14/2005,OSU,OH,AGL,CE,Federal Contract Tower,0,7,42,0,49,0,0,203,0,203,0,7,245,0,252,176,0,176,428
03/15/2005,OSU,OH,AGL,CE,Federal Contract Tower,0,17,49,0,66,0,0,207,4,211,0,17,256,4,277,180,0,180,457
03/16/2005,OSU,OH,AGL,CE,Federal Contract Tower,0,6,47,0,53,0,0,232,0,232,0,6,279,0,285,137,0,137,422
03/17/2005,OSU,OH,AGL,CE,Federal Contract Tower,0,13,40,0,53,0,0,150,0,150,0,13,190,0,203,134,0,134,337
03/18/2005,OSU,OH,AGL,CE,Federal Contract Tower,0,13,52,0,65,0,0,227,0,227,0,13,279,0,292,90,0,90,382
03/19/2005,OSU,OH,AGL,CE,Federal Contract Tower,0,1,30,0,31,0,0,190,0,190,0,1,220,0,221,22,0,22,243
03/20/2005,OSU,OH,AGL,CE,Federal Contract Tower,0,4,30,0,34,0,0,18,0,18,0,4,48,0,52,0,0,0,52
03/21/2005,OSU,OH,AGL,CE,Federal Contract Tower,0,8,41,3,52,0,0,122,0,122,0,8,163,3,174,94,0,94,268
03/22/2005,OSU,OH,AGL,CE,Federal Contract Tower,0,6,47,0,53,0,0,168,4,172,0,6,215,4,225,116,0,116,341
03/23/2005,OSU,OH,AGL,CE,Federal Contract Tower,0,4,36,0,40,0,0,0,0,0,0,4,36,0,40,0,0,0,40
03/24/2005,OSU,OH,AGL,CE,Federal Contract Tower,0,7,50,0,57,0,0,115,0,115,0,7,165,0,172,136,0,136,308
03/25/2005,OSU,OH,AGL,CE,Federal Contract Tower,0,12,41,0,53,0,0,14,0,14,0,12,55,0,67,0,0,0,67
03/26/2005,OSU,OH,AGL,CE,Federal Contract Tower,0,2,29,0,31,0,0,112,0,112,0,2,141,0,143,120,0,120,263
03/27/2005,OSU,OH,AGL,CE,Federal Contract Tower,0,5,19,0,24,0,0,51,0,51,0,5,70,0,75,6,0,6,81
03/28/2005,OSU,OH,AGL,CE,Federal Contract Tower,0,9,29,0,38,0,0,13,0,13,0,9,42,0,51,0,0,0,51
03/29/2005,OSU,OH,AGL,CE,Federal Contract Tower,0,7,47,0,54,0,0,269,0,269,0,7,316,0,323,328,0,328,651
03/30/2005,OSU,OH,AGL,CE,Federal Contract Tower,0,4,56,0,60,0,0,215,2,217,0,4,271,2,277,184,0,184,461
03/31/2005,OSU,OH,AGL,CE,Federal Contract Tower,0,9,49,2,60,0,0,65,0,65,0,9,114,2,125,22,0,22,147
04/01/2005,OSU,OH,AGL,CE,Federal Contract Tower,0,9,31,1,41,0,0,134,0,134,0,9,165,1,175,146,0,146,321
04/02/2005,OSU,OH,AGL,CE,Federal Contract Tower,0,4,6,0,10,0,0,2,0,2,0,4,8,0,12,0,0,0,12
04/03/2005,OSU,OH,AGL,CE,Federal Contract Tower,0,4,22,0,26,0,0,43,1,44,0,4,65,1,70,0,0,0,70
04/04/2005,OSU,OH,AGL,CE,Federal Contract Tower,0,8,43,0,51,0,0,278,0,278,0,8,321,0,329,268,0,268,597
04/05/2005,OSU,OH,AGL,CE,Federal Contract Tower,0,7,40,0,47,0,0,237,4,241,0,7,277,4,288,102,6,108,396
04/06/2005,OSU,OH,AGL,CE,Federal Contract Tower,0,4,44,0,48,0,0,241,1,242,0,4,285,1,290,222,0,222,512
04/07/2005,OSU,OH,AGL,CE,Federal Contract Tower,0,9,70,0,79,0,0,40,0,40,0,9,110,0,119,80,0,80,199
04/08/2005,OSU,OH,AGL,CE,Federal Contract Tower,0,16,60,0,76,0,0,222,3,225,0,16,282,3,301,118,0,118,419
04/09/2005,OSU,OH,AGL,CE,Federal Contract Tower,0,4,51,0,55,0,0,306,0,306,0,4,357,0,361,172,0,172,533
04/10/2005,OSU,OH,AGL,CE,Federal Contract Tower,0,0,38,0,38,0,0,214,0,214,0,0,252,0,252,106,0,106,358
04/11/2005,OSU,OH,AGL,CE,Federal Contract Tower,0,10,62,0,72,0,0,194,4,198,0,10,256,4,270,248,0,248,518
04/12/2005,OSU,OH,AGL,CE,Federal Contract Tower,0,12,60,0,72,0,0,155,0,155,0,12,215,0,227,177,0,177,404
04/13/2005,OSU,OH,AGL,CE,Federal Contract Tower,0,4,57,0,61,0,0,127,0,127,0,4,184,0,188,44,0,44,232
04/14/2005,OSU,OH,AGL,CE,Federal Contract Tower,0,9,69,0,78,0,0,212,0,212,0,9,281,0,290,124,0,124,414
04/15/2005,OSU,OH,AGL,CE,Federal Contract Tower,0,8,56,0,64,0,0,253,0,253,0,8,309,0,317,208,0,208,525
04/16/2005,OSU,OH,AGL,CE,Federal Contract Tower,0,4,27,0,31,0,0,203,0,203,0,4,230,0,234,224,0,224,458
04/17/2005,OSU,OH,AGL,CE,Federal Contract Tower,0,8,24,0,32,0,0,128,0,128,0,8,152,0,160,12,0,12,172
04/18/2005,OSU,OH,AGL,CE,Federal Contract Tower,0,2,66,0,68,0,0,191,1,192,0,2,257,1,260,202,0,202,462
04/19/2005,OSU,OH,AGL,CE,Federal Contract Tower,0,9,55,0,64,0,0,250,9,259,0,9,305,9,323,218,0,218,541
04/20/2005,OSU,OH,AGL,CE,Federal Contract Tower,0,14,35,0,49,0,0,101,6,107,0,14,136,6,156,28,0,28,184
04/21/2005,OSU,OH,AGL,CE,Federal Contract Tower,0,4,76,0,80,0,0,64,0,64,0,4,140,0,144,0,0,0,144
04/22/2005,OSU,OH,AGL,CE,Federal Contract Tower,0,8,56,0,64,0,0,1,1,2,0,8,57,1,66,0,0,0,66
04/23/2005,OSU,OH,AGL,CE,Federal Contract Tower,0,2,6,0,8,0,0,3,0,3,0,2,9,0,11,0,0,0,11
04/24/2005,OSU,OH,AGL,CE,Federal Contract Tower,0,6,19,0,25,0,0,6,0,6,0,6,25,0,31,0,0,0,31
04/25/2005,OSU,OH,AGL,CE,Federal Contract Tower,0,2,41,0,43,0,0,110,0,110,0,2,151,0,153,32,0,32,185
04/26/2005,OSU,OH,AGL,CE,Federal Contract Tower,0,5,52,0,57,0,0,63,0,63,0,5,115,0,120,10,0,10,130
04/27/2005,OSU,OH,AGL,CE,Federal Contract Tower,0,5,51,0,56,0,0,170,2,172,0,5,221,2,228,40,0,40,268
04/28/2005,OSU,OH,AGL,CE,Federal Contract Tower,0,9,73,0,82,0,0,220,0,220,0,9,293,0,302,202,0,202,504
04/29/2005,OSU,OH,AGL,CE,Federal Contract Tower,0,10,57,1,68,0,0,123,1,124,0,10,180,2,192,182,0,182,374
04/30/2005,OSU,OH,AGL,CE,Federal Contract Tower,0,4,46,0,50,0,0,71,0,71,0,4,117,0,121,8,0,8,129
05/01/2005,OSU,OH,AGL,CE,Federal Contract Tower,0,8,34,4,46,0,0,133,0,133,0,8,167,4,179,0,0,0,179
05/02/2005,OSU,OH,AGL,CE,Federal Contract Tower,0,7,51,0,58,0,0,115,0,115,0,7,166,0,173,52,0,52,225
05/03/2005,OSU,OH,AGL,CE,Federal Contract Tower,0,19,74,0,93,0,0,204,0,204,0,19,278,0,297,230,0,230,527
05/04/2005,OSU,OH,AGL,CE,Federal Contract Tower,0,22,77,0,99,0,0,271,0,271,0,22,348,0,370,156,0,156,526
05/05/2005,OSU,OH,AGL,CE,Federal Contract Tower,0,8,54,0,62,0,0,311,0,311,0,8,365,0,373,258,0,258,631
05/06/2005,OSU,OH,AGL,CE,Federal Contract Tower,0,7,43,0,50,0,0,230,0,230,0,7,273,0,280,136,0,136,416
05/07/2005,OSU,OH,AGL,CE,Federal Contract Tower,0,11,22,0,33,0,0,222,0,222,0,11,244,0,255,60,0,60,315
05/08/2005,OSU,OH,AGL,CE,Federal Contract Tower,0,9,37,0,46,0,0,180,0,180,0,9,217,0,226,2,0,2,228
05/09/2005,OSU,OH,AGL,CE,Federal Contract Tower,0,8,47,2,57,0,0,181,4,185,0,8,228,6,242,178,0,178,420
05/10/2005,OSU,OH,AGL,CE,Federal Contract Tower,0,8,74,0,82,0,0,132,0,132,0,8,206,0,214,184,0,184,398
05/11/2005,OSU,OH,AGL,CE,Federal Contract Tower,0,26,61,0,87,0,0,207,2,209,0,26,268,2,296,124,0,124,420
05/12/2005,OSU,OH,AGL,CE,Federal Contract Tower,0,8,66,0,74,0,0,187,0,187,0,8,253,0,261,68,0,68,329
05/13/2005,OSU,OH,AGL,CE,Federal Contract Tower,0,12,64,0,76,0,0,205,0,205,0,12,269,0,281,142,0,142,423
05/14/2005,OSU,OH,AGL,CE,Federal Contract Tower,0,4,16,0,20,0,0,16,0,16,0,4,32,0,36,12,2,14,50
05/15/2005,OSU,OH,AGL,CE,Federal Contract Tower,0,7,39,0,46,0,0,147,0,147,0,7,186,0,193,10,0,10,203
05/16/2005,OSU,OH,AGL,CE,Federal Contract Tower,0,8,51,4,63,0,0,217,0,217,0,8,268,4,280,164,0,164,444
05/17/2005,OSU,OH,AGL,CE,Federal Contract Tower,0,21,74,0,95,0,0,251,0,251,0,21,325,0,346,166,0,166,512
05/18/2005,OSU,OH,AGL,CE,Federal Contract Tower,0,12,55,0,67,0,0,220,0,220,0,12,275,0,287,70,0,70,357
05/19/2005,OSU,OH,AGL,CE,Federal Contract Tower,0,5,56,0,61,0,0,99,0,99,0,5,155,0,160,80,0,80,240
05/20/2005,OSU,OH,AGL,CE,Federal Contract Tower,0,10,97,2,109,0,0,86,0,86,0,10,183,2,195,0,0,0,195
05/21/2005,OSU,OH,AGL,CE,Federal Contract Tower,0,6,31,0,37,0,0,241,4,245,0,6,272,4,282,38,0,38,320
05/22/2005,OSU,OH,AGL,CE,Federal Contract Tower,0,4,37,0,41,0,0,151,0,151,0,4,188,0,192,0,0,0,192
05/23/2005,OSU,OH,AGL,CE,Federal Contract Tower,0,3,34,0,37,0,0,76,0,76,0,3,110,0,113,52,0,52,165
05/24/2005,OSU,OH,AGL,CE,Federal Contract Tower,0,10,63,0,73,0,0,112,0,112,0,10,175,0,185,52,0,52,237
05/25/2005,OSU,OH,AGL,CE,Federal Contract Tower,0,7,53,0,60,0,0,210,0,210,0,7,263,0,270,140,0,140,410
05/26/2005,OSU,OH,AGL,CE,Federal Contract Tower,0,11,69,0,80,0,0,280,0,280,0,11,349,0,360,334,0,334,694
05/27/2005,OSU,OH,AGL,CE,Federal Contract Tower,0,5,65,0,70,0,0,159,0,159,0,5,224,0,229,58,0,58,287
05/28/2005,OSU,OH,AGL,CE,Federal Contract Tower,0,6,14,0,20,0,0,118,0,118,0,6,132,0,138,18,0,18,156
05/29/2005,OSU,OH,AGL,CE,Federal Contract Tower,0,11,37,0,48,0,0,180,0,180,0,11,217,0,228,26,0,26,254
05/30/2005,OSU,OH,AGL,CE,Federal Contract Tower,0,20,60,0,80,0,0,117,0,117,0,20,177,0,197,6,0,6,203
05/31/2005,OSU,OH,AGL,CE,Federal Contract Tower,0,44,119,0,163,0,0,257,0,257,0,44,376,0,420,186,0,186,606
06/01/2005,OSU,OH,AGL,CE,Federal Contract Tower,0,17,70,0,87,0,0,255,2,257,0,17,325,2,344,174,0,174,518
06/02/2005,OSU,OH,AGL,CE,Federal Contract Tower,0,25,77,0,102,0,0,170,0,170,0,25,247,0,272,84,0,84,356
06/03/2005,OSU,OH,AGL,CE,Federal Contract Tower,0,23,102,0,125,0,0,210,12,222,0,23,312,12,347,104,0,104,451
06/04/2005,OSU,OH,AGL,CE,Federal Contract Tower,0,14,51,0,65,0,0,114,0,114,0,14,165,0,179,36,0,36,215
06/05/2005,OSU,OH,AGL,CE,Federal Contract Tower,0,37,58,0,95,0,0,118,4,122,0,37,176,4,217,0,0,0,217
06/06/2005,OSU,OH,AGL,CE,Federal Contract Tower,0,17,47,0,64,0,0,126,0,126,0,17,173,0,190,58,0,58,248
06/07/2005,OSU,OH,AGL,CE,Federal Contract Tower,0,21,54,0,75,0,0,196,0,196,0,21,250,0,271,122,0,122,393
06/08/2005,OSU,OH,AGL,CE,Federal Contract Tower,0,14,57,0,71,0,0,78,2,80,0,14,135,2,151,10,0,10,161
06/09/2005,OSU,OH,AGL,CE,Federal Contract Tower,0,12,49,0,61,0,0,108,0,108,0,12,157,0,169,78,0,78,247
06/10/2005,OSU,OH,AGL,CE,Federal Contract Tower,0,9,63,0,72,0,0,111,3,114,0,9,174,3,186,94,0,94,280
06/11/2005,OSU,OH,AGL,CE,Federal Contract Tower,0,9,37,0,46,0,0,202,0,202,0,9,239,0,248,20,0,20,268
06/12/2005,OSU,OH,AGL,CE,Federal Contract Tower,0,8,37,0,45,0,0,88,0,88,0,8,125,0,133,0,0,0,133
06/13/2005,OSU,OH,AGL,CE,Federal Contract Tower,0,9,40,0,49,0,0,73,0,73,0,9,113,0,122,30,0,30,152
06/14/2005,OSU,OH,AGL,CE,Federal Contract Tower,0,6,36,0,42,0,0,53,0,53,0,6,89,0,95,10,0,10,105
06/15/2005,OSU,OH,AGL,CE,Federal Contract Tower,0,10,67,0,77,0,0,73,0,73,0,10,140,0,150,6,0,6,156
06/16/2005,OSU,OH,AGL,CE,Federal Contract Tower,0,14,68,0,82,0,0,126,2,128,0,14,194,2,210,68,0,68,278
06/17/2005,OSU,OH,AGL,CE,Federal Contract Tower,0,13,49,0,62,0,0,178,0,178,0,13,227,0,240,188,0,188,428
06/18/2005,OSU,OH,AGL,CE,Federal Contract Tower,0,18,37,0,55,0,0,183,0,183,0,18,220,0,238,36,0,36,274
06/19/2005,OSU,OH,AGL,CE,Federal Contract Tower,0,6,42,0,48,0,0,158,0,158,0,6,200,0,206,38,0,38,244
06/20/2005,OSU,OH,AGL,CE,Federal Contract Tower,0,0,49,0,49,0,0,169,0,169,0,0,218,0,218,142,0,142,360
06/21/2005,OSU,OH,AGL,CE,Federal Contract Tower,0,19,67,0,86,0,0,207,2,209,0,19,274,2,295,258,0,258,553
06/22/2005,OSU,OH,AGL,CE,Federal Contract Tower,0,13,72,0,85,0,0,166,6,172,0,13,238,6,257,58,2,60,317
06/23/2005,OSU,OH,AGL,CE,Federal Contract Tower,0,16,67,0,83,0,0,287,4,291,0,16,354,4,374,104,0,104,478
06/24/2005,OSU,OH,AGL,CE,Federal Contract Tower,0,9,58,0,67,0,0,164,0,164,0,9,222,0,231,44,0,44,275
06/25/2005,OSU,OH,AGL,CE,Federal Contract Tower,0,14,38,0,52,0,0,131,0,131,0,14,169,0,183,42,4,46,229
06/26/2005,OSU,OH,AGL,CE,Federal Contract Tower,0,9,46,0,55,0,0,132,0,132,0,9,178,0,187,6,0,6,193
06/27/2005,OSU,OH,AGL,CE,Federal Contract Tower,0,4,51,0,55,0,0,113,0,113,0,4,164,0,168,26,0,26,194
06/28/2005,OSU,OH,AGL,CE,Federal Contract Tower,0,9,55,0,64,0,0,78,2,80,0,9,133,2,144,62,0,62,206
06/29/2005,OSU,OH,AGL,CE,Federal Contract Tower,0,17,49,0,66,0,0,178,2,180,0,17,227,2,246,126,0,126,372
06/30/2005,OSU,OH,AGL,CE,Federal Contract Tower,0,7,59,0,66,0,0,89,0,89,0,7,148,0,155,34,0,34,189
07/01/2005,OSU,OH,AGL,CE,Federal Contract Tower,0,4,62,0,66,0,0,172,0,172,0,4,234,0,238,86,0,86,324
07/02/2005,OSU,OH,AGL,CE,Federal Contract Tower,0,5,30,0,35,0,0,176,0,176,0,5,206,0,211,36,0,36,247
07/03/2005,OSU,OH,AGL,CE,Federal Contract Tower,0,6,18,0,24,0,0,167,0,167,0,6,185,0,191,16,0,16,207
07/04/2005,OSU,OH,AGL,CE,Federal Contract Tower,0,5,27,0,32,0,0,183,24,207,0,5,210,24,239,0,0,0,239
07/05/2005,OSU,OH,AGL,CE,Federal Contract Tower,0,6,38,0,44,0,0,67,0,67,0,6,105,0,111,72,0,72,183
07/06/2005,OSU,OH,AGL,CE,Federal Contract Tower,0,13,53,0,66,0,0,181,0,181,0,13,234,0,247,58,0,58,305
07/07/2005,OSU,OH,AGL,CE,Federal Contract Tower,0,16,53,0,69,0,0,206,0,206,0,16,259,0,275,142,0,142,417
07/08/2005,OSU,OH,AGL,CE,Federal Contract Tower,0,14,53,0,67,0,0,188,0,188,0,14,241,0,255,188,0,188,443
07/09/2005,OSU,OH,AGL,CE,Federal Contract Tower,0,10,41,0,51,0,0,211,0,211,0,10,252,0,262,36,0,36,298
07/10/2005,OSU,OH,AGL,CE,Federal Contract Tower,0,6,43,0,49,0,0,123,0,123,0,6,166,0,172,24,0,24,196
07/11/2005,OSU,OH,AGL,CE,Federal Contract Tower,0,10,48,0,58,0,0,172,0,172,0,10,220,0,230,133,0,133,363
07/12/2005,OSU,OH,AGL,CE,Federal Contract Tower,0,15,48,0,63,0,0,109,1,110,0,15,157,1,173,158,0,158,331
07/13/2005,OSU,OH,AGL,CE,Federal Contract Tower,0,4,44,0,48,0,0,48,0,48,0,4,92,0,96,14,0,14,110
07/14/2005,OSU,OH,AGL,CE,Federal Contract Tower,0,11,70,0,81,0,0,62,0,62,0,11,132,0,143,48,0,48,191
07/15/2005,OSU,OH,AGL,CE,Federal Contract Tower,0,12,51,1,64,0,0,72,2,74,0,12,123,3,138,92,0,92,230
07/16/2005,OSU,OH,AGL,CE,Federal Contract Tower,0,2,31,5,38,0,0,132,3,135,0,2,163,8,173,0,6,6,179
07/17/2005,OSU,OH,AGL,CE,Federal Contract Tower,0,7,28,0,35,0,0,78,0,78,0,7,106,0,113,24,0,24,137
07/18/2005,OSU,OH,AGL,CE,Federal Contract Tower,0,3,43,0,46,0,0,49,1,50,0,3,92,1,96,58,0,58,154
07/19/2005,OSU,OH,AGL,CE,Federal Contract Tower,0,9,41,0,50,0,0,221,1,222,0,9,262,1,272,154,0,154,426
07/20/2005,OSU,OH,AGL,CE,Federal Contract Tower,0,5,36,0,41,0,0,193,2,195,0,5,229,2,236,108,0,108,344
07/21/2005,OSU,OH,AGL,CE,Federal Contract Tower,0,18,56,0,74,0,0,163,0,163,0,18,219,0,237,128,0,128,365
07/22/2005,OSU,OH,AGL,CE,Federal Contract Tower,0,11,62,0,73,0,0,209,0,209,0,11,271,0,282,180,0,180,462
07/23/2005,OSU,OH,AGL,CE,Federal Contract Tower,0,6,36,0,42,0,0,149,0,149,0,6,185,0,191,10,0,10,201
07/24/2005,OSU,OH,AGL,CE,Federal Contract Tower,0,6,41,0,47,0,0,106,0,106,0,6,147,0,153,16,0,16,169
07/25/2005,OSU,OH,AGL,CE,Federal Contract Tower,0,2,34,0,36,0,0,81,0,81,0,2,115,0,117,74,0,74,191
07/26/2005,OSU,OH,AGL,CE,Federal Contract Tower,0,7,43,0,50,0,0,71,0,71,0,7,114,0,121,86,0,86,207
07/27/2005,OSU,OH,AGL,CE,Federal Contract Tower,0,11,52,0,63,0,0,40,0,40,0,11,92,0,103,6,0,6,109
07/28/2005,OSU,OH,AGL,CE,Federal Contract Tower,0,10,53,0,63,0,0,232,0,232,0,10,285,0,295,230,0,230,525
07/29/2005,OSU,OH,AGL,CE,Federal Contract Tower,0,9,36,0,45,0,0,202,4,206,0,9,238,4,251,144,0,144,395
07/30/2005,OSU,OH,AGL,CE,Federal Contract Tower,0,14,22,0,36,0,0,164,0,164,0,14,186,0,200,64,0,64,264
07/31/2005,OSU,OH,AGL,CE,Federal Contract Tower,0,7,37,0,44,0,0,162,0,162,0,7,199,0,206,64,0,64,270
08/01/2005,OSU,OH,AGL,CE,Federal Contract Tower,0,9,62,0,71,0,0,157,0,157,0,9,219,0,228,96,0,96,324
08/02/2005,OSU,OH,AGL,CE,Federal Contract Tower,0,15,73,0,88,0,0,256,1,257,0,15,329,1,345,266,0,266,611
08/03/2005,OSU,OH,AGL,CE,Federal Contract Tower,0,16,89,0,105,0,0,219,0,219,0,16,308,0,324,121,0,121,445
08/04/2005,OSU,OH,AGL,CE,Federal Contract Tower,0,8,43,0,51,0,0,182,6,188,0,8,225,6,239,72,0,72,311
08/05/2005,OSU,OH,AGL,CE,Federal Contract Tower,0,6,46,0,52,0,0,48,4,52,0,6,94,4,104,14,0,14,118
08/06/2005,OSU,OH,AGL,CE,Federal Contract Tower,0,3,23,0,26,0,0,116,2,118,0,3,139,2,144,20,0,20,164
08/07/2005,OSU,OH,AGL,CE,Federal Contract Tower,0,4,28,4,36,0,0,129,0,129,0,4,157,4,165,14,0,14,179
08/08/2005,OSU,OH,AGL,CE,Federal Contract Tower,0,3,39,0,42,0,0,133,0,133,0,3,172,0,175,74,0,74,249
08/09/2005,OSU,OH,AGL,CE,Federal Contract Tower,0,9,67,0,76,0,0,245,8,253,0,9,312,8,329,262,0,262,591
08/10/2005,OSU,OH,AGL,CE,Federal Contract Tower,0,8,48,0,56,0,0,166,0,166,0,8,214,0,222,80,0,80,302
08/11/2005,OSU,OH,AGL,CE,Federal Contract Tower,0,10,70,0,80,0,0,145,0,145,0,10,215,0,225,116,0,116,341
08/12/2005,OSU,OH,AGL,CE,Federal Contract Tower,0,5,54,0,59,0,0,124,0,124,0,5,178,0,183,80,0,80,263
08/13/2005,OSU,OH,AGL,CE,Federal Contract Tower,0,4,23,0,27,0,0,120,0,120,0,4,143,0,147,52,0,52,199
08/14/2005,OSU,OH,AGL,CE,Federal Contract Tower,0,1,40,0,41,0,0,73,0,73,0,1,113,0,114,12,0,12,126
08/15/2005,OSU,OH,AGL,CE,Federal Contract Tower,0,2,65,3,70,0,0,51,3,54,0,2,116,6,124,10,0,10,134
08/16/2005,OSU,OH,AGL,CE,Federal Contract Tower,0,10,57,2,69,0,0,99,4,103,0,10,156,6,172,52,0,52,224
08/17/2005,OSU,OH,AGL,CE,Federal Contract Tower,0,24,61,2,87,0,0,283,1,284,0,24,344,3,371,134,0,134,505
08/18/2005,OSU,OH,AGL,CE,Federal Contract Tower,0,21,64,3,88,0,0,161,0,161,0,21,225,3,249,112,0,112,361
08/19/2005,OSU,OH,AGL,CE,Federal Contract Tower,0,17,36,1,54,0,0,137,1,138,0,17,173,2,192,60,0,60,252
08/20/2005,OSU,OH,AGL,CE,Federal Contract Tower,0,3,12,0,15,0,0,105,0,105,0,3,117,0,120,0,0,0,120
08/21/2005,OSU,OH,AGL,CE,Federal Contract Tower,0,10,31,0,41,0,0,120,0,120,0,10,151,0,161,20,0,20,181
08/22/2005,OSU,OH,AGL,CE,Federal Contract Tower,0,8,38,0,46,0,0,184,6,190,0,8,222,6,236,80,0,80,316
08/23/2005,OSU,OH,AGL,CE,Federal Contract Tower,0,20,77,1,98,0,0,216,2,218,0,20,293,3,316,106,0,106,422
08/24/2005,OSU,OH,AGL,CE,Federal Contract Tower,0,13,61,0,74,0,0,247,0,247,0,13,308,0,321,52,0,52,373
08/25/2005,OSU,OH,AGL,CE,Federal Contract Tower,0,15,65,0,80,0,0,226,0,226,0,15,291,0,306,122,0,122,428
08/26/2005,OSU,OH,AGL,CE,Federal Contract Tower,0,11,63,0,74,0,0,62,0,62,0,11,125,0,136,26,0,26,162
08/27/2005,OSU,OH,AGL,CE,Federal Contract Tower,0,5,22,0,27,0,0,24,0,24,0,5,46,0,51,4,0,4,55
08/28/2005,OSU,OH,AGL,CE,Federal Contract Tower,0,11,30,0,41,0,0,135,0,135,0,11,165,0,176,20,0,20,196
08/29/2005,OSU,OH,AGL,CE,Federal Contract Tower,0,8,43,0,51,0,0,41,0,41,0,8,84,0,92,40,0,40,132
08/30/2005,OSU,OH,AGL,CE,Federal Contract Tower,0,0,0,0,0,0,9,23,0,32,0,9,23,0,32,0,0,0,32
08/31/2005,OSU,OH,AGL,CE,Federal Contract Tower,0,5,56,0,61,0,0,69,0,69,0,5,125,0,130,34,0,34,164
09/01/2005,OSU,OH,AGL,CE,Federal Contract Tower,0,10,47,0,57,0,0,227,2,229,0,10,274,2,286,172,0,172,458
09/02/2005,OSU,OH,AGL,CE,Federal Contract Tower,0,13,61,0,74,0,0,205,0,205,0,13,266,0,279,118,0,118,397
09/03/2005,OSU,OH,AGL,CE,Federal Contract Tower,0,4,0,0,4,0,0,206,0,206,0,4,206,0,210,12,0,12,222
09/04/2005,OSU,OH,AGL,CE,Federal Contract Tower,0,2,15,0,17,0,0,172,0,172,0,2,187,0,189,66,0,66,255
09/05/2005,OSU,OH,AGL,CE,Federal Contract Tower,0,1,30,0,31,0,0,144,0,144,0,1,174,0,175,8,0,8,183
09/06/2005,OSU,OH,AGL,CE,Federal Contract Tower,0,6,35,0,41,0,0,149,0,149,0,6,184,0,190,134,0,134,324
09/07/2005,OSU,OH,AGL,CE,Federal Contract Tower,0,14,70,0,84,0,0,249,2,251,0,14,319,2,335,166,0,166,501
09/08/2005,OSU,OH,AGL,CE,Federal Contract Tower,0,14,51,2,67,0,0,191,0,191,0,14,242,2,258,182,0,182,440
09/09/2005,OSU,OH,AGL,CE,Federal Contract Tower,0,16,75,0,91,0,0,184,0,184,0,16,259,0,275,84,0,84,359
09/10/2005,OSU,OH,AGL,CE,Federal Contract Tower,0,22,61,0,83,0,0,266,0,266,0,22,327,0,349,110,0,110,459
09/11/2005,OSU,OH,AGL,CE,Federal Contract Tower,0,17,67,2,86,0,0,178,0,178,0,17,245,2,264,0,0,0,264
09/12/2005,OSU,OH,AGL,CE,Federal Contract Tower,0,18,74,0,92,0,0,137,0,137,0,18,211,0,229,100,0,100,329
09/13/2005,OSU,OH,AGL,CE,Federal Contract Tower,0,11,60,0,71,0,0,157,0,157,0,11,217,0,228,56,0,56,284
09/14/2005,OSU,OH,AGL,CE,Federal Contract Tower,0,19,68,0,87,0,0,109,0,109,0,19,177,0,196,64,0,64,260
09/15/2005,OSU,OH,AGL,CE,Federal Contract Tower,0,18,65,0,83,0,0,138,3,141,0,18,203,3,224,72,0,72,296
09/16/2005,OSU,OH,AGL,CE,Federal Contract Tower,0,10,77,0,87,0,0,55,0,55,0,10,132,0,142,66,0,66,208
09/17/2005,OSU,OH,AGL,CE,Federal Contract Tower,0,8,40,0,48,0,0,59,0,59,0,8,99,0,107,108,0,108,215
09/18/2005,OSU,OH,AGL,CE,Federal Contract Tower,0,7,35,0,42,0,0,102,0,102,0,7,137,0,144,98,0,98,242
09/19/2005,OSU,OH,AGL,CE,Federal Contract Tower,0,11,58,0,69,0,0,97,0,97,0,11,155,0,166,50,0,50,216
09/20/2005,OSU,OH,AGL,CE,Federal Contract Tower,0,11,63,2,76,0,0,144,0,144,0,11,207,2,220,134,0,134,354
09/21/2005,OSU,OH,AGL,CE,Federal Contract Tower,0,3,46,0,49,0,0,180,2,182,0,3,226,2,231,132,0,132,363
09/22/2005,OSU,OH,AGL,CE,Federal Contract Tower,0,14,53,0,67,0,0,202,0,202,0,14,255,0,269,96,0,96,365
09/23/2005,OSU,OH,AGL,CE,Federal Contract Tower,0,14,63,2,79,0,0,43,0,43,0,14,106,2,122,28,0,28,150
09/24/2005,OSU,OH,AGL,CE,Federal Contract Tower,0,17,71,0,88,0,0,49,0,49,0,17,120,0,137,6,0,6,143
09/25/2005,OSU,OH,AGL,CE,Federal Contract Tower,0,8,58,0,66,0,0,77,0,77,0,8,135,0,143,102,0,102,245
09/26/2005,OSU,OH,AGL,CE,Federal Contract Tower,0,1,43,0,44,0,0,30,0,30,0,1,73,0,74,6,0,6,80
09/27/2005,OSU,OH,AGL,CE,Federal Contract Tower,0,11,44,0,55,0,0,249,4,253,0,11,293,4,308,248,0,248,556
09/28/2005,OSU,OH,AGL,CE,Federal Contract Tower,0,8,53,0,61,0,0,236,0,236,0,8,289,0,297,186,0,186,483
09/29/2005,OSU,OH,AGL,CE,Federal Contract Tower,0,30,60,0,90,0,0,142,0,142,0,30,202,0,232,18,0,18,250
09/30/2005,OSU,OH,AGL,CE,Federal Contract Tower,0,7,69,0,76,0,0,264,0,264,0,7,333,0,340,258,0,258,598
10/01/2005,OSU,OH,AGL,CE,Federal Contract Tower,0,6,31,0,37,0,0,284,0,284,0,6,315,0,321,156,0,156,477
10/02/2005,OSU,OH,AGL,CE,Federal Contract Tower,0,5,29,0,34,0,0,171,0,171,0,5,200,0,205,26,0,26,231
10/03/2005,OSU,OH,AGL,CE,Federal Contract Tower,0,5,40,0,45,0,0,145,1,146,0,5,185,1,191,114,0,114,305
10/04/2005,OSU,OH,AGL,CE,Federal Contract Tower,0,14,55,0,69,0,0,186,6,192,0,14,241,6,261,184,0,184,445
10/05/2005,OSU,OH,AGL,CE,Federal Contract Tower,0,7,55,0,62,0,0,184,8,192,0,7,239,8,254,174,0,174,428
10/06/2005,OSU,OH,AGL,CE,Federal Contract Tower,0,1,52,0,53,0,0,224,1,225,0,1,276,1,278,178,0,178,456
10/07/2005,OSU,OH,AGL,CE,Federal Contract Tower,0,7,67,3,77,0,0,1,0,1,0,7,68,3,78,0,0,0,78
10/08/2005,OSU,OH,AGL,CE,Federal Contract Tower,0,4,44,0,48,0,0,40,2,42,0,4,84,2,90,70,0,70,160
10/09/2005,OSU,OH,AGL,CE,Federal Contract Tower,0,8,44,0,52,0,0,19,0,19,0,8,63,0,71,6,0,6,77
10/10/2005,OSU,OH,AGL,CE,Federal Contract Tower,0,11,71,0,82,0,0,3,0,3,0,11,74,0,85,0,0,0,85
10/11/2005,OSU,OH,AGL,CE,Federal Contract Tower,0,10,73,0,83,0,0,75,0,75,0,10,148,0,158,32,0,32,190
10/12/2005,OSU,OH,AGL,CE,Federal Contract Tower,0,19,85,0,104,0,0,150,0,150,0,19,235,0,254,108,0,108,362
10/13/2005,OSU,OH,AGL,CE,Federal Contract Tower,0,5,81,0,86,0,0,152,0,152,0,5,233,0,238,122,0,122,360
10/14/2005,OSU,OH,AGL,CE,Federal Contract Tower,0,13,70,1,84,0,0,178,3,181,0,13,248,4,265,170,0,170,435
10/15/2005,OSU,OH,AGL,CE,Federal Contract Tower,0,12,49,0,61,0,0,207,0,207,0,12,256,0,268,0,0,0,268
10/16/2005,OSU,OH,AGL,CE,Federal Contract Tower,0,8,44,0,52,0,0,192,2,194,0,8,236,2,246,20,0,20,266
10/17/2005,OSU,OH,AGL,CE,Federal Contract Tower,0,9,41,0,50,0,0,170,2,172,0,9,211,2,222,106,0,106,328
10/18/2005,OSU,OH,AGL,CE,Federal Contract Tower,0,7,52,0,59,0,0,194,0,194,0,7,246,0,253,160,0,160,413
10/19/2005,OSU,OH,AGL,CE,Federal Contract Tower,0,13,75,3,91,0,0,216,1,217,0,13,291,4,308,84,0,84,392
10/20/2005,OSU,OH,AGL,CE,Federal Contract Tower,0,6,72,0,78,0,0,153,4,157,0,6,225,4,235,140,0,140,375
10/21/2005,OSU,OH,AGL,CE,Federal Contract Tower,0,8,65,0,73,0,0,21,2,23,0,8,86,2,96,0,0,0,96
10/22/2005,OSU,OH,AGL,CE,Federal Contract Tower,0,12,35,0,47,0,0,31,0,31,0,12,66,0,78,12,0,12,90
10/23/2005,OSU,OH,AGL,CE,Federal Contract Tower,0,13,48,0,61,0,0,32,2,34,0,13,80,2,95,0,0,0,95
10/24/2005,OSU,OH,AGL,CE,Federal Contract Tower,0,2,42,0,44,0,0,17,0,17,0,2,59,0,61,94,0,94,155
10/25/2005,OSU,OH,AGL,CE,Federal Contract Tower,0,8,47,0,55,0,0,34,1,35,0,8,81,1,90,0,1,1,91
10/26/2005,OSU,OH,AGL,CE,Federal Contract Tower,0,5,58,0,63,0,0,165,1,166,0,5,223,1,229,106,0,106,335
10/27/2005,OSU,OH,AGL,CE,Federal Contract Tower,0,8,54,0,62,0,0,158,2,160,0,8,212,2,222,108,0,108,330
10/28/2005,OSU,OH,AGL,CE,Federal Contract Tower,0,12,51,0,63,0,0,192,0,192,0,12,243,0,255,104,0,104,359
10/29/2005,OSU,OH,AGL,CE,Federal Contract Tower,0,8,39,0,47,0,0,189,0,189,0,8,228,0,236,38,0,38,274
10/30/2005,OSU,OH,AGL,CE,Federal Contract Tower,0,2,32,0,34,0,0,154,0,154,0,2,186,0,188,58,0,58,246
10/31/2005,OSU,OH,AGL,CE,Federal Contract Tower,0,7,41,0,48,0,0,114,0,114,0,7,155,0,162,136,0,136,298
11/01/2005,OSU,OH,AGL,CE,Federal Contract Tower,0,10,56,0,66,0,0,80,0,80,0,10,136,0,146,32,0,32,178
11/02/2005,OSU,OH,AGL,CE,Federal Contract Tower,0,11,52,6,69,0,0,142,3,145,0,11,194,9,214,56,0,56,270
11/03/2005,OSU,OH,AGL,CE,Federal Contract Tower,0,9,51,0,60,0,0,157,2,159,0,9,208,2,219,40,0,40,259
11/04/2005,OSU,OH,AGL,CE,Federal Contract Tower,0,15,50,0,65,0,0,113,0,113,0,15,163,0,178,40,0,40,218
11/05/2005,OSU,OH,AGL,CE,Federal Contract Tower,0,14,45,0,59,0,0,78,0,78,0,14,123,0,137,10,0,10,147
11/06/2005,OSU,OH,AGL,CE,Federal Contract Tower,0,1,23,0,24,0,0,26,0,26,0,1,49,0,50,0,0,0,50
11/07/2005,OSU,OH,AGL,CE,Federal Contract Tower,0,2,52,0,54,0,0,156,0,156,0,2,208,0,210,102,0,102,312
11/08/2005,OSU,OH,AGL,CE,Federal Contract Tower,0,9,41,0,50,0,0,72,4,76,0,9,113,4,126,76,0,76,202
11/09/2005,OSU,OH,AGL,CE,Federal Contract Tower,0,7,50,0,57,0,0,74,0,74,0,7,124,0,131,2,0,2,133
11/10/2005,OSU,OH,AGL,CE,Federal Contract Tower,0,9,40,0,49,0,0,141,0,141,0,9,181,0,190,100,0,100,290
11/11/2005,OSU,OH,AGL,CE,Federal Contract Tower,0,10,48,0,58,0,0,186,2,188,0,10,234,2,246,84,0,84,330
11/12/2005,OSU,OH,AGL,CE,Federal Contract Tower,0,11,36,0,47,0,0,137,0,137,0,11,173,0,184,10,0,10,194
11/13/2005,OSU,OH,AGL,CE,Federal Contract Tower,0,6,21,0,27,0,0,41,0,41,0,6,62,0,68,0,0,0,68
11/14/2005,OSU,OH,AGL,CE,Federal Contract Tower,0,5,69,0,74,0,0,152,0,152,0,5,221,0,226,188,0,188,414
11/15/2005,OSU,OH,AGL,CE,Federal Contract Tower,0,11,29,0,40,0,0,7,0,7,0,11,36,0,47,74,0,74,121
11/16/2005,OSU,OH,AGL,CE,Federal Contract Tower,0,5,46,0,51,0,0,22,0,22,0,5,68,0,73,84,0,84,157
11/17/2005,OSU,OH,AGL,CE,Federal Contract Tower,0,14,58,0,72,0,0,124,0,124,0,14,182,0,196,116,0,116,312
11/18/2005,OSU,OH,AGL,CE,Federal Contract Tower,0,11,51,0,62,0,0,176,0,176,0,11,227,0,238,143,0,143,381
11/19/2005,OSU,OH,AGL,CE,Federal Contract Tower,0,12,31,0,43,0,0,99,0,99,0,12,130,0,142,0,0,0,142
11/20/2005,OSU,OH,AGL,CE,Federal Contract Tower,0,3,24,0,27,0,0,138,0,138,0,3,162,0,165,46,0,46,211
11/21/2005,OSU,OH,AGL,CE,Federal Contract Tower,0,2,43,0,45,0,0,209,0,209,0,2,252,0,254,236,0,236,490
11/22/2005,OSU,OH,AGL,CE,Federal Contract Tower,0,13,53,1,67,0,0,70,5,75,0,13,123,6,142,28,0,28,170
11/23/2005,OSU,OH,AGL,CE,Federal Contract Tower,0,5,39,0,44,0,0,19,0,19,0,5,58,0,63,40,0,40,103
11/24/2005,OSU,OH,AGL,CE,Federal Contract Tower,0,5,6,0,11,0,0,1,0,1,0,5,7,0,12,0,0,0,12
11/25/2005,OSU,OH,AGL,CE,Federal Contract Tower,0,7,8,0,15,0,0,91,0,91,0,7,99,0,106,20,0,20,126
11/26/2005,OSU,OH,AGL,CE,Federal Contract Tower,0,3,30,0,33,0,0,153,0,153,0,3,183,0,186,22,0,22,208
11/27/2005,OSU,OH,AGL,CE,Federal Contract Tower,0,2,27,0,29,0,0,55,0,55,0,2,82,0,84,0,0,0,84
11/28/2005,OSU,OH,AGL,CE,Federal Contract Tower,0,2,38,0,40,0,0,35,0,35,0,2,73,0,75,28,0,28,103
11/29/2005,OSU,OH,AGL,CE,Federal Contract Tower,0,4,56,0,60,0,0,128,0,128,0,4,184,0,188,90,0,90,278
11/30/2005,OSU,OH,AGL,CE,Federal Contract Tower,0,7,41,0,48,0,0,106,8,114,0,7,147,8,162,94,0,94,256
12/01/2005,OSU,OH,AGL,CE,Federal Contract Tower,0,6,44,0,50,0,0,54,0,54,0,6,98,0,104,42,0,42,146
12/02/2005,OSU,OH,AGL,CE,Federal Contract Tower,0,6,37,0,43,0,0,69,0,69,0,6,106,0,112,48,0,48,160
12/03/2005,OSU,OH,AGL,CE,Federal Contract Tower,0,4,29,0,33,0,0,112,2,114,0,4,141,2,147,68,0,68,215
12/04/2005,OSU,OH,AGL,CE,Federal Contract Tower,0,1,18,0,19,0,9,5,0,14,0,10,23,0,33,0,0,0,33
12/05/2005,OSU,OH,AGL,CE,Federal Contract Tower,0,5,42,0,47,0,0,50,2,52,0,5,92,2,99,68,0,68,167
12/06/2005,OSU,OH,AGL,CE,Federal Contract Tower,0,8,50,0,58,0,0,70,2,72,0,8,120,2,130,78,0,78,208
12/07/2005,OSU,OH,AGL,CE,Federal Contract Tower,0,7,38,0,45,0,0,115,0,115,0,7,153,0,160,80,0,80,240
12/08/2005,OSU,OH,AGL,CE,Federal Contract Tower,0,10,43,0,53,0,0,155,1,156,0,10,198,1,209,120,0,120,329
12/09/2005,OSU,OH,AGL,CE,Federal Contract Tower,0,7,26,0,33,0,0,11,0,11,0,7,37,0,44,16,0,16,60
12/10/2005,OSU,OH,AGL,CE,Federal Contract Tower,0,6,24,0,30,0,0,51,0,51,0,6,75,0,81,38,0,38,119
12/11/2005,OSU,OH,AGL,CE,Federal Contract Tower,0,5,27,0,32,0,0,2,0,2,0,5,29,0,34,0,0,0,34
12/12/2005,OSU,OH,AGL,CE,Federal Contract Tower,0,6,42,0,48,0,0,71,0,71,0,6,113,0,119,14,0,14,133
12/13/2005,OSU,OH,AGL,CE,Federal Contract Tower,0,13,52,0,65,0,0,150,0,150,0,13,202,0,215,76,0,76,291
12/14/2005,OSU,OH,AGL,CE,Federal Contract Tower,0,8,38,0,46,0,0,62,1,63,0,8,100,1,109,86,0,86,195
12/15/2005,OSU,OH,AGL,CE,Federal Contract Tower,0,4,30,0,34,0,0,0,0,0,0,4,30,0,34,0,0,0,34
12/16/2005,OSU,OH,AGL,CE,Federal Contract Tower,0,7,39,0,46,0,0,39,0,39,0,7,78,0,85,0,0,0,85
12/17/2005,OSU,OH,AGL,CE,Federal Contract Tower,0,9,36,0,45,0,0,122,0,122,0,9,158,0,167,24,0,24,191
12/18/2005,OSU,OH,AGL,CE,Federal Contract Tower,0,3,26,0,29,0,0,41,0,41,0,3,67,0,70,26,0,26,96
12/19/2005,OSU,OH,AGL,CE,Federal Contract Tower,0,4,55,0,59,0,0,81,0,81,0,4,136,0,140,48,0,48,188
12/20/2005,OSU,OH,AGL,CE,Federal Contract Tower,0,11,43,0,54,0,0,146,8,154,0,11,189,8,208,34,0,34,242
12/21/2005,OSU,OH,AGL,CE,Federal Contract Tower,0,12,28,0,40,0,0,163,0,163,0,12,191,0,203,68,0,68,271
12/22/2005,OSU,OH,AGL,CE,Federal Contract Tower,0,13,48,0,61,0,0,138,0,138,0,13,186,0,199,24,0,24,223
12/23/2005,OSU,OH,AGL,CE,Federal Contract Tower,0,5,25,0,30,0,0,140,0,140,0,5,165,0,170,22,0,22,192
12/24/2005,OSU,OH,AGL,CE,Federal Contract Tower,0,5,4,0,9,0,0,66,0,66,0,5,70,0,75,0,0,0,75
12/25/2005,OSU,OH,AGL,CE,Federal Contract Tower,0,2,7,0,9,0,0,0,0,0,0,2,7,0,9,0,0,0,9
12/26/2005,OSU,OH,AGL,CE,Federal Contract Tower,0,4,17,0,21,0,0,20,0,20,0,4,37,0,41,6,0,6,47
12/27/2005,OSU,OH,AGL,CE,Federal Contract Tower,0,3,23,0,26,0,0,90,0,90,0,3,113,0,116,4,0,4,120
12/28/2005,OSU,OH,AGL,CE,Federal Contract Tower,0,10,30,0,40,0,0,40,0,40,0,10,70,0,80,32,0,32,112
12/29/2005,OSU,OH,AGL,CE,Federal Contract Tower,0,11,16,0,27,0,0,3,0,3,0,11,19,0,30,0,0,0,30
12/30/2005,OSU,OH,AGL,CE,Federal Contract Tower,0,5,36,0,41,0,0,99,0,99,0,5,135,0,140,78,0,78,218
12/31/2005,OSU,OH,AGL,CE,Federal Contract Tower,0,4,14,0,18,0,0,15,0,15,0,4,29,0,33,12,0,12,45
01/01/2006,OSU,OH,AGL,CE,Federal Contract Tower,0,1,19,0,20,0,0,116,0,116,0,1,135,0,136,24,0,24,160
01/02/2006,OSU,OH,AGL,CE,Federal Contract Tower,0,5,19,0,24,0,0,11,0,11,0,5,30,0,35,0,0,0,35
01/03/2006,OSU,OH,AGL,CE,Federal Contract Tower,0,2,43,0,45,0,0,3,0,3,0,2,46,0,48,0,0,0,48
01/04/2006,OSU,OH,AGL,CE,Federal Contract Tower,0,10,43,0,53,0,0,17,0,17,0,10,60,0,70,30,0,30,100
01/05/2006,OSU,OH,AGL,CE,Federal Contract Tower,0,6,48,0,54,0,0,39,0,39,0,6,87,0,93,34,0,34,127
01/06/2006,OSU,OH,AGL,CE,Federal Contract Tower,0,8,29,0,37,0,0,96,3,99,0,8,125,3,136,10,0,10,146
01/07/2006,OSU,OH,AGL,CE,Federal Contract Tower,0,4,27,0,31,0,0,117,8,125,0,4,144,8,156,0,10,10,166
01/08/2006,OSU,OH,AGL,CE,Federal Contract Tower,0,7,27,0,34,0,0,141,6,147,0,7,168,6,181,2,0,2,183
01/09/2006,OSU,OH,AGL,CE,Federal Contract Tower,0,9,46,0,55,0,0,77,2,79,0,9,123,2,134,146,0,146,280
01/10/2006,OSU,OH,AGL,CE,Federal Contract Tower,0,10,48,0,58,0,0,96,4,100,0,10,144,4,158,142,0,142,300
01/11/2006,OSU,OH,AGL,CE,Federal Contract Tower,0,10,52,0,62,0,0,29,0,29,0,10,81,0,91,0,0,0,91
01/12/2006,OSU,OH,AGL,CE,Federal Contract Tower,0,8,55,0,63,0,0,264,1,265,0,8,319,1,328,214,0,214,542
01/13/2006,OSU,OH,AGL,CE,Federal Contract Tower,0,6,28,0,34,0,0,43,0,43,0,6,71,0,77,0,0,0,77
01/14/2006,OSU,OH,AGL,CE,Federal Contract Tower,0,6,12,0,18,0,0,24,1,25,0,6,36,1,43,0,0,0,43
01/15/2006,OSU,OH,AGL,CE,Federal Contract Tower,0,2,20,0,22,0,0,118,0,118,0,2,138,0,140,26,0,26,166
01/16/2006,OSU,OH,AGL,CE,Federal Contract Tower,0,3,37,0,40,0,0,129,0,129,0,3,166,0,169,12,0,12,181
01/17/2006,OSU,OH,AGL,CE,Federal Contract Tower,0,5,54,0,59,0,0,1,1,2,0,5,55,1,61,0,0,0,61
01/18/2006,OSU,OH,AGL,CE,Federal Contract Tower,0,6,31,0,37,0,0,54,0,54,0,6,85,0,91,0,0,0,91
01/19/2006,OSU,OH,AGL,CE,Federal Contract Tower,0,5,38,0,43,0,0,175,0,175,0,5,213,0,218,32,0,32,250
01/20/2006,OSU,OH,AGL,CE,Federal Contract Tower,0,8,42,0,50,0,0,156,0,156,0,8,198,0,206,62,0,62,268
01/21/2006,OSU,OH,AGL,CE,Federal Contract Tower,0,11,16,0,27,0,0,50,0,50,0,11,66,0,77,2,0,2,79
01/22/2006,OSU,OH,AGL,CE,Federal Contract Tower,0,4,29,0,33,0,0,87,0,87,0,4,116,0,120,48,0,48,168
01/23/2006,OSU,OH,AGL,CE,Federal Contract Tower,0,3,29,0,32,0,0,129,4,133,0,3,158,4,165,138,0,138,303
01/24/2006,OSU,OH,AGL,CE,Federal Contract Tower,0,6,43,0,49,0,0,66,0,66,0,6,109,0,115,22,0,22,137
01/25/2006,OSU,OH,AGL,CE,Federal Contract Tower,0,4,38,0,42,0,0,32,2,34,0,4,70,2,76,0,6,6,82
01/26/2006,OSU,OH,AGL,CE,Federal Contract Tower,0,5,60,0,65,0,0,232,2,234,0,5,292,2,299,254,0,254,553
01/27/2006,OSU,OH,AGL,CE,Federal Contract Tower,0,8,44,0,52,0,0,208,2,210,0,8,252,2,262,190,0,190,452
01/28/2006,OSU,OH,AGL,CE,Federal Contract Tower,0,9,29,0,38,0,0,259,0,259,0,9,288,0,297,90,0,90,387
01/29/2006,OSU,OH,AGL,CE,Federal Contract Tower,0,2,11,0,13,0,0,15,0,15,0,2,26,0,28,0,0,0,28
01/30/2006,OSU,OH,AGL,CE,Federal Contract Tower,0,3,49,0,52,0,0,161,0,161,0,3,210,0,213,146,0,146,359
01/31/2006,OSU,OH,AGL,CE,Federal Contract Tower,0,11,26,0,37,0,0,79,2,81,0,11,105,2,118,56,0,56,174
02/01/2006,OSU,OH,AGL,CE,Federal Contract Tower,0,13,54,0,67,0,0,150,0,150,0,13,204,0,217,76,0,76,293
02/02/2006,OSU,OH,AGL,CE,Federal Contract Tower,0,12,36,0,48,0,0,145,0,145,0,12,181,0,193,124,0,124,317
02/03/2006,OSU,OH,AGL,CE,Federal Contract Tower,0,14,37,0,51,0,0,39,5,44,0,14,76,5,95,0,0,0,95
02/04/2006,OSU,OH,AGL,CE,Federal Contract Tower,0,4,7,0,11,0,0,0,0,0,0,4,7,0,11,0,0,0,11
02/05/2006,OSU,OH,AGL,CE,Federal Contract Tower,0,1,10,0,11,0,0,5,0,5,0,1,15,0,16,0,0,0,16
02/06/2006,OSU,OH,AGL,CE,Federal Contract Tower,0,4,44,0,48,0,0,100,0,100,0,4,144,0,148,80,0,80,228
02/07/2006,OSU,OH,AGL,CE,Federal Contract Tower,0,7,42,0,49,0,0,176,0,176,0,7,218,0,225,132,0,132,357
02/08/2006,OSU,OH,AGL,CE,Federal Contract Tower,0,3,55,0,58,0,0,147,0,147,0,3,202,0,205,148,0,148,353
02/09/2006,OSU,OH,AGL,CE,Federal Contract Tower,0,9,49,0,58,0,0,239,0,239,0,9,288,0,297,154,0,154,451
02/10/2006,OSU,OH,AGL,CE,Federal Contract Tower,0,14,48,0,62,0,0,123,0,123,0,14,171,0,185,104,0,104,289
02/11/2006,OSU,OH,AGL,CE,Federal Contract Tower,0,4,13,0,17,0,0,94,0,94,0,4,107,0,111,84,0,84,195
02/12/2006,OSU,OH,AGL,CE,Federal Contract Tower,0,2,27,0,29,0,0,71,0,71,0,2,98,0,100,8,0,8,108
02/13/2006,OSU,OH,AGL,CE,Federal Contract Tower,0,2,58,0,60,0,0,38,0,38,0,2,96,0,98,2,0,2,100
02/14/2006,OSU,OH,AGL,CE,Federal Contract Tower,0,9,0,0,9,9,190,0,0,199,9,199,0,0,208,52,0,52,260
02/15/2006,OSU,OH,AGL,CE,Federal Contract Tower,0,16,44,0,60,0,0,126,0,126,0,16,170,0,186,12,0,12,198
02/16/2006,OSU,OH,AGL,CE,Federal Contract Tower,0,10,43,0,53,0,0,46,0,46,0,10,89,0,99,38,0,38,137
02/17/2006,OSU,OH,AGL,CE,Federal Contract Tower,0,3,27,0,30,0,0,78,0,78,0,3,105,0,108,70,0,70,178
02/18/2006,OSU,OH,AGL,CE,Federal Contract Tower,0,7,5,0,12,0,0,43,0,43,0,7,48,0,55,0,0,0,55
02/19/2006,OSU,OH,AGL,CE,Federal Contract Tower,0,3,21,0,24,0,0,135,0,135,0,3,156,0,159,16,0,16,175
02/20/2006,OSU,OH,AGL,CE,Federal Contract Tower,0,8,41,0,49,0,0,202,0,202,0,8,243,0,251,174,0,174,425
02/21/2006,OSU,OH,AGL,CE,Federal Contract Tower,0,12,47,0,59,0,0,213,0,213,0,12,260,0,272,184,0,184,456
02/22/2006,OSU,OH,AGL,CE,Federal Contract Tower,0,11,46,0,57,0,0,229,0,229,0,11,275,0,286,176,18,194,480
02/23/2006,OSU,OH,AGL,CE,Federal Contract Tower,0,10,53,0,63,0,0,207,0,207,0,10,260,0,270,86,0,86,356
02/24/2006,OSU,OH,AGL,CE,Federal Contract Tower,0,14,55,0,69,0,0,203,0,203,0,14,258,0,272,92,0,92,364
02/25/2006,OSU,OH,AGL,CE,Federal Contract Tower,0,6,15,0,21,0,0,85,0,85,0,6,100,0,106,26,0,26,132
02/26/2006,OSU,OH,AGL,CE,Federal Contract Tower,0,6,24,0,30,0,0,122,0,122,0,6,146,0,152,18,0,18,170
02/27/2006,OSU,OH,AGL,CE,Federal Contract Tower,0,6,31,0,37,0,0,24,0,24,0,6,55,0,61,8,0,8,69
02/28/2006,OSU,OH,AGL,CE,Federal Contract Tower,0,8,53,0,61,0,0,215,1,216,0,8,268,1,277,236,0,236,513
03/01/2006,OSU,OH,AGL,CE,Federal Contract Tower,0,7,54,0,61,0,0,159,4,163,0,7,213,4,224,164,0,164,388
03/02/2006,OSU,OH,AGL,CE,Federal Contract Tower,0,9,29,2,40,0,0,24,0,24,0,9,53,2,64,46,0,46,110
03/03/2006,OSU,OH,AGL,CE,Federal Contract Tower,0,7,63,0,70,0,0,113,8,121,0,7,176,8,191,62,0,62,253
03/04/2006,OSU,OH,AGL,CE,Federal Contract Tower,0,6,17,0,23,0,0,206,0,206,0,6,223,0,229,188,0,188,417
03/05/2006,OSU,OH,AGL,CE,Federal Contract Tower,0,2,29,0,31,0,0,133,0,133,0,2,162,0,164,20,0,20,184
03/06/2006,OSU,OH,AGL,CE,Federal Contract Tower,0,7,35,0,42,0,0,9,0,9,0,7,44,0,51,0,0,0,51
03/07/2006,OSU,OH,AGL,CE,Federal Contract Tower,0,6,50,0,56,0,0,257,0,257,0,6,307,0,313,394,0,394,707
03/08/2006,OSU,OH,AGL,CE,Federal Contract Tower,0,8,59,0,67,0,0,23,1,24,0,8,82,1,91,18,0,18,109
03/09/2006,OSU,OH,AGL,CE,Federal Contract Tower,0,10,45,0,55,0,0,22,0,22,0,10,67,0,77,26,0,26,103
03/10/2006,OSU,OH,AGL,CE,Federal Contract Tower,0,10,69,0,79,0,0,41,0,41,0,10,110,0,120,0,0,0,120
03/11/2006,OSU,OH,AGL,CE,Federal Contract Tower,0,7,22,0,29,0,0,101,0,101,0,7,123,0,130,54,0,54,184
03/12/2006,OSU,OH,AGL,CE,Federal Contract Tower,0,1,31,0,32,0,0,39,0,39,0,1,70,0,71,0,0,0,71
03/13/2006,OSU,OH,AGL,CE,Federal Contract Tower,0,2,32,0,34,0,0,19,0,19,0,2,51,0,53,0,0,0,53
03/14/2006,OSU,OH,AGL,CE,Federal Contract Tower,0,7,59,0,66,0,0,11,0,11,0,7,70,0,77,0,0,0,77
03/15/2006,OSU,OH,AGL,CE,Federal Contract Tower,0,12,48,0,60,0,0,155,1,156,0,12,203,1,216,58,0,58,274
03/16/2006,OSU,OH,AGL,CE,Federal Contract Tower,0,11,54,0,65,0,0,200,0,200,0,11,254,0,265,246,0,246,511
03/17/2006,OSU,OH,AGL,CE,Federal Contract Tower,0,5,24,0,29,0,0,74,0,74,0,5,98,0,103,36,0,36,139
03/18/2006,OSU,OH,AGL,CE,Federal Contract Tower,0,4,19,0,23,0,0,178,0,178,0,4,197,0,201,60,14,74,275
03/19/2006,OSU,OH,AGL,CE,Federal Contract Tower,0,5,27,0,32,0,0,157,0,157,0,5,184,0,189,26,0,26,215
03/20/2006,OSU,OH,AGL,CE,Federal Contract Tower,0,5,29,0,34,0,0,113,0,113,0,5,142,0,147,106,0,106,253
03/21/2006,OSU,OH,AGL,CE,Federal Contract Tower,0,8,17,0,25,0,0,7,0,7,0,8,24,0,32,0,0,0,32
03/22/2006,OSU,OH,AGL,CE,Federal Contract Tower,0,11,38,0,49,0,0,106,1,107,0,11,144,1,156,62,0,62,218
03/23/2006,OSU,OH,AGL,CE,Federal Contract Tower,0,12,33,0,45,0,0,144,0,144,0,12,177,0,189,100,0,100,289
03/24/2006,OSU,OH,AGL,CE,Federal Contract Tower,0,10,50,2,62,0,0,54,1,55,0,10,104,3,117,4,0,4,121
03/25/2006,OSU,OH,AGL,CE,Federal Contract Tower,0,11,15,0,26,0,0,45,0,45,0,11,60,0,71,66,0,66,137
03/26/2006,OSU,OH,AGL,CE,Federal Contract Tower,0,3,29,0,32,0,0,159,0,159,0,3,188,0,191,36,0,36,227
03/27/2006,OSU,OH,AGL,CE,Federal Contract Tower,0,9,33,0,42,0,0,168,5,173,0,9,201,5,215,86,0,86,301
03/28/2006,OSU,OH,AGL,CE,Federal Contract Tower,0,8,44,0,52,0,0,9,0,9,0,8,53,0,61,42,0,42,103
03/29/2006,OSU,OH,AGL,CE,Federal Contract Tower,0,11,52,0,63,0,0,197,0,197,0,11,249,0,260,300,0,300,560
03/30/2006,OSU,OH,AGL,CE,Federal Contract Tower,0,6,56,0,62,0,0,290,0,290,0,6,346,0,352,244,0,244,596
03/31/2006,OSU,OH,AGL,CE,Federal Contract Tower,0,4,38,0,42,0,0,53,0,53,0,4,91,0,95,44,0,44,139
04/01/2006,OSU,OH,AGL,CE,Federal Contract Tower,0,5,53,0,58,0,0,149,0,149,0,5,202,0,207,118,0,118,325
04/02/2006,OSU,OH,AGL,CE,Federal Contract Tower,0,1,33,0,34,0,0,131,0,131,0,1,164,0,165,80,0,80,245
04/03/2006,OSU,OH,AGL,CE,Federal Contract Tower,0,4,23,0,27,0,0,23,0,23,0,4,46,0,50,18,0,18,68
04/04/2006,OSU,OH,AGL,CE,Federal Contract Tower,0,8,42,0,50,0,0,128,0,128,0,8,170,0,178,72,0,72,250
04/05/2006,OSU,OH,AGL,CE,Federal Contract Tower,0,8,35,0,43,0,0,150,2,152,0,8,185,2,195,54,0,54,249
04/06/2006,OSU,OH,AGL,CE,Federal Contract Tower,0,10,66,0,76,0,0,269,4,273,0,10,335,4,349,412,0,412,761
04/07/2006,OSU,OH,AGL,CE,Federal Contract Tower,0,5,33,0,38,0,0,31,0,31,0,5,64,0,69,0,0,0,69
04/08/2006,OSU,OH,AGL,CE,Federal Contract Tower,0,8,30,0,38,0,0,69,0,69,0,8,99,0,107,0,0,0,107
04/09/2006,OSU,OH,AGL,CE,Federal Contract Tower,0,13,33,0,46,0,0,162,0,162,0,13,195,0,208,86,0,86,294
04/10/2006,OSU,OH,AGL,CE,Federal Contract Tower,0,7,32,0,39,0,0,209,0,209,0,7,241,0,248,272,0,272,520
04/11/2006,OSU,OH,AGL,CE,Federal Contract Tower,0,6,68,0,74,0,0,249,3,252,0,6,317,3,326,318,0,318,644
04/12/2006,OSU,OH,AGL,CE,Federal Contract Tower,0,6,40,0,46,0,0,51,0,51,0,6,91,0,97,72,0,72,169
04/13/2006,OSU,OH,AGL,CE,Federal Contract Tower,0,6,45,0,51,0,0,260,0,260,0,6,305,0,311,284,0,284,595
04/14/2006,OSU,OH,AGL,CE,Federal Contract Tower,0,20,35,0,55,0,0,59,0,59,0,20,94,0,114,60,0,60,174
04/15/2006,OSU,OH,AGL,CE,Federal Contract Tower,0,9,34,0,43,0,0,106,0,106,0,9,140,0,149,242,0,242,391
04/16/2006,OSU,OH,AGL,CE,Federal Contract Tower,0,2,17,0,19,0,0,66,0,66,0,2,83,0,85,0,0,0,85
04/17/2006,OSU,OH,AGL,CE,Federal Contract Tower,0,13,40,0,53,0,0,124,0,124,0,13,164,0,177,80,0,80,257
04/18/2006,OSU,OH,AGL,CE,Federal Contract Tower,0,8,58,0,66,0,0,272,2,274,0,8,330,2,340,268,0,268,608
04/19/2006,OSU,OH,AGL,CE,Federal Contract Tower,0,10,41,0,51,0,0,218,0,218,0,10,259,0,269,292,0,292,561
04/20/2006,OSU,OH,AGL,CE,Federal Contract Tower,0,5,58,0,63,0,0,228,0,228,0,5,286,0,291,258,0,258,549
04/21/2006,OSU,OH,AGL,CE,Federal Contract Tower,0,12,50,0,62,0,0,87,0,87,0,12,137,0,149,182,0,182,331
04/22/2006,OSU,OH,AGL,CE,Federal Contract Tower,0,5,35,0,40,0,0,86,0,86,0,5,121,0,126,310,0,310,436
04/23/2006,OSU,OH,AGL,CE,Federal Contract Tower,0,3,32,0,35,0,0,100,0,100,0,3,132,0,135,0,0,0,135
04/24/2006,OSU,OH,AGL,CE,Federal Contract Tower,0,7,28,0,35,0,0,135,2,137,0,7,163,2,172,284,0,284,456
04/25/2006,OSU,OH,AGL,CE,Federal Contract Tower,0,9,63,0,72,0,0,72,2,74,0,9,135,2,146,40,0,40,186
04/26/2006,OSU,OH,AGL,CE,Federal Contract Tower,0,9,51,0,60,0,0,256,1,257,0,9,307,1,317,322,8,330,647
04/27/2006,OSU,OH,AGL,CE,Federal Contract Tower,0,12,48,0,60,0,0,240,0,240,0,12,288,0,300,298,0,298,598
04/28/2006,OSU,OH,AGL,CE,Federal Contract Tower,0,15,49,0,64,0,0,220,0,220,0,15,269,0,284,148,0,148,432
04/29/2006,OSU,OH,AGL,CE,Federal Contract Tower,0,7,29,2,38,0,0,235,0,235,0,7,264,2,273,123,0,123,396
04/30/2006,OSU,OH,AGL,CE,Federal Contract Tower,0,6,23,0,29,0,0,114,0,114,0,6,137,0,143,94,0,94,237
05/01/2006,OSU,OH,AGL,CE,Federal Contract Tower,0,4,40,0,44,0,0,124,0,124,0,4,164,0,168,334,0,334,502
05/02/2006,OSU,OH,AGL,CE,Federal Contract Tower,0,9,49,0,58,0,0,134,0,134,0,9,183,0,192,1276,2,1278,1470
05/03/2006,OSU,OH,AGL,CE,Federal Contract Tower,0,10,51,0,61,0,0,200,0,200,0,10,251,0,261,1832,0,1832,2093
05/04/2006,OSU,OH,AGL,CE,Federal Contract Tower,0,7,56,0,63,0,0,173,0,173,0,7,229,0,236,1430,0,1430,1666
05/05/2006,OSU,OH,AGL,CE,Federal Contract Tower,0,8,69,0,77,0,0,346,0,346,0,8,415,0,423,1116,0,1116,1539
05/06/2006,OSU,OH,AGL,CE,Federal Contract Tower,0,5,26,0,31,0,0,287,0,287,0,5,313,0,318,1078,0,1078,1396
05/07/2006,OSU,OH,AGL,CE,Federal Contract Tower,0,2,43,0,45,0,0,313,2,315,0,2,356,2,360,1520,0,1520,1880
05/08/2006,OSU,OH,AGL,CE,Federal Contract Tower,0,5,44,0,49,0,0,375,0,375,0,5,419,0,424,1690,0,1690,2114
05/09/2006,OSU,OH,AGL,CE,Federal Contract Tower,0,9,62,0,71,0,0,306,2,308,0,9,368,2,379,38,0,38,417
05/10/2006,OSU,OH,AGL,CE,Federal Contract Tower,0,14,81,0,95,0,0,108,0,108,0,14,189,0,203,600,0,600,803
05/11/2006,OSU,OH,AGL,CE,Federal Contract Tower,0,11,74,0,85,0,0,69,4,73,0,11,143,4,158,372,0,372,530
05/12/2006,OSU,OH,AGL,CE,Federal Contract Tower,0,5,66,0,71,0,0,41,0,41,0,5,107,0,112,0,0,0,112
05/13/2006,OSU,OH,AGL,CE,Federal Contract Tower,0,4,38,0,42,0,0,96,0,96,0,4,134,0,138,370,0,370,508
05/14/2006,OSU,OH,AGL,CE,Federal Contract Tower,0,3,60,0,63,0,0,48,0,48,0,3,108,0,111,0,0,0,111
05/15/2006,OSU,OH,AGL,CE,Federal Contract Tower,0,1,73,0,74,0,0,87,0,87,0,1,160,0,161,154,0,154,315
05/16/2006,OSU,OH,AGL,CE,Federal Contract Tower,0,9,67,0,76,0,0,36,2,38,0,9,103,2,114,44,0,44,158
05/17/2006,OSU,OH,AGL,CE,Federal Contract Tower,0,12,69,0,81,0,0,141,0,141,0,12,210,0,222,138,0,138,360
05/18/2006,OSU,OH,AGL,CE,Federal Contract Tower,0,18,60,0,78,0,0,84,0,84,0,18,144,0,162,70,0,70,232
05/19/2006,OSU,OH,AGL,CE,Federal Contract Tower,0,9,50,0,59,0,0,122,0,122,0,9,172,0,181,84,0,84,265
05/20/2006,OSU,OH,AGL,CE,Federal Contract Tower,0,9,30,0,39,0,0,157,0,157,0,9,187,0,196,50,0,50,246
05/21/2006,OSU,OH,AGL,CE,Federal Contract Tower,0,10,32,0,42,0,0,82,0,82,0,10,114,0,124,0,0,0,124
05/22/2006,OSU,OH,AGL,CE,Federal Contract Tower,0,11,45,0,56,0,0,157,1,158,0,11,202,1,214,178,0,178,392
05/23/2006,OSU,OH,AGL,CE,Federal Contract Tower,0,16,65,0,81,0,0,218,0,218,0,16,283,0,299,145,0,145,444
05/24/2006,OSU,OH,AGL,CE,Federal Contract Tower,0,18,84,0,102,0,0,206,0,206,0,18,290,0,308,224,0,224,532
05/25/2006,OSU,OH,AGL,CE,Federal Contract Tower,0,11,76,0,87,0,0,93,0,93,0,11,169,0,180,152,0,152,332
05/26/2006,OSU,OH,AGL,CE,Federal Contract Tower,0,9,34,0,43,0,0,40,0,40,0,9,74,0,83,2,0,2,85
05/27/2006,OSU,OH,AGL,CE,Federal Contract Tower,0,9,34,0,43,0,0,146,0,146,0,9,180,0,189,28,0,28,217
05/28/2006,OSU,OH,AGL,CE,Federal Contract Tower,0,11,43,0,54,0,0,124,0,124,0,11,167,0,178,46,0,46,224
05/29/2006,OSU,OH,AGL,CE,Federal Contract Tower,0,31,23,1,55,0,0,144,9,153,0,31,167,10,208,74,0,74,282
05/30/2006,OSU,OH,AGL,CE,Federal Contract Tower,0,28,68,0,96,0,0,141,0,141,0,28,209,0,237,122,0,122,359
05/31/2006,OSU,OH,AGL,CE,Federal Contract Tower,0,30,90,0,120,0,0,137,0,137,0,30,227,0,257,98,0,98,355
06/01/2006,OSU,OH,AGL,CE,Federal Contract Tower,0,19,55,0,74,0,0,143,2,145,0,19,198,2,219,208,0,208,427
06/02/2006,OSU,OH,AGL,CE,Federal Contract Tower,0,18,81,0,99,0,0,11,0,11,0,18,92,0,110,0,0,0,110
06/03/2006,OSU,OH,AGL,CE,Federal Contract Tower,0,18,38,0,56,0,0,177,0,177,0,18,215,0,233,42,0,42,275
06/04/2006,OSU,OH,AGL,CE,Federal Contract Tower,0,34,60,0,94,0,0,125,0,125,0,34,185,0,219,0,0,0,219
06/05/2006,OSU,OH,AGL,CE,Federal Contract Tower,0,59,78,0,137,0,0,175,4,179,0,59,253,4,316,174,0,174,490
06/06/2006,OSU,OH,AGL,CE,Federal Contract Tower,0,12,69,0,81,0,0,214,0,214,0,12,283,0,295,204,0,204,499
06/07/2006,OSU,OH,AGL,CE,Federal Contract Tower,0,13,48,0,61,0,0,75,0,75,0,13,123,0,136,158,0,158,294
06/08/2006,OSU,OH,AGL,CE,Federal Contract Tower,0,10,71,0,81,0,0,164,0,164,0,10,235,0,245,194,0,194,439
06/09/2006,OSU,OH,AGL,CE,Federal Contract Tower,0,11,56,0,67,0,0,108,0,108,0,11,164,0,175,58,0,58,233
06/10/2006,OSU,OH,AGL,CE,Federal Contract Tower,0,6,32,0,38,0,0,94,0,94,0,6,126,0,132,40,0,40,172
06/11/2006,OSU,OH,AGL,CE,Federal Contract Tower,0,12,16,0,28,0,0,82,0,82,0,12,98,0,110,10,0,10,120
06/12/2006,OSU,OH,AGL,CE,Federal Contract Tower,0,9,39,0,48,0,0,129,4,133,0,9,168,4,181,28,0,28,209
06/13/2006,OSU,OH,AGL,CE,Federal Contract Tower,0,12,43,0,55,0,0,200,0,200,0,12,243,0,255,168,0,168,423
06/14/2006,OSU,OH,AGL,CE,Federal Contract Tower,0,23,62,0,85,0,0,182,0,182,0,23,244,0,267,54,0,54,321
06/15/2006,OSU,OH,AGL,CE,Federal Contract Tower,0,13,63,0,76,0,0,211,0,211,0,13,274,0,287,164,0,164,451
06/16/2006,OSU,OH,AGL,CE,Federal Contract Tower,0,16,53,2,71,0,0,167,0,167,0,16,220,2,238,110,0,110,348
06/17/2006,OSU,OH,AGL,CE,Federal Contract Tower,0,10,38,0,48,0,0,112,0,112,0,10,150,0,160,22,0,22,182
06/18/2006,OSU,OH,AGL,CE,Federal Contract Tower,0,5,26,0,31,0,0,92,0,92,0,5,118,0,123,14,0,14,137
06/19/2006,OSU,OH,AGL,CE,Federal Contract Tower,0,7,54,0,61,0,0,59,0,59,0,7,113,0,120,38,0,38,158
06/20/2006,OSU,OH,AGL,CE,Federal Contract Tower,0,15,54,0,69,0,0,203,0,203,0,15,257,0,272,220,0,220,492
06/21/2006,OSU,OH,AGL,CE,Federal Contract Tower,0,16,53,0,69,0,0,63,0,63,0,16,116,0,132,26,0,26,158
06/22/2006,OSU,OH,AGL,CE,Federal Contract Tower,0,19,62,0,81,0,0,109,0,109,0,19,171,0,190,148,0,148,338
06/23/2006,OSU,OH,AGL,CE,Federal Contract Tower,0,12,56,0,68,0,0,19,0,19,0,12,75,0,87,46,0,46,133
06/24/2006,OSU,OH,AGL,CE,Federal Contract Tower,0,12,45,0,57,0,0,183,22,205,0,12,228,22,262,20,0,20,282
06/25/2006,OSU,OH,AGL,CE,Federal Contract Tower,0,5,14,0,19,0,0,160,0,160,0,5,174,0,179,12,0,12,191
06/26/2006,OSU,OH,AGL,CE,Federal Contract Tower,0,5,53,0,58,0,0,87,0,87,0,5,140,0,145,124,0,124,269
06/27/2006,OSU,OH,AGL,CE,Federal Contract Tower,0,15,61,0,76,0,0,84,4,88,0,15,145,4,164,52,6,58,222
06/28/2006,OSU,OH,AGL,CE,Federal Contract Tower,0,14,61,0,75,0,0,87,0,87,0,14,148,0,162,114,0,114,276
06/29/2006,OSU,OH,AGL,CE,Federal Contract Tower,0,18,76,0,94,0,0,209,0,209,0,18,285,0,303,154,0,154,457
06/30/2006,OSU,OH,AGL,CE,Federal Contract Tower,0,14,44,0,58,0,0,152,0,152,0,14,196,0,210,64,0,64,274
07/01/2006,OSU,OH,AGL,CE,Federal Contract Tower,0,6,27,0,33,0,0,137,1,138,0,6,164,1,171,22,0,22,193
07/02/2006,OSU,OH,AGL,CE,Federal Contract Tower,0,5,24,0,29,0,0,112,0,112,0,5,136,0,141,0,0,0,141
07/03/2006,OSU,OH,AGL,CE,Federal Contract Tower,0,0,23,0,23,0,0,68,0,68,0,0,91,0,91,48,0,48,139
07/04/2006,OSU,OH,AGL,CE,Federal Contract Tower,0,4,10,0,14,0,0,21,0,21,0,4,31,0,35,0,0,0,35
07/05/2006,OSU,OH,AGL,CE,Federal Contract Tower,0,9,40,0,49,0,0,164,2,166,0,9,204,2,215,80,0,80,295
07/06/2006,OSU,OH,AGL,CE,Federal Contract Tower,0,21,68,0,89,0,0,231,2,233,0,21,299,2,322,126,0,126,448
07/07/2006,OSU,OH,AGL,CE,Federal Contract Tower,0,12,38,0,50,0,0,226,0,226,0,12,264,0,276,120,0,120,396
07/08/2006,OSU,OH,AGL,CE,Federal Contract Tower,0,11,37,0,48,0,0,162,8,170,0,11,199,8,218,66,0,66,284
07/09/2006,OSU,OH,AGL,CE,Federal Contract Tower,0,4,41,0,45,0,0,107,0,107,0,4,148,0,152,48,0,48,200
07/10/2006,OSU,OH,AGL,CE,Federal Contract Tower,0,20,45,0,65,0,0,164,2,166,0,20,209,2,231,116,0,116,347
07/11/2006,OSU,OH,AGL,CE,Federal Contract Tower,0,12,61,0,73,0,0,121,2,123,0,12,182,2,196,118,0,118,314
07/12/2006,OSU,OH,AGL,CE,Federal Contract Tower,0,9,46,0,55,0,0,34,0,34,0,9,80,0,89,20,0,20,109
07/13/2006,OSU,OH,AGL,CE,Federal Contract Tower,0,16,55,0,71,0,0,59,0,59,0,16,114,0,130,38,0,38,168
07/14/2006,OSU,OH,AGL,CE,Federal Contract Tower,0,13,58,0,71,0,0,49,0,49,0,13,107,0,120,66,0,66,186
07/15/2006,OSU,OH,AGL,CE,Federal Contract Tower,0,4,27,0,31,0,0,172,7,179,0,4,199,7,210,37,0,37,247
07/16/2006,OSU,OH,AGL,CE,Federal Contract Tower,0,5,24,0,29,0,0,134,0,134,0,5,158,0,163,8,0,8,171
07/17/2006,OSU,OH,AGL,CE,Federal Contract Tower,0,6,60,0,66,0,0,143,0,143,0,6,203,0,209,106,0,106,315
07/18/2006,OSU,OH,AGL,CE,Federal Contract Tower,0,17,57,0,74,0,0,106,0,106,0,17,163,0,180,106,0,106,286
07/19/2006,OSU,OH,AGL,CE,Federal Contract Tower,0,20,103,0,123,0,0,189,2,191,0,20,292,2,314,48,0,48,362
07/20/2006,OSU,OH,AGL,CE,Federal Contract Tower,0,11,42,0,53,0,0,43,0,43,0,11,85,0,96,20,0,20,116
07/21/2006,OSU,OH,AGL,CE,Federal Contract Tower,0,27,50,0,77,0,0,140,2,142,0,27,190,2,219,94,0,94,313
07/22/2006,OSU,OH,AGL,CE,Federal Contract Tower,0,7,37,0,44,0,0,69,0,69,0,7,106,0,113,8,0,8,121
07/23/2006,OSU,OH,AGL,CE,Federal Contract Tower,0,5,23,0,28,0,0,149,0,149,0,5,172,0,177,12,0,12,189
07/24/2006,OSU,OH,AGL,CE,Federal Contract Tower,0,7,59,0,66,0,0,145,0,145,0,7,204,0,211,34,0,34,245
07/25/2006,OSU,OH,AGL,CE,Federal Contract Tower,0,8,60,0,68,0,0,140,0,140,0,8,200,0,208,124,0,124,332
07/26/2006,OSU,OH,AGL,CE,Federal Contract Tower,0,6,54,0,60,0,0,144,4,148,0,6,198,4,208,52,0,52,260
07/27/2006,OSU,OH,AGL,CE,Federal Contract Tower,0,8,57,0,65,0,0,15,0,15,0,8,72,0,80,26,0,26,106
07/28/2006,OSU,OH,AGL,CE,Federal Contract Tower,0,4,35,0,39,0,0,82,0,82,0,4,117,0,121,20,0,20,141
07/29/2006,OSU,OH,AGL,CE,Federal Contract Tower,0,8,36,0,44,0,0,81,0,81,0,8,117,0,125,28,0,28,153
07/30/2006,OSU,OH,AGL,CE,Federal Contract Tower,0,8,32,0,40,0,0,105,0,105,0,8,137,0,145,22,0,22,167
07/31/2006,OSU,OH,AGL,CE,Federal Contract Tower,0,2,60,0,62,0,0,78,0,78,0,2,138,0,140,74,0,74,214
08/01/2006,OSU,OH,AGL,CE,Federal Contract Tower,0,17,57,0,74,0,0,121,2,123,0,17,178,2,197,120,0,120,317
08/02/2006,OSU,OH,AGL,CE,Federal Contract Tower,0,12,65,0,77,0,0,136,0,136,0,12,201,0,213,70,0,70,283
08/03/2006,OSU,OH,AGL,CE,Federal Contract Tower,0,5,47,0,52,0,0,75,0,75,0,5,122,0,127,42,0,42,169
08/04/2006,OSU,OH,AGL,CE,Federal Contract Tower,0,14,57,0,71,0,0,132,0,132,0,14,189,0,203,60,0,60,263
08/05/2006,OSU,OH,AGL,CE,Federal Contract Tower,0,7,31,6,44,0,0,148,2,150,0,7,179,8,194,16,0,16,210
08/06/2006,OSU,OH,AGL,CE,Federal Contract Tower,0,7,28,0,35,0,0,105,0,105,0,7,133,0,140,6,0,6,146
08/07/2006,OSU,OH,AGL,CE,Federal Contract Tower,0,11,54,0,65,0,0,63,0,63,0,11,117,0,128,62,0,62,190
08/08/2006,OSU,OH,AGL,CE,Federal Contract Tower,0,7,50,0,57,0,0,158,2,160,0,7,208,2,217,132,0,132,349
08/09/2006,OSU,OH,AGL,CE,Federal Contract Tower,0,7,60,0,67,0,0,185,0,185,0,7,245,0,252,86,0,86,338
08/10/2006,OSU,OH,AGL,CE,Federal Contract Tower,0,8,63,0,71,0,0,67,0,67,0,8,130,0,138,0,0,0,138
08/11/2006,OSU,OH,AGL,CE,Federal Contract Tower,0,19,35,0,54,0,0,140,0,140,0,19,175,0,194,30,0,30,224
08/12/2006,OSU,OH,AGL,CE,Federal Contract Tower,0,6,18,0,24,0,0,206,2,208,0,6,224,2,232,72,0,72,304
08/13/2006,OSU,OH,AGL,CE,Federal Contract Tower,0,3,36,0,39,0,0,147,0,147,0,3,183,0,186,12,0,12,198
08/14/2006,OSU,OH,AGL,CE,Federal Contract Tower,0,5,42,0,47,0,0,64,0,64,0,5,106,0,111,20,0,20,131
08/15/2006,OSU,OH,AGL,CE,Federal Contract Tower,0,12,36,0,48,0,0,169,0,169,0,12,205,0,217,114,0,114,331
08/16/2006,OSU,OH,AGL,CE,Federal Contract Tower,0,4,40,0,44,0,0,195,0,195,0,4,235,0,239,96,0,96,335
08/17/2006,OSU,OH,AGL,CE,Federal Contract Tower,0,8,63,2,73,0,0,199,7,206,0,8,262,9,279,150,0,150,429
08/18/2006,OSU,OH,AGL,CE,Federal Contract Tower,0,6,49,0,55,0,0,86,0,86,0,6,135,0,141,44,0,44,185
08/19/2006,OSU,OH,AGL,CE,Federal Contract Tower,0,7,29,0,36,0,0,34,0,34,0,7,63,0,70,16,0,16,86
08/20/2006,OSU,OH,AGL,CE,Federal Contract Tower,0,6,33,0,39,0,0,100,2,102,0,6,133,2,141,54,0,54,195
08/21/2006,OSU,OH,AGL,CE,Federal Contract Tower,0,7,59,0,66,0,0,166,0,166,0,7,225,0,232,98,0,98,330
08/22/2006,OSU,OH,AGL,CE,Federal Contract Tower,0,8,55,0,63,0,0,268,0,268,0,8,323,0,331,252,2,254,585
08/23/2006,OSU,OH,AGL,CE,Federal Contract Tower,0,7,64,0,71,0,0,194,0,194,0,7,258,0,265,28,0,28,293
08/24/2006,OSU,OH,AGL,CE,Federal Contract Tower,0,9,71,0,80,0,0,128,0,128,0,9,199,0,208,20,0,20,228
08/25/2006,OSU,OH,AGL,CE,Federal Contract Tower,0,14,30,0,44,0,0,102,0,102,0,14,132,0,146,12,0,12,158
08/26/2006,OSU,OH,AGL,CE,Federal Contract Tower,0,8,24,0,32,0,0,191,0,191,0,8,215,0,223,72,0,72,295
08/27/2006,OSU,OH,AGL,CE,Federal Contract Tower,0,7,30,0,37,0,0,43,0,43,0,7,73,0,80,16,0,16,96
08/28/2006,OSU,OH,AGL,CE,Federal Contract Tower,0,3,39,0,42,0,0,0,0,0,0,3,39,0,42,0,0,0,42
08/29/2006,OSU,OH,AGL,CE,Federal Contract Tower,0,4,62,0,66,0,0,98,0,98,0,4,160,0,164,96,0,96,260
08/30/2006,OSU,OH,AGL,CE,Federal Contract Tower,0,17,96,0,113,0,0,70,0,70,0,17,166,0,183,108,0,108,291
08/31/2006,OSU,OH,AGL,CE,Federal Contract Tower,0,15,73,0,88,0,0,44,0,44,0,15,117,0,132,12,0,12,144
09/01/2006,OSU,OH,AGL,CE,Federal Contract Tower,0,16,51,0,67,0,0,56,0,56,0,16,107,0,123,54,0,54,177
09/02/2006,OSU,OH,AGL,CE,Federal Contract Tower,0,16,30,0,46,0,0,25,0,25,0,16,55,0,71,42,0,42,113
09/03/2006,OSU,OH,AGL,CE,Federal Contract Tower,0,2,35,0,37,0,0,85,0,85,0,2,120,0,122,12,0,12,134
09/04/2006,OSU,OH,AGL,CE,Federal Contract Tower,0,3,23,0,26,0,0,111,0,111,0,3,134,0,137,2,0,2,139
09/05/2006,OSU,OH,AGL,CE,Federal Contract Tower,0,6,78,0,84,0,0,110,0,110,0,6,188,0,194,116,0,116,310
09/06/2006,OSU,OH,AGL,CE,Federal Contract Tower,0,17,75,0,92,0,0,166,0,166,0,17,241,0,258,100,0,100,358
09/07/2006,OSU,OH,AGL,CE,Federal Contract Tower,0,11,62,0,73,0,0,181,6,187,0,11,243,6,260,68,0,68,328
09/08/2006,OSU,OH,AGL,CE,Federal Contract Tower,0,7,50,0,57,0,0,125,7,132,0,7,175,7,189,92,0,92,281
09/09/2006,OSU,OH,AGL,CE,Federal Contract Tower,0,7,23,2,32,0,0,140,22,162,0,7,163,24,194,64,0,64,258
09/10/2006,OSU,OH,AGL,CE,Federal Contract Tower,0,9,35,0,44,0,0,116,0,116,0,9,151,0,160,40,0,40,200
09/11/2006,OSU,OH,AGL,CE,Federal Contract Tower,0,9,62,0,71,0,0,105,0,105,0,9,167,0,176,82,0,82,258
09/12/2006,OSU,OH,AGL,CE,Federal Contract Tower,0,11,43,0,54,0,0,0,0,0,0,11,43,0,54,0,0,0,54
09/13/2006,OSU,OH,AGL,CE,Federal Contract Tower,0,8,39,0,47,0,0,30,0,30,0,8,69,0,77,0,0,0,77
09/14/2006,OSU,OH,AGL,CE,Federal Contract Tower,0,14,52,0,66,0,0,72,0,72,0,14,124,0,138,54,0,54,192
09/15/2006,OSU,OH,AGL,CE,Federal Contract Tower,0,6,63,0,69,0,0,103,0,103,0,6,166,0,172,134,0,134,306
09/16/2006,OSU,OH,AGL,CE,Federal Contract Tower,0,9,41,0,50,0,0,82,0,82,0,9,123,0,132,20,0,20,152
09/17/2006,OSU,OH,AGL,CE,Federal Contract Tower,0,8,42,0,50,0,0,149,0,149,0,8,191,0,199,108,0,108,307
09/18/2006,OSU,OH,AGL,CE,Federal Contract Tower,0,13,38,0,51,0,0,74,0,74,0,13,112,0,125,58,0,58,183
09/19/2006,OSU,OH,AGL,CE,Federal Contract Tower,0,7,64,0,71,0,0,141,2,143,0,7,205,2,214,156,0,156,370
09/20/2006,OSU,OH,AGL,CE,Federal Contract Tower,0,13,64,0,77,0,0,128,0,128,0,13,192,0,205,128,0,128,333
09/21/2006,OSU,OH,AGL,CE,Federal Contract Tower,0,10,75,0,85,0,0,209,0,209,0,10,284,0,294,100,0,100,394
09/22/2006,OSU,OH,AGL,CE,Federal Contract Tower,0,16,73,2,91,0,0,58,2,60,0,16,131,4,151,62,0,62,213
09/23/2006,OSU,OH,AGL,CE,Federal Contract Tower,0,15,45,0,60,0,0,11,0,11,0,15,56,0,71,0,0,0,71
09/24/2006,OSU,OH,AGL,CE,Federal Contract Tower,0,12,28,0,40,0,0,78,0,78,0,12,106,0,118,44,0,44,162
09/25/2006,OSU,OH,AGL,CE,Federal Contract Tower,0,3,47,0,50,0,0,186,6,192,0,3,233,6,242,182,0,182,424
09/26/2006,OSU,OH,AGL,CE,Federal Contract Tower,0,10,53,0,63,0,0,227,0,227,0,10,280,0,290,214,0,214,504
09/27/2006,OSU,OH,AGL,CE,Federal Contract Tower,0,7,50,3,60,0,0,148,1,149,0,7,198,4,209,68,0,68,277
09/28/2006,OSU,OH,AGL,CE,Federal Contract Tower,0,10,42,2,54,0,0,33,9,42,0,10,75,11,96,0,0,0,96
09/29/2006,OSU,OH,AGL,CE,Federal Contract Tower,0,25,50,0,75,0,0,193,0,193,0,25,243,0,268,208,0,208,476
09/30/2006,OSU,OH,AGL,CE,Federal Contract Tower,0,10,34,0,44,0,0,57,4,61,0,10,91,4,105,130,0,130,235
10/01/2006,OSU,OH,AGL,CE,Federal Contract Tower,0,9,29,0,38,0,0,182,0,182,0,9,211,0,220,194,0,194,414
10/02/2006,OSU,OH,AGL,CE,Federal Contract Tower,0,6,31,0,37,0,0,219,2,221,0,6,250,2,258,224,0,224,482
10/03/2006,OSU,OH,AGL,CE,Federal Contract Tower,0,5,41,0,46,0,0,204,0,204,0,5,245,0,250,280,0,280,530
10/04/2006,OSU,OH,AGL,CE,Federal Contract Tower,0,8,52,0,60,0,0,66,0,66,0,8,118,0,126,148,0,148,274
10/05/2006,OSU,OH,AGL,CE,Federal Contract Tower,0,9,50,0,59,0,0,101,0,101,0,9,151,0,160,198,0,198,358
10/06/2006,OSU,OH,AGL,CE,Federal Contract Tower,0,12,60,0,72,0,0,136,0,136,0,12,196,0,208,94,0,94,302
10/07/2006,OSU,OH,AGL,CE,Federal Contract Tower,0,7,28,0,35,0,0,136,4,140,0,7,164,4,175,134,0,134,309
10/08/2006,OSU,OH,AGL,CE,Federal Contract Tower,0,5,40,0,45,0,0,218,0,218,0,5,258,0,263,624,0,624,887
10/09/2006,OSU,OH,AGL,CE,Federal Contract Tower,0,6,41,0,47,0,0,215,0,215,0,6,256,0,262,836,0,836,1098
10/10/2006,OSU,OH,AGL,CE,Federal Contract Tower,0,9,61,0,70,0,0,146,0,146,0,9,207,0,216,946,0,946,1162
10/11/2006,OSU,OH,AGL,CE,Federal Contract Tower,0,13,37,0,50,0,0,14,0,14,0,13,51,0,64,140,0,140,204
10/12/2006,OSU,OH,AGL,CE,Federal Contract Tower,0,7,41,0,48,0,0,92,0,92,0,7,133,0,140,24,0,24,164
10/13/2006,OSU,OH,AGL,CE,Federal Contract Tower,0,10,38,0,48,0,0,112,0,112,0,10,150,0,160,162,0,162,322
10/14/2006,OSU,OH,AGL,CE,Federal Contract Tower,0,8,33,0,41,0,0,214,0,214,0,8,247,0,255,168,0,168,423
10/15/2006,OSU,OH,AGL,CE,Federal Contract Tower,0,6,40,0,46,0,0,172,2,174,0,6,212,2,220,0,0,0,220
10/16/2006,OSU,OH,AGL,CE,Federal Contract Tower,0,5,53,0,58,0,0,156,0,156,0,5,209,0,214,122,0,122,336
10/17/2006,OSU,OH,AGL,CE,Federal Contract Tower,0,10,46,0,56,0,0,3,0,3,0,10,49,0,59,0,0,0,59
10/18/2006,OSU,OH,AGL,CE,Federal Contract Tower,0,27,73,0,100,0,0,77,0,77,0,27,150,0,177,166,0,166,343
10/19/2006,OSU,OH,AGL,CE,Federal Contract Tower,0,7,60,0,67,0,0,1,0,1,0,7,61,0,68,0,0,0,68
10/20/2006,OSU,OH,AGL,CE,Federal Contract Tower,0,14,53,0,67,0,0,74,2,76,0,14,127,2,143,78,0,78,221
10/21/2006,OSU,OH,AGL,CE,Federal Contract Tower,0,10,31,0,41,0,0,127,0,127,0,10,158,0,168,32,0,32,200
10/22/2006,OSU,OH,AGL,CE,Federal Contract Tower,0,14,38,0,52,0,0,37,1,38,0,14,75,1,90,0,0,0,90
10/23/2006,OSU,OH,AGL,CE,Federal Contract Tower,0,4,41,2,47,0,0,62,1,63,0,4,103,3,110,82,0,82,192
10/24/2006,OSU,OH,AGL,CE,Federal Contract Tower,0,12,45,0,57,0,0,123,5,128,0,12,168,5,185,290,0,290,475
10/25/2006,OSU,OH,AGL,CE,Federal Contract Tower,0,9,61,0,70,0,0,259,0,259,0,9,320,0,329,104,0,104,433
10/26/2006,OSU,OH,AGL,CE,Federal Contract Tower,0,11,55,0,66,0,0,140,0,140,0,11,195,0,206,54,0,54,260
10/27/2006,OSU,OH,AGL,CE,Federal Contract Tower,0,11,39,0,50,0,0,0,0,0,0,11,39,0,50,0,0,0,50
10/28/2006,OSU,OH,AGL,CE,Federal Contract Tower,0,14,35,0,49,0,0,20,0,20,0,14,55,0,69,0,0,0,69
10/29/2006,OSU,OH,AGL,CE,Federal Contract Tower,0,7,31,0,38,0,0,101,0,101,0,7,132,0,139,22,0,22,161
10/30/2006,OSU,OH,AGL,CE,Federal Contract Tower,0,3,44,0,47,0,0,250,0,250,0,3,294,0,297,148,0,148,445
10/31/2006,OSU,OH,AGL,CE,Federal Contract Tower,0,2,55,0,57,0,0,56,0,56,0,2,111,0,113,16,0,16,129
11/01/2006,OSU,OH,AGL,CE,Federal Contract Tower,0,7,46,0,53,0,0,160,0,160,0,7,206,0,213,154,0,154,367
11/02/2006,OSU,OH,AGL,CE,Federal Contract Tower,0,10,48,0,58,0,0,149,0,149,0,10,197,0,207,84,0,84,291
11/03/2006,OSU,OH,AGL,CE,Federal Contract Tower,0,8,58,0,66,0,0,202,4,206,0,8,260,4,272,148,4,152,424
11/04/2006,OSU,OH,AGL,CE,Federal Contract Tower,0,8,40,0,48,0,0,147,5,152,0,8,187,5,200,8,0,8,208
11/05/2006,OSU,OH,AGL,CE,Federal Contract Tower,0,9,22,0,31,0,0,135,6,141,0,9,157,6,172,14,0,14,186
11/06/2006,OSU,OH,AGL,CE,Federal Contract Tower,0,0,45,0,45,0,0,132,0,132,0,0,177,0,177,140,0,140,317
11/07/2006,OSU,OH,AGL,CE,Federal Contract Tower,0,2,70,0,72,0,0,27,0,27,0,2,97,0,99,0,0,0,99
11/08/2006,OSU,OH,AGL,CE,Federal Contract Tower,0,10,61,0,71,0,0,48,0,48,0,10,109,0,119,22,0,22,141
11/09/2006,OSU,OH,AGL,CE,Federal Contract Tower,0,23,50,0,73,0,0,156,0,156,0,23,206,0,229,116,0,116,345
11/10/2006,OSU,OH,AGL,CE,Federal Contract Tower,0,10,33,0,43,0,0,78,0,78,0,10,111,0,121,68,0,68,189
11/11/2006,OSU,OH,AGL,CE,Federal Contract Tower,0,9,22,0,31,0,0,3,0,3,0,9,25,0,34,0,0,0,34
11/12/2006,OSU,OH,AGL,CE,Federal Contract Tower,0,1,25,0,26,0,0,50,0,50,0,1,75,0,76,8,0,8,84
11/13/2006,OSU,OH,AGL,CE,Federal Contract Tower,0,6,42,0,48,0,0,36,0,36,0,6,78,0,84,66,0,66,150
11/14/2006,OSU,OH,AGL,CE,Federal Contract Tower,0,9,53,0,62,0,0,34,0,34,0,9,87,0,96,48,0,48,144
11/15/2006,OSU,OH,AGL,CE,Federal Contract Tower,0,13,23,0,36,0,0,60,2,62,0,13,83,2,98,39,0,39,137
11/16/2006,OSU,OH,AGL,CE,Federal Contract Tower,0,8,58,0,66,0,0,23,0,23,0,8,81,0,89,12,0,12,101
11/17/2006,OSU,OH,AGL,CE,Federal Contract Tower,0,14,83,0,97,0,0,108,0,108,0,14,191,0,205,76,0,76,281
11/18/2006,OSU,OH,AGL,CE,Federal Contract Tower,0,71,129,0,200,0,0,133,2,135,0,71,262,2,335,8,0,8,343
11/19/2006,OSU,OH,AGL,CE,Federal Contract Tower,0,10,37,0,47,0,0,56,0,56,0,10,93,0,103,46,0,46,149
11/20/2006,OSU,OH,AGL,CE,Federal Contract Tower,0,7,56,0,63,0,0,131,4,135,0,7,187,4,198,144,0,144,342
11/21/2006,OSU,OH,AGL,CE,Federal Contract Tower,0,12,90,0,102,0,0,229,0,229,0,12,319,0,331,304,0,304,635
11/22/2006,OSU,OH,AGL,CE,Federal Contract Tower,0,9,50,0,59,0,0,203,4,207,0,9,253,4,266,94,0,94,360
11/23/2006,OSU,OH,AGL,CE,Federal Contract Tower,0,8,21,0,29,0,0,67,0,67,0,8,88,0,96,6,0,6,102
11/24/2006,OSU,OH,AGL,CE,Federal Contract Tower,0,9,15,0,24,0,0,111,0,111,0,9,126,0,135,46,0,46,181
11/25/2006,OSU,OH,AGL,CE,Federal Contract Tower,0,4,30,0,34,0,0,161,0,161,0,4,191,0,195,0,0,0,195
11/26/2006,OSU,OH,AGL,CE,Federal Contract Tower,0,6,31,0,37,0,0,161,0,161,0,6,192,0,198,24,0,24,222
11/27/2006,OSU,OH,AGL,CE,Federal Contract Tower,0,3,34,0,37,0,0,123,0,123,0,3,157,0,160,72,0,72,232
11/28/2006,OSU,OH,AGL,CE,Federal Contract Tower,0,13,47,0,60,0,0,152,0,152,0,13,199,0,212,180,0,180,392
11/29/2006,OSU,OH,AGL,CE,Federal Contract Tower,0,14,68,0,82,0,0,103,0,103,0,14,171,0,185,36,0,36,221
11/30/2006,OSU,OH,AGL,CE,Federal Contract Tower,0,10,35,0,45,0,0,23,0,23,0,10,58,0,68,4,0,4,72
12/01/2006,OSU,OH,AGL,CE,Federal Contract Tower,0,5,6,0,11,0,0,4,0,4,0,5,10,0,15,0,0,0,15
12/02/2006,OSU,OH,AGL,CE,Federal Contract Tower,0,4,21,0,25,0,0,102,0,102,0,4,123,0,127,4,0,4,131
12/03/2006,OSU,OH,AGL,CE,Federal Contract Tower,0,1,33,0,34,0,0,114,0,114,0,1,147,0,148,46,0,46,194
12/04/2006,OSU,OH,AGL,CE,Federal Contract Tower,0,8,25,0,33,0,0,90,2,92,0,8,115,2,125,68,0,68,193
12/05/2006,OSU,OH,AGL,CE,Federal Contract Tower,0,11,52,0,63,0,0,182,1,183,0,11,234,1,246,134,0,134,380
12/06/2006,OSU,OH,AGL,CE,Federal Contract Tower,0,12,36,0,48,0,0,96,0,96,0,12,132,0,144,30,0,30,174
12/07/2006,OSU,OH,AGL,CE,Federal Contract Tower,0,5,62,0,67,0,0,29,0,29,0,5,91,0,96,0,0,0,96
12/08/2006,OSU,OH,AGL,CE,Federal Contract Tower,0,7,50,0,57,0,0,111,2,113,0,7,161,2,170,110,0,110,280
12/09/2006,OSU,OH,AGL,CE,Federal Contract Tower,0,0,21,0,21,0,0,122,2,124,0,0,143,2,145,10,0,10,155
12/10/2006,OSU,OH,AGL,CE,Federal Contract Tower,0,0,21,0,21,0,0,177,0,177,0,0,198,0,198,86,0,86,284
12/11/2006,OSU,OH,AGL,CE,Federal Contract Tower,0,11,38,0,49,0,0,207,0,207,0,11,245,0,256,94,0,94,350
12/12/2006,OSU,OH,AGL,CE,Federal Contract Tower,0,17,46,0,63,0,0,115,0,115,0,17,161,0,178,62,0,62,240
12/13/2006,OSU,OH,AGL,CE,Federal Contract Tower,0,15,43,0,58,0,0,103,0,103,0,15,146,0,161,18,0,18,179
12/14/2006,OSU,OH,AGL,CE,Federal Contract Tower,0,9,46,0,55,0,0,92,0,92,0,9,138,0,147,88,0,88,235
12/15/2006,OSU,OH,AGL,CE,Federal Contract Tower,0,17,42,0,59,0,0,110,0,110,0,17,152,0,169,36,0,36,205
12/16/2006,OSU,OH,AGL,CE,Federal Contract Tower,0,10,17,0,27,0,0,139,0,139,0,10,156,0,166,60,0,60,226
12/17/2006,OSU,OH,AGL,CE,Federal Contract Tower,0,13,21,0,34,0,0,113,0,113,0,13,134,0,147,36,0,36,183
12/18/2006,OSU,OH,AGL,CE,Federal Contract Tower,0,10,41,0,51,0,0,85,0,85,0,10,126,0,136,94,0,94,230
12/19/2006,OSU,OH,AGL,CE,Federal Contract Tower,0,10,49,0,59,0,0,153,2,155,0,10,202,2,214,88,0,88,302
12/20/2006,OSU,OH,AGL,CE,Federal Contract Tower,0,19,56,0,75,0,0,193,2,195,0,19,249,2,270,86,0,86,356
12/21/2006,OSU,OH,AGL,CE,Federal Contract Tower,0,8,50,0,58,0,0,43,0,43,0,8,93,0,101,30,0,30,131
12/22/2006,OSU,OH,AGL,CE,Federal Contract Tower,0,5,36,0,41,0,0,4,0,4,0,5,40,0,45,0,0,0,45
12/23/2006,OSU,OH,AGL,CE,Federal Contract Tower,0,9,28,0,37,0,0,80,0,80,0,9,108,0,117,34,0,34,151
12/24/2006,OSU,OH,AGL,CE,Federal Contract Tower,0,1,8,0,9,0,0,127,0,127,0,1,135,0,136,24,0,24,160
12/25/2006,OSU,OH,AGL,CE,Federal Contract Tower,0,5,4,0,9,0,0,5,0,5,0,5,9,0,14,0,0,0,14
12/26/2006,OSU,OH,AGL,CE,Federal Contract Tower,0,8,21,0,29,0,0,17,0,17,0,8,38,0,46,36,0,36,82
12/27/2006,OSU,OH,AGL,CE,Federal Contract Tower,0,5,20,2,27,0,0,82,0,82,0,5,102,2,109,44,0,44,153
12/28/2006,OSU,OH,AGL,CE,Federal Contract Tower,0,9,22,0,31,0,0,86,0,86,0,9,108,0,117,76,0,76,193
12/29/2006,OSU,OH,AGL,CE,Federal Contract Tower,0,9,20,0,29,0,0,157,0,157,0,9,177,0,186,104,0,104,290
12/30/2006,OSU,OH,AGL,CE,Federal Contract Tower,0,8,23,0,31,0,0,145,0,145,0,8,168,0,176,18,0,18,194
12/31/2006,OSU,OH,AGL,CE,Federal Contract Tower,0,2,23,0,25,0,0,20,0,20,0,2,43,0,45,0,0,0,45
01/01/2007,OSU,OH,AGL,CE,Federal Contract Tower,0,4,14,0,18,0,0,23,0,23,0,4,37,0,41,0,0,0,41
01/02/2007,OSU,OH,AGL,CE,Federal Contract Tower,0,5,41,0,46,0,0,108,0,108,0,5,149,0,154,80,0,80,234
01/03/2007,OSU,OH,AGL,CE,Federal Contract Tower,0,8,26,0,34,0,0,137,2,139,0,8,163,2,173,66,0,66,239
01/04/2007,OSU,OH,AGL,CE,Federal Contract Tower,0,7,33,0,40,0,0,113,2,115,0,7,146,2,155,20,0,20,175
01/05/2007,OSU,OH,AGL,CE,Federal Contract Tower,0,5,29,0,34,0,0,6,0,6,0,5,35,0,40,0,0,0,40
01/06/2007,OSU,OH,AGL,CE,Federal Contract Tower,0,5,13,0,18,0,0,49,0,49,0,5,62,0,67,6,0,6,73
01/07/2007,OSU,OH,AGL,CE,Federal Contract Tower,0,0,24,0,24,0,0,41,0,41,0,0,65,0,65,16,0,16,81
01/08/2007,OSU,OH,AGL,CE,Federal Contract Tower,0,3,26,0,29,0,0,39,0,39,0,3,65,0,68,6,0,6,74
01/09/2007,OSU,OH,AGL,CE,Federal Contract Tower,0,8,30,0,38,0,0,23,4,27,0,8,53,4,65,34,0,34,99
01/10/2007,OSU,OH,AGL,CE,Federal Contract Tower,0,17,30,0,47,0,0,145,0,145,0,17,175,0,192,126,0,126,318
01/11/2007,OSU,OH,AGL,CE,Federal Contract Tower,0,8,31,0,39,0,0,135,0,135,0,8,166,0,174,6,0,6,180
01/12/2007,OSU,OH,AGL,CE,Federal Contract Tower,0,10,33,0,43,0,0,15,1,16,0,10,48,1,59,0,0,0,59
01/13/2007,OSU,OH,AGL,CE,Federal Contract Tower,0,7,35,0,42,0,0,1,0,1,0,7,36,0,43,0,0,0,43
01/14/2007,OSU,OH,AGL,CE,Federal Contract Tower,0,2,11,0,13,0,0,0,0,0,0,2,11,0,13,0,0,0,13
01/15/2007,OSU,OH,AGL,CE,Federal Contract Tower,0,1,20,0,21,0,0,0,0,0,0,1,20,0,21,2,0,2,23
01/16/2007,OSU,OH,AGL,CE,Federal Contract Tower,0,10,26,0,36,0,0,65,0,65,0,10,91,0,101,0,0,0,101
01/17/2007,OSU,OH,AGL,CE,Federal Contract Tower,0,10,41,0,51,0,0,291,0,291,0,10,332,0,342,214,0,214,556
01/18/2007,OSU,OH,AGL,CE,Federal Contract Tower,0,10,34,0,44,0,0,186,0,186,0,10,220,0,230,96,0,96,326
01/19/2007,OSU,OH,AGL,CE,Federal Contract Tower,0,7,29,0,36,0,0,46,0,46,0,7,75,0,82,22,0,22,104
01/20/2007,OSU,OH,AGL,CE,Federal Contract Tower,0,9,24,0,33,0,0,170,0,170,0,9,194,0,203,6,0,6,209
01/21/2007,OSU,OH,AGL,CE,Federal Contract Tower,0,0,13,0,13,0,0,0,0,0,0,0,13,0,13,0,0,0,13
01/22/2007,OSU,OH,AGL,CE,Federal Contract Tower,0,1,36,0,37,0,0,0,0,0,0,1,36,0,37,0,0,0,37
01/23/2007,OSU,OH,AGL,CE,Federal Contract Tower,0,7,31,0,38,0,0,25,0,25,0,7,56,0,63,0,0,0,63
01/24/2007,OSU,OH,AGL,CE,Federal Contract Tower,0,5,47,0,52,0,0,29,0,29,0,5,76,0,81,44,4,48,129
01/25/2007,OSU,OH,AGL,CE,Federal Contract Tower,0,9,37,0,46,0,0,23,0,23,0,9,60,0,69,0,0,0,69
01/26/2007,OSU,OH,AGL,CE,Federal Contract Tower,0,5,45,0,50,0,0,119,0,119,0,5,164,0,169,20,0,20,189
01/27/2007,OSU,OH,AGL,CE,Federal Contract Tower,0,8,13,0,21,0,0,66,0,66,0,8,79,0,87,44,0,44,131
01/28/2007,OSU,OH,AGL,CE,Federal Contract Tower,0,4,9,0,13,0,0,7,0,7,0,4,16,0,20,12,0,12,32
01/29/2007,OSU,OH,AGL,CE,Federal Contract Tower,0,4,35,1,40,0,0,68,1,69,0,4,103,2,109,62,0,62,171
01/30/2007,OSU,OH,AGL,CE,Federal Contract Tower,0,5,23,0,28,0,0,27,1,28,0,5,50,1,56,2,0,2,58
01/31/2007,OSU,OH,AGL,CE,Federal Contract Tower,0,6,45,0,51,0,0,179,0,179,0,6,224,0,230,84,0,84,314
02/01/2007,OSU,OH,AGL,CE,Federal Contract Tower,0,8,44,0,52,0,0,40,0,40,0,8,84,0,92,48,0,48,140
02/02/2007,OSU,OH,AGL,CE,Federal Contract Tower,0,7,27,0,34,0,0,36,0,36,0,7,63,0,70,10,0,10,80
02/03/2007,OSU,OH,AGL,CE,Federal Contract Tower,0,6,14,0,20,0,0,44,0,44,0,6,58,0,64,0,0,0,64
02/04/2007,OSU,OH,AGL,CE,Federal Contract Tower,0,3,10,0,13,0,0,41,0,41,0,3,51,0,54,0,0,0,54
02/05/2007,OSU,OH,AGL,CE,Federal Contract Tower,0,2,32,0,34,0,0,97,0,97,0,2,129,0,131,42,0,42,173
02/06/2007,OSU,OH,AGL,CE,Federal Contract Tower,0,5,27,0,32,0,0,48,0,48,0,5,75,0,80,34,0,34,114
02/07/2007,OSU,OH,AGL,CE,Federal Contract Tower,0,10,43,0,53,0,0,81,0,81,0,10,124,0,134,16,0,16,150
02/08/2007,OSU,OH,AGL,CE,Federal Contract Tower,0,12,38,0,50,0,0,113,0,113,0,12,151,0,163,28,0,28,191
02/09/2007,OSU,OH,AGL,CE,Federal Contract Tower,0,16,36,0,52,0,0,99,0,99,0,16,135,0,151,44,0,44,195
02/10/2007,OSU,OH,AGL,CE,Federal Contract Tower,0,7,26,0,33,0,0,97,0,97,0,7,123,0,130,54,0,54,184
02/11/2007,OSU,OH,AGL,CE,Federal Contract Tower,0,7,13,0,20,0,0,121,0,121,0,7,134,0,141,64,0,64,205
02/12/2007,OSU,OH,AGL,CE,Federal Contract Tower,0,4,31,0,35,0,0,82,0,82,0,4,113,0,117,112,0,112,229
02/13/2007,OSU,OH,AGL,CE,Federal Contract Tower,0,4,1,0,5,0,0,0,0,0,0,4,1,0,5,0,0,0,5
02/14/2007,OSU,OH,AGL,CE,Federal Contract Tower,0,2,14,0,16,0,0,4,0,4,0,2,18,0,20,0,0,0,20
02/15/2007,OSU,OH,AGL,CE,Federal Contract Tower,0,6,45,0,51,0,0,36,0,36,0,6,81,0,87,18,0,18,105
02/16/2007,OSU,OH,AGL,CE,Federal Contract Tower,0,8,37,0,45,0,0,90,0,90,0,8,127,0,135,14,0,14,149
02/17/2007,OSU,OH,AGL,CE,Federal Contract Tower,0,4,4,0,8,0,0,0,0,0,0,4,4,0,8,0,0,0,8
02/18/2007,OSU,OH,AGL,CE,Federal Contract Tower,0,2,9,0,11,0,0,17,0,17,0,2,26,0,28,0,0,0,28
02/19/2007,OSU,OH,AGL,CE,Federal Contract Tower,0,1,27,0,28,0,0,58,0,58,0,1,85,0,86,8,0,8,94
02/20/2007,OSU,OH,AGL,CE,Federal Contract Tower,0,6,24,0,30,0,0,37,0,37,0,6,61,0,67,14,0,14,81
02/21/2007,OSU,OH,AGL,CE,Federal Contract Tower,0,3,53,0,56,0,0,0,0,0,0,3,53,0,56,0,0,0,56
02/22/2007,OSU,OH,AGL,CE,Federal Contract Tower,0,7,40,0,47,0,0,49,0,49,0,7,89,0,96,0,0,0,96
02/23/2007,OSU,OH,AGL,CE,Federal Contract Tower,0,9,37,0,46,0,0,180,0,180,0,9,217,0,226,42,0,42,268
02/24/2007,OSU,OH,AGL,CE,Federal Contract Tower,0,10,24,0,34,0,0,102,0,102,0,10,126,0,136,64,0,64,200
02/25/2007,OSU,OH,AGL,CE,Federal Contract Tower,0,18,10,0,28,0,0,56,0,56,0,18,66,0,84,0,0,0,84
02/26/2007,OSU,OH,AGL,CE,Federal Contract Tower,0,4,34,0,38,0,0,70,0,70,0,4,104,0,108,72,0,72,180
02/27/2007,OSU,OH,AGL,CE,Federal Contract Tower,0,11,52,0,63,0,0,158,0,158,0,11,210,0,221,140,0,140,361
02/28/2007,OSU,OH,AGL,CE,Federal Contract Tower,0,12,55,0,67,0,0,129,0,129,0,12,184,0,196,158,0,158,354
03/01/2007,OSU,OH,AGL,CE,Federal Contract Tower,0,10,21,0,31,0,0,14,0,14,0,10,35,0,45,0,0,0,45
03/02/2007,OSU,OH,AGL,CE,Federal Contract Tower,0,9,35,0,44,0,0,28,9,37,0,9,63,9,81,2,0,2,83
03/03/2007,OSU,OH,AGL,CE,Federal Contract Tower,0,4,25,0,29,0,0,23,0,23,0,4,48,0,52,0,0,0,52
03/04/2007,OSU,OH,AGL,CE,Federal Contract Tower,0,1,22,0,23,0,0,57,0,57,0,1,79,0,80,0,0,0,80
03/05/2007,OSU,OH,AGL,CE,Federal Contract Tower,0,2,31,0,33,0,0,77,0,77,0,2,108,0,110,22,0,22,132
03/06/2007,OSU,OH,AGL,CE,Federal Contract Tower,0,7,51,0,58,0,0,225,0,225,0,7,276,0,283,252,0,252,535
03/07/2007,OSU,OH,AGL,CE,Federal Contract Tower,0,7,24,0,31,0,0,36,2,38,0,7,60,2,69,18,0,18,87
03/08/2007,OSU,OH,AGL,CE,Federal Contract Tower,0,5,50,0,55,0,0,149,12,161,0,5,199,12,216,178,0,178,394
03/09/2007,OSU,OH,AGL,CE,Federal Contract Tower,0,8,37,0,45,0,0,186,4,190,0,8,223,4,235,182,0,182,417
03/10/2007,OSU,OH,AGL,CE,Federal Contract Tower,0,6,22,0,28,0,0,45,2,47,0,6,67,2,75,0,0,0,75
03/11/2007,OSU,OH,AGL,CE,Federal Contract Tower,0,0,19,0,19,0,0,128,0,128,0,0,147,0,147,16,0,16,163
03/12/2007,OSU,OH,AGL,CE,Federal Contract Tower,0,9,40,0,49,0,0,110,0,110,0,9,150,0,159,56,0,56,215
03/13/2007,OSU,OH,AGL,CE,Federal Contract Tower,0,11,30,0,41,0,0,123,0,123,0,11,153,0,164,34,0,34,198
03/14/2007,OSU,OH,AGL,CE,Federal Contract Tower,0,7,32,0,39,0,0,23,3,26,0,7,55,3,65,0,0,0,65
03/15/2007,OSU,OH,AGL,CE,Federal Contract Tower,0,15,44,0,59,0,0,31,0,31,0,15,75,0,90,16,0,16,106
03/16/2007,OSU,OH,AGL,CE,Federal Contract Tower,0,16,29,0,45,0,0,54,4,58,0,16,83,4,103,38,0,38,141
03/17/2007,OSU,OH,AGL,CE,Federal Contract Tower,0,5,23,0,28,0,0,41,0,41,0,5,64,0,69,14,0,14,83
03/18/2007,OSU,OH,AGL,CE,Federal Contract Tower,0,1,27,0,28,0,0,130,0,130,0,1,157,0,158,12,0,12,170
03/19/2007,OSU,OH,AGL,CE,Federal Contract Tower,0,8,35,0,43,0,0,6,0,6,0,8,41,0,49,0,0,0,49
03/20/2007,OSU,OH,AGL,CE,Federal Contract Tower,0,11,50,0,61,0,0,127,0,127,0,11,177,0,188,56,0,56,244
03/21/2007,OSU,OH,AGL,CE,Federal Contract Tower,0,10,37,0,47,0,0,106,0,106,0,10,143,0,153,28,0,28,181
03/22/2007,OSU,OH,AGL,CE,Federal Contract Tower,0,8,20,0,28,0,0,27,0,27,0,8,47,0,55,4,0,4,59
03/23/2007,OSU,OH,AGL,CE,Federal Contract Tower,0,5,32,0,37,0,0,5,0,5,0,5,37,0,42,28,0,28,70
03/24/2007,OSU,OH,AGL,CE,Federal Contract Tower,0,10,20,0,30,0,0,57,0,57,0,10,77,0,87,58,0,58,145
03/25/2007,OSU,OH,AGL,CE,Federal Contract Tower,0,7,29,0,36,0,0,146,0,146,0,7,175,0,182,106,0,106,288
03/26/2007,OSU,OH,AGL,CE,Federal Contract Tower,0,5,38,0,43,0,0,105,4,109,0,5,143,4,152,26,0,26,178
03/27/2007,OSU,OH,AGL,CE,Federal Contract Tower,0,4,29,0,33,0,0,157,5,162,0,4,186,5,195,310,0,310,505
03/28/2007,OSU,OH,AGL,CE,Federal Contract Tower,0,6,32,0,38,0,0,22,0,22,0,6,54,0,60,60,0,60,120
03/29/2007,OSU,OH,AGL,CE,Federal Contract Tower,0,13,59,0,72,0,0,189,0,189,0,13,248,0,261,260,0,260,521
03/30/2007,OSU,OH,AGL,CE,Federal Contract Tower,0,9,42,0,51,0,0,255,0,255,0,9,297,0,306,240,0,240,546
03/31/2007,OSU,OH,AGL,CE,Federal Contract Tower,0,7,57,0,64,0,0,23,0,23,0,7,80,0,87,158,0,158,245
04/01/2007,OSU,OH,AGL,CE,Federal Contract Tower,0,3,28,0,31,0,0,43,0,43,0,3,71,0,74,2,0,2,76
04/02/2007,OSU,OH,AGL,CE,Federal Contract Tower,0,4,40,0,44,0,0,144,0,144,0,4,184,0,188,144,0,144,332
04/03/2007,OSU,OH,AGL,CE,Federal Contract Tower,0,7,48,0,55,0,0,72,1,73,0,7,120,1,128,50,0,50,178
04/04/2007,OSU,OH,AGL,CE,Federal Contract Tower,0,13,21,0,34,0,0,26,2,28,0,13,47,2,62,0,0,0,62
04/05/2007,OSU,OH,AGL,CE,Federal Contract Tower,0,10,43,0,53,0,0,10,0,10,0,10,53,0,63,0,0,0,63
04/06/2007,OSU,OH,AGL,CE,Federal Contract Tower,0,14,28,0,42,0,0,23,0,23,0,14,51,0,65,100,0,100,165
04/07/2007,OSU,OH,AGL,CE,Federal Contract Tower,0,8,18,0,26,0,0,26,0,26,0,8,44,0,52,0,0,0,52
04/08/2007,OSU,OH,AGL,CE,Federal Contract Tower,0,7,7,0,14,0,0,20,0,20,0,7,27,0,34,6,0,6,40
04/09/2007,OSU,OH,AGL,CE,Federal Contract Tower,0,7,35,0,42,0,0,117,0,117,0,7,152,0,159,268,0,268,427
04/10/2007,OSU,OH,AGL,CE,Federal Contract Tower,0,14,41,0,55,0,0,257,2,259,0,14,298,2,314,236,0,236,550
04/11/2007,OSU,OH,AGL,CE,Federal Contract Tower,0,7,27,2,36,0,0,7,0,7,0,7,34,2,43,0,0,0,43
04/12/2007,OSU,OH,AGL,CE,Federal Contract Tower,0,10,37,0,47,0,0,26,0,26,0,10,63,0,73,4,0,4,77
04/13/2007,OSU,OH,AGL,CE,Federal Contract Tower,0,6,30,0,36,0,0,272,0,272,0,6,302,0,308,114,0,114,422
04/14/2007,OSU,OH,AGL,CE,Federal Contract Tower,0,6,18,0,24,0,0,33,0,33,0,6,51,0,57,130,0,130,187
04/15/2007,OSU,OH,AGL,CE,Federal Contract Tower,0,0,14,0,14,0,0,7,0,7,0,0,21,0,21,0,0,0,21
04/16/2007,OSU,OH,AGL,CE,Federal Contract Tower,0,3,23,0,26,0,0,25,0,25,0,3,48,0,51,0,0,0,51
04/17/2007,OSU,OH,AGL,CE,Federal Contract Tower,0,4,50,0,54,0,0,216,2,218,0,4,266,2,272,176,0,176,448
04/18/2007,OSU,OH,AGL,CE,Federal Contract Tower,0,4,47,0,51,0,0,230,0,230,0,4,277,0,281,222,0,222,503
04/19/2007,OSU,OH,AGL,CE,Federal Contract Tower,0,4,48,0,52,0,0,154,0,154,0,4,202,0,206,52,0,52,258
04/20/2007,OSU,OH,AGL,CE,Federal Contract Tower,0,6,57,0,63,0,0,226,2,228,0,6,283,2,291,196,0,196,487
04/21/2007,OSU,OH,AGL,CE,Federal Contract Tower,0,7,24,0,31,0,0,241,0,241,0,7,265,0,272,238,0,238,510
04/22/2007,OSU,OH,AGL,CE,Federal Contract Tower,0,0,29,0,29,0,0,167,0,167,0,0,196,0,196,50,0,50,246
04/23/2007,OSU,OH,AGL,CE,Federal Contract Tower,0,2,44,0,46,0,0,71,0,71,0,2,115,0,117,0,0,0,117
04/24/2007,OSU,OH,AGL,CE,Federal Contract Tower,0,7,52,0,59,0,0,271,6,277,0,7,323,6,336,230,0,230,566
04/25/2007,OSU,OH,AGL,CE,Federal Contract Tower,0,6,46,0,52,0,0,2,0,2,0,6,48,0,54,0,0,0,54
04/26/2007,OSU,OH,AGL,CE,Federal Contract Tower,0,5,24,0,29,0,0,34,0,34,0,5,58,0,63,62,0,62,125
04/27/2007,OSU,OH,AGL,CE,Federal Contract Tower,0,9,65,1,75,0,0,32,3,35,0,9,97,4,110,100,0,100,210
04/28/2007,OSU,OH,AGL,CE,Federal Contract Tower,0,5,46,0,51,0,0,183,4,187,0,5,229,4,238,8,0,8,246
04/29/2007,OSU,OH,AGL,CE,Federal Contract Tower,0,3,35,0,38,0,0,212,0,212,0,3,247,0,250,32,0,32,282
04/30/2007,OSU,OH,AGL,CE,Federal Contract Tower,0,2,39,0,41,0,0,207,2,209,0,2,246,2,250,234,0,234,484
05/01/2007,OSU,OH,AGL,CE,Federal Contract Tower,0,9,44,0,53,0,0,180,0,180,0,9,224,0,233,48,0,48,281
05/02/2007,OSU,OH,AGL,CE,Federal Contract Tower,0,9,56,0,65,0,0,172,0,172,0,9,228,0,237,206,0,206,443
05/03/2007,OSU,OH,AGL,CE,Federal Contract Tower,0,10,54,0,64,0,0,218,0,218,0,10,272,0,282,306,0,306,588
05/04/2007,OSU,OH,AGL,CE,Federal Contract Tower,0,10,33,0,43,0,0,202,0,202,0,10,235,0,245,222,0,222,467
05/05/2007,OSU,OH,AGL,CE,Federal Contract Tower,0,9,30,0,39,0,0,51,2,53,0,9,81,2,92,16,0,16,108
05/06/2007,OSU,OH,AGL,CE,Federal Contract Tower,0,6,23,0,29,0,0,136,0,136,0,6,159,0,165,22,0,22,187
05/07/2007,OSU,OH,AGL,CE,Federal Contract Tower,0,7,34,0,41,0,0,182,6,188,0,7,216,6,229,158,0,158,387
05/08/2007,OSU,OH,AGL,CE,Federal Contract Tower,0,12,47,0,59,0,0,239,2,241,0,12,286,2,300,316,0,316,616
05/09/2007,OSU,OH,AGL,CE,Federal Contract Tower,0,8,58,0,66,0,0,219,0,219,0,8,277,0,285,184,0,184,469
05/10/2007,OSU,OH,AGL,CE,Federal Contract Tower,0,7,37,0,44,0,0,130,3,133,0,7,167,3,177,18,0,18,195
05/11/2007,OSU,OH,AGL,CE,Federal Contract Tower,0,8,41,0,49,0,0,161,1,162,0,8,202,1,211,120,0,120,331
05/12/2007,OSU,OH,AGL,CE,Federal Contract Tower,0,6,30,0,36,0,0,170,5,175,0,6,200,5,211,26,0,26,237
05/13/2007,OSU,OH,AGL,CE,Federal Contract Tower,0,0,18,0,18,0,0,151,0,151,0,0,169,0,169,2,0,2,171
05/14/2007,OSU,OH,AGL,CE,Federal Contract Tower,0,4,46,0,50,0,0,154,0,154,0,4,200,0,204,152,0,152,356
05/15/2007,OSU,OH,AGL,CE,Federal Contract Tower,0,7,44,0,51,0,0,77,1,78,0,7,121,1,129,34,0,34,163
05/16/2007,OSU,OH,AGL,CE,Federal Contract Tower,0,8,39,0,47,0,0,60,1,61,0,8,99,1,108,16,0,16,124
05/17/2007,OSU,OH,AGL,CE,Federal Contract Tower,0,12,51,0,63,0,0,80,1,81,0,12,131,1,144,58,0,58,202
05/18/2007,OSU,OH,AGL,CE,Federal Contract Tower,0,8,38,0,46,0,0,113,2,115,0,8,151,2,161,72,0,72,233
05/19/2007,OSU,OH,AGL,CE,Federal Contract Tower,0,6,24,0,30,0,0,197,0,197,0,6,221,0,227,52,0,52,279
05/20/2007,OSU,OH,AGL,CE,Federal Contract Tower,0,2,25,0,27,0,0,87,0,87,0,2,112,0,114,78,0,78,192
05/21/2007,OSU,OH,AGL,CE,Federal Contract Tower,0,6,32,0,38,0,0,116,2,118,0,6,148,2,156,232,0,232,388
05/22/2007,OSU,OH,AGL,CE,Federal Contract Tower,0,7,37,0,44,0,0,226,0,226,0,7,263,0,270,246,0,246,516
05/23/2007,OSU,OH,AGL,CE,Federal Contract Tower,0,14,48,0,62,0,0,164,0,164,0,14,212,0,226,74,0,74,300
05/24/2007,OSU,OH,AGL,CE,Federal Contract Tower,0,5,41,0,46,0,0,136,1,137,0,5,177,1,183,68,0,68,251
05/25/2007,OSU,OH,AGL,CE,Federal Contract Tower,0,13,29,0,42,0,0,153,0,153,0,13,182,0,195,158,0,158,353
05/26/2007,OSU,OH,AGL,CE,Federal Contract Tower,0,6,11,0,17,0,0,99,0,99,0,6,110,0,116,26,0,26,142
05/27/2007,OSU,OH,AGL,CE,Federal Contract Tower,0,3,27,0,30,0,0,114,0,114,0,3,141,0,144,48,0,48,192
05/28/2007,OSU,OH,AGL,CE,Federal Contract Tower,0,24,41,0,65,0,0,79,0,79,0,24,120,0,144,4,0,4,148
05/29/2007,OSU,OH,AGL,CE,Federal Contract Tower,0,19,64,0,83,0,0,117,1,118,0,19,181,1,201,126,0,126,327
05/30/2007,OSU,OH,AGL,CE,Federal Contract Tower,0,34,101,0,135,0,0,149,2,151,0,34,250,2,286,44,48,92,378
05/31/2007,OSU,OH,AGL,CE,Federal Contract Tower,0,11,71,0,82,0,0,134,0,134,0,11,205,0,216,170,0,170,386
06/01/2007,OSU,OH,AGL,CE,Federal Contract Tower,0,16,70,0,86,0,0,101,0,101,0,16,171,0,187,118,0,118,305
06/02/2007,OSU,OH,AGL,CE,Federal Contract Tower,0,8,35,0,43,0,0,116,0,116,0,8,151,0,159,146,0,146,305
06/03/2007,OSU,OH,AGL,CE,Federal Contract Tower,0,34,58,0,92,0,0,57,0,57,0,34,115,0,149,36,0,36,185
06/04/2007,OSU,OH,AGL,CE,Federal Contract Tower,0,26,44,0,70,0,0,70,0,70,0,26,114,0,140,58,0,58,198
06/05/2007,OSU,OH,AGL,CE,Federal Contract Tower,0,25,45,0,70,0,0,66,0,66,0,25,111,0,136,44,0,44,180
06/06/2007,OSU,OH,AGL,CE,Federal Contract Tower,0,7,40,0,47,0,0,110,12,122,0,7,150,12,169,62,0,62,231
06/07/2007,OSU,OH,AGL,CE,Federal Contract Tower,0,6,37,2,45,0,0,88,0,88,0,6,125,2,133,26,0,26,159
06/08/2007,OSU,OH,AGL,CE,Federal Contract Tower,0,5,17,0,22,0,0,59,0,59,0,5,76,0,81,26,0,26,107
06/09/2007,OSU,OH,AGL,CE,Federal Contract Tower,0,13,35,0,48,0,0,241,2,243,0,13,276,2,291,34,0,34,325
06/10/2007,OSU,OH,AGL,CE,Federal Contract Tower,0,3,22,0,25,0,0,155,2,157,0,3,177,2,182,4,0,4,186
06/11/2007,OSU,OH,AGL,CE,Federal Contract Tower,0,3,48,0,51,0,0,158,3,161,0,3,206,3,212,24,0,24,236
06/12/2007,OSU,OH,AGL,CE,Federal Contract Tower,0,10,29,0,39,0,0,144,0,144,0,10,173,0,183,30,0,30,213
06/13/2007,OSU,OH,AGL,CE,Federal Contract Tower,0,11,45,0,56,0,0,116,0,116,0,11,161,0,172,48,0,48,220
06/14/2007,OSU,OH,AGL,CE,Federal Contract Tower,0,11,72,0,83,0,0,157,0,157,0,11,229,0,240,38,0,38,278
06/15/2007,OSU,OH,AGL,CE,Federal Contract Tower,0,16,42,0,58,0,0,153,0,153,0,16,195,0,211,26,0,26,237
06/17/2007,OSU,OH,AGL,CE,Federal Contract Tower,0,4,19,0,23,0,0,100,0,100,0,4,119,0,123,0,0,0,123
06/18/2007,OSU,OH,AGL,CE,Federal Contract Tower,0,16,59,0,75,0,0,87,0,87,0,16,146,0,162,6,0,6,168
06/19/2007,OSU,OH,AGL,CE,Federal Contract Tower,0,14,53,0,67,0,0,19,0,19,0,14,72,0,86,8,0,8,94
06/20/2007,OSU,OH,AGL,CE,Federal Contract Tower,0,19,69,0,88,0,0,188,0,188,0,19,257,0,276,80,0,80,356
06/21/2007,OSU,OH,AGL,CE,Federal Contract Tower,0,13,50,0,63,0,0,180,0,180,0,13,230,0,243,48,0,48,291
06/22/2007,OSU,OH,AGL,CE,Federal Contract Tower,0,11,29,0,40,0,0,104,0,104,0,11,133,0,144,170,0,170,314
06/23/2007,OSU,OH,AGL,CE,Federal Contract Tower,0,14,31,0,45,0,0,180,7,187,0,14,211,7,232,24,0,24,256
06/24/2007,OSU,OH,AGL,CE,Federal Contract Tower,0,11,23,0,34,0,0,92,0,92,0,11,115,0,126,14,0,14,140
06/25/2007,OSU,OH,AGL,CE,Federal Contract Tower,0,5,45,0,50,0,0,107,0,107,0,5,152,0,157,156,0,156,313
06/26/2007,OSU,OH,AGL,CE,Federal Contract Tower,0,11,42,0,53,0,0,137,0,137,0,11,179,0,190,112,0,112,302
06/27/2007,OSU,OH,AGL,CE,Federal Contract Tower,0,12,50,0,62,0,0,151,0,151,0,12,201,0,213,96,0,96,309
06/28/2007,OSU,OH,AGL,CE,Federal Contract Tower,0,16,49,0,65,0,0,36,1,37,0,16,85,1,102,58,0,58,160
06/29/2007,OSU,OH,AGL,CE,Federal Contract Tower,0,11,52,0,63,0,0,127,1,128,0,11,179,1,191,76,0,76,267
06/30/2007,OSU,OH,AGL,CE,Federal Contract Tower,0,6,20,0,26,0,0,205,0,205,0,6,225,0,231,38,0,38,269
07/01/2007,OSU,OH,AGL,CE,Federal Contract Tower,0,6,21,0,27,0,0,111,0,111,0,6,132,0,138,4,0,4,142
07/02/2007,OSU,OH,AGL,CE,Federal Contract Tower,0,0,34,0,34,0,0,150,0,150,0,0,184,0,184,78,0,78,262
07/03/2007,OSU,OH,AGL,CE,Federal Contract Tower,0,5,22,0,27,0,0,166,8,174,0,5,188,8,201,70,0,70,271
07/04/2007,OSU,OH,AGL,CE,Federal Contract Tower,0,9,8,0,17,0,0,64,12,76,0,9,72,12,93,42,0,42,135
07/05/2007,OSU,OH,AGL,CE,Federal Contract Tower,0,8,37,0,45,0,0,2,0,2,0,8,39,0,47,40,0,40,87
07/06/2007,OSU,OH,AGL,CE,Federal Contract Tower,0,11,31,0,42,0,0,138,0,138,0,11,169,0,180,56,0,56,236
07/07/2007,OSU,OH,AGL,CE,Federal Contract Tower,0,4,20,0,24,0,0,130,0,130,0,4,150,0,154,0,0,0,154
07/08/2007,OSU,OH,AGL,CE,Federal Contract Tower,0,4,16,0,20,0,0,79,0,79,0,4,95,0,99,6,0,6,105
07/09/2007,OSU,OH,AGL,CE,Federal Contract Tower,0,2,40,0,42,0,0,170,0,170,0,2,210,0,212,104,0,104,316
07/10/2007,OSU,OH,AGL,CE,Federal Contract Tower,0,7,45,0,52,0,0,66,3,69,0,7,111,3,121,76,0,76,197
07/11/2007,OSU,OH,AGL,CE,Federal Contract Tower,0,7,33,0,40,0,0,75,0,75,0,7,108,0,115,2,0,2,117
07/12/2007,OSU,OH,AGL,CE,Federal Contract Tower,0,7,47,0,54,0,0,123,0,123,0,7,170,0,177,146,0,146,323
07/13/2007,OSU,OH,AGL,CE,Federal Contract Tower,0,10,40,0,50,0,0,148,4,152,0,10,188,4,202,94,0,94,296
07/14/2007,OSU,OH,AGL,CE,Federal Contract Tower,0,7,13,0,20,0,0,72,0,72,0,7,85,0,92,4,0,4,96
07/15/2007,OSU,OH,AGL,CE,Federal Contract Tower,0,0,22,0,22,0,0,126,0,126,0,0,148,0,148,38,0,38,186
07/16/2007,OSU,OH,AGL,CE,Federal Contract Tower,0,5,31,0,36,0,0,148,0,148,0,5,179,0,184,172,0,172,356
07/17/2007,OSU,OH,AGL,CE,Federal Contract Tower,0,10,39,0,49,0,0,102,2,104,0,10,141,2,153,90,0,90,243
07/18/2007,OSU,OH,AGL,CE,Federal Contract Tower,0,11,41,0,52,0,0,64,2,66,0,11,105,2,118,0,4,4,122
07/19/2007,OSU,OH,AGL,CE,Federal Contract Tower,0,9,55,0,64,0,0,52,2,54,0,9,107,2,118,24,0,24,142
07/20/2007,OSU,OH,AGL,CE,Federal Contract Tower,0,12,37,0,49,0,0,138,0,138,0,12,175,0,187,62,0,62,249
07/21/2007,OSU,OH,AGL,CE,Federal Contract Tower,0,11,30,0,41,0,0,167,0,167,0,11,197,0,208,54,0,54,262
07/22/2007,OSU,OH,AGL,CE,Federal Contract Tower,0,5,39,0,44,0,0,164,0,164,0,5,203,0,208,52,0,52,260
07/23/2007,OSU,OH,AGL,CE,Federal Contract Tower,0,4,40,0,44,0,0,188,0,188,0,4,228,0,232,126,0,126,358
07/24/2007,OSU,OH,AGL,CE,Federal Contract Tower,0,11,38,0,49,0,0,105,0,105,0,11,143,0,154,130,0,130,284
07/25/2007,OSU,OH,AGL,CE,Federal Contract Tower,0,10,62,0,72,0,0,130,0,130,0,10,192,0,202,88,0,88,290
07/26/2007,OSU,OH,AGL,CE,Federal Contract Tower,0,11,61,0,72,0,0,48,0,48,0,11,109,0,120,32,0,32,152
07/27/2007,OSU,OH,AGL,CE,Federal Contract Tower,0,14,53,0,67,0,0,19,1,20,0,14,72,1,87,14,0,14,101
07/28/2007,OSU,OH,AGL,CE,Federal Contract Tower,0,8,30,0,38,0,0,57,0,57,0,8,87,0,95,56,0,56,151
07/29/2007,OSU,OH,AGL,CE,Federal Contract Tower,0,6,36,0,42,0,0,85,0,85,0,6,121,0,127,14,0,14,141
07/30/2007,OSU,OH,AGL,CE,Federal Contract Tower,0,2,39,0,41,0,0,119,0,119,0,2,158,0,160,62,0,62,222
07/31/2007,OSU,OH,AGL,CE,Federal Contract Tower,0,10,43,2,55,0,0,176,0,176,0,10,219,2,231,102,0,102,333
08/01/2007,OSU,OH,AGL,CE,Federal Contract Tower,0,14,33,0,47,0,0,219,0,219,0,14,252,0,266,76,0,76,342
08/02/2007,OSU,OH,AGL,CE,Federal Contract Tower,0,13,51,0,64,0,0,115,0,115,0,13,166,0,179,80,0,80,259
08/03/2007,OSU,OH,AGL,CE,Federal Contract Tower,0,4,37,0,41,0,0,149,0,149,0,4,186,0,190,18,0,18,208
08/04/2007,OSU,OH,AGL,CE,Federal Contract Tower,0,6,22,0,28,0,0,140,0,140,0,6,162,0,168,0,0,0,168
08/05/2007,OSU,OH,AGL,CE,Federal Contract Tower,0,7,39,0,46,0,0,9,0,9,0,7,48,0,55,6,0,6,61
08/06/2007,OSU,OH,AGL,CE,Federal Contract Tower,0,5,47,0,52,0,0,130,4,134,0,5,177,4,186,168,0,168,354
08/07/2007,OSU,OH,AGL,CE,Federal Contract Tower,0,11,58,0,69,0,0,131,0,131,0,11,189,0,200,68,0,68,268
08/08/2007,OSU,OH,AGL,CE,Federal Contract Tower,0,5,54,0,59,0,0,143,2,145,0,5,197,2,204,112,0,112,316
08/09/2007,OSU,OH,AGL,CE,Federal Contract Tower,0,15,68,0,83,0,0,136,0,136,0,15,204,0,219,78,0,78,297
08/10/2007,OSU,OH,AGL,CE,Federal Contract Tower,0,13,60,0,73,0,0,76,4,80,0,13,136,4,153,0,0,0,153
08/11/2007,OSU,OH,AGL,CE,Federal Contract Tower,0,5,22,0,27,0,0,179,0,179,0,5,201,0,206,62,0,62,268
08/12/2007,OSU,OH,AGL,CE,Federal Contract Tower,0,4,25,0,29,0,0,166,0,166,0,4,191,0,195,10,0,10,205
08/13/2007,OSU,OH,AGL,CE,Federal Contract Tower,0,8,48,0,56,0,0,142,4,146,0,8,190,4,202,76,0,76,278
08/14/2007,OSU,OH,AGL,CE,Federal Contract Tower,0,18,47,0,65,0,0,161,2,163,0,18,208,2,228,136,0,136,364
08/15/2007,OSU,OH,AGL,CE,Federal Contract Tower,0,10,54,0,64,0,0,189,2,191,0,10,243,2,255,126,0,126,381
08/16/2007,OSU,OH,AGL,CE,Federal Contract Tower,0,10,46,0,56,0,0,130,0,130,0,10,176,0,186,116,0,116,302
08/17/2007,OSU,OH,AGL,CE,Federal Contract Tower,0,8,48,0,56,0,0,111,0,111,0,8,159,0,167,58,0,58,225
08/18/2007,OSU,OH,AGL,CE,Federal Contract Tower,0,12,10,0,22,0,0,216,0,216,0,12,226,0,238,0,0,0,238
08/19/2007,OSU,OH,AGL,CE,Federal Contract Tower,0,4,36,0,40,0,2,76,0,78,0,6,112,0,118,6,0,6,124
08/20/2007,OSU,OH,AGL,CE,Federal Contract Tower,0,3,24,0,27,0,0,44,0,44,0,3,68,0,71,2,0,2,73
08/21/2007,OSU,OH,AGL,CE,Federal Contract Tower,0,3,51,0,54,0,3,27,0,30,0,6,78,0,84,26,0,26,110
08/22/2007,OSU,OH,AGL,CE,Federal Contract Tower,0,6,53,0,59,0,1,91,0,92,0,7,144,0,151,57,0,57,208
08/23/2007,OSU,OH,AGL,CE,Federal Contract Tower,0,7,48,0,55,0,4,140,4,148,0,11,188,4,203,28,0,28,231
08/24/2007,OSU,OH,AGL,CE,Federal Contract Tower,0,7,32,0,39,0,2,107,0,109,0,9,139,0,148,44,0,44,192
08/25/2007,OSU,OH,AGL,CE,Federal Contract Tower,0,5,21,0,26,0,16,79,0,95,0,21,100,0,121,42,0,42,163
08/26/2007,OSU,OH,AGL,CE,Federal Contract Tower,0,18,36,0,54,0,0,118,0,118,0,18,154,0,172,14,0,14,186
08/27/2007,OSU,OH,AGL,CE,Federal Contract Tower,0,3,31,0,34,0,3,152,0,155,0,6,183,0,189,140,0,140,329
08/28/2007,OSU,OH,AGL,CE,Federal Contract Tower,0,7,32,0,39,0,5,150,0,155,0,12,182,0,194,152,2,154,348
08/29/2007,OSU,OH,AGL,CE,Federal Contract Tower,0,2,43,0,45,0,10,170,0,180,0,12,213,0,225,58,0,58,283
08/30/2007,OSU,OH,AGL,CE,Federal Contract Tower,0,8,46,0,54,0,7,61,0,68,0,15,107,0,122,42,0,42,164
08/31/2007,OSU,OH,AGL,CE,Federal Contract Tower,0,1,37,0,38,0,24,171,6,201,0,25,208,6,239,148,0,148,387
09/01/2007,OSU,OH,AGL,CE,Federal Contract Tower,0,6,30,0,36,0,10,113,2,125,0,16,143,2,161,8,0,8,169
09/02/2007,OSU,OH,AGL,CE,Federal Contract Tower,0,1,19,0,20,0,3,142,1,146,0,4,161,1,166,40,0,40,206
09/03/2007,OSU,OH,AGL,CE,Federal Contract Tower,0,2,17,0,19,0,12,125,0,137,0,14,142,0,156,42,0,42,198
09/04/2007,OSU,OH,AGL,CE,Federal Contract Tower,0,16,40,0,56,0,0,142,2,144,0,16,182,2,200,106,0,106,306
09/05/2007,OSU,OH,AGL,CE,Federal Contract Tower,0,15,54,0,69,0,4,202,0,206,0,19,256,0,275,164,0,164,439
09/06/2007,OSU,OH,AGL,CE,Federal Contract Tower,0,7,52,0,59,0,36,200,4,240,0,43,252,4,299,90,0,90,389
09/07/2007,OSU,OH,AGL,CE,Federal Contract Tower,0,8,35,0,43,0,3,59,0,62,0,11,94,0,105,0,2,2,107
09/08/2007,OSU,OH,AGL,CE,Federal Contract Tower,0,18,28,0,46,0,0,96,0,96,0,18,124,0,142,12,0,12,154
09/09/2007,OSU,OH,AGL,CE,Federal Contract Tower,0,3,30,0,33,0,0,49,0,49,0,3,79,0,82,10,0,10,92
09/10/2007,OSU,OH,AGL,CE,Federal Contract Tower,0,9,50,0,59,0,13,82,0,95,0,22,132,0,154,16,0,16,170
09/11/2007,OSU,OH,AGL,CE,Federal Contract Tower,0,5,61,0,66,0,24,142,0,166,0,29,203,0,232,86,0,86,318
09/12/2007,OSU,OH,AGL,CE,Federal Contract Tower,0,6,60,0,66,0,7,225,0,232,0,13,285,0,298,98,0,98,396
09/13/2007,OSU,OH,AGL,CE,Federal Contract Tower,0,14,85,0,99,0,25,164,2,191,0,39,249,2,290,70,0,70,360
09/14/2007,OSU,OH,AGL,CE,Federal Contract Tower,0,12,36,0,48,0,32,151,0,183,0,44,187,0,231,22,0,22,253
09/15/2007,OSU,OH,AGL,CE,Federal Contract Tower,0,5,35,0,40,0,31,156,0,187,0,36,191,0,227,12,0,12,239
09/16/2007,OSU,OH,AGL,CE,Federal Contract Tower,0,0,19,0,19,0,8,143,0,151,0,8,162,0,170,8,0,8,178
09/17/2007,OSU,OH,AGL,CE,Federal Contract Tower,0,16,40,0,56,0,4,168,0,172,0,20,208,0,228,118,0,118,346
09/18/2007,OSU,OH,AGL,CE,Federal Contract Tower,0,23,56,0,79,0,2,183,4,189,0,25,239,4,268,80,0,80,348
09/19/2007,OSU,OH,AGL,CE,Federal Contract Tower,0,7,53,0,60,0,9,148,2,159,0,16,201,2,219,48,0,48,267
09/20/2007,OSU,OH,AGL,CE,Federal Contract Tower,0,9,63,0,72,0,15,193,0,208,0,24,256,0,280,168,0,168,448
09/21/2007,OSU,OH,AGL,CE,Federal Contract Tower,0,12,50,0,62,0,3,138,0,141,0,15,188,0,203,86,0,86,289
09/22/2007,OSU,OH,AGL,CE,Federal Contract Tower,0,8,19,0,27,0,0,182,0,182,0,8,201,0,209,58,0,58,267
09/23/2007,OSU,OH,AGL,CE,Federal Contract Tower,0,3,41,0,44,0,8,176,0,184,0,11,217,0,228,86,0,86,314
09/24/2007,OSU,OH,AGL,CE,Federal Contract Tower,0,2,53,0,55,0,1,144,0,145,0,3,197,0,200,156,0,156,356
09/25/2007,OSU,OH,AGL,CE,Federal Contract Tower,0,4,48,0,52,0,1,161,0,162,0,5,209,0,214,92,0,92,306
09/26/2007,OSU,OH,AGL,CE,Federal Contract Tower,0,13,36,0,49,0,14,70,0,84,0,27,106,0,133,64,0,64,197
09/27/2007,OSU,OH,AGL,CE,Federal Contract Tower,0,11,54,0,65,0,9,39,0,48,0,20,93,0,113,60,0,60,173
09/28/2007,OSU,OH,AGL,CE,Federal Contract Tower,0,7,50,2,59,0,17,192,4,213,0,24,242,6,272,110,0,110,382
09/29/2007,OSU,OH,AGL,CE,Federal Contract Tower,0,8,34,0,42,0,6,138,4,148,0,14,172,4,190,84,0,84,274
09/30/2007,OSU,OH,AGL,CE,Federal Contract Tower,0,4,42,0,46,0,12,188,0,200,0,16,230,0,246,32,0,32,278
10/01/2007,OSU,OH,AGL,CE,Federal Contract Tower,0,0,35,0,35,0,0,108,0,108,0,0,143,0,143,28,0,28,171
10/02/2007,OSU,OH,AGL,CE,Federal Contract Tower,0,5,47,0,52,0,6,137,3,146,0,11,184,3,198,82,0,82,280
10/03/2007,OSU,OH,AGL,CE,Federal Contract Tower,0,6,46,0,52,0,1,80,6,87,0,7,126,6,139,44,0,44,183
10/04/2007,OSU,OH,AGL,CE,Federal Contract Tower,0,8,45,0,53,0,20,226,2,248,0,28,271,2,301,188,0,188,489
10/05/2007,OSU,OH,AGL,CE,Federal Contract Tower,0,10,39,0,49,0,3,182,0,185,0,13,221,0,234,170,0,170,404
10/06/2007,OSU,OH,AGL,CE,Federal Contract Tower,0,8,30,0,38,0,19,239,0,258,0,27,269,0,296,0,0,0,296
10/07/2007,OSU,OH,AGL,CE,Federal Contract Tower,0,4,26,0,30,0,35,144,0,179,0,39,170,0,209,48,0,48,257
10/08/2007,OSU,OH,AGL,CE,Federal Contract Tower,0,12,51,0,63,0,6,98,0,104,0,18,149,0,167,78,0,78,245
10/09/2007,OSU,OH,AGL,CE,Federal Contract Tower,0,6,39,2,47,0,22,161,0,183,0,28,200,2,230,144,0,144,374
10/10/2007,OSU,OH,AGL,CE,Federal Contract Tower,0,10,43,1,54,0,24,157,1,182,0,34,200,2,236,152,0,152,388
10/11/2007,OSU,OH,AGL,CE,Federal Contract Tower,0,14,67,2,83,0,11,21,4,36,0,25,88,6,119,12,0,12,131
10/12/2007,OSU,OH,AGL,CE,Federal Contract Tower,0,9,52,0,61,0,3,124,0,127,0,12,176,0,188,88,0,88,276
10/13/2007,OSU,OH,AGL,CE,Federal Contract Tower,0,10,39,0,49,0,7,104,0,111,0,17,143,0,160,0,0,0,160
10/14/2007,OSU,OH,AGL,CE,Federal Contract Tower,0,2,36,0,38,0,18,143,0,161,0,20,179,0,199,34,0,34,233
10/15/2007,OSU,OH,AGL,CE,Federal Contract Tower,0,5,48,0,53,0,31,204,0,235,0,36,252,0,288,84,0,84,372
10/16/2007,OSU,OH,AGL,CE,Federal Contract Tower,0,16,51,0,67,0,16,74,0,90,0,32,125,0,157,70,0,70,227
10/17/2007,OSU,OH,AGL,CE,Federal Contract Tower,0,3,60,0,63,0,4,44,0,48,0,7,104,0,111,36,0,36,147
10/18/2007,OSU,OH,AGL,CE,Federal Contract Tower,0,7,49,0,56,0,13,36,4,53,0,20,85,4,109,2,12,14,123
10/19/2007,OSU,OH,AGL,CE,Federal Contract Tower,0,9,49,0,58,0,10,22,0,32,0,19,71,0,90,0,0,0,90
10/20/2007,OSU,OH,AGL,CE,Federal Contract Tower,0,10,27,0,37,0,18,113,0,131,0,28,140,0,168,8,0,8,176
10/21/2007,OSU,OH,AGL,CE,Federal Contract Tower,0,6,19,0,25,0,7,159,0,166,0,13,178,0,191,18,0,18,209
10/22/2007,OSU,OH,AGL,CE,Federal Contract Tower,0,7,34,0,41,0,13,118,2,133,0,20,152,2,174,82,0,82,256
10/23/2007,OSU,OH,AGL,CE,Federal Contract Tower,0,14,39,0,53,0,3,0,0,3,0,17,39,0,56,0,0,0,56
10/24/2007,OSU,OH,AGL,CE,Federal Contract Tower,0,8,56,0,64,0,3,83,3,89,0,11,139,3,153,30,0,30,183
10/25/2007,OSU,OH,AGL,CE,Federal Contract Tower,0,7,49,0,56,0,8,78,0,86,0,15,127,0,142,0,0,0,142
10/26/2007,OSU,OH,AGL,CE,Federal Contract Tower,0,6,72,2,80,0,0,43,0,43,0,6,115,2,123,18,0,18,141
10/27/2007,OSU,OH,AGL,CE,Federal Contract Tower,0,5,21,0,26,0,4,52,0,56,0,9,73,0,82,12,0,12,94
10/28/2007,OSU,OH,AGL,CE,Federal Contract Tower,0,1,31,0,32,0,13,107,0,120,0,14,138,0,152,6,0,6,158
10/29/2007,OSU,OH,AGL,CE,Federal Contract Tower,0,1,32,0,33,0,5,185,0,190,0,6,217,0,223,156,0,156,379
10/30/2007,OSU,OH,AGL,CE,Federal Contract Tower,0,5,39,0,44,0,10,202,0,212,0,15,241,0,256,224,0,224,480
10/31/2007,OSU,OH,AGL,CE,Federal Contract Tower,0,8,33,0,41,0,6,121,2,129,0,14,154,2,170,46,0,46,216
11/01/2007,OSU,OH,AGL,CE,Federal Contract Tower,0,7,63,0,70,0,11,215,0,226,0,18,278,0,296,178,0,178,474
11/02/2007,OSU,OH,AGL,CE,Federal Contract Tower,0,7,52,0,59,0,5,146,0,151,0,12,198,0,210,172,0,172,382
11/03/2007,OSU,OH,AGL,CE,Federal Contract Tower,0,7,41,0,48,0,13,137,0,150,0,20,178,0,198,4,0,4,202
11/04/2007,OSU,OH,AGL,CE,Federal Contract Tower,0,2,45,0,47,0,3,144,0,147,0,5,189,0,194,0,0,0,194
11/05/2007,OSU,OH,AGL,CE,Federal Contract Tower,0,1,50,0,51,0,3,41,4,48,0,4,91,4,99,0,0,0,99
11/06/2007,OSU,OH,AGL,CE,Federal Contract Tower,0,7,40,0,47,0,12,49,0,61,0,19,89,0,108,2,0,2,110
11/07/2007,OSU,OH,AGL,CE,Federal Contract Tower,0,6,50,0,56,0,1,120,0,121,0,7,170,0,177,150,0,150,327
11/08/2007,OSU,OH,AGL,CE,Federal Contract Tower,0,6,55,0,61,0,2,151,2,155,0,8,206,2,216,98,0,98,314
11/09/2007,OSU,OH,AGL,CE,Federal Contract Tower,0,6,53,0,59,0,15,151,4,170,0,21,204,4,229,106,0,106,335
11/10/2007,OSU,OH,AGL,CE,Federal Contract Tower,0,13,42,0,55,0,1,111,0,112,0,14,153,0,167,8,0,8,175
11/11/2007,OSU,OH,AGL,CE,Federal Contract Tower,0,7,28,0,35,0,0,7,0,7,0,7,35,0,42,0,0,0,42
11/12/2007,OSU,OH,AGL,CE,Federal Contract Tower,0,12,29,0,41,0,10,62,0,72,0,22,91,0,113,0,0,0,113
11/13/2007,OSU,OH,AGL,CE,Federal Contract Tower,0,9,44,0,53,0,5,62,0,67,0,14,106,0,120,48,6,54,174
11/14/2007,OSU,OH,AGL,CE,Federal Contract Tower,0,7,25,0,32,0,8,93,0,101,0,15,118,0,133,14,0,14,147
11/15/2007,OSU,OH,AGL,CE,Federal Contract Tower,0,8,24,0,32,0,2,27,0,29,0,10,51,0,61,0,0,0,61
11/16/2007,OSU,OH,AGL,CE,Federal Contract Tower,0,7,40,0,47,0,7,126,0,133,0,14,166,0,180,96,0,96,276
11/17/2007,OSU,OH,AGL,CE,Federal Contract Tower,0,10,14,0,24,0,17,80,0,97,0,27,94,0,121,0,0,0,121
11/18/2007,OSU,OH,AGL,CE,Federal Contract Tower,0,4,37,0,41,0,13,64,0,77,0,17,101,0,118,56,0,56,174
11/19/2007,OSU,OH,AGL,CE,Federal Contract Tower,0,3,42,0,45,0,6,74,4,84,0,9,116,4,129,60,0,60,189
11/20/2007,OSU,OH,AGL,CE,Federal Contract Tower,0,7,55,0,62,0,9,74,0,83,0,16,129,0,145,84,0,84,229
11/21/2007,OSU,OH,AGL,CE,Federal Contract Tower,0,10,41,0,51,0,0,36,3,39,0,10,77,3,90,0,0,0,90
11/22/2007,OSU,OH,AGL,CE,Federal Contract Tower,0,5,5,0,10,0,2,17,0,19,0,7,22,0,29,0,0,0,29
11/23/2007,OSU,OH,AGL,CE,Federal Contract Tower,0,4,13,0,17,0,6,82,0,88,0,10,95,0,105,26,0,26,131
11/24/2007,OSU,OH,AGL,CE,Federal Contract Tower,0,3,20,0,23,0,11,142,0,153,0,14,162,0,176,12,0,12,188
11/25/2007,OSU,OH,AGL,CE,Federal Contract Tower,0,1,10,0,11,0,0,115,0,115,0,1,125,0,126,20,0,20,146
11/26/2007,OSU,OH,AGL,CE,Federal Contract Tower,0,1,28,0,29,0,0,0,0,0,0,1,28,0,29,0,0,0,29
11/27/2007,OSU,OH,AGL,CE,Federal Contract Tower,0,12,29,1,42,0,2,88,2,92,0,14,117,3,134,14,0,14,148
11/28/2007,OSU,OH,AGL,CE,Federal Contract Tower,0,5,33,1,39,0,8,132,0,140,0,13,165,1,179,82,0,82,261
11/29/2007,OSU,OH,AGL,CE,Federal Contract Tower,0,6,33,0,39,0,7,86,0,93,0,13,119,0,132,82,0,82,214
11/30/2007,OSU,OH,AGL,CE,Federal Contract Tower,0,2,28,0,30,0,5,90,0,95,0,7,118,0,125,8,6,14,139
12/01/2007,OSU,OH,AGL,CE,Federal Contract Tower,0,4,11,0,15,0,0,99,0,99,0,4,110,0,114,0,0,0,114
12/02/2007,OSU,OH,AGL,CE,Federal Contract Tower,0,2,14,0,16,0,0,0,0,0,0,2,14,0,16,0,0,0,16
12/03/2007,OSU,OH,AGL,CE,Federal Contract Tower,0,6,14,0,20,0,2,13,4,19,0,8,27,4,39,0,0,0,39
12/04/2007,OSU,OH,AGL,CE,Federal Contract Tower,0,7,34,0,41,0,2,64,0,66,0,9,98,0,107,124,0,124,231
12/05/2007,OSU,OH,AGL,CE,Federal Contract Tower,0,4,25,0,29,0,1,19,0,20,0,5,44,0,49,6,0,6,55
12/06/2007,OSU,OH,AGL,CE,Federal Contract Tower,0,6,38,0,44,0,2,125,0,127,0,8,163,0,171,30,0,30,201
12/07/2007,OSU,OH,AGL,CE,Federal Contract Tower,0,1,22,0,23,0,10,2,0,12,0,11,24,0,35,0,0,0,35
12/08/2007,OSU,OH,AGL,CE,Federal Contract Tower,0,5,25,0,30,0,5,30,0,35,0,10,55,0,65,16,0,16,81
12/09/2007,OSU,OH,AGL,CE,Federal Contract Tower,0,1,16,0,17,0,0,0,0,0,0,1,16,0,17,0,0,0,17
12/10/2007,OSU,OH,AGL,CE,Federal Contract Tower,0,8,19,0,27,0,0,0,0,0,0,8,19,0,27,0,0,0,27
12/11/2007,OSU,OH,AGL,CE,Federal Contract Tower,0,5,29,0,34,0,3,8,2,13,0,8,37,2,47,0,0,0,47
12/12/2007,OSU,OH,AGL,CE,Federal Contract Tower,0,11,38,0,49,0,5,89,0,94,0,16,127,0,143,66,0,66,209
12/13/2007,OSU,OH,AGL,CE,Federal Contract Tower,0,4,41,0,45,0,3,32,0,35,0,7,73,0,80,12,0,12,92
12/14/2007,OSU,OH,AGL,CE,Federal Contract Tower,0,5,32,0,37,0,8,71,0,79,0,13,103,0,116,108,0,108,224
12/15/2007,OSU,OH,AGL,CE,Federal Contract Tower,0,4,2,0,6,0,0,9,0,9,0,4,11,0,15,6,0,6,21
12/16/2007,OSU,OH,AGL,CE,Federal Contract Tower,0,0,7,0,7,0,1,0,0,1,0,1,7,0,8,0,0,0,8
12/17/2007,OSU,OH,AGL,CE,Federal Contract Tower,0,10,46,0,56,0,0,18,0,18,0,10,64,0,74,20,0,20,94
12/18/2007,OSU,OH,AGL,CE,Federal Contract Tower,0,10,48,0,58,0,6,139,0,145,0,16,187,0,203,92,0,92,295
12/19/2007,OSU,OH,AGL,CE,Federal Contract Tower,0,8,47,0,55,0,2,79,0,81,0,10,126,0,136,68,0,68,204
12/20/2007,OSU,OH,AGL,CE,Federal Contract Tower,0,11,32,0,43,0,1,130,0,131,0,12,162,0,174,62,0,62,236
12/21/2007,OSU,OH,AGL,CE,Federal Contract Tower,0,5,35,0,40,0,8,58,1,67,0,13,93,1,107,48,0,48,155
12/22/2007,OSU,OH,AGL,CE,Federal Contract Tower,0,7,16,0,23,0,3,120,0,123,0,10,136,0,146,22,0,22,168
12/23/2007,OSU,OH,AGL,CE,Federal Contract Tower,0,1,10,0,11,0,1,0,0,1,0,2,10,0,12,0,0,0,12
12/24/2007,OSU,OH,AGL,CE,Federal Contract Tower,0,2,14,0,16,0,2,33,0,35,0,4,47,0,51,8,0,8,59
12/25/2007,OSU,OH,AGL,CE,Federal Contract Tower,0,0,3,0,3,0,2,34,0,36,0,2,37,0,39,18,0,18,57
12/26/2007,OSU,OH,AGL,CE,Federal Contract Tower,0,0,20,0,20,0,3,158,0,161,0,3,178,0,181,86,0,86,267
12/27/2007,OSU,OH,AGL,CE,Federal Contract Tower,0,7,22,0,29,0,0,14,0,14,0,7,36,0,43,0,0,0,43
12/28/2007,OSU,OH,AGL,CE,Federal Contract Tower,0,10,19,0,29,0,9,47,0,56,0,19,66,0,85,32,0,32,117
12/29/2007,OSU,OH,AGL,CE,Federal Contract Tower,0,7,19,0,26,0,2,55,0,57,0,9,74,0,83,66,0,66,149
12/30/2007,OSU,OH,AGL,CE,Federal Contract Tower,0,0,19,0,19,0,10,48,0,58,0,10,67,0,77,20,0,20,97
12/31/2007,OSU,OH,AGL,CE,Federal Contract Tower,0,0,9,0,9,0,0,41,0,41,0,0,50,0,50,0,0,0,50
01/01/2008,OSU,OH,AGL,CE,Federal Contract Tower,0,0,8,0,8,0,0,0,0,0,0,0,8,0,8,0,0,0,8
01/02/2008,OSU,OH,AGL,CE,Federal Contract Tower,0,2,18,0,20,0,0,10,0,10,0,2,28,0,30,0,0,0,30
01/03/2008,OSU,OH,AGL,CE,Federal Contract Tower,0,4,17,0,21,0,2,51,2,55,0,6,68,2,76,0,0,0,76
01/04/2008,OSU,OH,AGL,CE,Federal Contract Tower,0,6,30,0,36,0,9,129,0,138,0,15,159,0,174,52,0,52,226
01/05/2008,OSU,OH,AGL,CE,Federal Contract Tower,0,4,14,0,18,0,1,15,4,20,0,5,29,4,38,0,0,0,38
01/06/2008,OSU,OH,AGL,CE,Federal Contract Tower,0,0,20,0,20,0,19,40,0,59,0,19,60,0,79,0,0,0,79
01/07/2008,OSU,OH,AGL,CE,Federal Contract Tower,0,0,17,0,17,0,23,99,0,122,0,23,116,0,139,0,0,0,139
01/08/2008,OSU,OH,AGL,CE,Federal Contract Tower,0,11,34,0,45,0,1,36,1,38,0,12,70,1,83,10,20,30,113
01/09/2008,OSU,OH,AGL,CE,Federal Contract Tower,0,8,30,0,38,0,4,181,0,185,0,12,211,0,223,168,0,168,391
01/10/2008,OSU,OH,AGL,CE,Federal Contract Tower,0,9,39,0,48,0,1,116,0,117,0,10,155,0,165,66,0,66,231
01/11/2008,OSU,OH,AGL,CE,Federal Contract Tower,0,4,14,0,18,0,8,8,0,16,0,12,22,0,34,0,0,0,34
01/12/2008,OSU,OH,AGL,CE,Federal Contract Tower,0,4,8,0,12,0,2,212,0,214,0,6,220,0,226,90,0,90,316
01/13/2008,OSU,OH,AGL,CE,Federal Contract Tower,0,2,13,0,15,0,0,49,0,49,0,2,62,0,64,54,0,54,118
01/14/2008,OSU,OH,AGL,CE,Federal Contract Tower,0,2,19,0,21,0,0,6,0,6,0,2,25,0,27,0,0,0,27
01/15/2008,OSU,OH,AGL,CE,Federal Contract Tower,0,6,24,0,30,0,0,19,0,19,0,6,43,0,49,0,0,0,49
01/16/2008,OSU,OH,AGL,CE,Federal Contract Tower,0,5,26,0,31,0,0,226,0,226,0,5,252,0,257,170,0,170,427
01/17/2008,OSU,OH,AGL,CE,Federal Contract Tower,0,10,38,0,48,0,0,46,0,46,0,10,84,0,94,96,0,96,190
01/18/2008,OSU,OH,AGL,CE,Federal Contract Tower,0,5,24,0,29,0,2,143,0,145,0,7,167,0,174,6,0,6,180
01/19/2008,OSU,OH,AGL,CE,Federal Contract Tower,0,8,13,0,21,0,0,64,0,64,0,8,77,0,85,14,0,14,99
01/20/2008,OSU,OH,AGL,CE,Federal Contract Tower,0,2,18,0,20,0,15,46,0,61,0,17,64,0,81,0,0,0,81
01/21/2008,OSU,OH,AGL,CE,Federal Contract Tower,0,1,21,0,22,0,11,100,0,111,0,12,121,0,133,40,0,40,173
01/22/2008,OSU,OH,AGL,CE,Federal Contract Tower,0,2,15,0,17,0,7,21,0,28,0,9,36,0,45,0,0,0,45
01/23/2008,OSU,OH,AGL,CE,Federal Contract Tower,0,5,39,0,44,0,3,226,0,229,0,8,265,0,273,124,0,124,397
01/24/2008,OSU,OH,AGL,CE,Federal Contract Tower,0,0,14,1,15,0,3,62,0,65,0,3,76,1,80,2,0,2,82
01/25/2008,OSU,OH,AGL,CE,Federal Contract Tower,0,2,31,0,33,0,10,122,0,132,0,12,153,0,165,44,0,44,209
01/26/2008,OSU,OH,AGL,CE,Federal Contract Tower,0,4,12,0,16,0,5,77,0,82,0,9,89,0,98,32,0,32,130
01/27/2008,OSU,OH,AGL,CE,Federal Contract Tower,0,2,15,0,17,0,7,77,0,84,0,9,92,0,101,48,0,48,149
01/28/2008,OSU,OH,AGL,CE,Federal Contract Tower,0,3,47,0,50,0,2,132,0,134,0,5,179,0,184,102,0,102,286
01/29/2008,OSU,OH,AGL,CE,Federal Contract Tower,0,10,35,0,45,0,7,9,0,16,0,17,44,0,61,0,0,0,61
01/30/2008,OSU,OH,AGL,CE,Federal Contract Tower,0,8,18,0,26,0,1,48,0,49,0,9,66,0,75,0,0,0,75
01/31/2008,OSU,OH,AGL,CE,Federal Contract Tower,0,11,51,0,62,0,2,162,0,164,0,13,213,0,226,126,0,126,352
02/01/2008,OSU,OH,AGL,CE,Federal Contract Tower,0,1,26,0,27,0,0,4,0,4,0,1,30,0,31,0,0,0,31
02/02/2008,OSU,OH,AGL,CE,Federal Contract Tower,0,4,19,0,23,0,11,64,0,75,0,15,83,0,98,84,0,84,182
02/03/2008,OSU,OH,AGL,CE,Federal Contract Tower,0,2,15,0,17,0,3,16,0,19,0,5,31,0,36,0,0,0,36
02/04/2008,OSU,OH,AGL,CE,Federal Contract Tower,0,3,25,0,28,0,1,1,0,2,0,4,26,0,30,0,0,0,30
02/05/2008,OSU,OH,AGL,CE,Federal Contract Tower,0,7,21,0,28,0,0,0,0,0,0,7,21,0,28,0,0,0,28
02/06/2008,OSU,OH,AGL,CE,Federal Contract Tower,0,10,35,0,45,0,0,0,0,0,0,10,35,0,45,0,0,0,45
02/07/2008,OSU,OH,AGL,CE,Federal Contract Tower,0,8,43,0,51,0,1,45,4,50,0,9,88,4,101,16,0,16,117
02/08/2008,OSU,OH,AGL,CE,Federal Contract Tower,0,11,29,0,40,0,3,71,0,74,0,14,100,0,114,94,0,94,208
02/09/2008,OSU,OH,AGL,CE,Federal Contract Tower,0,5,10,0,15,0,0,49,0,49,0,5,59,0,64,0,0,0,64
02/10/2008,OSU,OH,AGL,CE,Federal Contract Tower,0,4,11,0,15,0,0,14,0,14,0,4,25,0,29,0,0,0,29
02/11/2008,OSU,OH,AGL,CE,Federal Contract Tower,0,0,30,0,30,0,5,86,0,91,0,5,116,0,121,60,0,60,181
02/12/2008,OSU,OH,AGL,CE,Federal Contract Tower,0,3,3,0,6,0,0,0,0,0,0,3,3,0,6,0,0,0,6
02/13/2008,OSU,OH,AGL,CE,Federal Contract Tower,0,5,18,0,23,0,2,78,4,84,0,7,96,4,107,86,0,86,193
02/14/2008,OSU,OH,AGL,CE,Federal Contract Tower,0,2,36,0,38,0,5,143,2,150,0,7,179,2,188,30,0,30,218
02/15/2008,OSU,OH,AGL,CE,Federal Contract Tower,0,4,20,0,24,0,7,31,0,38,0,11,51,0,62,56,0,56,118
02/16/2008,OSU,OH,AGL,CE,Federal Contract Tower,0,2,25,0,27,0,3,140,0,143,0,5,165,0,170,38,0,38,208
02/17/2008,OSU,OH,AGL,CE,Federal Contract Tower,0,4,3,0,7,0,1,21,0,22,0,5,24,0,29,6,0,6,35
02/18/2008,OSU,OH,AGL,CE,Federal Contract Tower,0,1,10,0,11,0,3,3,0,6,0,4,13,0,17,0,0,0,17
02/19/2008,OSU,OH,AGL,CE,Federal Contract Tower,0,2,16,0,18,0,9,62,0,71,0,11,78,0,89,106,0,106,195
02/20/2008,OSU,OH,AGL,CE,Federal Contract Tower,0,2,36,0,38,0,6,18,0,24,0,8,54,0,62,2,0,2,64
02/21/2008,OSU,OH,AGL,CE,Federal Contract Tower,0,4,42,0,46,0,3,178,0,181,0,7,220,0,227,176,0,176,403
02/22/2008,OSU,OH,AGL,CE,Federal Contract Tower,0,2,9,0,11,0,0,0,0,0,0,2,9,0,11,0,0,0,11
02/23/2008,OSU,OH,AGL,CE,Federal Contract Tower,0,2,10,0,12,0,4,80,0,84,0,6,90,0,96,46,0,46,142
02/24/2008,OSU,OH,AGL,CE,Federal Contract Tower,0,0,23,0,23,0,0,57,0,57,0,0,80,0,80,64,0,64,144
02/25/2008,OSU,OH,AGL,CE,Federal Contract Tower,0,0,35,0,35,0,12,47,0,59,0,12,82,0,94,136,0,136,230
02/26/2008,OSU,OH,AGL,CE,Federal Contract Tower,0,4,11,0,15,0,0,0,0,0,0,4,11,0,15,0,0,0,15
02/27/2008,OSU,OH,AGL,CE,Federal Contract Tower,0,3,26,0,29,0,0,32,0,32,0,3,58,0,61,20,0,20,81
02/28/2008,OSU,OH,AGL,CE,Federal Contract Tower,0,8,43,0,51,0,16,224,2,242,0,24,267,2,293,86,0,86,379
02/29/2008,OSU,OH,AGL,CE,Federal Contract Tower,0,6,17,0,23,0,1,3,0,4,0,7,20,0,27,0,0,0,27
03/01/2008,OSU,OH,AGL,CE,Federal Contract Tower,0,2,16,0,18,0,11,134,0,145,0,13,150,0,163,98,0,98,261
03/02/2008,OSU,OH,AGL,CE,Federal Contract Tower,0,1,31,0,32,0,0,123,0,123,0,1,154,0,155,20,0,20,175
03/03/2008,OSU,OH,AGL,CE,Federal Contract Tower,0,2,28,0,30,0,0,53,0,53,0,2,81,0,83,16,0,16,99
03/04/2008,OSU,OH,AGL,CE,Federal Contract Tower,0,5,16,0,21,0,0,5,0,5,0,5,21,0,26,0,0,0,26
03/05/2008,OSU,OH,AGL,CE,Federal Contract Tower,0,4,29,0,33,0,0,59,0,59,0,4,88,0,92,50,0,50,142
03/06/2008,OSU,OH,AGL,CE,Federal Contract Tower,0,6,56,0,62,0,1,124,1,126,0,7,180,1,188,152,0,152,340
03/07/2008,OSU,OH,AGL,CE,Federal Contract Tower,0,4,6,0,10,0,0,4,0,4,0,4,10,0,14,0,0,0,14
03/08/2008,OSU,OH,AGL,CE,Federal Contract Tower,0,0,0,0,0,0,0,0,0,0,0,0,0,0,0,0,0,0,0
03/09/2008,OSU,OH,AGL,CE,Federal Contract Tower,0,0,16,0,16,0,6,2,0,8,0,6,18,0,24,0,0,0,24
03/10/2008,OSU,OH,AGL,CE,Federal Contract Tower,0,2,27,0,29,0,12,50,0,62,0,14,77,0,91,44,8,52,143
03/11/2008,OSU,OH,AGL,CE,Federal Contract Tower,0,6,26,0,32,0,4,85,0,89,0,10,111,0,121,16,0,16,137
03/12/2008,OSU,OH,AGL,CE,Federal Contract Tower,0,5,47,0,52,0,6,230,0,236,0,11,277,0,288,224,0,224,512
03/13/2008,OSU,OH,AGL,CE,Federal Contract Tower,0,1,66,0,67,0,7,116,2,125,0,8,182,2,192,86,0,86,278
03/14/2008,OSU,OH,AGL,CE,Federal Contract Tower,0,3,32,0,35,0,2,24,0,26,0,5,56,0,61,0,0,0,61
03/15/2008,OSU,OH,AGL,CE,Federal Contract Tower,0,2,30,0,32,0,2,0,0,2,0,4,30,0,34,0,0,0,34
03/16/2008,OSU,OH,AGL,CE,Federal Contract Tower,0,0,19,0,19,0,2,126,0,128,0,2,145,0,147,42,0,42,189
03/17/2008,OSU,OH,AGL,CE,Federal Contract Tower,0,4,27,1,32,0,1,111,5,117,0,5,138,6,149,76,0,76,225
03/18/2008,OSU,OH,AGL,CE,Federal Contract Tower,0,10,19,1,30,0,1,3,0,4,0,11,22,1,34,0,0,0,34
03/19/2008,OSU,OH,AGL,CE,Federal Contract Tower,0,7,18,1,26,0,0,0,0,0,0,7,18,1,26,0,0,0,26
03/20/2008,OSU,OH,AGL,CE,Federal Contract Tower,0,5,44,0,49,0,1,115,0,116,0,6,159,0,165,86,0,86,251
03/21/2008,OSU,OH,AGL,CE,Federal Contract Tower,0,2,15,0,17,0,7,75,0,82,0,9,90,0,99,32,2,34,133
03/22/2008,OSU,OH,AGL,CE,Federal Contract Tower,0,2,3,0,5,0,3,23,1,27,0,5,26,1,32,0,0,0,32
03/23/2008,OSU,OH,AGL,CE,Federal Contract Tower,0,2,12,0,14,0,10,82,0,92,0,12,94,0,106,8,0,8,114
03/24/2008,OSU,OH,AGL,CE,Federal Contract Tower,0,0,23,0,23,0,1,67,0,68,0,1,90,0,91,22,0,22,113
03/25/2008,OSU,OH,AGL,CE,Federal Contract Tower,0,2,22,0,24,0,6,51,2,59,0,8,73,2,83,36,0,36,119
03/26/2008,OSU,OH,AGL,CE,Federal Contract Tower,0,2,23,0,25,0,11,190,0,201,0,13,213,0,226,132,0,132,358
03/27/2008,OSU,OH,AGL,CE,Federal Contract Tower,0,4,16,0,20,0,0,0,0,0,0,4,16,0,20,0,0,0,20
03/28/2008,OSU,OH,AGL,CE,Federal Contract Tower,0,6,16,0,22,0,3,32,0,35,0,9,48,0,57,12,0,12,69
03/29/2008,OSU,OH,AGL,CE,Federal Contract Tower,0,4,23,0,27,0,0,264,0,264,0,4,287,0,291,166,0,166,457
03/30/2008,OSU,OH,AGL,CE,Federal Contract Tower,0,4,21,0,25,0,1,17,0,18,0,5,38,0,43,2,0,2,45
03/31/2008,OSU,OH,AGL,CE,Federal Contract Tower,0,12,24,1,37,0,3,25,4,32,0,15,49,5,69,0,0,0,69
04/01/2008,OSU,OH,AGL,CE,Federal Contract Tower,0,6,22,0,28,0,1,27,0,28,0,7,49,0,56,10,0,10,66
04/02/2008,OSU,OH,AGL,CE,Federal Contract Tower,0,3,21,1,25,0,12,275,5,292,0,15,296,6,317,168,0,168,485
04/03/2008,OSU,OH,AGL,CE,Federal Contract Tower,0,5,34,0,39,0,1,120,0,121,0,6,154,0,160,206,0,206,366
04/04/2008,OSU,OH,AGL,CE,Federal Contract Tower,0,2,21,0,23,0,2,7,0,9,0,4,28,0,32,0,0,0,32
04/05/2008,OSU,OH,AGL,CE,Federal Contract Tower,0,2,13,0,15,0,6,142,0,148,0,8,155,0,163,92,0,92,255
04/06/2008,OSU,OH,AGL,CE,Federal Contract Tower,0,2,26,0,28,0,7,143,0,150,0,9,169,0,178,36,10,46,224
04/07/2008,OSU,OH,AGL,CE,Federal Contract Tower,0,1,29,0,30,0,9,115,0,124,0,10,144,0,154,132,0,132,286
04/08/2008,OSU,OH,AGL,CE,Federal Contract Tower,0,7,54,0,61,0,2,197,0,199,0,9,251,0,260,200,0,200,460
04/09/2008,OSU,OH,AGL,CE,Federal Contract Tower,0,3,41,0,44,0,4,138,0,142,0,7,179,0,186,108,0,108,294
04/10/2008,OSU,OH,AGL,CE,Federal Contract Tower,0,1,42,0,43,0,15,99,0,114,0,16,141,0,157,26,2,28,185
04/11/2008,OSU,OH,AGL,CE,Federal Contract Tower,0,2,20,0,22,0,1,11,0,12,0,3,31,0,34,2,0,2,36
04/12/2008,OSU,OH,AGL,CE,Federal Contract Tower,0,3,9,0,12,0,4,44,0,48,0,7,53,0,60,0,0,0,60
04/13/2008,OSU,OH,AGL,CE,Federal Contract Tower,0,3,20,0,23,0,0,8,0,8,0,3,28,0,31,6,0,6,37
04/14/2008,OSU,OH,AGL,CE,Federal Contract Tower,0,2,61,0,63,0,10,130,2,142,0,12,191,2,205,120,0,120,325
04/15/2008,OSU,OH,AGL,CE,Federal Contract Tower,0,4,26,0,30,0,8,190,0,198,0,12,216,0,228,250,0,250,478
04/16/2008,OSU,OH,AGL,CE,Federal Contract Tower,0,4,32,0,36,0,8,172,2,182,0,12,204,2,218,56,0,56,274
04/17/2008,OSU,OH,AGL,CE,Federal Contract Tower,0,10,66,0,76,0,5,238,0,243,0,15,304,0,319,116,0,116,435
04/18/2008,OSU,OH,AGL,CE,Federal Contract Tower,0,8,38,0,46,0,12,169,0,181,0,20,207,0,227,100,0,100,327
04/19/2008,OSU,OH,AGL,CE,Federal Contract Tower,0,9,30,0,39,0,1,72,0,73,0,10,102,0,112,68,0,68,180
04/20/2008,OSU,OH,AGL,CE,Federal Contract Tower,0,5,34,0,39,0,4,86,0,90,0,9,120,0,129,12,0,12,141
04/21/2008,OSU,OH,AGL,CE,Federal Contract Tower,0,4,25,0,29,0,9,115,0,124,0,13,140,0,153,162,0,162,315
04/22/2008,OSU,OH,AGL,CE,Federal Contract Tower,0,10,49,0,59,0,7,200,0,207,0,17,249,0,266,116,0,116,382
04/23/2008,OSU,OH,AGL,CE,Federal Contract Tower,0,7,41,0,48,0,10,196,4,210,0,17,237,4,258,150,0,150,408
04/24/2008,OSU,OH,AGL,CE,Federal Contract Tower,0,4,48,0,52,0,8,184,0,192,0,12,232,0,244,204,0,204,448
04/25/2008,OSU,OH,AGL,CE,Federal Contract Tower,0,1,24,4,29,0,5,60,0,65,0,6,84,4,94,62,0,62,156
04/26/2008,OSU,OH,AGL,CE,Federal Contract Tower,0,2,21,0,23,0,7,110,0,117,0,9,131,0,140,94,0,94,234
04/27/2008,OSU,OH,AGL,CE,Federal Contract Tower,0,1,20,0,21,0,2,117,0,119,0,3,137,0,140,56,0,56,196
04/28/2008,OSU,OH,AGL,CE,Federal Contract Tower,0,4,26,0,30,0,1,34,0,35,0,5,60,0,65,36,0,36,101
04/29/2008,OSU,OH,AGL,CE,Federal Contract Tower,0,4,31,0,35,0,2,69,0,71,0,6,100,0,106,58,0,58,164
04/30/2008,OSU,OH,AGL,CE,Federal Contract Tower,0,7,36,0,43,0,6,151,2,159,0,13,187,2,202,84,0,84,286
05/01/2008,OSU,OH,AGL,CE,Federal Contract Tower,0,9,50,0,59,0,19,81,0,100,0,28,131,0,159,18,0,18,177
05/02/2008,OSU,OH,AGL,CE,Federal Contract Tower,0,6,36,0,42,0,2,34,0,36,0,8,70,0,78,4,0,4,82
05/03/2008,OSU,OH,AGL,CE,Federal Contract Tower,0,2,10,0,12,0,4,13,0,17,0,6,23,0,29,6,0,6,35
05/04/2008,OSU,OH,AGL,CE,Federal Contract Tower,0,2,20,0,22,0,10,79,0,89,0,12,99,0,111,32,0,32,143
05/05/2008,OSU,OH,AGL,CE,Federal Contract Tower,0,1,45,0,46,0,12,135,0,147,0,13,180,0,193,152,0,152,345
05/06/2008,OSU,OH,AGL,CE,Federal Contract Tower,0,2,59,0,61,0,14,160,0,174,0,16,219,0,235,106,0,106,341
05/07/2008,OSU,OH,AGL,CE,Federal Contract Tower,0,15,50,0,65,0,5,55,0,60,0,20,105,0,125,18,0,18,143
05/08/2008,OSU,OH,AGL,CE,Federal Contract Tower,0,5,46,0,51,0,3,6,0,9,0,8,52,0,60,2,0,2,62
05/09/2008,OSU,OH,AGL,CE,Federal Contract Tower,0,4,41,0,45,0,0,27,0,27,0,4,68,0,72,0,0,0,72
05/10/2008,OSU,OH,AGL,CE,Federal Contract Tower,0,3,28,0,31,0,13,130,0,143,0,16,158,0,174,52,0,52,226
05/11/2008,OSU,OH,AGL,CE,Federal Contract Tower,0,3,6,0,9,0,0,7,0,7,0,3,13,0,16,0,0,0,16
05/12/2008,OSU,OH,AGL,CE,Federal Contract Tower,0,5,41,0,46,0,0,53,0,53,0,5,94,0,99,0,0,0,99
05/13/2008,OSU,OH,AGL,CE,Federal Contract Tower,0,4,49,0,53,0,8,217,0,225,0,12,266,0,278,76,0,76,354
05/14/2008,OSU,OH,AGL,CE,Federal Contract Tower,0,4,46,0,50,0,2,5,2,9,0,6,51,2,59,20,4,24,83
05/15/2008,OSU,OH,AGL,CE,Federal Contract Tower,0,1,30,0,31,0,1,107,0,108,0,2,137,0,139,170,0,170,309
05/16/2008,OSU,OH,AGL,CE,Federal Contract Tower,0,4,37,0,41,0,7,77,0,84,0,11,114,0,125,0,0,0,125
05/17/2008,OSU,OH,AGL,CE,Federal Contract Tower,0,8,8,0,16,0,1,60,0,61,0,9,68,0,77,0,0,0,77
05/18/2008,OSU,OH,AGL,CE,Federal Contract Tower,0,3,21,0,24,0,5,76,0,81,0,8,97,0,105,8,0,8,113
05/19/2008,OSU,OH,AGL,CE,Federal Contract Tower,0,2,28,0,30,0,5,149,4,158,0,7,177,4,188,44,0,44,232
05/20/2008,OSU,OH,AGL,CE,Federal Contract Tower,0,4,48,0,52,0,10,181,0,191,0,14,229,0,243,230,0,230,473
05/21/2008,OSU,OH,AGL,CE,Federal Contract Tower,0,2,41,0,43,0,4,170,2,176,0,6,211,2,219,40,0,40,259
05/22/2008,OSU,OH,AGL,CE,Federal Contract Tower,0,4,77,0,81,0,7,124,2,133,0,11,201,2,214,108,0,108,322
05/23/2008,OSU,OH,AGL,CE,Federal Contract Tower,0,2,48,0,50,0,3,124,0,127,0,5,172,0,177,80,0,80,257
05/24/2008,OSU,OH,AGL,CE,Federal Contract Tower,0,2,25,0,27,0,2,169,0,171,0,4,194,0,198,22,0,22,220
05/25/2008,OSU,OH,AGL,CE,Federal Contract Tower,0,5,30,0,35,0,3,144,0,147,0,8,174,0,182,2,0,2,184
05/26/2008,OSU,OH,AGL,CE,Federal Contract Tower,0,13,21,0,34,0,2,72,0,74,0,15,93,0,108,46,0,46,154
05/27/2008,OSU,OH,AGL,CE,Federal Contract Tower,0,15,50,0,65,0,0,26,0,26,0,15,76,0,91,0,0,0,91
05/28/2008,OSU,OH,AGL,CE,Federal Contract Tower,0,45,74,0,119,0,3,147,0,150,0,48,221,0,269,62,0,62,331
05/29/2008,OSU,OH,AGL,CE,Federal Contract Tower,0,6,60,0,66,0,10,175,0,185,0,16,235,0,251,246,0,246,497
05/30/2008,OSU,OH,AGL,CE,Federal Contract Tower,0,9,31,0,40,0,1,136,4,141,0,10,167,4,181,34,0,34,215
05/31/2008,OSU,OH,AGL,CE,Federal Contract Tower,0,7,14,0,21,0,1,57,0,58,0,8,71,0,79,4,0,4,83
06/01/2008,OSU,OH,AGL,CE,Federal Contract Tower,0,22,50,0,72,0,17,69,0,86,0,39,119,0,158,8,0,8,166
06/02/2008,OSU,OH,AGL,CE,Federal Contract Tower,0,15,44,0,59,0,22,143,0,165,0,37,187,0,224,138,0,138,362
06/03/2008,OSU,OH,AGL,CE,Federal Contract Tower,0,5,33,0,38,0,1,9,0,10,0,6,42,0,48,0,0,0,48
06/04/2008,OSU,OH,AGL,CE,Federal Contract Tower,0,2,33,0,35,0,0,21,8,29,0,2,54,8,64,0,0,0,64
06/05/2008,OSU,OH,AGL,CE,Federal Contract Tower,0,4,38,0,42,0,10,88,0,98,0,14,126,0,140,22,0,22,162
06/06/2008,OSU,OH,AGL,CE,Federal Contract Tower,0,2,27,0,29,0,7,115,4,126,0,9,142,4,155,16,0,16,171
06/07/2008,OSU,OH,AGL,CE,Federal Contract Tower,0,5,8,0,13,0,10,49,0,59,0,15,57,0,72,30,0,30,102
06/08/2008,OSU,OH,AGL,CE,Federal Contract Tower,0,5,20,0,25,0,4,69,0,73,0,9,89,0,98,26,0,26,124
06/09/2008,OSU,OH,AGL,CE,Federal Contract Tower,0,3,31,0,34,0,2,102,0,104,0,5,133,0,138,10,0,10,148
06/10/2008,OSU,OH,AGL,CE,Federal Contract Tower,0,5,29,0,34,0,0,66,0,66,0,5,95,0,100,8,0,8,108
06/11/2008,OSU,OH,AGL,CE,Federal Contract Tower,0,10,34,0,44,0,13,198,0,211,0,23,232,0,255,114,0,114,369
06/12/2008,OSU,OH,AGL,CE,Federal Contract Tower,0,8,32,0,40,0,2,141,0,143,0,10,173,0,183,136,0,136,319
06/13/2008,OSU,OH,AGL,CE,Federal Contract Tower,0,3,22,0,25,0,6,37,0,43,0,9,59,0,68,72,0,72,140
06/14/2008,OSU,OH,AGL,CE,Federal Contract Tower,0,6,25,0,31,0,5,57,0,62,0,11,82,0,93,14,0,14,107
06/15/2008,OSU,OH,AGL,CE,Federal Contract Tower,0,3,16,0,19,0,2,110,0,112,0,5,126,0,131,14,0,14,145
06/16/2008,OSU,OH,AGL,CE,Federal Contract Tower,0,3,24,0,27,0,6,56,0,62,0,9,80,0,89,10,0,10,99
06/17/2008,OSU,OH,AGL,CE,Federal Contract Tower,0,5,37,0,42,0,12,27,0,39,0,17,64,0,81,36,0,36,117
06/18/2008,OSU,OH,AGL,CE,Federal Contract Tower,0,9,40,0,49,0,5,114,0,119,0,14,154,0,168,18,0,18,186
06/19/2008,OSU,OH,AGL,CE,Federal Contract Tower,0,11,43,0,54,0,15,145,0,160,0,26,188,0,214,64,0,64,278
06/20/2008,OSU,OH,AGL,CE,Federal Contract Tower,0,3,21,0,24,0,6,199,0,205,0,9,220,0,229,112,0,112,341
06/21/2008,OSU,OH,AGL,CE,Federal Contract Tower,0,11,21,0,32,0,3,97,0,100,0,14,118,0,132,50,0,50,182
06/22/2008,OSU,OH,AGL,CE,Federal Contract Tower,0,7,21,0,28,0,0,73,0,73,0,7,94,0,101,40,0,40,141
06/23/2008,OSU,OH,AGL,CE,Federal Contract Tower,0,11,22,0,33,0,3,75,0,78,0,14,97,0,111,62,0,62,173
06/24/2008,OSU,OH,AGL,CE,Federal Contract Tower,0,4,47,0,51,0,4,210,0,214,0,8,257,0,265,196,0,196,461
06/25/2008,OSU,OH,AGL,CE,Federal Contract Tower,0,5,35,0,40,0,9,76,0,85,0,14,111,0,125,26,0,26,151
06/26/2008,OSU,OH,AGL,CE,Federal Contract Tower,0,3,43,0,46,0,4,71,2,77,0,7,114,2,123,60,0,60,183
06/27/2008,OSU,OH,AGL,CE,Federal Contract Tower,0,8,39,0,47,0,1,64,2,67,0,9,103,2,114,16,0,16,130
06/28/2008,OSU,OH,AGL,CE,Federal Contract Tower,0,5,13,0,18,0,1,24,0,25,0,6,37,0,43,2,0,2,45
06/29/2008,OSU,OH,AGL,CE,Federal Contract Tower,0,3,7,0,10,0,7,89,0,96,0,10,96,0,106,4,0,4,110
06/30/2008,OSU,OH,AGL,CE,Federal Contract Tower,0,1,45,0,46,0,1,24,0,25,0,2,69,0,71,28,0,28,99
07/01/2008,OSU,OH,AGL,CE,Federal Contract Tower,0,18,46,0,64,0,15,210,2,227,0,33,256,2,291,276,0,276,567
07/02/2008,OSU,OH,AGL,CE,Federal Contract Tower,0,8,31,0,39,0,12,173,0,185,0,20,204,0,224,160,0,160,384
07/03/2008,OSU,OH,AGL,CE,Federal Contract Tower,0,5,28,0,33,0,0,26,2,28,0,5,54,2,61,24,0,24,85
07/04/2008,OSU,OH,AGL,CE,Federal Contract Tower,0,5,18,0,23,0,0,13,0,13,0,5,31,0,36,0,0,0,36
07/05/2008,OSU,OH,AGL,CE,Federal Contract Tower,0,0,17,0,17,0,2,93,0,95,0,2,110,0,112,20,0,20,132
07/06/2008,OSU,OH,AGL,CE,Federal Contract Tower,0,3,31,0,34,0,7,127,0,134,0,10,158,0,168,30,0,30,198
07/07/2008,OSU,OH,AGL,CE,Federal Contract Tower,0,5,31,0,36,0,7,170,0,177,0,12,201,0,213,96,0,96,309
07/08/2008,OSU,OH,AGL,CE,Federal Contract Tower,0,13,27,0,40,0,1,114,1,116,0,14,141,1,156,38,0,38,194
07/09/2008,OSU,OH,AGL,CE,Federal Contract Tower,0,9,38,0,47,0,4,60,0,64,0,13,98,0,111,46,0,46,157
07/10/2008,OSU,OH,AGL,CE,Federal Contract Tower,0,13,49,0,62,0,0,167,0,167,0,13,216,0,229,218,0,218,447
07/11/2008,OSU,OH,AGL,CE,Federal Contract Tower,0,13,25,0,38,0,1,148,0,149,0,14,173,0,187,130,0,130,317
07/12/2008,OSU,OH,AGL,CE,Federal Contract Tower,0,7,10,0,17,0,1,86,0,87,0,8,96,0,104,8,0,8,112
07/13/2008,OSU,OH,AGL,CE,Federal Contract Tower,0,3,20,0,23,0,6,71,0,77,0,9,91,0,100,18,0,18,118
07/14/2008,OSU,OH,AGL,CE,Federal Contract Tower,0,3,39,0,42,0,3,191,0,194,0,6,230,0,236,132,0,132,368
07/15/2008,OSU,OH,AGL,CE,Federal Contract Tower,0,4,50,0,54,0,3,159,0,162,0,7,209,0,216,92,0,92,308
07/16/2008,OSU,OH,AGL,CE,Federal Contract Tower,0,4,46,0,50,0,0,213,0,213,0,4,259,0,263,144,0,144,407
07/17/2008,OSU,OH,AGL,CE,Federal Contract Tower,0,8,50,0,58,0,2,212,0,214,0,10,262,0,272,116,0,116,388
07/18/2008,OSU,OH,AGL,CE,Federal Contract Tower,0,6,27,0,33,0,2,119,0,121,0,8,146,0,154,34,0,34,188
07/19/2008,OSU,OH,AGL,CE,Federal Contract Tower,0,4,15,0,19,0,1,99,0,100,0,5,114,0,119,24,0,24,143
07/20/2008,OSU,OH,AGL,CE,Federal Contract Tower,0,4,30,0,34,0,4,88,0,92,0,8,118,0,126,24,0,24,150
07/21/2008,OSU,OH,AGL,CE,Federal Contract Tower,0,9,36,0,45,0,2,61,0,63,0,11,97,0,108,32,0,32,140
07/22/2008,OSU,OH,AGL,CE,Federal Contract Tower,0,12,50,0,62,0,0,169,0,169,0,12,219,0,231,192,0,192,423
07/23/2008,OSU,OH,AGL,CE,Federal Contract Tower,0,8,48,0,56,0,1,105,0,106,0,9,153,0,162,42,0,42,204
07/24/2008,OSU,OH,AGL,CE,Federal Contract Tower,0,8,45,0,53,0,0,232,0,232,0,8,277,0,285,226,0,226,511
07/25/2008,OSU,OH,AGL,CE,Federal Contract Tower,0,4,40,0,44,0,2,117,2,121,0,6,157,2,165,208,0,208,373
07/26/2008,OSU,OH,AGL,CE,Federal Contract Tower,0,5,17,0,22,0,9,63,2,74,0,14,80,2,96,12,0,12,108
07/27/2008,OSU,OH,AGL,CE,Federal Contract Tower,0,3,13,0,16,0,1,114,0,115,0,4,127,0,131,8,0,8,139
07/28/2008,OSU,OH,AGL,CE,Federal Contract Tower,0,3,30,0,33,0,2,129,0,131,0,5,159,0,164,166,0,166,330
07/29/2008,OSU,OH,AGL,CE,Federal Contract Tower,0,8,55,0,63,0,0,98,0,98,0,8,153,0,161,154,0,154,315
07/30/2008,OSU,OH,AGL,CE,Federal Contract Tower,0,8,50,0,58,0,2,111,0,113,0,10,161,0,171,178,0,178,349
07/31/2008,OSU,OH,AGL,CE,Federal Contract Tower,0,4,45,0,49,0,0,159,0,159,0,4,204,0,208,82,0,82,290
08/01/2008,OSU,OH,AGL,CE,Federal Contract Tower,0,4,30,0,34,0,5,109,0,114,0,9,139,0,148,96,0,96,244
08/02/2008,OSU,OH,AGL,CE,Federal Contract Tower,0,5,25,1,31,0,1,86,1,88,0,6,111,2,119,0,0,0,119
08/03/2008,OSU,OH,AGL,CE,Federal Contract Tower,0,1,22,0,23,0,0,158,0,158,0,1,180,0,181,28,0,28,209
08/04/2008,OSU,OH,AGL,CE,Federal Contract Tower,0,6,25,0,31,0,0,128,0,128,0,6,153,0,159,188,0,188,347
08/05/2008,OSU,OH,AGL,CE,Federal Contract Tower,0,12,37,0,49,0,0,57,0,57,0,12,94,0,106,56,0,56,162
08/06/2008,OSU,OH,AGL,CE,Federal Contract Tower,0,6,33,0,39,0,0,130,0,130,0,6,163,0,169,182,0,182,351
08/07/2008,OSU,OH,AGL,CE,Federal Contract Tower,0,7,46,0,53,0,1,126,4,131,0,8,172,4,184,68,0,68,252
08/08/2008,OSU,OH,AGL,CE,Federal Contract Tower,0,8,23,0,31,0,4,123,0,127,0,12,146,0,158,16,0,16,174
08/09/2008,OSU,OH,AGL,CE,Federal Contract Tower,0,4,21,0,25,0,3,98,0,101,0,7,119,0,126,36,0,36,162
08/10/2008,OSU,OH,AGL,CE,Federal Contract Tower,0,5,20,0,25,0,1,94,0,95,0,6,114,0,120,20,0,20,140
08/11/2008,OSU,OH,AGL,CE,Federal Contract Tower,0,7,35,0,42,0,2,75,0,77,0,9,110,0,119,66,0,66,185
08/12/2008,OSU,OH,AGL,CE,Federal Contract Tower,0,12,46,0,58,0,17,211,0,228,0,29,257,0,286,246,0,246,532
08/13/2008,OSU,OH,AGL,CE,Federal Contract Tower,0,10,61,0,71,0,0,148,2,150,0,10,209,2,221,162,6,168,389
08/14/2008,OSU,OH,AGL,CE,Federal Contract Tower,0,5,42,0,47,0,2,103,4,109,0,7,145,4,156,38,0,38,194
08/15/2008,OSU,OH,AGL,CE,Federal Contract Tower,0,7,36,0,43,0,1,134,0,135,0,8,170,0,178,100,0,100,278
08/16/2008,OSU,OH,AGL,CE,Federal Contract Tower,0,4,8,0,12,0,3,119,0,122,0,7,127,0,134,60,0,60,194
08/17/2008,OSU,OH,AGL,CE,Federal Contract Tower,0,0,19,0,19,0,0,138,0,138,0,0,157,0,157,12,0,12,169
08/18/2008,OSU,OH,AGL,CE,Federal Contract Tower,0,1,21,0,22,0,0,136,0,136,0,1,157,0,158,98,0,98,256
08/19/2008,OSU,OH,AGL,CE,Federal Contract Tower,0,9,39,0,48,0,0,129,0,129,0,9,168,0,177,108,0,108,285
08/20/2008,OSU,OH,AGL,CE,Federal Contract Tower,0,5,44,0,49,0,0,196,0,196,0,5,240,0,245,180,0,180,425
08/21/2008,OSU,OH,AGL,CE,Federal Contract Tower,0,7,59,0,66,0,7,185,0,192,0,14,244,0,258,156,0,156,414
08/22/2008,OSU,OH,AGL,CE,Federal Contract Tower,0,5,37,0,42,0,0,140,0,140,0,5,177,0,182,36,0,36,218
08/23/2008,OSU,OH,AGL,CE,Federal Contract Tower,0,5,33,0,38,0,3,103,0,106,0,8,136,0,144,6,0,6,150
08/24/2008,OSU,OH,AGL,CE,Federal Contract Tower,0,3,27,0,30,0,0,55,0,55,0,3,82,0,85,18,0,18,103
08/25/2008,OSU,OH,AGL,CE,Federal Contract Tower,0,1,39,0,40,0,3,73,0,76,0,4,112,0,116,14,0,14,130
08/26/2008,OSU,OH,AGL,CE,Federal Contract Tower,0,14,37,0,51,0,0,168,0,168,0,14,205,0,219,194,0,194,413
08/27/2008,OSU,OH,AGL,CE,Federal Contract Tower,0,10,47,0,57,0,2,7,0,9,0,12,54,0,66,0,0,0,66
08/28/2008,OSU,OH,AGL,CE,Federal Contract Tower,0,6,51,0,57,0,0,29,0,29,0,6,80,0,86,32,0,32,118
08/29/2008,OSU,OH,AGL,CE,Federal Contract Tower,0,6,42,0,48,0,0,106,0,106,0,6,148,0,154,146,0,146,300
08/30/2008,OSU,OH,AGL,CE,Federal Contract Tower,0,9,27,0,36,0,0,109,0,109,0,9,136,0,145,24,0,24,169
08/31/2008,OSU,OH,AGL,CE,Federal Contract Tower,0,2,16,0,18,0,1,109,0,110,0,3,125,0,128,0,0,0,128
09/01/2008,OSU,OH,AGL,CE,Federal Contract Tower,0,1,13,0,14,0,3,129,0,132,0,4,142,0,146,6,18,24,170
09/02/2008,OSU,OH,AGL,CE,Federal Contract Tower,0,5,39,0,44,0,0,134,0,134,0,5,173,0,178,132,0,132,310
09/03/2008,OSU,OH,AGL,CE,Federal Contract Tower,0,7,33,0,40,0,1,77,0,78,0,8,110,0,118,130,0,130,248
09/04/2008,OSU,OH,AGL,CE,Federal Contract Tower,0,11,42,0,53,0,0,149,2,151,0,11,191,2,204,144,0,144,348
09/05/2008,OSU,OH,AGL,CE,Federal Contract Tower,0,9,20,0,29,0,2,35,0,37,0,11,55,0,66,0,0,0,66
09/06/2008,OSU,OH,AGL,CE,Federal Contract Tower,0,5,20,0,25,0,1,67,0,68,0,6,87,0,93,36,0,36,129
09/07/2008,OSU,OH,AGL,CE,Federal Contract Tower,0,9,29,0,38,0,2,105,0,107,0,11,134,0,145,18,0,18,163
09/08/2008,OSU,OH,AGL,CE,Federal Contract Tower,0,8,53,0,61,0,0,123,0,123,0,8,176,0,184,228,0,228,412
09/09/2008,OSU,OH,AGL,CE,Federal Contract Tower,0,11,26,0,37,0,0,48,0,48,0,11,74,0,85,72,0,72,157
09/10/2008,OSU,OH,AGL,CE,Federal Contract Tower,0,6,38,0,44,0,0,107,0,107,0,6,145,0,151,122,0,122,273
09/11/2008,OSU,OH,AGL,CE,Federal Contract Tower,0,11,57,0,68,0,1,167,0,168,0,12,224,0,236,218,0,218,454
09/12/2008,OSU,OH,AGL,CE,Federal Contract Tower,0,9,35,0,44,0,0,11,0,11,0,9,46,0,55,0,0,0,55
09/13/2008,OSU,OH,AGL,CE,Federal Contract Tower,0,6,13,0,19,0,1,60,0,61,0,7,73,0,80,2,0,2,82
09/14/2008,OSU,OH,AGL,CE,Federal Contract Tower,0,2,9,0,11,0,0,17,0,17,0,2,26,0,28,2,0,2,30
09/15/2008,OSU,OH,AGL,CE,Federal Contract Tower,0,9,28,0,37,0,4,70,0,74,0,13,98,0,111,32,0,32,143
09/16/2008,OSU,OH,AGL,CE,Federal Contract Tower,0,2,36,0,38,0,0,116,4,120,0,2,152,4,158,120,0,120,278
09/17/2008,OSU,OH,AGL,CE,Federal Contract Tower,0,9,25,0,34,0,0,140,0,140,0,9,165,0,174,162,0,162,336
09/18/2008,OSU,OH,AGL,CE,Federal Contract Tower,0,12,57,0,69,0,0,158,0,158,0,12,215,0,227,62,0,62,289
09/19/2008,OSU,OH,AGL,CE,Federal Contract Tower,0,5,49,0,54,0,2,123,0,125,0,7,172,0,179,26,0,26,205
09/20/2008,OSU,OH,AGL,CE,Federal Contract Tower,0,3,35,0,38,0,0,134,0,134,0,3,169,0,172,8,0,8,180
09/21/2008,OSU,OH,AGL,CE,Federal Contract Tower,0,2,27,0,29,0,1,77,0,78,0,3,104,0,107,4,0,4,111
09/22/2008,OSU,OH,AGL,CE,Federal Contract Tower,0,7,29,0,36,0,1,153,0,154,0,8,182,0,190,66,0,66,256
09/23/2008,OSU,OH,AGL,CE,Federal Contract Tower,0,7,29,0,36,0,1,153,0,154,0,8,182,0,190,66,0,66,256
09/24/2008,OSU,OH,AGL,CE,Federal Contract Tower,0,5,52,2,59,0,5,116,0,121,0,10,168,2,180,52,0,52,232
09/25/2008,OSU,OH,AGL,CE,Federal Contract Tower,0,11,60,0,71,0,1,159,0,160,0,12,219,0,231,88,0,88,319
09/26/2008,OSU,OH,AGL,CE,Federal Contract Tower,0,6,45,0,51,0,3,145,0,148,0,9,190,0,199,40,0,40,239
09/27/2008,OSU,OH,AGL,CE,Federal Contract Tower,0,9,36,0,45,0,2,73,0,75,0,11,109,0,120,0,0,0,120
09/28/2008,OSU,OH,AGL,CE,Federal Contract Tower,0,3,38,0,41,0,4,68,0,72,0,7,106,0,113,6,0,6,119
09/29/2008,OSU,OH,AGL,CE,Federal Contract Tower,0,3,19,0,22,0,2,72,0,74,0,5,91,0,96,28,0,28,124
09/30/2008,OSU,OH,AGL,CE,Federal Contract Tower,0,7,42,0,49,0,0,62,1,63,0,7,104,1,112,6,0,6,118
10/01/2008,OSU,OH,AGL,CE,Federal Contract Tower,0,6,44,0,50,0,5,65,0,70,0,11,109,0,120,38,0,38,158
10/02/2008,OSU,OH,AGL,CE,Federal Contract Tower,0,6,62,0,68,0,0,135,0,135,0,6,197,0,203,116,0,116,319
10/03/2008,OSU,OH,AGL,CE,Federal Contract Tower,0,10,51,0,61,0,3,155,0,158,0,13,206,0,219,108,0,108,327
10/04/2008,OSU,OH,AGL,CE,Federal Contract Tower,0,6,12,0,18,0,2,193,1,196,0,8,205,1,214,4,0,4,218
10/05/2008,OSU,OH,AGL,CE,Federal Contract Tower,0,6,24,0,30,0,1,111,0,112,0,7,135,0,142,22,0,22,164
10/06/2008,OSU,OH,AGL,CE,Federal Contract Tower,0,4,27,0,31,0,1,105,0,106,0,5,132,0,137,12,0,12,149
10/07/2008,OSU,OH,AGL,CE,Federal Contract Tower,0,6,47,0,53,0,2,182,0,184,0,8,229,0,237,182,0,182,419
10/08/2008,OSU,OH,AGL,CE,Federal Contract Tower,0,6,56,0,62,0,0,4,0,4,0,6,60,0,66,0,0,0,66
10/09/2008,OSU,OH,AGL,CE,Federal Contract Tower,0,13,39,0,52,0,0,168,0,168,0,13,207,0,220,166,0,166,386
10/10/2008,OSU,OH,AGL,CE,Federal Contract Tower,0,4,46,0,50,0,2,225,0,227,0,6,271,0,277,176,0,176,453
10/11/2008,OSU,OH,AGL,CE,Federal Contract Tower,0,7,23,0,30,0,2,152,0,154,0,9,175,0,184,81,0,81,265
10/12/2008,OSU,OH,AGL,CE,Federal Contract Tower,0,9,38,0,47,0,0,155,0,155,0,9,193,0,202,0,0,0,202
10/13/2008,OSU,OH,AGL,CE,Federal Contract Tower,0,6,21,0,27,0,2,116,0,118,0,8,137,0,145,76,0,76,221
10/14/2008,OSU,OH,AGL,CE,Federal Contract Tower,0,3,44,0,47,0,0,177,0,177,0,3,221,0,224,134,0,134,358
10/15/2008,OSU,OH,AGL,CE,Federal Contract Tower,0,6,43,0,49,0,2,99,0,101,0,8,142,0,150,136,0,136,286
10/16/2008,OSU,OH,AGL,CE,Federal Contract Tower,0,6,38,0,44,0,0,60,0,60,0,6,98,0,104,70,0,70,174
10/17/2008,OSU,OH,AGL,CE,Federal Contract Tower,0,6,18,0,24,0,0,121,2,123,0,6,139,2,147,110,4,114,261
10/18/2008,OSU,OH,AGL,CE,Federal Contract Tower,0,2,20,0,22,0,3,71,0,74,0,5,91,0,96,12,0,12,108
10/19/2008,OSU,OH,AGL,CE,Federal Contract Tower,0,3,27,0,30,0,0,104,0,104,0,3,131,0,134,18,0,18,152
10/20/2008,OSU,OH,AGL,CE,Federal Contract Tower,0,0,32,0,32,0,0,151,0,151,0,0,183,0,183,70,0,70,253
10/21/2008,OSU,OH,AGL,CE,Federal Contract Tower,0,5,50,0,55,0,6,125,0,131,0,11,175,0,186,120,0,120,306
10/22/2008,OSU,OH,AGL,CE,Federal Contract Tower,0,9,38,0,47,0,0,191,0,191,0,9,229,0,238,116,0,116,354
10/23/2008,OSU,OH,AGL,CE,Federal Contract Tower,0,14,63,0,77,0,1,170,0,171,0,15,233,0,248,126,0,126,374
10/24/2008,OSU,OH,AGL,CE,Federal Contract Tower,0,10,45,0,55,0,0,57,0,57,0,10,102,0,112,28,0,28,140
10/25/2008,OSU,OH,AGL,CE,Federal Contract Tower,0,15,25,0,40,0,0,62,0,62,0,15,87,0,102,0,0,0,102
10/26/2008,OSU,OH,AGL,CE,Federal Contract Tower,0,9,30,0,39,0,0,64,0,64,0,9,94,0,103,14,0,14,117
10/27/2008,OSU,OH,AGL,CE,Federal Contract Tower,0,4,21,0,25,0,0,19,0,19,0,4,40,0,44,30,0,30,74
10/28/2008,OSU,OH,AGL,CE,Federal Contract Tower,0,7,49,0,56,0,0,49,0,49,0,7,98,0,105,2,0,2,107
10/29/2008,OSU,OH,AGL,CE,Federal Contract Tower,0,6,42,0,48,0,0,105,0,105,0,6,147,0,153,8,0,8,161
10/30/2008,OSU,OH,AGL,CE,Federal Contract Tower,0,8,50,0,58,0,3,121,0,124,0,11,171,0,182,188,0,188,370
10/31/2008,OSU,OH,AGL,CE,Federal Contract Tower,0,3,38,0,41,0,0,129,0,129,0,3,167,0,170,134,0,134,304
11/01/2008,OSU,OH,AGL,CE,Federal Contract Tower,0,5,11,0,16,0,0,94,0,94,0,5,105,0,110,60,0,60,170
11/02/2008,OSU,OH,AGL,CE,Federal Contract Tower,0,4,31,0,35,0,0,111,0,111,0,4,142,0,146,38,0,38,184
11/03/2008,OSU,OH,AGL,CE,Federal Contract Tower,0,4,40,0,44,0,1,152,0,153,0,5,192,0,197,134,0,134,331
11/04/2008,OSU,OH,AGL,CE,Federal Contract Tower,0,11,53,0,64,0,0,178,2,180,0,11,231,2,244,170,0,170,414
11/05/2008,OSU,OH,AGL,CE,Federal Contract Tower,0,10,39,0,49,0,2,161,0,163,0,12,200,0,212,76,0,76,288
11/06/2008,OSU,OH,AGL,CE,Federal Contract Tower,0,14,42,0,56,0,0,139,0,139,0,14,181,0,195,162,0,162,357
11/07/2008,OSU,OH,AGL,CE,Federal Contract Tower,0,3,25,0,28,0,0,35,0,35,0,3,60,0,63,0,0,0,63
11/08/2008,OSU,OH,AGL,CE,Federal Contract Tower,0,4,16,0,20,0,1,97,0,98,0,5,113,0,118,16,0,16,134
11/09/2008,OSU,OH,AGL,CE,Federal Contract Tower,0,1,9,0,10,0,0,35,0,35,0,1,44,0,45,14,0,14,59
11/10/2008,OSU,OH,AGL,CE,Federal Contract Tower,0,7,23,0,30,0,0,95,0,95,0,7,118,0,125,48,0,48,173
11/11/2008,OSU,OH,AGL,CE,Federal Contract Tower,0,2,40,0,42,0,2,88,0,90,0,4,128,0,132,2,0,2,134
11/12/2008,OSU,OH,AGL,CE,Federal Contract Tower,0,9,34,0,43,0,0,82,0,82,0,9,116,0,125,96,0,96,221
11/13/2008,OSU,OH,AGL,CE,Federal Contract Tower,0,9,33,0,42,0,1,57,0,58,0,10,90,0,100,8,0,8,108
11/14/2008,OSU,OH,AGL,CE,Federal Contract Tower,0,10,30,0,40,0,0,53,0,53,0,10,83,0,93,76,0,76,169
11/15/2008,OSU,OH,AGL,CE,Federal Contract Tower,0,2,6,0,8,0,0,0,0,0,0,2,6,0,8,0,0,0,8
11/16/2008,OSU,OH,AGL,CE,Federal Contract Tower,0,6,10,0,16,0,0,14,0,14,0,6,24,0,30,0,0,0,30
11/17/2008,OSU,OH,AGL,CE,Federal Contract Tower,0,3,19,0,22,0,0,0,0,0,0,3,19,0,22,2,0,2,24
11/18/2008,OSU,OH,AGL,CE,Federal Contract Tower,0,3,24,0,27,0,0,100,0,100,0,3,124,0,127,30,0,30,157
11/19/2008,OSU,OH,AGL,CE,Federal Contract Tower,0,7,38,0,45,0,6,138,0,144,0,13,176,0,189,70,0,70,259
11/20/2008,OSU,OH,AGL,CE,Federal Contract Tower,0,6,29,0,35,0,0,82,2,84,0,6,111,2,119,0,0,0,119
11/21/2008,OSU,OH,AGL,CE,Federal Contract Tower,0,5,30,0,35,0,0,42,0,42,0,5,72,0,77,6,0,6,83
11/22/2008,OSU,OH,AGL,CE,Federal Contract Tower,0,11,42,0,53,0,1,108,0,109,0,12,150,0,162,6,0,6,168
11/23/2008,OSU,OH,AGL,CE,Federal Contract Tower,0,8,12,0,20,0,1,97,0,98,0,9,109,0,118,12,0,12,130
11/24/2008,OSU,OH,AGL,CE,Federal Contract Tower,0,2,24,0,26,0,0,0,0,0,0,2,24,0,26,0,0,0,26
11/25/2008,OSU,OH,AGL,CE,Federal Contract Tower,0,1,27,0,28,0,0,3,0,3,0,1,30,0,31,0,0,0,31
11/26/2008,OSU,OH,AGL,CE,Federal Contract Tower,0,13,22,0,35,0,0,113,0,113,0,13,135,0,148,138,0,138,286
11/27/2008,OSU,OH,AGL,CE,Federal Contract Tower,0,4,4,0,8,0,3,75,0,78,0,7,79,0,86,30,0,30,116
11/28/2008,OSU,OH,AGL,CE,Federal Contract Tower,0,2,11,2,15,0,0,73,0,73,0,2,84,2,88,14,0,14,102
11/29/2008,OSU,OH,AGL,CE,Federal Contract Tower,0,9,14,0,23,0,4,100,0,104,0,13,114,0,127,12,0,12,139
11/30/2008,OSU,OH,AGL,CE,Federal Contract Tower,0,2,11,0,13,0,0,5,0,5,0,2,16,0,18,24,0,24,42
12/01/2008,OSU,OH,AGL,CE,Federal Contract Tower,0,4,18,0,22,0,0,0,0,0,0,4,18,0,22,0,0,0,22
12/02/2008,OSU,OH,AGL,CE,Federal Contract Tower,0,9,24,0,33,0,1,25,0,26,0,10,49,0,59,36,0,36,95
12/03/2008,OSU,OH,AGL,CE,Federal Contract Tower,0,3,23,0,26,0,0,86,0,86,0,3,109,0,112,0,0,0,112
12/04/2008,OSU,OH,AGL,CE,Federal Contract Tower,0,5,30,0,35,0,0,69,0,69,0,5,99,0,104,146,0,146,250
12/05/2008,OSU,OH,AGL,CE,Federal Contract Tower,0,5,36,0,41,0,0,123,0,123,0,5,159,0,164,192,0,192,356
12/06/2008,OSU,OH,AGL,CE,Federal Contract Tower,0,3,10,0,13,0,0,10,0,10,0,3,20,0,23,4,0,4,27
12/07/2008,OSU,OH,AGL,CE,Federal Contract Tower,0,2,17,0,19,0,0,29,0,29,0,2,46,0,48,0,0,0,48
12/08/2008,OSU,OH,AGL,CE,Federal Contract Tower,0,4,32,0,36,0,1,23,0,24,0,5,55,0,60,28,0,28,88
12/09/2008,OSU,OH,AGL,CE,Federal Contract Tower,0,6,20,0,26,0,0,1,0,1,0,6,21,0,27,12,0,12,39
12/10/2008,OSU,OH,AGL,CE,Federal Contract Tower,0,3,27,0,30,0,0,0,0,0,0,3,27,0,30,0,0,0,30
12/11/2008,OSU,OH,AGL,CE,Federal Contract Tower,0,4,18,0,22,0,0,45,0,45,0,4,63,0,67,106,0,106,173
12/12/2008,OSU,OH,AGL,CE,Federal Contract Tower,0,7,32,0,39,0,1,60,0,61,0,8,92,0,100,98,0,98,198
12/13/2008,OSU,OH,AGL,CE,Federal Contract Tower,0,2,15,0,17,0,1,136,0,137,0,3,151,0,154,116,0,116,270
12/14/2008,OSU,OH,AGL,CE,Federal Contract Tower,0,2,10,0,12,0,0,29,0,29,0,2,39,0,41,10,0,10,51
12/15/2008,OSU,OH,AGL,CE,Federal Contract Tower,0,2,14,0,16,0,0,9,0,9,0,2,23,0,25,8,0,8,33
12/16/2008,OSU,OH,AGL,CE,Federal Contract Tower,0,4,16,0,20,0,3,36,0,39,0,7,52,0,59,86,0,86,145
12/17/2008,OSU,OH,AGL,CE,Federal Contract Tower,0,6,19,0,25,0,0,0,0,0,0,6,19,0,25,0,0,0,25
12/18/2008,OSU,OH,AGL,CE,Federal Contract Tower,0,1,24,0,25,0,0,1,0,1,0,1,25,0,26,0,0,0,26
12/19/2008,OSU,OH,AGL,CE,Federal Contract Tower,0,5,13,0,18,0,0,3,0,3,0,5,16,0,21,0,0,0,21
12/20/2008,OSU,OH,AGL,CE,Federal Contract Tower,0,4,8,0,12,0,0,23,0,23,0,4,31,0,35,4,0,4,39
12/21/2008,OSU,OH,AGL,CE,Federal Contract Tower,0,1,4,0,5,0,0,4,0,4,0,1,8,0,9,0,0,0,9
12/22/2008,OSU,OH,AGL,CE,Federal Contract Tower,0,0,20,0,20,0,0,62,0,62,0,0,82,0,82,62,0,62,144
12/23/2008,OSU,OH,AGL,CE,Federal Contract Tower,0,2,17,0,19,0,0,67,0,67,0,2,84,0,86,30,0,30,116
12/24/2008,OSU,OH,AGL,CE,Federal Contract Tower,0,2,2,0,4,0,0,2,0,2,0,2,4,0,6,0,0,0,6
12/25/2008,OSU,OH,AGL,CE,Federal Contract Tower,0,2,2,0,4,0,0,38,0,38,0,2,40,0,42,0,0,0,42
12/26/2008,OSU,OH,AGL,CE,Federal Contract Tower,0,0,8,0,8,0,0,12,0,12,0,0,20,0,20,0,0,0,20
12/27/2008,OSU,OH,AGL,CE,Federal Contract Tower,0,12,15,0,27,0,0,64,0,64,0,12,79,0,91,0,0,0,91
12/28/2008,OSU,OH,AGL,CE,Federal Contract Tower,1,0,4,0,5,0,0,54,0,54,1,0,58,0,59,64,0,64,123
12/29/2008,OSU,OH,AGL,CE,Federal Contract Tower,0,2,12,0,14,0,0,129,0,129,0,2,141,0,143,84,0,84,227
12/30/2008,OSU,OH,AGL,CE,Federal Contract Tower,0,2,37,0,39,0,7,209,0,216,0,9,246,0,255,162,0,162,417
12/31/2008,OSU,OH,AGL,CE,Federal Contract Tower,0,0,4,0,4,0,1,44,0,45,0,1,48,0,49,0,6,6,55
01/01/2009,OSU,OH,AGL,CE,Federal Contract Tower,0,2,2,0,4,0,0,65,0,65,0,2,67,0,69,0,0,0,69
01/02/2009,OSU,OH,AGL,CE,Federal Contract Tower,0,0,11,0,11,0,0,128,0,128,0,0,139,0,139,94,0,94,233
01/03/2009,OSU,OH,AGL,CE,Federal Contract Tower,0,2,27,0,29,0,1,115,0,116,0,3,142,0,145,10,0,10,155
01/04/2009,OSU,OH,AGL,CE,Federal Contract Tower,0,2,12,0,14,0,0,0,0,0,0,2,12,0,14,0,0,0,14
01/05/2009,OSU,OH,AGL,CE,Federal Contract Tower,0,3,16,0,19,0,1,102,0,103,0,4,118,0,122,118,0,118,240
01/06/2009,OSU,OH,AGL,CE,Federal Contract Tower,0,3,5,0,8,0,1,2,0,3,0,4,7,0,11,0,0,0,11
01/07/2009,OSU,OH,AGL,CE,Federal Contract Tower,0,2,9,0,11,0,0,0,0,0,0,2,9,0,11,0,0,0,11
01/08/2009,OSU,OH,AGL,CE,Federal Contract Tower,0,2,34,0,36,0,0,23,0,23,0,2,57,0,59,0,0,0,59
01/09/2009,OSU,OH,AGL,CE,Federal Contract Tower,0,2,18,0,20,0,0,44,0,44,0,2,62,0,64,122,0,122,186
01/10/2009,OSU,OH,AGL,CE,Federal Contract Tower,0,2,0,0,2,0,0,0,0,0,0,2,0,0,2,0,0,0,2
01/11/2009,OSU,OH,AGL,CE,Federal Contract Tower,0,3,16,0,19,0,8,1,0,9,0,11,17,0,28,0,0,0,28
01/12/2009,OSU,OH,AGL,CE,Federal Contract Tower,0,4,25,0,29,0,0,7,0,7,0,4,32,0,36,0,0,0,36
01/13/2009,OSU,OH,AGL,CE,Federal Contract Tower,0,5,19,0,24,0,0,15,0,15,0,5,34,0,39,0,0,0,39
01/14/2009,OSU,OH,AGL,CE,Federal Contract Tower,0,3,21,0,24,0,0,0,0,0,0,3,21,0,24,0,0,0,24
01/15/2009,OSU,OH,AGL,CE,Federal Contract Tower,0,6,32,0,38,0,0,31,0,31,0,6,63,0,69,0,0,0,69
01/16/2009,OSU,OH,AGL,CE,Federal Contract Tower,0,2,18,0,20,0,0,41,0,41,0,2,59,0,61,42,0,42,103
01/17/2009,OSU,OH,AGL,CE,Federal Contract Tower,0,0,19,0,19,0,0,50,0,50,0,0,69,0,69,4,0,4,73
01/18/2009,OSU,OH,AGL,CE,Federal Contract Tower,0,0,8,0,8,0,0,12,0,12,0,0,20,0,20,2,0,2,22
01/19/2009,OSU,OH,AGL,CE,Federal Contract Tower,0,2,34,0,36,0,0,40,0,40,0,2,74,0,76,40,0,40,116
01/20/2009,OSU,OH,AGL,CE,Federal Contract Tower,0,3,32,0,35,0,0,122,0,122,0,3,154,0,157,14,0,14,171
01/21/2009,OSU,OH,AGL,CE,Federal Contract Tower,0,5,46,0,51,0,0,61,0,61,0,5,107,0,112,46,0,46,158
01/22/2009,OSU,OH,AGL,CE,Federal Contract Tower,0,6,35,0,41,0,0,164,0,164,0,6,199,0,205,172,0,172,377
01/23/2009,OSU,OH,AGL,CE,Federal Contract Tower,0,3,42,0,45,0,0,158,0,158,0,3,200,0,203,72,0,72,275
01/24/2009,OSU,OH,AGL,CE,Federal Contract Tower,0,6,9,0,15,0,0,77,0,77,0,6,86,0,92,14,0,14,106
01/25/2009,OSU,OH,AGL,CE,Federal Contract Tower,0,1,13,0,14,0,0,18,0,18,0,1,31,0,32,0,0,0,32
01/26/2009,OSU,OH,AGL,CE,Federal Contract Tower,0,0,15,0,15,0,1,113,0,114,0,1,128,0,129,48,0,48,177
01/27/2009,OSU,OH,AGL,CE,Federal Contract Tower,0,3,6,0,9,0,0,27,0,27,0,3,33,0,36,14,0,14,50
01/28/2009,OSU,OH,AGL,CE,Federal Contract Tower,0,2,10,0,12,0,1,5,0,6,0,3,15,0,18,0,0,0,18
01/29/2009,OSU,OH,AGL,CE,Federal Contract Tower,0,2,14,0,16,0,0,13,0,13,0,2,27,0,29,0,0,0,29
01/30/2009,OSU,OH,AGL,CE,Federal Contract Tower,0,3,22,0,25,0,0,40,0,40,0,3,62,0,65,20,0,20,85
01/31/2009,OSU,OH,AGL,CE,Federal Contract Tower,0,2,9,0,11,0,0,42,0,42,0,2,51,0,53,32,0,32,85
02/01/2009,OSU,OH,AGL,CE,Federal Contract Tower,0,0,7,0,7,0,0,99,0,99,0,0,106,0,106,8,0,8,114
02/02/2009,OSU,OH,AGL,CE,Federal Contract Tower,0,2,25,0,27,0,0,109,0,109,0,2,134,0,136,176,0,176,312
02/03/2009,OSU,OH,AGL,CE,Federal Contract Tower,0,2,27,0,29,0,0,136,0,136,0,2,163,0,165,180,0,180,345
02/04/2009,OSU,OH,AGL,CE,Federal Contract Tower,0,2,27,0,29,0,0,44,0,44,0,2,71,0,73,20,0,20,93
02/05/2009,OSU,OH,AGL,CE,Federal Contract Tower,0,6,35,0,41,0,0,191,0,191,0,6,226,0,232,130,0,130,362
02/06/2009,OSU,OH,AGL,CE,Federal Contract Tower,0,3,25,0,28,0,2,129,0,131,0,5,154,0,159,90,0,90,249
02/07/2009,OSU,OH,AGL,CE,Federal Contract Tower,0,6,6,0,12,0,0,39,0,39,0,6,45,0,51,6,0,6,57
02/08/2009,OSU,OH,AGL,CE,Federal Contract Tower,0,0,23,0,23,0,0,113,0,113,0,0,136,0,136,26,0,26,162
02/09/2009,OSU,OH,AGL,CE,Federal Contract Tower,0,1,33,0,34,0,1,79,0,80,0,2,112,0,114,124,0,124,238
02/10/2009,OSU,OH,AGL,CE,Federal Contract Tower,0,1,48,0,49,0,6,25,0,31,0,7,73,0,80,24,0,24,104
02/11/2009,OSU,OH,AGL,CE,Federal Contract Tower,0,3,10,0,13,0,1,60,0,61,0,4,70,0,74,0,0,0,74
02/12/2009,OSU,OH,AGL,CE,Federal Contract Tower,0,2,27,0,29,0,0,28,0,28,0,2,55,0,57,0,0,0,57
02/13/2009,OSU,OH,AGL,CE,Federal Contract Tower,0,7,44,0,51,0,2,167,0,169,0,9,211,0,220,278,0,278,498
02/14/2009,OSU,OH,AGL,CE,Federal Contract Tower,0,4,5,0,9,0,0,32,0,32,0,4,37,0,41,50,0,50,91
02/15/2009,OSU,OH,AGL,CE,Federal Contract Tower,0,0,23,0,23,0,0,76,0,76,0,0,99,0,99,4,0,4,103
02/16/2009,OSU,OH,AGL,CE,Federal Contract Tower,0,1,31,0,32,0,1,124,0,125,0,2,155,0,157,58,0,58,215
02/17/2009,OSU,OH,AGL,CE,Federal Contract Tower,0,4,25,0,29,0,0,178,0,178,0,4,203,0,207,76,0,76,283
02/18/2009,OSU,OH,AGL,CE,Federal Contract Tower,0,4,25,0,29,0,0,8,0,8,0,4,33,0,37,2,0,2,39
02/19/2009,OSU,OH,AGL,CE,Federal Contract Tower,0,2,12,0,14,0,2,10,0,12,0,4,22,0,26,0,0,0,26
02/20/2009,OSU,OH,AGL,CE,Federal Contract Tower,0,2,41,0,43,0,0,149,0,149,0,2,190,0,192,86,0,86,278
02/21/2009,OSU,OH,AGL,CE,Federal Contract Tower,0,2,5,0,7,0,0,6,0,6,0,2,11,0,13,2,0,2,15
02/22/2009,OSU,OH,AGL,CE,Federal Contract Tower,0,0,13,0,13,0,1,21,0,22,0,1,34,0,35,10,0,10,45
02/23/2009,OSU,OH,AGL,CE,Federal Contract Tower,0,3,26,0,29,0,0,147,0,147,0,3,173,0,176,58,0,58,234
02/24/2009,OSU,OH,AGL,CE,Federal Contract Tower,0,3,48,0,51,0,2,152,0,154,0,5,200,0,205,150,0,150,355
02/25/2009,OSU,OH,AGL,CE,Federal Contract Tower,0,4,23,0,27,0,4,203,2,209,0,8,226,2,236,146,0,146,382
02/26/2009,OSU,OH,AGL,CE,Federal Contract Tower,0,4,35,0,39,0,0,10,0,10,0,4,45,0,49,0,0,0,49
02/27/2009,OSU,OH,AGL,CE,Federal Contract Tower,0,3,16,0,19,0,0,3,0,3,0,3,19,0,22,22,0,22,44
02/28/2009,OSU,OH,AGL,CE,Federal Contract Tower,0,2,13,0,15,0,7,25,0,32,0,9,38,0,47,0,0,0,47
03/01/2009,OSU,OH,AGL,CE,Federal Contract Tower,0,0,10,0,10,0,0,35,0,35,0,0,45,0,45,0,0,0,45
03/02/2009,OSU,OH,AGL,CE,Federal Contract Tower,0,1,14,0,15,0,0,71,0,71,0,1,85,0,86,0,0,0,86
03/03/2009,OSU,OH,AGL,CE,Federal Contract Tower,0,3,34,0,37,0,0,196,0,196,0,3,230,0,233,96,0,96,329
03/04/2009,OSU,OH,AGL,CE,Federal Contract Tower,0,2,31,0,33,0,4,167,0,171,0,6,198,0,204,150,0,150,354
03/05/2009,OSU,OH,AGL,CE,Federal Contract Tower,0,2,43,0,45,0,2,88,0,90,0,4,131,0,135,78,0,78,213
03/06/2009,OSU,OH,AGL,CE,Federal Contract Tower,0,2,21,0,23,0,16,47,0,63,0,18,68,0,86,22,0,22,108
03/07/2009,OSU,OH,AGL,CE,Federal Contract Tower,0,0,25,0,25,0,4,72,0,76,0,4,97,0,101,22,0,22,123
03/08/2009,OSU,OH,AGL,CE,Federal Contract Tower,0,0,15,0,15,0,8,23,0,31,0,8,38,0,46,12,0,12,58
03/09/2009,OSU,OH,AGL,CE,Federal Contract Tower,0,3,12,0,15,0,12,109,0,121,0,15,121,0,136,80,0,80,216
03/10/2009,OSU,OH,AGL,CE,Federal Contract Tower,0,5,24,0,29,0,0,59,0,59,0,5,83,0,88,2,0,2,90
03/11/2009,OSU,OH,AGL,CE,Federal Contract Tower,0,9,17,0,26,0,0,51,0,51,0,9,68,0,77,10,0,10,87
03/12/2009,OSU,OH,AGL,CE,Federal Contract Tower,0,0,45,0,45,0,16,127,0,143,0,16,172,0,188,192,0,192,380
03/13/2009,OSU,OH,AGL,CE,Federal Contract Tower,0,6,31,0,37,0,1,160,0,161,0,7,191,0,198,168,0,168,366
03/14/2009,OSU,OH,AGL,CE,Federal Contract Tower,0,2,23,0,25,0,12,176,0,188,0,14,199,0,213,154,0,154,367
03/15/2009,OSU,OH,AGL,CE,Federal Contract Tower,0,0,19,0,19,0,9,165,0,174,0,9,184,0,193,28,0,28,221
03/16/2009,OSU,OH,AGL,CE,Federal Contract Tower,0,1,32,0,33,0,0,140,0,140,0,1,172,0,173,192,0,192,365
03/17/2009,OSU,OH,AGL,CE,Federal Contract Tower,0,4,36,0,40,0,0,162,0,162,0,4,198,0,202,166,0,166,368
03/18/2009,OSU,OH,AGL,CE,Federal Contract Tower,0,4,43,0,47,0,0,97,0,97,0,4,140,0,144,96,0,96,240
03/19/2009,OSU,OH,AGL,CE,Federal Contract Tower,0,4,38,0,42,0,1,169,0,170,0,5,207,0,212,76,0,76,288
03/20/2009,OSU,OH,AGL,CE,Federal Contract Tower,0,3,32,0,35,0,3,167,0,170,0,6,199,0,205,94,0,94,299
03/21/2009,OSU,OH,AGL,CE,Federal Contract Tower,0,5,15,0,20,0,2,217,0,219,0,7,232,0,239,32,0,32,271
03/22/2009,OSU,OH,AGL,CE,Federal Contract Tower,0,2,15,0,17,0,4,107,0,111,0,6,122,0,128,18,0,18,146
03/23/2009,OSU,OH,AGL,CE,Federal Contract Tower,0,0,19,0,19,0,2,133,0,135,0,2,152,0,154,120,0,120,274
03/24/2009,OSU,OH,AGL,CE,Federal Contract Tower,0,2,30,0,32,0,1,108,0,109,0,3,138,0,141,48,0,48,189
03/25/2009,OSU,OH,AGL,CE,Federal Contract Tower,0,8,31,0,39,0,0,0,0,0,0,8,31,0,39,0,0,0,39
03/26/2009,OSU,OH,AGL,CE,Federal Contract Tower,0,4,38,0,42,0,0,52,0,52,0,4,90,0,94,40,0,40,134
03/27/2009,OSU,OH,AGL,CE,Federal Contract Tower,0,3,23,0,26,0,14,155,0,169,0,17,178,0,195,140,0,140,335
03/28/2009,OSU,OH,AGL,CE,Federal Contract Tower,0,7,18,0,25,0,0,68,0,68,0,7,86,0,93,12,0,12,105
03/29/2009,OSU,OH,AGL,CE,Federal Contract Tower,0,1,14,0,15,0,0,11,0,11,0,1,25,0,26,0,0,0,26
03/30/2009,OSU,OH,AGL,CE,Federal Contract Tower,0,3,30,0,33,0,7,170,0,177,0,10,200,0,210,204,0,204,414
03/31/2009,OSU,OH,AGL,CE,Federal Contract Tower,0,2,38,0,40,0,0,149,0,149,0,2,187,0,189,82,0,82,271
04/01/2009,OSU,OH,AGL,CE,Federal Contract Tower,0,2,41,0,43,0,0,76,0,76,0,2,117,0,119,58,0,58,177
04/02/2009,OSU,OH,AGL,CE,Federal Contract Tower,0,1,32,0,33,0,2,199,0,201,0,3,231,0,234,142,0,142,376
04/03/2009,OSU,OH,AGL,CE,Federal Contract Tower,0,2,23,0,25,0,2,8,0,10,0,4,31,0,35,0,0,0,35
04/04/2009,OSU,OH,AGL,CE,Federal Contract Tower,0,4,14,0,18,0,1,102,0,103,0,5,116,0,121,48,0,48,169
04/05/2009,OSU,OH,AGL,CE,Federal Contract Tower,0,5,30,0,35,0,2,109,0,111,0,7,139,0,146,38,0,38,184
04/06/2009,OSU,OH,AGL,CE,Federal Contract Tower,0,2,18,0,20,0,0,2,0,2,0,2,20,0,22,0,0,0,22
04/07/2009,OSU,OH,AGL,CE,Federal Contract Tower,0,8,27,0,35,0,0,30,0,30,0,8,57,0,65,18,0,18,83
04/08/2009,OSU,OH,AGL,CE,Federal Contract Tower,0,7,51,0,58,0,3,230,1,234,0,10,281,1,292,238,0,238,530
04/09/2009,OSU,OH,AGL,CE,Federal Contract Tower,0,7,51,0,58,0,0,209,0,209,0,7,260,0,267,268,0,268,535
04/10/2009,OSU,OH,AGL,CE,Federal Contract Tower,0,4,22,0,26,0,1,26,0,27,0,5,48,0,53,0,0,0,53
04/11/2009,OSU,OH,AGL,CE,Federal Contract Tower,0,3,20,0,23,0,12,131,0,143,0,15,151,0,166,32,0,32,198
04/12/2009,OSU,OH,AGL,CE,Federal Contract Tower,0,1,19,0,20,0,11,94,0,105,0,12,113,0,125,20,0,20,145
04/13/2009,OSU,OH,AGL,CE,Federal Contract Tower,0,4,49,0,53,0,0,18,0,18,0,4,67,0,71,70,0,70,141
04/14/2009,OSU,OH,AGL,CE,Federal Contract Tower,0,3,30,0,33,0,0,2,0,2,0,3,32,0,35,0,0,0,35
04/15/2009,OSU,OH,AGL,CE,Federal Contract Tower,0,1,35,0,36,0,0,0,0,0,0,1,35,0,36,0,0,0,36
04/16/2009,OSU,OH,AGL,CE,Federal Contract Tower,0,3,34,0,37,0,3,204,0,207,0,6,238,0,244,138,0,138,382
04/17/2009,OSU,OH,AGL,CE,Federal Contract Tower,0,6,35,0,41,0,6,176,0,182,0,12,211,0,223,284,0,284,507
04/18/2009,OSU,OH,AGL,CE,Federal Contract Tower,0,0,25,0,25,0,6,219,0,225,0,6,244,0,250,224,0,224,474
04/19/2009,OSU,OH,AGL,CE,Federal Contract Tower,0,0,16,0,16,0,7,44,0,51,0,7,60,0,67,4,0,4,71
04/20/2009,OSU,OH,AGL,CE,Federal Contract Tower,0,4,21,0,25,0,0,13,0,13,0,4,34,0,38,6,0,6,44
04/21/2009,OSU,OH,AGL,CE,Federal Contract Tower,0,2,26,0,28,0,3,35,0,38,0,5,61,0,66,14,0,14,80
04/22/2009,OSU,OH,AGL,CE,Federal Contract Tower,0,2,25,0,27,0,3,54,0,57,0,5,79,0,84,18,0,18,102
04/23/2009,OSU,OH,AGL,CE,Federal Contract Tower,0,1,57,0,58,0,7,233,0,240,0,8,290,0,298,244,0,244,542
04/24/2009,OSU,OH,AGL,CE,Federal Contract Tower,0,0,50,0,50,0,0,68,0,68,0,0,118,0,118,38,0,38,156
04/25/2009,OSU,OH,AGL,CE,Federal Contract Tower,0,4,28,0,32,0,1,83,0,84,0,5,111,0,116,8,0,8,124
04/26/2009,OSU,OH,AGL,CE,Federal Contract Tower,0,0,19,0,19,0,0,81,0,81,0,0,100,0,100,36,0,36,136
04/27/2009,OSU,OH,AGL,CE,Federal Contract Tower,0,0,31,0,31,0,2,62,0,64,0,2,93,0,95,50,0,50,145
04/28/2009,OSU,OH,AGL,CE,Federal Contract Tower,0,4,25,0,29,0,0,30,0,30,0,4,55,0,59,116,0,116,175
04/29/2009,OSU,OH,AGL,CE,Federal Contract Tower,0,3,34,0,37,0,0,23,0,23,0,3,57,0,60,46,0,46,106
04/30/2009,OSU,OH,AGL,CE,Federal Contract Tower,0,0,27,0,27,0,0,38,0,38,0,0,65,0,65,0,0,0,65
05/01/2009,OSU,OH,AGL,CE,Federal Contract Tower,0,3,24,0,27,0,0,10,2,12,0,3,34,2,39,0,0,0,39
05/02/2009,OSU,OH,AGL,CE,Federal Contract Tower,0,4,13,0,17,0,0,129,0,129,0,4,142,0,146,52,0,52,198
05/03/2009,OSU,OH,AGL,CE,Federal Contract Tower,0,0,19,0,19,0,3,117,2,122,0,3,136,2,141,48,4,52,193
05/04/2009,OSU,OH,AGL,CE,Federal Contract Tower,0,3,30,0,33,0,1,135,0,136,0,4,165,0,169,92,0,92,261
05/05/2009,OSU,OH,AGL,CE,Federal Contract Tower,0,4,40,0,44,0,20,207,0,227,0,24,247,0,271,224,0,224,495
05/06/2009,OSU,OH,AGL,CE,Federal Contract Tower,0,17,40,0,57,0,0,4,0,4,0,17,44,0,61,0,0,0,61
05/07/2009,OSU,OH,AGL,CE,Federal Contract Tower,0,8,27,0,35,0,0,30,0,30,0,8,57,0,65,50,0,50,115
05/08/2009,OSU,OH,AGL,CE,Federal Contract Tower,0,4,47,0,51,0,0,91,0,91,0,4,138,0,142,106,0,106,248
05/09/2009,OSU,OH,AGL,CE,Federal Contract Tower,0,2,17,0,19,0,0,46,0,46,0,2,63,0,65,4,0,4,69
05/10/2009,OSU,OH,AGL,CE,Federal Contract Tower,0,3,31,0,34,0,0,105,0,105,0,3,136,0,139,22,0,22,161
05/11/2009,OSU,OH,AGL,CE,Federal Contract Tower,0,3,28,0,31,0,6,148,0,154,0,9,176,0,185,142,0,142,327
05/12/2009,OSU,OH,AGL,CE,Federal Contract Tower,0,1,52,0,53,0,0,244,0,244,0,1,296,0,297,250,0,250,547
05/13/2009,OSU,OH,AGL,CE,Federal Contract Tower,0,4,28,0,32,0,0,42,2,44,0,4,70,2,76,44,0,44,120
05/14/2009,OSU,OH,AGL,CE,Federal Contract Tower,0,2,37,0,39,0,2,50,0,52,0,4,87,0,91,48,0,48,139
05/15/2009,OSU,OH,AGL,CE,Federal Contract Tower,0,6,49,0,55,0,4,205,0,209,0,10,254,0,264,292,0,292,556
05/16/2009,OSU,OH,AGL,CE,Federal Contract Tower,0,5,17,0,22,0,0,40,0,40,0,5,57,0,62,32,0,32,94
05/17/2009,OSU,OH,AGL,CE,Federal Contract Tower,0,10,15,0,25,0,15,109,0,124,0,25,124,0,149,70,0,70,219
05/18/2009,OSU,OH,AGL,CE,Federal Contract Tower,0,1,25,0,26,0,0,207,0,207,0,1,232,0,233,174,0,174,407
05/19/2009,OSU,OH,AGL,CE,Federal Contract Tower,0,1,35,0,36,0,2,174,0,176,0,3,209,0,212,178,0,178,390
05/20/2009,OSU,OH,AGL,CE,Federal Contract Tower,0,5,49,0,54,0,0,220,0,220,0,5,269,0,274,110,0,110,384
05/21/2009,OSU,OH,AGL,CE,Federal Contract Tower,0,3,42,0,45,0,1,188,3,192,0,4,230,3,237,242,0,242,479
05/22/2009,OSU,OH,AGL,CE,Federal Contract Tower,0,2,38,2,42,0,8,131,0,139,0,10,169,2,181,104,0,104,285
05/23/2009,OSU,OH,AGL,CE,Federal Contract Tower,0,3,15,0,18,0,7,78,0,85,0,10,93,0,103,38,0,38,141
05/24/2009,OSU,OH,AGL,CE,Federal Contract Tower,0,2,17,0,19,0,4,92,0,96,0,6,109,0,115,20,0,20,135
05/25/2009,OSU,OH,AGL,CE,Federal Contract Tower,0,2,22,0,24,0,4,94,0,98,0,6,116,0,122,0,0,0,122
05/26/2009,OSU,OH,AGL,CE,Federal Contract Tower,0,0,19,0,19,0,0,21,0,21,0,0,40,0,40,34,0,34,74
05/27/2009,OSU,OH,AGL,CE,Federal Contract Tower,0,2,24,0,26,0,0,44,0,44,0,2,68,0,70,70,0,70,140
05/28/2009,OSU,OH,AGL,CE,Federal Contract Tower,0,9,29,0,38,0,0,10,0,10,0,9,39,0,48,26,0,26,74
05/29/2009,OSU,OH,AGL,CE,Federal Contract Tower,0,6,40,0,46,0,6,177,0,183,0,12,217,0,229,162,0,162,391
05/30/2009,OSU,OH,AGL,CE,Federal Contract Tower,0,1,21,0,22,0,6,171,0,177,0,7,192,0,199,92,0,92,291
05/31/2009,OSU,OH,AGL,CE,Federal Contract Tower,0,4,22,0,26,0,1,122,0,123,0,5,144,0,149,2,0,2,151
06/01/2009,OSU,OH,AGL,CE,Federal Contract Tower,0,3,39,0,42,0,0,109,0,109,0,3,148,0,151,30,0,30,181
06/02/2009,OSU,OH,AGL,CE,Federal Contract Tower,0,11,57,0,68,0,0,68,0,68,0,11,125,0,136,172,0,172,308
06/03/2009,OSU,OH,AGL,CE,Federal Contract Tower,0,6,60,0,66,0,0,21,0,21,0,6,81,0,87,26,0,26,113
06/04/2009,OSU,OH,AGL,CE,Federal Contract Tower,0,1,61,0,62,0,6,147,0,153,0,7,208,0,215,88,0,88,303
06/05/2009,OSU,OH,AGL,CE,Federal Contract Tower,0,7,40,0,47,0,7,134,0,141,0,14,174,0,188,116,0,116,304
06/06/2009,OSU,OH,AGL,CE,Federal Contract Tower,0,6,23,0,29,0,0,140,0,140,0,6,163,0,169,60,0,60,229
06/07/2009,OSU,OH,AGL,CE,Federal Contract Tower,0,20,50,0,70,0,0,115,0,115,0,20,165,0,185,8,0,8,193
06/08/2009,OSU,OH,AGL,CE,Federal Contract Tower,0,0,47,0,47,0,0,68,0,68,0,0,115,0,115,134,0,134,249
06/09/2009,OSU,OH,AGL,CE,Federal Contract Tower,0,4,49,0,53,0,1,136,0,137,0,5,185,0,190,190,0,190,380
06/10/2009,OSU,OH,AGL,CE,Federal Contract Tower,0,1,23,0,24,0,2,64,0,66,0,3,87,0,90,90,0,90,180
06/11/2009,OSU,OH,AGL,CE,Federal Contract Tower,0,1,35,0,36,0,0,13,0,13,0,1,48,0,49,2,0,2,51
06/12/2009,OSU,OH,AGL,CE,Federal Contract Tower,0,3,32,0,35,0,0,91,0,91,0,3,123,0,126,68,0,68,194
06/13/2009,OSU,OH,AGL,CE,Federal Contract Tower,0,8,12,0,20,0,0,105,0,105,0,8,117,0,125,32,0,32,157
06/14/2009,OSU,OH,AGL,CE,Federal Contract Tower,0,0,23,0,23,0,1,101,0,102,0,1,124,0,125,0,0,0,125
06/15/2009,OSU,OH,AGL,CE,Federal Contract Tower,0,3,24,0,27,0,8,133,0,141,0,11,157,0,168,22,0,22,190
06/16/2009,OSU,OH,AGL,CE,Federal Contract Tower,0,2,20,0,22,0,5,119,0,124,0,7,139,0,146,84,0,84,230
06/17/2009,OSU,OH,AGL,CE,Federal Contract Tower,0,2,14,0,16,0,0,42,0,42,0,2,56,0,58,2,0,2,60
06/18/2009,OSU,OH,AGL,CE,Federal Contract Tower,0,0,13,0,13,0,3,68,0,71,0,3,81,0,84,80,0,80,164
06/19/2009,OSU,OH,AGL,CE,Federal Contract Tower,0,0,16,0,16,0,1,46,0,47,0,1,62,0,63,12,0,12,75
06/20/2009,OSU,OH,AGL,CE,Federal Contract Tower,0,0,8,0,8,0,3,45,0,48,0,3,53,0,56,6,0,6,62
06/21/2009,OSU,OH,AGL,CE,Federal Contract Tower,0,0,11,0,11,0,2,76,0,78,0,2,87,0,89,16,0,16,105
06/22/2009,OSU,OH,AGL,CE,Federal Contract Tower,0,2,26,0,28,0,6,160,0,166,0,8,186,0,194,122,0,122,316
06/23/2009,OSU,OH,AGL,CE,Federal Contract Tower,0,0,20,0,20,0,10,206,0,216,0,10,226,0,236,158,0,158,394
06/24/2009,OSU,OH,AGL,CE,Federal Contract Tower,0,0,18,0,18,0,13,184,0,197,0,13,202,0,215,132,0,132,347
06/25/2009,OSU,OH,AGL,CE,Federal Contract Tower,0,0,20,0,20,0,0,196,0,196,0,0,216,0,216,96,0,96,312
06/26/2009,OSU,OH,AGL,CE,Federal Contract Tower,0,0,27,0,27,0,6,156,0,162,0,6,183,0,189,90,0,90,279
06/27/2009,OSU,OH,AGL,CE,Federal Contract Tower,0,0,9,0,9,0,0,128,0,128,0,0,137,0,137,84,0,84,221
06/28/2009,OSU,OH,AGL,CE,Federal Contract Tower,0,1,6,0,7,0,8,52,0,60,0,9,58,0,67,12,0,12,79
06/29/2009,OSU,OH,AGL,CE,Federal Contract Tower,0,2,13,0,15,0,6,119,0,125,0,8,132,0,140,80,0,80,220
06/30/2009,OSU,OH,AGL,CE,Federal Contract Tower,0,0,18,0,18,0,0,89,0,89,0,0,107,0,107,62,0,62,169
07/01/2009,OSU,OH,AGL,CE,Federal Contract Tower,0,2,28,0,30,0,0,112,0,112,0,2,140,0,142,64,0,64,206
07/02/2009,OSU,OH,AGL,CE,Federal Contract Tower,0,0,14,0,14,0,0,98,0,98,0,0,112,0,112,18,0,18,130
07/03/2009,OSU,OH,AGL,CE,Federal Contract Tower,0,0,17,0,17,0,0,97,0,97,0,0,114,0,114,22,0,22,136
07/04/2009,OSU,OH,AGL,CE,Federal Contract Tower,0,0,0,0,0,0,6,88,0,94,0,6,88,0,94,42,0,42,136
07/05/2009,OSU,OH,AGL,CE,Federal Contract Tower,0,0,17,0,17,0,1,83,0,84,0,1,100,0,101,22,0,22,123
07/06/2009,OSU,OH,AGL,CE,Federal Contract Tower,0,0,9,0,9,0,0,219,0,219,0,0,228,0,228,142,0,142,370
07/07/2009,OSU,OH,AGL,CE,Federal Contract Tower,0,0,21,0,21,0,1,217,2,220,0,1,238,2,241,102,0,102,343
07/08/2009,OSU,OH,AGL,CE,Federal Contract Tower,0,0,22,0,22,0,1,158,0,159,0,1,180,0,181,146,0,146,327
07/09/2009,OSU,OH,AGL,CE,Federal Contract Tower,0,0,16,0,16,0,4,127,0,131,0,4,143,0,147,150,0,150,297
07/10/2009,OSU,OH,AGL,CE,Federal Contract Tower,0,0,18,0,18,0,9,172,0,181,0,9,190,0,199,62,0,62,261
07/11/2009,OSU,OH,AGL,CE,Federal Contract Tower,0,0,9,0,9,0,0,13,0,13,0,0,22,0,22,4,0,4,26
07/12/2009,OSU,OH,AGL,CE,Federal Contract Tower,0,0,17,0,17,0,1,112,0,113,0,1,129,0,130,54,0,54,184
07/13/2009,OSU,OH,AGL,CE,Federal Contract Tower,0,0,20,0,20,0,4,135,0,139,0,4,155,0,159,110,0,110,269
07/14/2009,OSU,OH,AGL,CE,Federal Contract Tower,0,0,22,0,22,0,7,152,0,159,0,7,174,0,181,122,0,122,303
07/15/2009,OSU,OH,AGL,CE,Federal Contract Tower,0,0,11,0,11,0,1,105,0,106,0,1,116,0,117,56,0,56,173
07/16/2009,OSU,OH,AGL,CE,Federal Contract Tower,0,0,20,0,20,0,1,131,0,132,0,1,151,0,152,84,0,84,236
07/17/2009,OSU,OH,AGL,CE,Federal Contract Tower,0,0,26,0,26,0,2,171,0,173,0,2,197,0,199,76,0,76,275
07/18/2009,OSU,OH,AGL,CE,Federal Contract Tower,0,0,19,0,19,0,0,69,0,69,0,0,88,0,88,10,0,10,98
07/19/2009,OSU,OH,AGL,CE,Federal Contract Tower,0,2,8,0,10,0,1,113,0,114,0,3,121,0,124,44,0,44,168
07/20/2009,OSU,OH,AGL,CE,Federal Contract Tower,0,0,16,0,16,0,0,119,0,119,0,0,135,0,135,124,0,124,259
07/21/2009,OSU,OH,AGL,CE,Federal Contract Tower,0,0,18,0,18,0,0,145,0,145,0,0,163,0,163,182,0,182,345
07/22/2009,OSU,OH,AGL,CE,Federal Contract Tower,0,0,20,0,20,0,0,12,0,12,0,0,32,0,32,12,0,12,44
07/23/2009,OSU,OH,AGL,CE,Federal Contract Tower,0,0,35,0,35,0,1,30,0,31,0,1,65,0,66,98,0,98,164
07/24/2009,OSU,OH,AGL,CE,Federal Contract Tower,0,0,32,0,32,0,3,119,0,122,0,3,151,0,154,74,0,74,228
07/25/2009,OSU,OH,AGL,CE,Federal Contract Tower,0,0,4,0,4,0,1,6,0,7,0,1,10,0,11,0,0,0,11
07/26/2009,OSU,OH,AGL,CE,Federal Contract Tower,0,1,15,0,16,0,1,81,0,82,0,2,96,0,98,20,0,20,118
07/27/2009,OSU,OH,AGL,CE,Federal Contract Tower,0,0,19,0,19,0,4,148,0,152,0,4,167,0,171,74,0,74,245
07/28/2009,OSU,OH,AGL,CE,Federal Contract Tower,0,0,22,0,22,0,4,149,0,153,0,4,171,0,175,70,0,70,245
07/29/2009,OSU,OH,AGL,CE,Federal Contract Tower,0,0,18,0,18,0,2,11,0,13,0,2,29,0,31,0,0,0,31
07/30/2009,OSU,OH,AGL,CE,Federal Contract Tower,0,0,24,0,24,0,0,78,0,78,0,0,102,0,102,114,0,114,216
07/31/2009,OSU,OH,AGL,CE,Federal Contract Tower,0,0,11,0,11,0,0,88,0,88,0,0,99,0,99,86,0,86,185
08/01/2009,OSU,OH,AGL,CE,Federal Contract Tower,0,0,17,0,17,0,0,124,0,124,0,0,141,0,141,40,0,40,181
08/02/2009,OSU,OH,AGL,CE,Federal Contract Tower,0,0,17,0,17,0,2,80,0,82,0,2,97,0,99,18,0,18,117
08/03/2009,OSU,OH,AGL,CE,Federal Contract Tower,0,0,19,0,19,0,4,130,0,134,0,4,149,0,153,122,0,122,275
08/04/2009,OSU,OH,AGL,CE,Federal Contract Tower,0,0,10,0,10,0,0,38,0,38,0,0,48,0,48,14,0,14,62
08/05/2009,OSU,OH,AGL,CE,Federal Contract Tower,0,0,23,0,23,0,0,54,0,54,0,0,77,0,77,112,0,112,189
08/06/2009,OSU,OH,AGL,CE,Federal Contract Tower,0,0,27,0,27,0,0,204,3,207,0,0,231,3,234,116,0,116,350
08/07/2009,OSU,OH,AGL,CE,Federal Contract Tower,0,0,19,0,19,0,0,167,1,168,0,0,186,1,187,134,0,134,321
08/08/2009,OSU,OH,AGL,CE,Federal Contract Tower,0,0,14,0,14,0,4,66,2,72,0,4,80,2,86,4,0,4,90
08/09/2009,OSU,OH,AGL,CE,Federal Contract Tower,0,0,15,0,15,0,10,84,0,94,0,10,99,0,109,12,0,12,121
08/10/2009,OSU,OH,AGL,CE,Federal Contract Tower,0,0,24,0,24,0,5,69,0,74,0,5,93,0,98,102,0,102,200
08/11/2009,OSU,OH,AGL,CE,Federal Contract Tower,0,0,20,0,20,0,0,71,0,71,0,0,91,0,91,74,0,74,165
08/12/2009,OSU,OH,AGL,CE,Federal Contract Tower,0,0,26,0,26,0,1,138,0,139,0,1,164,0,165,66,0,66,231
08/13/2009,OSU,OH,AGL,CE,Federal Contract Tower,0,0,25,0,25,0,0,107,0,107,0,0,132,0,132,40,0,40,172
08/14/2009,OSU,OH,AGL,CE,Federal Contract Tower,0,0,19,0,19,0,0,76,0,76,0,0,95,0,95,64,0,64,159
08/15/2009,OSU,OH,AGL,CE,Federal Contract Tower,0,2,21,0,23,0,0,117,0,117,0,2,138,0,140,12,0,12,152
08/16/2009,OSU,OH,AGL,CE,Federal Contract Tower,0,0,12,0,12,0,0,118,0,118,0,0,130,0,130,10,0,10,140
08/17/2009,OSU,OH,AGL,CE,Federal Contract Tower,0,0,14,0,14,0,0,113,0,113,0,0,127,0,127,50,0,50,177
08/18/2009,OSU,OH,AGL,CE,Federal Contract Tower,0,0,14,0,14,0,0,127,0,127,0,0,141,0,141,62,0,62,203
08/19/2009,OSU,OH,AGL,CE,Federal Contract Tower,0,0,11,0,11,0,0,21,0,21,0,0,32,0,32,2,0,2,34
08/20/2009,OSU,OH,AGL,CE,Federal Contract Tower,0,0,15,0,15,0,0,17,0,17,0,0,32,0,32,2,0,2,34
08/21/2009,OSU,OH,AGL,CE,Federal Contract Tower,0,0,35,0,35,0,3,70,0,73,0,3,105,0,108,38,0,38,146
08/22/2009,OSU,OH,AGL,CE,Federal Contract Tower,0,0,20,0,20,0,4,66,0,70,0,4,86,0,90,30,0,30,120
08/23/2009,OSU,OH,AGL,CE,Federal Contract Tower,0,0,32,0,32,0,0,125,0,125,0,0,157,0,157,68,0,68,225
08/24/2009,OSU,OH,AGL,CE,Federal Contract Tower,0,0,26,0,26,0,1,156,0,157,0,1,182,0,183,146,0,146,329
08/25/2009,OSU,OH,AGL,CE,Federal Contract Tower,0,0,29,0,29,0,2,171,0,173,0,2,200,0,202,166,0,166,368
08/26/2009,OSU,OH,AGL,CE,Federal Contract Tower,0,0,49,0,49,0,1,101,0,102,0,1,150,0,151,98,0,98,249
08/27/2009,OSU,OH,AGL,CE,Federal Contract Tower,0,0,34,0,34,0,0,54,0,54,0,0,88,0,88,144,0,144,232
08/28/2009,OSU,OH,AGL,CE,Federal Contract Tower,0,0,32,0,32,0,0,14,0,14,0,0,46,0,46,32,0,32,78
08/29/2009,OSU,OH,AGL,CE,Federal Contract Tower,0,0,15,0,15,0,0,56,0,56,0,0,71,0,71,16,0,16,87
08/30/2009,OSU,OH,AGL,CE,Federal Contract Tower,0,2,31,0,33,0,0,98,0,98,0,2,129,0,131,30,0,30,161
08/31/2009,OSU,OH,AGL,CE,Federal Contract Tower,0,0,38,0,38,0,0,116,0,116,0,0,154,0,154,90,0,90,244
09/01/2009,OSU,OH,AGL,CE,Federal Contract Tower,0,0,41,0,41,0,0,153,0,153,0,0,194,0,194,102,0,102,296
09/02/2009,OSU,OH,AGL,CE,Federal Contract Tower,0,2,26,0,28,0,6,126,0,132,0,8,152,0,160,124,0,124,284
09/03/2009,OSU,OH,AGL,CE,Federal Contract Tower,0,2,34,0,36,0,0,171,2,173,0,2,205,2,209,158,0,158,367
09/04/2009,OSU,OH,AGL,CE,Federal Contract Tower,0,2,18,2,22,0,1,139,0,140,0,3,157,2,162,70,0,70,232
09/05/2009,OSU,OH,AGL,CE,Federal Contract Tower,0,10,41,0,51,0,0,126,0,126,0,10,167,0,177,44,0,44,221
09/06/2009,OSU,OH,AGL,CE,Federal Contract Tower,0,0,8,0,8,0,2,105,0,107,0,2,113,0,115,2,0,2,117
09/07/2009,OSU,OH,AGL,CE,Federal Contract Tower,0,2,14,0,16,0,1,12,0,13,0,3,26,0,29,20,0,20,49
09/08/2009,OSU,OH,AGL,CE,Federal Contract Tower,0,4,28,0,32,0,0,7,0,7,0,4,35,0,39,0,0,0,39
09/09/2009,OSU,OH,AGL,CE,Federal Contract Tower,0,2,34,0,36,0,0,64,0,64,0,2,98,0,100,22,0,22,122
09/10/2009,OSU,OH,AGL,CE,Federal Contract Tower,0,0,53,0,53,0,0,137,0,137,0,0,190,0,190,52,0,52,242
09/11/2009,OSU,OH,AGL,CE,Federal Contract Tower,0,5,50,0,55,0,3,194,0,197,0,8,244,0,252,106,0,106,358
09/12/2009,OSU,OH,AGL,CE,Federal Contract Tower,0,8,65,0,73,0,1,202,0,203,0,9,267,0,276,16,0,16,292
09/13/2009,OSU,OH,AGL,CE,Federal Contract Tower,0,3,56,0,59,0,0,129,0,129,0,3,185,0,188,12,0,12,200
09/14/2009,OSU,OH,AGL,CE,Federal Contract Tower,0,2,34,0,36,0,4,142,0,146,0,6,176,0,182,102,0,102,284
09/15/2009,OSU,OH,AGL,CE,Federal Contract Tower,0,0,24,2,26,0,1,128,0,129,0,1,152,2,155,100,0,100,255
09/16/2009,OSU,OH,AGL,CE,Federal Contract Tower,0,0,21,0,21,0,0,130,0,130,0,0,151,0,151,70,0,70,221
09/17/2009,OSU,OH,AGL,CE,Federal Contract Tower,0,2,35,0,37,0,0,170,0,170,0,2,205,0,207,128,0,128,335
09/18/2009,OSU,OH,AGL,CE,Federal Contract Tower,0,0,32,0,32,0,2,118,0,120,0,2,150,0,152,116,0,116,268
09/19/2009,OSU,OH,AGL,CE,Federal Contract Tower,0,2,15,0,17,0,2,93,0,95,0,4,108,0,112,12,0,12,124
09/20/2009,OSU,OH,AGL,CE,Federal Contract Tower,0,5,14,0,19,0,0,30,0,30,0,5,44,0,49,0,0,0,49
09/21/2009,OSU,OH,AGL,CE,Federal Contract Tower,0,5,30,0,35,0,0,4,0,4,0,5,34,0,39,12,0,12,51
09/22/2009,OSU,OH,AGL,CE,Federal Contract Tower,0,2,40,0,42,0,0,29,0,29,0,2,69,0,71,14,0,14,85
09/23/2009,OSU,OH,AGL,CE,Federal Contract Tower,0,4,37,0,41,0,3,60,0,63,0,7,97,0,104,50,0,50,154
09/24/2009,OSU,OH,AGL,CE,Federal Contract Tower,0,3,64,0,67,0,0,25,4,29,0,3,89,4,96,28,0,28,124
09/25/2009,OSU,OH,AGL,CE,Federal Contract Tower,0,0,45,0,45,0,0,164,0,164,0,0,209,0,209,174,0,174,383
09/26/2009,OSU,OH,AGL,CE,Federal Contract Tower,0,4,26,1,31,0,0,0,0,0,0,4,26,1,31,0,0,0,31
09/27/2009,OSU,OH,AGL,CE,Federal Contract Tower,0,3,25,0,28,0,2,59,0,61,0,5,84,0,89,10,0,10,99
09/28/2009,OSU,OH,AGL,CE,Federal Contract Tower,0,1,25,0,26,0,0,19,1,20,0,1,44,1,46,12,0,12,58
09/29/2009,OSU,OH,AGL,CE,Federal Contract Tower,0,4,23,0,27,0,0,48,0,48,0,4,71,0,75,18,0,18,93
09/30/2009,OSU,OH,AGL,CE,Federal Contract Tower,0,12,36,0,48,0,0,59,0,59,0,12,95,0,107,102,0,102,209
10/01/2009,OSU,OH,AGL,CE,Federal Contract Tower,0,4,55,0,59,0,2,123,0,125,0,6,178,0,184,84,0,84,268
10/02/2009,OSU,OH,AGL,CE,Federal Contract Tower,0,8,29,0,37,0,1,33,0,34,0,9,62,0,71,0,0,0,71
10/03/2009,OSU,OH,AGL,CE,Federal Contract Tower,0,2,24,0,26,0,0,78,0,78,0,2,102,0,104,40,0,40,144
10/04/2009,OSU,OH,AGL,CE,Federal Contract Tower,0,0,35,0,35,0,3,105,0,108,0,3,140,0,143,6,0,6,149
10/05/2009,OSU,OH,AGL,CE,Federal Contract Tower,0,4,34,0,38,0,0,191,0,191,0,4,225,0,229,320,0,320,549
10/06/2009,OSU,OH,AGL,CE,Federal Contract Tower,0,8,24,0,32,0,0,134,0,134,0,8,158,0,166,188,0,188,354
10/07/2009,OSU,OH,AGL,CE,Federal Contract Tower,0,8,24,0,32,0,2,61,0,63,0,10,85,0,95,124,0,124,219
10/08/2009,OSU,OH,AGL,CE,Federal Contract Tower,0,9,40,0,49,0,0,102,0,102,0,9,142,0,151,142,0,142,293
10/09/2009,OSU,OH,AGL,CE,Federal Contract Tower,0,4,14,0,18,0,0,0,0,0,0,4,14,0,18,0,0,0,18
10/10/2009,OSU,OH,AGL,CE,Federal Contract Tower,0,11,39,0,50,0,3,83,0,86,0,14,122,0,136,52,0,52,188
10/11/2009,OSU,OH,AGL,CE,Federal Contract Tower,0,3,19,0,22,0,1,140,3,144,0,4,159,3,166,6,0,6,172
10/12/2009,OSU,OH,AGL,CE,Federal Contract Tower,0,1,20,0,21,0,0,142,0,142,0,1,162,0,163,178,0,178,341
10/13/2009,OSU,OH,AGL,CE,Federal Contract Tower,0,6,39,0,45,0,0,118,4,122,0,6,157,4,167,128,0,128,295
10/14/2009,OSU,OH,AGL,CE,Federal Contract Tower,0,10,23,0,33,0,1,34,0,35,0,11,57,0,68,0,0,0,68
10/15/2009,OSU,OH,AGL,CE,Federal Contract Tower,0,1,33,0,34,0,0,8,0,8,0,1,41,0,42,0,0,0,42
10/16/2009,OSU,OH,AGL,CE,Federal Contract Tower,0,3,18,0,21,0,1,32,0,33,0,4,50,0,54,0,0,0,54
10/17/2009,OSU,OH,AGL,CE,Federal Contract Tower,0,2,13,0,15,0,1,40,0,41,0,3,53,0,56,0,0,0,56
10/18/2009,OSU,OH,AGL,CE,Federal Contract Tower,0,0,20,0,20,0,1,105,0,106,0,1,125,0,126,32,0,32,158
10/19/2009,OSU,OH,AGL,CE,Federal Contract Tower,0,4,21,0,25,0,0,119,0,119,0,4,140,0,144,110,0,110,254
10/20/2009,OSU,OH,AGL,CE,Federal Contract Tower,0,6,44,0,50,0,5,186,0,191,0,11,230,0,241,210,0,210,451
10/21/2009,OSU,OH,AGL,CE,Federal Contract Tower,0,8,23,0,31,0,2,195,0,197,0,10,218,0,228,216,0,216,444
10/22/2009,OSU,OH,AGL,CE,Federal Contract Tower,0,3,49,0,52,0,0,226,0,226,0,3,275,0,278,336,0,336,614
10/23/2009,OSU,OH,AGL,CE,Federal Contract Tower,0,3,27,0,30,0,0,0,0,0,0,3,27,0,30,0,0,0,30
10/24/2009,OSU,OH,AGL,CE,Federal Contract Tower,0,5,23,0,28,0,0,56,0,56,0,5,79,0,84,0,0,0,84
10/25/2009,OSU,OH,AGL,CE,Federal Contract Tower,0,0,18,0,18,0,0,108,0,108,0,0,126,0,126,32,0,32,158
10/26/2009,OSU,OH,AGL,CE,Federal Contract Tower,0,2,19,0,21,0,1,148,0,149,0,3,167,0,170,152,0,152,322
10/27/2009,OSU,OH,AGL,CE,Federal Contract Tower,0,4,38,0,42,0,0,147,0,147,0,4,185,0,189,194,0,194,383
10/28/2009,OSU,OH,AGL,CE,Federal Contract Tower,0,0,32,0,32,0,0,43,0,43,0,0,75,0,75,0,4,4,79
10/29/2009,OSU,OH,AGL,CE,Federal Contract Tower,0,9,35,0,44,0,4,117,0,121,0,13,152,0,165,126,0,126,291
10/30/2009,OSU,OH,AGL,CE,Federal Contract Tower,0,9,28,0,37,0,1,99,0,100,0,10,127,0,137,44,0,44,181
10/31/2009,OSU,OH,AGL,CE,Federal Contract Tower,0,1,33,0,34,0,1,26,0,27,0,2,59,0,61,0,0,0,61
11/01/2009,OSU,OH,AGL,CE,Federal Contract Tower,0,5,19,0,24,0,5,115,0,120,0,10,134,0,144,40,0,40,184
11/02/2009,OSU,OH,AGL,CE,Federal Contract Tower,0,4,24,0,28,0,1,107,0,108,0,5,131,0,136,164,0,164,300
11/03/2009,OSU,OH,AGL,CE,Federal Contract Tower,0,5,34,0,39,0,0,118,0,118,0,5,152,0,157,64,0,64,221
11/04/2009,OSU,OH,AGL,CE,Federal Contract Tower,0,6,45,0,51,0,7,196,0,203,0,13,241,0,254,174,0,174,428
11/05/2009,OSU,OH,AGL,CE,Federal Contract Tower,0,2,36,0,38,0,0,88,0,88,0,2,124,0,126,36,0,36,162
11/06/2009,OSU,OH,AGL,CE,Federal Contract Tower,0,0,32,0,32,0,0,121,0,121,0,0,153,0,153,188,0,188,341
11/07/2009,OSU,OH,AGL,CE,Federal Contract Tower,0,3,24,0,27,0,2,70,0,72,0,5,94,0,99,0,0,0,99
11/08/2009,OSU,OH,AGL,CE,Federal Contract Tower,0,2,20,0,22,0,0,125,0,125,0,2,145,0,147,20,0,20,167
11/09/2009,OSU,OH,AGL,CE,Federal Contract Tower,0,7,38,0,45,0,0,154,0,154,0,7,192,0,199,148,0,148,347
11/10/2009,OSU,OH,AGL,CE,Federal Contract Tower,0,9,17,0,26,0,0,96,0,96,0,9,113,0,122,86,0,86,208
11/11/2009,OSU,OH,AGL,CE,Federal Contract Tower,0,5,26,0,31,0,2,75,0,77,0,7,101,0,108,24,0,24,132
11/12/2009,OSU,OH,AGL,CE,Federal Contract Tower,0,3,35,0,38,0,1,98,1,100,0,4,133,1,138,160,0,160,298
11/13/2009,OSU,OH,AGL,CE,Federal Contract Tower,0,14,45,0,59,0,0,164,0,164,0,14,209,0,223,116,0,116,339
11/14/2009,OSU,OH,AGL,CE,Federal Contract Tower,0,11,54,0,65,0,8,143,0,151,0,19,197,0,216,40,0,40,256
11/15/2009,OSU,OH,AGL,CE,Federal Contract Tower,0,7,23,0,30,0,2,84,0,86,0,9,107,0,116,26,0,26,142
11/16/2009,OSU,OH,AGL,CE,Federal Contract Tower,0,0,19,0,19,0,0,84,0,84,0,0,103,0,103,126,0,126,229
11/17/2009,OSU,OH,AGL,CE,Federal Contract Tower,0,5,28,0,33,0,4,140,0,144,0,9,168,0,177,118,0,118,295
11/18/2009,OSU,OH,AGL,CE,Federal Contract Tower,0,6,33,0,39,0,2,45,0,47,0,8,78,0,86,20,0,20,106
11/19/2009,OSU,OH,AGL,CE,Federal Contract Tower,0,4,38,0,42,0,1,73,0,74,0,5,111,0,116,60,0,60,176
11/20/2009,OSU,OH,AGL,CE,Federal Contract Tower,0,4,34,0,38,0,13,46,0,59,0,17,80,0,97,52,0,52,149
11/21/2009,OSU,OH,AGL,CE,Federal Contract Tower,0,2,13,0,15,0,5,117,0,122,0,7,130,0,137,108,0,108,245
11/22/2009,OSU,OH,AGL,CE,Federal Contract Tower,0,2,29,0,31,0,11,119,0,130,0,13,148,0,161,102,0,102,263
11/23/2009,OSU,OH,AGL,CE,Federal Contract Tower,0,0,31,0,31,0,0,55,0,55,0,0,86,0,86,102,0,102,188
11/24/2009,OSU,OH,AGL,CE,Federal Contract Tower,0,2,61,0,63,0,0,29,0,29,0,2,90,0,92,96,0,96,188
11/25/2009,OSU,OH,AGL,CE,Federal Contract Tower,0,12,33,0,45,0,0,31,0,31,0,12,64,0,76,0,0,0,76
11/26/2009,OSU,OH,AGL,CE,Federal Contract Tower,0,5,0,0,5,0,2,32,0,34,0,7,32,0,39,0,0,0,39
11/27/2009,OSU,OH,AGL,CE,Federal Contract Tower,0,3,6,0,9,0,0,29,0,29,0,3,35,0,38,0,0,0,38
11/28/2009,OSU,OH,AGL,CE,Federal Contract Tower,0,4,25,0,29,0,2,152,0,154,0,6,177,0,183,36,0,36,219
11/29/2009,OSU,OH,AGL,CE,Federal Contract Tower,0,2,31,0,33,0,0,84,0,84,0,2,115,0,117,16,0,16,133
11/30/2009,OSU,OH,AGL,CE,Federal Contract Tower,0,1,17,0,18,0,0,54,0,54,0,1,71,0,72,54,0,54,126
12/01/2009,OSU,OH,AGL,CE,Federal Contract Tower,0,4,45,0,49,0,0,181,0,181,0,4,226,0,230,146,0,146,376
12/02/2009,OSU,OH,AGL,CE,Federal Contract Tower,0,6,20,0,26,0,0,26,1,27,0,6,46,1,53,38,0,38,91
12/03/2009,OSU,OH,AGL,CE,Federal Contract Tower,0,4,39,0,43,0,0,22,5,27,0,4,61,5,70,18,0,18,88
12/04/2009,OSU,OH,AGL,CE,Federal Contract Tower,0,3,37,0,40,0,0,186,0,186,0,3,223,0,226,122,0,122,348
12/05/2009,OSU,OH,AGL,CE,Federal Contract Tower,0,3,16,0,19,0,0,127,0,127,0,3,143,0,146,58,0,58,204
12/06/2009,OSU,OH,AGL,CE,Federal Contract Tower,0,3,17,0,20,0,0,92,0,92,0,3,109,0,112,52,0,52,164
12/07/2009,OSU,OH,AGL,CE,Federal Contract Tower,0,0,14,0,14,0,0,9,0,9,0,0,23,0,23,18,0,18,41
12/08/2009,OSU,OH,AGL,CE,Federal Contract Tower,0,2,19,0,21,0,0,47,0,47,0,2,66,0,68,110,0,110,178
12/09/2009,OSU,OH,AGL,CE,Federal Contract Tower,0,3,11,0,14,0,1,2,0,3,0,4,13,0,17,0,0,0,17
12/10/2009,OSU,OH,AGL,CE,Federal Contract Tower,0,2,19,0,21,0,0,27,0,27,0,2,46,0,48,0,0,0,48
12/11/2009,OSU,OH,AGL,CE,Federal Contract Tower,0,0,21,0,21,0,0,69,0,69,0,0,90,0,90,4,0,4,94
12/12/2009,OSU,OH,AGL,CE,Federal Contract Tower,0,0,20,0,20,0,0,99,0,99,0,0,119,0,119,46,0,46,165
12/13/2009,OSU,OH,AGL,CE,Federal Contract Tower,0,0,10,0,10,0,0,0,0,0,0,0,10,0,10,0,0,0,10
12/14/2009,OSU,OH,AGL,CE,Federal Contract Tower,0,0,16,0,16,0,1,16,0,17,0,1,32,0,33,0,0,0,33
12/15/2009,OSU,OH,AGL,CE,Federal Contract Tower,0,4,28,0,32,0,0,34,0,34,0,4,62,0,66,40,0,40,106
12/16/2009,OSU,OH,AGL,CE,Federal Contract Tower,0,4,38,0,42,0,6,167,0,173,0,10,205,0,215,106,0,106,321
12/17/2009,OSU,OH,AGL,CE,Federal Contract Tower,0,6,31,0,37,0,4,141,0,145,0,10,172,0,182,172,0,172,354
12/18/2009,OSU,OH,AGL,CE,Federal Contract Tower,0,0,27,0,27,0,0,90,0,90,0,0,117,0,117,56,0,56,173
12/19/2009,OSU,OH,AGL,CE,Federal Contract Tower,0,2,0,0,2,0,0,0,0,0,0,2,0,0,2,0,0,0,2
12/20/2009,OSU,OH,AGL,CE,Federal Contract Tower,0,1,10,0,11,0,0,6,0,6,0,1,16,0,17,0,0,0,17
12/21/2009,OSU,OH,AGL,CE,Federal Contract Tower,0,1,15,0,16,0,0,22,0,22,0,1,37,0,38,16,0,16,54
12/22/2009,OSU,OH,AGL,CE,Federal Contract Tower,0,3,14,0,17,0,0,16,0,16,0,3,30,0,33,18,0,18,51
12/23/2009,OSU,OH,AGL,CE,Federal Contract Tower,0,8,20,0,28,0,0,55,0,55,0,8,75,0,83,4,0,4,87
12/24/2009,OSU,OH,AGL,CE,Federal Contract Tower,0,5,5,0,10,0,1,30,0,31,0,6,35,0,41,4,0,4,45
12/25/2009,OSU,OH,AGL,CE,Federal Contract Tower,0,2,0,0,2,0,0,0,0,0,0,2,0,0,2,0,0,0,2
12/26/2009,OSU,OH,AGL,CE,Federal Contract Tower,0,0,14,0,14,0,0,53,0,53,0,0,67,0,67,0,0,0,67
12/27/2009,OSU,OH,AGL,CE,Federal Contract Tower,0,2,10,0,12,0,0,19,0,19,0,2,29,0,31,0,0,0,31
12/28/2009,OSU,OH,AGL,CE,Federal Contract Tower,0,4,16,0,20,0,0,2,0,2,0,4,18,0,22,0,0,0,22
12/29/2009,OSU,OH,AGL,CE,Federal Contract Tower,0,5,17,0,22,0,2,87,0,89,0,7,104,0,111,20,0,20,131
12/30/2009,OSU,OH,AGL,CE,Federal Contract Tower,0,2,25,0,27,0,0,103,0,103,0,2,128,0,130,12,0,12,142
12/31/2009,OSU,OH,AGL,CE,Federal Contract Tower,0,5,4,0,9,0,0,0,0,0,0,5,4,0,9,0,0,0,9
01/01/2010,OSU,OH,AGL,CE,Federal Contract Tower,0,4,1,0,5,0,0,14,0,14,0,4,15,0,19,2,0,2,21
01/02/2010,OSU,OH,AGL,CE,Federal Contract Tower,0,0,13,0,13,0,0,27,0,27,0,0,40,0,40,0,0,0,40
01/03/2010,OSU,OH,AGL,CE,Federal Contract Tower,0,1,10,0,11,0,0,43,0,43,0,1,53,0,54,14,0,14,68
01/04/2010,OSU,OH,AGL,CE,Federal Contract Tower,0,2,10,0,12,0,0,0,0,0,0,2,10,0,12,0,0,0,12
01/05/2010,OSU,OH,AGL,CE,Federal Contract Tower,0,4,20,0,24,0,0,0,0,0,0,4,20,0,24,0,0,0,24
01/06/2010,OSU,OH,AGL,CE,Federal Contract Tower,0,8,28,0,36,0,2,16,0,18,0,10,44,0,54,0,0,0,54
01/07/2010,OSU,OH,AGL,CE,Federal Contract Tower,0,2,7,0,9,0,0,4,0,4,0,2,11,0,13,0,0,0,13
01/08/2010,OSU,OH,AGL,CE,Federal Contract Tower,0,1,15,0,16,0,0,0,0,0,0,1,15,0,16,0,0,0,16
01/09/2010,OSU,OH,AGL,CE,Federal Contract Tower,0,2,8,0,10,0,1,20,0,21,0,3,28,0,31,0,0,0,31
01/10/2010,OSU,OH,AGL,CE,Federal Contract Tower,0,4,13,0,17,0,2,42,3,47,0,6,55,3,64,18,0,18,82
01/11/2010,OSU,OH,AGL,CE,Federal Contract Tower,0,2,21,0,23,0,0,34,0,34,0,2,55,0,57,34,0,34,91
01/12/2010,OSU,OH,AGL,CE,Federal Contract Tower,0,5,26,0,31,0,0,18,0,18,0,5,44,0,49,0,0,0,49
01/13/2010,OSU,OH,AGL,CE,Federal Contract Tower,0,10,39,0,49,0,9,165,0,174,0,19,204,0,223,44,0,44,267
01/14/2010,OSU,OH,AGL,CE,Federal Contract Tower,0,7,32,0,39,0,0,169,0,169,0,7,201,0,208,116,0,116,324
01/15/2010,OSU,OH,AGL,CE,Federal Contract Tower,0,6,17,0,23,0,2,50,0,52,0,8,67,0,75,98,0,98,173
01/16/2010,OSU,OH,AGL,CE,Federal Contract Tower,0,2,19,0,21,0,0,0,0,0,0,2,19,0,21,0,0,0,21
01/17/2010,OSU,OH,AGL,CE,Federal Contract Tower,0,0,7,0,7,0,0,0,0,0,0,0,7,0,7,0,0,0,7
01/18/2010,OSU,OH,AGL,CE,Federal Contract Tower,0,2,5,0,7,0,0,0,0,0,0,2,5,0,7,0,0,0,7
01/19/2010,OSU,OH,AGL,CE,Federal Contract Tower,0,2,24,0,26,0,0,22,0,22,0,2,46,0,48,12,0,12,60
01/20/2010,OSU,OH,AGL,CE,Federal Contract Tower,0,0,31,0,31,0,8,162,0,170,0,8,193,0,201,164,0,164,365
01/21/2010,OSU,OH,AGL,CE,Federal Contract Tower,0,6,35,0,41,0,0,112,0,112,0,6,147,0,153,104,0,104,257
01/22/2010,OSU,OH,AGL,CE,Federal Contract Tower,0,6,32,0,38,0,0,11,0,11,0,6,43,0,49,50,0,50,99
01/23/2010,OSU,OH,AGL,CE,Federal Contract Tower,0,0,42,0,42,0,3,39,0,42,0,3,81,0,84,66,0,66,150
01/24/2010,OSU,OH,AGL,CE,Federal Contract Tower,0,0,15,0,15,0,0,4,0,4,0,0,19,0,19,0,0,0,19
01/25/2010,OSU,OH,AGL,CE,Federal Contract Tower,0,0,10,0,10,0,0,5,0,5,0,0,15,0,15,0,0,0,15
01/26/2010,OSU,OH,AGL,CE,Federal Contract Tower,0,5,22,0,27,0,9,1,0,10,0,14,23,0,37,5,0,5,42
01/27/2010,OSU,OH,AGL,CE,Federal Contract Tower,0,4,35,0,39,0,2,141,0,143,0,6,176,0,182,0,0,0,182
01/28/2010,OSU,OH,AGL,CE,Federal Contract Tower,0,6,17,0,23,0,2,26,0,28,0,8,43,0,51,0,0,0,51
01/29/2010,OSU,OH,AGL,CE,Federal Contract Tower,0,2,51,0,53,0,0,117,0,117,0,2,168,0,170,74,0,74,244
01/30/2010,OSU,OH,AGL,CE,Federal Contract Tower,0,2,21,0,23,0,0,94,0,94,0,2,115,0,117,36,0,36,153
01/31/2010,OSU,OH,AGL,CE,Federal Contract Tower,0,0,14,0,14,0,0,150,0,150,0,0,164,0,164,124,0,124,288
02/01/2010,OSU,OH,AGL,CE,Federal Contract Tower,0,1,20,0,21,0,0,178,0,178,0,1,198,0,199,82,0,82,281
02/02/2010,OSU,OH,AGL,CE,Federal Contract Tower,0,6,28,0,34,0,0,152,0,152,0,6,180,0,186,148,0,148,334
02/03/2010,OSU,OH,AGL,CE,Federal Contract Tower,0,4,40,0,44,0,0,45,0,45,0,4,85,0,89,136,0,136,225
02/04/2010,OSU,OH,AGL,CE,Federal Contract Tower,0,8,31,0,39,0,2,61,0,63,0,10,92,0,102,60,0,60,162
02/05/2010,OSU,OH,AGL,CE,Federal Contract Tower,0,1,7,0,8,0,0,2,0,2,0,1,9,0,10,0,0,0,10
02/06/2010,OSU,OH,AGL,CE,Federal Contract Tower,0,0,3,0,3,0,0,2,0,2,0,0,5,0,5,0,0,0,5
02/07/2010,OSU,OH,AGL,CE,Federal Contract Tower,0,0,8,0,8,0,0,49,0,49,0,0,57,0,57,70,0,70,127
02/08/2010,OSU,OH,AGL,CE,Federal Contract Tower,0,2,33,0,35,0,1,60,0,61,0,3,93,0,96,44,0,44,140
02/09/2010,OSU,OH,AGL,CE,Federal Contract Tower,0,2,7,0,9,0,0,1,0,1,0,2,8,0,10,0,0,0,10
02/10/2010,OSU,OH,AGL,CE,Federal Contract Tower,0,2,11,0,13,0,1,5,0,6,0,3,16,0,19,0,0,0,19
02/11/2010,OSU,OH,AGL,CE,Federal Contract Tower,0,6,26,0,32,0,3,14,0,17,0,9,40,0,49,40,0,40,89
02/12/2010,OSU,OH,AGL,CE,Federal Contract Tower,0,1,24,0,25,0,0,49,0,49,0,1,73,0,74,60,0,60,134
02/13/2010,OSU,OH,AGL,CE,Federal Contract Tower,0,4,12,0,16,0,4,54,0,58,0,8,66,0,74,32,0,32,106
02/14/2010,OSU,OH,AGL,CE,Federal Contract Tower,0,0,11,0,11,0,3,68,0,71,0,3,79,0,82,26,0,26,108
02/15/2010,OSU,OH,AGL,CE,Federal Contract Tower,0,0,6,0,6,0,0,0,0,0,0,0,6,0,6,0,0,0,6
02/16/2010,OSU,OH,AGL,CE,Federal Contract Tower,0,3,12,0,15,0,1,3,0,4,0,4,15,0,19,6,0,6,25
02/17/2010,OSU,OH,AGL,CE,Federal Contract Tower,0,3,28,0,31,0,0,4,0,4,0,3,32,0,35,0,0,0,35
02/18/2010,OSU,OH,AGL,CE,Federal Contract Tower,0,4,18,0,22,0,0,18,0,18,0,4,36,0,40,0,0,0,40
02/19/2010,OSU,OH,AGL,CE,Federal Contract Tower,0,4,29,0,33,0,0,169,0,169,0,4,198,0,202,118,0,118,320
02/20/2010,OSU,OH,AGL,CE,Federal Contract Tower,0,2,13,0,15,0,0,106,0,106,0,2,119,0,121,78,0,78,199
02/21/2010,OSU,OH,AGL,CE,Federal Contract Tower,0,0,10,0,10,0,1,63,0,64,0,1,73,0,74,42,0,42,116
02/22/2010,OSU,OH,AGL,CE,Federal Contract Tower,0,4,20,0,24,0,0,2,0,2,0,4,22,0,26,0,0,0,26
02/23/2010,OSU,OH,AGL,CE,Federal Contract Tower,0,5,15,0,20,0,1,17,0,18,0,6,32,0,38,64,0,64,102
02/24/2010,OSU,OH,AGL,CE,Federal Contract Tower,0,4,28,0,32,0,0,22,0,22,0,4,50,0,54,14,0,14,68
02/25/2010,OSU,OH,AGL,CE,Federal Contract Tower,0,3,15,0,18,0,0,10,0,10,0,3,25,0,28,12,0,12,40
02/26/2010,OSU,OH,AGL,CE,Federal Contract Tower,0,4,11,0,15,0,0,2,0,2,0,4,13,0,17,0,0,0,17
02/27/2010,OSU,OH,AGL,CE,Federal Contract Tower,0,2,6,1,9,0,2,0,0,2,0,4,6,1,11,0,0,0,11
02/28/2010,OSU,OH,AGL,CE,Federal Contract Tower,0,1,5,0,6,0,1,15,0,16,0,2,20,0,22,0,0,0,22
03/01/2010,OSU,OH,AGL,CE,Federal Contract Tower,0,3,21,0,24,0,9,44,0,53,0,12,65,0,77,14,0,14,91
03/02/2010,OSU,OH,AGL,CE,Federal Contract Tower,0,9,15,0,24,0,0,24,0,24,0,9,39,0,48,6,0,6,54
03/03/2010,OSU,OH,AGL,CE,Federal Contract Tower,0,2,25,0,27,0,3,87,2,92,0,5,112,2,119,90,0,90,209
03/04/2010,OSU,OH,AGL,CE,Federal Contract Tower,0,4,43,0,47,0,3,268,0,271,0,7,311,0,318,212,0,212,530
03/05/2010,OSU,OH,AGL,CE,Federal Contract Tower,0,3,26,0,29,0,3,121,0,124,0,6,147,0,153,110,0,110,263
03/06/2010,OSU,OH,AGL,CE,Federal Contract Tower,0,1,30,0,31,0,0,148,0,148,0,1,178,0,179,238,0,238,417
03/07/2010,OSU,OH,AGL,CE,Federal Contract Tower,0,0,15,0,15,0,0,131,0,131,0,0,146,0,146,44,0,44,190
03/08/2010,OSU,OH,AGL,CE,Federal Contract Tower,0,3,30,0,33,0,3,197,0,200,0,6,227,0,233,198,0,198,431
03/09/2010,OSU,OH,AGL,CE,Federal Contract Tower,0,3,27,2,32,0,3,197,0,200,0,6,224,2,232,258,0,258,490
03/10/2010,OSU,OH,AGL,CE,Federal Contract Tower,0,7,41,0,48,0,2,79,0,81,0,9,120,0,129,88,0,88,217
03/11/2010,OSU,OH,AGL,CE,Federal Contract Tower,0,8,33,0,41,0,2,128,0,130,0,10,161,0,171,154,0,154,325
03/12/2010,OSU,OH,AGL,CE,Federal Contract Tower,0,1,28,0,29,0,1,56,0,57,0,2,84,0,86,72,0,72,158
03/13/2010,OSU,OH,AGL,CE,Federal Contract Tower,0,2,23,0,25,0,0,0,0,0,0,2,23,0,25,0,0,0,25
03/14/2010,OSU,OH,AGL,CE,Federal Contract Tower,0,0,16,0,16,0,0,0,0,0,0,0,16,0,16,0,0,0,16
03/15/2010,OSU,OH,AGL,CE,Federal Contract Tower,0,0,20,0,20,0,2,25,0,27,0,2,45,0,47,0,0,0,47
03/16/2010,OSU,OH,AGL,CE,Federal Contract Tower,0,6,31,0,37,0,3,161,4,168,0,9,192,4,205,134,0,134,339
03/17/2010,OSU,OH,AGL,CE,Federal Contract Tower,0,9,44,0,53,0,3,167,0,170,0,12,211,0,223,140,0,140,363
03/18/2010,OSU,OH,AGL,CE,Federal Contract Tower,0,5,45,0,50,0,0,124,2,126,0,5,169,2,176,148,0,148,324
03/19/2010,OSU,OH,AGL,CE,Federal Contract Tower,0,4,34,0,38,0,1,134,0,135,0,5,168,0,173,164,0,164,337
03/20/2010,OSU,OH,AGL,CE,Federal Contract Tower,0,1,22,0,23,0,1,102,0,103,0,2,124,0,126,22,0,22,148
03/21/2010,OSU,OH,AGL,CE,Federal Contract Tower,0,1,13,0,14,0,4,54,0,58,0,5,67,0,72,40,0,40,112
03/22/2010,OSU,OH,AGL,CE,Federal Contract Tower,0,4,23,0,27,0,0,0,0,0,0,4,23,0,27,0,0,0,27
03/23/2010,OSU,OH,AGL,CE,Federal Contract Tower,0,4,45,0,49,0,4,12,0,16,0,8,57,0,65,0,0,0,65
03/24/2010,OSU,OH,AGL,CE,Federal Contract Tower,0,2,36,2,40,0,0,112,0,112,0,2,148,2,152,74,0,74,226
03/25/2010,OSU,OH,AGL,CE,Federal Contract Tower,0,4,37,0,41,0,0,18,0,18,0,4,55,0,59,32,0,32,91
03/26/2010,OSU,OH,AGL,CE,Federal Contract Tower,0,10,29,2,41,0,0,103,0,103,0,10,132,2,144,6,0,6,150
03/27/2010,OSU,OH,AGL,CE,Federal Contract Tower,0,3,35,0,38,0,3,160,0,163,0,6,195,0,201,72,0,72,273
03/28/2010,OSU,OH,AGL,CE,Federal Contract Tower,0,0,12,0,12,0,1,12,0,13,0,1,24,0,25,10,0,10,35
03/29/2010,OSU,OH,AGL,CE,Federal Contract Tower,0,2,17,0,19,0,0,11,0,11,0,2,28,0,30,0,0,0,30
03/30/2010,OSU,OH,AGL,CE,Federal Contract Tower,0,4,25,0,29,0,1,118,0,119,0,5,143,0,148,140,0,140,288
03/31/2010,OSU,OH,AGL,CE,Federal Contract Tower,0,4,41,0,45,0,1,169,0,170,0,5,210,0,215,142,0,142,357
04/01/2010,OSU,OH,AGL,CE,Federal Contract Tower,0,4,28,0,32,0,0,210,0,210,0,4,238,0,242,130,0,130,372
04/02/2010,OSU,OH,AGL,CE,Federal Contract Tower,0,2,30,0,32,0,3,210,0,213,0,5,240,0,245,92,0,92,337
04/03/2010,OSU,OH,AGL,CE,Federal Contract Tower,0,4,6,0,10,0,0,28,0,28,0,4,34,0,38,0,0,0,38
04/04/2010,OSU,OH,AGL,CE,Federal Contract Tower,0,0,12,0,12,0,2,52,0,54,0,2,64,0,66,0,0,0,66
04/05/2010,OSU,OH,AGL,CE,Federal Contract Tower,0,4,19,0,23,0,4,46,0,50,0,8,65,0,73,38,0,38,111
04/06/2010,OSU,OH,AGL,CE,Federal Contract Tower,0,5,23,3,31,0,1,55,0,56,0,6,78,3,87,46,0,46,133
04/07/2010,OSU,OH,AGL,CE,Federal Contract Tower,0,6,26,0,32,0,0,66,1,67,0,6,92,1,99,4,0,4,103
04/08/2010,OSU,OH,AGL,CE,Federal Contract Tower,0,3,25,1,29,0,2,30,0,32,0,5,55,1,61,2,0,2,63
04/09/2010,OSU,OH,AGL,CE,Federal Contract Tower,0,5,23,0,28,0,1,134,0,135,0,6,157,0,163,70,0,70,233
04/10/2010,OSU,OH,AGL,CE,Federal Contract Tower,0,4,15,0,19,0,2,131,0,133,0,6,146,0,152,120,0,120,272
04/11/2010,OSU,OH,AGL,CE,Federal Contract Tower,0,5,22,0,27,0,2,132,0,134,0,7,154,0,161,216,0,216,377
04/12/2010,OSU,OH,AGL,CE,Federal Contract Tower,0,2,29,0,31,0,1,157,0,158,0,3,186,0,189,170,0,170,359
04/13/2010,OSU,OH,AGL,CE,Federal Contract Tower,0,13,31,0,44,0,2,163,0,165,0,15,194,0,209,206,0,206,415
04/14/2010,OSU,OH,AGL,CE,Federal Contract Tower,0,2,39,0,41,0,0,230,2,232,0,2,269,2,273,212,0,212,485
04/15/2010,OSU,OH,AGL,CE,Federal Contract Tower,0,2,36,0,38,0,0,234,0,234,0,2,270,0,272,188,0,188,460
04/16/2010,OSU,OH,AGL,CE,Federal Contract Tower,0,4,21,0,25,0,0,42,0,42,0,4,63,0,67,0,0,0,67
04/17/2010,OSU,OH,AGL,CE,Federal Contract Tower,0,3,21,0,24,0,1,39,0,40,0,4,60,0,64,22,0,22,86
04/18/2010,OSU,OH,AGL,CE,Federal Contract Tower,0,3,25,0,28,0,2,89,0,91,0,5,114,0,119,70,0,70,189
04/19/2010,OSU,OH,AGL,CE,Federal Contract Tower,0,5,23,2,30,0,1,91,0,92,0,6,114,2,122,108,0,108,230
04/20/2010,OSU,OH,AGL,CE,Federal Contract Tower,0,2,33,0,35,0,2,166,2,170,0,4,199,2,205,198,0,198,403
04/21/2010,OSU,OH,AGL,CE,Federal Contract Tower,0,4,34,0,38,0,3,178,0,181,0,7,212,0,219,176,0,176,395
04/22/2010,OSU,OH,AGL,CE,Federal Contract Tower,0,10,30,0,40,0,1,227,2,230,0,11,257,2,270,214,0,214,484
04/23/2010,OSU,OH,AGL,CE,Federal Contract Tower,0,4,42,0,46,0,1,134,0,135,0,5,176,0,181,218,0,218,399
04/24/2010,OSU,OH,AGL,CE,Federal Contract Tower,0,4,19,0,23,0,1,39,0,40,0,5,58,0,63,8,0,8,71
04/25/2010,OSU,OH,AGL,CE,Federal Contract Tower,0,5,24,0,29,0,0,18,0,18,0,5,42,0,47,6,0,6,53
04/26/2010,OSU,OH,AGL,CE,Federal Contract Tower,0,1,28,0,29,0,0,11,0,11,0,1,39,0,40,0,0,0,40
04/27/2010,OSU,OH,AGL,CE,Federal Contract Tower,0,7,30,0,37,0,0,53,0,53,0,7,83,0,90,0,0,0,90
04/28/2010,OSU,OH,AGL,CE,Federal Contract Tower,0,8,32,0,40,0,0,190,0,190,0,8,222,0,230,322,0,322,552
04/29/2010,OSU,OH,AGL,CE,Federal Contract Tower,0,2,46,0,48,0,2,150,0,152,0,4,196,0,200,240,0,240,440
04/30/2010,OSU,OH,AGL,CE,Federal Contract Tower,0,6,21,0,27,0,2,71,0,73,0,8,92,0,100,30,0,30,130
05/01/2010,OSU,OH,AGL,CE,Federal Contract Tower,0,4,19,0,23,0,0,7,0,7,0,4,26,0,30,0,0,0,30
05/02/2010,OSU,OH,AGL,CE,Federal Contract Tower,0,1,15,0,16,0,1,2,0,3,0,2,17,0,19,0,0,0,19
05/03/2010,OSU,OH,AGL,CE,Federal Contract Tower,0,7,28,0,35,0,0,126,0,126,0,7,154,0,161,190,0,190,351
05/04/2010,OSU,OH,AGL,CE,Federal Contract Tower,0,8,41,0,49,0,1,247,0,248,0,9,288,0,297,216,0,216,513
05/05/2010,OSU,OH,AGL,CE,Federal Contract Tower,0,7,38,0,45,0,2,62,0,64,0,9,100,0,109,26,0,26,135
05/06/2010,OSU,OH,AGL,CE,Federal Contract Tower,0,7,35,0,42,0,1,145,0,146,0,8,180,0,188,274,0,274,462
05/07/2010,OSU,OH,AGL,CE,Federal Contract Tower,0,6,24,0,30,0,1,51,0,52,0,7,75,0,82,84,0,84,166
05/08/2010,OSU,OH,AGL,CE,Federal Contract Tower,0,2,7,0,9,0,1,18,0,19,0,3,25,0,28,0,0,0,28
05/09/2010,OSU,OH,AGL,CE,Federal Contract Tower,0,1,15,0,16,0,0,123,0,123,0,1,138,0,139,50,0,50,189
05/10/2010,OSU,OH,AGL,CE,Federal Contract Tower,0,6,18,0,24,0,1,130,0,131,0,7,148,0,155,178,0,178,333
05/11/2010,OSU,OH,AGL,CE,Federal Contract Tower,0,2,17,0,19,0,1,13,0,14,0,3,30,0,33,0,0,0,33
05/12/2010,OSU,OH,AGL,CE,Federal Contract Tower,0,6,40,0,46,0,0,10,0,10,0,6,50,0,56,28,0,28,84
05/13/2010,OSU,OH,AGL,CE,Federal Contract Tower,0,5,28,0,33,0,0,32,0,32,0,5,60,0,65,0,0,0,65
05/14/2010,OSU,OH,AGL,CE,Federal Contract Tower,1,7,26,0,34,0,1,95,0,96,1,8,121,0,130,114,0,114,244
05/15/2010,OSU,OH,AGL,CE,Federal Contract Tower,0,4,25,0,29,0,1,193,0,194,0,5,218,0,223,60,0,60,283
05/16/2010,OSU,OH,AGL,CE,Federal Contract Tower,0,1,24,0,25,0,3,105,0,108,0,4,129,0,133,56,0,56,189
05/17/2010,OSU,OH,AGL,CE,Federal Contract Tower,0,2,29,0,31,0,0,0,0,0,0,2,29,0,31,0,0,0,31
05/18/2010,OSU,OH,AGL,CE,Federal Contract Tower,0,18,55,0,73,0,1,6,0,7,0,19,61,0,80,0,0,0,80
05/19/2010,OSU,OH,AGL,CE,Federal Contract Tower,0,4,49,0,53,0,5,39,0,44,0,9,88,0,97,0,0,0,97
05/20/2010,OSU,OH,AGL,CE,Federal Contract Tower,0,10,55,0,65,0,0,201,0,201,0,10,256,0,266,280,0,280,546
05/21/2010,OSU,OH,AGL,CE,Federal Contract Tower,0,7,22,0,29,0,0,25,0,25,0,7,47,0,54,12,0,12,66
05/22/2010,OSU,OH,AGL,CE,Federal Contract Tower,0,2,23,0,25,0,1,29,0,30,0,3,52,0,55,4,0,4,59
05/23/2010,OSU,OH,AGL,CE,Federal Contract Tower,0,1,28,0,29,0,4,99,0,103,0,5,127,0,132,40,0,40,172
05/24/2010,OSU,OH,AGL,CE,Federal Contract Tower,0,6,34,0,40,0,0,154,6,160,0,6,188,6,200,268,0,268,468
05/25/2010,OSU,OH,AGL,CE,Federal Contract Tower,0,9,27,0,36,0,5,116,0,121,0,14,143,0,157,172,0,172,329
05/26/2010,OSU,OH,AGL,CE,Federal Contract Tower,0,5,55,0,60,0,0,172,0,172,0,5,227,0,232,204,0,204,436
05/27/2010,OSU,OH,AGL,CE,Federal Contract Tower,0,6,32,0,38,0,1,159,0,160,0,7,191,0,198,186,0,186,384
05/28/2010,OSU,OH,AGL,CE,Federal Contract Tower,0,4,35,0,39,0,3,155,0,158,0,7,190,0,197,250,0,250,447
05/29/2010,OSU,OH,AGL,CE,Federal Contract Tower,0,2,24,0,26,0,8,73,0,81,0,10,97,0,107,2,0,2,109
05/30/2010,OSU,OH,AGL,CE,Federal Contract Tower,0,5,17,0,22,0,3,107,0,110,0,8,124,0,132,42,0,42,174
05/31/2010,OSU,OH,AGL,CE,Federal Contract Tower,0,15,19,0,34,0,0,20,0,20,0,15,39,0,54,2,0,2,56
06/01/2010,OSU,OH,AGL,CE,Federal Contract Tower,0,15,45,2,62,0,4,84,0,88,0,19,129,2,150,214,0,214,364
06/02/2010,OSU,OH,AGL,CE,Federal Contract Tower,0,7,42,0,49,0,0,71,0,71,0,7,113,0,120,48,0,48,168
06/03/2010,OSU,OH,AGL,CE,Federal Contract Tower,0,15,34,0,49,0,0,48,0,48,0,15,82,0,97,60,0,60,157
06/04/2010,OSU,OH,AGL,CE,Federal Contract Tower,0,12,43,0,55,0,0,104,4,108,0,12,147,4,163,118,0,118,281
06/05/2010,OSU,OH,AGL,CE,Federal Contract Tower,0,11,24,0,35,0,0,32,0,32,0,11,56,0,67,18,0,18,85
06/06/2010,OSU,OH,AGL,CE,Federal Contract Tower,0,24,37,0,61,0,1,67,0,68,0,25,104,0,129,28,0,28,157
06/07/2010,OSU,OH,AGL,CE,Federal Contract Tower,0,12,51,0,63,0,0,123,0,123,0,12,174,0,186,160,0,160,346
06/08/2010,OSU,OH,AGL,CE,Federal Contract Tower,0,4,25,0,29,0,1,150,2,153,0,5,175,2,182,182,0,182,364
06/09/2010,OSU,OH,AGL,CE,Federal Contract Tower,0,6,27,0,33,0,0,19,0,19,0,6,46,0,52,7,0,7,59
06/10/2010,OSU,OH,AGL,CE,Federal Contract Tower,0,2,43,0,45,0,0,161,0,161,0,2,204,0,206,134,0,134,340
06/11/2010,OSU,OH,AGL,CE,Federal Contract Tower,0,7,28,0,35,0,1,62,0,63,0,8,90,0,98,40,0,40,138
06/12/2010,OSU,OH,AGL,CE,Federal Contract Tower,0,8,12,0,20,0,0,33,0,33,0,8,45,0,53,8,0,8,61
06/13/2010,OSU,OH,AGL,CE,Federal Contract Tower,0,1,20,0,21,0,0,41,0,41,0,1,61,0,62,26,0,26,88
06/14/2010,OSU,OH,AGL,CE,Federal Contract Tower,0,4,23,0,27,0,0,93,0,93,0,4,116,0,120,78,0,78,198
06/15/2010,OSU,OH,AGL,CE,Federal Contract Tower,0,4,32,0,36,0,0,67,0,67,0,4,99,0,103,34,0,34,137
06/16/2010,OSU,OH,AGL,CE,Federal Contract Tower,0,10,26,0,36,0,1,52,0,53,0,11,78,0,89,16,0,16,105
06/17/2010,OSU,OH,AGL,CE,Federal Contract Tower,0,6,40,0,46,0,0,102,0,102,0,6,142,0,148,76,0,76,224
06/18/2010,OSU,OH,AGL,CE,Federal Contract Tower,0,9,28,0,37,0,0,99,1,100,0,9,127,1,137,4,0,4,141
06/19/2010,OSU,OH,AGL,CE,Federal Contract Tower,0,9,26,0,35,0,0,72,0,72,0,9,98,0,107,26,0,26,133
06/20/2010,OSU,OH,AGL,CE,Federal Contract Tower,0,3,16,0,19,0,1,132,0,133,0,4,148,0,152,36,0,36,188
06/21/2010,OSU,OH,AGL,CE,Federal Contract Tower,0,6,24,0,30,0,2,79,0,81,0,8,103,0,111,66,0,66,177
06/22/2010,OSU,OH,AGL,CE,Federal Contract Tower,0,2,41,0,43,0,2,70,0,72,0,4,111,0,115,52,0,52,167
06/23/2010,OSU,OH,AGL,CE,Federal Contract Tower,0,6,37,0,43,0,3,97,0,100,0,9,134,0,143,166,0,166,309
06/24/2010,OSU,OH,AGL,CE,Federal Contract Tower,0,9,41,0,50,0,1,122,0,123,0,10,163,0,173,68,0,68,241
06/25/2010,OSU,OH,AGL,CE,Federal Contract Tower,0,6,38,0,44,0,1,164,0,165,0,7,202,0,209,208,0,208,417
06/26/2010,OSU,OH,AGL,CE,Federal Contract Tower,0,5,20,0,25,0,2,184,0,186,0,7,204,0,211,30,0,30,241
06/27/2010,OSU,OH,AGL,CE,Federal Contract Tower,0,2,21,0,23,0,2,51,0,53,0,4,72,0,76,40,0,40,116
06/28/2010,OSU,OH,AGL,CE,Federal Contract Tower,0,2,27,0,29,0,9,39,0,48,0,11,66,0,77,22,0,22,99
06/29/2010,OSU,OH,AGL,CE,Federal Contract Tower,0,11,47,2,60,0,2,121,0,123,0,13,168,2,183,200,0,200,383
06/30/2010,OSU,OH,AGL,CE,Federal Contract Tower,0,5,42,0,47,0,3,124,2,129,0,8,166,2,176,150,0,150,326
07/01/2010,OSU,OH,AGL,CE,Federal Contract Tower,0,4,48,0,52,0,0,156,0,156,0,4,204,0,208,192,0,192,400
07/02/2010,OSU,OH,AGL,CE,Federal Contract Tower,0,5,25,0,30,0,0,184,0,184,0,5,209,0,214,136,0,136,350
07/03/2010,OSU,OH,AGL,CE,Federal Contract Tower,0,6,9,0,15,0,2,150,0,152,0,8,159,0,167,18,0,18,185
07/04/2010,OSU,OH,AGL,CE,Federal Contract Tower,0,0,18,0,18,0,3,82,0,85,0,3,100,0,103,0,0,0,103
07/05/2010,OSU,OH,AGL,CE,Federal Contract Tower,0,3,25,0,28,0,3,81,0,84,0,6,106,0,112,0,0,0,112
07/06/2010,OSU,OH,AGL,CE,Federal Contract Tower,0,6,32,0,38,0,0,102,0,102,0,6,134,0,140,84,0,84,224
07/07/2010,OSU,OH,AGL,CE,Federal Contract Tower,0,6,34,0,40,0,6,124,0,130,0,12,158,0,170,132,0,132,302
07/08/2010,OSU,OH,AGL,CE,Federal Contract Tower,0,6,40,0,46,0,2,154,0,156,0,8,194,0,202,126,0,126,328
07/09/2010,OSU,OH,AGL,CE,Federal Contract Tower,0,7,29,0,36,0,0,12,0,12,0,7,41,0,48,12,0,12,60
07/10/2010,OSU,OH,AGL,CE,Federal Contract Tower,0,3,15,0,18,0,3,153,2,158,0,6,168,2,176,142,0,142,318
07/11/2010,OSU,OH,AGL,CE,Federal Contract Tower,0,5,27,0,32,0,6,119,0,125,0,11,146,0,157,92,0,92,249
07/12/2010,OSU,OH,AGL,CE,Federal Contract Tower,0,7,27,0,34,0,1,40,0,41,0,8,67,0,75,58,0,58,133
07/13/2010,OSU,OH,AGL,CE,Federal Contract Tower,0,6,39,0,45,0,0,35,2,37,0,6,74,2,82,106,0,106,188
07/14/2010,OSU,OH,AGL,CE,Federal Contract Tower,0,4,53,0,57,0,0,134,0,134,0,4,187,0,191,106,0,106,297
07/15/2010,OSU,OH,AGL,CE,Federal Contract Tower,0,6,46,0,52,0,4,139,0,143,0,10,185,0,195,156,0,156,351
07/16/2010,OSU,OH,AGL,CE,Federal Contract Tower,0,6,52,0,58,0,8,81,4,93,0,14,133,4,151,136,0,136,287
07/17/2010,OSU,OH,AGL,CE,Federal Contract Tower,0,4,25,0,29,0,0,82,0,82,0,4,107,0,111,28,0,28,139
07/18/2010,OSU,OH,AGL,CE,Federal Contract Tower,0,0,17,0,17,0,1,37,0,38,0,1,54,0,55,10,0,10,65
07/19/2010,OSU,OH,AGL,CE,Federal Contract Tower,0,4,29,0,33,0,2,103,0,105,0,6,132,0,138,146,0,146,284
07/20/2010,OSU,OH,AGL,CE,Federal Contract Tower,0,6,31,0,37,0,1,204,0,205,0,7,235,0,242,234,0,234,476
07/21/2010,OSU,OH,AGL,CE,Federal Contract Tower,0,3,47,0,50,0,2,74,4,80,0,5,121,4,130,141,0,141,271
07/22/2010,OSU,OH,AGL,CE,Federal Contract Tower,0,15,42,0,57,0,2,82,0,84,0,17,124,0,141,128,0,128,269
07/23/2010,OSU,OH,AGL,CE,Federal Contract Tower,0,17,33,0,50,0,1,85,0,86,0,18,118,0,136,34,0,34,170
07/24/2010,OSU,OH,AGL,CE,Federal Contract Tower,0,4,22,4,30,0,0,57,0,57,0,4,79,4,87,28,0,28,115
07/25/2010,OSU,OH,AGL,CE,Federal Contract Tower,0,0,26,0,26,0,0,51,0,51,0,0,77,0,77,28,0,28,105
07/26/2010,OSU,OH,AGL,CE,Federal Contract Tower,0,4,24,0,28,0,0,160,2,162,0,4,184,2,190,204,0,204,394
07/27/2010,OSU,OH,AGL,CE,Federal Contract Tower,0,12,28,0,40,0,2,156,0,158,0,14,184,0,198,314,0,314,512
07/28/2010,OSU,OH,AGL,CE,Federal Contract Tower,0,5,42,0,47,0,0,59,0,59,0,5,101,0,106,52,0,52,158
07/29/2010,OSU,OH,AGL,CE,Federal Contract Tower,0,13,45,1,59,0,3,82,1,86,0,16,127,2,145,25,0,25,170
07/30/2010,OSU,OH,AGL,CE,Federal Contract Tower,0,7,23,0,30,0,0,186,0,186,0,7,209,0,216,142,0,142,358
07/31/2010,OSU,OH,AGL,CE,Federal Contract Tower,0,2,19,0,21,0,3,59,0,62,0,5,78,0,83,30,0,30,113
08/01/2010,OSU,OH,AGL,CE,Federal Contract Tower,0,0,22,0,22,0,0,105,0,105,0,0,127,0,127,68,0,68,195
08/02/2010,OSU,OH,AGL,CE,Federal Contract Tower,0,4,20,0,24,0,0,160,0,160,0,4,180,0,184,172,0,172,356
08/03/2010,OSU,OH,AGL,CE,Federal Contract Tower,0,14,49,0,63,0,3,34,0,37,0,17,83,0,100,0,0,0,100
08/04/2010,OSU,OH,AGL,CE,Federal Contract Tower,0,5,28,1,34,0,0,61,0,61,0,5,89,1,95,92,0,92,187
08/05/2010,OSU,OH,AGL,CE,Federal Contract Tower,0,9,45,0,54,0,0,121,0,121,0,9,166,0,175,108,0,108,283
08/06/2010,OSU,OH,AGL,CE,Federal Contract Tower,0,5,32,0,37,0,2,143,0,145,0,7,175,0,182,166,0,166,348
08/07/2010,OSU,OH,AGL,CE,Federal Contract Tower,0,1,26,0,27,0,6,131,0,137,0,7,157,0,164,18,0,18,182
08/08/2010,OSU,OH,AGL,CE,Federal Contract Tower,0,2,24,0,26,0,0,107,0,107,0,2,131,0,133,76,0,76,209
08/09/2010,OSU,OH,AGL,CE,Federal Contract Tower,0,8,27,0,35,0,2,109,4,115,0,10,136,4,150,200,0,200,350
08/10/2010,OSU,OH,AGL,CE,Federal Contract Tower,4,17,33,0,54,0,0,92,0,92,4,17,125,0,146,100,0,100,246
08/11/2010,OSU,OH,AGL,CE,Federal Contract Tower,0,17,31,0,48,0,0,70,0,70,0,17,101,0,118,98,0,98,216
08/12/2010,OSU,OH,AGL,CE,Federal Contract Tower,0,15,36,0,51,0,0,105,0,105,0,15,141,0,156,104,0,104,260
08/13/2010,OSU,OH,AGL,CE,Federal Contract Tower,0,7,23,0,30,0,0,113,2,115,0,7,136,2,145,110,0,110,255
08/14/2010,OSU,OH,AGL,CE,Federal Contract Tower,0,5,13,0,18,0,1,44,0,45,0,6,57,0,63,62,0,62,125
08/15/2010,OSU,OH,AGL,CE,Federal Contract Tower,0,4,25,3,32,0,4,26,1,31,0,8,51,4,63,30,0,30,93
08/16/2010,OSU,OH,AGL,CE,Federal Contract Tower,0,4,29,0,33,0,0,161,0,161,0,4,190,0,194,54,0,54,248
08/17/2010,OSU,OH,AGL,CE,Federal Contract Tower,0,10,19,1,30,0,0,165,0,165,0,10,184,1,195,218,0,218,413
08/18/2010,OSU,OH,AGL,CE,Federal Contract Tower,0,0,29,0,29,0,5,58,2,65,0,5,87,2,94,48,0,48,142
08/19/2010,OSU,OH,AGL,CE,Federal Contract Tower,0,6,35,0,41,0,2,181,0,183,0,8,216,0,224,214,0,214,438
08/20/2010,OSU,OH,AGL,CE,Federal Contract Tower,0,11,25,0,36,0,0,149,0,149,0,11,174,0,185,152,0,152,337
08/21/2010,OSU,OH,AGL,CE,Federal Contract Tower,0,5,10,0,15,0,0,46,0,46,0,5,56,0,61,44,0,44,105
08/22/2010,OSU,OH,AGL,CE,Federal Contract Tower,0,9,26,0,35,0,2,50,0,52,0,11,76,0,87,0,0,0,87
08/23/2010,OSU,OH,AGL,CE,Federal Contract Tower,0,9,40,0,49,0,5,57,0,62,0,14,97,0,111,26,0,26,137
08/24/2010,OSU,OH,AGL,CE,Federal Contract Tower,0,9,39,0,48,0,3,89,0,92,0,12,128,0,140,70,0,70,210
08/25/2010,OSU,OH,AGL,CE,Federal Contract Tower,0,6,23,0,29,0,0,112,0,112,0,6,135,0,141,84,0,84,225
08/26/2010,OSU,OH,AGL,CE,Federal Contract Tower,0,6,36,0,42,0,1,125,0,126,0,7,161,0,168,106,0,106,274
08/27/2010,OSU,OH,AGL,CE,Federal Contract Tower,0,7,28,0,35,0,0,93,0,93,0,7,121,0,128,124,0,124,252
08/28/2010,OSU,OH,AGL,CE,Federal Contract Tower,0,4,17,0,21,0,0,115,0,115,0,4,132,0,136,52,0,52,188
08/29/2010,OSU,OH,AGL,CE,Federal Contract Tower,0,1,12,0,13,0,2,115,0,117,0,3,127,0,130,38,0,38,168
08/30/2010,OSU,OH,AGL,CE,Federal Contract Tower,0,0,41,0,41,0,0,111,0,111,0,0,152,0,152,130,0,130,282
08/31/2010,OSU,OH,AGL,CE,Federal Contract Tower,0,6,44,0,50,0,0,135,0,135,0,6,179,0,185,84,0,84,269
09/01/2010,OSU,OH,AGL,CE,Federal Contract Tower,0,13,31,0,44,0,2,119,2,123,0,15,150,2,167,34,0,34,201
09/02/2010,OSU,OH,AGL,CE,Federal Contract Tower,0,11,55,0,66,0,10,88,0,98,0,21,143,0,164,46,0,46,210
09/03/2010,OSU,OH,AGL,CE,Federal Contract Tower,0,14,25,0,39,0,2,63,0,65,0,16,88,0,104,42,0,42,146
09/04/2010,OSU,OH,AGL,CE,Federal Contract Tower,0,3,19,0,22,0,1,79,0,80,0,4,98,0,102,30,0,30,132
09/05/2010,OSU,OH,AGL,CE,Federal Contract Tower,0,0,11,0,11,0,0,82,0,82,0,0,93,0,93,58,0,58,151
09/06/2010,OSU,OH,AGL,CE,Federal Contract Tower,0,1,26,0,27,0,0,99,0,99,0,1,125,0,126,10,0,10,136
09/07/2010,OSU,OH,AGL,CE,Federal Contract Tower,0,20,13,0,33,0,4,61,0,65,0,24,74,0,98,0,0,0,98
09/08/2010,OSU,OH,AGL,CE,Federal Contract Tower,0,5,33,0,38,0,3,80,0,83,0,8,113,0,121,26,0,26,147
09/09/2010,OSU,OH,AGL,CE,Federal Contract Tower,0,8,37,2,47,0,3,114,0,117,0,11,151,2,164,116,0,116,280
09/10/2010,OSU,OH,AGL,CE,Federal Contract Tower,0,16,57,0,73,0,1,151,0,152,0,17,208,0,225,146,0,146,371
09/11/2010,OSU,OH,AGL,CE,Federal Contract Tower,0,8,35,0,43,0,0,58,0,58,0,8,93,0,101,0,0,0,101
09/12/2010,OSU,OH,AGL,CE,Federal Contract Tower,0,4,49,0,53,0,2,85,0,87,0,6,134,0,140,14,0,14,154
09/13/2010,OSU,OH,AGL,CE,Federal Contract Tower,0,8,22,0,30,0,4,71,0,75,0,12,93,0,105,12,0,12,117
09/14/2010,OSU,OH,AGL,CE,Federal Contract Tower,0,9,36,0,45,0,2,115,0,117,0,11,151,0,162,154,0,154,316
09/15/2010,OSU,OH,AGL,CE,Federal Contract Tower,0,9,31,0,40,0,1,98,0,99,0,10,129,0,139,124,0,124,263
09/16/2010,OSU,OH,AGL,CE,Federal Contract Tower,0,9,15,0,24,0,0,20,0,20,0,9,35,0,44,26,0,26,70
09/17/2010,OSU,OH,AGL,CE,Federal Contract Tower,0,3,35,0,38,0,1,72,0,73,0,4,107,0,111,36,0,36,147
09/18/2010,OSU,OH,AGL,CE,Federal Contract Tower,0,2,26,0,28,0,3,102,0,105,0,5,128,0,133,74,0,74,207
09/19/2010,OSU,OH,AGL,CE,Federal Contract Tower,0,0,14,0,14,0,1,54,0,55,0,1,68,0,69,47,0,47,116
09/20/2010,OSU,OH,AGL,CE,Federal Contract Tower,0,7,32,0,39,0,1,96,0,97,0,8,128,0,136,142,0,142,278
09/21/2010,OSU,OH,AGL,CE,Federal Contract Tower,0,7,41,0,48,0,3,91,5,99,0,10,132,5,147,50,0,50,197
09/22/2010,OSU,OH,AGL,CE,Federal Contract Tower,0,7,16,0,23,0,2,37,0,39,0,9,53,0,62,54,0,54,116
09/23/2010,OSU,OH,AGL,CE,Federal Contract Tower,0,10,40,0,50,0,5,106,2,113,0,15,146,2,163,62,0,62,225
09/24/2010,OSU,OH,AGL,CE,Federal Contract Tower,0,6,33,0,39,0,2,59,0,61,0,8,92,0,100,8,0,8,108
09/25/2010,OSU,OH,AGL,CE,Federal Contract Tower,0,3,25,0,28,0,2,112,0,114,0,5,137,0,142,26,0,26,168
09/26/2010,OSU,OH,AGL,CE,Federal Contract Tower,0,6,27,0,33,0,1,104,0,105,0,7,131,0,138,66,0,66,204
09/27/2010,OSU,OH,AGL,CE,Federal Contract Tower,0,4,19,0,23,0,0,0,0,0,0,4,19,0,23,0,0,0,23
09/28/2010,OSU,OH,AGL,CE,Federal Contract Tower,0,8,28,0,36,0,0,37,0,37,0,8,65,0,73,68,0,68,141
09/29/2010,OSU,OH,AGL,CE,Federal Contract Tower,0,4,43,0,47,0,1,167,0,168,0,5,210,0,215,154,0,154,369
09/30/2010,OSU,OH,AGL,CE,Federal Contract Tower,0,9,43,0,52,0,1,171,0,172,0,10,214,0,224,70,0,70,294
10/01/2010,OSU,OH,AGL,CE,Federal Contract Tower,0,6,37,0,43,0,2,104,0,106,0,8,141,0,149,32,0,32,181
10/02/2010,OSU,OH,AGL,CE,Federal Contract Tower,0,0,29,0,29,0,0,36,2,38,0,0,65,2,67,0,0,0,67
10/03/2010,OSU,OH,AGL,CE,Federal Contract Tower,0,2,33,0,35,0,1,10,0,11,0,3,43,0,46,0,0,0,46
10/04/2010,OSU,OH,AGL,CE,Federal Contract Tower,0,7,25,0,32,0,0,40,0,40,0,7,65,0,72,0,0,0,72
10/05/2010,OSU,OH,AGL,CE,Federal Contract Tower,0,6,20,0,26,0,1,60,4,65,0,7,80,4,91,58,0,58,149
10/06/2010,OSU,OH,AGL,CE,Federal Contract Tower,0,11,33,0,44,0,0,158,0,158,0,11,191,0,202,166,0,166,368
10/07/2010,OSU,OH,AGL,CE,Federal Contract Tower,0,9,47,0,56,0,2,139,0,141,0,11,186,0,197,176,0,176,373
10/08/2010,OSU,OH,AGL,CE,Federal Contract Tower,0,6,37,0,43,0,2,135,0,137,0,8,172,0,180,288,0,288,468
10/09/2010,OSU,OH,AGL,CE,Federal Contract Tower,0,7,28,0,35,0,0,164,0,164,0,7,192,0,199,370,0,370,569
10/10/2010,OSU,OH,AGL,CE,Federal Contract Tower,0,4,18,0,22,0,0,132,0,132,0,4,150,0,154,712,0,712,866
10/11/2010,OSU,OH,AGL,CE,Federal Contract Tower,0,5,36,0,41,0,0,140,0,140,0,5,176,0,181,0,0,0,181
10/12/2010,OSU,OH,AGL,CE,Federal Contract Tower,0,9,30,0,39,0,0,167,0,167,0,9,197,0,206,620,0,620,826
10/13/2010,OSU,OH,AGL,CE,Federal Contract Tower,0,10,36,0,46,0,0,161,0,161,0,10,197,0,207,104,0,104,311
10/14/2010,OSU,OH,AGL,CE,Federal Contract Tower,0,6,40,0,46,0,2,67,2,71,0,8,107,2,117,252,4,256,373
10/15/2010,OSU,OH,AGL,CE,Federal Contract Tower,0,8,31,0,39,0,3,118,0,121,0,11,149,0,160,262,0,262,422
10/16/2010,OSU,OH,AGL,CE,Federal Contract Tower,0,4,32,0,36,0,0,121,0,121,0,4,153,0,157,270,0,270,427
10/17/2010,OSU,OH,AGL,CE,Federal Contract Tower,0,0,30,0,30,0,0,110,0,110,0,0,140,0,140,16,0,16,156
10/18/2010,OSU,OH,AGL,CE,Federal Contract Tower,0,4,18,0,22,0,0,81,8,89,0,4,99,8,111,80,0,80,191
10/19/2010,OSU,OH,AGL,CE,Federal Contract Tower,0,7,30,0,37,0,2,107,0,109,0,9,137,0,146,144,0,144,290
10/20/2010,OSU,OH,AGL,CE,Federal Contract Tower,0,8,41,0,49,0,2,81,0,83,0,10,122,0,132,0,0,0,132
10/21/2010,OSU,OH,AGL,CE,Federal Contract Tower,0,11,35,0,46,0,3,89,0,92,0,14,124,0,138,24,0,24,162
10/22/2010,OSU,OH,AGL,CE,Federal Contract Tower,0,16,26,0,42,0,2,160,0,162,0,18,186,0,204,134,0,134,338
10/23/2010,OSU,OH,AGL,CE,Federal Contract Tower,0,7,30,0,37,0,5,66,0,71,0,12,96,0,108,18,0,18,126
10/24/2010,OSU,OH,AGL,CE,Federal Contract Tower,0,5,19,0,24,0,2,63,0,65,0,7,82,0,89,12,0,12,101
10/25/2010,OSU,OH,AGL,CE,Federal Contract Tower,0,4,27,0,31,0,5,42,0,47,0,9,69,0,78,0,0,0,78
10/26/2010,OSU,OH,AGL,CE,Federal Contract Tower,0,7,12,0,19,0,0,2,0,2,0,7,14,0,21,0,0,0,21
10/27/2010,OSU,OH,AGL,CE,Federal Contract Tower,0,16,28,0,44,0,4,48,0,52,0,20,76,0,96,2,0,2,98
10/28/2010,OSU,OH,AGL,CE,Federal Contract Tower,0,12,19,0,31,0,1,48,2,51,0,13,67,2,82,0,0,0,82
10/29/2010,OSU,OH,AGL,CE,Federal Contract Tower,0,2,27,0,29,0,1,100,0,101,0,3,127,0,130,32,0,32,162
10/30/2010,OSU,OH,AGL,CE,Federal Contract Tower,0,2,17,0,19,0,4,17,0,21,0,6,34,0,40,8,0,8,48
10/31/2010,OSU,OH,AGL,CE,Federal Contract Tower,0,3,19,0,22,0,4,86,0,90,0,7,105,0,112,22,0,22,134
11/01/2010,OSU,OH,AGL,CE,Federal Contract Tower,0,4,18,0,22,0,3,95,0,98,0,7,113,0,120,86,0,86,206
11/02/2010,OSU,OH,AGL,CE,Federal Contract Tower,0,12,40,0,52,0,2,120,0,122,0,14,160,0,174,110,0,110,284
11/03/2010,OSU,OH,AGL,CE,Federal Contract Tower,0,8,29,0,37,0,0,110,0,110,0,8,139,0,147,88,0,88,235
11/04/2010,OSU,OH,AGL,CE,Federal Contract Tower,0,4,29,0,33,0,0,92,4,96,0,4,121,4,129,38,0,38,167
11/05/2010,OSU,OH,AGL,CE,Federal Contract Tower,0,7,20,0,27,0,0,52,4,56,0,7,72,4,83,22,14,36,119
11/06/2010,OSU,OH,AGL,CE,Federal Contract Tower,0,4,19,0,23,0,0,97,0,97,0,4,116,0,120,82,0,82,202
11/07/2010,OSU,OH,AGL,CE,Federal Contract Tower,0,0,10,0,10,0,0,87,0,87,0,0,97,0,97,24,0,24,121
11/08/2010,OSU,OH,AGL,CE,Federal Contract Tower,0,12,26,0,38,0,0,144,0,144,0,12,170,0,182,150,0,150,332
11/09/2010,OSU,OH,AGL,CE,Federal Contract Tower,0,9,33,4,46,0,0,160,0,160,0,9,193,4,206,178,0,178,384
11/10/2010,OSU,OH,AGL,CE,Federal Contract Tower,0,6,38,0,44,0,0,130,0,130,0,6,168,0,174,108,0,108,282
11/11/2010,OSU,OH,AGL,CE,Federal Contract Tower,0,6,35,0,41,0,4,84,0,88,0,10,119,0,129,14,0,14,143
11/12/2010,OSU,OH,AGL,CE,Federal Contract Tower,0,10,45,0,55,0,1,148,0,149,0,11,193,0,204,154,0,154,358
11/13/2010,OSU,OH,AGL,CE,Federal Contract Tower,0,12,42,0,54,0,1,102,0,103,0,13,144,0,157,8,0,8,165
11/14/2010,OSU,OH,AGL,CE,Federal Contract Tower,0,3,42,0,45,0,0,62,0,62,0,3,104,0,107,106,0,106,213
11/15/2010,OSU,OH,AGL,CE,Federal Contract Tower,0,8,24,0,32,0,0,116,0,116,0,8,140,0,148,134,0,134,282
11/16/2010,OSU,OH,AGL,CE,Federal Contract Tower,0,6,40,0,46,0,0,35,0,35,0,6,75,0,81,42,0,42,123
11/17/2010,OSU,OH,AGL,CE,Federal Contract Tower,0,8,28,0,36,0,0,58,0,58,0,8,86,0,94,30,0,30,124
11/18/2010,OSU,OH,AGL,CE,Federal Contract Tower,0,13,33,0,46,0,0,25,0,25,0,13,58,0,71,18,0,18,89
11/19/2010,OSU,OH,AGL,CE,Federal Contract Tower,0,14,49,1,64,0,0,102,1,103,0,14,151,2,167,32,0,32,199
11/20/2010,OSU,OH,AGL,CE,Federal Contract Tower,0,3,29,0,32,0,1,4,0,5,0,4,33,0,37,0,0,0,37
11/21/2010,OSU,OH,AGL,CE,Federal Contract Tower,0,4,24,0,28,0,0,85,0,85,0,4,109,0,113,28,0,28,141
11/22/2010,OSU,OH,AGL,CE,Federal Contract Tower,0,2,21,0,23,0,2,31,0,33,0,4,52,0,56,6,0,6,62
11/23/2010,OSU,OH,AGL,CE,Federal Contract Tower,0,5,20,0,25,0,0,87,0,87,0,5,107,0,112,14,0,14,126
11/24/2010,OSU,OH,AGL,CE,Federal Contract Tower,0,4,33,0,37,0,0,67,0,67,0,4,100,0,104,64,0,64,168
11/25/2010,OSU,OH,AGL,CE,Federal Contract Tower,0,4,6,0,10,0,0,1,0,1,0,4,7,0,11,0,0,0,11
11/26/2010,OSU,OH,AGL,CE,Federal Contract Tower,0,7,19,0,26,0,1,85,0,86,0,8,104,0,112,24,0,24,136
11/27/2010,OSU,OH,AGL,CE,Federal Contract Tower,0,17,40,0,57,0,0,71,0,71,0,17,111,0,128,8,0,8,136
11/28/2010,OSU,OH,AGL,CE,Federal Contract Tower,0,9,40,2,51,0,6,109,0,115,0,15,149,2,166,20,0,20,186
11/29/2010,OSU,OH,AGL,CE,Federal Contract Tower,0,7,23,0,30,0,1,185,0,186,0,8,208,0,216,82,0,82,298
11/30/2010,OSU,OH,AGL,CE,Federal Contract Tower,0,12,24,0,36,0,0,3,0,3,0,12,27,0,39,0,0,0,39
12/01/2010,OSU,OH,AGL,CE,Federal Contract Tower,0,12,30,0,42,0,0,2,0,2,0,12,32,0,44,0,0,0,44
12/02/2010,OSU,OH,AGL,CE,Federal Contract Tower,0,8,29,0,37,0,2,106,0,108,0,10,135,0,145,92,0,92,237
12/03/2010,OSU,OH,AGL,CE,Federal Contract Tower,0,9,23,0,32,0,2,82,2,86,0,11,105,2,118,56,0,56,174
12/04/2010,OSU,OH,AGL,CE,Federal Contract Tower,0,4,5,0,9,0,2,20,0,22,0,6,25,0,31,76,0,76,107
12/05/2010,OSU,OH,AGL,CE,Federal Contract Tower,0,0,8,0,8,0,1,36,0,37,0,1,44,0,45,16,0,16,61
12/06/2010,OSU,OH,AGL,CE,Federal Contract Tower,0,4,23,0,27,0,1,11,0,12,0,5,34,0,39,10,0,10,49
12/07/2010,OSU,OH,AGL,CE,Federal Contract Tower,0,5,22,0,27,0,0,17,3,20,0,5,39,3,47,8,0,8,55
12/08/2010,OSU,OH,AGL,CE,Federal Contract Tower,0,11,35,0,46,0,1,77,0,78,0,12,112,0,124,118,0,118,242
12/09/2010,OSU,OH,AGL,CE,Federal Contract Tower,0,4,25,0,29,0,0,97,0,97,0,4,122,0,126,103,0,103,229
12/10/2010,OSU,OH,AGL,CE,Federal Contract Tower,0,3,34,0,37,0,2,56,0,58,0,5,90,0,95,66,0,66,161
12/11/2010,OSU,OH,AGL,CE,Federal Contract Tower,0,3,8,0,11,0,1,84,0,85,0,4,92,0,96,66,0,66,162
12/12/2010,OSU,OH,AGL,CE,Federal Contract Tower,0,0,7,0,7,0,0,0,0,0,0,0,7,0,7,0,0,0,7
12/13/2010,OSU,OH,AGL,CE,Federal Contract Tower,0,3,17,0,20,0,0,4,0,4,0,3,21,0,24,0,0,0,24
12/14/2010,OSU,OH,AGL,CE,Federal Contract Tower,0,7,29,0,36,0,2,19,0,21,0,9,48,0,57,24,0,24,81
12/15/2010,OSU,OH,AGL,CE,Federal Contract Tower,0,5,30,0,35,0,7,73,0,80,0,12,103,0,115,88,0,88,203
12/16/2010,OSU,OH,AGL,CE,Federal Contract Tower,0,2,18,0,20,0,0,12,0,12,0,2,30,0,32,22,0,22,54
12/17/2010,OSU,OH,AGL,CE,Federal Contract Tower,0,6,19,0,25,0,1,9,5,15,0,7,28,5,40,22,0,22,62
12/18/2010,OSU,OH,AGL,CE,Federal Contract Tower,0,10,17,0,27,0,0,79,0,79,0,10,96,0,106,16,0,16,122
12/19/2010,OSU,OH,AGL,CE,Federal Contract Tower,0,0,9,0,9,0,1,50,0,51,0,1,59,0,60,86,0,86,146
12/20/2010,OSU,OH,AGL,CE,Federal Contract Tower,0,7,24,0,31,0,3,33,0,36,0,10,57,0,67,44,0,44,111
12/21/2010,OSU,OH,AGL,CE,Federal Contract Tower,0,4,18,0,22,0,3,28,2,33,0,7,46,2,55,0,0,0,55
12/22/2010,OSU,OH,AGL,CE,Federal Contract Tower,0,6,21,0,27,0,2,31,0,33,0,8,52,0,60,22,0,22,82
12/23/2010,OSU,OH,AGL,CE,Federal Contract Tower,0,9,14,0,23,0,1,54,0,55,0,10,68,0,78,34,0,34,112
12/24/2010,OSU,OH,AGL,CE,Federal Contract Tower,0,6,9,0,15,0,3,36,0,39,0,9,45,0,54,8,0,8,62
12/25/2010,OSU,OH,AGL,CE,Federal Contract Tower,0,0,2,0,2,0,0,9,0,9,0,0,11,0,11,0,0,0,11
12/26/2010,OSU,OH,AGL,CE,Federal Contract Tower,0,2,17,0,19,0,0,0,0,0,0,2,17,0,19,0,0,0,19
12/27/2010,OSU,OH,AGL,CE,Federal Contract Tower,0,12,7,0,19,0,1,38,0,39,0,13,45,0,58,0,0,0,58
12/28/2010,OSU,OH,AGL,CE,Federal Contract Tower,0,6,25,0,31,0,3,38,0,41,0,9,63,0,72,6,0,6,78
12/29/2010,OSU,OH,AGL,CE,Federal Contract Tower,0,5,16,0,21,0,0,125,0,125,0,5,141,0,146,124,0,124,270
12/30/2010,OSU,OH,AGL,CE,Federal Contract Tower,0,7,16,0,23,0,5,6,0,11,0,12,22,0,34,0,0,0,34
12/31/2010,OSU,OH,AGL,CE,Federal Contract Tower,0,1,11,0,12,0,1,50,0,51,0,2,61,0,63,32,0,32,95
01/01/2011,OSU,OH,AGL,CE,Federal Contract Tower,0,0,10,0,10,0,0,11,0,11,0,0,21,0,21,20,0,20,41
01/02/2011,OSU,OH,AGL,CE,Federal Contract Tower,0,5,22,0,27,0,0,131,0,131,0,5,153,0,158,32,0,32,190
01/03/2011,OSU,OH,AGL,CE,Federal Contract Tower,0,3,29,0,32,0,2,92,0,94,0,5,121,0,126,8,0,8,134
01/04/2011,OSU,OH,AGL,CE,Federal Contract Tower,0,5,15,0,20,0,0,107,0,107,0,5,122,0,127,48,0,48,175
01/05/2011,OSU,OH,AGL,CE,Federal Contract Tower,0,6,27,0,33,0,1,123,0,124,0,7,150,0,157,214,0,214,371
01/06/2011,OSU,OH,AGL,CE,Federal Contract Tower,0,6,18,0,24,0,2,43,0,45,0,8,61,0,69,44,0,44,113
01/07/2011,OSU,OH,AGL,CE,Federal Contract Tower,0,7,21,0,28,0,0,19,0,19,0,7,40,0,47,22,0,22,69
01/08/2011,OSU,OH,AGL,CE,Federal Contract Tower,0,2,2,0,4,0,0,35,0,35,0,2,37,0,39,0,0,0,39
01/09/2011,OSU,OH,AGL,CE,Federal Contract Tower,0,0,15,0,15,0,2,51,0,53,0,2,66,0,68,26,0,26,94
01/10/2011,OSU,OH,AGL,CE,Federal Contract Tower,0,5,26,0,31,0,0,122,0,122,0,5,148,0,153,182,0,182,335
01/11/2011,OSU,OH,AGL,CE,Federal Contract Tower,0,2,8,0,10,0,0,0,0,0,0,2,8,0,10,0,0,0,10
01/12/2011,OSU,OH,AGL,CE,Federal Contract Tower,0,3,29,0,32,0,0,5,0,5,0,3,34,0,37,0,0,0,37
01/13/2011,OSU,OH,AGL,CE,Federal Contract Tower,0,10,18,0,28,0,0,13,0,13,0,10,31,0,41,2,0,2,43
01/14/2011,OSU,OH,AGL,CE,Federal Contract Tower,0,11,25,0,36,0,0,114,0,114,0,11,139,0,150,96,0,96,246
01/15/2011,OSU,OH,AGL,CE,Federal Contract Tower,0,4,6,0,10,0,3,16,0,19,0,7,22,0,29,20,0,20,49
01/16/2011,OSU,OH,AGL,CE,Federal Contract Tower,0,0,11,0,11,0,0,108,0,108,0,0,119,0,119,48,0,48,167
01/17/2011,OSU,OH,AGL,CE,Federal Contract Tower,0,6,19,0,25,0,0,94,0,94,0,6,113,0,119,58,0,58,177
01/18/2011,OSU,OH,AGL,CE,Federal Contract Tower,0,3,21,0,24,0,0,0,0,0,0,3,21,0,24,0,0,0,24
01/19/2011,OSU,OH,AGL,CE,Federal Contract Tower,0,8,34,0,42,0,0,15,0,15,0,8,49,0,57,10,0,10,67
01/20/2011,OSU,OH,AGL,CE,Federal Contract Tower,0,4,12,0,16,0,0,0,0,0,0,4,12,0,16,0,0,0,16
01/21/2011,OSU,OH,AGL,CE,Federal Contract Tower,0,4,24,1,29,0,0,102,0,102,0,4,126,1,131,52,0,52,183
01/22/2011,OSU,OH,AGL,CE,Federal Contract Tower,0,3,5,0,8,0,1,46,0,47,0,4,51,0,55,6,0,6,61
01/23/2011,OSU,OH,AGL,CE,Federal Contract Tower,0,1,7,0,8,0,4,60,0,64,0,5,67,0,72,56,0,56,128
01/24/2011,OSU,OH,AGL,CE,Federal Contract Tower,0,6,19,0,25,0,0,5,0,5,0,6,24,0,30,16,0,16,46
01/25/2011,OSU,OH,AGL,CE,Federal Contract Tower,0,8,36,0,44,0,2,61,2,65,0,10,97,2,109,202,0,202,311
01/26/2011,OSU,OH,AGL,CE,Federal Contract Tower,0,9,21,0,30,0,0,0,0,0,0,9,21,0,30,0,0,0,30
01/27/2011,OSU,OH,AGL,CE,Federal Contract Tower,0,9,28,0,37,0,4,21,0,25,0,13,49,0,62,8,0,8,70
01/28/2011,OSU,OH,AGL,CE,Federal Contract Tower,0,8,22,0,30,0,1,32,0,33,0,9,54,0,63,96,0,96,159
01/29/2011,OSU,OH,AGL,CE,Federal Contract Tower,0,2,5,0,7,0,1,29,0,30,0,3,34,0,37,82,0,82,119
01/30/2011,OSU,OH,AGL,CE,Federal Contract Tower,0,0,9,0,9,0,1,20,0,21,0,1,29,0,30,46,0,46,76
01/31/2011,OSU,OH,AGL,CE,Federal Contract Tower,0,2,20,0,22,0,1,146,0,147,0,3,166,0,169,106,0,106,275
02/01/2011,OSU,OH,AGL,CE,Federal Contract Tower,0,0,3,0,3,0,0,0,0,0,0,0,3,0,3,0,0,0,3
02/02/2011,OSU,OH,AGL,CE,Federal Contract Tower,0,0,8,0,8,0,0,0,0,0,0,0,8,0,8,0,0,0,8
02/03/2011,OSU,OH,AGL,CE,Federal Contract Tower,0,4,19,0,23,0,2,41,0,43,0,6,60,0,66,76,0,76,142
02/04/2011,OSU,OH,AGL,CE,Federal Contract Tower,0,2,30,0,32,0,7,186,0,193,0,9,216,0,225,218,0,218,443
02/05/2011,OSU,OH,AGL,CE,Federal Contract Tower,0,0,12,0,12,0,0,0,0,0,0,0,12,0,12,0,0,0,12
02/06/2011,OSU,OH,AGL,CE,Federal Contract Tower,0,0,10,0,10,0,3,21,0,24,0,3,31,0,34,34,0,34,68
02/07/2011,OSU,OH,AGL,CE,Federal Contract Tower,0,3,14,0,17,0,3,0,0,3,0,6,14,0,20,0,0,0,20
02/08/2011,OSU,OH,AGL,CE,Federal Contract Tower,0,0,19,0,19,0,2,40,0,42,0,2,59,0,61,28,0,28,89
02/09/2011,OSU,OH,AGL,CE,Federal Contract Tower,0,6,29,0,35,0,1,153,0,154,0,7,182,0,189,120,0,120,309
02/10/2011,OSU,OH,AGL,CE,Federal Contract Tower,0,2,23,0,25,0,1,160,0,161,0,3,183,0,186,163,0,163,349
02/11/2011,OSU,OH,AGL,CE,Federal Contract Tower,0,1,46,0,47,0,1,107,0,108,0,2,153,0,155,28,0,28,183
02/12/2011,OSU,OH,AGL,CE,Federal Contract Tower,0,4,17,0,21,0,0,65,0,65,0,4,82,0,86,52,0,52,138
02/13/2011,OSU,OH,AGL,CE,Federal Contract Tower,0,0,8,0,8,0,1,53,0,54,0,1,61,0,62,12,0,12,74
02/14/2011,OSU,OH,AGL,CE,Federal Contract Tower,0,0,20,0,20,0,3,48,0,51,0,3,68,0,71,26,0,26,97
02/15/2011,OSU,OH,AGL,CE,Federal Contract Tower,0,12,15,0,27,0,0,203,0,203,0,12,218,0,230,200,0,200,430
02/16/2011,OSU,OH,AGL,CE,Federal Contract Tower,0,6,20,0,26,0,0,92,0,92,0,6,112,0,118,98,0,98,216
02/17/2011,OSU,OH,AGL,CE,Federal Contract Tower,0,7,26,0,33,0,2,57,0,59,0,9,83,0,92,6,0,6,98
02/18/2011,OSU,OH,AGL,CE,Federal Contract Tower,0,13,24,0,37,0,2,41,0,43,0,15,65,0,80,0,0,0,80
02/19/2011,OSU,OH,AGL,CE,Federal Contract Tower,0,3,17,0,20,0,3,98,0,101,0,6,115,0,121,46,0,46,167
02/20/2011,OSU,OH,AGL,CE,Federal Contract Tower,0,2,13,0,15,0,0,22,0,22,0,2,35,0,37,32,0,32,69
02/21/2011,OSU,OH,AGL,CE,Federal Contract Tower,0,1,20,0,21,0,0,0,0,0,0,1,20,0,21,0,0,0,21
02/22/2011,OSU,OH,AGL,CE,Federal Contract Tower,0,8,32,0,40,0,2,9,4,15,0,10,41,4,55,0,14,14,69
02/23/2011,OSU,OH,AGL,CE,Federal Contract Tower,0,7,20,0,27,0,0,13,2,15,0,7,33,2,42,10,6,16,58
02/24/2011,OSU,OH,AGL,CE,Federal Contract Tower,0,6,27,0,33,0,0,11,0,11,0,6,38,0,44,18,0,18,62
02/25/2011,OSU,OH,AGL,CE,Federal Contract Tower,0,7,8,0,15,0,0,37,0,37,0,7,45,0,52,0,0,0,52
02/26/2011,OSU,OH,AGL,CE,Federal Contract Tower,0,2,20,0,22,0,2,61,0,63,0,4,81,0,85,84,0,84,169
02/27/2011,OSU,OH,AGL,CE,Federal Contract Tower,0,1,8,0,9,0,0,60,0,60,0,1,68,0,69,68,0,68,137
02/28/2011,OSU,OH,AGL,CE,Federal Contract Tower,0,3,15,0,18,0,1,6,0,7,0,4,21,0,25,0,0,0,25
03/01/2011,OSU,OH,AGL,CE,Federal Contract Tower,0,8,42,1,51,0,1,130,0,131,0,9,172,1,182,50,0,50,232
03/02/2011,OSU,OH,AGL,CE,Federal Contract Tower,0,7,23,0,30,0,1,96,1,98,0,8,119,1,128,98,0,98,226
03/03/2011,OSU,OH,AGL,CE,Federal Contract Tower,0,10,32,0,42,0,8,78,0,86,0,18,110,0,128,84,0,84,212
03/04/2011,OSU,OH,AGL,CE,Federal Contract Tower,0,5,22,0,27,0,0,9,0,9,0,5,31,0,36,16,0,16,52
03/05/2011,OSU,OH,AGL,CE,Federal Contract Tower,0,3,6,0,9,0,0,0,0,0,0,3,6,0,9,0,0,0,9
03/06/2011,OSU,OH,AGL,CE,Federal Contract Tower,0,2,7,0,9,0,0,24,0,24,0,2,31,0,33,42,0,42,75
03/07/2011,OSU,OH,AGL,CE,Federal Contract Tower,0,6,28,0,34,0,5,75,0,80,0,11,103,0,114,168,0,168,282
03/08/2011,OSU,OH,AGL,CE,Federal Contract Tower,0,11,23,0,34,0,1,93,0,94,0,12,116,0,128,198,0,198,326
03/09/2011,OSU,OH,AGL,CE,Federal Contract Tower,0,9,9,0,18,0,0,0,0,0,0,9,9,0,18,0,0,0,18
03/10/2011,OSU,OH,AGL,CE,Federal Contract Tower,0,2,27,0,29,0,0,2,0,2,0,2,29,0,31,0,0,0,31
03/11/2011,OSU,OH,AGL,CE,Federal Contract Tower,0,5,16,0,21,0,0,31,0,31,0,5,47,0,52,4,0,4,56
03/12/2011,OSU,OH,AGL,CE,Federal Contract Tower,0,3,15,0,18,0,0,49,0,49,0,3,64,0,67,36,0,36,103
03/13/2011,OSU,OH,AGL,CE,Federal Contract Tower,0,2,25,0,27,0,0,73,0,73,0,2,98,0,100,88,0,88,188
03/14/2011,OSU,OH,AGL,CE,Federal Contract Tower,0,3,18,0,21,0,2,111,0,113,0,5,129,0,134,136,0,136,270
03/15/2011,OSU,OH,AGL,CE,Federal Contract Tower,0,6,17,0,23,0,2,25,0,27,0,8,42,0,50,32,0,32,82
03/16/2011,OSU,OH,AGL,CE,Federal Contract Tower,0,2,33,0,35,0,0,57,0,57,0,2,90,0,92,36,0,36,128
03/17/2011,OSU,OH,AGL,CE,Federal Contract Tower,0,10,48,0,58,0,1,141,0,142,0,11,189,0,200,84,0,84,284
03/18/2011,OSU,OH,AGL,CE,Federal Contract Tower,0,13,33,0,46,0,0,83,0,83,0,13,116,0,129,54,0,54,183
03/19/2011,OSU,OH,AGL,CE,Federal Contract Tower,0,4,30,0,34,0,0,78,0,78,0,4,108,0,112,100,0,100,212
03/20/2011,OSU,OH,AGL,CE,Federal Contract Tower,0,0,12,0,12,0,0,81,0,81,0,0,93,0,93,108,0,108,201
03/21/2011,OSU,OH,AGL,CE,Federal Contract Tower,0,6,18,0,24,0,0,53,0,53,0,6,71,0,77,52,0,52,129
03/22/2011,OSU,OH,AGL,CE,Federal Contract Tower,0,4,30,0,34,0,0,36,0,36,0,4,66,0,70,34,0,34,104
03/23/2011,OSU,OH,AGL,CE,Federal Contract Tower,0,2,18,0,20,0,0,20,0,20,0,2,38,0,40,12,0,12,52
03/24/2011,OSU,OH,AGL,CE,Federal Contract Tower,0,7,21,0,28,0,1,46,0,47,0,8,67,0,75,16,0,16,91
03/25/2011,OSU,OH,AGL,CE,Federal Contract Tower,0,8,51,0,59,0,0,77,4,81,0,8,128,4,140,64,0,64,204
03/26/2011,OSU,OH,AGL,CE,Federal Contract Tower,0,3,28,0,31,0,1,91,0,92,0,4,119,0,123,10,0,10,133
03/27/2011,OSU,OH,AGL,CE,Federal Contract Tower,0,5,17,0,22,0,0,84,0,84,0,5,101,0,106,76,0,76,182
03/28/2011,OSU,OH,AGL,CE,Federal Contract Tower,0,1,34,0,35,0,4,96,0,100,0,5,130,0,135,90,0,90,225
03/29/2011,OSU,OH,AGL,CE,Federal Contract Tower,0,8,30,0,38,0,1,151,0,152,0,9,181,0,190,226,0,226,416
03/30/2011,OSU,OH,AGL,CE,Federal Contract Tower,0,6,19,0,25,0,1,35,0,36,0,7,54,0,61,56,0,56,117
03/31/2011,OSU,OH,AGL,CE,Federal Contract Tower,0,8,27,0,35,0,3,28,0,31,0,11,55,0,66,40,0,40,106
04/01/2011,OSU,OH,AGL,CE,Federal Contract Tower,0,8,27,0,35,0,1,84,2,87,0,9,111,2,122,78,0,78,200
04/02/2011,OSU,OH,AGL,CE,Federal Contract Tower,0,4,8,0,12,0,2,32,0,34,0,6,40,0,46,24,0,24,70
04/03/2011,OSU,OH,AGL,CE,Federal Contract Tower,0,1,18,0,19,0,1,66,0,67,0,2,84,0,86,26,0,26,112
04/04/2011,OSU,OH,AGL,CE,Federal Contract Tower,0,4,13,0,17,0,0,0,0,0,0,4,13,0,17,0,0,0,17
04/05/2011,OSU,OH,AGL,CE,Federal Contract Tower,0,4,32,0,36,0,1,63,0,64,0,5,95,0,100,57,0,57,157
04/06/2011,OSU,OH,AGL,CE,Federal Contract Tower,0,6,34,0,40,0,0,59,0,59,0,6,93,0,99,14,0,14,113
04/07/2011,OSU,OH,AGL,CE,Federal Contract Tower,0,8,45,0,53,0,2,114,0,116,0,10,159,0,169,140,0,140,309
04/08/2011,OSU,OH,AGL,CE,Federal Contract Tower,0,13,41,0,54,0,1,57,0,58,0,14,98,0,112,76,0,76,188
04/09/2011,OSU,OH,AGL,CE,Federal Contract Tower,0,7,32,0,39,0,0,38,0,38,0,7,70,0,77,50,0,50,127
04/10/2011,OSU,OH,AGL,CE,Federal Contract Tower,0,0,23,0,23,0,0,97,0,97,0,0,120,0,120,46,0,46,166
04/11/2011,OSU,OH,AGL,CE,Federal Contract Tower,0,4,25,0,29,0,0,13,0,13,0,4,38,0,42,10,0,10,52
04/12/2011,OSU,OH,AGL,CE,Federal Contract Tower,0,8,18,0,26,0,1,30,0,31,0,9,48,0,57,0,0,0,57
04/13/2011,OSU,OH,AGL,CE,Federal Contract Tower,0,9,44,0,53,0,5,182,0,187,0,14,226,0,240,108,0,108,348
04/14/2011,OSU,OH,AGL,CE,Federal Contract Tower,0,11,49,0,60,0,2,168,0,170,0,13,217,0,230,186,0,186,416
04/15/2011,OSU,OH,AGL,CE,Federal Contract Tower,0,4,30,0,34,0,1,99,0,100,0,5,129,0,134,80,0,80,214
04/16/2011,OSU,OH,AGL,CE,Federal Contract Tower,0,4,11,0,15,0,1,29,0,30,0,5,40,0,45,32,0,32,77
04/17/2011,OSU,OH,AGL,CE,Federal Contract Tower,0,8,20,0,28,0,0,38,0,38,0,8,58,0,66,80,0,80,146
04/18/2011,OSU,OH,AGL,CE,Federal Contract Tower,0,8,30,0,38,0,3,76,4,83,0,11,106,4,121,66,0,66,187
04/19/2011,OSU,OH,AGL,CE,Federal Contract Tower,0,9,19,1,29,0,0,3,0,3,0,9,22,1,32,6,0,6,38
04/20/2011,OSU,OH,AGL,CE,Federal Contract Tower,0,8,34,1,43,0,0,17,0,17,0,8,51,1,60,18,0,18,78
04/21/2011,OSU,OH,AGL,CE,Federal Contract Tower,0,4,51,0,55,3,165,0,0,168,3,169,51,0,223,0,0,0,223
04/22/2011,OSU,OH,AGL,CE,Federal Contract Tower,0,7,16,0,23,0,0,4,0,4,0,7,20,0,27,22,0,22,49
04/23/2011,OSU,OH,AGL,CE,Federal Contract Tower,0,2,17,0,19,0,0,20,0,20,0,2,37,0,39,0,0,0,39
04/24/2011,OSU,OH,AGL,CE,Federal Contract Tower,0,2,12,0,14,0,1,8,3,12,0,3,20,3,26,18,0,18,44
04/25/2011,OSU,OH,AGL,CE,Federal Contract Tower,0,4,23,0,27,0,0,10,0,10,0,4,33,0,37,8,0,8,45
04/26/2011,OSU,OH,AGL,CE,Federal Contract Tower,0,5,8,0,13,0,0,23,2,25,0,5,31,2,38,0,0,0,38
04/27/2011,OSU,OH,AGL,CE,Federal Contract Tower,0,3,26,0,29,0,0,29,0,29,0,3,55,0,58,22,0,22,80
04/28/2011,OSU,OH,AGL,CE,Federal Contract Tower,0,11,21,0,32,0,0,37,0,37,0,11,58,0,69,66,0,66,135
04/29/2011,OSU,OH,AGL,CE,Federal Contract Tower,0,8,20,0,28,0,1,149,0,150,0,9,169,0,178,236,0,236,414
04/30/2011,OSU,OH,AGL,CE,Federal Contract Tower,0,2,20,0,22,0,0,121,1,122,0,2,141,1,144,252,0,252,396
05/01/2011,OSU,OH,AGL,CE,Federal Contract Tower,0,0,22,0,22,0,1,17,0,18,0,1,39,0,40,130,0,130,170
05/02/2011,OSU,OH,AGL,CE,Federal Contract Tower,0,8,22,0,30,0,0,10,0,10,0,8,32,0,40,0,0,0,40
05/03/2011,OSU,OH,AGL,CE,Federal Contract Tower,0,7,36,0,43,0,0,5,0,5,0,7,41,0,48,38,0,38,86
05/04/2011,OSU,OH,AGL,CE,Federal Contract Tower,0,7,32,0,39,0,1,75,0,76,0,8,107,0,115,78,0,78,193
05/05/2011,OSU,OH,AGL,CE,Federal Contract Tower,0,11,38,0,49,0,1,251,4,256,0,12,289,4,305,200,0,200,505
05/06/2011,OSU,OH,AGL,CE,Federal Contract Tower,0,3,21,0,24,0,0,51,1,52,0,3,72,1,76,144,0,144,220
05/07/2011,OSU,OH,AGL,CE,Federal Contract Tower,0,5,15,0,20,0,1,112,0,113,0,6,127,0,133,218,0,218,351
05/08/2011,OSU,OH,AGL,CE,Federal Contract Tower,0,3,14,0,17,0,0,78,0,78,0,3,92,0,95,522,0,522,617
05/09/2011,OSU,OH,AGL,CE,Federal Contract Tower,0,0,36,0,36,0,1,185,0,186,0,1,221,0,222,465,0,465,687
05/10/2011,OSU,OH,AGL,CE,Federal Contract Tower,0,10,28,0,38,0,4,151,0,155,0,14,179,0,193,690,0,690,883
05/11/2011,OSU,OH,AGL,CE,Federal Contract Tower,0,10,35,0,45,0,1,203,0,204,0,11,238,0,249,792,0,792,1041
05/12/2011,OSU,OH,AGL,CE,Federal Contract Tower,0,7,42,0,49,0,1,162,0,163,0,8,204,0,212,794,0,794,1006
05/13/2011,OSU,OH,AGL,CE,Federal Contract Tower,0,6,45,0,51,0,2,158,0,160,0,8,203,0,211,1120,0,1120,1331
05/14/2011,OSU,OH,AGL,CE,Federal Contract Tower,0,9,33,0,42,0,1,77,2,80,0,10,110,2,122,934,0,934,1056
05/15/2011,OSU,OH,AGL,CE,Federal Contract Tower,0,0,52,3,55,0,0,7,0,7,0,0,59,3,62,0,0,0,62
05/16/2011,OSU,OH,AGL,CE,Federal Contract Tower,0,5,27,0,32,0,0,10,0,10,0,5,37,0,42,0,0,0,42
05/17/2011,OSU,OH,AGL,CE,Federal Contract Tower,0,7,32,0,39,0,0,0,0,0,0,7,32,0,39,0,0,0,39
05/18/2011,OSU,OH,AGL,CE,Federal Contract Tower,0,8,36,0,44,0,1,68,0,69,0,9,104,0,113,704,0,704,817
05/19/2011,OSU,OH,AGL,CE,Federal Contract Tower,0,19,56,0,75,0,0,90,0,90,0,19,146,0,165,762,0,762,927
05/20/2011,OSU,OH,AGL,CE,Federal Contract Tower,0,10,44,0,54,0,0,159,0,159,0,10,203,0,213,330,0,330,543
05/21/2011,OSU,OH,AGL,CE,Federal Contract Tower,0,4,34,0,38,0,1,150,0,151,0,5,184,0,189,196,0,196,385
05/22/2011,OSU,OH,AGL,CE,Federal Contract Tower,0,9,40,0,49,0,0,180,0,180,0,9,220,0,229,50,0,50,279
05/23/2011,OSU,OH,AGL,CE,Federal Contract Tower,0,3,32,0,35,0,0,37,0,37,0,3,69,0,72,0,0,0,72
05/24/2011,OSU,OH,AGL,CE,Federal Contract Tower,0,4,26,0,30,0,1,52,0,53,0,5,78,0,83,60,14,74,157
05/25/2011,OSU,OH,AGL,CE,Federal Contract Tower,0,4,24,0,28,0,1,61,0,62,0,5,85,0,90,32,0,32,122
05/26/2011,OSU,OH,AGL,CE,Federal Contract Tower,0,9,24,0,33,0,2,14,0,16,0,11,38,0,49,14,0,14,63
05/27/2011,OSU,OH,AGL,CE,Federal Contract Tower,0,9,51,0,60,0,0,79,0,79,0,9,130,0,139,96,0,96,235
05/28/2011,OSU,OH,AGL,CE,Federal Contract Tower,0,2,20,0,22,0,1,112,0,113,0,3,132,0,135,58,0,58,193
05/29/2011,OSU,OH,AGL,CE,Federal Contract Tower,0,6,13,0,19,0,1,76,0,77,0,7,89,0,96,68,0,68,164
05/30/2011,OSU,OH,AGL,CE,Federal Contract Tower,0,14,22,0,36,0,0,104,0,104,0,14,126,0,140,58,0,58,198
05/31/2011,OSU,OH,AGL,CE,Federal Contract Tower,0,28,42,0,70,0,0,152,0,152,0,28,194,0,222,160,0,160,382
06/01/2011,OSU,OH,AGL,CE,Federal Contract Tower,0,6,37,0,43,0,4,125,0,129,0,10,162,0,172,48,0,48,220
06/02/2011,OSU,OH,AGL,CE,Federal Contract Tower,0,5,44,0,49,0,1,144,0,145,0,6,188,0,194,204,0,204,398
06/03/2011,OSU,OH,AGL,CE,Federal Contract Tower,0,10,55,0,65,0,0,166,0,166,0,10,221,0,231,164,0,164,395
06/04/2011,OSU,OH,AGL,CE,Federal Contract Tower,0,6,27,0,33,0,0,117,4,121,0,6,144,4,154,28,0,28,182
06/05/2011,OSU,OH,AGL,CE,Federal Contract Tower,0,29,39,0,68,0,1,68,0,69,0,30,107,0,137,26,0,26,163
06/06/2011,OSU,OH,AGL,CE,Federal Contract Tower,0,16,36,0,52,0,2,92,0,94,0,18,128,0,146,100,0,100,246
06/07/2011,OSU,OH,AGL,CE,Federal Contract Tower,0,7,21,0,28,0,5,72,6,83,0,12,93,6,111,24,0,24,135
06/08/2011,OSU,OH,AGL,CE,Federal Contract Tower,0,3,37,0,40,0,4,76,1,81,0,7,113,1,121,76,0,76,197
06/09/2011,OSU,OH,AGL,CE,Federal Contract Tower,0,7,19,0,26,0,0,104,0,104,0,7,123,0,130,112,0,112,242
06/10/2011,OSU,OH,AGL,CE,Federal Contract Tower,0,7,9,0,16,0,0,24,0,24,0,7,33,0,40,33,0,33,73
06/11/2011,OSU,OH,AGL,CE,Federal Contract Tower,0,0,11,0,11,0,1,44,0,45,0,1,55,0,56,12,0,12,68
06/12/2011,OSU,OH,AGL,CE,Federal Contract Tower,0,6,21,0,27,0,0,60,0,60,0,6,81,0,87,30,0,30,117
06/13/2011,OSU,OH,AGL,CE,Federal Contract Tower,0,6,30,0,36,0,2,104,0,106,0,8,134,0,142,95,0,95,237
06/14/2011,OSU,OH,AGL,CE,Federal Contract Tower,0,4,38,0,42,0,0,122,0,122,0,4,160,0,164,80,0,80,244
06/15/2011,OSU,OH,AGL,CE,Federal Contract Tower,0,8,33,0,41,0,0,112,0,112,0,8,145,0,153,78,0,78,231
06/16/2011,OSU,OH,AGL,CE,Federal Contract Tower,0,13,42,0,55,0,0,32,0,32,0,13,74,0,87,52,0,52,139
06/17/2011,OSU,OH,AGL,CE,Federal Contract Tower,0,15,28,0,43,0,0,75,0,75,0,15,103,0,118,76,0,76,194
06/18/2011,OSU,OH,AGL,CE,Federal Contract Tower,0,2,20,0,22,0,0,47,2,49,0,2,67,2,71,60,0,60,131
06/19/2011,OSU,OH,AGL,CE,Federal Contract Tower,0,3,13,0,16,0,0,21,2,23,0,3,34,2,39,30,0,30,69
06/20/2011,OSU,OH,AGL,CE,Federal Contract Tower,0,2,38,0,40,0,0,10,0,10,0,2,48,0,50,0,0,0,50
06/21/2011,OSU,OH,AGL,CE,Federal Contract Tower,0,6,40,1,47,0,0,79,2,81,0,6,119,3,128,104,0,104,232
06/22/2011,OSU,OH,AGL,CE,Federal Contract Tower,0,8,39,0,47,0,2,42,0,44,0,10,81,0,91,34,0,34,125
06/23/2011,OSU,OH,AGL,CE,Federal Contract Tower,0,10,33,0,43,0,0,33,2,35,0,10,66,2,78,26,0,26,104
06/24/2011,OSU,OH,AGL,CE,Federal Contract Tower,0,10,35,0,45,0,0,51,2,53,0,10,86,2,98,0,0,0,98
06/25/2011,OSU,OH,AGL,CE,Federal Contract Tower,0,7,28,0,35,0,0,141,0,141,0,7,169,0,176,50,0,50,226
06/26/2011,OSU,OH,AGL,CE,Federal Contract Tower,0,10,29,1,40,0,0,69,0,69,0,10,98,1,109,124,0,124,233
06/27/2011,OSU,OH,AGL,CE,Federal Contract Tower,0,9,26,0,35,0,0,138,0,138,0,9,164,0,173,60,0,60,233
06/28/2011,OSU,OH,AGL,CE,Federal Contract Tower,0,9,37,0,46,0,2,116,0,118,0,11,153,0,164,24,0,24,188
06/29/2011,OSU,OH,AGL,CE,Federal Contract Tower,0,3,43,0,46,0,0,115,4,119,0,3,158,4,165,100,0,100,265
06/30/2011,OSU,OH,AGL,CE,Federal Contract Tower,0,6,33,0,39,0,0,165,1,166,0,6,198,1,205,182,0,182,387
07/01/2011,OSU,OH,AGL,CE,Federal Contract Tower,0,12,34,1,47,0,0,138,0,138,0,12,172,1,185,124,6,130,315
07/02/2011,OSU,OH,AGL,CE,Federal Contract Tower,0,5,10,0,15,0,2,60,0,62,0,7,70,0,77,56,0,56,133
07/03/2011,OSU,OH,AGL,CE,Federal Contract Tower,0,0,12,0,12,0,0,73,0,73,0,0,85,0,85,12,0,12,97
07/04/2011,OSU,OH,AGL,CE,Federal Contract Tower,0,2,14,0,16,0,1,52,0,53,0,3,66,0,69,50,0,50,119
07/05/2011,OSU,OH,AGL,CE,Federal Contract Tower,0,5,29,0,34,0,1,120,0,121,0,6,149,0,155,128,0,128,283
07/06/2011,OSU,OH,AGL,CE,Federal Contract Tower,0,15,36,0,51,0,0,115,0,115,0,15,151,0,166,132,0,132,298
07/07/2011,OSU,OH,AGL,CE,Federal Contract Tower,0,8,30,0,38,0,0,97,2,99,0,8,127,2,137,96,0,96,233
07/08/2011,OSU,OH,AGL,CE,Federal Contract Tower,0,7,45,0,52,0,0,80,2,82,0,7,125,2,134,102,0,102,236
07/09/2011,OSU,OH,AGL,CE,Federal Contract Tower,0,0,19,0,19,0,2,96,0,98,0,2,115,0,117,42,0,42,159
07/10/2011,OSU,OH,AGL,CE,Federal Contract Tower,0,4,18,0,22,0,1,96,4,101,0,5,114,4,123,89,2,91,214
07/11/2011,OSU,OH,AGL,CE,Federal Contract Tower,0,3,40,0,43,0,0,60,0,60,0,3,100,0,103,22,0,22,125
07/12/2011,OSU,OH,AGL,CE,Federal Contract Tower,0,15,46,0,61,0,2,113,0,115,0,17,159,0,176,48,0,48,224
07/13/2011,OSU,OH,AGL,CE,Federal Contract Tower,0,15,30,0,45,0,2,90,2,94,0,17,120,2,139,50,0,50,189
07/14/2011,OSU,OH,AGL,CE,Federal Contract Tower,0,11,36,0,47,0,9,132,0,141,0,20,168,0,188,38,0,38,226
07/15/2011,OSU,OH,AGL,CE,Federal Contract Tower,0,9,34,0,43,0,0,113,0,113,0,9,147,0,156,94,0,94,250
07/16/2011,OSU,OH,AGL,CE,Federal Contract Tower,0,8,10,0,18,0,1,77,0,78,0,9,87,0,96,140,0,140,236
07/17/2011,OSU,OH,AGL,CE,Federal Contract Tower,0,2,32,0,34,0,1,62,0,63,0,3,94,0,97,28,0,28,125
07/18/2011,OSU,OH,AGL,CE,Federal Contract Tower,0,8,27,0,35,0,0,95,0,95,0,8,122,0,130,110,0,110,240
07/19/2011,OSU,OH,AGL,CE,Federal Contract Tower,0,10,23,0,33,0,0,88,0,88,0,10,111,0,121,143,0,143,264
07/20/2011,OSU,OH,AGL,CE,Federal Contract Tower,0,10,40,0,50,0,2,117,0,119,0,12,157,0,169,164,0,164,333
07/21/2011,OSU,OH,AGL,CE,Federal Contract Tower,0,10,50,0,60,0,0,135,0,135,0,10,185,0,195,134,0,134,329
07/22/2011,OSU,OH,AGL,CE,Federal Contract Tower,0,6,29,0,35,0,3,108,0,111,0,9,137,0,146,114,0,114,260
07/23/2011,OSU,OH,AGL,CE,Federal Contract Tower,0,0,19,0,19,0,0,71,0,71,0,0,90,0,90,128,0,128,218
07/24/2011,OSU,OH,AGL,CE,Federal Contract Tower,0,6,22,0,28,0,0,54,0,54,0,6,76,0,82,22,0,22,104
07/25/2011,OSU,OH,AGL,CE,Federal Contract Tower,0,7,26,0,33,0,0,92,0,92,0,7,118,0,125,94,0,94,219
07/26/2011,OSU,OH,AGL,CE,Federal Contract Tower,0,8,58,0,66,0,0,139,2,141,0,8,197,2,207,182,0,182,389
07/27/2011,OSU,OH,AGL,CE,Federal Contract Tower,0,10,54,0,64,0,0,140,0,140,0,10,194,0,204,170,0,170,374
07/28/2011,OSU,OH,AGL,CE,Federal Contract Tower,0,14,40,0,54,0,1,153,0,154,0,15,193,0,208,234,0,234,442
07/29/2011,OSU,OH,AGL,CE,Federal Contract Tower,0,6,27,0,33,0,1,60,0,61,0,7,87,0,94,8,0,8,102
07/30/2011,OSU,OH,AGL,CE,Federal Contract Tower,0,1,14,0,15,0,0,55,0,55,0,1,69,0,70,6,0,6,76
07/31/2011,OSU,OH,AGL,CE,Federal Contract Tower,0,2,19,0,21,0,1,128,0,129,0,3,147,0,150,22,0,22,172
08/01/2011,OSU,OH,AGL,CE,Federal Contract Tower,0,2,30,0,32,0,1,68,0,69,0,3,98,0,101,148,0,148,249
08/02/2011,OSU,OH,AGL,CE,Federal Contract Tower,0,5,36,1,42,0,0,83,0,83,0,5,119,1,125,124,0,124,249
08/03/2011,OSU,OH,AGL,CE,Federal Contract Tower,0,12,40,0,52,0,1,56,0,57,0,13,96,0,109,70,0,70,179
08/04/2011,OSU,OH,AGL,CE,Federal Contract Tower,0,5,44,0,49,0,0,79,0,79,0,5,123,0,128,97,0,97,225
08/05/2011,OSU,OH,AGL,CE,Federal Contract Tower,0,7,24,0,31,0,1,114,0,115,0,8,138,0,146,156,0,156,302
08/06/2011,OSU,OH,AGL,CE,Federal Contract Tower,0,3,13,0,16,0,0,79,0,79,0,3,92,0,95,82,0,82,177
08/07/2011,OSU,OH,AGL,CE,Federal Contract Tower,0,3,22,0,25,0,0,47,0,47,0,3,69,0,72,48,0,48,120
08/08/2011,OSU,OH,AGL,CE,Federal Contract Tower,0,10,37,0,47,0,0,64,1,65,0,10,101,1,112,78,0,78,190
08/09/2011,OSU,OH,AGL,CE,Federal Contract Tower,0,4,36,0,40,0,1,112,0,113,0,5,148,0,153,86,0,86,239
08/10/2011,OSU,OH,AGL,CE,Federal Contract Tower,0,3,40,0,43,0,2,103,0,105,0,5,143,0,148,70,0,70,218
08/11/2011,OSU,OH,AGL,CE,Federal Contract Tower,0,16,29,0,45,0,2,114,0,116,0,18,143,0,161,50,0,50,211
08/12/2011,OSU,OH,AGL,CE,Federal Contract Tower,0,9,23,0,32,0,0,127,0,127,0,9,150,0,159,72,0,72,231
08/13/2011,OSU,OH,AGL,CE,Federal Contract Tower,0,1,18,0,19,0,1,99,2,102,0,2,117,2,121,32,0,32,153
08/14/2011,OSU,OH,AGL,CE,Federal Contract Tower,0,1,22,2,25,0,1,78,0,79,0,2,100,2,104,78,0,78,182
08/15/2011,OSU,OH,AGL,CE,Federal Contract Tower,0,10,25,0,35,0,0,58,0,58,0,10,83,0,93,0,0,0,93
08/16/2011,OSU,OH,AGL,CE,Federal Contract Tower,0,6,45,0,51,0,0,108,0,108,0,6,153,0,159,122,0,122,281
08/17/2011,OSU,OH,AGL,CE,Federal Contract Tower,0,10,42,0,52,0,2,115,0,117,0,12,157,0,169,62,0,62,231
08/18/2011,OSU,OH,AGL,CE,Federal Contract Tower,0,5,26,0,31,0,0,94,0,94,0,5,120,0,125,88,0,88,213
08/19/2011,OSU,OH,AGL,CE,Federal Contract Tower,0,2,26,0,28,0,1,46,0,47,0,3,72,0,75,38,0,38,113
08/20/2011,OSU,OH,AGL,CE,Federal Contract Tower,0,4,18,0,22,0,0,91,4,95,0,4,109,4,117,96,0,96,213
08/21/2011,OSU,OH,AGL,CE,Federal Contract Tower,0,4,19,0,23,0,0,46,2,48,0,4,65,2,71,26,0,26,97
08/22/2011,OSU,OH,AGL,CE,Federal Contract Tower,0,4,22,0,26,0,2,106,0,108,0,6,128,0,134,140,0,140,274
08/23/2011,OSU,OH,AGL,CE,Federal Contract Tower,0,6,48,0,54,0,2,123,2,127,0,8,171,2,181,210,0,210,391
08/24/2011,OSU,OH,AGL,CE,Federal Contract Tower,0,7,28,0,35,0,5,74,8,87,0,12,102,8,122,28,0,28,150
08/25/2011,OSU,OH,AGL,CE,Federal Contract Tower,0,2,34,0,36,0,0,106,1,107,0,2,140,1,143,90,0,90,233
08/26/2011,OSU,OH,AGL,CE,Federal Contract Tower,0,6,24,0,30,0,4,91,0,95,0,10,115,0,125,20,0,20,145
08/27/2011,OSU,OH,AGL,CE,Federal Contract Tower,0,2,25,0,27,0,0,103,0,103,0,2,128,0,130,98,0,98,228
08/28/2011,OSU,OH,AGL,CE,Federal Contract Tower,0,4,10,0,14,0,4,58,0,62,0,8,68,0,76,112,0,112,188
08/29/2011,OSU,OH,AGL,CE,Federal Contract Tower,0,2,43,0,45,0,7,102,0,109,0,9,145,0,154,96,0,96,250
08/30/2011,OSU,OH,AGL,CE,Federal Contract Tower,0,12,30,0,42,0,7,108,0,115,0,19,138,0,157,114,0,114,271
08/31/2011,OSU,OH,AGL,CE,Federal Contract Tower,0,5,37,0,42,0,3,101,0,104,0,8,138,0,146,84,2,86,232
09/01/2011,OSU,OH,AGL,CE,Federal Contract Tower,0,11,37,0,48,0,7,107,4,118,0,18,144,4,166,102,0,102,268
09/02/2011,OSU,OH,AGL,CE,Federal Contract Tower,0,4,37,0,41,0,0,115,0,115,0,4,152,0,156,48,0,48,204
09/03/2011,OSU,OH,AGL,CE,Federal Contract Tower,0,2,28,0,30,0,0,68,0,68,0,2,96,0,98,52,0,52,150
09/04/2011,OSU,OH,AGL,CE,Federal Contract Tower,0,0,10,0,10,0,1,26,0,27,0,1,36,0,37,12,0,12,49
09/05/2011,OSU,OH,AGL,CE,Federal Contract Tower,0,1,6,0,7,0,0,23,0,23,0,1,29,0,30,26,0,26,56
09/06/2011,OSU,OH,AGL,CE,Federal Contract Tower,0,0,34,0,34,0,0,33,0,33,0,0,67,0,67,8,0,8,75
09/07/2011,OSU,OH,AGL,CE,Federal Contract Tower,0,7,51,4,62,0,0,0,0,0,0,7,51,4,62,0,0,0,62
09/08/2011,OSU,OH,AGL,CE,Federal Contract Tower,0,13,26,0,39,0,3,16,0,19,0,16,42,0,58,6,0,6,64
09/09/2011,OSU,OH,AGL,CE,Federal Contract Tower,0,7,40,0,47,0,1,41,0,42,0,8,81,0,89,26,0,26,115
09/10/2011,OSU,OH,AGL,CE,Federal Contract Tower,0,2,20,0,22,0,1,54,0,55,0,3,74,0,77,6,0,6,83
09/11/2011,OSU,OH,AGL,CE,Federal Contract Tower,0,2,26,0,28,0,0,62,0,62,0,2,88,0,90,50,0,50,140
09/12/2011,OSU,OH,AGL,CE,Federal Contract Tower,0,5,24,0,29,0,0,87,0,87,0,5,111,0,116,144,0,144,260
09/13/2011,OSU,OH,AGL,CE,Federal Contract Tower,0,9,31,0,40,0,0,80,0,80,0,9,111,0,120,68,0,68,188
09/14/2011,OSU,OH,AGL,CE,Federal Contract Tower,0,17,47,0,64,0,0,65,0,65,0,17,112,0,129,54,0,54,183
09/15/2011,OSU,OH,AGL,CE,Federal Contract Tower,0,3,44,0,47,0,1,67,0,68,0,4,111,0,115,22,0,22,137
09/16/2011,OSU,OH,AGL,CE,Federal Contract Tower,0,17,44,0,61,0,0,133,0,133,0,17,177,0,194,96,0,96,290
09/17/2011,OSU,OH,AGL,CE,Federal Contract Tower,0,0,22,0,22,0,1,108,0,109,0,1,130,0,131,16,0,16,147
09/18/2011,OSU,OH,AGL,CE,Federal Contract Tower,0,8,30,0,38,0,2,131,0,133,0,10,161,0,171,62,0,62,233
09/19/2011,OSU,OH,AGL,CE,Federal Contract Tower,0,7,26,0,33,0,0,42,0,42,0,7,68,0,75,0,10,10,85
09/20/2011,OSU,OH,AGL,CE,Federal Contract Tower,0,5,30,0,35,0,0,43,0,43,0,5,73,0,78,46,0,46,124
09/21/2011,OSU,OH,AGL,CE,Federal Contract Tower,0,10,46,0,56,0,1,43,4,48,0,11,89,4,104,32,0,32,136
09/22/2011,OSU,OH,AGL,CE,Federal Contract Tower,0,14,58,2,74,0,0,103,2,105,0,14,161,4,179,132,0,132,311
09/23/2011,OSU,OH,AGL,CE,Federal Contract Tower,0,9,35,0,44,0,0,5,0,5,0,9,40,0,49,8,0,8,57
09/24/2011,OSU,OH,AGL,CE,Federal Contract Tower,0,1,34,0,35,0,0,41,3,44,0,1,75,3,79,24,0,24,103
09/25/2011,OSU,OH,AGL,CE,Federal Contract Tower,0,5,30,0,35,0,0,131,0,131,0,5,161,0,166,130,0,130,296
09/26/2011,OSU,OH,AGL,CE,Federal Contract Tower,0,5,28,0,33,0,0,29,0,29,0,5,57,0,62,2,0,2,64
09/27/2011,OSU,OH,AGL,CE,Federal Contract Tower,0,7,44,0,51,0,0,53,0,53,0,7,97,0,104,26,0,26,130
09/28/2011,OSU,OH,AGL,CE,Federal Contract Tower,0,6,33,0,39,0,0,102,0,102,0,6,135,0,141,176,0,176,317
09/29/2011,OSU,OH,AGL,CE,Federal Contract Tower,0,7,28,0,35,0,0,57,0,57,0,7,85,0,92,106,0,106,198
09/30/2011,OSU,OH,AGL,CE,Federal Contract Tower,0,4,30,0,34,0,1,30,0,31,0,5,60,0,65,12,0,12,77
10/01/2011,OSU,OH,AGL,CE,Federal Contract Tower,0,0,28,0,28,0,1,22,0,23,0,1,50,0,51,6,0,6,57
10/02/2011,OSU,OH,AGL,CE,Federal Contract Tower,0,7,23,0,30,0,0,104,0,104,0,7,127,0,134,20,0,20,154
10/03/2011,OSU,OH,AGL,CE,Federal Contract Tower,0,5,28,0,33,0,1,118,0,119,0,6,146,0,152,78,0,78,230
10/04/2011,OSU,OH,AGL,CE,Federal Contract Tower,0,7,45,0,52,0,1,91,0,92,0,8,136,0,144,166,0,166,310
10/05/2011,OSU,OH,AGL,CE,Federal Contract Tower,0,14,38,0,52,0,1,155,0,156,0,15,193,0,208,220,0,220,428
10/06/2011,OSU,OH,AGL,CE,Federal Contract Tower,0,16,55,0,71,0,0,189,2,191,0,16,244,2,262,230,0,230,492
10/07/2011,OSU,OH,AGL,CE,Federal Contract Tower,0,8,56,0,64,0,1,169,0,170,0,9,225,0,234,148,0,148,382
10/08/2011,OSU,OH,AGL,CE,Federal Contract Tower,0,5,18,0,23,0,1,135,0,136,0,6,153,0,159,132,0,132,291
10/09/2011,OSU,OH,AGL,CE,Federal Contract Tower,0,6,34,0,40,0,1,122,0,123,0,7,156,0,163,96,0,96,259
10/10/2011,OSU,OH,AGL,CE,Federal Contract Tower,0,11,25,0,36,0,3,139,0,142,0,14,164,0,178,120,0,120,298
10/11/2011,OSU,OH,AGL,CE,Federal Contract Tower,0,9,26,0,35,0,0,157,0,157,0,9,183,0,192,196,0,196,388
10/12/2011,OSU,OH,AGL,CE,Federal Contract Tower,0,31,22,0,53,0,0,0,0,0,0,31,22,0,53,0,0,0,53
10/13/2011,OSU,OH,AGL,CE,Federal Contract Tower,0,9,40,0,49,0,0,91,0,91,0,9,131,0,140,72,0,72,212
10/14/2011,OSU,OH,AGL,CE,Federal Contract Tower,0,7,37,0,44,0,0,31,0,31,0,7,68,0,75,0,0,0,75
10/15/2011,OSU,OH,AGL,CE,Federal Contract Tower,0,1,20,0,21,0,0,22,0,22,0,1,42,0,43,0,0,0,43
10/16/2011,OSU,OH,AGL,CE,Federal Contract Tower,0,4,23,1,28,0,0,56,0,56,0,4,79,1,84,52,0,52,136
10/17/2011,OSU,OH,AGL,CE,Federal Contract Tower,0,7,31,0,38,0,1,132,0,133,0,8,163,0,171,160,0,160,331
10/18/2011,OSU,OH,AGL,CE,Federal Contract Tower,0,5,28,0,33,0,1,89,4,94,0,6,117,4,127,202,0,202,329
10/19/2011,OSU,OH,AGL,CE,Federal Contract Tower,0,12,32,2,46,0,0,0,0,0,0,12,32,2,46,0,0,0,46
10/20/2011,OSU,OH,AGL,CE,Federal Contract Tower,0,5,41,0,46,0,0,0,1,1,0,5,41,1,47,0,0,0,47
10/21/2011,OSU,OH,AGL,CE,Federal Contract Tower,0,6,43,0,49,0,4,98,0,102,0,10,141,0,151,244,0,244,395
10/22/2011,OSU,OH,AGL,CE,Federal Contract Tower,0,3,14,0,17,0,0,115,0,115,0,3,129,0,132,88,0,88,220
10/23/2011,OSU,OH,AGL,CE,Federal Contract Tower,0,5,19,0,24,0,0,117,0,117,0,5,136,0,141,0,0,0,141
10/24/2011,OSU,OH,AGL,CE,Federal Contract Tower,0,1,22,0,23,0,0,32,0,32,0,1,54,0,55,2,0,2,57
10/25/2011,OSU,OH,AGL,CE,Federal Contract Tower,0,6,35,0,41,0,0,137,0,137,0,6,172,0,178,44,0,44,222
10/26/2011,OSU,OH,AGL,CE,Federal Contract Tower,0,9,40,0,49,0,0,74,0,74,0,9,114,0,123,6,0,6,129
10/27/2011,OSU,OH,AGL,CE,Federal Contract Tower,0,5,30,3,38,0,0,11,0,11,0,5,41,3,49,10,0,10,59
10/28/2011,OSU,OH,AGL,CE,Federal Contract Tower,0,12,26,0,38,0,3,91,0,94,0,15,117,0,132,48,0,48,180
10/29/2011,OSU,OH,AGL,CE,Federal Contract Tower,0,4,30,0,34,0,1,73,0,74,0,5,103,0,108,15,0,15,123
10/30/2011,OSU,OH,AGL,CE,Federal Contract Tower,0,4,35,0,39,0,0,108,0,108,0,4,143,0,147,24,0,24,171
10/31/2011,OSU,OH,AGL,CE,Federal Contract Tower,0,5,16,0,21,0,0,46,0,46,0,5,62,0,67,16,0,16,83
11/01/2011,OSU,OH,AGL,CE,Federal Contract Tower,0,5,37,1,43,0,0,127,1,128,0,5,164,2,171,204,0,204,375
11/02/2011,OSU,OH,AGL,CE,Federal Contract Tower,0,4,42,0,46,0,2,135,0,137,0,6,177,0,183,78,0,78,261
11/03/2011,OSU,OH,AGL,CE,Federal Contract Tower,0,8,37,0,45,0,1,125,0,126,0,9,162,0,171,168,0,168,339
11/04/2011,OSU,OH,AGL,CE,Federal Contract Tower,0,8,30,0,38,0,1,80,0,81,0,9,110,0,119,30,0,30,149
11/05/2011,OSU,OH,AGL,CE,Federal Contract Tower,0,4,16,0,20,0,0,103,2,105,0,4,119,2,125,28,0,28,153
11/06/2011,OSU,OH,AGL,CE,Federal Contract Tower,0,1,19,0,20,0,0,154,0,154,0,1,173,0,174,52,0,52,226
11/07/2011,OSU,OH,AGL,CE,Federal Contract Tower,0,8,26,0,34,0,6,123,0,129,0,14,149,0,163,54,0,54,217
11/08/2011,OSU,OH,AGL,CE,Federal Contract Tower,0,9,26,0,35,0,0,114,0,114,0,9,140,0,149,152,0,152,301
11/09/2011,OSU,OH,AGL,CE,Federal Contract Tower,0,7,28,0,35,0,0,44,0,44,0,7,72,0,79,12,0,12,91
11/10/2011,OSU,OH,AGL,CE,Federal Contract Tower,0,11,39,0,50,0,0,68,0,68,0,11,107,0,118,30,0,30,148
11/11/2011,OSU,OH,AGL,CE,Federal Contract Tower,0,5,42,0,47,0,0,78,0,78,0,5,120,0,125,20,0,20,145
11/12/2011,OSU,OH,AGL,CE,Federal Contract Tower,0,3,13,0,16,0,1,58,0,59,0,4,71,0,75,18,0,18,93
11/13/2011,OSU,OH,AGL,CE,Federal Contract Tower,0,0,13,0,13,0,1,19,0,20,0,1,32,0,33,2,0,2,35
11/14/2011,OSU,OH,AGL,CE,Federal Contract Tower,0,2,18,0,20,0,0,22,0,22,0,2,40,0,42,0,0,0,42
11/15/2011,OSU,OH,AGL,CE,Federal Contract Tower,0,8,23,0,31,0,1,37,0,38,0,9,60,0,69,10,0,10,79
11/16/2011,OSU,OH,AGL,CE,Federal Contract Tower,0,9,40,0,49,0,0,26,0,26,0,9,66,0,75,0,0,0,75
11/17/2011,OSU,OH,AGL,CE,Federal Contract Tower,0,3,48,0,51,0,0,94,2,96,0,3,142,2,147,58,0,58,205
11/18/2011,OSU,OH,AGL,CE,Federal Contract Tower,0,13,33,0,46,0,1,112,0,113,0,14,145,0,159,26,0,26,185
11/19/2011,OSU,OH,AGL,CE,Federal Contract Tower,0,6,26,0,32,0,2,84,0,86,0,8,110,0,118,20,0,20,138
11/20/2011,OSU,OH,AGL,CE,Federal Contract Tower,0,0,22,3,25,0,0,23,0,23,0,0,45,3,48,4,0,4,52
11/21/2011,OSU,OH,AGL,CE,Federal Contract Tower,0,6,28,0,34,0,1,30,0,31,0,7,58,0,65,74,0,74,139
11/22/2011,OSU,OH,AGL,CE,Federal Contract Tower,0,7,29,0,36,0,2,0,0,2,0,9,29,0,38,0,0,0,38
11/23/2011,OSU,OH,AGL,CE,Federal Contract Tower,0,6,40,0,46,0,0,63,0,63,0,6,103,0,109,64,0,64,173
11/24/2011,OSU,OH,AGL,CE,Federal Contract Tower,0,2,8,0,10,0,0,0,0,0,0,2,8,0,10,0,0,0,10
11/25/2011,OSU,OH,AGL,CE,Federal Contract Tower,0,1,16,0,17,0,0,65,0,65,0,1,81,0,82,60,0,60,142
11/26/2011,OSU,OH,AGL,CE,Federal Contract Tower,0,1,28,0,29,0,0,60,0,60,0,1,88,0,89,12,0,12,101
11/27/2011,OSU,OH,AGL,CE,Federal Contract Tower,0,2,26,0,28,0,0,3,0,3,0,2,29,0,31,8,0,8,39
11/28/2011,OSU,OH,AGL,CE,Federal Contract Tower,0,6,16,0,22,0,0,0,0,0,0,6,16,0,22,0,0,0,22
11/29/2011,OSU,OH,AGL,CE,Federal Contract Tower,0,7,28,0,35,0,0,4,0,4,0,7,32,0,39,0,0,0,39
11/30/2011,OSU,OH,AGL,CE,Federal Contract Tower,0,9,26,0,35,0,0,86,0,86,0,9,112,0,121,60,0,60,181
12/01/2011,OSU,OH,AGL,CE,Federal Contract Tower,0,13,32,0,45,0,0,163,0,163,0,13,195,0,208,226,0,226,434
12/02/2011,OSU,OH,AGL,CE,Federal Contract Tower,0,5,28,0,33,0,0,111,0,111,0,5,139,0,144,218,0,218,362
12/03/2011,OSU,OH,AGL,CE,Federal Contract Tower,0,8,17,0,25,0,0,135,0,135,0,8,152,0,160,22,0,22,182
12/04/2011,OSU,OH,AGL,CE,Federal Contract Tower,0,3,17,0,20,0,0,26,0,26,0,3,43,0,46,36,0,36,82
12/05/2011,OSU,OH,AGL,CE,Federal Contract Tower,0,1,21,0,22,0,0,0,0,0,0,1,21,0,22,0,0,0,22
12/06/2011,OSU,OH,AGL,CE,Federal Contract Tower,0,8,29,0,37,0,0,0,0,0,0,8,29,0,37,0,0,0,37
12/07/2011,OSU,OH,AGL,CE,Federal Contract Tower,0,9,16,0,25,0,1,17,0,18,0,10,33,0,43,8,0,8,51
12/08/2011,OSU,OH,AGL,CE,Federal Contract Tower,0,8,33,0,41,0,0,108,2,110,0,8,141,2,151,70,6,76,227
12/09/2011,OSU,OH,AGL,CE,Federal Contract Tower,0,15,24,0,39,0,0,74,0,74,0,15,98,0,113,106,0,106,219
12/10/2011,OSU,OH,AGL,CE,Federal Contract Tower,0,5,18,0,23,0,0,75,0,75,0,5,93,0,98,34,0,34,132
12/11/2011,OSU,OH,AGL,CE,Federal Contract Tower,0,7,12,0,19,0,4,83,0,87,0,11,95,0,106,38,0,38,144
12/12/2011,OSU,OH,AGL,CE,Federal Contract Tower,0,6,31,0,37,0,0,120,0,120,0,6,151,0,157,64,0,64,221
12/13/2011,OSU,OH,AGL,CE,Federal Contract Tower,0,9,30,0,39,0,0,96,0,96,0,9,126,0,135,206,0,206,341
12/14/2011,OSU,OH,AGL,CE,Federal Contract Tower,0,6,49,0,55,0,0,9,0,9,0,6,58,0,64,0,0,0,64
12/15/2011,OSU,OH,AGL,CE,Federal Contract Tower,0,7,24,0,31,0,0,1,0,1,0,7,25,0,32,0,0,0,32
12/16/2011,OSU,OH,AGL,CE,Federal Contract Tower,0,7,23,0,30,0,3,84,0,87,0,10,107,0,117,50,0,50,167
12/17/2011,OSU,OH,AGL,CE,Federal Contract Tower,0,8,33,0,41,0,0,19,0,19,0,8,52,0,60,34,0,34,94
12/18/2011,OSU,OH,AGL,CE,Federal Contract Tower,0,0,21,0,21,0,2,61,0,63,0,2,82,0,84,38,0,38,122
12/19/2011,OSU,OH,AGL,CE,Federal Contract Tower,0,4,21,0,25,0,2,37,0,39,0,6,58,0,64,34,0,34,98
12/20/2011,OSU,OH,AGL,CE,Federal Contract Tower,0,4,20,0,24,0,0,0,0,0,0,4,20,0,24,0,0,0,24
12/21/2011,OSU,OH,AGL,CE,Federal Contract Tower,0,14,20,0,34,0,1,14,0,15,0,15,34,0,49,8,0,8,57
12/22/2011,OSU,OH,AGL,CE,Federal Contract Tower,0,6,27,0,33,0,0,27,0,27,0,6,54,0,60,88,0,88,148
12/23/2011,OSU,OH,AGL,CE,Federal Contract Tower,0,5,13,0,18,0,0,6,0,6,0,5,19,0,24,30,0,30,54
12/24/2011,OSU,OH,AGL,CE,Federal Contract Tower,0,5,13,0,18,0,0,64,0,64,0,5,77,0,82,30,0,30,112
12/25/2011,OSU,OH,AGL,CE,Federal Contract Tower,0,0,6,0,6,0,0,23,0,23,0,0,29,0,29,0,0,0,29
12/26/2011,OSU,OH,AGL,CE,Federal Contract Tower,0,6,30,0,36,0,3,78,0,81,0,9,108,0,117,26,0,26,143
12/27/2011,OSU,OH,AGL,CE,Federal Contract Tower,0,6,11,0,17,0,0,0,0,0,0,6,11,0,17,0,0,0,17
12/28/2011,OSU,OH,AGL,CE,Federal Contract Tower,0,13,6,0,19,0,5,117,0,122,0,18,123,0,141,6,0,6,147
12/29/2011,OSU,OH,AGL,CE,Federal Contract Tower,0,5,22,0,27,0,2,79,0,81,0,7,101,0,108,12,0,12,120
12/30/2011,OSU,OH,AGL,CE,Federal Contract Tower,0,7,15,0,22,0,0,32,0,32,0,7,47,0,54,16,0,16,70
12/31/2011,OSU,OH,AGL,CE,Federal Contract Tower,0,2,13,0,15,0,0,16,0,16,0,2,29,0,31,0,0,0,31
01/01/2012,OSU,OH,AGL,CE,Federal Contract Tower,0,5,1,0,6,0,0,12,0,12,0,5,13,0,18,0,0,0,18
01/02/2012,OSU,OH,AGL,CE,Federal Contract Tower,0,2,15,0,17,0,0,0,0,0,0,2,15,0,17,0,0,0,17
01/03/2012,OSU,OH,AGL,CE,Federal Contract Tower,0,4,11,0,15,0,1,37,0,38,0,5,48,0,53,34,12,46,99
01/04/2012,OSU,OH,AGL,CE,Federal Contract Tower,0,7,15,0,22,0,0,103,2,105,0,7,118,2,127,84,0,84,211
01/05/2012,OSU,OH,AGL,CE,Federal Contract Tower,0,6,34,0,40,0,0,155,0,155,0,6,189,0,195,156,0,156,351
01/06/2012,OSU,OH,AGL,CE,Federal Contract Tower,0,5,11,0,16,0,1,96,0,97,0,6,107,0,113,38,0,38,151
01/07/2012,OSU,OH,AGL,CE,Federal Contract Tower,0,0,17,0,17,0,0,104,0,104,0,0,121,0,121,66,0,66,187
01/08/2012,OSU,OH,AGL,CE,Federal Contract Tower,0,0,22,0,22,0,0,120,0,120,0,0,142,0,142,84,0,84,226
01/09/2012,OSU,OH,AGL,CE,Federal Contract Tower,0,6,17,0,23,0,0,130,0,130,0,6,147,0,153,126,0,126,279
01/10/2012,OSU,OH,AGL,CE,Federal Contract Tower,0,5,25,0,30,0,0,185,2,187,0,5,210,2,217,170,0,170,387
01/11/2012,OSU,OH,AGL,CE,Federal Contract Tower,0,8,27,0,35,0,0,21,0,21,0,8,48,0,56,28,0,28,84
01/12/2012,OSU,OH,AGL,CE,Federal Contract Tower,0,4,27,0,31,0,0,0,0,0,0,4,27,0,31,0,0,0,31
01/13/2012,OSU,OH,AGL,CE,Federal Contract Tower,0,8,9,0,17,0,0,0,0,0,0,8,9,0,17,0,0,0,17
01/14/2012,OSU,OH,AGL,CE,Federal Contract Tower,0,2,13,0,15,0,0,38,0,38,0,2,51,0,53,90,0,90,143
01/15/2012,OSU,OH,AGL,CE,Federal Contract Tower,0,1,27,0,28,0,0,85,0,85,0,1,112,0,113,80,0,80,193
01/16/2012,OSU,OH,AGL,CE,Federal Contract Tower,0,0,28,0,28,0,0,46,0,46,0,0,74,0,74,8,0,8,82
01/17/2012,OSU,OH,AGL,CE,Federal Contract Tower,0,5,19,0,24,0,0,8,0,8,0,5,27,0,32,40,0,40,72
01/18/2012,OSU,OH,AGL,CE,Federal Contract Tower,0,13,33,0,46,0,0,93,0,93,0,13,126,0,139,116,0,116,255
01/19/2012,OSU,OH,AGL,CE,Federal Contract Tower,0,3,10,0,13,0,0,4,0,4,0,3,14,0,17,0,0,0,17
01/20/2012,OSU,OH,AGL,CE,Federal Contract Tower,0,3,9,0,12,0,1,59,0,60,0,4,68,0,72,76,0,76,148
01/21/2012,OSU,OH,AGL,CE,Federal Contract Tower,0,0,12,0,12,0,0,18,0,18,0,0,30,0,30,50,0,50,80
01/22/2012,OSU,OH,AGL,CE,Federal Contract Tower,0,2,10,0,12,0,0,0,0,0,0,2,10,0,12,0,0,0,12
01/23/2012,OSU,OH,AGL,CE,Federal Contract Tower,0,6,21,0,27,0,0,6,0,6,0,6,27,0,33,0,0,0,33
01/24/2012,OSU,OH,AGL,CE,Federal Contract Tower,0,5,20,0,25,0,0,55,2,57,0,5,75,2,82,42,0,42,124
01/25/2012,OSU,OH,AGL,CE,Federal Contract Tower,0,7,26,0,33,0,0,51,0,51,0,7,77,0,84,144,0,144,228
01/26/2012,OSU,OH,AGL,CE,Federal Contract Tower,0,9,18,0,27,0,0,0,0,0,0,9,18,0,27,0,0,0,27
01/27/2012,OSU,OH,AGL,CE,Federal Contract Tower,0,6,18,0,24,0,0,21,0,21,0,6,39,0,45,0,0,0,45
01/28/2012,OSU,OH,AGL,CE,Federal Contract Tower,0,6,2,0,8,0,0,19,0,19,0,6,21,0,27,0,0,0,27
01/29/2012,OSU,OH,AGL,CE,Federal Contract Tower,0,0,13,0,13,0,0,25,0,25,0,0,38,0,38,0,0,0,38
01/30/2012,OSU,OH,AGL,CE,Federal Contract Tower,0,7,22,0,29,0,1,107,0,108,0,8,129,0,137,24,0,24,161
01/31/2012,OSU,OH,AGL,CE,Federal Contract Tower,0,5,21,0,26,0,0,64,2,66,0,5,85,2,92,0,12,12,104
02/01/2012,OSU,OH,AGL,CE,Federal Contract Tower,0,8,27,0,35,0,0,90,0,90,0,8,117,0,125,174,0,174,299
02/02/2012,OSU,OH,AGL,CE,Federal Contract Tower,0,7,23,0,30,0,0,61,0,61,0,7,84,0,91,154,0,154,245
02/03/2012,OSU,OH,AGL,CE,Federal Contract Tower,0,1,42,0,43,0,0,145,0,145,0,1,187,0,188,208,0,208,396
02/04/2012,OSU,OH,AGL,CE,Federal Contract Tower,0,5,12,0,17,0,0,6,0,6,0,5,18,0,23,18,0,18,41
02/05/2012,OSU,OH,AGL,CE,Federal Contract Tower,0,1,24,0,25,0,0,82,0,82,0,1,106,0,107,68,0,68,175
02/06/2012,OSU,OH,AGL,CE,Federal Contract Tower,0,6,27,0,33,0,1,123,0,124,0,7,150,0,157,136,0,136,293
02/07/2012,OSU,OH,AGL,CE,Federal Contract Tower,0,8,23,0,31,0,0,28,0,28,0,8,51,0,59,32,0,32,91
02/08/2012,OSU,OH,AGL,CE,Federal Contract Tower,0,8,23,0,31,0,0,30,0,30,0,8,53,0,61,12,0,12,73
02/09/2012,OSU,OH,AGL,CE,Federal Contract Tower,0,3,35,0,38,0,0,111,0,111,0,3,146,0,149,68,0,68,217
02/10/2012,OSU,OH,AGL,CE,Federal Contract Tower,0,8,30,0,38,0,0,54,0,54,0,8,84,0,92,102,0,102,194
02/11/2012,OSU,OH,AGL,CE,Federal Contract Tower,0,3,2,0,5,0,0,27,0,27,0,3,29,0,32,0,0,0,32
02/12/2012,OSU,OH,AGL,CE,Federal Contract Tower,0,4,14,0,18,0,0,65,0,65,0,4,79,0,83,46,0,46,129
02/13/2012,OSU,OH,AGL,CE,Federal Contract Tower,0,4,18,0,22,0,1,153,0,154,0,5,171,0,176,168,0,168,344
02/14/2012,OSU,OH,AGL,CE,Federal Contract Tower,0,6,18,0,24,0,0,0,0,0,0,6,18,0,24,0,0,0,24
02/15/2012,OSU,OH,AGL,CE,Federal Contract Tower,0,7,41,2,50,0,0,65,0,65,0,7,106,2,115,148,8,156,271
02/16/2012,OSU,OH,AGL,CE,Federal Contract Tower,0,6,35,4,45,0,1,0,0,1,0,7,35,4,46,0,0,0,46
02/17/2012,OSU,OH,AGL,CE,Federal Contract Tower,0,14,21,0,35,0,0,137,0,137,0,14,158,0,172,92,0,92,264
02/18/2012,OSU,OH,AGL,CE,Federal Contract Tower,0,3,20,0,23,0,0,96,0,96,0,3,116,0,119,26,0,26,145
02/19/2012,OSU,OH,AGL,CE,Federal Contract Tower,0,2,16,0,18,0,0,81,0,81,0,2,97,0,99,42,0,42,141
02/20/2012,OSU,OH,AGL,CE,Federal Contract Tower,0,0,32,0,32,0,0,113,0,113,0,0,145,0,145,80,0,80,225
02/21/2012,OSU,OH,AGL,CE,Federal Contract Tower,0,9,20,0,29,0,2,26,0,28,0,11,46,0,57,0,0,0,57
02/22/2012,OSU,OH,AGL,CE,Federal Contract Tower,0,11,22,0,33,0,2,107,0,109,0,13,129,0,142,30,0,30,172
02/23/2012,OSU,OH,AGL,CE,Federal Contract Tower,0,7,26,0,33,0,0,84,3,87,0,7,110,3,120,230,0,230,350
02/24/2012,OSU,OH,AGL,CE,Federal Contract Tower,0,9,20,0,29,0,0,12,0,12,0,9,32,0,41,40,0,40,81
02/25/2012,OSU,OH,AGL,CE,Federal Contract Tower,0,2,16,0,18,0,0,21,0,21,0,2,37,0,39,0,0,0,39
02/26/2012,OSU,OH,AGL,CE,Federal Contract Tower,0,2,16,0,18,0,0,153,0,153,0,2,169,0,171,116,0,116,287
02/27/2012,OSU,OH,AGL,CE,Federal Contract Tower,0,1,27,0,28,0,1,95,0,96,0,2,122,0,124,36,0,36,160
02/28/2012,OSU,OH,AGL,CE,Federal Contract Tower,0,9,24,2,35,0,0,126,0,126,0,9,150,2,161,146,2,148,309
02/29/2012,OSU,OH,AGL,CE,Federal Contract Tower,0,6,20,0,26,0,0,29,0,29,0,6,49,0,55,0,0,0,55
03/01/2012,OSU,OH,AGL,CE,Federal Contract Tower,0,6,23,0,29,0,2,59,2,63,0,8,82,2,92,32,0,32,124
03/02/2012,OSU,OH,AGL,CE,Federal Contract Tower,0,7,17,0,24,0,0,17,0,17,0,7,34,0,41,36,0,36,77
03/03/2012,OSU,OH,AGL,CE,Federal Contract Tower,0,2,8,0,10,0,0,26,0,26,0,2,34,0,36,0,0,0,36
03/04/2012,OSU,OH,AGL,CE,Federal Contract Tower,0,1,20,0,21,0,0,32,0,32,0,1,52,0,53,26,0,26,79
03/05/2012,OSU,OH,AGL,CE,Federal Contract Tower,0,3,18,0,21,0,1,42,0,43,0,4,60,0,64,36,0,36,100
03/06/2012,OSU,OH,AGL,CE,Federal Contract Tower,0,5,30,0,35,0,0,102,0,102,0,5,132,0,137,44,0,44,181
03/07/2012,OSU,OH,AGL,CE,Federal Contract Tower,0,15,34,0,49,0,0,39,0,39,0,15,73,0,88,2,0,2,90
03/08/2012,OSU,OH,AGL,CE,Federal Contract Tower,0,9,17,0,26,0,1,0,0,1,0,10,17,0,27,0,0,0,27
03/09/2012,OSU,OH,AGL,CE,Federal Contract Tower,0,12,27,0,39,0,0,73,0,73,0,12,100,0,112,32,0,32,144
03/10/2012,OSU,OH,AGL,CE,Federal Contract Tower,0,3,25,0,28,0,3,149,0,152,0,6,174,0,180,78,0,78,258
03/11/2012,OSU,OH,AGL,CE,Federal Contract Tower,0,2,31,0,33,0,0,189,0,189,0,2,220,0,222,72,0,72,294
03/12/2012,OSU,OH,AGL,CE,Federal Contract Tower,0,5,30,0,35,0,0,5,0,5,0,5,35,0,40,0,0,0,40
03/13/2012,OSU,OH,AGL,CE,Federal Contract Tower,0,4,29,0,33,0,0,98,0,98,0,4,127,0,131,133,0,133,264
03/14/2012,OSU,OH,AGL,CE,Federal Contract Tower,0,9,30,0,39,0,0,166,0,166,0,9,196,0,205,160,0,160,365
03/15/2012,OSU,OH,AGL,CE,Federal Contract Tower,0,8,27,0,35,0,1,52,0,53,0,9,79,0,88,22,0,22,110
03/16/2012,OSU,OH,AGL,CE,Federal Contract Tower,0,3,25,0,28,0,2,81,0,83,0,5,106,0,111,94,0,94,205
03/17/2012,OSU,OH,AGL,CE,Federal Contract Tower,0,5,23,0,28,0,0,97,0,97,0,5,120,0,125,28,0,28,153
03/18/2012,OSU,OH,AGL,CE,Federal Contract Tower,0,3,11,0,14,0,0,29,0,29,0,3,40,0,43,18,0,18,61
03/19/2012,OSU,OH,AGL,CE,Federal Contract Tower,0,6,23,0,29,0,0,56,0,56,0,6,79,0,85,18,0,18,103
03/20/2012,OSU,OH,AGL,CE,Federal Contract Tower,0,7,41,0,48,0,0,121,0,121,0,7,162,0,169,80,0,80,249
03/21/2012,OSU,OH,AGL,CE,Federal Contract Tower,0,6,19,0,25,0,1,140,0,141,0,7,159,0,166,102,0,102,268
03/22/2012,OSU,OH,AGL,CE,Federal Contract Tower,0,2,24,0,26,0,2,90,0,92,0,4,114,0,118,98,0,98,216
03/23/2012,OSU,OH,AGL,CE,Federal Contract Tower,0,9,25,0,34,0,0,47,0,47,0,9,72,0,81,28,0,28,109
03/24/2012,OSU,OH,AGL,CE,Federal Contract Tower,0,6,21,0,27,0,0,41,0,41,0,6,62,0,68,42,0,42,110
03/25/2012,OSU,OH,AGL,CE,Federal Contract Tower,0,1,44,2,47,0,0,8,0,8,0,1,52,2,55,4,0,4,59
03/26/2012,OSU,OH,AGL,CE,Federal Contract Tower,0,6,23,0,29,0,2,67,0,69,0,8,90,0,98,16,0,16,114
03/27/2012,OSU,OH,AGL,CE,Federal Contract Tower,0,6,26,0,32,0,1,174,4,179,0,7,200,4,211,152,0,152,363
03/28/2012,OSU,OH,AGL,CE,Federal Contract Tower,0,6,21,0,27,0,2,65,0,67,0,8,86,0,94,24,0,24,118
03/29/2012,OSU,OH,AGL,CE,Federal Contract Tower,0,5,27,0,32,0,0,153,0,153,0,5,180,0,185,150,0,150,335
03/30/2012,OSU,OH,AGL,CE,Federal Contract Tower,0,7,32,0,39,0,0,71,0,71,0,7,103,0,110,24,0,24,134
03/31/2012,OSU,OH,AGL,CE,Federal Contract Tower,0,2,25,0,27,0,0,14,0,14,0,2,39,0,41,124,0,124,165
04/01/2012,OSU,OH,AGL,CE,Federal Contract Tower,0,7,33,0,40,0,0,92,0,92,0,7,125,0,132,18,0,18,150
04/02/2012,OSU,OH,AGL,CE,Federal Contract Tower,0,3,30,0,33,0,1,133,0,134,0,4,163,0,167,134,0,134,301
04/03/2012,OSU,OH,AGL,CE,Federal Contract Tower,0,3,48,0,51,0,1,89,0,90,0,4,137,0,141,126,0,126,267
04/04/2012,OSU,OH,AGL,CE,Federal Contract Tower,0,4,36,0,40,0,3,139,2,144,0,7,175,2,184,86,0,86,270
04/05/2012,OSU,OH,AGL,CE,Federal Contract Tower,0,11,31,0,42,0,1,140,0,141,0,12,171,0,183,58,0,58,241
04/06/2012,OSU,OH,AGL,CE,Federal Contract Tower,0,4,42,0,46,0,2,122,0,124,0,6,164,0,170,68,0,68,238
04/07/2012,OSU,OH,AGL,CE,Federal Contract Tower,0,3,20,0,23,0,0,139,0,139,0,3,159,0,162,124,0,124,286
04/08/2012,OSU,OH,AGL,CE,Federal Contract Tower,0,2,14,0,16,0,0,51,0,51,0,2,65,0,67,0,0,0,67
04/09/2012,OSU,OH,AGL,CE,Federal Contract Tower,0,0,35,0,35,0,2,62,0,64,0,2,97,0,99,36,0,36,135
04/10/2012,OSU,OH,AGL,CE,Federal Contract Tower,0,6,20,0,26,0,0,62,0,62,0,6,82,0,88,0,0,0,88
04/11/2012,OSU,OH,AGL,CE,Federal Contract Tower,0,13,30,0,43,0,1,63,2,66,0,14,93,2,109,86,0,86,195
04/12/2012,OSU,OH,AGL,CE,Federal Contract Tower,0,5,52,0,57,0,2,132,0,134,0,7,184,0,191,190,0,190,381
04/13/2012,OSU,OH,AGL,CE,Federal Contract Tower,0,6,31,0,37,0,4,147,0,151,0,10,178,0,188,106,0,106,294
04/14/2012,OSU,OH,AGL,CE,Federal Contract Tower,0,4,17,0,21,0,0,21,0,21,0,4,38,0,42,78,0,78,120
04/15/2012,OSU,OH,AGL,CE,Federal Contract Tower,0,1,33,0,34,0,0,47,0,47,0,1,80,0,81,0,0,0,81
04/16/2012,OSU,OH,AGL,CE,Federal Contract Tower,0,9,21,2,32,0,0,22,0,22,0,9,43,2,54,0,0,0,54
04/17/2012,OSU,OH,AGL,CE,Federal Contract Tower,0,12,37,0,49,0,0,167,0,167,0,12,204,0,216,238,0,238,454
04/18/2012,OSU,OH,AGL,CE,Federal Contract Tower,0,5,42,0,47,0,2,145,0,147,0,7,187,0,194,166,0,166,360
04/19/2012,OSU,OH,AGL,CE,Federal Contract Tower,0,6,46,0,52,0,0,156,0,156,0,6,202,0,208,188,0,188,396
04/20/2012,OSU,OH,AGL,CE,Federal Contract Tower,0,6,36,0,42,0,0,72,0,72,0,6,108,0,114,30,0,30,144
04/21/2012,OSU,OH,AGL,CE,Federal Contract Tower,0,4,19,0,23,0,2,8,0,10,0,6,27,0,33,0,0,0,33
04/22/2012,OSU,OH,AGL,CE,Federal Contract Tower,0,1,20,0,21,0,0,70,0,70,0,1,90,0,91,78,0,78,169
04/23/2012,OSU,OH,AGL,CE,Federal Contract Tower,0,5,14,0,19,0,0,29,0,29,0,5,43,0,48,0,0,0,48
04/24/2012,OSU,OH,AGL,CE,Federal Contract Tower,0,11,31,0,42,0,2,40,0,42,0,13,71,0,84,0,0,0,84
04/25/2012,OSU,OH,AGL,CE,Federal Contract Tower,0,9,44,2,55,0,0,115,0,115,0,9,159,2,170,158,2,160,330
04/26/2012,OSU,OH,AGL,CE,Federal Contract Tower,0,21,29,0,50,0,1,34,0,35,0,22,63,0,85,20,0,20,105
04/27/2012,OSU,OH,AGL,CE,Federal Contract Tower,0,7,35,0,42,0,2,196,0,198,0,9,231,0,240,198,0,198,438
04/28/2012,OSU,OH,AGL,CE,Federal Contract Tower,0,2,13,0,15,0,0,44,0,44,0,2,57,0,59,56,0,56,115
04/29/2012,OSU,OH,AGL,CE,Federal Contract Tower,0,5,25,0,30,0,2,131,0,133,0,7,156,0,163,218,0,218,381
04/30/2012,OSU,OH,AGL,CE,Federal Contract Tower,0,8,28,0,36,0,0,80,0,80,0,8,108,0,116,152,0,152,268
05/01/2012,OSU,OH,AGL,CE,Federal Contract Tower,0,15,37,0,52,0,0,62,0,62,0,15,99,0,114,182,0,182,296
05/02/2012,OSU,OH,AGL,CE,Federal Contract Tower,0,20,44,0,64,0,0,82,0,82,0,20,126,0,146,98,0,98,244
05/03/2012,OSU,OH,AGL,CE,Federal Contract Tower,0,8,48,0,56,0,3,154,0,157,0,11,202,0,213,136,0,136,349
05/04/2012,OSU,OH,AGL,CE,Federal Contract Tower,0,5,30,0,35,0,0,52,0,52,0,5,82,0,87,0,0,0,87
05/05/2012,OSU,OH,AGL,CE,Federal Contract Tower,0,3,15,0,18,0,3,11,0,14,0,6,26,0,32,0,0,0,32
05/06/2012,OSU,OH,AGL,CE,Federal Contract Tower,0,0,28,0,28,0,4,94,0,98,0,4,122,0,126,138,0,138,264
05/07/2012,OSU,OH,AGL,CE,Federal Contract Tower,0,6,13,0,19,0,0,77,0,77,0,6,90,0,96,138,0,138,234
05/08/2012,OSU,OH,AGL,CE,Federal Contract Tower,0,13,31,1,45,0,0,99,0,99,0,13,130,1,144,74,0,74,218
05/09/2012,OSU,OH,AGL,CE,Federal Contract Tower,0,8,54,0,62,0,1,119,0,120,0,9,173,0,182,58,0,58,240
05/10/2012,OSU,OH,AGL,CE,Federal Contract Tower,0,11,44,0,55,0,27,105,4,136,0,38,149,4,191,94,0,94,285
05/11/2012,OSU,OH,AGL,CE,Federal Contract Tower,0,7,20,0,27,0,0,194,1,195,0,7,214,1,222,172,0,172,394
05/12/2012,OSU,OH,AGL,CE,Federal Contract Tower,0,2,26,0,28,0,3,90,0,93,0,5,116,0,121,46,0,46,167
05/13/2012,OSU,OH,AGL,CE,Federal Contract Tower,0,2,30,0,32,0,0,34,0,34,0,2,64,0,66,50,0,50,116
05/14/2012,OSU,OH,AGL,CE,Federal Contract Tower,0,5,26,0,31,0,1,62,0,63,0,6,88,0,94,106,0,106,200
05/15/2012,OSU,OH,AGL,CE,Federal Contract Tower,0,5,39,0,44,0,0,146,3,149,0,5,185,3,193,60,0,60,253
05/16/2012,OSU,OH,AGL,CE,Federal Contract Tower,0,6,36,0,42,0,1,111,0,112,0,7,147,0,154,20,0,20,174
05/17/2012,OSU,OH,AGL,CE,Federal Contract Tower,0,14,71,0,85,0,0,141,0,141,0,14,212,0,226,86,0,86,312
05/18/2012,OSU,OH,AGL,CE,Federal Contract Tower,0,8,47,0,55,0,3,149,0,152,0,11,196,0,207,188,0,188,395
05/19/2012,OSU,OH,AGL,CE,Federal Contract Tower,0,5,40,0,45,0,8,154,0,162,0,13,194,0,207,18,0,18,225
05/20/2012,OSU,OH,AGL,CE,Federal Contract Tower,0,3,45,0,48,0,0,154,0,154,0,3,199,0,202,46,0,46,248
05/21/2012,OSU,OH,AGL,CE,Federal Contract Tower,0,8,40,0,48,0,0,89,4,93,0,8,129,4,141,40,0,40,181
05/22/2012,OSU,OH,AGL,CE,Federal Contract Tower,0,7,60,0,67,0,0,79,0,79,0,7,139,0,146,62,0,62,208
05/23/2012,OSU,OH,AGL,CE,Federal Contract Tower,0,13,33,0,46,0,3,99,0,102,0,16,132,0,148,76,0,76,224
05/24/2012,OSU,OH,AGL,CE,Federal Contract Tower,0,5,42,0,47,0,0,99,0,99,0,5,141,0,146,70,0,70,216
05/25/2012,OSU,OH,AGL,CE,Federal Contract Tower,0,7,38,0,45,0,3,104,0,107,0,10,142,0,152,2,0,2,154
05/26/2012,OSU,OH,AGL,CE,Federal Contract Tower,0,2,9,0,11,0,6,145,0,151,0,8,154,0,162,8,0,8,170
05/27/2012,OSU,OH,AGL,CE,Federal Contract Tower,0,6,30,0,36,0,1,98,0,99,0,7,128,0,135,32,0,32,167
05/28/2012,OSU,OH,AGL,CE,Federal Contract Tower,0,8,33,0,41,0,0,86,0,86,0,8,119,0,127,16,0,16,143
05/29/2012,OSU,OH,AGL,CE,Federal Contract Tower,0,15,35,0,50,0,0,41,0,41,0,15,76,0,91,30,0,30,121
05/30/2012,OSU,OH,AGL,CE,Federal Contract Tower,0,19,48,0,67,0,0,118,0,118,0,19,166,0,185,92,0,92,277
05/31/2012,OSU,OH,AGL,CE,Federal Contract Tower,0,9,41,0,50,0,1,159,0,160,0,10,200,0,210,108,0,108,318
06/01/2012,OSU,OH,AGL,CE,Federal Contract Tower,0,13,52,0,65,0,0,22,0,22,0,13,74,0,87,32,0,32,119
06/02/2012,OSU,OH,AGL,CE,Federal Contract Tower,0,12,20,0,32,0,0,85,5,90,0,12,105,5,122,16,0,16,138
06/03/2012,OSU,OH,AGL,CE,Federal Contract Tower,0,10,48,0,58,0,0,101,0,101,0,10,149,0,159,66,0,66,225
06/04/2012,OSU,OH,AGL,CE,Federal Contract Tower,0,16,19,0,35,0,0,111,0,111,0,16,130,0,146,54,0,54,200
06/05/2012,OSU,OH,AGL,CE,Federal Contract Tower,0,13,29,0,42,0,0,66,0,66,0,13,95,0,108,46,0,46,154
06/06/2012,OSU,OH,AGL,CE,Federal Contract Tower,0,9,32,0,41,0,0,97,2,99,0,9,129,2,140,88,0,88,228
06/07/2012,OSU,OH,AGL,CE,Federal Contract Tower,0,10,24,0,34,0,0,90,0,90,0,10,114,0,124,104,0,104,228
06/08/2012,OSU,OH,AGL,CE,Federal Contract Tower,0,3,47,0,50,0,0,123,2,125,0,3,170,2,175,110,0,110,285
06/09/2012,OSU,OH,AGL,CE,Federal Contract Tower,0,3,19,0,22,0,0,128,0,128,0,3,147,0,150,38,0,38,188
06/10/2012,OSU,OH,AGL,CE,Federal Contract Tower,0,1,25,0,26,0,0,110,9,119,0,1,135,9,145,22,0,22,167
06/11/2012,OSU,OH,AGL,CE,Federal Contract Tower,0,8,24,0,32,0,0,21,0,21,0,8,45,0,53,18,0,18,71
06/12/2012,OSU,OH,AGL,CE,Federal Contract Tower,0,6,34,0,40,0,0,76,0,76,0,6,110,0,116,68,0,68,184
06/13/2012,OSU,OH,AGL,CE,Federal Contract Tower,0,6,28,0,34,0,0,133,2,135,0,6,161,2,169,86,0,86,255
06/14/2012,OSU,OH,AGL,CE,Federal Contract Tower,0,11,36,0,47,0,0,129,2,131,0,11,165,2,178,84,0,84,262
06/15/2012,OSU,OH,AGL,CE,Federal Contract Tower,0,5,25,0,30,0,0,97,0,97,0,5,122,0,127,70,0,70,197
06/16/2012,OSU,OH,AGL,CE,Federal Contract Tower,0,4,24,0,28,0,1,85,0,86,0,5,109,0,114,70,0,70,184
06/17/2012,OSU,OH,AGL,CE,Federal Contract Tower,0,3,11,0,14,0,0,33,0,33,0,3,44,0,47,0,0,0,47
06/18/2012,OSU,OH,AGL,CE,Federal Contract Tower,0,13,21,0,34,0,0,56,2,58,0,13,77,2,92,8,0,8,100
06/19/2012,OSU,OH,AGL,CE,Federal Contract Tower,0,10,32,0,42,0,0,119,0,119,0,10,151,0,161,60,0,60,221
06/20/2012,OSU,OH,AGL,CE,Federal Contract Tower,0,1,35,7,43,0,0,96,0,96,0,1,131,7,139,18,0,18,157
06/21/2012,OSU,OH,AGL,CE,Federal Contract Tower,0,8,47,0,55,0,4,138,0,142,0,12,185,0,197,46,0,46,243
06/22/2012,OSU,OH,AGL,CE,Federal Contract Tower,0,9,41,0,50,0,0,122,0,122,0,9,163,0,172,36,0,36,208
06/23/2012,OSU,OH,AGL,CE,Federal Contract Tower,0,5,25,0,30,0,0,93,2,95,0,5,118,2,125,68,0,68,193
06/24/2012,OSU,OH,AGL,CE,Federal Contract Tower,0,4,21,0,25,0,0,91,0,91,0,4,112,0,116,60,0,60,176
06/25/2012,OSU,OH,AGL,CE,Federal Contract Tower,0,5,38,0,43,0,0,64,0,64,0,5,102,0,107,0,0,0,107
06/26/2012,OSU,OH,AGL,CE,Federal Contract Tower,0,5,26,0,31,0,0,142,2,144,0,5,168,2,175,34,0,34,209
06/27/2012,OSU,OH,AGL,CE,Federal Contract Tower,0,3,47,0,50,0,0,214,9,223,0,3,261,9,273,92,0,92,365
06/28/2012,OSU,OH,AGL,CE,Federal Contract Tower,0,11,30,0,41,0,0,111,2,113,0,11,141,2,154,97,0,97,251
06/29/2012,OSU,OH,AGL,CE,Federal Contract Tower,0,7,29,0,36,0,2,77,0,79,0,9,106,0,115,12,0,12,127
06/30/2012,OSU,OH,AGL,CE,Federal Contract Tower,0,3,11,0,14,0,0,73,0,73,0,3,84,0,87,30,0,30,117
07/01/2012,OSU,OH,AGL,CE,Federal Contract Tower,0,4,15,0,19,0,0,59,0,59,0,4,74,0,78,30,0,30,108
07/02/2012,OSU,OH,AGL,CE,Federal Contract Tower,0,8,32,0,40,0,1,161,0,162,0,9,193,0,202,80,0,80,282
07/03/2012,OSU,OH,AGL,CE,Federal Contract Tower,0,9,29,0,38,0,0,113,0,113,0,9,142,0,151,48,0,48,199
07/04/2012,OSU,OH,AGL,CE,Federal Contract Tower,0,5,11,0,16,0,0,86,0,86,0,5,97,0,102,12,0,12,114
07/05/2012,OSU,OH,AGL,CE,Federal Contract Tower,0,3,19,0,22,0,2,66,0,68,0,5,85,0,90,18,0,18,108
07/06/2012,OSU,OH,AGL,CE,Federal Contract Tower,0,5,24,0,29,0,3,116,0,119,0,8,140,0,148,70,0,70,218
07/07/2012,OSU,OH,AGL,CE,Federal Contract Tower,0,4,15,0,19,0,0,101,0,101,0,4,116,0,120,36,0,36,156
07/08/2012,OSU,OH,AGL,CE,Federal Contract Tower,0,1,18,0,19,0,3,80,0,83,0,4,98,0,102,8,0,8,110
07/09/2012,OSU,OH,AGL,CE,Federal Contract Tower,0,4,26,0,30,0,0,141,5,146,0,4,167,5,176,46,0,46,222
07/10/2012,OSU,OH,AGL,CE,Federal Contract Tower,0,6,41,0,47,0,0,132,3,135,0,6,173,3,182,194,0,194,376
07/11/2012,OSU,OH,AGL,CE,Federal Contract Tower,0,11,43,0,54,0,0,117,0,117,0,11,160,0,171,88,0,88,259
07/12/2012,OSU,OH,AGL,CE,Federal Contract Tower,0,10,48,2,60,0,0,103,0,103,0,10,151,2,163,84,0,84,247
07/13/2012,OSU,OH,AGL,CE,Federal Contract Tower,0,9,27,0,36,0,0,90,2,92,0,9,117,2,128,22,0,22,150
07/14/2012,OSU,OH,AGL,CE,Federal Contract Tower,0,8,25,1,34,0,0,28,0,28,0,8,53,1,62,12,0,12,74
07/15/2012,OSU,OH,AGL,CE,Federal Contract Tower,0,4,32,0,36,0,0,48,0,48,0,4,80,0,84,52,0,52,136
07/16/2012,OSU,OH,AGL,CE,Federal Contract Tower,0,12,26,0,38,0,0,192,0,192,0,12,218,0,230,114,0,114,344
07/17/2012,OSU,OH,AGL,CE,Federal Contract Tower,0,10,28,0,38,0,3,172,0,175,0,13,200,0,213,92,2,94,307
07/18/2012,OSU,OH,AGL,CE,Federal Contract Tower,0,7,20,0,27,0,0,62,0,62,0,7,82,0,89,120,0,120,209
07/19/2012,OSU,OH,AGL,CE,Federal Contract Tower,0,15,35,0,50,0,7,56,0,63,0,22,91,0,113,98,0,98,211
07/20/2012,OSU,OH,AGL,CE,Federal Contract Tower,0,7,40,0,47,0,0,37,0,37,0,7,77,0,84,16,0,16,100
07/21/2012,OSU,OH,AGL,CE,Federal Contract Tower,0,4,20,0,24,0,0,135,0,135,0,4,155,0,159,60,0,60,219
07/22/2012,OSU,OH,AGL,CE,Federal Contract Tower,0,1,20,0,21,0,0,112,0,112,0,1,132,0,133,78,0,78,211
07/23/2012,OSU,OH,AGL,CE,Federal Contract Tower,0,9,14,0,23,0,0,87,0,87,0,9,101,0,110,46,0,46,156
07/24/2012,OSU,OH,AGL,CE,Federal Contract Tower,0,11,31,0,42,0,0,65,0,65,0,11,96,0,107,106,0,106,213
07/25/2012,OSU,OH,AGL,CE,Federal Contract Tower,0,10,27,0,37,0,0,127,0,127,0,10,154,0,164,90,0,90,254
07/26/2012,OSU,OH,AGL,CE,Federal Contract Tower,0,9,31,0,40,0,0,42,0,42,0,9,73,0,82,6,0,6,88
07/27/2012,OSU,OH,AGL,CE,Federal Contract Tower,0,11,37,0,48,0,0,98,0,98,0,11,135,0,146,52,0,52,198
07/28/2012,OSU,OH,AGL,CE,Federal Contract Tower,0,5,15,0,20,0,0,49,0,49,0,5,64,0,69,40,0,40,109
07/29/2012,OSU,OH,AGL,CE,Federal Contract Tower,0,3,26,0,29,0,1,100,0,101,0,4,126,0,130,44,0,44,174
07/30/2012,OSU,OH,AGL,CE,Federal Contract Tower,0,5,25,0,30,0,0,138,2,140,0,5,163,2,170,104,0,104,274
07/31/2012,OSU,OH,AGL,CE,Federal Contract Tower,0,8,32,0,40,0,0,136,0,136,0,8,168,0,176,128,0,128,304
08/01/2012,OSU,OH,AGL,CE,Federal Contract Tower,0,13,32,0,45,0,1,115,0,116,0,14,147,0,161,140,0,140,301
08/02/2012,OSU,OH,AGL,CE,Federal Contract Tower,0,10,35,0,45,0,0,152,0,152,0,10,187,0,197,126,0,126,323
08/03/2012,OSU,OH,AGL,CE,Federal Contract Tower,0,7,27,0,34,0,0,145,0,145,0,7,172,0,179,116,0,116,295
08/04/2012,OSU,OH,AGL,CE,Federal Contract Tower,0,5,4,0,9,0,1,44,0,45,0,6,48,0,54,0,10,10,64
08/05/2012,OSU,OH,AGL,CE,Federal Contract Tower,0,1,23,0,24,0,0,42,0,42,0,1,65,0,66,4,0,4,70
08/06/2012,OSU,OH,AGL,CE,Federal Contract Tower,0,12,20,0,32,0,0,108,0,108,0,12,128,0,140,38,0,38,178
08/07/2012,OSU,OH,AGL,CE,Federal Contract Tower,0,9,27,0,36,0,3,118,0,121,0,12,145,0,157,90,0,90,247
08/08/2012,OSU,OH,AGL,CE,Federal Contract Tower,0,12,39,0,51,0,0,127,0,127,0,12,166,0,178,92,0,92,270
08/09/2012,OSU,OH,AGL,CE,Federal Contract Tower,0,9,24,0,33,0,0,49,0,49,0,9,73,0,82,12,0,12,94
08/10/2012,OSU,OH,AGL,CE,Federal Contract Tower,0,5,29,0,34,0,0,31,0,31,0,5,60,0,65,8,0,8,73
08/11/2012,OSU,OH,AGL,CE,Federal Contract Tower,0,6,14,0,20,0,1,49,0,50,0,7,63,0,70,24,0,24,94
08/12/2012,OSU,OH,AGL,CE,Federal Contract Tower,0,3,11,0,14,0,0,114,0,114,0,3,125,0,128,44,0,44,172
08/13/2012,OSU,OH,AGL,CE,Federal Contract Tower,0,4,43,0,47,0,0,92,0,92,0,4,135,0,139,18,0,18,157
08/14/2012,OSU,OH,AGL,CE,Federal Contract Tower,0,8,34,0,42,0,7,78,1,86,0,15,112,1,128,38,0,38,166
08/15/2012,OSU,OH,AGL,CE,Federal Contract Tower,0,8,23,0,31,0,0,117,0,117,0,8,140,0,148,38,0,38,186
08/16/2012,OSU,OH,AGL,CE,Federal Contract Tower,0,14,36,0,50,0,1,79,0,80,0,15,115,0,130,60,0,60,190
08/17/2012,OSU,OH,AGL,CE,Federal Contract Tower,0,13,42,0,55,0,1,83,0,84,0,14,125,0,139,6,0,6,145
08/18/2012,OSU,OH,AGL,CE,Federal Contract Tower,0,1,18,0,19,0,1,72,0,73,0,2,90,0,92,42,0,42,134
08/19/2012,OSU,OH,AGL,CE,Federal Contract Tower,0,0,29,0,29,0,0,51,0,51,0,0,80,0,80,2,0,2,82
08/20/2012,OSU,OH,AGL,CE,Federal Contract Tower,0,3,16,0,19,0,0,102,0,102,0,3,118,0,121,24,0,24,145
08/21/2012,OSU,OH,AGL,CE,Federal Contract Tower,0,9,39,2,50,0,1,56,2,59,0,10,95,4,109,76,2,78,187
08/22/2012,OSU,OH,AGL,CE,Federal Contract Tower,0,5,22,0,27,0,2,112,0,114,0,7,134,0,141,56,0,56,197
08/23/2012,OSU,OH,AGL,CE,Federal Contract Tower,0,10,34,0,44,0,1,142,0,143,0,11,176,0,187,74,0,74,261
08/24/2012,OSU,OH,AGL,CE,Federal Contract Tower,0,5,28,0,33,0,1,153,0,154,0,6,181,0,187,42,0,42,229
08/25/2012,OSU,OH,AGL,CE,Federal Contract Tower,0,2,13,0,15,0,1,130,0,131,0,3,143,0,146,78,0,78,224
08/26/2012,OSU,OH,AGL,CE,Federal Contract Tower,0,1,16,0,17,0,0,102,0,102,0,1,118,0,119,34,0,34,153
08/27/2012,OSU,OH,AGL,CE,Federal Contract Tower,0,6,25,0,31,0,0,41,0,41,0,6,66,0,72,0,0,0,72
08/28/2012,OSU,OH,AGL,CE,Federal Contract Tower,0,5,24,1,30,0,0,112,0,112,0,5,136,1,142,44,4,48,190
08/29/2012,OSU,OH,AGL,CE,Federal Contract Tower,0,8,46,0,54,0,1,118,0,119,0,9,164,0,173,76,0,76,249
08/30/2012,OSU,OH,AGL,CE,Federal Contract Tower,0,6,32,0,38,0,1,157,0,158,0,7,189,0,196,174,0,174,370
08/31/2012,OSU,OH,AGL,CE,Federal Contract Tower,0,3,34,0,37,0,1,119,0,120,0,4,153,0,157,34,0,34,191
09/01/2012,OSU,OH,AGL,CE,Federal Contract Tower,0,0,32,0,32,0,0,59,0,59,0,0,91,0,91,0,0,0,91
09/02/2012,OSU,OH,AGL,CE,Federal Contract Tower,0,3,7,0,10,0,0,34,0,34,0,3,41,0,44,14,0,14,58
09/03/2012,OSU,OH,AGL,CE,Federal Contract Tower,0,3,14,0,17,0,0,57,0,57,0,3,71,0,74,22,0,22,96
09/04/2012,OSU,OH,AGL,CE,Federal Contract Tower,0,5,36,0,41,0,0,9,0,9,0,5,45,0,50,14,0,14,64
09/05/2012,OSU,OH,AGL,CE,Federal Contract Tower,0,12,35,0,47,0,0,119,0,119,0,12,154,0,166,100,0,100,266
09/06/2012,OSU,OH,AGL,CE,Federal Contract Tower,0,5,64,0,69,0,2,140,0,142,0,7,204,0,211,104,0,104,315
09/07/2012,OSU,OH,AGL,CE,Federal Contract Tower,0,10,46,0,56,0,0,82,0,82,0,10,128,0,138,54,0,54,192
09/08/2012,OSU,OH,AGL,CE,Federal Contract Tower,0,2,28,0,30,0,2,42,0,44,0,4,70,0,74,0,6,6,80
09/09/2012,OSU,OH,AGL,CE,Federal Contract Tower,0,1,22,0,23,0,0,85,0,85,0,1,107,0,108,72,0,72,180
09/10/2012,OSU,OH,AGL,CE,Federal Contract Tower,0,3,32,0,35,0,0,129,0,129,0,3,161,0,164,150,0,150,314
09/11/2012,OSU,OH,AGL,CE,Federal Contract Tower,0,7,43,0,50,0,1,146,0,147,0,8,189,0,197,116,0,116,313
09/12/2012,OSU,OH,AGL,CE,Federal Contract Tower,0,7,44,0,51,1,12,115,0,128,1,19,159,0,179,32,0,32,211
09/13/2012,OSU,OH,AGL,CE,Federal Contract Tower,0,8,43,0,51,0,4,147,0,151,0,12,190,0,202,78,0,78,280
09/14/2012,OSU,OH,AGL,CE,Federal Contract Tower,0,12,41,0,53,0,0,64,3,67,0,12,105,3,120,2,0,2,122
09/15/2012,OSU,OH,AGL,CE,Federal Contract Tower,0,5,26,0,31,0,3,92,0,95,0,8,118,0,126,22,0,22,148
09/16/2012,OSU,OH,AGL,CE,Federal Contract Tower,0,2,14,0,16,0,0,128,0,128,0,2,142,0,144,92,0,92,236
09/17/2012,OSU,OH,AGL,CE,Federal Contract Tower,0,5,38,0,43,0,5,52,2,59,0,10,90,2,102,22,0,22,124
09/18/2012,OSU,OH,AGL,CE,Federal Contract Tower,0,6,28,0,34,0,0,49,0,49,0,6,77,0,83,14,0,14,97
09/19/2012,OSU,OH,AGL,CE,Federal Contract Tower,0,7,35,0,42,0,6,119,4,129,0,13,154,4,171,144,0,144,315
09/20/2012,OSU,OH,AGL,CE,Federal Contract Tower,0,5,33,0,38,0,1,89,6,96,0,6,122,6,134,0,0,0,134
09/21/2012,OSU,OH,AGL,CE,Federal Contract Tower,0,4,42,0,46,0,1,107,0,108,0,5,149,0,154,80,0,80,234
09/22/2012,OSU,OH,AGL,CE,Federal Contract Tower,0,11,16,0,27,0,2,42,0,44,0,13,58,0,71,20,0,20,91
09/23/2012,OSU,OH,AGL,CE,Federal Contract Tower,0,3,16,0,19,0,0,114,0,114,0,3,130,0,133,112,0,112,245
09/24/2012,OSU,OH,AGL,CE,Federal Contract Tower,0,11,32,0,43,0,0,148,0,148,0,11,180,0,191,44,0,44,235
09/25/2012,OSU,OH,AGL,CE,Federal Contract Tower,0,3,48,0,51,0,11,47,0,58,0,14,95,0,109,0,0,0,109
09/26/2012,OSU,OH,AGL,CE,Federal Contract Tower,0,7,36,0,43,0,1,34,0,35,0,8,70,0,78,0,0,0,78
09/27/2012,OSU,OH,AGL,CE,Federal Contract Tower,0,4,55,0,59,0,0,0,0,0,0,4,55,0,59,0,0,0,59
09/28/2012,OSU,OH,AGL,CE,Federal Contract Tower,0,11,31,0,42,0,0,105,0,105,0,11,136,0,147,144,0,144,291
09/29/2012,OSU,OH,AGL,CE,Federal Contract Tower,0,2,32,0,34,0,1,138,0,139,0,3,170,0,173,58,0,58,231
09/30/2012,OSU,OH,AGL,CE,Federal Contract Tower,0,5,33,0,38,0,0,113,0,113,0,5,146,0,151,80,0,80,231
10/01/2012,OSU,OH,AGL,CE,Federal Contract Tower,0,6,24,0,30,0,0,110,0,110,0,6,134,0,140,82,0,82,222
10/02/2012,OSU,OH,AGL,CE,Federal Contract Tower,0,7,30,0,37,0,0,14,0,14,0,7,44,0,51,0,0,0,51
10/03/2012,OSU,OH,AGL,CE,Federal Contract Tower,0,6,49,0,55,0,0,58,0,58,0,6,107,0,113,68,0,68,181
10/04/2012,OSU,OH,AGL,CE,Federal Contract Tower,0,6,42,0,48,0,1,104,0,105,0,7,146,0,153,100,0,100,253
10/05/2012,OSU,OH,AGL,CE,Federal Contract Tower,0,4,41,0,45,0,1,61,0,62,0,5,102,0,107,68,0,68,175
10/06/2012,OSU,OH,AGL,CE,Federal Contract Tower,0,9,40,0,49,0,2,114,0,116,0,11,154,0,165,38,0,38,203
10/07/2012,OSU,OH,AGL,CE,Federal Contract Tower,0,3,32,0,35,0,0,83,0,83,0,3,115,0,118,58,0,58,176
10/08/2012,OSU,OH,AGL,CE,Federal Contract Tower,0,4,24,0,28,0,0,82,0,82,0,4,106,0,110,96,0,96,206
10/09/2012,OSU,OH,AGL,CE,Federal Contract Tower,0,6,26,0,32,0,3,39,0,42,0,9,65,0,74,10,0,10,84
10/10/2012,OSU,OH,AGL,CE,Federal Contract Tower,0,9,30,0,39,0,0,46,0,46,0,9,76,0,85,24,0,24,109
10/11/2012,OSU,OH,AGL,CE,Federal Contract Tower,0,4,48,0,52,0,0,105,0,105,0,4,153,0,157,62,0,62,219
10/12/2012,OSU,OH,AGL,CE,Federal Contract Tower,0,6,41,0,47,0,0,76,0,76,0,6,117,0,123,12,0,12,135
10/13/2012,OSU,OH,AGL,CE,Federal Contract Tower,0,8,23,0,31,0,0,71,0,71,0,8,94,0,102,36,0,36,138
10/14/2012,OSU,OH,AGL,CE,Federal Contract Tower,0,3,8,0,11,0,1,14,2,17,0,4,22,2,28,6,0,6,34
10/15/2012,OSU,OH,AGL,CE,Federal Contract Tower,0,5,26,0,31,0,0,52,0,52,0,5,78,0,83,8,0,8,91
10/16/2012,OSU,OH,AGL,CE,Federal Contract Tower,0,10,35,0,45,0,1,152,1,154,0,11,187,1,199,194,0,194,393
10/17/2012,OSU,OH,AGL,CE,Federal Contract Tower,0,7,22,0,29,0,1,73,0,74,0,8,95,0,103,18,0,18,121
10/18/2012,OSU,OH,AGL,CE,Federal Contract Tower,0,8,21,0,29,0,1,65,0,66,0,9,86,0,95,18,0,18,113
10/19/2012,OSU,OH,AGL,CE,Federal Contract Tower,0,6,29,0,35,0,1,48,0,49,0,7,77,0,84,8,0,8,92
10/20/2012,OSU,OH,AGL,CE,Federal Contract Tower,0,4,31,0,35,0,0,49,0,49,0,4,80,0,84,76,0,76,160
10/21/2012,OSU,OH,AGL,CE,Federal Contract Tower,0,14,17,0,31,0,0,104,0,104,0,14,121,0,135,36,0,36,171
10/22/2012,OSU,OH,AGL,CE,Federal Contract Tower,0,3,32,0,35,0,2,112,1,115,0,5,144,1,150,52,0,52,202
10/23/2012,OSU,OH,AGL,CE,Federal Contract Tower,0,4,38,0,42,0,1,60,0,61,0,5,98,0,103,66,0,66,169
10/24/2012,OSU,OH,AGL,CE,Federal Contract Tower,0,11,41,0,52,0,0,123,0,123,0,11,164,0,175,56,0,56,231
10/25/2012,OSU,OH,AGL,CE,Federal Contract Tower,0,8,40,0,48,0,0,152,4,156,0,8,192,4,204,68,0,68,272
10/26/2012,OSU,OH,AGL,CE,Federal Contract Tower,0,5,38,0,43,0,3,5,0,8,0,8,43,0,51,0,0,0,51
10/27/2012,OSU,OH,AGL,CE,Federal Contract Tower,0,9,24,0,33,0,0,1,0,1,0,9,25,0,34,0,0,0,34
10/28/2012,OSU,OH,AGL,CE,Federal Contract Tower,0,3,20,0,23,0,0,8,0,8,0,3,28,0,31,0,0,0,31
10/29/2012,OSU,OH,AGL,CE,Federal Contract Tower,0,2,7,0,9,0,0,3,0,3,0,2,10,0,12,0,0,0,12
10/30/2012,OSU,OH,AGL,CE,Federal Contract Tower,0,7,8,0,15,0,0,0,0,0,0,7,8,0,15,0,0,0,15
10/31/2012,OSU,OH,AGL,CE,Federal Contract Tower,0,3,18,0,21,0,1,16,2,19,0,4,34,2,40,0,0,0,40
11/01/2012,OSU,OH,AGL,CE,Federal Contract Tower,0,3,39,0,42,0,0,79,0,79,0,3,118,0,121,46,4,50,171
11/02/2012,OSU,OH,AGL,CE,Federal Contract Tower,0,3,32,0,35,0,0,38,0,38,0,3,70,0,73,14,0,14,87
11/03/2012,OSU,OH,AGL,CE,Federal Contract Tower,0,6,21,0,27,0,0,105,0,105,0,6,126,0,132,58,0,58,190
11/04/2012,OSU,OH,AGL,CE,Federal Contract Tower,0,5,20,1,26,0,0,110,1,111,0,5,130,2,137,86,0,86,223
11/05/2012,OSU,OH,AGL,CE,Federal Contract Tower,0,6,22,0,28,0,0,43,0,43,0,6,65,0,71,30,0,30,101
11/06/2012,OSU,OH,AGL,CE,Federal Contract Tower,0,15,27,0,42,0,0,144,0,144,0,15,171,0,186,246,0,246,432
11/07/2012,OSU,OH,AGL,CE,Federal Contract Tower,0,7,29,0,36,0,0,101,6,107,0,7,130,6,143,38,0,38,181
11/08/2012,OSU,OH,AGL,CE,Federal Contract Tower,0,12,28,0,40,0,6,116,0,122,0,18,144,0,162,212,0,212,374
11/09/2012,OSU,OH,AGL,CE,Federal Contract Tower,0,11,47,0,58,0,1,146,0,147,0,12,193,0,205,188,0,188,393
11/10/2012,OSU,OH,AGL,CE,Federal Contract Tower,0,2,21,0,23,0,0,93,0,93,0,2,114,0,116,76,0,76,192
11/11/2012,OSU,OH,AGL,CE,Federal Contract Tower,0,1,14,0,15,0,0,81,0,81,0,1,95,0,96,4,0,4,100
11/12/2012,OSU,OH,AGL,CE,Federal Contract Tower,0,9,22,0,31,0,0,4,0,4,0,9,26,0,35,0,0,0,35
11/13/2012,OSU,OH,AGL,CE,Federal Contract Tower,0,7,37,0,44,0,0,108,0,108,0,7,145,0,152,202,0,202,354
11/14/2012,OSU,OH,AGL,CE,Federal Contract Tower,0,7,39,0,46,0,0,120,0,120,0,7,159,0,166,174,0,174,340
11/15/2012,OSU,OH,AGL,CE,Federal Contract Tower,0,8,55,0,63,0,1,97,0,98,0,9,152,0,161,128,0,128,289
11/16/2012,OSU,OH,AGL,CE,Federal Contract Tower,0,11,32,0,43,0,0,129,0,129,0,11,161,0,172,70,0,70,242
11/17/2012,OSU,OH,AGL,CE,Federal Contract Tower,0,1,15,0,16,0,0,204,0,204,0,1,219,0,220,108,0,108,328
11/18/2012,OSU,OH,AGL,CE,Federal Contract Tower,0,2,13,0,15,0,0,149,0,149,0,2,162,0,164,64,0,64,228
11/19/2012,OSU,OH,AGL,CE,Federal Contract Tower,0,8,29,0,37,0,0,138,0,138,0,8,167,0,175,62,0,62,237
11/20/2012,OSU,OH,AGL,CE,Federal Contract Tower,0,10,37,0,47,0,0,74,4,78,0,10,111,4,125,78,0,78,203
11/21/2012,OSU,OH,AGL,CE,Federal Contract Tower,0,8,27,0,35,0,0,100,2,102,0,8,127,2,137,44,0,44,181
11/22/2012,OSU,OH,AGL,CE,Federal Contract Tower,0,3,4,0,7,0,0,59,0,59,0,3,63,0,66,8,0,8,74
11/23/2012,OSU,OH,AGL,CE,Federal Contract Tower,0,15,17,0,32,0,0,29,0,29,0,15,46,0,61,8,0,8,69
11/24/2012,OSU,OH,AGL,CE,Federal Contract Tower,0,12,29,0,41,0,0,28,0,28,0,12,57,0,69,0,0,0,69
11/25/2012,OSU,OH,AGL,CE,Federal Contract Tower,0,7,29,0,36,0,0,65,0,65,0,7,94,0,101,0,0,0,101
11/26/2012,OSU,OH,AGL,CE,Federal Contract Tower,0,8,25,0,33,0,0,98,0,98,0,8,123,0,131,116,0,116,247
11/27/2012,OSU,OH,AGL,CE,Federal Contract Tower,0,8,16,0,24,0,0,67,0,67,0,8,83,0,91,56,0,56,147
11/28/2012,OSU,OH,AGL,CE,Federal Contract Tower,0,11,32,0,43,0,0,88,0,88,0,11,120,0,131,72,0,72,203
11/29/2012,OSU,OH,AGL,CE,Federal Contract Tower,0,10,45,0,55,0,1,101,0,102,0,11,146,0,157,72,0,72,229
11/30/2012,OSU,OH,AGL,CE,Federal Contract Tower,0,11,16,0,27,0,0,103,2,105,0,11,119,2,132,36,0,36,168
12/01/2012,OSU,OH,AGL,CE,Federal Contract Tower,0,4,13,0,17,0,0,96,0,96,0,4,109,0,113,44,0,44,157
12/02/2012,OSU,OH,AGL,CE,Federal Contract Tower,0,3,8,0,11,0,0,0,0,0,0,3,8,0,11,0,0,0,11
12/03/2012,OSU,OH,AGL,CE,Federal Contract Tower,0,5,24,0,29,0,0,40,0,40,0,5,64,0,69,20,0,20,89
12/04/2012,OSU,OH,AGL,CE,Federal Contract Tower,0,8,21,0,29,0,0,19,0,19,0,8,40,0,48,12,0,12,60
12/05/2012,OSU,OH,AGL,CE,Federal Contract Tower,0,11,19,0,30,0,0,124,0,124,0,11,143,0,154,68,0,68,222
12/06/2012,OSU,OH,AGL,CE,Federal Contract Tower,0,14,20,0,34,0,0,135,0,135,0,14,155,0,169,100,0,100,269
12/07/2012,OSU,OH,AGL,CE,Federal Contract Tower,0,10,17,0,27,0,0,0,0,0,0,10,17,0,27,0,0,0,27
12/08/2012,OSU,OH,AGL,CE,Federal Contract Tower,0,5,12,0,17,0,0,6,0,6,0,5,18,0,23,16,0,16,39
12/09/2012,OSU,OH,AGL,CE,Federal Contract Tower,0,2,18,0,20,0,0,2,0,2,0,2,20,0,22,0,0,0,22
12/10/2012,OSU,OH,AGL,CE,Federal Contract Tower,0,9,32,0,41,0,0,6,0,6,0,9,38,0,47,0,0,0,47
12/11/2012,OSU,OH,AGL,CE,Federal Contract Tower,0,11,36,0,47,0,0,35,0,35,0,11,71,0,82,10,0,10,92
12/12/2012,OSU,OH,AGL,CE,Federal Contract Tower,0,11,30,0,41,0,0,179,0,179,0,11,209,0,220,112,0,112,332
12/13/2012,OSU,OH,AGL,CE,Federal Contract Tower,0,3,47,0,50,0,0,106,0,106,0,3,153,0,156,70,0,70,226
12/14/2012,OSU,OH,AGL,CE,Federal Contract Tower,0,11,23,0,34,0,0,88,0,88,0,11,111,0,122,92,0,92,214
12/15/2012,OSU,OH,AGL,CE,Federal Contract Tower,0,7,12,0,19,0,2,74,0,76,0,9,86,0,95,24,0,24,119
12/16/2012,OSU,OH,AGL,CE,Federal Contract Tower,0,6,11,0,17,0,0,45,0,45,0,6,56,0,62,24,0,24,86
12/17/2012,OSU,OH,AGL,CE,Federal Contract Tower,0,5,30,0,35,0,0,2,0,2,0,5,32,0,37,22,0,22,59
12/18/2012,OSU,OH,AGL,CE,Federal Contract Tower,0,11,26,0,37,0,2,39,0,41,0,13,65,0,78,0,0,0,78
12/19/2012,OSU,OH,AGL,CE,Federal Contract Tower,0,6,41,0,47,0,0,25,0,25,0,6,66,0,72,10,0,10,82
12/20/2012,OSU,OH,AGL,CE,Federal Contract Tower,0,8,14,0,22,0,0,7,0,7,0,8,21,0,29,0,0,0,29
12/21/2012,OSU,OH,AGL,CE,Federal Contract Tower,0,7,6,0,13,0,0,0,0,0,0,7,6,0,13,0,0,0,13
12/22/2012,OSU,OH,AGL,CE,Federal Contract Tower,0,12,14,0,26,0,0,46,0,46,0,12,60,0,72,18,0,18,90
12/23/2012,OSU,OH,AGL,CE,Federal Contract Tower,0,0,11,0,11,0,0,99,0,99,0,0,110,0,110,40,0,40,150
12/24/2012,OSU,OH,AGL,CE,Federal Contract Tower,0,0,7,0,7,0,0,14,0,14,0,0,21,0,21,12,0,12,33
12/25/2012,OSU,OH,AGL,CE,Federal Contract Tower,0,2,6,0,8,0,0,9,0,9,0,2,15,0,17,0,0,0,17
12/26/2012,OSU,OH,AGL,CE,Federal Contract Tower,0,4,1,0,5,0,0,0,0,0,0,4,1,0,5,0,0,0,5
12/27/2012,OSU,OH,AGL,CE,Federal Contract Tower,0,10,19,0,29,0,0,15,0,15,0,10,34,0,44,0,0,0,44
12/28/2012,OSU,OH,AGL,CE,Federal Contract Tower,0,5,15,0,20,0,0,41,0,41,0,5,56,0,61,58,0,58,119
12/29/2012,OSU,OH,AGL,CE,Federal Contract Tower,0,5,4,0,9,0,0,0,0,0,0,5,4,0,9,0,0,0,9
12/30/2012,OSU,OH,AGL,CE,Federal Contract Tower,0,9,4,0,13,0,0,27,0,27,0,9,31,0,40,6,0,6,46
12/31/2012,OSU,OH,AGL,CE,Federal Contract Tower,0,4,3,0,7,0,0,31,0,31,0,4,34,0,38,20,0,20,58
01/01/2013,OSU,OH,AGL,CE,Federal Contract Tower,0,2,7,0,9,0,0,14,0,14,0,2,21,0,23,4,0,4,27
01/02/2013,OSU,OH,AGL,CE,Federal Contract Tower,0,6,12,0,18,0,0,77,0,77,0,6,89,0,95,0,0,0,95
01/03/2013,OSU,OH,AGL,CE,Federal Contract Tower,0,8,8,0,16,0,1,72,0,73,0,9,80,0,89,10,0,10,99
01/04/2013,OSU,OH,AGL,CE,Federal Contract Tower,0,10,13,0,23,0,1,70,0,71,0,11,83,0,94,8,0,8,102
01/05/2013,OSU,OH,AGL,CE,Federal Contract Tower,0,4,18,0,22,0,0,98,0,98,0,4,116,0,120,50,0,50,170
01/06/2013,OSU,OH,AGL,CE,Federal Contract Tower,0,3,3,0,6,0,0,35,0,35,0,3,38,0,41,36,0,36,77
01/07/2013,OSU,OH,AGL,CE,Federal Contract Tower,0,3,6,0,9,0,1,72,0,73,0,4,78,0,82,70,0,70,152
01/08/2013,OSU,OH,AGL,CE,Federal Contract Tower,0,8,18,0,26,0,0,135,2,137,0,8,153,2,163,118,0,118,281
01/09/2013,OSU,OH,AGL,CE,Federal Contract Tower,0,5,18,0,23,0,0,64,3,67,0,5,82,3,90,42,0,42,132
01/10/2013,OSU,OH,AGL,CE,Federal Contract Tower,0,9,18,0,27,0,3,82,1,86,0,12,100,1,113,158,0,158,271
01/11/2013,OSU,OH,AGL,CE,Federal Contract Tower,0,5,9,0,14,0,1,36,0,37,0,6,45,0,51,6,0,6,57
01/12/2013,OSU,OH,AGL,CE,Federal Contract Tower,0,2,21,0,23,0,0,66,0,66,0,2,87,0,89,34,0,34,123
01/13/2013,OSU,OH,AGL,CE,Federal Contract Tower,0,2,18,0,20,0,0,8,0,8,0,2,26,0,28,16,0,16,44
01/14/2013,OSU,OH,AGL,CE,Federal Contract Tower,0,7,34,0,41,0,1,44,0,45,0,8,78,0,86,34,0,34,120
01/15/2013,OSU,OH,AGL,CE,Federal Contract Tower,0,8,29,0,37,0,7,84,0,91,0,15,113,0,128,232,0,232,360
01/16/2013,OSU,OH,AGL,CE,Federal Contract Tower,0,7,26,0,33,0,0,111,0,111,0,7,137,0,144,104,0,104,248
01/17/2013,OSU,OH,AGL,CE,Federal Contract Tower,0,8,35,0,43,0,3,98,0,101,0,11,133,0,144,118,0,118,262
01/18/2013,OSU,OH,AGL,CE,Federal Contract Tower,0,5,25,0,30,0,3,125,0,128,0,8,150,0,158,50,0,50,208
01/19/2013,OSU,OH,AGL,CE,Federal Contract Tower,0,2,12,0,14,0,0,35,0,35,0,2,47,0,49,12,0,12,61
01/20/2013,OSU,OH,AGL,CE,Federal Contract Tower,0,0,18,0,18,0,2,80,0,82,0,2,98,0,100,16,0,16,116
01/21/2013,OSU,OH,AGL,CE,Federal Contract Tower,0,5,13,0,18,0,1,8,0,9,0,6,21,0,27,0,0,0,27
01/22/2013,OSU,OH,AGL,CE,Federal Contract Tower,0,5,33,0,38,0,1,82,0,83,0,6,115,0,121,0,0,0,121
01/23/2013,OSU,OH,AGL,CE,Federal Contract Tower,0,8,20,0,28,0,0,86,0,86,0,8,106,0,114,62,0,62,176
01/24/2013,OSU,OH,AGL,CE,Federal Contract Tower,0,5,13,0,18,0,1,86,0,87,0,6,99,0,105,78,0,78,183
01/25/2013,OSU,OH,AGL,CE,Federal Contract Tower,0,5,11,0,16,0,1,3,0,4,0,6,14,0,20,0,0,0,20
01/26/2013,OSU,OH,AGL,CE,Federal Contract Tower,0,2,12,0,14,0,0,53,0,53,0,2,65,0,67,66,0,66,133
01/27/2013,OSU,OH,AGL,CE,Federal Contract Tower,0,0,15,0,15,0,0,100,0,100,0,0,115,0,115,34,0,34,149
01/28/2013,OSU,OH,AGL,CE,Federal Contract Tower,0,12,20,0,32,0,0,4,0,4,0,12,24,0,36,8,0,8,44
01/29/2013,OSU,OH,AGL,CE,Federal Contract Tower,0,6,22,0,28,0,0,85,0,85,0,6,107,0,113,56,0,56,169
01/30/2013,OSU,OH,AGL,CE,Federal Contract Tower,0,5,15,0,20,0,3,9,0,12,0,8,24,0,32,16,0,16,48
01/31/2013,OSU,OH,AGL,CE,Federal Contract Tower,0,10,13,0,23,0,0,2,0,2,0,10,15,0,25,0,0,0,25
02/01/2013,OSU,OH,AGL,CE,Federal Contract Tower,0,8,24,0,32,0,0,68,0,68,0,8,92,0,100,34,0,34,134
02/02/2013,OSU,OH,AGL,CE,Federal Contract Tower,0,2,4,0,6,0,0,0,0,0,0,2,4,0,6,0,0,0,6
02/03/2013,OSU,OH,AGL,CE,Federal Contract Tower,0,0,13,0,13,0,2,6,0,8,0,2,19,0,21,0,0,0,21
02/04/2013,OSU,OH,AGL,CE,Federal Contract Tower,0,2,9,0,11,0,0,0,0,0,0,2,9,0,11,18,0,18,29
02/05/2013,OSU,OH,AGL,CE,Federal Contract Tower,0,6,15,0,21,0,0,39,0,39,0,6,54,0,60,70,0,70,130
02/06/2013,OSU,OH,AGL,CE,Federal Contract Tower,0,12,27,0,39,0,1,93,0,94,0,13,120,0,133,156,0,156,289
02/07/2013,OSU,OH,AGL,CE,Federal Contract Tower,0,8,23,0,31,0,0,159,7,166,0,8,182,7,197,100,8,108,305
02/08/2013,OSU,OH,AGL,CE,Federal Contract Tower,0,13,18,0,31,0,8,6,0,14,0,21,24,0,45,0,0,0,45
02/09/2013,OSU,OH,AGL,CE,Federal Contract Tower,0,4,12,0,16,0,0,177,0,177,0,4,189,0,193,158,0,158,351
02/10/2013,OSU,OH,AGL,CE,Federal Contract Tower,0,5,23,0,28,0,0,106,0,106,0,5,129,0,134,66,0,66,200
02/11/2013,OSU,OH,AGL,CE,Federal Contract Tower,0,7,23,0,30,0,0,33,0,33,0,7,56,0,63,0,0,0,63
02/12/2013,OSU,OH,AGL,CE,Federal Contract Tower,0,15,34,0,49,0,0,111,0,111,0,15,145,0,160,140,0,140,300
02/13/2013,OSU,OH,AGL,CE,Federal Contract Tower,0,18,19,0,37,0,0,35,0,35,0,18,54,0,72,48,0,48,120
02/14/2013,OSU,OH,AGL,CE,Federal Contract Tower,0,10,25,0,35,0,0,28,0,28,0,10,53,0,63,32,0,32,95
02/15/2013,OSU,OH,AGL,CE,Federal Contract Tower,0,6,17,0,23,0,0,28,0,28,0,6,45,0,51,72,0,72,123
02/16/2013,OSU,OH,AGL,CE,Federal Contract Tower,0,4,3,0,7,0,0,28,0,28,0,4,31,0,35,60,0,60,95
02/17/2013,OSU,OH,AGL,CE,Federal Contract Tower,0,1,25,0,26,0,0,68,0,68,0,1,93,0,94,160,0,160,254
02/18/2013,OSU,OH,AGL,CE,Federal Contract Tower,0,4,24,0,28,0,0,76,0,76,0,4,100,0,104,44,0,44,148
02/19/2013,OSU,OH,AGL,CE,Federal Contract Tower,0,4,15,0,19,0,0,5,0,5,0,4,20,0,24,0,0,0,24
02/20/2013,OSU,OH,AGL,CE,Federal Contract Tower,0,9,20,0,29,0,0,28,0,28,0,9,48,0,57,34,0,34,91
02/21/2013,OSU,OH,AGL,CE,Federal Contract Tower,0,5,20,0,25,0,0,42,0,42,0,5,62,0,67,28,0,28,95
02/22/2013,OSU,OH,AGL,CE,Federal Contract Tower,0,5,8,0,13,0,0,6,0,6,0,5,14,0,19,0,0,0,19
02/23/2013,OSU,OH,AGL,CE,Federal Contract Tower,0,2,21,0,23,0,0,97,0,97,0,2,118,0,120,144,0,144,264
02/24/2013,OSU,OH,AGL,CE,Federal Contract Tower,0,5,16,0,21,0,0,91,0,91,0,5,107,0,112,130,0,130,242
02/25/2013,OSU,OH,AGL,CE,Federal Contract Tower,0,7,19,0,26,0,1,163,0,164,0,8,182,0,190,136,0,136,326
02/26/2013,OSU,OH,AGL,CE,Federal Contract Tower,0,11,27,0,38,0,0,2,0,2,0,11,29,0,40,0,0,0,40
02/27/2013,OSU,OH,AGL,CE,Federal Contract Tower,0,4,18,0,22,0,0,6,0,6,0,4,24,0,28,20,0,20,48
02/28/2013,OSU,OH,AGL,CE,Federal Contract Tower,0,8,16,0,24,0,0,16,0,16,0,8,32,0,40,28,0,28,68
03/01/2013,OSU,OH,AGL,CE,Federal Contract Tower,0,4,12,0,16,0,1,25,0,26,0,5,37,0,42,38,0,38,80
03/02/2013,OSU,OH,AGL,CE,Federal Contract Tower,0,2,9,0,11,0,0,10,0,10,0,2,19,0,21,60,0,60,81
03/03/2013,OSU,OH,AGL,CE,Federal Contract Tower,0,0,17,0,17,0,0,39,0,39,0,0,56,0,56,60,0,60,116
03/04/2013,OSU,OH,AGL,CE,Federal Contract Tower,0,7,18,0,25,0,0,189,0,189,0,7,207,0,214,162,0,162,376
03/05/2013,OSU,OH,AGL,CE,Federal Contract Tower,0,2,15,0,17,0,2,32,0,34,0,4,47,0,51,12,0,12,63
03/06/2013,OSU,OH,AGL,CE,Federal Contract Tower,0,8,13,0,21,0,0,27,0,27,0,8,40,0,48,6,4,10,58
03/07/2013,OSU,OH,AGL,CE,Federal Contract Tower,0,11,17,0,28,0,2,75,0,77,0,13,92,0,105,96,0,96,201
03/08/2013,OSU,OH,AGL,CE,Federal Contract Tower,0,9,22,0,31,0,1,143,0,144,0,10,165,0,175,200,0,200,375
03/09/2013,OSU,OH,AGL,CE,Federal Contract Tower,0,4,18,0,22,0,0,171,2,173,0,4,189,2,195,98,0,98,293
03/10/2013,OSU,OH,AGL,CE,Federal Contract Tower,0,5,15,0,20,0,0,99,0,99,0,5,114,0,119,18,0,18,137
03/11/2013,OSU,OH,AGL,CE,Federal Contract Tower,0,6,15,0,21,0,0,34,0,34,0,6,49,0,55,0,0,0,55
03/12/2013,OSU,OH,AGL,CE,Federal Contract Tower,0,8,19,0,27,0,0,40,0,40,0,8,59,0,67,14,0,14,81
03/13/2013,OSU,OH,AGL,CE,Federal Contract Tower,0,9,13,0,22,0,0,19,0,19,0,9,32,0,41,0,0,0,41
03/14/2013,OSU,OH,AGL,CE,Federal Contract Tower,0,13,14,0,27,0,0,94,10,104,0,13,108,10,131,72,0,72,203
03/15/2013,OSU,OH,AGL,CE,Federal Contract Tower,0,8,15,0,23,0,0,99,2,101,0,8,114,2,124,18,0,18,142
03/16/2013,OSU,OH,AGL,CE,Federal Contract Tower,0,6,15,0,21,0,0,23,0,23,0,6,38,0,44,10,0,10,54
03/17/2013,OSU,OH,AGL,CE,Federal Contract Tower,0,1,14,0,15,0,0,66,0,66,0,1,80,0,81,90,0,90,171
03/18/2013,OSU,OH,AGL,CE,Federal Contract Tower,0,17,13,0,30,0,0,0,0,0,0,17,13,0,30,0,0,0,30
03/19/2013,OSU,OH,AGL,CE,Federal Contract Tower,0,10,31,7,48,0,2,34,0,36,0,12,65,7,84,14,2,16,100
03/20/2013,OSU,OH,AGL,CE,Federal Contract Tower,0,6,22,0,28,0,0,109,5,114,0,6,131,5,142,60,0,60,202
03/21/2013,OSU,OH,AGL,CE,Federal Contract Tower,0,9,33,0,42,0,4,89,0,93,0,13,122,0,135,64,0,64,199
03/22/2013,OSU,OH,AGL,CE,Federal Contract Tower,0,12,42,0,54,0,0,155,0,155,0,12,197,0,209,162,0,162,371
03/23/2013,OSU,OH,AGL,CE,Federal Contract Tower,0,6,16,0,22,0,0,169,0,169,0,6,185,0,191,156,0,156,347
03/24/2013,OSU,OH,AGL,CE,Federal Contract Tower,0,4,10,0,14,0,0,26,0,26,0,4,36,0,40,0,0,0,40
03/25/2013,OSU,OH,AGL,CE,Federal Contract Tower,0,4,3,0,7,0,0,0,0,0,0,4,3,0,7,0,0,0,7
03/26/2013,OSU,OH,AGL,CE,Federal Contract Tower,0,11,25,0,36,0,0,45,0,45,0,11,70,0,81,42,0,42,123
03/27/2013,OSU,OH,AGL,CE,Federal Contract Tower,0,11,20,0,31,0,0,69,0,69,0,11,89,0,100,22,0,22,122
03/28/2013,OSU,OH,AGL,CE,Federal Contract Tower,0,9,13,0,22,0,0,139,0,139,0,9,152,0,161,88,0,88,249
03/29/2013,OSU,OH,AGL,CE,Federal Contract Tower,0,8,12,0,20,0,0,163,0,163,0,8,175,0,183,184,0,184,367
03/30/2013,OSU,OH,AGL,CE,Federal Contract Tower,0,3,14,0,17,0,0,248,0,248,0,3,262,0,265,186,0,186,451
03/31/2013,OSU,OH,AGL,CE,Federal Contract Tower,0,1,13,0,14,0,0,16,0,16,0,1,29,0,30,0,0,0,30
04/01/2013,OSU,OH,AGL,CE,Federal Contract Tower,0,4,15,0,19,0,0,67,0,67,0,4,82,0,86,0,0,0,86
04/02/2013,OSU,OH,AGL,CE,Federal Contract Tower,0,7,36,0,43,0,13,118,0,131,0,20,154,0,174,198,0,198,372
04/03/2013,OSU,OH,AGL,CE,Federal Contract Tower,0,7,28,0,35,0,0,140,0,140,0,7,168,0,175,82,0,82,257
04/04/2013,OSU,OH,AGL,CE,Federal Contract Tower,0,13,48,1,62,0,7,159,0,166,0,20,207,1,228,206,0,206,434
04/05/2013,OSU,OH,AGL,CE,Federal Contract Tower,0,7,39,0,46,0,0,181,0,181,0,7,220,0,227,126,0,126,353
04/06/2013,OSU,OH,AGL,CE,Federal Contract Tower,0,4,21,0,25,0,2,129,0,131,0,6,150,0,156,138,0,138,294
04/07/2013,OSU,OH,AGL,CE,Federal Contract Tower,0,2,14,0,16,0,0,35,0,35,0,2,49,0,51,0,0,0,51
04/08/2013,OSU,OH,AGL,CE,Federal Contract Tower,0,4,14,0,18,0,0,85,0,85,0,4,99,0,103,78,0,78,181
04/09/2013,OSU,OH,AGL,CE,Federal Contract Tower,0,13,31,0,44,0,2,90,0,92,0,15,121,0,136,114,0,114,250
04/10/2013,OSU,OH,AGL,CE,Federal Contract Tower,0,6,16,0,22,0,3,29,0,32,0,9,45,0,54,40,0,40,94
04/11/2013,OSU,OH,AGL,CE,Federal Contract Tower,0,8,28,0,36,0,0,13,0,13,0,8,41,0,49,0,0,0,49
04/12/2013,OSU,OH,AGL,CE,Federal Contract Tower,0,7,39,0,46,0,0,35,0,35,0,7,74,0,81,60,0,60,141
04/13/2013,OSU,OH,AGL,CE,Federal Contract Tower,0,2,12,0,14,0,0,60,0,60,0,2,72,0,74,78,0,78,152
04/14/2013,OSU,OH,AGL,CE,Federal Contract Tower,0,4,17,0,21,0,0,139,2,141,0,4,156,2,162,142,0,142,304
04/15/2013,OSU,OH,AGL,CE,Federal Contract Tower,0,4,17,0,21,0,0,137,0,137,0,4,154,0,158,102,0,102,260
04/16/2013,OSU,OH,AGL,CE,Federal Contract Tower,0,6,19,1,26,0,9,38,0,47,0,15,57,1,73,10,0,10,83
04/17/2013,OSU,OH,AGL,CE,Federal Contract Tower,0,12,32,2,46,0,0,55,0,55,0,12,87,2,101,10,0,10,111
04/18/2013,OSU,OH,AGL,CE,Federal Contract Tower,0,9,19,0,28,0,2,33,0,35,0,11,52,0,63,0,2,2,65
04/19/2013,OSU,OH,AGL,CE,Federal Contract Tower,0,7,13,0,20,0,0,20,0,20,0,7,33,0,40,8,0,8,48
04/20/2013,OSU,OH,AGL,CE,Federal Contract Tower,0,5,14,0,19,0,11,102,0,113,0,16,116,0,132,62,0,62,194
04/21/2013,OSU,OH,AGL,CE,Federal Contract Tower,0,2,21,0,23,0,16,155,0,171,0,18,176,0,194,266,0,266,460
04/22/2013,OSU,OH,AGL,CE,Federal Contract Tower,0,8,13,0,21,0,3,150,0,153,0,11,163,0,174,152,0,152,326
04/23/2013,OSU,OH,AGL,CE,Federal Contract Tower,0,7,21,0,28,0,0,139,0,139,0,7,160,0,167,70,0,70,237
04/24/2013,OSU,OH,AGL,CE,Federal Contract Tower,0,9,30,0,39,0,0,3,0,3,0,9,33,0,42,0,0,0,42
04/25/2013,OSU,OH,AGL,CE,Federal Contract Tower,0,14,29,0,43,0,0,70,0,70,0,14,99,0,113,140,0,140,253
04/26/2013,OSU,OH,AGL,CE,Federal Contract Tower,0,12,29,0,41,0,2,152,0,154,0,14,181,0,195,280,0,280,475
04/27/2013,OSU,OH,AGL,CE,Federal Contract Tower,0,3,14,0,17,0,0,148,0,148,0,3,162,0,165,258,0,258,423
04/28/2013,OSU,OH,AGL,CE,Federal Contract Tower,0,0,20,0,20,0,0,12,0,12,0,0,32,0,32,104,0,104,136
04/29/2013,OSU,OH,AGL,CE,Federal Contract Tower,0,3,25,0,28,0,0,79,0,79,0,3,104,0,107,318,0,318,425
04/30/2013,OSU,OH,AGL,CE,Federal Contract Tower,0,10,21,0,31,0,2,199,0,201,0,12,220,0,232,700,0,700,932
05/01/2013,OSU,OH,AGL,CE,Federal Contract Tower,0,6,25,2,33,0,0,203,0,203,0,6,228,2,236,1056,6,1062,1298
05/02/2013,OSU,OH,AGL,CE,Federal Contract Tower,0,12,40,0,52,0,12,235,0,247,0,24,275,0,299,1104,0,1104,1403
05/03/2013,OSU,OH,AGL,CE,Federal Contract Tower,0,16,16,0,32,0,0,163,0,163,0,16,179,0,195,830,0,830,1025
05/04/2013,OSU,OH,AGL,CE,Federal Contract Tower,0,5,27,0,32,0,0,206,0,206,0,5,233,0,238,816,0,816,1054
05/05/2013,OSU,OH,AGL,CE,Federal Contract Tower,0,11,24,0,35,0,155,0,0,155,0,166,24,0,190,594,0,594,784
05/06/2013,OSU,OH,AGL,CE,Federal Contract Tower,0,7,25,0,32,0,0,75,0,75,0,7,100,0,107,142,0,142,249
05/07/2013,OSU,OH,AGL,CE,Federal Contract Tower,0,14,30,0,44,0,3,100,2,105,0,17,130,2,149,720,0,720,869
05/08/2013,OSU,OH,AGL,CE,Federal Contract Tower,0,12,46,0,58,0,3,263,0,266,0,15,309,0,324,930,0,930,1254
05/09/2013,OSU,OH,AGL,CE,Federal Contract Tower,0,10,42,0,52,0,1,208,0,209,0,11,250,0,261,62,0,62,323
05/10/2013,OSU,OH,AGL,CE,Federal Contract Tower,0,12,27,0,39,0,2,31,0,33,0,14,58,0,72,346,0,346,418
05/11/2013,OSU,OH,AGL,CE,Federal Contract Tower,0,2,24,0,26,0,0,43,0,43,0,2,67,0,69,56,0,56,125
05/12/2013,OSU,OH,AGL,CE,Federal Contract Tower,0,3,61,0,64,0,0,125,0,125,0,3,186,0,189,49,0,49,238
05/13/2013,OSU,OH,AGL,CE,Federal Contract Tower,0,3,26,0,29,0,2,121,0,123,0,5,147,0,152,46,0,46,198
05/14/2013,OSU,OH,AGL,CE,Federal Contract Tower,0,15,37,0,52,0,0,89,0,89,0,15,126,0,141,0,0,0,141
05/15/2013,OSU,OH,AGL,CE,Federal Contract Tower,0,15,41,0,56,0,8,106,0,114,0,23,147,0,170,28,0,28,198
05/16/2013,OSU,OH,AGL,CE,Federal Contract Tower,0,9,47,0,56,0,1,147,0,148,0,10,194,0,204,214,2,216,420
05/17/2013,OSU,OH,AGL,CE,Federal Contract Tower,0,7,33,0,40,0,0,72,0,72,0,7,105,0,112,40,0,40,152
05/18/2013,OSU,OH,AGL,CE,Federal Contract Tower,0,6,19,0,25,0,1,97,0,98,0,7,116,0,123,82,0,82,205
05/19/2013,OSU,OH,AGL,CE,Federal Contract Tower,0,3,8,0,11,0,4,56,0,60,0,7,64,0,71,32,0,32,103
05/20/2013,OSU,OH,AGL,CE,Federal Contract Tower,0,9,33,0,42,0,0,78,0,78,0,9,111,0,120,80,0,80,200
05/21/2013,OSU,OH,AGL,CE,Federal Contract Tower,0,10,19,0,29,0,1,75,0,76,0,11,94,0,105,20,0,20,125
05/22/2013,OSU,OH,AGL,CE,Federal Contract Tower,0,15,26,0,41,0,1,83,0,84,0,16,109,0,125,60,0,60,185
05/23/2013,OSU,OH,AGL,CE,Federal Contract Tower,0,8,38,0,46,0,1,38,0,39,0,9,76,0,85,22,0,22,107
05/24/2013,OSU,OH,AGL,CE,Federal Contract Tower,0,5,21,0,26,0,1,89,0,90,0,6,110,0,116,12,0,12,128
05/25/2013,OSU,OH,AGL,CE,Federal Contract Tower,0,1,8,0,9,0,1,108,0,109,0,2,116,0,118,66,0,66,184
05/26/2013,OSU,OH,AGL,CE,Federal Contract Tower,0,7,19,0,26,0,0,95,0,95,0,7,114,0,121,38,0,38,159
05/27/2013,OSU,OH,AGL,CE,Federal Contract Tower,0,11,19,0,30,0,0,89,0,89,0,11,108,0,119,80,0,80,199
05/28/2013,OSU,OH,AGL,CE,Federal Contract Tower,0,16,32,0,48,0,2,47,0,49,0,18,79,0,97,48,0,48,145
05/29/2013,OSU,OH,AGL,CE,Federal Contract Tower,0,14,32,0,46,0,0,119,0,119,0,14,151,0,165,68,0,68,233
05/30/2013,OSU,OH,AGL,CE,Federal Contract Tower,0,11,28,0,39,0,1,135,0,136,0,12,163,0,175,98,0,98,273
05/31/2013,OSU,OH,AGL,CE,Federal Contract Tower,0,11,29,0,40,0,1,67,0,68,0,12,96,0,108,34,0,34,142
06/01/2013,OSU,OH,AGL,CE,Federal Contract Tower,0,12,14,0,26,0,0,38,0,38,0,12,52,0,64,16,0,16,80
06/02/2013,OSU,OH,AGL,CE,Federal Contract Tower,0,34,36,0,70,0,0,101,0,101,0,34,137,0,171,46,0,46,217
06/03/2013,OSU,OH,AGL,CE,Federal Contract Tower,11,23,17,0,51,0,0,85,0,85,11,23,102,0,136,28,0,28,164
06/04/2013,OSU,OH,AGL,CE,Federal Contract Tower,0,10,31,0,41,0,1,201,0,202,0,11,232,0,243,186,0,186,429
06/05/2013,OSU,OH,AGL,CE,Federal Contract Tower,0,12,28,2,42,0,1,120,0,121,0,13,148,2,163,149,0,149,312
06/06/2013,OSU,OH,AGL,CE,Federal Contract Tower,0,11,44,0,55,0,0,0,0,0,0,11,44,0,55,14,0,14,69
06/07/2013,OSU,OH,AGL,CE,Federal Contract Tower,0,10,43,0,53,0,2,53,0,55,0,12,96,0,108,6,0,6,114
06/08/2013,OSU,OH,AGL,CE,Federal Contract Tower,0,7,18,0,25,0,0,141,0,141,0,7,159,0,166,62,0,62,228
06/09/2013,OSU,OH,AGL,CE,Federal Contract Tower,0,6,23,0,29,0,10,63,0,73,0,16,86,0,102,42,0,42,144
06/10/2013,OSU,OH,AGL,CE,Federal Contract Tower,0,5,30,0,35,0,0,39,0,39,0,5,69,0,74,26,0,26,100
06/11/2013,OSU,OH,AGL,CE,Federal Contract Tower,0,11,36,0,47,0,6,144,0,150,0,17,180,0,197,164,0,164,361
06/12/2013,OSU,OH,AGL,CE,Federal Contract Tower,0,6,23,0,29,0,1,99,0,100,0,7,122,0,129,62,0,62,191
06/13/2013,OSU,OH,AGL,CE,Federal Contract Tower,0,10,28,0,38,0,1,42,0,43,0,11,70,0,81,0,0,0,81
06/14/2013,OSU,OH,AGL,CE,Federal Contract Tower,0,10,35,0,45,0,2,151,0,153,0,12,186,0,198,32,0,32,230
06/15/2013,OSU,OH,AGL,CE,Federal Contract Tower,0,4,12,0,16,0,0,147,0,147,0,4,159,0,163,83,0,83,246
06/16/2013,OSU,OH,AGL,CE,Federal Contract Tower,0,0,14,0,14,0,0,43,0,43,0,0,57,0,57,0,0,0,57
06/17/2013,OSU,OH,AGL,CE,Federal Contract Tower,0,8,26,0,34,0,0,79,0,79,0,8,105,0,113,60,0,60,173
06/18/2013,OSU,OH,AGL,CE,Federal Contract Tower,0,12,37,0,49,0,0,116,0,116,0,12,153,0,165,88,0,88,253
06/19/2013,OSU,OH,AGL,CE,Federal Contract Tower,0,13,42,0,55,0,7,180,0,187,0,20,222,0,242,134,0,134,376
06/20/2013,OSU,OH,AGL,CE,Federal Contract Tower,0,9,32,0,41,0,0,155,0,155,0,9,187,0,196,146,0,146,342
06/21/2013,OSU,OH,AGL,CE,Federal Contract Tower,0,7,34,0,41,0,0,136,0,136,0,7,170,0,177,94,0,94,271
06/22/2013,OSU,OH,AGL,CE,Federal Contract Tower,0,5,19,0,24,0,0,131,0,131,0,5,150,0,155,100,0,100,255
06/23/2013,OSU,OH,AGL,CE,Federal Contract Tower,0,2,19,0,21,0,0,93,0,93,0,2,112,0,114,0,0,0,114
06/24/2013,OSU,OH,AGL,CE,Federal Contract Tower,0,8,27,0,35,0,0,91,0,91,0,8,118,0,126,74,0,74,200
06/25/2013,OSU,OH,AGL,CE,Federal Contract Tower,0,6,22,0,28,0,2,79,0,81,0,8,101,0,109,102,0,102,211
06/26/2013,OSU,OH,AGL,CE,Federal Contract Tower,0,8,29,0,37,0,4,62,0,66,0,12,91,0,103,84,0,84,187
06/27/2013,OSU,OH,AGL,CE,Federal Contract Tower,0,12,26,0,38,0,0,53,0,53,0,12,79,0,91,44,0,44,135
06/28/2013,OSU,OH,AGL,CE,Federal Contract Tower,0,12,28,0,40,0,7,86,0,93,0,19,114,0,133,88,0,88,221
06/29/2013,OSU,OH,AGL,CE,Federal Contract Tower,0,6,13,0,19,0,2,59,0,61,0,8,72,0,80,60,0,60,140
06/30/2013,OSU,OH,AGL,CE,Federal Contract Tower,0,4,24,1,29,0,0,45,0,45,0,4,69,1,74,14,0,14,88
07/01/2013,OSU,OH,AGL,CE,Federal Contract Tower,0,6,18,0,24,0,0,47,2,49,0,6,65,2,73,24,0,24,97
07/02/2013,OSU,OH,AGL,CE,Federal Contract Tower,0,7,29,0,36,0,0,98,0,98,0,7,127,0,134,142,0,142,276
07/03/2013,OSU,OH,AGL,CE,Federal Contract Tower,0,11,15,0,26,0,0,116,0,116,0,11,131,0,142,114,0,114,256
07/04/2013,OSU,OH,AGL,CE,Federal Contract Tower,0,3,8,0,11,0,0,12,0,12,0,3,20,0,23,0,0,0,23
07/05/2013,OSU,OH,AGL,CE,Federal Contract Tower,0,11,27,0,38,0,0,21,0,21,0,11,48,0,59,10,0,10,69
07/06/2013,OSU,OH,AGL,CE,Federal Contract Tower,0,4,17,0,21,0,0,9,0,9,0,4,26,0,30,16,0,16,46
07/07/2013,OSU,OH,AGL,CE,Federal Contract Tower,0,2,23,0,25,0,0,54,0,54,0,2,77,0,79,54,0,54,133
07/08/2013,OSU,OH,AGL,CE,Federal Contract Tower,0,13,30,0,43,0,0,51,0,51,0,13,81,0,94,16,0,16,110
07/09/2013,OSU,OH,AGL,CE,Federal Contract Tower,0,14,19,0,33,0,0,48,0,48,0,14,67,0,81,48,0,48,129
07/10/2013,OSU,OH,AGL,CE,Federal Contract Tower,0,11,25,0,36,0,0,71,0,71,0,11,96,0,107,80,0,80,187
07/11/2013,OSU,OH,AGL,CE,Federal Contract Tower,0,18,38,0,56,0,0,147,0,147,0,18,185,0,203,150,0,150,353
07/12/2013,OSU,OH,AGL,CE,Federal Contract Tower,0,4,17,0,21,0,0,130,0,130,0,4,147,0,151,104,0,104,255
07/13/2013,OSU,OH,AGL,CE,Federal Contract Tower,0,5,10,0,15,0,2,204,0,206,0,7,214,0,221,66,0,66,287
07/14/2013,OSU,OH,AGL,CE,Federal Contract Tower,0,3,33,0,36,0,0,116,0,116,0,3,149,0,152,20,0,20,172
07/15/2013,OSU,OH,AGL,CE,Federal Contract Tower,0,4,28,0,32,0,0,132,0,132,0,4,160,0,164,74,0,74,238
07/16/2013,OSU,OH,AGL,CE,Federal Contract Tower,0,9,31,0,40,0,0,221,0,221,0,9,252,0,261,150,0,150,411
07/17/2013,OSU,OH,AGL,CE,Federal Contract Tower,0,13,24,0,37,0,0,110,0,110,0,13,134,0,147,66,0,66,213
07/18/2013,OSU,OH,AGL,CE,Federal Contract Tower,0,9,41,0,50,0,0,94,0,94,0,9,135,0,144,86,0,86,230
07/19/2013,OSU,OH,AGL,CE,Federal Contract Tower,0,12,27,0,39,0,1,102,0,103,0,13,129,0,142,80,0,80,222
07/20/2013,OSU,OH,AGL,CE,Federal Contract Tower,0,6,10,0,16,0,0,40,0,40,0,6,50,0,56,38,0,38,94
07/21/2013,OSU,OH,AGL,CE,Federal Contract Tower,0,2,31,0,33,0,0,60,0,60,0,2,91,0,93,52,0,52,145
07/22/2013,OSU,OH,AGL,CE,Federal Contract Tower,0,8,25,0,33,0,0,43,0,43,0,8,68,0,76,0,0,0,76
07/23/2013,OSU,OH,AGL,CE,Federal Contract Tower,0,12,24,0,36,0,15,45,0,60,0,27,69,0,96,22,0,22,118
07/24/2013,OSU,OH,AGL,CE,Federal Contract Tower,0,23,24,1,48,0,18,106,0,124,0,41,130,1,172,54,0,54,226
07/25/2013,OSU,OH,AGL,CE,Federal Contract Tower,0,22,25,0,47,0,78,104,0,182,0,100,129,0,229,260,0,260,489
07/26/2013,OSU,OH,AGL,CE,Federal Contract Tower,0,11,31,4,46,0,22,118,0,140,0,33,149,4,186,42,0,42,228
07/27/2013,OSU,OH,AGL,CE,Federal Contract Tower,0,4,10,0,14,0,0,23,0,23,0,4,33,0,37,0,0,0,37
07/28/2013,OSU,OH,AGL,CE,Federal Contract Tower,0,5,24,0,29,0,0,89,0,89,0,5,113,0,118,60,0,60,178
07/29/2013,OSU,OH,AGL,CE,Federal Contract Tower,0,6,25,0,31,0,53,94,0,147,0,59,119,0,178,110,0,110,288
07/30/2013,OSU,OH,AGL,CE,Federal Contract Tower,0,10,28,0,38,0,43,95,0,138,0,53,123,0,176,76,0,76,252
07/31/2013,OSU,OH,AGL,CE,Federal Contract Tower,0,19,33,0,52,0,6,66,0,72,0,25,99,0,124,34,0,34,158
08/01/2013,OSU,OH,AGL,CE,Federal Contract Tower,0,19,30,0,49,0,37,96,0,133,0,56,126,0,182,68,0,68,250
08/02/2013,OSU,OH,AGL,CE,Federal Contract Tower,0,9,35,0,44,0,11,97,4,112,0,20,132,4,156,108,0,108,264
08/03/2013,OSU,OH,AGL,CE,Federal Contract Tower,0,2,18,0,20,0,0,52,0,52,0,2,70,0,72,4,0,4,76
08/04/2013,OSU,OH,AGL,CE,Federal Contract Tower,0,0,29,0,29,0,2,87,0,89,0,2,116,0,118,0,0,0,118
08/05/2013,OSU,OH,AGL,CE,Federal Contract Tower,0,11,26,0,37,0,47,96,0,143,0,58,122,0,180,164,0,164,344
08/06/2013,OSU,OH,AGL,CE,Federal Contract Tower,0,20,36,0,56,0,51,81,0,132,0,71,117,0,188,104,0,104,292
08/07/2013,OSU,OH,AGL,CE,Federal Contract Tower,0,11,27,0,38,0,3,50,2,55,0,14,77,2,93,86,6,92,185
08/08/2013,OSU,OH,AGL,CE,Federal Contract Tower,0,12,31,0,43,0,0,3,0,3,0,12,34,0,46,0,0,0,46
08/09/2013,OSU,OH,AGL,CE,Federal Contract Tower,0,9,33,0,42,0,10,65,0,75,0,19,98,0,117,60,0,60,177
08/10/2013,OSU,OH,AGL,CE,Federal Contract Tower,0,8,11,0,19,0,2,105,1,108,0,10,116,1,127,72,0,72,199
08/11/2013,OSU,OH,AGL,CE,Federal Contract Tower,0,6,26,0,32,0,10,86,0,96,0,16,112,0,128,32,0,32,160
08/12/2013,OSU,OH,AGL,CE,Federal Contract Tower,0,10,25,0,35,0,53,115,0,168,0,63,140,0,203,88,0,88,291
08/13/2013,OSU,OH,AGL,CE,Federal Contract Tower,0,13,33,1,47,0,24,74,0,98,0,37,107,1,145,24,10,34,179
08/14/2013,OSU,OH,AGL,CE,Federal Contract Tower,0,16,30,2,48,0,38,104,0,142,0,54,134,2,190,182,0,182,372
08/15/2013,OSU,OH,AGL,CE,Federal Contract Tower,0,11,31,0,42,0,51,127,0,178,0,62,158,0,220,114,0,114,334
08/16/2013,OSU,OH,AGL,CE,Federal Contract Tower,0,10,32,0,42,0,29,97,0,126,0,39,129,0,168,66,0,66,234
08/17/2013,OSU,OH,AGL,CE,Federal Contract Tower,0,7,16,0,23,0,15,70,0,85,0,22,86,0,108,28,0,28,136
08/18/2013,OSU,OH,AGL,CE,Federal Contract Tower,0,0,25,0,25,0,2,65,0,67,0,2,90,0,92,12,0,12,104
08/19/2013,OSU,OH,AGL,CE,Federal Contract Tower,0,12,25,0,37,0,27,105,0,132,0,39,130,0,169,106,0,106,275
08/20/2013,OSU,OH,AGL,CE,Federal Contract Tower,0,17,32,0,49,0,44,112,0,156,0,61,144,0,205,54,0,54,259
08/21/2013,OSU,OH,AGL,CE,Federal Contract Tower,0,10,28,0,38,0,19,87,0,106,0,29,115,0,144,24,0,24,168
08/22/2013,OSU,OH,AGL,CE,Federal Contract Tower,0,6,18,1,25,0,44,94,0,138,0,50,112,1,163,166,0,166,329
08/23/2013,OSU,OH,AGL,CE,Federal Contract Tower,0,11,40,0,51,0,52,109,0,161,0,63,149,0,212,130,0,130,342
08/24/2013,OSU,OH,AGL,CE,Federal Contract Tower,0,5,22,0,27,0,8,114,0,122,0,13,136,0,149,42,0,42,191
08/25/2013,OSU,OH,AGL,CE,Federal Contract Tower,0,3,14,0,17,0,6,94,0,100,0,9,108,0,117,66,0,66,183
08/26/2013,OSU,OH,AGL,CE,Federal Contract Tower,0,8,24,0,32,0,54,95,0,149,0,62,119,0,181,92,0,92,273
08/27/2013,OSU,OH,AGL,CE,Federal Contract Tower,0,7,17,0,24,0,41,96,0,137,0,48,113,0,161,130,2,132,293
08/28/2013,OSU,OH,AGL,CE,Federal Contract Tower,0,13,32,0,45,0,56,82,0,138,0,69,114,0,183,74,0,74,257
08/29/2013,OSU,OH,AGL,CE,Federal Contract Tower,0,15,35,0,50,0,0,5,62,67,0,15,40,62,117,48,0,48,165
08/30/2013,OSU,OH,AGL,CE,Federal Contract Tower,0,9,40,0,49,0,53,119,0,172,0,62,159,0,221,88,0,88,309
08/31/2013,OSU,OH,AGL,CE,Federal Contract Tower,0,13,17,0,30,0,12,65,0,77,0,25,82,0,107,6,0,6,113
09/01/2013,OSU,OH,AGL,CE,Federal Contract Tower,0,4,13,0,17,0,5,65,0,70,0,9,78,0,87,98,0,98,185
09/02/2013,OSU,OH,AGL,CE,Federal Contract Tower,0,5,25,0,30,0,0,74,0,74,0,5,99,0,104,18,0,18,122
09/03/2013,OSU,OH,AGL,CE,Federal Contract Tower,0,13,25,0,38,0,21,80,0,101,0,34,105,0,139,108,0,108,247
09/04/2013,OSU,OH,AGL,CE,Federal Contract Tower,0,10,19,0,29,0,70,124,0,194,0,80,143,0,223,120,0,120,343
09/05/2013,OSU,OH,AGL,CE,Federal Contract Tower,0,7,25,1,33,0,38,92,4,134,0,45,117,5,167,60,0,60,227
09/06/2013,OSU,OH,AGL,CE,Federal Contract Tower,0,7,20,0,27,0,50,103,0,153,0,57,123,0,180,142,0,142,322
09/07/2013,OSU,OH,AGL,CE,Federal Contract Tower,0,11,20,0,31,0,8,103,0,111,0,19,123,0,142,74,0,74,216
09/08/2013,OSU,OH,AGL,CE,Federal Contract Tower,0,3,21,0,24,0,14,95,0,109,0,17,116,0,133,50,0,50,183
09/09/2013,OSU,OH,AGL,CE,Federal Contract Tower,0,9,26,2,37,0,57,76,0,133,0,66,102,2,170,200,0,200,370
09/10/2013,OSU,OH,AGL,CE,Federal Contract Tower,0,13,38,0,51,0,57,80,0,137,0,70,118,0,188,82,0,82,270
09/11/2013,OSU,OH,AGL,CE,Federal Contract Tower,0,11,36,0,47,0,20,55,0,75,0,31,91,0,122,46,0,46,168
09/12/2013,OSU,OH,AGL,CE,Federal Contract Tower,0,13,41,1,55,0,3,26,0,29,0,16,67,1,84,6,0,6,90
09/13/2013,OSU,OH,AGL,CE,Federal Contract Tower,0,6,25,0,31,0,21,104,0,125,0,27,129,0,156,22,0,22,178
09/14/2013,OSU,OH,AGL,CE,Federal Contract Tower,0,8,22,0,30,0,14,74,1,89,0,22,96,1,119,58,0,58,177
09/15/2013,OSU,OH,AGL,CE,Federal Contract Tower,0,4,21,0,25,0,8,64,0,72,0,12,85,0,97,24,0,24,121
09/16/2013,OSU,OH,AGL,CE,Federal Contract Tower,0,10,35,0,45,0,31,59,0,90,0,41,94,0,135,58,0,58,193
09/17/2013,OSU,OH,AGL,CE,Federal Contract Tower,0,8,28,0,36,0,75,110,0,185,0,83,138,0,221,272,0,272,493
09/18/2013,OSU,OH,AGL,CE,Federal Contract Tower,0,11,23,0,34,0,51,95,0,146,0,62,118,0,180,292,0,292,472
09/19/2013,OSU,OH,AGL,CE,Federal Contract Tower,0,12,39,0,51,0,0,9,0,9,0,12,48,0,60,4,0,4,64
09/20/2013,OSU,OH,AGL,CE,Federal Contract Tower,0,17,26,0,43,0,22,40,0,62,0,39,66,0,105,56,0,56,161
09/21/2013,OSU,OH,AGL,CE,Federal Contract Tower,0,6,14,0,20,0,0,36,0,36,0,6,50,0,56,20,0,20,76
09/22/2013,OSU,OH,AGL,CE,Federal Contract Tower,0,3,36,0,39,0,20,90,0,110,0,23,126,0,149,98,0,98,247
09/23/2013,OSU,OH,AGL,CE,Federal Contract Tower,0,8,24,0,32,0,75,93,0,168,0,83,117,0,200,130,0,130,330
09/24/2013,OSU,OH,AGL,CE,Federal Contract Tower,0,12,27,1,40,0,83,79,4,166,0,95,106,5,206,218,0,218,424
09/25/2013,OSU,OH,AGL,CE,Federal Contract Tower,0,13,43,0,56,0,50,116,2,168,0,63,159,2,224,138,0,138,362
09/26/2013,OSU,OH,AGL,CE,Federal Contract Tower,0,13,46,0,59,0,42,121,0,163,0,55,167,0,222,162,0,162,384
09/27/2013,OSU,OH,AGL,CE,Federal Contract Tower,0,6,31,4,41,0,54,113,0,167,0,60,144,4,208,214,0,214,422
09/28/2013,OSU,OH,AGL,CE,Federal Contract Tower,0,17,31,0,48,0,43,84,0,127,0,60,115,0,175,134,0,134,309
09/29/2013,OSU,OH,AGL,CE,Federal Contract Tower,0,3,30,0,33,0,5,57,0,62,0,8,87,0,95,30,0,30,125
09/30/2013,OSU,OH,AGL,CE,Federal Contract Tower,0,21,28,0,49,0,17,52,0,69,0,38,80,0,118,50,0,50,168
10/01/2013,OSU,OH,AGL,CE,Federal Contract Tower,0,19,26,0,45,0,42,95,0,137,0,61,121,0,182,198,0,198,380
10/02/2013,OSU,OH,AGL,CE,Federal Contract Tower,0,17,32,0,49,0,29,84,0,113,0,46,116,0,162,148,0,148,310
10/03/2013,OSU,OH,AGL,CE,Federal Contract Tower,0,18,49,0,67,0,4,41,0,45,0,22,90,0,112,48,0,48,160
10/04/2013,OSU,OH,AGL,CE,Federal Contract Tower,0,15,47,0,62,0,33,60,0,93,0,48,107,0,155,74,0,74,229
10/05/2013,OSU,OH,AGL,CE,Federal Contract Tower,0,5,35,0,40,0,20,38,0,58,0,25,73,0,98,122,0,122,220
10/06/2013,OSU,OH,AGL,CE,Federal Contract Tower,0,15,31,0,46,0,0,18,0,18,0,15,49,0,64,0,0,0,64
10/07/2013,OSU,OH,AGL,CE,Federal Contract Tower,0,19,33,0,52,0,38,81,0,119,0,57,114,0,171,46,0,46,217
10/08/2013,OSU,OH,AGL,CE,Federal Contract Tower,0,7,26,0,33,0,60,99,0,159,0,67,125,0,192,168,0,168,360
10/09/2013,OSU,OH,AGL,CE,Federal Contract Tower,0,13,30,0,43,0,75,106,0,181,0,88,136,0,224,186,0,186,410
10/10/2013,OSU,OH,AGL,CE,Federal Contract Tower,0,8,34,0,42,0,56,99,0,155,0,64,133,0,197,172,0,172,369
10/11/2013,OSU,OH,AGL,CE,Federal Contract Tower,0,9,37,0,46,0,36,98,0,134,0,45,135,0,180,138,0,138,318
10/12/2013,OSU,OH,AGL,CE,Federal Contract Tower,0,2,18,0,20,0,9,80,4,93,0,11,98,4,113,44,0,44,157
10/13/2013,OSU,OH,AGL,CE,Federal Contract Tower,0,3,21,0,24,0,0,58,0,58,0,3,79,0,82,12,0,12,94
10/14/2013,OSU,OH,AGL,CE,Federal Contract Tower,0,15,29,0,44,0,17,101,0,118,0,32,130,0,162,26,0,26,188
10/15/2013,OSU,OH,AGL,CE,Federal Contract Tower,0,10,30,0,40,0,1,8,0,9,0,11,38,0,49,8,0,8,57
10/16/2013,OSU,OH,AGL,CE,Federal Contract Tower,0,7,26,0,33,0,0,9,0,9,0,7,35,0,42,20,0,20,62
10/17/2013,OSU,OH,AGL,CE,Federal Contract Tower,0,11,35,0,46,0,19,52,0,71,0,30,87,0,117,108,0,108,225
10/18/2013,OSU,OH,AGL,CE,Federal Contract Tower,0,16,24,0,40,0,16,87,0,103,0,32,111,0,143,106,0,106,249
10/19/2013,OSU,OH,AGL,CE,Federal Contract Tower,0,14,39,0,53,0,0,11,0,11,0,14,50,0,64,0,0,0,64
10/20/2013,OSU,OH,AGL,CE,Federal Contract Tower,0,1,27,0,28,0,6,94,0,100,0,7,121,0,128,14,0,14,142
10/21/2013,OSU,OH,AGL,CE,Federal Contract Tower,0,8,28,0,36,0,42,63,0,105,0,50,91,0,141,154,0,154,295
10/22/2013,OSU,OH,AGL,CE,Federal Contract Tower,0,7,16,0,23,0,40,76,4,120,0,47,92,4,143,176,0,176,319
10/23/2013,OSU,OH,AGL,CE,Federal Contract Tower,0,6,20,0,26,0,0,10,0,10,0,6,30,0,36,0,0,0,36
10/24/2013,OSU,OH,AGL,CE,Federal Contract Tower,0,10,32,0,42,0,15,60,2,77,0,25,92,2,119,93,0,93,212
10/25/2013,OSU,OH,AGL,CE,Federal Contract Tower,0,17,38,1,56,0,30,73,1,104,0,47,111,2,160,56,0,56,216
10/26/2013,OSU,OH,AGL,CE,Federal Contract Tower,0,16,37,0,53,0,0,45,0,45,0,16,82,0,98,0,0,0,98
10/27/2013,OSU,OH,AGL,CE,Federal Contract Tower,0,5,36,0,41,0,23,89,0,112,0,28,125,0,153,22,0,22,175
10/28/2013,OSU,OH,AGL,CE,Federal Contract Tower,0,12,23,0,35,0,36,89,0,125,0,48,112,0,160,110,0,110,270
10/29/2013,OSU,OH,AGL,CE,Federal Contract Tower,0,16,33,0,49,0,54,96,0,150,0,70,129,0,199,160,0,160,359
10/30/2013,OSU,OH,AGL,CE,Federal Contract Tower,0,13,55,0,68,0,9,50,0,59,0,22,105,0,127,76,0,76,203
10/31/2013,OSU,OH,AGL,CE,Federal Contract Tower,0,6,16,0,22,0,1,11,0,12,0,7,27,0,34,40,0,40,74
11/01/2013,OSU,OH,AGL,CE,Federal Contract Tower,0,9,22,1,32,0,19,63,0,82,0,28,85,1,114,34,0,34,148
11/02/2013,OSU,OH,AGL,CE,Federal Contract Tower,0,3,16,0,19,0,2,62,0,64,0,5,78,0,83,26,0,26,109
11/03/2013,OSU,OH,AGL,CE,Federal Contract Tower,0,5,16,0,21,0,21,104,0,125,0,26,120,0,146,68,0,68,214
11/04/2013,OSU,OH,AGL,CE,Federal Contract Tower,0,5,20,0,25,0,56,111,0,167,0,61,131,0,192,108,0,108,300
11/05/2013,OSU,OH,AGL,CE,Federal Contract Tower,0,13,20,0,33,0,41,78,0,119,0,54,98,0,152,140,0,140,292
11/06/2013,OSU,OH,AGL,CE,Federal Contract Tower,0,12,33,0,45,0,12,34,1,47,0,24,67,1,92,14,0,14,106
11/07/2013,OSU,OH,AGL,CE,Federal Contract Tower,0,6,35,0,41,0,12,55,0,67,0,18,90,0,108,48,0,48,156
11/08/2013,OSU,OH,AGL,CE,Federal Contract Tower,0,9,32,2,43,0,7,73,0,80,0,16,105,2,123,30,0,30,153
11/09/2013,OSU,OH,AGL,CE,Federal Contract Tower,0,2,8,0,10,0,4,52,0,56,0,6,60,0,66,18,0,18,84
11/10/2013,OSU,OH,AGL,CE,Federal Contract Tower,0,0,10,0,10,0,7,37,0,44,0,7,47,0,54,14,0,14,68
11/11/2013,OSU,OH,AGL,CE,Federal Contract Tower,0,4,19,0,23,0,7,52,0,59,0,11,71,0,82,4,0,4,86
11/12/2013,OSU,OH,AGL,CE,Federal Contract Tower,0,6,27,0,33,0,20,51,0,71,0,26,78,0,104,40,0,40,144
11/13/2013,OSU,OH,AGL,CE,Federal Contract Tower,0,10,22,0,32,0,45,75,0,120,0,55,97,0,152,146,2,148,300
11/14/2013,OSU,OH,AGL,CE,Federal Contract Tower,0,8,26,0,34,0,50,78,0,128,0,58,104,0,162,54,0,54,216
11/15/2013,OSU,OH,AGL,CE,Federal Contract Tower,0,4,38,0,42,0,25,64,1,90,0,29,102,1,132,16,0,16,148
11/16/2013,OSU,OH,AGL,CE,Federal Contract Tower,0,7,22,0,29,0,2,52,0,54,0,9,74,0,83,28,0,28,111
11/17/2013,OSU,OH,AGL,CE,Federal Contract Tower,0,0,11,0,11,0,0,0,0,0,0,0,11,0,11,0,0,0,11
11/18/2013,OSU,OH,AGL,CE,Federal Contract Tower,0,2,14,0,16,0,4,40,0,44,0,6,54,0,60,14,0,14,74
11/19/2013,OSU,OH,AGL,CE,Federal Contract Tower,0,12,19,0,31,0,26,146,0,172,0,38,165,0,203,140,0,140,343
11/20/2013,OSU,OH,AGL,CE,Federal Contract Tower,0,10,22,0,32,0,41,98,0,139,0,51,120,0,171,116,0,116,287
11/21/2013,OSU,OH,AGL,CE,Federal Contract Tower,0,10,18,1,29,0,15,52,0,67,0,25,70,1,96,104,0,104,200
11/22/2013,OSU,OH,AGL,CE,Federal Contract Tower,0,7,18,0,25,0,0,5,0,5,0,7,23,0,30,0,0,0,30
11/23/2013,OSU,OH,AGL,CE,Federal Contract Tower,0,7,12,0,19,0,8,34,0,42,0,15,46,0,61,0,0,0,61
11/24/2013,OSU,OH,AGL,CE,Federal Contract Tower,0,2,11,0,13,0,19,69,0,88,0,21,80,0,101,22,0,22,123
11/25/2013,OSU,OH,AGL,CE,Federal Contract Tower,0,4,25,0,29,0,4,101,0,105,0,8,126,0,134,48,0,48,182
11/26/2013,OSU,OH,AGL,CE,Federal Contract Tower,0,3,13,0,16,0,0,0,0,0,0,3,13,0,16,0,0,0,16
11/27/2013,OSU,OH,AGL,CE,Federal Contract Tower,0,6,20,0,26,0,0,39,0,39,0,6,59,0,65,12,0,12,77
11/28/2013,OSU,OH,AGL,CE,Federal Contract Tower,0,5,8,0,13,0,0,31,0,31,0,5,39,0,44,0,0,0,44
11/29/2013,OSU,OH,AGL,CE,Federal Contract Tower,0,9,13,0,22,0,0,58,0,58,0,9,71,0,80,8,0,8,88
11/30/2013,OSU,OH,AGL,CE,Federal Contract Tower,0,3,15,0,18,0,7,59,0,66,0,10,74,0,84,42,0,42,126
12/01/2013,OSU,OH,AGL,CE,Federal Contract Tower,0,1,25,0,26,0,0,88,0,88,0,1,113,0,114,18,0,18,132
12/02/2013,OSU,OH,AGL,CE,Federal Contract Tower,0,10,25,0,35,0,11,40,0,51,0,21,65,0,86,30,0,30,116
12/03/2013,OSU,OH,AGL,CE,Federal Contract Tower,0,13,22,0,35,0,20,58,0,78,0,33,80,0,113,100,0,100,213
12/04/2013,OSU,OH,AGL,CE,Federal Contract Tower,0,14,17,2,33,0,21,63,0,84,0,35,80,2,117,70,0,70,187
12/05/2013,OSU,OH,AGL,CE,Federal Contract Tower,0,4,17,0,21,0,6,25,0,31,0,10,42,0,52,24,0,24,76
12/06/2013,OSU,OH,AGL,CE,Federal Contract Tower,0,0,5,0,5,0,0,0,0,0,0,0,5,0,5,0,0,0,5
12/07/2013,OSU,OH,AGL,CE,Federal Contract Tower,0,7,14,0,21,0,0,100,0,100,0,7,114,0,121,60,0,60,181
12/08/2013,OSU,OH,AGL,CE,Federal Contract Tower,0,0,8,0,8,0,0,8,0,8,0,0,16,0,16,18,0,18,34
12/09/2013,OSU,OH,AGL,CE,Federal Contract Tower,0,5,15,0,20,0,2,24,0,26,0,7,39,0,46,8,0,8,54
12/10/2013,OSU,OH,AGL,CE,Federal Contract Tower,0,2,33,0,35,0,12,35,0,47,0,14,68,0,82,12,0,12,94
12/11/2013,OSU,OH,AGL,CE,Federal Contract Tower,0,6,25,0,31,0,30,50,0,80,0,36,75,0,111,6,0,6,117
12/12/2013,OSU,OH,AGL,CE,Federal Contract Tower,0,14,16,0,30,0,35,89,0,124,0,49,105,0,154,94,0,94,248
12/13/2013,OSU,OH,AGL,CE,Federal Contract Tower,0,10,24,0,34,0,12,126,0,138,0,22,150,0,172,42,0,42,214
12/14/2013,OSU,OH,AGL,CE,Federal Contract Tower,0,0,3,0,3,0,0,0,0,0,0,0,3,0,3,0,0,0,3
12/15/2013,OSU,OH,AGL,CE,Federal Contract Tower,0,4,9,0,13,0,0,20,0,20,0,4,29,0,33,0,0,0,33
12/16/2013,OSU,OH,AGL,CE,Federal Contract Tower,0,6,24,0,30,0,0,10,0,10,0,6,34,0,40,22,0,22,62
12/17/2013,OSU,OH,AGL,CE,Federal Contract Tower,0,8,19,0,27,0,0,14,0,14,0,8,33,0,41,22,12,34,75
12/18/2013,OSU,OH,AGL,CE,Federal Contract Tower,0,9,34,1,44,0,57,75,4,136,0,66,109,5,180,70,0,70,250
12/19/2013,OSU,OH,AGL,CE,Federal Contract Tower,0,5,34,3,42,0,0,91,1,92,0,5,125,4,134,0,0,0,134
12/20/2013,OSU,OH,AGL,CE,Federal Contract Tower,0,7,29,0,36,0,0,21,0,21,0,7,50,0,57,6,0,6,63
12/21/2013,OSU,OH,AGL,CE,Federal Contract Tower,0,6,5,0,11,0,0,0,0,0,0,6,5,0,11,12,0,12,23
12/22/2013,OSU,OH,AGL,CE,Federal Contract Tower,0,0,7,0,7,0,0,29,0,29,0,0,36,0,36,6,0,6,42
12/23/2013,OSU,OH,AGL,CE,Federal Contract Tower,0,3,11,0,14,0,0,45,0,45,0,3,56,0,59,50,0,50,109
12/24/2013,OSU,OH,AGL,CE,Federal Contract Tower,0,7,4,0,11,0,2,43,0,45,0,9,47,0,56,8,0,8,64
12/25/2013,OSU,OH,AGL,CE,Federal Contract Tower,0,2,6,0,8,0,0,11,0,11,0,2,17,0,19,0,0,0,19
12/26/2013,OSU,OH,AGL,CE,Federal Contract Tower,0,3,13,2,18,0,3,40,0,43,0,6,53,2,61,2,0,2,63
12/27/2013,OSU,OH,AGL,CE,Federal Contract Tower,0,7,11,0,18,0,0,80,0,80,0,7,91,0,98,38,0,38,136
12/28/2013,OSU,OH,AGL,CE,Federal Contract Tower,0,4,15,0,19,0,1,85,0,86,0,5,100,0,105,6,0,6,111
12/29/2013,OSU,OH,AGL,CE,Federal Contract Tower,0,0,10,0,10,0,0,7,0,7,0,0,17,0,17,0,0,0,17
12/30/2013,OSU,OH,AGL,CE,Federal Contract Tower,0,8,5,0,13,0,2,22,0,24,0,10,27,0,37,30,0,30,67
12/31/2013,OSU,OH,AGL,CE,Federal Contract Tower,0,5,11,0,16,0,2,34,0,36,0,7,45,0,52,6,0,6,58
01/01/2014,OSU,OH,AGL,CE,Federal Contract Tower,0,3,9,0,12,0,0,47,0,47,0,3,56,0,59,30,0,30,89
01/02/2014,OSU,OH,AGL,CE,Federal Contract Tower,0,2,0,0,2,0,0,0,0,0,0,2,0,0,2,0,0,0,2
01/03/2014,OSU,OH,AGL,CE,Federal Contract Tower,0,11,18,0,29,0,7,52,0,59,0,18,70,0,88,48,0,48,136
01/04/2014,OSU,OH,AGL,CE,Federal Contract Tower,0,4,13,0,17,0,0,38,0,38,0,4,51,0,55,6,0,6,61
01/05/2014,OSU,OH,AGL,CE,Federal Contract Tower,0,2,7,0,9,0,0,6,0,6,0,2,13,0,15,6,0,6,21
01/06/2014,OSU,OH,AGL,CE,Federal Contract Tower,0,2,6,0,8,0,0,4,0,4,0,2,10,0,12,0,0,0,12
01/07/2014,OSU,OH,AGL,CE,Federal Contract Tower,0,5,8,0,13,0,0,9,0,9,0,5,17,0,22,0,0,0,22
01/08/2014,OSU,OH,AGL,CE,Federal Contract Tower,0,4,10,0,14,0,14,39,4,57,0,18,49,4,71,36,4,40,111
01/09/2014,OSU,OH,AGL,CE,Federal Contract Tower,0,11,16,0,27,0,35,47,0,82,0,46,63,0,109,74,0,74,183
01/10/2014,OSU,OH,AGL,CE,Federal Contract Tower,0,7,21,0,28,0,0,0,0,0,0,7,21,0,28,0,0,0,28
01/11/2014,OSU,OH,AGL,CE,Federal Contract Tower,0,2,5,0,7,0,0,1,0,1,0,2,6,0,8,0,0,0,8
01/12/2014,OSU,OH,AGL,CE,Federal Contract Tower,0,2,11,0,13,0,0,77,0,77,0,2,88,0,90,6,0,6,96
01/13/2014,OSU,OH,AGL,CE,Federal Contract Tower,0,4,21,0,25,0,6,24,0,30,0,10,45,0,55,20,0,20,75
01/14/2014,OSU,OH,AGL,CE,Federal Contract Tower,0,13,12,0,25,0,29,65,2,96,0,42,77,2,121,46,0,46,167
01/15/2014,OSU,OH,AGL,CE,Federal Contract Tower,0,8,9,0,17,0,18,35,0,53,0,26,44,0,70,56,0,56,126
01/16/2014,OSU,OH,AGL,CE,Federal Contract Tower,0,16,23,2,41,0,18,23,0,41,0,34,46,2,82,28,0,28,110
01/17/2014,OSU,OH,AGL,CE,Federal Contract Tower,0,4,8,0,12,0,0,4,0,4,0,4,12,0,16,8,0,8,24
01/18/2014,OSU,OH,AGL,CE,Federal Contract Tower,0,2,7,0,9,0,4,29,0,33,0,6,36,0,42,34,0,34,76
01/19/2014,OSU,OH,AGL,CE,Federal Contract Tower,0,2,4,0,6,0,3,26,0,29,0,5,30,0,35,6,0,6,41
01/20/2014,OSU,OH,AGL,CE,Federal Contract Tower,0,4,19,0,23,0,0,56,0,56,0,4,75,0,79,78,0,78,157
01/21/2014,OSU,OH,AGL,CE,Federal Contract Tower,0,2,9,0,11,0,0,21,0,21,0,2,30,0,32,22,0,22,54
01/22/2014,OSU,OH,AGL,CE,Federal Contract Tower,0,10,21,0,31,0,28,80,0,108,0,38,101,0,139,134,0,134,273
01/23/2014,OSU,OH,AGL,CE,Federal Contract Tower,0,12,20,0,32,0,23,53,0,76,0,35,73,0,108,72,0,72,180
01/24/2014,OSU,OH,AGL,CE,Federal Contract Tower,0,11,19,0,30,0,0,74,0,74,0,11,93,0,104,50,0,50,154
01/25/2014,OSU,OH,AGL,CE,Federal Contract Tower,0,2,7,0,9,0,0,1,0,1,0,2,8,0,10,0,0,0,10
01/26/2014,OSU,OH,AGL,CE,Federal Contract Tower,0,0,9,0,9,0,5,12,0,17,0,5,21,0,26,0,0,0,26
01/27/2014,OSU,OH,AGL,CE,Federal Contract Tower,0,2,14,0,16,0,19,15,0,34,0,21,29,0,50,38,0,38,88
01/28/2014,OSU,OH,AGL,CE,Federal Contract Tower,0,4,11,0,15,0,0,25,0,25,0,4,36,0,40,0,0,0,40
01/29/2014,OSU,OH,AGL,CE,Federal Contract Tower,0,7,18,0,25,0,52,95,2,149,0,59,113,2,174,52,0,52,226
01/30/2014,OSU,OH,AGL,CE,Federal Contract Tower,0,11,13,0,24,0,54,114,0,168,0,65,127,0,192,82,0,82,274
01/31/2014,OSU,OH,AGL,CE,Federal Contract Tower,0,7,15,0,22,0,32,36,0,68,0,39,51,0,90,84,0,84,174
02/01/2014,OSU,OH,AGL,CE,Federal Contract Tower,0,2,3,0,5,0,18,66,0,84,0,20,69,0,89,52,0,52,141
02/02/2014,OSU,OH,AGL,CE,Federal Contract Tower,0,4,9,0,13,0,0,0,0,0,0,4,9,0,13,0,0,0,13
02/03/2014,OSU,OH,AGL,CE,Federal Contract Tower,0,6,13,0,19,0,28,62,0,90,0,34,75,0,109,50,0,50,159
02/04/2014,OSU,OH,AGL,CE,Federal Contract Tower,0,10,11,0,21,0,59,64,1,124,0,69,75,1,145,132,0,132,277
02/05/2014,OSU,OH,AGL,CE,Federal Contract Tower,0,3,9,0,12,0,0,4,0,4,0,3,13,0,16,0,0,0,16
02/06/2014,OSU,OH,AGL,CE,Federal Contract Tower,0,14,27,0,41,0,24,63,0,87,0,38,90,0,128,68,0,68,196
02/07/2014,OSU,OH,AGL,CE,Federal Contract Tower,0,5,29,0,34,0,55,116,0,171,0,60,145,0,205,90,0,90,295
02/08/2014,OSU,OH,AGL,CE,Federal Contract Tower,0,1,12,0,13,0,14,69,0,83,0,15,81,0,96,72,0,72,168
02/09/2014,OSU,OH,AGL,CE,Federal Contract Tower,0,0,7,0,7,0,0,0,0,0,0,0,7,0,7,0,0,0,7
02/10/2014,OSU,OH,AGL,CE,Federal Contract Tower,0,9,21,0,30,0,35,90,0,125,0,44,111,0,155,76,0,76,231
02/11/2014,OSU,OH,AGL,CE,Federal Contract Tower,0,6,27,0,33,0,47,80,0,127,0,53,107,0,160,82,0,82,242
02/12/2014,OSU,OH,AGL,CE,Federal Contract Tower,0,8,20,2,30,0,56,117,1,174,0,64,137,3,204,182,0,182,386
02/13/2014,OSU,OH,AGL,CE,Federal Contract Tower,0,10,10,1,21,0,44,106,3,153,0,54,116,4,174,144,0,144,318
02/14/2014,OSU,OH,AGL,CE,Federal Contract Tower,0,6,5,0,11,0,0,31,7,38,0,6,36,7,49,16,0,16,65
02/15/2014,OSU,OH,AGL,CE,Federal Contract Tower,0,2,8,0,10,0,14,42,0,56,0,16,50,0,66,14,0,14,80
02/16/2014,OSU,OH,AGL,CE,Federal Contract Tower,0,0,1,0,1,0,0,16,0,16,0,0,17,0,17,0,0,0,17
02/17/2014,OSU,OH,AGL,CE,Federal Contract Tower,0,3,11,0,14,0,33,30,0,63,0,36,41,0,77,52,0,52,129
02/18/2014,OSU,OH,AGL,CE,Federal Contract Tower,0,13,23,0,36,0,49,99,0,148,0,62,122,0,184,52,0,52,236
02/19/2014,OSU,OH,AGL,CE,Federal Contract Tower,0,13,30,0,43,0,33,98,0,131,0,46,128,0,174,66,0,66,240
02/20/2014,OSU,OH,AGL,CE,Federal Contract Tower,0,6,7,0,13,0,7,35,0,42,0,13,42,0,55,34,0,34,89
02/21/2014,OSU,OH,AGL,CE,Federal Contract Tower,0,8,13,0,21,0,2,45,0,47,0,10,58,0,68,24,0,24,92
02/22/2014,OSU,OH,AGL,CE,Federal Contract Tower,0,2,15,0,17,0,28,133,0,161,0,30,148,0,178,78,0,78,256
02/23/2014,OSU,OH,AGL,CE,Federal Contract Tower,0,1,4,0,5,0,0,63,0,63,0,1,67,0,68,18,0,18,86
02/24/2014,OSU,OH,AGL,CE,Federal Contract Tower,0,11,16,0,27,0,41,69,0,110,0,52,85,0,137,66,0,66,203
02/25/2014,OSU,OH,AGL,CE,Federal Contract Tower,0,4,21,0,25,0,34,57,0,91,0,38,78,0,116,152,0,152,268
02/26/2014,OSU,OH,AGL,CE,Federal Contract Tower,0,9,31,0,40,0,48,62,0,110,0,57,93,0,150,102,0,102,252
02/27/2014,OSU,OH,AGL,CE,Federal Contract Tower,0,5,10,0,15,0,10,33,0,43,0,15,43,0,58,24,0,24,82
02/28/2014,OSU,OH,AGL,CE,Federal Contract Tower,0,9,27,0,36,0,59,79,0,138,0,68,106,0,174,174,0,174,348
03/01/2014,OSU,OH,AGL,CE,Federal Contract Tower,0,4,14,0,18,0,21,87,0,108,0,25,101,0,126,30,0,30,156
03/02/2014,OSU,OH,AGL,CE,Federal Contract Tower,0,0,4,0,4,0,0,3,0,3,0,0,7,0,7,0,0,0,7
03/03/2014,OSU,OH,AGL,CE,Federal Contract Tower,0,7,9,0,16,0,37,57,0,94,0,44,66,0,110,76,0,76,186
03/04/2014,OSU,OH,AGL,CE,Federal Contract Tower,0,9,37,0,46,0,71,80,0,151,0,80,117,0,197,244,0,244,441
03/05/2014,OSU,OH,AGL,CE,Federal Contract Tower,0,5,23,0,28,0,44,55,0,99,0,49,78,0,127,112,0,112,239
03/06/2014,OSU,OH,AGL,CE,Federal Contract Tower,0,6,26,0,32,0,56,108,0,164,0,62,134,0,196,184,0,184,380
03/07/2014,OSU,OH,AGL,CE,Federal Contract Tower,0,10,24,0,34,0,59,95,1,155,0,69,119,1,189,136,0,136,325
03/08/2014,OSU,OH,AGL,CE,Federal Contract Tower,0,4,24,0,28,0,10,47,0,57,0,14,71,0,85,44,0,44,129
03/09/2014,OSU,OH,AGL,CE,Federal Contract Tower,0,4,15,0,19,0,8,97,0,105,0,12,112,0,124,34,0,34,158
03/10/2014,OSU,OH,AGL,CE,Federal Contract Tower,0,9,14,0,23,0,8,56,0,64,0,17,70,0,87,46,0,46,133
03/11/2014,OSU,OH,AGL,CE,Federal Contract Tower,0,7,14,1,22,0,27,97,1,125,0,34,111,2,147,88,0,88,235
03/12/2014,OSU,OH,AGL,CE,Federal Contract Tower,0,3,4,0,7,0,0,2,0,2,0,3,6,0,9,0,0,0,9
03/13/2014,OSU,OH,AGL,CE,Federal Contract Tower,0,8,22,0,30,0,28,77,0,105,0,36,99,0,135,48,0,48,183
03/14/2014,OSU,OH,AGL,CE,Federal Contract Tower,0,7,19,0,26,0,0,30,4,34,0,7,49,4,60,28,0,28,88
03/15/2014,OSU,OH,AGL,CE,Federal Contract Tower,0,3,9,0,12,0,18,86,4,108,0,21,95,4,120,46,0,46,166
03/16/2014,OSU,OH,AGL,CE,Federal Contract Tower,0,3,7,0,10,0,3,26,0,29,0,6,33,0,39,20,0,20,59
03/17/2014,OSU,OH,AGL,CE,Federal Contract Tower,0,9,15,0,24,0,35,83,0,118,0,44,98,0,142,142,0,142,284
03/18/2014,OSU,OH,AGL,CE,Federal Contract Tower,0,13,28,1,42,0,47,109,0,156,0,60,137,1,198,140,0,140,338
03/19/2014,OSU,OH,AGL,CE,Federal Contract Tower,0,9,28,1,38,0,0,8,2,10,0,9,36,3,48,0,0,0,48
03/20/2014,OSU,OH,AGL,CE,Federal Contract Tower,0,5,29,0,34,0,20,49,5,74,0,25,78,5,108,124,0,124,232
03/21/2014,OSU,OH,AGL,CE,Federal Contract Tower,0,12,22,0,34,0,56,98,0,154,0,68,120,0,188,196,0,196,384
03/22/2014,OSU,OH,AGL,CE,Federal Contract Tower,0,6,15,0,21,0,0,49,0,49,0,6,64,0,70,26,0,26,96
03/23/2014,OSU,OH,AGL,CE,Federal Contract Tower,0,3,7,0,10,0,15,50,0,65,0,18,57,0,75,0,0,0,75
03/24/2014,OSU,OH,AGL,CE,Federal Contract Tower,0,10,21,0,31,0,45,93,0,138,0,55,114,0,169,178,0,178,347
03/25/2014,OSU,OH,AGL,CE,Federal Contract Tower,0,7,15,0,22,0,28,18,0,46,0,35,33,0,68,84,0,84,152
03/26/2014,OSU,OH,AGL,CE,Federal Contract Tower,0,7,20,0,27,0,60,74,0,134,0,67,94,0,161,108,0,108,269
03/27/2014,OSU,OH,AGL,CE,Federal Contract Tower,0,5,13,0,18,0,4,51,0,55,0,9,64,0,73,16,0,16,89
03/28/2014,OSU,OH,AGL,CE,Federal Contract Tower,0,4,18,0,22,0,2,36,0,38,0,6,54,0,60,32,0,32,92
03/29/2014,OSU,OH,AGL,CE,Federal Contract Tower,0,6,0,0,6,0,0,0,0,0,0,6,0,0,6,16,0,16,22
03/30/2014,OSU,OH,AGL,CE,Federal Contract Tower,0,5,17,0,22,0,30,75,0,105,0,35,92,0,127,32,0,32,159
03/31/2014,OSU,OH,AGL,CE,Federal Contract Tower,0,9,12,0,21,0,80,119,0,199,0,89,131,0,220,117,0,117,337
04/01/2014,OSU,OH,AGL,CE,Federal Contract Tower,0,13,23,0,36,0,18,36,0,54,0,31,59,0,90,100,0,100,190
04/02/2014,OSU,OH,AGL,CE,Federal Contract Tower,0,7,26,0,33,0,53,37,0,90,0,60,63,0,123,150,0,150,273
04/03/2014,OSU,OH,AGL,CE,Federal Contract Tower,0,4,22,0,26,0,0,0,0,0,0,4,22,0,26,0,0,0,26
04/04/2014,OSU,OH,AGL,CE,Federal Contract Tower,0,7,15,0,22,0,0,5,0,5,0,7,20,0,27,0,0,0,27
04/05/2014,OSU,OH,AGL,CE,Federal Contract Tower,0,3,1,0,4,0,15,116,0,131,0,18,117,0,135,110,0,110,245
04/06/2014,OSU,OH,AGL,CE,Federal Contract Tower,0,0,18,0,18,0,20,101,0,121,0,20,119,0,139,32,0,32,171
04/07/2014,OSU,OH,AGL,CE,Federal Contract Tower,0,4,12,0,16,0,17,27,0,44,0,21,39,0,60,66,0,66,126
04/08/2014,OSU,OH,AGL,CE,Federal Contract Tower,0,12,34,0,46,0,58,97,0,155,0,70,131,0,201,138,0,138,339
04/09/2014,OSU,OH,AGL,CE,Federal Contract Tower,0,5,31,0,36,0,61,83,0,144,0,66,114,0,180,116,0,116,296
04/10/2014,OSU,OH,AGL,CE,Federal Contract Tower,0,6,19,0,25,0,10,46,0,56,0,16,65,0,81,38,0,38,119
04/11/2014,OSU,OH,AGL,CE,Federal Contract Tower,0,6,29,0,35,0,6,55,0,61,0,12,84,0,96,56,0,56,152
04/12/2014,OSU,OH,AGL,CE,Federal Contract Tower,0,4,15,0,19,0,34,111,0,145,0,38,126,0,164,62,0,62,226
04/13/2014,OSU,OH,AGL,CE,Federal Contract Tower,0,3,13,0,16,0,0,46,0,46,0,3,59,0,62,10,0,10,72
04/14/2014,OSU,OH,AGL,CE,Federal Contract Tower,0,2,22,0,24,0,0,21,0,21,0,2,43,0,45,0,0,0,45
04/15/2014,OSU,OH,AGL,CE,Federal Contract Tower,0,3,13,0,16,0,0,36,0,36,0,3,49,0,52,28,0,28,80
04/16/2014,OSU,OH,AGL,CE,Federal Contract Tower,0,9,29,0,38,0,73,101,0,174,0,82,130,0,212,272,0,272,484
04/17/2014,OSU,OH,AGL,CE,Federal Contract Tower,0,8,31,0,39,0,52,122,0,174,0,60,153,0,213,166,0,166,379
04/18/2014,OSU,OH,AGL,CE,Federal Contract Tower,0,6,19,0,25,0,58,95,0,153,0,64,114,0,178,122,0,122,300
04/19/2014,OSU,OH,AGL,CE,Federal Contract Tower,0,2,9,0,11,0,22,108,0,130,0,24,117,0,141,58,0,58,199
04/20/2014,OSU,OH,AGL,CE,Federal Contract Tower,0,5,7,0,12,0,1,62,0,63,0,6,69,0,75,6,0,6,81
04/21/2014,OSU,OH,AGL,CE,Federal Contract Tower,0,5,29,0,34,0,52,91,0,143,0,57,120,0,177,226,0,226,403
04/22/2014,OSU,OH,AGL,CE,Federal Contract Tower,0,8,18,0,26,0,7,45,0,52,0,15,63,0,78,32,0,32,110
04/23/2014,OSU,OH,AGL,CE,Federal Contract Tower,0,9,45,0,54,0,41,104,0,145,0,50,149,0,199,180,0,180,379
04/24/2014,OSU,OH,AGL,CE,Federal Contract Tower,0,11,21,0,32,0,65,94,0,159,0,76,115,0,191,132,0,132,323
04/25/2014,OSU,OH,AGL,CE,Federal Contract Tower,0,7,32,0,39,0,0,10,0,10,0,7,42,0,49,10,0,10,59
04/26/2014,OSU,OH,AGL,CE,Federal Contract Tower,0,4,13,0,17,0,20,93,0,113,0,24,106,0,130,122,0,122,252
04/27/2014,OSU,OH,AGL,CE,Federal Contract Tower,0,0,30,0,30,0,32,121,0,153,0,32,151,0,183,158,0,158,341
04/28/2014,OSU,OH,AGL,CE,Federal Contract Tower,0,3,16,0,19,0,4,15,0,19,0,7,31,0,38,90,0,90,128
04/29/2014,OSU,OH,AGL,CE,Federal Contract Tower,0,18,17,0,35,0,0,23,0,23,0,18,40,0,58,12,0,12,70
04/30/2014,OSU,OH,AGL,CE,Federal Contract Tower,0,9,22,0,31,0,11,6,0,17,0,20,28,0,48,8,0,8,56
05/01/2014,OSU,OH,AGL,CE,Federal Contract Tower,0,6,43,0,49,0,18,51,0,69,0,24,94,0,118,82,0,82,200
05/02/2014,OSU,OH,AGL,CE,Federal Contract Tower,0,10,17,0,27,0,37,93,0,130,0,47,110,0,157,76,0,76,233
05/03/2014,OSU,OH,AGL,CE,Federal Contract Tower,0,6,31,0,37,0,20,89,0,109,0,26,120,0,146,166,0,166,312
05/04/2014,OSU,OH,AGL,CE,Federal Contract Tower,0,10,32,0,42,0,9,101,2,112,0,19,133,2,154,74,0,74,228
05/05/2014,OSU,OH,AGL,CE,Federal Contract Tower,0,11,11,0,22,0,40,108,0,148,0,51,119,0,170,748,0,748,918
05/06/2014,OSU,OH,AGL,CE,Federal Contract Tower,0,16,32,0,48,0,109,142,0,251,0,125,174,0,299,676,0,676,975
05/07/2014,OSU,OH,AGL,CE,Federal Contract Tower,0,6,34,0,40,0,68,90,4,162,0,74,124,4,202,1134,0,1134,1336
05/08/2014,OSU,OH,AGL,CE,Federal Contract Tower,0,10,45,0,55,0,54,95,2,151,0,64,140,2,206,748,0,748,954
05/09/2014,OSU,OH,AGL,CE,Federal Contract Tower,0,12,27,0,39,0,15,146,0,161,0,27,173,0,200,662,0,662,862
05/10/2014,OSU,OH,AGL,CE,Federal Contract Tower,0,7,17,0,24,0,0,16,0,16,0,7,33,0,40,368,0,368,408
05/11/2014,OSU,OH,AGL,CE,Federal Contract Tower,0,1,10,0,11,0,41,131,0,172,0,42,141,0,183,706,0,706,889
05/12/2014,OSU,OH,AGL,CE,Federal Contract Tower,0,2,27,0,29,0,9,100,0,109,0,11,127,0,138,544,0,544,682
05/13/2014,OSU,OH,AGL,CE,Federal Contract Tower,0,8,23,0,31,0,37,222,0,259,0,45,245,0,290,2,0,2,292
05/14/2014,OSU,OH,AGL,CE,Federal Contract Tower,0,14,23,0,37,0,0,17,0,17,0,14,40,0,54,312,0,312,366
05/15/2014,OSU,OH,AGL,CE,Federal Contract Tower,0,7,39,0,46,0,0,23,0,23,0,7,62,0,69,300,0,300,369
05/16/2014,OSU,OH,AGL,CE,Federal Contract Tower,0,9,35,0,44,0,45,78,0,123,0,54,113,0,167,1064,0,1064,1231
05/17/2014,OSU,OH,AGL,CE,Federal Contract Tower,0,7,23,0,30,0,3,72,0,75,0,10,95,0,105,20,0,20,125
05/18/2014,OSU,OH,AGL,CE,Federal Contract Tower,0,15,39,0,54,0,44,205,0,249,0,59,244,0,303,58,0,58,361
05/19/2014,OSU,OH,AGL,CE,Federal Contract Tower,0,10,21,2,33,0,50,80,0,130,0,60,101,2,163,134,0,134,297
05/20/2014,OSU,OH,AGL,CE,Federal Contract Tower,0,9,36,1,46,0,28,70,1,99,0,37,106,2,145,50,0,50,195
05/21/2014,OSU,OH,AGL,CE,Federal Contract Tower,0,19,26,0,45,0,22,37,0,59,0,41,63,0,104,52,0,52,156
05/22/2014,OSU,OH,AGL,CE,Federal Contract Tower,0,14,26,0,40,0,42,96,0,138,0,56,122,0,178,88,0,88,266
05/23/2014,OSU,OH,AGL,CE,Federal Contract Tower,0,14,33,0,47,2,55,114,0,171,2,69,147,0,218,8,0,8,226
05/24/2014,OSU,OH,AGL,CE,Federal Contract Tower,0,5,14,0,19,0,5,124,0,129,0,10,138,0,148,70,0,70,218
05/25/2014,OSU,OH,AGL,CE,Federal Contract Tower,0,4,15,0,19,0,7,95,0,102,0,11,110,0,121,20,0,20,141
05/26/2014,OSU,OH,AGL,CE,Federal Contract Tower,0,6,16,0,22,0,0,85,0,85,0,6,101,0,107,14,0,14,121
05/27/2014,OSU,OH,AGL,CE,Federal Contract Tower,0,16,13,0,29,0,51,54,4,109,0,67,67,4,138,50,12,62,200
05/28/2014,OSU,OH,AGL,CE,Federal Contract Tower,0,18,33,0,51,0,18,47,2,67,0,36,80,2,118,52,0,52,170
05/29/2014,OSU,OH,AGL,CE,Federal Contract Tower,0,10,33,0,43,0,48,101,0,149,0,58,134,0,192,0,0,0,192
05/30/2014,OSU,OH,AGL,CE,Federal Contract Tower,0,19,28,0,47,0,60,112,0,172,0,79,140,0,219,136,0,136,355
05/31/2014,OSU,OH,AGL,CE,Federal Contract Tower,0,16,15,0,31,0,40,123,0,163,0,56,138,0,194,100,0,100,294
06/01/2014,OSU,OH,AGL,CE,Federal Contract Tower,0,39,46,0,85,0,18,90,0,108,0,57,136,0,193,22,0,22,215
06/02/2014,OSU,OH,AGL,CE,Federal Contract Tower,0,13,26,0,39,0,0,46,0,46,0,13,72,0,85,32,0,32,117
06/03/2014,OSU,OH,AGL,CE,Federal Contract Tower,0,13,39,0,52,0,7,40,0,47,0,20,79,0,99,46,0,46,145
06/04/2014,OSU,OH,AGL,CE,Federal Contract Tower,0,12,26,0,38,0,5,15,0,20,0,17,41,0,58,52,0,52,110
06/05/2014,OSU,OH,AGL,CE,Federal Contract Tower,0,12,37,2,51,0,59,102,0,161,0,71,139,2,212,150,0,150,362
06/06/2014,OSU,OH,AGL,CE,Federal Contract Tower,0,8,26,0,34,0,57,117,0,174,0,65,143,0,208,106,0,106,314
06/07/2014,OSU,OH,AGL,CE,Federal Contract Tower,0,6,15,0,21,0,24,192,0,216,0,30,207,0,237,0,0,0,237
06/08/2014,OSU,OH,AGL,CE,Federal Contract Tower,0,2,22,0,24,0,3,32,0,35,0,5,54,0,59,32,0,32,91
06/09/2014,OSU,OH,AGL,CE,Federal Contract Tower,0,2,28,0,30,0,38,79,0,117,0,40,107,0,147,178,0,178,325
06/10/2014,OSU,OH,AGL,CE,Federal Contract Tower,0,10,38,0,48,0,0,11,0,11,0,10,49,0,59,0,0,0,59
06/11/2014,OSU,OH,AGL,CE,Federal Contract Tower,0,12,30,0,42,0,12,41,0,53,0,24,71,0,95,44,0,44,139
06/12/2014,OSU,OH,AGL,CE,Federal Contract Tower,0,17,36,0,53,0,18,63,0,81,0,35,99,0,134,78,0,78,212
06/13/2014,OSU,OH,AGL,CE,Federal Contract Tower,0,14,16,0,30,0,31,96,0,127,0,45,112,0,157,132,0,132,289
06/14/2014,OSU,OH,AGL,CE,Federal Contract Tower,0,5,21,0,26,0,15,122,0,137,0,20,143,0,163,90,0,90,253
06/15/2014,OSU,OH,AGL,CE,Federal Contract Tower,0,5,17,0,22,0,4,76,0,80,0,9,93,0,102,42,0,42,144
06/16/2014,OSU,OH,AGL,CE,Federal Contract Tower,0,4,18,0,22,0,35,77,0,112,0,39,95,0,134,50,0,50,184
06/17/2014,OSU,OH,AGL,CE,Federal Contract Tower,0,8,19,0,27,0,2,26,0,28,0,10,45,0,55,4,0,4,59
06/18/2014,OSU,OH,AGL,CE,Federal Contract Tower,0,8,29,0,37,0,23,67,2,92,0,31,96,2,129,122,6,128,257
06/19/2014,OSU,OH,AGL,CE,Federal Contract Tower,0,10,34,0,44,0,15,61,0,76,0,25,95,0,120,32,0,32,152
06/20/2014,OSU,OH,AGL,CE,Federal Contract Tower,0,11,31,0,42,0,27,61,0,88,0,38,92,0,130,96,0,96,226
06/21/2014,OSU,OH,AGL,CE,Federal Contract Tower,0,11,40,0,51,0,0,68,0,68,0,11,108,0,119,30,0,30,149
06/22/2014,OSU,OH,AGL,CE,Federal Contract Tower,0,0,9,0,9,0,16,107,0,123,0,16,116,0,132,48,0,48,180
06/23/2014,OSU,OH,AGL,CE,Federal Contract Tower,0,0,22,0,22,0,12,340,0,352,0,12,362,0,374,12,0,12,386
06/24/2014,OSU,OH,AGL,CE,Federal Contract Tower,0,13,13,0,26,0,18,48,0,66,0,31,61,0,92,66,0,66,158
06/25/2014,OSU,OH,AGL,CE,Federal Contract Tower,0,8,30,0,38,0,17,46,0,63,0,25,76,0,101,70,0,70,171
06/26/2014,OSU,OH,AGL,CE,Federal Contract Tower,0,13,47,0,60,0,62,107,0,169,0,75,154,0,229,218,0,218,447
06/27/2014,OSU,OH,AGL,CE,Federal Contract Tower,0,14,36,0,50,0,55,87,0,142,0,69,123,0,192,56,0,56,248
06/28/2014,OSU,OH,AGL,CE,Federal Contract Tower,0,7,15,0,22,0,14,55,0,69,0,21,70,0,91,54,0,54,145
06/29/2014,OSU,OH,AGL,CE,Federal Contract Tower,0,1,23,0,24,0,2,66,0,68,0,3,89,0,92,24,0,24,116
06/30/2014,OSU,OH,AGL,CE,Federal Contract Tower,0,3,18,0,21,0,14,68,0,82,0,17,86,0,103,10,0,10,113
07/01/2014,OSU,OH,AGL,CE,Federal Contract Tower,0,4,13,0,17,0,8,65,0,73,0,12,78,0,90,20,0,20,110
07/02/2014,OSU,OH,AGL,CE,Federal Contract Tower,0,5,31,0,36,0,38,71,0,109,0,43,102,0,145,88,0,88,233
07/03/2014,OSU,OH,AGL,CE,Federal Contract Tower,0,7,25,0,32,0,31,78,0,109,0,38,103,0,141,160,0,160,301
07/04/2014,OSU,OH,AGL,CE,Federal Contract Tower,0,3,11,0,14,0,0,83,0,83,0,3,94,0,97,0,0,0,97
07/05/2014,OSU,OH,AGL,CE,Federal Contract Tower,0,2,8,0,10,0,10,87,0,97,0,12,95,0,107,10,0,10,117
07/06/2014,OSU,OH,AGL,CE,Federal Contract Tower,0,1,28,0,29,0,2,88,0,90,0,3,116,0,119,32,0,32,151
07/07/2014,OSU,OH,AGL,CE,Federal Contract Tower,0,6,15,0,21,0,6,40,0,46,0,12,55,0,67,16,0,16,83
07/08/2014,OSU,OH,AGL,CE,Federal Contract Tower,0,13,14,0,27,0,0,20,0,20,0,13,34,0,47,0,0,0,47
07/09/2014,OSU,OH,AGL,CE,Federal Contract Tower,0,15,33,0,48,0,49,72,0,121,0,64,105,0,169,168,0,168,337
07/10/2014,OSU,OH,AGL,CE,Federal Contract Tower,0,9,36,0,45,0,65,89,0,154,0,74,125,0,199,100,0,100,299
07/11/2014,OSU,OH,AGL,CE,Federal Contract Tower,0,8,29,0,37,0,56,96,0,152,0,64,125,0,189,192,0,192,381
07/12/2014,OSU,OH,AGL,CE,Federal Contract Tower,0,5,18,1,24,0,11,90,2,103,0,16,108,3,127,22,0,22,149
07/13/2014,OSU,OH,AGL,CE,Federal Contract Tower,0,0,14,0,14,0,4,38,0,42,0,4,52,0,56,46,0,46,102
07/14/2014,OSU,OH,AGL,CE,Federal Contract Tower,0,4,21,0,25,0,6,24,0,30,0,10,45,0,55,42,0,42,97
07/15/2014,OSU,OH,AGL,CE,Federal Contract Tower,0,7,31,0,38,0,87,68,0,155,0,94,99,0,193,70,0,70,263
07/16/2014,OSU,OH,AGL,CE,Federal Contract Tower,0,7,27,0,34,0,22,100,2,124,0,29,127,2,158,118,10,128,286
07/17/2014,OSU,OH,AGL,CE,Federal Contract Tower,0,9,32,1,42,0,55,104,3,162,0,64,136,4,204,92,0,92,296
07/18/2014,OSU,OH,AGL,CE,Federal Contract Tower,0,10,12,0,22,0,50,71,0,121,0,60,83,0,143,78,0,78,221
07/19/2014,OSU,OH,AGL,CE,Federal Contract Tower,0,10,12,1,23,0,0,3,0,3,0,10,15,1,26,0,0,0,26
07/20/2014,OSU,OH,AGL,CE,Federal Contract Tower,0,6,34,0,40,0,2,54,0,56,0,8,88,0,96,30,0,30,126
07/21/2014,OSU,OH,AGL,CE,Federal Contract Tower,0,6,24,1,31,0,33,67,3,103,0,39,91,4,134,106,0,106,240
07/22/2014,OSU,OH,AGL,CE,Federal Contract Tower,0,8,27,0,35,0,35,114,4,153,0,43,141,4,188,80,0,80,268
07/23/2014,OSU,OH,AGL,CE,Federal Contract Tower,0,11,13,0,24,0,1,43,0,44,0,12,56,0,68,10,0,10,78
07/24/2014,OSU,OH,AGL,CE,Federal Contract Tower,0,14,38,0,52,0,20,84,2,106,0,34,122,2,158,52,0,52,210
07/25/2014,OSU,OH,AGL,CE,Federal Contract Tower,0,10,28,0,38,0,26,102,0,128,0,36,130,0,166,88,0,88,254
07/26/2014,OSU,OH,AGL,CE,Federal Contract Tower,0,3,8,0,11,0,5,58,0,63,0,8,66,0,74,22,6,28,102
07/27/2014,OSU,OH,AGL,CE,Federal Contract Tower,0,4,15,0,19,0,0,11,0,11,0,4,26,0,30,4,0,4,34
07/28/2014,OSU,OH,AGL,CE,Federal Contract Tower,0,7,20,0,27,0,2,55,0,57,0,9,75,0,84,14,0,14,98
07/29/2014,OSU,OH,AGL,CE,Federal Contract Tower,0,6,23,0,29,0,24,102,2,128,0,30,125,2,157,64,0,64,221
07/30/2014,OSU,OH,AGL,CE,Federal Contract Tower,0,7,28,0,35,0,7,52,0,59,0,14,80,0,94,38,0,38,132
07/31/2014,OSU,OH,AGL,CE,Federal Contract Tower,0,16,24,0,40,0,32,82,0,114,0,48,106,0,154,52,0,52,206
08/01/2014,OSU,OH,AGL,CE,Federal Contract Tower,0,7,30,0,37,0,24,83,0,107,0,31,113,0,144,64,0,64,208
08/02/2014,OSU,OH,AGL,CE,Federal Contract Tower,0,4,10,0,14,0,0,23,0,23,0,4,33,0,37,28,0,28,65
08/03/2014,OSU,OH,AGL,CE,Federal Contract Tower,0,0,15,0,15,0,3,88,2,93,0,3,103,2,108,0,0,0,108
08/04/2014,OSU,OH,AGL,CE,Federal Contract Tower,0,4,27,0,31,0,40,71,1,112,0,44,98,1,143,110,2,112,255
08/05/2014,OSU,OH,AGL,CE,Federal Contract Tower,0,11,34,0,45,0,8,70,0,78,0,19,104,0,123,114,0,114,237
08/06/2014,OSU,OH,AGL,CE,Federal Contract Tower,0,10,38,2,50,0,20,69,2,91,0,30,107,4,141,84,0,84,225
08/07/2014,OSU,OH,AGL,CE,Federal Contract Tower,0,11,33,0,44,0,35,92,0,127,0,46,125,0,171,68,0,68,239
08/08/2014,OSU,OH,AGL,CE,Federal Contract Tower,0,5,22,0,27,0,14,89,0,103,0,19,111,0,130,88,0,88,218
08/09/2014,OSU,OH,AGL,CE,Federal Contract Tower,0,6,22,0,28,0,23,91,0,114,0,29,113,0,142,36,0,36,178
08/10/2014,OSU,OH,AGL,CE,Federal Contract Tower,0,6,25,0,31,0,5,88,0,93,0,11,113,0,124,32,0,32,156
08/11/2014,OSU,OH,AGL,CE,Federal Contract Tower,0,6,19,0,25,0,0,11,0,11,0,6,30,0,36,14,0,14,50
08/12/2014,OSU,OH,AGL,CE,Federal Contract Tower,0,10,30,0,40,0,3,28,0,31,0,13,58,0,71,42,0,42,113
08/13/2014,OSU,OH,AGL,CE,Federal Contract Tower,0,17,33,0,50,0,31,91,0,122,0,48,124,0,172,10,0,10,182
08/14/2014,OSU,OH,AGL,CE,Federal Contract Tower,0,10,29,0,39,0,35,100,0,135,0,45,129,0,174,74,0,74,248
08/15/2014,OSU,OH,AGL,CE,Federal Contract Tower,0,12,18,0,30,0,29,85,0,114,0,41,103,0,144,94,0,94,238
08/16/2014,OSU,OH,AGL,CE,Federal Contract Tower,0,8,10,0,18,0,7,72,0,79,0,15,82,0,97,24,0,24,121
08/17/2014,OSU,OH,AGL,CE,Federal Contract Tower,0,6,18,0,24,0,13,69,0,82,0,19,87,0,106,54,0,54,160
08/18/2014,OSU,OH,AGL,CE,Federal Contract Tower,0,4,33,0,37,0,28,84,0,112,0,32,117,0,149,162,0,162,311
08/19/2014,OSU,OH,AGL,CE,Federal Contract Tower,0,12,26,0,38,0,23,78,0,101,0,35,104,0,139,120,0,120,259
08/20/2014,OSU,OH,AGL,CE,Federal Contract Tower,0,12,27,0,39,0,27,63,2,92,0,39,90,2,131,86,0,86,217
08/21/2014,OSU,OH,AGL,CE,Federal Contract Tower,0,7,33,0,40,0,6,42,0,48,0,13,75,0,88,0,0,0,88
08/22/2014,OSU,OH,AGL,CE,Federal Contract Tower,0,9,18,0,27,0,4,51,0,55,0,13,69,0,82,18,0,18,100
08/23/2014,OSU,OH,AGL,CE,Federal Contract Tower,0,7,22,0,29,0,9,68,0,77,0,16,90,0,106,28,0,28,134
08/24/2014,OSU,OH,AGL,CE,Federal Contract Tower,0,5,25,0,30,0,14,64,0,78,0,19,89,0,108,26,0,26,134
08/25/2014,OSU,OH,AGL,CE,Federal Contract Tower,0,4,28,0,32,0,38,87,0,125,0,42,115,0,157,60,0,60,217
08/26/2014,OSU,OH,AGL,CE,Federal Contract Tower,0,9,29,0,38,0,34,91,0,125,0,43,120,0,163,126,0,126,289
08/27/2014,OSU,OH,AGL,CE,Federal Contract Tower,0,11,27,0,38,0,18,82,0,100,0,29,109,0,138,76,0,76,214
08/28/2014,OSU,OH,AGL,CE,Federal Contract Tower,0,10,23,0,33,0,42,106,0,148,0,52,129,0,181,80,0,80,261
08/29/2014,OSU,OH,AGL,CE,Federal Contract Tower,0,12,29,0,41,0,50,113,0,163,0,62,142,0,204,76,0,76,280
08/30/2014,OSU,OH,AGL,CE,Federal Contract Tower,0,2,20,0,22,0,12,80,0,92,0,14,100,0,114,12,0,12,126
08/31/2014,OSU,OH,AGL,CE,Federal Contract Tower,0,1,10,0,11,0,0,22,0,22,0,1,32,0,33,0,0,0,33
09/01/2014,OSU,OH,AGL,CE,Federal Contract Tower,0,8,21,0,29,0,1,55,0,56,0,9,76,0,85,0,0,0,85
09/02/2014,OSU,OH,AGL,CE,Federal Contract Tower,0,5,26,0,31,0,9,28,0,37,0,14,54,0,68,26,0,26,94
09/03/2014,OSU,OH,AGL,CE,Federal Contract Tower,0,14,41,0,55,0,46,99,4,149,0,60,140,4,204,102,0,102,306
09/04/2014,OSU,OH,AGL,CE,Federal Contract Tower,0,11,33,0,44,0,75,79,0,154,0,86,112,0,198,162,0,162,360
09/05/2014,OSU,OH,AGL,CE,Federal Contract Tower,0,8,46,1,55,0,42,71,2,115,0,50,117,3,170,32,0,32,202
09/06/2014,OSU,OH,AGL,CE,Federal Contract Tower,0,6,30,0,36,0,1,47,0,48,0,7,77,0,84,20,0,20,104
09/07/2014,OSU,OH,AGL,CE,Federal Contract Tower,0,8,40,0,48,0,15,114,10,139,0,23,154,10,187,58,0,58,245
09/08/2014,OSU,OH,AGL,CE,Federal Contract Tower,0,10,33,1,44,0,43,72,0,115,0,53,105,1,159,136,0,136,295
09/09/2014,OSU,OH,AGL,CE,Federal Contract Tower,0,11,29,0,40,2,34,89,0,125,2,45,118,0,165,198,0,198,363
09/10/2014,OSU,OH,AGL,CE,Federal Contract Tower,0,10,23,1,34,0,23,45,3,71,0,33,68,4,105,40,0,40,145
09/11/2014,OSU,OH,AGL,CE,Federal Contract Tower,0,6,26,0,32,0,2,46,8,56,0,8,72,8,88,94,0,94,182
09/12/2014,OSU,OH,AGL,CE,Federal Contract Tower,0,13,27,1,41,0,29,84,0,113,0,42,111,1,154,182,0,182,336
09/13/2014,OSU,OH,AGL,CE,Federal Contract Tower,0,5,29,0,34,0,8,46,0,54,0,13,75,0,88,40,0,40,128
09/14/2014,OSU,OH,AGL,CE,Federal Contract Tower,0,8,10,0,18,0,28,111,0,139,0,36,121,0,157,108,0,108,265
09/15/2014,OSU,OH,AGL,CE,Federal Contract Tower,0,4,34,0,38,0,55,94,0,149,0,59,128,0,187,66,0,66,253
09/16/2014,OSU,OH,AGL,CE,Federal Contract Tower,0,9,52,2,63,0,32,61,2,95,0,41,113,4,158,56,0,56,214
09/17/2014,OSU,OH,AGL,CE,Federal Contract Tower,0,6,42,0,48,0,47,103,4,154,0,53,145,4,202,62,0,62,264
09/18/2014,OSU,OH,AGL,CE,Federal Contract Tower,0,9,38,0,47,0,75,93,2,170,0,84,131,2,217,82,0,82,299
09/19/2014,OSU,OH,AGL,CE,Federal Contract Tower,0,9,20,0,29,0,46,82,0,128,0,55,102,0,157,46,0,46,203
09/20/2014,OSU,OH,AGL,CE,Federal Contract Tower,0,5,28,0,33,0,12,97,0,109,0,17,125,0,142,102,0,102,244
09/21/2014,OSU,OH,AGL,CE,Federal Contract Tower,0,5,29,0,34,0,0,59,0,59,0,5,88,0,93,2,0,2,95
09/22/2014,OSU,OH,AGL,CE,Federal Contract Tower,0,9,25,0,34,0,26,66,0,92,0,35,91,0,126,112,0,112,238
09/23/2014,OSU,OH,AGL,CE,Federal Contract Tower,0,6,25,1,32,0,50,81,1,132,0,56,106,2,164,126,0,126,290
09/24/2014,OSU,OH,AGL,CE,Federal Contract Tower,0,6,25,1,32,0,55,75,1,131,0,61,100,2,163,62,0,62,225
09/25/2014,OSU,OH,AGL,CE,Federal Contract Tower,0,11,37,0,48,0,54,82,2,138,0,65,119,2,186,126,0,126,312
09/26/2014,OSU,OH,AGL,CE,Federal Contract Tower,0,9,24,0,33,0,33,106,0,139,0,42,130,0,172,96,0,96,268
09/27/2014,OSU,OH,AGL,CE,Federal Contract Tower,0,10,11,0,21,0,18,84,0,102,0,28,95,0,123,86,0,86,209
09/28/2014,OSU,OH,AGL,CE,Federal Contract Tower,0,8,16,0,24,0,12,73,0,85,0,20,89,0,109,40,0,40,149
09/29/2014,OSU,OH,AGL,CE,Federal Contract Tower,0,6,35,4,45,0,45,89,2,136,0,51,124,6,181,112,0,112,293
09/30/2014,OSU,OH,AGL,CE,Federal Contract Tower,0,7,25,0,32,0,0,34,0,34,0,7,59,0,66,24,0,24,90
10/01/2014,OSU,OH,AGL,CE,Federal Contract Tower,0,6,28,0,34,0,28,53,0,81,0,34,81,0,115,76,0,76,191
10/02/2014,OSU,OH,AGL,CE,Federal Contract Tower,0,10,27,0,37,0,47,96,0,143,0,57,123,0,180,252,0,252,432
10/03/2014,OSU,OH,AGL,CE,Federal Contract Tower,0,17,16,0,33,0,0,13,0,13,0,17,29,0,46,14,0,14,60
10/04/2014,OSU,OH,AGL,CE,Federal Contract Tower,0,3,17,0,20,0,0,33,0,33,0,3,50,0,53,20,0,20,73
10/05/2014,OSU,OH,AGL,CE,Federal Contract Tower,0,2,17,0,19,0,13,108,0,121,0,15,125,0,140,314,0,314,454
10/06/2014,OSU,OH,AGL,CE,Federal Contract Tower,0,4,22,0,26,0,18,42,0,60,0,22,64,0,86,8,0,8,94
10/07/2014,OSU,OH,AGL,CE,Federal Contract Tower,0,10,28,0,38,0,9,6,0,15,0,19,34,0,53,34,0,34,87
10/08/2014,OSU,OH,AGL,CE,Federal Contract Tower,0,10,32,0,42,0,32,114,0,146,0,42,146,0,188,10,0,10,198
10/09/2014,OSU,OH,AGL,CE,Federal Contract Tower,0,13,41,1,55,0,58,96,2,156,0,71,137,3,211,400,0,400,611
10/10/2014,OSU,OH,AGL,CE,Federal Contract Tower,0,8,22,0,30,0,21,50,0,71,0,29,72,0,101,64,0,64,165
10/11/2014,OSU,OH,AGL,CE,Federal Contract Tower,0,3,23,0,26,0,14,112,1,127,0,17,135,1,153,80,0,80,233
10/12/2014,OSU,OH,AGL,CE,Federal Contract Tower,0,1,31,1,33,0,15,96,0,111,0,16,127,1,144,62,0,62,206
10/13/2014,OSU,OH,AGL,CE,Federal Contract Tower,0,11,27,0,38,0,7,46,0,53,0,18,73,0,91,20,0,20,111
10/14/2014,OSU,OH,AGL,CE,Federal Contract Tower,0,5,8,0,13,0,0,16,0,16,0,5,24,0,29,0,0,0,29
10/15/2014,OSU,OH,AGL,CE,Federal Contract Tower,0,18,33,1,52,0,10,38,0,48,0,28,71,1,100,18,0,18,118
10/16/2014,OSU,OH,AGL,CE,Federal Contract Tower,0,13,37,0,50,0,25,32,0,57,0,38,69,0,107,58,0,58,165
10/17/2014,OSU,OH,AGL,CE,Federal Contract Tower,0,14,39,0,53,0,3,58,0,61,0,17,97,0,114,4,0,4,118
10/18/2014,OSU,OH,AGL,CE,Federal Contract Tower,0,10,19,0,29,0,0,43,0,43,0,10,62,0,72,0,0,0,72
10/19/2014,OSU,OH,AGL,CE,Federal Contract Tower,0,11,34,0,45,0,37,123,0,160,0,48,157,0,205,78,0,78,283
10/20/2014,OSU,OH,AGL,CE,Federal Contract Tower,0,9,24,0,33,0,47,47,0,94,0,56,71,0,127,48,0,48,175
10/21/2014,OSU,OH,AGL,CE,Federal Contract Tower,0,14,21,0,35,0,0,26,0,26,0,14,47,0,61,38,0,38,99
10/22/2014,OSU,OH,AGL,CE,Federal Contract Tower,0,12,31,1,44,0,8,39,2,49,0,20,70,3,93,54,0,54,147
10/23/2014,OSU,OH,AGL,CE,Federal Contract Tower,0,13,28,0,41,0,53,97,0,150,0,66,125,0,191,112,0,112,303
10/24/2014,OSU,OH,AGL,CE,Federal Contract Tower,0,10,43,0,53,0,90,107,0,197,0,100,150,0,250,124,0,124,374
10/25/2014,OSU,OH,AGL,CE,Federal Contract Tower,0,10,17,0,27,0,20,90,0,110,0,30,107,0,137,108,0,108,245
10/26/2014,OSU,OH,AGL,CE,Federal Contract Tower,0,4,24,0,28,0,30,119,0,149,0,34,143,0,177,60,0,60,237
10/27/2014,OSU,OH,AGL,CE,Federal Contract Tower,0,3,33,0,36,0,49,87,0,136,0,52,120,0,172,50,0,50,222
10/28/2014,OSU,OH,AGL,CE,Federal Contract Tower,0,11,17,0,28,0,12,32,2,46,0,23,49,2,74,92,0,92,166
10/29/2014,OSU,OH,AGL,CE,Federal Contract Tower,0,13,46,0,59,0,54,51,0,105,0,67,97,0,164,86,0,86,250
10/30/2014,OSU,OH,AGL,CE,Federal Contract Tower,0,8,39,0,47,0,69,75,0,144,0,77,114,0,191,248,0,248,439
10/31/2014,OSU,OH,AGL,CE,Federal Contract Tower,0,5,30,0,35,0,16,21,0,37,0,21,51,0,72,164,0,164,236
11/01/2014,OSU,OH,AGL,CE,Federal Contract Tower,0,3,12,0,15,0,4,15,0,19,0,7,27,0,34,0,0,0,34
11/02/2014,OSU,OH,AGL,CE,Federal Contract Tower,0,5,24,0,29,0,16,110,0,126,0,21,134,0,155,18,0,18,173
11/03/2014,OSU,OH,AGL,CE,Federal Contract Tower,0,4,19,0,23,0,24,70,2,96,0,28,89,2,119,24,0,24,143
11/04/2014,OSU,OH,AGL,CE,Federal Contract Tower,0,7,31,0,38,0,15,29,4,48,0,22,60,4,86,14,6,20,106
11/05/2014,OSU,OH,AGL,CE,Federal Contract Tower,0,9,25,0,34,0,59,59,0,118,0,68,84,0,152,150,0,150,302
11/06/2014,OSU,OH,AGL,CE,Federal Contract Tower,0,6,18,0,24,0,0,4,0,4,0,6,22,0,28,2,0,2,30
11/07/2014,OSU,OH,AGL,CE,Federal Contract Tower,0,5,19,0,24,0,34,79,0,113,0,39,98,0,137,0,0,0,137
11/08/2014,OSU,OH,AGL,CE,Federal Contract Tower,0,4,19,0,23,0,14,57,0,71,0,18,76,0,94,0,0,0,94
11/09/2014,OSU,OH,AGL,CE,Federal Contract Tower,0,5,12,0,17,0,13,81,0,94,0,18,93,0,111,0,0,0,111
11/10/2014,OSU,OH,AGL,CE,Federal Contract Tower,0,7,24,0,31,0,27,89,0,116,0,34,113,0,147,24,0,24,171
11/11/2014,OSU,OH,AGL,CE,Federal Contract Tower,0,6,21,0,27,0,2,41,0,43,0,8,62,0,70,0,0,0,70
11/12/2014,OSU,OH,AGL,CE,Federal Contract Tower,0,16,23,0,39,0,17,40,0,57,0,33,63,0,96,70,0,70,166
11/13/2014,OSU,OH,AGL,CE,Federal Contract Tower,0,9,20,0,29,0,25,78,0,103,0,34,98,0,132,206,0,206,338
11/14/2014,OSU,OH,AGL,CE,Federal Contract Tower,0,7,23,0,30,0,27,91,0,118,0,34,114,0,148,60,0,60,208
11/15/2014,OSU,OH,AGL,CE,Federal Contract Tower,0,3,12,0,15,0,22,73,0,95,0,25,85,0,110,38,0,38,148
11/16/2014,OSU,OH,AGL,CE,Federal Contract Tower,0,0,8,0,8,0,0,19,0,19,0,0,27,0,27,8,0,8,35
11/17/2014,OSU,OH,AGL,CE,Federal Contract Tower,0,2,8,0,10,0,0,9,0,9,0,2,17,0,19,0,0,0,19
11/18/2014,OSU,OH,AGL,CE,Federal Contract Tower,0,9,23,0,32,0,13,22,0,35,0,22,45,0,67,50,0,50,117
11/19/2014,OSU,OH,AGL,CE,Federal Contract Tower,0,7,17,0,24,0,3,38,4,45,0,10,55,4,69,0,0,0,69
11/20/2014,OSU,OH,AGL,CE,Federal Contract Tower,0,11,17,0,28,0,42,64,0,106,0,53,81,0,134,98,0,98,232
11/21/2014,OSU,OH,AGL,CE,Federal Contract Tower,0,12,25,0,37,0,49,91,1,141,0,61,116,1,178,138,0,138,316
11/22/2014,OSU,OH,AGL,CE,Federal Contract Tower,0,3,3,0,6,0,4,31,0,35,0,7,34,0,41,6,0,6,47
11/23/2014,OSU,OH,AGL,CE,Federal Contract Tower,0,5,12,0,17,0,23,72,0,95,0,28,84,0,112,38,0,38,150
11/24/2014,OSU,OH,AGL,CE,Federal Contract Tower,0,2,10,0,12,0,0,4,0,4,0,2,14,0,16,0,0,0,16
11/25/2014,OSU,OH,AGL,CE,Federal Contract Tower,0,6,37,0,43,0,24,79,2,105,0,30,116,2,148,78,0,78,226
11/26/2014,OSU,OH,AGL,CE,Federal Contract Tower,0,5,24,0,29,0,29,71,0,100,0,34,95,0,129,64,0,64,193
11/27/2014,OSU,OH,AGL,CE,Federal Contract Tower,0,4,3,0,7,0,0,10,0,10,0,4,13,0,17,4,0,4,21
11/28/2014,OSU,OH,AGL,CE,Federal Contract Tower,0,6,19,0,25,0,0,81,0,81,0,6,100,0,106,6,0,6,112
11/29/2014,OSU,OH,AGL,CE,Federal Contract Tower,0,20,15,0,35,0,7,42,0,49,0,27,57,0,84,0,0,0,84
11/30/2014,OSU,OH,AGL,CE,Federal Contract Tower,0,1,28,0,29,0,0,20,0,20,0,1,48,0,49,6,0,6,55
12/01/2014,OSU,OH,AGL,CE,Federal Contract Tower,0,3,18,0,21,0,1,32,0,33,0,4,50,0,54,6,0,6,60
12/02/2014,OSU,OH,AGL,CE,Federal Contract Tower,0,4,21,0,25,0,2,17,0,19,0,6,38,0,44,48,0,48,92
12/03/2014,OSU,OH,AGL,CE,Federal Contract Tower,0,4,14,0,18,0,27,37,0,64,0,31,51,0,82,76,0,76,158
12/04/2014,OSU,OH,AGL,CE,Federal Contract Tower,0,15,21,0,36,0,45,76,0,121,0,60,97,0,157,102,0,102,259
12/05/2014,OSU,OH,AGL,CE,Federal Contract Tower,0,4,21,0,25,0,0,0,0,0,0,4,21,0,25,0,0,0,25
12/06/2014,OSU,OH,AGL,CE,Federal Contract Tower,0,5,19,0,24,0,2,3,0,5,0,7,22,0,29,0,0,0,29
12/07/2014,OSU,OH,AGL,CE,Federal Contract Tower,0,1,24,0,25,0,19,143,1,163,0,20,167,1,188,58,0,58,246
12/08/2014,OSU,OH,AGL,CE,Federal Contract Tower,0,6,23,0,29,0,48,67,0,115,0,54,90,0,144,0,0,0,144
12/09/2014,OSU,OH,AGL,CE,Federal Contract Tower,0,12,19,0,31,0,0,5,0,5,0,12,24,0,36,0,0,0,36
12/10/2014,OSU,OH,AGL,CE,Federal Contract Tower,0,10,26,0,36,0,1,21,0,22,0,11,47,0,58,16,0,16,74
12/11/2014,OSU,OH,AGL,CE,Federal Contract Tower,0,9,24,0,33,0,76,58,0,134,0,85,82,0,167,86,0,86,253
12/12/2014,OSU,OH,AGL,CE,Federal Contract Tower,0,4,10,0,14,0,29,66,0,95,0,33,76,0,109,108,0,108,217
12/13/2014,OSU,OH,AGL,CE,Federal Contract Tower,0,3,13,0,16,0,0,13,0,13,0,3,26,0,29,10,0,10,39
12/14/2014,OSU,OH,AGL,CE,Federal Contract Tower,0,6,15,0,21,0,8,68,0,76,0,14,83,0,97,66,0,66,163
12/15/2014,OSU,OH,AGL,CE,Federal Contract Tower,0,4,27,0,31,0,17,40,0,57,0,21,67,0,88,74,0,74,162
12/16/2014,OSU,OH,AGL,CE,Federal Contract Tower,0,9,32,0,41,0,0,8,0,8,0,9,40,0,49,0,0,0,49
12/17/2014,OSU,OH,AGL,CE,Federal Contract Tower,0,2,31,0,33,0,4,37,0,41,0,6,68,0,74,8,0,8,82
12/18/2014,OSU,OH,AGL,CE,Federal Contract Tower,0,9,26,0,35,0,1,15,0,16,0,10,41,0,51,18,0,18,69
12/19/2014,OSU,OH,AGL,CE,Federal Contract Tower,0,13,26,0,39,0,4,33,0,37,0,17,59,0,76,22,0,22,98
12/20/2014,OSU,OH,AGL,CE,Federal Contract Tower,0,4,18,0,22,0,10,53,0,63,0,14,71,0,85,38,0,38,123
12/21/2014,OSU,OH,AGL,CE,Federal Contract Tower,0,8,19,0,27,0,10,92,0,102,0,18,111,0,129,14,0,14,143
12/22/2014,OSU,OH,AGL,CE,Federal Contract Tower,0,9,20,1,30,0,27,104,1,132,0,36,124,2,162,22,0,22,184
12/23/2014,OSU,OH,AGL,CE,Federal Contract Tower,0,13,14,0,27,0,2,5,0,7,0,15,19,0,34,4,0,4,38
12/24/2014,OSU,OH,AGL,CE,Federal Contract Tower,0,1,17,0,18,0,0,0,0,0,0,1,17,0,18,0,0,0,18
12/25/2014,OSU,OH,AGL,CE,Federal Contract Tower,0,6,5,0,11,0,1,14,0,15,0,7,19,0,26,0,0,0,26
12/26/2014,OSU,OH,AGL,CE,Federal Contract Tower,0,6,21,0,27,0,6,94,0,100,0,12,115,0,127,0,0,0,127
12/27/2014,OSU,OH,AGL,CE,Federal Contract Tower,0,3,16,0,19,0,4,78,0,82,0,7,94,0,101,40,0,40,141
12/28/2014,OSU,OH,AGL,CE,Federal Contract Tower,0,5,4,0,9,0,0,31,0,31,0,5,35,0,40,0,0,0,40
12/29/2014,OSU,OH,AGL,CE,Federal Contract Tower,0,3,13,0,16,0,16,55,0,71,0,19,68,0,87,38,0,38,125
12/30/2014,OSU,OH,AGL,CE,Federal Contract Tower,0,4,17,0,21,0,29,53,0,82,0,33,70,0,103,44,0,44,147
12/31/2014,OSU,OH,AGL,CE,Federal Contract Tower,0,10,14,0,24,0,15,77,0,92,0,25,91,0,116,8,0,8,124
01/01/2015,OSU,OH,AGL,CE,Federal Contract Tower,0,2,13,0,15,0,0,47,0,47,0,2,60,0,62,4,0,4,66
01/02/2015,OSU,OH,AGL,CE,Federal Contract Tower,0,10,7,0,17,0,18,44,0,62,0,28,51,0,79,6,0,6,85
01/03/2015,OSU,OH,AGL,CE,Federal Contract Tower,0,0,4,0,4,0,0,0,0,0,0,0,4,0,4,0,0,0,4
01/04/2015,OSU,OH,AGL,CE,Federal Contract Tower,0,3,18,0,21,0,0,19,0,19,0,3,37,0,40,0,0,0,40
01/05/2015,OSU,OH,AGL,CE,Federal Contract Tower,0,9,12,0,21,0,19,53,0,72,0,28,65,0,93,54,0,54,147
01/06/2015,OSU,OH,AGL,CE,Federal Contract Tower,0,5,9,0,14,0,7,21,0,28,0,12,30,0,42,0,0,0,42
01/07/2015,OSU,OH,AGL,CE,Federal Contract Tower,0,8,16,0,24,0,0,21,0,21,0,8,37,0,45,0,0,0,45
01/08/2015,OSU,OH,AGL,CE,Federal Contract Tower,0,8,24,0,32,0,8,46,0,54,0,16,70,0,86,24,0,24,110
01/09/2015,OSU,OH,AGL,CE,Federal Contract Tower,0,8,10,0,18,0,6,34,0,40,0,14,44,0,58,20,0,20,78
01/10/2015,OSU,OH,AGL,CE,Federal Contract Tower,0,3,13,0,16,0,3,59,3,65,0,6,72,3,81,56,0,56,137
01/11/2015,OSU,OH,AGL,CE,Federal Contract Tower,0,4,13,0,17,0,1,52,0,53,0,5,65,0,70,18,0,18,88
01/12/2015,OSU,OH,AGL,CE,Federal Contract Tower,0,1,3,0,4,0,0,2,0,2,0,1,5,0,6,0,0,0,6
01/13/2015,OSU,OH,AGL,CE,Federal Contract Tower,0,8,14,0,22,0,33,77,0,110,0,41,91,0,132,78,0,78,210
01/14/2015,OSU,OH,AGL,CE,Federal Contract Tower,0,8,27,0,35,0,33,39,0,72,0,41,66,0,107,128,0,128,235
01/15/2015,OSU,OH,AGL,CE,Federal Contract Tower,0,9,19,0,28,0,71,65,0,136,0,80,84,0,164,42,0,42,206
01/16/2015,OSU,OH,AGL,CE,Federal Contract Tower,0,5,20,0,25,0,48,53,0,101,0,53,73,0,126,98,0,98,224
01/17/2015,OSU,OH,AGL,CE,Federal Contract Tower,0,7,13,0,20,0,12,52,0,64,0,19,65,0,84,20,0,20,104
01/18/2015,OSU,OH,AGL,CE,Federal Contract Tower,0,2,2,0,4,0,1,14,0,15,0,3,16,0,19,2,0,2,21
01/19/2015,OSU,OH,AGL,CE,Federal Contract Tower,0,3,27,0,30,0,5,87,0,92,0,8,114,0,122,24,0,24,146
01/20/2015,OSU,OH,AGL,CE,Federal Contract Tower,0,5,17,0,22,0,18,31,0,49,0,23,48,0,71,26,0,26,97
01/21/2015,OSU,OH,AGL,CE,Federal Contract Tower,0,5,11,0,16,0,13,16,0,29,0,18,27,0,45,24,0,24,69
01/22/2015,OSU,OH,AGL,CE,Federal Contract Tower,0,5,21,0,26,0,13,27,0,40,0,18,48,0,66,56,0,56,122
01/23/2015,OSU,OH,AGL,CE,Federal Contract Tower,0,6,17,0,23,0,34,55,0,89,0,40,72,0,112,150,0,150,262
01/24/2015,OSU,OH,AGL,CE,Federal Contract Tower,0,3,18,0,21,0,11,48,0,59,0,14,66,0,80,116,0,116,196
01/25/2015,OSU,OH,AGL,CE,Federal Contract Tower,0,0,5,0,5,0,2,9,0,11,0,2,14,0,16,10,0,10,26
01/26/2015,OSU,OH,AGL,CE,Federal Contract Tower,0,2,15,0,17,0,6,18,0,24,0,8,33,0,41,0,0,0,41
01/27/2015,OSU,OH,AGL,CE,Federal Contract Tower,0,8,11,0,19,0,56,46,0,102,0,64,57,0,121,40,0,40,161
01/28/2015,OSU,OH,AGL,CE,Federal Contract Tower,0,8,23,0,31,0,76,76,1,153,0,84,99,1,184,84,0,84,268
01/29/2015,OSU,OH,AGL,CE,Federal Contract Tower,0,2,10,0,12,0,4,12,0,16,0,6,22,0,28,12,0,12,40
01/30/2015,OSU,OH,AGL,CE,Federal Contract Tower,0,2,17,0,19,0,3,46,0,49,0,5,63,0,68,0,0,0,68
01/31/2015,OSU,OH,AGL,CE,Federal Contract Tower,0,8,13,0,21,0,30,94,0,124,0,38,107,0,145,16,0,16,161
02/01/2015,OSU,OH,AGL,CE,Federal Contract Tower,0,2,3,0,5,0,0,0,0,0,0,2,3,0,5,0,0,0,5
02/02/2015,OSU,OH,AGL,CE,Federal Contract Tower,0,6,17,0,23,0,33,21,0,54,0,39,38,0,77,50,0,50,127
02/03/2015,OSU,OH,AGL,CE,Federal Contract Tower,0,8,20,0,28,0,68,56,0,124,0,76,76,0,152,86,0,86,238
02/04/2015,OSU,OH,AGL,CE,Federal Contract Tower,0,9,27,0,36,0,48,39,2,89,0,57,66,2,125,50,0,50,175
02/05/2015,OSU,OH,AGL,CE,Federal Contract Tower,0,7,14,0,21,0,52,59,0,111,0,59,73,0,132,118,0,118,250
02/06/2015,OSU,OH,AGL,CE,Federal Contract Tower,0,9,16,0,25,0,50,97,0,147,0,59,113,0,172,44,0,44,216
02/07/2015,OSU,OH,AGL,CE,Federal Contract Tower,0,3,11,0,14,0,12,74,0,86,0,15,85,0,100,62,0,62,162
02/08/2015,OSU,OH,AGL,CE,Federal Contract Tower,0,4,10,0,14,0,7,48,0,55,0,11,58,0,69,16,0,16,85
02/09/2015,OSU,OH,AGL,CE,Federal Contract Tower,0,3,19,0,22,0,0,23,0,23,0,3,42,0,45,0,0,0,45
02/10/2015,OSU,OH,AGL,CE,Federal Contract Tower,0,9,42,0,51,0,29,27,0,56,0,38,69,0,107,64,0,64,171
02/11/2015,OSU,OH,AGL,CE,Federal Contract Tower,0,13,6,0,19,0,47,48,0,95,0,60,54,0,114,32,0,32,146
02/12/2015,OSU,OH,AGL,CE,Federal Contract Tower,0,2,20,0,22,0,2,16,0,18,0,4,36,0,40,0,0,0,40
02/13/2015,OSU,OH,AGL,CE,Federal Contract Tower,0,7,39,1,47,0,61,87,1,149,0,68,126,2,196,46,0,46,242
02/14/2015,OSU,OH,AGL,CE,Federal Contract Tower,0,2,0,0,2,0,0,8,0,8,0,2,8,0,10,0,0,0,10
02/15/2015,OSU,OH,AGL,CE,Federal Contract Tower,0,3,15,0,18,0,2,50,0,52,0,5,65,0,70,2,0,2,72
02/16/2015,OSU,OH,AGL,CE,Federal Contract Tower,0,9,11,0,20,0,7,16,0,23,0,16,27,0,43,0,0,0,43
02/17/2015,OSU,OH,AGL,CE,Federal Contract Tower,0,10,16,0,26,0,54,63,0,117,0,64,79,0,143,74,0,74,217
02/18/2015,OSU,OH,AGL,CE,Federal Contract Tower,0,8,22,0,30,0,0,5,0,5,0,8,27,0,35,0,0,0,35
02/19/2015,OSU,OH,AGL,CE,Federal Contract Tower,0,7,12,0,19,0,2,9,0,11,0,9,21,0,30,0,0,0,30
02/20/2015,OSU,OH,AGL,CE,Federal Contract Tower,0,7,11,0,18,0,56,57,0,113,0,63,68,0,131,102,0,102,233
02/21/2015,OSU,OH,AGL,CE,Federal Contract Tower,0,2,3,0,5,0,0,0,0,0,0,2,3,0,5,0,0,0,5
02/22/2015,OSU,OH,AGL,CE,Federal Contract Tower,0,5,2,0,7,0,0,28,0,28,0,5,30,0,35,66,0,66,101
02/23/2015,OSU,OH,AGL,CE,Federal Contract Tower,0,7,13,0,20,0,68,77,0,145,0,75,90,0,165,44,0,44,209
02/24/2015,OSU,OH,AGL,CE,Federal Contract Tower,0,7,16,2,25,0,41,58,0,99,0,48,74,2,124,84,0,84,208
02/25/2015,OSU,OH,AGL,CE,Federal Contract Tower,0,10,23,1,34,0,82,81,0,163,0,92,104,1,197,110,0,110,307
02/26/2015,OSU,OH,AGL,CE,Federal Contract Tower,0,7,19,0,26,0,20,38,3,61,0,27,57,3,87,36,0,36,123
02/27/2015,OSU,OH,AGL,CE,Federal Contract Tower,0,7,28,0,35,0,39,65,0,104,0,46,93,0,139,90,0,90,229
02/28/2015,OSU,OH,AGL,CE,Federal Contract Tower,0,2,8,0,10,0,13,84,1,98,0,15,92,1,108,32,0,32,140
03/01/2015,OSU,OH,AGL,CE,Federal Contract Tower,0,1,3,0,4,0,0,0,0,0,0,1,3,0,4,0,0,0,4
03/02/2015,OSU,OH,AGL,CE,Federal Contract Tower,0,10,26,0,36,0,68,75,0,143,0,78,101,0,179,82,0,82,261
03/03/2015,OSU,OH,AGL,CE,Federal Contract Tower,0,8,14,0,22,0,0,9,0,9,0,8,23,0,31,0,0,0,31
03/04/2015,OSU,OH,AGL,CE,Federal Contract Tower,0,4,12,0,16,0,0,5,0,5,0,4,17,0,21,0,0,0,21
03/05/2015,OSU,OH,AGL,CE,Federal Contract Tower,1,19,8,0,28,0,57,37,3,97,1,76,45,3,125,80,0,80,205
03/06/2015,OSU,OH,AGL,CE,Federal Contract Tower,0,8,13,0,21,0,57,70,0,127,0,65,83,0,148,178,0,178,326
03/07/2015,OSU,OH,AGL,CE,Federal Contract Tower,0,8,21,0,29,0,11,67,0,78,0,19,88,0,107,46,0,46,153
03/08/2015,OSU,OH,AGL,CE,Federal Contract Tower,0,5,20,0,25,0,11,99,0,110,0,16,119,0,135,74,0,74,209
03/09/2015,OSU,OH,AGL,CE,Federal Contract Tower,0,9,17,0,26,0,67,83,0,150,0,76,100,0,176,360,0,360,536
03/10/2015,OSU,OH,AGL,CE,Federal Contract Tower,0,5,25,1,31,0,0,2,0,2,0,5,27,1,33,0,0,0,33
03/11/2015,OSU,OH,AGL,CE,Federal Contract Tower,0,7,29,0,36,0,7,35,0,42,0,14,64,0,78,126,0,126,204
03/12/2015,OSU,OH,AGL,CE,Federal Contract Tower,0,7,39,0,46,0,58,69,0,127,0,65,108,0,173,266,0,266,439
03/13/2015,OSU,OH,AGL,CE,Federal Contract Tower,0,12,31,0,43,0,17,26,0,43,0,29,57,0,86,110,0,110,196
03/14/2015,OSU,OH,AGL,CE,Federal Contract Tower,0,5,11,0,16,0,0,29,0,29,0,5,40,0,45,32,0,32,77
03/15/2015,OSU,OH,AGL,CE,Federal Contract Tower,0,5,12,0,17,0,5,102,0,107,0,10,114,0,124,58,0,58,182
03/16/2015,OSU,OH,AGL,CE,Federal Contract Tower,0,7,20,0,27,0,25,77,4,106,0,32,97,4,133,24,0,24,157
03/17/2015,OSU,OH,AGL,CE,Federal Contract Tower,0,4,16,0,20,0,0,44,0,44,0,4,60,0,64,4,0,4,68
03/18/2015,OSU,OH,AGL,CE,Federal Contract Tower,0,8,35,0,43,0,41,84,4,129,0,49,119,4,172,104,0,104,276
03/19/2015,OSU,OH,AGL,CE,Federal Contract Tower,0,6,12,0,18,0,20,83,0,103,0,26,95,0,121,100,0,100,221
03/20/2015,OSU,OH,AGL,CE,Federal Contract Tower,0,5,20,0,25,0,6,32,0,38,0,11,52,0,63,34,0,34,97
03/21/2015,OSU,OH,AGL,CE,Federal Contract Tower,0,3,17,0,20,0,2,62,0,64,0,5,79,0,84,124,0,124,208
03/22/2015,OSU,OH,AGL,CE,Federal Contract Tower,0,5,14,0,19,0,14,98,0,112,0,19,112,0,131,42,0,42,173
03/23/2015,OSU,OH,AGL,CE,Federal Contract Tower,0,7,18,0,25,0,40,49,0,89,0,47,67,0,114,180,0,180,294
03/24/2015,OSU,OH,AGL,CE,Federal Contract Tower,0,17,29,0,46,0,78,73,0,151,0,95,102,0,197,398,0,398,595
03/25/2015,OSU,OH,AGL,CE,Federal Contract Tower,0,6,21,0,27,0,0,48,0,48,0,6,69,0,75,6,0,6,81
03/26/2015,OSU,OH,AGL,CE,Federal Contract Tower,0,6,17,0,23,0,1,15,0,16,0,7,32,0,39,6,0,6,45
03/27/2015,OSU,OH,AGL,CE,Federal Contract Tower,0,8,26,1,35,0,21,42,4,67,0,29,68,5,102,76,0,76,178
03/28/2015,OSU,OH,AGL,CE,Federal Contract Tower,0,6,10,0,16,0,29,97,0,126,0,35,107,0,142,118,0,118,260
03/29/2015,OSU,OH,AGL,CE,Federal Contract Tower,0,8,11,0,19,0,8,50,0,58,0,16,61,0,77,6,0,6,83
03/30/2015,OSU,OH,AGL,CE,Federal Contract Tower,0,3,17,0,20,0,33,70,0,103,0,36,87,0,123,110,0,110,233
03/31/2015,OSU,OH,AGL,CE,Federal Contract Tower,0,7,17,0,24,0,5,47,0,52,0,12,64,0,76,4,0,4,80
04/01/2015,OSU,OH,AGL,CE,Federal Contract Tower,0,6,12,0,18,0,124,108,0,232,0,130,120,0,250,292,0,292,542
04/02/2015,OSU,OH,AGL,CE,Federal Contract Tower,0,9,14,0,23,0,3,18,0,21,0,12,32,0,44,22,0,22,66
04/03/2015,OSU,OH,AGL,CE,Federal Contract Tower,0,7,13,0,20,0,1,7,0,8,0,8,20,0,28,2,0,2,30
04/04/2015,OSU,OH,AGL,CE,Federal Contract Tower,0,6,8,0,14,0,49,85,0,134,0,55,93,0,148,152,0,152,300
04/05/2015,OSU,OH,AGL,CE,Federal Contract Tower,0,2,12,0,14,0,4,90,0,94,0,6,102,0,108,54,0,54,162
04/06/2015,OSU,OH,AGL,CE,Federal Contract Tower,0,7,27,0,34,0,34,64,0,98,0,41,91,0,132,56,0,56,188
04/07/2015,OSU,OH,AGL,CE,Federal Contract Tower,0,4,17,0,21,0,0,0,0,0,0,4,17,0,21,0,0,0,21
04/08/2015,OSU,OH,AGL,CE,Federal Contract Tower,0,12,28,0,40,0,31,30,0,61,0,43,58,0,101,70,0,70,171
04/09/2015,OSU,OH,AGL,CE,Federal Contract Tower,0,11,14,0,25,0,4,30,0,34,0,15,44,0,59,22,0,22,81
04/10/2015,OSU,OH,AGL,CE,Federal Contract Tower,0,10,29,0,39,0,5,45,0,50,0,15,74,0,89,0,0,0,89
04/11/2015,OSU,OH,AGL,CE,Federal Contract Tower,0,6,15,0,21,0,47,188,0,235,0,53,203,0,256,122,0,122,378
04/12/2015,OSU,OH,AGL,CE,Federal Contract Tower,0,4,14,0,18,0,19,130,2,151,0,23,144,2,169,84,0,84,253
04/13/2015,OSU,OH,AGL,CE,Federal Contract Tower,0,9,17,0,26,0,17,49,0,66,0,26,66,0,92,62,0,62,154
04/14/2015,OSU,OH,AGL,CE,Federal Contract Tower,0,10,12,0,22,0,101,91,0,192,0,111,103,0,214,258,0,258,472
04/15/2015,OSU,OH,AGL,CE,Federal Contract Tower,0,9,21,0,30,0,35,80,0,115,0,44,101,0,145,178,0,178,323
04/16/2015,OSU,OH,AGL,CE,Federal Contract Tower,0,9,52,0,61,0,10,24,0,34,0,19,76,0,95,22,0,22,117
04/17/2015,OSU,OH,AGL,CE,Federal Contract Tower,0,8,42,0,50,0,55,89,0,144,0,63,131,0,194,152,0,152,346
04/18/2015,OSU,OH,AGL,CE,Federal Contract Tower,0,1,26,0,27,0,34,126,9,169,0,35,152,9,196,200,0,200,396
04/19/2015,OSU,OH,AGL,CE,Federal Contract Tower,0,0,18,0,18,0,0,27,0,27,0,0,45,0,45,0,0,0,45
04/20/2015,OSU,OH,AGL,CE,Federal Contract Tower,0,6,21,0,27,0,0,18,0,18,0,6,39,0,45,0,0,0,45
04/21/2015,OSU,OH,AGL,CE,Federal Contract Tower,0,6,20,0,26,0,2,29,0,31,0,8,49,0,57,0,0,0,57
04/22/2015,OSU,OH,AGL,CE,Federal Contract Tower,0,12,29,0,41,0,15,22,0,37,0,27,51,0,78,24,0,24,102
04/23/2015,OSU,OH,AGL,CE,Federal Contract Tower,0,13,27,0,40,0,49,60,0,109,0,62,87,0,149,116,0,116,265
04/24/2015,OSU,OH,AGL,CE,Federal Contract Tower,0,12,23,0,35,0,53,119,0,172,0,65,142,0,207,296,0,296,503
04/25/2015,OSU,OH,AGL,CE,Federal Contract Tower,0,4,12,0,16,0,2,17,0,19,0,6,29,0,35,10,0,10,45
04/26/2015,OSU,OH,AGL,CE,Federal Contract Tower,0,7,20,0,27,0,31,89,0,120,0,38,109,0,147,66,0,66,213
04/27/2015,OSU,OH,AGL,CE,Federal Contract Tower,0,8,15,0,23,0,51,67,0,118,0,59,82,0,141,174,0,174,315
04/28/2015,OSU,OH,AGL,CE,Federal Contract Tower,0,11,27,0,38,0,92,79,0,171,0,103,106,0,209,164,0,164,373
04/29/2015,OSU,OH,AGL,CE,Federal Contract Tower,0,11,29,0,40,0,56,65,2,123,0,67,94,2,163,236,0,236,399
04/30/2015,OSU,OH,AGL,CE,Federal Contract Tower,0,14,40,0,54,0,3,41,0,44,0,17,81,0,98,0,0,0,98
05/01/2015,OSU,OH,AGL,CE,Federal Contract Tower,0,8,30,0,38,0,49,92,1,142,0,57,122,1,180,124,0,124,304
05/02/2015,OSU,OH,AGL,CE,Federal Contract Tower,0,8,13,0,21,0,26,90,4,120,0,34,103,4,141,230,0,230,371
05/03/2015,OSU,OH,AGL,CE,Federal Contract Tower,0,9,6,0,15,0,12,95,0,107,0,21,101,0,122,260,0,260,382
05/04/2015,OSU,OH,AGL,CE,Federal Contract Tower,0,13,20,0,33,0,43,51,0,94,0,56,71,0,127,344,0,344,471
05/05/2015,OSU,OH,AGL,CE,Federal Contract Tower,0,8,35,0,43,0,49,76,0,125,0,57,111,0,168,900,0,900,1068
05/06/2015,OSU,OH,AGL,CE,Federal Contract Tower,0,9,34,0,43,0,60,145,4,209,0,69,179,4,252,1110,0,1110,1362
05/07/2015,OSU,OH,AGL,CE,Federal Contract Tower,0,10,25,0,35,0,81,133,0,214,0,91,158,0,249,962,0,962,1211
05/08/2015,OSU,OH,AGL,CE,Federal Contract Tower,0,8,21,0,29,0,103,179,1,283,0,111,200,1,312,941,0,941,1253
05/09/2015,OSU,OH,AGL,CE,Federal Contract Tower,0,3,21,0,24,0,70,144,0,214,0,73,165,0,238,1148,0,1148,1386
05/10/2015,OSU,OH,AGL,CE,Federal Contract Tower,0,7,15,0,22,0,30,130,0,160,0,37,145,0,182,6,0,6,188
05/11/2015,OSU,OH,AGL,CE,Federal Contract Tower,0,4,15,0,19,0,7,39,0,46,0,11,54,0,65,168,0,168,233
05/12/2015,OSU,OH,AGL,CE,Federal Contract Tower,0,4,25,0,29,0,1,246,0,247,0,5,271,0,276,50,0,50,326
05/13/2015,OSU,OH,AGL,CE,Federal Contract Tower,0,7,29,0,36,0,54,106,0,160,0,61,135,0,196,442,0,442,638
05/14/2015,OSU,OH,AGL,CE,Federal Contract Tower,0,9,19,0,28,0,8,90,12,110,0,17,109,12,138,1060,0,1060,1198
05/15/2015,OSU,OH,AGL,CE,Federal Contract Tower,0,7,19,0,26,0,5,80,0,85,0,12,99,0,111,470,0,470,581
05/16/2015,OSU,OH,AGL,CE,Federal Contract Tower,0,4,21,0,25,0,23,31,0,54,0,27,52,0,79,60,0,60,139
05/17/2015,OSU,OH,AGL,CE,Federal Contract Tower,0,12,39,2,53,0,4,31,0,35,0,16,70,2,88,0,0,0,88
05/18/2015,OSU,OH,AGL,CE,Federal Contract Tower,0,10,34,0,44,0,5,35,0,40,0,15,69,0,84,22,0,22,106
05/19/2015,OSU,OH,AGL,CE,Federal Contract Tower,0,13,26,0,39,0,27,97,2,126,0,40,123,2,165,76,0,76,241
05/20/2015,OSU,OH,AGL,CE,Federal Contract Tower,0,8,44,0,52,0,34,82,0,116,0,42,126,0,168,54,0,54,222
05/21/2015,OSU,OH,AGL,CE,Federal Contract Tower,0,11,28,0,39,0,38,70,0,108,0,49,98,0,147,86,0,86,233
05/22/2015,OSU,OH,AGL,CE,Federal Contract Tower,0,6,25,0,31,0,40,112,0,152,0,46,137,0,183,128,0,128,311
05/23/2015,OSU,OH,AGL,CE,Federal Contract Tower,0,3,17,0,20,0,20,107,0,127,0,23,124,0,147,107,0,107,254
05/24/2015,OSU,OH,AGL,CE,Federal Contract Tower,0,0,20,0,20,0,4,56,0,60,0,4,76,0,80,12,0,12,92
05/25/2015,OSU,OH,AGL,CE,Federal Contract Tower,0,3,8,0,11,0,1,25,0,26,0,4,33,0,37,4,0,4,41
05/26/2015,OSU,OH,AGL,CE,Federal Contract Tower,0,9,23,0,32,0,10,31,0,41,0,19,54,0,73,0,0,0,73
05/27/2015,OSU,OH,AGL,CE,Federal Contract Tower,0,14,19,0,33,0,3,42,0,45,0,17,61,0,78,0,0,0,78
05/28/2015,OSU,OH,AGL,CE,Federal Contract Tower,0,16,39,0,55,0,51,79,0,130,0,67,118,0,185,162,0,162,347
05/29/2015,OSU,OH,AGL,CE,Federal Contract Tower,0,9,25,0,34,0,38,59,0,97,0,47,84,0,131,60,0,60,191
05/30/2015,OSU,OH,AGL,CE,Federal Contract Tower,0,7,12,0,19,0,15,45,0,60,0,22,57,0,79,44,0,44,123
05/31/2015,OSU,OH,AGL,CE,Federal Contract Tower,0,4,24,0,28,0,0,31,0,31,0,4,55,0,59,0,0,0,59
06/01/2015,OSU,OH,AGL,CE,Federal Contract Tower,0,14,19,0,33,0,1,18,2,21,0,15,37,2,54,14,0,14,68
06/02/2015,OSU,OH,AGL,CE,Federal Contract Tower,0,17,44,0,61,0,22,52,0,74,0,39,96,0,135,44,0,44,179
06/03/2015,OSU,OH,AGL,CE,Federal Contract Tower,0,13,56,0,69,0,33,61,0,94,0,46,117,0,163,62,0,62,225
06/04/2015,OSU,OH,AGL,CE,Federal Contract Tower,0,9,34,0,43,0,73,76,0,149,0,82,110,0,192,170,0,170,362
06/05/2015,OSU,OH,AGL,CE,Federal Contract Tower,0,14,26,0,40,0,40,91,0,131,0,54,117,0,171,86,0,86,257
06/06/2015,OSU,OH,AGL,CE,Federal Contract Tower,0,6,27,0,33,0,0,65,0,65,0,6,92,0,98,0,0,0,98
06/07/2015,OSU,OH,AGL,CE,Federal Contract Tower,0,25,22,0,47,0,9,75,1,85,0,34,97,1,132,10,0,10,142
06/08/2015,OSU,OH,AGL,CE,Federal Contract Tower,0,11,30,0,41,0,0,34,0,34,0,11,64,0,75,0,0,0,75
06/09/2015,OSU,OH,AGL,CE,Federal Contract Tower,0,15,35,0,50,0,50,67,0,117,0,65,102,0,167,112,0,112,279
06/10/2015,OSU,OH,AGL,CE,Federal Contract Tower,0,10,28,0,38,0,62,59,0,121,0,72,87,0,159,60,0,60,219
06/11/2015,OSU,OH,AGL,CE,Federal Contract Tower,0,10,25,0,35,0,66,79,0,145,0,76,104,0,180,190,0,190,370
06/12/2015,OSU,OH,AGL,CE,Federal Contract Tower,0,8,20,0,28,0,13,51,2,66,0,21,71,2,94,20,0,20,114
06/13/2015,OSU,OH,AGL,CE,Federal Contract Tower,0,5,14,0,19,0,1,124,0,125,0,6,138,0,144,16,0,16,160
06/14/2015,OSU,OH,AGL,CE,Federal Contract Tower,0,3,15,0,18,0,9,58,0,67,0,12,73,0,85,0,0,0,85
06/15/2015,OSU,OH,AGL,CE,Federal Contract Tower,0,3,25,0,28,0,6,19,0,25,0,9,44,0,53,8,0,8,61
06/16/2015,OSU,OH,AGL,CE,Federal Contract Tower,0,9,37,0,46,0,21,47,2,70,0,30,84,2,116,22,0,22,138
06/17/2015,OSU,OH,AGL,CE,Federal Contract Tower,0,7,25,0,32,0,0,3,0,3,0,7,28,0,35,0,0,0,35
06/18/2015,OSU,OH,AGL,CE,Federal Contract Tower,0,9,35,0,44,0,15,53,0,68,0,24,88,0,112,0,0,0,112
06/19/2015,OSU,OH,AGL,CE,Federal Contract Tower,0,6,30,0,36,0,3,22,0,25,0,9,52,0,61,0,0,0,61
06/21/2015,OSU,OH,AGL,CE,Federal Contract Tower,0,11,12,0,23,0,11,46,0,57,0,22,58,0,80,40,0,40,120
06/22/2015,OSU,OH,AGL,CE,Federal Contract Tower,0,9,17,0,26,0,58,66,4,128,0,67,83,4,154,38,0,38,192
06/23/2015,OSU,OH,AGL,CE,Federal Contract Tower,0,11,19,0,30,0,29,93,4,126,0,40,112,4,156,48,0,48,204
06/24/2015,OSU,OH,AGL,CE,Federal Contract Tower,0,11,23,0,34,0,67,108,0,175,0,78,131,0,209,86,0,86,295
06/25/2015,OSU,OH,AGL,CE,Federal Contract Tower,0,7,26,0,33,0,6,16,0,22,0,13,42,0,55,50,0,50,105
06/26/2015,OSU,OH,AGL,CE,Federal Contract Tower,0,4,26,0,30,0,1,25,2,28,0,5,51,2,58,16,0,16,74
06/27/2015,OSU,OH,AGL,CE,Federal Contract Tower,0,5,17,0,22,0,2,15,0,17,0,7,32,0,39,12,0,12,51
06/28/2015,OSU,OH,AGL,CE,Federal Contract Tower,0,1,13,0,14,0,19,73,0,92,0,20,86,0,106,26,0,26,132
06/29/2015,OSU,OH,AGL,CE,Federal Contract Tower,0,6,17,0,23,0,0,5,0,5,0,6,22,0,28,0,0,0,28
06/30/2015,OSU,OH,AGL,CE,Federal Contract Tower,0,8,17,0,25,0,9,17,0,26,0,17,34,0,51,48,0,48,99
07/01/2015,OSU,OH,AGL,CE,Federal Contract Tower,0,11,20,0,31,0,53,75,0,128,0,64,95,0,159,146,0,146,305
07/02/2015,OSU,OH,AGL,CE,Federal Contract Tower,0,11,24,0,35,0,75,96,0,171,0,86,120,0,206,130,0,130,336
07/03/2015,OSU,OH,AGL,CE,Federal Contract Tower,0,5,18,0,23,0,3,70,0,73,0,8,88,0,96,30,0,30,126
07/04/2015,OSU,OH,AGL,CE,Federal Contract Tower,0,4,9,0,13,0,2,52,0,54,0,6,61,0,67,8,0,8,75
07/05/2015,OSU,OH,AGL,CE,Federal Contract Tower,0,3,22,0,25,0,8,95,0,103,0,11,117,0,128,12,0,12,140
07/06/2015,OSU,OH,AGL,CE,Federal Contract Tower,0,15,29,0,44,0,43,78,2,123,0,58,107,2,167,38,0,38,205
07/07/2015,OSU,OH,AGL,CE,Federal Contract Tower,0,5,19,0,24,0,3,14,0,17,0,8,33,0,41,28,0,28,69
07/08/2015,OSU,OH,AGL,CE,Federal Contract Tower,0,4,28,1,33,0,0,7,0,7,0,4,35,1,40,10,0,10,50
07/09/2015,OSU,OH,AGL,CE,Federal Contract Tower,0,7,26,0,33,0,5,23,0,28,0,12,49,0,61,22,0,22,83
07/10/2015,OSU,OH,AGL,CE,Federal Contract Tower,0,15,27,0,42,0,1,30,1,32,0,16,57,1,74,78,0,78,152
07/11/2015,OSU,OH,AGL,CE,Federal Contract Tower,0,8,22,0,30,0,55,109,0,164,0,63,131,0,194,22,0,22,216
07/12/2015,OSU,OH,AGL,CE,Federal Contract Tower,0,1,32,0,33,0,12,34,0,46,0,13,66,0,79,22,0,22,101
07/13/2015,OSU,OH,AGL,CE,Federal Contract Tower,0,4,27,0,31,0,11,26,0,37,0,15,53,0,68,16,0,16,84
07/14/2015,OSU,OH,AGL,CE,Federal Contract Tower,0,9,18,0,27,0,99,33,0,132,0,108,51,0,159,94,0,94,253
07/15/2015,OSU,OH,AGL,CE,Federal Contract Tower,0,20,46,0,66,0,4,38,0,42,0,24,84,0,108,98,0,98,206
07/16/2015,OSU,OH,AGL,CE,Federal Contract Tower,0,17,27,0,44,0,70,135,0,205,0,87,162,0,249,194,0,194,443
07/17/2015,OSU,OH,AGL,CE,Federal Contract Tower,0,11,23,0,34,0,12,33,7,52,0,23,56,7,86,76,0,76,162
07/18/2015,OSU,OH,AGL,CE,Federal Contract Tower,0,3,12,0,15,0,4,53,0,57,0,7,65,0,72,66,0,66,138
07/19/2015,OSU,OH,AGL,CE,Federal Contract Tower,0,0,19,0,19,0,5,48,0,53,0,5,67,0,72,32,0,32,104
07/20/2015,OSU,OH,AGL,CE,Federal Contract Tower,0,5,7,0,12,0,48,75,4,127,0,53,82,4,139,130,0,130,269
07/21/2015,OSU,OH,AGL,CE,Federal Contract Tower,0,9,30,0,39,0,44,76,0,120,0,53,106,0,159,162,0,162,321
07/22/2015,OSU,OH,AGL,CE,Federal Contract Tower,0,15,22,0,37,0,34,91,4,129,0,49,113,4,166,128,0,128,294
07/23/2015,OSU,OH,AGL,CE,Federal Contract Tower,0,8,39,0,47,0,30,85,0,115,0,38,124,0,162,190,0,190,352
07/24/2015,OSU,OH,AGL,CE,Federal Contract Tower,0,10,26,0,36,0,39,103,0,142,0,49,129,0,178,116,0,116,294
07/25/2015,OSU,OH,AGL,CE,Federal Contract Tower,0,1,19,0,20,0,0,125,0,125,0,1,144,0,145,44,0,44,189
07/26/2015,OSU,OH,AGL,CE,Federal Contract Tower,0,3,19,0,22,0,0,47,0,47,0,3,66,0,69,10,0,10,79
07/27/2015,OSU,OH,AGL,CE,Federal Contract Tower,0,8,26,0,34,0,15,48,0,63,0,23,74,0,97,114,0,114,211
07/28/2015,OSU,OH,AGL,CE,Federal Contract Tower,0,19,26,0,45,0,42,89,0,131,0,61,115,0,176,258,0,258,434
07/29/2015,OSU,OH,AGL,CE,Federal Contract Tower,0,8,19,0,27,0,36,62,0,98,0,44,81,0,125,84,0,84,209
07/30/2015,OSU,OH,AGL,CE,Federal Contract Tower,0,9,26,0,35,0,42,94,0,136,0,51,120,0,171,114,0,114,285
07/31/2015,OSU,OH,AGL,CE,Federal Contract Tower,0,10,25,0,35,0,53,65,0,118,0,63,90,0,153,76,0,76,229
08/01/2015,OSU,OH,AGL,CE,Federal Contract Tower,0,5,8,0,13,0,1,4,0,5,0,6,12,0,18,72,0,72,90
08/02/2015,OSU,OH,AGL,CE,Federal Contract Tower,0,3,10,0,13,0,14,59,0,73,0,17,69,0,86,0,0,0,86
08/03/2015,OSU,OH,AGL,CE,Federal Contract Tower,0,5,13,0,18,0,12,36,0,48,0,17,49,0,66,24,0,24,90
08/04/2015,OSU,OH,AGL,CE,Federal Contract Tower,0,11,18,0,29,0,27,79,4,110,0,38,97,4,139,130,0,130,269
08/05/2015,OSU,OH,AGL,CE,Federal Contract Tower,0,13,33,0,46,0,44,82,0,126,0,57,115,0,172,232,0,232,404
08/06/2015,OSU,OH,AGL,CE,Federal Contract Tower,0,12,22,0,34,0,19,49,6,74,0,31,71,6,108,70,0,70,178
08/07/2015,OSU,OH,AGL,CE,Federal Contract Tower,0,7,33,0,40,0,45,96,0,141,0,52,129,0,181,132,0,132,313
08/08/2015,OSU,OH,AGL,CE,Federal Contract Tower,0,4,12,0,16,0,5,94,3,102,0,9,106,3,118,34,0,34,152
08/09/2015,OSU,OH,AGL,CE,Federal Contract Tower,0,4,23,0,27,0,15,57,0,72,0,19,80,0,99,26,0,26,125
08/10/2015,OSU,OH,AGL,CE,Federal Contract Tower,0,6,15,0,21,0,3,31,0,34,0,9,46,0,55,44,0,44,99
08/11/2015,OSU,OH,AGL,CE,Federal Contract Tower,0,19,31,0,50,0,36,55,0,91,0,55,86,0,141,134,0,134,275
08/12/2015,OSU,OH,AGL,CE,Federal Contract Tower,0,20,34,0,54,0,47,80,0,127,0,67,114,0,181,176,0,176,357
08/13/2015,OSU,OH,AGL,CE,Federal Contract Tower,0,15,23,0,38,0,60,79,2,141,0,75,102,2,179,80,0,80,259
08/14/2015,OSU,OH,AGL,CE,Federal Contract Tower,0,6,17,0,23,0,28,105,2,135,0,34,122,2,158,112,0,112,270
08/15/2015,OSU,OH,AGL,CE,Federal Contract Tower,0,10,16,0,26,0,12,127,0,139,0,22,143,0,165,48,0,48,213
08/16/2015,OSU,OH,AGL,CE,Federal Contract Tower,0,6,34,0,40,0,10,83,0,93,0,16,117,0,133,20,0,20,153
08/17/2015,OSU,OH,AGL,CE,Federal Contract Tower,0,9,24,0,33,0,26,42,0,68,0,35,66,0,101,68,0,68,169
08/18/2015,OSU,OH,AGL,CE,Federal Contract Tower,0,9,27,0,36,0,10,41,0,51,0,19,68,0,87,4,0,4,91
08/19/2015,OSU,OH,AGL,CE,Federal Contract Tower,0,14,23,0,37,0,14,23,0,37,0,28,46,0,74,14,0,14,88
08/20/2015,OSU,OH,AGL,CE,Federal Contract Tower,0,8,12,0,20,0,19,63,0,82,0,27,75,0,102,32,0,32,134
08/21/2015,OSU,OH,AGL,CE,Federal Contract Tower,0,14,38,0,52,0,51,112,0,163,0,65,150,0,215,242,0,242,457
08/22/2015,OSU,OH,AGL,CE,Federal Contract Tower,0,2,14,0,16,0,20,119,0,139,0,22,133,0,155,94,0,94,249
08/23/2015,OSU,OH,AGL,CE,Federal Contract Tower,0,1,22,0,23,0,5,81,0,86,0,6,103,0,109,76,0,76,185
08/24/2015,OSU,OH,AGL,CE,Federal Contract Tower,0,8,14,0,22,0,17,52,0,69,0,25,66,0,91,52,0,52,143
08/25/2015,OSU,OH,AGL,CE,Federal Contract Tower,0,15,30,8,53,0,40,74,3,117,0,55,104,11,170,156,0,156,326
08/26/2015,OSU,OH,AGL,CE,Federal Contract Tower,0,24,31,2,57,0,46,100,0,146,0,70,131,2,203,202,0,202,405
08/27/2015,OSU,OH,AGL,CE,Federal Contract Tower,0,13,27,0,40,0,54,82,0,136,0,67,109,0,176,250,0,250,426
08/28/2015,OSU,OH,AGL,CE,Federal Contract Tower,0,16,28,0,44,0,84,68,0,152,0,100,96,0,196,258,0,258,454
08/29/2015,OSU,OH,AGL,CE,Federal Contract Tower,0,1,20,0,21,0,29,105,0,134,0,30,125,0,155,156,0,156,311
08/30/2015,OSU,OH,AGL,CE,Federal Contract Tower,0,4,14,0,18,0,12,53,0,65,0,16,67,0,83,6,0,6,89
08/31/2015,OSU,OH,AGL,CE,Federal Contract Tower,0,8,9,0,17,0,42,69,0,111,0,50,78,0,128,140,0,140,268
09/01/2015,OSU,OH,AGL,CE,Federal Contract Tower,0,17,21,0,38,0,64,79,0,143,0,81,100,0,181,310,0,310,491
09/02/2015,OSU,OH,AGL,CE,Federal Contract Tower,0,12,34,0,46,0,23,52,0,75,0,35,86,0,121,52,0,52,173
09/03/2015,OSU,OH,AGL,CE,Federal Contract Tower,0,16,28,0,44,0,34,55,0,89,0,50,83,0,133,198,0,198,331
09/04/2015,OSU,OH,AGL,CE,Federal Contract Tower,0,13,29,0,42,0,40,62,0,102,0,53,91,0,144,138,0,138,282
09/05/2015,OSU,OH,AGL,CE,Federal Contract Tower,0,7,23,0,30,0,14,77,0,91,0,21,100,0,121,116,0,116,237
09/06/2015,OSU,OH,AGL,CE,Federal Contract Tower,0,6,16,0,22,0,8,91,0,99,0,14,107,0,121,56,0,56,177
09/07/2015,OSU,OH,AGL,CE,Federal Contract Tower,0,8,18,0,26,0,4,79,0,83,0,12,97,0,109,18,0,18,127
09/08/2015,OSU,OH,AGL,CE,Federal Contract Tower,0,14,25,0,39,0,62,60,0,122,0,76,85,0,161,182,0,182,343
09/09/2015,OSU,OH,AGL,CE,Federal Contract Tower,0,27,16,0,43,0,41,55,0,96,0,68,71,0,139,186,0,186,325
09/10/2015,OSU,OH,AGL,CE,Federal Contract Tower,0,17,21,0,38,0,56,73,0,129,0,73,94,0,167,292,0,292,459
09/11/2015,OSU,OH,AGL,CE,Federal Contract Tower,0,12,38,0,50,0,43,61,0,104,0,55,99,0,154,68,0,68,222
09/12/2015,OSU,OH,AGL,CE,Federal Contract Tower,0,8,12,0,20,0,3,31,0,34,0,11,43,0,54,48,0,48,102
09/13/2015,OSU,OH,AGL,CE,Federal Contract Tower,0,7,29,0,36,0,10,80,0,90,0,17,109,0,126,20,0,20,146
09/14/2015,OSU,OH,AGL,CE,Federal Contract Tower,0,12,34,0,46,0,50,59,0,109,0,62,93,0,155,134,0,134,289
09/15/2015,OSU,OH,AGL,CE,Federal Contract Tower,0,8,28,0,36,0,59,88,2,149,0,67,116,2,185,230,14,244,429
09/16/2015,OSU,OH,AGL,CE,Federal Contract Tower,0,9,28,0,37,0,68,92,0,160,0,77,120,0,197,186,0,186,383
09/17/2015,OSU,OH,AGL,CE,Federal Contract Tower,0,10,32,0,42,0,60,76,0,136,0,70,108,0,178,176,0,176,354
09/18/2015,OSU,OH,AGL,CE,Federal Contract Tower,0,4,26,0,30,0,23,88,0,111,0,27,114,0,141,80,0,80,221
09/19/2015,OSU,OH,AGL,CE,Federal Contract Tower,0,8,24,0,32,0,17,30,0,47,0,25,54,0,79,86,0,86,165
09/20/2015,OSU,OH,AGL,CE,Federal Contract Tower,0,10,32,0,42,0,10,91,0,101,0,20,123,0,143,128,0,128,271
09/21/2015,OSU,OH,AGL,CE,Federal Contract Tower,0,10,23,0,33,0,39,60,0,99,0,49,83,0,132,102,0,102,234
09/22/2015,OSU,OH,AGL,CE,Federal Contract Tower,0,17,34,0,51,0,54,75,0,129,0,71,109,0,180,234,0,234,414
09/23/2015,OSU,OH,AGL,CE,Federal Contract Tower,0,9,26,0,35,0,54,88,0,142,0,63,114,0,177,212,0,212,389
09/24/2015,OSU,OH,AGL,CE,Federal Contract Tower,0,7,38,0,45,0,83,73,0,156,0,90,111,0,201,286,0,286,487
09/25/2015,OSU,OH,AGL,CE,Federal Contract Tower,0,16,19,0,35,0,63,117,0,180,0,79,136,0,215,348,0,348,563
09/26/2015,OSU,OH,AGL,CE,Federal Contract Tower,0,12,42,0,54,0,24,86,0,110,0,36,128,0,164,722,0,722,886
09/27/2015,OSU,OH,AGL,CE,Federal Contract Tower,0,14,26,0,40,0,24,104,0,128,0,38,130,0,168,452,0,452,620
09/28/2015,OSU,OH,AGL,CE,Federal Contract Tower,0,8,16,1,25,0,30,54,5,89,0,38,70,6,114,240,0,240,354
09/29/2015,OSU,OH,AGL,CE,Federal Contract Tower,0,16,28,0,44,0,16,3,0,19,0,32,31,0,63,44,0,44,107
09/30/2015,OSU,OH,AGL,CE,Federal Contract Tower,0,9,25,0,34,0,8,44,0,52,0,17,69,0,86,6,0,6,92
10/01/2015,OSU,OH,AGL,CE,Federal Contract Tower,0,11,30,2,43,0,42,85,0,127,0,53,115,2,170,42,0,42,212
10/02/2015,OSU,OH,AGL,CE,Federal Contract Tower,0,17,33,0,50,0,11,60,0,71,0,28,93,0,121,46,0,46,167
10/03/2015,OSU,OH,AGL,CE,Federal Contract Tower,0,0,19,0,19,0,0,3,2,5,0,0,22,2,24,0,8,8,32
10/04/2015,OSU,OH,AGL,CE,Federal Contract Tower,0,2,28,0,30,0,10,73,0,83,0,12,101,0,113,26,0,26,139
10/05/2015,OSU,OH,AGL,CE,Federal Contract Tower,0,14,23,0,37,0,83,91,0,174,0,97,114,0,211,90,0,90,301
10/06/2015,OSU,OH,AGL,CE,Federal Contract Tower,0,8,30,0,38,0,78,72,7,157,0,86,102,7,195,120,0,120,315
10/07/2015,OSU,OH,AGL,CE,Federal Contract Tower,0,19,47,0,66,0,47,73,0,120,0,66,120,0,186,128,0,128,314
10/08/2015,OSU,OH,AGL,CE,Federal Contract Tower,0,26,24,0,50,0,65,51,0,116,0,91,75,0,166,112,0,112,278
10/09/2015,OSU,OH,AGL,CE,Federal Contract Tower,0,11,23,0,34,0,32,38,0,70,0,43,61,0,104,56,0,56,160
10/10/2015,OSU,OH,AGL,CE,Federal Contract Tower,0,8,33,0,41,0,7,108,0,115,0,15,141,0,156,38,0,38,194
10/11/2015,OSU,OH,AGL,CE,Federal Contract Tower,0,5,23,0,28,0,19,68,0,87,0,24,91,0,115,6,0,6,121
10/12/2015,OSU,OH,AGL,CE,Federal Contract Tower,0,9,19,0,28,0,44,60,0,104,0,53,79,0,132,12,0,12,144
10/13/2015,OSU,OH,AGL,CE,Federal Contract Tower,0,13,12,0,25,0,37,57,0,94,0,50,69,0,119,70,0,70,189
10/14/2015,OSU,OH,AGL,CE,Federal Contract Tower,0,18,22,0,40,0,63,67,0,130,0,81,89,0,170,166,0,166,336
10/15/2015,OSU,OH,AGL,CE,Federal Contract Tower,0,20,33,0,53,0,49,74,2,125,0,69,107,2,178,62,0,62,240
10/16/2015,OSU,OH,AGL,CE,Federal Contract Tower,0,13,29,1,43,0,18,61,0,79,0,31,90,1,122,48,0,48,170
10/17/2015,OSU,OH,AGL,CE,Federal Contract Tower,0,19,34,0,53,0,4,67,0,71,0,23,101,0,124,54,0,54,178
10/18/2015,OSU,OH,AGL,CE,Federal Contract Tower,0,12,25,0,37,0,3,70,0,73,0,15,95,0,110,30,0,30,140
10/19/2015,OSU,OH,AGL,CE,Federal Contract Tower,0,6,16,0,22,0,62,64,0,126,0,68,80,0,148,72,0,72,220
10/20/2015,OSU,OH,AGL,CE,Federal Contract Tower,0,18,25,0,43,0,54,84,0,138,0,72,109,0,181,100,0,100,281
10/21/2015,OSU,OH,AGL,CE,Federal Contract Tower,0,14,30,0,44,0,91,84,0,175,0,105,114,0,219,76,0,76,295
10/22/2015,OSU,OH,AGL,CE,Federal Contract Tower,0,10,39,0,49,0,66,57,0,123,0,76,96,0,172,120,0,120,292
10/23/2015,OSU,OH,AGL,CE,Federal Contract Tower,0,11,27,1,39,0,57,99,1,157,0,68,126,2,196,140,0,140,336
10/24/2015,OSU,OH,AGL,CE,Federal Contract Tower,0,9,21,0,30,0,8,13,0,21,0,17,34,0,51,0,0,0,51
10/25/2015,OSU,OH,AGL,CE,Federal Contract Tower,0,6,25,0,31,0,9,103,0,112,0,15,128,0,143,72,0,72,215
10/26/2015,OSU,OH,AGL,CE,Federal Contract Tower,0,5,22,0,27,0,70,77,0,147,0,75,99,0,174,200,0,200,374
10/27/2015,OSU,OH,AGL,CE,Federal Contract Tower,0,17,28,0,45,0,24,40,0,64,0,41,68,0,109,82,0,82,191
10/28/2015,OSU,OH,AGL,CE,Federal Contract Tower,0,9,12,0,21,0,0,4,0,4,0,9,16,0,25,0,0,0,25
10/29/2015,OSU,OH,AGL,CE,Federal Contract Tower,0,4,34,0,38,0,29,36,0,65,0,33,70,0,103,56,0,56,159
10/30/2015,OSU,OH,AGL,CE,Federal Contract Tower,0,11,12,0,23,0,18,46,0,64,0,29,58,0,87,92,0,92,179
10/31/2015,OSU,OH,AGL,CE,Federal Contract Tower,0,6,13,0,19,0,10,53,0,63,0,16,66,0,82,4,0,4,86
11/01/2015,OSU,OH,AGL,CE,Federal Contract Tower,0,2,15,0,17,0,5,26,0,31,0,7,41,0,48,6,0,6,54
11/02/2015,OSU,OH,AGL,CE,Federal Contract Tower,0,2,25,0,27,0,79,66,8,153,0,81,91,8,180,82,0,82,262
11/03/2015,OSU,OH,AGL,CE,Federal Contract Tower,0,12,30,0,42,0,81,68,0,149,0,93,98,0,191,94,0,94,285
11/04/2015,OSU,OH,AGL,CE,Federal Contract Tower,0,7,39,0,46,0,74,84,0,158,0,81,123,0,204,60,0,60,264
11/05/2015,OSU,OH,AGL,CE,Federal Contract Tower,0,9,22,0,31,0,42,96,0,138,0,51,118,0,169,32,0,32,201
11/06/2015,OSU,OH,AGL,CE,Federal Contract Tower,0,17,25,0,42,0,17,55,1,73,0,34,80,1,115,38,0,38,153
11/07/2015,OSU,OH,AGL,CE,Federal Contract Tower,0,5,26,0,31,0,8,114,0,122,0,13,140,0,153,46,0,46,199
11/08/2015,OSU,OH,AGL,CE,Federal Contract Tower,0,6,25,0,31,0,13,73,1,87,0,19,98,1,118,42,0,42,160
11/09/2015,OSU,OH,AGL,CE,Federal Contract Tower,0,5,17,0,22,0,43,74,4,121,0,48,91,4,143,104,0,104,247
11/10/2015,OSU,OH,AGL,CE,Federal Contract Tower,0,7,22,2,31,0,0,1,2,3,0,7,23,4,34,20,0,20,54
11/11/2015,OSU,OH,AGL,CE,Federal Contract Tower,0,13,19,0,32,0,2,49,0,51,0,15,68,0,83,10,0,10,93
11/12/2015,OSU,OH,AGL,CE,Federal Contract Tower,0,6,15,5,26,0,0,4,0,4,0,6,19,5,30,0,0,0,30
11/13/2015,OSU,OH,AGL,CE,Federal Contract Tower,0,8,14,0,22,0,0,35,0,35,0,8,49,0,57,0,0,0,57
11/14/2015,OSU,OH,AGL,CE,Federal Contract Tower,0,7,19,0,26,0,16,87,0,103,0,23,106,0,129,12,0,12,141
11/15/2015,OSU,OH,AGL,CE,Federal Contract Tower,0,5,14,0,19,0,10,82,0,92,0,15,96,0,111,8,0,8,119
11/16/2015,OSU,OH,AGL,CE,Federal Contract Tower,0,7,21,0,28,0,58,79,0,137,0,65,100,0,165,100,0,100,265
11/17/2015,OSU,OH,AGL,CE,Federal Contract Tower,0,5,28,0,33,0,57,65,0,122,0,62,93,0,155,114,0,114,269
11/18/2015,OSU,OH,AGL,CE,Federal Contract Tower,0,5,20,0,25,0,0,8,0,8,0,5,28,0,33,4,0,4,37
11/19/2015,OSU,OH,AGL,CE,Federal Contract Tower,0,15,45,0,60,0,11,48,0,59,0,26,93,0,119,14,0,14,133
11/20/2015,OSU,OH,AGL,CE,Federal Contract Tower,0,4,29,0,33,0,66,107,0,173,0,70,136,0,206,94,0,94,300
11/21/2015,OSU,OH,AGL,CE,Federal Contract Tower,0,21,26,0,47,0,1,45,0,46,0,22,71,0,93,14,0,14,107
11/22/2015,OSU,OH,AGL,CE,Federal Contract Tower,0,12,16,0,28,0,2,65,0,67,0,14,81,0,95,32,0,32,127
11/23/2015,OSU,OH,AGL,CE,Federal Contract Tower,0,12,14,0,26,0,50,51,2,103,0,62,65,2,129,136,0,136,265
11/24/2015,OSU,OH,AGL,CE,Federal Contract Tower,0,14,30,0,44,0,57,66,0,123,0,71,96,0,167,144,0,144,311
11/25/2015,OSU,OH,AGL,CE,Federal Contract Tower,0,12,20,0,32,0,23,93,0,116,0,35,113,0,148,8,0,8,156
11/26/2015,OSU,OH,AGL,CE,Federal Contract Tower,0,9,10,0,19,0,1,34,0,35,0,10,44,0,54,4,0,4,58
11/27/2015,OSU,OH,AGL,CE,Federal Contract Tower,0,7,14,0,21,0,0,24,0,24,0,7,38,0,45,0,0,0,45
11/28/2015,OSU,OH,AGL,CE,Federal Contract Tower,0,6,13,0,19,0,0,0,0,0,0,6,13,0,19,0,0,0,19
11/29/2015,OSU,OH,AGL,CE,Federal Contract Tower,0,6,24,0,30,0,3,61,0,64,0,9,85,0,94,28,0,28,122
11/30/2015,OSU,OH,AGL,CE,Federal Contract Tower,0,10,17,0,27,0,4,29,4,37,0,14,46,4,64,36,0,36,100
12/01/2015,OSU,OH,AGL,CE,Federal Contract Tower,0,8,24,0,32,0,0,5,0,5,0,8,29,0,37,26,0,26,63
12/02/2015,OSU,OH,AGL,CE,Federal Contract Tower,0,18,26,0,44,0,0,33,0,33,0,18,59,0,77,0,0,0,77
12/03/2015,OSU,OH,AGL,CE,Federal Contract Tower,0,9,20,0,29,0,7,29,0,36,0,16,49,0,65,222,0,222,287
12/04/2015,OSU,OH,AGL,CE,Federal Contract Tower,0,5,23,0,28,0,0,2,0,2,0,5,25,0,30,0,0,0,30
12/05/2015,OSU,OH,AGL,CE,Federal Contract Tower,0,1,11,0,12,0,4,18,0,22,0,5,29,0,34,12,0,12,46
12/06/2015,OSU,OH,AGL,CE,Federal Contract Tower,0,6,11,0,17,0,20,90,0,110,0,26,101,0,127,26,0,26,153
12/07/2015,OSU,OH,AGL,CE,Federal Contract Tower,0,9,28,0,37,0,58,80,0,138,0,67,108,0,175,128,0,128,303
12/08/2015,OSU,OH,AGL,CE,Federal Contract Tower,0,12,20,0,32,0,32,66,0,98,0,44,86,0,130,84,0,84,214
12/09/2015,OSU,OH,AGL,CE,Federal Contract Tower,0,15,29,2,46,0,26,40,0,66,0,41,69,2,112,36,0,36,148
12/10/2015,OSU,OH,AGL,CE,Federal Contract Tower,0,9,20,0,29,0,11,30,0,41,0,20,50,0,70,28,0,28,98
12/11/2015,OSU,OH,AGL,CE,Federal Contract Tower,0,15,17,0,32,0,4,51,0,55,0,19,68,0,87,42,0,42,129
12/12/2015,OSU,OH,AGL,CE,Federal Contract Tower,0,6,7,0,13,0,0,36,6,42,0,6,43,6,55,6,0,6,61
12/13/2015,OSU,OH,AGL,CE,Federal Contract Tower,0,8,15,0,23,0,26,85,0,111,0,34,100,0,134,100,0,100,234
12/14/2015,OSU,OH,AGL,CE,Federal Contract Tower,0,7,25,0,32,0,1,9,0,10,0,8,34,0,42,0,0,0,42
12/15/2015,OSU,OH,AGL,CE,Federal Contract Tower,0,8,31,0,39,0,8,28,0,36,0,16,59,0,75,14,0,14,89
12/16/2015,OSU,OH,AGL,CE,Federal Contract Tower,0,22,25,0,47,0,32,97,0,129,0,54,122,0,176,86,0,86,262
12/17/2015,OSU,OH,AGL,CE,Federal Contract Tower,0,7,21,0,28,0,30,50,0,80,0,37,71,0,108,66,0,66,174
12/18/2015,OSU,OH,AGL,CE,Federal Contract Tower,0,11,26,0,37,0,26,56,0,82,0,37,82,0,119,86,0,86,205
12/19/2015,OSU,OH,AGL,CE,Federal Contract Tower,0,6,28,0,34,0,4,59,0,63,0,10,87,0,97,48,0,48,145
12/20/2015,OSU,OH,AGL,CE,Federal Contract Tower,0,1,20,0,21,0,3,60,0,63,0,4,80,0,84,14,0,14,98
12/21/2015,OSU,OH,AGL,CE,Federal Contract Tower,0,8,8,0,16,0,0,1,0,1,0,8,9,0,17,0,0,0,17
12/22/2015,OSU,OH,AGL,CE,Federal Contract Tower,0,11,24,2,37,0,2,42,2,46,0,13,66,4,83,80,0,80,163
12/23/2015,OSU,OH,AGL,CE,Federal Contract Tower,0,6,9,0,15,0,2,17,0,19,0,8,26,0,34,2,0,2,36
12/24/2015,OSU,OH,AGL,CE,Federal Contract Tower,0,5,11,0,16,0,0,58,0,58,0,5,69,0,74,16,0,16,90
12/25/2015,OSU,OH,AGL,CE,Federal Contract Tower,0,7,4,0,11,0,0,13,0,13,0,7,17,0,24,2,0,2,26
12/26/2015,OSU,OH,AGL,CE,Federal Contract Tower,0,7,10,0,17,0,0,0,0,0,0,7,10,0,17,0,0,0,17
12/27/2015,OSU,OH,AGL,CE,Federal Contract Tower,0,8,9,0,17,0,0,1,0,1,0,8,10,0,18,0,0,0,18
12/28/2015,OSU,OH,AGL,CE,Federal Contract Tower,0,2,7,0,9,0,0,2,0,2,0,2,9,0,11,0,0,0,11
12/29/2015,OSU,OH,AGL,CE,Federal Contract Tower,0,5,12,0,17,0,0,38,2,40,0,5,50,2,57,0,4,4,61
12/30/2015,OSU,OH,AGL,CE,Federal Contract Tower,0,7,11,0,18,0,3,37,0,40,0,10,48,0,58,60,0,60,118
12/31/2015,OSU,OH,AGL,CE,Federal Contract Tower,0,2,4,0,6,0,2,13,0,15,0,4,17,0,21,0,0,0,21
01/01/2016,OSU,OH,AGL,CE,Federal Contract Tower,0,6,6,0,12,0,13,32,0,45,0,19,38,0,57,8,0,8,65
01/02/2016,OSU,OH,AGL,CE,Federal Contract Tower,0,3,12,0,15,0,10,75,0,85,0,13,87,0,100,38,0,38,138
01/03/2016,OSU,OH,AGL,CE,Federal Contract Tower,0,4,12,0,16,0,2,43,0,45,0,6,55,0,61,46,0,46,107
01/04/2016,OSU,OH,AGL,CE,Federal Contract Tower,0,3,1,0,4,0,4,28,0,32,0,7,29,0,36,8,0,8,44
01/05/2016,OSU,OH,AGL,CE,Federal Contract Tower,0,4,24,0,28,0,32,80,0,112,0,36,104,0,140,28,0,28,168
01/06/2016,OSU,OH,AGL,CE,Federal Contract Tower,0,10,12,0,22,0,33,81,0,114,0,43,93,0,136,42,0,42,178
01/07/2016,OSU,OH,AGL,CE,Federal Contract Tower,0,7,20,0,27,0,36,100,0,136,0,43,120,0,163,44,0,44,207
01/08/2016,OSU,OH,AGL,CE,Federal Contract Tower,0,4,13,0,17,0,0,0,0,0,0,4,13,0,17,0,0,0,17
01/09/2016,OSU,OH,AGL,CE,Federal Contract Tower,0,8,31,0,39,0,0,1,0,1,0,8,32,0,40,0,0,0,40
01/10/2016,OSU,OH,AGL,CE,Federal Contract Tower,0,2,7,0,9,0,0,0,0,0,0,2,7,0,9,0,0,0,9
01/11/2016,OSU,OH,AGL,CE,Federal Contract Tower,0,6,16,0,22,0,4,44,0,48,0,10,60,0,70,12,0,12,82
01/12/2016,OSU,OH,AGL,CE,Federal Contract Tower,0,11,14,0,25,0,0,0,0,0,0,11,14,0,25,0,0,0,25
01/13/2016,OSU,OH,AGL,CE,Federal Contract Tower,0,13,23,0,36,0,26,28,0,54,0,39,51,0,90,34,0,34,124
01/14/2016,OSU,OH,AGL,CE,Federal Contract Tower,0,8,16,0,24,0,66,62,2,130,0,74,78,2,154,94,0,94,248
01/15/2016,OSU,OH,AGL,CE,Federal Contract Tower,0,10,14,0,24,0,24,33,0,57,0,34,47,0,81,10,0,10,91
01/16/2016,OSU,OH,AGL,CE,Federal Contract Tower,0,7,5,0,12,0,5,18,0,23,0,12,23,0,35,20,0,20,55
01/17/2016,OSU,OH,AGL,CE,Federal Contract Tower,0,3,5,0,8,0,0,14,0,14,0,3,19,0,22,8,0,8,30
01/18/2016,OSU,OH,AGL,CE,Federal Contract Tower,0,7,19,0,26,0,2,43,0,45,0,9,62,0,71,14,0,14,85
01/19/2016,OSU,OH,AGL,CE,Federal Contract Tower,0,8,30,0,38,0,64,72,0,136,0,72,102,0,174,126,0,126,300
01/20/2016,OSU,OH,AGL,CE,Federal Contract Tower,0,7,18,0,25,0,0,3,0,3,0,7,21,0,28,0,0,0,28
01/21/2016,OSU,OH,AGL,CE,Federal Contract Tower,0,8,25,0,33,0,49,70,0,119,0,57,95,0,152,106,0,106,258
01/22/2016,OSU,OH,AGL,CE,Federal Contract Tower,0,7,16,0,23,0,10,23,2,35,0,17,39,2,58,0,0,0,58
01/23/2016,OSU,OH,AGL,CE,Federal Contract Tower,0,0,4,0,4,0,2,32,0,34,0,2,36,0,38,10,0,10,48
01/24/2016,OSU,OH,AGL,CE,Federal Contract Tower,0,6,12,0,18,0,16,79,0,95,0,22,91,0,113,40,0,40,153
01/25/2016,OSU,OH,AGL,CE,Federal Contract Tower,0,9,14,0,23,0,45,46,0,91,0,54,60,0,114,16,0,16,130
01/26/2016,OSU,OH,AGL,CE,Federal Contract Tower,0,5,21,0,26,0,4,24,0,28,0,9,45,0,54,18,0,18,72
01/27/2016,OSU,OH,AGL,CE,Federal Contract Tower,0,11,17,0,28,0,39,63,0,102,0,50,80,0,130,194,0,194,324
01/28/2016,OSU,OH,AGL,CE,Federal Contract Tower,0,11,19,0,30,0,24,47,0,71,0,35,66,0,101,62,0,62,163
01/29/2016,OSU,OH,AGL,CE,Federal Contract Tower,0,11,16,0,27,0,29,65,0,94,0,40,81,0,121,66,0,66,187
01/30/2016,OSU,OH,AGL,CE,Federal Contract Tower,0,6,15,0,21,0,16,81,0,97,0,22,96,0,118,16,0,16,134
01/31/2016,OSU,OH,AGL,CE,Federal Contract Tower,0,4,15,0,19,0,23,37,0,60,0,27,52,0,79,20,0,20,99
02/01/2016,OSU,OH,AGL,CE,Federal Contract Tower,0,11,14,0,25,0,36,37,0,73,0,47,51,0,98,152,0,152,250
02/02/2016,OSU,OH,AGL,CE,Federal Contract Tower,0,10,18,0,28,0,45,70,0,115,0,55,88,0,143,10,0,10,153
02/03/2016,OSU,OH,AGL,CE,Federal Contract Tower,0,8,17,0,25,0,1,37,0,38,0,9,54,0,63,0,0,0,63
02/04/2016,OSU,OH,AGL,CE,Federal Contract Tower,0,6,15,0,21,0,2,19,0,21,0,8,34,0,42,112,0,112,154
02/05/2016,OSU,OH,AGL,CE,Federal Contract Tower,0,8,18,0,26,0,77,103,0,180,0,85,121,0,206,112,0,112,318
02/06/2016,OSU,OH,AGL,CE,Federal Contract Tower,0,4,7,1,12,0,15,96,2,113,0,19,103,3,125,14,0,14,139
02/07/2016,OSU,OH,AGL,CE,Federal Contract Tower,0,3,10,0,13,0,23,75,0,98,0,26,85,0,111,110,0,110,221
02/08/2016,OSU,OH,AGL,CE,Federal Contract Tower,0,2,11,0,13,0,0,0,0,0,0,2,11,0,13,0,0,0,13
02/09/2016,OSU,OH,AGL,CE,Federal Contract Tower,0,6,12,0,18,0,0,3,0,3,0,6,15,0,21,6,0,6,27
02/10/2016,OSU,OH,AGL,CE,Federal Contract Tower,0,11,14,0,25,0,0,2,0,2,0,11,16,0,27,0,0,0,27
02/11/2016,OSU,OH,AGL,CE,Federal Contract Tower,0,13,16,0,29,0,20,46,0,66,0,33,62,0,95,26,0,26,121
02/12/2016,OSU,OH,AGL,CE,Federal Contract Tower,0,6,19,0,25,0,34,44,0,78,0,40,63,0,103,102,0,102,205
02/13/2016,OSU,OH,AGL,CE,Federal Contract Tower,0,0,5,0,5,0,6,29,0,35,0,6,34,0,40,0,0,0,40
02/14/2016,OSU,OH,AGL,CE,Federal Contract Tower,0,3,5,0,8,0,10,40,0,50,0,13,45,0,58,16,0,16,74
02/15/2016,OSU,OH,AGL,CE,Federal Contract Tower,0,2,6,0,8,0,0,0,0,0,0,2,6,0,8,0,0,0,8
02/16/2016,OSU,OH,AGL,CE,Federal Contract Tower,0,8,16,0,24,0,0,0,0,0,0,8,16,0,24,0,0,0,24
02/17/2016,OSU,OH,AGL,CE,Federal Contract Tower,0,3,17,2,22,0,33,38,0,71,0,36,55,2,93,46,0,46,139
02/18/2016,OSU,OH,AGL,CE,Federal Contract Tower,0,13,20,0,33,0,88,66,0,154,0,101,86,0,187,86,0,86,273
02/19/2016,OSU,OH,AGL,CE,Federal Contract Tower,0,7,20,0,27,0,1,30,0,31,0,8,50,0,58,0,0,0,58
02/20/2016,OSU,OH,AGL,CE,Federal Contract Tower,0,5,13,0,18,0,38,95,0,133,0,43,108,0,151,52,0,52,203
02/21/2016,OSU,OH,AGL,CE,Federal Contract Tower,0,4,12,0,16,0,32,88,0,120,0,36,100,0,136,84,0,84,220
02/22/2016,OSU,OH,AGL,CE,Federal Contract Tower,0,8,21,0,29,0,77,60,0,137,0,85,81,0,166,78,0,78,244
02/23/2016,OSU,OH,AGL,CE,Federal Contract Tower,0,9,17,0,26,0,77,80,0,157,0,86,97,0,183,156,0,156,339
02/24/2016,OSU,OH,AGL,CE,Federal Contract Tower,0,9,5,0,14,0,1,4,0,5,0,10,9,0,19,0,0,0,19
02/25/2016,OSU,OH,AGL,CE,Federal Contract Tower,0,9,10,0,19,0,0,2,0,2,0,9,12,0,21,0,0,0,21
02/26/2016,OSU,OH,AGL,CE,Federal Contract Tower,0,9,26,0,35,0,72,74,0,146,0,81,100,0,181,130,0,130,311
02/27/2016,OSU,OH,AGL,CE,Federal Contract Tower,0,3,7,0,10,0,36,102,0,138,0,39,109,0,148,96,0,96,244
02/28/2016,OSU,OH,AGL,CE,Federal Contract Tower,0,8,14,0,22,0,9,41,0,50,0,17,55,0,72,6,0,6,78
02/29/2016,OSU,OH,AGL,CE,Federal Contract Tower,0,9,15,0,24,0,33,61,0,94,0,42,76,0,118,2,0,2,120
03/01/2016,OSU,OH,AGL,CE,Federal Contract Tower,0,8,15,0,23,0,24,29,0,53,0,32,44,0,76,16,0,16,92
03/02/2016,OSU,OH,AGL,CE,Federal Contract Tower,0,9,15,0,24,0,54,66,0,120,0,63,81,0,144,140,0,140,284
03/03/2016,OSU,OH,AGL,CE,Federal Contract Tower,0,7,15,0,22,0,4,16,0,20,0,11,31,0,42,36,0,36,78
03/04/2016,OSU,OH,AGL,CE,Federal Contract Tower,0,7,18,0,25,0,0,24,0,24,0,7,42,0,49,4,0,4,53
03/05/2016,OSU,OH,AGL,CE,Federal Contract Tower,0,2,8,0,10,0,0,9,0,9,0,2,17,0,19,0,0,0,19
03/07/2016,OSU,OH,AGL,CE,Federal Contract Tower,0,17,27,0,44,0,76,72,0,148,0,93,99,0,192,86,0,86,278
03/08/2016,OSU,OH,AGL,CE,Federal Contract Tower,0,6,21,0,27,0,80,87,0,167,0,86,108,0,194,30,0,30,224
03/09/2016,OSU,OH,AGL,CE,Federal Contract Tower,0,18,30,0,48,0,14,70,0,84,0,32,100,0,132,76,0,76,208
03/10/2016,OSU,OH,AGL,CE,Federal Contract Tower,0,9,26,0,35,0,0,8,0,8,0,9,34,0,43,0,0,0,43
03/11/2016,OSU,OH,AGL,CE,Federal Contract Tower,0,3,23,0,26,0,14,69,0,83,0,17,92,0,109,120,0,120,229
03/12/2016,OSU,OH,AGL,CE,Federal Contract Tower,0,5,15,0,20,0,11,110,0,121,0,16,125,0,141,84,0,84,225
03/13/2016,OSU,OH,AGL,CE,Federal Contract Tower,0,1,30,0,31,0,0,3,0,3,0,1,33,0,34,0,0,0,34
03/14/2016,OSU,OH,AGL,CE,Federal Contract Tower,0,6,16,0,22,0,6,33,0,39,0,12,49,0,61,6,0,6,67
03/15/2016,OSU,OH,AGL,CE,Federal Contract Tower,0,10,25,0,35,0,11,42,0,53,0,21,67,0,88,28,0,28,116
03/16/2016,OSU,OH,AGL,CE,Federal Contract Tower,0,9,21,0,30,0,1,33,0,34,0,10,54,0,64,0,0,0,64
03/17/2016,OSU,OH,AGL,CE,Federal Contract Tower,0,11,21,0,32,0,26,44,0,70,0,37,65,0,102,34,0,34,136
03/18/2016,OSU,OH,AGL,CE,Federal Contract Tower,0,12,28,0,40,0,49,100,0,149,0,61,128,0,189,64,0,64,253
03/19/2016,OSU,OH,AGL,CE,Federal Contract Tower,0,6,11,0,17,0,7,24,0,31,0,13,35,0,48,0,0,0,48
03/20/2016,OSU,OH,AGL,CE,Federal Contract Tower,0,0,9,0,9,0,8,65,0,73,0,8,74,0,82,44,0,44,126
03/21/2016,OSU,OH,AGL,CE,Federal Contract Tower,0,9,20,0,29,0,59,60,0,119,0,68,80,0,148,148,0,148,296
03/22/2016,OSU,OH,AGL,CE,Federal Contract Tower,0,9,17,0,26,0,16,60,0,76,0,25,77,0,102,18,0,18,120
03/23/2016,OSU,OH,AGL,CE,Federal Contract Tower,0,9,31,0,40,0,19,56,0,75,0,28,87,0,115,66,0,66,181
03/24/2016,OSU,OH,AGL,CE,Federal Contract Tower,0,5,14,0,19,0,0,22,0,22,0,5,36,0,41,0,0,0,41
03/25/2016,OSU,OH,AGL,CE,Federal Contract Tower,0,7,18,0,25,0,6,31,0,37,0,13,49,0,62,86,0,86,148
03/26/2016,OSU,OH,AGL,CE,Federal Contract Tower,0,11,17,0,28,0,34,87,0,121,0,45,104,0,149,264,0,264,413
03/27/2016,OSU,OH,AGL,CE,Federal Contract Tower,0,1,17,0,18,0,3,36,0,39,0,4,53,0,57,0,0,0,57
03/28/2016,OSU,OH,AGL,CE,Federal Contract Tower,0,5,19,0,24,0,6,36,0,42,0,11,55,0,66,30,0,30,96
03/29/2016,OSU,OH,AGL,CE,Federal Contract Tower,0,9,20,0,29,0,100,83,0,183,0,109,103,0,212,228,0,228,440
03/30/2016,OSU,OH,AGL,CE,Federal Contract Tower,0,14,20,0,34,0,75,90,0,165,0,89,110,0,199,106,0,106,305
03/31/2016,OSU,OH,AGL,CE,Federal Contract Tower,0,10,18,0,28,0,0,8,0,8,0,10,26,0,36,0,0,0,36
04/01/2016,OSU,OH,AGL,CE,Federal Contract Tower,0,5,16,0,21,0,51,68,0,119,0,56,84,0,140,122,0,122,262
04/02/2016,OSU,OH,AGL,CE,Federal Contract Tower,0,0,12,0,12,0,1,29,0,30,0,1,41,0,42,0,0,0,42
04/03/2016,OSU,OH,AGL,CE,Federal Contract Tower,0,5,19,0,24,0,28,63,0,91,0,33,82,0,115,82,0,82,197
04/04/2016,OSU,OH,AGL,CE,Federal Contract Tower,0,5,22,0,27,0,0,14,0,14,0,5,36,0,41,10,0,10,51
04/05/2016,OSU,OH,AGL,CE,Federal Contract Tower,0,11,41,0,52,0,120,105,0,225,0,131,146,0,277,288,0,288,565
04/06/2016,OSU,OH,AGL,CE,Federal Contract Tower,0,10,35,0,45,0,5,23,0,28,0,15,58,0,73,12,0,12,85
04/07/2016,OSU,OH,AGL,CE,Federal Contract Tower,0,11,32,0,43,0,2,6,0,8,0,13,38,0,51,0,0,0,51
04/08/2016,OSU,OH,AGL,CE,Federal Contract Tower,0,7,21,0,28,0,21,29,3,53,0,28,50,3,81,154,0,154,235
04/09/2016,OSU,OH,AGL,CE,Federal Contract Tower,0,5,7,0,12,0,1,4,0,5,0,6,11,0,17,0,0,0,17
04/10/2016,OSU,OH,AGL,CE,Federal Contract Tower,0,4,25,0,29,0,1,47,0,48,0,5,72,0,77,6,0,6,83
04/11/2016,OSU,OH,AGL,CE,Federal Contract Tower,0,12,20,0,32,0,0,5,0,5,0,12,25,0,37,0,0,0,37
04/12/2016,OSU,OH,AGL,CE,Federal Contract Tower,0,16,37,0,53,0,85,109,0,194,0,101,146,0,247,138,0,138,385
04/13/2016,OSU,OH,AGL,CE,Federal Contract Tower,0,13,28,0,41,0,95,97,6,198,0,108,125,6,239,186,0,186,425
04/14/2016,OSU,OH,AGL,CE,Federal Contract Tower,0,10,44,0,54,0,95,115,0,210,0,105,159,0,264,208,0,208,472
04/15/2016,OSU,OH,AGL,CE,Federal Contract Tower,0,9,26,0,35,0,58,98,0,156,0,67,124,0,191,314,0,314,505
04/16/2016,OSU,OH,AGL,CE,Federal Contract Tower,0,3,12,0,15,0,26,134,0,160,0,29,146,0,175,100,0,100,275
04/17/2016,OSU,OH,AGL,CE,Federal Contract Tower,0,3,16,0,19,0,22,140,0,162,0,25,156,0,181,74,0,74,255
04/18/2016,OSU,OH,AGL,CE,Federal Contract Tower,0,8,23,0,31,0,55,118,0,173,0,63,141,0,204,190,0,190,394
04/19/2016,OSU,OH,AGL,CE,Federal Contract Tower,0,18,22,0,40,0,48,91,0,139,0,66,113,0,179,260,0,260,439
04/20/2016,OSU,OH,AGL,CE,Federal Contract Tower,0,15,19,0,34,0,75,91,2,168,0,90,110,2,202,208,0,208,410
04/21/2016,OSU,OH,AGL,CE,Federal Contract Tower,0,15,24,0,39,0,7,28,0,35,0,22,52,0,74,60,0,60,134
04/22/2016,OSU,OH,AGL,CE,Federal Contract Tower,0,14,26,0,40,0,5,25,0,30,0,19,51,0,70,98,0,98,168
04/23/2016,OSU,OH,AGL,CE,Federal Contract Tower,0,6,9,0,15,0,1,48,0,49,0,7,57,0,64,44,0,44,108
04/24/2016,OSU,OH,AGL,CE,Federal Contract Tower,0,7,28,0,35,0,31,113,0,144,0,38,141,0,179,140,0,140,319
04/25/2016,OSU,OH,AGL,CE,Federal Contract Tower,0,8,19,0,27,0,42,58,0,100,0,50,77,0,127,84,0,84,211
04/26/2016,OSU,OH,AGL,CE,Federal Contract Tower,0,10,27,0,37,0,5,35,0,40,0,15,62,0,77,30,0,30,107
04/27/2016,OSU,OH,AGL,CE,Federal Contract Tower,0,18,30,0,48,0,18,29,0,47,0,36,59,0,95,114,0,114,209
04/28/2016,OSU,OH,AGL,CE,Federal Contract Tower,0,13,28,0,41,0,4,11,0,15,0,17,39,0,56,50,0,50,106
04/29/2016,OSU,OH,AGL,CE,Federal Contract Tower,0,9,28,0,37,0,3,12,0,15,0,12,40,0,52,20,0,20,72
04/30/2016,OSU,OH,AGL,CE,Federal Contract Tower,0,4,21,0,25,0,4,16,0,20,0,8,37,0,45,102,0,102,147
05/01/2016,OSU,OH,AGL,CE,Federal Contract Tower,0,3,9,0,12,0,9,27,0,36,0,12,36,0,48,54,0,54,102
05/02/2016,OSU,OH,AGL,CE,Federal Contract Tower,0,11,24,0,35,0,9,19,0,28,0,20,43,0,63,316,0,316,379
05/03/2016,OSU,OH,AGL,CE,Federal Contract Tower,0,19,50,0,69,0,58,93,0,151,0,77,143,0,220,1202,0,1202,1422
05/04/2016,OSU,OH,AGL,CE,Federal Contract Tower,0,5,21,1,27,0,34,57,0,91,0,39,78,1,118,772,0,772,890
05/05/2016,OSU,OH,AGL,CE,Federal Contract Tower,0,14,36,0,50,0,3,52,5,60,0,17,88,5,110,262,4,266,376
05/06/2016,OSU,OH,AGL,CE,Federal Contract Tower,0,9,29,0,38,0,69,202,0,271,0,78,231,0,309,484,0,484,793
05/07/2016,OSU,OH,AGL,CE,Federal Contract Tower,0,2,24,0,26,0,91,159,0,250,0,93,183,0,276,1160,0,1160,1436
05/08/2016,OSU,OH,AGL,CE,Federal Contract Tower,0,5,24,0,29,0,66,163,0,229,0,71,187,0,258,36,0,36,294
05/09/2016,OSU,OH,AGL,CE,Federal Contract Tower,0,6,25,0,31,0,6,38,0,44,0,12,63,0,75,218,0,218,293
05/10/2016,OSU,OH,AGL,CE,Federal Contract Tower,0,15,27,0,42,0,20,35,0,55,0,35,62,0,97,580,0,580,677
05/11/2016,OSU,OH,AGL,CE,Federal Contract Tower,2,13,45,1,61,0,12,38,1,51,2,25,83,2,112,830,0,830,942
05/12/2016,OSU,OH,AGL,CE,Federal Contract Tower,0,9,34,1,44,0,36,101,1,138,0,45,135,2,182,846,0,846,1028
05/13/2016,OSU,OH,AGL,CE,Federal Contract Tower,2,16,24,0,42,0,66,253,0,319,2,82,277,0,361,96,0,96,457
05/14/2016,OSU,OH,AGL,CE,Federal Contract Tower,0,4,22,0,26,0,0,24,0,24,0,4,46,0,50,38,0,38,88
05/15/2016,OSU,OH,AGL,CE,Federal Contract Tower,0,10,29,0,39,0,22,92,0,114,0,32,121,0,153,0,0,0,153
05/16/2016,OSU,OH,AGL,CE,Federal Contract Tower,0,12,21,0,33,0,56,100,0,156,0,68,121,0,189,268,0,268,457
05/17/2016,OSU,OH,AGL,CE,Federal Contract Tower,0,10,34,0,44,0,51,89,0,140,0,61,123,0,184,176,0,176,360
05/18/2016,OSU,OH,AGL,CE,Federal Contract Tower,0,14,26,0,40,0,83,92,2,177,0,97,118,2,217,176,24,200,417
05/19/2016,OSU,OH,AGL,CE,Federal Contract Tower,0,15,42,0,57,0,80,112,0,192,0,95,154,0,249,174,0,174,423
05/20/2016,OSU,OH,AGL,CE,Federal Contract Tower,0,17,32,0,49,0,70,88,0,158,0,87,120,0,207,122,0,122,329
05/21/2016,OSU,OH,AGL,CE,Federal Contract Tower,0,6,17,0,23,0,0,10,0,10,0,6,27,0,33,10,0,10,43
05/22/2016,OSU,OH,AGL,CE,Federal Contract Tower,0,11,9,0,20,0,17,103,0,120,0,28,112,0,140,62,0,62,202
05/23/2016,OSU,OH,AGL,CE,Federal Contract Tower,0,9,26,0,35,0,54,91,0,145,0,63,117,0,180,138,0,138,318
05/24/2016,OSU,OH,AGL,CE,Federal Contract Tower,0,13,25,2,40,0,70,96,0,166,0,83,121,2,206,120,0,120,326
05/25/2016,OSU,OH,AGL,CE,Federal Contract Tower,0,10,30,0,40,0,43,57,0,100,0,53,87,0,140,106,0,106,246
05/26/2016,OSU,OH,AGL,CE,Federal Contract Tower,0,13,27,0,40,0,25,50,2,77,0,38,77,2,117,110,8,118,235
05/27/2016,OSU,OH,AGL,CE,Federal Contract Tower,0,11,22,0,33,0,53,90,0,143,0,64,112,0,176,110,0,110,286
05/28/2016,OSU,OH,AGL,CE,Federal Contract Tower,0,4,18,0,22,0,4,67,0,71,0,8,85,0,93,94,0,94,187
05/29/2016,OSU,OH,AGL,CE,Federal Contract Tower,0,5,6,0,11,0,17,68,0,85,0,22,74,0,96,98,0,98,194
05/30/2016,OSU,OH,AGL,CE,Federal Contract Tower,0,9,23,0,32,0,0,85,0,85,0,9,108,0,117,46,0,46,163
05/31/2016,OSU,OH,AGL,CE,Federal Contract Tower,0,29,38,0,67,0,57,84,0,141,0,86,122,0,208,126,0,126,334
06/01/2016,OSU,OH,AGL,CE,Federal Contract Tower,0,20,31,0,51,0,53,48,0,101,0,73,79,0,152,126,0,126,278
06/02/2016,OSU,OH,AGL,CE,Federal Contract Tower,0,10,40,0,50,0,27,59,0,86,0,37,99,0,136,94,0,94,230
06/03/2016,OSU,OH,AGL,CE,Federal Contract Tower,0,10,52,0,62,0,35,83,2,120,0,45,135,2,182,170,0,170,352
06/04/2016,OSU,OH,AGL,CE,Federal Contract Tower,0,7,11,0,18,0,5,33,0,38,0,12,44,0,56,14,0,14,70
06/05/2016,OSU,OH,AGL,CE,Federal Contract Tower,0,31,27,0,58,0,0,31,0,31,0,31,58,0,89,0,0,0,89
06/06/2016,OSU,OH,AGL,CE,Federal Contract Tower,0,22,23,0,45,0,25,45,4,74,0,47,68,4,119,30,0,30,149
06/07/2016,OSU,OH,AGL,CE,Federal Contract Tower,0,9,25,0,34,0,16,62,0,78,0,25,87,0,112,26,0,26,138
06/08/2016,OSU,OH,AGL,CE,Federal Contract Tower,0,14,29,0,43,0,36,80,0,116,0,50,109,0,159,96,0,96,255
06/09/2016,OSU,OH,AGL,CE,Federal Contract Tower,0,14,31,0,45,0,55,87,0,142,0,69,118,0,187,190,0,190,377
06/10/2016,OSU,OH,AGL,CE,Federal Contract Tower,0,9,24,0,33,0,23,59,0,82,0,32,83,0,115,126,0,126,241
06/11/2016,OSU,OH,AGL,CE,Federal Contract Tower,0,4,12,0,16,0,15,71,4,90,0,19,83,4,106,24,26,50,156
06/12/2016,OSU,OH,AGL,CE,Federal Contract Tower,0,2,12,0,14,0,10,67,0,77,0,12,79,0,91,24,0,24,115
06/13/2016,OSU,OH,AGL,CE,Federal Contract Tower,0,9,13,0,22,0,67,82,1,150,0,76,95,1,172,224,0,224,396
06/14/2016,OSU,OH,AGL,CE,Federal Contract Tower,0,8,24,0,32,0,53,78,0,131,0,61,102,0,163,262,0,262,425
06/15/2016,OSU,OH,AGL,CE,Federal Contract Tower,0,15,18,0,33,0,5,42,0,47,0,20,60,0,80,36,0,36,116
06/16/2016,OSU,OH,AGL,CE,Federal Contract Tower,0,9,29,0,38,0,6,22,0,28,0,15,51,0,66,86,0,86,152
06/17/2016,OSU,OH,AGL,CE,Federal Contract Tower,0,9,31,0,40,0,24,86,0,110,0,33,117,0,150,58,0,58,208
06/18/2016,OSU,OH,AGL,CE,Federal Contract Tower,0,6,20,0,26,0,18,124,0,142,0,24,144,0,168,200,0,200,368
06/19/2016,OSU,OH,AGL,CE,Federal Contract Tower,0,8,22,0,30,0,10,114,0,124,0,18,136,0,154,50,0,50,204
06/20/2016,OSU,OH,AGL,CE,Federal Contract Tower,0,9,19,0,28,0,16,73,0,89,0,25,92,0,117,144,0,144,261
06/21/2016,OSU,OH,AGL,CE,Federal Contract Tower,0,11,31,0,42,0,41,105,0,146,0,52,136,0,188,142,0,142,330
06/22/2016,OSU,OH,AGL,CE,Federal Contract Tower,0,7,33,0,40,0,40,76,7,123,0,47,109,7,163,152,0,152,315
06/23/2016,OSU,OH,AGL,CE,Federal Contract Tower,0,4,34,0,38,0,8,16,0,24,0,12,50,0,62,26,0,26,88
06/24/2016,OSU,OH,AGL,CE,Federal Contract Tower,0,10,28,0,38,0,59,97,0,156,0,69,125,0,194,164,0,164,358
06/25/2016,OSU,OH,AGL,CE,Federal Contract Tower,0,7,17,0,24,0,40,69,0,109,0,47,86,0,133,88,0,88,221
06/26/2016,OSU,OH,AGL,CE,Federal Contract Tower,0,4,27,0,31,0,11,84,0,95,0,15,111,0,126,36,0,36,162
06/27/2016,OSU,OH,AGL,CE,Federal Contract Tower,0,4,22,0,26,0,50,84,0,134,0,54,106,0,160,128,0,128,288
06/28/2016,OSU,OH,AGL,CE,Federal Contract Tower,0,5,27,0,32,0,60,83,0,143,0,65,110,0,175,158,2,160,335
06/29/2016,OSU,OH,AGL,CE,Federal Contract Tower,0,10,36,0,46,0,34,67,0,101,0,44,103,0,147,116,0,116,263
06/30/2016,OSU,OH,AGL,CE,Federal Contract Tower,0,9,33,0,42,0,66,80,4,150,0,75,113,4,192,270,0,270,462
07/01/2016,OSU,OH,AGL,CE,Federal Contract Tower,0,13,14,0,27,0,6,93,0,99,0,19,107,0,126,128,0,128,254
07/02/2016,OSU,OH,AGL,CE,Federal Contract Tower,0,6,16,0,22,0,14,72,0,86,0,20,88,0,108,30,0,30,138
07/03/2016,OSU,OH,AGL,CE,Federal Contract Tower,0,1,14,0,15,0,2,63,0,65,0,3,77,0,80,12,0,12,92
07/04/2016,OSU,OH,AGL,CE,Federal Contract Tower,0,1,6,0,7,0,0,10,0,10,0,1,16,0,17,0,0,0,17
07/05/2016,OSU,OH,AGL,CE,Federal Contract Tower,0,7,19,0,26,0,14,66,0,80,0,21,85,0,106,174,0,174,280
07/06/2016,OSU,OH,AGL,CE,Federal Contract Tower,0,8,32,0,40,0,30,63,0,93,0,38,95,0,133,150,0,150,283
07/07/2016,OSU,OH,AGL,CE,Federal Contract Tower,0,17,34,0,51,0,50,63,0,113,0,67,97,0,164,178,0,178,342
07/08/2016,OSU,OH,AGL,CE,Federal Contract Tower,0,10,22,0,32,0,16,62,0,78,0,26,84,0,110,124,0,124,234
07/09/2016,OSU,OH,AGL,CE,Federal Contract Tower,0,5,15,0,20,0,46,86,0,132,0,51,101,0,152,22,0,22,174
07/10/2016,OSU,OH,AGL,CE,Federal Contract Tower,0,4,23,0,27,0,18,102,0,120,0,22,125,0,147,84,0,84,231
07/11/2016,OSU,OH,AGL,CE,Federal Contract Tower,0,4,11,0,15,0,44,80,2,126,0,48,91,2,141,106,0,106,247
07/12/2016,OSU,OH,AGL,CE,Federal Contract Tower,0,11,28,0,39,0,114,66,2,182,0,125,94,2,221,38,0,38,259
07/13/2016,OSU,OH,AGL,CE,Federal Contract Tower,0,9,33,0,42,0,12,65,0,77,0,21,98,0,119,100,0,100,219
07/14/2016,OSU,OH,AGL,CE,Federal Contract Tower,0,21,36,0,57,0,50,54,0,104,0,71,90,0,161,102,0,102,263
07/15/2016,OSU,OH,AGL,CE,Federal Contract Tower,0,12,21,0,33,0,34,81,0,115,0,46,102,0,148,102,0,102,250
07/16/2016,OSU,OH,AGL,CE,Federal Contract Tower,0,8,19,0,27,0,20,83,0,103,0,28,102,0,130,100,0,100,230
07/17/2016,OSU,OH,AGL,CE,Federal Contract Tower,0,12,27,0,39,0,5,78,4,87,0,17,105,4,126,30,0,30,156
07/18/2016,OSU,OH,AGL,CE,Federal Contract Tower,0,12,21,0,33,0,18,57,0,75,0,30,78,0,108,120,0,120,228
07/19/2016,OSU,OH,AGL,CE,Federal Contract Tower,0,15,31,0,46,0,63,72,4,139,0,78,103,4,185,259,0,259,444
07/20/2016,OSU,OH,AGL,CE,Federal Contract Tower,0,14,31,0,45,0,32,95,0,127,0,46,126,0,172,88,0,88,260
07/21/2016,OSU,OH,AGL,CE,Federal Contract Tower,0,12,35,0,47,0,36,79,0,115,0,48,114,0,162,90,0,90,252
07/22/2016,OSU,OH,AGL,CE,Federal Contract Tower,0,8,25,0,33,0,27,67,0,94,0,35,92,0,127,106,0,106,233
07/23/2016,OSU,OH,AGL,CE,Federal Contract Tower,0,5,10,0,15,0,7,59,0,66,0,12,69,0,81,40,0,40,121
07/24/2016,OSU,OH,AGL,CE,Federal Contract Tower,0,6,20,0,26,0,25,74,0,99,0,31,94,0,125,90,0,90,215
07/25/2016,OSU,OH,AGL,CE,Federal Contract Tower,0,9,16,0,25,0,23,81,0,104,0,32,97,0,129,94,0,94,223
07/26/2016,OSU,OH,AGL,CE,Federal Contract Tower,0,13,31,0,44,0,32,68,0,100,0,45,99,0,144,118,0,118,262
07/27/2016,OSU,OH,AGL,CE,Federal Contract Tower,0,9,20,0,29,0,55,101,0,156,0,64,121,0,185,156,0,156,341
07/28/2016,OSU,OH,AGL,CE,Federal Contract Tower,0,6,26,0,32,0,2,26,0,28,0,8,52,0,60,98,0,98,158
07/29/2016,OSU,OH,AGL,CE,Federal Contract Tower,0,3,17,0,20,0,0,18,0,18,0,3,35,0,38,16,0,16,54
07/30/2016,OSU,OH,AGL,CE,Federal Contract Tower,0,8,10,0,18,0,0,23,0,23,0,8,33,0,41,4,0,4,45
07/31/2016,OSU,OH,AGL,CE,Federal Contract Tower,0,2,28,0,30,0,4,86,0,90,0,6,114,0,120,46,0,46,166
08/01/2016,OSU,OH,AGL,CE,Federal Contract Tower,0,2,30,0,32,0,23,69,0,92,0,25,99,0,124,80,0,80,204
08/02/2016,OSU,OH,AGL,CE,Federal Contract Tower,0,10,29,0,39,0,45,84,0,129,0,55,113,0,168,126,0,126,294
08/03/2016,OSU,OH,AGL,CE,Federal Contract Tower,0,18,27,0,45,0,45,91,0,136,0,63,118,0,181,148,4,152,333
08/04/2016,OSU,OH,AGL,CE,Federal Contract Tower,0,10,25,0,35,0,32,63,0,95,0,42,88,0,130,160,0,160,290
08/05/2016,OSU,OH,AGL,CE,Federal Contract Tower,0,15,18,0,33,0,26,76,0,102,0,41,94,0,135,108,0,108,243
08/06/2016,OSU,OH,AGL,CE,Federal Contract Tower,0,4,28,0,32,0,9,75,0,84,0,13,103,0,116,28,0,28,144
08/07/2016,OSU,OH,AGL,CE,Federal Contract Tower,0,1,21,0,22,0,9,82,0,91,0,10,103,0,113,22,0,22,135
08/08/2016,OSU,OH,AGL,CE,Federal Contract Tower,0,7,25,0,32,0,21,84,2,107,0,28,109,2,139,54,0,54,193
08/09/2016,OSU,OH,AGL,CE,Federal Contract Tower,0,21,19,0,40,0,15,44,0,59,0,36,63,0,99,70,0,70,169
08/10/2016,OSU,OH,AGL,CE,Federal Contract Tower,0,22,30,0,52,0,1,31,0,32,0,23,61,0,84,86,0,86,170
08/11/2016,OSU,OH,AGL,CE,Federal Contract Tower,0,16,35,0,51,0,20,47,0,67,0,36,82,0,118,24,0,24,142
08/12/2016,OSU,OH,AGL,CE,Federal Contract Tower,0,16,22,0,38,0,13,62,0,75,0,29,84,0,113,28,0,28,141
08/13/2016,OSU,OH,AGL,CE,Federal Contract Tower,0,4,9,2,15,0,0,38,0,38,0,4,47,2,53,30,0,30,83
08/14/2016,OSU,OH,AGL,CE,Federal Contract Tower,0,11,14,0,25,0,3,4,0,7,0,14,18,0,32,0,0,0,32
08/15/2016,OSU,OH,AGL,CE,Federal Contract Tower,0,16,12,0,28,0,5,22,0,27,0,21,34,0,55,16,0,16,71
08/16/2016,OSU,OH,AGL,CE,Federal Contract Tower,0,14,16,0,30,0,2,15,0,17,0,16,31,0,47,40,0,40,87
08/17/2016,OSU,OH,AGL,CE,Federal Contract Tower,0,14,25,0,39,0,5,30,0,35,0,19,55,0,74,0,0,0,74
08/18/2016,OSU,OH,AGL,CE,Federal Contract Tower,0,20,34,0,54,0,6,41,0,47,0,26,75,0,101,110,0,110,211
08/19/2016,OSU,OH,AGL,CE,Federal Contract Tower,0,10,20,0,30,0,10,59,0,69,0,20,79,0,99,38,0,38,137
08/20/2016,OSU,OH,AGL,CE,Federal Contract Tower,0,7,16,0,23,0,3,34,0,37,0,10,50,0,60,28,0,28,88
08/21/2016,OSU,OH,AGL,CE,Federal Contract Tower,0,5,9,0,14,0,11,77,0,88,0,16,86,0,102,60,0,60,162
08/23/2016,OSU,OH,AGL,CE,Federal Contract Tower,0,7,24,0,31,0,27,76,3,106,0,34,100,3,137,122,6,128,265
08/24/2016,OSU,OH,AGL,CE,Federal Contract Tower,0,13,44,0,57,0,74,103,0,177,0,87,147,0,234,46,0,46,280
08/25/2016,OSU,OH,AGL,CE,Federal Contract Tower,0,14,37,0,51,0,19,60,0,79,0,33,97,0,130,48,0,48,178
08/26/2016,OSU,OH,AGL,CE,Federal Contract Tower,0,10,26,0,36,0,69,90,1,160,0,79,116,1,196,80,0,80,276
08/27/2016,OSU,OH,AGL,CE,Federal Contract Tower,2,4,20,0,26,0,10,82,0,92,2,14,102,0,118,26,0,26,144
08/28/2016,OSU,OH,AGL,CE,Federal Contract Tower,0,6,20,0,26,0,8,52,0,60,0,14,72,0,86,10,0,10,96
08/29/2016,OSU,OH,AGL,CE,Federal Contract Tower,0,17,22,1,40,0,105,87,0,192,0,122,109,1,232,142,2,144,376
08/30/2016,OSU,OH,AGL,CE,Federal Contract Tower,0,8,30,0,38,0,113,88,0,201,0,121,118,0,239,154,0,154,393
08/31/2016,OSU,OH,AGL,CE,Federal Contract Tower,0,6,20,1,27,0,67,45,0,112,0,73,65,1,139,48,0,48,187
09/01/2016,OSU,OH,AGL,CE,Federal Contract Tower,0,8,27,0,35,0,49,64,0,113,0,57,91,0,148,48,0,48,196
09/02/2016,OSU,OH,AGL,CE,Federal Contract Tower,0,11,22,0,33,0,50,92,0,142,0,61,114,0,175,88,0,88,263
09/03/2016,OSU,OH,AGL,CE,Federal Contract Tower,0,16,19,0,35,0,7,109,0,116,0,23,128,0,151,4,0,4,155
09/04/2016,OSU,OH,AGL,CE,Federal Contract Tower,0,3,15,0,18,0,5,75,0,80,0,8,90,0,98,28,0,28,126
09/05/2016,OSU,OH,AGL,CE,Federal Contract Tower,0,8,16,0,24,0,1,78,0,79,0,9,94,0,103,34,0,34,137
09/06/2016,OSU,OH,AGL,CE,Federal Contract Tower,0,6,33,0,39,0,86,89,0,175,0,92,122,0,214,284,0,284,498
09/07/2016,OSU,OH,AGL,CE,Federal Contract Tower,0,15,41,0,56,0,94,87,0,181,0,109,128,0,237,162,0,162,399
09/08/2016,OSU,OH,AGL,CE,Federal Contract Tower,0,13,38,0,51,0,27,48,0,75,0,40,86,0,126,64,0,64,190
09/09/2016,OSU,OH,AGL,CE,Federal Contract Tower,0,10,35,0,45,0,32,40,0,72,0,42,75,0,117,104,0,104,221
09/10/2016,OSU,OH,AGL,CE,Federal Contract Tower,0,10,16,0,26,0,3,29,0,32,0,13,45,0,58,122,0,122,180
09/11/2016,OSU,OH,AGL,CE,Federal Contract Tower,0,8,29,2,39,0,16,145,0,161,0,24,174,2,200,36,0,36,236
09/12/2016,OSU,OH,AGL,CE,Federal Contract Tower,0,7,13,0,20,0,121,101,0,222,0,128,114,0,242,152,0,152,394
09/13/2016,OSU,OH,AGL,CE,Federal Contract Tower,0,16,30,0,46,0,93,88,0,181,0,109,118,0,227,130,0,130,357
09/14/2016,OSU,OH,AGL,CE,Federal Contract Tower,0,18,38,0,56,0,7,45,0,52,0,25,83,0,108,74,0,74,182
09/15/2016,OSU,OH,AGL,CE,Federal Contract Tower,0,13,30,0,43,0,90,113,4,207,0,103,143,4,250,228,0,228,478
09/16/2016,OSU,OH,AGL,CE,Federal Contract Tower,0,19,29,3,51,0,70,103,2,175,0,89,132,5,226,84,0,84,310
09/17/2016,OSU,OH,AGL,CE,Federal Contract Tower,0,6,5,2,13,0,0,48,8,56,0,6,53,10,69,0,18,18,87
09/18/2016,OSU,OH,AGL,CE,Federal Contract Tower,0,2,27,0,29,0,0,65,0,65,0,2,92,0,94,52,0,52,146
09/19/2016,OSU,OH,AGL,CE,Federal Contract Tower,0,8,17,0,25,0,54,54,0,108,0,62,71,0,133,106,0,106,239
09/20/2016,OSU,OH,AGL,CE,Federal Contract Tower,0,5,24,0,29,0,80,81,0,161,0,85,105,0,190,186,0,186,376
09/21/2016,OSU,OH,AGL,CE,Federal Contract Tower,0,7,18,0,25,0,110,85,2,197,0,117,103,2,222,196,0,196,418
09/22/2016,OSU,OH,AGL,CE,Federal Contract Tower,0,9,14,0,23,0,93,66,2,161,0,102,80,2,184,157,0,157,341
09/23/2016,OSU,OH,AGL,CE,Federal Contract Tower,0,12,29,0,41,0,64,74,0,138,0,76,103,0,179,91,0,91,270
09/24/2016,OSU,OH,AGL,CE,Federal Contract Tower,0,11,15,0,26,0,32,76,0,108,0,43,91,0,134,238,0,238,372
09/25/2016,OSU,OH,AGL,CE,Federal Contract Tower,0,7,17,0,24,0,24,85,0,109,0,31,102,0,133,36,0,36,169
09/26/2016,OSU,OH,AGL,CE,Federal Contract Tower,0,9,22,0,31,0,17,18,0,35,0,26,40,0,66,0,0,0,66
09/27/2016,OSU,OH,AGL,CE,Federal Contract Tower,0,14,34,0,48,0,29,65,0,94,0,43,99,0,142,38,0,38,180
09/28/2016,OSU,OH,AGL,CE,Federal Contract Tower,0,13,27,0,40,0,1,5,0,6,0,14,32,0,46,8,0,8,54
09/29/2016,OSU,OH,AGL,CE,Federal Contract Tower,0,10,27,0,37,0,0,14,0,14,0,10,41,0,51,4,0,4,55
09/30/2016,OSU,OH,AGL,CE,Federal Contract Tower,0,6,34,0,40,0,1,5,0,6,0,7,39,0,46,12,0,12,58
10/01/2016,OSU,OH,AGL,CE,Federal Contract Tower,0,9,26,0,35,0,5,47,0,52,0,14,73,0,87,26,0,26,113
10/02/2016,OSU,OH,AGL,CE,Federal Contract Tower,0,8,39,0,47,0,9,78,0,87,0,17,117,0,134,40,0,40,174
10/03/2016,OSU,OH,AGL,CE,Federal Contract Tower,0,16,38,0,54,0,77,70,0,147,0,93,108,0,201,124,0,124,325
10/04/2016,OSU,OH,AGL,CE,Federal Contract Tower,0,14,24,0,38,0,109,97,0,206,0,123,121,0,244,120,0,120,364
10/05/2016,OSU,OH,AGL,CE,Federal Contract Tower,0,14,33,0,47,0,76,86,2,164,0,90,119,2,211,102,0,102,313
10/06/2016,OSU,OH,AGL,CE,Federal Contract Tower,0,8,40,0,48,0,126,83,0,209,0,134,123,0,257,126,4,130,387
10/07/2016,OSU,OH,AGL,CE,Federal Contract Tower,0,12,21,0,33,0,73,80,0,153,0,85,101,0,186,194,0,194,380
10/08/2016,OSU,OH,AGL,CE,Federal Contract Tower,0,7,19,0,26,0,4,40,0,44,0,11,59,0,70,0,0,0,70
10/09/2016,OSU,OH,AGL,CE,Federal Contract Tower,0,1,30,0,31,0,7,90,0,97,0,8,120,0,128,14,0,14,142
10/10/2016,OSU,OH,AGL,CE,Federal Contract Tower,0,7,18,0,25,0,42,58,0,100,0,49,76,0,125,86,0,86,211
10/11/2016,OSU,OH,AGL,CE,Federal Contract Tower,0,10,27,0,37,0,56,66,0,122,0,66,93,0,159,116,0,116,275
10/12/2016,OSU,OH,AGL,CE,Federal Contract Tower,0,12,31,0,43,0,63,50,1,114,0,75,81,1,157,52,0,52,209
10/13/2016,OSU,OH,AGL,CE,Federal Contract Tower,0,9,31,0,40,0,10,47,0,57,0,19,78,0,97,36,0,36,133
10/14/2016,OSU,OH,AGL,CE,Federal Contract Tower,0,11,24,0,35,0,56,78,0,134,0,67,102,0,169,80,0,80,249
10/15/2016,OSU,OH,AGL,CE,Federal Contract Tower,0,3,16,0,19,0,12,66,0,78,0,15,82,0,97,8,0,8,105
10/16/2016,OSU,OH,AGL,CE,Federal Contract Tower,0,10,23,0,33,0,2,68,0,70,0,12,91,0,103,16,0,16,119
10/17/2016,OSU,OH,AGL,CE,Federal Contract Tower,0,7,15,0,22,0,30,50,0,80,0,37,65,0,102,54,0,54,156
10/18/2016,OSU,OH,AGL,CE,Federal Contract Tower,0,4,22,0,26,0,8,20,0,28,0,12,42,0,54,0,0,0,54
10/19/2016,OSU,OH,AGL,CE,Federal Contract Tower,0,8,34,0,42,0,72,63,0,135,0,80,97,0,177,154,0,154,331
10/20/2016,OSU,OH,AGL,CE,Federal Contract Tower,0,11,29,0,40,0,0,0,0,0,0,11,29,0,40,0,0,0,40
10/21/2016,OSU,OH,AGL,CE,Federal Contract Tower,0,8,24,0,32,0,5,5,0,10,0,13,29,0,42,0,0,0,42
10/22/2016,OSU,OH,AGL,CE,Federal Contract Tower,0,0,13,0,13,0,10,48,0,58,0,10,61,0,71,12,0,12,83
10/23/2016,OSU,OH,AGL,CE,Federal Contract Tower,0,5,18,0,23,0,3,76,0,79,0,8,94,0,102,10,0,10,112
10/24/2016,OSU,OH,AGL,CE,Federal Contract Tower,0,13,21,0,34,0,60,79,0,139,0,73,100,0,173,82,0,82,255
10/25/2016,OSU,OH,AGL,CE,Federal Contract Tower,0,16,33,0,49,0,139,126,0,265,0,155,159,0,314,160,0,160,474
10/26/2016,OSU,OH,AGL,CE,Federal Contract Tower,0,20,21,1,42,0,54,67,0,121,0,74,88,1,163,176,0,176,339
10/27/2016,OSU,OH,AGL,CE,Federal Contract Tower,0,12,30,1,43,0,2,27,0,29,0,14,57,1,72,0,0,0,72
10/28/2016,OSU,OH,AGL,CE,Federal Contract Tower,0,17,32,0,49,0,103,117,0,220,0,120,149,0,269,172,0,172,441
10/29/2016,OSU,OH,AGL,CE,Federal Contract Tower,0,11,23,0,34,0,13,51,0,64,0,24,74,0,98,0,0,0,98
10/30/2016,OSU,OH,AGL,CE,Federal Contract Tower,0,10,31,0,41,0,2,33,0,35,0,12,64,0,76,24,0,24,100
10/31/2016,OSU,OH,AGL,CE,Federal Contract Tower,0,11,12,0,23,0,47,52,0,99,0,58,64,0,122,104,0,104,226
11/01/2016,OSU,OH,AGL,CE,Federal Contract Tower,0,9,13,0,22,0,44,41,0,85,0,53,54,0,107,140,0,140,247
11/02/2016,OSU,OH,AGL,CE,Federal Contract Tower,0,11,31,0,42,0,74,75,0,149,0,85,106,0,191,66,0,66,257
11/03/2016,OSU,OH,AGL,CE,Federal Contract Tower,0,14,37,0,51,0,0,23,0,23,0,14,60,0,74,38,0,38,112
11/04/2016,OSU,OH,AGL,CE,Federal Contract Tower,0,9,38,0,47,0,29,55,0,84,0,38,93,0,131,246,0,246,377
11/05/2016,OSU,OH,AGL,CE,Federal Contract Tower,0,8,31,0,39,0,19,114,0,133,0,27,145,0,172,36,0,36,208
11/06/2016,OSU,OH,AGL,CE,Federal Contract Tower,0,10,35,0,45,0,39,115,0,154,0,49,150,0,199,56,0,56,255
11/07/2016,OSU,OH,AGL,CE,Federal Contract Tower,0,11,16,0,27,0,90,85,0,175,0,101,101,0,202,212,0,212,414
11/08/2016,OSU,OH,AGL,CE,Federal Contract Tower,0,9,27,0,36,0,37,50,0,87,0,46,77,0,123,120,0,120,243
11/09/2016,OSU,OH,AGL,CE,Federal Contract Tower,0,8,23,8,39,0,7,52,0,59,0,15,75,8,98,30,0,30,128
11/10/2016,OSU,OH,AGL,CE,Federal Contract Tower,0,11,40,0,51,0,80,98,0,178,0,91,138,0,229,82,8,90,319
11/11/2016,OSU,OH,AGL,CE,Federal Contract Tower,0,9,23,0,32,0,7,66,0,73,0,16,89,0,105,0,0,0,105
11/12/2016,OSU,OH,AGL,CE,Federal Contract Tower,0,4,16,0,20,0,14,76,0,90,0,18,92,0,110,30,0,30,140
11/13/2016,OSU,OH,AGL,CE,Federal Contract Tower,0,3,20,0,23,0,19,99,0,118,0,22,119,0,141,114,0,114,255
11/15/2016,OSU,OH,AGL,CE,Federal Contract Tower,0,10,32,0,42,0,54,64,2,120,0,64,96,2,162,182,2,184,346
11/16/2016,OSU,OH,AGL,CE,Federal Contract Tower,0,8,32,0,40,0,27,58,0,85,0,35,90,0,125,192,0,192,317
11/17/2016,OSU,OH,AGL,CE,Federal Contract Tower,0,10,31,0,41,0,88,80,4,172,0,98,111,4,213,140,8,148,361
11/18/2016,OSU,OH,AGL,CE,Federal Contract Tower,0,7,35,0,42,0,51,74,0,125,0,58,109,0,167,26,0,26,193
11/19/2016,OSU,OH,AGL,CE,Federal Contract Tower,0,10,6,0,16,0,0,14,0,14,0,10,20,0,30,0,0,0,30
11/20/2016,OSU,OH,AGL,CE,Federal Contract Tower,0,9,13,0,22,0,0,27,0,27,0,9,40,0,49,4,0,4,53
11/21/2016,OSU,OH,AGL,CE,Federal Contract Tower,0,10,19,0,29,0,44,81,0,125,0,54,100,0,154,114,0,114,268
11/22/2016,OSU,OH,AGL,CE,Federal Contract Tower,0,21,22,0,43,0,76,78,0,154,0,97,100,0,197,236,0,236,433
11/23/2016,OSU,OH,AGL,CE,Federal Contract Tower,0,8,15,0,23,0,3,22,0,25,0,11,37,0,48,14,0,14,62
11/24/2016,OSU,OH,AGL,CE,Federal Contract Tower,0,6,15,0,21,0,0,0,0,0,0,6,15,0,21,0,0,0,21
11/25/2016,OSU,OH,AGL,CE,Federal Contract Tower,0,8,18,0,26,0,2,9,0,11,0,10,27,0,37,12,0,12,49
11/26/2016,OSU,OH,AGL,CE,Federal Contract Tower,0,38,57,0,95,0,14,46,0,60,0,52,103,0,155,8,0,8,163
11/27/2016,OSU,OH,AGL,CE,Federal Contract Tower,0,6,23,0,29,0,4,73,0,77,0,10,96,0,106,12,0,12,118
11/28/2016,OSU,OH,AGL,CE,Federal Contract Tower,0,6,15,0,21,0,24,35,0,59,0,30,50,0,80,44,0,44,124
11/29/2016,OSU,OH,AGL,CE,Federal Contract Tower,0,10,33,0,43,0,45,45,0,90,0,55,78,0,133,90,0,90,223
11/30/2016,OSU,OH,AGL,CE,Federal Contract Tower,0,16,18,0,34,0,2,8,0,10,0,18,26,0,44,0,0,0,44
12/01/2016,OSU,OH,AGL,CE,Federal Contract Tower,0,14,14,0,28,0,6,23,0,29,0,20,37,0,57,52,0,52,109
12/02/2016,OSU,OH,AGL,CE,Federal Contract Tower,0,8,20,0,28,0,15,21,0,36,0,23,41,0,64,64,0,64,128
12/03/2016,OSU,OH,AGL,CE,Federal Contract Tower,0,3,12,0,15,0,26,58,0,84,0,29,70,0,99,76,0,76,175
12/04/2016,OSU,OH,AGL,CE,Federal Contract Tower,0,6,9,0,15,0,8,25,0,33,0,14,34,0,48,30,0,30,78
12/05/2016,OSU,OH,AGL,CE,Federal Contract Tower,0,15,15,0,30,0,53,45,0,98,0,68,60,0,128,184,0,184,312
12/06/2016,OSU,OH,AGL,CE,Federal Contract Tower,0,6,21,0,27,0,0,0,0,0,0,6,21,0,27,0,0,0,27
12/07/2016,OSU,OH,AGL,CE,Federal Contract Tower,0,29,22,0,51,0,100,74,0,174,0,129,96,0,225,78,0,78,303
12/08/2016,OSU,OH,AGL,CE,Federal Contract Tower,0,8,25,0,33,0,3,22,0,25,0,11,47,0,58,24,0,24,82
12/09/2016,OSU,OH,AGL,CE,Federal Contract Tower,0,8,17,2,27,0,9,17,1,27,0,17,34,3,54,10,0,10,64
12/10/2016,OSU,OH,AGL,CE,Federal Contract Tower,0,6,14,0,20,0,20,28,0,48,0,26,42,0,68,14,0,14,82
12/11/2016,OSU,OH,AGL,CE,Federal Contract Tower,0,3,9,0,12,0,5,7,0,12,0,8,16,0,24,6,0,6,30
12/12/2016,OSU,OH,AGL,CE,Federal Contract Tower,0,8,23,0,31,0,0,32,0,32,0,8,55,0,63,8,0,8,71
12/13/2016,OSU,OH,AGL,CE,Federal Contract Tower,0,5,26,0,31,0,2,2,0,4,0,7,28,0,35,12,0,12,47
12/14/2016,OSU,OH,AGL,CE,Federal Contract Tower,0,16,28,0,44,0,54,78,0,132,0,70,106,0,176,46,0,46,222
12/15/2016,OSU,OH,AGL,CE,Federal Contract Tower,0,14,29,0,43,0,49,52,0,101,0,63,81,0,144,86,0,86,230
12/16/2016,OSU,OH,AGL,CE,Federal Contract Tower,0,12,16,0,28,0,37,67,0,104,0,49,83,0,132,38,0,38,170
12/17/2016,OSU,OH,AGL,CE,Federal Contract Tower,0,3,5,2,10,0,0,0,0,0,0,3,5,2,10,0,0,0,10
12/18/2016,OSU,OH,AGL,CE,Federal Contract Tower,0,3,2,0,5,0,5,10,0,15,0,8,12,0,20,42,0,42,62
12/19/2016,OSU,OH,AGL,CE,Federal Contract Tower,0,6,16,0,22,0,31,45,0,76,0,37,61,0,98,82,0,82,180
12/20/2016,OSU,OH,AGL,CE,Federal Contract Tower,0,9,25,0,34,0,26,72,0,98,0,35,97,0,132,98,0,98,230
12/21/2016,OSU,OH,AGL,CE,Federal Contract Tower,0,7,16,0,23,0,27,61,0,88,0,34,77,0,111,100,0,100,211
12/22/2016,OSU,OH,AGL,CE,Federal Contract Tower,0,7,27,0,34,0,11,41,0,52,0,18,68,0,86,60,0,60,146
12/23/2016,OSU,OH,AGL,CE,Federal Contract Tower,0,5,8,0,13,0,4,61,0,65,0,9,69,0,78,16,0,16,94
12/24/2016,OSU,OH,AGL,CE,Federal Contract Tower,0,6,11,0,17,0,0,0,0,0,0,6,11,0,17,0,0,0,17
12/25/2016,OSU,OH,AGL,CE,Federal Contract Tower,0,4,7,0,11,0,0,3,0,3,0,4,10,0,14,0,0,0,14
12/26/2016,OSU,OH,AGL,CE,Federal Contract Tower,0,7,18,0,25,0,0,14,0,14,0,7,32,0,39,0,0,0,39
12/27/2016,OSU,OH,AGL,CE,Federal Contract Tower,0,9,17,0,26,0,14,61,0,75,0,23,78,0,101,26,0,26,127
12/28/2016,OSU,OH,AGL,CE,Federal Contract Tower,0,6,9,0,15,0,30,80,0,110,0,36,89,0,125,56,0,56,181
12/29/2016,OSU,OH,AGL,CE,Federal Contract Tower,0,7,3,0,10,0,11,16,2,29,0,18,19,2,39,8,0,8,47
12/30/2016,OSU,OH,AGL,CE,Federal Contract Tower,0,10,7,0,17,0,17,33,0,50,0,27,40,0,67,0,0,0,67
12/31/2016,OSU,OH,AGL,CE,Federal Contract Tower,0,3,5,0,8,0,6,15,0,21,0,9,20,0,29,0,0,0,29
01/01/2017,OSU,OH,AGL,CE,Federal Contract Tower,0,3,6,0,9,0,0,60,0,60,0,3,66,0,69,42,0,42,111
01/02/2017,OSU,OH,AGL,CE,Federal Contract Tower,0,3,10,0,13,0,0,0,0,0,0,3,10,0,13,0,0,0,13
01/03/2017,OSU,OH,AGL,CE,Federal Contract Tower,0,9,6,0,15,0,0,0,0,0,0,9,6,0,15,0,0,0,15
01/04/2017,OSU,OH,AGL,CE,Federal Contract Tower,0,4,12,0,16,0,2,29,0,31,0,6,41,0,47,32,0,32,79
01/05/2017,OSU,OH,AGL,CE,Federal Contract Tower,0,5,23,0,28,0,0,3,0,3,0,5,26,0,31,0,0,0,31
01/06/2017,OSU,OH,AGL,CE,Federal Contract Tower,0,7,28,1,36,0,34,50,1,85,0,41,78,2,121,54,0,54,175
01/07/2017,OSU,OH,AGL,CE,Federal Contract Tower,0,5,11,0,16,0,13,62,0,75,0,18,73,0,91,26,0,26,117
01/08/2017,OSU,OH,AGL,CE,Federal Contract Tower,0,6,10,0,16,0,6,41,0,47,0,12,51,0,63,50,0,50,113
01/09/2017,OSU,OH,AGL,CE,Federal Contract Tower,0,3,11,0,14,0,6,53,0,59,0,9,64,0,73,0,0,0,73
01/10/2017,OSU,OH,AGL,CE,Federal Contract Tower,0,3,10,0,13,0,2,4,0,6,0,5,14,0,19,0,0,0,19
01/11/2017,OSU,OH,AGL,CE,Federal Contract Tower,0,6,12,0,18,0,38,26,0,64,0,44,38,0,82,52,0,52,134
01/12/2017,OSU,OH,AGL,CE,Federal Contract Tower,0,10,14,0,24,0,0,2,0,2,0,10,16,0,26,0,0,0,26
01/13/2017,OSU,OH,AGL,CE,Federal Contract Tower,0,9,18,0,27,0,79,66,0,145,0,88,84,0,172,220,0,220,392
01/14/2017,OSU,OH,AGL,CE,Federal Contract Tower,0,1,6,0,7,0,0,0,0,0,0,1,6,0,7,0,0,0,7
01/15/2017,OSU,OH,AGL,CE,Federal Contract Tower,0,3,14,0,17,0,0,41,0,41,0,3,55,0,58,80,0,80,138
01/16/2017,OSU,OH,AGL,CE,Federal Contract Tower,0,5,18,0,23,0,1,14,0,15,0,6,32,0,38,30,0,30,68
01/17/2017,OSU,OH,AGL,CE,Federal Contract Tower,0,7,12,0,19,0,10,14,0,24,0,17,26,0,43,2,0,2,45
01/18/2017,OSU,OH,AGL,CE,Federal Contract Tower,0,9,16,0,25,0,0,3,0,3,0,9,19,0,28,0,0,0,28
01/19/2017,OSU,OH,AGL,CE,Federal Contract Tower,0,7,35,0,42,0,21,28,2,51,0,28,63,2,93,58,0,58,151
01/20/2017,OSU,OH,AGL,CE,Federal Contract Tower,0,11,19,0,30,0,1,15,0,16,0,12,34,0,46,16,0,16,62
01/21/2017,OSU,OH,AGL,CE,Federal Contract Tower,0,11,37,0,48,0,43,100,0,143,0,54,137,0,191,78,0,78,269
01/22/2017,OSU,OH,AGL,CE,Federal Contract Tower,0,1,15,0,16,0,10,71,0,81,0,11,86,0,97,82,0,82,179
01/23/2017,OSU,OH,AGL,CE,Federal Contract Tower,0,7,12,0,19,0,0,0,0,0,0,7,12,0,19,0,0,0,19
01/24/2017,OSU,OH,AGL,CE,Federal Contract Tower,0,7,23,0,30,0,0,7,0,7,0,7,30,0,37,0,0,0,37
01/25/2017,OSU,OH,AGL,CE,Federal Contract Tower,0,7,28,0,35,0,33,63,0,96,0,40,91,0,131,90,0,90,221
01/26/2017,OSU,OH,AGL,CE,Federal Contract Tower,0,2,26,0,28,0,0,3,2,5,0,2,29,2,33,18,0,18,51
01/27/2017,OSU,OH,AGL,CE,Federal Contract Tower,0,5,21,0,26,0,2,13,0,15,0,7,34,0,41,2,0,2,43
01/28/2017,OSU,OH,AGL,CE,Federal Contract Tower,0,2,7,0,9,0,10,52,0,62,0,12,59,0,71,10,0,10,81
01/29/2017,OSU,OH,AGL,CE,Federal Contract Tower,0,5,20,0,25,0,36,48,0,84,0,41,68,0,109,46,0,46,155
01/30/2017,OSU,OH,AGL,CE,Federal Contract Tower,0,6,12,0,18,0,84,67,0,151,0,90,79,0,169,152,0,152,321
01/31/2017,OSU,OH,AGL,CE,Federal Contract Tower,0,7,16,0,23,0,7,21,0,28,0,14,37,0,51,0,0,0,51
02/01/2017,OSU,OH,AGL,CE,Federal Contract Tower,0,11,33,0,44,0,31,46,0,77,0,42,79,0,121,200,0,200,321
02/02/2017,OSU,OH,AGL,CE,Federal Contract Tower,0,19,16,0,35,0,101,53,2,156,0,120,69,2,191,108,0,108,299
02/03/2017,OSU,OH,AGL,CE,Federal Contract Tower,0,16,17,0,33,0,81,74,0,155,0,97,91,0,188,132,0,132,320
02/04/2017,OSU,OH,AGL,CE,Federal Contract Tower,0,7,15,0,22,0,45,96,0,141,0,52,111,0,163,42,0,42,205
02/05/2017,OSU,OH,AGL,CE,Federal Contract Tower,0,1,6,0,7,0,13,72,0,85,0,14,78,0,92,8,0,8,100
02/06/2017,OSU,OH,AGL,CE,Federal Contract Tower,0,7,16,0,23,0,78,62,0,140,0,85,78,0,163,82,0,82,245
02/07/2017,OSU,OH,AGL,CE,Federal Contract Tower,0,5,13,0,18,0,1,8,0,9,0,6,21,0,27,6,0,6,33
02/08/2017,OSU,OH,AGL,CE,Federal Contract Tower,0,8,22,0,30,0,0,20,0,20,0,8,42,0,50,48,0,48,98
02/09/2017,OSU,OH,AGL,CE,Federal Contract Tower,0,9,29,0,38,0,4,40,0,44,0,13,69,0,82,68,0,68,150
02/10/2017,OSU,OH,AGL,CE,Federal Contract Tower,0,13,29,0,42,0,64,93,0,157,0,77,122,0,199,30,0,30,229
02/11/2017,OSU,OH,AGL,CE,Federal Contract Tower,0,4,3,0,7,0,9,59,4,72,0,13,62,4,79,62,98,160,239
02/12/2017,OSU,OH,AGL,CE,Federal Contract Tower,0,1,7,0,8,0,0,12,0,12,0,1,19,0,20,0,0,0,20
02/13/2017,OSU,OH,AGL,CE,Federal Contract Tower,0,14,31,1,46,0,83,91,1,175,0,97,122,2,221,150,0,150,371
02/14/2017,OSU,OH,AGL,CE,Federal Contract Tower,0,13,34,0,47,0,83,67,0,150,0,96,101,0,197,38,0,38,235
02/15/2017,OSU,OH,AGL,CE,Federal Contract Tower,0,12,23,0,35,0,29,53,0,82,0,41,76,0,117,28,0,28,145
02/16/2017,OSU,OH,AGL,CE,Federal Contract Tower,0,13,29,0,42,0,107,66,0,173,0,120,95,0,215,160,0,160,375
02/17/2017,OSU,OH,AGL,CE,Federal Contract Tower,0,9,20,0,29,0,88,97,0,185,0,97,117,0,214,112,0,112,326
02/18/2017,OSU,OH,AGL,CE,Federal Contract Tower,0,11,14,0,25,0,30,77,0,107,0,41,91,0,132,68,0,68,200
02/19/2017,OSU,OH,AGL,CE,Federal Contract Tower,0,5,21,0,26,0,20,65,0,85,0,25,86,0,111,34,0,34,145
02/20/2017,OSU,OH,AGL,CE,Federal Contract Tower,0,11,10,0,21,0,60,41,0,101,0,71,51,0,122,42,0,42,164
02/21/2017,OSU,OH,AGL,CE,Federal Contract Tower,0,5,22,0,27,0,92,62,0,154,0,97,84,0,181,50,0,50,231
02/22/2017,OSU,OH,AGL,CE,Federal Contract Tower,0,11,16,0,27,0,1,0,0,1,0,12,16,0,28,0,0,0,28
02/23/2017,OSU,OH,AGL,CE,Federal Contract Tower,0,8,34,0,42,0,30,55,0,85,0,38,89,0,127,76,0,76,203
02/24/2017,OSU,OH,AGL,CE,Federal Contract Tower,0,5,17,22,44,0,15,54,0,69,0,20,71,22,113,16,0,16,129
02/25/2017,OSU,OH,AGL,CE,Federal Contract Tower,0,1,3,0,4,0,10,26,0,36,0,11,29,0,40,2,0,2,42
02/26/2017,OSU,OH,AGL,CE,Federal Contract Tower,0,4,13,0,17,0,39,67,0,106,0,43,80,0,123,22,0,22,145
02/27/2017,OSU,OH,AGL,CE,Federal Contract Tower,0,6,17,0,23,0,50,46,0,96,0,56,63,0,119,58,0,58,177
02/28/2017,OSU,OH,AGL,CE,Federal Contract Tower,0,8,26,0,34,0,1,4,0,5,0,9,30,0,39,0,0,0,39
03/01/2017,OSU,OH,AGL,CE,Federal Contract Tower,0,6,15,0,21,0,5,24,0,29,0,11,39,0,50,0,0,0,50
03/02/2017,OSU,OH,AGL,CE,Federal Contract Tower,0,7,14,0,21,0,17,35,0,52,0,24,49,0,73,34,0,34,107
03/03/2017,OSU,OH,AGL,CE,Federal Contract Tower,0,8,16,0,24,0,32,34,2,68,0,40,50,2,92,90,0,90,182
03/04/2017,OSU,OH,AGL,CE,Federal Contract Tower,0,1,13,0,14,0,28,81,0,109,0,29,94,0,123,48,0,48,171
03/05/2017,OSU,OH,AGL,CE,Federal Contract Tower,0,6,30,0,36,0,49,117,0,166,0,55,147,0,202,116,0,116,318
03/06/2017,OSU,OH,AGL,CE,Federal Contract Tower,0,8,12,0,20,0,11,8,0,19,0,19,20,0,39,16,0,16,55
03/07/2017,OSU,OH,AGL,CE,Federal Contract Tower,0,4,21,0,25,0,1,13,0,14,0,5,34,0,39,14,0,14,53
03/08/2017,OSU,OH,AGL,CE,Federal Contract Tower,0,4,13,0,17,0,7,14,0,21,0,11,27,0,38,16,0,16,54
03/09/2017,OSU,OH,AGL,CE,Federal Contract Tower,0,8,23,0,31,0,122,116,0,238,0,130,139,0,269,152,0,152,421
03/10/2017,OSU,OH,AGL,CE,Federal Contract Tower,0,11,7,0,18,0,1,36,0,37,0,12,43,0,55,4,0,4,59
03/11/2017,OSU,OH,AGL,CE,Federal Contract Tower,0,4,16,0,20,0,9,69,0,78,0,13,85,0,98,90,0,90,188
03/12/2017,OSU,OH,AGL,CE,Federal Contract Tower,0,4,18,0,22,0,15,79,0,94,0,19,97,0,116,40,0,40,156
03/13/2017,OSU,OH,AGL,CE,Federal Contract Tower,0,6,19,0,25,0,29,60,0,89,0,35,79,0,114,116,0,116,230
03/14/2017,OSU,OH,AGL,CE,Federal Contract Tower,0,2,10,0,12,0,0,11,0,11,0,2,21,0,23,0,0,0,23
03/15/2017,OSU,OH,AGL,CE,Federal Contract Tower,0,8,17,0,25,0,9,53,0,62,0,17,70,0,87,8,0,8,95
03/16/2017,OSU,OH,AGL,CE,Federal Contract Tower,0,5,23,0,28,0,56,101,0,157,0,61,124,0,185,131,0,131,316
03/17/2017,OSU,OH,AGL,CE,Federal Contract Tower,0,2,17,0,19,0,0,12,0,12,0,2,29,0,31,12,0,12,43
03/18/2017,OSU,OH,AGL,CE,Federal Contract Tower,0,1,10,0,11,0,0,10,0,10,0,1,20,0,21,10,0,10,31
03/19/2017,OSU,OH,AGL,CE,Federal Contract Tower,0,2,12,0,14,0,0,31,0,31,0,2,43,0,45,48,0,48,93
03/20/2017,OSU,OH,AGL,CE,Federal Contract Tower,0,5,20,0,25,0,0,13,0,13,0,5,33,0,38,0,0,0,38
03/21/2017,OSU,OH,AGL,CE,Federal Contract Tower,0,11,30,2,43,0,51,74,0,125,0,62,104,2,168,134,10,144,312
03/22/2017,OSU,OH,AGL,CE,Federal Contract Tower,0,9,25,0,34,0,83,77,0,160,0,92,102,0,194,180,0,180,374
03/23/2017,OSU,OH,AGL,CE,Federal Contract Tower,0,21,25,2,48,0,98,123,0,221,0,119,148,2,269,202,0,202,471
03/24/2017,OSU,OH,AGL,CE,Federal Contract Tower,0,7,20,0,27,0,5,50,0,55,0,12,70,0,82,16,0,16,98
03/25/2017,OSU,OH,AGL,CE,Federal Contract Tower,0,5,23,1,29,0,39,96,1,136,0,44,119,2,165,172,0,172,337
03/26/2017,OSU,OH,AGL,CE,Federal Contract Tower,0,4,21,0,25,0,12,10,0,22,0,16,31,0,47,0,0,0,47
03/27/2017,OSU,OH,AGL,CE,Federal Contract Tower,0,5,20,0,25,0,67,78,0,145,0,72,98,0,170,190,0,190,360
03/28/2017,OSU,OH,AGL,CE,Federal Contract Tower,0,18,32,0,50,0,3,23,0,26,0,21,55,0,76,62,0,62,138
03/29/2017,OSU,OH,AGL,CE,Federal Contract Tower,0,14,35,0,49,0,82,109,0,191,0,96,144,0,240,274,0,274,514
03/30/2017,OSU,OH,AGL,CE,Federal Contract Tower,0,5,26,0,31,0,45,49,2,96,0,50,75,2,127,66,0,66,193
03/31/2017,OSU,OH,AGL,CE,Federal Contract Tower,0,9,24,0,33,0,1,6,0,7,0,10,30,0,40,10,0,10,50
04/01/2017,OSU,OH,AGL,CE,Federal Contract Tower,0,3,15,0,18,0,0,19,0,19,0,3,34,0,37,16,0,16,53
04/02/2017,OSU,OH,AGL,CE,Federal Contract Tower,0,6,37,0,43,0,37,114,0,151,0,43,151,0,194,104,0,104,298
04/03/2017,OSU,OH,AGL,CE,Federal Contract Tower,0,10,22,0,32,0,20,38,0,58,0,30,60,0,90,12,0,12,102
04/04/2017,OSU,OH,AGL,CE,Federal Contract Tower,0,11,16,0,27,0,0,27,0,27,0,11,43,0,54,4,0,4,58
04/05/2017,OSU,OH,AGL,CE,Federal Contract Tower,0,10,20,0,30,0,70,63,0,133,0,80,83,0,163,146,0,146,309
04/06/2017,OSU,OH,AGL,CE,Federal Contract Tower,0,3,33,0,36,0,0,3,0,3,0,3,36,0,39,0,0,0,39
04/07/2017,OSU,OH,AGL,CE,Federal Contract Tower,0,10,30,0,40,0,0,64,0,64,0,10,94,0,104,0,0,0,104
04/08/2017,OSU,OH,AGL,CE,Federal Contract Tower,0,8,12,0,20,0,62,123,4,189,0,70,135,4,209,230,0,230,439
04/09/2017,OSU,OH,AGL,CE,Federal Contract Tower,0,9,12,0,21,0,26,100,0,126,0,35,112,0,147,10,0,10,157
04/10/2017,OSU,OH,AGL,CE,Federal Contract Tower,0,4,28,0,32,0,1,42,0,43,0,5,70,0,75,4,0,4,79
04/11/2017,OSU,OH,AGL,CE,Federal Contract Tower,0,21,28,0,49,0,10,36,0,46,0,31,64,0,95,40,0,40,135
04/12/2017,OSU,OH,AGL,CE,Federal Contract Tower,0,15,31,0,46,0,78,95,0,173,0,93,126,0,219,230,4,234,453
04/13/2017,OSU,OH,AGL,CE,Federal Contract Tower,0,15,38,0,53,0,104,110,1,215,0,119,148,1,268,286,0,286,554
04/14/2017,OSU,OH,AGL,CE,Federal Contract Tower,0,21,23,0,44,0,97,107,0,204,0,118,130,0,248,184,0,184,432
04/15/2017,OSU,OH,AGL,CE,Federal Contract Tower,0,2,15,0,17,0,4,51,0,55,0,6,66,0,72,108,0,108,180
04/16/2017,OSU,OH,AGL,CE,Federal Contract Tower,0,8,14,0,22,0,0,26,0,26,0,8,40,0,48,6,0,6,54
04/17/2017,OSU,OH,AGL,CE,Federal Contract Tower,0,4,24,0,28,0,43,76,0,119,0,47,100,0,147,188,0,188,335
04/18/2017,OSU,OH,AGL,CE,Federal Contract Tower,0,8,20,0,28,0,113,109,3,225,0,121,129,3,253,224,6,230,483
04/19/2017,OSU,OH,AGL,CE,Federal Contract Tower,0,9,22,0,31,0,8,49,14,71,0,17,71,14,102,124,0,124,226
04/20/2017,OSU,OH,AGL,CE,Federal Contract Tower,0,8,20,0,28,0,38,39,0,77,0,46,59,0,105,50,0,50,155
04/21/2017,OSU,OH,AGL,CE,Federal Contract Tower,0,14,50,0,64,0,87,77,0,164,0,101,127,0,228,246,0,246,474
04/22/2017,OSU,OH,AGL,CE,Federal Contract Tower,0,9,15,0,24,0,17,47,0,64,0,26,62,0,88,122,0,122,210
04/23/2017,OSU,OH,AGL,CE,Federal Contract Tower,0,3,17,0,20,0,21,94,0,115,0,24,111,0,135,114,0,114,249
04/24/2017,OSU,OH,AGL,CE,Federal Contract Tower,0,5,20,0,25,0,79,68,0,147,0,84,88,0,172,172,0,172,344
04/25/2017,OSU,OH,AGL,CE,Federal Contract Tower,0,11,27,0,38,0,84,84,0,168,0,95,111,0,206,384,0,384,590
04/26/2017,OSU,OH,AGL,CE,Federal Contract Tower,0,20,29,0,49,0,57,91,0,148,0,77,120,0,197,100,0,100,297
04/27/2017,OSU,OH,AGL,CE,Federal Contract Tower,1,9,19,0,29,0,4,35,0,39,1,13,54,0,68,4,0,4,72
04/28/2017,OSU,OH,AGL,CE,Federal Contract Tower,0,7,12,0,19,0,75,65,0,140,0,82,77,0,159,106,0,106,265
04/29/2017,OSU,OH,AGL,CE,Federal Contract Tower,0,5,6,0,11,0,0,25,0,25,0,5,31,0,36,16,0,16,52
04/30/2017,OSU,OH,AGL,CE,Federal Contract Tower,0,9,7,0,16,0,6,27,0,33,0,15,34,0,49,26,0,26,75
05/01/2017,OSU,OH,AGL,CE,Federal Contract Tower,0,7,14,0,21,0,11,24,0,35,0,18,38,0,56,0,0,0,56
05/02/2017,OSU,OH,AGL,CE,Federal Contract Tower,0,6,26,0,32,0,8,18,0,26,0,14,44,0,58,0,0,0,58
05/03/2017,OSU,OH,AGL,CE,Federal Contract Tower,0,12,42,0,54,0,149,89,0,238,0,161,131,0,292,1226,0,1226,1518
05/04/2017,OSU,OH,AGL,CE,Federal Contract Tower,0,12,46,0,58,0,86,90,2,178,0,98,136,2,236,1388,0,1388,1624
05/05/2017,OSU,OH,AGL,CE,Federal Contract Tower,0,12,26,0,38,0,0,4,0,4,0,12,30,0,42,0,0,0,42
05/06/2017,OSU,OH,AGL,CE,Federal Contract Tower,0,2,19,0,21,0,111,80,0,191,0,113,99,0,212,1026,0,1026,1238
05/07/2017,OSU,OH,AGL,CE,Federal Contract Tower,0,6,28,0,34,0,100,158,0,258,0,106,186,0,292,1246,0,1246,1538
05/08/2017,OSU,OH,AGL,CE,Federal Contract Tower,0,12,35,0,47,0,141,181,0,322,0,153,216,0,369,1418,0,1418,1787
05/09/2017,OSU,OH,AGL,CE,Federal Contract Tower,0,11,44,0,55,0,24,89,0,113,0,35,133,0,168,32,0,32,200
05/10/2017,OSU,OH,AGL,CE,Federal Contract Tower,0,11,44,0,55,0,24,89,0,113,0,35,133,0,168,32,0,32,200
05/11/2017,OSU,OH,AGL,CE,Federal Contract Tower,1,10,28,0,39,0,258,27,2,287,1,268,55,2,326,360,6,366,692
05/12/2017,OSU,OH,AGL,CE,Federal Contract Tower,0,8,24,0,32,0,175,80,0,255,0,183,104,0,287,704,0,704,991
05/13/2017,OSU,OH,AGL,CE,Federal Contract Tower,0,12,21,0,33,0,25,122,0,147,0,37,143,0,180,980,0,980,1160
05/14/2017,OSU,OH,AGL,CE,Federal Contract Tower,0,4,27,0,31,0,3,66,0,69,0,7,93,0,100,90,0,90,190
05/15/2017,OSU,OH,AGL,CE,Federal Contract Tower,0,14,34,0,48,0,79,154,0,233,0,93,188,0,281,144,0,144,425
05/16/2017,OSU,OH,AGL,CE,Federal Contract Tower,0,15,24,0,39,0,65,77,0,142,0,80,101,0,181,28,0,28,209
05/17/2017,OSU,OH,AGL,CE,Federal Contract Tower,0,9,27,0,36,0,28,51,0,79,0,37,78,0,115,14,0,14,129
05/18/2017,OSU,OH,AGL,CE,Federal Contract Tower,0,14,35,0,49,0,13,67,0,80,0,27,102,0,129,20,24,44,173
05/19/2017,OSU,OH,AGL,CE,Federal Contract Tower,0,4,42,0,46,0,62,39,0,101,0,66,81,0,147,194,0,194,341
05/20/2017,OSU,OH,AGL,CE,Federal Contract Tower,0,0,25,0,25,0,7,28,0,35,0,7,53,0,60,20,0,20,80
05/21/2017,OSU,OH,AGL,CE,Federal Contract Tower,0,2,14,0,16,0,0,15,0,15,0,2,29,0,31,16,0,16,47
05/22/2017,OSU,OH,AGL,CE,Federal Contract Tower,0,2,21,0,23,0,100,99,0,199,0,102,120,0,222,244,0,244,466
05/23/2017,OSU,OH,AGL,CE,Federal Contract Tower,0,8,25,0,33,0,111,104,2,217,0,119,129,2,250,188,0,188,438
05/24/2017,OSU,OH,AGL,CE,Federal Contract Tower,0,14,36,0,50,0,18,39,0,57,0,32,75,0,107,64,0,64,171
05/25/2017,OSU,OH,AGL,CE,Federal Contract Tower,0,17,42,0,59,0,0,25,0,25,0,17,67,0,84,20,0,20,104
05/26/2017,OSU,OH,AGL,CE,Federal Contract Tower,0,25,44,0,69,0,106,115,0,221,0,131,159,0,290,304,12,316,606
05/27/2017,OSU,OH,AGL,CE,Federal Contract Tower,0,10,8,0,18,0,9,69,0,78,0,19,77,0,96,28,0,28,124
05/28/2017,OSU,OH,AGL,CE,Federal Contract Tower,0,9,7,0,16,0,7,43,0,50,0,16,50,0,66,6,0,6,72
05/29/2017,OSU,OH,AGL,CE,Federal Contract Tower,0,18,25,0,43,0,0,126,0,126,0,18,151,0,169,60,0,60,229
05/30/2017,OSU,OH,AGL,CE,Federal Contract Tower,0,25,27,0,52,0,103,103,0,206,0,128,130,0,258,114,0,114,372
05/31/2017,OSU,OH,AGL,CE,Federal Contract Tower,0,23,56,0,79,0,75,79,0,154,0,98,135,0,233,136,0,136,369
06/01/2017,OSU,OH,AGL,CE,Federal Contract Tower,0,19,42,0,61,0,124,113,0,237,0,143,155,0,298,150,0,150,448
06/02/2017,OSU,OH,AGL,CE,Federal Contract Tower,0,11,31,0,42,0,70,134,0,204,0,81,165,0,246,248,0,248,494
06/03/2017,OSU,OH,AGL,CE,Federal Contract Tower,0,10,21,0,31,0,24,91,0,115,0,34,112,0,146,114,0,114,260
06/04/2017,OSU,OH,AGL,CE,Federal Contract Tower,0,30,21,0,51,0,13,53,0,66,0,43,74,0,117,74,0,74,191
06/05/2017,OSU,OH,AGL,CE,Federal Contract Tower,0,25,19,0,44,0,6,37,0,43,0,31,56,0,87,78,0,78,165
06/06/2017,OSU,OH,AGL,CE,Federal Contract Tower,0,21,24,0,45,0,85,80,0,165,0,106,104,0,210,88,0,88,298
06/07/2017,OSU,OH,AGL,CE,Federal Contract Tower,0,13,33,0,46,0,36,66,0,102,0,49,99,0,148,58,0,58,206
06/08/2017,OSU,OH,AGL,CE,Federal Contract Tower,0,18,33,0,51,0,93,104,0,197,0,111,137,0,248,248,0,248,496
06/09/2017,OSU,OH,AGL,CE,Federal Contract Tower,0,13,45,0,58,0,89,90,0,179,0,102,135,0,237,299,0,299,536
06/10/2017,OSU,OH,AGL,CE,Federal Contract Tower,0,13,18,0,31,0,39,133,0,172,0,52,151,0,203,196,0,196,399
06/11/2017,OSU,OH,AGL,CE,Federal Contract Tower,0,6,26,0,32,0,26,106,0,132,0,32,132,0,164,20,0,20,184
06/12/2017,OSU,OH,AGL,CE,Federal Contract Tower,0,10,29,0,39,0,140,107,0,247,0,150,136,0,286,316,0,316,602
06/13/2017,OSU,OH,AGL,CE,Federal Contract Tower,0,4,19,0,23,0,6,40,0,46,0,10,59,0,69,64,0,64,133
06/14/2017,OSU,OH,AGL,CE,Federal Contract Tower,0,10,32,0,42,0,26,57,0,83,0,36,89,0,125,112,0,112,237
06/15/2017,OSU,OH,AGL,CE,Federal Contract Tower,0,12,38,0,50,0,37,43,0,80,0,49,81,0,130,108,0,108,238
06/16/2017,OSU,OH,AGL,CE,Federal Contract Tower,0,11,16,1,28,0,104,100,3,207,0,115,116,4,235,266,0,266,501
06/17/2017,OSU,OH,AGL,CE,Federal Contract Tower,0,10,22,0,32,0,28,92,0,120,0,38,114,0,152,90,0,90,242
06/18/2017,OSU,OH,AGL,CE,Federal Contract Tower,0,10,12,0,22,0,0,20,0,20,0,10,32,0,42,0,0,0,42
06/19/2017,OSU,OH,AGL,CE,Federal Contract Tower,0,6,24,0,30,0,48,58,0,106,0,54,82,0,136,66,0,66,202
06/20/2017,OSU,OH,AGL,CE,Federal Contract Tower,0,8,34,0,42,0,80,106,0,186,0,88,140,0,228,194,0,194,422
06/21/2017,OSU,OH,AGL,CE,Federal Contract Tower,0,13,32,0,45,0,74,124,0,198,0,87,156,0,243,232,0,232,475
06/22/2017,OSU,OH,AGL,CE,Federal Contract Tower,0,13,26,0,39,0,80,88,4,172,0,93,114,4,211,116,0,116,327
06/23/2017,OSU,OH,AGL,CE,Federal Contract Tower,0,6,15,0,21,0,0,2,0,2,0,6,17,0,23,0,0,0,23
06/24/2017,OSU,OH,AGL,CE,Federal Contract Tower,0,5,21,0,26,0,36,149,0,185,0,41,170,0,211,68,0,68,279
06/25/2017,OSU,OH,AGL,CE,Federal Contract Tower,0,8,22,0,30,0,14,64,0,78,0,22,86,0,108,30,0,30,138
06/26/2017,OSU,OH,AGL,CE,Federal Contract Tower,0,10,32,0,42,0,86,65,4,155,0,96,97,4,197,208,0,208,405
06/27/2017,OSU,OH,AGL,CE,Federal Contract Tower,0,10,36,0,46,0,91,97,0,188,0,101,133,0,234,136,0,136,370
06/28/2017,OSU,OH,AGL,CE,Federal Contract Tower,0,13,35,0,48,0,106,97,0,203,0,119,132,0,251,178,0,178,429
06/29/2017,OSU,OH,AGL,CE,Federal Contract Tower,0,11,22,0,33,0,11,58,0,69,0,22,80,0,102,46,0,46,148
06/30/2017,OSU,OH,AGL,CE,Federal Contract Tower,0,13,24,0,37,0,1,61,0,62,0,14,85,0,99,100,0,100,199
07/01/2017,OSU,OH,AGL,CE,Federal Contract Tower,0,6,15,0,21,0,3,55,0,58,0,9,70,0,79,12,0,12,91
07/02/2017,OSU,OH,AGL,CE,Federal Contract Tower,0,3,12,0,15,0,30,95,0,125,0,33,107,0,140,44,0,44,184
07/03/2017,OSU,OH,AGL,CE,Federal Contract Tower,0,6,8,0,14,0,70,82,0,152,0,76,90,0,166,126,0,126,292
07/04/2017,OSU,OH,AGL,CE,Federal Contract Tower,0,5,7,0,12,0,5,109,0,114,0,10,116,0,126,96,0,96,222
07/05/2017,OSU,OH,AGL,CE,Federal Contract Tower,0,11,17,0,28,0,98,121,5,224,0,109,138,5,252,152,0,152,404
07/06/2017,OSU,OH,AGL,CE,Federal Contract Tower,0,7,24,0,31,0,5,18,0,23,0,12,42,0,54,20,0,20,74
07/07/2017,OSU,OH,AGL,CE,Federal Contract Tower,0,6,21,0,27,0,10,19,0,29,0,16,40,0,56,48,0,48,104
07/08/2017,OSU,OH,AGL,CE,Federal Contract Tower,0,11,24,0,35,0,28,87,0,115,0,39,111,0,150,128,0,128,278
07/09/2017,OSU,OH,AGL,CE,Federal Contract Tower,0,0,17,0,17,0,44,125,0,169,0,44,142,0,186,64,0,64,250
07/10/2017,OSU,OH,AGL,CE,Federal Contract Tower,0,4,17,0,21,0,4,17,0,21,0,8,34,0,42,44,0,44,86
07/11/2017,OSU,OH,AGL,CE,Federal Contract Tower,0,12,21,0,33,0,28,35,0,63,0,40,56,0,96,52,0,52,148
07/12/2017,OSU,OH,AGL,CE,Federal Contract Tower,0,9,22,1,32,0,86,95,0,181,0,95,117,1,213,72,0,72,285
07/13/2017,OSU,OH,AGL,CE,Federal Contract Tower,0,12,18,0,30,0,0,14,0,14,0,12,32,0,44,0,0,0,44
07/14/2017,OSU,OH,AGL,CE,Federal Contract Tower,0,12,28,0,40,0,57,64,0,121,0,69,92,0,161,52,0,52,213
07/15/2017,OSU,OH,AGL,CE,Federal Contract Tower,0,8,19,0,27,0,60,113,0,173,0,68,132,0,200,190,0,190,390
07/16/2017,OSU,OH,AGL,CE,Federal Contract Tower,0,10,16,0,26,0,32,103,0,135,0,42,119,0,161,30,0,30,191
07/17/2017,OSU,OH,AGL,CE,Federal Contract Tower,0,15,31,0,46,0,40,67,0,107,0,55,98,0,153,98,0,98,251
07/18/2017,OSU,OH,AGL,CE,Federal Contract Tower,0,20,28,0,48,0,66,93,0,159,0,86,121,0,207,182,0,182,389
07/19/2017,OSU,OH,AGL,CE,Federal Contract Tower,0,11,28,0,39,0,59,122,0,181,0,70,150,0,220,198,0,198,418
07/20/2017,OSU,OH,AGL,CE,Federal Contract Tower,0,7,24,0,31,0,43,76,2,121,0,50,100,2,152,180,0,180,332
07/21/2017,OSU,OH,AGL,CE,Federal Contract Tower,0,8,27,0,35,0,23,47,0,70,0,31,74,0,105,78,0,78,183
07/22/2017,OSU,OH,AGL,CE,Federal Contract Tower,0,9,12,0,21,0,4,22,0,26,0,13,34,0,47,46,0,46,93
07/23/2017,OSU,OH,AGL,CE,Federal Contract Tower,0,6,19,0,25,0,0,7,0,7,0,6,26,0,32,6,0,6,38
07/24/2017,OSU,OH,AGL,CE,Federal Contract Tower,0,8,19,0,27,0,43,86,0,129,0,51,105,0,156,144,0,144,300
07/25/2017,OSU,OH,AGL,CE,Federal Contract Tower,0,13,27,0,40,0,75,92,6,173,0,88,119,6,213,148,0,148,361
07/26/2017,OSU,OH,AGL,CE,Federal Contract Tower,0,10,17,0,27,0,84,97,8,189,0,94,114,8,216,184,0,184,400
07/27/2017,OSU,OH,AGL,CE,Federal Contract Tower,0,19,36,1,56,0,6,31,0,37,0,25,67,1,93,40,0,40,133
07/28/2017,OSU,OH,AGL,CE,Federal Contract Tower,0,11,27,0,38,0,2,61,2,65,0,13,88,2,103,20,0,20,123
07/29/2017,OSU,OH,AGL,CE,Federal Contract Tower,0,4,9,0,13,0,2,65,0,67,0,6,74,0,80,38,0,38,118
07/30/2017,OSU,OH,AGL,CE,Federal Contract Tower,0,12,23,0,35,0,26,118,0,144,0,38,141,0,179,74,0,74,253
07/31/2017,OSU,OH,AGL,CE,Federal Contract Tower,0,12,27,0,39,0,41,80,0,121,0,53,107,0,160,112,0,112,272
08/01/2017,OSU,OH,AGL,CE,Federal Contract Tower,0,12,34,0,46,0,52,112,0,164,0,64,146,0,210,218,0,218,428
08/02/2017,OSU,OH,AGL,CE,Federal Contract Tower,0,15,25,0,40,0,17,75,2,94,0,32,100,2,134,76,0,76,210
08/03/2017,OSU,OH,AGL,CE,Federal Contract Tower,0,10,26,0,36,0,25,86,0,111,0,35,112,0,147,102,0,102,249
08/04/2017,OSU,OH,AGL,CE,Federal Contract Tower,0,7,27,0,34,0,4,37,0,41,0,11,64,0,75,20,0,20,95
08/05/2017,OSU,OH,AGL,CE,Federal Contract Tower,0,7,23,0,30,0,50,162,0,212,0,57,185,0,242,84,0,84,326
08/06/2017,OSU,OH,AGL,CE,Federal Contract Tower,0,6,23,0,29,0,8,73,0,81,0,14,96,0,110,26,0,26,136
08/07/2017,OSU,OH,AGL,CE,Federal Contract Tower,0,12,29,0,41,0,17,35,0,52,0,29,64,0,93,44,0,44,137
08/08/2017,OSU,OH,AGL,CE,Federal Contract Tower,0,19,25,0,44,0,60,124,0,184,0,79,149,0,228,232,0,232,460
08/09/2017,OSU,OH,AGL,CE,Federal Contract Tower,0,21,29,0,50,0,85,143,0,228,0,106,172,0,278,158,0,158,436
08/10/2017,OSU,OH,AGL,CE,Federal Contract Tower,0,16,36,0,52,0,55,197,0,252,0,71,233,0,304,152,0,152,456
08/11/2017,OSU,OH,AGL,CE,Federal Contract Tower,0,9,20,0,29,0,19,47,0,66,0,28,67,0,95,76,0,76,171
08/12/2017,OSU,OH,AGL,CE,Federal Contract Tower,0,4,32,0,36,0,5,99,0,104,0,9,131,0,140,84,0,84,224
08/13/2017,OSU,OH,AGL,CE,Federal Contract Tower,0,9,23,0,32,0,15,110,0,125,0,24,133,0,157,74,0,74,231
08/14/2017,OSU,OH,AGL,CE,Federal Contract Tower,0,10,19,0,29,0,65,118,2,185,0,75,137,2,214,180,0,180,394
08/15/2017,OSU,OH,AGL,CE,Federal Contract Tower,0,14,28,0,42,0,59,114,0,173,0,73,142,0,215,244,0,244,459
08/16/2017,OSU,OH,AGL,CE,Federal Contract Tower,0,10,21,0,31,0,63,111,0,174,0,73,132,0,205,190,0,190,395
08/17/2017,OSU,OH,AGL,CE,Federal Contract Tower,0,12,12,0,24,0,4,31,0,35,0,16,43,0,59,22,0,22,81
08/18/2017,OSU,OH,AGL,CE,Federal Contract Tower,0,5,29,0,34,0,29,84,0,113,0,34,113,0,147,54,0,54,201
08/19/2017,OSU,OH,AGL,CE,Federal Contract Tower,0,9,19,0,28,0,7,59,0,66,0,16,78,0,94,30,0,30,124
08/20/2017,OSU,OH,AGL,CE,Federal Contract Tower,0,10,31,0,41,0,19,151,0,170,0,29,182,0,211,108,0,108,319
08/21/2017,OSU,OH,AGL,CE,Federal Contract Tower,0,9,37,0,46,0,47,102,0,149,0,56,139,0,195,134,0,134,329
08/22/2017,OSU,OH,AGL,CE,Federal Contract Tower,0,17,15,0,32,0,0,30,0,30,0,17,45,0,62,0,0,0,62
08/23/2017,OSU,OH,AGL,CE,Federal Contract Tower,0,9,39,0,48,0,68,89,0,157,0,77,128,0,205,128,0,128,333
08/24/2017,OSU,OH,AGL,CE,Federal Contract Tower,0,12,30,0,42,0,57,101,0,158,0,69,131,0,200,94,0,94,294
08/25/2017,OSU,OH,AGL,CE,Federal Contract Tower,0,5,24,0,29,0,91,94,0,185,0,96,118,0,214,118,0,118,332
08/26/2017,OSU,OH,AGL,CE,Federal Contract Tower,0,2,22,0,24,0,10,143,0,153,0,12,165,0,177,138,0,138,315
08/27/2017,OSU,OH,AGL,CE,Federal Contract Tower,0,6,16,0,22,0,11,103,0,114,0,17,119,0,136,134,0,134,270
08/28/2017,OSU,OH,AGL,CE,Federal Contract Tower,0,12,21,0,33,0,61,81,0,142,0,73,102,0,175,170,0,170,345
08/29/2017,OSU,OH,AGL,CE,Federal Contract Tower,0,12,22,0,34,0,17,32,4,53,0,29,54,4,87,44,0,44,131
08/30/2017,OSU,OH,AGL,CE,Federal Contract Tower,0,18,32,0,50,0,57,66,16,139,0,75,98,16,189,76,0,76,265
08/31/2017,OSU,OH,AGL,CE,Federal Contract Tower,0,14,25,0,39,0,107,88,0,195,0,121,113,0,234,216,0,216,450
09/01/2017,OSU,OH,AGL,CE,Federal Contract Tower,0,16,15,0,31,0,18,67,4,89,0,34,82,4,120,32,0,32,152
09/02/2017,OSU,OH,AGL,CE,Federal Contract Tower,0,7,10,0,17,0,0,10,0,10,0,7,20,0,27,0,0,0,27
09/03/2017,OSU,OH,AGL,CE,Federal Contract Tower,0,4,22,0,26,0,4,73,0,77,0,8,95,0,103,20,0,20,123
09/04/2017,OSU,OH,AGL,CE,Federal Contract Tower,0,6,29,0,35,0,1,64,0,65,0,7,93,0,100,0,0,0,100
09/05/2017,OSU,OH,AGL,CE,Federal Contract Tower,0,13,21,0,34,0,34,56,1,91,0,47,77,1,125,54,0,54,179
09/06/2017,OSU,OH,AGL,CE,Federal Contract Tower,0,17,28,0,45,0,82,89,0,171,0,99,117,0,216,328,0,328,544
09/07/2017,OSU,OH,AGL,CE,Federal Contract Tower,0,15,32,0,47,0,76,105,4,185,0,91,137,4,232,194,0,194,426
09/08/2017,OSU,OH,AGL,CE,Federal Contract Tower,0,16,61,0,77,0,118,178,0,296,0,134,239,0,373,244,0,244,617
09/09/2017,OSU,OH,AGL,CE,Federal Contract Tower,0,35,59,0,94,0,23,126,0,149,0,58,185,0,243,128,0,128,371
09/10/2017,OSU,OH,AGL,CE,Federal Contract Tower,0,20,69,0,89,0,22,122,0,144,0,42,191,0,233,28,0,28,261
09/11/2017,OSU,OH,AGL,CE,Federal Contract Tower,0,6,31,0,37,0,84,103,0,187,0,90,134,0,224,138,0,138,362
09/12/2017,OSU,OH,AGL,CE,Federal Contract Tower,0,9,35,0,44,0,101,83,0,184,0,110,118,0,228,102,0,102,330
09/13/2017,OSU,OH,AGL,CE,Federal Contract Tower,0,10,29,0,39,0,20,59,0,79,0,30,88,0,118,72,0,72,190
09/14/2017,OSU,OH,AGL,CE,Federal Contract Tower,0,18,41,0,59,0,2,39,0,41,0,20,80,0,100,42,0,42,142
09/15/2017,OSU,OH,AGL,CE,Federal Contract Tower,0,14,38,0,52,0,61,86,0,147,0,75,124,0,199,128,0,128,327
09/16/2017,OSU,OH,AGL,CE,Federal Contract Tower,0,8,21,0,29,0,21,104,4,129,0,29,125,4,158,60,0,60,218
09/17/2017,OSU,OH,AGL,CE,Federal Contract Tower,0,6,34,0,40,0,11,107,0,118,0,17,141,0,158,4,0,4,162
09/18/2017,OSU,OH,AGL,CE,Federal Contract Tower,0,7,27,0,34,0,113,118,0,231,0,120,145,0,265,184,0,184,449
09/19/2017,OSU,OH,AGL,CE,Federal Contract Tower,0,11,21,0,32,0,22,57,0,79,0,33,78,0,111,26,0,26,137
09/20/2017,OSU,OH,AGL,CE,Federal Contract Tower,0,19,27,0,46,0,71,104,0,175,0,90,131,0,221,114,0,114,335
09/21/2017,OSU,OH,AGL,CE,Federal Contract Tower,0,14,35,0,49,0,82,93,2,177,0,96,128,2,226,84,0,84,310
09/22/2017,OSU,OH,AGL,CE,Federal Contract Tower,0,10,26,0,36,0,80,123,1,204,0,90,149,1,240,90,0,90,330
09/23/2017,OSU,OH,AGL,CE,Federal Contract Tower,0,6,17,0,23,0,39,129,0,168,0,45,146,0,191,58,0,58,249
09/24/2017,OSU,OH,AGL,CE,Federal Contract Tower,0,8,23,0,31,0,32,108,0,140,0,40,131,0,171,38,0,38,209
09/25/2017,OSU,OH,AGL,CE,Federal Contract Tower,0,15,17,0,32,0,83,86,0,169,0,98,103,0,201,60,0,60,261
09/26/2017,OSU,OH,AGL,CE,Federal Contract Tower,0,18,26,0,44,0,101,112,0,213,0,119,138,0,257,72,0,72,329
09/27/2017,OSU,OH,AGL,CE,Federal Contract Tower,0,17,28,0,45,0,85,94,0,179,0,102,122,0,224,76,0,76,300
09/28/2017,OSU,OH,AGL,CE,Federal Contract Tower,0,23,30,0,53,0,96,114,0,210,0,119,144,0,263,82,0,82,345
09/29/2017,OSU,OH,AGL,CE,Federal Contract Tower,0,16,30,0,46,0,79,103,0,182,0,95,133,0,228,54,0,54,282
09/30/2017,OSU,OH,AGL,CE,Federal Contract Tower,0,4,6,0,10,0,31,80,0,111,0,35,86,0,121,0,0,0,121
10/01/2017,OSU,OH,AGL,CE,Federal Contract Tower,0,3,29,0,32,0,24,139,0,163,0,27,168,0,195,102,0,102,297
10/02/2017,OSU,OH,AGL,CE,Federal Contract Tower,0,13,21,0,34,0,103,131,0,234,0,116,152,0,268,138,0,138,406
10/03/2017,OSU,OH,AGL,CE,Federal Contract Tower,0,8,19,0,27,0,101,119,2,222,0,109,138,2,249,140,0,140,389
10/04/2017,OSU,OH,AGL,CE,Federal Contract Tower,0,18,37,0,55,0,101,105,0,206,0,119,142,0,261,166,0,166,427
10/05/2017,OSU,OH,AGL,CE,Federal Contract Tower,0,11,39,0,50,0,2,12,0,14,0,13,51,0,64,24,0,24,88
10/06/2017,OSU,OH,AGL,CE,Federal Contract Tower,0,16,34,0,50,0,22,89,0,111,0,38,123,0,161,152,0,152,313
10/07/2017,OSU,OH,AGL,CE,Federal Contract Tower,0,6,22,0,28,0,9,58,0,67,0,15,80,0,95,4,0,4,99
10/08/2017,OSU,OH,AGL,CE,Federal Contract Tower,0,8,16,0,24,0,10,73,0,83,0,18,89,0,107,10,0,10,117
10/09/2017,OSU,OH,AGL,CE,Federal Contract Tower,0,20,38,0,58,0,0,4,0,4,0,20,42,0,62,8,0,8,70
10/10/2017,OSU,OH,AGL,CE,Federal Contract Tower,0,8,20,2,30,0,57,70,0,127,0,65,90,2,157,58,0,58,215
10/11/2017,OSU,OH,AGL,CE,Federal Contract Tower,0,13,23,0,36,0,11,42,0,53,0,24,65,0,89,12,0,12,101
10/12/2017,OSU,OH,AGL,CE,Federal Contract Tower,0,17,35,0,52,0,0,23,0,23,0,17,58,0,75,2,0,2,77
10/13/2017,OSU,OH,AGL,CE,Federal Contract Tower,0,20,22,0,42,0,14,88,0,102,0,34,110,0,144,32,0,32,176
10/14/2017,OSU,OH,AGL,CE,Federal Contract Tower,0,9,15,2,26,0,10,122,2,134,0,19,137,4,160,10,0,10,170
10/15/2017,OSU,OH,AGL,CE,Federal Contract Tower,0,10,15,0,25,0,2,7,0,9,0,12,22,0,34,0,0,0,34
10/16/2017,OSU,OH,AGL,CE,Federal Contract Tower,0,4,16,0,20,0,75,80,0,155,0,79,96,0,175,164,0,164,339
10/17/2017,OSU,OH,AGL,CE,Federal Contract Tower,0,20,23,0,43,0,104,110,2,216,0,124,133,2,259,198,0,198,457
10/18/2017,OSU,OH,AGL,CE,Federal Contract Tower,0,16,22,0,38,0,91,157,0,248,0,107,179,0,286,146,0,146,432
10/19/2017,OSU,OH,AGL,CE,Federal Contract Tower,0,26,29,0,55,0,89,124,0,213,0,115,153,0,268,126,0,126,394
10/20/2017,OSU,OH,AGL,CE,Federal Contract Tower,0,13,22,0,35,0,77,108,0,185,0,90,130,0,220,160,0,160,380
10/21/2017,OSU,OH,AGL,CE,Federal Contract Tower,0,5,23,0,28,0,21,99,0,120,0,26,122,0,148,46,0,46,194
10/22/2017,OSU,OH,AGL,CE,Federal Contract Tower,0,2,28,0,30,0,15,84,0,99,0,17,112,0,129,22,0,22,151
10/23/2017,OSU,OH,AGL,CE,Federal Contract Tower,0,3,21,0,24,0,12,12,0,24,0,15,33,0,48,32,0,32,80
10/24/2017,OSU,OH,AGL,CE,Federal Contract Tower,1,13,15,0,29,0,6,24,0,30,1,19,39,0,59,26,0,26,85
10/25/2017,OSU,OH,AGL,CE,Federal Contract Tower,0,24,37,0,61,0,54,65,0,119,0,78,102,0,180,110,0,110,290
10/26/2017,OSU,OH,AGL,CE,Federal Contract Tower,0,23,29,0,52,0,116,135,0,251,0,139,164,0,303,188,0,188,491
10/27/2017,OSU,OH,AGL,CE,Federal Contract Tower,0,14,31,0,45,0,15,61,4,80,0,29,92,4,125,32,0,32,157
10/28/2017,OSU,OH,AGL,CE,Federal Contract Tower,0,21,31,0,52,0,0,17,0,17,0,21,48,0,69,0,0,0,69
10/29/2017,OSU,OH,AGL,CE,Federal Contract Tower,0,12,29,0,41,0,24,82,0,106,0,36,111,0,147,22,0,22,169
10/30/2017,OSU,OH,AGL,CE,Federal Contract Tower,0,5,11,0,16,0,30,49,0,79,0,35,60,0,95,0,0,0,95
10/31/2017,OSU,OH,AGL,CE,Federal Contract Tower,0,13,19,0,32,0,79,81,0,160,0,92,100,0,192,188,0,188,380
11/01/2017,OSU,OH,AGL,CE,Federal Contract Tower,0,14,30,0,44,0,0,9,0,9,0,14,39,0,53,0,0,0,53
11/02/2017,OSU,OH,AGL,CE,Federal Contract Tower,0,14,22,0,36,0,3,45,0,48,0,17,67,0,84,60,0,60,144
11/03/2017,OSU,OH,AGL,CE,Federal Contract Tower,0,17,42,0,59,0,22,18,0,40,0,39,60,0,99,10,0,10,109
11/04/2017,OSU,OH,AGL,CE,Federal Contract Tower,0,4,22,0,26,0,5,14,0,19,0,9,36,0,45,8,0,8,53
11/05/2017,OSU,OH,AGL,CE,Federal Contract Tower,0,5,19,0,24,0,0,4,0,4,0,5,23,0,28,0,0,0,28
11/06/2017,OSU,OH,AGL,CE,Federal Contract Tower,0,13,27,0,40,0,3,35,0,38,0,16,62,0,78,60,0,60,138
11/07/2017,OSU,OH,AGL,CE,Federal Contract Tower,0,11,17,0,28,0,14,61,0,75,0,25,78,0,103,240,0,240,343
11/08/2017,OSU,OH,AGL,CE,Federal Contract Tower,0,22,32,0,54,0,101,134,0,235,0,123,166,0,289,114,0,114,403
11/09/2017,OSU,OH,AGL,CE,Federal Contract Tower,0,16,32,0,48,0,91,102,0,193,0,107,134,0,241,162,0,162,403
11/10/2017,OSU,OH,AGL,CE,Federal Contract Tower,0,10,28,0,38,0,5,78,0,83,0,15,106,0,121,22,0,22,143
11/11/2017,OSU,OH,AGL,CE,Federal Contract Tower,0,5,31,0,36,0,34,102,0,136,0,39,133,0,172,74,0,74,246
11/12/2017,OSU,OH,AGL,CE,Federal Contract Tower,0,5,17,0,22,0,9,65,0,74,0,14,82,0,96,34,0,34,130
11/13/2017,OSU,OH,AGL,CE,Federal Contract Tower,0,8,16,0,24,0,0,21,0,21,0,8,37,0,45,8,0,8,53
11/14/2017,OSU,OH,AGL,CE,Federal Contract Tower,0,13,20,0,33,0,85,146,0,231,0,98,166,0,264,214,0,214,478
11/15/2017,OSU,OH,AGL,CE,Federal Contract Tower,0,13,21,0,34,0,22,24,0,46,0,35,45,0,80,6,0,6,86
11/16/2017,OSU,OH,AGL,CE,Federal Contract Tower,0,11,28,0,39,0,11,32,0,43,0,22,60,0,82,82,0,82,164
11/17/2017,OSU,OH,AGL,CE,Federal Contract Tower,0,19,24,0,43,0,62,97,0,159,0,81,121,0,202,186,0,186,388
11/18/2017,OSU,OH,AGL,CE,Federal Contract Tower,0,2,7,0,9,0,0,3,0,3,0,2,10,0,12,0,0,0,12
11/19/2017,OSU,OH,AGL,CE,Federal Contract Tower,0,9,19,0,28,0,0,47,0,47,0,9,66,0,75,36,0,36,111
11/20/2017,OSU,OH,AGL,CE,Federal Contract Tower,0,13,18,1,32,0,49,95,0,144,0,62,113,1,176,70,0,70,246
11/21/2017,OSU,OH,AGL,CE,Federal Contract Tower,0,15,14,0,29,0,9,45,0,54,0,24,59,0,83,16,0,16,99
11/22/2017,OSU,OH,AGL,CE,Federal Contract Tower,0,9,19,0,28,0,24,92,0,116,0,33,111,0,144,56,0,56,200
11/24/2017,OSU,OH,AGL,CE,Federal Contract Tower,0,11,15,0,26,0,13,57,0,70,0,24,72,0,96,20,0,20,116
11/25/2017,OSU,OH,AGL,CE,Federal Contract Tower,0,7,15,1,23,0,5,46,0,51,0,12,61,1,74,8,0,8,82
11/26/2017,OSU,OH,AGL,CE,Federal Contract Tower,0,7,25,0,32,0,26,116,0,142,0,33,141,0,174,42,0,42,216
11/27/2017,OSU,OH,AGL,CE,Federal Contract Tower,0,11,30,0,41,0,109,100,0,209,0,120,130,0,250,314,0,314,564
11/28/2017,OSU,OH,AGL,CE,Federal Contract Tower,0,13,22,0,35,0,44,71,0,115,0,57,93,0,150,18,0,18,168
11/29/2017,OSU,OH,AGL,CE,Federal Contract Tower,0,13,31,0,44,0,98,110,0,208,0,111,141,0,252,204,0,204,456
11/30/2017,OSU,OH,AGL,CE,Federal Contract Tower,0,14,26,0,40,0,27,29,0,56,0,41,55,0,96,48,0,48,144
12/01/2017,OSU,OH,AGL,CE,Federal Contract Tower,0,10,27,0,37,0,78,93,0,171,0,88,120,0,208,214,0,214,422
12/02/2017,OSU,OH,AGL,CE,Federal Contract Tower,0,8,24,0,32,0,25,91,0,116,0,33,115,0,148,72,0,72,220
12/03/2017,OSU,OH,AGL,CE,Federal Contract Tower,0,5,24,0,29,0,14,91,0,105,0,19,115,0,134,38,0,38,172
12/04/2017,OSU,OH,AGL,CE,Federal Contract Tower,0,10,17,0,27,0,35,49,0,84,0,45,66,0,111,28,0,28,139
12/05/2017,OSU,OH,AGL,CE,Federal Contract Tower,0,10,21,0,31,0,0,32,0,32,0,10,53,0,63,0,0,0,63
12/06/2017,OSU,OH,AGL,CE,Federal Contract Tower,0,16,22,0,38,0,17,69,0,86,0,33,91,0,124,22,0,22,146
12/07/2017,OSU,OH,AGL,CE,Federal Contract Tower,0,11,27,0,38,0,19,42,0,61,0,30,69,0,99,72,0,72,171
12/08/2017,OSU,OH,AGL,CE,Federal Contract Tower,0,23,21,0,44,0,44,82,0,126,0,67,103,0,170,68,0,68,238
12/09/2017,OSU,OH,AGL,CE,Federal Contract Tower,0,5,5,0,10,0,0,26,0,26,0,5,31,0,36,14,0,14,50
12/10/2017,OSU,OH,AGL,CE,Federal Contract Tower,0,9,15,0,24,0,5,76,0,81,0,14,91,0,105,28,0,28,133
12/11/2017,OSU,OH,AGL,CE,Federal Contract Tower,0,5,19,0,24,0,40,78,0,118,0,45,97,0,142,88,0,88,230
12/12/2017,OSU,OH,AGL,CE,Federal Contract Tower,0,7,16,0,23,0,1,10,13,24,0,8,26,13,47,0,0,0,47
12/13/2017,OSU,OH,AGL,CE,Federal Contract Tower,0,6,21,0,27,0,17,35,2,54,0,23,56,2,81,50,0,50,131
12/14/2017,OSU,OH,AGL,CE,Federal Contract Tower,0,7,21,0,28,0,13,51,2,66,0,20,72,2,94,44,0,44,138
12/15/2017,OSU,OH,AGL,CE,Federal Contract Tower,0,6,22,0,28,0,36,46,0,82,0,42,68,0,110,42,0,42,152
12/16/2017,OSU,OH,AGL,CE,Federal Contract Tower,0,3,18,0,21,0,16,74,0,90,0,19,92,0,111,12,0,12,123
12/17/2017,OSU,OH,AGL,CE,Federal Contract Tower,0,6,10,0,16,0,2,50,0,52,0,8,60,0,68,6,0,6,74
12/18/2017,OSU,OH,AGL,CE,Federal Contract Tower,0,7,18,0,25,0,3,5,0,8,0,10,23,0,33,0,0,0,33
12/19/2017,OSU,OH,AGL,CE,Federal Contract Tower,0,9,23,0,32,0,13,53,0,66,0,22,76,0,98,54,0,54,152
12/20/2017,OSU,OH,AGL,CE,Federal Contract Tower,0,16,23,0,39,0,72,125,0,197,0,88,148,0,236,172,0,172,408
12/21/2017,OSU,OH,AGL,CE,Federal Contract Tower,0,12,25,0,37,0,45,123,0,168,0,57,148,0,205,144,0,144,349
12/22/2017,OSU,OH,AGL,CE,Federal Contract Tower,0,8,29,0,37,0,0,6,0,6,0,8,35,0,43,0,0,0,43
12/23/2017,OSU,OH,AGL,CE,Federal Contract Tower,0,7,3,0,10,0,0,3,0,3,0,7,6,0,13,0,0,0,13
12/24/2017,OSU,OH,AGL,CE,Federal Contract Tower,0,2,7,0,9,0,0,33,0,33,0,2,40,0,42,40,0,40,82
12/25/2017,OSU,OH,AGL,CE,Federal Contract Tower,0,2,1,0,3,0,6,5,0,11,0,8,6,0,14,0,0,0,14
12/26/2017,OSU,OH,AGL,CE,Federal Contract Tower,0,8,11,0,19,0,3,51,0,54,0,11,62,0,73,8,0,8,81
12/27/2017,OSU,OH,AGL,CE,Federal Contract Tower,0,11,13,0,24,0,14,49,0,63,0,25,62,0,87,98,0,98,185
12/28/2017,OSU,OH,AGL,CE,Federal Contract Tower,0,6,9,0,15,0,35,70,0,105,0,41,79,0,120,98,0,98,218
12/29/2017,OSU,OH,AGL,CE,Federal Contract Tower,0,7,6,0,13,0,10,46,0,56,0,17,52,0,69,34,0,34,103
12/30/2017,OSU,OH,AGL,CE,Federal Contract Tower,0,4,10,0,14,0,0,6,0,6,0,4,16,0,20,10,0,10,30
12/31/2017,OSU,OH,AGL,CE,Federal Contract Tower,0,1,10,0,11,0,16,23,0,39,0,17,33,0,50,20,0,20,70
01/01/2018,OSU,OH,AGL,CE,Federal Contract Tower,0,2,6,0,8,0,10,22,0,32,0,12,28,0,40,2,0,2,42
01/02/2018,OSU,OH,AGL,CE,Federal Contract Tower,0,10,9,0,19,0,2,55,0,57,0,12,64,0,76,46,0,46,122
01/03/2018,OSU,OH,AGL,CE,Federal Contract Tower,0,9,8,0,17,0,16,61,0,77,0,25,69,0,94,66,0,66,160
01/04/2018,OSU,OH,AGL,CE,Federal Contract Tower,0,7,8,0,15,0,2,31,0,33,0,9,39,0,48,20,0,20,68
01/05/2018,OSU,OH,AGL,CE,Federal Contract Tower,0,8,23,0,31,0,12,63,0,75,0,20,86,0,106,42,0,42,148
01/06/2018,OSU,OH,AGL,CE,Federal Contract Tower,0,4,4,0,8,0,2,45,0,47,0,6,49,0,55,32,0,32,87
01/07/2018,OSU,OH,AGL,CE,Federal Contract Tower,3,7,6,0,16,0,14,47,0,61,3,21,53,0,77,0,0,0,77
01/08/2018,OSU,OH,AGL,CE,Federal Contract Tower,0,1,4,0,5,0,0,0,0,0,0,1,4,0,5,0,0,0,5
01/09/2018,OSU,OH,AGL,CE,Federal Contract Tower,0,6,18,0,24,0,10,8,0,18,0,16,26,0,42,36,0,36,78
01/10/2018,OSU,OH,AGL,CE,Federal Contract Tower,0,6,17,0,23,0,44,52,2,98,0,50,69,2,121,100,0,100,221
01/11/2018,OSU,OH,AGL,CE,Federal Contract Tower,0,9,9,0,18,0,9,11,0,20,0,18,20,0,38,6,0,6,44
01/12/2018,OSU,OH,AGL,CE,Federal Contract Tower,0,0,6,0,6,0,0,0,0,0,0,0,6,0,6,0,0,0,6
01/13/2018,OSU,OH,AGL,CE,Federal Contract Tower,0,0,3,0,3,0,5,15,2,22,0,5,18,2,25,2,0,2,27
01/14/2018,OSU,OH,AGL,CE,Federal Contract Tower,0,3,17,0,20,0,34,78,0,112,0,37,95,0,132,92,0,92,224
01/15/2018,OSU,OH,AGL,CE,Federal Contract Tower,0,1,13,0,14,0,0,0,0,0,0,1,13,0,14,0,0,0,14
01/16/2018,OSU,OH,AGL,CE,Federal Contract Tower,0,9,21,0,30,0,43,34,0,77,0,52,55,0,107,12,0,12,119
01/17/2018,OSU,OH,AGL,CE,Federal Contract Tower,0,10,19,0,29,0,29,49,0,78,0,39,68,0,107,128,0,128,235
01/18/2018,OSU,OH,AGL,CE,Federal Contract Tower,0,11,23,0,34,0,43,82,0,125,0,54,105,0,159,64,0,64,223
01/19/2018,OSU,OH,AGL,CE,Federal Contract Tower,0,5,23,0,28,0,60,100,0,160,0,65,123,0,188,40,0,40,228
01/20/2018,OSU,OH,AGL,CE,Federal Contract Tower,0,2,14,0,16,0,32,99,0,131,0,34,113,0,147,32,0,32,179
01/21/2018,OSU,OH,AGL,CE,Federal Contract Tower,0,0,8,0,8,0,10,20,0,30,0,10,28,0,38,58,0,58,96
01/22/2018,OSU,OH,AGL,CE,Federal Contract Tower,0,2,20,0,22,0,26,42,0,68,0,28,62,0,90,24,0,24,114
01/23/2018,OSU,OH,AGL,CE,Federal Contract Tower,0,5,14,0,19,0,1,9,0,10,0,6,23,0,29,0,0,0,29
01/24/2018,OSU,OH,AGL,CE,Federal Contract Tower,0,8,14,0,22,0,0,6,0,6,0,8,20,0,28,0,0,0,28
01/25/2018,OSU,OH,AGL,CE,Federal Contract Tower,0,8,19,0,27,0,73,92,0,165,0,81,111,0,192,128,0,128,320
01/26/2018,OSU,OH,AGL,CE,Federal Contract Tower,0,7,18,0,25,0,74,103,0,177,0,81,121,0,202,92,0,92,294
01/27/2018,OSU,OH,AGL,CE,Federal Contract Tower,0,5,7,0,12,0,0,12,0,12,0,5,19,0,24,0,0,0,24
01/28/2018,OSU,OH,AGL,CE,Federal Contract Tower,0,7,19,0,26,0,49,150,0,199,0,56,169,0,225,114,0,114,339
01/29/2018,OSU,OH,AGL,CE,Federal Contract Tower,0,6,6,0,12,0,41,14,0,55,0,47,20,0,67,100,0,100,167
01/30/2018,OSU,OH,AGL,CE,Federal Contract Tower,0,10,27,0,37,0,84,112,0,196,0,94,139,0,233,212,0,212,445
01/31/2018,OSU,OH,AGL,CE,Federal Contract Tower,0,10,13,0,23,0,5,43,0,48,0,15,56,0,71,2,0,2,73
02/01/2018,OSU,OH,AGL,CE,Federal Contract Tower,0,8,24,0,32,0,59,56,0,115,0,67,80,0,147,146,0,146,293
02/02/2018,OSU,OH,AGL,CE,Federal Contract Tower,0,4,10,0,14,0,41,71,0,112,0,45,81,0,126,162,0,162,288
02/03/2018,OSU,OH,AGL,CE,Federal Contract Tower,0,2,9,0,11,0,23,53,4,80,0,25,62,4,91,86,8,94,185
02/04/2018,OSU,OH,AGL,CE,Federal Contract Tower,0,4,6,0,10,0,0,0,0,0,0,4,6,0,10,0,0,0,10
02/05/2018,OSU,OH,AGL,CE,Federal Contract Tower,0,5,21,0,26,0,49,80,0,129,0,54,101,0,155,242,0,242,397
02/06/2018,OSU,OH,AGL,CE,Federal Contract Tower,0,6,36,0,42,0,29,52,0,81,0,35,88,0,123,106,0,106,229
02/07/2018,OSU,OH,AGL,CE,Federal Contract Tower,0,4,29,0,33,0,4,3,0,7,0,8,32,0,40,0,0,0,40
02/08/2018,OSU,OH,AGL,CE,Federal Contract Tower,0,15,32,0,47,0,40,69,0,109,0,55,101,0,156,70,0,70,226
02/09/2018,OSU,OH,AGL,CE,Federal Contract Tower,0,10,10,0,20,0,68,102,4,174,0,78,112,4,194,104,0,104,298
02/10/2018,OSU,OH,AGL,CE,Federal Contract Tower,0,2,5,0,7,0,1,16,0,17,0,3,21,0,24,40,0,40,64
02/11/2018,OSU,OH,AGL,CE,Federal Contract Tower,0,0,0,0,0,0,0,1,0,1,0,0,1,0,1,12,0,12,13
02/12/2018,OSU,OH,AGL,CE,Federal Contract Tower,0,9,20,0,29,0,92,110,0,202,0,101,130,0,231,84,0,84,315
02/13/2018,OSU,OH,AGL,CE,Federal Contract Tower,0,10,29,0,39,0,75,105,4,184,0,85,134,4,223,220,0,220,443
02/14/2018,OSU,OH,AGL,CE,Federal Contract Tower,0,13,24,0,37,0,10,14,0,24,0,23,38,0,61,36,0,36,97
02/15/2018,OSU,OH,AGL,CE,Federal Contract Tower,0,19,38,2,59,0,5,14,0,19,0,24,52,2,78,0,0,0,78
02/16/2018,OSU,OH,AGL,CE,Federal Contract Tower,0,15,21,0,36,0,0,38,0,38,0,15,59,0,74,0,0,0,74
02/17/2018,OSU,OH,AGL,CE,Federal Contract Tower,0,2,17,0,19,0,6,52,0,58,0,8,69,0,77,4,0,4,81
02/18/2018,OSU,OH,AGL,CE,Federal Contract Tower,0,0,25,0,25,0,65,160,0,225,0,65,185,0,250,242,0,242,492
02/19/2018,OSU,OH,AGL,CE,Federal Contract Tower,0,9,18,0,27,0,4,15,0,19,0,13,33,0,46,0,0,0,46
02/20/2018,OSU,OH,AGL,CE,Federal Contract Tower,0,15,18,0,33,0,11,31,0,42,0,26,49,0,75,2,0,2,77
02/21/2018,OSU,OH,AGL,CE,Federal Contract Tower,0,10,25,0,35,0,0,1,0,1,0,10,26,0,36,0,0,0,36
02/22/2018,OSU,OH,AGL,CE,Federal Contract Tower,0,15,22,0,37,0,1,12,0,13,0,16,34,0,50,0,0,0,50
02/23/2018,OSU,OH,AGL,CE,Federal Contract Tower,0,6,18,0,24,0,0,11,0,11,0,6,29,0,35,0,0,0,35
02/24/2018,OSU,OH,AGL,CE,Federal Contract Tower,0,7,7,0,14,0,0,0,0,0,0,7,7,0,14,0,0,0,14
02/25/2018,OSU,OH,AGL,CE,Federal Contract Tower,0,7,12,0,19,0,40,73,0,113,0,47,85,0,132,14,0,14,146
02/26/2018,OSU,OH,AGL,CE,Federal Contract Tower,0,15,22,0,37,0,97,110,0,207,0,112,132,0,244,196,0,196,440
02/27/2018,OSU,OH,AGL,CE,Federal Contract Tower,0,12,23,0,35,0,116,138,0,254,0,128,161,0,289,272,0,272,561
02/28/2018,OSU,OH,AGL,CE,Federal Contract Tower,0,17,23,0,40,0,65,70,0,135,0,82,93,0,175,74,0,74,249
03/01/2018,OSU,OH,AGL,CE,Federal Contract Tower,0,3,16,0,19,0,0,0,0,0,0,3,16,0,19,0,0,0,19
03/02/2018,OSU,OH,AGL,CE,Federal Contract Tower,0,7,16,0,23,0,3,44,0,47,0,10,60,0,70,2,0,2,72
03/03/2018,OSU,OH,AGL,CE,Federal Contract Tower,0,8,15,0,23,0,40,120,0,160,0,48,135,0,183,44,0,44,227
03/04/2018,OSU,OH,AGL,CE,Federal Contract Tower,0,7,15,0,22,0,58,133,0,191,0,65,148,0,213,58,0,58,271
03/05/2018,OSU,OH,AGL,CE,Federal Contract Tower,0,4,20,0,24,0,122,93,4,219,0,126,113,4,243,100,0,100,343
03/06/2018,OSU,OH,AGL,CE,Federal Contract Tower,0,6,30,0,36,0,94,66,0,160,0,100,96,0,196,110,0,110,306
03/07/2018,OSU,OH,AGL,CE,Federal Contract Tower,0,6,5,0,11,0,0,21,0,21,0,6,26,0,32,2,0,2,34
03/08/2018,OSU,OH,AGL,CE,Federal Contract Tower,0,9,15,0,24,0,2,17,2,21,0,11,32,2,45,0,0,0,45
03/09/2018,OSU,OH,AGL,CE,Federal Contract Tower,0,8,19,2,29,0,96,98,0,194,0,104,117,2,223,138,0,138,361
03/10/2018,OSU,OH,AGL,CE,Federal Contract Tower,0,3,15,0,18,0,26,131,0,157,0,29,146,0,175,84,0,84,259
03/11/2018,OSU,OH,AGL,CE,Federal Contract Tower,0,3,18,0,21,0,18,82,0,100,0,21,100,0,121,10,0,10,131
03/12/2018,OSU,OH,AGL,CE,Federal Contract Tower,0,4,24,0,28,0,16,47,0,63,0,20,71,0,91,58,0,58,149
03/13/2018,OSU,OH,AGL,CE,Federal Contract Tower,0,9,15,0,24,0,6,27,0,33,0,15,42,0,57,72,0,72,129
03/14/2018,OSU,OH,AGL,CE,Federal Contract Tower,0,8,19,0,27,0,14,72,0,86,0,22,91,0,113,138,0,138,251
03/15/2018,OSU,OH,AGL,CE,Federal Contract Tower,0,5,32,0,37,0,19,74,0,93,0,24,106,0,130,8,0,8,138
03/16/2018,OSU,OH,AGL,CE,Federal Contract Tower,0,7,27,0,34,0,40,108,0,148,0,47,135,0,182,142,0,142,324
03/17/2018,OSU,OH,AGL,CE,Federal Contract Tower,0,0,7,0,7,0,0,24,0,24,0,0,31,0,31,0,0,0,31
03/18/2018,OSU,OH,AGL,CE,Federal Contract Tower,0,3,19,0,22,0,19,132,0,151,0,22,151,0,173,250,0,250,423
03/20/2018,OSU,OH,AGL,CE,Federal Contract Tower,0,8,25,0,33,0,0,12,0,12,0,8,37,0,45,0,0,0,45
03/21/2018,OSU,OH,AGL,CE,Federal Contract Tower,0,8,10,0,18,0,0,2,0,2,0,8,12,0,20,0,0,0,20
03/22/2018,OSU,OH,AGL,CE,Federal Contract Tower,0,19,33,0,52,0,93,136,0,229,0,112,169,0,281,110,0,110,391
03/23/2018,OSU,OH,AGL,CE,Federal Contract Tower,0,15,34,0,49,0,80,139,0,219,0,95,173,0,268,244,0,244,512
03/24/2018,OSU,OH,AGL,CE,Federal Contract Tower,0,6,14,0,20,0,29,107,0,136,0,35,121,0,156,208,0,208,364
03/25/2018,OSU,OH,AGL,CE,Federal Contract Tower,0,12,31,0,43,0,8,94,0,102,0,20,125,0,145,70,0,70,215
03/26/2018,OSU,OH,AGL,CE,Federal Contract Tower,0,11,22,0,33,0,36,60,3,99,0,47,82,3,132,76,0,76,208
03/27/2018,OSU,OH,AGL,CE,Federal Contract Tower,0,6,15,0,21,0,0,2,0,2,0,6,17,0,23,0,0,0,23
03/28/2018,OSU,OH,AGL,CE,Federal Contract Tower,0,7,28,0,35,0,0,0,0,0,0,7,28,0,35,0,0,0,35
03/29/2018,OSU,OH,AGL,CE,Federal Contract Tower,0,11,27,0,38,0,0,0,0,0,0,11,27,0,38,0,0,0,38
03/30/2018,OSU,OH,AGL,CE,Federal Contract Tower,0,9,10,0,19,0,36,66,0,102,0,45,76,0,121,154,0,154,275
03/31/2018,OSU,OH,AGL,CE,Federal Contract Tower,0,5,18,0,23,0,16,49,0,65,0,21,67,0,88,8,0,8,96
04/01/2018,OSU,OH,AGL,CE,Federal Contract Tower,0,6,10,0,16,0,30,59,0,89,0,36,69,0,105,62,0,62,167
04/02/2018,OSU,OH,AGL,CE,Federal Contract Tower,0,15,23,0,38,0,87,96,0,183,0,102,119,0,221,168,0,168,389
04/03/2018,OSU,OH,AGL,CE,Federal Contract Tower,0,8,14,0,22,0,0,4,0,4,0,8,18,0,26,0,0,0,26
04/04/2018,OSU,OH,AGL,CE,Federal Contract Tower,0,8,17,0,25,0,0,27,0,27,0,8,44,0,52,0,0,0,52
04/05/2018,OSU,OH,AGL,CE,Federal Contract Tower,0,11,20,0,31,0,68,122,0,190,0,79,142,0,221,148,0,148,369
04/06/2018,OSU,OH,AGL,CE,Federal Contract Tower,0,9,22,0,31,0,27,46,0,73,0,36,68,0,104,90,0,90,194
04/07/2018,OSU,OH,AGL,CE,Federal Contract Tower,0,7,19,0,26,0,31,91,0,122,0,38,110,0,148,128,0,128,276
04/08/2018,OSU,OH,AGL,CE,Federal Contract Tower,0,4,28,0,32,0,34,128,0,162,0,38,156,0,194,28,0,28,222
04/09/2018,OSU,OH,AGL,CE,Federal Contract Tower,0,5,18,0,23,0,0,33,0,33,0,5,51,0,56,8,0,8,64
04/10/2018,OSU,OH,AGL,CE,Federal Contract Tower,0,17,24,0,41,0,108,98,0,206,0,125,122,0,247,326,0,326,573
04/11/2018,OSU,OH,AGL,CE,Federal Contract Tower,0,13,31,0,44,0,71,85,0,156,0,84,116,0,200,78,0,78,278
04/12/2018,OSU,OH,AGL,CE,Federal Contract Tower,0,10,26,0,36,0,1,27,0,28,0,11,53,0,64,0,0,0,64
04/13/2018,OSU,OH,AGL,CE,Federal Contract Tower,0,9,19,0,28,0,0,54,0,54,0,9,73,0,82,0,0,0,82
04/14/2018,OSU,OH,AGL,CE,Federal Contract Tower,0,2,3,0,5,0,4,30,0,34,0,6,33,0,39,48,0,48,87
04/15/2018,OSU,OH,AGL,CE,Federal Contract Tower,0,8,16,0,24,0,0,0,0,0,0,8,16,0,24,0,0,0,24
04/16/2018,OSU,OH,AGL,CE,Federal Contract Tower,0,11,10,0,21,0,2,29,0,31,0,13,39,0,52,22,0,22,74
04/17/2018,OSU,OH,AGL,CE,Federal Contract Tower,0,6,18,0,24,0,1,32,0,33,0,7,50,0,57,24,0,24,81
04/18/2018,OSU,OH,AGL,CE,Federal Contract Tower,0,17,21,0,38,0,113,117,0,230,0,130,138,0,268,256,0,256,524
04/19/2018,OSU,OH,AGL,CE,Federal Contract Tower,0,8,24,0,32,0,2,40,0,42,0,10,64,0,74,28,0,28,102
04/20/2018,OSU,OH,AGL,CE,Federal Contract Tower,0,14,28,0,42,0,87,148,0,235,0,101,176,0,277,270,0,270,547
04/21/2018,OSU,OH,AGL,CE,Federal Contract Tower,0,7,21,0,28,0,37,106,0,143,0,44,127,0,171,146,0,146,317
04/22/2018,OSU,OH,AGL,CE,Federal Contract Tower,0,6,21,0,27,0,58,105,0,163,0,64,126,0,190,102,0,102,292
04/23/2018,OSU,OH,AGL,CE,Federal Contract Tower,0,11,19,0,30,0,44,59,0,103,0,55,78,0,133,108,0,108,241
04/24/2018,OSU,OH,AGL,CE,Federal Contract Tower,0,8,11,0,19,0,0,3,0,3,0,8,14,0,22,14,0,14,36
04/25/2018,OSU,OH,AGL,CE,Federal Contract Tower,0,11,41,0,52,0,4,31,0,35,0,15,72,0,87,52,0,52,139
04/26/2018,OSU,OH,AGL,CE,Federal Contract Tower,0,18,19,0,37,0,94,146,0,240,0,112,165,0,277,196,0,196,473
04/27/2018,OSU,OH,AGL,CE,Federal Contract Tower,0,21,23,0,44,0,81,90,0,171,0,102,113,0,215,96,0,96,311
04/28/2018,OSU,OH,AGL,CE,Federal Contract Tower,0,10,22,0,32,0,0,47,0,47,0,10,69,0,79,26,0,26,105
04/29/2018,OSU,OH,AGL,CE,Federal Contract Tower,0,4,14,0,18,0,41,138,0,179,0,45,152,0,197,44,0,44,241
04/30/2018,OSU,OH,AGL,CE,Federal Contract Tower,0,15,18,0,33,0,79,121,0,200,0,94,139,0,233,144,0,144,377
05/01/2018,OSU,OH,AGL,CE,Federal Contract Tower,0,13,21,1,35,0,64,142,1,207,0,77,163,2,242,66,0,66,308
05/02/2018,OSU,OH,AGL,CE,Federal Contract Tower,0,7,25,0,32,0,3,65,1,69,0,10,90,1,101,6,0,6,107
05/03/2018,OSU,OH,AGL,CE,Federal Contract Tower,0,7,16,0,23,0,0,51,0,51,0,7,67,0,74,24,0,24,98
05/04/2018,OSU,OH,AGL,CE,Federal Contract Tower,0,7,13,0,20,0,3,27,0,30,0,10,40,0,50,0,0,0,50
05/05/2018,OSU,OH,AGL,CE,Federal Contract Tower,0,9,27,0,36,0,26,113,0,139,0,35,140,0,175,66,0,66,241
05/06/2018,OSU,OH,AGL,CE,Federal Contract Tower,0,6,20,0,26,0,18,89,0,107,0,24,109,0,133,58,0,58,191
05/07/2018,OSU,OH,AGL,CE,Federal Contract Tower,0,13,26,0,39,0,45,145,0,190,0,58,171,0,229,48,0,48,277
05/08/2018,OSU,OH,AGL,CE,Federal Contract Tower,0,12,20,0,32,0,53,172,0,225,0,65,192,0,257,226,0,226,483
05/09/2018,OSU,OH,AGL,CE,Federal Contract Tower,0,15,20,0,35,0,20,80,0,100,0,35,100,0,135,34,0,34,169
05/10/2018,OSU,OH,AGL,CE,Federal Contract Tower,0,13,24,0,37,0,32,109,0,141,0,45,133,0,178,62,0,62,240
05/11/2018,OSU,OH,AGL,CE,Federal Contract Tower,0,10,42,0,52,0,57,120,0,177,0,67,162,0,229,54,0,54,283
05/12/2018,OSU,OH,AGL,CE,Federal Contract Tower,0,2,16,0,18,0,14,73,0,87,0,16,89,0,105,32,0,32,137
05/13/2018,OSU,OH,AGL,CE,Federal Contract Tower,0,0,22,0,22,0,9,47,0,56,0,9,69,0,78,50,0,50,128
05/14/2018,OSU,OH,AGL,CE,Federal Contract Tower,0,13,23,0,36,0,52,84,0,136,0,65,107,0,172,206,0,206,378
05/15/2018,OSU,OH,AGL,CE,Federal Contract Tower,0,12,31,0,43,0,19,44,3,66,0,31,75,3,109,32,0,32,141
05/16/2018,OSU,OH,AGL,CE,Federal Contract Tower,0,9,29,0,38,0,23,46,0,69,0,32,75,0,107,100,0,100,207
05/17/2018,OSU,OH,AGL,CE,Federal Contract Tower,0,21,23,0,44,0,37,62,0,99,0,58,85,0,143,92,0,92,235
05/18/2018,OSU,OH,AGL,CE,Federal Contract Tower,0,18,48,0,66,0,19,43,0,62,0,37,91,0,128,60,0,60,188
05/19/2018,OSU,OH,AGL,CE,Federal Contract Tower,0,5,9,0,14,0,0,31,0,31,0,5,40,0,45,0,0,0,45
05/20/2018,OSU,OH,AGL,CE,Federal Contract Tower,0,4,27,0,31,0,2,75,0,77,0,6,102,0,108,26,0,26,134
05/21/2018,OSU,OH,AGL,CE,Federal Contract Tower,0,5,19,0,24,0,89,75,0,164,0,94,94,0,188,204,0,204,392
05/22/2018,OSU,OH,AGL,CE,Federal Contract Tower,0,6,26,0,32,0,0,52,0,52,0,6,78,0,84,134,0,134,218
05/23/2018,OSU,OH,AGL,CE,Federal Contract Tower,0,15,41,0,56,0,112,141,0,253,0,127,182,0,309,180,0,180,489
05/24/2018,OSU,OH,AGL,CE,Federal Contract Tower,0,12,36,0,48,0,110,145,0,255,0,122,181,0,303,178,0,178,481
05/25/2018,OSU,OH,AGL,CE,Federal Contract Tower,0,12,36,0,48,0,83,143,0,226,0,95,179,0,274,156,0,156,430
05/26/2018,OSU,OH,AGL,CE,Federal Contract Tower,0,6,8,0,14,0,3,58,0,61,0,9,66,0,75,20,0,20,95
05/27/2018,OSU,OH,AGL,CE,Federal Contract Tower,0,6,19,0,25,0,33,88,0,121,0,39,107,0,146,36,0,36,182
05/28/2018,OSU,OH,AGL,CE,Federal Contract Tower,0,24,21,0,45,0,5,133,0,138,0,29,154,0,183,8,0,8,191
05/29/2018,OSU,OH,AGL,CE,Federal Contract Tower,0,12,23,0,35,0,38,114,4,156,0,50,137,4,191,124,0,124,315
05/30/2018,OSU,OH,AGL,CE,Federal Contract Tower,0,11,18,0,29,0,14,32,0,46,0,25,50,0,75,8,0,8,83
05/31/2018,OSU,OH,AGL,CE,Federal Contract Tower,0,22,23,0,45,0,31,43,0,74,0,53,66,0,119,104,0,104,223
06/01/2018,OSU,OH,AGL,CE,Federal Contract Tower,0,20,28,0,48,0,2,25,0,27,0,22,53,0,75,36,0,36,111
06/02/2018,OSU,OH,AGL,CE,Federal Contract Tower,0,13,35,0,48,0,33,112,0,145,0,46,147,0,193,110,0,110,303
06/03/2018,OSU,OH,AGL,CE,Federal Contract Tower,0,36,33,0,69,0,10,55,0,65,0,46,88,0,134,40,0,40,174
06/04/2018,OSU,OH,AGL,CE,Federal Contract Tower,0,19,31,0,50,0,59,104,0,163,0,78,135,0,213,58,0,58,271
06/05/2018,OSU,OH,AGL,CE,Federal Contract Tower,0,9,32,0,41,0,9,35,0,44,0,18,67,0,85,38,0,38,123
06/06/2018,OSU,OH,AGL,CE,Federal Contract Tower,0,9,28,0,37,0,79,117,0,196,0,88,145,0,233,170,0,170,403
06/07/2018,OSU,OH,AGL,CE,Federal Contract Tower,0,6,32,0,38,0,73,127,0,200,0,79,159,0,238,182,0,182,420
06/08/2018,OSU,OH,AGL,CE,Federal Contract Tower,0,9,24,0,33,0,1,76,1,78,0,10,100,1,111,64,0,64,175
06/09/2018,OSU,OH,AGL,CE,Federal Contract Tower,0,5,5,0,10,0,0,45,1,46,0,5,50,1,56,92,38,130,186
06/10/2018,OSU,OH,AGL,CE,Federal Contract Tower,0,3,22,0,25,0,4,46,0,50,0,7,68,0,75,34,0,34,109
06/11/2018,OSU,OH,AGL,CE,Federal Contract Tower,0,15,14,0,29,0,0,11,0,11,0,15,25,0,40,3,0,3,43
06/12/2018,OSU,OH,AGL,CE,Federal Contract Tower,0,11,31,0,42,0,4,31,0,35,0,15,62,0,77,22,0,22,99
06/13/2018,OSU,OH,AGL,CE,Federal Contract Tower,0,13,24,1,38,0,21,37,3,61,0,34,61,4,99,180,0,180,279
06/14/2018,OSU,OH,AGL,CE,Federal Contract Tower,0,19,23,0,42,0,150,187,0,337,0,169,210,0,379,270,0,270,649
06/15/2018,OSU,OH,AGL,CE,Federal Contract Tower,0,14,32,0,46,0,124,147,0,271,0,138,179,0,317,178,0,178,495
06/16/2018,OSU,OH,AGL,CE,Federal Contract Tower,0,9,17,0,26,0,4,121,0,125,0,13,138,0,151,60,0,60,211
06/17/2018,OSU,OH,AGL,CE,Federal Contract Tower,0,10,17,0,27,0,41,78,0,119,0,51,95,0,146,50,0,50,196
06/18/2018,OSU,OH,AGL,CE,Federal Contract Tower,0,17,43,0,60,0,44,131,0,175,0,61,174,0,235,102,0,102,337
06/19/2018,OSU,OH,AGL,CE,Federal Contract Tower,0,19,24,0,43,0,10,41,0,51,0,29,65,0,94,96,0,96,190
06/20/2018,OSU,OH,AGL,CE,Federal Contract Tower,0,19,26,0,45,0,8,34,0,42,0,27,60,0,87,66,0,66,153
06/21/2018,OSU,OH,AGL,CE,Federal Contract Tower,0,6,20,0,26,0,2,18,0,20,0,8,38,0,46,88,0,88,134
06/22/2018,OSU,OH,AGL,CE,Federal Contract Tower,0,9,17,0,26,0,6,25,0,31,0,15,42,0,57,44,0,44,101
06/23/2018,OSU,OH,AGL,CE,Federal Contract Tower,0,2,21,0,23,0,4,58,0,62,0,6,79,0,85,12,0,12,97
06/24/2018,OSU,OH,AGL,CE,Federal Contract Tower,0,1,26,0,27,0,24,141,0,165,0,25,167,0,192,40,0,40,232
06/25/2018,OSU,OH,AGL,CE,Federal Contract Tower,0,10,15,0,25,0,133,98,2,233,0,143,113,2,258,382,0,382,640
06/26/2018,OSU,OH,AGL,CE,Federal Contract Tower,0,13,39,0,52,0,73,74,2,149,0,86,113,2,201,132,0,132,333
06/27/2018,OSU,OH,AGL,CE,Federal Contract Tower,0,10,29,0,39,0,2,38,0,40,0,12,67,0,79,8,0,8,87
06/28/2018,OSU,OH,AGL,CE,Federal Contract Tower,0,17,42,1,60,0,77,98,3,178,0,94,140,4,238,174,0,174,412
06/29/2018,OSU,OH,AGL,CE,Federal Contract Tower,0,18,26,0,44,0,117,131,0,248,0,135,157,0,292,214,0,214,506
06/30/2018,OSU,OH,AGL,CE,Federal Contract Tower,0,10,18,0,28,0,41,117,0,158,0,51,135,0,186,84,0,84,270
07/01/2018,OSU,OH,AGL,CE,Federal Contract Tower,0,8,23,0,31,0,54,89,0,143,0,62,112,0,174,88,0,88,262
07/02/2018,OSU,OH,AGL,CE,Federal Contract Tower,0,7,6,0,13,0,43,74,0,117,0,50,80,0,130,68,0,68,198
07/03/2018,OSU,OH,AGL,CE,Federal Contract Tower,0,13,22,0,35,0,60,95,0,155,0,73,117,0,190,178,0,178,368
07/04/2018,OSU,OH,AGL,CE,Federal Contract Tower,0,5,5,0,10,0,0,55,0,55,0,5,60,0,65,10,0,10,75
07/05/2018,OSU,OH,AGL,CE,Federal Contract Tower,0,7,13,0,20,0,49,79,0,128,0,56,92,0,148,202,0,202,350
07/06/2018,OSU,OH,AGL,CE,Federal Contract Tower,0,10,18,0,28,0,23,62,0,85,0,33,80,0,113,16,0,16,129
07/07/2018,OSU,OH,AGL,CE,Federal Contract Tower,0,15,24,0,39,0,52,136,0,188,0,67,160,0,227,124,0,124,351
07/08/2018,OSU,OH,AGL,CE,Federal Contract Tower,0,6,24,0,30,0,47,114,0,161,0,53,138,0,191,92,0,92,283
07/09/2018,OSU,OH,AGL,CE,Federal Contract Tower,0,9,15,0,24,0,76,102,0,178,0,85,117,0,202,144,0,144,346
07/10/2018,OSU,OH,AGL,CE,Federal Contract Tower,0,11,26,0,37,0,94,88,0,182,0,105,114,0,219,124,0,124,343
07/11/2018,OSU,OH,AGL,CE,Federal Contract Tower,0,14,21,0,35,0,32,93,0,125,0,46,114,0,160,98,0,98,258
07/12/2018,OSU,OH,AGL,CE,Federal Contract Tower,0,15,29,1,45,0,54,106,0,160,0,69,135,1,205,106,6,112,317
07/13/2018,OSU,OH,AGL,CE,Federal Contract Tower,0,17,25,0,42,0,57,83,0,140,0,74,108,0,182,66,0,66,248
07/14/2018,OSU,OH,AGL,CE,Federal Contract Tower,0,1,12,1,14,0,33,55,2,90,0,34,67,3,104,72,0,72,176
07/15/2018,OSU,OH,AGL,CE,Federal Contract Tower,0,6,22,0,28,0,43,86,0,129,0,49,108,0,157,106,0,106,263
07/16/2018,OSU,OH,AGL,CE,Federal Contract Tower,0,10,19,0,29,0,22,48,2,72,0,32,67,2,101,148,0,148,249
07/17/2018,OSU,OH,AGL,CE,Federal Contract Tower,0,12,21,0,33,0,47,93,0,140,0,59,114,0,173,74,0,74,247
07/18/2018,OSU,OH,AGL,CE,Federal Contract Tower,0,16,28,0,44,0,97,139,0,236,0,113,167,0,280,160,0,160,440
07/19/2018,OSU,OH,AGL,CE,Federal Contract Tower,0,13,29,0,42,0,73,112,0,185,0,86,141,0,227,144,0,144,371
07/20/2018,OSU,OH,AGL,CE,Federal Contract Tower,0,11,16,0,27,0,0,15,0,15,0,11,31,0,42,0,0,0,42
07/21/2018,OSU,OH,AGL,CE,Federal Contract Tower,0,9,3,0,12,0,0,5,0,5,0,9,8,0,17,28,0,28,45
07/22/2018,OSU,OH,AGL,CE,Federal Contract Tower,0,7,23,0,30,0,0,28,0,28,0,7,51,0,58,8,0,8,66
07/23/2018,OSU,OH,AGL,CE,Federal Contract Tower,0,9,25,0,34,0,0,29,0,29,0,9,54,0,63,26,0,26,89
07/25/2018,OSU,OH,AGL,CE,Federal Contract Tower,0,20,39,0,59,0,65,100,0,165,0,85,139,0,224,92,0,92,316
07/26/2018,OSU,OH,AGL,CE,Federal Contract Tower,0,13,44,0,57,0,51,112,0,163,0,64,156,0,220,118,0,118,338
07/27/2018,OSU,OH,AGL,CE,Federal Contract Tower,0,15,27,0,42,0,60,108,0,168,0,75,135,0,210,190,0,190,400
07/28/2018,OSU,OH,AGL,CE,Federal Contract Tower,0,13,24,0,37,0,28,110,0,138,0,41,134,0,175,146,0,146,321
07/29/2018,OSU,OH,AGL,CE,Federal Contract Tower,0,8,25,0,33,0,32,111,0,143,0,40,136,0,176,112,0,112,288
07/30/2018,OSU,OH,AGL,CE,Federal Contract Tower,0,19,22,0,41,0,60,82,0,142,0,79,104,0,183,152,0,152,335
07/31/2018,OSU,OH,AGL,CE,Federal Contract Tower,0,15,7,0,22,0,0,7,0,7,0,15,14,0,29,6,0,6,35
08/01/2018,OSU,OH,AGL,CE,Federal Contract Tower,0,22,15,0,37,0,11,56,0,67,0,33,71,0,104,126,0,126,230
08/02/2018,OSU,OH,AGL,CE,Federal Contract Tower,0,12,24,0,36,0,35,98,0,133,0,47,122,0,169,164,0,164,333
08/03/2018,OSU,OH,AGL,CE,Federal Contract Tower,0,12,16,0,28,0,53,127,0,180,0,65,143,0,208,146,0,146,354
08/04/2018,OSU,OH,AGL,CE,Federal Contract Tower,0,3,7,0,10,0,19,53,0,72,0,22,60,0,82,42,0,42,124
08/05/2018,OSU,OH,AGL,CE,Federal Contract Tower,0,8,23,0,31,0,22,89,0,111,0,30,112,0,142,76,0,76,218
08/06/2018,OSU,OH,AGL,CE,Federal Contract Tower,0,10,28,0,38,0,65,104,0,169,0,75,132,0,207,138,0,138,345
08/07/2018,OSU,OH,AGL,CE,Federal Contract Tower,0,17,24,0,41,0,43,89,0,132,0,60,113,0,173,144,0,144,317
08/08/2018,OSU,OH,AGL,CE,Federal Contract Tower,0,16,33,0,49,0,26,29,0,55,0,42,62,0,104,28,0,28,132
08/09/2018,OSU,OH,AGL,CE,Federal Contract Tower,0,17,22,0,39,0,60,113,0,173,0,77,135,0,212,164,0,164,376
08/10/2018,OSU,OH,AGL,CE,Federal Contract Tower,0,11,23,0,34,0,42,65,0,107,0,53,88,0,141,62,0,62,203
08/11/2018,OSU,OH,AGL,CE,Federal Contract Tower,0,6,15,0,21,0,0,23,0,23,0,6,38,0,44,0,0,0,44
08/12/2018,OSU,OH,AGL,CE,Federal Contract Tower,0,10,14,0,24,0,35,68,0,103,0,45,82,0,127,132,0,132,259
08/13/2018,OSU,OH,AGL,CE,Federal Contract Tower,0,10,14,0,24,0,54,65,0,119,0,64,79,0,143,124,0,124,267
08/14/2018,OSU,OH,AGL,CE,Federal Contract Tower,0,13,26,0,39,0,71,90,0,161,0,84,116,0,200,192,0,192,392
08/16/2018,OSU,OH,AGL,CE,Federal Contract Tower,0,15,18,0,33,0,0,12,0,12,0,15,30,0,45,0,0,0,45
08/17/2018,OSU,OH,AGL,CE,Federal Contract Tower,0,11,15,0,26,0,0,18,0,18,0,11,33,0,44,0,0,0,44
08/18/2018,OSU,OH,AGL,CE,Federal Contract Tower,0,6,9,2,17,0,0,15,0,15,0,6,24,2,32,18,44,62,94
08/19/2018,OSU,OH,AGL,CE,Federal Contract Tower,0,9,22,0,31,0,34,154,0,188,0,43,176,0,219,138,0,138,357
08/20/2018,OSU,OH,AGL,CE,Federal Contract Tower,1,6,22,0,29,0,51,60,0,111,1,57,82,0,140,74,0,74,214
08/21/2018,OSU,OH,AGL,CE,Federal Contract Tower,0,6,24,0,30,0,0,32,0,32,0,6,56,0,62,0,0,0,62
08/22/2018,OSU,OH,AGL,CE,Federal Contract Tower,0,8,35,0,43,0,11,93,0,104,0,19,128,0,147,28,0,28,175
08/23/2018,OSU,OH,AGL,CE,Federal Contract Tower,0,19,46,0,65,0,134,150,0,284,0,153,196,0,349,254,0,254,603
08/24/2018,OSU,OH,AGL,CE,Federal Contract Tower,0,9,25,0,34,0,55,66,0,121,0,64,91,0,155,70,0,70,225
08/25/2018,OSU,OH,AGL,CE,Federal Contract Tower,0,1,13,0,14,0,0,58,0,58,0,1,71,0,72,6,0,6,78
08/26/2018,OSU,OH,AGL,CE,Federal Contract Tower,0,11,16,0,27,0,5,78,0,83,0,16,94,0,110,116,0,116,226
08/27/2018,OSU,OH,AGL,CE,Federal Contract Tower,0,17,25,0,42,0,94,94,0,188,0,111,119,0,230,242,0,242,472
08/28/2018,OSU,OH,AGL,CE,Federal Contract Tower,0,23,36,0,59,0,75,125,0,200,0,98,161,0,259,94,0,94,353
08/29/2018,OSU,OH,AGL,CE,Federal Contract Tower,0,17,31,0,48,0,35,96,0,131,0,52,127,0,179,72,0,72,251
08/30/2018,OSU,OH,AGL,CE,Federal Contract Tower,0,20,49,0,69,0,42,99,0,141,0,62,148,0,210,186,0,186,396
08/31/2018,OSU,OH,AGL,CE,Federal Contract Tower,0,13,26,0,39,0,132,149,0,281,0,145,175,0,320,208,0,208,528
09/01/2018,OSU,OH,AGL,CE,Federal Contract Tower,0,1,13,0,14,0,11,55,0,66,0,12,68,0,80,64,0,64,144
09/02/2018,OSU,OH,AGL,CE,Federal Contract Tower,0,1,19,0,20,0,23,101,0,124,0,24,120,0,144,168,0,168,312
09/03/2018,OSU,OH,AGL,CE,Federal Contract Tower,0,7,20,0,27,0,2,83,0,85,0,9,103,0,112,46,0,46,158
09/04/2018,OSU,OH,AGL,CE,Federal Contract Tower,0,17,16,0,33,0,123,122,4,249,0,140,138,4,282,346,0,346,628
09/05/2018,OSU,OH,AGL,CE,Federal Contract Tower,0,14,25,0,39,0,59,80,0,139,0,73,105,0,178,150,0,150,328
09/06/2018,OSU,OH,AGL,CE,Federal Contract Tower,0,20,17,0,37,0,22,25,0,47,0,42,42,0,84,54,0,54,138
09/07/2018,OSU,OH,AGL,CE,Federal Contract Tower,0,11,29,0,40,0,17,71,0,88,0,28,100,0,128,276,0,276,404
09/08/2018,OSU,OH,AGL,CE,Federal Contract Tower,0,8,10,0,18,0,0,6,0,6,0,8,16,0,24,20,0,20,44
09/09/2018,OSU,OH,AGL,CE,Federal Contract Tower,0,6,25,0,31,0,0,2,0,2,0,6,27,0,33,0,0,0,33
09/10/2018,OSU,OH,AGL,CE,Federal Contract Tower,0,8,30,0,38,0,0,26,0,26,0,8,56,0,64,50,0,50,114
09/11/2018,OSU,OH,AGL,CE,Federal Contract Tower,0,15,36,0,51,0,23,65,0,88,0,38,101,0,139,114,0,114,253
09/12/2018,OSU,OH,AGL,CE,Federal Contract Tower,0,17,19,0,36,0,73,74,0,147,0,90,93,0,183,162,0,162,345
09/13/2018,OSU,OH,AGL,CE,Federal Contract Tower,0,21,33,0,54,0,38,55,0,93,0,59,88,0,147,158,0,158,305
09/14/2018,OSU,OH,AGL,CE,Federal Contract Tower,0,20,23,0,43,0,62,69,0,131,0,82,92,0,174,212,0,212,386
09/15/2018,OSU,OH,AGL,CE,Federal Contract Tower,0,14,23,0,37,0,45,131,0,176,0,59,154,0,213,280,0,280,493
09/16/2018,OSU,OH,AGL,CE,Federal Contract Tower,0,10,26,0,36,0,22,99,0,121,0,32,125,0,157,68,0,68,225
09/17/2018,OSU,OH,AGL,CE,Federal Contract Tower,0,11,25,1,37,0,6,18,1,25,0,17,43,2,62,6,0,6,68
09/18/2018,OSU,OH,AGL,CE,Federal Contract Tower,0,12,21,0,33,0,70,112,0,182,0,82,133,0,215,240,0,240,455
09/19/2018,OSU,OH,AGL,CE,Federal Contract Tower,0,15,33,2,50,0,102,121,0,223,0,117,154,2,273,184,0,184,457
09/20/2018,OSU,OH,AGL,CE,Federal Contract Tower,0,15,25,0,40,0,90,105,0,195,0,105,130,0,235,174,0,174,409
09/21/2018,OSU,OH,AGL,CE,Federal Contract Tower,0,20,24,0,44,0,11,54,0,65,0,31,78,0,109,42,0,42,151
09/22/2018,OSU,OH,AGL,CE,Federal Contract Tower,0,9,19,0,28,0,31,93,0,124,0,40,112,0,152,128,0,128,280
09/23/2018,OSU,OH,AGL,CE,Federal Contract Tower,0,13,32,0,45,0,43,127,0,170,0,56,159,0,215,142,0,142,357
09/24/2018,OSU,OH,AGL,CE,Federal Contract Tower,0,10,19,2,31,0,0,0,0,0,0,10,19,2,31,0,0,0,31
09/25/2018,OSU,OH,AGL,CE,Federal Contract Tower,0,8,15,0,23,0,0,11,0,11,0,8,26,0,34,0,0,0,34
09/26/2018,OSU,OH,AGL,CE,Federal Contract Tower,0,22,40,0,62,0,22,63,2,87,0,44,103,2,149,102,2,104,253
09/27/2018,OSU,OH,AGL,CE,Federal Contract Tower,0,16,21,0,37,0,64,93,0,157,0,80,114,0,194,168,0,168,362
09/28/2018,OSU,OH,AGL,CE,Federal Contract Tower,0,18,29,0,47,0,66,129,0,195,0,84,158,0,242,178,0,178,420
09/29/2018,OSU,OH,AGL,CE,Federal Contract Tower,0,12,20,0,32,0,39,147,0,186,0,51,167,0,218,114,0,114,332
09/30/2018,OSU,OH,AGL,CE,Federal Contract Tower,0,11,22,0,33,0,29,109,0,138,0,40,131,0,171,48,0,48,219
10/01/2018,OSU,OH,AGL,CE,Federal Contract Tower,0,8,14,0,22,0,52,112,0,164,0,60,126,0,186,236,0,236,422
10/02/2018,OSU,OH,AGL,CE,Federal Contract Tower,0,15,22,0,37,0,3,45,0,48,0,18,67,0,85,12,0,12,97
10/03/2018,OSU,OH,AGL,CE,Federal Contract Tower,0,19,19,0,38,0,40,84,0,124,0,59,103,0,162,94,0,94,256
10/04/2018,OSU,OH,AGL,CE,Federal Contract Tower,0,18,34,2,54,0,2,35,2,39,0,20,69,4,93,54,0,54,147
10/05/2018,OSU,OH,AGL,CE,Federal Contract Tower,0,29,37,0,66,0,21,39,0,60,0,50,76,0,126,170,0,170,296
10/06/2018,OSU,OH,AGL,CE,Federal Contract Tower,0,8,17,0,25,0,32,85,0,117,0,40,102,0,142,76,0,76,218
10/07/2018,OSU,OH,AGL,CE,Federal Contract Tower,0,6,19,0,25,0,46,106,0,152,0,52,125,0,177,132,0,132,309
10/08/2018,OSU,OH,AGL,CE,Federal Contract Tower,0,9,16,0,25,0,102,94,0,196,0,111,110,0,221,224,0,224,445
10/09/2018,OSU,OH,AGL,CE,Federal Contract Tower,0,13,24,0,37,0,44,108,0,152,0,57,132,0,189,172,0,172,361
10/10/2018,OSU,OH,AGL,CE,Federal Contract Tower,0,17,30,0,47,0,29,47,0,76,0,46,77,0,123,106,0,106,229
10/11/2018,OSU,OH,AGL,CE,Federal Contract Tower,0,16,23,0,39,0,53,101,0,154,0,69,124,0,193,344,4,348,541
10/12/2018,OSU,OH,AGL,CE,Federal Contract Tower,0,23,35,0,58,0,96,112,0,208,0,119,147,0,266,882,0,882,1148
10/13/2018,OSU,OH,AGL,CE,Federal Contract Tower,0,10,17,0,27,0,24,105,0,129,0,34,122,0,156,720,0,720,876
10/14/2018,OSU,OH,AGL,CE,Federal Contract Tower,0,10,35,0,45,0,44,104,0,148,0,54,139,0,193,546,0,546,739
10/15/2018,OSU,OH,AGL,CE,Federal Contract Tower,0,9,17,0,26,0,5,20,0,25,0,14,37,0,51,30,0,30,81
10/16/2018,OSU,OH,AGL,CE,Federal Contract Tower,0,15,24,0,39,0,91,115,0,206,0,106,139,0,245,226,0,226,471
10/17/2018,OSU,OH,AGL,CE,Federal Contract Tower,0,10,23,0,33,0,25,89,0,114,0,35,112,0,147,123,0,123,270
10/18/2018,OSU,OH,AGL,CE,Federal Contract Tower,0,10,40,0,50,0,103,145,0,248,0,113,185,0,298,608,0,608,906
10/19/2018,OSU,OH,AGL,CE,Federal Contract Tower,0,23,25,0,48,0,62,84,0,146,0,85,109,0,194,162,0,162,356
10/20/2018,OSU,OH,AGL,CE,Federal Contract Tower,0,4,16,0,20,0,0,23,0,23,0,4,39,0,43,0,0,0,43
10/21/2018,OSU,OH,AGL,CE,Federal Contract Tower,0,7,32,0,39,0,37,98,0,135,0,44,130,0,174,86,0,86,260
10/22/2018,OSU,OH,AGL,CE,Federal Contract Tower,0,8,8,0,16,0,40,71,0,111,0,48,79,0,127,108,0,108,235
10/23/2018,OSU,OH,AGL,CE,Federal Contract Tower,0,11,30,0,41,0,70,111,0,181,0,81,141,0,222,168,0,168,390
10/24/2018,OSU,OH,AGL,CE,Federal Contract Tower,0,18,19,0,37,0,85,131,0,216,0,103,150,0,253,226,0,226,479
10/25/2018,OSU,OH,AGL,CE,Federal Contract Tower,0,10,39,0,49,0,89,127,0,216,0,99,166,0,265,324,0,324,589
10/26/2018,OSU,OH,AGL,CE,Federal Contract Tower,0,12,23,0,35,0,27,33,0,60,0,39,56,0,95,86,0,86,181
10/27/2018,OSU,OH,AGL,CE,Federal Contract Tower,0,1,12,0,13,0,0,0,0,0,0,1,12,0,13,0,0,0,13
10/28/2018,OSU,OH,AGL,CE,Federal Contract Tower,0,5,34,0,39,0,11,26,0,37,0,16,60,0,76,6,0,6,82
10/29/2018,OSU,OH,AGL,CE,Federal Contract Tower,0,6,25,0,31,0,40,67,1,108,0,46,92,1,139,104,0,104,243
10/30/2018,OSU,OH,AGL,CE,Federal Contract Tower,0,19,28,0,47,0,117,113,22,252,0,136,141,22,299,138,0,138,437
10/31/2018,OSU,OH,AGL,CE,Federal Contract Tower,0,9,23,0,32,0,0,9,0,9,0,9,32,0,41,0,0,0,41
11/01/2018,OSU,OH,AGL,CE,Federal Contract Tower,0,18,23,0,41,0,0,0,0,0,0,18,23,0,41,0,0,0,41
11/02/2018,OSU,OH,AGL,CE,Federal Contract Tower,0,13,15,0,28,0,0,5,0,5,0,13,20,0,33,0,0,0,33
11/03/2018,OSU,OH,AGL,CE,Federal Contract Tower,0,4,25,0,29,0,31,83,0,114,0,35,108,0,143,114,0,114,257
11/04/2018,OSU,OH,AGL,CE,Federal Contract Tower,0,5,17,0,22,0,32,119,0,151,0,37,136,0,173,36,0,36,209
11/05/2018,OSU,OH,AGL,CE,Federal Contract Tower,0,7,26,0,33,0,13,40,0,53,0,20,66,0,86,26,0,26,112
11/06/2018,OSU,OH,AGL,CE,Federal Contract Tower,0,16,17,0,33,0,0,10,0,10,0,16,27,0,43,0,0,0,43
11/07/2018,OSU,OH,AGL,CE,Federal Contract Tower,0,7,26,1,34,0,73,96,0,169,0,80,122,1,203,44,0,44,247
11/08/2018,OSU,OH,AGL,CE,Federal Contract Tower,0,23,26,0,49,0,86,131,0,217,0,109,157,0,266,120,0,120,386
11/09/2018,OSU,OH,AGL,CE,Federal Contract Tower,0,17,11,0,28,0,0,7,0,7,0,17,18,0,35,0,0,0,35
11/10/2018,OSU,OH,AGL,CE,Federal Contract Tower,0,5,2,0,7,0,7,62,0,69,0,12,64,0,76,38,0,38,114
11/11/2018,OSU,OH,AGL,CE,Federal Contract Tower,0,10,13,0,23,0,44,121,0,165,0,54,134,0,188,54,0,54,242
11/12/2018,OSU,OH,AGL,CE,Federal Contract Tower,0,10,27,0,37,0,0,64,0,64,0,10,91,0,101,26,0,26,127
11/13/2018,OSU,OH,AGL,CE,Federal Contract Tower,0,3,18,0,21,0,4,23,0,27,0,7,41,0,48,22,0,22,70
11/14/2018,OSU,OH,AGL,CE,Federal Contract Tower,0,15,32,0,47,0,81,87,0,168,0,96,119,0,215,126,0,126,341
11/15/2018,OSU,OH,AGL,CE,Federal Contract Tower,0,8,10,0,18,0,0,0,0,0,0,8,10,0,18,0,0,0,18
11/16/2018,OSU,OH,AGL,CE,Federal Contract Tower,0,14,12,0,26,0,0,7,0,7,0,14,19,0,33,6,0,6,39
11/17/2018,OSU,OH,AGL,CE,Federal Contract Tower,0,4,14,0,18,0,16,53,0,69,0,20,67,0,87,112,0,112,199
11/18/2018,OSU,OH,AGL,CE,Federal Contract Tower,0,11,18,0,29,0,25,55,0,80,0,36,73,0,109,112,0,112,221
11/19/2018,OSU,OH,AGL,CE,Federal Contract Tower,0,7,3,0,10,0,0,0,0,0,0,7,3,0,10,0,0,0,10
11/20/2018,OSU,OH,AGL,CE,Federal Contract Tower,0,7,8,0,15,0,0,42,0,42,0,7,50,0,57,110,0,110,167
11/21/2018,OSU,OH,AGL,CE,Federal Contract Tower,0,5,25,0,30,0,10,49,0,59,0,15,74,0,89,96,0,96,185
11/22/2018,OSU,OH,AGL,CE,Federal Contract Tower,0,8,3,0,11,0,0,51,0,51,0,8,54,0,62,0,0,0,62
11/23/2018,OSU,OH,AGL,CE,Federal Contract Tower,0,23,18,0,41,0,0,86,0,86,0,23,104,0,127,18,0,18,145
11/24/2018,OSU,OH,AGL,CE,Federal Contract Tower,0,4,18,0,22,0,0,9,0,9,0,4,27,0,31,0,0,0,31
11/25/2018,OSU,OH,AGL,CE,Federal Contract Tower,0,18,32,0,50,0,22,78,0,100,0,40,110,0,150,50,0,50,200
11/26/2018,OSU,OH,AGL,CE,Federal Contract Tower,0,11,11,0,22,0,0,5,0,5,0,11,16,0,27,0,0,0,27
11/27/2018,OSU,OH,AGL,CE,Federal Contract Tower,0,9,27,0,36,0,0,0,0,0,0,9,27,0,36,14,0,14,50
11/28/2018,OSU,OH,AGL,CE,Federal Contract Tower,0,3,15,0,18,0,12,101,0,113,0,15,116,0,131,202,0,202,333
11/29/2018,OSU,OH,AGL,CE,Federal Contract Tower,0,7,17,0,24,0,36,38,0,74,0,43,55,0,98,126,0,126,224
11/30/2018,OSU,OH,AGL,CE,Federal Contract Tower,0,2,11,0,13,0,0,2,0,2,0,2,13,0,15,0,0,0,15
12/01/2018,OSU,OH,AGL,CE,Federal Contract Tower,0,6,7,0,13,0,0,1,0,1,0,6,8,0,14,0,0,0,14
12/02/2018,OSU,OH,AGL,CE,Federal Contract Tower,0,1,16,0,17,0,14,55,0,69,0,15,71,0,86,6,0,6,92
12/03/2018,OSU,OH,AGL,CE,Federal Contract Tower,0,9,6,0,15,0,0,25,0,25,0,9,31,0,40,8,0,8,48
12/04/2018,OSU,OH,AGL,CE,Federal Contract Tower,0,9,14,0,23,0,4,39,0,43,0,13,53,0,66,78,0,78,144
12/05/2018,OSU,OH,AGL,CE,Federal Contract Tower,0,17,20,0,37,0,1,72,0,73,0,18,92,0,110,42,0,42,152
12/06/2018,OSU,OH,AGL,CE,Federal Contract Tower,0,13,14,0,27,0,26,31,0,57,0,39,45,0,84,12,0,12,96
12/07/2018,OSU,OH,AGL,CE,Federal Contract Tower,0,10,19,0,29,0,57,109,0,166,0,67,128,0,195,34,0,34,229
12/08/2018,OSU,OH,AGL,CE,Federal Contract Tower,0,6,8,0,14,0,46,97,0,143,0,52,105,0,157,40,0,40,197
12/09/2018,OSU,OH,AGL,CE,Federal Contract Tower,0,12,15,0,27,0,31,99,0,130,0,43,114,0,157,66,0,66,223
12/10/2018,OSU,OH,AGL,CE,Federal Contract Tower,0,11,9,0,20,0,0,12,0,12,0,11,21,0,32,16,0,16,48
12/11/2018,OSU,OH,AGL,CE,Federal Contract Tower,0,5,26,0,31,0,54,113,0,167,0,59,139,0,198,72,8,80,278
12/12/2018,OSU,OH,AGL,CE,Federal Contract Tower,0,5,24,0,29,0,45,96,0,141,0,50,120,0,170,82,0,82,252
12/13/2018,OSU,OH,AGL,CE,Federal Contract Tower,0,5,10,0,15,0,25,84,0,109,0,30,94,0,124,60,0,60,184
12/14/2018,OSU,OH,AGL,CE,Federal Contract Tower,0,6,17,0,23,0,45,68,0,113,0,51,85,0,136,18,0,18,154
12/15/2018,OSU,OH,AGL,CE,Federal Contract Tower,0,4,14,0,18,0,0,0,0,0,0,4,14,0,18,0,0,0,18
12/16/2018,OSU,OH,AGL,CE,Federal Contract Tower,0,0,15,0,15,0,0,0,0,0,0,0,15,0,15,0,0,0,15
12/17/2018,OSU,OH,AGL,CE,Federal Contract Tower,0,27,27,1,55,0,38,89,3,130,0,65,116,4,185,12,0,12,197
12/18/2018,OSU,OH,AGL,CE,Federal Contract Tower,0,20,20,0,40,0,49,121,0,170,0,69,141,0,210,54,0,54,264
12/19/2018,OSU,OH,AGL,CE,Federal Contract Tower,0,19,21,0,40,0,68,110,0,178,0,87,131,0,218,138,0,138,356
12/20/2018,OSU,OH,AGL,CE,Federal Contract Tower,0,9,18,1,28,0,25,40,0,65,0,34,58,1,93,48,2,50,143
12/21/2018,OSU,OH,AGL,CE,Federal Contract Tower,0,10,12,0,22,0,0,0,0,0,0,10,12,0,22,0,0,0,22
12/22/2018,OSU,OH,AGL,CE,Federal Contract Tower,0,2,13,0,15,0,0,9,0,9,0,2,22,0,24,28,0,28,52
12/23/2018,OSU,OH,AGL,CE,Federal Contract Tower,0,3,11,0,14,0,0,36,0,36,0,3,47,0,50,38,0,38,88
12/24/2018,OSU,OH,AGL,CE,Federal Contract Tower,0,7,4,0,11,0,0,70,0,70,0,7,74,0,81,24,0,24,105
12/25/2018,OSU,OH,AGL,CE,Federal Contract Tower,0,6,6,0,12,0,0,18,0,18,0,6,24,0,30,2,0,2,32
12/26/2018,OSU,OH,AGL,CE,Federal Contract Tower,0,14,22,0,36,0,19,75,0,94,0,33,97,0,130,4,0,4,134
12/27/2018,OSU,OH,AGL,CE,Federal Contract Tower,0,14,9,0,23,0,9,30,0,39,0,23,39,0,62,22,0,22,84
12/28/2018,OSU,OH,AGL,CE,Federal Contract Tower,0,12,9,0,21,0,0,15,0,15,0,12,24,0,36,0,0,0,36
12/29/2018,OSU,OH,AGL,CE,Federal Contract Tower,0,12,2,0,14,0,11,25,0,36,0,23,27,0,50,2,0,2,52
12/30/2018,OSU,OH,AGL,CE,Federal Contract Tower,0,6,13,0,19,0,49,98,0,147,0,55,111,0,166,94,0,94,260
12/31/2018,OSU,OH,AGL,CE,Federal Contract Tower,0,5,3,0,8,0,0,2,0,2,0,5,5,0,10,0,0,0,10
01/01/2019,OSU,OH,AGL,CE,Federal Contract Tower,0,6,6,0,12,0,0,20,0,20,0,6,26,0,32,12,0,12,44
01/02/2019,OSU,OH,AGL,CE,Federal Contract Tower,0,6,11,0,17,0,1,36,0,37,0,7,47,0,54,40,0,40,94
01/03/2019,OSU,OH,AGL,CE,Federal Contract Tower,0,8,14,0,22,0,10,70,0,80,0,18,84,0,102,108,0,108,210
01/04/2019,OSU,OH,AGL,CE,Federal Contract Tower,0,16,17,0,33,0,24,93,0,117,0,40,110,0,150,112,0,112,262
01/05/2019,OSU,OH,AGL,CE,Federal Contract Tower,1,3,12,0,16,0,38,126,0,164,1,41,138,0,180,68,0,68,248
01/06/2019,OSU,OH,AGL,CE,Federal Contract Tower,0,3,22,0,25,0,19,85,0,104,0,22,107,0,129,80,0,80,209
01/07/2019,OSU,OH,AGL,CE,Federal Contract Tower,0,4,20,0,24,0,0,37,0,37,0,4,57,0,61,0,0,0,61
01/08/2019,OSU,OH,AGL,CE,Federal Contract Tower,0,6,6,2,14,0,0,9,0,9,0,6,15,2,23,0,0,0,23
01/09/2019,OSU,OH,AGL,CE,Federal Contract Tower,0,6,7,2,15,0,0,7,2,9,0,6,14,4,24,0,0,0,24
01/10/2019,OSU,OH,AGL,CE,Federal Contract Tower,0,5,21,0,26,0,0,44,0,44,0,5,65,0,70,2,0,2,72
01/11/2019,OSU,OH,AGL,CE,Federal Contract Tower,0,11,29,0,40,0,56,60,4,120,0,67,89,4,160,184,0,184,344
01/12/2019,OSU,OH,AGL,CE,Federal Contract Tower,0,1,2,0,3,0,0,1,0,1,0,1,3,0,4,0,0,0,4
01/13/2019,OSU,OH,AGL,CE,Federal Contract Tower,0,1,9,0,10,0,0,7,0,7,0,1,16,0,17,0,0,0,17
01/14/2019,OSU,OH,AGL,CE,Federal Contract Tower,0,11,19,0,30,0,0,5,0,5,0,11,24,0,35,0,0,0,35
01/15/2019,OSU,OH,AGL,CE,Federal Contract Tower,0,6,14,0,20,0,0,4,0,4,0,6,18,0,24,0,0,0,24
01/16/2019,OSU,OH,AGL,CE,Federal Contract Tower,0,6,10,0,16,0,7,15,0,22,0,13,25,0,38,48,0,48,86
01/17/2019,OSU,OH,AGL,CE,Federal Contract Tower,0,5,12,0,17,0,0,3,0,3,0,5,15,0,20,0,0,0,20
01/18/2019,OSU,OH,AGL,CE,Federal Contract Tower,0,6,16,0,22,0,4,18,0,22,0,10,34,0,44,62,0,62,106
01/19/2019,OSU,OH,AGL,CE,Federal Contract Tower,0,2,0,0,2,0,0,0,0,0,0,2,0,0,2,0,0,0,2
01/20/2019,OSU,OH,AGL,CE,Federal Contract Tower,0,1,2,0,3,0,0,7,0,7,0,1,9,0,10,6,0,6,16
01/21/2019,OSU,OH,AGL,CE,Federal Contract Tower,0,4,18,0,22,0,0,32,0,32,0,4,50,0,54,14,0,14,68
01/22/2019,OSU,OH,AGL,CE,Federal Contract Tower,0,5,5,0,10,0,130,71,0,201,0,135,76,0,211,66,0,66,277
01/23/2019,OSU,OH,AGL,CE,Federal Contract Tower,0,6,11,0,17,0,0,6,0,6,0,6,17,0,23,22,0,22,45
01/24/2019,OSU,OH,AGL,CE,Federal Contract Tower,0,4,13,0,17,0,0,18,0,18,0,4,31,0,35,0,0,0,35
01/25/2019,OSU,OH,AGL,CE,Federal Contract Tower,0,9,10,0,19,0,82,67,0,149,0,91,77,0,168,56,0,56,224
01/26/2019,OSU,OH,AGL,CE,Federal Contract Tower,0,3,9,0,12,0,0,6,0,6,0,3,15,0,18,6,0,6,24
01/27/2019,OSU,OH,AGL,CE,Federal Contract Tower,0,6,5,0,11,0,17,30,0,47,0,23,35,0,58,72,0,72,130
01/28/2019,OSU,OH,AGL,CE,Federal Contract Tower,0,0,6,0,6,0,14,32,0,46,0,14,38,0,52,10,0,10,62
01/29/2019,OSU,OH,AGL,CE,Federal Contract Tower,0,5,18,0,23,0,0,22,0,22,0,5,40,0,45,16,0,16,61
01/30/2019,OSU,OH,AGL,CE,Federal Contract Tower,0,8,8,0,16,0,0,14,0,14,0,8,22,0,30,0,0,0,30
01/31/2019,OSU,OH,AGL,CE,Federal Contract Tower,0,10,21,0,31,0,62,29,0,91,0,72,50,0,122,98,0,98,220
02/01/2019,OSU,OH,AGL,CE,Federal Contract Tower,0,3,9,0,12,0,5,8,0,13,0,8,17,0,25,22,0,22,47
02/02/2019,OSU,OH,AGL,CE,Federal Contract Tower,0,0,4,0,4,0,0,0,0,0,0,0,4,0,4,0,0,0,4
02/03/2019,OSU,OH,AGL,CE,Federal Contract Tower,0,7,13,0,20,0,35,85,0,120,0,42,98,0,140,66,0,66,206
02/04/2019,OSU,OH,AGL,CE,Federal Contract Tower,0,5,24,0,29,0,40,59,0,99,0,45,83,0,128,96,0,96,224
02/05/2019,OSU,OH,AGL,CE,Federal Contract Tower,0,6,17,4,27,0,0,0,0,0,0,6,17,4,27,0,0,0,27
02/06/2019,OSU,OH,AGL,CE,Federal Contract Tower,0,12,17,0,29,0,0,0,0,0,0,12,17,0,29,0,0,0,29
02/07/2019,OSU,OH,AGL,CE,Federal Contract Tower,0,7,14,0,21,0,0,0,0,0,0,7,14,0,21,0,0,0,21
02/08/2019,OSU,OH,AGL,CE,Federal Contract Tower,0,13,20,0,33,0,0,23,0,23,0,13,43,0,56,0,0,0,56
02/09/2019,OSU,OH,AGL,CE,Federal Contract Tower,0,3,14,0,17,0,101,149,0,250,0,104,163,0,267,174,0,174,441
02/10/2019,OSU,OH,AGL,CE,Federal Contract Tower,0,1,5,0,6,0,26,18,0,44,0,27,23,0,50,20,0,20,70
02/11/2019,OSU,OH,AGL,CE,Federal Contract Tower,0,7,6,0,13,0,0,0,0,0,0,7,6,0,13,0,0,0,13
02/12/2019,OSU,OH,AGL,CE,Federal Contract Tower,0,9,9,0,18,0,0,0,0,0,0,9,9,0,18,0,0,0,18
02/13/2019,OSU,OH,AGL,CE,Federal Contract Tower,0,8,16,24,48,0,10,20,0,30,0,18,36,24,78,36,0,36,114
02/14/2019,OSU,OH,AGL,CE,Federal Contract Tower,0,5,10,0,15,0,0,48,0,48,0,5,58,0,63,14,0,14,77
02/15/2019,OSU,OH,AGL,CE,Federal Contract Tower,0,11,12,0,23,0,33,43,0,76,0,44,55,0,99,76,0,76,175
02/16/2019,OSU,OH,AGL,CE,Federal Contract Tower,0,3,13,0,16,0,5,70,0,75,0,8,83,0,91,118,0,118,209
02/17/2019,OSU,OH,AGL,CE,Federal Contract Tower,0,1,6,0,7,0,0,18,0,18,0,1,24,0,25,0,0,0,25
02/18/2019,OSU,OH,AGL,CE,Federal Contract Tower,0,10,9,0,19,0,4,9,0,13,0,14,18,0,32,14,0,14,46
02/19/2019,OSU,OH,AGL,CE,Federal Contract Tower,0,12,20,0,32,0,118,106,0,224,0,130,126,0,256,220,0,220,476
02/20/2019,OSU,OH,AGL,CE,Federal Contract Tower,0,6,5,0,11,0,0,0,0,0,0,6,5,0,11,0,0,0,11
02/21/2019,OSU,OH,AGL,CE,Federal Contract Tower,0,14,23,0,37,0,96,97,0,193,0,110,120,0,230,196,0,196,426
02/22/2019,OSU,OH,AGL,CE,Federal Contract Tower,0,11,21,0,32,0,98,77,0,175,0,109,98,0,207,154,0,154,361
02/23/2019,OSU,OH,AGL,CE,Federal Contract Tower,0,7,13,0,20,0,1,13,0,14,0,8,26,0,34,0,0,0,34
02/24/2019,OSU,OH,AGL,CE,Federal Contract Tower,0,5,6,0,11,0,0,2,0,2,0,5,8,0,13,0,0,0,13
02/25/2019,OSU,OH,AGL,CE,Federal Contract Tower,0,9,12,0,21,0,25,42,0,67,0,34,54,0,88,116,0,116,204
02/26/2019,OSU,OH,AGL,CE,Federal Contract Tower,0,17,19,0,36,0,107,70,0,177,0,124,89,0,213,228,0,228,441
02/27/2019,OSU,OH,AGL,CE,Federal Contract Tower,0,10,6,0,16,0,88,90,2,180,0,98,96,2,196,126,0,126,322
02/28/2019,OSU,OH,AGL,CE,Federal Contract Tower,0,8,30,0,38,0,95,102,0,197,0,103,132,0,235,104,0,104,339
03/01/2019,OSU,OH,AGL,CE,Federal Contract Tower,0,7,10,0,17,0,89,81,0,170,0,96,91,0,187,178,0,178,365
03/02/2019,OSU,OH,AGL,CE,Federal Contract Tower,0,8,7,0,15,0,7,64,0,71,0,15,71,0,86,28,0,28,114
03/03/2019,OSU,OH,AGL,CE,Federal Contract Tower,0,4,2,0,6,0,0,2,0,2,0,4,4,0,8,0,0,0,8
03/04/2019,OSU,OH,AGL,CE,Federal Contract Tower,0,4,16,0,20,0,61,102,0,163,0,65,118,0,183,98,0,98,281
03/05/2019,OSU,OH,AGL,CE,Federal Contract Tower,0,6,9,0,15,0,5,17,0,22,0,11,26,0,37,44,0,44,81
03/06/2019,OSU,OH,AGL,CE,Federal Contract Tower,0,5,10,0,15,0,45,54,0,99,0,50,64,0,114,80,0,80,194
03/07/2019,OSU,OH,AGL,CE,Federal Contract Tower,0,14,22,0,36,0,87,118,0,205,0,101,140,0,241,174,0,174,415
03/08/2019,OSU,OH,AGL,CE,Federal Contract Tower,0,5,9,0,14,0,6,36,4,46,0,11,45,4,60,54,0,54,114
03/09/2019,OSU,OH,AGL,CE,Federal Contract Tower,0,0,13,0,13,0,2,18,0,20,0,2,31,0,33,36,0,36,69
03/10/2019,OSU,OH,AGL,CE,Federal Contract Tower,0,6,3,0,9,0,0,0,0,0,0,6,3,0,9,0,0,0,9
03/11/2019,OSU,OH,AGL,CE,Federal Contract Tower,0,12,21,0,33,0,48,83,0,131,0,60,104,0,164,38,0,38,202
03/12/2019,OSU,OH,AGL,CE,Federal Contract Tower,0,9,17,2,28,0,89,154,0,243,0,98,171,2,271,176,0,176,447
03/13/2019,OSU,OH,AGL,CE,Federal Contract Tower,0,10,16,0,26,0,76,57,4,137,0,86,73,4,163,278,0,278,441
03/14/2019,OSU,OH,AGL,CE,Federal Contract Tower,0,5,10,0,15,0,1,7,0,8,0,6,17,0,23,0,0,0,23
03/15/2019,OSU,OH,AGL,CE,Federal Contract Tower,0,8,10,0,18,0,0,26,0,26,0,8,36,0,44,22,0,22,66
03/16/2019,OSU,OH,AGL,CE,Federal Contract Tower,0,4,10,0,14,0,0,81,0,81,0,4,91,0,95,26,0,26,121
03/17/2019,OSU,OH,AGL,CE,Federal Contract Tower,0,2,18,0,20,0,13,56,0,69,0,15,74,0,89,88,0,88,177
03/18/2019,OSU,OH,AGL,CE,Federal Contract Tower,0,3,15,0,18,0,57,61,0,118,0,60,76,0,136,142,0,142,278
03/19/2019,OSU,OH,AGL,CE,Federal Contract Tower,0,18,21,0,39,0,101,108,0,209,0,119,129,0,248,284,0,284,532
03/20/2019,OSU,OH,AGL,CE,Federal Contract Tower,0,12,16,0,28,0,71,78,9,158,0,83,94,9,186,176,0,176,362
03/21/2019,OSU,OH,AGL,CE,Federal Contract Tower,0,13,14,0,27,0,0,24,0,24,0,13,38,0,51,86,0,86,137
03/22/2019,OSU,OH,AGL,CE,Federal Contract Tower,0,14,24,0,38,0,4,15,0,19,0,18,39,0,57,10,0,10,67
03/23/2019,OSU,OH,AGL,CE,Federal Contract Tower,0,4,6,0,10,0,50,150,6,206,0,54,156,6,216,220,0,220,436
03/24/2019,OSU,OH,AGL,CE,Federal Contract Tower,0,19,21,0,40,0,44,99,1,144,0,63,120,1,184,78,0,78,262
03/25/2019,OSU,OH,AGL,CE,Federal Contract Tower,0,10,13,0,23,0,0,11,0,11,0,10,24,0,34,4,0,4,38
03/26/2019,OSU,OH,AGL,CE,Federal Contract Tower,0,12,18,0,30,0,115,120,0,235,0,127,138,0,265,210,0,210,475
03/27/2019,OSU,OH,AGL,CE,Federal Contract Tower,0,16,21,0,37,0,130,121,2,253,0,146,142,2,290,364,0,364,654
03/28/2019,OSU,OH,AGL,CE,Federal Contract Tower,0,8,16,0,24,0,16,42,0,58,0,24,58,0,82,50,0,50,132
03/29/2019,OSU,OH,AGL,CE,Federal Contract Tower,0,8,20,0,28,0,0,8,0,8,0,8,28,0,36,54,0,54,90
03/30/2019,OSU,OH,AGL,CE,Federal Contract Tower,0,8,6,0,14,0,0,4,0,4,0,8,10,0,18,0,0,0,18
03/31/2019,OSU,OH,AGL,CE,Federal Contract Tower,0,10,7,0,17,0,0,23,0,23,0,10,30,0,40,0,0,0,40
04/01/2019,OSU,OH,AGL,CE,Federal Contract Tower,0,11,24,0,35,0,101,103,0,204,0,112,127,0,239,236,0,236,475
04/02/2019,OSU,OH,AGL,CE,Federal Contract Tower,0,13,17,0,30,0,55,82,2,139,0,68,99,2,169,170,0,170,339
04/03/2019,OSU,OH,AGL,CE,Federal Contract Tower,0,7,19,0,26,0,67,100,0,167,0,74,119,0,193,124,0,124,317
04/04/2019,OSU,OH,AGL,CE,Federal Contract Tower,0,12,26,0,38,0,71,57,0,128,0,83,83,0,166,110,0,110,276
04/05/2019,OSU,OH,AGL,CE,Federal Contract Tower,0,10,17,0,27,0,27,53,0,80,0,37,70,0,107,204,0,204,311
04/06/2019,OSU,OH,AGL,CE,Federal Contract Tower,0,14,11,0,25,0,26,119,0,145,0,40,130,0,170,182,0,182,352
04/07/2019,OSU,OH,AGL,CE,Federal Contract Tower,0,6,7,0,13,0,8,40,0,48,0,14,47,0,61,44,0,44,105
04/08/2019,OSU,OH,AGL,CE,Federal Contract Tower,0,14,23,0,37,0,12,64,9,85,0,26,87,9,122,164,0,164,286
04/09/2019,OSU,OH,AGL,CE,Federal Contract Tower,0,13,15,0,28,0,14,70,4,88,0,27,85,4,116,48,0,48,164
04/10/2019,OSU,OH,AGL,CE,Federal Contract Tower,0,16,31,0,47,0,78,113,2,193,0,94,144,2,240,162,0,162,402
04/11/2019,OSU,OH,AGL,CE,Federal Contract Tower,0,11,27,0,38,0,56,61,8,125,0,67,88,8,163,134,0,134,297
04/12/2019,OSU,OH,AGL,CE,Federal Contract Tower,0,8,8,0,16,0,0,21,7,28,0,8,29,7,44,22,0,22,66
04/13/2019,OSU,OH,AGL,CE,Federal Contract Tower,0,5,18,0,23,0,56,126,0,182,0,61,144,0,205,142,0,142,347
04/14/2019,OSU,OH,AGL,CE,Federal Contract Tower,0,2,3,0,5,0,0,0,0,0,0,2,3,0,5,0,0,0,5
04/15/2019,OSU,OH,AGL,CE,Federal Contract Tower,0,11,13,0,24,0,16,56,0,72,0,27,69,0,96,58,0,58,154
04/16/2019,OSU,OH,AGL,CE,Federal Contract Tower,0,13,22,1,36,0,46,84,0,130,0,59,106,1,166,118,2,120,286
04/17/2019,OSU,OH,AGL,CE,Federal Contract Tower,0,18,20,0,38,0,74,100,0,174,0,92,120,0,212,174,0,174,386
04/18/2019,OSU,OH,AGL,CE,Federal Contract Tower,0,13,19,0,32,0,0,24,0,24,0,13,43,0,56,30,0,30,86
04/19/2019,OSU,OH,AGL,CE,Federal Contract Tower,0,6,18,0,24,0,0,0,0,0,0,6,18,0,24,0,0,0,24
04/20/2019,OSU,OH,AGL,CE,Federal Contract Tower,0,2,11,0,13,0,0,12,0,12,0,2,23,0,25,20,0,20,45
04/21/2019,OSU,OH,AGL,CE,Federal Contract Tower,0,9,24,0,33,0,2,53,0,55,0,11,77,0,88,24,0,24,112
04/22/2019,OSU,OH,AGL,CE,Federal Contract Tower,0,7,20,0,27,0,101,179,0,280,0,108,199,0,307,352,0,352,659
04/23/2019,OSU,OH,AGL,CE,Federal Contract Tower,0,11,13,0,24,0,23,57,2,82,0,34,70,2,106,70,0,70,176
04/24/2019,OSU,OH,AGL,CE,Federal Contract Tower,0,22,21,0,43,0,95,126,0,221,0,117,147,0,264,264,0,264,528
04/25/2019,OSU,OH,AGL,CE,Federal Contract Tower,0,8,36,0,44,0,0,7,0,7,0,8,43,0,51,8,0,8,59
04/26/2019,OSU,OH,AGL,CE,Federal Contract Tower,0,13,22,0,35,0,0,19,0,19,0,13,41,0,54,0,0,0,54
04/27/2019,OSU,OH,AGL,CE,Federal Contract Tower,0,7,20,0,27,0,26,102,0,128,0,33,122,0,155,148,0,148,303
04/28/2019,OSU,OH,AGL,CE,Federal Contract Tower,0,11,16,0,27,0,0,47,0,47,0,11,63,0,74,2,0,2,76
04/29/2019,OSU,OH,AGL,CE,Federal Contract Tower,0,1,24,0,25,0,28,91,0,119,0,29,115,0,144,84,0,84,228
04/30/2019,OSU,OH,AGL,CE,Federal Contract Tower,0,13,17,0,30,0,5,44,0,49,0,18,61,0,79,18,0,18,97
05/01/2019,OSU,OH,AGL,CE,Federal Contract Tower,0,10,21,0,31,0,0,33,0,33,0,10,54,0,64,0,0,0,64
05/02/2019,OSU,OH,AGL,CE,Federal Contract Tower,0,10,18,0,28,0,5,32,0,37,0,15,50,0,65,50,0,50,115
05/03/2019,OSU,OH,AGL,CE,Federal Contract Tower,0,13,21,0,34,0,2,25,0,27,0,15,46,0,61,58,0,58,119
05/04/2019,OSU,OH,AGL,CE,Federal Contract Tower,0,6,24,0,30,0,0,3,0,3,0,6,27,0,33,0,0,0,33
05/05/2019,OSU,OH,AGL,CE,Federal Contract Tower,0,18,32,0,50,0,10,74,0,84,0,28,106,0,134,34,0,34,168
05/06/2019,OSU,OH,AGL,CE,Federal Contract Tower,0,10,26,0,36,0,122,128,0,250,0,132,154,0,286,440,0,440,726
05/07/2019,OSU,OH,AGL,CE,Federal Contract Tower,0,12,18,0,30,0,53,83,0,136,0,65,101,0,166,210,0,210,376
05/08/2019,OSU,OH,AGL,CE,Federal Contract Tower,0,15,28,0,43,0,30,138,0,168,0,45,166,0,211,102,0,102,313
05/09/2019,OSU,OH,AGL,CE,Federal Contract Tower,0,10,20,0,30,0,0,19,0,19,0,10,39,0,49,14,0,14,63
05/10/2019,OSU,OH,AGL,CE,Federal Contract Tower,0,6,44,0,50,0,26,73,0,99,0,32,117,0,149,24,0,24,173
05/11/2019,OSU,OH,AGL,CE,Federal Contract Tower,0,3,20,0,23,0,46,106,0,152,0,49,126,0,175,120,0,120,295
05/12/2019,OSU,OH,AGL,CE,Federal Contract Tower,0,2,16,0,18,0,0,0,0,0,0,2,16,0,18,0,0,0,18
05/13/2019,OSU,OH,AGL,CE,Federal Contract Tower,0,10,21,0,31,0,3,21,0,24,0,13,42,0,55,20,0,20,75
05/14/2019,OSU,OH,AGL,CE,Federal Contract Tower,0,4,19,0,23,0,58,130,0,188,0,62,149,0,211,154,0,154,365
05/15/2019,OSU,OH,AGL,CE,Federal Contract Tower,0,9,24,0,33,0,92,109,0,201,0,101,133,0,234,226,0,226,460
05/16/2019,OSU,OH,AGL,CE,Federal Contract Tower,0,15,28,0,43,0,108,111,0,219,0,123,139,0,262,116,0,116,378
05/17/2019,OSU,OH,AGL,CE,Federal Contract Tower,0,10,31,0,41,0,6,51,0,57,0,16,82,0,98,64,0,64,162
05/18/2019,OSU,OH,AGL,CE,Federal Contract Tower,0,7,13,0,20,0,28,98,0,126,0,35,111,0,146,26,0,26,172
05/19/2019,OSU,OH,AGL,CE,Federal Contract Tower,0,8,11,0,19,0,0,32,0,32,0,8,43,0,51,0,0,0,51
05/20/2019,OSU,OH,AGL,CE,Federal Contract Tower,0,6,25,0,31,0,35,63,2,100,0,41,88,2,131,140,0,140,271
05/21/2019,OSU,OH,AGL,CE,Federal Contract Tower,0,9,29,0,38,0,129,106,4,239,0,138,135,4,277,282,0,282,559
05/22/2019,OSU,OH,AGL,CE,Federal Contract Tower,0,11,24,0,35,0,34,82,0,116,0,45,106,0,151,106,0,106,257
05/23/2019,OSU,OH,AGL,CE,Federal Contract Tower,0,7,13,0,20,0,0,39,0,39,0,7,52,0,59,14,0,14,73
05/24/2019,OSU,OH,AGL,CE,Federal Contract Tower,0,7,22,0,29,0,94,96,0,190,0,101,118,0,219,194,0,194,413
05/25/2019,OSU,OH,AGL,CE,Federal Contract Tower,0,9,6,0,15,0,12,50,0,62,0,21,56,0,77,0,0,0,77
05/26/2019,OSU,OH,AGL,CE,Federal Contract Tower,0,13,3,0,16,0,2,56,0,58,0,15,59,0,74,50,0,50,124
05/27/2019,OSU,OH,AGL,CE,Federal Contract Tower,0,22,17,0,39,0,0,62,0,62,0,22,79,0,101,16,0,16,117
05/28/2019,OSU,OH,AGL,CE,Federal Contract Tower,0,20,23,0,43,0,28,65,0,93,0,48,88,0,136,122,0,122,258
05/29/2019,OSU,OH,AGL,CE,Federal Contract Tower,0,15,18,0,33,0,15,53,0,68,0,30,71,0,101,154,0,154,255
05/30/2019,OSU,OH,AGL,CE,Federal Contract Tower,0,26,42,0,68,0,5,39,0,44,0,31,81,0,112,88,0,88,200
05/31/2019,OSU,OH,AGL,CE,Federal Contract Tower,0,20,33,0,53,0,48,125,0,173,0,68,158,0,226,284,0,284,510
06/01/2019,OSU,OH,AGL,CE,Federal Contract Tower,0,12,17,0,29,0,26,87,0,113,0,38,104,0,142,10,0,10,152
06/02/2019,OSU,OH,AGL,CE,Federal Contract Tower,0,36,35,0,71,0,2,69,0,71,0,38,104,0,142,12,0,12,154
06/03/2019,OSU,OH,AGL,CE,Federal Contract Tower,0,16,27,0,43,0,108,136,4,248,0,124,163,4,291,386,0,386,677
06/04/2019,OSU,OH,AGL,CE,Federal Contract Tower,0,14,35,0,49,0,63,127,0,190,0,77,162,0,239,256,0,256,495
06/05/2019,OSU,OH,AGL,CE,Federal Contract Tower,0,7,26,0,33,0,11,29,0,40,0,18,55,0,73,44,0,44,117
06/06/2019,OSU,OH,AGL,CE,Federal Contract Tower,0,17,27,0,44,0,59,85,2,146,0,76,112,2,190,206,0,206,396
06/07/2019,OSU,OH,AGL,CE,Federal Contract Tower,0,14,16,0,30,0,54,73,0,127,0,68,89,0,157,138,0,138,295
06/08/2019,OSU,OH,AGL,CE,Federal Contract Tower,0,11,23,0,34,0,13,133,0,146,0,24,156,0,180,24,0,24,204
06/09/2019,OSU,OH,AGL,CE,Federal Contract Tower,0,1,17,0,18,0,11,52,0,63,0,12,69,0,81,30,0,30,111
06/10/2019,OSU,OH,AGL,CE,Federal Contract Tower,0,5,22,0,27,0,0,11,0,11,0,5,33,0,38,32,0,32,70
06/11/2019,OSU,OH,AGL,CE,Federal Contract Tower,0,7,31,0,38,0,60,159,8,227,0,67,190,8,265,174,0,174,439
06/12/2019,OSU,OH,AGL,CE,Federal Contract Tower,0,11,22,0,33,0,32,68,2,102,0,43,90,2,135,12,0,12,147
06/13/2019,OSU,OH,AGL,CE,Federal Contract Tower,0,19,17,0,36,0,2,13,0,15,0,21,30,0,51,32,0,32,83
06/14/2019,OSU,OH,AGL,CE,Federal Contract Tower,0,10,31,0,41,0,49,99,0,148,0,59,130,0,189,40,0,40,229
06/15/2019,OSU,OH,AGL,CE,Federal Contract Tower,0,8,4,0,12,0,2,39,0,41,0,10,43,0,53,36,0,36,89
06/16/2019,OSU,OH,AGL,CE,Federal Contract Tower,0,4,14,0,18,0,0,24,0,24,0,4,38,0,42,28,0,28,70
06/17/2019,OSU,OH,AGL,CE,Federal Contract Tower,0,17,23,0,40,0,5,9,0,14,0,22,32,0,54,126,0,126,180
06/18/2019,OSU,OH,AGL,CE,Federal Contract Tower,0,18,19,0,37,0,2,26,0,28,0,20,45,0,65,62,0,62,127
06/19/2019,OSU,OH,AGL,CE,Federal Contract Tower,0,18,32,0,50,0,21,40,0,61,0,39,72,0,111,156,0,156,267
06/20/2019,OSU,OH,AGL,CE,Federal Contract Tower,0,8,22,0,30,0,0,6,0,6,0,8,28,0,36,0,0,0,36
06/21/2019,OSU,OH,AGL,CE,Federal Contract Tower,0,12,14,0,26,0,94,131,0,225,0,106,145,0,251,300,0,300,551
06/22/2019,OSU,OH,AGL,CE,Federal Contract Tower,0,19,20,0,39,0,35,106,0,141,0,54,126,0,180,138,0,138,318
06/23/2019,OSU,OH,AGL,CE,Federal Contract Tower,0,6,19,0,25,0,29,92,0,121,0,35,111,0,146,122,0,122,268
06/24/2019,OSU,OH,AGL,CE,Federal Contract Tower,0,5,15,0,20,0,10,49,0,59,0,15,64,0,79,34,0,34,113
06/25/2019,OSU,OH,AGL,CE,Federal Contract Tower,0,9,41,0,50,0,135,124,0,259,0,144,165,0,309,156,0,156,465
06/26/2019,OSU,OH,AGL,CE,Federal Contract Tower,0,12,29,0,41,0,85,108,0,193,0,97,137,0,234,186,0,186,420
06/27/2019,OSU,OH,AGL,CE,Federal Contract Tower,0,8,21,0,29,0,55,85,0,140,0,63,106,0,169,112,0,112,281
06/28/2019,OSU,OH,AGL,CE,Federal Contract Tower,0,11,19,0,30,0,82,123,0,205,0,93,142,0,235,250,0,250,485
06/29/2019,OSU,OH,AGL,CE,Federal Contract Tower,0,8,16,0,24,0,36,103,0,139,0,44,119,0,163,102,0,102,265
06/30/2019,OSU,OH,AGL,CE,Federal Contract Tower,0,9,18,0,27,0,24,51,0,75,0,33,69,0,102,28,0,28,130
07/01/2019,OSU,OH,AGL,CE,Federal Contract Tower,0,6,23,0,29,0,88,122,3,213,0,94,145,3,242,198,0,198,440
07/02/2019,OSU,OH,AGL,CE,Federal Contract Tower,0,4,18,0,22,0,60,65,0,125,0,64,83,0,147,206,0,206,353
07/03/2019,OSU,OH,AGL,CE,Federal Contract Tower,0,9,24,0,33,0,12,49,0,61,0,21,73,0,94,138,0,138,232
07/04/2019,OSU,OH,AGL,CE,Federal Contract Tower,0,4,9,0,13,0,0,25,0,25,0,4,34,0,38,24,0,24,62
07/05/2019,OSU,OH,AGL,CE,Federal Contract Tower,0,7,11,0,18,0,36,103,0,139,0,43,114,0,157,118,0,118,275
07/06/2019,OSU,OH,AGL,CE,Federal Contract Tower,0,13,4,0,17,0,26,90,0,116,0,39,94,0,133,158,0,158,291
07/07/2019,OSU,OH,AGL,CE,Federal Contract Tower,0,6,42,2,50,0,0,68,0,68,0,6,110,2,118,82,0,82,200
07/08/2019,OSU,OH,AGL,CE,Federal Contract Tower,0,16,19,0,35,0,85,127,4,216,0,101,146,4,251,78,0,78,329
07/09/2019,OSU,OH,AGL,CE,Federal Contract Tower,0,12,19,0,31,0,121,124,0,245,0,133,143,0,276,142,0,142,418
07/10/2019,OSU,OH,AGL,CE,Federal Contract Tower,0,12,31,0,43,0,84,121,4,209,0,96,152,4,252,84,0,84,336
07/11/2019,OSU,OH,AGL,CE,Federal Contract Tower,0,14,25,0,39,0,29,90,0,119,0,43,115,0,158,146,0,146,304
07/12/2019,OSU,OH,AGL,CE,Federal Contract Tower,0,18,25,0,43,0,70,95,0,165,0,88,120,0,208,88,0,88,296
07/13/2019,OSU,OH,AGL,CE,Federal Contract Tower,0,15,22,0,37,0,66,101,0,167,0,81,123,0,204,14,0,14,218
07/14/2019,OSU,OH,AGL,CE,Federal Contract Tower,0,4,15,0,19,0,8,81,0,89,0,12,96,0,108,10,0,10,118
07/15/2019,OSU,OH,AGL,CE,Federal Contract Tower,0,11,26,0,37,0,53,76,0,129,0,64,102,0,166,56,0,56,222
07/16/2019,OSU,OH,AGL,CE,Federal Contract Tower,0,16,20,0,36,0,26,64,0,90,0,42,84,0,126,78,0,78,204
07/17/2019,OSU,OH,AGL,CE,Federal Contract Tower,0,11,21,0,32,0,2,17,0,19,0,13,38,0,51,28,0,28,79
07/18/2019,OSU,OH,AGL,CE,Federal Contract Tower,0,9,38,0,47,0,64,60,0,124,0,73,98,0,171,192,0,192,363
07/19/2019,OSU,OH,AGL,CE,Federal Contract Tower,0,23,21,0,44,0,19,55,0,74,0,42,76,0,118,80,0,80,198
07/20/2019,OSU,OH,AGL,CE,Federal Contract Tower,0,14,8,0,22,0,19,38,0,57,0,33,46,0,79,28,0,28,107
07/21/2019,OSU,OH,AGL,CE,Federal Contract Tower,0,13,10,0,23,0,14,72,0,86,0,27,82,0,109,28,0,28,137
07/22/2019,OSU,OH,AGL,CE,Federal Contract Tower,0,8,16,2,26,0,0,29,0,29,0,8,45,2,55,12,0,12,67
07/23/2019,OSU,OH,AGL,CE,Federal Contract Tower,0,18,13,0,31,0,45,97,0,142,0,63,110,0,173,54,0,54,227
07/24/2019,OSU,OH,AGL,CE,Federal Contract Tower,0,16,27,0,43,0,69,104,0,173,0,85,131,0,216,72,0,72,288
07/25/2019,OSU,OH,AGL,CE,Federal Contract Tower,0,9,24,0,33,0,94,135,0,229,0,103,159,0,262,72,0,72,334
07/26/2019,OSU,OH,AGL,CE,Federal Contract Tower,0,13,41,0,54,0,108,156,1,265,0,121,197,1,319,114,0,114,433
07/27/2019,OSU,OH,AGL,CE,Federal Contract Tower,0,8,16,0,24,0,31,97,0,128,0,39,113,0,152,44,0,44,196
07/28/2019,OSU,OH,AGL,CE,Federal Contract Tower,0,4,25,0,29,0,10,77,0,87,0,14,102,0,116,16,0,16,132
07/29/2019,OSU,OH,AGL,CE,Federal Contract Tower,0,9,14,0,23,0,32,56,0,88,0,41,70,0,111,16,0,16,127
07/30/2019,OSU,OH,AGL,CE,Federal Contract Tower,0,15,20,0,35,0,0,36,0,36,0,15,56,0,71,0,0,0,71
07/31/2019,OSU,OH,AGL,CE,Federal Contract Tower,0,19,24,0,43,0,86,115,4,205,0,105,139,4,248,106,0,106,354
08/01/2019,OSU,OH,AGL,CE,Federal Contract Tower,0,22,31,0,53,0,74,115,0,189,0,96,146,0,242,168,0,168,410
08/02/2019,OSU,OH,AGL,CE,Federal Contract Tower,0,6,26,0,32,0,74,128,0,202,0,80,154,0,234,120,0,120,354
08/03/2019,OSU,OH,AGL,CE,Federal Contract Tower,0,6,14,0,20,0,18,109,0,127,0,24,123,0,147,58,0,58,205
08/04/2019,OSU,OH,AGL,CE,Federal Contract Tower,0,17,13,0,30,0,6,98,0,104,0,23,111,0,134,24,0,24,158
08/05/2019,OSU,OH,AGL,CE,Federal Contract Tower,0,5,27,0,32,0,32,53,0,85,0,37,80,0,117,98,0,98,215
08/06/2019,OSU,OH,AGL,CE,Federal Contract Tower,0,10,22,0,32,0,59,72,12,143,0,69,94,12,175,42,0,42,217
08/07/2019,OSU,OH,AGL,CE,Federal Contract Tower,0,15,19,0,34,0,11,90,2,103,0,26,109,2,137,96,0,96,233
08/08/2019,OSU,OH,AGL,CE,Federal Contract Tower,0,12,31,0,43,0,13,37,4,54,0,25,68,4,97,40,0,40,137
08/09/2019,OSU,OH,AGL,CE,Federal Contract Tower,0,20,44,0,64,0,85,135,0,220,0,105,179,0,284,96,0,96,380
08/10/2019,OSU,OH,AGL,CE,Federal Contract Tower,0,12,17,0,29,0,22,107,0,129,0,34,124,0,158,40,0,40,198
08/11/2019,OSU,OH,AGL,CE,Federal Contract Tower,0,7,21,0,28,0,14,140,0,154,0,21,161,0,182,60,0,60,242
08/12/2019,OSU,OH,AGL,CE,Federal Contract Tower,0,19,23,0,42,0,32,98,3,133,0,51,121,3,175,98,0,98,273
08/13/2019,OSU,OH,AGL,CE,Federal Contract Tower,0,19,22,0,41,0,0,13,5,18,0,19,35,5,59,10,0,10,69
08/14/2019,OSU,OH,AGL,CE,Federal Contract Tower,0,12,21,1,34,0,37,64,0,101,0,49,85,1,135,146,0,146,281
08/15/2019,OSU,OH,AGL,CE,Federal Contract Tower,0,34,27,0,61,0,50,97,0,147,0,84,124,0,208,182,0,182,390
08/16/2019,OSU,OH,AGL,CE,Federal Contract Tower,0,17,21,0,38,0,43,67,0,110,0,60,88,0,148,188,0,188,336
08/17/2019,OSU,OH,AGL,CE,Federal Contract Tower,0,11,13,0,24,0,16,100,0,116,0,27,113,0,140,56,0,56,196
08/18/2019,OSU,OH,AGL,CE,Federal Contract Tower,0,9,15,0,24,0,6,78,0,84,0,15,93,0,108,48,0,48,156
08/19/2019,OSU,OH,AGL,CE,Federal Contract Tower,0,6,20,0,26,0,33,64,0,97,0,39,84,0,123,80,0,80,203
08/20/2019,OSU,OH,AGL,CE,Federal Contract Tower,0,18,13,0,31,0,11,72,0,83,0,29,85,0,114,44,0,44,158
08/21/2019,OSU,OH,AGL,CE,Federal Contract Tower,0,14,34,0,48,0,26,59,0,85,0,40,93,0,133,66,0,66,199
08/22/2019,OSU,OH,AGL,CE,Federal Contract Tower,0,13,16,0,29,0,0,44,2,46,0,13,60,2,75,44,0,44,119
08/23/2019,OSU,OH,AGL,CE,Federal Contract Tower,0,6,17,0,23,0,92,108,0,200,0,98,125,0,223,74,0,74,297
08/24/2019,OSU,OH,AGL,CE,Federal Contract Tower,0,3,8,0,11,0,34,154,0,188,0,37,162,0,199,68,0,68,267
08/25/2019,OSU,OH,AGL,CE,Federal Contract Tower,0,6,28,0,34,0,15,128,0,143,0,21,156,0,177,50,0,50,227
08/26/2019,OSU,OH,AGL,CE,Federal Contract Tower,0,9,39,2,50,0,4,15,2,21,0,13,54,4,71,10,0,10,81
08/27/2019,OSU,OH,AGL,CE,Federal Contract Tower,0,17,35,0,52,0,0,15,0,15,0,17,50,0,67,8,0,8,75
08/28/2019,OSU,OH,AGL,CE,Federal Contract Tower,0,13,32,0,45,0,78,120,2,200,0,91,152,2,245,134,0,134,379
08/29/2019,OSU,OH,AGL,CE,Federal Contract Tower,0,20,21,0,41,0,126,141,4,271,0,146,162,4,312,202,0,202,514
08/30/2019,OSU,OH,AGL,CE,Federal Contract Tower,0,17,25,2,44,0,122,141,0,263,0,139,166,2,307,300,0,300,607
08/31/2019,OSU,OH,AGL,CE,Federal Contract Tower,0,6,28,0,34,0,24,108,10,142,0,30,136,10,176,72,0,72,248
09/01/2019,OSU,OH,AGL,CE,Federal Contract Tower,0,1,11,0,12,0,28,62,0,90,0,29,73,0,102,148,0,148,250
09/02/2019,OSU,OH,AGL,CE,Federal Contract Tower,0,12,18,0,30,0,0,69,0,69,0,12,87,0,99,76,0,76,175
09/03/2019,OSU,OH,AGL,CE,Federal Contract Tower,0,14,12,0,26,0,52,77,0,129,0,66,89,0,155,78,0,78,233
09/04/2019,OSU,OH,AGL,CE,Federal Contract Tower,0,8,22,0,30,0,115,126,0,241,0,123,148,0,271,220,0,220,491
09/05/2019,OSU,OH,AGL,CE,Federal Contract Tower,0,17,31,0,48,0,106,125,0,231,0,123,156,0,279,354,0,354,633
09/06/2019,OSU,OH,AGL,CE,Federal Contract Tower,0,19,21,0,40,0,91,109,0,200,0,110,130,0,240,204,0,204,444
09/07/2019,OSU,OH,AGL,CE,Federal Contract Tower,0,18,36,0,54,0,1,70,0,71,0,19,106,0,125,92,0,92,217
09/08/2019,OSU,OH,AGL,CE,Federal Contract Tower,0,10,22,0,32,0,18,131,0,149,0,28,153,0,181,136,0,136,317
09/09/2019,OSU,OH,AGL,CE,Federal Contract Tower,0,18,17,0,35,0,133,137,0,270,0,151,154,0,305,168,0,168,473
09/10/2019,OSU,OH,AGL,CE,Federal Contract Tower,0,16,15,0,31,0,115,119,0,234,0,131,134,0,265,124,0,124,389
09/11/2019,OSU,OH,AGL,CE,Federal Contract Tower,0,16,30,0,46,0,87,102,0,189,0,103,132,0,235,206,0,206,441
09/12/2019,OSU,OH,AGL,CE,Federal Contract Tower,0,10,24,0,34,0,74,123,0,197,0,84,147,0,231,284,0,284,515
09/13/2019,OSU,OH,AGL,CE,Federal Contract Tower,0,18,28,0,46,0,29,99,0,128,0,47,127,0,174,106,0,106,280
09/14/2019,OSU,OH,AGL,CE,Federal Contract Tower,0,9,18,0,27,0,26,136,0,162,0,35,154,0,189,158,0,158,347
09/15/2019,OSU,OH,AGL,CE,Federal Contract Tower,0,12,22,0,34,0,9,115,0,124,0,21,137,0,158,104,0,104,262
09/16/2019,OSU,OH,AGL,CE,Federal Contract Tower,0,15,22,0,37,0,89,109,0,198,0,104,131,0,235,302,0,302,537
09/17/2019,OSU,OH,AGL,CE,Federal Contract Tower,0,19,26,0,45,0,54,97,0,151,0,73,123,0,196,190,0,190,386
09/18/2019,OSU,OH,AGL,CE,Federal Contract Tower,0,25,31,0,56,0,88,98,0,186,0,113,129,0,242,146,0,146,388
09/19/2019,OSU,OH,AGL,CE,Federal Contract Tower,0,11,20,0,31,0,82,79,0,161,0,93,99,0,192,220,0,220,412
09/20/2019,OSU,OH,AGL,CE,Federal Contract Tower,0,17,24,0,41,0,51,75,8,134,0,68,99,8,175,252,0,252,427
09/21/2019,OSU,OH,AGL,CE,Federal Contract Tower,0,9,16,0,25,0,2,47,0,49,0,11,63,0,74,58,0,58,132
09/22/2019,OSU,OH,AGL,CE,Federal Contract Tower,0,9,22,0,31,0,17,78,0,95,0,26,100,0,126,8,0,8,134
09/23/2019,OSU,OH,AGL,CE,Federal Contract Tower,0,16,25,0,41,0,8,20,0,28,0,24,45,0,69,30,0,30,99
09/24/2019,OSU,OH,AGL,CE,Federal Contract Tower,0,16,40,0,56,0,137,132,0,269,0,153,172,0,325,412,0,412,737
09/25/2019,OSU,OH,AGL,CE,Federal Contract Tower,0,13,35,0,48,0,47,68,0,115,0,60,103,0,163,50,0,50,213
09/26/2019,OSU,OH,AGL,CE,Federal Contract Tower,0,20,36,0,56,0,104,128,0,232,0,124,164,0,288,228,0,228,516
09/27/2019,OSU,OH,AGL,CE,Federal Contract Tower,0,19,26,0,45,0,55,114,4,173,0,74,140,4,218,100,0,100,318
09/28/2019,OSU,OH,AGL,CE,Federal Contract Tower,0,8,11,0,19,0,16,75,0,91,0,24,86,0,110,66,0,66,176
09/29/2019,OSU,OH,AGL,CE,Federal Contract Tower,0,20,21,0,41,0,16,58,0,74,0,36,79,0,115,30,0,30,145
09/30/2019,OSU,OH,AGL,CE,Federal Contract Tower,0,20,18,0,38,0,86,118,0,204,0,106,136,0,242,338,0,338,580
10/01/2019,OSU,OH,AGL,CE,Federal Contract Tower,0,21,37,0,58,0,55,116,0,171,0,76,153,0,229,158,0,158,387
10/02/2019,OSU,OH,AGL,CE,Federal Contract Tower,0,28,28,0,56,0,42,74,0,116,0,70,102,0,172,172,0,172,344
10/03/2019,OSU,OH,AGL,CE,Federal Contract Tower,0,29,28,0,57,0,33,69,0,102,0,62,97,0,159,94,0,94,253
10/04/2019,OSU,OH,AGL,CE,Federal Contract Tower,0,36,26,0,62,0,73,152,0,225,0,109,178,0,287,574,0,574,861
10/05/2019,OSU,OH,AGL,CE,Federal Contract Tower,0,22,16,0,38,0,52,130,0,182,0,74,146,0,220,766,0,766,986
10/06/2019,OSU,OH,AGL,CE,Federal Contract Tower,0,11,38,0,49,0,0,38,0,38,0,11,76,0,87,470,0,470,557
10/07/2019,OSU,OH,AGL,CE,Federal Contract Tower,0,11,37,0,48,0,71,115,0,186,0,82,152,0,234,366,0,366,600
10/08/2019,OSU,OH,AGL,CE,Federal Contract Tower,0,13,37,0,50,0,72,113,0,185,0,85,150,0,235,58,0,58,293
10/09/2019,OSU,OH,AGL,CE,Federal Contract Tower,0,14,25,0,39,0,92,130,1,223,0,106,155,1,262,500,0,500,762
10/10/2019,OSU,OH,AGL,CE,Federal Contract Tower,0,26,33,0,59,0,72,140,2,214,0,98,173,2,273,268,0,268,541
10/11/2019,OSU,OH,AGL,CE,Federal Contract Tower,0,17,20,0,37,0,41,70,0,111,0,58,90,0,148,92,0,92,240
10/12/2019,OSU,OH,AGL,CE,Federal Contract Tower,0,7,11,0,18,0,16,119,0,135,0,23,130,0,153,58,0,58,211
10/13/2019,OSU,OH,AGL,CE,Federal Contract Tower,0,11,22,0,33,0,6,71,0,77,0,17,93,0,110,10,0,10,120
10/14/2019,OSU,OH,AGL,CE,Federal Contract Tower,0,22,14,0,36,0,43,68,0,111,0,65,82,0,147,124,0,124,271
10/15/2019,OSU,OH,AGL,CE,Federal Contract Tower,0,20,27,0,47,0,65,90,0,155,0,85,117,0,202,246,0,246,448
10/16/2019,OSU,OH,AGL,CE,Federal Contract Tower,0,16,18,0,34,0,0,15,0,15,0,16,33,0,49,0,0,0,49
10/17/2019,OSU,OH,AGL,CE,Federal Contract Tower,0,13,20,0,33,0,0,52,4,56,0,13,72,4,89,20,0,20,109
10/18/2019,OSU,OH,AGL,CE,Federal Contract Tower,0,19,28,0,47,0,100,114,0,214,0,119,142,0,261,398,0,398,659
10/19/2019,OSU,OH,AGL,CE,Federal Contract Tower,0,6,13,0,19,0,36,112,0,148,0,42,125,0,167,72,0,72,239
10/20/2019,OSU,OH,AGL,CE,Federal Contract Tower,0,14,18,0,32,0,16,127,0,143,0,30,145,0,175,34,0,34,209
10/21/2019,OSU,OH,AGL,CE,Federal Contract Tower,0,7,14,0,21,0,0,13,0,13,0,7,27,0,34,6,0,6,40
10/22/2019,OSU,OH,AGL,CE,Federal Contract Tower,0,6,36,1,43,0,9,56,38,103,0,15,92,39,146,16,0,16,162
10/23/2019,OSU,OH,AGL,CE,Federal Contract Tower,0,11,17,0,28,0,57,105,2,164,0,68,122,2,192,108,0,108,300
10/24/2019,OSU,OH,AGL,CE,Federal Contract Tower,0,23,20,0,43,0,108,136,0,244,0,131,156,0,287,184,0,184,471
10/25/2019,OSU,OH,AGL,CE,Federal Contract Tower,0,20,30,0,50,0,115,109,0,224,0,135,139,0,274,244,0,244,518
10/26/2019,OSU,OH,AGL,CE,Federal Contract Tower,0,28,21,0,49,0,0,1,0,1,0,28,22,0,50,62,0,62,112
10/27/2019,OSU,OH,AGL,CE,Federal Contract Tower,0,11,25,0,36,0,0,43,0,43,0,11,68,0,79,14,0,14,93
10/28/2019,OSU,OH,AGL,CE,Federal Contract Tower,0,7,25,0,32,0,67,72,0,139,0,74,97,0,171,344,0,344,515
10/29/2019,OSU,OH,AGL,CE,Federal Contract Tower,0,18,43,0,61,0,10,53,0,63,0,28,96,0,124,62,0,62,186
10/30/2019,OSU,OH,AGL,CE,Federal Contract Tower,0,10,23,0,33,0,0,3,0,3,0,10,26,0,36,0,0,0,36
10/31/2019,OSU,OH,AGL,CE,Federal Contract Tower,0,12,11,0,23,0,0,1,0,1,0,12,12,0,24,0,0,0,24
11/01/2019,OSU,OH,AGL,CE,Federal Contract Tower,0,21,20,0,41,0,63,90,0,153,0,84,110,0,194,216,0,216,410
11/02/2019,OSU,OH,AGL,CE,Federal Contract Tower,0,10,10,0,20,0,11,69,0,80,0,21,79,0,100,44,0,44,144
11/03/2019,OSU,OH,AGL,CE,Federal Contract Tower,0,6,27,0,33,0,19,68,0,87,0,25,95,0,120,100,0,100,220
11/04/2019,OSU,OH,AGL,CE,Federal Contract Tower,0,12,20,0,32,0,39,75,0,114,0,51,95,0,146,16,0,16,162
11/05/2019,OSU,OH,AGL,CE,Federal Contract Tower,0,13,26,0,39,0,60,80,0,140,0,73,106,0,179,230,0,230,409
11/06/2019,OSU,OH,AGL,CE,Federal Contract Tower,0,11,34,0,45,0,85,126,0,211,0,96,160,0,256,384,0,384,640
11/07/2019,OSU,OH,AGL,CE,Federal Contract Tower,0,10,15,0,25,0,0,9,0,9,0,10,24,0,34,0,0,0,34
11/08/2019,OSU,OH,AGL,CE,Federal Contract Tower,0,22,24,0,46,0,143,89,0,232,0,165,113,0,278,260,0,260,538
11/09/2019,OSU,OH,AGL,CE,Federal Contract Tower,0,10,19,0,29,0,22,80,0,102,0,32,99,0,131,52,0,52,183
11/10/2019,OSU,OH,AGL,CE,Federal Contract Tower,0,11,23,0,34,0,33,81,0,114,0,44,104,0,148,56,0,56,204
11/11/2019,OSU,OH,AGL,CE,Federal Contract Tower,0,9,11,0,20,0,0,14,0,14,0,9,25,0,34,52,0,52,86
11/12/2019,OSU,OH,AGL,CE,Federal Contract Tower,0,4,19,0,23,0,7,29,0,36,0,11,48,0,59,20,0,20,79
11/13/2019,OSU,OH,AGL,CE,Federal Contract Tower,0,18,40,0,58,0,91,108,2,201,0,109,148,2,259,346,0,346,605
11/14/2019,OSU,OH,AGL,CE,Federal Contract Tower,0,15,24,0,39,0,86,84,0,170,0,101,108,0,209,298,0,298,507
11/15/2019,OSU,OH,AGL,CE,Federal Contract Tower,0,18,25,0,43,0,42,55,0,97,0,60,80,0,140,162,0,162,302
11/16/2019,OSU,OH,AGL,CE,Federal Contract Tower,0,8,20,0,28,0,17,88,0,105,0,25,108,0,133,0,0,0,133
11/17/2019,OSU,OH,AGL,CE,Federal Contract Tower,0,8,21,0,29,0,20,137,0,157,0,28,158,0,186,112,0,112,298
11/18/2019,OSU,OH,AGL,CE,Federal Contract Tower,0,12,15,0,27,0,83,79,0,162,0,95,94,0,189,326,0,326,515
11/19/2019,OSU,OH,AGL,CE,Federal Contract Tower,0,8,23,0,31,0,16,64,0,80,0,24,87,0,111,122,0,122,233
11/20/2019,OSU,OH,AGL,CE,Federal Contract Tower,0,10,34,0,44,0,74,71,0,145,0,84,105,0,189,174,0,174,363
11/21/2019,OSU,OH,AGL,CE,Federal Contract Tower,0,14,25,0,39,0,8,58,0,66,0,22,83,0,105,30,0,30,135
11/22/2019,OSU,OH,AGL,CE,Federal Contract Tower,0,16,18,0,34,0,14,69,0,83,0,30,87,0,117,20,0,20,137
11/23/2019,OSU,OH,AGL,CE,Federal Contract Tower,0,17,36,0,53,0,10,49,0,59,0,27,85,0,112,98,0,98,210
11/24/2019,OSU,OH,AGL,CE,Federal Contract Tower,0,14,30,0,44,0,4,49,0,53,0,18,79,0,97,20,0,20,117
11/25/2019,OSU,OH,AGL,CE,Federal Contract Tower,0,17,20,0,37,0,58,92,0,150,0,75,112,0,187,54,0,54,241
11/26/2019,OSU,OH,AGL,CE,Federal Contract Tower,0,12,27,0,39,0,83,107,0,190,0,95,134,0,229,212,0,212,441
11/27/2019,OSU,OH,AGL,CE,Federal Contract Tower,0,13,9,0,22,0,1,4,0,5,0,14,13,0,27,0,0,0,27
11/28/2019,OSU,OH,AGL,CE,Federal Contract Tower,0,6,6,0,12,0,0,22,0,22,0,6,28,0,34,0,0,0,34
11/29/2019,OSU,OH,AGL,CE,Federal Contract Tower,0,11,14,0,25,0,0,52,0,52,0,11,66,0,77,20,0,20,97
11/30/2019,OSU,OH,AGL,CE,Federal Contract Tower,0,12,14,0,26,0,2,8,0,10,0,14,22,0,36,0,0,0,36
12/01/2019,OSU,OH,AGL,CE,Federal Contract Tower,0,19,18,0,37,0,2,22,0,24,0,21,40,0,61,0,0,0,61
12/02/2019,OSU,OH,AGL,CE,Federal Contract Tower,0,11,13,0,24,0,0,2,0,2,0,11,15,0,26,0,0,0,26
12/03/2019,OSU,OH,AGL,CE,Federal Contract Tower,0,14,19,0,33,0,0,4,0,4,0,14,23,0,37,0,0,0,37
12/04/2019,OSU,OH,AGL,CE,Federal Contract Tower,0,26,25,0,51,0,0,33,0,33,0,26,58,0,84,0,4,4,88
12/05/2019,OSU,OH,AGL,CE,Federal Contract Tower,0,18,23,0,41,0,99,111,6,216,0,117,134,6,257,224,0,224,481
12/06/2019,OSU,OH,AGL,CE,Federal Contract Tower,0,8,11,0,19,0,14,68,0,82,0,22,79,0,101,128,0,128,229
12/07/2019,OSU,OH,AGL,CE,Federal Contract Tower,0,9,14,0,23,0,56,122,0,178,0,65,136,0,201,116,0,116,317
12/08/2019,OSU,OH,AGL,CE,Federal Contract Tower,0,6,15,0,21,0,0,74,0,74,0,6,89,0,95,0,0,0,95
12/09/2019,OSU,OH,AGL,CE,Federal Contract Tower,0,8,13,0,21,0,0,4,0,4,0,8,17,0,25,0,0,0,25
12/10/2019,OSU,OH,AGL,CE,Federal Contract Tower,0,12,24,0,36,0,1,33,0,34,0,13,57,0,70,46,0,46,116
12/11/2019,OSU,OH,AGL,CE,Federal Contract Tower,0,7,26,0,33,0,29,58,0,87,0,36,84,0,120,54,0,54,174
12/12/2019,OSU,OH,AGL,CE,Federal Contract Tower,0,13,23,0,36,0,47,102,0,149,0,60,125,0,185,96,0,96,281
12/13/2019,OSU,OH,AGL,CE,Federal Contract Tower,0,11,20,0,31,0,46,74,0,120,0,57,94,0,151,138,0,138,289
12/14/2019,OSU,OH,AGL,CE,Federal Contract Tower,0,8,7,0,15,0,0,4,0,4,0,8,11,0,19,0,0,0,19
12/15/2019,OSU,OH,AGL,CE,Federal Contract Tower,0,6,8,0,14,0,7,50,0,57,0,13,58,0,71,0,0,0,71
12/16/2019,OSU,OH,AGL,CE,Federal Contract Tower,0,0,16,0,16,0,0,7,0,7,0,0,23,0,23,0,0,0,23
12/17/2019,OSU,OH,AGL,CE,Federal Contract Tower,0,10,14,0,24,0,0,31,0,31,0,10,45,0,55,4,0,4,59
12/18/2019,OSU,OH,AGL,CE,Federal Contract Tower,0,14,15,0,29,0,0,32,0,32,0,14,47,0,61,8,0,8,69
12/19/2019,OSU,OH,AGL,CE,Federal Contract Tower,0,20,19,0,39,0,41,89,0,130,0,61,108,0,169,148,8,156,325
12/20/2019,OSU,OH,AGL,CE,Federal Contract Tower,0,10,34,0,44,0,28,114,0,142,0,38,148,0,186,90,0,90,276
12/21/2019,OSU,OH,AGL,CE,Federal Contract Tower,0,6,21,0,27,0,13,67,0,80,0,19,88,0,107,16,0,16,123
12/22/2019,OSU,OH,AGL,CE,Federal Contract Tower,0,6,10,0,16,0,7,66,0,73,0,13,76,0,89,10,0,10,99
12/23/2019,OSU,OH,AGL,CE,Federal Contract Tower,0,8,9,0,17,0,14,64,0,78,0,22,73,0,95,36,0,36,131
12/24/2019,OSU,OH,AGL,CE,Federal Contract Tower,0,2,4,0,6,0,6,13,0,19,0,8,17,0,25,20,0,20,45
12/25/2019,OSU,OH,AGL,CE,Federal Contract Tower,0,8,6,0,14,0,0,29,0,29,0,8,35,0,43,8,0,8,51
12/26/2019,OSU,OH,AGL,CE,Federal Contract Tower,0,15,21,0,36,0,14,84,0,98,0,29,105,0,134,22,0,22,156
12/27/2019,OSU,OH,AGL,CE,Federal Contract Tower,0,11,18,0,29,0,0,31,0,31,0,11,49,0,60,4,0,4,64
12/28/2019,OSU,OH,AGL,CE,Federal Contract Tower,0,3,28,0,31,0,0,0,0,0,0,3,28,0,31,0,0,0,31
12/29/2019,OSU,OH,AGL,CE,Federal Contract Tower,0,8,11,0,19,0,0,0,0,0,0,8,11,0,19,0,0,0,19
12/30/2019,OSU,OH,AGL,CE,Federal Contract Tower,0,7,5,0,12,0,0,9,0,9,0,7,14,0,21,0,0,0,21
12/31/2019,OSU,OH,AGL,CE,Federal Contract Tower,0,3,0,0,3,0,0,3,0,3,0,3,3,0,6,0,0,0,6
01/01/2020,OSU,OH,AGL,CE,Federal Contract Tower,0,5,11,0,16,0,0,53,0,53,0,5,64,0,69,12,0,12,81
01/02/2020,OSU,OH,AGL,CE,Federal Contract Tower,0,12,7,0,19,0,2,59,0,61,0,14,66,0,80,14,0,14,94
01/03/2020,OSU,OH,AGL,CE,Federal Contract Tower,0,9,13,0,22,0,0,0,0,0,0,9,13,0,22,0,0,0,22
01/04/2020,OSU,OH,AGL,CE,Federal Contract Tower,0,6,8,0,14,0,0,1,0,1,0,6,9,0,15,0,0,0,15
01/05/2020,OSU,OH,AGL,CE,Federal Contract Tower,0,1,21,0,22,0,3,68,0,71,0,4,89,0,93,32,0,32,125
01/06/2020,OSU,OH,AGL,CE,Federal Contract Tower,0,6,10,0,16,0,8,71,0,79,0,14,81,0,95,58,0,58,153
01/07/2020,OSU,OH,AGL,CE,Federal Contract Tower,0,5,13,0,18,0,76,89,0,165,0,81,102,0,183,410,0,410,593
01/08/2020,OSU,OH,AGL,CE,Federal Contract Tower,0,7,30,0,37,0,33,63,0,96,0,40,93,0,133,30,0,30,163
01/09/2020,OSU,OH,AGL,CE,Federal Contract Tower,0,6,20,0,26,0,48,61,0,109,0,54,81,0,135,48,0,48,183
01/10/2020,OSU,OH,AGL,CE,Federal Contract Tower,0,10,12,0,22,0,0,7,0,7,0,10,19,0,29,14,0,14,43
01/11/2020,OSU,OH,AGL,CE,Federal Contract Tower,0,3,4,0,7,0,0,4,0,4,0,3,8,0,11,2,0,2,13
01/12/2020,OSU,OH,AGL,CE,Federal Contract Tower,0,2,22,0,24,0,0,33,0,33,0,2,55,0,57,106,0,106,163
01/13/2020,OSU,OH,AGL,CE,Federal Contract Tower,0,2,15,0,17,0,64,77,0,141,0,66,92,0,158,369,0,369,527
01/14/2020,OSU,OH,AGL,CE,Federal Contract Tower,0,19,18,0,37,0,21,24,0,45,0,40,42,0,82,14,0,14,96
01/15/2020,OSU,OH,AGL,CE,Federal Contract Tower,0,3,12,0,15,0,1,0,0,1,0,4,12,0,16,0,0,0,16
01/16/2020,OSU,OH,AGL,CE,Federal Contract Tower,0,8,23,0,31,0,2,32,0,34,0,10,55,0,65,0,0,0,65
01/17/2020,OSU,OH,AGL,CE,Federal Contract Tower,0,12,22,0,34,0,102,81,0,183,0,114,103,0,217,194,2,196,413
01/18/2020,OSU,OH,AGL,CE,Federal Contract Tower,0,1,4,0,5,0,0,0,0,0,0,1,4,0,5,0,0,0,5
01/19/2020,OSU,OH,AGL,CE,Federal Contract Tower,0,5,6,0,11,0,0,15,0,15,0,5,21,0,26,26,0,26,52
01/20/2020,OSU,OH,AGL,CE,Federal Contract Tower,0,3,21,0,24,0,0,68,0,68,0,3,89,0,92,30,0,30,122
01/21/2020,OSU,OH,AGL,CE,Federal Contract Tower,0,9,18,0,27,0,126,92,0,218,0,135,110,0,245,310,0,310,555
01/22/2020,OSU,OH,AGL,CE,Federal Contract Tower,0,11,27,0,38,0,83,71,0,154,0,94,98,0,192,156,0,156,348
01/23/2020,OSU,OH,AGL,CE,Federal Contract Tower,0,9,27,0,36,0,135,120,0,255,0,144,147,0,291,316,0,316,607
01/24/2020,OSU,OH,AGL,CE,Federal Contract Tower,0,7,6,0,13,0,0,2,0,2,0,7,8,0,15,6,0,6,21
01/25/2020,OSU,OH,AGL,CE,Federal Contract Tower,0,6,7,0,13,0,0,0,0,0,0,6,7,0,13,0,0,0,13
01/26/2020,OSU,OH,AGL,CE,Federal Contract Tower,0,2,13,0,15,0,0,18,0,18,0,2,31,0,33,44,0,44,77
01/27/2020,OSU,OH,AGL,CE,Federal Contract Tower,0,8,14,0,22,0,0,8,0,8,0,8,22,0,30,38,0,38,68
01/28/2020,OSU,OH,AGL,CE,Federal Contract Tower,0,11,19,0,30,0,3,27,0,30,0,14,46,0,60,56,0,56,116
01/29/2020,OSU,OH,AGL,CE,Federal Contract Tower,0,10,24,0,34,0,98,67,0,165,0,108,91,0,199,334,0,334,533
01/30/2020,OSU,OH,AGL,CE,Federal Contract Tower,0,17,14,0,31,0,85,82,2,169,0,102,96,2,200,302,0,302,502
01/31/2020,OSU,OH,AGL,CE,Federal Contract Tower,0,6,12,0,18,0,19,15,0,34,0,25,27,0,52,50,0,50,102
02/01/2020,OSU,OH,AGL,CE,Federal Contract Tower,0,4,7,0,11,0,0,4,0,4,0,4,11,0,15,0,0,0,15
02/02/2020,OSU,OH,AGL,CE,Federal Contract Tower,0,5,5,0,10,0,5,30,0,35,0,10,35,0,45,22,0,22,67
02/03/2020,OSU,OH,AGL,CE,Federal Contract Tower,0,4,13,0,17,0,91,127,0,218,0,95,140,0,235,98,0,98,333
02/04/2020,OSU,OH,AGL,CE,Federal Contract Tower,0,7,24,0,31,0,0,2,0,2,0,7,26,0,33,0,0,0,33
02/05/2020,OSU,OH,AGL,CE,Federal Contract Tower,0,12,15,0,27,0,86,65,0,151,0,98,80,0,178,180,0,180,358
02/06/2020,OSU,OH,AGL,CE,Federal Contract Tower,0,3,5,0,8,0,0,0,0,0,0,3,5,0,8,0,0,0,8
02/07/2020,OSU,OH,AGL,CE,Federal Contract Tower,0,4,7,0,11,0,2,24,0,26,0,6,31,0,37,4,0,4,41
02/08/2020,OSU,OH,AGL,CE,Federal Contract Tower,0,1,3,0,4,0,0,2,0,2,0,1,5,0,6,0,0,0,6
02/09/2020,OSU,OH,AGL,CE,Federal Contract Tower,0,8,10,0,18,0,13,75,0,88,0,21,85,0,106,56,0,56,162
02/10/2020,OSU,OH,AGL,CE,Federal Contract Tower,5,25,0,0,30,0,0,0,0,0,5,25,0,0,30,0,0,0,30
02/11/2020,OSU,OH,AGL,CE,Federal Contract Tower,0,10,24,0,34,0,50,84,0,134,0,60,108,0,168,280,6,286,454
02/12/2020,OSU,OH,AGL,CE,Federal Contract Tower,0,7,15,0,22,0,64,64,0,128,0,71,79,0,150,164,0,164,314
02/13/2020,OSU,OH,AGL,CE,Federal Contract Tower,0,11,15,0,26,0,0,3,0,3,0,11,18,0,29,0,0,0,29
02/14/2020,OSU,OH,AGL,CE,Federal Contract Tower,0,14,12,0,26,0,104,74,0,178,0,118,86,0,204,236,0,236,440
02/15/2020,OSU,OH,AGL,CE,Federal Contract Tower,0,6,12,0,18,0,47,96,0,143,0,53,108,0,161,90,0,90,251
02/16/2020,OSU,OH,AGL,CE,Federal Contract Tower,0,7,11,0,18,0,28,107,0,135,0,35,118,0,153,104,0,104,257
02/17/2020,OSU,OH,AGL,CE,Federal Contract Tower,0,16,24,0,40,0,122,89,0,211,0,138,113,0,251,252,0,252,503
02/18/2020,OSU,OH,AGL,CE,Federal Contract Tower,0,18,23,0,41,0,1,15,0,16,0,19,38,0,57,0,0,0,57
02/19/2020,OSU,OH,AGL,CE,Federal Contract Tower,0,10,16,0,26,0,122,132,2,256,0,132,148,2,282,118,0,118,400
02/20/2020,OSU,OH,AGL,CE,Federal Contract Tower,0,17,23,0,40,0,119,96,0,215,0,136,119,0,255,222,0,222,477
02/21/2020,OSU,OH,AGL,CE,Federal Contract Tower,0,20,32,0,52,0,144,129,0,273,0,164,161,0,325,250,0,250,575
02/22/2020,OSU,OH,AGL,CE,Federal Contract Tower,0,14,11,0,25,0,74,107,0,181,0,88,118,0,206,140,0,140,346
02/23/2020,OSU,OH,AGL,CE,Federal Contract Tower,0,9,15,0,24,0,21,109,0,130,0,30,124,0,154,22,0,22,176
02/24/2020,OSU,OH,AGL,CE,Federal Contract Tower,0,9,21,0,30,0,13,22,0,35,0,22,43,0,65,162,0,162,227
02/25/2020,OSU,OH,AGL,CE,Federal Contract Tower,0,12,5,0,17,0,0,0,0,0,0,12,5,0,17,0,0,0,17
02/26/2020,OSU,OH,AGL,CE,Federal Contract Tower,0,3,16,0,19,0,0,0,0,0,0,3,16,0,19,0,0,0,19
02/27/2020,OSU,OH,AGL,CE,Federal Contract Tower,0,8,15,0,23,0,0,10,0,10,0,8,25,0,33,0,0,0,33
02/28/2020,OSU,OH,AGL,CE,Federal Contract Tower,0,12,32,0,44,0,55,57,0,112,0,67,89,0,156,296,0,296,452
02/29/2020,OSU,OH,AGL,CE,Federal Contract Tower,0,6,14,0,20,0,68,47,0,115,0,74,61,0,135,218,0,218,353
03/01/2020,OSU,OH,AGL,CE,Federal Contract Tower,0,12,11,0,23,0,34,92,0,126,0,46,103,0,149,74,0,74,223
03/02/2020,OSU,OH,AGL,CE,Federal Contract Tower,0,19,10,0,29,0,0,2,0,2,0,19,12,0,31,6,0,6,37
03/03/2020,OSU,OH,AGL,CE,Federal Contract Tower,0,20,23,0,43,0,0,10,0,10,0,20,33,0,53,0,0,0,53
03/04/2020,OSU,OH,AGL,CE,Federal Contract Tower,0,12,32,0,44,0,71,87,0,158,0,83,119,0,202,90,0,90,292
03/05/2020,OSU,OH,AGL,CE,Federal Contract Tower,0,12,20,0,32,0,138,164,0,302,0,150,184,0,334,492,0,492,826
03/06/2020,OSU,OH,AGL,CE,Federal Contract Tower,0,8,21,0,29,0,0,5,0,5,0,8,26,0,34,0,0,0,34
03/07/2020,OSU,OH,AGL,CE,Federal Contract Tower,0,8,12,0,20,0,36,116,0,152,0,44,128,0,172,332,0,332,504
03/08/2020,OSU,OH,AGL,CE,Federal Contract Tower,0,5,20,0,25,0,17,135,0,152,0,22,155,0,177,14,0,14,191
03/09/2020,OSU,OH,AGL,CE,Federal Contract Tower,0,5,11,0,16,0,0,30,0,30,0,5,41,0,46,12,0,12,58
03/10/2020,OSU,OH,AGL,CE,Federal Contract Tower,0,5,15,0,20,0,0,10,0,10,0,5,25,0,30,0,0,0,30
03/11/2020,OSU,OH,AGL,CE,Federal Contract Tower,0,9,21,0,30,0,3,21,0,24,0,12,42,0,54,76,0,76,130
03/12/2020,OSU,OH,AGL,CE,Federal Contract Tower,0,11,13,0,24,0,32,79,2,113,0,43,92,2,137,252,0,252,389
03/13/2020,OSU,OH,AGL,CE,Federal Contract Tower,0,12,12,0,24,0,6,52,0,58,0,18,64,0,82,36,0,36,118
03/14/2020,OSU,OH,AGL,CE,Federal Contract Tower,0,5,14,0,19,0,1,29,0,30,0,6,43,0,49,46,0,46,95
03/15/2020,OSU,OH,AGL,CE,Federal Contract Tower,0,6,24,0,30,0,4,66,0,70,0,10,90,0,100,86,0,86,186
03/16/2020,OSU,OH,AGL,CE,Federal Contract Tower,0,10,19,0,29,0,68,82,0,150,0,78,101,0,179,276,0,276,455
03/17/2020,OSU,OH,AGL,CE,Federal Contract Tower,0,10,9,0,19,0,21,19,0,40,0,31,28,0,59,190,0,190,249
03/18/2020,OSU,OH,AGL,CE,Federal Contract Tower,0,6,3,0,9,0,38,39,0,77,0,44,42,0,86,226,0,226,312
03/19/2020,OSU,OH,AGL,CE,Federal Contract Tower,0,11,8,0,19,0,0,0,0,0,0,11,8,0,19,0,0,0,19
03/20/2020,OSU,OH,AGL,CE,Federal Contract Tower,0,3,9,0,12,0,0,15,0,15,0,3,24,0,27,12,0,12,39
03/21/2020,OSU,OH,AGL,CE,Federal Contract Tower,0,3,2,0,5,0,0,32,0,32,0,3,34,0,37,8,0,8,45
03/22/2020,OSU,OH,AGL,CE,Federal Contract Tower,0,1,2,0,3,0,0,49,0,49,0,1,51,0,52,14,0,14,66
03/23/2020,OSU,OH,AGL,CE,Federal Contract Tower,0,3,2,0,5,0,0,10,0,10,0,3,12,0,15,0,0,0,15
03/24/2020,OSU,OH,AGL,CE,Federal Contract Tower,0,4,3,0,7,0,3,22,0,25,0,7,25,0,32,6,0,6,38
03/25/2020,OSU,OH,AGL,CE,Federal Contract Tower,0,4,2,0,6,0,0,51,0,51,0,4,53,0,57,36,0,36,93
03/26/2020,OSU,OH,AGL,CE,Federal Contract Tower,0,10,5,0,15,0,3,55,0,58,0,13,60,0,73,6,0,6,79
03/27/2020,OSU,OH,AGL,CE,Federal Contract Tower,0,10,5,0,15,0,0,4,0,4,0,10,9,0,19,0,0,0,19
03/28/2020,OSU,OH,AGL,CE,Federal Contract Tower,0,5,3,0,8,0,0,10,0,10,0,5,13,0,18,0,0,0,18
03/29/2020,OSU,OH,AGL,CE,Federal Contract Tower,0,2,7,0,9,0,0,15,0,15,0,2,22,0,24,0,0,0,24
03/30/2020,OSU,OH,AGL,CE,Federal Contract Tower,0,3,2,0,5,0,0,17,0,17,0,3,19,0,22,0,0,0,22
03/31/2020,OSU,OH,AGL,CE,Federal Contract Tower,0,6,8,0,14,0,0,20,0,20,0,6,28,0,34,6,0,6,40
04/01/2020,OSU,OH,AGL,CE,Federal Contract Tower,0,7,3,0,10,0,0,14,0,14,0,7,17,0,24,14,0,14,38
04/02/2020,OSU,OH,AGL,CE,Federal Contract Tower,0,6,6,0,12,0,0,46,0,46,0,6,52,0,58,30,0,30,88
04/03/2020,OSU,OH,AGL,CE,Federal Contract Tower,0,5,9,0,14,0,0,61,0,61,0,5,70,0,75,2,0,2,77
04/04/2020,OSU,OH,AGL,CE,Federal Contract Tower,0,4,4,0,8,0,0,37,0,37,0,4,41,0,45,44,0,44,89
04/05/2020,OSU,OH,AGL,CE,Federal Contract Tower,0,0,7,0,7,0,0,4,0,4,0,0,11,0,11,12,0,12,23
04/06/2020,OSU,OH,AGL,CE,Federal Contract Tower,0,4,7,0,11,0,25,43,0,68,0,29,50,0,79,54,0,54,133
04/07/2020,OSU,OH,AGL,CE,Federal Contract Tower,0,4,2,0,6,0,0,9,0,9,0,4,11,0,15,0,0,0,15
04/08/2020,OSU,OH,AGL,CE,Federal Contract Tower,0,5,9,0,14,0,4,28,0,32,0,9,37,0,46,4,0,4,50
04/09/2020,OSU,OH,AGL,CE,Federal Contract Tower,0,8,0,0,8,0,1,15,0,16,0,9,15,0,24,0,0,0,24
04/10/2020,OSU,OH,AGL,CE,Federal Contract Tower,0,3,1,0,4,0,0,19,0,19,0,3,20,0,23,4,0,4,27
04/11/2020,OSU,OH,AGL,CE,Federal Contract Tower,0,0,1,0,1,0,2,50,0,52,0,2,51,0,53,16,0,16,69
04/12/2020,OSU,OH,AGL,CE,Federal Contract Tower,0,1,1,0,2,0,0,22,0,22,0,1,23,0,24,0,0,0,24
04/13/2020,OSU,OH,AGL,CE,Federal Contract Tower,0,4,0,0,4,0,0,7,0,7,0,4,7,0,11,0,0,0,11
04/14/2020,OSU,OH,AGL,CE,Federal Contract Tower,0,8,9,0,17,0,34,25,0,59,0,42,34,0,76,0,0,0,76
04/15/2020,OSU,OH,AGL,CE,Federal Contract Tower,0,10,4,0,14,0,0,15,0,15,0,10,19,0,29,8,0,8,37
04/16/2020,OSU,OH,AGL,CE,Federal Contract Tower,0,9,3,0,12,0,0,35,4,39,0,9,38,4,51,0,0,0,51
04/17/2020,OSU,OH,AGL,CE,Federal Contract Tower,0,7,0,0,7,0,0,2,0,2,0,7,2,0,9,0,0,0,9
04/18/2020,OSU,OH,AGL,CE,Federal Contract Tower,0,2,8,0,10,0,0,39,0,39,0,2,47,0,49,26,0,26,75
04/19/2020,OSU,OH,AGL,CE,Federal Contract Tower,0,3,7,0,10,0,0,43,0,43,0,3,50,0,53,0,0,0,53
04/20/2020,OSU,OH,AGL,CE,Federal Contract Tower,0,4,3,0,7,0,0,66,0,66,0,4,69,0,73,14,0,14,87
04/21/2020,OSU,OH,AGL,CE,Federal Contract Tower,0,8,0,0,8,0,0,12,0,12,0,8,12,0,20,0,0,0,20
04/22/2020,OSU,OH,AGL,CE,Federal Contract Tower,0,9,7,0,16,0,4,32,0,36,0,13,39,0,52,0,0,0,52
04/23/2020,OSU,OH,AGL,CE,Federal Contract Tower,0,7,3,1,11,0,0,4,3,7,0,7,7,4,18,12,0,12,30
04/24/2020,OSU,OH,AGL,CE,Federal Contract Tower,0,9,3,0,12,0,0,44,0,44,0,9,47,0,56,18,0,18,74
04/25/2020,OSU,OH,AGL,CE,Federal Contract Tower,0,5,9,0,14,0,0,58,0,58,0,5,67,0,72,0,0,0,72
04/26/2020,OSU,OH,AGL,CE,Federal Contract Tower,0,4,10,0,14,0,0,0,0,0,0,4,10,0,14,0,0,0,14
04/27/2020,OSU,OH,AGL,CE,Federal Contract Tower,0,2,9,0,11,0,0,0,63,63,0,2,9,63,74,8,0,8,82
04/28/2020,OSU,OH,AGL,CE,Federal Contract Tower,0,7,3,0,10,0,1,26,0,27,0,8,29,0,37,8,0,8,45
04/29/2020,OSU,OH,AGL,CE,Federal Contract Tower,0,8,0,0,8,0,0,8,0,8,0,8,8,0,16,14,0,14,30
04/30/2020,OSU,OH,AGL,CE,Federal Contract Tower,0,9,8,0,17,0,0,13,0,13,0,9,21,0,30,0,0,0,30
05/01/2020,OSU,OH,AGL,CE,Federal Contract Tower,0,9,12,0,21,0,0,29,0,29,0,9,41,0,50,6,0,6,56
05/02/2020,OSU,OH,AGL,CE,Federal Contract Tower,0,7,5,0,12,0,0,52,0,52,0,7,57,0,64,18,0,18,82
05/03/2020,OSU,OH,AGL,CE,Federal Contract Tower,0,7,0,0,7,0,0,30,0,30,0,7,30,0,37,0,0,0,37
05/04/2020,OSU,OH,AGL,CE,Federal Contract Tower,0,2,5,0,7,0,0,61,0,61,0,2,66,0,68,6,0,6,74
05/05/2020,OSU,OH,AGL,CE,Federal Contract Tower,0,5,5,0,10,0,0,20,0,20,0,5,25,0,30,6,0,6,36
05/06/2020,OSU,OH,AGL,CE,Federal Contract Tower,0,7,10,0,17,0,0,29,4,33,0,7,39,4,50,10,0,10,60
05/07/2020,OSU,OH,AGL,CE,Federal Contract Tower,0,9,6,0,15,0,8,48,0,56,0,17,54,0,71,64,0,64,135
05/08/2020,OSU,OH,AGL,CE,Federal Contract Tower,0,9,3,0,12,0,6,13,0,19,0,15,16,0,31,24,0,24,55
05/09/2020,OSU,OH,AGL,CE,Federal Contract Tower,0,1,5,0,6,0,21,39,0,60,0,22,44,0,66,14,0,14,80
05/10/2020,OSU,OH,AGL,CE,Federal Contract Tower,0,4,2,0,6,0,8,17,0,25,0,12,19,0,31,0,0,0,31
05/11/2020,OSU,OH,AGL,CE,Federal Contract Tower,0,9,3,0,12,0,21,25,0,46,0,30,28,0,58,102,0,102,160
05/12/2020,OSU,OH,AGL,CE,Federal Contract Tower,0,7,7,0,14,0,68,93,0,161,0,75,100,0,175,182,0,182,357
05/13/2020,OSU,OH,AGL,CE,Federal Contract Tower,0,8,10,0,18,0,49,122,0,171,0,57,132,0,189,156,0,156,345
05/14/2020,OSU,OH,AGL,CE,Federal Contract Tower,0,11,15,0,26,0,0,22,0,22,0,11,37,0,48,0,0,0,48
05/15/2020,OSU,OH,AGL,CE,Federal Contract Tower,0,10,7,0,17,0,4,26,0,30,0,14,33,0,47,26,0,26,73
05/16/2020,OSU,OH,AGL,CE,Federal Contract Tower,0,13,14,0,27,0,22,54,0,76,0,35,68,0,103,74,0,74,177
05/17/2020,OSU,OH,AGL,CE,Federal Contract Tower,0,7,3,0,10,0,19,40,0,59,0,26,43,0,69,46,0,46,115
05/18/2020,OSU,OH,AGL,CE,Federal Contract Tower,0,2,6,0,8,0,6,2,0,8,0,8,8,0,16,32,0,32,48
05/19/2020,OSU,OH,AGL,CE,Federal Contract Tower,0,18,2,0,20,0,0,3,0,3,0,18,5,0,23,16,0,16,39
05/20/2020,OSU,OH,AGL,CE,Federal Contract Tower,0,14,21,0,35,0,4,18,0,22,0,18,39,0,57,14,0,14,71
05/21/2020,OSU,OH,AGL,CE,Federal Contract Tower,0,17,12,0,29,0,3,8,0,11,0,20,20,0,40,0,0,0,40
05/22/2020,OSU,OH,AGL,CE,Federal Contract Tower,0,12,24,0,36,0,38,64,0,102,0,50,88,0,138,144,0,144,282
05/23/2020,OSU,OH,AGL,CE,Federal Contract Tower,0,5,11,0,16,0,58,82,0,140,0,63,93,0,156,162,0,162,318
05/24/2020,OSU,OH,AGL,CE,Federal Contract Tower,0,5,10,0,15,0,15,92,0,107,0,20,102,0,122,20,0,20,142
05/25/2020,OSU,OH,AGL,CE,Federal Contract Tower,0,6,6,0,12,0,0,83,0,83,0,6,89,0,95,42,0,42,137
05/26/2020,OSU,OH,AGL,CE,Federal Contract Tower,0,4,8,0,12,0,134,134,0,268,0,138,142,0,280,292,0,292,572
05/27/2020,OSU,OH,AGL,CE,Federal Contract Tower,0,7,17,0,24,0,122,90,0,212,0,129,107,0,236,226,0,226,462
05/28/2020,OSU,OH,AGL,CE,Federal Contract Tower,0,12,15,0,27,0,2,31,0,33,0,14,46,0,60,6,0,6,66
05/29/2020,OSU,OH,AGL,CE,Federal Contract Tower,0,6,8,2,16,0,0,19,0,19,0,6,27,2,35,18,0,18,53
05/30/2020,OSU,OH,AGL,CE,Federal Contract Tower,0,7,16,0,23,0,41,132,0,173,0,48,148,0,196,148,0,148,344
05/31/2020,OSU,OH,AGL,CE,Federal Contract Tower,0,8,12,0,20,0,54,124,0,178,0,62,136,0,198,128,0,128,326
06/01/2020,OSU,OH,AGL,CE,Federal Contract Tower,0,13,9,0,22,0,109,113,4,226,0,122,122,4,248,402,0,402,650
06/02/2020,OSU,OH,AGL,CE,Federal Contract Tower,0,20,12,0,32,0,73,89,0,162,0,93,101,0,194,74,0,74,268
06/03/2020,OSU,OH,AGL,CE,Federal Contract Tower,0,5,9,0,14,0,58,78,4,140,0,63,87,4,154,128,0,128,282
06/04/2020,OSU,OH,AGL,CE,Federal Contract Tower,0,11,10,0,21,0,2,15,0,17,0,13,25,0,38,16,0,16,54
06/05/2020,OSU,OH,AGL,CE,Federal Contract Tower,0,13,27,0,40,0,28,73,0,101,0,41,100,0,141,290,0,290,431
06/06/2020,OSU,OH,AGL,CE,Federal Contract Tower,0,8,5,0,13,0,38,116,0,154,0,46,121,0,167,140,0,140,307
06/07/2020,OSU,OH,AGL,CE,Federal Contract Tower,0,4,10,0,14,0,35,110,0,145,0,39,120,0,159,188,0,188,347
06/08/2020,OSU,OH,AGL,CE,Federal Contract Tower,0,14,7,0,21,0,143,150,5,298,0,157,157,5,319,360,0,360,679
06/09/2020,OSU,OH,AGL,CE,Federal Contract Tower,0,24,5,0,29,0,59,51,2,112,0,83,56,2,141,124,0,124,265
06/10/2020,OSU,OH,AGL,CE,Federal Contract Tower,0,12,16,0,28,0,2,30,0,32,0,14,46,0,60,32,0,32,92
06/11/2020,OSU,OH,AGL,CE,Federal Contract Tower,0,24,13,0,37,0,40,92,3,135,0,64,105,3,172,234,0,234,406
06/12/2020,OSU,OH,AGL,CE,Federal Contract Tower,0,21,24,0,45,0,15,94,0,109,0,36,118,0,154,138,0,138,292
06/13/2020,OSU,OH,AGL,CE,Federal Contract Tower,0,6,18,0,24,0,6,47,0,53,0,12,65,0,77,48,0,48,125
06/14/2020,OSU,OH,AGL,CE,Federal Contract Tower,0,6,12,0,18,0,39,108,0,147,0,45,120,0,165,132,0,132,297
06/15/2020,OSU,OH,AGL,CE,Federal Contract Tower,0,20,11,0,31,0,63,84,0,147,0,83,95,0,178,310,0,310,488
06/16/2020,OSU,OH,AGL,CE,Federal Contract Tower,0,8,25,0,33,0,85,105,3,193,0,93,130,3,226,362,0,362,588
06/17/2020,OSU,OH,AGL,CE,Federal Contract Tower,0,19,31,0,50,0,79,88,0,167,0,98,119,0,217,353,0,353,570
06/18/2020,OSU,OH,AGL,CE,Federal Contract Tower,0,15,16,0,31,0,13,45,0,58,0,28,61,0,89,104,0,104,193
06/19/2020,OSU,OH,AGL,CE,Federal Contract Tower,0,17,21,0,38,0,21,67,0,88,0,38,88,0,126,266,0,266,392
06/20/2020,OSU,OH,AGL,CE,Federal Contract Tower,0,9,11,0,20,0,55,188,0,243,0,64,199,0,263,203,0,203,466
06/21/2020,OSU,OH,AGL,CE,Federal Contract Tower,0,6,13,0,19,0,7,64,0,71,0,13,77,0,90,14,0,14,104
06/22/2020,OSU,OH,AGL,CE,Federal Contract Tower,0,12,27,0,39,0,11,62,0,73,0,23,89,0,112,50,0,50,162
06/23/2020,OSU,OH,AGL,CE,Federal Contract Tower,0,17,10,0,27,0,6,39,0,45,0,23,49,0,72,36,0,36,108
06/24/2020,OSU,OH,AGL,CE,Federal Contract Tower,0,22,18,0,40,0,81,104,0,185,0,103,122,0,225,404,0,404,629
06/25/2020,OSU,OH,AGL,CE,Federal Contract Tower,0,11,23,0,34,0,72,110,0,182,0,83,133,0,216,322,0,322,538
06/26/2020,OSU,OH,AGL,CE,Federal Contract Tower,0,16,15,0,31,0,61,83,0,144,0,77,98,0,175,162,0,162,337
06/27/2020,OSU,OH,AGL,CE,Federal Contract Tower,0,12,6,0,18,0,0,40,0,40,0,12,46,0,58,20,0,20,78
06/28/2020,OSU,OH,AGL,CE,Federal Contract Tower,0,19,17,0,36,0,6,62,0,68,0,25,79,0,104,54,0,54,158
06/29/2020,OSU,OH,AGL,CE,Federal Contract Tower,0,24,14,0,38,0,96,111,0,207,0,120,125,0,245,328,0,328,573
06/30/2020,OSU,OH,AGL,CE,Federal Contract Tower,0,7,8,0,15,0,65,100,0,165,0,72,108,0,180,388,0,388,568
07/01/2020,OSU,OH,AGL,CE,Federal Contract Tower,0,20,10,0,30,0,105,118,0,223,0,125,128,0,253,312,0,312,565
07/02/2020,OSU,OH,AGL,CE,Federal Contract Tower,0,11,12,0,23,0,118,121,0,239,0,129,133,0,262,294,0,294,556
07/03/2020,OSU,OH,AGL,CE,Federal Contract Tower,0,12,10,0,22,0,0,107,0,107,0,12,117,0,129,0,0,0,129
07/04/2020,OSU,OH,AGL,CE,Federal Contract Tower,0,1,2,0,3,0,23,72,0,95,0,24,74,0,98,82,0,82,180
07/05/2020,OSU,OH,AGL,CE,Federal Contract Tower,0,16,21,0,37,0,7,108,0,115,0,23,129,0,152,24,0,24,176
07/06/2020,OSU,OH,AGL,CE,Federal Contract Tower,0,27,5,0,32,0,69,68,0,137,0,96,73,0,169,258,0,258,427
07/07/2020,OSU,OH,AGL,CE,Federal Contract Tower,0,24,19,0,43,0,42,57,24,123,0,66,76,24,166,52,0,52,218
07/08/2020,OSU,OH,AGL,CE,Federal Contract Tower,0,17,9,0,26,0,82,98,0,180,0,99,107,0,206,248,0,248,454
07/09/2020,OSU,OH,AGL,CE,Federal Contract Tower,0,20,13,0,33,0,45,85,0,130,0,65,98,0,163,116,0,116,279
07/10/2020,OSU,OH,AGL,CE,Federal Contract Tower,0,19,6,0,25,0,36,54,0,90,0,55,60,0,115,198,0,198,313
07/11/2020,OSU,OH,AGL,CE,Federal Contract Tower,0,11,12,0,23,0,18,83,0,101,0,29,95,0,124,16,0,16,140
07/12/2020,OSU,OH,AGL,CE,Federal Contract Tower,0,18,13,0,31,0,2,80,0,82,0,20,93,0,113,52,0,52,165
07/13/2020,OSU,OH,AGL,CE,Federal Contract Tower,0,18,19,0,37,0,80,117,0,197,0,98,136,0,234,254,0,254,488
07/14/2020,OSU,OH,AGL,CE,Federal Contract Tower,0,25,14,0,39,0,90,141,0,231,0,115,155,0,270,364,0,364,634
07/15/2020,OSU,OH,AGL,CE,Federal Contract Tower,0,19,23,0,42,0,106,109,0,215,0,125,132,0,257,250,0,250,507
07/16/2020,OSU,OH,AGL,CE,Federal Contract Tower,0,16,16,0,32,0,15,45,0,60,0,31,61,0,92,36,0,36,128
07/17/2020,OSU,OH,AGL,CE,Federal Contract Tower,0,29,28,0,57,0,69,122,0,191,0,98,150,0,248,348,0,348,596
07/18/2020,OSU,OH,AGL,CE,Federal Contract Tower,0,10,22,0,32,0,47,110,0,157,0,57,132,0,189,160,0,160,349
07/19/2020,OSU,OH,AGL,CE,Federal Contract Tower,0,54,20,0,74,0,13,62,0,75,0,67,82,0,149,0,0,0,149
07/20/2020,OSU,OH,AGL,CE,Federal Contract Tower,0,10,14,0,24,0,79,99,0,178,0,89,113,0,202,256,0,256,458
07/21/2020,OSU,OH,AGL,CE,Federal Contract Tower,0,11,11,0,22,0,70,97,0,167,0,81,108,0,189,302,0,302,491
07/22/2020,OSU,OH,AGL,CE,Federal Contract Tower,0,9,15,0,24,0,0,43,0,43,0,9,58,0,67,16,0,16,83
07/23/2020,OSU,OH,AGL,CE,Federal Contract Tower,0,9,14,0,23,0,0,31,0,31,0,9,45,0,54,28,0,28,82
07/24/2020,OSU,OH,AGL,CE,Federal Contract Tower,0,33,22,0,55,0,56,125,0,181,0,89,147,0,236,392,0,392,628
07/25/2020,OSU,OH,AGL,CE,Federal Contract Tower,0,15,16,0,31,0,34,100,0,134,0,49,116,0,165,170,0,170,335
07/26/2020,OSU,OH,AGL,CE,Federal Contract Tower,0,10,10,0,20,0,21,118,0,139,0,31,128,0,159,30,0,30,189
07/27/2020,OSU,OH,AGL,CE,Federal Contract Tower,0,13,10,0,23,0,26,53,0,79,0,39,63,0,102,198,0,198,300
07/28/2020,OSU,OH,AGL,CE,Federal Contract Tower,0,18,16,0,34,0,115,123,0,238,0,133,139,0,272,230,0,230,502
07/29/2020,OSU,OH,AGL,CE,Federal Contract Tower,0,22,25,0,47,0,98,89,0,187,0,120,114,0,234,250,0,250,484
07/30/2020,OSU,OH,AGL,CE,Federal Contract Tower,0,12,19,0,31,0,56,83,0,139,0,68,102,0,170,232,0,232,402
07/31/2020,OSU,OH,AGL,CE,Federal Contract Tower,0,18,15,0,33,0,56,111,0,167,0,74,126,0,200,94,0,94,294
08/01/2020,OSU,OH,AGL,CE,Federal Contract Tower,0,7,13,0,20,0,3,28,0,31,0,10,41,0,51,28,0,28,79
08/02/2020,OSU,OH,AGL,CE,Federal Contract Tower,0,13,15,0,28,0,11,15,0,26,0,24,30,0,54,2,0,2,56
08/03/2020,OSU,OH,AGL,CE,Federal Contract Tower,0,7,22,0,29,0,10,30,0,40,0,17,52,0,69,38,0,38,107
08/04/2020,OSU,OH,AGL,CE,Federal Contract Tower,0,16,16,0,32,0,0,35,0,35,0,16,51,0,67,6,0,6,73
08/05/2020,OSU,OH,AGL,CE,Federal Contract Tower,0,11,13,0,24,0,99,119,0,218,0,110,132,0,242,254,0,254,496
08/06/2020,OSU,OH,AGL,CE,Federal Contract Tower,0,19,19,0,38,0,77,113,1,191,0,96,132,1,229,298,0,298,527
08/07/2020,OSU,OH,AGL,CE,Federal Contract Tower,0,15,28,0,43,0,83,106,0,189,0,98,134,0,232,328,0,328,560
08/08/2020,OSU,OH,AGL,CE,Federal Contract Tower,0,8,13,0,21,0,21,118,0,139,0,29,131,0,160,68,0,68,228
08/09/2020,OSU,OH,AGL,CE,Federal Contract Tower,0,17,15,0,32,0,26,102,0,128,0,43,117,0,160,22,0,22,182
08/10/2020,OSU,OH,AGL,CE,Federal Contract Tower,0,10,16,0,26,0,57,96,0,153,0,67,112,0,179,118,0,118,297
08/11/2020,OSU,OH,AGL,CE,Federal Contract Tower,0,17,19,0,36,0,55,93,0,148,0,72,112,0,184,190,0,190,374
08/12/2020,OSU,OH,AGL,CE,Federal Contract Tower,0,17,10,0,27,0,81,104,0,185,0,98,114,0,212,270,0,270,482
08/13/2020,OSU,OH,AGL,CE,Federal Contract Tower,0,15,17,0,32,0,83,116,0,199,0,98,133,0,231,254,0,254,485
08/14/2020,OSU,OH,AGL,CE,Federal Contract Tower,0,10,12,0,22,0,56,77,0,133,0,66,89,0,155,226,0,226,381
08/15/2020,OSU,OH,AGL,CE,Federal Contract Tower,0,8,9,0,17,0,12,65,0,77,0,20,74,0,94,20,0,20,114
08/16/2020,OSU,OH,AGL,CE,Federal Contract Tower,0,5,20,0,25,0,4,53,0,57,0,9,73,0,82,18,0,18,100
08/17/2020,OSU,OH,AGL,CE,Federal Contract Tower,0,13,19,0,32,0,48,104,0,152,0,61,123,0,184,162,0,162,346
08/18/2020,OSU,OH,AGL,CE,Federal Contract Tower,0,13,19,0,32,0,28,89,0,117,0,41,108,0,149,234,0,234,383
08/19/2020,OSU,OH,AGL,CE,Federal Contract Tower,0,19,24,2,45,0,88,150,0,238,0,107,174,2,283,250,0,250,533
08/20/2020,OSU,OH,AGL,CE,Federal Contract Tower,0,15,8,0,23,0,91,125,0,216,0,106,133,0,239,258,0,258,497
08/21/2020,OSU,OH,AGL,CE,Federal Contract Tower,0,17,19,0,36,0,63,121,0,184,0,80,140,0,220,172,0,172,392
08/22/2020,OSU,OH,AGL,CE,Federal Contract Tower,0,12,10,0,22,0,16,96,0,112,0,28,106,0,134,104,0,104,238
08/23/2020,OSU,OH,AGL,CE,Federal Contract Tower,0,4,11,0,15,0,17,79,0,96,0,21,90,0,111,38,0,38,149
08/24/2020,OSU,OH,AGL,CE,Federal Contract Tower,0,13,11,0,24,0,26,72,0,98,0,39,83,0,122,76,0,76,198
08/25/2020,OSU,OH,AGL,CE,Federal Contract Tower,0,11,16,0,27,0,38,94,0,132,0,49,110,0,159,156,0,156,315
08/26/2020,OSU,OH,AGL,CE,Federal Contract Tower,0,10,14,0,24,0,59,103,0,162,0,69,117,0,186,66,0,66,252
08/27/2020,OSU,OH,AGL,CE,Federal Contract Tower,0,16,13,0,29,0,11,73,0,84,0,27,86,0,113,62,0,62,175
08/28/2020,OSU,OH,AGL,CE,Federal Contract Tower,0,6,10,0,16,0,9,55,0,64,0,15,65,0,80,104,0,104,184
08/29/2020,OSU,OH,AGL,CE,Federal Contract Tower,0,9,10,0,19,0,0,59,0,59,0,9,69,0,78,14,0,14,92
08/30/2020,OSU,OH,AGL,CE,Federal Contract Tower,0,6,18,0,24,0,51,149,0,200,0,57,167,0,224,98,0,98,322
08/31/2020,OSU,OH,AGL,CE,Federal Contract Tower,0,15,15,0,30,0,110,100,0,210,0,125,115,0,240,260,0,260,500
09/01/2020,OSU,OH,AGL,CE,Federal Contract Tower,0,19,21,0,40,0,25,53,0,78,0,44,74,0,118,42,0,42,160
09/02/2020,OSU,OH,AGL,CE,Federal Contract Tower,0,16,24,0,40,0,0,35,0,35,0,16,59,0,75,14,0,14,89
09/03/2020,OSU,OH,AGL,CE,Federal Contract Tower,0,29,33,0,62,0,19,82,0,101,0,48,115,0,163,26,0,26,189
09/04/2020,OSU,OH,AGL,CE,Federal Contract Tower,0,16,26,0,42,0,136,139,0,275,0,152,165,0,317,163,0,163,480
09/05/2020,OSU,OH,AGL,CE,Federal Contract Tower,0,9,14,0,23,0,56,113,0,169,0,65,127,0,192,50,0,50,242
09/06/2020,OSU,OH,AGL,CE,Federal Contract Tower,0,4,12,0,16,0,20,80,0,100,0,24,92,0,116,0,0,0,116
09/07/2020,OSU,OH,AGL,CE,Federal Contract Tower,0,6,10,0,16,0,0,42,0,42,0,6,52,0,58,20,0,20,78
09/08/2020,OSU,OH,AGL,CE,Federal Contract Tower,0,11,13,0,24,0,132,94,0,226,0,143,107,0,250,322,0,322,572
09/09/2020,OSU,OH,AGL,CE,Federal Contract Tower,0,18,12,0,30,0,139,104,0,243,0,157,116,0,273,328,0,328,601
09/10/2020,OSU,OH,AGL,CE,Federal Contract Tower,0,24,18,0,42,0,113,112,0,225,0,137,130,0,267,270,0,270,537
09/11/2020,OSU,OH,AGL,CE,Federal Contract Tower,0,18,28,0,46,0,8,19,0,27,0,26,47,0,73,8,0,8,81
09/12/2020,OSU,OH,AGL,CE,Federal Contract Tower,0,9,21,0,30,0,44,95,0,139,0,53,116,0,169,58,0,58,227
09/13/2020,OSU,OH,AGL,CE,Federal Contract Tower,0,20,15,0,35,0,15,30,0,45,0,35,45,0,80,26,0,26,106
09/14/2020,OSU,OH,AGL,CE,Federal Contract Tower,0,15,8,0,23,0,133,126,0,259,0,148,134,0,282,258,0,258,540
09/15/2020,OSU,OH,AGL,CE,Federal Contract Tower,0,15,23,0,38,0,139,153,0,292,0,154,176,0,330,522,0,522,852
09/16/2020,OSU,OH,AGL,CE,Federal Contract Tower,0,13,12,0,25,0,109,105,4,218,0,122,117,4,243,260,0,260,503
09/17/2020,OSU,OH,AGL,CE,Federal Contract Tower,0,19,21,0,40,0,48,80,0,128,0,67,101,0,168,114,0,114,282
09/18/2020,OSU,OH,AGL,CE,Federal Contract Tower,0,21,28,0,49,0,30,70,0,100,0,51,98,0,149,0,0,0,149
09/19/2020,OSU,OH,AGL,CE,Federal Contract Tower,0,8,9,0,17,0,87,95,0,182,0,95,104,0,199,44,0,44,243
09/20/2020,OSU,OH,AGL,CE,Federal Contract Tower,0,6,6,0,12,0,22,121,0,143,0,28,127,0,155,100,0,100,255
09/21/2020,OSU,OH,AGL,CE,Federal Contract Tower,0,8,13,0,21,0,119,89,0,208,0,127,102,0,229,178,0,178,407
09/22/2020,OSU,OH,AGL,CE,Federal Contract Tower,0,19,14,0,33,0,116,148,0,264,0,135,162,0,297,232,0,232,529
09/23/2020,OSU,OH,AGL,CE,Federal Contract Tower,0,22,23,0,45,0,140,111,0,251,0,162,134,0,296,264,0,264,560
09/24/2020,OSU,OH,AGL,CE,Federal Contract Tower,0,23,35,0,58,0,167,150,0,317,0,190,185,0,375,250,0,250,625
09/25/2020,OSU,OH,AGL,CE,Federal Contract Tower,0,16,23,0,39,0,122,137,0,259,0,138,160,0,298,170,0,170,468
09/26/2020,OSU,OH,AGL,CE,Federal Contract Tower,0,12,7,0,19,0,59,100,0,159,0,71,107,0,178,124,0,124,302
09/27/2020,OSU,OH,AGL,CE,Federal Contract Tower,0,9,12,0,21,0,16,67,0,83,0,25,79,0,104,10,0,10,114
09/28/2020,OSU,OH,AGL,CE,Federal Contract Tower,0,18,27,0,45,0,37,46,0,83,0,55,73,0,128,90,0,90,218
09/29/2020,OSU,OH,AGL,CE,Federal Contract Tower,0,28,20,0,48,0,79,84,0,163,0,107,104,0,211,122,0,122,333
09/30/2020,OSU,OH,AGL,CE,Federal Contract Tower,0,13,7,2,22,0,14,40,0,54,0,27,47,2,76,14,0,14,90
10/01/2020,OSU,OH,AGL,CE,Federal Contract Tower,0,22,14,0,36,0,62,90,0,152,0,84,104,0,188,50,0,50,238
10/02/2020,OSU,OH,AGL,CE,Federal Contract Tower,0,19,22,0,41,0,19,86,0,105,0,38,108,0,146,84,0,84,230
10/03/2020,OSU,OH,AGL,CE,Federal Contract Tower,0,16,18,0,34,0,36,88,0,124,0,52,106,0,158,122,0,122,280
10/04/2020,OSU,OH,AGL,CE,Federal Contract Tower,0,11,19,0,30,0,8,62,0,70,0,19,81,0,100,78,0,78,178
10/05/2020,OSU,OH,AGL,CE,Federal Contract Tower,0,12,18,0,30,0,44,52,0,96,0,56,70,0,126,122,0,122,248
10/06/2020,OSU,OH,AGL,CE,Federal Contract Tower,0,20,21,0,41,0,89,131,0,220,0,109,152,0,261,74,0,74,335
10/07/2020,OSU,OH,AGL,CE,Federal Contract Tower,0,17,20,0,37,0,14,77,0,91,0,31,97,0,128,10,0,10,138
10/08/2020,OSU,OH,AGL,CE,Federal Contract Tower,0,18,16,0,34,0,169,175,0,344,0,187,191,0,378,300,0,300,678
10/09/2020,OSU,OH,AGL,CE,Federal Contract Tower,0,21,21,0,42,0,67,135,0,202,0,88,156,0,244,108,0,108,352
10/10/2020,OSU,OH,AGL,CE,Federal Contract Tower,0,14,17,0,31,0,2,93,0,95,0,16,110,0,126,102,0,102,228
10/11/2020,OSU,OH,AGL,CE,Federal Contract Tower,0,5,19,0,24,0,0,10,0,10,0,5,29,0,34,0,0,0,34
10/12/2020,OSU,OH,AGL,CE,Federal Contract Tower,0,12,23,0,35,0,7,37,0,44,0,19,60,0,79,10,0,10,89
10/13/2020,OSU,OH,AGL,CE,Federal Contract Tower,0,20,29,0,49,0,140,129,0,269,0,160,158,0,318,336,0,336,654
10/14/2020,OSU,OH,AGL,CE,Federal Contract Tower,0,26,26,0,52,0,137,160,0,297,0,163,186,0,349,188,0,188,537
10/15/2020,OSU,OH,AGL,CE,Federal Contract Tower,0,15,11,0,26,0,2,44,0,46,0,17,55,0,72,22,0,22,94
10/16/2020,OSU,OH,AGL,CE,Federal Contract Tower,0,27,21,0,48,0,124,134,3,261,0,151,155,3,309,402,0,402,711
10/17/2020,OSU,OH,AGL,CE,Federal Contract Tower,0,7,20,0,27,0,16,91,0,107,0,23,111,0,134,32,0,32,166
10/18/2020,OSU,OH,AGL,CE,Federal Contract Tower,0,5,24,0,29,0,6,57,0,63,0,11,81,0,92,10,0,10,102
10/19/2020,OSU,OH,AGL,CE,Federal Contract Tower,0,6,23,0,29,0,0,0,0,0,0,6,23,0,29,0,0,0,29
10/20/2020,OSU,OH,AGL,CE,Federal Contract Tower,0,9,30,0,39,0,0,0,0,0,0,9,30,0,39,0,0,0,39
10/21/2020,OSU,OH,AGL,CE,Federal Contract Tower,0,18,29,0,47,0,3,13,0,16,0,21,42,0,63,14,0,14,77
10/22/2020,OSU,OH,AGL,CE,Federal Contract Tower,0,27,28,0,55,0,120,113,0,233,0,147,141,0,288,26,0,26,314
10/23/2020,OSU,OH,AGL,CE,Federal Contract Tower,0,16,10,0,26,0,33,43,0,76,0,49,53,0,102,34,0,34,136
10/24/2020,OSU,OH,AGL,CE,Federal Contract Tower,0,8,20,0,28,0,0,30,2,32,0,8,50,2,60,8,0,8,68
10/25/2020,OSU,OH,AGL,CE,Federal Contract Tower,0,11,19,0,30,0,24,105,0,129,0,35,124,0,159,58,0,58,217
10/26/2020,OSU,OH,AGL,CE,Federal Contract Tower,0,28,28,0,56,0,0,3,0,3,0,28,31,0,59,14,0,14,73
10/27/2020,OSU,OH,AGL,CE,Federal Contract Tower,0,32,31,0,63,0,0,1,0,1,0,32,32,0,64,0,0,0,64
10/28/2020,OSU,OH,AGL,CE,Federal Contract Tower,0,29,35,0,64,0,2,20,0,22,0,31,55,0,86,26,0,26,112
10/29/2020,OSU,OH,AGL,CE,Federal Contract Tower,0,9,21,0,30,0,0,0,0,0,0,9,21,0,30,0,0,0,30
10/30/2020,OSU,OH,AGL,CE,Federal Contract Tower,0,15,24,0,39,0,52,72,0,124,0,67,96,0,163,326,0,326,489
10/31/2020,OSU,OH,AGL,CE,Federal Contract Tower,0,17,16,0,33,0,82,158,0,240,0,99,174,0,273,214,0,214,487
11/01/2020,OSU,OH,AGL,CE,Federal Contract Tower,0,14,6,0,20,0,0,9,0,9,0,14,15,0,29,0,0,0,29
11/02/2020,OSU,OH,AGL,CE,Federal Contract Tower,0,21,10,0,31,0,87,94,0,181,0,108,104,0,212,239,0,239,451
11/03/2020,OSU,OH,AGL,CE,Federal Contract Tower,0,30,12,0,42,0,204,124,0,328,0,234,136,0,370,440,0,440,810
11/04/2020,OSU,OH,AGL,CE,Federal Contract Tower,0,17,16,0,33,0,76,95,0,171,0,93,111,0,204,0,0,0,204
11/05/2020,OSU,OH,AGL,CE,Federal Contract Tower,0,25,16,0,41,0,95,107,0,202,0,120,123,0,243,140,0,140,383
11/06/2020,OSU,OH,AGL,CE,Federal Contract Tower,0,19,11,0,30,0,110,142,2,254,0,129,153,2,284,284,0,284,568
11/07/2020,OSU,OH,AGL,CE,Federal Contract Tower,0,12,13,0,25,0,35,115,0,150,0,47,128,0,175,132,0,132,307
11/08/2020,OSU,OH,AGL,CE,Federal Contract Tower,0,6,15,0,21,0,20,132,0,152,0,26,147,0,173,90,0,90,263
11/09/2020,OSU,OH,AGL,CE,Federal Contract Tower,0,14,20,0,34,0,122,105,0,227,0,136,125,0,261,258,0,258,519
11/10/2020,OSU,OH,AGL,CE,Federal Contract Tower,0,11,8,0,19,0,44,60,0,104,0,55,68,0,123,70,0,70,193
11/11/2020,OSU,OH,AGL,CE,Federal Contract Tower,0,15,21,0,36,0,11,35,0,46,0,26,56,0,82,18,0,18,100
11/12/2020,OSU,OH,AGL,CE,Federal Contract Tower,0,25,13,0,38,0,94,95,0,189,0,119,108,0,227,296,0,296,523
11/13/2020,OSU,OH,AGL,CE,Federal Contract Tower,0,21,19,0,40,0,87,94,0,181,0,108,113,0,221,230,0,230,451
11/14/2020,OSU,OH,AGL,CE,Federal Contract Tower,0,10,20,0,30,0,48,155,0,203,0,58,175,0,233,98,0,98,331
11/15/2020,OSU,OH,AGL,CE,Federal Contract Tower,0,2,6,0,8,0,0,0,0,0,0,2,6,0,8,0,0,0,8
11/16/2020,OSU,OH,AGL,CE,Federal Contract Tower,0,8,12,0,20,0,18,53,0,71,0,26,65,0,91,22,0,22,113
11/17/2020,OSU,OH,AGL,CE,Federal Contract Tower,0,9,15,0,24,0,0,31,0,31,0,9,46,0,55,6,0,6,61
11/18/2020,OSU,OH,AGL,CE,Federal Contract Tower,0,22,25,0,47,0,111,113,0,224,0,133,138,0,271,236,0,236,507
11/19/2020,OSU,OH,AGL,CE,Federal Contract Tower,0,13,10,0,23,0,0,29,0,29,0,13,39,0,52,2,0,2,54
11/20/2020,OSU,OH,AGL,CE,Federal Contract Tower,0,12,17,0,29,0,5,71,0,76,0,17,88,0,105,12,0,12,117
11/21/2020,OSU,OH,AGL,CE,Federal Contract Tower,0,8,20,0,28,0,0,22,0,22,0,8,42,0,50,14,6,20,70
11/22/2020,OSU,OH,AGL,CE,Federal Contract Tower,0,9,6,0,15,0,0,1,0,1,0,9,7,0,16,0,0,0,16
11/23/2020,OSU,OH,AGL,CE,Federal Contract Tower,0,12,11,0,23,0,35,64,0,99,0,47,75,0,122,186,0,186,308
11/24/2020,OSU,OH,AGL,CE,Federal Contract Tower,0,17,21,0,38,0,54,100,0,154,0,71,121,0,192,286,0,286,478
11/25/2020,OSU,OH,AGL,CE,Federal Contract Tower,0,13,3,0,16,0,0,5,0,5,0,13,8,0,21,0,0,0,21
11/26/2020,OSU,OH,AGL,CE,Federal Contract Tower,0,1,4,0,5,0,1,5,0,6,0,2,9,0,11,10,0,10,21
11/27/2020,OSU,OH,AGL,CE,Federal Contract Tower,0,3,13,0,16,0,0,84,16,100,0,3,97,16,116,14,0,14,130
11/28/2020,OSU,OH,AGL,CE,Federal Contract Tower,0,8,20,0,28,0,22,111,0,133,0,30,131,0,161,108,0,108,269
11/29/2020,OSU,OH,AGL,CE,Federal Contract Tower,0,20,22,0,42,0,21,110,0,131,0,41,132,0,173,76,0,76,249
11/30/2020,OSU,OH,AGL,CE,Federal Contract Tower,0,5,2,0,7,0,0,0,0,0,0,5,2,0,7,0,0,0,7
12/01/2020,OSU,OH,AGL,CE,Federal Contract Tower,0,11,6,0,17,0,0,0,0,0,0,11,6,0,17,0,0,0,17
12/02/2020,OSU,OH,AGL,CE,Federal Contract Tower,0,20,13,0,33,0,91,106,0,197,0,111,119,0,230,320,0,320,550
12/03/2020,OSU,OH,AGL,CE,Federal Contract Tower,0,27,10,0,37,0,71,86,0,157,0,98,96,0,194,232,0,232,426
12/04/2020,OSU,OH,AGL,CE,Federal Contract Tower,0,14,15,0,29,0,54,60,0,114,0,68,75,0,143,94,0,94,237
12/05/2020,OSU,OH,AGL,CE,Federal Contract Tower,0,8,5,0,13,0,15,75,0,90,0,23,80,0,103,56,0,56,159
12/06/2020,OSU,OH,AGL,CE,Federal Contract Tower,0,7,5,0,12,0,14,49,0,63,0,21,54,0,75,74,0,74,149
12/07/2020,OSU,OH,AGL,CE,Federal Contract Tower,0,5,13,0,18,0,4,22,0,26,0,9,35,0,44,8,0,8,52
12/08/2020,OSU,OH,AGL,CE,Federal Contract Tower,0,24,20,0,44,0,87,75,0,162,0,111,95,0,206,278,0,278,484
12/09/2020,OSU,OH,AGL,CE,Federal Contract Tower,0,17,14,0,31,0,23,63,0,86,0,40,77,0,117,76,0,76,193
12/10/2020,OSU,OH,AGL,CE,Federal Contract Tower,0,22,22,0,44,0,62,111,0,173,0,84,133,0,217,140,0,140,357
12/11/2020,OSU,OH,AGL,CE,Federal Contract Tower,0,11,25,0,36,0,75,119,0,194,0,86,144,0,230,144,0,144,374
12/12/2020,OSU,OH,AGL,CE,Federal Contract Tower,0,6,0,0,6,0,0,8,0,8,0,6,8,0,14,0,0,0,14
12/13/2020,OSU,OH,AGL,CE,Federal Contract Tower,0,9,17,0,26,0,0,49,0,49,0,9,66,0,75,66,0,66,141
12/14/2020,OSU,OH,AGL,CE,Federal Contract Tower,0,13,5,0,18,0,5,59,0,64,0,18,64,0,82,76,0,76,158
12/15/2020,OSU,OH,AGL,CE,Federal Contract Tower,0,17,15,0,32,0,111,115,0,226,0,128,130,0,258,230,0,230,488
12/16/2020,OSU,OH,AGL,CE,Federal Contract Tower,0,5,1,0,6,0,0,0,0,0,0,5,1,0,6,0,0,0,6
12/17/2020,OSU,OH,AGL,CE,Federal Contract Tower,0,17,5,0,22,0,0,0,0,0,0,17,5,0,22,0,0,0,22
12/18/2020,OSU,OH,AGL,CE,Federal Contract Tower,0,15,20,0,35,0,33,51,0,84,0,48,71,0,119,96,0,96,215
12/19/2020,OSU,OH,AGL,CE,Federal Contract Tower,0,5,8,0,13,0,27,70,0,97,0,32,78,0,110,42,0,42,152
12/20/2020,OSU,OH,AGL,CE,Federal Contract Tower,0,6,11,0,17,0,0,23,0,23,0,6,34,0,40,0,0,0,40
12/21/2020,OSU,OH,AGL,CE,Federal Contract Tower,0,9,10,0,19,0,0,16,0,16,0,9,26,0,35,0,0,0,35
12/22/2020,OSU,OH,AGL,CE,Federal Contract Tower,0,11,17,0,28,0,19,85,0,104,0,30,102,0,132,106,0,106,238
12/23/2020,OSU,OH,AGL,CE,Federal Contract Tower,0,17,7,0,24,0,0,62,0,62,0,17,69,0,86,10,0,10,96
12/24/2020,OSU,OH,AGL,CE,Federal Contract Tower,0,16,4,0,20,0,0,0,0,0,0,16,4,0,20,0,0,0,20
12/25/2020,OSU,OH,AGL,CE,Federal Contract Tower,0,4,1,0,5,0,0,0,0,0,0,4,1,0,5,0,0,0,5
12/26/2020,OSU,OH,AGL,CE,Federal Contract Tower,0,14,29,0,43,0,7,103,0,110,0,21,132,0,153,34,0,34,187
12/27/2020,OSU,OH,AGL,CE,Federal Contract Tower,0,12,9,0,21,0,10,82,0,92,0,22,91,0,113,24,0,24,137
12/28/2020,OSU,OH,AGL,CE,Federal Contract Tower,0,15,10,0,25,0,0,48,0,48,0,15,58,0,73,52,0,52,125
12/29/2020,OSU,OH,AGL,CE,Federal Contract Tower,0,14,14,0,28,0,90,156,0,246,0,104,170,0,274,184,0,184,458
12/30/2020,OSU,OH,AGL,CE,Federal Contract Tower,0,13,5,0,18,0,5,6,0,11,0,18,11,0,29,10,0,10,39
12/31/2020,OSU,OH,AGL,CE,Federal Contract Tower,0,13,10,0,23,0,2,40,0,42,0,15,50,0,65,36,0,36,101
01/01/2021,OSU,OH,AGL,CE,Federal Contract Tower,0,2,1,0,3,0,0,0,0,0,0,2,1,0,3,0,0,0,3
01/02/2021,OSU,OH,AGL,CE,Federal Contract Tower,0,10,10,0,20,0,0,11,0,11,0,10,21,0,31,2,0,2,33
01/03/2021,OSU,OH,AGL,CE,Federal Contract Tower,0,9,9,0,18,0,0,9,0,9,0,9,18,0,27,16,0,16,43
01/04/2021,OSU,OH,AGL,CE,Federal Contract Tower,0,11,8,0,19,0,1,19,0,20,0,12,27,0,39,154,0,154,193
01/05/2021,OSU,OH,AGL,CE,Federal Contract Tower,0,13,12,0,25,0,0,0,0,0,0,13,12,0,25,0,0,0,25
01/06/2021,OSU,OH,AGL,CE,Federal Contract Tower,0,12,13,0,25,0,0,19,0,19,0,12,32,0,44,2,0,2,46
01/07/2021,OSU,OH,AGL,CE,Federal Contract Tower,0,17,8,0,25,0,24,39,0,63,0,41,47,0,88,62,0,62,150
01/08/2021,OSU,OH,AGL,CE,Federal Contract Tower,0,13,2,0,15,0,0,22,0,22,0,13,24,0,37,10,0,10,47
01/09/2021,OSU,OH,AGL,CE,Federal Contract Tower,0,5,19,0,24,0,44,145,0,189,0,49,164,0,213,142,0,142,355
01/10/2021,OSU,OH,AGL,CE,Federal Contract Tower,0,23,20,0,43,0,25,164,0,189,0,48,184,0,232,62,0,62,294
01/11/2021,OSU,OH,AGL,CE,Federal Contract Tower,0,18,9,0,27,0,14,41,0,55,0,32,50,0,82,70,0,70,152
01/12/2021,OSU,OH,AGL,CE,Federal Contract Tower,0,11,7,0,18,0,0,5,0,5,0,11,12,0,23,0,0,0,23
01/13/2021,OSU,OH,AGL,CE,Federal Contract Tower,0,29,10,0,39,0,67,102,0,169,0,96,112,0,208,146,0,146,354
01/14/2021,OSU,OH,AGL,CE,Federal Contract Tower,0,17,23,0,40,0,122,121,0,243,0,139,144,0,283,224,0,224,507
01/15/2021,OSU,OH,AGL,CE,Federal Contract Tower,0,17,14,0,31,0,0,4,0,4,0,17,18,0,35,0,0,0,35
01/16/2021,OSU,OH,AGL,CE,Federal Contract Tower,0,5,4,0,9,0,0,9,0,9,0,5,13,0,18,0,0,0,18
01/17/2021,OSU,OH,AGL,CE,Federal Contract Tower,0,9,6,0,15,0,0,2,0,2,0,9,8,0,17,0,0,0,17
01/18/2021,OSU,OH,AGL,CE,Federal Contract Tower,0,19,6,0,25,0,0,2,0,2,0,19,8,0,27,0,0,0,27
01/19/2021,OSU,OH,AGL,CE,Federal Contract Tower,0,27,12,0,39,0,133,118,0,251,0,160,130,0,290,156,0,156,446
01/20/2021,OSU,OH,AGL,CE,Federal Contract Tower,0,10,14,0,24,0,58,68,0,126,0,68,82,0,150,278,0,278,428
01/21/2021,OSU,OH,AGL,CE,Federal Contract Tower,0,10,11,0,21,0,9,55,0,64,0,19,66,0,85,10,0,10,95
01/22/2021,OSU,OH,AGL,CE,Federal Contract Tower,0,25,13,0,38,0,83,103,0,186,0,108,116,0,224,176,0,176,400
01/23/2021,OSU,OH,AGL,CE,Federal Contract Tower,0,11,19,0,30,0,74,238,0,312,0,85,257,0,342,88,0,88,430
01/24/2021,OSU,OH,AGL,CE,Federal Contract Tower,0,10,9,0,19,0,5,27,0,32,0,15,36,0,51,20,0,20,71
01/25/2021,OSU,OH,AGL,CE,Federal Contract Tower,0,10,7,0,17,0,0,0,0,0,0,10,7,0,17,0,0,0,17
01/26/2021,OSU,OH,AGL,CE,Federal Contract Tower,0,9,3,0,12,0,0,0,0,0,0,9,3,0,12,0,0,0,12
01/27/2021,OSU,OH,AGL,CE,Federal Contract Tower,0,11,12,0,23,0,19,22,0,41,0,30,34,0,64,198,0,198,262
01/28/2021,OSU,OH,AGL,CE,Federal Contract Tower,0,8,21,0,29,0,45,55,0,100,0,53,76,0,129,82,0,82,211
01/29/2021,OSU,OH,AGL,CE,Federal Contract Tower,0,22,24,0,46,0,118,150,0,268,0,140,174,0,314,170,0,170,484
01/30/2021,OSU,OH,AGL,CE,Federal Contract Tower,0,13,16,0,29,0,68,117,0,185,0,81,133,0,214,86,0,86,300
01/31/2021,OSU,OH,AGL,CE,Federal Contract Tower,0,5,3,0,8,0,0,0,0,0,0,5,3,0,8,0,0,0,8
02/01/2021,OSU,OH,AGL,CE,Federal Contract Tower,0,5,7,0,12,0,0,0,0,0,0,5,7,0,12,0,0,0,12
02/02/2021,OSU,OH,AGL,CE,Federal Contract Tower,0,11,11,0,22,0,2,18,2,22,0,13,29,2,44,0,0,0,44
02/03/2021,OSU,OH,AGL,CE,Federal Contract Tower,0,15,12,0,27,0,99,81,0,180,0,114,93,0,207,100,0,100,307
02/04/2021,OSU,OH,AGL,CE,Federal Contract Tower,0,19,7,0,26,0,40,50,0,90,0,59,57,0,116,70,0,70,186
02/05/2021,OSU,OH,AGL,CE,Federal Contract Tower,0,11,14,0,25,0,5,15,0,20,0,16,29,0,45,2,0,2,47
02/06/2021,OSU,OH,AGL,CE,Federal Contract Tower,0,12,5,0,17,0,74,114,0,188,0,86,119,0,205,188,0,188,393
02/07/2021,OSU,OH,AGL,CE,Federal Contract Tower,0,14,11,0,25,0,19,40,0,59,0,33,51,0,84,92,0,92,176
02/08/2021,OSU,OH,AGL,CE,Federal Contract Tower,0,12,5,0,17,0,88,84,0,172,0,100,89,0,189,150,0,150,339
02/09/2021,OSU,OH,AGL,CE,Federal Contract Tower,0,16,1,0,17,0,0,18,0,18,0,16,19,0,35,8,0,8,43
02/10/2021,OSU,OH,AGL,CE,Federal Contract Tower,0,18,8,0,26,0,34,29,0,63,0,52,37,0,89,16,0,16,105
02/11/2021,OSU,OH,AGL,CE,Federal Contract Tower,0,18,16,0,34,0,65,56,0,121,0,83,72,0,155,50,0,50,205
02/12/2021,OSU,OH,AGL,CE,Federal Contract Tower,0,13,16,0,29,0,42,45,0,87,0,55,61,0,116,126,0,126,242
02/13/2021,OSU,OH,AGL,CE,Federal Contract Tower,0,2,5,0,7,0,0,34,0,34,0,2,39,0,41,16,0,16,57
02/14/2021,OSU,OH,AGL,CE,Federal Contract Tower,0,1,5,0,6,0,2,118,0,120,0,3,123,0,126,134,0,134,260
02/15/2021,OSU,OH,AGL,CE,Federal Contract Tower,0,1,3,0,4,0,0,3,0,3,0,1,6,0,7,8,0,8,15
02/16/2021,OSU,OH,AGL,CE,Federal Contract Tower,0,15,3,0,18,0,3,10,0,13,0,18,13,0,31,10,0,10,41
02/17/2021,OSU,OH,AGL,CE,Federal Contract Tower,0,15,10,0,25,0,83,67,0,150,0,98,77,0,175,331,0,331,506
02/18/2021,OSU,OH,AGL,CE,Federal Contract Tower,0,11,1,0,12,0,0,2,0,2,0,11,3,0,14,0,0,0,14
02/19/2021,OSU,OH,AGL,CE,Federal Contract Tower,0,8,12,0,20,0,2,25,0,27,0,10,37,0,47,34,0,34,81
02/20/2021,OSU,OH,AGL,CE,Federal Contract Tower,0,8,8,0,16,0,50,107,0,157,0,58,115,0,173,106,0,106,279
02/21/2021,OSU,OH,AGL,CE,Federal Contract Tower,0,17,18,0,35,0,23,98,0,121,0,40,116,0,156,4,0,4,160
02/22/2021,OSU,OH,AGL,CE,Federal Contract Tower,0,4,2,0,6,0,0,24,0,24,0,4,26,0,30,0,0,0,30
02/23/2021,OSU,OH,AGL,CE,Federal Contract Tower,0,21,19,0,40,0,15,85,0,100,0,36,104,0,140,62,0,62,202
02/24/2021,OSU,OH,AGL,CE,Federal Contract Tower,0,15,19,0,34,0,6,49,0,55,0,21,68,0,89,10,0,10,99
02/25/2021,OSU,OH,AGL,CE,Federal Contract Tower,0,24,20,0,44,0,174,136,0,310,0,198,156,0,354,286,0,286,640
02/26/2021,OSU,OH,AGL,CE,Federal Contract Tower,0,20,20,0,40,0,114,89,0,203,0,134,109,0,243,366,0,366,609
02/27/2021,OSU,OH,AGL,CE,Federal Contract Tower,0,8,17,0,25,0,4,44,0,48,0,12,61,0,73,48,0,48,121
02/28/2021,OSU,OH,AGL,CE,Federal Contract Tower,0,12,18,0,30,0,0,5,0,5,0,12,23,0,35,0,0,0,35
03/01/2021,OSU,OH,AGL,CE,Federal Contract Tower,0,12,13,0,25,0,0,48,0,48,0,12,61,0,73,0,0,0,73
03/02/2021,OSU,OH,AGL,CE,Federal Contract Tower,0,26,15,0,41,0,164,137,0,301,0,190,152,0,342,264,0,264,606
03/03/2021,OSU,OH,AGL,CE,Federal Contract Tower,0,27,14,0,41,0,116,108,0,224,0,143,122,0,265,186,0,186,451
03/04/2021,OSU,OH,AGL,CE,Federal Contract Tower,0,20,18,0,38,0,10,32,0,42,0,30,50,0,80,40,0,40,120
03/05/2021,OSU,OH,AGL,CE,Federal Contract Tower,0,10,9,0,19,0,46,71,0,117,0,56,80,0,136,92,0,92,228
03/06/2021,OSU,OH,AGL,CE,Federal Contract Tower,0,25,26,0,51,0,47,138,0,185,0,72,164,0,236,62,0,62,298
03/07/2021,OSU,OH,AGL,CE,Federal Contract Tower,0,15,22,0,37,0,57,131,0,188,0,72,153,0,225,110,0,110,335
03/08/2021,OSU,OH,AGL,CE,Federal Contract Tower,0,17,15,0,32,0,82,91,0,173,0,99,106,0,205,62,0,62,267
03/09/2021,OSU,OH,AGL,CE,Federal Contract Tower,0,29,5,0,34,0,112,92,0,204,0,141,97,0,238,344,0,344,582
03/10/2021,OSU,OH,AGL,CE,Federal Contract Tower,0,17,20,0,37,0,7,51,0,58,0,24,71,0,95,22,0,22,117
03/11/2021,OSU,OH,AGL,CE,Federal Contract Tower,0,14,20,0,34,0,0,10,0,10,0,14,30,0,44,0,0,0,44
03/12/2021,OSU,OH,AGL,CE,Federal Contract Tower,0,22,19,0,41,0,131,131,0,262,0,153,150,0,303,354,0,354,657
03/13/2021,OSU,OH,AGL,CE,Federal Contract Tower,0,23,19,0,42,0,69,136,0,205,0,92,155,0,247,158,22,180,427
03/14/2021,OSU,OH,AGL,CE,Federal Contract Tower,0,8,20,0,28,0,18,84,0,102,0,26,104,0,130,6,0,6,136
03/15/2021,OSU,OH,AGL,CE,Federal Contract Tower,0,13,10,0,23,0,30,43,0,73,0,43,53,0,96,56,0,56,152
03/16/2021,OSU,OH,AGL,CE,Federal Contract Tower,0,35,17,0,52,0,0,7,1,8,0,35,24,1,60,16,0,16,76
03/17/2021,OSU,OH,AGL,CE,Federal Contract Tower,0,16,19,1,36,0,75,86,0,161,0,91,105,1,197,212,0,212,409
03/18/2021,OSU,OH,AGL,CE,Federal Contract Tower,0,10,7,0,17,0,0,1,0,1,0,10,8,0,18,0,0,0,18
03/19/2021,OSU,OH,AGL,CE,Federal Contract Tower,0,19,9,0,28,0,4,54,0,58,0,23,63,0,86,0,0,0,86
03/20/2021,OSU,OH,AGL,CE,Federal Contract Tower,0,10,23,0,33,0,73,156,0,229,0,83,179,0,262,180,0,180,442
03/21/2021,OSU,OH,AGL,CE,Federal Contract Tower,0,11,24,0,35,0,34,143,0,177,0,45,167,0,212,56,0,56,268
03/22/2021,OSU,OH,AGL,CE,Federal Contract Tower,0,26,15,0,41,0,152,156,0,308,0,178,171,0,349,393,0,393,742
03/23/2021,OSU,OH,AGL,CE,Federal Contract Tower,0,16,13,0,29,0,50,63,0,113,0,66,76,0,142,36,0,36,178
03/24/2021,OSU,OH,AGL,CE,Federal Contract Tower,0,8,22,0,30,0,0,38,0,38,0,8,60,0,68,2,0,2,70
03/25/2021,OSU,OH,AGL,CE,Federal Contract Tower,0,27,19,0,46,0,101,78,0,179,0,128,97,0,225,198,0,198,423
03/26/2021,OSU,OH,AGL,CE,Federal Contract Tower,0,19,22,0,41,0,12,41,0,53,0,31,63,0,94,88,0,88,182
03/27/2021,OSU,OH,AGL,CE,Federal Contract Tower,0,15,9,0,24,0,37,114,0,151,0,52,123,0,175,238,0,238,413
03/28/2021,OSU,OH,AGL,CE,Federal Contract Tower,0,14,10,0,24,0,0,6,0,6,0,14,16,0,30,0,0,0,30
03/29/2021,OSU,OH,AGL,CE,Federal Contract Tower,0,20,22,0,42,0,140,125,0,265,0,160,147,0,307,300,0,300,607
03/30/2021,OSU,OH,AGL,CE,Federal Contract Tower,0,26,12,0,38,0,0,42,0,42,0,26,54,0,80,0,0,0,80
03/31/2021,OSU,OH,AGL,CE,Federal Contract Tower,0,11,13,0,24,0,2,25,0,27,0,13,38,0,51,26,0,26,77
04/01/2021,OSU,OH,AGL,CE,Federal Contract Tower,0,17,21,0,38,0,0,32,0,32,0,17,53,0,70,20,0,20,90
04/02/2021,OSU,OH,AGL,CE,Federal Contract Tower,0,29,11,0,40,0,58,102,0,160,0,87,113,0,200,248,0,248,448
04/03/2021,OSU,OH,AGL,CE,Federal Contract Tower,0,12,16,0,28,0,10,93,0,103,0,22,109,0,131,36,0,36,167
04/04/2021,OSU,OH,AGL,CE,Federal Contract Tower,0,15,11,0,26,0,17,109,0,126,0,32,120,0,152,74,0,74,226
04/05/2021,OSU,OH,AGL,CE,Federal Contract Tower,0,19,22,0,41,0,72,106,0,178,0,91,128,0,219,236,0,236,455
04/06/2021,OSU,OH,AGL,CE,Federal Contract Tower,0,38,22,0,60,0,108,107,0,215,0,146,129,0,275,150,0,150,425
04/07/2021,OSU,OH,AGL,CE,Federal Contract Tower,0,40,11,0,51,0,179,143,0,322,0,219,154,0,373,392,0,392,765
04/08/2021,OSU,OH,AGL,CE,Federal Contract Tower,0,17,11,0,28,0,14,21,0,35,0,31,32,0,63,20,0,20,83
04/09/2021,OSU,OH,AGL,CE,Federal Contract Tower,0,22,25,0,47,0,25,40,0,65,0,47,65,0,112,18,0,18,130
04/10/2021,OSU,OH,AGL,CE,Federal Contract Tower,0,14,3,0,17,0,6,39,0,45,0,20,42,0,62,18,0,18,80
04/11/2021,OSU,OH,AGL,CE,Federal Contract Tower,0,12,16,0,28,0,0,21,0,21,0,12,37,0,49,6,0,6,55
04/12/2021,OSU,OH,AGL,CE,Federal Contract Tower,0,41,29,0,70,0,32,51,2,85,0,73,80,2,155,258,0,258,413
04/13/2021,OSU,OH,AGL,CE,Federal Contract Tower,0,30,22,0,52,0,139,147,0,286,0,169,169,0,338,558,0,558,896
04/14/2021,OSU,OH,AGL,CE,Federal Contract Tower,0,13,17,0,30,0,125,116,0,241,0,138,133,0,271,400,0,400,671
04/15/2021,OSU,OH,AGL,CE,Federal Contract Tower,0,25,22,0,47,0,52,76,0,128,0,77,98,0,175,72,0,72,247
04/16/2021,OSU,OH,AGL,CE,Federal Contract Tower,0,13,19,0,32,0,30,86,0,116,0,43,105,0,148,94,0,94,242
04/17/2021,OSU,OH,AGL,CE,Federal Contract Tower,0,13,13,0,26,0,44,97,0,141,0,57,110,0,167,38,0,38,205
04/18/2021,OSU,OH,AGL,CE,Federal Contract Tower,0,8,20,0,28,0,24,100,0,124,0,32,120,0,152,54,0,54,206
04/19/2021,OSU,OH,AGL,CE,Federal Contract Tower,0,8,9,0,17,0,80,120,0,200,0,88,129,0,217,76,0,76,293
04/20/2021,OSU,OH,AGL,CE,Federal Contract Tower,0,13,14,0,27,0,98,88,0,186,0,111,102,0,213,236,0,236,449
04/21/2021,OSU,OH,AGL,CE,Federal Contract Tower,0,15,14,0,29,0,0,20,0,20,0,15,34,0,49,0,0,0,49
04/22/2021,OSU,OH,AGL,CE,Federal Contract Tower,0,24,21,0,45,0,77,67,0,144,0,101,88,0,189,78,0,78,267
04/23/2021,OSU,OH,AGL,CE,Federal Contract Tower,0,23,18,0,41,0,70,99,0,169,0,93,117,0,210,205,0,205,415
04/24/2021,OSU,OH,AGL,CE,Federal Contract Tower,0,8,8,0,16,0,11,52,0,63,0,19,60,0,79,58,0,58,137
04/25/2021,OSU,OH,AGL,CE,Federal Contract Tower,0,19,22,0,41,0,3,45,0,48,0,22,67,0,89,0,0,0,89
04/26/2021,OSU,OH,AGL,CE,Federal Contract Tower,0,22,15,0,37,0,119,114,0,233,0,141,129,0,270,290,0,290,560
04/27/2021,OSU,OH,AGL,CE,Federal Contract Tower,0,14,16,0,30,0,0,42,0,42,0,14,58,0,72,0,0,0,72
04/28/2021,OSU,OH,AGL,CE,Federal Contract Tower,0,17,14,0,31,0,0,37,0,37,0,17,51,0,68,34,0,34,102
04/29/2021,OSU,OH,AGL,CE,Federal Contract Tower,0,26,16,0,42,0,0,0,0,0,0,26,16,0,42,0,0,0,42
04/30/2021,OSU,OH,AGL,CE,Federal Contract Tower,0,19,15,0,34,0,11,39,3,53,0,30,54,3,87,22,0,22,109
05/01/2021,OSU,OH,AGL,CE,Federal Contract Tower,0,10,13,0,23,0,41,100,0,141,0,51,113,0,164,102,0,102,266
05/02/2021,OSU,OH,AGL,CE,Federal Contract Tower,0,9,13,0,22,0,0,64,0,64,0,9,77,0,86,4,0,4,90
05/03/2021,OSU,OH,AGL,CE,Federal Contract Tower,0,13,18,0,31,0,0,25,0,25,0,13,43,0,56,24,0,24,80
05/04/2021,OSU,OH,AGL,CE,Federal Contract Tower,0,23,27,0,50,0,0,5,0,5,0,23,32,0,55,32,0,32,87
05/05/2021,OSU,OH,AGL,CE,Federal Contract Tower,0,21,18,0,39,0,4,42,0,46,0,25,60,0,85,34,0,34,119
05/06/2021,OSU,OH,AGL,CE,Federal Contract Tower,0,21,18,0,39,0,141,134,0,275,0,162,152,0,314,258,0,258,572
05/07/2021,OSU,OH,AGL,CE,Federal Contract Tower,0,14,13,0,27,0,0,49,0,49,0,14,62,0,76,16,0,16,92
05/08/2021,OSU,OH,AGL,CE,Federal Contract Tower,0,17,18,0,35,0,11,141,0,152,0,28,159,0,187,104,0,104,291
05/09/2021,OSU,OH,AGL,CE,Federal Contract Tower,0,12,8,0,20,0,0,1,0,1,0,12,9,0,21,0,0,0,21
05/10/2021,OSU,OH,AGL,CE,Federal Contract Tower,0,25,17,0,42,0,75,158,0,233,0,100,175,0,275,198,0,198,473
05/11/2021,OSU,OH,AGL,CE,Federal Contract Tower,0,21,15,0,36,0,45,116,0,161,0,66,131,0,197,158,0,158,355
05/12/2021,OSU,OH,AGL,CE,Federal Contract Tower,0,29,26,0,55,0,78,99,0,177,0,107,125,0,232,88,0,88,320
05/13/2021,OSU,OH,AGL,CE,Federal Contract Tower,0,23,23,0,46,0,97,105,0,202,0,120,128,0,248,164,0,164,412
05/14/2021,OSU,OH,AGL,CE,Federal Contract Tower,0,27,13,0,40,0,142,151,0,293,0,169,164,0,333,388,0,388,721
05/15/2021,OSU,OH,AGL,CE,Federal Contract Tower,0,15,11,0,26,0,45,141,0,186,0,60,152,0,212,292,0,292,504
05/16/2021,OSU,OH,AGL,CE,Federal Contract Tower,0,17,23,0,40,0,20,121,0,141,0,37,144,0,181,60,0,60,241
05/17/2021,OSU,OH,AGL,CE,Federal Contract Tower,0,26,17,0,43,0,61,97,0,158,0,87,114,0,201,234,0,234,435
05/18/2021,OSU,OH,AGL,CE,Federal Contract Tower,0,20,25,0,45,0,126,129,0,255,0,146,154,0,300,220,0,220,520
05/19/2021,OSU,OH,AGL,CE,Federal Contract Tower,0,34,28,0,62,0,97,122,0,219,0,131,150,0,281,288,0,288,569
05/20/2021,OSU,OH,AGL,CE,Federal Contract Tower,0,33,20,0,53,0,81,129,0,210,0,114,149,0,263,152,0,152,415
05/21/2021,OSU,OH,AGL,CE,Federal Contract Tower,0,23,36,0,59,0,110,133,0,243,0,133,169,0,302,298,0,298,600
05/22/2021,OSU,OH,AGL,CE,Federal Contract Tower,0,10,24,0,34,0,12,116,0,128,0,22,140,0,162,74,0,74,236
05/23/2021,OSU,OH,AGL,CE,Federal Contract Tower,0,17,18,0,35,0,23,83,0,106,0,40,101,0,141,88,0,88,229
05/24/2021,OSU,OH,AGL,CE,Federal Contract Tower,0,20,14,0,34,0,34,80,0,114,0,54,94,0,148,146,0,146,294
05/25/2021,OSU,OH,AGL,CE,Federal Contract Tower,0,30,23,0,53,0,87,107,0,194,0,117,130,0,247,72,0,72,319
05/26/2021,OSU,OH,AGL,CE,Federal Contract Tower,0,23,20,0,43,0,13,38,0,51,0,36,58,0,94,22,0,22,116
05/27/2021,OSU,OH,AGL,CE,Federal Contract Tower,0,22,24,0,46,0,118,136,0,254,0,140,160,0,300,298,0,298,598
05/28/2021,OSU,OH,AGL,CE,Federal Contract Tower,0,22,19,0,41,0,0,5,0,5,0,22,24,0,46,4,0,4,50
05/29/2021,OSU,OH,AGL,CE,Federal Contract Tower,0,14,17,0,31,0,0,6,0,6,0,14,23,0,37,0,0,0,37
05/30/2021,OSU,OH,AGL,CE,Federal Contract Tower,0,21,16,0,37,0,4,80,0,84,0,25,96,0,121,96,0,96,217
05/31/2021,OSU,OH,AGL,CE,Federal Contract Tower,0,34,22,0,56,0,0,123,0,123,0,34,145,0,179,48,0,48,227
06/01/2021,OSU,OH,AGL,CE,Federal Contract Tower,0,31,27,0,58,0,123,143,0,266,0,154,170,0,324,268,0,268,592
06/02/2021,OSU,OH,AGL,CE,Federal Contract Tower,0,27,32,0,59,0,0,8,0,8,0,27,40,0,67,32,0,32,99
06/03/2021,OSU,OH,AGL,CE,Federal Contract Tower,0,40,29,0,69,0,0,5,0,5,0,40,34,0,74,34,0,34,108
06/04/2021,OSU,OH,AGL,CE,Federal Contract Tower,0,37,21,0,58,0,97,123,0,220,0,134,144,0,278,218,0,218,496
06/05/2021,OSU,OH,AGL,CE,Federal Contract Tower,0,36,22,0,58,0,46,138,0,184,0,82,160,0,242,58,0,58,300
06/06/2021,OSU,OH,AGL,CE,Federal Contract Tower,0,41,34,0,75,0,30,91,0,121,0,71,125,0,196,68,0,68,264
06/07/2021,OSU,OH,AGL,CE,Federal Contract Tower,0,37,26,0,63,0,0,33,0,33,0,37,59,0,96,68,0,68,164
06/08/2021,OSU,OH,AGL,CE,Federal Contract Tower,0,17,12,0,29,0,26,49,0,75,0,43,61,0,104,60,0,60,164
06/09/2021,OSU,OH,AGL,CE,Federal Contract Tower,0,8,9,0,17,0,0,9,0,9,0,8,18,0,26,10,0,10,36
06/10/2021,OSU,OH,AGL,CE,Federal Contract Tower,0,23,26,0,49,0,0,40,0,40,0,23,66,0,89,79,0,79,168
06/11/2021,OSU,OH,AGL,CE,Federal Contract Tower,0,17,17,0,34,0,0,39,0,39,0,17,56,0,73,32,0,32,105
06/12/2021,OSU,OH,AGL,CE,Federal Contract Tower,0,13,12,0,25,0,29,92,0,121,0,42,104,0,146,64,0,64,210
06/13/2021,OSU,OH,AGL,CE,Federal Contract Tower,0,16,17,0,33,0,10,58,0,68,0,26,75,0,101,26,0,26,127
06/14/2021,OSU,OH,AGL,CE,Federal Contract Tower,0,12,21,0,33,0,63,81,2,146,0,75,102,2,179,78,0,78,257
06/15/2021,OSU,OH,AGL,CE,Federal Contract Tower,0,11,21,0,32,0,81,78,0,159,0,92,99,0,191,74,0,74,265
06/16/2021,OSU,OH,AGL,CE,Federal Contract Tower,0,35,21,0,56,0,86,155,0,241,0,121,176,0,297,256,0,256,553
06/17/2021,OSU,OH,AGL,CE,Federal Contract Tower,0,24,18,0,42,0,167,168,0,335,0,191,186,0,377,288,0,288,665
06/18/2021,OSU,OH,AGL,CE,Federal Contract Tower,0,17,20,0,37,0,0,24,0,24,0,17,44,0,61,10,0,10,71
06/19/2021,OSU,OH,AGL,CE,Federal Contract Tower,0,7,10,0,17,0,0,24,0,24,0,7,34,0,41,12,0,12,53
06/20/2021,OSU,OH,AGL,CE,Federal Contract Tower,0,15,20,0,35,0,13,83,0,96,0,28,103,0,131,54,0,54,185
06/21/2021,OSU,OH,AGL,CE,Federal Contract Tower,0,25,9,0,34,0,0,27,0,27,0,25,36,0,61,30,0,30,91
06/22/2021,OSU,OH,AGL,CE,Federal Contract Tower,0,30,22,0,52,0,56,132,0,188,0,86,154,0,240,164,0,164,404
06/23/2021,OSU,OH,AGL,CE,Federal Contract Tower,0,37,20,0,57,0,142,178,0,320,0,179,198,0,377,368,0,368,745
06/24/2021,OSU,OH,AGL,CE,Federal Contract Tower,0,34,30,0,64,0,64,120,32,216,0,98,150,32,280,104,0,104,384
06/25/2021,OSU,OH,AGL,CE,Federal Contract Tower,0,17,23,0,40,0,5,46,0,51,0,22,69,0,91,16,0,16,107
06/26/2021,OSU,OH,AGL,CE,Federal Contract Tower,0,21,14,0,35,0,0,59,0,59,0,21,73,0,94,6,0,6,100
06/27/2021,OSU,OH,AGL,CE,Federal Contract Tower,0,18,10,0,28,0,0,69,0,69,0,18,79,0,97,10,0,10,107
06/28/2021,OSU,OH,AGL,CE,Federal Contract Tower,0,15,11,0,26,0,56,91,0,147,0,71,102,0,173,86,0,86,259
06/29/2021,OSU,OH,AGL,CE,Federal Contract Tower,0,22,21,0,43,0,80,61,0,141,0,102,82,0,184,182,0,182,366
06/30/2021,OSU,OH,AGL,CE,Federal Contract Tower,0,18,20,0,38,0,1,53,0,54,0,19,73,0,92,38,0,38,130
07/01/2021,OSU,OH,AGL,CE,Federal Contract Tower,0,24,58,0,82,0,0,33,0,33,0,24,91,0,115,6,0,6,121
07/02/2021,OSU,OH,AGL,CE,Federal Contract Tower,0,24,21,1,46,0,35,77,0,112,0,59,98,1,158,6,0,6,164
07/03/2021,OSU,OH,AGL,CE,Federal Contract Tower,0,13,24,0,37,0,30,87,0,117,0,43,111,0,154,22,0,22,176
07/04/2021,OSU,OH,AGL,CE,Federal Contract Tower,0,6,12,0,18,0,8,62,0,70,0,14,74,0,88,24,0,24,112
07/05/2021,OSU,OH,AGL,CE,Federal Contract Tower,0,17,17,0,34,0,0,79,0,79,0,17,96,0,113,16,0,16,129
07/06/2021,OSU,OH,AGL,CE,Federal Contract Tower,0,23,24,0,47,0,135,129,0,264,0,158,153,0,311,284,0,284,595
07/07/2021,OSU,OH,AGL,CE,Federal Contract Tower,0,17,14,0,31,0,15,73,0,88,0,32,87,0,119,214,0,214,333
07/08/2021,OSU,OH,AGL,CE,Federal Contract Tower,0,21,28,0,49,0,0,16,0,16,0,21,44,0,65,22,0,22,87
07/09/2021,OSU,OH,AGL,CE,Federal Contract Tower,0,44,36,0,80,0,18,64,0,82,0,62,100,0,162,54,0,54,216
07/10/2021,OSU,OH,AGL,CE,Federal Contract Tower,0,14,31,0,45,0,15,77,0,92,0,29,108,0,137,42,0,42,179
07/11/2021,OSU,OH,AGL,CE,Federal Contract Tower,0,16,23,0,39,0,0,16,0,16,0,16,39,0,55,0,0,0,55
07/12/2021,OSU,OH,AGL,CE,Federal Contract Tower,0,22,19,0,41,0,0,35,0,35,0,22,54,0,76,22,0,22,98
07/13/2021,OSU,OH,AGL,CE,Federal Contract Tower,0,18,21,0,39,0,0,14,0,14,0,18,35,0,53,2,0,2,55
07/14/2021,OSU,OH,AGL,CE,Federal Contract Tower,0,36,28,0,64,0,85,128,1,214,0,121,156,1,278,168,0,168,446
07/15/2021,OSU,OH,AGL,CE,Federal Contract Tower,0,34,37,0,71,0,74,87,0,161,0,108,124,0,232,50,0,50,282
07/16/2021,OSU,OH,AGL,CE,Federal Contract Tower,0,12,18,0,30,0,1,34,0,35,0,13,52,0,65,8,0,8,73
07/17/2021,OSU,OH,AGL,CE,Federal Contract Tower,0,7,8,0,15,0,17,17,0,34,0,24,25,0,49,16,0,16,65
07/18/2021,OSU,OH,AGL,CE,Federal Contract Tower,0,21,23,0,44,0,39,145,0,184,0,60,168,0,228,144,0,144,372
07/19/2021,OSU,OH,AGL,CE,Federal Contract Tower,0,25,19,0,44,0,116,155,0,271,0,141,174,0,315,238,0,238,553
07/20/2021,OSU,OH,AGL,CE,Federal Contract Tower,0,34,17,0,51,0,99,154,0,253,0,133,171,0,304,260,0,260,564
07/21/2021,OSU,OH,AGL,CE,Federal Contract Tower,0,31,20,0,51,0,17,48,0,65,0,48,68,0,116,44,0,44,160
07/22/2021,OSU,OH,AGL,CE,Federal Contract Tower,0,30,19,0,49,0,147,127,0,274,0,177,146,0,323,130,0,130,453
07/23/2021,OSU,OH,AGL,CE,Federal Contract Tower,0,22,31,0,53,0,47,87,0,134,0,69,118,0,187,130,0,130,317
07/24/2021,OSU,OH,AGL,CE,Federal Contract Tower,0,9,23,0,32,0,24,117,0,141,0,33,140,0,173,14,0,14,187
07/25/2021,OSU,OH,AGL,CE,Federal Contract Tower,0,20,23,0,43,0,8,60,0,68,0,28,83,0,111,102,0,102,213
07/26/2021,OSU,OH,AGL,CE,Federal Contract Tower,0,19,14,0,33,0,88,86,0,174,0,107,100,0,207,138,0,138,345
07/27/2021,OSU,OH,AGL,CE,Federal Contract Tower,0,21,30,0,51,0,111,135,0,246,0,132,165,0,297,82,0,82,379
07/28/2021,OSU,OH,AGL,CE,Federal Contract Tower,0,22,43,0,65,0,57,100,0,157,0,79,143,0,222,50,0,50,272
07/29/2021,OSU,OH,AGL,CE,Federal Contract Tower,0,10,17,1,28,0,0,22,0,22,0,10,39,1,50,0,0,0,50
07/30/2021,OSU,OH,AGL,CE,Federal Contract Tower,0,18,29,0,47,0,33,100,0,133,0,51,129,0,180,116,0,116,296
07/31/2021,OSU,OH,AGL,CE,Federal Contract Tower,0,11,16,0,27,0,11,115,0,126,0,22,131,0,153,30,0,30,183
08/01/2021,OSU,OH,AGL,CE,Federal Contract Tower,0,19,21,0,40,0,12,54,0,66,0,31,75,0,106,44,0,44,150
08/02/2021,OSU,OH,AGL,CE,Federal Contract Tower,0,17,24,0,41,0,56,117,0,173,0,73,141,0,214,226,0,226,440
08/03/2021,OSU,OH,AGL,CE,Federal Contract Tower,0,9,38,0,47,0,77,126,0,203,0,86,164,0,250,118,0,118,368
08/04/2021,OSU,OH,AGL,CE,Federal Contract Tower,0,28,23,0,51,0,100,162,0,262,0,128,185,0,313,174,0,174,487
08/05/2021,OSU,OH,AGL,CE,Federal Contract Tower,0,21,26,0,47,0,88,111,0,199,0,109,137,0,246,232,0,232,478
08/06/2021,OSU,OH,AGL,CE,Federal Contract Tower,0,17,22,0,39,0,54,125,0,179,0,71,147,0,218,156,0,156,374
08/07/2021,OSU,OH,AGL,CE,Federal Contract Tower,0,3,21,0,24,0,4,53,0,57,0,7,74,0,81,8,0,8,89
08/08/2021,OSU,OH,AGL,CE,Federal Contract Tower,0,3,27,0,30,0,5,103,0,108,0,8,130,0,138,20,0,20,158
08/09/2021,OSU,OH,AGL,CE,Federal Contract Tower,0,20,21,0,41,0,34,63,0,97,0,54,84,0,138,52,0,52,190
08/10/2021,OSU,OH,AGL,CE,Federal Contract Tower,0,15,18,0,33,0,0,21,0,21,0,15,39,0,54,6,0,6,60
08/11/2021,OSU,OH,AGL,CE,Federal Contract Tower,0,14,20,0,34,0,1,57,0,58,0,15,77,0,92,48,0,48,140
08/12/2021,OSU,OH,AGL,CE,Federal Contract Tower,0,25,20,0,45,0,1,39,0,40,0,26,59,0,85,34,0,34,119
08/13/2021,OSU,OH,AGL,CE,Federal Contract Tower,0,18,29,0,47,0,3,43,0,46,0,21,72,0,93,8,0,8,101
08/14/2021,OSU,OH,AGL,CE,Federal Contract Tower,0,12,18,0,30,0,27,114,0,141,0,39,132,0,171,74,0,74,245
08/15/2021,OSU,OH,AGL,CE,Federal Contract Tower,0,8,35,0,43,0,22,121,0,143,0,30,156,0,186,28,0,28,214
08/16/2021,OSU,OH,AGL,CE,Federal Contract Tower,0,22,38,0,60,0,0,24,0,24,0,22,62,0,84,0,0,0,84
08/17/2021,OSU,OH,AGL,CE,Federal Contract Tower,0,21,28,0,49,0,0,14,0,14,0,21,42,0,63,24,0,24,87
08/18/2021,OSU,OH,AGL,CE,Federal Contract Tower,0,23,19,0,42,0,11,40,0,51,0,34,59,0,93,84,0,84,177
08/19/2021,OSU,OH,AGL,CE,Federal Contract Tower,0,24,31,0,55,0,10,80,0,90,0,34,111,0,145,112,0,112,257
08/20/2021,OSU,OH,AGL,CE,Federal Contract Tower,0,23,22,0,45,0,74,125,0,199,0,97,147,0,244,138,0,138,382
08/21/2021,OSU,OH,AGL,CE,Federal Contract Tower,0,16,13,0,29,0,22,139,0,161,0,38,152,0,190,64,0,64,254
08/22/2021,OSU,OH,AGL,CE,Federal Contract Tower,0,15,17,0,32,0,18,102,0,120,0,33,119,0,152,64,0,64,216
08/23/2021,OSU,OH,AGL,CE,Federal Contract Tower,0,13,12,0,25,0,65,113,0,178,0,78,125,0,203,212,0,212,415
08/24/2021,OSU,OH,AGL,CE,Federal Contract Tower,0,12,11,0,23,0,29,95,0,124,0,41,106,0,147,64,0,64,211
08/25/2021,OSU,OH,AGL,CE,Federal Contract Tower,0,19,13,0,32,0,33,89,0,122,0,52,102,0,154,68,0,68,222
08/26/2021,OSU,OH,AGL,CE,Federal Contract Tower,0,25,25,0,50,0,11,46,0,57,0,36,71,0,107,112,0,112,219
08/27/2021,OSU,OH,AGL,CE,Federal Contract Tower,0,17,12,0,29,0,99,105,0,204,0,116,117,0,233,234,0,234,467
08/28/2021,OSU,OH,AGL,CE,Federal Contract Tower,0,12,17,0,29,0,26,103,0,129,0,38,120,0,158,38,0,38,196
08/29/2021,OSU,OH,AGL,CE,Federal Contract Tower,0,12,20,0,32,0,6,78,0,84,0,18,98,0,116,72,0,72,188
08/30/2021,OSU,OH,AGL,CE,Federal Contract Tower,0,19,17,0,36,0,11,36,0,47,0,30,53,0,83,114,0,114,197
08/31/2021,OSU,OH,AGL,CE,Federal Contract Tower,0,14,17,0,31,0,1,5,0,6,0,15,22,0,37,20,0,20,57
09/01/2021,OSU,OH,AGL,CE,Federal Contract Tower,0,10,33,7,50,0,8,58,20,86,0,18,91,27,136,26,0,26,162
09/02/2021,OSU,OH,AGL,CE,Federal Contract Tower,0,23,25,0,48,0,156,144,0,300,0,179,169,0,348,280,0,280,628
09/03/2021,OSU,OH,AGL,CE,Federal Contract Tower,0,42,33,0,75,0,127,150,0,277,0,169,183,0,352,334,0,334,686
09/04/2021,OSU,OH,AGL,CE,Federal Contract Tower,0,13,15,0,28,0,38,149,0,187,0,51,164,0,215,168,0,168,383
09/05/2021,OSU,OH,AGL,CE,Federal Contract Tower,0,12,13,0,25,0,9,54,0,63,0,21,67,0,88,6,0,6,94
09/06/2021,OSU,OH,AGL,CE,Federal Contract Tower,0,7,33,0,40,0,0,90,0,90,0,7,123,0,130,8,0,8,138
09/07/2021,OSU,OH,AGL,CE,Federal Contract Tower,0,17,18,0,35,0,87,110,0,197,0,104,128,0,232,240,0,240,472
09/08/2021,OSU,OH,AGL,CE,Federal Contract Tower,0,24,34,0,58,0,63,106,0,169,0,87,140,0,227,384,0,384,611
09/09/2021,OSU,OH,AGL,CE,Federal Contract Tower,0,33,26,0,59,0,115,144,0,259,0,148,170,0,318,160,0,160,478
09/10/2021,OSU,OH,AGL,CE,Federal Contract Tower,0,26,27,0,53,0,121,150,0,271,0,147,177,0,324,294,0,294,618
09/11/2021,OSU,OH,AGL,CE,Federal Contract Tower,0,32,30,0,62,0,22,114,0,136,0,54,144,0,198,40,0,40,238
09/12/2021,OSU,OH,AGL,CE,Federal Contract Tower,0,12,21,0,33,0,0,76,0,76,0,12,97,0,109,6,0,6,115
09/13/2021,OSU,OH,AGL,CE,Federal Contract Tower,0,37,25,0,62,0,108,148,0,256,0,145,173,0,318,260,0,260,578
09/14/2021,OSU,OH,AGL,CE,Federal Contract Tower,0,20,24,0,44,0,46,91,0,137,0,66,115,0,181,52,0,52,233
09/15/2021,OSU,OH,AGL,CE,Federal Contract Tower,0,17,25,0,42,0,0,25,0,25,0,17,50,0,67,46,0,46,113
09/16/2021,OSU,OH,AGL,CE,Federal Contract Tower,0,31,27,0,58,0,128,135,0,263,0,159,162,0,321,454,0,454,775
09/17/2021,OSU,OH,AGL,CE,Federal Contract Tower,0,32,18,0,50,0,100,124,0,224,0,132,142,0,274,414,0,414,688
09/18/2021,OSU,OH,AGL,CE,Federal Contract Tower,0,12,22,0,34,0,10,94,0,104,0,22,116,0,138,138,0,138,276
09/19/2021,OSU,OH,AGL,CE,Federal Contract Tower,0,21,30,0,51,0,36,131,0,167,0,57,161,0,218,60,0,60,278
09/20/2021,OSU,OH,AGL,CE,Federal Contract Tower,0,16,14,0,30,0,32,84,0,116,0,48,98,0,146,122,0,122,268
09/21/2021,OSU,OH,AGL,CE,Federal Contract Tower,0,17,21,0,38,0,0,12,0,12,0,17,33,0,50,8,0,8,58
09/22/2021,OSU,OH,AGL,CE,Federal Contract Tower,0,11,11,0,22,0,0,0,0,0,0,11,11,0,22,0,0,0,22
09/23/2021,OSU,OH,AGL,CE,Federal Contract Tower,0,16,35,0,51,0,4,30,0,34,0,20,65,0,85,0,0,0,85
09/24/2021,OSU,OH,AGL,CE,Federal Contract Tower,0,44,29,0,73,0,132,149,0,281,0,176,178,0,354,228,0,228,582
09/25/2021,OSU,OH,AGL,CE,Federal Contract Tower,0,11,10,0,21,0,10,58,0,68,0,21,68,0,89,130,0,130,219
09/26/2021,OSU,OH,AGL,CE,Federal Contract Tower,0,30,21,0,51,0,31,130,0,161,0,61,151,0,212,101,0,101,313
09/27/2021,OSU,OH,AGL,CE,Federal Contract Tower,0,12,16,0,28,0,3,49,0,52,0,15,65,0,80,8,0,8,88
09/28/2021,OSU,OH,AGL,CE,Federal Contract Tower,0,35,27,0,62,0,98,146,0,244,0,133,173,0,306,380,0,380,686
09/29/2021,OSU,OH,AGL,CE,Federal Contract Tower,0,26,30,0,56,0,120,160,0,280,0,146,190,0,336,314,0,314,650
09/30/2021,OSU,OH,AGL,CE,Federal Contract Tower,0,35,22,0,57,0,117,160,0,277,0,152,182,0,334,320,0,320,654
10/01/2021,OSU,OH,AGL,CE,Federal Contract Tower,0,31,17,0,48,0,130,167,0,297,0,161,184,0,345,448,0,448,793
10/02/2021,OSU,OH,AGL,CE,Federal Contract Tower,0,24,20,0,44,0,43,125,0,168,0,67,145,0,212,174,0,174,386
10/03/2021,OSU,OH,AGL,CE,Federal Contract Tower,0,23,20,0,43,0,0,5,0,5,0,23,25,0,48,12,0,12,60
10/04/2021,OSU,OH,AGL,CE,Federal Contract Tower,0,25,13,0,38,0,15,26,0,41,0,40,39,0,79,114,0,114,193
10/05/2021,OSU,OH,AGL,CE,Federal Contract Tower,0,23,24,0,47,0,34,73,0,107,0,57,97,0,154,202,0,202,356
10/06/2021,OSU,OH,AGL,CE,Federal Contract Tower,0,35,24,0,59,0,39,43,1,83,0,74,67,1,142,172,0,172,314
10/07/2021,OSU,OH,AGL,CE,Federal Contract Tower,0,22,27,0,49,0,3,37,6,46,0,25,64,6,95,152,0,152,247
10/08/2021,OSU,OH,AGL,CE,Federal Contract Tower,0,42,25,0,67,0,5,52,0,57,0,47,77,0,124,198,0,198,322
10/09/2021,OSU,OH,AGL,CE,Federal Contract Tower,0,15,27,0,42,0,0,63,0,63,0,15,90,0,105,50,0,50,155
10/10/2021,OSU,OH,AGL,CE,Federal Contract Tower,0,12,16,0,28,0,34,96,0,130,0,46,112,0,158,122,0,122,280
10/11/2021,OSU,OH,AGL,CE,Federal Contract Tower,0,35,17,0,52,0,117,115,0,232,0,152,132,0,284,128,0,128,412
10/12/2021,OSU,OH,AGL,CE,Federal Contract Tower,0,23,19,0,42,0,21,49,21,91,0,44,68,21,133,28,0,28,161
10/13/2021,OSU,OH,AGL,CE,Federal Contract Tower,0,27,35,0,62,0,79,137,0,216,0,106,172,0,278,378,0,378,656
10/14/2021,OSU,OH,AGL,CE,Federal Contract Tower,0,32,34,0,66,0,71,107,0,178,0,103,141,0,244,180,0,180,424
10/15/2021,OSU,OH,AGL,CE,Federal Contract Tower,0,23,27,0,50,0,25,42,0,67,0,48,69,0,117,98,0,98,215
10/16/2021,OSU,OH,AGL,CE,Federal Contract Tower,0,6,13,0,19,0,2,48,0,50,0,8,61,0,69,26,0,26,95
10/17/2021,OSU,OH,AGL,CE,Federal Contract Tower,0,13,21,0,34,0,6,60,0,66,0,19,81,0,100,0,0,0,100
10/18/2021,OSU,OH,AGL,CE,Federal Contract Tower,0,26,24,0,50,0,110,128,0,238,0,136,152,0,288,334,0,334,622
10/19/2021,OSU,OH,AGL,CE,Federal Contract Tower,0,36,28,0,64,0,113,103,0,216,0,149,131,0,280,288,0,288,568
10/20/2021,OSU,OH,AGL,CE,Federal Contract Tower,0,37,33,0,70,0,154,160,0,314,0,191,193,0,384,173,0,173,557
10/21/2021,OSU,OH,AGL,CE,Federal Contract Tower,0,14,31,0,45,0,5,16,0,21,0,19,47,0,66,14,0,14,80
10/22/2021,OSU,OH,AGL,CE,Federal Contract Tower,0,24,21,0,45,0,3,20,0,23,0,27,41,0,68,82,0,82,150
10/23/2021,OSU,OH,AGL,CE,Federal Contract Tower,0,12,24,0,36,0,4,56,0,60,0,16,80,0,96,68,0,68,164
10/24/2021,OSU,OH,AGL,CE,Federal Contract Tower,0,8,17,0,25,0,0,1,0,1,0,8,18,0,26,0,0,0,26
10/25/2021,OSU,OH,AGL,CE,Federal Contract Tower,0,8,14,0,22,0,0,10,0,10,0,8,24,0,32,12,0,12,44
10/26/2021,OSU,OH,AGL,CE,Federal Contract Tower,0,17,10,0,27,0,10,35,0,45,0,27,45,0,72,32,0,32,104
10/27/2021,OSU,OH,AGL,CE,Federal Contract Tower,0,29,28,0,57,0,6,36,0,42,0,35,64,0,99,328,0,328,427
10/28/2021,OSU,OH,AGL,CE,Federal Contract Tower,0,27,23,0,50,0,60,74,0,134,0,87,97,0,184,195,0,195,379
10/29/2021,OSU,OH,AGL,CE,Federal Contract Tower,0,24,20,0,44,0,0,0,0,0,0,24,20,0,44,0,0,0,44
10/30/2021,OSU,OH,AGL,CE,Federal Contract Tower,0,20,31,0,51,0,0,3,0,3,0,20,34,0,54,16,0,16,70
10/31/2021,OSU,OH,AGL,CE,Federal Contract Tower,0,11,24,0,35,0,10,69,0,79,0,21,93,0,114,34,0,34,148
11/01/2021,OSU,OH,AGL,CE,Federal Contract Tower,0,26,21,0,47,0,101,120,0,221,0,127,141,0,268,234,0,234,502
11/02/2021,OSU,OH,AGL,CE,Federal Contract Tower,0,26,23,0,49,0,77,95,0,172,0,103,118,0,221,263,0,263,484
11/03/2021,OSU,OH,AGL,CE,Federal Contract Tower,0,15,16,0,31,0,43,71,0,114,0,58,87,0,145,240,0,240,385
11/04/2021,OSU,OH,AGL,CE,Federal Contract Tower,0,24,26,0,50,0,93,101,0,194,0,117,127,0,244,334,0,334,578
11/05/2021,OSU,OH,AGL,CE,Federal Contract Tower,0,17,35,0,52,0,76,87,2,165,0,93,122,2,217,146,0,146,363
11/06/2021,OSU,OH,AGL,CE,Federal Contract Tower,0,11,11,0,22,0,32,123,0,155,0,43,134,0,177,132,0,132,309
11/07/2021,OSU,OH,AGL,CE,Federal Contract Tower,0,12,18,0,30,0,46,123,0,169,0,58,141,0,199,168,0,168,367
11/08/2021,OSU,OH,AGL,CE,Federal Contract Tower,0,26,19,0,45,0,107,87,0,194,0,133,106,0,239,170,0,170,409
11/09/2021,OSU,OH,AGL,CE,Federal Contract Tower,0,28,18,0,46,0,105,77,0,182,0,133,95,0,228,312,0,312,540
11/10/2021,OSU,OH,AGL,CE,Federal Contract Tower,0,40,24,0,64,0,81,65,0,146,0,121,89,0,210,220,0,220,430
11/11/2021,OSU,OH,AGL,CE,Federal Contract Tower,0,13,17,0,30,0,0,10,0,10,0,13,27,0,40,0,0,0,40
11/12/2021,OSU,OH,AGL,CE,Federal Contract Tower,0,15,16,0,31,0,0,21,0,21,0,15,37,0,52,0,0,0,52
11/13/2021,OSU,OH,AGL,CE,Federal Contract Tower,0,9,10,0,19,0,0,9,0,9,0,9,19,0,28,8,0,8,36
11/14/2021,OSU,OH,AGL,CE,Federal Contract Tower,0,10,13,0,23,0,0,0,0,0,0,10,13,0,23,0,0,0,23
11/15/2021,OSU,OH,AGL,CE,Federal Contract Tower,0,11,15,0,26,0,51,64,0,115,0,62,79,0,141,236,0,236,377
11/16/2021,OSU,OH,AGL,CE,Federal Contract Tower,0,27,17,0,44,0,132,108,0,240,0,159,125,0,284,352,0,352,636
11/17/2021,OSU,OH,AGL,CE,Federal Contract Tower,0,10,15,0,25,0,2,32,0,34,0,12,47,0,59,26,0,26,85
11/18/2021,OSU,OH,AGL,CE,Federal Contract Tower,0,20,19,0,39,0,9,28,0,37,0,29,47,0,76,40,0,40,116
11/19/2021,OSU,OH,AGL,CE,Federal Contract Tower,0,24,27,0,51,0,112,133,0,245,0,136,160,0,296,296,0,296,592
11/20/2021,OSU,OH,AGL,CE,Federal Contract Tower,0,33,30,0,63,0,19,87,0,106,0,52,117,0,169,44,0,44,213
11/21/2021,OSU,OH,AGL,CE,Federal Contract Tower,0,7,13,0,20,0,0,7,0,7,0,7,20,0,27,10,0,10,37
11/22/2021,OSU,OH,AGL,CE,Federal Contract Tower,0,21,23,0,44,0,67,71,0,138,0,88,94,0,182,168,0,168,350
11/23/2021,OSU,OH,AGL,CE,Federal Contract Tower,0,31,25,0,56,0,92,137,0,229,0,123,162,0,285,236,0,236,521
11/24/2021,OSU,OH,AGL,CE,Federal Contract Tower,0,31,20,0,51,0,26,104,0,130,0,57,124,0,181,36,0,36,217
11/25/2021,OSU,OH,AGL,CE,Federal Contract Tower,0,8,6,0,14,0,0,2,0,2,0,8,8,0,16,14,0,14,30
11/26/2021,OSU,OH,AGL,CE,Federal Contract Tower,0,7,7,0,14,0,0,18,0,18,0,7,25,0,32,12,0,12,44
11/27/2021,OSU,OH,AGL,CE,Federal Contract Tower,0,14,11,0,25,0,2,55,0,57,0,16,66,0,82,4,0,4,86
11/28/2021,OSU,OH,AGL,CE,Federal Contract Tower,0,16,14,0,30,0,1,42,0,43,0,17,56,0,73,76,0,76,149
11/29/2021,OSU,OH,AGL,CE,Federal Contract Tower,0,28,19,0,47,0,91,113,0,204,0,119,132,0,251,204,0,204,455
11/30/2021,OSU,OH,AGL,CE,Federal Contract Tower,0,29,23,0,52,0,87,88,0,175,0,116,111,0,227,204,0,204,431
12/01/2021,OSU,OH,AGL,CE,Federal Contract Tower,0,22,21,0,43,0,15,48,0,63,0,37,69,0,106,64,0,64,170
12/02/2021,OSU,OH,AGL,CE,Federal Contract Tower,0,14,13,0,27,0,8,42,0,50,0,22,55,0,77,0,0,0,77
12/03/2021,OSU,OH,AGL,CE,Federal Contract Tower,0,16,18,0,34,0,103,118,0,221,0,119,136,0,255,306,0,306,561
12/04/2021,OSU,OH,AGL,CE,Federal Contract Tower,0,16,13,0,29,0,38,102,0,140,0,54,115,0,169,144,0,144,313
12/05/2021,OSU,OH,AGL,CE,Federal Contract Tower,0,10,12,0,22,0,7,35,0,42,0,17,47,0,64,4,0,4,68
12/06/2021,OSU,OH,AGL,CE,Federal Contract Tower,0,13,5,0,18,0,0,10,0,10,0,13,15,0,28,0,0,0,28
12/07/2021,OSU,OH,AGL,CE,Federal Contract Tower,0,19,14,0,33,0,69,87,0,156,0,88,101,0,189,186,0,186,375
12/08/2021,OSU,OH,AGL,CE,Federal Contract Tower,0,18,23,0,41,0,5,68,0,73,0,23,91,0,114,34,0,34,148
12/09/2021,OSU,OH,AGL,CE,Federal Contract Tower,0,30,25,0,55,0,48,66,0,114,0,78,91,0,169,60,0,60,229
12/10/2021,OSU,OH,AGL,CE,Federal Contract Tower,0,19,12,0,31,0,1,17,0,18,0,20,29,0,49,112,0,112,161
12/11/2021,OSU,OH,AGL,CE,Federal Contract Tower,0,5,5,0,10,0,1,4,0,5,0,6,9,0,15,0,0,0,15
12/12/2021,OSU,OH,AGL,CE,Federal Contract Tower,0,21,15,0,36,0,42,99,0,141,0,63,114,0,177,62,0,62,239
12/13/2021,OSU,OH,AGL,CE,Federal Contract Tower,0,13,13,0,26,0,49,85,0,134,0,62,98,0,160,88,0,88,248
12/14/2021,OSU,OH,AGL,CE,Federal Contract Tower,0,28,15,0,43,0,71,107,0,178,0,99,122,0,221,170,0,170,391
12/15/2021,OSU,OH,AGL,CE,Federal Contract Tower,0,17,24,0,41,0,7,70,0,77,0,24,94,0,118,38,0,38,156
12/16/2021,OSU,OH,AGL,CE,Federal Contract Tower,0,12,18,0,30,0,0,5,0,5,0,12,23,0,35,0,0,0,35
12/17/2021,OSU,OH,AGL,CE,Federal Contract Tower,0,21,19,0,40,0,21,65,0,86,0,42,84,0,126,28,0,28,154
12/18/2021,OSU,OH,AGL,CE,Federal Contract Tower,0,10,4,0,14,0,0,0,0,0,0,10,4,0,14,0,0,0,14
12/19/2021,OSU,OH,AGL,CE,Federal Contract Tower,0,10,15,0,25,0,6,47,0,53,0,16,62,0,78,30,0,30,108
12/20/2021,OSU,OH,AGL,CE,Federal Contract Tower,0,21,15,0,36,0,52,108,0,160,0,73,123,0,196,72,0,72,268
12/21/2021,OSU,OH,AGL,CE,Federal Contract Tower,0,19,21,0,40,0,33,87,0,120,0,52,108,0,160,94,0,94,254
12/22/2021,OSU,OH,AGL,CE,Federal Contract Tower,0,19,25,0,44,0,20,110,0,130,0,39,135,0,174,44,0,44,218
12/23/2021,OSU,OH,AGL,CE,Federal Contract Tower,0,14,22,0,36,0,1,62,0,63,0,15,84,0,99,4,0,4,103
12/24/2021,OSU,OH,AGL,CE,Federal Contract Tower,0,6,9,0,15,0,0,24,0,24,0,6,33,0,39,12,0,12,51
12/25/2021,OSU,OH,AGL,CE,Federal Contract Tower,0,1,2,0,3,0,0,0,0,0,0,1,2,0,3,0,0,0,3
12/26/2021,OSU,OH,AGL,CE,Federal Contract Tower,0,10,17,0,27,0,1,87,0,88,0,11,104,0,115,58,0,58,173
12/27/2021,OSU,OH,AGL,CE,Federal Contract Tower,0,14,13,0,27,0,0,2,0,2,0,14,15,0,29,0,0,0,29
12/28/2021,OSU,OH,AGL,CE,Federal Contract Tower,0,23,8,0,31,0,0,24,0,24,0,23,32,0,55,30,0,30,85
12/29/2021,OSU,OH,AGL,CE,Federal Contract Tower,0,10,7,0,17,0,0,1,0,1,0,10,8,0,18,0,0,0,18
12/30/2021,OSU,OH,AGL,CE,Federal Contract Tower,0,19,5,0,24,0,0,0,0,0,0,19,5,0,24,0,0,0,24
12/31/2021,OSU,OH,AGL,CE,Federal Contract Tower,0,13,7,0,20,0,0,19,0,19,0,13,26,0,39,50,0,50,89
01/01/2022,OSU,OH,AGL,CE,Federal Contract Tower,0,5,2,0,7,0,0,0,0,0,0,5,2,0,7,0,0,0,7
01/02/2022,OSU,OH,AGL,CE,Federal Contract Tower,0,11,16,0,27,0,0,2,0,2,0,11,18,0,29,2,0,2,31
01/03/2022,OSU,OH,AGL,CE,Federal Contract Tower,0,17,5,0,22,0,40,90,0,130,0,57,95,0,152,164,0,164,316
01/04/2022,OSU,OH,AGL,CE,Federal Contract Tower,0,11,14,0,25,0,28,86,4,118,0,39,100,4,143,70,0,70,213
01/05/2022,OSU,OH,AGL,CE,Federal Contract Tower,0,20,11,0,31,0,0,21,5,26,0,20,32,5,57,0,0,0,57
01/06/2022,OSU,OH,AGL,CE,Federal Contract Tower,0,10,10,0,20,0,9,36,0,45,0,19,46,0,65,56,0,56,121
01/07/2022,OSU,OH,AGL,CE,Federal Contract Tower,0,9,4,0,13,0,9,29,1,39,0,18,33,1,52,72,0,72,124
01/08/2022,OSU,OH,AGL,CE,Federal Contract Tower,0,3,13,0,16,0,10,74,0,84,0,13,87,0,100,16,0,16,116
01/09/2022,OSU,OH,AGL,CE,Federal Contract Tower,0,2,4,0,6,0,0,8,0,8,0,2,12,0,14,0,0,0,14
01/10/2022,OSU,OH,AGL,CE,Federal Contract Tower,0,8,13,0,21,0,6,31,0,37,0,14,44,0,58,0,0,0,58
01/11/2022,OSU,OH,AGL,CE,Federal Contract Tower,0,11,16,0,27,0,82,86,0,168,0,93,102,0,195,90,0,90,285
01/12/2022,OSU,OH,AGL,CE,Federal Contract Tower,0,20,12,0,32,0,62,82,0,144,0,82,94,0,176,120,0,120,296
01/13/2022,OSU,OH,AGL,CE,Federal Contract Tower,0,17,9,0,26,0,79,82,0,161,0,96,91,0,187,164,0,164,351
01/14/2022,OSU,OH,AGL,CE,Federal Contract Tower,0,8,8,0,16,0,0,5,0,5,0,8,13,0,21,46,0,46,67
01/15/2022,OSU,OH,AGL,CE,Federal Contract Tower,0,6,12,0,18,0,29,78,0,107,0,35,90,0,125,104,0,104,229
01/16/2022,OSU,OH,AGL,CE,Federal Contract Tower,0,3,8,0,11,0,16,54,0,70,0,19,62,0,81,32,0,32,113
01/17/2022,OSU,OH,AGL,CE,Federal Contract Tower,0,3,8,0,11,0,0,0,0,0,0,3,8,0,11,0,0,0,11
01/18/2022,OSU,OH,AGL,CE,Federal Contract Tower,0,15,12,0,27,0,18,59,0,77,0,33,71,0,104,20,0,20,124
01/19/2022,OSU,OH,AGL,CE,Federal Contract Tower,0,9,11,0,20,0,22,54,0,76,0,31,65,0,96,66,0,66,162
01/20/2022,OSU,OH,AGL,CE,Federal Contract Tower,0,21,20,0,41,0,36,43,0,79,0,57,63,0,120,82,0,82,202
01/21/2022,OSU,OH,AGL,CE,Federal Contract Tower,0,11,8,0,19,0,71,59,0,130,0,82,67,0,149,246,0,246,395
01/22/2022,OSU,OH,AGL,CE,Federal Contract Tower,0,4,11,0,15,0,25,64,0,89,0,29,75,0,104,14,0,14,118
01/23/2022,OSU,OH,AGL,CE,Federal Contract Tower,0,1,6,0,7,0,0,1,0,1,0,1,7,0,8,0,0,0,8
01/24/2022,OSU,OH,AGL,CE,Federal Contract Tower,0,9,8,0,17,0,0,0,0,0,0,9,8,0,17,0,0,0,17
01/25/2022,OSU,OH,AGL,CE,Federal Contract Tower,0,19,8,0,27,0,12,48,0,60,0,31,56,0,87,165,0,165,252
01/26/2022,OSU,OH,AGL,CE,Federal Contract Tower,0,17,8,0,25,0,48,54,0,102,0,65,62,0,127,54,0,54,181
01/27/2022,OSU,OH,AGL,CE,Federal Contract Tower,0,23,9,0,32,0,24,42,0,66,0,47,51,0,98,88,0,88,186
01/28/2022,OSU,OH,AGL,CE,Federal Contract Tower,0,14,10,0,24,0,0,9,0,9,0,14,19,0,33,10,0,10,43
01/29/2022,OSU,OH,AGL,CE,Federal Contract Tower,0,12,11,0,23,0,39,98,0,137,0,51,109,0,160,56,0,56,216
01/30/2022,OSU,OH,AGL,CE,Federal Contract Tower,0,14,10,0,24,0,41,79,5,125,0,55,89,5,149,42,0,42,191
01/31/2022,OSU,OH,AGL,CE,Federal Contract Tower,0,10,21,0,31,0,54,79,9,142,0,64,100,9,173,104,0,104,277
02/01/2022,OSU,OH,AGL,CE,Federal Contract Tower,0,9,13,0,22,0,37,96,8,141,0,46,109,8,163,62,0,62,225
02/02/2022,OSU,OH,AGL,CE,Federal Contract Tower,0,8,19,0,27,0,0,1,0,1,0,8,20,0,28,12,0,12,40
02/03/2022,OSU,OH,AGL,CE,Federal Contract Tower,0,0,0,0,0,0,0,0,0,0,0,0,0,0,0,0,0,0,0
02/04/2022,OSU,OH,AGL,CE,Federal Contract Tower,0,6,1,0,7,0,0,4,0,4,0,6,5,0,11,0,0,0,11
02/05/2022,OSU,OH,AGL,CE,Federal Contract Tower,0,8,9,0,17,0,0,29,0,29,0,8,38,0,46,4,0,4,50
02/06/2022,OSU,OH,AGL,CE,Federal Contract Tower,0,1,13,0,14,0,5,88,0,93,0,6,101,0,107,26,0,26,133
02/07/2022,OSU,OH,AGL,CE,Federal Contract Tower,0,10,11,0,21,0,36,77,0,113,0,46,88,0,134,140,0,140,274
02/08/2022,OSU,OH,AGL,CE,Federal Contract Tower,0,17,23,0,40,0,58,109,0,167,0,75,132,0,207,112,0,112,319
02/09/2022,OSU,OH,AGL,CE,Federal Contract Tower,0,14,15,0,29,0,12,55,0,67,0,26,70,0,96,34,0,34,130
02/10/2022,OSU,OH,AGL,CE,Federal Contract Tower,0,19,22,0,41,0,47,72,0,119,0,66,94,0,160,154,0,154,314
02/11/2022,OSU,OH,AGL,CE,Federal Contract Tower,0,17,11,0,28,0,0,21,0,21,0,17,32,0,49,6,0,6,55
02/12/2022,OSU,OH,AGL,CE,Federal Contract Tower,0,3,8,0,11,0,0,32,0,32,0,3,40,0,43,26,0,26,69
02/13/2022,OSU,OH,AGL,CE,Federal Contract Tower,0,16,11,0,27,0,2,25,0,27,0,18,36,0,54,52,0,52,106
02/14/2022,OSU,OH,AGL,CE,Federal Contract Tower,0,16,14,0,30,0,38,87,0,125,0,54,101,0,155,124,0,124,279
02/15/2022,OSU,OH,AGL,CE,Federal Contract Tower,0,33,22,0,55,0,77,139,0,216,0,110,161,0,271,182,0,182,453
02/16/2022,OSU,OH,AGL,CE,Federal Contract Tower,0,10,19,0,29,0,0,25,0,25,0,10,44,0,54,0,0,0,54
02/17/2022,OSU,OH,AGL,CE,Federal Contract Tower,0,15,17,0,32,0,0,0,0,0,0,15,17,0,32,0,0,0,32
02/18/2022,OSU,OH,AGL,CE,Federal Contract Tower,0,17,18,0,35,0,25,77,0,102,0,42,95,0,137,46,0,46,183
02/19/2022,OSU,OH,AGL,CE,Federal Contract Tower,0,8,8,0,16,0,7,35,0,42,0,15,43,0,58,14,0,14,72
02/20/2022,OSU,OH,AGL,CE,Federal Contract Tower,0,10,4,0,14,0,11,48,0,59,0,21,52,0,73,0,0,0,73
02/21/2022,OSU,OH,AGL,CE,Federal Contract Tower,0,31,21,0,52,0,89,141,0,230,0,120,162,0,282,176,0,176,458
02/22/2022,OSU,OH,AGL,CE,Federal Contract Tower,0,17,14,0,31,0,0,2,0,2,0,17,16,0,33,0,0,0,33
02/23/2022,OSU,OH,AGL,CE,Federal Contract Tower,0,25,14,0,39,0,21,39,0,60,0,46,53,0,99,158,0,158,257
02/24/2022,OSU,OH,AGL,CE,Federal Contract Tower,0,13,13,0,26,0,25,32,0,57,0,38,45,0,83,154,0,154,237
02/25/2022,OSU,OH,AGL,CE,Federal Contract Tower,0,11,16,0,27,0,4,30,0,34,0,15,46,0,61,60,0,60,121
02/26/2022,OSU,OH,AGL,CE,Federal Contract Tower,0,17,4,0,21,0,35,111,0,146,0,52,115,0,167,146,0,146,313
02/27/2022,OSU,OH,AGL,CE,Federal Contract Tower,0,10,6,0,16,0,50,133,0,183,0,60,139,0,199,128,0,128,327
02/28/2022,OSU,OH,AGL,CE,Federal Contract Tower,0,12,22,0,34,0,84,148,0,232,0,96,170,0,266,150,0,150,416
03/01/2022,OSU,OH,AGL,CE,Federal Contract Tower,0,23,19,0,42,0,42,86,0,128,0,65,105,0,170,166,0,166,336
03/02/2022,OSU,OH,AGL,CE,Federal Contract Tower,0,8,28,0,36,0,71,120,2,193,0,79,148,2,229,122,0,122,351
03/03/2022,OSU,OH,AGL,CE,Federal Contract Tower,0,10,15,0,25,0,52,73,0,125,0,62,88,0,150,78,0,78,228
03/04/2022,OSU,OH,AGL,CE,Federal Contract Tower,0,25,28,0,53,0,59,144,0,203,0,84,172,0,256,112,0,112,368
03/05/2022,OSU,OH,AGL,CE,Federal Contract Tower,0,4,15,0,19,0,26,56,0,82,0,30,71,0,101,98,0,98,199
03/06/2022,OSU,OH,AGL,CE,Federal Contract Tower,0,8,13,0,21,0,0,6,0,6,0,8,19,0,27,4,0,4,31
03/07/2022,OSU,OH,AGL,CE,Federal Contract Tower,0,13,6,0,19,0,0,0,0,0,0,13,6,0,19,0,0,0,19
03/08/2022,OSU,OH,AGL,CE,Federal Contract Tower,0,16,25,0,41,0,53,96,0,149,0,69,121,0,190,179,0,179,369
03/09/2022,OSU,OH,AGL,CE,Federal Contract Tower,0,20,19,0,39,0,19,56,0,75,0,39,75,0,114,60,0,60,174
03/10/2022,OSU,OH,AGL,CE,Federal Contract Tower,0,26,25,0,51,0,75,141,0,216,0,101,166,0,267,172,0,172,439
03/11/2022,OSU,OH,AGL,CE,Federal Contract Tower,0,10,15,0,25,0,33,49,0,82,0,43,64,0,107,92,0,92,199
03/12/2022,OSU,OH,AGL,CE,Federal Contract Tower,0,4,6,0,10,0,0,17,0,17,0,4,23,0,27,10,0,10,37
03/13/2022,OSU,OH,AGL,CE,Federal Contract Tower,0,20,12,0,32,0,2,26,0,28,0,22,38,0,60,10,0,10,70
03/14/2022,OSU,OH,AGL,CE,Federal Contract Tower,0,15,15,0,30,0,47,67,0,114,0,62,82,0,144,62,0,62,206
03/15/2022,OSU,OH,AGL,CE,Federal Contract Tower,0,20,17,0,37,0,68,102,0,170,0,88,119,0,207,228,0,228,435
03/16/2022,OSU,OH,AGL,CE,Federal Contract Tower,0,24,21,0,45,0,63,131,2,196,0,87,152,2,241,186,0,186,427
03/17/2022,OSU,OH,AGL,CE,Federal Contract Tower,0,29,18,0,47,0,51,129,0,180,0,80,147,0,227,144,0,144,371
03/18/2022,OSU,OH,AGL,CE,Federal Contract Tower,0,13,15,0,28,0,18,59,0,77,0,31,74,0,105,102,0,102,207
03/19/2022,OSU,OH,AGL,CE,Federal Contract Tower,0,10,5,0,15,0,0,4,0,4,0,10,9,0,19,0,0,0,19
03/20/2022,OSU,OH,AGL,CE,Federal Contract Tower,0,11,28,0,39,0,14,61,0,75,0,25,89,0,114,52,0,52,166
03/21/2022,OSU,OH,AGL,CE,Federal Contract Tower,0,17,18,0,35,0,113,118,0,231,0,130,136,0,266,386,0,386,652
03/22/2022,OSU,OH,AGL,CE,Federal Contract Tower,0,18,19,0,37,0,14,52,0,66,0,32,71,0,103,116,0,116,219
03/23/2022,OSU,OH,AGL,CE,Federal Contract Tower,0,20,19,0,39,0,0,20,0,20,0,20,39,0,59,20,0,20,79
03/24/2022,OSU,OH,AGL,CE,Federal Contract Tower,0,19,19,0,38,0,35,52,0,87,0,54,71,0,125,168,0,168,293
03/25/2022,OSU,OH,AGL,CE,Federal Contract Tower,0,28,14,0,42,0,11,20,0,31,0,39,34,0,73,114,0,114,187
03/26/2022,OSU,OH,AGL,CE,Federal Contract Tower,0,7,9,0,16,0,2,6,0,8,0,9,15,0,24,16,0,16,40
03/27/2022,OSU,OH,AGL,CE,Federal Contract Tower,0,6,7,0,13,0,7,20,0,27,0,13,27,0,40,8,0,8,48
03/28/2022,OSU,OH,AGL,CE,Federal Contract Tower,0,21,16,0,37,0,54,59,0,113,0,75,75,0,150,128,0,128,278
03/29/2022,OSU,OH,AGL,CE,Federal Contract Tower,0,20,15,0,35,0,103,106,0,209,0,123,121,0,244,284,0,284,528
03/30/2022,OSU,OH,AGL,CE,Federal Contract Tower,0,21,8,0,29,0,0,23,0,23,0,21,31,0,52,0,0,0,52
03/31/2022,OSU,OH,AGL,CE,Federal Contract Tower,0,26,6,0,32,0,0,11,0,11,0,26,17,0,43,0,0,0,43
04/01/2022,OSU,OH,AGL,CE,Federal Contract Tower,0,33,10,0,43,0,32,34,0,66,0,65,44,0,109,32,0,32,141
04/02/2022,OSU,OH,AGL,CE,Federal Contract Tower,0,24,15,0,39,0,82,126,0,208,0,106,141,0,247,142,0,142,389
04/03/2022,OSU,OH,AGL,CE,Federal Contract Tower,0,19,25,0,44,0,34,70,0,104,0,53,95,0,148,80,0,80,228
04/04/2022,OSU,OH,AGL,CE,Federal Contract Tower,0,19,15,0,34,0,39,45,0,84,0,58,60,0,118,100,0,100,218
04/05/2022,OSU,OH,AGL,CE,Federal Contract Tower,0,28,12,0,40,0,51,39,0,90,0,79,51,0,130,160,0,160,290
04/06/2022,OSU,OH,AGL,CE,Federal Contract Tower,0,35,24,0,59,0,0,1,0,1,0,35,25,0,60,12,0,12,72
04/07/2022,OSU,OH,AGL,CE,Federal Contract Tower,0,23,28,0,51,0,70,69,0,139,0,93,97,0,190,292,0,292,482
04/08/2022,OSU,OH,AGL,CE,Federal Contract Tower,0,24,20,0,44,0,33,50,0,83,0,57,70,0,127,108,0,108,235
04/09/2022,OSU,OH,AGL,CE,Federal Contract Tower,0,12,4,0,16,0,0,1,0,1,0,12,5,0,17,0,0,0,17
04/10/2022,OSU,OH,AGL,CE,Federal Contract Tower,0,16,19,0,35,0,98,147,0,245,0,114,166,0,280,312,0,312,592
04/11/2022,OSU,OH,AGL,CE,Federal Contract Tower,0,15,18,0,33,0,0,9,0,9,0,15,27,0,42,0,0,0,42
04/12/2022,OSU,OH,AGL,CE,Federal Contract Tower,0,41,33,0,74,0,74,98,0,172,0,115,131,0,246,392,0,392,638
04/13/2022,OSU,OH,AGL,CE,Federal Contract Tower,0,20,16,0,36,0,0,21,0,21,0,20,37,0,57,12,0,12,69
04/14/2022,OSU,OH,AGL,CE,Federal Contract Tower,0,21,28,0,49,0,51,89,0,140,0,72,117,0,189,74,0,74,263
04/15/2022,OSU,OH,AGL,CE,Federal Contract Tower,0,15,11,0,26,0,0,53,0,53,0,15,64,0,79,0,0,0,79
04/16/2022,OSU,OH,AGL,CE,Federal Contract Tower,0,14,21,0,35,0,4,33,0,37,0,18,54,0,72,30,0,30,102
04/17/2022,OSU,OH,AGL,CE,Federal Contract Tower,0,16,8,0,24,0,40,96,0,136,0,56,104,0,160,82,0,82,242
04/18/2022,OSU,OH,AGL,CE,Federal Contract Tower,0,25,20,0,45,0,0,2,0,2,0,25,22,0,47,0,0,0,47
04/19/2022,OSU,OH,AGL,CE,Federal Contract Tower,0,23,20,0,43,0,34,27,0,61,0,57,47,0,104,50,0,50,154
04/20/2022,OSU,OH,AGL,CE,Federal Contract Tower,0,25,19,0,44,0,113,108,0,221,0,138,127,0,265,382,0,382,647
04/21/2022,OSU,OH,AGL,CE,Federal Contract Tower,0,27,20,0,47,0,19,18,0,37,0,46,38,0,84,128,0,128,212
04/22/2022,OSU,OH,AGL,CE,Federal Contract Tower,0,14,17,0,31,0,64,99,0,163,0,78,116,0,194,378,0,378,572
04/23/2022,OSU,OH,AGL,CE,Federal Contract Tower,0,27,19,0,46,0,41,117,0,158,0,68,136,0,204,148,0,148,352
04/24/2022,OSU,OH,AGL,CE,Federal Contract Tower,0,22,21,0,43,0,10,66,0,76,0,32,87,0,119,8,0,8,127
04/25/2022,OSU,OH,AGL,CE,Federal Contract Tower,0,12,25,0,37,0,27,16,0,43,0,39,41,0,80,56,0,56,136
04/26/2022,OSU,OH,AGL,CE,Federal Contract Tower,0,27,33,0,60,0,63,75,0,138,0,90,108,0,198,172,2,174,372
04/27/2022,OSU,OH,AGL,CE,Federal Contract Tower,0,31,16,0,47,0,111,98,0,209,0,142,114,0,256,424,0,424,680
04/28/2022,OSU,OH,AGL,CE,Federal Contract Tower,0,21,16,0,37,0,123,123,0,246,0,144,139,0,283,706,0,706,989
04/29/2022,OSU,OH,AGL,CE,Federal Contract Tower,0,28,18,0,46,0,145,144,0,289,0,173,162,0,335,668,0,668,1003
04/30/2022,OSU,OH,AGL,CE,Federal Contract Tower,0,8,6,0,14,0,62,71,0,133,0,70,77,0,147,638,0,638,785
05/01/2022,OSU,OH,AGL,CE,Federal Contract Tower,0,13,23,0,36,0,31,31,0,62,0,44,54,0,98,232,0,232,330
05/02/2022,OSU,OH,AGL,CE,Federal Contract Tower,0,22,25,0,47,0,139,121,0,260,0,161,146,0,307,642,0,642,949
05/03/2022,OSU,OH,AGL,CE,Federal Contract Tower,0,15,16,0,31,0,0,7,0,7,0,15,23,0,38,158,0,158,196
05/04/2022,OSU,OH,AGL,CE,Federal Contract Tower,0,41,34,0,75,0,8,19,0,27,0,49,53,0,102,150,0,150,252
05/05/2022,OSU,OH,AGL,CE,Federal Contract Tower,0,35,26,0,61,0,114,93,0,207,0,149,119,0,268,1120,0,1120,1388
05/06/2022,OSU,OH,AGL,CE,Federal Contract Tower,0,16,19,0,35,0,0,0,0,0,0,16,19,0,35,0,0,0,35
05/07/2022,OSU,OH,AGL,CE,Federal Contract Tower,0,17,26,0,43,0,82,62,0,144,0,99,88,0,187,724,0,724,911
05/08/2022,OSU,OH,AGL,CE,Federal Contract Tower,0,11,14,0,25,0,155,150,0,305,0,166,164,0,330,656,0,656,986
05/09/2022,OSU,OH,AGL,CE,Federal Contract Tower,0,20,19,0,39,0,8,98,0,106,0,28,117,0,145,28,0,28,173
05/10/2022,OSU,OH,AGL,CE,Federal Contract Tower,0,20,21,0,41,0,175,100,0,275,0,195,121,0,316,10,0,10,326
05/11/2022,OSU,OH,AGL,CE,Federal Contract Tower,0,19,24,0,43,0,74,103,0,177,0,93,127,0,220,846,0,846,1066
05/12/2022,OSU,OH,AGL,CE,Federal Contract Tower,0,15,25,0,40,0,118,75,1,194,0,133,100,1,234,814,0,814,1048
05/13/2022,OSU,OH,AGL,CE,Federal Contract Tower,0,22,20,0,42,0,152,78,0,230,0,174,98,0,272,720,0,720,992
05/14/2022,OSU,OH,AGL,CE,Federal Contract Tower,0,12,13,0,25,0,46,93,0,139,0,58,106,0,164,80,0,80,244
05/15/2022,OSU,OH,AGL,CE,Federal Contract Tower,0,19,26,0,45,0,47,116,0,163,0,66,142,0,208,42,0,42,250
05/16/2022,OSU,OH,AGL,CE,Federal Contract Tower,0,13,23,0,36,0,23,51,0,74,0,36,74,0,110,16,0,16,126
05/17/2022,OSU,OH,AGL,CE,Federal Contract Tower,0,23,20,0,43,0,44,104,1,149,0,67,124,1,192,110,0,110,302
05/18/2022,OSU,OH,AGL,CE,Federal Contract Tower,0,18,32,0,50,0,24,50,1,75,0,42,82,1,125,228,0,228,353
05/19/2022,OSU,OH,AGL,CE,Federal Contract Tower,0,25,31,0,56,0,31,99,0,130,0,56,130,0,186,62,0,62,248
05/20/2022,OSU,OH,AGL,CE,Federal Contract Tower,0,15,16,0,31,0,0,31,0,31,0,15,47,0,62,0,0,0,62
05/21/2022,OSU,OH,AGL,CE,Federal Contract Tower,0,9,7,0,16,0,5,45,0,50,0,14,52,0,66,12,0,12,78
05/22/2022,OSU,OH,AGL,CE,Federal Contract Tower,0,18,11,0,29,0,10,44,0,54,0,28,55,0,83,44,0,44,127
05/23/2022,OSU,OH,AGL,CE,Federal Contract Tower,0,21,25,0,46,0,89,119,0,208,0,110,144,0,254,198,0,198,452
05/24/2022,OSU,OH,AGL,CE,Federal Contract Tower,0,33,23,0,56,0,91,145,0,236,0,124,168,0,292,216,0,216,508
05/25/2022,OSU,OH,AGL,CE,Federal Contract Tower,0,21,25,0,46,0,59,86,0,145,0,80,111,0,191,100,0,100,291
05/26/2022,OSU,OH,AGL,CE,Federal Contract Tower,0,14,24,0,38,0,0,5,0,5,0,14,29,0,43,0,0,0,43
05/27/2022,OSU,OH,AGL,CE,Federal Contract Tower,0,20,17,0,37,0,11,9,0,20,0,31,26,0,57,16,0,16,73
05/28/2022,OSU,OH,AGL,CE,Federal Contract Tower,0,17,18,0,35,0,10,66,0,76,0,27,84,0,111,102,0,102,213
05/29/2022,OSU,OH,AGL,CE,Federal Contract Tower,0,24,15,0,39,0,26,80,0,106,0,50,95,0,145,54,0,54,199
05/30/2022,OSU,OH,AGL,CE,Federal Contract Tower,0,23,11,0,34,0,0,95,0,95,0,23,106,0,129,22,0,22,151
05/31/2022,OSU,OH,AGL,CE,Federal Contract Tower,0,36,30,0,66,0,70,120,0,190,0,106,150,0,256,68,0,68,324
06/01/2022,OSU,OH,AGL,CE,Federal Contract Tower,0,34,26,0,60,0,44,60,0,104,0,78,86,0,164,34,0,34,198
06/02/2022,OSU,OH,AGL,CE,Federal Contract Tower,0,25,13,2,40,0,14,42,0,56,0,39,55,2,96,42,0,42,138
06/03/2022,OSU,OH,AGL,CE,Federal Contract Tower,0,28,23,0,51,0,82,109,0,191,0,110,132,0,242,80,0,80,322
06/04/2022,OSU,OH,AGL,CE,Federal Contract Tower,0,34,10,0,44,0,77,116,0,193,0,111,126,0,237,158,0,158,395
06/05/2022,OSU,OH,AGL,CE,Federal Contract Tower,0,58,29,0,87,0,35,77,0,112,0,93,106,0,199,60,0,60,259
06/06/2022,OSU,OH,AGL,CE,Federal Contract Tower,0,26,16,0,42,0,4,41,0,45,0,30,57,0,87,30,0,30,117
06/07/2022,OSU,OH,AGL,CE,Federal Contract Tower,0,21,33,1,55,0,4,37,0,41,0,25,70,1,96,52,0,52,148
06/08/2022,OSU,OH,AGL,CE,Federal Contract Tower,0,17,26,0,43,0,57,75,0,132,0,74,101,0,175,266,0,266,441
06/09/2022,OSU,OH,AGL,CE,Federal Contract Tower,0,14,30,0,44,0,19,82,0,101,0,33,112,0,145,74,0,74,219
06/10/2022,OSU,OH,AGL,CE,Federal Contract Tower,0,21,17,0,38,0,62,110,0,172,0,83,127,0,210,188,0,188,398
06/11/2022,OSU,OH,AGL,CE,Federal Contract Tower,0,15,15,0,30,0,42,88,0,130,0,57,103,0,160,140,0,140,300
06/12/2022,OSU,OH,AGL,CE,Federal Contract Tower,0,8,20,0,28,0,10,26,0,36,0,18,46,0,64,98,0,98,162
06/13/2022,OSU,OH,AGL,CE,Federal Contract Tower,0,12,14,0,26,0,31,59,0,90,0,43,73,0,116,172,0,172,288
06/14/2022,OSU,OH,AGL,CE,Federal Contract Tower,0,18,22,0,40,0,12,82,0,94,0,30,104,0,134,88,0,88,222
06/15/2022,OSU,OH,AGL,CE,Federal Contract Tower,0,21,19,0,40,0,69,107,0,176,0,90,126,0,216,74,0,74,290
06/16/2022,OSU,OH,AGL,CE,Federal Contract Tower,0,17,14,0,31,0,35,71,0,106,0,52,85,0,137,2,0,2,139
06/17/2022,OSU,OH,AGL,CE,Federal Contract Tower,0,18,14,0,32,0,50,75,0,125,0,68,89,0,157,34,0,34,191
06/18/2022,OSU,OH,AGL,CE,Federal Contract Tower,0,18,10,0,28,0,8,59,0,67,0,26,69,0,95,0,0,0,95
06/19/2022,OSU,OH,AGL,CE,Federal Contract Tower,0,9,17,0,26,0,18,99,0,117,0,27,116,0,143,70,0,70,213
06/20/2022,OSU,OH,AGL,CE,Federal Contract Tower,0,9,17,0,26,0,4,86,0,90,0,13,103,0,116,68,0,68,184
06/21/2022,OSU,OH,AGL,CE,Federal Contract Tower,0,15,27,0,42,0,92,116,0,208,0,107,143,0,250,78,0,78,328
06/22/2022,OSU,OH,AGL,CE,Federal Contract Tower,0,15,31,0,46,0,51,68,0,119,0,66,99,0,165,132,0,132,297
06/23/2022,OSU,OH,AGL,CE,Federal Contract Tower,0,21,33,0,54,0,65,77,0,142,0,86,110,0,196,160,0,160,356
06/24/2022,OSU,OH,AGL,CE,Federal Contract Tower,0,29,21,0,50,0,47,84,0,131,0,76,105,0,181,70,0,70,251
06/25/2022,OSU,OH,AGL,CE,Federal Contract Tower,0,10,16,0,26,0,48,92,0,140,0,58,108,0,166,114,0,114,280
06/26/2022,OSU,OH,AGL,CE,Federal Contract Tower,0,13,21,0,34,0,6,25,0,31,0,19,46,0,65,4,0,4,69
06/27/2022,OSU,OH,AGL,CE,Federal Contract Tower,0,15,24,0,39,0,51,77,0,128,0,66,101,0,167,110,0,110,277
06/28/2022,OSU,OH,AGL,CE,Federal Contract Tower,0,25,31,0,56,0,77,128,0,205,0,102,159,0,261,228,0,228,489
06/29/2022,OSU,OH,AGL,CE,Federal Contract Tower,0,30,15,0,45,0,86,146,0,232,0,116,161,0,277,218,0,218,495
06/30/2022,OSU,OH,AGL,CE,Federal Contract Tower,0,28,24,0,52,0,73,110,0,183,0,101,134,0,235,56,0,56,291
07/01/2022,OSU,OH,AGL,CE,Federal Contract Tower,0,16,17,0,33,0,0,76,0,76,0,16,93,0,109,44,0,44,153
07/02/2022,OSU,OH,AGL,CE,Federal Contract Tower,0,10,14,0,24,0,1,55,0,56,0,11,69,0,80,0,0,0,80
07/03/2022,OSU,OH,AGL,CE,Federal Contract Tower,0,7,11,0,18,0,0,63,0,63,0,7,74,0,81,30,0,30,111
07/04/2022,OSU,OH,AGL,CE,Federal Contract Tower,0,5,4,0,9,0,0,95,0,95,0,5,99,0,104,30,0,30,134
07/05/2022,OSU,OH,AGL,CE,Federal Contract Tower,0,14,15,0,29,0,0,15,0,15,0,14,30,0,44,8,0,8,52
07/06/2022,OSU,OH,AGL,CE,Federal Contract Tower,0,12,17,0,29,0,0,19,0,19,0,12,36,0,48,28,0,28,76
07/07/2022,OSU,OH,AGL,CE,Federal Contract Tower,0,22,25,0,47,0,71,66,0,137,0,93,91,0,184,106,0,106,290
07/08/2022,OSU,OH,AGL,CE,Federal Contract Tower,0,13,12,0,25,0,1,16,0,17,0,14,28,0,42,40,0,40,82
07/09/2022,OSU,OH,AGL,CE,Federal Contract Tower,0,20,18,0,38,0,34,97,0,131,0,54,115,0,169,170,0,170,339
07/10/2022,OSU,OH,AGL,CE,Federal Contract Tower,0,22,21,0,43,0,38,101,1,140,0,60,122,1,183,100,0,100,283
07/11/2022,OSU,OH,AGL,CE,Federal Contract Tower,0,20,10,0,30,0,58,102,0,160,0,78,112,0,190,100,0,100,290
07/12/2022,OSU,OH,AGL,CE,Federal Contract Tower,0,21,21,0,42,0,22,72,4,98,0,43,93,4,140,192,0,192,332
07/13/2022,OSU,OH,AGL,CE,Federal Contract Tower,0,17,27,0,44,0,75,99,0,174,0,92,126,0,218,136,0,136,354
07/14/2022,OSU,OH,AGL,CE,Federal Contract Tower,0,22,37,0,59,0,65,85,0,150,0,87,122,0,209,300,0,300,509
07/15/2022,OSU,OH,AGL,CE,Federal Contract Tower,0,21,14,0,35,0,70,98,0,168,0,91,112,0,203,130,0,130,333
07/16/2022,OSU,OH,AGL,CE,Federal Contract Tower,0,11,11,0,22,0,5,39,0,44,0,16,50,0,66,52,0,52,118
07/17/2022,OSU,OH,AGL,CE,Federal Contract Tower,0,7,12,0,19,0,0,2,0,2,0,7,14,0,21,0,0,0,21
07/18/2022,OSU,OH,AGL,CE,Federal Contract Tower,0,11,24,0,35,0,0,36,0,36,0,11,60,0,71,98,0,98,169
07/19/2022,OSU,OH,AGL,CE,Federal Contract Tower,0,18,20,0,38,0,59,119,0,178,0,77,139,0,216,166,0,166,382
07/20/2022,OSU,OH,AGL,CE,Federal Contract Tower,0,11,28,0,39,0,23,63,0,86,0,34,91,0,125,70,0,70,195
07/21/2022,OSU,OH,AGL,CE,Federal Contract Tower,0,21,28,0,49,0,69,102,0,171,0,90,130,0,220,120,0,120,340
07/22/2022,OSU,OH,AGL,CE,Federal Contract Tower,0,20,27,0,47,0,49,97,0,146,0,69,124,0,193,62,0,62,255
07/23/2022,OSU,OH,AGL,CE,Federal Contract Tower,0,13,15,0,28,0,3,43,0,46,0,16,58,0,74,26,0,26,100
07/24/2022,OSU,OH,AGL,CE,Federal Contract Tower,0,11,17,0,28,0,18,61,0,79,0,29,78,0,107,22,0,22,129
07/25/2022,OSU,OH,AGL,CE,Federal Contract Tower,0,22,22,0,44,0,70,86,0,156,0,92,108,0,200,178,2,180,380
07/26/2022,OSU,OH,AGL,CE,Federal Contract Tower,0,22,31,0,53,0,42,76,0,118,0,64,107,0,171,152,0,152,323
07/27/2022,OSU,OH,AGL,CE,Federal Contract Tower,0,14,28,0,42,0,1,7,0,8,0,15,35,0,50,26,0,26,76
07/28/2022,OSU,OH,AGL,CE,Federal Contract Tower,0,22,34,0,56,0,24,64,0,88,0,46,98,0,144,112,0,112,256
07/29/2022,OSU,OH,AGL,CE,Federal Contract Tower,0,28,20,0,48,0,71,104,0,175,0,99,124,0,223,194,0,194,417
07/30/2022,OSU,OH,AGL,CE,Federal Contract Tower,0,10,14,0,24,0,33,95,0,128,0,43,109,0,152,86,0,86,238
07/31/2022,OSU,OH,AGL,CE,Federal Contract Tower,0,11,8,0,19,0,6,82,0,88,0,17,90,0,107,34,0,34,141
08/01/2022,OSU,OH,AGL,CE,Federal Contract Tower,0,11,16,0,27,0,0,16,0,16,0,11,32,0,43,0,0,0,43
08/02/2022,OSU,OH,AGL,CE,Federal Contract Tower,0,34,23,0,57,0,82,102,1,185,0,116,125,1,242,234,0,234,476
08/03/2022,OSU,OH,AGL,CE,Federal Contract Tower,0,24,18,0,42,0,40,86,2,128,0,64,104,2,170,70,0,70,240
08/04/2022,OSU,OH,AGL,CE,Federal Contract Tower,0,22,22,0,44,0,16,49,0,65,0,38,71,0,109,68,0,68,177
08/05/2022,OSU,OH,AGL,CE,Federal Contract Tower,0,19,15,0,34,0,2,35,0,37,0,21,50,0,71,27,0,27,98
08/06/2022,OSU,OH,AGL,CE,Federal Contract Tower,0,6,13,0,19,0,0,36,0,36,0,6,49,0,55,22,0,22,77
08/07/2022,OSU,OH,AGL,CE,Federal Contract Tower,0,8,18,0,26,0,0,52,0,52,0,8,70,0,78,36,0,36,114
08/08/2022,OSU,OH,AGL,CE,Federal Contract Tower,0,14,30,0,44,0,0,53,0,53,0,14,83,0,97,18,0,18,115
08/09/2022,OSU,OH,AGL,CE,Federal Contract Tower,0,13,21,0,34,0,0,35,0,35,0,13,56,0,69,144,0,144,213
08/10/2022,OSU,OH,AGL,CE,Federal Contract Tower,0,16,57,0,73,0,0,13,0,13,0,16,70,0,86,12,0,12,98
08/11/2022,OSU,OH,AGL,CE,Federal Contract Tower,0,19,18,0,37,0,24,132,0,156,0,43,150,0,193,106,4,110,303
08/12/2022,OSU,OH,AGL,CE,Federal Contract Tower,0,24,19,0,43,0,16,116,0,132,0,40,135,0,175,102,0,102,277
08/13/2022,OSU,OH,AGL,CE,Federal Contract Tower,0,4,17,0,21,0,60,89,0,149,0,64,106,0,170,212,0,212,382
08/14/2022,OSU,OH,AGL,CE,Federal Contract Tower,0,12,19,0,31,0,0,45,0,45,0,12,64,0,76,46,0,46,122
08/15/2022,OSU,OH,AGL,CE,Federal Contract Tower,0,13,23,0,36,0,13,89,0,102,0,26,112,0,138,4,0,4,142
08/16/2022,OSU,OH,AGL,CE,Federal Contract Tower,0,13,28,0,41,0,5,96,0,101,0,18,124,0,142,50,0,50,192
08/17/2022,OSU,OH,AGL,CE,Federal Contract Tower,0,20,28,0,48,0,22,116,0,138,0,42,144,0,186,76,0,76,262
08/18/2022,OSU,OH,AGL,CE,Federal Contract Tower,0,26,26,0,52,0,14,143,0,157,0,40,169,0,209,102,0,102,311
08/19/2022,OSU,OH,AGL,CE,Federal Contract Tower,0,18,25,0,43,0,9,115,0,124,0,27,140,0,167,106,0,106,273
08/20/2022,OSU,OH,AGL,CE,Federal Contract Tower,0,6,16,0,22,0,0,70,0,70,0,6,86,0,92,20,0,20,112
08/21/2022,OSU,OH,AGL,CE,Federal Contract Tower,0,18,22,0,40,0,0,1,0,1,0,18,23,0,41,0,0,0,41
08/22/2022,OSU,OH,AGL,CE,Federal Contract Tower,0,20,17,0,37,0,0,52,0,52,0,20,69,0,89,60,0,60,149
08/23/2022,OSU,OH,AGL,CE,Federal Contract Tower,0,20,24,0,44,0,6,110,0,116,0,26,134,0,160,144,0,144,304
08/24/2022,OSU,OH,AGL,CE,Federal Contract Tower,0,21,31,0,52,0,22,131,0,153,0,43,162,0,205,150,0,150,355
08/25/2022,OSU,OH,AGL,CE,Federal Contract Tower,0,14,32,0,46,0,50,112,0,162,0,64,144,0,208,110,0,110,318
08/26/2022,OSU,OH,AGL,CE,Federal Contract Tower,0,25,21,0,46,0,47,71,0,118,0,72,92,0,164,132,0,132,296
08/27/2022,OSU,OH,AGL,CE,Federal Contract Tower,0,14,13,0,27,0,52,110,0,162,0,66,123,0,189,72,0,72,261
08/28/2022,OSU,OH,AGL,CE,Federal Contract Tower,0,19,18,0,37,0,62,101,0,163,0,81,119,0,200,82,0,82,282
08/29/2022,OSU,OH,AGL,CE,Federal Contract Tower,0,14,8,0,22,0,0,39,0,39,0,14,47,0,61,34,0,34,95
08/30/2022,OSU,OH,AGL,CE,Federal Contract Tower,0,18,19,0,37,0,23,60,0,83,0,41,79,0,120,88,0,88,208
08/31/2022,OSU,OH,AGL,CE,Federal Contract Tower,0,24,13,0,37,0,120,130,0,250,0,144,143,0,287,134,0,134,421
09/01/2022,OSU,OH,AGL,CE,Federal Contract Tower,0,25,26,0,51,0,100,124,0,224,0,125,150,0,275,192,0,192,467
09/02/2022,OSU,OH,AGL,CE,Federal Contract Tower,0,31,26,0,57,0,83,100,0,183,0,114,126,0,240,132,0,132,372
09/03/2022,OSU,OH,AGL,CE,Federal Contract Tower,0,22,39,0,61,0,17,40,0,57,0,39,79,0,118,66,0,66,184
09/04/2022,OSU,OH,AGL,CE,Federal Contract Tower,0,21,26,0,47,0,0,8,0,8,0,21,34,0,55,0,0,0,55
09/05/2022,OSU,OH,AGL,CE,Federal Contract Tower,0,7,14,0,21,0,0,23,0,23,0,7,37,0,44,66,0,66,110
09/06/2022,OSU,OH,AGL,CE,Federal Contract Tower,0,28,21,0,49,0,40,60,0,100,0,68,81,0,149,216,0,216,365
09/07/2022,OSU,OH,AGL,CE,Federal Contract Tower,0,17,20,0,37,0,98,96,0,194,0,115,116,0,231,188,0,188,419
09/08/2022,OSU,OH,AGL,CE,Federal Contract Tower,0,31,19,0,50,0,98,85,0,183,0,129,104,0,233,276,0,276,509
09/09/2022,OSU,OH,AGL,CE,Federal Contract Tower,0,29,13,0,42,0,34,45,0,79,0,63,58,0,121,46,0,46,167
09/10/2022,OSU,OH,AGL,CE,Federal Contract Tower,0,11,12,0,23,0,54,111,0,165,0,65,123,0,188,78,0,78,266
09/11/2022,OSU,OH,AGL,CE,Federal Contract Tower,0,16,15,0,31,0,0,13,0,13,0,16,28,0,44,74,0,74,118
09/12/2022,OSU,OH,AGL,CE,Federal Contract Tower,0,24,24,0,48,0,28,56,0,84,0,52,80,0,132,122,0,122,254
09/13/2022,OSU,OH,AGL,CE,Federal Contract Tower,0,32,21,0,53,0,32,106,0,138,0,64,127,0,191,196,0,196,387
09/14/2022,OSU,OH,AGL,CE,Federal Contract Tower,0,28,29,0,57,0,35,90,0,125,0,63,119,0,182,296,0,296,478
09/16/2022,OSU,OH,AGL,CE,Federal Contract Tower,0,20,34,0,54,0,86,128,0,214,0,106,162,0,268,248,0,248,516
09/17/2022,OSU,OH,AGL,CE,Federal Contract Tower,0,13,18,0,31,0,36,105,0,141,0,49,123,0,172,86,0,86,258
09/18/2022,OSU,OH,AGL,CE,Federal Contract Tower,0,14,22,0,36,0,13,80,0,93,0,27,102,0,129,70,0,70,199
09/19/2022,OSU,OH,AGL,CE,Federal Contract Tower,0,15,22,0,37,0,61,76,0,137,0,76,98,0,174,257,0,257,431
09/20/2022,OSU,OH,AGL,CE,Federal Contract Tower,0,24,25,0,49,0,60,100,0,160,0,84,125,0,209,192,0,192,401
09/21/2022,OSU,OH,AGL,CE,Federal Contract Tower,0,20,19,1,40,0,32,73,0,105,0,52,92,1,145,40,0,40,185
09/22/2022,OSU,OH,AGL,CE,Federal Contract Tower,0,25,31,0,56,0,12,33,0,45,0,37,64,0,101,6,0,6,107
09/23/2022,OSU,OH,AGL,CE,Federal Contract Tower,0,33,14,0,47,0,112,125,0,237,0,145,139,0,284,170,0,170,454
09/24/2022,OSU,OH,AGL,CE,Federal Contract Tower,0,23,16,0,39,0,52,83,0,135,0,75,99,0,174,158,0,158,332
09/25/2022,OSU,OH,AGL,CE,Federal Contract Tower,0,22,22,0,44,0,0,28,0,28,0,22,50,0,72,0,0,0,72
09/26/2022,OSU,OH,AGL,CE,Federal Contract Tower,0,29,20,0,49,0,38,66,0,104,0,67,86,0,153,22,0,22,175
09/27/2022,OSU,OH,AGL,CE,Federal Contract Tower,0,27,23,0,50,0,52,84,0,136,0,79,107,0,186,100,0,100,286
09/28/2022,OSU,OH,AGL,CE,Federal Contract Tower,0,29,21,0,50,0,24,59,0,83,0,53,80,0,133,169,0,169,302
09/29/2022,OSU,OH,AGL,CE,Federal Contract Tower,0,34,38,0,72,0,67,97,0,164,0,101,135,0,236,176,0,176,412
09/30/2022,OSU,OH,AGL,CE,Federal Contract Tower,0,30,25,0,55,0,78,112,0,190,0,108,137,0,245,160,0,160,405
10/01/2022,OSU,OH,AGL,CE,Federal Contract Tower,0,19,21,0,40,0,14,35,0,49,0,33,56,0,89,8,0,8,97
10/02/2022,OSU,OH,AGL,CE,Federal Contract Tower,0,13,13,0,26,0,0,36,0,36,0,13,49,0,62,0,0,0,62
10/03/2022,OSU,OH,AGL,CE,Federal Contract Tower,0,16,17,0,33,0,61,80,0,141,0,77,97,0,174,210,0,210,384
10/04/2022,OSU,OH,AGL,CE,Federal Contract Tower,0,24,19,0,43,0,63,92,0,155,0,87,111,0,198,76,0,76,274
10/05/2022,OSU,OH,AGL,CE,Federal Contract Tower,0,15,36,0,51,0,76,112,0,188,0,91,148,0,239,196,0,196,435
10/06/2022,OSU,OH,AGL,CE,Federal Contract Tower,0,33,23,0,56,0,82,118,0,200,0,115,141,0,256,198,0,198,454
10/07/2022,OSU,OH,AGL,CE,Federal Contract Tower,0,36,22,0,58,0,17,51,0,68,0,53,73,0,126,36,0,36,162
10/08/2022,OSU,OH,AGL,CE,Federal Contract Tower,0,18,18,0,36,0,58,100,0,158,0,76,118,0,194,196,0,196,390
10/09/2022,OSU,OH,AGL,CE,Federal Contract Tower,0,19,18,0,37,0,12,117,0,129,0,31,135,0,166,20,0,20,186
10/10/2022,OSU,OH,AGL,CE,Federal Contract Tower,0,29,23,0,52,0,79,89,0,168,0,108,112,0,220,78,0,78,298
10/11/2022,OSU,OH,AGL,CE,Federal Contract Tower,0,20,32,0,52,0,66,105,0,171,0,86,137,0,223,150,0,150,373
10/12/2022,OSU,OH,AGL,CE,Federal Contract Tower,0,21,17,0,38,0,17,54,0,71,0,38,71,0,109,46,0,46,155
10/13/2022,OSU,OH,AGL,CE,Federal Contract Tower,0,27,16,0,43,0,8,79,0,87,0,35,95,0,130,12,0,12,142
10/14/2022,OSU,OH,AGL,CE,Federal Contract Tower,0,18,20,0,38,0,19,68,0,87,0,37,88,0,125,66,0,66,191
10/15/2022,OSU,OH,AGL,CE,Federal Contract Tower,0,10,17,0,27,0,5,92,0,97,0,15,109,0,124,6,0,6,130
10/16/2022,OSU,OH,AGL,CE,Federal Contract Tower,0,22,25,0,47,0,6,108,1,115,0,28,133,1,162,32,0,32,194
10/17/2022,OSU,OH,AGL,CE,Federal Contract Tower,0,17,22,0,39,0,17,37,0,54,0,34,59,0,93,10,0,10,103
10/18/2022,OSU,OH,AGL,CE,Federal Contract Tower,0,13,19,0,32,0,0,22,0,22,0,13,41,0,54,12,0,12,66
10/19/2022,OSU,OH,AGL,CE,Federal Contract Tower,0,25,13,0,38,0,7,16,0,23,0,32,29,0,61,38,0,38,99
10/20/2022,OSU,OH,AGL,CE,Federal Contract Tower,0,32,26,0,58,0,48,56,0,104,0,80,82,0,162,92,0,92,254
10/21/2022,OSU,OH,AGL,CE,Federal Contract Tower,0,26,31,0,57,0,43,101,6,150,0,69,132,6,207,26,0,26,233
10/22/2022,OSU,OH,AGL,CE,Federal Contract Tower,0,15,27,0,42,0,44,91,0,135,0,59,118,0,177,130,0,130,307
10/23/2022,OSU,OH,AGL,CE,Federal Contract Tower,0,28,21,0,49,0,14,143,0,157,0,42,164,0,206,132,0,132,338
10/24/2022,OSU,OH,AGL,CE,Federal Contract Tower,0,28,17,0,45,0,95,83,0,178,0,123,100,0,223,216,0,216,439
10/25/2022,OSU,OH,AGL,CE,Federal Contract Tower,0,14,21,0,35,0,54,95,0,149,0,68,116,0,184,156,0,156,340
10/26/2022,OSU,OH,AGL,CE,Federal Contract Tower,0,30,12,0,42,0,0,6,0,6,0,30,18,0,48,0,0,0,48
10/27/2022,OSU,OH,AGL,CE,Federal Contract Tower,0,19,25,0,44,0,96,108,0,204,0,115,133,0,248,258,0,258,506
10/28/2022,OSU,OH,AGL,CE,Federal Contract Tower,0,32,17,0,49,0,93,125,0,218,0,125,142,0,267,238,0,238,505
10/29/2022,OSU,OH,AGL,CE,Federal Contract Tower,0,11,11,0,22,0,61,127,0,188,0,72,138,0,210,236,0,236,446
10/30/2022,OSU,OH,AGL,CE,Federal Contract Tower,0,7,11,0,18,0,8,75,0,83,0,15,86,0,101,58,0,58,159
10/31/2022,OSU,OH,AGL,CE,Federal Contract Tower,0,12,10,0,22,0,4,15,0,19,0,16,25,0,41,28,0,28,69
11/01/2022,OSU,OH,AGL,CE,Federal Contract Tower,0,38,26,0,64,0,28,51,0,79,0,66,77,0,143,94,0,94,237
11/02/2022,OSU,OH,AGL,CE,Federal Contract Tower,0,24,28,0,52,0,60,66,0,126,0,84,94,0,178,178,0,178,356
11/03/2022,OSU,OH,AGL,CE,Federal Contract Tower,0,12,22,0,34,0,49,96,0,145,0,61,118,0,179,98,0,98,277
11/04/2022,OSU,OH,AGL,CE,Federal Contract Tower,0,9,30,0,39,0,72,114,0,186,0,81,144,0,225,72,0,72,297
11/05/2022,OSU,OH,AGL,CE,Federal Contract Tower,0,7,5,0,12,0,0,7,0,7,0,7,12,0,19,0,0,0,19
11/06/2022,OSU,OH,AGL,CE,Federal Contract Tower,0,11,11,0,22,0,4,100,0,104,0,15,111,0,126,24,0,24,150
11/07/2022,OSU,OH,AGL,CE,Federal Contract Tower,0,18,22,0,40,0,88,85,0,173,0,106,107,0,213,94,0,94,307
11/08/2022,OSU,OH,AGL,CE,Federal Contract Tower,0,19,16,0,35,0,88,84,0,172,0,107,100,0,207,178,4,182,389
11/09/2022,OSU,OH,AGL,CE,Federal Contract Tower,0,18,26,0,44,0,99,104,0,203,0,117,130,0,247,154,0,154,401
11/10/2022,OSU,OH,AGL,CE,Federal Contract Tower,0,14,41,0,55,0,49,106,0,155,0,63,147,0,210,142,0,142,352
11/11/2022,OSU,OH,AGL,CE,Federal Contract Tower,0,21,16,0,37,0,0,4,0,4,0,21,20,0,41,0,0,0,41
11/12/2022,OSU,OH,AGL,CE,Federal Contract Tower,0,13,5,0,18,0,2,11,0,13,0,15,16,0,31,30,0,30,61
11/13/2022,OSU,OH,AGL,CE,Federal Contract Tower,0,23,13,0,36,0,1,51,0,52,0,24,64,0,88,64,0,64,152
11/14/2022,OSU,OH,AGL,CE,Federal Contract Tower,0,18,21,0,39,0,95,134,0,229,0,113,155,0,268,146,0,146,414
11/15/2022,OSU,OH,AGL,CE,Federal Contract Tower,0,21,14,0,35,0,4,8,29,41,0,25,22,29,76,12,0,12,88
11/16/2022,OSU,OH,AGL,CE,Federal Contract Tower,0,12,7,0,19,0,2,18,0,20,0,14,25,0,39,28,0,28,67
11/17/2022,OSU,OH,AGL,CE,Federal Contract Tower,0,17,16,0,33,0,0,39,2,41,0,17,55,2,74,94,0,94,168
11/18/2022,OSU,OH,AGL,CE,Federal Contract Tower,0,21,9,0,30,0,13,0,0,13,0,34,9,0,43,0,0,0,43
11/19/2022,OSU,OH,AGL,CE,Federal Contract Tower,0,12,8,0,20,0,24,37,0,61,0,36,45,0,81,16,0,16,97
11/20/2022,OSU,OH,AGL,CE,Federal Contract Tower,0,13,12,0,25,0,33,78,0,111,0,46,90,0,136,100,0,100,236
11/21/2022,OSU,OH,AGL,CE,Federal Contract Tower,0,27,8,0,35,0,19,62,0,81,0,46,70,0,116,2,0,2,118
11/22/2022,OSU,OH,AGL,CE,Federal Contract Tower,0,29,12,0,41,0,93,138,0,231,0,122,150,0,272,126,0,126,398
11/23/2022,OSU,OH,AGL,CE,Federal Contract Tower,0,22,28,0,50,0,35,129,0,164,0,57,157,0,214,42,0,42,256
11/24/2022,OSU,OH,AGL,CE,Federal Contract Tower,0,7,1,0,8,0,0,66,0,66,0,7,67,0,74,22,0,22,96
11/25/2022,OSU,OH,AGL,CE,Federal Contract Tower,0,25,18,0,43,0,0,57,0,57,0,25,75,0,100,6,0,6,106
11/26/2022,OSU,OH,AGL,CE,Federal Contract Tower,0,47,41,0,88,0,0,53,0,53,0,47,94,0,141,28,0,28,169
11/27/2022,OSU,OH,AGL,CE,Federal Contract Tower,0,12,17,0,29,0,0,0,0,0,0,12,17,0,29,0,0,0,29
11/28/2022,OSU,OH,AGL,CE,Federal Contract Tower,0,16,16,0,32,0,0,18,0,18,0,16,34,0,50,4,0,4,54
11/29/2022,OSU,OH,AGL,CE,Federal Contract Tower,0,15,30,0,45,0,12,57,0,69,0,27,87,0,114,138,4,142,256
11/30/2022,OSU,OH,AGL,CE,Federal Contract Tower,0,18,17,0,35,0,0,19,0,19,0,18,36,0,54,0,0,0,54
12/01/2022,OSU,OH,AGL,CE,Federal Contract Tower,0,30,18,0,48,0,103,103,0,206,0,133,121,0,254,232,0,232,486
12/02/2022,OSU,OH,AGL,CE,Federal Contract Tower,0,17,11,0,28,0,57,60,0,117,0,74,71,0,145,102,0,102,247
12/03/2022,OSU,OH,AGL,CE,Federal Contract Tower,0,8,3,0,11,0,11,21,0,32,0,19,24,0,43,14,0,14,57
12/04/2022,OSU,OH,AGL,CE,Federal Contract Tower,0,12,6,0,18,0,51,112,0,163,0,63,118,0,181,190,0,190,371
12/05/2022,OSU,OH,AGL,CE,Federal Contract Tower,0,18,12,0,30,0,90,108,0,198,0,108,120,0,228,88,0,88,316
12/06/2022,OSU,OH,AGL,CE,Federal Contract Tower,0,13,8,0,21,0,0,0,0,0,0,13,8,0,21,0,0,0,21
12/07/2022,OSU,OH,AGL,CE,Federal Contract Tower,0,14,17,0,31,0,0,0,0,0,0,14,17,0,31,0,0,0,31
12/08/2022,OSU,OH,AGL,CE,Federal Contract Tower,0,20,16,0,36,0,14,31,0,45,0,34,47,0,81,168,0,168,249
12/09/2022,OSU,OH,AGL,CE,Federal Contract Tower,0,21,14,0,35,0,38,79,0,117,0,59,93,0,152,108,0,108,260
12/10/2022,OSU,OH,AGL,CE,Federal Contract Tower,0,6,12,0,18,0,0,6,0,6,0,6,18,0,24,18,0,18,42
12/11/2022,OSU,OH,AGL,CE,Federal Contract Tower,0,9,13,0,22,0,0,6,0,6,0,9,19,0,28,0,0,0,28
12/12/2022,OSU,OH,AGL,CE,Federal Contract Tower,0,10,30,0,40,0,30,59,0,89,0,40,89,0,129,174,0,174,303
12/13/2022,OSU,OH,AGL,CE,Federal Contract Tower,0,26,20,0,46,0,38,105,0,143,0,64,125,0,189,210,0,210,399
12/14/2022,OSU,OH,AGL,CE,Federal Contract Tower,0,11,18,0,29,0,8,22,0,30,0,19,40,0,59,18,0,18,77
12/15/2022,OSU,OH,AGL,CE,Federal Contract Tower,0,15,26,0,41,0,0,25,0,25,0,15,51,0,66,16,0,16,82
12/16/2022,OSU,OH,AGL,CE,Federal Contract Tower,0,16,19,0,35,0,11,42,0,53,0,27,61,0,88,12,0,12,100
12/17/2022,OSU,OH,AGL,CE,Federal Contract Tower,0,9,9,0,18,0,0,37,0,37,0,9,46,0,55,48,0,48,103
12/18/2022,OSU,OH,AGL,CE,Federal Contract Tower,0,6,12,0,18,0,0,39,0,39,0,6,51,0,57,46,0,46,103
12/19/2022,OSU,OH,AGL,CE,Federal Contract Tower,0,13,23,0,36,0,31,92,0,123,0,44,115,0,159,162,0,162,321
12/20/2022,OSU,OH,AGL,CE,Federal Contract Tower,0,16,22,0,38,0,43,93,1,137,0,59,115,1,175,92,12,104,279
12/21/2022,OSU,OH,AGL,CE,Federal Contract Tower,0,25,9,0,34,0,26,89,0,115,0,51,98,0,149,40,0,40,189
12/22/2022,OSU,OH,AGL,CE,Federal Contract Tower,0,19,5,0,24,0,2,6,0,8,0,21,11,0,32,18,0,18,50
12/23/2022,OSU,OH,AGL,CE,Federal Contract Tower,0,3,1,0,4,0,0,0,0,0,0,3,1,0,4,0,0,0,4
12/24/2022,OSU,OH,AGL,CE,Federal Contract Tower,0,2,2,0,4,0,0,4,0,4,0,2,6,0,8,0,0,0,8
12/25/2022,OSU,OH,AGL,CE,Federal Contract Tower,0,2,2,0,4,0,0,18,0,18,0,2,20,0,22,0,0,0,22
12/26/2022,OSU,OH,AGL,CE,Federal Contract Tower,0,7,7,0,14,0,0,11,0,11,0,7,18,0,25,10,0,10,35
12/27/2022,OSU,OH,AGL,CE,Federal Contract Tower,0,15,6,0,21,0,0,1,0,1,0,15,7,0,22,0,0,0,22
12/28/2022,OSU,OH,AGL,CE,Federal Contract Tower,0,19,11,2,32,0,0,61,2,63,0,19,72,4,95,4,0,4,99
12/29/2022,OSU,OH,AGL,CE,Federal Contract Tower,0,20,2,0,22,0,0,59,0,59,0,20,61,0,81,57,0,57,138
12/31/2022,OSU,OH,AGL,CE,Federal Contract Tower,0,11,7,0,18,0,0,0,0,0,0,11,7,0,18,0,0,0,18
01/01/2023,OSU,OH,AGL,CE,Federal Contract Tower,0,19,8,0,27,0,0,5,0,5,0,19,13,0,32,0,0,0,32
01/02/2023,OSU,OH,AGL,CE,Federal Contract Tower,0,9,19,0,28,0,0,16,0,16,0,9,35,0,44,22,0,22,66
01/03/2023,OSU,OH,AGL,CE,Federal Contract Tower,0,13,6,0,19,0,0,4,0,4,0,13,10,0,23,8,0,8,31
01/04/2023,OSU,OH,AGL,CE,Federal Contract Tower,0,13,9,0,22,0,3,35,0,38,0,16,44,0,60,28,0,28,88
01/05/2023,OSU,OH,AGL,CE,Federal Contract Tower,0,13,14,0,27,0,10,74,0,84,0,23,88,0,111,26,0,26,137
01/06/2023,OSU,OH,AGL,CE,Federal Contract Tower,0,10,10,0,20,0,0,24,0,24,0,10,34,0,44,72,0,72,116
01/07/2023,OSU,OH,AGL,CE,Federal Contract Tower,0,10,11,0,21,0,0,73,0,73,0,10,84,0,94,10,0,10,104
01/08/2023,OSU,OH,AGL,CE,Federal Contract Tower,0,0,9,0,9,0,0,61,0,61,0,0,70,0,70,22,0,22,92
01/09/2023,OSU,OH,AGL,CE,Federal Contract Tower,0,10,24,0,34,0,14,33,0,47,0,24,57,0,81,22,0,22,103
01/10/2023,OSU,OH,AGL,CE,Federal Contract Tower,0,17,19,0,36,0,54,85,0,139,0,71,104,0,175,136,0,136,311
01/11/2023,OSU,OH,AGL,CE,Federal Contract Tower,0,16,17,0,33,0,73,69,0,142,0,89,86,0,175,290,0,290,465
01/12/2023,OSU,OH,AGL,CE,Federal Contract Tower,0,11,10,0,21,0,0,0,0,0,0,11,10,0,21,0,0,0,21
01/13/2023,OSU,OH,AGL,CE,Federal Contract Tower,0,16,17,0,33,0,0,10,0,10,0,16,27,0,43,8,0,8,51
01/14/2023,OSU,OH,AGL,CE,Federal Contract Tower,0,15,2,0,17,0,54,95,0,149,0,69,97,0,166,260,0,260,426
01/15/2023,OSU,OH,AGL,CE,Federal Contract Tower,0,12,6,0,18,0,67,79,0,146,0,79,85,0,164,68,0,68,232
01/16/2023,OSU,OH,AGL,CE,Federal Contract Tower,0,16,11,0,27,0,3,54,0,57,0,19,65,0,84,18,0,18,102
01/17/2023,OSU,OH,AGL,CE,Federal Contract Tower,0,16,21,0,37,0,9,23,0,32,0,25,44,0,69,16,0,16,85
01/18/2023,OSU,OH,AGL,CE,Federal Contract Tower,0,8,16,0,24,0,40,24,0,64,0,48,40,0,88,78,0,78,166
01/19/2023,OSU,OH,AGL,CE,Federal Contract Tower,0,13,13,0,26,0,1,11,0,12,0,14,24,0,38,0,0,0,38
01/20/2023,OSU,OH,AGL,CE,Federal Contract Tower,0,9,5,0,14,0,0,14,0,14,0,9,19,0,28,38,0,38,66
01/21/2023,OSU,OH,AGL,CE,Federal Contract Tower,0,10,2,0,12,0,38,27,0,65,0,48,29,0,77,174,0,174,251
01/22/2023,OSU,OH,AGL,CE,Federal Contract Tower,0,0,0,0,0,0,0,0,0,0,0,0,0,0,0,0,0,0,0
01/23/2023,OSU,OH,AGL,CE,Federal Contract Tower,0,3,11,0,14,0,5,2,0,7,0,8,13,0,21,84,0,84,105
01/24/2023,OSU,OH,AGL,CE,Federal Contract Tower,0,19,23,0,42,0,39,62,0,101,0,58,85,0,143,440,0,440,583
01/25/2023,OSU,OH,AGL,CE,Federal Contract Tower,0,12,8,0,20,0,0,0,0,0,0,12,8,0,20,0,0,0,20
01/26/2023,OSU,OH,AGL,CE,Federal Contract Tower,0,10,20,0,30,0,0,2,0,2,0,10,22,0,32,0,0,0,32
01/27/2023,OSU,OH,AGL,CE,Federal Contract Tower,0,7,10,0,17,0,58,60,0,118,0,65,70,0,135,34,0,34,169
01/28/2023,OSU,OH,AGL,CE,Federal Contract Tower,0,12,15,0,27,0,105,131,10,246,0,117,146,10,273,136,0,136,409
01/29/2023,OSU,OH,AGL,CE,Federal Contract Tower,0,8,7,0,15,0,0,0,0,0,0,8,7,0,15,0,0,0,15
01/30/2023,OSU,OH,AGL,CE,Federal Contract Tower,0,6,7,0,13,0,0,0,0,0,0,6,7,0,13,0,0,0,13
01/31/2023,OSU,OH,AGL,CE,Federal Contract Tower,0,20,16,0,36,0,108,79,0,187,0,128,95,0,223,116,0,116,339
02/01/2023,OSU,OH,AGL,CE,Federal Contract Tower,0,26,21,0,47,0,157,115,0,272,0,183,136,0,319,240,0,240,559
02/02/2023,OSU,OH,AGL,CE,Federal Contract Tower,0,22,14,0,36,0,94,120,0,214,0,116,134,0,250,100,0,100,350
02/03/2023,OSU,OH,AGL,CE,Federal Contract Tower,0,20,11,0,31,0,45,58,0,103,0,65,69,0,134,26,0,26,160
02/04/2023,OSU,OH,AGL,CE,Federal Contract Tower,0,10,5,0,15,0,48,66,0,114,0,58,71,0,129,88,0,88,217
02/05/2023,OSU,OH,AGL,CE,Federal Contract Tower,0,10,11,0,21,0,0,17,0,17,0,10,28,0,38,0,0,0,38
02/06/2023,OSU,OH,AGL,CE,Federal Contract Tower,0,18,11,0,29,0,76,78,0,154,0,94,89,0,183,320,0,320,503
02/07/2023,OSU,OH,AGL,CE,Federal Contract Tower,0,13,19,0,32,0,1,33,0,34,0,14,52,0,66,8,0,8,74
02/08/2023,OSU,OH,AGL,CE,Federal Contract Tower,0,25,11,0,36,0,97,100,0,197,0,122,111,0,233,206,0,206,439
02/09/2023,OSU,OH,AGL,CE,Federal Contract Tower,0,9,10,0,19,0,0,6,0,6,0,9,16,0,25,0,0,0,25
02/10/2023,OSU,OH,AGL,CE,Federal Contract Tower,0,15,18,0,33,0,13,17,0,30,0,28,35,0,63,18,0,18,81
02/11/2023,OSU,OH,AGL,CE,Federal Contract Tower,0,21,9,0,30,0,111,143,0,254,0,132,152,0,284,238,0,238,522
02/12/2023,OSU,OH,AGL,CE,Federal Contract Tower,0,21,12,0,33,0,48,101,0,149,0,69,113,0,182,78,0,78,260
02/13/2023,OSU,OH,AGL,CE,Federal Contract Tower,0,16,18,0,34,0,75,72,0,147,0,91,90,0,181,126,0,126,307
02/14/2023,OSU,OH,AGL,CE,Federal Contract Tower,0,16,14,0,30,0,66,84,0,150,0,82,98,0,180,74,0,74,254
02/15/2023,OSU,OH,AGL,CE,Federal Contract Tower,0,21,12,0,33,0,18,28,0,46,0,39,40,0,79,8,0,8,87
02/16/2023,OSU,OH,AGL,CE,Federal Contract Tower,0,13,9,0,22,0,0,2,0,2,0,13,11,0,24,0,0,0,24
02/17/2023,OSU,OH,AGL,CE,Federal Contract Tower,0,13,13,0,26,0,8,14,0,22,0,21,27,0,48,4,0,4,52
02/18/2023,OSU,OH,AGL,CE,Federal Contract Tower,0,8,9,0,17,0,64,99,0,163,0,72,108,0,180,146,0,146,326
02/19/2023,OSU,OH,AGL,CE,Federal Contract Tower,0,5,11,0,16,0,1,25,0,26,0,6,36,0,42,2,0,2,44
02/20/2023,OSU,OH,AGL,CE,Federal Contract Tower,0,11,16,0,27,0,112,89,0,201,0,123,105,0,228,210,0,210,438
02/21/2023,OSU,OH,AGL,CE,Federal Contract Tower,0,15,21,0,36,0,25,36,0,61,0,40,57,0,97,66,0,66,163
02/22/2023,OSU,OH,AGL,CE,Federal Contract Tower,0,11,12,0,23,0,0,12,0,12,0,11,24,0,35,22,0,22,57
02/23/2023,OSU,OH,AGL,CE,Federal Contract Tower,0,18,18,0,36,0,14,54,0,68,0,32,72,0,104,32,0,32,136
02/24/2023,OSU,OH,AGL,CE,Federal Contract Tower,0,21,22,0,43,0,119,104,0,223,0,140,126,0,266,98,0,98,364
02/25/2023,OSU,OH,AGL,CE,Federal Contract Tower,0,16,9,0,25,0,91,115,0,206,0,107,124,0,231,211,0,211,442
02/26/2023,OSU,OH,AGL,CE,Federal Contract Tower,0,16,20,0,36,0,52,100,0,152,0,68,120,0,188,64,0,64,252
02/27/2023,OSU,OH,AGL,CE,Federal Contract Tower,0,7,11,0,18,0,1,0,0,1,0,8,11,0,19,0,0,0,19
02/28/2023,OSU,OH,AGL,CE,Federal Contract Tower,0,19,22,0,41,0,33,66,0,99,0,52,88,0,140,106,0,106,246
03/01/2023,OSU,OH,AGL,CE,Federal Contract Tower,0,18,16,0,34,0,47,90,0,137,0,65,106,0,171,58,0,58,229
03/02/2023,OSU,OH,AGL,CE,Federal Contract Tower,0,24,20,0,44,0,107,108,0,215,0,131,128,0,259,180,0,180,439
03/03/2023,OSU,OH,AGL,CE,Federal Contract Tower,0,11,6,0,17,0,0,0,0,0,0,11,6,0,17,0,0,0,17
03/04/2023,OSU,OH,AGL,CE,Federal Contract Tower,0,14,7,0,21,0,69,94,0,163,0,83,101,0,184,198,0,198,382
03/05/2023,OSU,OH,AGL,CE,Federal Contract Tower,0,5,9,0,14,0,59,127,0,186,0,64,136,0,200,158,0,158,358
03/06/2023,OSU,OH,AGL,CE,Federal Contract Tower,0,26,9,0,35,0,67,77,0,144,0,93,86,0,179,62,0,62,241
03/07/2023,OSU,OH,AGL,CE,Federal Contract Tower,0,17,15,0,32,0,13,40,0,53,0,30,55,0,85,2,0,2,87
03/08/2023,OSU,OH,AGL,CE,Federal Contract Tower,0,25,13,0,38,0,103,87,1,191,0,128,100,1,229,108,0,108,337
03/09/2023,OSU,OH,AGL,CE,Federal Contract Tower,0,23,14,0,37,0,113,106,1,220,0,136,120,1,257,316,0,316,573
03/10/2023,OSU,OH,AGL,CE,Federal Contract Tower,0,19,9,0,28,0,0,0,0,0,0,19,9,0,28,0,0,0,28
03/11/2023,OSU,OH,AGL,CE,Federal Contract Tower,0,14,6,0,20,0,8,75,0,83,0,22,81,0,103,30,0,30,133
03/12/2023,OSU,OH,AGL,CE,Federal Contract Tower,0,10,4,0,14,0,0,17,0,17,0,10,21,0,31,22,0,22,53
03/13/2023,OSU,OH,AGL,CE,Federal Contract Tower,0,17,13,0,30,0,0,0,0,0,0,17,13,0,30,0,0,0,30
03/14/2023,OSU,OH,AGL,CE,Federal Contract Tower,0,15,12,0,27,0,0,22,0,22,0,15,34,0,49,2,0,2,51
03/15/2023,OSU,OH,AGL,CE,Federal Contract Tower,0,28,34,0,62,0,58,99,0,157,0,86,133,0,219,222,0,222,441
03/16/2023,OSU,OH,AGL,CE,Federal Contract Tower,0,13,16,0,29,0,23,73,0,96,0,36,89,0,125,44,0,44,169
03/17/2023,OSU,OH,AGL,CE,Federal Contract Tower,0,14,11,0,25,0,0,3,0,3,0,14,14,0,28,0,0,0,28
03/18/2023,OSU,OH,AGL,CE,Federal Contract Tower,0,14,7,0,21,0,0,7,0,7,0,14,14,0,28,10,0,10,38
03/19/2023,OSU,OH,AGL,CE,Federal Contract Tower,0,7,13,0,20,0,5,77,0,82,0,12,90,0,102,38,0,38,140
03/20/2023,OSU,OH,AGL,CE,Federal Contract Tower,0,23,15,0,38,0,73,89,0,162,0,96,104,0,200,78,0,78,278
03/21/2023,OSU,OH,AGL,CE,Federal Contract Tower,0,20,22,0,42,0,78,88,0,166,0,98,110,0,208,192,0,192,400
03/22/2023,OSU,OH,AGL,CE,Federal Contract Tower,0,19,25,0,44,0,5,13,0,18,0,24,38,0,62,24,0,24,86
03/23/2023,OSU,OH,AGL,CE,Federal Contract Tower,0,17,19,0,36,0,0,3,0,3,0,17,22,0,39,0,0,0,39
03/24/2023,OSU,OH,AGL,CE,Federal Contract Tower,0,20,23,0,43,0,3,3,0,6,0,23,26,0,49,76,0,76,125
03/25/2023,OSU,OH,AGL,CE,Federal Contract Tower,0,8,1,0,9,0,0,0,0,0,0,8,1,0,9,0,0,0,9
03/26/2023,OSU,OH,AGL,CE,Federal Contract Tower,0,22,24,0,46,0,75,153,0,228,0,97,177,0,274,164,0,164,438
03/27/2023,OSU,OH,AGL,CE,Federal Contract Tower,0,14,22,0,36,0,26,49,0,75,0,40,71,0,111,166,0,166,277
03/28/2023,OSU,OH,AGL,CE,Federal Contract Tower,0,18,19,0,37,0,94,100,0,194,0,112,119,0,231,338,0,338,569
03/29/2023,OSU,OH,AGL,CE,Federal Contract Tower,0,15,19,0,34,0,54,59,0,113,0,69,78,0,147,118,0,118,265
03/30/2023,OSU,OH,AGL,CE,Federal Contract Tower,0,22,18,0,40,0,131,120,0,251,0,153,138,0,291,220,0,220,511
03/31/2023,OSU,OH,AGL,CE,Federal Contract Tower,0,11,7,0,18,0,0,4,0,4,0,11,11,0,22,14,0,14,36
04/01/2023,OSU,OH,AGL,CE,Federal Contract Tower,0,10,6,0,16,0,0,1,0,1,0,10,7,0,17,0,0,0,17
04/02/2023,OSU,OH,AGL,CE,Federal Contract Tower,0,10,12,0,22,0,46,73,0,119,0,56,85,0,141,176,0,176,317
04/03/2023,OSU,OH,AGL,CE,Federal Contract Tower,0,13,12,0,25,0,107,91,0,198,0,120,103,0,223,226,0,226,449
04/04/2023,OSU,OH,AGL,CE,Federal Contract Tower,0,26,21,0,47,0,9,24,0,33,0,35,45,0,80,246,0,246,326
04/05/2023,OSU,OH,AGL,CE,Federal Contract Tower,0,18,11,0,29,0,0,9,0,9,0,18,20,0,38,0,0,0,38
04/06/2023,OSU,OH,AGL,CE,Federal Contract Tower,0,26,17,0,43,0,102,96,0,198,0,128,113,0,241,214,0,214,455
04/07/2023,OSU,OH,AGL,CE,Federal Contract Tower,0,39,24,0,63,0,96,115,0,211,0,135,139,0,274,228,0,228,502
04/08/2023,OSU,OH,AGL,CE,Federal Contract Tower,0,23,11,0,34,0,55,105,0,160,0,78,116,0,194,242,0,242,436
04/09/2023,OSU,OH,AGL,CE,Federal Contract Tower,0,17,7,0,24,0,30,92,0,122,0,47,99,0,146,60,0,60,206
04/10/2023,OSU,OH,AGL,CE,Federal Contract Tower,0,24,19,0,43,0,92,107,4,203,0,116,126,4,246,334,0,334,580
04/11/2023,OSU,OH,AGL,CE,Federal Contract Tower,0,23,26,0,49,0,90,119,0,209,0,113,145,0,258,276,0,276,534
04/12/2023,OSU,OH,AGL,CE,Federal Contract Tower,0,26,21,0,47,0,100,110,0,210,0,126,131,0,257,274,0,274,531
04/13/2023,OSU,OH,AGL,CE,Federal Contract Tower,0,23,26,0,49,0,75,129,0,204,0,98,155,0,253,248,0,248,501
04/14/2023,OSU,OH,AGL,CE,Federal Contract Tower,0,28,17,0,45,0,100,96,0,196,0,128,113,0,241,210,0,210,451
04/15/2023,OSU,OH,AGL,CE,Federal Contract Tower,0,11,17,0,28,0,31,89,0,120,0,42,106,0,148,134,0,134,282
04/16/2023,OSU,OH,AGL,CE,Federal Contract Tower,0,13,6,4,23,0,0,9,1,10,0,13,15,5,33,0,2,2,35
04/17/2023,OSU,OH,AGL,CE,Federal Contract Tower,0,13,9,0,22,0,0,9,0,9,0,13,18,0,31,0,0,0,31
04/18/2023,OSU,OH,AGL,CE,Federal Contract Tower,0,16,15,0,31,0,29,75,0,104,0,45,90,0,135,72,0,72,207
04/19/2023,OSU,OH,AGL,CE,Federal Contract Tower,0,35,21,0,56,0,118,106,0,224,0,153,127,0,280,264,0,264,544
04/20/2023,OSU,OH,AGL,CE,Federal Contract Tower,0,17,21,0,38,0,11,72,0,83,0,28,93,0,121,68,0,68,189
04/21/2023,OSU,OH,AGL,CE,Federal Contract Tower,0,12,13,0,25,0,22,52,3,77,0,34,65,3,102,264,0,264,366
04/22/2023,OSU,OH,AGL,CE,Federal Contract Tower,0,18,8,0,26,0,8,43,0,51,0,26,51,0,77,44,0,44,121
04/23/2023,OSU,OH,AGL,CE,Federal Contract Tower,0,17,10,0,27,0,5,53,0,58,0,22,63,0,85,136,0,136,221
04/24/2023,OSU,OH,AGL,CE,Federal Contract Tower,0,26,19,0,45,0,60,88,0,148,0,86,107,0,193,316,0,316,509
04/25/2023,OSU,OH,AGL,CE,Federal Contract Tower,0,24,23,0,47,0,83,90,4,177,0,107,113,4,224,160,0,160,384
04/26/2023,OSU,OH,AGL,CE,Federal Contract Tower,0,26,18,0,44,0,54,104,8,166,0,80,122,8,210,138,0,138,348
04/27/2023,OSU,OH,AGL,CE,Federal Contract Tower,0,28,19,0,47,0,99,116,0,215,0,127,135,0,262,402,0,402,664
04/28/2023,OSU,OH,AGL,CE,Federal Contract Tower,0,21,29,0,50,0,0,7,0,7,0,21,36,0,57,10,0,10,67
04/29/2023,OSU,OH,AGL,CE,Federal Contract Tower,0,17,22,0,39,0,7,37,0,44,0,24,59,0,83,10,0,10,93
04/30/2023,OSU,OH,AGL,CE,Federal Contract Tower,0,12,13,0,25,0,0,24,0,24,0,12,37,0,49,8,0,8,57
05/01/2023,OSU,OH,AGL,CE,Federal Contract Tower,0,9,10,0,19,0,4,5,0,9,0,13,15,0,28,0,0,0,28
05/02/2023,OSU,OH,AGL,CE,Federal Contract Tower,0,19,8,0,27,0,0,8,0,8,0,19,16,0,35,4,0,4,39
05/03/2023,OSU,OH,AGL,CE,Federal Contract Tower,0,23,20,0,43,0,0,25,0,25,0,23,45,0,68,0,0,0,68
05/04/2023,OSU,OH,AGL,CE,Federal Contract Tower,0,17,27,0,44,0,64,123,0,187,0,81,150,0,231,200,0,200,431
05/05/2023,OSU,OH,AGL,CE,Federal Contract Tower,0,24,17,0,41,0,53,122,0,175,0,77,139,0,216,122,0,122,338
05/06/2023,OSU,OH,AGL,CE,Federal Contract Tower,0,19,8,0,27,0,23,114,0,137,0,42,122,0,164,80,0,80,244
05/07/2023,OSU,OH,AGL,CE,Federal Contract Tower,0,19,16,0,35,0,0,36,0,36,0,19,52,0,71,80,0,80,151
05/08/2023,OSU,OH,AGL,CE,Federal Contract Tower,0,14,14,0,28,0,2,73,0,75,0,16,87,0,103,106,0,106,209
05/09/2023,OSU,OH,AGL,CE,Federal Contract Tower,0,20,23,0,43,0,27,83,0,110,0,47,106,0,153,76,0,76,229
05/10/2023,OSU,OH,AGL,CE,Federal Contract Tower,0,16,32,0,48,0,84,127,2,213,0,100,159,2,261,266,0,266,527
05/11/2023,OSU,OH,AGL,CE,Federal Contract Tower,0,31,19,0,50,0,61,121,0,182,0,92,140,0,232,232,2,234,466
05/12/2023,OSU,OH,AGL,CE,Federal Contract Tower,0,12,8,0,20,0,41,67,0,108,0,53,75,0,128,228,0,228,356
05/13/2023,OSU,OH,AGL,CE,Federal Contract Tower,0,12,9,0,21,0,2,27,0,29,0,14,36,0,50,34,0,34,84
05/14/2023,OSU,OH,AGL,CE,Federal Contract Tower,0,6,10,0,16,0,8,79,0,87,0,14,89,0,103,20,0,20,123
05/15/2023,OSU,OH,AGL,CE,Federal Contract Tower,0,20,17,0,37,0,106,99,0,205,0,126,116,0,242,304,0,304,546
05/16/2023,OSU,OH,AGL,CE,Federal Contract Tower,0,31,19,0,50,0,67,78,0,145,0,98,97,0,195,194,0,194,389
05/17/2023,OSU,OH,AGL,CE,Federal Contract Tower,0,27,14,0,41,0,82,106,0,188,0,109,120,0,229,38,0,38,267
05/18/2023,OSU,OH,AGL,CE,Federal Contract Tower,0,24,35,0,59,0,102,124,2,228,0,126,159,2,287,250,0,250,537
05/19/2023,OSU,OH,AGL,CE,Federal Contract Tower,0,22,25,0,47,0,53,82,0,135,0,75,107,0,182,48,0,48,230
05/20/2023,OSU,OH,AGL,CE,Federal Contract Tower,0,11,18,0,29,0,2,46,0,48,0,13,64,0,77,16,0,16,93
05/21/2023,OSU,OH,AGL,CE,Federal Contract Tower,0,27,17,0,44,0,17,114,0,131,0,44,131,0,175,46,0,46,221
05/22/2023,OSU,OH,AGL,CE,Federal Contract Tower,0,26,18,0,44,0,106,107,0,213,0,132,125,0,257,232,0,232,489
05/23/2023,OSU,OH,AGL,CE,Federal Contract Tower,0,25,21,0,46,0,71,123,2,196,0,96,144,2,242,82,0,82,324
05/24/2023,OSU,OH,AGL,CE,Federal Contract Tower,0,25,19,0,44,0,66,82,0,148,0,91,101,0,192,122,0,122,314
05/25/2023,OSU,OH,AGL,CE,Federal Contract Tower,0,16,20,0,36,0,35,71,2,108,0,51,91,2,144,76,0,76,220
05/26/2023,OSU,OH,AGL,CE,Federal Contract Tower,0,28,15,0,43,0,74,94,0,168,0,102,109,0,211,126,0,126,337
05/27/2023,OSU,OH,AGL,CE,Federal Contract Tower,0,13,9,0,22,0,32,77,0,109,0,45,86,0,131,68,0,68,199
05/28/2023,OSU,OH,AGL,CE,Federal Contract Tower,0,20,7,0,27,0,9,88,0,97,0,29,95,0,124,30,0,30,154
05/29/2023,OSU,OH,AGL,CE,Federal Contract Tower,0,27,13,0,40,0,0,87,0,87,0,27,100,0,127,30,0,30,157
05/30/2023,OSU,OH,AGL,CE,Federal Contract Tower,0,49,34,0,83,0,75,113,0,188,0,124,147,0,271,226,0,226,497
05/31/2023,OSU,OH,AGL,CE,Federal Contract Tower,0,60,38,0,98,0,94,98,0,192,0,154,136,0,290,152,0,152,442
06/01/2023,OSU,OH,AGL,CE,Federal Contract Tower,0,34,25,0,59,0,72,95,0,167,0,106,120,0,226,124,0,124,350
06/02/2023,OSU,OH,AGL,CE,Federal Contract Tower,0,30,25,0,55,0,47,96,0,143,0,77,121,0,198,142,0,142,340
06/03/2023,OSU,OH,AGL,CE,Federal Contract Tower,0,34,16,0,50,0,28,84,0,112,0,62,100,0,162,50,2,52,214
06/04/2023,OSU,OH,AGL,CE,Federal Contract Tower,0,48,19,0,67,0,16,81,0,97,0,64,100,0,164,0,0,0,164
06/05/2023,OSU,OH,AGL,CE,Federal Contract Tower,0,33,15,0,48,0,78,90,0,168,0,111,105,0,216,302,0,302,518
06/06/2023,OSU,OH,AGL,CE,Federal Contract Tower,0,20,28,0,48,0,79,90,0,169,0,99,118,0,217,298,0,298,515
06/07/2023,OSU,OH,AGL,CE,Federal Contract Tower,0,33,25,0,58,0,48,68,0,116,0,81,93,0,174,122,0,122,296
06/08/2023,OSU,OH,AGL,CE,Federal Contract Tower,0,19,30,0,49,0,50,113,0,163,0,69,143,0,212,118,0,118,330
06/09/2023,OSU,OH,AGL,CE,Federal Contract Tower,0,21,16,0,37,0,68,87,0,155,0,89,103,0,192,196,0,196,388
06/10/2023,OSU,OH,AGL,CE,Federal Contract Tower,0,24,11,0,35,0,31,136,0,167,0,55,147,0,202,104,0,104,306
06/11/2023,OSU,OH,AGL,CE,Federal Contract Tower,0,7,17,0,24,0,1,19,0,20,0,8,36,0,44,0,0,0,44
06/12/2023,OSU,OH,AGL,CE,Federal Contract Tower,0,35,19,0,54,0,23,44,0,67,0,58,63,0,121,72,0,72,193
06/13/2023,OSU,OH,AGL,CE,Federal Contract Tower,0,8,18,0,26,0,4,21,0,25,0,12,39,0,51,54,0,54,105
06/14/2023,OSU,OH,AGL,CE,Federal Contract Tower,0,17,41,0,58,0,72,72,0,144,0,89,113,0,202,242,0,242,444
06/15/2023,OSU,OH,AGL,CE,Federal Contract Tower,0,22,32,0,54,0,78,92,2,172,0,100,124,2,226,68,0,68,294
06/16/2023,OSU,OH,AGL,CE,Federal Contract Tower,0,29,16,0,45,0,6,24,0,30,0,35,40,0,75,66,0,66,141
06/17/2023,OSU,OH,AGL,CE,Federal Contract Tower,0,18,12,0,30,0,29,85,0,114,0,47,97,0,144,44,0,44,188
06/18/2023,OSU,OH,AGL,CE,Federal Contract Tower,0,22,16,0,38,0,2,86,0,88,0,24,102,0,126,12,0,12,138
06/19/2023,OSU,OH,AGL,CE,Federal Contract Tower,0,12,22,0,34,0,0,35,0,35,0,12,57,0,69,0,0,0,69
06/20/2023,OSU,OH,AGL,CE,Federal Contract Tower,0,19,32,0,51,0,16,17,0,33,0,35,49,0,84,34,0,34,118
06/21/2023,OSU,OH,AGL,CE,Federal Contract Tower,0,41,21,0,62,0,100,118,0,218,0,141,139,0,280,172,0,172,452
06/22/2023,OSU,OH,AGL,CE,Federal Contract Tower,0,35,40,0,75,0,39,58,0,97,0,74,98,0,172,232,0,232,404
06/23/2023,OSU,OH,AGL,CE,Federal Contract Tower,0,18,14,0,32,0,0,14,0,14,0,18,28,0,46,70,0,70,116
06/24/2023,OSU,OH,AGL,CE,Federal Contract Tower,0,16,4,0,20,0,14,84,0,98,0,30,88,0,118,64,0,64,182
06/25/2023,OSU,OH,AGL,CE,Federal Contract Tower,0,13,20,0,33,0,4,38,0,42,0,17,58,0,75,0,0,0,75
06/26/2023,OSU,OH,AGL,CE,Federal Contract Tower,0,21,23,0,44,0,3,29,2,34,0,24,52,2,78,32,0,32,110
06/27/2023,OSU,OH,AGL,CE,Federal Contract Tower,0,23,46,0,69,0,0,3,0,3,0,23,49,0,72,0,0,0,72
06/28/2023,OSU,OH,AGL,CE,Federal Contract Tower,0,16,51,0,67,0,0,2,0,2,0,16,53,0,69,10,0,10,79
06/29/2023,OSU,OH,AGL,CE,Federal Contract Tower,0,26,47,0,73,0,0,11,0,11,0,26,58,0,84,6,0,6,90
06/30/2023,OSU,OH,AGL,CE,Federal Contract Tower,0,25,24,0,49,0,69,120,5,194,0,94,144,5,243,228,0,228,471
07/01/2023,OSU,OH,AGL,CE,Federal Contract Tower,0,16,13,0,29,0,4,34,0,38,0,20,47,0,67,4,0,4,71
07/02/2023,OSU,OH,AGL,CE,Federal Contract Tower,0,5,12,0,17,0,0,12,0,12,0,5,24,0,29,0,0,0,29
07/03/2023,OSU,OH,AGL,CE,Federal Contract Tower,0,5,8,0,13,0,0,6,0,6,0,5,14,0,19,0,0,0,19
07/04/2023,OSU,OH,AGL,CE,Federal Contract Tower,0,6,8,0,14,0,0,88,0,88,0,6,96,0,102,52,0,52,154
07/05/2023,OSU,OH,AGL,CE,Federal Contract Tower,0,22,20,0,42,0,62,106,0,168,0,84,126,0,210,170,0,170,380
07/06/2023,OSU,OH,AGL,CE,Federal Contract Tower,0,30,11,0,41,0,31,49,0,80,0,61,60,0,121,148,0,148,269
07/07/2023,OSU,OH,AGL,CE,Federal Contract Tower,0,38,19,0,57,0,68,102,0,170,0,106,121,0,227,290,0,290,517
07/08/2023,OSU,OH,AGL,CE,Federal Contract Tower,0,9,12,0,21,0,26,59,0,85,0,35,71,0,106,64,0,64,170
07/09/2023,OSU,OH,AGL,CE,Federal Contract Tower,0,11,13,0,24,0,0,47,0,47,0,11,60,0,71,34,0,34,105
07/10/2023,OSU,OH,AGL,CE,Federal Contract Tower,0,23,19,0,42,0,93,146,0,239,0,116,165,0,281,190,0,190,471
07/11/2023,OSU,OH,AGL,CE,Federal Contract Tower,0,30,18,0,48,0,75,118,0,193,0,105,136,0,241,164,0,164,405
07/12/2023,OSU,OH,AGL,CE,Federal Contract Tower,0,37,20,0,57,0,60,119,0,179,0,97,139,0,236,178,0,178,414
07/13/2023,OSU,OH,AGL,CE,Federal Contract Tower,0,19,25,0,44,0,28,99,0,127,0,47,124,0,171,178,0,178,349
07/14/2023,OSU,OH,AGL,CE,Federal Contract Tower,0,26,14,0,40,0,61,131,0,192,0,87,145,0,232,186,0,186,418
07/15/2023,OSU,OH,AGL,CE,Federal Contract Tower,0,11,9,0,20,0,4,47,0,51,0,15,56,0,71,56,0,56,127
07/16/2023,OSU,OH,AGL,CE,Federal Contract Tower,0,15,23,0,38,0,2,42,0,44,0,17,65,0,82,4,0,4,86
07/17/2023,OSU,OH,AGL,CE,Federal Contract Tower,0,20,35,0,55,0,10,30,0,40,0,30,65,0,95,222,0,222,317
07/18/2023,OSU,OH,AGL,CE,Federal Contract Tower,0,23,33,0,56,0,47,101,0,148,0,70,134,0,204,282,0,282,486
07/19/2023,OSU,OH,AGL,CE,Federal Contract Tower,0,24,19,0,43,0,56,95,0,151,0,80,114,0,194,220,0,220,414
07/20/2023,OSU,OH,AGL,CE,Federal Contract Tower,0,26,17,0,43,0,16,50,0,66,0,42,67,0,109,88,0,88,197
07/21/2023,OSU,OH,AGL,CE,Federal Contract Tower,0,37,18,0,55,0,35,84,0,119,0,72,102,0,174,124,0,124,298
07/22/2023,OSU,OH,AGL,CE,Federal Contract Tower,0,21,16,0,37,0,46,109,0,155,0,67,125,0,192,112,0,112,304
07/23/2023,OSU,OH,AGL,CE,Federal Contract Tower,0,14,19,0,33,0,0,72,3,75,0,14,91,3,108,54,12,66,174
07/24/2023,OSU,OH,AGL,CE,Federal Contract Tower,0,12,17,0,29,0,48,59,2,109,0,60,76,2,138,178,0,178,316
07/25/2023,OSU,OH,AGL,CE,Federal Contract Tower,0,22,21,0,43,0,36,70,0,106,0,58,91,0,149,100,0,100,249
07/26/2023,OSU,OH,AGL,CE,Federal Contract Tower,0,14,22,0,36,0,31,61,0,92,0,45,83,0,128,64,0,64,192
07/27/2023,OSU,OH,AGL,CE,Federal Contract Tower,0,30,42,0,72,0,13,77,0,90,0,43,119,0,162,134,0,134,296
07/28/2023,OSU,OH,AGL,CE,Federal Contract Tower,0,23,22,0,45,0,19,49,0,68,0,42,71,0,113,48,0,48,161
07/29/2023,OSU,OH,AGL,CE,Federal Contract Tower,0,9,23,0,32,0,5,66,0,71,0,14,89,0,103,14,0,14,117
07/30/2023,OSU,OH,AGL,CE,Federal Contract Tower,0,12,16,0,28,0,22,87,0,109,0,34,103,0,137,68,0,68,205
07/31/2023,OSU,OH,AGL,CE,Federal Contract Tower,0,22,37,0,59,0,90,102,0,192,0,112,139,0,251,226,0,226,477
08/01/2023,OSU,OH,AGL,CE,Federal Contract Tower,0,20,8,0,28,0,60,116,0,176,0,80,124,0,204,180,30,210,414
08/02/2023,OSU,OH,AGL,CE,Federal Contract Tower,0,18,18,0,36,0,55,114,0,169,0,73,132,0,205,132,0,132,337
08/03/2023,OSU,OH,AGL,CE,Federal Contract Tower,0,24,16,0,40,0,31,100,0,131,0,55,116,0,171,102,0,102,273
08/04/2023,OSU,OH,AGL,CE,Federal Contract Tower,0,14,18,0,32,0,36,105,2,143,0,50,123,2,175,146,0,146,321
08/05/2023,OSU,OH,AGL,CE,Federal Contract Tower,0,7,15,0,22,0,12,107,0,119,0,19,122,0,141,28,0,28,169
08/06/2023,OSU,OH,AGL,CE,Federal Contract Tower,0,8,15,0,23,0,0,36,0,36,0,8,51,0,59,2,0,2,61
08/07/2023,OSU,OH,AGL,CE,Federal Contract Tower,0,17,26,0,43,0,0,3,0,3,0,17,29,0,46,2,0,2,48
08/08/2023,OSU,OH,AGL,CE,Federal Contract Tower,0,18,31,0,49,0,28,110,0,138,0,46,141,0,187,106,0,106,293
08/09/2023,OSU,OH,AGL,CE,Federal Contract Tower,0,16,31,0,47,0,26,88,0,114,0,42,119,0,161,176,0,176,337
08/10/2023,OSU,OH,AGL,CE,Federal Contract Tower,0,22,27,0,49,0,7,66,4,77,0,29,93,4,126,74,0,74,200
08/11/2023,OSU,OH,AGL,CE,Federal Contract Tower,0,21,27,0,48,0,24,100,4,128,0,45,127,4,176,162,0,162,338
08/12/2023,OSU,OH,AGL,CE,Federal Contract Tower,0,14,19,0,33,0,12,60,5,77,0,26,79,5,110,34,0,34,144
08/13/2023,OSU,OH,AGL,CE,Federal Contract Tower,0,12,18,0,30,0,7,101,4,112,0,19,119,4,142,30,0,30,172
08/14/2023,OSU,OH,AGL,CE,Federal Contract Tower,0,12,14,0,26,0,2,15,0,17,0,14,29,0,43,28,0,28,71
08/15/2023,OSU,OH,AGL,CE,Federal Contract Tower,0,12,21,6,39,0,0,27,2,29,0,12,48,8,68,46,0,46,114
08/16/2023,OSU,OH,AGL,CE,Federal Contract Tower,0,24,32,0,56,0,33,117,0,150,0,57,149,0,206,144,0,144,350
08/17/2023,OSU,OH,AGL,CE,Federal Contract Tower,0,24,23,1,48,0,18,61,0,79,0,42,84,1,127,144,0,144,271
08/18/2023,OSU,OH,AGL,CE,Federal Contract Tower,0,24,19,0,43,0,21,115,0,136,0,45,134,0,179,68,0,68,247
08/19/2023,OSU,OH,AGL,CE,Federal Contract Tower,0,10,25,0,35,0,36,150,0,186,0,46,175,0,221,70,0,70,291
08/20/2023,OSU,OH,AGL,CE,Federal Contract Tower,0,11,12,0,23,0,2,84,0,86,0,13,96,0,109,78,0,78,187
08/21/2023,OSU,OH,AGL,CE,Federal Contract Tower,0,18,21,0,39,0,15,84,0,99,0,33,105,0,138,152,0,152,290
08/22/2023,OSU,OH,AGL,CE,Federal Contract Tower,0,23,22,0,45,0,44,104,0,148,0,67,126,0,193,118,0,118,311
08/23/2023,OSU,OH,AGL,CE,Federal Contract Tower,0,14,28,0,42,0,57,120,0,177,0,71,148,0,219,116,0,116,335
08/24/2023,OSU,OH,AGL,CE,Federal Contract Tower,0,19,21,0,40,0,22,44,0,66,0,41,65,0,106,100,0,100,206
08/25/2023,OSU,OH,AGL,CE,Federal Contract Tower,0,17,20,0,37,0,18,49,1,68,0,35,69,1,105,138,0,138,243
08/26/2023,OSU,OH,AGL,CE,Federal Contract Tower,0,12,22,0,34,0,42,67,0,109,0,54,89,0,143,198,0,198,341
08/27/2023,OSU,OH,AGL,CE,Federal Contract Tower,0,8,14,0,22,0,14,53,0,67,0,22,67,0,89,94,0,94,183
08/28/2023,OSU,OH,AGL,CE,Federal Contract Tower,0,24,27,0,51,0,92,112,0,204,0,116,139,0,255,180,0,180,435
08/29/2023,OSU,OH,AGL,CE,Federal Contract Tower,0,32,8,0,40,0,132,155,0,287,0,164,163,0,327,262,0,262,589
08/30/2023,OSU,OH,AGL,CE,Federal Contract Tower,0,24,44,0,68,0,29,82,0,111,0,53,126,0,179,216,0,216,395
08/31/2023,OSU,OH,AGL,CE,Federal Contract Tower,0,25,18,2,45,0,80,120,0,200,0,105,138,2,245,190,0,190,435
