10/01/2009,OTH,OR,ANM,WE,Federal Contract Tower,0,15,8,0,23,0,11,24,9,44,0,26,32,9,67,0,4,4,71
10/02/2009,OTH,OR,ANM,WE,Federal Contract Tower,0,16,13,0,29,0,14,8,6,28,0,30,21,6,57,2,24,26,83
10/03/2009,OTH,OR,ANM,WE,Federal Contract Tower,0,16,8,0,24,0,5,9,4,18,0,21,17,4,42,4,0,4,46
10/04/2009,OTH,OR,ANM,WE,Federal Contract Tower,0,14,10,0,24,0,0,11,21,32,0,14,21,21,56,6,7,13,69
10/05/2009,OTH,OR,ANM,WE,Federal Contract Tower,0,10,3,0,13,0,3,15,10,28,0,13,18,10,41,0,0,0,41
10/06/2009,OTH,OR,ANM,WE,Federal Contract Tower,0,17,5,3,25,0,5,25,11,41,0,22,30,14,66,22,4,26,92
10/07/2009,OTH,OR,ANM,WE,Federal Contract Tower,0,19,3,0,22,0,6,21,12,39,0,25,24,12,61,8,18,26,87
10/08/2009,OTH,OR,ANM,WE,Federal Contract Tower,0,13,10,0,23,0,3,6,3,12,0,16,16,3,35,0,36,36,71
10/09/2009,OTH,OR,ANM,WE,Federal Contract Tower,0,12,5,1,18,0,10,15,5,30,0,22,20,6,48,20,0,20,68
10/10/2009,OTH,OR,ANM,WE,Federal Contract Tower,0,15,6,0,21,0,8,17,4,29,0,23,23,4,50,6,12,18,68
10/11/2009,OTH,OR,ANM,WE,Federal Contract Tower,0,7,15,1,23,0,0,19,5,24,0,7,34,6,47,2,12,14,61
10/12/2009,OTH,OR,ANM,WE,Federal Contract Tower,0,7,4,0,11,0,2,10,4,16,0,9,14,4,27,0,18,18,45
10/13/2009,OTH,OR,ANM,WE,Federal Contract Tower,0,23,2,0,25,0,1,2,9,12,0,24,4,9,37,0,0,0,37
10/14/2009,OTH,OR,ANM,WE,Federal Contract Tower,0,12,4,1,17,0,2,1,10,13,0,14,5,11,30,2,4,6,36
10/15/2009,OTH,OR,ANM,WE,Federal Contract Tower,0,14,3,2,19,0,8,16,13,37,0,22,19,15,56,28,0,28,84
10/16/2009,OTH,OR,ANM,WE,Federal Contract Tower,0,14,5,1,20,0,11,5,3,19,0,25,10,4,39,10,0,10,49
10/17/2009,OTH,OR,ANM,WE,Federal Contract Tower,0,13,3,2,18,0,0,4,0,4,0,13,7,2,22,0,0,0,22
10/18/2009,OTH,OR,ANM,WE,Federal Contract Tower,0,9,7,0,16,0,0,2,4,6,0,9,9,4,22,0,0,0,22
10/19/2009,OTH,OR,ANM,WE,Federal Contract Tower,0,11,6,1,18,0,2,5,18,25,0,13,11,19,43,36,16,52,95
10/20/2009,OTH,OR,ANM,WE,Federal Contract Tower,0,14,5,0,19,0,11,13,18,42,0,25,18,18,61,14,12,26,87
10/21/2009,OTH,OR,ANM,WE,Federal Contract Tower,0,21,4,2,27,0,1,1,13,15,0,22,5,15,42,0,2,2,44
10/22/2009,OTH,OR,ANM,WE,Federal Contract Tower,0,27,4,0,31,0,4,10,8,22,0,31,14,8,53,20,0,20,73
10/23/2009,OTH,OR,ANM,WE,Federal Contract Tower,0,25,5,0,30,0,0,1,5,6,0,25,6,5,36,0,0,0,36
10/24/2009,OTH,OR,ANM,WE,Federal Contract Tower,0,7,1,0,8,0,6,7,5,18,0,13,8,5,26,6,0,6,32
10/25/2009,OTH,OR,ANM,WE,Federal Contract Tower,0,17,6,0,23,0,0,6,2,8,0,17,12,2,31,4,0,4,35
10/26/2009,OTH,OR,ANM,WE,Federal Contract Tower,0,15,3,4,22,0,1,2,8,11,0,16,5,12,33,0,2,2,35
10/27/2009,OTH,OR,ANM,WE,Federal Contract Tower,0,18,3,0,21,0,3,4,17,24,0,21,7,17,45,0,20,20,65
10/28/2009,OTH,OR,ANM,WE,Federal Contract Tower,0,12,6,0,18,0,3,5,11,19,0,15,11,11,37,6,24,30,67
10/29/2009,OTH,OR,ANM,WE,Federal Contract Tower,0,18,2,4,24,0,0,0,2,2,0,18,2,6,26,0,0,0,26
10/30/2009,OTH,OR,ANM,WE,Federal Contract Tower,0,13,0,2,15,0,5,13,13,31,0,18,13,15,46,2,14,16,62
10/31/2009,OTH,OR,ANM,WE,Federal Contract Tower,0,14,12,3,29,0,0,0,2,2,0,14,12,5,31,0,6,6,37
11/01/2009,OTH,OR,ANM,WE,Federal Contract Tower,0,6,0,0,6,0,2,18,4,24,0,8,18,4,30,10,4,14,44
11/02/2009,OTH,OR,ANM,WE,Federal Contract Tower,0,11,2,1,14,0,4,24,11,39,0,15,26,12,53,36,6,42,95
11/03/2009,OTH,OR,ANM,WE,Federal Contract Tower,0,23,0,0,23,0,7,14,15,36,0,30,14,15,59,4,20,24,83
11/04/2009,OTH,OR,ANM,WE,Federal Contract Tower,0,11,3,0,14,0,2,11,6,19,0,13,14,6,33,14,34,48,81
11/05/2009,OTH,OR,ANM,WE,Federal Contract Tower,0,17,6,0,23,0,3,0,8,11,0,20,6,8,34,0,46,46,80
11/06/2009,OTH,OR,ANM,WE,Federal Contract Tower,0,15,0,0,15,0,2,2,6,10,0,17,2,6,25,2,12,14,39
11/07/2009,OTH,OR,ANM,WE,Federal Contract Tower,0,10,2,0,12,0,2,0,1,3,0,12,2,1,15,2,6,8,23
11/08/2009,OTH,OR,ANM,WE,Federal Contract Tower,0,7,2,0,9,0,0,7,4,11,0,7,9,4,20,10,0,10,30
11/09/2009,OTH,OR,ANM,WE,Federal Contract Tower,0,14,0,2,16,0,2,2,7,11,0,16,2,9,27,0,4,4,31
11/10/2009,OTH,OR,ANM,WE,Federal Contract Tower,0,14,4,0,18,0,4,6,16,26,0,18,10,16,44,28,6,34,78
11/11/2009,OTH,OR,ANM,WE,Federal Contract Tower,0,14,1,4,19,0,1,3,2,6,0,15,4,6,25,0,0,0,25
11/12/2009,OTH,OR,ANM,WE,Federal Contract Tower,0,12,1,0,13,0,7,15,11,33,0,19,16,11,46,2,10,12,58
11/13/2009,OTH,OR,ANM,WE,Federal Contract Tower,0,17,1,0,18,0,2,4,8,14,0,19,5,8,32,0,16,16,48
11/14/2009,OTH,OR,ANM,WE,Federal Contract Tower,0,9,0,0,9,0,6,14,5,25,0,15,14,5,34,26,0,26,60
11/15/2009,OTH,OR,ANM,WE,Federal Contract Tower,0,9,7,0,16,0,0,4,5,9,0,9,11,5,25,0,10,10,35
11/16/2009,OTH,OR,ANM,WE,Federal Contract Tower,0,13,6,0,19,0,2,5,5,12,0,15,11,5,31,0,2,2,33
11/17/2009,OTH,OR,ANM,WE,Federal Contract Tower,0,15,1,0,16,0,4,7,18,29,0,19,8,18,45,0,32,32,77
11/18/2009,OTH,OR,ANM,WE,Federal Contract Tower,0,13,5,0,18,0,4,4,26,34,0,17,9,26,52,2,42,44,96
11/19/2009,OTH,OR,ANM,WE,Federal Contract Tower,0,12,1,0,13,0,4,0,11,15,0,16,1,11,28,0,14,14,42
11/20/2009,OTH,OR,ANM,WE,Federal Contract Tower,0,16,3,0,19,0,2,0,6,8,0,18,3,6,27,0,12,12,39
11/21/2009,OTH,OR,ANM,WE,Federal Contract Tower,0,11,4,0,15,0,2,6,2,10,0,13,10,2,25,16,0,16,41
11/22/2009,OTH,OR,ANM,WE,Federal Contract Tower,0,6,1,0,7,0,0,6,6,12,0,6,7,6,19,0,2,2,21
11/23/2009,OTH,OR,ANM,WE,Federal Contract Tower,0,13,2,0,15,0,4,13,23,40,0,17,15,23,55,2,22,24,79
11/24/2009,OTH,OR,ANM,WE,Federal Contract Tower,0,13,3,0,16,0,6,23,16,45,0,19,26,16,61,10,22,32,93
11/25/2009,OTH,OR,ANM,WE,Federal Contract Tower,0,12,2,1,15,0,5,29,11,45,0,17,31,12,60,10,4,14,74
11/26/2009,OTH,OR,ANM,WE,Federal Contract Tower,0,8,5,0,13,0,0,0,0,0,0,8,5,0,13,0,0,0,13
11/27/2009,OTH,OR,ANM,WE,Federal Contract Tower,0,16,2,0,18,0,3,2,5,10,0,19,4,5,28,10,0,10,38
11/28/2009,OTH,OR,ANM,WE,Federal Contract Tower,0,8,2,0,10,0,6,21,4,31,0,14,23,4,41,10,2,12,53
11/29/2009,OTH,OR,ANM,WE,Federal Contract Tower,0,6,4,0,10,0,0,21,3,24,0,6,25,3,34,20,0,20,54
11/30/2009,OTH,OR,ANM,WE,Federal Contract Tower,0,13,4,0,17,0,2,14,13,29,0,15,18,13,46,12,0,12,58
12/01/2009,OTH,OR,ANM,WE,Federal Contract Tower,0,21,1,1,23,0,3,10,15,28,0,24,11,16,51,2,6,8,59
12/02/2009,OTH,OR,ANM,WE,Federal Contract Tower,0,16,4,0,20,0,4,17,10,31,0,20,21,10,51,6,4,10,61
12/03/2009,OTH,OR,ANM,WE,Federal Contract Tower,0,15,6,0,21,0,6,9,13,28,0,21,15,13,49,10,14,24,73
12/04/2009,OTH,OR,ANM,WE,Federal Contract Tower,0,16,4,0,20,0,6,15,8,29,0,22,19,8,49,10,6,16,65
12/05/2009,OTH,OR,ANM,WE,Federal Contract Tower,0,9,2,0,11,0,5,26,7,38,0,14,28,7,49,4,4,8,57
12/06/2009,OTH,OR,ANM,WE,Federal Contract Tower,0,6,3,0,9,0,0,4,8,12,0,6,7,8,21,4,0,4,25
12/07/2009,OTH,OR,ANM,WE,Federal Contract Tower,0,12,3,0,15,0,4,10,18,32,0,16,13,18,47,0,20,20,67
12/08/2009,OTH,OR,ANM,WE,Federal Contract Tower,0,14,3,1,18,0,6,2,18,26,0,20,5,19,44,0,42,42,86
12/09/2009,OTH,OR,ANM,WE,Federal Contract Tower,0,13,8,2,23,0,4,17,17,38,0,17,25,19,61,14,10,24,85
12/10/2009,OTH,OR,ANM,WE,Federal Contract Tower,0,14,5,0,19,0,3,17,20,40,0,17,22,20,59,8,34,42,101
12/11/2009,OTH,OR,ANM,WE,Federal Contract Tower,0,12,8,0,20,0,2,1,6,9,0,14,9,6,29,0,0,0,29
12/12/2009,OTH,OR,ANM,WE,Federal Contract Tower,0,9,4,1,14,0,1,0,4,5,0,10,4,5,19,4,0,4,23
12/13/2009,OTH,OR,ANM,WE,Federal Contract Tower,0,5,3,1,9,0,0,4,3,7,0,5,7,4,16,12,12,24,40
12/14/2009,OTH,OR,ANM,WE,Federal Contract Tower,0,15,2,0,17,0,0,1,16,17,0,15,3,16,34,0,38,38,72
12/15/2009,OTH,OR,ANM,WE,Federal Contract Tower,0,17,7,2,26,0,1,1,13,15,0,18,8,15,41,0,106,106,147
12/16/2009,OTH,OR,ANM,WE,Federal Contract Tower,0,18,4,0,22,0,2,0,13,15,0,20,4,13,37,0,0,0,37
12/17/2009,OTH,OR,ANM,WE,Federal Contract Tower,0,10,2,0,12,0,8,3,14,25,0,18,5,14,37,0,0,0,37
12/18/2009,OTH,OR,ANM,WE,Federal Contract Tower,0,10,6,0,16,0,1,1,3,5,0,11,7,3,21,0,4,4,25
12/19/2009,OTH,OR,ANM,WE,Federal Contract Tower,0,8,4,0,12,0,0,4,4,8,0,8,8,4,20,0,0,0,20
12/20/2009,OTH,OR,ANM,WE,Federal Contract Tower,0,6,5,0,11,0,0,6,4,10,0,6,11,4,21,0,0,0,21
12/21/2009,OTH,OR,ANM,WE,Federal Contract Tower,0,15,6,1,22,0,1,3,4,8,0,16,9,5,30,0,0,0,30
12/22/2009,OTH,OR,ANM,WE,Federal Contract Tower,0,16,2,0,18,0,4,4,0,8,0,20,6,0,26,0,0,0,26
12/23/2009,OTH,OR,ANM,WE,Federal Contract Tower,0,15,2,0,17,0,5,20,5,30,0,20,22,5,47,18,0,18,65
12/24/2009,OTH,OR,ANM,WE,Federal Contract Tower,0,17,2,0,19,0,2,13,6,21,0,19,15,6,40,12,0,12,52
12/25/2009,OTH,OR,ANM,WE,Federal Contract Tower,0,6,1,0,7,0,0,4,2,6,0,6,5,2,13,4,6,10,23
12/26/2009,OTH,OR,ANM,WE,Federal Contract Tower,0,8,2,0,10,0,5,21,3,29,0,13,23,3,39,6,16,22,61
12/27/2009,OTH,OR,ANM,WE,Federal Contract Tower,0,6,1,0,7,0,0,0,6,6,0,6,1,6,13,0,2,2,15
12/28/2009,OTH,OR,ANM,WE,Federal Contract Tower,0,11,3,0,14,0,6,11,5,22,0,17,14,5,36,4,8,12,48
12/29/2009,OTH,OR,ANM,WE,Federal Contract Tower,0,19,1,0,20,0,2,2,3,7,0,21,3,3,27,0,32,32,59
12/30/2009,OTH,OR,ANM,WE,Federal Contract Tower,0,14,0,0,14,0,4,1,4,9,0,18,1,4,23,0,6,6,29
12/31/2009,OTH,OR,ANM,WE,Federal Contract Tower,0,18,3,0,21,0,0,0,5,5,0,18,3,5,26,0,0,0,26
01/01/2010,OTH,OR,ANM,WE,Federal Contract Tower,0,6,1,0,7,0,0,0,4,4,0,6,1,4,11,0,2,2,13
01/02/2010,OTH,OR,ANM,WE,Federal Contract Tower,0,11,1,2,14,0,3,14,5,22,0,14,15,7,36,14,0,14,50
01/03/2010,OTH,OR,ANM,WE,Federal Contract Tower,0,9,6,0,15,0,15,7,0,22,0,24,13,0,37,4,0,4,41
01/04/2010,OTH,OR,ANM,WE,Federal Contract Tower,0,12,7,0,19,0,5,4,7,16,0,17,11,7,35,0,0,0,35
01/05/2010,OTH,OR,ANM,WE,Federal Contract Tower,0,15,1,0,16,0,1,0,0,1,0,16,1,0,17,0,0,0,17
01/06/2010,OTH,OR,ANM,WE,Federal Contract Tower,0,20,1,0,21,0,0,0,0,0,0,20,1,0,21,0,0,0,21
01/07/2010,OTH,OR,ANM,WE,Federal Contract Tower,0,16,4,0,20,0,1,5,2,8,0,17,9,2,28,0,6,6,34
01/08/2010,OTH,OR,ANM,WE,Federal Contract Tower,0,16,0,0,16,0,4,1,8,13,0,20,1,8,29,4,0,4,33
01/09/2010,OTH,OR,ANM,WE,Federal Contract Tower,0,12,2,0,14,0,2,2,6,10,0,14,4,6,24,0,0,0,24
01/10/2010,OTH,OR,ANM,WE,Federal Contract Tower,0,6,2,0,8,0,2,8,2,12,0,8,10,2,20,4,0,4,24
01/11/2010,OTH,OR,ANM,WE,Federal Contract Tower,0,11,0,0,11,0,5,14,12,31,0,16,14,12,42,2,80,82,124
01/12/2010,OTH,OR,ANM,WE,Federal Contract Tower,0,12,1,2,15,0,4,0,7,11,0,16,1,9,26,0,66,66,92
01/13/2010,OTH,OR,ANM,WE,Federal Contract Tower,0,17,5,4,26,0,2,1,12,15,0,19,6,16,41,0,20,20,61
01/14/2010,OTH,OR,ANM,WE,Federal Contract Tower,0,12,4,0,16,0,6,19,10,35,0,18,23,10,51,28,12,40,91
01/15/2010,OTH,OR,ANM,WE,Federal Contract Tower,0,9,1,3,13,0,7,0,6,13,0,16,1,9,26,0,0,0,26
01/16/2010,OTH,OR,ANM,WE,Federal Contract Tower,0,11,2,2,15,0,0,3,3,6,0,11,5,5,21,0,6,6,27
01/17/2010,OTH,OR,ANM,WE,Federal Contract Tower,0,5,2,0,7,0,0,1,4,5,0,5,3,4,12,0,0,0,12
01/18/2010,OTH,OR,ANM,WE,Federal Contract Tower,0,6,4,0,10,0,1,4,5,10,0,7,8,5,20,0,6,6,26
01/19/2010,OTH,OR,ANM,WE,Federal Contract Tower,0,15,9,0,24,0,3,6,12,21,0,18,15,12,45,0,26,26,71
01/20/2010,OTH,OR,ANM,WE,Federal Contract Tower,0,12,0,0,12,0,3,5,13,21,0,15,5,13,33,22,22,44,77
01/21/2010,OTH,OR,ANM,WE,Federal Contract Tower,0,12,5,0,17,0,3,6,13,22,0,15,11,13,39,0,62,62,101
01/22/2010,OTH,OR,ANM,WE,Federal Contract Tower,0,12,0,0,12,0,0,4,6,10,0,12,4,6,22,18,0,18,40
01/23/2010,OTH,OR,ANM,WE,Federal Contract Tower,0,6,5,0,11,0,4,6,6,16,0,10,11,6,27,4,18,22,49
01/24/2010,OTH,OR,ANM,WE,Federal Contract Tower,0,5,1,0,6,0,0,0,6,6,0,5,1,6,12,0,0,0,12
01/25/2010,OTH,OR,ANM,WE,Federal Contract Tower,0,12,2,2,16,0,1,5,13,19,0,13,7,15,35,22,24,46,81
01/26/2010,OTH,OR,ANM,WE,Federal Contract Tower,0,14,2,0,16,0,4,3,12,19,0,18,5,12,35,0,2,2,37
01/27/2010,OTH,OR,ANM,WE,Federal Contract Tower,0,15,5,0,20,0,4,19,9,32,0,19,24,9,52,26,4,30,82
01/28/2010,OTH,OR,ANM,WE,Federal Contract Tower,0,14,4,1,19,0,5,9,12,26,0,19,13,13,45,8,22,30,75
01/29/2010,OTH,OR,ANM,WE,Federal Contract Tower,0,13,2,0,15,0,20,6,13,39,0,33,8,13,54,16,16,32,86
01/30/2010,OTH,OR,ANM,WE,Federal Contract Tower,0,10,2,0,12,0,3,11,0,14,0,13,13,0,26,0,0,0,26
01/31/2010,OTH,OR,ANM,WE,Federal Contract Tower,0,7,4,0,11,0,0,14,6,20,0,7,18,6,31,4,0,4,35
02/01/2010,OTH,OR,ANM,WE,Federal Contract Tower,0,11,1,1,13,0,2,0,6,8,0,13,1,7,21,16,38,54,75
02/02/2010,OTH,OR,ANM,WE,Federal Contract Tower,0,10,3,1,14,0,5,3,10,18,0,15,6,11,32,0,6,6,38
02/03/2010,OTH,OR,ANM,WE,Federal Contract Tower,0,19,5,0,24,0,0,0,14,14,0,19,5,14,38,0,18,18,56
02/04/2010,OTH,OR,ANM,WE,Federal Contract Tower,0,12,2,0,14,0,4,3,10,17,0,16,5,10,31,0,20,20,51
02/05/2010,OTH,OR,ANM,WE,Federal Contract Tower,0,11,3,0,14,0,8,6,7,21,0,19,9,7,35,2,2,4,39
02/06/2010,OTH,OR,ANM,WE,Federal Contract Tower,0,10,0,0,10,0,1,1,6,8,0,11,1,6,18,0,0,0,18
02/07/2010,OTH,OR,ANM,WE,Federal Contract Tower,0,7,1,0,8,0,1,14,2,17,0,8,15,2,25,6,2,8,33
02/08/2010,OTH,OR,ANM,WE,Federal Contract Tower,0,9,3,0,12,0,3,6,6,15,0,12,9,6,27,0,6,6,33
02/09/2010,OTH,OR,ANM,WE,Federal Contract Tower,0,14,0,1,15,0,2,4,7,13,0,16,4,8,28,2,0,2,30
02/10/2010,OTH,OR,ANM,WE,Federal Contract Tower,0,14,4,2,20,0,5,4,22,31,0,19,8,24,51,2,32,34,85
02/11/2010,OTH,OR,ANM,WE,Federal Contract Tower,0,14,3,0,17,0,0,1,4,5,0,14,4,4,22,0,14,14,36
02/12/2010,OTH,OR,ANM,WE,Federal Contract Tower,0,15,2,0,17,0,1,0,8,9,0,16,2,8,26,0,2,2,28
02/13/2010,OTH,OR,ANM,WE,Federal Contract Tower,0,7,1,0,8,0,4,4,4,12,0,11,5,4,20,2,0,2,22
02/14/2010,OTH,OR,ANM,WE,Federal Contract Tower,0,7,0,1,8,0,0,0,3,3,0,7,0,4,11,0,0,0,11
02/15/2010,OTH,OR,ANM,WE,Federal Contract Tower,0,11,3,0,14,0,1,3,4,8,0,12,6,4,22,22,18,40,62
02/16/2010,OTH,OR,ANM,WE,Federal Contract Tower,0,18,8,11,37,0,2,1,5,8,0,20,9,16,45,0,8,8,53
02/17/2010,OTH,OR,ANM,WE,Federal Contract Tower,0,16,4,0,20,0,7,24,12,43,0,23,28,12,63,20,14,34,97
02/18/2010,OTH,OR,ANM,WE,Federal Contract Tower,0,16,3,2,21,0,6,14,4,24,0,22,17,6,45,4,4,8,53
02/19/2010,OTH,OR,ANM,WE,Federal Contract Tower,0,11,3,1,15,0,5,23,7,35,0,16,26,8,50,6,0,6,56
02/20/2010,OTH,OR,ANM,WE,Federal Contract Tower,0,6,1,0,7,0,6,23,4,33,0,12,24,4,40,26,0,26,66
02/21/2010,OTH,OR,ANM,WE,Federal Contract Tower,0,4,0,0,4,0,0,18,3,21,0,4,18,3,25,32,0,32,57
02/22/2010,OTH,OR,ANM,WE,Federal Contract Tower,0,14,2,0,16,0,6,14,15,35,0,20,16,15,51,8,10,18,69
02/23/2010,OTH,OR,ANM,WE,Federal Contract Tower,0,19,0,3,22,0,1,2,16,19,0,20,2,19,41,0,52,52,93
02/24/2010,OTH,OR,ANM,WE,Federal Contract Tower,0,18,4,0,22,0,2,1,14,17,0,20,5,14,39,0,70,70,109
02/25/2010,OTH,OR,ANM,WE,Federal Contract Tower,0,16,9,1,26,0,3,6,9,18,0,19,15,10,44,10,4,14,58
02/26/2010,OTH,OR,ANM,WE,Federal Contract Tower,0,14,4,0,18,0,1,0,7,8,0,15,4,7,26,0,2,2,28
02/27/2010,OTH,OR,ANM,WE,Federal Contract Tower,0,6,0,0,6,0,3,6,3,12,0,9,6,3,18,0,0,0,18
02/28/2010,OTH,OR,ANM,WE,Federal Contract Tower,0,7,2,0,9,0,0,11,3,14,0,7,13,3,23,0,0,0,23
03/01/2010,OTH,OR,ANM,WE,Federal Contract Tower,0,15,1,0,16,0,2,7,7,16,0,17,8,7,32,12,36,48,80
03/02/2010,OTH,OR,ANM,WE,Federal Contract Tower,0,17,1,0,18,0,1,1,5,7,0,18,2,5,25,0,2,2,27
03/03/2010,OTH,OR,ANM,WE,Federal Contract Tower,0,15,3,0,18,0,5,0,4,9,0,20,3,4,27,0,4,4,31
03/04/2010,OTH,OR,ANM,WE,Federal Contract Tower,0,16,7,0,23,0,7,1,8,16,0,23,8,8,39,2,10,12,51
03/05/2010,OTH,OR,ANM,WE,Federal Contract Tower,0,13,10,0,23,0,4,21,8,33,0,17,31,8,56,16,0,16,72
03/06/2010,OTH,OR,ANM,WE,Federal Contract Tower,0,7,4,0,11,0,4,46,1,51,0,11,50,1,62,2,2,4,66
03/07/2010,OTH,OR,ANM,WE,Federal Contract Tower,0,5,8,0,13,0,0,11,7,18,0,5,19,7,31,20,8,28,59
03/08/2010,OTH,OR,ANM,WE,Federal Contract Tower,0,13,2,0,15,0,1,2,13,16,0,14,4,13,31,0,16,16,47
03/09/2010,OTH,OR,ANM,WE,Federal Contract Tower,0,19,3,0,22,0,3,0,7,10,0,22,3,7,32,0,2,2,34
03/10/2010,OTH,OR,ANM,WE,Federal Contract Tower,0,13,7,0,20,0,3,10,13,26,0,16,17,13,46,8,18,26,72
03/11/2010,OTH,OR,ANM,WE,Federal Contract Tower,0,20,6,0,26,0,1,0,14,15,0,21,6,14,41,0,44,44,85
03/12/2010,OTH,OR,ANM,WE,Federal Contract Tower,0,11,2,0,13,0,2,4,8,14,0,13,6,8,27,10,31,41,68
03/13/2010,OTH,OR,ANM,WE,Federal Contract Tower,0,5,4,0,9,0,4,9,4,17,0,9,13,4,26,0,0,0,26
03/14/2010,OTH,OR,ANM,WE,Federal Contract Tower,0,6,1,0,7,0,0,12,6,18,0,6,13,6,25,4,1,5,30
03/15/2010,OTH,OR,ANM,WE,Federal Contract Tower,0,12,8,1,21,0,6,5,12,23,0,18,13,13,44,0,36,36,80
03/16/2010,OTH,OR,ANM,WE,Federal Contract Tower,0,17,7,3,27,0,1,5,8,14,0,18,12,11,41,2,30,32,73
03/17/2010,OTH,OR,ANM,WE,Federal Contract Tower,0,13,1,0,14,0,3,10,16,29,0,16,11,16,43,4,12,16,59
03/18/2010,OTH,OR,ANM,WE,Federal Contract Tower,0,14,4,0,18,0,8,13,15,36,0,22,17,15,54,4,0,4,58
03/19/2010,OTH,OR,ANM,WE,Federal Contract Tower,0,12,4,1,17,0,8,33,13,54,0,20,37,14,71,8,8,16,87
03/20/2010,OTH,OR,ANM,WE,Federal Contract Tower,0,11,4,0,15,0,5,15,4,24,0,16,19,4,39,0,4,4,43
03/21/2010,OTH,OR,ANM,WE,Federal Contract Tower,0,6,0,0,6,0,0,2,4,6,0,6,2,4,12,0,0,0,12
03/22/2010,OTH,OR,ANM,WE,Federal Contract Tower,0,11,0,0,11,0,4,9,19,32,0,15,9,19,43,0,10,10,53
03/23/2010,OTH,OR,ANM,WE,Federal Contract Tower,0,11,1,0,12,0,5,12,17,34,0,16,13,17,46,8,4,12,58
03/24/2010,OTH,OR,ANM,WE,Federal Contract Tower,0,9,3,1,13,0,5,2,8,15,0,14,5,9,28,0,0,0,28
03/25/2010,OTH,OR,ANM,WE,Federal Contract Tower,0,17,4,0,21,0,1,0,18,19,0,18,4,18,40,0,94,94,134
03/26/2010,OTH,OR,ANM,WE,Federal Contract Tower,0,16,1,0,17,0,1,3,12,16,0,17,4,12,33,0,16,16,49
03/27/2010,OTH,OR,ANM,WE,Federal Contract Tower,0,7,0,0,7,0,4,26,5,35,0,11,26,5,42,8,4,12,54
03/28/2010,OTH,OR,ANM,WE,Federal Contract Tower,0,8,4,0,12,0,0,0,3,3,0,8,4,3,15,0,0,0,15
03/29/2010,OTH,OR,ANM,WE,Federal Contract Tower,0,14,3,0,17,0,3,0,8,11,0,17,3,8,28,0,6,6,34
03/30/2010,OTH,OR,ANM,WE,Federal Contract Tower,0,16,2,0,18,0,2,0,7,9,0,18,2,7,27,0,0,0,27
03/31/2010,OTH,OR,ANM,WE,Federal Contract Tower,0,12,5,0,17,0,5,5,14,24,0,17,10,14,41,20,6,26,67
04/01/2010,OTH,OR,ANM,WE,Federal Contract Tower,0,17,1,0,18,0,4,9,11,24,0,21,10,11,42,2,2,4,46
04/02/2010,OTH,OR,ANM,WE,Federal Contract Tower,0,14,0,0,14,0,2,0,7,9,0,16,0,7,23,0,24,24,47
04/03/2010,OTH,OR,ANM,WE,Federal Contract Tower,0,12,3,0,15,0,1,0,5,6,0,13,3,5,21,0,16,16,37
04/04/2010,OTH,OR,ANM,WE,Federal Contract Tower,0,0,0,0,0,0,0,1,4,5,0,0,1,4,5,0,4,4,9
04/05/2010,OTH,OR,ANM,WE,Federal Contract Tower,0,14,2,0,16,0,1,3,9,13,0,15,5,9,29,0,6,6,35
04/06/2010,OTH,OR,ANM,WE,Federal Contract Tower,0,18,3,0,21,0,4,2,7,13,0,22,5,7,34,0,4,4,38
04/07/2010,OTH,OR,ANM,WE,Federal Contract Tower,0,11,6,2,19,0,7,14,7,28,0,18,20,9,47,0,0,0,47
04/08/2010,OTH,OR,ANM,WE,Federal Contract Tower,0,10,3,1,14,0,9,4,11,24,0,19,7,12,38,0,0,0,38
04/09/2010,OTH,OR,ANM,WE,Federal Contract Tower,0,14,1,0,15,0,8,8,17,33,0,22,9,17,48,4,32,36,84
04/10/2010,OTH,OR,ANM,WE,Federal Contract Tower,0,8,7,0,15,0,3,10,7,20,0,11,17,7,35,0,2,2,37
04/11/2010,OTH,OR,ANM,WE,Federal Contract Tower,0,3,1,0,4,0,0,6,5,11,0,3,7,5,15,0,14,14,29
04/12/2010,OTH,OR,ANM,WE,Federal Contract Tower,0,10,4,0,14,0,2,4,11,17,0,12,8,11,31,4,2,6,37
04/13/2010,OTH,OR,ANM,WE,Federal Contract Tower,0,12,6,0,18,0,3,2,4,9,0,15,8,4,27,6,6,12,39
04/14/2010,OTH,OR,ANM,WE,Federal Contract Tower,0,11,2,0,13,0,8,1,10,19,0,19,3,10,32,14,6,20,52
04/15/2010,OTH,OR,ANM,WE,Federal Contract Tower,0,13,4,1,18,0,6,19,6,31,0,19,23,7,49,18,0,18,67
04/16/2010,OTH,OR,ANM,WE,Federal Contract Tower,0,11,6,0,17,0,5,12,4,21,0,16,18,4,38,10,0,10,48
04/17/2010,OTH,OR,ANM,WE,Federal Contract Tower,0,8,4,0,12,0,2,5,6,13,0,10,9,6,25,0,2,2,27
04/18/2010,OTH,OR,ANM,WE,Federal Contract Tower,0,5,5,0,10,0,1,20,6,27,0,6,25,6,37,8,0,8,45
04/19/2010,OTH,OR,ANM,WE,Federal Contract Tower,0,14,3,0,17,0,2,5,8,15,0,16,8,8,32,0,6,6,38
04/20/2010,OTH,OR,ANM,WE,Federal Contract Tower,0,20,2,0,22,0,0,0,11,11,0,20,2,11,33,0,8,8,41
04/21/2010,OTH,OR,ANM,WE,Federal Contract Tower,0,16,6,0,22,0,4,1,6,11,0,20,7,6,33,0,12,12,45
04/22/2010,OTH,OR,ANM,WE,Federal Contract Tower,0,14,2,2,18,0,12,4,6,22,0,26,6,8,40,0,24,24,64
04/23/2010,OTH,OR,ANM,WE,Federal Contract Tower,0,14,5,3,22,0,3,9,8,20,0,17,14,11,42,16,0,16,58
04/24/2010,OTH,OR,ANM,WE,Federal Contract Tower,0,9,4,0,13,0,4,7,9,20,0,13,11,9,33,6,0,6,39
04/25/2010,OTH,OR,ANM,WE,Federal Contract Tower,0,9,4,0,13,0,0,11,4,15,0,9,15,4,28,4,0,4,32
04/26/2010,OTH,OR,ANM,WE,Federal Contract Tower,0,14,1,2,17,0,0,0,12,12,0,14,1,14,29,0,2,2,31
04/27/2010,OTH,OR,ANM,WE,Federal Contract Tower,0,19,1,0,20,0,1,0,8,9,0,20,1,8,29,0,12,12,41
04/28/2010,OTH,OR,ANM,WE,Federal Contract Tower,0,14,4,0,18,0,3,2,11,16,0,17,6,11,34,0,6,6,40
04/29/2010,OTH,OR,ANM,WE,Federal Contract Tower,0,13,9,0,22,0,2,2,8,12,0,15,11,8,34,0,16,16,50
04/30/2010,OTH,OR,ANM,WE,Federal Contract Tower,0,11,5,0,16,0,8,9,8,25,0,19,14,8,41,0,2,2,43
05/01/2010,OTH,OR,ANM,WE,Federal Contract Tower,0,15,8,1,24,0,0,1,2,3,0,15,9,3,27,0,2,2,29
05/02/2010,OTH,OR,ANM,WE,Federal Contract Tower,0,5,4,0,9,0,0,14,6,20,0,5,18,6,29,8,18,26,55
05/03/2010,OTH,OR,ANM,WE,Federal Contract Tower,0,17,4,2,23,0,1,1,7,9,0,18,5,9,32,0,16,16,48
05/04/2010,OTH,OR,ANM,WE,Federal Contract Tower,1,22,3,0,26,0,3,7,4,14,1,25,10,4,40,2,4,6,46
05/05/2010,OTH,OR,ANM,WE,Federal Contract Tower,0,15,10,0,25,0,0,17,2,19,0,15,27,2,44,10,10,20,64
05/06/2010,OTH,OR,ANM,WE,Federal Contract Tower,1,14,9,1,25,0,11,8,6,25,1,25,17,7,50,0,0,0,50
05/07/2010,OTH,OR,ANM,WE,Federal Contract Tower,0,11,5,0,16,0,9,19,6,34,0,20,24,6,50,10,0,10,60
05/08/2010,OTH,OR,ANM,WE,Federal Contract Tower,0,12,2,0,14,0,3,12,5,20,0,15,14,5,34,0,0,0,34
05/09/2010,OTH,OR,ANM,WE,Federal Contract Tower,0,7,4,0,11,0,0,3,5,8,0,7,7,5,19,0,0,0,19
05/10/2010,OTH,OR,ANM,WE,Federal Contract Tower,0,12,5,0,17,0,0,3,9,12,0,12,8,9,29,0,8,8,37
05/11/2010,OTH,OR,ANM,WE,Federal Contract Tower,0,19,9,2,30,0,5,15,13,33,0,24,24,15,63,12,4,16,79
05/12/2010,OTH,OR,ANM,WE,Federal Contract Tower,0,13,8,1,22,0,12,9,10,31,0,25,17,11,53,6,0,6,59
05/13/2010,OTH,OR,ANM,WE,Federal Contract Tower,0,15,10,0,25,0,8,16,4,28,0,23,26,4,53,0,2,2,55
05/14/2010,OTH,OR,ANM,WE,Federal Contract Tower,0,12,16,3,31,0,3,10,4,17,0,15,26,7,48,0,0,0,48
05/15/2010,OTH,OR,ANM,WE,Federal Contract Tower,0,15,5,0,20,0,1,11,5,17,0,16,16,5,37,0,0,0,37
05/16/2010,OTH,OR,ANM,WE,Federal Contract Tower,0,14,12,0,26,0,1,11,3,15,0,15,23,3,41,0,0,0,41
05/17/2010,OTH,OR,ANM,WE,Federal Contract Tower,0,11,6,2,19,0,0,2,10,12,0,11,8,12,31,0,4,4,35
05/18/2010,OTH,OR,ANM,WE,Federal Contract Tower,0,18,4,0,22,0,3,2,0,5,0,21,6,0,27,0,0,0,27
05/19/2010,OTH,OR,ANM,WE,Federal Contract Tower,0,14,7,0,21,0,5,0,6,11,0,19,7,6,32,0,48,48,80
05/20/2010,OTH,OR,ANM,WE,Federal Contract Tower,0,20,9,0,29,0,3,2,11,16,0,23,11,11,45,0,6,6,51
05/21/2010,OTH,OR,ANM,WE,Federal Contract Tower,0,21,4,0,25,0,2,2,14,18,0,23,6,14,43,0,0,0,43
05/22/2010,OTH,OR,ANM,WE,Federal Contract Tower,0,13,8,0,21,0,1,16,5,22,0,14,24,5,43,12,2,14,57
05/23/2010,OTH,OR,ANM,WE,Federal Contract Tower,0,16,5,0,21,0,0,7,3,10,0,16,12,3,31,0,2,2,33
05/24/2010,OTH,OR,ANM,WE,Federal Contract Tower,0,16,3,1,20,0,4,8,10,22,0,20,11,11,42,0,0,0,42
05/25/2010,OTH,OR,ANM,WE,Federal Contract Tower,0,21,5,0,26,0,0,2,2,4,0,21,7,2,30,0,0,0,30
05/26/2010,OTH,OR,ANM,WE,Federal Contract Tower,0,14,5,0,19,0,4,6,8,18,0,18,11,8,37,0,6,6,43
05/27/2010,OTH,OR,ANM,WE,Federal Contract Tower,0,14,1,0,15,0,3,12,15,30,0,17,13,15,45,0,48,48,93
05/28/2010,OTH,OR,ANM,WE,Federal Contract Tower,0,17,1,0,18,0,1,13,10,24,0,18,14,10,42,8,10,18,60
05/29/2010,OTH,OR,ANM,WE,Federal Contract Tower,0,9,1,0,10,0,2,17,8,27,0,11,18,8,37,0,4,4,41
05/30/2010,OTH,OR,ANM,WE,Federal Contract Tower,0,6,2,0,8,0,0,17,9,26,0,6,19,9,34,2,0,2,36
05/31/2010,OTH,OR,ANM,WE,Federal Contract Tower,0,10,13,0,23,0,0,0,4,4,0,10,13,4,27,0,0,0,27
06/01/2010,OTH,OR,ANM,WE,Federal Contract Tower,0,16,9,0,25,0,1,1,7,9,0,17,10,7,34,0,8,8,42
06/02/2010,OTH,OR,ANM,WE,Federal Contract Tower,0,17,12,0,29,0,0,0,8,8,0,17,12,8,37,0,0,0,37
06/03/2010,OTH,OR,ANM,WE,Federal Contract Tower,0,22,12,0,34,0,0,2,13,15,0,22,14,13,49,0,0,0,49
06/04/2010,OTH,OR,ANM,WE,Federal Contract Tower,0,19,9,1,29,0,5,6,0,11,0,24,15,1,40,8,14,22,62
06/05/2010,OTH,OR,ANM,WE,Federal Contract Tower,0,10,8,0,18,0,5,25,8,38,0,15,33,8,56,4,0,4,60
06/06/2010,OTH,OR,ANM,WE,Federal Contract Tower,0,9,7,2,18,0,0,0,0,0,0,9,7,2,18,0,0,0,18
06/07/2010,OTH,OR,ANM,WE,Federal Contract Tower,0,14,17,0,31,0,5,20,3,28,0,19,37,3,59,4,4,8,67
06/08/2010,OTH,OR,ANM,WE,Federal Contract Tower,0,19,9,1,29,0,1,11,7,19,0,20,20,8,48,0,16,16,64
06/09/2010,OTH,OR,ANM,WE,Federal Contract Tower,0,18,21,0,39,0,1,1,7,9,0,19,22,7,48,0,24,24,72
06/10/2010,OTH,OR,ANM,WE,Federal Contract Tower,0,16,3,1,20,0,2,1,5,8,0,18,4,6,28,1,0,1,29
06/11/2010,OTH,OR,ANM,WE,Federal Contract Tower,0,16,8,0,24,0,5,9,11,25,0,21,17,11,49,4,6,10,59
06/12/2010,OTH,OR,ANM,WE,Federal Contract Tower,0,8,12,2,22,0,5,28,6,39,0,13,40,8,61,14,4,18,79
06/13/2010,OTH,OR,ANM,WE,Federal Contract Tower,0,11,14,1,26,0,0,7,5,12,0,11,21,6,38,2,18,20,58
06/14/2010,OTH,OR,ANM,WE,Federal Contract Tower,0,17,8,0,25,0,5,11,13,29,0,22,19,13,54,0,4,4,58
06/15/2010,OTH,OR,ANM,WE,Federal Contract Tower,0,23,10,0,33,0,6,10,15,31,0,29,20,15,64,24,18,42,106
06/16/2010,OTH,OR,ANM,WE,Federal Contract Tower,0,16,10,0,26,0,6,19,8,33,0,22,29,8,59,26,4,30,89
06/17/2010,OTH,OR,ANM,WE,Federal Contract Tower,0,22,15,2,39,0,5,9,16,30,0,27,24,18,69,4,12,16,85
06/18/2010,OTH,OR,ANM,WE,Federal Contract Tower,0,12,6,0,18,0,0,0,0,0,0,12,6,0,18,2,14,16,34
06/19/2010,OTH,OR,ANM,WE,Federal Contract Tower,0,11,5,0,16,0,1,11,8,20,0,12,16,8,36,0,16,16,52
06/20/2010,OTH,OR,ANM,WE,Federal Contract Tower,0,5,9,0,14,0,1,12,7,20,0,6,21,7,34,2,0,2,36
06/21/2010,OTH,OR,ANM,WE,Federal Contract Tower,0,16,8,0,24,0,6,10,7,23,0,22,18,7,47,0,0,0,47
06/22/2010,OTH,OR,ANM,WE,Federal Contract Tower,0,18,9,3,30,0,1,12,11,24,0,19,21,14,54,16,8,24,78
06/23/2010,OTH,OR,ANM,WE,Federal Contract Tower,0,19,15,4,38,0,1,4,3,8,0,20,19,7,46,6,34,40,86
06/24/2010,OTH,OR,ANM,WE,Federal Contract Tower,0,18,5,3,26,0,2,5,6,13,0,20,10,9,39,2,0,2,41
06/25/2010,OTH,OR,ANM,WE,Federal Contract Tower,0,22,5,1,28,0,3,8,8,19,0,25,13,9,47,2,4,6,53
06/26/2010,OTH,OR,ANM,WE,Federal Contract Tower,0,11,2,0,13,0,3,21,7,31,0,14,23,7,44,4,8,12,56
06/27/2010,OTH,OR,ANM,WE,Federal Contract Tower,0,10,3,0,13,0,0,15,2,17,0,10,18,2,30,2,8,10,40
06/28/2010,OTH,OR,ANM,WE,Federal Contract Tower,0,17,11,2,30,0,2,10,6,18,0,19,21,8,48,0,0,0,48
06/29/2010,OTH,OR,ANM,WE,Federal Contract Tower,0,15,7,0,22,0,5,10,4,19,0,20,17,4,41,2,14,16,57
06/30/2010,OTH,OR,ANM,WE,Federal Contract Tower,0,11,6,0,17,0,8,15,6,29,0,19,21,6,46,14,6,20,66
07/01/2010,OTH,OR,ANM,WE,Federal Contract Tower,0,14,3,0,17,0,6,16,4,26,0,20,19,4,43,10,0,10,53
07/02/2010,OTH,OR,ANM,WE,Federal Contract Tower,0,16,9,0,25,0,4,17,5,26,0,20,26,5,51,28,0,28,79
07/03/2010,OTH,OR,ANM,WE,Federal Contract Tower,0,9,5,0,14,0,4,17,1,22,0,13,22,1,36,18,0,18,54
07/04/2010,OTH,OR,ANM,WE,Federal Contract Tower,0,6,0,0,6,0,0,10,7,17,0,6,10,7,23,24,8,32,55
07/05/2010,OTH,OR,ANM,WE,Federal Contract Tower,0,9,3,0,12,0,0,21,3,24,0,9,24,3,36,10,0,10,46
07/06/2010,OTH,OR,ANM,WE,Federal Contract Tower,0,9,4,0,13,0,8,19,10,37,0,17,23,10,50,6,16,22,72
07/07/2010,OTH,OR,ANM,WE,Federal Contract Tower,0,19,7,0,26,0,3,16,3,22,0,22,23,3,48,20,10,30,78
07/08/2010,OTH,OR,ANM,WE,Federal Contract Tower,0,26,7,1,34,0,6,12,1,19,0,32,19,2,53,18,0,18,71
07/09/2010,OTH,OR,ANM,WE,Federal Contract Tower,0,19,5,1,25,0,3,18,4,25,0,22,23,5,50,4,0,4,54
07/10/2010,OTH,OR,ANM,WE,Federal Contract Tower,0,12,5,0,17,0,1,4,3,8,0,13,9,3,25,12,0,12,37
07/11/2010,OTH,OR,ANM,WE,Federal Contract Tower,0,11,7,0,18,0,0,9,3,12,0,11,16,3,30,6,0,6,36
07/12/2010,OTH,OR,ANM,WE,Federal Contract Tower,0,16,5,0,21,0,9,8,7,24,0,25,13,7,45,4,10,14,59
07/13/2010,OTH,OR,ANM,WE,Federal Contract Tower,0,14,4,0,18,0,10,24,6,40,0,24,28,6,58,28,8,36,94
07/14/2010,OTH,OR,ANM,WE,Federal Contract Tower,0,11,6,2,19,0,9,23,12,44,0,20,29,14,63,8,44,52,115
07/15/2010,OTH,OR,ANM,WE,Federal Contract Tower,0,16,10,1,27,0,2,16,5,23,0,18,26,6,50,12,2,14,64
07/16/2010,OTH,OR,ANM,WE,Federal Contract Tower,0,14,5,0,19,0,6,21,10,37,0,20,26,10,56,4,2,6,62
07/17/2010,OTH,OR,ANM,WE,Federal Contract Tower,0,10,3,0,13,0,3,12,4,19,0,13,15,4,32,10,6,16,48
07/18/2010,OTH,OR,ANM,WE,Federal Contract Tower,0,12,7,0,19,0,14,3,0,17,0,26,10,0,36,8,2,10,46
07/19/2010,OTH,OR,ANM,WE,Federal Contract Tower,0,14,6,0,20,0,8,16,7,31,0,22,22,7,51,20,26,46,97
07/20/2010,OTH,OR,ANM,WE,Federal Contract Tower,0,21,6,0,27,0,4,31,9,44,0,25,37,9,71,16,0,16,87
07/21/2010,OTH,OR,ANM,WE,Federal Contract Tower,0,23,22,0,45,0,0,15,8,23,0,23,37,8,68,14,2,16,84
07/22/2010,OTH,OR,ANM,WE,Federal Contract Tower,0,21,12,0,33,0,4,13,2,19,0,25,25,2,52,0,0,0,52
07/23/2010,OTH,OR,ANM,WE,Federal Contract Tower,0,22,10,0,32,0,4,19,6,29,0,26,29,6,61,20,0,20,81
07/24/2010,OTH,OR,ANM,WE,Federal Contract Tower,0,14,6,0,20,0,3,3,4,10,0,17,9,4,30,4,6,10,40
07/25/2010,OTH,OR,ANM,WE,Federal Contract Tower,0,14,17,1,32,0,0,4,4,8,0,14,21,5,40,10,4,14,54
07/26/2010,OTH,OR,ANM,WE,Federal Contract Tower,0,17,5,0,22,0,1,14,6,21,0,18,19,6,43,4,44,48,91
07/27/2010,OTH,OR,ANM,WE,Federal Contract Tower,0,20,2,0,22,0,2,5,6,13,0,22,7,6,35,0,0,0,35
07/28/2010,OTH,OR,ANM,WE,Federal Contract Tower,0,28,6,1,35,0,3,1,9,13,0,31,7,10,48,0,0,0,48
07/29/2010,OTH,OR,ANM,WE,Federal Contract Tower,0,25,12,2,39,0,0,5,5,10,0,25,17,7,49,2,2,4,53
07/30/2010,OTH,OR,ANM,WE,Federal Contract Tower,0,23,9,1,33,0,0,3,4,7,0,23,12,5,40,0,32,32,72
07/31/2010,OTH,OR,ANM,WE,Federal Contract Tower,0,15,6,0,21,0,0,22,4,26,0,15,28,4,47,14,10,24,71
08/01/2010,OTH,OR,ANM,WE,Federal Contract Tower,0,14,4,1,19,0,0,19,3,22,0,14,23,4,41,12,0,12,53
08/02/2010,OTH,OR,ANM,WE,Federal Contract Tower,0,21,11,2,34,0,3,4,9,16,0,24,15,11,50,0,0,0,50
08/03/2010,OTH,OR,ANM,WE,Federal Contract Tower,0,24,14,1,39,0,3,9,11,23,0,27,23,12,62,28,28,56,118
08/04/2010,OTH,OR,ANM,WE,Federal Contract Tower,0,25,10,1,36,0,1,5,6,12,0,26,15,7,48,38,0,38,86
08/05/2010,OTH,OR,ANM,WE,Federal Contract Tower,0,25,11,7,43,0,4,13,5,22,0,29,24,12,65,12,0,12,77
08/06/2010,OTH,OR,ANM,WE,Federal Contract Tower,0,23,13,4,40,0,4,9,12,25,0,27,22,16,65,36,14,50,115
08/07/2010,OTH,OR,ANM,WE,Federal Contract Tower,0,15,9,0,24,0,3,18,4,25,0,18,27,4,49,16,8,24,73
08/08/2010,OTH,OR,ANM,WE,Federal Contract Tower,0,10,19,2,31,0,1,3,4,8,0,11,22,6,39,8,2,10,49
08/09/2010,OTH,OR,ANM,WE,Federal Contract Tower,0,14,9,1,24,0,5,23,12,40,0,19,32,13,64,4,2,6,70
08/10/2010,OTH,OR,ANM,WE,Federal Contract Tower,0,22,4,0,26,0,2,5,6,13,0,24,9,6,39,2,0,2,41
08/11/2010,OTH,OR,ANM,WE,Federal Contract Tower,0,18,12,4,34,0,0,3,1,4,0,18,15,5,38,2,10,12,50
08/12/2010,OTH,OR,ANM,WE,Federal Contract Tower,0,23,5,2,30,0,1,5,4,10,0,24,10,6,40,16,14,30,70
08/13/2010,OTH,OR,ANM,WE,Federal Contract Tower,0,21,12,3,36,0,4,12,2,18,0,25,24,5,54,2,12,14,68
08/14/2010,OTH,OR,ANM,WE,Federal Contract Tower,0,14,4,0,18,0,20,4,0,24,0,34,8,0,42,20,8,28,70
08/15/2010,OTH,OR,ANM,WE,Federal Contract Tower,0,7,3,2,12,0,0,11,4,15,0,7,14,6,27,6,4,10,37
08/16/2010,OTH,OR,ANM,WE,Federal Contract Tower,0,20,13,5,38,0,1,8,2,11,0,21,21,7,49,0,4,4,53
08/17/2010,OTH,OR,ANM,WE,Federal Contract Tower,0,22,14,2,38,0,1,3,3,7,0,23,17,5,45,0,0,0,45
08/18/2010,OTH,OR,ANM,WE,Federal Contract Tower,0,21,14,0,35,0,2,23,11,36,0,23,37,11,71,18,0,18,89
08/19/2010,OTH,OR,ANM,WE,Federal Contract Tower,0,19,5,1,25,0,7,5,8,20,0,26,10,9,45,10,6,16,61
08/20/2010,OTH,OR,ANM,WE,Federal Contract Tower,0,21,9,0,30,0,4,18,8,30,0,25,27,8,60,14,8,22,82
08/21/2010,OTH,OR,ANM,WE,Federal Contract Tower,0,12,8,0,20,0,2,12,4,18,0,14,20,4,38,16,0,16,54
08/22/2010,OTH,OR,ANM,WE,Federal Contract Tower,0,10,16,0,26,0,1,14,5,20,0,11,30,5,46,18,24,42,88
08/23/2010,OTH,OR,ANM,WE,Federal Contract Tower,0,13,5,0,18,0,8,25,10,43,0,21,30,10,61,24,0,24,85
08/24/2010,OTH,OR,ANM,WE,Federal Contract Tower,0,13,5,0,18,0,13,29,10,52,0,26,34,10,70,14,10,24,94
08/25/2010,OTH,OR,ANM,WE,Federal Contract Tower,0,23,10,0,33,0,2,31,11,44,0,25,41,11,77,54,28,82,159
08/26/2010,OTH,OR,ANM,WE,Federal Contract Tower,0,17,7,1,25,0,5,13,8,26,0,22,20,9,51,10,2,12,63
08/27/2010,OTH,OR,ANM,WE,Federal Contract Tower,0,13,5,0,18,0,8,29,27,64,0,21,34,27,82,18,18,36,118
08/28/2010,OTH,OR,ANM,WE,Federal Contract Tower,0,13,7,1,21,0,3,38,8,49,0,16,45,9,70,10,10,20,90
08/29/2010,OTH,OR,ANM,WE,Federal Contract Tower,0,13,12,0,25,0,0,29,3,32,0,13,41,3,57,24,6,30,87
08/30/2010,OTH,OR,ANM,WE,Federal Contract Tower,0,16,15,2,33,0,1,3,10,14,0,17,18,12,47,0,86,86,133
08/31/2010,OTH,OR,ANM,WE,Federal Contract Tower,0,14,6,0,20,0,3,15,11,29,0,17,21,11,49,0,0,0,49
09/01/2010,OTH,OR,ANM,WE,Federal Contract Tower,0,26,9,1,36,0,2,8,8,18,0,28,17,9,54,14,20,34,88
09/02/2010,OTH,OR,ANM,WE,Federal Contract Tower,0,13,4,0,17,0,8,23,19,50,0,21,27,19,67,16,18,34,101
09/03/2010,OTH,OR,ANM,WE,Federal Contract Tower,0,25,9,1,35,0,3,3,10,16,0,28,12,11,51,4,50,54,105
09/04/2010,OTH,OR,ANM,WE,Federal Contract Tower,0,14,11,0,25,0,1,3,5,9,0,15,14,5,34,8,6,14,48
09/05/2010,OTH,OR,ANM,WE,Federal Contract Tower,0,9,3,0,12,0,2,20,6,28,0,11,23,6,40,20,12,32,72
09/06/2010,OTH,OR,ANM,WE,Federal Contract Tower,0,10,3,0,13,0,1,25,5,31,0,11,28,5,44,20,12,32,76
09/07/2010,OTH,OR,ANM,WE,Federal Contract Tower,0,26,7,0,33,0,0,3,2,5,0,26,10,2,38,16,0,16,54
09/08/2010,OTH,OR,ANM,WE,Federal Contract Tower,0,21,12,1,34,0,1,2,7,10,0,22,14,8,44,2,12,14,58
09/09/2010,OTH,OR,ANM,WE,Federal Contract Tower,0,18,11,0,29,0,3,5,10,18,0,21,16,10,47,8,76,84,131
09/10/2010,OTH,OR,ANM,WE,Federal Contract Tower,0,18,8,0,26,0,9,25,13,47,0,27,33,13,73,6,36,42,115
09/11/2010,OTH,OR,ANM,WE,Federal Contract Tower,0,15,3,0,18,0,1,9,7,17,0,16,12,7,35,12,12,24,59
09/12/2010,OTH,OR,ANM,WE,Federal Contract Tower,0,16,8,0,24,0,0,15,5,20,0,16,23,5,44,36,22,58,102
09/13/2010,OTH,OR,ANM,WE,Federal Contract Tower,0,19,5,0,24,0,3,14,12,29,0,22,19,12,53,20,82,102,155
09/14/2010,OTH,OR,ANM,WE,Federal Contract Tower,0,21,21,4,46,0,0,0,0,0,0,21,21,4,46,0,14,14,60
09/15/2010,OTH,OR,ANM,WE,Federal Contract Tower,17,16,0,0,33,0,6,3,7,16,17,22,3,7,49,4,82,86,135
09/16/2010,OTH,OR,ANM,WE,Federal Contract Tower,0,23,20,0,43,0,1,7,5,13,0,24,27,5,56,8,66,74,130
09/17/2010,OTH,OR,ANM,WE,Federal Contract Tower,0,24,13,1,38,0,1,1,6,8,0,25,14,7,46,0,50,50,96
09/18/2010,OTH,OR,ANM,WE,Federal Contract Tower,0,15,11,1,27,0,1,1,1,3,0,16,12,2,30,0,0,0,30
09/19/2010,OTH,OR,ANM,WE,Federal Contract Tower,0,13,9,2,24,0,0,1,2,3,0,13,10,4,27,0,6,6,33
09/20/2010,OTH,OR,ANM,WE,Federal Contract Tower,0,14,8,2,24,0,2,8,14,24,0,16,16,16,48,4,82,86,134
09/21/2010,OTH,OR,ANM,WE,Federal Contract Tower,0,21,7,0,28,0,1,6,10,17,0,22,13,10,45,10,76,86,131
09/22/2010,OTH,OR,ANM,WE,Federal Contract Tower,0,16,12,0,28,0,4,26,8,38,0,20,38,8,66,26,66,92,158
09/23/2010,OTH,OR,ANM,WE,Federal Contract Tower,0,17,23,0,40,0,3,14,5,22,0,20,37,5,62,0,78,78,140
09/24/2010,OTH,OR,ANM,WE,Federal Contract Tower,0,21,10,0,31,0,5,28,5,38,0,26,38,5,69,4,24,28,97
09/25/2010,OTH,OR,ANM,WE,Federal Contract Tower,0,14,14,5,33,0,1,7,1,9,0,15,21,6,42,0,0,0,42
09/26/2010,OTH,OR,ANM,WE,Federal Contract Tower,0,14,7,1,22,0,0,8,5,13,0,14,15,6,35,12,4,16,51
09/27/2010,OTH,OR,ANM,WE,Federal Contract Tower,0,13,6,0,19,0,5,24,11,40,0,18,30,11,59,10,0,10,69
09/28/2010,OTH,OR,ANM,WE,Federal Contract Tower,0,29,7,4,40,0,1,1,6,8,0,30,8,10,48,2,12,14,62
09/29/2010,OTH,OR,ANM,WE,Federal Contract Tower,0,15,9,1,25,0,6,9,9,24,0,21,18,10,49,0,12,12,61
09/30/2010,OTH,OR,ANM,WE,Federal Contract Tower,0,24,7,0,31,0,1,20,11,32,0,25,27,11,63,0,14,14,77
10/01/2010,OTH,OR,ANM,WE,Federal Contract Tower,0,20,10,1,31,0,1,4,7,12,0,21,14,8,43,0,0,0,43
10/02/2010,OTH,OR,ANM,WE,Federal Contract Tower,0,14,11,0,25,0,1,10,4,15,0,15,21,4,40,8,0,8,48
10/03/2010,OTH,OR,ANM,WE,Federal Contract Tower,0,20,14,1,35,0,0,9,3,12,0,20,23,4,47,10,0,10,57
10/04/2010,OTH,OR,ANM,WE,Federal Contract Tower,0,19,9,0,28,0,3,2,11,16,0,22,11,11,44,4,30,34,78
10/05/2010,OTH,OR,ANM,WE,Federal Contract Tower,0,20,9,0,29,0,3,21,12,36,0,23,30,12,65,4,0,4,69
10/06/2010,OTH,OR,ANM,WE,Federal Contract Tower,0,10,13,0,23,0,9,22,8,39,0,19,35,8,62,4,14,18,80
10/07/2010,OTH,OR,ANM,WE,Federal Contract Tower,0,23,14,3,40,0,4,14,11,29,0,27,28,14,69,26,20,46,115
10/08/2010,OTH,OR,ANM,WE,Federal Contract Tower,0,11,8,0,19,0,5,14,11,30,0,16,22,11,49,0,12,12,61
10/09/2010,OTH,OR,ANM,WE,Federal Contract Tower,0,14,8,1,23,0,0,0,3,3,0,14,8,4,26,6,6,12,38
10/10/2010,OTH,OR,ANM,WE,Federal Contract Tower,0,12,5,3,20,0,0,0,2,2,0,12,5,5,22,4,0,4,26
10/11/2010,OTH,OR,ANM,WE,Federal Contract Tower,0,11,2,0,13,0,5,14,6,25,0,16,16,6,38,24,4,28,66
10/12/2010,OTH,OR,ANM,WE,Federal Contract Tower,0,14,6,0,20,0,5,31,8,44,0,19,37,8,64,16,12,28,92
10/13/2010,OTH,OR,ANM,WE,Federal Contract Tower,0,14,5,0,19,0,6,10,10,26,0,20,15,10,45,0,0,0,45
10/14/2010,OTH,OR,ANM,WE,Federal Contract Tower,0,23,9,0,32,0,0,5,4,9,0,23,14,4,41,4,12,16,57
10/15/2010,OTH,OR,ANM,WE,Federal Contract Tower,0,15,8,1,24,0,3,15,10,28,0,18,23,11,52,8,6,14,66
10/16/2010,OTH,OR,ANM,WE,Federal Contract Tower,0,11,12,0,23,0,2,18,8,28,0,13,30,8,51,0,12,12,63
10/17/2010,OTH,OR,ANM,WE,Federal Contract Tower,0,6,7,0,13,0,0,13,5,18,0,6,20,5,31,2,14,16,47
10/18/2010,OTH,OR,ANM,WE,Federal Contract Tower,0,12,2,0,14,0,4,21,14,39,0,16,23,14,53,28,20,48,101
10/19/2010,OTH,OR,ANM,WE,Federal Contract Tower,0,15,2,0,17,0,3,14,13,30,0,18,16,13,47,20,0,20,67
10/20/2010,OTH,OR,ANM,WE,Federal Contract Tower,0,14,5,1,20,0,5,27,11,43,0,19,32,12,63,4,0,4,67
10/21/2010,OTH,OR,ANM,WE,Federal Contract Tower,0,14,8,1,23,0,2,10,9,21,0,16,18,10,44,0,30,30,74
10/22/2010,OTH,OR,ANM,WE,Federal Contract Tower,0,21,3,0,24,0,0,2,9,11,0,21,5,9,35,0,8,8,43
10/23/2010,OTH,OR,ANM,WE,Federal Contract Tower,0,15,4,0,19,0,1,0,4,5,0,16,4,4,24,0,10,10,34
10/24/2010,OTH,OR,ANM,WE,Federal Contract Tower,0,9,7,0,16,0,0,0,4,4,0,9,7,4,20,0,0,0,20
10/25/2010,OTH,OR,ANM,WE,Federal Contract Tower,0,14,2,0,16,0,0,1,7,8,0,14,3,7,24,0,32,32,56
10/26/2010,OTH,OR,ANM,WE,Federal Contract Tower,0,18,1,0,19,0,3,10,0,13,0,21,11,0,32,20,12,32,64
10/27/2010,OTH,OR,ANM,WE,Federal Contract Tower,0,11,7,2,20,0,5,2,4,11,0,16,9,6,31,0,0,0,31
10/28/2010,OTH,OR,ANM,WE,Federal Contract Tower,0,22,3,0,25,0,0,0,10,10,0,22,3,10,35,0,2,2,37
10/29/2010,OTH,OR,ANM,WE,Federal Contract Tower,0,12,7,0,19,0,6,13,6,25,0,18,20,6,44,4,0,4,48
10/30/2010,OTH,OR,ANM,WE,Federal Contract Tower,0,10,9,0,19,0,0,0,4,4,0,10,9,4,23,0,2,2,25
10/31/2010,OTH,OR,ANM,WE,Federal Contract Tower,0,7,2,0,9,0,0,1,3,4,0,7,3,3,13,8,2,10,23
11/01/2010,OTH,OR,ANM,WE,Federal Contract Tower,0,11,2,3,16,0,2,0,4,6,0,13,2,7,22,0,14,14,36
11/02/2010,OTH,OR,ANM,WE,Federal Contract Tower,0,14,11,0,25,0,3,10,5,18,0,17,21,5,43,6,0,6,49
11/03/2010,OTH,OR,ANM,WE,Federal Contract Tower,0,18,7,3,28,0,1,3,0,4,0,19,10,3,32,0,0,0,32
11/04/2010,OTH,OR,ANM,WE,Federal Contract Tower,0,16,5,4,25,0,0,1,0,1,0,16,6,4,26,0,0,0,26
11/05/2010,OTH,OR,ANM,WE,Federal Contract Tower,0,13,8,7,28,0,0,0,0,0,0,13,8,7,28,0,0,0,28
11/06/2010,OTH,OR,ANM,WE,Federal Contract Tower,0,11,2,0,13,0,0,5,5,10,0,11,7,5,23,0,0,0,23
11/07/2010,OTH,OR,ANM,WE,Federal Contract Tower,0,10,3,0,13,0,0,3,4,7,0,10,6,4,20,0,38,38,58
11/08/2010,OTH,OR,ANM,WE,Federal Contract Tower,0,11,0,0,11,0,3,2,11,16,0,14,2,11,27,4,2,6,33
11/09/2010,OTH,OR,ANM,WE,Federal Contract Tower,0,16,1,0,17,0,0,0,21,21,0,16,1,21,38,0,20,20,58
11/10/2010,OTH,OR,ANM,WE,Federal Contract Tower,0,12,6,1,19,0,4,11,33,48,0,16,17,34,67,4,22,26,93
11/11/2010,OTH,OR,ANM,WE,Federal Contract Tower,0,8,3,0,11,0,2,6,6,14,0,10,9,6,25,16,0,16,41
11/12/2010,OTH,OR,ANM,WE,Federal Contract Tower,0,11,7,0,18,0,3,9,11,23,0,14,16,11,41,40,4,44,85
11/13/2010,OTH,OR,ANM,WE,Federal Contract Tower,0,11,6,2,19,0,0,2,5,7,0,11,8,7,26,0,0,0,26
11/14/2010,OTH,OR,ANM,WE,Federal Contract Tower,0,9,5,0,14,0,0,0,0,0,0,9,5,0,14,0,0,0,14
11/15/2010,OTH,OR,ANM,WE,Federal Contract Tower,0,18,4,2,24,0,0,0,4,4,0,18,4,6,28,0,0,0,28
11/16/2010,OTH,OR,ANM,WE,Federal Contract Tower,0,19,7,0,26,0,1,19,18,38,0,20,26,18,64,8,28,36,100
11/17/2010,OTH,OR,ANM,WE,Federal Contract Tower,0,17,8,1,26,0,3,9,7,19,0,20,17,8,45,0,16,16,61
11/18/2010,OTH,OR,ANM,WE,Federal Contract Tower,0,17,3,0,20,0,2,5,9,16,0,19,8,9,36,0,10,10,46
11/19/2010,OTH,OR,ANM,WE,Federal Contract Tower,0,17,4,0,21,0,0,0,7,7,0,17,4,7,28,0,44,44,72
11/20/2010,OTH,OR,ANM,WE,Federal Contract Tower,0,9,6,0,15,0,3,2,5,10,0,12,8,5,25,0,20,20,45
11/21/2010,OTH,OR,ANM,WE,Federal Contract Tower,0,5,5,0,10,0,0,2,6,8,0,5,7,6,18,0,0,0,18
11/22/2010,OTH,OR,ANM,WE,Federal Contract Tower,0,16,2,0,18,0,1,2,20,23,0,17,4,20,41,0,0,0,41
11/23/2010,OTH,OR,ANM,WE,Federal Contract Tower,0,19,2,0,21,0,1,1,9,11,0,20,3,9,32,0,50,50,82
11/24/2010,OTH,OR,ANM,WE,Federal Contract Tower,0,16,5,0,21,0,5,5,13,23,0,21,10,13,44,0,42,42,86
11/25/2010,OTH,OR,ANM,WE,Federal Contract Tower,0,7,1,0,8,0,0,26,3,29,0,7,27,3,37,4,22,26,63
11/26/2010,OTH,OR,ANM,WE,Federal Contract Tower,0,18,2,0,20,0,0,1,4,5,0,18,3,4,25,0,4,4,29
11/27/2010,OTH,OR,ANM,WE,Federal Contract Tower,0,6,4,0,10,0,2,3,4,9,0,8,7,4,19,4,2,6,25
11/28/2010,OTH,OR,ANM,WE,Federal Contract Tower,0,6,4,0,10,0,0,9,4,13,0,6,13,4,23,0,10,10,33
11/29/2010,OTH,OR,ANM,WE,Federal Contract Tower,0,15,3,0,18,0,2,8,18,28,0,17,11,18,46,0,38,38,84
11/30/2010,OTH,OR,ANM,WE,Federal Contract Tower,0,19,4,1,24,0,2,0,16,18,0,21,4,17,42,0,6,6,48
12/01/2010,OTH,OR,ANM,WE,Federal Contract Tower,0,15,7,4,26,0,1,1,11,13,0,16,8,15,39,0,6,6,45
12/02/2010,OTH,OR,ANM,WE,Federal Contract Tower,0,14,6,0,20,0,2,5,14,21,0,16,11,14,41,0,8,8,49
12/03/2010,OTH,OR,ANM,WE,Federal Contract Tower,0,10,5,0,15,0,4,25,13,42,0,14,30,13,57,0,6,6,63
12/04/2010,OTH,OR,ANM,WE,Federal Contract Tower,0,9,0,0,9,0,3,16,9,28,0,12,16,9,37,0,0,0,37
12/05/2010,OTH,OR,ANM,WE,Federal Contract Tower,0,4,4,0,8,0,0,16,4,20,0,4,20,4,28,4,30,34,62
12/06/2010,OTH,OR,ANM,WE,Federal Contract Tower,0,12,2,0,14,0,2,12,13,27,0,14,14,13,41,2,72,74,115
12/07/2010,OTH,OR,ANM,WE,Federal Contract Tower,0,15,5,0,20,0,3,2,22,27,0,18,7,22,47,4,34,38,85
12/08/2010,OTH,OR,ANM,WE,Federal Contract Tower,0,17,3,0,20,0,0,2,17,19,0,17,5,17,39,0,4,4,43
12/09/2010,OTH,OR,ANM,WE,Federal Contract Tower,0,14,0,2,16,0,0,0,11,11,0,14,0,13,27,0,26,26,53
12/10/2010,OTH,OR,ANM,WE,Federal Contract Tower,0,20,5,1,26,0,1,3,5,9,0,21,8,6,35,0,0,0,35
12/11/2010,OTH,OR,ANM,WE,Federal Contract Tower,0,16,6,0,22,0,0,0,5,5,0,16,6,5,27,0,40,40,67
12/12/2010,OTH,OR,ANM,WE,Federal Contract Tower,0,8,1,0,9,0,0,1,5,6,0,8,2,5,15,0,12,12,27
12/13/2010,OTH,OR,ANM,WE,Federal Contract Tower,0,13,1,4,18,0,0,0,2,2,0,13,1,6,20,0,56,56,76
12/14/2010,OTH,OR,ANM,WE,Federal Contract Tower,0,16,8,0,24,0,1,0,13,14,0,17,8,13,38,0,10,10,48
12/15/2010,OTH,OR,ANM,WE,Federal Contract Tower,0,16,5,0,21,0,9,11,19,39,0,25,16,19,60,16,4,20,80
12/16/2010,OTH,OR,ANM,WE,Federal Contract Tower,0,13,3,0,16,0,6,19,11,36,0,19,22,11,52,8,18,26,78
12/17/2010,OTH,OR,ANM,WE,Federal Contract Tower,0,12,1,0,13,0,4,14,2,20,0,16,15,2,33,12,2,14,47
12/18/2010,OTH,OR,ANM,WE,Federal Contract Tower,0,8,2,0,10,0,1,7,4,12,0,9,9,4,22,0,0,0,22
12/19/2010,OTH,OR,ANM,WE,Federal Contract Tower,0,5,0,0,5,0,0,0,3,3,0,5,0,3,8,0,0,0,8
12/20/2010,OTH,OR,ANM,WE,Federal Contract Tower,0,12,5,0,17,0,2,1,4,7,0,14,6,4,24,0,0,0,24
12/21/2010,OTH,OR,ANM,WE,Federal Contract Tower,0,15,3,0,18,0,3,2,5,10,0,18,5,5,28,0,4,4,32
12/22/2010,OTH,OR,ANM,WE,Federal Contract Tower,0,14,2,0,16,0,10,1,4,15,0,24,3,4,31,0,0,0,31
12/23/2010,OTH,OR,ANM,WE,Federal Contract Tower,0,12,0,0,12,0,8,0,2,10,0,20,0,2,22,0,0,0,22
12/24/2010,OTH,OR,ANM,WE,Federal Contract Tower,0,11,2,0,13,0,6,7,7,20,0,17,9,7,33,14,4,18,51
12/25/2010,OTH,OR,ANM,WE,Federal Contract Tower,0,7,0,0,7,0,0,0,1,1,0,7,0,1,8,0,0,0,8
12/26/2010,OTH,OR,ANM,WE,Federal Contract Tower,0,6,2,0,8,0,3,0,4,7,0,9,2,4,15,0,12,12,27
12/27/2010,OTH,OR,ANM,WE,Federal Contract Tower,0,15,3,0,18,0,0,0,4,4,0,15,3,4,22,0,0,0,22
12/28/2010,OTH,OR,ANM,WE,Federal Contract Tower,0,18,3,0,21,0,0,0,5,5,0,18,3,5,26,0,14,14,40
12/29/2010,OTH,OR,ANM,WE,Federal Contract Tower,0,16,1,0,17,0,1,0,7,8,0,17,1,7,25,0,18,18,43
12/30/2010,OTH,OR,ANM,WE,Federal Contract Tower,0,17,3,0,20,0,0,7,6,13,0,17,10,6,33,14,0,14,47
12/31/2010,OTH,OR,ANM,WE,Federal Contract Tower,0,14,4,0,18,0,3,36,6,45,0,17,40,6,63,2,0,2,65
01/01/2011,OTH,OR,ANM,WE,Federal Contract Tower,0,6,0,0,6,0,2,6,6,14,0,8,6,6,20,8,0,8,28
01/02/2011,OTH,OR,ANM,WE,Federal Contract Tower,0,5,4,0,9,0,1,33,4,38,0,6,37,4,47,2,8,10,57
01/03/2011,OTH,OR,ANM,WE,Federal Contract Tower,0,9,2,0,11,0,7,11,2,20,0,16,13,2,31,6,0,6,37
01/04/2011,OTH,OR,ANM,WE,Federal Contract Tower,0,18,6,0,24,0,1,8,4,13,0,19,14,4,37,18,0,18,55
01/05/2011,OTH,OR,ANM,WE,Federal Contract Tower,0,16,2,0,18,0,4,6,7,17,0,20,8,7,35,8,0,8,43
01/06/2011,OTH,OR,ANM,WE,Federal Contract Tower,0,15,2,2,19,0,5,15,4,24,0,20,17,6,43,26,4,30,73
01/07/2011,OTH,OR,ANM,WE,Federal Contract Tower,0,8,5,0,13,0,7,20,2,29,0,15,25,2,42,0,0,0,42
01/08/2011,OTH,OR,ANM,WE,Federal Contract Tower,0,8,1,0,9,0,3,2,5,10,0,11,3,5,19,0,0,0,19
01/09/2011,OTH,OR,ANM,WE,Federal Contract Tower,0,9,7,0,16,0,0,11,4,15,0,9,18,4,31,14,0,14,45
01/10/2011,OTH,OR,ANM,WE,Federal Contract Tower,0,11,1,1,13,0,4,3,7,14,0,15,4,8,27,0,10,10,37
01/11/2011,OTH,OR,ANM,WE,Federal Contract Tower,0,16,0,1,17,0,4,5,12,21,0,20,5,13,38,10,14,24,62
01/12/2011,OTH,OR,ANM,WE,Federal Contract Tower,0,19,4,0,23,0,3,2,12,17,0,22,6,12,40,0,8,8,48
01/13/2011,OTH,OR,ANM,WE,Federal Contract Tower,0,17,5,6,28,0,0,0,0,0,0,17,5,6,28,0,0,0,28
01/14/2011,OTH,OR,ANM,WE,Federal Contract Tower,0,16,3,0,19,0,1,2,5,8,0,17,5,5,27,2,6,8,35
01/15/2011,OTH,OR,ANM,WE,Federal Contract Tower,0,13,2,0,15,0,0,0,2,2,0,13,2,2,17,0,2,2,19
01/16/2011,OTH,OR,ANM,WE,Federal Contract Tower,0,9,3,0,12,0,0,0,2,2,0,9,3,2,14,0,34,34,48
01/17/2011,OTH,OR,ANM,WE,Federal Contract Tower,0,7,3,0,10,0,0,1,4,5,0,7,4,4,15,0,0,0,15
01/18/2011,OTH,OR,ANM,WE,Federal Contract Tower,0,15,4,0,19,0,2,0,15,17,0,17,4,15,36,0,6,6,42
01/19/2011,OTH,OR,ANM,WE,Federal Contract Tower,0,14,7,0,21,0,5,15,8,28,0,19,22,8,49,18,26,44,93
01/20/2011,OTH,OR,ANM,WE,Federal Contract Tower,0,18,4,0,22,0,5,18,13,36,0,23,22,13,58,4,12,16,74
01/21/2011,OTH,OR,ANM,WE,Federal Contract Tower,0,12,6,0,18,0,6,2,9,17,0,18,8,9,35,4,20,24,59
01/22/2011,OTH,OR,ANM,WE,Federal Contract Tower,0,7,3,0,10,0,7,18,9,34,0,14,21,9,44,12,14,26,70
01/23/2011,OTH,OR,ANM,WE,Federal Contract Tower,0,6,0,0,6,0,0,20,7,27,0,6,20,7,33,4,0,4,37
01/24/2011,OTH,OR,ANM,WE,Federal Contract Tower,0,12,1,0,13,0,4,8,14,26,0,16,9,14,39,0,2,2,41
01/25/2011,OTH,OR,ANM,WE,Federal Contract Tower,0,14,1,0,15,0,2,12,14,28,0,16,13,14,43,20,0,20,63
01/26/2011,OTH,OR,ANM,WE,Federal Contract Tower,0,14,4,0,18,0,7,9,15,31,0,21,13,15,49,6,16,22,71
01/27/2011,OTH,OR,ANM,WE,Federal Contract Tower,0,10,1,0,11,0,9,27,8,44,0,19,28,8,55,24,0,24,79
01/28/2011,OTH,OR,ANM,WE,Federal Contract Tower,0,16,5,5,26,0,2,9,11,22,0,18,14,16,48,12,18,30,78
01/29/2011,OTH,OR,ANM,WE,Federal Contract Tower,0,9,1,0,10,0,10,10,5,25,0,19,11,5,35,6,2,8,43
01/30/2011,OTH,OR,ANM,WE,Federal Contract Tower,0,5,3,0,8,0,0,9,10,19,0,5,12,10,27,18,0,18,45
01/31/2011,OTH,OR,ANM,WE,Federal Contract Tower,0,14,2,0,16,0,3,5,15,23,0,17,7,15,39,4,0,4,43
02/01/2011,OTH,OR,ANM,WE,Federal Contract Tower,0,15,0,0,15,0,5,30,10,45,0,20,30,10,60,8,20,28,88
02/02/2011,OTH,OR,ANM,WE,Federal Contract Tower,0,12,1,0,13,0,9,30,12,51,0,21,31,12,64,16,0,16,80
02/03/2011,OTH,OR,ANM,WE,Federal Contract Tower,0,13,4,0,17,0,3,13,6,22,0,16,17,6,39,4,0,4,43
02/04/2011,OTH,OR,ANM,WE,Federal Contract Tower,0,13,3,1,17,0,3,13,3,19,0,16,16,4,36,2,0,2,38
02/05/2011,OTH,OR,ANM,WE,Federal Contract Tower,0,11,10,0,21,0,0,3,0,3,0,11,13,0,24,0,0,0,24
02/06/2011,OTH,OR,ANM,WE,Federal Contract Tower,0,6,3,3,12,0,0,2,1,3,0,6,5,4,15,0,0,0,15
02/07/2011,OTH,OR,ANM,WE,Federal Contract Tower,0,15,3,0,18,0,1,1,8,10,0,16,4,8,28,0,0,0,28
02/08/2011,OTH,OR,ANM,WE,Federal Contract Tower,0,17,2,0,19,0,1,0,9,10,0,18,2,9,29,0,30,30,59
02/09/2011,OTH,OR,ANM,WE,Federal Contract Tower,0,8,2,0,10,0,7,25,23,55,0,15,27,23,65,12,0,12,77
02/10/2011,OTH,OR,ANM,WE,Federal Contract Tower,0,12,4,4,20,0,14,25,14,53,0,26,29,18,73,0,16,16,89
02/11/2011,OTH,OR,ANM,WE,Federal Contract Tower,0,14,3,0,17,0,8,14,14,36,0,22,17,14,53,6,10,16,69
02/12/2011,OTH,OR,ANM,WE,Federal Contract Tower,0,7,6,0,13,0,4,2,4,10,0,11,8,4,23,0,0,0,23
02/13/2011,OTH,OR,ANM,WE,Federal Contract Tower,0,7,1,0,8,0,4,0,6,10,0,11,1,6,18,0,0,0,18
02/14/2011,OTH,OR,ANM,WE,Federal Contract Tower,0,11,2,0,13,0,0,5,12,17,0,11,7,12,30,0,66,66,96
02/15/2011,OTH,OR,ANM,WE,Federal Contract Tower,0,19,3,0,22,0,1,4,16,21,0,20,7,16,43,14,22,36,79
02/16/2011,OTH,OR,ANM,WE,Federal Contract Tower,0,17,3,0,20,0,5,4,9,18,0,22,7,9,38,14,26,40,78
02/17/2011,OTH,OR,ANM,WE,Federal Contract Tower,0,14,3,1,18,0,4,9,6,19,0,18,12,7,37,0,18,18,55
02/18/2011,OTH,OR,ANM,WE,Federal Contract Tower,0,18,11,0,29,0,2,1,4,7,0,20,12,4,36,0,12,12,48
02/19/2011,OTH,OR,ANM,WE,Federal Contract Tower,0,7,5,0,12,0,4,9,3,16,0,11,14,3,28,0,32,32,60
02/20/2011,OTH,OR,ANM,WE,Federal Contract Tower,0,3,7,0,10,0,0,10,2,12,0,3,17,2,22,4,46,50,72
02/21/2011,OTH,OR,ANM,WE,Federal Contract Tower,0,7,4,0,11,0,3,26,2,31,0,10,30,2,42,36,6,42,84
02/22/2011,OTH,OR,ANM,WE,Federal Contract Tower,0,13,4,0,17,0,2,2,7,11,0,15,6,7,28,0,4,4,32
02/23/2011,OTH,OR,ANM,WE,Federal Contract Tower,0,13,7,0,20,0,0,0,5,5,0,13,7,5,25,4,8,12,37
02/24/2011,OTH,OR,ANM,WE,Federal Contract Tower,0,20,1,0,21,0,3,0,15,18,0,23,1,15,39,0,22,22,61
02/25/2011,OTH,OR,ANM,WE,Federal Contract Tower,0,14,5,4,23,0,7,12,10,29,0,21,17,14,52,10,26,36,88
02/26/2011,OTH,OR,ANM,WE,Federal Contract Tower,0,7,1,0,8,0,3,16,6,25,0,10,17,6,33,2,2,4,37
02/27/2011,OTH,OR,ANM,WE,Federal Contract Tower,0,4,3,0,7,0,0,0,2,2,0,4,3,2,9,0,2,2,11
02/28/2011,OTH,OR,ANM,WE,Federal Contract Tower,0,15,0,0,15,0,0,0,13,13,0,15,0,13,28,0,6,6,34
03/01/2011,OTH,OR,ANM,WE,Federal Contract Tower,0,15,0,0,15,0,4,8,13,25,0,19,8,13,40,0,16,16,56
03/02/2011,OTH,OR,ANM,WE,Federal Contract Tower,0,21,0,0,21,0,0,0,11,11,0,21,0,11,32,0,14,14,46
03/03/2011,OTH,OR,ANM,WE,Federal Contract Tower,0,17,1,0,18,0,3,1,14,18,0,20,2,14,36,0,60,60,96
03/04/2011,OTH,OR,ANM,WE,Federal Contract Tower,0,16,2,0,18,0,3,8,8,19,0,19,10,8,37,2,0,2,39
03/05/2011,OTH,OR,ANM,WE,Federal Contract Tower,0,11,3,0,14,0,2,1,4,7,0,13,4,4,21,0,2,2,23
03/06/2011,OTH,OR,ANM,WE,Federal Contract Tower,0,8,6,0,14,0,0,14,3,17,0,8,20,3,31,0,1,1,32
03/07/2011,OTH,OR,ANM,WE,Federal Contract Tower,0,7,3,0,10,0,5,2,10,17,0,12,5,10,27,0,12,12,39
03/08/2011,OTH,OR,ANM,WE,Federal Contract Tower,0,14,4,0,18,0,0,0,6,6,0,14,4,6,24,0,10,10,34
03/09/2011,OTH,OR,ANM,WE,Federal Contract Tower,0,19,4,0,23,0,2,2,17,21,0,21,6,17,44,0,18,18,62
03/10/2011,OTH,OR,ANM,WE,Federal Contract Tower,0,20,3,1,24,0,0,1,11,12,0,20,4,12,36,0,14,14,50
03/11/2011,OTH,OR,ANM,WE,Federal Contract Tower,0,12,2,0,14,0,6,17,20,43,0,18,19,20,57,0,4,4,61
03/12/2011,OTH,OR,ANM,WE,Federal Contract Tower,0,8,6,0,14,0,4,4,0,8,0,12,10,0,22,0,4,4,26
03/13/2011,OTH,OR,ANM,WE,Federal Contract Tower,0,8,1,0,9,0,0,0,5,5,0,8,1,5,14,0,0,0,14
03/14/2011,OTH,OR,ANM,WE,Federal Contract Tower,0,13,2,0,15,0,1,0,11,12,0,14,2,11,27,0,24,24,51
03/15/2011,OTH,OR,ANM,WE,Federal Contract Tower,0,13,0,0,13,0,1,0,2,3,0,14,0,2,16,0,0,0,16
03/16/2011,OTH,OR,ANM,WE,Federal Contract Tower,0,15,0,0,15,0,2,4,10,16,0,17,4,10,31,2,0,2,33
03/17/2011,OTH,OR,ANM,WE,Federal Contract Tower,0,18,2,0,20,0,2,2,10,14,0,20,4,10,34,0,0,0,34
03/18/2011,OTH,OR,ANM,WE,Federal Contract Tower,0,17,3,0,20,0,2,2,9,13,0,19,5,9,33,2,22,24,57
03/19/2011,OTH,OR,ANM,WE,Federal Contract Tower,0,11,2,0,13,0,1,1,4,6,0,12,3,4,19,0,4,4,23
03/20/2011,OTH,OR,ANM,WE,Federal Contract Tower,0,4,5,0,9,0,0,1,8,9,0,4,6,8,18,2,10,12,30
03/21/2011,OTH,OR,ANM,WE,Federal Contract Tower,0,13,2,0,15,0,0,5,21,26,0,13,7,21,41,6,28,34,75
03/22/2011,OTH,OR,ANM,WE,Federal Contract Tower,0,12,0,0,12,0,4,21,14,39,0,16,21,14,51,20,8,28,79
03/23/2011,OTH,OR,ANM,WE,Federal Contract Tower,0,13,1,0,14,0,4,13,10,27,0,17,14,10,41,2,40,42,83
03/24/2011,OTH,OR,ANM,WE,Federal Contract Tower,0,16,5,0,21,0,2,5,12,19,0,18,10,12,40,0,8,8,48
03/25/2011,OTH,OR,ANM,WE,Federal Contract Tower,0,15,0,0,15,0,3,2,7,12,0,18,2,7,27,0,0,0,27
03/26/2011,OTH,OR,ANM,WE,Federal Contract Tower,0,9,3,0,12,0,2,3,5,10,0,11,6,5,22,6,0,6,28
03/27/2011,OTH,OR,ANM,WE,Federal Contract Tower,0,7,2,1,10,0,0,1,5,6,0,7,3,6,16,0,50,50,66
03/28/2011,OTH,OR,ANM,WE,Federal Contract Tower,0,14,5,0,19,0,1,4,9,14,0,15,9,9,33,0,58,58,91
03/29/2011,OTH,OR,ANM,WE,Federal Contract Tower,0,19,3,0,22,0,0,0,14,14,0,19,3,14,36,0,18,18,54
03/30/2011,OTH,OR,ANM,WE,Federal Contract Tower,0,19,1,0,20,0,2,3,2,7,0,21,4,2,27,0,0,0,27
03/31/2011,OTH,OR,ANM,WE,Federal Contract Tower,0,18,9,1,28,0,1,11,10,22,0,19,20,11,50,18,14,32,82
04/01/2011,OTH,OR,ANM,WE,Federal Contract Tower,0,15,7,2,24,0,0,3,1,4,0,15,10,3,28,0,24,24,52
04/02/2011,OTH,OR,ANM,WE,Federal Contract Tower,0,8,6,0,14,0,3,44,11,58,0,11,50,11,72,6,2,8,80
04/03/2011,OTH,OR,ANM,WE,Federal Contract Tower,0,6,4,0,10,0,0,23,4,27,0,6,27,4,37,28,0,28,65
04/04/2011,OTH,OR,ANM,WE,Federal Contract Tower,0,14,0,0,14,0,2,3,8,13,0,16,3,8,27,0,0,0,27
04/05/2011,OTH,OR,ANM,WE,Federal Contract Tower,0,14,2,0,16,0,6,16,14,36,0,20,18,14,52,14,6,20,72
04/06/2011,OTH,OR,ANM,WE,Federal Contract Tower,0,21,6,0,27,0,0,1,11,12,0,21,7,11,39,0,4,4,43
04/07/2011,OTH,OR,ANM,WE,Federal Contract Tower,0,19,3,1,23,0,4,5,4,13,0,23,8,5,36,4,2,6,42
04/08/2011,OTH,OR,ANM,WE,Federal Contract Tower,0,12,5,2,19,0,5,11,23,39,0,17,16,25,58,18,8,26,84
04/09/2011,OTH,OR,ANM,WE,Federal Contract Tower,0,8,2,0,10,0,4,12,6,22,0,12,14,6,32,2,0,2,34
04/10/2011,OTH,OR,ANM,WE,Federal Contract Tower,0,5,5,0,10,0,0,1,2,3,0,5,6,2,13,0,6,6,19
04/11/2011,OTH,OR,ANM,WE,Federal Contract Tower,0,12,7,0,19,0,4,15,9,28,0,16,22,9,47,0,24,24,71
04/12/2011,OTH,OR,ANM,WE,Federal Contract Tower,0,14,2,1,17,0,6,14,7,27,0,20,16,8,44,2,44,46,90
04/13/2011,OTH,OR,ANM,WE,Federal Contract Tower,0,20,2,0,22,0,1,0,7,8,0,21,2,7,30,0,10,10,40
04/14/2011,OTH,OR,ANM,WE,Federal Contract Tower,0,15,7,0,22,0,3,4,9,16,0,18,11,9,38,0,12,12,50
04/15/2011,OTH,OR,ANM,WE,Federal Contract Tower,0,17,3,0,20,0,3,1,6,10,0,20,4,6,30,0,12,12,42
04/16/2011,OTH,OR,ANM,WE,Federal Contract Tower,0,11,4,2,17,0,0,0,0,0,0,11,4,2,17,0,0,0,17
04/17/2011,OTH,OR,ANM,WE,Federal Contract Tower,0,6,5,0,11,0,0,6,3,9,0,6,11,3,20,0,6,6,26
04/18/2011,OTH,OR,ANM,WE,Federal Contract Tower,0,10,3,2,15,0,3,21,7,31,0,13,24,9,46,4,2,6,52
04/19/2011,OTH,OR,ANM,WE,Federal Contract Tower,0,14,1,0,15,0,9,13,7,29,0,23,14,7,44,6,18,24,68
04/20/2011,OTH,OR,ANM,WE,Federal Contract Tower,0,14,5,1,20,0,0,0,0,0,0,14,5,1,20,6,0,6,26
04/21/2011,OTH,OR,ANM,WE,Federal Contract Tower,0,9,8,0,17,0,0,0,0,0,0,9,8,0,17,0,0,0,17
04/22/2011,OTH,OR,ANM,WE,Federal Contract Tower,0,11,5,0,16,0,7,38,5,50,0,18,43,5,66,0,24,24,90
04/23/2011,OTH,OR,ANM,WE,Federal Contract Tower,0,4,2,0,6,0,4,11,4,19,0,8,13,4,25,6,16,22,47
04/24/2011,OTH,OR,ANM,WE,Federal Contract Tower,0,5,6,0,11,0,2,2,3,7,0,7,8,3,18,2,6,8,26
04/25/2011,OTH,OR,ANM,WE,Federal Contract Tower,0,15,13,1,29,0,1,2,10,13,0,16,15,11,42,0,8,8,50
04/26/2011,OTH,OR,ANM,WE,Federal Contract Tower,0,18,2,0,20,0,4,20,9,33,0,22,22,9,53,22,20,42,95
04/27/2011,OTH,OR,ANM,WE,Federal Contract Tower,0,11,3,1,15,0,12,12,15,39,0,23,15,16,54,0,10,10,64
04/28/2011,OTH,OR,ANM,WE,Federal Contract Tower,0,9,16,0,25,0,5,5,11,21,0,14,21,11,46,0,26,26,72
04/29/2011,OTH,OR,ANM,WE,Federal Contract Tower,0,15,14,0,29,0,1,5,20,26,0,16,19,20,55,0,4,4,59
04/30/2011,OTH,OR,ANM,WE,Federal Contract Tower,0,11,9,0,20,0,3,19,8,30,0,14,28,8,50,24,14,38,88
05/01/2011,OTH,OR,ANM,WE,Federal Contract Tower,0,7,0,0,7,0,1,51,4,56,0,8,51,4,63,42,16,58,121
05/02/2011,OTH,OR,ANM,WE,Federal Contract Tower,0,14,2,2,18,0,3,3,8,14,0,17,5,10,32,8,18,26,58
05/03/2011,OTH,OR,ANM,WE,Federal Contract Tower,1,13,4,0,18,0,4,8,8,20,1,17,12,8,38,0,0,0,38
05/04/2011,OTH,OR,ANM,WE,Federal Contract Tower,2,16,6,0,24,0,6,28,8,42,2,22,34,8,66,12,4,16,82
05/05/2011,OTH,OR,ANM,WE,Federal Contract Tower,1,15,8,1,25,0,4,16,6,26,1,19,24,7,51,16,0,16,67
05/06/2011,OTH,OR,ANM,WE,Federal Contract Tower,2,23,4,1,30,0,2,6,11,19,2,25,10,12,49,0,36,36,85
05/07/2011,OTH,OR,ANM,WE,Federal Contract Tower,0,12,3,1,16,0,0,0,2,2,0,12,3,3,18,0,0,0,18
05/08/2011,OTH,OR,ANM,WE,Federal Contract Tower,0,8,4,0,12,0,1,10,4,15,0,9,14,4,27,0,20,20,47
05/09/2011,OTH,OR,ANM,WE,Federal Contract Tower,0,11,7,0,18,0,2,25,14,41,0,13,32,14,59,0,44,44,103
05/10/2011,OTH,OR,ANM,WE,Federal Contract Tower,1,13,1,1,16,0,4,62,19,85,1,17,63,20,101,2,0,2,103
05/11/2011,OTH,OR,ANM,WE,Federal Contract Tower,0,20,5,0,25,0,0,2,6,8,0,20,7,6,33,0,0,0,33
05/12/2011,OTH,OR,ANM,WE,Federal Contract Tower,1,14,5,2,22,0,2,10,14,26,1,16,15,16,48,2,2,4,52
05/13/2011,OTH,OR,ANM,WE,Federal Contract Tower,0,15,12,1,28,0,4,22,20,46,0,19,34,21,74,8,20,28,102
05/14/2011,OTH,OR,ANM,WE,Federal Contract Tower,0,13,6,1,20,0,1,10,5,16,0,14,16,6,36,6,0,6,42
05/15/2011,OTH,OR,ANM,WE,Federal Contract Tower,0,15,5,0,20,0,0,5,8,13,0,15,10,8,33,0,2,2,35
05/16/2011,OTH,OR,ANM,WE,Federal Contract Tower,0,11,12,0,23,0,1,14,14,29,0,12,26,14,52,10,0,10,62
05/17/2011,OTH,OR,ANM,WE,Federal Contract Tower,0,9,7,2,18,0,5,5,4,14,0,14,12,6,32,0,0,0,32
05/18/2011,OTH,OR,ANM,WE,Federal Contract Tower,0,16,7,2,25,0,5,11,5,21,0,21,18,7,46,0,0,0,46
05/19/2011,OTH,OR,ANM,WE,Federal Contract Tower,0,11,10,2,23,0,7,21,11,39,0,18,31,13,62,10,12,22,84
05/20/2011,OTH,OR,ANM,WE,Federal Contract Tower,1,16,6,0,23,0,7,27,15,49,1,23,33,15,72,0,30,30,102
05/21/2011,OTH,OR,ANM,WE,Federal Contract Tower,0,12,4,0,16,0,3,16,5,24,0,15,20,5,40,0,20,20,60
05/22/2011,OTH,OR,ANM,WE,Federal Contract Tower,1,6,4,0,11,0,0,9,7,16,1,6,13,7,27,0,20,20,47
05/23/2011,OTH,OR,ANM,WE,Federal Contract Tower,0,9,7,0,16,0,2,3,10,15,0,11,10,10,31,6,0,6,37
05/24/2011,OTH,OR,ANM,WE,Federal Contract Tower,0,12,1,0,13,0,5,17,6,28,0,17,18,6,41,4,0,4,45
05/25/2011,OTH,OR,ANM,WE,Federal Contract Tower,0,11,5,1,17,0,4,1,7,12,0,15,6,8,29,2,36,38,67
05/26/2011,OTH,OR,ANM,WE,Federal Contract Tower,0,14,6,0,20,0,3,1,14,18,0,17,7,14,38,2,8,10,48
05/27/2011,OTH,OR,ANM,WE,Federal Contract Tower,0,12,5,1,18,0,3,4,3,10,0,15,9,4,28,2,0,2,30
05/28/2011,OTH,OR,ANM,WE,Federal Contract Tower,0,9,0,0,9,0,3,6,4,13,0,12,6,4,22,0,0,0,22
05/29/2011,OTH,OR,ANM,WE,Federal Contract Tower,0,5,3,0,8,0,0,12,4,16,0,5,15,4,24,10,0,10,34
05/30/2011,OTH,OR,ANM,WE,Federal Contract Tower,0,8,6,0,14,0,15,7,0,22,0,23,13,0,36,0,4,4,40
05/31/2011,OTH,OR,ANM,WE,Federal Contract Tower,0,16,5,0,21,0,2,5,2,9,0,18,10,2,30,0,0,0,30
06/01/2011,OTH,OR,ANM,WE,Federal Contract Tower,0,16,3,0,19,0,6,10,12,28,0,22,13,12,47,0,8,8,55
06/02/2011,OTH,OR,ANM,WE,Federal Contract Tower,0,19,11,2,32,0,7,5,13,25,0,26,16,15,57,0,14,14,71
06/03/2011,OTH,OR,ANM,WE,Federal Contract Tower,0,10,8,0,18,0,9,29,10,48,0,19,37,10,66,0,10,10,76
06/04/2011,OTH,OR,ANM,WE,Federal Contract Tower,0,4,3,0,7,0,6,36,6,48,0,10,39,6,55,2,14,16,71
06/05/2011,OTH,OR,ANM,WE,Federal Contract Tower,0,8,19,0,27,0,0,11,8,19,0,8,30,8,46,2,24,26,72
06/06/2011,OTH,OR,ANM,WE,Federal Contract Tower,0,16,4,0,20,0,0,3,11,14,0,16,7,11,34,0,12,12,46
06/07/2011,OTH,OR,ANM,WE,Federal Contract Tower,0,15,6,1,22,0,3,4,8,15,0,18,10,9,37,0,8,8,45
06/08/2011,OTH,OR,ANM,WE,Federal Contract Tower,0,15,9,2,26,0,5,14,6,25,0,20,23,8,51,6,0,6,57
06/09/2011,OTH,OR,ANM,WE,Federal Contract Tower,0,15,4,2,21,0,5,19,9,33,0,20,23,11,54,4,2,6,60
06/10/2011,OTH,OR,ANM,WE,Federal Contract Tower,0,17,15,0,32,0,2,13,8,23,0,19,28,8,55,12,6,18,73
06/11/2011,OTH,OR,ANM,WE,Federal Contract Tower,0,7,5,0,12,0,3,16,7,26,0,10,21,7,38,4,12,16,54
06/12/2011,OTH,OR,ANM,WE,Federal Contract Tower,0,12,15,2,29,0,0,14,4,18,0,12,29,6,47,0,2,2,49
06/13/2011,OTH,OR,ANM,WE,Federal Contract Tower,2,24,7,0,33,0,1,4,10,15,2,25,11,10,48,2,10,12,60
06/14/2011,OTH,OR,ANM,WE,Federal Contract Tower,0,17,8,0,25,0,2,7,8,17,0,19,15,8,42,0,16,16,58
06/15/2011,OTH,OR,ANM,WE,Federal Contract Tower,0,18,8,0,26,0,3,10,20,33,0,21,18,20,59,0,2,2,61
06/16/2011,OTH,OR,ANM,WE,Federal Contract Tower,0,15,7,0,22,0,9,7,7,23,0,24,14,7,45,0,18,18,63
06/17/2011,OTH,OR,ANM,WE,Federal Contract Tower,0,13,8,0,21,0,7,32,5,44,0,20,40,5,65,30,0,30,95
06/18/2011,OTH,OR,ANM,WE,Federal Contract Tower,0,15,10,0,25,0,1,0,2,3,0,16,10,2,28,0,0,0,28
06/19/2011,OTH,OR,ANM,WE,Federal Contract Tower,2,9,8,0,19,0,0,11,5,16,2,9,19,5,35,6,2,8,43
06/20/2011,OTH,OR,ANM,WE,Federal Contract Tower,2,15,10,1,28,0,1,9,8,18,2,16,19,9,46,0,10,10,56
06/21/2011,OTH,OR,ANM,WE,Federal Contract Tower,0,14,7,0,21,0,6,9,9,24,0,20,16,9,45,0,28,28,73
06/22/2011,OTH,OR,ANM,WE,Federal Contract Tower,0,19,7,2,28,0,0,6,4,10,0,19,13,6,38,14,22,36,74
06/23/2011,OTH,OR,ANM,WE,Federal Contract Tower,0,18,3,0,21,0,5,18,9,32,0,23,21,9,53,6,12,18,71
06/24/2011,OTH,OR,ANM,WE,Federal Contract Tower,0,12,4,0,16,0,7,19,8,34,0,19,23,8,50,2,18,20,70
06/25/2011,OTH,OR,ANM,WE,Federal Contract Tower,0,8,1,0,9,0,6,39,7,52,0,14,40,7,61,0,0,0,61
06/26/2011,OTH,OR,ANM,WE,Federal Contract Tower,0,10,1,0,11,0,1,30,16,47,0,11,31,16,58,38,14,52,110
06/27/2011,OTH,OR,ANM,WE,Federal Contract Tower,0,14,1,0,15,0,4,8,15,27,0,18,9,15,42,8,6,14,56
06/28/2011,OTH,OR,ANM,WE,Federal Contract Tower,0,26,0,0,26,0,1,2,15,18,0,27,2,15,44,0,6,6,50
06/29/2011,OTH,OR,ANM,WE,Federal Contract Tower,0,15,6,0,21,0,3,4,9,16,0,18,10,9,37,0,2,2,39
06/30/2011,OTH,OR,ANM,WE,Federal Contract Tower,0,9,4,0,13,0,8,16,3,27,0,17,20,3,40,0,0,0,40
07/01/2011,OTH,OR,ANM,WE,Federal Contract Tower,0,11,6,0,17,0,17,32,18,67,0,28,38,18,84,0,42,42,126
07/02/2011,OTH,OR,ANM,WE,Federal Contract Tower,0,12,4,0,16,0,1,24,4,29,0,13,28,4,45,0,4,4,49
07/03/2011,OTH,OR,ANM,WE,Federal Contract Tower,0,8,5,0,13,0,0,36,4,40,0,8,41,4,53,19,0,19,72
07/04/2011,OTH,OR,ANM,WE,Federal Contract Tower,0,6,3,0,9,0,1,9,5,15,0,7,12,5,24,8,10,18,42
07/05/2011,OTH,OR,ANM,WE,Federal Contract Tower,0,12,3,0,15,0,7,22,10,39,0,19,25,10,54,2,14,16,70
07/06/2011,OTH,OR,ANM,WE,Federal Contract Tower,0,13,4,0,17,0,3,15,5,23,0,16,19,5,40,2,24,26,66
07/07/2011,OTH,OR,ANM,WE,Federal Contract Tower,0,22,10,0,32,0,2,2,4,8,0,24,12,4,40,2,0,2,42
07/08/2011,OTH,OR,ANM,WE,Federal Contract Tower,0,11,3,0,14,0,11,33,8,52,0,22,36,8,66,0,10,10,76
07/09/2011,OTH,OR,ANM,WE,Federal Contract Tower,0,14,2,1,17,0,2,8,9,19,0,16,10,10,36,0,8,8,44
07/10/2011,OTH,OR,ANM,WE,Federal Contract Tower,0,12,13,0,25,0,0,17,3,20,0,12,30,3,45,10,4,14,59
07/11/2011,OTH,OR,ANM,WE,Federal Contract Tower,0,13,9,0,22,0,15,8,0,23,0,28,17,0,45,0,36,36,81
07/12/2011,OTH,OR,ANM,WE,Federal Contract Tower,0,18,7,2,27,0,1,3,5,9,0,19,10,7,36,0,8,8,44
07/13/2011,OTH,OR,ANM,WE,Federal Contract Tower,0,14,16,0,30,0,6,17,12,35,0,20,33,12,65,2,4,6,71
07/14/2011,OTH,OR,ANM,WE,Federal Contract Tower,0,18,10,0,28,0,3,9,6,18,0,21,19,6,46,4,0,4,50
07/15/2011,OTH,OR,ANM,WE,Federal Contract Tower,0,14,5,1,20,0,0,4,18,22,0,14,9,19,42,0,42,42,84
07/16/2011,OTH,OR,ANM,WE,Federal Contract Tower,0,12,5,3,20,0,0,5,1,6,0,12,10,4,26,0,4,4,30
07/17/2011,OTH,OR,ANM,WE,Federal Contract Tower,0,8,8,0,16,0,0,6,3,9,0,8,14,3,25,0,16,16,41
07/18/2011,OTH,OR,ANM,WE,Federal Contract Tower,0,20,5,0,25,0,1,13,6,20,0,21,18,6,45,0,28,28,73
07/19/2011,OTH,OR,ANM,WE,Federal Contract Tower,0,19,3,0,22,0,4,9,8,21,0,23,12,8,43,0,10,10,53
07/20/2011,OTH,OR,ANM,WE,Federal Contract Tower,0,16,3,0,19,0,7,19,10,36,0,23,22,10,55,6,18,24,79
07/21/2011,OTH,OR,ANM,WE,Federal Contract Tower,0,21,2,1,24,0,3,19,8,30,0,24,21,9,54,4,16,20,74
07/22/2011,OTH,OR,ANM,WE,Federal Contract Tower,0,15,4,0,19,0,3,35,0,38,0,18,39,0,57,6,0,6,63
07/23/2011,OTH,OR,ANM,WE,Federal Contract Tower,0,13,1,0,14,0,4,7,10,21,0,17,8,10,35,0,22,22,57
07/24/2011,OTH,OR,ANM,WE,Federal Contract Tower,0,14,18,4,36,0,0,1,0,1,0,14,19,4,37,0,0,0,37
07/25/2011,OTH,OR,ANM,WE,Federal Contract Tower,0,14,14,0,28,0,6,13,10,29,0,20,27,10,57,10,34,44,101
07/26/2011,OTH,OR,ANM,WE,Federal Contract Tower,0,18,3,0,21,0,11,11,9,31,0,29,14,9,52,12,34,46,98
07/27/2011,OTH,OR,ANM,WE,Federal Contract Tower,0,17,12,1,30,0,2,15,9,26,0,19,27,10,56,6,2,8,64
07/28/2011,OTH,OR,ANM,WE,Federal Contract Tower,0,17,9,0,26,0,0,0,0,0,0,17,9,0,26,0,44,44,70
07/29/2011,OTH,OR,ANM,WE,Federal Contract Tower,0,11,8,1,20,0,5,22,9,36,0,16,30,10,56,0,38,38,94
07/30/2011,OTH,OR,ANM,WE,Federal Contract Tower,0,16,5,1,22,0,2,14,2,18,0,18,19,3,40,2,2,4,44
07/31/2011,OTH,OR,ANM,WE,Federal Contract Tower,0,14,6,0,20,0,0,15,4,19,0,14,21,4,39,2,14,16,55
08/01/2011,OTH,OR,ANM,WE,Federal Contract Tower,0,15,9,2,26,0,5,10,9,24,0,20,19,11,50,10,4,14,64
08/02/2011,OTH,OR,ANM,WE,Federal Contract Tower,0,15,9,0,24,0,9,33,19,61,0,24,42,19,85,10,20,30,115
08/03/2011,OTH,OR,ANM,WE,Federal Contract Tower,0,26,10,4,40,0,4,13,10,27,0,30,23,14,67,10,16,26,93
08/04/2011,OTH,OR,ANM,WE,Federal Contract Tower,0,21,2,0,23,0,9,22,11,42,0,30,24,11,65,8,20,28,93
08/05/2011,OTH,OR,ANM,WE,Federal Contract Tower,0,21,7,0,28,0,2,29,2,33,0,23,36,2,61,12,0,12,73
08/06/2011,OTH,OR,ANM,WE,Federal Contract Tower,0,16,0,0,16,0,9,5,0,14,0,25,5,0,30,0,0,0,30
08/07/2011,OTH,OR,ANM,WE,Federal Contract Tower,0,12,6,0,18,0,0,22,6,28,0,12,28,6,46,6,12,18,64
08/08/2011,OTH,OR,ANM,WE,Federal Contract Tower,0,19,6,0,25,0,4,38,9,51,0,23,44,9,76,32,10,42,118
08/09/2011,OTH,OR,ANM,WE,Federal Contract Tower,0,12,7,0,19,0,7,15,11,33,0,19,22,11,52,0,30,30,82
08/10/2011,OTH,OR,ANM,WE,Federal Contract Tower,0,18,10,1,29,0,4,21,12,37,0,22,31,13,66,5,24,29,95
08/11/2011,OTH,OR,ANM,WE,Federal Contract Tower,0,15,7,0,22,0,3,18,12,33,0,18,25,12,55,6,12,18,73
08/12/2011,OTH,OR,ANM,WE,Federal Contract Tower,0,17,6,1,24,0,7,10,5,22,0,24,16,6,46,6,14,20,66
08/13/2011,OTH,OR,ANM,WE,Federal Contract Tower,14,7,0,0,21,0,3,46,10,59,14,10,46,10,80,30,14,44,124
08/14/2011,OTH,OR,ANM,WE,Federal Contract Tower,0,12,4,1,17,0,1,26,5,32,0,13,30,6,49,10,0,10,59
08/15/2011,OTH,OR,ANM,WE,Federal Contract Tower,0,17,5,0,22,0,0,0,0,0,0,17,5,0,22,4,26,30,52
08/16/2011,OTH,OR,ANM,WE,Federal Contract Tower,0,11,0,0,11,0,0,0,0,0,0,11,0,0,11,16,12,28,39
08/17/2011,OTH,OR,ANM,WE,Federal Contract Tower,0,17,11,1,29,0,5,15,11,31,0,22,26,12,60,2,0,2,62
08/18/2011,OTH,OR,ANM,WE,Federal Contract Tower,0,21,4,1,26,0,3,28,10,41,0,24,32,11,67,0,0,0,67
08/19/2011,OTH,OR,ANM,WE,Federal Contract Tower,0,17,19,0,36,0,5,20,8,33,0,22,39,8,69,8,18,26,95
08/20/2011,OTH,OR,ANM,WE,Federal Contract Tower,0,11,12,0,23,0,3,35,8,46,0,14,47,8,69,14,40,54,123
08/21/2011,OTH,OR,ANM,WE,Federal Contract Tower,0,6,25,1,32,0,12,4,0,16,0,18,29,1,48,0,20,20,68
08/22/2011,OTH,OR,ANM,WE,Federal Contract Tower,0,15,7,1,23,0,2,10,9,21,0,17,17,10,44,0,22,22,66
08/23/2011,OTH,OR,ANM,WE,Federal Contract Tower,0,22,9,0,31,0,2,19,9,30,0,24,28,9,61,4,4,8,69
08/24/2011,OTH,OR,ANM,WE,Federal Contract Tower,0,18,12,0,30,0,4,27,7,38,0,22,39,7,68,12,10,22,90
08/25/2011,OTH,OR,ANM,WE,Federal Contract Tower,0,31,14,1,46,0,2,5,4,11,0,33,19,5,57,0,0,0,57
08/26/2011,OTH,OR,ANM,WE,Federal Contract Tower,0,21,10,0,31,0,2,6,8,16,0,23,16,8,47,4,38,42,89
08/27/2011,OTH,OR,ANM,WE,Federal Contract Tower,0,10,10,0,20,0,2,15,7,24,0,12,25,7,44,0,4,4,48
08/28/2011,OTH,OR,ANM,WE,Federal Contract Tower,0,9,11,0,20,0,2,9,6,17,0,11,20,6,37,6,26,32,69
08/29/2011,OTH,OR,ANM,WE,Federal Contract Tower,0,12,9,0,21,0,6,14,14,34,0,18,23,14,55,12,60,72,127
08/30/2011,OTH,OR,ANM,WE,Federal Contract Tower,0,20,12,0,32,0,6,6,13,25,0,26,18,13,57,0,54,54,111
08/31/2011,OTH,OR,ANM,WE,Federal Contract Tower,0,13,11,0,24,0,4,41,20,65,0,17,52,20,89,0,86,86,175
09/01/2011,OTH,OR,ANM,WE,Federal Contract Tower,0,17,5,0,22,0,5,32,10,47,0,22,37,10,69,0,4,4,73
09/02/2011,OTH,OR,ANM,WE,Federal Contract Tower,0,17,4,0,21,0,7,20,4,31,0,24,24,4,52,0,32,32,84
09/03/2011,OTH,OR,ANM,WE,Federal Contract Tower,0,10,0,0,10,0,6,24,7,37,0,16,24,7,47,0,10,10,57
09/04/2011,OTH,OR,ANM,WE,Federal Contract Tower,0,11,6,0,17,0,1,10,2,13,0,12,16,2,30,0,0,0,30
09/05/2011,OTH,OR,ANM,WE,Federal Contract Tower,0,13,8,4,25,0,0,1,0,1,0,13,9,4,26,0,8,8,34
09/06/2011,OTH,OR,ANM,WE,Federal Contract Tower,0,21,4,0,25,0,4,8,2,14,0,25,12,2,39,2,0,2,41
09/07/2011,OTH,OR,ANM,WE,Federal Contract Tower,0,20,2,0,22,0,3,19,17,39,0,23,21,17,61,0,52,52,113
09/08/2011,OTH,OR,ANM,WE,Federal Contract Tower,0,26,11,0,37,0,1,14,6,21,0,27,25,6,58,6,54,60,118
09/09/2011,OTH,OR,ANM,WE,Federal Contract Tower,0,28,12,0,40,0,4,4,6,14,0,32,16,6,54,0,76,76,130
09/10/2011,OTH,OR,ANM,WE,Federal Contract Tower,0,15,4,0,19,0,1,8,3,12,0,16,12,3,31,8,4,12,43
09/11/2011,OTH,OR,ANM,WE,Federal Contract Tower,0,9,11,0,20,0,0,15,8,23,0,9,26,8,43,0,8,8,51
09/12/2011,OTH,OR,ANM,WE,Federal Contract Tower,0,18,5,2,25,0,0,8,14,22,0,18,13,16,47,0,92,92,139
09/13/2011,OTH,OR,ANM,WE,Federal Contract Tower,0,20,5,0,25,0,0,6,18,24,0,20,11,18,49,0,64,64,113
09/14/2011,OTH,OR,ANM,WE,Federal Contract Tower,0,26,10,0,36,0,2,19,15,36,0,28,29,15,72,2,78,80,152
09/15/2011,OTH,OR,ANM,WE,Federal Contract Tower,0,14,12,0,26,0,4,21,15,40,0,18,33,15,66,12,48,60,126
09/16/2011,OTH,OR,ANM,WE,Federal Contract Tower,0,22,4,1,27,0,4,18,8,30,0,26,22,9,57,24,32,56,113
09/17/2011,OTH,OR,ANM,WE,Federal Contract Tower,0,14,3,0,17,0,5,23,5,33,0,19,26,5,50,6,0,6,56
09/18/2011,OTH,OR,ANM,WE,Federal Contract Tower,0,11,7,0,18,0,0,23,11,34,0,11,30,11,52,8,0,8,60
09/19/2011,OTH,OR,ANM,WE,Federal Contract Tower,0,18,8,0,26,0,7,3,4,14,0,25,11,4,40,0,0,0,40
09/20/2011,OTH,OR,ANM,WE,Federal Contract Tower,0,11,8,1,20,0,6,28,12,46,0,17,36,13,66,24,32,56,122
09/21/2011,OTH,OR,ANM,WE,Federal Contract Tower,0,26,3,0,29,0,3,22,16,41,0,29,25,16,70,18,38,56,126
09/22/2011,OTH,OR,ANM,WE,Federal Contract Tower,0,19,12,0,31,0,2,10,18,30,0,21,22,18,61,0,2,2,63
09/23/2011,OTH,OR,ANM,WE,Federal Contract Tower,0,23,19,0,42,0,4,5,10,19,0,27,24,10,61,0,0,0,61
09/24/2011,OTH,OR,ANM,WE,Federal Contract Tower,0,16,15,0,31,0,2,11,9,22,0,18,26,9,53,4,0,4,57
09/25/2011,OTH,OR,ANM,WE,Federal Contract Tower,0,17,11,0,28,0,0,14,10,24,0,17,25,10,52,6,2,8,60
09/26/2011,OTH,OR,ANM,WE,Federal Contract Tower,0,13,8,0,21,0,8,10,19,37,0,21,18,19,58,8,42,50,108
09/27/2011,OTH,OR,ANM,WE,Federal Contract Tower,0,20,8,0,28,0,2,15,22,39,0,22,23,22,67,2,88,90,157
09/28/2011,OTH,OR,ANM,WE,Federal Contract Tower,0,22,7,0,29,0,10,24,21,55,0,32,31,21,84,6,32,38,122
09/29/2011,OTH,OR,ANM,WE,Federal Contract Tower,0,20,8,0,28,0,11,32,16,59,0,31,40,16,87,8,50,58,145
09/30/2011,OTH,OR,ANM,WE,Federal Contract Tower,0,27,22,0,49,0,0,3,2,5,0,27,25,2,54,0,0,0,54
10/01/2011,OTH,OR,ANM,WE,Federal Contract Tower,0,10,11,4,25,0,3,1,0,4,0,13,12,4,29,0,8,8,37
10/02/2011,OTH,OR,ANM,WE,Federal Contract Tower,0,6,17,0,23,0,0,27,4,31,0,6,44,4,54,6,0,6,60
10/03/2011,OTH,OR,ANM,WE,Federal Contract Tower,0,17,3,0,20,0,2,2,12,16,0,19,5,12,36,0,10,10,46
10/04/2011,OTH,OR,ANM,WE,Federal Contract Tower,0,17,6,0,23,0,3,3,7,13,0,20,9,7,36,0,53,53,89
10/05/2011,OTH,OR,ANM,WE,Federal Contract Tower,0,16,12,0,28,0,5,7,15,27,0,21,19,15,55,0,0,0,55
10/06/2011,OTH,OR,ANM,WE,Federal Contract Tower,0,13,4,1,18,0,10,13,21,44,0,23,17,22,62,4,28,32,94
10/07/2011,OTH,OR,ANM,WE,Federal Contract Tower,0,18,10,0,28,0,2,3,7,12,0,20,13,7,40,0,0,0,40
10/08/2011,OTH,OR,ANM,WE,Federal Contract Tower,0,12,12,0,24,0,1,13,7,21,0,13,25,7,45,6,14,20,65
10/09/2011,OTH,OR,ANM,WE,Federal Contract Tower,0,18,18,0,36,0,0,2,3,5,0,18,20,3,41,0,0,0,41
10/10/2011,OTH,OR,ANM,WE,Federal Contract Tower,0,12,9,0,21,0,0,0,2,2,0,12,9,2,23,0,0,0,23
10/11/2011,OTH,OR,ANM,WE,Federal Contract Tower,0,16,8,0,24,0,4,5,15,24,0,20,13,15,48,0,4,4,52
10/12/2011,OTH,OR,ANM,WE,Federal Contract Tower,0,21,6,0,27,0,2,14,15,31,0,23,20,15,58,0,34,34,92
10/13/2011,OTH,OR,ANM,WE,Federal Contract Tower,0,19,7,0,26,0,5,15,19,39,0,24,22,19,65,0,40,40,105
10/14/2011,OTH,OR,ANM,WE,Federal Contract Tower,0,22,8,1,31,0,3,10,7,20,0,25,18,8,51,2,44,46,97
10/15/2011,OTH,OR,ANM,WE,Federal Contract Tower,0,8,4,0,12,0,4,20,4,28,0,12,24,4,40,0,2,2,42
10/16/2011,OTH,OR,ANM,WE,Federal Contract Tower,0,8,13,0,21,0,0,14,5,19,0,8,27,5,40,6,10,16,56
10/17/2011,OTH,OR,ANM,WE,Federal Contract Tower,0,12,4,1,17,0,4,19,12,35,0,16,23,13,52,10,4,14,66
10/18/2011,OTH,OR,ANM,WE,Federal Contract Tower,0,10,4,1,15,0,10,27,13,50,0,20,31,14,65,0,60,60,125
10/19/2011,OTH,OR,ANM,WE,Federal Contract Tower,0,13,11,0,24,0,3,15,12,30,0,16,26,12,54,12,28,40,94
10/20/2011,OTH,OR,ANM,WE,Federal Contract Tower,0,13,3,2,18,0,3,23,6,32,0,16,26,8,50,10,12,22,72
10/21/2011,OTH,OR,ANM,WE,Federal Contract Tower,0,16,5,2,23,0,5,5,9,19,0,21,10,11,42,0,0,0,42
10/22/2011,OTH,OR,ANM,WE,Federal Contract Tower,0,11,3,1,15,0,5,25,5,35,0,16,28,6,50,36,0,36,86
10/23/2011,OTH,OR,ANM,WE,Federal Contract Tower,0,14,2,1,17,0,0,18,9,27,0,14,20,10,44,14,0,14,58
10/24/2011,OTH,OR,ANM,WE,Federal Contract Tower,0,12,1,0,13,0,3,15,12,30,0,15,16,12,43,10,48,58,101
10/25/2011,OTH,OR,ANM,WE,Federal Contract Tower,0,8,3,2,13,0,4,30,10,44,0,12,33,12,57,6,2,8,65
10/26/2011,OTH,OR,ANM,WE,Federal Contract Tower,0,16,4,0,20,0,6,17,11,34,0,22,21,11,54,0,0,0,54
10/27/2011,OTH,OR,ANM,WE,Federal Contract Tower,0,14,9,1,24,0,6,20,11,37,0,20,29,12,61,20,0,20,81
10/28/2011,OTH,OR,ANM,WE,Federal Contract Tower,0,13,8,1,22,0,6,6,7,19,0,19,14,8,41,0,2,2,43
10/29/2011,OTH,OR,ANM,WE,Federal Contract Tower,0,13,7,1,21,0,0,0,0,0,0,13,7,1,21,0,0,0,21
10/30/2011,OTH,OR,ANM,WE,Federal Contract Tower,0,4,11,0,15,0,0,1,4,5,0,4,12,4,20,0,22,22,42
10/31/2011,OTH,OR,ANM,WE,Federal Contract Tower,0,8,2,1,11,0,3,12,8,23,0,11,14,9,34,2,0,2,36
11/01/2011,OTH,OR,ANM,WE,Federal Contract Tower,0,9,3,1,13,0,6,15,15,36,0,15,18,16,49,2,12,14,63
11/02/2011,OTH,OR,ANM,WE,Federal Contract Tower,0,12,9,0,21,0,11,10,10,31,0,23,19,10,52,4,0,4,56
11/03/2011,OTH,OR,ANM,WE,Federal Contract Tower,0,11,4,2,17,0,6,3,8,17,0,17,7,10,34,12,32,44,78
11/04/2011,OTH,OR,ANM,WE,Federal Contract Tower,0,9,13,0,22,0,3,14,4,21,0,12,27,4,43,18,0,18,61
11/05/2011,OTH,OR,ANM,WE,Federal Contract Tower,0,9,3,0,12,0,3,0,6,9,0,12,3,6,21,0,0,0,21
11/06/2011,OTH,OR,ANM,WE,Federal Contract Tower,0,5,5,0,10,0,0,14,4,18,0,5,19,4,28,16,0,16,44
11/07/2011,OTH,OR,ANM,WE,Federal Contract Tower,0,10,6,0,16,0,3,5,18,26,0,13,11,18,42,8,78,86,128
11/08/2011,OTH,OR,ANM,WE,Federal Contract Tower,0,13,14,2,29,0,5,9,8,22,0,18,23,10,51,4,0,4,55
11/09/2011,OTH,OR,ANM,WE,Federal Contract Tower,0,13,3,1,17,0,5,15,13,33,0,18,18,14,50,0,50,50,100
11/10/2011,OTH,OR,ANM,WE,Federal Contract Tower,0,12,5,4,21,0,4,17,8,29,0,16,22,12,50,38,2,40,90
11/11/2011,OTH,OR,ANM,WE,Federal Contract Tower,0,12,5,0,17,0,6,20,3,29,0,18,25,3,46,0,14,14,60
11/12/2011,OTH,OR,ANM,WE,Federal Contract Tower,0,12,6,0,18,0,1,12,5,18,0,13,18,5,36,6,2,8,44
11/13/2011,OTH,OR,ANM,WE,Federal Contract Tower,0,7,5,1,13,0,4,7,5,16,0,11,12,6,29,0,10,10,39
11/14/2011,OTH,OR,ANM,WE,Federal Contract Tower,0,15,4,0,19,0,1,0,12,13,0,16,4,12,32,0,26,26,58
11/15/2011,OTH,OR,ANM,WE,Federal Contract Tower,0,12,2,0,14,0,0,0,20,20,0,12,2,20,34,0,12,12,46
11/16/2011,OTH,OR,ANM,WE,Federal Contract Tower,0,20,8,1,29,0,0,0,6,6,0,20,8,7,35,0,16,16,51
11/17/2011,OTH,OR,ANM,WE,Federal Contract Tower,0,17,4,0,21,0,1,5,17,23,0,18,9,17,44,0,108,108,152
11/18/2011,OTH,OR,ANM,WE,Federal Contract Tower,0,11,3,0,14,0,3,2,14,19,0,14,5,14,33,0,54,54,87
11/19/2011,OTH,OR,ANM,WE,Federal Contract Tower,0,10,0,2,12,0,1,2,12,15,0,11,2,14,27,0,26,26,53
11/20/2011,OTH,OR,ANM,WE,Federal Contract Tower,0,5,8,0,13,0,1,25,4,30,0,6,33,4,43,2,4,6,49
11/21/2011,OTH,OR,ANM,WE,Federal Contract Tower,0,12,0,0,12,0,3,1,20,24,0,15,1,20,36,0,44,44,80
11/22/2011,OTH,OR,ANM,WE,Federal Contract Tower,0,6,1,0,7,0,2,0,0,2,0,8,1,0,9,0,32,32,41
11/23/2011,OTH,OR,ANM,WE,Federal Contract Tower,0,18,7,0,25,0,2,0,6,8,0,20,7,6,33,0,0,0,33
11/24/2011,OTH,OR,ANM,WE,Federal Contract Tower,0,7,0,0,7,0,0,2,3,5,0,7,2,3,12,2,0,2,14
11/25/2011,OTH,OR,ANM,WE,Federal Contract Tower,0,8,2,0,10,0,9,13,7,29,0,17,15,7,39,22,2,24,63
11/26/2011,OTH,OR,ANM,WE,Federal Contract Tower,0,10,1,0,11,0,4,2,6,12,0,14,3,6,23,0,2,2,25
11/27/2011,OTH,OR,ANM,WE,Federal Contract Tower,0,4,5,3,12,0,0,1,2,3,0,4,6,5,15,0,8,8,23
11/28/2011,OTH,OR,ANM,WE,Federal Contract Tower,0,8,5,0,13,0,3,2,11,16,0,11,7,11,29,0,24,24,53
11/29/2011,OTH,OR,ANM,WE,Federal Contract Tower,0,13,5,2,20,0,1,7,19,27,0,14,12,21,47,8,10,18,65
11/30/2011,OTH,OR,ANM,WE,Federal Contract Tower,0,11,6,0,17,0,2,8,30,40,0,13,14,30,57,8,116,124,181
12/01/2011,OTH,OR,ANM,WE,Federal Contract Tower,0,8,0,2,10,0,7,19,12,38,0,15,19,14,48,0,6,6,54
12/02/2011,OTH,OR,ANM,WE,Federal Contract Tower,0,12,0,0,12,0,4,8,9,21,0,16,8,9,33,6,0,6,39
12/03/2011,OTH,OR,ANM,WE,Federal Contract Tower,0,12,2,0,14,0,4,17,6,27,0,16,19,6,41,0,0,0,41
12/04/2011,OTH,OR,ANM,WE,Federal Contract Tower,0,7,2,0,9,0,1,19,7,27,0,8,21,7,36,0,0,0,36
12/05/2011,OTH,OR,ANM,WE,Federal Contract Tower,0,9,5,0,14,0,2,23,15,40,0,11,28,15,54,0,8,8,62
12/06/2011,OTH,OR,ANM,WE,Federal Contract Tower,0,12,4,0,16,0,6,11,18,35,0,18,15,18,51,4,18,22,73
12/07/2011,OTH,OR,ANM,WE,Federal Contract Tower,0,14,7,0,21,0,3,9,9,21,0,17,16,9,42,8,10,18,60
12/08/2011,OTH,OR,ANM,WE,Federal Contract Tower,0,10,5,2,17,0,4,4,19,27,0,14,9,21,44,0,8,8,52
12/09/2011,OTH,OR,ANM,WE,Federal Contract Tower,0,11,4,0,15,0,7,4,16,27,0,18,8,16,42,0,0,0,42
12/10/2011,OTH,OR,ANM,WE,Federal Contract Tower,0,12,5,0,17,0,1,11,6,18,0,13,16,6,35,2,8,10,45
12/11/2011,OTH,OR,ANM,WE,Federal Contract Tower,0,7,1,0,8,0,1,5,7,13,0,8,6,7,21,0,0,0,21
12/12/2011,OTH,OR,ANM,WE,Federal Contract Tower,0,10,1,0,11,0,2,4,23,29,0,12,5,23,40,0,54,54,94
12/13/2011,OTH,OR,ANM,WE,Federal Contract Tower,0,7,5,1,13,0,8,12,23,43,0,15,17,24,56,0,30,30,86
12/14/2011,OTH,OR,ANM,WE,Federal Contract Tower,0,18,2,0,20,0,1,2,23,26,0,19,4,23,46,6,0,6,52
12/15/2011,OTH,OR,ANM,WE,Federal Contract Tower,0,12,6,0,18,0,1,0,5,6,0,13,6,5,24,0,32,32,56
12/16/2011,OTH,OR,ANM,WE,Federal Contract Tower,0,9,3,0,12,0,8,4,3,15,0,17,7,3,27,4,0,4,31
12/17/2011,OTH,OR,ANM,WE,Federal Contract Tower,0,8,0,0,8,0,3,27,6,36,0,11,27,6,44,2,10,12,56
12/18/2011,OTH,OR,ANM,WE,Federal Contract Tower,0,6,0,0,6,0,0,0,5,5,0,6,0,5,11,0,0,0,11
12/19/2011,OTH,OR,ANM,WE,Federal Contract Tower,0,11,4,0,15,0,7,5,6,18,0,18,9,6,33,0,32,32,65
12/20/2011,OTH,OR,ANM,WE,Federal Contract Tower,0,12,9,0,21,0,7,5,2,14,0,19,14,2,35,6,0,6,41
12/21/2011,OTH,OR,ANM,WE,Federal Contract Tower,0,9,2,0,11,0,8,16,7,31,0,17,18,7,42,0,0,0,42
12/22/2011,OTH,OR,ANM,WE,Federal Contract Tower,0,8,1,0,9,0,5,11,6,22,0,13,12,6,31,0,0,0,31
12/23/2011,OTH,OR,ANM,WE,Federal Contract Tower,0,13,2,1,16,0,6,19,5,30,0,19,21,6,46,0,0,0,46
12/24/2011,OTH,OR,ANM,WE,Federal Contract Tower,0,8,5,0,13,0,2,16,4,22,0,10,21,4,35,14,0,14,49
12/25/2011,OTH,OR,ANM,WE,Federal Contract Tower,0,6,0,0,6,0,1,1,2,4,0,7,1,2,10,0,0,0,10
12/26/2011,OTH,OR,ANM,WE,Federal Contract Tower,0,8,5,1,14,0,3,6,5,14,0,11,11,6,28,0,30,30,58
12/27/2011,OTH,OR,ANM,WE,Federal Contract Tower,0,13,2,0,15,0,1,2,7,10,0,14,4,7,25,0,12,12,37
12/28/2011,OTH,OR,ANM,WE,Federal Contract Tower,0,14,1,2,17,0,0,0,0,0,0,14,1,2,17,0,0,0,17
12/29/2011,OTH,OR,ANM,WE,Federal Contract Tower,0,15,4,1,20,0,0,0,6,6,0,15,4,7,26,0,0,0,26
12/30/2011,OTH,OR,ANM,WE,Federal Contract Tower,0,15,1,2,18,0,1,1,7,9,0,16,2,9,27,0,30,30,57
12/31/2011,OTH,OR,ANM,WE,Federal Contract Tower,0,9,0,0,9,0,2,12,6,20,0,11,12,6,29,0,4,4,33
01/01/2012,OTH,OR,ANM,WE,Federal Contract Tower,0,6,1,0,7,0,0,23,5,28,0,6,24,5,35,0,4,4,39
01/02/2012,OTH,OR,ANM,WE,Federal Contract Tower,0,7,1,0,8,0,0,0,7,7,0,7,1,7,15,0,24,24,39
01/03/2012,OTH,OR,ANM,WE,Federal Contract Tower,0,11,2,1,14,2,5,2,3,12,2,16,4,4,26,16,2,18,44
01/04/2012,OTH,OR,ANM,WE,Federal Contract Tower,0,11,0,0,11,0,2,2,3,7,0,13,2,3,18,0,0,0,18
01/05/2012,OTH,OR,ANM,WE,Federal Contract Tower,0,10,2,0,12,0,3,3,4,10,0,13,5,4,22,0,0,0,22
01/06/2012,OTH,OR,ANM,WE,Federal Contract Tower,0,14,4,0,18,0,10,11,2,23,0,24,15,2,41,0,0,0,41
01/07/2012,OTH,OR,ANM,WE,Federal Contract Tower,0,8,5,0,13,0,3,24,2,29,0,11,29,2,42,20,0,20,62
01/08/2012,OTH,OR,ANM,WE,Federal Contract Tower,0,6,0,0,6,0,0,15,4,19,0,6,15,4,25,0,34,34,59
01/09/2012,OTH,OR,ANM,WE,Federal Contract Tower,0,10,0,2,12,0,1,5,3,9,0,11,5,5,21,0,40,40,61
01/10/2012,OTH,OR,ANM,WE,Federal Contract Tower,0,8,4,2,14,0,6,6,16,28,0,14,10,18,42,10,10,20,62
01/11/2012,OTH,OR,ANM,WE,Federal Contract Tower,0,12,0,0,12,0,38,20,18,76,0,50,20,18,88,16,6,22,110
01/12/2012,OTH,OR,ANM,WE,Federal Contract Tower,0,10,0,0,10,0,5,18,14,37,0,15,18,14,47,0,62,62,109
01/13/2012,OTH,OR,ANM,WE,Federal Contract Tower,0,13,2,0,15,0,11,23,9,43,0,24,25,9,58,0,38,38,96
01/14/2012,OTH,OR,ANM,WE,Federal Contract Tower,0,12,1,0,13,0,1,0,4,5,0,13,1,4,18,0,0,0,18
01/15/2012,OTH,OR,ANM,WE,Federal Contract Tower,0,9,5,0,14,0,0,0,5,5,0,9,5,5,19,0,10,10,29
01/16/2012,OTH,OR,ANM,WE,Federal Contract Tower,0,16,3,0,19,0,2,1,4,7,0,18,4,4,26,0,16,16,42
01/17/2012,OTH,OR,ANM,WE,Federal Contract Tower,0,20,1,0,21,0,1,0,12,13,0,21,1,12,34,0,114,114,148
01/18/2012,OTH,OR,ANM,WE,Federal Contract Tower,0,4,0,0,4,0,4,0,0,4,0,8,0,0,8,0,0,0,8
01/19/2012,OTH,OR,ANM,WE,Federal Contract Tower,0,22,2,0,24,0,1,0,0,1,0,23,2,0,25,0,0,0,25
01/20/2012,OTH,OR,ANM,WE,Federal Contract Tower,0,11,5,0,16,0,3,0,12,15,0,14,5,12,31,0,80,80,111
01/21/2012,OTH,OR,ANM,WE,Federal Contract Tower,0,13,2,0,15,0,0,2,6,8,0,13,4,6,23,0,0,0,23
01/22/2012,OTH,OR,ANM,WE,Federal Contract Tower,0,10,0,0,10,0,0,0,4,4,0,10,0,4,14,0,14,14,28
01/23/2012,OTH,OR,ANM,WE,Federal Contract Tower,0,8,2,0,10,0,7,13,29,49,0,15,15,29,59,6,40,46,105
01/24/2012,OTH,OR,ANM,WE,Federal Contract Tower,0,19,0,0,19,0,1,1,5,7,0,20,1,5,26,0,44,44,70
01/25/2012,OTH,OR,ANM,WE,Federal Contract Tower,0,18,2,0,20,0,2,1,15,18,0,20,3,15,38,0,76,76,114
01/26/2012,OTH,OR,ANM,WE,Federal Contract Tower,0,8,2,0,10,0,14,9,18,41,0,22,11,18,51,0,0,0,51
01/27/2012,OTH,OR,ANM,WE,Federal Contract Tower,0,12,4,2,18,0,12,36,14,62,0,24,40,16,80,12,60,72,152
01/28/2012,OTH,OR,ANM,WE,Federal Contract Tower,0,7,2,0,9,0,3,16,4,23,0,10,18,4,32,2,8,10,42
01/29/2012,OTH,OR,ANM,WE,Federal Contract Tower,0,9,5,0,14,0,0,0,15,15,0,9,5,15,29,0,20,20,49
01/30/2012,OTH,OR,ANM,WE,Federal Contract Tower,0,17,4,0,21,0,1,7,24,32,0,18,11,24,53,6,0,6,59
01/31/2012,OTH,OR,ANM,WE,Federal Contract Tower,0,16,1,0,17,0,4,3,11,18,0,20,4,11,35,8,14,22,57
02/01/2012,OTH,OR,ANM,WE,Federal Contract Tower,0,15,4,0,19,0,3,10,27,40,0,18,14,27,59,0,40,40,99
02/02/2012,OTH,OR,ANM,WE,Federal Contract Tower,0,8,1,0,9,0,13,30,27,70,0,21,31,27,79,0,10,10,89
02/03/2012,OTH,OR,ANM,WE,Federal Contract Tower,0,13,3,0,16,0,9,16,21,46,0,22,19,21,62,4,44,48,110
02/04/2012,OTH,OR,ANM,WE,Federal Contract Tower,0,7,1,1,9,0,6,42,6,54,0,13,43,7,63,6,0,6,69
02/05/2012,OTH,OR,ANM,WE,Federal Contract Tower,0,6,1,0,7,0,7,15,5,27,0,13,16,5,34,0,16,16,50
02/06/2012,OTH,OR,ANM,WE,Federal Contract Tower,0,10,1,1,12,0,5,9,18,32,0,15,10,19,44,0,12,12,56
02/07/2012,OTH,OR,ANM,WE,Federal Contract Tower,0,21,1,3,25,0,5,1,13,19,0,26,2,16,44,0,40,40,84
02/08/2012,OTH,OR,ANM,WE,Federal Contract Tower,0,23,4,0,27,0,0,1,17,18,0,23,5,17,45,0,34,34,79
02/09/2012,OTH,OR,ANM,WE,Federal Contract Tower,0,8,3,2,13,0,12,10,18,40,0,20,13,20,53,12,22,34,87
02/10/2012,OTH,OR,ANM,WE,Federal Contract Tower,0,21,7,0,28,0,0,0,0,0,0,21,7,0,28,0,0,0,28
02/11/2012,OTH,OR,ANM,WE,Federal Contract Tower,0,6,4,0,10,0,3,19,6,28,0,9,23,6,38,4,10,14,52
02/12/2012,OTH,OR,ANM,WE,Federal Contract Tower,0,8,1,0,9,0,0,9,5,14,0,8,10,5,23,8,0,8,31
02/13/2012,OTH,OR,ANM,WE,Federal Contract Tower,0,14,5,1,20,0,1,7,18,26,0,15,12,19,46,0,42,42,88
02/14/2012,OTH,OR,ANM,WE,Federal Contract Tower,0,19,2,3,24,0,1,1,13,15,0,20,3,16,39,0,10,10,49
02/15/2012,OTH,OR,ANM,WE,Federal Contract Tower,0,13,3,0,16,0,9,13,6,28,0,22,16,6,44,4,4,8,52
02/16/2012,OTH,OR,ANM,WE,Federal Contract Tower,0,21,5,2,28,0,3,0,7,10,0,24,5,9,38,0,50,50,88
02/17/2012,OTH,OR,ANM,WE,Federal Contract Tower,0,20,3,7,30,0,0,0,5,5,0,20,3,12,35,0,14,14,49
02/18/2012,OTH,OR,ANM,WE,Federal Contract Tower,0,13,1,0,14,0,1,1,6,8,0,14,2,6,22,4,8,12,34
02/19/2012,OTH,OR,ANM,WE,Federal Contract Tower,0,7,0,0,7,0,2,25,4,31,0,9,25,4,38,0,4,4,42
02/20/2012,OTH,OR,ANM,WE,Federal Contract Tower,0,16,5,0,21,0,0,0,0,0,0,16,5,0,21,0,0,0,21
02/21/2012,OTH,OR,ANM,WE,Federal Contract Tower,0,18,5,2,25,0,0,0,0,0,0,18,5,2,25,0,0,0,25
02/22/2012,OTH,OR,ANM,WE,Federal Contract Tower,0,15,5,3,23,0,3,4,12,19,0,18,9,15,42,2,20,22,64
02/23/2012,OTH,OR,ANM,WE,Federal Contract Tower,0,9,3,2,14,0,11,33,17,61,0,20,36,19,75,6,8,14,89
02/24/2012,OTH,OR,ANM,WE,Federal Contract Tower,0,14,2,0,16,0,5,8,7,20,0,19,10,7,36,0,0,0,36
02/25/2012,OTH,OR,ANM,WE,Federal Contract Tower,0,8,8,0,16,0,1,4,3,8,0,9,12,3,24,6,0,6,30
02/26/2012,OTH,OR,ANM,WE,Federal Contract Tower,0,5,2,0,7,0,2,6,5,13,0,7,8,5,20,0,10,10,30
02/27/2012,OTH,OR,ANM,WE,Federal Contract Tower,0,7,5,1,13,0,8,9,16,33,0,15,14,17,46,0,20,20,66
02/28/2012,OTH,OR,ANM,WE,Federal Contract Tower,0,11,2,0,13,0,5,1,11,17,0,16,3,11,30,0,44,44,74
02/29/2012,OTH,OR,ANM,WE,Federal Contract Tower,0,15,0,0,15,0,2,0,2,4,0,17,0,2,19,0,0,0,19
03/01/2012,OTH,OR,ANM,WE,Federal Contract Tower,0,9,3,2,14,0,15,1,24,40,0,24,4,26,54,0,20,20,74
03/02/2012,OTH,OR,ANM,WE,Federal Contract Tower,0,12,5,0,17,0,12,11,13,36,0,24,16,13,53,8,24,32,85
03/03/2012,OTH,OR,ANM,WE,Federal Contract Tower,0,6,11,0,17,0,3,14,5,22,0,9,25,5,39,2,0,2,41
03/04/2012,OTH,OR,ANM,WE,Federal Contract Tower,0,4,3,0,7,0,2,26,5,33,0,6,29,5,40,20,0,20,60
03/05/2012,OTH,OR,ANM,WE,Federal Contract Tower,0,15,5,4,24,0,0,0,6,6,0,15,5,10,30,0,54,54,84
03/06/2012,OTH,OR,ANM,WE,Federal Contract Tower,0,8,3,0,11,0,9,9,9,27,0,17,12,9,38,2,14,16,54
03/07/2012,OTH,OR,ANM,WE,Federal Contract Tower,0,7,1,1,9,0,13,18,15,46,0,20,19,16,55,6,76,82,137
03/08/2012,OTH,OR,ANM,WE,Federal Contract Tower,0,12,5,2,19,0,9,7,24,40,0,21,12,26,59,0,14,14,73
03/09/2012,OTH,OR,ANM,WE,Federal Contract Tower,0,10,4,0,14,0,10,7,10,27,0,20,11,10,41,16,30,46,87
03/10/2012,OTH,OR,ANM,WE,Federal Contract Tower,0,12,0,0,12,0,0,0,2,2,0,12,0,2,14,0,0,0,14
03/11/2012,OTH,OR,ANM,WE,Federal Contract Tower,0,4,1,0,5,0,2,0,5,7,0,6,1,5,12,0,0,0,12
03/12/2012,OTH,OR,ANM,WE,Federal Contract Tower,0,15,0,0,15,0,3,1,2,6,0,18,1,2,21,0,2,2,23
03/13/2012,OTH,OR,ANM,WE,Federal Contract Tower,0,10,2,0,12,0,5,4,11,20,0,15,6,11,32,0,0,0,32
03/14/2012,OTH,OR,ANM,WE,Federal Contract Tower,0,14,5,2,21,0,2,5,19,26,0,16,10,21,47,0,26,26,73
03/15/2012,OTH,OR,ANM,WE,Federal Contract Tower,0,12,0,0,12,0,0,0,1,1,0,12,0,1,13,0,0,0,13
03/16/2012,OTH,OR,ANM,WE,Federal Contract Tower,0,17,6,0,23,0,1,9,14,24,0,18,15,14,47,2,48,50,97
03/17/2012,OTH,OR,ANM,WE,Federal Contract Tower,0,8,1,0,9,0,1,8,6,15,0,9,9,6,24,0,10,10,34
03/18/2012,OTH,OR,ANM,WE,Federal Contract Tower,0,5,3,0,8,0,0,10,4,14,0,5,13,4,22,14,0,14,36
03/19/2012,OTH,OR,ANM,WE,Federal Contract Tower,0,17,2,0,19,0,2,5,10,17,0,19,7,10,36,46,0,46,82
03/20/2012,OTH,OR,ANM,WE,Federal Contract Tower,0,21,2,0,23,0,0,0,10,10,0,21,2,10,33,0,4,4,37
03/21/2012,OTH,OR,ANM,WE,Federal Contract Tower,0,24,2,3,29,0,0,0,12,12,0,24,2,15,41,0,24,24,65
03/22/2012,OTH,OR,ANM,WE,Federal Contract Tower,0,9,3,0,12,0,10,3,24,37,0,19,6,24,49,0,90,90,139
03/23/2012,OTH,OR,ANM,WE,Federal Contract Tower,0,11,3,2,16,0,14,34,9,57,0,25,37,11,73,0,8,8,81
03/24/2012,OTH,OR,ANM,WE,Federal Contract Tower,0,6,2,0,8,0,2,13,4,19,0,8,15,4,27,0,0,0,27
03/25/2012,OTH,OR,ANM,WE,Federal Contract Tower,0,6,2,0,8,0,0,1,8,9,0,6,3,8,17,0,2,2,19
03/26/2012,OTH,OR,ANM,WE,Federal Contract Tower,0,13,5,1,19,0,3,6,17,26,0,16,11,18,45,0,38,38,83
03/27/2012,OTH,OR,ANM,WE,Federal Contract Tower,0,19,3,0,22,0,1,1,11,13,0,20,4,11,35,0,28,28,63
03/28/2012,OTH,OR,ANM,WE,Federal Contract Tower,0,16,5,0,21,0,4,2,14,20,0,20,7,14,41,0,38,38,79
03/29/2012,OTH,OR,ANM,WE,Federal Contract Tower,0,12,0,0,12,0,3,0,6,9,0,15,0,6,21,0,22,22,43
03/30/2012,OTH,OR,ANM,WE,Federal Contract Tower,0,18,1,2,21,0,0,0,9,9,0,18,1,11,30,0,34,34,64
03/31/2012,OTH,OR,ANM,WE,Federal Contract Tower,0,11,2,0,13,0,1,2,3,6,0,12,4,3,19,0,54,54,73
04/01/2012,OTH,OR,ANM,WE,Federal Contract Tower,0,9,0,0,9,0,2,6,6,14,0,11,6,6,23,0,28,28,51
04/02/2012,OTH,OR,ANM,WE,Federal Contract Tower,0,9,0,1,10,0,9,13,11,33,0,18,13,12,43,0,22,22,65
04/03/2012,OTH,OR,ANM,WE,Federal Contract Tower,0,11,3,0,14,0,7,5,18,30,0,18,8,18,44,0,64,64,108
04/04/2012,OTH,OR,ANM,WE,Federal Contract Tower,0,14,5,0,19,0,4,3,21,28,0,18,8,21,47,0,48,48,95
04/05/2012,OTH,OR,ANM,WE,Federal Contract Tower,0,11,5,1,17,0,8,6,12,26,0,19,11,13,43,2,64,66,109
04/06/2012,OTH,OR,ANM,WE,Federal Contract Tower,0,11,4,0,15,0,10,1,19,30,0,21,5,19,45,0,6,6,51
04/07/2012,OTH,OR,ANM,WE,Federal Contract Tower,0,5,6,0,11,0,5,25,6,36,0,10,31,6,47,6,14,20,67
04/08/2012,OTH,OR,ANM,WE,Federal Contract Tower,0,2,0,1,3,0,5,1,3,9,0,7,1,4,12,0,10,10,22
04/09/2012,OTH,OR,ANM,WE,Federal Contract Tower,0,12,0,0,12,0,5,7,15,27,0,17,7,15,39,0,36,36,75
04/10/2012,OTH,OR,ANM,WE,Federal Contract Tower,0,14,1,2,17,0,1,3,6,10,0,15,4,8,27,56,0,56,83
04/11/2012,OTH,OR,ANM,WE,Federal Contract Tower,0,13,5,0,18,0,6,1,17,24,0,19,6,17,42,0,0,0,42
04/12/2012,OTH,OR,ANM,WE,Federal Contract Tower,0,10,5,0,15,0,16,2,16,34,0,26,7,16,49,0,20,20,69
04/13/2012,OTH,OR,ANM,WE,Federal Contract Tower,0,14,6,1,21,0,7,6,8,21,0,21,12,9,42,0,38,38,80
04/14/2012,OTH,OR,ANM,WE,Federal Contract Tower,0,5,6,1,12,0,2,19,8,29,0,7,25,9,41,6,4,10,51
04/15/2012,OTH,OR,ANM,WE,Federal Contract Tower,0,7,5,3,15,0,4,13,4,21,0,11,18,7,36,2,2,4,40
04/16/2012,OTH,OR,ANM,WE,Federal Contract Tower,0,10,6,4,20,0,5,6,4,15,0,15,12,8,35,10,22,32,67
04/17/2012,OTH,OR,ANM,WE,Federal Contract Tower,1,11,7,0,19,0,5,2,12,19,1,16,9,12,38,0,0,0,38
04/18/2012,OTH,OR,ANM,WE,Federal Contract Tower,0,19,3,1,23,0,4,7,11,22,0,23,10,12,45,2,10,12,57
04/19/2012,OTH,OR,ANM,WE,Federal Contract Tower,0,22,11,2,35,0,0,0,6,6,0,22,11,8,41,0,32,32,73
04/20/2012,OTH,OR,ANM,WE,Federal Contract Tower,0,21,6,1,28,0,12,11,14,37,0,33,17,15,65,10,44,54,119
04/21/2012,OTH,OR,ANM,WE,Federal Contract Tower,0,7,2,0,9,0,5,27,4,36,0,12,29,4,45,10,0,10,55
04/22/2012,OTH,OR,ANM,WE,Federal Contract Tower,0,4,7,1,12,0,5,40,6,51,0,9,47,7,63,4,4,8,71
04/23/2012,OTH,OR,ANM,WE,Federal Contract Tower,0,15,4,3,22,0,0,0,3,3,0,15,4,6,25,0,10,10,35
04/24/2012,OTH,OR,ANM,WE,Federal Contract Tower,0,24,12,0,36,0,0,5,11,16,0,24,17,11,52,0,34,34,86
04/25/2012,OTH,OR,ANM,WE,Federal Contract Tower,0,18,4,2,24,0,0,0,14,14,0,18,4,16,38,0,114,114,152
04/26/2012,OTH,OR,ANM,WE,Federal Contract Tower,0,21,5,0,26,0,5,4,15,24,0,26,9,15,50,0,16,16,66
04/27/2012,OTH,OR,ANM,WE,Federal Contract Tower,0,18,9,0,27,0,1,13,4,18,0,19,22,4,45,8,4,12,57
04/28/2012,OTH,OR,ANM,WE,Federal Contract Tower,0,10,5,0,15,0,4,50,6,60,0,14,55,6,75,24,0,24,99
04/29/2012,OTH,OR,ANM,WE,Federal Contract Tower,0,13,12,0,25,0,1,4,5,10,0,14,16,5,35,0,0,0,35
04/30/2012,OTH,OR,ANM,WE,Federal Contract Tower,0,17,9,2,28,0,0,2,0,2,0,17,11,2,30,10,0,10,40
05/01/2012,OTH,OR,ANM,WE,Federal Contract Tower,0,11,4,0,15,0,9,5,10,24,0,20,9,10,39,10,0,10,49
05/02/2012,OTH,OR,ANM,WE,Federal Contract Tower,0,14,8,0,22,0,9,2,22,33,0,23,10,22,55,0,6,6,61
05/03/2012,OTH,OR,ANM,WE,Federal Contract Tower,0,22,13,0,35,0,0,0,7,7,0,22,13,7,42,0,4,4,46
05/04/2012,OTH,OR,ANM,WE,Federal Contract Tower,0,17,5,0,22,0,0,0,0,0,0,17,5,0,22,0,2,2,24
05/05/2012,OTH,OR,ANM,WE,Federal Contract Tower,0,6,5,0,11,0,8,20,4,32,0,14,25,4,43,2,0,2,45
05/06/2012,OTH,OR,ANM,WE,Federal Contract Tower,0,12,8,0,20,0,2,29,7,38,0,14,37,7,58,4,16,20,78
05/07/2012,OTH,OR,ANM,WE,Federal Contract Tower,0,10,4,1,15,0,9,16,10,35,0,19,20,11,50,2,0,2,52
05/08/2012,OTH,OR,ANM,WE,Federal Contract Tower,0,18,10,6,34,0,6,29,5,40,0,24,39,11,74,0,0,0,74
05/09/2012,OTH,OR,ANM,WE,Federal Contract Tower,0,14,8,3,25,0,8,20,13,41,0,22,28,16,66,0,48,48,114
05/10/2012,OTH,OR,ANM,WE,Federal Contract Tower,1,15,6,0,22,0,12,11,13,36,1,27,17,13,58,0,4,4,62
05/11/2012,OTH,OR,ANM,WE,Federal Contract Tower,0,15,10,0,25,0,13,25,2,40,0,28,35,2,65,34,0,34,99
05/12/2012,OTH,OR,ANM,WE,Federal Contract Tower,0,5,7,0,12,0,8,27,6,41,0,13,34,6,53,12,0,12,65
05/13/2012,OTH,OR,ANM,WE,Federal Contract Tower,0,10,7,0,17,0,4,23,4,31,0,14,30,4,48,2,2,4,52
05/14/2012,OTH,OR,ANM,WE,Federal Contract Tower,0,16,5,0,21,0,0,4,12,16,0,16,9,12,37,0,124,124,161
05/15/2012,OTH,OR,ANM,WE,Federal Contract Tower,0,23,4,1,28,0,12,13,11,36,0,35,17,12,64,0,52,52,116
05/16/2012,OTH,OR,ANM,WE,Federal Contract Tower,0,14,13,1,28,0,12,8,9,29,0,26,21,10,57,4,0,4,61
05/17/2012,OTH,OR,ANM,WE,Federal Contract Tower,0,18,5,0,23,0,9,9,12,30,0,27,14,12,53,0,0,0,53
05/18/2012,OTH,OR,ANM,WE,Federal Contract Tower,0,17,8,1,26,0,11,17,7,35,0,28,25,8,61,2,0,2,63
05/19/2012,OTH,OR,ANM,WE,Federal Contract Tower,0,10,10,0,20,0,3,21,4,28,0,13,31,4,48,14,0,14,62
05/20/2012,OTH,OR,ANM,WE,Federal Contract Tower,0,16,5,0,21,0,2,13,4,19,0,18,18,4,40,0,16,16,56
05/21/2012,OTH,OR,ANM,WE,Federal Contract Tower,0,22,3,9,34,0,5,6,0,11,0,27,9,9,45,0,0,0,45
05/22/2012,OTH,OR,ANM,WE,Federal Contract Tower,0,21,2,1,24,0,1,2,8,11,0,22,4,9,35,0,20,20,55
05/23/2012,OTH,OR,ANM,WE,Federal Contract Tower,0,23,1,2,26,0,0,1,8,9,0,23,2,10,35,0,0,0,35
05/24/2012,OTH,OR,ANM,WE,Federal Contract Tower,0,22,12,0,34,0,0,11,15,26,0,22,23,15,60,6,26,32,92
05/25/2012,OTH,OR,ANM,WE,Federal Contract Tower,0,31,0,1,32,0,4,13,11,28,0,35,13,12,60,12,4,16,76
05/26/2012,OTH,OR,ANM,WE,Federal Contract Tower,0,13,4,1,18,0,0,6,13,19,0,13,10,14,37,0,20,20,57
05/27/2012,OTH,OR,ANM,WE,Federal Contract Tower,0,7,2,1,10,0,4,0,3,7,0,11,2,4,17,0,2,2,19
05/28/2012,OTH,OR,ANM,WE,Federal Contract Tower,0,13,0,2,15,0,3,6,6,15,0,16,6,8,30,0,2,2,32
05/29/2012,OTH,OR,ANM,WE,Federal Contract Tower,0,11,3,0,14,0,16,17,15,48,0,27,20,15,62,8,30,38,100
05/30/2012,OTH,OR,ANM,WE,Federal Contract Tower,0,11,2,0,13,0,14,27,29,70,0,25,29,29,83,6,62,68,151
05/31/2012,OTH,OR,ANM,WE,Federal Contract Tower,0,9,4,1,14,0,13,16,15,44,0,22,20,16,58,6,0,6,64
06/01/2012,OTH,OR,ANM,WE,Federal Contract Tower,0,21,4,2,27,0,0,0,0,0,0,21,4,2,27,0,6,6,33
06/02/2012,OTH,OR,ANM,WE,Federal Contract Tower,0,11,2,0,13,0,0,2,2,4,0,11,4,2,17,0,0,0,17
06/03/2012,OTH,OR,ANM,WE,Federal Contract Tower,0,6,11,0,17,0,2,9,3,14,0,8,20,3,31,10,0,10,41
06/04/2012,OTH,OR,ANM,WE,Federal Contract Tower,0,20,8,1,29,0,11,1,5,17,0,31,9,6,46,0,0,0,46
06/05/2012,OTH,OR,ANM,WE,Federal Contract Tower,0,16,8,0,24,0,15,12,18,45,0,31,20,18,69,4,0,4,73
06/06/2012,OTH,OR,ANM,WE,Federal Contract Tower,0,13,22,2,37,0,19,42,17,78,0,32,64,19,115,0,28,28,143
06/07/2012,OTH,OR,ANM,WE,Federal Contract Tower,0,24,1,3,28,0,1,0,5,6,0,25,1,8,34,0,2,2,36
06/08/2012,OTH,OR,ANM,WE,Federal Contract Tower,0,24,7,0,31,0,2,4,3,9,0,26,11,3,40,0,0,0,40
06/09/2012,OTH,OR,ANM,WE,Federal Contract Tower,0,8,5,1,14,0,6,17,8,31,0,14,22,9,45,0,24,24,69
06/10/2012,OTH,OR,ANM,WE,Federal Contract Tower,0,14,3,0,17,0,4,33,7,44,0,18,36,7,61,0,14,14,75
06/11/2012,OTH,OR,ANM,WE,Federal Contract Tower,0,10,3,0,13,0,21,14,7,42,0,31,17,7,55,6,34,40,95
06/12/2012,OTH,OR,ANM,WE,Federal Contract Tower,0,29,9,6,44,0,0,0,0,0,0,29,9,6,44,0,0,0,44
06/13/2012,OTH,OR,ANM,WE,Federal Contract Tower,0,19,5,1,25,0,18,17,8,43,0,37,22,9,68,0,20,20,88
06/14/2012,OTH,OR,ANM,WE,Federal Contract Tower,0,16,9,0,25,0,17,13,6,36,0,33,22,6,61,8,0,8,69
06/15/2012,OTH,OR,ANM,WE,Federal Contract Tower,0,15,6,0,21,0,17,24,14,55,0,32,30,14,76,2,44,46,122
06/16/2012,OTH,OR,ANM,WE,Federal Contract Tower,0,12,2,0,14,0,7,7,5,19,0,19,9,5,33,0,0,0,33
06/17/2012,OTH,OR,ANM,WE,Federal Contract Tower,0,15,14,2,31,0,0,0,2,2,0,15,14,4,33,0,0,0,33
06/18/2012,OTH,OR,ANM,WE,Federal Contract Tower,0,18,5,0,23,0,6,2,12,20,0,24,7,12,43,0,34,34,77
06/19/2012,OTH,OR,ANM,WE,Federal Contract Tower,0,17,7,0,24,0,5,7,12,24,0,22,14,12,48,0,32,32,80
06/20/2012,OTH,OR,ANM,WE,Federal Contract Tower,0,15,1,0,16,0,0,0,0,0,0,15,1,0,16,16,20,36,52
06/21/2012,OTH,OR,ANM,WE,Federal Contract Tower,0,16,4,0,20,0,4,18,9,31,0,20,22,9,51,4,26,30,81
06/22/2012,OTH,OR,ANM,WE,Federal Contract Tower,0,24,13,8,45,0,0,0,0,0,0,24,13,8,45,0,0,0,45
06/23/2012,OTH,OR,ANM,WE,Federal Contract Tower,0,10,5,0,15,0,3,5,4,12,0,13,10,4,27,0,0,0,27
06/24/2012,OTH,OR,ANM,WE,Federal Contract Tower,0,7,13,0,20,0,4,14,6,24,0,11,27,6,44,0,8,8,52
06/25/2012,OTH,OR,ANM,WE,Federal Contract Tower,0,16,5,0,21,0,5,2,7,14,0,21,7,7,35,2,10,12,47
06/26/2012,OTH,OR,ANM,WE,Federal Contract Tower,0,14,1,0,15,0,11,0,9,20,0,25,1,9,35,0,40,40,75
06/27/2012,OTH,OR,ANM,WE,Federal Contract Tower,0,10,3,2,15,0,14,16,11,41,0,24,19,13,56,4,48,52,108
06/28/2012,OTH,OR,ANM,WE,Federal Contract Tower,0,18,3,1,22,0,10,6,16,32,0,28,9,17,54,0,4,4,58
06/29/2012,OTH,OR,ANM,WE,Federal Contract Tower,0,18,8,0,26,0,7,2,10,19,0,25,10,10,45,0,40,40,85
06/30/2012,OTH,OR,ANM,WE,Federal Contract Tower,0,13,3,0,16,0,2,0,0,2,0,15,3,0,18,0,0,0,18
07/01/2012,OTH,OR,ANM,WE,Federal Contract Tower,0,8,2,2,12,0,4,2,15,21,0,12,4,17,33,0,30,30,63
07/02/2012,OTH,OR,ANM,WE,Federal Contract Tower,0,17,7,0,24,0,4,12,11,27,0,21,19,11,51,0,36,36,87
07/03/2012,OTH,OR,ANM,WE,Federal Contract Tower,0,12,7,0,19,0,10,12,10,32,0,22,19,10,51,0,48,48,99
07/04/2012,OTH,OR,ANM,WE,Federal Contract Tower,0,6,1,1,8,0,3,19,2,24,0,9,20,3,32,0,50,50,82
07/05/2012,OTH,OR,ANM,WE,Federal Contract Tower,0,7,6,1,14,0,16,32,11,59,0,23,38,12,73,22,12,34,107
07/06/2012,OTH,OR,ANM,WE,Federal Contract Tower,0,16,4,0,20,0,11,10,10,31,0,27,14,10,51,0,0,0,51
07/07/2012,OTH,OR,ANM,WE,Federal Contract Tower,0,4,7,0,11,0,5,10,8,23,0,9,17,8,34,0,40,40,74
07/08/2012,OTH,OR,ANM,WE,Federal Contract Tower,0,9,11,0,20,0,1,7,2,10,0,10,18,2,30,0,0,0,30
07/09/2012,OTH,OR,ANM,WE,Federal Contract Tower,0,20,6,1,27,0,9,4,0,13,0,29,10,1,40,0,0,0,40
07/10/2012,OTH,OR,ANM,WE,Federal Contract Tower,0,20,7,0,27,0,5,13,14,32,0,25,20,14,59,0,10,10,69
07/11/2012,OTH,OR,ANM,WE,Federal Contract Tower,0,23,5,0,28,0,1,3,4,8,0,24,8,4,36,6,22,28,64
07/12/2012,OTH,OR,ANM,WE,Federal Contract Tower,0,21,3,2,26,0,4,2,4,10,0,25,5,6,36,0,52,52,88
07/13/2012,OTH,OR,ANM,WE,Federal Contract Tower,0,17,15,0,32,0,3,7,13,23,0,20,22,13,55,0,22,22,77
07/14/2012,OTH,OR,ANM,WE,Federal Contract Tower,0,9,8,0,17,0,2,8,4,14,0,11,16,4,31,0,6,6,37
07/15/2012,OTH,OR,ANM,WE,Federal Contract Tower,0,14,14,0,28,0,3,5,4,12,0,17,19,4,40,0,0,0,40
07/16/2012,OTH,OR,ANM,WE,Federal Contract Tower,0,13,6,0,19,0,11,12,12,35,0,24,18,12,54,0,80,80,134
07/17/2012,OTH,OR,ANM,WE,Federal Contract Tower,0,16,5,0,21,0,0,0,7,7,0,16,5,7,28,0,26,26,54
07/18/2012,OTH,OR,ANM,WE,Federal Contract Tower,0,24,11,4,39,0,3,2,10,15,0,27,13,14,54,0,24,24,78
07/19/2012,OTH,OR,ANM,WE,Federal Contract Tower,0,22,18,0,40,0,4,8,5,17,0,26,26,5,57,2,4,6,63
07/20/2012,OTH,OR,ANM,WE,Federal Contract Tower,0,24,5,5,34,0,7,2,5,14,0,31,7,10,48,2,22,24,72
07/21/2012,OTH,OR,ANM,WE,Federal Contract Tower,0,12,7,0,19,0,2,9,4,15,0,14,16,4,34,4,12,16,50
07/22/2012,OTH,OR,ANM,WE,Federal Contract Tower,0,17,11,0,28,0,4,13,4,21,0,21,24,4,49,0,38,38,87
07/23/2012,OTH,OR,ANM,WE,Federal Contract Tower,0,15,3,3,21,0,14,10,4,28,0,29,13,7,49,4,2,6,55
07/24/2012,OTH,OR,ANM,WE,Federal Contract Tower,0,22,4,3,29,0,6,11,8,25,0,28,15,11,54,14,26,40,94
07/25/2012,OTH,OR,ANM,WE,Federal Contract Tower,0,25,8,2,35,0,1,1,2,4,0,26,9,4,39,0,0,0,39
07/26/2012,OTH,OR,ANM,WE,Federal Contract Tower,0,19,7,2,28,0,2,8,7,17,0,21,15,9,45,0,38,38,83
07/27/2012,OTH,OR,ANM,WE,Federal Contract Tower,0,18,10,0,28,0,10,6,9,25,0,28,16,9,53,0,4,4,57
07/28/2012,OTH,OR,ANM,WE,Federal Contract Tower,0,14,11,2,27,0,0,2,5,7,0,14,13,7,34,0,2,2,36
07/29/2012,OTH,OR,ANM,WE,Federal Contract Tower,0,16,12,0,28,0,0,14,6,20,0,16,26,6,48,30,0,30,78
07/30/2012,OTH,OR,ANM,WE,Federal Contract Tower,0,15,5,0,20,0,8,13,8,29,0,23,18,8,49,0,28,28,77
07/31/2012,OTH,OR,ANM,WE,Federal Contract Tower,0,11,5,0,16,0,14,8,12,34,0,25,13,12,50,0,24,24,74
08/01/2012,OTH,OR,ANM,WE,Federal Contract Tower,0,15,3,2,20,0,12,18,9,39,0,27,21,11,59,8,6,14,73
08/02/2012,OTH,OR,ANM,WE,Federal Contract Tower,0,20,7,0,27,0,16,13,6,35,0,36,20,6,62,0,0,0,62
08/03/2012,OTH,OR,ANM,WE,Federal Contract Tower,0,12,8,0,20,0,14,8,4,26,0,26,16,4,46,8,4,12,58
08/04/2012,OTH,OR,ANM,WE,Federal Contract Tower,0,10,3,0,13,0,3,22,11,36,0,13,25,11,49,0,26,26,75
08/05/2012,OTH,OR,ANM,WE,Federal Contract Tower,0,8,4,0,12,0,4,7,9,20,0,12,11,9,32,2,16,18,50
08/06/2012,OTH,OR,ANM,WE,Federal Contract Tower,0,20,9,0,29,0,1,3,8,12,0,21,12,8,41,0,6,6,47
08/07/2012,OTH,OR,ANM,WE,Federal Contract Tower,0,17,5,2,24,0,9,6,19,34,0,26,11,21,58,16,62,78,136
08/08/2012,OTH,OR,ANM,WE,Federal Contract Tower,0,16,5,4,25,0,11,19,7,37,0,27,24,11,62,8,18,26,88
08/09/2012,OTH,OR,ANM,WE,Federal Contract Tower,0,20,11,2,33,0,13,15,11,39,0,33,26,13,72,8,36,44,116
08/10/2012,OTH,OR,ANM,WE,Federal Contract Tower,0,18,4,1,23,0,9,8,9,26,0,27,12,10,49,0,30,30,79
08/11/2012,OTH,OR,ANM,WE,Federal Contract Tower,0,9,5,1,15,0,5,10,3,18,0,14,15,4,33,0,0,0,33
08/12/2012,OTH,OR,ANM,WE,Federal Contract Tower,0,12,11,0,23,0,4,6,5,15,0,16,17,5,38,0,0,0,38
08/13/2012,OTH,OR,ANM,WE,Federal Contract Tower,0,28,10,0,38,0,5,3,5,13,0,33,13,5,51,0,30,30,81
08/14/2012,OTH,OR,ANM,WE,Federal Contract Tower,0,20,3,2,25,0,4,15,2,21,0,24,18,4,46,16,0,16,62
08/15/2012,OTH,OR,ANM,WE,Federal Contract Tower,0,18,2,1,21,0,8,12,9,29,0,26,14,10,50,0,70,70,120
08/16/2012,OTH,OR,ANM,WE,Federal Contract Tower,0,13,10,1,24,0,11,15,10,36,0,24,25,11,60,2,30,32,92
08/17/2012,OTH,OR,ANM,WE,Federal Contract Tower,0,22,5,0,27,0,4,11,5,20,0,26,16,5,47,2,0,2,49
08/18/2012,OTH,OR,ANM,WE,Federal Contract Tower,0,16,5,2,23,0,0,1,0,1,0,16,6,2,24,0,0,0,24
08/19/2012,OTH,OR,ANM,WE,Federal Contract Tower,0,17,10,0,27,0,4,15,4,23,0,21,25,4,50,6,16,22,72
08/20/2012,OTH,OR,ANM,WE,Federal Contract Tower,0,14,4,0,18,0,7,12,6,25,0,21,16,6,43,4,0,4,47
08/21/2012,OTH,OR,ANM,WE,Federal Contract Tower,0,23,4,0,27,0,8,6,14,28,0,31,10,14,55,0,60,60,115
08/22/2012,OTH,OR,ANM,WE,Federal Contract Tower,0,14,3,0,17,0,14,17,12,43,0,28,20,12,60,0,48,48,108
08/23/2012,OTH,OR,ANM,WE,Federal Contract Tower,0,18,6,0,24,0,8,14,13,35,0,26,20,13,59,6,92,98,157
08/24/2012,OTH,OR,ANM,WE,Federal Contract Tower,0,11,6,1,18,0,15,18,11,44,0,26,24,12,62,4,34,38,100
08/25/2012,OTH,OR,ANM,WE,Federal Contract Tower,0,12,7,0,19,0,1,0,2,3,0,13,7,2,22,0,24,24,46
08/26/2012,OTH,OR,ANM,WE,Federal Contract Tower,0,8,7,0,15,0,2,11,5,18,0,10,18,5,33,2,12,14,47
08/27/2012,OTH,OR,ANM,WE,Federal Contract Tower,0,14,2,0,16,0,10,15,21,46,0,24,17,21,62,2,92,94,156
08/28/2012,OTH,OR,ANM,WE,Federal Contract Tower,0,13,9,0,22,0,5,9,10,24,0,18,18,10,46,10,14,24,70
08/29/2012,OTH,OR,ANM,WE,Federal Contract Tower,0,14,9,4,27,0,14,10,15,39,0,28,19,19,66,8,74,82,148
08/30/2012,OTH,OR,ANM,WE,Federal Contract Tower,0,10,6,0,16,0,10,4,15,29,0,20,10,15,45,0,48,48,93
08/31/2012,OTH,OR,ANM,WE,Federal Contract Tower,0,15,3,2,20,0,12,18,9,39,0,27,21,11,59,8,6,14,73
09/01/2012,OTH,OR,ANM,WE,Federal Contract Tower,0,8,2,0,10,0,7,10,9,26,0,15,12,9,36,6,0,6,42
09/02/2012,OTH,OR,ANM,WE,Federal Contract Tower,0,5,2,0,7,0,6,27,4,37,0,11,29,4,44,10,10,20,64
09/03/2012,OTH,OR,ANM,WE,Federal Contract Tower,0,12,8,0,20,0,6,19,10,35,0,18,27,10,55,0,0,0,55
09/04/2012,OTH,OR,ANM,WE,Federal Contract Tower,0,9,10,0,19,0,9,1,4,14,0,18,11,4,33,0,20,20,53
09/05/2012,OTH,OR,ANM,WE,Federal Contract Tower,0,23,12,0,35,0,4,10,4,18,0,27,22,4,53,0,0,0,53
09/06/2012,OTH,OR,ANM,WE,Federal Contract Tower,0,21,20,5,46,0,0,2,1,3,0,21,22,6,49,0,0,0,49
09/07/2012,OTH,OR,ANM,WE,Federal Contract Tower,0,26,19,0,45,0,1,1,2,4,0,27,20,2,49,0,0,0,49
09/08/2012,OTH,OR,ANM,WE,Federal Contract Tower,0,16,13,5,34,0,0,0,1,1,0,16,13,6,35,0,0,0,35
09/09/2012,OTH,OR,ANM,WE,Federal Contract Tower,0,7,9,0,16,0,3,11,4,18,0,10,20,4,34,10,4,14,48
09/10/2012,OTH,OR,ANM,WE,Federal Contract Tower,0,14,6,0,20,0,10,8,11,29,0,24,14,11,49,0,14,14,63
09/11/2012,OTH,OR,ANM,WE,Federal Contract Tower,0,5,7,1,13,0,11,3,7,21,0,16,10,8,34,0,2,2,36
09/12/2012,OTH,OR,ANM,WE,Federal Contract Tower,0,8,10,0,18,0,14,17,12,43,0,22,27,12,61,14,4,18,79
09/13/2012,OTH,OR,ANM,WE,Federal Contract Tower,0,11,14,0,25,0,10,21,8,39,0,21,35,8,64,0,0,0,64
09/14/2012,OTH,OR,ANM,WE,Federal Contract Tower,0,14,15,3,32,0,5,7,2,14,0,19,22,5,46,0,0,0,46
09/15/2012,OTH,OR,ANM,WE,Federal Contract Tower,0,13,5,1,19,0,1,14,5,20,0,14,19,6,39,0,8,8,47
09/16/2012,OTH,OR,ANM,WE,Federal Contract Tower,0,10,13,0,23,0,1,17,6,24,0,11,30,6,47,1,0,1,48
09/17/2012,OTH,OR,ANM,WE,Federal Contract Tower,0,17,4,0,21,0,8,25,10,43,0,25,29,10,64,2,6,8,72
09/18/2012,OTH,OR,ANM,WE,Federal Contract Tower,0,20,25,0,45,0,1,5,10,16,0,21,30,10,61,2,18,20,81
09/19/2012,OTH,OR,ANM,WE,Federal Contract Tower,0,26,13,0,39,0,0,0,11,11,0,26,13,11,50,6,16,22,72
09/20/2012,OTH,OR,ANM,WE,Federal Contract Tower,0,27,11,1,39,0,0,4,11,15,0,27,15,12,54,16,10,26,80
09/21/2012,OTH,OR,ANM,WE,Federal Contract Tower,0,16,10,0,26,0,11,18,20,49,0,27,28,20,75,4,22,26,101
09/22/2012,OTH,OR,ANM,WE,Federal Contract Tower,0,9,4,0,13,0,6,15,3,24,0,15,19,3,37,16,12,28,65
09/23/2012,OTH,OR,ANM,WE,Federal Contract Tower,0,10,15,0,25,0,3,17,7,27,0,13,32,7,52,8,6,14,66
09/24/2012,OTH,OR,ANM,WE,Federal Contract Tower,0,16,6,2,24,0,12,13,25,50,0,28,19,27,74,14,76,90,164
09/25/2012,OTH,OR,ANM,WE,Federal Contract Tower,0,12,6,3,21,0,6,5,5,16,0,18,11,8,37,0,12,12,49
09/26/2012,OTH,OR,ANM,WE,Federal Contract Tower,0,15,13,6,34,0,9,9,8,26,0,24,22,14,60,10,4,14,74
09/27/2012,OTH,OR,ANM,WE,Federal Contract Tower,0,15,4,1,20,0,9,12,9,30,0,24,16,10,50,2,24,26,76
09/28/2012,OTH,OR,ANM,WE,Federal Contract Tower,0,11,14,0,25,0,10,13,12,35,0,21,27,12,60,8,6,14,74
09/29/2012,OTH,OR,ANM,WE,Federal Contract Tower,0,15,3,1,19,0,4,7,2,13,0,19,10,3,32,0,0,0,32
09/30/2012,OTH,OR,ANM,WE,Federal Contract Tower,0,10,7,0,17,0,3,12,6,21,0,13,19,6,38,6,0,6,44
10/01/2012,OTH,OR,ANM,WE,Federal Contract Tower,0,6,4,2,12,0,7,20,16,43,0,13,24,18,55,2,8,10,65
10/02/2012,OTH,OR,ANM,WE,Federal Contract Tower,0,10,2,0,12,0,11,11,13,35,0,21,13,13,47,4,0,4,51
10/03/2012,OTH,OR,ANM,WE,Federal Contract Tower,0,12,3,0,15,0,12,24,7,43,0,24,27,7,58,4,0,4,62
10/04/2012,OTH,OR,ANM,WE,Federal Contract Tower,0,9,8,1,18,0,8,26,7,41,0,17,34,8,59,56,0,56,115
10/05/2012,OTH,OR,ANM,WE,Federal Contract Tower,0,10,4,1,15,0,9,15,12,36,0,19,19,13,51,20,22,42,93
10/06/2012,OTH,OR,ANM,WE,Federal Contract Tower,0,5,10,0,15,0,8,22,3,33,0,13,32,3,48,16,8,24,72
10/07/2012,OTH,OR,ANM,WE,Federal Contract Tower,0,11,9,0,20,0,0,6,4,10,0,11,15,4,30,12,2,14,44
10/08/2012,OTH,OR,ANM,WE,Federal Contract Tower,0,14,4,0,18,0,5,8,7,20,0,19,12,7,38,4,26,30,68
10/09/2012,OTH,OR,ANM,WE,Federal Contract Tower,0,10,3,0,13,0,7,10,6,23,0,17,13,6,36,0,42,42,78
10/10/2012,OTH,OR,ANM,WE,Federal Contract Tower,0,12,11,2,25,0,5,8,9,22,0,17,19,11,47,0,34,34,81
10/11/2012,OTH,OR,ANM,WE,Federal Contract Tower,0,16,11,1,28,0,1,5,10,16,0,17,16,11,44,0,16,16,60
10/12/2012,OTH,OR,ANM,WE,Federal Contract Tower,0,15,11,2,28,0,2,5,8,15,0,17,16,10,43,8,12,20,63
10/13/2012,OTH,OR,ANM,WE,Federal Contract Tower,0,13,7,2,22,0,0,0,2,2,0,13,7,4,24,0,0,0,24
10/14/2012,OTH,OR,ANM,WE,Federal Contract Tower,0,8,13,0,21,0,0,0,0,0,0,8,13,0,21,0,0,0,21
10/15/2012,OTH,OR,ANM,WE,Federal Contract Tower,0,15,8,0,23,0,1,0,6,7,0,16,8,6,30,0,4,4,34
10/16/2012,OTH,OR,ANM,WE,Federal Contract Tower,0,13,9,0,22,0,6,8,13,27,0,19,17,13,49,2,38,40,89
10/17/2012,OTH,OR,ANM,WE,Federal Contract Tower,0,9,9,1,19,0,19,22,10,51,0,28,31,11,70,8,6,14,84
10/18/2012,OTH,OR,ANM,WE,Federal Contract Tower,0,11,16,0,27,0,9,24,11,44,0,20,40,11,71,0,0,0,71
10/19/2012,OTH,OR,ANM,WE,Federal Contract Tower,0,15,7,0,22,0,0,1,2,3,0,15,8,2,25,0,0,0,25
10/20/2012,OTH,OR,ANM,WE,Federal Contract Tower,0,12,2,0,14,0,3,15,13,31,0,15,17,13,45,12,0,12,57
10/21/2012,OTH,OR,ANM,WE,Federal Contract Tower,0,11,10,0,21,0,0,3,4,7,0,11,13,4,28,0,0,0,28
10/22/2012,OTH,OR,ANM,WE,Federal Contract Tower,0,12,4,0,16,0,5,5,14,24,0,17,9,14,40,6,24,30,70
10/23/2012,OTH,OR,ANM,WE,Federal Contract Tower,0,12,8,0,20,0,4,1,6,11,0,16,9,6,31,0,0,0,31
10/24/2012,OTH,OR,ANM,WE,Federal Contract Tower,0,11,3,0,14,0,6,2,12,20,0,17,5,12,34,0,0,0,34
10/25/2012,OTH,OR,ANM,WE,Federal Contract Tower,0,6,4,0,10,0,10,11,19,40,0,16,15,19,50,10,0,10,60
10/26/2012,OTH,OR,ANM,WE,Federal Contract Tower,0,16,0,0,16,0,2,0,13,15,0,18,0,13,31,0,58,58,89
10/27/2012,OTH,OR,ANM,WE,Federal Contract Tower,0,11,2,0,13,0,0,0,2,2,0,11,2,2,15,0,0,0,15
10/28/2012,OTH,OR,ANM,WE,Federal Contract Tower,0,6,1,4,11,0,0,0,0,0,0,6,1,4,11,0,0,0,11
10/29/2012,OTH,OR,ANM,WE,Federal Contract Tower,0,11,4,12,27,0,0,0,3,3,0,11,4,15,30,0,30,30,60
10/30/2012,OTH,OR,ANM,WE,Federal Contract Tower,0,16,5,2,23,0,1,2,9,12,0,17,7,11,35,0,22,22,57
10/31/2012,OTH,OR,ANM,WE,Federal Contract Tower,0,18,4,0,22,0,1,1,2,4,0,19,5,2,26,0,0,0,26
11/01/2012,OTH,OR,ANM,WE,Federal Contract Tower,0,15,5,2,22,0,3,0,8,11,0,18,5,10,33,0,0,0,33
11/02/2012,OTH,OR,ANM,WE,Federal Contract Tower,0,12,3,0,15,0,3,6,16,25,0,15,9,16,40,0,48,48,88
11/03/2012,OTH,OR,ANM,WE,Federal Contract Tower,0,11,4,0,15,0,0,2,0,2,0,11,6,0,17,0,0,0,17
11/04/2012,OTH,OR,ANM,WE,Federal Contract Tower,0,4,4,2,10,0,0,18,2,20,0,4,22,4,30,10,0,10,40
11/05/2012,OTH,OR,ANM,WE,Federal Contract Tower,0,9,3,0,12,0,5,7,9,21,0,14,10,9,33,8,36,44,77
11/06/2012,OTH,OR,ANM,WE,Federal Contract Tower,0,16,2,1,19,0,2,2,0,4,0,18,4,1,23,0,0,0,23
11/07/2012,OTH,OR,ANM,WE,Federal Contract Tower,0,8,1,0,9,0,6,13,12,31,0,14,14,12,40,8,14,22,62
11/08/2012,OTH,OR,ANM,WE,Federal Contract Tower,0,12,1,0,13,0,2,5,15,22,0,14,6,15,35,46,42,88,123
11/09/2012,OTH,OR,ANM,WE,Federal Contract Tower,0,13,4,0,17,0,2,2,7,11,0,15,6,7,28,4,0,4,32
11/10/2012,OTH,OR,ANM,WE,Federal Contract Tower,0,5,4,0,9,0,8,10,1,19,0,13,14,1,28,0,0,0,28
11/11/2012,OTH,OR,ANM,WE,Federal Contract Tower,0,2,0,0,2,0,4,5,5,14,0,6,5,5,16,14,12,26,42
11/12/2012,OTH,OR,ANM,WE,Federal Contract Tower,0,12,3,1,16,0,1,0,3,4,0,13,3,4,20,0,0,0,20
11/13/2012,OTH,OR,ANM,WE,Federal Contract Tower,0,10,0,0,10,0,3,2,10,15,0,13,2,10,25,0,0,0,25
11/14/2012,OTH,OR,ANM,WE,Federal Contract Tower,0,6,1,0,7,0,13,5,16,34,0,19,6,16,41,6,30,36,77
11/15/2012,OTH,OR,ANM,WE,Federal Contract Tower,0,7,1,2,10,0,10,8,10,28,0,17,9,12,38,0,4,4,42
11/16/2012,OTH,OR,ANM,WE,Federal Contract Tower,0,13,3,0,16,0,8,5,9,22,0,21,8,9,38,0,0,0,38
11/17/2012,OTH,OR,ANM,WE,Federal Contract Tower,0,9,0,3,12,0,0,1,3,4,0,9,1,6,16,0,26,26,42
11/18/2012,OTH,OR,ANM,WE,Federal Contract Tower,0,6,3,0,9,0,0,1,2,3,0,6,4,2,12,0,6,6,18
11/19/2012,OTH,OR,ANM,WE,Federal Contract Tower,0,7,0,0,7,0,1,0,0,1,0,8,0,0,8,0,0,0,8
11/20/2012,OTH,OR,ANM,WE,Federal Contract Tower,0,13,0,0,13,0,1,0,15,16,0,14,0,15,29,0,42,42,71
11/21/2012,OTH,OR,ANM,WE,Federal Contract Tower,0,10,5,0,15,0,5,2,6,13,0,15,7,6,28,0,2,2,30
11/22/2012,OTH,OR,ANM,WE,Federal Contract Tower,0,2,1,0,3,0,5,5,4,14,0,7,6,4,17,2,0,2,19
11/23/2012,OTH,OR,ANM,WE,Federal Contract Tower,0,7,1,0,8,0,5,7,4,16,0,12,8,4,24,0,3,3,27
11/24/2012,OTH,OR,ANM,WE,Federal Contract Tower,0,9,5,0,14,0,0,0,3,3,0,9,5,3,17,0,0,0,17
11/25/2012,OTH,OR,ANM,WE,Federal Contract Tower,0,2,1,0,3,0,2,5,6,13,0,4,6,6,16,0,0,0,16
11/26/2012,OTH,OR,ANM,WE,Federal Contract Tower,0,7,2,2,11,0,4,1,7,12,0,11,3,9,23,0,10,10,33
11/27/2012,OTH,OR,ANM,WE,Federal Contract Tower,0,7,3,0,10,0,12,5,7,24,0,19,8,7,34,0,6,6,40
11/28/2012,OTH,OR,ANM,WE,Federal Contract Tower,0,9,1,0,10,0,8,0,20,28,0,17,1,20,38,0,4,4,42
11/29/2012,OTH,OR,ANM,WE,Federal Contract Tower,0,14,3,0,17,0,1,0,9,10,0,15,3,9,27,0,64,64,91
11/30/2012,OTH,OR,ANM,WE,Federal Contract Tower,0,17,1,0,18,0,1,0,9,10,0,18,1,9,28,0,58,58,86
12/01/2012,OTH,OR,ANM,WE,Federal Contract Tower,0,5,4,0,9,0,4,4,0,8,0,9,8,0,17,0,0,0,17
12/02/2012,OTH,OR,ANM,WE,Federal Contract Tower,0,4,0,0,4,0,0,0,4,4,0,4,0,4,8,0,20,20,28
12/03/2012,OTH,OR,ANM,WE,Federal Contract Tower,0,11,1,0,12,0,4,1,17,22,0,15,2,17,34,0,26,26,60
12/04/2012,OTH,OR,ANM,WE,Federal Contract Tower,0,9,0,0,9,0,2,0,10,12,0,11,0,10,21,0,52,52,73
12/05/2012,OTH,OR,ANM,WE,Federal Contract Tower,0,12,4,0,16,0,6,6,14,26,0,18,10,14,42,6,70,76,118
12/06/2012,OTH,OR,ANM,WE,Federal Contract Tower,0,9,1,0,10,0,7,0,13,20,0,16,1,13,30,0,38,38,68
12/07/2012,OTH,OR,ANM,WE,Federal Contract Tower,0,13,8,0,21,0,3,2,6,11,0,16,10,6,32,8,30,38,70
12/08/2012,OTH,OR,ANM,WE,Federal Contract Tower,0,9,0,0,9,0,2,0,7,9,0,11,0,7,18,0,12,12,30
12/09/2012,OTH,OR,ANM,WE,Federal Contract Tower,0,4,6,0,10,0,3,6,6,15,0,7,12,6,25,6,0,6,31
12/10/2012,OTH,OR,ANM,WE,Federal Contract Tower,0,11,2,11,24,0,1,1,2,4,0,12,3,13,28,0,0,0,28
12/11/2012,OTH,OR,ANM,WE,Federal Contract Tower,0,16,1,0,17,0,0,0,8,8,0,16,1,8,25,0,30,30,55
12/12/2012,OTH,OR,ANM,WE,Federal Contract Tower,0,11,3,0,14,0,3,0,9,12,0,14,3,9,26,10,22,32,58
12/13/2012,OTH,OR,ANM,WE,Federal Contract Tower,0,8,2,4,14,0,5,11,16,32,0,13,13,20,46,12,40,52,98
12/14/2012,OTH,OR,ANM,WE,Federal Contract Tower,0,10,4,0,14,0,3,5,11,19,0,13,9,11,33,0,28,28,61
12/15/2012,OTH,OR,ANM,WE,Federal Contract Tower,0,9,3,0,12,0,1,0,5,6,0,10,3,5,18,0,0,0,18
12/16/2012,OTH,OR,ANM,WE,Federal Contract Tower,0,4,2,0,6,0,0,0,2,2,0,4,2,2,8,0,0,0,8
12/17/2012,OTH,OR,ANM,WE,Federal Contract Tower,0,9,4,0,13,0,3,1,23,27,0,12,5,23,40,0,28,28,68
12/18/2012,OTH,OR,ANM,WE,Federal Contract Tower,0,8,4,0,12,0,3,1,12,16,0,11,5,12,28,0,16,16,44
12/19/2012,OTH,OR,ANM,WE,Federal Contract Tower,0,11,2,0,13,0,4,0,13,17,0,15,2,13,30,0,12,12,42
12/20/2012,OTH,OR,ANM,WE,Federal Contract Tower,0,13,4,0,17,0,2,3,15,20,0,15,7,15,37,0,32,32,69
12/21/2012,OTH,OR,ANM,WE,Federal Contract Tower,0,6,5,0,11,0,5,0,4,9,0,11,5,4,20,0,24,24,44
12/22/2012,OTH,OR,ANM,WE,Federal Contract Tower,0,5,2,0,7,0,4,3,11,18,0,9,5,11,25,0,0,0,25
12/23/2012,OTH,OR,ANM,WE,Federal Contract Tower,0,4,1,0,5,0,0,2,4,6,0,4,3,4,11,0,6,6,17
12/24/2012,OTH,OR,ANM,WE,Federal Contract Tower,0,5,1,0,6,0,9,0,4,13,0,14,1,4,19,2,4,6,25
12/25/2012,OTH,OR,ANM,WE,Federal Contract Tower,0,4,0,0,4,0,0,0,2,2,0,4,0,2,6,0,0,0,6
12/26/2012,OTH,OR,ANM,WE,Federal Contract Tower,0,14,3,0,17,0,4,0,6,10,0,18,3,6,27,0,0,0,27
12/27/2012,OTH,OR,ANM,WE,Federal Contract Tower,0,13,3,0,16,0,0,4,5,9,0,13,7,5,25,0,0,0,25
12/28/2012,OTH,OR,ANM,WE,Federal Contract Tower,0,11,0,0,11,0,8,0,4,12,0,19,0,4,23,0,0,0,23
12/29/2012,OTH,OR,ANM,WE,Federal Contract Tower,0,9,2,0,11,0,6,9,3,18,0,15,11,3,29,0,2,2,31
12/30/2012,OTH,OR,ANM,WE,Federal Contract Tower,0,5,2,0,7,0,0,0,0,0,0,5,2,0,7,8,0,8,15
12/31/2012,OTH,OR,ANM,WE,Federal Contract Tower,0,9,2,0,11,0,3,1,4,8,0,12,3,4,19,0,0,0,19
01/01/2013,OTH,OR,ANM,WE,Federal Contract Tower,0,4,4,1,9,0,6,20,3,29,0,10,24,4,38,8,8,16,54
01/02/2013,OTH,OR,ANM,WE,Federal Contract Tower,0,5,6,1,12,0,10,6,10,26,0,15,12,11,38,0,18,18,56
01/03/2013,OTH,OR,ANM,WE,Federal Contract Tower,0,9,2,0,11,0,7,0,6,13,0,16,2,6,24,0,4,4,28
01/04/2013,OTH,OR,ANM,WE,Federal Contract Tower,0,8,4,4,16,0,7,14,6,27,0,15,18,10,43,0,10,10,53
01/05/2013,OTH,OR,ANM,WE,Federal Contract Tower,0,3,1,1,5,0,0,0,0,0,0,3,1,1,5,0,22,22,27
01/06/2013,OTH,OR,ANM,WE,Federal Contract Tower,0,6,1,0,7,0,0,1,5,6,0,6,2,5,13,0,6,6,19
01/07/2013,OTH,OR,ANM,WE,Federal Contract Tower,0,10,2,0,12,0,0,0,0,0,0,10,2,0,12,0,0,0,12
01/08/2013,OTH,OR,ANM,WE,Federal Contract Tower,0,12,5,0,17,0,2,0,0,2,0,14,5,0,19,0,0,0,19
01/09/2013,OTH,OR,ANM,WE,Federal Contract Tower,0,15,2,0,17,0,2,0,2,4,0,17,2,2,21,0,6,6,27
01/10/2013,OTH,OR,ANM,WE,Federal Contract Tower,0,18,1,2,21,0,1,2,3,6,0,19,3,5,27,0,6,6,33
01/11/2013,OTH,OR,ANM,WE,Federal Contract Tower,0,7,8,0,15,0,6,8,3,17,0,13,16,3,32,10,2,12,44
01/12/2013,OTH,OR,ANM,WE,Federal Contract Tower,0,4,0,1,5,0,4,5,1,10,0,8,5,2,15,0,2,2,17
01/13/2013,OTH,OR,ANM,WE,Federal Contract Tower,0,2,0,0,2,0,4,10,7,21,0,6,10,7,23,6,10,16,39
01/14/2013,OTH,OR,ANM,WE,Federal Contract Tower,0,3,1,2,6,0,5,8,19,32,0,8,9,21,38,0,50,50,88
01/15/2013,OTH,OR,ANM,WE,Federal Contract Tower,0,3,3,0,6,0,12,3,13,28,0,15,6,13,34,6,18,24,58
01/16/2013,OTH,OR,ANM,WE,Federal Contract Tower,0,9,3,3,15,0,16,16,10,42,0,25,19,13,57,10,18,28,85
01/17/2013,OTH,OR,ANM,WE,Federal Contract Tower,0,7,3,1,11,0,13,9,7,29,0,20,12,8,40,0,4,4,44
01/18/2013,OTH,OR,ANM,WE,Federal Contract Tower,0,8,1,0,9,0,4,3,5,12,0,12,4,5,21,0,22,22,43
01/19/2013,OTH,OR,ANM,WE,Federal Contract Tower,0,8,1,1,10,0,6,0,5,11,0,14,1,6,21,0,32,32,53
01/20/2013,OTH,OR,ANM,WE,Federal Contract Tower,0,2,2,0,4,0,4,6,11,21,0,6,8,11,25,0,14,14,39
01/21/2013,OTH,OR,ANM,WE,Federal Contract Tower,0,4,0,2,6,0,7,8,6,21,0,11,8,8,27,0,2,2,29
01/22/2013,OTH,OR,ANM,WE,Federal Contract Tower,0,4,1,1,6,0,13,5,23,41,0,17,6,24,47,0,10,10,57
01/23/2013,OTH,OR,ANM,WE,Federal Contract Tower,0,15,3,0,18,0,3,4,16,23,0,18,7,16,41,4,48,52,93
01/24/2013,OTH,OR,ANM,WE,Federal Contract Tower,0,9,0,0,9,0,7,9,21,37,0,16,9,21,46,4,39,43,89
01/25/2013,OTH,OR,ANM,WE,Federal Contract Tower,0,14,6,0,20,0,6,0,5,11,0,20,6,5,31,0,20,20,51
01/26/2013,OTH,OR,ANM,WE,Federal Contract Tower,0,6,6,0,12,0,3,3,8,14,0,9,9,8,26,8,2,10,36
01/27/2013,OTH,OR,ANM,WE,Federal Contract Tower,0,6,0,0,6,0,0,0,3,3,0,6,0,3,9,0,42,42,51
01/28/2013,OTH,OR,ANM,WE,Federal Contract Tower,0,10,0,0,10,0,1,0,14,15,0,11,0,14,25,0,12,12,37
01/29/2013,OTH,OR,ANM,WE,Federal Contract Tower,0,20,5,1,26,0,1,2,14,17,0,21,7,15,43,0,4,4,47
01/30/2013,OTH,OR,ANM,WE,Federal Contract Tower,0,19,13,7,39,0,1,0,7,8,0,20,13,14,47,0,18,18,65
01/31/2013,OTH,OR,ANM,WE,Federal Contract Tower,0,7,4,0,11,0,11,4,15,30,0,18,8,15,41,0,4,4,45
02/01/2013,OTH,OR,ANM,WE,Federal Contract Tower,0,3,7,0,10,0,9,15,13,37,0,12,22,13,47,0,0,0,47
02/02/2013,OTH,OR,ANM,WE,Federal Contract Tower,0,3,4,0,7,0,9,14,4,27,0,12,18,4,34,0,18,18,52
02/03/2013,OTH,OR,ANM,WE,Federal Contract Tower,0,5,1,1,7,0,1,9,4,14,0,6,10,5,21,16,0,16,37
02/04/2013,OTH,OR,ANM,WE,Federal Contract Tower,0,8,5,0,13,0,0,0,24,24,0,8,5,24,37,0,96,96,133
02/05/2013,OTH,OR,ANM,WE,Federal Contract Tower,0,11,2,0,13,0,1,14,0,15,0,12,16,0,28,0,88,88,116
02/06/2013,OTH,OR,ANM,WE,Federal Contract Tower,0,14,0,0,14,0,2,3,20,25,0,16,3,20,39,0,18,18,57
02/07/2013,OTH,OR,ANM,WE,Federal Contract Tower,0,16,0,0,16,0,1,5,19,25,0,17,5,19,41,0,10,10,51
02/08/2013,OTH,OR,ANM,WE,Federal Contract Tower,0,12,4,0,16,0,6,10,9,25,0,18,14,9,41,4,64,68,109
02/09/2013,OTH,OR,ANM,WE,Federal Contract Tower,0,6,0,0,6,0,7,8,4,19,0,13,8,4,25,20,48,68,93
02/10/2013,OTH,OR,ANM,WE,Federal Contract Tower,0,4,0,0,4,0,0,4,6,10,0,4,4,6,14,10,36,46,60
02/11/2013,OTH,OR,ANM,WE,Federal Contract Tower,0,11,3,0,14,0,3,1,13,17,0,14,4,13,31,0,36,36,67
02/12/2013,OTH,OR,ANM,WE,Federal Contract Tower,0,17,1,3,21,0,1,0,15,16,0,18,1,18,37,0,28,28,65
02/13/2013,OTH,OR,ANM,WE,Federal Contract Tower,0,14,3,4,21,0,8,8,2,18,0,22,11,6,39,0,4,4,43
02/14/2013,OTH,OR,ANM,WE,Federal Contract Tower,0,4,7,0,11,0,12,7,20,39,0,16,14,20,50,2,28,30,80
02/15/2013,OTH,OR,ANM,WE,Federal Contract Tower,0,3,1,0,4,0,13,12,12,37,0,16,13,12,41,12,46,58,99
02/16/2013,OTH,OR,ANM,WE,Federal Contract Tower,0,12,3,4,19,0,0,8,7,15,0,12,11,11,34,8,0,8,42
02/17/2013,OTH,OR,ANM,WE,Federal Contract Tower,0,3,1,0,4,0,6,15,2,23,0,9,16,2,27,12,4,16,43
02/18/2013,OTH,OR,ANM,WE,Federal Contract Tower,0,9,1,0,10,0,4,2,7,13,0,13,3,7,23,6,24,30,53
02/19/2013,OTH,OR,ANM,WE,Federal Contract Tower,0,4,2,0,6,0,19,3,11,33,0,23,5,11,39,10,20,30,69
02/20/2013,OTH,OR,ANM,WE,Federal Contract Tower,0,9,3,0,12,0,5,1,11,17,0,14,4,11,29,0,40,40,69
02/21/2013,OTH,OR,ANM,WE,Federal Contract Tower,0,14,4,0,18,0,2,4,19,25,0,16,8,19,43,0,48,48,91
02/22/2013,OTH,OR,ANM,WE,Federal Contract Tower,0,16,4,0,20,0,1,0,11,12,0,17,4,11,32,0,36,36,68
02/23/2013,OTH,OR,ANM,WE,Federal Contract Tower,0,9,2,0,11,0,0,7,5,12,0,9,9,5,23,14,12,26,49
02/24/2013,OTH,OR,ANM,WE,Federal Contract Tower,0,2,1,0,3,0,2,8,6,16,0,4,9,6,19,14,10,24,43
02/25/2013,OTH,OR,ANM,WE,Federal Contract Tower,0,8,2,0,10,0,5,2,13,20,0,13,4,13,30,2,62,64,94
02/26/2013,OTH,OR,ANM,WE,Federal Contract Tower,0,4,3,0,7,0,16,10,19,45,0,20,13,19,52,10,34,44,96
02/27/2013,OTH,OR,ANM,WE,Federal Contract Tower,0,10,4,0,14,0,3,4,15,22,0,13,8,15,36,0,46,46,82
02/28/2013,OTH,OR,ANM,WE,Federal Contract Tower,0,15,4,3,22,0,0,0,9,9,0,15,4,12,31,0,58,58,89
03/01/2013,OTH,OR,ANM,WE,Federal Contract Tower,0,8,8,2,18,0,6,9,11,26,0,14,17,13,44,14,46,60,104
03/02/2013,OTH,OR,ANM,WE,Federal Contract Tower,0,10,4,3,17,0,0,3,0,3,0,10,7,3,20,0,0,0,20
03/03/2013,OTH,OR,ANM,WE,Federal Contract Tower,0,3,1,0,4,0,2,2,4,8,0,5,3,4,12,0,6,6,18
03/04/2013,OTH,OR,ANM,WE,Federal Contract Tower,0,4,2,0,6,0,7,21,16,44,0,11,23,16,50,2,46,48,98
03/05/2013,OTH,OR,ANM,WE,Federal Contract Tower,0,17,3,3,23,0,0,0,11,11,0,17,3,14,34,0,10,10,44
03/06/2013,OTH,OR,ANM,WE,Federal Contract Tower,0,16,3,0,19,0,2,0,20,22,0,18,3,20,41,0,72,72,113
03/07/2013,OTH,OR,ANM,WE,Federal Contract Tower,0,3,0,0,3,0,0,0,0,0,0,3,0,0,3,18,14,32,35
03/08/2013,OTH,OR,ANM,WE,Federal Contract Tower,0,10,6,1,17,0,13,18,13,44,0,23,24,14,61,0,18,18,79
03/09/2013,OTH,OR,ANM,WE,Federal Contract Tower,0,7,1,0,8,0,5,9,6,20,0,12,10,6,28,0,20,20,48
03/10/2013,OTH,OR,ANM,WE,Federal Contract Tower,0,6,6,0,12,0,1,18,4,23,0,7,24,4,35,10,8,18,53
03/11/2013,OTH,OR,ANM,WE,Federal Contract Tower,0,5,0,0,5,0,7,2,9,18,0,12,2,9,23,0,6,6,29
03/12/2013,OTH,OR,ANM,WE,Federal Contract Tower,0,14,2,0,16,0,1,0,6,7,0,15,2,6,23,0,4,4,27
03/13/2013,OTH,OR,ANM,WE,Federal Contract Tower,0,10,6,1,17,0,6,0,13,19,0,16,6,14,36,0,0,0,36
03/14/2013,OTH,OR,ANM,WE,Federal Contract Tower,0,12,9,5,26,0,7,1,20,28,0,19,10,25,54,0,10,10,64
03/15/2013,OTH,OR,ANM,WE,Federal Contract Tower,0,15,7,1,23,0,4,8,9,21,0,19,15,10,44,4,22,26,70
03/16/2013,OTH,OR,ANM,WE,Federal Contract Tower,0,10,3,0,13,0,1,1,5,7,0,11,4,5,20,0,2,2,22
03/17/2013,OTH,OR,ANM,WE,Federal Contract Tower,0,3,5,0,8,0,3,13,4,20,0,6,18,4,28,6,0,6,34
03/18/2013,OTH,OR,ANM,WE,Federal Contract Tower,0,5,0,1,6,0,6,7,8,21,0,11,7,9,27,8,8,16,43
03/19/2013,OTH,OR,ANM,WE,Federal Contract Tower,0,11,5,0,16,0,9,3,13,25,0,20,8,13,41,0,86,86,127
03/20/2013,OTH,OR,ANM,WE,Federal Contract Tower,0,10,0,0,10,0,4,0,14,18,0,14,0,14,28,0,44,44,72
03/21/2013,OTH,OR,ANM,WE,Federal Contract Tower,0,8,8,0,16,0,7,3,25,35,0,15,11,25,51,0,22,22,73
03/22/2013,OTH,OR,ANM,WE,Federal Contract Tower,0,11,2,0,13,0,6,8,14,28,0,17,10,14,41,2,22,24,65
03/23/2013,OTH,OR,ANM,WE,Federal Contract Tower,0,5,3,0,8,0,7,7,5,19,0,12,10,5,27,6,8,14,41
03/24/2013,OTH,OR,ANM,WE,Federal Contract Tower,0,2,3,0,5,0,2,8,4,14,0,4,11,4,19,4,8,12,31
03/25/2013,OTH,OR,ANM,WE,Federal Contract Tower,0,3,1,0,4,0,7,5,11,23,0,10,6,11,27,4,12,16,43
03/26/2013,OTH,OR,ANM,WE,Federal Contract Tower,0,6,5,0,11,0,7,0,11,18,0,13,5,11,29,0,18,18,47
03/27/2013,OTH,OR,ANM,WE,Federal Contract Tower,0,10,2,0,12,0,6,9,18,33,0,16,11,18,45,0,32,32,77
03/28/2013,OTH,OR,ANM,WE,Federal Contract Tower,0,10,9,4,23,0,5,12,13,30,0,15,21,17,53,2,10,12,65
03/29/2013,OTH,OR,ANM,WE,Federal Contract Tower,0,7,0,0,7,0,9,21,5,35,0,16,21,5,42,22,2,24,66
03/30/2013,OTH,OR,ANM,WE,Federal Contract Tower,0,2,0,0,2,0,7,16,11,34,0,9,16,11,36,18,40,58,94
03/31/2013,OTH,OR,ANM,WE,Federal Contract Tower,0,4,3,2,9,0,0,9,3,12,0,4,12,5,21,6,0,6,27
04/01/2013,OTH,OR,ANM,WE,Federal Contract Tower,0,13,4,0,17,0,0,0,5,5,0,13,4,5,22,0,0,0,22
04/02/2013,OTH,OR,ANM,WE,Federal Contract Tower,0,12,12,4,28,0,3,1,11,15,0,15,13,15,43,0,20,20,63
04/03/2013,OTH,OR,ANM,WE,Federal Contract Tower,0,12,2,0,14,0,11,12,6,29,0,23,14,6,43,4,30,34,77
04/04/2013,OTH,OR,ANM,WE,Federal Contract Tower,0,17,0,3,20,0,5,0,3,8,0,22,0,6,28,0,0,0,28
04/05/2013,OTH,OR,ANM,WE,Federal Contract Tower,0,16,5,0,21,0,3,8,8,19,0,19,13,8,40,4,28,32,72
04/06/2013,OTH,OR,ANM,WE,Federal Contract Tower,0,11,0,0,11,0,0,0,7,7,0,11,0,7,18,0,14,14,32
04/07/2013,OTH,OR,ANM,WE,Federal Contract Tower,0,4,0,0,4,0,0,2,5,7,0,4,2,5,11,2,6,8,19
04/08/2013,OTH,OR,ANM,WE,Federal Contract Tower,0,6,2,0,8,0,7,2,10,19,0,13,4,10,27,0,12,12,39
04/09/2013,OTH,OR,ANM,WE,Federal Contract Tower,0,7,2,0,9,0,13,17,16,46,0,20,19,16,55,0,4,4,59
04/10/2013,OTH,OR,ANM,WE,Federal Contract Tower,0,20,3,2,25,0,1,0,2,3,0,21,3,4,28,0,0,0,28
04/11/2013,OTH,OR,ANM,WE,Federal Contract Tower,0,10,13,2,25,0,14,23,18,55,0,24,36,20,80,26,12,38,118
04/12/2013,OTH,OR,ANM,WE,Federal Contract Tower,0,14,9,1,24,0,4,5,4,13,0,18,14,5,37,0,2,2,39
04/13/2013,OTH,OR,ANM,WE,Federal Contract Tower,0,10,0,0,10,0,5,9,9,23,0,15,9,9,33,0,4,4,37
04/14/2013,OTH,OR,ANM,WE,Federal Contract Tower,0,11,1,0,12,0,3,3,4,10,0,14,4,4,22,0,0,0,22
04/15/2013,OTH,OR,ANM,WE,Federal Contract Tower,0,8,9,0,17,0,9,6,8,23,0,17,15,8,40,4,8,12,52
04/16/2013,OTH,OR,ANM,WE,Federal Contract Tower,0,7,5,0,12,0,10,13,10,33,0,17,18,10,45,2,28,30,75
04/17/2013,OTH,OR,ANM,WE,Federal Contract Tower,0,11,3,0,14,0,10,8,16,34,0,21,11,16,48,10,20,30,78
04/18/2013,OTH,OR,ANM,WE,Federal Contract Tower,0,4,3,3,10,0,12,32,18,62,0,16,35,21,72,8,4,12,84
04/19/2013,OTH,OR,ANM,WE,Federal Contract Tower,0,25,5,0,30,0,0,0,0,0,0,25,5,0,30,0,0,0,30
04/20/2013,OTH,OR,ANM,WE,Federal Contract Tower,0,12,8,0,20,0,0,13,4,17,0,12,21,4,37,4,22,26,63
04/21/2013,OTH,OR,ANM,WE,Federal Contract Tower,0,7,9,0,16,0,2,42,4,48,0,9,51,4,64,8,0,8,72
04/22/2013,OTH,OR,ANM,WE,Federal Contract Tower,0,5,2,1,8,0,10,12,10,32,0,15,14,11,40,0,0,0,40
04/23/2013,OTH,OR,ANM,WE,Federal Contract Tower,0,8,4,1,13,0,18,21,14,53,0,26,25,15,66,4,12,16,82
04/24/2013,OTH,OR,ANM,WE,Federal Contract Tower,0,8,4,0,12,0,18,23,8,49,0,26,27,8,61,4,18,22,83
04/25/2013,OTH,OR,ANM,WE,Federal Contract Tower,0,9,3,0,12,0,18,14,8,40,0,27,17,8,52,10,8,18,70
04/26/2013,OTH,OR,ANM,WE,Federal Contract Tower,0,16,3,0,19,0,5,11,2,18,0,21,14,2,37,6,0,6,43
04/27/2013,OTH,OR,ANM,WE,Federal Contract Tower,0,7,3,2,12,0,6,6,3,15,0,13,9,5,27,0,0,0,27
04/28/2013,OTH,OR,ANM,WE,Federal Contract Tower,0,8,8,0,16,0,3,19,4,26,0,11,27,4,42,0,2,2,44
04/29/2013,OTH,OR,ANM,WE,Federal Contract Tower,0,10,10,0,20,0,9,9,8,26,0,19,19,8,46,0,38,38,84
04/30/2013,OTH,OR,ANM,WE,Federal Contract Tower,0,5,2,4,11,0,16,13,14,43,0,21,15,18,54,0,10,10,64
05/01/2013,OTH,OR,ANM,WE,Federal Contract Tower,0,6,7,1,14,0,17,8,14,39,0,23,15,15,53,0,10,10,63
05/02/2013,OTH,OR,ANM,WE,Federal Contract Tower,0,5,6,1,12,0,11,17,8,36,0,16,23,9,48,12,4,16,64
05/03/2013,OTH,OR,ANM,WE,Federal Contract Tower,0,9,9,0,18,0,11,7,10,28,0,20,16,10,46,0,40,40,86
05/04/2013,OTH,OR,ANM,WE,Federal Contract Tower,0,4,7,0,11,0,8,11,4,23,0,12,18,4,34,4,0,4,38
05/05/2013,OTH,OR,ANM,WE,Federal Contract Tower,0,4,3,0,7,0,2,25,4,31,0,6,28,4,38,18,0,18,56
05/06/2013,OTH,OR,ANM,WE,Federal Contract Tower,0,13,14,0,27,0,9,22,9,40,0,22,36,9,67,14,20,34,101
05/07/2013,OTH,OR,ANM,WE,Federal Contract Tower,0,22,6,2,30,0,2,7,2,11,0,24,13,4,41,0,6,6,47
05/08/2013,OTH,OR,ANM,WE,Federal Contract Tower,0,14,7,0,21,0,9,15,9,33,0,23,22,9,54,0,2,2,56
05/09/2013,OTH,OR,ANM,WE,Federal Contract Tower,0,16,8,8,32,0,0,0,12,12,0,16,8,20,44,0,18,18,62
05/10/2013,OTH,OR,ANM,WE,Federal Contract Tower,0,20,9,3,32,0,1,6,5,12,0,21,15,8,44,0,0,0,44
05/11/2013,OTH,OR,ANM,WE,Federal Contract Tower,0,6,3,0,9,0,6,18,8,32,0,12,21,8,41,20,0,20,61
05/12/2013,OTH,OR,ANM,WE,Federal Contract Tower,0,10,3,1,14,0,1,8,5,14,0,11,11,6,28,22,12,34,62
05/13/2013,OTH,OR,ANM,WE,Federal Contract Tower,0,13,9,3,25,0,7,5,4,16,0,20,14,7,41,0,0,0,41
05/14/2013,OTH,OR,ANM,WE,Federal Contract Tower,0,10,7,2,19,0,11,18,14,43,0,21,25,16,62,54,14,68,130
05/15/2013,OTH,OR,ANM,WE,Federal Contract Tower,0,14,11,0,25,0,9,4,9,22,0,23,15,9,47,20,18,38,85
05/16/2013,OTH,OR,ANM,WE,Federal Contract Tower,0,28,17,0,45,0,2,2,6,10,0,30,19,6,55,0,48,48,103
05/17/2013,OTH,OR,ANM,WE,Federal Contract Tower,0,13,8,2,23,0,6,8,3,17,0,19,16,5,40,4,0,4,44
05/18/2013,OTH,OR,ANM,WE,Federal Contract Tower,0,19,4,0,23,0,2,0,3,5,0,21,4,3,28,0,2,2,30
05/19/2013,OTH,OR,ANM,WE,Federal Contract Tower,0,7,9,1,17,0,2,3,6,11,0,9,12,7,28,0,0,0,28
05/20/2013,OTH,OR,ANM,WE,Federal Contract Tower,0,9,7,0,16,0,11,24,9,44,0,20,31,9,60,4,16,20,80
05/21/2013,OTH,OR,ANM,WE,Federal Contract Tower,0,11,1,2,14,0,2,1,4,7,0,13,2,6,21,0,2,2,23
05/22/2013,OTH,OR,ANM,WE,Federal Contract Tower,0,20,12,0,32,0,0,4,10,14,0,20,16,10,46,14,8,22,68
05/23/2013,OTH,OR,ANM,WE,Federal Contract Tower,0,11,6,0,17,0,3,9,13,25,0,14,15,13,42,0,24,24,66
05/24/2013,OTH,OR,ANM,WE,Federal Contract Tower,0,20,9,0,29,0,6,21,9,36,0,26,30,9,65,0,24,24,89
05/25/2013,OTH,OR,ANM,WE,Federal Contract Tower,0,9,4,0,13,0,2,12,5,19,0,11,16,5,32,6,0,6,38
05/26/2013,OTH,OR,ANM,WE,Federal Contract Tower,0,6,6,1,13,0,0,5,4,9,0,6,11,5,22,0,0,0,22
05/27/2013,OTH,OR,ANM,WE,Federal Contract Tower,0,16,4,1,21,0,0,0,2,2,0,16,4,3,23,4,0,4,27
05/28/2013,OTH,OR,ANM,WE,Federal Contract Tower,0,13,4,0,17,0,2,3,9,14,0,15,7,9,31,36,0,36,67
05/29/2013,OTH,OR,ANM,WE,Federal Contract Tower,0,14,4,0,18,0,0,4,13,17,0,14,8,13,35,0,4,4,39
05/30/2013,OTH,OR,ANM,WE,Federal Contract Tower,0,15,4,0,19,0,7,17,22,46,0,22,21,22,65,12,14,26,91
05/31/2013,OTH,OR,ANM,WE,Federal Contract Tower,0,5,2,3,10,0,17,23,5,45,0,22,25,8,55,0,0,0,55
06/01/2013,OTH,OR,ANM,WE,Federal Contract Tower,0,5,3,0,8,0,6,18,8,32,0,11,21,8,40,0,6,6,46
06/02/2013,OTH,OR,ANM,WE,Federal Contract Tower,0,10,6,0,16,0,1,2,7,10,0,11,8,7,26,0,4,4,30
06/03/2013,OTH,OR,ANM,WE,Federal Contract Tower,0,5,6,0,11,0,8,1,10,19,0,13,7,10,30,7,16,23,53
06/04/2013,OTH,OR,ANM,WE,Federal Contract Tower,0,12,6,2,20,0,8,19,11,38,0,20,25,13,58,4,12,16,74
06/05/2013,OTH,OR,ANM,WE,Federal Contract Tower,0,27,10,0,37,0,1,4,4,9,0,28,14,4,46,0,0,0,46
06/06/2013,OTH,OR,ANM,WE,Federal Contract Tower,0,19,19,0,38,0,4,6,10,20,0,23,25,10,58,0,6,6,64
06/07/2013,OTH,OR,ANM,WE,Federal Contract Tower,0,13,7,0,20,0,12,33,9,54,0,25,40,9,74,32,8,40,114
06/08/2013,OTH,OR,ANM,WE,Federal Contract Tower,0,7,1,0,8,0,2,3,6,11,0,9,4,6,19,0,20,20,39
06/09/2013,OTH,OR,ANM,WE,Federal Contract Tower,0,6,12,0,18,0,3,9,4,16,0,9,21,4,34,2,0,2,36
06/10/2013,OTH,OR,ANM,WE,Federal Contract Tower,0,4,3,0,7,0,8,26,12,46,0,12,29,12,53,0,18,18,71
06/11/2013,OTH,OR,ANM,WE,Federal Contract Tower,0,8,2,0,10,0,13,32,8,53,0,21,34,8,63,22,0,22,85
06/12/2013,OTH,OR,ANM,WE,Federal Contract Tower,0,19,8,0,27,0,2,10,7,19,0,21,18,7,46,4,36,40,86
06/13/2013,OTH,OR,ANM,WE,Federal Contract Tower,0,13,5,2,20,0,4,12,3,19,0,17,17,5,39,0,0,0,39
06/14/2013,OTH,OR,ANM,WE,Federal Contract Tower,0,7,4,2,13,0,11,10,6,27,0,18,14,8,40,0,2,2,42
06/15/2013,OTH,OR,ANM,WE,Federal Contract Tower,0,15,3,0,18,0,0,3,3,6,0,15,6,3,24,0,0,0,24
06/16/2013,OTH,OR,ANM,WE,Federal Contract Tower,0,8,9,0,17,0,4,14,6,24,0,12,23,6,41,0,8,8,49
06/17/2013,OTH,OR,ANM,WE,Federal Contract Tower,0,8,8,1,17,0,5,10,8,23,0,13,18,9,40,0,14,14,54
06/18/2013,OTH,OR,ANM,WE,Federal Contract Tower,0,8,7,1,16,0,7,3,13,23,0,15,10,14,39,18,0,18,57
06/19/2013,OTH,OR,ANM,WE,Federal Contract Tower,0,15,8,0,23,0,7,10,8,25,0,22,18,8,48,20,0,20,68
06/20/2013,OTH,OR,ANM,WE,Federal Contract Tower,0,9,8,0,17,0,8,11,12,31,0,17,19,12,48,10,2,12,60
06/21/2013,OTH,OR,ANM,WE,Federal Contract Tower,0,8,7,2,17,0,12,12,7,31,0,20,19,9,48,4,0,4,52
06/22/2013,OTH,OR,ANM,WE,Federal Contract Tower,0,9,4,0,13,0,7,12,7,26,0,16,16,7,39,8,0,8,47
06/23/2013,OTH,OR,ANM,WE,Federal Contract Tower,0,8,27,2,37,0,0,0,0,0,0,8,27,2,37,0,0,0,37
06/24/2013,OTH,OR,ANM,WE,Federal Contract Tower,0,10,6,1,17,0,2,9,7,18,0,12,15,8,35,18,0,18,53
06/25/2013,OTH,OR,ANM,WE,Federal Contract Tower,0,12,3,4,19,0,1,0,11,12,0,13,3,15,31,0,0,0,31
06/26/2013,OTH,OR,ANM,WE,Federal Contract Tower,0,11,6,2,19,0,6,7,19,32,0,17,13,21,51,10,16,26,77
06/27/2013,OTH,OR,ANM,WE,Federal Contract Tower,0,7,6,0,13,0,10,10,11,31,0,17,16,11,44,4,30,34,78
06/28/2013,OTH,OR,ANM,WE,Federal Contract Tower,0,4,4,0,8,0,13,27,13,53,0,17,31,13,61,10,0,10,71
06/29/2013,OTH,OR,ANM,WE,Federal Contract Tower,0,5,2,0,7,0,8,13,5,26,0,13,15,5,33,0,6,6,39
06/30/2013,OTH,OR,ANM,WE,Federal Contract Tower,0,8,3,1,12,0,3,15,4,22,0,11,18,5,34,0,0,0,34
07/01/2013,OTH,OR,ANM,WE,Federal Contract Tower,0,14,4,0,18,0,4,7,4,15,0,18,11,4,33,0,0,0,33
07/02/2013,OTH,OR,ANM,WE,Federal Contract Tower,0,11,0,5,16,0,7,4,10,21,0,18,4,15,37,2,0,2,39
07/03/2013,OTH,OR,ANM,WE,Federal Contract Tower,0,6,2,0,8,0,14,24,3,41,0,20,26,3,49,0,12,12,61
07/04/2013,OTH,OR,ANM,WE,Federal Contract Tower,0,4,0,0,4,0,6,15,8,29,0,10,15,8,33,2,4,6,39
07/05/2013,OTH,OR,ANM,WE,Federal Contract Tower,0,5,3,0,8,0,12,14,4,30,0,17,17,4,38,2,0,2,40
07/06/2013,OTH,OR,ANM,WE,Federal Contract Tower,0,7,3,1,11,0,5,2,4,11,0,12,5,5,22,0,2,2,24
07/07/2013,OTH,OR,ANM,WE,Federal Contract Tower,0,5,8,1,14,0,2,7,5,14,0,7,15,6,28,17,30,47,75
07/08/2013,OTH,OR,ANM,WE,Federal Contract Tower,0,4,4,0,8,0,7,7,13,27,0,11,11,13,35,0,38,38,73
07/09/2013,OTH,OR,ANM,WE,Federal Contract Tower,0,16,4,3,23,0,3,13,4,20,0,19,17,7,43,0,6,6,49
07/10/2013,OTH,OR,ANM,WE,Federal Contract Tower,0,13,7,0,20,0,6,15,7,28,0,19,22,7,48,4,8,12,60
07/11/2013,OTH,OR,ANM,WE,Federal Contract Tower,0,8,3,0,11,0,10,12,11,33,0,18,15,11,44,0,4,4,48
07/12/2013,OTH,OR,ANM,WE,Federal Contract Tower,0,12,6,1,19,0,11,13,10,34,0,23,19,11,53,0,28,28,81
07/13/2013,OTH,OR,ANM,WE,Federal Contract Tower,0,6,2,0,8,0,7,3,6,16,0,13,5,6,24,0,0,0,24
07/14/2013,OTH,OR,ANM,WE,Federal Contract Tower,0,8,6,0,14,0,2,9,7,18,0,10,15,7,32,0,14,14,46
07/15/2013,OTH,OR,ANM,WE,Federal Contract Tower,0,10,9,0,19,0,15,10,15,40,0,25,19,15,59,0,12,12,71
07/16/2013,OTH,OR,ANM,WE,Federal Contract Tower,0,22,4,0,26,0,0,2,0,2,0,22,6,0,28,0,0,0,28
07/17/2013,OTH,OR,ANM,WE,Federal Contract Tower,0,14,7,1,22,0,5,16,11,32,0,19,23,12,54,0,12,12,66
07/18/2013,OTH,OR,ANM,WE,Federal Contract Tower,0,14,6,0,20,0,4,27,9,40,0,18,33,9,60,4,64,68,128
07/19/2013,OTH,OR,ANM,WE,Federal Contract Tower,0,8,4,1,13,0,10,10,10,30,0,18,14,11,43,0,20,20,63
07/20/2013,OTH,OR,ANM,WE,Federal Contract Tower,0,11,6,0,17,0,0,3,3,6,0,11,9,3,23,4,0,4,27
07/21/2013,OTH,OR,ANM,WE,Federal Contract Tower,0,11,11,0,22,0,4,4,5,13,0,15,15,5,35,0,6,6,41
07/22/2013,OTH,OR,ANM,WE,Federal Contract Tower,0,7,6,2,15,0,5,12,11,28,0,12,18,13,43,12,8,20,63
07/23/2013,OTH,OR,ANM,WE,Federal Contract Tower,0,14,6,2,22,0,9,11,7,27,0,23,17,9,49,0,4,4,53
07/24/2013,OTH,OR,ANM,WE,Federal Contract Tower,0,12,7,7,26,0,5,4,5,14,0,17,11,12,40,0,0,0,40
07/25/2013,OTH,OR,ANM,WE,Federal Contract Tower,0,11,9,0,20,0,11,3,12,26,0,22,12,12,46,0,26,26,72
07/26/2013,OTH,OR,ANM,WE,Federal Contract Tower,0,16,3,0,19,0,11,7,5,23,0,27,10,5,42,0,2,2,44
07/27/2013,OTH,OR,ANM,WE,Federal Contract Tower,0,6,4,0,10,0,8,7,8,23,0,14,11,8,33,2,6,8,41
07/28/2013,OTH,OR,ANM,WE,Federal Contract Tower,0,4,5,0,9,0,4,25,2,31,0,8,30,2,40,4,0,4,44
07/29/2013,OTH,OR,ANM,WE,Federal Contract Tower,0,9,5,0,14,0,5,12,6,23,0,14,17,6,37,2,4,6,43
07/30/2013,OTH,OR,ANM,WE,Federal Contract Tower,0,15,6,0,21,0,7,23,8,38,0,22,29,8,59,14,16,30,89
07/31/2013,OTH,OR,ANM,WE,Federal Contract Tower,0,22,5,9,36,0,0,2,1,3,0,22,7,10,39,0,0,0,39
08/01/2013,OTH,OR,ANM,WE,Federal Contract Tower,0,18,7,0,25,0,3,13,10,26,0,21,20,10,51,2,10,12,63
08/02/2013,OTH,OR,ANM,WE,Federal Contract Tower,0,8,6,2,16,0,14,18,7,39,0,22,24,9,55,2,12,14,69
08/03/2013,OTH,OR,ANM,WE,Federal Contract Tower,0,9,10,1,20,0,7,29,6,42,0,16,39,7,62,4,12,16,78
08/04/2013,OTH,OR,ANM,WE,Federal Contract Tower,0,12,14,1,27,0,2,3,1,6,0,14,17,2,33,0,0,0,33
08/05/2013,OTH,OR,ANM,WE,Federal Contract Tower,0,9,15,2,26,0,3,6,3,12,0,12,21,5,38,0,0,0,38
08/06/2013,OTH,OR,ANM,WE,Federal Contract Tower,0,22,8,2,32,0,2,13,6,21,0,24,21,8,53,18,6,24,77
08/07/2013,OTH,OR,ANM,WE,Federal Contract Tower,0,18,7,0,25,0,0,0,0,0,0,18,7,0,25,0,0,0,25
08/08/2013,OTH,OR,ANM,WE,Federal Contract Tower,0,14,5,2,21,0,3,8,6,17,0,17,13,8,38,12,0,12,50
08/09/2013,OTH,OR,ANM,WE,Federal Contract Tower,0,24,3,1,28,0,8,13,2,23,0,32,16,3,51,0,0,0,51
08/10/2013,OTH,OR,ANM,WE,Federal Contract Tower,0,12,4,2,18,0,0,0,1,1,0,12,4,3,19,0,0,0,19
08/11/2013,OTH,OR,ANM,WE,Federal Contract Tower,0,9,6,0,15,0,0,11,3,14,0,9,17,3,29,0,0,0,29
08/12/2013,OTH,OR,ANM,WE,Federal Contract Tower,0,10,3,1,14,0,8,11,16,35,0,18,14,17,49,18,32,50,99
08/13/2013,OTH,OR,ANM,WE,Federal Contract Tower,0,7,4,0,11,0,11,9,13,33,0,18,13,13,44,38,2,40,84
08/14/2013,OTH,OR,ANM,WE,Federal Contract Tower,0,10,3,1,14,0,17,14,12,43,0,27,17,13,57,14,8,22,79
08/15/2013,OTH,OR,ANM,WE,Federal Contract Tower,0,17,16,0,33,0,2,16,3,21,0,19,32,3,54,0,0,0,54
08/16/2013,OTH,OR,ANM,WE,Federal Contract Tower,0,15,3,4,22,0,6,15,8,29,0,21,18,12,51,0,0,0,51
08/17/2013,OTH,OR,ANM,WE,Federal Contract Tower,0,14,1,1,16,0,1,4,3,8,0,15,5,4,24,0,0,0,24
08/18/2013,OTH,OR,ANM,WE,Federal Contract Tower,0,17,5,0,22,0,3,22,7,32,0,20,27,7,54,0,18,18,72
08/19/2013,OTH,OR,ANM,WE,Federal Contract Tower,0,10,4,0,14,0,6,2,22,30,0,16,6,22,44,0,20,20,64
08/20/2013,OTH,OR,ANM,WE,Federal Contract Tower,0,13,9,0,22,0,12,29,10,51,0,25,38,10,73,0,14,14,87
08/21/2013,OTH,OR,ANM,WE,Federal Contract Tower,0,16,8,1,25,0,10,29,9,48,0,26,37,10,73,6,12,18,91
08/22/2013,OTH,OR,ANM,WE,Federal Contract Tower,0,28,12,1,41,0,6,12,10,28,0,34,24,11,69,2,6,8,77
08/23/2013,OTH,OR,ANM,WE,Federal Contract Tower,0,18,6,0,24,0,4,9,2,15,0,22,15,2,39,8,16,24,63
08/24/2013,OTH,OR,ANM,WE,Federal Contract Tower,0,13,7,0,20,0,1,3,0,4,0,14,10,0,24,0,12,12,36
08/25/2013,OTH,OR,ANM,WE,Federal Contract Tower,0,13,12,3,28,0,0,0,1,1,0,13,12,4,29,0,0,0,29
08/26/2013,OTH,OR,ANM,WE,Federal Contract Tower,0,8,4,0,12,0,7,15,12,34,0,15,19,12,46,0,22,22,68
08/27/2013,OTH,OR,ANM,WE,Federal Contract Tower,0,16,4,4,24,0,8,5,7,20,0,24,9,11,44,0,36,36,80
08/28/2013,OTH,OR,ANM,WE,Federal Contract Tower,0,13,8,0,21,0,12,15,10,37,0,25,23,10,58,14,58,72,130
08/29/2013,OTH,OR,ANM,WE,Federal Contract Tower,0,21,6,0,27,0,3,5,4,12,0,24,11,4,39,0,38,38,77
08/30/2013,OTH,OR,ANM,WE,Federal Contract Tower,0,10,9,1,20,0,7,14,9,30,0,17,23,10,50,0,8,8,58
08/31/2013,OTH,OR,ANM,WE,Federal Contract Tower,0,9,6,0,15,0,2,3,0,5,0,11,9,0,20,0,0,0,20
09/01/2013,OTH,OR,ANM,WE,Federal Contract Tower,0,9,4,0,13,0,2,28,4,34,0,11,32,4,47,0,18,18,65
09/02/2013,OTH,OR,ANM,WE,Federal Contract Tower,0,8,4,0,12,0,2,10,1,13,0,10,14,1,25,0,40,40,65
09/03/2013,OTH,OR,ANM,WE,Federal Contract Tower,0,7,8,0,15,0,22,18,11,51,0,29,26,11,66,0,4,4,70
09/04/2013,OTH,OR,ANM,WE,Federal Contract Tower,0,11,5,2,18,0,7,5,5,17,0,18,10,7,35,0,11,11,46
09/05/2013,OTH,OR,ANM,WE,Federal Contract Tower,0,20,7,0,27,0,0,0,1,1,0,20,7,1,28,0,0,0,28
09/06/2013,OTH,OR,ANM,WE,Federal Contract Tower,0,17,4,1,22,0,6,3,10,19,0,23,7,11,41,0,12,12,53
09/07/2013,OTH,OR,ANM,WE,Federal Contract Tower,0,6,3,0,9,0,12,21,6,39,0,18,24,6,48,6,2,8,56
09/08/2013,OTH,OR,ANM,WE,Federal Contract Tower,0,10,11,0,21,0,1,20,3,24,0,11,31,3,45,6,0,6,51
09/09/2013,OTH,OR,ANM,WE,Federal Contract Tower,0,12,3,0,15,0,7,11,7,25,0,19,14,7,40,0,16,16,56
09/10/2013,OTH,OR,ANM,WE,Federal Contract Tower,0,10,3,2,15,0,8,16,8,32,0,18,19,10,47,0,26,26,73
09/11/2013,OTH,OR,ANM,WE,Federal Contract Tower,0,15,8,3,26,0,5,6,5,16,0,20,14,8,42,0,18,18,60
09/12/2013,OTH,OR,ANM,WE,Federal Contract Tower,0,20,11,2,33,0,1,0,6,7,0,21,11,8,40,0,2,2,42
09/13/2013,OTH,OR,ANM,WE,Federal Contract Tower,0,21,8,3,32,0,4,2,6,12,0,25,10,9,44,0,46,46,90
09/14/2013,OTH,OR,ANM,WE,Federal Contract Tower,0,12,12,2,26,0,0,0,0,0,0,12,12,2,26,0,0,0,26
09/15/2013,OTH,OR,ANM,WE,Federal Contract Tower,0,13,8,2,23,0,0,3,3,6,0,13,11,5,29,0,24,24,53
09/16/2013,OTH,OR,ANM,WE,Federal Contract Tower,0,6,10,0,16,0,9,11,4,24,0,15,21,4,40,4,32,36,76
09/17/2013,OTH,OR,ANM,WE,Federal Contract Tower,0,8,2,0,10,0,5,8,4,17,0,13,10,4,27,0,40,40,67
09/18/2013,OTH,OR,ANM,WE,Federal Contract Tower,0,10,4,0,14,0,13,20,11,44,0,23,24,11,58,16,6,22,80
09/19/2013,OTH,OR,ANM,WE,Federal Contract Tower,0,8,6,0,14,0,13,18,16,47,0,21,24,16,61,4,77,81,142
09/20/2013,OTH,OR,ANM,WE,Federal Contract Tower,0,15,7,1,23,0,12,5,6,23,0,27,12,7,46,0,30,30,76
09/21/2013,OTH,OR,ANM,WE,Federal Contract Tower,0,5,4,1,10,0,9,11,2,22,0,14,15,3,32,0,0,0,32
09/22/2013,OTH,OR,ANM,WE,Federal Contract Tower,0,11,13,2,26,0,0,2,2,4,0,11,15,4,30,0,0,0,30
09/23/2013,OTH,OR,ANM,WE,Federal Contract Tower,0,12,6,1,19,0,4,0,11,15,0,16,6,12,34,0,42,42,76
09/24/2013,OTH,OR,ANM,WE,Federal Contract Tower,0,17,2,0,19,0,2,15,9,26,0,19,17,9,45,13,64,77,122
09/25/2013,OTH,OR,ANM,WE,Federal Contract Tower,0,18,17,0,35,0,8,16,11,35,0,26,33,11,70,0,46,46,116
09/26/2013,OTH,OR,ANM,WE,Federal Contract Tower,0,12,5,0,17,0,20,25,9,54,0,32,30,9,71,10,70,80,151
09/27/2013,OTH,OR,ANM,WE,Federal Contract Tower,0,18,11,0,29,0,16,17,2,35,0,34,28,2,64,14,0,14,78
09/28/2013,OTH,OR,ANM,WE,Federal Contract Tower,0,11,4,0,15,0,3,0,1,4,0,14,4,1,19,0,0,0,19
09/29/2013,OTH,OR,ANM,WE,Federal Contract Tower,0,11,4,0,15,0,0,0,2,2,0,11,4,2,17,0,0,0,17
09/30/2013,OTH,OR,ANM,WE,Federal Contract Tower,0,6,6,0,12,0,5,1,8,14,0,11,7,8,26,0,2,2,28
10/01/2013,OTH,OR,ANM,WE,Federal Contract Tower,0,8,4,0,12,0,0,0,0,0,0,8,4,0,12,7,4,11,23
10/02/2013,OTH,OR,ANM,WE,Federal Contract Tower,0,16,11,0,27,0,13,3,13,29,0,29,14,13,56,0,6,6,62
10/03/2013,OTH,OR,ANM,WE,Federal Contract Tower,0,13,6,0,19,0,14,20,17,51,0,27,26,17,70,2,52,54,124
10/04/2013,OTH,OR,ANM,WE,Federal Contract Tower,0,7,7,0,14,0,22,29,12,63,0,29,36,12,77,6,0,6,83
10/05/2013,OTH,OR,ANM,WE,Federal Contract Tower,0,7,1,0,8,0,6,26,8,40,0,13,27,8,48,6,4,10,58
10/06/2013,OTH,OR,ANM,WE,Federal Contract Tower,0,8,22,0,30,0,2,14,6,22,0,10,36,6,52,0,20,20,72
10/07/2013,OTH,OR,ANM,WE,Federal Contract Tower,0,12,0,0,12,0,7,3,14,24,0,19,3,14,36,0,3,3,39
10/08/2013,OTH,OR,ANM,WE,Federal Contract Tower,0,14,4,1,19,0,12,1,11,24,0,26,5,12,43,2,46,48,91
10/09/2013,OTH,OR,ANM,WE,Federal Contract Tower,0,13,6,0,19,0,13,24,9,46,0,26,30,9,65,0,6,6,71
10/10/2013,OTH,OR,ANM,WE,Federal Contract Tower,0,15,8,0,23,0,14,8,17,39,0,29,16,17,62,2,20,22,84
10/11/2013,OTH,OR,ANM,WE,Federal Contract Tower,0,11,7,2,20,0,9,14,10,33,0,20,21,12,53,14,4,18,71
10/12/2013,OTH,OR,ANM,WE,Federal Contract Tower,0,11,3,0,14,0,3,4,4,11,0,14,7,4,25,0,12,12,37
10/13/2013,OTH,OR,ANM,WE,Federal Contract Tower,0,10,4,0,14,0,2,6,6,14,0,12,10,6,28,0,12,12,40
10/14/2013,OTH,OR,ANM,WE,Federal Contract Tower,0,8,2,0,10,0,10,14,9,33,0,18,16,9,43,6,6,12,55
10/15/2013,OTH,OR,ANM,WE,Federal Contract Tower,0,12,8,1,21,0,9,1,8,18,0,21,9,9,39,2,14,16,55
10/16/2013,OTH,OR,ANM,WE,Federal Contract Tower,0,10,2,2,14,0,12,19,26,57,0,22,21,28,71,0,74,74,145
10/17/2013,OTH,OR,ANM,WE,Federal Contract Tower,0,15,10,0,25,0,7,12,9,28,0,22,22,9,53,2,22,24,77
10/18/2013,OTH,OR,ANM,WE,Federal Contract Tower,0,20,3,0,23,0,10,17,17,44,0,30,20,17,67,0,20,20,87
10/19/2013,OTH,OR,ANM,WE,Federal Contract Tower,0,6,8,0,14,0,5,10,8,23,0,11,18,8,37,0,28,28,65
10/20/2013,OTH,OR,ANM,WE,Federal Contract Tower,0,13,6,0,19,0,1,3,0,4,0,14,9,0,23,0,0,0,23
10/21/2013,OTH,OR,ANM,WE,Federal Contract Tower,0,13,9,0,22,0,0,0,0,0,0,13,9,0,22,0,0,0,22
10/22/2013,OTH,OR,ANM,WE,Federal Contract Tower,0,14,4,2,20,0,0,0,0,0,0,14,4,2,20,0,0,0,20
10/23/2013,OTH,OR,ANM,WE,Federal Contract Tower,0,18,11,14,43,0,0,0,0,0,0,18,11,14,43,0,6,6,49
10/24/2013,OTH,OR,ANM,WE,Federal Contract Tower,0,18,17,0,35,0,0,0,0,0,0,18,17,0,35,0,0,0,35
10/25/2013,OTH,OR,ANM,WE,Federal Contract Tower,0,20,6,7,33,0,0,0,0,0,0,20,6,7,33,0,0,0,33
10/26/2013,OTH,OR,ANM,WE,Federal Contract Tower,0,6,1,0,7,0,5,6,8,19,0,11,7,8,26,0,8,8,34
10/27/2013,OTH,OR,ANM,WE,Federal Contract Tower,0,6,15,1,22,0,1,1,2,4,0,7,16,3,26,0,6,6,32
10/28/2013,OTH,OR,ANM,WE,Federal Contract Tower,0,6,7,0,13,0,10,6,12,28,0,16,13,12,41,0,26,26,67
10/29/2013,OTH,OR,ANM,WE,Federal Contract Tower,0,7,6,0,13,0,9,12,11,32,0,16,18,11,45,0,16,16,61
10/30/2013,OTH,OR,ANM,WE,Federal Contract Tower,0,9,5,1,15,0,14,10,9,33,0,23,15,10,48,0,2,2,50
10/31/2013,OTH,OR,ANM,WE,Federal Contract Tower,0,20,6,0,26,0,0,5,0,5,0,20,11,0,31,0,0,0,31
11/01/2013,OTH,OR,ANM,WE,Federal Contract Tower,0,6,8,1,15,0,13,23,12,48,0,19,31,13,63,10,14,24,87
11/02/2013,OTH,OR,ANM,WE,Federal Contract Tower,0,9,4,0,13,0,2,0,8,10,0,11,4,8,23,0,4,4,27
11/03/2013,OTH,OR,ANM,WE,Federal Contract Tower,0,6,2,0,8,0,0,1,6,7,0,6,3,6,15,0,30,30,45
11/04/2013,OTH,OR,ANM,WE,Federal Contract Tower,0,14,5,5,24,0,0,0,9,9,0,14,5,14,33,0,30,30,63
11/05/2013,OTH,OR,ANM,WE,Federal Contract Tower,0,16,5,5,26,0,0,0,4,4,0,16,5,9,30,0,18,18,48
11/06/2013,OTH,OR,ANM,WE,Federal Contract Tower,0,16,8,0,24,0,0,2,1,3,0,16,10,1,27,0,0,0,27
11/07/2013,OTH,OR,ANM,WE,Federal Contract Tower,0,21,2,0,23,0,0,4,3,7,0,21,6,3,30,0,0,0,30
11/08/2013,OTH,OR,ANM,WE,Federal Contract Tower,0,7,7,1,15,0,22,5,7,34,0,29,12,8,49,0,40,40,89
11/09/2013,OTH,OR,ANM,WE,Federal Contract Tower,0,6,1,0,7,0,3,1,4,8,0,9,2,4,15,0,0,0,15
11/10/2013,OTH,OR,ANM,WE,Federal Contract Tower,0,2,3,1,6,0,1,10,5,16,0,3,13,6,22,0,0,0,22
11/11/2013,OTH,OR,ANM,WE,Federal Contract Tower,0,5,5,0,10,0,6,5,6,17,0,11,10,6,27,0,2,2,29
11/12/2013,OTH,OR,ANM,WE,Federal Contract Tower,0,16,1,2,19,0,1,2,2,5,0,17,3,4,24,8,0,8,32
11/13/2013,OTH,OR,ANM,WE,Federal Contract Tower,0,7,0,0,7,0,10,4,16,30,0,17,4,16,37,0,50,50,87
11/14/2013,OTH,OR,ANM,WE,Federal Contract Tower,0,14,0,0,14,0,5,6,20,31,0,19,6,20,45,6,40,46,91
11/15/2013,OTH,OR,ANM,WE,Federal Contract Tower,0,9,1,1,11,0,6,1,5,12,0,15,2,6,23,0,0,0,23
11/16/2013,OTH,OR,ANM,WE,Federal Contract Tower,0,9,1,0,10,0,1,1,4,6,0,10,2,4,16,0,18,18,34
11/17/2013,OTH,OR,ANM,WE,Federal Contract Tower,0,3,3,0,6,0,1,6,6,13,0,4,9,6,19,0,10,10,29
11/18/2013,OTH,OR,ANM,WE,Federal Contract Tower,0,16,3,0,19,0,0,2,11,13,0,16,5,11,32,0,8,8,40
11/19/2013,OTH,OR,ANM,WE,Federal Contract Tower,0,16,0,0,16,0,0,0,2,2,0,16,0,2,18,0,30,30,48
11/20/2013,OTH,OR,ANM,WE,Federal Contract Tower,0,4,3,0,7,0,13,4,22,39,0,17,7,22,46,0,38,38,84
11/21/2013,OTH,OR,ANM,WE,Federal Contract Tower,0,5,1,0,6,0,16,6,12,34,0,21,7,12,40,16,36,52,92
11/22/2013,OTH,OR,ANM,WE,Federal Contract Tower,0,4,2,1,7,0,23,5,6,34,0,27,7,7,41,0,6,6,47
11/23/2013,OTH,OR,ANM,WE,Federal Contract Tower,0,6,3,0,9,0,8,19,8,35,0,14,22,8,44,6,0,6,50
11/24/2013,OTH,OR,ANM,WE,Federal Contract Tower,0,2,1,0,3,0,4,16,3,23,0,6,17,3,26,0,26,26,52
11/25/2013,OTH,OR,ANM,WE,Federal Contract Tower,0,2,0,1,3,0,8,14,9,31,0,10,14,10,34,0,41,41,75
11/26/2013,OTH,OR,ANM,WE,Federal Contract Tower,0,4,1,0,5,0,19,5,14,38,0,23,6,14,43,2,48,50,93
11/27/2013,OTH,OR,ANM,WE,Federal Contract Tower,0,5,1,1,7,0,7,8,10,25,0,12,9,11,32,16,22,38,70
11/28/2013,OTH,OR,ANM,WE,Federal Contract Tower,0,4,0,0,4,0,3,10,2,15,0,7,10,2,19,0,0,0,19
11/29/2013,OTH,OR,ANM,WE,Federal Contract Tower,0,9,1,0,10,0,7,19,3,29,0,16,20,3,39,30,0,30,69
11/30/2013,OTH,OR,ANM,WE,Federal Contract Tower,0,7,0,0,7,0,2,9,1,12,0,9,9,1,19,0,0,0,19
12/01/2013,OTH,OR,ANM,WE,Federal Contract Tower,0,4,2,0,6,0,0,0,0,0,0,4,2,0,6,0,0,0,6
12/02/2013,OTH,OR,ANM,WE,Federal Contract Tower,0,13,4,0,17,0,3,0,8,11,0,16,4,8,28,0,22,22,50
12/03/2013,OTH,OR,ANM,WE,Federal Contract Tower,0,3,2,0,5,0,8,4,10,22,0,11,6,10,27,0,15,15,42
12/04/2013,OTH,OR,ANM,WE,Federal Contract Tower,0,3,2,0,5,0,13,10,17,40,0,16,12,17,45,6,38,44,89
12/05/2013,OTH,OR,ANM,WE,Federal Contract Tower,0,5,2,2,9,0,14,6,10,30,0,19,8,12,39,0,36,36,75
12/06/2013,OTH,OR,ANM,WE,Federal Contract Tower,0,12,2,0,14,0,4,0,2,6,0,16,2,2,20,0,2,2,22
12/07/2013,OTH,OR,ANM,WE,Federal Contract Tower,0,3,3,0,6,0,8,5,3,16,0,11,8,3,22,14,4,18,40
12/08/2013,OTH,OR,ANM,WE,Federal Contract Tower,0,4,0,0,4,0,6,10,5,21,0,10,10,5,25,0,0,0,25
12/09/2013,OTH,OR,ANM,WE,Federal Contract Tower,0,2,2,0,4,0,11,4,12,27,0,13,6,12,31,4,26,30,61
12/10/2013,OTH,OR,ANM,WE,Federal Contract Tower,0,6,0,0,6,0,6,2,10,18,0,12,2,10,24,2,12,14,38
12/11/2013,OTH,OR,ANM,WE,Federal Contract Tower,0,5,1,1,7,0,11,3,16,30,0,16,4,17,37,0,22,22,59
12/12/2013,OTH,OR,ANM,WE,Federal Contract Tower,0,17,4,0,21,0,6,0,10,16,0,23,4,10,37,0,12,12,49
12/13/2013,OTH,OR,ANM,WE,Federal Contract Tower,0,11,4,0,15,0,5,5,7,17,0,16,9,7,32,0,16,16,48
12/14/2013,OTH,OR,ANM,WE,Federal Contract Tower,0,5,0,0,5,0,7,0,4,11,0,12,0,4,16,0,8,8,24
12/15/2013,OTH,OR,ANM,WE,Federal Contract Tower,0,6,2,2,10,0,1,2,3,6,0,7,4,5,16,0,6,6,22
12/16/2013,OTH,OR,ANM,WE,Federal Contract Tower,0,7,2,0,9,0,11,3,17,31,0,18,5,17,40,0,0,0,40
12/17/2013,OTH,OR,ANM,WE,Federal Contract Tower,0,10,2,0,12,0,4,7,13,24,0,14,9,13,36,0,4,4,40
12/18/2013,OTH,OR,ANM,WE,Federal Contract Tower,0,18,2,1,21,0,2,0,2,4,0,20,2,3,25,0,2,2,27
12/19/2013,OTH,OR,ANM,WE,Federal Contract Tower,0,7,1,0,8,0,12,7,15,34,0,19,8,15,42,4,2,6,48
12/20/2013,OTH,OR,ANM,WE,Federal Contract Tower,0,17,2,0,19,0,5,1,2,8,0,22,3,2,27,0,2,2,29
12/21/2013,OTH,OR,ANM,WE,Federal Contract Tower,0,10,3,0,13,0,0,0,0,0,0,10,3,0,13,0,0,0,13
12/22/2013,OTH,OR,ANM,WE,Federal Contract Tower,0,3,2,1,6,0,1,3,2,6,0,4,5,3,12,0,0,0,12
12/23/2013,OTH,OR,ANM,WE,Federal Contract Tower,0,11,4,0,15,0,3,1,5,9,0,14,5,5,24,0,18,18,42
12/24/2013,OTH,OR,ANM,WE,Federal Contract Tower,0,7,0,0,7,0,7,9,5,21,0,14,9,5,28,0,6,6,34
12/25/2013,OTH,OR,ANM,WE,Federal Contract Tower,0,2,0,0,2,0,3,3,2,8,0,5,3,2,10,4,8,12,22
12/26/2013,OTH,OR,ANM,WE,Federal Contract Tower,0,10,2,0,12,0,13,7,4,24,0,23,9,4,36,0,0,0,36
12/27/2013,OTH,OR,ANM,WE,Federal Contract Tower,0,15,4,0,19,0,9,0,3,12,0,24,4,3,31,0,0,0,31
12/28/2013,OTH,OR,ANM,WE,Federal Contract Tower,0,4,3,0,7,0,5,18,5,28,0,9,21,5,35,2,0,2,37
12/29/2013,OTH,OR,ANM,WE,Federal Contract Tower,0,4,2,0,6,0,3,9,8,20,0,7,11,8,26,0,8,8,34
12/30/2013,OTH,OR,ANM,WE,Federal Contract Tower,0,5,2,0,7,0,6,3,4,13,0,11,5,4,20,0,0,0,20
12/31/2013,OTH,OR,ANM,WE,Federal Contract Tower,0,5,0,0,5,0,6,13,4,23,0,11,13,4,28,0,2,2,30
01/01/2014,OTH,OR,ANM,WE,Federal Contract Tower,0,2,0,0,2,0,4,9,4,17,0,6,9,4,19,2,3,5,24
01/02/2014,OTH,OR,ANM,WE,Federal Contract Tower,0,7,0,0,7,0,17,10,15,42,0,24,10,15,49,4,4,8,57
01/03/2014,OTH,OR,ANM,WE,Federal Contract Tower,0,11,6,2,19,0,6,4,5,15,0,17,10,7,34,10,38,48,82
01/04/2014,OTH,OR,ANM,WE,Federal Contract Tower,0,1,1,1,3,0,10,15,6,31,0,11,16,7,34,26,42,68,102
01/05/2014,OTH,OR,ANM,WE,Federal Contract Tower,0,2,4,0,6,0,2,8,4,14,0,4,12,4,20,0,2,2,22
01/06/2014,OTH,OR,ANM,WE,Federal Contract Tower,0,6,5,0,11,0,5,2,4,11,0,11,7,4,22,0,0,0,22
01/07/2014,OTH,OR,ANM,WE,Federal Contract Tower,0,7,1,2,10,0,5,1,0,6,0,12,2,2,16,0,27,27,43
01/08/2014,OTH,OR,ANM,WE,Federal Contract Tower,0,15,6,0,21,0,1,0,6,7,0,16,6,6,28,0,28,28,56
01/09/2014,OTH,OR,ANM,WE,Federal Contract Tower,0,18,2,4,24,0,0,1,0,1,0,18,3,4,25,0,0,0,25
01/10/2014,OTH,OR,ANM,WE,Federal Contract Tower,0,12,4,1,17,0,5,0,1,6,0,17,4,2,23,0,0,0,23
01/11/2014,OTH,OR,ANM,WE,Federal Contract Tower,0,11,0,0,11,0,2,0,4,6,0,13,0,4,17,0,30,30,47
01/12/2014,OTH,OR,ANM,WE,Federal Contract Tower,0,4,3,1,8,0,0,0,1,1,0,4,3,2,9,0,8,8,17
01/13/2014,OTH,OR,ANM,WE,Federal Contract Tower,0,6,3,2,11,0,4,7,16,27,0,10,10,18,38,2,2,4,42
01/14/2014,OTH,OR,ANM,WE,Federal Contract Tower,0,2,0,0,2,0,11,6,15,32,0,13,6,15,34,12,2,14,48
01/15/2014,OTH,OR,ANM,WE,Federal Contract Tower,0,8,2,0,10,0,10,13,13,36,0,18,15,13,46,0,34,34,80
01/16/2014,OTH,OR,ANM,WE,Federal Contract Tower,0,6,3,4,13,0,18,14,12,44,0,24,17,16,57,2,28,30,87
01/17/2014,OTH,OR,ANM,WE,Federal Contract Tower,0,6,3,0,9,0,9,4,11,24,0,15,7,11,33,4,12,16,49
01/18/2014,OTH,OR,ANM,WE,Federal Contract Tower,0,7,0,1,8,0,2,14,2,18,0,9,14,3,26,4,0,4,30
01/19/2014,OTH,OR,ANM,WE,Federal Contract Tower,0,2,0,2,4,0,2,7,15,24,0,4,7,17,28,0,0,0,28
01/20/2014,OTH,OR,ANM,WE,Federal Contract Tower,0,2,0,0,2,0,6,11,7,24,0,8,11,7,26,0,2,2,28
01/21/2014,OTH,OR,ANM,WE,Federal Contract Tower,0,13,6,2,21,0,1,4,14,19,0,14,10,16,40,0,0,0,40
01/22/2014,OTH,OR,ANM,WE,Federal Contract Tower,0,6,2,0,8,0,10,8,16,34,0,16,10,16,42,0,26,26,68
01/23/2014,OTH,OR,ANM,WE,Federal Contract Tower,0,3,0,0,3,0,19,12,10,41,0,22,12,10,44,0,42,42,86
01/24/2014,OTH,OR,ANM,WE,Federal Contract Tower,0,3,0,1,4,0,20,8,8,36,0,23,8,9,40,2,36,38,78
01/25/2014,OTH,OR,ANM,WE,Federal Contract Tower,0,4,1,1,6,0,8,16,2,26,0,12,17,3,32,0,0,0,32
01/26/2014,OTH,OR,ANM,WE,Federal Contract Tower,0,5,3,0,8,0,0,14,6,20,0,5,17,6,28,0,0,0,28
01/27/2014,OTH,OR,ANM,WE,Federal Contract Tower,0,6,1,0,7,0,6,2,9,17,0,12,3,9,24,0,0,0,24
01/28/2014,OTH,OR,ANM,WE,Federal Contract Tower,0,12,4,0,16,0,0,0,6,6,0,12,4,6,22,0,0,0,22
01/29/2014,OTH,OR,ANM,WE,Federal Contract Tower,0,15,3,2,20,0,1,0,6,7,0,16,3,8,27,0,26,26,53
01/30/2014,OTH,OR,ANM,WE,Federal Contract Tower,0,11,3,0,14,0,13,4,9,26,0,24,7,9,40,2,0,2,42
01/31/2014,OTH,OR,ANM,WE,Federal Contract Tower,0,13,6,0,19,0,6,1,4,11,0,19,7,4,30,0,0,0,30
02/01/2014,OTH,OR,ANM,WE,Federal Contract Tower,0,4,1,0,5,0,7,5,2,14,0,11,6,2,19,0,0,0,19
02/02/2014,OTH,OR,ANM,WE,Federal Contract Tower,0,3,5,0,8,0,0,8,4,12,0,3,13,4,20,4,2,6,26
02/03/2014,OTH,OR,ANM,WE,Federal Contract Tower,0,7,2,0,9,0,2,3,13,18,0,9,5,13,27,0,12,12,39
02/04/2014,OTH,OR,ANM,WE,Federal Contract Tower,0,11,3,0,14,0,4,12,19,35,0,15,15,19,49,13,2,15,64
02/05/2014,OTH,OR,ANM,WE,Federal Contract Tower,0,6,4,0,10,0,13,18,17,48,0,19,22,17,58,0,32,32,90
02/06/2014,OTH,OR,ANM,WE,Federal Contract Tower,0,14,3,0,17,0,0,0,0,0,0,14,3,0,17,0,0,0,17
02/07/2014,OTH,OR,ANM,WE,Federal Contract Tower,0,16,5,0,21,0,0,2,10,12,0,16,7,10,33,4,34,38,71
02/08/2014,OTH,OR,ANM,WE,Federal Contract Tower,0,4,1,0,5,0,0,0,2,2,0,4,1,2,7,0,38,38,45
02/09/2014,OTH,OR,ANM,WE,Federal Contract Tower,0,7,4,0,11,0,0,0,4,4,0,7,4,4,15,0,2,2,17
02/10/2014,OTH,OR,ANM,WE,Federal Contract Tower,0,8,8,6,22,0,0,0,4,4,0,8,8,10,26,0,8,8,34
02/11/2014,OTH,OR,ANM,WE,Federal Contract Tower,0,10,4,0,14,0,1,0,12,13,0,11,4,12,27,0,22,22,49
02/12/2014,OTH,OR,ANM,WE,Federal Contract Tower,0,17,3,2,22,0,0,0,6,6,0,17,3,8,28,0,10,10,38
02/13/2014,OTH,OR,ANM,WE,Federal Contract Tower,0,8,3,1,12,0,2,0,14,16,0,10,3,15,28,0,24,24,52
02/14/2014,OTH,OR,ANM,WE,Federal Contract Tower,0,16,1,1,18,0,1,2,11,14,0,17,3,12,32,4,44,48,80
02/15/2014,OTH,OR,ANM,WE,Federal Contract Tower,0,12,0,0,12,0,1,0,3,4,0,13,0,3,16,0,0,0,16
02/16/2014,OTH,OR,ANM,WE,Federal Contract Tower,0,5,4,0,9,0,2,4,4,10,0,7,8,4,19,0,28,28,47
02/17/2014,OTH,OR,ANM,WE,Federal Contract Tower,0,11,3,0,14,0,0,0,3,3,0,11,3,3,17,0,0,0,17
02/18/2014,OTH,OR,ANM,WE,Federal Contract Tower,0,12,0,0,12,0,2,0,6,8,0,14,0,6,20,0,8,8,28
02/19/2014,OTH,OR,ANM,WE,Federal Contract Tower,0,10,1,0,11,0,9,3,16,28,0,19,4,16,39,0,6,6,45
02/20/2014,OTH,OR,ANM,WE,Federal Contract Tower,0,18,2,6,26,0,0,0,0,0,0,18,2,6,26,0,0,0,26
02/21/2014,OTH,OR,ANM,WE,Federal Contract Tower,0,14,3,4,21,0,5,8,9,22,0,19,11,13,43,0,0,0,43
02/22/2014,OTH,OR,ANM,WE,Federal Contract Tower,0,4,4,0,8,0,7,17,7,31,0,11,21,7,39,8,0,8,47
02/23/2014,OTH,OR,ANM,WE,Federal Contract Tower,0,5,5,0,10,0,0,7,5,12,0,5,12,5,22,0,0,0,22
02/24/2014,OTH,OR,ANM,WE,Federal Contract Tower,0,7,1,0,8,0,7,2,24,33,0,14,3,24,41,0,12,12,53
02/25/2014,OTH,OR,ANM,WE,Federal Contract Tower,0,11,4,1,16,0,6,7,9,22,0,17,11,10,38,0,46,46,84
02/26/2014,OTH,OR,ANM,WE,Federal Contract Tower,0,9,2,0,11,0,19,4,10,33,0,28,6,10,44,0,20,20,64
02/27/2014,OTH,OR,ANM,WE,Federal Contract Tower,0,11,6,0,17,0,8,2,18,28,0,19,8,18,45,0,82,82,127
02/28/2014,OTH,OR,ANM,WE,Federal Contract Tower,0,6,1,0,7,0,18,5,9,32,0,24,6,9,39,0,0,0,39
03/01/2014,OTH,OR,ANM,WE,Federal Contract Tower,0,6,3,1,10,0,2,5,6,13,0,8,8,7,23,0,0,0,23
03/02/2014,OTH,OR,ANM,WE,Federal Contract Tower,0,5,6,1,12,0,0,0,1,1,0,5,6,2,13,0,0,0,13
03/03/2014,OTH,OR,ANM,WE,Federal Contract Tower,0,12,2,0,14,0,0,0,0,0,0,12,2,0,14,0,0,0,14
03/04/2014,OTH,OR,ANM,WE,Federal Contract Tower,0,4,3,0,7,0,9,2,7,18,0,13,5,7,25,0,6,6,31
03/05/2014,OTH,OR,ANM,WE,Federal Contract Tower,0,13,0,0,13,0,2,0,10,12,0,15,0,10,25,0,18,18,43
03/06/2014,OTH,OR,ANM,WE,Federal Contract Tower,0,16,0,0,16,0,14,0,8,22,0,30,0,8,38,0,0,0,38
03/07/2014,OTH,OR,ANM,WE,Federal Contract Tower,0,6,0,1,7,0,11,7,7,25,0,17,7,8,32,12,0,12,44
03/08/2014,OTH,OR,ANM,WE,Federal Contract Tower,0,12,1,0,13,0,8,3,4,15,0,20,4,4,28,0,8,8,36
03/09/2014,OTH,OR,ANM,WE,Federal Contract Tower,0,4,1,0,5,0,0,0,2,2,0,4,1,2,7,0,26,26,33
03/10/2014,OTH,OR,ANM,WE,Federal Contract Tower,0,6,5,0,11,0,4,3,11,18,0,10,8,11,29,0,12,12,41
03/11/2014,OTH,OR,ANM,WE,Federal Contract Tower,0,6,1,0,7,0,9,12,10,31,0,15,13,10,38,2,0,2,40
03/12/2014,OTH,OR,ANM,WE,Federal Contract Tower,0,7,4,0,11,0,13,12,13,38,0,20,16,13,49,18,28,46,95
03/13/2014,OTH,OR,ANM,WE,Federal Contract Tower,0,8,2,2,12,0,13,7,11,31,0,21,9,13,43,0,22,22,65
03/14/2014,OTH,OR,ANM,WE,Federal Contract Tower,0,16,3,1,20,0,6,0,13,19,0,22,3,14,39,0,10,10,49
03/15/2014,OTH,OR,ANM,WE,Federal Contract Tower,0,7,6,0,13,0,0,7,3,10,0,7,13,3,23,6,26,32,55
03/16/2014,OTH,OR,ANM,WE,Federal Contract Tower,0,4,1,0,5,0,1,6,4,11,0,5,7,4,16,0,0,0,16
03/17/2014,OTH,OR,ANM,WE,Federal Contract Tower,0,6,4,0,10,0,5,0,11,16,0,11,4,11,26,0,40,40,66
03/18/2014,OTH,OR,ANM,WE,Federal Contract Tower,0,4,0,0,4,0,11,9,11,31,0,15,9,11,35,0,30,30,65
03/19/2014,OTH,OR,ANM,WE,Federal Contract Tower,0,11,6,0,17,0,9,3,9,21,0,20,9,9,38,0,16,16,54
03/20/2014,OTH,OR,ANM,WE,Federal Contract Tower,0,7,3,0,10,0,14,8,9,31,0,21,11,9,41,2,18,20,61
03/21/2014,OTH,OR,ANM,WE,Federal Contract Tower,0,4,0,1,5,0,12,10,3,25,0,16,10,4,30,0,0,0,30
03/22/2014,OTH,OR,ANM,WE,Federal Contract Tower,0,4,0,0,4,0,13,7,8,28,0,17,7,8,32,0,0,0,32
03/23/2014,OTH,OR,ANM,WE,Federal Contract Tower,0,3,1,0,4,0,2,19,4,25,0,5,20,4,29,0,0,0,29
03/24/2014,OTH,OR,ANM,WE,Federal Contract Tower,0,6,2,0,8,0,7,7,10,24,0,13,9,10,32,0,14,14,46
03/25/2014,OTH,OR,ANM,WE,Federal Contract Tower,0,6,2,2,10,0,5,1,9,15,0,11,3,11,25,0,20,20,45
03/26/2014,OTH,OR,ANM,WE,Federal Contract Tower,0,13,2,0,15,0,7,0,8,15,0,20,2,8,30,0,22,22,52
03/27/2014,OTH,OR,ANM,WE,Federal Contract Tower,0,14,2,0,16,0,5,1,12,18,0,19,3,12,34,0,28,28,62
03/28/2014,OTH,OR,ANM,WE,Federal Contract Tower,0,15,2,0,17,0,0,2,9,11,0,15,4,9,28,0,36,36,64
03/29/2014,OTH,OR,ANM,WE,Federal Contract Tower,0,8,1,0,9,0,2,0,2,4,0,10,1,2,13,0,18,18,31
03/30/2014,OTH,OR,ANM,WE,Federal Contract Tower,0,2,2,1,5,0,2,0,6,8,0,4,2,7,13,0,0,0,13
03/31/2014,OTH,OR,ANM,WE,Federal Contract Tower,0,7,2,0,9,0,2,0,9,11,0,9,2,9,20,0,0,0,20
04/01/2014,OTH,OR,ANM,WE,Federal Contract Tower,0,1,2,0,3,0,10,2,10,22,0,11,4,10,25,10,10,20,45
04/02/2014,OTH,OR,ANM,WE,Federal Contract Tower,0,9,3,0,12,0,12,6,10,28,0,21,9,10,40,0,0,0,40
04/03/2014,OTH,OR,ANM,WE,Federal Contract Tower,0,9,4,0,13,0,8,7,7,22,0,17,11,7,35,0,34,34,69
04/04/2014,OTH,OR,ANM,WE,Federal Contract Tower,0,13,6,0,19,0,6,6,8,20,0,19,12,8,39,0,2,2,41
04/05/2014,OTH,OR,ANM,WE,Federal Contract Tower,0,8,0,0,8,0,0,1,4,5,0,8,1,4,13,0,0,0,13
04/06/2014,OTH,OR,ANM,WE,Federal Contract Tower,0,7,10,2,19,0,0,1,0,1,0,7,11,2,20,0,0,0,20
04/07/2014,OTH,OR,ANM,WE,Federal Contract Tower,0,15,10,3,28,0,0,1,0,1,0,15,11,3,29,0,0,0,29
04/08/2014,OTH,OR,ANM,WE,Federal Contract Tower,0,14,2,0,16,0,2,1,6,9,0,16,3,6,25,0,0,0,25
04/09/2014,OTH,OR,ANM,WE,Federal Contract Tower,0,8,2,0,10,0,13,14,25,52,0,21,16,25,62,20,20,40,102
04/10/2014,OTH,OR,ANM,WE,Federal Contract Tower,0,7,8,0,15,0,10,19,12,41,0,17,27,12,56,0,22,22,78
04/11/2014,OTH,OR,ANM,WE,Federal Contract Tower,0,4,6,3,13,0,13,8,5,26,0,17,14,8,39,2,0,2,41
04/12/2014,OTH,OR,ANM,WE,Federal Contract Tower,0,4,2,1,7,0,6,44,4,54,0,10,46,5,61,24,4,28,89
04/13/2014,OTH,OR,ANM,WE,Federal Contract Tower,0,3,3,0,6,0,4,8,4,16,0,7,11,4,22,10,0,10,32
04/14/2014,OTH,OR,ANM,WE,Federal Contract Tower,0,7,5,2,14,0,4,5,9,18,0,11,10,11,32,8,14,22,54
04/15/2014,OTH,OR,ANM,WE,Federal Contract Tower,0,4,2,0,6,0,8,3,9,20,0,12,5,9,26,0,17,17,43
04/16/2014,OTH,OR,ANM,WE,Federal Contract Tower,0,3,2,0,5,0,14,6,11,31,0,17,8,11,36,4,18,22,58
04/17/2014,OTH,OR,ANM,WE,Federal Contract Tower,0,20,2,0,22,0,0,0,0,0,0,20,2,0,22,0,0,0,22
04/18/2014,OTH,OR,ANM,WE,Federal Contract Tower,0,5,5,0,10,0,15,13,8,36,0,20,18,8,46,28,12,40,86
04/19/2014,OTH,OR,ANM,WE,Federal Contract Tower,0,6,1,0,7,0,4,0,4,8,0,10,1,4,15,0,0,0,15
04/20/2014,OTH,OR,ANM,WE,Federal Contract Tower,0,3,5,1,9,0,2,7,3,12,0,5,12,4,21,0,0,0,21
04/21/2014,OTH,OR,ANM,WE,Federal Contract Tower,0,11,4,3,18,0,2,5,4,11,0,13,9,7,29,8,4,12,41
04/22/2014,OTH,OR,ANM,WE,Federal Contract Tower,0,5,0,0,5,0,7,1,7,15,0,12,1,7,20,0,16,16,36
04/23/2014,OTH,OR,ANM,WE,Federal Contract Tower,0,18,12,0,30,0,2,3,10,15,0,20,15,10,45,0,10,10,55
04/24/2014,OTH,OR,ANM,WE,Federal Contract Tower,0,19,5,0,24,0,9,10,9,28,0,28,15,9,52,18,28,46,98
04/25/2014,OTH,OR,ANM,WE,Federal Contract Tower,0,10,5,0,15,0,8,11,5,24,0,18,16,5,39,24,10,34,73
04/26/2014,OTH,OR,ANM,WE,Federal Contract Tower,0,7,2,0,9,0,9,3,5,17,0,16,5,5,26,14,0,14,40
04/27/2014,OTH,OR,ANM,WE,Federal Contract Tower,0,5,10,0,15,0,1,3,3,7,0,6,13,3,22,0,12,12,34
04/28/2014,OTH,OR,ANM,WE,Federal Contract Tower,0,3,10,0,13,0,8,6,11,25,0,11,16,11,38,0,24,24,62
04/29/2014,OTH,OR,ANM,WE,Federal Contract Tower,0,3,7,5,15,0,15,14,6,35,0,18,21,11,50,20,6,26,76
04/30/2014,OTH,OR,ANM,WE,Federal Contract Tower,0,2,10,0,12,0,18,34,17,69,0,20,44,17,81,10,0,10,91
05/01/2014,OTH,OR,ANM,WE,Federal Contract Tower,0,6,3,0,9,0,20,22,8,50,0,26,25,8,59,6,0,6,65
05/02/2014,OTH,OR,ANM,WE,Federal Contract Tower,0,15,14,4,33,0,1,7,7,15,0,16,21,11,48,8,16,24,72
05/03/2014,OTH,OR,ANM,WE,Federal Contract Tower,0,10,3,0,13,0,2,7,3,12,0,12,10,3,25,0,0,0,25
05/04/2014,OTH,OR,ANM,WE,Federal Contract Tower,0,10,13,2,25,0,0,0,9,9,0,10,13,11,34,0,0,0,34
05/05/2014,OTH,OR,ANM,WE,Federal Contract Tower,0,6,1,0,7,0,6,5,19,30,0,12,6,19,37,0,8,8,45
05/06/2014,OTH,OR,ANM,WE,Federal Contract Tower,0,3,0,0,3,0,10,2,3,15,0,13,2,3,18,0,2,2,20
05/07/2014,OTH,OR,ANM,WE,Federal Contract Tower,0,10,1,0,11,0,20,10,7,37,0,30,11,7,48,0,32,32,80
05/08/2014,OTH,OR,ANM,WE,Federal Contract Tower,0,20,4,0,24,0,0,0,1,1,0,20,4,1,25,0,0,0,25
05/09/2014,OTH,OR,ANM,WE,Federal Contract Tower,0,21,5,3,29,0,10,0,10,20,0,31,5,13,49,0,2,2,51
05/10/2014,OTH,OR,ANM,WE,Federal Contract Tower,0,10,4,0,14,0,3,5,8,16,0,13,9,8,30,0,0,0,30
05/11/2014,OTH,OR,ANM,WE,Federal Contract Tower,0,6,5,0,11,0,4,9,5,18,0,10,14,5,29,0,6,6,35
05/12/2014,OTH,OR,ANM,WE,Federal Contract Tower,0,2,6,0,8,0,8,20,11,39,0,10,26,11,47,0,0,0,47
05/13/2014,OTH,OR,ANM,WE,Federal Contract Tower,0,6,12,1,19,0,13,24,14,51,0,19,36,15,70,0,14,14,84
05/14/2014,OTH,OR,ANM,WE,Federal Contract Tower,0,1,8,1,10,0,14,19,14,47,0,15,27,15,57,6,22,28,85
05/15/2014,OTH,OR,ANM,WE,Federal Contract Tower,0,13,5,1,19,0,15,16,10,41,0,28,21,11,60,22,0,22,82
05/16/2014,OTH,OR,ANM,WE,Federal Contract Tower,0,10,5,1,16,0,20,21,5,46,0,30,26,6,62,28,0,28,90
05/17/2014,OTH,OR,ANM,WE,Federal Contract Tower,0,10,2,1,13,0,6,6,2,14,0,16,8,3,27,0,0,0,27
05/18/2014,OTH,OR,ANM,WE,Federal Contract Tower,0,10,13,0,23,0,1,2,2,5,0,11,15,2,28,0,0,0,28
05/19/2014,OTH,OR,ANM,WE,Federal Contract Tower,0,13,1,1,15,0,7,9,11,27,0,20,10,12,42,2,0,2,44
05/20/2014,OTH,OR,ANM,WE,Federal Contract Tower,0,8,10,1,19,0,5,3,8,16,0,13,13,9,35,0,0,0,35
05/21/2014,OTH,OR,ANM,WE,Federal Contract Tower,0,6,8,2,16,0,20,11,8,39,0,26,19,10,55,0,0,0,55
05/22/2014,OTH,OR,ANM,WE,Federal Contract Tower,0,3,6,2,11,0,16,22,8,46,0,19,28,10,57,0,10,10,67
05/23/2014,OTH,OR,ANM,WE,Federal Contract Tower,0,21,6,4,31,0,5,9,1,15,0,26,15,5,46,10,0,10,56
05/24/2014,OTH,OR,ANM,WE,Federal Contract Tower,0,4,4,0,8,0,11,6,4,21,0,15,10,4,29,8,2,10,39
05/25/2014,OTH,OR,ANM,WE,Federal Contract Tower,0,5,5,0,10,0,3,13,4,20,0,8,18,4,30,12,4,16,46
05/26/2014,OTH,OR,ANM,WE,Federal Contract Tower,0,4,1,0,5,0,8,1,4,13,0,12,2,4,18,0,0,0,18
05/27/2014,OTH,OR,ANM,WE,Federal Contract Tower,0,1,4,1,6,0,11,8,5,24,0,12,12,6,30,8,4,12,42
05/28/2014,OTH,OR,ANM,WE,Federal Contract Tower,0,8,6,0,14,0,12,12,9,33,0,20,18,9,47,0,4,4,51
05/29/2014,OTH,OR,ANM,WE,Federal Contract Tower,0,6,1,0,7,0,17,13,4,34,0,23,14,4,41,2,6,8,49
05/30/2014,OTH,OR,ANM,WE,Federal Contract Tower,0,3,7,0,10,0,17,21,8,46,0,20,28,8,56,0,16,16,72
05/31/2014,OTH,OR,ANM,WE,Federal Contract Tower,0,2,9,1,12,0,9,7,5,21,0,11,16,6,33,0,0,0,33
06/01/2014,OTH,OR,ANM,WE,Federal Contract Tower,0,7,15,0,22,0,2,2,4,8,0,9,17,4,30,0,0,0,30
06/02/2014,OTH,OR,ANM,WE,Federal Contract Tower,0,8,7,0,15,0,6,3,13,22,0,14,10,13,37,0,14,14,51
06/03/2014,OTH,OR,ANM,WE,Federal Contract Tower,0,14,8,0,22,0,5,5,10,20,0,19,13,10,42,8,2,10,52
06/04/2014,OTH,OR,ANM,WE,Federal Contract Tower,0,5,5,0,10,0,15,18,16,49,0,20,23,16,59,12,58,70,129
06/05/2014,OTH,OR,ANM,WE,Federal Contract Tower,0,8,4,0,12,0,15,19,12,46,0,23,23,12,58,0,24,24,82
06/06/2014,OTH,OR,ANM,WE,Federal Contract Tower,0,3,5,2,10,0,19,10,13,42,0,22,15,15,52,0,6,6,58
06/07/2014,OTH,OR,ANM,WE,Federal Contract Tower,0,2,2,0,4,0,10,7,3,20,0,12,9,3,24,0,8,8,32
06/08/2014,OTH,OR,ANM,WE,Federal Contract Tower,0,12,8,0,20,0,1,7,4,12,0,13,15,4,32,0,0,0,32
06/09/2014,OTH,OR,ANM,WE,Federal Contract Tower,0,3,4,0,7,0,10,2,8,20,0,13,6,8,27,0,0,0,27
06/10/2014,OTH,OR,ANM,WE,Federal Contract Tower,0,5,5,1,11,0,13,6,7,26,0,18,11,8,37,2,4,6,43
06/11/2014,OTH,OR,ANM,WE,Federal Contract Tower,0,9,8,0,17,0,15,5,10,30,0,24,13,10,47,0,6,6,53
06/12/2014,OTH,OR,ANM,WE,Federal Contract Tower,0,16,10,1,27,0,11,4,7,22,0,27,14,8,49,0,8,8,57
06/13/2014,OTH,OR,ANM,WE,Federal Contract Tower,0,17,6,1,24,0,8,7,10,25,0,25,13,11,49,0,0,0,49
06/14/2014,OTH,OR,ANM,WE,Federal Contract Tower,0,6,7,0,13,0,5,9,2,16,0,11,16,2,29,0,18,18,47
06/15/2014,OTH,OR,ANM,WE,Federal Contract Tower,0,15,4,0,19,0,1,7,6,14,0,16,11,6,33,2,0,2,35
06/16/2014,OTH,OR,ANM,WE,Federal Contract Tower,0,6,3,0,9,0,9,12,6,27,0,15,15,6,36,2,16,18,54
06/17/2014,OTH,OR,ANM,WE,Federal Contract Tower,0,11,9,0,20,0,8,7,13,28,0,19,16,13,48,4,0,4,52
06/18/2014,OTH,OR,ANM,WE,Federal Contract Tower,0,7,2,0,9,0,15,8,11,34,0,22,10,11,43,2,4,6,49
06/19/2014,OTH,OR,ANM,WE,Federal Contract Tower,0,12,7,1,20,0,22,9,4,35,0,34,16,5,55,8,0,8,63
06/20/2014,OTH,OR,ANM,WE,Federal Contract Tower,0,8,9,1,18,0,15,8,8,31,0,23,17,9,49,0,2,2,51
06/21/2014,OTH,OR,ANM,WE,Federal Contract Tower,0,7,2,0,9,0,17,27,8,52,0,24,29,8,61,0,0,0,61
06/22/2014,OTH,OR,ANM,WE,Federal Contract Tower,0,6,7,0,13,0,6,10,4,20,0,12,17,4,33,0,0,0,33
06/23/2014,OTH,OR,ANM,WE,Federal Contract Tower,0,7,9,0,16,0,11,13,9,33,0,18,22,9,49,2,4,6,55
06/24/2014,OTH,OR,ANM,WE,Federal Contract Tower,0,4,2,0,6,0,12,4,8,24,0,16,6,8,30,0,28,28,58
06/25/2014,OTH,OR,ANM,WE,Federal Contract Tower,0,26,9,0,35,0,0,0,0,0,0,26,9,0,35,0,0,0,35
06/26/2014,OTH,OR,ANM,WE,Federal Contract Tower,0,19,15,0,34,0,2,6,10,18,0,21,21,10,52,0,16,16,68
06/27/2014,OTH,OR,ANM,WE,Federal Contract Tower,0,20,18,2,40,0,0,0,2,2,0,20,18,4,42,0,0,0,42
06/28/2014,OTH,OR,ANM,WE,Federal Contract Tower,0,12,9,0,21,0,1,1,5,7,0,13,10,5,28,0,0,0,28
06/29/2014,OTH,OR,ANM,WE,Federal Contract Tower,0,5,27,0,32,0,2,15,5,22,0,7,42,5,54,0,4,4,58
06/30/2014,OTH,OR,ANM,WE,Federal Contract Tower,0,4,0,1,5,0,10,6,9,25,0,14,6,10,30,0,8,8,38
07/01/2014,OTH,OR,ANM,WE,Federal Contract Tower,0,7,1,0,8,0,10,10,8,28,0,17,11,8,36,0,15,15,51
07/02/2014,OTH,OR,ANM,WE,Federal Contract Tower,0,14,5,2,21,0,5,16,13,34,0,19,21,15,55,0,8,8,63
07/03/2014,OTH,OR,ANM,WE,Federal Contract Tower,0,14,4,0,18,0,12,18,10,40,0,26,22,10,58,0,18,18,76
07/04/2014,OTH,OR,ANM,WE,Federal Contract Tower,0,2,1,0,3,0,5,8,4,17,0,7,9,4,20,2,0,2,22
07/05/2014,OTH,OR,ANM,WE,Federal Contract Tower,0,8,1,0,9,0,7,21,3,31,0,15,22,3,40,0,14,14,54
07/06/2014,OTH,OR,ANM,WE,Federal Contract Tower,0,5,3,0,8,0,8,17,4,29,0,13,20,4,37,0,0,0,37
07/07/2014,OTH,OR,ANM,WE,Federal Contract Tower,0,17,0,0,17,0,2,2,4,8,0,19,2,4,25,4,0,4,29
07/08/2014,OTH,OR,ANM,WE,Federal Contract Tower,0,19,6,1,26,0,0,0,1,1,0,19,6,2,27,0,0,0,27
07/09/2014,OTH,OR,ANM,WE,Federal Contract Tower,0,13,0,0,13,0,18,10,4,32,0,31,10,4,45,0,0,0,45
07/10/2014,OTH,OR,ANM,WE,Federal Contract Tower,0,11,5,0,16,0,12,8,14,34,0,23,13,14,50,8,26,34,84
07/11/2014,OTH,OR,ANM,WE,Federal Contract Tower,0,16,3,1,20,0,1,0,2,3,0,17,3,3,23,0,0,0,23
07/12/2014,OTH,OR,ANM,WE,Federal Contract Tower,0,14,5,0,19,0,0,0,1,1,0,14,5,1,20,0,18,18,38
07/13/2014,OTH,OR,ANM,WE,Federal Contract Tower,0,13,10,0,23,0,0,6,0,6,0,13,16,0,29,4,0,4,33
07/14/2014,OTH,OR,ANM,WE,Federal Contract Tower,0,11,13,0,24,0,5,11,13,29,0,16,24,13,53,4,6,10,63
07/15/2014,OTH,OR,ANM,WE,Federal Contract Tower,0,14,11,0,25,0,5,5,6,16,0,19,16,6,41,0,18,18,59
07/16/2014,OTH,OR,ANM,WE,Federal Contract Tower,0,22,7,1,30,0,0,2,6,8,0,22,9,7,38,0,5,5,43
07/17/2014,OTH,OR,ANM,WE,Federal Contract Tower,0,10,8,1,19,0,11,9,8,28,0,21,17,9,47,0,14,14,61
07/18/2014,OTH,OR,ANM,WE,Federal Contract Tower,0,6,1,1,8,0,15,6,6,27,0,21,7,7,35,0,2,2,37
07/19/2014,OTH,OR,ANM,WE,Federal Contract Tower,0,8,4,0,12,0,6,12,4,22,0,14,16,4,34,4,2,6,40
07/20/2014,OTH,OR,ANM,WE,Federal Contract Tower,0,10,6,0,16,0,3,2,5,10,0,13,8,5,26,0,14,14,40
07/21/2014,OTH,OR,ANM,WE,Federal Contract Tower,0,6,4,0,10,0,7,4,7,18,0,13,8,7,28,2,4,6,34
07/22/2014,OTH,OR,ANM,WE,Federal Contract Tower,0,12,8,0,20,0,6,6,5,17,0,18,14,5,37,0,4,4,41
07/23/2014,OTH,OR,ANM,WE,Federal Contract Tower,0,17,6,0,23,0,4,3,6,13,0,21,9,6,36,0,0,0,36
07/24/2014,OTH,OR,ANM,WE,Federal Contract Tower,0,12,8,0,20,0,11,13,9,33,0,23,21,9,53,2,0,2,55
07/25/2014,OTH,OR,ANM,WE,Federal Contract Tower,0,10,5,0,15,0,11,14,8,33,0,21,19,8,48,0,2,2,50
07/26/2014,OTH,OR,ANM,WE,Federal Contract Tower,0,10,5,2,17,0,5,10,4,19,0,15,15,6,36,0,6,6,42
07/27/2014,OTH,OR,ANM,WE,Federal Contract Tower,0,9,5,0,14,0,8,14,4,26,0,17,19,4,40,0,0,0,40
07/28/2014,OTH,OR,ANM,WE,Federal Contract Tower,0,12,6,2,20,0,5,2,6,13,0,17,8,8,33,0,4,4,37
07/29/2014,OTH,OR,ANM,WE,Federal Contract Tower,0,13,12,0,25,0,1,0,0,1,0,14,12,0,26,0,0,0,26
07/30/2014,OTH,OR,ANM,WE,Federal Contract Tower,0,17,4,1,22,0,4,4,8,16,0,21,8,9,38,0,0,0,38
07/31/2014,OTH,OR,ANM,WE,Federal Contract Tower,0,7,5,0,12,0,17,12,7,36,0,24,17,7,48,0,6,6,54
08/01/2014,OTH,OR,ANM,WE,Federal Contract Tower,0,20,18,4,42,0,4,1,3,8,0,24,19,7,50,0,0,0,50
08/02/2014,OTH,OR,ANM,WE,Federal Contract Tower,0,11,4,1,16,0,2,3,3,8,0,13,7,4,24,0,0,0,24
08/03/2014,OTH,OR,ANM,WE,Federal Contract Tower,0,8,11,2,21,0,2,11,2,15,0,10,22,4,36,0,2,2,38
08/04/2014,OTH,OR,ANM,WE,Federal Contract Tower,0,16,9,2,27,0,0,0,0,0,0,16,9,2,27,0,0,0,27
08/05/2014,OTH,OR,ANM,WE,Federal Contract Tower,0,13,12,0,25,0,8,16,14,38,0,21,28,14,63,4,26,30,93
08/06/2014,OTH,OR,ANM,WE,Federal Contract Tower,0,17,16,0,33,0,4,5,5,14,0,21,21,5,47,10,4,14,61
08/07/2014,OTH,OR,ANM,WE,Federal Contract Tower,0,10,14,0,24,0,17,10,7,34,0,27,24,7,58,0,20,20,78
08/08/2014,OTH,OR,ANM,WE,Federal Contract Tower,0,8,9,4,21,0,12,21,0,33,0,20,30,4,54,0,0,0,54
08/09/2014,OTH,OR,ANM,WE,Federal Contract Tower,0,7,2,0,9,0,12,16,4,32,0,19,18,4,41,0,16,16,57
08/10/2014,OTH,OR,ANM,WE,Federal Contract Tower,0,7,10,0,17,0,3,26,4,33,0,10,36,4,50,4,4,8,58
08/11/2014,OTH,OR,ANM,WE,Federal Contract Tower,0,19,19,1,39,0,4,10,1,15,0,23,29,2,54,0,2,2,56
08/12/2014,OTH,OR,ANM,WE,Federal Contract Tower,0,21,8,0,29,0,1,3,8,12,0,22,11,8,41,4,2,6,47
08/13/2014,OTH,OR,ANM,WE,Federal Contract Tower,0,14,6,0,20,0,7,13,6,26,0,21,19,6,46,2,6,8,54
08/14/2014,OTH,OR,ANM,WE,Federal Contract Tower,0,25,9,0,34,0,2,0,3,5,0,27,9,3,39,0,4,4,43
08/15/2014,OTH,OR,ANM,WE,Federal Contract Tower,0,16,8,1,25,0,4,5,8,17,0,20,13,9,42,0,24,24,66
08/16/2014,OTH,OR,ANM,WE,Federal Contract Tower,0,9,5,0,14,0,4,15,7,26,0,13,20,7,40,2,4,6,46
08/17/2014,OTH,OR,ANM,WE,Federal Contract Tower,0,5,8,0,13,0,4,9,2,15,0,9,17,2,28,0,6,6,34
08/18/2014,OTH,OR,ANM,WE,Federal Contract Tower,0,14,11,1,26,0,5,10,3,18,0,19,21,4,44,0,0,0,44
08/19/2014,OTH,OR,ANM,WE,Federal Contract Tower,0,20,5,0,25,0,5,0,5,10,0,25,5,5,35,0,24,24,59
08/20/2014,OTH,OR,ANM,WE,Federal Contract Tower,0,9,10,0,19,0,11,23,12,46,0,20,33,12,65,2,38,40,105
08/21/2014,OTH,OR,ANM,WE,Federal Contract Tower,0,13,15,3,31,0,14,30,10,54,0,27,45,13,85,16,20,36,121
08/22/2014,OTH,OR,ANM,WE,Federal Contract Tower,0,14,5,1,20,0,10,2,6,18,0,24,7,7,38,0,18,18,56
08/23/2014,OTH,OR,ANM,WE,Federal Contract Tower,0,8,4,0,12,0,3,8,6,17,0,11,12,6,29,10,12,22,51
08/24/2014,OTH,OR,ANM,WE,Federal Contract Tower,0,17,15,0,32,0,2,12,6,20,0,19,27,6,52,0,12,12,64
08/25/2014,OTH,OR,ANM,WE,Federal Contract Tower,0,8,4,1,13,0,8,24,7,39,0,16,28,8,52,0,2,2,54
08/26/2014,OTH,OR,ANM,WE,Federal Contract Tower,0,16,9,0,25,0,3,5,8,16,0,19,14,8,41,0,20,20,61
08/27/2014,OTH,OR,ANM,WE,Federal Contract Tower,0,15,13,11,39,0,7,10,7,24,0,22,23,18,63,0,4,4,67
08/28/2014,OTH,OR,ANM,WE,Federal Contract Tower,0,23,11,1,35,0,13,9,6,28,0,36,20,7,63,0,18,18,81
08/29/2014,OTH,OR,ANM,WE,Federal Contract Tower,0,13,8,0,21,0,11,10,4,25,0,24,18,4,46,0,4,4,50
08/30/2014,OTH,OR,ANM,WE,Federal Contract Tower,0,12,5,0,17,0,0,2,3,5,0,12,7,3,22,2,0,2,24
08/31/2014,OTH,OR,ANM,WE,Federal Contract Tower,0,5,5,0,10,0,3,6,4,13,0,8,11,4,23,0,4,4,27
09/01/2014,OTH,OR,ANM,WE,Federal Contract Tower,0,6,9,0,15,0,8,6,2,16,0,14,15,2,31,0,8,8,39
09/02/2014,OTH,OR,ANM,WE,Federal Contract Tower,0,6,4,0,10,0,9,9,11,29,0,15,13,11,39,0,24,24,63
09/03/2014,OTH,OR,ANM,WE,Federal Contract Tower,0,9,5,0,14,0,17,5,14,36,0,26,10,14,50,0,6,6,56
09/04/2014,OTH,OR,ANM,WE,Federal Contract Tower,0,6,3,0,9,0,14,8,6,28,0,20,11,6,37,0,16,16,53
09/05/2014,OTH,OR,ANM,WE,Federal Contract Tower,0,13,4,0,17,0,18,10,5,33,0,31,14,5,50,0,26,26,76
09/06/2014,OTH,OR,ANM,WE,Federal Contract Tower,0,14,14,0,28,0,0,12,2,14,0,14,26,2,42,2,0,2,44
09/07/2014,OTH,OR,ANM,WE,Federal Contract Tower,0,12,10,2,24,0,0,5,2,7,0,12,15,4,31,0,0,0,31
09/08/2014,OTH,OR,ANM,WE,Federal Contract Tower,0,17,4,0,21,0,4,1,7,12,0,21,5,7,33,0,6,6,39
09/09/2014,OTH,OR,ANM,WE,Federal Contract Tower,0,11,4,0,15,0,10,9,11,30,0,21,13,11,45,0,6,6,51
09/10/2014,OTH,OR,ANM,WE,Federal Contract Tower,0,5,7,0,12,0,14,17,9,40,0,19,24,9,52,4,4,8,60
09/11/2014,OTH,OR,ANM,WE,Federal Contract Tower,0,7,4,0,11,0,15,11,9,35,0,22,15,9,46,0,8,8,54
09/12/2014,OTH,OR,ANM,WE,Federal Contract Tower,0,6,4,0,10,0,15,17,6,38,0,21,21,6,48,0,22,22,70
09/13/2014,OTH,OR,ANM,WE,Federal Contract Tower,0,4,4,1,9,0,8,18,11,37,0,12,22,12,46,0,0,0,46
09/14/2014,OTH,OR,ANM,WE,Federal Contract Tower,0,4,4,0,8,0,6,22,6,34,0,10,26,6,42,4,3,7,49
09/15/2014,OTH,OR,ANM,WE,Federal Contract Tower,0,12,4,0,16,0,1,2,1,4,0,13,6,1,20,0,22,22,42
09/16/2014,OTH,OR,ANM,WE,Federal Contract Tower,0,5,4,0,9,0,9,15,9,33,0,14,19,9,42,0,26,26,68
09/17/2014,OTH,OR,ANM,WE,Federal Contract Tower,0,7,8,0,15,0,12,10,8,30,0,19,18,8,45,0,56,56,101
09/18/2014,OTH,OR,ANM,WE,Federal Contract Tower,0,12,3,0,15,0,10,11,10,31,0,22,14,10,46,0,8,8,54
09/19/2014,OTH,OR,ANM,WE,Federal Contract Tower,0,9,4,0,13,0,17,10,5,32,0,26,14,5,45,2,2,4,49
09/20/2014,OTH,OR,ANM,WE,Federal Contract Tower,0,8,3,0,11,0,7,13,8,28,0,15,16,8,39,0,22,22,61
09/21/2014,OTH,OR,ANM,WE,Federal Contract Tower,0,13,20,0,33,0,0,4,5,9,0,13,24,5,42,0,0,0,42
09/22/2014,OTH,OR,ANM,WE,Federal Contract Tower,0,19,9,1,29,0,4,6,11,21,0,23,15,12,50,0,0,0,50
09/23/2014,OTH,OR,ANM,WE,Federal Contract Tower,0,16,11,0,27,0,1,2,5,8,0,17,13,5,35,0,36,36,71
09/24/2014,OTH,OR,ANM,WE,Federal Contract Tower,0,15,8,2,25,0,5,3,7,15,0,20,11,9,40,0,0,0,40
09/25/2014,OTH,OR,ANM,WE,Federal Contract Tower,0,10,11,0,21,0,12,7,18,37,0,22,18,18,58,0,40,40,98
09/26/2014,OTH,OR,ANM,WE,Federal Contract Tower,0,12,7,2,21,0,8,4,9,21,0,20,11,11,42,0,28,28,70
09/27/2014,OTH,OR,ANM,WE,Federal Contract Tower,0,8,2,0,10,0,3,5,5,13,0,11,7,5,23,0,0,0,23
09/28/2014,OTH,OR,ANM,WE,Federal Contract Tower,0,12,2,0,14,0,4,10,4,18,0,16,12,4,32,0,0,0,32
09/29/2014,OTH,OR,ANM,WE,Federal Contract Tower,0,18,5,0,23,0,1,2,7,10,0,19,7,7,33,0,22,22,55
09/30/2014,OTH,OR,ANM,WE,Federal Contract Tower,0,12,5,0,17,0,5,10,12,27,0,17,15,12,44,0,22,22,66
10/01/2014,OTH,OR,ANM,WE,Federal Contract Tower,0,6,6,0,12,0,10,16,9,35,0,16,22,9,47,0,10,10,57
10/02/2014,OTH,OR,ANM,WE,Federal Contract Tower,0,7,4,0,11,0,12,9,10,31,0,19,13,10,42,0,20,20,62
10/03/2014,OTH,OR,ANM,WE,Federal Contract Tower,0,8,5,2,15,0,18,12,9,39,0,26,17,11,54,0,8,8,62
10/04/2014,OTH,OR,ANM,WE,Federal Contract Tower,0,7,4,0,11,0,5,11,7,23,0,12,15,7,34,0,10,10,44
10/05/2014,OTH,OR,ANM,WE,Federal Contract Tower,0,14,5,0,19,0,3,15,4,22,0,17,20,4,41,6,12,18,59
10/06/2014,OTH,OR,ANM,WE,Federal Contract Tower,0,4,4,0,8,0,10,10,35,55,0,14,14,35,63,0,58,58,121
10/07/2014,OTH,OR,ANM,WE,Federal Contract Tower,0,17,15,0,32,0,0,0,0,0,0,17,15,0,32,0,0,0,32
10/08/2014,OTH,OR,ANM,WE,Federal Contract Tower,0,21,17,10,48,0,0,0,0,0,0,21,17,10,48,0,0,0,48
10/09/2014,OTH,OR,ANM,WE,Federal Contract Tower,0,22,21,0,43,0,0,0,0,0,0,22,21,0,43,0,0,0,43
10/10/2014,OTH,OR,ANM,WE,Federal Contract Tower,0,11,15,0,26,0,6,4,2,12,0,17,19,2,38,0,8,8,46
10/11/2014,OTH,OR,ANM,WE,Federal Contract Tower,0,12,6,1,19,0,1,8,0,9,0,13,14,1,28,0,0,0,28
10/12/2014,OTH,OR,ANM,WE,Federal Contract Tower,0,6,10,0,16,0,4,23,5,32,0,10,33,5,48,0,14,14,62
10/13/2014,OTH,OR,ANM,WE,Federal Contract Tower,0,7,10,0,17,0,8,8,2,18,0,15,18,2,35,0,0,0,35
10/14/2014,OTH,OR,ANM,WE,Federal Contract Tower,0,17,5,0,22,0,3,0,6,9,0,20,5,6,31,0,30,30,61
10/15/2014,OTH,OR,ANM,WE,Federal Contract Tower,0,18,5,0,23,0,4,0,11,15,0,22,5,11,38,0,20,20,58
10/16/2014,OTH,OR,ANM,WE,Federal Contract Tower,0,6,14,0,20,0,18,27,12,57,0,24,41,12,77,2,24,26,103
10/17/2014,OTH,OR,ANM,WE,Federal Contract Tower,0,16,8,0,24,0,7,3,8,18,0,23,11,8,42,2,79,81,123
10/18/2014,OTH,OR,ANM,WE,Federal Contract Tower,0,9,3,1,13,0,0,5,8,13,0,9,8,9,26,2,16,18,44
10/19/2014,OTH,OR,ANM,WE,Federal Contract Tower,0,9,14,1,24,0,1,8,3,12,0,10,22,4,36,0,6,6,42
10/20/2014,OTH,OR,ANM,WE,Federal Contract Tower,0,9,6,0,15,0,6,0,1,7,0,15,6,1,22,0,0,0,22
10/21/2014,OTH,OR,ANM,WE,Federal Contract Tower,0,11,8,0,19,0,4,3,12,19,0,15,11,12,38,0,6,6,44
10/22/2014,OTH,OR,ANM,WE,Federal Contract Tower,0,16,9,0,25,0,1,0,4,5,0,17,9,4,30,0,38,38,68
10/23/2014,OTH,OR,ANM,WE,Federal Contract Tower,0,12,10,0,22,0,4,2,8,14,0,16,12,8,36,0,11,11,47
10/24/2014,OTH,OR,ANM,WE,Federal Contract Tower,0,8,7,0,15,0,8,1,4,13,0,16,8,4,28,0,22,22,50
10/25/2014,OTH,OR,ANM,WE,Federal Contract Tower,0,9,6,0,15,0,3,0,2,5,0,12,6,2,20,0,0,0,20
10/26/2014,OTH,OR,ANM,WE,Federal Contract Tower,0,4,8,0,12,0,2,2,4,8,0,6,10,4,20,4,12,16,36
10/27/2014,OTH,OR,ANM,WE,Federal Contract Tower,0,5,2,0,7,0,9,7,12,28,0,14,9,12,35,0,24,24,59
10/28/2014,OTH,OR,ANM,WE,Federal Contract Tower,0,11,7,0,18,0,2,1,6,9,0,13,8,6,27,0,30,30,57
10/29/2014,OTH,OR,ANM,WE,Federal Contract Tower,0,15,3,1,19,0,3,2,8,13,0,18,5,9,32,0,37,37,69
10/30/2014,OTH,OR,ANM,WE,Federal Contract Tower,0,15,7,1,23,0,3,2,4,9,0,18,9,5,32,0,0,0,32
10/31/2014,OTH,OR,ANM,WE,Federal Contract Tower,0,7,5,0,12,0,9,0,2,11,0,16,5,2,23,0,0,0,23
11/01/2014,OTH,OR,ANM,WE,Federal Contract Tower,0,11,6,0,17,0,0,2,0,2,0,11,8,0,19,0,0,0,19
11/02/2014,OTH,OR,ANM,WE,Federal Contract Tower,0,5,5,0,10,0,5,12,6,23,0,10,17,6,33,0,0,0,33
11/03/2014,OTH,OR,ANM,WE,Federal Contract Tower,0,8,3,0,11,0,2,10,10,22,0,10,13,10,33,0,36,36,69
11/04/2014,OTH,OR,ANM,WE,Federal Contract Tower,0,14,2,0,16,0,5,0,8,13,0,19,2,8,29,0,34,34,63
11/05/2014,OTH,OR,ANM,WE,Federal Contract Tower,0,10,8,0,18,0,6,5,3,14,0,16,13,3,32,0,0,0,32
11/06/2014,OTH,OR,ANM,WE,Federal Contract Tower,0,26,1,0,27,0,3,1,6,10,0,29,2,6,37,0,0,0,37
11/07/2014,OTH,OR,ANM,WE,Federal Contract Tower,0,8,5,0,13,0,17,12,10,39,0,25,17,10,52,10,8,18,70
11/08/2014,OTH,OR,ANM,WE,Federal Contract Tower,0,4,0,0,4,0,4,21,6,31,0,8,21,6,35,8,14,22,57
11/09/2014,OTH,OR,ANM,WE,Federal Contract Tower,0,11,3,2,16,0,4,2,2,8,0,15,5,4,24,0,0,0,24
11/10/2014,OTH,OR,ANM,WE,Federal Contract Tower,0,7,1,0,8,0,4,13,6,23,0,11,14,6,31,2,16,18,49
11/11/2014,OTH,OR,ANM,WE,Federal Contract Tower,0,4,6,0,10,0,15,22,8,45,0,19,28,8,55,12,6,18,73
11/12/2014,OTH,OR,ANM,WE,Federal Contract Tower,0,6,4,0,10,0,13,14,9,36,0,19,18,9,46,0,12,12,58
11/13/2014,OTH,OR,ANM,WE,Federal Contract Tower,0,14,0,0,14,0,0,0,14,14,0,14,0,14,28,0,84,84,112
11/14/2014,OTH,OR,ANM,WE,Federal Contract Tower,0,15,8,2,25,0,1,0,0,1,0,16,8,2,26,0,0,0,26
11/15/2014,OTH,OR,ANM,WE,Federal Contract Tower,0,4,0,0,4,0,4,7,7,18,0,8,7,7,22,0,10,10,32
11/16/2014,OTH,OR,ANM,WE,Federal Contract Tower,0,6,3,0,9,0,6,13,4,23,0,12,16,4,32,0,0,0,32
11/17/2014,OTH,OR,ANM,WE,Federal Contract Tower,0,4,2,0,6,0,10,14,14,38,0,14,16,14,44,0,0,0,44
11/18/2014,OTH,OR,ANM,WE,Federal Contract Tower,0,3,3,1,7,0,14,11,18,43,0,17,14,19,50,2,12,14,64
11/19/2014,OTH,OR,ANM,WE,Federal Contract Tower,0,9,5,0,14,0,9,8,12,29,0,18,13,12,43,0,4,4,47
11/20/2014,OTH,OR,ANM,WE,Federal Contract Tower,0,21,11,0,32,0,7,2,8,17,0,28,13,8,49,4,14,18,67
11/21/2014,OTH,OR,ANM,WE,Federal Contract Tower,0,16,2,0,18,0,1,1,2,4,0,17,3,2,22,0,0,0,22
11/22/2014,OTH,OR,ANM,WE,Federal Contract Tower,0,5,0,0,5,0,5,0,3,8,0,10,0,3,13,0,0,0,13
11/23/2014,OTH,OR,ANM,WE,Federal Contract Tower,0,4,1,0,5,0,1,3,4,8,0,5,4,4,13,0,0,0,13
11/24/2014,OTH,OR,ANM,WE,Federal Contract Tower,0,9,2,0,11,0,3,21,0,24,0,12,23,0,35,0,24,24,59
11/25/2014,OTH,OR,ANM,WE,Federal Contract Tower,0,13,10,0,23,0,4,6,8,18,0,17,16,8,41,0,0,0,41
11/26/2014,OTH,OR,ANM,WE,Federal Contract Tower,0,3,2,0,5,0,8,7,8,23,0,11,9,8,28,2,6,8,36
11/27/2014,OTH,OR,ANM,WE,Federal Contract Tower,0,6,1,0,7,0,0,0,2,2,0,6,1,2,9,0,0,0,9
11/28/2014,OTH,OR,ANM,WE,Federal Contract Tower,0,18,0,0,18,0,0,0,2,2,0,18,0,2,20,0,0,0,20
11/29/2014,OTH,OR,ANM,WE,Federal Contract Tower,0,7,1,0,8,0,3,3,3,9,0,10,4,3,17,2,0,2,19
11/30/2014,OTH,OR,ANM,WE,Federal Contract Tower,0,6,5,0,11,0,4,5,4,13,0,10,10,4,24,0,4,4,28
12/01/2014,OTH,OR,ANM,WE,Federal Contract Tower,0,9,1,1,11,0,1,0,3,4,0,10,1,4,15,0,0,0,15
12/02/2014,OTH,OR,ANM,WE,Federal Contract Tower,0,4,2,0,6,0,10,8,13,31,0,14,10,13,37,2,8,10,47
12/03/2014,OTH,OR,ANM,WE,Federal Contract Tower,0,7,5,4,16,0,6,6,15,27,0,13,11,19,43,4,4,8,51
12/04/2014,OTH,OR,ANM,WE,Federal Contract Tower,0,16,5,1,22,0,2,0,1,3,0,18,5,2,25,0,0,0,25
12/05/2014,OTH,OR,ANM,WE,Federal Contract Tower,0,10,6,0,16,0,10,5,6,21,0,20,11,6,37,0,0,0,37
12/06/2014,OTH,OR,ANM,WE,Federal Contract Tower,0,6,4,0,10,0,4,6,9,19,0,10,10,9,29,2,0,2,31
12/07/2014,OTH,OR,ANM,WE,Federal Contract Tower,0,4,0,0,4,0,6,12,7,25,0,10,12,7,29,8,4,12,41
12/08/2014,OTH,OR,ANM,WE,Federal Contract Tower,0,6,2,0,8,0,6,0,13,19,0,12,2,13,27,0,2,2,29
12/09/2014,OTH,OR,ANM,WE,Federal Contract Tower,0,9,2,0,11,0,4,1,14,19,0,13,3,14,30,0,44,44,74
12/10/2014,OTH,OR,ANM,WE,Federal Contract Tower,0,9,3,0,12,0,3,0,0,3,0,12,3,0,15,0,0,0,15
12/11/2014,OTH,OR,ANM,WE,Federal Contract Tower,0,10,2,0,12,0,2,0,2,4,0,12,2,2,16,0,22,22,38
12/12/2014,OTH,OR,ANM,WE,Federal Contract Tower,0,12,0,0,12,0,9,4,3,16,0,21,4,3,28,2,0,2,30
12/13/2014,OTH,OR,ANM,WE,Federal Contract Tower,0,4,3,0,7,0,4,13,3,20,0,8,16,3,27,4,4,8,35
12/14/2014,OTH,OR,ANM,WE,Federal Contract Tower,0,6,2,0,8,0,2,4,5,11,0,8,6,5,19,0,6,6,25
12/15/2014,OTH,OR,ANM,WE,Federal Contract Tower,0,4,4,0,8,0,4,1,14,19,0,8,5,14,27,0,22,22,49
12/16/2014,OTH,OR,ANM,WE,Federal Contract Tower,0,8,2,0,10,0,9,1,14,24,0,17,3,14,34,0,2,2,36
12/17/2014,OTH,OR,ANM,WE,Federal Contract Tower,0,9,8,0,17,0,2,2,11,15,0,11,10,11,32,10,35,45,77
12/18/2014,OTH,OR,ANM,WE,Federal Contract Tower,0,7,10,5,22,0,5,7,23,35,0,12,17,28,57,2,0,2,59
12/19/2014,OTH,OR,ANM,WE,Federal Contract Tower,0,13,3,0,16,0,4,7,8,19,0,17,10,8,35,0,0,0,35
12/20/2014,OTH,OR,ANM,WE,Federal Contract Tower,0,7,0,0,7,0,0,0,2,2,0,7,0,2,9,0,0,0,9
12/21/2014,OTH,OR,ANM,WE,Federal Contract Tower,0,8,2,0,10,0,0,0,0,0,0,8,2,0,10,0,0,0,10
12/22/2014,OTH,OR,ANM,WE,Federal Contract Tower,0,10,3,4,17,0,0,0,0,0,0,10,3,4,17,0,0,0,17
12/23/2014,OTH,OR,ANM,WE,Federal Contract Tower,0,15,1,1,17,0,1,0,3,4,0,16,1,4,21,0,0,0,21
12/24/2014,OTH,OR,ANM,WE,Federal Contract Tower,0,17,3,0,20,0,2,0,6,8,0,19,3,6,28,0,4,4,32
12/25/2014,OTH,OR,ANM,WE,Federal Contract Tower,0,2,0,0,2,0,1,0,4,5,0,3,0,4,7,0,0,0,7
12/26/2014,OTH,OR,ANM,WE,Federal Contract Tower,0,7,2,0,9,0,8,12,1,21,0,15,14,1,30,0,2,2,32
12/27/2014,OTH,OR,ANM,WE,Federal Contract Tower,0,6,4,0,10,0,5,0,4,9,0,11,4,4,19,0,0,0,19
12/28/2014,OTH,OR,ANM,WE,Federal Contract Tower,0,5,4,0,9,0,6,3,7,16,0,11,7,7,25,0,16,16,41
12/29/2014,OTH,OR,ANM,WE,Federal Contract Tower,0,10,1,0,11,0,3,8,8,19,0,13,9,8,30,0,0,0,30
12/30/2014,OTH,OR,ANM,WE,Federal Contract Tower,0,1,0,0,1,0,13,7,4,24,0,14,7,4,25,2,0,2,27
12/31/2014,OTH,OR,ANM,WE,Federal Contract Tower,0,3,1,0,4,0,11,7,3,21,0,14,8,3,25,0,0,0,25
01/01/2015,OTH,OR,ANM,WE,Federal Contract Tower,0,0,0,1,1,0,0,13,4,17,0,0,13,5,18,16,4,20,38
01/02/2015,OTH,OR,ANM,WE,Federal Contract Tower,0,6,0,0,6,0,8,12,8,28,0,14,12,8,34,10,24,34,68
01/03/2015,OTH,OR,ANM,WE,Federal Contract Tower,0,3,4,0,7,0,4,6,6,16,0,7,10,6,23,0,12,12,35
01/04/2015,OTH,OR,ANM,WE,Federal Contract Tower,0,7,0,2,9,0,0,5,2,7,0,7,5,4,16,0,0,0,16
01/05/2015,OTH,OR,ANM,WE,Federal Contract Tower,0,2,0,0,2,0,4,2,2,8,0,6,2,2,10,0,2,2,12
01/06/2015,OTH,OR,ANM,WE,Federal Contract Tower,0,1,0,0,1,0,12,12,5,29,0,13,12,5,30,0,8,8,38
01/07/2015,OTH,OR,ANM,WE,Federal Contract Tower,0,3,5,0,8,0,6,13,5,24,0,9,18,5,32,2,6,8,40
01/08/2015,OTH,OR,ANM,WE,Federal Contract Tower,0,4,0,1,5,0,8,2,1,11,0,12,2,2,16,10,2,12,28
01/09/2015,OTH,OR,ANM,WE,Federal Contract Tower,0,15,2,1,18,0,7,11,1,19,0,22,13,2,37,0,0,0,37
01/10/2015,OTH,OR,ANM,WE,Federal Contract Tower,0,8,6,0,14,0,0,2,0,2,0,8,8,0,16,0,0,0,16
01/11/2015,OTH,OR,ANM,WE,Federal Contract Tower,0,6,1,0,7,0,4,0,4,8,0,10,1,4,15,0,2,2,17
01/12/2015,OTH,OR,ANM,WE,Federal Contract Tower,0,10,2,10,22,0,0,0,1,1,0,10,2,11,23,0,16,16,39
01/13/2015,OTH,OR,ANM,WE,Federal Contract Tower,0,3,2,2,7,0,9,8,14,31,0,12,10,16,38,2,8,10,48
01/14/2015,OTH,OR,ANM,WE,Federal Contract Tower,0,5,4,0,9,0,7,15,9,31,0,12,19,9,40,0,22,22,62
01/15/2015,OTH,OR,ANM,WE,Federal Contract Tower,0,13,2,0,15,0,4,0,11,15,0,17,2,11,30,0,60,60,90
01/16/2015,OTH,OR,ANM,WE,Federal Contract Tower,0,12,3,0,15,0,4,2,4,10,0,16,5,4,25,0,0,0,25
01/17/2015,OTH,OR,ANM,WE,Federal Contract Tower,0,9,2,2,13,0,0,0,3,3,0,9,2,5,16,0,4,4,20
01/18/2015,OTH,OR,ANM,WE,Federal Contract Tower,0,5,2,0,7,0,5,0,8,13,0,10,2,8,20,0,0,0,20
01/19/2015,OTH,OR,ANM,WE,Federal Contract Tower,0,4,3,0,7,0,7,9,2,18,0,11,12,2,25,6,6,12,37
01/20/2015,OTH,OR,ANM,WE,Federal Contract Tower,0,2,1,0,3,0,13,11,13,37,0,15,12,13,40,4,24,28,68
01/21/2015,OTH,OR,ANM,WE,Federal Contract Tower,0,3,0,0,3,0,12,4,16,32,0,15,4,16,35,0,12,12,47
01/22/2015,OTH,OR,ANM,WE,Federal Contract Tower,0,4,2,0,6,0,14,0,6,20,0,18,2,6,26,0,4,4,30
01/23/2015,OTH,OR,ANM,WE,Federal Contract Tower,0,8,3,1,12,0,10,5,19,34,0,18,8,20,46,12,28,40,86
01/24/2015,OTH,OR,ANM,WE,Federal Contract Tower,0,2,6,0,8,0,7,13,7,27,0,9,19,7,35,2,0,2,37
01/25/2015,OTH,OR,ANM,WE,Federal Contract Tower,0,5,0,0,5,0,4,16,11,31,0,9,16,11,36,4,10,14,50
01/26/2015,OTH,OR,ANM,WE,Federal Contract Tower,0,4,3,21,28,0,4,12,8,24,0,8,15,29,52,0,12,12,64
01/27/2015,OTH,OR,ANM,WE,Federal Contract Tower,0,13,5,0,18,0,5,0,13,18,0,18,5,13,36,0,8,8,44
01/28/2015,OTH,OR,ANM,WE,Federal Contract Tower,0,4,5,2,11,0,11,17,10,38,0,15,22,12,49,0,14,14,63
01/29/2015,OTH,OR,ANM,WE,Federal Contract Tower,0,9,5,0,14,0,13,18,13,44,0,22,23,13,58,4,40,44,102
01/30/2015,OTH,OR,ANM,WE,Federal Contract Tower,0,7,6,0,13,0,11,11,6,28,0,18,17,6,41,2,0,2,43
01/31/2015,OTH,OR,ANM,WE,Federal Contract Tower,0,3,6,0,9,0,3,22,6,31,0,6,28,6,40,14,0,14,54
02/01/2015,OTH,OR,ANM,WE,Federal Contract Tower,0,7,3,0,10,0,0,1,3,4,0,7,4,3,14,0,8,8,22
02/02/2015,OTH,OR,ANM,WE,Federal Contract Tower,0,11,0,0,11,0,3,1,8,12,0,14,1,8,23,0,2,2,25
02/03/2015,OTH,OR,ANM,WE,Federal Contract Tower,0,14,7,2,23,0,0,0,4,4,0,14,7,6,27,0,0,0,27
02/04/2015,OTH,OR,ANM,WE,Federal Contract Tower,0,12,2,0,14,0,1,0,3,4,0,13,2,3,18,0,0,0,18
02/05/2015,OTH,OR,ANM,WE,Federal Contract Tower,0,16,1,0,17,0,2,0,4,6,0,18,1,4,23,0,26,26,49
02/06/2015,OTH,OR,ANM,WE,Federal Contract Tower,0,7,0,7,14,0,3,0,2,5,0,10,0,9,19,0,0,0,19
02/07/2015,OTH,OR,ANM,WE,Federal Contract Tower,0,8,1,0,9,0,0,0,0,0,0,8,1,0,9,0,0,0,9
02/08/2015,OTH,OR,ANM,WE,Federal Contract Tower,0,2,1,0,3,0,4,5,5,14,0,6,6,5,17,10,0,10,27
02/09/2015,OTH,OR,ANM,WE,Federal Contract Tower,0,8,0,0,8,0,1,0,0,1,0,9,0,0,9,0,0,0,9
02/10/2015,OTH,OR,ANM,WE,Federal Contract Tower,0,2,1,0,3,0,8,9,7,24,0,10,10,7,27,2,16,18,45
02/11/2015,OTH,OR,ANM,WE,Federal Contract Tower,0,2,5,2,9,0,14,13,17,44,0,16,18,19,53,6,18,24,77
02/12/2015,OTH,OR,ANM,WE,Federal Contract Tower,0,9,2,1,12,0,21,17,11,49,0,30,19,12,61,10,10,20,81
02/13/2015,OTH,OR,ANM,WE,Federal Contract Tower,0,13,2,0,15,0,14,7,4,25,0,27,9,4,40,8,4,12,52
02/14/2015,OTH,OR,ANM,WE,Federal Contract Tower,0,5,3,0,8,0,10,27,6,43,0,15,30,6,51,2,6,8,59
02/15/2015,OTH,OR,ANM,WE,Federal Contract Tower,0,2,1,0,3,0,11,14,4,29,0,13,15,4,32,8,4,12,44
02/16/2015,OTH,OR,ANM,WE,Federal Contract Tower,0,2,0,0,2,0,18,10,7,35,0,20,10,7,37,18,0,18,55
02/17/2015,OTH,OR,ANM,WE,Federal Contract Tower,0,9,2,0,11,0,0,2,2,4,0,9,4,2,15,0,0,0,15
02/18/2015,OTH,OR,ANM,WE,Federal Contract Tower,0,8,2,0,10,0,8,1,10,19,0,16,3,10,29,0,24,24,53
02/19/2015,OTH,OR,ANM,WE,Federal Contract Tower,0,9,4,0,13,0,7,5,25,37,0,16,9,25,50,12,18,30,80
02/20/2015,OTH,OR,ANM,WE,Federal Contract Tower,0,5,3,1,9,0,20,10,12,42,0,25,13,13,51,10,36,46,97
02/21/2015,OTH,OR,ANM,WE,Federal Contract Tower,0,1,2,0,3,0,10,12,5,27,0,11,14,5,30,4,0,4,34
02/22/2015,OTH,OR,ANM,WE,Federal Contract Tower,0,4,0,0,4,0,14,13,4,31,0,18,13,4,35,2,4,6,41
02/23/2015,OTH,OR,ANM,WE,Federal Contract Tower,0,5,1,0,6,0,11,10,24,45,0,16,11,24,51,6,6,12,63
02/24/2015,OTH,OR,ANM,WE,Federal Contract Tower,0,2,0,0,2,0,11,17,17,45,0,13,17,17,47,12,14,26,73
02/25/2015,OTH,OR,ANM,WE,Federal Contract Tower,0,5,3,1,9,0,16,1,5,22,0,21,4,6,31,0,32,32,63
02/26/2015,OTH,OR,ANM,WE,Federal Contract Tower,0,16,3,4,23,0,0,0,2,2,0,16,3,6,25,0,0,0,25
02/27/2015,OTH,OR,ANM,WE,Federal Contract Tower,0,14,6,2,22,0,4,0,8,12,0,18,6,10,34,0,30,30,64
02/28/2015,OTH,OR,ANM,WE,Federal Contract Tower,0,0,2,0,2,0,8,11,6,25,0,8,13,6,27,4,2,6,33
03/01/2015,OTH,OR,ANM,WE,Federal Contract Tower,0,5,0,1,6,0,5,5,6,16,0,10,5,7,22,4,26,30,52
03/02/2015,OTH,OR,ANM,WE,Federal Contract Tower,0,7,2,0,9,0,8,7,29,44,0,15,9,29,53,14,16,30,83
03/03/2015,OTH,OR,ANM,WE,Federal Contract Tower,0,4,2,0,6,0,16,12,15,43,0,20,14,15,49,18,32,50,99
03/04/2015,OTH,OR,ANM,WE,Federal Contract Tower,0,5,2,0,7,0,16,8,16,40,0,21,10,16,47,0,14,14,61
03/05/2015,OTH,OR,ANM,WE,Federal Contract Tower,0,5,0,0,5,0,18,11,7,36,0,23,11,7,41,0,4,4,45
03/06/2015,OTH,OR,ANM,WE,Federal Contract Tower,0,5,3,0,8,0,13,10,6,29,0,18,13,6,37,8,26,34,71
03/07/2015,OTH,OR,ANM,WE,Federal Contract Tower,0,2,2,0,4,0,12,17,6,35,0,14,19,6,39,8,24,32,71
03/08/2015,OTH,OR,ANM,WE,Federal Contract Tower,0,7,13,1,21,0,5,22,9,36,0,12,35,10,57,6,8,14,71
03/09/2015,OTH,OR,ANM,WE,Federal Contract Tower,0,11,1,2,14,0,8,9,17,34,0,19,10,19,48,0,42,42,90
03/10/2015,OTH,OR,ANM,WE,Federal Contract Tower,0,10,5,2,17,0,6,0,13,19,0,16,5,15,36,0,14,14,50
03/11/2015,OTH,OR,ANM,WE,Federal Contract Tower,0,8,4,2,14,0,5,1,12,18,0,13,5,14,32,0,4,4,36
03/12/2015,OTH,OR,ANM,WE,Federal Contract Tower,0,6,2,0,8,0,8,2,11,21,0,14,4,11,29,0,0,0,29
03/13/2015,OTH,OR,ANM,WE,Federal Contract Tower,0,10,1,0,11,0,23,6,6,35,0,33,7,6,46,0,0,0,46
03/14/2015,OTH,OR,ANM,WE,Federal Contract Tower,0,8,5,0,13,0,0,0,0,0,0,8,5,0,13,0,0,0,13
03/15/2015,OTH,OR,ANM,WE,Federal Contract Tower,0,7,1,0,8,0,0,0,2,2,0,7,1,2,10,0,2,2,12
03/16/2015,OTH,OR,ANM,WE,Federal Contract Tower,0,2,2,0,4,0,7,7,29,43,0,9,9,29,47,0,20,20,67
03/17/2015,OTH,OR,ANM,WE,Federal Contract Tower,0,6,4,0,10,0,10,9,9,28,0,16,13,9,38,10,34,44,82
03/18/2015,OTH,OR,ANM,WE,Federal Contract Tower,0,7,5,0,12,0,14,14,10,38,0,21,19,10,50,2,16,18,68
03/19/2015,OTH,OR,ANM,WE,Federal Contract Tower,0,3,5,1,9,0,14,21,14,49,0,17,26,15,58,6,12,18,76
03/20/2015,OTH,OR,ANM,WE,Federal Contract Tower,0,9,1,0,10,0,7,2,11,20,0,16,3,11,30,2,32,34,64
03/21/2015,OTH,OR,ANM,WE,Federal Contract Tower,0,5,6,0,11,0,4,2,6,12,0,9,8,6,23,12,0,12,35
03/22/2015,OTH,OR,ANM,WE,Federal Contract Tower,0,6,5,0,11,0,0,2,4,6,0,6,7,4,17,0,6,6,23
03/23/2015,OTH,OR,ANM,WE,Federal Contract Tower,0,10,3,0,13,0,1,2,8,11,0,11,5,8,24,0,20,20,44
03/24/2015,OTH,OR,ANM,WE,Federal Contract Tower,0,18,6,0,24,0,7,0,10,17,0,25,6,10,41,0,36,36,77
03/25/2015,OTH,OR,ANM,WE,Federal Contract Tower,0,8,2,3,13,0,8,6,6,20,0,16,8,9,33,16,0,16,49
03/26/2015,OTH,OR,ANM,WE,Federal Contract Tower,0,16,4,1,21,0,5,4,1,10,0,21,8,2,31,0,0,0,31
03/27/2015,OTH,OR,ANM,WE,Federal Contract Tower,0,16,7,3,26,0,1,3,4,8,0,17,10,7,34,0,4,4,38
03/28/2015,OTH,OR,ANM,WE,Federal Contract Tower,0,8,4,0,12,0,3,8,4,15,0,11,12,4,27,0,12,12,39
03/29/2015,OTH,OR,ANM,WE,Federal Contract Tower,0,6,1,0,7,0,6,11,5,22,0,12,12,5,29,0,2,2,31
03/30/2015,OTH,OR,ANM,WE,Federal Contract Tower,0,7,3,1,11,0,3,3,5,11,0,10,6,6,22,12,0,12,34
03/31/2015,OTH,OR,ANM,WE,Federal Contract Tower,0,9,3,0,12,0,5,6,6,17,0,14,9,6,29,0,6,6,35
04/01/2015,OTH,OR,ANM,WE,Federal Contract Tower,0,9,5,0,14,0,10,7,17,34,0,19,12,17,48,0,18,18,66
04/02/2015,OTH,OR,ANM,WE,Federal Contract Tower,0,10,4,0,14,0,9,8,6,23,0,19,12,6,37,4,18,22,59
04/03/2015,OTH,OR,ANM,WE,Federal Contract Tower,0,9,3,0,12,0,4,1,2,7,0,13,4,2,19,0,0,0,19
04/04/2015,OTH,OR,ANM,WE,Federal Contract Tower,0,5,3,0,8,0,2,6,5,13,0,7,9,5,21,6,0,6,27
04/05/2015,OTH,OR,ANM,WE,Federal Contract Tower,0,10,4,0,14,0,0,2,7,9,0,10,6,7,23,0,8,8,31
04/06/2015,OTH,OR,ANM,WE,Federal Contract Tower,0,13,2,0,15,0,1,1,16,18,0,14,3,16,33,0,12,12,45
04/07/2015,OTH,OR,ANM,WE,Federal Contract Tower,0,10,5,0,15,0,3,2,11,16,0,13,7,11,31,0,8,8,39
04/08/2015,OTH,OR,ANM,WE,Federal Contract Tower,0,13,6,0,19,0,10,4,9,23,0,23,10,9,42,0,6,6,48
04/09/2015,OTH,OR,ANM,WE,Federal Contract Tower,0,8,2,0,10,0,12,24,10,46,0,20,26,10,56,18,4,22,78
04/10/2015,OTH,OR,ANM,WE,Federal Contract Tower,0,9,5,0,14,0,9,3,8,20,0,18,8,8,34,0,42,42,76
04/11/2015,OTH,OR,ANM,WE,Federal Contract Tower,0,8,0,0,8,0,2,8,4,14,0,10,8,4,22,0,14,14,36
04/12/2015,OTH,OR,ANM,WE,Federal Contract Tower,0,2,8,0,10,0,4,16,3,23,0,6,24,3,33,0,0,0,33
04/13/2015,OTH,OR,ANM,WE,Federal Contract Tower,0,10,2,0,12,0,2,2,14,18,0,12,4,14,30,0,30,30,60
04/14/2015,OTH,OR,ANM,WE,Federal Contract Tower,0,5,2,0,7,0,8,8,9,25,0,13,10,9,32,0,10,10,42
04/15/2015,OTH,OR,ANM,WE,Federal Contract Tower,0,6,7,1,14,0,22,12,9,43,0,28,19,10,57,0,18,18,75
04/16/2015,OTH,OR,ANM,WE,Federal Contract Tower,0,3,4,2,9,0,14,12,9,35,0,17,16,11,44,0,10,10,54
04/17/2015,OTH,OR,ANM,WE,Federal Contract Tower,0,11,7,3,21,0,7,14,11,32,0,18,21,14,53,2,14,16,69
04/18/2015,OTH,OR,ANM,WE,Federal Contract Tower,0,0,2,0,2,0,10,11,2,23,0,10,13,2,25,0,0,0,25
04/19/2015,OTH,OR,ANM,WE,Federal Contract Tower,0,6,4,1,11,0,10,14,4,28,0,16,18,5,39,0,0,0,39
04/20/2015,OTH,OR,ANM,WE,Federal Contract Tower,0,13,4,0,17,0,1,0,5,6,0,14,4,5,23,0,12,12,35
04/21/2015,OTH,OR,ANM,WE,Federal Contract Tower,0,16,14,3,33,0,3,1,2,6,0,19,15,5,39,0,0,0,39
04/22/2015,OTH,OR,ANM,WE,Federal Contract Tower,0,6,0,1,7,0,15,6,6,27,0,21,6,7,34,20,4,24,58
04/23/2015,OTH,OR,ANM,WE,Federal Contract Tower,0,21,5,0,26,0,0,9,11,20,0,21,14,11,46,8,6,14,60
04/24/2015,OTH,OR,ANM,WE,Federal Contract Tower,0,14,8,0,22,0,8,5,5,18,0,22,13,5,40,0,14,14,54
04/25/2015,OTH,OR,ANM,WE,Federal Contract Tower,0,6,9,0,15,0,7,1,4,12,0,13,10,4,27,2,0,2,29
04/26/2015,OTH,OR,ANM,WE,Federal Contract Tower,0,12,10,0,22,0,8,6,3,17,0,20,16,3,39,0,0,0,39
04/27/2015,OTH,OR,ANM,WE,Federal Contract Tower,0,4,1,0,5,0,9,9,11,29,0,13,10,11,34,0,26,26,60
04/28/2015,OTH,OR,ANM,WE,Federal Contract Tower,0,11,9,0,20,0,1,0,2,3,0,12,9,2,23,0,0,0,23
04/29/2015,OTH,OR,ANM,WE,Federal Contract Tower,0,2,17,0,19,0,16,17,7,40,0,18,34,7,59,2,6,8,67
04/30/2015,OTH,OR,ANM,WE,Federal Contract Tower,0,11,4,0,15,0,14,10,13,37,0,25,14,13,52,14,24,38,90
05/01/2015,OTH,OR,ANM,WE,Federal Contract Tower,0,10,9,0,19,0,9,6,4,19,0,19,15,4,38,0,6,6,44
05/02/2015,OTH,OR,ANM,WE,Federal Contract Tower,0,2,2,0,4,0,9,5,6,20,0,11,7,6,24,0,4,4,28
05/03/2015,OTH,OR,ANM,WE,Federal Contract Tower,0,8,9,0,17,0,7,6,4,17,0,15,15,4,34,0,0,0,34
05/04/2015,OTH,OR,ANM,WE,Federal Contract Tower,0,10,3,0,13,0,5,3,12,20,0,15,6,12,33,0,0,0,33
05/05/2015,OTH,OR,ANM,WE,Federal Contract Tower,0,9,4,1,14,0,13,8,0,21,0,22,12,1,35,2,0,2,37
05/06/2015,OTH,OR,ANM,WE,Federal Contract Tower,0,13,2,0,15,0,13,0,5,18,0,26,2,5,33,0,0,0,33
05/07/2015,OTH,OR,ANM,WE,Federal Contract Tower,0,6,4,1,11,0,12,6,4,22,0,18,10,5,33,2,10,12,45
05/08/2015,OTH,OR,ANM,WE,Federal Contract Tower,0,9,1,0,10,0,13,11,11,35,0,22,12,11,45,0,6,6,51
05/09/2015,OTH,OR,ANM,WE,Federal Contract Tower,0,12,4,1,17,0,7,5,1,13,0,19,9,2,30,0,0,0,30
05/10/2015,OTH,OR,ANM,WE,Federal Contract Tower,0,8,3,0,11,0,1,2,1,4,0,9,5,1,15,0,0,0,15
05/11/2015,OTH,OR,ANM,WE,Federal Contract Tower,0,7,5,0,12,0,5,0,8,13,0,12,5,8,25,0,24,24,49
05/12/2015,OTH,OR,ANM,WE,Federal Contract Tower,0,15,2,0,17,0,3,0,6,9,0,18,2,6,26,0,0,0,26
05/13/2015,OTH,OR,ANM,WE,Federal Contract Tower,0,10,5,0,15,0,5,7,7,19,0,15,12,7,34,8,10,18,52
05/14/2015,OTH,OR,ANM,WE,Federal Contract Tower,0,13,7,0,20,0,11,5,3,19,0,24,12,3,39,6,0,6,45
05/15/2015,OTH,OR,ANM,WE,Federal Contract Tower,0,18,2,3,23,0,0,1,1,2,0,18,3,4,25,0,0,0,25
05/16/2015,OTH,OR,ANM,WE,Federal Contract Tower,0,11,5,0,16,0,2,3,3,8,0,13,8,3,24,0,6,6,30
05/17/2015,OTH,OR,ANM,WE,Federal Contract Tower,0,8,4,0,12,0,1,4,4,9,0,9,8,4,21,0,10,10,31
05/18/2015,OTH,OR,ANM,WE,Federal Contract Tower,0,8,5,1,14,0,9,0,7,16,0,17,5,8,30,0,0,0,30
05/19/2015,OTH,OR,ANM,WE,Federal Contract Tower,0,8,8,0,16,0,7,11,10,28,0,15,19,10,44,10,12,22,66
05/20/2015,OTH,OR,ANM,WE,Federal Contract Tower,0,15,10,2,27,0,5,4,6,15,0,20,14,8,42,2,0,2,44
05/21/2015,OTH,OR,ANM,WE,Federal Contract Tower,0,24,8,3,35,0,0,0,0,0,0,24,8,3,35,0,0,0,35
05/22/2015,OTH,OR,ANM,WE,Federal Contract Tower,0,18,11,2,31,0,1,6,3,10,0,19,17,5,41,0,0,0,41
05/23/2015,OTH,OR,ANM,WE,Federal Contract Tower,0,11,14,0,25,0,0,6,3,9,0,11,20,3,34,0,0,0,34
05/24/2015,OTH,OR,ANM,WE,Federal Contract Tower,0,8,4,0,12,0,10,4,4,18,0,18,8,4,30,0,0,0,30
05/25/2015,OTH,OR,ANM,WE,Federal Contract Tower,0,9,4,0,13,0,2,9,4,15,0,11,13,4,28,0,0,0,28
05/26/2015,OTH,OR,ANM,WE,Federal Contract Tower,0,11,7,0,18,0,9,8,7,24,0,20,15,7,42,0,12,12,54
05/27/2015,OTH,OR,ANM,WE,Federal Contract Tower,0,13,6,1,20,0,2,2,5,9,0,15,8,6,29,0,2,2,31
05/28/2015,OTH,OR,ANM,WE,Federal Contract Tower,0,20,6,3,29,0,0,2,1,3,0,20,8,4,32,0,0,0,32
05/29/2015,OTH,OR,ANM,WE,Federal Contract Tower,0,25,12,1,38,0,2,0,1,3,0,27,12,2,41,0,0,0,41
05/30/2015,OTH,OR,ANM,WE,Federal Contract Tower,0,11,0,0,11,0,3,7,4,14,0,14,7,4,25,4,18,22,47
05/31/2015,OTH,OR,ANM,WE,Federal Contract Tower,0,10,12,0,22,0,1,11,2,14,0,11,23,2,36,1,0,1,37
06/01/2015,OTH,OR,ANM,WE,Federal Contract Tower,0,14,2,0,16,0,0,0,0,0,0,14,2,0,16,0,0,0,16
06/02/2015,OTH,OR,ANM,WE,Federal Contract Tower,0,16,5,2,23,0,4,0,4,8,0,20,5,6,31,0,0,0,31
06/03/2015,OTH,OR,ANM,WE,Federal Contract Tower,0,13,6,2,21,0,19,8,9,36,0,32,14,11,57,0,0,0,57
06/04/2015,OTH,OR,ANM,WE,Federal Contract Tower,0,18,6,0,24,0,20,4,2,26,0,38,10,2,50,0,0,0,50
06/05/2015,OTH,OR,ANM,WE,Federal Contract Tower,0,13,3,0,16,0,8,6,3,17,0,21,9,3,33,0,18,18,51
06/06/2015,OTH,OR,ANM,WE,Federal Contract Tower,0,9,4,0,13,0,3,4,4,11,0,12,8,4,24,0,0,0,24
06/07/2015,OTH,OR,ANM,WE,Federal Contract Tower,0,8,11,0,19,0,4,7,6,17,0,12,18,6,36,0,0,0,36
06/08/2015,OTH,OR,ANM,WE,Federal Contract Tower,0,6,5,1,12,0,4,2,5,11,0,10,7,6,23,0,32,32,55
06/09/2015,OTH,OR,ANM,WE,Federal Contract Tower,0,8,3,0,11,0,8,1,8,17,0,16,4,8,28,0,14,14,42
06/10/2015,OTH,OR,ANM,WE,Federal Contract Tower,0,10,6,0,16,0,12,9,2,23,0,22,15,2,39,0,0,0,39
06/11/2015,OTH,OR,ANM,WE,Federal Contract Tower,0,6,6,0,12,0,18,8,10,36,0,24,14,10,48,4,4,8,56
06/12/2015,OTH,OR,ANM,WE,Federal Contract Tower,0,4,7,1,12,0,16,9,6,31,0,20,16,7,43,0,0,0,43
06/13/2015,OTH,OR,ANM,WE,Federal Contract Tower,0,7,7,0,14,0,7,19,2,28,0,14,26,2,42,2,0,2,44
06/14/2015,OTH,OR,ANM,WE,Federal Contract Tower,0,5,10,0,15,0,5,11,2,18,0,10,21,2,33,0,0,0,33
06/15/2015,OTH,OR,ANM,WE,Federal Contract Tower,0,14,7,2,23,0,1,0,4,5,0,15,7,6,28,0,34,34,62
06/16/2015,OTH,OR,ANM,WE,Federal Contract Tower,0,10,4,0,14,0,4,7,5,16,0,14,11,5,30,0,4,4,34
06/17/2015,OTH,OR,ANM,WE,Federal Contract Tower,0,11,7,0,18,0,9,3,11,23,0,20,10,11,41,0,14,14,55
06/18/2015,OTH,OR,ANM,WE,Federal Contract Tower,0,17,8,0,25,0,5,11,7,23,0,22,19,7,48,6,12,18,66
06/19/2015,OTH,OR,ANM,WE,Federal Contract Tower,0,9,3,1,13,0,15,13,4,32,0,24,16,5,45,6,0,6,51
06/20/2015,OTH,OR,ANM,WE,Federal Contract Tower,0,2,3,0,5,0,9,22,6,37,0,11,25,6,42,0,0,0,42
06/21/2015,OTH,OR,ANM,WE,Federal Contract Tower,0,10,7,3,20,0,2,4,1,7,0,12,11,4,27,0,0,0,27
06/22/2015,OTH,OR,ANM,WE,Federal Contract Tower,0,10,3,0,13,0,10,11,12,33,0,20,14,12,46,0,4,4,50
06/23/2015,OTH,OR,ANM,WE,Federal Contract Tower,0,10,6,0,16,0,9,15,11,35,0,19,21,11,51,8,0,8,59
06/24/2015,OTH,OR,ANM,WE,Federal Contract Tower,0,8,12,0,20,0,11,10,10,31,0,19,22,10,51,10,2,12,63
06/25/2015,OTH,OR,ANM,WE,Federal Contract Tower,0,9,8,0,17,0,14,8,8,30,0,23,16,8,47,0,0,0,47
06/26/2015,OTH,OR,ANM,WE,Federal Contract Tower,0,12,5,0,17,0,7,7,2,16,0,19,12,2,33,0,0,0,33
06/27/2015,OTH,OR,ANM,WE,Federal Contract Tower,0,7,0,0,7,0,11,8,4,23,0,18,8,4,30,4,10,14,44
06/28/2015,OTH,OR,ANM,WE,Federal Contract Tower,0,8,16,0,24,0,2,12,1,15,0,10,28,1,39,0,0,0,39
06/29/2015,OTH,OR,ANM,WE,Federal Contract Tower,0,9,2,0,11,0,5,6,11,22,0,14,8,11,33,4,28,32,65
06/30/2015,OTH,OR,ANM,WE,Federal Contract Tower,0,12,4,0,16,0,3,3,4,10,0,15,7,4,26,0,22,22,48
07/01/2015,OTH,OR,ANM,WE,Federal Contract Tower,0,11,5,0,16,0,8,1,3,12,0,19,6,3,28,0,0,0,28
07/02/2015,OTH,OR,ANM,WE,Federal Contract Tower,0,11,5,0,16,0,6,16,3,25,0,17,21,3,41,2,0,2,43
07/03/2015,OTH,OR,ANM,WE,Federal Contract Tower,0,12,5,0,17,0,12,12,4,28,0,24,17,4,45,4,0,4,49
07/04/2015,OTH,OR,ANM,WE,Federal Contract Tower,0,4,4,0,8,0,7,23,4,34,0,11,27,4,42,2,0,2,44
07/05/2015,OTH,OR,ANM,WE,Federal Contract Tower,0,8,7,0,15,0,0,2,2,4,0,8,9,2,19,0,0,0,19
07/06/2015,OTH,OR,ANM,WE,Federal Contract Tower,0,17,7,5,29,0,1,4,11,16,0,18,11,16,45,0,18,18,63
07/07/2015,OTH,OR,ANM,WE,Federal Contract Tower,0,9,4,0,13,0,9,19,6,34,0,18,23,6,47,6,26,32,79
07/08/2015,OTH,OR,ANM,WE,Federal Contract Tower,0,13,10,0,23,0,9,7,11,27,0,22,17,11,50,0,2,2,52
07/09/2015,OTH,OR,ANM,WE,Federal Contract Tower,0,18,8,0,26,0,2,3,6,11,0,20,11,6,37,0,12,12,49
07/10/2015,OTH,OR,ANM,WE,Federal Contract Tower,0,11,14,2,27,0,9,12,7,28,0,20,26,9,55,0,0,0,55
07/11/2015,OTH,OR,ANM,WE,Federal Contract Tower,0,8,11,0,19,0,6,14,5,25,0,14,25,5,44,0,24,24,68
07/12/2015,OTH,OR,ANM,WE,Federal Contract Tower,0,5,15,0,20,0,6,13,4,23,0,11,28,4,43,0,2,2,45
07/13/2015,OTH,OR,ANM,WE,Federal Contract Tower,0,13,3,0,16,0,3,12,9,24,0,16,15,9,40,0,4,4,44
07/14/2015,OTH,OR,ANM,WE,Federal Contract Tower,0,20,11,0,31,0,0,0,0,0,0,20,11,0,31,0,42,42,73
07/15/2015,OTH,OR,ANM,WE,Federal Contract Tower,0,13,8,0,21,0,9,16,9,34,0,22,24,9,55,0,0,0,55
07/16/2015,OTH,OR,ANM,WE,Federal Contract Tower,0,4,7,0,11,0,21,13,5,39,0,25,20,5,50,0,6,6,56
07/17/2015,OTH,OR,ANM,WE,Federal Contract Tower,0,4,3,0,7,0,13,21,6,40,0,17,24,6,47,2,10,12,59
07/18/2015,OTH,OR,ANM,WE,Federal Contract Tower,0,6,4,0,10,0,9,10,6,25,0,15,14,6,35,2,12,14,49
07/19/2015,OTH,OR,ANM,WE,Federal Contract Tower,0,11,6,0,17,0,3,7,5,15,0,14,13,5,32,0,18,18,50
07/20/2015,OTH,OR,ANM,WE,Federal Contract Tower,0,5,6,0,11,0,8,9,8,25,0,13,15,8,36,0,16,16,52
07/21/2015,OTH,OR,ANM,WE,Federal Contract Tower,0,4,0,2,6,0,10,2,6,18,0,14,2,8,24,0,2,2,26
07/22/2015,OTH,OR,ANM,WE,Federal Contract Tower,0,16,4,1,21,0,11,8,9,28,0,27,12,10,49,0,0,0,49
07/23/2015,OTH,OR,ANM,WE,Federal Contract Tower,0,7,5,0,12,0,15,11,2,28,0,22,16,2,40,8,0,8,48
07/24/2015,OTH,OR,ANM,WE,Federal Contract Tower,0,5,2,0,7,0,18,8,2,28,0,23,10,2,35,0,0,0,35
07/25/2015,OTH,OR,ANM,WE,Federal Contract Tower,0,12,10,0,22,0,2,0,2,4,0,14,10,2,26,0,0,0,26
07/26/2015,OTH,OR,ANM,WE,Federal Contract Tower,0,6,6,0,12,0,9,9,1,19,0,15,15,1,31,0,2,2,33
07/27/2015,OTH,OR,ANM,WE,Federal Contract Tower,0,4,4,2,10,0,9,10,4,23,0,13,14,6,33,0,0,0,33
07/28/2015,OTH,OR,ANM,WE,Federal Contract Tower,0,6,1,0,7,0,13,3,4,20,0,19,4,4,27,0,0,0,27
07/29/2015,OTH,OR,ANM,WE,Federal Contract Tower,0,6,3,0,9,0,15,12,10,37,0,21,15,10,46,2,6,8,54
07/30/2015,OTH,OR,ANM,WE,Federal Contract Tower,0,9,2,0,11,0,16,10,10,36,0,25,12,10,47,2,0,2,49
07/31/2015,OTH,OR,ANM,WE,Federal Contract Tower,0,10,2,0,12,0,18,16,9,43,0,28,18,9,55,2,0,2,57
08/01/2015,OTH,OR,ANM,WE,Federal Contract Tower,0,9,5,0,14,0,6,18,4,28,0,15,23,4,42,2,18,20,62
08/02/2015,OTH,OR,ANM,WE,Federal Contract Tower,0,13,11,0,24,0,1,0,0,1,0,14,11,0,25,0,0,0,25
08/03/2015,OTH,OR,ANM,WE,Federal Contract Tower,0,17,4,0,21,0,5,5,5,15,0,22,9,5,36,0,30,30,66
08/04/2015,OTH,OR,ANM,WE,Federal Contract Tower,0,9,0,0,9,0,10,7,13,30,0,19,7,13,39,10,24,34,73
08/05/2015,OTH,OR,ANM,WE,Federal Contract Tower,0,9,6,0,15,0,15,11,11,37,0,24,17,11,52,0,6,6,58
08/06/2015,OTH,OR,ANM,WE,Federal Contract Tower,0,14,2,0,16,0,14,20,3,37,0,28,22,3,53,4,4,8,61
08/07/2015,OTH,OR,ANM,WE,Federal Contract Tower,0,22,6,0,28,0,3,2,7,12,0,25,8,7,40,0,14,14,54
08/08/2015,OTH,OR,ANM,WE,Federal Contract Tower,0,13,6,0,19,0,4,7,7,18,0,17,13,7,37,4,24,28,65
08/09/2015,OTH,OR,ANM,WE,Federal Contract Tower,0,11,8,1,20,0,4,3,0,7,0,15,11,1,27,0,0,0,27
08/10/2015,OTH,OR,ANM,WE,Federal Contract Tower,0,9,5,0,14,0,5,3,11,19,0,14,8,11,33,0,70,70,103
08/11/2015,OTH,OR,ANM,WE,Federal Contract Tower,0,19,5,0,24,0,0,0,0,0,0,19,5,0,24,0,2,2,26
08/12/2015,OTH,OR,ANM,WE,Federal Contract Tower,0,21,13,0,34,0,5,1,8,14,0,26,14,8,48,0,0,0,48
08/13/2015,OTH,OR,ANM,WE,Federal Contract Tower,0,12,5,0,17,0,6,14,14,34,0,18,19,14,51,2,0,2,53
08/14/2015,OTH,OR,ANM,WE,Federal Contract Tower,0,20,4,3,27,0,4,3,1,8,0,24,7,4,35,0,40,40,75
08/15/2015,OTH,OR,ANM,WE,Federal Contract Tower,0,3,5,2,10,0,10,22,4,36,0,13,27,6,46,2,36,38,84
08/16/2015,OTH,OR,ANM,WE,Federal Contract Tower,0,7,5,0,12,0,4,16,4,24,0,11,21,4,36,2,2,4,40
08/17/2015,OTH,OR,ANM,WE,Federal Contract Tower,0,7,6,0,13,0,11,19,6,36,0,18,25,6,49,14,0,14,63
08/18/2015,OTH,OR,ANM,WE,Federal Contract Tower,0,6,1,0,7,0,18,11,12,41,0,24,12,12,48,8,6,14,62
08/19/2015,OTH,OR,ANM,WE,Federal Contract Tower,0,20,6,2,28,0,0,0,0,0,0,20,6,2,28,0,0,0,28
08/20/2015,OTH,OR,ANM,WE,Federal Contract Tower,0,15,5,1,21,0,10,6,11,27,0,25,11,12,48,0,10,10,58
08/21/2015,OTH,OR,ANM,WE,Federal Contract Tower,0,10,1,0,11,0,13,3,8,24,0,23,4,8,35,0,10,10,45
08/22/2015,OTH,OR,ANM,WE,Federal Contract Tower,0,2,3,0,5,0,11,17,5,33,0,13,20,5,38,2,26,28,66
08/23/2015,OTH,OR,ANM,WE,Federal Contract Tower,0,12,13,2,27,0,1,2,0,3,0,13,15,2,30,0,0,0,30
08/24/2015,OTH,OR,ANM,WE,Federal Contract Tower,0,9,3,0,12,0,6,8,7,21,0,15,11,7,33,12,4,16,49
08/25/2015,OTH,OR,ANM,WE,Federal Contract Tower,0,6,4,1,11,0,12,8,6,26,0,18,12,7,37,0,10,10,47
08/26/2015,OTH,OR,ANM,WE,Federal Contract Tower,0,15,6,2,23,0,7,6,9,22,0,22,12,11,45,0,0,0,45
08/27/2015,OTH,OR,ANM,WE,Federal Contract Tower,0,11,5,1,17,0,13,19,8,40,0,24,24,9,57,0,14,14,71
08/28/2015,OTH,OR,ANM,WE,Federal Contract Tower,0,14,4,7,25,0,9,13,9,31,0,23,17,16,56,0,10,10,66
08/29/2015,OTH,OR,ANM,WE,Federal Contract Tower,0,11,4,0,15,0,0,0,0,0,0,11,4,0,15,0,0,0,15
08/30/2015,OTH,OR,ANM,WE,Federal Contract Tower,0,10,15,0,25,0,2,5,5,12,0,12,20,5,37,0,46,46,83
08/31/2015,OTH,OR,ANM,WE,Federal Contract Tower,0,7,9,0,16,0,8,11,10,29,0,15,20,10,45,0,26,26,71
09/01/2015,OTH,OR,ANM,WE,Federal Contract Tower,0,9,15,0,24,0,7,8,11,26,0,16,23,11,50,0,22,22,72
09/02/2015,OTH,OR,ANM,WE,Federal Contract Tower,0,15,9,0,24,0,6,6,13,25,0,21,15,13,49,0,46,46,95
09/03/2015,OTH,OR,ANM,WE,Federal Contract Tower,0,12,7,0,19,0,14,8,9,31,0,26,15,9,50,0,26,26,76
09/04/2015,OTH,OR,ANM,WE,Federal Contract Tower,0,9,7,0,16,0,9,6,8,23,0,18,13,8,39,0,16,16,55
09/05/2015,OTH,OR,ANM,WE,Federal Contract Tower,0,5,5,0,10,0,13,8,4,25,0,18,13,4,35,4,0,4,39
09/06/2015,OTH,OR,ANM,WE,Federal Contract Tower,0,9,5,0,14,0,3,19,4,26,0,12,24,4,40,0,0,0,40
09/07/2015,OTH,OR,ANM,WE,Federal Contract Tower,0,5,9,0,14,0,14,8,4,26,0,19,17,4,40,0,6,6,46
09/08/2015,OTH,OR,ANM,WE,Federal Contract Tower,0,6,8,0,14,0,12,8,5,25,0,18,16,5,39,8,28,36,75
09/09/2015,OTH,OR,ANM,WE,Federal Contract Tower,0,15,7,0,22,0,7,9,3,19,0,22,16,3,41,0,22,22,63
09/10/2015,OTH,OR,ANM,WE,Federal Contract Tower,0,11,9,0,20,0,8,11,6,25,0,19,20,6,45,2,20,22,67
09/11/2015,OTH,OR,ANM,WE,Federal Contract Tower,0,18,4,0,22,0,3,1,2,6,0,21,5,2,28,0,0,0,28
09/12/2015,OTH,OR,ANM,WE,Federal Contract Tower,0,13,2,2,17,0,0,0,0,0,0,13,2,2,17,0,0,0,17
09/13/2015,OTH,OR,ANM,WE,Federal Contract Tower,0,12,11,0,23,0,2,6,4,12,0,14,17,4,35,0,0,0,35
09/14/2015,OTH,OR,ANM,WE,Federal Contract Tower,0,6,7,1,14,0,8,4,8,20,0,14,11,9,34,2,2,4,38
09/15/2015,OTH,OR,ANM,WE,Federal Contract Tower,0,8,11,0,19,0,6,4,12,22,0,14,15,12,41,0,4,4,45
09/16/2015,OTH,OR,ANM,WE,Federal Contract Tower,0,19,3,0,22,0,9,0,12,21,0,28,3,12,43,0,28,28,71
09/17/2015,OTH,OR,ANM,WE,Federal Contract Tower,0,20,11,0,31,0,7,0,5,12,0,27,11,5,43,0,0,0,43
09/18/2015,OTH,OR,ANM,WE,Federal Contract Tower,0,5,2,0,7,0,15,11,6,32,0,20,13,6,39,2,0,2,41
09/19/2015,OTH,OR,ANM,WE,Federal Contract Tower,0,6,2,0,8,0,17,12,1,30,0,23,14,1,38,4,0,4,42
09/20/2015,OTH,OR,ANM,WE,Federal Contract Tower,0,12,8,1,21,0,4,5,3,12,0,16,13,4,33,0,0,0,33
09/21/2015,OTH,OR,ANM,WE,Federal Contract Tower,0,9,8,0,17,0,4,8,6,18,0,13,16,6,35,0,0,0,35
09/22/2015,OTH,OR,ANM,WE,Federal Contract Tower,0,11,13,0,24,0,13,15,9,37,0,24,28,9,61,0,8,8,69
09/23/2015,OTH,OR,ANM,WE,Federal Contract Tower,0,9,9,2,20,0,19,17,9,45,0,28,26,11,65,0,8,8,73
09/24/2015,OTH,OR,ANM,WE,Federal Contract Tower,0,5,8,0,13,0,9,4,12,25,0,14,12,12,38,0,4,4,42
09/25/2015,OTH,OR,ANM,WE,Federal Contract Tower,0,14,6,0,20,0,8,0,14,22,0,22,6,14,42,0,34,34,76
09/26/2015,OTH,OR,ANM,WE,Federal Contract Tower,0,7,5,0,12,0,7,10,10,27,0,14,15,10,39,0,4,4,43
09/27/2015,OTH,OR,ANM,WE,Federal Contract Tower,0,14,6,0,20,0,5,13,6,24,0,19,19,6,44,0,0,0,44
09/28/2015,OTH,OR,ANM,WE,Federal Contract Tower,0,7,8,0,15,0,11,3,7,21,0,18,11,7,36,0,20,20,56
09/29/2015,OTH,OR,ANM,WE,Federal Contract Tower,0,14,4,0,18,0,4,4,8,16,0,18,8,8,34,0,0,0,34
09/30/2015,OTH,OR,ANM,WE,Federal Contract Tower,0,16,6,0,22,0,18,9,8,35,0,34,15,8,57,4,8,12,69
10/01/2015,OTH,OR,ANM,WE,Federal Contract Tower,0,17,7,0,24,0,5,3,2,10,0,22,10,2,34,0,8,8,42
10/02/2015,OTH,OR,ANM,WE,Federal Contract Tower,0,11,6,0,17,0,2,1,6,9,0,13,7,6,26,0,0,0,26
10/03/2015,OTH,OR,ANM,WE,Federal Contract Tower,0,5,5,0,10,0,7,6,4,17,0,12,11,4,27,2,2,4,31
10/04/2015,OTH,OR,ANM,WE,Federal Contract Tower,0,11,13,0,24,0,4,8,1,13,0,15,21,1,37,0,2,2,39
10/05/2015,OTH,OR,ANM,WE,Federal Contract Tower,0,10,10,0,20,0,8,13,5,26,0,18,23,5,46,0,8,8,54
10/06/2015,OTH,OR,ANM,WE,Federal Contract Tower,0,11,7,0,18,0,7,3,8,18,0,18,10,8,36,0,0,0,36
10/07/2015,OTH,OR,ANM,WE,Federal Contract Tower,0,20,13,1,34,0,9,2,6,17,0,29,15,7,51,0,2,2,53
10/08/2015,OTH,OR,ANM,WE,Federal Contract Tower,0,11,5,0,16,0,13,8,4,25,0,24,13,4,41,0,0,0,41
10/09/2015,OTH,OR,ANM,WE,Federal Contract Tower,0,16,14,0,30,0,6,4,3,13,0,22,18,3,43,0,0,0,43
10/10/2015,OTH,OR,ANM,WE,Federal Contract Tower,0,7,10,0,17,0,0,0,4,4,0,7,10,4,21,0,0,0,21
10/11/2015,OTH,OR,ANM,WE,Federal Contract Tower,0,10,12,0,22,0,2,5,4,11,0,12,17,4,33,0,0,0,33
10/12/2015,OTH,OR,ANM,WE,Federal Contract Tower,0,9,7,0,16,0,11,9,5,25,0,20,16,5,41,0,8,8,49
10/13/2015,OTH,OR,ANM,WE,Federal Contract Tower,0,3,4,0,7,0,8,4,2,14,0,11,8,2,21,0,0,0,21
10/14/2015,OTH,OR,ANM,WE,Federal Contract Tower,0,14,11,0,25,0,16,9,6,31,0,30,20,6,56,0,0,0,56
10/15/2015,OTH,OR,ANM,WE,Federal Contract Tower,0,16,11,1,28,0,1,2,1,4,0,17,13,2,32,0,0,0,32
10/16/2015,OTH,OR,ANM,WE,Federal Contract Tower,0,25,9,6,40,0,1,7,2,10,0,26,16,8,50,0,0,0,50
10/17/2015,OTH,OR,ANM,WE,Federal Contract Tower,0,8,1,0,9,0,4,2,4,10,0,12,3,4,19,0,0,0,19
10/18/2015,OTH,OR,ANM,WE,Federal Contract Tower,0,12,6,0,18,0,5,8,6,19,0,17,14,6,37,10,0,10,47
10/19/2015,OTH,OR,ANM,WE,Federal Contract Tower,0,21,5,0,26,0,1,1,1,3,0,22,6,1,29,0,0,0,29
10/20/2015,OTH,OR,ANM,WE,Federal Contract Tower,0,8,5,0,13,0,11,7,14,32,0,19,12,14,45,12,26,38,83
10/21/2015,OTH,OR,ANM,WE,Federal Contract Tower,0,15,1,0,16,0,8,9,7,24,0,23,10,7,40,0,4,4,44
10/22/2015,OTH,OR,ANM,WE,Federal Contract Tower,0,9,4,0,13,0,10,16,20,46,0,19,20,20,59,10,22,32,91
10/23/2015,OTH,OR,ANM,WE,Federal Contract Tower,0,7,5,1,13,0,39,8,13,60,0,46,13,14,73,0,22,22,95
10/24/2015,OTH,OR,ANM,WE,Federal Contract Tower,0,7,4,2,13,0,1,1,3,5,0,8,5,5,18,0,0,0,18
10/25/2015,OTH,OR,ANM,WE,Federal Contract Tower,0,13,3,0,16,0,0,0,2,2,0,13,3,2,18,0,4,4,22
10/26/2015,OTH,OR,ANM,WE,Federal Contract Tower,0,6,3,0,9,0,10,6,4,20,0,16,9,4,29,6,0,6,35
10/27/2015,OTH,OR,ANM,WE,Federal Contract Tower,0,3,12,0,15,0,14,6,15,35,0,17,18,15,50,0,28,28,78
10/28/2015,OTH,OR,ANM,WE,Federal Contract Tower,0,16,6,4,26,0,6,4,14,24,0,22,10,18,50,0,0,0,50
10/29/2015,OTH,OR,ANM,WE,Federal Contract Tower,0,9,5,1,15,0,13,5,8,26,0,22,10,9,41,12,4,16,57
10/30/2015,OTH,OR,ANM,WE,Federal Contract Tower,0,15,7,2,24,0,0,0,5,5,0,15,7,7,29,0,0,0,29
10/31/2015,OTH,OR,ANM,WE,Federal Contract Tower,0,9,5,0,14,0,1,0,6,7,0,10,5,6,21,0,4,4,25
11/01/2015,OTH,OR,ANM,WE,Federal Contract Tower,0,4,1,1,6,0,2,1,6,9,0,6,2,7,15,0,4,4,19
11/02/2015,OTH,OR,ANM,WE,Federal Contract Tower,0,9,1,0,10,0,7,3,16,26,0,16,4,16,36,0,38,38,74
11/03/2015,OTH,OR,ANM,WE,Federal Contract Tower,0,13,3,0,16,0,3,0,17,20,0,16,3,17,36,0,48,48,84
11/04/2015,OTH,OR,ANM,WE,Federal Contract Tower,0,7,4,0,11,0,6,3,14,23,0,13,7,14,34,0,28,28,62
11/05/2015,OTH,OR,ANM,WE,Federal Contract Tower,0,11,3,0,14,0,15,6,7,28,0,26,9,7,42,0,52,52,94
11/06/2015,OTH,OR,ANM,WE,Federal Contract Tower,0,6,0,0,6,0,12,9,8,29,0,18,9,8,35,0,4,4,39
11/07/2015,OTH,OR,ANM,WE,Federal Contract Tower,0,13,6,0,19,0,2,1,14,17,0,15,7,14,36,0,6,6,42
11/08/2015,OTH,OR,ANM,WE,Federal Contract Tower,0,5,12,0,17,0,2,2,9,13,0,7,14,9,30,0,16,16,46
11/09/2015,OTH,OR,ANM,WE,Federal Contract Tower,0,10,2,0,12,0,4,5,8,17,0,14,7,8,29,0,18,18,47
11/10/2015,OTH,OR,ANM,WE,Federal Contract Tower,0,10,4,0,14,0,5,4,8,17,0,15,8,8,31,0,60,60,91
11/11/2015,OTH,OR,ANM,WE,Federal Contract Tower,0,12,2,0,14,0,7,1,5,13,0,19,3,5,27,0,4,4,31
11/12/2015,OTH,OR,ANM,WE,Federal Contract Tower,0,11,7,0,18,0,9,5,12,26,0,20,12,12,44,0,38,38,82
11/13/2015,OTH,OR,ANM,WE,Federal Contract Tower,0,13,9,0,22,0,3,0,5,8,0,16,9,5,30,0,0,0,30
11/14/2015,OTH,OR,ANM,WE,Federal Contract Tower,0,6,0,0,6,0,6,0,4,10,0,12,0,4,16,0,0,0,16
11/15/2015,OTH,OR,ANM,WE,Federal Contract Tower,0,4,9,0,13,0,0,1,4,5,0,4,10,4,18,0,0,0,18
11/16/2015,OTH,OR,ANM,WE,Federal Contract Tower,0,11,1,0,12,0,2,0,10,12,0,13,1,10,24,0,16,16,40
11/17/2015,OTH,OR,ANM,WE,Federal Contract Tower,0,13,4,0,17,0,0,2,10,12,0,13,6,10,29,0,16,16,45
11/18/2015,OTH,OR,ANM,WE,Federal Contract Tower,0,13,5,0,18,0,6,3,9,18,0,19,8,9,36,10,14,24,60
11/19/2015,OTH,OR,ANM,WE,Federal Contract Tower,0,24,2,0,26,0,1,0,3,4,0,25,2,3,30,4,12,16,46
11/20/2015,OTH,OR,ANM,WE,Federal Contract Tower,0,9,1,0,10,0,7,7,9,23,0,16,8,9,33,0,2,2,35
11/21/2015,OTH,OR,ANM,WE,Federal Contract Tower,0,2,1,0,3,0,9,7,3,19,0,11,8,3,22,0,0,0,22
11/22/2015,OTH,OR,ANM,WE,Federal Contract Tower,0,2,6,0,8,0,6,6,3,15,0,8,12,3,23,8,0,8,31
11/23/2015,OTH,OR,ANM,WE,Federal Contract Tower,0,8,2,0,10,0,0,6,7,13,0,8,8,7,23,8,8,16,39
11/24/2015,OTH,OR,ANM,WE,Federal Contract Tower,0,11,3,0,14,0,6,1,12,19,0,17,4,12,33,0,32,32,65
11/25/2015,OTH,OR,ANM,WE,Federal Contract Tower,0,10,1,0,11,0,15,6,5,26,0,25,7,5,37,4,4,8,45
11/26/2015,OTH,OR,ANM,WE,Federal Contract Tower,0,2,2,0,4,0,4,9,2,15,0,6,11,2,19,24,0,24,43
11/27/2015,OTH,OR,ANM,WE,Federal Contract Tower,0,3,1,1,5,0,11,14,5,30,0,14,15,6,35,4,8,12,47
11/28/2015,OTH,OR,ANM,WE,Federal Contract Tower,0,2,3,0,5,0,7,9,8,24,0,9,12,8,29,18,2,20,49
11/29/2015,OTH,OR,ANM,WE,Federal Contract Tower,0,2,2,0,4,0,2,16,4,22,0,4,18,4,26,6,0,6,32
11/30/2015,OTH,OR,ANM,WE,Federal Contract Tower,0,10,1,0,11,0,4,2,12,18,0,14,3,12,29,0,0,0,29
12/01/2015,OTH,OR,ANM,WE,Federal Contract Tower,0,7,3,0,10,0,4,6,17,27,0,11,9,17,37,6,46,52,89
12/02/2015,OTH,OR,ANM,WE,Federal Contract Tower,0,14,0,2,16,0,1,0,2,3,0,15,0,4,19,0,0,0,19
12/03/2015,OTH,OR,ANM,WE,Federal Contract Tower,0,10,0,0,10,0,5,0,3,8,0,15,0,3,18,0,0,0,18
12/04/2015,OTH,OR,ANM,WE,Federal Contract Tower,0,7,0,0,7,0,8,3,11,22,0,15,3,11,29,0,12,12,41
12/05/2015,OTH,OR,ANM,WE,Federal Contract Tower,0,4,0,0,4,0,4,0,5,9,0,8,0,5,13,0,0,0,13
12/06/2015,OTH,OR,ANM,WE,Federal Contract Tower,0,2,4,0,6,0,0,2,6,8,0,2,6,6,14,0,2,2,16
12/07/2015,OTH,OR,ANM,WE,Federal Contract Tower,0,11,1,0,12,0,0,0,2,2,0,11,1,2,14,0,0,0,14
12/08/2015,OTH,OR,ANM,WE,Federal Contract Tower,0,12,1,5,18,0,0,0,8,8,0,12,1,13,26,0,0,0,26
12/09/2015,OTH,OR,ANM,WE,Federal Contract Tower,0,11,1,0,12,0,5,0,9,14,0,16,1,9,26,0,2,2,28
12/10/2015,OTH,OR,ANM,WE,Federal Contract Tower,0,11,1,0,12,0,1,1,2,4,0,12,2,2,16,0,0,0,16
12/11/2015,OTH,OR,ANM,WE,Federal Contract Tower,0,19,5,0,24,0,1,0,2,3,0,20,5,2,27,0,0,0,27
12/12/2015,OTH,OR,ANM,WE,Federal Contract Tower,0,6,4,0,10,0,0,1,2,3,0,6,5,2,13,2,28,30,43
12/13/2015,OTH,OR,ANM,WE,Federal Contract Tower,0,7,3,0,10,0,0,0,3,3,0,7,3,3,13,0,0,0,13
12/14/2015,OTH,OR,ANM,WE,Federal Contract Tower,0,7,1,0,8,0,2,1,9,12,0,9,2,9,20,0,2,2,22
12/15/2015,OTH,OR,ANM,WE,Federal Contract Tower,0,9,2,0,11,0,7,10,12,29,0,16,12,12,40,6,16,22,62
12/16/2015,OTH,OR,ANM,WE,Federal Contract Tower,0,14,2,0,16,0,4,1,11,16,0,18,3,11,32,0,36,36,68
12/17/2015,OTH,OR,ANM,WE,Federal Contract Tower,0,18,1,0,19,0,0,0,4,4,0,18,1,4,23,0,38,38,61
12/18/2015,OTH,OR,ANM,WE,Federal Contract Tower,0,8,5,0,13,0,5,2,7,14,0,13,7,7,27,0,10,10,37
12/19/2015,OTH,OR,ANM,WE,Federal Contract Tower,0,2,3,0,5,0,6,1,5,12,0,8,4,5,17,0,6,6,23
12/20/2015,OTH,OR,ANM,WE,Federal Contract Tower,0,5,4,0,9,0,1,3,7,11,0,6,7,7,20,0,2,2,22
12/21/2015,OTH,OR,ANM,WE,Federal Contract Tower,0,12,3,0,15,0,0,0,2,2,0,12,3,2,17,0,0,0,17
12/22/2015,OTH,OR,ANM,WE,Federal Contract Tower,0,13,5,6,24,0,0,0,3,3,0,13,5,9,27,0,0,0,27
12/23/2015,OTH,OR,ANM,WE,Federal Contract Tower,0,16,0,0,16,0,7,0,6,13,0,23,0,6,29,0,0,0,29
12/24/2015,OTH,OR,ANM,WE,Federal Contract Tower,0,15,0,0,15,0,2,2,3,7,0,17,2,3,22,0,0,0,22
12/25/2015,OTH,OR,ANM,WE,Federal Contract Tower,0,3,0,0,3,0,2,3,2,7,0,5,3,2,10,0,0,0,10
12/26/2015,OTH,OR,ANM,WE,Federal Contract Tower,0,0,2,0,2,0,7,4,5,16,0,7,6,5,18,0,0,0,18
12/27/2015,OTH,OR,ANM,WE,Federal Contract Tower,0,4,2,0,6,0,0,0,4,4,0,4,2,4,10,0,0,0,10
12/28/2015,OTH,OR,ANM,WE,Federal Contract Tower,0,9,2,0,11,0,3,2,5,10,0,12,4,5,21,0,0,0,21
12/29/2015,OTH,OR,ANM,WE,Federal Contract Tower,0,14,2,0,16,0,5,5,6,16,0,19,7,6,32,0,0,0,32
12/30/2015,OTH,OR,ANM,WE,Federal Contract Tower,0,10,0,0,10,0,10,7,6,23,0,20,7,6,33,0,0,0,33
12/31/2015,OTH,OR,ANM,WE,Federal Contract Tower,0,9,1,0,10,0,8,3,4,15,0,17,4,4,25,4,0,4,29
01/01/2016,OTH,OR,ANM,WE,Federal Contract Tower,0,0,0,0,0,0,2,14,5,21,0,2,14,5,21,4,2,6,27
01/02/2016,OTH,OR,ANM,WE,Federal Contract Tower,0,1,0,0,1,0,6,8,4,18,0,7,8,4,19,0,2,2,21
01/03/2016,OTH,OR,ANM,WE,Federal Contract Tower,0,3,2,0,5,0,0,0,3,3,0,3,2,3,8,0,2,2,10
01/04/2016,OTH,OR,ANM,WE,Federal Contract Tower,0,3,0,0,3,0,4,0,4,8,0,7,0,4,11,0,0,0,11
01/05/2016,OTH,OR,ANM,WE,Federal Contract Tower,0,15,2,0,17,0,2,2,6,10,0,17,4,6,27,0,10,10,37
01/06/2016,OTH,OR,ANM,WE,Federal Contract Tower,0,9,7,0,16,0,5,2,7,14,0,14,9,7,30,0,2,2,32
01/07/2016,OTH,OR,ANM,WE,Federal Contract Tower,0,17,5,0,22,0,5,5,6,16,0,22,10,6,38,0,0,0,38
01/08/2016,OTH,OR,ANM,WE,Federal Contract Tower,0,7,6,0,13,0,8,4,3,15,0,15,10,3,28,4,0,4,32
01/09/2016,OTH,OR,ANM,WE,Federal Contract Tower,0,5,1,0,6,0,0,0,1,1,0,5,1,1,7,0,0,0,7
01/10/2016,OTH,OR,ANM,WE,Federal Contract Tower,0,2,2,0,4,0,2,8,9,19,0,4,10,9,23,4,0,4,27
01/11/2016,OTH,OR,ANM,WE,Federal Contract Tower,0,10,2,0,12,0,0,0,6,6,0,10,2,6,18,0,0,0,18
01/12/2016,OTH,OR,ANM,WE,Federal Contract Tower,0,9,6,1,16,0,2,1,4,7,0,11,7,5,23,0,12,12,35
01/13/2016,OTH,OR,ANM,WE,Federal Contract Tower,0,14,4,0,18,0,1,0,7,8,0,15,4,7,26,0,4,4,30
01/14/2016,OTH,OR,ANM,WE,Federal Contract Tower,0,10,7,0,17,0,3,4,7,14,0,13,11,7,31,0,4,4,35
01/15/2016,OTH,OR,ANM,WE,Federal Contract Tower,0,9,6,0,15,0,8,7,7,22,0,17,13,7,37,6,17,23,60
01/16/2016,OTH,OR,ANM,WE,Federal Contract Tower,0,6,0,0,6,0,1,1,4,6,0,7,1,4,12,0,14,14,26
01/17/2016,OTH,OR,ANM,WE,Federal Contract Tower,0,4,4,0,8,0,2,0,4,6,0,6,4,4,14,12,2,14,28
01/18/2016,OTH,OR,ANM,WE,Federal Contract Tower,0,7,3,0,10,0,5,4,5,14,0,12,7,5,24,0,0,0,24
01/19/2016,OTH,OR,ANM,WE,Federal Contract Tower,0,13,7,1,21,0,4,0,5,9,0,17,7,6,30,0,8,8,38
01/20/2016,OTH,OR,ANM,WE,Federal Contract Tower,0,6,2,0,8,0,8,5,13,26,0,14,7,13,34,2,24,26,60
01/21/2016,OTH,OR,ANM,WE,Federal Contract Tower,0,5,1,0,6,0,14,2,8,24,0,19,3,8,30,4,0,4,34
01/22/2016,OTH,OR,ANM,WE,Federal Contract Tower,0,6,1,0,7,0,11,6,6,23,0,17,7,6,30,0,6,6,36
01/23/2016,OTH,OR,ANM,WE,Federal Contract Tower,0,5,0,1,6,0,5,0,6,11,0,10,0,7,17,4,10,14,31
01/24/2016,OTH,OR,ANM,WE,Federal Contract Tower,0,5,0,0,5,0,0,3,4,7,0,5,3,4,12,0,0,0,12
01/25/2016,OTH,OR,ANM,WE,Federal Contract Tower,0,11,6,0,17,0,6,12,7,25,0,17,18,7,42,2,2,4,46
01/26/2016,OTH,OR,ANM,WE,Federal Contract Tower,0,7,6,0,13,0,5,2,7,14,0,12,8,7,27,0,0,0,27
01/27/2016,OTH,OR,ANM,WE,Federal Contract Tower,0,7,0,0,7,0,10,7,8,25,0,17,7,8,32,0,6,6,38
01/28/2016,OTH,OR,ANM,WE,Federal Contract Tower,0,12,2,0,14,0,6,2,10,18,0,18,4,10,32,0,8,8,40
01/29/2016,OTH,OR,ANM,WE,Federal Contract Tower,0,13,1,4,18,0,3,4,18,25,0,16,5,22,43,0,34,34,77
01/30/2016,OTH,OR,ANM,WE,Federal Contract Tower,0,7,4,0,11,0,0,0,4,4,0,7,4,4,15,0,0,0,15
01/31/2016,OTH,OR,ANM,WE,Federal Contract Tower,0,5,3,0,8,0,2,4,5,11,0,7,7,5,19,4,10,14,33
02/01/2016,OTH,OR,ANM,WE,Federal Contract Tower,0,5,0,0,5,0,5,6,10,21,0,10,6,10,26,10,14,24,50
02/02/2016,OTH,OR,ANM,WE,Federal Contract Tower,0,11,6,0,17,0,3,3,11,17,0,14,9,11,34,0,0,0,34
02/03/2016,OTH,OR,ANM,WE,Federal Contract Tower,0,7,0,0,7,0,5,0,10,15,0,12,0,10,22,0,24,24,46
02/04/2016,OTH,OR,ANM,WE,Federal Contract Tower,0,5,2,0,7,0,8,8,22,38,0,13,10,22,45,6,45,51,96
02/05/2016,OTH,OR,ANM,WE,Federal Contract Tower,0,8,0,0,8,0,9,5,6,20,0,17,5,6,28,0,2,2,30
02/06/2016,OTH,OR,ANM,WE,Federal Contract Tower,0,5,6,0,11,0,1,1,11,13,0,6,7,11,24,2,12,14,38
02/07/2016,OTH,OR,ANM,WE,Federal Contract Tower,0,3,3,1,7,0,3,15,5,23,0,6,18,6,30,4,8,12,42
02/08/2016,OTH,OR,ANM,WE,Federal Contract Tower,0,4,1,1,6,0,10,11,24,45,0,14,12,25,51,4,0,4,55
02/09/2016,OTH,OR,ANM,WE,Federal Contract Tower,0,5,0,0,5,0,3,17,4,24,0,8,17,4,29,0,0,0,29
02/10/2016,OTH,OR,ANM,WE,Federal Contract Tower,0,6,1,0,7,0,7,2,8,17,0,13,3,8,24,0,24,24,48
02/11/2016,OTH,OR,ANM,WE,Federal Contract Tower,0,4,0,0,4,0,6,3,5,14,0,10,3,5,18,0,16,16,34
02/12/2016,OTH,OR,ANM,WE,Federal Contract Tower,0,11,1,2,14,0,1,1,2,4,0,12,2,4,18,0,36,36,54
02/13/2016,OTH,OR,ANM,WE,Federal Contract Tower,0,3,1,1,5,0,4,0,3,7,0,7,1,4,12,0,0,0,12
02/14/2016,OTH,OR,ANM,WE,Federal Contract Tower,0,9,2,0,11,0,0,0,0,0,0,9,2,0,11,0,0,0,11
02/15/2016,OTH,OR,ANM,WE,Federal Contract Tower,0,13,7,1,21,0,0,0,0,0,0,13,7,1,21,0,0,0,21
02/16/2016,OTH,OR,ANM,WE,Federal Contract Tower,0,5,4,6,15,0,6,4,30,40,0,11,8,36,55,0,0,0,55
02/17/2016,OTH,OR,ANM,WE,Federal Contract Tower,0,10,3,0,13,0,2,0,5,7,0,12,3,5,20,0,0,0,20
02/18/2016,OTH,OR,ANM,WE,Federal Contract Tower,0,18,0,0,18,0,1,0,7,8,0,19,0,7,26,0,32,32,58
02/19/2016,OTH,OR,ANM,WE,Federal Contract Tower,0,8,5,0,13,0,3,1,8,12,0,11,6,8,25,0,34,34,59
02/20/2016,OTH,OR,ANM,WE,Federal Contract Tower,0,0,0,1,1,0,6,8,6,20,0,6,8,7,21,0,0,0,21
02/21/2016,OTH,OR,ANM,WE,Federal Contract Tower,0,3,4,0,7,0,4,5,5,14,0,7,9,5,21,0,0,0,21
02/22/2016,OTH,OR,ANM,WE,Federal Contract Tower,0,3,8,0,11,0,9,15,7,31,0,12,23,7,42,0,0,0,42
02/23/2016,OTH,OR,ANM,WE,Federal Contract Tower,0,7,0,0,7,0,10,16,4,30,0,17,16,4,37,0,0,0,37
02/24/2016,OTH,OR,ANM,WE,Federal Contract Tower,0,9,4,1,14,0,7,1,9,17,0,16,5,10,31,1,1,2,33
02/25/2016,OTH,OR,ANM,WE,Federal Contract Tower,0,10,8,0,18,0,2,0,2,4,0,12,8,2,22,2,0,2,24
02/26/2016,OTH,OR,ANM,WE,Federal Contract Tower,0,11,4,1,16,0,1,2,5,8,0,12,6,6,24,0,4,4,28
02/27/2016,OTH,OR,ANM,WE,Federal Contract Tower,0,2,3,1,6,0,2,16,10,28,0,4,19,11,34,4,4,8,42
02/28/2016,OTH,OR,ANM,WE,Federal Contract Tower,0,4,2,0,6,0,2,3,7,12,0,6,5,7,18,0,4,4,22
02/29/2016,OTH,OR,ANM,WE,Federal Contract Tower,0,5,5,0,10,0,4,7,25,36,0,9,12,25,46,0,52,52,98
03/01/2016,OTH,OR,ANM,WE,Federal Contract Tower,0,9,2,0,11,0,0,1,12,13,0,9,3,12,24,0,0,0,24
03/02/2016,OTH,OR,ANM,WE,Federal Contract Tower,0,8,3,12,23,0,1,6,0,7,0,9,9,12,30,2,22,24,54
03/03/2016,OTH,OR,ANM,WE,Federal Contract Tower,0,5,2,0,7,0,15,12,9,36,0,20,14,9,43,0,8,8,51
03/04/2016,OTH,OR,ANM,WE,Federal Contract Tower,0,7,0,1,8,0,13,4,10,27,0,20,4,11,35,2,35,37,72
03/05/2016,OTH,OR,ANM,WE,Federal Contract Tower,0,6,1,0,7,0,4,0,5,9,0,10,1,5,16,0,14,14,30
03/06/2016,OTH,OR,ANM,WE,Federal Contract Tower,0,7,6,0,13,0,0,1,4,5,0,7,7,4,18,4,10,14,32
03/07/2016,OTH,OR,ANM,WE,Federal Contract Tower,0,6,1,0,7,0,8,5,20,33,0,14,6,20,40,0,40,40,80
03/08/2016,OTH,OR,ANM,WE,Federal Contract Tower,0,9,3,0,12,0,2,2,12,16,0,11,5,12,28,0,64,64,92
03/09/2016,OTH,OR,ANM,WE,Federal Contract Tower,14,3,0,0,17,0,2,0,4,6,14,5,0,4,23,0,6,6,29
03/10/2016,OTH,OR,ANM,WE,Federal Contract Tower,0,8,4,0,12,0,6,0,6,12,0,14,4,6,24,0,0,0,24
03/11/2016,OTH,OR,ANM,WE,Federal Contract Tower,0,12,5,5,22,0,0,1,10,11,0,12,6,15,33,0,0,0,33
03/12/2016,OTH,OR,ANM,WE,Federal Contract Tower,0,4,2,0,6,0,0,0,4,4,0,4,2,4,10,0,6,6,16
03/13/2016,OTH,OR,ANM,WE,Federal Contract Tower,0,2,3,0,5,0,0,0,3,3,0,2,3,3,8,0,0,0,8
03/14/2016,OTH,OR,ANM,WE,Federal Contract Tower,0,9,3,0,12,0,2,0,8,10,0,11,3,8,22,14,0,14,36
03/15/2016,OTH,OR,ANM,WE,Federal Contract Tower,0,10,6,0,16,0,0,0,6,6,0,10,6,6,22,0,2,2,24
03/16/2016,OTH,OR,ANM,WE,Federal Contract Tower,0,8,4,1,13,0,2,2,7,11,0,10,6,8,24,0,0,0,24
03/17/2016,OTH,OR,ANM,WE,Federal Contract Tower,0,5,0,0,5,0,10,13,10,33,0,15,13,10,38,0,8,8,46
03/18/2016,OTH,OR,ANM,WE,Federal Contract Tower,0,10,1,0,11,0,11,1,8,20,0,21,2,8,31,4,18,22,53
03/19/2016,OTH,OR,ANM,WE,Federal Contract Tower,0,9,3,5,17,0,2,1,0,3,0,11,4,5,20,0,0,0,20
03/20/2016,OTH,OR,ANM,WE,Federal Contract Tower,0,4,2,0,6,0,3,1,5,9,0,7,3,5,15,0,12,12,27
03/21/2016,OTH,OR,ANM,WE,Federal Contract Tower,0,7,1,0,8,0,0,2,11,13,0,7,3,11,21,0,8,8,29
03/22/2016,OTH,OR,ANM,WE,Federal Contract Tower,0,9,1,0,10,0,4,0,14,18,0,13,1,14,28,0,0,0,28
03/23/2016,OTH,OR,ANM,WE,Federal Contract Tower,0,8,4,0,12,0,13,1,17,31,0,21,5,17,43,0,6,6,49
03/24/2016,OTH,OR,ANM,WE,Federal Contract Tower,0,9,6,0,15,0,4,6,11,21,0,13,12,11,36,2,0,2,38
03/25/2016,OTH,OR,ANM,WE,Federal Contract Tower,0,8,3,0,11,0,4,5,11,20,0,12,8,11,31,0,28,28,59
03/26/2016,OTH,OR,ANM,WE,Federal Contract Tower,0,9,1,3,13,0,1,0,1,2,0,10,1,4,15,0,0,0,15
03/27/2016,OTH,OR,ANM,WE,Federal Contract Tower,0,4,5,0,9,0,3,6,6,15,0,7,11,6,24,0,2,2,26
03/28/2016,OTH,OR,ANM,WE,Federal Contract Tower,0,5,0,0,5,0,5,4,17,26,0,10,4,17,31,2,40,42,73
03/29/2016,OTH,OR,ANM,WE,Federal Contract Tower,0,7,2,1,10,0,5,5,11,21,0,12,7,12,31,4,56,60,91
03/30/2016,OTH,OR,ANM,WE,Federal Contract Tower,0,3,6,0,9,0,7,8,11,26,0,10,14,11,35,0,40,40,75
03/31/2016,OTH,OR,ANM,WE,Federal Contract Tower,0,19,4,0,23,0,5,8,5,18,0,24,12,5,41,4,0,4,45
04/01/2016,OTH,OR,ANM,WE,Federal Contract Tower,0,13,6,1,20,0,3,13,10,26,0,16,19,11,46,0,58,58,104
04/02/2016,OTH,OR,ANM,WE,Federal Contract Tower,0,6,1,0,7,0,2,21,7,30,0,8,22,7,37,14,23,37,74
04/03/2016,OTH,OR,ANM,WE,Federal Contract Tower,0,4,2,0,6,0,0,9,4,13,0,4,11,4,19,0,2,2,21
04/04/2016,OTH,OR,ANM,WE,Federal Contract Tower,0,7,4,0,11,0,4,2,7,13,0,11,6,7,24,0,18,18,42
04/05/2016,OTH,OR,ANM,WE,Federal Contract Tower,0,3,0,0,3,0,6,11,9,26,0,9,11,9,29,16,0,16,45
04/06/2016,OTH,OR,ANM,WE,Federal Contract Tower,0,3,1,0,4,0,9,5,8,22,0,12,6,8,26,12,20,32,58
04/07/2016,OTH,OR,ANM,WE,Federal Contract Tower,0,8,3,0,11,0,7,25,20,52,0,15,28,20,63,0,0,0,63
04/08/2016,OTH,OR,ANM,WE,Federal Contract Tower,0,15,18,0,33,0,0,1,6,7,0,15,19,6,40,0,0,0,40
04/09/2016,OTH,OR,ANM,WE,Federal Contract Tower,0,8,4,0,12,0,0,1,6,7,0,8,5,6,19,0,40,40,59
04/10/2016,OTH,OR,ANM,WE,Federal Contract Tower,0,7,6,0,13,0,0,10,4,14,0,7,16,4,27,6,0,6,33
04/11/2016,OTH,OR,ANM,WE,Federal Contract Tower,0,8,7,0,15,0,2,3,5,10,0,10,10,5,25,0,10,10,35
04/12/2016,OTH,OR,ANM,WE,Federal Contract Tower,0,7,2,0,9,0,5,0,8,13,0,12,2,8,22,0,4,4,26
04/13/2016,OTH,OR,ANM,WE,Federal Contract Tower,0,8,0,0,8,0,4,5,13,22,0,12,5,13,30,0,12,12,42
04/14/2016,OTH,OR,ANM,WE,Federal Contract Tower,0,2,14,0,16,0,0,0,3,3,0,2,14,3,19,0,26,26,45
04/15/2016,OTH,OR,ANM,WE,Federal Contract Tower,0,12,8,2,22,0,8,5,10,23,0,20,13,12,45,0,10,10,55
04/16/2016,OTH,OR,ANM,WE,Federal Contract Tower,0,6,0,0,6,3,3,8,0,14,3,9,8,0,20,0,8,8,28
04/17/2016,OTH,OR,ANM,WE,Federal Contract Tower,0,7,3,0,10,0,0,19,7,26,0,7,22,7,36,10,12,22,58
04/18/2016,OTH,OR,ANM,WE,Federal Contract Tower,0,8,6,3,17,0,3,10,13,26,0,11,16,16,43,11,6,17,60
04/19/2016,OTH,OR,ANM,WE,Federal Contract Tower,0,4,2,2,8,0,4,10,9,23,0,8,12,11,31,0,12,12,43
04/20/2016,OTH,OR,ANM,WE,Federal Contract Tower,0,9,5,0,14,0,4,9,11,24,0,13,14,11,38,4,0,4,42
04/21/2016,OTH,OR,ANM,WE,Federal Contract Tower,0,9,5,0,14,0,4,6,11,21,0,13,11,11,35,0,22,22,57
04/22/2016,OTH,OR,ANM,WE,Federal Contract Tower,0,9,6,0,15,0,9,6,6,21,0,18,12,6,36,0,8,8,44
04/23/2016,OTH,OR,ANM,WE,Federal Contract Tower,0,12,5,5,22,0,0,0,3,3,0,12,5,8,25,0,0,0,25
04/24/2016,OTH,OR,ANM,WE,Federal Contract Tower,0,6,4,10,20,0,0,0,3,3,0,6,4,13,23,0,0,0,23
04/25/2016,OTH,OR,ANM,WE,Federal Contract Tower,0,6,3,0,9,0,3,12,5,20,0,9,15,5,29,10,0,10,39
04/26/2016,OTH,OR,ANM,WE,Federal Contract Tower,0,7,5,0,12,0,5,8,4,17,0,12,13,4,29,0,2,2,31
04/27/2016,OTH,OR,ANM,WE,Federal Contract Tower,0,6,3,1,10,0,3,5,5,13,0,9,8,6,23,4,0,4,27
04/28/2016,OTH,OR,ANM,WE,Federal Contract Tower,0,9,4,2,15,0,3,4,6,13,0,12,8,8,28,0,12,12,40
04/29/2016,OTH,OR,ANM,WE,Federal Contract Tower,0,11,11,3,25,0,3,3,2,8,0,14,14,5,33,0,0,0,33
04/30/2016,OTH,OR,ANM,WE,Federal Contract Tower,0,5,2,0,7,0,4,7,7,18,0,9,9,7,25,6,2,8,33
05/01/2016,OTH,OR,ANM,WE,Federal Contract Tower,0,9,5,0,14,0,0,12,4,16,0,9,17,4,30,0,4,4,34
05/02/2016,OTH,OR,ANM,WE,Federal Contract Tower,0,8,7,0,15,0,2,5,7,14,0,10,12,7,29,0,6,6,35
05/03/2016,OTH,OR,ANM,WE,Federal Contract Tower,0,9,11,0,20,0,1,3,4,8,0,10,14,4,28,0,12,12,40
05/04/2016,OTH,OR,ANM,WE,Federal Contract Tower,0,16,9,0,25,0,2,1,7,10,0,18,10,7,35,0,14,14,49
05/05/2016,OTH,OR,ANM,WE,Federal Contract Tower,0,19,8,0,27,0,4,2,8,14,0,23,10,8,41,0,0,0,41
05/06/2016,OTH,OR,ANM,WE,Federal Contract Tower,0,11,4,0,15,0,8,12,8,28,0,19,16,8,43,12,12,24,67
05/07/2016,OTH,OR,ANM,WE,Federal Contract Tower,0,8,6,0,14,0,0,1,5,6,0,8,7,5,20,0,14,14,34
05/08/2016,OTH,OR,ANM,WE,Federal Contract Tower,0,8,2,0,10,0,1,2,8,11,0,9,4,8,21,0,2,2,23
05/09/2016,OTH,OR,ANM,WE,Federal Contract Tower,0,7,2,0,9,0,4,9,7,20,0,11,11,7,29,0,0,0,29
05/10/2016,OTH,OR,ANM,WE,Federal Contract Tower,1,8,1,4,14,0,5,13,7,25,1,13,14,11,39,0,0,0,39
05/11/2016,OTH,OR,ANM,WE,Federal Contract Tower,0,1,6,3,10,0,9,12,8,29,0,10,18,11,39,0,0,0,39
05/12/2016,OTH,OR,ANM,WE,Federal Contract Tower,0,19,11,2,32,0,0,0,0,0,0,19,11,2,32,0,0,0,32
05/13/2016,OTH,OR,ANM,WE,Federal Contract Tower,0,11,6,3,20,0,2,3,3,8,0,13,9,6,28,0,0,0,28
05/14/2016,OTH,OR,ANM,WE,Federal Contract Tower,0,8,2,2,12,0,2,4,5,11,0,10,6,7,23,0,0,0,23
05/15/2016,OTH,OR,ANM,WE,Federal Contract Tower,0,13,19,3,35,0,1,6,3,10,0,14,25,6,45,0,2,2,47
05/16/2016,OTH,OR,ANM,WE,Federal Contract Tower,0,10,5,0,15,0,1,9,4,14,0,11,14,4,29,0,21,21,50
05/17/2016,OTH,OR,ANM,WE,Federal Contract Tower,0,4,4,0,8,0,8,7,4,19,0,12,11,4,27,0,0,0,27
05/18/2016,OTH,OR,ANM,WE,Federal Contract Tower,0,12,8,0,20,0,2,7,10,19,0,14,15,10,39,0,0,0,39
05/19/2016,OTH,OR,ANM,WE,Federal Contract Tower,0,14,6,2,22,0,3,3,9,15,0,17,9,11,37,0,0,0,37
05/20/2016,OTH,OR,ANM,WE,Federal Contract Tower,0,11,7,0,18,0,7,7,7,21,0,18,14,7,39,0,0,0,39
05/21/2016,OTH,OR,ANM,WE,Federal Contract Tower,0,5,2,3,10,0,3,15,7,25,0,8,17,10,35,2,0,2,37
05/22/2016,OTH,OR,ANM,WE,Federal Contract Tower,0,5,9,0,14,0,0,1,4,5,0,5,10,4,19,0,0,0,19
05/23/2016,OTH,OR,ANM,WE,Federal Contract Tower,0,9,4,0,13,0,0,0,3,3,0,9,4,3,16,0,0,0,16
05/24/2016,OTH,OR,ANM,WE,Federal Contract Tower,0,3,4,0,7,0,9,14,8,31,0,12,18,8,38,0,0,0,38
05/25/2016,OTH,OR,ANM,WE,Federal Contract Tower,0,10,10,1,21,0,2,6,6,14,0,12,16,7,35,0,8,8,43
05/26/2016,OTH,OR,ANM,WE,Federal Contract Tower,0,13,10,0,23,0,2,4,7,13,0,15,14,7,36,0,0,0,36
05/27/2016,OTH,OR,ANM,WE,Federal Contract Tower,0,5,1,0,6,0,6,5,5,16,0,11,6,5,22,2,0,2,24
05/28/2016,OTH,OR,ANM,WE,Federal Contract Tower,0,4,2,0,6,0,4,13,5,22,0,8,15,5,28,0,4,4,32
05/29/2016,OTH,OR,ANM,WE,Federal Contract Tower,0,4,3,1,8,0,0,3,3,6,0,4,6,4,14,2,0,2,16
05/30/2016,OTH,OR,ANM,WE,Federal Contract Tower,0,4,4,0,8,0,0,28,5,33,0,4,32,5,41,4,2,6,47
05/31/2016,OTH,OR,ANM,WE,Federal Contract Tower,0,6,1,0,7,0,4,6,7,17,0,10,7,7,24,0,12,12,36
06/01/2016,OTH,OR,ANM,WE,Federal Contract Tower,0,7,5,0,12,0,4,9,6,19,0,11,14,6,31,6,12,18,49
06/02/2016,OTH,OR,ANM,WE,Federal Contract Tower,0,12,6,1,19,0,1,3,3,7,0,13,9,4,26,0,0,0,26
06/03/2016,OTH,OR,ANM,WE,Federal Contract Tower,0,10,9,0,19,0,5,14,3,22,0,15,23,3,41,0,8,8,49
06/04/2016,OTH,OR,ANM,WE,Federal Contract Tower,0,4,3,0,7,0,1,11,6,18,0,5,14,6,25,0,0,0,25
06/05/2016,OTH,OR,ANM,WE,Federal Contract Tower,0,9,8,1,18,0,0,2,2,4,0,9,10,3,22,6,0,6,28
06/06/2016,OTH,OR,ANM,WE,Federal Contract Tower,0,10,6,0,16,0,3,4,6,13,0,13,10,6,29,0,0,0,29
06/07/2016,OTH,OR,ANM,WE,Federal Contract Tower,0,11,6,0,17,0,4,6,2,12,0,15,12,2,29,0,0,0,29
06/08/2016,OTH,OR,ANM,WE,Federal Contract Tower,0,12,10,1,23,0,0,3,11,14,0,12,13,12,37,0,20,20,57
06/09/2016,OTH,OR,ANM,WE,Federal Contract Tower,0,14,2,0,16,0,4,1,10,15,0,18,3,10,31,0,18,18,49
06/10/2016,OTH,OR,ANM,WE,Federal Contract Tower,0,12,1,0,13,0,2,5,2,9,0,14,6,2,22,4,0,4,26
06/11/2016,OTH,OR,ANM,WE,Federal Contract Tower,0,11,1,0,12,0,2,8,5,15,0,13,9,5,27,0,0,0,27
06/12/2016,OTH,OR,ANM,WE,Federal Contract Tower,0,9,6,0,15,0,1,6,9,16,0,10,12,9,31,0,0,0,31
06/13/2016,OTH,OR,ANM,WE,Federal Contract Tower,0,10,2,0,12,0,1,2,18,21,0,11,4,18,33,0,0,0,33
06/14/2016,OTH,OR,ANM,WE,Federal Contract Tower,0,6,0,0,6,0,4,6,14,24,0,10,6,14,30,0,6,6,36
06/15/2016,OTH,OR,ANM,WE,Federal Contract Tower,0,11,4,0,15,0,9,4,10,23,0,20,8,10,38,0,2,2,40
06/16/2016,OTH,OR,ANM,WE,Federal Contract Tower,0,7,7,0,14,0,6,3,8,17,0,13,10,8,31,0,0,0,31
06/17/2016,OTH,OR,ANM,WE,Federal Contract Tower,0,7,5,2,14,0,5,12,9,26,0,12,17,11,40,0,6,6,46
06/18/2016,OTH,OR,ANM,WE,Federal Contract Tower,0,9,3,0,12,0,4,15,5,24,0,13,18,5,36,2,2,4,40
06/19/2016,OTH,OR,ANM,WE,Federal Contract Tower,0,8,3,1,12,0,0,7,3,10,0,8,10,4,22,0,0,0,22
06/20/2016,OTH,OR,ANM,WE,Federal Contract Tower,0,8,6,0,14,0,4,2,10,16,0,12,8,10,30,0,0,0,30
06/21/2016,OTH,OR,ANM,WE,Federal Contract Tower,0,6,5,0,11,0,5,14,5,24,0,11,19,5,35,0,4,4,39
06/22/2016,OTH,OR,ANM,WE,Federal Contract Tower,0,15,7,1,23,0,4,15,12,31,0,19,22,13,54,0,8,8,62
06/23/2016,OTH,OR,ANM,WE,Federal Contract Tower,0,19,12,0,31,0,1,3,7,11,0,20,15,7,42,0,10,10,52
06/24/2016,OTH,OR,ANM,WE,Federal Contract Tower,0,8,8,4,20,0,7,11,7,25,0,15,19,11,45,0,6,6,51
06/25/2016,OTH,OR,ANM,WE,Federal Contract Tower,0,4,8,1,13,0,3,11,3,17,0,7,19,4,30,2,0,2,32
06/26/2016,OTH,OR,ANM,WE,Federal Contract Tower,0,11,24,0,35,0,0,3,9,12,0,11,27,9,47,0,12,12,59
06/27/2016,OTH,OR,ANM,WE,Federal Contract Tower,0,10,2,0,12,0,0,0,4,4,0,10,2,4,16,0,0,0,16
06/28/2016,OTH,OR,ANM,WE,Federal Contract Tower,0,14,7,0,21,0,2,9,7,18,0,16,16,7,39,0,2,2,41
06/29/2016,OTH,OR,ANM,WE,Federal Contract Tower,0,16,4,0,20,0,3,6,4,13,0,19,10,4,33,0,0,0,33
06/30/2016,OTH,OR,ANM,WE,Federal Contract Tower,0,10,3,2,15,0,7,6,11,24,0,17,9,13,39,2,8,10,49
07/01/2016,OTH,OR,ANM,WE,Federal Contract Tower,0,7,1,0,8,0,7,4,6,17,0,14,5,6,25,0,2,2,27
07/02/2016,OTH,OR,ANM,WE,Federal Contract Tower,0,9,4,0,13,0,2,5,5,12,0,11,9,5,25,0,4,4,29
07/03/2016,OTH,OR,ANM,WE,Federal Contract Tower,0,8,1,0,9,0,0,5,7,12,0,8,6,7,21,0,2,2,23
07/04/2016,OTH,OR,ANM,WE,Federal Contract Tower,0,3,6,0,9,0,0,8,3,11,0,3,14,3,20,0,8,8,28
07/05/2016,OTH,OR,ANM,WE,Federal Contract Tower,0,8,7,0,15,0,4,10,9,23,0,12,17,9,38,0,0,0,38
07/06/2016,OTH,OR,ANM,WE,Federal Contract Tower,0,10,4,0,14,0,5,15,8,28,0,15,19,8,42,2,26,28,70
07/07/2016,OTH,OR,ANM,WE,Federal Contract Tower,0,11,7,0,18,0,4,6,3,13,0,15,13,3,31,0,0,0,31
07/08/2016,OTH,OR,ANM,WE,Federal Contract Tower,0,20,14,7,41,0,2,0,6,8,0,22,14,13,49,0,0,0,49
07/09/2016,OTH,OR,ANM,WE,Federal Contract Tower,0,9,7,0,16,0,2,5,10,17,0,11,12,10,33,0,24,24,57
07/10/2016,OTH,OR,ANM,WE,Federal Contract Tower,0,18,12,1,31,0,0,2,4,6,0,18,14,5,37,0,6,6,43
07/11/2016,OTH,OR,ANM,WE,Federal Contract Tower,0,8,9,0,17,0,3,6,5,14,0,11,15,5,31,0,0,0,31
07/12/2016,OTH,OR,ANM,WE,Federal Contract Tower,0,10,7,4,21,0,4,6,4,14,0,14,13,8,35,2,2,4,39
07/13/2016,OTH,OR,ANM,WE,Federal Contract Tower,0,2,11,4,17,0,4,10,7,21,0,6,21,11,38,0,6,6,44
07/14/2016,OTH,OR,ANM,WE,Federal Contract Tower,0,7,1,0,8,0,3,7,11,21,0,10,8,11,29,0,28,28,57
07/15/2016,OTH,OR,ANM,WE,Federal Contract Tower,0,10,5,0,15,0,7,6,6,19,0,17,11,6,34,2,10,12,46
07/16/2016,OTH,OR,ANM,WE,Federal Contract Tower,0,12,4,0,16,0,0,17,5,22,0,12,21,5,38,0,40,40,78
07/17/2016,OTH,OR,ANM,WE,Federal Contract Tower,0,12,7,1,20,0,0,13,3,16,0,12,20,4,36,0,0,0,36
07/18/2016,OTH,OR,ANM,WE,Federal Contract Tower,0,13,7,0,20,0,2,0,7,9,0,15,7,7,29,2,18,20,49
07/19/2016,OTH,OR,ANM,WE,Federal Contract Tower,0,11,2,0,13,0,7,7,5,19,0,18,9,5,32,0,12,12,44
07/20/2016,OTH,OR,ANM,WE,Federal Contract Tower,0,16,2,0,18,0,6,7,9,22,0,22,9,9,40,0,10,10,50
07/21/2016,OTH,OR,ANM,WE,Federal Contract Tower,0,12,4,2,18,0,1,3,4,8,0,13,7,6,26,0,0,0,26
07/22/2016,OTH,OR,ANM,WE,Federal Contract Tower,0,12,2,0,14,0,5,10,7,22,0,17,12,7,36,4,0,4,40
07/23/2016,OTH,OR,ANM,WE,Federal Contract Tower,0,6,2,0,8,0,2,5,6,13,0,8,7,6,21,0,26,26,47
07/24/2016,OTH,OR,ANM,WE,Federal Contract Tower,0,8,9,1,18,0,0,8,5,13,0,8,17,6,31,0,6,6,37
07/25/2016,OTH,OR,ANM,WE,Federal Contract Tower,0,10,1,1,12,0,1,2,7,10,0,11,3,8,22,0,18,18,40
07/26/2016,OTH,OR,ANM,WE,Federal Contract Tower,0,8,0,0,8,0,0,0,0,0,0,8,0,0,8,0,18,18,26
07/27/2016,OTH,OR,ANM,WE,Federal Contract Tower,1,11,6,0,18,0,3,1,5,9,1,14,7,5,27,0,0,0,27
07/28/2016,OTH,OR,ANM,WE,Federal Contract Tower,0,8,2,2,12,0,4,1,4,9,0,12,3,6,21,0,0,0,21
07/29/2016,OTH,OR,ANM,WE,Federal Contract Tower,0,13,6,3,22,0,1,7,2,10,0,14,13,5,32,0,0,0,32
07/30/2016,OTH,OR,ANM,WE,Federal Contract Tower,0,6,0,0,6,0,5,6,4,15,0,11,6,4,21,0,4,4,25
07/31/2016,OTH,OR,ANM,WE,Federal Contract Tower,0,14,2,0,16,0,2,12,5,19,0,16,14,5,35,0,6,6,41
08/01/2016,OTH,OR,ANM,WE,Federal Contract Tower,0,5,4,0,9,0,5,6,1,12,0,10,10,1,21,0,0,0,21
08/02/2016,OTH,OR,ANM,WE,Federal Contract Tower,0,8,3,0,11,0,10,9,6,25,0,18,12,6,36,0,0,0,36
08/03/2016,OTH,OR,ANM,WE,Federal Contract Tower,1,17,5,2,25,0,8,16,4,28,1,25,21,6,53,4,0,4,57
08/04/2016,OTH,OR,ANM,WE,Federal Contract Tower,0,13,13,1,27,0,0,2,2,4,0,13,15,3,31,0,0,0,31
08/05/2016,OTH,OR,ANM,WE,Federal Contract Tower,0,14,4,1,19,0,3,11,9,23,0,17,15,10,42,0,0,0,42
08/06/2016,OTH,OR,ANM,WE,Federal Contract Tower,0,9,6,0,15,0,4,9,6,19,0,13,15,6,34,0,46,46,80
08/07/2016,OTH,OR,ANM,WE,Federal Contract Tower,2,9,11,0,22,0,10,3,0,13,2,19,14,0,35,0,18,18,53
08/08/2016,OTH,OR,ANM,WE,Federal Contract Tower,0,11,13,0,24,0,3,13,8,24,0,14,26,8,48,0,0,0,48
08/09/2016,OTH,OR,ANM,WE,Federal Contract Tower,0,10,8,2,20,0,3,18,15,36,0,13,26,17,56,0,20,20,76
08/10/2016,OTH,OR,ANM,WE,Federal Contract Tower,5,14,2,0,21,0,2,12,6,20,5,16,14,6,41,2,4,6,47
08/11/2016,OTH,OR,ANM,WE,Federal Contract Tower,0,7,10,0,17,0,6,7,2,15,0,13,17,2,32,0,0,0,32
08/12/2016,OTH,OR,ANM,WE,Federal Contract Tower,0,11,2,0,13,0,5,22,4,31,0,16,24,4,44,2,12,14,58
08/13/2016,OTH,OR,ANM,WE,Federal Contract Tower,0,10,6,1,17,0,1,3,2,6,0,11,9,3,23,0,0,0,23
08/14/2016,OTH,OR,ANM,WE,Federal Contract Tower,2,5,12,1,20,0,0,5,2,7,2,5,17,3,27,0,0,0,27
08/15/2016,OTH,OR,ANM,WE,Federal Contract Tower,0,13,6,0,19,0,3,2,6,11,0,16,8,6,30,0,20,20,50
08/16/2016,OTH,OR,ANM,WE,Federal Contract Tower,0,14,12,0,26,0,4,6,2,12,0,18,18,2,38,0,4,4,42
08/17/2016,OTH,OR,ANM,WE,Federal Contract Tower,2,16,11,0,29,0,4,12,8,24,2,20,23,8,53,0,34,34,87
08/18/2016,OTH,OR,ANM,WE,Federal Contract Tower,0,11,2,0,13,0,13,9,2,24,0,24,11,2,37,0,34,34,71
08/19/2016,OTH,OR,ANM,WE,Federal Contract Tower,0,10,9,0,19,0,3,15,6,24,0,13,24,6,43,0,48,48,91
08/20/2016,OTH,OR,ANM,WE,Federal Contract Tower,0,11,6,0,17,0,5,18,7,30,0,16,24,7,47,10,12,22,69
08/21/2016,OTH,OR,ANM,WE,Federal Contract Tower,0,12,7,1,20,0,0,3,8,11,0,12,10,9,31,0,46,46,77
08/22/2016,OTH,OR,ANM,WE,Federal Contract Tower,0,14,1,0,15,0,3,6,11,20,0,17,7,11,35,0,28,28,63
08/23/2016,OTH,OR,ANM,WE,Federal Contract Tower,0,12,1,1,14,0,2,1,1,4,0,14,2,2,18,0,0,0,18
08/24/2016,OTH,OR,ANM,WE,Federal Contract Tower,2,17,3,0,22,0,4,8,16,28,2,21,11,16,50,0,58,58,108
08/25/2016,OTH,OR,ANM,WE,Federal Contract Tower,0,8,6,0,14,0,4,8,9,21,0,12,14,9,35,0,0,0,35
08/26/2016,OTH,OR,ANM,WE,Federal Contract Tower,0,9,10,0,19,0,5,3,12,20,0,14,13,12,39,0,46,46,85
08/27/2016,OTH,OR,ANM,WE,Federal Contract Tower,0,7,1,1,9,0,1,1,1,3,0,8,2,2,12,0,12,12,24
08/28/2016,OTH,OR,ANM,WE,Federal Contract Tower,2,9,24,4,39,0,0,5,5,10,2,9,29,9,49,0,0,0,49
08/29/2016,OTH,OR,ANM,WE,Federal Contract Tower,0,11,10,2,23,0,0,8,12,20,0,11,18,14,43,0,48,48,91
08/30/2016,OTH,OR,ANM,WE,Federal Contract Tower,0,15,11,4,30,0,2,7,8,17,0,17,18,12,47,0,38,38,85
08/31/2016,OTH,OR,ANM,WE,Federal Contract Tower,2,15,9,5,31,0,0,1,12,13,2,15,10,17,44,0,36,36,80
09/01/2016,OTH,OR,ANM,WE,Federal Contract Tower,0,8,8,0,16,0,4,8,11,23,0,12,16,11,39,0,44,44,83
09/02/2016,OTH,OR,ANM,WE,Federal Contract Tower,0,16,7,0,23,0,8,7,8,23,0,24,14,8,46,0,44,44,90
09/03/2016,OTH,OR,ANM,WE,Federal Contract Tower,0,6,4,0,10,0,2,8,6,16,0,8,12,6,26,0,0,0,26
09/04/2016,OTH,OR,ANM,WE,Federal Contract Tower,0,5,4,0,9,0,3,9,4,16,0,8,13,4,25,0,0,0,25
09/05/2016,OTH,OR,ANM,WE,Federal Contract Tower,0,6,2,0,8,0,1,14,7,22,0,7,16,7,30,2,24,26,56
09/06/2016,OTH,OR,ANM,WE,Federal Contract Tower,0,15,5,1,21,0,0,0,0,0,0,15,5,1,21,0,0,0,21
09/07/2016,OTH,OR,ANM,WE,Federal Contract Tower,2,16,8,0,26,0,6,10,11,27,2,22,18,11,53,0,0,0,53
09/08/2016,OTH,OR,ANM,WE,Federal Contract Tower,0,7,6,0,13,0,8,8,7,23,0,15,14,7,36,14,0,14,50
09/09/2016,OTH,OR,ANM,WE,Federal Contract Tower,0,11,4,0,15,0,7,10,5,22,0,18,14,5,37,0,2,2,39
09/10/2016,OTH,OR,ANM,WE,Federal Contract Tower,0,5,6,1,12,0,3,6,5,14,0,8,12,6,26,0,2,2,28
09/11/2016,OTH,OR,ANM,WE,Federal Contract Tower,2,11,4,1,18,0,3,9,4,16,2,14,13,5,34,0,26,26,60
09/12/2016,OTH,OR,ANM,WE,Federal Contract Tower,0,13,8,0,21,0,3,8,8,19,0,16,16,8,40,6,14,20,60
09/13/2016,OTH,OR,ANM,WE,Federal Contract Tower,0,8,1,1,10,0,1,11,9,21,0,9,12,10,31,0,10,10,41
09/14/2016,OTH,OR,ANM,WE,Federal Contract Tower,2,12,17,1,32,0,2,9,5,16,2,14,26,6,48,0,0,0,48
09/15/2016,OTH,OR,ANM,WE,Federal Contract Tower,0,14,6,0,20,0,3,2,49,54,0,17,8,49,74,0,14,14,88
09/16/2016,OTH,OR,ANM,WE,Federal Contract Tower,0,18,5,2,25,0,0,1,0,1,0,18,6,2,26,0,0,0,26
09/17/2016,OTH,OR,ANM,WE,Federal Contract Tower,0,8,5,3,16,0,3,7,2,12,0,11,12,5,28,0,0,0,28
09/18/2016,OTH,OR,ANM,WE,Federal Contract Tower,2,4,15,2,23,0,0,0,2,2,2,4,15,4,25,0,0,0,25
09/19/2016,OTH,OR,ANM,WE,Federal Contract Tower,0,6,5,0,11,0,3,9,16,28,0,9,14,16,39,0,6,6,45
09/20/2016,OTH,OR,ANM,WE,Federal Contract Tower,0,10,3,0,13,0,15,8,8,31,0,25,11,8,44,0,20,20,64
09/21/2016,OTH,OR,ANM,WE,Federal Contract Tower,2,12,10,1,25,0,5,11,6,22,2,17,21,7,47,0,1,1,48
09/22/2016,OTH,OR,ANM,WE,Federal Contract Tower,0,9,3,0,12,0,6,12,5,23,0,15,15,5,35,0,0,0,35
09/23/2016,OTH,OR,ANM,WE,Federal Contract Tower,1,14,8,0,23,0,0,0,14,14,1,14,8,14,37,0,0,0,37
09/24/2016,OTH,OR,ANM,WE,Federal Contract Tower,0,8,6,0,14,0,0,10,6,16,0,8,16,6,30,8,0,8,38
09/25/2016,OTH,OR,ANM,WE,Federal Contract Tower,2,5,10,0,17,0,0,8,4,12,2,5,18,4,29,0,0,0,29
09/26/2016,OTH,OR,ANM,WE,Federal Contract Tower,0,12,4,1,17,0,3,10,5,18,0,15,14,6,35,0,12,12,47
09/27/2016,OTH,OR,ANM,WE,Federal Contract Tower,0,10,5,0,15,0,5,3,10,18,0,15,8,10,33,1,1,2,35
09/28/2016,OTH,OR,ANM,WE,Federal Contract Tower,2,12,13,0,27,0,3,6,4,13,2,15,19,4,40,0,0,0,40
09/29/2016,OTH,OR,ANM,WE,Federal Contract Tower,0,17,13,1,31,0,1,6,6,13,0,18,19,7,44,4,4,8,52
09/30/2016,OTH,OR,ANM,WE,Federal Contract Tower,0,12,10,0,22,0,2,4,9,15,0,14,14,9,37,0,14,14,51
10/01/2016,OTH,OR,ANM,WE,Federal Contract Tower,0,10,3,1,14,0,1,0,2,3,0,11,3,3,17,0,0,0,17
10/02/2016,OTH,OR,ANM,WE,Federal Contract Tower,2,12,17,0,31,0,0,5,5,10,2,12,22,5,41,0,0,0,41
10/03/2016,OTH,OR,ANM,WE,Federal Contract Tower,0,10,5,5,20,0,0,0,8,8,0,10,5,13,28,0,8,8,36
10/04/2016,OTH,OR,ANM,WE,Federal Contract Tower,0,14,10,2,26,0,13,6,13,32,0,27,16,15,58,0,42,42,100
10/05/2016,OTH,OR,ANM,WE,Federal Contract Tower,2,16,2,0,20,0,0,0,8,8,2,16,2,8,28,0,2,2,30
10/06/2016,OTH,OR,ANM,WE,Federal Contract Tower,0,12,5,0,17,0,0,8,7,15,0,12,13,7,32,0,0,0,32
10/07/2016,OTH,OR,ANM,WE,Federal Contract Tower,0,22,12,2,36,0,1,3,2,6,0,23,15,4,42,0,0,0,42
10/08/2016,OTH,OR,ANM,WE,Federal Contract Tower,0,7,3,3,13,0,1,2,1,4,0,8,5,4,17,0,0,0,17
10/09/2016,OTH,OR,ANM,WE,Federal Contract Tower,0,7,7,0,14,0,6,3,8,17,0,13,10,8,31,0,0,0,31
10/10/2016,OTH,OR,ANM,WE,Federal Contract Tower,0,14,9,0,23,0,0,0,0,0,0,14,9,0,23,0,0,0,23
10/11/2016,OTH,OR,ANM,WE,Federal Contract Tower,0,13,2,0,15,0,2,5,6,13,0,15,7,6,28,2,0,2,30
10/12/2016,OTH,OR,ANM,WE,Federal Contract Tower,0,15,19,0,34,0,2,5,6,13,0,17,24,6,47,0,4,4,51
10/13/2016,OTH,OR,ANM,WE,Federal Contract Tower,0,20,6,0,26,0,0,0,1,1,0,20,6,1,27,0,2,2,29
10/14/2016,OTH,OR,ANM,WE,Federal Contract Tower,0,11,1,0,12,0,0,0,7,7,0,11,1,7,19,0,24,24,43
10/15/2016,OTH,OR,ANM,WE,Federal Contract Tower,0,4,0,0,4,0,0,0,0,0,0,4,0,0,4,0,0,0,4
10/16/2016,OTH,OR,ANM,WE,Federal Contract Tower,0,5,4,0,9,0,2,0,4,6,0,7,4,4,15,0,0,0,15
10/17/2016,OTH,OR,ANM,WE,Federal Contract Tower,0,8,5,0,13,0,2,2,5,9,0,10,7,5,22,0,0,0,22
10/18/2016,OTH,OR,ANM,WE,Federal Contract Tower,0,8,4,0,12,0,4,1,13,18,0,12,5,13,30,0,0,0,30
10/19/2016,OTH,OR,ANM,WE,Federal Contract Tower,0,6,6,0,12,0,5,3,7,15,0,11,9,7,27,0,6,6,33
10/20/2016,OTH,OR,ANM,WE,Federal Contract Tower,0,11,8,2,21,0,0,0,0,0,0,11,8,2,21,0,0,0,21
10/21/2016,OTH,OR,ANM,WE,Federal Contract Tower,0,12,8,4,24,0,3,1,0,4,0,15,9,4,28,0,18,18,46
10/22/2016,OTH,OR,ANM,WE,Federal Contract Tower,0,6,1,1,8,0,4,13,6,23,0,10,14,7,31,6,5,11,42
10/23/2016,OTH,OR,ANM,WE,Federal Contract Tower,0,5,10,0,15,0,0,5,8,13,0,5,15,8,28,0,4,4,32
10/24/2016,OTH,OR,ANM,WE,Federal Contract Tower,0,6,5,0,11,0,3,1,4,8,0,9,6,4,19,0,4,4,23
10/25/2016,OTH,OR,ANM,WE,Federal Contract Tower,0,13,3,0,16,0,4,4,8,16,0,17,7,8,32,0,10,10,42
10/26/2016,OTH,OR,ANM,WE,Federal Contract Tower,0,16,3,0,19,0,3,1,0,4,0,19,4,0,23,0,0,0,23
10/27/2016,OTH,OR,ANM,WE,Federal Contract Tower,0,13,3,0,16,0,1,4,4,9,0,14,7,4,25,0,64,64,89
10/28/2016,OTH,OR,ANM,WE,Federal Contract Tower,0,9,6,0,15,0,3,6,8,17,0,12,12,8,32,0,64,64,96
10/29/2016,OTH,OR,ANM,WE,Federal Contract Tower,0,7,1,3,11,0,2,10,3,15,0,9,11,6,26,2,2,4,30
10/30/2016,OTH,OR,ANM,WE,Federal Contract Tower,0,6,5,0,11,0,0,1,4,5,0,6,6,4,16,0,0,0,16
10/31/2016,OTH,OR,ANM,WE,Federal Contract Tower,0,9,2,0,11,0,2,13,0,15,0,11,15,0,26,0,2,2,28
11/01/2016,OTH,OR,ANM,WE,Federal Contract Tower,0,5,5,0,10,0,4,2,16,22,0,9,7,16,32,2,18,20,52
11/02/2016,OTH,OR,ANM,WE,Federal Contract Tower,0,7,4,0,11,0,4,3,7,14,0,11,7,7,25,0,8,8,33
11/03/2016,OTH,OR,ANM,WE,Federal Contract Tower,0,8,0,0,8,0,19,12,9,40,0,27,12,9,48,14,14,28,76
11/04/2016,OTH,OR,ANM,WE,Federal Contract Tower,0,12,0,0,12,0,7,3,13,23,0,19,3,13,35,0,6,6,41
11/05/2016,OTH,OR,ANM,WE,Federal Contract Tower,0,4,3,2,9,0,0,0,2,2,0,4,3,4,11,0,0,0,11
11/06/2016,OTH,OR,ANM,WE,Federal Contract Tower,0,6,2,0,8,0,0,2,9,11,0,6,4,9,19,0,6,6,25
11/07/2016,OTH,OR,ANM,WE,Federal Contract Tower,0,5,5,0,10,0,5,3,6,14,0,10,8,6,24,0,46,46,70
11/08/2016,OTH,OR,ANM,WE,Federal Contract Tower,0,8,1,0,9,0,5,5,11,21,0,13,6,11,30,0,4,4,34
11/09/2016,OTH,OR,ANM,WE,Federal Contract Tower,0,12,1,0,13,0,1,2,3,6,0,13,3,3,19,0,4,4,23
11/10/2016,OTH,OR,ANM,WE,Federal Contract Tower,0,10,6,3,19,0,0,2,2,4,0,10,8,5,23,0,0,0,23
11/11/2016,OTH,OR,ANM,WE,Federal Contract Tower,0,11,1,0,12,0,1,5,7,13,0,12,6,7,25,0,8,8,33
11/12/2016,OTH,OR,ANM,WE,Federal Contract Tower,0,4,0,0,4,0,0,1,2,3,0,4,1,2,7,0,0,0,7
11/13/2016,OTH,OR,ANM,WE,Federal Contract Tower,0,4,3,0,7,0,1,5,14,20,0,5,8,14,27,8,8,16,43
11/14/2016,OTH,OR,ANM,WE,Federal Contract Tower,0,8,6,0,14,0,0,1,2,3,0,8,7,2,17,0,0,0,17
11/15/2016,OTH,OR,ANM,WE,Federal Contract Tower,0,5,4,0,9,0,1,10,0,11,0,6,14,0,20,0,6,6,26
11/16/2016,OTH,OR,ANM,WE,Federal Contract Tower,0,16,6,0,22,0,0,2,10,12,0,16,8,10,34,0,11,11,45
11/17/2016,OTH,OR,ANM,WE,Federal Contract Tower,0,11,4,0,15,0,17,4,9,30,0,28,8,9,45,4,14,18,63
11/18/2016,OTH,OR,ANM,WE,Federal Contract Tower,0,11,3,0,14,0,3,0,6,9,0,14,3,6,23,0,12,12,35
11/19/2016,OTH,OR,ANM,WE,Federal Contract Tower,0,3,3,0,6,0,1,5,8,14,0,4,8,8,20,4,10,14,34
11/20/2016,OTH,OR,ANM,WE,Federal Contract Tower,0,6,2,0,8,0,0,0,2,2,0,6,2,2,10,0,0,0,10
11/21/2016,OTH,OR,ANM,WE,Federal Contract Tower,0,7,5,2,14,0,3,3,8,14,0,10,8,10,28,0,28,28,56
11/22/2016,OTH,OR,ANM,WE,Federal Contract Tower,0,12,3,0,15,0,2,1,12,15,0,14,4,12,30,0,18,18,48
11/23/2016,OTH,OR,ANM,WE,Federal Contract Tower,0,12,2,0,14,0,0,0,0,0,0,12,2,0,14,0,18,18,32
11/24/2016,OTH,OR,ANM,WE,Federal Contract Tower,0,0,0,0,0,0,0,0,0,0,0,0,0,0,0,0,2,2,2
11/25/2016,OTH,OR,ANM,WE,Federal Contract Tower,0,8,0,1,9,0,0,0,0,0,0,8,0,1,9,0,2,2,11
11/26/2016,OTH,OR,ANM,WE,Federal Contract Tower,0,6,1,0,7,0,1,2,3,6,0,7,3,3,13,0,0,0,13
11/27/2016,OTH,OR,ANM,WE,Federal Contract Tower,0,6,2,0,8,0,0,3,2,5,0,6,5,2,13,0,0,0,13
11/28/2016,OTH,OR,ANM,WE,Federal Contract Tower,0,9,0,0,9,0,0,0,3,3,0,9,0,3,12,0,5,5,17
11/29/2016,OTH,OR,ANM,WE,Federal Contract Tower,0,4,0,0,4,0,5,9,20,34,0,9,9,20,38,12,60,72,110
11/30/2016,OTH,OR,ANM,WE,Federal Contract Tower,0,11,0,0,11,0,4,0,0,4,0,15,0,0,15,0,23,23,38
12/01/2016,OTH,OR,ANM,WE,Federal Contract Tower,0,6,3,0,9,0,5,5,7,17,0,11,8,7,26,0,6,6,32
12/02/2016,OTH,OR,ANM,WE,Federal Contract Tower,0,9,3,2,14,0,4,3,5,12,0,13,6,7,26,0,0,0,26
12/03/2016,OTH,OR,ANM,WE,Federal Contract Tower,0,4,1,0,5,0,1,1,4,6,0,5,2,4,11,0,0,0,11
12/04/2016,OTH,OR,ANM,WE,Federal Contract Tower,0,4,0,0,4,0,0,0,4,4,0,4,0,4,8,0,0,0,8
12/05/2016,OTH,OR,ANM,WE,Federal Contract Tower,0,10,1,0,11,0,0,1,9,10,0,10,2,9,21,0,46,46,67
12/06/2016,OTH,OR,ANM,WE,Federal Contract Tower,0,3,4,3,10,0,13,3,25,41,0,16,7,28,51,0,18,18,69
12/07/2016,OTH,OR,ANM,WE,Federal Contract Tower,0,5,4,0,9,0,5,7,4,16,0,10,11,4,25,0,26,26,51
12/08/2016,OTH,OR,ANM,WE,Federal Contract Tower,0,9,0,3,12,0,0,0,4,4,0,9,0,7,16,6,0,6,22
12/09/2016,OTH,OR,ANM,WE,Federal Contract Tower,0,5,2,0,7,0,0,0,4,4,0,5,2,4,11,0,10,10,21
12/10/2016,OTH,OR,ANM,WE,Federal Contract Tower,0,2,0,0,2,0,3,6,4,13,0,5,6,4,15,0,0,0,15
12/11/2016,OTH,OR,ANM,WE,Federal Contract Tower,0,4,2,0,6,0,0,2,4,6,0,4,4,4,12,0,0,0,12
12/12/2016,OTH,OR,ANM,WE,Federal Contract Tower,0,8,4,0,12,0,1,6,16,23,0,9,10,16,35,0,8,8,43
12/13/2016,OTH,OR,ANM,WE,Federal Contract Tower,0,6,3,0,9,0,7,2,8,17,0,13,5,8,26,12,16,28,54
12/14/2016,OTH,OR,ANM,WE,Federal Contract Tower,0,10,9,5,24,0,1,1,4,6,0,11,10,9,30,0,18,18,48
12/15/2016,OTH,OR,ANM,WE,Federal Contract Tower,0,7,1,0,8,0,1,2,9,12,0,8,3,9,20,0,0,0,20
12/16/2016,OTH,OR,ANM,WE,Federal Contract Tower,0,7,8,0,15,0,3,12,5,20,0,10,20,5,35,0,0,0,35
12/17/2016,OTH,OR,ANM,WE,Federal Contract Tower,0,5,5,0,10,0,4,1,5,10,0,9,6,5,20,0,0,0,20
12/18/2016,OTH,OR,ANM,WE,Federal Contract Tower,0,6,2,0,8,0,0,4,8,12,0,6,6,8,20,0,0,0,20
12/19/2016,OTH,OR,ANM,WE,Federal Contract Tower,0,8,1,0,9,0,0,4,6,10,0,8,5,6,19,10,0,10,29
12/20/2016,OTH,OR,ANM,WE,Federal Contract Tower,0,8,5,0,13,0,2,1,5,8,0,10,6,5,21,0,0,0,21
12/21/2016,OTH,OR,ANM,WE,Federal Contract Tower,0,8,1,0,9,0,7,7,8,22,0,15,8,8,31,0,2,2,33
12/22/2016,OTH,OR,ANM,WE,Federal Contract Tower,0,6,0,0,6,0,6,4,6,16,0,12,4,6,22,0,0,0,22
12/23/2016,OTH,OR,ANM,WE,Federal Contract Tower,0,12,0,0,12,0,1,0,4,5,0,13,0,4,17,0,0,0,17
12/24/2016,OTH,OR,ANM,WE,Federal Contract Tower,0,5,0,0,5,1,5,3,4,13,1,10,3,4,18,8,0,8,26
12/25/2016,OTH,OR,ANM,WE,Federal Contract Tower,0,1,0,0,1,0,2,1,5,8,0,3,1,5,9,0,0,0,9
12/26/2016,OTH,OR,ANM,WE,Federal Contract Tower,0,5,2,0,7,0,5,1,6,12,0,10,3,6,19,0,0,0,19
12/27/2016,OTH,OR,ANM,WE,Federal Contract Tower,0,9,0,0,9,0,0,3,6,9,0,9,3,6,18,4,0,4,22
12/28/2016,OTH,OR,ANM,WE,Federal Contract Tower,0,10,3,0,13,0,11,11,3,25,0,21,14,3,38,0,0,0,38
12/29/2016,OTH,OR,ANM,WE,Federal Contract Tower,0,4,1,1,6,0,5,9,5,19,0,9,10,6,25,0,34,34,59
12/30/2016,OTH,OR,ANM,WE,Federal Contract Tower,0,8,3,0,11,0,4,1,5,10,0,12,4,5,21,0,0,0,21
12/31/2016,OTH,OR,ANM,WE,Federal Contract Tower,0,2,0,0,2,0,2,7,4,13,0,4,7,4,15,0,0,0,15
01/01/2017,OTH,OR,ANM,WE,Federal Contract Tower,0,4,0,0,4,0,0,0,9,9,0,4,0,9,13,0,0,0,13
01/02/2017,OTH,OR,ANM,WE,Federal Contract Tower,0,4,5,0,9,0,1,1,14,16,0,5,6,14,25,0,18,18,43
01/03/2017,OTH,OR,ANM,WE,Federal Contract Tower,0,5,2,0,7,0,17,10,4,31,0,22,12,4,38,18,22,40,78
01/04/2017,OTH,OR,ANM,WE,Federal Contract Tower,0,3,0,0,3,0,1,0,2,3,0,4,0,2,6,0,0,0,6
01/05/2017,OTH,OR,ANM,WE,Federal Contract Tower,0,4,3,1,8,0,4,7,5,16,0,8,10,6,24,0,0,0,24
01/06/2017,OTH,OR,ANM,WE,Federal Contract Tower,0,6,4,1,11,0,9,4,5,18,0,15,8,6,29,4,0,4,33
01/07/2017,OTH,OR,ANM,WE,Federal Contract Tower,0,3,3,0,6,0,0,0,4,4,0,3,3,4,10,0,24,24,34
01/08/2017,OTH,OR,ANM,WE,Federal Contract Tower,0,2,1,2,5,0,0,1,0,1,0,2,2,2,6,0,0,0,6
01/09/2017,OTH,OR,ANM,WE,Federal Contract Tower,0,5,3,0,8,0,0,0,6,6,0,5,3,6,14,0,0,0,14
01/10/2017,OTH,OR,ANM,WE,Federal Contract Tower,0,8,6,10,24,0,0,0,35,35,0,8,6,45,59,0,20,20,79
01/11/2017,OTH,OR,ANM,WE,Federal Contract Tower,0,2,2,0,4,0,0,0,11,11,0,2,2,11,15,0,0,0,15
01/12/2017,OTH,OR,ANM,WE,Federal Contract Tower,0,1,5,1,7,0,4,8,4,16,0,5,13,5,23,0,26,26,49
01/13/2017,OTH,OR,ANM,WE,Federal Contract Tower,0,8,4,0,12,0,2,6,10,18,0,10,10,10,30,0,8,8,38
01/14/2017,OTH,OR,ANM,WE,Federal Contract Tower,0,3,1,0,4,0,3,5,4,12,0,6,6,4,16,0,0,0,16
01/15/2017,OTH,OR,ANM,WE,Federal Contract Tower,0,4,1,0,5,0,0,10,12,22,0,4,11,12,27,0,32,32,59
01/16/2017,OTH,OR,ANM,WE,Federal Contract Tower,0,7,0,0,7,0,1,7,3,11,0,8,7,3,18,0,0,0,18
01/17/2017,OTH,OR,ANM,WE,Federal Contract Tower,0,6,1,0,7,0,0,0,7,7,0,6,1,7,14,0,44,44,58
01/18/2017,OTH,OR,ANM,WE,Federal Contract Tower,0,11,3,0,14,0,0,0,9,9,0,11,3,9,23,0,0,0,23
01/19/2017,OTH,OR,ANM,WE,Federal Contract Tower,0,12,1,0,13,0,4,2,17,23,0,16,3,17,36,0,26,26,62
01/20/2017,OTH,OR,ANM,WE,Federal Contract Tower,0,9,1,0,10,0,2,0,15,17,0,11,1,15,27,0,20,20,47
01/21/2017,OTH,OR,ANM,WE,Federal Contract Tower,0,4,0,0,4,0,0,0,4,4,0,4,0,4,8,0,0,0,8
01/22/2017,OTH,OR,ANM,WE,Federal Contract Tower,0,4,0,0,4,0,0,0,7,7,0,4,0,7,11,0,28,28,39
01/23/2017,OTH,OR,ANM,WE,Federal Contract Tower,0,7,2,0,9,0,3,3,10,16,0,10,5,10,25,0,0,0,25
01/24/2017,OTH,OR,ANM,WE,Federal Contract Tower,0,5,3,0,8,0,6,5,8,19,0,11,8,8,27,0,18,18,45
01/25/2017,OTH,OR,ANM,WE,Federal Contract Tower,0,5,1,0,6,0,5,4,10,19,0,10,5,10,25,0,0,0,25
01/26/2017,OTH,OR,ANM,WE,Federal Contract Tower,0,5,2,0,7,0,6,5,5,16,0,11,7,5,23,0,0,0,23
01/27/2017,OTH,OR,ANM,WE,Federal Contract Tower,0,9,2,0,11,0,10,6,11,27,0,19,8,11,38,14,46,60,98
01/28/2017,OTH,OR,ANM,WE,Federal Contract Tower,0,3,6,0,9,0,8,11,7,26,0,11,17,7,35,32,0,32,67
01/29/2017,OTH,OR,ANM,WE,Federal Contract Tower,0,3,2,0,5,0,7,4,4,15,0,10,6,4,20,10,0,10,30
01/30/2017,OTH,OR,ANM,WE,Federal Contract Tower,0,6,9,0,15,0,7,4,8,19,0,13,13,8,34,0,0,0,34
01/31/2017,OTH,OR,ANM,WE,Federal Contract Tower,0,2,1,0,3,0,4,2,2,8,0,6,3,2,11,0,0,0,11
02/01/2017,OTH,OR,ANM,WE,Federal Contract Tower,0,8,1,2,11,0,4,12,16,32,0,12,13,18,43,0,14,14,57
02/02/2017,OTH,OR,ANM,WE,Federal Contract Tower,0,6,6,0,12,0,3,5,4,12,0,9,11,4,24,0,0,0,24
02/03/2017,OTH,OR,ANM,WE,Federal Contract Tower,0,5,4,2,11,0,0,0,3,3,0,5,4,5,14,0,0,0,14
02/04/2017,OTH,OR,ANM,WE,Federal Contract Tower,0,6,2,0,8,0,0,0,6,6,0,6,2,6,14,0,0,0,14
02/05/2017,OTH,OR,ANM,WE,Federal Contract Tower,0,6,0,0,6,0,0,0,8,8,0,6,0,8,14,0,24,24,38
02/06/2017,OTH,OR,ANM,WE,Federal Contract Tower,0,6,3,0,9,0,0,0,5,5,0,6,3,5,14,0,0,0,14
02/07/2017,OTH,OR,ANM,WE,Federal Contract Tower,0,6,2,0,8,0,1,4,7,12,0,7,6,7,20,0,2,2,22
02/08/2017,OTH,OR,ANM,WE,Federal Contract Tower,0,10,4,1,15,0,0,0,8,8,0,10,4,9,23,0,0,0,23
02/09/2017,OTH,OR,ANM,WE,Federal Contract Tower,0,6,5,0,11,0,2,0,2,4,0,8,5,2,15,0,0,0,15
02/10/2017,OTH,OR,ANM,WE,Federal Contract Tower,0,9,4,0,13,0,2,3,0,5,0,11,7,0,18,0,0,0,18
02/11/2017,OTH,OR,ANM,WE,Federal Contract Tower,0,3,4,0,7,0,1,14,4,19,0,4,18,4,26,0,10,10,36
02/12/2017,OTH,OR,ANM,WE,Federal Contract Tower,0,4,1,1,6,0,0,12,15,27,0,4,13,16,33,0,8,8,41
02/13/2017,OTH,OR,ANM,WE,Federal Contract Tower,0,7,2,0,9,0,2,7,12,21,0,9,9,12,30,0,16,16,46
02/14/2017,OTH,OR,ANM,WE,Federal Contract Tower,0,2,2,0,4,0,4,6,28,38,0,6,8,28,42,0,0,0,42
02/15/2017,OTH,OR,ANM,WE,Federal Contract Tower,0,11,4,1,16,0,2,0,2,4,0,13,4,3,20,0,14,14,34
02/16/2017,OTH,OR,ANM,WE,Federal Contract Tower,0,9,2,0,11,0,1,0,34,35,0,10,2,34,46,0,0,0,46
02/17/2017,OTH,OR,ANM,WE,Federal Contract Tower,0,9,1,0,10,0,2,3,15,20,0,11,4,15,30,0,8,8,38
02/18/2017,OTH,OR,ANM,WE,Federal Contract Tower,0,4,2,0,6,0,1,0,4,5,0,5,2,4,11,0,2,2,13
02/19/2017,OTH,OR,ANM,WE,Federal Contract Tower,0,8,0,0,8,0,0,0,10,10,0,8,0,10,18,0,18,18,36
02/20/2017,OTH,OR,ANM,WE,Federal Contract Tower,0,10,2,0,12,0,0,0,1,1,0,10,2,1,13,0,6,6,19
02/21/2017,OTH,OR,ANM,WE,Federal Contract Tower,0,6,1,3,10,0,0,0,6,6,0,6,1,9,16,0,12,12,28
02/22/2017,OTH,OR,ANM,WE,Federal Contract Tower,0,12,1,0,13,0,0,3,4,7,0,12,4,4,20,4,0,4,24
02/23/2017,OTH,OR,ANM,WE,Federal Contract Tower,0,12,1,0,13,0,5,2,8,15,0,17,3,8,28,10,0,10,38
02/24/2017,OTH,OR,ANM,WE,Federal Contract Tower,0,14,3,0,17,0,1,0,22,23,0,15,3,22,40,0,32,32,72
02/25/2017,OTH,OR,ANM,WE,Federal Contract Tower,0,3,6,0,9,0,5,16,6,27,0,8,22,6,36,10,10,20,56
02/26/2017,OTH,OR,ANM,WE,Federal Contract Tower,0,4,1,0,5,0,0,0,16,16,0,4,1,16,21,0,2,2,23
02/27/2017,OTH,OR,ANM,WE,Federal Contract Tower,0,9,7,0,16,0,2,1,10,13,0,11,8,10,29,0,20,20,49
02/28/2017,OTH,OR,ANM,WE,Federal Contract Tower,0,7,2,0,9,0,13,1,10,24,0,20,3,10,33,0,0,0,33
03/01/2017,OTH,OR,ANM,WE,Federal Contract Tower,0,7,5,0,12,0,5,10,15,30,0,12,15,15,42,0,26,26,68
03/02/2017,OTH,OR,ANM,WE,Federal Contract Tower,0,13,6,0,19,0,2,10,6,18,0,15,16,6,37,24,22,46,83
03/03/2017,OTH,OR,ANM,WE,Federal Contract Tower,0,13,5,0,18,0,0,0,11,11,0,13,5,11,29,0,24,24,53
03/04/2017,OTH,OR,ANM,WE,Federal Contract Tower,0,6,7,0,13,0,2,0,7,9,0,8,7,7,22,0,2,2,24
03/05/2017,OTH,OR,ANM,WE,Federal Contract Tower,0,12,6,0,18,0,0,0,5,5,0,12,6,5,23,0,14,14,37
03/06/2017,OTH,OR,ANM,WE,Federal Contract Tower,0,10,1,0,11,0,0,0,7,7,0,10,1,7,18,0,14,14,32
03/07/2017,OTH,OR,ANM,WE,Federal Contract Tower,0,7,1,0,8,0,1,0,1,2,0,8,1,1,10,0,0,0,10
03/08/2017,OTH,OR,ANM,WE,Federal Contract Tower,0,11,1,2,14,0,0,0,6,6,0,11,1,8,20,0,0,0,20
03/09/2017,OTH,OR,ANM,WE,Federal Contract Tower,0,13,2,0,15,0,0,0,1,1,0,13,2,1,16,0,0,0,16
03/10/2017,OTH,OR,ANM,WE,Federal Contract Tower,0,13,3,2,18,0,1,9,22,32,0,14,12,24,50,0,6,6,56
03/11/2017,OTH,OR,ANM,WE,Federal Contract Tower,0,5,1,0,6,0,0,0,1,1,0,5,1,1,7,0,0,0,7
03/12/2017,OTH,OR,ANM,WE,Federal Contract Tower,0,4,4,0,8,0,0,3,3,6,0,4,7,3,14,0,4,4,18
03/13/2017,OTH,OR,ANM,WE,Federal Contract Tower,0,8,0,4,12,0,0,0,2,2,0,8,0,6,14,0,6,6,20
03/14/2017,OTH,OR,ANM,WE,Federal Contract Tower,0,7,4,2,13,0,4,3,4,11,0,11,7,6,24,0,10,10,34
03/15/2017,OTH,OR,ANM,WE,Federal Contract Tower,0,11,7,0,18,0,2,0,1,3,0,13,7,1,21,0,0,0,21
03/16/2017,OTH,OR,ANM,WE,Federal Contract Tower,0,7,1,2,10,0,4,11,15,30,0,11,12,17,40,4,26,30,70
03/17/2017,OTH,OR,ANM,WE,Federal Contract Tower,0,1,7,0,8,0,3,7,8,18,0,4,14,8,26,2,12,14,40
03/18/2017,OTH,OR,ANM,WE,Federal Contract Tower,0,4,0,4,8,0,0,0,4,4,0,4,0,8,12,0,0,0,12
03/19/2017,OTH,OR,ANM,WE,Federal Contract Tower,0,6,1,0,7,0,5,3,10,18,0,11,4,10,25,0,2,2,27
03/20/2017,OTH,OR,ANM,WE,Federal Contract Tower,0,7,1,0,8,0,0,0,10,10,0,7,1,10,18,0,26,26,44
03/21/2017,OTH,OR,ANM,WE,Federal Contract Tower,0,12,2,0,14,0,0,5,9,14,0,12,7,9,28,6,14,20,48
03/22/2017,OTH,OR,ANM,WE,Federal Contract Tower,0,9,3,0,12,0,0,0,6,6,0,9,3,6,18,0,0,0,18
03/23/2017,OTH,OR,ANM,WE,Federal Contract Tower,0,13,6,0,19,0,1,12,16,29,0,14,18,16,48,2,16,18,66
03/24/2017,OTH,OR,ANM,WE,Federal Contract Tower,0,11,2,1,14,0,1,0,3,4,0,12,2,4,18,0,6,6,24
03/25/2017,OTH,OR,ANM,WE,Federal Contract Tower,0,2,5,0,7,0,1,8,18,27,0,3,13,18,34,0,14,14,48
03/26/2017,OTH,OR,ANM,WE,Federal Contract Tower,0,7,2,0,9,0,0,3,2,5,0,7,5,2,14,0,9,9,23
03/27/2017,OTH,OR,ANM,WE,Federal Contract Tower,0,10,3,0,13,0,2,0,25,27,0,12,3,25,40,0,16,16,56
03/28/2017,OTH,OR,ANM,WE,Federal Contract Tower,0,5,5,0,10,0,1,4,21,26,0,6,9,21,36,0,12,12,48
03/29/2017,OTH,OR,ANM,WE,Federal Contract Tower,0,11,6,0,17,0,0,0,4,4,0,11,6,4,21,0,0,0,21
03/30/2017,OTH,OR,ANM,WE,Federal Contract Tower,0,10,1,0,11,0,1,8,6,15,0,11,9,6,26,4,3,7,33
03/31/2017,OTH,OR,ANM,WE,Federal Contract Tower,0,11,3,0,14,0,11,17,7,35,0,22,20,7,49,4,0,4,53
04/01/2017,OTH,OR,ANM,WE,Federal Contract Tower,0,4,3,0,7,0,0,0,4,4,0,4,3,4,11,0,6,6,17
04/02/2017,OTH,OR,ANM,WE,Federal Contract Tower,0,5,2,0,7,0,5,4,12,21,0,10,6,12,28,0,12,12,40
04/03/2017,OTH,OR,ANM,WE,Federal Contract Tower,0,7,4,0,11,0,3,13,17,33,0,10,17,17,44,2,28,30,74
04/04/2017,OTH,OR,ANM,WE,Federal Contract Tower,0,4,2,0,6,0,3,15,14,32,0,7,17,14,38,0,36,36,74
04/05/2017,OTH,OR,ANM,WE,Federal Contract Tower,0,6,5,0,11,0,4,6,5,15,0,10,11,5,26,12,28,40,66
04/06/2017,OTH,OR,ANM,WE,Federal Contract Tower,0,12,1,0,13,0,1,2,5,8,0,13,3,5,21,0,12,12,33
04/07/2017,OTH,OR,ANM,WE,Federal Contract Tower,0,12,5,0,17,0,2,1,19,22,0,14,6,19,39,0,0,0,39
04/08/2017,OTH,OR,ANM,WE,Federal Contract Tower,0,4,0,0,4,0,3,5,7,15,0,7,5,7,19,0,0,0,19
04/09/2017,OTH,OR,ANM,WE,Federal Contract Tower,0,4,3,0,7,0,2,2,8,12,0,6,5,8,19,0,2,2,21
04/10/2017,OTH,OR,ANM,WE,Federal Contract Tower,0,10,0,0,10,0,1,7,9,17,0,11,7,9,27,0,0,0,27
04/11/2017,OTH,OR,ANM,WE,Federal Contract Tower,0,9,4,0,13,0,3,0,9,12,0,12,4,9,25,0,8,8,33
04/12/2017,OTH,OR,ANM,WE,Federal Contract Tower,0,9,5,0,14,0,2,1,5,8,0,11,6,5,22,0,0,0,22
04/13/2017,OTH,OR,ANM,WE,Federal Contract Tower,0,11,1,0,12,0,1,2,14,17,0,12,3,14,29,0,0,0,29
04/14/2017,OTH,OR,ANM,WE,Federal Contract Tower,0,0,11,3,14,0,2,7,5,14,0,2,18,8,28,8,8,16,44
04/15/2017,OTH,OR,ANM,WE,Federal Contract Tower,0,6,2,0,8,0,3,18,4,25,0,9,20,4,33,0,0,0,33
04/16/2017,OTH,OR,ANM,WE,Federal Contract Tower,0,4,1,1,6,0,5,5,3,13,0,9,6,4,19,0,14,14,33
04/17/2017,OTH,OR,ANM,WE,Federal Contract Tower,0,6,0,0,6,0,0,1,4,5,0,6,1,4,11,0,0,0,11
04/18/2017,OTH,OR,ANM,WE,Federal Contract Tower,0,7,1,0,8,0,4,4,10,18,0,11,5,10,26,0,16,16,42
04/20/2017,OTH,OR,ANM,WE,Federal Contract Tower,0,11,10,2,23,0,4,1,7,12,0,15,11,9,35,0,6,6,41
04/21/2017,OTH,OR,ANM,WE,Federal Contract Tower,0,12,4,0,16,0,6,13,11,30,0,18,17,11,46,32,6,38,84
04/22/2017,OTH,OR,ANM,WE,Federal Contract Tower,0,8,1,0,9,0,2,0,5,7,0,10,1,5,16,0,0,0,16
04/23/2017,OTH,OR,ANM,WE,Federal Contract Tower,0,6,3,0,9,0,0,0,9,9,0,6,3,9,18,0,8,8,26
04/24/2017,OTH,OR,ANM,WE,Federal Contract Tower,0,7,6,0,13,0,0,1,3,4,0,7,7,3,17,0,24,24,41
04/25/2017,OTH,OR,ANM,WE,Federal Contract Tower,0,8,5,0,13,0,2,2,3,7,0,10,7,3,20,4,0,4,24
04/26/2017,OTH,OR,ANM,WE,Federal Contract Tower,0,12,5,0,17,0,1,1,8,10,0,13,6,8,27,0,0,0,27
04/27/2017,OTH,OR,ANM,WE,Federal Contract Tower,0,13,0,0,13,0,1,2,8,11,0,14,2,8,24,0,8,8,32
04/28/2017,OTH,OR,ANM,WE,Federal Contract Tower,0,11,0,0,11,0,3,13,14,30,0,14,13,14,41,14,44,58,99
04/29/2017,OTH,OR,ANM,WE,Federal Contract Tower,0,4,5,0,9,0,4,18,8,30,0,8,23,8,39,0,0,0,39
04/30/2017,OTH,OR,ANM,WE,Federal Contract Tower,0,7,4,0,11,0,0,4,6,10,0,7,8,6,21,0,0,0,21
05/01/2017,OTH,OR,ANM,WE,Federal Contract Tower,0,9,10,0,19,0,1,4,5,10,0,10,14,5,29,0,6,6,35
05/02/2017,OTH,OR,ANM,WE,Federal Contract Tower,0,10,5,1,16,0,4,1,9,14,0,14,6,10,30,0,0,0,30
05/03/2017,OTH,OR,ANM,WE,Federal Contract Tower,0,12,12,0,24,0,4,11,16,31,0,16,23,16,55,8,10,18,73
05/04/2017,OTH,OR,ANM,WE,Federal Contract Tower,0,13,8,0,21,0,0,3,2,5,0,13,11,2,26,0,0,0,26
05/05/2017,OTH,OR,ANM,WE,Federal Contract Tower,0,15,12,0,27,0,1,1,7,9,0,16,13,7,36,0,0,0,36
05/06/2017,OTH,OR,ANM,WE,Federal Contract Tower,0,8,7,0,15,0,1,3,4,8,0,9,10,4,23,0,0,0,23
05/07/2017,OTH,OR,ANM,WE,Federal Contract Tower,0,5,6,0,11,0,0,15,3,18,0,5,21,3,29,0,0,0,29
05/08/2017,OTH,OR,ANM,WE,Federal Contract Tower,0,6,7,0,13,0,4,15,7,26,0,10,22,7,39,0,0,0,39
05/09/2017,OTH,OR,ANM,WE,Federal Contract Tower,0,5,5,0,10,0,6,19,11,36,0,11,24,11,46,20,0,20,66
05/10/2017,OTH,OR,ANM,WE,Federal Contract Tower,0,11,7,0,18,0,3,12,12,27,0,14,19,12,45,6,14,20,65
05/11/2017,OTH,OR,ANM,WE,Federal Contract Tower,0,13,8,0,21,0,1,0,13,14,0,14,8,13,35,0,0,0,35
05/12/2017,OTH,OR,ANM,WE,Federal Contract Tower,0,11,6,0,17,0,1,2,13,16,0,12,8,13,33,0,14,14,47
05/13/2017,OTH,OR,ANM,WE,Federal Contract Tower,0,6,0,0,6,0,1,0,7,8,0,7,0,7,14,0,6,6,20
05/14/2017,OTH,OR,ANM,WE,Federal Contract Tower,0,4,4,0,8,0,4,0,6,10,0,8,4,6,18,2,0,2,20
05/15/2017,OTH,OR,ANM,WE,Federal Contract Tower,0,10,3,0,13,0,3,5,7,15,0,13,8,7,28,0,0,0,28
05/16/2017,OTH,OR,ANM,WE,Federal Contract Tower,0,15,2,0,17,0,2,0,6,8,0,17,2,6,25,0,0,0,25
05/17/2017,OTH,OR,ANM,WE,Federal Contract Tower,0,13,3,0,16,0,1,7,8,16,0,14,10,8,32,0,0,0,32
05/18/2017,OTH,OR,ANM,WE,Federal Contract Tower,0,13,4,4,21,0,6,26,8,40,0,19,30,12,61,0,0,0,61
05/19/2017,OTH,OR,ANM,WE,Federal Contract Tower,0,11,7,10,28,0,1,14,9,24,0,12,21,19,52,0,2,2,54
05/20/2017,OTH,OR,ANM,WE,Federal Contract Tower,0,7,3,0,10,0,0,2,4,6,0,7,5,4,16,0,0,0,16
05/21/2017,OTH,OR,ANM,WE,Federal Contract Tower,0,4,9,2,15,0,0,13,4,17,0,4,22,6,32,0,0,0,32
05/22/2017,OTH,OR,ANM,WE,Federal Contract Tower,0,6,1,0,7,0,2,6,12,20,0,8,7,12,27,0,0,0,27
05/23/2017,OTH,OR,ANM,WE,Federal Contract Tower,0,12,6,0,18,0,0,5,6,11,0,12,11,6,29,0,0,0,29
05/24/2017,OTH,OR,ANM,WE,Federal Contract Tower,0,4,5,1,10,0,7,9,8,24,0,11,14,9,34,0,32,32,66
05/25/2017,OTH,OR,ANM,WE,Federal Contract Tower,0,10,10,0,20,0,10,6,14,30,0,20,16,14,50,0,0,0,50
05/26/2017,OTH,OR,ANM,WE,Federal Contract Tower,0,12,9,3,24,0,3,6,1,10,0,15,15,4,34,0,0,0,34
05/27/2017,OTH,OR,ANM,WE,Federal Contract Tower,0,8,2,2,12,0,0,4,1,5,0,8,6,3,17,0,0,0,17
05/28/2017,OTH,OR,ANM,WE,Federal Contract Tower,0,5,15,0,20,0,0,3,4,7,0,5,18,4,27,0,4,4,31
05/29/2017,OTH,OR,ANM,WE,Federal Contract Tower,0,3,6,0,9,0,0,3,4,7,0,3,9,4,16,0,0,0,16
05/30/2017,OTH,OR,ANM,WE,Federal Contract Tower,0,13,6,1,20,0,2,3,4,9,0,15,9,5,29,0,32,32,61
05/31/2017,OTH,OR,ANM,WE,Federal Contract Tower,0,16,6,0,22,0,2,2,6,10,0,18,8,6,32,0,0,0,32
06/01/2017,OTH,OR,ANM,WE,Federal Contract Tower,0,16,8,1,25,0,0,1,4,5,0,16,9,5,30,0,0,0,30
06/02/2017,OTH,OR,ANM,WE,Federal Contract Tower,0,17,6,0,23,0,4,6,13,23,0,21,12,13,46,0,16,16,62
06/03/2017,OTH,OR,ANM,WE,Federal Contract Tower,0,7,4,0,11,0,0,1,5,6,0,7,5,5,17,0,0,0,17
06/04/2017,OTH,OR,ANM,WE,Federal Contract Tower,0,6,3,0,9,0,0,5,4,9,0,6,8,4,18,0,26,26,44
06/05/2017,OTH,OR,ANM,WE,Federal Contract Tower,0,5,3,1,9,0,3,5,10,18,0,8,8,11,27,0,0,0,27
06/06/2017,OTH,OR,ANM,WE,Federal Contract Tower,0,11,9,1,21,0,5,5,3,13,0,16,14,4,34,0,0,0,34
06/07/2017,OTH,OR,ANM,WE,Federal Contract Tower,0,9,3,0,12,0,3,3,8,14,0,12,6,8,26,0,0,0,26
06/08/2017,OTH,OR,ANM,WE,Federal Contract Tower,0,16,6,0,22,0,2,0,4,6,0,18,6,4,28,0,8,8,36
06/09/2017,OTH,OR,ANM,WE,Federal Contract Tower,0,17,10,3,30,0,3,5,7,15,0,20,15,10,45,0,26,26,71
06/10/2017,OTH,OR,ANM,WE,Federal Contract Tower,0,7,1,0,8,0,2,3,6,11,0,9,4,6,19,2,36,38,57
06/11/2017,OTH,OR,ANM,WE,Federal Contract Tower,2,13,4,0,19,0,1,13,3,17,2,14,17,3,36,0,1,1,37
06/12/2017,OTH,OR,ANM,WE,Federal Contract Tower,0,12,2,0,14,0,1,2,10,13,0,13,4,10,27,0,16,16,43
06/13/2017,OTH,OR,ANM,WE,Federal Contract Tower,0,7,2,0,9,0,11,20,7,38,0,18,22,7,47,6,0,6,53
06/14/2017,OTH,OR,ANM,WE,Federal Contract Tower,2,15,2,0,19,0,7,8,11,26,2,22,10,11,45,0,2,2,47
06/15/2017,OTH,OR,ANM,WE,Federal Contract Tower,0,15,6,0,21,0,0,0,3,3,0,15,6,3,24,0,0,0,24
06/16/2017,OTH,OR,ANM,WE,Federal Contract Tower,0,12,1,1,14,0,0,1,6,7,0,12,2,7,21,0,12,12,33
06/17/2017,OTH,OR,ANM,WE,Federal Contract Tower,0,8,3,0,11,0,2,7,6,15,0,10,10,6,26,0,0,0,26
06/18/2017,OTH,OR,ANM,WE,Federal Contract Tower,2,2,2,0,6,0,0,11,3,14,2,2,13,3,20,0,4,4,24
06/19/2017,OTH,OR,ANM,WE,Federal Contract Tower,0,8,4,9,21,0,1,1,3,5,0,9,5,12,26,0,0,0,26
06/20/2017,OTH,OR,ANM,WE,Federal Contract Tower,0,14,8,2,24,0,0,3,5,8,0,14,11,7,32,0,32,32,64
06/21/2017,OTH,OR,ANM,WE,Federal Contract Tower,0,2,10,5,17,0,6,17,8,31,0,8,27,13,48,3,42,45,93
06/22/2017,OTH,OR,ANM,WE,Federal Contract Tower,0,8,6,0,14,0,9,17,16,42,0,17,23,16,56,0,0,0,56
06/23/2017,OTH,OR,ANM,WE,Federal Contract Tower,0,8,4,0,12,0,6,24,7,37,0,14,28,7,49,0,52,52,101
06/24/2017,OTH,OR,ANM,WE,Federal Contract Tower,0,9,5,1,15,0,1,11,3,15,0,10,16,4,30,0,0,0,30
06/25/2017,OTH,OR,ANM,WE,Federal Contract Tower,2,13,18,4,37,0,0,9,5,14,2,13,27,9,51,0,0,0,51
06/26/2017,OTH,OR,ANM,WE,Federal Contract Tower,0,7,6,0,13,0,0,0,11,11,0,7,6,11,24,0,6,6,30
06/27/2017,OTH,OR,ANM,WE,Federal Contract Tower,0,10,2,0,12,0,1,1,7,9,0,11,3,7,21,0,0,0,21
06/28/2017,OTH,OR,ANM,WE,Federal Contract Tower,2,9,6,0,17,0,4,8,13,25,2,13,14,13,42,2,32,34,76
06/29/2017,OTH,OR,ANM,WE,Federal Contract Tower,0,5,0,0,5,0,4,3,6,13,0,9,3,6,18,0,18,18,36
06/30/2017,OTH,OR,ANM,WE,Federal Contract Tower,0,15,7,1,23,0,0,2,3,5,0,15,9,4,28,0,0,0,28
07/01/2017,OTH,OR,ANM,WE,Federal Contract Tower,0,9,3,0,12,0,0,3,4,7,0,9,6,4,19,0,0,0,19
07/02/2017,OTH,OR,ANM,WE,Federal Contract Tower,2,5,1,0,8,0,1,9,5,15,2,6,10,5,23,0,0,0,23
07/03/2017,OTH,OR,ANM,WE,Federal Contract Tower,0,6,4,2,12,0,3,3,1,7,0,9,7,3,19,0,0,0,19
07/04/2017,OTH,OR,ANM,WE,Federal Contract Tower,0,5,3,0,8,0,0,7,3,10,0,5,10,3,18,0,0,0,18
07/05/2017,OTH,OR,ANM,WE,Federal Contract Tower,2,9,11,2,24,0,0,2,4,6,2,9,13,6,30,0,0,0,30
07/06/2017,OTH,OR,ANM,WE,Federal Contract Tower,0,11,7,1,19,0,2,2,16,20,0,13,9,17,39,0,8,8,47
07/07/2017,OTH,OR,ANM,WE,Federal Contract Tower,0,7,1,0,8,0,5,4,7,16,0,12,5,7,24,6,16,22,46
07/08/2017,OTH,OR,ANM,WE,Federal Contract Tower,0,10,4,0,14,0,4,9,8,21,0,14,13,8,35,0,0,0,35
07/09/2017,OTH,OR,ANM,WE,Federal Contract Tower,2,8,8,0,18,0,0,5,4,9,2,8,13,4,27,0,0,0,27
07/10/2017,OTH,OR,ANM,WE,Federal Contract Tower,0,16,3,0,19,0,1,6,12,19,0,17,9,12,38,0,0,0,38
07/11/2017,OTH,OR,ANM,WE,Federal Contract Tower,0,14,5,0,19,0,9,8,7,24,0,23,13,7,43,0,0,0,43
07/12/2017,OTH,OR,ANM,WE,Federal Contract Tower,2,13,4,0,19,0,6,15,5,26,2,19,19,5,45,2,4,6,51
07/13/2017,OTH,OR,ANM,WE,Federal Contract Tower,0,25,2,0,27,0,4,5,7,16,0,29,7,7,43,4,0,4,47
07/14/2017,OTH,OR,ANM,WE,Federal Contract Tower,0,11,6,0,17,0,10,16,8,34,0,21,22,8,51,0,36,36,87
07/15/2017,OTH,OR,ANM,WE,Federal Contract Tower,0,7,7,0,14,0,5,13,6,24,0,12,20,6,38,0,6,6,44
07/16/2017,OTH,OR,ANM,WE,Federal Contract Tower,2,7,7,0,16,0,5,17,9,31,2,12,24,9,47,0,12,12,59
07/17/2017,OTH,OR,ANM,WE,Federal Contract Tower,0,6,2,2,10,0,6,13,12,31,0,12,15,14,41,12,0,12,53
07/18/2017,OTH,OR,ANM,WE,Federal Contract Tower,0,12,5,0,17,0,4,7,7,18,0,16,12,7,35,0,14,14,49
07/19/2017,OTH,OR,ANM,WE,Federal Contract Tower,2,11,4,0,17,0,4,20,11,35,2,15,24,11,52,2,0,2,54
07/20/2017,OTH,OR,ANM,WE,Federal Contract Tower,0,16,6,1,23,0,5,14,8,27,0,21,20,9,50,0,2,2,52
07/22/2017,OTH,OR,ANM,WE,Federal Contract Tower,0,10,6,1,17,0,4,8,3,15,0,14,14,4,32,2,0,2,34
07/23/2017,OTH,OR,ANM,WE,Federal Contract Tower,2,9,4,0,15,0,0,4,5,9,2,9,8,5,24,0,0,0,24
07/24/2017,OTH,OR,ANM,WE,Federal Contract Tower,0,11,6,2,19,0,5,3,8,16,0,16,9,10,35,0,24,24,59
07/25/2017,OTH,OR,ANM,WE,Federal Contract Tower,0,11,3,2,16,0,5,14,7,26,0,16,17,9,42,4,2,6,48
07/26/2017,OTH,OR,ANM,WE,Federal Contract Tower,2,12,11,3,28,0,2,10,5,17,2,14,21,8,45,10,10,20,65
07/27/2017,OTH,OR,ANM,WE,Federal Contract Tower,0,9,4,2,15,0,3,2,5,10,0,12,6,7,25,0,0,0,25
07/28/2017,OTH,OR,ANM,WE,Federal Contract Tower,0,13,5,0,18,0,6,11,11,28,0,19,16,11,46,0,2,2,48
07/29/2017,OTH,OR,ANM,WE,Federal Contract Tower,0,9,2,0,11,0,4,8,4,16,0,13,10,4,27,0,0,0,27
07/30/2017,OTH,OR,ANM,WE,Federal Contract Tower,2,9,7,0,18,0,1,12,5,18,2,10,19,5,36,0,12,12,48
07/31/2017,OTH,OR,ANM,WE,Federal Contract Tower,0,7,3,0,10,0,0,0,0,0,0,7,3,0,10,4,0,4,14
08/01/2017,OTH,OR,ANM,WE,Federal Contract Tower,0,7,3,0,10,0,0,0,0,0,0,7,3,0,10,0,0,0,10
08/02/2017,OTH,OR,ANM,WE,Federal Contract Tower,2,6,5,0,13,0,6,10,9,25,2,12,15,9,38,2,8,10,48
08/03/2017,OTH,OR,ANM,WE,Federal Contract Tower,0,9,9,0,18,0,6,18,8,32,0,15,27,8,50,14,0,14,64
08/04/2017,OTH,OR,ANM,WE,Federal Contract Tower,0,14,6,4,24,0,0,2,0,2,0,14,8,4,26,0,0,0,26
08/05/2017,OTH,OR,ANM,WE,Federal Contract Tower,0,6,5,0,11,0,0,3,6,9,0,6,8,6,20,0,20,20,40
08/06/2017,OTH,OR,ANM,WE,Federal Contract Tower,2,8,13,0,23,0,0,9,4,13,2,8,22,4,36,14,2,16,52
08/07/2017,OTH,OR,ANM,WE,Federal Contract Tower,0,9,8,5,22,0,0,0,5,5,0,9,8,10,27,0,0,0,27
08/08/2017,OTH,OR,ANM,WE,Federal Contract Tower,0,16,9,4,29,0,0,0,0,0,0,16,9,4,29,0,0,0,29
08/09/2017,OTH,OR,ANM,WE,Federal Contract Tower,2,14,13,5,34,0,0,6,6,12,2,14,19,11,46,0,0,0,46
08/10/2017,OTH,OR,ANM,WE,Federal Contract Tower,0,18,13,2,33,0,0,0,4,4,0,18,13,6,37,0,10,10,47
08/11/2017,OTH,OR,ANM,WE,Federal Contract Tower,0,13,9,0,22,0,0,1,8,9,0,13,10,8,31,0,26,26,57
08/12/2017,OTH,OR,ANM,WE,Federal Contract Tower,0,13,5,1,19,0,0,4,5,9,0,13,9,6,28,0,36,36,64
08/13/2017,OTH,OR,ANM,WE,Federal Contract Tower,2,6,14,4,26,0,1,5,2,8,2,7,19,6,34,0,46,46,80
08/14/2017,OTH,OR,ANM,WE,Federal Contract Tower,0,6,9,0,15,0,4,5,5,14,0,10,14,5,29,0,12,12,41
08/15/2017,OTH,OR,ANM,WE,Federal Contract Tower,0,6,6,4,16,0,6,9,7,22,0,12,15,11,38,6,12,18,56
08/16/2017,OTH,OR,ANM,WE,Federal Contract Tower,2,8,1,2,13,0,5,9,11,25,2,13,10,13,38,0,48,48,86
08/17/2017,OTH,OR,ANM,WE,Federal Contract Tower,0,10,2,0,12,0,4,11,16,31,0,14,13,16,43,14,56,70,113
08/18/2017,OTH,OR,ANM,WE,Federal Contract Tower,0,16,7,2,25,0,6,13,18,37,0,22,20,20,62,0,8,8,70
08/19/2017,OTH,OR,ANM,WE,Federal Contract Tower,0,11,4,0,15,0,2,1,6,9,0,13,5,6,24,0,4,4,28
08/20/2017,OTH,OR,ANM,WE,Federal Contract Tower,5,5,8,2,20,0,4,4,11,19,5,9,12,13,39,0,16,16,55
08/21/2017,OTH,OR,ANM,WE,Federal Contract Tower,0,9,13,2,24,0,3,11,4,18,0,12,24,6,42,0,0,0,42
08/22/2017,OTH,OR,ANM,WE,Federal Contract Tower,0,14,4,2,20,0,3,9,1,13,0,17,13,3,33,18,0,18,51
08/23/2017,OTH,OR,ANM,WE,Federal Contract Tower,2,18,10,2,32,0,0,0,2,2,2,18,10,4,34,2,0,2,36
08/24/2017,OTH,OR,ANM,WE,Federal Contract Tower,0,19,6,0,25,0,2,8,9,19,0,21,14,9,44,8,8,16,60
08/25/2017,OTH,OR,ANM,WE,Federal Contract Tower,0,9,3,0,12,0,3,11,6,20,0,12,14,6,32,4,20,24,56
08/26/2017,OTH,OR,ANM,WE,Federal Contract Tower,0,6,0,0,6,0,4,3,5,12,0,10,3,5,18,0,32,32,50
08/27/2017,OTH,OR,ANM,WE,Federal Contract Tower,2,10,7,0,19,0,0,20,6,26,2,10,27,6,45,0,12,12,57
08/28/2017,OTH,OR,ANM,WE,Federal Contract Tower,0,8,19,5,32,0,0,7,9,16,0,8,26,14,48,0,44,44,92
08/29/2017,OTH,OR,ANM,WE,Federal Contract Tower,0,9,7,2,18,0,2,1,6,9,0,11,8,8,27,0,0,0,27
08/30/2017,OTH,OR,ANM,WE,Federal Contract Tower,2,8,4,0,14,0,3,18,8,29,2,11,22,8,43,24,44,68,111
08/31/2017,OTH,OR,ANM,WE,Federal Contract Tower,0,8,9,0,17,0,4,13,11,28,0,12,22,11,45,40,24,64,109
09/01/2017,OTH,OR,ANM,WE,Federal Contract Tower,0,6,8,1,15,1,7,22,25,55,1,13,30,26,70,18,20,38,108
09/02/2017,OTH,OR,ANM,WE,Federal Contract Tower,0,5,3,0,8,0,2,13,5,20,0,7,16,5,28,0,8,8,36
09/03/2017,OTH,OR,ANM,WE,Federal Contract Tower,2,4,5,6,17,0,0,0,0,0,2,4,5,6,17,0,0,0,17
09/04/2017,OTH,OR,ANM,WE,Federal Contract Tower,0,4,10,3,17,0,0,1,2,3,0,4,11,5,20,0,0,0,20
09/05/2017,OTH,OR,ANM,WE,Federal Contract Tower,0,13,8,0,21,0,1,8,8,17,0,14,16,8,38,8,40,48,86
09/06/2017,OTH,OR,ANM,WE,Federal Contract Tower,2,14,3,0,19,0,0,0,7,7,2,14,3,7,26,0,56,56,82
09/07/2017,OTH,OR,ANM,WE,Federal Contract Tower,0,9,2,1,12,0,0,0,0,0,0,9,2,1,12,0,0,0,12
09/08/2017,OTH,OR,ANM,WE,Federal Contract Tower,0,12,8,0,20,0,0,2,3,5,0,12,10,3,25,6,6,12,37
09/09/2017,OTH,OR,ANM,WE,Federal Contract Tower,0,5,5,1,11,0,2,6,7,15,0,7,11,8,26,0,4,4,30
09/10/2017,OTH,OR,ANM,WE,Federal Contract Tower,2,6,5,0,13,0,1,20,8,29,2,7,25,8,42,0,0,0,42
09/11/2017,OTH,OR,ANM,WE,Federal Contract Tower,0,10,1,0,11,0,3,14,24,41,0,13,15,24,52,12,0,12,64
09/12/2017,OTH,OR,ANM,WE,Federal Contract Tower,0,8,8,7,23,0,2,12,6,20,0,10,20,13,43,8,24,32,75
09/13/2017,OTH,OR,ANM,WE,Federal Contract Tower,2,15,5,0,22,0,5,14,7,26,2,20,19,7,48,8,10,18,66
09/14/2017,OTH,OR,ANM,WE,Federal Contract Tower,0,13,2,0,15,0,3,18,10,31,0,16,20,10,46,0,0,0,46
09/15/2017,OTH,OR,ANM,WE,Federal Contract Tower,0,8,9,0,17,0,2,8,21,31,0,10,17,21,48,0,0,0,48
09/16/2017,OTH,OR,ANM,WE,Federal Contract Tower,0,9,8,0,17,0,1,8,4,13,0,10,16,4,30,0,0,0,30
09/17/2017,OTH,OR,ANM,WE,Federal Contract Tower,2,18,18,0,38,0,2,7,6,15,2,20,25,6,53,4,0,4,57
09/18/2017,OTH,OR,ANM,WE,Federal Contract Tower,0,9,5,1,15,0,0,4,8,12,0,9,9,9,27,0,0,0,27
09/19/2017,OTH,OR,ANM,WE,Federal Contract Tower,0,9,14,1,24,0,0,2,12,14,0,9,16,13,38,0,20,20,58
09/20/2017,OTH,OR,ANM,WE,Federal Contract Tower,2,16,11,0,29,0,2,11,0,13,2,18,22,0,42,0,10,10,52
09/21/2017,OTH,OR,ANM,WE,Federal Contract Tower,0,11,12,0,23,0,3,7,9,19,0,14,19,9,42,0,2,2,44
09/22/2017,OTH,OR,ANM,WE,Federal Contract Tower,0,9,9,0,18,0,6,13,12,31,0,15,22,12,49,0,0,0,49
09/23/2017,OTH,OR,ANM,WE,Federal Contract Tower,0,10,1,0,11,0,5,18,7,30,0,15,19,7,41,0,0,0,41
09/24/2017,OTH,OR,ANM,WE,Federal Contract Tower,2,12,24,0,38,0,1,19,18,38,2,13,43,18,76,24,0,24,100
09/25/2017,OTH,OR,ANM,WE,Federal Contract Tower,0,10,6,0,16,0,7,5,7,19,0,17,11,7,35,10,6,16,51
09/26/2017,OTH,OR,ANM,WE,Federal Contract Tower,0,9,9,0,18,0,5,8,12,25,0,14,17,12,43,0,0,0,43
09/27/2017,OTH,OR,ANM,WE,Federal Contract Tower,0,12,5,0,17,0,5,22,8,35,0,17,27,8,52,4,0,4,56
09/28/2017,OTH,OR,ANM,WE,Federal Contract Tower,0,8,11,0,19,0,6,17,8,31,0,14,28,8,50,2,0,2,52
09/29/2017,OTH,OR,ANM,WE,Federal Contract Tower,0,9,12,4,25,0,2,3,5,10,0,11,15,9,35,0,22,22,57
09/30/2017,OTH,OR,ANM,WE,Federal Contract Tower,0,4,3,0,7,0,4,6,4,14,0,8,9,4,21,0,0,0,21
10/01/2017,OTH,OR,ANM,WE,Federal Contract Tower,2,6,8,0,16,0,0,14,12,26,2,6,22,12,42,14,4,18,60
10/02/2017,OTH,OR,ANM,WE,Federal Contract Tower,0,6,7,0,13,0,3,6,10,19,0,9,13,10,32,0,22,22,54
10/03/2017,OTH,OR,ANM,WE,Federal Contract Tower,0,8,3,0,11,0,2,19,8,29,0,10,22,8,40,0,0,0,40
10/04/2017,OTH,OR,ANM,WE,Federal Contract Tower,2,12,5,0,19,0,6,22,6,34,2,18,27,6,53,0,0,0,53
10/05/2017,OTH,OR,ANM,WE,Federal Contract Tower,0,7,11,0,18,0,7,14,9,30,0,14,25,9,48,0,0,0,48
10/06/2017,OTH,OR,ANM,WE,Federal Contract Tower,0,5,6,0,11,0,7,14,11,32,0,12,20,11,43,14,0,14,57
10/07/2017,OTH,OR,ANM,WE,Federal Contract Tower,0,7,1,0,8,0,3,14,6,23,0,10,15,6,31,26,0,26,57
10/08/2017,OTH,OR,ANM,WE,Federal Contract Tower,0,8,9,0,17,0,1,20,10,31,0,9,29,10,48,16,4,20,68
10/09/2017,OTH,OR,ANM,WE,Federal Contract Tower,0,7,1,2,10,0,2,8,4,14,0,9,9,6,24,15,0,15,39
10/10/2017,OTH,OR,ANM,WE,Federal Contract Tower,0,7,12,0,19,0,4,11,13,28,0,11,23,13,47,14,49,63,110
10/11/2017,OTH,OR,ANM,WE,Federal Contract Tower,0,15,5,0,20,0,3,6,18,27,0,18,11,18,47,0,18,18,65
10/12/2017,OTH,OR,ANM,WE,Federal Contract Tower,0,21,8,0,29,0,0,2,6,8,0,21,10,6,37,0,22,22,59
10/13/2017,OTH,OR,ANM,WE,Federal Contract Tower,0,8,7,4,19,0,3,12,9,24,0,11,19,13,43,18,16,34,77
10/14/2017,OTH,OR,ANM,WE,Federal Contract Tower,0,7,4,0,11,0,1,15,9,25,0,8,19,9,36,42,8,50,86
10/15/2017,OTH,OR,ANM,WE,Federal Contract Tower,0,8,4,0,12,0,0,40,7,47,0,8,44,7,59,2,2,4,63
10/16/2017,OTH,OR,ANM,WE,Federal Contract Tower,0,5,3,3,11,0,5,4,13,22,0,10,7,16,33,0,38,38,71
10/17/2017,OTH,OR,ANM,WE,Federal Contract Tower,0,3,1,1,5,0,3,15,15,33,0,6,16,16,38,14,32,46,84
10/18/2017,OTH,OR,ANM,WE,Federal Contract Tower,0,12,10,2,24,0,0,3,6,9,0,12,13,8,33,8,20,28,61
10/19/2017,OTH,OR,ANM,WE,Federal Contract Tower,0,11,7,1,19,0,0,0,5,5,0,11,7,6,24,0,38,38,62
10/20/2017,OTH,OR,ANM,WE,Federal Contract Tower,0,10,10,0,20,0,0,3,9,12,0,10,13,9,32,0,30,30,62
10/21/2017,OTH,OR,ANM,WE,Federal Contract Tower,0,6,1,1,8,0,0,0,4,4,0,6,1,5,12,0,2,2,14
10/22/2017,OTH,OR,ANM,WE,Federal Contract Tower,0,3,6,5,14,0,0,4,5,9,0,3,10,10,23,0,0,0,23
10/23/2017,OTH,OR,ANM,WE,Federal Contract Tower,0,8,2,1,11,0,5,1,17,23,0,13,3,18,34,0,20,20,54
10/24/2017,OTH,OR,ANM,WE,Federal Contract Tower,0,4,7,0,11,0,6,13,13,32,0,10,20,13,43,13,32,45,88
10/25/2017,OTH,OR,ANM,WE,Federal Contract Tower,0,3,5,1,9,0,5,5,8,18,0,8,10,9,27,0,16,16,43
10/26/2017,OTH,OR,ANM,WE,Federal Contract Tower,0,10,4,2,16,0,3,5,8,16,0,13,9,10,32,0,14,14,46
10/27/2017,OTH,OR,ANM,WE,Federal Contract Tower,0,6,2,0,8,0,7,18,22,47,0,13,20,22,55,6,12,18,73
10/28/2017,OTH,OR,ANM,WE,Federal Contract Tower,0,7,5,0,12,0,0,0,0,0,0,7,5,0,12,0,0,0,12
10/29/2017,OTH,OR,ANM,WE,Federal Contract Tower,0,6,5,3,14,0,0,13,3,16,0,6,18,6,30,0,0,0,30
10/30/2017,OTH,OR,ANM,WE,Federal Contract Tower,0,4,1,0,5,0,7,16,10,33,0,11,17,10,38,0,36,36,74
10/31/2017,OTH,OR,ANM,WE,Federal Contract Tower,0,4,2,1,7,0,10,10,14,34,0,14,12,15,41,12,14,26,67
11/01/2017,OTH,OR,ANM,WE,Federal Contract Tower,0,9,0,3,12,0,0,1,8,9,0,9,1,11,21,0,28,28,49
11/02/2017,OTH,OR,ANM,WE,Federal Contract Tower,0,11,2,4,17,0,0,1,2,3,0,11,3,6,20,0,2,2,22
11/03/2017,OTH,OR,ANM,WE,Federal Contract Tower,0,9,2,0,11,0,4,6,30,40,0,13,8,30,51,42,38,80,131
11/04/2017,OTH,OR,ANM,WE,Federal Contract Tower,0,7,3,0,10,0,0,8,4,12,0,7,11,4,22,8,6,14,36
11/05/2017,OTH,OR,ANM,WE,Federal Contract Tower,0,3,3,0,6,0,2,0,6,8,0,5,3,6,14,8,10,18,32
11/06/2017,OTH,OR,ANM,WE,Federal Contract Tower,0,6,3,1,10,0,1,4,9,14,0,7,7,10,24,0,2,2,26
11/07/2017,OTH,OR,ANM,WE,Federal Contract Tower,0,5,3,0,8,0,5,11,13,29,0,10,14,13,37,0,0,0,37
11/08/2017,OTH,OR,ANM,WE,Federal Contract Tower,0,13,4,2,19,0,1,2,6,9,0,14,6,8,28,0,4,4,32
11/09/2017,OTH,OR,ANM,WE,Federal Contract Tower,0,12,3,0,15,0,1,2,12,15,0,13,5,12,30,0,6,6,36
11/10/2017,OTH,OR,ANM,WE,Federal Contract Tower,0,10,0,0,10,0,0,0,4,4,0,10,0,4,14,0,2,2,16
11/11/2017,OTH,OR,ANM,WE,Federal Contract Tower,0,7,0,0,7,0,0,5,5,10,0,7,5,5,17,8,0,8,25
11/12/2017,OTH,OR,ANM,WE,Federal Contract Tower,0,0,2,3,5,0,1,26,3,30,0,1,28,6,35,0,0,0,35
11/13/2017,OTH,OR,ANM,WE,Federal Contract Tower,0,5,2,0,7,0,1,0,4,5,0,6,2,4,12,0,0,0,12
11/14/2017,OTH,OR,ANM,WE,Federal Contract Tower,0,8,1,0,9,0,7,16,6,29,0,15,17,6,38,0,0,0,38
11/15/2017,OTH,OR,ANM,WE,Federal Contract Tower,0,11,2,22,35,0,0,0,6,6,0,11,2,28,41,0,10,10,51
11/16/2017,OTH,OR,ANM,WE,Federal Contract Tower,0,7,4,0,11,0,3,3,11,17,0,10,7,11,28,0,2,2,30
11/17/2017,OTH,OR,ANM,WE,Federal Contract Tower,0,4,1,0,5,0,5,8,24,37,0,9,9,24,42,0,26,26,68
11/18/2017,OTH,OR,ANM,WE,Federal Contract Tower,0,1,4,0,5,0,1,9,8,18,0,2,13,8,23,2,42,44,67
11/19/2017,OTH,OR,ANM,WE,Federal Contract Tower,0,3,0,0,3,0,2,1,6,9,0,5,1,6,12,0,4,4,16
11/20/2017,OTH,OR,ANM,WE,Federal Contract Tower,0,8,3,1,12,0,0,0,4,4,0,8,3,5,16,0,0,0,16
11/21/2017,OTH,OR,ANM,WE,Federal Contract Tower,0,6,2,0,8,0,3,2,16,21,0,9,4,16,29,0,14,14,43
11/22/2017,OTH,OR,ANM,WE,Federal Contract Tower,0,3,1,0,4,0,6,2,11,19,0,9,3,11,23,0,0,0,23
11/23/2017,OTH,OR,ANM,WE,Federal Contract Tower,0,5,1,0,6,0,0,0,0,0,0,5,1,0,6,0,0,0,6
11/24/2017,OTH,OR,ANM,WE,Federal Contract Tower,0,1,2,1,4,0,6,2,7,15,0,7,4,8,19,0,0,0,19
11/25/2017,OTH,OR,ANM,WE,Federal Contract Tower,0,12,1,0,13,0,3,2,6,11,0,15,3,6,24,0,0,0,24
11/26/2017,OTH,OR,ANM,WE,Federal Contract Tower,0,2,3,0,5,0,0,0,3,3,0,2,3,3,8,0,18,18,26
11/27/2017,OTH,OR,ANM,WE,Federal Contract Tower,0,5,2,2,9,0,6,11,22,39,0,11,13,24,48,0,28,28,76
11/28/2017,OTH,OR,ANM,WE,Federal Contract Tower,0,5,1,2,8,0,1,0,7,8,0,6,1,9,16,0,18,18,34
11/29/2017,OTH,OR,ANM,WE,Federal Contract Tower,0,5,5,0,10,0,7,14,15,36,0,12,19,15,46,26,0,26,72
11/30/2017,OTH,OR,ANM,WE,Federal Contract Tower,0,14,2,0,16,0,1,2,5,8,0,15,4,5,24,12,6,18,42
12/01/2017,OTH,OR,ANM,WE,Federal Contract Tower,0,7,3,0,10,0,4,1,12,17,0,11,4,12,27,0,22,22,49
12/02/2017,OTH,OR,ANM,WE,Federal Contract Tower,0,4,0,0,4,0,0,1,3,4,0,4,1,3,8,0,0,0,8
12/03/2017,OTH,OR,ANM,WE,Federal Contract Tower,0,4,0,0,4,0,0,1,4,5,0,4,1,4,9,0,0,0,9
12/04/2017,OTH,OR,ANM,WE,Federal Contract Tower,0,2,4,0,6,0,7,2,19,28,0,9,6,19,34,13,8,21,55
12/05/2017,OTH,OR,ANM,WE,Federal Contract Tower,0,4,3,0,7,0,8,3,13,24,0,12,6,13,31,0,0,0,31
12/06/2017,OTH,OR,ANM,WE,Federal Contract Tower,0,6,2,0,8,0,6,10,12,28,0,12,12,12,36,0,4,4,40
12/07/2017,OTH,OR,ANM,WE,Federal Contract Tower,0,15,6,1,22,0,4,16,8,28,0,19,22,9,50,4,0,4,54
12/08/2017,OTH,OR,ANM,WE,Federal Contract Tower,0,3,3,0,6,0,9,19,11,39,0,12,22,11,45,0,10,10,55
12/09/2017,OTH,OR,ANM,WE,Federal Contract Tower,0,11,4,0,15,0,4,7,7,18,0,15,11,7,33,0,0,0,33
12/10/2017,OTH,OR,ANM,WE,Federal Contract Tower,0,5,0,0,5,0,0,16,4,20,0,5,16,4,25,10,0,10,35
12/11/2017,OTH,OR,ANM,WE,Federal Contract Tower,0,4,1,0,5,0,6,11,13,30,0,10,12,13,35,4,40,44,79
12/12/2017,OTH,OR,ANM,WE,Federal Contract Tower,0,7,0,0,7,0,5,20,15,40,0,12,20,15,47,0,26,26,73
12/13/2017,OTH,OR,ANM,WE,Federal Contract Tower,0,4,1,0,5,0,7,17,11,35,0,11,18,11,40,16,2,18,58
12/14/2017,OTH,OR,ANM,WE,Federal Contract Tower,0,7,3,0,10,0,10,5,12,27,0,17,8,12,37,0,2,2,39
12/15/2017,OTH,OR,ANM,WE,Federal Contract Tower,0,8,5,1,14,0,0,4,2,6,0,8,9,3,20,0,0,0,20
12/16/2017,OTH,OR,ANM,WE,Federal Contract Tower,0,4,3,0,7,0,5,0,24,29,0,9,3,24,36,0,6,6,42
12/17/2017,OTH,OR,ANM,WE,Federal Contract Tower,0,2,7,0,9,0,1,4,5,10,0,3,11,5,19,0,4,4,23
12/18/2017,OTH,OR,ANM,WE,Federal Contract Tower,0,5,5,2,12,0,3,5,4,12,0,8,10,6,24,6,0,6,30
12/19/2017,OTH,OR,ANM,WE,Federal Contract Tower,0,9,1,1,11,0,0,2,8,10,0,9,3,9,21,0,0,0,21
12/20/2017,OTH,OR,ANM,WE,Federal Contract Tower,0,6,1,0,7,0,0,8,8,16,0,6,9,8,23,14,0,14,37
12/21/2017,OTH,OR,ANM,WE,Federal Contract Tower,0,6,0,0,6,0,3,4,4,11,0,9,4,4,17,4,0,4,21
12/22/2017,OTH,OR,ANM,WE,Federal Contract Tower,0,0,4,1,5,0,5,8,4,17,0,5,12,5,22,0,0,0,22
12/23/2017,OTH,OR,ANM,WE,Federal Contract Tower,0,2,0,0,2,0,1,11,3,15,0,3,11,3,17,0,0,0,17
12/24/2017,OTH,OR,ANM,WE,Federal Contract Tower,0,3,0,0,3,0,0,5,4,9,0,3,5,4,12,0,8,8,20
12/25/2017,OTH,OR,ANM,WE,Federal Contract Tower,0,0,0,0,0,0,0,0,2,2,0,0,0,2,2,0,0,0,2
12/26/2017,OTH,OR,ANM,WE,Federal Contract Tower,0,7,6,0,13,0,1,1,4,6,0,8,7,4,19,0,0,0,19
12/27/2017,OTH,OR,ANM,WE,Federal Contract Tower,0,5,1,1,7,0,1,1,4,6,0,6,2,5,13,0,0,0,13
12/28/2017,OTH,OR,ANM,WE,Federal Contract Tower,0,6,0,0,6,0,2,3,6,11,0,8,3,6,17,0,6,6,23
12/29/2017,OTH,OR,ANM,WE,Federal Contract Tower,0,10,1,0,11,0,1,0,3,4,0,11,1,3,15,0,0,0,15
12/30/2017,OTH,OR,ANM,WE,Federal Contract Tower,0,4,1,0,5,0,0,4,4,8,0,4,5,4,13,0,16,16,29
12/31/2017,OTH,OR,ANM,WE,Federal Contract Tower,0,0,3,0,3,0,0,9,6,15,0,0,12,6,18,4,0,4,22
01/01/2018,OTH,OR,ANM,WE,Federal Contract Tower,0,2,1,0,3,0,0,12,4,16,0,2,13,4,19,6,0,6,25
01/02/2018,OTH,OR,ANM,WE,Federal Contract Tower,0,4,0,0,4,0,5,3,6,14,0,9,3,6,18,12,18,30,48
01/03/2018,OTH,OR,ANM,WE,Federal Contract Tower,0,3,0,0,3,0,4,10,7,21,0,7,10,7,24,0,2,2,26
01/04/2018,OTH,OR,ANM,WE,Federal Contract Tower,0,10,3,0,13,0,3,3,9,15,0,13,6,9,28,0,0,0,28
01/05/2018,OTH,OR,ANM,WE,Federal Contract Tower,0,12,0,0,12,0,2,0,8,10,0,14,0,8,22,0,0,0,22
01/06/2018,OTH,OR,ANM,WE,Federal Contract Tower,0,3,1,0,4,0,2,2,13,17,0,5,3,13,21,0,0,0,21
01/07/2018,OTH,OR,ANM,WE,Federal Contract Tower,0,3,0,5,8,0,0,0,2,2,0,3,0,7,10,0,4,4,14
01/08/2018,OTH,OR,ANM,WE,Federal Contract Tower,0,7,0,3,10,0,1,1,8,10,0,8,1,11,20,0,4,4,24
01/09/2018,OTH,OR,ANM,WE,Federal Contract Tower,0,10,3,1,14,0,0,0,0,0,0,10,3,1,14,0,0,0,14
01/10/2018,OTH,OR,ANM,WE,Federal Contract Tower,0,10,4,0,14,0,0,4,7,11,0,10,8,7,25,4,0,4,29
01/11/2018,OTH,OR,ANM,WE,Federal Contract Tower,0,11,4,0,15,0,0,0,9,9,0,11,4,9,24,0,20,20,44
01/12/2018,OTH,OR,ANM,WE,Federal Contract Tower,0,0,4,4,8,0,6,2,16,24,0,6,6,20,32,0,52,52,84
01/13/2018,OTH,OR,ANM,WE,Federal Contract Tower,0,0,3,0,3,0,7,7,3,17,0,7,10,3,20,0,0,0,20
01/14/2018,OTH,OR,ANM,WE,Federal Contract Tower,0,3,2,0,5,0,2,5,6,13,0,5,7,6,18,0,0,0,18
01/15/2018,OTH,OR,ANM,WE,Federal Contract Tower,0,3,4,4,11,0,2,3,13,18,0,5,7,17,29,0,16,16,45
01/16/2018,OTH,OR,ANM,WE,Federal Contract Tower,0,2,1,0,3,0,5,10,9,24,0,7,11,9,27,0,30,30,57
01/17/2018,OTH,OR,ANM,WE,Federal Contract Tower,0,5,0,0,5,0,7,1,8,16,0,12,1,8,21,0,36,36,57
01/18/2018,OTH,OR,ANM,WE,Federal Contract Tower,0,11,1,1,13,0,0,0,7,7,0,11,1,8,20,0,10,10,30
01/19/2018,OTH,OR,ANM,WE,Federal Contract Tower,0,9,4,1,14,0,1,2,10,13,0,10,6,11,27,0,40,40,67
01/20/2018,OTH,OR,ANM,WE,Federal Contract Tower,0,3,1,0,4,0,2,0,2,4,0,5,1,2,8,0,0,0,8
01/21/2018,OTH,OR,ANM,WE,Federal Contract Tower,0,3,0,1,4,0,0,0,3,3,0,3,0,4,7,0,0,0,7
01/22/2018,OTH,OR,ANM,WE,Federal Contract Tower,0,6,3,0,9,0,1,13,14,28,0,7,16,14,37,4,30,34,71
01/23/2018,OTH,OR,ANM,WE,Federal Contract Tower,0,9,1,0,10,0,0,2,12,14,0,9,3,12,24,0,48,48,72
01/24/2018,OTH,OR,ANM,WE,Federal Contract Tower,0,7,6,0,13,0,1,3,8,12,0,8,9,8,25,0,4,4,29
01/25/2018,OTH,OR,ANM,WE,Federal Contract Tower,0,7,4,0,11,0,3,7,20,30,0,10,11,20,41,42,42,84,125
01/26/2018,OTH,OR,ANM,WE,Federal Contract Tower,0,6,3,0,9,0,6,0,12,18,0,12,3,12,27,0,42,42,69
01/27/2018,OTH,OR,ANM,WE,Federal Contract Tower,0,7,3,1,11,0,0,0,4,4,0,7,3,5,15,0,18,18,33
01/28/2018,OTH,OR,ANM,WE,Federal Contract Tower,0,2,10,10,22,0,0,3,1,4,0,2,13,11,26,0,0,0,26
01/29/2018,OTH,OR,ANM,WE,Federal Contract Tower,0,5,2,3,10,0,3,6,10,19,0,8,8,13,29,2,4,6,35
01/30/2018,OTH,OR,ANM,WE,Federal Contract Tower,0,2,2,0,4,0,7,2,13,22,0,9,4,13,26,0,2,2,28
01/31/2018,OTH,OR,ANM,WE,Federal Contract Tower,0,2,10,3,15,0,6,6,13,25,0,8,16,16,40,12,0,12,52
02/01/2018,OTH,OR,ANM,WE,Federal Contract Tower,0,6,7,0,13,0,4,10,7,21,0,10,17,7,34,0,6,6,40
02/02/2018,OTH,OR,ANM,WE,Federal Contract Tower,0,7,5,1,13,0,2,11,4,17,0,9,16,5,30,8,0,8,38
02/03/2018,OTH,OR,ANM,WE,Federal Contract Tower,0,6,5,0,11,0,0,5,0,5,0,6,10,0,16,0,0,0,16
02/04/2018,OTH,OR,ANM,WE,Federal Contract Tower,0,6,5,0,11,0,0,1,0,1,0,6,6,0,12,0,0,0,12
02/05/2018,OTH,OR,ANM,WE,Federal Contract Tower,0,6,0,5,11,0,7,13,8,28,0,13,13,13,39,8,50,58,97
02/06/2018,OTH,OR,ANM,WE,Federal Contract Tower,0,1,3,0,4,0,3,3,10,16,0,4,6,10,20,0,0,0,20
02/07/2018,OTH,OR,ANM,WE,Federal Contract Tower,0,4,2,0,6,0,6,18,19,43,0,10,20,19,49,14,0,14,63
02/08/2018,OTH,OR,ANM,WE,Federal Contract Tower,0,7,4,0,11,0,5,3,4,12,0,12,7,4,23,0,14,14,37
02/09/2018,OTH,OR,ANM,WE,Federal Contract Tower,0,5,6,3,14,0,5,7,19,31,0,10,13,22,45,0,24,24,69
02/10/2018,OTH,OR,ANM,WE,Federal Contract Tower,0,3,2,1,6,0,3,16,8,27,0,6,18,9,33,6,0,6,39
02/11/2018,OTH,OR,ANM,WE,Federal Contract Tower,0,2,0,0,2,0,0,2,4,6,0,2,2,4,8,0,14,14,22
02/12/2018,OTH,OR,ANM,WE,Federal Contract Tower,0,4,6,0,10,0,4,3,16,23,0,8,9,16,33,0,60,60,93
02/13/2018,OTH,OR,ANM,WE,Federal Contract Tower,0,1,0,1,2,0,7,12,43,62,0,8,12,44,64,0,6,6,70
02/14/2018,OTH,OR,ANM,WE,Federal Contract Tower,0,6,5,0,11,0,2,1,14,17,0,8,6,14,28,6,0,6,34
02/15/2018,OTH,OR,ANM,WE,Federal Contract Tower,0,9,1,0,10,0,5,2,15,22,0,14,3,15,32,0,8,8,40
02/16/2018,OTH,OR,ANM,WE,Federal Contract Tower,0,9,2,1,12,0,5,3,3,11,0,14,5,4,23,0,0,0,23
02/17/2018,OTH,OR,ANM,WE,Federal Contract Tower,0,8,1,2,11,0,1,0,0,1,0,9,1,2,12,0,0,0,12
02/18/2018,OTH,OR,ANM,WE,Federal Contract Tower,0,1,0,0,1,0,0,1,9,10,0,1,1,9,11,0,24,24,35
02/19/2018,OTH,OR,ANM,WE,Federal Contract Tower,0,9,2,0,11,0,4,16,21,41,0,13,18,21,52,6,0,6,58
02/20/2018,OTH,OR,ANM,WE,Federal Contract Tower,0,9,7,0,16,0,1,5,9,15,0,10,12,9,31,6,30,36,67
02/21/2018,OTH,OR,ANM,WE,Federal Contract Tower,0,5,2,0,7,0,2,8,21,31,0,7,10,21,38,0,62,62,100
02/22/2018,OTH,OR,ANM,WE,Federal Contract Tower,0,11,1,0,12,0,1,3,6,10,0,12,4,6,22,4,0,4,26
02/23/2018,OTH,OR,ANM,WE,Federal Contract Tower,0,7,3,0,10,0,2,24,50,76,0,9,27,50,86,16,44,60,146
02/24/2018,OTH,OR,ANM,WE,Federal Contract Tower,0,7,4,0,11,0,1,0,9,10,0,8,4,9,21,0,2,2,23
02/25/2018,OTH,OR,ANM,WE,Federal Contract Tower,0,2,4,19,25,0,0,0,19,19,0,2,4,38,44,0,0,0,44
02/26/2018,OTH,OR,ANM,WE,Federal Contract Tower,0,4,1,0,5,0,2,14,21,37,0,6,15,21,42,0,10,10,52
02/27/2018,OTH,OR,ANM,WE,Federal Contract Tower,0,4,4,0,8,0,3,1,18,22,0,7,5,18,30,0,20,20,50
02/28/2018,OTH,OR,ANM,WE,Federal Contract Tower,0,8,4,0,12,0,0,0,14,14,0,8,4,14,26,0,0,0,26
03/01/2018,OTH,OR,ANM,WE,Federal Contract Tower,0,8,2,2,12,0,1,0,5,6,0,9,2,7,18,0,58,58,76
03/02/2018,OTH,OR,ANM,WE,Federal Contract Tower,0,10,3,0,13,0,0,0,9,9,0,10,3,9,22,0,64,64,86
03/03/2018,OTH,OR,ANM,WE,Federal Contract Tower,0,8,7,0,15,0,0,0,5,5,0,8,7,5,20,0,14,14,34
03/04/2018,OTH,OR,ANM,WE,Federal Contract Tower,0,3,6,0,9,0,0,0,6,6,0,3,6,6,15,2,0,2,17
03/05/2018,OTH,OR,ANM,WE,Federal Contract Tower,1,3,2,5,11,0,2,28,21,51,1,5,30,26,62,4,12,16,78
03/06/2018,OTH,OR,ANM,WE,Federal Contract Tower,0,1,7,1,9,0,10,32,12,54,0,11,39,13,63,0,0,0,63
03/07/2018,OTH,OR,ANM,WE,Federal Contract Tower,0,4,4,0,8,0,6,5,10,21,0,10,9,10,29,0,8,8,37
03/08/2018,OTH,OR,ANM,WE,Federal Contract Tower,0,10,2,7,19,0,0,0,3,3,0,10,2,10,22,0,0,0,22
03/09/2018,OTH,OR,ANM,WE,Federal Contract Tower,0,5,8,0,13,0,4,8,28,40,0,9,16,28,53,6,40,46,99
03/10/2018,OTH,OR,ANM,WE,Federal Contract Tower,0,5,5,0,10,0,6,8,6,20,0,11,13,6,30,0,2,2,32
03/11/2018,OTH,OR,ANM,WE,Federal Contract Tower,0,5,7,1,13,0,1,19,4,24,0,6,26,5,37,2,18,20,57
03/12/2018,OTH,OR,ANM,WE,Federal Contract Tower,0,6,0,0,6,0,4,11,9,24,0,10,11,9,30,8,10,18,48
03/13/2018,OTH,OR,ANM,WE,Federal Contract Tower,0,8,5,0,13,0,1,0,11,12,0,9,5,11,25,0,14,14,39
03/14/2018,OTH,OR,ANM,WE,Federal Contract Tower,0,6,5,2,13,0,4,6,5,15,0,10,11,7,28,0,10,10,38
03/15/2018,OTH,OR,ANM,WE,Federal Contract Tower,0,15,6,0,21,0,2,0,6,8,0,17,6,6,29,0,36,36,65
03/16/2018,OTH,OR,ANM,WE,Federal Contract Tower,0,12,1,0,13,0,2,9,12,23,0,14,10,12,36,0,14,14,50
03/17/2018,OTH,OR,ANM,WE,Federal Contract Tower,0,7,0,1,8,0,1,0,10,11,0,8,0,11,19,0,10,10,29
03/18/2018,OTH,OR,ANM,WE,Federal Contract Tower,0,6,2,0,8,0,0,5,8,13,0,6,7,8,21,6,10,16,37
03/19/2018,OTH,OR,ANM,WE,Federal Contract Tower,0,5,1,0,6,0,4,17,16,37,0,9,18,16,43,10,48,58,101
03/20/2018,OTH,OR,ANM,WE,Federal Contract Tower,0,6,3,0,9,0,4,14,11,29,0,10,17,11,38,0,12,12,50
03/21/2018,OTH,OR,ANM,WE,Federal Contract Tower,0,13,2,0,15,0,0,0,9,9,0,13,2,9,24,0,6,6,30
03/22/2018,OTH,OR,ANM,WE,Federal Contract Tower,0,11,5,0,16,0,1,5,12,18,0,12,10,12,34,0,2,2,36
03/23/2018,OTH,OR,ANM,WE,Federal Contract Tower,0,11,4,16,31,0,1,0,11,12,0,12,4,27,43,0,30,30,73
03/24/2018,OTH,OR,ANM,WE,Federal Contract Tower,0,4,5,0,9,0,1,3,5,9,0,5,8,5,18,0,34,34,52
03/25/2018,OTH,OR,ANM,WE,Federal Contract Tower,0,5,5,0,10,0,0,5,5,10,0,5,10,5,20,2,43,45,65
03/26/2018,OTH,OR,ANM,WE,Federal Contract Tower,0,5,4,0,9,0,1,3,8,12,0,6,7,8,21,0,14,14,35
03/27/2018,OTH,OR,ANM,WE,Federal Contract Tower,0,8,5,2,15,0,3,3,11,17,0,11,8,13,32,2,16,18,50
03/28/2018,OTH,OR,ANM,WE,Federal Contract Tower,0,8,5,1,14,0,4,8,7,19,0,12,13,8,33,4,6,10,43
03/29/2018,OTH,OR,ANM,WE,Federal Contract Tower,0,6,4,0,10,0,4,11,8,23,0,10,15,8,33,0,50,50,83
03/30/2018,OTH,OR,ANM,WE,Federal Contract Tower,0,8,2,1,11,0,2,7,11,20,0,10,9,12,31,0,36,36,67
03/31/2018,OTH,OR,ANM,WE,Federal Contract Tower,0,7,3,0,10,0,1,8,6,15,0,8,11,6,25,4,9,13,38
04/01/2018,OTH,OR,ANM,WE,Federal Contract Tower,0,2,2,0,4,0,1,7,8,16,0,3,9,8,20,0,8,8,28
04/02/2018,OTH,OR,ANM,WE,Federal Contract Tower,1,2,2,0,5,0,2,6,11,19,1,4,8,11,24,20,24,44,68
04/03/2018,OTH,OR,ANM,WE,Federal Contract Tower,0,5,1,1,7,0,8,17,15,40,0,13,18,16,47,8,24,32,79
04/04/2018,OTH,OR,ANM,WE,Federal Contract Tower,0,6,2,0,8,0,6,6,9,21,0,12,8,9,29,4,6,10,39
04/05/2018,OTH,OR,ANM,WE,Federal Contract Tower,0,12,5,0,17,0,1,12,10,23,0,13,17,10,40,0,34,34,74
04/06/2018,OTH,OR,ANM,WE,Federal Contract Tower,0,8,4,2,14,0,3,9,10,22,0,11,13,12,36,0,46,46,82
04/07/2018,OTH,OR,ANM,WE,Federal Contract Tower,0,8,7,0,15,0,0,0,4,4,0,8,7,4,19,0,0,0,19
04/08/2018,OTH,OR,ANM,WE,Federal Contract Tower,0,3,5,0,8,0,4,6,8,18,0,7,11,8,26,12,4,16,42
04/09/2018,OTH,OR,ANM,WE,Federal Contract Tower,0,2,2,0,4,0,2,18,11,31,0,4,20,11,35,28,8,36,71
04/10/2018,OTH,OR,ANM,WE,Federal Contract Tower,0,11,3,0,14,0,1,2,20,23,0,12,5,20,37,0,32,32,69
04/11/2018,OTH,OR,ANM,WE,Federal Contract Tower,0,10,4,1,15,0,2,0,7,9,0,12,4,8,24,0,24,24,48
04/12/2018,OTH,OR,ANM,WE,Federal Contract Tower,0,12,6,0,18,0,3,2,3,8,0,15,8,3,26,0,0,0,26
04/13/2018,OTH,OR,ANM,WE,Federal Contract Tower,0,8,8,2,18,0,1,4,13,18,0,9,12,15,36,2,20,22,58
04/14/2018,OTH,OR,ANM,WE,Federal Contract Tower,0,7,3,2,12,0,1,7,4,12,0,8,10,6,24,0,2,2,26
04/15/2018,OTH,OR,ANM,WE,Federal Contract Tower,0,4,5,1,10,0,0,2,5,7,0,4,7,6,17,0,0,0,17
04/16/2018,OTH,OR,ANM,WE,Federal Contract Tower,0,7,5,0,12,0,1,1,7,9,0,8,6,7,21,0,0,0,21
04/17/2018,OTH,OR,ANM,WE,Federal Contract Tower,0,17,2,0,19,0,3,6,11,20,0,20,8,11,39,12,0,12,51
04/18/2018,OTH,OR,ANM,WE,Federal Contract Tower,0,6,3,0,9,0,10,14,10,34,0,16,17,10,43,16,6,22,65
04/19/2018,OTH,OR,ANM,WE,Federal Contract Tower,0,7,3,0,10,0,5,12,8,25,0,12,15,8,35,28,0,28,63
04/20/2018,OTH,OR,ANM,WE,Federal Contract Tower,0,7,7,3,17,0,6,16,14,36,0,13,23,17,53,0,0,0,53
04/21/2018,OTH,OR,ANM,WE,Federal Contract Tower,0,11,5,0,16,0,0,2,6,8,0,11,7,6,24,0,2,2,26
04/22/2018,OTH,OR,ANM,WE,Federal Contract Tower,0,7,4,0,11,0,0,9,4,13,0,7,13,4,24,0,18,18,42
04/23/2018,OTH,OR,ANM,WE,Federal Contract Tower,0,3,3,1,7,0,7,9,13,29,0,10,12,14,36,0,12,12,48
04/24/2018,OTH,OR,ANM,WE,Federal Contract Tower,0,6,1,1,8,0,6,6,15,27,0,12,7,16,35,0,0,0,35
04/25/2018,OTH,OR,ANM,WE,Federal Contract Tower,0,12,8,10,30,0,0,0,0,0,0,12,8,10,30,0,0,0,30
04/26/2018,OTH,OR,ANM,WE,Federal Contract Tower,0,13,15,2,30,0,0,4,8,12,0,13,19,10,42,2,14,16,58
04/27/2018,OTH,OR,ANM,WE,Federal Contract Tower,0,12,3,0,15,0,1,8,14,23,0,13,11,14,38,4,2,6,44
04/28/2018,OTH,OR,ANM,WE,Federal Contract Tower,0,5,7,0,12,0,4,8,13,25,0,9,15,13,37,0,20,20,57
04/29/2018,OTH,OR,ANM,WE,Federal Contract Tower,0,11,23,1,35,0,0,11,4,15,0,11,34,5,50,0,0,0,50
04/30/2018,OTH,OR,ANM,WE,Federal Contract Tower,0,4,7,0,11,0,1,5,8,14,0,5,12,8,25,0,0,0,25
05/01/2018,OTH,OR,ANM,WE,Federal Contract Tower,0,9,4,3,16,0,6,3,7,16,0,15,7,10,32,0,4,4,36
05/02/2018,OTH,OR,ANM,WE,Federal Contract Tower,0,5,13,0,18,0,5,20,7,32,0,10,33,7,50,14,10,24,74
05/03/2018,OTH,OR,ANM,WE,Federal Contract Tower,0,15,11,0,26,0,0,0,5,5,0,15,11,5,31,0,20,20,51
05/04/2018,OTH,OR,ANM,WE,Federal Contract Tower,0,8,2,0,10,0,4,8,10,22,0,12,10,10,32,12,0,12,44
05/05/2018,OTH,OR,ANM,WE,Federal Contract Tower,0,6,0,0,6,0,8,12,5,25,0,14,12,5,31,2,0,2,33
05/06/2018,OTH,OR,ANM,WE,Federal Contract Tower,0,7,10,8,25,0,0,4,3,7,0,7,14,11,32,0,8,8,40
05/07/2018,OTH,OR,ANM,WE,Federal Contract Tower,0,8,1,2,11,0,2,6,16,24,0,10,7,18,35,10,0,10,45
05/08/2018,OTH,OR,ANM,WE,Federal Contract Tower,0,11,5,0,16,0,5,13,5,23,0,16,18,5,39,20,2,22,61
05/09/2018,OTH,OR,ANM,WE,Federal Contract Tower,0,15,5,0,20,0,9,10,6,25,0,24,15,6,45,32,0,32,77
05/10/2018,OTH,OR,ANM,WE,Federal Contract Tower,0,11,6,0,17,0,2,14,8,24,0,13,20,8,41,24,0,24,65
05/11/2018,OTH,OR,ANM,WE,Federal Contract Tower,0,11,5,0,16,0,2,10,16,28,0,13,15,16,44,4,12,16,60
05/12/2018,OTH,OR,ANM,WE,Federal Contract Tower,0,11,1,1,13,0,1,11,6,18,0,12,12,7,31,4,4,8,39
05/13/2018,OTH,OR,ANM,WE,Federal Contract Tower,0,6,3,0,9,0,0,4,4,8,0,6,7,4,17,0,0,0,17
05/14/2018,OTH,OR,ANM,WE,Federal Contract Tower,0,10,7,0,17,0,0,0,6,6,0,10,7,6,23,0,4,4,27
05/15/2018,OTH,OR,ANM,WE,Federal Contract Tower,1,11,5,3,20,0,2,8,8,18,1,13,13,11,38,30,0,30,68
05/16/2018,OTH,OR,ANM,WE,Federal Contract Tower,0,17,3,0,20,0,1,5,6,12,0,18,8,6,32,0,0,0,32
05/17/2018,OTH,OR,ANM,WE,Federal Contract Tower,0,18,7,0,25,0,3,15,3,21,0,21,22,3,46,37,0,37,83
05/18/2018,OTH,OR,ANM,WE,Federal Contract Tower,0,16,13,0,29,0,5,12,3,20,0,21,25,3,49,10,6,16,65
05/19/2018,OTH,OR,ANM,WE,Federal Contract Tower,0,11,9,0,20,0,5,4,5,14,0,16,13,5,34,0,18,18,52
05/20/2018,OTH,OR,ANM,WE,Federal Contract Tower,0,5,8,1,14,0,0,4,3,7,0,5,12,4,21,0,0,0,21
05/21/2018,OTH,OR,ANM,WE,Federal Contract Tower,0,10,16,0,26,0,0,17,5,22,0,10,33,5,48,16,0,16,64
05/22/2018,OTH,OR,ANM,WE,Federal Contract Tower,0,14,12,4,30,0,0,3,4,7,0,14,15,8,37,0,0,0,37
05/23/2018,OTH,OR,ANM,WE,Federal Contract Tower,0,13,7,0,20,0,2,0,7,9,0,15,7,7,29,0,26,26,55
05/24/2018,OTH,OR,ANM,WE,Federal Contract Tower,0,8,9,2,19,0,5,3,5,13,0,13,12,7,32,20,0,20,52
05/25/2018,OTH,OR,ANM,WE,Federal Contract Tower,0,10,12,0,22,0,1,1,7,9,0,11,13,7,31,0,8,8,39
05/26/2018,OTH,OR,ANM,WE,Federal Contract Tower,0,4,3,0,7,0,2,7,4,13,0,6,10,4,20,14,0,14,34
05/27/2018,OTH,OR,ANM,WE,Federal Contract Tower,0,4,2,0,6,0,0,28,4,32,0,4,30,4,38,8,0,8,46
05/28/2018,OTH,OR,ANM,WE,Federal Contract Tower,0,4,4,0,8,0,0,6,3,9,0,4,10,3,17,24,0,24,41
05/29/2018,OTH,OR,ANM,WE,Federal Contract Tower,0,8,4,0,12,0,3,5,5,13,0,11,9,5,25,0,0,0,25
05/30/2018,OTH,OR,ANM,WE,Federal Contract Tower,0,3,1,0,4,0,7,15,7,29,0,10,16,7,33,2,0,2,35
05/31/2018,OTH,OR,ANM,WE,Federal Contract Tower,0,14,13,0,27,0,1,13,7,21,0,15,26,7,48,12,0,12,60
06/01/2018,OTH,OR,ANM,WE,Federal Contract Tower,0,7,5,0,12,0,8,25,13,46,0,15,30,13,58,26,14,40,98
06/02/2018,OTH,OR,ANM,WE,Federal Contract Tower,0,4,3,0,7,0,5,13,6,24,0,9,16,6,31,2,0,2,33
06/03/2018,OTH,OR,ANM,WE,Federal Contract Tower,0,9,15,0,24,0,1,12,4,17,0,10,27,4,41,6,0,6,47
06/04/2018,OTH,OR,ANM,WE,Federal Contract Tower,0,6,2,0,8,0,1,8,10,19,0,7,10,10,27,0,10,10,37
06/05/2018,OTH,OR,ANM,WE,Federal Contract Tower,0,10,5,0,15,0,5,10,8,23,0,15,15,8,38,18,8,26,64
06/06/2018,OTH,OR,ANM,WE,Federal Contract Tower,0,14,9,2,25,0,6,19,9,34,0,20,28,11,59,32,20,52,111
06/07/2018,OTH,OR,ANM,WE,Federal Contract Tower,0,9,7,4,20,0,4,15,16,35,0,13,22,20,55,28,4,32,87
06/08/2018,OTH,OR,ANM,WE,Federal Contract Tower,0,11,16,0,27,0,1,4,11,16,0,12,20,11,43,0,0,0,43
06/09/2018,OTH,OR,ANM,WE,Federal Contract Tower,0,6,3,0,9,0,1,2,9,12,0,7,5,9,21,0,8,8,29
06/10/2018,OTH,OR,ANM,WE,Federal Contract Tower,2,4,11,0,17,0,0,12,2,14,2,4,23,2,31,8,0,8,39
06/11/2018,OTH,OR,ANM,WE,Federal Contract Tower,0,9,14,2,25,0,4,19,13,36,0,13,33,15,61,0,4,4,65
06/12/2018,OTH,OR,ANM,WE,Federal Contract Tower,0,4,0,0,4,0,9,29,4,42,0,13,29,4,46,2,2,4,50
06/13/2018,OTH,OR,ANM,WE,Federal Contract Tower,0,12,7,0,19,0,0,8,12,20,0,12,15,12,39,0,0,0,39
06/14/2018,OTH,OR,ANM,WE,Federal Contract Tower,0,6,5,0,11,0,8,7,4,19,0,14,12,4,30,0,2,2,32
06/15/2018,OTH,OR,ANM,WE,Federal Contract Tower,0,6,6,0,12,0,6,9,6,21,0,12,15,6,33,0,6,6,39
06/16/2018,OTH,OR,ANM,WE,Federal Contract Tower,0,7,2,0,9,0,3,5,3,11,0,10,7,3,20,0,0,0,20
06/17/2018,OTH,OR,ANM,WE,Federal Contract Tower,2,2,5,0,9,0,0,6,4,10,2,2,11,4,19,0,0,0,19
06/18/2018,OTH,OR,ANM,WE,Federal Contract Tower,0,6,1,0,7,0,2,9,4,15,0,8,10,4,22,0,2,2,24
06/19/2018,OTH,OR,ANM,WE,Federal Contract Tower,0,10,10,8,28,0,0,1,1,2,0,10,11,9,30,0,0,0,30
06/20/2018,OTH,OR,ANM,WE,Federal Contract Tower,2,11,9,1,23,0,1,0,5,6,2,12,9,6,29,0,10,10,39
06/21/2018,OTH,OR,ANM,WE,Federal Contract Tower,0,9,5,0,14,0,2,14,4,20,0,11,19,4,34,16,6,22,56
06/22/2018,OTH,OR,ANM,WE,Federal Contract Tower,0,8,13,0,21,0,6,18,6,30,0,14,31,6,51,0,0,0,51
06/23/2018,OTH,OR,ANM,WE,Federal Contract Tower,0,4,3,0,7,0,3,6,6,15,0,7,9,6,22,0,8,8,30
06/24/2018,OTH,OR,ANM,WE,Federal Contract Tower,2,9,17,0,28,0,0,16,7,23,2,9,33,7,51,8,10,18,69
06/25/2018,OTH,OR,ANM,WE,Federal Contract Tower,0,3,1,23,27,0,3,5,9,17,0,6,6,32,44,0,6,6,50
06/26/2018,OTH,OR,ANM,WE,Federal Contract Tower,0,9,2,0,11,0,8,10,14,32,0,17,12,14,43,0,0,0,43
06/27/2018,OTH,OR,ANM,WE,Federal Contract Tower,2,9,7,2,20,0,9,10,6,25,2,18,17,8,45,0,0,0,45
06/28/2018,OTH,OR,ANM,WE,Federal Contract Tower,0,5,3,0,8,0,4,14,7,25,0,9,17,7,33,6,16,22,55
06/29/2018,OTH,OR,ANM,WE,Federal Contract Tower,0,5,10,5,20,0,5,12,13,30,0,10,22,18,50,0,18,18,68
06/30/2018,OTH,OR,ANM,WE,Federal Contract Tower,0,7,7,1,15,0,2,13,3,18,0,9,20,4,33,0,0,0,33
07/01/2018,OTH,OR,ANM,WE,Federal Contract Tower,2,4,0,0,6,0,0,9,7,16,2,4,9,7,22,22,24,46,68
07/02/2018,OTH,OR,ANM,WE,Federal Contract Tower,0,6,4,0,10,0,7,6,6,19,0,13,10,6,29,2,0,2,31
07/03/2018,OTH,OR,ANM,WE,Federal Contract Tower,0,4,2,0,6,0,5,11,10,26,0,9,13,10,32,4,10,14,46
07/04/2018,OTH,OR,ANM,WE,Federal Contract Tower,2,7,4,2,15,0,1,1,5,7,2,8,5,7,22,0,20,20,42
07/05/2018,OTH,OR,ANM,WE,Federal Contract Tower,0,6,1,5,12,0,11,11,6,28,0,17,12,11,40,30,10,40,80
07/06/2018,OTH,OR,ANM,WE,Federal Contract Tower,0,11,3,0,14,0,4,2,5,11,0,15,5,5,25,10,2,12,37
07/07/2018,OTH,OR,ANM,WE,Federal Contract Tower,0,8,6,0,14,0,1,19,2,22,0,9,25,2,36,4,0,4,40
07/08/2018,OTH,OR,ANM,WE,Federal Contract Tower,2,5,4,1,12,0,0,4,5,9,2,5,8,6,21,0,18,18,39
07/09/2018,OTH,OR,ANM,WE,Federal Contract Tower,0,5,1,10,16,0,3,2,7,12,0,8,3,17,28,0,8,8,36
07/10/2018,OTH,OR,ANM,WE,Federal Contract Tower,0,13,4,0,17,0,6,6,6,18,0,19,10,6,35,0,0,0,35
07/11/2018,OTH,OR,ANM,WE,Federal Contract Tower,2,12,4,3,21,0,3,9,10,22,2,15,13,13,43,0,0,0,43
07/12/2018,OTH,OR,ANM,WE,Federal Contract Tower,0,10,3,1,14,0,4,8,13,25,0,14,11,14,39,0,38,38,77
07/13/2018,OTH,OR,ANM,WE,Federal Contract Tower,0,12,3,1,16,0,1,16,5,22,0,13,19,6,38,8,10,18,56
07/14/2018,OTH,OR,ANM,WE,Federal Contract Tower,0,9,3,0,12,0,4,12,4,20,0,13,15,4,32,0,4,4,36
07/15/2018,OTH,OR,ANM,WE,Federal Contract Tower,2,11,9,0,22,0,2,18,4,24,2,13,27,4,46,14,2,16,62
07/16/2018,OTH,OR,ANM,WE,Federal Contract Tower,0,9,4,0,13,0,3,11,5,19,0,12,15,5,32,0,2,2,34
07/17/2018,OTH,OR,ANM,WE,Federal Contract Tower,0,10,12,1,23,0,4,5,6,15,0,14,17,7,38,2,4,6,44
07/18/2018,OTH,OR,ANM,WE,Federal Contract Tower,2,15,4,0,21,0,8,14,8,30,2,23,18,8,51,4,10,14,65
07/19/2018,OTH,OR,ANM,WE,Federal Contract Tower,0,5,10,0,15,0,6,16,8,30,0,11,26,8,45,4,4,8,53
07/20/2018,OTH,OR,ANM,WE,Federal Contract Tower,0,15,7,0,22,0,6,8,4,18,0,21,15,4,40,0,0,0,40
07/21/2018,OTH,OR,ANM,WE,Federal Contract Tower,0,2,2,0,4,0,8,12,11,31,0,10,14,11,35,22,0,22,57
07/22/2018,OTH,OR,ANM,WE,Federal Contract Tower,2,12,5,0,19,0,0,11,7,18,2,12,16,7,37,12,12,24,61
07/23/2018,OTH,OR,ANM,WE,Federal Contract Tower,0,12,8,9,29,0,1,3,3,7,0,13,11,12,36,0,0,0,36
07/24/2018,OTH,OR,ANM,WE,Federal Contract Tower,0,10,5,30,45,0,4,3,4,11,0,14,8,34,56,0,48,48,104
07/25/2018,OTH,OR,ANM,WE,Federal Contract Tower,2,10,8,0,20,0,8,9,8,25,2,18,17,8,45,0,18,18,63
07/26/2018,OTH,OR,ANM,WE,Federal Contract Tower,0,7,4,0,11,0,4,5,5,14,0,11,9,5,25,0,28,28,53
07/27/2018,OTH,OR,ANM,WE,Federal Contract Tower,0,12,9,1,22,0,2,6,20,28,0,14,15,21,50,0,54,54,104
07/28/2018,OTH,OR,ANM,WE,Federal Contract Tower,0,6,7,0,13,0,1,20,2,23,0,7,27,2,36,14,0,14,50
07/29/2018,OTH,OR,ANM,WE,Federal Contract Tower,2,8,5,0,15,0,0,10,4,14,2,8,15,4,29,4,2,6,35
07/30/2018,OTH,OR,ANM,WE,Federal Contract Tower,0,8,4,0,12,0,2,6,9,17,0,10,10,9,29,0,4,4,33
07/31/2018,OTH,OR,ANM,WE,Federal Contract Tower,0,9,5,0,14,0,4,2,11,17,0,13,7,11,31,0,34,34,65
08/01/2018,OTH,OR,ANM,WE,Federal Contract Tower,2,14,6,0,22,0,0,2,8,10,2,14,8,8,32,8,0,8,40
08/02/2018,OTH,OR,ANM,WE,Federal Contract Tower,0,16,11,1,28,0,2,11,3,16,0,18,22,4,44,12,28,40,84
08/03/2018,OTH,OR,ANM,WE,Federal Contract Tower,0,8,5,0,13,0,4,21,5,30,0,12,26,5,43,0,0,0,43
08/04/2018,OTH,OR,ANM,WE,Federal Contract Tower,0,14,12,3,29,0,0,5,1,6,0,14,17,4,35,8,8,16,51
08/05/2018,OTH,OR,ANM,WE,Federal Contract Tower,0,14,12,0,26,0,0,4,4,8,0,14,16,4,34,0,0,0,34
08/06/2018,OTH,OR,ANM,WE,Federal Contract Tower,0,5,16,5,26,0,3,2,5,10,0,8,18,10,36,0,6,6,42
08/07/2018,OTH,OR,ANM,WE,Federal Contract Tower,2,13,10,6,31,0,0,4,4,8,2,13,14,10,39,0,6,6,45
08/08/2018,OTH,OR,ANM,WE,Federal Contract Tower,2,14,8,7,31,0,2,4,4,10,2,16,12,11,41,0,0,0,41
08/09/2018,OTH,OR,ANM,WE,Federal Contract Tower,0,14,10,0,24,0,2,13,3,18,0,16,23,3,42,0,0,0,42
08/10/2018,OTH,OR,ANM,WE,Federal Contract Tower,0,18,5,0,23,0,4,5,10,19,0,22,10,10,42,0,34,34,76
08/11/2018,OTH,OR,ANM,WE,Federal Contract Tower,0,7,4,0,11,0,2,24,3,29,0,9,28,3,40,14,20,34,74
08/12/2018,OTH,OR,ANM,WE,Federal Contract Tower,2,3,10,0,15,0,1,18,12,31,2,4,28,12,46,10,30,40,86
08/13/2018,OTH,OR,ANM,WE,Federal Contract Tower,0,12,12,0,24,0,0,5,5,10,0,12,17,5,34,0,0,0,34
08/14/2018,OTH,OR,ANM,WE,Federal Contract Tower,0,12,25,2,39,0,0,0,2,2,0,12,25,4,41,0,0,0,41
08/15/2018,OTH,OR,ANM,WE,Federal Contract Tower,2,16,7,1,26,0,0,4,0,4,2,16,11,1,30,0,10,10,40
08/16/2018,OTH,OR,ANM,WE,Federal Contract Tower,0,16,12,1,29,0,0,7,14,21,0,16,19,15,50,0,14,14,64
08/17/2018,OTH,OR,ANM,WE,Federal Contract Tower,0,11,5,0,16,0,4,8,7,19,0,15,13,7,35,0,58,58,93
08/18/2018,OTH,OR,ANM,WE,Federal Contract Tower,0,5,3,0,8,0,6,16,8,30,0,11,19,8,38,10,6,16,54
08/19/2018,OTH,OR,ANM,WE,Federal Contract Tower,2,18,5,0,25,0,2,4,7,13,2,20,9,7,38,0,34,34,72
08/20/2018,OTH,OR,ANM,WE,Federal Contract Tower,0,10,10,3,23,0,0,0,3,3,0,10,10,6,26,0,42,42,68
08/21/2018,OTH,OR,ANM,WE,Federal Contract Tower,0,7,9,0,16,0,2,0,9,11,0,9,9,9,27,0,36,36,63
08/22/2018,OTH,OR,ANM,WE,Federal Contract Tower,2,13,13,1,29,0,0,0,5,5,2,13,13,6,34,0,18,18,52
08/23/2018,OTH,OR,ANM,WE,Federal Contract Tower,0,14,12,4,30,0,1,0,1,2,0,15,12,5,32,0,0,0,32
08/24/2018,OTH,OR,ANM,WE,Federal Contract Tower,0,1,8,0,9,0,8,6,12,26,0,9,14,12,35,0,12,12,47
08/25/2018,OTH,OR,ANM,WE,Federal Contract Tower,0,9,4,0,13,0,1,13,5,19,0,10,17,5,32,4,6,10,42
08/26/2018,OTH,OR,ANM,WE,Federal Contract Tower,2,3,10,0,15,0,1,8,8,17,2,4,18,8,32,0,10,10,42
08/27/2018,OTH,OR,ANM,WE,Federal Contract Tower,0,6,13,0,19,0,2,9,5,16,0,8,22,5,35,4,18,22,57
08/28/2018,OTH,OR,ANM,WE,Federal Contract Tower,0,12,2,0,14,0,6,9,11,26,0,18,11,11,40,0,16,16,56
08/29/2018,OTH,OR,ANM,WE,Federal Contract Tower,2,16,7,2,27,0,1,6,9,16,2,17,13,11,43,0,34,34,77
08/30/2018,OTH,OR,ANM,WE,Federal Contract Tower,0,16,12,0,28,0,0,2,12,14,0,16,14,12,42,0,46,46,88
08/31/2018,OTH,OR,ANM,WE,Federal Contract Tower,0,14,14,0,28,0,1,9,10,20,0,15,23,10,48,6,12,18,66
09/01/2018,OTH,OR,ANM,WE,Federal Contract Tower,0,4,3,0,7,0,2,10,5,17,0,6,13,5,24,20,0,20,44
09/02/2018,OTH,OR,ANM,WE,Federal Contract Tower,2,6,0,0,8,0,2,21,12,35,2,8,21,12,43,0,10,10,53
09/03/2018,OTH,OR,ANM,WE,Federal Contract Tower,0,3,9,0,12,0,3,8,4,15,0,6,17,4,27,8,24,32,59
09/04/2018,OTH,OR,ANM,WE,Federal Contract Tower,0,5,4,0,9,0,5,5,7,17,0,10,9,7,26,0,6,6,32
09/05/2018,OTH,OR,ANM,WE,Federal Contract Tower,2,19,7,1,29,0,4,5,6,15,2,23,12,7,44,8,38,46,90
09/06/2018,OTH,OR,ANM,WE,Federal Contract Tower,0,10,4,0,14,0,6,12,12,30,0,16,16,12,44,2,8,10,54
09/07/2018,OTH,OR,ANM,WE,Federal Contract Tower,0,11,4,3,18,0,4,3,7,14,0,15,7,10,32,0,4,4,36
09/08/2018,OTH,OR,ANM,WE,Federal Contract Tower,0,10,4,0,14,0,2,21,5,28,0,12,25,5,42,2,20,22,64
09/09/2018,OTH,OR,ANM,WE,Federal Contract Tower,2,9,3,0,14,0,0,20,4,24,2,9,23,4,38,20,0,20,58
09/10/2018,OTH,OR,ANM,WE,Federal Contract Tower,0,6,2,0,8,0,4,2,20,26,0,10,4,20,34,0,2,2,36
09/11/2018,OTH,OR,ANM,WE,Federal Contract Tower,0,10,11,0,21,0,4,5,12,21,0,14,16,12,42,10,20,30,72
09/12/2018,OTH,OR,ANM,WE,Federal Contract Tower,2,14,6,0,22,0,3,3,12,18,2,17,9,12,40,0,0,0,40
09/13/2018,OTH,OR,ANM,WE,Federal Contract Tower,0,13,8,0,21,0,5,4,6,15,0,18,12,6,36,0,0,0,36
09/14/2018,OTH,OR,ANM,WE,Federal Contract Tower,0,17,12,2,31,0,2,0,0,2,0,19,12,2,33,0,0,0,33
09/15/2018,OTH,OR,ANM,WE,Federal Contract Tower,0,4,2,0,6,0,9,3,4,16,0,13,5,4,22,0,0,0,22
09/16/2018,OTH,OR,ANM,WE,Federal Contract Tower,2,15,19,0,36,0,0,5,6,11,2,15,24,6,47,0,12,12,59
09/17/2018,OTH,OR,ANM,WE,Federal Contract Tower,0,6,4,0,10,0,4,10,30,44,0,10,14,30,54,0,26,26,80
09/18/2018,OTH,OR,ANM,WE,Federal Contract Tower,0,11,5,2,18,0,5,17,16,38,0,16,22,18,56,2,12,14,70
09/19/2018,OTH,OR,ANM,WE,Federal Contract Tower,2,7,9,2,20,0,6,15,7,28,2,13,24,9,48,0,0,0,48
09/20/2018,OTH,OR,ANM,WE,Federal Contract Tower,0,7,9,1,17,0,5,14,9,28,0,12,23,10,45,14,4,18,63
09/21/2018,OTH,OR,ANM,WE,Federal Contract Tower,0,10,6,0,16,0,4,10,18,32,0,14,16,18,48,0,2,2,50
09/23/2018,OTH,OR,ANM,WE,Federal Contract Tower,2,13,3,0,18,0,0,18,9,27,2,13,21,9,45,0,4,4,49
09/24/2018,OTH,OR,ANM,WE,Federal Contract Tower,0,12,3,0,15,0,2,18,16,36,0,14,21,16,51,0,8,8,59
09/25/2018,OTH,OR,ANM,WE,Federal Contract Tower,0,8,4,0,12,0,4,26,10,40,0,12,30,10,52,0,18,18,70
09/26/2018,OTH,OR,ANM,WE,Federal Contract Tower,2,10,4,0,16,0,5,32,12,49,2,15,36,12,65,2,0,2,67
09/27/2018,OTH,OR,ANM,WE,Federal Contract Tower,0,13,5,0,18,0,9,8,20,37,0,22,13,20,55,2,24,26,81
09/28/2018,OTH,OR,ANM,WE,Federal Contract Tower,0,23,15,14,52,0,0,5,5,10,0,23,20,19,62,0,20,20,82
09/29/2018,OTH,OR,ANM,WE,Federal Contract Tower,0,10,8,5,23,0,3,5,8,16,0,13,13,13,39,0,0,0,39
09/30/2018,OTH,OR,ANM,WE,Federal Contract Tower,2,10,23,0,35,0,10,5,5,20,2,20,28,5,55,0,0,0,55
10/01/2018,OTH,OR,ANM,WE,Federal Contract Tower,0,7,12,0,19,0,5,2,5,12,0,12,14,5,31,0,16,16,47
10/02/2018,OTH,OR,ANM,WE,Federal Contract Tower,0,12,11,1,24,0,8,4,11,23,0,20,15,12,47,0,0,0,47
10/03/2018,OTH,OR,ANM,WE,Federal Contract Tower,2,13,7,3,25,0,6,9,7,22,2,19,16,10,47,0,0,0,47
10/04/2018,OTH,OR,ANM,WE,Federal Contract Tower,0,5,12,0,17,0,7,12,7,26,0,12,24,7,43,0,8,8,51
10/05/2018,OTH,OR,ANM,WE,Federal Contract Tower,0,21,11,1,33,0,3,1,18,22,0,24,12,19,55,0,0,0,55
10/06/2018,OTH,OR,ANM,WE,Federal Contract Tower,0,8,10,1,19,0,1,5,2,8,0,9,15,3,27,0,4,4,31
10/07/2018,OTH,OR,ANM,WE,Federal Contract Tower,0,6,13,0,19,0,0,12,3,15,0,6,25,3,34,0,0,0,34
10/08/2018,OTH,OR,ANM,WE,Federal Contract Tower,0,12,11,0,23,0,0,0,0,0,0,12,11,0,23,0,0,0,23
10/09/2018,OTH,OR,ANM,WE,Federal Contract Tower,0,11,7,0,18,0,0,1,7,8,0,11,8,7,26,0,6,6,32
10/10/2018,OTH,OR,ANM,WE,Federal Contract Tower,0,13,7,0,20,0,5,7,15,27,0,18,14,15,47,2,18,20,67
10/11/2018,OTH,OR,ANM,WE,Federal Contract Tower,0,15,4,0,19,0,9,12,4,25,0,24,16,4,44,0,0,0,44
10/12/2018,OTH,OR,ANM,WE,Federal Contract Tower,0,5,1,1,7,0,7,19,16,42,0,12,20,17,49,0,8,8,57
10/13/2018,OTH,OR,ANM,WE,Federal Contract Tower,0,3,0,0,3,0,3,16,11,30,0,6,16,11,33,2,0,2,35
10/14/2018,OTH,OR,ANM,WE,Federal Contract Tower,0,10,12,0,22,0,1,20,3,24,0,11,32,3,46,2,0,2,48
10/15/2018,OTH,OR,ANM,WE,Federal Contract Tower,0,5,1,1,7,0,2,7,6,15,0,7,8,7,22,0,4,4,26
10/16/2018,OTH,OR,ANM,WE,Federal Contract Tower,0,7,3,0,10,0,1,12,12,25,0,8,15,12,35,0,0,0,35
10/17/2018,OTH,OR,ANM,WE,Federal Contract Tower,0,7,8,1,16,0,13,3,2,18,0,20,11,3,34,0,0,0,34
10/18/2018,OTH,OR,ANM,WE,Federal Contract Tower,0,13,12,9,34,0,0,0,0,0,0,13,12,9,34,0,0,0,34
10/20/2018,OTH,OR,ANM,WE,Federal Contract Tower,0,6,1,0,7,0,2,5,4,11,0,8,6,4,18,10,8,18,36
10/21/2018,OTH,OR,ANM,WE,Federal Contract Tower,0,4,13,1,18,0,0,0,0,0,0,4,13,1,18,0,0,0,18
10/22/2018,OTH,OR,ANM,WE,Federal Contract Tower,0,7,6,1,14,0,0,0,5,5,0,7,6,6,19,0,2,2,21
10/23/2018,OTH,OR,ANM,WE,Federal Contract Tower,0,9,2,6,17,0,2,9,2,13,0,11,11,8,30,6,0,6,36
10/24/2018,OTH,OR,ANM,WE,Federal Contract Tower,0,8,4,0,12,0,4,2,17,23,0,12,6,17,35,0,0,0,35
10/25/2018,OTH,OR,ANM,WE,Federal Contract Tower,0,4,16,0,20,0,6,6,9,21,0,10,22,9,41,0,0,0,41
10/26/2018,OTH,OR,ANM,WE,Federal Contract Tower,0,10,2,7,19,0,0,0,1,1,0,10,2,8,20,0,0,0,20
10/27/2018,OTH,OR,ANM,WE,Federal Contract Tower,0,7,4,0,11,0,3,10,7,20,0,10,14,7,31,0,2,2,33
10/29/2018,OTH,OR,ANM,WE,Federal Contract Tower,0,10,4,0,14,0,2,11,6,19,0,12,15,6,33,12,0,12,45
10/30/2018,OTH,OR,ANM,WE,Federal Contract Tower,0,10,6,0,16,0,6,6,28,40,0,16,12,28,56,0,16,16,72
10/31/2018,OTH,OR,ANM,WE,Federal Contract Tower,0,8,0,5,13,0,0,0,0,0,0,8,0,5,13,0,0,0,13
11/01/2018,OTH,OR,ANM,WE,Federal Contract Tower,0,24,3,0,27,0,2,0,5,7,0,26,3,5,34,0,6,6,40
11/02/2018,OTH,OR,ANM,WE,Federal Contract Tower,0,10,3,1,14,0,0,2,8,10,0,10,5,9,24,2,48,50,74
11/03/2018,OTH,OR,ANM,WE,Federal Contract Tower,0,9,5,0,14,0,2,8,5,15,0,11,13,5,29,2,12,14,43
11/04/2018,OTH,OR,ANM,WE,Federal Contract Tower,0,5,6,16,27,0,0,2,2,4,0,5,8,18,31,0,18,18,49
11/05/2018,OTH,OR,ANM,WE,Federal Contract Tower,0,5,9,0,14,0,2,2,9,13,0,7,11,9,27,0,0,0,27
11/06/2018,OTH,OR,ANM,WE,Federal Contract Tower,0,5,6,4,15,0,3,15,10,28,0,8,21,14,43,4,0,4,47
11/07/2018,OTH,OR,ANM,WE,Federal Contract Tower,0,9,5,0,14,0,6,9,6,21,0,15,14,6,35,2,0,2,37
11/08/2018,OTH,OR,ANM,WE,Federal Contract Tower,0,6,2,0,8,0,5,13,22,40,0,11,15,22,48,0,0,0,48
11/09/2018,OTH,OR,ANM,WE,Federal Contract Tower,0,6,3,0,9,0,6,14,3,23,0,12,17,3,32,8,0,8,40
11/10/2018,OTH,OR,ANM,WE,Federal Contract Tower,0,2,1,0,3,0,5,12,15,32,0,7,13,15,35,0,0,0,35
11/11/2018,OTH,OR,ANM,WE,Federal Contract Tower,0,3,1,1,5,0,0,11,2,13,0,3,12,3,18,8,0,8,26
11/12/2018,OTH,OR,ANM,WE,Federal Contract Tower,0,3,4,0,7,0,5,9,11,25,0,8,13,11,32,0,8,8,40
11/13/2018,OTH,OR,ANM,WE,Federal Contract Tower,0,6,0,0,6,0,4,4,14,22,0,10,4,14,28,6,0,6,34
11/14/2018,OTH,OR,ANM,WE,Federal Contract Tower,0,12,3,2,17,0,0,3,10,13,0,12,6,12,30,0,18,18,48
11/15/2018,OTH,OR,ANM,WE,Federal Contract Tower,0,5,3,21,29,0,5,9,9,23,0,10,12,30,52,0,62,62,114
11/16/2018,OTH,OR,ANM,WE,Federal Contract Tower,0,8,5,0,13,0,6,6,10,22,0,14,11,10,35,0,24,24,59
11/17/2018,OTH,OR,ANM,WE,Federal Contract Tower,0,3,4,1,8,0,3,16,8,27,0,6,20,9,35,0,26,26,61
11/18/2018,OTH,OR,ANM,WE,Federal Contract Tower,0,4,4,4,12,0,0,0,0,0,0,4,4,4,12,0,0,0,12
11/19/2018,OTH,OR,ANM,WE,Federal Contract Tower,0,5,4,0,9,0,0,2,5,7,0,5,6,5,16,0,14,14,30
11/20/2018,OTH,OR,ANM,WE,Federal Contract Tower,0,14,3,1,18,0,1,6,11,18,0,15,9,12,36,10,32,42,78
11/21/2018,OTH,OR,ANM,WE,Federal Contract Tower,0,5,0,4,9,0,0,1,12,13,0,5,1,16,22,0,28,28,50
11/22/2018,OTH,OR,ANM,WE,Federal Contract Tower,0,5,0,0,5,0,0,0,3,3,0,5,0,3,8,0,0,0,8
11/23/2018,OTH,OR,ANM,WE,Federal Contract Tower,0,11,1,1,13,0,0,0,3,3,0,11,1,4,16,0,6,6,22
11/24/2018,OTH,OR,ANM,WE,Federal Contract Tower,0,7,2,0,9,0,1,8,3,12,0,8,10,3,21,6,0,6,27
11/25/2018,OTH,OR,ANM,WE,Federal Contract Tower,0,5,2,0,7,0,0,1,6,7,0,5,3,6,14,0,6,6,20
11/26/2018,OTH,OR,ANM,WE,Federal Contract Tower,0,6,3,0,9,0,1,5,6,12,0,7,8,6,21,0,0,0,21
11/27/2018,OTH,OR,ANM,WE,Federal Contract Tower,0,7,3,3,13,0,0,0,13,13,0,7,3,16,26,0,16,16,42
11/28/2018,OTH,OR,ANM,WE,Federal Contract Tower,0,11,1,0,12,0,0,0,11,11,0,11,1,11,23,0,20,20,43
11/29/2018,OTH,OR,ANM,WE,Federal Contract Tower,0,7,2,0,9,0,2,1,10,13,0,9,3,10,22,0,4,4,26
11/30/2018,OTH,OR,ANM,WE,Federal Contract Tower,0,7,9,0,16,0,0,2,10,12,0,7,11,10,28,0,24,24,52
12/01/2018,OTH,OR,ANM,WE,Federal Contract Tower,0,6,1,0,7,0,0,1,1,2,0,6,2,1,9,0,0,0,9
12/03/2018,OTH,OR,ANM,WE,Federal Contract Tower,0,6,0,0,6,0,1,9,9,19,0,7,9,9,25,0,0,0,25
12/04/2018,OTH,OR,ANM,WE,Federal Contract Tower,0,5,5,0,10,0,3,2,16,21,0,8,7,16,31,0,14,14,45
12/05/2018,OTH,OR,ANM,WE,Federal Contract Tower,0,9,1,3,13,0,4,12,12,28,0,13,13,15,41,20,0,20,61
12/06/2018,OTH,OR,ANM,WE,Federal Contract Tower,0,5,7,0,12,0,3,8,9,20,0,8,15,9,32,0,48,48,80
12/07/2018,OTH,OR,ANM,WE,Federal Contract Tower,0,6,6,0,12,0,2,6,7,15,0,8,12,7,27,10,30,40,67
12/08/2018,OTH,OR,ANM,WE,Federal Contract Tower,0,9,1,0,10,0,3,2,4,9,0,12,3,4,19,0,6,6,25
12/09/2018,OTH,OR,ANM,WE,Federal Contract Tower,0,4,5,0,9,0,0,0,2,2,0,4,5,2,11,0,20,20,31
12/10/2018,OTH,OR,ANM,WE,Federal Contract Tower,0,5,3,0,8,0,1,4,11,16,0,6,7,11,24,0,8,8,32
12/11/2018,OTH,OR,ANM,WE,Federal Contract Tower,0,8,5,0,13,0,0,0,5,5,0,8,5,5,18,0,34,34,52
12/12/2018,OTH,OR,ANM,WE,Federal Contract Tower,0,9,2,0,11,0,3,3,10,16,0,12,5,10,27,0,4,4,31
12/13/2018,OTH,OR,ANM,WE,Federal Contract Tower,0,7,9,0,16,0,8,9,15,32,0,15,18,15,48,6,8,14,62
12/14/2018,OTH,OR,ANM,WE,Federal Contract Tower,0,8,0,0,8,0,0,0,5,5,0,8,0,5,13,0,38,38,51
12/15/2018,OTH,OR,ANM,WE,Federal Contract Tower,0,5,1,0,6,0,5,10,6,21,0,10,11,6,27,6,10,16,43
12/16/2018,OTH,OR,ANM,WE,Federal Contract Tower,0,4,0,0,4,0,0,0,0,0,0,4,0,0,4,0,0,0,4
12/17/2018,OTH,OR,ANM,WE,Federal Contract Tower,0,4,0,0,4,0,1,5,8,14,0,5,5,8,18,0,32,32,50
12/18/2018,OTH,OR,ANM,WE,Federal Contract Tower,0,10,2,0,12,0,2,0,8,10,0,12,2,8,22,0,6,6,28
12/19/2018,OTH,OR,ANM,WE,Federal Contract Tower,0,6,5,0,11,0,0,4,2,6,0,6,9,2,17,0,0,0,17
12/20/2018,OTH,OR,ANM,WE,Federal Contract Tower,0,11,1,0,12,0,1,0,3,4,0,12,1,3,16,0,0,0,16
12/21/2018,OTH,OR,ANM,WE,Federal Contract Tower,0,8,0,0,8,0,0,8,8,16,0,8,8,8,24,2,0,2,26
12/22/2018,OTH,OR,ANM,WE,Federal Contract Tower,0,9,4,0,13,0,2,3,5,10,0,11,7,5,23,14,6,20,43
12/23/2018,OTH,OR,ANM,WE,Federal Contract Tower,0,5,3,0,8,0,0,0,5,5,0,5,3,5,13,0,0,0,13
12/24/2018,OTH,OR,ANM,WE,Federal Contract Tower,0,6,2,0,8,0,0,1,2,3,0,6,3,2,11,0,0,0,11
12/25/2018,OTH,OR,ANM,WE,Federal Contract Tower,0,2,1,0,3,0,0,0,2,2,0,2,1,2,5,0,2,2,7
12/26/2018,OTH,OR,ANM,WE,Federal Contract Tower,0,10,4,2,16,0,0,1,3,4,0,10,5,5,20,0,12,12,32
12/27/2018,OTH,OR,ANM,WE,Federal Contract Tower,0,8,1,0,9,0,0,1,5,6,0,8,2,5,15,0,0,0,15
12/28/2018,OTH,OR,ANM,WE,Federal Contract Tower,0,5,0,0,5,0,6,1,7,14,0,11,1,7,19,0,46,46,65
12/29/2018,OTH,OR,ANM,WE,Federal Contract Tower,0,7,4,0,11,0,0,0,2,2,0,7,4,2,13,0,18,18,31
12/30/2018,OTH,OR,ANM,WE,Federal Contract Tower,0,2,1,0,3,0,0,1,4,5,0,2,2,4,8,0,0,0,8
12/31/2018,OTH,OR,ANM,WE,Federal Contract Tower,0,3,3,0,6,0,4,4,4,12,0,7,7,4,18,0,0,0,18
01/01/2019,OTH,OR,ANM,WE,Federal Contract Tower,0,4,0,0,4,0,0,20,8,28,0,4,20,8,32,0,0,0,32
01/02/2019,OTH,OR,ANM,WE,Federal Contract Tower,0,9,0,0,9,0,1,8,6,15,0,10,8,6,24,0,26,26,50
01/03/2019,OTH,OR,ANM,WE,Federal Contract Tower,0,10,3,0,13,0,2,0,7,9,0,12,3,7,22,0,46,46,68
01/04/2019,OTH,OR,ANM,WE,Federal Contract Tower,0,8,2,2,12,0,1,2,13,16,0,9,4,15,28,0,24,24,52
01/05/2019,OTH,OR,ANM,WE,Federal Contract Tower,0,6,0,0,6,0,1,0,3,4,0,7,0,3,10,0,18,18,28
01/06/2019,OTH,OR,ANM,WE,Federal Contract Tower,0,2,7,0,9,0,0,0,4,4,0,2,7,4,13,0,16,16,29
01/07/2019,OTH,OR,ANM,WE,Federal Contract Tower,0,5,1,0,6,0,3,5,2,10,0,8,6,2,16,0,0,0,16
01/08/2019,OTH,OR,ANM,WE,Federal Contract Tower,0,5,0,0,5,0,2,1,4,7,0,7,1,4,12,0,12,12,24
01/09/2019,OTH,OR,ANM,WE,Federal Contract Tower,0,6,6,2,14,0,2,1,2,5,0,8,7,4,19,0,0,0,19
01/10/2019,OTH,OR,ANM,WE,Federal Contract Tower,0,7,0,2,9,0,5,2,11,18,0,12,2,13,27,0,0,0,27
01/11/2019,OTH,OR,ANM,WE,Federal Contract Tower,0,10,3,0,13,0,1,4,5,10,0,11,7,5,23,0,32,32,55
01/12/2019,OTH,OR,ANM,WE,Federal Contract Tower,0,4,2,0,6,0,2,10,3,15,0,6,12,3,21,0,24,24,45
01/13/2019,OTH,OR,ANM,WE,Federal Contract Tower,0,3,2,1,6,0,0,5,20,25,0,3,7,21,31,0,22,22,53
01/14/2019,OTH,OR,ANM,WE,Federal Contract Tower,0,3,2,0,5,0,1,7,10,18,0,4,9,10,23,6,20,26,49
01/15/2019,OTH,OR,ANM,WE,Federal Contract Tower,0,5,2,0,7,0,4,6,14,24,0,9,8,14,31,0,36,36,67
01/16/2019,OTH,OR,ANM,WE,Federal Contract Tower,0,7,1,0,8,0,1,0,9,10,0,8,1,9,18,0,0,0,18
01/17/2019,OTH,OR,ANM,WE,Federal Contract Tower,0,9,0,0,9,0,0,1,9,10,0,9,1,9,19,0,60,60,79
01/18/2019,OTH,OR,ANM,WE,Federal Contract Tower,0,9,0,0,9,0,0,0,2,2,0,9,0,2,11,0,54,54,65
01/19/2019,OTH,OR,ANM,WE,Federal Contract Tower,0,9,0,0,9,0,1,2,4,7,0,10,2,4,16,0,12,12,28
01/20/2019,OTH,OR,ANM,WE,Federal Contract Tower,0,3,1,0,4,0,0,0,2,2,0,3,1,2,6,0,20,20,26
01/21/2019,OTH,OR,ANM,WE,Federal Contract Tower,0,8,2,0,10,0,2,3,3,8,0,10,5,3,18,0,10,10,28
01/22/2019,OTH,OR,ANM,WE,Federal Contract Tower,0,7,4,0,11,0,1,0,10,11,0,8,4,10,22,0,36,36,58
01/23/2019,OTH,OR,ANM,WE,Federal Contract Tower,0,12,7,6,25,0,2,0,2,4,0,14,7,8,29,0,0,0,29
01/24/2019,OTH,OR,ANM,WE,Federal Contract Tower,0,7,4,0,11,0,7,7,7,21,0,14,11,7,32,0,0,0,32
01/25/2019,OTH,OR,ANM,WE,Federal Contract Tower,0,6,0,0,6,0,5,9,10,24,0,11,9,10,30,6,26,32,62
01/26/2019,OTH,OR,ANM,WE,Federal Contract Tower,0,3,2,0,5,0,5,13,3,21,0,8,15,3,26,10,10,20,46
01/27/2019,OTH,OR,ANM,WE,Federal Contract Tower,0,3,1,2,6,0,0,8,2,10,0,3,9,4,16,0,40,40,56
01/28/2019,OTH,OR,ANM,WE,Federal Contract Tower,0,5,4,0,9,0,2,14,6,22,0,7,18,6,31,10,6,16,47
01/29/2019,OTH,OR,ANM,WE,Federal Contract Tower,0,8,2,0,10,0,4,13,16,33,0,12,15,16,43,16,20,36,79
01/30/2019,OTH,OR,ANM,WE,Federal Contract Tower,0,10,6,1,17,0,7,17,21,45,0,17,23,22,62,2,10,12,74
01/31/2019,OTH,OR,ANM,WE,Federal Contract Tower,0,8,11,0,19,0,4,8,8,20,0,12,19,8,39,0,0,0,39
02/01/2019,OTH,OR,ANM,WE,Federal Contract Tower,0,8,1,1,10,0,0,0,5,5,0,8,1,6,15,0,16,16,31
02/02/2019,OTH,OR,ANM,WE,Federal Contract Tower,0,4,3,0,7,0,3,3,4,10,0,7,6,4,17,0,0,0,17
02/03/2019,OTH,OR,ANM,WE,Federal Contract Tower,0,4,2,0,6,0,0,0,6,6,0,4,2,6,12,0,18,18,30
02/04/2019,OTH,OR,ANM,WE,Federal Contract Tower,0,10,2,0,12,0,2,0,3,5,0,12,2,3,17,0,26,26,43
02/05/2019,OTH,OR,ANM,WE,Federal Contract Tower,0,7,2,1,10,0,3,2,5,10,0,10,4,6,20,0,8,8,28
02/06/2019,OTH,OR,ANM,WE,Federal Contract Tower,0,9,2,0,11,0,2,24,8,34,0,11,26,8,45,4,0,4,49
02/07/2019,OTH,OR,ANM,WE,Federal Contract Tower,0,9,1,0,10,0,4,5,6,15,0,13,6,6,25,0,0,0,25
02/08/2019,OTH,OR,ANM,WE,Federal Contract Tower,0,5,2,2,9,0,5,7,4,16,0,10,9,6,25,0,46,46,71
02/09/2019,OTH,OR,ANM,WE,Federal Contract Tower,0,8,6,0,14,0,0,1,2,3,0,8,7,2,17,0,0,0,17
02/10/2019,OTH,OR,ANM,WE,Federal Contract Tower,0,2,4,0,6,0,0,5,7,12,0,2,9,7,18,6,2,8,26
02/11/2019,OTH,OR,ANM,WE,Federal Contract Tower,0,8,3,0,11,0,0,0,4,4,0,8,3,4,15,0,0,0,15
02/12/2019,OTH,OR,ANM,WE,Federal Contract Tower,0,9,1,0,10,0,0,0,2,2,0,9,1,2,12,0,0,0,12
02/13/2019,OTH,OR,ANM,WE,Federal Contract Tower,0,8,1,1,10,0,0,0,8,8,0,8,1,9,18,0,4,4,22
02/14/2019,OTH,OR,ANM,WE,Federal Contract Tower,0,11,1,3,15,0,1,0,5,6,0,12,1,8,21,0,42,42,63
02/15/2019,OTH,OR,ANM,WE,Federal Contract Tower,0,10,1,0,11,0,0,1,3,4,0,10,2,3,15,0,0,0,15
02/16/2019,OTH,OR,ANM,WE,Federal Contract Tower,0,6,0,0,6,0,3,3,5,11,0,9,3,5,17,0,6,6,23
02/17/2019,OTH,OR,ANM,WE,Federal Contract Tower,0,4,1,0,5,0,0,5,4,9,0,4,6,4,14,14,0,14,28
02/18/2019,OTH,OR,ANM,WE,Federal Contract Tower,0,6,0,0,6,0,3,24,6,33,0,9,24,6,39,10,18,28,67
02/19/2019,OTH,OR,ANM,WE,Federal Contract Tower,0,14,4,2,20,0,0,4,6,10,0,14,8,8,30,0,0,0,30
02/20/2019,OTH,OR,ANM,WE,Federal Contract Tower,0,14,5,0,19,0,0,0,10,10,0,14,5,10,29,0,0,0,29
02/21/2019,OTH,OR,ANM,WE,Federal Contract Tower,0,6,3,0,9,0,5,9,15,29,0,11,12,15,38,0,0,0,38
02/22/2019,OTH,OR,ANM,WE,Federal Contract Tower,0,9,4,0,13,0,3,9,11,23,0,12,13,11,36,10,36,46,82
02/23/2019,OTH,OR,ANM,WE,Federal Contract Tower,0,7,2,0,9,0,0,0,4,4,0,7,2,4,13,0,0,0,13
02/24/2019,OTH,OR,ANM,WE,Federal Contract Tower,0,2,2,0,4,0,0,0,4,4,0,2,2,4,8,0,0,0,8
02/25/2019,OTH,OR,ANM,WE,Federal Contract Tower,0,11,1,0,12,0,1,0,8,9,0,12,1,8,21,0,0,0,21
02/26/2019,OTH,OR,ANM,WE,Federal Contract Tower,0,7,1,2,10,0,5,7,0,12,0,12,8,2,22,0,3,3,25
02/27/2019,OTH,OR,ANM,WE,Federal Contract Tower,0,7,3,0,10,0,7,0,15,22,0,14,3,15,32,0,0,0,32
02/28/2019,OTH,OR,ANM,WE,Federal Contract Tower,0,8,5,0,13,0,1,4,16,21,0,9,9,16,34,0,46,46,80
03/01/2019,OTH,OR,ANM,WE,Federal Contract Tower,0,8,5,0,13,0,4,3,8,15,0,12,8,8,28,0,22,22,50
03/02/2019,OTH,OR,ANM,WE,Federal Contract Tower,0,11,5,0,16,0,3,4,4,11,0,14,9,4,27,0,18,18,45
03/03/2019,OTH,OR,ANM,WE,Federal Contract Tower,0,2,4,0,6,0,2,8,3,13,0,4,12,3,19,0,8,8,27
03/04/2019,OTH,OR,ANM,WE,Federal Contract Tower,0,3,1,0,4,0,3,12,6,21,0,6,13,6,25,6,10,16,41
03/05/2019,OTH,OR,ANM,WE,Federal Contract Tower,0,7,4,0,11,0,3,1,8,12,0,10,5,8,23,0,4,4,27
03/06/2019,OTH,OR,ANM,WE,Federal Contract Tower,0,10,2,3,15,0,0,0,2,2,0,10,2,5,17,0,0,0,17
03/07/2019,OTH,OR,ANM,WE,Federal Contract Tower,0,13,2,0,15,0,2,1,3,6,0,15,3,3,21,0,0,0,21
03/08/2019,OTH,OR,ANM,WE,Federal Contract Tower,0,10,1,0,11,0,1,2,11,14,0,11,3,11,25,0,48,48,73
03/09/2019,OTH,OR,ANM,WE,Federal Contract Tower,0,4,2,0,6,0,1,4,2,7,0,5,6,2,13,0,0,0,13
03/10/2019,OTH,OR,ANM,WE,Federal Contract Tower,0,5,3,2,10,0,1,19,2,22,0,6,22,4,32,2,0,2,34
03/11/2019,OTH,OR,ANM,WE,Federal Contract Tower,0,8,1,0,9,0,1,8,6,15,0,9,9,6,24,0,2,2,26
03/12/2019,OTH,OR,ANM,WE,Federal Contract Tower,0,11,5,0,16,0,1,2,0,3,0,12,7,0,19,0,0,0,19
03/13/2019,OTH,OR,ANM,WE,Federal Contract Tower,0,12,3,0,15,0,1,10,4,15,0,13,13,4,30,0,0,0,30
03/14/2019,OTH,OR,ANM,WE,Federal Contract Tower,0,14,3,0,17,0,2,21,14,37,0,16,24,14,54,4,6,10,64
03/15/2019,OTH,OR,ANM,WE,Federal Contract Tower,0,9,2,0,11,0,5,11,12,28,0,14,13,12,39,4,22,26,65
03/16/2019,OTH,OR,ANM,WE,Federal Contract Tower,0,1,3,0,4,0,3,10,5,18,0,4,13,5,22,10,14,24,46
03/17/2019,OTH,OR,ANM,WE,Federal Contract Tower,0,2,1,2,5,0,1,10,5,16,0,3,11,7,21,6,0,6,27
03/18/2019,OTH,OR,ANM,WE,Federal Contract Tower,0,4,4,0,8,0,3,9,7,19,0,7,13,7,27,0,12,12,39
03/19/2019,OTH,OR,ANM,WE,Federal Contract Tower,0,6,0,0,6,0,7,11,10,28,0,13,11,10,34,4,2,6,40
03/20/2019,OTH,OR,ANM,WE,Federal Contract Tower,0,10,2,0,12,0,4,9,11,24,0,14,11,11,36,0,0,0,36
03/21/2019,OTH,OR,ANM,WE,Federal Contract Tower,0,9,5,0,14,0,4,9,13,26,0,13,14,13,40,0,2,2,42
03/22/2019,OTH,OR,ANM,WE,Federal Contract Tower,0,11,4,2,17,0,0,1,5,6,0,11,5,7,23,0,8,8,31
03/23/2019,OTH,OR,ANM,WE,Federal Contract Tower,0,6,2,0,8,0,0,5,3,8,0,6,7,3,16,0,0,0,16
03/24/2019,OTH,OR,ANM,WE,Federal Contract Tower,0,2,1,0,3,0,0,15,8,23,0,2,16,8,26,6,28,34,60
03/25/2019,OTH,OR,ANM,WE,Federal Contract Tower,0,7,3,0,10,0,0,3,8,11,0,7,6,8,21,0,30,30,51
03/26/2019,OTH,OR,ANM,WE,Federal Contract Tower,0,7,3,0,10,0,1,11,7,19,0,8,14,7,29,10,34,44,73
03/27/2019,OTH,OR,ANM,WE,Federal Contract Tower,0,14,7,0,21,0,3,1,9,13,0,17,8,9,34,0,6,6,40
03/28/2019,OTH,OR,ANM,WE,Federal Contract Tower,0,7,5,0,12,0,7,3,11,21,0,14,8,11,33,0,2,2,35
03/29/2019,OTH,OR,ANM,WE,Federal Contract Tower,0,11,2,0,13,0,1,8,8,17,0,12,10,8,30,0,14,14,44
03/30/2019,OTH,OR,ANM,WE,Federal Contract Tower,0,5,4,0,9,0,3,18,4,25,0,8,22,4,34,0,2,2,36
03/31/2019,OTH,OR,ANM,WE,Federal Contract Tower,0,4,5,1,10,0,1,2,3,6,0,5,7,4,16,0,20,20,36
04/01/2019,OTH,OR,ANM,WE,Federal Contract Tower,0,8,4,0,12,0,0,1,8,9,0,8,5,8,21,0,6,6,27
04/02/2019,OTH,OR,ANM,WE,Federal Contract Tower,0,9,3,0,12,0,2,0,14,16,0,11,3,14,28,0,0,0,28
04/03/2019,OTH,OR,ANM,WE,Federal Contract Tower,0,15,3,1,19,0,0,1,4,5,0,15,4,5,24,0,0,0,24
04/04/2019,OTH,OR,ANM,WE,Federal Contract Tower,0,17,5,1,23,0,1,2,7,10,0,18,7,8,33,0,2,2,35
04/05/2019,OTH,OR,ANM,WE,Federal Contract Tower,0,10,2,0,12,0,0,1,8,9,0,10,3,8,21,0,14,14,35
04/06/2019,OTH,OR,ANM,WE,Federal Contract Tower,0,6,6,0,12,0,0,1,4,5,0,6,7,4,17,0,6,6,23
04/07/2019,OTH,OR,ANM,WE,Federal Contract Tower,0,1,7,1,9,0,0,0,1,1,0,1,7,2,10,0,0,0,10
04/08/2019,OTH,OR,ANM,WE,Federal Contract Tower,0,9,9,3,21,0,0,0,5,5,0,9,9,8,26,0,2,2,28
04/09/2019,OTH,OR,ANM,WE,Federal Contract Tower,0,10,6,0,16,0,1,0,25,26,0,11,6,25,42,0,0,0,42
04/10/2019,OTH,OR,ANM,WE,Federal Contract Tower,0,12,2,0,14,0,0,0,9,9,0,12,2,9,23,0,4,4,27
04/11/2019,OTH,OR,ANM,WE,Federal Contract Tower,0,12,4,8,24,0,3,0,0,3,0,15,4,8,27,0,0,0,27
04/12/2019,OTH,OR,ANM,WE,Federal Contract Tower,0,16,14,2,32,0,0,7,7,14,0,16,21,9,46,8,24,32,78
04/13/2019,OTH,OR,ANM,WE,Federal Contract Tower,0,6,2,1,9,0,2,0,3,5,0,8,2,4,14,0,0,0,14
04/14/2019,OTH,OR,ANM,WE,Federal Contract Tower,0,5,9,0,14,0,0,6,8,14,0,5,15,8,28,0,26,26,54
04/15/2019,OTH,OR,ANM,WE,Federal Contract Tower,0,9,3,0,12,0,0,1,5,6,0,9,4,5,18,0,70,70,88
04/16/2019,OTH,OR,ANM,WE,Federal Contract Tower,0,9,4,1,14,0,3,0,8,11,0,12,4,9,25,0,12,12,37
04/17/2019,OTH,OR,ANM,WE,Federal Contract Tower,0,11,4,0,15,0,3,26,18,47,0,14,30,18,62,4,56,60,122
04/18/2019,OTH,OR,ANM,WE,Federal Contract Tower,0,9,2,0,11,0,4,12,9,25,0,13,14,9,36,0,10,10,46
04/19/2019,OTH,OR,ANM,WE,Federal Contract Tower,0,13,8,1,22,0,0,2,0,2,0,13,10,1,24,0,0,0,24
04/20/2019,OTH,OR,ANM,WE,Federal Contract Tower,0,8,4,0,12,0,0,0,4,4,0,8,4,4,16,0,6,6,22
04/21/2019,OTH,OR,ANM,WE,Federal Contract Tower,0,3,9,0,12,0,1,8,5,14,0,4,17,5,26,2,24,26,52
04/22/2019,OTH,OR,ANM,WE,Federal Contract Tower,0,5,5,0,10,0,3,7,8,18,0,8,12,8,28,4,0,4,32
04/23/2019,OTH,OR,ANM,WE,Federal Contract Tower,0,11,6,0,17,0,0,0,4,4,0,11,6,4,21,0,0,0,21
04/24/2019,OTH,OR,ANM,WE,Federal Contract Tower,0,9,7,0,16,0,2,2,7,11,0,11,9,7,27,0,4,4,31
04/25/2019,OTH,OR,ANM,WE,Federal Contract Tower,0,5,4,0,9,0,4,12,5,21,0,9,16,5,30,4,0,4,34
04/26/2019,OTH,OR,ANM,WE,Federal Contract Tower,0,8,5,0,13,0,1,2,6,9,0,9,7,6,22,0,14,14,36
04/27/2019,OTH,OR,ANM,WE,Federal Contract Tower,0,4,4,1,9,0,2,4,8,14,0,6,8,9,23,0,12,12,35
04/28/2019,OTH,OR,ANM,WE,Federal Contract Tower,0,9,10,0,19,0,3,11,5,19,0,12,21,5,38,2,26,28,66
04/29/2019,OTH,OR,ANM,WE,Federal Contract Tower,0,3,8,0,11,0,2,7,13,22,0,5,15,13,33,0,10,10,43
04/30/2019,OTH,OR,ANM,WE,Federal Contract Tower,0,5,3,4,12,0,5,7,7,19,0,10,10,11,31,0,0,0,31
05/01/2019,OTH,OR,ANM,WE,Federal Contract Tower,0,7,12,0,19,0,8,14,5,27,0,15,26,5,46,0,0,0,46
05/02/2019,OTH,OR,ANM,WE,Federal Contract Tower,0,8,5,0,13,0,4,5,7,16,0,12,10,7,29,6,2,8,37
05/03/2019,OTH,OR,ANM,WE,Federal Contract Tower,0,5,2,0,7,0,4,13,7,24,0,9,15,7,31,8,20,28,59
05/04/2019,OTH,OR,ANM,WE,Federal Contract Tower,0,5,9,0,14,0,3,6,6,15,0,8,15,6,29,10,0,10,39
05/05/2019,OTH,OR,ANM,WE,Federal Contract Tower,0,7,7,0,14,0,0,11,7,18,0,7,18,7,32,2,0,2,34
05/06/2019,OTH,OR,ANM,WE,Federal Contract Tower,0,4,8,5,17,0,0,0,1,1,0,4,8,6,18,0,4,4,22
05/07/2019,OTH,OR,ANM,WE,Federal Contract Tower,0,16,4,0,20,0,1,8,2,11,0,17,12,2,31,0,0,0,31
05/08/2019,OTH,OR,ANM,WE,Federal Contract Tower,0,10,6,0,16,0,2,7,5,14,0,12,13,5,30,0,6,6,36
05/09/2019,OTH,OR,ANM,WE,Federal Contract Tower,0,10,1,0,11,0,3,15,6,24,0,13,16,6,35,0,0,0,35
05/10/2019,OTH,OR,ANM,WE,Federal Contract Tower,0,9,1,0,10,0,2,3,9,14,0,11,4,9,24,0,18,18,42
05/11/2019,OTH,OR,ANM,WE,Federal Contract Tower,0,13,5,0,18,0,0,2,3,5,0,13,7,3,23,2,6,8,31
05/12/2019,OTH,OR,ANM,WE,Federal Contract Tower,0,2,4,0,6,0,0,8,4,12,0,2,12,4,18,4,0,4,22
05/13/2019,OTH,OR,ANM,WE,Federal Contract Tower,0,8,6,0,14,0,3,7,0,10,0,11,13,0,24,4,0,4,28
05/14/2019,OTH,OR,ANM,WE,Federal Contract Tower,0,18,17,0,35,0,0,0,12,12,0,18,17,12,47,0,27,27,74
05/15/2019,OTH,OR,ANM,WE,Federal Contract Tower,0,12,11,0,23,0,2,0,9,11,0,14,11,9,34,2,60,62,96
05/16/2019,OTH,OR,ANM,WE,Federal Contract Tower,0,18,6,2,26,0,4,3,12,19,0,22,9,14,45,0,20,20,65
05/17/2019,OTH,OR,ANM,WE,Federal Contract Tower,0,12,8,0,20,0,1,5,10,16,0,13,13,10,36,0,6,6,42
05/18/2019,OTH,OR,ANM,WE,Federal Contract Tower,0,6,3,0,9,0,2,2,7,11,0,8,5,7,20,0,10,10,30
05/19/2019,OTH,OR,ANM,WE,Federal Contract Tower,0,6,4,0,10,0,0,7,7,14,0,6,11,7,24,0,0,0,24
05/20/2019,OTH,OR,ANM,WE,Federal Contract Tower,0,5,7,0,12,0,1,3,17,21,0,6,10,17,33,0,12,12,45
05/21/2019,OTH,OR,ANM,WE,Federal Contract Tower,0,11,5,2,18,0,1,2,11,14,0,12,7,13,32,0,16,16,48
05/22/2019,OTH,OR,ANM,WE,Federal Contract Tower,0,16,18,3,37,0,0,1,10,11,0,16,19,13,48,0,4,4,52
05/23/2019,OTH,OR,ANM,WE,Federal Contract Tower,0,16,8,8,32,0,0,0,3,3,0,16,8,11,35,0,0,0,35
05/24/2019,OTH,OR,ANM,WE,Federal Contract Tower,0,13,4,1,18,0,0,4,2,6,0,13,8,3,24,6,0,6,30
05/25/2019,OTH,OR,ANM,WE,Federal Contract Tower,0,9,3,0,12,0,0,0,2,2,0,9,3,2,14,0,0,0,14
05/26/2019,OTH,OR,ANM,WE,Federal Contract Tower,0,6,2,0,8,0,0,15,2,17,0,6,17,2,25,8,0,8,33
05/27/2019,OTH,OR,ANM,WE,Federal Contract Tower,0,11,6,1,18,0,0,3,5,8,0,11,9,6,26,0,14,14,40
05/28/2019,OTH,OR,ANM,WE,Federal Contract Tower,0,7,8,0,15,0,3,7,10,20,0,10,15,10,35,0,12,12,47
05/29/2019,OTH,OR,ANM,WE,Federal Contract Tower,0,11,3,1,15,0,1,3,1,5,0,12,6,2,20,0,0,0,20
05/30/2019,OTH,OR,ANM,WE,Federal Contract Tower,0,14,6,2,22,0,0,6,2,8,0,14,12,4,30,6,0,6,36
05/31/2019,OTH,OR,ANM,WE,Federal Contract Tower,0,9,14,0,23,0,0,8,9,17,0,9,22,9,40,0,6,6,46
06/01/2019,OTH,OR,ANM,WE,Federal Contract Tower,0,6,2,4,12,0,0,8,5,13,0,6,10,9,25,0,0,0,25
06/02/2019,OTH,OR,ANM,WE,Federal Contract Tower,0,3,5,0,8,0,0,15,0,15,0,3,20,0,23,0,0,0,23
06/03/2019,OTH,OR,ANM,WE,Federal Contract Tower,0,6,1,0,7,0,4,17,6,27,0,10,18,6,34,2,4,6,40
06/04/2019,OTH,OR,ANM,WE,Federal Contract Tower,0,6,5,0,11,0,4,16,5,25,0,10,21,5,36,2,14,16,52
06/05/2019,OTH,OR,ANM,WE,Federal Contract Tower,0,13,3,1,17,0,4,7,3,14,0,17,10,4,31,0,0,0,31
06/06/2019,OTH,OR,ANM,WE,Federal Contract Tower,0,9,7,0,16,0,3,6,5,14,0,12,13,5,30,0,0,0,30
06/07/2019,OTH,OR,ANM,WE,Federal Contract Tower,0,13,8,0,21,0,0,8,6,14,0,13,16,6,35,0,10,10,45
06/08/2019,OTH,OR,ANM,WE,Federal Contract Tower,0,3,2,0,5,0,3,19,5,27,0,6,21,5,32,4,0,4,36
06/09/2019,OTH,OR,ANM,WE,Federal Contract Tower,2,4,4,0,10,0,1,26,9,36,2,5,30,9,46,0,0,0,46
06/10/2019,OTH,OR,ANM,WE,Federal Contract Tower,0,6,3,3,12,0,3,8,4,15,0,9,11,7,27,0,0,0,27
06/11/2019,OTH,OR,ANM,WE,Federal Contract Tower,0,3,5,0,8,0,7,10,5,22,0,10,15,5,30,14,0,14,44
06/12/2019,OTH,OR,ANM,WE,Federal Contract Tower,2,8,5,0,15,0,9,16,7,32,2,17,21,7,47,0,0,0,47
06/13/2019,OTH,OR,ANM,WE,Federal Contract Tower,0,14,4,2,20,0,1,1,2,4,0,15,5,4,24,0,0,0,24
06/14/2019,OTH,OR,ANM,WE,Federal Contract Tower,0,9,2,0,11,0,5,3,7,15,0,14,5,7,26,0,0,0,26
06/15/2019,OTH,OR,ANM,WE,Federal Contract Tower,0,6,5,0,11,0,0,15,4,19,0,6,20,4,30,2,2,4,34
06/16/2019,OTH,OR,ANM,WE,Federal Contract Tower,0,7,5,1,13,0,0,2,5,7,0,7,7,6,20,0,0,0,20
06/17/2019,OTH,OR,ANM,WE,Federal Contract Tower,0,10,2,0,12,0,1,8,4,13,0,11,10,4,25,2,0,2,27
06/18/2019,OTH,OR,ANM,WE,Federal Contract Tower,0,5,0,0,5,0,7,5,15,27,0,12,5,15,32,0,8,8,40
06/19/2019,OTH,OR,ANM,WE,Federal Contract Tower,2,8,3,1,14,0,7,16,10,33,2,15,19,11,47,14,0,14,61
06/20/2019,OTH,OR,ANM,WE,Federal Contract Tower,0,10,11,0,21,0,7,13,6,26,0,17,24,6,47,6,0,6,53
06/21/2019,OTH,OR,ANM,WE,Federal Contract Tower,0,5,11,0,16,0,5,6,6,17,0,10,17,6,33,2,2,4,37
06/22/2019,OTH,OR,ANM,WE,Federal Contract Tower,0,6,0,0,6,0,3,19,4,26,0,9,19,4,32,16,0,16,48
06/23/2019,OTH,OR,ANM,WE,Federal Contract Tower,0,16,15,0,31,0,2,32,4,38,0,18,47,4,69,2,0,2,71
06/24/2019,OTH,OR,ANM,WE,Federal Contract Tower,0,3,3,1,7,0,3,12,7,22,0,6,15,8,29,2,0,2,31
06/25/2019,OTH,OR,ANM,WE,Federal Contract Tower,0,10,5,0,15,0,1,8,14,23,0,11,13,14,38,0,2,2,40
06/26/2019,OTH,OR,ANM,WE,Federal Contract Tower,2,17,3,0,22,0,2,6,7,15,2,19,9,7,37,0,6,6,43
06/27/2019,OTH,OR,ANM,WE,Federal Contract Tower,0,5,7,1,13,0,2,19,13,34,0,7,26,14,47,0,0,0,47
06/28/2019,OTH,OR,ANM,WE,Federal Contract Tower,0,7,4,0,11,0,4,35,5,44,0,11,39,5,55,10,12,22,77
06/29/2019,OTH,OR,ANM,WE,Federal Contract Tower,0,2,2,2,6,0,3,82,4,89,0,5,84,6,95,0,10,10,105
06/30/2019,OTH,OR,ANM,WE,Federal Contract Tower,1,3,4,0,8,0,0,18,6,24,1,3,22,6,32,0,0,0,32
07/01/2019,OTH,OR,ANM,WE,Federal Contract Tower,0,8,3,1,12,0,0,5,5,10,0,8,8,6,22,0,0,0,22
07/02/2019,OTH,OR,ANM,WE,Federal Contract Tower,0,0,10,2,12,0,1,11,7,19,0,1,21,9,31,14,0,14,45
07/03/2019,OTH,OR,ANM,WE,Federal Contract Tower,2,5,2,0,9,0,5,11,6,22,2,10,13,6,31,0,0,0,31
07/04/2019,OTH,OR,ANM,WE,Federal Contract Tower,0,2,0,1,3,0,1,8,1,10,0,3,8,2,13,0,0,0,13
07/05/2019,OTH,OR,ANM,WE,Federal Contract Tower,0,15,4,0,19,0,0,5,4,9,0,15,9,4,28,0,0,0,28
07/06/2019,OTH,OR,ANM,WE,Federal Contract Tower,0,5,4,0,9,0,1,14,4,19,0,6,18,4,28,8,0,8,36
07/07/2019,OTH,OR,ANM,WE,Federal Contract Tower,2,2,3,0,7,0,1,12,7,20,2,3,15,7,27,0,6,6,33
07/08/2019,OTH,OR,ANM,WE,Federal Contract Tower,0,9,8,2,19,0,2,10,6,18,0,11,18,8,37,0,0,0,37
07/09/2019,OTH,OR,ANM,WE,Federal Contract Tower,0,11,8,1,20,0,1,3,5,9,0,12,11,6,29,0,0,0,29
07/10/2019,OTH,OR,ANM,WE,Federal Contract Tower,2,12,3,4,21,0,0,4,3,7,2,12,7,7,28,20,26,46,74
07/11/2019,OTH,OR,ANM,WE,Federal Contract Tower,0,13,3,3,19,0,2,4,7,13,0,15,7,10,32,0,8,8,40
07/12/2019,OTH,OR,ANM,WE,Federal Contract Tower,0,14,10,3,27,0,1,3,5,9,0,15,13,8,36,0,0,0,36
07/13/2019,OTH,OR,ANM,WE,Federal Contract Tower,0,4,11,0,15,0,2,8,3,13,0,6,19,3,28,0,0,0,28
07/14/2019,OTH,OR,ANM,WE,Federal Contract Tower,2,4,5,0,11,0,0,9,3,12,2,4,14,3,23,0,0,0,23
07/15/2019,OTH,OR,ANM,WE,Federal Contract Tower,0,9,6,2,17,0,0,1,7,8,0,9,7,9,25,0,14,14,39
07/16/2019,OTH,OR,ANM,WE,Federal Contract Tower,0,15,12,0,27,0,0,8,9,17,0,15,20,9,44,0,12,12,56
07/17/2019,OTH,OR,ANM,WE,Federal Contract Tower,2,8,3,0,13,0,6,10,10,26,2,14,13,10,39,8,0,8,47
07/18/2019,OTH,OR,ANM,WE,Federal Contract Tower,0,14,2,0,16,0,1,7,5,13,0,15,9,5,29,12,0,12,41
07/19/2019,OTH,OR,ANM,WE,Federal Contract Tower,0,10,1,0,11,0,2,7,7,16,0,12,8,7,27,10,0,10,37
07/20/2019,OTH,OR,ANM,WE,Federal Contract Tower,0,3,4,0,7,0,2,9,8,19,0,5,13,8,26,16,0,16,42
07/21/2019,OTH,OR,ANM,WE,Federal Contract Tower,2,4,15,0,21,0,0,9,4,13,2,4,24,4,34,0,2,2,36
07/22/2019,OTH,OR,ANM,WE,Federal Contract Tower,0,2,14,0,16,0,0,0,0,0,0,2,14,0,16,14,10,24,40
07/23/2019,OTH,OR,ANM,WE,Federal Contract Tower,0,8,7,0,15,0,3,16,13,32,0,11,23,13,47,8,32,40,87
07/24/2019,OTH,OR,ANM,WE,Federal Contract Tower,2,6,5,0,13,0,9,15,5,29,2,15,20,5,42,0,0,0,42
07/25/2019,OTH,OR,ANM,WE,Federal Contract Tower,0,8,6,0,14,0,6,11,7,24,0,14,17,7,38,14,0,14,52
07/26/2019,OTH,OR,ANM,WE,Federal Contract Tower,1,17,10,4,32,0,1,4,5,10,1,18,14,9,42,0,8,8,50
07/27/2019,OTH,OR,ANM,WE,Federal Contract Tower,0,5,2,0,7,0,2,17,6,25,0,7,19,6,32,0,4,4,36
07/28/2019,OTH,OR,ANM,WE,Federal Contract Tower,2,19,11,0,32,0,0,16,9,25,2,19,27,9,57,0,32,32,89
07/29/2019,OTH,OR,ANM,WE,Federal Contract Tower,0,4,0,0,4,0,3,5,8,16,0,7,5,8,20,6,3,9,29
07/30/2019,OTH,OR,ANM,WE,Federal Contract Tower,0,5,1,0,6,0,5,12,13,30,0,10,13,13,36,10,8,18,54
07/31/2019,OTH,OR,ANM,WE,Federal Contract Tower,2,7,2,0,11,0,7,19,13,39,2,14,21,13,50,18,0,18,68
08/01/2019,OTH,OR,ANM,WE,Federal Contract Tower,0,6,5,0,11,0,6,14,8,28,0,12,19,8,39,0,0,0,39
08/02/2019,OTH,OR,ANM,WE,Federal Contract Tower,0,6,4,0,10,0,3,5,8,16,0,9,9,8,26,0,0,0,26
08/03/2019,OTH,OR,ANM,WE,Federal Contract Tower,0,5,7,0,12,0,3,4,4,11,0,8,11,4,23,0,6,6,29
08/04/2019,OTH,OR,ANM,WE,Federal Contract Tower,2,6,5,4,17,0,0,4,6,10,2,6,9,10,27,0,2,2,29
08/05/2019,OTH,OR,ANM,WE,Federal Contract Tower,0,7,4,0,11,0,0,2,8,10,0,7,6,8,21,12,0,12,33
08/06/2019,OTH,OR,ANM,WE,Federal Contract Tower,0,17,6,4,27,0,2,4,8,14,0,19,10,12,41,0,0,0,41
08/07/2019,OTH,OR,ANM,WE,Federal Contract Tower,2,18,8,0,28,0,1,3,5,9,2,19,11,5,37,0,0,0,37
08/08/2019,OTH,OR,ANM,WE,Federal Contract Tower,0,8,6,0,14,0,2,6,6,14,0,10,12,6,28,0,0,0,28
08/09/2019,OTH,OR,ANM,WE,Federal Contract Tower,0,9,5,1,15,0,2,7,7,16,0,11,12,8,31,10,0,10,41
08/10/2019,OTH,OR,ANM,WE,Federal Contract Tower,0,9,1,1,11,0,0,5,4,9,0,9,6,5,20,0,0,0,20
08/11/2019,OTH,OR,ANM,WE,Federal Contract Tower,2,7,6,1,16,0,0,12,2,14,2,7,18,3,30,0,0,0,30
08/12/2019,OTH,OR,ANM,WE,Federal Contract Tower,0,4,7,0,11,0,1,13,6,20,0,5,20,6,31,4,0,4,35
08/13/2019,OTH,OR,ANM,WE,Federal Contract Tower,0,7,7,0,14,0,8,6,12,26,0,15,13,12,40,0,0,0,40
08/14/2019,OTH,OR,ANM,WE,Federal Contract Tower,2,13,6,4,25,0,3,10,6,19,2,16,16,10,44,0,4,4,48
08/15/2019,OTH,OR,ANM,WE,Federal Contract Tower,0,9,7,0,16,0,5,4,7,16,0,14,11,7,32,26,0,26,58
08/16/2019,OTH,OR,ANM,WE,Federal Contract Tower,0,9,1,1,11,0,6,13,5,24,0,15,14,6,35,0,22,22,57
08/17/2019,OTH,OR,ANM,WE,Federal Contract Tower,0,7,1,0,8,0,2,11,10,23,0,9,12,10,31,0,6,6,37
08/18/2019,OTH,OR,ANM,WE,Federal Contract Tower,2,3,3,0,8,0,1,25,5,31,2,4,28,5,39,0,26,26,65
08/19/2019,OTH,OR,ANM,WE,Federal Contract Tower,0,8,3,0,11,0,1,12,7,20,0,9,15,7,31,0,6,6,37
08/20/2019,OTH,OR,ANM,WE,Federal Contract Tower,0,8,3,0,11,0,3,9,9,21,0,11,12,9,32,8,32,40,72
08/21/2019,OTH,OR,ANM,WE,Federal Contract Tower,2,22,6,1,31,0,0,0,2,2,2,22,6,3,33,0,0,0,33
08/22/2019,OTH,OR,ANM,WE,Federal Contract Tower,0,7,8,0,15,0,9,12,8,29,0,16,20,8,44,0,2,2,46
08/23/2019,OTH,OR,ANM,WE,Federal Contract Tower,0,6,2,0,8,0,5,10,7,22,0,11,12,7,30,0,0,0,30
08/24/2019,OTH,OR,ANM,WE,Federal Contract Tower,0,8,0,0,8,0,1,12,3,16,0,9,12,3,24,0,0,0,24
08/25/2019,OTH,OR,ANM,WE,Federal Contract Tower,2,13,1,1,17,0,0,13,7,20,2,13,14,8,37,8,2,10,47
08/26/2019,OTH,OR,ANM,WE,Federal Contract Tower,0,6,7,0,13,0,0,9,18,27,0,6,16,18,40,0,8,8,48
08/27/2019,OTH,OR,ANM,WE,Federal Contract Tower,0,9,10,1,20,0,0,0,0,0,0,9,10,1,20,6,8,14,34
08/28/2019,OTH,OR,ANM,WE,Federal Contract Tower,2,20,8,0,30,0,0,7,5,12,2,20,15,5,42,0,34,34,76
08/29/2019,OTH,OR,ANM,WE,Federal Contract Tower,0,8,9,0,17,0,3,7,7,17,0,11,16,7,34,0,0,0,34
08/30/2019,OTH,OR,ANM,WE,Federal Contract Tower,0,6,5,1,12,0,3,11,8,22,0,9,16,9,34,0,0,0,34
08/31/2019,OTH,OR,ANM,WE,Federal Contract Tower,0,5,1,2,8,0,1,13,6,20,0,6,14,8,28,0,2,2,30
09/01/2019,OTH,OR,ANM,WE,Federal Contract Tower,2,3,3,0,8,0,0,10,3,13,2,3,13,3,21,0,18,18,39
09/02/2019,OTH,OR,ANM,WE,Federal Contract Tower,0,4,6,0,10,0,0,16,5,21,0,4,22,5,31,0,0,0,31
09/03/2019,OTH,OR,ANM,WE,Federal Contract Tower,0,9,3,1,13,0,2,4,6,12,0,11,7,7,25,0,2,2,27
09/04/2019,OTH,OR,ANM,WE,Federal Contract Tower,2,5,7,0,14,0,5,5,6,16,2,10,12,6,30,0,24,24,54
09/05/2019,OTH,OR,ANM,WE,Federal Contract Tower,0,16,18,3,37,0,0,0,0,0,0,16,18,3,37,0,0,0,37
09/06/2019,OTH,OR,ANM,WE,Federal Contract Tower,0,14,16,0,30,0,2,6,12,20,0,16,22,12,50,0,8,8,58
09/07/2019,OTH,OR,ANM,WE,Federal Contract Tower,0,6,8,0,14,0,0,4,4,8,0,6,12,4,22,0,12,12,34
09/08/2019,OTH,OR,ANM,WE,Federal Contract Tower,2,4,18,0,24,0,0,0,1,1,2,4,18,1,25,0,30,30,55
09/09/2019,OTH,OR,ANM,WE,Federal Contract Tower,0,5,7,0,12,0,0,1,2,3,0,5,8,2,15,0,0,0,15
09/10/2019,OTH,OR,ANM,WE,Federal Contract Tower,0,8,10,1,19,0,1,8,5,14,0,9,18,6,33,38,0,38,71
09/11/2019,OTH,OR,ANM,WE,Federal Contract Tower,2,10,8,0,20,0,7,8,10,25,2,17,16,10,45,0,0,0,45
09/12/2019,OTH,OR,ANM,WE,Federal Contract Tower,0,9,8,0,17,0,5,7,9,21,0,14,15,9,38,2,0,2,40
09/13/2019,OTH,OR,ANM,WE,Federal Contract Tower,0,12,3,3,18,0,3,3,5,11,0,15,6,8,29,0,0,0,29
09/14/2019,OTH,OR,ANM,WE,Federal Contract Tower,0,4,2,0,6,0,3,4,4,11,0,7,6,4,17,0,0,0,17
09/15/2019,OTH,OR,ANM,WE,Federal Contract Tower,2,9,8,1,20,0,0,0,2,2,2,9,8,3,22,0,0,0,22
09/16/2019,OTH,OR,ANM,WE,Federal Contract Tower,0,8,2,0,10,0,2,2,10,14,0,10,4,10,24,8,0,8,32
09/17/2019,OTH,OR,ANM,WE,Federal Contract Tower,0,13,3,10,26,0,0,0,2,2,0,13,3,12,28,0,0,0,28
09/18/2019,OTH,OR,ANM,WE,Federal Contract Tower,2,11,11,0,24,0,2,0,4,6,2,13,11,4,30,0,0,0,30
09/19/2019,OTH,OR,ANM,WE,Federal Contract Tower,0,12,20,0,32,0,3,14,9,26,0,15,34,9,58,0,0,0,58
09/20/2019,OTH,OR,ANM,WE,Federal Contract Tower,0,8,4,0,12,0,4,11,8,23,0,12,15,8,35,0,20,20,55
09/21/2019,OTH,OR,ANM,WE,Federal Contract Tower,0,6,11,0,17,0,2,18,7,27,0,8,29,7,44,12,8,20,64
09/22/2019,OTH,OR,ANM,WE,Federal Contract Tower,2,11,18,0,31,0,0,0,3,3,2,11,18,3,34,4,32,36,70
09/23/2019,OTH,OR,ANM,WE,Federal Contract Tower,0,3,8,0,11,0,4,22,10,36,0,7,30,10,47,0,20,20,67
09/24/2019,OTH,OR,ANM,WE,Federal Contract Tower,0,9,9,0,18,0,2,13,6,21,0,11,22,6,39,0,14,14,53
09/25/2019,OTH,OR,ANM,WE,Federal Contract Tower,2,11,2,1,16,0,6,12,2,20,2,17,14,3,36,0,0,0,36
09/26/2019,OTH,OR,ANM,WE,Federal Contract Tower,0,8,12,0,20,0,6,4,6,16,0,14,16,6,36,0,0,0,36
09/27/2019,OTH,OR,ANM,WE,Federal Contract Tower,0,9,9,2,20,0,8,11,10,29,0,17,20,12,49,0,0,0,49
09/28/2019,OTH,OR,ANM,WE,Federal Contract Tower,0,4,3,0,7,0,2,6,5,13,0,6,9,5,20,0,18,18,38
09/29/2019,OTH,OR,ANM,WE,Federal Contract Tower,2,6,16,0,24,0,0,13,9,22,2,6,29,9,46,0,50,50,96
09/30/2019,OTH,OR,ANM,WE,Federal Contract Tower,0,8,6,0,14,0,0,19,9,28,0,8,25,9,42,24,14,38,80
10/01/2019,OTH,OR,ANM,WE,Federal Contract Tower,0,6,0,0,6,0,8,15,19,42,0,14,15,19,48,0,28,28,76
10/02/2019,OTH,OR,ANM,WE,Federal Contract Tower,2,8,5,0,15,0,6,9,14,29,2,14,14,14,44,4,6,10,54
10/03/2019,OTH,OR,ANM,WE,Federal Contract Tower,0,14,7,0,21,0,4,8,4,16,0,18,15,4,37,4,0,4,41
10/04/2019,OTH,OR,ANM,WE,Federal Contract Tower,0,9,6,0,15,0,5,5,6,16,0,14,11,6,31,0,24,24,55
10/05/2019,OTH,OR,ANM,WE,Federal Contract Tower,0,7,1,0,8,0,1,22,5,28,0,8,23,5,36,0,20,20,56
10/06/2019,OTH,OR,ANM,WE,Federal Contract Tower,0,11,5,0,16,0,0,19,3,22,0,11,24,3,38,0,4,4,42
10/07/2019,OTH,OR,ANM,WE,Federal Contract Tower,0,10,6,0,16,0,4,30,8,42,0,14,36,8,58,12,0,12,70
10/08/2019,OTH,OR,ANM,WE,Federal Contract Tower,0,11,9,0,20,0,3,11,14,28,0,14,20,14,48,0,0,0,48
10/09/2019,OTH,OR,ANM,WE,Federal Contract Tower,0,9,3,1,13,0,3,1,11,15,0,12,4,12,28,0,4,4,32
10/10/2019,OTH,OR,ANM,WE,Federal Contract Tower,0,8,3,0,11,0,7,3,8,18,0,15,6,8,29,0,0,0,29
10/11/2019,OTH,OR,ANM,WE,Federal Contract Tower,0,8,3,0,11,0,5,7,15,27,0,13,10,15,38,0,0,0,38
10/12/2019,OTH,OR,ANM,WE,Federal Contract Tower,0,6,5,0,11,0,5,9,8,22,0,11,14,8,33,0,16,16,49
10/13/2019,OTH,OR,ANM,WE,Federal Contract Tower,0,3,7,0,10,0,0,9,8,17,0,3,16,8,27,10,6,16,43
10/14/2019,OTH,OR,ANM,WE,Federal Contract Tower,0,5,11,0,16,0,6,18,3,27,0,11,29,3,43,0,8,8,51
10/15/2019,OTH,OR,ANM,WE,Federal Contract Tower,0,6,7,2,15,0,9,18,13,40,0,15,25,15,55,12,14,26,81
10/16/2019,OTH,OR,ANM,WE,Federal Contract Tower,0,15,10,9,34,0,0,8,0,8,0,15,18,9,42,0,50,50,92
10/17/2019,OTH,OR,ANM,WE,Federal Contract Tower,0,18,7,0,25,0,2,1,7,10,0,20,8,7,35,0,0,0,35
10/18/2019,OTH,OR,ANM,WE,Federal Contract Tower,0,10,6,0,16,0,0,2,5,7,0,10,8,5,23,0,12,12,35
10/19/2019,OTH,OR,ANM,WE,Federal Contract Tower,0,5,2,0,7,0,1,0,5,6,0,6,2,5,13,0,30,30,43
10/20/2019,OTH,OR,ANM,WE,Federal Contract Tower,0,6,11,1,18,0,0,19,6,25,0,6,30,7,43,14,24,38,81
10/21/2019,OTH,OR,ANM,WE,Federal Contract Tower,0,7,6,0,13,0,0,13,1,14,0,7,19,1,27,14,0,14,41
10/22/2019,OTH,OR,ANM,WE,Federal Contract Tower,0,14,9,0,23,0,1,14,0,15,0,15,23,0,38,0,0,0,38
10/23/2019,OTH,OR,ANM,WE,Federal Contract Tower,0,14,6,0,20,0,0,4,4,8,0,14,10,4,28,0,22,22,50
10/24/2019,OTH,OR,ANM,WE,Federal Contract Tower,0,9,3,0,12,0,3,21,6,30,0,12,24,6,42,22,0,22,64
10/25/2019,OTH,OR,ANM,WE,Federal Contract Tower,0,12,4,0,16,0,4,9,8,21,0,16,13,8,37,22,0,22,59
10/26/2019,OTH,OR,ANM,WE,Federal Contract Tower,0,8,3,0,11,0,2,10,6,18,0,10,13,6,29,18,14,32,61
10/27/2019,OTH,OR,ANM,WE,Federal Contract Tower,0,6,5,0,11,0,0,16,7,23,0,6,21,7,34,0,32,32,66
10/28/2019,OTH,OR,ANM,WE,Federal Contract Tower,0,7,0,0,7,0,2,9,19,30,0,9,9,19,37,0,0,0,37
10/29/2019,OTH,OR,ANM,WE,Federal Contract Tower,0,3,7,0,10,0,6,21,36,63,0,9,28,36,73,18,0,18,91
10/30/2019,OTH,OR,ANM,WE,Federal Contract Tower,0,3,0,0,3,0,7,9,19,35,0,10,9,19,38,8,70,78,116
10/31/2019,OTH,OR,ANM,WE,Federal Contract Tower,0,4,1,3,8,0,7,4,9,20,0,11,5,12,28,0,0,0,28
11/01/2019,OTH,OR,ANM,WE,Federal Contract Tower,0,5,1,0,6,0,5,19,14,38,0,10,20,14,44,42,30,72,116
11/02/2019,OTH,OR,ANM,WE,Federal Contract Tower,0,0,0,0,0,0,7,38,6,51,0,7,38,6,51,18,8,26,77
11/03/2019,OTH,OR,ANM,WE,Federal Contract Tower,0,3,4,0,7,0,0,18,8,26,0,3,22,8,33,0,28,28,61
11/04/2019,OTH,OR,ANM,WE,Federal Contract Tower,0,7,3,0,10,0,2,20,14,36,0,9,23,14,46,10,0,10,56
11/05/2019,OTH,OR,ANM,WE,Federal Contract Tower,0,10,4,0,14,0,1,1,11,13,0,11,5,11,27,0,50,50,77
11/06/2019,OTH,OR,ANM,WE,Federal Contract Tower,0,16,4,0,20,0,1,3,4,8,0,17,7,4,28,2,16,18,46
11/07/2019,OTH,OR,ANM,WE,Federal Contract Tower,0,7,0,0,7,0,3,22,5,30,0,10,22,5,37,24,0,24,61
11/08/2019,OTH,OR,ANM,WE,Federal Contract Tower,0,12,3,3,18,0,0,0,6,6,0,12,3,9,24,0,30,30,54
11/09/2019,OTH,OR,ANM,WE,Federal Contract Tower,0,5,4,1,10,0,1,3,4,8,0,6,7,5,18,0,12,12,30
11/10/2019,OTH,OR,ANM,WE,Federal Contract Tower,0,3,0,1,4,0,1,6,2,9,0,4,6,3,13,0,8,8,21
11/11/2019,OTH,OR,ANM,WE,Federal Contract Tower,0,4,0,0,4,0,2,9,3,14,0,6,9,3,18,0,26,26,44
11/12/2019,OTH,OR,ANM,WE,Federal Contract Tower,0,7,9,1,17,0,2,5,6,13,0,9,14,7,30,6,20,26,56
11/13/2019,OTH,OR,ANM,WE,Federal Contract Tower,0,9,2,1,12,0,3,13,4,20,0,12,15,5,32,0,54,54,86
11/14/2019,OTH,OR,ANM,WE,Federal Contract Tower,0,11,12,2,25,0,0,0,7,7,0,11,12,9,32,0,18,18,50
11/15/2019,OTH,OR,ANM,WE,Federal Contract Tower,0,14,1,5,20,0,0,1,0,1,0,14,2,5,21,0,0,0,21
11/16/2019,OTH,OR,ANM,WE,Federal Contract Tower,0,1,3,0,4,0,3,7,8,18,0,4,10,8,22,0,4,4,26
11/17/2019,OTH,OR,ANM,WE,Federal Contract Tower,0,5,6,2,13,0,0,1,3,4,0,5,7,5,17,0,10,10,27
11/18/2019,OTH,OR,ANM,WE,Federal Contract Tower,0,6,1,2,9,0,0,0,3,3,0,6,1,5,12,0,0,0,12
11/19/2019,OTH,OR,ANM,WE,Federal Contract Tower,0,7,1,0,8,0,0,3,12,15,0,7,4,12,23,0,30,30,53
11/20/2019,OTH,OR,ANM,WE,Federal Contract Tower,0,4,7,0,11,0,8,12,7,27,0,12,19,7,38,0,26,26,64
11/21/2019,OTH,OR,ANM,WE,Federal Contract Tower,0,8,2,0,10,0,7,9,9,25,0,15,11,9,35,22,0,22,57
11/22/2019,OTH,OR,ANM,WE,Federal Contract Tower,0,4,5,0,9,0,4,13,15,32,0,8,18,15,41,2,28,30,71
11/23/2019,OTH,OR,ANM,WE,Federal Contract Tower,0,3,0,0,3,0,4,13,7,24,0,7,13,7,27,0,10,10,37
11/24/2019,OTH,OR,ANM,WE,Federal Contract Tower,0,2,4,1,7,0,0,2,0,2,0,2,6,1,9,12,4,16,25
11/25/2019,OTH,OR,ANM,WE,Federal Contract Tower,0,8,1,1,10,0,0,1,5,6,0,8,2,6,16,0,6,6,22
11/26/2019,OTH,OR,ANM,WE,Federal Contract Tower,0,8,0,0,8,0,0,0,7,7,0,8,0,7,15,0,22,22,37
11/27/2019,OTH,OR,ANM,WE,Federal Contract Tower,0,9,2,0,11,0,0,3,10,13,0,9,5,10,24,0,18,18,42
11/28/2019,OTH,OR,ANM,WE,Federal Contract Tower,0,0,0,0,0,0,0,5,2,7,0,0,5,2,7,0,0,0,7
11/29/2019,OTH,OR,ANM,WE,Federal Contract Tower,0,2,2,0,4,0,6,21,3,30,0,8,23,3,34,6,6,12,46
11/30/2019,OTH,OR,ANM,WE,Federal Contract Tower,0,7,3,5,15,0,3,3,8,14,0,10,6,13,29,0,18,18,47
12/01/2019,OTH,OR,ANM,WE,Federal Contract Tower,0,1,0,0,1,0,0,0,5,5,0,1,0,5,6,0,10,10,16
12/02/2019,OTH,OR,ANM,WE,Federal Contract Tower,0,5,1,0,6,0,0,4,9,13,0,5,5,9,19,0,0,0,19
12/03/2019,OTH,OR,ANM,WE,Federal Contract Tower,0,3,2,0,5,0,4,5,12,21,0,7,7,12,26,0,76,76,102
12/04/2019,OTH,OR,ANM,WE,Federal Contract Tower,0,9,1,1,11,0,3,7,20,30,0,12,8,21,41,0,4,4,45
12/05/2019,OTH,OR,ANM,WE,Federal Contract Tower,0,5,1,0,6,0,4,4,7,15,0,9,5,7,21,0,0,0,21
12/06/2019,OTH,OR,ANM,WE,Federal Contract Tower,0,10,4,0,14,0,3,0,9,12,0,13,4,9,26,0,24,24,50
12/07/2019,OTH,OR,ANM,WE,Federal Contract Tower,0,4,0,1,5,0,0,0,9,9,0,4,0,10,14,0,30,30,44
12/08/2019,OTH,OR,ANM,WE,Federal Contract Tower,0,5,8,11,24,0,0,3,5,8,0,5,11,16,32,0,0,0,32
12/09/2019,OTH,OR,ANM,WE,Federal Contract Tower,0,9,3,0,12,0,0,0,9,9,0,9,3,9,21,0,0,0,21
12/10/2019,OTH,OR,ANM,WE,Federal Contract Tower,0,4,10,6,20,0,0,5,8,13,0,4,15,14,33,0,6,6,39
12/11/2019,OTH,OR,ANM,WE,Federal Contract Tower,0,7,5,0,12,0,1,0,15,16,0,8,5,15,28,0,10,10,38
12/12/2019,OTH,OR,ANM,WE,Federal Contract Tower,0,13,4,0,17,0,1,5,0,6,0,14,9,0,23,2,0,2,25
12/13/2019,OTH,OR,ANM,WE,Federal Contract Tower,0,11,1,3,15,0,2,11,7,20,0,13,12,10,35,20,28,48,83
12/14/2019,OTH,OR,ANM,WE,Federal Contract Tower,0,5,7,0,12,0,0,4,10,14,0,5,11,10,26,8,4,12,38
12/15/2019,OTH,OR,ANM,WE,Federal Contract Tower,0,2,4,2,8,0,0,3,5,8,0,2,7,7,16,20,0,20,36
12/16/2019,OTH,OR,ANM,WE,Federal Contract Tower,0,3,5,1,9,0,4,8,7,19,0,7,13,8,28,0,2,2,30
12/17/2019,OTH,OR,ANM,WE,Federal Contract Tower,0,3,4,1,8,0,7,10,30,47,0,10,14,31,55,4,70,74,129
12/18/2019,OTH,OR,ANM,WE,Federal Contract Tower,0,6,4,0,10,0,2,2,0,4,0,8,6,0,14,0,0,0,14
12/19/2019,OTH,OR,ANM,WE,Federal Contract Tower,0,9,4,1,14,0,0,0,2,2,0,9,4,3,16,0,18,18,34
12/20/2019,OTH,OR,ANM,WE,Federal Contract Tower,0,1,0,0,1,0,5,1,2,8,0,6,1,2,9,0,0,0,9
12/21/2019,OTH,OR,ANM,WE,Federal Contract Tower,0,6,4,7,17,0,0,1,0,1,0,6,5,7,18,0,42,42,60
12/22/2019,OTH,OR,ANM,WE,Federal Contract Tower,0,2,0,0,2,0,0,0,3,3,0,2,0,3,5,0,16,16,21
12/23/2019,OTH,OR,ANM,WE,Federal Contract Tower,0,7,2,0,9,0,5,2,0,7,0,12,4,0,16,0,0,0,16
12/24/2019,OTH,OR,ANM,WE,Federal Contract Tower,0,7,3,0,10,0,1,3,3,7,0,8,6,3,17,0,0,0,17
12/25/2019,OTH,OR,ANM,WE,Federal Contract Tower,0,3,1,0,4,0,0,3,3,6,0,3,4,3,10,0,2,2,12
12/26/2019,OTH,OR,ANM,WE,Federal Contract Tower,0,8,4,0,12,0,3,6,2,11,0,11,10,2,23,0,0,0,23
12/27/2019,OTH,OR,ANM,WE,Federal Contract Tower,0,3,3,0,6,0,3,5,1,9,0,6,8,1,15,0,0,0,15
12/28/2019,OTH,OR,ANM,WE,Federal Contract Tower,0,4,1,1,6,0,3,8,8,19,0,7,9,9,25,0,0,0,25
12/29/2019,OTH,OR,ANM,WE,Federal Contract Tower,0,3,0,1,4,0,0,1,3,4,0,3,1,4,8,0,18,18,26
12/30/2019,OTH,OR,ANM,WE,Federal Contract Tower,0,5,5,0,10,0,1,2,3,6,0,6,7,3,16,0,0,0,16
12/31/2019,OTH,OR,ANM,WE,Federal Contract Tower,0,10,5,2,17,0,1,0,4,5,0,11,5,6,22,0,0,0,22
01/01/2020,OTH,OR,ANM,WE,Federal Contract Tower,0,4,1,0,5,0,0,2,2,4,0,4,3,2,9,4,2,6,15
01/02/2020,OTH,OR,ANM,WE,Federal Contract Tower,0,5,4,0,9,0,6,9,5,20,0,11,13,5,29,0,0,0,29
01/03/2020,OTH,OR,ANM,WE,Federal Contract Tower,0,5,1,0,6,0,6,12,6,24,0,11,13,6,30,0,0,0,30
01/04/2020,OTH,OR,ANM,WE,Federal Contract Tower,0,5,0,0,5,0,1,2,6,9,0,6,2,6,14,0,0,0,14
01/05/2020,OTH,OR,ANM,WE,Federal Contract Tower,0,2,2,0,4,0,1,2,6,9,0,3,4,6,13,0,2,2,15
01/06/2020,OTH,OR,ANM,WE,Federal Contract Tower,0,9,7,0,16,0,0,3,3,6,0,9,10,3,22,0,0,0,22
01/07/2020,OTH,OR,ANM,WE,Federal Contract Tower,0,6,2,0,8,0,0,0,8,8,0,6,2,8,16,0,10,10,26
01/08/2020,OTH,OR,ANM,WE,Federal Contract Tower,0,12,0,20,32,0,0,1,9,10,0,12,1,29,42,0,0,0,42
01/09/2020,OTH,OR,ANM,WE,Federal Contract Tower,0,11,1,0,12,0,0,5,11,16,0,11,6,11,28,0,20,20,48
01/10/2020,OTH,OR,ANM,WE,Federal Contract Tower,0,14,4,0,18,0,1,1,5,7,0,15,5,5,25,0,34,34,59
01/11/2020,OTH,OR,ANM,WE,Federal Contract Tower,0,2,5,0,7,0,2,0,6,8,0,4,5,6,15,0,0,0,15
01/12/2020,OTH,OR,ANM,WE,Federal Contract Tower,0,2,2,0,4,0,0,0,4,4,0,2,2,4,8,0,26,26,34
01/13/2020,OTH,OR,ANM,WE,Federal Contract Tower,0,7,2,1,10,0,0,0,1,1,0,7,2,2,11,0,38,38,49
01/14/2020,OTH,OR,ANM,WE,Federal Contract Tower,0,7,5,0,12,0,1,5,19,25,0,8,10,19,37,9,38,47,84
01/15/2020,OTH,OR,ANM,WE,Federal Contract Tower,0,7,0,0,7,0,2,0,8,10,0,9,0,8,17,0,140,140,157
01/16/2020,OTH,OR,ANM,WE,Federal Contract Tower,0,8,5,0,13,0,1,5,4,10,0,9,10,4,23,6,10,16,39
01/17/2020,OTH,OR,ANM,WE,Federal Contract Tower,0,7,3,1,11,0,0,3,23,26,0,7,6,24,37,8,24,32,69
01/18/2020,OTH,OR,ANM,WE,Federal Contract Tower,0,4,0,0,4,0,1,0,11,12,0,5,0,11,16,0,18,18,34
01/19/2020,OTH,OR,ANM,WE,Federal Contract Tower,0,3,2,1,6,0,2,8,2,12,0,5,10,3,18,0,0,0,18
01/20/2020,OTH,OR,ANM,WE,Federal Contract Tower,0,4,0,13,17,0,2,4,10,16,0,6,4,23,33,0,8,8,41
01/21/2020,OTH,OR,ANM,WE,Federal Contract Tower,0,11,1,0,12,0,0,0,16,16,0,11,1,16,28,0,48,48,76
01/22/2020,OTH,OR,ANM,WE,Federal Contract Tower,0,14,3,0,17,0,0,0,8,8,0,14,3,8,25,0,0,0,25
01/23/2020,OTH,OR,ANM,WE,Federal Contract Tower,0,10,1,1,12,0,1,0,15,16,0,11,1,16,28,0,0,0,28
01/24/2020,OTH,OR,ANM,WE,Federal Contract Tower,0,8,3,1,12,0,1,3,17,21,0,9,6,18,33,10,32,42,75
01/25/2020,OTH,OR,ANM,WE,Federal Contract Tower,0,6,2,3,11,0,2,1,3,6,0,8,3,6,17,0,28,28,45
01/26/2020,OTH,OR,ANM,WE,Federal Contract Tower,0,3,3,0,6,0,0,1,12,13,0,3,4,12,19,0,0,0,19
01/27/2020,OTH,OR,ANM,WE,Federal Contract Tower,0,7,1,0,8,0,0,0,7,7,0,7,1,7,15,0,0,0,15
01/28/2020,OTH,OR,ANM,WE,Federal Contract Tower,0,7,2,0,9,0,0,0,7,7,0,7,2,7,16,0,2,2,18
01/29/2020,OTH,OR,ANM,WE,Federal Contract Tower,0,8,4,0,12,0,2,4,10,16,0,10,8,10,28,11,2,13,41
01/30/2020,OTH,OR,ANM,WE,Federal Contract Tower,0,11,7,0,18,0,3,3,22,28,0,14,10,22,46,8,14,22,68
01/31/2020,OTH,OR,ANM,WE,Federal Contract Tower,0,9,7,3,19,0,1,6,12,19,0,10,13,15,38,0,18,18,56
02/01/2020,OTH,OR,ANM,WE,Federal Contract Tower,0,4,0,2,6,0,0,0,0,0,0,4,0,2,6,4,0,4,10
02/02/2020,OTH,OR,ANM,WE,Federal Contract Tower,0,2,2,0,4,0,4,8,6,18,0,6,10,6,22,0,6,6,28
02/03/2020,OTH,OR,ANM,WE,Federal Contract Tower,0,11,3,0,14,0,0,5,2,7,0,11,8,2,21,10,0,10,31
02/04/2020,OTH,OR,ANM,WE,Federal Contract Tower,0,8,0,0,8,0,0,0,0,0,0,8,0,0,8,6,0,6,14
02/05/2020,OTH,OR,ANM,WE,Federal Contract Tower,0,13,1,0,14,0,0,0,0,0,0,13,1,0,14,0,0,0,14
02/06/2020,OTH,OR,ANM,WE,Federal Contract Tower,0,11,8,0,19,0,0,1,0,1,0,11,9,0,20,0,0,0,20
02/07/2020,OTH,OR,ANM,WE,Federal Contract Tower,0,11,2,3,16,0,0,2,5,7,0,11,4,8,23,0,20,20,43
02/08/2020,OTH,OR,ANM,WE,Federal Contract Tower,0,4,7,0,11,0,1,5,2,8,0,5,12,2,19,10,0,10,29
02/09/2020,OTH,OR,ANM,WE,Federal Contract Tower,0,3,4,1,8,0,0,34,14,48,0,3,38,15,56,31,2,33,89
02/10/2020,OTH,OR,ANM,WE,Federal Contract Tower,0,4,7,0,11,0,4,5,8,17,0,8,12,8,28,0,0,0,28
02/11/2020,OTH,OR,ANM,WE,Federal Contract Tower,0,4,8,0,12,0,4,21,14,39,0,8,29,14,51,14,2,16,67
02/12/2020,OTH,OR,ANM,WE,Federal Contract Tower,0,12,0,0,12,0,3,23,13,39,0,15,23,13,51,12,0,12,63
02/13/2020,OTH,OR,ANM,WE,Federal Contract Tower,0,10,2,1,13,0,0,0,5,5,0,10,2,6,18,0,10,10,28
02/14/2020,OTH,OR,ANM,WE,Federal Contract Tower,0,9,6,0,15,0,1,11,19,31,0,10,17,19,46,0,0,0,46
02/15/2020,OTH,OR,ANM,WE,Federal Contract Tower,0,6,10,0,16,0,0,1,12,13,0,6,11,12,29,0,0,0,29
02/16/2020,OTH,OR,ANM,WE,Federal Contract Tower,0,2,1,0,3,0,1,3,9,13,0,3,4,9,16,0,10,10,26
02/17/2020,OTH,OR,ANM,WE,Federal Contract Tower,0,4,0,0,4,0,2,10,2,14,0,6,10,2,18,8,0,8,26
02/18/2020,OTH,OR,ANM,WE,Federal Contract Tower,0,3,3,0,6,0,5,10,19,34,0,8,13,19,40,0,2,2,42
02/19/2020,OTH,OR,ANM,WE,Federal Contract Tower,0,6,2,1,9,0,6,6,21,33,0,12,8,22,42,0,28,28,70
02/20/2020,OTH,OR,ANM,WE,Federal Contract Tower,0,7,1,2,10,0,8,15,13,36,0,15,16,15,46,8,0,8,54
02/21/2020,OTH,OR,ANM,WE,Federal Contract Tower,0,8,2,0,10,0,2,7,22,31,0,10,9,22,41,0,8,8,49
02/22/2020,OTH,OR,ANM,WE,Federal Contract Tower,0,1,3,1,5,0,3,3,6,12,0,4,6,7,17,0,8,8,25
02/23/2020,OTH,OR,ANM,WE,Federal Contract Tower,0,3,4,0,7,0,0,1,8,9,0,3,5,8,16,0,2,2,18
02/24/2020,OTH,OR,ANM,WE,Federal Contract Tower,0,5,5,0,10,0,2,13,11,26,0,7,18,11,36,0,16,16,52
02/25/2020,OTH,OR,ANM,WE,Federal Contract Tower,0,6,0,2,8,0,3,15,17,35,0,9,15,19,43,1,1,2,45
02/26/2020,OTH,OR,ANM,WE,Federal Contract Tower,0,5,2,1,8,0,5,9,12,26,0,10,11,13,34,0,24,24,58
02/27/2020,OTH,OR,ANM,WE,Federal Contract Tower,0,8,2,0,10,0,3,8,9,20,0,11,10,9,30,0,0,0,30
02/28/2020,OTH,OR,ANM,WE,Federal Contract Tower,0,10,4,3,17,0,0,2,28,30,0,10,6,31,47,0,24,24,71
02/29/2020,OTH,OR,ANM,WE,Federal Contract Tower,0,5,1,0,6,0,3,6,10,19,0,8,7,10,25,0,22,22,47
03/01/2020,OTH,OR,ANM,WE,Federal Contract Tower,0,4,2,0,6,0,0,6,7,13,0,4,8,7,19,0,2,2,21
03/02/2020,OTH,OR,ANM,WE,Federal Contract Tower,0,8,1,0,9,0,2,3,10,15,0,10,4,10,24,0,0,0,24
03/03/2020,OTH,OR,ANM,WE,Federal Contract Tower,0,8,1,2,11,0,0,2,7,9,0,8,3,9,20,0,28,28,48
03/04/2020,OTH,OR,ANM,WE,Federal Contract Tower,0,9,6,3,18,0,1,4,13,18,0,10,10,16,36,0,40,40,76
03/05/2020,OTH,OR,ANM,WE,Federal Contract Tower,0,11,8,0,19,0,5,5,4,14,0,16,13,4,33,0,18,18,51
03/06/2020,OTH,OR,ANM,WE,Federal Contract Tower,0,14,3,2,19,0,0,1,1,2,0,14,4,3,21,0,8,8,29
03/07/2020,OTH,OR,ANM,WE,Federal Contract Tower,0,3,3,0,6,0,1,3,4,8,0,4,6,4,14,0,16,16,30
03/08/2020,OTH,OR,ANM,WE,Federal Contract Tower,0,2,6,0,8,0,0,10,6,16,0,2,16,6,24,6,0,6,30
03/09/2020,OTH,OR,ANM,WE,Federal Contract Tower,0,3,3,0,6,0,7,16,7,30,0,10,19,7,36,0,16,16,52
03/10/2020,OTH,OR,ANM,WE,Federal Contract Tower,0,3,4,0,7,0,6,13,12,31,0,9,17,12,38,2,0,2,40
03/11/2020,OTH,OR,ANM,WE,Federal Contract Tower,0,14,5,0,19,0,7,17,21,45,0,21,22,21,64,0,4,4,68
03/12/2020,OTH,OR,ANM,WE,Federal Contract Tower,0,4,3,0,7,0,6,12,9,27,0,10,15,9,34,0,40,40,74
03/13/2020,OTH,OR,ANM,WE,Federal Contract Tower,0,12,4,0,16,0,2,8,5,15,0,14,12,5,31,0,18,18,49
03/14/2020,OTH,OR,ANM,WE,Federal Contract Tower,0,4,2,0,6,0,0,5,5,10,0,4,7,5,16,0,24,24,40
03/15/2020,OTH,OR,ANM,WE,Federal Contract Tower,0,3,1,0,4,0,0,14,4,18,0,3,15,4,22,14,10,24,46
03/16/2020,OTH,OR,ANM,WE,Federal Contract Tower,0,4,4,0,8,0,2,3,12,17,0,6,7,12,25,0,22,22,47
03/17/2020,OTH,OR,ANM,WE,Federal Contract Tower,0,8,2,0,10,0,1,0,2,3,0,9,2,2,13,0,14,14,27
03/18/2020,OTH,OR,ANM,WE,Federal Contract Tower,0,8,1,0,9,0,3,2,4,9,0,11,3,4,18,0,34,34,52
03/19/2020,OTH,OR,ANM,WE,Federal Contract Tower,0,8,3,2,13,0,2,5,5,12,0,10,8,7,25,2,4,6,31
03/20/2020,OTH,OR,ANM,WE,Federal Contract Tower,0,5,0,4,9,0,4,13,19,36,0,9,13,23,45,10,0,10,55
03/21/2020,OTH,OR,ANM,WE,Federal Contract Tower,0,1,1,0,2,0,3,12,5,20,0,4,13,5,22,0,0,0,22
03/22/2020,OTH,OR,ANM,WE,Federal Contract Tower,0,0,2,0,2,0,0,2,1,3,0,0,4,1,5,6,24,30,35
03/23/2020,OTH,OR,ANM,WE,Federal Contract Tower,0,5,1,0,6,0,0,1,3,4,0,5,2,3,10,2,0,2,12
03/24/2020,OTH,OR,ANM,WE,Federal Contract Tower,0,12,2,0,14,0,0,0,6,6,0,12,2,6,20,0,12,12,32
03/25/2020,OTH,OR,ANM,WE,Federal Contract Tower,0,7,1,0,8,0,1,2,7,10,0,8,3,7,18,10,0,10,28
03/26/2020,OTH,OR,ANM,WE,Federal Contract Tower,0,6,0,0,6,0,2,11,8,21,0,8,11,8,27,0,0,0,27
03/27/2020,OTH,OR,ANM,WE,Federal Contract Tower,0,7,0,0,7,0,0,3,7,10,0,7,3,7,17,0,40,40,57
03/28/2020,OTH,OR,ANM,WE,Federal Contract Tower,0,7,1,0,8,0,1,3,4,8,0,8,4,4,16,0,18,18,34
03/29/2020,OTH,OR,ANM,WE,Federal Contract Tower,0,0,0,13,13,0,0,0,0,0,0,0,0,13,13,0,0,0,13
03/30/2020,OTH,OR,ANM,WE,Federal Contract Tower,0,3,0,2,5,0,0,0,5,5,0,3,0,7,10,0,0,0,10
03/31/2020,OTH,OR,ANM,WE,Federal Contract Tower,0,10,1,0,11,0,1,0,5,6,0,11,1,5,17,0,0,0,17
04/01/2020,OTH,OR,ANM,WE,Federal Contract Tower,0,13,1,5,19,0,0,0,6,6,0,13,1,11,25,0,0,0,25
04/02/2020,OTH,OR,ANM,WE,Federal Contract Tower,0,8,2,0,10,0,1,0,8,9,0,9,2,8,19,0,0,0,19
04/03/2020,OTH,OR,ANM,WE,Federal Contract Tower,0,5,0,0,5,0,2,3,19,24,0,7,3,19,29,4,8,12,41
04/04/2020,OTH,OR,ANM,WE,Federal Contract Tower,0,4,2,0,6,0,0,0,2,2,0,4,2,2,8,0,0,0,8
04/05/2020,OTH,OR,ANM,WE,Federal Contract Tower,0,2,2,0,4,0,0,7,3,10,0,2,9,3,14,6,0,6,20
04/06/2020,OTH,OR,ANM,WE,Federal Contract Tower,0,4,0,0,4,0,0,0,4,4,0,4,0,4,8,0,0,0,8
04/07/2020,OTH,OR,ANM,WE,Federal Contract Tower,0,7,1,0,8,0,0,5,9,14,0,7,6,9,22,10,4,14,36
04/08/2020,OTH,OR,ANM,WE,Federal Contract Tower,0,5,2,0,7,0,3,3,12,18,0,8,5,12,25,6,18,24,49
04/09/2020,OTH,OR,ANM,WE,Federal Contract Tower,0,4,3,0,7,0,3,11,5,19,0,7,14,5,26,0,8,8,34
04/10/2020,OTH,OR,ANM,WE,Federal Contract Tower,0,7,3,0,10,0,0,2,2,4,0,7,5,2,14,0,10,10,24
04/11/2020,OTH,OR,ANM,WE,Federal Contract Tower,0,4,3,0,7,0,0,7,2,9,0,4,10,2,16,0,12,12,28
04/12/2020,OTH,OR,ANM,WE,Federal Contract Tower,0,2,0,0,2,0,1,18,2,21,0,3,18,2,23,0,34,34,57
04/13/2020,OTH,OR,ANM,WE,Federal Contract Tower,0,4,0,0,4,0,2,13,6,21,0,6,13,6,25,0,14,14,39
04/14/2020,OTH,OR,ANM,WE,Federal Contract Tower,0,4,0,0,4,0,8,5,6,19,0,12,5,6,23,22,0,22,45
04/15/2020,OTH,OR,ANM,WE,Federal Contract Tower,0,7,2,1,10,0,2,2,7,11,0,9,4,8,21,18,24,42,63
04/16/2020,OTH,OR,ANM,WE,Federal Contract Tower,0,6,0,0,6,0,3,11,7,21,0,9,11,7,27,4,4,8,35
04/17/2020,OTH,OR,ANM,WE,Federal Contract Tower,0,5,2,3,10,0,5,9,1,15,0,10,11,4,25,16,16,32,57
04/18/2020,OTH,OR,ANM,WE,Federal Contract Tower,0,5,0,0,5,0,2,0,4,6,0,7,0,4,11,0,10,10,21
04/19/2020,OTH,OR,ANM,WE,Federal Contract Tower,0,2,6,0,8,0,0,12,4,16,0,2,18,4,24,8,51,59,83
04/20/2020,OTH,OR,ANM,WE,Federal Contract Tower,0,6,1,0,7,0,0,1,11,12,0,6,2,11,19,0,12,12,31
04/21/2020,OTH,OR,ANM,WE,Federal Contract Tower,0,10,2,1,13,0,2,4,3,9,0,12,6,4,22,0,0,0,22
04/22/2020,OTH,OR,ANM,WE,Federal Contract Tower,0,9,1,4,14,0,0,0,0,0,0,9,1,4,14,0,40,40,54
04/23/2020,OTH,OR,ANM,WE,Federal Contract Tower,0,10,2,0,12,0,0,0,0,0,0,10,2,0,12,0,0,0,12
04/24/2020,OTH,OR,ANM,WE,Federal Contract Tower,0,10,2,0,12,0,0,1,2,3,0,10,3,2,15,0,0,0,15
04/25/2020,OTH,OR,ANM,WE,Federal Contract Tower,0,6,0,0,6,0,0,0,0,0,0,6,0,0,6,0,0,0,6
04/26/2020,OTH,OR,ANM,WE,Federal Contract Tower,0,2,0,2,4,0,0,7,2,9,0,2,7,4,13,28,0,28,41
04/27/2020,OTH,OR,ANM,WE,Federal Contract Tower,0,4,4,4,12,0,0,0,0,0,0,4,4,4,12,0,0,0,12
04/28/2020,OTH,OR,ANM,WE,Federal Contract Tower,0,6,0,0,6,0,4,1,10,15,0,10,1,10,21,0,0,0,21
04/29/2020,OTH,OR,ANM,WE,Federal Contract Tower,0,9,0,3,12,0,0,0,0,0,0,9,0,3,12,0,28,28,40
04/30/2020,OTH,OR,ANM,WE,Federal Contract Tower,0,9,0,0,9,0,2,6,4,12,0,11,6,4,21,0,0,0,21
05/01/2020,OTH,OR,ANM,WE,Federal Contract Tower,0,4,6,0,10,0,4,8,0,12,0,8,14,0,22,14,6,20,42
05/02/2020,OTH,OR,ANM,WE,Federal Contract Tower,0,5,0,4,9,0,0,0,0,0,0,5,0,4,9,0,6,6,15
05/03/2020,OTH,OR,ANM,WE,Federal Contract Tower,0,2,2,0,4,0,0,4,1,5,0,2,6,1,9,0,0,0,9
05/04/2020,OTH,OR,ANM,WE,Federal Contract Tower,0,3,4,0,7,0,3,6,14,23,0,6,10,14,30,2,6,8,38
05/05/2020,OTH,OR,ANM,WE,Federal Contract Tower,0,9,2,0,11,0,1,3,15,19,0,10,5,15,30,0,4,4,34
05/06/2020,OTH,OR,ANM,WE,Federal Contract Tower,0,8,1,0,9,0,5,5,7,17,0,13,6,7,26,4,0,4,30
05/07/2020,OTH,OR,ANM,WE,Federal Contract Tower,0,3,0,0,3,0,4,5,6,15,0,7,5,6,18,0,0,0,18
05/08/2020,OTH,OR,ANM,WE,Federal Contract Tower,0,5,0,0,5,0,5,12,4,21,0,10,12,4,26,18,0,18,44
05/09/2020,OTH,OR,ANM,WE,Federal Contract Tower,0,3,0,0,3,0,1,6,3,10,0,4,6,3,13,6,8,14,27
05/10/2020,OTH,OR,ANM,WE,Federal Contract Tower,0,2,1,0,3,0,0,4,4,8,0,2,5,4,11,16,12,28,39
05/11/2020,OTH,OR,ANM,WE,Federal Contract Tower,0,3,4,0,7,0,4,3,5,12,0,7,7,5,19,8,2,10,29
05/12/2020,OTH,OR,ANM,WE,Federal Contract Tower,0,9,0,0,9,0,0,0,13,13,0,9,0,13,22,0,0,0,22
05/13/2020,OTH,OR,ANM,WE,Federal Contract Tower,0,12,2,0,14,0,0,1,5,6,0,12,3,5,20,0,24,24,44
05/14/2020,OTH,OR,ANM,WE,Federal Contract Tower,0,8,6,0,14,0,1,1,6,8,0,9,7,6,22,0,8,8,30
05/15/2020,OTH,OR,ANM,WE,Federal Contract Tower,0,5,1,0,6,0,6,10,4,20,0,11,11,4,26,0,0,0,26
05/16/2020,OTH,OR,ANM,WE,Federal Contract Tower,0,3,13,0,16,0,3,5,17,25,0,6,18,17,41,0,0,0,41
05/17/2020,OTH,OR,ANM,WE,Federal Contract Tower,0,6,3,0,9,0,0,2,4,6,0,6,5,4,15,0,18,18,33
05/18/2020,OTH,OR,ANM,WE,Federal Contract Tower,0,7,4,0,11,0,0,0,3,3,0,7,4,3,14,0,0,0,14
05/19/2020,OTH,OR,ANM,WE,Federal Contract Tower,0,8,5,2,15,0,0,1,9,10,0,8,6,11,25,0,0,0,25
05/20/2020,OTH,OR,ANM,WE,Federal Contract Tower,0,13,5,0,18,0,0,4,6,10,0,13,9,6,28,0,36,36,64
05/21/2020,OTH,OR,ANM,WE,Federal Contract Tower,0,14,5,0,19,0,1,4,4,9,0,15,9,4,28,0,14,14,42
05/22/2020,OTH,OR,ANM,WE,Federal Contract Tower,0,14,5,0,19,0,1,8,7,16,0,15,13,7,35,0,0,0,35
05/23/2020,OTH,OR,ANM,WE,Federal Contract Tower,0,1,6,1,8,0,3,8,4,15,0,4,14,5,23,4,8,12,35
05/24/2020,OTH,OR,ANM,WE,Federal Contract Tower,0,4,3,0,7,0,1,4,5,10,0,5,7,5,17,0,0,0,17
05/25/2020,OTH,OR,ANM,WE,Federal Contract Tower,0,5,1,0,6,0,1,11,1,13,0,6,12,1,19,8,0,8,27
05/26/2020,OTH,OR,ANM,WE,Federal Contract Tower,0,3,3,0,6,0,4,7,10,21,0,7,10,10,27,2,0,2,29
05/27/2020,OTH,OR,ANM,WE,Federal Contract Tower,0,8,11,0,19,0,4,21,5,30,0,12,32,5,49,0,18,18,67
05/28/2020,OTH,OR,ANM,WE,Federal Contract Tower,0,8,8,0,16,0,0,14,5,19,0,8,22,5,35,8,0,8,43
05/29/2020,OTH,OR,ANM,WE,Federal Contract Tower,0,17,8,0,25,0,0,4,4,8,0,17,12,4,33,0,4,4,37
05/30/2020,OTH,OR,ANM,WE,Federal Contract Tower,0,8,2,0,10,0,0,0,2,2,0,8,2,2,12,0,0,0,12
05/31/2020,OTH,OR,ANM,WE,Federal Contract Tower,0,10,2,0,12,0,2,6,8,16,0,12,8,8,28,12,2,14,42
06/01/2020,OTH,OR,ANM,WE,Federal Contract Tower,0,3,0,2,5,0,2,5,5,12,0,5,5,7,17,2,0,2,19
06/02/2020,OTH,OR,ANM,WE,Federal Contract Tower,0,11,7,0,18,0,5,11,6,22,0,16,18,6,40,10,0,10,50
06/03/2020,OTH,OR,ANM,WE,Federal Contract Tower,2,12,3,0,17,0,4,15,3,22,2,16,18,3,39,6,6,12,51
06/04/2020,OTH,OR,ANM,WE,Federal Contract Tower,0,5,8,0,13,0,9,8,5,22,0,14,16,5,35,0,0,0,35
06/05/2020,OTH,OR,ANM,WE,Federal Contract Tower,0,14,2,0,16,0,0,3,5,8,0,14,5,5,24,0,0,0,24
06/06/2020,OTH,OR,ANM,WE,Federal Contract Tower,0,4,7,0,11,0,1,0,2,3,0,5,7,2,14,0,2,2,16
06/07/2020,OTH,OR,ANM,WE,Federal Contract Tower,0,10,7,0,17,0,2,2,6,10,0,12,9,6,27,0,12,12,39
06/08/2020,OTH,OR,ANM,WE,Federal Contract Tower,0,7,6,0,13,0,0,1,3,4,0,7,7,3,17,0,0,0,17
06/09/2020,OTH,OR,ANM,WE,Federal Contract Tower,0,8,2,3,13,0,1,12,9,22,0,9,14,12,35,0,12,12,47
06/10/2020,OTH,OR,ANM,WE,Federal Contract Tower,2,13,12,1,28,0,2,8,8,18,2,15,20,9,46,6,32,38,84
06/11/2020,OTH,OR,ANM,WE,Federal Contract Tower,0,9,8,0,17,0,3,10,18,31,0,12,18,18,48,12,6,18,66
06/12/2020,OTH,OR,ANM,WE,Federal Contract Tower,0,16,9,0,25,0,0,3,8,11,0,16,12,8,36,0,40,40,76
06/13/2020,OTH,OR,ANM,WE,Federal Contract Tower,0,7,10,0,17,0,1,2,4,7,0,8,12,4,24,16,0,16,40
06/14/2020,OTH,OR,ANM,WE,Federal Contract Tower,2,12,5,0,19,0,0,19,4,23,2,12,24,4,42,16,12,28,70
06/15/2020,OTH,OR,ANM,WE,Federal Contract Tower,0,11,3,0,14,0,0,1,7,8,0,11,4,7,22,0,2,2,24
06/16/2020,OTH,OR,ANM,WE,Federal Contract Tower,0,12,5,0,17,0,1,4,6,11,0,13,9,6,28,10,0,10,38
06/17/2020,OTH,OR,ANM,WE,Federal Contract Tower,2,12,6,0,20,0,4,11,7,22,2,16,17,7,42,0,8,8,50
06/18/2020,OTH,OR,ANM,WE,Federal Contract Tower,0,9,4,0,13,0,2,19,3,24,0,11,23,3,37,12,0,12,49
06/19/2020,OTH,OR,ANM,WE,Federal Contract Tower,0,15,4,0,19,0,1,6,0,7,0,16,10,0,26,0,4,4,30
06/20/2020,OTH,OR,ANM,WE,Federal Contract Tower,0,7,7,0,14,0,0,0,4,4,0,7,7,4,18,0,0,0,18
06/21/2020,OTH,OR,ANM,WE,Federal Contract Tower,0,6,0,1,7,0,0,5,3,8,0,6,5,4,15,0,2,2,17
06/22/2020,OTH,OR,ANM,WE,Federal Contract Tower,0,15,3,0,18,0,2,11,4,17,0,17,14,4,35,12,0,12,47
06/23/2020,OTH,OR,ANM,WE,Federal Contract Tower,0,8,2,8,18,0,8,15,9,32,0,16,17,17,50,0,0,0,50
06/24/2020,OTH,OR,ANM,WE,Federal Contract Tower,1,15,4,1,21,0,2,0,5,7,1,17,4,6,28,0,0,0,28
06/25/2020,OTH,OR,ANM,WE,Federal Contract Tower,1,15,11,0,27,0,2,6,4,12,1,17,17,4,39,2,0,2,41
06/26/2020,OTH,OR,ANM,WE,Federal Contract Tower,0,14,5,0,19,0,4,12,2,18,0,18,17,2,37,0,0,0,37
06/27/2020,OTH,OR,ANM,WE,Federal Contract Tower,0,6,4,1,11,0,0,2,2,4,0,6,6,3,15,0,10,10,25
06/28/2020,OTH,OR,ANM,WE,Federal Contract Tower,2,6,14,0,22,0,0,7,14,21,2,6,21,14,43,8,0,8,51
06/29/2020,OTH,OR,ANM,WE,Federal Contract Tower,0,9,5,0,14,0,1,3,7,11,0,10,8,7,25,20,0,20,45
06/30/2020,OTH,OR,ANM,WE,Federal Contract Tower,0,11,8,2,21,0,0,1,7,8,0,11,9,9,29,0,0,0,29
07/01/2020,OTH,OR,ANM,WE,Federal Contract Tower,2,11,7,0,20,0,1,14,5,20,2,12,21,5,40,8,0,8,48
07/02/2020,OTH,OR,ANM,WE,Federal Contract Tower,0,8,7,0,15,0,2,11,11,24,0,10,18,11,39,0,0,0,39
07/03/2020,OTH,OR,ANM,WE,Federal Contract Tower,0,10,2,0,12,0,1,5,2,8,0,11,7,2,20,0,0,0,20
07/04/2020,OTH,OR,ANM,WE,Federal Contract Tower,0,2,0,1,3,0,3,8,4,15,0,5,8,5,18,2,54,56,74
07/05/2020,OTH,OR,ANM,WE,Federal Contract Tower,2,8,6,0,16,0,4,25,3,32,2,12,31,3,48,0,12,12,60
07/06/2020,OTH,OR,ANM,WE,Federal Contract Tower,0,10,9,0,19,0,1,5,2,8,0,11,14,2,27,0,0,0,27
07/07/2020,OTH,OR,ANM,WE,Federal Contract Tower,0,6,3,0,9,0,3,5,9,17,0,9,8,9,26,0,0,0,26
07/08/2020,OTH,OR,ANM,WE,Federal Contract Tower,2,11,3,5,21,0,8,9,20,37,2,19,12,25,58,0,0,0,58
07/09/2020,OTH,OR,ANM,WE,Federal Contract Tower,0,12,5,0,17,0,3,7,7,17,0,15,12,7,34,0,0,0,34
07/10/2020,OTH,OR,ANM,WE,Federal Contract Tower,0,13,5,0,18,0,4,9,5,18,0,17,14,5,36,4,2,6,42
07/11/2020,OTH,OR,ANM,WE,Federal Contract Tower,0,8,3,1,12,0,0,12,2,14,0,8,15,3,26,6,0,6,32
07/12/2020,OTH,OR,ANM,WE,Federal Contract Tower,2,9,12,10,33,0,0,26,3,29,2,9,38,13,62,0,26,26,88
07/13/2020,OTH,OR,ANM,WE,Federal Contract Tower,0,11,10,0,21,0,2,9,3,14,0,13,19,3,35,12,0,12,47
07/14/2020,OTH,OR,ANM,WE,Federal Contract Tower,0,6,8,1,15,0,6,9,10,25,0,12,17,11,40,0,12,12,52
07/15/2020,OTH,OR,ANM,WE,Federal Contract Tower,2,15,9,0,26,0,5,1,4,10,2,20,10,4,36,0,6,6,42
07/16/2020,OTH,OR,ANM,WE,Federal Contract Tower,0,15,8,4,27,0,1,3,0,4,0,16,11,4,31,0,0,0,31
07/17/2020,OTH,OR,ANM,WE,Federal Contract Tower,0,7,4,0,11,0,3,2,1,6,0,10,6,1,17,0,0,0,17
07/18/2020,OTH,OR,ANM,WE,Federal Contract Tower,0,6,5,1,12,0,2,12,2,16,0,8,17,3,28,0,8,8,36
07/19/2020,OTH,OR,ANM,WE,Federal Contract Tower,2,11,9,0,22,0,1,5,5,11,2,12,14,5,33,0,18,18,51
07/20/2020,OTH,OR,ANM,WE,Federal Contract Tower,0,6,10,0,16,0,0,2,3,5,0,6,12,3,21,0,0,0,21
07/21/2020,OTH,OR,ANM,WE,Federal Contract Tower,0,12,6,0,18,0,0,0,5,5,0,12,6,5,23,0,12,12,35
07/22/2020,OTH,OR,ANM,WE,Federal Contract Tower,0,17,13,5,35,0,0,1,7,8,0,17,14,12,43,0,0,0,43
07/23/2020,OTH,OR,ANM,WE,Federal Contract Tower,0,12,10,0,22,0,2,13,8,23,0,14,23,8,45,0,6,6,51
07/24/2020,OTH,OR,ANM,WE,Federal Contract Tower,0,11,2,0,13,0,3,5,6,14,0,14,7,6,27,0,6,6,33
07/25/2020,OTH,OR,ANM,WE,Federal Contract Tower,0,9,1,0,10,0,4,12,4,20,0,13,13,4,30,0,4,4,34
07/26/2020,OTH,OR,ANM,WE,Federal Contract Tower,2,13,6,0,21,0,0,31,6,37,2,13,37,6,58,0,2,2,60
07/27/2020,OTH,OR,ANM,WE,Federal Contract Tower,0,14,8,0,22,0,0,6,8,14,0,14,14,8,36,0,0,0,36
07/28/2020,OTH,OR,ANM,WE,Federal Contract Tower,0,17,6,3,26,0,0,5,6,11,0,17,11,9,37,0,0,0,37
07/29/2020,OTH,OR,ANM,WE,Federal Contract Tower,2,14,4,0,20,0,1,5,5,11,2,15,9,5,31,0,0,0,31
07/30/2020,OTH,OR,ANM,WE,Federal Contract Tower,0,9,4,0,13,0,2,6,5,13,0,11,10,5,26,0,14,14,40
07/31/2020,OTH,OR,ANM,WE,Federal Contract Tower,0,19,13,0,32,0,0,5,4,9,0,19,18,4,41,0,2,2,43
08/01/2020,OTH,OR,ANM,WE,Federal Contract Tower,0,14,4,2,20,0,0,11,3,14,0,14,15,5,34,0,26,26,60
08/02/2020,OTH,OR,ANM,WE,Federal Contract Tower,2,5,9,1,17,0,0,18,11,29,2,5,27,12,46,2,36,38,84
08/03/2020,OTH,OR,ANM,WE,Federal Contract Tower,0,7,8,0,15,0,3,2,6,11,0,10,10,6,26,0,2,2,28
08/04/2020,OTH,OR,ANM,WE,Federal Contract Tower,0,11,10,1,22,0,2,3,7,12,0,13,13,8,34,0,0,0,34
08/05/2020,OTH,OR,ANM,WE,Federal Contract Tower,2,17,6,1,26,0,0,2,8,10,2,17,8,9,36,0,20,20,56
08/06/2020,OTH,OR,ANM,WE,Federal Contract Tower,0,8,8,1,17,0,1,3,9,13,0,9,11,10,30,0,20,20,50
08/07/2020,OTH,OR,ANM,WE,Federal Contract Tower,0,7,7,0,14,0,2,9,4,15,0,9,16,4,29,0,0,0,29
08/08/2020,OTH,OR,ANM,WE,Federal Contract Tower,0,6,2,0,8,0,0,2,14,16,0,6,4,14,24,0,32,32,56
08/09/2020,OTH,OR,ANM,WE,Federal Contract Tower,2,6,1,0,9,0,0,8,7,15,2,6,9,7,24,0,0,0,24
08/10/2020,OTH,OR,ANM,WE,Federal Contract Tower,0,3,3,0,6,0,5,7,3,15,0,8,10,3,21,2,0,2,23
08/11/2020,OTH,OR,ANM,WE,Federal Contract Tower,0,12,10,0,22,0,7,9,10,26,0,19,19,10,48,0,2,2,50
08/12/2020,OTH,OR,ANM,WE,Federal Contract Tower,2,10,1,1,14,0,2,10,8,20,2,12,11,9,34,0,8,8,42
08/13/2020,OTH,OR,ANM,WE,Federal Contract Tower,0,17,4,0,21,0,2,8,8,18,0,19,12,8,39,0,16,16,55
08/14/2020,OTH,OR,ANM,WE,Federal Contract Tower,0,13,0,1,14,0,4,15,7,26,0,17,15,8,40,1,31,32,72
08/15/2020,OTH,OR,ANM,WE,Federal Contract Tower,0,5,3,1,9,0,3,14,5,22,0,8,17,6,31,6,0,6,37
08/16/2020,OTH,OR,ANM,WE,Federal Contract Tower,2,13,4,2,21,0,1,12,5,18,2,14,16,7,39,2,6,8,47
08/17/2020,OTH,OR,ANM,WE,Federal Contract Tower,0,9,6,0,15,0,2,9,3,14,0,11,15,3,29,0,8,8,37
08/18/2020,OTH,OR,ANM,WE,Federal Contract Tower,0,11,7,0,18,0,4,18,3,25,0,15,25,3,43,0,0,0,43
08/19/2020,OTH,OR,ANM,WE,Federal Contract Tower,2,17,14,3,36,0,7,9,12,28,2,24,23,15,64,0,0,0,64
08/20/2020,OTH,OR,ANM,WE,Federal Contract Tower,0,11,10,1,22,0,8,11,6,25,0,19,21,7,47,0,6,6,53
08/21/2020,OTH,OR,ANM,WE,Federal Contract Tower,0,11,9,0,20,0,2,3,3,8,0,13,12,3,28,0,19,19,47
08/22/2020,OTH,OR,ANM,WE,Federal Contract Tower,0,9,4,0,13,0,0,16,8,24,0,9,20,8,37,6,0,6,43
08/23/2020,OTH,OR,ANM,WE,Federal Contract Tower,2,15,10,0,27,0,1,16,4,21,2,16,26,4,48,0,23,23,71
08/24/2020,OTH,OR,ANM,WE,Federal Contract Tower,0,6,7,0,13,0,3,3,2,8,0,9,10,2,21,0,0,0,21
08/25/2020,OTH,OR,ANM,WE,Federal Contract Tower,0,6,6,1,13,0,4,6,10,20,0,10,12,11,33,0,6,6,39
08/26/2020,OTH,OR,ANM,WE,Federal Contract Tower,2,14,8,0,24,0,1,14,19,34,2,15,22,19,58,0,8,8,66
08/27/2020,OTH,OR,ANM,WE,Federal Contract Tower,0,7,5,1,13,0,3,10,2,15,0,10,15,3,28,0,0,0,28
08/28/2020,OTH,OR,ANM,WE,Federal Contract Tower,0,12,2,0,14,0,6,12,9,27,0,18,14,9,41,0,22,22,63
08/29/2020,OTH,OR,ANM,WE,Federal Contract Tower,0,5,8,0,13,0,2,5,1,8,0,7,13,1,21,0,37,37,58
08/30/2020,OTH,OR,ANM,WE,Federal Contract Tower,2,6,9,0,17,0,2,14,18,34,2,8,23,18,51,2,0,2,53
08/31/2020,OTH,OR,ANM,WE,Federal Contract Tower,0,4,12,0,16,0,2,4,5,11,0,6,16,5,27,0,0,0,27
09/01/2020,OTH,OR,ANM,WE,Federal Contract Tower,0,7,4,2,13,0,4,13,6,23,0,11,17,8,36,2,10,12,48
09/02/2020,OTH,OR,ANM,WE,Federal Contract Tower,2,13,11,3,29,0,0,4,11,15,2,13,15,14,44,0,16,16,60
09/03/2020,OTH,OR,ANM,WE,Federal Contract Tower,0,13,7,0,20,0,3,32,6,41,0,16,39,6,61,6,0,6,67
09/04/2020,OTH,OR,ANM,WE,Federal Contract Tower,0,15,16,0,31,0,2,7,1,10,0,17,23,1,41,0,0,0,41
09/05/2020,OTH,OR,ANM,WE,Federal Contract Tower,0,11,5,0,16,0,2,14,3,19,0,13,19,3,35,12,36,48,83
09/06/2020,OTH,OR,ANM,WE,Federal Contract Tower,2,5,3,3,13,0,1,8,2,11,2,6,11,5,24,0,14,14,38
09/07/2020,OTH,OR,ANM,WE,Federal Contract Tower,0,5,4,2,11,0,0,26,1,27,0,5,30,3,38,6,0,6,44
09/08/2020,OTH,OR,ANM,WE,Federal Contract Tower,0,11,5,0,16,0,0,1,2,3,0,11,6,2,19,0,0,0,19
09/09/2020,OTH,OR,ANM,WE,Federal Contract Tower,2,12,3,0,17,0,0,1,0,1,2,12,4,0,18,0,4,4,22
09/10/2020,OTH,OR,ANM,WE,Federal Contract Tower,0,14,14,1,29,0,0,0,0,0,0,14,14,1,29,0,16,16,45
09/11/2020,OTH,OR,ANM,WE,Federal Contract Tower,0,20,9,0,29,0,0,0,0,0,0,20,9,0,29,0,0,0,29
09/12/2020,OTH,OR,ANM,WE,Federal Contract Tower,0,2,6,0,8,0,0,0,0,0,0,2,6,0,8,0,0,0,8
09/13/2020,OTH,OR,ANM,WE,Federal Contract Tower,2,11,9,0,22,0,0,0,0,0,2,11,9,0,22,0,0,0,22
09/14/2020,OTH,OR,ANM,WE,Federal Contract Tower,0,5,4,0,9,0,1,0,2,3,0,6,4,2,12,0,0,0,12
09/15/2020,OTH,OR,ANM,WE,Federal Contract Tower,0,14,3,0,17,0,0,8,11,19,0,14,11,11,36,2,0,2,38
09/16/2020,OTH,OR,ANM,WE,Federal Contract Tower,2,22,10,2,36,0,0,5,4,9,2,22,15,6,45,6,20,26,71
09/17/2020,OTH,OR,ANM,WE,Federal Contract Tower,0,14,8,2,24,0,0,2,0,2,0,14,10,2,26,0,0,0,26
09/18/2020,OTH,OR,ANM,WE,Federal Contract Tower,0,14,8,0,22,0,1,1,3,5,0,15,9,3,27,0,36,36,63
09/19/2020,OTH,OR,ANM,WE,Federal Contract Tower,0,14,6,0,20,0,5,2,0,7,0,19,8,0,27,2,54,56,83
09/20/2020,OTH,OR,ANM,WE,Federal Contract Tower,2,14,11,0,27,0,2,25,8,35,2,16,36,8,62,4,12,16,78
09/21/2020,OTH,OR,ANM,WE,Federal Contract Tower,0,9,7,0,16,0,1,3,2,6,0,10,10,2,22,2,8,10,32
09/22/2020,OTH,OR,ANM,WE,Federal Contract Tower,0,11,10,0,21,0,4,32,15,51,0,15,42,15,72,16,18,34,106
09/23/2020,OTH,OR,ANM,WE,Federal Contract Tower,2,16,9,1,28,0,1,3,2,6,2,17,12,3,34,0,20,20,54
09/24/2020,OTH,OR,ANM,WE,Federal Contract Tower,0,13,9,0,22,0,3,2,30,35,0,16,11,30,57,6,24,30,87
09/25/2020,OTH,OR,ANM,WE,Federal Contract Tower,0,16,11,0,27,0,1,2,5,8,0,17,13,5,35,0,0,0,35
09/26/2020,OTH,OR,ANM,WE,Federal Contract Tower,0,12,11,2,25,0,0,2,2,4,0,12,13,4,29,0,0,0,29
09/27/2020,OTH,OR,ANM,WE,Federal Contract Tower,2,13,17,0,32,0,1,8,7,16,2,14,25,7,48,0,2,2,50
09/28/2020,OTH,OR,ANM,WE,Federal Contract Tower,0,14,4,0,18,0,1,12,3,16,0,15,16,3,34,12,8,20,54
09/29/2020,OTH,OR,ANM,WE,Federal Contract Tower,0,14,8,0,22,0,1,17,6,24,0,15,25,6,46,16,0,16,62
09/30/2020,OTH,OR,ANM,WE,Federal Contract Tower,2,13,11,1,27,0,0,1,0,1,2,13,12,1,28,0,0,0,28
10/01/2020,OTH,OR,ANM,WE,Federal Contract Tower,0,27,11,1,39,0,0,0,0,0,0,27,11,1,39,0,0,0,39
10/02/2020,OTH,OR,ANM,WE,Federal Contract Tower,0,9,11,0,20,0,2,4,4,10,0,11,15,4,30,0,0,0,30
10/03/2020,OTH,OR,ANM,WE,Federal Contract Tower,0,6,6,4,16,0,0,2,0,2,0,6,8,4,18,0,10,10,28
10/04/2020,OTH,OR,ANM,WE,Federal Contract Tower,0,9,17,0,26,0,0,8,6,14,0,9,25,6,40,0,18,18,58
10/05/2020,OTH,OR,ANM,WE,Federal Contract Tower,0,7,6,1,14,0,2,9,10,21,0,9,15,11,35,0,14,14,49
10/06/2020,OTH,OR,ANM,WE,Federal Contract Tower,0,6,5,1,12,0,4,17,11,32,0,10,22,12,44,0,0,0,44
10/07/2020,OTH,OR,ANM,WE,Federal Contract Tower,0,14,14,0,28,0,0,3,4,7,0,14,17,4,35,0,0,0,35
10/08/2020,OTH,OR,ANM,WE,Federal Contract Tower,0,21,12,1,34,0,0,0,1,1,0,21,12,2,35,0,0,0,35
10/09/2020,OTH,OR,ANM,WE,Federal Contract Tower,0,15,7,0,22,0,0,0,8,8,0,15,7,8,30,0,0,0,30
10/10/2020,OTH,OR,ANM,WE,Federal Contract Tower,0,13,4,1,18,0,0,2,3,5,0,13,6,4,23,0,32,32,55
10/11/2020,OTH,OR,ANM,WE,Federal Contract Tower,0,10,7,0,17,0,0,7,9,16,0,10,14,9,33,0,30,30,63
10/12/2020,OTH,OR,ANM,WE,Federal Contract Tower,0,9,5,0,14,0,3,14,7,24,0,12,19,7,38,2,0,2,40
10/13/2020,OTH,OR,ANM,WE,Federal Contract Tower,0,9,13,2,24,0,0,0,7,7,0,9,13,9,31,0,24,24,55
10/14/2020,OTH,OR,ANM,WE,Federal Contract Tower,0,15,7,0,22,0,11,8,9,28,0,26,15,9,50,12,10,22,72
10/15/2020,OTH,OR,ANM,WE,Federal Contract Tower,0,10,12,0,22,0,10,31,6,47,0,20,43,6,69,30,0,30,99
10/16/2020,OTH,OR,ANM,WE,Federal Contract Tower,0,8,8,0,16,0,4,19,13,36,0,12,27,13,52,16,49,65,117
10/17/2020,OTH,OR,ANM,WE,Federal Contract Tower,0,14,2,1,17,0,1,9,3,13,0,15,11,4,30,10,0,10,40
10/18/2020,OTH,OR,ANM,WE,Federal Contract Tower,0,9,10,3,22,0,0,3,9,12,0,9,13,12,34,8,0,8,42
10/19/2020,OTH,OR,ANM,WE,Federal Contract Tower,0,6,9,2,17,0,3,9,12,24,0,9,18,14,41,0,28,28,69
10/20/2020,OTH,OR,ANM,WE,Federal Contract Tower,0,6,11,0,17,0,5,25,10,40,0,11,36,10,57,6,0,6,63
10/21/2020,OTH,OR,ANM,WE,Federal Contract Tower,0,12,3,0,15,0,3,7,20,30,0,15,10,20,45,0,8,8,53
10/23/2020,OTH,OR,ANM,WE,Federal Contract Tower,0,12,4,2,18,0,4,9,8,21,0,16,13,10,39,0,8,8,47
10/24/2020,OTH,OR,ANM,WE,Federal Contract Tower,0,8,8,1,17,0,1,11,18,30,0,9,19,19,47,0,0,0,47
10/25/2020,OTH,OR,ANM,WE,Federal Contract Tower,0,6,7,2,15,0,0,17,11,28,0,6,24,13,43,0,0,0,43
10/26/2020,OTH,OR,ANM,WE,Federal Contract Tower,0,9,1,3,13,0,2,6,14,22,0,11,7,17,35,0,0,0,35
10/27/2020,OTH,OR,ANM,WE,Federal Contract Tower,0,5,1,0,6,0,9,9,13,31,0,14,10,13,37,2,28,30,67
10/28/2020,OTH,OR,ANM,WE,Federal Contract Tower,0,8,8,0,16,0,6,18,12,36,0,14,26,12,52,0,40,40,92
10/29/2020,OTH,OR,ANM,WE,Federal Contract Tower,0,11,2,0,13,0,3,11,9,23,0,14,13,9,36,0,8,8,44
10/30/2020,OTH,OR,ANM,WE,Federal Contract Tower,0,15,7,1,23,0,0,5,7,12,0,15,12,8,35,0,28,28,63
10/31/2020,OTH,OR,ANM,WE,Federal Contract Tower,0,6,2,0,8,0,2,16,5,23,0,8,18,5,31,2,0,2,33
11/01/2020,OTH,OR,ANM,WE,Federal Contract Tower,0,6,2,0,8,0,2,24,4,30,0,8,26,4,38,2,16,18,56
11/02/2020,OTH,OR,ANM,WE,Federal Contract Tower,0,9,2,0,11,0,0,4,2,6,0,9,6,2,17,0,0,0,17
11/03/2020,OTH,OR,ANM,WE,Federal Contract Tower,0,10,6,0,16,0,0,0,12,12,0,10,6,12,28,0,10,10,38
11/04/2020,OTH,OR,ANM,WE,Federal Contract Tower,0,11,6,3,20,0,2,5,6,13,0,13,11,9,33,0,14,14,47
11/05/2020,OTH,OR,ANM,WE,Federal Contract Tower,0,11,3,0,14,0,0,0,0,0,0,11,3,0,14,0,0,0,14
11/06/2020,OTH,OR,ANM,WE,Federal Contract Tower,0,10,1,0,11,0,2,1,7,10,0,12,2,7,21,0,10,10,31
11/07/2020,OTH,OR,ANM,WE,Federal Contract Tower,0,7,2,0,9,0,0,6,7,13,0,7,8,7,22,0,0,0,22
11/08/2020,OTH,OR,ANM,WE,Federal Contract Tower,0,5,7,0,12,0,3,7,5,15,0,8,14,5,27,2,0,2,29
11/09/2020,OTH,OR,ANM,WE,Federal Contract Tower,0,8,7,0,15,0,3,4,2,9,0,11,11,2,24,0,2,2,26
11/10/2020,OTH,OR,ANM,WE,Federal Contract Tower,0,9,12,1,22,0,2,1,10,13,0,11,13,11,35,0,2,2,37
11/11/2020,OTH,OR,ANM,WE,Federal Contract Tower,0,8,8,0,16,0,1,8,3,12,0,9,16,3,28,0,0,0,28
11/12/2020,OTH,OR,ANM,WE,Federal Contract Tower,0,5,12,0,17,0,1,6,12,19,0,6,18,12,36,16,4,20,56
11/13/2020,OTH,OR,ANM,WE,Federal Contract Tower,0,15,5,0,20,0,1,2,2,5,0,16,7,2,25,0,24,24,49
11/14/2020,OTH,OR,ANM,WE,Federal Contract Tower,0,4,1,0,5,0,1,0,4,5,0,5,1,4,10,0,10,10,20
11/15/2020,OTH,OR,ANM,WE,Federal Contract Tower,0,6,8,7,21,0,0,0,5,5,0,6,8,12,26,0,2,2,28
11/16/2020,OTH,OR,ANM,WE,Federal Contract Tower,0,5,3,0,8,0,2,0,7,9,0,7,3,7,17,0,0,0,17
11/17/2020,OTH,OR,ANM,WE,Federal Contract Tower,0,11,5,1,17,0,0,0,21,21,0,11,5,22,38,0,0,0,38
11/18/2020,OTH,OR,ANM,WE,Federal Contract Tower,0,7,4,0,11,0,1,0,10,11,0,8,4,10,22,0,20,20,42
11/19/2020,OTH,OR,ANM,WE,Federal Contract Tower,0,8,2,0,10,0,2,8,7,17,0,10,10,7,27,0,0,0,27
11/20/2020,OTH,OR,ANM,WE,Federal Contract Tower,0,6,3,0,9,0,7,19,21,47,0,13,22,21,56,0,6,6,62
11/21/2020,OTH,OR,ANM,WE,Federal Contract Tower,0,4,3,0,7,0,2,9,4,15,0,6,12,4,22,6,0,6,28
11/22/2020,OTH,OR,ANM,WE,Federal Contract Tower,0,2,3,0,5,0,0,0,3,3,0,2,3,3,8,0,8,8,16
11/23/2020,OTH,OR,ANM,WE,Federal Contract Tower,0,4,4,1,9,0,2,2,3,7,0,6,6,4,16,0,0,0,16
11/24/2020,OTH,OR,ANM,WE,Federal Contract Tower,0,8,7,0,15,0,1,2,10,13,0,9,9,10,28,0,48,48,76
11/25/2020,OTH,OR,ANM,WE,Federal Contract Tower,0,6,3,0,9,0,3,0,4,7,0,9,3,4,16,0,0,0,16
11/26/2020,OTH,OR,ANM,WE,Federal Contract Tower,0,1,0,0,1,0,1,9,4,14,0,2,9,4,15,0,0,0,15
11/27/2020,OTH,OR,ANM,WE,Federal Contract Tower,0,6,0,0,6,0,4,15,2,21,0,10,15,2,27,0,2,2,29
11/28/2020,OTH,OR,ANM,WE,Federal Contract Tower,0,2,2,0,4,0,2,23,2,27,0,4,25,2,31,6,4,10,41
11/29/2020,OTH,OR,ANM,WE,Federal Contract Tower,0,2,4,0,6,0,2,12,5,19,0,4,16,5,25,0,0,0,25
11/30/2020,OTH,OR,ANM,WE,Federal Contract Tower,0,4,4,0,8,0,0,0,6,6,0,4,4,6,14,0,0,0,14
12/01/2020,OTH,OR,ANM,WE,Federal Contract Tower,0,7,6,0,13,0,6,9,7,22,0,13,15,7,35,0,8,8,43
12/02/2020,OTH,OR,ANM,WE,Federal Contract Tower,0,8,2,0,10,0,3,11,7,21,0,11,13,7,31,0,60,60,91
12/03/2020,OTH,OR,ANM,WE,Federal Contract Tower,0,8,4,2,14,0,2,6,4,12,0,10,10,6,26,0,18,18,44
12/04/2020,OTH,OR,ANM,WE,Federal Contract Tower,0,9,6,0,15,0,3,15,3,21,0,12,21,3,36,0,30,30,66
12/05/2020,OTH,OR,ANM,WE,Federal Contract Tower,0,2,3,0,5,0,3,6,7,16,0,5,9,7,21,0,0,0,21
12/06/2020,OTH,OR,ANM,WE,Federal Contract Tower,0,2,6,5,13,0,0,4,9,13,0,2,10,14,26,8,0,8,34
12/07/2020,OTH,OR,ANM,WE,Federal Contract Tower,0,6,0,0,6,0,1,11,2,14,0,7,11,2,20,0,4,4,24
12/08/2020,OTH,OR,ANM,WE,Federal Contract Tower,0,8,4,0,12,0,0,2,10,12,0,8,6,10,24,0,2,2,26
12/09/2020,OTH,OR,ANM,WE,Federal Contract Tower,0,5,4,0,9,0,3,9,8,20,0,8,13,8,29,4,8,12,41
12/10/2020,OTH,OR,ANM,WE,Federal Contract Tower,0,7,6,0,13,0,1,4,4,9,0,8,10,4,22,0,26,26,48
12/11/2020,OTH,OR,ANM,WE,Federal Contract Tower,0,15,4,0,19,0,1,1,3,5,0,16,5,3,24,8,26,34,58
12/12/2020,OTH,OR,ANM,WE,Federal Contract Tower,0,4,2,0,6,0,2,16,6,24,0,6,18,6,30,6,4,10,40
12/13/2020,OTH,OR,ANM,WE,Federal Contract Tower,0,3,2,0,5,0,0,2,9,11,0,3,4,9,16,0,0,0,16
12/14/2020,OTH,OR,ANM,WE,Federal Contract Tower,0,4,4,0,8,0,2,4,5,11,0,6,8,5,19,0,26,26,45
12/15/2020,OTH,OR,ANM,WE,Federal Contract Tower,0,11,3,0,14,0,1,2,16,19,0,12,5,16,33,0,10,10,43
12/16/2020,OTH,OR,ANM,WE,Federal Contract Tower,0,15,9,0,24,0,0,0,5,5,0,15,9,5,29,0,32,32,61
12/17/2020,OTH,OR,ANM,WE,Federal Contract Tower,0,9,5,0,14,0,0,3,9,12,0,9,8,9,26,14,10,24,50
12/18/2020,OTH,OR,ANM,WE,Federal Contract Tower,0,6,12,2,20,0,4,6,2,12,0,10,18,4,32,2,2,4,36
12/19/2020,OTH,OR,ANM,WE,Federal Contract Tower,0,10,12,1,23,0,1,2,4,7,0,11,14,5,30,20,6,26,56
12/20/2020,OTH,OR,ANM,WE,Federal Contract Tower,0,1,4,3,8,0,0,0,0,0,0,1,4,3,8,0,14,14,22
12/21/2020,OTH,OR,ANM,WE,Federal Contract Tower,0,4,3,2,9,0,0,0,0,0,0,4,3,2,9,0,56,56,65
12/22/2020,OTH,OR,ANM,WE,Federal Contract Tower,0,5,3,0,8,0,7,10,4,21,0,12,13,4,29,0,0,0,29
12/23/2020,OTH,OR,ANM,WE,Federal Contract Tower,0,8,2,0,10,0,4,19,7,30,0,12,21,7,40,0,18,18,58
12/24/2020,OTH,OR,ANM,WE,Federal Contract Tower,0,2,0,0,2,0,4,5,4,13,0,6,5,4,15,0,2,2,17
12/25/2020,OTH,OR,ANM,WE,Federal Contract Tower,0,2,0,0,2,0,0,0,5,5,0,2,0,5,7,0,10,10,17
12/26/2020,OTH,OR,ANM,WE,Federal Contract Tower,0,4,0,0,4,0,1,0,3,4,0,5,0,3,8,8,0,8,16
12/27/2020,OTH,OR,ANM,WE,Federal Contract Tower,0,2,2,0,4,0,0,6,4,10,0,2,8,4,14,0,6,6,20
12/28/2020,OTH,OR,ANM,WE,Federal Contract Tower,0,0,6,0,6,0,4,7,3,14,0,4,13,3,20,0,12,12,32
12/29/2020,OTH,OR,ANM,WE,Federal Contract Tower,0,2,1,0,3,0,2,13,6,21,0,4,14,6,24,0,0,0,24
12/30/2020,OTH,OR,ANM,WE,Federal Contract Tower,0,10,4,8,22,0,1,0,5,6,0,11,4,13,28,0,34,34,62
12/31/2020,OTH,OR,ANM,WE,Federal Contract Tower,0,9,2,0,11,0,0,0,7,7,0,9,2,7,18,0,6,6,24
01/01/2021,OTH,OR,ANM,WE,Federal Contract Tower,0,3,2,0,5,0,0,0,3,3,0,3,2,3,8,0,0,0,8
01/02/2021,OTH,OR,ANM,WE,Federal Contract Tower,0,4,2,0,6,0,0,0,1,1,0,4,2,1,7,0,0,0,7
01/03/2021,OTH,OR,ANM,WE,Federal Contract Tower,0,3,0,0,3,0,0,2,4,6,0,3,2,4,9,0,40,40,49
01/04/2021,OTH,OR,ANM,WE,Federal Contract Tower,0,7,0,0,7,0,0,0,0,0,0,7,0,0,7,0,0,0,7
01/05/2021,OTH,OR,ANM,WE,Federal Contract Tower,0,6,5,0,11,0,4,7,27,38,0,10,12,27,49,18,10,28,77
01/06/2021,OTH,OR,ANM,WE,Federal Contract Tower,0,15,2,4,21,0,0,0,0,0,0,15,2,4,21,0,4,4,25
01/07/2021,OTH,OR,ANM,WE,Federal Contract Tower,0,7,4,0,11,0,5,12,8,25,0,12,16,8,36,0,8,8,44
01/08/2021,OTH,OR,ANM,WE,Federal Contract Tower,0,9,2,0,11,0,2,6,5,13,0,11,8,5,24,0,0,0,24
01/09/2021,OTH,OR,ANM,WE,Federal Contract Tower,0,5,2,0,7,0,2,28,12,42,0,7,30,12,49,42,14,56,105
01/10/2021,OTH,OR,ANM,WE,Federal Contract Tower,0,7,2,0,9,0,0,0,4,4,0,7,2,4,13,0,0,0,13
01/11/2021,OTH,OR,ANM,WE,Federal Contract Tower,0,5,4,0,9,0,1,3,2,6,0,6,7,2,15,0,48,48,63
01/12/2021,OTH,OR,ANM,WE,Federal Contract Tower,0,9,3,0,12,0,0,0,4,4,0,9,3,4,16,0,34,34,50
01/13/2021,OTH,OR,ANM,WE,Federal Contract Tower,0,4,0,3,7,0,4,5,4,13,0,8,5,7,20,0,6,6,26
01/14/2021,OTH,OR,ANM,WE,Federal Contract Tower,0,4,2,0,6,0,3,15,12,30,0,7,17,12,36,8,8,16,52
01/15/2021,OTH,OR,ANM,WE,Federal Contract Tower,0,11,4,9,24,0,0,0,0,0,0,11,4,9,24,0,0,0,24
01/16/2021,OTH,OR,ANM,WE,Federal Contract Tower,0,4,0,0,4,0,0,0,0,0,0,4,0,0,4,16,0,16,20
01/17/2021,OTH,OR,ANM,WE,Federal Contract Tower,0,3,2,0,5,0,0,15,4,19,0,3,17,4,24,6,18,24,48
01/18/2021,OTH,OR,ANM,WE,Federal Contract Tower,1,3,2,0,6,0,2,9,3,14,1,5,11,3,20,0,18,18,38
01/19/2021,OTH,OR,ANM,WE,Federal Contract Tower,0,4,2,0,6,0,3,7,13,23,0,7,9,13,29,0,2,2,31
01/20/2021,OTH,OR,ANM,WE,Federal Contract Tower,0,10,2,0,12,0,3,16,11,30,0,13,18,11,42,0,0,0,42
01/21/2021,OTH,OR,ANM,WE,Federal Contract Tower,0,6,4,0,10,0,3,20,14,37,0,9,24,14,47,12,18,30,77
01/22/2021,OTH,OR,ANM,WE,Federal Contract Tower,0,13,4,0,17,0,0,7,3,10,0,13,11,3,27,0,0,0,27
01/23/2021,OTH,OR,ANM,WE,Federal Contract Tower,0,2,6,0,8,0,3,14,5,22,0,5,20,5,30,0,14,14,44
01/24/2021,OTH,OR,ANM,WE,Federal Contract Tower,0,2,4,0,6,0,0,0,4,4,0,2,4,4,10,0,10,10,20
01/25/2021,OTH,OR,ANM,WE,Federal Contract Tower,0,8,2,0,10,0,0,3,4,7,0,8,5,4,17,0,0,0,17
01/26/2021,OTH,OR,ANM,WE,Federal Contract Tower,0,6,1,0,7,0,2,3,11,16,0,8,4,11,23,12,10,22,45
01/27/2021,OTH,OR,ANM,WE,Federal Contract Tower,0,13,9,0,22,0,0,1,8,9,0,13,10,8,31,0,70,70,101
01/28/2021,OTH,OR,ANM,WE,Federal Contract Tower,0,8,7,0,15,0,2,3,6,11,0,10,10,6,26,10,6,16,42
01/29/2021,OTH,OR,ANM,WE,Federal Contract Tower,0,10,4,0,14,0,2,1,3,6,0,12,5,3,20,8,66,74,94
01/30/2021,OTH,OR,ANM,WE,Federal Contract Tower,0,5,1,4,10,0,0,0,10,10,0,5,1,14,20,0,22,22,42
01/31/2021,OTH,OR,ANM,WE,Federal Contract Tower,0,4,5,0,9,0,0,0,8,8,0,4,5,8,17,0,16,16,33
02/01/2021,OTH,OR,ANM,WE,Federal Contract Tower,0,7,2,0,9,0,0,0,3,3,0,7,2,3,12,0,14,14,26
02/02/2021,OTH,OR,ANM,WE,Federal Contract Tower,0,10,1,0,11,0,0,10,11,21,0,10,11,11,32,0,14,14,46
02/03/2021,OTH,OR,ANM,WE,Federal Contract Tower,0,13,5,0,18,0,1,2,16,19,0,14,7,16,37,0,8,8,45
02/04/2021,OTH,OR,ANM,WE,Federal Contract Tower,0,7,2,4,13,0,8,12,9,29,0,15,14,13,42,8,12,20,62
02/05/2021,OTH,OR,ANM,WE,Federal Contract Tower,0,10,2,0,12,0,0,0,2,2,0,10,2,2,14,0,0,0,14
02/06/2021,OTH,OR,ANM,WE,Federal Contract Tower,0,4,0,0,4,0,0,4,1,5,0,4,4,1,9,8,0,8,17
02/07/2021,OTH,OR,ANM,WE,Federal Contract Tower,0,4,0,0,4,0,2,10,3,15,0,6,10,3,19,16,14,30,49
02/08/2021,OTH,OR,ANM,WE,Federal Contract Tower,0,6,2,0,8,0,2,4,4,10,0,8,6,4,18,10,22,32,50
02/09/2021,OTH,OR,ANM,WE,Federal Contract Tower,0,5,5,0,10,0,6,8,6,20,0,11,13,6,30,0,0,0,30
02/10/2021,OTH,OR,ANM,WE,Federal Contract Tower,0,7,0,0,7,0,5,32,16,53,0,12,32,16,60,10,14,24,84
02/11/2021,OTH,OR,ANM,WE,Federal Contract Tower,0,10,5,0,15,0,0,3,5,8,0,10,8,5,23,0,4,4,27
02/12/2021,OTH,OR,ANM,WE,Federal Contract Tower,0,10,2,0,12,0,0,0,4,4,0,10,2,4,16,0,10,10,26
02/13/2021,OTH,OR,ANM,WE,Federal Contract Tower,0,2,0,0,2,0,0,2,4,6,0,2,2,4,8,0,0,0,8
02/14/2021,OTH,OR,ANM,WE,Federal Contract Tower,0,2,4,0,6,0,0,1,6,7,0,2,5,6,13,0,6,6,19
02/15/2021,OTH,OR,ANM,WE,Federal Contract Tower,0,2,2,0,4,0,0,9,1,10,0,2,11,1,14,0,12,12,26
02/16/2021,OTH,OR,ANM,WE,Federal Contract Tower,0,4,1,0,5,0,3,18,4,25,0,7,19,4,30,10,0,10,40
02/17/2021,OTH,OR,ANM,WE,Federal Contract Tower,0,6,13,0,19,0,4,21,17,42,0,10,34,17,61,18,38,56,117
02/18/2021,OTH,OR,ANM,WE,Federal Contract Tower,0,6,1,2,9,0,0,2,2,4,0,6,3,4,13,0,6,6,19
02/19/2021,OTH,OR,ANM,WE,Federal Contract Tower,0,13,8,0,21,0,0,12,5,17,0,13,20,5,38,0,22,22,60
02/20/2021,OTH,OR,ANM,WE,Federal Contract Tower,0,5,2,0,7,0,0,10,7,17,0,5,12,7,24,0,20,20,44
02/21/2021,OTH,OR,ANM,WE,Federal Contract Tower,0,5,4,2,11,0,0,1,0,1,0,5,5,2,12,0,2,2,14
02/22/2021,OTH,OR,ANM,WE,Federal Contract Tower,0,4,5,2,11,0,0,0,11,11,0,4,5,13,22,0,30,30,52
02/23/2021,OTH,OR,ANM,WE,Federal Contract Tower,0,3,4,0,7,0,5,15,5,25,0,8,19,5,32,6,0,6,38
02/24/2021,OTH,OR,ANM,WE,Federal Contract Tower,0,3,1,0,4,0,6,14,14,34,0,9,15,14,38,6,18,24,62
02/25/2021,OTH,OR,ANM,WE,Federal Contract Tower,0,9,6,0,15,0,1,1,6,8,0,10,7,6,23,0,6,6,29
02/26/2021,OTH,OR,ANM,WE,Federal Contract Tower,0,10,0,0,10,0,0,3,10,13,0,10,3,10,23,0,42,42,65
02/27/2021,OTH,OR,ANM,WE,Federal Contract Tower,0,12,2,0,14,0,4,12,2,18,0,16,14,2,32,4,12,16,48
02/28/2021,OTH,OR,ANM,WE,Federal Contract Tower,0,4,5,0,9,0,1,32,6,39,0,5,37,6,48,2,0,2,50
03/01/2021,OTH,OR,ANM,WE,Federal Contract Tower,0,4,5,0,9,0,3,12,5,20,0,7,17,5,29,0,20,20,49
03/02/2021,OTH,OR,ANM,WE,Federal Contract Tower,0,4,4,1,9,0,4,9,5,18,0,8,13,6,27,0,6,6,33
03/03/2021,OTH,OR,ANM,WE,Federal Contract Tower,0,9,6,0,15,0,2,14,14,30,0,11,20,14,45,12,24,36,81
03/04/2021,OTH,OR,ANM,WE,Federal Contract Tower,0,7,1,0,8,0,2,5,5,12,0,9,6,5,20,8,0,8,28
03/05/2021,OTH,OR,ANM,WE,Federal Contract Tower,0,8,3,0,11,0,6,2,8,16,0,14,5,8,27,4,22,26,53
03/06/2021,OTH,OR,ANM,WE,Federal Contract Tower,0,4,2,0,6,0,0,15,6,21,0,4,17,6,27,26,0,26,53
03/07/2021,OTH,OR,ANM,WE,Federal Contract Tower,0,2,3,0,5,0,0,6,6,12,0,2,9,6,17,8,6,14,31
03/08/2021,OTH,OR,ANM,WE,Federal Contract Tower,0,8,6,0,14,0,1,7,6,14,0,9,13,6,28,0,0,0,28
03/09/2021,OTH,OR,ANM,WE,Federal Contract Tower,0,6,12,0,18,0,4,1,9,14,0,10,13,9,32,0,6,6,38
03/10/2021,OTH,OR,ANM,WE,Federal Contract Tower,0,9,4,4,17,0,3,15,8,26,0,12,19,12,43,32,4,36,79
03/11/2021,OTH,OR,ANM,WE,Federal Contract Tower,0,2,10,1,13,0,11,29,3,43,0,13,39,4,56,44,0,44,100
03/12/2021,OTH,OR,ANM,WE,Federal Contract Tower,0,4,7,13,24,0,6,24,15,45,0,10,31,28,69,24,10,34,103
03/13/2021,OTH,OR,ANM,WE,Federal Contract Tower,0,3,5,0,8,0,1,3,7,11,0,4,8,7,19,0,24,24,43
03/14/2021,OTH,OR,ANM,WE,Federal Contract Tower,0,4,8,0,12,0,0,0,0,0,0,4,8,0,12,0,0,0,12
03/15/2021,OTH,OR,ANM,WE,Federal Contract Tower,0,2,0,0,2,0,3,13,4,20,0,5,13,4,22,16,0,16,38
03/16/2021,OTH,OR,ANM,WE,Federal Contract Tower,0,8,2,0,10,0,9,19,9,37,0,17,21,9,47,4,0,4,51
03/17/2021,OTH,OR,ANM,WE,Federal Contract Tower,0,8,10,0,18,0,5,27,9,41,0,13,37,9,59,22,0,22,81
03/18/2021,OTH,OR,ANM,WE,Federal Contract Tower,0,10,6,0,16,0,0,1,8,9,0,10,7,8,25,0,72,72,97
03/19/2021,OTH,OR,ANM,WE,Federal Contract Tower,0,11,3,0,14,0,0,1,4,5,0,11,4,4,19,2,36,38,57
03/20/2021,OTH,OR,ANM,WE,Federal Contract Tower,0,7,1,0,8,0,0,0,4,4,0,7,1,4,12,12,12,24,36
03/21/2021,OTH,OR,ANM,WE,Federal Contract Tower,0,2,5,0,7,0,1,19,4,24,0,3,24,4,31,18,0,18,49
03/22/2021,OTH,OR,ANM,WE,Federal Contract Tower,0,6,3,0,9,0,0,0,5,5,0,6,3,5,14,0,24,24,38
03/23/2021,OTH,OR,ANM,WE,Federal Contract Tower,0,4,2,0,6,0,2,24,7,33,0,6,26,7,39,0,0,0,39
03/24/2021,OTH,OR,ANM,WE,Federal Contract Tower,0,12,11,4,27,0,2,2,6,10,0,14,13,10,37,14,58,72,109
03/25/2021,OTH,OR,ANM,WE,Federal Contract Tower,0,13,2,0,15,0,1,6,8,15,0,14,8,8,30,0,0,0,30
03/26/2021,OTH,OR,ANM,WE,Federal Contract Tower,0,6,5,0,11,0,4,6,4,14,0,10,11,4,25,0,2,2,27
03/27/2021,OTH,OR,ANM,WE,Federal Contract Tower,0,1,3,1,5,0,2,23,5,30,0,3,26,6,35,4,0,4,39
03/28/2021,OTH,OR,ANM,WE,Federal Contract Tower,0,3,7,3,13,0,0,3,3,6,0,3,10,6,19,12,14,26,45
03/29/2021,OTH,OR,ANM,WE,Federal Contract Tower,0,3,1,0,4,0,2,12,4,18,0,5,13,4,22,16,2,18,40
03/30/2021,OTH,OR,ANM,WE,Federal Contract Tower,0,2,1,2,5,0,6,26,4,36,0,8,27,6,41,10,0,10,51
03/31/2021,OTH,OR,ANM,WE,Federal Contract Tower,0,8,3,0,11,0,5,31,5,41,0,13,34,5,52,8,0,8,60
04/01/2021,OTH,OR,ANM,WE,Federal Contract Tower,0,8,2,0,10,0,4,15,3,22,0,12,17,3,32,54,0,54,86
04/02/2021,OTH,OR,ANM,WE,Federal Contract Tower,0,9,3,0,12,0,5,24,6,35,0,14,27,6,47,26,0,26,73
04/03/2021,OTH,OR,ANM,WE,Federal Contract Tower,0,8,5,0,13,0,3,9,6,18,0,11,14,6,31,12,0,12,43
04/04/2021,OTH,OR,ANM,WE,Federal Contract Tower,0,2,12,0,14,0,0,3,3,6,0,2,15,3,20,0,0,0,20
04/05/2021,OTH,OR,ANM,WE,Federal Contract Tower,0,6,4,0,10,0,2,13,3,18,0,8,17,3,28,0,0,0,28
04/06/2021,OTH,OR,ANM,WE,Federal Contract Tower,0,9,3,0,12,0,4,40,8,52,0,13,43,8,64,18,0,18,82
04/07/2021,OTH,OR,ANM,WE,Federal Contract Tower,0,11,19,1,31,0,0,7,8,15,0,11,26,9,46,26,18,44,90
04/08/2021,OTH,OR,ANM,WE,Federal Contract Tower,0,10,2,0,12,0,3,11,4,18,0,13,13,4,30,4,0,4,34
04/09/2021,OTH,OR,ANM,WE,Federal Contract Tower,0,11,3,0,14,0,5,23,6,34,0,16,26,6,48,18,0,18,66
04/10/2021,OTH,OR,ANM,WE,Federal Contract Tower,0,8,2,0,10,0,2,16,15,33,0,10,18,15,43,20,2,22,65
04/11/2021,OTH,OR,ANM,WE,Federal Contract Tower,0,3,9,0,12,0,1,9,4,14,0,4,18,4,26,0,6,6,32
04/12/2021,OTH,OR,ANM,WE,Federal Contract Tower,0,6,5,0,11,0,4,18,3,25,0,10,23,3,36,4,0,4,40
04/13/2021,OTH,OR,ANM,WE,Federal Contract Tower,0,7,3,0,10,0,3,13,12,28,0,10,16,12,38,8,4,12,50
04/14/2021,OTH,OR,ANM,WE,Federal Contract Tower,0,8,4,4,16,0,7,21,7,35,0,15,25,11,51,4,4,8,59
04/15/2021,OTH,OR,ANM,WE,Federal Contract Tower,0,4,7,0,11,0,6,17,3,26,0,10,24,3,37,2,0,2,39
04/16/2021,OTH,OR,ANM,WE,Federal Contract Tower,0,15,3,0,18,0,1,8,3,12,0,16,11,3,30,0,12,12,42
04/17/2021,OTH,OR,ANM,WE,Federal Contract Tower,0,8,14,0,22,0,1,3,2,6,0,9,17,2,28,0,0,0,28
04/18/2021,OTH,OR,ANM,WE,Federal Contract Tower,0,7,12,1,20,0,0,1,4,5,0,7,13,5,25,0,0,0,25
04/19/2021,OTH,OR,ANM,WE,Federal Contract Tower,0,11,14,0,25,0,1,6,3,10,0,12,20,3,35,0,12,12,47
04/20/2021,OTH,OR,ANM,WE,Federal Contract Tower,0,8,12,2,22,0,0,5,14,19,0,8,17,16,41,0,0,0,41
04/21/2021,OTH,OR,ANM,WE,Federal Contract Tower,0,12,6,7,25,0,1,4,7,12,0,13,10,14,37,0,4,4,41
04/22/2021,OTH,OR,ANM,WE,Federal Contract Tower,0,10,14,0,24,0,6,16,1,23,0,16,30,1,47,26,0,26,73
04/23/2021,OTH,OR,ANM,WE,Federal Contract Tower,0,9,8,0,17,0,5,10,4,19,0,14,18,4,36,18,20,38,74
04/24/2021,OTH,OR,ANM,WE,Federal Contract Tower,0,11,2,0,13,0,0,1,5,6,0,11,3,5,19,0,12,12,31
04/25/2021,OTH,OR,ANM,WE,Federal Contract Tower,0,12,13,0,25,0,0,2,2,4,0,12,15,2,29,12,14,26,55
04/26/2021,OTH,OR,ANM,WE,Federal Contract Tower,0,9,5,0,14,0,3,3,8,14,0,12,8,8,28,0,0,0,28
04/27/2021,OTH,OR,ANM,WE,Federal Contract Tower,0,8,6,0,14,0,6,18,7,31,0,14,24,7,45,48,0,48,93
04/28/2021,OTH,OR,ANM,WE,Federal Contract Tower,0,12,6,0,18,0,4,24,6,34,0,16,30,6,52,40,0,40,92
04/29/2021,OTH,OR,ANM,WE,Federal Contract Tower,0,8,10,0,18,0,3,19,3,25,0,11,29,3,43,36,0,36,79
04/30/2021,OTH,OR,ANM,WE,Federal Contract Tower,0,8,4,0,12,0,3,15,4,22,0,11,19,4,34,0,10,10,44
05/01/2021,OTH,OR,ANM,WE,Federal Contract Tower,0,8,4,0,12,0,1,4,8,13,0,9,8,8,25,12,12,24,49
05/02/2021,OTH,OR,ANM,WE,Federal Contract Tower,0,2,8,0,10,0,0,12,8,20,0,2,20,8,30,0,14,14,44
05/03/2021,OTH,OR,ANM,WE,Federal Contract Tower,0,6,4,12,22,0,4,12,11,27,0,10,16,23,49,8,2,10,59
05/04/2021,OTH,OR,ANM,WE,Federal Contract Tower,0,14,4,0,18,0,1,8,1,10,0,15,12,1,28,0,4,4,32
05/05/2021,OTH,OR,ANM,WE,Federal Contract Tower,0,10,8,0,18,0,1,17,2,20,0,11,25,2,38,6,0,6,44
05/06/2021,OTH,OR,ANM,WE,Federal Contract Tower,0,11,6,0,17,0,0,0,0,0,0,11,6,0,17,0,0,0,17
05/07/2021,OTH,OR,ANM,WE,Federal Contract Tower,0,21,2,0,23,0,1,11,3,15,0,22,13,3,38,18,0,18,56
05/08/2021,OTH,OR,ANM,WE,Federal Contract Tower,0,10,7,0,17,0,3,8,2,13,0,13,15,2,30,14,0,14,44
05/09/2021,OTH,OR,ANM,WE,Federal Contract Tower,0,3,4,0,7,0,0,7,3,10,0,3,11,3,17,2,0,2,19
05/10/2021,OTH,OR,ANM,WE,Federal Contract Tower,0,20,4,0,24,0,4,19,7,30,0,24,23,7,54,12,12,24,78
05/11/2021,OTH,OR,ANM,WE,Federal Contract Tower,0,4,4,1,9,0,3,28,2,33,0,7,32,3,42,28,0,28,70
05/12/2021,OTH,OR,ANM,WE,Federal Contract Tower,0,17,11,2,30,0,4,2,0,6,0,21,13,2,36,0,8,8,44
05/13/2021,OTH,OR,ANM,WE,Federal Contract Tower,0,15,19,0,34,0,1,0,0,1,0,16,19,0,35,0,0,0,35
05/14/2021,OTH,OR,ANM,WE,Federal Contract Tower,0,20,11,1,32,0,0,0,0,0,0,20,11,1,32,0,16,16,48
05/15/2021,OTH,OR,ANM,WE,Federal Contract Tower,0,11,2,0,13,0,3,4,0,7,0,14,6,0,20,0,0,0,20
05/16/2021,OTH,OR,ANM,WE,Federal Contract Tower,0,14,17,2,33,0,0,2,1,3,0,14,19,3,36,0,0,0,36
05/17/2021,OTH,OR,ANM,WE,Federal Contract Tower,0,9,7,1,17,0,2,2,3,7,0,11,9,4,24,38,0,38,62
05/18/2021,OTH,OR,ANM,WE,Federal Contract Tower,1,10,4,0,15,0,5,2,1,8,1,15,6,1,23,50,6,56,79
05/19/2021,OTH,OR,ANM,WE,Federal Contract Tower,0,14,14,0,28,0,4,6,3,13,0,18,20,3,41,105,2,107,148
05/20/2021,OTH,OR,ANM,WE,Federal Contract Tower,1,12,7,0,20,0,4,12,5,21,1,16,19,5,41,50,0,50,91
05/21/2021,OTH,OR,ANM,WE,Federal Contract Tower,0,14,5,2,21,0,4,10,2,16,0,18,15,4,37,12,3,15,52
05/22/2021,OTH,OR,ANM,WE,Federal Contract Tower,0,9,6,0,15,0,5,71,7,83,0,14,77,7,98,12,0,12,110
05/23/2021,OTH,OR,ANM,WE,Federal Contract Tower,0,12,20,0,32,0,0,7,5,12,0,12,27,5,44,10,0,10,54
05/24/2021,OTH,OR,ANM,WE,Federal Contract Tower,0,9,8,1,18,0,0,1,3,4,0,9,9,4,22,0,8,8,30
05/25/2021,OTH,OR,ANM,WE,Federal Contract Tower,0,16,9,1,26,0,0,7,10,17,0,16,16,11,43,0,0,0,43
05/26/2021,OTH,OR,ANM,WE,Federal Contract Tower,0,14,4,0,18,0,0,26,10,36,0,14,30,10,54,102,8,110,164
05/27/2021,OTH,OR,ANM,WE,Federal Contract Tower,0,17,8,1,26,0,1,14,3,18,0,18,22,4,44,32,0,32,76
05/28/2021,OTH,OR,ANM,WE,Federal Contract Tower,0,9,0,1,10,0,8,18,3,29,0,17,18,4,39,2,1,3,42
05/29/2021,OTH,OR,ANM,WE,Federal Contract Tower,0,6,3,0,9,0,1,18,3,22,0,7,21,3,31,33,0,33,64
05/30/2021,OTH,OR,ANM,WE,Federal Contract Tower,0,8,5,0,13,0,0,26,3,29,0,8,31,3,42,0,0,0,42
05/31/2021,OTH,OR,ANM,WE,Federal Contract Tower,0,7,4,0,11,0,1,21,2,24,0,8,25,2,35,0,0,0,35
06/01/2021,OTH,OR,ANM,WE,Federal Contract Tower,0,10,7,2,19,0,2,15,8,25,0,12,22,10,44,46,13,59,103
06/02/2021,OTH,OR,ANM,WE,Federal Contract Tower,0,19,6,1,26,0,3,12,4,19,0,22,18,5,45,4,26,30,75
06/03/2021,OTH,OR,ANM,WE,Federal Contract Tower,2,12,21,1,36,0,0,5,2,7,2,12,26,3,43,6,0,6,49
06/04/2021,OTH,OR,ANM,WE,Federal Contract Tower,2,12,7,1,22,0,6,4,5,15,2,18,11,6,37,0,8,8,45
06/05/2021,OTH,OR,ANM,WE,Federal Contract Tower,2,6,3,0,11,0,1,2,1,4,2,7,5,1,15,0,0,0,15
06/06/2021,OTH,OR,ANM,WE,Federal Contract Tower,3,7,9,1,20,0,0,17,4,21,3,7,26,5,41,32,0,32,73
06/07/2021,OTH,OR,ANM,WE,Federal Contract Tower,2,8,2,0,12,0,1,9,5,15,2,9,11,5,27,8,0,8,35
06/08/2021,OTH,OR,ANM,WE,Federal Contract Tower,2,9,6,0,17,0,0,8,9,17,2,9,14,9,34,4,0,4,38
06/09/2021,OTH,OR,ANM,WE,Federal Contract Tower,4,16,6,0,26,0,5,13,6,24,4,21,19,6,50,0,4,4,54
06/10/2021,OTH,OR,ANM,WE,Federal Contract Tower,2,15,4,0,21,0,3,21,2,26,2,18,25,2,47,2,0,2,49
06/11/2021,OTH,OR,ANM,WE,Federal Contract Tower,2,9,7,0,18,0,0,0,3,3,2,9,7,3,21,0,0,0,21
06/12/2021,OTH,OR,ANM,WE,Federal Contract Tower,2,9,5,0,16,0,1,4,3,8,2,10,9,3,24,0,0,0,24
06/13/2021,OTH,OR,ANM,WE,Federal Contract Tower,4,7,9,3,23,0,0,0,1,1,4,7,9,4,24,0,0,0,24
06/14/2021,OTH,OR,ANM,WE,Federal Contract Tower,2,7,3,1,13,0,0,5,4,9,2,7,8,5,22,22,2,24,46
06/15/2021,OTH,OR,ANM,WE,Federal Contract Tower,2,8,9,1,20,0,6,19,5,30,2,14,28,6,50,38,2,40,90
06/16/2021,OTH,OR,ANM,WE,Federal Contract Tower,4,13,4,1,22,0,6,11,6,23,4,19,15,7,45,8,2,10,55
06/17/2021,OTH,OR,ANM,WE,Federal Contract Tower,2,17,13,0,32,0,1,6,2,9,2,18,19,2,41,2,0,2,43
06/18/2021,OTH,OR,ANM,WE,Federal Contract Tower,2,17,3,1,23,0,7,13,3,23,2,24,16,4,46,26,16,42,88
06/19/2021,OTH,OR,ANM,WE,Federal Contract Tower,2,11,6,0,19,0,2,16,2,20,2,13,22,2,39,0,8,8,47
06/20/2021,OTH,OR,ANM,WE,Federal Contract Tower,4,12,4,2,22,0,0,6,0,6,4,12,10,2,28,0,6,6,34
06/21/2021,OTH,OR,ANM,WE,Federal Contract Tower,2,7,5,3,17,0,0,2,2,4,2,7,7,5,21,0,0,0,21
06/22/2021,OTH,OR,ANM,WE,Federal Contract Tower,2,13,8,2,25,0,0,0,4,4,2,13,8,6,29,0,24,24,53
06/23/2021,OTH,OR,ANM,WE,Federal Contract Tower,4,12,14,0,30,0,5,7,9,21,4,17,21,9,51,16,6,22,73
06/24/2021,OTH,OR,ANM,WE,Federal Contract Tower,2,8,16,0,26,0,0,17,2,19,2,8,33,2,45,18,0,18,63
06/25/2021,OTH,OR,ANM,WE,Federal Contract Tower,2,15,5,0,22,0,1,12,7,20,2,16,17,7,42,0,18,18,60
06/26/2021,OTH,OR,ANM,WE,Federal Contract Tower,2,10,8,0,20,0,0,20,4,24,2,10,28,4,44,0,0,0,44
06/27/2021,OTH,OR,ANM,WE,Federal Contract Tower,4,7,14,0,25,0,3,12,5,20,4,10,26,5,45,6,0,6,51
06/28/2021,OTH,OR,ANM,WE,Federal Contract Tower,2,3,5,0,10,0,2,8,7,17,2,5,13,7,27,0,2,2,29
06/29/2021,OTH,OR,ANM,WE,Federal Contract Tower,2,17,4,0,23,0,0,10,5,15,2,17,14,5,38,10,2,12,50
06/30/2021,OTH,OR,ANM,WE,Federal Contract Tower,4,14,12,2,32,0,0,2,10,12,4,14,14,12,44,0,14,14,58
07/01/2021,OTH,OR,ANM,WE,Federal Contract Tower,2,10,11,0,23,0,0,0,5,5,2,10,11,5,28,0,6,6,34
07/02/2021,OTH,OR,ANM,WE,Federal Contract Tower,2,10,7,2,21,0,1,2,5,8,2,11,9,7,29,0,14,14,43
07/03/2021,OTH,OR,ANM,WE,Federal Contract Tower,2,6,9,2,19,0,0,11,0,11,2,6,20,2,30,0,0,0,30
07/04/2021,OTH,OR,ANM,WE,Federal Contract Tower,4,1,10,0,15,0,4,11,4,19,4,5,21,4,34,0,12,12,46
07/05/2021,OTH,OR,ANM,WE,Federal Contract Tower,2,4,12,1,19,0,0,22,3,25,2,4,34,4,44,0,6,6,50
07/06/2021,OTH,OR,ANM,WE,Federal Contract Tower,2,8,15,2,27,0,0,7,2,9,2,8,22,4,36,0,0,0,36
07/07/2021,OTH,OR,ANM,WE,Federal Contract Tower,4,15,10,0,29,0,0,3,6,9,4,15,13,6,38,0,8,8,46
07/08/2021,OTH,OR,ANM,WE,Federal Contract Tower,2,6,8,2,18,0,0,17,6,23,2,6,25,8,41,20,2,22,63
07/09/2021,OTH,OR,ANM,WE,Federal Contract Tower,2,10,16,2,30,0,0,4,4,8,2,10,20,6,38,10,36,46,84
07/10/2021,OTH,OR,ANM,WE,Federal Contract Tower,2,9,8,2,21,0,0,3,3,6,2,9,11,5,27,0,0,0,27
07/11/2021,OTH,OR,ANM,WE,Federal Contract Tower,4,8,3,2,17,0,0,5,2,7,4,8,8,4,24,0,24,24,48
07/12/2021,OTH,OR,ANM,WE,Federal Contract Tower,2,4,11,0,17,0,2,3,10,15,2,6,14,10,32,0,6,6,38
07/13/2021,OTH,OR,ANM,WE,Federal Contract Tower,2,8,4,0,14,0,1,5,11,17,2,9,9,11,31,4,2,6,37
07/14/2021,OTH,OR,ANM,WE,Federal Contract Tower,4,14,8,1,27,0,1,4,10,15,4,15,12,11,42,0,2,2,44
07/15/2021,OTH,OR,ANM,WE,Federal Contract Tower,2,11,8,0,21,0,1,8,4,13,2,12,16,4,34,0,30,30,64
07/16/2021,OTH,OR,ANM,WE,Federal Contract Tower,2,7,4,0,13,0,3,15,5,23,2,10,19,5,36,20,6,26,62
07/17/2021,OTH,OR,ANM,WE,Federal Contract Tower,2,5,2,0,9,0,2,26,2,30,2,7,28,2,39,10,0,10,49
07/18/2021,OTH,OR,ANM,WE,Federal Contract Tower,4,7,13,2,26,0,0,13,2,15,4,7,26,4,41,14,19,33,74
07/19/2021,OTH,OR,ANM,WE,Federal Contract Tower,4,9,2,1,16,0,1,10,9,20,4,10,12,10,36,16,26,42,78
07/20/2021,OTH,OR,ANM,WE,Federal Contract Tower,2,11,12,2,27,0,1,10,8,19,2,12,22,10,46,4,0,4,50
07/21/2021,OTH,OR,ANM,WE,Federal Contract Tower,3,11,6,0,20,0,5,11,10,26,3,16,17,10,46,30,10,40,86
07/22/2021,OTH,OR,ANM,WE,Federal Contract Tower,2,8,11,2,23,0,4,14,7,25,2,12,25,9,48,12,0,12,60
07/23/2021,OTH,OR,ANM,WE,Federal Contract Tower,2,7,4,0,13,0,1,23,7,31,2,8,27,7,44,22,50,72,116
07/24/2021,OTH,OR,ANM,WE,Federal Contract Tower,2,7,5,0,14,0,1,5,5,11,2,8,10,5,25,0,18,18,43
07/25/2021,OTH,OR,ANM,WE,Federal Contract Tower,4,13,16,0,33,0,0,9,4,13,4,13,25,4,46,10,12,22,68
07/26/2021,OTH,OR,ANM,WE,Federal Contract Tower,2,6,5,9,22,0,0,4,1,5,2,6,9,10,27,12,0,12,39
07/27/2021,OTH,OR,ANM,WE,Federal Contract Tower,2,8,8,16,34,0,2,4,6,12,2,10,12,22,46,32,30,62,108
07/28/2021,OTH,OR,ANM,WE,Federal Contract Tower,4,10,7,3,24,0,6,23,8,37,4,16,30,11,61,10,24,34,95
07/29/2021,OTH,OR,ANM,WE,Federal Contract Tower,2,12,8,0,22,0,2,13,0,15,2,14,21,0,37,0,0,0,37
07/30/2021,OTH,OR,ANM,WE,Federal Contract Tower,2,8,3,9,22,0,2,18,10,30,2,10,21,19,52,8,0,8,60
07/31/2021,OTH,OR,ANM,WE,Federal Contract Tower,1,7,10,0,18,0,1,2,0,3,1,8,12,0,21,0,0,0,21
08/01/2021,OTH,OR,ANM,WE,Federal Contract Tower,4,7,8,0,19,0,1,12,4,17,4,8,20,4,36,0,22,22,58
08/02/2021,OTH,OR,ANM,WE,Federal Contract Tower,2,8,5,4,19,0,0,4,4,8,2,8,9,8,27,0,14,14,41
08/03/2021,OTH,OR,ANM,WE,Federal Contract Tower,2,7,11,0,20,0,2,8,0,10,2,9,19,0,30,20,0,20,50
08/04/2021,OTH,OR,ANM,WE,Federal Contract Tower,4,11,16,0,31,0,2,15,0,17,4,13,31,0,48,10,0,10,58
08/05/2021,OTH,OR,ANM,WE,Federal Contract Tower,2,15,5,0,22,0,0,8,2,10,2,15,13,2,32,4,0,4,36
08/06/2021,OTH,OR,ANM,WE,Federal Contract Tower,2,6,16,0,24,0,4,14,1,19,2,10,30,1,43,6,0,6,49
08/07/2021,OTH,OR,ANM,WE,Federal Contract Tower,2,16,12,0,30,0,2,8,2,12,2,18,20,2,42,2,4,6,48
08/08/2021,OTH,OR,ANM,WE,Federal Contract Tower,4,5,8,0,17,0,4,16,3,23,4,9,24,3,40,20,2,22,62
08/09/2021,OTH,OR,ANM,WE,Federal Contract Tower,2,6,6,1,15,0,2,24,13,39,2,8,30,14,54,26,4,30,84
08/10/2021,OTH,OR,ANM,WE,Federal Contract Tower,4,2,3,0,9,0,6,9,15,30,4,8,12,15,39,0,16,16,55
08/11/2021,OTH,OR,ANM,WE,Federal Contract Tower,4,9,10,0,23,0,5,14,11,30,4,14,24,11,53,38,22,60,113
08/12/2021,OTH,OR,ANM,WE,Federal Contract Tower,2,12,15,0,29,0,4,24,3,31,2,16,39,3,60,50,2,52,112
08/13/2021,OTH,OR,ANM,WE,Federal Contract Tower,2,10,10,0,22,0,1,37,7,45,2,11,47,7,67,22,0,22,89
08/14/2021,OTH,OR,ANM,WE,Federal Contract Tower,2,10,7,0,19,0,0,18,1,19,2,10,25,1,38,0,4,4,42
08/15/2021,OTH,OR,ANM,WE,Federal Contract Tower,4,10,7,4,25,0,0,8,2,10,4,10,15,6,35,0,0,0,35
08/16/2021,OTH,OR,ANM,WE,Federal Contract Tower,2,11,11,5,29,0,1,5,5,11,2,12,16,10,40,6,4,10,50
08/17/2021,OTH,OR,ANM,WE,Federal Contract Tower,2,12,9,0,23,0,2,7,15,24,2,14,16,15,47,24,32,56,103
08/18/2021,OTH,OR,ANM,WE,Federal Contract Tower,5,8,13,0,26,0,3,15,12,30,5,11,28,12,56,0,4,4,60
08/19/2021,OTH,OR,ANM,WE,Federal Contract Tower,2,17,18,0,37,0,0,4,0,4,2,17,22,0,41,0,0,0,41
08/20/2021,OTH,OR,ANM,WE,Federal Contract Tower,2,6,13,0,21,0,5,25,6,36,2,11,38,6,57,50,14,64,121
08/21/2021,OTH,OR,ANM,WE,Federal Contract Tower,2,17,8,0,27,0,0,13,0,13,2,17,21,0,40,30,0,30,70
08/23/2021,OTH,OR,ANM,WE,Federal Contract Tower,2,8,8,0,18,0,2,10,7,19,2,10,18,7,37,2,0,2,39
08/24/2021,OTH,OR,ANM,WE,Federal Contract Tower,2,11,8,1,22,0,3,6,6,15,2,14,14,7,37,8,4,12,49
08/25/2021,OTH,OR,ANM,WE,Federal Contract Tower,4,13,9,1,27,0,4,18,8,30,4,17,27,9,57,24,16,40,97
08/26/2021,OTH,OR,ANM,WE,Federal Contract Tower,2,8,4,1,15,0,4,4,1,9,2,12,8,2,24,0,0,0,24
08/27/2021,OTH,OR,ANM,WE,Federal Contract Tower,2,9,5,0,16,0,4,12,5,21,2,13,17,5,37,18,8,26,63
08/28/2021,OTH,OR,ANM,WE,Federal Contract Tower,2,9,9,1,21,0,5,19,8,32,2,14,28,9,53,50,2,52,105
08/29/2021,OTH,OR,ANM,WE,Federal Contract Tower,4,9,15,5,33,0,1,3,4,8,4,10,18,9,41,2,0,2,43
08/30/2021,OTH,OR,ANM,WE,Federal Contract Tower,2,2,6,0,10,0,6,6,13,25,2,8,12,13,35,6,0,6,41
08/31/2021,OTH,OR,ANM,WE,Federal Contract Tower,2,8,3,3,16,0,3,26,9,38,2,11,29,12,54,4,22,26,80
09/01/2021,OTH,OR,ANM,WE,Federal Contract Tower,4,12,13,0,29,0,8,20,6,34,4,20,33,6,63,34,2,36,99
09/02/2021,OTH,OR,ANM,WE,Federal Contract Tower,2,8,10,3,23,0,2,8,1,11,2,10,18,4,34,30,0,30,64
09/03/2021,OTH,OR,ANM,WE,Federal Contract Tower,2,11,17,0,30,0,2,12,0,14,2,13,29,0,44,42,0,42,86
09/04/2021,OTH,OR,ANM,WE,Federal Contract Tower,2,5,8,0,15,0,7,20,2,29,2,12,28,2,44,0,0,0,44
09/05/2021,OTH,OR,ANM,WE,Federal Contract Tower,4,3,4,0,11,0,1,11,2,14,4,4,15,2,25,6,0,6,31
09/06/2021,OTH,OR,ANM,WE,Federal Contract Tower,2,2,10,0,14,0,0,13,2,15,2,2,23,2,29,0,0,0,29
09/07/2021,OTH,OR,ANM,WE,Federal Contract Tower,2,10,9,0,21,0,9,13,8,30,2,19,22,8,51,10,18,28,79
09/08/2021,OTH,OR,ANM,WE,Federal Contract Tower,4,14,17,0,35,0,1,11,0,12,4,15,28,0,47,62,0,62,109
09/09/2021,OTH,OR,ANM,WE,Federal Contract Tower,2,14,11,0,27,0,2,10,5,17,2,16,21,5,44,12,0,12,56
09/10/2021,OTH,OR,ANM,WE,Federal Contract Tower,2,9,11,4,26,0,5,8,4,17,2,14,19,8,43,2,22,24,67
09/11/2021,OTH,OR,ANM,WE,Federal Contract Tower,2,8,6,0,16,0,2,11,4,17,2,10,17,4,33,0,18,18,51
09/12/2021,OTH,OR,ANM,WE,Federal Contract Tower,5,11,6,0,22,0,1,4,3,8,5,12,10,3,30,0,6,6,36
09/13/2021,OTH,OR,ANM,WE,Federal Contract Tower,2,8,9,0,19,0,3,13,7,23,2,11,22,7,42,34,12,46,88
09/14/2021,OTH,OR,ANM,WE,Federal Contract Tower,2,8,2,0,12,0,6,26,5,37,2,14,28,5,49,42,0,42,91
09/15/2021,OTH,OR,ANM,WE,Federal Contract Tower,4,15,11,0,30,0,3,11,8,22,4,18,22,8,52,20,0,20,72
09/16/2021,OTH,OR,ANM,WE,Federal Contract Tower,2,3,14,0,19,0,4,21,4,29,2,7,35,4,48,54,0,54,102
09/17/2021,OTH,OR,ANM,WE,Federal Contract Tower,2,12,6,0,20,0,2,6,5,13,2,14,12,5,33,40,32,72,105
09/18/2021,OTH,OR,ANM,WE,Federal Contract Tower,2,9,7,0,18,0,0,0,2,2,2,9,7,2,20,0,0,0,20
09/19/2021,OTH,OR,ANM,WE,Federal Contract Tower,2,6,14,4,26,0,2,4,3,9,2,8,18,7,35,8,0,8,43
09/20/2021,OTH,OR,ANM,WE,Federal Contract Tower,5,3,5,0,13,0,5,15,9,29,5,8,20,9,42,48,10,58,100
09/21/2021,OTH,OR,ANM,WE,Federal Contract Tower,2,7,4,1,14,0,2,37,9,48,2,9,41,10,62,24,6,30,92
09/22/2021,OTH,OR,ANM,WE,Federal Contract Tower,4,12,9,0,25,0,4,10,8,22,4,16,19,8,47,18,4,22,69
09/23/2021,OTH,OR,ANM,WE,Federal Contract Tower,2,12,10,0,24,0,20,20,9,49,2,32,30,9,73,44,6,50,123
09/24/2021,OTH,OR,ANM,WE,Federal Contract Tower,2,5,5,0,12,0,7,15,6,28,2,12,20,6,40,4,2,6,46
09/25/2021,OTH,OR,ANM,WE,Federal Contract Tower,2,16,5,1,24,0,0,2,0,2,2,16,7,1,26,0,0,0,26
09/26/2021,OTH,OR,ANM,WE,Federal Contract Tower,4,8,8,0,20,0,0,10,7,17,4,8,18,7,37,38,4,42,79
09/27/2021,OTH,OR,ANM,WE,Federal Contract Tower,2,14,4,1,21,0,0,0,4,4,2,14,4,5,25,0,0,0,25
09/28/2021,OTH,OR,ANM,WE,Federal Contract Tower,2,9,5,0,16,0,2,21,17,40,2,11,26,17,56,2,2,4,60
09/29/2021,OTH,OR,ANM,WE,Federal Contract Tower,4,14,12,0,30,0,2,17,2,21,4,16,29,2,51,2,0,2,53
09/30/2021,OTH,OR,ANM,WE,Federal Contract Tower,2,19,7,0,28,0,0,2,12,14,2,19,9,12,42,16,14,30,72
10/01/2021,OTH,OR,ANM,WE,Federal Contract Tower,2,11,8,0,21,0,5,8,3,16,2,16,16,3,37,38,22,60,97
10/02/2021,OTH,OR,ANM,WE,Federal Contract Tower,2,13,5,0,20,0,2,19,4,25,2,15,24,4,45,24,0,24,69
10/03/2021,OTH,OR,ANM,WE,Federal Contract Tower,3,9,7,0,19,0,2,11,4,17,3,11,18,4,36,28,4,32,68
10/04/2021,OTH,OR,ANM,WE,Federal Contract Tower,2,13,2,2,19,0,1,11,2,14,2,14,13,4,33,0,0,0,33
10/05/2021,OTH,OR,ANM,WE,Federal Contract Tower,2,9,7,4,22,0,0,1,20,21,2,9,8,24,43,0,6,6,49
10/06/2021,OTH,OR,ANM,WE,Federal Contract Tower,2,9,3,0,14,0,5,7,14,26,2,14,10,14,40,8,6,14,54
10/07/2021,OTH,OR,ANM,WE,Federal Contract Tower,2,7,8,0,17,0,3,9,7,19,2,10,17,7,36,10,2,12,48
10/08/2021,OTH,OR,ANM,WE,Federal Contract Tower,2,8,5,0,15,0,5,7,5,17,2,13,12,5,32,6,12,18,50
10/09/2021,OTH,OR,ANM,WE,Federal Contract Tower,2,6,3,0,11,0,3,11,4,18,2,9,14,4,29,4,2,6,35
10/10/2021,OTH,OR,ANM,WE,Federal Contract Tower,2,11,5,0,18,0,0,7,4,11,2,11,12,4,29,72,20,92,121
10/11/2021,OTH,OR,ANM,WE,Federal Contract Tower,2,8,3,0,13,0,4,10,2,16,2,12,13,2,29,8,2,10,39
10/12/2021,OTH,OR,ANM,WE,Federal Contract Tower,2,6,16,0,24,0,2,20,5,27,2,8,36,5,51,4,0,4,55
10/13/2021,OTH,OR,ANM,WE,Federal Contract Tower,2,12,0,0,14,0,1,6,8,15,2,13,6,8,29,10,0,10,39
10/14/2021,OTH,OR,ANM,WE,Federal Contract Tower,2,13,14,1,30,0,1,6,7,14,2,14,20,8,44,0,4,4,48
10/15/2021,OTH,OR,ANM,WE,Federal Contract Tower,2,14,2,1,19,0,3,20,4,27,2,17,22,5,46,16,16,32,78
10/16/2021,OTH,OR,ANM,WE,Federal Contract Tower,2,2,10,0,14,0,6,19,4,29,2,8,29,4,43,42,6,48,91
10/17/2021,OTH,OR,ANM,WE,Federal Contract Tower,2,7,12,1,22,0,0,0,3,3,2,7,12,4,25,0,0,0,25
10/19/2021,OTH,OR,ANM,WE,Federal Contract Tower,2,12,5,1,20,0,3,24,8,35,2,15,29,9,55,76,4,80,135
10/20/2021,OTH,OR,ANM,WE,Federal Contract Tower,2,9,5,0,16,0,1,4,6,11,2,10,9,6,27,8,0,8,35
10/21/2021,OTH,OR,ANM,WE,Federal Contract Tower,0,9,1,3,13,0,1,4,3,8,0,10,5,6,21,18,0,18,39
10/22/2021,OTH,OR,ANM,WE,Federal Contract Tower,0,8,10,4,22,0,0,1,5,6,0,8,11,9,28,0,44,44,72
10/23/2021,OTH,OR,ANM,WE,Federal Contract Tower,4,10,2,0,16,0,0,3,2,5,4,10,5,2,21,12,0,12,33
10/24/2021,OTH,OR,ANM,WE,Federal Contract Tower,2,4,5,0,11,0,0,1,4,5,2,4,6,4,16,0,8,8,24
10/25/2021,OTH,OR,ANM,WE,Federal Contract Tower,2,5,7,0,14,0,0,3,4,7,2,5,10,4,21,2,0,2,23
10/26/2021,OTH,OR,ANM,WE,Federal Contract Tower,2,7,9,1,19,0,0,4,8,12,2,7,13,9,31,16,2,18,49
10/27/2021,OTH,OR,ANM,WE,Federal Contract Tower,2,12,14,6,34,0,1,11,7,19,2,13,25,13,53,54,14,68,121
10/28/2021,OTH,OR,ANM,WE,Federal Contract Tower,2,9,4,1,16,0,1,7,3,11,2,10,11,4,27,28,14,42,69
10/29/2021,OTH,OR,ANM,WE,Federal Contract Tower,2,8,16,4,30,0,2,4,3,9,2,10,20,7,39,8,42,50,89
10/30/2021,OTH,OR,ANM,WE,Federal Contract Tower,2,8,12,0,22,0,0,11,3,14,2,8,23,3,36,96,10,106,142
10/31/2021,OTH,OR,ANM,WE,Federal Contract Tower,0,8,6,0,14,0,2,8,3,13,0,10,14,3,27,24,14,38,65
11/01/2021,OTH,OR,ANM,WE,Federal Contract Tower,0,7,14,1,22,0,2,4,7,13,0,9,18,8,35,16,8,24,59
11/02/2021,OTH,OR,ANM,WE,Federal Contract Tower,0,5,12,1,18,0,4,27,30,61,0,9,39,31,79,70,0,70,149
11/03/2021,OTH,OR,ANM,WE,Federal Contract Tower,2,13,16,0,31,0,2,9,6,17,2,15,25,6,48,0,24,24,72
11/04/2021,OTH,OR,ANM,WE,Federal Contract Tower,2,8,14,0,24,0,1,0,7,8,2,9,14,7,32,0,6,6,38
11/05/2021,OTH,OR,ANM,WE,Federal Contract Tower,2,9,16,10,37,0,2,3,7,12,2,11,19,17,49,0,2,2,51
11/06/2021,OTH,OR,ANM,WE,Federal Contract Tower,0,6,2,0,8,0,2,7,6,15,0,8,9,6,23,24,8,32,55
11/07/2021,OTH,OR,ANM,WE,Federal Contract Tower,0,3,7,0,10,0,2,13,3,18,0,5,20,3,28,68,0,68,96
11/08/2021,OTH,OR,ANM,WE,Federal Contract Tower,0,8,4,0,12,0,0,25,12,37,0,8,29,12,49,6,0,6,55
11/09/2021,OTH,OR,ANM,WE,Federal Contract Tower,0,9,3,0,12,0,5,9,11,25,0,14,12,11,37,0,16,16,53
11/10/2021,OTH,OR,ANM,WE,Federal Contract Tower,2,8,14,0,24,0,2,4,8,14,2,10,18,8,38,12,0,12,50
11/11/2021,OTH,OR,ANM,WE,Federal Contract Tower,2,14,8,8,32,0,0,10,1,11,2,14,18,9,43,18,0,18,61
11/12/2021,OTH,OR,ANM,WE,Federal Contract Tower,0,7,1,0,8,0,0,0,0,0,0,7,1,0,8,0,0,0,8
11/13/2021,OTH,OR,ANM,WE,Federal Contract Tower,0,5,6,0,11,0,1,16,5,22,0,6,22,5,33,24,4,28,61
11/14/2021,OTH,OR,ANM,WE,Federal Contract Tower,0,6,13,3,22,0,0,6,3,9,0,6,19,6,31,4,0,4,35
11/15/2021,OTH,OR,ANM,WE,Federal Contract Tower,0,14,8,0,22,0,0,2,10,12,0,14,10,10,34,0,0,0,34
11/16/2021,OTH,OR,ANM,WE,Federal Contract Tower,0,7,4,0,11,0,3,26,9,38,0,10,30,9,49,2,10,12,61
11/17/2021,OTH,OR,ANM,WE,Federal Contract Tower,0,8,1,0,9,0,5,15,12,32,0,13,16,12,41,30,4,34,75
11/18/2021,OTH,OR,ANM,WE,Federal Contract Tower,0,7,10,0,17,0,2,8,4,14,0,9,18,4,31,0,2,2,33
11/19/2021,OTH,OR,ANM,WE,Federal Contract Tower,0,11,3,0,14,0,2,7,6,15,0,13,10,6,29,18,22,40,69
11/20/2021,OTH,OR,ANM,WE,Federal Contract Tower,0,4,6,0,10,0,0,37,5,42,0,4,43,5,52,8,28,36,88
11/21/2021,OTH,OR,ANM,WE,Federal Contract Tower,0,4,1,1,6,0,0,23,3,26,0,4,24,4,32,8,16,24,56
11/22/2021,OTH,OR,ANM,WE,Federal Contract Tower,0,3,8,0,11,0,2,10,8,20,0,5,18,8,31,18,2,20,51
11/23/2021,OTH,OR,ANM,WE,Federal Contract Tower,0,3,19,0,22,0,0,4,15,19,0,3,23,15,41,28,0,28,69
11/24/2021,OTH,OR,ANM,WE,Federal Contract Tower,0,6,3,0,9,0,4,14,10,28,0,10,17,10,37,42,2,44,81
11/25/2021,OTH,OR,ANM,WE,Federal Contract Tower,0,3,2,0,5,0,0,3,10,13,0,3,5,10,18,0,2,2,20
11/26/2021,OTH,OR,ANM,WE,Federal Contract Tower,0,11,2,0,13,0,0,0,0,0,0,11,2,0,13,0,0,0,13
11/27/2021,OTH,OR,ANM,WE,Federal Contract Tower,0,6,3,0,9,0,0,0,4,4,0,6,3,4,13,0,12,12,25
11/28/2021,OTH,OR,ANM,WE,Federal Contract Tower,0,1,6,1,8,0,0,0,3,3,0,1,6,4,11,0,0,0,11
11/29/2021,OTH,OR,ANM,WE,Federal Contract Tower,0,10,2,2,14,0,1,10,4,15,0,11,12,6,29,0,7,7,36
11/30/2021,OTH,OR,ANM,WE,Federal Contract Tower,0,10,7,1,18,0,8,1,16,25,0,18,8,17,43,22,18,40,83
12/01/2021,OTH,OR,ANM,WE,Federal Contract Tower,0,6,2,1,9,0,3,9,8,20,0,9,11,9,29,0,2,2,31
12/02/2021,OTH,OR,ANM,WE,Federal Contract Tower,0,10,12,0,22,0,0,2,6,8,0,10,14,6,30,0,2,2,32
12/03/2021,OTH,OR,ANM,WE,Federal Contract Tower,0,5,2,12,19,0,4,17,11,32,0,9,19,23,51,4,20,24,75
12/04/2021,OTH,OR,ANM,WE,Federal Contract Tower,0,8,5,0,13,0,0,0,6,6,0,8,5,6,19,0,2,2,21
12/05/2021,OTH,OR,ANM,WE,Federal Contract Tower,0,2,6,0,8,0,0,15,4,19,0,2,21,4,27,26,0,26,53
12/06/2021,OTH,OR,ANM,WE,Federal Contract Tower,0,6,3,0,9,0,2,2,7,11,0,8,5,7,20,12,12,24,44
12/07/2021,OTH,OR,ANM,WE,Federal Contract Tower,0,7,16,6,29,0,0,0,4,4,0,7,16,10,33,0,16,16,49
12/08/2021,OTH,OR,ANM,WE,Federal Contract Tower,0,11,2,1,14,0,2,0,5,7,0,13,2,6,21,0,20,20,41
12/09/2021,OTH,OR,ANM,WE,Federal Contract Tower,0,9,5,0,14,0,1,0,7,8,0,10,5,7,22,0,14,14,36
12/10/2021,OTH,OR,ANM,WE,Federal Contract Tower,0,8,5,0,13,0,1,6,3,10,0,9,11,3,23,30,26,56,79
12/11/2021,OTH,OR,ANM,WE,Federal Contract Tower,0,3,0,0,3,0,0,1,4,5,0,3,1,4,8,0,0,0,8
12/12/2021,OTH,OR,ANM,WE,Federal Contract Tower,0,0,5,0,5,0,0,1,5,6,0,0,6,5,11,0,6,6,17
12/13/2021,OTH,OR,ANM,WE,Federal Contract Tower,0,7,1,0,8,0,1,5,7,13,0,8,6,7,21,2,2,4,25
12/14/2021,OTH,OR,ANM,WE,Federal Contract Tower,0,8,4,0,12,0,4,12,7,23,0,12,16,7,35,14,0,14,49
12/15/2021,OTH,OR,ANM,WE,Federal Contract Tower,0,14,2,0,16,0,0,2,0,2,0,14,4,0,18,0,4,4,22
12/16/2021,OTH,OR,ANM,WE,Federal Contract Tower,0,11,3,13,27,0,1,2,8,11,0,12,5,21,38,10,6,16,54
12/17/2021,OTH,OR,ANM,WE,Federal Contract Tower,0,8,2,0,10,0,3,19,3,25,0,11,21,3,35,24,0,24,59
12/18/2021,OTH,OR,ANM,WE,Federal Contract Tower,0,6,2,0,8,0,0,7,3,10,0,6,9,3,18,14,0,14,32
12/19/2021,OTH,OR,ANM,WE,Federal Contract Tower,0,2,4,0,6,0,0,0,5,5,0,2,4,5,11,0,10,10,21
12/20/2021,OTH,OR,ANM,WE,Federal Contract Tower,0,7,2,2,11,0,0,0,4,4,0,7,2,6,15,0,0,0,15
12/21/2021,OTH,OR,ANM,WE,Federal Contract Tower,0,6,2,0,8,0,2,16,2,20,0,8,18,2,28,48,0,48,76
12/22/2021,OTH,OR,ANM,WE,Federal Contract Tower,0,8,2,0,10,0,2,6,5,13,0,10,8,5,23,28,0,28,51
12/23/2021,OTH,OR,ANM,WE,Federal Contract Tower,0,10,3,0,13,0,0,7,8,15,0,10,10,8,28,42,4,46,74
12/24/2021,OTH,OR,ANM,WE,Federal Contract Tower,0,8,0,0,8,0,0,0,4,4,0,8,0,4,12,0,0,0,12
12/25/2021,OTH,OR,ANM,WE,Federal Contract Tower,0,2,0,0,2,0,0,0,7,7,0,2,0,7,9,0,10,10,19
12/26/2021,OTH,OR,ANM,WE,Federal Contract Tower,0,4,1,0,5,0,0,0,5,5,0,4,1,5,10,0,22,22,32
12/27/2021,OTH,OR,ANM,WE,Federal Contract Tower,0,7,1,0,8,0,0,1,0,1,0,7,2,0,9,0,0,0,9
12/28/2021,OTH,OR,ANM,WE,Federal Contract Tower,0,7,2,0,9,0,1,5,9,15,0,8,7,9,24,12,14,26,50
12/29/2021,OTH,OR,ANM,WE,Federal Contract Tower,0,9,1,0,10,0,2,10,4,16,0,11,11,4,26,6,6,12,38
12/30/2021,OTH,OR,ANM,WE,Federal Contract Tower,0,10,0,2,12,0,1,1,3,5,0,11,1,5,17,0,0,0,17
12/31/2021,OTH,OR,ANM,WE,Federal Contract Tower,0,10,3,0,13,0,2,1,1,4,0,12,4,1,17,0,0,0,17
01/01/2022,OTH,OR,ANM,WE,Federal Contract Tower,0,1,3,3,7,0,1,22,4,27,0,2,25,7,34,4,0,4,38
01/02/2022,OTH,OR,ANM,WE,Federal Contract Tower,0,0,4,0,4,0,0,0,0,0,0,0,4,0,4,0,0,0,4
01/03/2022,OTH,OR,ANM,WE,Federal Contract Tower,0,5,3,0,8,0,1,0,3,4,0,6,3,3,12,0,0,0,12
01/04/2022,OTH,OR,ANM,WE,Federal Contract Tower,0,9,4,0,13,0,0,0,2,2,0,9,4,2,15,0,0,0,15
01/05/2022,OTH,OR,ANM,WE,Federal Contract Tower,0,9,4,4,17,0,0,0,4,4,0,9,4,8,21,0,8,8,29
01/06/2022,OTH,OR,ANM,WE,Federal Contract Tower,0,7,7,0,14,0,3,0,6,9,0,10,7,6,23,0,18,18,41
01/07/2022,OTH,OR,ANM,WE,Federal Contract Tower,0,11,1,0,12,0,0,1,9,10,0,11,2,9,22,0,34,34,56
01/08/2022,OTH,OR,ANM,WE,Federal Contract Tower,0,6,2,0,8,0,1,26,5,32,0,7,28,5,40,50,0,50,90
01/09/2022,OTH,OR,ANM,WE,Federal Contract Tower,0,4,2,0,6,0,0,35,7,42,0,4,37,7,48,36,8,44,92
01/10/2022,OTH,OR,ANM,WE,Federal Contract Tower,0,5,3,0,8,0,3,13,6,22,0,8,16,6,30,6,2,8,38
01/11/2022,OTH,OR,ANM,WE,Federal Contract Tower,0,1,3,1,5,0,5,4,3,12,0,6,7,4,17,2,0,2,19
01/12/2022,OTH,OR,ANM,WE,Federal Contract Tower,0,8,4,0,12,0,6,6,8,20,0,14,10,8,32,2,2,4,36
01/13/2022,OTH,OR,ANM,WE,Federal Contract Tower,0,8,0,26,34,0,0,0,0,0,0,8,0,26,34,0,0,0,34
01/14/2022,OTH,OR,ANM,WE,Federal Contract Tower,0,6,2,0,8,0,3,14,4,21,0,9,16,4,29,6,18,24,53
01/15/2022,OTH,OR,ANM,WE,Federal Contract Tower,0,2,2,1,5,0,1,23,5,29,0,3,25,6,34,14,6,20,54
01/16/2022,OTH,OR,ANM,WE,Federal Contract Tower,0,8,4,0,12,0,3,16,4,23,0,11,20,4,35,46,8,54,89
01/17/2022,OTH,OR,ANM,WE,Federal Contract Tower,0,8,9,10,27,0,0,2,0,2,0,8,11,10,29,0,0,0,29
01/18/2022,OTH,OR,ANM,WE,Federal Contract Tower,0,7,6,4,17,0,1,1,7,9,0,8,7,11,26,0,50,50,76
01/19/2022,OTH,OR,ANM,WE,Federal Contract Tower,0,7,6,1,14,0,1,3,11,15,0,8,9,12,29,24,12,36,65
01/20/2022,OTH,OR,ANM,WE,Federal Contract Tower,0,9,0,2,11,0,0,0,0,0,0,9,0,2,11,0,0,0,11
01/21/2022,OTH,OR,ANM,WE,Federal Contract Tower,0,6,4,0,10,0,6,20,9,35,0,12,24,9,45,0,0,0,45
01/22/2022,OTH,OR,ANM,WE,Federal Contract Tower,0,3,7,1,11,0,1,20,4,25,0,4,27,5,36,70,2,72,108
01/23/2022,OTH,OR,ANM,WE,Federal Contract Tower,0,2,0,0,2,0,0,26,4,30,0,2,26,4,32,42,8,50,82
01/24/2022,OTH,OR,ANM,WE,Federal Contract Tower,0,4,2,0,6,0,1,20,11,32,0,5,22,11,38,0,10,10,48
01/25/2022,OTH,OR,ANM,WE,Federal Contract Tower,0,6,0,0,6,0,1,20,12,33,0,7,20,12,39,36,4,40,79
01/26/2022,OTH,OR,ANM,WE,Federal Contract Tower,0,8,4,0,12,0,0,20,8,28,0,8,24,8,40,74,44,118,158
01/27/2022,OTH,OR,ANM,WE,Federal Contract Tower,0,9,6,1,16,0,4,20,5,29,0,13,26,6,45,70,4,74,119
01/28/2022,OTH,OR,ANM,WE,Federal Contract Tower,0,6,0,0,6,0,5,11,7,23,0,11,11,7,29,6,8,14,43
01/29/2022,OTH,OR,ANM,WE,Federal Contract Tower,0,4,0,0,4,0,2,25,4,31,0,6,25,4,35,24,10,34,69
01/30/2022,OTH,OR,ANM,WE,Federal Contract Tower,0,4,4,0,8,0,0,3,4,7,0,4,7,4,15,6,2,8,23
01/31/2022,OTH,OR,ANM,WE,Federal Contract Tower,0,7,2,1,10,0,1,9,18,28,0,8,11,19,38,12,8,20,58
02/01/2022,OTH,OR,ANM,WE,Federal Contract Tower,0,7,5,1,13,0,2,1,9,12,0,9,6,10,25,0,32,32,57
02/02/2022,OTH,OR,ANM,WE,Federal Contract Tower,0,9,3,0,12,0,0,3,8,11,0,9,6,8,23,10,26,36,59
02/03/2022,OTH,OR,ANM,WE,Federal Contract Tower,0,6,4,0,10,0,3,15,10,28,0,9,19,10,38,16,8,24,62
02/04/2022,OTH,OR,ANM,WE,Federal Contract Tower,0,12,10,4,26,0,1,2,7,10,0,13,12,11,36,0,38,38,74
02/05/2022,OTH,OR,ANM,WE,Federal Contract Tower,0,4,7,0,11,0,1,21,5,27,0,5,28,5,38,26,8,34,72
02/06/2022,OTH,OR,ANM,WE,Federal Contract Tower,0,3,6,0,9,0,2,30,3,35,0,5,36,3,44,16,0,16,60
02/07/2022,OTH,OR,ANM,WE,Federal Contract Tower,0,7,6,5,18,0,0,0,4,4,0,7,6,9,22,0,0,0,22
02/08/2022,OTH,OR,ANM,WE,Federal Contract Tower,0,7,2,0,9,0,3,11,7,21,0,10,13,7,30,0,0,0,30
02/09/2022,OTH,OR,ANM,WE,Federal Contract Tower,0,2,0,1,3,0,5,6,11,22,0,7,6,12,25,2,0,2,27
02/10/2022,OTH,OR,ANM,WE,Federal Contract Tower,0,10,3,0,13,0,4,18,0,22,0,14,21,0,35,16,0,16,51
02/11/2022,OTH,OR,ANM,WE,Federal Contract Tower,2,2,3,0,7,0,4,24,10,38,2,6,27,10,45,2,22,24,69
02/12/2022,OTH,OR,ANM,WE,Federal Contract Tower,0,5,7,0,12,0,7,19,3,29,0,12,26,3,41,6,2,8,49
02/13/2022,OTH,OR,ANM,WE,Federal Contract Tower,0,3,6,0,9,0,0,2,3,5,0,3,8,3,14,0,8,8,22
02/14/2022,OTH,OR,ANM,WE,Federal Contract Tower,0,6,4,0,10,0,1,0,4,5,0,7,4,4,15,0,0,0,15
02/15/2022,OTH,OR,ANM,WE,Federal Contract Tower,0,8,12,0,20,0,0,1,7,8,0,8,13,7,28,2,4,6,34
02/16/2022,OTH,OR,ANM,WE,Federal Contract Tower,0,11,6,0,17,0,1,2,4,7,0,12,8,4,24,0,0,0,24
02/17/2022,OTH,OR,ANM,WE,Federal Contract Tower,0,11,4,0,15,0,1,3,10,14,0,12,7,10,29,0,2,2,31
02/18/2022,OTH,OR,ANM,WE,Federal Contract Tower,0,9,5,0,14,0,3,17,11,31,0,12,22,11,45,0,48,48,93
02/19/2022,OTH,OR,ANM,WE,Federal Contract Tower,0,7,2,0,9,0,1,8,2,11,0,8,10,2,20,0,24,24,44
02/20/2022,OTH,OR,ANM,WE,Federal Contract Tower,0,6,1,0,7,0,0,7,4,11,0,6,8,4,18,0,4,4,22
02/21/2022,OTH,OR,ANM,WE,Federal Contract Tower,0,12,2,0,14,0,0,0,4,4,0,12,2,4,18,0,0,0,18
02/22/2022,OTH,OR,ANM,WE,Federal Contract Tower,0,6,3,0,9,0,2,24,4,30,0,8,27,4,39,12,0,12,51
02/23/2022,OTH,OR,ANM,WE,Federal Contract Tower,0,4,5,2,11,0,9,21,8,38,0,13,26,10,49,4,14,18,67
02/24/2022,OTH,OR,ANM,WE,Federal Contract Tower,0,11,0,2,13,0,3,20,8,31,0,14,20,10,44,6,0,6,50
02/25/2022,OTH,OR,ANM,WE,Federal Contract Tower,0,7,7,0,14,0,4,17,4,25,0,11,24,4,39,16,20,36,75
02/26/2022,OTH,OR,ANM,WE,Federal Contract Tower,0,8,1,0,9,0,2,4,2,8,0,10,5,2,17,4,0,4,21
02/27/2022,OTH,OR,ANM,WE,Federal Contract Tower,0,2,9,0,11,0,0,0,2,2,0,2,9,2,13,0,0,0,13
02/28/2022,OTH,OR,ANM,WE,Federal Contract Tower,0,4,1,0,5,0,0,0,2,2,0,4,1,2,7,0,0,0,7
03/01/2022,OTH,OR,ANM,WE,Federal Contract Tower,0,6,14,40,60,0,0,0,2,2,0,6,14,42,62,0,0,0,62
03/02/2022,OTH,OR,ANM,WE,Federal Contract Tower,0,10,3,0,13,0,0,0,2,2,0,10,3,2,15,0,4,4,19
03/03/2022,OTH,OR,ANM,WE,Federal Contract Tower,0,5,6,0,11,0,5,8,3,16,0,10,14,3,27,0,0,0,27
03/04/2022,OTH,OR,ANM,WE,Federal Contract Tower,0,8,6,1,15,0,1,3,4,8,0,9,9,5,23,0,8,8,31
03/05/2022,OTH,OR,ANM,WE,Federal Contract Tower,0,7,4,0,11,0,0,18,5,23,0,7,22,5,34,0,12,12,46
03/06/2022,OTH,OR,ANM,WE,Federal Contract Tower,0,5,10,0,15,0,0,0,0,0,0,5,10,0,15,24,0,24,39
03/07/2022,OTH,OR,ANM,WE,Federal Contract Tower,0,6,6,1,13,0,4,19,10,33,0,10,25,11,46,10,4,14,60
03/08/2022,OTH,OR,ANM,WE,Federal Contract Tower,0,4,4,0,8,0,2,13,12,27,0,6,17,12,35,4,36,40,75
03/09/2022,OTH,OR,ANM,WE,Federal Contract Tower,0,10,7,0,17,0,0,6,8,14,0,10,13,8,31,24,4,28,59
03/10/2022,OTH,OR,ANM,WE,Federal Contract Tower,0,4,5,0,9,0,3,28,3,34,0,7,33,3,43,22,0,22,65
03/11/2022,OTH,OR,ANM,WE,Federal Contract Tower,0,6,4,0,10,0,5,35,5,45,0,11,39,5,55,14,64,78,133
03/12/2022,OTH,OR,ANM,WE,Federal Contract Tower,0,6,2,0,8,0,1,0,8,9,0,7,2,8,17,0,12,12,29
03/13/2022,OTH,OR,ANM,WE,Federal Contract Tower,0,6,2,0,8,0,0,1,0,1,0,6,3,0,9,0,0,0,9
03/14/2022,OTH,OR,ANM,WE,Federal Contract Tower,0,9,1,0,10,0,0,8,6,14,0,9,9,6,24,24,0,24,48
03/15/2022,OTH,OR,ANM,WE,Federal Contract Tower,0,15,3,0,18,0,0,4,13,17,0,15,7,13,35,22,28,50,85
03/16/2022,OTH,OR,ANM,WE,Federal Contract Tower,0,13,11,0,24,0,8,12,6,26,0,21,23,6,50,22,14,36,86
03/17/2022,OTH,OR,ANM,WE,Federal Contract Tower,0,9,4,0,13,0,2,5,10,17,0,11,9,10,30,32,2,34,64
03/18/2022,OTH,OR,ANM,WE,Federal Contract Tower,0,11,11,27,49,0,2,6,4,12,0,13,17,31,61,14,40,54,115
03/19/2022,OTH,OR,ANM,WE,Federal Contract Tower,0,7,8,0,15,0,1,0,4,5,0,8,8,4,20,0,4,4,24
03/20/2022,OTH,OR,ANM,WE,Federal Contract Tower,0,2,3,2,7,0,0,10,4,14,0,2,13,6,21,18,50,68,89
03/21/2022,OTH,OR,ANM,WE,Federal Contract Tower,0,11,5,31,47,0,0,2,0,2,0,11,7,31,49,24,0,24,73
03/22/2022,OTH,OR,ANM,WE,Federal Contract Tower,0,8,8,0,16,0,2,34,9,45,0,10,42,9,61,42,18,60,121
03/23/2022,OTH,OR,ANM,WE,Federal Contract Tower,0,11,12,1,24,0,1,16,6,23,0,12,28,7,47,14,14,28,75
03/24/2022,OTH,OR,ANM,WE,Federal Contract Tower,0,9,8,2,19,0,4,33,8,45,0,13,41,10,64,14,0,14,78
03/25/2022,OTH,OR,ANM,WE,Federal Contract Tower,0,10,2,0,12,0,2,7,8,17,0,12,9,8,29,8,8,16,45
03/26/2022,OTH,OR,ANM,WE,Federal Contract Tower,0,7,0,0,7,0,8,12,5,25,0,15,12,5,32,0,0,0,32
03/27/2022,OTH,OR,ANM,WE,Federal Contract Tower,0,5,2,0,7,0,0,2,4,6,0,5,4,4,13,0,0,0,13
03/28/2022,OTH,OR,ANM,WE,Federal Contract Tower,0,8,4,2,14,0,0,4,4,8,0,8,8,6,22,12,8,20,42
03/29/2022,OTH,OR,ANM,WE,Federal Contract Tower,0,9,8,0,17,0,7,11,0,18,0,16,19,0,35,14,0,14,49
03/30/2022,OTH,OR,ANM,WE,Federal Contract Tower,0,12,4,0,16,0,1,4,12,17,0,13,8,12,33,0,0,0,33
03/31/2022,OTH,OR,ANM,WE,Federal Contract Tower,0,5,6,0,11,0,3,11,5,19,0,8,17,5,30,0,26,26,56
04/01/2022,OTH,OR,ANM,WE,Federal Contract Tower,0,6,4,0,10,0,3,18,6,27,0,9,22,6,37,4,14,18,55
04/02/2022,OTH,OR,ANM,WE,Federal Contract Tower,0,6,1,2,9,0,1,14,4,19,0,7,15,6,28,0,12,12,40
04/03/2022,OTH,OR,ANM,WE,Federal Contract Tower,0,3,4,0,7,0,0,9,4,13,0,3,13,4,20,4,0,4,24
04/04/2022,OTH,OR,ANM,WE,Federal Contract Tower,0,8,5,0,13,0,0,0,3,3,0,8,5,3,16,0,28,28,44
04/05/2022,OTH,OR,ANM,WE,Federal Contract Tower,0,6,3,0,9,0,4,14,11,29,0,10,17,11,38,24,86,110,148
04/06/2022,OTH,OR,ANM,WE,Federal Contract Tower,0,9,4,0,13,0,7,9,10,26,0,16,13,10,39,14,20,34,73
04/07/2022,OTH,OR,ANM,WE,Federal Contract Tower,0,10,4,0,14,0,4,39,11,54,0,14,43,11,68,22,24,46,114
04/08/2022,OTH,OR,ANM,WE,Federal Contract Tower,0,9,6,0,15,0,1,6,3,10,0,10,12,3,25,8,2,10,35
04/09/2022,OTH,OR,ANM,WE,Federal Contract Tower,0,4,4,0,8,0,1,5,4,10,0,5,9,4,18,0,12,12,30
04/10/2022,OTH,OR,ANM,WE,Federal Contract Tower,0,5,5,1,11,0,0,2,3,5,0,5,7,4,16,0,4,4,20
04/11/2022,OTH,OR,ANM,WE,Federal Contract Tower,0,8,2,0,10,0,1,0,6,7,0,9,2,6,17,0,30,30,47
04/12/2022,OTH,OR,ANM,WE,Federal Contract Tower,0,6,2,0,8,0,1,2,18,21,0,7,4,18,29,0,32,32,61
04/13/2022,OTH,OR,ANM,WE,Federal Contract Tower,0,15,7,0,22,0,1,3,10,14,0,16,10,10,36,18,30,48,84
04/14/2022,OTH,OR,ANM,WE,Federal Contract Tower,2,12,5,0,19,0,2,8,10,20,2,14,13,10,39,8,14,22,61
04/15/2022,OTH,OR,ANM,WE,Federal Contract Tower,0,10,9,0,19,0,3,4,5,12,0,13,13,5,31,2,16,18,49
04/16/2022,OTH,OR,ANM,WE,Federal Contract Tower,0,8,1,0,9,0,1,3,4,8,0,9,4,4,17,0,0,0,17
04/17/2022,OTH,OR,ANM,WE,Federal Contract Tower,0,4,3,0,7,0,0,11,4,15,0,4,14,4,22,8,2,10,32
04/18/2022,OTH,OR,ANM,WE,Federal Contract Tower,0,5,3,0,8,0,0,0,1,1,0,5,3,1,9,0,2,2,11
04/19/2022,OTH,OR,ANM,WE,Federal Contract Tower,0,8,4,0,12,0,1,4,10,15,0,9,8,10,27,8,18,26,53
04/20/2022,OTH,OR,ANM,WE,Federal Contract Tower,0,9,7,0,16,0,1,2,9,12,0,10,9,9,28,0,0,0,28
04/21/2022,OTH,OR,ANM,WE,Federal Contract Tower,0,8,2,0,10,0,0,3,10,13,0,8,5,10,23,2,8,10,33
04/22/2022,OTH,OR,ANM,WE,Federal Contract Tower,0,4,2,0,6,0,5,9,5,19,0,9,11,5,25,0,4,4,29
04/23/2022,OTH,OR,ANM,WE,Federal Contract Tower,0,2,2,2,6,0,2,18,3,23,0,4,20,5,29,0,4,4,33
04/24/2022,OTH,OR,ANM,WE,Federal Contract Tower,0,2,6,0,8,0,1,7,4,12,0,3,13,4,20,0,0,0,20
04/25/2022,OTH,OR,ANM,WE,Federal Contract Tower,0,5,8,0,13,0,1,7,5,13,0,6,15,5,26,0,0,0,26
04/26/2022,OTH,OR,ANM,WE,Federal Contract Tower,0,10,6,0,16,0,3,2,16,21,0,13,8,16,37,22,8,30,67
04/27/2022,OTH,OR,ANM,WE,Federal Contract Tower,0,4,2,0,6,0,4,18,2,24,0,8,20,2,30,42,0,42,72
04/28/2022,OTH,OR,ANM,WE,Federal Contract Tower,2,9,11,0,22,0,0,4,9,13,2,9,15,9,35,0,30,30,65
04/29/2022,OTH,OR,ANM,WE,Federal Contract Tower,0,12,4,0,16,0,1,4,5,10,0,13,8,5,26,0,8,8,34
04/30/2022,OTH,OR,ANM,WE,Federal Contract Tower,0,8,9,0,17,0,1,0,7,8,0,9,9,7,25,0,0,0,25
05/01/2022,OTH,OR,ANM,WE,Federal Contract Tower,2,10,9,0,21,0,1,29,4,34,2,11,38,4,55,32,0,32,87
05/02/2022,OTH,OR,ANM,WE,Federal Contract Tower,0,6,6,1,13,0,0,0,4,4,0,6,6,5,17,0,10,10,27
05/03/2022,OTH,OR,ANM,WE,Federal Contract Tower,0,12,5,1,18,0,4,2,7,13,0,16,7,8,31,0,4,4,35
05/04/2022,OTH,OR,ANM,WE,Federal Contract Tower,0,8,13,1,22,0,15,25,3,43,0,23,38,4,65,30,2,32,97
05/05/2022,OTH,OR,ANM,WE,Federal Contract Tower,0,16,2,1,19,0,0,0,9,9,0,16,2,10,28,0,26,26,54
05/06/2022,OTH,OR,ANM,WE,Federal Contract Tower,0,15,4,0,19,0,0,0,0,0,0,15,4,0,19,0,0,0,19
05/07/2022,OTH,OR,ANM,WE,Federal Contract Tower,0,13,9,0,22,0,1,1,3,5,0,14,10,3,27,0,0,0,27
05/08/2022,OTH,OR,ANM,WE,Federal Contract Tower,4,2,4,0,10,0,1,1,4,6,4,3,5,4,16,0,0,0,16
05/09/2022,OTH,OR,ANM,WE,Federal Contract Tower,0,14,7,0,21,0,2,3,3,8,0,16,10,3,29,10,0,10,39
05/10/2022,OTH,OR,ANM,WE,Federal Contract Tower,0,6,7,0,13,0,5,24,5,34,0,11,31,5,47,24,0,24,71
05/11/2022,OTH,OR,ANM,WE,Federal Contract Tower,4,9,9,0,22,0,3,13,3,19,4,12,22,3,41,0,0,0,41
05/12/2022,OTH,OR,ANM,WE,Federal Contract Tower,2,8,6,0,16,0,0,0,4,4,2,8,6,4,20,0,10,10,30
05/13/2022,OTH,OR,ANM,WE,Federal Contract Tower,0,12,5,17,34,0,0,4,1,5,0,12,9,18,39,8,0,8,47
05/14/2022,OTH,OR,ANM,WE,Federal Contract Tower,0,7,4,0,11,0,0,0,2,2,0,7,4,2,13,0,0,0,13
05/15/2022,OTH,OR,ANM,WE,Federal Contract Tower,3,9,8,4,24,0,0,1,2,3,3,9,9,6,27,0,0,0,27
05/16/2022,OTH,OR,ANM,WE,Federal Contract Tower,0,11,9,0,20,0,1,15,3,19,0,12,24,3,39,24,0,24,63
05/17/2022,OTH,OR,ANM,WE,Federal Contract Tower,1,10,14,0,25,0,2,34,9,45,1,12,48,9,70,12,0,12,82
05/18/2022,OTH,OR,ANM,WE,Federal Contract Tower,4,6,5,4,19,0,0,0,4,4,4,6,5,8,23,0,0,0,23
05/19/2022,OTH,OR,ANM,WE,Federal Contract Tower,3,9,6,0,18,0,7,10,12,29,3,16,16,12,47,36,0,36,83
05/20/2022,OTH,OR,ANM,WE,Federal Contract Tower,0,8,5,0,13,0,6,12,7,25,0,14,17,7,38,0,2,2,40
05/21/2022,OTH,OR,ANM,WE,Federal Contract Tower,0,4,8,2,14,0,4,7,5,16,0,8,15,7,30,2,0,2,32
05/22/2022,OTH,OR,ANM,WE,Federal Contract Tower,4,5,14,0,23,0,0,8,3,11,4,5,22,3,34,0,2,2,36
05/23/2022,OTH,OR,ANM,WE,Federal Contract Tower,0,14,3,0,17,0,4,13,3,20,0,18,16,3,37,0,0,0,37
05/24/2022,OTH,OR,ANM,WE,Federal Contract Tower,0,8,3,0,11,0,3,20,9,32,0,11,23,9,43,44,0,44,87
05/25/2022,OTH,OR,ANM,WE,Federal Contract Tower,4,7,7,0,18,0,2,22,10,34,4,9,29,10,52,10,8,18,70
05/26/2022,OTH,OR,ANM,WE,Federal Contract Tower,2,8,10,0,20,0,2,13,4,19,2,10,23,4,39,0,0,0,39
05/27/2022,OTH,OR,ANM,WE,Federal Contract Tower,0,10,14,0,24,0,1,3,4,8,0,11,17,4,32,4,0,4,36
05/28/2022,OTH,OR,ANM,WE,Federal Contract Tower,0,8,3,4,15,0,0,0,6,6,0,8,3,10,21,0,0,0,21
05/29/2022,OTH,OR,ANM,WE,Federal Contract Tower,4,3,3,0,10,0,0,1,8,9,4,3,4,8,19,0,0,0,19
05/30/2022,OTH,OR,ANM,WE,Federal Contract Tower,0,3,17,0,20,0,0,8,2,10,0,3,25,2,30,0,0,0,30
05/31/2022,OTH,OR,ANM,WE,Federal Contract Tower,0,12,9,0,21,0,4,6,5,15,0,16,15,5,36,0,0,0,36
06/01/2022,OTH,OR,ANM,WE,Federal Contract Tower,4,10,20,1,35,0,3,8,8,19,4,13,28,9,54,0,0,0,54
06/02/2022,OTH,OR,ANM,WE,Federal Contract Tower,2,11,5,0,18,0,2,8,4,14,2,13,13,4,32,4,0,4,36
06/03/2022,OTH,OR,ANM,WE,Federal Contract Tower,0,16,2,0,18,0,0,0,2,2,0,16,2,2,20,0,4,4,24
06/04/2022,OTH,OR,ANM,WE,Federal Contract Tower,2,8,2,0,12,0,0,1,5,6,2,8,3,5,18,0,0,0,18
06/05/2022,OTH,OR,ANM,WE,Federal Contract Tower,4,9,9,1,23,0,0,0,6,6,4,9,9,7,29,0,0,0,29
06/06/2022,OTH,OR,ANM,WE,Federal Contract Tower,2,8,3,0,13,0,3,12,3,18,2,11,15,3,31,0,0,0,31
06/07/2022,OTH,OR,ANM,WE,Federal Contract Tower,2,7,9,1,19,0,2,6,11,19,2,9,15,12,38,2,0,2,40
06/08/2022,OTH,OR,ANM,WE,Federal Contract Tower,4,13,9,4,30,0,5,9,0,14,4,18,18,4,44,14,0,14,58
06/09/2022,OTH,OR,ANM,WE,Federal Contract Tower,2,6,7,0,15,0,4,7,6,17,2,10,14,6,32,4,0,4,36
06/10/2022,OTH,OR,ANM,WE,Federal Contract Tower,2,12,3,16,33,0,0,0,0,0,2,12,3,16,33,0,2,2,35
06/11/2022,OTH,OR,ANM,WE,Federal Contract Tower,2,15,7,1,25,0,0,0,0,0,2,15,7,1,25,0,0,0,25
06/12/2022,OTH,OR,ANM,WE,Federal Contract Tower,4,11,3,0,18,0,0,2,2,4,4,11,5,2,22,0,0,0,22
06/13/2022,OTH,OR,ANM,WE,Federal Contract Tower,2,9,11,0,22,0,1,2,4,7,2,10,13,4,29,0,0,0,29
06/14/2022,OTH,OR,ANM,WE,Federal Contract Tower,2,8,8,1,19,0,1,5,7,13,2,9,13,8,32,0,8,8,40
06/15/2022,OTH,OR,ANM,WE,Federal Contract Tower,0,16,6,0,22,0,1,17,13,31,0,17,23,13,53,0,0,0,53
06/16/2022,OTH,OR,ANM,WE,Federal Contract Tower,2,8,8,0,18,0,3,12,3,18,2,11,20,3,36,20,2,22,58
06/17/2022,OTH,OR,ANM,WE,Federal Contract Tower,2,8,15,0,25,0,1,3,6,10,2,9,18,6,35,0,0,0,35
06/18/2022,OTH,OR,ANM,WE,Federal Contract Tower,2,8,1,0,11,0,2,8,4,14,2,10,9,4,25,2,0,2,27
06/19/2022,OTH,OR,ANM,WE,Federal Contract Tower,3,6,17,1,27,0,0,2,2,4,3,6,19,3,31,0,10,10,41
06/20/2022,OTH,OR,ANM,WE,Federal Contract Tower,1,5,4,0,10,0,7,8,2,17,1,12,12,2,27,0,0,0,27
06/21/2022,OTH,OR,ANM,WE,Federal Contract Tower,2,7,3,0,12,0,3,11,6,20,2,10,14,6,32,14,0,14,46
06/22/2022,OTH,OR,ANM,WE,Federal Contract Tower,4,5,4,8,21,0,1,1,4,6,4,6,5,12,27,0,0,0,27
06/23/2022,OTH,OR,ANM,WE,Federal Contract Tower,2,3,4,0,9,0,7,12,3,22,2,10,16,3,31,0,0,0,31
06/24/2022,OTH,OR,ANM,WE,Federal Contract Tower,2,5,5,0,12,0,2,13,6,21,2,7,18,6,33,4,0,4,37
06/25/2022,OTH,OR,ANM,WE,Federal Contract Tower,2,3,1,0,6,0,3,21,2,26,2,6,22,2,32,6,2,8,40
06/26/2022,OTH,OR,ANM,WE,Federal Contract Tower,4,2,13,0,19,0,1,23,3,27,4,3,36,3,46,0,0,0,46
06/27/2022,OTH,OR,ANM,WE,Federal Contract Tower,2,8,6,11,27,0,1,2,4,7,2,9,8,15,34,0,14,14,48
06/28/2022,OTH,OR,ANM,WE,Federal Contract Tower,2,10,6,0,18,0,1,0,5,6,2,11,6,5,24,0,0,0,24
06/29/2022,OTH,OR,ANM,WE,Federal Contract Tower,4,14,3,0,21,0,6,4,6,16,4,20,7,6,37,4,0,4,41
06/30/2022,OTH,OR,ANM,WE,Federal Contract Tower,2,5,8,0,15,0,1,6,5,12,2,6,14,5,27,8,0,8,35
07/01/2022,OTH,OR,ANM,WE,Federal Contract Tower,2,6,5,0,13,0,0,1,3,4,2,6,6,3,17,0,8,8,25
07/02/2022,OTH,OR,ANM,WE,Federal Contract Tower,2,7,6,0,15,0,0,0,4,4,2,7,6,4,19,0,6,6,25
07/03/2022,OTH,OR,ANM,WE,Federal Contract Tower,4,7,4,0,15,0,1,6,5,12,4,8,10,5,27,6,0,6,33
07/04/2022,OTH,OR,ANM,WE,Federal Contract Tower,2,0,2,1,5,0,0,8,6,14,2,0,10,7,19,0,0,0,19
07/05/2022,OTH,OR,ANM,WE,Federal Contract Tower,2,7,4,0,13,0,1,4,0,5,2,8,8,0,18,0,8,8,26
07/06/2022,OTH,OR,ANM,WE,Federal Contract Tower,4,12,4,1,21,0,1,3,10,14,4,13,7,11,35,16,8,24,59
07/07/2022,OTH,OR,ANM,WE,Federal Contract Tower,2,4,8,0,14,0,2,11,6,19,2,6,19,6,33,24,4,28,61
07/08/2022,OTH,OR,ANM,WE,Federal Contract Tower,2,3,3,0,8,0,5,13,9,27,2,8,16,9,35,32,10,42,77
07/09/2022,OTH,OR,ANM,WE,Federal Contract Tower,2,5,5,0,12,0,2,19,4,25,2,7,24,4,37,38,0,38,75
07/10/2022,OTH,OR,ANM,WE,Federal Contract Tower,4,7,1,0,12,0,7,15,3,25,4,14,16,3,37,30,0,30,67
07/11/2022,OTH,OR,ANM,WE,Federal Contract Tower,2,2,0,0,4,0,2,21,4,27,2,4,21,4,31,28,0,28,59
07/12/2022,OTH,OR,ANM,WE,Federal Contract Tower,4,6,6,0,16,0,0,0,2,2,4,6,6,2,18,0,0,0,18
07/13/2022,OTH,OR,ANM,WE,Federal Contract Tower,4,7,0,0,11,0,6,11,15,32,4,13,11,15,43,6,0,6,49
07/14/2022,OTH,OR,ANM,WE,Federal Contract Tower,2,5,9,0,16,0,4,15,4,23,2,9,24,4,39,0,0,0,39
07/15/2022,OTH,OR,ANM,WE,Federal Contract Tower,2,7,6,2,17,0,4,22,10,36,2,11,28,12,53,32,10,42,95
07/16/2022,OTH,OR,ANM,WE,Federal Contract Tower,2,9,9,4,24,0,1,3,0,4,2,10,12,4,28,0,0,0,28
07/17/2022,OTH,OR,ANM,WE,Federal Contract Tower,4,5,11,0,20,0,0,13,2,15,4,5,24,2,35,0,6,6,41
07/18/2022,OTH,OR,ANM,WE,Federal Contract Tower,2,9,1,0,12,0,0,4,6,10,2,9,5,6,22,16,2,18,40
07/19/2022,OTH,OR,ANM,WE,Federal Contract Tower,2,8,8,1,19,0,0,4,6,10,2,8,12,7,29,32,6,38,67
07/20/2022,OTH,OR,ANM,WE,Federal Contract Tower,4,19,7,4,34,0,0,0,1,1,4,19,7,5,35,0,0,0,35
07/21/2022,OTH,OR,ANM,WE,Federal Contract Tower,2,8,21,0,31,0,3,8,8,19,2,11,29,8,50,22,0,22,72
07/22/2022,OTH,OR,ANM,WE,Federal Contract Tower,2,8,9,0,19,0,3,16,12,31,2,11,25,12,50,22,8,30,80
07/23/2022,OTH,OR,ANM,WE,Federal Contract Tower,2,6,5,0,13,0,0,8,2,10,2,6,13,2,23,0,0,0,23
07/24/2022,OTH,OR,ANM,WE,Federal Contract Tower,4,2,1,0,7,0,2,9,1,12,4,4,10,1,19,2,0,2,21
07/25/2022,OTH,OR,ANM,WE,Federal Contract Tower,2,3,2,1,8,0,3,5,3,11,2,6,7,4,19,0,2,2,21
07/26/2022,OTH,OR,ANM,WE,Federal Contract Tower,2,7,2,0,11,0,1,3,4,8,2,8,5,4,19,10,8,18,37
07/27/2022,OTH,OR,ANM,WE,Federal Contract Tower,4,11,8,0,23,0,2,8,6,16,4,13,16,6,39,4,0,4,43
07/28/2022,OTH,OR,ANM,WE,Federal Contract Tower,2,11,10,0,23,0,1,8,9,18,2,12,18,9,41,4,20,24,65
07/29/2022,OTH,OR,ANM,WE,Federal Contract Tower,2,16,14,0,32,0,2,12,3,17,2,18,26,3,49,6,6,12,61
07/30/2022,OTH,OR,ANM,WE,Federal Contract Tower,2,11,13,13,39,0,2,2,2,6,2,13,15,15,45,0,0,0,45
08/01/2022,OTH,OR,ANM,WE,Federal Contract Tower,2,14,11,5,32,0,0,3,3,6,2,14,14,8,38,0,4,4,42
08/02/2022,OTH,OR,ANM,WE,Federal Contract Tower,2,10,5,5,22,0,3,17,12,32,2,13,22,17,54,12,8,20,74
08/03/2022,OTH,OR,ANM,WE,Federal Contract Tower,4,11,13,1,29,0,0,17,1,18,4,11,30,2,47,14,0,14,61
08/04/2022,OTH,OR,ANM,WE,Federal Contract Tower,2,7,10,0,19,0,1,21,3,25,2,8,31,3,44,22,0,22,66
08/05/2022,OTH,OR,ANM,WE,Federal Contract Tower,2,5,9,0,16,0,2,14,3,19,2,7,23,3,35,16,6,22,57
08/06/2022,OTH,OR,ANM,WE,Federal Contract Tower,2,11,1,1,15,0,1,8,2,11,2,12,9,3,26,0,26,26,52
08/07/2022,OTH,OR,ANM,WE,Federal Contract Tower,4,10,15,0,29,0,3,4,4,11,4,13,19,4,40,0,6,6,46
08/08/2022,OTH,OR,ANM,WE,Federal Contract Tower,2,9,12,0,23,0,0,1,4,5,2,9,13,4,28,0,0,0,28
08/09/2022,OTH,OR,ANM,WE,Federal Contract Tower,2,14,14,1,31,0,0,8,8,16,2,14,22,9,47,36,30,66,113
08/10/2022,OTH,OR,ANM,WE,Federal Contract Tower,4,12,1,0,17,0,2,19,13,34,4,14,20,13,51,38,8,46,97
08/11/2022,OTH,OR,ANM,WE,Federal Contract Tower,2,11,17,1,31,0,1,5,1,7,2,12,22,2,38,18,0,18,56
08/12/2022,OTH,OR,ANM,WE,Federal Contract Tower,2,10,7,0,19,0,0,4,7,11,2,10,11,7,30,0,4,4,34
08/13/2022,OTH,OR,ANM,WE,Federal Contract Tower,2,9,0,0,11,0,1,7,8,16,2,10,7,8,27,2,24,26,53
08/14/2022,OTH,OR,ANM,WE,Federal Contract Tower,4,5,8,1,18,0,1,24,2,27,4,6,32,3,45,42,0,42,87
08/15/2022,OTH,OR,ANM,WE,Federal Contract Tower,0,5,6,0,11,0,4,12,4,20,0,9,18,4,31,76,10,86,117
08/16/2022,OTH,OR,ANM,WE,Federal Contract Tower,4,5,5,0,14,0,3,12,4,19,4,8,17,4,33,70,34,104,137
08/17/2022,OTH,OR,ANM,WE,Federal Contract Tower,4,10,4,7,25,0,5,12,12,29,4,15,16,19,54,0,0,0,54
08/18/2022,OTH,OR,ANM,WE,Federal Contract Tower,2,16,22,4,44,0,0,0,1,1,2,16,22,5,45,0,0,0,45
08/19/2022,OTH,OR,ANM,WE,Federal Contract Tower,2,14,12,2,30,0,0,0,2,2,2,14,12,4,32,0,6,6,38
08/20/2022,OTH,OR,ANM,WE,Federal Contract Tower,2,10,2,0,14,0,2,18,2,22,2,12,20,2,36,10,8,18,54
08/21/2022,OTH,OR,ANM,WE,Federal Contract Tower,4,13,12,0,29,0,1,5,3,9,4,14,17,3,38,0,12,12,50
08/22/2022,OTH,OR,ANM,WE,Federal Contract Tower,2,12,17,0,31,0,0,5,4,9,2,12,22,4,40,0,0,0,40
08/23/2022,OTH,OR,ANM,WE,Federal Contract Tower,2,13,6,28,49,0,0,9,6,15,2,13,15,34,64,36,4,40,104
08/24/2022,OTH,OR,ANM,WE,Federal Contract Tower,4,15,15,7,41,0,0,10,7,17,4,15,25,14,58,52,0,52,110
08/25/2022,OTH,OR,ANM,WE,Federal Contract Tower,2,17,7,3,29,0,0,3,3,6,2,17,10,6,35,2,8,10,45
08/26/2022,OTH,OR,ANM,WE,Federal Contract Tower,2,15,2,4,23,0,0,4,7,11,2,15,6,11,34,0,20,20,54
08/27/2022,OTH,OR,ANM,WE,Federal Contract Tower,2,12,6,0,20,0,2,7,2,11,2,14,13,2,31,8,8,16,47
08/28/2022,OTH,OR,ANM,WE,Federal Contract Tower,5,9,11,1,26,0,0,7,2,9,5,9,18,3,35,0,4,4,39
08/29/2022,OTH,OR,ANM,WE,Federal Contract Tower,2,8,7,0,17,0,1,15,7,23,2,9,22,7,40,16,8,24,64
08/30/2022,OTH,OR,ANM,WE,Federal Contract Tower,3,7,5,0,15,0,3,10,13,26,3,10,15,13,41,4,0,4,45
08/31/2022,OTH,OR,ANM,WE,Federal Contract Tower,4,8,20,2,34,0,2,13,6,21,4,10,33,8,55,12,0,12,67
09/01/2022,OTH,OR,ANM,WE,Federal Contract Tower,2,11,10,2,25,0,2,7,3,12,2,13,17,5,37,0,0,0,37
09/02/2022,OTH,OR,ANM,WE,Federal Contract Tower,2,9,10,5,26,0,0,1,2,3,2,9,11,7,29,2,0,2,31
09/03/2022,OTH,OR,ANM,WE,Federal Contract Tower,2,13,3,2,20,0,3,13,2,18,2,16,16,4,38,0,2,2,40
09/04/2022,OTH,OR,ANM,WE,Federal Contract Tower,4,10,2,0,16,0,0,9,1,10,4,10,11,1,26,0,0,0,26
09/05/2022,OTH,OR,ANM,WE,Federal Contract Tower,2,6,6,0,14,0,1,9,4,14,2,7,15,4,28,2,0,2,30
09/06/2022,OTH,OR,ANM,WE,Federal Contract Tower,2,4,8,2,16,0,5,26,5,36,2,9,34,7,52,54,0,54,106
09/07/2022,OTH,OR,ANM,WE,Federal Contract Tower,8,3,6,1,18,0,4,12,5,21,8,7,18,6,39,0,14,14,53
09/08/2022,OTH,OR,ANM,WE,Federal Contract Tower,2,9,7,0,18,0,4,19,8,31,2,13,26,8,49,2,2,4,53
09/09/2022,OTH,OR,ANM,WE,Federal Contract Tower,3,4,6,0,13,0,1,6,5,12,3,5,12,5,25,2,0,2,27
09/10/2022,OTH,OR,ANM,WE,Federal Contract Tower,2,10,8,2,22,0,0,2,0,2,2,10,10,2,24,0,0,0,24
09/11/2022,OTH,OR,ANM,WE,Federal Contract Tower,5,4,13,0,22,0,0,3,3,6,5,4,16,3,28,0,0,0,28
09/12/2022,OTH,OR,ANM,WE,Federal Contract Tower,2,4,6,0,12,0,0,14,4,18,2,4,20,4,30,2,0,2,32
09/13/2022,OTH,OR,ANM,WE,Federal Contract Tower,2,10,12,3,27,0,1,5,10,16,2,11,17,13,43,0,0,0,43
09/14/2022,OTH,OR,ANM,WE,Federal Contract Tower,4,9,10,0,23,0,0,0,2,2,4,9,10,2,25,0,0,0,25
09/15/2022,OTH,OR,ANM,WE,Federal Contract Tower,2,14,4,0,20,0,2,7,4,13,2,16,11,4,33,0,24,24,57
09/16/2022,OTH,OR,ANM,WE,Federal Contract Tower,2,10,11,0,23,0,4,15,4,23,2,14,26,4,46,2,0,2,48
09/17/2022,OTH,OR,ANM,WE,Federal Contract Tower,2,6,8,0,16,0,1,18,4,23,2,7,26,4,39,0,0,0,39
09/18/2022,OTH,OR,ANM,WE,Federal Contract Tower,4,17,12,0,33,0,3,19,3,25,4,20,31,3,58,18,0,18,76
09/19/2022,OTH,OR,ANM,WE,Federal Contract Tower,2,13,5,0,20,0,2,14,10,26,2,15,19,10,46,46,4,50,96
09/20/2022,OTH,OR,ANM,WE,Federal Contract Tower,2,15,3,4,24,0,2,7,7,16,2,17,10,11,40,62,0,62,102
09/21/2022,OTH,OR,ANM,WE,Federal Contract Tower,4,18,7,2,31,0,2,5,6,13,4,20,12,8,44,0,0,0,44
09/22/2022,OTH,OR,ANM,WE,Federal Contract Tower,2,15,12,4,33,0,0,9,8,17,2,15,21,12,50,10,0,10,60
09/23/2022,OTH,OR,ANM,WE,Federal Contract Tower,2,8,5,0,15,0,0,9,8,17,2,8,14,8,32,0,14,14,46
09/24/2022,OTH,OR,ANM,WE,Federal Contract Tower,2,10,9,0,21,0,0,16,4,20,2,10,25,4,41,0,6,6,47
09/25/2022,OTH,OR,ANM,WE,Federal Contract Tower,4,8,4,0,16,0,0,5,2,7,4,8,9,2,23,0,0,0,23
09/26/2022,OTH,OR,ANM,WE,Federal Contract Tower,2,7,14,10,33,0,0,0,0,0,2,7,14,10,33,0,0,0,33
09/27/2022,OTH,OR,ANM,WE,Federal Contract Tower,2,16,7,2,27,0,0,12,8,20,2,16,19,10,47,10,0,10,57
09/28/2022,OTH,OR,ANM,WE,Federal Contract Tower,4,13,4,1,22,0,0,8,9,17,4,13,12,10,39,0,4,4,43
09/29/2022,OTH,OR,ANM,WE,Federal Contract Tower,2,14,7,5,28,0,1,1,7,9,2,15,8,12,37,0,20,20,57
09/30/2022,OTH,OR,ANM,WE,Federal Contract Tower,2,8,0,0,10,0,1,4,8,13,2,9,4,8,23,0,8,8,31
10/01/2022,OTH,OR,ANM,WE,Federal Contract Tower,2,14,7,0,23,0,0,6,4,10,2,14,13,4,33,2,0,2,35
10/02/2022,OTH,OR,ANM,WE,Federal Contract Tower,2,9,18,1,30,0,0,1,0,1,2,9,19,1,31,0,0,0,31
10/03/2022,OTH,OR,ANM,WE,Federal Contract Tower,2,14,6,2,24,0,0,0,2,2,2,14,6,4,26,0,0,0,26
10/04/2022,OTH,OR,ANM,WE,Federal Contract Tower,2,10,8,1,21,0,0,0,4,4,2,10,8,5,25,0,0,0,25
10/05/2022,OTH,OR,ANM,WE,Federal Contract Tower,2,12,5,0,19,0,2,4,0,6,2,14,9,0,25,0,0,0,25
10/06/2022,OTH,OR,ANM,WE,Federal Contract Tower,2,5,8,0,15,0,0,0,0,0,2,5,8,0,15,0,0,0,15
10/07/2022,OTH,OR,ANM,WE,Federal Contract Tower,2,11,10,0,23,0,0,0,0,0,2,11,10,0,23,0,0,0,23
10/08/2022,OTH,OR,ANM,WE,Federal Contract Tower,2,6,4,0,12,0,0,0,0,0,2,6,4,0,12,0,0,0,12
10/09/2022,OTH,OR,ANM,WE,Federal Contract Tower,2,9,8,0,19,0,0,2,0,2,2,9,10,0,21,0,0,0,21
10/10/2022,OTH,OR,ANM,WE,Federal Contract Tower,2,5,12,0,19,0,0,0,0,0,2,5,12,0,19,0,0,0,19
10/11/2022,OTH,OR,ANM,WE,Federal Contract Tower,2,2,2,2,8,0,4,6,8,18,2,6,8,10,26,12,4,16,42
10/12/2022,OTH,OR,ANM,WE,Federal Contract Tower,2,4,5,0,11,0,7,18,2,27,2,11,23,2,38,6,4,10,48
10/13/2022,OTH,OR,ANM,WE,Federal Contract Tower,2,6,12,1,21,0,3,3,6,12,2,9,15,7,33,8,8,16,49
10/14/2022,OTH,OR,ANM,WE,Federal Contract Tower,2,7,10,2,21,0,3,5,2,10,2,10,15,4,31,2,0,2,33
10/15/2022,OTH,OR,ANM,WE,Federal Contract Tower,2,8,5,6,21,0,2,8,1,11,2,10,13,7,32,0,0,0,32
10/16/2022,OTH,OR,ANM,WE,Federal Contract Tower,2,9,5,0,16,0,0,4,4,8,2,9,9,4,24,0,16,16,40
10/17/2022,OTH,OR,ANM,WE,Federal Contract Tower,3,5,4,0,12,0,0,7,4,11,3,5,11,4,23,0,0,0,23
10/18/2022,OTH,OR,ANM,WE,Federal Contract Tower,2,10,1,0,13,0,4,10,6,20,2,14,11,6,33,0,2,2,35
10/19/2022,OTH,OR,ANM,WE,Federal Contract Tower,2,16,3,2,23,0,1,1,6,8,2,17,4,8,31,0,2,2,33
10/20/2022,OTH,OR,ANM,WE,Federal Contract Tower,2,8,6,1,17,0,2,1,5,8,2,10,7,6,25,0,8,8,33
10/21/2022,OTH,OR,ANM,WE,Federal Contract Tower,2,15,14,3,34,0,0,2,1,3,2,15,16,4,37,0,0,0,37
10/22/2022,OTH,OR,ANM,WE,Federal Contract Tower,2,12,4,0,18,0,2,0,4,6,2,14,4,4,24,0,0,0,24
10/23/2022,OTH,OR,ANM,WE,Federal Contract Tower,2,4,3,0,9,0,0,14,6,20,2,4,17,6,29,0,0,0,29
10/24/2022,OTH,OR,ANM,WE,Federal Contract Tower,2,8,4,0,14,0,0,0,6,6,2,8,4,6,20,0,28,28,48
10/25/2022,OTH,OR,ANM,WE,Federal Contract Tower,2,9,8,0,19,0,0,3,8,11,2,9,11,8,30,12,0,12,42
10/26/2022,OTH,OR,ANM,WE,Federal Contract Tower,2,6,13,0,21,0,1,9,10,20,2,7,22,10,41,2,16,18,59
10/27/2022,OTH,OR,ANM,WE,Federal Contract Tower,2,9,7,1,19,0,3,23,9,35,2,12,30,10,54,30,0,30,84
10/28/2022,OTH,OR,ANM,WE,Federal Contract Tower,2,9,5,3,19,0,0,13,7,20,2,9,18,10,39,38,12,50,89
10/29/2022,OTH,OR,ANM,WE,Federal Contract Tower,2,7,7,0,16,0,1,6,3,10,2,8,13,3,26,38,0,38,64
10/30/2022,OTH,OR,ANM,WE,Federal Contract Tower,2,3,13,1,19,0,0,9,6,15,2,3,22,7,34,0,2,2,36
10/31/2022,OTH,OR,ANM,WE,Federal Contract Tower,2,7,3,0,12,0,0,0,2,2,2,7,3,2,14,0,6,6,20
11/01/2022,OTH,OR,ANM,WE,Federal Contract Tower,0,10,3,0,13,0,0,0,4,4,0,10,3,4,17,0,8,8,25
11/02/2022,OTH,OR,ANM,WE,Federal Contract Tower,2,9,9,0,20,0,0,4,10,14,2,9,13,10,34,0,0,0,34
11/03/2022,OTH,OR,ANM,WE,Federal Contract Tower,0,4,6,0,10,0,2,8,11,21,0,6,14,11,31,16,14,30,61
11/04/2022,OTH,OR,ANM,WE,Federal Contract Tower,2,8,3,18,31,0,0,0,2,2,2,8,3,20,33,0,14,14,47
11/05/2022,OTH,OR,ANM,WE,Federal Contract Tower,2,8,4,0,14,0,1,0,2,3,2,9,4,2,17,0,0,0,17
11/06/2022,OTH,OR,ANM,WE,Federal Contract Tower,2,3,5,0,10,0,0,0,2,2,2,3,5,2,12,0,2,2,14
11/07/2022,OTH,OR,ANM,WE,Federal Contract Tower,2,6,3,0,11,0,1,0,10,11,2,7,3,10,22,0,14,14,36
11/08/2022,OTH,OR,ANM,WE,Federal Contract Tower,0,5,4,0,9,0,1,11,12,24,0,6,15,12,33,8,4,12,45
11/09/2022,OTH,OR,ANM,WE,Federal Contract Tower,2,4,7,0,13,0,3,13,10,26,2,7,20,10,39,34,0,34,73
11/10/2022,OTH,OR,ANM,WE,Federal Contract Tower,0,6,12,0,18,0,1,13,14,28,0,7,25,14,46,20,6,26,72
11/11/2022,OTH,OR,ANM,WE,Federal Contract Tower,2,5,1,0,8,0,2,0,2,4,2,7,1,2,12,0,0,0,12
11/12/2022,OTH,OR,ANM,WE,Federal Contract Tower,0,6,4,0,10,0,0,23,9,32,0,6,27,9,42,14,0,14,56
11/13/2022,OTH,OR,ANM,WE,Federal Contract Tower,2,4,5,0,11,0,1,14,4,19,2,5,19,4,30,12,6,18,48
11/14/2022,OTH,OR,ANM,WE,Federal Contract Tower,2,2,9,0,13,0,4,29,8,41,2,6,38,8,54,40,0,40,94
11/15/2022,OTH,OR,ANM,WE,Federal Contract Tower,0,3,5,0,8,0,5,21,9,35,0,8,26,9,43,64,10,74,117
11/16/2022,OTH,OR,ANM,WE,Federal Contract Tower,2,7,8,0,17,0,4,13,12,29,2,11,21,12,46,4,0,4,50
11/17/2022,OTH,OR,ANM,WE,Federal Contract Tower,0,8,4,0,12,0,0,4,4,8,0,8,8,4,20,0,0,0,20
11/18/2022,OTH,OR,ANM,WE,Federal Contract Tower,2,9,3,3,17,0,4,11,1,16,2,13,14,4,33,12,0,12,45
11/19/2022,OTH,OR,ANM,WE,Federal Contract Tower,0,4,6,0,10,0,2,12,4,18,0,6,18,4,28,26,2,28,56
11/20/2022,OTH,OR,ANM,WE,Federal Contract Tower,2,3,1,0,6,0,2,4,2,8,2,5,5,2,14,0,0,0,14
11/21/2022,OTH,OR,ANM,WE,Federal Contract Tower,2,9,2,0,13,0,3,3,8,14,2,12,5,8,27,0,4,4,31
11/22/2022,OTH,OR,ANM,WE,Federal Contract Tower,0,6,4,0,10,0,0,0,8,8,0,6,4,8,18,0,22,22,40
11/23/2022,OTH,OR,ANM,WE,Federal Contract Tower,2,6,2,3,13,0,2,5,14,21,2,8,7,17,34,0,8,8,42
11/24/2022,OTH,OR,ANM,WE,Federal Contract Tower,0,1,0,0,1,0,0,5,5,10,0,1,5,5,11,0,0,0,11
11/25/2022,OTH,OR,ANM,WE,Federal Contract Tower,6,13,2,0,21,0,0,5,1,6,6,13,7,1,27,62,0,62,89
11/26/2022,OTH,OR,ANM,WE,Federal Contract Tower,0,5,2,0,7,0,2,11,3,16,0,7,13,3,23,2,0,2,25
11/27/2022,OTH,OR,ANM,WE,Federal Contract Tower,2,4,2,0,8,0,0,0,0,0,2,4,2,0,8,0,0,0,8
11/28/2022,OTH,OR,ANM,WE,Federal Contract Tower,2,7,5,0,14,0,0,9,6,15,2,7,14,6,29,0,6,6,35
11/29/2022,OTH,OR,ANM,WE,Federal Contract Tower,0,6,4,0,10,0,0,2,8,10,0,6,6,8,20,0,4,4,24
11/30/2022,OTH,OR,ANM,WE,Federal Contract Tower,2,6,7,4,19,0,0,3,3,6,2,6,10,7,25,0,8,8,33
12/01/2022,OTH,OR,ANM,WE,Federal Contract Tower,0,11,4,0,15,0,0,5,1,6,0,11,9,1,21,0,0,0,21
12/02/2022,OTH,OR,ANM,WE,Federal Contract Tower,2,4,1,2,9,0,2,8,5,15,2,6,9,7,24,4,8,12,36
12/03/2022,OTH,OR,ANM,WE,Federal Contract Tower,0,4,0,0,4,0,1,1,4,6,0,5,1,4,10,0,0,0,10
12/04/2022,OTH,OR,ANM,WE,Federal Contract Tower,2,0,5,0,7,0,0,0,4,4,2,0,5,4,11,0,2,2,13
12/05/2022,OTH,OR,ANM,WE,Federal Contract Tower,2,6,3,0,11,0,0,1,5,6,2,6,4,5,17,2,6,8,25
12/06/2022,OTH,OR,ANM,WE,Federal Contract Tower,0,8,0,0,8,0,0,7,2,9,0,8,7,2,17,0,0,0,17
12/07/2022,OTH,OR,ANM,WE,Federal Contract Tower,2,11,3,0,16,0,1,6,9,16,2,12,9,9,32,0,6,6,38
12/08/2022,OTH,OR,ANM,WE,Federal Contract Tower,0,8,6,0,14,0,0,0,8,8,0,8,6,8,22,0,0,0,22
12/09/2022,OTH,OR,ANM,WE,Federal Contract Tower,2,8,6,2,18,0,0,0,5,5,2,8,6,7,23,0,20,20,43
12/10/2022,OTH,OR,ANM,WE,Federal Contract Tower,0,4,0,0,4,0,0,0,3,3,0,4,0,3,7,0,0,0,7
12/11/2022,OTH,OR,ANM,WE,Federal Contract Tower,2,2,7,0,11,0,0,0,2,2,2,2,7,2,13,0,0,0,13
12/12/2022,OTH,OR,ANM,WE,Federal Contract Tower,2,4,2,0,8,0,0,0,9,9,2,4,2,9,17,0,0,0,17
12/13/2022,OTH,OR,ANM,WE,Federal Contract Tower,0,5,7,0,12,0,1,7,12,20,0,6,14,12,32,0,0,0,32
12/14/2022,OTH,OR,ANM,WE,Federal Contract Tower,2,9,6,0,17,0,1,13,13,27,2,10,19,13,44,2,0,2,46
12/15/2022,OTH,OR,ANM,WE,Federal Contract Tower,0,4,7,0,11,0,7,28,12,47,0,11,35,12,58,2,8,10,68
12/16/2022,OTH,OR,ANM,WE,Federal Contract Tower,2,7,5,0,14,0,2,14,1,17,2,9,19,1,31,2,0,2,33
12/17/2022,OTH,OR,ANM,WE,Federal Contract Tower,0,3,2,0,5,0,4,6,6,16,0,7,8,6,21,4,0,4,25
12/18/2022,OTH,OR,ANM,WE,Federal Contract Tower,2,0,4,0,6,0,0,0,4,4,2,0,4,4,10,0,0,0,10
12/19/2022,OTH,OR,ANM,WE,Federal Contract Tower,0,7,2,0,9,0,2,5,4,11,0,9,7,4,20,4,4,8,28
12/20/2022,OTH,OR,ANM,WE,Federal Contract Tower,0,4,7,0,11,0,0,0,2,2,0,4,7,2,13,0,0,0,13
12/21/2022,OTH,OR,ANM,WE,Federal Contract Tower,2,9,5,0,16,0,0,2,3,5,2,9,7,3,21,0,0,0,21
12/22/2022,OTH,OR,ANM,WE,Federal Contract Tower,0,5,1,0,6,0,2,2,8,12,0,7,3,8,18,6,0,6,24
12/23/2022,OTH,OR,ANM,WE,Federal Contract Tower,2,0,5,24,31,0,0,0,0,0,2,0,5,24,31,0,0,0,31
12/24/2022,OTH,OR,ANM,WE,Federal Contract Tower,0,3,5,0,8,0,0,2,2,4,0,3,7,2,12,0,0,0,12
12/25/2022,OTH,OR,ANM,WE,Federal Contract Tower,2,1,2,2,7,0,0,0,0,0,2,1,2,2,7,0,0,0,7
12/26/2022,OTH,OR,ANM,WE,Federal Contract Tower,2,2,8,1,13,0,0,1,4,5,2,2,9,5,18,0,0,0,18
12/27/2022,OTH,OR,ANM,WE,Federal Contract Tower,0,2,3,0,5,0,0,0,3,3,0,2,3,3,8,0,0,0,8
12/28/2022,OTH,OR,ANM,WE,Federal Contract Tower,2,11,3,0,16,0,3,0,3,6,2,14,3,3,22,0,14,14,36
12/29/2022,OTH,OR,ANM,WE,Federal Contract Tower,0,7,1,0,8,0,0,0,2,2,0,7,1,2,10,0,6,6,16
12/30/2022,OTH,OR,ANM,WE,Federal Contract Tower,2,9,0,0,11,0,0,0,0,0,2,9,0,0,11,0,0,0,11
12/31/2022,OTH,OR,ANM,WE,Federal Contract Tower,0,6,1,0,7,0,0,16,4,20,0,6,17,4,27,18,0,18,45
01/01/2023,OTH,OR,ANM,WE,Federal Contract Tower,2,1,4,0,7,0,0,12,6,18,2,1,16,6,25,0,10,10,35
01/02/2023,OTH,OR,ANM,WE,Federal Contract Tower,2,2,7,0,11,0,0,0,2,2,2,2,7,2,13,0,0,0,13
01/03/2023,OTH,OR,ANM,WE,Federal Contract Tower,0,6,3,0,9,0,0,0,4,4,0,6,3,4,13,0,4,4,17
01/04/2023,OTH,OR,ANM,WE,Federal Contract Tower,0,6,2,0,8,0,0,0,0,0,0,6,2,0,8,0,0,0,8
01/05/2023,OTH,OR,ANM,WE,Federal Contract Tower,0,8,4,1,13,0,0,0,3,3,0,8,4,4,16,0,2,2,18
01/06/2023,OTH,OR,ANM,WE,Federal Contract Tower,2,8,1,0,11,0,0,0,6,6,2,8,1,6,17,0,0,0,17
01/07/2023,OTH,OR,ANM,WE,Federal Contract Tower,0,7,1,0,8,0,0,1,2,3,0,7,2,2,11,0,0,0,11
01/08/2023,OTH,OR,ANM,WE,Federal Contract Tower,2,3,3,0,8,0,0,0,8,8,2,3,3,8,16,0,0,0,16
01/09/2023,OTH,OR,ANM,WE,Federal Contract Tower,0,8,2,0,10,0,0,1,2,3,0,8,3,2,13,0,8,8,21
01/10/2023,OTH,OR,ANM,WE,Federal Contract Tower,0,6,0,0,6,0,1,2,2,5,0,7,2,2,11,6,0,6,17
01/11/2023,OTH,OR,ANM,WE,Federal Contract Tower,2,8,3,0,13,0,2,0,9,11,2,10,3,9,24,0,44,44,68
01/12/2023,OTH,OR,ANM,WE,Federal Contract Tower,0,7,1,0,8,0,2,1,6,9,0,9,2,6,17,0,10,10,27
01/13/2023,OTH,OR,ANM,WE,Federal Contract Tower,2,5,3,0,10,0,1,0,4,5,2,6,3,4,15,0,8,8,23
01/14/2023,OTH,OR,ANM,WE,Federal Contract Tower,0,4,3,0,7,0,0,2,6,8,0,4,5,6,15,8,0,8,23
01/15/2023,OTH,OR,ANM,WE,Federal Contract Tower,2,2,1,0,5,0,0,0,2,2,2,2,1,2,7,0,0,0,7
01/16/2023,OTH,OR,ANM,WE,Federal Contract Tower,0,10,2,0,12,0,0,0,2,2,0,10,2,2,14,0,12,12,26
01/17/2023,OTH,OR,ANM,WE,Federal Contract Tower,0,13,4,0,17,0,1,2,9,12,0,14,6,9,29,2,8,10,39
01/18/2023,OTH,OR,ANM,WE,Federal Contract Tower,2,10,0,0,12,0,0,0,11,11,2,10,0,11,23,0,8,8,31
01/19/2023,OTH,OR,ANM,WE,Federal Contract Tower,0,5,2,0,7,0,1,9,15,25,0,6,11,15,32,0,6,6,38
01/20/2023,OTH,OR,ANM,WE,Federal Contract Tower,2,7,2,0,11,0,3,8,7,18,2,10,10,7,29,0,20,20,49
01/21/2023,OTH,OR,ANM,WE,Federal Contract Tower,0,4,1,0,5,0,1,8,2,11,0,5,9,2,16,0,0,0,16
01/22/2023,OTH,OR,ANM,WE,Federal Contract Tower,2,0,4,0,6,0,3,8,3,14,2,3,12,3,20,0,0,0,20
01/23/2023,OTH,OR,ANM,WE,Federal Contract Tower,0,6,0,0,6,0,2,8,11,21,0,8,8,11,27,0,6,6,33
01/24/2023,OTH,OR,ANM,WE,Federal Contract Tower,0,4,14,0,18,0,5,10,10,25,0,9,24,10,43,6,2,8,51
01/25/2023,OTH,OR,ANM,WE,Federal Contract Tower,2,5,3,4,14,0,2,11,18,31,2,7,14,22,45,2,0,2,47
01/26/2023,OTH,OR,ANM,WE,Federal Contract Tower,0,5,8,0,13,0,4,29,4,37,0,9,37,4,50,8,0,8,58
01/27/2023,OTH,OR,ANM,WE,Federal Contract Tower,2,8,8,0,18,0,0,0,0,0,2,8,8,0,18,0,0,0,18
01/28/2023,OTH,OR,ANM,WE,Federal Contract Tower,0,8,10,0,18,0,0,0,2,2,0,8,10,2,20,0,18,18,38
01/29/2023,OTH,OR,ANM,WE,Federal Contract Tower,2,0,10,0,12,0,0,11,2,13,2,0,21,2,25,4,0,4,29
01/30/2023,OTH,OR,ANM,WE,Federal Contract Tower,0,4,0,0,4,0,0,0,0,0,0,4,0,0,4,0,4,4,8
01/31/2023,OTH,OR,ANM,WE,Federal Contract Tower,0,3,2,0,5,0,3,13,9,25,0,6,15,9,30,24,0,24,54
02/01/2023,OTH,OR,ANM,WE,Federal Contract Tower,2,4,5,0,11,0,3,14,9,26,2,7,19,9,37,4,4,8,45
02/02/2023,OTH,OR,ANM,WE,Federal Contract Tower,0,11,7,0,18,0,5,22,20,47,0,16,29,20,65,4,0,4,69
02/03/2023,OTH,OR,ANM,WE,Federal Contract Tower,2,10,2,0,14,0,0,2,0,2,2,10,4,0,16,0,42,42,58
02/04/2023,OTH,OR,ANM,WE,Federal Contract Tower,0,3,4,0,7,0,3,0,2,5,0,6,4,2,12,0,0,0,12
02/05/2023,OTH,OR,ANM,WE,Federal Contract Tower,2,5,3,0,10,0,0,1,2,3,2,5,4,2,13,0,0,0,13
02/06/2023,OTH,OR,ANM,WE,Federal Contract Tower,2,9,7,0,18,0,0,9,7,16,2,9,16,7,34,48,2,50,84
02/07/2023,OTH,OR,ANM,WE,Federal Contract Tower,0,12,3,0,15,0,0,0,2,2,0,12,3,2,17,0,0,0,17
02/08/2023,OTH,OR,ANM,WE,Federal Contract Tower,2,5,8,0,15,0,2,15,9,26,2,7,23,9,41,32,8,40,81
02/09/2023,OTH,OR,ANM,WE,Federal Contract Tower,0,10,2,0,12,0,2,13,15,30,0,12,15,15,42,2,6,8,50
02/10/2023,OTH,OR,ANM,WE,Federal Contract Tower,2,9,4,0,15,0,3,1,2,6,2,12,5,2,21,0,0,0,21
02/11/2023,OTH,OR,ANM,WE,Federal Contract Tower,0,3,5,0,8,0,2,15,4,21,0,5,20,4,29,0,0,0,29
02/12/2023,OTH,OR,ANM,WE,Federal Contract Tower,2,1,0,0,3,0,0,10,4,14,2,1,10,4,17,14,0,14,31
02/13/2023,OTH,OR,ANM,WE,Federal Contract Tower,2,5,7,0,14,0,1,5,2,8,2,6,12,2,22,0,0,0,22
02/14/2023,OTH,OR,ANM,WE,Federal Contract Tower,0,6,6,0,12,0,0,1,4,5,0,6,7,4,17,0,16,16,33
02/15/2023,OTH,OR,ANM,WE,Federal Contract Tower,2,5,10,0,17,0,4,13,15,32,2,9,23,15,49,0,0,0,49
02/16/2023,OTH,OR,ANM,WE,Federal Contract Tower,0,7,2,0,9,0,2,13,14,29,0,9,15,14,38,54,0,54,92
02/17/2023,OTH,OR,ANM,WE,Federal Contract Tower,2,9,3,0,14,0,2,15,10,27,2,11,18,10,41,12,8,20,61
02/18/2023,OTH,OR,ANM,WE,Federal Contract Tower,0,4,3,0,7,0,1,3,2,6,0,5,6,2,13,0,0,0,13
02/19/2023,OTH,OR,ANM,WE,Federal Contract Tower,2,5,3,0,10,0,0,7,4,11,2,5,10,4,21,0,0,0,21
02/20/2023,OTH,OR,ANM,WE,Federal Contract Tower,2,4,2,0,8,0,0,10,2,12,2,4,12,2,20,0,0,0,20
02/21/2023,OTH,OR,ANM,WE,Federal Contract Tower,0,6,1,0,7,0,1,0,4,5,0,7,1,4,12,0,10,10,22
02/22/2023,OTH,OR,ANM,WE,Federal Contract Tower,2,9,2,0,13,0,1,0,0,1,2,10,2,0,14,0,0,0,14
02/23/2023,OTH,OR,ANM,WE,Federal Contract Tower,0,0,0,0,0,0,0,0,0,0,0,0,0,0,0,0,0,0,0
02/24/2023,OTH,OR,ANM,WE,Federal Contract Tower,2,0,4,0,6,0,3,5,8,16,2,3,9,8,22,4,6,10,32
02/25/2023,OTH,OR,ANM,WE,Federal Contract Tower,0,6,0,0,6,0,2,23,2,27,0,8,23,2,33,26,0,26,59
02/26/2023,OTH,OR,ANM,WE,Federal Contract Tower,2,2,3,0,7,0,0,4,2,6,2,2,7,2,13,4,26,30,43
02/27/2023,OTH,OR,ANM,WE,Federal Contract Tower,2,4,5,0,11,0,0,2,0,2,2,4,7,0,13,0,0,0,13
02/28/2023,OTH,OR,ANM,WE,Federal Contract Tower,0,6,2,0,8,0,0,1,0,1,0,6,3,0,9,0,0,0,9
03/01/2023,OTH,OR,ANM,WE,Federal Contract Tower,1,9,8,2,20,1,1,17,8,27,2,10,25,10,47,8,0,8,55
03/02/2023,OTH,OR,ANM,WE,Federal Contract Tower,0,8,5,0,13,0,0,5,3,8,0,8,10,3,21,0,0,0,21
03/03/2023,OTH,OR,ANM,WE,Federal Contract Tower,2,8,5,0,15,0,0,8,4,12,2,8,13,4,27,0,34,34,61
03/04/2023,OTH,OR,ANM,WE,Federal Contract Tower,0,10,2,0,12,0,0,2,3,5,0,10,4,3,17,0,0,0,17
03/05/2023,OTH,OR,ANM,WE,Federal Contract Tower,2,4,6,0,12,0,0,6,1,7,2,4,12,1,19,0,0,0,19
03/06/2023,OTH,OR,ANM,WE,Federal Contract Tower,2,6,7,0,15,0,1,6,8,15,2,7,13,8,30,0,0,0,30
03/07/2023,OTH,OR,ANM,WE,Federal Contract Tower,0,8,4,0,12,0,0,5,4,9,0,8,9,4,21,0,0,0,21
03/08/2023,OTH,OR,ANM,WE,Federal Contract Tower,2,11,8,0,21,0,0,1,6,7,2,11,9,6,28,0,0,0,28
03/09/2023,OTH,OR,ANM,WE,Federal Contract Tower,0,10,2,1,13,0,2,1,10,13,0,12,3,11,26,0,36,36,62
03/10/2023,OTH,OR,ANM,WE,Federal Contract Tower,2,13,4,0,19,0,0,6,12,18,2,13,10,12,37,0,2,2,39
03/11/2023,OTH,OR,ANM,WE,Federal Contract Tower,0,4,3,0,7,0,3,16,2,21,0,7,19,2,28,34,0,34,62
03/12/2023,OTH,OR,ANM,WE,Federal Contract Tower,2,0,8,0,10,0,0,0,2,2,2,0,8,2,12,0,0,0,12
03/13/2023,OTH,OR,ANM,WE,Federal Contract Tower,2,7,0,0,9,0,0,0,6,6,2,7,0,6,15,0,0,0,15
03/14/2023,OTH,OR,ANM,WE,Federal Contract Tower,0,6,5,0,11,0,4,3,9,16,0,10,8,9,27,30,34,64,91
03/15/2023,OTH,OR,ANM,WE,Federal Contract Tower,2,4,5,0,11,0,2,22,9,33,2,6,27,9,44,4,6,10,54
03/16/2023,OTH,OR,ANM,WE,Federal Contract Tower,0,7,6,0,13,0,2,26,6,34,0,9,32,6,47,54,0,54,101
03/17/2023,OTH,OR,ANM,WE,Federal Contract Tower,2,11,7,0,20,0,0,13,4,17,2,11,20,4,37,0,0,0,37
03/18/2023,OTH,OR,ANM,WE,Federal Contract Tower,0,5,3,0,8,0,0,22,2,24,0,5,25,2,32,40,0,40,72
03/19/2023,OTH,OR,ANM,WE,Federal Contract Tower,2,7,8,0,17,0,0,0,2,2,2,7,8,2,19,0,4,4,23
03/20/2023,OTH,OR,ANM,WE,Federal Contract Tower,2,5,2,0,9,0,1,0,12,13,2,6,2,12,22,0,16,16,38
03/21/2023,OTH,OR,ANM,WE,Federal Contract Tower,0,3,5,0,8,0,5,18,8,31,0,8,23,8,39,6,2,8,47
03/22/2023,OTH,OR,ANM,WE,Federal Contract Tower,2,5,7,0,14,0,0,2,8,10,2,5,9,8,24,0,0,0,24
03/23/2023,OTH,OR,ANM,WE,Federal Contract Tower,0,8,3,1,12,0,2,24,5,31,0,10,27,6,43,16,0,16,59
03/24/2023,OTH,OR,ANM,WE,Federal Contract Tower,2,10,2,0,14,0,1,3,4,8,2,11,5,4,22,0,4,4,26
03/25/2023,OTH,OR,ANM,WE,Federal Contract Tower,0,9,2,0,11,0,0,2,2,4,0,9,4,2,15,0,0,0,15
03/26/2023,OTH,OR,ANM,WE,Federal Contract Tower,2,3,3,0,8,0,0,0,0,0,2,3,3,0,8,6,0,6,14
03/27/2023,OTH,OR,ANM,WE,Federal Contract Tower,2,7,3,0,12,0,0,2,3,5,2,7,5,3,17,0,0,0,17
03/28/2023,OTH,OR,ANM,WE,Federal Contract Tower,0,8,1,0,9,0,2,0,5,7,0,10,1,5,16,0,2,2,18
03/29/2023,OTH,OR,ANM,WE,Federal Contract Tower,2,5,2,0,9,0,6,19,10,35,2,11,21,10,44,108,0,108,152
03/30/2023,OTH,OR,ANM,WE,Federal Contract Tower,0,12,12,0,24,0,0,4,10,14,0,12,16,10,38,42,8,50,88
03/31/2023,OTH,OR,ANM,WE,Federal Contract Tower,2,10,4,0,16,0,0,3,6,9,2,10,7,6,25,4,24,28,53
04/01/2023,OTH,OR,ANM,WE,Federal Contract Tower,0,2,3,0,5,0,2,0,0,2,0,4,3,0,7,0,4,4,11
04/02/2023,OTH,OR,ANM,WE,Federal Contract Tower,2,4,2,0,8,0,1,0,4,5,2,5,2,4,13,4,18,22,35
04/03/2023,OTH,OR,ANM,WE,Federal Contract Tower,2,5,4,2,13,0,0,8,7,15,2,5,12,9,28,12,22,34,62
04/04/2023,OTH,OR,ANM,WE,Federal Contract Tower,0,12,5,1,18,0,1,4,13,18,0,13,9,14,36,8,6,14,50
04/05/2023,OTH,OR,ANM,WE,Federal Contract Tower,2,7,5,1,15,0,2,5,9,16,2,9,10,10,31,4,0,4,35
04/06/2023,OTH,OR,ANM,WE,Federal Contract Tower,0,7,0,1,8,0,2,5,12,19,0,9,5,13,27,4,6,10,37
04/07/2023,OTH,OR,ANM,WE,Federal Contract Tower,2,7,0,1,10,0,0,7,3,10,2,7,7,4,20,10,0,10,30
04/08/2023,OTH,OR,ANM,WE,Federal Contract Tower,0,4,4,0,8,0,2,16,4,22,0,6,20,4,30,22,6,28,58
04/09/2023,OTH,OR,ANM,WE,Federal Contract Tower,4,4,9,0,17,0,1,2,2,5,4,5,11,2,22,0,4,4,26
04/10/2023,OTH,OR,ANM,WE,Federal Contract Tower,2,6,12,0,20,0,0,0,0,0,2,6,12,0,20,0,0,0,20
04/11/2023,OTH,OR,ANM,WE,Federal Contract Tower,0,8,3,0,11,0,2,9,19,30,0,10,12,19,41,20,38,58,99
04/12/2023,OTH,OR,ANM,WE,Federal Contract Tower,2,4,6,0,12,0,3,7,20,30,2,7,13,20,42,2,42,44,86
04/13/2023,OTH,OR,ANM,WE,Federal Contract Tower,0,6,4,0,10,0,6,10,17,33,0,12,14,17,43,30,28,58,101
04/14/2023,OTH,OR,ANM,WE,Federal Contract Tower,2,6,3,0,11,0,6,16,6,28,2,12,19,6,39,44,10,54,93
04/15/2023,OTH,OR,ANM,WE,Federal Contract Tower,0,7,6,0,13,0,1,12,3,16,0,8,18,3,29,64,0,64,93
04/16/2023,OTH,OR,ANM,WE,Federal Contract Tower,2,4,5,0,11,0,0,0,0,0,2,4,5,0,11,0,0,0,11
04/17/2023,OTH,OR,ANM,WE,Federal Contract Tower,2,7,8,0,17,0,0,0,7,7,2,7,8,7,24,0,22,22,46
04/18/2023,OTH,OR,ANM,WE,Federal Contract Tower,2,11,1,0,14,0,1,1,9,11,2,12,2,9,25,0,2,2,27
04/19/2023,OTH,OR,ANM,WE,Federal Contract Tower,2,11,2,15,30,0,0,10,9,19,2,11,12,24,49,10,30,40,89
04/20/2023,OTH,OR,ANM,WE,Federal Contract Tower,2,10,7,0,19,0,0,0,5,5,2,10,7,5,24,0,6,6,30
04/21/2023,OTH,OR,ANM,WE,Federal Contract Tower,2,8,2,0,12,0,0,0,0,0,2,8,2,0,12,0,0,0,12
04/22/2023,OTH,OR,ANM,WE,Federal Contract Tower,2,3,1,0,6,0,1,7,2,10,2,4,8,2,16,0,0,0,16
04/23/2023,OTH,OR,ANM,WE,Federal Contract Tower,1,1,4,0,6,0,0,2,2,4,1,1,6,2,10,6,0,6,16
04/24/2023,OTH,OR,ANM,WE,Federal Contract Tower,2,7,1,0,10,0,2,5,3,10,2,9,6,3,20,8,0,8,28
04/25/2023,OTH,OR,ANM,WE,Federal Contract Tower,2,5,4,2,13,0,6,14,3,23,2,11,18,5,36,6,0,6,42
04/26/2023,OTH,OR,ANM,WE,Federal Contract Tower,2,4,0,0,6,0,6,23,2,31,2,10,23,2,37,36,0,36,73
04/27/2023,OTH,OR,ANM,WE,Federal Contract Tower,2,8,5,0,15,0,4,18,6,28,2,12,23,6,43,42,0,42,85
04/28/2023,OTH,OR,ANM,WE,Federal Contract Tower,2,5,8,0,15,0,1,11,6,18,2,6,19,6,33,0,18,18,51
04/29/2023,OTH,OR,ANM,WE,Federal Contract Tower,2,11,5,0,18,0,0,0,0,0,2,11,5,0,18,0,0,0,18
04/30/2023,OTH,OR,ANM,WE,Federal Contract Tower,2,10,18,0,30,0,0,15,0,15,2,10,33,0,45,6,0,6,51
05/01/2023,OTH,OR,ANM,WE,Federal Contract Tower,2,9,3,0,14,0,2,2,2,6,2,11,5,2,20,0,0,0,20
05/02/2023,OTH,OR,ANM,WE,Federal Contract Tower,2,8,5,0,15,0,1,4,3,8,2,9,9,3,23,18,0,18,41
05/03/2023,OTH,OR,ANM,WE,Federal Contract Tower,2,13,13,0,28,0,3,13,2,18,2,16,26,2,46,12,2,14,60
05/04/2023,OTH,OR,ANM,WE,Federal Contract Tower,2,7,5,0,14,0,2,12,3,17,2,9,17,3,31,64,0,64,95
05/05/2023,OTH,OR,ANM,WE,Federal Contract Tower,2,10,8,3,23,0,3,0,3,6,2,13,8,6,29,0,0,0,29
05/06/2023,OTH,OR,ANM,WE,Federal Contract Tower,2,5,6,0,13,0,2,2,2,6,2,7,8,2,19,2,0,2,21
05/07/2023,OTH,OR,ANM,WE,Federal Contract Tower,8,5,11,0,24,0,1,12,2,15,8,6,23,2,39,0,0,0,39
05/08/2023,OTH,OR,ANM,WE,Federal Contract Tower,4,8,8,0,20,0,1,5,7,13,4,9,13,7,33,12,2,14,47
05/09/2023,OTH,OR,ANM,WE,Federal Contract Tower,2,8,2,0,12,0,3,8,5,16,2,11,10,5,28,6,0,6,34
05/11/2023,OTH,OR,ANM,WE,Federal Contract Tower,2,16,12,0,30,0,4,17,9,30,2,20,29,9,60,0,0,0,60
05/12/2023,OTH,OR,ANM,WE,Federal Contract Tower,2,7,9,2,20,0,5,24,7,36,2,12,33,9,56,34,16,50,106
05/13/2023,OTH,OR,ANM,WE,Federal Contract Tower,2,2,3,0,7,0,2,28,4,34,2,4,31,4,41,90,0,90,131
05/14/2023,OTH,OR,ANM,WE,Federal Contract Tower,4,5,5,0,14,0,1,11,3,15,4,6,16,3,29,4,0,4,33
05/15/2023,OTH,OR,ANM,WE,Federal Contract Tower,2,10,11,2,25,0,0,2,8,10,2,10,13,10,35,0,0,0,35
05/16/2023,OTH,OR,ANM,WE,Federal Contract Tower,3,12,5,3,23,0,1,6,3,10,3,13,11,6,33,18,2,20,53
05/17/2023,OTH,OR,ANM,WE,Federal Contract Tower,4,10,18,3,35,0,0,1,1,2,4,10,19,4,37,0,0,0,37
05/18/2023,OTH,OR,ANM,WE,Federal Contract Tower,3,16,6,16,41,0,0,0,4,4,3,16,6,20,45,0,8,8,53
05/19/2023,OTH,OR,ANM,WE,Federal Contract Tower,2,9,2,1,14,0,0,7,5,12,2,9,9,6,26,16,10,26,52
05/20/2023,OTH,OR,ANM,WE,Federal Contract Tower,2,6,13,0,21,0,0,0,0,0,2,6,13,0,21,0,0,0,21
05/21/2023,OTH,OR,ANM,WE,Federal Contract Tower,4,4,6,0,14,0,0,1,1,2,4,4,7,1,16,0,0,0,16
05/22/2023,OTH,OR,ANM,WE,Federal Contract Tower,2,11,4,0,17,0,3,10,11,24,2,14,14,11,41,2,2,4,45
05/23/2023,OTH,OR,ANM,WE,Federal Contract Tower,2,1,3,2,8,0,5,10,0,15,2,6,13,2,23,34,0,34,57
05/24/2023,OTH,OR,ANM,WE,Federal Contract Tower,4,5,7,0,16,0,8,25,5,38,4,13,32,5,54,78,0,78,132
05/25/2023,OTH,OR,ANM,WE,Federal Contract Tower,2,13,0,6,21,0,4,3,0,7,2,17,3,6,28,6,0,6,34
05/26/2023,OTH,OR,ANM,WE,Federal Contract Tower,2,9,4,0,15,0,1,0,1,2,2,10,4,1,17,0,0,0,17
05/27/2023,OTH,OR,ANM,WE,Federal Contract Tower,2,1,5,0,8,0,0,7,0,7,2,1,12,0,15,16,0,16,31
05/28/2023,OTH,OR,ANM,WE,Federal Contract Tower,4,6,1,0,11,0,1,15,0,16,4,7,16,0,27,2,0,2,29
05/29/2023,OTH,OR,ANM,WE,Federal Contract Tower,2,5,3,1,11,0,0,9,2,11,2,5,12,3,22,6,0,6,28
05/30/2023,OTH,OR,ANM,WE,Federal Contract Tower,2,7,2,0,11,0,8,4,6,18,2,15,6,6,29,20,2,22,51
05/31/2023,OTH,OR,ANM,WE,Federal Contract Tower,4,8,4,0,16,0,7,5,14,26,4,15,9,14,42,0,0,0,42
06/01/2023,OTH,OR,ANM,WE,Federal Contract Tower,2,8,4,0,14,0,7,17,9,33,2,15,21,9,47,6,0,6,53
06/02/2023,OTH,OR,ANM,WE,Federal Contract Tower,2,9,1,0,12,0,3,16,6,25,2,12,17,6,37,4,0,4,41
06/03/2023,OTH,OR,ANM,WE,Federal Contract Tower,2,10,3,0,15,0,1,10,1,12,2,11,13,1,27,0,0,0,27
06/04/2023,OTH,OR,ANM,WE,Federal Contract Tower,4,5,3,0,12,0,0,7,3,10,4,5,10,3,22,6,0,6,28
06/05/2023,OTH,OR,ANM,WE,Federal Contract Tower,2,3,8,3,16,0,3,9,6,18,2,6,17,9,34,2,2,4,38
06/06/2023,OTH,OR,ANM,WE,Federal Contract Tower,2,9,3,1,15,0,5,11,9,25,2,14,14,10,40,12,0,12,52
06/07/2023,OTH,OR,ANM,WE,Federal Contract Tower,4,11,9,0,24,0,0,2,8,10,4,11,11,8,34,0,0,0,34
06/08/2023,OTH,OR,ANM,WE,Federal Contract Tower,2,12,13,8,35,0,0,10,7,17,2,12,23,15,52,12,24,36,88
06/09/2023,OTH,OR,ANM,WE,Federal Contract Tower,2,11,9,0,22,0,0,9,6,15,2,11,18,6,37,8,0,8,45
06/10/2023,OTH,OR,ANM,WE,Federal Contract Tower,2,2,0,1,5,0,1,9,1,11,2,3,9,2,16,80,0,80,96
06/11/2023,OTH,OR,ANM,WE,Federal Contract Tower,4,0,13,0,17,0,0,2,3,5,4,0,15,3,22,0,0,0,22
06/12/2023,OTH,OR,ANM,WE,Federal Contract Tower,2,9,15,1,27,0,0,0,0,0,2,9,15,1,27,0,0,0,27
06/13/2023,OTH,OR,ANM,WE,Federal Contract Tower,2,7,8,2,19,0,0,0,0,0,2,7,8,2,19,0,0,0,19
06/14/2023,OTH,OR,ANM,WE,Federal Contract Tower,4,9,8,0,21,0,2,11,11,24,4,11,19,11,45,14,0,14,59
06/15/2023,OTH,OR,ANM,WE,Federal Contract Tower,2,8,7,0,17,0,3,12,4,19,2,11,19,4,36,26,2,28,64
06/16/2023,OTH,OR,ANM,WE,Federal Contract Tower,2,12,9,0,23,0,1,5,2,8,2,13,14,2,31,16,0,16,47
06/17/2023,OTH,OR,ANM,WE,Federal Contract Tower,2,5,6,3,16,0,4,3,3,10,2,9,9,6,26,0,0,0,26
06/18/2023,OTH,OR,ANM,WE,Federal Contract Tower,4,3,7,0,14,0,0,7,2,9,4,3,14,2,23,18,0,18,41
06/19/2023,OTH,OR,ANM,WE,Federal Contract Tower,2,7,11,0,20,0,3,5,3,11,2,10,16,3,31,4,6,10,41
06/20/2023,OTH,OR,ANM,WE,Federal Contract Tower,2,4,2,0,8,0,4,8,7,19,2,8,10,7,27,12,6,18,45
06/21/2023,OTH,OR,ANM,WE,Federal Contract Tower,4,5,6,0,15,0,2,15,5,22,4,7,21,5,37,0,4,4,41
06/22/2023,OTH,OR,ANM,WE,Federal Contract Tower,2,8,4,1,15,0,2,9,6,17,2,10,13,7,32,10,8,18,50
06/23/2023,OTH,OR,ANM,WE,Federal Contract Tower,2,11,7,1,21,0,0,5,10,15,2,11,12,11,36,20,30,50,86
06/24/2023,OTH,OR,ANM,WE,Federal Contract Tower,2,6,3,0,11,0,2,10,2,14,2,8,13,2,25,12,0,12,37
06/25/2023,OTH,OR,ANM,WE,Federal Contract Tower,4,11,11,0,26,0,0,0,0,0,4,11,11,0,26,0,0,0,26
06/26/2023,OTH,OR,ANM,WE,Federal Contract Tower,2,14,4,22,42,0,0,0,0,0,2,14,4,22,42,0,0,0,42
06/27/2023,OTH,OR,ANM,WE,Federal Contract Tower,2,5,11,4,22,0,1,7,0,8,2,6,18,4,30,0,0,0,30
06/28/2023,OTH,OR,ANM,WE,Federal Contract Tower,4,17,8,2,31,0,2,10,3,15,4,19,18,5,46,0,0,0,46
06/29/2023,OTH,OR,ANM,WE,Federal Contract Tower,4,8,7,0,19,0,2,12,6,20,4,10,19,6,39,42,0,42,81
06/30/2023,OTH,OR,ANM,WE,Federal Contract Tower,4,12,13,1,30,0,0,0,3,3,4,12,13,4,33,0,0,0,33
07/01/2023,OTH,OR,ANM,WE,Federal Contract Tower,2,10,3,0,15,0,2,12,1,15,2,12,15,1,30,24,0,24,54
07/02/2023,OTH,OR,ANM,WE,Federal Contract Tower,4,3,1,0,8,0,0,13,4,17,4,3,14,4,25,10,4,14,39
07/03/2023,OTH,OR,ANM,WE,Federal Contract Tower,2,3,0,0,5,0,2,8,2,12,2,5,8,2,17,12,0,12,29
07/04/2023,OTH,OR,ANM,WE,Federal Contract Tower,2,0,4,0,6,0,1,25,3,29,2,1,29,3,35,46,0,46,81
07/05/2023,OTH,OR,ANM,WE,Federal Contract Tower,4,11,18,0,33,0,0,0,0,0,4,11,18,0,33,0,0,0,33
07/06/2023,OTH,OR,ANM,WE,Federal Contract Tower,2,13,5,0,20,0,0,0,7,7,2,13,5,7,27,0,26,26,53
07/07/2023,OTH,OR,ANM,WE,Federal Contract Tower,2,8,10,0,20,0,1,14,11,26,2,9,24,11,46,46,16,62,108
07/08/2023,OTH,OR,ANM,WE,Federal Contract Tower,2,9,3,0,14,0,1,24,2,27,2,10,27,2,41,68,0,68,109
07/09/2023,OTH,OR,ANM,WE,Federal Contract Tower,4,3,15,0,22,0,1,8,3,12,4,4,23,3,34,62,2,64,98
07/10/2023,OTH,OR,ANM,WE,Federal Contract Tower,2,5,7,0,14,0,4,25,9,38,2,9,32,9,52,72,2,74,126
07/11/2023,OTH,OR,ANM,WE,Federal Contract Tower,2,4,8,0,14,0,3,21,5,29,2,7,29,5,43,58,0,58,101
07/12/2023,OTH,OR,ANM,WE,Federal Contract Tower,4,12,7,0,23,0,3,31,9,43,4,15,38,9,66,38,0,38,104
07/13/2023,OTH,OR,ANM,WE,Federal Contract Tower,2,5,1,0,8,0,3,16,13,32,2,8,17,13,40,22,8,30,70
07/14/2023,OTH,OR,ANM,WE,Federal Contract Tower,2,5,3,0,10,0,3,17,8,28,2,8,20,8,38,38,10,48,86
07/15/2023,OTH,OR,ANM,WE,Federal Contract Tower,2,9,4,0,15,0,2,8,2,12,2,11,12,2,27,8,0,8,35
07/16/2023,OTH,OR,ANM,WE,Federal Contract Tower,4,13,5,1,23,0,0,5,2,7,4,13,10,3,30,0,0,0,30
07/17/2023,OTH,OR,ANM,WE,Federal Contract Tower,2,12,7,0,21,0,2,6,7,15,2,14,13,7,36,8,4,12,48
07/18/2023,OTH,OR,ANM,WE,Federal Contract Tower,2,6,3,0,11,0,3,15,7,25,2,9,18,7,36,12,2,14,50
07/19/2023,OTH,OR,ANM,WE,Federal Contract Tower,4,13,9,0,26,0,0,1,8,9,4,13,10,8,35,0,0,0,35
07/20/2023,OTH,OR,ANM,WE,Federal Contract Tower,2,10,9,0,21,0,5,4,6,15,2,15,13,6,36,0,0,0,36
07/21/2023,OTH,OR,ANM,WE,Federal Contract Tower,2,11,6,1,20,0,2,7,3,12,2,13,13,4,32,22,0,22,54
07/22/2023,OTH,OR,ANM,WE,Federal Contract Tower,2,7,4,0,13,0,2,24,0,26,2,9,28,0,39,26,0,26,65
07/23/2023,OTH,OR,ANM,WE,Federal Contract Tower,4,3,8,0,15,0,0,19,3,22,4,3,27,3,37,24,0,24,61
07/24/2023,OTH,OR,ANM,WE,Federal Contract Tower,2,6,5,0,13,0,1,15,11,27,2,7,20,11,40,28,10,38,78
07/25/2023,OTH,OR,ANM,WE,Federal Contract Tower,2,8,3,0,13,0,4,20,4,28,2,12,23,4,41,68,2,70,111
07/26/2023,OTH,OR,ANM,WE,Federal Contract Tower,4,10,5,0,19,0,6,24,8,38,4,16,29,8,57,78,0,78,135
07/27/2023,OTH,OR,ANM,WE,Federal Contract Tower,2,9,6,0,17,0,3,14,9,26,2,12,20,9,43,76,18,94,137
07/28/2023,OTH,OR,ANM,WE,Federal Contract Tower,2,8,4,0,14,0,6,14,8,28,2,14,18,8,42,14,4,18,60
07/29/2023,OTH,OR,ANM,WE,Federal Contract Tower,2,6,6,0,14,0,5,21,2,28,2,11,27,2,42,30,0,30,72
07/30/2023,OTH,OR,ANM,WE,Federal Contract Tower,4,14,3,0,21,0,2,15,3,20,4,16,18,3,41,36,0,36,77
07/31/2023,OTH,OR,ANM,WE,Federal Contract Tower,2,5,7,0,14,0,2,15,11,28,2,7,22,11,42,50,10,60,102
08/01/2023,OTH,OR,ANM,WE,Federal Contract Tower,2,5,1,1,9,0,3,24,5,32,2,8,25,6,41,24,4,28,69
08/02/2023,OTH,OR,ANM,WE,Federal Contract Tower,6,9,4,2,21,0,2,15,8,25,6,11,19,10,46,18,10,28,74
08/03/2023,OTH,OR,ANM,WE,Federal Contract Tower,2,11,10,3,26,0,4,9,9,22,2,15,19,12,48,16,2,18,66
08/04/2023,OTH,OR,ANM,WE,Federal Contract Tower,2,9,1,0,12,0,4,17,3,24,2,13,18,3,36,82,2,84,120
08/05/2023,OTH,OR,ANM,WE,Federal Contract Tower,2,8,13,0,23,0,1,3,0,4,2,9,16,0,27,0,0,0,27
08/06/2023,OTH,OR,ANM,WE,Federal Contract Tower,4,8,14,1,27,0,0,6,2,8,4,8,20,3,35,20,0,20,55
08/07/2023,OTH,OR,ANM,WE,Federal Contract Tower,2,10,7,0,19,0,3,7,10,20,2,13,14,10,39,0,14,14,53
08/08/2023,OTH,OR,ANM,WE,Federal Contract Tower,2,5,8,0,15,0,3,9,7,19,2,8,17,7,34,4,0,4,38
08/09/2023,OTH,OR,ANM,WE,Federal Contract Tower,4,7,6,0,17,0,3,13,8,24,4,10,19,8,41,52,0,52,93
08/10/2023,OTH,OR,ANM,WE,Federal Contract Tower,2,15,10,0,27,0,1,13,7,21,2,16,23,7,48,2,24,26,74
08/11/2023,OTH,OR,ANM,WE,Federal Contract Tower,2,9,4,0,15,0,2,31,10,43,2,11,35,10,58,38,10,48,106
08/12/2023,OTH,OR,ANM,WE,Federal Contract Tower,2,10,8,0,20,0,4,36,11,51,2,14,44,11,71,26,0,26,97
08/13/2023,OTH,OR,ANM,WE,Federal Contract Tower,4,6,2,0,12,0,1,12,1,14,4,7,14,1,26,6,0,6,32
08/14/2023,OTH,OR,ANM,WE,Federal Contract Tower,2,11,3,0,16,0,1,18,7,26,2,12,21,7,42,48,2,50,92
08/15/2023,OTH,OR,ANM,WE,Federal Contract Tower,2,9,3,0,14,0,8,21,10,39,2,17,24,10,53,46,10,56,109
08/16/2023,OTH,OR,ANM,WE,Federal Contract Tower,4,16,9,1,30,0,4,3,15,22,4,20,12,16,52,12,10,22,74
08/17/2023,OTH,OR,ANM,WE,Federal Contract Tower,2,18,2,0,22,0,0,5,4,9,2,18,7,4,31,0,0,0,31
08/18/2023,OTH,OR,ANM,WE,Federal Contract Tower,2,5,8,0,15,0,3,13,5,21,2,8,21,5,36,54,0,54,90
08/19/2023,OTH,OR,ANM,WE,Federal Contract Tower,2,2,4,0,8,0,3,15,3,21,2,5,19,3,29,22,0,22,51
08/20/2023,OTH,OR,ANM,WE,Federal Contract Tower,4,13,3,0,20,0,0,3,3,6,4,13,6,3,26,0,2,2,28
08/21/2023,OTH,OR,ANM,WE,Federal Contract Tower,2,11,10,0,23,0,1,10,4,15,2,12,20,4,38,8,0,8,46
08/22/2023,OTH,OR,ANM,WE,Federal Contract Tower,2,14,4,1,21,0,4,20,6,30,2,18,24,7,51,10,0,10,61
08/23/2023,OTH,OR,ANM,WE,Federal Contract Tower,4,10,10,0,24,0,4,22,4,30,4,14,32,4,54,34,0,34,88
08/24/2023,OTH,OR,ANM,WE,Federal Contract Tower,2,12,4,0,18,0,4,23,11,38,2,16,27,11,56,30,0,30,86
08/25/2023,OTH,OR,ANM,WE,Federal Contract Tower,2,14,11,19,46,0,2,4,4,10,2,16,15,23,56,0,2,2,58
08/26/2023,OTH,OR,ANM,WE,Federal Contract Tower,2,7,9,0,18,0,0,17,2,19,2,7,26,2,37,20,12,32,69
08/27/2023,OTH,OR,ANM,WE,Federal Contract Tower,4,1,16,0,21,0,0,12,3,15,4,1,28,3,36,36,24,60,96
08/28/2023,OTH,OR,ANM,WE,Federal Contract Tower,2,13,5,0,20,0,1,15,8,24,2,14,20,8,44,16,0,16,60
08/29/2023,OTH,OR,ANM,WE,Federal Contract Tower,2,13,0,0,15,0,3,19,7,29,2,16,19,7,44,34,6,40,84
08/30/2023,OTH,OR,ANM,WE,Federal Contract Tower,4,6,8,0,18,0,1,16,7,24,4,7,24,7,42,42,20,62,104
08/31/2023,OTH,OR,ANM,WE,Federal Contract Tower,2,11,14,4,31,0,0,0,0,0,2,11,14,4,31,0,0,0,31
