01/01/2000,OWB,KY,ASO,CE,Federal Contract Tower,2,2,9,0,13,0,1,110,0,111,2,3,119,0,124,100,0,100,224
01/02/2000,OWB,KY,ASO,CE,Federal Contract Tower,5,3,15,0,23,0,0,70,0,70,5,3,85,0,93,50,0,50,143
01/03/2000,OWB,KY,ASO,CE,Federal Contract Tower,4,2,9,0,15,2,3,25,0,30,6,5,34,0,45,24,0,24,69
01/04/2000,OWB,KY,ASO,CE,Federal Contract Tower,6,4,14,1,25,0,2,83,10,95,6,6,97,11,120,134,16,150,270
01/05/2000,OWB,KY,ASO,CE,Federal Contract Tower,6,6,17,1,30,0,0,99,3,102,6,6,116,4,132,80,14,94,226
01/06/2000,OWB,KY,ASO,CE,Federal Contract Tower,6,6,16,1,29,0,0,93,5,98,6,6,109,6,127,120,12,132,259
01/07/2000,OWB,KY,ASO,CE,Federal Contract Tower,6,2,17,1,26,0,0,160,5,165,6,2,177,6,191,122,12,134,325
01/08/2000,OWB,KY,ASO,CE,Federal Contract Tower,3,3,11,0,17,0,0,151,0,151,3,3,162,0,168,136,0,136,304
01/09/2000,OWB,KY,ASO,CE,Federal Contract Tower,3,1,8,0,12,2,0,18,0,20,5,1,26,0,32,14,0,14,46
01/10/2000,OWB,KY,ASO,CE,Federal Contract Tower,6,7,14,1,28,0,10,111,2,123,6,17,125,3,151,116,4,120,271
01/11/2000,OWB,KY,ASO,CE,Federal Contract Tower,6,7,17,1,31,0,2,110,5,117,6,9,127,6,148,98,0,98,246
01/12/2000,OWB,KY,ASO,CE,Federal Contract Tower,6,10,24,1,41,0,10,76,3,89,6,20,100,4,130,68,10,78,208
01/13/2000,OWB,KY,ASO,CE,Federal Contract Tower,6,12,27,3,48,0,7,68,1,76,6,19,95,4,124,70,10,80,204
01/14/2000,OWB,KY,ASO,CE,Federal Contract Tower,6,8,17,0,31,0,3,100,0,103,6,11,117,0,134,62,0,62,196
01/15/2000,OWB,KY,ASO,CE,Federal Contract Tower,1,3,11,1,16,0,0,161,1,162,1,3,172,2,178,128,0,128,306
01/16/2000,OWB,KY,ASO,CE,Federal Contract Tower,3,2,9,0,14,2,0,104,0,106,5,2,113,0,120,144,0,144,264
01/17/2000,OWB,KY,ASO,CE,Federal Contract Tower,6,3,17,0,26,1,0,57,0,58,7,3,74,0,84,58,0,58,142
01/18/2000,OWB,KY,ASO,CE,Federal Contract Tower,5,6,13,0,24,1,0,1,0,2,6,6,14,0,26,6,0,6,32
01/19/2000,OWB,KY,ASO,CE,Federal Contract Tower,6,8,18,0,32,0,2,33,0,35,6,10,51,0,67,30,0,30,97
01/20/2000,OWB,KY,ASO,CE,Federal Contract Tower,8,10,21,2,41,0,2,54,6,62,8,12,75,8,103,60,12,72,175
01/21/2000,OWB,KY,ASO,CE,Federal Contract Tower,4,4,12,1,21,2,0,72,1,75,6,4,84,2,96,54,4,58,154
01/22/2000,OWB,KY,ASO,CE,Federal Contract Tower,2,1,5,0,8,1,0,1,0,2,3,1,6,0,10,0,0,0,10
01/23/2000,OWB,KY,ASO,CE,Federal Contract Tower,2,1,5,0,8,3,0,25,0,28,5,1,30,0,36,18,0,18,54
01/24/2000,OWB,KY,ASO,CE,Federal Contract Tower,5,7,14,2,28,1,1,83,6,91,6,8,97,8,119,108,14,122,241
01/25/2000,OWB,KY,ASO,CE,Federal Contract Tower,5,5,14,2,26,1,0,51,2,54,6,5,65,4,80,36,4,40,120
01/26/2000,OWB,KY,ASO,CE,Federal Contract Tower,5,7,16,1,29,1,6,54,9,70,6,13,70,10,99,60,18,78,177
01/27/2000,OWB,KY,ASO,CE,Federal Contract Tower,6,8,20,1,35,0,0,82,1,83,6,8,102,2,118,46,4,50,168
01/28/2000,OWB,KY,ASO,CE,Federal Contract Tower,6,7,17,1,31,0,1,74,1,76,6,8,91,2,107,64,4,68,175
01/29/2000,OWB,KY,ASO,CE,Federal Contract Tower,1,0,2,0,3,2,0,0,0,2,3,0,2,0,5,0,0,0,5
01/30/2000,OWB,KY,ASO,CE,Federal Contract Tower,5,2,13,0,20,0,0,17,2,19,5,2,30,2,39,8,0,8,47
01/31/2000,OWB,KY,ASO,CE,Federal Contract Tower,5,7,16,0,28,1,0,83,0,84,6,7,99,0,112,72,0,72,184
02/01/2000,OWB,KY,ASO,CE,Federal Contract Tower,6,4,13,0,23,0,3,63,0,66,6,7,76,0,89,64,0,64,153
02/02/2000,OWB,KY,ASO,CE,Federal Contract Tower,6,5,21,1,33,0,0,106,4,110,6,5,127,5,143,88,2,90,233
02/03/2000,OWB,KY,ASO,CE,Federal Contract Tower,6,7,21,0,34,0,8,99,0,107,6,15,120,0,141,112,0,112,253
02/04/2000,OWB,KY,ASO,CE,Federal Contract Tower,6,6,19,1,32,0,4,37,2,43,6,10,56,3,75,46,6,52,127
02/05/2000,OWB,KY,ASO,CE,Federal Contract Tower,3,1,16,1,21,0,0,119,5,124,3,1,135,6,145,144,10,154,299
02/06/2000,OWB,KY,ASO,CE,Federal Contract Tower,5,4,16,0,25,0,1,88,0,89,5,5,104,0,114,104,0,104,218
02/07/2000,OWB,KY,ASO,CE,Federal Contract Tower,6,6,15,1,28,0,1,94,1,96,6,7,109,2,124,74,0,74,198
02/08/2000,OWB,KY,ASO,CE,Federal Contract Tower,6,5,27,3,41,0,0,69,1,70,6,5,96,4,111,70,2,72,183
02/09/2000,OWB,KY,ASO,CE,Federal Contract Tower,6,7,19,2,34,0,2,110,3,115,6,9,129,5,149,104,10,114,263
02/10/2000,OWB,KY,ASO,CE,Federal Contract Tower,6,7,27,3,43,0,0,77,3,80,6,7,104,6,123,68,10,78,201
02/11/2000,OWB,KY,ASO,CE,Federal Contract Tower,6,7,24,2,39,0,0,18,0,18,6,7,42,2,57,20,0,20,77
02/12/2000,OWB,KY,ASO,CE,Federal Contract Tower,1,1,5,0,7,2,0,85,0,87,3,1,90,0,94,104,0,104,198
02/13/2000,OWB,KY,ASO,CE,Federal Contract Tower,1,2,3,0,6,4,0,0,0,4,5,2,3,0,10,0,0,0,10
02/14/2000,OWB,KY,ASO,CE,Federal Contract Tower,3,3,10,0,16,3,0,34,0,37,6,3,44,0,53,10,2,12,65
02/15/2000,OWB,KY,ASO,CE,Federal Contract Tower,5,2,16,2,25,1,0,116,7,124,6,2,132,9,149,120,6,126,275
02/16/2000,OWB,KY,ASO,CE,Federal Contract Tower,5,5,15,2,27,1,4,97,8,110,6,9,112,10,137,94,0,94,231
02/17/2000,OWB,KY,ASO,CE,Federal Contract Tower,5,6,15,0,26,1,7,55,0,63,6,13,70,0,89,74,0,74,163
02/18/2000,OWB,KY,ASO,CE,Federal Contract Tower,4,5,12,0,21,0,2,25,0,27,4,7,37,0,48,32,0,32,80
02/19/2000,OWB,KY,ASO,CE,Federal Contract Tower,3,3,12,0,18,0,0,79,0,79,3,3,91,0,97,70,0,70,167
02/20/2000,OWB,KY,ASO,CE,Federal Contract Tower,2,2,9,0,13,3,0,91,0,94,5,2,100,0,107,70,0,70,177
02/21/2000,OWB,KY,ASO,CE,Federal Contract Tower,5,5,16,0,26,1,0,105,0,106,6,5,121,0,132,60,0,60,192
02/22/2000,OWB,KY,ASO,CE,Federal Contract Tower,6,9,23,1,39,0,1,97,3,101,6,10,120,4,140,78,4,82,222
02/23/2000,OWB,KY,ASO,CE,Federal Contract Tower,6,7,20,1,34,0,0,62,1,63,6,7,82,2,97,92,4,96,193
02/24/2000,OWB,KY,ASO,CE,Federal Contract Tower,6,10,26,1,43,0,2,87,1,90,6,12,113,2,133,92,4,96,229
02/25/2000,OWB,KY,ASO,CE,Federal Contract Tower,5,6,19,1,31,1,0,108,2,111,6,6,127,3,142,136,12,148,290
02/26/2000,OWB,KY,ASO,CE,Federal Contract Tower,2,3,7,0,12,1,0,50,10,61,3,3,57,10,73,40,44,84,157
02/27/2000,OWB,KY,ASO,CE,Federal Contract Tower,4,5,13,0,22,1,1,117,2,121,5,6,130,2,143,94,4,98,241
02/28/2000,OWB,KY,ASO,CE,Federal Contract Tower,5,6,16,1,28,1,3,103,4,111,6,9,119,5,139,130,24,154,293
02/29/2000,OWB,KY,ASO,CE,Federal Contract Tower,5,7,17,1,30,1,0,129,7,137,6,7,146,8,167,152,10,162,329
03/01/2000,OWB,KY,ASO,CE,Federal Contract Tower,6,7,19,2,34,0,0,75,11,86,6,7,94,13,120,80,18,98,218
03/02/2000,OWB,KY,ASO,CE,Federal Contract Tower,6,9,21,2,38,0,1,94,4,99,6,10,115,6,137,74,8,82,219
03/03/2000,OWB,KY,ASO,CE,Federal Contract Tower,6,4,18,1,29,0,0,54,9,63,6,4,72,10,92,72,12,84,176
03/04/2000,OWB,KY,ASO,CE,Federal Contract Tower,3,1,7,0,11,0,0,151,6,157,3,1,158,6,168,146,12,158,326
03/05/2000,OWB,KY,ASO,CE,Federal Contract Tower,5,5,13,0,23,0,5,122,0,127,5,10,135,0,150,70,0,70,220
03/06/2000,OWB,KY,ASO,CE,Federal Contract Tower,5,4,11,0,20,1,8,89,0,98,6,12,100,0,118,150,0,150,268
03/07/2000,OWB,KY,ASO,CE,Federal Contract Tower,5,3,11,1,20,1,0,103,1,105,6,3,114,2,125,144,0,144,269
03/08/2000,OWB,KY,ASO,CE,Federal Contract Tower,6,7,17,1,31,0,1,68,2,71,6,8,85,3,102,60,0,60,162
03/09/2000,OWB,KY,ASO,CE,Federal Contract Tower,6,6,14,1,27,0,2,71,12,85,6,8,85,13,112,82,14,96,208
03/10/2000,OWB,KY,ASO,CE,Federal Contract Tower,6,8,19,0,33,0,2,86,0,88,6,10,105,0,121,64,0,64,185
03/11/2000,OWB,KY,ASO,CE,Federal Contract Tower,1,2,3,0,6,2,1,8,0,11,3,3,11,0,17,6,0,6,23
03/12/2000,OWB,KY,ASO,CE,Federal Contract Tower,4,3,8,1,16,1,0,119,3,123,5,3,127,4,139,100,8,108,247
03/13/2000,OWB,KY,ASO,CE,Federal Contract Tower,5,7,13,2,27,1,0,86,2,89,6,7,99,4,116,130,4,134,250
03/14/2000,OWB,KY,ASO,CE,Federal Contract Tower,6,8,18,0,32,0,1,77,0,78,6,9,95,0,110,114,0,114,224
03/15/2000,OWB,KY,ASO,CE,Federal Contract Tower,5,6,13,2,26,1,2,98,0,101,6,8,111,2,127,80,0,80,207
03/16/2000,OWB,KY,ASO,CE,Federal Contract Tower,5,7,14,0,26,1,0,10,0,11,6,7,24,0,37,6,0,6,43
03/17/2000,OWB,KY,ASO,CE,Federal Contract Tower,6,8,19,2,35,0,6,84,0,90,6,14,103,2,125,102,0,102,227
03/18/2000,OWB,KY,ASO,CE,Federal Contract Tower,3,2,10,0,15,0,0,100,0,100,3,2,110,0,115,100,0,100,215
03/19/2000,OWB,KY,ASO,CE,Federal Contract Tower,4,4,11,0,19,1,0,34,0,35,5,4,45,0,54,36,0,36,90
03/20/2000,OWB,KY,ASO,CE,Federal Contract Tower,6,9,21,0,36,0,0,69,0,69,6,9,90,0,105,84,0,84,189
03/21/2000,OWB,KY,ASO,CE,Federal Contract Tower,5,8,16,2,31,1,7,77,8,93,6,15,93,10,124,72,14,86,210
03/22/2000,OWB,KY,ASO,CE,Federal Contract Tower,6,11,23,3,43,0,1,72,6,79,6,12,95,9,122,110,16,126,248
03/23/2000,OWB,KY,ASO,CE,Federal Contract Tower,6,7,22,2,37,0,0,125,0,125,6,7,147,2,162,90,4,94,256
03/24/2000,OWB,KY,ASO,CE,Federal Contract Tower,5,8,16,0,29,1,10,83,0,94,6,18,99,0,123,80,0,80,203
03/25/2000,OWB,KY,ASO,CE,Federal Contract Tower,3,0,8,0,11,0,0,92,0,92,3,0,100,0,103,126,0,126,229
03/26/2000,OWB,KY,ASO,CE,Federal Contract Tower,3,4,9,0,16,2,0,114,0,116,5,4,123,0,132,180,0,180,312
03/27/2000,OWB,KY,ASO,CE,Federal Contract Tower,6,4,19,1,30,0,0,91,0,91,6,4,110,1,121,68,2,70,191
03/28/2000,OWB,KY,ASO,CE,Federal Contract Tower,6,9,21,2,38,0,0,70,4,74,6,9,91,6,112,60,14,74,186
03/29/2000,OWB,KY,ASO,CE,Federal Contract Tower,5,6,14,1,26,1,3,56,1,61,6,9,70,2,87,64,4,68,155
03/30/2000,OWB,KY,ASO,CE,Federal Contract Tower,4,6,12,1,23,2,1,102,5,110,6,7,114,6,133,136,14,150,283
03/31/2000,OWB,KY,ASO,CE,Federal Contract Tower,6,7,15,1,29,0,0,105,3,108,6,7,120,4,137,132,2,134,271
04/01/2000,OWB,KY,ASO,CE,Federal Contract Tower,3,5,10,0,18,0,0,80,0,80,3,5,90,0,98,70,0,70,168
04/02/2000,OWB,KY,ASO,CE,Federal Contract Tower,3,4,7,0,14,2,1,0,0,3,5,5,7,0,17,10,0,10,27
04/03/2000,OWB,KY,ASO,CE,Federal Contract Tower,5,2,14,0,21,1,0,12,0,13,6,2,26,0,34,2,0,2,36
04/04/2000,OWB,KY,ASO,CE,Federal Contract Tower,5,5,12,1,23,1,3,81,5,90,6,8,93,6,113,42,8,50,163
04/05/2000,OWB,KY,ASO,CE,Federal Contract Tower,6,7,16,1,30,0,5,92,1,98,6,12,108,2,128,108,4,112,240
04/06/2000,OWB,KY,ASO,CE,Federal Contract Tower,6,8,16,0,30,0,0,95,0,95,6,8,111,0,125,132,0,132,257
04/07/2000,OWB,KY,ASO,CE,Federal Contract Tower,3,5,11,0,19,3,3,45,0,51,6,8,56,0,70,20,0,20,90
04/08/2000,OWB,KY,ASO,CE,Federal Contract Tower,2,2,6,1,11,1,0,54,1,56,3,2,60,2,67,60,0,60,127
04/09/2000,OWB,KY,ASO,CE,Federal Contract Tower,3,2,8,0,13,2,0,92,0,94,5,2,100,0,107,108,0,108,215
04/10/2000,OWB,KY,ASO,CE,Federal Contract Tower,6,6,17,2,31,0,0,87,4,91,6,6,104,6,122,84,10,94,216
04/11/2000,OWB,KY,ASO,CE,Federal Contract Tower,6,7,15,2,30,0,1,36,2,39,6,8,51,4,69,32,8,40,109
04/12/2000,OWB,KY,ASO,CE,Federal Contract Tower,6,9,21,3,39,0,2,96,12,110,6,11,117,15,149,124,26,150,299
04/13/2000,OWB,KY,ASO,CE,Federal Contract Tower,6,6,15,2,29,0,0,98,16,114,6,6,113,18,143,80,16,96,239
04/14/2000,OWB,KY,ASO,CE,Federal Contract Tower,5,4,10,0,19,1,2,93,0,96,6,6,103,0,115,66,0,66,181
04/15/2000,OWB,KY,ASO,CE,Federal Contract Tower,2,2,5,0,9,1,1,98,0,100,3,3,103,0,109,86,0,86,195
04/16/2000,OWB,KY,ASO,CE,Federal Contract Tower,3,4,10,2,19,0,1,60,11,72,3,5,70,13,91,80,12,92,183
04/17/2000,OWB,KY,ASO,CE,Federal Contract Tower,6,7,15,0,28,0,5,36,0,41,6,12,51,0,69,4,0,4,73
04/18/2000,OWB,KY,ASO,CE,Federal Contract Tower,6,5,22,3,36,0,0,71,9,80,6,5,93,12,116,66,22,88,204
04/19/2000,OWB,KY,ASO,CE,Federal Contract Tower,6,4,15,2,27,0,0,92,11,103,6,4,107,13,130,110,14,124,254
04/20/2000,OWB,KY,ASO,CE,Federal Contract Tower,4,4,10,0,18,2,0,59,0,61,6,4,69,0,79,58,0,58,137
04/21/2000,OWB,KY,ASO,CE,Federal Contract Tower,4,2,8,1,15,2,0,44,0,46,6,2,52,1,61,36,8,44,105
04/22/2000,OWB,KY,ASO,CE,Federal Contract Tower,2,0,4,0,6,1,0,127,0,128,3,0,131,0,134,114,0,114,248
04/23/2000,OWB,KY,ASO,CE,Federal Contract Tower,2,1,4,0,7,3,0,76,0,79,5,1,80,0,86,88,0,88,174
04/24/2000,OWB,KY,ASO,CE,Federal Contract Tower,6,4,17,0,27,0,0,40,0,40,6,4,57,0,67,18,0,18,85
04/25/2000,OWB,KY,ASO,CE,Federal Contract Tower,6,5,17,1,29,0,0,101,1,102,6,5,118,2,131,82,4,86,217
04/26/2000,OWB,KY,ASO,CE,Federal Contract Tower,6,4,14,1,25,0,0,87,5,92,6,4,101,6,117,72,10,82,199
04/27/2000,OWB,KY,ASO,CE,Federal Contract Tower,6,6,15,1,28,0,0,59,3,62,6,6,74,4,90,42,0,42,132
04/28/2000,OWB,KY,ASO,CE,Federal Contract Tower,6,8,21,1,36,0,5,73,0,78,6,13,94,1,114,80,4,84,198
04/29/2000,OWB,KY,ASO,CE,Federal Contract Tower,3,0,7,0,10,0,0,100,0,100,3,0,107,0,110,94,0,94,204
04/30/2000,OWB,KY,ASO,CE,Federal Contract Tower,4,2,8,0,14,1,0,104,0,105,5,2,112,0,119,132,0,132,251
05/01/2000,OWB,KY,ASO,CE,Federal Contract Tower,6,8,19,1,34,0,1,78,7,86,6,9,97,8,120,66,18,84,204
05/02/2000,OWB,KY,ASO,CE,Federal Contract Tower,6,5,16,1,28,0,3,85,3,91,6,8,101,4,119,104,2,106,225
05/03/2000,OWB,KY,ASO,CE,Federal Contract Tower,6,8,20,1,35,0,1,57,11,69,6,9,77,12,104,50,18,68,172
05/04/2000,OWB,KY,ASO,CE,Federal Contract Tower,6,8,19,1,34,0,2,27,1,30,6,10,46,2,64,12,4,16,80
05/05/2000,OWB,KY,ASO,CE,Federal Contract Tower,6,5,16,1,28,0,0,87,4,91,6,5,103,5,119,90,8,98,217
05/06/2000,OWB,KY,ASO,CE,Federal Contract Tower,4,0,12,0,16,0,0,101,0,101,4,0,113,0,117,132,0,132,249
05/07/2000,OWB,KY,ASO,CE,Federal Contract Tower,4,3,11,0,18,0,0,84,0,84,4,3,95,0,102,102,0,102,204
05/08/2000,OWB,KY,ASO,CE,Federal Contract Tower,6,6,15,0,27,0,3,90,0,93,6,9,105,0,120,92,0,92,212
05/09/2000,OWB,KY,ASO,CE,Federal Contract Tower,6,6,15,1,28,0,2,59,0,61,6,8,74,1,89,42,2,44,133
05/10/2000,OWB,KY,ASO,CE,Federal Contract Tower,6,6,12,0,24,0,1,84,3,88,6,7,96,3,112,78,4,82,194
05/11/2000,OWB,KY,ASO,CE,Federal Contract Tower,6,7,15,2,30,0,0,85,6,91,6,7,100,8,121,72,22,94,215
05/12/2000,OWB,KY,ASO,CE,Federal Contract Tower,7,9,19,2,37,1,0,55,0,56,8,9,74,2,93,62,4,66,159
05/13/2000,OWB,KY,ASO,CE,Federal Contract Tower,4,4,8,0,16,0,1,103,0,104,4,5,111,0,120,118,0,118,238
05/14/2000,OWB,KY,ASO,CE,Federal Contract Tower,2,0,5,0,7,2,0,88,0,90,4,0,93,0,97,96,0,96,193
05/15/2000,OWB,KY,ASO,CE,Federal Contract Tower,6,7,20,2,35,0,0,96,7,103,6,7,116,9,138,106,0,106,244
05/16/2000,OWB,KY,ASO,CE,Federal Contract Tower,6,6,15,2,29,0,3,88,6,97,6,9,103,8,126,82,8,90,216
05/17/2000,OWB,KY,ASO,CE,Federal Contract Tower,5,6,13,2,26,1,1,54,0,56,6,7,67,2,82,80,4,84,166
05/18/2000,OWB,KY,ASO,CE,Federal Contract Tower,6,10,21,2,39,0,1,65,11,77,6,11,86,13,116,86,0,86,202
05/19/2000,OWB,KY,ASO,CE,Federal Contract Tower,5,7,14,0,26,3,1,40,0,44,8,8,54,0,70,94,0,94,164
05/20/2000,OWB,KY,ASO,CE,Federal Contract Tower,3,0,9,0,12,1,0,103,0,104,4,0,112,0,116,96,0,96,212
05/21/2000,OWB,KY,ASO,CE,Federal Contract Tower,5,4,13,2,24,0,0,118,0,118,5,4,131,2,142,114,0,114,256
05/22/2000,OWB,KY,ASO,CE,Federal Contract Tower,5,7,14,2,28,2,2,95,2,101,7,9,109,4,129,114,2,116,245
05/23/2000,OWB,KY,ASO,CE,Federal Contract Tower,6,7,16,0,29,1,3,50,0,54,7,10,66,0,83,60,0,60,143
05/24/2000,OWB,KY,ASO,CE,Federal Contract Tower,6,6,16,0,28,0,2,87,0,89,6,8,103,0,117,110,0,110,227
05/25/2000,OWB,KY,ASO,CE,Federal Contract Tower,6,10,22,0,38,0,3,78,0,81,6,13,100,0,119,110,0,110,229
05/26/2000,OWB,KY,ASO,CE,Federal Contract Tower,5,6,14,0,25,1,2,61,0,64,6,8,75,0,89,24,0,24,113
05/27/2000,OWB,KY,ASO,CE,Federal Contract Tower,2,2,7,0,11,2,0,64,0,66,4,2,71,0,77,50,0,50,127
05/28/2000,OWB,KY,ASO,CE,Federal Contract Tower,1,0,4,0,5,3,0,51,0,54,4,0,55,0,59,40,0,40,99
05/29/2000,OWB,KY,ASO,CE,Federal Contract Tower,4,2,12,0,18,2,0,93,0,95,6,2,105,0,113,124,0,124,237
05/30/2000,OWB,KY,ASO,CE,Federal Contract Tower,6,7,16,1,30,0,5,80,3,88,6,12,96,4,118,90,6,96,214
05/31/2000,OWB,KY,ASO,CE,Federal Contract Tower,6,8,17,1,32,0,1,107,15,123,6,9,124,16,155,164,20,184,339
06/01/2000,OWB,KY,ASO,CE,Federal Contract Tower,0,15,19,1,35,0,5,131,1,137,0,20,150,2,172,100,10,110,282
06/02/2000,OWB,KY,ASO,CE,Federal Contract Tower,0,14,17,0,31,0,1,74,0,75,0,15,91,0,106,38,0,38,144
06/03/2000,OWB,KY,ASO,CE,Federal Contract Tower,0,6,8,0,14,0,4,115,0,119,0,10,123,0,133,130,0,130,263
06/04/2000,OWB,KY,ASO,CE,Federal Contract Tower,0,5,8,0,13,0,4,82,0,86,0,9,90,0,99,130,0,130,229
06/05/2000,OWB,KY,ASO,CE,Federal Contract Tower,0,12,16,1,29,0,0,46,0,46,0,12,62,1,75,72,2,74,149
06/06/2000,OWB,KY,ASO,CE,Federal Contract Tower,0,7,8,1,16,0,4,94,3,101,0,11,102,4,117,116,6,122,239
06/07/2000,OWB,KY,ASO,CE,Federal Contract Tower,0,14,15,1,30,0,2,93,3,98,0,16,108,4,128,106,4,110,238
06/08/2000,OWB,KY,ASO,CE,Federal Contract Tower,0,11,18,0,29,0,0,102,0,102,0,11,120,0,131,126,0,126,257
06/09/2000,OWB,KY,ASO,CE,Federal Contract Tower,0,14,16,1,31,0,0,96,3,99,0,14,112,4,130,72,0,72,202
06/10/2000,OWB,KY,ASO,CE,Federal Contract Tower,0,5,6,1,12,0,0,75,3,78,0,5,81,4,90,110,8,118,208
06/11/2000,OWB,KY,ASO,CE,Federal Contract Tower,0,7,10,0,17,0,0,96,0,96,0,7,106,0,113,72,0,72,185
06/12/2000,OWB,KY,ASO,CE,Federal Contract Tower,0,13,14,1,28,0,1,68,7,76,0,14,82,8,104,104,12,116,220
06/13/2000,OWB,KY,ASO,CE,Federal Contract Tower,0,11,14,1,26,0,0,102,15,117,0,11,116,16,143,102,32,134,277
06/14/2000,OWB,KY,ASO,CE,Federal Contract Tower,0,13,15,1,29,0,4,60,10,74,0,17,75,11,103,58,4,62,165
06/15/2000,OWB,KY,ASO,CE,Federal Contract Tower,0,8,10,1,19,0,0,57,3,60,0,8,67,4,79,90,4,94,173
06/16/2000,OWB,KY,ASO,CE,Federal Contract Tower,0,13,18,1,32,0,0,67,5,72,0,13,85,6,104,66,2,68,172
06/17/2000,OWB,KY,ASO,CE,Federal Contract Tower,0,6,7,0,13,0,0,53,0,53,0,6,60,0,66,40,0,40,106
06/18/2000,OWB,KY,ASO,CE,Federal Contract Tower,0,6,7,0,13,0,0,6,0,6,0,6,13,0,19,0,0,0,19
06/19/2000,OWB,KY,ASO,CE,Federal Contract Tower,0,11,19,2,32,0,0,96,0,96,0,11,115,2,128,126,0,126,254
06/20/2000,OWB,KY,ASO,CE,Federal Contract Tower,0,14,15,1,30,0,1,85,9,95,0,15,100,10,125,90,20,110,235
06/21/2000,OWB,KY,ASO,CE,Federal Contract Tower,0,12,13,0,25,0,3,69,9,81,0,15,82,9,106,108,10,118,224
06/22/2000,OWB,KY,ASO,CE,Federal Contract Tower,0,12,13,0,25,0,0,103,4,107,0,12,116,4,132,102,6,108,240
06/23/2000,OWB,KY,ASO,CE,Federal Contract Tower,0,12,13,0,25,0,2,68,0,70,0,14,81,0,95,100,0,100,195
06/24/2000,OWB,KY,ASO,CE,Federal Contract Tower,0,5,9,0,14,0,0,92,0,92,0,5,101,0,106,122,0,122,228
06/25/2000,OWB,KY,ASO,CE,Federal Contract Tower,0,9,12,0,21,0,0,88,0,88,0,9,100,0,109,100,0,100,209
06/26/2000,OWB,KY,ASO,CE,Federal Contract Tower,0,12,14,0,26,0,1,73,4,78,0,13,87,4,104,90,0,90,194
06/27/2000,OWB,KY,ASO,CE,Federal Contract Tower,0,11,17,0,28,0,0,54,3,57,0,11,71,3,85,40,0,40,125
06/28/2000,OWB,KY,ASO,CE,Federal Contract Tower,0,15,18,0,33,0,1,68,2,71,0,16,86,2,104,120,4,124,228
06/29/2000,OWB,KY,ASO,CE,Federal Contract Tower,0,11,16,0,27,0,0,77,0,77,0,11,93,0,104,100,0,100,204
06/30/2000,OWB,KY,ASO,CE,Federal Contract Tower,0,17,20,0,37,0,1,111,2,114,0,18,131,2,151,110,6,116,267
07/01/2000,OWB,KY,ASO,CE,Federal Contract Tower,0,10,49,0,59,0,1,0,0,1,0,11,49,0,60,94,0,94,154
07/02/2000,OWB,KY,ASO,CE,Federal Contract Tower,0,8,130,10,148,0,0,0,2,2,0,8,130,12,150,100,12,112,262
07/03/2000,OWB,KY,ASO,CE,Federal Contract Tower,0,11,78,0,89,0,3,0,0,3,0,14,78,0,92,76,0,76,168
07/04/2000,OWB,KY,ASO,CE,Federal Contract Tower,0,6,69,0,75,0,0,0,0,0,0,6,69,0,75,30,0,30,105
07/05/2000,OWB,KY,ASO,CE,Federal Contract Tower,0,11,74,8,93,0,0,0,2,2,0,11,74,10,95,106,18,124,219
07/06/2000,OWB,KY,ASO,CE,Federal Contract Tower,0,10,84,7,101,0,0,0,1,1,0,10,84,8,102,74,12,86,188
07/07/2000,OWB,KY,ASO,CE,Federal Contract Tower,0,12,97,0,109,0,5,0,0,5,0,17,97,0,114,84,0,84,198
07/08/2000,OWB,KY,ASO,CE,Federal Contract Tower,0,3,0,0,3,0,3,0,0,3,0,6,0,0,6,34,0,34,40
07/09/2000,OWB,KY,ASO,CE,Federal Contract Tower,0,0,0,0,0,0,0,0,0,0,0,0,0,0,0,12,0,12,12
07/10/2000,OWB,KY,ASO,CE,Federal Contract Tower,0,10,94,7,111,0,0,0,0,0,0,10,94,7,111,86,2,88,199
07/11/2000,OWB,KY,ASO,CE,Federal Contract Tower,0,17,97,10,124,0,4,0,2,6,0,21,97,12,130,128,14,142,272
07/12/2000,OWB,KY,ASO,CE,Federal Contract Tower,0,12,77,2,91,0,1,0,0,1,0,13,77,2,92,4,114,118,210
07/13/2000,OWB,KY,ASO,CE,Federal Contract Tower,0,11,76,4,91,0,7,0,0,7,0,18,76,4,98,60,16,76,174
07/14/2000,OWB,KY,ASO,CE,Federal Contract Tower,0,11,86,2,99,0,6,0,0,6,0,17,86,2,105,74,0,74,179
07/15/2000,OWB,KY,ASO,CE,Federal Contract Tower,0,7,178,6,191,0,0,0,0,0,0,7,178,6,191,142,4,146,337
07/16/2000,OWB,KY,ASO,CE,Federal Contract Tower,0,12,109,0,121,0,1,0,0,1,0,13,109,0,122,62,0,62,184
07/17/2000,OWB,KY,ASO,CE,Federal Contract Tower,0,13,136,2,151,0,0,0,0,0,0,13,136,2,151,110,0,110,261
07/18/2000,OWB,KY,ASO,CE,Federal Contract Tower,0,14,122,2,138,0,0,0,0,0,0,14,122,2,138,76,4,80,218
07/19/2000,OWB,KY,ASO,CE,Federal Contract Tower,0,5,68,1,74,0,5,0,0,5,0,10,68,1,79,2,2,4,83
07/20/2000,OWB,KY,ASO,CE,Federal Contract Tower,0,14,120,1,135,0,0,0,0,0,0,14,120,1,135,86,0,86,221
07/21/2000,OWB,KY,ASO,CE,Federal Contract Tower,0,14,94,4,112,0,0,0,0,0,0,14,94,4,112,114,6,120,232
07/22/2000,OWB,KY,ASO,CE,Federal Contract Tower,0,5,109,0,114,0,0,0,0,0,0,5,109,0,114,94,0,94,208
07/23/2000,OWB,KY,ASO,CE,Federal Contract Tower,0,9,97,0,106,0,0,0,0,0,0,9,97,0,106,90,0,90,196
07/24/2000,OWB,KY,ASO,CE,Federal Contract Tower,0,14,97,2,113,0,0,0,0,0,0,14,97,2,113,118,4,122,235
07/25/2000,OWB,KY,ASO,CE,Federal Contract Tower,0,12,108,8,128,0,0,0,1,1,0,12,108,9,129,82,12,94,223
07/26/2000,OWB,KY,ASO,CE,Federal Contract Tower,0,12,114,2,128,0,0,0,0,0,0,12,114,2,128,122,4,126,254
07/27/2000,OWB,KY,ASO,CE,Federal Contract Tower,0,12,82,4,98,0,2,0,0,2,0,14,82,4,100,90,0,90,190
07/28/2000,OWB,KY,ASO,CE,Federal Contract Tower,0,6,50,1,57,0,3,0,0,3,0,9,50,1,60,40,2,42,102
07/29/2000,OWB,KY,ASO,CE,Federal Contract Tower,0,4,34,3,41,0,5,0,0,5,0,9,34,3,46,22,0,22,68
07/30/2000,OWB,KY,ASO,CE,Federal Contract Tower,0,12,111,2,125,0,3,0,0,3,0,15,111,2,128,64,0,64,192
07/31/2000,OWB,KY,ASO,CE,Federal Contract Tower,0,7,44,0,51,0,11,0,0,11,0,18,44,0,62,60,0,60,122
08/01/2000,OWB,KY,ASO,CE,Federal Contract Tower,0,15,21,1,37,0,0,74,3,77,0,15,95,4,114,104,8,112,226
08/02/2000,OWB,KY,ASO,CE,Federal Contract Tower,0,19,18,1,38,0,3,83,3,89,0,22,101,4,127,132,2,134,261
08/03/2000,OWB,KY,ASO,CE,Federal Contract Tower,0,14,13,0,27,0,0,74,0,74,0,14,87,0,101,96,0,96,197
08/04/2000,OWB,KY,ASO,CE,Federal Contract Tower,0,11,14,0,25,0,0,76,0,76,0,11,90,0,101,76,0,76,177
08/05/2000,OWB,KY,ASO,CE,Federal Contract Tower,0,7,6,0,13,0,0,42,3,45,0,7,48,3,58,56,4,60,118
08/06/2000,OWB,KY,ASO,CE,Federal Contract Tower,0,5,7,0,12,0,0,76,0,76,0,5,83,0,88,80,0,80,168
08/07/2000,OWB,KY,ASO,CE,Federal Contract Tower,0,13,14,0,27,0,5,62,0,67,0,18,76,0,94,112,0,112,206
08/08/2000,OWB,KY,ASO,CE,Federal Contract Tower,0,18,19,2,39,0,1,51,5,57,0,19,70,7,96,80,8,88,184
08/09/2000,OWB,KY,ASO,CE,Federal Contract Tower,0,15,17,2,34,0,0,78,0,78,0,15,95,2,112,116,0,116,228
08/10/2000,OWB,KY,ASO,CE,Federal Contract Tower,0,15,15,2,32,0,2,66,0,68,0,17,81,2,100,106,0,106,206
08/11/2000,OWB,KY,ASO,CE,Federal Contract Tower,0,19,19,2,40,0,0,129,1,130,0,19,148,3,170,106,0,106,276
08/12/2000,OWB,KY,ASO,CE,Federal Contract Tower,0,7,9,0,16,0,0,95,0,95,0,7,104,0,111,126,0,126,237
08/13/2000,OWB,KY,ASO,CE,Federal Contract Tower,0,7,10,0,17,0,0,88,0,88,0,7,98,0,105,102,0,102,207
08/14/2000,OWB,KY,ASO,CE,Federal Contract Tower,0,13,14,1,28,0,5,86,0,91,0,18,100,1,119,116,2,118,237
08/15/2000,OWB,KY,ASO,CE,Federal Contract Tower,0,9,9,0,18,0,8,50,0,58,0,17,59,0,76,134,0,134,210
08/16/2000,OWB,KY,ASO,CE,Federal Contract Tower,0,15,15,0,30,0,1,71,0,72,0,16,86,0,102,106,0,106,208
08/17/2000,OWB,KY,ASO,CE,Federal Contract Tower,0,18,19,2,39,0,0,69,1,70,0,18,88,3,109,100,6,106,215
08/18/2000,OWB,KY,ASO,CE,Federal Contract Tower,0,17,18,2,37,0,0,35,0,35,0,17,53,2,72,90,2,92,164
08/19/2000,OWB,KY,ASO,CE,Federal Contract Tower,0,12,12,0,24,0,2,154,0,156,0,14,166,0,180,96,0,96,276
08/20/2000,OWB,KY,ASO,CE,Federal Contract Tower,0,8,10,0,18,0,0,103,0,103,0,8,113,0,121,126,0,126,247
08/21/2000,OWB,KY,ASO,CE,Federal Contract Tower,0,13,20,1,34,0,0,101,1,102,0,13,121,2,136,110,0,110,246
08/22/2000,OWB,KY,ASO,CE,Federal Contract Tower,0,17,19,1,37,0,4,55,4,63,0,21,74,5,100,92,0,92,192
08/23/2000,OWB,KY,ASO,CE,Federal Contract Tower,0,13,13,0,26,0,1,68,0,69,0,14,81,0,95,110,0,110,205
08/24/2000,OWB,KY,ASO,CE,Federal Contract Tower,0,17,23,1,41,0,0,73,1,74,0,17,96,2,115,110,6,116,231
08/25/2000,OWB,KY,ASO,CE,Federal Contract Tower,0,17,18,1,36,0,1,85,3,89,0,18,103,4,125,92,8,100,225
08/26/2000,OWB,KY,ASO,CE,Federal Contract Tower,0,6,6,0,12,0,2,68,0,70,0,8,74,0,82,94,0,94,176
08/27/2000,OWB,KY,ASO,CE,Federal Contract Tower,0,8,9,0,17,0,0,51,0,51,0,8,60,0,68,64,0,64,132
08/28/2000,OWB,KY,ASO,CE,Federal Contract Tower,0,18,20,1,39,0,0,82,2,84,0,18,102,3,123,128,0,128,251
08/29/2000,OWB,KY,ASO,CE,Federal Contract Tower,0,16,18,1,35,0,3,83,3,89,0,19,101,4,124,80,0,80,204
08/30/2000,OWB,KY,ASO,CE,Federal Contract Tower,0,16,19,0,35,0,0,74,0,74,0,16,93,0,109,108,0,108,217
08/31/2000,OWB,KY,ASO,CE,Federal Contract Tower,0,17,22,1,40,0,0,83,7,90,0,17,105,8,130,60,28,88,218
09/01/2000,OWB,KY,ASO,CE,Federal Contract Tower,0,18,18,0,36,0,0,83,0,83,0,18,101,0,119,120,0,120,239
09/02/2000,OWB,KY,ASO,CE,Federal Contract Tower,0,6,6,0,12,0,2,59,0,61,0,8,65,0,73,48,0,48,121
09/03/2000,OWB,KY,ASO,CE,Federal Contract Tower,0,7,7,0,14,0,0,66,0,66,0,7,73,0,80,90,0,90,170
09/04/2000,OWB,KY,ASO,CE,Federal Contract Tower,0,5,8,0,13,0,0,55,0,55,0,5,63,0,68,54,0,54,122
09/05/2000,OWB,KY,ASO,CE,Federal Contract Tower,0,11,13,2,26,0,1,77,3,81,0,12,90,5,107,74,2,76,183
09/06/2000,OWB,KY,ASO,CE,Federal Contract Tower,0,19,20,2,41,0,1,83,2,86,0,20,103,4,127,92,8,100,227
09/07/2000,OWB,KY,ASO,CE,Federal Contract Tower,0,17,19,2,38,0,0,66,10,76,0,17,85,12,114,114,28,142,256
09/08/2000,OWB,KY,ASO,CE,Federal Contract Tower,0,13,17,2,32,0,0,45,0,45,0,13,62,2,77,64,4,68,145
09/09/2000,OWB,KY,ASO,CE,Federal Contract Tower,0,8,13,0,21,0,0,12,0,12,0,8,25,0,33,4,0,4,37
09/10/2000,OWB,KY,ASO,CE,Federal Contract Tower,0,10,13,2,25,0,0,30,0,30,0,10,43,2,55,44,0,44,99
09/11/2000,OWB,KY,ASO,CE,Federal Contract Tower,0,14,17,2,33,0,0,31,0,31,0,14,48,2,64,2,4,6,70
09/12/2000,OWB,KY,ASO,CE,Federal Contract Tower,0,10,12,0,22,0,3,48,0,51,0,13,60,0,73,56,0,56,129
09/13/2000,OWB,KY,ASO,CE,Federal Contract Tower,0,14,16,2,32,0,1,113,3,117,0,15,129,5,149,134,2,136,285
09/14/2000,OWB,KY,ASO,CE,Federal Contract Tower,0,13,14,2,29,0,3,68,2,73,0,16,82,4,102,96,2,98,200
09/15/2000,OWB,KY,ASO,CE,Federal Contract Tower,0,17,18,0,35,0,1,93,0,94,0,18,111,0,129,138,0,138,267
09/16/2000,OWB,KY,ASO,CE,Federal Contract Tower,0,11,18,0,29,0,0,142,0,142,0,11,160,0,171,84,0,84,255
09/17/2000,OWB,KY,ASO,CE,Federal Contract Tower,0,9,9,0,18,0,0,99,0,99,0,9,108,0,117,110,0,110,227
09/18/2000,OWB,KY,ASO,CE,Federal Contract Tower,0,17,20,1,38,0,2,105,5,112,0,19,125,6,150,122,12,134,284
09/19/2000,OWB,KY,ASO,CE,Federal Contract Tower,0,21,24,2,47,0,1,87,16,104,0,22,111,18,151,70,32,102,253
09/20/2000,OWB,KY,ASO,CE,Federal Contract Tower,0,17,19,1,37,0,3,44,3,50,0,20,63,4,87,32,2,34,121
09/21/2000,OWB,KY,ASO,CE,Federal Contract Tower,0,22,25,2,49,0,6,90,3,99,0,28,115,5,148,86,0,86,234
09/22/2000,OWB,KY,ASO,CE,Federal Contract Tower,0,13,16,1,30,0,2,70,3,75,0,15,86,4,105,80,8,88,193
09/23/2000,OWB,KY,ASO,CE,Federal Contract Tower,0,11,13,1,25,0,2,39,1,42,0,13,52,2,67,68,2,70,137
09/24/2000,OWB,KY,ASO,CE,Federal Contract Tower,0,7,9,0,16,0,0,0,0,0,0,7,9,0,16,0,0,0,16
09/25/2000,OWB,KY,ASO,CE,Federal Contract Tower,0,13,13,1,27,0,1,0,1,2,0,14,13,2,29,4,4,8,37
09/26/2000,OWB,KY,ASO,CE,Federal Contract Tower,0,24,28,2,54,0,3,77,4,84,0,27,105,6,138,110,12,122,260
09/27/2000,OWB,KY,ASO,CE,Federal Contract Tower,0,14,16,1,31,0,2,106,3,111,0,16,122,4,142,122,0,122,264
09/28/2000,OWB,KY,ASO,CE,Federal Contract Tower,0,16,27,2,45,0,0,78,5,83,0,16,105,7,128,74,6,80,208
09/29/2000,OWB,KY,ASO,CE,Federal Contract Tower,0,20,24,2,46,0,0,80,0,80,0,20,104,2,126,138,4,142,268
09/30/2000,OWB,KY,ASO,CE,Federal Contract Tower,0,7,11,0,18,0,0,87,4,91,0,7,98,4,109,190,6,196,305
10/01/2000,OWB,KY,ASO,CE,Federal Contract Tower,0,5,7,0,12,0,4,83,0,87,0,9,90,0,99,80,0,80,179
10/02/2000,OWB,KY,ASO,CE,Federal Contract Tower,0,13,19,3,35,0,2,72,1,75,0,15,91,4,110,90,8,98,208
10/03/2000,OWB,KY,ASO,CE,Federal Contract Tower,0,14,22,3,39,0,0,76,3,79,0,14,98,6,118,110,10,120,238
10/04/2000,OWB,KY,ASO,CE,Federal Contract Tower,0,13,18,3,34,0,0,79,3,82,0,13,97,6,116,154,4,158,274
10/05/2000,OWB,KY,ASO,CE,Federal Contract Tower,0,12,15,2,29,0,3,46,7,56,0,15,61,9,85,26,4,30,115
10/06/2000,OWB,KY,ASO,CE,Federal Contract Tower,0,17,23,0,40,0,4,58,0,62,0,21,81,0,102,62,0,62,164
10/07/2000,OWB,KY,ASO,CE,Federal Contract Tower,0,6,10,2,18,0,0,78,2,80,0,6,88,4,98,92,8,100,198
10/08/2000,OWB,KY,ASO,CE,Federal Contract Tower,0,6,7,0,13,0,0,41,0,41,0,6,48,0,54,56,0,56,110
10/09/2000,OWB,KY,ASO,CE,Federal Contract Tower,0,10,15,1,26,0,0,70,0,70,0,10,85,1,96,112,0,112,208
10/10/2000,OWB,KY,ASO,CE,Federal Contract Tower,0,14,18,2,34,0,2,67,0,69,0,16,85,2,103,104,4,108,211
10/11/2000,OWB,KY,ASO,CE,Federal Contract Tower,0,18,25,4,47,0,1,89,4,94,0,19,114,8,141,170,8,178,319
10/12/2000,OWB,KY,ASO,CE,Federal Contract Tower,0,17,30,4,51,0,0,104,0,104,0,17,134,4,155,116,0,116,271
10/13/2000,OWB,KY,ASO,CE,Federal Contract Tower,0,9,17,3,29,0,0,60,0,60,0,9,77,3,89,72,4,76,165
10/14/2000,OWB,KY,ASO,CE,Federal Contract Tower,0,5,5,1,11,0,0,78,1,79,0,5,83,2,90,70,4,74,164
10/15/2000,OWB,KY,ASO,CE,Federal Contract Tower,0,7,11,2,20,0,0,78,2,80,0,7,89,4,100,96,0,96,196
10/16/2000,OWB,KY,ASO,CE,Federal Contract Tower,0,17,23,2,42,0,0,3,0,3,0,17,26,2,45,6,4,10,55
10/17/2000,OWB,KY,ASO,CE,Federal Contract Tower,0,11,16,0,27,0,4,15,0,19,0,15,31,0,46,60,0,60,106
10/18/2000,OWB,KY,ASO,CE,Federal Contract Tower,0,16,21,2,39,0,2,60,0,62,0,18,81,2,101,72,0,72,173
10/19/2000,OWB,KY,ASO,CE,Federal Contract Tower,0,14,21,2,37,0,0,83,4,87,0,14,104,6,124,60,0,60,184
10/20/2000,OWB,KY,ASO,CE,Federal Contract Tower,0,10,17,2,29,0,0,77,5,82,0,10,94,7,111,164,0,164,275
10/21/2000,OWB,KY,ASO,CE,Federal Contract Tower,0,6,12,1,19,0,0,87,2,89,0,6,99,3,108,58,4,62,170
10/22/2000,OWB,KY,ASO,CE,Federal Contract Tower,0,6,11,0,17,0,0,87,0,87,0,6,98,0,104,68,0,68,172
10/23/2000,OWB,KY,ASO,CE,Federal Contract Tower,0,11,14,1,26,0,4,79,5,88,0,15,93,6,114,94,8,102,216
10/24/2000,OWB,KY,ASO,CE,Federal Contract Tower,0,15,21,2,38,0,2,72,10,84,0,17,93,12,122,102,24,126,248
10/25/2000,OWB,KY,ASO,CE,Federal Contract Tower,0,12,20,2,34,0,0,75,9,84,0,12,95,11,118,148,4,152,270
10/26/2000,OWB,KY,ASO,CE,Federal Contract Tower,0,12,16,1,29,0,0,55,2,57,0,12,71,3,86,62,18,80,166
10/27/2000,OWB,KY,ASO,CE,Federal Contract Tower,0,10,19,2,31,0,0,65,3,68,0,10,84,5,99,78,8,86,185
10/28/2000,OWB,KY,ASO,CE,Federal Contract Tower,0,5,9,0,14,0,1,64,0,65,0,6,73,0,79,72,0,72,151
10/29/2000,OWB,KY,ASO,CE,Federal Contract Tower,0,3,9,0,12,0,0,65,0,65,0,3,74,0,77,36,0,36,113
10/30/2000,OWB,KY,ASO,CE,Federal Contract Tower,0,13,18,2,33,0,1,46,2,49,0,14,64,4,82,114,10,124,206
10/31/2000,OWB,KY,ASO,CE,Federal Contract Tower,0,13,18,2,33,0,8,65,0,73,0,21,83,2,106,100,2,102,208
11/01/2000,OWB,KY,ASO,CE,Federal Contract Tower,0,16,17,1,34,0,2,94,3,99,0,18,111,4,133,112,0,112,245
11/02/2000,OWB,KY,ASO,CE,Federal Contract Tower,0,15,19,1,35,0,0,38,10,48,0,15,57,11,83,72,12,84,167
11/03/2000,OWB,KY,ASO,CE,Federal Contract Tower,0,15,18,2,35,0,1,49,0,50,0,16,67,2,85,60,0,60,145
11/04/2000,OWB,KY,ASO,CE,Federal Contract Tower,0,12,13,0,25,0,0,125,0,125,0,12,138,0,150,100,0,100,250
11/05/2000,OWB,KY,ASO,CE,Federal Contract Tower,0,9,13,0,22,0,0,86,0,86,0,9,99,0,108,96,0,96,204
11/06/2000,OWB,KY,ASO,CE,Federal Contract Tower,0,15,19,0,34,0,0,9,0,9,0,15,28,0,43,20,0,20,63
11/07/2000,OWB,KY,ASO,CE,Federal Contract Tower,0,13,14,2,29,0,3,51,2,56,0,16,65,4,85,64,6,70,155
11/08/2000,OWB,KY,ASO,CE,Federal Contract Tower,0,15,18,2,35,0,0,15,0,15,0,15,33,2,50,40,0,40,90
11/09/2000,OWB,KY,ASO,CE,Federal Contract Tower,0,12,14,0,26,0,0,23,0,23,0,12,37,0,49,30,0,30,79
11/10/2000,OWB,KY,ASO,CE,Federal Contract Tower,0,15,26,0,41,0,0,77,0,77,0,15,103,0,118,90,0,90,208
11/11/2000,OWB,KY,ASO,CE,Federal Contract Tower,0,2,5,0,7,0,0,119,0,119,0,2,124,0,126,124,0,124,250
11/12/2000,OWB,KY,ASO,CE,Federal Contract Tower,0,7,9,0,16,0,0,94,0,94,0,7,103,0,110,76,0,76,186
11/13/2000,OWB,KY,ASO,CE,Federal Contract Tower,0,9,10,0,19,0,1,67,0,68,0,10,77,0,87,62,0,62,149
11/14/2000,OWB,KY,ASO,CE,Federal Contract Tower,0,11,14,1,26,0,0,69,3,72,0,11,83,4,98,76,0,76,174
11/15/2000,OWB,KY,ASO,CE,Federal Contract Tower,0,22,25,2,49,0,1,71,0,72,0,23,96,2,121,100,2,102,223
11/16/2000,OWB,KY,ASO,CE,Federal Contract Tower,0,16,19,1,36,0,0,47,1,48,0,16,66,2,84,80,4,84,168
11/17/2000,OWB,KY,ASO,CE,Federal Contract Tower,0,13,16,0,29,0,1,55,0,56,0,14,71,0,85,90,0,90,175
11/18/2000,OWB,KY,ASO,CE,Federal Contract Tower,0,4,10,0,14,0,0,131,2,133,0,4,141,2,147,80,2,82,229
11/19/2000,OWB,KY,ASO,CE,Federal Contract Tower,0,6,7,0,13,0,1,83,0,84,0,7,90,0,97,74,0,74,171
11/20/2000,OWB,KY,ASO,CE,Federal Contract Tower,0,11,15,0,26,0,0,46,0,46,0,11,61,0,72,46,0,46,118
11/21/2000,OWB,KY,ASO,CE,Federal Contract Tower,0,13,16,1,30,0,0,58,5,63,0,13,74,6,93,46,14,60,153
11/22/2000,OWB,KY,ASO,CE,Federal Contract Tower,0,13,16,1,30,0,5,94,3,102,0,18,110,4,132,70,6,76,208
11/23/2000,OWB,KY,ASO,CE,Federal Contract Tower,0,2,3,0,5,0,3,33,0,36,0,5,36,0,41,82,0,82,123
11/24/2000,OWB,KY,ASO,CE,Federal Contract Tower,0,8,9,0,17,0,5,80,0,85,0,13,89,0,102,60,0,60,162
11/25/2000,OWB,KY,ASO,CE,Federal Contract Tower,0,5,8,0,13,0,0,18,0,18,0,5,26,0,31,4,0,4,35
11/26/2000,OWB,KY,ASO,CE,Federal Contract Tower,0,6,8,0,14,0,1,24,0,25,0,7,32,0,39,12,0,12,51
11/27/2000,OWB,KY,ASO,CE,Federal Contract Tower,0,13,17,0,30,0,2,24,0,26,0,15,41,0,56,44,0,44,100
11/28/2000,OWB,KY,ASO,CE,Federal Contract Tower,0,19,22,1,42,0,1,75,4,80,0,20,97,5,122,124,4,128,250
11/29/2000,OWB,KY,ASO,CE,Federal Contract Tower,0,14,17,1,32,0,5,47,1,53,0,19,64,2,85,110,0,110,195
11/30/2000,OWB,KY,ASO,CE,Federal Contract Tower,0,12,15,1,28,0,0,86,3,89,0,12,101,4,117,90,8,98,215
12/01/2000,OWB,KY,ASO,CE,Federal Contract Tower,0,18,17,0,35,0,0,53,0,53,0,18,70,0,88,90,0,90,178
12/02/2000,OWB,KY,ASO,CE,Federal Contract Tower,0,6,7,0,13,0,0,0,4,4,0,6,7,4,17,0,2,2,19
12/03/2000,OWB,KY,ASO,CE,Federal Contract Tower,0,5,7,0,12,0,0,87,8,95,0,5,94,8,107,70,8,78,185
12/04/2000,OWB,KY,ASO,CE,Federal Contract Tower,0,15,18,1,34,0,0,18,4,22,0,15,36,5,56,10,2,12,68
12/05/2000,OWB,KY,ASO,CE,Federal Contract Tower,0,16,14,1,31,0,4,72,2,78,0,20,86,3,109,104,4,108,217
12/06/2000,OWB,KY,ASO,CE,Federal Contract Tower,0,20,18,1,39,0,0,44,1,45,0,20,62,2,84,82,10,92,176
12/07/2000,OWB,KY,ASO,CE,Federal Contract Tower,0,17,15,2,34,0,3,80,3,86,0,20,95,5,120,82,6,88,208
12/08/2000,OWB,KY,ASO,CE,Federal Contract Tower,0,12,11,0,23,0,4,45,0,49,0,16,56,0,72,22,0,22,94
12/09/2000,OWB,KY,ASO,CE,Federal Contract Tower,0,4,5,0,9,0,0,85,0,85,0,4,90,0,94,120,0,120,214
12/10/2000,OWB,KY,ASO,CE,Federal Contract Tower,0,7,9,0,16,0,0,52,0,52,0,7,61,0,68,70,0,70,138
12/11/2000,OWB,KY,ASO,CE,Federal Contract Tower,0,12,11,0,23,0,4,0,0,4,0,16,11,0,27,0,0,0,27
12/12/2000,OWB,KY,ASO,CE,Federal Contract Tower,0,13,12,0,25,0,1,2,0,3,0,14,14,0,28,0,2,2,30
12/13/2000,OWB,KY,ASO,CE,Federal Contract Tower,0,2,2,0,4,0,0,3,0,3,0,2,5,0,7,0,0,0,7
12/14/2000,OWB,KY,ASO,CE,Federal Contract Tower,0,12,6,0,18,0,4,0,0,4,0,16,6,0,22,4,0,4,26
12/15/2000,OWB,KY,ASO,CE,Federal Contract Tower,0,15,17,2,34,0,0,5,0,5,0,15,22,2,39,0,0,0,39
12/16/2000,OWB,KY,ASO,CE,Federal Contract Tower,0,3,2,0,5,0,0,6,0,6,0,3,8,0,11,2,0,2,13
12/17/2000,OWB,KY,ASO,CE,Federal Contract Tower,0,5,7,1,13,0,0,13,1,14,0,5,20,2,27,10,0,10,37
12/18/2000,OWB,KY,ASO,CE,Federal Contract Tower,0,14,12,2,28,0,3,13,0,16,0,17,25,2,44,12,0,12,56
12/19/2000,OWB,KY,ASO,CE,Federal Contract Tower,0,13,12,1,26,0,1,21,1,23,0,14,33,2,49,20,0,20,69
12/20/2000,OWB,KY,ASO,CE,Federal Contract Tower,0,15,12,0,27,0,0,36,0,36,0,15,48,0,63,90,0,90,153
12/21/2000,OWB,KY,ASO,CE,Federal Contract Tower,0,12,10,0,22,0,0,54,0,54,0,12,64,0,76,60,0,60,136
12/22/2000,OWB,KY,ASO,CE,Federal Contract Tower,0,17,13,0,30,0,0,78,0,78,0,17,91,0,108,80,0,80,188
12/23/2000,OWB,KY,ASO,CE,Federal Contract Tower,0,5,4,0,9,0,0,77,0,77,0,5,81,0,86,80,0,80,166
12/24/2000,OWB,KY,ASO,CE,Federal Contract Tower,0,2,2,0,4,0,0,43,0,43,0,2,45,0,47,50,0,50,97
12/25/2000,OWB,KY,ASO,CE,Federal Contract Tower,0,3,1,0,4,0,0,23,0,23,0,3,24,0,27,26,0,26,53
12/26/2000,OWB,KY,ASO,CE,Federal Contract Tower,0,10,8,0,18,0,2,8,0,10,0,12,16,0,28,10,0,10,38
12/27/2000,OWB,KY,ASO,CE,Federal Contract Tower,0,16,12,0,28,0,7,54,0,61,0,23,66,0,89,60,0,60,149
12/28/2000,OWB,KY,ASO,CE,Federal Contract Tower,0,15,12,1,28,0,6,101,4,111,0,21,113,5,139,74,4,78,217
12/29/2000,OWB,KY,ASO,CE,Federal Contract Tower,0,8,7,0,15,0,4,1,0,5,0,12,8,0,20,0,0,0,20
12/30/2000,OWB,KY,ASO,CE,Federal Contract Tower,0,3,2,0,5,0,1,10,0,11,0,4,12,0,16,8,0,8,24
12/31/2000,OWB,KY,ASO,CE,Federal Contract Tower,0,3,1,0,4,0,0,22,0,22,0,3,23,0,26,40,0,40,66
01/01/2001,OWB,KY,ASO,CE,Federal Contract Tower,0,4,5,0,9,0,4,2,0,6,0,8,7,0,15,0,0,0,15
01/02/2001,OWB,KY,ASO,CE,Federal Contract Tower,0,7,8,0,15,0,6,87,0,93,0,13,95,0,108,130,0,130,238
01/03/2001,OWB,KY,ASO,CE,Federal Contract Tower,0,13,16,3,32,0,0,41,1,42,0,13,57,4,74,84,8,92,166
01/04/2001,OWB,KY,ASO,CE,Federal Contract Tower,0,18,18,3,39,0,6,55,11,72,0,24,73,14,111,84,8,92,203
01/05/2001,OWB,KY,ASO,CE,Federal Contract Tower,0,13,13,2,28,0,2,78,0,80,0,15,91,2,108,70,2,72,180
01/06/2001,OWB,KY,ASO,CE,Federal Contract Tower,0,3,4,0,7,0,0,88,0,88,0,3,92,0,95,100,0,100,195
01/07/2001,OWB,KY,ASO,CE,Federal Contract Tower,0,6,6,0,12,0,1,68,0,69,0,7,74,0,81,70,0,70,151
01/08/2001,OWB,KY,ASO,CE,Federal Contract Tower,0,13,13,2,28,0,6,58,0,64,0,19,71,2,92,82,4,86,178
01/09/2001,OWB,KY,ASO,CE,Federal Contract Tower,0,12,12,3,27,0,0,62,5,67,0,12,74,8,94,112,20,132,226
01/10/2001,OWB,KY,ASO,CE,Federal Contract Tower,0,16,17,3,36,0,0,87,21,108,0,16,104,24,144,114,10,124,268
01/11/2001,OWB,KY,ASO,CE,Federal Contract Tower,0,13,14,3,30,0,0,74,1,75,0,13,88,4,105,86,6,92,197
01/12/2001,OWB,KY,ASO,CE,Federal Contract Tower,0,14,14,0,28,0,3,19,0,22,0,17,33,0,50,10,0,10,60
01/13/2001,OWB,KY,ASO,CE,Federal Contract Tower,0,4,4,0,8,0,2,1,0,3,0,6,5,0,11,6,0,6,17
01/14/2001,OWB,KY,ASO,CE,Federal Contract Tower,0,1,2,0,3,0,2,19,0,21,0,3,21,0,24,32,0,32,56
01/15/2001,OWB,KY,ASO,CE,Federal Contract Tower,0,6,15,0,21,0,0,84,0,84,0,6,99,0,105,102,0,102,207
01/16/2001,OWB,KY,ASO,CE,Federal Contract Tower,0,12,12,2,26,0,2,71,9,82,0,14,83,11,108,110,10,120,228
01/17/2001,OWB,KY,ASO,CE,Federal Contract Tower,0,14,12,0,26,0,0,76,0,76,0,14,88,0,102,112,0,112,214
01/18/2001,OWB,KY,ASO,CE,Federal Contract Tower,0,14,14,2,30,0,0,60,1,61,0,14,74,3,91,70,0,70,161
01/19/2001,OWB,KY,ASO,CE,Federal Contract Tower,0,11,10,0,21,0,1,22,0,23,0,12,32,0,44,4,0,4,48
01/20/2001,OWB,KY,ASO,CE,Federal Contract Tower,0,7,8,1,16,0,0,46,3,49,0,7,54,4,65,50,8,58,123
01/21/2001,OWB,KY,ASO,CE,Federal Contract Tower,0,7,12,0,19,0,0,80,0,80,0,7,92,0,99,86,0,86,185
01/22/2001,OWB,KY,ASO,CE,Federal Contract Tower,0,13,12,2,27,0,0,75,6,81,0,13,87,8,108,62,16,78,186
01/23/2001,OWB,KY,ASO,CE,Federal Contract Tower,0,16,16,2,34,0,2,76,6,84,0,18,92,8,118,80,16,96,214
01/24/2001,OWB,KY,ASO,CE,Federal Contract Tower,0,19,18,3,40,0,0,89,8,97,0,19,107,11,137,114,16,130,267
01/25/2001,OWB,KY,ASO,CE,Federal Contract Tower,0,17,17,2,36,0,0,100,11,111,0,17,117,13,147,104,16,120,267
01/26/2001,OWB,KY,ASO,CE,Federal Contract Tower,0,10,11,0,21,0,0,49,0,49,0,10,60,0,70,44,0,44,114
01/27/2001,OWB,KY,ASO,CE,Federal Contract Tower,0,4,9,1,14,0,0,72,0,72,0,4,81,1,86,100,6,106,192
01/28/2001,OWB,KY,ASO,CE,Federal Contract Tower,0,4,5,0,9,0,0,78,0,78,0,4,83,0,87,78,0,78,165
01/29/2001,OWB,KY,ASO,CE,Federal Contract Tower,0,12,12,1,25,0,3,43,1,47,0,15,55,2,72,60,4,64,136
01/30/2001,OWB,KY,ASO,CE,Federal Contract Tower,0,12,11,1,24,0,5,51,1,57,0,17,62,2,81,40,4,44,125
01/31/2001,OWB,KY,ASO,CE,Federal Contract Tower,0,14,17,2,33,0,0,62,8,70,0,14,79,10,103,62,8,70,173
02/01/2001,OWB,KY,ASO,CE,Federal Contract Tower,0,12,13,2,27,0,6,74,2,82,0,18,87,4,109,112,2,114,223
02/02/2001,OWB,KY,ASO,CE,Federal Contract Tower,0,13,14,2,29,0,3,54,3,60,0,16,68,5,89,86,12,98,187
02/03/2001,OWB,KY,ASO,CE,Federal Contract Tower,0,5,10,0,15,0,0,97,0,97,0,5,107,0,112,132,0,132,244
02/04/2001,OWB,KY,ASO,CE,Federal Contract Tower,0,4,3,0,7,0,0,72,0,72,0,4,75,0,79,70,0,70,149
02/05/2001,OWB,KY,ASO,CE,Federal Contract Tower,0,17,17,3,37,0,1,48,1,50,0,18,65,4,87,64,6,70,157
02/06/2001,OWB,KY,ASO,CE,Federal Contract Tower,0,18,17,2,37,0,3,51,0,54,0,21,68,2,91,120,4,124,215
02/07/2001,OWB,KY,ASO,CE,Federal Contract Tower,0,21,21,4,46,0,0,79,10,89,0,21,100,14,135,132,14,146,281
02/08/2001,OWB,KY,ASO,CE,Federal Contract Tower,0,14,14,0,28,0,2,59,0,61,0,16,73,0,89,88,0,88,177
02/09/2001,OWB,KY,ASO,CE,Federal Contract Tower,0,13,12,0,25,0,0,31,0,31,0,13,43,0,56,18,0,18,74
02/10/2001,OWB,KY,ASO,CE,Federal Contract Tower,0,7,8,2,17,0,0,66,0,66,0,7,74,2,83,98,4,102,185
02/11/2001,OWB,KY,ASO,CE,Federal Contract Tower,0,3,4,0,7,0,0,87,0,87,0,3,91,0,94,112,0,112,206
02/12/2001,OWB,KY,ASO,CE,Federal Contract Tower,0,17,17,3,37,0,0,76,3,79,0,17,93,6,116,80,12,92,208
02/13/2001,OWB,KY,ASO,CE,Federal Contract Tower,0,11,10,0,21,0,2,0,0,2,0,13,10,0,23,0,0,0,23
02/14/2001,OWB,KY,ASO,CE,Federal Contract Tower,0,13,14,2,29,0,0,0,1,1,0,13,14,3,30,0,0,0,30
02/15/2001,OWB,KY,ASO,CE,Federal Contract Tower,0,11,10,0,21,0,2,0,0,2,0,13,10,0,23,0,0,0,23
02/16/2001,OWB,KY,ASO,CE,Federal Contract Tower,0,15,19,2,36,0,0,4,0,4,0,15,23,2,40,8,2,10,50
02/17/2001,OWB,KY,ASO,CE,Federal Contract Tower,0,5,9,1,15,0,0,102,3,105,0,5,111,4,120,124,8,132,252
02/18/2001,OWB,KY,ASO,CE,Federal Contract Tower,0,5,6,0,11,0,0,96,0,96,0,5,102,0,107,88,0,88,195
02/19/2001,OWB,KY,ASO,CE,Federal Contract Tower,0,8,18,0,26,0,0,118,0,118,0,8,136,0,144,90,0,90,234
02/20/2001,OWB,KY,ASO,CE,Federal Contract Tower,0,15,16,2,33,0,0,88,2,90,0,15,104,4,123,130,6,136,259
02/21/2001,OWB,KY,ASO,CE,Federal Contract Tower,0,10,16,2,28,0,0,82,2,84,0,10,98,4,112,128,2,130,242
02/22/2001,OWB,KY,ASO,CE,Federal Contract Tower,0,13,13,1,27,0,3,0,1,4,0,16,13,2,31,0,0,0,31
02/23/2001,OWB,KY,ASO,CE,Federal Contract Tower,0,15,18,0,33,0,0,47,0,47,0,15,65,0,80,36,0,36,116
02/24/2001,OWB,KY,ASO,CE,Federal Contract Tower,0,4,5,0,9,0,0,40,0,40,0,4,45,0,49,38,0,38,87
02/25/2001,OWB,KY,ASO,CE,Federal Contract Tower,0,4,4,0,8,0,0,65,0,65,0,4,69,0,73,84,0,84,157
02/26/2001,OWB,KY,ASO,CE,Federal Contract Tower,0,17,19,2,38,0,0,67,2,69,0,17,86,4,107,124,10,134,241
02/27/2001,OWB,KY,ASO,CE,Federal Contract Tower,0,18,18,2,38,0,8,42,8,58,0,26,60,10,96,84,10,94,190
02/28/2001,OWB,KY,ASO,CE,Federal Contract Tower,0,16,17,2,35,0,5,68,11,84,0,21,85,13,119,106,6,112,231
03/01/2001,OWB,KY,ASO,CE,Federal Contract Tower,0,17,2,0,19,0,0,87,19,106,0,17,89,19,125,80,34,114,239
03/02/2001,OWB,KY,ASO,CE,Federal Contract Tower,0,14,2,0,16,0,0,53,4,57,0,14,55,4,73,46,10,56,129
03/03/2001,OWB,KY,ASO,CE,Federal Contract Tower,0,6,1,0,7,0,0,91,0,91,0,6,92,0,98,144,0,144,242
03/04/2001,OWB,KY,ASO,CE,Federal Contract Tower,0,3,1,0,4,0,0,24,0,24,0,3,25,0,28,8,0,8,36
03/05/2001,OWB,KY,ASO,CE,Federal Contract Tower,0,14,3,0,17,0,0,73,8,81,0,14,76,8,98,88,0,88,186
03/06/2001,OWB,KY,ASO,CE,Federal Contract Tower,0,13,2,0,15,0,0,85,18,103,0,13,87,18,118,94,20,114,232
03/07/2001,OWB,KY,ASO,CE,Federal Contract Tower,0,16,3,0,19,0,0,91,4,95,0,16,94,4,114,114,8,122,236
03/08/2001,OWB,KY,ASO,CE,Federal Contract Tower,0,16,3,0,19,0,0,74,4,78,0,16,77,4,97,72,4,76,173
03/09/2001,OWB,KY,ASO,CE,Federal Contract Tower,0,14,2,0,16,0,2,95,3,100,0,16,97,3,116,80,12,92,208
03/10/2001,OWB,KY,ASO,CE,Federal Contract Tower,0,5,2,0,7,0,0,105,2,107,0,5,107,2,114,104,4,108,222
03/11/2001,OWB,KY,ASO,CE,Federal Contract Tower,0,8,2,0,10,0,0,134,0,134,0,8,136,0,144,142,0,142,286
03/12/2001,OWB,KY,ASO,CE,Federal Contract Tower,0,18,3,0,21,0,2,47,4,53,0,20,50,4,74,60,6,66,140
03/13/2001,OWB,KY,ASO,CE,Federal Contract Tower,0,15,3,0,18,0,0,73,10,83,0,15,76,10,101,80,14,94,195
03/14/2001,OWB,KY,ASO,CE,Federal Contract Tower,0,12,2,0,14,0,2,104,4,110,0,14,106,4,124,116,8,124,248
03/15/2001,OWB,KY,ASO,CE,Federal Contract Tower,0,19,4,0,23,0,0,76,1,77,0,19,80,1,100,70,4,74,174
03/16/2001,OWB,KY,ASO,CE,Federal Contract Tower,0,19,3,0,22,0,1,49,2,52,0,20,52,2,74,30,0,30,104
03/17/2001,OWB,KY,ASO,CE,Federal Contract Tower,0,5,2,0,7,0,0,66,2,68,0,5,68,2,75,62,4,66,141
03/18/2001,OWB,KY,ASO,CE,Federal Contract Tower,0,6,1,0,7,0,0,132,2,134,0,6,133,2,141,134,4,138,279
03/19/2001,OWB,KY,ASO,CE,Federal Contract Tower,0,10,1,0,11,0,0,88,4,92,0,10,89,4,103,116,0,116,219
03/20/2001,OWB,KY,ASO,CE,Federal Contract Tower,0,14,1,0,15,0,0,81,2,83,0,14,82,2,98,76,4,80,178
03/21/2001,OWB,KY,ASO,CE,Federal Contract Tower,0,10,1,0,11,0,0,77,6,83,0,10,78,6,94,100,10,110,204
03/22/2001,OWB,KY,ASO,CE,Federal Contract Tower,0,14,2,0,16,0,0,88,2,90,0,14,90,2,106,92,4,96,202
03/23/2001,OWB,KY,ASO,CE,Federal Contract Tower,0,19,2,0,21,0,0,115,2,117,0,19,117,2,138,114,2,116,254
03/24/2001,OWB,KY,ASO,CE,Federal Contract Tower,0,3,0,0,3,0,0,101,4,105,0,3,101,4,108,124,8,132,240
03/25/2001,OWB,KY,ASO,CE,Federal Contract Tower,0,5,1,0,6,0,0,105,2,107,0,5,106,2,113,104,0,104,217
03/26/2001,OWB,KY,ASO,CE,Federal Contract Tower,0,17,2,0,19,0,0,108,8,116,0,17,110,8,135,122,0,122,257
03/27/2001,OWB,KY,ASO,CE,Federal Contract Tower,0,13,2,0,15,0,0,84,22,106,0,13,86,22,121,110,34,144,265
03/28/2001,OWB,KY,ASO,CE,Federal Contract Tower,0,16,2,0,18,0,3,73,14,90,0,19,75,14,108,82,24,106,214
03/29/2001,OWB,KY,ASO,CE,Federal Contract Tower,0,16,2,0,18,0,0,74,10,84,0,16,76,10,102,92,20,112,214
03/30/2001,OWB,KY,ASO,CE,Federal Contract Tower,0,18,2,0,20,0,0,24,0,24,0,18,26,0,44,18,0,18,62
03/31/2001,OWB,KY,ASO,CE,Federal Contract Tower,0,5,0,0,5,0,0,53,0,53,0,5,53,0,58,40,0,40,98
04/01/2001,OWB,KY,ASO,CE,Federal Contract Tower,0,7,1,0,8,0,0,82,0,82,0,7,83,0,90,94,0,94,184
04/02/2001,OWB,KY,ASO,CE,Federal Contract Tower,0,13,2,0,15,0,0,66,0,66,0,13,68,0,81,68,0,68,149
04/03/2001,OWB,KY,ASO,CE,Federal Contract Tower,0,12,1,0,13,0,0,39,1,40,0,12,40,1,53,24,0,24,77
04/04/2001,OWB,KY,ASO,CE,Federal Contract Tower,0,15,2,0,17,0,0,89,8,97,0,15,91,8,114,90,12,102,216
04/05/2001,OWB,KY,ASO,CE,Federal Contract Tower,0,19,2,0,21,0,1,94,4,99,0,20,96,4,120,98,8,106,226
04/06/2001,OWB,KY,ASO,CE,Federal Contract Tower,0,19,2,0,21,0,0,102,4,106,0,19,104,4,127,80,8,88,215
04/07/2001,OWB,KY,ASO,CE,Federal Contract Tower,0,5,1,0,6,0,0,39,0,39,0,5,40,0,45,28,0,28,73
04/08/2001,OWB,KY,ASO,CE,Federal Contract Tower,0,7,1,0,8,0,1,55,0,56,0,8,56,0,64,74,0,74,138
04/09/2001,OWB,KY,ASO,CE,Federal Contract Tower,0,13,1,0,14,0,2,66,12,80,0,15,67,12,94,92,0,92,186
04/10/2001,OWB,KY,ASO,CE,Federal Contract Tower,0,12,1,0,13,0,3,84,2,89,0,15,85,2,102,94,4,98,200
04/11/2001,OWB,KY,ASO,CE,Federal Contract Tower,0,12,1,0,13,0,0,89,6,95,0,12,90,6,108,90,10,100,208
04/12/2001,OWB,KY,ASO,CE,Federal Contract Tower,0,13,1,0,14,0,3,70,6,79,0,16,71,6,93,94,12,106,199
04/13/2001,OWB,KY,ASO,CE,Federal Contract Tower,0,10,1,0,11,0,5,150,0,155,0,15,151,0,166,110,0,110,276
04/14/2001,OWB,KY,ASO,CE,Federal Contract Tower,0,3,1,0,4,0,0,114,0,114,0,3,115,0,118,90,0,90,208
04/15/2001,OWB,KY,ASO,CE,Federal Contract Tower,0,6,1,0,7,0,3,45,0,48,0,9,46,0,55,32,0,32,87
04/16/2001,OWB,KY,ASO,CE,Federal Contract Tower,0,17,1,0,18,0,0,76,1,77,0,17,77,1,95,58,0,58,153
04/17/2001,OWB,KY,ASO,CE,Federal Contract Tower,0,15,0,0,15,0,0,71,1,72,0,15,71,1,87,70,4,74,161
04/18/2001,OWB,KY,ASO,CE,Federal Contract Tower,0,15,1,0,16,0,0,140,4,144,0,15,141,4,160,110,8,118,278
04/19/2001,OWB,KY,ASO,CE,Federal Contract Tower,0,18,1,0,19,0,6,103,2,111,0,24,104,2,130,130,6,136,266
04/20/2001,OWB,KY,ASO,CE,Federal Contract Tower,0,17,1,0,18,0,0,89,1,90,0,17,90,1,108,50,0,50,158
04/21/2001,OWB,KY,ASO,CE,Federal Contract Tower,0,4,0,0,4,0,0,61,0,61,0,4,61,0,65,70,0,70,135
04/22/2001,OWB,KY,ASO,CE,Federal Contract Tower,0,7,0,0,7,0,0,77,0,77,0,7,77,0,84,84,0,84,168
04/23/2001,OWB,KY,ASO,CE,Federal Contract Tower,0,12,0,0,12,0,0,53,0,53,0,12,53,0,65,90,0,90,155
04/24/2001,OWB,KY,ASO,CE,Federal Contract Tower,0,11,0,0,11,0,1,79,2,82,0,12,79,2,93,110,2,112,205
04/25/2001,OWB,KY,ASO,CE,Federal Contract Tower,0,16,1,0,17,0,0,101,2,103,0,16,102,2,120,90,4,94,214
04/26/2001,OWB,KY,ASO,CE,Federal Contract Tower,0,16,1,0,17,0,0,111,8,119,0,16,112,8,136,148,4,152,288
04/27/2001,OWB,KY,ASO,CE,Federal Contract Tower,0,17,1,0,18,0,0,138,2,140,0,17,139,2,158,144,4,148,306
04/28/2001,OWB,KY,ASO,CE,Federal Contract Tower,0,4,0,0,4,0,0,98,2,100,0,4,98,2,104,100,4,104,208
04/29/2001,OWB,KY,ASO,CE,Federal Contract Tower,0,4,0,0,4,0,0,105,0,105,0,4,105,0,109,66,0,66,175
04/30/2001,OWB,KY,ASO,CE,Federal Contract Tower,0,14,0,0,14,0,0,91,0,91,0,14,91,0,105,80,0,80,185
05/01/2001,OWB,KY,ASO,CE,Federal Contract Tower,0,11,12,0,23,0,3,81,0,84,0,14,93,0,107,110,0,110,217
05/02/2001,OWB,KY,ASO,CE,Federal Contract Tower,0,18,19,2,39,0,4,79,8,91,0,22,98,10,130,132,4,136,266
05/03/2001,OWB,KY,ASO,CE,Federal Contract Tower,0,17,18,2,37,0,7,98,10,115,0,24,116,12,152,124,12,136,288
05/04/2001,OWB,KY,ASO,CE,Federal Contract Tower,0,17,17,0,34,0,2,118,0,120,0,19,135,0,154,132,0,132,286
05/05/2001,OWB,KY,ASO,CE,Federal Contract Tower,0,4,6,0,10,0,0,83,0,83,0,4,89,0,93,76,0,76,169
05/06/2001,OWB,KY,ASO,CE,Federal Contract Tower,0,4,6,0,10,0,0,77,0,77,0,4,83,0,87,70,0,70,157
05/07/2001,OWB,KY,ASO,CE,Federal Contract Tower,0,14,15,2,31,0,7,40,0,47,0,21,55,2,78,40,4,44,122
05/08/2001,OWB,KY,ASO,CE,Federal Contract Tower,0,16,16,0,32,0,1,80,0,81,0,17,96,0,113,80,0,80,193
05/09/2001,OWB,KY,ASO,CE,Federal Contract Tower,0,15,19,2,36,0,0,95,8,103,0,15,114,10,139,118,4,122,261
05/10/2001,OWB,KY,ASO,CE,Federal Contract Tower,0,18,21,2,41,0,0,99,12,111,0,18,120,14,152,134,16,150,302
05/11/2001,OWB,KY,ASO,CE,Federal Contract Tower,0,14,15,2,31,0,1,91,0,92,0,15,106,2,123,86,4,90,213
05/12/2001,OWB,KY,ASO,CE,Federal Contract Tower,0,5,13,0,18,0,0,98,0,98,0,5,111,0,116,106,0,106,222
05/13/2001,OWB,KY,ASO,CE,Federal Contract Tower,0,5,12,0,17,0,0,81,0,81,0,5,93,0,98,90,0,90,188
05/14/2001,OWB,KY,ASO,CE,Federal Contract Tower,0,19,20,2,41,0,2,81,0,83,0,21,101,2,124,80,8,88,212
05/15/2001,OWB,KY,ASO,CE,Federal Contract Tower,0,15,15,0,30,0,0,96,0,96,0,15,111,0,126,50,0,50,176
05/16/2001,OWB,KY,ASO,CE,Federal Contract Tower,0,18,19,2,39,0,0,83,24,107,0,18,102,26,146,114,4,118,264
05/17/2001,OWB,KY,ASO,CE,Federal Contract Tower,0,16,16,2,34,0,5,88,2,95,0,21,104,4,129,84,0,84,213
05/18/2001,OWB,KY,ASO,CE,Federal Contract Tower,0,11,12,0,23,0,3,78,0,81,0,14,90,0,104,66,0,66,170
05/19/2001,OWB,KY,ASO,CE,Federal Contract Tower,0,6,11,0,17,0,0,55,2,57,0,6,66,2,74,60,4,64,138
05/20/2001,OWB,KY,ASO,CE,Federal Contract Tower,0,7,12,0,19,0,0,43,2,45,0,7,55,2,64,46,0,46,110
05/21/2001,OWB,KY,ASO,CE,Federal Contract Tower,0,20,21,0,41,0,4,31,0,35,0,24,52,0,76,50,0,50,126
05/22/2001,OWB,KY,ASO,CE,Federal Contract Tower,0,22,22,1,45,0,12,87,9,108,0,34,109,10,153,106,2,108,261
05/23/2001,OWB,KY,ASO,CE,Federal Contract Tower,0,22,22,1,45,0,12,79,9,100,0,34,101,10,145,104,14,118,263
05/24/2001,OWB,KY,ASO,CE,Federal Contract Tower,0,21,22,1,44,0,3,75,17,95,0,24,97,18,139,112,30,142,281
05/25/2001,OWB,KY,ASO,CE,Federal Contract Tower,0,19,21,0,40,0,21,73,0,94,0,40,94,0,134,80,0,80,214
05/26/2001,OWB,KY,ASO,CE,Federal Contract Tower,0,13,16,0,29,0,0,100,0,100,0,13,116,0,129,74,0,74,203
05/27/2001,OWB,KY,ASO,CE,Federal Contract Tower,0,6,7,0,13,0,0,65,0,65,0,6,72,0,78,112,0,112,190
05/28/2001,OWB,KY,ASO,CE,Federal Contract Tower,0,7,12,0,19,0,0,100,0,100,0,7,112,0,119,60,0,60,179
05/29/2001,OWB,KY,ASO,CE,Federal Contract Tower,0,14,15,1,30,0,0,85,7,92,0,14,100,8,122,90,16,106,228
05/30/2001,OWB,KY,ASO,CE,Federal Contract Tower,0,15,16,1,32,0,6,69,13,88,0,21,85,14,120,112,4,116,236
05/31/2001,OWB,KY,ASO,CE,Federal Contract Tower,0,14,16,0,30,0,3,47,0,50,0,17,63,0,80,64,0,64,144
06/01/2001,OWB,KY,ASO,CE,Federal Contract Tower,0,11,2,0,13,0,5,69,0,74,0,16,71,0,87,88,0,88,175
06/02/2001,OWB,KY,ASO,CE,Federal Contract Tower,0,5,1,0,6,0,0,78,0,78,0,5,79,0,84,74,0,74,158
06/03/2001,OWB,KY,ASO,CE,Federal Contract Tower,0,3,1,0,4,0,1,74,0,75,0,4,75,0,79,80,0,80,159
06/04/2001,OWB,KY,ASO,CE,Federal Contract Tower,0,14,2,0,16,0,0,55,0,55,0,14,57,0,71,44,0,44,115
06/05/2001,OWB,KY,ASO,CE,Federal Contract Tower,0,10,1,0,11,0,4,75,4,83,0,14,76,4,94,66,8,74,168
06/06/2001,OWB,KY,ASO,CE,Federal Contract Tower,0,15,2,0,17,0,5,62,4,71,0,20,64,4,88,82,0,82,170
06/07/2001,OWB,KY,ASO,CE,Federal Contract Tower,0,17,2,0,19,0,4,58,6,68,0,21,60,6,87,58,4,62,149
06/08/2001,OWB,KY,ASO,CE,Federal Contract Tower,0,12,2,0,14,0,5,107,0,112,0,17,109,0,126,118,0,118,244
06/09/2001,OWB,KY,ASO,CE,Federal Contract Tower,0,8,1,0,9,0,0,134,0,134,0,8,135,0,143,114,0,114,257
06/10/2001,OWB,KY,ASO,CE,Federal Contract Tower,0,7,1,0,8,0,0,117,0,117,0,7,118,0,125,84,0,84,209
06/11/2001,OWB,KY,ASO,CE,Federal Contract Tower,0,15,2,0,17,0,0,111,2,113,0,15,113,2,130,100,4,104,234
06/12/2001,OWB,KY,ASO,CE,Federal Contract Tower,0,13,2,0,15,0,0,87,8,95,0,13,89,8,110,110,14,124,234
06/13/2001,OWB,KY,ASO,CE,Federal Contract Tower,0,12,2,0,14,0,6,81,2,89,0,18,83,2,103,106,2,108,211
06/14/2001,OWB,KY,ASO,CE,Federal Contract Tower,0,16,2,0,18,0,0,91,26,117,0,16,93,26,135,102,6,108,243
06/15/2001,OWB,KY,ASO,CE,Federal Contract Tower,0,18,2,0,20,0,8,82,0,90,0,26,84,0,110,76,0,76,186
06/16/2001,OWB,KY,ASO,CE,Federal Contract Tower,0,7,0,0,7,0,0,132,0,132,0,7,132,0,139,108,0,108,247
06/17/2001,OWB,KY,ASO,CE,Federal Contract Tower,0,2,0,0,2,0,3,89,0,92,0,5,89,0,94,90,0,90,184
06/18/2001,OWB,KY,ASO,CE,Federal Contract Tower,0,15,1,0,16,0,1,108,2,111,0,16,109,2,127,100,4,104,231
06/19/2001,OWB,KY,ASO,CE,Federal Contract Tower,0,10,1,0,11,0,4,100,16,120,0,14,101,16,131,120,0,120,251
06/20/2001,OWB,KY,ASO,CE,Federal Contract Tower,0,11,1,0,12,0,5,47,8,60,0,16,48,8,72,28,0,28,100
06/21/2001,OWB,KY,ASO,CE,Federal Contract Tower,0,17,1,0,18,0,0,51,4,55,0,17,52,4,73,40,6,46,119
06/22/2001,OWB,KY,ASO,CE,Federal Contract Tower,0,15,1,0,16,0,6,71,0,77,0,21,72,0,93,100,0,100,193
06/23/2001,OWB,KY,ASO,CE,Federal Contract Tower,0,7,0,0,7,0,2,111,0,113,0,9,111,0,120,120,0,120,240
06/24/2001,OWB,KY,ASO,CE,Federal Contract Tower,0,7,1,0,8,0,0,125,0,125,0,7,126,0,133,140,4,144,277
06/25/2001,OWB,KY,ASO,CE,Federal Contract Tower,0,17,1,0,18,0,5,121,10,136,0,22,122,10,154,150,4,154,308
06/26/2001,OWB,KY,ASO,CE,Federal Contract Tower,0,15,1,0,16,0,5,106,4,115,0,20,107,4,131,146,0,146,277
06/27/2001,OWB,KY,ASO,CE,Federal Contract Tower,0,11,1,0,12,0,10,69,2,81,0,21,70,2,93,110,6,116,209
06/28/2001,OWB,KY,ASO,CE,Federal Contract Tower,0,20,2,0,22,0,4,118,6,128,0,24,120,6,150,100,22,122,272
06/29/2001,OWB,KY,ASO,CE,Federal Contract Tower,0,12,1,0,13,0,5,100,0,105,0,17,101,0,118,90,0,90,208
06/30/2001,OWB,KY,ASO,CE,Federal Contract Tower,0,9,0,0,9,0,4,74,0,78,0,13,74,0,87,96,0,96,183
07/01/2001,OWB,KY,ASO,CE,Federal Contract Tower,0,9,7,0,16,0,3,93,0,96,0,12,100,0,112,116,0,116,228
07/02/2001,OWB,KY,ASO,CE,Federal Contract Tower,0,13,10,0,23,0,2,86,0,88,0,15,96,0,111,110,0,110,221
07/03/2001,OWB,KY,ASO,CE,Federal Contract Tower,0,22,17,2,41,0,9,73,0,82,0,31,90,2,123,128,4,132,255
07/04/2001,OWB,KY,ASO,CE,Federal Contract Tower,0,9,8,0,17,0,0,62,0,62,0,9,70,0,79,70,0,70,149
07/05/2001,OWB,KY,ASO,CE,Federal Contract Tower,0,17,13,0,30,0,5,85,0,90,0,22,98,0,120,88,0,88,208
07/06/2001,OWB,KY,ASO,CE,Federal Contract Tower,0,20,15,2,37,0,6,102,0,108,0,26,117,2,145,134,4,138,283
07/07/2001,OWB,KY,ASO,CE,Federal Contract Tower,0,19,16,1,36,0,7,87,5,99,0,26,103,6,135,126,4,130,265
07/08/2001,OWB,KY,ASO,CE,Federal Contract Tower,0,16,13,0,29,0,2,64,0,66,0,18,77,0,95,120,0,120,215
07/09/2001,OWB,KY,ASO,CE,Federal Contract Tower,0,18,14,0,32,0,6,53,0,59,0,24,67,0,91,76,0,76,167
07/10/2001,OWB,KY,ASO,CE,Federal Contract Tower,0,27,20,2,49,0,8,68,12,88,0,35,88,14,137,116,4,120,257
07/11/2001,OWB,KY,ASO,CE,Federal Contract Tower,0,18,14,1,33,0,3,97,5,105,0,21,111,6,138,98,12,110,248
07/12/2001,OWB,KY,ASO,CE,Federal Contract Tower,0,26,23,2,51,0,0,78,4,82,0,26,101,6,133,100,20,120,253
07/13/2001,OWB,KY,ASO,CE,Federal Contract Tower,0,27,21,2,50,0,1,75,6,82,0,28,96,8,132,90,20,110,242
07/14/2001,OWB,KY,ASO,CE,Federal Contract Tower,0,13,12,0,25,0,0,132,0,132,0,13,144,0,157,156,0,156,313
07/15/2001,OWB,KY,ASO,CE,Federal Contract Tower,0,14,11,0,25,0,1,94,0,95,0,15,105,0,120,120,0,120,240
07/16/2001,OWB,KY,ASO,CE,Federal Contract Tower,0,15,13,1,29,0,0,95,10,105,0,15,108,11,134,130,26,156,290
07/17/2001,OWB,KY,ASO,CE,Federal Contract Tower,0,21,20,2,43,0,0,84,2,86,0,21,104,4,129,94,4,98,227
07/18/2001,OWB,KY,ASO,CE,Federal Contract Tower,0,15,11,0,26,0,0,16,2,18,0,15,27,2,44,30,4,34,78
07/19/2001,OWB,KY,ASO,CE,Federal Contract Tower,0,18,16,1,35,0,0,75,1,76,0,18,91,2,111,90,8,98,209
07/20/2001,OWB,KY,ASO,CE,Federal Contract Tower,0,14,20,1,35,0,0,61,3,64,0,14,81,4,99,76,10,86,185
07/21/2001,OWB,KY,ASO,CE,Federal Contract Tower,0,4,7,0,11,0,0,56,10,66,0,4,63,10,77,90,10,100,177
07/22/2001,OWB,KY,ASO,CE,Federal Contract Tower,0,8,9,0,17,0,0,48,0,48,0,8,57,0,65,64,0,64,129
07/23/2001,OWB,KY,ASO,CE,Federal Contract Tower,0,14,12,0,26,0,0,58,0,58,0,14,70,0,84,50,0,50,134
07/24/2001,OWB,KY,ASO,CE,Federal Contract Tower,0,16,13,0,29,0,0,68,0,68,0,16,81,0,97,84,0,84,181
07/25/2001,OWB,KY,ASO,CE,Federal Contract Tower,0,19,15,0,34,0,4,70,0,74,0,23,85,0,108,80,0,80,188
07/26/2001,OWB,KY,ASO,CE,Federal Contract Tower,0,25,21,0,46,0,0,49,0,49,0,25,70,0,95,30,0,30,125
07/27/2001,OWB,KY,ASO,CE,Federal Contract Tower,0,27,20,1,48,0,3,30,1,34,0,30,50,2,82,50,4,54,136
07/28/2001,OWB,KY,ASO,CE,Federal Contract Tower,0,11,9,0,20,0,0,47,0,47,0,11,56,0,67,80,0,80,147
07/29/2001,OWB,KY,ASO,CE,Federal Contract Tower,0,9,7,0,16,0,0,85,0,85,0,9,92,0,101,108,0,108,209
07/30/2001,OWB,KY,ASO,CE,Federal Contract Tower,0,27,20,1,48,0,8,59,10,77,0,35,79,11,125,68,16,84,209
07/31/2001,OWB,KY,ASO,CE,Federal Contract Tower,0,25,19,1,45,0,8,84,23,115,0,33,103,24,160,124,38,162,322
08/01/2001,OWB,KY,ASO,CE,Federal Contract Tower,0,18,4,0,22,0,9,107,18,134,0,27,111,18,156,136,32,168,324
08/02/2001,OWB,KY,ASO,CE,Federal Contract Tower,0,23,5,0,28,0,6,97,12,115,0,29,102,12,143,90,24,114,257
08/03/2001,OWB,KY,ASO,CE,Federal Contract Tower,0,16,4,0,20,0,12,66,0,78,0,28,70,0,98,90,0,90,188
08/04/2001,OWB,KY,ASO,CE,Federal Contract Tower,0,7,2,0,9,0,0,106,0,106,0,7,108,0,115,102,0,102,217
08/05/2001,OWB,KY,ASO,CE,Federal Contract Tower,0,12,3,0,15,0,3,88,0,91,0,15,91,0,106,90,0,90,196
08/06/2001,OWB,KY,ASO,CE,Federal Contract Tower,0,15,4,0,19,0,11,94,10,115,0,26,98,10,134,72,10,82,216
08/07/2001,OWB,KY,ASO,CE,Federal Contract Tower,0,17,4,0,21,0,6,89,16,111,0,23,93,16,132,102,16,118,250
08/08/2001,OWB,KY,ASO,CE,Federal Contract Tower,0,16,4,0,20,0,10,89,2,101,0,26,93,2,121,130,4,134,255
08/09/2001,OWB,KY,ASO,CE,Federal Contract Tower,0,21,5,0,26,0,4,64,10,78,0,25,69,10,104,70,18,88,192
08/10/2001,OWB,KY,ASO,CE,Federal Contract Tower,0,20,4,0,24,0,3,92,0,95,0,23,96,0,119,70,0,70,189
08/11/2001,OWB,KY,ASO,CE,Federal Contract Tower,0,5,1,0,6,0,4,30,0,34,0,9,31,0,40,42,0,42,82
08/12/2001,OWB,KY,ASO,CE,Federal Contract Tower,0,9,2,0,11,0,3,110,0,113,0,12,112,0,124,94,0,94,218
08/13/2001,OWB,KY,ASO,CE,Federal Contract Tower,0,17,4,0,21,0,0,89,10,99,0,17,93,10,120,100,4,104,224
08/14/2001,OWB,KY,ASO,CE,Federal Contract Tower,0,18,4,0,22,0,5,107,10,122,0,23,111,10,144,80,8,88,232
08/15/2001,OWB,KY,ASO,CE,Federal Contract Tower,0,14,4,0,18,0,7,103,10,120,0,21,107,10,138,110,30,140,278
08/16/2001,OWB,KY,ASO,CE,Federal Contract Tower,0,19,5,0,24,0,6,81,4,91,0,25,86,4,115,92,6,98,213
08/17/2001,OWB,KY,ASO,CE,Federal Contract Tower,0,13,3,0,16,0,3,113,6,122,0,16,116,6,138,94,8,102,240
08/18/2001,OWB,KY,ASO,CE,Federal Contract Tower,0,9,2,0,11,0,10,77,0,87,0,19,79,0,98,110,0,110,208
08/19/2001,OWB,KY,ASO,CE,Federal Contract Tower,0,8,2,0,10,0,11,91,0,102,0,19,93,0,112,84,0,84,196
08/20/2001,OWB,KY,ASO,CE,Federal Contract Tower,0,16,3,0,19,0,0,98,2,100,0,16,101,2,119,114,4,118,237
08/21/2001,OWB,KY,ASO,CE,Federal Contract Tower,0,14,3,0,17,0,4,82,14,100,0,18,85,14,117,130,20,150,267
08/22/2001,OWB,KY,ASO,CE,Federal Contract Tower,0,14,2,0,16,0,5,76,13,94,0,19,78,13,110,96,14,110,220
08/23/2001,OWB,KY,ASO,CE,Federal Contract Tower,0,14,2,0,16,0,3,91,12,106,0,17,93,12,122,84,12,96,218
08/24/2001,OWB,KY,ASO,CE,Federal Contract Tower,0,13,2,0,15,0,9,65,0,74,0,22,67,0,89,74,0,74,163
08/25/2001,OWB,KY,ASO,CE,Federal Contract Tower,0,8,1,0,9,0,6,125,4,135,0,14,126,4,144,224,10,234,378
08/26/2001,OWB,KY,ASO,CE,Federal Contract Tower,0,4,0,0,4,0,7,87,0,94,0,11,87,0,98,154,0,154,252
08/27/2001,OWB,KY,ASO,CE,Federal Contract Tower,0,20,3,0,23,0,3,71,14,88,0,23,74,14,111,84,32,116,227
08/28/2001,OWB,KY,ASO,CE,Federal Contract Tower,0,14,3,0,17,0,0,75,18,93,0,14,78,18,110,104,42,146,256
08/29/2001,OWB,KY,ASO,CE,Federal Contract Tower,0,15,3,0,18,0,0,102,6,108,0,15,105,6,126,98,2,100,226
08/30/2001,OWB,KY,ASO,CE,Federal Contract Tower,0,9,2,0,11,0,5,81,0,86,0,14,83,0,97,104,0,104,201
08/31/2001,OWB,KY,ASO,CE,Federal Contract Tower,0,14,2,0,16,0,0,58,0,58,0,14,60,0,74,26,0,26,100
09/01/2001,OWB,KY,ASO,CE,Federal Contract Tower,0,4,7,1,12,0,2,92,15,109,0,6,99,16,121,92,32,124,245
09/02/2001,OWB,KY,ASO,CE,Federal Contract Tower,0,4,8,1,13,0,0,72,3,75,0,4,80,4,88,60,4,64,152
09/03/2001,OWB,KY,ASO,CE,Federal Contract Tower,0,6,12,0,18,0,0,69,0,69,0,6,81,0,87,60,0,60,147
09/04/2001,OWB,KY,ASO,CE,Federal Contract Tower,0,17,19,1,37,0,4,72,13,89,0,21,91,14,126,102,18,120,246
09/05/2001,OWB,KY,ASO,CE,Federal Contract Tower,0,14,16,1,31,0,3,83,15,101,0,17,99,16,132,98,10,108,240
09/06/2001,OWB,KY,ASO,CE,Federal Contract Tower,0,13,20,0,33,0,0,112,0,112,0,13,132,0,145,156,0,156,301
09/07/2001,OWB,KY,ASO,CE,Federal Contract Tower,0,17,19,1,37,0,1,66,5,72,0,18,85,6,109,68,10,78,187
09/08/2001,OWB,KY,ASO,CE,Federal Contract Tower,0,4,7,0,11,0,0,68,0,68,0,4,75,0,79,70,0,70,149
09/09/2001,OWB,KY,ASO,CE,Federal Contract Tower,0,5,6,0,11,0,2,30,0,32,0,7,36,0,43,24,0,24,67
09/10/2001,OWB,KY,ASO,CE,Federal Contract Tower,0,14,16,1,31,0,0,75,1,76,0,14,91,2,107,90,2,92,199
09/11/2001,OWB,KY,ASO,CE,Federal Contract Tower,0,1,2,0,3,0,2,2,0,4,0,3,4,0,7,0,0,0,7
09/12/2001,OWB,KY,ASO,CE,Federal Contract Tower,0,0,0,0,0,0,0,0,0,0,0,0,0,0,0,0,0,0,0
09/13/2001,OWB,KY,ASO,CE,Federal Contract Tower,0,7,0,0,7,0,8,0,0,8,0,15,0,0,15,0,0,0,15
09/14/2001,OWB,KY,ASO,CE,Federal Contract Tower,0,10,4,0,14,0,8,0,0,8,0,18,4,0,22,0,0,0,22
09/15/2001,OWB,KY,ASO,CE,Federal Contract Tower,0,3,13,0,16,0,0,9,0,9,0,3,22,0,25,0,0,0,25
09/16/2001,OWB,KY,ASO,CE,Federal Contract Tower,0,5,9,1,15,0,0,1,1,2,0,5,10,2,17,0,0,0,17
09/17/2001,OWB,KY,ASO,CE,Federal Contract Tower,0,14,15,0,29,0,0,1,0,1,0,14,16,0,30,0,0,0,30
09/18/2001,OWB,KY,ASO,CE,Federal Contract Tower,0,16,19,0,35,0,0,2,0,2,0,16,21,0,37,12,0,12,49
09/19/2001,OWB,KY,ASO,CE,Federal Contract Tower,0,10,12,0,22,0,4,0,0,4,0,14,12,0,26,6,0,6,32
09/20/2001,OWB,KY,ASO,CE,Federal Contract Tower,0,13,15,0,28,0,2,25,0,27,0,15,40,0,55,0,0,0,55
09/21/2001,OWB,KY,ASO,CE,Federal Contract Tower,0,15,22,0,37,0,0,49,2,51,0,15,71,2,88,0,0,0,88
09/22/2001,OWB,KY,ASO,CE,Federal Contract Tower,0,9,12,0,21,0,0,90,0,90,0,9,102,0,111,76,0,76,187
09/23/2001,OWB,KY,ASO,CE,Federal Contract Tower,0,7,14,0,21,0,0,62,0,62,0,7,76,0,83,56,0,56,139
09/24/2001,OWB,KY,ASO,CE,Federal Contract Tower,0,13,15,0,28,0,5,30,3,38,0,18,45,3,66,64,4,68,134
09/25/2001,OWB,KY,ASO,CE,Federal Contract Tower,0,15,18,0,33,0,1,67,6,74,0,16,85,6,107,70,12,82,189
09/26/2001,OWB,KY,ASO,CE,Federal Contract Tower,0,13,16,0,29,0,0,70,8,78,0,13,86,8,107,82,6,88,195
09/27/2001,OWB,KY,ASO,CE,Federal Contract Tower,0,16,21,0,37,0,0,73,3,76,0,16,94,3,113,86,6,92,205
09/28/2001,OWB,KY,ASO,CE,Federal Contract Tower,0,16,20,0,36,0,2,103,0,105,0,18,123,0,141,88,0,88,229
09/29/2001,OWB,KY,ASO,CE,Federal Contract Tower,0,5,11,0,16,0,0,110,0,110,0,5,121,0,126,82,0,82,208
09/30/2001,OWB,KY,ASO,CE,Federal Contract Tower,0,7,12,0,19,0,0,100,0,100,0,7,112,0,119,102,0,102,221
10/01/2001,OWB,KY,ASO,CE,Federal Contract Tower,0,12,11,0,23,0,2,67,4,73,0,14,78,4,96,90,8,98,194
10/02/2001,OWB,KY,ASO,CE,Federal Contract Tower,0,17,20,2,39,0,0,90,6,96,0,17,110,8,135,92,12,104,239
10/03/2001,OWB,KY,ASO,CE,Federal Contract Tower,0,14,15,0,29,0,3,53,0,56,0,17,68,0,85,76,0,76,161
10/04/2001,OWB,KY,ASO,CE,Federal Contract Tower,0,18,22,2,42,0,0,72,32,104,0,18,94,34,146,72,0,72,218
10/05/2001,OWB,KY,ASO,CE,Federal Contract Tower,0,14,13,0,27,0,1,17,0,18,0,15,30,0,45,12,0,12,57
10/06/2001,OWB,KY,ASO,CE,Federal Contract Tower,0,6,6,0,12,0,2,69,0,71,0,8,75,0,83,58,0,58,141
10/07/2001,OWB,KY,ASO,CE,Federal Contract Tower,0,7,8,0,15,0,0,105,0,105,0,7,113,0,120,98,0,98,218
10/08/2001,OWB,KY,ASO,CE,Federal Contract Tower,0,8,8,0,16,0,0,93,0,93,0,8,101,0,109,60,0,60,169
10/09/2001,OWB,KY,ASO,CE,Federal Contract Tower,0,15,15,2,32,0,4,108,2,114,0,19,123,4,146,122,2,124,270
10/10/2001,OWB,KY,ASO,CE,Federal Contract Tower,0,14,14,1,29,0,5,48,4,57,0,19,62,5,86,42,0,42,128
10/11/2001,OWB,KY,ASO,CE,Federal Contract Tower,0,18,18,0,36,0,0,33,0,33,0,18,51,0,69,20,0,20,89
10/12/2001,OWB,KY,ASO,CE,Federal Contract Tower,0,16,17,0,33,0,6,56,0,62,0,22,73,0,95,62,0,62,157
10/13/2001,OWB,KY,ASO,CE,Federal Contract Tower,0,3,2,0,5,0,1,23,0,24,0,4,25,0,29,10,0,10,39
10/14/2001,OWB,KY,ASO,CE,Federal Contract Tower,0,5,8,1,14,0,0,62,5,67,0,5,70,6,81,58,2,60,141
10/15/2001,OWB,KY,ASO,CE,Federal Contract Tower,0,17,21,0,38,0,0,94,0,94,0,17,115,0,132,96,0,96,228
10/16/2001,OWB,KY,ASO,CE,Federal Contract Tower,0,14,14,0,28,0,4,51,2,57,0,18,65,2,85,50,4,54,139
10/17/2001,OWB,KY,ASO,CE,Federal Contract Tower,0,20,21,0,41,0,4,91,0,95,0,24,112,0,136,130,0,130,266
10/18/2001,OWB,KY,ASO,CE,Federal Contract Tower,0,12,14,0,26,0,0,81,0,81,0,12,95,0,107,80,0,80,187
10/19/2001,OWB,KY,ASO,CE,Federal Contract Tower,0,17,18,0,35,0,0,94,0,94,0,17,112,0,129,90,0,90,219
10/20/2001,OWB,KY,ASO,CE,Federal Contract Tower,0,4,7,0,11,0,0,131,0,131,0,4,138,0,142,96,0,96,238
10/21/2001,OWB,KY,ASO,CE,Federal Contract Tower,0,7,8,0,15,0,0,118,0,118,0,7,126,0,133,102,0,102,235
10/22/2001,OWB,KY,ASO,CE,Federal Contract Tower,0,15,17,0,32,0,7,91,0,98,0,22,108,0,130,130,0,130,260
10/23/2001,OWB,KY,ASO,CE,Federal Contract Tower,0,15,16,1,32,0,8,61,3,72,0,23,77,4,104,72,8,80,184
10/24/2001,OWB,KY,ASO,CE,Federal Contract Tower,0,8,11,0,19,0,0,41,0,41,0,8,52,0,60,32,0,32,92
10/25/2001,OWB,KY,ASO,CE,Federal Contract Tower,0,18,20,1,39,0,0,55,3,58,0,18,75,4,97,64,8,72,169
10/26/2001,OWB,KY,ASO,CE,Federal Contract Tower,0,16,17,1,34,0,1,70,13,84,0,17,87,14,118,90,6,96,214
10/27/2001,OWB,KY,ASO,CE,Federal Contract Tower,0,8,17,0,25,0,0,143,0,143,0,8,160,0,168,146,2,148,316
10/28/2001,OWB,KY,ASO,CE,Federal Contract Tower,0,5,9,0,14,0,0,97,8,105,0,5,106,8,119,88,24,112,231
10/29/2001,OWB,KY,ASO,CE,Federal Contract Tower,0,16,17,1,34,0,0,111,2,113,0,16,128,3,147,92,6,98,245
10/30/2001,OWB,KY,ASO,CE,Federal Contract Tower,0,15,18,1,34,0,0,103,5,108,0,15,121,6,142,126,12,138,280
10/31/2001,OWB,KY,ASO,CE,Federal Contract Tower,0,17,19,1,37,0,0,108,3,111,0,17,127,4,148,80,10,90,238
11/01/2001,OWB,KY,ASO,CE,Federal Contract Tower,0,16,15,0,31,0,1,75,0,76,0,17,90,0,107,62,0,62,169
11/02/2001,OWB,KY,ASO,CE,Federal Contract Tower,0,20,18,0,38,0,4,65,0,69,0,24,83,0,107,50,0,50,157
11/03/2001,OWB,KY,ASO,CE,Federal Contract Tower,0,6,8,0,14,0,0,119,0,119,0,6,127,0,133,120,0,120,253
11/04/2001,OWB,KY,ASO,CE,Federal Contract Tower,0,5,10,0,15,0,0,121,0,121,0,5,131,0,136,80,0,80,216
11/05/2001,OWB,KY,ASO,CE,Federal Contract Tower,0,14,13,2,29,0,6,106,10,122,0,20,119,12,151,88,0,88,239
11/06/2001,OWB,KY,ASO,CE,Federal Contract Tower,0,19,17,0,36,0,4,100,0,104,0,23,117,0,140,98,0,98,238
11/07/2001,OWB,KY,ASO,CE,Federal Contract Tower,0,18,17,2,37,0,0,113,1,114,0,18,130,3,151,126,2,128,279
11/08/2001,OWB,KY,ASO,CE,Federal Contract Tower,0,23,20,2,45,0,0,82,5,87,0,23,102,7,132,80,14,94,226
11/09/2001,OWB,KY,ASO,CE,Federal Contract Tower,0,14,13,2,29,0,2,99,1,102,0,16,112,3,131,80,6,86,217
11/10/2001,OWB,KY,ASO,CE,Federal Contract Tower,0,4,4,0,8,0,0,107,0,107,0,4,111,0,115,80,0,80,195
11/11/2001,OWB,KY,ASO,CE,Federal Contract Tower,0,6,8,0,14,0,0,120,0,120,0,6,128,0,134,100,0,100,234
11/12/2001,OWB,KY,ASO,CE,Federal Contract Tower,0,15,13,0,28,0,2,83,0,85,0,17,96,0,113,90,0,90,203
11/13/2001,OWB,KY,ASO,CE,Federal Contract Tower,0,16,14,2,32,0,1,85,0,86,0,17,99,2,118,94,2,96,214
11/14/2001,OWB,KY,ASO,CE,Federal Contract Tower,0,16,17,2,35,0,0,107,6,113,0,16,124,8,148,110,16,126,274
11/15/2001,OWB,KY,ASO,CE,Federal Contract Tower,0,18,16,2,36,0,0,118,0,118,0,18,134,2,154,100,4,104,258
11/16/2001,OWB,KY,ASO,CE,Federal Contract Tower,0,13,11,0,24,0,2,120,0,122,0,15,131,0,146,80,0,80,226
11/17/2001,OWB,KY,ASO,CE,Federal Contract Tower,0,4,8,0,12,0,0,103,0,103,0,4,111,0,115,50,0,50,165
11/18/2001,OWB,KY,ASO,CE,Federal Contract Tower,0,4,6,0,10,0,0,86,0,86,0,4,92,0,96,80,0,80,176
11/19/2001,OWB,KY,ASO,CE,Federal Contract Tower,0,12,12,1,25,0,0,27,1,28,0,12,39,2,53,24,0,24,77
11/20/2001,OWB,KY,ASO,CE,Federal Contract Tower,0,14,13,0,27,0,6,102,6,114,0,20,115,6,141,104,12,116,257
11/21/2001,OWB,KY,ASO,CE,Federal Contract Tower,0,11,10,0,21,0,2,72,0,74,0,13,82,0,95,70,0,70,165
11/22/2001,OWB,KY,ASO,CE,Federal Contract Tower,0,8,6,0,14,0,0,67,0,67,0,8,73,0,81,44,0,44,125
11/23/2001,OWB,KY,ASO,CE,Federal Contract Tower,0,8,7,0,15,0,3,89,0,92,0,11,96,0,107,60,0,60,167
11/24/2001,OWB,KY,ASO,CE,Federal Contract Tower,0,4,3,0,7,0,3,28,0,31,0,7,31,0,38,20,0,20,58
11/25/2001,OWB,KY,ASO,CE,Federal Contract Tower,0,4,4,0,8,0,0,88,2,90,0,4,92,2,98,130,0,130,228
11/26/2001,OWB,KY,ASO,CE,Federal Contract Tower,0,13,12,0,25,0,2,60,0,62,0,15,72,0,87,98,0,98,185
11/27/2001,OWB,KY,ASO,CE,Federal Contract Tower,0,14,12,0,26,0,0,57,0,57,0,14,69,0,83,50,2,52,135
11/28/2001,OWB,KY,ASO,CE,Federal Contract Tower,0,12,7,0,19,0,2,0,2,4,0,14,7,2,23,2,2,4,27
11/29/2001,OWB,KY,ASO,CE,Federal Contract Tower,0,17,14,0,31,0,0,0,0,0,0,17,14,0,31,6,0,6,37
11/30/2001,OWB,KY,ASO,CE,Federal Contract Tower,0,17,18,0,35,0,0,64,0,64,0,17,82,0,99,40,0,40,139
12/01/2001,OWB,KY,ASO,CE,Federal Contract Tower,0,4,7,1,12,0,0,96,3,99,0,4,103,4,111,100,6,106,217
12/02/2001,OWB,KY,ASO,CE,Federal Contract Tower,0,6,8,1,15,0,0,84,1,85,0,6,92,2,100,100,4,104,204
12/03/2001,OWB,KY,ASO,CE,Federal Contract Tower,0,12,12,1,25,0,0,77,0,77,0,12,89,1,102,96,4,100,202
12/04/2001,OWB,KY,ASO,CE,Federal Contract Tower,0,15,17,3,35,0,0,87,1,88,0,15,104,4,123,100,6,106,229
12/05/2001,OWB,KY,ASO,CE,Federal Contract Tower,0,16,15,2,33,0,1,81,2,84,0,17,96,4,117,60,12,72,189
12/06/2001,OWB,KY,ASO,CE,Federal Contract Tower,0,12,12,1,25,0,0,5,0,5,0,12,17,1,30,0,0,0,30
12/07/2001,OWB,KY,ASO,CE,Federal Contract Tower,0,17,18,2,37,0,0,59,0,59,0,17,77,2,96,66,2,68,164
12/08/2001,OWB,KY,ASO,CE,Federal Contract Tower,0,4,4,0,8,0,0,0,0,0,0,4,4,0,8,4,0,4,12
12/09/2001,OWB,KY,ASO,CE,Federal Contract Tower,0,7,10,0,17,0,0,86,0,86,0,7,96,0,103,90,0,90,193
12/10/2001,OWB,KY,ASO,CE,Federal Contract Tower,0,13,15,2,30,0,0,89,4,93,0,13,104,6,123,70,4,74,197
12/11/2001,OWB,KY,ASO,CE,Federal Contract Tower,0,16,16,2,34,0,0,90,0,90,0,16,106,2,124,80,4,84,208
12/12/2001,OWB,KY,ASO,CE,Federal Contract Tower,0,17,16,2,35,0,4,3,3,10,0,21,19,5,45,8,4,12,57
12/13/2001,OWB,KY,ASO,CE,Federal Contract Tower,0,16,15,0,31,0,2,37,0,39,0,18,52,0,70,46,0,46,116
12/14/2001,OWB,KY,ASO,CE,Federal Contract Tower,0,13,13,2,28,0,1,27,0,28,0,14,40,2,56,32,4,36,92
12/15/2001,OWB,KY,ASO,CE,Federal Contract Tower,0,6,6,0,12,0,0,82,0,82,0,6,88,0,94,70,4,74,168
12/16/2001,OWB,KY,ASO,CE,Federal Contract Tower,0,3,1,0,4,0,1,0,0,1,0,4,1,0,5,0,0,0,5
12/17/2001,OWB,KY,ASO,CE,Federal Contract Tower,0,15,14,1,30,0,1,2,1,4,0,16,16,2,34,0,4,4,38
12/18/2001,OWB,KY,ASO,CE,Federal Contract Tower,0,15,21,2,38,0,0,89,20,109,0,15,110,22,147,62,38,100,247
12/19/2001,OWB,KY,ASO,CE,Federal Contract Tower,0,13,12,0,25,0,2,50,0,52,0,15,62,0,77,60,0,60,137
12/20/2001,OWB,KY,ASO,CE,Federal Contract Tower,0,14,13,1,28,0,1,80,3,84,0,15,93,4,112,80,6,86,198
12/21/2001,OWB,KY,ASO,CE,Federal Contract Tower,0,10,9,0,19,0,4,89,4,97,0,14,98,4,116,106,10,116,232
12/22/2001,OWB,KY,ASO,CE,Federal Contract Tower,0,4,5,0,9,0,0,77,0,77,0,4,82,0,86,100,0,100,186
12/23/2001,OWB,KY,ASO,CE,Federal Contract Tower,0,4,3,0,7,0,1,60,0,61,0,5,63,0,68,60,0,60,128
12/24/2001,OWB,KY,ASO,CE,Federal Contract Tower,0,7,6,0,13,0,2,47,0,49,0,9,53,0,62,50,0,50,112
12/25/2001,OWB,KY,ASO,CE,Federal Contract Tower,0,4,5,0,9,0,0,46,0,46,0,4,51,0,55,54,0,54,109
12/26/2001,OWB,KY,ASO,CE,Federal Contract Tower,0,13,12,0,25,0,1,65,0,66,0,14,77,0,91,104,0,104,195
12/27/2001,OWB,KY,ASO,CE,Federal Contract Tower,0,12,11,1,24,0,0,86,3,89,0,12,97,4,113,118,14,132,245
12/28/2001,OWB,KY,ASO,CE,Federal Contract Tower,0,13,11,0,24,0,7,70,0,77,0,20,81,0,101,84,0,84,185
12/29/2001,OWB,KY,ASO,CE,Federal Contract Tower,0,6,6,0,12,0,3,25,0,28,0,9,31,0,40,10,0,10,50
12/30/2001,OWB,KY,ASO,CE,Federal Contract Tower,0,8,8,0,16,0,0,69,0,69,0,8,77,0,85,102,0,102,187
12/31/2001,OWB,KY,ASO,CE,Federal Contract Tower,0,9,8,0,17,0,6,76,0,82,0,15,84,0,99,40,0,40,139
01/01/2002,OWB,KY,ASO,CE,Federal Contract Tower,0,10,9,0,19,0,0,64,0,64,0,10,73,0,83,70,0,70,153
01/02/2002,OWB,KY,ASO,CE,Federal Contract Tower,0,12,11,0,23,0,14,71,0,85,0,26,82,0,108,138,0,138,246
01/03/2002,OWB,KY,ASO,CE,Federal Contract Tower,0,11,10,2,23,0,2,59,0,61,0,13,69,2,84,90,4,94,178
01/04/2002,OWB,KY,ASO,CE,Federal Contract Tower,0,20,19,3,42,0,0,87,1,88,0,20,106,4,130,86,0,86,216
01/05/2002,OWB,KY,ASO,CE,Federal Contract Tower,0,4,6,0,10,0,0,107,0,107,0,4,113,0,117,88,0,88,205
01/06/2002,OWB,KY,ASO,CE,Federal Contract Tower,0,2,2,0,4,0,2,15,0,17,0,4,17,0,21,14,0,14,35
01/07/2002,OWB,KY,ASO,CE,Federal Contract Tower,0,11,10,2,23,0,3,68,0,71,0,14,78,2,94,70,4,74,168
01/08/2002,OWB,KY,ASO,CE,Federal Contract Tower,0,13,13,2,28,0,12,97,2,111,0,25,110,4,139,100,10,110,249
01/09/2002,OWB,KY,ASO,CE,Federal Contract Tower,0,15,15,2,32,0,4,79,7,90,0,19,94,9,122,116,12,128,250
01/10/2002,OWB,KY,ASO,CE,Federal Contract Tower,0,15,17,3,35,0,0,21,4,25,0,15,38,7,60,32,16,48,108
01/11/2002,OWB,KY,ASO,CE,Federal Contract Tower,0,19,25,4,48,0,0,89,2,91,0,19,114,6,139,106,8,114,253
01/12/2002,OWB,KY,ASO,CE,Federal Contract Tower,0,6,7,0,13,0,1,88,0,89,0,7,95,0,102,136,0,136,238
01/13/2002,OWB,KY,ASO,CE,Federal Contract Tower,0,4,5,0,9,0,0,86,0,86,0,4,91,0,95,106,0,106,201
01/14/2002,OWB,KY,ASO,CE,Federal Contract Tower,0,8,6,1,15,0,6,68,1,75,0,14,74,2,90,84,4,88,178
01/15/2002,OWB,KY,ASO,CE,Federal Contract Tower,0,12,13,2,27,0,0,81,10,91,0,12,94,12,118,70,30,100,218
01/16/2002,OWB,KY,ASO,CE,Federal Contract Tower,0,17,15,3,35,0,0,69,0,69,0,17,84,3,104,102,4,106,210
01/17/2002,OWB,KY,ASO,CE,Federal Contract Tower,0,17,16,0,33,0,0,61,0,61,0,17,77,0,94,80,0,80,174
01/18/2002,OWB,KY,ASO,CE,Federal Contract Tower,0,8,8,0,16,0,0,46,0,46,0,8,54,0,62,60,0,60,122
01/19/2002,OWB,KY,ASO,CE,Federal Contract Tower,0,7,7,0,14,0,1,12,0,13,0,8,19,0,27,10,0,10,37
01/20/2002,OWB,KY,ASO,CE,Federal Contract Tower,0,4,7,0,11,0,0,38,0,38,0,4,45,0,49,48,0,48,97
01/21/2002,OWB,KY,ASO,CE,Federal Contract Tower,0,8,8,1,17,0,0,84,1,85,0,8,92,2,102,80,4,84,186
01/22/2002,OWB,KY,ASO,CE,Federal Contract Tower,0,14,14,1,29,0,0,100,5,105,0,14,114,6,134,120,14,134,268
01/23/2002,OWB,KY,ASO,CE,Federal Contract Tower,0,13,5,1,19,0,5,0,2,7,0,18,5,3,26,0,0,0,26
01/24/2002,OWB,KY,ASO,CE,Federal Contract Tower,0,13,15,2,30,0,0,54,1,55,0,13,69,3,85,76,6,82,167
01/25/2002,OWB,KY,ASO,CE,Federal Contract Tower,0,15,14,0,29,0,2,93,0,95,0,17,107,0,124,128,0,128,252
01/26/2002,OWB,KY,ASO,CE,Federal Contract Tower,0,6,5,0,11,0,2,150,0,152,0,8,155,0,163,168,0,168,331
01/27/2002,OWB,KY,ASO,CE,Federal Contract Tower,0,8,8,0,16,0,0,112,0,112,0,8,120,0,128,124,0,124,252
01/28/2002,OWB,KY,ASO,CE,Federal Contract Tower,0,12,20,2,34,0,0,117,6,123,0,12,137,8,157,106,28,134,291
01/29/2002,OWB,KY,ASO,CE,Federal Contract Tower,0,14,12,1,27,0,0,41,3,44,0,14,53,4,71,52,6,58,129
01/30/2002,OWB,KY,ASO,CE,Federal Contract Tower,0,19,17,0,36,0,0,3,0,3,0,19,20,0,39,4,0,4,43
01/31/2002,OWB,KY,ASO,CE,Federal Contract Tower,0,22,20,0,42,0,2,27,0,29,0,24,47,0,71,36,0,36,107
02/01/2002,OWB,KY,ASO,CE,Federal Contract Tower,0,11,2,0,13,0,3,64,0,67,0,14,66,0,80,86,0,86,166
02/02/2002,OWB,KY,ASO,CE,Federal Contract Tower,0,3,1,0,4,0,6,116,0,122,0,9,117,0,126,110,0,110,236
02/03/2002,OWB,KY,ASO,CE,Federal Contract Tower,0,9,2,0,11,0,0,95,0,95,0,9,97,0,106,106,0,106,212
02/04/2002,OWB,KY,ASO,CE,Federal Contract Tower,0,11,2,0,13,0,2,82,0,84,0,13,84,0,97,80,0,80,177
02/05/2002,OWB,KY,ASO,CE,Federal Contract Tower,0,13,2,0,15,0,2,97,8,107,0,15,99,8,122,76,14,90,212
02/06/2002,OWB,KY,ASO,CE,Federal Contract Tower,0,12,2,0,14,0,0,49,2,51,0,12,51,2,65,56,4,60,125
02/07/2002,OWB,KY,ASO,CE,Federal Contract Tower,0,12,2,0,14,0,3,99,2,104,0,15,101,2,118,50,4,54,172
02/08/2002,OWB,KY,ASO,CE,Federal Contract Tower,0,16,3,0,19,0,1,114,6,121,0,17,117,6,140,80,14,94,234
02/09/2002,OWB,KY,ASO,CE,Federal Contract Tower,0,8,2,0,10,0,6,104,8,118,0,14,106,8,128,126,20,146,274
02/10/2002,OWB,KY,ASO,CE,Federal Contract Tower,0,6,1,0,7,0,5,54,0,59,0,11,55,0,66,90,0,90,156
02/11/2002,OWB,KY,ASO,CE,Federal Contract Tower,0,11,2,0,13,0,2,93,0,95,0,13,95,0,108,156,0,156,264
02/12/2002,OWB,KY,ASO,CE,Federal Contract Tower,0,14,2,0,16,0,10,138,11,159,0,24,140,11,175,132,20,152,327
02/13/2002,OWB,KY,ASO,CE,Federal Contract Tower,0,12,2,0,14,0,1,89,8,98,0,13,91,8,112,80,16,96,208
02/14/2002,OWB,KY,ASO,CE,Federal Contract Tower,0,11,2,0,13,0,3,99,4,106,0,14,101,4,119,118,8,126,245
02/15/2002,OWB,KY,ASO,CE,Federal Contract Tower,0,13,2,0,15,0,7,89,2,98,0,20,91,2,113,80,4,84,197
02/16/2002,OWB,KY,ASO,CE,Federal Contract Tower,0,6,1,0,7,0,5,124,0,129,0,11,125,0,136,104,0,104,240
02/17/2002,OWB,KY,ASO,CE,Federal Contract Tower,0,8,0,0,8,0,1,114,2,117,0,9,114,2,125,118,4,122,247
02/18/2002,OWB,KY,ASO,CE,Federal Contract Tower,0,9,1,0,10,0,4,111,0,115,0,13,112,0,125,112,0,112,237
02/19/2002,OWB,KY,ASO,CE,Federal Contract Tower,0,12,1,0,13,0,4,67,6,77,0,16,68,6,90,50,12,62,152
02/20/2002,OWB,KY,ASO,CE,Federal Contract Tower,0,12,1,0,13,0,8,65,4,77,0,20,66,4,90,4,10,14,104
02/21/2002,OWB,KY,ASO,CE,Federal Contract Tower,0,11,1,0,12,0,3,80,4,87,0,14,81,4,99,50,8,58,157
02/22/2002,OWB,KY,ASO,CE,Federal Contract Tower,0,11,1,0,12,0,3,110,0,113,0,14,111,0,125,70,0,70,195
02/23/2002,OWB,KY,ASO,CE,Federal Contract Tower,0,6,0,0,6,0,0,161,0,161,0,6,161,0,167,206,0,206,373
02/24/2002,OWB,KY,ASO,CE,Federal Contract Tower,0,7,0,0,7,0,1,111,0,112,0,8,111,0,119,90,0,90,209
02/25/2002,OWB,KY,ASO,CE,Federal Contract Tower,0,14,1,0,15,0,0,80,20,100,0,14,81,20,115,84,44,128,243
02/26/2002,OWB,KY,ASO,CE,Federal Contract Tower,0,8,0,0,8,0,2,17,2,21,0,10,17,2,29,18,0,18,47
02/27/2002,OWB,KY,ASO,CE,Federal Contract Tower,0,14,1,0,15,0,1,66,6,73,0,15,67,6,88,40,10,50,138
02/28/2002,OWB,KY,ASO,CE,Federal Contract Tower,0,14,1,0,15,0,2,120,4,126,0,16,121,4,141,70,16,86,227
03/01/2002,OWB,KY,ASO,CE,Federal Contract Tower,0,15,17,2,34,0,0,151,6,157,0,15,168,8,191,120,18,138,329
03/02/2002,OWB,KY,ASO,CE,Federal Contract Tower,0,4,7,1,12,0,0,13,1,14,0,4,20,2,26,10,0,10,36
03/03/2002,OWB,KY,ASO,CE,Federal Contract Tower,0,4,5,0,9,0,2,47,0,49,0,6,52,0,58,44,0,44,102
03/04/2002,OWB,KY,ASO,CE,Federal Contract Tower,0,13,14,0,27,0,0,86,0,86,0,13,100,0,113,112,0,112,225
03/05/2002,OWB,KY,ASO,CE,Federal Contract Tower,0,19,18,3,40,0,0,100,15,115,0,19,118,18,155,126,36,162,317
03/06/2002,OWB,KY,ASO,CE,Federal Contract Tower,0,21,20,4,45,0,12,100,4,116,0,33,120,8,161,150,22,172,333
03/07/2002,OWB,KY,ASO,CE,Federal Contract Tower,0,14,14,2,30,0,2,98,0,100,0,16,112,2,130,90,4,94,224
03/08/2002,OWB,KY,ASO,CE,Federal Contract Tower,0,13,13,0,26,0,2,100,0,102,0,15,113,0,128,50,0,50,178
03/09/2002,OWB,KY,ASO,CE,Federal Contract Tower,0,2,2,0,4,0,2,28,0,30,0,4,30,0,34,22,0,22,56
03/10/2002,OWB,KY,ASO,CE,Federal Contract Tower,0,5,9,2,16,0,0,106,4,110,0,5,115,6,126,90,12,102,228
03/11/2002,OWB,KY,ASO,CE,Federal Contract Tower,0,14,14,3,31,0,0,67,5,72,0,14,81,8,103,86,22,108,211
03/12/2002,OWB,KY,ASO,CE,Federal Contract Tower,0,13,13,0,26,0,0,20,0,20,0,13,33,0,46,18,0,18,64
03/13/2002,OWB,KY,ASO,CE,Federal Contract Tower,0,14,15,3,32,0,0,86,5,91,0,14,101,8,123,90,16,106,229
03/14/2002,OWB,KY,ASO,CE,Federal Contract Tower,0,17,20,4,41,0,0,101,2,103,0,17,121,6,144,70,12,82,226
03/15/2002,OWB,KY,ASO,CE,Federal Contract Tower,0,14,17,3,34,0,0,47,1,48,0,14,64,4,82,44,8,52,134
03/16/2002,OWB,KY,ASO,CE,Federal Contract Tower,0,7,8,0,15,0,0,57,0,57,0,7,65,0,72,54,0,54,126
03/17/2002,OWB,KY,ASO,CE,Federal Contract Tower,0,4,6,0,10,0,0,25,0,25,0,4,31,0,35,0,0,0,35
03/18/2002,OWB,KY,ASO,CE,Federal Contract Tower,0,16,14,2,32,0,1,32,2,35,0,17,46,4,67,42,8,50,117
03/19/2002,OWB,KY,ASO,CE,Federal Contract Tower,0,17,15,2,34,0,1,0,0,1,0,18,15,2,35,0,0,0,35
03/20/2002,OWB,KY,ASO,CE,Federal Contract Tower,0,14,14,1,29,0,4,37,5,46,0,18,51,6,75,50,12,62,137
03/21/2002,OWB,KY,ASO,CE,Federal Contract Tower,0,20,20,2,42,0,0,95,0,95,0,20,115,2,137,86,4,90,227
03/22/2002,OWB,KY,ASO,CE,Federal Contract Tower,0,14,13,2,29,0,0,128,2,130,0,14,141,4,159,100,8,108,267
03/23/2002,OWB,KY,ASO,CE,Federal Contract Tower,0,5,6,1,12,0,0,87,1,88,0,5,93,2,100,90,6,96,196
03/24/2002,OWB,KY,ASO,CE,Federal Contract Tower,0,6,6,0,12,0,0,76,0,76,0,6,82,0,88,110,0,110,198
03/25/2002,OWB,KY,ASO,CE,Federal Contract Tower,0,9,9,1,19,0,0,15,2,17,0,9,24,3,36,16,0,16,52
03/26/2002,OWB,KY,ASO,CE,Federal Contract Tower,0,8,6,1,15,0,2,44,0,46,0,10,50,1,61,52,2,54,115
03/27/2002,OWB,KY,ASO,CE,Federal Contract Tower,0,18,17,2,37,0,3,156,6,165,0,21,173,8,202,90,12,102,304
03/28/2002,OWB,KY,ASO,CE,Federal Contract Tower,0,15,14,1,30,0,0,102,0,102,0,15,116,1,132,154,4,158,290
03/29/2002,OWB,KY,ASO,CE,Federal Contract Tower,0,12,11,0,23,0,9,69,0,78,0,21,80,0,101,76,0,76,177
03/30/2002,OWB,KY,ASO,CE,Federal Contract Tower,0,7,7,0,14,0,4,76,0,80,0,11,83,0,94,80,0,80,174
03/31/2002,OWB,KY,ASO,CE,Federal Contract Tower,0,5,5,0,10,0,2,117,0,119,0,7,122,0,129,80,0,80,209
04/01/2002,OWB,KY,ASO,CE,Federal Contract Tower,0,11,10,2,23,0,1,105,0,106,0,12,115,2,129,100,0,100,229
04/02/2002,OWB,KY,ASO,CE,Federal Contract Tower,0,14,13,2,29,0,2,62,10,74,0,16,75,12,103,70,32,102,205
04/03/2002,OWB,KY,ASO,CE,Federal Contract Tower,0,13,12,2,27,0,4,56,0,60,0,17,68,2,87,80,4,84,171
04/04/2002,OWB,KY,ASO,CE,Federal Contract Tower,0,17,15,2,34,0,5,100,7,112,0,22,115,9,146,134,24,158,304
04/05/2002,OWB,KY,ASO,CE,Federal Contract Tower,0,15,13,2,30,0,2,137,0,139,0,17,150,2,169,180,8,188,357
04/06/2002,OWB,KY,ASO,CE,Federal Contract Tower,0,4,5,0,9,0,0,108,0,108,0,4,113,0,117,60,0,60,177
04/07/2002,OWB,KY,ASO,CE,Federal Contract Tower,0,6,7,1,14,0,0,74,1,75,0,6,81,2,89,80,4,84,173
04/08/2002,OWB,KY,ASO,CE,Federal Contract Tower,0,11,10,0,21,0,2,44,0,46,0,13,54,0,67,50,0,50,117
04/09/2002,OWB,KY,ASO,CE,Federal Contract Tower,0,12,10,2,24,0,0,71,0,71,0,12,81,2,95,50,0,50,145
04/10/2002,OWB,KY,ASO,CE,Federal Contract Tower,0,23,21,3,47,0,2,112,1,115,0,25,133,4,162,88,10,98,260
04/11/2002,OWB,KY,ASO,CE,Federal Contract Tower,0,23,22,3,48,0,0,96,9,105,0,23,118,12,153,116,24,140,293
04/12/2002,OWB,KY,ASO,CE,Federal Contract Tower,0,16,15,0,31,0,6,62,0,68,0,22,77,0,99,70,0,70,169
04/13/2002,OWB,KY,ASO,CE,Federal Contract Tower,0,6,9,0,15,0,0,94,0,94,0,6,103,0,109,40,0,40,149
04/14/2002,OWB,KY,ASO,CE,Federal Contract Tower,0,4,4,0,8,0,0,68,0,68,0,4,72,0,76,80,0,80,156
04/15/2002,OWB,KY,ASO,CE,Federal Contract Tower,0,15,14,2,31,0,2,106,2,110,0,17,120,4,141,80,10,90,231
04/16/2002,OWB,KY,ASO,CE,Federal Contract Tower,0,12,10,1,23,0,0,82,3,85,0,12,92,4,108,94,6,100,208
04/17/2002,OWB,KY,ASO,CE,Federal Contract Tower,0,15,13,1,29,0,3,82,7,92,0,18,95,8,121,92,18,110,231
04/18/2002,OWB,KY,ASO,CE,Federal Contract Tower,0,14,16,1,31,0,0,87,2,89,0,14,103,3,120,110,8,118,238
04/19/2002,OWB,KY,ASO,CE,Federal Contract Tower,0,14,11,0,25,0,3,66,0,69,0,17,77,0,94,66,0,66,160
04/20/2002,OWB,KY,ASO,CE,Federal Contract Tower,0,6,5,0,11,0,0,66,0,66,0,6,71,0,77,80,0,80,157
04/21/2002,OWB,KY,ASO,CE,Federal Contract Tower,0,8,8,0,16,0,0,52,0,52,0,8,60,0,68,60,0,60,128
04/22/2002,OWB,KY,ASO,CE,Federal Contract Tower,0,11,9,1,21,0,3,80,5,88,0,14,89,6,109,88,12,100,209
04/23/2002,OWB,KY,ASO,CE,Federal Contract Tower,0,18,15,1,34,0,2,123,3,128,0,20,138,4,162,124,8,132,294
04/24/2002,OWB,KY,ASO,CE,Federal Contract Tower,0,15,15,1,31,0,0,38,1,39,0,15,53,2,70,30,6,36,106
04/25/2002,OWB,KY,ASO,CE,Federal Contract Tower,0,18,19,1,38,0,0,99,0,99,0,18,118,1,137,120,2,122,259
04/26/2002,OWB,KY,ASO,CE,Federal Contract Tower,0,13,10,0,23,0,2,76,0,78,0,15,86,0,101,70,0,70,171
04/27/2002,OWB,KY,ASO,CE,Federal Contract Tower,0,4,3,0,7,0,0,8,0,8,0,4,11,0,15,6,0,6,21
04/28/2002,OWB,KY,ASO,CE,Federal Contract Tower,0,4,7,0,11,0,0,65,4,69,0,4,72,4,80,72,8,80,160
04/29/2002,OWB,KY,ASO,CE,Federal Contract Tower,0,17,15,1,33,0,3,116,5,124,0,20,131,6,157,130,18,148,305
04/30/2002,OWB,KY,ASO,CE,Federal Contract Tower,0,17,14,1,32,0,1,86,5,92,0,18,100,6,124,140,18,158,282
05/01/2002,OWB,KY,ASO,CE,Federal Contract Tower,0,14,12,0,26,0,4,15,0,19,0,18,27,0,45,30,0,30,75
05/02/2002,OWB,KY,ASO,CE,Federal Contract Tower,0,14,12,0,26,0,4,18,0,22,0,18,30,0,48,44,0,44,92
05/03/2002,OWB,KY,ASO,CE,Federal Contract Tower,0,14,12,0,26,0,1,82,0,83,0,15,94,0,109,100,0,100,209
05/04/2002,OWB,KY,ASO,CE,Federal Contract Tower,0,7,7,0,14,0,0,99,0,99,0,7,106,0,113,92,0,92,205
05/05/2002,OWB,KY,ASO,CE,Federal Contract Tower,0,4,8,0,12,0,0,127,0,127,0,4,135,0,139,92,0,92,231
05/06/2002,OWB,KY,ASO,CE,Federal Contract Tower,0,10,9,1,20,0,6,42,7,55,0,16,51,8,75,50,14,64,139
05/07/2002,OWB,KY,ASO,CE,Federal Contract Tower,0,12,10,2,24,0,1,80,0,81,0,13,90,2,105,80,4,84,189
05/08/2002,OWB,KY,ASO,CE,Federal Contract Tower,0,15,15,2,32,0,0,78,1,79,0,15,93,3,111,92,6,98,209
05/09/2002,OWB,KY,ASO,CE,Federal Contract Tower,0,11,10,2,23,0,5,59,0,64,0,16,69,2,87,82,4,86,173
05/10/2002,OWB,KY,ASO,CE,Federal Contract Tower,0,20,18,3,41,0,0,82,4,86,0,20,100,7,127,98,12,110,237
05/11/2002,OWB,KY,ASO,CE,Federal Contract Tower,0,7,7,0,14,0,0,81,0,81,0,7,88,0,95,92,0,92,187
05/12/2002,OWB,KY,ASO,CE,Federal Contract Tower,0,5,5,0,10,0,0,55,0,55,0,5,60,0,65,70,0,70,135
05/13/2002,OWB,KY,ASO,CE,Federal Contract Tower,0,12,10,2,24,0,1,50,0,51,0,13,60,2,75,30,4,34,109
05/14/2002,OWB,KY,ASO,CE,Federal Contract Tower,0,20,18,2,40,0,0,91,4,95,0,20,109,6,135,100,10,110,245
05/15/2002,OWB,KY,ASO,CE,Federal Contract Tower,0,14,12,2,28,0,1,76,9,86,0,15,88,11,114,112,24,136,250
05/16/2002,OWB,KY,ASO,CE,Federal Contract Tower,0,17,14,2,33,0,0,78,7,85,0,17,92,9,118,90,18,108,226
05/17/2002,OWB,KY,ASO,CE,Federal Contract Tower,0,12,10,0,22,0,3,23,0,26,0,15,33,0,48,22,0,22,70
05/18/2002,OWB,KY,ASO,CE,Federal Contract Tower,0,9,8,0,17,0,0,111,2,113,0,9,119,2,130,116,4,120,250
05/19/2002,OWB,KY,ASO,CE,Federal Contract Tower,0,7,6,0,13,0,0,87,2,89,0,7,93,2,102,90,8,98,200
05/20/2002,OWB,KY,ASO,CE,Federal Contract Tower,0,12,10,1,23,0,3,87,3,93,0,15,97,4,116,90,8,98,214
05/21/2002,OWB,KY,ASO,CE,Federal Contract Tower,0,13,14,1,28,0,0,101,18,119,0,13,115,19,147,60,42,102,249
05/22/2002,OWB,KY,ASO,CE,Federal Contract Tower,0,16,13,1,30,0,0,101,4,105,0,16,114,5,135,110,14,124,259
05/23/2002,OWB,KY,ASO,CE,Federal Contract Tower,0,20,18,1,39,0,0,83,4,87,0,20,101,5,126,100,18,118,244
05/24/2002,OWB,KY,ASO,CE,Federal Contract Tower,0,12,10,0,22,0,4,92,0,96,0,16,102,0,118,90,0,90,208
05/25/2002,OWB,KY,ASO,CE,Federal Contract Tower,0,7,9,0,16,0,0,63,0,63,0,7,72,0,79,66,0,66,145
05/26/2002,OWB,KY,ASO,CE,Federal Contract Tower,0,4,6,0,10,0,0,63,0,63,0,4,69,0,73,64,0,64,137
05/27/2002,OWB,KY,ASO,CE,Federal Contract Tower,0,3,4,0,7,0,0,83,0,83,0,3,87,0,90,102,0,102,192
05/28/2002,OWB,KY,ASO,CE,Federal Contract Tower,0,13,11,1,25,0,0,76,5,81,0,13,87,6,106,88,16,104,210
05/29/2002,OWB,KY,ASO,CE,Federal Contract Tower,0,19,15,1,35,0,4,79,7,90,0,23,94,8,125,70,14,84,209
05/30/2002,OWB,KY,ASO,CE,Federal Contract Tower,0,17,14,1,32,0,0,83,3,86,0,17,97,4,118,80,10,90,208
05/31/2002,OWB,KY,ASO,CE,Federal Contract Tower,0,14,12,1,27,0,0,99,1,100,0,14,111,2,127,60,6,66,193
06/01/2002,OWB,KY,ASO,CE,Federal Contract Tower,0,7,7,0,14,0,2,84,0,86,0,9,91,0,100,110,0,110,210
06/02/2002,OWB,KY,ASO,CE,Federal Contract Tower,0,8,10,0,18,0,0,74,0,74,0,8,84,0,92,78,0,78,170
06/03/2002,OWB,KY,ASO,CE,Federal Contract Tower,0,11,10,0,21,0,6,77,0,83,0,17,87,0,104,88,0,88,192
06/04/2002,OWB,KY,ASO,CE,Federal Contract Tower,0,20,23,3,46,0,0,111,1,112,0,20,134,4,158,132,10,142,300
06/05/2002,OWB,KY,ASO,CE,Federal Contract Tower,0,12,11,2,25,0,3,43,0,46,0,15,54,2,71,50,4,54,125
06/06/2002,OWB,KY,ASO,CE,Federal Contract Tower,0,16,17,0,33,0,0,73,0,73,0,16,90,0,106,62,0,62,168
06/07/2002,OWB,KY,ASO,CE,Federal Contract Tower,0,15,15,2,32,0,0,86,2,88,0,15,101,4,120,80,8,88,208
06/08/2002,OWB,KY,ASO,CE,Federal Contract Tower,0,4,6,1,11,0,0,89,1,90,0,4,95,2,101,114,8,122,223
06/09/2002,OWB,KY,ASO,CE,Federal Contract Tower,0,8,11,0,19,0,0,66,0,66,0,8,77,0,85,90,0,90,175
06/10/2002,OWB,KY,ASO,CE,Federal Contract Tower,0,15,14,2,31,0,0,89,8,97,0,15,103,10,128,98,20,118,246
06/11/2002,OWB,KY,ASO,CE,Federal Contract Tower,0,13,18,2,33,0,0,88,6,94,0,13,106,8,127,84,20,104,231
06/12/2002,OWB,KY,ASO,CE,Federal Contract Tower,0,14,13,2,29,0,6,65,0,71,0,20,78,2,100,70,4,74,174
06/13/2002,OWB,KY,ASO,CE,Federal Contract Tower,0,15,14,2,31,0,1,82,2,85,0,16,96,4,116,64,8,72,188
06/14/2002,OWB,KY,ASO,CE,Federal Contract Tower,0,14,15,0,29,0,0,77,0,77,0,14,92,0,106,50,0,50,156
06/15/2002,OWB,KY,ASO,CE,Federal Contract Tower,0,6,9,0,15,0,0,100,0,100,0,6,109,0,115,80,0,80,195
06/16/2002,OWB,KY,ASO,CE,Federal Contract Tower,0,5,8,0,13,0,0,86,0,86,0,5,94,0,99,82,0,82,181
06/17/2002,OWB,KY,ASO,CE,Federal Contract Tower,0,14,15,1,30,0,1,86,11,98,0,15,101,12,128,110,22,132,260
06/18/2002,OWB,KY,ASO,CE,Federal Contract Tower,0,18,20,1,39,0,0,108,8,116,0,18,128,9,155,134,18,152,307
06/19/2002,OWB,KY,ASO,CE,Federal Contract Tower,0,17,17,0,34,0,0,80,0,80,0,17,97,0,114,90,0,90,204
06/20/2002,OWB,KY,ASO,CE,Federal Contract Tower,0,15,16,1,32,0,1,87,11,99,0,16,103,12,131,80,38,118,249
06/21/2002,OWB,KY,ASO,CE,Federal Contract Tower,0,14,15,0,29,0,2,107,0,109,0,16,122,0,138,100,0,100,238
06/22/2002,OWB,KY,ASO,CE,Federal Contract Tower,0,7,14,1,22,0,0,138,1,139,0,7,152,2,161,160,2,162,323
06/23/2002,OWB,KY,ASO,CE,Federal Contract Tower,0,6,12,0,18,0,0,153,0,153,0,6,165,0,171,108,0,108,279
06/24/2002,OWB,KY,ASO,CE,Federal Contract Tower,0,10,12,0,22,0,1,71,0,72,0,11,83,0,94,106,0,106,200
06/25/2002,OWB,KY,ASO,CE,Federal Contract Tower,0,12,12,1,25,0,6,58,0,64,0,18,70,1,89,58,2,60,149
06/26/2002,OWB,KY,ASO,CE,Federal Contract Tower,0,15,16,1,32,0,7,71,19,97,0,22,87,20,129,90,38,128,257
06/27/2002,OWB,KY,ASO,CE,Federal Contract Tower,0,16,16,1,33,0,3,64,5,72,0,19,80,6,105,70,14,84,189
06/28/2002,OWB,KY,ASO,CE,Federal Contract Tower,0,13,13,0,26,0,6,67,0,73,0,19,80,0,99,70,0,70,169
06/29/2002,OWB,KY,ASO,CE,Federal Contract Tower,0,4,8,0,12,0,0,100,2,102,0,4,108,2,114,70,4,74,188
06/30/2002,OWB,KY,ASO,CE,Federal Contract Tower,0,5,5,0,10,0,1,83,0,84,0,6,88,0,94,60,0,60,154
07/01/2002,OWB,KY,ASO,CE,Federal Contract Tower,0,10,10,0,20,0,3,74,1,78,0,13,84,1,98,104,2,106,204
07/02/2002,OWB,KY,ASO,CE,Federal Contract Tower,0,14,14,0,28,0,4,82,12,98,0,18,96,12,126,126,14,140,266
07/03/2002,OWB,KY,ASO,CE,Federal Contract Tower,0,11,11,0,22,0,1,91,0,92,0,12,102,0,114,90,0,90,204
07/04/2002,OWB,KY,ASO,CE,Federal Contract Tower,0,6,5,1,12,0,1,55,7,63,0,7,60,8,75,60,34,94,169
07/05/2002,OWB,KY,ASO,CE,Federal Contract Tower,0,8,7,0,15,0,4,65,0,69,0,12,72,0,84,80,0,80,164
07/06/2002,OWB,KY,ASO,CE,Federal Contract Tower,0,4,5,0,9,0,0,88,0,88,0,4,93,0,97,70,0,70,167
07/07/2002,OWB,KY,ASO,CE,Federal Contract Tower,0,7,7,0,14,0,0,75,0,75,0,7,82,0,89,60,0,60,149
07/08/2002,OWB,KY,ASO,CE,Federal Contract Tower,0,14,13,1,28,0,2,100,1,103,0,16,113,2,131,96,2,98,229
07/09/2002,OWB,KY,ASO,CE,Federal Contract Tower,0,18,16,2,36,0,5,86,10,101,0,23,102,12,137,108,32,140,277
07/10/2002,OWB,KY,ASO,CE,Federal Contract Tower,0,15,14,2,31,0,2,83,4,89,0,17,97,6,120,70,16,86,206
07/11/2002,OWB,KY,ASO,CE,Federal Contract Tower,0,18,17,2,37,0,4,99,2,105,0,22,116,4,142,104,8,112,254
07/12/2002,OWB,KY,ASO,CE,Federal Contract Tower,0,16,16,1,33,0,0,82,0,82,0,16,98,1,115,80,4,84,199
07/13/2002,OWB,KY,ASO,CE,Federal Contract Tower,0,6,8,1,15,0,0,61,1,62,0,6,69,2,77,96,0,96,173
07/14/2002,OWB,KY,ASO,CE,Federal Contract Tower,0,6,9,0,15,0,0,72,0,72,0,6,81,0,87,90,0,90,177
07/15/2002,OWB,KY,ASO,CE,Federal Contract Tower,0,13,14,1,28,0,0,84,5,89,0,13,98,6,117,154,14,168,285
07/16/2002,OWB,KY,ASO,CE,Federal Contract Tower,0,21,19,1,41,0,0,74,0,74,0,21,93,1,115,112,2,114,229
07/17/2002,OWB,KY,ASO,CE,Federal Contract Tower,0,13,12,1,26,0,2,62,9,73,0,15,74,10,99,90,20,110,209
07/18/2002,OWB,KY,ASO,CE,Federal Contract Tower,0,15,14,0,29,0,7,57,0,64,0,22,71,0,93,56,0,56,149
07/19/2002,OWB,KY,ASO,CE,Federal Contract Tower,0,18,15,1,34,0,1,84,7,92,0,19,99,8,126,92,18,110,236
07/20/2002,OWB,KY,ASO,CE,Federal Contract Tower,0,4,4,0,8,0,0,115,1,116,0,4,119,1,124,70,4,74,198
07/21/2002,OWB,KY,ASO,CE,Federal Contract Tower,0,6,5,0,11,0,2,86,0,88,0,8,91,0,99,90,0,90,189
07/22/2002,OWB,KY,ASO,CE,Federal Contract Tower,0,13,12,0,25,0,2,81,0,83,0,15,93,0,108,70,0,70,178
07/23/2002,OWB,KY,ASO,CE,Federal Contract Tower,0,14,16,1,31,0,0,73,1,74,0,14,89,2,105,70,4,74,179
07/24/2002,OWB,KY,ASO,CE,Federal Contract Tower,0,24,22,0,46,0,0,74,0,74,0,24,96,0,120,70,0,70,190
07/25/2002,OWB,KY,ASO,CE,Federal Contract Tower,0,21,18,1,40,0,0,88,1,89,0,21,106,2,129,86,4,90,219
07/26/2002,OWB,KY,ASO,CE,Federal Contract Tower,0,15,14,0,29,0,1,65,0,66,0,16,79,0,95,54,0,54,149
07/27/2002,OWB,KY,ASO,CE,Federal Contract Tower,0,6,6,0,12,0,0,84,0,84,0,6,90,0,96,70,0,70,166
07/28/2002,OWB,KY,ASO,CE,Federal Contract Tower,0,4,7,0,11,0,0,76,0,76,0,4,83,0,87,70,0,70,157
07/29/2002,OWB,KY,ASO,CE,Federal Contract Tower,0,12,10,0,22,0,5,72,0,77,0,17,82,0,99,90,0,90,189
07/30/2002,OWB,KY,ASO,CE,Federal Contract Tower,0,15,15,1,31,0,0,85,0,85,0,15,100,1,116,80,2,82,198
07/31/2002,OWB,KY,ASO,CE,Federal Contract Tower,0,15,16,1,32,0,0,99,2,101,0,15,115,3,133,104,6,110,243
08/01/2002,OWB,KY,ASO,CE,Federal Contract Tower,0,15,15,2,32,0,0,76,5,81,0,15,91,7,113,70,20,90,203
08/02/2002,OWB,KY,ASO,CE,Federal Contract Tower,0,14,13,1,28,0,3,94,1,98,0,17,107,2,126,90,8,98,224
08/03/2002,OWB,KY,ASO,CE,Federal Contract Tower,0,5,6,0,11,0,0,92,0,92,0,5,98,0,103,50,0,50,153
08/04/2002,OWB,KY,ASO,CE,Federal Contract Tower,0,4,4,0,8,0,1,87,0,88,0,5,91,0,96,60,0,60,156
08/05/2002,OWB,KY,ASO,CE,Federal Contract Tower,0,14,13,1,28,0,0,72,3,75,0,14,85,4,103,70,4,74,177
08/06/2002,OWB,KY,ASO,CE,Federal Contract Tower,0,12,12,1,25,0,0,88,13,101,0,12,100,14,126,100,24,124,250
08/07/2002,OWB,KY,ASO,CE,Federal Contract Tower,0,14,12,1,27,0,2,91,1,94,0,16,103,2,121,102,6,108,229
08/08/2002,OWB,KY,ASO,CE,Federal Contract Tower,0,14,13,1,28,0,2,99,3,104,0,16,112,4,132,100,16,116,248
08/09/2002,OWB,KY,ASO,CE,Federal Contract Tower,0,13,12,1,26,0,0,104,0,104,0,13,116,1,130,120,4,124,254
08/10/2002,OWB,KY,ASO,CE,Federal Contract Tower,0,4,3,1,8,0,1,83,5,89,0,5,86,6,97,60,2,62,159
08/11/2002,OWB,KY,ASO,CE,Federal Contract Tower,0,5,7,0,12,0,0,38,0,38,0,5,45,0,50,50,0,50,100
08/12/2002,OWB,KY,ASO,CE,Federal Contract Tower,0,10,8,1,19,0,3,83,1,87,0,13,91,2,106,70,0,70,176
08/13/2002,OWB,KY,ASO,CE,Federal Contract Tower,0,11,9,1,21,0,6,83,1,90,0,17,92,2,111,70,4,74,185
08/14/2002,OWB,KY,ASO,CE,Federal Contract Tower,0,16,14,0,30,0,5,37,0,42,0,21,51,0,72,36,0,36,108
08/15/2002,OWB,KY,ASO,CE,Federal Contract Tower,0,19,15,0,34,0,0,72,0,72,0,19,87,0,106,70,0,70,176
08/16/2002,OWB,KY,ASO,CE,Federal Contract Tower,0,15,12,0,27,0,0,76,0,76,0,15,88,0,103,68,0,68,171
08/17/2002,OWB,KY,ASO,CE,Federal Contract Tower,0,6,8,0,14,0,0,63,0,63,0,6,71,0,77,68,0,68,145
08/18/2002,OWB,KY,ASO,CE,Federal Contract Tower,0,4,3,0,7,0,0,50,0,50,0,4,53,0,57,70,0,70,127
08/19/2002,OWB,KY,ASO,CE,Federal Contract Tower,0,11,7,1,19,0,2,79,1,82,0,13,86,2,101,80,4,84,185
08/20/2002,OWB,KY,ASO,CE,Federal Contract Tower,0,16,13,0,29,0,2,78,2,82,0,18,91,2,111,80,4,84,195
08/21/2002,OWB,KY,ASO,CE,Federal Contract Tower,0,17,13,0,30,0,3,82,6,91,0,20,95,6,121,106,10,116,237
08/22/2002,OWB,KY,ASO,CE,Federal Contract Tower,0,17,14,0,31,0,3,76,2,81,0,20,90,2,112,98,4,102,214
08/23/2002,OWB,KY,ASO,CE,Federal Contract Tower,0,13,15,1,29,0,0,73,7,80,0,13,88,8,109,98,4,102,211
08/24/2002,OWB,KY,ASO,CE,Federal Contract Tower,0,5,5,0,10,0,0,70,0,70,0,5,75,0,80,82,0,82,162
08/25/2002,OWB,KY,ASO,CE,Federal Contract Tower,0,4,5,0,9,0,0,82,0,82,0,4,87,0,91,88,0,88,179
08/26/2002,OWB,KY,ASO,CE,Federal Contract Tower,0,11,8,0,19,0,2,66,4,72,0,13,74,4,91,60,8,68,159
08/27/2002,OWB,KY,ASO,CE,Federal Contract Tower,0,12,15,1,28,0,0,91,0,91,0,12,106,1,119,80,4,84,203
08/28/2002,OWB,KY,ASO,CE,Federal Contract Tower,0,13,10,0,23,0,4,58,14,76,0,17,68,14,99,108,16,124,223
08/29/2002,OWB,KY,ASO,CE,Federal Contract Tower,0,14,11,0,25,0,1,94,2,97,0,15,105,2,122,108,2,110,232
08/30/2002,OWB,KY,ASO,CE,Federal Contract Tower,0,12,10,0,22,0,7,77,0,84,0,19,87,0,106,94,0,94,200
08/31/2002,OWB,KY,ASO,CE,Federal Contract Tower,0,5,4,0,9,0,0,80,0,80,0,5,84,0,89,54,0,54,143
09/01/2002,OWB,KY,ASO,CE,Federal Contract Tower,0,4,5,0,9,0,0,59,0,59,0,4,64,0,68,72,0,72,140
09/02/2002,OWB,KY,ASO,CE,Federal Contract Tower,0,2,5,0,7,0,0,92,0,92,0,2,97,0,99,100,0,100,199
09/03/2002,OWB,KY,ASO,CE,Federal Contract Tower,0,10,8,2,20,0,3,85,0,88,0,13,93,2,108,80,6,86,194
09/04/2002,OWB,KY,ASO,CE,Federal Contract Tower,0,12,9,2,23,0,5,72,4,81,0,17,81,6,104,94,12,106,210
09/05/2002,OWB,KY,ASO,CE,Federal Contract Tower,0,12,12,3,27,0,0,71,7,78,0,12,83,10,105,92,18,110,215
09/06/2002,OWB,KY,ASO,CE,Federal Contract Tower,0,15,10,3,28,0,3,93,12,108,0,18,103,15,136,88,38,126,262
09/07/2002,OWB,KY,ASO,CE,Federal Contract Tower,0,6,6,0,12,0,0,117,0,117,0,6,123,0,129,98,0,98,227
09/08/2002,OWB,KY,ASO,CE,Federal Contract Tower,0,6,5,0,11,0,0,81,0,81,0,6,86,0,92,58,0,58,150
09/09/2002,OWB,KY,ASO,CE,Federal Contract Tower,0,13,10,2,25,0,6,64,2,72,0,19,74,4,97,68,8,76,173
09/10/2002,OWB,KY,ASO,CE,Federal Contract Tower,0,21,15,4,40,0,1,69,3,73,0,22,84,7,113,70,22,92,205
09/11/2002,OWB,KY,ASO,CE,Federal Contract Tower,0,15,10,3,28,0,6,64,2,72,0,21,74,5,100,66,10,76,176
09/12/2002,OWB,KY,ASO,CE,Federal Contract Tower,0,16,12,0,28,0,1,102,0,103,0,17,114,0,131,100,0,100,231
09/13/2002,OWB,KY,ASO,CE,Federal Contract Tower,0,14,10,0,24,0,0,85,0,85,0,14,95,0,109,70,0,70,179
09/14/2002,OWB,KY,ASO,CE,Federal Contract Tower,0,4,3,1,8,0,2,58,1,61,0,6,61,2,69,86,4,90,159
09/15/2002,OWB,KY,ASO,CE,Federal Contract Tower,0,4,3,0,7,0,2,29,0,31,0,6,32,0,38,12,0,12,50
09/16/2002,OWB,KY,ASO,CE,Federal Contract Tower,0,14,10,0,24,0,2,50,0,52,0,16,60,0,76,54,0,54,130
09/17/2002,OWB,KY,ASO,CE,Federal Contract Tower,0,18,12,2,32,0,0,45,1,46,0,18,57,3,78,56,6,62,140
09/18/2002,OWB,KY,ASO,CE,Federal Contract Tower,0,18,13,2,33,0,0,76,10,86,0,18,89,12,119,50,26,76,195
09/19/2002,OWB,KY,ASO,CE,Federal Contract Tower,0,12,13,0,25,0,0,50,0,50,0,12,63,0,75,60,0,60,135
09/20/2002,OWB,KY,ASO,CE,Federal Contract Tower,0,19,13,2,34,0,2,30,12,44,0,21,43,14,78,18,26,44,122
09/21/2002,OWB,KY,ASO,CE,Federal Contract Tower,0,3,6,1,10,0,0,71,3,74,0,3,77,4,84,82,8,90,174
09/22/2002,OWB,KY,ASO,CE,Federal Contract Tower,0,7,5,0,12,0,0,61,0,61,0,7,66,0,73,70,0,70,143
09/23/2002,OWB,KY,ASO,CE,Federal Contract Tower,0,12,10,2,24,0,0,106,1,107,0,12,116,3,131,82,10,92,223
09/24/2002,OWB,KY,ASO,CE,Federal Contract Tower,0,19,14,2,35,0,2,107,0,109,0,21,121,2,144,100,6,106,250
09/25/2002,OWB,KY,ASO,CE,Federal Contract Tower,0,21,20,3,44,0,0,78,11,89,0,21,98,14,133,104,28,132,265
09/26/2002,OWB,KY,ASO,CE,Federal Contract Tower,0,20,14,2,36,0,0,0,0,0,0,20,14,2,36,0,0,0,36
09/27/2002,OWB,KY,ASO,CE,Federal Contract Tower,0,17,14,0,31,0,0,78,0,78,0,17,92,0,109,82,0,82,191
09/28/2002,OWB,KY,ASO,CE,Federal Contract Tower,0,8,6,0,14,0,0,82,0,82,0,8,88,0,96,90,0,90,186
09/29/2002,OWB,KY,ASO,CE,Federal Contract Tower,0,8,6,0,14,0,0,122,0,122,0,8,128,0,136,114,0,114,250
09/30/2002,OWB,KY,ASO,CE,Federal Contract Tower,0,18,12,2,32,0,3,71,0,74,0,21,83,2,106,78,4,82,188
10/01/2002,OWB,KY,ASO,CE,Federal Contract Tower,0,17,16,1,34,0,3,35,1,39,0,20,51,2,73,48,4,52,125
10/02/2002,OWB,KY,ASO,CE,Federal Contract Tower,0,14,14,0,28,0,0,74,0,74,0,14,88,0,102,74,0,74,176
10/03/2002,OWB,KY,ASO,CE,Federal Contract Tower,0,13,13,0,26,0,5,90,0,95,0,18,103,0,121,50,0,50,171
10/04/2002,OWB,KY,ASO,CE,Federal Contract Tower,0,10,9,0,19,0,6,32,0,38,0,16,41,0,57,32,0,32,89
10/05/2002,OWB,KY,ASO,CE,Federal Contract Tower,0,4,6,0,10,0,0,79,2,81,0,4,85,2,91,74,4,78,169
10/06/2002,OWB,KY,ASO,CE,Federal Contract Tower,0,7,7,0,14,0,0,51,0,51,0,7,58,0,65,40,0,40,105
10/07/2002,OWB,KY,ASO,CE,Federal Contract Tower,0,17,16,0,33,0,2,72,0,74,0,19,88,0,107,78,0,78,185
10/08/2002,OWB,KY,ASO,CE,Federal Contract Tower,0,17,17,1,35,0,0,77,2,79,0,17,94,3,114,84,6,90,204
10/09/2002,OWB,KY,ASO,CE,Federal Contract Tower,0,20,18,1,39,0,1,66,0,67,0,21,84,1,106,60,0,60,166
10/10/2002,OWB,KY,ASO,CE,Federal Contract Tower,0,18,21,0,39,0,0,6,0,6,0,18,27,0,45,14,0,14,59
10/11/2002,OWB,KY,ASO,CE,Federal Contract Tower,0,15,19,0,34,0,0,7,0,7,0,15,26,0,41,12,0,12,53
10/12/2002,OWB,KY,ASO,CE,Federal Contract Tower,0,5,11,0,16,0,0,62,0,62,0,5,73,0,78,58,0,58,136
10/13/2002,OWB,KY,ASO,CE,Federal Contract Tower,0,7,9,0,16,0,0,84,0,84,0,7,93,0,100,84,0,84,184
10/14/2002,OWB,KY,ASO,CE,Federal Contract Tower,0,10,14,0,24,0,0,78,0,78,0,10,92,0,102,94,0,94,196
10/15/2002,OWB,KY,ASO,CE,Federal Contract Tower,0,19,19,1,39,0,2,66,1,69,0,21,85,2,108,70,4,74,182
10/16/2002,OWB,KY,ASO,CE,Federal Contract Tower,0,14,15,1,30,0,4,81,3,88,0,18,96,4,118,92,8,100,218
10/17/2002,OWB,KY,ASO,CE,Federal Contract Tower,0,17,18,1,36,0,5,66,1,72,0,22,84,2,108,72,4,76,184
10/18/2002,OWB,KY,ASO,CE,Federal Contract Tower,0,18,20,1,39,0,0,58,1,59,0,18,78,2,98,70,8,78,176
10/19/2002,OWB,KY,ASO,CE,Federal Contract Tower,0,6,8,0,14,0,0,8,0,8,0,6,16,0,22,4,0,4,26
10/20/2002,OWB,KY,ASO,CE,Federal Contract Tower,0,6,7,0,13,0,0,103,0,103,0,6,110,0,116,56,0,56,172
10/21/2002,OWB,KY,ASO,CE,Federal Contract Tower,0,13,19,7,39,0,0,74,3,77,0,13,93,10,116,82,28,110,226
10/22/2002,OWB,KY,ASO,CE,Federal Contract Tower,0,12,19,3,34,0,0,79,3,82,0,12,98,6,116,88,20,108,224
10/23/2002,OWB,KY,ASO,CE,Federal Contract Tower,0,18,9,3,30,0,0,88,3,91,0,18,97,6,121,80,16,96,217
10/24/2002,OWB,KY,ASO,CE,Federal Contract Tower,0,19,11,1,31,0,0,64,3,67,0,19,75,4,98,96,12,108,206
10/25/2002,OWB,KY,ASO,CE,Federal Contract Tower,0,16,21,3,40,0,0,19,0,19,0,16,40,3,59,10,0,10,69
10/26/2002,OWB,KY,ASO,CE,Federal Contract Tower,0,12,25,1,38,0,0,30,0,30,0,12,55,1,68,40,0,40,108
10/27/2002,OWB,KY,ASO,CE,Federal Contract Tower,0,6,15,0,21,0,0,72,0,72,0,6,87,0,93,84,0,84,177
10/28/2002,OWB,KY,ASO,CE,Federal Contract Tower,0,13,13,0,26,0,0,45,2,47,0,13,58,2,73,54,4,58,131
10/29/2002,OWB,KY,ASO,CE,Federal Contract Tower,0,15,13,0,28,0,0,0,0,0,0,15,13,0,28,0,0,0,28
10/30/2002,OWB,KY,ASO,CE,Federal Contract Tower,0,15,28,4,47,0,0,54,1,55,0,15,82,5,102,60,10,70,172
10/31/2002,OWB,KY,ASO,CE,Federal Contract Tower,0,23,9,3,35,0,0,53,3,56,0,23,62,6,91,40,14,54,145
11/01/2002,OWB,KY,ASO,CE,Federal Contract Tower,0,16,12,0,28,0,1,76,4,81,0,17,88,4,109,82,10,92,201
11/02/2002,OWB,KY,ASO,CE,Federal Contract Tower,0,13,12,0,25,0,0,95,12,107,0,13,107,12,132,110,26,136,268
11/03/2002,OWB,KY,ASO,CE,Federal Contract Tower,0,7,11,1,19,0,0,25,1,26,0,7,36,2,45,34,2,36,81
11/04/2002,OWB,KY,ASO,CE,Federal Contract Tower,0,19,10,2,31,0,0,27,0,27,0,19,37,2,58,6,6,12,70
11/05/2002,OWB,KY,ASO,CE,Federal Contract Tower,0,22,16,0,38,0,0,0,0,0,0,22,16,0,38,0,0,0,38
11/06/2002,OWB,KY,ASO,CE,Federal Contract Tower,0,21,11,3,35,0,0,68,1,69,0,21,79,4,104,70,12,82,186
11/07/2002,OWB,KY,ASO,CE,Federal Contract Tower,0,17,10,4,31,0,0,90,8,98,0,17,100,12,129,70,28,98,227
11/08/2002,OWB,KY,ASO,CE,Federal Contract Tower,0,16,9,0,25,0,0,71,0,71,0,16,80,0,96,110,0,110,206
11/09/2002,OWB,KY,ASO,CE,Federal Contract Tower,0,4,7,0,11,0,0,75,0,75,0,4,82,0,86,50,0,50,136
11/10/2002,OWB,KY,ASO,CE,Federal Contract Tower,0,3,3,0,6,0,0,33,0,33,0,3,36,0,39,44,0,44,83
11/11/2002,OWB,KY,ASO,CE,Federal Contract Tower,0,7,6,0,13,0,0,90,0,90,0,7,96,0,103,102,0,102,205
11/12/2002,OWB,KY,ASO,CE,Federal Contract Tower,0,18,13,4,35,0,0,83,3,86,0,18,96,7,121,94,14,108,229
11/13/2002,OWB,KY,ASO,CE,Federal Contract Tower,0,15,16,7,38,0,0,85,7,92,0,15,101,14,130,122,28,150,280
11/14/2002,OWB,KY,ASO,CE,Federal Contract Tower,0,14,12,2,28,0,0,96,9,105,0,14,108,11,133,88,22,110,243
11/15/2002,OWB,KY,ASO,CE,Federal Contract Tower,0,14,11,0,25,0,0,36,0,36,0,14,47,0,61,30,0,30,91
11/16/2002,OWB,KY,ASO,CE,Federal Contract Tower,0,5,7,0,12,0,0,72,2,74,0,5,79,2,86,40,8,48,134
11/17/2002,OWB,KY,ASO,CE,Federal Contract Tower,0,6,2,0,8,0,0,68,4,72,0,6,70,4,80,50,0,50,130
11/18/2002,OWB,KY,ASO,CE,Federal Contract Tower,0,14,8,2,24,0,0,74,7,81,0,14,82,9,105,110,12,122,227
11/19/2002,OWB,KY,ASO,CE,Federal Contract Tower,0,12,9,4,25,0,0,86,2,88,0,12,95,6,113,90,12,102,215
11/20/2002,OWB,KY,ASO,CE,Federal Contract Tower,0,15,22,1,38,0,1,27,3,31,0,16,49,4,69,56,12,68,137
11/21/2002,OWB,KY,ASO,CE,Federal Contract Tower,0,18,14,3,35,0,0,61,1,62,0,18,75,4,97,64,8,72,169
11/22/2002,OWB,KY,ASO,CE,Federal Contract Tower,0,16,18,0,34,0,0,56,0,56,0,16,74,0,90,70,0,70,160
11/23/2002,OWB,KY,ASO,CE,Federal Contract Tower,0,4,6,0,10,0,0,99,0,99,0,4,105,0,109,70,0,70,179
11/24/2002,OWB,KY,ASO,CE,Federal Contract Tower,0,7,5,0,12,0,0,90,0,90,0,7,95,0,102,64,0,64,166
11/25/2002,OWB,KY,ASO,CE,Federal Contract Tower,0,18,10,5,33,0,0,66,3,69,0,18,76,8,102,42,12,54,156
11/26/2002,OWB,KY,ASO,CE,Federal Contract Tower,0,18,0,0,18,0,0,19,0,19,0,18,19,0,37,12,0,12,49
11/27/2002,OWB,KY,ASO,CE,Federal Contract Tower,0,19,14,2,35,0,0,76,0,76,0,19,90,2,111,72,4,76,187
11/28/2002,OWB,KY,ASO,CE,Federal Contract Tower,0,3,2,0,5,0,0,43,0,43,0,3,45,0,48,54,0,54,102
11/29/2002,OWB,KY,ASO,CE,Federal Contract Tower,0,10,7,0,17,0,0,56,0,56,0,10,63,0,73,60,0,60,133
11/30/2002,OWB,KY,ASO,CE,Federal Contract Tower,0,8,4,0,12,0,0,67,0,67,0,8,71,0,79,50,0,50,129
12/01/2002,OWB,KY,ASO,CE,Federal Contract Tower,0,5,5,0,10,0,0,73,0,73,0,5,78,0,83,42,0,42,125
12/02/2002,OWB,KY,ASO,CE,Federal Contract Tower,0,17,8,2,27,0,0,73,0,73,0,17,81,2,100,62,6,68,168
12/03/2002,OWB,KY,ASO,CE,Federal Contract Tower,0,15,12,3,30,0,0,59,5,64,0,15,71,8,94,50,14,64,158
12/04/2002,OWB,KY,ASO,CE,Federal Contract Tower,0,11,7,0,18,0,0,2,0,2,0,11,9,0,20,6,0,6,26
12/05/2002,OWB,KY,ASO,CE,Federal Contract Tower,0,14,11,0,25,0,0,34,0,34,0,14,45,0,59,42,0,42,101
12/06/2002,OWB,KY,ASO,CE,Federal Contract Tower,0,15,18,0,33,0,0,42,0,42,0,15,60,0,75,56,0,56,131
12/07/2002,OWB,KY,ASO,CE,Federal Contract Tower,0,7,7,0,14,0,0,91,3,94,0,7,98,3,108,86,6,92,200
12/08/2002,OWB,KY,ASO,CE,Federal Contract Tower,0,5,5,0,10,0,0,75,0,75,0,5,80,0,85,78,0,78,163
12/09/2002,OWB,KY,ASO,CE,Federal Contract Tower,0,19,11,5,35,0,0,74,3,77,0,19,85,8,112,60,24,84,196
12/10/2002,OWB,KY,ASO,CE,Federal Contract Tower,0,12,8,0,20,0,0,37,0,37,0,12,45,0,57,30,0,30,87
12/11/2002,OWB,KY,ASO,CE,Federal Contract Tower,0,17,8,0,25,0,0,0,0,0,0,17,8,0,25,4,0,4,29
12/12/2002,OWB,KY,ASO,CE,Federal Contract Tower,0,21,21,0,42,0,0,46,6,52,0,21,67,6,94,70,14,84,178
12/13/2002,OWB,KY,ASO,CE,Federal Contract Tower,0,17,5,0,22,0,0,0,0,0,0,17,5,0,22,0,0,0,22
12/14/2002,OWB,KY,ASO,CE,Federal Contract Tower,0,6,6,0,12,0,1,60,3,64,0,7,66,3,76,76,10,86,162
12/15/2002,OWB,KY,ASO,CE,Federal Contract Tower,0,7,5,0,12,0,0,92,0,92,0,7,97,0,104,82,0,82,186
12/16/2002,OWB,KY,ASO,CE,Federal Contract Tower,0,16,11,4,31,0,0,21,0,21,0,16,32,4,52,10,12,22,74
12/17/2002,OWB,KY,ASO,CE,Federal Contract Tower,0,15,20,7,42,0,0,50,4,54,0,15,70,11,96,62,16,78,174
12/18/2002,OWB,KY,ASO,CE,Federal Contract Tower,0,18,2,1,21,0,0,50,1,51,0,18,52,2,72,54,4,58,130
12/19/2002,OWB,KY,ASO,CE,Federal Contract Tower,0,18,10,0,28,0,0,15,0,15,0,18,25,0,43,12,2,14,57
12/20/2002,OWB,KY,ASO,CE,Federal Contract Tower,0,18,9,2,29,0,0,71,20,91,0,18,80,22,120,80,46,126,246
12/21/2002,OWB,KY,ASO,CE,Federal Contract Tower,0,3,12,0,15,0,2,71,0,73,0,5,83,0,88,106,0,106,194
12/22/2002,OWB,KY,ASO,CE,Federal Contract Tower,0,8,8,0,16,0,0,57,0,57,0,8,65,0,73,70,0,70,143
12/23/2002,OWB,KY,ASO,CE,Federal Contract Tower,0,14,8,2,24,0,0,83,0,83,0,14,91,2,107,82,8,90,197
12/24/2002,OWB,KY,ASO,CE,Federal Contract Tower,0,10,0,0,10,0,0,0,0,0,0,10,0,0,10,0,0,0,10
12/25/2002,OWB,KY,ASO,CE,Federal Contract Tower,0,4,3,0,7,0,0,2,0,2,0,4,5,0,9,2,0,2,11
12/26/2002,OWB,KY,ASO,CE,Federal Contract Tower,0,12,5,0,17,0,0,57,2,59,0,12,62,2,76,62,4,66,142
12/27/2002,OWB,KY,ASO,CE,Federal Contract Tower,0,17,9,2,28,0,0,82,0,82,0,17,91,2,110,96,4,100,210
12/28/2002,OWB,KY,ASO,CE,Federal Contract Tower,0,2,8,0,10,0,0,80,0,80,0,2,88,0,90,116,0,116,206
12/29/2002,OWB,KY,ASO,CE,Federal Contract Tower,0,7,6,0,13,0,0,95,0,95,0,7,101,0,108,100,0,100,208
12/30/2002,OWB,KY,ASO,CE,Federal Contract Tower,0,15,11,0,26,0,0,50,0,50,0,15,61,0,76,62,0,62,138
12/31/2002,OWB,KY,ASO,CE,Federal Contract Tower,0,12,6,0,18,0,0,0,0,0,0,12,6,0,18,6,0,6,24
01/01/2003,OWB,KY,ASO,CE,Federal Contract Tower,0,5,12,0,17,0,0,41,0,41,0,5,53,0,58,60,0,60,118
01/02/2003,OWB,KY,ASO,CE,Federal Contract Tower,0,11,4,2,17,0,0,0,0,0,0,11,4,2,17,0,0,0,17
01/03/2003,OWB,KY,ASO,CE,Federal Contract Tower,0,17,6,1,24,0,0,55,1,56,0,17,61,2,80,50,8,58,138
01/04/2003,OWB,KY,ASO,CE,Federal Contract Tower,0,10,12,0,22,0,0,87,0,87,0,10,99,0,109,92,0,92,201
01/05/2003,OWB,KY,ASO,CE,Federal Contract Tower,0,5,3,0,8,0,0,22,0,22,0,5,25,0,30,20,0,20,50
01/06/2003,OWB,KY,ASO,CE,Federal Contract Tower,0,15,10,0,25,0,0,45,0,45,0,15,55,0,70,56,0,56,126
01/07/2003,OWB,KY,ASO,CE,Federal Contract Tower,0,15,9,0,24,0,0,73,2,75,0,15,82,2,99,92,4,96,195
01/08/2003,OWB,KY,ASO,CE,Federal Contract Tower,0,16,10,0,26,0,0,75,2,77,0,16,85,2,103,60,4,64,167
01/09/2003,OWB,KY,ASO,CE,Federal Contract Tower,0,16,11,3,30,0,0,85,7,92,0,16,96,10,122,90,12,102,224
01/10/2003,OWB,KY,ASO,CE,Federal Contract Tower,0,19,14,2,35,0,0,68,0,68,0,19,82,2,103,52,8,60,163
01/11/2003,OWB,KY,ASO,CE,Federal Contract Tower,0,8,4,0,12,0,0,90,0,90,0,8,94,0,102,84,0,84,186
01/12/2003,OWB,KY,ASO,CE,Federal Contract Tower,0,5,7,0,12,0,0,114,0,114,0,5,121,0,126,116,0,116,242
01/13/2003,OWB,KY,ASO,CE,Federal Contract Tower,0,13,2,2,17,0,0,85,6,91,0,13,87,8,108,124,24,148,256
01/14/2003,OWB,KY,ASO,CE,Federal Contract Tower,0,19,5,1,25,0,0,95,3,98,0,19,100,4,123,74,10,84,207
01/15/2003,OWB,KY,ASO,CE,Federal Contract Tower,0,18,10,3,31,0,0,60,1,61,0,18,70,4,92,50,8,58,150
01/16/2003,OWB,KY,ASO,CE,Federal Contract Tower,0,15,7,0,22,0,0,19,0,19,0,15,26,0,41,20,0,20,61
01/17/2003,OWB,KY,ASO,CE,Federal Contract Tower,0,13,10,0,23,0,0,58,0,58,0,13,68,0,81,58,0,58,139
01/18/2003,OWB,KY,ASO,CE,Federal Contract Tower,0,4,3,0,7,0,0,41,0,41,0,4,44,0,48,66,0,66,114
01/19/2003,OWB,KY,ASO,CE,Federal Contract Tower,0,5,7,0,12,0,0,77,0,77,0,5,84,0,89,74,0,74,163
01/20/2003,OWB,KY,ASO,CE,Federal Contract Tower,0,8,6,0,14,0,0,70,0,70,0,8,76,0,84,90,0,90,174
01/21/2003,OWB,KY,ASO,CE,Federal Contract Tower,0,15,9,1,25,0,0,74,5,79,0,15,83,6,104,92,16,108,212
01/22/2003,OWB,KY,ASO,CE,Federal Contract Tower,0,14,5,4,23,0,0,38,2,40,0,14,43,6,63,40,20,60,123
01/23/2003,OWB,KY,ASO,CE,Federal Contract Tower,0,17,8,1,26,0,0,59,1,60,0,17,67,2,86,42,4,46,132
01/24/2003,OWB,KY,ASO,CE,Federal Contract Tower,0,20,9,2,31,0,0,58,0,58,0,20,67,2,89,66,2,68,157
01/25/2003,OWB,KY,ASO,CE,Federal Contract Tower,0,5,2,1,8,0,0,79,1,80,0,5,81,2,88,86,6,92,180
01/26/2003,OWB,KY,ASO,CE,Federal Contract Tower,0,5,1,0,6,0,0,62,0,62,0,5,63,0,68,64,0,64,132
01/27/2003,OWB,KY,ASO,CE,Federal Contract Tower,0,17,9,3,29,0,0,73,1,74,0,17,82,4,103,92,10,102,205
01/28/2003,OWB,KY,ASO,CE,Federal Contract Tower,0,16,10,0,26,0,1,42,0,43,0,17,52,0,69,62,0,62,131
01/29/2003,OWB,KY,ASO,CE,Federal Contract Tower,0,14,22,0,36,0,0,39,0,39,0,14,61,0,75,32,0,32,107
01/30/2003,OWB,KY,ASO,CE,Federal Contract Tower,0,17,24,0,41,0,3,61,0,64,0,20,85,0,105,72,0,72,177
01/31/2003,OWB,KY,ASO,CE,Federal Contract Tower,0,16,13,4,33,0,0,20,0,20,0,16,33,4,53,20,18,38,91
02/01/2003,OWB,KY,ASO,CE,Federal Contract Tower,0,6,10,0,16,0,0,51,0,51,0,6,61,0,67,60,0,60,127
02/02/2003,OWB,KY,ASO,CE,Federal Contract Tower,0,6,11,1,18,0,0,100,1,101,0,6,111,2,119,62,4,66,185
02/03/2003,OWB,KY,ASO,CE,Federal Contract Tower,0,18,5,2,25,0,0,23,0,23,0,18,28,2,48,18,0,18,66
02/04/2003,OWB,KY,ASO,CE,Federal Contract Tower,0,16,5,0,21,0,0,60,0,60,0,16,65,0,81,82,0,82,163
02/05/2003,OWB,KY,ASO,CE,Federal Contract Tower,0,15,12,0,27,0,1,99,2,102,0,16,111,2,129,100,4,104,233
02/06/2003,OWB,KY,ASO,CE,Federal Contract Tower,0,14,9,0,23,0,0,10,0,10,0,14,19,0,33,8,0,8,41
02/07/2003,OWB,KY,ASO,CE,Federal Contract Tower,0,15,9,0,24,0,0,72,0,72,0,15,81,0,96,72,0,72,168
02/08/2003,OWB,KY,ASO,CE,Federal Contract Tower,0,3,11,0,14,0,0,85,0,85,0,3,96,0,99,80,0,80,179
02/09/2003,OWB,KY,ASO,CE,Federal Contract Tower,0,5,8,0,13,0,0,34,0,34,0,5,42,0,47,50,0,50,97
02/10/2003,OWB,KY,ASO,CE,Federal Contract Tower,0,13,6,0,19,0,0,55,0,55,0,13,61,0,74,42,0,42,116
02/11/2003,OWB,KY,ASO,CE,Federal Contract Tower,0,16,5,0,21,0,0,66,0,66,0,16,71,0,87,70,0,70,157
02/12/2003,OWB,KY,ASO,CE,Federal Contract Tower,0,15,9,2,26,0,2,102,2,106,0,17,111,4,132,90,4,94,226
02/13/2003,OWB,KY,ASO,CE,Federal Contract Tower,0,14,13,1,28,0,0,98,1,99,0,14,111,2,127,84,12,96,223
02/14/2003,OWB,KY,ASO,CE,Federal Contract Tower,0,14,3,0,17,0,0,4,0,4,0,14,7,0,21,2,0,2,23
02/15/2003,OWB,KY,ASO,CE,Federal Contract Tower,0,3,0,0,3,0,0,13,0,13,0,3,13,0,16,10,0,10,26
02/16/2003,OWB,KY,ASO,CE,Federal Contract Tower,0,0,0,0,0,0,0,0,0,0,0,0,0,0,0,0,0,0,0
02/17/2003,OWB,KY,ASO,CE,Federal Contract Tower,0,5,7,0,12,0,0,13,0,13,0,5,20,0,25,0,0,0,25
02/18/2003,OWB,KY,ASO,CE,Federal Contract Tower,0,14,4,0,18,0,0,15,0,15,0,14,19,0,33,22,0,22,55
02/19/2003,OWB,KY,ASO,CE,Federal Contract Tower,0,21,19,0,40,0,0,0,0,0,0,21,19,0,40,4,0,4,44
02/20/2003,OWB,KY,ASO,CE,Federal Contract Tower,0,17,7,0,24,0,0,62,0,62,0,17,69,0,86,62,0,62,148
02/21/2003,OWB,KY,ASO,CE,Federal Contract Tower,0,12,10,0,22,0,0,0,0,0,0,12,10,0,22,2,0,2,24
02/22/2003,OWB,KY,ASO,CE,Federal Contract Tower,0,5,3,0,8,0,0,0,0,0,0,5,3,0,8,0,0,0,8
02/23/2003,OWB,KY,ASO,CE,Federal Contract Tower,0,8,5,0,13,0,0,68,0,68,0,8,73,0,81,92,0,92,173
02/24/2003,OWB,KY,ASO,CE,Federal Contract Tower,0,15,17,0,32,0,0,44,3,47,0,15,61,3,79,58,6,64,143
02/25/2003,OWB,KY,ASO,CE,Federal Contract Tower,0,20,8,3,31,0,0,77,2,79,0,20,85,5,110,86,22,108,218
02/26/2003,OWB,KY,ASO,CE,Federal Contract Tower,0,18,12,0,30,0,2,62,10,74,0,20,74,10,104,64,6,70,174
02/27/2003,OWB,KY,ASO,CE,Federal Contract Tower,0,18,9,0,27,0,0,46,0,46,0,18,55,0,73,60,0,60,133
02/28/2003,OWB,KY,ASO,CE,Federal Contract Tower,0,14,13,0,27,0,0,15,0,15,0,14,28,0,42,0,0,0,42
03/01/2003,OWB,KY,ASO,CE,Federal Contract Tower,0,5,13,1,19,0,0,0,0,0,0,5,13,1,19,2,2,4,23
03/02/2003,OWB,KY,ASO,CE,Federal Contract Tower,0,4,10,0,14,0,0,42,0,42,0,4,52,0,56,62,0,62,118
03/03/2003,OWB,KY,ASO,CE,Federal Contract Tower,0,14,16,0,30,0,0,91,0,91,0,14,107,0,121,96,0,96,217
03/04/2003,OWB,KY,ASO,CE,Federal Contract Tower,0,18,6,0,24,0,1,76,2,79,0,19,82,2,103,80,4,84,187
03/05/2003,OWB,KY,ASO,CE,Federal Contract Tower,0,13,9,0,22,0,0,18,0,18,0,13,27,0,40,30,0,30,70
03/06/2003,OWB,KY,ASO,CE,Federal Contract Tower,0,19,7,1,27,0,2,65,0,67,0,21,72,1,94,66,4,70,164
03/07/2003,OWB,KY,ASO,CE,Federal Contract Tower,0,18,25,3,46,0,4,79,1,84,0,22,104,4,130,124,8,132,262
03/08/2003,OWB,KY,ASO,CE,Federal Contract Tower,0,4,8,0,12,0,0,76,2,78,0,4,84,2,90,90,4,94,184
03/09/2003,OWB,KY,ASO,CE,Federal Contract Tower,0,4,7,0,11,0,0,64,0,64,0,4,71,0,75,70,0,70,145
03/10/2003,OWB,KY,ASO,CE,Federal Contract Tower,0,11,15,0,26,0,0,75,0,75,0,11,90,0,101,122,0,122,223
03/11/2003,OWB,KY,ASO,CE,Federal Contract Tower,0,14,10,2,26,0,0,99,2,101,0,14,109,4,127,98,8,106,233
03/12/2003,OWB,KY,ASO,CE,Federal Contract Tower,0,19,12,0,31,0,5,53,0,58,0,24,65,0,89,74,0,74,163
03/13/2003,OWB,KY,ASO,CE,Federal Contract Tower,0,21,11,2,34,0,0,56,0,56,0,21,67,2,90,82,8,90,180
03/14/2003,OWB,KY,ASO,CE,Federal Contract Tower,0,13,10,0,23,0,0,50,0,50,0,13,60,0,73,56,0,56,129
03/15/2003,OWB,KY,ASO,CE,Federal Contract Tower,0,5,12,0,17,0,0,79,0,79,0,5,91,0,96,70,0,70,166
03/16/2003,OWB,KY,ASO,CE,Federal Contract Tower,0,5,7,0,12,0,0,83,0,83,0,5,90,0,95,72,0,72,167
03/17/2003,OWB,KY,ASO,CE,Federal Contract Tower,0,16,9,0,25,0,0,92,0,92,0,16,101,0,117,102,0,102,219
03/18/2003,OWB,KY,ASO,CE,Federal Contract Tower,0,15,16,0,31,0,0,50,4,54,0,15,66,4,85,80,8,88,173
03/19/2003,OWB,KY,ASO,CE,Federal Contract Tower,0,13,5,1,19,0,0,50,1,51,0,13,55,2,70,76,2,78,148
03/20/2003,OWB,KY,ASO,CE,Federal Contract Tower,0,14,13,0,27,0,0,65,0,65,0,14,78,0,92,70,0,70,162
03/21/2003,OWB,KY,ASO,CE,Federal Contract Tower,0,15,3,6,24,0,0,46,0,46,0,15,49,6,70,52,0,52,122
03/22/2003,OWB,KY,ASO,CE,Federal Contract Tower,0,8,15,2,25,0,0,84,0,84,0,8,99,2,109,80,0,80,189
03/23/2003,OWB,KY,ASO,CE,Federal Contract Tower,0,9,7,0,16,0,0,95,0,95,0,9,102,0,111,50,0,50,161
03/24/2003,OWB,KY,ASO,CE,Federal Contract Tower,0,15,6,0,21,0,0,107,0,107,0,15,113,0,128,90,0,90,218
03/25/2003,OWB,KY,ASO,CE,Federal Contract Tower,0,13,13,1,27,0,0,57,1,58,0,13,70,2,85,60,4,64,149
03/26/2003,OWB,KY,ASO,CE,Federal Contract Tower,0,14,7,2,23,0,2,81,0,83,0,16,88,2,106,86,8,94,200
03/27/2003,OWB,KY,ASO,CE,Federal Contract Tower,0,18,15,3,36,0,0,87,0,87,0,18,102,3,123,112,8,120,243
03/28/2003,OWB,KY,ASO,CE,Federal Contract Tower,0,14,11,0,25,0,0,45,0,45,0,14,56,0,70,46,0,46,116
03/29/2003,OWB,KY,ASO,CE,Federal Contract Tower,0,4,8,0,12,0,0,78,0,78,0,4,86,0,90,90,0,90,180
03/30/2003,OWB,KY,ASO,CE,Federal Contract Tower,0,8,10,1,19,0,0,84,1,85,0,8,94,2,104,92,4,96,200
03/31/2003,OWB,KY,ASO,CE,Federal Contract Tower,0,24,5,1,30,0,4,138,1,143,0,28,143,2,173,102,4,106,279
04/01/2003,OWB,KY,ASO,CE,Federal Contract Tower,0,12,10,0,22,0,2,72,0,74,0,14,82,0,96,72,0,72,168
04/02/2003,OWB,KY,ASO,CE,Federal Contract Tower,0,14,13,1,28,0,1,66,4,71,0,15,79,5,99,78,4,82,181
04/03/2003,OWB,KY,ASO,CE,Federal Contract Tower,0,19,16,0,35,0,0,67,0,67,0,19,83,0,102,108,0,108,210
04/04/2003,OWB,KY,ASO,CE,Federal Contract Tower,0,19,10,2,31,0,0,61,0,61,0,19,71,2,92,70,4,74,166
04/05/2003,OWB,KY,ASO,CE,Federal Contract Tower,0,2,17,0,19,0,0,83,0,83,0,2,100,0,102,98,0,98,200
04/06/2003,OWB,KY,ASO,CE,Federal Contract Tower,0,8,8,0,16,0,0,58,0,58,0,8,66,0,74,66,0,66,140
04/07/2003,OWB,KY,ASO,CE,Federal Contract Tower,0,16,10,0,26,0,1,102,0,103,0,17,112,0,129,74,0,74,203
04/08/2003,OWB,KY,ASO,CE,Federal Contract Tower,0,14,13,2,29,0,0,58,2,60,0,14,71,4,89,60,6,66,155
04/09/2003,OWB,KY,ASO,CE,Federal Contract Tower,0,23,4,2,29,0,0,0,0,0,0,23,4,2,29,0,0,0,29
04/10/2003,OWB,KY,ASO,CE,Federal Contract Tower,0,18,12,1,31,0,0,76,3,79,0,18,88,4,110,82,18,100,210
04/11/2003,OWB,KY,ASO,CE,Federal Contract Tower,0,12,17,1,30,0,0,126,7,133,0,12,143,8,163,122,24,146,309
04/12/2003,OWB,KY,ASO,CE,Federal Contract Tower,0,4,17,0,21,0,0,110,0,110,0,4,127,0,131,132,0,132,263
04/13/2003,OWB,KY,ASO,CE,Federal Contract Tower,0,5,2,0,7,0,0,111,2,113,0,5,113,2,120,118,4,122,242
04/14/2003,OWB,KY,ASO,CE,Federal Contract Tower,0,14,18,0,32,0,0,97,4,101,0,14,115,4,133,90,12,102,235
04/15/2003,OWB,KY,ASO,CE,Federal Contract Tower,0,14,12,0,26,0,0,95,2,97,0,14,107,2,123,100,6,106,229
04/16/2003,OWB,KY,ASO,CE,Federal Contract Tower,0,18,14,0,32,0,0,65,0,65,0,18,79,0,97,104,0,104,201
04/17/2003,OWB,KY,ASO,CE,Federal Contract Tower,0,16,11,0,27,0,0,58,0,58,0,16,69,0,85,70,0,70,155
04/18/2003,OWB,KY,ASO,CE,Federal Contract Tower,0,17,14,0,31,0,0,35,0,35,0,17,49,0,66,34,0,34,100
04/19/2003,OWB,KY,ASO,CE,Federal Contract Tower,0,5,6,0,11,0,1,98,0,99,0,6,104,0,110,102,0,102,212
04/20/2003,OWB,KY,ASO,CE,Federal Contract Tower,0,7,2,0,9,0,0,38,0,38,0,7,40,0,47,32,0,32,79
04/21/2003,OWB,KY,ASO,CE,Federal Contract Tower,0,11,11,0,22,0,0,103,0,103,0,11,114,0,125,114,0,114,239
04/22/2003,OWB,KY,ASO,CE,Federal Contract Tower,0,12,9,0,21,0,0,147,0,147,0,12,156,0,168,70,0,70,238
04/23/2003,OWB,KY,ASO,CE,Federal Contract Tower,0,16,18,1,35,0,0,101,1,102,0,16,119,2,137,114,4,118,255
04/24/2003,OWB,KY,ASO,CE,Federal Contract Tower,0,11,14,0,25,0,0,82,2,84,0,11,96,2,109,114,4,118,227
04/25/2003,OWB,KY,ASO,CE,Federal Contract Tower,0,17,9,0,26,0,0,0,0,0,0,17,9,0,26,2,0,2,28
04/26/2003,OWB,KY,ASO,CE,Federal Contract Tower,0,2,6,0,8,0,0,101,0,101,0,2,107,0,109,108,0,108,217
04/27/2003,OWB,KY,ASO,CE,Federal Contract Tower,0,7,9,0,16,0,0,113,0,113,0,7,122,0,129,76,0,76,205
04/28/2003,OWB,KY,ASO,CE,Federal Contract Tower,0,14,8,2,24,0,0,78,1,79,0,14,86,3,103,98,8,106,209
04/29/2003,OWB,KY,ASO,CE,Federal Contract Tower,0,14,7,0,21,0,0,81,2,83,0,14,88,2,104,98,6,104,208
04/30/2003,OWB,KY,ASO,CE,Federal Contract Tower,0,12,10,3,25,0,0,72,1,73,0,12,82,4,98,60,10,70,168
05/01/2003,OWB,KY,ASO,CE,Federal Contract Tower,0,10,0,0,10,0,0,81,2,83,0,10,81,2,93,60,4,64,157
05/02/2003,OWB,KY,ASO,CE,Federal Contract Tower,0,11,0,0,11,0,0,61,4,65,0,11,61,4,76,58,4,62,138
05/03/2003,OWB,KY,ASO,CE,Federal Contract Tower,0,4,0,0,4,0,0,99,0,99,0,4,99,0,103,82,0,82,185
05/04/2003,OWB,KY,ASO,CE,Federal Contract Tower,0,6,0,0,6,0,0,45,0,45,0,6,45,0,51,38,0,38,89
05/05/2003,OWB,KY,ASO,CE,Federal Contract Tower,0,15,0,0,15,0,0,67,2,69,0,15,67,2,84,64,4,68,152
05/06/2003,OWB,KY,ASO,CE,Federal Contract Tower,0,16,0,0,16,0,0,94,0,94,0,16,94,0,110,104,0,104,214
05/07/2003,OWB,KY,ASO,CE,Federal Contract Tower,0,14,0,0,14,0,0,71,0,71,0,14,71,0,85,54,0,54,139
05/08/2003,OWB,KY,ASO,CE,Federal Contract Tower,0,13,1,0,14,0,0,84,2,86,0,13,85,2,100,80,0,80,180
05/09/2003,OWB,KY,ASO,CE,Federal Contract Tower,0,11,1,0,12,0,3,92,0,95,0,14,93,0,107,80,0,80,187
05/10/2003,OWB,KY,ASO,CE,Federal Contract Tower,0,2,0,0,2,0,0,70,2,72,0,2,70,2,74,76,4,80,154
05/11/2003,OWB,KY,ASO,CE,Federal Contract Tower,0,6,0,0,6,0,0,64,0,64,0,6,64,0,70,68,0,68,138
05/12/2003,OWB,KY,ASO,CE,Federal Contract Tower,0,12,0,0,12,0,0,92,0,92,0,12,92,0,104,116,0,116,220
05/13/2003,OWB,KY,ASO,CE,Federal Contract Tower,0,13,0,0,13,0,0,101,3,104,0,13,101,3,117,104,6,110,227
05/14/2003,OWB,KY,ASO,CE,Federal Contract Tower,0,15,0,0,15,0,0,107,4,111,0,15,107,4,126,102,8,110,236
05/15/2003,OWB,KY,ASO,CE,Federal Contract Tower,0,15,6,0,21,0,0,82,4,86,0,15,88,4,107,74,10,84,191
05/16/2003,OWB,KY,ASO,CE,Federal Contract Tower,0,13,0,0,13,0,0,99,2,101,0,13,99,2,114,60,4,64,178
05/17/2003,OWB,KY,ASO,CE,Federal Contract Tower,0,4,0,0,4,0,3,50,0,53,0,7,50,0,57,58,0,58,115
05/18/2003,OWB,KY,ASO,CE,Federal Contract Tower,0,7,0,0,7,0,0,97,2,99,0,7,97,2,106,94,6,100,206
05/19/2003,OWB,KY,ASO,CE,Federal Contract Tower,0,16,0,0,16,0,0,73,2,75,0,16,73,2,91,68,4,72,163
05/20/2003,OWB,KY,ASO,CE,Federal Contract Tower,0,13,0,0,13,0,0,18,0,18,0,13,18,0,31,10,0,10,41
05/21/2003,OWB,KY,ASO,CE,Federal Contract Tower,0,12,7,0,19,0,0,106,8,114,0,12,113,8,133,80,20,100,233
05/22/2003,OWB,KY,ASO,CE,Federal Contract Tower,0,14,4,0,18,0,0,115,0,115,0,14,119,0,133,126,0,126,259
05/23/2003,OWB,KY,ASO,CE,Federal Contract Tower,0,14,3,0,17,0,0,91,2,93,0,14,94,2,110,70,4,74,184
05/24/2003,OWB,KY,ASO,CE,Federal Contract Tower,0,4,0,0,4,0,0,113,0,113,0,4,113,0,117,108,0,108,225
05/25/2003,OWB,KY,ASO,CE,Federal Contract Tower,0,5,0,0,5,0,0,62,0,62,0,5,62,0,67,56,0,56,123
05/26/2003,OWB,KY,ASO,CE,Federal Contract Tower,0,7,0,0,7,0,0,74,0,74,0,7,74,0,81,70,0,70,151
05/27/2003,OWB,KY,ASO,CE,Federal Contract Tower,0,11,4,0,15,0,0,91,2,93,0,11,95,2,108,92,10,102,210
05/28/2003,OWB,KY,ASO,CE,Federal Contract Tower,0,10,0,0,10,0,0,112,2,114,0,10,112,2,124,110,10,120,244
05/29/2003,OWB,KY,ASO,CE,Federal Contract Tower,0,13,0,0,13,0,0,82,2,84,0,13,82,2,97,74,8,82,179
05/30/2003,OWB,KY,ASO,CE,Federal Contract Tower,0,13,0,0,13,0,0,97,4,101,0,13,97,4,114,110,14,124,238
05/31/2003,OWB,KY,ASO,CE,Federal Contract Tower,0,6,0,0,6,0,0,79,0,79,0,6,79,0,85,124,0,124,209
06/01/2003,OWB,KY,ASO,CE,Federal Contract Tower,0,4,12,0,16,0,0,94,0,94,0,4,106,0,110,102,0,102,212
06/02/2003,OWB,KY,ASO,CE,Federal Contract Tower,0,10,10,0,20,0,0,61,0,61,0,10,71,0,81,68,0,68,149
06/03/2003,OWB,KY,ASO,CE,Federal Contract Tower,0,14,21,0,35,0,0,27,0,27,0,14,48,0,62,42,0,42,104
06/04/2003,OWB,KY,ASO,CE,Federal Contract Tower,0,17,22,0,39,0,0,85,0,85,0,17,107,0,124,94,0,94,218
06/05/2003,OWB,KY,ASO,CE,Federal Contract Tower,0,12,14,2,28,0,0,98,4,102,0,12,112,6,130,80,16,96,226
06/06/2003,OWB,KY,ASO,CE,Federal Contract Tower,0,13,9,0,22,0,2,82,0,84,0,15,91,0,106,102,0,102,208
06/07/2003,OWB,KY,ASO,CE,Federal Contract Tower,0,2,7,0,9,0,0,87,0,87,0,2,94,0,96,98,0,98,194
06/08/2003,OWB,KY,ASO,CE,Federal Contract Tower,0,7,6,0,13,0,0,71,0,71,0,7,77,0,84,94,0,94,178
06/09/2003,OWB,KY,ASO,CE,Federal Contract Tower,0,11,9,0,20,0,0,79,0,79,0,11,88,0,99,86,0,86,185
06/10/2003,OWB,KY,ASO,CE,Federal Contract Tower,0,12,8,2,22,0,0,59,4,63,0,12,67,6,85,76,16,92,177
06/11/2003,OWB,KY,ASO,CE,Federal Contract Tower,0,12,5,0,17,0,0,37,0,37,0,12,42,0,54,62,0,62,116
06/12/2003,OWB,KY,ASO,CE,Federal Contract Tower,0,11,3,1,15,0,0,48,3,51,0,11,51,4,66,102,8,110,176
06/13/2003,OWB,KY,ASO,CE,Federal Contract Tower,0,15,13,0,28,0,0,80,0,80,0,15,93,0,108,76,0,76,184
06/14/2003,OWB,KY,ASO,CE,Federal Contract Tower,0,5,12,2,19,0,0,81,0,81,0,5,93,2,100,90,4,94,194
06/15/2003,OWB,KY,ASO,CE,Federal Contract Tower,0,6,8,0,14,0,0,54,6,60,0,6,62,6,74,70,12,82,156
06/16/2003,OWB,KY,ASO,CE,Federal Contract Tower,0,14,8,0,22,0,0,52,0,52,0,14,60,0,74,64,0,64,138
06/17/2003,OWB,KY,ASO,CE,Federal Contract Tower,0,15,19,0,34,0,0,92,6,98,0,15,111,6,132,92,14,106,238
06/18/2003,OWB,KY,ASO,CE,Federal Contract Tower,0,15,13,0,28,0,0,79,0,79,0,15,92,0,107,122,0,122,229
06/19/2003,OWB,KY,ASO,CE,Federal Contract Tower,0,19,13,0,32,0,3,85,0,88,0,22,98,0,120,102,0,102,222
06/20/2003,OWB,KY,ASO,CE,Federal Contract Tower,0,13,17,3,33,0,2,109,5,116,0,15,126,8,149,104,22,126,275
06/21/2003,OWB,KY,ASO,CE,Federal Contract Tower,0,5,8,0,13,0,0,107,0,107,0,5,115,0,120,106,0,106,226
06/22/2003,OWB,KY,ASO,CE,Federal Contract Tower,0,8,7,0,15,0,2,75,0,77,0,10,82,0,92,90,0,90,182
06/23/2003,OWB,KY,ASO,CE,Federal Contract Tower,0,14,4,0,18,0,0,94,0,94,0,14,98,0,112,102,0,102,214
06/24/2003,OWB,KY,ASO,CE,Federal Contract Tower,0,13,20,1,34,0,0,97,0,97,0,13,117,1,131,102,2,104,235
06/25/2003,OWB,KY,ASO,CE,Federal Contract Tower,0,15,12,0,27,0,0,95,1,96,0,15,107,1,123,98,8,106,229
06/26/2003,OWB,KY,ASO,CE,Federal Contract Tower,0,10,11,0,21,0,0,68,0,68,0,10,79,0,89,84,0,84,173
06/27/2003,OWB,KY,ASO,CE,Federal Contract Tower,0,13,11,0,24,0,0,85,0,85,0,13,96,0,109,92,0,92,201
06/28/2003,OWB,KY,ASO,CE,Federal Contract Tower,0,3,8,0,11,0,0,74,0,74,0,3,82,0,85,104,0,104,189
06/29/2003,OWB,KY,ASO,CE,Federal Contract Tower,0,9,8,0,17,0,0,84,0,84,0,9,92,0,101,92,0,92,193
06/30/2003,OWB,KY,ASO,CE,Federal Contract Tower,0,9,8,0,17,0,0,65,0,65,0,9,73,0,82,122,0,122,204
07/01/2003,OWB,KY,ASO,CE,Federal Contract Tower,0,14,6,4,24,0,0,91,4,95,0,14,97,8,119,92,8,100,219
07/02/2003,OWB,KY,ASO,CE,Federal Contract Tower,0,10,10,0,20,0,2,94,2,98,0,12,104,2,118,118,4,122,240
07/03/2003,OWB,KY,ASO,CE,Federal Contract Tower,0,12,8,1,21,0,0,94,3,97,0,12,102,4,118,112,20,132,250
07/04/2003,OWB,KY,ASO,CE,Federal Contract Tower,0,5,9,0,14,0,0,84,6,90,0,5,93,6,104,134,12,146,250
07/05/2003,OWB,KY,ASO,CE,Federal Contract Tower,0,1,11,0,12,0,0,102,0,102,0,1,113,0,114,122,0,122,236
07/06/2003,OWB,KY,ASO,CE,Federal Contract Tower,0,4,11,0,15,0,0,58,0,58,0,4,69,0,73,62,0,62,135
07/07/2003,OWB,KY,ASO,CE,Federal Contract Tower,0,14,13,0,27,0,0,88,0,88,0,14,101,0,115,140,0,140,255
07/08/2003,OWB,KY,ASO,CE,Federal Contract Tower,0,12,16,2,30,0,0,105,0,105,0,12,121,2,135,90,4,94,229
07/09/2003,OWB,KY,ASO,CE,Federal Contract Tower,0,12,5,0,17,0,0,84,0,84,0,12,89,0,101,118,0,118,219
07/10/2003,OWB,KY,ASO,CE,Federal Contract Tower,0,11,12,0,23,0,0,73,0,73,0,11,85,0,96,82,0,82,178
07/11/2003,OWB,KY,ASO,CE,Federal Contract Tower,0,15,9,3,27,0,0,108,2,110,0,15,117,5,137,112,20,132,269
07/12/2003,OWB,KY,ASO,CE,Federal Contract Tower,0,2,22,0,24,0,0,90,0,90,0,2,112,0,114,88,0,88,202
07/13/2003,OWB,KY,ASO,CE,Federal Contract Tower,0,10,13,0,23,0,0,109,0,109,0,10,122,0,132,142,0,142,274
07/14/2003,OWB,KY,ASO,CE,Federal Contract Tower,0,13,5,2,20,0,0,98,0,98,0,13,103,2,118,92,8,100,218
07/15/2003,OWB,KY,ASO,CE,Federal Contract Tower,0,15,16,0,31,0,0,57,2,59,0,15,73,2,90,110,6,116,206
07/16/2003,OWB,KY,ASO,CE,Federal Contract Tower,0,11,23,0,34,0,0,99,6,105,0,11,122,6,139,122,10,132,271
07/17/2003,OWB,KY,ASO,CE,Federal Contract Tower,0,19,11,2,32,0,0,75,0,75,0,19,86,2,107,100,4,104,211
07/18/2003,OWB,KY,ASO,CE,Federal Contract Tower,0,10,5,0,15,0,0,63,2,65,0,10,68,2,80,82,10,92,172
07/19/2003,OWB,KY,ASO,CE,Federal Contract Tower,0,2,18,0,20,0,0,72,4,76,0,2,90,4,96,86,8,94,190
07/20/2003,OWB,KY,ASO,CE,Federal Contract Tower,0,4,8,0,12,0,0,84,0,84,0,4,92,0,96,102,0,102,198
07/21/2003,OWB,KY,ASO,CE,Federal Contract Tower,0,9,7,0,16,0,0,51,0,51,0,9,58,0,67,50,0,50,117
07/22/2003,OWB,KY,ASO,CE,Federal Contract Tower,0,11,12,0,23,0,0,72,0,72,0,11,84,0,95,130,0,130,225
07/23/2003,OWB,KY,ASO,CE,Federal Contract Tower,0,11,14,5,30,0,0,69,0,69,0,11,83,5,99,78,14,92,191
07/24/2003,OWB,KY,ASO,CE,Federal Contract Tower,0,15,21,2,38,0,0,72,2,74,0,15,93,4,112,112,16,128,240
07/25/2003,OWB,KY,ASO,CE,Federal Contract Tower,0,12,17,0,29,0,0,94,1,95,0,12,111,1,124,84,4,88,212
07/26/2003,OWB,KY,ASO,CE,Federal Contract Tower,0,5,13,0,18,0,0,99,0,99,0,5,112,0,117,100,0,100,217
07/27/2003,OWB,KY,ASO,CE,Federal Contract Tower,0,11,6,0,17,0,0,95,0,95,0,11,101,0,112,118,0,118,230
07/28/2003,OWB,KY,ASO,CE,Federal Contract Tower,0,19,12,0,31,0,5,76,0,81,0,24,88,0,112,90,0,90,202
07/29/2003,OWB,KY,ASO,CE,Federal Contract Tower,0,15,22,1,38,0,0,91,1,92,0,15,113,2,130,98,0,98,228
07/30/2003,OWB,KY,ASO,CE,Federal Contract Tower,0,17,22,2,41,0,0,85,2,87,0,17,107,4,128,118,14,132,260
07/31/2003,OWB,KY,ASO,CE,Federal Contract Tower,0,10,15,0,25,0,0,84,0,84,0,10,99,0,109,104,0,104,213
08/01/2003,OWB,KY,ASO,CE,Federal Contract Tower,0,14,25,0,39,0,0,81,0,81,0,14,106,0,120,98,0,98,218
08/02/2003,OWB,KY,ASO,CE,Federal Contract Tower,0,2,5,0,7,0,0,63,0,63,0,2,68,0,70,50,0,50,120
08/03/2003,OWB,KY,ASO,CE,Federal Contract Tower,0,7,8,0,15,0,0,90,0,90,0,7,98,0,105,114,0,114,219
08/04/2003,OWB,KY,ASO,CE,Federal Contract Tower,0,12,8,0,20,0,0,68,0,68,0,12,76,0,88,70,0,70,158
08/05/2003,OWB,KY,ASO,CE,Federal Contract Tower,0,15,21,0,36,0,0,69,0,69,0,15,90,0,105,96,0,96,201
08/06/2003,OWB,KY,ASO,CE,Federal Contract Tower,0,20,9,1,30,0,0,71,1,72,0,20,80,2,102,84,4,88,190
08/07/2003,OWB,KY,ASO,CE,Federal Contract Tower,0,11,16,5,32,0,0,78,2,80,0,11,94,7,112,88,26,114,226
08/08/2003,OWB,KY,ASO,CE,Federal Contract Tower,0,11,10,0,21,0,0,89,0,89,0,11,99,0,110,94,0,94,204
08/09/2003,OWB,KY,ASO,CE,Federal Contract Tower,0,8,7,0,15,0,0,65,0,65,0,8,72,0,80,48,0,48,128
08/10/2003,OWB,KY,ASO,CE,Federal Contract Tower,0,5,9,0,14,0,0,82,0,82,0,5,91,0,96,78,0,78,174
08/11/2003,OWB,KY,ASO,CE,Federal Contract Tower,0,10,9,0,19,0,0,78,0,78,0,10,87,0,97,60,0,60,157
08/12/2003,OWB,KY,ASO,CE,Federal Contract Tower,0,12,12,1,25,0,0,86,1,87,0,12,98,2,112,94,4,98,210
08/13/2003,OWB,KY,ASO,CE,Federal Contract Tower,0,12,14,2,28,0,0,62,0,62,0,12,76,2,90,64,8,72,162
08/14/2003,OWB,KY,ASO,CE,Federal Contract Tower,0,12,14,0,26,0,0,93,2,95,0,12,107,2,121,112,4,116,237
08/15/2003,OWB,KY,ASO,CE,Federal Contract Tower,0,14,14,0,28,0,0,73,0,73,0,14,87,0,101,64,0,64,165
08/16/2003,OWB,KY,ASO,CE,Federal Contract Tower,0,5,10,0,15,0,0,114,0,114,0,5,124,0,129,106,0,106,235
08/17/2003,OWB,KY,ASO,CE,Federal Contract Tower,0,5,5,0,10,0,0,76,0,76,0,5,81,0,86,56,0,56,142
08/18/2003,OWB,KY,ASO,CE,Federal Contract Tower,0,13,9,2,24,0,0,83,0,83,0,13,92,2,107,96,8,104,211
08/19/2003,OWB,KY,ASO,CE,Federal Contract Tower,0,9,10,0,19,0,0,98,4,102,0,9,108,4,121,106,8,114,235
08/20/2003,OWB,KY,ASO,CE,Federal Contract Tower,0,15,12,2,29,0,0,76,10,86,0,15,88,12,115,84,26,110,225
08/21/2003,OWB,KY,ASO,CE,Federal Contract Tower,0,16,21,1,38,0,0,89,5,94,0,16,110,6,132,78,12,90,222
08/22/2003,OWB,KY,ASO,CE,Federal Contract Tower,0,12,10,0,22,0,0,56,0,56,0,12,66,0,78,70,0,70,148
08/23/2003,OWB,KY,ASO,CE,Federal Contract Tower,0,6,19,0,25,0,4,101,0,105,0,10,120,0,130,120,0,120,250
08/24/2003,OWB,KY,ASO,CE,Federal Contract Tower,0,6,18,0,24,0,0,162,0,162,0,6,180,0,186,234,0,234,420
08/25/2003,OWB,KY,ASO,CE,Federal Contract Tower,0,18,13,0,31,0,0,99,1,100,0,18,112,1,131,132,8,140,271
08/26/2003,OWB,KY,ASO,CE,Federal Contract Tower,0,14,34,0,48,0,0,94,0,94,0,14,128,0,142,162,0,162,304
08/27/2003,OWB,KY,ASO,CE,Federal Contract Tower,0,13,11,1,25,0,0,66,1,67,0,13,77,2,92,90,14,104,196
08/28/2003,OWB,KY,ASO,CE,Federal Contract Tower,0,14,15,2,31,0,0,86,0,86,0,14,101,2,117,102,12,114,231
08/29/2003,OWB,KY,ASO,CE,Federal Contract Tower,0,14,8,0,22,0,0,83,0,83,0,14,91,0,105,70,0,70,175
08/30/2003,OWB,KY,ASO,CE,Federal Contract Tower,0,5,8,0,13,0,0,44,0,44,0,5,52,0,57,38,0,38,95
08/31/2003,OWB,KY,ASO,CE,Federal Contract Tower,0,4,3,0,7,0,0,68,0,68,0,4,71,0,75,70,0,70,145
09/01/2003,OWB,KY,ASO,CE,Federal Contract Tower,0,5,3,0,8,0,0,69,0,69,0,5,72,0,77,58,0,58,135
09/02/2003,OWB,KY,ASO,CE,Federal Contract Tower,0,16,9,0,25,0,0,48,0,48,0,16,57,0,73,46,0,46,119
09/03/2003,OWB,KY,ASO,CE,Federal Contract Tower,0,14,5,0,19,0,0,37,0,37,0,14,42,0,56,50,0,50,106
09/04/2003,OWB,KY,ASO,CE,Federal Contract Tower,0,10,25,0,35,0,0,79,0,79,0,10,104,0,114,98,0,98,212
09/05/2003,OWB,KY,ASO,CE,Federal Contract Tower,0,12,7,1,20,0,0,109,3,112,0,12,116,4,132,116,8,124,256
09/06/2003,OWB,KY,ASO,CE,Federal Contract Tower,0,2,17,0,19,0,0,117,0,117,0,2,134,0,136,96,0,96,232
09/07/2003,OWB,KY,ASO,CE,Federal Contract Tower,0,7,8,0,15,0,0,110,0,110,0,7,118,0,125,118,0,118,243
09/08/2003,OWB,KY,ASO,CE,Federal Contract Tower,0,10,8,4,22,0,0,82,2,84,0,10,90,6,106,100,18,118,224
09/09/2003,OWB,KY,ASO,CE,Federal Contract Tower,0,9,13,1,23,0,0,84,3,87,0,9,97,4,110,56,8,64,174
09/10/2003,OWB,KY,ASO,CE,Federal Contract Tower,0,17,20,1,38,0,0,67,1,68,0,17,87,2,106,92,8,100,206
09/11/2003,OWB,KY,ASO,CE,Federal Contract Tower,0,17,30,0,47,0,0,84,0,84,0,17,114,0,131,116,0,116,247
09/12/2003,OWB,KY,ASO,CE,Federal Contract Tower,0,15,19,0,34,0,0,72,0,72,0,15,91,0,106,82,0,82,188
09/13/2003,OWB,KY,ASO,CE,Federal Contract Tower,0,2,13,0,15,0,0,78,0,78,0,2,91,0,93,84,0,84,177
09/14/2003,OWB,KY,ASO,CE,Federal Contract Tower,0,6,19,2,27,0,0,78,0,78,0,6,97,2,105,86,4,90,195
09/15/2003,OWB,KY,ASO,CE,Federal Contract Tower,0,15,17,0,32,0,0,74,0,74,0,15,91,0,106,122,0,122,228
09/16/2003,OWB,KY,ASO,CE,Federal Contract Tower,0,14,16,2,32,0,1,117,0,118,0,15,133,2,150,118,10,128,278
09/17/2003,OWB,KY,ASO,CE,Federal Contract Tower,0,12,11,3,26,0,0,120,3,123,0,12,131,6,149,126,34,160,309
09/18/2003,OWB,KY,ASO,CE,Federal Contract Tower,0,13,29,1,43,0,0,101,5,106,0,13,130,6,149,132,16,148,297
09/19/2003,OWB,KY,ASO,CE,Federal Contract Tower,0,13,15,0,28,0,0,68,0,68,0,13,83,0,96,102,0,102,198
09/20/2003,OWB,KY,ASO,CE,Federal Contract Tower,0,5,5,0,10,0,0,117,0,117,0,5,122,0,127,112,0,112,239
09/21/2003,OWB,KY,ASO,CE,Federal Contract Tower,0,10,4,0,14,0,0,69,2,71,0,10,73,2,85,110,4,114,199
09/22/2003,OWB,KY,ASO,CE,Federal Contract Tower,0,14,10,0,24,0,0,75,4,79,0,14,85,4,103,100,8,108,211
09/23/2003,OWB,KY,ASO,CE,Federal Contract Tower,0,13,24,0,37,0,0,109,0,109,0,13,133,0,146,162,0,162,308
09/24/2003,OWB,KY,ASO,CE,Federal Contract Tower,0,13,10,2,25,0,1,91,2,94,0,14,101,4,119,168,10,178,297
09/25/2003,OWB,KY,ASO,CE,Federal Contract Tower,0,19,16,0,35,0,0,83,0,83,0,19,99,0,118,90,0,90,208
09/26/2003,OWB,KY,ASO,CE,Federal Contract Tower,0,14,23,0,37,0,0,72,4,76,0,14,95,4,113,144,16,160,273
09/27/2003,OWB,KY,ASO,CE,Federal Contract Tower,0,5,13,0,18,0,0,68,0,68,0,5,81,0,86,126,0,126,212
09/28/2003,OWB,KY,ASO,CE,Federal Contract Tower,0,10,7,0,17,0,4,84,0,88,0,14,91,0,105,132,0,132,237
09/29/2003,OWB,KY,ASO,CE,Federal Contract Tower,0,14,9,1,24,0,0,74,1,75,0,14,83,2,99,106,0,106,205
09/30/2003,OWB,KY,ASO,CE,Federal Contract Tower,0,15,5,1,21,0,0,93,0,93,0,15,98,1,114,118,4,122,236
10/01/2003,OWB,KY,ASO,CE,Federal Contract Tower,0,7,11,0,18,0,7,83,0,90,0,14,94,0,108,132,0,132,240
10/02/2003,OWB,KY,ASO,CE,Federal Contract Tower,0,13,17,1,31,0,3,104,1,108,0,16,121,2,139,102,4,106,245
10/03/2003,OWB,KY,ASO,CE,Federal Contract Tower,0,13,17,1,31,0,1,84,1,86,0,14,101,2,117,118,4,122,239
10/04/2003,OWB,KY,ASO,CE,Federal Contract Tower,0,7,8,1,16,0,0,81,5,86,0,7,89,6,102,80,6,86,188
10/05/2003,OWB,KY,ASO,CE,Federal Contract Tower,0,4,11,0,15,0,0,61,0,61,0,4,72,0,76,78,0,78,154
10/06/2003,OWB,KY,ASO,CE,Federal Contract Tower,0,11,13,1,25,0,2,80,1,83,0,13,93,2,108,126,8,134,242
10/07/2003,OWB,KY,ASO,CE,Federal Contract Tower,0,14,17,0,31,0,0,103,0,103,0,14,120,0,134,170,0,170,304
10/08/2003,OWB,KY,ASO,CE,Federal Contract Tower,0,11,13,0,24,0,2,98,0,100,0,13,111,0,124,134,0,134,258
10/09/2003,OWB,KY,ASO,CE,Federal Contract Tower,0,9,10,0,19,0,4,102,0,106,0,13,112,0,125,86,0,86,211
10/10/2003,OWB,KY,ASO,CE,Federal Contract Tower,0,16,18,0,34,0,2,56,0,58,0,18,74,0,92,86,0,86,178
10/11/2003,OWB,KY,ASO,CE,Federal Contract Tower,0,7,11,0,18,0,0,79,0,79,0,7,90,0,97,112,0,112,209
10/12/2003,OWB,KY,ASO,CE,Federal Contract Tower,0,6,12,0,18,0,0,63,0,63,0,6,75,0,81,102,0,102,183
10/13/2003,OWB,KY,ASO,CE,Federal Contract Tower,0,8,11,0,19,0,0,71,0,71,0,8,82,0,90,140,0,140,230
10/14/2003,OWB,KY,ASO,CE,Federal Contract Tower,0,8,10,1,19,0,4,18,3,25,0,12,28,4,44,44,8,52,96
10/15/2003,OWB,KY,ASO,CE,Federal Contract Tower,0,10,11,1,22,0,2,114,1,117,0,12,125,2,139,138,8,146,285
10/16/2003,OWB,KY,ASO,CE,Federal Contract Tower,0,13,15,1,29,0,4,107,1,112,0,17,122,2,141,128,6,134,275
10/17/2003,OWB,KY,ASO,CE,Federal Contract Tower,0,16,19,0,35,0,0,60,0,60,0,16,79,0,95,78,0,78,173
10/18/2003,OWB,KY,ASO,CE,Federal Contract Tower,0,5,8,1,14,0,0,83,11,94,0,5,91,12,108,70,16,86,194
10/19/2003,OWB,KY,ASO,CE,Federal Contract Tower,0,4,14,1,19,0,0,108,3,111,0,4,122,4,130,62,10,72,202
10/20/2003,OWB,KY,ASO,CE,Federal Contract Tower,0,8,9,0,17,0,1,96,0,97,0,9,105,0,114,134,0,134,248
10/21/2003,OWB,KY,ASO,CE,Federal Contract Tower,0,13,15,0,28,0,0,64,4,68,0,13,79,4,96,74,6,80,176
10/22/2003,OWB,KY,ASO,CE,Federal Contract Tower,0,14,22,1,37,0,0,88,11,99,0,14,110,12,136,94,26,120,256
10/23/2003,OWB,KY,ASO,CE,Federal Contract Tower,0,15,17,0,32,0,1,87,2,90,0,16,104,2,122,98,4,102,224
10/24/2003,OWB,KY,ASO,CE,Federal Contract Tower,0,12,15,0,27,0,3,85,5,93,0,15,100,5,120,122,8,130,250
10/25/2003,OWB,KY,ASO,CE,Federal Contract Tower,0,3,4,0,7,0,1,34,0,35,0,4,38,0,42,50,0,50,92
10/26/2003,OWB,KY,ASO,CE,Federal Contract Tower,0,7,11,0,18,0,0,51,0,51,0,7,62,0,69,66,0,66,135
10/27/2003,OWB,KY,ASO,CE,Federal Contract Tower,0,14,17,0,31,0,1,94,0,95,0,15,111,0,126,92,0,92,218
10/28/2003,OWB,KY,ASO,CE,Federal Contract Tower,0,11,13,0,24,0,0,54,0,54,0,11,67,0,78,80,0,80,158
10/29/2003,OWB,KY,ASO,CE,Federal Contract Tower,0,15,18,0,33,0,0,90,0,90,0,15,108,0,123,94,0,94,217
10/30/2003,OWB,KY,ASO,CE,Federal Contract Tower,0,12,15,0,27,0,0,79,0,79,0,12,94,0,106,94,0,94,200
10/31/2003,OWB,KY,ASO,CE,Federal Contract Tower,0,13,17,0,30,0,0,72,4,76,0,13,89,4,106,130,20,150,256
11/01/2003,OWB,KY,ASO,CE,Federal Contract Tower,0,4,9,0,13,0,0,72,0,72,0,4,81,0,85,94,0,94,179
11/02/2003,OWB,KY,ASO,CE,Federal Contract Tower,0,4,8,0,12,0,0,97,2,99,0,4,105,2,111,88,8,96,207
11/03/2003,OWB,KY,ASO,CE,Federal Contract Tower,0,12,11,0,23,0,2,87,8,97,0,14,98,8,120,82,12,94,214
11/04/2003,OWB,KY,ASO,CE,Federal Contract Tower,0,11,13,0,24,0,0,88,6,94,0,11,101,6,118,98,12,110,228
11/05/2003,OWB,KY,ASO,CE,Federal Contract Tower,0,11,11,0,22,0,7,58,0,65,0,18,69,0,87,74,0,74,161
11/06/2003,OWB,KY,ASO,CE,Federal Contract Tower,0,16,19,0,35,0,0,5,0,5,0,16,24,0,40,8,0,8,48
11/07/2003,OWB,KY,ASO,CE,Federal Contract Tower,0,13,15,0,28,0,0,69,1,70,0,13,84,1,98,88,0,88,186
11/08/2003,OWB,KY,ASO,CE,Federal Contract Tower,0,4,3,0,7,0,0,98,0,98,0,4,101,0,105,106,0,106,211
11/09/2003,OWB,KY,ASO,CE,Federal Contract Tower,0,7,9,0,16,0,0,105,0,105,0,7,114,0,121,98,0,98,219
11/10/2003,OWB,KY,ASO,CE,Federal Contract Tower,0,10,10,0,20,0,0,77,0,77,0,10,87,0,97,108,0,108,205
11/11/2003,OWB,KY,ASO,CE,Federal Contract Tower,0,6,7,0,13,0,2,38,0,40,0,8,45,0,53,50,0,50,103
11/12/2003,OWB,KY,ASO,CE,Federal Contract Tower,0,11,12,0,23,0,4,57,0,61,0,15,69,0,84,74,0,74,158
11/13/2003,OWB,KY,ASO,CE,Federal Contract Tower,0,12,12,1,25,0,3,70,3,76,0,15,82,4,101,110,8,118,219
11/14/2003,OWB,KY,ASO,CE,Federal Contract Tower,0,10,11,1,22,0,5,78,2,85,0,15,89,3,107,102,8,110,217
11/15/2003,OWB,KY,ASO,CE,Federal Contract Tower,0,2,12,1,15,0,0,63,3,66,0,2,75,4,81,98,8,106,187
11/16/2003,OWB,KY,ASO,CE,Federal Contract Tower,0,4,7,0,11,0,0,44,0,44,0,4,51,0,55,26,0,26,81
11/17/2003,OWB,KY,ASO,CE,Federal Contract Tower,0,13,14,1,28,0,0,58,7,65,0,13,72,8,93,82,14,96,189
11/18/2003,OWB,KY,ASO,CE,Federal Contract Tower,0,10,11,0,21,0,5,44,0,49,0,15,55,0,70,48,0,48,118
11/19/2003,OWB,KY,ASO,CE,Federal Contract Tower,0,11,12,0,23,0,6,70,0,76,0,17,82,0,99,88,0,88,187
11/20/2003,OWB,KY,ASO,CE,Federal Contract Tower,0,13,13,0,26,0,3,89,0,92,0,16,102,0,118,124,0,124,242
11/21/2003,OWB,KY,ASO,CE,Federal Contract Tower,0,16,18,1,35,0,0,78,3,81,0,16,96,4,116,132,0,132,248
11/22/2003,OWB,KY,ASO,CE,Federal Contract Tower,0,4,7,0,11,0,0,87,0,87,0,4,94,0,98,116,0,116,214
11/23/2003,OWB,KY,ASO,CE,Federal Contract Tower,0,6,8,0,14,0,1,69,0,70,0,7,77,0,84,102,0,102,186
11/24/2003,OWB,KY,ASO,CE,Federal Contract Tower,0,7,9,0,16,0,2,54,2,58,0,9,63,2,74,66,6,72,146
11/25/2003,OWB,KY,ASO,CE,Federal Contract Tower,0,9,14,0,23,0,0,84,0,84,0,9,98,0,107,112,0,112,219
11/26/2003,OWB,KY,ASO,CE,Federal Contract Tower,0,10,12,0,22,0,2,64,0,66,0,12,76,0,88,80,0,80,168
11/27/2003,OWB,KY,ASO,CE,Federal Contract Tower,0,4,6,0,10,0,1,11,0,12,0,5,17,0,22,16,0,16,38
11/28/2003,OWB,KY,ASO,CE,Federal Contract Tower,0,7,9,0,16,0,1,37,0,38,0,8,46,0,54,76,0,76,130
11/29/2003,OWB,KY,ASO,CE,Federal Contract Tower,0,4,7,0,11,0,0,94,0,94,0,4,101,0,105,150,0,150,255
11/30/2003,OWB,KY,ASO,CE,Federal Contract Tower,0,9,13,0,22,0,0,90,0,90,0,9,103,0,112,144,0,144,256
12/01/2003,OWB,KY,ASO,CE,Federal Contract Tower,0,14,11,0,25,0,0,86,0,86,0,14,97,0,111,90,0,90,201
12/02/2003,OWB,KY,ASO,CE,Federal Contract Tower,0,14,11,0,25,0,6,114,0,120,0,20,125,0,145,160,0,160,305
12/03/2003,OWB,KY,ASO,CE,Federal Contract Tower,0,12,9,0,21,0,6,59,2,67,0,18,68,2,88,88,6,94,182
12/04/2003,OWB,KY,ASO,CE,Federal Contract Tower,0,11,11,0,22,0,0,3,0,3,0,11,14,0,25,0,0,0,25
12/05/2003,OWB,KY,ASO,CE,Federal Contract Tower,0,11,7,0,18,0,2,9,0,11,0,13,16,0,29,20,0,20,49
12/06/2003,OWB,KY,ASO,CE,Federal Contract Tower,0,4,6,0,10,0,0,96,0,96,0,4,102,0,106,94,0,94,200
12/07/2003,OWB,KY,ASO,CE,Federal Contract Tower,0,6,7,0,13,0,0,100,0,100,0,6,107,0,113,130,0,130,243
12/08/2003,OWB,KY,ASO,CE,Federal Contract Tower,0,12,9,1,22,0,1,93,1,95,0,13,102,2,117,96,12,108,225
12/09/2003,OWB,KY,ASO,CE,Federal Contract Tower,0,13,12,1,26,0,0,60,8,68,0,13,72,9,94,94,44,138,232
12/10/2003,OWB,KY,ASO,CE,Federal Contract Tower,0,10,7,0,17,0,5,28,0,33,0,15,35,0,50,48,0,48,98
12/11/2003,OWB,KY,ASO,CE,Federal Contract Tower,0,11,11,0,22,0,0,72,0,72,0,11,83,0,94,90,0,90,184
12/12/2003,OWB,KY,ASO,CE,Federal Contract Tower,0,12,9,0,21,0,6,76,0,82,0,18,85,0,103,104,0,104,207
12/13/2003,OWB,KY,ASO,CE,Federal Contract Tower,0,6,5,1,12,0,1,16,1,18,0,7,21,2,30,24,4,28,58
12/14/2003,OWB,KY,ASO,CE,Federal Contract Tower,0,6,4,0,10,0,2,12,0,14,0,8,16,0,24,24,0,24,48
12/15/2003,OWB,KY,ASO,CE,Federal Contract Tower,0,12,9,0,21,0,0,52,0,52,0,12,61,0,73,66,0,66,139
12/16/2003,OWB,KY,ASO,CE,Federal Contract Tower,0,13,9,0,22,0,8,32,0,40,0,21,41,0,62,48,0,48,110
12/17/2003,OWB,KY,ASO,CE,Federal Contract Tower,0,11,8,0,19,0,0,86,0,86,0,11,94,0,105,62,0,62,167
12/18/2003,OWB,KY,ASO,CE,Federal Contract Tower,0,10,7,0,17,0,3,18,0,21,0,13,25,0,38,26,0,26,64
12/19/2003,OWB,KY,ASO,CE,Federal Contract Tower,0,12,8,0,20,0,1,37,0,38,0,13,45,0,58,60,0,60,118
12/20/2003,OWB,KY,ASO,CE,Federal Contract Tower,0,4,6,0,10,0,0,112,4,116,0,4,118,4,126,114,6,120,246
12/21/2003,OWB,KY,ASO,CE,Federal Contract Tower,0,5,5,0,10,0,0,97,0,97,0,5,102,0,107,90,0,90,197
12/22/2003,OWB,KY,ASO,CE,Federal Contract Tower,0,14,10,0,24,0,3,54,0,57,0,17,64,0,81,80,0,80,161
12/23/2003,OWB,KY,ASO,CE,Federal Contract Tower,0,14,10,0,24,0,3,25,2,30,0,17,35,2,54,24,0,24,78
12/24/2003,OWB,KY,ASO,CE,Federal Contract Tower,0,5,4,0,9,0,0,41,0,41,0,5,45,0,50,46,0,46,96
12/25/2003,OWB,KY,ASO,CE,Federal Contract Tower,0,2,1,0,3,0,0,51,0,51,0,2,52,0,54,64,0,64,118
12/26/2003,OWB,KY,ASO,CE,Federal Contract Tower,0,9,7,0,16,0,0,80,2,82,0,9,87,2,98,60,0,60,158
12/27/2003,OWB,KY,ASO,CE,Federal Contract Tower,0,8,5,0,13,0,0,130,0,130,0,8,135,0,143,116,0,116,259
12/28/2003,OWB,KY,ASO,CE,Federal Contract Tower,0,6,4,0,10,0,0,85,0,85,0,6,89,0,95,112,0,112,207
12/29/2003,OWB,KY,ASO,CE,Federal Contract Tower,0,11,7,0,18,0,0,33,0,33,0,11,40,0,51,30,0,30,81
12/30/2003,OWB,KY,ASO,CE,Federal Contract Tower,0,11,13,0,24,0,0,78,6,84,0,11,91,6,108,112,20,132,240
12/31/2003,OWB,KY,ASO,CE,Federal Contract Tower,0,9,7,0,16,0,0,91,4,95,0,9,98,4,111,80,4,84,195
01/01/2004,OWB,KY,ASO,CE,Federal Contract Tower,0,5,1,0,6,0,2,95,0,97,0,7,96,0,103,98,0,98,201
01/02/2004,OWB,KY,ASO,CE,Federal Contract Tower,0,11,2,0,13,0,2,31,0,33,0,13,33,0,46,32,0,32,78
01/03/2004,OWB,KY,ASO,CE,Federal Contract Tower,0,3,1,0,4,0,0,72,0,72,0,3,73,0,76,82,0,82,158
01/04/2004,OWB,KY,ASO,CE,Federal Contract Tower,0,7,1,0,8,0,1,51,0,52,0,8,52,0,60,64,0,64,124
01/05/2004,OWB,KY,ASO,CE,Federal Contract Tower,0,10,1,0,11,0,2,58,0,60,0,12,59,0,71,66,0,66,137
01/06/2004,OWB,KY,ASO,CE,Federal Contract Tower,0,8,1,0,9,0,4,82,2,88,0,12,83,2,97,80,6,86,183
01/07/2004,OWB,KY,ASO,CE,Federal Contract Tower,0,14,2,0,16,0,4,79,4,87,0,18,81,4,103,102,16,118,221
01/08/2004,OWB,KY,ASO,CE,Federal Contract Tower,0,12,1,0,13,0,2,79,4,85,0,14,80,4,98,102,12,114,212
01/09/2004,OWB,KY,ASO,CE,Federal Contract Tower,0,10,2,0,12,0,0,43,6,49,0,10,45,6,61,50,10,60,121
01/10/2004,OWB,KY,ASO,CE,Federal Contract Tower,0,2,1,0,3,0,0,78,1,79,0,2,79,1,82,144,2,146,228
01/11/2004,OWB,KY,ASO,CE,Federal Contract Tower,0,4,1,0,5,0,2,76,0,78,0,6,77,0,83,132,0,132,215
01/12/2004,OWB,KY,ASO,CE,Federal Contract Tower,0,10,1,0,11,0,6,82,0,88,0,16,83,0,99,128,0,128,227
01/13/2004,OWB,KY,ASO,CE,Federal Contract Tower,0,15,2,0,17,0,0,101,12,113,0,15,103,12,130,136,34,170,300
01/14/2004,OWB,KY,ASO,CE,Federal Contract Tower,0,9,1,0,10,0,1,60,4,65,0,10,61,4,75,62,10,72,147
01/15/2004,OWB,KY,ASO,CE,Federal Contract Tower,0,11,2,0,13,0,8,82,0,90,0,19,84,0,103,74,0,74,177
01/16/2004,OWB,KY,ASO,CE,Federal Contract Tower,0,12,2,0,14,0,4,102,2,108,0,16,104,2,122,104,6,110,232
01/17/2004,OWB,KY,ASO,CE,Federal Contract Tower,0,6,0,0,6,0,0,50,2,52,0,6,50,2,58,76,6,82,140
01/18/2004,OWB,KY,ASO,CE,Federal Contract Tower,0,6,0,0,6,0,0,81,0,81,0,6,81,0,87,72,0,72,159
01/19/2004,OWB,KY,ASO,CE,Federal Contract Tower,0,8,0,0,8,0,0,80,0,80,0,8,80,0,88,94,0,94,182
01/20/2004,OWB,KY,ASO,CE,Federal Contract Tower,0,10,0,0,10,0,0,64,2,66,0,10,64,2,76,86,6,92,168
01/21/2004,OWB,KY,ASO,CE,Federal Contract Tower,0,14,1,0,15,0,0,88,4,92,0,14,89,4,107,60,12,72,179
01/22/2004,OWB,KY,ASO,CE,Federal Contract Tower,0,11,1,0,12,0,3,81,2,86,0,14,82,2,98,68,4,72,170
01/23/2004,OWB,KY,ASO,CE,Federal Contract Tower,0,12,1,0,13,0,4,67,0,71,0,16,68,0,84,70,0,70,154
01/24/2004,OWB,KY,ASO,CE,Federal Contract Tower,0,2,0,0,2,0,0,85,0,85,0,2,85,0,87,112,0,112,199
01/25/2004,OWB,KY,ASO,CE,Federal Contract Tower,0,2,0,0,2,0,0,5,0,5,0,2,5,0,7,0,0,0,7
01/26/2004,OWB,KY,ASO,CE,Federal Contract Tower,0,4,0,0,4,0,2,2,0,4,0,6,2,0,8,0,0,0,8
01/27/2004,OWB,KY,ASO,CE,Federal Contract Tower,0,10,0,0,10,0,0,9,1,10,0,10,9,1,20,0,4,4,24
01/28/2004,OWB,KY,ASO,CE,Federal Contract Tower,0,10,0,0,10,0,0,93,0,93,0,10,93,0,103,64,0,64,167
01/29/2004,OWB,KY,ASO,CE,Federal Contract Tower,0,11,0,0,11,0,2,76,1,79,0,13,76,1,90,58,0,58,148
01/30/2004,OWB,KY,ASO,CE,Federal Contract Tower,0,11,0,0,11,0,10,76,0,86,0,21,76,0,97,116,0,116,213
01/31/2004,OWB,KY,ASO,CE,Federal Contract Tower,0,13,1,0,14,0,2,81,0,83,0,15,82,0,97,112,0,112,209
02/01/2004,OWB,KY,ASO,CE,Federal Contract Tower,0,9,12,0,21,0,1,60,0,61,0,10,72,0,82,94,0,94,176
02/02/2004,OWB,KY,ASO,CE,Federal Contract Tower,0,5,8,0,13,0,7,11,0,18,0,12,19,0,31,12,0,12,43
02/03/2004,OWB,KY,ASO,CE,Federal Contract Tower,0,13,16,1,30,0,3,77,1,81,0,16,93,2,111,40,6,46,157
02/04/2004,OWB,KY,ASO,CE,Federal Contract Tower,0,9,9,1,19,0,4,79,5,88,0,13,88,6,107,90,24,114,221
02/05/2004,OWB,KY,ASO,CE,Federal Contract Tower,0,6,6,0,12,0,3,4,0,7,0,9,10,0,19,10,0,10,29
02/06/2004,OWB,KY,ASO,CE,Federal Contract Tower,0,9,10,0,19,0,5,34,0,39,0,14,44,0,58,46,0,46,104
02/07/2004,OWB,KY,ASO,CE,Federal Contract Tower,0,2,5,0,7,0,0,27,0,27,0,2,32,0,34,20,0,20,54
02/08/2004,OWB,KY,ASO,CE,Federal Contract Tower,0,7,9,0,16,0,0,54,0,54,0,7,63,0,70,104,0,104,174
02/09/2004,OWB,KY,ASO,CE,Federal Contract Tower,0,14,15,1,30,0,3,39,1,43,0,17,54,2,73,44,10,54,127
02/10/2004,OWB,KY,ASO,CE,Federal Contract Tower,0,12,16,2,30,0,0,93,2,95,0,12,109,4,125,70,8,78,203
02/11/2004,OWB,KY,ASO,CE,Federal Contract Tower,0,16,18,2,36,0,0,88,2,90,0,16,106,4,126,110,14,124,250
02/12/2004,OWB,KY,ASO,CE,Federal Contract Tower,0,11,11,1,23,0,0,57,9,66,0,11,68,10,89,80,32,112,201
02/13/2004,OWB,KY,ASO,CE,Federal Contract Tower,0,12,13,1,26,0,1,84,3,88,0,13,97,4,114,134,12,146,260
02/14/2004,OWB,KY,ASO,CE,Federal Contract Tower,0,4,5,0,9,0,0,80,0,80,0,4,85,0,89,132,0,132,221
02/15/2004,OWB,KY,ASO,CE,Federal Contract Tower,0,4,6,0,10,0,0,62,0,62,0,4,68,0,72,94,0,94,166
02/16/2004,OWB,KY,ASO,CE,Federal Contract Tower,0,10,10,0,20,0,2,70,0,72,0,12,80,0,92,116,0,116,208
02/17/2004,OWB,KY,ASO,CE,Federal Contract Tower,0,10,15,0,25,0,0,96,0,96,0,10,111,0,121,132,0,132,253
02/18/2004,OWB,KY,ASO,CE,Federal Contract Tower,0,13,17,1,31,0,0,93,3,96,0,13,110,4,127,118,18,136,263
02/19/2004,OWB,KY,ASO,CE,Federal Contract Tower,0,14,19,1,34,0,0,105,5,110,0,14,124,6,144,138,18,156,300
02/20/2004,OWB,KY,ASO,CE,Federal Contract Tower,0,8,10,0,18,0,1,46,0,47,0,9,56,0,65,86,0,86,151
02/21/2004,OWB,KY,ASO,CE,Federal Contract Tower,0,4,11,0,15,0,0,60,0,60,0,4,71,0,75,90,0,90,165
02/22/2004,OWB,KY,ASO,CE,Federal Contract Tower,0,2,8,0,10,0,0,113,0,113,0,2,121,0,123,86,0,86,209
02/23/2004,OWB,KY,ASO,CE,Federal Contract Tower,0,9,10,0,19,0,1,70,6,77,0,10,80,6,96,112,12,124,220
02/24/2004,OWB,KY,ASO,CE,Federal Contract Tower,0,13,17,0,30,0,0,46,0,46,0,13,63,0,76,92,0,92,168
02/25/2004,OWB,KY,ASO,CE,Federal Contract Tower,0,10,11,0,21,0,3,85,2,90,0,13,96,2,111,112,8,120,231
02/26/2004,OWB,KY,ASO,CE,Federal Contract Tower,0,13,14,0,27,0,0,96,0,96,0,13,110,0,123,168,0,168,291
02/27/2004,OWB,KY,ASO,CE,Federal Contract Tower,0,10,12,0,22,0,0,102,2,104,0,10,114,2,126,106,8,114,240
02/28/2004,OWB,KY,ASO,CE,Federal Contract Tower,0,7,9,0,16,0,0,132,2,134,0,7,141,2,150,128,8,136,286
02/29/2004,OWB,KY,ASO,CE,Federal Contract Tower,0,7,10,0,17,0,0,89,0,89,0,7,99,0,106,96,0,96,202
03/01/2004,OWB,KY,ASO,CE,Federal Contract Tower,0,11,11,0,22,0,5,45,0,50,0,16,56,0,72,74,0,74,146
03/02/2004,OWB,KY,ASO,CE,Federal Contract Tower,0,11,11,0,22,0,1,90,0,91,0,12,101,0,113,120,0,120,233
03/03/2004,OWB,KY,ASO,CE,Federal Contract Tower,0,6,11,0,17,0,0,49,0,49,0,6,60,0,66,54,0,54,120
03/04/2004,OWB,KY,ASO,CE,Federal Contract Tower,0,6,7,0,13,0,5,84,0,89,0,11,91,0,102,116,0,116,218
03/05/2004,OWB,KY,ASO,CE,Federal Contract Tower,0,9,9,0,18,0,1,45,0,46,0,10,54,0,64,56,0,56,120
03/06/2004,OWB,KY,ASO,CE,Federal Contract Tower,0,4,10,1,15,0,0,78,3,81,0,4,88,4,96,120,6,126,222
03/07/2004,OWB,KY,ASO,CE,Federal Contract Tower,0,4,4,0,8,0,1,45,0,46,0,5,49,0,54,50,0,50,104
03/08/2004,OWB,KY,ASO,CE,Federal Contract Tower,0,11,12,1,24,0,0,69,5,74,0,11,81,6,98,92,22,114,212
03/09/2004,OWB,KY,ASO,CE,Federal Contract Tower,0,11,12,1,24,0,1,55,6,62,0,12,67,7,86,100,20,120,206
03/10/2004,OWB,KY,ASO,CE,Federal Contract Tower,0,9,18,2,29,0,0,85,2,87,0,9,103,4,116,118,12,130,246
03/11/2004,OWB,KY,ASO,CE,Federal Contract Tower,0,12,15,1,28,0,0,69,1,70,0,12,84,2,98,96,6,102,200
03/12/2004,OWB,KY,ASO,CE,Federal Contract Tower,0,10,11,1,22,0,3,74,0,77,0,13,85,1,99,88,6,94,193
03/13/2004,OWB,KY,ASO,CE,Federal Contract Tower,0,4,6,0,10,0,0,136,0,136,0,4,142,0,146,190,0,190,336
03/14/2004,OWB,KY,ASO,CE,Federal Contract Tower,0,4,8,0,12,0,0,49,0,49,0,4,57,0,61,66,0,66,127
03/15/2004,OWB,KY,ASO,CE,Federal Contract Tower,0,6,7,0,13,0,2,66,0,68,0,8,73,0,81,94,0,94,175
03/16/2004,OWB,KY,ASO,CE,Federal Contract Tower,0,13,15,0,28,0,1,16,0,17,0,14,31,0,45,30,0,30,75
03/17/2004,OWB,KY,ASO,CE,Federal Contract Tower,0,13,16,0,29,0,3,70,0,73,0,16,86,0,102,98,0,98,200
03/18/2004,OWB,KY,ASO,CE,Federal Contract Tower,0,12,13,1,26,0,1,75,1,77,0,13,88,2,103,106,6,112,215
03/19/2004,OWB,KY,ASO,CE,Federal Contract Tower,0,11,13,0,24,0,0,97,2,99,0,11,110,2,123,92,6,98,221
03/20/2004,OWB,KY,ASO,CE,Federal Contract Tower,0,4,7,0,11,0,0,52,0,52,0,4,59,0,63,62,0,62,125
03/21/2004,OWB,KY,ASO,CE,Federal Contract Tower,0,2,3,0,5,0,0,78,0,78,0,2,81,0,83,84,0,84,167
03/22/2004,OWB,KY,ASO,CE,Federal Contract Tower,0,10,12,0,22,0,4,97,2,103,0,14,109,2,125,92,10,102,227
03/23/2004,OWB,KY,ASO,CE,Federal Contract Tower,0,11,16,0,27,0,0,67,4,71,0,11,83,4,98,96,12,108,206
03/24/2004,OWB,KY,ASO,CE,Federal Contract Tower,0,16,20,1,37,0,1,80,3,84,0,17,100,4,121,112,16,128,249
03/25/2004,OWB,KY,ASO,CE,Federal Contract Tower,0,16,19,1,36,0,0,57,5,62,0,16,76,6,98,80,20,100,198
03/26/2004,OWB,KY,ASO,CE,Federal Contract Tower,0,9,10,0,19,0,4,52,0,56,0,13,62,0,75,52,0,52,127
03/27/2004,OWB,KY,ASO,CE,Federal Contract Tower,0,6,8,0,14,0,0,102,4,106,0,6,110,4,120,154,12,166,286
03/28/2004,OWB,KY,ASO,CE,Federal Contract Tower,0,2,6,0,8,0,0,82,0,82,0,2,88,0,90,80,0,80,170
03/29/2004,OWB,KY,ASO,CE,Federal Contract Tower,0,7,8,0,15,0,1,53,0,54,0,8,61,0,69,64,0,64,133
03/30/2004,OWB,KY,ASO,CE,Federal Contract Tower,0,6,8,0,14,0,4,71,0,75,0,10,79,0,89,84,0,84,173
03/31/2004,OWB,KY,ASO,CE,Federal Contract Tower,0,10,16,0,26,0,0,67,2,69,0,10,83,2,95,64,8,72,167
04/01/2004,OWB,KY,ASO,CE,Federal Contract Tower,0,14,17,2,33,0,1,65,0,66,0,15,82,2,99,102,8,110,209
04/02/2004,OWB,KY,ASO,CE,Federal Contract Tower,0,11,12,0,23,0,3,61,0,64,0,14,73,0,87,120,0,120,207
04/03/2004,OWB,KY,ASO,CE,Federal Contract Tower,0,2,5,0,7,0,0,114,0,114,0,2,119,0,121,134,0,134,255
04/04/2004,OWB,KY,ASO,CE,Federal Contract Tower,0,4,6,0,10,0,0,92,0,92,0,4,98,0,102,106,0,106,208
04/05/2004,OWB,KY,ASO,CE,Federal Contract Tower,0,7,6,0,13,0,3,89,0,92,0,10,95,0,105,106,0,106,211
04/06/2004,OWB,KY,ASO,CE,Federal Contract Tower,0,8,8,2,18,0,4,103,2,109,0,12,111,4,127,100,12,112,239
04/07/2004,OWB,KY,ASO,CE,Federal Contract Tower,0,10,11,2,23,0,4,69,0,73,0,14,80,2,96,80,4,84,180
04/08/2004,OWB,KY,ASO,CE,Federal Contract Tower,0,13,14,2,29,0,0,69,4,73,0,13,83,6,102,84,18,102,204
04/09/2004,OWB,KY,ASO,CE,Federal Contract Tower,0,12,15,0,27,0,0,106,0,106,0,12,121,0,133,90,0,90,223
04/10/2004,OWB,KY,ASO,CE,Federal Contract Tower,0,1,1,0,2,0,2,94,0,96,0,3,95,0,98,94,0,94,192
04/11/2004,OWB,KY,ASO,CE,Federal Contract Tower,0,2,2,0,4,0,0,58,0,58,0,2,60,0,62,52,0,52,114
04/12/2004,OWB,KY,ASO,CE,Federal Contract Tower,0,10,10,0,20,0,4,33,0,37,0,14,43,0,57,56,0,56,113
04/13/2004,OWB,KY,ASO,CE,Federal Contract Tower,0,9,8,0,17,0,5,0,0,5,0,14,8,0,22,0,0,0,22
04/14/2004,OWB,KY,ASO,CE,Federal Contract Tower,0,11,15,2,28,0,0,89,2,91,0,11,104,4,119,70,16,86,205
04/15/2004,OWB,KY,ASO,CE,Federal Contract Tower,0,11,12,2,25,0,0,70,0,70,0,11,82,2,95,132,10,142,237
04/16/2004,OWB,KY,ASO,CE,Federal Contract Tower,0,16,17,2,35,0,7,83,0,90,0,23,100,2,125,92,12,104,229
04/17/2004,OWB,KY,ASO,CE,Federal Contract Tower,0,3,4,0,7,0,0,137,2,139,0,3,141,2,146,118,10,128,274
04/18/2004,OWB,KY,ASO,CE,Federal Contract Tower,0,4,6,0,10,0,0,75,0,75,0,4,81,0,85,98,0,98,183
04/19/2004,OWB,KY,ASO,CE,Federal Contract Tower,0,11,13,1,25,0,5,63,0,68,0,16,76,1,93,90,6,96,189
04/20/2004,OWB,KY,ASO,CE,Federal Contract Tower,0,12,13,1,26,0,4,80,1,85,0,16,93,2,111,90,6,96,207
04/21/2004,OWB,KY,ASO,CE,Federal Contract Tower,0,9,10,1,20,0,4,71,3,78,0,13,81,4,98,92,12,104,202
04/22/2004,OWB,KY,ASO,CE,Federal Contract Tower,0,11,13,1,25,0,1,28,1,30,0,12,41,2,55,20,2,22,77
04/23/2004,OWB,KY,ASO,CE,Federal Contract Tower,0,13,14,0,27,0,3,28,0,31,0,16,42,0,58,64,0,64,122
04/24/2004,OWB,KY,ASO,CE,Federal Contract Tower,0,7,11,1,19,0,0,79,9,88,0,7,90,10,107,132,10,142,249
04/25/2004,OWB,KY,ASO,CE,Federal Contract Tower,0,4,5,0,9,0,1,59,0,60,0,5,64,0,69,96,0,96,165
04/26/2004,OWB,KY,ASO,CE,Federal Contract Tower,0,8,12,1,21,0,0,90,3,93,0,8,102,4,114,122,14,136,250
04/27/2004,OWB,KY,ASO,CE,Federal Contract Tower,0,8,13,1,22,0,0,105,8,113,0,8,118,9,135,132,46,178,313
04/28/2004,OWB,KY,ASO,CE,Federal Contract Tower,0,10,15,1,26,0,0,106,3,109,0,10,121,4,135,130,18,148,283
04/29/2004,OWB,KY,ASO,CE,Federal Contract Tower,0,12,16,1,29,0,0,96,5,101,0,12,112,6,130,100,28,128,258
04/30/2004,OWB,KY,ASO,CE,Federal Contract Tower,0,7,8,0,15,0,3,44,0,47,0,10,52,0,62,102,0,102,164
05/01/2004,OWB,KY,ASO,CE,Federal Contract Tower,0,2,2,0,4,0,0,45,0,45,0,2,47,0,49,80,0,80,129
05/02/2004,OWB,KY,ASO,CE,Federal Contract Tower,0,3,3,0,6,0,1,71,0,72,0,4,74,0,78,80,0,80,158
05/03/2004,OWB,KY,ASO,CE,Federal Contract Tower,0,10,12,1,23,0,0,80,3,83,0,10,92,4,106,116,20,136,242
05/04/2004,OWB,KY,ASO,CE,Federal Contract Tower,0,10,13,3,26,0,0,98,1,99,0,10,111,4,125,136,14,150,275
05/05/2004,OWB,KY,ASO,CE,Federal Contract Tower,0,12,15,3,30,0,0,107,3,110,0,12,122,6,140,140,16,156,296
05/06/2004,OWB,KY,ASO,CE,Federal Contract Tower,0,15,19,4,38,0,0,89,6,95,0,15,108,10,133,134,30,164,297
05/07/2004,OWB,KY,ASO,CE,Federal Contract Tower,0,12,16,2,30,0,0,95,0,95,0,12,111,2,125,144,14,158,283
05/08/2004,OWB,KY,ASO,CE,Federal Contract Tower,0,2,6,0,8,0,0,118,0,118,0,2,124,0,126,102,0,102,228
05/09/2004,OWB,KY,ASO,CE,Federal Contract Tower,0,3,3,0,6,0,0,92,0,92,0,3,95,0,98,110,0,110,208
05/10/2004,OWB,KY,ASO,CE,Federal Contract Tower,0,11,14,3,28,0,1,86,1,88,0,12,100,4,116,132,14,146,262
05/11/2004,OWB,KY,ASO,CE,Federal Contract Tower,0,14,16,3,33,0,5,87,5,97,0,19,103,8,130,124,34,158,288
05/12/2004,OWB,KY,ASO,CE,Federal Contract Tower,0,10,13,3,26,0,3,70,11,84,0,13,83,14,110,98,38,136,246
05/13/2004,OWB,KY,ASO,CE,Federal Contract Tower,0,12,15,3,30,0,0,52,3,55,0,12,67,6,85,82,12,94,179
05/14/2004,OWB,KY,ASO,CE,Federal Contract Tower,0,8,9,2,19,0,5,26,2,33,0,13,35,4,52,72,12,84,136
05/15/2004,OWB,KY,ASO,CE,Federal Contract Tower,0,2,17,0,19,0,0,12,0,12,0,2,29,0,31,20,0,20,51
05/16/2004,OWB,KY,ASO,CE,Federal Contract Tower,0,4,8,0,12,0,0,45,0,45,0,4,53,0,57,80,0,80,137
05/17/2004,OWB,KY,ASO,CE,Federal Contract Tower,0,9,11,0,20,0,2,83,0,85,0,11,94,0,105,102,0,102,207
05/18/2004,OWB,KY,ASO,CE,Federal Contract Tower,0,11,13,3,27,0,3,74,1,78,0,14,87,4,105,118,16,134,239
05/19/2004,OWB,KY,ASO,CE,Federal Contract Tower,0,14,17,2,33,0,6,69,0,75,0,20,86,2,108,90,10,100,208
05/20/2004,OWB,KY,ASO,CE,Federal Contract Tower,0,10,17,2,29,0,0,89,0,89,0,10,106,2,118,112,8,120,238
05/21/2004,OWB,KY,ASO,CE,Federal Contract Tower,0,5,8,1,14,0,5,111,6,122,0,10,119,7,136,216,22,238,374
05/22/2004,OWB,KY,ASO,CE,Federal Contract Tower,0,3,11,1,15,0,0,94,1,95,0,3,105,2,110,118,6,124,234
05/23/2004,OWB,KY,ASO,CE,Federal Contract Tower,0,3,6,0,9,0,0,63,0,63,0,3,69,0,72,96,0,96,168
05/24/2004,OWB,KY,ASO,CE,Federal Contract Tower,0,11,13,1,25,0,1,49,6,56,0,12,62,7,81,66,22,88,169
05/25/2004,OWB,KY,ASO,CE,Federal Contract Tower,0,7,9,1,17,0,6,51,1,58,0,13,60,2,75,104,10,114,189
05/26/2004,OWB,KY,ASO,CE,Federal Contract Tower,0,10,12,0,22,0,4,34,0,38,0,14,46,0,60,40,0,40,100
05/27/2004,OWB,KY,ASO,CE,Federal Contract Tower,0,13,17,2,32,0,0,89,0,89,0,13,106,2,121,102,8,110,231
05/28/2004,OWB,KY,ASO,CE,Federal Contract Tower,0,8,11,0,19,0,0,69,0,69,0,8,80,0,88,112,0,112,200
05/29/2004,OWB,KY,ASO,CE,Federal Contract Tower,0,4,7,0,11,0,0,89,0,89,0,4,96,0,100,148,0,148,248
05/30/2004,OWB,KY,ASO,CE,Federal Contract Tower,0,2,6,0,8,0,0,44,0,44,0,2,50,0,52,60,0,60,112
05/31/2004,OWB,KY,ASO,CE,Federal Contract Tower,0,7,11,0,18,0,0,70,0,70,0,7,81,0,88,106,0,106,194
06/01/2004,OWB,KY,ASO,CE,Federal Contract Tower,0,9,11,1,21,0,0,82,3,85,0,9,93,4,106,94,12,106,212
06/02/2004,OWB,KY,ASO,CE,Federal Contract Tower,0,13,13,1,27,0,11,96,3,110,0,24,109,4,137,120,14,134,271
06/03/2004,OWB,KY,ASO,CE,Federal Contract Tower,0,11,13,1,25,0,0,95,1,96,0,11,108,2,121,138,8,146,267
06/04/2004,OWB,KY,ASO,CE,Federal Contract Tower,0,13,14,1,28,0,0,99,7,106,0,13,113,8,134,148,28,176,310
06/05/2004,OWB,KY,ASO,CE,Federal Contract Tower,0,3,4,0,7,0,1,80,0,81,0,4,84,0,88,134,0,134,222
06/06/2004,OWB,KY,ASO,CE,Federal Contract Tower,0,2,5,0,7,0,0,59,0,59,0,2,64,0,66,88,0,88,154
06/07/2004,OWB,KY,ASO,CE,Federal Contract Tower,0,12,15,2,29,0,0,61,6,67,0,12,76,8,96,106,12,118,214
06/08/2004,OWB,KY,ASO,CE,Federal Contract Tower,0,10,13,2,25,0,0,77,6,83,0,10,90,8,108,98,14,112,220
06/09/2004,OWB,KY,ASO,CE,Federal Contract Tower,0,9,10,2,21,0,2,92,0,94,0,11,102,2,115,90,10,100,215
06/10/2004,OWB,KY,ASO,CE,Federal Contract Tower,0,16,19,3,38,0,1,92,4,97,0,17,111,7,135,114,34,148,283
06/11/2004,OWB,KY,ASO,CE,Federal Contract Tower,0,8,10,2,20,0,0,87,0,87,0,8,97,2,107,156,8,164,271
06/12/2004,OWB,KY,ASO,CE,Federal Contract Tower,0,3,4,0,7,0,1,46,0,47,0,4,50,0,54,54,0,54,108
06/13/2004,OWB,KY,ASO,CE,Federal Contract Tower,0,4,4,0,8,0,2,40,0,42,0,6,44,0,50,90,0,90,140
06/14/2004,OWB,KY,ASO,CE,Federal Contract Tower,0,10,11,1,22,0,1,61,0,62,0,11,72,1,84,102,0,102,186
06/15/2004,OWB,KY,ASO,CE,Federal Contract Tower,0,14,15,0,29,0,2,59,0,61,0,16,74,0,90,98,0,98,188
06/16/2004,OWB,KY,ASO,CE,Federal Contract Tower,0,9,12,2,23,0,0,70,0,70,0,9,82,2,93,126,6,132,225
06/17/2004,OWB,KY,ASO,CE,Federal Contract Tower,0,13,14,0,27,0,5,82,0,87,0,18,96,0,114,104,0,104,218
06/18/2004,OWB,KY,ASO,CE,Federal Contract Tower,0,13,14,0,27,0,3,56,0,59,0,16,70,0,86,114,0,114,200
06/19/2004,OWB,KY,ASO,CE,Federal Contract Tower,0,2,4,0,6,0,0,86,0,86,0,2,90,0,92,132,0,132,224
06/20/2004,OWB,KY,ASO,CE,Federal Contract Tower,0,5,6,0,11,0,0,81,0,81,0,5,87,0,92,110,0,110,202
06/21/2004,OWB,KY,ASO,CE,Federal Contract Tower,0,8,9,2,19,0,1,61,0,62,0,9,70,2,81,114,8,122,203
06/22/2004,OWB,KY,ASO,CE,Federal Contract Tower,0,8,13,1,22,0,0,60,0,60,0,8,73,1,82,92,0,92,174
06/23/2004,OWB,KY,ASO,CE,Federal Contract Tower,0,7,9,1,17,0,2,74,1,77,0,9,83,2,94,124,6,130,224
06/24/2004,OWB,KY,ASO,CE,Federal Contract Tower,0,14,16,1,31,0,1,82,5,88,0,15,98,6,119,100,16,116,235
06/25/2004,OWB,KY,ASO,CE,Federal Contract Tower,0,13,16,1,30,0,0,55,5,60,0,13,71,6,90,82,24,106,196
06/26/2004,OWB,KY,ASO,CE,Federal Contract Tower,0,5,9,0,14,0,0,104,4,108,0,5,113,4,122,136,16,152,274
06/27/2004,OWB,KY,ASO,CE,Federal Contract Tower,0,7,9,0,16,0,0,90,0,90,0,7,99,0,106,118,0,118,224
06/28/2004,OWB,KY,ASO,CE,Federal Contract Tower,0,8,10,0,18,0,2,82,0,84,0,10,92,0,102,110,0,110,212
06/29/2004,OWB,KY,ASO,CE,Federal Contract Tower,0,11,14,1,26,0,1,101,1,103,0,12,115,2,129,122,10,132,261
06/30/2004,OWB,KY,ASO,CE,Federal Contract Tower,0,12,16,1,29,0,0,92,3,95,0,12,108,4,124,126,16,142,266
07/01/2004,OWB,KY,ASO,CE,Federal Contract Tower,0,11,23,0,34,0,0,68,0,68,0,11,91,0,102,88,0,88,190
07/02/2004,OWB,KY,ASO,CE,Federal Contract Tower,0,5,7,0,12,0,3,67,0,70,0,8,74,0,82,80,0,80,162
07/03/2004,OWB,KY,ASO,CE,Federal Contract Tower,0,2,2,0,4,0,2,75,0,77,0,4,77,0,81,90,0,90,171
07/04/2004,OWB,KY,ASO,CE,Federal Contract Tower,0,2,2,1,5,0,1,63,7,71,0,3,65,8,76,74,26,100,176
07/05/2004,OWB,KY,ASO,CE,Federal Contract Tower,0,7,10,0,17,0,1,30,0,31,0,8,40,0,48,40,0,40,88
07/06/2004,OWB,KY,ASO,CE,Federal Contract Tower,0,8,10,1,19,0,3,59,1,63,0,11,69,2,82,102,0,102,184
07/07/2004,OWB,KY,ASO,CE,Federal Contract Tower,0,14,20,2,36,0,1,48,5,54,0,15,68,7,90,92,8,100,190
07/08/2004,OWB,KY,ASO,CE,Federal Contract Tower,0,9,13,1,23,0,3,56,2,61,0,12,69,3,84,108,14,122,206
07/09/2004,OWB,KY,ASO,CE,Federal Contract Tower,0,9,13,0,22,0,1,85,0,86,0,10,98,0,108,116,0,116,224
07/10/2004,OWB,KY,ASO,CE,Federal Contract Tower,0,3,10,1,14,0,0,82,1,83,0,3,92,2,97,122,8,130,227
07/11/2004,OWB,KY,ASO,CE,Federal Contract Tower,0,5,13,0,18,0,0,70,0,70,0,5,83,0,88,104,0,104,192
07/12/2004,OWB,KY,ASO,CE,Federal Contract Tower,0,8,12,1,21,0,7,56,3,66,0,15,68,4,87,62,8,70,157
07/13/2004,OWB,KY,ASO,CE,Federal Contract Tower,0,9,14,0,23,0,7,59,0,66,0,16,73,0,89,96,0,96,185
07/14/2004,OWB,KY,ASO,CE,Federal Contract Tower,0,11,17,2,30,0,2,70,2,74,0,13,87,4,104,120,10,130,234
07/15/2004,OWB,KY,ASO,CE,Federal Contract Tower,0,10,18,2,30,0,0,55,19,74,0,10,73,21,104,104,42,146,250
07/16/2004,OWB,KY,ASO,CE,Federal Contract Tower,0,10,16,2,28,0,0,70,0,70,0,10,86,2,98,116,8,124,222
07/17/2004,OWB,KY,ASO,CE,Federal Contract Tower,0,3,7,0,10,0,0,85,0,85,0,3,92,0,95,78,0,78,173
07/18/2004,OWB,KY,ASO,CE,Federal Contract Tower,0,4,11,0,15,0,0,95,0,95,0,4,106,0,110,104,0,104,214
07/19/2004,OWB,KY,ASO,CE,Federal Contract Tower,0,8,13,0,21,0,0,80,2,82,0,8,93,2,103,98,8,106,209
07/20/2004,OWB,KY,ASO,CE,Federal Contract Tower,0,10,21,0,31,0,0,76,0,76,0,10,97,0,107,108,0,108,215
07/21/2004,OWB,KY,ASO,CE,Federal Contract Tower,0,15,24,1,40,0,0,55,3,58,0,15,79,4,98,90,0,90,188
07/22/2004,OWB,KY,ASO,CE,Federal Contract Tower,0,14,24,0,38,0,0,45,0,45,0,14,69,0,83,58,0,58,141
07/23/2004,OWB,KY,ASO,CE,Federal Contract Tower,0,12,20,0,32,0,4,36,0,40,0,16,56,0,72,56,0,56,128
07/24/2004,OWB,KY,ASO,CE,Federal Contract Tower,0,3,10,0,13,0,0,98,0,98,0,3,108,0,111,100,0,100,211
07/25/2004,OWB,KY,ASO,CE,Federal Contract Tower,0,5,9,0,14,0,0,48,0,48,0,5,57,0,62,72,0,72,134
07/26/2004,OWB,KY,ASO,CE,Federal Contract Tower,0,8,13,0,21,0,2,28,4,34,0,10,41,4,55,38,12,50,105
07/27/2004,OWB,KY,ASO,CE,Federal Contract Tower,0,9,14,0,23,0,0,92,0,92,0,9,106,0,115,104,0,104,219
07/28/2004,OWB,KY,ASO,CE,Federal Contract Tower,0,11,20,1,32,0,0,86,3,89,0,11,106,4,121,120,14,134,255
07/29/2004,OWB,KY,ASO,CE,Federal Contract Tower,0,10,16,1,27,0,3,93,0,96,0,13,109,1,123,110,6,116,239
07/30/2004,OWB,KY,ASO,CE,Federal Contract Tower,0,8,13,0,21,0,5,36,0,41,0,13,49,0,62,60,0,60,122
07/31/2004,OWB,KY,ASO,CE,Federal Contract Tower,0,2,14,0,16,0,0,65,0,65,0,2,79,0,81,74,0,74,155
08/01/2004,OWB,KY,ASO,CE,Federal Contract Tower,0,2,8,0,10,0,0,105,0,105,0,2,113,0,115,110,0,110,225
08/02/2004,OWB,KY,ASO,CE,Federal Contract Tower,0,12,17,2,31,0,4,95,2,101,0,16,112,4,132,138,16,154,286
08/03/2004,OWB,KY,ASO,CE,Federal Contract Tower,0,8,12,2,22,0,2,70,5,77,0,10,82,7,99,98,26,124,223
08/04/2004,OWB,KY,ASO,CE,Federal Contract Tower,0,11,15,1,27,0,2,51,0,53,0,13,66,1,80,80,6,86,166
08/05/2004,OWB,KY,ASO,CE,Federal Contract Tower,0,11,15,2,28,0,1,53,0,54,0,12,68,2,82,68,6,74,156
08/06/2004,OWB,KY,ASO,CE,Federal Contract Tower,0,11,16,2,29,0,0,72,0,72,0,11,88,2,101,98,10,108,209
08/07/2004,OWB,KY,ASO,CE,Federal Contract Tower,0,2,6,0,8,0,0,111,0,111,0,2,117,0,119,104,0,104,223
08/08/2004,OWB,KY,ASO,CE,Federal Contract Tower,0,5,11,0,16,0,0,72,0,72,0,5,83,0,88,82,0,82,170
08/09/2004,OWB,KY,ASO,CE,Federal Contract Tower,0,7,8,0,15,0,2,67,0,69,0,9,75,0,84,82,0,82,166
08/10/2004,OWB,KY,ASO,CE,Federal Contract Tower,0,8,12,2,22,0,2,76,2,80,0,10,88,4,102,98,10,108,210
08/11/2004,OWB,KY,ASO,CE,Federal Contract Tower,0,10,14,2,26,0,1,77,1,79,0,11,91,3,105,92,12,104,209
08/12/2004,OWB,KY,ASO,CE,Federal Contract Tower,0,14,19,2,35,0,1,66,4,71,0,15,85,6,106,88,30,118,224
08/13/2004,OWB,KY,ASO,CE,Federal Contract Tower,0,8,13,2,23,0,0,48,0,48,0,8,61,2,71,80,6,86,157
08/14/2004,OWB,KY,ASO,CE,Federal Contract Tower,0,4,14,0,18,0,0,108,0,108,0,4,122,0,126,102,0,102,228
08/15/2004,OWB,KY,ASO,CE,Federal Contract Tower,0,5,9,0,14,0,0,113,0,113,0,5,122,0,127,142,0,142,269
08/16/2004,OWB,KY,ASO,CE,Federal Contract Tower,0,9,14,1,24,0,5,72,3,80,0,14,86,4,104,90,12,102,206
08/17/2004,OWB,KY,ASO,CE,Federal Contract Tower,0,15,21,1,37,0,4,93,7,104,0,19,114,8,141,148,26,174,315
08/18/2004,OWB,KY,ASO,CE,Federal Contract Tower,0,13,24,1,38,0,0,65,0,65,0,13,89,1,103,110,4,114,217
08/19/2004,OWB,KY,ASO,CE,Federal Contract Tower,0,7,12,0,19,0,2,69,0,71,0,9,81,0,90,90,0,90,180
08/20/2004,OWB,KY,ASO,CE,Federal Contract Tower,0,8,12,0,20,0,2,35,0,37,0,10,47,0,57,56,0,56,113
08/21/2004,OWB,KY,ASO,CE,Federal Contract Tower,0,3,11,0,14,0,0,101,0,101,0,3,112,0,115,98,0,98,213
08/22/2004,OWB,KY,ASO,CE,Federal Contract Tower,0,4,9,0,13,0,0,102,0,102,0,4,111,0,115,134,0,134,249
08/23/2004,OWB,KY,ASO,CE,Federal Contract Tower,0,9,14,1,24,0,1,84,1,86,0,10,98,2,110,92,8,100,210
08/24/2004,OWB,KY,ASO,CE,Federal Contract Tower,0,8,12,1,21,0,3,86,3,92,0,11,98,4,113,110,14,124,237
08/25/2004,OWB,KY,ASO,CE,Federal Contract Tower,0,7,12,1,20,0,5,67,10,82,0,12,79,11,102,106,38,144,246
08/26/2004,OWB,KY,ASO,CE,Federal Contract Tower,0,14,22,2,38,0,4,30,1,35,0,18,52,3,73,58,8,66,139
08/27/2004,OWB,KY,ASO,CE,Federal Contract Tower,0,12,17,1,30,0,0,61,4,65,0,12,78,5,95,94,8,102,197
08/28/2004,OWB,KY,ASO,CE,Federal Contract Tower,0,4,13,0,17,0,0,107,0,107,0,4,120,0,124,176,0,176,300
08/29/2004,OWB,KY,ASO,CE,Federal Contract Tower,0,2,8,0,10,0,0,24,0,24,0,2,32,0,34,28,0,28,62
08/30/2004,OWB,KY,ASO,CE,Federal Contract Tower,0,9,14,1,24,0,1,71,5,77,0,10,85,6,101,94,26,120,221
08/31/2004,OWB,KY,ASO,CE,Federal Contract Tower,0,12,22,2,36,0,0,92,4,96,0,12,114,6,132,130,28,158,290
09/01/2004,OWB,KY,ASO,CE,Federal Contract Tower,0,9,14,2,25,0,0,86,0,86,0,9,100,2,111,114,12,126,237
09/02/2004,OWB,KY,ASO,CE,Federal Contract Tower,0,11,12,2,25,0,2,74,4,80,0,13,86,6,105,90,36,126,231
09/03/2004,OWB,KY,ASO,CE,Federal Contract Tower,0,15,15,0,30,0,3,42,0,45,0,18,57,0,75,68,0,68,143
09/04/2004,OWB,KY,ASO,CE,Federal Contract Tower,0,2,7,0,9,0,0,61,0,61,0,2,68,0,70,80,0,80,150
09/05/2004,OWB,KY,ASO,CE,Federal Contract Tower,0,4,7,0,11,0,0,80,0,80,0,4,87,0,91,104,0,104,195
09/06/2004,OWB,KY,ASO,CE,Federal Contract Tower,0,3,4,1,8,0,3,72,1,76,0,6,76,2,84,104,8,112,196
09/07/2004,OWB,KY,ASO,CE,Federal Contract Tower,0,9,10,0,19,0,6,63,0,69,0,15,73,0,88,76,0,76,164
09/08/2004,OWB,KY,ASO,CE,Federal Contract Tower,0,12,16,3,31,0,0,48,2,50,0,12,64,5,81,74,16,90,171
09/09/2004,OWB,KY,ASO,CE,Federal Contract Tower,0,11,11,2,24,0,2,99,3,104,0,13,110,5,128,142,20,162,290
09/10/2004,OWB,KY,ASO,CE,Federal Contract Tower,0,12,13,0,25,0,5,68,0,73,0,17,81,0,98,110,0,110,208
09/11/2004,OWB,KY,ASO,CE,Federal Contract Tower,0,0,5,1,6,0,0,101,2,103,0,0,106,3,109,102,16,118,227
09/12/2004,OWB,KY,ASO,CE,Federal Contract Tower,0,6,7,0,13,0,0,60,0,60,0,6,67,0,73,80,0,80,153
09/13/2004,OWB,KY,ASO,CE,Federal Contract Tower,0,8,9,2,19,0,2,60,6,68,0,10,69,8,87,84,22,106,193
09/14/2004,OWB,KY,ASO,CE,Federal Contract Tower,0,14,13,2,29,0,6,59,2,67,0,20,72,4,96,84,30,114,210
09/15/2004,OWB,KY,ASO,CE,Federal Contract Tower,0,11,10,0,21,0,2,80,0,82,0,13,90,0,103,102,0,102,205
09/16/2004,OWB,KY,ASO,CE,Federal Contract Tower,0,10,11,2,23,0,0,88,4,92,0,10,99,6,115,110,20,130,245
09/17/2004,OWB,KY,ASO,CE,Federal Contract Tower,0,13,14,0,27,0,0,78,0,78,0,13,92,0,105,98,0,98,203
09/18/2004,OWB,KY,ASO,CE,Federal Contract Tower,0,4,7,0,11,0,0,157,0,157,0,4,164,0,168,134,0,134,302
09/19/2004,OWB,KY,ASO,CE,Federal Contract Tower,0,6,5,0,11,0,1,68,0,69,0,7,73,0,80,90,0,90,170
09/20/2004,OWB,KY,ASO,CE,Federal Contract Tower,0,10,9,1,20,0,0,67,0,67,0,10,76,1,87,86,6,92,179
09/21/2004,OWB,KY,ASO,CE,Federal Contract Tower,0,13,16,2,31,0,0,69,4,73,0,13,85,6,104,134,28,162,266
09/22/2004,OWB,KY,ASO,CE,Federal Contract Tower,0,11,11,1,23,0,1,97,3,101,0,12,108,4,124,106,16,122,246
09/23/2004,OWB,KY,ASO,CE,Federal Contract Tower,0,15,14,2,31,0,0,117,24,141,0,15,131,26,172,144,64,208,380
09/24/2004,OWB,KY,ASO,CE,Federal Contract Tower,0,12,12,0,24,0,2,75,0,77,0,14,87,0,101,98,0,98,199
09/25/2004,OWB,KY,ASO,CE,Federal Contract Tower,0,7,7,0,14,0,0,88,0,88,0,7,95,0,102,124,0,124,226
09/26/2004,OWB,KY,ASO,CE,Federal Contract Tower,0,3,6,0,9,0,0,90,0,90,0,3,96,0,99,120,0,120,219
09/27/2004,OWB,KY,ASO,CE,Federal Contract Tower,0,10,10,1,21,0,2,78,1,81,0,12,88,2,102,106,16,122,224
09/28/2004,OWB,KY,ASO,CE,Federal Contract Tower,0,10,9,0,19,0,3,109,0,112,0,13,118,0,131,112,0,112,243
09/29/2004,OWB,KY,ASO,CE,Federal Contract Tower,0,13,14,2,29,0,0,81,2,83,0,13,95,4,112,98,10,108,220
09/30/2004,OWB,KY,ASO,CE,Federal Contract Tower,0,14,13,0,27,0,1,82,0,83,0,15,95,0,110,108,0,108,218
10/01/2004,OWB,KY,ASO,CE,Federal Contract Tower,0,17,20,0,37,0,3,66,0,69,0,20,86,0,106,108,0,108,214
10/02/2004,OWB,KY,ASO,CE,Federal Contract Tower,0,5,15,2,22,0,0,64,0,64,0,5,79,2,86,100,0,100,186
10/03/2004,OWB,KY,ASO,CE,Federal Contract Tower,0,6,4,0,10,0,0,86,0,86,0,6,90,0,96,94,0,94,190
10/04/2004,OWB,KY,ASO,CE,Federal Contract Tower,0,15,10,1,26,0,0,67,2,69,0,15,77,3,95,98,18,116,211
10/05/2004,OWB,KY,ASO,CE,Federal Contract Tower,0,12,13,2,27,0,0,71,0,71,0,12,84,2,98,98,16,114,212
10/06/2004,OWB,KY,ASO,CE,Federal Contract Tower,0,9,13,4,26,0,0,85,7,92,0,9,98,11,118,98,30,128,246
10/07/2004,OWB,KY,ASO,CE,Federal Contract Tower,0,13,30,2,45,0,0,70,2,72,0,13,100,4,117,90,12,102,219
10/08/2004,OWB,KY,ASO,CE,Federal Contract Tower,0,16,11,0,27,0,0,67,2,69,0,16,78,2,96,84,12,96,192
10/09/2004,OWB,KY,ASO,CE,Federal Contract Tower,0,3,10,0,13,0,0,78,0,78,0,3,88,0,91,110,0,110,201
10/10/2004,OWB,KY,ASO,CE,Federal Contract Tower,0,4,16,0,20,0,0,72,0,72,0,4,88,0,92,92,0,92,184
10/11/2004,OWB,KY,ASO,CE,Federal Contract Tower,0,5,7,0,12,0,0,75,0,75,0,5,82,0,87,84,0,84,171
10/12/2004,OWB,KY,ASO,CE,Federal Contract Tower,0,12,12,2,26,0,0,46,0,46,0,12,58,2,72,58,4,62,134
10/13/2004,OWB,KY,ASO,CE,Federal Contract Tower,0,16,12,2,30,0,0,0,0,0,0,16,12,2,30,0,0,0,30
10/14/2004,OWB,KY,ASO,CE,Federal Contract Tower,0,14,22,0,36,0,0,0,0,0,0,14,22,0,36,2,0,2,38
10/15/2004,OWB,KY,ASO,CE,Federal Contract Tower,0,10,16,2,28,0,0,78,0,78,0,10,94,2,106,108,8,116,222
10/16/2004,OWB,KY,ASO,CE,Federal Contract Tower,0,2,2,0,4,0,0,80,0,80,0,2,82,0,84,92,0,92,176
10/17/2004,OWB,KY,ASO,CE,Federal Contract Tower,0,6,13,0,19,0,0,89,0,89,0,6,102,0,108,106,0,106,214
10/18/2004,OWB,KY,ASO,CE,Federal Contract Tower,0,15,5,2,22,0,0,42,0,42,0,15,47,2,64,60,8,68,132
10/19/2004,OWB,KY,ASO,CE,Federal Contract Tower,0,11,11,0,22,0,0,53,2,55,0,11,64,2,77,82,0,82,159
10/20/2004,OWB,KY,ASO,CE,Federal Contract Tower,0,9,19,2,30,0,2,33,0,35,0,11,52,2,65,50,8,58,123
10/21/2004,OWB,KY,ASO,CE,Federal Contract Tower,0,10,20,2,32,0,0,46,2,48,0,10,66,4,80,42,18,60,140
10/22/2004,OWB,KY,ASO,CE,Federal Contract Tower,0,14,10,2,26,0,0,82,0,82,0,14,92,2,108,102,8,110,218
10/23/2004,OWB,KY,ASO,CE,Federal Contract Tower,0,4,6,0,10,0,0,7,0,7,0,4,13,0,17,14,0,14,31
10/24/2004,OWB,KY,ASO,CE,Federal Contract Tower,0,3,10,0,13,0,0,95,0,95,0,3,105,0,108,140,0,140,248
10/25/2004,OWB,KY,ASO,CE,Federal Contract Tower,0,9,13,1,23,0,0,90,0,90,0,9,103,1,113,108,4,112,225
10/26/2004,OWB,KY,ASO,CE,Federal Contract Tower,0,8,9,2,19,0,0,52,0,52,0,8,61,2,71,82,8,90,161
10/27/2004,OWB,KY,ASO,CE,Federal Contract Tower,0,18,15,2,35,0,4,32,0,36,0,22,47,2,71,36,4,40,111
10/28/2004,OWB,KY,ASO,CE,Federal Contract Tower,0,10,16,5,31,0,0,6,1,7,0,10,22,6,38,10,8,18,56
10/29/2004,OWB,KY,ASO,CE,Federal Contract Tower,0,18,15,2,35,0,0,57,2,59,0,18,72,4,94,56,20,76,170
10/30/2004,OWB,KY,ASO,CE,Federal Contract Tower,0,4,6,0,10,0,0,62,0,62,0,4,68,0,72,72,0,72,144
10/31/2004,OWB,KY,ASO,CE,Federal Contract Tower,0,4,8,0,12,0,0,89,0,89,0,4,97,0,101,122,0,122,223
11/01/2004,OWB,KY,ASO,CE,Federal Contract Tower,0,12,13,4,29,0,0,36,0,36,0,12,49,4,65,50,12,62,127
11/02/2004,OWB,KY,ASO,CE,Federal Contract Tower,0,8,6,1,15,0,0,1,0,1,0,8,7,1,16,0,0,0,16
11/03/2004,OWB,KY,ASO,CE,Federal Contract Tower,0,16,22,1,39,0,1,63,3,67,0,17,85,4,106,80,14,94,200
11/04/2004,OWB,KY,ASO,CE,Federal Contract Tower,0,10,21,0,31,0,0,47,0,47,0,10,68,0,78,82,0,82,160
11/05/2004,OWB,KY,ASO,CE,Federal Contract Tower,0,10,20,0,30,0,0,61,0,61,0,10,81,0,91,104,0,104,195
11/06/2004,OWB,KY,ASO,CE,Federal Contract Tower,0,3,9,0,12,0,2,120,0,122,0,5,129,0,134,138,0,138,272
11/07/2004,OWB,KY,ASO,CE,Federal Contract Tower,0,3,15,0,18,0,0,92,2,94,0,3,107,2,112,118,8,126,238
11/08/2004,OWB,KY,ASO,CE,Federal Contract Tower,0,17,8,4,29,0,0,79,0,79,0,17,87,4,108,120,16,136,244
11/09/2004,OWB,KY,ASO,CE,Federal Contract Tower,0,15,14,1,30,0,0,84,11,95,0,15,98,12,125,92,34,126,251
11/10/2004,OWB,KY,ASO,CE,Federal Contract Tower,0,13,10,5,28,0,0,54,2,56,0,13,64,7,84,74,22,96,180
11/11/2004,OWB,KY,ASO,CE,Federal Contract Tower,0,11,9,0,20,0,0,2,0,2,0,11,11,0,22,2,0,2,24
11/12/2004,OWB,KY,ASO,CE,Federal Contract Tower,0,14,13,2,29,0,0,60,4,64,0,14,73,6,93,76,16,92,185
11/13/2004,OWB,KY,ASO,CE,Federal Contract Tower,0,8,10,1,19,0,2,110,11,123,0,10,120,12,142,114,44,158,300
11/14/2004,OWB,KY,ASO,CE,Federal Contract Tower,0,5,14,0,19,0,0,102,0,102,0,5,116,0,121,100,0,100,221
11/15/2004,OWB,KY,ASO,CE,Federal Contract Tower,0,15,20,2,37,0,0,80,2,82,0,15,100,4,119,92,20,112,231
11/16/2004,OWB,KY,ASO,CE,Federal Contract Tower,0,13,13,2,28,0,0,58,4,62,0,13,71,6,90,70,20,90,180
11/17/2004,OWB,KY,ASO,CE,Federal Contract Tower,0,11,27,0,38,0,2,62,0,64,0,13,89,0,102,88,0,88,190
11/18/2004,OWB,KY,ASO,CE,Federal Contract Tower,0,19,19,2,40,0,0,29,0,29,0,19,48,2,69,46,0,46,115
11/19/2004,OWB,KY,ASO,CE,Federal Contract Tower,0,12,11,6,29,0,0,26,0,26,0,12,37,6,55,42,20,62,117
11/20/2004,OWB,KY,ASO,CE,Federal Contract Tower,0,6,15,0,21,0,0,87,0,87,0,6,102,0,108,90,0,90,198
11/21/2004,OWB,KY,ASO,CE,Federal Contract Tower,0,1,15,0,16,0,0,39,0,39,0,1,54,0,55,64,0,64,119
11/22/2004,OWB,KY,ASO,CE,Federal Contract Tower,0,15,7,1,23,0,0,0,1,1,0,15,7,2,24,0,2,2,26
11/23/2004,OWB,KY,ASO,CE,Federal Contract Tower,0,12,19,0,31,0,0,0,0,0,0,12,19,0,31,6,0,6,37
11/24/2004,OWB,KY,ASO,CE,Federal Contract Tower,0,11,3,0,14,0,0,50,0,50,0,11,53,0,64,62,0,62,126
11/25/2004,OWB,KY,ASO,CE,Federal Contract Tower,0,6,1,0,7,0,0,49,0,49,0,6,50,0,56,68,0,68,124
11/26/2004,OWB,KY,ASO,CE,Federal Contract Tower,0,7,5,0,12,0,0,74,0,74,0,7,79,0,86,110,0,110,196
11/27/2004,OWB,KY,ASO,CE,Federal Contract Tower,0,5,3,0,8,0,0,16,0,16,0,5,19,0,24,24,0,24,48
11/28/2004,OWB,KY,ASO,CE,Federal Contract Tower,0,2,23,0,25,0,0,61,0,61,0,2,84,0,86,90,0,90,176
11/29/2004,OWB,KY,ASO,CE,Federal Contract Tower,0,11,3,2,16,0,0,62,0,62,0,11,65,2,78,72,12,84,162
11/30/2004,OWB,KY,ASO,CE,Federal Contract Tower,0,16,4,0,20,0,0,0,0,0,0,16,4,0,20,0,0,0,20
12/01/2004,OWB,KY,ASO,CE,Federal Contract Tower,0,11,11,2,24,0,0,74,0,74,0,11,85,2,98,120,8,128,226
12/02/2004,OWB,KY,ASO,CE,Federal Contract Tower,0,12,11,3,26,0,0,77,5,82,0,12,88,8,108,100,34,134,242
12/03/2004,OWB,KY,ASO,CE,Federal Contract Tower,0,12,6,0,18,0,0,76,0,76,0,12,82,0,94,104,0,104,198
12/04/2004,OWB,KY,ASO,CE,Federal Contract Tower,0,3,9,0,12,0,0,73,0,73,0,3,82,0,85,122,0,122,207
12/05/2004,OWB,KY,ASO,CE,Federal Contract Tower,0,3,11,0,14,0,0,64,0,64,0,3,75,0,78,94,0,94,172
12/06/2004,OWB,KY,ASO,CE,Federal Contract Tower,0,13,6,0,19,0,0,8,0,8,0,13,14,0,27,12,0,12,39
12/07/2004,OWB,KY,ASO,CE,Federal Contract Tower,0,15,11,2,28,0,2,57,2,61,0,17,68,4,89,78,24,102,191
12/08/2004,OWB,KY,ASO,CE,Federal Contract Tower,0,11,18,4,33,0,5,76,3,84,0,16,94,7,117,122,28,150,267
12/09/2004,OWB,KY,ASO,CE,Federal Contract Tower,0,12,18,1,31,0,0,8,3,11,0,12,26,4,42,12,0,12,54
12/10/2004,OWB,KY,ASO,CE,Federal Contract Tower,0,16,15,3,34,0,0,8,0,8,0,16,23,3,42,8,0,8,50
12/11/2004,OWB,KY,ASO,CE,Federal Contract Tower,0,2,8,0,10,0,0,44,0,44,0,2,52,0,54,64,0,64,118
12/12/2004,OWB,KY,ASO,CE,Federal Contract Tower,0,4,14,3,21,0,2,61,0,63,0,6,75,3,84,86,0,86,170
12/13/2004,OWB,KY,ASO,CE,Federal Contract Tower,0,12,4,2,18,0,0,67,3,70,0,12,71,5,88,70,34,104,192
12/14/2004,OWB,KY,ASO,CE,Federal Contract Tower,0,13,13,2,28,0,0,62,5,67,0,13,75,7,95,76,32,108,203
12/15/2004,OWB,KY,ASO,CE,Federal Contract Tower,0,13,10,3,26,0,0,87,5,92,0,13,97,8,118,120,38,158,276
12/16/2004,OWB,KY,ASO,CE,Federal Contract Tower,0,14,10,0,24,0,0,90,2,92,0,14,100,2,116,124,14,138,254
12/17/2004,OWB,KY,ASO,CE,Federal Contract Tower,0,13,7,0,20,0,0,66,0,66,0,13,73,0,86,88,0,88,174
12/18/2004,OWB,KY,ASO,CE,Federal Contract Tower,0,3,10,3,16,0,0,89,0,89,0,3,99,3,105,98,10,108,213
12/19/2004,OWB,KY,ASO,CE,Federal Contract Tower,0,4,3,0,7,0,0,57,0,57,0,4,60,0,64,68,0,68,132
12/20/2004,OWB,KY,ASO,CE,Federal Contract Tower,0,14,7,0,21,0,0,71,0,71,0,14,78,0,92,84,0,84,176
12/21/2004,OWB,KY,ASO,CE,Federal Contract Tower,0,10,16,0,26,0,0,62,0,62,0,10,78,0,88,86,0,86,174
12/22/2004,OWB,KY,ASO,CE,Federal Contract Tower,0,2,1,0,3,0,0,0,0,0,0,2,1,0,3,0,0,0,3
12/23/2004,OWB,KY,ASO,CE,Federal Contract Tower,0,4,0,0,4,0,0,3,0,3,0,4,3,0,7,6,0,6,13
12/24/2004,OWB,KY,ASO,CE,Federal Contract Tower,0,10,3,0,13,0,0,34,0,34,0,10,37,0,47,36,0,36,83
12/25/2004,OWB,KY,ASO,CE,Federal Contract Tower,0,2,1,0,3,0,0,32,0,32,0,2,33,0,35,20,0,20,55
12/26/2004,OWB,KY,ASO,CE,Federal Contract Tower,0,1,4,0,5,0,0,47,0,47,0,1,51,0,52,50,0,50,102
12/27/2004,OWB,KY,ASO,CE,Federal Contract Tower,0,11,13,1,25,0,0,26,0,26,0,11,39,1,51,40,4,44,95
12/28/2004,OWB,KY,ASO,CE,Federal Contract Tower,0,11,4,2,17,0,0,54,0,54,0,11,58,2,71,66,6,72,143
12/29/2004,OWB,KY,ASO,CE,Federal Contract Tower,0,10,13,0,23,0,1,57,1,59,0,11,70,1,82,94,8,102,184
12/30/2004,OWB,KY,ASO,CE,Federal Contract Tower,0,13,14,0,27,0,0,73,0,73,0,13,87,0,100,90,0,90,190
12/31/2004,OWB,KY,ASO,CE,Federal Contract Tower,0,12,7,1,20,0,0,33,0,33,0,12,40,1,53,58,4,62,115
01/01/2005,OWB,KY,ASO,CE,Federal Contract Tower,0,2,2,0,4,0,0,67,0,67,0,2,69,0,71,80,0,80,151
01/02/2005,OWB,KY,ASO,CE,Federal Contract Tower,0,5,12,0,17,0,0,0,0,0,0,5,12,0,17,0,0,0,17
01/03/2005,OWB,KY,ASO,CE,Federal Contract Tower,0,13,9,0,22,0,2,39,0,41,0,15,48,0,63,64,0,64,127
01/04/2005,OWB,KY,ASO,CE,Federal Contract Tower,0,9,14,0,23,0,0,0,0,0,0,9,14,0,23,0,0,0,23
01/05/2005,OWB,KY,ASO,CE,Federal Contract Tower,0,18,8,0,26,0,0,10,2,12,0,18,18,2,38,14,6,20,58
01/06/2005,OWB,KY,ASO,CE,Federal Contract Tower,0,10,8,0,18,0,0,52,0,52,0,10,60,0,70,106,0,106,176
01/07/2005,OWB,KY,ASO,CE,Federal Contract Tower,0,12,9,0,21,0,0,30,0,30,0,12,39,0,51,48,0,48,99
01/08/2005,OWB,KY,ASO,CE,Federal Contract Tower,0,5,10,5,20,0,0,37,0,37,0,5,47,5,57,56,12,68,125
01/09/2005,OWB,KY,ASO,CE,Federal Contract Tower,0,3,12,0,15,0,0,56,2,58,0,3,68,2,73,92,8,100,173
01/10/2005,OWB,KY,ASO,CE,Federal Contract Tower,0,14,6,0,20,0,0,58,0,58,0,14,64,0,78,72,0,72,150
01/11/2005,OWB,KY,ASO,CE,Federal Contract Tower,0,11,13,3,27,0,0,6,2,8,0,11,19,5,35,22,8,30,65
01/12/2005,OWB,KY,ASO,CE,Federal Contract Tower,0,17,10,0,27,0,4,73,0,77,0,21,83,0,104,88,0,88,192
01/13/2005,OWB,KY,ASO,CE,Federal Contract Tower,0,11,7,2,20,0,0,4,0,4,0,11,11,2,24,8,8,16,40
01/14/2005,OWB,KY,ASO,CE,Federal Contract Tower,0,9,7,0,16,0,0,71,2,73,0,9,78,2,89,86,8,94,183
01/15/2005,OWB,KY,ASO,CE,Federal Contract Tower,0,1,20,0,21,0,0,100,0,100,0,1,120,0,121,150,0,150,271
01/16/2005,OWB,KY,ASO,CE,Federal Contract Tower,0,4,4,0,8,0,0,46,0,46,0,4,50,0,54,60,0,60,114
01/17/2005,OWB,KY,ASO,CE,Federal Contract Tower,0,6,9,0,15,0,0,67,0,67,0,6,76,0,82,84,0,84,166
01/18/2005,OWB,KY,ASO,CE,Federal Contract Tower,0,8,9,1,18,0,0,81,3,84,0,8,90,4,102,106,18,124,226
01/19/2005,OWB,KY,ASO,CE,Federal Contract Tower,0,18,14,4,36,0,0,83,4,87,0,18,97,8,123,98,28,126,249
01/20/2005,OWB,KY,ASO,CE,Federal Contract Tower,0,16,4,0,20,0,0,72,0,72,0,16,76,0,92,106,0,106,198
01/21/2005,OWB,KY,ASO,CE,Federal Contract Tower,0,11,10,4,25,0,0,69,0,69,0,11,79,4,94,76,14,90,184
01/22/2005,OWB,KY,ASO,CE,Federal Contract Tower,0,4,0,0,4,0,0,26,0,26,0,4,26,0,30,18,0,18,48
01/23/2005,OWB,KY,ASO,CE,Federal Contract Tower,0,2,4,0,6,0,0,93,0,93,0,2,97,0,99,102,0,102,201
01/24/2005,OWB,KY,ASO,CE,Federal Contract Tower,0,9,1,1,11,0,0,56,1,57,0,9,57,2,68,60,4,64,132
01/25/2005,OWB,KY,ASO,CE,Federal Contract Tower,0,12,5,2,19,0,4,76,0,80,0,16,81,2,99,96,14,110,209
01/26/2005,OWB,KY,ASO,CE,Federal Contract Tower,0,11,4,2,17,0,0,68,2,70,0,11,72,4,87,74,20,94,181
01/27/2005,OWB,KY,ASO,CE,Federal Contract Tower,0,15,17,1,33,0,0,72,0,72,0,15,89,1,105,126,4,130,235
01/28/2005,OWB,KY,ASO,CE,Federal Contract Tower,0,15,11,0,26,0,0,76,0,76,0,15,87,0,102,96,0,96,198
01/29/2005,OWB,KY,ASO,CE,Federal Contract Tower,0,2,1,0,3,0,0,0,0,0,0,2,1,0,3,0,0,0,3
01/30/2005,OWB,KY,ASO,CE,Federal Contract Tower,0,7,4,0,11,0,0,36,0,36,0,7,40,0,47,38,0,38,85
01/31/2005,OWB,KY,ASO,CE,Federal Contract Tower,0,17,5,0,22,0,0,20,0,20,0,17,25,0,42,54,0,54,96
02/01/2005,OWB,KY,ASO,CE,Federal Contract Tower,0,17,7,3,27,0,0,54,0,54,0,17,61,3,81,74,8,82,163
02/02/2005,OWB,KY,ASO,CE,Federal Contract Tower,0,12,3,0,15,0,0,34,0,34,0,12,37,0,49,34,0,34,83
02/03/2005,OWB,KY,ASO,CE,Federal Contract Tower,0,14,5,0,19,0,0,53,0,53,0,14,58,0,72,60,0,60,132
02/04/2005,OWB,KY,ASO,CE,Federal Contract Tower,0,13,10,1,24,0,0,87,0,87,0,13,97,1,111,100,4,104,215
02/05/2005,OWB,KY,ASO,CE,Federal Contract Tower,0,3,13,0,16,0,0,116,2,118,0,3,129,2,134,170,8,178,312
02/06/2005,OWB,KY,ASO,CE,Federal Contract Tower,0,2,10,0,12,0,2,69,0,71,0,4,79,0,83,86,0,86,169
02/07/2005,OWB,KY,ASO,CE,Federal Contract Tower,0,14,5,2,21,0,0,14,0,14,0,14,19,2,35,24,0,24,59
02/08/2005,OWB,KY,ASO,CE,Federal Contract Tower,0,14,4,0,18,0,0,0,0,0,0,14,4,0,18,0,0,0,18
02/09/2005,OWB,KY,ASO,CE,Federal Contract Tower,0,14,5,0,19,0,0,5,0,5,0,14,10,0,24,8,0,8,32
02/10/2005,OWB,KY,ASO,CE,Federal Contract Tower,0,19,16,0,35,0,0,51,1,52,0,19,67,1,87,74,6,80,167
02/11/2005,OWB,KY,ASO,CE,Federal Contract Tower,0,15,12,4,31,0,0,80,0,80,0,15,92,4,111,136,18,154,265
02/12/2005,OWB,KY,ASO,CE,Federal Contract Tower,0,5,16,2,23,0,0,128,0,128,0,5,144,2,151,150,10,160,311
02/13/2005,OWB,KY,ASO,CE,Federal Contract Tower,0,3,2,0,5,0,0,0,0,0,0,3,2,0,5,0,0,0,5
02/14/2005,OWB,KY,ASO,CE,Federal Contract Tower,0,12,6,2,20,0,0,87,0,87,0,12,93,2,107,116,12,128,235
02/15/2005,OWB,KY,ASO,CE,Federal Contract Tower,0,13,18,2,33,0,0,57,0,57,0,13,75,2,90,96,4,100,190
02/16/2005,OWB,KY,ASO,CE,Federal Contract Tower,0,13,11,3,27,0,26,66,3,95,0,39,77,6,122,96,18,114,236
02/17/2005,OWB,KY,ASO,CE,Federal Contract Tower,0,23,15,0,38,0,0,89,0,89,0,23,104,0,127,112,0,112,239
02/18/2005,OWB,KY,ASO,CE,Federal Contract Tower,0,19,11,0,30,0,4,85,2,91,0,23,96,2,121,90,6,96,217
02/19/2005,OWB,KY,ASO,CE,Federal Contract Tower,0,3,3,3,9,0,0,111,0,111,0,3,114,3,120,130,14,144,264
02/20/2005,OWB,KY,ASO,CE,Federal Contract Tower,0,5,3,0,8,0,0,0,0,0,0,5,3,0,8,0,0,0,8
02/21/2005,OWB,KY,ASO,CE,Federal Contract Tower,0,13,12,0,25,0,0,15,0,15,0,13,27,0,40,20,0,20,60
02/22/2005,OWB,KY,ASO,CE,Federal Contract Tower,0,13,15,0,28,0,0,27,0,27,0,13,42,0,55,36,0,36,91
02/23/2005,OWB,KY,ASO,CE,Federal Contract Tower,0,12,20,0,32,0,0,61,0,61,0,12,81,0,93,76,0,76,169
02/24/2005,OWB,KY,ASO,CE,Federal Contract Tower,0,15,5,0,20,0,0,40,0,40,0,15,45,0,60,64,0,64,124
02/25/2005,OWB,KY,ASO,CE,Federal Contract Tower,0,11,10,0,21,0,0,71,0,71,0,11,81,0,92,124,0,124,216
02/26/2005,OWB,KY,ASO,CE,Federal Contract Tower,0,5,19,3,27,0,5,110,1,116,0,10,129,4,143,146,12,158,301
02/27/2005,OWB,KY,ASO,CE,Federal Contract Tower,0,7,13,0,20,0,1,80,0,81,0,8,93,0,101,78,0,78,179
02/28/2005,OWB,KY,ASO,CE,Federal Contract Tower,0,14,8,0,22,0,0,16,0,16,0,14,24,0,38,26,0,26,64
03/01/2005,OWB,KY,ASO,CE,Federal Contract Tower,0,10,8,0,18,0,0,37,0,37,0,10,45,0,55,56,0,56,111
03/02/2005,OWB,KY,ASO,CE,Federal Contract Tower,0,13,7,2,22,0,0,62,0,62,0,13,69,2,84,78,6,84,168
03/03/2005,OWB,KY,ASO,CE,Federal Contract Tower,0,11,13,1,25,0,0,57,0,57,0,11,70,1,82,83,0,83,165
03/04/2005,OWB,KY,ASO,CE,Federal Contract Tower,0,16,5,0,21,0,0,58,0,58,0,16,63,0,79,82,0,82,161
03/05/2005,OWB,KY,ASO,CE,Federal Contract Tower,0,4,5,0,9,0,0,87,2,89,0,4,92,2,98,82,12,94,192
03/06/2005,OWB,KY,ASO,CE,Federal Contract Tower,0,4,7,0,11,0,0,91,0,91,0,4,98,0,102,82,0,82,184
03/07/2005,OWB,KY,ASO,CE,Federal Contract Tower,0,11,2,0,13,0,0,43,2,45,0,11,45,2,58,56,8,64,122
03/08/2005,OWB,KY,ASO,CE,Federal Contract Tower,0,11,12,1,24,0,0,73,0,73,0,11,85,1,97,88,4,92,189
03/09/2005,OWB,KY,ASO,CE,Federal Contract Tower,0,13,11,5,29,0,0,56,0,56,0,13,67,5,85,76,8,84,169
03/10/2005,OWB,KY,ASO,CE,Federal Contract Tower,0,16,10,0,26,0,0,55,0,55,0,16,65,0,81,84,0,84,165
03/11/2005,OWB,KY,ASO,CE,Federal Contract Tower,0,12,5,0,17,0,0,55,0,55,0,12,60,0,72,74,0,74,146
03/12/2005,OWB,KY,ASO,CE,Federal Contract Tower,0,2,5,0,7,0,0,95,2,97,0,2,100,2,104,146,12,158,262
03/13/2005,OWB,KY,ASO,CE,Federal Contract Tower,0,5,10,0,15,0,0,67,0,67,0,5,77,0,82,92,0,92,174
03/14/2005,OWB,KY,ASO,CE,Federal Contract Tower,0,19,15,2,36,0,0,92,4,96,0,19,107,6,132,122,30,152,284
03/15/2005,OWB,KY,ASO,CE,Federal Contract Tower,0,12,11,1,24,0,0,76,1,77,0,12,87,2,101,116,10,126,227
03/16/2005,OWB,KY,ASO,CE,Federal Contract Tower,0,12,5,2,19,0,0,56,0,56,0,12,61,2,75,80,6,86,161
03/17/2005,OWB,KY,ASO,CE,Federal Contract Tower,0,19,5,2,26,0,0,74,0,74,0,19,79,2,100,116,4,120,220
03/18/2005,OWB,KY,ASO,CE,Federal Contract Tower,0,17,13,0,30,0,0,64,2,66,0,17,77,2,96,108,4,112,208
03/19/2005,OWB,KY,ASO,CE,Federal Contract Tower,0,6,15,0,21,0,0,102,0,102,0,6,117,0,123,106,0,106,229
03/20/2005,OWB,KY,ASO,CE,Federal Contract Tower,0,4,9,2,15,0,0,93,0,93,0,4,102,2,108,116,10,126,234
03/21/2005,OWB,KY,ASO,CE,Federal Contract Tower,0,9,10,0,19,0,0,94,0,94,0,9,104,0,113,136,0,136,249
03/22/2005,OWB,KY,ASO,CE,Federal Contract Tower,0,16,8,2,26,0,0,44,0,44,0,16,52,2,70,60,0,60,130
03/23/2005,OWB,KY,ASO,CE,Federal Contract Tower,0,12,10,0,22,0,0,0,0,0,0,12,10,0,22,0,0,0,22
03/24/2005,OWB,KY,ASO,CE,Federal Contract Tower,0,15,14,1,30,0,0,37,3,40,0,15,51,4,70,56,16,72,142
03/25/2005,OWB,KY,ASO,CE,Federal Contract Tower,0,11,14,0,25,0,0,83,0,83,0,11,97,0,108,124,0,124,232
03/26/2005,OWB,KY,ASO,CE,Federal Contract Tower,0,3,9,0,12,0,0,38,0,38,0,3,47,0,50,84,0,84,134
03/27/2005,OWB,KY,ASO,CE,Federal Contract Tower,0,3,2,0,5,0,0,13,0,13,0,3,15,0,18,14,0,14,32
03/28/2005,OWB,KY,ASO,CE,Federal Contract Tower,0,14,9,0,23,0,0,64,0,64,0,14,73,0,87,102,0,102,189
03/29/2005,OWB,KY,ASO,CE,Federal Contract Tower,0,11,7,0,18,0,0,122,1,123,0,11,129,1,141,172,4,176,317
03/30/2005,OWB,KY,ASO,CE,Federal Contract Tower,0,10,18,4,32,0,0,76,0,76,0,10,94,4,108,108,16,124,232
03/31/2005,OWB,KY,ASO,CE,Federal Contract Tower,0,16,10,0,26,0,0,76,0,76,0,16,86,0,102,116,0,116,218
04/01/2005,OWB,KY,ASO,CE,Federal Contract Tower,0,12,13,1,26,0,0,64,0,64,0,12,77,1,90,110,4,114,204
04/02/2005,OWB,KY,ASO,CE,Federal Contract Tower,0,3,7,0,10,0,0,68,0,68,0,3,75,0,78,112,0,112,190
04/03/2005,OWB,KY,ASO,CE,Federal Contract Tower,0,5,16,0,21,0,0,80,0,80,0,5,96,0,101,128,0,128,229
04/04/2005,OWB,KY,ASO,CE,Federal Contract Tower,0,12,8,1,21,0,0,78,7,85,0,12,86,8,106,98,22,120,226
04/05/2005,OWB,KY,ASO,CE,Federal Contract Tower,0,11,12,0,23,0,0,78,0,78,0,11,90,0,101,150,0,150,251
04/06/2005,OWB,KY,ASO,CE,Federal Contract Tower,0,12,8,0,20,0,0,55,0,55,0,12,63,0,75,86,0,86,161
04/07/2005,OWB,KY,ASO,CE,Federal Contract Tower,0,15,12,0,27,0,0,26,0,26,0,15,38,0,53,36,0,36,89
04/08/2005,OWB,KY,ASO,CE,Federal Contract Tower,0,12,13,4,29,0,0,67,0,67,0,12,80,4,96,92,16,108,204
04/09/2005,OWB,KY,ASO,CE,Federal Contract Tower,0,2,3,0,5,0,0,147,0,147,0,2,150,0,152,220,0,220,372
04/10/2005,OWB,KY,ASO,CE,Federal Contract Tower,0,4,5,0,9,0,0,117,0,117,0,4,122,0,126,132,0,132,258
04/11/2005,OWB,KY,ASO,CE,Federal Contract Tower,0,10,7,0,17,0,1,78,0,79,0,11,85,0,96,96,0,96,192
04/12/2005,OWB,KY,ASO,CE,Federal Contract Tower,0,12,6,0,18,0,0,43,0,43,0,12,49,0,61,54,0,54,115
04/13/2005,OWB,KY,ASO,CE,Federal Contract Tower,0,14,13,0,27,0,1,45,0,46,0,15,58,0,73,60,0,60,133
04/14/2005,OWB,KY,ASO,CE,Federal Contract Tower,0,22,8,1,31,0,0,109,0,109,0,22,117,1,140,156,6,162,302
04/15/2005,OWB,KY,ASO,CE,Federal Contract Tower,0,14,9,0,23,0,0,72,0,72,0,14,81,0,95,100,0,100,195
04/16/2005,OWB,KY,ASO,CE,Federal Contract Tower,0,3,10,0,13,0,0,119,0,119,0,3,129,0,132,142,0,142,274
04/17/2005,OWB,KY,ASO,CE,Federal Contract Tower,0,6,9,0,15,0,0,89,0,89,0,6,98,0,104,116,0,116,220
04/18/2005,OWB,KY,ASO,CE,Federal Contract Tower,0,15,12,0,27,0,0,84,0,84,0,15,96,0,111,126,0,126,237
04/19/2005,OWB,KY,ASO,CE,Federal Contract Tower,0,20,15,2,37,0,2,99,0,101,0,22,114,2,138,116,10,126,264
04/20/2005,OWB,KY,ASO,CE,Federal Contract Tower,0,13,14,3,30,0,0,91,1,92,0,13,105,4,122,106,10,116,238
04/21/2005,OWB,KY,ASO,CE,Federal Contract Tower,0,21,17,0,38,0,5,84,6,95,0,26,101,6,133,108,14,122,255
04/22/2005,OWB,KY,ASO,CE,Federal Contract Tower,0,9,9,0,18,0,0,47,0,47,0,9,56,0,65,66,0,66,131
04/23/2005,OWB,KY,ASO,CE,Federal Contract Tower,0,2,3,0,5,0,0,51,0,51,0,2,54,0,56,60,0,60,116
04/24/2005,OWB,KY,ASO,CE,Federal Contract Tower,0,5,6,0,11,0,2,57,0,59,0,7,63,0,70,80,0,80,150
04/25/2005,OWB,KY,ASO,CE,Federal Contract Tower,0,13,11,0,24,0,0,85,0,85,0,13,96,0,109,100,0,100,209
04/26/2005,OWB,KY,ASO,CE,Federal Contract Tower,0,10,10,0,20,0,0,48,0,48,0,10,58,0,68,68,0,68,136
04/27/2005,OWB,KY,ASO,CE,Federal Contract Tower,0,15,11,0,26,0,4,88,2,94,0,19,99,2,120,136,6,142,262
04/28/2005,OWB,KY,ASO,CE,Federal Contract Tower,0,27,8,1,36,0,0,40,0,40,0,27,48,1,76,74,4,78,154
04/29/2005,OWB,KY,ASO,CE,Federal Contract Tower,0,14,19,1,34,0,0,0,0,0,0,14,19,1,34,0,0,0,34
04/30/2005,OWB,KY,ASO,CE,Federal Contract Tower,0,5,5,0,10,0,10,65,0,75,0,15,70,0,85,92,0,92,177
05/01/2005,OWB,KY,ASO,CE,Federal Contract Tower,0,10,8,0,18,0,17,87,0,104,0,27,95,0,122,148,0,148,270
05/02/2005,OWB,KY,ASO,CE,Federal Contract Tower,0,14,4,2,20,0,3,66,0,69,0,17,70,2,89,118,8,126,215
05/03/2005,OWB,KY,ASO,CE,Federal Contract Tower,0,14,7,3,24,0,0,99,5,104,0,14,106,8,128,138,24,162,290
05/04/2005,OWB,KY,ASO,CE,Federal Contract Tower,0,11,16,0,27,0,0,128,0,128,0,11,144,0,155,198,0,198,353
05/05/2005,OWB,KY,ASO,CE,Federal Contract Tower,0,10,13,0,23,0,0,104,4,108,0,10,117,4,131,126,12,138,269
05/06/2005,OWB,KY,ASO,CE,Federal Contract Tower,0,8,14,0,22,0,0,102,2,104,0,8,116,2,126,120,8,128,254
05/07/2005,OWB,KY,ASO,CE,Federal Contract Tower,0,2,14,0,16,0,0,107,1,108,0,2,121,1,124,142,2,144,268
05/08/2005,OWB,KY,ASO,CE,Federal Contract Tower,0,2,17,0,19,0,0,81,0,81,0,2,98,0,100,170,0,170,270
05/09/2005,OWB,KY,ASO,CE,Federal Contract Tower,0,15,7,2,24,0,0,59,0,59,0,15,66,2,83,88,4,92,175
05/10/2005,OWB,KY,ASO,CE,Federal Contract Tower,0,14,11,0,25,0,0,90,2,92,0,14,101,2,117,102,6,108,225
05/11/2005,OWB,KY,ASO,CE,Federal Contract Tower,0,12,11,2,25,0,0,82,4,86,0,12,93,6,111,104,22,126,237
05/12/2005,OWB,KY,ASO,CE,Federal Contract Tower,0,14,6,1,21,0,5,83,0,88,0,19,89,1,109,96,2,98,207
05/13/2005,OWB,KY,ASO,CE,Federal Contract Tower,0,12,8,2,22,0,0,72,3,75,0,12,80,5,97,102,16,118,215
05/14/2005,OWB,KY,ASO,CE,Federal Contract Tower,0,4,15,0,19,0,0,72,0,72,0,4,87,0,91,102,0,102,193
05/15/2005,OWB,KY,ASO,CE,Federal Contract Tower,0,2,17,0,19,0,0,104,0,104,0,2,121,0,123,160,0,160,283
05/16/2005,OWB,KY,ASO,CE,Federal Contract Tower,0,10,7,6,23,0,0,84,2,86,0,10,91,8,109,96,24,120,229
05/17/2005,OWB,KY,ASO,CE,Federal Contract Tower,0,9,14,5,28,0,0,63,0,63,0,9,77,5,91,88,12,100,191
05/18/2005,OWB,KY,ASO,CE,Federal Contract Tower,0,17,11,1,29,0,0,93,5,98,0,17,104,6,127,108,22,130,257
05/19/2005,OWB,KY,ASO,CE,Federal Contract Tower,0,15,13,1,29,0,0,59,1,60,0,15,72,2,89,78,8,86,175
05/20/2005,OWB,KY,ASO,CE,Federal Contract Tower,0,16,8,0,24,0,1,66,0,67,0,17,74,0,91,98,0,98,189
05/21/2005,OWB,KY,ASO,CE,Federal Contract Tower,0,2,4,0,6,0,0,149,0,149,0,2,153,0,155,146,0,146,301
05/22/2005,OWB,KY,ASO,CE,Federal Contract Tower,0,6,17,0,23,0,0,81,0,81,0,6,98,0,104,88,0,88,192
05/23/2005,OWB,KY,ASO,CE,Federal Contract Tower,0,16,16,4,36,0,2,93,2,97,0,18,109,6,133,136,30,166,299
05/24/2005,OWB,KY,ASO,CE,Federal Contract Tower,0,15,16,2,33,0,0,76,2,78,0,15,92,4,111,94,16,110,221
05/25/2005,OWB,KY,ASO,CE,Federal Contract Tower,0,12,21,4,37,0,0,78,0,78,0,12,99,4,115,92,12,104,219
05/26/2005,OWB,KY,ASO,CE,Federal Contract Tower,0,12,9,3,24,0,0,88,3,91,0,12,97,6,115,86,24,110,225
05/27/2005,OWB,KY,ASO,CE,Federal Contract Tower,0,9,15,0,24,0,0,95,0,95,0,9,110,0,119,104,0,104,223
05/28/2005,OWB,KY,ASO,CE,Federal Contract Tower,0,3,5,0,8,0,0,92,0,92,0,3,97,0,100,132,0,132,232
05/29/2005,OWB,KY,ASO,CE,Federal Contract Tower,0,2,6,0,8,0,0,92,0,92,0,2,98,0,100,90,0,90,190
05/30/2005,OWB,KY,ASO,CE,Federal Contract Tower,0,5,11,0,16,0,0,72,4,76,0,5,83,4,92,94,12,106,198
05/31/2005,OWB,KY,ASO,CE,Federal Contract Tower,0,7,12,4,23,0,0,61,1,62,0,7,73,5,85,76,12,88,173
06/01/2005,OWB,KY,ASO,CE,Federal Contract Tower,0,15,11,2,28,0,0,56,3,59,0,15,67,5,87,70,20,90,177
06/02/2005,OWB,KY,ASO,CE,Federal Contract Tower,0,11,54,0,65,0,0,76,0,76,0,11,130,0,141,82,0,82,223
06/03/2005,OWB,KY,ASO,CE,Federal Contract Tower,0,13,29,1,43,0,0,42,1,43,0,13,71,2,86,48,4,52,138
06/04/2005,OWB,KY,ASO,CE,Federal Contract Tower,0,4,46,0,50,0,4,206,0,210,0,8,252,0,260,212,0,212,472
06/05/2005,OWB,KY,ASO,CE,Federal Contract Tower,0,5,48,0,53,0,0,128,0,128,0,5,176,0,181,158,0,158,339
06/06/2005,OWB,KY,ASO,CE,Federal Contract Tower,0,11,7,0,18,0,0,85,2,87,0,11,92,2,105,116,8,124,229
06/07/2005,OWB,KY,ASO,CE,Federal Contract Tower,0,15,12,0,27,0,0,62,1,63,0,15,74,1,90,112,4,116,206
06/08/2005,OWB,KY,ASO,CE,Federal Contract Tower,0,16,14,1,31,0,0,79,1,80,0,16,93,2,111,102,10,112,223
06/09/2005,OWB,KY,ASO,CE,Federal Contract Tower,0,13,21,1,35,0,0,71,3,74,0,13,92,4,109,104,8,112,221
06/10/2005,OWB,KY,ASO,CE,Federal Contract Tower,0,10,6,4,20,0,2,80,0,82,0,12,86,4,102,86,12,98,200
06/11/2005,OWB,KY,ASO,CE,Federal Contract Tower,0,2,0,1,3,0,2,84,0,86,0,4,84,1,89,82,2,84,173
06/12/2005,OWB,KY,ASO,CE,Federal Contract Tower,0,1,3,0,4,0,0,20,0,20,0,1,23,0,24,24,0,24,48
06/13/2005,OWB,KY,ASO,CE,Federal Contract Tower,0,13,6,5,24,0,0,73,11,84,0,13,79,16,108,118,66,184,292
06/14/2005,OWB,KY,ASO,CE,Federal Contract Tower,0,14,16,2,32,0,0,83,10,93,0,14,99,12,125,100,24,124,249
06/15/2005,OWB,KY,ASO,CE,Federal Contract Tower,0,15,11,2,28,0,0,75,7,82,0,15,86,9,110,136,24,160,270
06/16/2005,OWB,KY,ASO,CE,Federal Contract Tower,0,15,17,2,34,0,0,70,10,80,0,15,87,12,114,94,30,124,238
06/17/2005,OWB,KY,ASO,CE,Federal Contract Tower,0,15,14,2,31,0,0,87,13,100,0,15,101,15,131,156,52,208,339
06/18/2005,OWB,KY,ASO,CE,Federal Contract Tower,0,5,13,0,18,0,0,115,2,117,0,5,128,2,135,144,6,150,285
06/19/2005,OWB,KY,ASO,CE,Federal Contract Tower,0,2,14,0,16,0,0,92,6,98,0,2,106,6,114,96,26,122,236
06/20/2005,OWB,KY,ASO,CE,Federal Contract Tower,0,12,5,0,17,0,6,91,11,108,0,18,96,11,125,144,20,164,289
06/21/2005,OWB,KY,ASO,CE,Federal Contract Tower,0,11,13,4,28,0,7,83,8,98,0,18,96,12,126,100,32,132,258
06/22/2005,OWB,KY,ASO,CE,Federal Contract Tower,0,16,10,0,26,0,13,79,20,112,0,29,89,20,138,104,40,144,282
06/23/2005,OWB,KY,ASO,CE,Federal Contract Tower,0,11,5,1,17,0,0,60,18,78,0,11,65,19,95,116,46,162,257
06/24/2005,OWB,KY,ASO,CE,Federal Contract Tower,0,13,8,0,21,0,0,63,3,66,0,13,71,3,87,102,12,114,201
06/25/2005,OWB,KY,ASO,CE,Federal Contract Tower,0,3,13,0,16,0,0,98,6,104,0,3,111,6,120,108,20,128,248
06/26/2005,OWB,KY,ASO,CE,Federal Contract Tower,0,3,12,0,15,0,0,86,10,96,0,3,98,10,111,116,38,154,265
06/27/2005,OWB,KY,ASO,CE,Federal Contract Tower,0,9,11,0,20,0,0,67,12,79,0,9,78,12,99,104,36,140,239
06/28/2005,OWB,KY,ASO,CE,Federal Contract Tower,0,12,12,0,24,0,1,76,12,89,0,13,88,12,113,82,34,116,229
06/29/2005,OWB,KY,ASO,CE,Federal Contract Tower,0,17,8,3,28,0,4,81,7,92,0,21,89,10,120,120,18,138,258
06/30/2005,OWB,KY,ASO,CE,Federal Contract Tower,0,11,6,0,17,0,3,58,0,61,0,14,64,0,78,84,0,84,162
07/01/2005,OWB,KY,ASO,CE,Federal Contract Tower,0,15,20,1,36,0,9,58,2,69,0,24,78,3,105,98,12,110,215
07/02/2005,OWB,KY,ASO,CE,Federal Contract Tower,0,3,7,0,10,0,0,97,0,97,0,3,104,0,107,100,0,100,207
07/03/2005,OWB,KY,ASO,CE,Federal Contract Tower,0,1,2,0,3,0,0,94,0,94,0,1,96,0,97,118,0,118,215
07/04/2005,OWB,KY,ASO,CE,Federal Contract Tower,0,6,7,0,13,0,6,67,2,75,0,12,74,2,88,84,8,92,180
07/05/2005,OWB,KY,ASO,CE,Federal Contract Tower,0,16,9,2,27,0,7,68,3,78,0,23,77,5,105,98,10,108,213
07/06/2005,OWB,KY,ASO,CE,Federal Contract Tower,0,12,11,1,24,0,3,53,5,61,0,15,64,6,85,92,17,109,194
07/07/2005,OWB,KY,ASO,CE,Federal Contract Tower,0,11,21,0,32,0,0,41,0,41,0,11,62,0,73,100,0,100,173
07/08/2005,OWB,KY,ASO,CE,Federal Contract Tower,0,16,15,0,31,0,0,54,0,54,0,16,69,0,85,106,0,106,191
07/09/2005,OWB,KY,ASO,CE,Federal Contract Tower,0,7,15,2,24,0,0,116,0,116,0,7,131,2,140,116,8,124,264
07/10/2005,OWB,KY,ASO,CE,Federal Contract Tower,0,7,14,0,21,0,2,63,2,67,0,9,77,2,88,96,0,96,184
07/11/2005,OWB,KY,ASO,CE,Federal Contract Tower,0,12,2,0,14,0,0,14,0,14,0,12,16,0,28,24,0,24,52
07/12/2005,OWB,KY,ASO,CE,Federal Contract Tower,0,11,5,0,16,0,0,0,0,0,0,11,5,0,16,4,0,4,20
07/13/2005,OWB,KY,ASO,CE,Federal Contract Tower,0,15,12,0,27,0,0,0,0,0,0,15,12,0,27,0,0,0,27
07/14/2005,OWB,KY,ASO,CE,Federal Contract Tower,0,17,2,0,19,0,0,1,0,1,0,17,3,0,20,0,0,0,20
07/15/2005,OWB,KY,ASO,CE,Federal Contract Tower,0,16,4,1,21,0,0,22,1,23,0,16,26,2,44,42,2,44,88
07/16/2005,OWB,KY,ASO,CE,Federal Contract Tower,0,3,4,0,7,0,0,41,0,41,0,3,45,0,48,62,0,62,110
07/17/2005,OWB,KY,ASO,CE,Federal Contract Tower,0,3,9,0,12,0,0,44,0,44,0,3,53,0,56,102,0,102,158
07/18/2005,OWB,KY,ASO,CE,Federal Contract Tower,0,15,10,0,25,0,0,78,4,82,0,15,88,4,107,94,8,102,209
07/19/2005,OWB,KY,ASO,CE,Federal Contract Tower,0,11,11,4,26,0,0,80,0,80,0,11,91,4,106,126,16,142,248
07/20/2005,OWB,KY,ASO,CE,Federal Contract Tower,0,15,10,0,25,0,0,49,0,49,0,15,59,0,74,98,4,102,176
07/21/2005,OWB,KY,ASO,CE,Federal Contract Tower,0,24,13,0,37,0,0,59,0,59,0,24,72,0,96,84,0,84,180
07/22/2005,OWB,KY,ASO,CE,Federal Contract Tower,0,11,20,0,31,0,0,58,2,60,0,11,78,2,91,92,2,94,185
07/23/2005,OWB,KY,ASO,CE,Federal Contract Tower,0,4,5,0,9,0,0,73,0,73,0,4,78,0,82,96,0,96,178
07/24/2005,OWB,KY,ASO,CE,Federal Contract Tower,0,7,10,0,17,0,0,64,0,64,0,7,74,0,81,86,0,86,167
07/25/2005,OWB,KY,ASO,CE,Federal Contract Tower,0,12,5,1,18,0,0,80,0,80,0,12,85,1,98,100,4,104,202
07/26/2005,OWB,KY,ASO,CE,Federal Contract Tower,0,12,7,0,19,0,3,85,1,89,0,15,92,1,108,156,4,160,268
07/27/2005,OWB,KY,ASO,CE,Federal Contract Tower,0,14,8,0,22,0,0,55,0,55,0,14,63,0,77,178,0,178,255
07/28/2005,OWB,KY,ASO,CE,Federal Contract Tower,0,12,22,1,35,0,0,73,6,79,0,12,95,7,114,146,20,166,280
07/29/2005,OWB,KY,ASO,CE,Federal Contract Tower,0,13,12,0,25,0,0,75,2,77,0,13,87,2,102,102,6,108,210
07/30/2005,OWB,KY,ASO,CE,Federal Contract Tower,0,2,11,0,13,0,0,80,0,80,0,2,91,0,93,128,0,128,221
07/31/2005,OWB,KY,ASO,CE,Federal Contract Tower,0,3,10,0,13,0,0,74,0,74,0,3,84,0,87,134,0,134,221
08/01/2005,OWB,KY,ASO,CE,Federal Contract Tower,0,10,12,0,22,0,0,76,0,76,0,10,88,0,98,92,0,92,190
08/02/2005,OWB,KY,ASO,CE,Federal Contract Tower,0,11,10,0,21,0,0,74,3,77,0,11,84,3,98,94,8,102,200
08/03/2005,OWB,KY,ASO,CE,Federal Contract Tower,0,9,19,0,28,0,0,73,1,74,0,9,92,1,102,120,6,126,228
08/04/2005,OWB,KY,ASO,CE,Federal Contract Tower,0,12,12,0,24,0,0,67,0,67,0,12,79,0,91,118,0,118,209
08/05/2005,OWB,KY,ASO,CE,Federal Contract Tower,0,12,11,0,23,0,1,53,0,54,0,13,64,0,77,88,0,88,165
08/06/2005,OWB,KY,ASO,CE,Federal Contract Tower,0,1,10,0,11,0,0,70,0,70,0,1,80,0,81,104,0,104,185
08/07/2005,OWB,KY,ASO,CE,Federal Contract Tower,0,3,6,0,9,0,0,46,4,50,0,3,52,4,59,76,6,82,141
08/08/2005,OWB,KY,ASO,CE,Federal Contract Tower,0,10,9,0,19,0,0,68,0,68,0,10,77,0,87,100,0,100,187
08/09/2005,OWB,KY,ASO,CE,Federal Contract Tower,0,8,13,0,21,0,0,103,2,105,0,8,116,2,126,112,6,118,244
08/10/2005,OWB,KY,ASO,CE,Federal Contract Tower,0,11,11,0,22,0,0,76,6,82,0,11,87,6,104,116,20,136,240
08/11/2005,OWB,KY,ASO,CE,Federal Contract Tower,0,10,20,1,31,0,2,89,1,92,0,12,109,2,123,98,10,108,231
08/12/2005,OWB,KY,ASO,CE,Federal Contract Tower,0,11,15,0,26,0,0,74,0,74,0,11,89,0,100,112,0,112,212
08/13/2005,OWB,KY,ASO,CE,Federal Contract Tower,0,2,9,0,11,0,0,80,0,80,0,2,89,0,91,130,0,130,221
08/14/2005,OWB,KY,ASO,CE,Federal Contract Tower,0,7,8,0,15,0,0,50,0,50,0,7,58,0,65,92,0,92,157
08/15/2005,OWB,KY,ASO,CE,Federal Contract Tower,0,9,5,1,15,0,0,79,1,80,0,9,84,2,95,112,6,118,213
08/16/2005,OWB,KY,ASO,CE,Federal Contract Tower,0,12,6,0,18,0,0,55,0,55,0,12,61,0,73,74,0,74,147
08/17/2005,OWB,KY,ASO,CE,Federal Contract Tower,0,12,16,0,28,0,1,57,0,58,0,13,73,0,86,78,0,78,164
08/18/2005,OWB,KY,ASO,CE,Federal Contract Tower,0,17,10,0,27,0,0,40,0,40,0,17,50,0,67,50,0,50,117
08/19/2005,OWB,KY,ASO,CE,Federal Contract Tower,0,13,17,2,32,0,1,93,2,96,0,14,110,4,128,200,16,216,344
08/20/2005,OWB,KY,ASO,CE,Federal Contract Tower,0,5,11,0,16,0,0,96,0,96,0,5,107,0,112,128,0,128,240
08/21/2005,OWB,KY,ASO,CE,Federal Contract Tower,0,2,6,0,8,0,0,74,0,74,0,2,80,0,82,118,0,118,200
08/22/2005,OWB,KY,ASO,CE,Federal Contract Tower,0,11,8,1,20,0,0,78,3,81,0,11,86,4,101,138,18,156,257
08/23/2005,OWB,KY,ASO,CE,Federal Contract Tower,0,12,8,1,21,0,0,86,12,98,0,12,94,13,119,134,70,204,323
08/24/2005,OWB,KY,ASO,CE,Federal Contract Tower,0,15,14,1,30,0,0,87,5,92,0,15,101,6,122,138,20,158,280
08/25/2005,OWB,KY,ASO,CE,Federal Contract Tower,0,12,21,2,35,0,0,73,9,82,0,12,94,11,117,98,30,128,245
08/26/2005,OWB,KY,ASO,CE,Federal Contract Tower,0,8,7,0,15,0,0,31,0,31,0,8,38,0,46,48,0,48,94
08/27/2005,OWB,KY,ASO,CE,Federal Contract Tower,0,5,22,0,27,0,0,51,0,51,0,5,73,0,78,108,0,108,186
08/28/2005,OWB,KY,ASO,CE,Federal Contract Tower,0,3,10,0,13,0,0,53,0,53,0,3,63,0,66,74,0,74,140
08/29/2005,OWB,KY,ASO,CE,Federal Contract Tower,0,9,3,0,12,0,0,41,3,44,0,9,44,3,56,60,0,60,116
08/30/2005,OWB,KY,ASO,CE,Federal Contract Tower,0,3,7,0,10,0,0,2,1,3,0,3,9,1,13,0,0,0,13
08/31/2005,OWB,KY,ASO,CE,Federal Contract Tower,0,12,10,1,23,0,0,90,2,92,0,12,100,3,115,112,16,128,243
09/01/2005,OWB,KY,ASO,CE,Federal Contract Tower,0,13,10,1,24,0,0,86,1,87,0,13,96,2,111,124,6,130,241
09/02/2005,OWB,KY,ASO,CE,Federal Contract Tower,0,12,11,0,23,0,0,87,0,87,0,12,98,0,110,106,0,106,216
09/03/2005,OWB,KY,ASO,CE,Federal Contract Tower,0,2,6,0,8,0,0,93,0,93,0,2,99,0,101,126,0,126,227
09/04/2005,OWB,KY,ASO,CE,Federal Contract Tower,0,3,8,0,11,0,0,72,0,72,0,3,80,0,83,118,0,118,201
09/05/2005,OWB,KY,ASO,CE,Federal Contract Tower,0,5,17,0,22,0,0,70,0,70,0,5,87,0,92,106,0,106,198
09/06/2005,OWB,KY,ASO,CE,Federal Contract Tower,0,13,11,1,25,0,0,64,1,65,0,13,75,2,90,100,4,104,194
09/07/2005,OWB,KY,ASO,CE,Federal Contract Tower,0,17,18,0,35,0,0,80,0,80,0,17,98,0,115,140,0,140,255
09/08/2005,OWB,KY,ASO,CE,Federal Contract Tower,0,17,19,0,36,0,0,56,6,62,0,17,75,6,98,86,16,102,200
09/09/2005,OWB,KY,ASO,CE,Federal Contract Tower,0,10,15,0,25,0,0,71,2,73,0,10,86,2,98,98,8,106,204
09/10/2005,OWB,KY,ASO,CE,Federal Contract Tower,0,6,6,0,12,0,0,75,2,77,0,6,81,2,89,96,6,102,191
09/11/2005,OWB,KY,ASO,CE,Federal Contract Tower,0,5,17,0,22,0,0,65,0,65,0,5,82,0,87,108,0,108,195
09/12/2005,OWB,KY,ASO,CE,Federal Contract Tower,0,12,11,0,23,0,0,65,6,71,0,12,76,6,94,112,12,124,218
09/13/2005,OWB,KY,ASO,CE,Federal Contract Tower,0,10,19,2,31,0,0,73,0,73,0,10,92,2,104,102,2,104,208
09/14/2005,OWB,KY,ASO,CE,Federal Contract Tower,0,10,26,0,36,0,0,72,4,76,0,10,98,4,112,86,18,104,216
09/15/2005,OWB,KY,ASO,CE,Federal Contract Tower,0,14,9,0,23,0,0,65,0,65,0,14,74,0,88,88,0,88,176
09/16/2005,OWB,KY,ASO,CE,Federal Contract Tower,0,12,14,0,26,0,0,46,0,46,0,12,60,0,72,72,0,72,144
09/17/2005,OWB,KY,ASO,CE,Federal Contract Tower,0,4,12,0,16,0,0,70,0,70,0,4,82,0,86,96,0,96,182
09/18/2005,OWB,KY,ASO,CE,Federal Contract Tower,0,4,7,0,11,0,0,75,1,76,0,4,82,1,87,98,6,104,191
09/19/2005,OWB,KY,ASO,CE,Federal Contract Tower,0,11,13,0,24,0,0,76,1,77,0,11,89,1,101,114,6,120,221
09/20/2005,OWB,KY,ASO,CE,Federal Contract Tower,0,10,9,0,19,0,0,66,0,66,0,10,75,0,85,106,0,106,191
09/21/2005,OWB,KY,ASO,CE,Federal Contract Tower,0,15,13,3,31,0,0,68,0,68,0,15,81,3,99,86,8,94,193
09/22/2005,OWB,KY,ASO,CE,Federal Contract Tower,0,12,31,0,43,0,0,78,0,78,0,12,109,0,121,118,0,118,239
09/23/2005,OWB,KY,ASO,CE,Federal Contract Tower,0,10,20,0,30,0,0,92,0,92,0,10,112,0,122,108,0,108,230
09/24/2005,OWB,KY,ASO,CE,Federal Contract Tower,0,6,10,0,16,0,0,97,0,97,0,6,107,0,113,112,0,112,225
09/25/2005,OWB,KY,ASO,CE,Federal Contract Tower,0,5,9,0,14,0,0,24,0,24,0,5,33,0,38,38,0,38,76
09/26/2005,OWB,KY,ASO,CE,Federal Contract Tower,0,8,15,0,23,0,0,53,0,53,0,8,68,0,76,86,0,86,162
09/27/2005,OWB,KY,ASO,CE,Federal Contract Tower,0,12,8,3,23,0,0,66,2,68,0,12,74,5,91,106,16,122,213
09/28/2005,OWB,KY,ASO,CE,Federal Contract Tower,0,9,17,0,26,0,0,61,2,63,0,9,78,2,89,90,8,98,187
09/29/2005,OWB,KY,ASO,CE,Federal Contract Tower,0,15,17,0,32,0,0,88,0,88,0,15,105,0,120,130,0,130,250
09/30/2005,OWB,KY,ASO,CE,Federal Contract Tower,0,14,21,0,35,0,0,75,0,75,0,14,96,0,110,120,0,120,230
10/01/2005,OWB,KY,ASO,CE,Federal Contract Tower,0,2,21,0,23,0,0,92,0,92,0,2,113,0,115,142,0,142,257
10/02/2005,OWB,KY,ASO,CE,Federal Contract Tower,0,9,9,0,18,0,0,94,0,94,0,9,103,0,112,142,0,142,254
10/03/2005,OWB,KY,ASO,CE,Federal Contract Tower,0,8,12,0,20,0,0,77,0,77,0,8,89,0,97,140,0,140,237
10/04/2005,OWB,KY,ASO,CE,Federal Contract Tower,0,9,16,0,25,0,0,66,0,66,0,9,82,0,91,88,0,88,179
10/05/2005,OWB,KY,ASO,CE,Federal Contract Tower,0,8,14,2,24,0,0,76,0,76,0,8,90,2,100,100,4,104,204
10/06/2005,OWB,KY,ASO,CE,Federal Contract Tower,0,14,23,0,37,0,0,59,0,59,0,14,82,0,96,100,0,100,196
10/07/2005,OWB,KY,ASO,CE,Federal Contract Tower,0,9,18,0,27,0,0,69,0,69,0,9,87,0,96,134,0,134,230
10/08/2005,OWB,KY,ASO,CE,Federal Contract Tower,0,3,12,0,15,0,0,70,2,72,0,3,82,2,87,96,6,102,189
10/09/2005,OWB,KY,ASO,CE,Federal Contract Tower,0,7,8,0,15,0,0,66,0,66,0,7,74,0,81,88,0,88,169
10/10/2005,OWB,KY,ASO,CE,Federal Contract Tower,0,8,21,0,29,0,0,50,0,50,0,8,71,0,79,82,0,82,161
10/11/2005,OWB,KY,ASO,CE,Federal Contract Tower,0,11,15,0,26,0,0,62,0,62,0,11,77,0,88,70,0,70,158
10/12/2005,OWB,KY,ASO,CE,Federal Contract Tower,0,16,14,1,31,0,0,63,2,65,0,16,77,3,96,118,10,128,224
10/13/2005,OWB,KY,ASO,CE,Federal Contract Tower,0,10,18,0,28,0,0,60,0,60,0,10,78,0,88,110,0,110,198
10/14/2005,OWB,KY,ASO,CE,Federal Contract Tower,0,12,17,0,29,0,0,71,1,72,0,12,88,1,101,120,4,124,225
10/15/2005,OWB,KY,ASO,CE,Federal Contract Tower,0,2,6,0,8,0,0,150,0,150,0,2,156,0,158,146,0,146,304
10/16/2005,OWB,KY,ASO,CE,Federal Contract Tower,0,2,16,2,20,0,0,127,0,127,0,2,143,2,147,132,8,140,287
10/17/2005,OWB,KY,ASO,CE,Federal Contract Tower,0,13,7,2,22,0,7,82,2,91,0,20,89,4,113,118,16,134,247
10/18/2005,OWB,KY,ASO,CE,Federal Contract Tower,0,9,9,0,18,0,0,85,2,87,0,9,94,2,105,112,6,118,223
10/19/2005,OWB,KY,ASO,CE,Federal Contract Tower,0,16,21,0,37,0,0,70,0,70,0,16,91,0,107,116,0,116,223
10/20/2005,OWB,KY,ASO,CE,Federal Contract Tower,0,11,20,0,31,0,0,58,0,58,0,11,78,0,89,126,0,126,215
10/21/2005,OWB,KY,ASO,CE,Federal Contract Tower,0,15,16,0,31,0,0,6,0,6,0,15,22,0,37,2,0,2,39
10/22/2005,OWB,KY,ASO,CE,Federal Contract Tower,0,7,9,0,16,0,0,98,0,98,0,7,107,0,114,102,0,102,216
10/23/2005,OWB,KY,ASO,CE,Federal Contract Tower,0,3,5,0,8,0,1,22,0,23,0,4,27,0,31,42,0,42,73
10/24/2005,OWB,KY,ASO,CE,Federal Contract Tower,0,9,8,2,19,0,0,42,0,42,0,9,50,2,61,62,8,70,131
10/25/2005,OWB,KY,ASO,CE,Federal Contract Tower,0,10,6,0,16,0,0,64,0,64,0,10,70,0,80,98,0,98,178
10/26/2005,OWB,KY,ASO,CE,Federal Contract Tower,0,13,12,2,27,0,0,76,0,76,0,13,88,2,103,152,8,160,263
10/27/2005,OWB,KY,ASO,CE,Federal Contract Tower,0,11,25,0,36,0,0,64,0,64,0,11,89,0,100,150,0,150,250
10/28/2005,OWB,KY,ASO,CE,Federal Contract Tower,0,12,18,0,30,0,0,64,1,65,0,12,82,1,95,108,8,116,211
10/29/2005,OWB,KY,ASO,CE,Federal Contract Tower,0,3,11,0,14,0,0,103,0,103,0,3,114,0,117,96,0,96,213
10/30/2005,OWB,KY,ASO,CE,Federal Contract Tower,0,3,6,0,9,0,0,104,0,104,0,3,110,0,113,134,0,134,247
10/31/2005,OWB,KY,ASO,CE,Federal Contract Tower,0,10,6,0,16,0,0,78,0,78,0,10,84,0,94,118,0,118,212
11/01/2005,OWB,KY,ASO,CE,Federal Contract Tower,0,11,20,0,31,0,1,67,0,68,0,12,87,0,99,84,0,84,183
11/02/2005,OWB,KY,ASO,CE,Federal Contract Tower,0,11,5,0,16,0,0,72,0,72,0,11,77,0,88,124,0,124,212
11/03/2005,OWB,KY,ASO,CE,Federal Contract Tower,0,15,19,0,34,0,0,73,0,73,0,15,92,0,107,102,0,102,209
11/04/2005,OWB,KY,ASO,CE,Federal Contract Tower,0,15,22,0,37,0,0,58,0,58,0,15,80,0,95,102,0,102,197
11/05/2005,OWB,KY,ASO,CE,Federal Contract Tower,0,7,5,0,12,0,0,59,0,59,0,7,64,0,71,86,0,86,157
11/06/2005,OWB,KY,ASO,CE,Federal Contract Tower,0,4,8,0,12,0,0,66,0,66,0,4,74,0,78,96,0,96,174
11/07/2005,OWB,KY,ASO,CE,Federal Contract Tower,0,13,9,0,22,0,3,78,0,81,0,16,87,0,103,102,0,102,205
11/08/2005,OWB,KY,ASO,CE,Federal Contract Tower,0,16,10,1,27,0,1,71,4,76,0,17,81,5,103,92,24,116,219
11/09/2005,OWB,KY,ASO,CE,Federal Contract Tower,0,8,2,5,15,0,0,61,0,61,0,8,63,5,76,76,12,88,164
11/10/2005,OWB,KY,ASO,CE,Federal Contract Tower,0,11,5,1,17,0,0,77,3,80,0,11,82,4,97,114,14,128,225
11/11/2005,OWB,KY,ASO,CE,Federal Contract Tower,0,9,12,0,21,0,0,69,0,69,0,9,81,0,90,116,0,116,206
11/12/2005,OWB,KY,ASO,CE,Federal Contract Tower,0,5,6,0,11,0,0,75,1,76,0,5,81,1,87,120,4,124,211
11/13/2005,OWB,KY,ASO,CE,Federal Contract Tower,0,7,7,0,14,0,0,66,0,66,0,7,73,0,80,120,0,120,200
11/14/2005,OWB,KY,ASO,CE,Federal Contract Tower,0,21,2,0,23,0,0,58,0,58,0,21,60,0,81,76,0,76,157
11/15/2005,OWB,KY,ASO,CE,Federal Contract Tower,0,8,7,0,15,0,0,7,0,7,0,8,14,0,22,12,0,12,34
11/16/2005,OWB,KY,ASO,CE,Federal Contract Tower,0,14,12,0,26,0,0,54,0,54,0,14,66,0,80,96,0,96,176
11/17/2005,OWB,KY,ASO,CE,Federal Contract Tower,0,14,12,4,30,0,0,71,0,71,0,14,83,4,101,140,8,148,249
11/18/2005,OWB,KY,ASO,CE,Federal Contract Tower,0,13,5,0,18,0,0,78,0,78,0,13,83,0,96,118,0,118,214
11/19/2005,OWB,KY,ASO,CE,Federal Contract Tower,0,3,10,3,16,0,0,87,0,87,0,3,97,3,103,134,12,146,249
11/20/2005,OWB,KY,ASO,CE,Federal Contract Tower,0,5,15,0,20,0,0,84,0,84,0,5,99,0,104,116,0,116,220
11/21/2005,OWB,KY,ASO,CE,Federal Contract Tower,0,8,10,2,20,0,0,60,1,61,0,8,70,3,81,66,18,84,165
11/22/2005,OWB,KY,ASO,CE,Federal Contract Tower,0,18,14,0,32,0,0,59,0,59,0,18,73,0,91,82,0,82,173
11/23/2005,OWB,KY,ASO,CE,Federal Contract Tower,0,12,6,0,18,0,0,48,0,48,0,12,54,0,66,84,0,84,150
11/24/2005,OWB,KY,ASO,CE,Federal Contract Tower,0,4,5,0,9,0,0,29,0,29,0,4,34,0,38,48,0,48,86
11/25/2005,OWB,KY,ASO,CE,Federal Contract Tower,0,10,2,0,12,0,0,67,0,67,0,10,69,0,79,96,0,96,175
11/26/2005,OWB,KY,ASO,CE,Federal Contract Tower,0,6,6,0,12,0,0,70,0,70,0,6,76,0,82,108,0,108,190
11/27/2005,OWB,KY,ASO,CE,Federal Contract Tower,0,5,15,0,20,0,0,46,0,46,0,5,61,0,66,72,0,72,138
11/28/2005,OWB,KY,ASO,CE,Federal Contract Tower,0,7,2,0,9,0,0,61,0,61,0,7,63,0,70,76,0,76,146
11/29/2005,OWB,KY,ASO,CE,Federal Contract Tower,0,8,8,0,16,0,0,68,0,68,0,8,76,0,84,82,0,82,166
11/30/2005,OWB,KY,ASO,CE,Federal Contract Tower,0,8,1,2,11,0,0,69,3,72,0,8,70,5,83,112,30,142,225
12/01/2005,OWB,KY,ASO,CE,Federal Contract Tower,0,9,7,0,16,0,0,43,0,43,0,9,50,0,59,60,0,60,119
12/02/2005,OWB,KY,ASO,CE,Federal Contract Tower,0,10,16,0,26,0,0,69,0,69,0,10,85,0,95,82,0,82,177
12/03/2005,OWB,KY,ASO,CE,Federal Contract Tower,0,4,10,0,14,0,0,26,0,26,0,4,36,0,40,34,0,34,74
12/04/2005,OWB,KY,ASO,CE,Federal Contract Tower,0,3,4,0,7,0,0,48,0,48,0,3,52,0,55,92,0,92,147
12/05/2005,OWB,KY,ASO,CE,Federal Contract Tower,0,14,6,0,20,0,2,57,2,61,0,16,63,2,81,100,4,104,185
12/06/2005,OWB,KY,ASO,CE,Federal Contract Tower,0,9,10,0,19,0,0,59,0,59,0,9,69,0,78,110,0,110,188
12/07/2005,OWB,KY,ASO,CE,Federal Contract Tower,0,13,11,0,24,0,0,73,0,73,0,13,84,0,97,100,0,100,197
12/08/2005,OWB,KY,ASO,CE,Federal Contract Tower,0,8,3,0,11,0,0,6,0,6,0,8,9,0,17,10,0,10,27
12/09/2005,OWB,KY,ASO,CE,Federal Contract Tower,0,8,9,0,17,0,4,49,0,53,0,12,58,0,70,74,0,74,144
12/10/2005,OWB,KY,ASO,CE,Federal Contract Tower,0,2,11,0,13,0,0,59,0,59,0,2,70,0,72,104,0,104,176
12/11/2005,OWB,KY,ASO,CE,Federal Contract Tower,0,3,8,0,11,0,0,49,0,49,0,3,57,0,60,86,0,86,146
12/12/2005,OWB,KY,ASO,CE,Federal Contract Tower,0,9,2,0,11,0,0,41,0,41,0,9,43,0,52,76,0,76,128
12/13/2005,OWB,KY,ASO,CE,Federal Contract Tower,0,8,5,4,17,0,0,66,0,66,0,8,71,4,83,102,30,132,215
12/14/2005,OWB,KY,ASO,CE,Federal Contract Tower,0,18,6,2,26,0,0,41,0,41,0,18,47,2,67,50,8,58,125
12/15/2005,OWB,KY,ASO,CE,Federal Contract Tower,0,17,11,0,28,0,0,50,0,50,0,17,61,0,78,74,0,74,152
12/16/2005,OWB,KY,ASO,CE,Federal Contract Tower,0,8,9,0,17,0,0,74,0,74,0,8,83,0,91,114,0,114,205
12/17/2005,OWB,KY,ASO,CE,Federal Contract Tower,0,5,14,0,19,0,2,80,0,82,0,7,94,0,101,134,0,134,235
12/18/2005,OWB,KY,ASO,CE,Federal Contract Tower,0,4,6,0,10,0,0,51,0,51,0,4,57,0,61,104,0,104,165
12/19/2005,OWB,KY,ASO,CE,Federal Contract Tower,0,8,4,0,12,0,2,67,0,69,0,10,71,0,81,114,0,114,195
12/20/2005,OWB,KY,ASO,CE,Federal Contract Tower,0,10,13,0,23,0,0,69,0,69,0,10,82,0,92,114,0,114,206
12/21/2005,OWB,KY,ASO,CE,Federal Contract Tower,0,10,8,0,18,0,0,87,0,87,0,10,95,0,105,100,0,100,205
12/22/2005,OWB,KY,ASO,CE,Federal Contract Tower,0,10,13,0,23,0,0,56,0,56,0,10,69,0,79,76,0,76,155
12/23/2005,OWB,KY,ASO,CE,Federal Contract Tower,0,11,8,0,19,0,0,71,0,71,0,11,79,0,90,86,0,86,176
12/24/2005,OWB,KY,ASO,CE,Federal Contract Tower,0,2,2,0,4,0,0,4,0,4,0,2,6,0,8,8,0,8,16
12/25/2005,OWB,KY,ASO,CE,Federal Contract Tower,0,2,2,0,4,0,0,0,0,0,0,2,2,0,4,0,0,0,4
12/26/2005,OWB,KY,ASO,CE,Federal Contract Tower,0,7,2,0,9,0,0,24,0,24,0,7,26,0,33,44,0,44,77
12/27/2005,OWB,KY,ASO,CE,Federal Contract Tower,0,12,14,0,26,0,0,59,0,59,0,12,73,0,85,124,0,124,209
12/28/2005,OWB,KY,ASO,CE,Federal Contract Tower,0,9,7,0,16,0,0,32,0,32,0,9,39,0,48,46,0,46,94
12/29/2005,OWB,KY,ASO,CE,Federal Contract Tower,0,13,11,0,24,0,1,45,0,46,0,14,56,0,70,68,0,68,138
12/30/2005,OWB,KY,ASO,CE,Federal Contract Tower,0,14,4,0,18,0,0,40,0,40,0,14,44,0,58,54,0,54,112
12/31/2005,OWB,KY,ASO,CE,Federal Contract Tower,0,5,8,0,13,0,0,67,0,67,0,5,75,0,80,104,0,104,184
01/01/2006,OWB,KY,ASO,CE,Federal Contract Tower,0,2,6,0,8,0,0,59,0,59,0,2,65,0,67,88,0,88,155
01/02/2006,OWB,KY,ASO,CE,Federal Contract Tower,0,6,0,0,6,0,0,40,0,40,0,6,40,0,46,88,0,88,134
01/03/2006,OWB,KY,ASO,CE,Federal Contract Tower,0,12,16,0,28,0,0,31,0,31,0,12,47,0,59,50,0,50,109
01/04/2006,OWB,KY,ASO,CE,Federal Contract Tower,0,13,11,4,28,0,0,67,0,67,0,13,78,4,95,98,4,102,197
01/05/2006,OWB,KY,ASO,CE,Federal Contract Tower,0,9,8,0,17,0,0,63,0,63,0,9,71,0,80,78,0,78,158
01/06/2006,OWB,KY,ASO,CE,Federal Contract Tower,0,14,10,3,27,0,0,60,3,63,0,14,70,6,90,84,10,94,184
01/07/2006,OWB,KY,ASO,CE,Federal Contract Tower,0,4,5,0,9,0,0,74,0,74,0,4,79,0,83,124,0,124,207
01/08/2006,OWB,KY,ASO,CE,Federal Contract Tower,0,2,5,0,7,0,0,54,0,54,0,2,59,0,61,64,0,64,125
01/09/2006,OWB,KY,ASO,CE,Federal Contract Tower,0,11,6,0,17,0,0,67,0,67,0,11,73,0,84,106,0,106,190
01/10/2006,OWB,KY,ASO,CE,Federal Contract Tower,0,14,19,0,33,0,0,18,0,18,0,14,37,0,51,24,0,24,75
01/11/2006,OWB,KY,ASO,CE,Federal Contract Tower,0,10,5,0,15,0,0,76,0,76,0,10,81,0,91,122,0,122,213
01/12/2006,OWB,KY,ASO,CE,Federal Contract Tower,0,15,13,0,28,0,2,92,2,96,0,17,105,2,124,98,4,102,226
01/13/2006,OWB,KY,ASO,CE,Federal Contract Tower,0,16,7,0,23,0,0,5,0,5,0,16,12,0,28,14,0,14,42
01/14/2006,OWB,KY,ASO,CE,Federal Contract Tower,0,4,4,0,8,0,0,61,0,61,0,4,65,0,69,96,0,96,165
01/15/2006,OWB,KY,ASO,CE,Federal Contract Tower,0,2,10,0,12,0,0,67,0,67,0,2,77,0,79,120,0,120,199
01/16/2006,OWB,KY,ASO,CE,Federal Contract Tower,0,8,13,0,21,0,0,57,0,57,0,8,70,0,78,104,0,104,182
01/17/2006,OWB,KY,ASO,CE,Federal Contract Tower,0,10,4,0,14,0,0,0,0,0,0,10,4,0,14,0,0,0,14
01/18/2006,OWB,KY,ASO,CE,Federal Contract Tower,0,12,7,0,19,0,0,81,4,85,0,12,88,4,104,90,10,100,204
01/19/2006,OWB,KY,ASO,CE,Federal Contract Tower,0,11,12,0,23,0,0,73,0,73,0,11,85,0,96,90,0,90,186
01/20/2006,OWB,KY,ASO,CE,Federal Contract Tower,0,15,9,0,24,0,0,80,2,82,0,15,89,2,106,100,0,100,206
01/21/2006,OWB,KY,ASO,CE,Federal Contract Tower,0,4,12,0,16,0,0,74,0,74,0,4,86,0,90,116,0,116,206
01/22/2006,OWB,KY,ASO,CE,Federal Contract Tower,0,4,4,3,11,0,0,20,0,20,0,4,24,3,31,26,10,36,67
01/23/2006,OWB,KY,ASO,CE,Federal Contract Tower,0,11,8,0,19,0,0,60,0,60,0,11,68,0,79,112,0,112,191
01/24/2006,OWB,KY,ASO,CE,Federal Contract Tower,0,10,9,2,21,0,0,74,2,76,0,10,83,4,97,92,12,104,201
01/25/2006,OWB,KY,ASO,CE,Federal Contract Tower,0,11,6,0,17,0,0,97,0,97,0,11,103,0,114,110,0,110,224
01/26/2006,OWB,KY,ASO,CE,Federal Contract Tower,0,15,14,1,30,0,0,83,1,84,0,15,97,2,114,134,8,142,256
01/27/2006,OWB,KY,ASO,CE,Federal Contract Tower,0,20,10,0,30,0,0,71,0,71,0,20,81,0,101,144,0,144,245
01/28/2006,OWB,KY,ASO,CE,Federal Contract Tower,0,2,4,2,8,0,0,72,0,72,0,2,76,2,80,86,8,94,174
01/29/2006,OWB,KY,ASO,CE,Federal Contract Tower,0,5,4,0,9,0,0,42,0,42,0,5,46,0,51,66,0,66,117
01/30/2006,OWB,KY,ASO,CE,Federal Contract Tower,0,8,4,0,12,0,0,70,0,70,0,8,74,0,82,84,0,84,166
01/31/2006,OWB,KY,ASO,CE,Federal Contract Tower,0,10,17,0,27,0,0,72,0,72,0,10,89,0,99,94,0,94,193
02/01/2006,OWB,KY,ASO,CE,Federal Contract Tower,0,14,8,0,22,0,0,62,0,62,0,14,70,0,84,104,0,104,188
02/02/2006,OWB,KY,ASO,CE,Federal Contract Tower,0,11,13,0,24,0,0,42,0,42,0,11,55,0,66,34,0,34,100
02/03/2006,OWB,KY,ASO,CE,Federal Contract Tower,0,9,12,3,24,0,0,55,1,56,0,9,67,4,80,86,10,96,176
02/04/2006,OWB,KY,ASO,CE,Federal Contract Tower,0,2,4,2,8,0,0,37,0,37,0,2,41,2,45,36,8,44,89
02/05/2006,OWB,KY,ASO,CE,Federal Contract Tower,0,7,3,2,12,0,0,76,2,78,0,7,79,4,90,100,16,116,206
02/06/2006,OWB,KY,ASO,CE,Federal Contract Tower,0,13,8,4,25,0,0,90,7,97,0,13,98,11,122,110,34,144,266
02/07/2006,OWB,KY,ASO,CE,Federal Contract Tower,0,1,2,0,3,0,11,98,0,109,0,12,100,0,112,118,0,118,230
02/08/2006,OWB,KY,ASO,CE,Federal Contract Tower,0,13,4,1,18,0,0,36,0,36,0,13,40,1,54,50,4,54,108
02/09/2006,OWB,KY,ASO,CE,Federal Contract Tower,0,11,13,4,28,0,0,65,2,67,0,11,78,6,95,114,26,140,235
02/10/2006,OWB,KY,ASO,CE,Federal Contract Tower,0,10,13,0,23,0,0,30,0,30,0,10,43,0,53,52,0,52,105
02/11/2006,OWB,KY,ASO,CE,Federal Contract Tower,0,1,1,0,2,0,0,8,0,8,0,1,9,0,10,10,0,10,20
02/12/2006,OWB,KY,ASO,CE,Federal Contract Tower,0,7,10,0,17,0,0,32,0,32,0,7,42,0,49,56,0,56,105
02/13/2006,OWB,KY,ASO,CE,Federal Contract Tower,0,13,4,0,17,0,0,91,0,91,0,13,95,0,108,130,0,130,238
02/14/2006,OWB,KY,ASO,CE,Federal Contract Tower,0,10,4,1,15,0,0,82,1,83,0,10,86,2,98,112,8,120,218
02/15/2006,OWB,KY,ASO,CE,Federal Contract Tower,0,10,15,2,27,0,0,66,0,66,0,10,81,2,93,118,10,128,221
02/16/2006,OWB,KY,ASO,CE,Federal Contract Tower,0,14,6,0,20,0,0,55,0,55,0,14,61,0,75,70,0,70,145
02/17/2006,OWB,KY,ASO,CE,Federal Contract Tower,0,8,16,0,24,0,0,68,2,70,0,8,84,2,94,118,4,122,216
02/18/2006,OWB,KY,ASO,CE,Federal Contract Tower,0,2,5,0,7,0,0,32,0,32,0,2,37,0,39,48,0,48,87
02/19/2006,OWB,KY,ASO,CE,Federal Contract Tower,0,1,9,0,10,0,0,73,0,73,0,1,82,0,83,102,0,102,185
02/20/2006,OWB,KY,ASO,CE,Federal Contract Tower,0,6,13,0,19,0,0,70,0,70,0,6,83,0,89,114,0,114,203
02/21/2006,OWB,KY,ASO,CE,Federal Contract Tower,0,17,8,1,26,0,0,97,4,101,0,17,105,5,127,130,22,152,279
02/22/2006,OWB,KY,ASO,CE,Federal Contract Tower,0,11,2,4,17,0,0,64,0,64,0,11,66,4,81,102,14,116,197
02/23/2006,OWB,KY,ASO,CE,Federal Contract Tower,0,15,8,5,28,0,0,73,0,73,0,15,81,5,101,118,22,140,241
02/24/2006,OWB,KY,ASO,CE,Federal Contract Tower,0,10,13,2,25,0,0,76,3,79,0,10,89,5,104,118,16,134,238
02/25/2006,OWB,KY,ASO,CE,Federal Contract Tower,0,3,7,0,10,0,0,90,0,90,0,3,97,0,100,124,0,124,224
02/26/2006,OWB,KY,ASO,CE,Federal Contract Tower,0,3,4,0,7,0,0,93,0,93,0,3,97,0,100,120,0,120,220
02/27/2006,OWB,KY,ASO,CE,Federal Contract Tower,0,11,3,0,14,0,0,83,0,83,0,11,86,0,97,102,0,102,199
02/28/2006,OWB,KY,ASO,CE,Federal Contract Tower,0,16,8,0,24,0,0,117,0,117,0,16,125,0,141,142,0,142,283
03/01/2006,OWB,KY,ASO,CE,Federal Contract Tower,0,13,5,1,19,0,9,81,1,91,0,22,86,2,110,140,12,152,262
03/02/2006,OWB,KY,ASO,CE,Federal Contract Tower,0,10,8,0,18,0,0,78,12,90,0,10,86,12,108,108,34,142,250
03/03/2006,OWB,KY,ASO,CE,Federal Contract Tower,0,9,11,0,20,0,0,75,1,76,0,9,86,1,96,126,4,130,226
03/04/2006,OWB,KY,ASO,CE,Federal Contract Tower,0,6,9,0,15,0,0,115,0,115,0,6,124,0,130,140,0,140,270
03/05/2006,OWB,KY,ASO,CE,Federal Contract Tower,0,3,6,0,9,0,0,78,0,78,0,3,84,0,87,110,0,110,197
03/06/2006,OWB,KY,ASO,CE,Federal Contract Tower,0,7,2,2,11,0,0,78,0,78,0,7,80,2,89,88,6,94,183
03/07/2006,OWB,KY,ASO,CE,Federal Contract Tower,0,9,15,0,24,0,0,76,4,80,0,9,91,4,104,96,14,110,214
03/08/2006,OWB,KY,ASO,CE,Federal Contract Tower,0,9,9,0,18,0,0,67,2,69,0,9,76,2,87,94,4,98,185
03/09/2006,OWB,KY,ASO,CE,Federal Contract Tower,0,13,3,0,16,0,0,20,0,20,0,13,23,0,36,4,0,4,40
03/10/2006,OWB,KY,ASO,CE,Federal Contract Tower,0,9,5,0,14,0,0,60,2,62,0,9,65,2,76,128,8,136,212
03/11/2006,OWB,KY,ASO,CE,Federal Contract Tower,0,4,4,0,8,0,0,57,0,57,0,4,61,0,65,86,0,86,151
03/12/2006,OWB,KY,ASO,CE,Federal Contract Tower,0,2,3,0,5,0,0,54,0,54,0,2,57,0,59,92,0,92,151
03/13/2006,OWB,KY,ASO,CE,Federal Contract Tower,0,10,4,0,14,0,0,77,0,77,0,10,81,0,91,84,0,84,175
03/14/2006,OWB,KY,ASO,CE,Federal Contract Tower,0,10,13,0,23,0,0,69,0,69,0,10,82,0,92,84,0,84,176
03/15/2006,OWB,KY,ASO,CE,Federal Contract Tower,0,9,15,3,27,0,0,75,3,78,0,9,90,6,105,140,38,178,283
03/16/2006,OWB,KY,ASO,CE,Federal Contract Tower,0,15,12,3,30,0,0,62,0,62,0,15,74,3,92,106,14,120,212
03/17/2006,OWB,KY,ASO,CE,Federal Contract Tower,0,12,4,3,19,0,0,64,3,67,0,12,68,6,86,112,20,132,218
03/18/2006,OWB,KY,ASO,CE,Federal Contract Tower,0,6,13,3,22,0,0,106,0,106,0,6,119,3,128,126,8,134,262
03/19/2006,OWB,KY,ASO,CE,Federal Contract Tower,0,3,7,0,10,0,0,67,0,67,0,3,74,0,77,122,0,122,199
03/20/2006,OWB,KY,ASO,CE,Federal Contract Tower,0,10,6,0,16,0,0,44,0,44,0,10,50,0,60,54,0,54,114
03/21/2006,OWB,KY,ASO,CE,Federal Contract Tower,0,11,3,1,15,0,0,20,0,20,0,11,23,1,35,20,6,26,61
03/22/2006,OWB,KY,ASO,CE,Federal Contract Tower,0,9,12,0,21,0,0,72,0,72,0,9,84,0,93,150,0,150,243
03/23/2006,OWB,KY,ASO,CE,Federal Contract Tower,0,15,7,0,22,0,0,79,0,79,0,15,86,0,101,114,0,114,215
03/24/2006,OWB,KY,ASO,CE,Federal Contract Tower,0,15,15,0,30,0,0,67,0,67,0,15,82,0,97,118,0,118,215
03/25/2006,OWB,KY,ASO,CE,Federal Contract Tower,0,2,5,0,7,0,0,69,0,69,0,2,74,0,76,112,0,112,188
03/26/2006,OWB,KY,ASO,CE,Federal Contract Tower,0,5,14,0,19,0,2,69,0,71,0,7,83,0,90,118,0,118,208
03/27/2006,OWB,KY,ASO,CE,Federal Contract Tower,0,9,11,2,22,0,0,60,0,60,0,9,71,2,82,108,0,108,190
03/28/2006,OWB,KY,ASO,CE,Federal Contract Tower,0,15,4,0,19,0,0,59,0,59,0,15,63,0,78,114,0,114,192
03/29/2006,OWB,KY,ASO,CE,Federal Contract Tower,0,9,18,0,27,0,0,91,0,91,0,9,109,0,118,122,0,122,240
03/30/2006,OWB,KY,ASO,CE,Federal Contract Tower,0,14,8,0,22,0,4,80,0,84,0,18,88,0,106,102,0,102,208
03/31/2006,OWB,KY,ASO,CE,Federal Contract Tower,0,13,7,0,20,0,0,64,0,64,0,13,71,0,84,94,0,94,178
04/01/2006,OWB,KY,ASO,CE,Federal Contract Tower,0,2,14,0,16,0,0,84,0,84,0,2,98,0,100,134,0,134,234
04/02/2006,OWB,KY,ASO,CE,Federal Contract Tower,0,1,2,0,3,0,0,44,0,44,0,1,46,0,47,72,0,72,119
04/03/2006,OWB,KY,ASO,CE,Federal Contract Tower,0,7,0,0,7,0,0,71,0,71,0,7,71,0,78,108,0,108,186
04/04/2006,OWB,KY,ASO,CE,Federal Contract Tower,0,12,18,0,30,0,0,78,0,78,0,12,96,0,108,112,0,112,220
04/05/2006,OWB,KY,ASO,CE,Federal Contract Tower,0,16,7,0,23,0,7,83,0,90,0,23,90,0,113,110,0,110,223
04/06/2006,OWB,KY,ASO,CE,Federal Contract Tower,0,9,6,2,17,0,0,66,2,68,0,9,72,4,85,88,14,102,187
04/07/2006,OWB,KY,ASO,CE,Federal Contract Tower,0,6,7,0,13,0,0,46,0,46,0,6,53,0,59,62,0,62,121
04/08/2006,OWB,KY,ASO,CE,Federal Contract Tower,0,16,10,0,26,0,0,61,0,61,0,16,71,0,87,130,0,130,217
04/09/2006,OWB,KY,ASO,CE,Federal Contract Tower,0,3,13,0,16,0,0,78,0,78,0,3,91,0,94,114,0,114,208
04/10/2006,OWB,KY,ASO,CE,Federal Contract Tower,0,9,3,1,13,0,0,72,0,72,0,9,75,1,85,120,6,126,211
04/11/2006,OWB,KY,ASO,CE,Federal Contract Tower,0,11,13,0,24,0,0,73,0,73,0,11,86,0,97,96,0,96,193
04/12/2006,OWB,KY,ASO,CE,Federal Contract Tower,0,13,6,0,19,0,0,78,0,78,0,13,84,0,97,100,0,100,197
04/13/2006,OWB,KY,ASO,CE,Federal Contract Tower,0,10,12,0,22,0,0,84,2,86,0,10,96,2,108,100,10,110,218
04/14/2006,OWB,KY,ASO,CE,Federal Contract Tower,0,12,7,0,19,0,0,67,1,68,0,12,74,1,87,82,4,86,173
04/15/2006,OWB,KY,ASO,CE,Federal Contract Tower,0,2,9,0,11,0,0,91,0,91,0,2,100,0,102,118,0,118,220
04/16/2006,OWB,KY,ASO,CE,Federal Contract Tower,0,4,3,0,7,0,0,40,0,40,0,4,43,0,47,92,0,92,139
04/17/2006,OWB,KY,ASO,CE,Federal Contract Tower,0,8,16,0,24,0,4,55,0,59,0,12,71,0,83,92,0,92,175
04/18/2006,OWB,KY,ASO,CE,Federal Contract Tower,0,11,17,0,28,0,0,70,0,70,0,11,87,0,98,126,0,126,224
04/19/2006,OWB,KY,ASO,CE,Federal Contract Tower,0,16,4,2,22,0,0,59,1,60,0,16,63,3,82,80,12,92,174
04/20/2006,OWB,KY,ASO,CE,Federal Contract Tower,0,10,5,0,15,0,0,27,0,27,0,10,32,0,42,22,0,22,64
04/21/2006,OWB,KY,ASO,CE,Federal Contract Tower,0,15,9,0,24,0,0,19,0,19,0,15,28,0,43,22,0,22,65
04/22/2006,OWB,KY,ASO,CE,Federal Contract Tower,0,2,10,0,12,0,0,110,0,110,0,2,120,0,122,114,0,114,236
04/23/2006,OWB,KY,ASO,CE,Federal Contract Tower,0,4,5,0,9,0,0,83,0,83,0,4,88,0,92,90,0,90,182
04/24/2006,OWB,KY,ASO,CE,Federal Contract Tower,0,12,8,0,20,0,0,66,0,66,0,12,74,0,86,104,0,104,190
04/25/2006,OWB,KY,ASO,CE,Federal Contract Tower,0,8,6,0,14,0,0,58,0,58,0,8,64,0,72,90,0,90,162
04/26/2006,OWB,KY,ASO,CE,Federal Contract Tower,0,12,17,4,33,0,0,61,2,63,0,12,78,6,96,102,12,114,210
04/27/2006,OWB,KY,ASO,CE,Federal Contract Tower,0,9,14,0,23,0,0,81,0,81,0,9,95,0,104,112,0,112,216
04/28/2006,OWB,KY,ASO,CE,Federal Contract Tower,0,11,15,0,26,0,0,86,6,92,0,11,101,6,118,102,14,116,234
04/29/2006,OWB,KY,ASO,CE,Federal Contract Tower,0,6,15,0,21,0,0,52,8,60,0,6,67,8,81,72,16,88,169
04/30/2006,OWB,KY,ASO,CE,Federal Contract Tower,0,4,7,0,11,0,0,33,0,33,0,4,40,0,44,42,0,42,86
05/01/2006,OWB,KY,ASO,CE,Federal Contract Tower,0,10,7,2,19,0,0,61,0,61,0,10,68,2,80,100,12,112,192
05/02/2006,OWB,KY,ASO,CE,Federal Contract Tower,0,11,16,0,27,0,0,55,14,69,0,11,71,14,96,86,36,122,218
05/03/2006,OWB,KY,ASO,CE,Federal Contract Tower,0,10,6,0,16,0,0,79,0,79,0,10,85,0,95,96,0,96,191
05/04/2006,OWB,KY,ASO,CE,Federal Contract Tower,0,11,9,0,20,0,0,69,0,69,0,11,78,0,89,76,0,76,165
05/05/2006,OWB,KY,ASO,CE,Federal Contract Tower,0,10,12,0,22,0,0,70,0,70,0,10,82,0,92,78,0,78,170
05/06/2006,OWB,KY,ASO,CE,Federal Contract Tower,0,5,2,2,9,0,1,91,1,93,0,6,93,3,102,110,12,122,224
05/07/2006,OWB,KY,ASO,CE,Federal Contract Tower,0,2,4,0,6,0,0,66,0,66,0,2,70,0,72,84,0,84,156
05/08/2006,OWB,KY,ASO,CE,Federal Contract Tower,0,8,9,0,17,0,0,81,0,81,0,8,90,0,98,132,0,132,230
05/09/2006,OWB,KY,ASO,CE,Federal Contract Tower,0,8,5,0,13,0,0,59,0,59,0,8,64,0,72,90,0,90,162
05/10/2006,OWB,KY,ASO,CE,Federal Contract Tower,0,10,3,1,14,0,0,26,0,26,0,10,29,1,40,32,2,34,74
05/11/2006,OWB,KY,ASO,CE,Federal Contract Tower,0,16,11,1,28,0,0,65,0,65,0,16,76,1,93,80,4,84,177
05/12/2006,OWB,KY,ASO,CE,Federal Contract Tower,0,11,19,2,32,0,0,70,4,74,0,11,89,6,106,88,18,106,212
05/13/2006,OWB,KY,ASO,CE,Federal Contract Tower,0,3,11,0,14,0,0,80,0,80,0,3,91,0,94,98,0,98,192
05/14/2006,OWB,KY,ASO,CE,Federal Contract Tower,0,6,3,0,9,0,0,51,0,51,0,6,54,0,60,58,0,58,118
05/15/2006,OWB,KY,ASO,CE,Federal Contract Tower,0,10,12,0,22,0,0,39,2,41,0,10,51,2,63,60,8,68,131
05/16/2006,OWB,KY,ASO,CE,Federal Contract Tower,0,15,14,0,29,0,0,54,2,56,0,15,68,2,85,70,4,74,159
05/17/2006,OWB,KY,ASO,CE,Federal Contract Tower,0,14,11,0,25,0,0,68,1,69,0,14,79,1,94,108,2,110,204
05/18/2006,OWB,KY,ASO,CE,Federal Contract Tower,0,11,12,1,24,0,0,68,3,71,0,11,80,4,95,136,10,146,241
05/19/2006,OWB,KY,ASO,CE,Federal Contract Tower,0,8,12,0,20,0,0,76,0,76,0,8,88,0,96,126,0,126,222
05/20/2006,OWB,KY,ASO,CE,Federal Contract Tower,0,1,8,0,9,0,0,85,2,87,0,1,93,2,96,90,6,96,192
05/21/2006,OWB,KY,ASO,CE,Federal Contract Tower,0,5,2,0,7,0,0,71,0,71,0,5,73,0,78,74,0,74,152
05/22/2006,OWB,KY,ASO,CE,Federal Contract Tower,0,8,0,0,8,0,0,71,0,71,0,8,71,0,79,82,0,82,161
05/23/2006,OWB,KY,ASO,CE,Federal Contract Tower,0,14,4,0,18,0,0,80,2,82,0,14,84,2,100,106,6,112,212
05/24/2006,OWB,KY,ASO,CE,Federal Contract Tower,0,15,9,0,24,0,0,61,2,63,0,15,70,2,87,130,4,134,221
05/25/2006,OWB,KY,ASO,CE,Federal Contract Tower,0,10,10,1,21,0,0,60,1,61,0,10,70,2,82,68,10,78,160
05/26/2006,OWB,KY,ASO,CE,Federal Contract Tower,0,8,5,0,13,0,2,67,0,69,0,10,72,0,82,126,0,126,208
05/27/2006,OWB,KY,ASO,CE,Federal Contract Tower,0,3,5,0,8,0,0,93,2,95,0,3,98,2,103,86,8,94,197
05/28/2006,OWB,KY,ASO,CE,Federal Contract Tower,0,2,2,0,4,0,0,76,0,76,0,2,78,0,80,68,0,68,148
05/29/2006,OWB,KY,ASO,CE,Federal Contract Tower,0,4,1,0,5,0,0,75,0,75,0,4,76,0,80,80,0,80,160
05/30/2006,OWB,KY,ASO,CE,Federal Contract Tower,0,7,11,0,18,0,0,57,0,57,0,7,68,0,75,68,0,68,143
05/31/2006,OWB,KY,ASO,CE,Federal Contract Tower,0,11,7,0,18,0,0,62,0,62,0,11,69,0,80,118,0,118,198
06/01/2006,OWB,KY,ASO,CE,Federal Contract Tower,0,13,8,0,21,0,0,48,0,48,0,13,56,0,69,88,0,88,157
06/02/2006,OWB,KY,ASO,CE,Federal Contract Tower,0,12,18,0,30,0,0,49,0,49,0,12,67,0,79,98,0,98,177
06/03/2006,OWB,KY,ASO,CE,Federal Contract Tower,0,2,5,0,7,0,0,93,0,93,0,2,98,0,100,90,0,90,190
06/04/2006,OWB,KY,ASO,CE,Federal Contract Tower,0,3,10,0,13,0,0,70,0,70,0,3,80,0,83,74,0,74,157
06/05/2006,OWB,KY,ASO,CE,Federal Contract Tower,0,11,8,0,19,0,0,83,0,83,0,11,91,0,102,106,0,106,208
06/06/2006,OWB,KY,ASO,CE,Federal Contract Tower,0,7,11,0,18,0,0,91,0,91,0,7,102,0,109,86,0,86,195
06/07/2006,OWB,KY,ASO,CE,Federal Contract Tower,0,8,11,0,19,0,0,52,0,52,0,8,63,0,71,100,0,100,171
06/08/2006,OWB,KY,ASO,CE,Federal Contract Tower,0,11,18,1,30,0,0,65,6,71,0,11,83,7,101,122,26,148,249
06/09/2006,OWB,KY,ASO,CE,Federal Contract Tower,0,11,13,0,24,0,0,62,0,62,0,11,75,0,86,126,0,126,212
06/10/2006,OWB,KY,ASO,CE,Federal Contract Tower,0,2,5,1,8,0,0,83,3,86,0,2,88,4,94,86,10,96,190
06/11/2006,OWB,KY,ASO,CE,Federal Contract Tower,0,4,10,0,14,0,0,62,0,62,0,4,72,0,76,64,0,64,140
06/12/2006,OWB,KY,ASO,CE,Federal Contract Tower,0,9,4,0,13,0,0,55,0,55,0,9,59,0,68,80,0,80,148
06/13/2006,OWB,KY,ASO,CE,Federal Contract Tower,0,15,8,3,26,0,0,85,3,88,0,15,93,6,114,86,20,106,220
06/14/2006,OWB,KY,ASO,CE,Federal Contract Tower,0,11,10,0,21,0,0,76,0,76,0,11,86,0,97,128,0,128,225
06/15/2006,OWB,KY,ASO,CE,Federal Contract Tower,0,10,12,5,27,0,0,70,3,73,0,10,82,8,100,112,16,128,228
06/16/2006,OWB,KY,ASO,CE,Federal Contract Tower,0,8,4,1,13,0,0,83,3,86,0,8,87,4,99,120,12,132,231
06/17/2006,OWB,KY,ASO,CE,Federal Contract Tower,0,2,9,0,11,0,0,93,0,93,0,2,102,0,104,94,0,94,198
06/18/2006,OWB,KY,ASO,CE,Federal Contract Tower,0,4,15,0,19,0,0,57,0,57,0,4,72,0,76,72,0,72,148
06/19/2006,OWB,KY,ASO,CE,Federal Contract Tower,0,5,14,1,20,0,0,62,0,62,0,5,76,1,82,68,4,72,154
06/20/2006,OWB,KY,ASO,CE,Federal Contract Tower,0,13,6,0,19,0,0,72,7,79,0,13,78,7,98,112,22,134,232
06/21/2006,OWB,KY,ASO,CE,Federal Contract Tower,0,15,16,0,31,0,0,71,2,73,0,15,87,2,104,122,8,130,234
06/22/2006,OWB,KY,ASO,CE,Federal Contract Tower,0,10,10,0,20,0,0,61,2,63,0,10,71,2,83,100,10,110,193
06/23/2006,OWB,KY,ASO,CE,Federal Contract Tower,0,12,13,0,25,0,0,56,0,56,0,12,69,0,81,102,0,102,183
06/24/2006,OWB,KY,ASO,CE,Federal Contract Tower,0,15,8,0,23,0,9,75,0,84,0,24,83,0,107,146,0,146,253
06/25/2006,OWB,KY,ASO,CE,Federal Contract Tower,0,4,5,0,9,0,0,71,0,71,0,4,76,0,80,104,0,104,184
06/26/2006,OWB,KY,ASO,CE,Federal Contract Tower,0,10,7,0,17,0,0,70,0,70,0,10,77,0,87,86,0,86,173
06/27/2006,OWB,KY,ASO,CE,Federal Contract Tower,0,11,15,1,27,0,2,69,0,71,0,13,84,1,98,94,4,98,196
06/28/2006,OWB,KY,ASO,CE,Federal Contract Tower,0,9,8,0,17,0,0,70,0,70,0,9,78,0,87,140,0,140,227
06/29/2006,OWB,KY,ASO,CE,Federal Contract Tower,0,9,17,0,26,0,0,70,0,70,0,9,87,0,96,132,0,132,228
06/30/2006,OWB,KY,ASO,CE,Federal Contract Tower,0,7,21,0,28,0,0,66,2,68,0,7,87,2,96,118,8,126,222
07/01/2006,OWB,KY,ASO,CE,Federal Contract Tower,0,2,5,0,7,0,0,82,0,82,0,2,87,0,89,102,0,102,191
07/02/2006,OWB,KY,ASO,CE,Federal Contract Tower,0,3,4,0,7,0,0,73,0,73,0,3,77,0,80,92,0,92,172
07/03/2006,OWB,KY,ASO,CE,Federal Contract Tower,0,8,3,0,11,0,1,72,0,73,0,9,75,0,84,86,0,86,170
07/04/2006,OWB,KY,ASO,CE,Federal Contract Tower,0,5,5,0,10,0,0,54,0,54,0,5,59,0,64,62,0,62,126
07/05/2006,OWB,KY,ASO,CE,Federal Contract Tower,0,7,5,1,13,0,0,44,3,47,0,7,49,4,60,104,16,120,180
07/06/2006,OWB,KY,ASO,CE,Federal Contract Tower,0,12,29,3,44,0,0,74,5,79,0,12,103,8,123,128,30,158,281
07/07/2006,OWB,KY,ASO,CE,Federal Contract Tower,0,11,14,0,25,0,0,75,0,75,0,11,89,0,100,110,0,110,210
07/08/2006,OWB,KY,ASO,CE,Federal Contract Tower,0,6,5,0,11,0,0,75,0,75,0,6,80,0,86,126,0,126,212
07/09/2006,OWB,KY,ASO,CE,Federal Contract Tower,0,2,4,0,6,0,0,69,0,69,0,2,73,0,75,128,0,128,203
07/10/2006,OWB,KY,ASO,CE,Federal Contract Tower,0,7,13,4,24,0,0,54,2,56,0,7,67,6,80,58,8,66,146
07/11/2006,OWB,KY,ASO,CE,Federal Contract Tower,0,8,5,0,13,0,0,58,0,58,0,8,63,0,71,66,0,66,137
07/12/2006,OWB,KY,ASO,CE,Federal Contract Tower,0,9,9,0,18,0,0,37,0,37,0,9,46,0,55,86,0,86,141
07/13/2006,OWB,KY,ASO,CE,Federal Contract Tower,0,14,13,4,31,0,0,57,4,61,0,14,70,8,92,114,32,146,238
07/14/2006,OWB,KY,ASO,CE,Federal Contract Tower,0,8,10,0,18,0,0,61,0,61,0,8,71,0,79,80,0,80,159
07/15/2006,OWB,KY,ASO,CE,Federal Contract Tower,0,3,6,3,12,0,0,81,0,81,0,3,87,3,93,110,8,118,211
07/16/2006,OWB,KY,ASO,CE,Federal Contract Tower,0,3,13,0,16,0,0,68,0,68,0,3,81,0,84,124,0,124,208
07/17/2006,OWB,KY,ASO,CE,Federal Contract Tower,0,9,2,0,11,0,0,77,0,77,0,9,79,0,88,118,0,118,206
07/18/2006,OWB,KY,ASO,CE,Federal Contract Tower,0,11,14,0,25,0,0,90,0,90,0,11,104,0,115,122,0,122,237
07/19/2006,OWB,KY,ASO,CE,Federal Contract Tower,0,12,6,0,18,0,0,50,2,52,0,12,56,2,70,74,6,80,150
07/20/2006,OWB,KY,ASO,CE,Federal Contract Tower,0,20,10,0,30,0,0,78,0,78,0,20,88,0,108,88,0,88,196
07/21/2006,OWB,KY,ASO,CE,Federal Contract Tower,0,9,15,2,26,0,0,36,0,36,0,9,51,2,62,46,6,52,114
07/22/2006,OWB,KY,ASO,CE,Federal Contract Tower,0,5,12,0,17,0,0,65,1,66,0,5,77,1,83,110,2,112,195
07/23/2006,OWB,KY,ASO,CE,Federal Contract Tower,0,5,12,0,17,0,0,65,0,65,0,5,77,0,82,126,0,126,208
07/24/2006,OWB,KY,ASO,CE,Federal Contract Tower,0,14,8,0,22,0,0,67,0,67,0,14,75,0,89,132,0,132,221
07/25/2006,OWB,KY,ASO,CE,Federal Contract Tower,0,13,5,0,18,0,0,67,0,67,0,13,72,0,85,100,0,100,185
07/26/2006,OWB,KY,ASO,CE,Federal Contract Tower,0,12,11,3,26,0,0,78,1,79,0,12,89,4,105,86,12,98,203
07/27/2006,OWB,KY,ASO,CE,Federal Contract Tower,0,13,7,4,24,0,0,69,6,75,0,13,76,10,99,88,32,120,219
07/28/2006,OWB,KY,ASO,CE,Federal Contract Tower,0,12,12,0,24,0,0,18,0,18,0,12,30,0,42,28,0,28,70
07/29/2006,OWB,KY,ASO,CE,Federal Contract Tower,0,3,15,0,18,0,0,39,0,39,0,3,54,0,57,98,0,98,155
07/30/2006,OWB,KY,ASO,CE,Federal Contract Tower,0,5,8,0,13,0,0,44,0,44,0,5,52,0,57,110,0,110,167
07/31/2006,OWB,KY,ASO,CE,Federal Contract Tower,0,10,8,0,18,0,2,66,1,69,0,12,74,1,87,128,0,128,215
08/01/2006,OWB,KY,ASO,CE,Federal Contract Tower,0,11,18,1,30,0,0,77,6,83,0,11,95,7,113,82,26,108,221
08/02/2006,OWB,KY,ASO,CE,Federal Contract Tower,0,13,4,1,18,0,0,75,5,80,0,13,79,6,98,82,16,98,196
08/03/2006,OWB,KY,ASO,CE,Federal Contract Tower,0,9,14,0,23,0,0,73,2,75,0,9,87,2,98,92,4,96,194
08/04/2006,OWB,KY,ASO,CE,Federal Contract Tower,0,7,10,0,17,0,2,82,2,86,0,9,92,2,103,92,12,104,207
08/05/2006,OWB,KY,ASO,CE,Federal Contract Tower,0,2,17,0,19,0,0,80,0,80,0,2,97,0,99,152,0,152,251
08/06/2006,OWB,KY,ASO,CE,Federal Contract Tower,0,3,14,0,17,0,0,69,0,69,0,3,83,0,86,126,0,126,212
08/07/2006,OWB,KY,ASO,CE,Federal Contract Tower,0,8,9,0,17,0,0,62,0,62,0,8,71,0,79,114,0,114,193
08/08/2006,OWB,KY,ASO,CE,Federal Contract Tower,0,8,14,0,22,0,0,63,0,63,0,8,77,0,85,120,0,120,205
08/09/2006,OWB,KY,ASO,CE,Federal Contract Tower,0,11,14,0,25,0,0,36,0,36,0,11,50,0,61,44,0,44,105
08/10/2006,OWB,KY,ASO,CE,Federal Contract Tower,0,15,16,0,31,0,0,51,0,51,0,15,67,0,82,72,0,72,154
08/11/2006,OWB,KY,ASO,CE,Federal Contract Tower,0,11,7,0,18,0,0,14,0,14,0,11,21,0,32,14,0,14,46
08/12/2006,OWB,KY,ASO,CE,Federal Contract Tower,0,4,10,0,14,0,0,88,0,88,0,4,98,0,102,96,0,96,198
08/13/2006,OWB,KY,ASO,CE,Federal Contract Tower,0,2,3,0,5,0,0,84,0,84,0,2,87,0,89,130,0,130,219
08/14/2006,OWB,KY,ASO,CE,Federal Contract Tower,0,9,6,2,17,0,0,62,0,62,0,9,68,2,79,100,8,108,187
08/15/2006,OWB,KY,ASO,CE,Federal Contract Tower,0,10,8,0,18,0,0,72,0,72,0,10,80,0,90,126,0,126,216
08/16/2006,OWB,KY,ASO,CE,Federal Contract Tower,0,14,15,0,29,0,0,68,0,68,0,14,83,0,97,90,0,90,187
08/17/2006,OWB,KY,ASO,CE,Federal Contract Tower,0,13,23,0,36,0,0,70,0,70,0,13,93,0,106,92,0,92,198
08/18/2006,OWB,KY,ASO,CE,Federal Contract Tower,0,10,6,0,16,0,0,72,0,72,0,10,78,0,88,76,0,76,164
08/19/2006,OWB,KY,ASO,CE,Federal Contract Tower,0,3,9,0,12,0,0,63,0,63,0,3,72,0,75,76,0,76,151
08/20/2006,OWB,KY,ASO,CE,Federal Contract Tower,0,4,6,0,10,0,0,46,0,46,0,4,52,0,56,64,0,64,120
08/21/2006,OWB,KY,ASO,CE,Federal Contract Tower,0,10,11,1,22,0,0,71,1,72,0,10,82,2,94,116,14,130,224
08/22/2006,OWB,KY,ASO,CE,Federal Contract Tower,0,10,17,0,27,0,0,74,0,74,0,10,91,0,101,126,0,126,227
08/23/2006,OWB,KY,ASO,CE,Federal Contract Tower,0,11,10,4,25,0,0,78,0,78,0,11,88,4,103,86,12,98,201
08/24/2006,OWB,KY,ASO,CE,Federal Contract Tower,0,17,16,4,37,0,0,89,0,89,0,17,105,4,126,98,10,108,234
08/25/2006,OWB,KY,ASO,CE,Federal Contract Tower,0,8,12,0,20,0,0,79,0,79,0,8,91,0,99,110,0,110,209
08/26/2006,OWB,KY,ASO,CE,Federal Contract Tower,0,3,7,0,10,0,0,70,0,70,0,3,77,0,80,86,0,86,166
08/27/2006,OWB,KY,ASO,CE,Federal Contract Tower,0,2,7,1,10,0,0,59,0,59,0,2,66,1,69,62,4,66,135
08/28/2006,OWB,KY,ASO,CE,Federal Contract Tower,0,11,4,0,15,0,0,44,0,44,0,11,48,0,59,84,0,84,143
08/29/2006,OWB,KY,ASO,CE,Federal Contract Tower,0,12,17,0,29,0,0,55,0,55,0,12,72,0,84,108,0,108,192
08/30/2006,OWB,KY,ASO,CE,Federal Contract Tower,0,15,6,0,21,0,0,77,0,77,0,15,83,0,98,90,0,90,188
08/31/2006,OWB,KY,ASO,CE,Federal Contract Tower,0,13,12,0,25,0,0,62,0,62,0,13,74,0,87,62,0,62,149
09/01/2006,OWB,KY,ASO,CE,Federal Contract Tower,0,6,18,0,24,0,0,55,0,55,0,6,73,0,79,66,0,66,145
09/02/2006,OWB,KY,ASO,CE,Federal Contract Tower,0,6,17,0,23,0,0,22,0,22,0,6,39,0,45,38,0,38,83
09/03/2006,OWB,KY,ASO,CE,Federal Contract Tower,0,2,9,1,12,0,0,75,1,76,0,2,84,2,88,88,4,92,180
09/04/2006,OWB,KY,ASO,CE,Federal Contract Tower,0,9,7,0,16,0,0,72,0,72,0,9,79,0,88,120,0,120,208
09/05/2006,OWB,KY,ASO,CE,Federal Contract Tower,0,13,12,3,28,0,0,74,0,74,0,13,86,3,102,88,10,98,200
09/06/2006,OWB,KY,ASO,CE,Federal Contract Tower,0,11,7,0,18,0,0,75,0,75,0,11,82,0,93,108,0,108,201
09/07/2006,OWB,KY,ASO,CE,Federal Contract Tower,0,14,12,0,26,0,0,66,2,68,0,14,78,2,94,128,8,136,230
09/08/2006,OWB,KY,ASO,CE,Federal Contract Tower,0,11,14,0,25,0,0,84,4,88,0,11,98,4,113,100,12,112,225
09/09/2006,OWB,KY,ASO,CE,Federal Contract Tower,0,3,12,0,15,0,0,91,0,91,0,3,103,0,106,106,0,106,212
09/10/2006,OWB,KY,ASO,CE,Federal Contract Tower,0,4,6,0,10,0,0,57,0,57,0,4,63,0,67,76,0,76,143
09/11/2006,OWB,KY,ASO,CE,Federal Contract Tower,0,10,6,0,16,0,0,17,0,17,0,10,23,0,33,26,0,26,59
09/12/2006,OWB,KY,ASO,CE,Federal Contract Tower,0,10,6,0,16,0,0,8,0,8,0,10,14,0,24,12,0,12,36
09/13/2006,OWB,KY,ASO,CE,Federal Contract Tower,0,12,10,1,23,0,0,62,1,63,0,12,72,2,86,110,10,120,206
09/14/2006,OWB,KY,ASO,CE,Federal Contract Tower,0,12,15,3,30,0,0,60,0,60,0,12,75,3,90,122,8,130,220
09/15/2006,OWB,KY,ASO,CE,Federal Contract Tower,0,10,8,4,22,0,0,61,1,62,0,10,69,5,84,80,28,108,192
09/16/2006,OWB,KY,ASO,CE,Federal Contract Tower,0,6,15,0,21,0,0,82,6,88,0,6,97,6,109,102,16,118,227
09/17/2006,OWB,KY,ASO,CE,Federal Contract Tower,0,1,7,0,8,0,0,59,0,59,0,1,66,0,67,68,0,68,135
09/18/2006,OWB,KY,ASO,CE,Federal Contract Tower,0,10,5,0,15,0,0,26,0,26,0,10,31,0,41,36,0,36,77
09/19/2006,OWB,KY,ASO,CE,Federal Contract Tower,0,14,20,0,34,0,0,75,0,75,0,14,95,0,109,98,0,98,207
09/20/2006,OWB,KY,ASO,CE,Federal Contract Tower,0,12,12,1,25,0,0,73,2,75,0,12,85,3,100,124,12,136,236
09/21/2006,OWB,KY,ASO,CE,Federal Contract Tower,0,14,8,0,22,0,2,71,2,75,0,16,79,2,97,124,8,132,229
09/22/2006,OWB,KY,ASO,CE,Federal Contract Tower,0,11,4,0,15,0,0,4,0,4,0,11,8,0,19,4,0,4,23
09/23/2006,OWB,KY,ASO,CE,Federal Contract Tower,0,2,0,0,2,0,0,17,0,17,0,2,17,0,19,20,0,20,39
09/24/2006,OWB,KY,ASO,CE,Federal Contract Tower,0,4,9,2,15,0,0,68,0,68,0,4,77,2,83,80,8,88,171
09/25/2006,OWB,KY,ASO,CE,Federal Contract Tower,0,12,14,0,26,0,0,87,0,87,0,12,101,0,113,94,0,94,207
09/26/2006,OWB,KY,ASO,CE,Federal Contract Tower,0,13,10,3,26,0,1,97,1,99,0,14,107,4,125,116,14,130,255
09/27/2006,OWB,KY,ASO,CE,Federal Contract Tower,0,7,14,0,21,0,0,66,0,66,0,7,80,0,87,90,0,90,177
09/28/2006,OWB,KY,ASO,CE,Federal Contract Tower,0,8,11,4,23,0,0,63,1,64,0,8,74,5,87,126,20,146,233
09/29/2006,OWB,KY,ASO,CE,Federal Contract Tower,0,11,4,0,15,0,0,76,2,78,0,11,80,2,93,96,8,104,197
09/30/2006,OWB,KY,ASO,CE,Federal Contract Tower,0,5,3,0,8,0,0,47,0,47,0,5,50,0,55,52,0,52,107
10/01/2006,OWB,KY,ASO,CE,Federal Contract Tower,0,4,7,0,11,0,0,79,0,79,0,4,86,0,90,84,0,84,174
10/02/2006,OWB,KY,ASO,CE,Federal Contract Tower,0,9,7,1,17,0,0,59,1,60,0,9,66,2,77,82,4,86,163
10/03/2006,OWB,KY,ASO,CE,Federal Contract Tower,0,10,6,0,16,0,2,65,0,67,0,12,71,0,83,82,0,82,165
10/04/2006,OWB,KY,ASO,CE,Federal Contract Tower,0,14,10,1,25,0,0,59,6,65,0,14,69,7,90,118,14,132,222
10/05/2006,OWB,KY,ASO,CE,Federal Contract Tower,0,11,8,0,19,0,0,15,0,15,0,11,23,0,34,22,0,22,56
10/06/2006,OWB,KY,ASO,CE,Federal Contract Tower,0,16,17,0,33,0,0,77,0,77,0,16,94,0,110,124,0,124,234
10/07/2006,OWB,KY,ASO,CE,Federal Contract Tower,0,4,8,2,14,0,0,77,2,79,0,4,85,4,93,94,6,100,193
10/08/2006,OWB,KY,ASO,CE,Federal Contract Tower,0,4,14,0,18,0,2,61,0,63,0,6,75,0,81,88,0,88,169
10/09/2006,OWB,KY,ASO,CE,Federal Contract Tower,0,6,16,0,22,0,0,63,0,63,0,6,79,0,85,100,0,100,185
10/10/2006,OWB,KY,ASO,CE,Federal Contract Tower,0,9,13,0,22,0,0,63,0,63,0,9,76,0,85,72,0,72,157
10/11/2006,OWB,KY,ASO,CE,Federal Contract Tower,0,10,4,0,14,0,0,49,2,51,0,10,53,2,65,62,10,72,137
10/12/2006,OWB,KY,ASO,CE,Federal Contract Tower,0,11,12,0,23,0,0,54,11,65,0,11,66,11,88,90,18,108,196
10/13/2006,OWB,KY,ASO,CE,Federal Contract Tower,0,8,17,0,25,0,0,62,0,62,0,8,79,0,87,102,0,102,189
10/14/2006,OWB,KY,ASO,CE,Federal Contract Tower,0,3,15,0,18,0,0,70,9,79,0,3,85,9,97,100,20,120,217
10/15/2006,OWB,KY,ASO,CE,Federal Contract Tower,0,2,10,0,12,0,0,69,0,69,0,2,79,0,81,100,0,100,181
10/16/2006,OWB,KY,ASO,CE,Federal Contract Tower,0,7,8,0,15,0,0,18,0,18,0,7,26,0,33,24,0,24,57
10/17/2006,OWB,KY,ASO,CE,Federal Contract Tower,0,9,18,0,27,0,0,32,0,32,0,9,50,0,59,40,0,40,99
10/18/2006,OWB,KY,ASO,CE,Federal Contract Tower,0,10,19,0,29,0,0,39,2,41,0,10,58,2,70,74,10,84,154
10/19/2006,OWB,KY,ASO,CE,Federal Contract Tower,0,15,10,0,25,0,0,0,0,0,0,15,10,0,25,0,0,0,25
10/20/2006,OWB,KY,ASO,CE,Federal Contract Tower,0,10,8,1,19,0,0,57,3,60,0,10,65,4,79,106,14,120,199
10/21/2006,OWB,KY,ASO,CE,Federal Contract Tower,0,3,7,0,10,0,0,76,2,78,0,3,83,2,88,98,8,106,194
10/22/2006,OWB,KY,ASO,CE,Federal Contract Tower,0,3,11,0,14,0,0,63,4,67,0,3,74,4,81,74,2,76,157
10/23/2006,OWB,KY,ASO,CE,Federal Contract Tower,0,9,10,2,21,0,0,77,0,77,0,9,87,2,98,112,4,116,214
10/24/2006,OWB,KY,ASO,CE,Federal Contract Tower,0,13,15,0,28,0,0,68,0,68,0,13,83,0,96,98,0,98,194
10/25/2006,OWB,KY,ASO,CE,Federal Contract Tower,0,13,3,3,19,0,0,61,2,63,0,13,64,5,82,108,8,116,198
10/26/2006,OWB,KY,ASO,CE,Federal Contract Tower,0,17,7,0,24,0,0,0,0,0,0,17,7,0,24,0,0,0,24
10/27/2006,OWB,KY,ASO,CE,Federal Contract Tower,0,7,9,0,16,0,0,0,0,0,0,7,9,0,16,0,0,0,16
10/28/2006,OWB,KY,ASO,CE,Federal Contract Tower,0,3,2,1,6,0,0,69,3,72,0,3,71,4,78,110,14,124,202
10/29/2006,OWB,KY,ASO,CE,Federal Contract Tower,0,2,9,0,11,0,0,84,0,84,0,2,93,0,95,110,0,110,205
10/30/2006,OWB,KY,ASO,CE,Federal Contract Tower,0,9,7,0,16,0,0,68,0,68,0,9,75,0,84,68,0,68,152
10/31/2006,OWB,KY,ASO,CE,Federal Contract Tower,0,8,4,1,13,0,1,21,2,24,0,9,25,3,37,14,0,14,51
11/01/2006,OWB,KY,ASO,CE,Federal Contract Tower,0,11,4,0,15,0,0,47,0,47,0,11,51,0,62,100,0,100,162
11/02/2006,OWB,KY,ASO,CE,Federal Contract Tower,0,11,6,0,17,0,0,77,2,79,0,11,83,2,96,84,8,92,188
11/03/2006,OWB,KY,ASO,CE,Federal Contract Tower,0,15,11,1,27,0,0,72,5,77,0,15,83,6,104,84,10,94,198
11/04/2006,OWB,KY,ASO,CE,Federal Contract Tower,0,5,15,0,20,0,0,66,0,66,0,5,81,0,86,98,0,98,184
11/05/2006,OWB,KY,ASO,CE,Federal Contract Tower,0,4,15,4,23,0,0,51,0,51,0,4,66,4,74,146,4,150,224
11/06/2006,OWB,KY,ASO,CE,Federal Contract Tower,0,8,2,0,10,0,0,38,0,38,0,8,40,0,48,50,0,50,98
11/07/2006,OWB,KY,ASO,CE,Federal Contract Tower,0,11,5,0,16,0,0,0,0,0,0,11,5,0,16,0,0,0,16
11/08/2006,OWB,KY,ASO,CE,Federal Contract Tower,0,12,14,1,27,0,2,53,1,56,0,14,67,2,83,54,4,58,141
11/09/2006,OWB,KY,ASO,CE,Federal Contract Tower,0,15,10,2,27,0,0,68,0,68,0,15,78,2,95,80,8,88,183
11/10/2006,OWB,KY,ASO,CE,Federal Contract Tower,0,9,8,0,17,0,0,63,4,67,0,9,71,4,84,98,10,108,192
11/11/2006,OWB,KY,ASO,CE,Federal Contract Tower,0,4,4,0,8,0,0,40,0,40,0,4,44,0,48,48,0,48,96
11/12/2006,OWB,KY,ASO,CE,Federal Contract Tower,0,2,10,0,12,0,0,53,0,53,0,2,63,0,65,106,0,106,171
11/13/2006,OWB,KY,ASO,CE,Federal Contract Tower,0,7,4,1,12,0,0,36,0,36,0,7,40,1,48,62,6,68,116
11/14/2006,OWB,KY,ASO,CE,Federal Contract Tower,0,11,13,0,24,0,0,55,0,55,0,11,68,0,79,86,0,86,165
11/15/2006,OWB,KY,ASO,CE,Federal Contract Tower,0,11,7,0,18,0,0,0,0,0,0,11,7,0,18,2,0,2,20
11/16/2006,OWB,KY,ASO,CE,Federal Contract Tower,0,10,5,0,15,0,0,0,0,0,0,10,5,0,15,0,0,0,15
11/17/2006,OWB,KY,ASO,CE,Federal Contract Tower,0,8,12,1,21,0,0,20,1,21,0,8,32,2,42,24,8,32,74
11/18/2006,OWB,KY,ASO,CE,Federal Contract Tower,0,3,6,0,9,0,0,47,2,49,0,3,53,2,58,56,6,62,120
11/19/2006,OWB,KY,ASO,CE,Federal Contract Tower,0,3,7,0,10,0,0,26,0,26,0,3,33,0,36,46,0,46,82
11/20/2006,OWB,KY,ASO,CE,Federal Contract Tower,0,11,12,1,24,0,1,42,8,51,0,12,54,9,75,82,10,92,167
11/21/2006,OWB,KY,ASO,CE,Federal Contract Tower,0,11,16,0,27,0,0,26,0,26,0,11,42,0,53,42,0,42,95
11/22/2006,OWB,KY,ASO,CE,Federal Contract Tower,0,12,12,2,26,0,0,25,0,25,0,12,37,2,51,20,4,24,75
11/23/2006,OWB,KY,ASO,CE,Federal Contract Tower,0,4,3,0,7,0,0,34,0,34,0,4,37,0,41,14,0,14,55
11/24/2006,OWB,KY,ASO,CE,Federal Contract Tower,0,8,7,0,15,0,0,41,2,43,0,8,48,2,58,24,4,28,86
11/25/2006,OWB,KY,ASO,CE,Federal Contract Tower,0,3,6,0,9,0,0,52,0,52,0,3,58,0,61,56,0,56,117
11/26/2006,OWB,KY,ASO,CE,Federal Contract Tower,0,3,21,0,24,0,0,42,0,42,0,3,63,0,66,52,0,52,118
11/27/2006,OWB,KY,ASO,CE,Federal Contract Tower,0,11,6,4,21,0,0,58,0,58,0,11,64,4,79,120,10,130,209
11/28/2006,OWB,KY,ASO,CE,Federal Contract Tower,0,10,15,2,27,0,0,48,2,50,0,10,63,4,77,94,16,110,187
11/29/2006,OWB,KY,ASO,CE,Federal Contract Tower,0,9,15,0,24,0,0,57,0,57,0,9,72,0,81,60,0,60,141
11/30/2006,OWB,KY,ASO,CE,Federal Contract Tower,0,7,7,0,14,0,0,26,0,26,0,7,33,0,40,20,0,20,60
12/01/2006,OWB,KY,ASO,CE,Federal Contract Tower,0,4,6,0,10,0,0,38,0,38,0,4,44,0,48,52,0,52,100
12/02/2006,OWB,KY,ASO,CE,Federal Contract Tower,0,2,10,0,12,0,0,66,0,66,0,2,76,0,78,112,0,112,190
12/03/2006,OWB,KY,ASO,CE,Federal Contract Tower,0,1,8,0,9,0,0,54,0,54,0,1,62,0,63,70,0,70,133
12/04/2006,OWB,KY,ASO,CE,Federal Contract Tower,0,9,8,0,17,0,0,45,0,45,0,9,53,0,62,94,0,94,156
12/05/2006,OWB,KY,ASO,CE,Federal Contract Tower,0,11,10,5,26,0,0,52,0,52,0,11,62,5,78,98,12,110,188
12/06/2006,OWB,KY,ASO,CE,Federal Contract Tower,0,10,11,0,21,0,0,53,0,53,0,10,64,0,74,82,0,82,156
12/07/2006,OWB,KY,ASO,CE,Federal Contract Tower,0,11,12,1,24,0,1,50,0,51,0,12,62,1,75,68,6,74,149
12/08/2006,OWB,KY,ASO,CE,Federal Contract Tower,0,10,15,0,25,0,0,62,2,64,0,10,77,2,89,74,8,82,171
12/09/2006,OWB,KY,ASO,CE,Federal Contract Tower,0,3,6,0,9,0,0,79,0,79,0,3,85,0,88,80,0,80,168
12/10/2006,OWB,KY,ASO,CE,Federal Contract Tower,0,2,9,0,11,0,0,59,0,59,0,2,68,0,70,66,0,66,136
12/11/2006,OWB,KY,ASO,CE,Federal Contract Tower,0,10,3,3,16,0,0,64,2,66,0,10,67,5,82,80,14,94,176
12/12/2006,OWB,KY,ASO,CE,Federal Contract Tower,0,8,8,0,16,0,0,30,1,31,0,8,38,1,47,46,4,50,97
12/13/2006,OWB,KY,ASO,CE,Federal Contract Tower,0,13,5,5,23,0,0,65,1,66,0,13,70,6,89,108,20,128,217
12/14/2006,OWB,KY,ASO,CE,Federal Contract Tower,0,11,17,6,34,0,0,62,2,64,0,11,79,8,98,82,12,94,192
12/15/2006,OWB,KY,ASO,CE,Federal Contract Tower,0,8,5,0,13,0,0,69,0,69,0,8,74,0,82,84,0,84,166
12/16/2006,OWB,KY,ASO,CE,Federal Contract Tower,0,3,7,0,10,0,0,53,0,53,0,3,60,0,63,74,0,74,137
12/17/2006,OWB,KY,ASO,CE,Federal Contract Tower,0,3,6,0,9,0,0,64,0,64,0,3,70,0,73,90,0,90,163
12/18/2006,OWB,KY,ASO,CE,Federal Contract Tower,0,12,3,6,21,0,2,37,2,41,0,14,40,8,62,66,28,94,156
12/19/2006,OWB,KY,ASO,CE,Federal Contract Tower,0,7,9,4,20,0,0,55,0,55,0,7,64,4,75,102,12,114,189
12/20/2006,OWB,KY,ASO,CE,Federal Contract Tower,0,15,7,4,26,0,0,62,2,64,0,15,69,6,90,76,20,96,186
12/21/2006,OWB,KY,ASO,CE,Federal Contract Tower,0,12,10,2,24,0,0,30,0,30,0,12,40,2,54,42,2,44,98
12/22/2006,OWB,KY,ASO,CE,Federal Contract Tower,0,7,8,2,17,0,0,55,0,55,0,7,63,2,72,78,8,86,158
12/23/2006,OWB,KY,ASO,CE,Federal Contract Tower,0,5,5,0,10,0,1,82,0,83,0,6,87,0,93,76,0,76,169
12/24/2006,OWB,KY,ASO,CE,Federal Contract Tower,0,2,1,0,3,0,0,24,0,24,0,2,25,0,27,30,0,30,57
12/25/2006,OWB,KY,ASO,CE,Federal Contract Tower,0,4,1,0,5,0,0,1,0,1,0,4,2,0,6,2,0,2,8
12/26/2006,OWB,KY,ASO,CE,Federal Contract Tower,0,5,6,0,11,0,0,41,0,41,0,5,47,0,52,82,0,82,134
12/27/2006,OWB,KY,ASO,CE,Federal Contract Tower,0,9,9,2,20,0,0,69,0,69,0,9,78,2,89,84,6,90,179
12/28/2006,OWB,KY,ASO,CE,Federal Contract Tower,0,3,6,2,11,0,0,63,1,64,0,3,69,3,75,110,12,122,197
12/29/2006,OWB,KY,ASO,CE,Federal Contract Tower,0,6,8,0,14,0,0,68,2,70,0,6,76,2,84,110,4,114,198
12/30/2006,OWB,KY,ASO,CE,Federal Contract Tower,0,3,9,0,12,0,0,75,0,75,0,3,84,0,87,104,0,104,191
12/31/2006,OWB,KY,ASO,CE,Federal Contract Tower,0,3,4,0,7,0,1,44,0,45,0,4,48,0,52,50,0,50,102
01/01/2007,OWB,KY,ASO,CE,Federal Contract Tower,0,3,4,0,7,0,0,50,0,50,0,3,54,0,57,70,0,70,127
01/02/2007,OWB,KY,ASO,CE,Federal Contract Tower,0,11,18,0,29,0,0,67,0,67,0,11,85,0,96,84,0,84,180
01/03/2007,OWB,KY,ASO,CE,Federal Contract Tower,0,9,6,0,15,0,0,64,0,64,0,9,70,0,79,114,0,114,193
01/04/2007,OWB,KY,ASO,CE,Federal Contract Tower,0,11,10,2,23,0,0,53,0,53,0,11,63,2,76,104,8,112,188
01/05/2007,OWB,KY,ASO,CE,Federal Contract Tower,0,6,6,0,12,0,0,28,0,28,0,6,34,0,40,50,0,50,90
01/06/2007,OWB,KY,ASO,CE,Federal Contract Tower,0,1,2,0,3,0,0,41,0,41,0,1,43,0,44,60,0,60,104
01/07/2007,OWB,KY,ASO,CE,Federal Contract Tower,0,4,0,0,4,0,0,7,0,7,0,4,7,0,11,6,0,6,17
01/08/2007,OWB,KY,ASO,CE,Federal Contract Tower,0,10,8,3,21,0,0,61,1,62,0,10,69,4,83,82,14,96,179
01/09/2007,OWB,KY,ASO,CE,Federal Contract Tower,0,12,5,1,18,0,2,36,3,41,0,14,41,4,59,54,12,66,125
01/10/2007,OWB,KY,ASO,CE,Federal Contract Tower,0,16,12,0,28,0,0,57,0,57,0,16,69,0,85,122,0,122,207
01/11/2007,OWB,KY,ASO,CE,Federal Contract Tower,0,12,7,1,20,0,0,53,1,54,0,12,60,2,74,102,8,110,184
01/12/2007,OWB,KY,ASO,CE,Federal Contract Tower,0,10,9,0,19,0,0,36,0,36,0,10,45,0,55,80,0,80,135
01/13/2007,OWB,KY,ASO,CE,Federal Contract Tower,0,0,1,0,1,0,0,0,0,0,0,0,1,0,1,0,0,0,1
01/14/2007,OWB,KY,ASO,CE,Federal Contract Tower,0,2,1,0,3,0,0,0,0,0,0,2,1,0,3,0,0,0,3
01/15/2007,OWB,KY,ASO,CE,Federal Contract Tower,0,4,4,0,8,0,0,18,0,18,0,4,22,0,26,34,0,34,60
01/16/2007,OWB,KY,ASO,CE,Federal Contract Tower,0,15,15,3,33,0,0,50,10,60,0,15,65,13,93,58,36,94,187
01/17/2007,OWB,KY,ASO,CE,Federal Contract Tower,0,13,17,5,35,0,0,51,0,51,0,13,68,5,86,104,16,120,206
01/18/2007,OWB,KY,ASO,CE,Federal Contract Tower,0,10,14,4,28,0,0,53,0,53,0,10,67,4,81,70,8,78,159
01/19/2007,OWB,KY,ASO,CE,Federal Contract Tower,0,11,5,0,16,0,0,53,2,55,0,11,58,2,71,98,8,106,177
01/20/2007,OWB,KY,ASO,CE,Federal Contract Tower,0,3,11,0,14,0,0,97,2,99,0,3,108,2,113,94,8,102,215
01/21/2007,OWB,KY,ASO,CE,Federal Contract Tower,0,7,3,0,10,0,0,24,0,24,0,7,27,0,34,20,0,20,54
01/22/2007,OWB,KY,ASO,CE,Federal Contract Tower,0,13,3,3,19,0,0,42,0,42,0,13,45,3,61,56,12,68,129
01/23/2007,OWB,KY,ASO,CE,Federal Contract Tower,0,13,11,0,24,0,0,56,6,62,0,13,67,6,86,106,24,130,216
01/24/2007,OWB,KY,ASO,CE,Federal Contract Tower,0,10,4,2,16,0,0,37,0,37,0,10,41,2,53,70,8,78,131
01/25/2007,OWB,KY,ASO,CE,Federal Contract Tower,0,13,9,5,27,0,0,63,2,65,0,13,72,7,92,98,26,124,216
01/26/2007,OWB,KY,ASO,CE,Federal Contract Tower,0,11,15,2,28,0,0,55,0,55,0,11,70,2,83,112,8,120,203
01/27/2007,OWB,KY,ASO,CE,Federal Contract Tower,0,2,3,0,5,0,0,64,0,64,0,2,67,0,69,108,0,108,177
01/28/2007,OWB,KY,ASO,CE,Federal Contract Tower,0,2,7,0,9,0,0,55,0,55,0,2,62,0,64,84,0,84,148
01/29/2007,OWB,KY,ASO,CE,Federal Contract Tower,0,6,6,2,14,0,0,75,6,81,0,6,81,8,95,98,24,122,217
01/30/2007,OWB,KY,ASO,CE,Federal Contract Tower,0,11,5,0,16,0,0,46,14,60,0,11,51,14,76,54,32,86,162
01/31/2007,OWB,KY,ASO,CE,Federal Contract Tower,0,13,18,1,32,0,0,54,1,55,0,13,72,2,87,114,8,122,209
02/01/2007,OWB,KY,ASO,CE,Federal Contract Tower,0,12,2,0,14,0,0,4,0,4,0,12,6,0,18,8,0,8,26
02/02/2007,OWB,KY,ASO,CE,Federal Contract Tower,0,4,6,0,10,0,1,50,0,51,0,5,56,0,61,86,0,86,147
02/03/2007,OWB,KY,ASO,CE,Federal Contract Tower,0,2,1,0,3,0,2,64,0,66,0,4,65,0,69,92,0,92,161
02/04/2007,OWB,KY,ASO,CE,Federal Contract Tower,0,2,6,0,8,0,0,57,0,57,0,2,63,0,65,88,0,88,153
02/05/2007,OWB,KY,ASO,CE,Federal Contract Tower,0,10,4,1,15,0,0,61,1,62,0,10,65,2,77,76,6,82,159
02/06/2007,OWB,KY,ASO,CE,Federal Contract Tower,0,4,7,1,12,0,1,51,1,53,0,5,58,2,65,60,8,68,133
02/07/2007,OWB,KY,ASO,CE,Federal Contract Tower,0,3,9,5,17,0,0,46,24,70,0,3,55,29,87,88,72,160,247
02/08/2007,OWB,KY,ASO,CE,Federal Contract Tower,0,12,15,0,27,0,0,52,0,52,0,12,67,0,79,94,0,94,173
02/09/2007,OWB,KY,ASO,CE,Federal Contract Tower,0,7,11,0,18,0,0,58,2,60,0,7,69,2,78,102,8,110,188
02/10/2007,OWB,KY,ASO,CE,Federal Contract Tower,0,3,10,0,13,0,0,85,0,85,0,3,95,0,98,122,0,122,220
02/11/2007,OWB,KY,ASO,CE,Federal Contract Tower,0,1,5,0,6,0,0,73,0,73,0,1,78,0,79,102,0,102,181
02/12/2007,OWB,KY,ASO,CE,Federal Contract Tower,0,13,2,3,18,0,0,32,1,33,0,13,34,4,51,38,14,52,103
02/13/2007,OWB,KY,ASO,CE,Federal Contract Tower,0,7,2,0,9,0,0,1,0,1,0,7,3,0,10,2,0,2,12
02/14/2007,OWB,KY,ASO,CE,Federal Contract Tower,0,5,17,6,28,0,0,47,10,57,0,5,64,16,85,88,24,112,197
02/15/2007,OWB,KY,ASO,CE,Federal Contract Tower,0,6,17,0,23,0,0,56,0,56,0,6,73,0,79,88,0,88,167
02/16/2007,OWB,KY,ASO,CE,Federal Contract Tower,0,6,16,0,22,0,0,61,0,61,0,6,77,0,83,112,0,112,195
02/17/2007,OWB,KY,ASO,CE,Federal Contract Tower,0,2,1,0,3,0,0,25,0,25,0,2,26,0,28,8,0,8,36
02/18/2007,OWB,KY,ASO,CE,Federal Contract Tower,0,5,7,0,12,0,0,55,0,55,0,5,62,0,67,90,0,90,157
02/19/2007,OWB,KY,ASO,CE,Federal Contract Tower,0,4,6,0,10,0,0,72,0,72,0,4,78,0,82,90,0,90,172
02/20/2007,OWB,KY,ASO,CE,Federal Contract Tower,0,7,13,2,22,0,0,55,2,57,0,7,68,4,79,78,18,96,175
02/21/2007,OWB,KY,ASO,CE,Federal Contract Tower,0,7,15,2,24,0,0,31,0,31,0,7,46,2,55,62,12,74,129
02/22/2007,OWB,KY,ASO,CE,Federal Contract Tower,0,9,19,3,31,0,1,58,7,66,0,10,77,10,97,84,26,110,207
02/23/2007,OWB,KY,ASO,CE,Federal Contract Tower,0,7,13,6,26,0,2,77,12,91,0,9,90,18,117,92,26,118,235
02/24/2007,OWB,KY,ASO,CE,Federal Contract Tower,0,3,4,0,7,0,1,34,0,35,0,4,38,0,42,46,0,46,88
02/25/2007,OWB,KY,ASO,CE,Federal Contract Tower,0,3,6,0,9,0,0,50,0,50,0,3,56,0,59,94,0,94,153
02/26/2007,OWB,KY,ASO,CE,Federal Contract Tower,0,8,16,1,25,0,2,53,6,61,0,10,69,7,86,94,22,116,202
02/27/2007,OWB,KY,ASO,CE,Federal Contract Tower,0,11,20,2,33,0,0,55,6,61,0,11,75,8,94,50,22,72,166
02/28/2007,OWB,KY,ASO,CE,Federal Contract Tower,0,10,18,6,34,0,0,58,10,68,0,10,76,16,102,84,54,138,240
03/01/2007,OWB,KY,ASO,CE,Federal Contract Tower,0,7,6,2,15,0,0,19,0,19,0,7,25,2,34,32,8,40,74
03/02/2007,OWB,KY,ASO,CE,Federal Contract Tower,0,8,13,0,21,0,0,39,2,41,0,8,52,2,62,70,4,74,136
03/03/2007,OWB,KY,ASO,CE,Federal Contract Tower,0,0,4,0,4,0,0,58,0,58,0,0,62,0,62,108,0,108,170
03/04/2007,OWB,KY,ASO,CE,Federal Contract Tower,0,0,8,0,8,0,0,53,0,53,0,0,61,0,61,104,0,104,165
03/05/2007,OWB,KY,ASO,CE,Federal Contract Tower,0,4,15,2,21,0,0,64,2,66,0,4,79,4,87,102,12,114,201
03/06/2007,OWB,KY,ASO,CE,Federal Contract Tower,0,10,11,0,21,0,0,67,0,67,0,10,78,0,88,76,0,76,164
03/07/2007,OWB,KY,ASO,CE,Federal Contract Tower,0,4,15,0,19,0,0,61,2,63,0,4,76,2,82,82,8,90,172
03/08/2007,OWB,KY,ASO,CE,Federal Contract Tower,0,4,19,4,27,0,0,96,2,98,0,4,115,6,125,104,38,142,267
03/09/2007,OWB,KY,ASO,CE,Federal Contract Tower,0,3,12,4,19,0,6,64,4,74,0,9,76,8,93,84,30,114,207
03/10/2007,OWB,KY,ASO,CE,Federal Contract Tower,0,0,1,0,1,0,0,59,0,59,0,0,60,0,60,98,0,98,158
03/11/2007,OWB,KY,ASO,CE,Federal Contract Tower,0,1,2,0,3,0,0,64,1,65,0,1,66,1,68,102,4,106,174
03/12/2007,OWB,KY,ASO,CE,Federal Contract Tower,0,2,8,2,12,0,0,62,0,62,0,2,70,2,74,104,2,106,180
03/13/2007,OWB,KY,ASO,CE,Federal Contract Tower,0,2,14,0,16,0,0,61,2,63,0,2,75,2,79,82,6,88,167
03/14/2007,OWB,KY,ASO,CE,Federal Contract Tower,0,8,13,4,25,0,0,48,6,54,0,8,61,10,79,74,24,98,177
03/15/2007,OWB,KY,ASO,CE,Federal Contract Tower,0,4,14,0,18,0,0,4,0,4,0,4,18,0,22,6,0,6,28
03/16/2007,OWB,KY,ASO,CE,Federal Contract Tower,0,2,12,4,18,0,0,57,1,58,0,2,69,5,76,68,22,90,166
03/17/2007,OWB,KY,ASO,CE,Federal Contract Tower,0,0,9,0,9,0,0,79,2,81,0,0,88,2,90,136,4,140,230
03/18/2007,OWB,KY,ASO,CE,Federal Contract Tower,0,0,6,0,6,0,0,59,0,59,0,0,65,0,65,96,0,96,161
03/19/2007,OWB,KY,ASO,CE,Federal Contract Tower,0,7,13,1,21,0,0,52,1,53,0,7,65,2,74,84,6,90,164
03/20/2007,OWB,KY,ASO,CE,Federal Contract Tower,0,2,18,0,20,0,0,24,0,24,0,2,42,0,44,42,0,42,86
03/21/2007,OWB,KY,ASO,CE,Federal Contract Tower,0,5,6,3,14,0,0,65,1,66,0,5,71,4,80,74,16,90,170
03/22/2007,OWB,KY,ASO,CE,Federal Contract Tower,0,4,19,2,25,0,0,41,0,41,0,4,60,2,66,56,4,60,126
03/23/2007,OWB,KY,ASO,CE,Federal Contract Tower,0,5,9,0,14,0,0,63,0,63,0,5,72,0,77,88,0,88,165
03/24/2007,OWB,KY,ASO,CE,Federal Contract Tower,0,2,8,0,10,0,0,65,0,65,0,2,73,0,75,78,0,78,153
03/25/2007,OWB,KY,ASO,CE,Federal Contract Tower,0,1,11,0,12,0,0,71,0,71,0,1,82,0,83,92,0,92,175
03/26/2007,OWB,KY,ASO,CE,Federal Contract Tower,0,5,5,4,14,0,0,50,2,52,0,5,55,6,66,98,32,130,196
03/27/2007,OWB,KY,ASO,CE,Federal Contract Tower,0,6,4,3,13,0,0,60,6,66,0,6,64,9,79,130,22,152,231
03/28/2007,OWB,KY,ASO,CE,Federal Contract Tower,0,6,11,0,17,0,0,56,0,56,0,6,67,0,73,86,0,86,159
03/29/2007,OWB,KY,ASO,CE,Federal Contract Tower,0,4,7,2,13,0,0,61,2,63,0,4,68,4,76,76,14,90,166
03/30/2007,OWB,KY,ASO,CE,Federal Contract Tower,0,7,12,2,21,0,0,52,2,54,0,7,64,4,75,68,12,80,155
03/31/2007,OWB,KY,ASO,CE,Federal Contract Tower,0,1,8,0,9,0,0,51,0,51,0,1,59,0,60,74,0,74,134
04/01/2007,OWB,KY,ASO,CE,Federal Contract Tower,0,2,8,0,10,0,0,61,0,61,0,2,69,0,71,78,0,78,149
04/02/2007,OWB,KY,ASO,CE,Federal Contract Tower,0,4,19,2,25,0,0,62,2,64,0,4,81,4,89,110,14,124,213
04/03/2007,OWB,KY,ASO,CE,Federal Contract Tower,0,10,4,2,16,0,0,44,0,44,0,10,48,2,60,66,6,72,132
04/04/2007,OWB,KY,ASO,CE,Federal Contract Tower,0,4,6,0,10,0,0,52,1,53,0,4,58,1,63,62,2,64,127
04/05/2007,OWB,KY,ASO,CE,Federal Contract Tower,0,4,9,3,16,0,0,58,11,69,0,4,67,14,85,68,32,100,185
04/06/2007,OWB,KY,ASO,CE,Federal Contract Tower,0,6,5,1,12,0,1,54,1,56,0,7,59,2,68,56,4,60,128
04/07/2007,OWB,KY,ASO,CE,Federal Contract Tower,0,1,16,0,17,0,0,41,0,41,0,1,57,0,58,70,0,70,128
04/08/2007,OWB,KY,ASO,CE,Federal Contract Tower,0,1,13,0,14,0,0,49,0,49,0,1,62,0,63,76,0,76,139
04/09/2007,OWB,KY,ASO,CE,Federal Contract Tower,0,4,10,0,14,0,0,54,0,54,0,4,64,0,68,90,0,90,158
04/10/2007,OWB,KY,ASO,CE,Federal Contract Tower,0,8,11,1,20,0,0,47,1,48,0,8,58,2,68,92,4,96,164
04/11/2007,OWB,KY,ASO,CE,Federal Contract Tower,0,9,4,0,13,0,4,30,0,34,0,13,34,0,47,34,0,34,81
04/12/2007,OWB,KY,ASO,CE,Federal Contract Tower,0,5,3,3,11,0,0,63,4,67,0,5,66,7,78,78,20,98,176
04/13/2007,OWB,KY,ASO,CE,Federal Contract Tower,0,4,24,1,29,0,0,54,5,59,0,4,78,6,88,88,12,100,188
04/14/2007,OWB,KY,ASO,CE,Federal Contract Tower,0,2,12,0,14,0,0,0,0,0,0,2,12,0,14,4,0,4,18
04/15/2007,OWB,KY,ASO,CE,Federal Contract Tower,0,0,9,0,9,0,0,41,0,41,0,0,50,0,50,52,0,52,102
04/16/2007,OWB,KY,ASO,CE,Federal Contract Tower,0,4,12,2,18,0,0,67,6,73,0,4,79,8,91,96,28,124,215
04/17/2007,OWB,KY,ASO,CE,Federal Contract Tower,0,7,8,2,17,0,0,84,2,86,0,7,92,4,103,94,12,106,209
04/18/2007,OWB,KY,ASO,CE,Federal Contract Tower,0,5,7,0,12,0,2,59,4,65,0,7,66,4,77,66,10,76,153
04/19/2007,OWB,KY,ASO,CE,Federal Contract Tower,0,4,19,2,25,0,0,52,4,56,0,4,71,6,81,104,16,120,201
04/20/2007,OWB,KY,ASO,CE,Federal Contract Tower,0,6,5,0,11,0,0,61,0,61,0,6,66,0,72,92,0,92,164
04/21/2007,OWB,KY,ASO,CE,Federal Contract Tower,0,0,18,1,19,0,0,101,5,106,0,0,119,6,125,104,20,124,249
04/22/2007,OWB,KY,ASO,CE,Federal Contract Tower,0,0,10,0,10,0,2,60,0,62,0,2,70,0,72,60,0,60,132
04/23/2007,OWB,KY,ASO,CE,Federal Contract Tower,0,3,4,3,10,0,0,51,1,52,0,3,55,4,62,66,18,84,146
04/24/2007,OWB,KY,ASO,CE,Federal Contract Tower,0,11,11,0,22,0,0,54,0,54,0,11,65,0,76,86,0,86,162
04/25/2007,OWB,KY,ASO,CE,Federal Contract Tower,0,4,8,0,12,0,0,52,2,54,0,4,60,2,66,88,4,92,158
04/26/2007,OWB,KY,ASO,CE,Federal Contract Tower,0,6,5,0,11,0,0,42,2,44,0,6,47,2,55,72,8,80,135
04/27/2007,OWB,KY,ASO,CE,Federal Contract Tower,0,6,13,0,19,0,1,52,3,56,0,7,65,3,75,92,2,94,169
04/28/2007,OWB,KY,ASO,CE,Federal Contract Tower,0,1,14,0,15,0,0,80,4,84,0,1,94,4,99,76,16,92,191
04/29/2007,OWB,KY,ASO,CE,Federal Contract Tower,0,0,8,0,8,0,0,83,0,83,0,0,91,0,91,102,0,102,193
04/30/2007,OWB,KY,ASO,CE,Federal Contract Tower,0,4,9,0,13,0,0,67,0,67,0,4,76,0,80,88,0,88,168
05/01/2007,OWB,KY,ASO,CE,Federal Contract Tower,0,8,8,1,17,0,0,63,1,64,0,8,71,2,81,82,6,88,169
05/02/2007,OWB,KY,ASO,CE,Federal Contract Tower,0,5,13,0,18,0,0,37,2,39,0,5,50,2,57,72,4,76,133
05/03/2007,OWB,KY,ASO,CE,Federal Contract Tower,0,11,14,2,27,0,0,18,4,22,0,11,32,6,49,46,12,58,107
05/04/2007,OWB,KY,ASO,CE,Federal Contract Tower,0,8,16,0,24,0,0,17,0,17,0,8,33,0,41,24,0,24,65
05/05/2007,OWB,KY,ASO,CE,Federal Contract Tower,0,0,2,0,2,0,0,64,0,64,0,0,66,0,66,68,0,68,134
05/06/2007,OWB,KY,ASO,CE,Federal Contract Tower,0,2,2,0,4,0,0,73,0,73,0,2,75,0,77,58,0,58,135
05/07/2007,OWB,KY,ASO,CE,Federal Contract Tower,0,4,7,1,12,0,0,68,7,75,0,4,75,8,87,78,32,110,197
05/08/2007,OWB,KY,ASO,CE,Federal Contract Tower,0,4,14,3,21,0,0,55,1,56,0,4,69,4,77,74,12,86,163
05/09/2007,OWB,KY,ASO,CE,Federal Contract Tower,0,4,15,3,22,0,0,54,6,60,0,4,69,9,82,100,16,116,198
05/10/2007,OWB,KY,ASO,CE,Federal Contract Tower,0,4,12,2,18,0,0,51,5,56,0,4,63,7,74,92,34,126,200
05/11/2007,OWB,KY,ASO,CE,Federal Contract Tower,0,7,2,0,9,0,0,41,24,65,0,7,43,24,74,62,8,70,144
05/12/2007,OWB,KY,ASO,CE,Federal Contract Tower,0,0,19,0,19,0,0,55,0,55,0,0,74,0,74,70,0,70,144
05/13/2007,OWB,KY,ASO,CE,Federal Contract Tower,0,0,13,0,13,0,0,70,0,70,0,0,83,0,83,84,0,84,167
05/14/2007,OWB,KY,ASO,CE,Federal Contract Tower,0,4,7,2,13,0,2,67,0,69,0,6,74,2,82,62,8,70,152
05/15/2007,OWB,KY,ASO,CE,Federal Contract Tower,0,4,12,0,16,0,0,8,0,8,0,4,20,0,24,0,0,0,24
05/16/2007,OWB,KY,ASO,CE,Federal Contract Tower,0,7,8,3,18,0,0,22,8,30,0,7,30,11,48,0,14,14,62
05/17/2007,OWB,KY,ASO,CE,Federal Contract Tower,0,5,15,3,23,0,1,34,0,35,0,6,49,3,58,70,10,80,138
05/18/2007,OWB,KY,ASO,CE,Federal Contract Tower,0,6,13,0,19,0,0,62,2,64,0,6,75,2,83,98,4,102,185
05/19/2007,OWB,KY,ASO,CE,Federal Contract Tower,0,1,7,0,8,0,0,72,0,72,0,1,79,0,80,96,0,96,176
05/20/2007,OWB,KY,ASO,CE,Federal Contract Tower,0,1,11,0,12,0,1,60,0,61,0,2,71,0,73,92,0,92,165
05/21/2007,OWB,KY,ASO,CE,Federal Contract Tower,0,6,8,0,14,0,0,63,0,63,0,6,71,0,77,68,0,68,145
05/22/2007,OWB,KY,ASO,CE,Federal Contract Tower,0,4,31,1,36,0,0,65,1,66,0,4,96,2,102,94,8,102,204
05/23/2007,OWB,KY,ASO,CE,Federal Contract Tower,0,8,17,4,29,0,0,59,0,59,0,8,76,4,88,108,14,122,210
05/24/2007,OWB,KY,ASO,CE,Federal Contract Tower,0,7,13,4,24,0,0,58,2,60,0,7,71,6,84,102,18,120,204
05/25/2007,OWB,KY,ASO,CE,Federal Contract Tower,0,4,8,0,12,0,0,54,0,54,0,4,62,0,66,92,0,92,158
05/26/2007,OWB,KY,ASO,CE,Federal Contract Tower,0,1,2,0,3,0,0,80,0,80,0,1,82,0,83,102,0,102,185
05/27/2007,OWB,KY,ASO,CE,Federal Contract Tower,0,1,11,0,12,0,0,69,0,69,0,1,80,0,81,106,0,106,187
05/28/2007,OWB,KY,ASO,CE,Federal Contract Tower,0,0,6,0,6,0,0,55,2,57,0,0,61,2,63,58,2,60,123
05/29/2007,OWB,KY,ASO,CE,Federal Contract Tower,0,4,8,2,14,0,0,59,8,67,0,4,67,10,81,98,20,118,199
05/30/2007,OWB,KY,ASO,CE,Federal Contract Tower,0,8,11,2,21,0,0,61,7,68,0,8,72,9,89,102,34,136,225
05/31/2007,OWB,KY,ASO,CE,Federal Contract Tower,0,5,20,0,25,0,0,51,0,51,0,5,71,0,76,100,0,100,176
06/01/2007,OWB,KY,ASO,CE,Federal Contract Tower,0,6,13,0,19,0,0,57,2,59,0,6,70,2,78,76,4,80,158
06/02/2007,OWB,KY,ASO,CE,Federal Contract Tower,0,0,9,0,9,0,0,64,6,70,0,0,73,6,79,96,0,96,175
06/03/2007,OWB,KY,ASO,CE,Federal Contract Tower,0,1,6,0,7,0,0,57,0,57,0,1,63,0,64,90,0,90,154
06/04/2007,OWB,KY,ASO,CE,Federal Contract Tower,0,4,7,0,11,0,0,62,0,62,0,4,69,0,73,72,0,72,145
06/05/2007,OWB,KY,ASO,CE,Federal Contract Tower,0,8,8,0,16,0,2,76,0,78,0,10,84,0,94,82,26,108,202
06/06/2007,OWB,KY,ASO,CE,Federal Contract Tower,0,3,16,9,28,0,1,69,21,91,0,4,85,30,119,92,66,158,277
06/07/2007,OWB,KY,ASO,CE,Federal Contract Tower,0,8,11,1,20,0,0,59,4,63,0,8,70,5,83,82,18,100,183
06/08/2007,OWB,KY,ASO,CE,Federal Contract Tower,0,4,7,0,11,0,0,58,0,58,0,4,65,0,69,106,0,106,175
06/09/2007,OWB,KY,ASO,CE,Federal Contract Tower,0,2,10,0,12,0,1,173,0,174,0,3,183,0,186,324,0,324,510
06/10/2007,OWB,KY,ASO,CE,Federal Contract Tower,0,0,14,0,14,0,0,59,0,59,0,0,73,0,73,104,0,104,177
06/11/2007,OWB,KY,ASO,CE,Federal Contract Tower,0,6,7,0,13,0,0,64,0,64,0,6,71,0,77,74,0,74,151
06/12/2007,OWB,KY,ASO,CE,Federal Contract Tower,0,6,8,3,17,0,1,63,3,67,0,7,71,6,84,92,14,106,190
06/13/2007,OWB,KY,ASO,CE,Federal Contract Tower,0,8,24,3,35,0,0,51,2,53,0,8,75,5,88,104,14,118,206
06/14/2007,OWB,KY,ASO,CE,Federal Contract Tower,0,6,7,0,13,0,0,66,4,70,0,6,73,4,83,86,16,102,185
06/15/2007,OWB,KY,ASO,CE,Federal Contract Tower,0,8,17,1,26,0,6,59,1,66,0,14,76,2,92,90,6,96,188
06/16/2007,OWB,KY,ASO,CE,Federal Contract Tower,0,0,9,0,9,0,0,89,3,92,0,0,98,3,101,128,8,136,237
06/17/2007,OWB,KY,ASO,CE,Federal Contract Tower,0,0,8,0,8,0,0,64,0,64,0,0,72,0,72,98,0,98,170
06/18/2007,OWB,KY,ASO,CE,Federal Contract Tower,0,5,7,1,13,0,0,48,0,48,0,5,55,1,61,102,2,104,165
06/19/2007,OWB,KY,ASO,CE,Federal Contract Tower,0,13,16,3,32,0,0,49,0,49,0,13,65,3,81,82,10,92,173
06/20/2007,OWB,KY,ASO,CE,Federal Contract Tower,0,6,19,4,29,0,1,87,4,92,0,7,106,8,121,100,24,124,245
06/21/2007,OWB,KY,ASO,CE,Federal Contract Tower,0,6,17,0,23,0,2,70,4,76,0,8,87,4,99,78,16,94,193
06/22/2007,OWB,KY,ASO,CE,Federal Contract Tower,0,5,15,0,20,0,0,56,0,56,0,5,71,0,76,68,0,68,144
06/23/2007,OWB,KY,ASO,CE,Federal Contract Tower,0,0,2,0,2,0,0,47,0,47,0,0,49,0,49,70,0,70,119
06/24/2007,OWB,KY,ASO,CE,Federal Contract Tower,0,2,8,0,10,0,0,39,0,39,0,2,47,0,49,82,0,82,131
06/25/2007,OWB,KY,ASO,CE,Federal Contract Tower,0,6,12,0,18,0,0,55,6,61,0,6,67,6,79,102,18,120,199
06/26/2007,OWB,KY,ASO,CE,Federal Contract Tower,0,7,14,0,21,0,0,48,2,50,0,7,62,2,71,118,2,120,191
06/27/2007,OWB,KY,ASO,CE,Federal Contract Tower,0,5,23,2,30,0,0,99,2,101,0,5,122,4,131,116,14,130,261
06/28/2007,OWB,KY,ASO,CE,Federal Contract Tower,0,8,19,1,28,0,0,92,2,94,0,8,111,3,122,154,10,164,286
06/29/2007,OWB,KY,ASO,CE,Federal Contract Tower,0,4,16,0,20,0,1,65,0,66,0,5,81,0,86,100,0,100,186
06/30/2007,OWB,KY,ASO,CE,Federal Contract Tower,0,2,6,0,8,0,0,73,0,73,0,2,79,0,81,124,0,124,205
07/01/2007,OWB,KY,ASO,CE,Federal Contract Tower,0,0,6,0,6,0,0,63,0,63,0,0,69,0,69,108,0,108,177
07/02/2007,OWB,KY,ASO,CE,Federal Contract Tower,0,6,18,0,24,0,0,66,0,66,0,6,84,0,90,120,0,120,210
07/03/2007,OWB,KY,ASO,CE,Federal Contract Tower,0,4,14,4,22,0,2,64,2,68,0,6,78,6,90,74,24,98,188
07/04/2007,OWB,KY,ASO,CE,Federal Contract Tower,0,0,3,0,3,0,0,50,0,50,0,0,53,0,53,54,0,54,107
07/05/2007,OWB,KY,ASO,CE,Federal Contract Tower,0,7,11,0,18,0,0,49,0,49,0,7,60,0,67,66,0,66,133
07/06/2007,OWB,KY,ASO,CE,Federal Contract Tower,0,6,10,2,18,0,0,62,4,66,0,6,72,6,84,90,12,102,186
07/07/2007,OWB,KY,ASO,CE,Federal Contract Tower,0,0,5,0,5,0,0,78,0,78,0,0,83,0,83,110,0,110,193
07/08/2007,OWB,KY,ASO,CE,Federal Contract Tower,0,0,4,0,4,0,0,85,0,85,0,0,89,0,89,140,0,140,229
07/09/2007,OWB,KY,ASO,CE,Federal Contract Tower,0,4,16,1,21,0,1,60,1,62,0,5,76,2,83,102,8,110,193
07/10/2007,OWB,KY,ASO,CE,Federal Contract Tower,0,9,9,2,20,0,0,46,2,48,0,9,55,4,68,82,14,96,164
07/11/2007,OWB,KY,ASO,CE,Federal Contract Tower,0,4,13,0,17,0,0,77,2,79,0,4,90,2,96,108,4,112,208
07/12/2007,OWB,KY,ASO,CE,Federal Contract Tower,0,9,19,7,35,0,0,90,3,93,0,9,109,10,128,106,28,134,262
07/13/2007,OWB,KY,ASO,CE,Federal Contract Tower,0,5,15,3,23,0,0,71,1,72,0,5,86,4,95,76,8,84,179
07/14/2007,OWB,KY,ASO,CE,Federal Contract Tower,0,1,17,0,18,0,0,89,0,89,0,1,106,0,107,126,0,126,233
07/15/2007,OWB,KY,ASO,CE,Federal Contract Tower,0,0,6,0,6,0,0,47,0,47,0,0,53,0,53,80,0,80,133
07/16/2007,OWB,KY,ASO,CE,Federal Contract Tower,0,4,7,5,16,0,0,51,1,52,0,4,58,6,68,90,24,114,182
07/17/2007,OWB,KY,ASO,CE,Federal Contract Tower,0,4,14,2,20,0,0,66,2,68,0,4,80,4,88,122,14,136,224
07/18/2007,OWB,KY,ASO,CE,Federal Contract Tower,0,5,15,5,25,0,0,85,2,87,0,5,100,7,112,90,24,114,226
07/19/2007,OWB,KY,ASO,CE,Federal Contract Tower,0,4,12,0,16,0,0,46,4,50,0,4,58,4,66,62,0,62,128
07/20/2007,OWB,KY,ASO,CE,Federal Contract Tower,0,4,12,0,16,0,0,68,0,68,0,4,80,0,84,82,0,82,166
07/21/2007,OWB,KY,ASO,CE,Federal Contract Tower,0,1,7,1,9,0,0,99,1,100,0,1,106,2,109,98,10,108,217
07/22/2007,OWB,KY,ASO,CE,Federal Contract Tower,0,1,9,0,10,0,0,61,0,61,0,1,70,0,71,90,0,90,161
07/23/2007,OWB,KY,ASO,CE,Federal Contract Tower,0,4,12,4,20,0,0,70,2,72,0,4,82,6,92,102,24,126,218
07/24/2007,OWB,KY,ASO,CE,Federal Contract Tower,0,5,23,4,32,0,0,59,3,62,0,5,82,7,94,116,20,136,230
07/25/2007,OWB,KY,ASO,CE,Federal Contract Tower,0,5,17,1,23,0,1,62,4,67,0,6,79,5,90,82,10,92,182
07/26/2007,OWB,KY,ASO,CE,Federal Contract Tower,0,4,18,0,22,0,0,70,2,72,0,4,88,2,94,84,4,88,182
07/27/2007,OWB,KY,ASO,CE,Federal Contract Tower,0,4,17,2,23,0,0,42,0,42,0,4,59,2,65,50,8,58,123
07/28/2007,OWB,KY,ASO,CE,Federal Contract Tower,0,1,5,0,6,0,0,40,0,40,0,1,45,0,46,50,0,50,96
07/29/2007,OWB,KY,ASO,CE,Federal Contract Tower,0,0,9,0,9,0,0,69,0,69,0,0,78,0,78,72,0,72,150
07/30/2007,OWB,KY,ASO,CE,Federal Contract Tower,0,4,13,1,18,0,0,58,1,59,0,4,71,2,77,94,10,104,181
07/31/2007,OWB,KY,ASO,CE,Federal Contract Tower,0,6,20,4,30,0,0,63,0,63,0,6,83,4,93,120,16,136,229
08/01/2007,OWB,KY,ASO,CE,Federal Contract Tower,0,10,8,1,19,0,0,66,1,67,0,10,74,2,86,70,4,74,160
08/02/2007,OWB,KY,ASO,CE,Federal Contract Tower,0,4,18,2,24,0,0,63,2,65,0,4,81,4,89,84,8,92,181
08/03/2007,OWB,KY,ASO,CE,Federal Contract Tower,0,4,18,4,26,0,2,72,0,74,0,6,90,4,100,74,18,92,192
08/04/2007,OWB,KY,ASO,CE,Federal Contract Tower,0,2,11,0,13,0,2,66,0,68,0,4,77,0,81,106,0,106,187
08/05/2007,OWB,KY,ASO,CE,Federal Contract Tower,0,0,8,0,8,0,0,54,0,54,0,0,62,0,62,56,0,56,118
08/06/2007,OWB,KY,ASO,CE,Federal Contract Tower,0,4,6,0,10,0,0,61,0,61,0,4,67,0,71,74,0,74,145
08/07/2007,OWB,KY,ASO,CE,Federal Contract Tower,0,4,15,0,19,0,0,51,0,51,0,4,66,0,70,78,0,78,148
08/08/2007,OWB,KY,ASO,CE,Federal Contract Tower,0,6,10,4,20,0,0,50,0,50,0,6,60,4,70,82,10,92,162
08/09/2007,OWB,KY,ASO,CE,Federal Contract Tower,0,5,8,0,13,0,0,58,4,62,0,5,66,4,75,110,16,126,201
08/10/2007,OWB,KY,ASO,CE,Federal Contract Tower,0,4,16,1,21,0,1,56,1,58,0,5,72,2,79,94,4,98,177
08/11/2007,OWB,KY,ASO,CE,Federal Contract Tower,0,3,13,1,17,0,0,87,6,93,0,3,100,7,110,78,26,104,214
08/12/2007,OWB,KY,ASO,CE,Federal Contract Tower,0,1,7,1,9,0,0,65,2,67,0,1,72,3,76,60,8,68,144
08/13/2007,OWB,KY,ASO,CE,Federal Contract Tower,0,4,9,1,14,0,0,63,1,64,0,4,72,2,78,68,6,74,152
08/14/2007,OWB,KY,ASO,CE,Federal Contract Tower,0,6,14,1,21,0,0,56,0,56,0,6,70,1,77,82,4,86,163
08/15/2007,OWB,KY,ASO,CE,Federal Contract Tower,0,5,13,0,18,0,4,55,0,59,0,9,68,0,77,108,0,108,185
08/16/2007,OWB,KY,ASO,CE,Federal Contract Tower,0,5,13,0,18,0,0,52,3,55,0,5,65,3,73,92,8,100,173
08/17/2007,OWB,KY,ASO,CE,Federal Contract Tower,0,4,11,0,15,0,0,52,1,53,0,4,63,1,68,92,4,96,164
08/18/2007,OWB,KY,ASO,CE,Federal Contract Tower,0,3,7,0,10,0,0,91,0,91,0,3,98,0,101,84,0,84,185
08/19/2007,OWB,KY,ASO,CE,Federal Contract Tower,0,3,8,0,11,0,4,54,0,58,0,7,62,0,69,60,0,60,129
08/20/2007,OWB,KY,ASO,CE,Federal Contract Tower,0,7,2,0,9,0,0,57,1,58,0,7,59,1,67,78,4,82,149
08/21/2007,OWB,KY,ASO,CE,Federal Contract Tower,0,10,9,1,20,0,0,53,0,53,0,10,62,1,73,76,4,80,153
08/22/2007,OWB,KY,ASO,CE,Federal Contract Tower,0,5,17,3,25,0,0,57,2,59,0,5,74,5,84,108,16,124,208
08/23/2007,OWB,KY,ASO,CE,Federal Contract Tower,0,7,19,2,28,0,3,66,10,79,0,10,85,12,107,90,36,126,233
08/24/2007,OWB,KY,ASO,CE,Federal Contract Tower,0,5,6,0,11,0,0,59,4,63,0,5,65,4,74,88,16,104,178
08/25/2007,OWB,KY,ASO,CE,Federal Contract Tower,0,0,5,0,5,0,0,63,0,63,0,0,68,0,68,74,0,74,142
08/26/2007,OWB,KY,ASO,CE,Federal Contract Tower,0,0,13,2,15,0,0,81,2,83,0,0,94,4,98,82,16,98,196
08/27/2007,OWB,KY,ASO,CE,Federal Contract Tower,0,7,12,1,20,0,0,57,3,60,0,7,69,4,80,68,20,88,168
08/28/2007,OWB,KY,ASO,CE,Federal Contract Tower,0,5,17,0,22,0,0,68,2,70,0,5,85,2,92,128,4,132,224
08/29/2007,OWB,KY,ASO,CE,Federal Contract Tower,0,12,15,0,27,0,0,43,0,43,0,12,58,0,70,72,0,72,142
08/30/2007,OWB,KY,ASO,CE,Federal Contract Tower,0,9,12,0,21,0,0,57,2,59,0,9,69,2,80,94,2,96,176
08/31/2007,OWB,KY,ASO,CE,Federal Contract Tower,0,9,10,0,19,0,0,67,0,67,0,9,77,0,86,86,0,86,172
09/01/2007,OWB,KY,ASO,CE,Federal Contract Tower,0,0,11,0,11,0,2,96,0,98,0,2,107,0,109,100,0,100,209
09/02/2007,OWB,KY,ASO,CE,Federal Contract Tower,0,0,2,0,2,0,0,64,0,64,0,0,66,0,66,88,0,88,154
09/03/2007,OWB,KY,ASO,CE,Federal Contract Tower,0,1,8,0,9,0,0,62,6,68,0,1,70,6,77,50,18,68,145
09/04/2007,OWB,KY,ASO,CE,Federal Contract Tower,0,5,5,2,12,0,0,65,10,75,0,5,70,12,87,64,40,104,191
09/05/2007,OWB,KY,ASO,CE,Federal Contract Tower,0,4,19,1,24,0,0,58,11,69,0,4,77,12,93,92,44,136,229
09/06/2007,OWB,KY,ASO,CE,Federal Contract Tower,0,5,12,1,18,0,0,20,4,24,0,5,32,5,42,42,20,62,104
09/07/2007,OWB,KY,ASO,CE,Federal Contract Tower,0,4,8,0,12,0,0,62,0,62,0,4,70,0,74,80,0,80,154
09/08/2007,OWB,KY,ASO,CE,Federal Contract Tower,0,0,6,0,6,0,2,58,2,62,0,2,64,2,68,86,4,90,158
09/09/2007,OWB,KY,ASO,CE,Federal Contract Tower,0,0,9,0,9,0,0,27,0,27,0,0,36,0,36,34,0,34,70
09/10/2007,OWB,KY,ASO,CE,Federal Contract Tower,0,6,5,4,15,0,0,58,8,66,0,6,63,12,81,66,18,84,165
09/11/2007,OWB,KY,ASO,CE,Federal Contract Tower,0,9,8,6,23,0,0,73,10,83,0,9,81,16,106,94,50,144,250
09/12/2007,OWB,KY,ASO,CE,Federal Contract Tower,0,6,11,3,20,0,2,63,15,80,0,8,74,18,100,104,54,158,258
09/13/2007,OWB,KY,ASO,CE,Federal Contract Tower,0,8,17,7,32,0,0,60,12,72,0,8,77,19,104,124,32,156,260
09/14/2007,OWB,KY,ASO,CE,Federal Contract Tower,0,5,11,0,16,0,0,53,0,53,0,5,64,0,69,80,0,80,149
09/15/2007,OWB,KY,ASO,CE,Federal Contract Tower,0,1,10,0,11,0,0,74,0,74,0,1,84,0,85,94,0,94,179
09/16/2007,OWB,KY,ASO,CE,Federal Contract Tower,0,2,12,0,14,0,0,71,0,71,0,2,83,0,85,82,0,82,167
09/17/2007,OWB,KY,ASO,CE,Federal Contract Tower,0,7,7,2,16,0,0,64,17,81,0,7,71,19,97,58,32,90,187
09/18/2007,OWB,KY,ASO,CE,Federal Contract Tower,0,5,10,3,18,0,0,80,16,96,0,5,90,19,114,98,40,138,252
09/19/2007,OWB,KY,ASO,CE,Federal Contract Tower,0,6,18,0,24,0,0,62,11,73,0,6,80,11,97,112,26,138,235
09/20/2007,OWB,KY,ASO,CE,Federal Contract Tower,0,12,16,0,28,0,0,61,14,75,0,12,77,14,103,110,30,140,243
09/21/2007,OWB,KY,ASO,CE,Federal Contract Tower,0,5,13,3,21,0,0,57,2,59,0,5,70,5,80,116,4,120,200
09/22/2007,OWB,KY,ASO,CE,Federal Contract Tower,0,4,5,0,9,0,0,75,0,75,0,4,80,0,84,98,0,98,182
09/23/2007,OWB,KY,ASO,CE,Federal Contract Tower,0,0,13,2,15,0,0,58,0,58,0,0,71,2,73,64,6,70,143
09/24/2007,OWB,KY,ASO,CE,Federal Contract Tower,0,6,12,3,21,0,3,54,0,57,0,9,66,3,78,70,2,72,150
09/25/2007,OWB,KY,ASO,CE,Federal Contract Tower,0,5,14,0,19,0,0,42,0,42,0,5,56,0,61,66,0,66,127
09/26/2007,OWB,KY,ASO,CE,Federal Contract Tower,0,8,10,0,18,0,0,46,1,47,0,8,56,1,65,86,4,90,155
09/27/2007,OWB,KY,ASO,CE,Federal Contract Tower,0,6,15,2,23,0,0,53,0,53,0,6,68,2,76,96,8,104,180
09/28/2007,OWB,KY,ASO,CE,Federal Contract Tower,0,4,11,2,17,0,0,68,0,68,0,4,79,2,85,96,6,102,187
09/29/2007,OWB,KY,ASO,CE,Federal Contract Tower,0,1,7,0,8,0,0,77,0,77,0,1,84,0,85,128,0,128,213
09/30/2007,OWB,KY,ASO,CE,Federal Contract Tower,0,1,4,0,5,0,0,71,0,71,0,1,75,0,76,110,0,110,186
10/01/2007,OWB,KY,ASO,CE,Federal Contract Tower,0,5,11,0,16,0,0,55,4,59,0,5,66,4,75,84,10,94,169
10/02/2007,OWB,KY,ASO,CE,Federal Contract Tower,0,4,5,0,9,0,0,82,0,82,0,4,87,0,91,86,0,86,177
10/03/2007,OWB,KY,ASO,CE,Federal Contract Tower,0,3,5,0,8,0,0,55,6,61,0,3,60,6,69,88,14,102,171
10/04/2007,OWB,KY,ASO,CE,Federal Contract Tower,0,5,26,0,31,0,2,66,0,68,0,7,92,0,99,80,0,80,179
10/05/2007,OWB,KY,ASO,CE,Federal Contract Tower,0,4,10,0,14,0,1,58,0,59,0,5,68,0,73,70,0,70,143
10/06/2007,OWB,KY,ASO,CE,Federal Contract Tower,0,0,22,0,22,0,0,106,0,106,0,0,128,0,128,162,0,162,290
10/07/2007,OWB,KY,ASO,CE,Federal Contract Tower,0,3,27,0,30,0,0,74,0,74,0,3,101,0,104,120,0,120,224
10/08/2007,OWB,KY,ASO,CE,Federal Contract Tower,0,0,1,0,1,0,0,6,0,6,0,0,7,0,7,4,0,4,11
10/09/2007,OWB,KY,ASO,CE,Federal Contract Tower,0,0,0,0,0,0,0,3,7,10,0,0,3,7,10,0,2,2,12
10/10/2007,OWB,KY,ASO,CE,Federal Contract Tower,0,0,0,0,0,0,0,3,0,3,0,0,3,0,3,0,0,0,3
10/11/2007,OWB,KY,ASO,CE,Federal Contract Tower,0,0,0,1,1,0,3,8,6,17,0,3,8,7,18,0,2,2,20
10/12/2007,OWB,KY,ASO,CE,Federal Contract Tower,0,0,0,1,1,0,3,13,0,16,0,3,13,1,17,0,0,0,17
10/13/2007,OWB,KY,ASO,CE,Federal Contract Tower,0,0,0,0,0,0,0,10,0,10,0,0,10,0,10,0,0,0,10
10/14/2007,OWB,KY,ASO,CE,Federal Contract Tower,0,0,0,0,0,0,0,4,0,4,0,0,4,0,4,0,0,0,4
10/15/2007,OWB,KY,ASO,CE,Federal Contract Tower,0,4,8,0,12,0,0,41,2,43,0,4,49,2,55,74,6,80,135
10/16/2007,OWB,KY,ASO,CE,Federal Contract Tower,0,4,6,2,12,0,4,41,5,50,0,8,47,7,62,56,12,68,130
10/17/2007,OWB,KY,ASO,CE,Federal Contract Tower,0,8,4,0,12,0,5,40,4,49,0,13,44,4,61,48,10,58,119
10/18/2007,OWB,KY,ASO,CE,Federal Contract Tower,0,9,5,0,14,0,1,35,0,36,0,10,40,0,50,38,0,38,88
10/19/2007,OWB,KY,ASO,CE,Federal Contract Tower,0,5,4,1,10,0,0,66,29,95,0,5,70,30,105,76,40,116,221
10/20/2007,OWB,KY,ASO,CE,Federal Contract Tower,0,1,13,0,14,0,1,91,6,98,0,2,104,6,112,116,12,128,240
10/21/2007,OWB,KY,ASO,CE,Federal Contract Tower,0,0,3,0,3,0,0,49,2,51,0,0,52,2,54,88,6,94,148
10/22/2007,OWB,KY,ASO,CE,Federal Contract Tower,0,6,9,0,15,0,0,27,0,27,0,6,36,0,42,28,0,28,70
10/23/2007,OWB,KY,ASO,CE,Federal Contract Tower,0,4,12,0,16,0,0,0,0,0,0,4,12,0,16,0,0,0,16
10/24/2007,OWB,KY,ASO,CE,Federal Contract Tower,0,7,0,1,8,0,2,30,3,35,0,9,30,4,43,50,12,62,105
10/25/2007,OWB,KY,ASO,CE,Federal Contract Tower,0,0,5,0,5,0,0,0,40,40,0,0,5,40,45,0,34,34,79
10/26/2007,OWB,KY,ASO,CE,Federal Contract Tower,0,2,2,4,8,0,4,58,0,62,0,6,60,4,70,54,6,60,130
10/27/2007,OWB,KY,ASO,CE,Federal Contract Tower,0,2,5,0,7,0,0,59,0,59,0,2,64,0,66,94,0,94,160
10/28/2007,OWB,KY,ASO,CE,Federal Contract Tower,0,0,9,0,9,0,0,85,0,85,0,0,94,0,94,124,0,124,218
10/29/2007,OWB,KY,ASO,CE,Federal Contract Tower,0,5,11,2,18,0,0,94,7,101,0,5,105,9,119,138,26,164,283
10/30/2007,OWB,KY,ASO,CE,Federal Contract Tower,0,5,7,3,15,0,0,108,2,110,0,5,115,5,125,98,12,110,235
10/31/2007,OWB,KY,ASO,CE,Federal Contract Tower,0,9,8,1,18,0,2,72,2,76,0,11,80,3,94,60,2,62,156
11/01/2007,OWB,KY,ASO,CE,Federal Contract Tower,0,8,25,0,33,0,0,102,0,102,0,8,127,0,135,84,0,84,219
11/02/2007,OWB,KY,ASO,CE,Federal Contract Tower,0,7,10,0,17,0,2,85,0,87,0,9,95,0,104,78,0,78,182
11/03/2007,OWB,KY,ASO,CE,Federal Contract Tower,0,0,7,0,7,0,4,111,0,115,0,4,118,0,122,112,0,112,234
11/04/2007,OWB,KY,ASO,CE,Federal Contract Tower,0,1,11,0,12,0,0,70,0,70,0,1,81,0,82,84,0,84,166
11/05/2007,OWB,KY,ASO,CE,Federal Contract Tower,0,2,10,1,13,0,0,51,0,51,0,2,61,1,64,70,8,78,142
11/06/2007,OWB,KY,ASO,CE,Federal Contract Tower,0,6,16,1,23,0,0,81,7,88,0,6,97,8,111,98,24,122,233
11/07/2007,OWB,KY,ASO,CE,Federal Contract Tower,0,9,4,1,14,0,2,79,1,82,0,11,83,2,96,68,6,74,170
11/08/2007,OWB,KY,ASO,CE,Federal Contract Tower,0,7,10,4,21,0,0,73,0,73,0,7,83,4,94,80,12,92,186
11/09/2007,OWB,KY,ASO,CE,Federal Contract Tower,0,5,6,0,11,0,0,108,4,112,0,5,114,4,123,78,8,86,209
11/10/2007,OWB,KY,ASO,CE,Federal Contract Tower,0,1,11,0,12,0,1,81,2,84,0,2,92,2,96,118,8,126,222
11/11/2007,OWB,KY,ASO,CE,Federal Contract Tower,0,2,7,0,9,0,8,29,0,37,0,10,36,0,46,62,0,62,108
11/12/2007,OWB,KY,ASO,CE,Federal Contract Tower,0,1,18,0,19,0,0,53,0,53,0,1,71,0,72,100,0,100,172
11/13/2007,OWB,KY,ASO,CE,Federal Contract Tower,0,3,7,0,10,0,0,1,0,1,0,3,8,0,11,0,0,0,11
11/14/2007,OWB,KY,ASO,CE,Federal Contract Tower,0,5,17,0,22,0,2,27,0,29,0,7,44,0,51,24,0,24,75
11/15/2007,OWB,KY,ASO,CE,Federal Contract Tower,0,5,8,2,15,0,4,48,7,59,0,9,56,9,74,60,10,70,144
11/16/2007,OWB,KY,ASO,CE,Federal Contract Tower,0,7,9,0,16,0,1,78,3,82,0,8,87,3,98,82,6,88,186
11/17/2007,OWB,KY,ASO,CE,Federal Contract Tower,0,5,9,0,14,0,0,108,0,108,0,5,117,0,122,102,0,102,224
11/18/2007,OWB,KY,ASO,CE,Federal Contract Tower,0,6,5,0,11,0,3,58,0,61,0,9,63,0,72,90,0,90,162
11/19/2007,OWB,KY,ASO,CE,Federal Contract Tower,0,8,6,1,15,0,0,40,1,41,0,8,46,2,56,82,8,90,146
11/20/2007,OWB,KY,ASO,CE,Federal Contract Tower,0,11,16,2,29,0,0,60,0,60,0,11,76,2,89,108,8,116,205
11/21/2007,OWB,KY,ASO,CE,Federal Contract Tower,0,7,5,0,12,0,0,35,0,35,0,7,40,0,47,38,0,38,85
11/22/2007,OWB,KY,ASO,CE,Federal Contract Tower,0,4,2,0,6,0,2,50,0,52,0,6,52,0,58,58,0,58,116
11/23/2007,OWB,KY,ASO,CE,Federal Contract Tower,0,8,5,0,13,0,2,78,0,80,0,10,83,0,93,92,0,92,185
11/24/2007,OWB,KY,ASO,CE,Federal Contract Tower,0,2,5,0,7,0,3,69,0,72,0,5,74,0,79,62,0,62,141
11/25/2007,OWB,KY,ASO,CE,Federal Contract Tower,0,4,8,0,12,0,0,8,0,8,0,4,16,0,20,16,0,16,36
11/26/2007,OWB,KY,ASO,CE,Federal Contract Tower,0,8,6,0,14,0,0,0,0,0,0,8,6,0,14,0,0,0,14
11/27/2007,OWB,KY,ASO,CE,Federal Contract Tower,0,6,15,1,22,0,2,56,3,61,0,8,71,4,83,66,12,78,161
11/28/2007,OWB,KY,ASO,CE,Federal Contract Tower,0,9,4,1,14,0,2,67,3,72,0,11,71,4,86,72,12,84,170
11/29/2007,OWB,KY,ASO,CE,Federal Contract Tower,0,10,10,3,23,0,0,65,5,70,0,10,75,8,93,124,28,152,245
11/30/2007,OWB,KY,ASO,CE,Federal Contract Tower,0,8,13,0,21,0,0,61,0,61,0,8,74,0,82,104,0,104,186
12/01/2007,OWB,KY,ASO,CE,Federal Contract Tower,0,4,9,0,13,0,2,74,0,76,0,6,83,0,89,84,0,84,173
12/02/2007,OWB,KY,ASO,CE,Federal Contract Tower,0,1,8,0,9,0,0,0,0,0,0,1,8,0,9,6,0,6,15
12/03/2007,OWB,KY,ASO,CE,Federal Contract Tower,0,9,9,0,18,0,3,54,0,57,0,12,63,0,75,0,68,68,143
12/04/2007,OWB,KY,ASO,CE,Federal Contract Tower,0,10,17,1,28,0,4,59,3,66,0,14,76,4,94,98,12,110,204
12/05/2007,OWB,KY,ASO,CE,Federal Contract Tower,0,6,5,2,13,0,0,58,4,62,0,6,63,6,75,94,16,110,185
12/06/2007,OWB,KY,ASO,CE,Federal Contract Tower,0,8,3,2,13,0,0,74,2,76,0,8,77,4,89,108,14,122,211
12/07/2007,OWB,KY,ASO,CE,Federal Contract Tower,0,9,7,0,16,0,0,28,2,30,0,9,35,2,46,38,4,42,88
12/08/2007,OWB,KY,ASO,CE,Federal Contract Tower,0,3,2,0,5,0,0,0,0,0,0,3,2,0,5,0,0,0,5
12/09/2007,OWB,KY,ASO,CE,Federal Contract Tower,0,0,2,0,2,0,0,2,0,2,0,0,4,0,4,4,0,4,8
12/10/2007,OWB,KY,ASO,CE,Federal Contract Tower,0,5,5,0,10,0,0,0,0,0,0,5,5,0,10,8,0,8,18
12/11/2007,OWB,KY,ASO,CE,Federal Contract Tower,0,7,2,0,9,0,2,58,0,60,0,9,60,0,69,78,0,78,147
12/12/2007,OWB,KY,ASO,CE,Federal Contract Tower,0,7,9,0,16,0,0,0,0,0,0,7,9,0,16,0,0,0,16
12/13/2007,OWB,KY,ASO,CE,Federal Contract Tower,0,4,14,0,18,0,0,0,0,0,0,4,14,0,18,0,0,0,18
12/14/2007,OWB,KY,ASO,CE,Federal Contract Tower,0,8,7,1,16,0,0,54,5,59,0,8,61,6,75,96,18,114,189
12/15/2007,OWB,KY,ASO,CE,Federal Contract Tower,0,1,0,0,1,0,0,0,0,0,0,1,0,0,1,0,0,0,1
12/16/2007,OWB,KY,ASO,CE,Federal Contract Tower,0,3,2,0,5,0,2,31,0,33,0,5,33,0,38,44,0,44,82
12/17/2007,OWB,KY,ASO,CE,Federal Contract Tower,0,12,12,3,27,0,1,55,3,59,0,13,67,6,86,50,14,64,150
12/18/2007,OWB,KY,ASO,CE,Federal Contract Tower,0,17,32,3,52,0,1,78,3,82,0,18,110,6,134,102,16,118,252
12/19/2007,OWB,KY,ASO,CE,Federal Contract Tower,0,5,8,2,15,0,0,63,1,64,0,5,71,3,79,108,10,118,197
12/20/2007,OWB,KY,ASO,CE,Federal Contract Tower,0,6,18,0,24,0,0,26,0,26,0,6,44,0,50,42,0,42,92
12/21/2007,OWB,KY,ASO,CE,Federal Contract Tower,0,7,12,0,19,0,1,10,0,11,0,8,22,0,30,30,0,30,60
12/22/2007,OWB,KY,ASO,CE,Federal Contract Tower,0,0,5,0,5,0,2,57,0,59,0,2,62,0,64,70,0,70,134
12/23/2007,OWB,KY,ASO,CE,Federal Contract Tower,0,1,2,0,3,0,1,53,0,54,0,2,55,0,57,70,0,70,127
12/24/2007,OWB,KY,ASO,CE,Federal Contract Tower,0,5,6,0,11,0,2,53,0,55,0,7,59,0,66,80,0,80,146
12/25/2007,OWB,KY,ASO,CE,Federal Contract Tower,0,3,3,0,6,0,3,42,0,45,0,6,45,0,51,50,0,50,101
12/26/2007,OWB,KY,ASO,CE,Federal Contract Tower,0,9,10,0,19,0,4,65,0,69,0,13,75,0,88,94,0,94,182
12/27/2007,OWB,KY,ASO,CE,Federal Contract Tower,0,7,12,0,19,0,0,39,0,39,0,7,51,0,58,70,0,70,128
12/28/2007,OWB,KY,ASO,CE,Federal Contract Tower,0,7,11,0,18,0,0,4,0,4,0,7,15,0,22,20,0,20,42
12/29/2007,OWB,KY,ASO,CE,Federal Contract Tower,0,3,9,0,12,0,2,67,0,69,0,5,76,0,81,122,0,122,203
12/30/2007,OWB,KY,ASO,CE,Federal Contract Tower,0,2,11,0,13,0,0,61,0,61,0,2,72,0,74,98,0,98,172
12/31/2007,OWB,KY,ASO,CE,Federal Contract Tower,0,7,3,0,10,0,2,61,4,67,0,9,64,4,77,68,8,76,153
01/01/2008,OWB,KY,ASO,CE,Federal Contract Tower,0,0,0,0,0,0,0,23,0,23,0,0,23,0,23,34,0,34,57
01/02/2008,OWB,KY,ASO,CE,Federal Contract Tower,0,6,7,0,13,0,1,53,0,54,0,7,60,0,67,94,0,94,161
01/03/2008,OWB,KY,ASO,CE,Federal Contract Tower,0,10,12,5,27,0,0,63,13,76,0,10,75,18,103,94,38,132,235
01/04/2008,OWB,KY,ASO,CE,Federal Contract Tower,0,6,7,3,16,0,1,60,2,63,0,7,67,5,79,98,12,110,189
01/05/2008,OWB,KY,ASO,CE,Federal Contract Tower,0,3,3,0,6,0,0,35,0,35,0,3,38,0,41,46,0,46,87
01/06/2008,OWB,KY,ASO,CE,Federal Contract Tower,0,3,4,0,7,0,0,43,0,43,0,3,47,0,50,72,0,72,122
01/07/2008,OWB,KY,ASO,CE,Federal Contract Tower,0,7,11,3,21,0,0,47,10,57,0,7,58,13,78,56,12,68,146
01/08/2008,OWB,KY,ASO,CE,Federal Contract Tower,0,5,8,0,13,0,1,10,0,11,0,6,18,0,24,16,0,16,40
01/09/2008,OWB,KY,ASO,CE,Federal Contract Tower,0,7,8,5,20,0,0,59,6,65,0,7,67,11,85,86,38,124,209
01/10/2008,OWB,KY,ASO,CE,Federal Contract Tower,0,7,4,2,13,0,0,33,0,33,0,7,37,2,46,58,2,60,106
01/11/2008,OWB,KY,ASO,CE,Federal Contract Tower,0,4,7,3,14,0,2,54,2,58,0,6,61,5,72,96,14,110,182
01/12/2008,OWB,KY,ASO,CE,Federal Contract Tower,0,0,9,0,9,0,2,80,1,83,0,2,89,1,92,112,4,116,208
01/13/2008,OWB,KY,ASO,CE,Federal Contract Tower,0,0,1,0,1,0,0,40,0,40,0,0,41,0,41,54,0,54,95
01/14/2008,OWB,KY,ASO,CE,Federal Contract Tower,0,5,10,3,18,0,0,54,3,57,0,5,64,6,75,80,18,98,173
01/15/2008,OWB,KY,ASO,CE,Federal Contract Tower,0,8,9,8,25,0,3,55,4,62,0,11,64,12,87,66,34,100,187
01/16/2008,OWB,KY,ASO,CE,Federal Contract Tower,0,4,10,1,15,0,0,54,2,56,0,4,64,3,71,98,10,108,179
01/17/2008,OWB,KY,ASO,CE,Federal Contract Tower,0,12,9,0,21,0,0,0,0,0,0,12,9,0,21,0,0,0,21
01/18/2008,OWB,KY,ASO,CE,Federal Contract Tower,0,7,10,1,18,0,0,57,1,58,0,7,67,2,76,106,2,108,184
01/19/2008,OWB,KY,ASO,CE,Federal Contract Tower,0,2,10,0,12,0,2,59,0,61,0,4,69,0,73,124,0,124,197
01/20/2008,OWB,KY,ASO,CE,Federal Contract Tower,0,1,4,0,5,0,0,48,0,48,0,1,52,0,53,90,0,90,143
01/21/2008,OWB,KY,ASO,CE,Federal Contract Tower,0,0,2,0,2,0,0,0,63,63,0,0,2,63,65,0,70,70,135
01/22/2008,OWB,KY,ASO,CE,Federal Contract Tower,0,5,7,0,12,0,2,26,0,28,0,7,33,0,40,34,0,34,74
01/23/2008,OWB,KY,ASO,CE,Federal Contract Tower,0,6,8,3,17,0,0,65,1,66,0,6,73,4,83,114,16,130,213
01/24/2008,OWB,KY,ASO,CE,Federal Contract Tower,0,9,8,1,18,0,4,56,1,61,0,13,64,2,79,104,6,110,189
01/25/2008,OWB,KY,ASO,CE,Federal Contract Tower,0,6,11,0,17,0,2,53,6,61,0,8,64,6,78,64,20,84,162
01/26/2008,OWB,KY,ASO,CE,Federal Contract Tower,0,0,5,0,5,0,0,51,2,53,0,0,56,2,58,84,4,88,146
01/27/2008,OWB,KY,ASO,CE,Federal Contract Tower,0,3,9,0,12,0,0,54,4,58,0,3,63,4,70,88,6,94,164
01/28/2008,OWB,KY,ASO,CE,Federal Contract Tower,0,4,6,1,11,0,0,54,1,55,0,4,60,2,66,106,8,114,180
01/29/2008,OWB,KY,ASO,CE,Federal Contract Tower,0,4,11,4,19,0,0,11,0,11,0,4,22,4,30,0,8,8,38
01/30/2008,OWB,KY,ASO,CE,Federal Contract Tower,0,7,13,2,22,0,2,81,6,89,0,9,94,8,111,72,18,90,201
01/31/2008,OWB,KY,ASO,CE,Federal Contract Tower,0,5,7,0,12,0,0,39,0,39,0,5,46,0,51,44,0,44,95
02/01/2008,OWB,KY,ASO,CE,Federal Contract Tower,0,3,6,0,9,0,3,49,0,52,0,6,55,0,61,58,0,58,119
02/02/2008,OWB,KY,ASO,CE,Federal Contract Tower,0,0,5,0,5,0,0,78,2,80,0,0,83,2,85,96,4,100,185
02/03/2008,OWB,KY,ASO,CE,Federal Contract Tower,0,0,6,0,6,0,0,52,0,52,0,0,58,0,58,78,0,78,136
02/04/2008,OWB,KY,ASO,CE,Federal Contract Tower,0,5,10,2,17,0,0,40,0,40,0,5,50,2,57,44,10,54,111
02/05/2008,OWB,KY,ASO,CE,Federal Contract Tower,0,6,3,0,9,0,3,32,0,35,0,9,35,0,44,32,0,32,76
02/06/2008,OWB,KY,ASO,CE,Federal Contract Tower,0,8,8,0,16,0,3,11,0,14,0,11,19,0,30,20,0,20,50
02/07/2008,OWB,KY,ASO,CE,Federal Contract Tower,0,6,3,2,11,0,2,53,1,56,0,8,56,3,67,58,10,68,135
02/08/2008,OWB,KY,ASO,CE,Federal Contract Tower,0,5,16,2,23,0,4,61,2,67,0,9,77,4,90,110,10,120,210
02/09/2008,OWB,KY,ASO,CE,Federal Contract Tower,0,1,3,0,4,0,0,67,0,67,0,1,70,0,71,106,0,106,177
02/10/2008,OWB,KY,ASO,CE,Federal Contract Tower,0,0,6,0,6,0,0,57,0,57,0,0,63,0,63,89,0,89,152
02/11/2008,OWB,KY,ASO,CE,Federal Contract Tower,0,2,10,0,12,0,0,26,0,26,0,2,36,0,38,36,0,36,74
02/12/2008,OWB,KY,ASO,CE,Federal Contract Tower,0,0,0,0,0,0,0,0,0,0,0,0,0,0,0,0,0,0,0
02/13/2008,OWB,KY,ASO,CE,Federal Contract Tower,0,6,7,0,13,0,2,31,1,34,0,8,38,1,47,42,4,46,93
02/14/2008,OWB,KY,ASO,CE,Federal Contract Tower,0,6,13,0,19,0,3,62,1,66,0,9,75,1,85,62,4,66,151
02/15/2008,OWB,KY,ASO,CE,Federal Contract Tower,0,5,8,0,13,0,2,48,4,54,0,7,56,4,67,90,12,102,169
02/16/2008,OWB,KY,ASO,CE,Federal Contract Tower,0,1,3,0,4,0,0,78,5,83,0,1,81,5,87,90,4,94,181
02/17/2008,OWB,KY,ASO,CE,Federal Contract Tower,0,0,5,0,5,0,0,27,0,27,0,0,32,0,32,44,0,44,76
02/18/2008,OWB,KY,ASO,CE,Federal Contract Tower,0,0,15,0,15,0,0,58,1,59,0,0,73,1,74,96,2,98,172
02/19/2008,OWB,KY,ASO,CE,Federal Contract Tower,0,4,13,2,19,0,0,56,4,60,0,4,69,6,79,86,12,98,177
02/20/2008,OWB,KY,ASO,CE,Federal Contract Tower,0,6,5,0,11,0,2,52,0,54,0,8,57,0,65,58,0,58,123
02/21/2008,OWB,KY,ASO,CE,Federal Contract Tower,0,4,5,0,9,0,0,15,0,15,0,4,20,0,24,0,0,0,24
02/22/2008,OWB,KY,ASO,CE,Federal Contract Tower,0,5,5,0,10,0,0,0,0,0,0,5,5,0,10,0,0,0,10
02/23/2008,OWB,KY,ASO,CE,Federal Contract Tower,0,0,3,0,3,0,2,20,0,22,0,2,23,0,25,38,0,38,63
02/24/2008,OWB,KY,ASO,CE,Federal Contract Tower,0,0,3,0,3,0,0,0,0,0,0,0,3,0,3,0,0,0,3
02/25/2008,OWB,KY,ASO,CE,Federal Contract Tower,0,3,7,5,15,0,0,53,2,55,0,3,60,7,70,70,28,98,168
02/26/2008,OWB,KY,ASO,CE,Federal Contract Tower,0,4,4,0,8,0,0,17,0,17,0,4,21,0,25,18,0,18,43
02/27/2008,OWB,KY,ASO,CE,Federal Contract Tower,0,6,7,1,14,0,6,49,1,56,0,12,56,2,70,50,4,54,124
02/28/2008,OWB,KY,ASO,CE,Federal Contract Tower,0,6,24,2,32,0,5,77,6,88,0,11,101,8,120,80,20,100,220
02/29/2008,OWB,KY,ASO,CE,Federal Contract Tower,0,5,11,3,19,0,1,81,2,84,0,6,92,5,103,100,12,112,215
03/01/2008,OWB,KY,ASO,CE,Federal Contract Tower,0,0,5,2,7,0,2,84,0,86,0,2,89,2,93,94,8,102,195
03/02/2008,OWB,KY,ASO,CE,Federal Contract Tower,0,0,3,0,3,0,2,59,0,61,0,2,62,0,64,80,0,80,144
03/03/2008,OWB,KY,ASO,CE,Federal Contract Tower,0,6,6,0,12,0,2,29,0,31,0,8,35,0,43,30,0,30,73
03/04/2008,OWB,KY,ASO,CE,Federal Contract Tower,0,6,2,3,11,0,0,0,0,0,0,6,2,3,11,0,0,0,11
03/05/2008,OWB,KY,ASO,CE,Federal Contract Tower,0,8,5,10,23,0,0,75,2,77,0,8,80,12,100,88,30,118,218
03/06/2008,OWB,KY,ASO,CE,Federal Contract Tower,0,4,7,7,18,0,0,14,0,14,0,4,21,7,32,10,0,10,42
03/07/2008,OWB,KY,ASO,CE,Federal Contract Tower,0,2,6,0,8,0,0,3,0,3,0,2,9,0,11,4,0,4,15
03/08/2008,OWB,KY,ASO,CE,Federal Contract Tower,0,0,3,0,3,0,2,23,0,25,0,2,26,0,28,48,0,48,76
03/09/2008,OWB,KY,ASO,CE,Federal Contract Tower,0,0,5,0,5,0,2,49,0,51,0,2,54,0,56,86,0,86,142
03/10/2008,OWB,KY,ASO,CE,Federal Contract Tower,0,4,4,4,12,0,1,54,5,60,0,5,58,9,72,84,32,116,188
03/11/2008,OWB,KY,ASO,CE,Federal Contract Tower,0,1,8,9,18,0,3,66,7,76,0,4,74,16,94,98,24,122,216
03/12/2008,OWB,KY,ASO,CE,Federal Contract Tower,0,6,6,3,15,0,0,79,4,83,0,6,85,7,98,110,6,116,214
03/13/2008,OWB,KY,ASO,CE,Federal Contract Tower,0,2,14,1,17,0,5,52,3,60,0,7,66,4,77,80,12,92,169
03/14/2008,OWB,KY,ASO,CE,Federal Contract Tower,0,8,6,1,15,0,2,26,0,28,0,10,32,1,43,20,2,22,65
03/15/2008,OWB,KY,ASO,CE,Federal Contract Tower,0,0,7,1,8,0,2,42,0,44,0,2,49,1,52,66,0,66,118
03/16/2008,OWB,KY,ASO,CE,Federal Contract Tower,0,8,11,2,21,0,0,36,0,36,0,8,47,2,57,52,6,58,115
03/17/2008,OWB,KY,ASO,CE,Federal Contract Tower,0,6,6,7,19,0,1,138,1,140,0,7,144,8,159,160,22,182,341
03/18/2008,OWB,KY,ASO,CE,Federal Contract Tower,0,7,9,0,16,0,0,0,0,0,0,7,9,0,16,0,0,0,16
03/19/2008,OWB,KY,ASO,CE,Federal Contract Tower,0,4,7,1,12,0,0,10,1,11,0,4,17,2,23,20,8,28,51
03/20/2008,OWB,KY,ASO,CE,Federal Contract Tower,0,2,2,0,4,0,0,89,11,100,0,2,91,11,104,130,28,158,262
03/21/2008,OWB,KY,ASO,CE,Federal Contract Tower,0,4,10,0,14,0,2,50,0,52,0,6,60,0,66,58,0,58,124
03/22/2008,OWB,KY,ASO,CE,Federal Contract Tower,0,0,13,0,13,0,2,46,0,48,0,2,59,0,61,46,0,46,107
03/23/2008,OWB,KY,ASO,CE,Federal Contract Tower,0,0,3,0,3,0,2,50,0,52,0,2,53,0,55,42,0,42,97
03/24/2008,OWB,KY,ASO,CE,Federal Contract Tower,0,0,9,0,9,0,5,44,0,49,0,5,53,0,58,76,0,76,134
03/25/2008,OWB,KY,ASO,CE,Federal Contract Tower,0,1,12,0,13,0,1,48,2,51,0,2,60,2,64,52,6,58,122
03/26/2008,OWB,KY,ASO,CE,Federal Contract Tower,0,0,8,2,10,0,2,137,4,143,0,2,145,6,153,134,12,146,299
03/27/2008,OWB,KY,ASO,CE,Federal Contract Tower,0,6,18,4,28,0,1,54,3,58,0,7,72,7,86,88,18,106,192
03/28/2008,OWB,KY,ASO,CE,Federal Contract Tower,0,1,14,2,17,0,0,90,1,91,0,1,104,3,108,98,8,106,214
03/29/2008,OWB,KY,ASO,CE,Federal Contract Tower,1,2,8,1,12,0,8,123,1,132,1,10,131,2,144,128,8,136,280
03/30/2008,OWB,KY,ASO,CE,Federal Contract Tower,0,0,2,0,2,0,0,0,0,0,0,0,2,0,2,0,0,0,2
03/31/2008,OWB,KY,ASO,CE,Federal Contract Tower,0,0,6,0,6,0,2,27,0,29,0,2,33,0,35,44,0,44,79
04/01/2008,OWB,KY,ASO,CE,Federal Contract Tower,0,9,14,2,25,0,0,56,0,56,0,9,70,2,81,124,8,132,213
04/02/2008,OWB,KY,ASO,CE,Federal Contract Tower,0,1,17,1,19,0,1,136,11,148,0,2,153,12,167,152,24,176,343
04/03/2008,OWB,KY,ASO,CE,Federal Contract Tower,0,5,8,0,13,0,0,4,0,4,0,5,12,0,17,0,0,0,17
04/04/2008,OWB,KY,ASO,CE,Federal Contract Tower,0,3,16,0,19,0,0,1,0,1,0,3,17,0,20,2,0,2,22
04/05/2008,OWB,KY,ASO,CE,Federal Contract Tower,0,1,7,0,8,0,2,103,0,105,0,3,110,0,113,124,0,124,237
04/06/2008,OWB,KY,ASO,CE,Federal Contract Tower,0,0,9,2,11,0,2,127,2,131,0,2,136,4,142,124,12,136,278
04/07/2008,OWB,KY,ASO,CE,Federal Contract Tower,0,0,5,3,8,0,2,74,5,81,0,2,79,8,89,90,24,114,203
04/08/2008,OWB,KY,ASO,CE,Federal Contract Tower,0,1,11,1,13,0,3,51,0,54,0,4,62,1,67,70,4,74,141
04/09/2008,OWB,KY,ASO,CE,Federal Contract Tower,0,0,8,0,8,0,0,89,0,89,0,0,97,0,97,98,0,98,195
04/10/2008,OWB,KY,ASO,CE,Federal Contract Tower,0,1,3,1,5,0,0,44,2,46,0,1,47,3,51,66,12,78,129
04/11/2008,OWB,KY,ASO,CE,Federal Contract Tower,0,1,4,2,7,0,0,44,3,47,0,1,48,5,54,72,18,90,144
04/12/2008,OWB,KY,ASO,CE,Federal Contract Tower,0,0,4,0,4,0,0,0,110,110,0,0,4,110,114,90,0,90,204
04/13/2008,OWB,KY,ASO,CE,Federal Contract Tower,0,1,4,0,5,0,0,30,0,30,0,1,34,0,35,4,0,4,39
04/14/2008,OWB,KY,ASO,CE,Federal Contract Tower,0,3,10,3,16,0,1,185,13,199,0,4,195,16,215,194,36,230,445
04/15/2008,OWB,KY,ASO,CE,Federal Contract Tower,0,3,19,7,29,0,3,99,4,106,0,6,118,11,135,102,28,130,265
04/16/2008,OWB,KY,ASO,CE,Federal Contract Tower,0,6,9,1,16,0,0,67,1,68,0,6,76,2,84,110,8,118,202
04/17/2008,OWB,KY,ASO,CE,Federal Contract Tower,0,4,9,2,15,0,0,116,13,129,0,4,125,15,144,162,52,214,358
04/18/2008,OWB,KY,ASO,CE,Federal Contract Tower,0,0,4,0,4,0,1,33,0,34,0,1,37,0,38,52,0,52,90
04/19/2008,OWB,KY,ASO,CE,Federal Contract Tower,0,0,7,0,7,0,2,59,0,61,0,2,66,0,68,86,0,86,154
04/20/2008,OWB,KY,ASO,CE,Federal Contract Tower,0,0,11,0,11,0,0,49,6,55,0,0,60,6,66,80,16,96,162
04/21/2008,OWB,KY,ASO,CE,Federal Contract Tower,0,0,5,1,6,0,2,67,1,70,0,2,72,2,76,84,6,90,166
04/22/2008,OWB,KY,ASO,CE,Federal Contract Tower,0,2,16,3,21,0,2,70,3,75,0,4,86,6,96,72,20,92,188
04/23/2008,OWB,KY,ASO,CE,Federal Contract Tower,0,6,6,3,15,0,0,69,1,70,0,6,75,4,85,108,16,124,209
04/24/2008,OWB,KY,ASO,CE,Federal Contract Tower,0,1,9,0,10,0,0,63,10,73,0,1,72,10,83,82,32,114,197
04/25/2008,OWB,KY,ASO,CE,Federal Contract Tower,0,2,4,0,6,0,0,43,4,47,0,2,47,4,53,76,8,84,137
04/26/2008,OWB,KY,ASO,CE,Federal Contract Tower,0,0,6,0,6,0,0,64,0,64,0,0,70,0,70,90,0,90,160
04/27/2008,OWB,KY,ASO,CE,Federal Contract Tower,0,3,4,2,9,0,0,58,0,58,0,3,62,2,67,78,2,80,147
04/28/2008,OWB,KY,ASO,CE,Federal Contract Tower,0,0,2,0,2,0,2,52,2,56,0,2,54,2,58,54,6,60,118
04/29/2008,OWB,KY,ASO,CE,Federal Contract Tower,0,0,9,2,11,0,2,55,7,64,0,2,64,9,75,62,36,98,173
04/30/2008,OWB,KY,ASO,CE,Federal Contract Tower,0,3,8,0,11,0,0,45,0,45,0,3,53,0,56,90,0,90,146
05/01/2008,OWB,KY,ASO,CE,Federal Contract Tower,0,3,21,0,24,0,1,48,0,49,0,4,69,0,73,82,0,82,155
05/02/2008,OWB,KY,ASO,CE,Federal Contract Tower,0,0,1,0,1,0,0,14,0,14,0,0,15,0,15,14,0,14,29
05/03/2008,OWB,KY,ASO,CE,Federal Contract Tower,0,0,9,0,9,0,2,54,0,56,0,2,63,0,65,88,0,88,153
05/04/2008,OWB,KY,ASO,CE,Federal Contract Tower,0,2,6,0,8,0,2,59,0,61,0,4,65,0,69,106,0,106,175
05/05/2008,OWB,KY,ASO,CE,Federal Contract Tower,0,0,1,0,1,0,2,71,0,73,0,2,72,0,74,88,0,88,162
05/06/2008,OWB,KY,ASO,CE,Federal Contract Tower,0,2,12,1,15,0,2,44,1,47,0,4,56,2,62,58,8,66,128
05/07/2008,OWB,KY,ASO,CE,Federal Contract Tower,0,6,11,3,20,0,0,21,1,22,0,6,32,4,42,30,16,46,88
05/08/2008,OWB,KY,ASO,CE,Federal Contract Tower,0,3,11,1,15,0,1,32,1,34,0,4,43,2,49,80,8,88,137
05/09/2008,OWB,KY,ASO,CE,Federal Contract Tower,0,0,13,0,13,0,0,18,0,18,0,0,31,0,31,26,0,26,57
05/10/2008,OWB,KY,ASO,CE,Federal Contract Tower,0,0,13,4,17,0,2,68,0,70,0,2,81,4,87,104,16,120,207
05/11/2008,OWB,KY,ASO,CE,Federal Contract Tower,0,0,2,0,2,0,0,23,0,23,0,0,25,0,25,6,0,6,31
05/12/2008,OWB,KY,ASO,CE,Federal Contract Tower,0,0,2,6,8,0,2,71,2,75,0,2,73,8,83,110,22,132,215
05/13/2008,OWB,KY,ASO,CE,Federal Contract Tower,0,3,10,1,14,0,1,52,3,56,0,4,62,4,70,92,14,106,176
05/14/2008,OWB,KY,ASO,CE,Federal Contract Tower,0,0,7,0,7,0,0,31,0,31,0,0,38,0,38,58,0,58,96
05/15/2008,OWB,KY,ASO,CE,Federal Contract Tower,0,0,5,0,5,0,0,3,0,3,0,0,8,0,8,6,0,6,14
05/16/2008,OWB,KY,ASO,CE,Federal Contract Tower,0,0,6,0,6,0,4,48,0,52,0,4,54,0,58,92,0,92,150
05/17/2008,OWB,KY,ASO,CE,Federal Contract Tower,0,0,5,0,5,0,0,97,0,97,0,0,102,0,102,104,0,104,206
05/18/2008,OWB,KY,ASO,CE,Federal Contract Tower,0,1,11,0,12,0,0,47,0,47,0,1,58,0,59,92,0,92,151
05/19/2008,OWB,KY,ASO,CE,Federal Contract Tower,0,1,6,2,9,0,0,49,1,50,0,1,55,3,59,88,4,92,151
05/20/2008,OWB,KY,ASO,CE,Federal Contract Tower,0,0,7,1,8,0,3,37,1,41,0,3,44,2,49,70,6,76,125
05/21/2008,OWB,KY,ASO,CE,Federal Contract Tower,0,3,8,0,11,0,2,69,3,74,0,5,77,3,85,92,10,102,187
05/22/2008,OWB,KY,ASO,CE,Federal Contract Tower,0,0,16,2,18,0,2,70,1,73,0,2,86,3,91,88,12,100,191
05/23/2008,OWB,KY,ASO,CE,Federal Contract Tower,0,1,9,4,14,0,0,58,0,58,0,1,67,4,72,84,18,102,174
05/24/2008,OWB,KY,ASO,CE,Federal Contract Tower,0,0,2,0,2,0,0,81,0,81,0,0,83,0,83,124,0,124,207
05/25/2008,OWB,KY,ASO,CE,Federal Contract Tower,0,0,2,0,2,0,1,62,0,63,0,1,64,0,65,100,0,100,165
05/26/2008,OWB,KY,ASO,CE,Federal Contract Tower,0,5,4,0,9,0,0,42,0,42,0,5,46,0,51,70,0,70,121
05/27/2008,OWB,KY,ASO,CE,Federal Contract Tower,0,1,5,0,6,0,0,10,0,10,0,1,15,0,16,20,0,20,36
05/28/2008,OWB,KY,ASO,CE,Federal Contract Tower,0,0,12,3,15,0,2,56,3,61,0,2,68,6,76,60,18,78,154
05/29/2008,OWB,KY,ASO,CE,Federal Contract Tower,0,1,11,0,12,0,2,117,4,123,0,3,128,4,135,100,16,116,251
05/30/2008,OWB,KY,ASO,CE,Federal Contract Tower,0,0,18,2,20,0,2,62,0,64,0,2,80,2,84,80,8,88,172
05/31/2008,OWB,KY,ASO,CE,Federal Contract Tower,0,2,8,0,10,0,0,60,0,60,0,2,68,0,70,98,0,98,168
06/01/2008,OWB,KY,ASO,CE,Federal Contract Tower,0,0,11,0,11,0,0,74,0,74,0,0,85,0,85,110,0,110,195
06/02/2008,OWB,KY,ASO,CE,Federal Contract Tower,0,0,12,0,12,0,0,52,0,52,0,0,64,0,64,98,0,98,162
06/03/2008,OWB,KY,ASO,CE,Federal Contract Tower,0,1,13,1,15,0,1,43,1,45,0,2,56,2,60,84,6,90,150
06/04/2008,OWB,KY,ASO,CE,Federal Contract Tower,0,3,9,2,14,0,1,51,4,56,0,4,60,6,70,60,18,78,148
06/05/2008,OWB,KY,ASO,CE,Federal Contract Tower,0,2,5,0,7,0,2,75,2,79,0,4,80,2,86,70,8,78,164
06/06/2008,OWB,KY,ASO,CE,Federal Contract Tower,0,0,12,2,14,0,2,61,4,67,0,2,73,6,81,72,18,90,171
06/07/2008,OWB,KY,ASO,CE,Federal Contract Tower,0,0,10,0,10,0,0,60,4,64,0,0,70,4,74,102,16,118,192
06/08/2008,OWB,KY,ASO,CE,Federal Contract Tower,0,0,5,0,5,0,0,73,0,73,0,0,78,0,78,100,0,100,178
06/09/2008,OWB,KY,ASO,CE,Federal Contract Tower,0,0,5,0,5,0,0,43,4,47,0,0,48,4,52,72,18,90,142
06/10/2008,OWB,KY,ASO,CE,Federal Contract Tower,0,0,17,0,17,0,0,50,0,50,0,0,67,0,67,100,0,100,167
06/11/2008,OWB,KY,ASO,CE,Federal Contract Tower,0,0,10,3,13,0,2,65,7,74,0,2,75,10,87,70,24,94,181
06/12/2008,OWB,KY,ASO,CE,Federal Contract Tower,0,0,7,0,7,0,2,59,3,64,0,2,66,3,71,64,8,72,143
06/13/2008,OWB,KY,ASO,CE,Federal Contract Tower,0,0,6,0,6,0,0,24,0,24,0,0,30,0,30,34,0,34,64
06/14/2008,OWB,KY,ASO,CE,Federal Contract Tower,0,0,7,0,7,0,2,70,2,74,0,2,77,2,81,82,4,86,167
06/15/2008,OWB,KY,ASO,CE,Federal Contract Tower,0,0,4,0,4,0,2,62,0,64,0,2,66,0,68,70,0,70,138
06/16/2008,OWB,KY,ASO,CE,Federal Contract Tower,0,0,0,0,0,0,0,54,0,54,0,0,54,0,54,52,12,64,118
06/17/2008,OWB,KY,ASO,CE,Federal Contract Tower,0,0,9,0,9,0,0,60,0,60,0,0,69,0,69,120,8,128,197
06/18/2008,OWB,KY,ASO,CE,Federal Contract Tower,0,3,18,1,22,0,0,50,3,53,0,3,68,4,75,74,2,76,151
06/19/2008,OWB,KY,ASO,CE,Federal Contract Tower,0,0,5,4,9,0,2,62,0,64,0,2,67,4,73,94,14,108,181
06/20/2008,OWB,KY,ASO,CE,Federal Contract Tower,0,0,9,0,9,0,2,108,0,110,0,2,117,0,119,142,0,142,261
06/21/2008,OWB,KY,ASO,CE,Federal Contract Tower,0,1,15,0,16,0,1,205,1,207,0,2,220,1,223,440,6,446,669
06/22/2008,OWB,KY,ASO,CE,Federal Contract Tower,0,0,7,0,7,0,2,68,1,71,0,2,75,1,78,116,4,120,198
06/23/2008,OWB,KY,ASO,CE,Federal Contract Tower,0,2,3,0,5,0,0,67,2,69,0,2,70,2,74,96,8,104,178
06/24/2008,OWB,KY,ASO,CE,Federal Contract Tower,0,7,5,0,12,0,0,60,2,62,0,7,65,2,74,102,0,102,176
06/25/2008,OWB,KY,ASO,CE,Federal Contract Tower,0,1,12,1,14,0,1,55,4,60,0,2,67,5,74,68,12,80,154
06/26/2008,OWB,KY,ASO,CE,Federal Contract Tower,0,2,19,0,21,0,2,50,2,54,0,4,69,2,75,60,1,61,136
06/27/2008,OWB,KY,ASO,CE,Federal Contract Tower,0,5,9,2,16,0,0,57,4,61,0,5,66,6,77,64,18,82,159
06/28/2008,OWB,KY,ASO,CE,Federal Contract Tower,0,0,9,0,9,0,2,52,0,54,0,2,61,0,63,78,0,78,141
06/29/2008,OWB,KY,ASO,CE,Federal Contract Tower,0,1,8,0,9,0,2,66,0,68,0,3,74,0,77,94,0,94,171
06/30/2008,OWB,KY,ASO,CE,Federal Contract Tower,0,0,10,0,10,0,0,70,0,70,0,0,80,0,80,102,22,124,204
07/01/2008,OWB,KY,ASO,CE,Federal Contract Tower,0,0,20,2,22,0,0,51,6,57,0,0,71,8,79,100,22,122,201
07/02/2008,OWB,KY,ASO,CE,Federal Contract Tower,0,0,10,0,10,0,0,63,2,65,0,0,73,2,75,80,6,86,161
07/03/2008,OWB,KY,ASO,CE,Federal Contract Tower,0,0,19,0,19,0,0,45,0,45,0,0,64,0,64,54,0,54,118
07/04/2008,OWB,KY,ASO,CE,Federal Contract Tower,0,2,12,0,14,0,0,24,0,24,0,2,36,0,38,36,0,36,74
07/05/2008,OWB,KY,ASO,CE,Federal Contract Tower,0,0,1,0,1,0,0,45,0,45,0,0,46,0,46,76,0,76,122
07/06/2008,OWB,KY,ASO,CE,Federal Contract Tower,0,0,13,0,13,0,0,70,0,70,0,0,83,0,83,88,0,88,171
07/07/2008,OWB,KY,ASO,CE,Federal Contract Tower,0,0,9,0,9,0,0,38,0,38,0,0,47,0,47,62,0,62,109
07/08/2008,OWB,KY,ASO,CE,Federal Contract Tower,0,5,8,0,13,0,2,46,0,48,0,7,54,0,61,72,0,72,133
07/09/2008,OWB,KY,ASO,CE,Federal Contract Tower,0,1,9,0,10,0,2,38,0,40,0,3,47,0,50,44,0,44,94
07/10/2008,OWB,KY,ASO,CE,Federal Contract Tower,0,1,10,0,11,0,0,50,2,52,0,1,60,2,63,94,0,94,157
07/11/2008,OWB,KY,ASO,CE,Federal Contract Tower,0,1,9,0,10,0,0,83,0,83,0,1,92,0,93,96,0,96,189
07/12/2008,OWB,KY,ASO,CE,Federal Contract Tower,0,3,10,0,13,0,0,83,0,83,0,3,93,0,96,98,0,98,194
07/13/2008,OWB,KY,ASO,CE,Federal Contract Tower,0,0,6,0,6,0,0,56,0,56,0,0,62,0,62,54,0,54,116
07/14/2008,OWB,KY,ASO,CE,Federal Contract Tower,0,1,3,7,11,0,1,78,3,82,0,2,81,10,93,96,26,122,215
07/15/2008,OWB,KY,ASO,CE,Federal Contract Tower,0,2,14,1,17,0,0,83,3,86,0,2,97,4,103,122,14,136,239
07/16/2008,OWB,KY,ASO,CE,Federal Contract Tower,0,0,9,1,10,0,0,75,4,79,0,0,84,5,89,106,4,110,199
07/17/2008,OWB,KY,ASO,CE,Federal Contract Tower,0,1,13,3,17,0,0,67,4,71,0,1,80,7,88,94,10,104,192
07/18/2008,OWB,KY,ASO,CE,Federal Contract Tower,0,0,15,0,15,0,0,68,0,68,0,0,83,0,83,92,0,92,175
07/19/2008,OWB,KY,ASO,CE,Federal Contract Tower,0,1,15,0,16,0,0,96,0,96,0,1,111,0,112,94,0,94,206
07/20/2008,OWB,KY,ASO,CE,Federal Contract Tower,0,2,6,0,8,0,0,70,0,70,0,2,76,0,78,66,0,66,144
07/21/2008,OWB,KY,ASO,CE,Federal Contract Tower,0,0,11,2,13,0,0,72,0,72,0,0,83,2,85,86,0,86,171
07/22/2008,OWB,KY,ASO,CE,Federal Contract Tower,0,1,10,4,15,0,0,62,0,62,0,1,72,4,77,66,10,76,153
07/23/2008,OWB,KY,ASO,CE,Federal Contract Tower,0,0,6,1,7,0,0,69,3,72,0,0,75,4,79,98,6,104,183
07/24/2008,OWB,KY,ASO,CE,Federal Contract Tower,0,1,21,3,25,0,0,69,3,72,0,1,90,6,97,94,0,94,191
07/25/2008,OWB,KY,ASO,CE,Federal Contract Tower,0,4,13,0,17,0,0,58,2,60,0,4,71,2,77,88,4,92,169
07/26/2008,OWB,KY,ASO,CE,Federal Contract Tower,0,1,11,0,12,0,0,57,0,57,0,1,68,0,69,74,0,74,143
07/27/2008,OWB,KY,ASO,CE,Federal Contract Tower,0,0,1,0,1,0,0,73,0,73,0,0,74,0,74,76,0,76,150
07/28/2008,OWB,KY,ASO,CE,Federal Contract Tower,0,0,9,0,9,0,0,86,0,86,0,0,95,0,95,64,0,64,159
07/29/2008,OWB,KY,ASO,CE,Federal Contract Tower,0,4,11,1,16,0,0,60,0,60,0,4,71,1,76,68,0,68,144
07/30/2008,OWB,KY,ASO,CE,Federal Contract Tower,0,2,11,2,15,0,0,65,0,65,0,2,76,2,80,100,4,104,184
07/31/2008,OWB,KY,ASO,CE,Federal Contract Tower,0,1,12,1,14,0,0,57,2,59,0,1,69,3,73,82,6,88,161
08/01/2008,OWB,KY,ASO,CE,Federal Contract Tower,0,0,13,0,13,0,0,80,2,82,0,0,93,2,95,96,8,104,199
08/02/2008,OWB,KY,ASO,CE,Federal Contract Tower,0,0,6,0,6,0,0,68,0,68,0,0,74,0,74,78,0,78,152
08/03/2008,OWB,KY,ASO,CE,Federal Contract Tower,0,1,5,4,10,0,0,77,0,77,0,1,82,4,87,66,10,76,163
08/04/2008,OWB,KY,ASO,CE,Federal Contract Tower,0,4,8,2,14,0,0,55,0,55,0,4,63,2,69,60,8,68,137
08/05/2008,OWB,KY,ASO,CE,Federal Contract Tower,0,2,5,2,9,0,0,68,2,70,0,2,73,4,79,66,16,82,161
08/06/2008,OWB,KY,ASO,CE,Federal Contract Tower,0,0,6,0,6,0,0,42,2,44,0,0,48,2,50,68,8,76,126
08/07/2008,OWB,KY,ASO,CE,Federal Contract Tower,0,1,25,4,30,0,0,64,5,69,0,1,89,9,99,78,28,106,205
08/08/2008,OWB,KY,ASO,CE,Federal Contract Tower,0,0,7,0,7,0,0,89,0,89,0,0,96,0,96,106,0,106,202
08/09/2008,OWB,KY,ASO,CE,Federal Contract Tower,0,0,8,0,8,0,0,83,0,83,0,0,91,0,91,86,0,86,177
08/10/2008,OWB,KY,ASO,CE,Federal Contract Tower,0,0,7,0,7,0,0,64,2,66,0,0,71,2,73,72,6,78,151
08/11/2008,OWB,KY,ASO,CE,Federal Contract Tower,0,0,12,5,17,0,0,74,18,92,0,0,86,23,109,66,10,76,185
08/12/2008,OWB,KY,ASO,CE,Federal Contract Tower,0,0,4,0,4,0,0,71,0,71,0,0,75,0,75,84,0,84,159
08/13/2008,OWB,KY,ASO,CE,Federal Contract Tower,0,0,13,2,15,0,0,71,0,71,0,0,84,2,86,94,0,94,180
08/14/2008,OWB,KY,ASO,CE,Federal Contract Tower,0,1,10,2,13,0,0,85,1,86,0,1,95,3,99,100,10,110,209
08/15/2008,OWB,KY,ASO,CE,Federal Contract Tower,0,0,6,0,6,0,0,50,2,52,0,0,56,2,58,104,8,112,170
08/16/2008,OWB,KY,ASO,CE,Federal Contract Tower,0,0,2,0,2,0,0,82,0,82,0,0,84,0,84,114,0,114,198
08/17/2008,OWB,KY,ASO,CE,Federal Contract Tower,0,1,12,0,13,0,0,80,0,80,0,1,92,0,93,108,0,108,201
08/18/2008,OWB,KY,ASO,CE,Federal Contract Tower,0,10,5,3,18,0,0,68,10,78,0,10,73,13,96,70,20,90,186
08/19/2008,OWB,KY,ASO,CE,Federal Contract Tower,0,6,11,2,19,0,0,90,9,99,0,6,101,11,118,110,36,146,264
08/20/2008,OWB,KY,ASO,CE,Federal Contract Tower,0,2,11,3,16,0,0,83,9,92,0,2,94,12,108,98,36,134,242
08/21/2008,OWB,KY,ASO,CE,Federal Contract Tower,0,0,11,1,12,0,0,67,6,73,0,0,78,7,85,96,26,122,207
08/22/2008,OWB,KY,ASO,CE,Federal Contract Tower,0,0,12,1,13,0,0,61,6,67,0,0,73,7,80,98,10,108,188
08/23/2008,OWB,KY,ASO,CE,Federal Contract Tower,0,0,4,0,4,0,0,60,0,60,0,0,64,0,64,76,0,76,140
08/24/2008,OWB,KY,ASO,CE,Federal Contract Tower,0,2,5,0,7,0,0,62,0,62,0,2,67,0,69,90,0,90,159
08/25/2008,OWB,KY,ASO,CE,Federal Contract Tower,0,0,0,5,5,0,0,50,8,58,0,0,50,13,63,54,18,72,135
08/26/2008,OWB,KY,ASO,CE,Federal Contract Tower,0,4,8,5,17,0,72,14,0,86,0,76,22,5,103,59,60,119,222
08/27/2008,OWB,KY,ASO,CE,Federal Contract Tower,0,4,10,0,14,0,0,63,11,74,0,4,73,11,88,86,40,126,214
08/28/2008,OWB,KY,ASO,CE,Federal Contract Tower,0,0,12,1,13,0,0,73,12,85,0,0,85,13,98,86,48,134,232
08/29/2008,OWB,KY,ASO,CE,Federal Contract Tower,0,0,12,0,12,0,0,67,2,69,0,0,79,2,81,80,8,88,169
08/30/2008,OWB,KY,ASO,CE,Federal Contract Tower,0,1,13,0,14,0,0,75,0,75,0,1,88,0,89,98,0,98,187
08/31/2008,OWB,KY,ASO,CE,Federal Contract Tower,0,1,2,0,3,0,0,54,0,54,0,1,56,0,57,104,0,104,161
09/01/2008,OWB,KY,ASO,CE,Federal Contract Tower,0,0,5,4,9,0,0,74,6,80,0,0,79,10,89,68,24,92,181
09/02/2008,OWB,KY,ASO,CE,Federal Contract Tower,0,0,12,6,18,0,0,65,0,65,0,0,77,6,83,78,20,98,181
09/03/2008,OWB,KY,ASO,CE,Federal Contract Tower,0,1,13,3,17,0,52,6,0,58,0,53,19,3,75,62,24,86,161
09/04/2008,OWB,KY,ASO,CE,Federal Contract Tower,0,1,11,0,12,0,0,44,1,45,0,1,55,1,57,50,4,54,111
09/05/2008,OWB,KY,ASO,CE,Federal Contract Tower,0,8,11,0,19,0,0,33,0,33,0,8,44,0,52,52,0,52,104
09/06/2008,OWB,KY,ASO,CE,Federal Contract Tower,0,0,6,0,6,0,0,66,0,66,0,0,72,0,72,110,0,110,182
09/07/2008,OWB,KY,ASO,CE,Federal Contract Tower,0,0,3,0,3,0,0,68,0,68,0,0,71,0,71,88,0,88,159
09/08/2008,OWB,KY,ASO,CE,Federal Contract Tower,0,6,6,2,14,0,0,64,9,73,0,6,70,11,87,86,14,100,187
09/09/2008,OWB,KY,ASO,CE,Federal Contract Tower,0,2,16,7,25,0,0,44,6,50,0,2,60,13,75,62,14,76,151
09/10/2008,OWB,KY,ASO,CE,Federal Contract Tower,0,1,12,1,14,0,0,90,12,102,0,1,102,13,116,108,34,142,258
09/11/2008,OWB,KY,ASO,CE,Federal Contract Tower,0,2,3,0,5,0,0,50,3,53,0,2,53,3,58,52,12,64,122
09/12/2008,OWB,KY,ASO,CE,Federal Contract Tower,0,0,8,0,8,0,0,58,0,58,0,0,66,0,66,66,0,66,132
09/13/2008,OWB,KY,ASO,CE,Federal Contract Tower,0,0,6,0,6,0,0,78,0,78,0,0,84,0,84,98,0,98,182
09/14/2008,OWB,KY,ASO,CE,Federal Contract Tower,0,0,0,0,0,0,0,5,0,5,0,0,5,0,5,0,0,0,5
09/15/2008,OWB,KY,ASO,CE,Federal Contract Tower,0,1,4,1,6,0,0,58,2,60,0,1,62,3,66,94,4,98,164
09/16/2008,OWB,KY,ASO,CE,Federal Contract Tower,0,1,16,0,17,0,0,42,0,42,0,1,58,0,59,58,0,58,117
09/17/2008,OWB,KY,ASO,CE,Federal Contract Tower,0,5,6,0,11,0,66,2,0,68,0,71,8,0,79,72,8,80,159
09/18/2008,OWB,KY,ASO,CE,Federal Contract Tower,0,2,8,2,12,0,0,91,6,97,0,2,99,8,109,96,14,110,219
09/19/2008,OWB,KY,ASO,CE,Federal Contract Tower,0,0,11,1,12,0,0,67,7,74,0,0,78,8,86,98,20,118,204
09/20/2008,OWB,KY,ASO,CE,Federal Contract Tower,0,0,4,0,4,0,0,97,0,97,0,0,101,0,101,116,0,116,217
09/21/2008,OWB,KY,ASO,CE,Federal Contract Tower,0,0,7,0,7,0,0,57,2,59,0,0,64,2,66,96,4,100,166
09/22/2008,OWB,KY,ASO,CE,Federal Contract Tower,0,0,8,1,9,0,0,71,4,75,0,0,79,5,84,114,8,122,206
09/23/2008,OWB,KY,ASO,CE,Federal Contract Tower,0,0,11,2,13,0,0,67,7,74,0,0,78,9,87,104,14,118,205
09/24/2008,OWB,KY,ASO,CE,Federal Contract Tower,0,0,16,0,16,0,0,102,4,106,0,0,118,4,122,102,10,112,234
09/25/2008,OWB,KY,ASO,CE,Federal Contract Tower,0,2,7,2,11,0,0,76,4,80,0,2,83,6,91,104,16,120,211
09/26/2008,OWB,KY,ASO,CE,Federal Contract Tower,0,3,18,0,21,0,0,78,2,80,0,3,96,2,101,102,8,110,211
09/27/2008,OWB,KY,ASO,CE,Federal Contract Tower,0,1,13,2,16,0,0,63,0,63,0,1,76,2,79,86,0,86,165
09/28/2008,OWB,KY,ASO,CE,Federal Contract Tower,0,4,17,0,21,0,0,74,0,74,0,4,91,0,95,84,0,84,179
09/29/2008,OWB,KY,ASO,CE,Federal Contract Tower,0,2,6,4,12,0,0,67,2,69,0,2,73,6,81,100,4,104,185
09/30/2008,OWB,KY,ASO,CE,Federal Contract Tower,0,4,10,0,14,0,0,43,4,47,0,4,53,4,61,78,8,86,147
10/01/2008,OWB,KY,ASO,CE,Federal Contract Tower,0,1,10,0,11,0,2,60,1,63,0,3,70,1,74,62,2,64,138
10/02/2008,OWB,KY,ASO,CE,Federal Contract Tower,0,0,10,1,11,0,0,75,1,76,0,0,85,2,87,89,6,95,182
10/03/2008,OWB,KY,ASO,CE,Federal Contract Tower,0,0,16,0,16,0,0,81,0,81,0,0,97,0,97,92,0,92,189
10/04/2008,OWB,KY,ASO,CE,Federal Contract Tower,0,2,4,0,6,0,0,62,4,66,0,2,66,4,72,70,10,80,152
10/05/2008,OWB,KY,ASO,CE,Federal Contract Tower,0,0,9,1,10,0,0,54,0,54,0,0,63,1,64,78,0,78,142
10/06/2008,OWB,KY,ASO,CE,Federal Contract Tower,0,1,3,1,5,0,0,41,0,41,0,1,44,1,46,76,0,76,122
10/07/2008,OWB,KY,ASO,CE,Federal Contract Tower,0,0,13,0,13,0,0,37,0,37,0,0,50,0,50,68,0,68,118
10/08/2008,OWB,KY,ASO,CE,Federal Contract Tower,0,1,16,0,17,0,0,35,0,35,0,1,51,0,52,58,0,58,110
10/09/2008,OWB,KY,ASO,CE,Federal Contract Tower,0,4,7,0,11,0,0,93,0,93,0,4,100,0,104,108,0,108,212
10/10/2008,OWB,KY,ASO,CE,Federal Contract Tower,0,3,6,0,9,0,1,86,0,87,0,4,92,0,96,96,0,96,192
10/11/2008,OWB,KY,ASO,CE,Federal Contract Tower,0,1,11,0,12,0,0,56,0,56,0,1,67,0,68,78,0,78,146
10/12/2008,OWB,KY,ASO,CE,Federal Contract Tower,0,2,8,4,14,0,0,63,2,65,0,2,71,6,79,86,14,100,179
10/13/2008,OWB,KY,ASO,CE,Federal Contract Tower,0,2,8,0,10,0,0,66,0,66,0,2,74,0,76,92,0,92,168
10/14/2008,OWB,KY,ASO,CE,Federal Contract Tower,0,5,17,2,24,0,1,71,4,76,0,6,88,6,100,96,4,100,200
10/15/2008,OWB,KY,ASO,CE,Federal Contract Tower,0,1,6,1,8,0,0,75,6,81,0,1,81,7,89,80,12,92,181
10/16/2008,OWB,KY,ASO,CE,Federal Contract Tower,0,1,9,7,17,0,0,47,4,51,0,1,56,11,68,58,26,84,152
10/17/2008,OWB,KY,ASO,CE,Federal Contract Tower,0,0,9,0,9,0,0,64,0,64,0,0,73,0,73,80,0,80,153
10/18/2008,OWB,KY,ASO,CE,Federal Contract Tower,0,0,12,0,12,0,0,87,7,94,0,0,99,7,106,92,22,114,220
10/19/2008,OWB,KY,ASO,CE,Federal Contract Tower,0,0,7,2,9,0,0,72,2,74,0,0,79,4,83,92,14,106,189
10/20/2008,OWB,KY,ASO,CE,Federal Contract Tower,0,5,13,3,21,0,0,58,1,59,0,5,71,4,80,92,12,104,184
10/21/2008,OWB,KY,ASO,CE,Federal Contract Tower,0,0,3,0,3,0,0,59,0,59,0,0,62,0,62,102,0,102,164
10/22/2008,OWB,KY,ASO,CE,Federal Contract Tower,0,2,13,3,18,0,0,74,1,75,0,2,87,4,93,88,8,96,189
10/23/2008,OWB,KY,ASO,CE,Federal Contract Tower,0,2,13,2,17,0,0,71,3,74,0,2,84,5,91,66,14,80,171
10/24/2008,OWB,KY,ASO,CE,Federal Contract Tower,0,2,9,0,11,0,0,40,0,40,0,2,49,0,51,50,0,50,101
10/25/2008,OWB,KY,ASO,CE,Federal Contract Tower,0,2,10,0,12,0,0,60,0,60,0,2,70,0,72,90,0,90,162
10/26/2008,OWB,KY,ASO,CE,Federal Contract Tower,0,0,8,0,8,0,0,46,0,46,0,0,54,0,54,64,0,64,118
10/27/2008,OWB,KY,ASO,CE,Federal Contract Tower,0,0,2,0,2,0,0,51,2,53,0,0,53,2,55,72,8,80,135
10/28/2008,OWB,KY,ASO,CE,Federal Contract Tower,0,2,11,1,14,0,0,52,0,52,0,2,63,1,66,74,0,74,140
10/29/2008,OWB,KY,ASO,CE,Federal Contract Tower,0,3,4,1,8,0,0,65,5,70,0,3,69,6,78,88,8,96,174
10/30/2008,OWB,KY,ASO,CE,Federal Contract Tower,0,1,11,2,14,0,0,81,0,81,0,1,92,2,95,116,0,116,211
10/31/2008,OWB,KY,ASO,CE,Federal Contract Tower,0,0,6,2,8,0,0,63,1,64,0,0,69,3,72,98,10,108,180
11/01/2008,OWB,KY,ASO,CE,Federal Contract Tower,0,1,10,0,11,0,0,75,0,75,0,1,85,0,86,84,0,84,170
11/02/2008,OWB,KY,ASO,CE,Federal Contract Tower,0,1,1,2,4,0,0,67,0,67,0,1,68,2,71,70,0,70,141
11/03/2008,OWB,KY,ASO,CE,Federal Contract Tower,0,1,5,0,6,0,0,66,0,66,0,1,71,0,72,72,0,72,144
11/04/2008,OWB,KY,ASO,CE,Federal Contract Tower,0,2,7,5,14,0,0,78,0,78,0,2,85,5,92,76,14,90,182
11/05/2008,OWB,KY,ASO,CE,Federal Contract Tower,0,0,15,0,15,0,0,69,0,69,0,0,84,0,84,102,0,102,186
11/06/2008,OWB,KY,ASO,CE,Federal Contract Tower,0,1,6,1,8,0,0,59,3,62,0,1,65,4,70,94,6,100,170
11/07/2008,OWB,KY,ASO,CE,Federal Contract Tower,0,0,10,0,10,0,0,64,3,67,0,0,74,3,77,88,12,100,177
11/08/2008,OWB,KY,ASO,CE,Federal Contract Tower,0,1,17,0,18,0,0,77,2,79,0,1,94,2,97,64,8,72,169
11/09/2008,OWB,KY,ASO,CE,Federal Contract Tower,0,2,4,2,8,0,0,41,0,41,0,2,45,2,49,56,8,64,113
11/10/2008,OWB,KY,ASO,CE,Federal Contract Tower,0,1,11,0,12,0,0,57,0,57,0,1,68,0,69,64,0,64,133
11/11/2008,OWB,KY,ASO,CE,Federal Contract Tower,0,2,11,0,13,0,0,40,0,40,0,2,51,0,53,47,0,47,100
11/12/2008,OWB,KY,ASO,CE,Federal Contract Tower,0,3,9,0,12,0,0,45,0,45,0,3,54,0,57,68,0,68,125
11/13/2008,OWB,KY,ASO,CE,Federal Contract Tower,0,0,15,2,17,0,0,55,0,55,0,0,70,2,72,90,0,90,162
11/14/2008,OWB,KY,ASO,CE,Federal Contract Tower,0,0,13,0,13,0,0,41,2,43,0,0,54,2,56,50,8,58,114
11/15/2008,OWB,KY,ASO,CE,Federal Contract Tower,0,2,9,0,11,0,0,20,0,20,0,2,29,0,31,34,0,34,65
11/16/2008,OWB,KY,ASO,CE,Federal Contract Tower,0,0,6,0,6,0,0,51,0,51,0,0,57,0,57,54,0,54,111
11/17/2008,OWB,KY,ASO,CE,Federal Contract Tower,0,0,5,4,9,0,0,57,4,61,0,0,62,8,70,84,10,94,164
11/18/2008,OWB,KY,ASO,CE,Federal Contract Tower,0,1,12,3,16,0,0,60,0,60,0,1,72,3,76,82,8,90,166
11/19/2008,OWB,KY,ASO,CE,Federal Contract Tower,0,4,16,2,22,0,0,63,0,63,0,4,79,2,85,102,0,102,187
11/20/2008,OWB,KY,ASO,CE,Federal Contract Tower,0,0,9,0,9,0,0,58,0,58,0,0,67,0,67,70,0,70,137
11/21/2008,OWB,KY,ASO,CE,Federal Contract Tower,0,0,2,2,4,0,0,50,0,50,0,0,52,2,54,60,4,64,118
11/22/2008,OWB,KY,ASO,CE,Federal Contract Tower,0,0,11,0,11,0,0,68,0,68,0,0,79,0,79,58,0,58,137
11/23/2008,OWB,KY,ASO,CE,Federal Contract Tower,0,0,3,0,3,0,0,68,0,68,0,0,71,0,71,86,0,86,157
11/24/2008,OWB,KY,ASO,CE,Federal Contract Tower,0,2,6,0,8,0,0,28,0,28,0,2,34,0,36,30,0,30,66
11/25/2008,OWB,KY,ASO,CE,Federal Contract Tower,0,0,9,0,9,0,0,68,2,70,0,0,77,2,79,68,0,68,147
11/26/2008,OWB,KY,ASO,CE,Federal Contract Tower,0,0,10,6,16,0,0,70,1,71,0,0,80,7,87,102,12,114,201
11/27/2008,OWB,KY,ASO,CE,Federal Contract Tower,0,0,2,0,2,0,0,52,0,52,0,0,54,0,54,72,0,72,126
11/28/2008,OWB,KY,ASO,CE,Federal Contract Tower,0,2,4,0,6,0,0,63,0,63,0,2,67,0,69,88,0,88,157
11/29/2008,OWB,KY,ASO,CE,Federal Contract Tower,0,0,7,0,7,0,0,77,0,77,0,0,84,0,84,120,0,120,204
11/30/2008,OWB,KY,ASO,CE,Federal Contract Tower,0,0,6,0,6,0,0,23,0,23,0,0,29,0,29,10,0,10,39
12/01/2008,OWB,KY,ASO,CE,Federal Contract Tower,0,3,2,0,5,0,0,13,0,13,0,3,15,0,18,0,0,0,18
12/02/2008,OWB,KY,ASO,CE,Federal Contract Tower,0,0,12,2,14,0,0,60,2,62,0,0,72,4,76,64,14,78,154
12/03/2008,OWB,KY,ASO,CE,Federal Contract Tower,0,0,5,0,5,0,0,48,0,48,0,0,53,0,53,64,0,64,117
12/04/2008,OWB,KY,ASO,CE,Federal Contract Tower,0,0,10,0,10,0,0,40,0,40,0,0,50,0,50,78,0,78,128
12/05/2008,OWB,KY,ASO,CE,Federal Contract Tower,0,0,17,0,17,0,0,71,2,73,0,0,88,2,90,94,0,94,184
12/06/2008,OWB,KY,ASO,CE,Federal Contract Tower,0,0,3,0,3,0,0,57,0,57,0,0,60,0,60,66,0,66,126
12/07/2008,OWB,KY,ASO,CE,Federal Contract Tower,0,1,8,0,9,0,0,88,0,88,0,1,96,0,97,86,0,86,183
12/08/2008,OWB,KY,ASO,CE,Federal Contract Tower,0,0,7,1,8,0,0,58,0,58,0,0,65,1,66,62,2,64,130
12/09/2008,OWB,KY,ASO,CE,Federal Contract Tower,0,0,7,0,7,0,0,19,0,19,0,0,26,0,26,36,0,36,62
12/10/2008,OWB,KY,ASO,CE,Federal Contract Tower,0,0,3,0,3,0,0,14,0,14,0,0,17,0,17,24,0,24,41
12/11/2008,OWB,KY,ASO,CE,Federal Contract Tower,0,0,3,0,3,0,0,38,0,38,0,0,41,0,41,58,0,58,99
12/12/2008,OWB,KY,ASO,CE,Federal Contract Tower,0,0,11,2,13,0,0,58,0,58,0,0,69,2,71,78,6,84,155
12/13/2008,OWB,KY,ASO,CE,Federal Contract Tower,0,1,12,0,13,0,0,63,0,63,0,1,75,0,76,86,0,86,162
12/14/2008,OWB,KY,ASO,CE,Federal Contract Tower,0,0,4,0,4,0,0,45,0,45,0,0,49,0,49,6,0,6,55
12/15/2008,OWB,KY,ASO,CE,Federal Contract Tower,0,2,1,0,3,0,0,14,0,14,0,2,15,0,17,10,0,10,27
12/16/2008,OWB,KY,ASO,CE,Federal Contract Tower,0,0,3,0,3,0,0,8,0,8,0,0,11,0,11,12,0,12,23
12/17/2008,OWB,KY,ASO,CE,Federal Contract Tower,0,0,7,0,7,0,0,13,0,13,0,0,20,0,20,20,0,20,40
12/18/2008,OWB,KY,ASO,CE,Federal Contract Tower,0,1,11,0,12,0,0,0,0,0,0,1,11,0,12,0,0,0,12
12/19/2008,OWB,KY,ASO,CE,Federal Contract Tower,0,2,6,0,8,0,0,36,0,36,0,2,42,0,44,48,0,48,92
12/20/2008,OWB,KY,ASO,CE,Federal Contract Tower,0,1,13,0,14,0,0,65,0,65,0,1,78,0,79,64,0,64,143
12/21/2008,OWB,KY,ASO,CE,Federal Contract Tower,0,0,2,0,2,0,0,21,0,21,0,0,23,0,23,24,0,24,47
12/22/2008,OWB,KY,ASO,CE,Federal Contract Tower,0,3,10,0,13,0,0,76,0,76,0,3,86,0,89,56,0,56,145
12/23/2008,OWB,KY,ASO,CE,Federal Contract Tower,0,0,4,0,4,0,0,30,0,30,0,0,34,0,34,32,0,32,66
12/24/2008,OWB,KY,ASO,CE,Federal Contract Tower,0,0,1,0,1,0,0,17,0,17,0,0,18,0,18,38,0,38,56
12/25/2008,OWB,KY,ASO,CE,Federal Contract Tower,0,0,6,0,6,0,0,43,0,43,0,0,49,0,49,58,0,58,107
12/26/2008,OWB,KY,ASO,CE,Federal Contract Tower,0,2,6,0,8,0,0,26,0,26,0,2,32,0,34,26,0,26,60
12/27/2008,OWB,KY,ASO,CE,Federal Contract Tower,0,2,2,0,4,0,0,45,0,45,0,2,47,0,49,62,0,62,111
12/28/2008,OWB,KY,ASO,CE,Federal Contract Tower,0,0,12,0,12,0,0,56,0,56,0,0,68,0,68,84,0,84,152
12/29/2008,OWB,KY,ASO,CE,Federal Contract Tower,0,2,6,0,8,0,0,61,5,66,0,2,67,5,74,90,4,94,168
12/30/2008,OWB,KY,ASO,CE,Federal Contract Tower,0,3,12,0,15,0,0,58,0,58,0,3,70,0,73,84,0,84,157
12/31/2008,OWB,KY,ASO,CE,Federal Contract Tower,0,2,1,0,3,0,0,46,0,46,0,2,47,0,49,60,0,60,109
01/01/2009,OWB,KY,ASO,CE,Federal Contract Tower,0,0,3,0,3,0,0,66,0,66,0,0,69,0,69,73,0,73,142
01/02/2009,OWB,KY,ASO,CE,Federal Contract Tower,0,0,4,0,4,0,0,54,0,54,0,0,58,0,58,58,0,58,116
01/03/2009,OWB,KY,ASO,CE,Federal Contract Tower,0,2,1,0,3,0,0,0,0,0,0,2,1,0,3,0,0,0,3
01/04/2009,OWB,KY,ASO,CE,Federal Contract Tower,0,2,6,0,8,0,0,4,0,4,0,2,10,0,12,8,0,8,20
01/05/2009,OWB,KY,ASO,CE,Federal Contract Tower,0,0,7,1,8,0,0,50,0,50,0,0,57,1,58,76,0,76,134
01/06/2009,OWB,KY,ASO,CE,Federal Contract Tower,0,0,4,2,6,0,0,0,0,0,0,0,4,2,6,0,0,0,6
01/07/2009,OWB,KY,ASO,CE,Federal Contract Tower,0,0,9,1,10,0,0,25,0,25,0,0,34,1,35,38,2,40,75
01/08/2009,OWB,KY,ASO,CE,Federal Contract Tower,0,2,5,4,11,0,0,49,0,49,0,2,54,4,60,64,8,72,132
01/09/2009,OWB,KY,ASO,CE,Federal Contract Tower,0,0,18,0,18,0,0,59,0,59,0,0,77,0,77,72,0,72,149
01/10/2009,OWB,KY,ASO,CE,Federal Contract Tower,0,0,0,0,0,0,0,0,0,0,0,0,0,0,0,0,0,0,0
01/11/2009,OWB,KY,ASO,CE,Federal Contract Tower,0,0,2,0,2,0,0,48,2,50,0,0,50,2,52,92,8,100,152
01/12/2009,OWB,KY,ASO,CE,Federal Contract Tower,0,1,8,0,9,0,0,57,0,57,0,1,65,0,66,88,0,88,154
01/13/2009,OWB,KY,ASO,CE,Federal Contract Tower,0,6,12,2,20,0,0,40,0,40,0,6,52,2,60,42,0,42,102
01/14/2009,OWB,KY,ASO,CE,Federal Contract Tower,0,0,6,0,6,0,0,22,0,22,0,0,28,0,28,20,0,20,48
01/15/2009,OWB,KY,ASO,CE,Federal Contract Tower,0,0,13,6,19,0,0,58,2,60,0,0,71,8,79,66,24,90,169
01/16/2009,OWB,KY,ASO,CE,Federal Contract Tower,0,1,8,3,12,0,0,59,6,65,0,1,67,9,77,116,20,136,213
01/17/2009,OWB,KY,ASO,CE,Federal Contract Tower,0,2,2,0,4,0,0,43,0,43,0,2,45,0,47,80,0,80,127
01/18/2009,OWB,KY,ASO,CE,Federal Contract Tower,0,0,0,0,0,0,0,27,0,27,0,0,27,0,27,42,0,42,69
01/19/2009,OWB,KY,ASO,CE,Federal Contract Tower,0,0,3,0,3,0,0,42,0,42,0,0,45,0,45,48,0,48,93
01/20/2009,OWB,KY,ASO,CE,Federal Contract Tower,0,2,9,0,11,0,0,54,0,54,0,2,63,0,65,78,0,78,143
01/21/2009,OWB,KY,ASO,CE,Federal Contract Tower,0,1,9,2,12,0,0,51,0,51,0,1,60,2,63,64,8,72,135
01/22/2009,OWB,KY,ASO,CE,Federal Contract Tower,0,1,3,4,8,0,0,83,4,87,0,1,86,8,95,69,20,89,184
01/23/2009,OWB,KY,ASO,CE,Federal Contract Tower,0,4,10,6,20,0,0,65,0,65,0,4,75,6,85,74,12,86,171
01/24/2009,OWB,KY,ASO,CE,Federal Contract Tower,0,0,5,0,5,0,0,65,0,65,0,0,70,0,70,78,0,78,148
01/25/2009,OWB,KY,ASO,CE,Federal Contract Tower,0,0,4,0,4,0,0,38,0,38,0,0,42,0,42,58,0,58,100
01/26/2009,OWB,KY,ASO,CE,Federal Contract Tower,0,2,8,0,10,0,0,27,0,27,0,2,35,0,37,32,0,32,69
01/27/2009,OWB,KY,ASO,CE,Federal Contract Tower,0,0,0,0,0,0,0,0,0,0,0,0,0,0,0,0,0,0,0
01/28/2009,OWB,KY,ASO,CE,Federal Contract Tower,0,0,0,0,0,0,0,0,0,0,0,0,0,0,0,0,0,0,0
01/29/2009,OWB,KY,ASO,CE,Federal Contract Tower,0,0,0,0,0,0,0,0,0,0,0,0,0,0,0,0,0,0,0
01/30/2009,OWB,KY,ASO,CE,Federal Contract Tower,0,0,0,0,0,0,0,0,0,0,0,0,0,0,0,0,0,0,0
01/31/2009,OWB,KY,ASO,CE,Federal Contract Tower,0,0,0,0,0,0,0,0,0,0,0,0,0,0,0,0,0,0,0
02/01/2009,OWB,KY,ASO,CE,Federal Contract Tower,0,0,4,0,4,0,0,32,0,32,0,0,36,0,36,40,0,40,76
02/02/2009,OWB,KY,ASO,CE,Federal Contract Tower,0,0,2,5,7,0,0,44,9,53,0,0,46,14,60,70,32,102,162
02/03/2009,OWB,KY,ASO,CE,Federal Contract Tower,0,0,2,0,2,0,0,31,4,35,0,0,33,4,37,0,0,0,37
02/04/2009,OWB,KY,ASO,CE,Federal Contract Tower,0,2,5,0,7,0,0,64,0,64,0,2,69,0,71,68,0,68,139
02/05/2009,OWB,KY,ASO,CE,Federal Contract Tower,0,2,4,2,8,0,0,64,2,66,0,2,68,4,74,70,6,76,150
02/06/2009,OWB,KY,ASO,CE,Federal Contract Tower,0,1,6,2,9,0,0,65,1,66,0,1,71,3,75,68,8,76,151
02/07/2009,OWB,KY,ASO,CE,Federal Contract Tower,0,2,6,0,8,0,50,4,0,54,0,52,10,0,62,62,14,76,138
02/08/2009,OWB,KY,ASO,CE,Federal Contract Tower,0,0,4,0,4,0,0,56,0,56,0,0,60,0,60,70,0,70,130
02/09/2009,OWB,KY,ASO,CE,Federal Contract Tower,0,3,4,0,7,0,0,42,0,42,0,3,46,0,49,60,0,60,109
02/10/2009,OWB,KY,ASO,CE,Federal Contract Tower,0,3,3,0,6,0,0,20,0,20,0,3,23,0,26,0,0,0,26
02/11/2009,OWB,KY,ASO,CE,Federal Contract Tower,0,0,6,0,6,0,0,21,0,21,0,0,27,0,27,6,0,6,33
02/12/2009,OWB,KY,ASO,CE,Federal Contract Tower,0,2,14,2,18,0,0,84,0,84,0,2,98,2,102,108,12,120,222
02/13/2009,OWB,KY,ASO,CE,Federal Contract Tower,0,0,10,2,12,0,0,59,3,62,0,0,69,5,74,54,18,72,146
02/14/2009,OWB,KY,ASO,CE,Federal Contract Tower,0,2,8,0,10,0,0,43,0,43,0,2,51,0,53,52,0,52,105
02/15/2009,OWB,KY,ASO,CE,Federal Contract Tower,0,0,6,6,12,0,0,70,0,70,0,0,76,6,82,58,0,58,140
02/16/2009,OWB,KY,ASO,CE,Federal Contract Tower,0,3,6,0,9,0,0,42,0,42,0,3,48,0,51,70,0,70,121
02/17/2009,OWB,KY,ASO,CE,Federal Contract Tower,0,3,6,1,10,0,0,51,6,57,0,3,57,7,67,70,12,82,149
02/18/2009,OWB,KY,ASO,CE,Federal Contract Tower,0,3,10,0,13,0,0,43,0,43,0,3,53,0,56,28,0,28,84
02/19/2009,OWB,KY,ASO,CE,Federal Contract Tower,2,3,2,2,9,0,0,52,0,52,2,3,54,2,61,62,0,62,123
02/20/2009,OWB,KY,ASO,CE,Federal Contract Tower,0,3,14,0,17,0,0,60,2,62,0,3,74,2,79,74,8,82,161
02/21/2009,OWB,KY,ASO,CE,Federal Contract Tower,2,1,1,0,4,0,0,30,0,30,2,1,31,0,34,32,0,32,66
02/22/2009,OWB,KY,ASO,CE,Federal Contract Tower,0,0,3,0,3,0,0,52,0,52,0,0,55,0,55,56,0,56,111
02/23/2009,OWB,KY,ASO,CE,Federal Contract Tower,0,0,0,0,0,0,0,50,0,50,0,0,50,0,50,66,0,66,116
02/24/2009,OWB,KY,ASO,CE,Federal Contract Tower,0,0,12,4,16,0,0,67,2,69,0,0,79,6,85,88,20,108,193
02/25/2009,OWB,KY,ASO,CE,Federal Contract Tower,2,5,7,0,14,0,0,52,2,54,2,5,59,2,68,62,6,68,136
02/26/2009,OWB,KY,ASO,CE,Federal Contract Tower,0,2,10,0,12,0,0,44,0,44,0,2,54,0,56,66,0,66,122
02/27/2009,OWB,KY,ASO,CE,Federal Contract Tower,0,7,12,1,20,0,0,34,0,34,0,7,46,1,54,52,2,54,108
02/28/2009,OWB,KY,ASO,CE,Federal Contract Tower,2,2,0,0,4,0,0,20,0,20,2,2,20,0,24,28,0,28,52
03/01/2009,OWB,KY,ASO,CE,Federal Contract Tower,0,3,12,0,15,0,0,58,0,58,0,3,70,0,73,48,0,48,121
03/02/2009,OWB,KY,ASO,CE,Federal Contract Tower,0,2,8,5,15,0,0,64,9,73,0,2,72,14,88,66,28,94,182
03/03/2009,OWB,KY,ASO,CE,Federal Contract Tower,0,0,3,1,4,0,0,55,5,60,0,0,58,6,64,62,8,70,134
03/04/2009,OWB,KY,ASO,CE,Federal Contract Tower,2,2,14,1,19,0,0,62,1,63,2,2,76,2,82,106,4,110,192
03/05/2009,OWB,KY,ASO,CE,Federal Contract Tower,0,0,2,4,6,0,0,46,2,48,0,0,48,6,54,70,4,74,128
03/06/2009,OWB,KY,ASO,CE,Federal Contract Tower,0,2,20,3,25,0,0,50,6,56,0,2,70,9,81,90,12,102,183
03/07/2009,OWB,KY,ASO,CE,Federal Contract Tower,2,2,6,0,10,0,0,55,0,55,2,2,61,0,65,38,0,38,103
03/08/2009,OWB,KY,ASO,CE,Federal Contract Tower,0,0,2,0,2,0,0,24,0,24,0,0,26,0,26,34,0,34,60
03/09/2009,OWB,KY,ASO,CE,Federal Contract Tower,0,0,5,1,6,0,0,65,2,67,0,0,70,3,73,62,6,68,141
03/10/2009,OWB,KY,ASO,CE,Federal Contract Tower,0,1,8,0,9,0,2,54,3,59,0,3,62,3,68,56,8,64,132
03/11/2009,OWB,KY,ASO,CE,Federal Contract Tower,2,0,5,3,10,0,0,54,4,58,2,0,59,7,68,90,22,112,180
03/12/2009,OWB,KY,ASO,CE,Federal Contract Tower,0,1,6,3,10,0,0,46,6,52,0,1,52,9,62,70,20,90,152
03/13/2009,OWB,KY,ASO,CE,Federal Contract Tower,0,3,10,0,13,0,0,56,1,57,0,3,66,1,70,98,6,104,174
03/14/2009,OWB,KY,ASO,CE,Federal Contract Tower,2,4,15,0,21,0,0,13,0,13,2,4,28,0,34,12,0,12,46
03/15/2009,OWB,KY,ASO,CE,Federal Contract Tower,0,0,6,0,6,0,0,52,0,52,0,0,58,0,58,66,0,66,124
03/16/2009,OWB,KY,ASO,CE,Federal Contract Tower,0,1,7,10,18,0,0,60,4,64,0,1,67,14,82,72,32,104,186
03/17/2009,OWB,KY,ASO,CE,Federal Contract Tower,0,3,10,0,13,0,0,67,2,69,0,3,77,2,82,104,8,112,194
03/18/2009,OWB,KY,ASO,CE,Federal Contract Tower,2,3,9,1,15,0,0,59,2,61,2,3,68,3,76,100,4,104,180
03/19/2009,OWB,KY,ASO,CE,Federal Contract Tower,0,2,8,4,14,0,0,50,6,56,0,2,58,10,70,84,16,100,170
03/20/2009,OWB,KY,ASO,CE,Federal Contract Tower,0,2,12,0,14,0,0,67,0,67,0,2,79,0,81,86,0,86,167
03/21/2009,OWB,KY,ASO,CE,Federal Contract Tower,2,0,12,0,14,0,0,84,0,84,2,0,96,0,98,96,0,96,194
03/22/2009,OWB,KY,ASO,CE,Federal Contract Tower,0,3,5,0,8,0,2,67,0,69,0,5,72,0,77,88,0,88,165
03/23/2009,OWB,KY,ASO,CE,Federal Contract Tower,0,0,1,2,3,0,0,61,3,64,0,0,62,5,67,66,14,80,147
03/24/2009,OWB,KY,ASO,CE,Federal Contract Tower,0,1,4,0,5,0,0,39,0,39,0,1,43,0,44,46,0,46,90
03/25/2009,OWB,KY,ASO,CE,Federal Contract Tower,3,2,6,0,11,0,1,25,2,28,3,3,31,2,39,52,4,56,95
03/26/2009,OWB,KY,ASO,CE,Federal Contract Tower,0,0,15,3,18,0,0,58,1,59,0,0,73,4,77,118,2,120,197
03/27/2009,OWB,KY,ASO,CE,Federal Contract Tower,0,5,7,0,12,0,0,53,0,53,0,5,60,0,65,64,0,64,129
03/28/2009,OWB,KY,ASO,CE,Federal Contract Tower,2,1,8,0,11,0,0,6,0,6,2,1,14,0,17,0,0,0,17
03/29/2009,OWB,KY,ASO,CE,Federal Contract Tower,0,0,2,0,2,0,0,33,0,33,0,0,35,0,35,10,0,10,45
03/30/2009,OWB,KY,ASO,CE,Federal Contract Tower,0,1,12,0,13,0,0,78,0,78,0,1,90,0,91,88,0,88,179
03/31/2009,OWB,KY,ASO,CE,Federal Contract Tower,0,0,7,2,9,0,0,26,0,26,0,0,33,2,35,36,8,44,79
04/01/2009,OWB,KY,ASO,CE,Federal Contract Tower,2,1,5,3,11,0,0,48,3,51,2,1,53,6,62,74,16,90,152
04/02/2009,OWB,KY,ASO,CE,Federal Contract Tower,0,0,5,0,5,0,0,20,0,20,0,0,25,0,25,22,0,22,47
04/03/2009,OWB,KY,ASO,CE,Federal Contract Tower,0,0,17,0,17,0,0,53,0,53,0,0,70,0,70,74,0,74,144
04/04/2009,OWB,KY,ASO,CE,Federal Contract Tower,0,5,8,2,15,0,0,95,0,95,0,5,103,2,110,126,2,128,238
04/05/2009,OWB,KY,ASO,CE,Federal Contract Tower,0,1,8,0,9,0,0,38,0,38,0,1,46,0,47,36,0,36,83
04/06/2009,OWB,KY,ASO,CE,Federal Contract Tower,0,0,2,0,2,0,0,32,0,32,0,0,34,0,34,16,0,16,50
04/07/2009,OWB,KY,ASO,CE,Federal Contract Tower,0,2,3,0,5,0,0,50,0,50,0,2,53,0,55,64,0,64,119
04/08/2009,OWB,KY,ASO,CE,Federal Contract Tower,2,3,10,1,16,0,0,57,1,58,2,3,67,2,74,96,2,98,172
04/09/2009,OWB,KY,ASO,CE,Federal Contract Tower,0,0,13,0,13,0,0,55,4,59,0,0,68,4,72,74,8,82,154
04/10/2009,OWB,KY,ASO,CE,Federal Contract Tower,0,0,2,0,2,0,0,36,1,37,0,0,38,1,39,42,4,46,85
04/11/2009,OWB,KY,ASO,CE,Federal Contract Tower,2,3,15,0,20,0,0,90,0,90,2,3,105,0,110,96,0,96,206
04/12/2009,OWB,KY,ASO,CE,Federal Contract Tower,0,0,4,0,4,0,0,51,0,51,0,0,55,0,55,84,0,84,139
04/13/2009,OWB,KY,ASO,CE,Federal Contract Tower,0,3,3,0,6,0,0,51,1,52,0,3,54,1,58,60,0,60,118
04/14/2009,OWB,KY,ASO,CE,Federal Contract Tower,0,0,8,1,9,0,0,39,1,40,0,0,47,2,49,40,0,40,89
04/15/2009,OWB,KY,ASO,CE,Federal Contract Tower,2,1,9,3,15,0,0,39,10,49,2,1,48,13,64,56,38,94,158
04/16/2009,OWB,KY,ASO,CE,Federal Contract Tower,0,0,13,0,13,0,0,53,8,61,0,0,66,8,74,66,28,94,168
04/17/2009,OWB,KY,ASO,CE,Federal Contract Tower,0,1,19,0,20,0,0,75,2,77,0,1,94,2,97,104,8,112,209
04/18/2009,OWB,KY,ASO,CE,Federal Contract Tower,2,0,9,0,11,0,0,84,0,84,2,0,93,0,95,94,0,94,189
04/19/2009,OWB,KY,ASO,CE,Federal Contract Tower,0,1,6,0,7,0,0,13,0,13,0,1,19,0,20,18,0,18,38
04/20/2009,OWB,KY,ASO,CE,Federal Contract Tower,0,2,11,4,17,0,0,54,3,57,0,2,65,7,74,50,24,74,148
04/21/2009,OWB,KY,ASO,CE,Federal Contract Tower,0,0,7,1,8,0,0,53,5,58,0,0,60,6,66,74,12,86,152
04/22/2009,OWB,KY,ASO,CE,Federal Contract Tower,2,0,6,0,8,0,0,60,4,64,2,0,66,4,72,56,14,70,142
04/23/2009,OWB,KY,ASO,CE,Federal Contract Tower,0,0,6,2,8,0,0,65,6,71,0,0,71,8,79,88,6,94,173
04/24/2009,OWB,KY,ASO,CE,Federal Contract Tower,0,3,13,0,16,0,0,59,0,59,0,3,72,0,75,68,0,68,143
04/25/2009,OWB,KY,ASO,CE,Federal Contract Tower,2,1,5,0,8,0,0,51,0,51,2,1,56,0,59,72,0,72,131
04/26/2009,OWB,KY,ASO,CE,Federal Contract Tower,0,2,6,0,8,0,0,53,0,53,0,2,59,0,61,92,0,92,153
04/27/2009,OWB,KY,ASO,CE,Federal Contract Tower,0,0,9,0,9,0,0,56,0,56,0,0,65,0,65,88,0,88,153
04/28/2009,OWB,KY,ASO,CE,Federal Contract Tower,0,0,11,1,12,0,0,31,1,32,0,0,42,2,44,38,4,42,86
04/29/2009,OWB,KY,ASO,CE,Federal Contract Tower,2,1,10,0,13,0,0,36,0,36,2,1,46,0,49,46,0,46,95
04/30/2009,OWB,KY,ASO,CE,Federal Contract Tower,0,1,9,0,10,0,0,29,0,29,0,1,38,0,39,40,0,40,79
05/01/2009,OWB,KY,ASO,CE,Federal Contract Tower,0,1,6,0,7,0,0,35,0,35,0,1,41,0,42,44,0,44,86
05/02/2009,OWB,KY,ASO,CE,Federal Contract Tower,2,0,5,0,7,0,0,36,0,36,2,0,41,0,43,78,0,78,121
05/03/2009,OWB,KY,ASO,CE,Federal Contract Tower,0,0,9,0,9,0,0,36,0,36,0,0,45,0,45,50,0,50,95
05/04/2009,OWB,KY,ASO,CE,Federal Contract Tower,0,2,13,2,17,0,0,43,2,45,0,2,56,4,62,66,14,80,142
05/05/2009,OWB,KY,ASO,CE,Federal Contract Tower,0,2,11,0,13,0,0,68,2,70,0,2,79,2,83,88,6,94,177
05/06/2009,OWB,KY,ASO,CE,Federal Contract Tower,2,0,9,3,14,0,0,20,1,21,2,0,29,4,35,20,6,26,61
05/07/2009,OWB,KY,ASO,CE,Federal Contract Tower,0,2,14,2,18,0,0,86,4,90,0,2,100,6,108,54,12,66,174
05/08/2009,OWB,KY,ASO,CE,Federal Contract Tower,0,0,6,0,6,0,0,66,0,66,0,0,72,0,72,68,0,68,140
05/09/2009,OWB,KY,ASO,CE,Federal Contract Tower,2,0,9,0,11,0,0,71,0,71,2,0,80,0,82,94,0,94,176
05/10/2009,OWB,KY,ASO,CE,Federal Contract Tower,0,0,3,0,3,0,0,67,0,67,0,0,70,0,70,84,0,84,154
05/11/2009,OWB,KY,ASO,CE,Federal Contract Tower,0,2,7,1,10,0,0,68,0,68,0,2,75,1,78,84,0,84,162
05/12/2009,OWB,KY,ASO,CE,Federal Contract Tower,0,5,11,1,17,0,0,68,4,72,0,5,79,5,89,92,12,104,193
05/13/2009,OWB,KY,ASO,CE,Federal Contract Tower,2,3,11,3,19,0,0,44,5,49,2,3,55,8,68,42,16,58,126
05/14/2009,OWB,KY,ASO,CE,Federal Contract Tower,0,0,7,2,9,0,0,43,3,46,0,0,50,5,55,52,6,58,113
05/15/2009,OWB,KY,ASO,CE,Federal Contract Tower,0,1,8,2,11,0,0,64,0,64,0,1,72,2,75,74,0,74,149
05/16/2009,OWB,KY,ASO,CE,Federal Contract Tower,2,0,7,0,9,0,0,54,0,54,2,0,61,0,63,58,0,58,121
05/17/2009,OWB,KY,ASO,CE,Federal Contract Tower,0,0,6,1,7,0,0,57,1,58,0,0,63,2,65,70,8,78,143
05/18/2009,OWB,KY,ASO,CE,Federal Contract Tower,0,0,5,1,6,0,0,61,0,61,0,0,66,1,67,76,0,76,143
05/19/2009,OWB,KY,ASO,CE,Federal Contract Tower,0,2,8,2,12,0,0,76,0,76,0,2,84,2,88,78,0,78,166
05/20/2009,OWB,KY,ASO,CE,Federal Contract Tower,2,0,6,2,10,0,3,65,0,68,2,3,71,2,78,80,6,86,164
05/21/2009,OWB,KY,ASO,CE,Federal Contract Tower,0,3,12,0,15,0,0,65,2,67,0,3,77,2,82,80,0,80,162
05/22/2009,OWB,KY,ASO,CE,Federal Contract Tower,0,4,8,0,12,0,0,60,1,61,0,4,68,1,73,62,4,66,139
05/23/2009,OWB,KY,ASO,CE,Federal Contract Tower,2,0,5,0,7,0,0,66,0,66,2,0,71,0,73,106,0,106,179
05/24/2009,OWB,KY,ASO,CE,Federal Contract Tower,0,1,9,0,10,0,0,40,0,40,0,1,49,0,50,42,0,42,92
05/25/2009,OWB,KY,ASO,CE,Federal Contract Tower,0,0,0,0,0,0,0,39,0,39,0,0,39,0,39,88,0,88,127
05/26/2009,OWB,KY,ASO,CE,Federal Contract Tower,0,1,8,0,9,0,0,52,2,54,0,1,60,2,63,76,4,80,143
05/27/2009,OWB,KY,ASO,CE,Federal Contract Tower,2,3,9,0,14,0,0,52,0,52,2,3,61,0,66,62,0,62,128
05/28/2009,OWB,KY,ASO,CE,Federal Contract Tower,0,1,3,4,8,0,0,52,3,55,0,1,55,7,63,48,20,68,131
05/29/2009,OWB,KY,ASO,CE,Federal Contract Tower,0,0,19,5,24,0,0,64,9,73,0,0,83,14,97,62,32,94,191
05/30/2009,OWB,KY,ASO,CE,Federal Contract Tower,2,1,10,0,13,0,0,70,0,70,2,1,80,0,83,78,0,78,161
05/31/2009,OWB,KY,ASO,CE,Federal Contract Tower,0,0,10,0,10,0,0,52,0,52,0,0,62,0,62,60,0,60,122
06/01/2009,OWB,KY,ASO,CE,Federal Contract Tower,0,1,3,3,7,0,0,53,1,54,0,1,56,4,61,66,12,78,139
06/02/2009,OWB,KY,ASO,CE,Federal Contract Tower,0,3,6,2,11,0,0,60,0,60,0,3,66,2,71,64,0,64,135
06/03/2009,OWB,KY,ASO,CE,Federal Contract Tower,2,6,0,0,8,0,0,45,0,45,2,6,45,0,53,46,0,46,99
06/04/2009,OWB,KY,ASO,CE,Federal Contract Tower,0,0,23,5,28,0,0,22,1,23,0,0,45,6,51,26,16,42,93
06/05/2009,OWB,KY,ASO,CE,Federal Contract Tower,0,0,14,0,14,0,0,119,0,119,0,0,133,0,133,170,0,170,303
06/06/2009,OWB,KY,ASO,CE,Federal Contract Tower,2,0,5,0,7,0,0,175,0,175,2,0,180,0,182,288,0,288,470
06/07/2009,OWB,KY,ASO,CE,Federal Contract Tower,0,0,20,0,20,0,0,90,3,93,0,0,110,3,113,126,6,132,245
06/08/2009,OWB,KY,ASO,CE,Federal Contract Tower,0,1,6,3,10,0,0,56,3,59,0,1,62,6,69,76,18,94,163
06/09/2009,OWB,KY,ASO,CE,Federal Contract Tower,0,1,13,2,16,0,0,70,0,70,0,1,83,2,86,80,6,86,172
06/10/2009,OWB,KY,ASO,CE,Federal Contract Tower,2,1,10,2,15,0,0,61,0,61,2,1,71,2,76,68,6,74,150
06/11/2009,OWB,KY,ASO,CE,Federal Contract Tower,0,2,7,0,9,0,0,40,0,40,0,2,47,0,49,56,0,56,105
06/12/2009,OWB,KY,ASO,CE,Federal Contract Tower,0,1,11,2,14,0,0,39,0,39,0,1,50,2,53,70,0,70,123
06/13/2009,OWB,KY,ASO,CE,Federal Contract Tower,2,0,2,0,4,0,0,65,4,69,2,0,67,4,73,44,8,52,125
06/14/2009,OWB,KY,ASO,CE,Federal Contract Tower,0,1,7,0,8,0,0,45,0,45,0,1,52,0,53,44,0,44,97
06/15/2009,OWB,KY,ASO,CE,Federal Contract Tower,0,2,7,0,9,0,0,40,2,42,0,2,47,2,51,46,8,54,105
06/16/2009,OWB,KY,ASO,CE,Federal Contract Tower,0,2,11,0,13,0,0,32,0,32,0,2,43,0,45,40,0,40,85
06/17/2009,OWB,KY,ASO,CE,Federal Contract Tower,2,1,13,3,19,0,0,41,0,41,2,1,54,3,60,28,4,32,92
06/18/2009,OWB,KY,ASO,CE,Federal Contract Tower,0,0,13,2,15,0,0,58,1,59,0,0,71,3,74,88,4,92,166
06/19/2009,OWB,KY,ASO,CE,Federal Contract Tower,0,0,7,4,11,0,0,47,2,49,0,0,54,6,60,66,4,70,130
06/20/2009,OWB,KY,ASO,CE,Federal Contract Tower,2,0,6,0,8,0,0,71,1,72,2,0,77,1,80,66,4,70,150
06/21/2009,OWB,KY,ASO,CE,Federal Contract Tower,0,0,6,0,6,0,0,60,0,60,0,0,66,0,66,56,0,56,122
06/22/2009,OWB,KY,ASO,CE,Federal Contract Tower,0,0,0,0,0,0,0,40,2,42,0,0,40,2,42,40,6,46,88
06/23/2009,OWB,KY,ASO,CE,Federal Contract Tower,0,0,9,0,9,0,0,62,2,64,0,0,71,2,73,78,6,84,157
06/24/2009,OWB,KY,ASO,CE,Federal Contract Tower,2,0,9,3,14,0,0,59,4,63,2,0,68,7,77,92,16,108,185
06/25/2009,OWB,KY,ASO,CE,Federal Contract Tower,0,4,17,4,25,0,0,56,1,57,0,4,73,5,82,82,6,88,170
06/26/2009,OWB,KY,ASO,CE,Federal Contract Tower,0,1,5,0,6,0,0,61,0,61,0,1,66,0,67,72,0,72,139
06/27/2009,OWB,KY,ASO,CE,Federal Contract Tower,2,1,10,0,13,0,0,105,0,105,2,1,115,0,118,82,0,82,200
06/28/2009,OWB,KY,ASO,CE,Federal Contract Tower,0,0,5,0,5,0,0,79,0,79,0,0,84,0,84,70,0,70,154
06/29/2009,OWB,KY,ASO,CE,Federal Contract Tower,0,0,17,2,19,0,0,66,4,70,0,0,83,6,89,68,10,78,167
06/30/2009,OWB,KY,ASO,CE,Federal Contract Tower,0,1,6,1,8,0,0,58,5,63,0,1,64,6,71,72,10,82,153
07/01/2009,OWB,KY,ASO,CE,Federal Contract Tower,2,0,11,0,13,0,0,57,2,59,2,0,68,2,72,86,4,90,162
07/02/2009,OWB,KY,ASO,CE,Federal Contract Tower,0,0,6,0,6,0,0,57,0,57,0,0,63,0,63,82,0,82,145
07/03/2009,OWB,KY,ASO,CE,Federal Contract Tower,0,0,11,0,11,0,0,90,0,90,0,0,101,0,101,90,0,90,191
07/04/2009,OWB,KY,ASO,CE,Federal Contract Tower,2,0,1,2,5,0,0,33,0,33,2,0,34,2,38,28,6,34,72
07/05/2009,OWB,KY,ASO,CE,Federal Contract Tower,0,0,9,0,9,0,0,18,0,18,0,0,27,0,27,16,0,16,43
07/06/2009,OWB,KY,ASO,CE,Federal Contract Tower,0,9,5,0,14,0,0,93,0,93,0,9,98,0,107,64,0,64,171
07/07/2009,OWB,KY,ASO,CE,Federal Contract Tower,0,0,9,3,12,0,0,105,1,106,0,0,114,4,118,84,12,96,214
07/08/2009,OWB,KY,ASO,CE,Federal Contract Tower,2,5,9,2,18,0,0,54,4,58,2,5,63,6,76,78,16,94,170
07/09/2009,OWB,KY,ASO,CE,Federal Contract Tower,0,3,11,2,16,0,0,61,2,63,0,3,72,4,79,90,10,100,179
07/10/2009,OWB,KY,ASO,CE,Federal Contract Tower,0,2,10,0,12,0,0,51,0,51,0,2,61,0,63,64,0,64,127
07/11/2009,OWB,KY,ASO,CE,Federal Contract Tower,4,2,3,0,9,0,0,54,1,55,4,2,57,1,64,50,0,50,114
07/12/2009,OWB,KY,ASO,CE,Federal Contract Tower,0,0,7,0,7,0,0,54,0,54,0,0,61,0,61,58,0,58,119
07/13/2009,OWB,KY,ASO,CE,Federal Contract Tower,0,0,12,0,12,0,0,69,2,71,0,0,81,2,83,84,6,90,173
07/14/2009,OWB,KY,ASO,CE,Federal Contract Tower,0,0,8,0,8,0,0,91,4,95,0,0,99,4,103,106,10,116,219
07/15/2009,OWB,KY,ASO,CE,Federal Contract Tower,2,0,10,1,13,0,0,36,7,43,2,0,46,8,56,52,14,66,122
07/16/2009,OWB,KY,ASO,CE,Federal Contract Tower,0,0,15,3,18,0,0,54,4,58,0,0,69,7,76,98,12,110,186
07/17/2009,OWB,KY,ASO,CE,Federal Contract Tower,0,0,13,0,13,0,0,43,2,45,0,0,56,2,58,62,4,66,124
07/18/2009,OWB,KY,ASO,CE,Federal Contract Tower,2,0,9,0,11,0,0,96,0,96,2,0,105,0,107,82,0,82,189
07/19/2009,OWB,KY,ASO,CE,Federal Contract Tower,0,0,8,0,8,0,0,56,0,56,0,0,64,0,64,92,0,92,156
07/20/2009,OWB,KY,ASO,CE,Federal Contract Tower,0,4,6,1,11,0,0,69,1,70,0,4,75,2,81,60,6,66,147
07/21/2009,OWB,KY,ASO,CE,Federal Contract Tower,0,2,14,0,16,0,0,55,0,55,0,2,69,0,71,62,0,62,133
07/22/2009,OWB,KY,ASO,CE,Federal Contract Tower,2,2,6,0,10,0,0,10,0,10,2,2,16,0,20,18,0,18,38
07/23/2009,OWB,KY,ASO,CE,Federal Contract Tower,0,4,6,1,11,0,0,55,3,58,0,4,61,4,69,74,6,80,149
07/24/2009,OWB,KY,ASO,CE,Federal Contract Tower,0,2,11,0,13,0,3,52,4,59,0,5,63,4,72,86,8,94,166
07/25/2009,OWB,KY,ASO,CE,Federal Contract Tower,2,1,1,0,4,0,0,50,0,50,2,1,51,0,54,68,0,68,122
07/26/2009,OWB,KY,ASO,CE,Federal Contract Tower,0,0,8,0,8,0,0,75,0,75,0,0,83,0,83,74,0,74,157
07/27/2009,OWB,KY,ASO,CE,Federal Contract Tower,0,2,14,3,19,0,0,74,0,74,0,2,88,3,93,74,6,80,173
07/28/2009,OWB,KY,ASO,CE,Federal Contract Tower,0,0,7,3,10,0,0,55,1,56,0,0,62,4,66,52,10,62,128
07/29/2009,OWB,KY,ASO,CE,Federal Contract Tower,2,2,10,3,17,0,2,47,0,49,2,4,57,3,66,60,8,68,134
07/30/2009,OWB,KY,ASO,CE,Federal Contract Tower,0,2,6,2,10,0,0,24,0,24,0,2,30,2,34,40,8,48,82
07/31/2009,OWB,KY,ASO,CE,Federal Contract Tower,0,7,13,3,23,0,0,45,1,46,0,7,58,4,69,58,6,64,133
08/01/2009,OWB,KY,ASO,CE,Federal Contract Tower,2,1,2,0,5,0,0,68,0,68,2,1,70,0,73,78,0,78,151
08/02/2009,OWB,KY,ASO,CE,Federal Contract Tower,0,0,6,0,6,0,0,58,0,58,0,0,64,0,64,58,0,58,122
08/03/2009,OWB,KY,ASO,CE,Federal Contract Tower,0,2,9,2,13,0,0,77,8,85,0,2,86,10,98,76,14,90,188
08/04/2009,OWB,KY,ASO,CE,Federal Contract Tower,0,6,11,1,18,0,0,40,1,41,0,6,51,2,59,50,2,52,111
08/05/2009,OWB,KY,ASO,CE,Federal Contract Tower,2,0,15,0,17,0,0,29,2,31,2,0,44,2,48,58,4,62,110
08/06/2009,OWB,KY,ASO,CE,Federal Contract Tower,0,4,16,1,21,0,0,56,1,57,0,4,72,2,78,92,2,94,172
08/07/2009,OWB,KY,ASO,CE,Federal Contract Tower,0,0,15,0,15,0,0,67,0,67,0,0,82,0,82,66,0,66,148
08/08/2009,OWB,KY,ASO,CE,Federal Contract Tower,2,2,6,0,10,0,0,59,0,59,2,2,65,0,69,82,0,82,151
08/09/2009,OWB,KY,ASO,CE,Federal Contract Tower,0,1,3,0,4,0,0,46,0,46,0,1,49,0,50,60,0,60,110
08/10/2009,OWB,KY,ASO,CE,Federal Contract Tower,0,5,6,2,13,0,0,43,0,43,0,5,49,2,56,58,0,58,114
08/11/2009,OWB,KY,ASO,CE,Federal Contract Tower,0,2,11,2,15,0,0,54,1,55,0,2,65,3,70,78,4,82,152
08/12/2009,OWB,KY,ASO,CE,Federal Contract Tower,0,7,7,0,14,0,0,79,2,81,0,7,86,2,95,90,4,94,189
08/13/2009,OWB,KY,ASO,CE,Federal Contract Tower,0,1,7,0,8,0,0,64,1,65,0,1,71,1,73,88,0,88,161
08/14/2009,OWB,KY,ASO,CE,Federal Contract Tower,0,2,15,2,19,0,0,61,0,61,0,2,76,2,80,90,0,90,170
08/15/2009,OWB,KY,ASO,CE,Federal Contract Tower,0,0,14,0,14,0,0,104,0,104,0,0,118,0,118,120,0,120,238
08/16/2009,OWB,KY,ASO,CE,Federal Contract Tower,0,1,15,2,18,0,0,52,0,52,0,1,67,2,70,78,4,82,152
08/17/2009,OWB,KY,ASO,CE,Federal Contract Tower,0,0,8,0,8,0,0,74,1,75,0,0,82,1,83,90,2,92,175
08/18/2009,OWB,KY,ASO,CE,Federal Contract Tower,0,5,11,0,16,0,0,49,0,49,0,5,60,0,65,62,0,62,127
08/19/2009,OWB,KY,ASO,CE,Federal Contract Tower,0,2,6,1,9,0,0,52,4,56,0,2,58,5,65,80,14,94,159
08/20/2009,OWB,KY,ASO,CE,Federal Contract Tower,0,0,7,0,7,0,0,45,0,45,0,0,52,0,52,60,0,60,112
08/21/2009,OWB,KY,ASO,CE,Federal Contract Tower,0,0,9,0,9,0,0,47,0,47,0,0,56,0,56,58,0,58,114
08/22/2009,OWB,KY,ASO,CE,Federal Contract Tower,0,0,11,0,11,0,0,63,0,63,0,0,74,0,74,76,0,76,150
08/23/2009,OWB,KY,ASO,CE,Federal Contract Tower,0,0,8,0,8,0,0,75,1,76,0,0,83,1,84,88,2,90,174
08/24/2009,OWB,KY,ASO,CE,Federal Contract Tower,0,2,4,1,7,0,0,68,8,76,0,2,72,9,83,84,20,104,187
08/25/2009,OWB,KY,ASO,CE,Federal Contract Tower,0,2,13,0,15,0,4,88,5,97,0,6,101,5,112,96,14,110,222
08/26/2009,OWB,KY,ASO,CE,Federal Contract Tower,0,2,16,0,18,0,0,57,6,63,0,2,73,6,81,74,14,88,169
08/27/2009,OWB,KY,ASO,CE,Federal Contract Tower,0,1,10,0,11,0,0,59,16,75,0,1,69,16,86,64,36,100,186
08/28/2009,OWB,KY,ASO,CE,Federal Contract Tower,0,5,9,5,19,0,0,56,1,57,0,5,65,6,76,75,14,89,165
08/29/2009,OWB,KY,ASO,CE,Federal Contract Tower,0,2,2,0,4,0,0,47,0,47,0,2,49,0,51,72,0,72,123
08/30/2009,OWB,KY,ASO,CE,Federal Contract Tower,0,3,11,0,14,0,2,74,0,76,0,5,85,0,90,74,2,76,166
08/31/2009,OWB,KY,ASO,CE,Federal Contract Tower,0,3,8,1,12,0,2,63,7,72,0,5,71,8,84,96,18,114,198
09/01/2009,OWB,KY,ASO,CE,Federal Contract Tower,0,6,11,2,19,0,0,62,6,68,0,6,73,8,87,88,10,98,185
09/02/2009,OWB,KY,ASO,CE,Federal Contract Tower,0,8,8,0,16,0,0,76,8,84,0,8,84,8,100,62,6,68,168
09/03/2009,OWB,KY,ASO,CE,Federal Contract Tower,0,8,17,3,28,0,0,39,4,43,0,8,56,7,71,36,14,50,121
09/04/2009,OWB,KY,ASO,CE,Federal Contract Tower,0,5,19,0,24,0,1,69,0,70,0,6,88,0,94,64,0,64,158
09/05/2009,OWB,KY,ASO,CE,Federal Contract Tower,0,4,7,0,11,0,0,66,0,66,0,4,73,0,77,72,0,72,149
09/06/2009,OWB,KY,ASO,CE,Federal Contract Tower,0,5,6,0,11,0,0,36,0,36,0,5,42,0,47,46,0,46,93
09/07/2009,OWB,KY,ASO,CE,Federal Contract Tower,0,6,11,0,17,0,0,74,7,81,0,6,85,7,98,58,24,82,180
09/08/2009,OWB,KY,ASO,CE,Federal Contract Tower,0,11,8,1,20,0,0,47,7,54,0,11,55,8,74,80,10,90,164
09/09/2009,OWB,KY,ASO,CE,Federal Contract Tower,0,6,3,4,13,0,3,56,4,63,0,9,59,8,76,72,20,92,168
09/10/2009,OWB,KY,ASO,CE,Federal Contract Tower,0,8,5,1,14,0,0,61,4,65,0,8,66,5,79,94,4,98,177
09/11/2009,OWB,KY,ASO,CE,Federal Contract Tower,0,9,4,0,13,0,0,78,0,78,0,9,82,0,91,90,0,90,181
09/12/2009,OWB,KY,ASO,CE,Federal Contract Tower,0,5,9,3,17,0,0,88,1,89,0,5,97,4,106,88,2,90,196
09/13/2009,OWB,KY,ASO,CE,Federal Contract Tower,0,8,12,0,20,0,0,68,2,70,0,8,80,2,90,80,8,88,178
09/14/2009,OWB,KY,ASO,CE,Federal Contract Tower,0,7,5,1,13,0,0,65,4,69,0,7,70,5,82,98,10,108,190
09/15/2009,OWB,KY,ASO,CE,Federal Contract Tower,0,7,7,0,14,0,0,55,0,55,0,7,62,0,69,136,0,136,205
09/16/2009,OWB,KY,ASO,CE,Federal Contract Tower,0,7,20,0,27,0,0,73,2,75,0,7,93,2,102,80,4,84,186
09/17/2009,OWB,KY,ASO,CE,Federal Contract Tower,0,6,10,1,17,0,0,61,2,63,0,6,71,3,80,60,6,66,146
09/18/2009,OWB,KY,ASO,CE,Federal Contract Tower,0,6,7,3,16,0,0,57,1,58,0,6,64,4,74,58,16,74,148
09/19/2009,OWB,KY,ASO,CE,Federal Contract Tower,0,5,8,0,13,0,0,71,0,71,0,5,79,0,84,78,0,78,162
09/20/2009,OWB,KY,ASO,CE,Federal Contract Tower,0,5,6,0,11,0,0,10,0,10,0,5,16,0,21,12,0,12,33
09/21/2009,OWB,KY,ASO,CE,Federal Contract Tower,0,9,5,2,16,0,0,31,0,31,0,9,36,2,47,44,0,44,91
09/22/2009,OWB,KY,ASO,CE,Federal Contract Tower,0,7,13,2,22,0,0,37,0,37,0,7,50,2,59,32,0,32,91
09/23/2009,OWB,KY,ASO,CE,Federal Contract Tower,0,6,11,2,19,0,0,55,0,55,0,6,66,2,74,42,0,42,116
09/24/2009,OWB,KY,ASO,CE,Federal Contract Tower,0,6,7,4,17,0,0,7,0,7,0,6,14,4,24,8,0,8,32
09/25/2009,OWB,KY,ASO,CE,Federal Contract Tower,0,6,8,4,18,0,0,33,0,33,0,6,41,4,51,28,6,34,85
09/26/2009,OWB,KY,ASO,CE,Federal Contract Tower,0,6,3,2,11,0,0,50,2,52,0,6,53,4,63,42,8,50,113
09/27/2009,OWB,KY,ASO,CE,Federal Contract Tower,0,5,11,0,16,0,0,60,0,60,0,5,71,0,76,44,0,44,120
09/28/2009,OWB,KY,ASO,CE,Federal Contract Tower,0,5,6,1,12,0,0,57,1,58,0,5,63,2,70,82,2,84,154
09/29/2009,OWB,KY,ASO,CE,Federal Contract Tower,0,7,11,5,23,0,0,62,6,68,0,7,73,11,91,76,24,100,191
09/30/2009,OWB,KY,ASO,CE,Federal Contract Tower,0,6,19,2,27,0,88,2,0,90,0,94,21,2,117,80,8,88,205
10/01/2009,OWB,KY,ASO,CE,Federal Contract Tower,0,3,16,0,19,0,1,62,0,63,0,4,78,0,82,86,0,86,168
10/02/2009,OWB,KY,ASO,CE,Federal Contract Tower,0,4,5,0,9,0,2,43,0,45,0,6,48,0,54,62,0,62,116
10/03/2009,OWB,KY,ASO,CE,Federal Contract Tower,0,4,5,0,9,0,0,57,0,57,0,4,62,0,66,58,0,58,124
10/04/2009,OWB,KY,ASO,CE,Federal Contract Tower,0,2,10,0,12,0,2,69,0,71,0,4,79,0,83,62,0,62,145
10/05/2009,OWB,KY,ASO,CE,Federal Contract Tower,0,5,5,0,10,0,0,62,0,62,0,5,67,0,72,54,0,54,126
10/06/2009,OWB,KY,ASO,CE,Federal Contract Tower,0,8,11,0,19,0,0,1,0,1,0,8,12,0,20,0,0,0,20
10/07/2009,OWB,KY,ASO,CE,Federal Contract Tower,0,4,9,5,18,0,2,77,7,86,0,6,86,12,104,94,16,110,214
10/08/2009,OWB,KY,ASO,CE,Federal Contract Tower,0,8,14,0,22,0,0,17,0,17,0,8,31,0,39,6,0,6,45
10/09/2009,OWB,KY,ASO,CE,Federal Contract Tower,0,6,15,0,21,0,0,31,0,31,0,6,46,0,52,18,0,18,70
10/10/2009,OWB,KY,ASO,CE,Federal Contract Tower,0,4,37,3,44,0,0,108,1,109,0,4,145,4,153,124,8,132,285
10/11/2009,OWB,KY,ASO,CE,Federal Contract Tower,0,4,21,0,25,0,0,69,0,69,0,4,90,0,94,64,0,64,158
10/12/2009,OWB,KY,ASO,CE,Federal Contract Tower,0,9,6,0,15,0,0,63,0,63,0,9,69,0,78,66,0,66,144
10/13/2009,OWB,KY,ASO,CE,Federal Contract Tower,0,7,11,3,21,0,0,47,0,47,0,7,58,3,68,42,0,42,110
10/14/2009,OWB,KY,ASO,CE,Federal Contract Tower,2,6,8,0,16,0,0,0,0,0,2,6,8,0,16,0,0,0,16
10/15/2009,OWB,KY,ASO,CE,Federal Contract Tower,0,7,3,1,11,0,0,0,1,1,0,7,3,2,12,0,0,0,12
10/16/2009,OWB,KY,ASO,CE,Federal Contract Tower,0,7,13,2,22,0,0,23,0,23,0,7,36,2,45,2,0,2,47
10/17/2009,OWB,KY,ASO,CE,Federal Contract Tower,2,4,2,0,8,0,0,54,2,56,2,4,56,2,64,48,8,56,120
10/18/2009,OWB,KY,ASO,CE,Federal Contract Tower,0,2,8,0,10,0,2,80,0,82,0,4,88,0,92,64,0,64,156
10/19/2009,OWB,KY,ASO,CE,Federal Contract Tower,0,3,20,3,26,0,4,69,1,74,0,7,89,4,100,88,12,100,200
10/20/2009,OWB,KY,ASO,CE,Federal Contract Tower,0,5,11,2,18,0,2,67,0,69,0,7,78,2,87,82,6,88,175
10/21/2009,OWB,KY,ASO,CE,Federal Contract Tower,2,7,4,4,17,0,1,79,0,80,2,8,83,4,97,98,10,108,205
10/22/2009,OWB,KY,ASO,CE,Federal Contract Tower,0,4,5,2,11,0,2,52,0,54,0,6,57,2,65,92,0,92,157
10/23/2009,OWB,KY,ASO,CE,Federal Contract Tower,0,8,7,0,15,0,0,49,0,49,0,8,56,0,64,56,0,56,120
10/24/2009,OWB,KY,ASO,CE,Federal Contract Tower,2,5,15,0,22,0,0,62,0,62,2,5,77,0,84,62,0,62,146
10/25/2009,OWB,KY,ASO,CE,Federal Contract Tower,0,2,5,0,7,0,2,68,0,70,0,4,73,0,77,84,0,84,161
10/26/2009,OWB,KY,ASO,CE,Federal Contract Tower,0,0,1,1,2,0,6,64,1,71,0,6,65,2,73,60,8,68,141
10/27/2009,OWB,KY,ASO,CE,Federal Contract Tower,0,8,10,4,22,0,1,12,0,13,0,9,22,4,35,14,4,18,53
10/28/2009,OWB,KY,ASO,CE,Federal Contract Tower,2,6,7,0,15,0,0,38,2,40,2,6,45,2,55,60,4,64,119
10/29/2009,OWB,KY,ASO,CE,Federal Contract Tower,0,7,11,1,19,0,0,43,1,44,0,7,54,2,63,54,4,58,121
10/30/2009,OWB,KY,ASO,CE,Federal Contract Tower,0,5,5,0,10,0,0,21,0,21,0,5,26,0,31,20,0,20,51
10/31/2009,OWB,KY,ASO,CE,Federal Contract Tower,2,2,4,0,8,0,2,58,0,60,2,4,62,0,68,60,4,64,132
11/01/2009,OWB,KY,ASO,CE,Federal Contract Tower,0,2,15,0,17,0,1,69,0,70,0,3,84,0,87,98,0,98,185
11/02/2009,OWB,KY,ASO,CE,Federal Contract Tower,0,4,6,0,10,0,4,69,0,73,0,8,75,0,83,90,6,96,179
11/03/2009,OWB,KY,ASO,CE,Federal Contract Tower,0,2,5,4,11,0,4,96,0,100,0,6,101,4,111,86,12,98,209
11/04/2009,OWB,KY,ASO,CE,Federal Contract Tower,2,4,7,3,16,0,0,60,5,65,2,4,67,8,81,82,22,104,185
11/05/2009,OWB,KY,ASO,CE,Federal Contract Tower,0,4,5,4,13,0,3,60,2,65,0,7,65,6,78,82,24,106,184
11/06/2009,OWB,KY,ASO,CE,Federal Contract Tower,0,4,10,2,16,0,1,54,0,55,0,5,64,2,71,76,8,84,155
11/07/2009,OWB,KY,ASO,CE,Federal Contract Tower,2,3,12,0,17,0,1,60,2,63,2,4,72,2,80,80,0,80,160
11/08/2009,OWB,KY,ASO,CE,Federal Contract Tower,0,2,7,0,9,0,2,104,0,106,0,4,111,0,115,86,0,86,201
11/09/2009,OWB,KY,ASO,CE,Federal Contract Tower,0,4,1,0,5,0,6,80,0,86,0,10,81,0,91,86,0,86,177
11/10/2009,OWB,KY,ASO,CE,Federal Contract Tower,0,6,14,2,22,0,1,85,2,88,0,7,99,4,110,68,8,76,186
11/11/2009,OWB,KY,ASO,CE,Federal Contract Tower,2,2,15,0,19,0,4,68,2,74,2,6,83,2,93,102,12,114,207
11/12/2009,OWB,KY,ASO,CE,Federal Contract Tower,0,1,5,0,6,0,5,74,2,81,0,6,79,2,87,126,4,130,217
11/13/2009,OWB,KY,ASO,CE,Federal Contract Tower,0,7,16,4,27,0,4,72,0,76,0,11,88,4,103,86,14,100,203
11/14/2009,OWB,KY,ASO,CE,Federal Contract Tower,2,0,8,2,12,0,2,70,0,72,2,2,78,2,84,82,6,88,172
11/15/2009,OWB,KY,ASO,CE,Federal Contract Tower,0,4,15,0,19,0,0,82,0,82,0,4,97,0,101,86,0,86,187
11/16/2009,OWB,KY,ASO,CE,Federal Contract Tower,0,6,3,0,9,0,1,46,0,47,0,7,49,0,56,44,0,44,100
11/17/2009,OWB,KY,ASO,CE,Federal Contract Tower,0,7,8,1,16,0,0,21,1,22,0,7,29,2,38,26,2,28,66
11/18/2009,OWB,KY,ASO,CE,Federal Contract Tower,2,8,17,0,27,0,1,45,0,46,2,9,62,0,73,36,0,36,109
11/19/2009,OWB,KY,ASO,CE,Federal Contract Tower,0,4,11,2,17,0,3,53,0,56,0,7,64,2,73,70,12,82,155
11/20/2009,OWB,KY,ASO,CE,Federal Contract Tower,0,3,14,0,17,0,6,70,0,76,0,9,84,0,93,96,0,96,189
11/21/2009,OWB,KY,ASO,CE,Federal Contract Tower,2,4,7,0,13,0,0,93,0,93,2,4,100,0,106,108,0,108,214
11/22/2009,OWB,KY,ASO,CE,Federal Contract Tower,0,4,7,0,11,0,0,58,0,58,0,4,65,0,69,86,0,86,155
11/23/2009,OWB,KY,ASO,CE,Federal Contract Tower,0,6,14,1,21,0,0,50,1,51,0,6,64,2,72,62,2,64,136
11/24/2009,OWB,KY,ASO,CE,Federal Contract Tower,0,7,13,0,20,0,2,56,0,58,0,9,69,0,78,46,0,46,124
11/25/2009,OWB,KY,ASO,CE,Federal Contract Tower,2,6,21,0,29,0,0,62,0,62,2,6,83,0,91,60,0,60,151
11/26/2009,OWB,KY,ASO,CE,Federal Contract Tower,0,0,1,0,1,0,6,32,0,38,0,6,33,0,39,42,0,42,81
11/27/2009,OWB,KY,ASO,CE,Federal Contract Tower,0,2,4,0,6,0,4,52,0,56,0,6,56,0,62,62,0,62,124
11/28/2009,OWB,KY,ASO,CE,Federal Contract Tower,2,2,11,0,15,0,2,76,0,78,2,4,87,0,93,102,0,102,195
11/29/2009,OWB,KY,ASO,CE,Federal Contract Tower,0,4,12,0,16,0,0,36,0,36,0,4,48,0,52,38,0,38,90
11/30/2009,OWB,KY,ASO,CE,Federal Contract Tower,0,2,7,0,9,0,1,60,4,65,0,3,67,4,74,64,12,76,150
12/01/2009,OWB,KY,ASO,CE,Federal Contract Tower,0,10,12,0,22,0,2,80,6,88,0,12,92,6,110,116,14,130,240
12/02/2009,OWB,KY,ASO,CE,Federal Contract Tower,2,5,7,0,14,0,0,2,0,2,2,5,9,0,16,2,0,2,18
12/03/2009,OWB,KY,ASO,CE,Federal Contract Tower,0,4,10,0,14,0,0,43,0,43,0,4,53,0,57,48,0,48,105
12/04/2009,OWB,KY,ASO,CE,Federal Contract Tower,0,4,10,0,14,0,3,72,0,75,0,7,82,0,89,82,0,82,171
12/05/2009,OWB,KY,ASO,CE,Federal Contract Tower,2,2,4,0,8,0,2,70,0,72,2,4,74,0,80,100,0,100,180
12/06/2009,OWB,KY,ASO,CE,Federal Contract Tower,0,4,1,0,5,0,0,59,0,59,0,4,60,0,64,96,2,98,162
12/07/2009,OWB,KY,ASO,CE,Federal Contract Tower,0,8,5,1,14,0,0,28,1,29,0,8,33,2,43,0,0,0,43
12/08/2009,OWB,KY,ASO,CE,Federal Contract Tower,0,8,7,0,15,0,0,8,0,8,0,8,15,0,23,4,0,4,27
12/09/2009,OWB,KY,ASO,CE,Federal Contract Tower,2,6,1,0,9,0,0,25,0,25,2,6,26,0,34,16,0,16,50
12/10/2009,OWB,KY,ASO,CE,Federal Contract Tower,0,8,9,1,18,0,0,55,5,60,0,8,64,6,78,48,24,72,150
12/11/2009,OWB,KY,ASO,CE,Federal Contract Tower,0,2,10,0,12,0,2,58,0,60,0,4,68,0,72,58,0,58,130
12/12/2009,OWB,KY,ASO,CE,Federal Contract Tower,2,4,7,0,13,0,0,74,0,74,2,4,81,0,87,106,0,106,193
12/13/2009,OWB,KY,ASO,CE,Federal Contract Tower,0,4,7,0,11,0,0,29,0,29,0,4,36,0,40,0,0,0,40
12/14/2009,OWB,KY,ASO,CE,Federal Contract Tower,0,5,5,0,10,0,0,50,0,50,0,5,55,0,60,84,0,84,144
12/15/2009,OWB,KY,ASO,CE,Federal Contract Tower,0,9,16,2,27,0,1,38,0,39,0,10,54,2,66,6,0,6,72
12/16/2009,OWB,KY,ASO,CE,Federal Contract Tower,2,4,15,3,24,0,2,78,1,81,2,6,93,4,105,106,8,114,219
12/17/2009,OWB,KY,ASO,CE,Federal Contract Tower,0,6,8,2,16,0,3,71,4,78,0,9,79,6,94,62,18,80,174
12/18/2009,OWB,KY,ASO,CE,Federal Contract Tower,2,11,10,0,23,0,0,55,0,55,2,11,65,0,78,76,0,76,154
12/19/2009,OWB,KY,ASO,CE,Federal Contract Tower,2,0,4,0,6,0,0,0,0,0,2,0,4,0,6,0,0,0,6
12/20/2009,OWB,KY,ASO,CE,Federal Contract Tower,2,4,4,0,10,0,0,31,0,31,2,4,35,0,41,42,0,42,83
12/21/2009,OWB,KY,ASO,CE,Federal Contract Tower,0,7,8,0,15,0,0,0,0,0,0,7,8,0,15,0,0,0,15
12/22/2009,OWB,KY,ASO,CE,Federal Contract Tower,2,8,7,1,18,0,0,32,1,33,2,8,39,2,51,58,2,60,111
12/23/2009,OWB,KY,ASO,CE,Federal Contract Tower,2,8,3,0,13,0,1,45,0,46,2,9,48,0,59,58,0,58,117
12/24/2009,OWB,KY,ASO,CE,Federal Contract Tower,0,6,2,0,8,0,0,32,0,32,0,6,34,0,40,32,0,32,72
12/25/2009,OWB,KY,ASO,CE,Federal Contract Tower,0,3,1,0,4,0,1,19,0,20,0,4,20,0,24,36,0,36,60
12/26/2009,OWB,KY,ASO,CE,Federal Contract Tower,2,5,2,0,9,0,0,31,0,31,2,5,33,0,40,42,0,42,82
12/27/2009,OWB,KY,ASO,CE,Federal Contract Tower,0,4,3,0,7,0,0,28,0,28,0,4,31,0,35,28,0,28,63
12/28/2009,OWB,KY,ASO,CE,Federal Contract Tower,2,6,0,0,8,0,0,32,0,32,2,6,32,0,40,38,0,38,78
12/29/2009,OWB,KY,ASO,CE,Federal Contract Tower,0,4,6,0,10,0,1,60,0,61,0,5,66,0,71,84,0,84,155
12/30/2009,OWB,KY,ASO,CE,Federal Contract Tower,2,8,0,0,10,0,0,45,0,45,2,8,45,0,55,54,0,54,109
12/31/2009,OWB,KY,ASO,CE,Federal Contract Tower,0,0,7,0,7,0,0,32,0,32,0,0,39,0,39,38,0,38,77
01/01/2010,OWB,KY,ASO,CE,Federal Contract Tower,2,4,5,0,11,0,2,51,0,53,2,6,56,0,64,50,0,50,114
01/02/2010,OWB,KY,ASO,CE,Federal Contract Tower,2,4,4,0,10,0,0,49,0,49,2,4,53,0,59,46,0,46,105
01/03/2010,OWB,KY,ASO,CE,Federal Contract Tower,0,2,8,0,10,0,0,0,0,0,0,2,8,0,10,56,0,56,66
01/04/2010,OWB,KY,ASO,CE,Federal Contract Tower,2,6,3,0,11,0,2,39,0,41,2,8,42,0,52,46,0,46,98
01/05/2010,OWB,KY,ASO,CE,Federal Contract Tower,2,4,12,0,18,0,2,51,0,53,2,6,63,0,71,70,0,70,141
01/06/2010,OWB,KY,ASO,CE,Federal Contract Tower,2,4,8,1,15,0,2,5,0,7,2,6,13,1,22,52,1,53,75
01/07/2010,OWB,KY,ASO,CE,Federal Contract Tower,0,0,1,0,1,0,0,8,0,8,0,0,9,0,9,2,0,2,11
01/08/2010,OWB,KY,ASO,CE,Federal Contract Tower,0,0,2,0,2,0,0,0,0,0,0,0,2,0,2,0,0,0,2
01/09/2010,OWB,KY,ASO,CE,Federal Contract Tower,2,4,3,2,11,0,0,43,0,43,2,4,46,2,54,40,8,48,102
01/10/2010,OWB,KY,ASO,CE,Federal Contract Tower,0,2,5,0,7,0,0,43,0,43,0,2,48,0,50,42,0,42,92
01/11/2010,OWB,KY,ASO,CE,Federal Contract Tower,0,2,6,0,8,0,2,38,0,40,0,4,44,0,48,50,4,54,102
01/12/2010,OWB,KY,ASO,CE,Federal Contract Tower,0,6,9,0,15,0,0,68,0,68,0,6,77,0,83,92,0,92,175
01/13/2010,OWB,KY,ASO,CE,Federal Contract Tower,2,2,6,2,12,0,3,63,0,66,2,5,69,2,78,64,0,64,142
01/14/2010,OWB,KY,ASO,CE,Federal Contract Tower,0,4,3,0,7,0,0,58,0,58,0,4,61,0,65,68,0,68,133
01/15/2010,OWB,KY,ASO,CE,Federal Contract Tower,0,6,5,0,11,0,0,54,0,54,0,6,59,0,65,54,0,54,119
01/16/2010,OWB,KY,ASO,CE,Federal Contract Tower,2,8,9,0,19,0,2,57,0,59,2,10,66,0,78,72,0,72,150
01/17/2010,OWB,KY,ASO,CE,Federal Contract Tower,0,4,9,0,13,0,0,43,0,43,0,4,52,0,56,44,0,44,100
01/18/2010,OWB,KY,ASO,CE,Federal Contract Tower,0,6,2,0,8,0,0,8,0,8,0,6,10,0,16,10,0,10,26
01/19/2010,OWB,KY,ASO,CE,Federal Contract Tower,0,14,15,2,31,0,0,53,0,53,0,14,68,2,84,50,0,50,134
01/20/2010,OWB,KY,ASO,CE,Federal Contract Tower,2,7,5,0,14,0,0,0,0,0,2,7,5,0,14,0,0,0,14
01/21/2010,OWB,KY,ASO,CE,Federal Contract Tower,0,6,5,0,11,0,0,5,0,5,0,6,10,0,16,8,0,8,24
01/22/2010,OWB,KY,ASO,CE,Federal Contract Tower,0,11,12,2,25,0,0,0,0,0,0,11,12,2,25,0,0,0,25
01/23/2010,OWB,KY,ASO,CE,Federal Contract Tower,2,4,2,0,8,0,0,43,0,43,2,4,45,0,51,46,0,46,97
01/24/2010,OWB,KY,ASO,CE,Federal Contract Tower,0,5,7,0,12,0,0,23,0,23,0,5,30,0,35,32,0,32,67
01/25/2010,OWB,KY,ASO,CE,Federal Contract Tower,0,6,4,0,10,0,0,39,0,39,0,6,43,0,49,46,0,46,95
01/26/2010,OWB,KY,ASO,CE,Federal Contract Tower,0,6,9,0,15,0,0,41,1,42,0,6,50,1,57,40,2,42,99
01/27/2010,OWB,KY,ASO,CE,Federal Contract Tower,2,2,5,0,9,0,4,52,0,56,2,6,57,0,65,84,0,84,149
01/28/2010,OWB,KY,ASO,CE,Federal Contract Tower,0,5,13,2,20,0,3,60,2,65,0,8,73,4,85,96,4,100,185
01/29/2010,OWB,KY,ASO,CE,Federal Contract Tower,0,4,5,0,9,0,0,38,0,38,0,4,43,0,47,30,0,30,77
01/30/2010,OWB,KY,ASO,CE,Federal Contract Tower,2,1,3,0,6,0,0,25,0,25,2,1,28,0,31,28,0,28,59
01/31/2010,OWB,KY,ASO,CE,Federal Contract Tower,0,2,1,0,3,0,2,42,0,44,0,4,43,0,47,41,0,41,88
02/01/2010,OWB,KY,ASO,CE,Federal Contract Tower,0,2,5,0,7,0,2,42,0,44,0,4,47,0,51,48,0,48,99
02/02/2010,OWB,KY,ASO,CE,Federal Contract Tower,0,7,7,1,15,0,2,58,3,63,0,9,65,4,78,108,12,120,198
02/03/2010,OWB,KY,ASO,CE,Federal Contract Tower,2,10,3,1,16,0,2,60,6,68,2,12,63,7,84,108,14,122,206
02/04/2010,OWB,KY,ASO,CE,Federal Contract Tower,0,8,5,0,13,0,0,43,0,43,0,8,48,0,56,46,0,46,102
02/05/2010,OWB,KY,ASO,CE,Federal Contract Tower,0,8,3,0,11,0,0,0,0,0,0,8,3,0,11,0,0,0,11
02/06/2010,OWB,KY,ASO,CE,Federal Contract Tower,2,1,1,0,4,0,0,30,0,30,2,1,31,0,34,36,0,36,70
02/07/2010,OWB,KY,ASO,CE,Federal Contract Tower,0,4,7,0,11,0,0,52,0,52,0,4,59,0,63,70,0,70,133
02/08/2010,OWB,KY,ASO,CE,Federal Contract Tower,0,3,3,3,9,0,2,30,0,32,0,5,33,3,41,46,0,46,87
02/09/2010,OWB,KY,ASO,CE,Federal Contract Tower,0,0,1,0,1,0,2,0,0,2,0,2,1,0,3,0,0,0,3
02/10/2010,OWB,KY,ASO,CE,Federal Contract Tower,2,4,9,4,19,0,0,41,1,42,2,4,50,5,61,54,10,64,125
02/11/2010,OWB,KY,ASO,CE,Federal Contract Tower,0,2,7,4,13,0,2,60,5,67,0,4,67,9,80,76,12,88,168
02/12/2010,OWB,KY,ASO,CE,Federal Contract Tower,0,0,5,0,5,0,2,45,0,47,0,2,50,0,52,56,0,56,108
02/13/2010,OWB,KY,ASO,CE,Federal Contract Tower,2,5,2,0,9,0,0,52,0,52,2,5,54,0,61,52,0,52,113
02/14/2010,OWB,KY,ASO,CE,Federal Contract Tower,0,2,5,0,7,0,0,12,0,12,0,2,17,0,19,0,0,0,19
02/15/2010,OWB,KY,ASO,CE,Federal Contract Tower,0,4,1,0,5,0,0,12,0,12,0,4,13,0,17,20,0,20,37
02/16/2010,OWB,KY,ASO,CE,Federal Contract Tower,0,4,6,0,10,0,0,41,0,41,0,4,47,0,51,42,0,42,93
02/17/2010,OWB,KY,ASO,CE,Federal Contract Tower,2,4,6,1,13,0,59,2,0,61,2,63,8,1,74,54,8,62,136
02/18/2010,OWB,KY,ASO,CE,Federal Contract Tower,0,4,4,0,8,0,0,64,0,64,0,4,68,0,72,92,0,92,164
02/19/2010,OWB,KY,ASO,CE,Federal Contract Tower,0,2,4,1,7,0,2,54,1,57,0,4,58,2,64,76,8,84,148
02/20/2010,OWB,KY,ASO,CE,Federal Contract Tower,2,4,3,0,9,0,0,81,0,81,2,4,84,0,90,74,0,74,164
02/21/2010,OWB,KY,ASO,CE,Federal Contract Tower,2,2,3,0,7,0,0,59,0,59,2,2,62,0,66,58,0,58,124
02/22/2010,OWB,KY,ASO,CE,Federal Contract Tower,0,4,4,0,8,0,0,25,0,25,0,4,29,0,33,30,0,30,63
02/23/2010,OWB,KY,ASO,CE,Federal Contract Tower,0,2,13,1,16,0,1,34,1,36,0,3,47,2,52,40,8,48,100
02/24/2010,OWB,KY,ASO,CE,Federal Contract Tower,2,2,14,0,18,0,2,31,0,33,2,4,45,0,51,44,0,44,95
02/25/2010,OWB,KY,ASO,CE,Federal Contract Tower,0,3,17,0,20,0,2,43,3,48,0,5,60,3,68,72,4,76,144
02/26/2010,OWB,KY,ASO,CE,Federal Contract Tower,0,3,13,1,17,0,3,46,8,57,0,6,59,9,74,60,4,64,138
02/27/2010,OWB,KY,ASO,CE,Federal Contract Tower,0,4,11,2,17,0,0,59,0,59,0,4,70,2,76,70,0,70,146
02/28/2010,OWB,KY,ASO,CE,Federal Contract Tower,0,1,7,0,8,0,1,47,0,48,0,2,54,0,56,54,0,54,110
03/01/2010,OWB,KY,ASO,CE,Federal Contract Tower,0,6,6,2,14,0,4,45,1,50,0,10,51,3,64,60,0,60,124
03/02/2010,OWB,KY,ASO,CE,Federal Contract Tower,0,0,8,1,9,0,2,48,3,53,0,2,56,4,62,42,16,58,120
03/03/2010,OWB,KY,ASO,CE,Federal Contract Tower,2,0,8,1,11,0,2,51,0,53,2,2,59,1,64,64,2,66,130
03/04/2010,OWB,KY,ASO,CE,Federal Contract Tower,0,2,7,3,12,0,2,68,0,70,0,4,75,3,82,78,0,78,160
03/05/2010,OWB,KY,ASO,CE,Federal Contract Tower,0,6,10,0,16,0,2,75,0,77,0,8,85,0,93,88,0,88,181
03/06/2010,OWB,KY,ASO,CE,Federal Contract Tower,2,5,9,0,16,0,0,74,0,74,2,5,83,0,90,76,0,76,166
03/07/2010,OWB,KY,ASO,CE,Federal Contract Tower,0,5,10,0,15,0,0,61,0,61,0,5,71,0,76,56,0,56,132
03/08/2010,OWB,KY,ASO,CE,Federal Contract Tower,0,4,9,0,13,0,0,26,0,26,0,4,35,0,39,49,0,49,88
03/09/2010,OWB,KY,ASO,CE,Federal Contract Tower,0,6,5,1,12,0,1,57,0,58,0,7,62,1,70,48,2,50,120
03/10/2010,OWB,KY,ASO,CE,Federal Contract Tower,2,7,8,0,17,0,1,54,0,55,2,8,62,0,72,50,0,50,122
03/11/2010,OWB,KY,ASO,CE,Federal Contract Tower,0,4,16,0,20,0,0,55,2,57,0,4,71,2,77,26,2,28,105
03/12/2010,OWB,KY,ASO,CE,Federal Contract Tower,0,2,8,0,10,0,0,12,0,12,0,2,20,0,22,0,0,0,22
03/13/2010,OWB,KY,ASO,CE,Federal Contract Tower,2,1,2,0,5,0,0,32,0,32,2,1,34,0,37,44,0,44,81
03/14/2010,OWB,KY,ASO,CE,Federal Contract Tower,0,1,4,0,5,0,0,25,0,25,0,1,29,0,30,36,0,36,66
03/15/2010,OWB,KY,ASO,CE,Federal Contract Tower,0,8,7,0,15,0,0,29,0,29,0,8,36,0,44,34,0,34,78
03/16/2010,OWB,KY,ASO,CE,Federal Contract Tower,0,7,10,0,17,0,1,49,0,50,0,8,59,0,67,52,0,52,119
03/17/2010,OWB,KY,ASO,CE,Federal Contract Tower,2,7,12,3,24,0,0,53,0,53,2,7,65,3,77,48,18,66,143
03/18/2010,OWB,KY,ASO,CE,Federal Contract Tower,0,4,10,0,14,0,2,64,0,66,0,6,74,0,80,82,0,82,162
03/19/2010,OWB,KY,ASO,CE,Federal Contract Tower,0,6,15,0,21,0,0,76,0,76,0,6,91,0,97,114,0,114,211
03/20/2010,OWB,KY,ASO,CE,Federal Contract Tower,2,5,7,0,14,0,0,81,0,81,2,5,88,0,95,96,0,96,191
03/21/2010,OWB,KY,ASO,CE,Federal Contract Tower,0,5,6,0,11,0,0,18,0,18,0,5,24,0,29,12,0,12,41
03/22/2010,OWB,KY,ASO,CE,Federal Contract Tower,0,5,5,0,10,0,0,27,0,27,0,5,32,0,37,36,0,36,73
03/23/2010,OWB,KY,ASO,CE,Federal Contract Tower,0,7,14,0,21,0,0,35,0,35,0,7,49,0,56,42,0,42,98
03/24/2010,OWB,KY,ASO,CE,Federal Contract Tower,2,5,19,0,26,0,0,59,0,59,2,5,78,0,85,66,0,66,151
03/25/2010,OWB,KY,ASO,CE,Federal Contract Tower,0,6,15,0,21,0,0,33,0,33,0,6,48,0,54,18,0,18,72
03/26/2010,OWB,KY,ASO,CE,Federal Contract Tower,0,2,11,1,14,0,2,58,1,61,0,4,69,2,75,54,0,54,129
03/27/2010,OWB,KY,ASO,CE,Federal Contract Tower,2,4,7,0,13,0,0,68,0,68,2,4,75,0,81,80,0,80,161
03/28/2010,OWB,KY,ASO,CE,Federal Contract Tower,0,6,1,0,7,0,0,18,0,18,0,6,19,0,25,7,0,7,32
03/29/2010,OWB,KY,ASO,CE,Federal Contract Tower,0,4,8,0,12,0,2,48,0,50,0,6,56,0,62,62,0,62,124
03/30/2010,OWB,KY,ASO,CE,Federal Contract Tower,0,8,11,2,21,0,0,69,0,69,0,8,80,2,90,70,0,70,160
03/31/2010,OWB,KY,ASO,CE,Federal Contract Tower,0,6,15,0,21,0,0,55,0,55,0,6,70,0,76,56,0,56,132
04/01/2010,OWB,KY,ASO,CE,Federal Contract Tower,0,6,13,1,20,0,2,55,1,58,0,8,68,2,78,81,4,85,163
04/02/2010,OWB,KY,ASO,CE,Federal Contract Tower,0,4,11,0,15,0,1,65,0,66,0,5,76,0,81,60,0,60,141
04/03/2010,OWB,KY,ASO,CE,Federal Contract Tower,2,6,9,2,19,0,0,68,0,68,2,6,77,2,87,82,8,90,177
04/04/2010,OWB,KY,ASO,CE,Federal Contract Tower,0,6,6,0,12,0,0,47,0,47,0,6,53,0,59,44,0,44,103
04/05/2010,OWB,KY,ASO,CE,Federal Contract Tower,0,7,7,2,16,0,0,56,0,56,0,7,63,2,72,48,0,48,120
04/06/2010,OWB,KY,ASO,CE,Federal Contract Tower,0,6,8,8,22,0,0,49,1,50,0,6,57,9,72,54,14,68,140
04/07/2010,OWB,KY,ASO,CE,Federal Contract Tower,2,8,4,2,16,0,0,45,0,45,2,8,49,2,61,30,0,30,91
04/08/2010,OWB,KY,ASO,CE,Federal Contract Tower,0,6,8,7,21,0,0,42,1,43,0,6,50,8,64,76,6,82,146
04/09/2010,OWB,KY,ASO,CE,Federal Contract Tower,0,6,14,0,20,0,2,68,0,70,0,8,82,0,90,134,0,134,224
04/10/2010,OWB,KY,ASO,CE,Federal Contract Tower,2,4,12,2,20,0,0,76,0,76,2,4,88,2,96,70,6,76,172
04/11/2010,OWB,KY,ASO,CE,Federal Contract Tower,0,8,11,0,19,0,0,74,0,74,0,8,85,0,93,60,0,60,153
04/12/2010,OWB,KY,ASO,CE,Federal Contract Tower,0,6,9,0,15,0,0,59,0,59,0,6,68,0,74,52,0,52,126
04/13/2010,OWB,KY,ASO,CE,Federal Contract Tower,0,3,13,1,17,0,0,72,1,73,0,3,85,2,90,68,2,70,160
04/14/2010,OWB,KY,ASO,CE,Federal Contract Tower,2,4,18,1,25,0,0,65,1,66,2,4,83,2,91,76,2,78,169
04/15/2010,OWB,KY,ASO,CE,Federal Contract Tower,0,7,12,0,19,0,0,46,0,46,0,7,58,0,65,52,0,52,117
04/16/2010,OWB,KY,ASO,CE,Federal Contract Tower,0,4,9,0,13,0,0,44,2,46,0,4,53,2,59,52,8,60,119
04/17/2010,OWB,KY,ASO,CE,Federal Contract Tower,2,4,9,0,15,0,0,63,0,63,2,4,72,0,78,70,0,70,148
04/18/2010,OWB,KY,ASO,CE,Federal Contract Tower,0,3,10,0,13,0,1,69,2,72,0,4,79,2,85,84,0,84,169
04/19/2010,OWB,KY,ASO,CE,Federal Contract Tower,0,4,12,0,16,0,1,57,2,60,0,5,69,2,76,62,8,70,146
04/20/2010,OWB,KY,ASO,CE,Federal Contract Tower,0,6,12,1,19,0,0,59,2,61,0,6,71,3,80,76,6,82,162
04/21/2010,OWB,KY,ASO,CE,Federal Contract Tower,4,6,9,0,19,0,0,63,0,63,4,6,72,0,82,52,0,52,134
04/22/2010,OWB,KY,ASO,CE,Federal Contract Tower,0,4,8,1,13,0,2,56,2,60,0,6,64,3,73,70,12,82,155
04/23/2010,OWB,KY,ASO,CE,Federal Contract Tower,0,10,16,2,28,0,0,54,3,57,0,10,70,5,85,70,18,88,173
04/24/2010,OWB,KY,ASO,CE,Federal Contract Tower,2,4,8,0,14,0,0,5,0,5,2,4,13,0,19,6,0,6,25
04/25/2010,OWB,KY,ASO,CE,Federal Contract Tower,0,6,7,0,13,0,0,20,0,20,0,6,27,0,33,20,0,20,53
04/26/2010,OWB,KY,ASO,CE,Federal Contract Tower,0,7,20,0,27,0,0,26,0,26,0,7,46,0,53,44,0,44,97
04/27/2010,OWB,KY,ASO,CE,Federal Contract Tower,0,8,22,2,32,0,0,32,0,32,0,8,54,2,64,48,4,52,116
04/28/2010,OWB,KY,ASO,CE,Federal Contract Tower,2,5,11,8,26,0,0,59,2,61,2,5,70,10,87,78,14,92,179
04/29/2010,OWB,KY,ASO,CE,Federal Contract Tower,0,5,20,3,28,0,0,50,1,51,0,5,70,4,79,44,14,58,137
04/30/2010,OWB,KY,ASO,CE,Federal Contract Tower,0,4,8,20,32,0,2,49,0,51,0,6,57,20,83,52,28,80,163
05/01/2010,OWB,KY,ASO,CE,Federal Contract Tower,2,3,6,0,11,0,0,14,0,14,2,3,20,0,25,16,0,16,41
05/02/2010,OWB,KY,ASO,CE,Federal Contract Tower,0,4,1,0,5,0,0,0,0,0,0,4,1,0,5,0,0,0,5
05/03/2010,OWB,KY,ASO,CE,Federal Contract Tower,0,6,13,0,19,0,2,52,0,54,0,8,65,0,73,80,0,80,153
05/04/2010,OWB,KY,ASO,CE,Federal Contract Tower,0,5,7,1,13,0,1,62,1,64,0,6,69,2,77,84,4,88,165
05/05/2010,OWB,KY,ASO,CE,Federal Contract Tower,2,11,4,2,19,0,0,47,0,47,2,11,51,2,66,62,2,64,130
05/06/2010,OWB,KY,ASO,CE,Federal Contract Tower,0,4,16,3,23,0,0,69,1,70,0,4,85,4,93,84,6,90,183
05/07/2010,OWB,KY,ASO,CE,Federal Contract Tower,0,8,13,0,21,0,1,28,0,29,0,9,41,0,50,40,0,40,90
05/08/2010,OWB,KY,ASO,CE,Federal Contract Tower,2,4,9,0,15,0,0,37,0,37,2,4,46,0,52,46,0,46,98
05/09/2010,OWB,KY,ASO,CE,Federal Contract Tower,0,3,12,0,15,0,0,71,0,71,0,3,83,0,86,70,0,70,156
05/10/2010,OWB,KY,ASO,CE,Federal Contract Tower,0,2,11,0,13,0,0,48,0,48,0,2,59,0,61,54,0,54,115
05/11/2010,OWB,KY,ASO,CE,Federal Contract Tower,0,6,13,0,19,0,0,46,0,46,0,6,59,0,65,56,4,60,125
05/12/2010,OWB,KY,ASO,CE,Federal Contract Tower,2,6,15,2,25,0,0,38,2,40,2,6,53,4,65,52,8,60,125
05/13/2010,OWB,KY,ASO,CE,Federal Contract Tower,0,1,15,1,17,0,1,44,1,46,0,2,59,2,63,58,6,64,127
05/14/2010,OWB,KY,ASO,CE,Federal Contract Tower,0,5,13,0,18,0,0,50,0,50,0,5,63,0,68,52,0,52,120
05/15/2010,OWB,KY,ASO,CE,Federal Contract Tower,2,2,3,0,7,0,0,80,0,80,2,2,83,0,87,56,0,56,143
05/16/2010,OWB,KY,ASO,CE,Federal Contract Tower,0,5,9,0,14,0,0,3,0,3,0,5,12,0,17,16,0,16,33
05/17/2010,OWB,KY,ASO,CE,Federal Contract Tower,0,6,16,0,22,0,0,35,0,35,0,6,51,0,57,72,0,72,129
05/18/2010,OWB,KY,ASO,CE,Federal Contract Tower,0,3,8,0,11,0,0,38,2,40,0,3,46,2,51,70,4,74,125
05/19/2010,OWB,KY,ASO,CE,Federal Contract Tower,2,4,19,0,25,0,0,53,0,53,2,4,72,0,78,56,0,56,134
05/20/2010,OWB,KY,ASO,CE,Federal Contract Tower,0,9,17,0,26,0,0,36,0,36,0,9,53,0,62,44,0,44,106
05/21/2010,OWB,KY,ASO,CE,Federal Contract Tower,0,6,10,0,16,0,0,39,0,39,0,6,49,0,55,48,0,48,103
05/22/2010,OWB,KY,ASO,CE,Federal Contract Tower,0,2,5,5,12,0,0,85,0,85,0,2,90,5,97,80,0,80,177
05/23/2010,OWB,KY,ASO,CE,Federal Contract Tower,0,3,9,0,12,0,0,64,0,64,0,3,73,0,76,58,0,58,134
05/24/2010,OWB,KY,ASO,CE,Federal Contract Tower,0,6,4,0,10,0,10,67,0,77,0,16,71,0,87,70,4,74,161
05/25/2010,OWB,KY,ASO,CE,Federal Contract Tower,0,5,10,1,16,0,2,54,1,57,0,7,64,2,73,74,2,76,149
05/26/2010,OWB,KY,ASO,CE,Federal Contract Tower,2,5,5,1,13,0,1,53,0,54,2,6,58,1,67,68,8,76,143
05/27/2010,OWB,KY,ASO,CE,Federal Contract Tower,0,3,14,0,17,0,0,0,0,0,0,3,14,0,17,26,0,26,43
05/28/2010,OWB,KY,ASO,CE,Federal Contract Tower,0,4,15,0,19,0,4,52,0,56,0,8,67,0,75,74,0,74,149
05/29/2010,OWB,KY,ASO,CE,Federal Contract Tower,2,2,4,0,8,0,0,47,0,47,2,2,51,0,55,38,0,38,93
05/30/2010,OWB,KY,ASO,CE,Federal Contract Tower,0,7,3,1,11,0,4,50,0,54,0,11,53,1,65,64,8,72,137
05/31/2010,OWB,KY,ASO,CE,Federal Contract Tower,0,4,5,0,9,0,0,28,0,28,0,4,33,0,37,60,0,60,97
06/01/2010,OWB,KY,ASO,CE,Federal Contract Tower,0,4,12,0,16,0,2,46,2,50,0,6,58,2,66,52,6,58,124
06/02/2010,OWB,KY,ASO,CE,Federal Contract Tower,2,4,6,0,12,0,0,42,0,42,2,4,48,0,54,58,0,58,112
06/03/2010,OWB,KY,ASO,CE,Federal Contract Tower,0,4,12,0,16,0,2,51,0,53,0,6,63,0,69,56,10,66,135
06/04/2010,OWB,KY,ASO,CE,Federal Contract Tower,0,5,4,0,9,0,0,48,2,50,0,5,52,2,59,62,0,62,121
06/05/2010,OWB,KY,ASO,CE,Federal Contract Tower,0,2,4,7,13,0,0,49,0,49,0,2,53,7,62,56,0,56,118
06/06/2010,OWB,KY,ASO,CE,Federal Contract Tower,0,3,8,0,11,0,0,51,0,51,0,3,59,0,62,62,0,62,124
06/07/2010,OWB,KY,ASO,CE,Federal Contract Tower,0,2,15,0,17,0,6,66,1,73,0,8,81,1,90,62,2,64,154
06/08/2010,OWB,KY,ASO,CE,Federal Contract Tower,0,6,5,2,13,0,2,43,1,46,0,8,48,3,59,48,14,62,121
06/09/2010,OWB,KY,ASO,CE,Federal Contract Tower,2,7,7,2,18,0,3,35,5,43,2,10,42,7,61,48,12,60,121
06/10/2010,OWB,KY,ASO,CE,Federal Contract Tower,0,4,16,4,24,0,0,58,6,64,0,4,74,10,88,52,10,62,150
06/11/2010,OWB,KY,ASO,CE,Federal Contract Tower,0,4,20,0,24,0,0,61,0,61,0,4,81,0,85,88,0,88,173
06/12/2010,OWB,KY,ASO,CE,Federal Contract Tower,2,8,9,0,19,0,0,115,0,115,2,8,124,0,134,234,0,234,368
06/13/2010,OWB,KY,ASO,CE,Federal Contract Tower,0,4,0,0,4,0,0,58,0,58,0,4,58,0,62,70,0,70,132
06/14/2010,OWB,KY,ASO,CE,Federal Contract Tower,0,4,5,1,10,0,6,47,4,57,0,10,52,5,67,56,8,64,131
06/15/2010,OWB,KY,ASO,CE,Federal Contract Tower,0,4,8,0,12,0,2,43,2,47,0,6,51,2,59,56,8,64,123
06/16/2010,OWB,KY,ASO,CE,Federal Contract Tower,0,5,18,2,25,0,3,71,4,78,0,8,89,6,103,102,14,116,219
06/17/2010,OWB,KY,ASO,CE,Federal Contract Tower,2,8,6,0,16,0,0,57,0,57,2,8,63,0,73,58,0,58,131
06/18/2010,OWB,KY,ASO,CE,Federal Contract Tower,0,5,12,0,17,0,1,66,0,67,0,6,78,0,84,66,0,66,150
06/19/2010,OWB,KY,ASO,CE,Federal Contract Tower,2,4,10,0,16,0,0,76,0,76,2,4,86,0,92,82,0,82,174
06/20/2010,OWB,KY,ASO,CE,Federal Contract Tower,0,5,12,0,17,0,0,51,0,51,0,5,63,0,68,98,0,98,166
06/21/2010,OWB,KY,ASO,CE,Federal Contract Tower,0,1,8,2,11,0,0,59,5,64,0,1,67,7,75,56,18,74,149
06/22/2010,OWB,KY,ASO,CE,Federal Contract Tower,2,6,9,0,17,0,2,51,0,53,2,8,60,0,70,56,0,56,126
06/23/2010,OWB,KY,ASO,CE,Federal Contract Tower,0,5,14,0,19,0,0,47,2,49,0,5,61,2,68,64,8,72,140
06/24/2010,OWB,KY,ASO,CE,Federal Contract Tower,2,5,11,3,21,0,57,2,0,59,2,62,13,3,80,70,14,84,164
06/25/2010,OWB,KY,ASO,CE,Federal Contract Tower,0,6,8,0,14,0,0,71,0,71,0,6,79,0,85,72,0,72,157
06/26/2010,OWB,KY,ASO,CE,Federal Contract Tower,2,2,7,0,11,0,0,67,0,67,2,2,74,0,78,70,0,70,148
06/27/2010,OWB,KY,ASO,CE,Federal Contract Tower,0,3,5,0,8,0,2,36,0,38,0,5,41,0,46,46,0,46,92
06/28/2010,OWB,KY,ASO,CE,Federal Contract Tower,0,0,5,2,7,0,2,46,2,50,0,2,51,4,57,48,8,56,113
06/29/2010,OWB,KY,ASO,CE,Federal Contract Tower,2,3,11,1,17,0,2,66,0,68,2,5,77,1,85,78,0,78,163
06/30/2010,OWB,KY,ASO,CE,Federal Contract Tower,0,4,10,10,24,0,3,70,1,74,0,7,80,11,98,56,4,60,158
07/01/2010,OWB,KY,ASO,CE,Federal Contract Tower,2,7,10,2,21,0,2,74,0,76,2,9,84,2,97,76,0,76,173
07/02/2010,OWB,KY,ASO,CE,Federal Contract Tower,0,6,13,0,19,0,2,60,0,62,0,8,73,0,81,90,0,90,171
07/03/2010,OWB,KY,ASO,CE,Federal Contract Tower,2,6,10,0,18,0,0,66,0,66,2,6,76,0,84,66,0,66,150
07/04/2010,OWB,KY,ASO,CE,Federal Contract Tower,0,7,3,0,10,0,0,46,0,46,0,7,49,0,56,50,0,50,106
07/05/2010,OWB,KY,ASO,CE,Federal Contract Tower,0,9,13,0,22,0,0,57,0,57,0,9,70,0,79,64,0,64,143
07/06/2010,OWB,KY,ASO,CE,Federal Contract Tower,2,1,8,2,13,0,6,52,4,62,2,7,60,6,75,62,0,62,137
07/07/2010,OWB,KY,ASO,CE,Federal Contract Tower,0,4,14,2,20,0,2,51,0,53,0,6,65,2,73,68,0,68,141
07/08/2010,OWB,KY,ASO,CE,Federal Contract Tower,2,4,6,1,13,0,1,52,4,57,2,5,58,5,70,60,8,68,138
07/09/2010,OWB,KY,ASO,CE,Federal Contract Tower,0,5,17,0,22,0,2,47,0,49,0,7,64,0,71,60,0,60,131
07/10/2010,OWB,KY,ASO,CE,Federal Contract Tower,2,3,5,0,10,0,0,91,0,91,2,3,96,0,101,89,0,89,190
07/11/2010,OWB,KY,ASO,CE,Federal Contract Tower,0,7,10,0,17,0,0,60,0,60,0,7,70,0,77,56,0,56,133
07/12/2010,OWB,KY,ASO,CE,Federal Contract Tower,0,9,12,0,21,0,0,58,0,58,0,9,70,0,79,72,0,72,151
07/13/2010,OWB,KY,ASO,CE,Federal Contract Tower,2,7,3,3,15,0,2,42,1,45,2,9,45,4,60,54,8,62,122
07/14/2010,OWB,KY,ASO,CE,Federal Contract Tower,0,1,7,5,13,0,7,53,0,60,0,8,60,5,73,72,0,72,145
07/15/2010,OWB,KY,ASO,CE,Federal Contract Tower,2,3,10,5,20,0,4,56,3,63,2,7,66,8,83,62,18,80,163
07/16/2010,OWB,KY,ASO,CE,Federal Contract Tower,0,6,13,3,22,0,1,46,1,48,0,7,59,4,70,54,16,70,140
07/17/2010,OWB,KY,ASO,CE,Federal Contract Tower,2,3,7,0,12,0,0,77,0,77,2,3,84,0,89,62,0,62,151
07/18/2010,OWB,KY,ASO,CE,Federal Contract Tower,0,6,3,0,9,0,0,32,0,32,0,6,35,0,41,38,0,38,79
07/19/2010,OWB,KY,ASO,CE,Federal Contract Tower,0,7,10,0,17,0,0,37,4,41,0,7,47,4,58,40,10,50,108
07/20/2010,OWB,KY,ASO,CE,Federal Contract Tower,2,5,12,0,19,0,3,42,0,45,2,8,54,0,64,66,0,66,130
07/21/2010,OWB,KY,ASO,CE,Federal Contract Tower,0,4,2,0,6,0,4,51,0,55,0,8,53,0,61,48,0,48,109
07/22/2010,OWB,KY,ASO,CE,Federal Contract Tower,2,4,18,0,24,0,4,73,0,77,2,8,91,0,101,102,0,102,203
07/23/2010,OWB,KY,ASO,CE,Federal Contract Tower,0,6,17,0,23,0,0,72,0,72,0,6,89,0,95,64,0,64,159
07/24/2010,OWB,KY,ASO,CE,Federal Contract Tower,2,7,0,3,12,0,0,56,1,57,2,7,56,4,69,68,4,72,141
07/25/2010,OWB,KY,ASO,CE,Federal Contract Tower,0,7,10,0,17,0,0,41,0,41,0,7,51,0,58,48,0,48,106
07/26/2010,OWB,KY,ASO,CE,Federal Contract Tower,0,6,5,2,13,0,0,45,2,47,0,6,50,4,60,43,6,49,109
07/27/2010,OWB,KY,ASO,CE,Federal Contract Tower,2,5,9,0,16,0,0,56,2,58,2,5,65,2,74,52,0,52,126
07/28/2010,OWB,KY,ASO,CE,Federal Contract Tower,0,1,10,6,17,0,2,53,4,59,0,3,63,10,76,56,12,68,144
07/29/2010,OWB,KY,ASO,CE,Federal Contract Tower,2,9,4,2,17,0,3,50,2,55,2,12,54,4,72,62,6,68,140
07/30/2010,OWB,KY,ASO,CE,Federal Contract Tower,0,5,13,0,18,0,2,57,0,59,0,7,70,0,77,78,0,78,155
07/31/2010,OWB,KY,ASO,CE,Federal Contract Tower,2,6,2,0,10,0,0,43,4,47,2,6,45,4,57,56,4,60,117
08/01/2010,OWB,KY,ASO,CE,Federal Contract Tower,0,6,3,0,9,0,0,40,0,40,0,6,43,0,49,66,0,66,115
08/02/2010,OWB,KY,ASO,CE,Federal Contract Tower,0,3,8,1,12,0,0,43,0,43,0,3,51,1,55,52,2,54,109
08/03/2010,OWB,KY,ASO,CE,Federal Contract Tower,2,9,11,2,24,0,1,51,0,52,2,10,62,2,76,46,2,48,124
08/04/2010,OWB,KY,ASO,CE,Federal Contract Tower,2,6,9,0,17,0,2,50,0,52,2,8,59,0,69,56,0,56,125
08/05/2010,OWB,KY,ASO,CE,Federal Contract Tower,0,0,10,0,10,0,2,54,0,56,0,2,64,0,66,72,0,72,138
08/06/2010,OWB,KY,ASO,CE,Federal Contract Tower,0,6,5,0,11,0,2,53,0,55,0,8,58,0,66,68,0,68,134
08/07/2010,OWB,KY,ASO,CE,Federal Contract Tower,2,2,7,0,11,0,4,64,0,68,2,6,71,0,79,76,0,76,155
08/08/2010,OWB,KY,ASO,CE,Federal Contract Tower,0,2,2,0,4,0,0,48,0,48,0,2,50,0,52,78,0,78,130
08/09/2010,OWB,KY,ASO,CE,Federal Contract Tower,0,3,7,1,11,0,72,8,0,80,0,75,15,1,91,68,26,94,185
08/10/2010,OWB,KY,ASO,CE,Federal Contract Tower,0,3,13,9,25,0,5,56,16,77,0,8,69,25,102,78,38,116,218
08/11/2010,OWB,KY,ASO,CE,Federal Contract Tower,0,7,9,1,17,0,3,59,2,64,0,10,68,3,81,58,0,58,139
08/12/2010,OWB,KY,ASO,CE,Federal Contract Tower,0,5,5,1,11,0,0,55,3,58,0,5,60,4,69,62,2,64,133
08/13/2010,OWB,KY,ASO,CE,Federal Contract Tower,0,0,10,0,10,0,4,69,0,73,0,4,79,0,83,96,0,96,179
08/14/2010,OWB,KY,ASO,CE,Federal Contract Tower,2,6,5,0,13,0,0,50,0,50,2,6,55,0,63,66,0,66,129
08/15/2010,OWB,KY,ASO,CE,Federal Contract Tower,0,8,2,0,10,0,0,43,1,44,0,8,45,1,54,68,2,70,124
08/16/2010,OWB,KY,ASO,CE,Federal Contract Tower,0,6,6,2,14,0,0,57,9,66,0,6,63,11,80,40,10,50,130
08/17/2010,OWB,KY,ASO,CE,Federal Contract Tower,0,3,11,2,16,0,3,49,4,56,0,6,60,6,72,58,8,66,138
08/18/2010,OWB,KY,ASO,CE,Federal Contract Tower,0,6,12,4,22,0,0,48,5,53,0,6,60,9,75,56,12,68,143
08/19/2010,OWB,KY,ASO,CE,Federal Contract Tower,2,8,12,1,23,0,2,35,4,41,2,10,47,5,64,56,8,64,128
08/20/2010,OWB,KY,ASO,CE,Federal Contract Tower,0,3,7,2,12,0,2,54,2,58,0,5,61,4,70,62,14,76,146
08/21/2010,OWB,KY,ASO,CE,Federal Contract Tower,0,3,12,0,15,0,0,31,0,31,0,3,43,0,46,50,0,50,96
08/22/2010,OWB,KY,ASO,CE,Federal Contract Tower,1,4,8,0,13,0,1,35,0,36,1,5,43,0,49,62,0,62,111
08/23/2010,OWB,KY,ASO,CE,Federal Contract Tower,0,3,4,2,9,0,2,60,7,69,0,5,64,9,78,58,10,68,146
08/24/2010,OWB,KY,ASO,CE,Federal Contract Tower,0,6,8,1,15,0,4,58,8,70,0,10,66,9,85,52,10,62,147
08/25/2010,OWB,KY,ASO,CE,Federal Contract Tower,0,7,17,0,24,0,0,61,4,65,0,7,78,4,89,84,4,88,177
08/26/2010,OWB,KY,ASO,CE,Federal Contract Tower,2,1,11,4,18,0,4,55,3,62,2,5,66,7,80,74,16,90,170
08/27/2010,OWB,KY,ASO,CE,Federal Contract Tower,0,0,9,2,11,0,4,50,0,54,0,4,59,2,65,66,0,66,131
08/28/2010,OWB,KY,ASO,CE,Federal Contract Tower,0,1,6,0,7,0,2,59,0,61,0,3,65,0,68,58,0,58,126
08/29/2010,OWB,KY,ASO,CE,Federal Contract Tower,2,2,7,0,11,0,0,61,0,61,2,2,68,0,72,48,0,48,120
08/30/2010,OWB,KY,ASO,CE,Federal Contract Tower,0,5,7,3,15,0,4,49,0,53,0,9,56,3,68,68,4,72,140
08/31/2010,OWB,KY,ASO,CE,Federal Contract Tower,0,6,8,2,16,0,0,50,9,59,0,6,58,11,75,60,14,74,149
09/01/2010,OWB,KY,ASO,CE,Federal Contract Tower,0,4,9,2,15,0,4,54,0,58,0,8,63,2,73,74,0,74,147
09/02/2010,OWB,KY,ASO,CE,Federal Contract Tower,2,8,13,0,23,0,0,61,0,61,2,8,74,0,84,78,0,78,162
09/03/2010,OWB,KY,ASO,CE,Federal Contract Tower,0,4,6,0,10,0,2,44,0,46,0,6,50,0,56,54,0,54,110
09/04/2010,OWB,KY,ASO,CE,Federal Contract Tower,0,3,6,0,9,0,0,71,0,71,0,3,77,0,80,60,0,60,140
09/05/2010,OWB,KY,ASO,CE,Federal Contract Tower,2,2,1,0,5,0,0,63,0,63,2,2,64,0,68,52,0,52,120
09/06/2010,OWB,KY,ASO,CE,Federal Contract Tower,0,3,4,0,7,0,4,58,0,62,0,7,62,0,69,60,0,60,129
09/07/2010,OWB,KY,ASO,CE,Federal Contract Tower,0,8,14,0,22,0,0,45,0,45,0,8,59,0,67,56,0,56,123
09/08/2010,OWB,KY,ASO,CE,Federal Contract Tower,0,0,6,7,13,0,6,53,2,61,0,6,59,9,74,68,4,72,146
09/09/2010,OWB,KY,ASO,CE,Federal Contract Tower,2,5,14,0,21,0,2,41,0,43,2,7,55,0,64,40,0,40,104
09/10/2010,OWB,KY,ASO,CE,Federal Contract Tower,0,6,5,0,11,0,0,30,0,30,0,6,35,0,41,30,0,30,71
09/11/2010,OWB,KY,ASO,CE,Federal Contract Tower,0,5,14,0,19,0,0,29,0,29,0,5,43,0,48,30,0,30,78
09/12/2010,OWB,KY,ASO,CE,Federal Contract Tower,2,6,7,0,15,0,0,68,0,68,2,6,75,0,83,58,0,58,141
09/13/2010,OWB,KY,ASO,CE,Federal Contract Tower,0,6,4,1,11,0,0,73,2,75,0,6,77,3,86,64,6,70,156
09/14/2010,OWB,KY,ASO,CE,Federal Contract Tower,0,7,21,6,34,0,0,71,2,73,0,7,92,8,107,70,16,86,193
09/15/2010,OWB,KY,ASO,CE,Federal Contract Tower,0,2,13,0,15,0,4,57,0,61,0,6,70,0,76,56,0,56,132
09/16/2010,OWB,KY,ASO,CE,Federal Contract Tower,2,5,10,0,17,0,2,44,4,50,2,7,54,4,67,50,16,66,133
09/17/2010,OWB,KY,ASO,CE,Federal Contract Tower,0,3,12,0,15,0,2,61,0,63,0,5,73,0,78,78,0,78,156
09/18/2010,OWB,KY,ASO,CE,Federal Contract Tower,0,0,2,0,2,0,2,103,0,105,0,2,105,0,107,68,0,68,175
09/19/2010,OWB,KY,ASO,CE,Federal Contract Tower,0,2,1,10,13,0,3,56,3,62,0,5,57,13,75,62,2,64,139
09/20/2010,OWB,KY,ASO,CE,Federal Contract Tower,0,7,12,1,20,0,0,60,1,61,0,7,72,2,81,68,2,70,151
09/21/2010,OWB,KY,ASO,CE,Federal Contract Tower,0,6,9,0,15,0,1,60,0,61,0,7,69,0,76,106,0,106,182
09/22/2010,OWB,KY,ASO,CE,Federal Contract Tower,0,1,7,3,11,0,5,52,1,58,0,6,59,4,69,96,8,104,173
09/23/2010,OWB,KY,ASO,CE,Federal Contract Tower,2,0,4,1,7,0,6,39,5,50,2,6,43,6,57,53,12,65,122
09/24/2010,OWB,KY,ASO,CE,Federal Contract Tower,0,5,11,0,16,0,4,38,0,42,0,9,49,0,58,36,0,36,94
09/25/2010,OWB,KY,ASO,CE,Federal Contract Tower,0,2,3,0,5,0,0,69,0,69,0,2,72,0,74,66,0,66,140
09/26/2010,OWB,KY,ASO,CE,Federal Contract Tower,2,3,1,0,6,0,2,45,0,47,2,5,46,0,53,52,0,52,105
09/27/2010,OWB,KY,ASO,CE,Federal Contract Tower,0,4,5,2,11,0,0,54,0,54,0,4,59,2,65,54,0,54,119
09/28/2010,OWB,KY,ASO,CE,Federal Contract Tower,0,0,5,0,5,0,0,48,0,48,0,0,53,0,53,62,0,62,115
09/29/2010,OWB,KY,ASO,CE,Federal Contract Tower,0,1,4,1,6,0,4,46,1,51,0,5,50,2,57,52,2,54,111
09/30/2010,OWB,KY,ASO,CE,Federal Contract Tower,2,7,9,3,21,0,1,53,1,55,2,8,62,4,76,64,12,76,152
10/01/2010,OWB,KY,ASO,CE,Federal Contract Tower,0,2,9,0,11,0,0,51,0,51,0,2,60,0,62,70,0,70,132
10/02/2010,OWB,KY,ASO,CE,Federal Contract Tower,0,5,3,1,9,0,0,51,4,55,0,5,54,5,64,62,12,74,138
10/03/2010,OWB,KY,ASO,CE,Federal Contract Tower,2,0,5,0,7,0,2,38,0,40,2,2,43,0,47,48,0,48,95
10/04/2010,OWB,KY,ASO,CE,Federal Contract Tower,0,2,5,2,9,0,2,46,3,51,0,4,51,5,60,57,6,63,123
10/05/2010,OWB,KY,ASO,CE,Federal Contract Tower,0,4,12,1,17,0,0,60,1,61,0,4,72,2,78,72,4,76,154
10/06/2010,OWB,KY,ASO,CE,Federal Contract Tower,0,4,2,3,9,0,0,61,0,61,0,4,63,3,70,68,8,76,146
10/07/2010,OWB,KY,ASO,CE,Federal Contract Tower,2,8,6,0,16,0,2,55,0,57,2,10,61,0,73,72,0,72,145
10/08/2010,OWB,KY,ASO,CE,Federal Contract Tower,0,7,6,0,13,0,4,56,2,62,0,11,62,2,75,54,4,58,133
10/09/2010,OWB,KY,ASO,CE,Federal Contract Tower,0,6,14,0,20,0,0,70,0,70,0,6,84,0,90,60,2,62,152
10/10/2010,OWB,KY,ASO,CE,Federal Contract Tower,2,5,10,0,17,0,2,62,0,64,2,7,72,0,81,80,0,80,161
10/11/2010,OWB,KY,ASO,CE,Federal Contract Tower,0,0,8,0,8,0,6,54,0,60,0,6,62,0,68,70,0,70,138
10/12/2010,OWB,KY,ASO,CE,Federal Contract Tower,0,2,11,0,13,0,4,38,1,43,0,6,49,1,56,26,0,26,82
10/13/2010,OWB,KY,ASO,CE,Federal Contract Tower,0,5,15,4,24,0,4,25,1,30,0,9,40,5,54,26,10,36,90
10/14/2010,OWB,KY,ASO,CE,Federal Contract Tower,2,8,4,0,14,0,0,47,3,50,2,8,51,3,64,70,10,80,144
10/15/2010,OWB,KY,ASO,CE,Federal Contract Tower,0,7,8,0,15,0,0,55,0,55,0,7,63,0,70,56,0,56,126
10/16/2010,OWB,KY,ASO,CE,Federal Contract Tower,0,7,10,0,17,0,0,94,0,94,0,7,104,0,111,68,0,68,179
10/17/2010,OWB,KY,ASO,CE,Federal Contract Tower,2,4,6,0,12,0,4,59,0,63,2,8,65,0,75,60,0,60,135
10/18/2010,OWB,KY,ASO,CE,Federal Contract Tower,0,2,14,1,17,0,4,55,0,59,0,6,69,1,76,58,0,58,134
10/19/2010,OWB,KY,ASO,CE,Federal Contract Tower,0,9,15,0,24,0,2,49,0,51,0,11,64,0,75,42,0,42,117
10/20/2010,OWB,KY,ASO,CE,Federal Contract Tower,0,6,5,4,15,0,2,56,0,58,0,8,61,4,73,62,6,68,141
10/21/2010,OWB,KY,ASO,CE,Federal Contract Tower,2,9,8,8,27,0,2,64,10,76,2,11,72,18,103,52,26,78,181
10/22/2010,OWB,KY,ASO,CE,Federal Contract Tower,0,9,3,0,12,0,2,59,0,61,0,11,62,0,73,58,0,58,131
10/23/2010,OWB,KY,ASO,CE,Federal Contract Tower,0,2,2,0,4,0,2,60,0,62,0,4,62,0,66,94,0,94,160
10/24/2010,OWB,KY,ASO,CE,Federal Contract Tower,2,4,1,0,7,0,4,37,0,41,2,8,38,0,48,50,0,50,98
10/25/2010,OWB,KY,ASO,CE,Federal Contract Tower,0,6,13,0,19,0,0,45,1,46,0,6,58,1,65,50,2,52,117
10/26/2010,OWB,KY,ASO,CE,Federal Contract Tower,0,8,7,0,15,0,0,16,0,16,0,8,23,0,31,22,0,22,53
10/27/2010,OWB,KY,ASO,CE,Federal Contract Tower,0,7,10,8,25,0,10,56,7,73,0,17,66,15,98,62,26,88,186
10/28/2010,OWB,KY,ASO,CE,Federal Contract Tower,2,5,11,1,19,0,2,44,1,47,2,7,55,2,66,50,0,50,116
10/29/2010,OWB,KY,ASO,CE,Federal Contract Tower,0,0,10,0,10,0,5,66,2,73,0,5,76,2,83,74,8,82,165
10/30/2010,OWB,KY,ASO,CE,Federal Contract Tower,0,1,6,0,7,0,3,58,0,61,0,4,64,0,68,54,0,54,122
10/31/2010,OWB,KY,ASO,CE,Federal Contract Tower,2,1,21,0,24,0,4,65,0,69,2,5,86,0,93,72,0,72,165
11/01/2010,OWB,KY,ASO,CE,Federal Contract Tower,0,2,7,0,9,0,4,64,3,71,0,6,71,3,80,70,0,70,150
11/02/2010,OWB,KY,ASO,CE,Federal Contract Tower,0,4,9,2,15,0,1,55,0,56,0,5,64,2,71,48,8,56,127
11/03/2010,OWB,KY,ASO,CE,Federal Contract Tower,0,6,12,3,21,0,0,38,1,39,0,6,50,4,60,38,14,52,112
11/04/2010,OWB,KY,ASO,CE,Federal Contract Tower,2,6,7,2,17,0,1,42,5,48,2,7,49,7,65,50,10,60,125
11/05/2010,OWB,KY,ASO,CE,Federal Contract Tower,0,9,15,0,24,0,1,47,2,50,0,10,62,2,74,44,6,50,124
11/06/2010,OWB,KY,ASO,CE,Federal Contract Tower,0,3,7,0,10,0,3,66,4,73,0,6,73,4,83,68,12,80,163
11/07/2010,OWB,KY,ASO,CE,Federal Contract Tower,2,4,7,0,13,0,3,69,2,74,2,7,76,2,87,76,4,80,167
11/08/2010,OWB,KY,ASO,CE,Federal Contract Tower,0,1,9,1,11,0,4,57,6,67,0,5,66,7,78,58,20,78,156
11/09/2010,OWB,KY,ASO,CE,Federal Contract Tower,0,5,11,10,26,0,5,58,7,70,0,10,69,17,96,72,44,116,212
11/10/2010,OWB,KY,ASO,CE,Federal Contract Tower,0,3,7,5,15,0,6,60,0,66,0,9,67,5,81,106,18,124,205
11/11/2010,OWB,KY,ASO,CE,Federal Contract Tower,2,1,15,0,18,0,5,59,0,64,2,6,74,0,82,34,0,34,116
11/12/2010,OWB,KY,ASO,CE,Federal Contract Tower,0,1,8,0,9,0,2,61,0,63,0,3,69,0,72,68,0,68,140
11/13/2010,OWB,KY,ASO,CE,Federal Contract Tower,0,8,10,0,18,0,0,25,0,25,0,8,35,0,43,26,0,26,69
11/14/2010,OWB,KY,ASO,CE,Federal Contract Tower,2,8,6,0,16,0,0,46,0,46,2,8,52,0,62,60,0,60,122
11/15/2010,OWB,KY,ASO,CE,Federal Contract Tower,0,6,2,4,12,0,0,41,0,41,0,6,43,4,53,44,12,56,109
11/16/2010,OWB,KY,ASO,CE,Federal Contract Tower,0,8,7,0,15,0,0,8,0,8,0,8,15,0,23,6,6,12,35
11/17/2010,OWB,KY,ASO,CE,Federal Contract Tower,0,7,16,1,24,0,0,48,3,51,0,7,64,4,75,46,6,52,127
11/18/2010,OWB,KY,ASO,CE,Federal Contract Tower,2,7,19,2,30,0,0,20,0,20,2,7,39,2,50,16,0,16,66
11/19/2010,OWB,KY,ASO,CE,Federal Contract Tower,0,4,7,2,13,0,0,43,0,43,0,4,50,2,56,60,0,60,116
11/20/2010,OWB,KY,ASO,CE,Federal Contract Tower,0,3,8,0,11,0,1,33,0,34,0,4,41,0,45,30,0,30,75
11/21/2010,OWB,KY,ASO,CE,Federal Contract Tower,2,4,12,0,18,0,1,39,0,40,2,5,51,0,58,56,2,58,116
11/22/2010,OWB,KY,ASO,CE,Federal Contract Tower,0,2,9,5,16,0,2,40,0,42,0,4,49,5,58,54,12,66,124
11/23/2010,OWB,KY,ASO,CE,Federal Contract Tower,0,1,10,2,13,0,1,33,1,35,0,2,43,3,48,52,6,58,106
11/24/2010,OWB,KY,ASO,CE,Federal Contract Tower,2,8,5,0,15,0,0,7,0,7,2,8,12,0,22,12,0,12,34
11/25/2010,OWB,KY,ASO,CE,Federal Contract Tower,0,8,0,0,8,0,0,0,0,0,0,8,0,0,8,0,0,0,8
11/26/2010,OWB,KY,ASO,CE,Federal Contract Tower,0,5,3,0,8,0,4,39,0,43,0,9,42,0,51,56,0,56,107
11/27/2010,OWB,KY,ASO,CE,Federal Contract Tower,0,5,5,0,10,0,3,40,0,43,0,8,45,0,53,34,0,34,87
11/28/2010,OWB,KY,ASO,CE,Federal Contract Tower,2,4,5,0,11,0,0,44,0,44,2,4,49,0,55,62,0,62,117
11/29/2010,OWB,KY,ASO,CE,Federal Contract Tower,0,6,3,0,9,0,0,32,0,32,0,6,35,0,41,32,0,32,73
11/30/2010,OWB,KY,ASO,CE,Federal Contract Tower,0,7,9,0,16,0,0,16,0,16,0,7,25,0,32,23,0,23,55
12/01/2010,OWB,KY,ASO,CE,Federal Contract Tower,0,16,9,0,25,0,0,47,0,47,0,16,56,0,72,62,0,62,134
12/02/2010,OWB,KY,ASO,CE,Federal Contract Tower,2,11,6,3,22,0,1,51,4,56,2,12,57,7,78,56,6,62,140
12/03/2010,OWB,KY,ASO,CE,Federal Contract Tower,0,4,8,2,14,0,2,48,6,56,0,6,56,8,70,64,0,64,134
12/04/2010,OWB,KY,ASO,CE,Federal Contract Tower,0,5,3,0,8,0,1,16,0,17,0,6,19,0,25,14,0,14,39
12/05/2010,OWB,KY,ASO,CE,Federal Contract Tower,2,5,4,0,11,0,1,32,0,33,2,6,36,0,44,28,0,28,72
12/06/2010,OWB,KY,ASO,CE,Federal Contract Tower,0,4,3,0,7,0,0,35,0,35,0,4,38,0,42,36,0,36,78
12/07/2010,OWB,KY,ASO,CE,Federal Contract Tower,0,3,11,0,14,0,3,49,0,52,0,6,60,0,66,80,0,80,146
12/08/2010,OWB,KY,ASO,CE,Federal Contract Tower,0,4,6,0,10,0,1,80,4,85,0,5,86,4,95,90,0,90,185
12/09/2010,OWB,KY,ASO,CE,Federal Contract Tower,2,6,7,4,19,0,1,51,8,60,2,7,58,12,79,40,6,46,125
12/10/2010,OWB,KY,ASO,CE,Federal Contract Tower,0,4,7,0,11,0,0,59,0,59,0,4,66,0,70,62,0,62,132
12/11/2010,OWB,KY,ASO,CE,Federal Contract Tower,0,5,2,0,7,0,0,14,0,14,0,5,16,0,21,12,0,12,33
12/12/2010,OWB,KY,ASO,CE,Federal Contract Tower,1,4,3,0,8,0,0,4,0,4,1,4,7,0,12,6,0,6,18
12/13/2010,OWB,KY,ASO,CE,Federal Contract Tower,1,5,8,0,14,0,1,25,0,26,1,6,33,0,40,18,0,18,58
12/14/2010,OWB,KY,ASO,CE,Federal Contract Tower,0,7,7,2,16,0,2,54,0,56,0,9,61,2,72,38,6,44,116
12/15/2010,OWB,KY,ASO,CE,Federal Contract Tower,0,3,5,0,8,0,0,37,0,37,0,3,42,0,45,46,0,46,91
12/16/2010,OWB,KY,ASO,CE,Federal Contract Tower,2,5,1,0,8,0,0,0,0,0,2,5,1,0,8,0,0,0,8
12/17/2010,OWB,KY,ASO,CE,Federal Contract Tower,0,8,6,0,14,0,0,29,0,29,0,8,35,0,43,22,0,22,65
12/18/2010,OWB,KY,ASO,CE,Federal Contract Tower,0,7,4,0,11,0,0,44,0,44,0,7,48,0,55,46,0,46,101
12/19/2010,OWB,KY,ASO,CE,Federal Contract Tower,2,4,3,0,9,0,0,0,0,0,2,4,3,0,9,60,0,60,69
12/20/2010,OWB,KY,ASO,CE,Federal Contract Tower,0,4,10,3,17,0,2,46,2,50,0,6,56,5,67,46,12,58,125
12/21/2010,OWB,KY,ASO,CE,Federal Contract Tower,0,6,3,4,13,0,0,33,7,40,0,6,36,11,53,54,8,62,115
12/22/2010,OWB,KY,ASO,CE,Federal Contract Tower,0,5,9,0,14,0,1,31,4,36,0,6,40,4,50,20,0,20,70
12/23/2010,OWB,KY,ASO,CE,Federal Contract Tower,2,3,6,0,11,0,1,44,0,45,2,4,50,0,56,70,0,70,126
12/24/2010,OWB,KY,ASO,CE,Federal Contract Tower,0,0,0,0,0,0,2,30,0,32,0,2,30,0,32,36,0,36,68
12/25/2010,OWB,KY,ASO,CE,Federal Contract Tower,0,2,0,0,2,0,0,11,0,11,0,2,11,0,13,18,0,18,31
12/26/2010,OWB,KY,ASO,CE,Federal Contract Tower,2,4,13,0,19,0,0,39,0,39,2,4,52,0,58,62,0,62,120
12/27/2010,OWB,KY,ASO,CE,Federal Contract Tower,0,7,6,0,13,0,0,39,0,39,0,7,45,0,52,46,0,46,98
12/28/2010,OWB,KY,ASO,CE,Federal Contract Tower,0,8,10,6,24,0,0,66,5,71,0,8,76,11,95,66,18,84,179
12/29/2010,OWB,KY,ASO,CE,Federal Contract Tower,0,5,2,4,11,0,0,0,0,0,0,5,2,4,11,0,0,0,11
12/30/2010,OWB,KY,ASO,CE,Federal Contract Tower,2,9,6,0,17,0,1,44,0,45,2,10,50,0,62,60,0,60,122
12/31/2010,OWB,KY,ASO,CE,Federal Contract Tower,0,5,6,0,11,0,0,40,0,40,0,5,46,0,51,49,0,49,100
01/01/2011,OWB,KY,ASO,CE,Federal Contract Tower,0,5,1,0,6,0,0,51,0,51,0,5,52,0,57,70,0,70,127
01/02/2011,OWB,KY,ASO,CE,Federal Contract Tower,2,6,15,0,23,0,0,53,0,53,2,6,68,0,76,80,0,80,156
01/03/2011,OWB,KY,ASO,CE,Federal Contract Tower,2,5,6,0,13,0,0,56,0,56,2,5,62,0,69,64,0,64,133
01/04/2011,OWB,KY,ASO,CE,Federal Contract Tower,0,1,5,0,6,0,3,63,0,66,0,4,68,0,72,54,6,60,132
01/05/2011,OWB,KY,ASO,CE,Federal Contract Tower,0,6,10,2,18,0,1,61,4,66,0,7,71,6,84,50,8,58,142
01/06/2011,OWB,KY,ASO,CE,Federal Contract Tower,2,8,6,1,17,0,1,50,0,51,2,9,56,1,68,54,2,56,124
01/07/2011,OWB,KY,ASO,CE,Federal Contract Tower,0,2,4,0,6,0,0,0,0,0,0,2,4,0,6,0,0,0,6
01/08/2011,OWB,KY,ASO,CE,Federal Contract Tower,0,11,3,0,14,0,0,34,0,34,0,11,37,0,48,40,0,40,88
01/09/2011,OWB,KY,ASO,CE,Federal Contract Tower,2,4,2,0,8,0,0,46,2,48,2,4,48,2,56,56,8,64,120
01/10/2011,OWB,KY,ASO,CE,Federal Contract Tower,0,0,5,0,5,0,0,44,0,44,0,0,49,0,49,45,0,45,94
01/11/2011,OWB,KY,ASO,CE,Federal Contract Tower,0,1,1,0,2,0,0,12,0,12,0,1,13,0,14,0,0,0,14
01/12/2011,OWB,KY,ASO,CE,Federal Contract Tower,0,2,4,2,8,0,0,28,0,28,0,2,32,2,36,4,0,4,40
01/13/2011,OWB,KY,ASO,CE,Federal Contract Tower,2,8,9,0,19,0,3,32,2,37,2,11,41,2,56,30,8,38,94
01/14/2011,OWB,KY,ASO,CE,Federal Contract Tower,0,1,6,0,7,0,4,49,2,55,0,5,55,2,62,62,8,70,132
01/15/2011,OWB,KY,ASO,CE,Federal Contract Tower,0,5,14,0,19,0,0,68,0,68,0,5,82,0,87,52,0,52,139
01/16/2011,OWB,KY,ASO,CE,Federal Contract Tower,2,1,7,0,10,0,2,28,0,30,2,3,35,0,40,30,0,30,70
01/17/2011,OWB,KY,ASO,CE,Federal Contract Tower,0,5,5,0,10,0,0,5,0,5,0,5,10,0,15,12,0,12,27
01/18/2011,OWB,KY,ASO,CE,Federal Contract Tower,0,3,6,4,13,0,0,0,0,0,0,3,6,4,13,0,0,0,13
01/19/2011,OWB,KY,ASO,CE,Federal Contract Tower,0,4,5,2,11,0,0,19,3,22,0,4,24,5,33,26,4,30,63
01/20/2011,OWB,KY,ASO,CE,Federal Contract Tower,2,2,5,0,9,0,0,0,0,0,2,2,5,0,9,0,0,0,9
01/21/2011,OWB,KY,ASO,CE,Federal Contract Tower,1,6,6,0,13,0,0,41,0,41,1,6,47,0,54,30,0,30,84
01/22/2011,OWB,KY,ASO,CE,Federal Contract Tower,0,2,1,0,3,0,0,27,0,27,0,2,28,0,30,36,0,36,66
01/23/2011,OWB,KY,ASO,CE,Federal Contract Tower,2,4,2,0,8,0,0,32,0,32,2,4,34,0,40,38,0,38,78
01/24/2011,OWB,KY,ASO,CE,Federal Contract Tower,0,5,12,0,17,0,2,25,0,27,0,7,37,0,44,34,0,34,78
01/25/2011,OWB,KY,ASO,CE,Federal Contract Tower,0,6,12,0,18,0,0,14,0,14,0,6,26,0,32,14,0,14,46
01/26/2011,OWB,KY,ASO,CE,Federal Contract Tower,0,3,8,0,11,0,0,31,0,31,0,3,39,0,42,36,0,36,78
01/27/2011,OWB,KY,ASO,CE,Federal Contract Tower,2,6,3,3,14,0,0,36,3,39,2,6,39,6,53,42,14,56,109
01/28/2011,OWB,KY,ASO,CE,Federal Contract Tower,0,8,9,2,19,0,0,42,0,42,0,8,51,2,61,40,8,48,109
01/29/2011,OWB,KY,ASO,CE,Federal Contract Tower,0,2,4,0,6,0,4,60,0,64,0,6,64,0,70,56,0,56,126
01/30/2011,OWB,KY,ASO,CE,Federal Contract Tower,2,7,7,0,16,0,0,40,0,40,2,7,47,0,56,36,0,36,92
01/31/2011,OWB,KY,ASO,CE,Federal Contract Tower,0,4,0,2,6,0,0,37,2,39,0,4,37,4,45,38,2,40,85
02/01/2011,OWB,KY,ASO,CE,Federal Contract Tower,0,6,4,0,10,0,0,2,0,2,0,6,6,0,12,0,0,0,12
02/02/2011,OWB,KY,ASO,CE,Federal Contract Tower,0,0,3,0,3,0,0,31,0,31,0,0,34,0,34,12,0,12,46
02/03/2011,OWB,KY,ASO,CE,Federal Contract Tower,2,4,4,0,10,0,18,69,0,87,2,22,73,0,97,70,0,70,167
02/04/2011,OWB,KY,ASO,CE,Federal Contract Tower,0,6,12,0,18,0,0,59,0,59,0,6,71,0,77,68,0,68,145
02/05/2011,OWB,KY,ASO,CE,Federal Contract Tower,0,2,0,0,2,0,0,16,0,16,0,2,16,0,18,16,0,16,34
02/06/2011,OWB,KY,ASO,CE,Federal Contract Tower,2,6,10,0,18,0,2,64,3,69,2,8,74,3,87,56,4,60,147
02/07/2011,OWB,KY,ASO,CE,Federal Contract Tower,0,4,7,0,11,0,0,0,0,0,0,4,7,0,11,0,0,0,11
02/08/2011,OWB,KY,ASO,CE,Federal Contract Tower,0,6,11,3,20,0,0,46,4,50,0,6,57,7,70,58,20,78,148
02/09/2011,OWB,KY,ASO,CE,Federal Contract Tower,0,4,3,0,7,0,2,10,0,12,0,6,13,0,19,0,0,0,19
02/10/2011,OWB,KY,ASO,CE,Federal Contract Tower,2,2,8,0,12,0,4,55,0,59,2,6,63,0,71,54,0,54,125
02/11/2011,OWB,KY,ASO,CE,Federal Contract Tower,0,5,12,0,17,0,0,62,0,62,0,5,74,0,79,54,0,54,133
02/12/2011,OWB,KY,ASO,CE,Federal Contract Tower,0,2,6,0,8,0,0,71,0,71,0,2,77,0,79,76,0,76,155
02/13/2011,OWB,KY,ASO,CE,Federal Contract Tower,2,0,5,1,8,0,5,65,5,75,2,5,70,6,83,56,12,68,151
02/14/2011,OWB,KY,ASO,CE,Federal Contract Tower,0,7,6,2,15,0,0,61,9,70,0,7,67,11,85,68,18,86,171
02/15/2011,OWB,KY,ASO,CE,Federal Contract Tower,0,9,10,1,20,0,0,60,6,66,0,9,70,7,86,60,6,66,152
02/16/2011,OWB,KY,ASO,CE,Federal Contract Tower,0,5,8,0,13,0,5,56,4,65,0,10,64,4,78,60,8,68,146
02/17/2011,OWB,KY,ASO,CE,Federal Contract Tower,2,5,4,0,11,0,0,32,0,32,2,5,36,0,43,40,0,40,83
02/18/2011,OWB,KY,ASO,CE,Federal Contract Tower,0,5,17,0,22,0,1,58,0,59,0,6,75,0,81,54,0,54,135
02/19/2011,OWB,KY,ASO,CE,Federal Contract Tower,0,6,14,0,20,0,0,85,0,85,0,6,99,0,105,80,0,80,185
02/20/2011,OWB,KY,ASO,CE,Federal Contract Tower,2,2,11,0,15,0,2,48,0,50,2,4,59,0,65,50,0,50,115
02/21/2011,OWB,KY,ASO,CE,Federal Contract Tower,0,6,5,0,11,0,0,23,0,23,0,6,28,0,34,24,0,24,58
02/22/2011,OWB,KY,ASO,CE,Federal Contract Tower,0,5,10,2,17,0,0,53,6,59,0,5,63,8,76,80,10,90,166
02/23/2011,OWB,KY,ASO,CE,Federal Contract Tower,0,1,9,0,10,0,4,59,0,63,0,5,68,0,73,60,0,60,133
02/24/2011,OWB,KY,ASO,CE,Federal Contract Tower,2,2,6,0,10,0,0,4,0,4,2,2,10,0,14,8,0,8,22
02/25/2011,OWB,KY,ASO,CE,Federal Contract Tower,0,1,7,4,12,0,2,36,3,41,0,3,43,7,53,42,6,48,101
02/26/2011,OWB,KY,ASO,CE,Federal Contract Tower,0,3,18,0,21,0,1,77,2,80,0,4,95,2,101,64,0,64,165
02/27/2011,OWB,KY,ASO,CE,Federal Contract Tower,2,6,3,0,11,0,1,26,0,27,2,7,29,0,38,32,0,32,70
02/28/2011,OWB,KY,ASO,CE,Federal Contract Tower,0,5,7,0,12,0,3,21,0,24,0,8,28,0,36,38,0,38,74
03/01/2011,OWB,KY,ASO,CE,Federal Contract Tower,0,4,11,3,18,0,5,67,4,76,0,9,78,7,94,96,10,106,200
03/02/2011,OWB,KY,ASO,CE,Federal Contract Tower,0,1,6,1,8,0,3,77,2,82,0,4,83,3,90,88,8,96,186
03/03/2011,OWB,KY,ASO,CE,Federal Contract Tower,2,2,8,0,12,0,4,58,3,65,2,6,66,3,77,64,12,76,153
03/04/2011,OWB,KY,ASO,CE,Federal Contract Tower,0,1,7,0,8,0,3,45,0,48,0,4,52,0,56,40,0,40,96
03/05/2011,OWB,KY,ASO,CE,Federal Contract Tower,0,5,5,0,10,0,0,7,0,7,0,5,12,0,17,8,0,8,25
03/06/2011,OWB,KY,ASO,CE,Federal Contract Tower,2,3,10,0,15,0,2,45,0,47,2,5,55,0,62,44,0,44,106
03/07/2011,OWB,KY,ASO,CE,Federal Contract Tower,0,7,9,0,16,0,1,63,0,64,0,8,72,0,80,64,0,64,144
03/08/2011,OWB,KY,ASO,CE,Federal Contract Tower,0,5,5,1,11,0,3,45,1,49,0,8,50,2,60,34,6,40,100
03/09/2011,OWB,KY,ASO,CE,Federal Contract Tower,0,5,11,0,16,0,1,24,0,25,0,6,35,0,41,34,0,34,75
03/10/2011,OWB,KY,ASO,CE,Federal Contract Tower,2,1,10,4,17,0,3,27,4,34,2,4,37,8,51,30,10,40,91
03/11/2011,OWB,KY,ASO,CE,Federal Contract Tower,0,4,11,0,15,0,4,67,0,71,0,8,78,0,86,58,0,58,144
03/12/2011,OWB,KY,ASO,CE,Federal Contract Tower,0,4,7,0,11,0,2,66,0,68,0,6,73,0,79,82,0,82,161
03/13/2011,OWB,KY,ASO,CE,Federal Contract Tower,2,2,10,0,14,0,3,60,0,63,2,5,70,0,77,82,0,82,159
03/14/2011,OWB,KY,ASO,CE,Federal Contract Tower,0,4,6,0,10,0,0,0,0,0,0,4,6,0,10,0,0,0,10
03/15/2011,OWB,KY,ASO,CE,Federal Contract Tower,0,0,8,0,8,0,0,5,0,5,0,0,13,0,13,6,0,6,19
03/16/2011,OWB,KY,ASO,CE,Federal Contract Tower,0,6,13,2,21,0,1,69,4,74,0,7,82,6,95,126,14,140,235
03/17/2011,OWB,KY,ASO,CE,Federal Contract Tower,2,5,9,3,19,0,1,72,5,78,2,6,81,8,97,54,16,70,167
03/18/2011,OWB,KY,ASO,CE,Federal Contract Tower,0,5,5,2,12,0,56,1,0,57,0,61,6,2,69,56,2,58,127
03/19/2011,OWB,KY,ASO,CE,Federal Contract Tower,0,2,11,0,13,0,0,87,0,87,0,2,98,0,100,84,0,84,184
03/20/2011,OWB,KY,ASO,CE,Federal Contract Tower,2,6,3,0,11,0,1,54,0,55,2,7,57,0,66,68,0,68,134
03/21/2011,OWB,KY,ASO,CE,Federal Contract Tower,0,4,7,8,19,0,3,58,4,65,0,7,65,12,84,72,14,86,170
03/22/2011,OWB,KY,ASO,CE,Federal Contract Tower,2,2,17,5,26,0,4,47,0,51,2,6,64,5,77,44,12,56,133
03/23/2011,OWB,KY,ASO,CE,Federal Contract Tower,0,4,2,7,13,0,1,41,4,46,0,5,43,11,59,48,18,66,125
03/24/2011,OWB,KY,ASO,CE,Federal Contract Tower,2,5,20,6,33,0,4,63,3,70,2,9,83,9,103,58,14,72,175
03/25/2011,OWB,KY,ASO,CE,Federal Contract Tower,0,4,8,6,18,0,1,46,0,47,0,5,54,6,65,44,12,56,121
03/26/2011,OWB,KY,ASO,CE,Federal Contract Tower,0,6,8,0,14,0,0,26,2,28,0,6,34,2,42,8,4,12,54
03/27/2011,OWB,KY,ASO,CE,Federal Contract Tower,2,7,7,0,16,0,0,50,0,50,2,7,57,0,66,62,0,62,128
03/28/2011,OWB,KY,ASO,CE,Federal Contract Tower,0,2,7,8,17,0,0,60,0,60,0,2,67,8,77,78,8,86,163
03/29/2011,OWB,KY,ASO,CE,Federal Contract Tower,2,2,13,2,19,0,2,45,0,47,2,4,58,2,66,56,8,64,130
03/30/2011,OWB,KY,ASO,CE,Federal Contract Tower,0,4,5,2,11,0,2,31,0,33,0,6,36,2,44,40,0,40,84
03/31/2011,OWB,KY,ASO,CE,Federal Contract Tower,2,4,8,0,14,0,0,60,0,60,2,4,68,0,74,74,0,74,148
04/01/2011,OWB,KY,ASO,CE,Federal Contract Tower,0,5,8,1,14,0,0,58,1,59,0,5,66,2,73,46,6,52,125
04/02/2011,OWB,KY,ASO,CE,Federal Contract Tower,0,4,10,0,14,0,1,62,0,63,0,5,72,0,77,54,0,54,131
04/03/2011,OWB,KY,ASO,CE,Federal Contract Tower,2,1,10,4,17,0,3,42,6,51,2,4,52,10,68,46,14,60,128
04/04/2011,OWB,KY,ASO,CE,Federal Contract Tower,0,6,2,0,8,0,1,4,0,5,0,7,6,0,13,0,0,0,13
04/05/2011,OWB,KY,ASO,CE,Federal Contract Tower,2,0,10,2,14,0,5,54,0,59,2,5,64,2,73,68,6,74,147
04/06/2011,OWB,KY,ASO,CE,Federal Contract Tower,0,3,8,0,11,0,2,56,3,61,0,5,64,3,72,50,8,58,130
04/07/2011,OWB,KY,ASO,CE,Federal Contract Tower,2,3,9,0,14,0,4,62,0,66,2,7,71,0,80,60,0,60,140
04/08/2011,OWB,KY,ASO,CE,Federal Contract Tower,0,4,6,0,10,0,1,54,0,55,0,5,60,0,65,88,0,88,153
04/09/2011,OWB,KY,ASO,CE,Federal Contract Tower,0,5,12,0,17,0,0,52,0,52,0,5,64,0,69,58,0,58,127
04/10/2011,OWB,KY,ASO,CE,Federal Contract Tower,2,8,18,0,28,0,0,51,0,51,2,8,69,0,79,72,0,72,151
04/11/2011,OWB,KY,ASO,CE,Federal Contract Tower,0,6,4,0,10,0,1,4,0,5,0,7,8,0,15,0,0,0,15
04/12/2011,OWB,KY,ASO,CE,Federal Contract Tower,0,1,17,0,18,0,5,53,0,58,0,6,70,0,76,76,0,76,152
04/13/2011,OWB,KY,ASO,CE,Federal Contract Tower,0,6,9,0,15,0,0,90,0,90,0,6,99,0,105,104,0,104,209
04/14/2011,OWB,KY,ASO,CE,Federal Contract Tower,2,5,8,1,16,0,1,91,0,92,2,6,99,1,108,124,0,124,232
04/15/2011,OWB,KY,ASO,CE,Federal Contract Tower,0,7,10,0,17,0,0,22,0,22,0,7,32,0,39,14,0,14,53
04/16/2011,OWB,KY,ASO,CE,Federal Contract Tower,0,4,5,0,9,0,0,17,0,17,0,4,22,0,26,6,0,6,32
04/17/2011,OWB,KY,ASO,CE,Federal Contract Tower,2,6,5,0,13,0,1,61,0,62,2,7,66,0,75,88,0,88,163
04/18/2011,OWB,KY,ASO,CE,Federal Contract Tower,0,5,5,0,10,0,2,52,0,54,0,7,57,0,64,74,0,74,138
04/19/2011,OWB,KY,ASO,CE,Federal Contract Tower,0,5,5,0,10,0,0,0,0,0,0,5,5,0,10,30,0,30,40
04/20/2011,OWB,KY,ASO,CE,Federal Contract Tower,0,7,8,1,16,0,52,2,0,54,0,59,10,1,70,68,4,72,142
04/21/2011,OWB,KY,ASO,CE,Federal Contract Tower,2,8,6,0,16,0,0,57,2,59,2,8,63,2,75,50,4,54,129
04/22/2011,OWB,KY,ASO,CE,Federal Contract Tower,0,3,7,0,10,0,0,28,0,28,0,3,35,0,38,34,0,34,72
04/23/2011,OWB,KY,ASO,CE,Federal Contract Tower,0,6,1,0,7,0,0,33,0,33,0,6,34,0,40,28,0,28,68
04/24/2011,OWB,KY,ASO,CE,Federal Contract Tower,2,7,1,0,10,0,0,25,0,25,2,7,26,0,35,10,0,10,45
04/25/2011,OWB,KY,ASO,CE,Federal Contract Tower,0,5,6,0,11,0,0,10,0,10,0,5,16,0,21,18,0,18,39
04/26/2011,OWB,KY,ASO,CE,Federal Contract Tower,0,1,9,0,10,0,0,27,0,27,0,1,36,0,37,30,0,30,67
04/27/2011,OWB,KY,ASO,CE,Federal Contract Tower,0,3,2,0,5,0,0,31,0,31,0,3,33,0,36,28,0,28,64
04/28/2011,OWB,KY,ASO,CE,Federal Contract Tower,2,4,8,0,14,0,2,57,10,69,2,6,65,10,83,38,26,64,147
04/29/2011,OWB,KY,ASO,CE,Federal Contract Tower,0,3,10,0,13,0,1,133,6,140,0,4,143,6,153,106,8,114,267
04/30/2011,OWB,KY,ASO,CE,Federal Contract Tower,0,8,5,0,13,0,0,52,0,52,0,8,57,0,65,34,0,34,99
05/01/2011,OWB,KY,ASO,CE,Federal Contract Tower,2,7,5,0,14,0,0,21,0,21,2,7,26,0,35,10,0,10,45
05/02/2011,OWB,KY,ASO,CE,Federal Contract Tower,0,4,4,0,8,0,0,0,0,0,0,4,4,0,8,0,0,0,8
05/03/2011,OWB,KY,ASO,CE,Federal Contract Tower,0,5,12,2,19,0,0,54,7,61,0,5,66,9,80,50,16,66,146
05/04/2011,OWB,KY,ASO,CE,Federal Contract Tower,0,4,9,3,16,0,2,113,10,125,0,6,122,13,141,98,18,116,257
05/05/2011,OWB,KY,ASO,CE,Federal Contract Tower,2,7,6,0,15,0,0,68,0,68,2,7,74,0,83,80,0,80,163
05/06/2011,OWB,KY,ASO,CE,Federal Contract Tower,0,4,13,0,17,0,1,81,0,82,0,5,94,0,99,92,0,92,191
05/07/2011,OWB,KY,ASO,CE,Federal Contract Tower,0,5,12,2,19,0,0,43,0,43,0,5,55,2,62,50,6,56,118
05/08/2011,OWB,KY,ASO,CE,Federal Contract Tower,2,7,4,0,13,0,0,66,0,66,2,7,70,0,79,100,0,100,179
05/09/2011,OWB,KY,ASO,CE,Federal Contract Tower,0,6,7,1,14,0,0,65,4,69,0,6,72,5,83,62,34,96,179
05/10/2011,OWB,KY,ASO,CE,Federal Contract Tower,0,6,5,0,11,0,0,52,4,56,0,6,57,4,67,56,6,62,129
05/11/2011,OWB,KY,ASO,CE,Federal Contract Tower,0,8,15,2,25,0,0,58,0,58,0,8,73,2,83,56,4,60,143
05/12/2011,OWB,KY,ASO,CE,Federal Contract Tower,2,13,7,8,30,0,2,53,3,58,2,15,60,11,88,50,8,58,146
05/13/2011,OWB,KY,ASO,CE,Federal Contract Tower,0,7,21,0,28,0,1,41,0,42,0,8,62,0,70,56,0,56,126
05/14/2011,OWB,KY,ASO,CE,Federal Contract Tower,0,4,4,0,8,0,0,10,0,10,0,4,14,0,18,12,0,12,30
05/15/2011,OWB,KY,ASO,CE,Federal Contract Tower,2,6,15,4,27,0,0,7,1,8,2,6,22,5,35,12,10,22,57
05/16/2011,OWB,KY,ASO,CE,Federal Contract Tower,0,6,16,3,25,0,0,47,19,66,0,6,63,22,91,60,34,94,185
05/17/2011,OWB,KY,ASO,CE,Federal Contract Tower,0,8,14,4,26,0,0,68,5,73,0,8,82,9,99,72,22,94,193
05/18/2011,OWB,KY,ASO,CE,Federal Contract Tower,0,8,7,4,19,0,0,60,2,62,0,8,67,6,81,62,8,70,151
05/19/2011,OWB,KY,ASO,CE,Federal Contract Tower,2,6,6,4,18,0,0,55,6,61,2,6,61,10,79,76,14,90,169
05/20/2011,OWB,KY,ASO,CE,Federal Contract Tower,0,8,10,0,18,0,0,54,0,54,0,8,64,0,72,72,0,72,144
05/21/2011,OWB,KY,ASO,CE,Federal Contract Tower,0,4,13,0,17,0,0,64,10,74,0,4,77,10,91,72,20,92,183
05/22/2011,OWB,KY,ASO,CE,Federal Contract Tower,4,7,10,0,21,0,0,58,0,58,4,7,68,0,79,60,0,60,139
05/23/2011,OWB,KY,ASO,CE,Federal Contract Tower,0,7,7,0,14,0,2,43,10,55,0,9,50,10,69,34,14,48,117
05/24/2011,OWB,KY,ASO,CE,Federal Contract Tower,0,6,17,0,23,0,0,39,0,39,0,6,56,0,62,76,0,76,138
05/25/2011,OWB,KY,ASO,CE,Federal Contract Tower,0,7,11,0,18,0,0,49,0,49,0,7,60,0,67,38,0,38,105
05/26/2011,OWB,KY,ASO,CE,Federal Contract Tower,2,6,17,0,25,0,0,48,0,48,2,6,65,0,73,38,0,38,111
05/27/2011,OWB,KY,ASO,CE,Federal Contract Tower,0,10,17,4,31,0,0,44,0,44,0,10,61,4,75,42,10,52,127
05/28/2011,OWB,KY,ASO,CE,Federal Contract Tower,0,5,10,0,15,0,0,72,0,72,0,5,82,0,87,80,0,80,167
05/29/2011,OWB,KY,ASO,CE,Federal Contract Tower,2,6,4,0,12,0,0,60,0,60,2,6,64,0,72,54,0,54,126
05/30/2011,OWB,KY,ASO,CE,Federal Contract Tower,0,9,8,0,17,0,2,73,0,75,0,11,81,0,92,64,0,64,156
05/31/2011,OWB,KY,ASO,CE,Federal Contract Tower,0,9,9,1,19,0,0,64,1,65,0,9,73,2,84,76,6,82,166
06/01/2011,OWB,KY,ASO,CE,Federal Contract Tower,0,5,11,2,18,0,2,59,0,61,0,7,70,2,79,80,0,80,159
06/02/2011,OWB,KY,ASO,CE,Federal Contract Tower,2,8,8,0,18,0,1,67,0,68,2,9,75,0,86,74,0,74,160
06/03/2011,OWB,KY,ASO,CE,Federal Contract Tower,0,9,11,0,20,0,0,48,0,48,0,9,59,0,68,56,0,56,124
06/04/2011,OWB,KY,ASO,CE,Federal Contract Tower,0,4,4,0,8,0,0,54,0,54,0,4,58,0,62,66,0,66,128
06/05/2011,OWB,KY,ASO,CE,Federal Contract Tower,2,6,1,0,9,0,0,49,0,49,2,6,50,0,58,54,0,54,112
06/06/2011,OWB,KY,ASO,CE,Federal Contract Tower,0,7,12,6,25,0,0,61,6,67,0,7,73,12,92,64,14,78,170
06/07/2011,OWB,KY,ASO,CE,Federal Contract Tower,0,10,8,7,25,0,0,65,9,74,0,10,73,16,99,66,10,76,175
06/08/2011,OWB,KY,ASO,CE,Federal Contract Tower,0,7,13,1,21,0,0,53,3,56,0,7,66,4,77,72,8,80,157
06/09/2011,OWB,KY,ASO,CE,Federal Contract Tower,2,10,4,2,18,0,0,49,8,57,2,10,53,10,75,68,16,84,159
06/10/2011,OWB,KY,ASO,CE,Federal Contract Tower,0,6,6,0,12,0,0,87,0,87,0,6,93,0,99,106,0,106,205
06/11/2011,OWB,KY,ASO,CE,Federal Contract Tower,0,5,9,0,14,0,138,2,0,140,0,143,11,0,154,252,0,252,406
06/12/2011,OWB,KY,ASO,CE,Federal Contract Tower,2,8,17,0,27,0,0,69,0,69,2,8,86,0,96,58,0,58,154
06/13/2011,OWB,KY,ASO,CE,Federal Contract Tower,0,7,5,0,12,0,0,54,0,54,0,7,59,0,66,60,0,60,126
06/14/2011,OWB,KY,ASO,CE,Federal Contract Tower,0,6,3,0,9,0,0,37,2,39,0,6,40,2,48,36,4,40,88
06/15/2011,OWB,KY,ASO,CE,Federal Contract Tower,0,6,6,2,14,0,0,42,1,43,0,6,48,3,57,50,2,52,109
06/16/2011,OWB,KY,ASO,CE,Federal Contract Tower,2,8,15,3,28,0,0,56,5,61,2,8,71,8,89,54,30,84,173
06/17/2011,OWB,KY,ASO,CE,Federal Contract Tower,0,8,3,0,11,0,0,32,1,33,0,8,35,1,44,36,4,40,84
06/18/2011,OWB,KY,ASO,CE,Federal Contract Tower,0,8,1,0,9,0,0,23,0,23,0,8,24,0,32,36,0,36,68
06/19/2011,OWB,KY,ASO,CE,Federal Contract Tower,6,5,10,0,21,0,0,33,0,33,6,5,43,0,54,46,0,46,100
06/20/2011,OWB,KY,ASO,CE,Federal Contract Tower,0,6,9,2,17,0,0,55,5,60,0,6,64,7,77,58,14,72,149
06/21/2011,OWB,KY,ASO,CE,Federal Contract Tower,0,0,17,0,17,0,1,47,6,54,0,1,64,6,71,46,12,58,129
06/22/2011,OWB,KY,ASO,CE,Federal Contract Tower,0,9,6,2,17,0,0,29,0,29,0,9,35,2,46,42,4,46,92
06/23/2011,OWB,KY,ASO,CE,Federal Contract Tower,2,8,6,0,16,0,0,51,0,51,2,8,57,0,67,50,0,50,117
06/24/2011,OWB,KY,ASO,CE,Federal Contract Tower,0,10,8,0,18,0,0,57,0,57,0,10,65,0,75,66,0,66,141
06/25/2011,OWB,KY,ASO,CE,Federal Contract Tower,0,6,2,0,8,0,0,45,0,45,0,6,47,0,53,54,0,54,107
06/26/2011,OWB,KY,ASO,CE,Federal Contract Tower,2,5,5,0,12,0,0,45,0,45,2,5,50,0,57,74,0,74,131
06/27/2011,OWB,KY,ASO,CE,Federal Contract Tower,0,7,17,0,24,0,0,32,0,32,0,7,49,0,56,36,0,36,92
06/28/2011,OWB,KY,ASO,CE,Federal Contract Tower,0,14,13,1,28,0,0,53,7,60,0,14,66,8,88,52,8,60,148
06/29/2011,OWB,KY,ASO,CE,Federal Contract Tower,0,9,17,0,26,0,0,65,0,65,0,9,82,0,91,60,0,60,151
06/30/2011,OWB,KY,ASO,CE,Federal Contract Tower,2,11,9,5,27,0,0,63,5,68,2,11,72,10,95,74,16,90,185
07/01/2011,OWB,KY,ASO,CE,Federal Contract Tower,0,7,12,0,19,0,0,69,0,69,0,7,81,0,88,54,0,54,142
07/02/2011,OWB,KY,ASO,CE,Federal Contract Tower,0,6,4,0,10,0,0,69,0,69,0,6,73,0,79,52,0,52,131
07/03/2011,OWB,KY,ASO,CE,Federal Contract Tower,2,4,1,0,7,0,0,34,0,34,2,4,35,0,41,50,0,50,91
07/04/2011,OWB,KY,ASO,CE,Federal Contract Tower,0,8,1,0,9,0,0,47,0,47,0,8,48,0,56,68,0,68,124
07/05/2011,OWB,KY,ASO,CE,Federal Contract Tower,0,8,8,2,18,0,0,49,0,49,0,8,57,2,67,60,4,64,131
07/06/2011,OWB,KY,ASO,CE,Federal Contract Tower,0,16,14,2,32,0,0,55,2,57,0,16,69,4,89,38,16,54,143
07/07/2011,OWB,KY,ASO,CE,Federal Contract Tower,2,6,8,4,20,0,0,54,6,60,2,6,62,10,80,70,22,92,172
07/08/2011,OWB,KY,ASO,CE,Federal Contract Tower,0,10,12,2,24,0,0,37,0,37,0,10,49,2,61,30,0,30,91
07/09/2011,OWB,KY,ASO,CE,Federal Contract Tower,0,7,5,0,12,0,0,83,0,83,0,7,88,0,95,66,0,66,161
07/10/2011,OWB,KY,ASO,CE,Federal Contract Tower,2,7,8,0,17,0,0,63,0,63,2,7,71,0,80,48,0,48,128
07/11/2011,OWB,KY,ASO,CE,Federal Contract Tower,0,6,10,3,19,0,0,70,5,75,0,6,80,8,94,66,10,76,170
07/12/2011,OWB,KY,ASO,CE,Federal Contract Tower,0,10,15,0,25,0,0,34,0,34,0,10,49,0,59,38,0,38,97
07/13/2011,OWB,KY,ASO,CE,Federal Contract Tower,0,7,9,0,16,0,0,54,0,54,0,7,63,0,70,54,0,54,124
07/14/2011,OWB,KY,ASO,CE,Federal Contract Tower,2,12,6,0,20,0,0,58,2,60,2,12,64,2,80,62,6,68,148
07/15/2011,OWB,KY,ASO,CE,Federal Contract Tower,0,8,6,3,17,0,0,56,2,58,0,8,62,5,75,56,14,70,145
07/16/2011,OWB,KY,ASO,CE,Federal Contract Tower,0,7,9,2,18,0,0,67,0,67,0,7,76,2,85,52,4,56,141
07/17/2011,OWB,KY,ASO,CE,Federal Contract Tower,2,5,14,1,22,0,0,56,2,58,2,5,70,3,80,56,6,62,142
07/18/2011,OWB,KY,ASO,CE,Federal Contract Tower,0,3,11,2,16,0,1,54,4,59,0,4,65,6,75,64,16,80,155
07/19/2011,OWB,KY,ASO,CE,Federal Contract Tower,0,7,18,1,26,0,0,59,1,60,0,7,77,2,86,76,4,80,166
07/20/2011,OWB,KY,ASO,CE,Federal Contract Tower,0,13,15,3,31,0,3,65,0,68,0,16,80,3,99,64,8,72,171
07/21/2011,OWB,KY,ASO,CE,Federal Contract Tower,2,10,12,2,26,0,0,63,2,65,2,10,75,4,91,72,4,76,167
07/22/2011,OWB,KY,ASO,CE,Federal Contract Tower,0,11,14,2,27,0,0,68,2,70,0,11,82,4,97,64,8,72,169
07/23/2011,OWB,KY,ASO,CE,Federal Contract Tower,0,4,12,0,16,0,0,62,0,62,0,4,74,0,78,58,0,58,136
07/24/2011,OWB,KY,ASO,CE,Federal Contract Tower,2,7,5,1,15,0,0,44,1,45,2,7,49,2,60,44,4,48,108
07/25/2011,OWB,KY,ASO,CE,Federal Contract Tower,0,9,4,3,16,0,1,36,1,38,0,10,40,4,54,54,6,60,114
07/26/2011,OWB,KY,ASO,CE,Federal Contract Tower,0,7,5,4,16,0,0,50,3,53,0,7,55,7,69,52,16,68,137
07/27/2011,OWB,KY,ASO,CE,Federal Contract Tower,0,5,11,0,16,0,0,0,0,0,0,5,11,0,16,52,0,52,68
07/28/2011,OWB,KY,ASO,CE,Federal Contract Tower,2,4,11,2,19,0,2,60,4,66,2,6,71,6,85,52,20,72,157
07/29/2011,OWB,KY,ASO,CE,Federal Contract Tower,0,10,4,0,14,0,0,59,0,59,0,10,63,0,73,44,0,44,117
07/30/2011,OWB,KY,ASO,CE,Federal Contract Tower,0,6,6,4,16,0,0,44,0,44,0,6,50,4,60,54,0,54,114
07/31/2011,OWB,KY,ASO,CE,Federal Contract Tower,2,7,11,0,20,0,1,36,0,37,2,8,47,0,57,34,0,34,91
08/01/2011,OWB,KY,ASO,CE,Federal Contract Tower,0,2,8,4,14,0,5,68,1,74,0,7,76,5,88,68,18,86,174
08/02/2011,OWB,KY,ASO,CE,Federal Contract Tower,0,6,3,6,15,0,2,64,5,71,0,8,67,11,86,62,22,84,170
08/03/2011,OWB,KY,ASO,CE,Federal Contract Tower,0,7,6,3,16,0,2,53,0,55,0,9,59,3,71,54,18,72,143
08/04/2011,OWB,KY,ASO,CE,Federal Contract Tower,2,10,10,7,29,0,0,69,4,73,2,10,79,11,102,56,34,90,192
08/05/2011,OWB,KY,ASO,CE,Federal Contract Tower,0,8,14,0,22,0,0,47,0,47,0,8,61,0,69,46,0,46,115
08/06/2011,OWB,KY,ASO,CE,Federal Contract Tower,0,4,3,0,7,0,0,37,0,37,0,4,40,0,44,38,0,38,82
08/07/2011,OWB,KY,ASO,CE,Federal Contract Tower,2,8,7,0,17,0,3,44,0,47,2,11,51,0,64,58,0,58,122
08/08/2011,OWB,KY,ASO,CE,Federal Contract Tower,0,7,8,5,20,0,0,54,5,59,0,7,62,10,79,56,24,80,159
08/09/2011,OWB,KY,ASO,CE,Federal Contract Tower,0,8,6,10,24,0,0,60,14,74,0,8,66,24,98,58,62,120,218
08/10/2011,OWB,KY,ASO,CE,Federal Contract Tower,0,6,8,3,17,0,1,69,7,77,0,7,77,10,94,64,28,92,186
08/11/2011,OWB,KY,ASO,CE,Federal Contract Tower,2,10,9,2,23,0,0,62,12,74,2,10,71,14,97,64,22,86,183
08/12/2011,OWB,KY,ASO,CE,Federal Contract Tower,0,10,7,0,17,0,0,60,0,60,0,10,67,0,77,54,0,54,131
08/13/2011,OWB,KY,ASO,CE,Federal Contract Tower,0,9,0,2,11,0,0,48,0,48,0,9,48,2,59,54,0,54,113
08/14/2011,OWB,KY,ASO,CE,Federal Contract Tower,2,3,0,0,5,0,2,47,0,49,2,5,47,0,54,42,0,42,96
08/15/2011,OWB,KY,ASO,CE,Federal Contract Tower,0,9,10,0,19,0,0,51,3,54,0,9,61,3,73,50,12,62,135
08/16/2011,OWB,KY,ASO,CE,Federal Contract Tower,0,5,11,1,17,0,2,55,6,63,0,7,66,7,80,52,14,66,146
08/17/2011,OWB,KY,ASO,CE,Federal Contract Tower,0,3,12,4,19,0,4,48,4,56,0,7,60,8,75,66,12,78,153
08/18/2011,OWB,KY,ASO,CE,Federal Contract Tower,0,7,6,0,13,0,0,52,6,58,0,7,58,6,71,68,16,84,155
08/19/2011,OWB,KY,ASO,CE,Federal Contract Tower,0,8,6,1,15,0,0,47,3,50,0,8,53,4,65,108,12,120,185
08/20/2011,OWB,KY,ASO,CE,Federal Contract Tower,0,5,6,4,15,0,0,75,4,79,0,5,81,8,94,104,8,112,206
08/21/2011,OWB,KY,ASO,CE,Federal Contract Tower,0,6,4,2,12,0,0,49,0,49,0,6,53,2,61,66,2,68,129
08/22/2011,OWB,KY,ASO,CE,Federal Contract Tower,0,5,7,7,19,0,2,44,9,55,0,7,51,16,74,50,44,94,168
08/23/2011,OWB,KY,ASO,CE,Federal Contract Tower,0,4,15,3,22,0,5,57,4,66,0,9,72,7,88,74,30,104,192
08/24/2011,OWB,KY,ASO,CE,Federal Contract Tower,0,8,9,4,21,0,4,60,17,81,0,12,69,21,102,60,38,98,200
08/25/2011,OWB,KY,ASO,CE,Federal Contract Tower,0,8,10,4,22,0,2,53,5,60,0,10,63,9,82,48,12,60,142
08/26/2011,OWB,KY,ASO,CE,Federal Contract Tower,0,8,16,3,27,0,0,52,2,54,0,8,68,5,81,66,8,74,155
08/27/2011,OWB,KY,ASO,CE,Federal Contract Tower,0,4,9,0,13,0,2,66,3,71,0,6,75,3,84,52,8,60,144
08/28/2011,OWB,KY,ASO,CE,Federal Contract Tower,0,3,6,6,15,0,0,54,1,55,0,3,60,7,70,112,16,128,198
08/29/2011,OWB,KY,ASO,CE,Federal Contract Tower,0,3,8,4,15,0,4,52,4,60,0,7,60,8,75,62,22,84,159
08/30/2011,OWB,KY,ASO,CE,Federal Contract Tower,0,4,12,0,16,0,4,78,4,86,0,8,90,4,102,68,12,80,182
08/31/2011,OWB,KY,ASO,CE,Federal Contract Tower,0,7,12,2,21,0,2,63,3,68,0,9,75,5,89,56,12,68,157
09/01/2011,OWB,KY,ASO,CE,Federal Contract Tower,0,9,11,1,21,0,0,45,2,47,0,9,56,3,68,54,2,56,124
09/02/2011,OWB,KY,ASO,CE,Federal Contract Tower,0,6,11,0,17,0,0,44,0,44,0,6,55,0,61,62,0,62,123
09/03/2011,OWB,KY,ASO,CE,Federal Contract Tower,0,4,3,0,7,0,0,64,0,64,0,4,67,0,71,110,0,110,181
09/04/2011,OWB,KY,ASO,CE,Federal Contract Tower,0,7,3,0,10,0,0,33,0,33,0,7,36,0,43,22,0,22,65
09/05/2011,OWB,KY,ASO,CE,Federal Contract Tower,0,9,9,0,18,0,0,36,0,36,0,9,45,0,54,32,0,32,86
09/06/2011,OWB,KY,ASO,CE,Federal Contract Tower,0,8,9,6,23,0,0,28,1,29,0,8,37,7,52,38,12,50,102
09/07/2011,OWB,KY,ASO,CE,Federal Contract Tower,0,8,11,3,22,0,0,45,8,53,0,8,56,11,75,50,32,82,157
09/08/2011,OWB,KY,ASO,CE,Federal Contract Tower,0,12,18,8,38,0,0,46,8,54,0,12,64,16,92,58,30,88,180
09/09/2011,OWB,KY,ASO,CE,Federal Contract Tower,0,10,8,7,25,0,0,9,2,11,0,10,17,9,36,8,12,20,56
09/10/2011,OWB,KY,ASO,CE,Federal Contract Tower,0,2,13,2,17,0,1,65,0,66,0,3,78,2,83,70,6,76,159
09/11/2011,OWB,KY,ASO,CE,Federal Contract Tower,0,7,4,4,15,0,0,39,3,42,0,7,43,7,57,50,0,50,107
09/12/2011,OWB,KY,ASO,CE,Federal Contract Tower,0,6,13,7,26,0,1,57,4,62,0,7,70,11,88,56,26,82,170
09/13/2011,OWB,KY,ASO,CE,Federal Contract Tower,0,5,14,3,22,0,4,45,5,54,0,9,59,8,76,60,20,80,156
09/14/2011,OWB,KY,ASO,CE,Federal Contract Tower,0,7,9,5,21,0,0,42,9,51,0,7,51,14,72,48,24,72,144
09/15/2011,OWB,KY,ASO,CE,Federal Contract Tower,0,4,6,3,13,0,2,42,18,62,0,6,48,21,75,64,26,90,165
09/16/2011,OWB,KY,ASO,CE,Federal Contract Tower,0,4,15,3,22,0,0,56,1,57,0,4,71,4,79,78,2,80,159
09/17/2011,OWB,KY,ASO,CE,Federal Contract Tower,0,6,12,0,18,0,1,63,1,65,0,7,75,1,83,70,2,72,155
09/18/2011,OWB,KY,ASO,CE,Federal Contract Tower,0,8,2,0,10,0,0,46,0,46,0,8,48,0,56,66,0,66,122
09/19/2011,OWB,KY,ASO,CE,Federal Contract Tower,0,9,8,0,17,3,1,1,0,5,3,10,9,0,22,6,0,6,28
09/20/2011,OWB,KY,ASO,CE,Federal Contract Tower,0,6,6,0,12,0,0,23,0,23,0,6,29,0,35,32,0,32,67
09/21/2011,OWB,KY,ASO,CE,Federal Contract Tower,0,7,3,6,16,0,0,52,2,54,0,7,55,8,70,52,0,52,122
09/22/2011,OWB,KY,ASO,CE,Federal Contract Tower,0,6,13,4,23,0,0,49,6,55,0,6,62,10,78,62,30,92,170
09/23/2011,OWB,KY,ASO,CE,Federal Contract Tower,0,2,13,2,17,0,0,39,0,39,0,2,52,2,56,38,8,46,102
09/24/2011,OWB,KY,ASO,CE,Federal Contract Tower,0,0,9,0,9,0,4,26,0,30,0,4,35,0,39,36,0,36,75
09/25/2011,OWB,KY,ASO,CE,Federal Contract Tower,0,2,1,0,3,0,0,15,2,17,0,2,16,2,20,16,4,20,40
09/26/2011,OWB,KY,ASO,CE,Federal Contract Tower,0,3,9,8,20,0,3,46,4,53,0,6,55,12,73,72,30,102,175
09/27/2011,OWB,KY,ASO,CE,Federal Contract Tower,0,8,11,3,22,0,0,38,0,38,0,8,49,3,60,64,8,72,132
09/28/2011,OWB,KY,ASO,CE,Federal Contract Tower,0,2,3,2,7,0,3,52,0,55,0,5,55,2,62,54,0,54,116
09/29/2011,OWB,KY,ASO,CE,Federal Contract Tower,2,0,7,3,12,0,0,56,3,59,2,0,63,6,71,72,6,78,149
09/30/2011,OWB,KY,ASO,CE,Federal Contract Tower,0,2,9,2,13,0,4,55,0,59,0,6,64,2,72,56,0,56,128
10/01/2011,OWB,KY,ASO,CE,Federal Contract Tower,0,1,12,0,13,0,2,66,0,68,0,3,78,0,81,66,0,66,147
10/02/2011,OWB,KY,ASO,CE,Federal Contract Tower,2,1,7,0,10,0,4,50,0,54,2,5,57,0,64,66,0,66,130
10/03/2011,OWB,KY,ASO,CE,Federal Contract Tower,0,3,9,3,15,0,4,45,3,52,0,7,54,6,67,44,8,52,119
10/04/2011,OWB,KY,ASO,CE,Federal Contract Tower,0,1,12,1,14,0,4,67,7,78,0,5,79,8,92,62,4,66,158
10/05/2011,OWB,KY,ASO,CE,Federal Contract Tower,0,2,8,2,12,0,6,57,6,69,0,8,65,8,81,64,6,70,151
10/06/2011,OWB,KY,ASO,CE,Federal Contract Tower,2,0,22,0,24,0,4,75,0,79,2,4,97,0,103,78,0,78,181
10/07/2011,OWB,KY,ASO,CE,Federal Contract Tower,0,5,17,0,22,0,4,72,0,76,0,9,89,0,98,98,0,98,196
10/08/2011,OWB,KY,ASO,CE,Federal Contract Tower,0,2,40,0,42,0,0,0,0,0,0,2,40,0,42,154,0,154,196
10/09/2011,OWB,KY,ASO,CE,Federal Contract Tower,2,1,23,0,26,0,4,95,0,99,2,5,118,0,125,86,0,86,211
10/10/2011,OWB,KY,ASO,CE,Federal Contract Tower,0,1,2,0,3,0,6,38,0,44,0,7,40,0,47,66,0,66,113
10/11/2011,OWB,KY,ASO,CE,Federal Contract Tower,2,2,11,3,18,0,2,59,0,61,2,4,70,3,79,66,0,66,145
10/12/2011,OWB,KY,ASO,CE,Federal Contract Tower,0,2,14,2,18,0,0,42,5,47,0,2,56,7,65,48,6,54,119
10/13/2011,OWB,KY,ASO,CE,Federal Contract Tower,2,4,11,16,33,0,0,32,4,36,2,4,43,20,69,46,16,62,131
10/14/2011,OWB,KY,ASO,CE,Federal Contract Tower,2,6,9,0,17,0,4,61,0,65,2,10,70,0,82,46,0,46,128
10/15/2011,OWB,KY,ASO,CE,Federal Contract Tower,0,1,16,0,17,0,2,81,2,85,0,3,97,2,102,64,8,72,174
10/16/2011,OWB,KY,ASO,CE,Federal Contract Tower,2,3,5,0,10,0,4,29,0,33,2,7,34,0,43,28,0,28,71
10/17/2011,OWB,KY,ASO,CE,Federal Contract Tower,2,2,8,0,12,0,4,51,0,55,2,6,59,0,67,72,0,72,139
10/18/2011,OWB,KY,ASO,CE,Federal Contract Tower,2,13,8,0,23,0,0,21,0,21,2,13,29,0,44,32,0,32,76
10/19/2011,OWB,KY,ASO,CE,Federal Contract Tower,0,8,8,0,16,0,0,2,0,2,0,8,10,0,18,0,0,0,18
10/20/2011,OWB,KY,ASO,CE,Federal Contract Tower,2,2,11,6,21,0,4,33,4,41,2,6,44,10,62,26,38,64,126
10/21/2011,OWB,KY,ASO,CE,Federal Contract Tower,2,2,13,1,18,0,6,51,1,58,2,8,64,2,76,40,6,46,122
10/22/2011,OWB,KY,ASO,CE,Federal Contract Tower,0,4,19,5,28,0,1,94,2,97,0,5,113,7,125,72,0,72,197
10/23/2011,OWB,KY,ASO,CE,Federal Contract Tower,2,5,15,0,22,0,0,54,0,54,2,5,69,0,76,54,0,54,130
10/24/2011,OWB,KY,ASO,CE,Federal Contract Tower,2,9,7,0,18,0,2,60,1,63,2,11,67,1,81,58,2,60,141
10/25/2011,OWB,KY,ASO,CE,Federal Contract Tower,0,3,9,0,12,0,4,48,0,52,0,7,57,0,64,63,0,63,127
10/26/2011,OWB,KY,ASO,CE,Federal Contract Tower,0,4,10,2,16,0,3,28,0,31,0,7,38,2,47,24,0,24,71
10/27/2011,OWB,KY,ASO,CE,Federal Contract Tower,2,5,11,2,20,0,0,21,0,21,2,5,32,2,41,24,0,24,65
10/28/2011,OWB,KY,ASO,CE,Federal Contract Tower,2,6,7,0,15,0,0,48,3,51,2,6,55,3,66,42,14,56,122
10/29/2011,OWB,KY,ASO,CE,Federal Contract Tower,0,4,9,0,13,0,1,61,0,62,0,5,70,0,75,58,0,58,133
10/30/2011,OWB,KY,ASO,CE,Federal Contract Tower,2,3,5,0,10,0,3,50,0,53,2,6,55,0,63,58,0,58,121
10/31/2011,OWB,KY,ASO,CE,Federal Contract Tower,2,0,6,6,14,0,3,59,4,66,2,3,65,10,80,58,0,58,138
11/01/2011,OWB,KY,ASO,CE,Federal Contract Tower,0,1,10,0,11,0,4,53,4,61,0,5,63,4,72,60,0,60,132
11/02/2011,OWB,KY,ASO,CE,Federal Contract Tower,0,3,6,5,14,0,6,30,0,36,0,9,36,5,50,58,4,62,112
11/03/2011,OWB,KY,ASO,CE,Federal Contract Tower,2,0,7,0,9,0,0,13,0,13,2,0,20,0,22,12,0,12,34
11/04/2011,OWB,KY,ASO,CE,Federal Contract Tower,2,8,9,3,22,0,0,34,0,34,2,8,43,3,56,34,8,42,98
11/05/2011,OWB,KY,ASO,CE,Federal Contract Tower,0,4,11,1,16,0,0,70,3,73,0,4,81,4,89,52,10,62,151
11/06/2011,OWB,KY,ASO,CE,Federal Contract Tower,2,0,6,0,8,0,2,26,0,28,2,2,32,0,36,36,0,36,72
11/07/2011,OWB,KY,ASO,CE,Federal Contract Tower,2,0,12,0,14,0,2,45,0,47,2,2,57,0,61,52,0,52,113
11/08/2011,OWB,KY,ASO,CE,Federal Contract Tower,0,1,1,1,3,0,10,45,3,58,0,11,46,4,61,58,0,58,119
11/09/2011,OWB,KY,ASO,CE,Federal Contract Tower,0,4,9,0,13,0,0,32,0,32,0,4,41,0,45,34,0,34,79
11/10/2011,OWB,KY,ASO,CE,Federal Contract Tower,2,3,11,0,16,0,0,32,0,32,2,3,43,0,48,42,0,42,90
11/11/2011,OWB,KY,ASO,CE,Federal Contract Tower,2,2,15,0,19,0,6,43,0,49,2,8,58,0,68,42,0,42,110
11/12/2011,OWB,KY,ASO,CE,Federal Contract Tower,0,1,9,0,10,0,4,40,0,44,0,5,49,0,54,36,0,36,90
11/13/2011,OWB,KY,ASO,CE,Federal Contract Tower,2,3,2,0,7,0,0,20,0,20,2,3,22,0,27,24,0,24,51
11/14/2011,OWB,KY,ASO,CE,Federal Contract Tower,2,8,13,2,25,0,0,23,1,24,2,8,36,3,49,30,16,46,95
11/15/2011,OWB,KY,ASO,CE,Federal Contract Tower,0,7,10,0,17,0,0,0,0,0,0,7,10,0,17,0,0,0,17
11/16/2011,OWB,KY,ASO,CE,Federal Contract Tower,0,8,9,4,21,0,0,23,2,25,0,8,32,6,46,30,14,44,90
11/17/2011,OWB,KY,ASO,CE,Federal Contract Tower,2,6,11,11,30,0,2,43,3,48,2,8,54,14,78,56,36,92,170
11/18/2011,OWB,KY,ASO,CE,Federal Contract Tower,2,2,15,2,21,0,1,52,3,56,2,3,67,5,77,70,16,86,163
11/19/2011,OWB,KY,ASO,CE,Federal Contract Tower,0,3,10,0,13,0,0,49,0,49,0,3,59,0,62,62,0,62,124
11/20/2011,OWB,KY,ASO,CE,Federal Contract Tower,2,5,0,0,7,0,0,0,0,0,2,5,0,0,7,0,0,0,7
11/21/2011,OWB,KY,ASO,CE,Federal Contract Tower,2,7,4,0,13,0,0,0,0,0,2,7,4,0,13,0,0,0,13
11/22/2011,OWB,KY,ASO,CE,Federal Contract Tower,0,8,2,0,10,0,0,13,0,13,0,8,15,0,23,0,0,0,23
11/23/2011,OWB,KY,ASO,CE,Federal Contract Tower,4,6,13,0,23,0,0,7,0,7,4,6,20,0,30,14,0,14,44
11/24/2011,OWB,KY,ASO,CE,Federal Contract Tower,0,3,0,0,3,0,0,2,0,2,0,3,2,0,5,8,0,8,13
11/25/2011,OWB,KY,ASO,CE,Federal Contract Tower,0,0,3,0,3,0,2,57,0,59,0,2,60,0,62,46,0,46,108
11/26/2011,OWB,KY,ASO,CE,Federal Contract Tower,0,7,6,0,13,0,0,41,0,41,0,7,47,0,54,54,0,54,108
11/27/2011,OWB,KY,ASO,CE,Federal Contract Tower,4,4,5,0,13,0,0,0,0,0,4,4,5,0,13,0,0,0,13
11/28/2011,OWB,KY,ASO,CE,Federal Contract Tower,0,1,8,0,9,0,0,0,0,0,0,1,8,0,9,0,0,0,9
11/29/2011,OWB,KY,ASO,CE,Federal Contract Tower,0,2,3,2,7,0,0,11,0,11,0,2,14,2,18,18,0,18,36
11/30/2011,OWB,KY,ASO,CE,Federal Contract Tower,0,1,14,2,17,0,9,58,1,68,0,10,72,3,85,50,18,68,153
12/01/2011,OWB,KY,ASO,CE,Federal Contract Tower,2,2,8,1,13,0,1,50,10,61,2,3,58,11,74,66,54,120,194
12/02/2011,OWB,KY,ASO,CE,Federal Contract Tower,2,3,5,0,10,0,2,54,0,56,2,5,59,0,66,58,0,58,124
12/03/2011,OWB,KY,ASO,CE,Federal Contract Tower,0,6,7,0,13,0,2,64,0,66,0,8,71,0,79,72,0,72,151
12/04/2011,OWB,KY,ASO,CE,Federal Contract Tower,2,4,3,0,9,0,0,8,0,8,2,4,11,0,17,12,0,12,29
12/05/2011,OWB,KY,ASO,CE,Federal Contract Tower,2,6,3,0,11,0,0,0,0,0,2,6,3,0,11,0,0,0,11
12/06/2011,OWB,KY,ASO,CE,Federal Contract Tower,0,6,3,1,10,0,0,0,0,0,0,6,3,1,10,0,0,0,10
12/07/2011,OWB,KY,ASO,CE,Federal Contract Tower,0,8,7,3,18,0,0,37,0,37,0,8,44,3,55,36,12,48,103
12/08/2011,OWB,KY,ASO,CE,Federal Contract Tower,2,6,11,14,33,0,0,71,19,90,2,6,82,33,123,94,58,152,275
12/09/2011,OWB,KY,ASO,CE,Federal Contract Tower,2,6,13,4,25,0,0,48,1,49,2,6,61,5,74,68,14,82,156
12/10/2011,OWB,KY,ASO,CE,Federal Contract Tower,0,4,7,2,13,0,0,50,0,50,0,4,57,2,63,62,0,62,125
12/11/2011,OWB,KY,ASO,CE,Federal Contract Tower,2,3,10,0,15,0,0,40,0,40,2,3,50,0,55,60,0,60,115
12/12/2011,OWB,KY,ASO,CE,Federal Contract Tower,2,4,4,1,11,0,2,48,3,53,2,6,52,4,64,50,12,62,126
12/13/2011,OWB,KY,ASO,CE,Federal Contract Tower,0,5,8,6,19,0,0,9,0,9,0,5,17,6,28,4,26,30,58
12/14/2011,OWB,KY,ASO,CE,Federal Contract Tower,0,9,4,0,13,0,0,33,0,33,0,9,37,0,46,46,0,46,92
12/15/2011,OWB,KY,ASO,CE,Federal Contract Tower,2,6,7,1,16,0,0,28,2,30,2,6,35,3,46,34,2,36,82
12/16/2011,OWB,KY,ASO,CE,Federal Contract Tower,2,10,8,2,22,0,0,54,0,54,2,10,62,2,76,62,4,66,142
12/17/2011,OWB,KY,ASO,CE,Federal Contract Tower,0,2,7,0,9,0,0,81,0,81,0,2,88,0,90,64,0,64,154
12/18/2011,OWB,KY,ASO,CE,Federal Contract Tower,2,2,9,0,13,0,0,39,0,39,2,2,48,0,52,60,0,60,112
12/19/2011,OWB,KY,ASO,CE,Federal Contract Tower,2,8,14,6,30,0,0,43,5,48,2,8,57,11,78,48,4,52,130
12/20/2011,OWB,KY,ASO,CE,Federal Contract Tower,0,6,17,0,23,0,0,20,0,20,0,6,37,0,43,14,0,14,57
12/21/2011,OWB,KY,ASO,CE,Federal Contract Tower,2,7,16,1,26,0,0,39,1,40,2,7,55,2,66,50,6,56,122
12/22/2011,OWB,KY,ASO,CE,Federal Contract Tower,2,7,3,0,12,0,0,7,0,7,2,7,10,0,19,12,0,12,31
12/23/2011,OWB,KY,ASO,CE,Federal Contract Tower,0,8,6,0,14,0,0,14,0,14,0,8,20,0,28,18,0,18,46
12/24/2011,OWB,KY,ASO,CE,Federal Contract Tower,2,2,5,0,9,0,1,48,0,49,2,3,53,0,58,76,0,76,134
12/25/2011,OWB,KY,ASO,CE,Federal Contract Tower,2,6,3,0,11,0,0,34,0,34,2,6,37,0,45,38,0,38,83
12/26/2011,OWB,KY,ASO,CE,Federal Contract Tower,0,7,4,0,11,0,1,49,0,50,0,8,53,0,61,68,0,68,129
12/27/2011,OWB,KY,ASO,CE,Federal Contract Tower,2,4,4,0,10,0,0,9,0,9,2,4,13,0,19,10,0,10,29
12/28/2011,OWB,KY,ASO,CE,Federal Contract Tower,2,4,9,8,23,0,0,56,2,58,2,4,65,10,81,52,24,76,157
12/29/2011,OWB,KY,ASO,CE,Federal Contract Tower,2,8,7,1,18,0,0,60,2,62,2,8,67,3,80,52,4,56,136
12/30/2011,OWB,KY,ASO,CE,Federal Contract Tower,0,6,7,0,13,0,0,45,0,45,0,6,52,0,58,58,0,58,116
12/31/2011,OWB,KY,ASO,CE,Federal Contract Tower,4,3,7,0,14,0,0,0,0,0,4,3,7,0,14,110,0,110,124
01/01/2012,OWB,KY,ASO,CE,Federal Contract Tower,2,5,5,0,12,0,0,27,0,27,2,5,32,0,39,8,0,8,47
01/02/2012,OWB,KY,ASO,CE,Federal Contract Tower,0,7,8,0,15,0,0,20,0,20,0,7,28,0,35,20,0,20,55
01/03/2012,OWB,KY,ASO,CE,Federal Contract Tower,4,6,7,8,25,0,0,54,2,56,4,6,61,10,81,56,12,68,149
01/04/2012,OWB,KY,ASO,CE,Federal Contract Tower,0,5,2,6,13,0,0,36,6,42,0,5,38,12,55,40,10,50,105
01/05/2012,OWB,KY,ASO,CE,Federal Contract Tower,2,6,2,4,14,0,2,68,10,80,2,8,70,14,94,66,34,100,194
01/06/2012,OWB,KY,ASO,CE,Federal Contract Tower,2,7,7,0,16,0,0,42,0,42,2,7,49,0,58,70,0,70,128
01/07/2012,OWB,KY,ASO,CE,Federal Contract Tower,0,0,6,0,6,0,2,64,0,66,0,2,70,0,72,66,0,66,138
01/08/2012,OWB,KY,ASO,CE,Federal Contract Tower,2,4,16,6,28,0,1,52,9,62,2,5,68,15,90,70,14,84,174
01/09/2012,OWB,KY,ASO,CE,Federal Contract Tower,2,4,1,2,9,0,2,46,0,48,2,6,47,2,57,52,4,56,113
01/10/2012,OWB,KY,ASO,CE,Federal Contract Tower,0,5,10,0,15,0,0,61,0,61,0,5,71,0,76,72,0,72,148
01/11/2012,OWB,KY,ASO,CE,Federal Contract Tower,0,9,5,2,16,0,0,0,0,0,0,9,5,2,16,0,0,0,16
01/12/2012,OWB,KY,ASO,CE,Federal Contract Tower,2,6,5,2,15,0,0,0,0,0,2,6,5,2,15,0,0,0,15
01/13/2012,OWB,KY,ASO,CE,Federal Contract Tower,2,12,8,0,22,0,0,24,0,24,2,12,32,0,46,0,0,0,46
01/14/2012,OWB,KY,ASO,CE,Federal Contract Tower,0,3,5,0,8,0,1,45,0,46,0,4,50,0,54,32,0,32,86
01/15/2012,OWB,KY,ASO,CE,Federal Contract Tower,2,3,4,0,9,0,2,53,0,55,2,5,57,0,64,46,0,46,110
01/16/2012,OWB,KY,ASO,CE,Federal Contract Tower,2,6,10,0,18,0,1,20,0,21,2,7,30,0,39,12,0,12,51
01/17/2012,OWB,KY,ASO,CE,Federal Contract Tower,0,6,2,0,8,0,0,5,0,5,0,6,7,0,13,6,0,6,19
01/18/2012,OWB,KY,ASO,CE,Federal Contract Tower,0,8,8,2,18,0,0,45,0,45,0,8,53,2,63,48,0,48,111
01/19/2012,OWB,KY,ASO,CE,Federal Contract Tower,2,8,3,1,14,0,0,48,5,53,2,8,51,6,67,46,8,54,121
01/20/2012,OWB,KY,ASO,CE,Federal Contract Tower,2,7,7,4,20,0,0,39,2,41,2,7,46,6,61,54,0,54,115
01/21/2012,OWB,KY,ASO,CE,Federal Contract Tower,0,6,8,0,14,0,0,28,0,28,0,6,36,0,42,26,0,26,68
01/22/2012,OWB,KY,ASO,CE,Federal Contract Tower,2,2,2,0,6,0,0,0,0,0,2,2,2,0,6,0,0,0,6
01/23/2012,OWB,KY,ASO,CE,Federal Contract Tower,2,9,3,0,14,0,0,38,2,40,2,9,41,2,54,46,26,72,126
01/24/2012,OWB,KY,ASO,CE,Federal Contract Tower,0,8,2,2,12,0,0,65,1,66,0,8,67,3,78,62,6,68,146
01/25/2012,OWB,KY,ASO,CE,Federal Contract Tower,0,7,5,0,12,0,0,9,0,9,0,7,14,0,21,4,0,4,25
01/26/2012,OWB,KY,ASO,CE,Federal Contract Tower,2,7,4,0,13,0,0,0,0,0,2,7,4,0,13,0,0,0,13
01/27/2012,OWB,KY,ASO,CE,Federal Contract Tower,2,6,7,4,19,0,0,20,0,20,2,6,27,4,39,22,0,22,61
01/28/2012,OWB,KY,ASO,CE,Federal Contract Tower,0,6,1,0,7,0,1,57,0,58,0,7,58,0,65,64,0,64,129
01/29/2012,OWB,KY,ASO,CE,Federal Contract Tower,2,2,1,0,5,0,2,42,0,44,2,4,43,0,49,46,0,46,95
01/30/2012,OWB,KY,ASO,CE,Federal Contract Tower,2,8,9,2,21,0,1,64,4,69,2,9,73,6,90,56,9,65,155
01/31/2012,OWB,KY,ASO,CE,Federal Contract Tower,0,3,7,6,16,0,0,43,3,46,0,3,50,9,62,54,18,72,134
02/01/2012,OWB,KY,ASO,CE,Federal Contract Tower,0,6,3,2,11,0,0,37,2,39,0,6,40,4,50,68,6,74,124
02/02/2012,OWB,KY,ASO,CE,Federal Contract Tower,4,7,10,6,27,0,0,44,1,45,4,7,54,7,72,70,8,78,150
02/03/2012,OWB,KY,ASO,CE,Federal Contract Tower,0,7,5,0,12,0,1,47,11,59,0,8,52,11,71,70,16,86,157
02/04/2012,OWB,KY,ASO,CE,Federal Contract Tower,0,4,1,0,5,0,0,1,0,1,0,4,2,0,6,0,0,0,6
02/05/2012,OWB,KY,ASO,CE,Federal Contract Tower,4,4,8,0,16,0,0,25,0,25,4,4,33,0,41,22,0,22,63
02/06/2012,OWB,KY,ASO,CE,Federal Contract Tower,0,10,5,6,21,0,0,32,0,32,0,10,37,6,53,28,0,28,81
02/07/2012,OWB,KY,ASO,CE,Federal Contract Tower,0,5,7,1,13,0,0,59,0,59,0,5,66,1,72,48,2,50,122
02/08/2012,OWB,KY,ASO,CE,Federal Contract Tower,0,7,5,0,12,0,0,18,6,24,0,7,23,6,36,22,8,30,66
02/09/2012,OWB,KY,ASO,CE,Federal Contract Tower,4,7,13,4,28,0,1,37,8,46,4,8,50,12,74,52,8,60,134
02/10/2012,OWB,KY,ASO,CE,Federal Contract Tower,0,7,6,5,18,0,0,13,3,16,0,7,19,8,34,14,22,36,70
02/11/2012,OWB,KY,ASO,CE,Federal Contract Tower,0,5,3,4,12,0,0,22,7,29,0,5,25,11,41,36,8,44,85
02/12/2012,OWB,KY,ASO,CE,Federal Contract Tower,4,3,2,0,9,0,1,35,2,38,4,4,37,2,47,52,2,54,101
02/13/2012,OWB,KY,ASO,CE,Federal Contract Tower,0,6,3,0,9,0,0,20,2,22,0,6,23,2,31,30,4,34,65
02/14/2012,OWB,KY,ASO,CE,Federal Contract Tower,0,4,1,5,10,0,0,21,0,21,0,4,22,5,31,30,6,36,67
02/15/2012,OWB,KY,ASO,CE,Federal Contract Tower,0,5,9,1,15,0,0,16,2,18,0,5,25,3,33,20,2,22,55
02/16/2012,OWB,KY,ASO,CE,Federal Contract Tower,4,7,3,5,19,0,0,0,0,0,4,7,3,5,19,0,0,0,19
02/17/2012,OWB,KY,ASO,CE,Federal Contract Tower,0,6,11,0,17,0,2,66,0,68,0,8,77,0,85,78,0,78,163
02/18/2012,OWB,KY,ASO,CE,Federal Contract Tower,0,5,9,0,14,0,0,78,0,78,0,5,87,0,92,80,0,80,172
02/19/2012,OWB,KY,ASO,CE,Federal Contract Tower,4,7,3,0,14,0,0,39,0,39,4,7,42,0,53,46,0,46,99
02/20/2012,OWB,KY,ASO,CE,Federal Contract Tower,0,6,22,0,28,0,0,41,0,41,0,6,63,0,69,58,0,58,127
02/21/2012,OWB,KY,ASO,CE,Federal Contract Tower,0,6,9,0,15,0,0,30,4,34,0,6,39,4,49,45,10,55,104
02/22/2012,OWB,KY,ASO,CE,Federal Contract Tower,0,6,12,4,22,0,0,43,9,52,0,6,55,13,74,44,26,70,144
02/23/2012,OWB,KY,ASO,CE,Federal Contract Tower,4,9,5,4,22,0,0,44,4,48,4,9,49,8,70,56,22,78,148
02/24/2012,OWB,KY,ASO,CE,Federal Contract Tower,0,7,4,0,11,0,0,0,0,0,0,7,4,0,11,0,0,0,11
02/25/2012,OWB,KY,ASO,CE,Federal Contract Tower,0,3,9,0,12,0,0,54,0,54,0,3,63,0,66,55,0,55,121
02/26/2012,OWB,KY,ASO,CE,Federal Contract Tower,4,6,5,0,15,0,0,66,0,66,4,6,71,0,81,110,0,110,191
02/27/2012,OWB,KY,ASO,CE,Federal Contract Tower,0,10,15,2,27,0,0,68,2,70,0,10,83,4,97,64,12,76,173
02/28/2012,OWB,KY,ASO,CE,Federal Contract Tower,0,5,12,9,26,0,0,72,20,92,0,5,84,29,118,68,30,98,216
02/29/2012,OWB,KY,ASO,CE,Federal Contract Tower,0,6,4,0,10,0,0,7,0,7,0,6,11,0,17,4,0,4,21
03/01/2012,OWB,KY,ASO,CE,Federal Contract Tower,4,6,5,0,15,0,0,57,0,57,4,6,62,0,72,108,0,108,180
03/02/2012,OWB,KY,ASO,CE,Federal Contract Tower,0,3,5,0,8,0,0,4,0,4,0,3,9,0,12,0,0,0,12
03/03/2012,OWB,KY,ASO,CE,Federal Contract Tower,0,6,1,0,7,0,0,50,0,50,0,6,51,0,57,50,0,50,107
03/04/2012,OWB,KY,ASO,CE,Federal Contract Tower,4,2,9,0,15,0,1,25,0,26,4,3,34,0,41,26,0,26,67
03/05/2012,OWB,KY,ASO,CE,Federal Contract Tower,0,9,6,3,18,0,0,47,6,53,0,9,53,9,71,56,12,68,139
03/06/2012,OWB,KY,ASO,CE,Federal Contract Tower,0,5,18,0,23,0,58,0,0,58,0,63,18,0,81,56,0,56,137
03/07/2012,OWB,KY,ASO,CE,Federal Contract Tower,0,5,4,4,13,0,1,19,6,26,0,6,23,10,39,20,16,36,75
03/08/2012,OWB,KY,ASO,CE,Federal Contract Tower,4,7,8,0,19,0,0,9,0,9,4,7,17,0,28,14,0,14,42
03/09/2012,OWB,KY,ASO,CE,Federal Contract Tower,0,7,2,2,11,0,0,52,2,54,0,7,54,4,65,62,12,74,139
03/10/2012,OWB,KY,ASO,CE,Federal Contract Tower,0,3,13,0,16,0,1,67,0,68,0,4,80,0,84,48,0,48,132
03/11/2012,OWB,KY,ASO,CE,Federal Contract Tower,4,5,6,0,15,0,0,48,0,48,4,5,54,0,63,50,0,50,113
03/12/2012,OWB,KY,ASO,CE,Federal Contract Tower,0,7,3,3,13,0,0,27,4,31,0,7,30,7,44,38,10,48,92
03/13/2012,OWB,KY,ASO,CE,Federal Contract Tower,0,6,2,6,14,0,0,47,3,50,0,6,49,9,64,54,6,60,124
03/14/2012,OWB,KY,ASO,CE,Federal Contract Tower,0,7,0,1,8,0,0,40,3,43,0,7,40,4,51,42,2,44,95
03/15/2012,OWB,KY,ASO,CE,Federal Contract Tower,4,7,6,4,21,0,1,33,0,34,4,8,39,4,55,30,18,48,103
03/16/2012,OWB,KY,ASO,CE,Federal Contract Tower,0,7,4,0,11,0,0,41,2,43,0,7,45,2,54,38,6,44,98
03/17/2012,OWB,KY,ASO,CE,Federal Contract Tower,0,3,16,0,19,0,0,83,0,83,0,3,99,0,102,68,0,68,170
03/18/2012,OWB,KY,ASO,CE,Federal Contract Tower,4,5,0,0,9,0,0,46,0,46,4,5,46,0,55,52,0,52,107
03/19/2012,OWB,KY,ASO,CE,Federal Contract Tower,0,6,6,10,22,0,0,58,9,67,0,6,64,19,89,58,20,78,167
03/20/2012,OWB,KY,ASO,CE,Federal Contract Tower,0,5,7,3,15,0,0,54,9,63,0,5,61,12,78,58,16,74,152
03/21/2012,OWB,KY,ASO,CE,Federal Contract Tower,0,7,7,2,16,0,0,46,2,48,0,7,53,4,64,56,0,56,120
03/22/2012,OWB,KY,ASO,CE,Federal Contract Tower,4,7,4,0,15,0,0,25,0,25,4,7,29,0,40,34,0,34,74
03/23/2012,OWB,KY,ASO,CE,Federal Contract Tower,0,3,11,0,14,0,0,1,0,1,0,3,12,0,15,34,0,34,49
03/24/2012,OWB,KY,ASO,CE,Federal Contract Tower,0,3,4,0,7,0,0,36,0,36,0,3,40,0,43,48,0,48,91
03/25/2012,OWB,KY,ASO,CE,Federal Contract Tower,4,4,6,0,14,0,0,26,0,26,4,4,32,0,40,42,0,42,82
03/26/2012,OWB,KY,ASO,CE,Federal Contract Tower,0,6,8,9,23,0,0,56,17,73,0,6,64,26,96,64,36,100,196
03/27/2012,OWB,KY,ASO,CE,Federal Contract Tower,0,6,5,3,14,0,0,39,5,44,0,6,44,8,58,48,14,62,120
03/28/2012,OWB,KY,ASO,CE,Federal Contract Tower,0,8,6,3,17,0,0,43,1,44,0,8,49,4,61,50,8,58,119
03/29/2012,OWB,KY,ASO,CE,Federal Contract Tower,4,9,9,7,29,0,0,66,5,71,4,9,75,12,100,84,14,98,198
03/30/2012,OWB,KY,ASO,CE,Federal Contract Tower,0,11,4,7,22,0,0,38,1,39,0,11,42,8,61,44,10,54,115
03/31/2012,OWB,KY,ASO,CE,Federal Contract Tower,0,3,12,1,16,0,1,30,0,31,0,4,42,1,47,52,0,52,99
04/01/2012,OWB,KY,ASO,CE,Federal Contract Tower,4,5,10,0,19,0,1,46,0,47,4,6,56,0,66,62,0,62,128
04/02/2012,OWB,KY,ASO,CE,Federal Contract Tower,0,5,6,4,15,0,1,45,1,47,0,6,51,5,62,55,6,61,123
04/03/2012,OWB,KY,ASO,CE,Federal Contract Tower,0,4,8,3,15,0,0,50,5,55,0,4,58,8,70,66,2,68,138
04/04/2012,OWB,KY,ASO,CE,Federal Contract Tower,0,10,15,4,29,0,0,41,2,43,0,10,56,6,72,34,20,54,126
04/05/2012,OWB,KY,ASO,CE,Federal Contract Tower,4,7,2,0,13,0,10,34,0,44,4,17,36,0,57,48,0,48,105
04/06/2012,OWB,KY,ASO,CE,Federal Contract Tower,0,7,3,0,10,0,2,52,0,54,0,9,55,0,64,64,0,64,128
04/07/2012,OWB,KY,ASO,CE,Federal Contract Tower,0,4,11,0,15,0,0,54,0,54,0,4,65,0,69,70,0,70,139
04/08/2012,OWB,KY,ASO,CE,Federal Contract Tower,4,5,4,0,13,0,0,35,0,35,4,5,39,0,48,50,0,50,98
04/09/2012,OWB,KY,ASO,CE,Federal Contract Tower,0,9,13,0,22,0,0,44,1,45,0,9,57,1,67,48,0,48,115
04/10/2012,OWB,KY,ASO,CE,Federal Contract Tower,0,4,4,1,9,0,0,40,1,41,0,4,44,2,50,44,2,46,96
04/11/2012,OWB,KY,ASO,CE,Federal Contract Tower,0,6,11,0,17,0,0,49,2,51,0,6,60,2,68,46,8,54,122
04/12/2012,OWB,KY,ASO,CE,Federal Contract Tower,4,7,12,1,24,0,0,62,2,64,4,7,74,3,88,96,8,104,192
04/13/2012,OWB,KY,ASO,CE,Federal Contract Tower,0,5,6,3,14,0,0,33,7,40,0,5,39,10,54,34,12,46,100
04/14/2012,OWB,KY,ASO,CE,Federal Contract Tower,0,4,4,4,12,0,0,31,12,43,0,4,35,16,55,32,18,50,105
04/15/2012,OWB,KY,ASO,CE,Federal Contract Tower,4,4,1,0,9,0,0,26,6,32,4,4,27,6,41,40,12,52,93
04/16/2012,OWB,KY,ASO,CE,Federal Contract Tower,0,9,5,0,14,0,1,32,0,33,0,10,37,0,47,32,0,32,79
04/17/2012,OWB,KY,ASO,CE,Federal Contract Tower,0,4,19,9,32,0,0,42,9,51,0,4,61,18,83,60,12,72,155
04/18/2012,OWB,KY,ASO,CE,Federal Contract Tower,0,8,15,6,29,0,1,64,12,77,0,9,79,18,106,72,18,90,196
04/19/2012,OWB,KY,ASO,CE,Federal Contract Tower,4,6,19,0,29,0,0,74,2,76,4,6,93,2,105,76,8,84,189
04/20/2012,OWB,KY,ASO,CE,Federal Contract Tower,0,5,5,0,10,0,2,20,0,22,0,7,25,0,32,20,0,20,52
04/21/2012,OWB,KY,ASO,CE,Federal Contract Tower,0,4,22,0,26,0,0,26,0,26,0,4,48,0,52,40,0,40,92
04/22/2012,OWB,KY,ASO,CE,Federal Contract Tower,4,6,6,2,18,0,0,38,4,42,4,6,44,6,60,40,8,48,108
04/23/2012,OWB,KY,ASO,CE,Federal Contract Tower,0,8,5,2,15,0,0,31,0,31,0,8,36,2,46,30,8,38,84
04/24/2012,OWB,KY,ASO,CE,Federal Contract Tower,0,6,7,0,13,0,0,37,0,37,0,6,44,0,50,44,0,44,94
04/25/2012,OWB,KY,ASO,CE,Federal Contract Tower,0,11,8,9,28,0,0,29,7,36,0,11,37,16,64,34,30,64,128
04/26/2012,OWB,KY,ASO,CE,Federal Contract Tower,4,8,7,0,19,0,0,40,0,40,4,8,47,0,59,52,0,52,111
04/27/2012,OWB,KY,ASO,CE,Federal Contract Tower,0,8,7,0,15,0,0,45,0,45,0,8,52,0,60,58,0,58,118
04/28/2012,OWB,KY,ASO,CE,Federal Contract Tower,0,4,4,0,8,0,0,59,0,59,0,4,63,0,67,94,0,94,161
04/29/2012,OWB,KY,ASO,CE,Federal Contract Tower,4,5,10,0,19,0,0,40,0,40,4,5,50,0,59,49,0,49,108
04/30/2012,OWB,KY,ASO,CE,Federal Contract Tower,0,8,11,2,21,0,0,26,0,26,0,8,37,2,47,38,0,38,85
05/01/2012,OWB,KY,ASO,CE,Federal Contract Tower,0,4,2,0,6,0,0,19,5,24,0,4,21,5,30,50,10,60,90
05/02/2012,OWB,KY,ASO,CE,Federal Contract Tower,0,6,10,10,26,0,56,14,0,70,0,62,24,10,96,58,34,92,188
05/03/2012,OWB,KY,ASO,CE,Federal Contract Tower,4,7,13,1,25,0,56,8,0,64,4,63,21,1,89,62,14,76,165
05/04/2012,OWB,KY,ASO,CE,Federal Contract Tower,0,6,8,4,18,0,0,41,0,41,0,6,49,4,59,54,11,65,124
05/05/2012,OWB,KY,ASO,CE,Federal Contract Tower,0,7,6,0,13,0,0,49,0,49,0,7,55,0,62,54,0,54,116
05/06/2012,OWB,KY,ASO,CE,Federal Contract Tower,4,7,3,0,14,0,2,4,1,7,4,9,7,1,21,80,0,80,101
05/07/2012,OWB,KY,ASO,CE,Federal Contract Tower,0,6,9,2,17,0,1,27,4,32,0,7,36,6,49,30,14,44,93
05/08/2012,OWB,KY,ASO,CE,Federal Contract Tower,0,4,6,6,16,0,0,43,0,43,0,4,49,6,59,42,10,52,111
05/09/2012,OWB,KY,ASO,CE,Federal Contract Tower,0,8,15,7,30,0,42,8,0,50,0,50,23,7,80,53,30,83,163
05/10/2012,OWB,KY,ASO,CE,Federal Contract Tower,4,9,10,1,24,0,0,59,14,73,4,9,69,15,97,54,0,54,151
05/11/2012,OWB,KY,ASO,CE,Federal Contract Tower,0,7,10,0,17,0,1,41,2,44,0,8,51,2,61,56,0,56,117
05/12/2012,OWB,KY,ASO,CE,Federal Contract Tower,0,5,8,2,15,0,0,38,3,41,0,5,46,5,56,36,10,46,102
05/13/2012,OWB,KY,ASO,CE,Federal Contract Tower,4,4,11,1,20,0,0,22,0,22,4,4,33,1,42,4,18,22,64
05/14/2012,OWB,KY,ASO,CE,Federal Contract Tower,0,7,8,14,29,0,0,24,3,27,0,7,32,17,56,34,6,40,96
05/15/2012,OWB,KY,ASO,CE,Federal Contract Tower,0,4,11,7,22,0,0,61,4,65,0,4,72,11,87,54,36,90,177
05/16/2012,OWB,KY,ASO,CE,Federal Contract Tower,0,6,7,3,16,0,0,36,5,41,0,6,43,8,57,46,14,60,117
05/17/2012,OWB,KY,ASO,CE,Federal Contract Tower,0,6,5,0,11,0,0,47,0,47,0,6,52,0,58,62,0,62,120
05/18/2012,OWB,KY,ASO,CE,Federal Contract Tower,4,6,8,3,21,0,0,45,1,46,4,6,53,4,67,70,10,80,147
05/19/2012,OWB,KY,ASO,CE,Federal Contract Tower,2,4,12,0,18,0,0,66,2,68,2,4,78,2,86,70,0,70,156
05/20/2012,OWB,KY,ASO,CE,Federal Contract Tower,0,2,4,0,6,0,0,36,0,36,0,2,40,0,42,46,0,46,88
05/21/2012,OWB,KY,ASO,CE,Federal Contract Tower,4,6,1,6,17,0,0,37,5,42,4,6,38,11,59,42,22,64,123
05/22/2012,OWB,KY,ASO,CE,Federal Contract Tower,0,7,11,6,24,0,0,59,1,60,0,7,70,7,84,60,24,84,168
05/23/2012,OWB,KY,ASO,CE,Federal Contract Tower,0,6,9,2,17,0,45,4,0,49,0,51,13,2,66,56,0,56,122
05/24/2012,OWB,KY,ASO,CE,Federal Contract Tower,0,4,11,4,19,0,0,52,1,53,0,4,63,5,72,56,10,66,138
05/25/2012,OWB,KY,ASO,CE,Federal Contract Tower,4,6,5,0,15,0,0,48,0,48,4,6,53,0,63,54,0,54,117
05/26/2012,OWB,KY,ASO,CE,Federal Contract Tower,2,7,11,0,20,0,0,43,0,43,2,7,54,0,63,44,0,44,107
05/27/2012,OWB,KY,ASO,CE,Federal Contract Tower,0,5,4,0,9,0,0,41,0,41,0,5,45,0,50,52,0,52,102
05/28/2012,OWB,KY,ASO,CE,Federal Contract Tower,4,5,3,0,12,0,0,53,0,53,4,5,56,0,65,72,0,72,137
05/29/2012,OWB,KY,ASO,CE,Federal Contract Tower,0,5,3,2,10,0,0,40,0,40,0,5,43,2,50,48,0,48,98
05/30/2012,OWB,KY,ASO,CE,Federal Contract Tower,0,8,8,5,21,0,0,42,2,44,0,8,50,7,65,52,4,56,121
05/31/2012,OWB,KY,ASO,CE,Federal Contract Tower,0,7,6,0,13,0,1,16,2,19,0,8,22,2,32,16,0,16,48
06/01/2012,OWB,KY,ASO,CE,Federal Contract Tower,4,12,9,5,30,0,0,23,0,23,4,12,32,5,53,16,0,16,69
06/02/2012,OWB,KY,ASO,CE,Federal Contract Tower,2,5,10,2,19,0,0,44,10,54,2,5,54,12,73,46,8,54,127
06/03/2012,OWB,KY,ASO,CE,Federal Contract Tower,0,6,6,0,12,0,1,43,0,44,0,7,49,0,56,50,0,50,106
06/04/2012,OWB,KY,ASO,CE,Federal Contract Tower,4,7,7,1,19,0,0,55,2,57,4,7,62,3,76,38,10,48,124
06/05/2012,OWB,KY,ASO,CE,Federal Contract Tower,0,6,10,6,22,0,0,38,8,46,0,6,48,14,68,52,18,70,138
06/06/2012,OWB,KY,ASO,CE,Federal Contract Tower,2,6,9,1,18,0,1,47,8,56,2,7,56,9,74,56,16,72,146
06/07/2012,OWB,KY,ASO,CE,Federal Contract Tower,0,8,15,3,26,0,2,58,4,64,0,10,73,7,90,58,0,58,148
06/08/2012,OWB,KY,ASO,CE,Federal Contract Tower,4,5,9,0,18,0,2,71,4,77,4,7,80,4,95,82,4,86,181
06/09/2012,OWB,KY,ASO,CE,Federal Contract Tower,0,5,8,2,15,0,0,147,0,147,0,5,155,2,162,248,4,252,414
06/10/2012,OWB,KY,ASO,CE,Federal Contract Tower,0,5,8,0,13,0,0,65,2,67,0,5,73,2,80,44,8,52,132
06/11/2012,OWB,KY,ASO,CE,Federal Contract Tower,4,3,12,0,19,0,0,20,6,26,4,3,32,6,45,10,6,16,61
06/12/2012,OWB,KY,ASO,CE,Federal Contract Tower,0,5,8,1,14,0,0,37,3,40,0,5,45,4,54,50,8,58,112
06/13/2012,OWB,KY,ASO,CE,Federal Contract Tower,0,7,17,1,25,0,0,56,6,62,0,7,73,7,87,72,14,86,173
06/14/2012,OWB,KY,ASO,CE,Federal Contract Tower,0,6,10,5,21,0,0,35,4,39,0,6,45,9,60,54,16,70,130
06/15/2012,OWB,KY,ASO,CE,Federal Contract Tower,4,6,10,2,22,0,0,34,2,36,4,6,44,4,58,44,0,44,102
06/16/2012,OWB,KY,ASO,CE,Federal Contract Tower,2,8,5,0,15,0,0,54,0,54,2,8,59,0,69,48,0,48,117
06/17/2012,OWB,KY,ASO,CE,Federal Contract Tower,0,5,5,0,10,0,1,35,0,36,0,6,40,0,46,44,0,44,90
06/18/2012,OWB,KY,ASO,CE,Federal Contract Tower,4,4,5,4,17,0,1,40,2,43,4,5,45,6,60,32,20,52,112
06/19/2012,OWB,KY,ASO,CE,Federal Contract Tower,0,5,4,4,13,0,0,31,2,33,0,5,35,6,46,36,8,44,90
06/20/2012,OWB,KY,ASO,CE,Federal Contract Tower,0,6,11,2,19,0,0,32,0,32,0,6,43,2,51,50,4,54,105
06/21/2012,OWB,KY,ASO,CE,Federal Contract Tower,0,7,5,2,14,0,0,34,0,34,0,7,39,2,48,30,0,30,78
06/22/2012,OWB,KY,ASO,CE,Federal Contract Tower,4,5,6,0,15,0,1,36,0,37,4,6,42,0,52,50,0,50,102
06/23/2012,OWB,KY,ASO,CE,Federal Contract Tower,2,2,8,0,12,0,2,36,0,38,2,4,44,0,50,30,0,30,80
06/24/2012,OWB,KY,ASO,CE,Federal Contract Tower,0,3,8,0,11,0,2,34,0,36,0,5,42,0,47,42,0,42,89
06/25/2012,OWB,KY,ASO,CE,Federal Contract Tower,4,5,0,4,13,0,0,37,0,37,4,5,37,4,50,48,0,48,98
06/26/2012,OWB,KY,ASO,CE,Federal Contract Tower,0,8,8,2,18,0,0,30,2,32,0,8,38,4,50,37,6,43,93
06/27/2012,OWB,KY,ASO,CE,Federal Contract Tower,0,7,2,5,14,0,0,24,3,27,0,7,26,8,41,16,0,16,57
06/28/2012,OWB,KY,ASO,CE,Federal Contract Tower,0,7,11,5,23,0,0,47,3,50,0,7,58,8,73,22,0,22,95
06/29/2012,OWB,KY,ASO,CE,Federal Contract Tower,4,7,2,1,14,0,1,34,4,39,4,8,36,5,53,24,6,30,83
06/30/2012,OWB,KY,ASO,CE,Federal Contract Tower,2,7,4,0,13,0,0,34,0,34,2,7,38,0,47,26,0,26,73
07/01/2012,OWB,KY,ASO,CE,Federal Contract Tower,0,7,2,0,9,0,1,37,0,38,0,8,39,0,47,38,0,38,85
07/02/2012,OWB,KY,ASO,CE,Federal Contract Tower,4,9,8,0,21,0,0,26,0,26,4,9,34,0,47,28,0,28,75
07/03/2012,OWB,KY,ASO,CE,Federal Contract Tower,0,5,12,4,21,0,2,37,2,41,0,7,49,6,62,37,6,43,105
07/04/2012,OWB,KY,ASO,CE,Federal Contract Tower,0,6,1,0,7,0,0,36,0,36,0,6,37,0,43,30,0,30,73
07/05/2012,OWB,KY,ASO,CE,Federal Contract Tower,0,6,0,0,6,0,0,38,0,38,0,6,38,0,44,32,0,32,76
07/06/2012,OWB,KY,ASO,CE,Federal Contract Tower,4,7,6,0,17,0,0,28,5,33,4,7,34,5,50,26,4,30,80
07/07/2012,OWB,KY,ASO,CE,Federal Contract Tower,2,4,7,0,13,0,0,47,0,47,2,4,54,0,60,36,0,36,96
07/08/2012,OWB,KY,ASO,CE,Federal Contract Tower,0,5,4,0,9,0,0,30,0,30,0,5,34,0,39,28,0,28,67
07/09/2012,OWB,KY,ASO,CE,Federal Contract Tower,3,7,1,1,12,0,0,15,1,16,3,7,16,2,28,16,0,16,44
07/10/2012,OWB,KY,ASO,CE,Federal Contract Tower,0,6,4,0,10,0,0,48,0,48,0,6,52,0,58,54,0,54,112
07/11/2012,OWB,KY,ASO,CE,Federal Contract Tower,0,6,3,1,10,0,0,28,1,29,0,6,31,2,39,40,0,40,79
07/12/2012,OWB,KY,ASO,CE,Federal Contract Tower,0,7,16,0,23,0,0,18,2,20,0,7,34,2,43,24,0,24,67
07/13/2012,OWB,KY,ASO,CE,Federal Contract Tower,4,9,2,0,15,0,0,44,0,44,4,9,46,0,59,42,0,42,101
07/14/2012,OWB,KY,ASO,CE,Federal Contract Tower,2,2,5,0,9,0,1,40,0,41,2,3,45,0,50,24,0,24,74
07/15/2012,OWB,KY,ASO,CE,Federal Contract Tower,0,5,6,0,11,0,0,45,0,45,0,5,51,0,56,64,0,64,120
07/16/2012,OWB,KY,ASO,CE,Federal Contract Tower,4,5,7,5,21,0,2,38,0,40,4,7,45,5,61,42,0,42,103
07/17/2012,OWB,KY,ASO,CE,Federal Contract Tower,0,4,7,0,11,0,0,41,0,41,0,4,48,0,52,46,0,46,98
07/18/2012,OWB,KY,ASO,CE,Federal Contract Tower,0,5,11,0,16,0,0,36,0,36,0,5,47,0,52,40,0,40,92
07/19/2012,OWB,KY,ASO,CE,Federal Contract Tower,0,6,21,2,29,0,0,40,3,43,0,6,61,5,72,38,2,40,112
07/20/2012,OWB,KY,ASO,CE,Federal Contract Tower,4,5,6,0,15,0,1,38,0,39,4,6,44,0,54,48,0,48,102
07/21/2012,OWB,KY,ASO,CE,Federal Contract Tower,2,4,8,2,16,0,0,90,4,94,2,4,98,6,110,82,18,100,210
07/22/2012,OWB,KY,ASO,CE,Federal Contract Tower,0,5,8,0,13,0,0,42,0,42,0,5,50,0,55,52,0,52,107
07/23/2012,OWB,KY,ASO,CE,Federal Contract Tower,4,6,3,2,15,0,1,34,1,36,4,7,37,3,51,34,8,42,93
07/24/2012,OWB,KY,ASO,CE,Federal Contract Tower,0,3,5,0,8,0,0,39,2,41,0,3,44,2,49,41,8,49,98
07/25/2012,OWB,KY,ASO,CE,Federal Contract Tower,2,4,8,5,19,0,1,33,4,38,2,5,41,9,57,30,14,44,101
07/26/2012,OWB,KY,ASO,CE,Federal Contract Tower,0,7,5,1,13,0,0,28,2,30,0,7,33,3,43,15,2,17,60
07/27/2012,OWB,KY,ASO,CE,Federal Contract Tower,4,6,8,6,24,0,1,49,4,54,4,7,57,10,78,46,34,80,158
07/28/2012,OWB,KY,ASO,CE,Federal Contract Tower,0,3,1,0,4,0,0,38,0,38,0,3,39,0,42,46,0,46,88
07/29/2012,OWB,KY,ASO,CE,Federal Contract Tower,0,3,9,1,13,0,0,43,1,44,0,3,52,2,57,36,4,40,97
07/30/2012,OWB,KY,ASO,CE,Federal Contract Tower,4,4,6,0,14,0,1,48,0,49,4,5,54,0,63,48,0,48,111
07/31/2012,OWB,KY,ASO,CE,Federal Contract Tower,0,4,8,4,16,0,1,29,2,32,0,5,37,6,48,36,0,36,84
08/01/2012,OWB,KY,ASO,CE,Federal Contract Tower,0,6,10,0,16,0,0,38,0,38,0,6,48,0,54,52,0,52,106
08/02/2012,OWB,KY,ASO,CE,Federal Contract Tower,0,6,14,4,24,0,0,46,5,51,0,6,60,9,75,44,24,68,143
08/03/2012,OWB,KY,ASO,CE,Federal Contract Tower,4,10,2,0,16,0,0,35,4,39,4,10,37,4,55,40,12,52,107
08/04/2012,OWB,KY,ASO,CE,Federal Contract Tower,2,4,4,0,10,0,0,45,0,45,2,4,49,0,55,16,0,16,71
08/05/2012,OWB,KY,ASO,CE,Federal Contract Tower,0,8,5,0,13,0,0,32,0,32,0,8,37,0,45,40,0,40,85
08/06/2012,OWB,KY,ASO,CE,Federal Contract Tower,4,5,9,4,22,0,1,35,4,40,4,6,44,8,62,38,10,48,110
08/07/2012,OWB,KY,ASO,CE,Federal Contract Tower,0,6,3,2,11,0,0,42,4,46,0,6,45,6,57,46,0,46,103
08/08/2012,OWB,KY,ASO,CE,Federal Contract Tower,0,6,14,2,22,0,1,45,3,49,0,7,59,5,71,76,6,82,153
08/09/2012,OWB,KY,ASO,CE,Federal Contract Tower,0,6,10,2,18,0,0,30,0,30,0,6,40,2,48,26,0,26,74
08/10/2012,OWB,KY,ASO,CE,Federal Contract Tower,4,6,5,0,15,0,0,45,0,45,4,6,50,0,60,54,0,54,114
08/11/2012,OWB,KY,ASO,CE,Federal Contract Tower,2,4,9,0,15,0,0,67,2,69,2,4,76,2,84,60,8,68,152
08/12/2012,OWB,KY,ASO,CE,Federal Contract Tower,0,5,10,0,15,0,0,52,0,52,0,5,62,0,67,58,0,58,125
08/13/2012,OWB,KY,ASO,CE,Federal Contract Tower,4,7,10,0,21,0,0,22,0,22,4,7,32,0,43,26,0,26,69
08/14/2012,OWB,KY,ASO,CE,Federal Contract Tower,1,4,9,0,14,0,0,31,0,31,1,4,40,0,45,36,0,36,81
08/15/2012,OWB,KY,ASO,CE,Federal Contract Tower,1,8,19,0,28,0,0,33,1,34,1,8,52,1,62,46,0,46,108
08/16/2012,OWB,KY,ASO,CE,Federal Contract Tower,0,5,4,0,9,0,0,28,0,28,0,5,32,0,37,20,0,20,57
08/17/2012,OWB,KY,ASO,CE,Federal Contract Tower,4,10,14,0,28,0,0,31,0,31,4,10,45,0,59,42,0,42,101
08/18/2012,OWB,KY,ASO,CE,Federal Contract Tower,0,12,8,0,20,0,2,83,4,89,0,14,91,4,109,50,12,62,171
08/19/2012,OWB,KY,ASO,CE,Federal Contract Tower,0,5,5,0,10,0,0,47,0,47,0,5,52,0,57,40,0,40,97
08/20/2012,OWB,KY,ASO,CE,Federal Contract Tower,2,6,4,2,14,0,0,39,0,39,2,6,43,2,53,52,4,56,109
08/21/2012,OWB,KY,ASO,CE,Federal Contract Tower,0,4,9,3,16,0,0,45,20,65,0,4,54,23,81,58,20,78,159
08/22/2012,OWB,KY,ASO,CE,Federal Contract Tower,0,10,8,1,19,0,0,47,9,56,0,10,55,10,75,40,68,108,183
08/23/2012,OWB,KY,ASO,CE,Federal Contract Tower,0,8,8,2,18,0,0,80,5,85,0,8,88,7,103,62,18,80,183
08/24/2012,OWB,KY,ASO,CE,Federal Contract Tower,2,8,10,1,21,0,0,83,2,85,2,8,93,3,106,74,8,82,188
08/25/2012,OWB,KY,ASO,CE,Federal Contract Tower,0,4,8,1,13,0,6,87,5,98,0,10,95,6,111,68,10,78,189
08/26/2012,OWB,KY,ASO,CE,Federal Contract Tower,0,4,8,1,13,0,1,3,0,4,0,5,11,1,17,44,0,44,61
08/27/2012,OWB,KY,ASO,CE,Federal Contract Tower,3,6,11,0,20,0,0,35,4,39,3,6,46,4,59,40,2,42,101
08/28/2012,OWB,KY,ASO,CE,Federal Contract Tower,0,6,0,0,6,0,3,35,4,42,0,9,35,4,48,36,6,42,90
08/29/2012,OWB,KY,ASO,CE,Federal Contract Tower,0,6,3,3,12,0,2,40,3,45,0,8,43,6,57,32,4,36,93
08/30/2012,OWB,KY,ASO,CE,Federal Contract Tower,0,10,16,4,30,0,0,47,2,49,0,10,63,6,79,38,4,42,121
08/31/2012,OWB,KY,ASO,CE,Federal Contract Tower,2,6,15,0,23,0,0,30,0,30,2,6,45,0,53,33,2,35,88
09/01/2012,OWB,KY,ASO,CE,Federal Contract Tower,0,3,2,0,5,0,0,30,0,30,0,3,32,0,35,40,0,40,75
09/02/2012,OWB,KY,ASO,CE,Federal Contract Tower,0,4,7,0,11,0,0,15,0,15,0,4,22,0,26,6,0,6,32
09/03/2012,OWB,KY,ASO,CE,Federal Contract Tower,2,4,4,0,10,0,0,4,0,4,2,4,8,0,14,0,0,0,14
09/04/2012,OWB,KY,ASO,CE,Federal Contract Tower,0,5,8,0,13,0,0,15,0,15,0,5,23,0,28,12,0,12,40
09/05/2012,OWB,KY,ASO,CE,Federal Contract Tower,0,9,8,4,21,0,0,36,0,36,0,9,44,4,57,20,10,30,87
09/06/2012,OWB,KY,ASO,CE,Federal Contract Tower,0,7,10,6,23,0,0,26,0,26,0,7,36,6,49,36,0,36,85
09/07/2012,OWB,KY,ASO,CE,Federal Contract Tower,2,8,9,7,26,0,0,37,7,44,2,8,46,14,70,34,6,40,110
09/08/2012,OWB,KY,ASO,CE,Federal Contract Tower,0,7,2,0,9,0,0,34,0,34,0,7,36,0,43,38,0,38,81
09/09/2012,OWB,KY,ASO,CE,Federal Contract Tower,0,4,9,0,13,0,0,32,0,32,0,4,41,0,45,38,0,38,83
09/10/2012,OWB,KY,ASO,CE,Federal Contract Tower,2,12,3,0,17,0,0,31,2,33,2,12,34,2,50,22,2,24,74
09/11/2012,OWB,KY,ASO,CE,Federal Contract Tower,0,6,11,4,21,0,0,25,2,27,0,6,36,6,48,6,6,12,60
09/12/2012,OWB,KY,ASO,CE,Federal Contract Tower,0,7,6,2,15,0,0,10,6,16,0,7,16,8,31,0,0,0,31
09/13/2012,OWB,KY,ASO,CE,Federal Contract Tower,0,8,15,2,25,0,0,13,2,15,0,8,28,4,40,6,0,6,46
09/14/2012,OWB,KY,ASO,CE,Federal Contract Tower,2,5,7,0,14,0,0,12,2,14,2,5,19,2,28,8,0,8,36
09/15/2012,OWB,KY,ASO,CE,Federal Contract Tower,0,6,10,0,16,0,1,32,0,33,0,7,42,0,49,4,0,4,53
09/16/2012,OWB,KY,ASO,CE,Federal Contract Tower,0,5,4,0,9,0,0,46,0,46,0,5,50,0,55,4,0,4,59
09/17/2012,OWB,KY,ASO,CE,Federal Contract Tower,2,7,7,0,16,0,0,10,0,10,2,7,17,0,26,0,0,0,26
09/18/2012,OWB,KY,ASO,CE,Federal Contract Tower,0,6,11,2,19,0,0,5,2,7,0,6,16,4,26,0,0,0,26
09/19/2012,OWB,KY,ASO,CE,Federal Contract Tower,0,5,14,3,22,0,0,47,1,48,0,5,61,4,70,0,2,2,72
09/20/2012,OWB,KY,ASO,CE,Federal Contract Tower,0,6,7,0,13,0,0,14,0,14,0,6,21,0,27,0,0,0,27
09/21/2012,OWB,KY,ASO,CE,Federal Contract Tower,2,6,20,0,28,0,0,5,0,5,2,6,25,0,33,10,0,10,43
09/22/2012,OWB,KY,ASO,CE,Federal Contract Tower,0,4,7,0,11,0,0,27,0,27,0,4,34,0,38,0,0,0,38
09/23/2012,OWB,KY,ASO,CE,Federal Contract Tower,0,6,9,0,15,0,0,41,0,41,0,6,50,0,56,4,0,4,60
09/24/2012,OWB,KY,ASO,CE,Federal Contract Tower,2,8,7,0,17,0,0,14,0,14,2,8,21,0,31,0,0,0,31
09/25/2012,OWB,KY,ASO,CE,Federal Contract Tower,0,7,1,2,10,0,0,2,2,4,0,7,3,4,14,8,0,8,22
09/26/2012,OWB,KY,ASO,CE,Federal Contract Tower,0,4,8,2,14,0,0,15,1,16,0,4,23,3,30,4,0,4,34
09/27/2012,OWB,KY,ASO,CE,Federal Contract Tower,0,7,7,4,18,0,0,11,6,17,0,7,18,10,35,18,2,20,55
09/28/2012,OWB,KY,ASO,CE,Federal Contract Tower,2,7,0,0,9,0,0,15,0,15,2,7,15,0,24,0,0,0,24
09/29/2012,OWB,KY,ASO,CE,Federal Contract Tower,0,4,8,0,12,0,0,30,0,30,0,4,38,0,42,24,0,24,66
09/30/2012,OWB,KY,ASO,CE,Federal Contract Tower,0,5,9,0,14,0,0,28,0,28,0,5,37,0,42,42,0,42,84
10/01/2012,OWB,KY,ASO,CE,Federal Contract Tower,2,8,8,0,18,0,0,2,0,2,2,8,10,0,20,0,0,0,20
10/02/2012,OWB,KY,ASO,CE,Federal Contract Tower,0,4,12,0,16,0,0,0,0,0,0,4,12,0,16,2,0,2,18
10/03/2012,OWB,KY,ASO,CE,Federal Contract Tower,2,7,11,0,20,0,1,21,2,24,2,8,32,2,44,48,0,48,92
10/04/2012,OWB,KY,ASO,CE,Federal Contract Tower,0,7,17,0,24,0,0,28,0,28,0,7,45,0,52,28,0,28,80
10/05/2012,OWB,KY,ASO,CE,Federal Contract Tower,2,7,16,0,25,0,0,4,0,4,2,7,20,0,29,0,0,0,29
10/06/2012,OWB,KY,ASO,CE,Federal Contract Tower,2,11,5,0,18,0,0,25,2,27,2,11,30,2,45,2,0,2,47
10/07/2012,OWB,KY,ASO,CE,Federal Contract Tower,0,6,11,0,17,0,0,11,0,11,0,6,22,0,28,8,0,8,36
10/08/2012,OWB,KY,ASO,CE,Federal Contract Tower,2,8,1,0,11,0,0,39,0,39,2,8,40,0,50,0,0,0,50
10/09/2012,OWB,KY,ASO,CE,Federal Contract Tower,0,6,9,0,15,0,0,15,0,15,0,6,24,0,30,26,0,26,56
10/10/2012,OWB,KY,ASO,CE,Federal Contract Tower,2,9,2,7,20,0,0,10,6,16,2,9,12,13,36,0,6,6,42
10/11/2012,OWB,KY,ASO,CE,Federal Contract Tower,0,7,11,0,18,0,0,16,1,17,0,7,27,1,35,6,0,6,41
10/12/2012,OWB,KY,ASO,CE,Federal Contract Tower,2,12,9,0,23,0,0,15,12,27,2,12,24,12,50,0,0,0,50
10/13/2012,OWB,KY,ASO,CE,Federal Contract Tower,4,8,4,0,16,0,0,12,0,12,4,8,16,0,28,0,0,0,28
10/14/2012,OWB,KY,ASO,CE,Federal Contract Tower,0,5,1,0,6,0,0,1,1,2,0,5,2,1,8,0,0,0,8
10/15/2012,OWB,KY,ASO,CE,Federal Contract Tower,2,8,9,1,20,0,0,26,3,29,2,8,35,4,49,2,2,4,53
10/16/2012,OWB,KY,ASO,CE,Federal Contract Tower,0,4,10,0,14,0,0,33,4,37,0,4,43,4,51,22,0,22,73
10/17/2012,OWB,KY,ASO,CE,Federal Contract Tower,2,5,6,2,15,0,0,10,2,12,2,5,16,4,27,0,0,0,27
10/18/2012,OWB,KY,ASO,CE,Federal Contract Tower,0,5,11,0,16,0,1,12,6,19,0,6,23,6,35,18,0,18,53
10/19/2012,OWB,KY,ASO,CE,Federal Contract Tower,2,6,11,2,21,0,0,8,0,8,2,6,19,2,29,0,0,0,29
10/20/2012,OWB,KY,ASO,CE,Federal Contract Tower,2,4,7,0,13,0,0,13,0,13,2,4,20,0,26,0,0,0,26
10/21/2012,OWB,KY,ASO,CE,Federal Contract Tower,0,7,9,4,20,0,0,19,0,19,0,7,28,4,39,0,2,2,41
10/22/2012,OWB,KY,ASO,CE,Federal Contract Tower,2,6,9,0,17,0,0,7,0,7,2,6,16,0,24,0,0,0,24
10/23/2012,OWB,KY,ASO,CE,Federal Contract Tower,0,8,7,0,15,0,0,13,0,13,0,8,20,0,28,16,0,16,44
10/24/2012,OWB,KY,ASO,CE,Federal Contract Tower,2,4,9,1,16,0,0,15,1,16,2,4,24,2,32,8,0,8,40
10/25/2012,OWB,KY,ASO,CE,Federal Contract Tower,0,4,7,1,12,0,3,5,1,9,0,7,12,2,21,2,2,4,25
10/26/2012,OWB,KY,ASO,CE,Federal Contract Tower,2,6,11,4,23,0,0,0,0,0,2,6,11,4,23,0,0,0,23
10/27/2012,OWB,KY,ASO,CE,Federal Contract Tower,2,3,10,0,15,0,1,22,0,23,2,4,32,0,38,32,0,32,70
10/28/2012,OWB,KY,ASO,CE,Federal Contract Tower,0,7,7,0,14,0,0,11,0,11,0,7,18,0,25,4,0,4,29
10/29/2012,OWB,KY,ASO,CE,Federal Contract Tower,2,4,9,5,20,0,0,7,11,18,2,4,16,16,38,0,8,8,46
10/30/2012,OWB,KY,ASO,CE,Federal Contract Tower,0,5,7,0,12,0,0,2,0,2,0,5,9,0,14,0,0,0,14
10/31/2012,OWB,KY,ASO,CE,Federal Contract Tower,2,5,8,1,16,0,1,5,1,7,2,6,13,2,23,20,0,20,43
11/01/2012,OWB,KY,ASO,CE,Federal Contract Tower,0,8,8,3,19,0,0,22,4,26,0,8,30,7,45,10,8,18,63
11/02/2012,OWB,KY,ASO,CE,Federal Contract Tower,2,3,10,0,15,0,1,12,0,13,2,4,22,0,28,0,0,0,28
11/03/2012,OWB,KY,ASO,CE,Federal Contract Tower,2,2,5,0,9,0,2,12,0,14,2,4,17,0,23,0,0,0,23
11/04/2012,OWB,KY,ASO,CE,Federal Contract Tower,0,6,2,0,8,0,0,29,0,29,0,6,31,0,37,10,0,10,47
11/05/2012,OWB,KY,ASO,CE,Federal Contract Tower,2,8,5,0,15,0,0,14,0,14,2,8,19,0,29,10,0,10,39
11/06/2012,OWB,KY,ASO,CE,Federal Contract Tower,0,7,11,0,18,0,0,9,0,9,0,7,20,0,27,12,0,12,39
11/07/2012,OWB,KY,ASO,CE,Federal Contract Tower,0,8,7,6,21,0,0,4,3,7,0,8,11,9,28,0,4,4,32
11/08/2012,OWB,KY,ASO,CE,Federal Contract Tower,0,7,14,9,30,0,5,18,11,34,0,12,32,20,64,6,4,10,74
11/09/2012,OWB,KY,ASO,CE,Federal Contract Tower,2,5,7,2,16,0,1,27,0,28,2,6,34,2,44,22,0,22,66
11/10/2012,OWB,KY,ASO,CE,Federal Contract Tower,2,3,5,2,12,0,1,32,0,33,2,4,37,2,45,28,0,28,73
11/11/2012,OWB,KY,ASO,CE,Federal Contract Tower,0,6,10,0,16,0,0,3,0,3,0,6,13,0,19,0,0,0,19
11/12/2012,OWB,KY,ASO,CE,Federal Contract Tower,0,5,7,0,12,0,1,4,0,5,0,6,11,0,17,6,0,6,23
11/13/2012,OWB,KY,ASO,CE,Federal Contract Tower,2,5,12,2,21,0,0,32,9,41,2,5,44,11,62,20,6,26,88
11/14/2012,OWB,KY,ASO,CE,Federal Contract Tower,0,9,3,8,20,0,5,16,0,21,0,14,19,8,41,12,2,14,55
11/15/2012,OWB,KY,ASO,CE,Federal Contract Tower,0,6,17,0,23,0,3,25,4,32,0,9,42,4,55,14,0,14,69
11/16/2012,OWB,KY,ASO,CE,Federal Contract Tower,2,5,10,0,17,0,0,20,2,22,2,5,30,2,39,0,0,0,39
11/17/2012,OWB,KY,ASO,CE,Federal Contract Tower,0,1,4,2,7,0,2,40,0,42,0,3,44,2,49,18,0,18,67
11/18/2012,OWB,KY,ASO,CE,Federal Contract Tower,0,7,6,0,13,0,1,31,0,32,0,8,37,0,45,8,0,8,53
11/19/2012,OWB,KY,ASO,CE,Federal Contract Tower,2,6,5,0,13,0,0,16,0,16,2,6,21,0,29,0,0,0,29
11/20/2012,OWB,KY,ASO,CE,Federal Contract Tower,2,4,16,8,30,0,0,25,10,35,2,4,41,18,65,20,4,24,89
11/21/2012,OWB,KY,ASO,CE,Federal Contract Tower,0,3,12,4,19,0,0,7,0,7,0,3,19,4,26,0,2,2,28
11/22/2012,OWB,KY,ASO,CE,Federal Contract Tower,2,4,2,0,8,0,2,18,0,20,2,6,20,0,28,0,0,0,28
11/23/2012,OWB,KY,ASO,CE,Federal Contract Tower,0,5,5,0,10,0,1,7,0,8,0,6,12,0,18,18,0,18,36
11/24/2012,OWB,KY,ASO,CE,Federal Contract Tower,2,3,7,0,12,0,1,28,0,29,2,4,35,0,41,8,0,8,49
11/25/2012,OWB,KY,ASO,CE,Federal Contract Tower,0,7,4,0,11,0,0,10,0,10,0,7,14,0,21,2,0,2,23
11/26/2012,OWB,KY,ASO,CE,Federal Contract Tower,2,6,14,11,33,0,0,4,3,7,2,6,18,14,40,0,14,14,54
11/27/2012,OWB,KY,ASO,CE,Federal Contract Tower,0,5,14,0,19,0,0,11,1,12,0,5,25,1,31,6,2,8,39
11/28/2012,OWB,KY,ASO,CE,Federal Contract Tower,0,4,4,0,8,0,0,13,0,13,0,4,17,0,21,4,0,4,25
11/29/2012,OWB,KY,ASO,CE,Federal Contract Tower,0,7,5,1,13,0,1,27,0,28,0,8,32,1,41,14,0,14,55
11/30/2012,OWB,KY,ASO,CE,Federal Contract Tower,2,5,7,0,14,0,2,18,0,20,2,7,25,0,34,6,0,6,40
12/01/2012,OWB,KY,ASO,CE,Federal Contract Tower,2,4,5,0,11,0,1,19,0,20,2,5,24,0,31,6,0,6,37
12/02/2012,OWB,KY,ASO,CE,Federal Contract Tower,0,9,8,0,17,0,0,0,0,0,0,9,8,0,17,0,0,0,17
12/03/2012,OWB,KY,ASO,CE,Federal Contract Tower,2,8,4,3,17,0,0,12,11,23,2,8,16,14,40,6,2,8,48
12/04/2012,OWB,KY,ASO,CE,Federal Contract Tower,2,6,10,2,20,0,0,0,0,0,2,6,10,2,20,0,0,0,20
12/05/2012,OWB,KY,ASO,CE,Federal Contract Tower,0,5,9,5,19,0,0,17,2,19,0,5,26,7,38,28,2,30,68
12/06/2012,OWB,KY,ASO,CE,Federal Contract Tower,0,6,13,4,23,0,0,11,0,11,0,6,24,4,34,0,0,0,34
12/07/2012,OWB,KY,ASO,CE,Federal Contract Tower,2,7,10,2,21,0,0,0,0,0,2,7,10,2,21,0,0,0,21
12/08/2012,OWB,KY,ASO,CE,Federal Contract Tower,0,4,6,0,10,0,0,9,0,9,0,4,15,0,19,0,0,0,19
12/09/2012,OWB,KY,ASO,CE,Federal Contract Tower,0,7,5,0,12,0,0,4,0,4,0,7,9,0,16,0,0,0,16
12/10/2012,OWB,KY,ASO,CE,Federal Contract Tower,2,5,5,3,15,0,0,0,0,0,2,5,5,3,15,0,0,0,15
12/11/2012,OWB,KY,ASO,CE,Federal Contract Tower,0,6,9,0,15,0,0,24,0,24,0,6,33,0,39,20,0,20,59
12/12/2012,OWB,KY,ASO,CE,Federal Contract Tower,0,4,18,3,25,0,0,22,6,28,0,4,40,9,53,20,0,20,73
12/13/2012,OWB,KY,ASO,CE,Federal Contract Tower,0,6,4,0,10,0,1,33,0,34,0,7,37,0,44,14,0,14,58
12/14/2012,OWB,KY,ASO,CE,Federal Contract Tower,2,6,7,0,15,0,0,0,0,0,2,6,7,0,15,6,0,6,21
12/15/2012,OWB,KY,ASO,CE,Federal Contract Tower,0,7,3,0,10,0,0,6,0,6,0,7,9,0,16,0,0,0,16
12/16/2012,OWB,KY,ASO,CE,Federal Contract Tower,0,8,7,0,15,0,0,16,0,16,0,8,23,0,31,4,0,4,35
12/17/2012,OWB,KY,ASO,CE,Federal Contract Tower,2,8,6,0,16,0,0,1,0,1,2,8,7,0,17,0,0,0,17
12/18/2012,OWB,KY,ASO,CE,Federal Contract Tower,0,6,10,2,18,0,0,17,0,17,0,6,27,2,35,50,0,50,85
12/19/2012,OWB,KY,ASO,CE,Federal Contract Tower,0,3,10,2,15,0,0,16,0,16,0,3,26,2,31,8,0,8,39
12/20/2012,OWB,KY,ASO,CE,Federal Contract Tower,0,0,0,0,0,0,0,0,0,0,0,0,0,0,0,0,0,0,0
12/21/2012,OWB,KY,ASO,CE,Federal Contract Tower,2,6,1,0,9,0,1,4,2,7,2,7,5,2,16,0,0,0,16
12/22/2012,OWB,KY,ASO,CE,Federal Contract Tower,0,5,6,0,11,0,0,23,0,23,0,5,29,0,34,4,0,4,38
12/23/2012,OWB,KY,ASO,CE,Federal Contract Tower,0,7,3,0,10,0,1,32,0,33,0,8,35,0,43,2,0,2,45
12/24/2012,OWB,KY,ASO,CE,Federal Contract Tower,2,6,1,0,9,0,0,0,0,0,2,6,1,0,9,0,0,0,9
12/25/2012,OWB,KY,ASO,CE,Federal Contract Tower,0,4,4,0,8,0,0,0,0,0,0,4,4,0,8,0,0,0,8
12/26/2012,OWB,KY,ASO,CE,Federal Contract Tower,0,3,1,0,4,0,0,0,0,0,0,3,1,0,4,0,0,0,4
12/27/2012,OWB,KY,ASO,CE,Federal Contract Tower,0,8,5,0,13,0,0,3,0,3,0,8,8,0,16,0,0,0,16
12/28/2012,OWB,KY,ASO,CE,Federal Contract Tower,2,5,8,2,17,0,0,4,1,5,2,5,12,3,22,0,12,12,34
12/29/2012,OWB,KY,ASO,CE,Federal Contract Tower,0,5,0,0,5,0,0,0,0,0,0,5,0,0,5,0,0,0,5
12/30/2012,OWB,KY,ASO,CE,Federal Contract Tower,0,9,4,0,13,0,1,30,0,31,0,10,34,0,44,32,0,32,76
12/31/2012,OWB,KY,ASO,CE,Federal Contract Tower,2,8,2,0,12,0,0,1,0,1,2,8,3,0,13,0,0,0,13
01/01/2013,OWB,KY,ASO,CE,Federal Contract Tower,0,7,9,0,16,0,1,0,0,1,0,8,9,0,17,0,0,0,17
01/02/2013,OWB,KY,ASO,CE,Federal Contract Tower,0,5,2,0,7,0,0,5,0,5,0,5,7,0,12,2,0,2,14
01/03/2013,OWB,KY,ASO,CE,Federal Contract Tower,0,8,5,0,13,0,1,1,0,2,0,9,6,0,15,0,0,0,15
01/04/2013,OWB,KY,ASO,CE,Federal Contract Tower,2,4,5,0,11,0,1,16,0,17,2,5,21,0,28,15,0,15,43
01/05/2013,OWB,KY,ASO,CE,Federal Contract Tower,0,6,1,0,7,0,0,14,0,14,0,6,15,0,21,2,0,2,23
01/06/2013,OWB,KY,ASO,CE,Federal Contract Tower,0,6,10,0,16,0,0,8,0,8,0,6,18,0,24,6,0,6,30
01/07/2013,OWB,KY,ASO,CE,Federal Contract Tower,2,5,4,1,12,0,0,13,1,14,2,5,17,2,26,0,0,0,26
01/08/2013,OWB,KY,ASO,CE,Federal Contract Tower,0,4,4,3,11,0,0,15,1,16,0,4,19,4,27,18,0,18,45
01/09/2013,OWB,KY,ASO,CE,Federal Contract Tower,0,6,13,2,21,0,0,5,0,5,0,6,18,2,26,6,0,6,32
01/10/2013,OWB,KY,ASO,CE,Federal Contract Tower,0,6,2,0,8,0,0,0,0,0,0,6,2,0,8,0,0,0,8
01/11/2013,OWB,KY,ASO,CE,Federal Contract Tower,2,5,6,4,17,0,1,18,0,19,2,6,24,4,36,18,4,22,58
01/12/2013,OWB,KY,ASO,CE,Federal Contract Tower,0,3,0,0,3,0,1,2,0,3,0,4,2,0,6,0,0,0,6
01/13/2013,OWB,KY,ASO,CE,Federal Contract Tower,0,8,2,0,10,0,0,0,0,0,0,8,2,0,10,0,0,0,10
01/14/2013,OWB,KY,ASO,CE,Federal Contract Tower,2,10,15,0,27,0,0,7,8,15,2,10,22,8,42,18,0,18,60
01/15/2013,OWB,KY,ASO,CE,Federal Contract Tower,0,5,15,0,20,0,0,3,0,3,0,5,18,0,23,0,0,0,23
01/16/2013,OWB,KY,ASO,CE,Federal Contract Tower,0,5,3,1,9,0,0,5,4,9,0,5,8,5,18,0,0,0,18
01/17/2013,OWB,KY,ASO,CE,Federal Contract Tower,0,8,4,7,19,0,0,0,5,5,0,8,4,12,24,0,6,6,30
01/18/2013,OWB,KY,ASO,CE,Federal Contract Tower,2,3,8,0,13,0,2,15,0,17,2,5,23,0,30,0,0,0,30
01/19/2013,OWB,KY,ASO,CE,Federal Contract Tower,0,6,4,0,10,0,1,19,3,23,0,7,23,3,33,6,0,6,39
01/20/2013,OWB,KY,ASO,CE,Federal Contract Tower,0,5,3,0,8,0,0,26,0,26,0,5,29,0,34,6,0,6,40
01/21/2013,OWB,KY,ASO,CE,Federal Contract Tower,2,6,4,0,12,0,0,6,0,6,2,6,10,0,18,0,0,0,18
01/22/2013,OWB,KY,ASO,CE,Federal Contract Tower,0,6,9,8,23,0,0,7,6,13,0,6,16,14,36,0,16,16,52
01/23/2013,OWB,KY,ASO,CE,Federal Contract Tower,0,4,2,6,12,0,0,4,3,7,0,4,6,9,19,0,14,14,33
01/24/2013,OWB,KY,ASO,CE,Federal Contract Tower,0,10,2,6,18,0,1,12,8,21,0,11,14,14,39,0,18,18,57
01/25/2013,OWB,KY,ASO,CE,Federal Contract Tower,2,7,7,0,16,0,0,3,0,3,2,7,10,0,19,0,0,0,19
01/26/2013,OWB,KY,ASO,CE,Federal Contract Tower,0,6,12,0,18,0,0,23,0,23,0,6,35,0,41,18,0,18,59
01/27/2013,OWB,KY,ASO,CE,Federal Contract Tower,0,7,4,0,11,0,0,0,0,0,0,7,4,0,11,0,0,0,11
01/28/2013,OWB,KY,ASO,CE,Federal Contract Tower,2,12,5,0,19,0,0,0,2,2,2,12,5,2,21,0,0,0,21
01/29/2013,OWB,KY,ASO,CE,Federal Contract Tower,0,7,2,0,9,0,0,1,0,1,0,7,3,0,10,0,0,0,10
01/30/2013,OWB,KY,ASO,CE,Federal Contract Tower,0,4,2,0,6,0,0,0,0,0,0,4,2,0,6,0,0,0,6
01/31/2013,OWB,KY,ASO,CE,Federal Contract Tower,0,6,5,2,13,0,0,1,0,1,0,6,6,2,14,0,0,0,14
02/01/2013,OWB,KY,ASO,CE,Federal Contract Tower,2,9,5,0,16,0,1,30,0,31,2,10,35,0,47,40,0,40,87
02/02/2013,OWB,KY,ASO,CE,Federal Contract Tower,0,3,0,0,3,0,0,0,0,0,0,3,0,0,3,14,0,14,17
02/03/2013,OWB,KY,ASO,CE,Federal Contract Tower,0,5,2,0,7,0,0,4,0,4,0,5,6,0,11,0,0,0,11
02/04/2013,OWB,KY,ASO,CE,Federal Contract Tower,2,8,6,2,18,0,0,9,0,9,2,8,15,2,27,0,0,0,27
02/05/2013,OWB,KY,ASO,CE,Federal Contract Tower,0,7,13,1,21,0,0,25,1,26,0,7,38,2,47,4,0,4,51
02/06/2013,OWB,KY,ASO,CE,Federal Contract Tower,0,4,8,3,15,0,0,22,1,23,0,4,30,4,38,6,0,6,44
02/07/2013,OWB,KY,ASO,CE,Federal Contract Tower,0,7,11,0,18,0,0,14,2,16,0,7,25,2,34,2,0,2,36
02/08/2013,OWB,KY,ASO,CE,Federal Contract Tower,2,9,8,2,21,0,0,7,0,7,2,9,15,2,28,40,0,40,68
02/09/2013,OWB,KY,ASO,CE,Federal Contract Tower,0,5,4,0,9,0,1,27,0,28,0,6,31,0,37,20,0,20,57
02/10/2013,OWB,KY,ASO,CE,Federal Contract Tower,0,4,2,0,6,0,0,0,0,0,0,4,2,0,6,0,0,0,6
02/11/2013,OWB,KY,ASO,CE,Federal Contract Tower,2,8,7,5,22,0,0,16,1,17,2,8,23,6,39,32,2,34,73
02/12/2013,OWB,KY,ASO,CE,Federal Contract Tower,0,4,11,0,15,0,0,16,0,16,0,4,27,0,31,2,0,2,33
02/13/2013,OWB,KY,ASO,CE,Federal Contract Tower,0,8,3,0,11,0,0,2,0,2,0,8,5,0,13,24,0,24,37
02/14/2013,OWB,KY,ASO,CE,Federal Contract Tower,0,7,9,4,20,0,0,17,2,19,0,7,26,6,39,28,2,30,69
02/15/2013,OWB,KY,ASO,CE,Federal Contract Tower,2,6,8,0,16,0,0,7,0,7,2,6,15,0,23,2,0,2,25
02/16/2013,OWB,KY,ASO,CE,Federal Contract Tower,0,6,11,0,17,0,0,19,0,19,0,6,30,0,36,2,0,2,38
02/17/2013,OWB,KY,ASO,CE,Federal Contract Tower,0,4,8,0,12,0,1,12,0,13,0,5,20,0,25,14,0,14,39
02/18/2013,OWB,KY,ASO,CE,Federal Contract Tower,2,7,2,0,11,0,0,7,0,7,2,7,9,0,18,0,0,0,18
02/19/2013,OWB,KY,ASO,CE,Federal Contract Tower,0,4,2,2,8,0,0,7,2,9,0,4,9,4,17,2,0,2,19
02/20/2013,OWB,KY,ASO,CE,Federal Contract Tower,0,4,14,1,19,0,0,6,5,11,0,4,20,6,30,14,0,14,44
02/21/2013,OWB,KY,ASO,CE,Federal Contract Tower,0,2,6,7,15,0,0,0,2,2,0,2,6,9,17,0,0,0,17
02/22/2013,OWB,KY,ASO,CE,Federal Contract Tower,2,4,5,0,11,0,0,5,4,9,2,4,10,4,20,0,2,2,22
02/23/2013,OWB,KY,ASO,CE,Federal Contract Tower,0,5,7,0,12,0,0,29,0,29,0,5,36,0,41,28,0,28,69
02/24/2013,OWB,KY,ASO,CE,Federal Contract Tower,0,4,9,2,15,0,3,44,0,47,0,7,53,2,62,28,0,28,90
02/25/2013,OWB,KY,ASO,CE,Federal Contract Tower,2,7,5,0,14,0,0,1,0,1,2,7,6,0,15,0,0,0,15
02/26/2013,OWB,KY,ASO,CE,Federal Contract Tower,0,5,9,0,14,0,0,7,0,7,0,5,16,0,21,8,0,8,29
02/27/2013,OWB,KY,ASO,CE,Federal Contract Tower,0,8,3,0,11,0,0,0,0,0,0,8,3,0,11,6,0,6,17
02/28/2013,OWB,KY,ASO,CE,Federal Contract Tower,0,6,4,2,12,0,0,0,2,2,0,6,4,4,14,0,0,0,14
03/01/2013,OWB,KY,ASO,CE,Federal Contract Tower,2,7,0,0,9,0,0,0,0,0,2,7,0,0,9,0,0,0,9
03/02/2013,OWB,KY,ASO,CE,Federal Contract Tower,0,4,4,0,8,0,0,4,1,5,0,4,8,1,13,4,0,4,17
03/03/2013,OWB,KY,ASO,CE,Federal Contract Tower,0,6,12,0,18,0,0,58,0,58,0,6,70,0,76,42,0,42,118
03/04/2013,OWB,KY,ASO,CE,Federal Contract Tower,2,7,5,0,14,0,0,5,0,5,2,7,10,0,19,2,0,2,21
03/05/2013,OWB,KY,ASO,CE,Federal Contract Tower,0,4,5,0,9,0,0,0,0,0,0,4,5,0,9,0,0,0,9
03/06/2013,OWB,KY,ASO,CE,Federal Contract Tower,0,8,21,6,35,0,0,2,13,15,0,8,23,19,50,0,18,18,68
03/07/2013,OWB,KY,ASO,CE,Federal Contract Tower,0,7,16,0,23,0,0,7,0,7,0,7,23,0,30,0,0,0,30
03/08/2013,OWB,KY,ASO,CE,Federal Contract Tower,2,9,10,0,21,0,0,61,0,61,2,9,71,0,82,16,0,16,98
03/09/2013,OWB,KY,ASO,CE,Federal Contract Tower,0,6,10,0,16,0,0,99,0,99,0,6,109,0,115,46,0,46,161
03/10/2013,OWB,KY,ASO,CE,Federal Contract Tower,0,8,4,0,12,0,0,0,0,0,0,8,4,0,12,0,0,0,12
03/11/2013,OWB,KY,ASO,CE,Federal Contract Tower,2,8,2,2,14,0,0,3,0,3,2,8,5,2,17,0,0,0,17
03/12/2013,OWB,KY,ASO,CE,Federal Contract Tower,0,7,18,6,31,0,0,48,0,48,0,7,66,6,79,0,0,0,79
03/13/2013,OWB,KY,ASO,CE,Federal Contract Tower,0,6,11,0,17,0,0,5,0,5,0,6,16,0,22,0,0,0,22
03/14/2013,OWB,KY,ASO,CE,Federal Contract Tower,0,8,28,2,38,0,0,30,2,32,0,8,58,4,70,20,0,20,90
03/15/2013,OWB,KY,ASO,CE,Federal Contract Tower,2,8,17,6,33,0,0,30,2,32,2,8,47,8,65,28,6,34,99
03/16/2013,OWB,KY,ASO,CE,Federal Contract Tower,0,5,12,0,17,0,0,23,0,23,0,5,35,0,40,8,0,8,48
03/17/2013,OWB,KY,ASO,CE,Federal Contract Tower,0,9,2,0,11,0,0,0,0,0,0,9,2,0,11,0,0,0,11
03/18/2013,OWB,KY,ASO,CE,Federal Contract Tower,2,6,8,0,16,0,0,8,0,8,2,6,16,0,24,0,0,0,24
03/19/2013,OWB,KY,ASO,CE,Federal Contract Tower,0,4,11,7,22,0,0,33,12,45,0,4,44,19,67,4,2,6,73
03/20/2013,OWB,KY,ASO,CE,Federal Contract Tower,0,5,7,2,14,0,0,7,0,7,0,5,14,2,21,8,0,8,29
03/21/2013,OWB,KY,ASO,CE,Federal Contract Tower,0,5,13,2,20,0,0,74,2,76,0,5,87,4,96,20,0,20,116
03/22/2013,OWB,KY,ASO,CE,Federal Contract Tower,2,4,20,0,26,0,0,26,0,26,2,4,46,0,52,2,0,2,54
03/23/2013,OWB,KY,ASO,CE,Federal Contract Tower,0,4,19,0,23,0,0,19,0,19,0,4,38,0,42,6,0,6,48
03/24/2013,OWB,KY,ASO,CE,Federal Contract Tower,0,0,3,0,3,0,0,0,0,0,0,0,3,0,3,0,0,0,3
03/25/2013,OWB,KY,ASO,CE,Federal Contract Tower,2,6,3,2,13,0,0,0,0,0,2,6,3,2,13,0,0,0,13
03/26/2013,OWB,KY,ASO,CE,Federal Contract Tower,0,4,8,0,12,0,0,3,0,3,0,4,11,0,15,10,0,10,25
03/27/2013,OWB,KY,ASO,CE,Federal Contract Tower,0,8,12,1,21,0,0,18,1,19,0,8,30,2,40,14,0,14,54
03/28/2013,OWB,KY,ASO,CE,Federal Contract Tower,0,7,9,2,18,0,0,43,0,43,0,7,52,2,61,22,0,22,83
03/29/2013,OWB,KY,ASO,CE,Federal Contract Tower,2,8,9,0,19,0,0,8,0,8,2,8,17,0,27,0,0,0,27
03/30/2013,OWB,KY,ASO,CE,Federal Contract Tower,0,8,15,0,23,0,0,6,0,6,0,8,21,0,29,10,0,10,39
03/31/2013,OWB,KY,ASO,CE,Federal Contract Tower,0,10,6,0,16,0,0,1,0,1,0,10,7,0,17,4,0,4,21
04/01/2013,OWB,KY,ASO,CE,Federal Contract Tower,2,6,4,0,12,0,0,22,2,24,2,6,26,2,36,24,10,34,70
04/02/2013,OWB,KY,ASO,CE,Federal Contract Tower,0,3,11,0,14,0,0,27,0,27,0,3,38,0,41,42,0,42,83
04/03/2013,OWB,KY,ASO,CE,Federal Contract Tower,0,3,8,0,11,0,0,53,0,53,0,3,61,0,64,6,0,6,70
04/04/2013,OWB,KY,ASO,CE,Federal Contract Tower,0,11,8,9,28,0,0,29,0,29,0,11,37,9,57,0,14,14,71
04/05/2013,OWB,KY,ASO,CE,Federal Contract Tower,2,5,6,2,15,0,1,47,0,48,2,6,53,2,63,8,0,8,71
04/06/2013,OWB,KY,ASO,CE,Federal Contract Tower,0,4,8,1,13,0,0,29,1,30,0,4,37,2,43,0,0,0,43
04/07/2013,OWB,KY,ASO,CE,Federal Contract Tower,0,7,5,0,12,0,0,16,0,16,0,7,21,0,28,24,0,24,52
04/08/2013,OWB,KY,ASO,CE,Federal Contract Tower,2,5,5,4,16,0,3,5,0,8,2,8,10,4,24,0,2,2,26
04/09/2013,OWB,KY,ASO,CE,Federal Contract Tower,0,7,6,6,19,0,11,3,0,14,0,18,9,6,33,2,10,12,45
04/10/2013,OWB,KY,ASO,CE,Federal Contract Tower,0,4,4,0,8,0,0,7,0,7,0,4,11,0,15,4,0,4,19
04/11/2013,OWB,KY,ASO,CE,Federal Contract Tower,0,10,4,0,14,0,0,0,0,0,0,10,4,0,14,0,0,0,14
04/12/2013,OWB,KY,ASO,CE,Federal Contract Tower,2,5,9,0,16,0,0,26,6,32,2,5,35,6,48,6,0,6,54
04/13/2013,OWB,KY,ASO,CE,Federal Contract Tower,0,4,10,0,14,0,0,44,0,44,0,4,54,0,58,28,0,28,86
04/14/2013,OWB,KY,ASO,CE,Federal Contract Tower,2,7,1,0,10,0,0,38,2,40,2,7,39,2,50,22,0,22,72
04/15/2013,OWB,KY,ASO,CE,Federal Contract Tower,2,6,7,8,23,0,0,13,0,13,2,6,20,8,36,26,16,42,78
04/16/2013,OWB,KY,ASO,CE,Federal Contract Tower,0,6,13,4,23,0,0,1,2,3,0,6,14,6,26,0,4,4,30
04/17/2013,OWB,KY,ASO,CE,Federal Contract Tower,0,4,8,4,16,0,0,9,1,10,0,4,17,5,26,2,6,8,34
04/18/2013,OWB,KY,ASO,CE,Federal Contract Tower,0,1,1,0,2,0,0,1,0,1,0,1,2,0,3,0,4,4,7
04/19/2013,OWB,KY,ASO,CE,Federal Contract Tower,2,8,4,2,16,0,0,16,0,16,2,8,20,2,32,54,0,54,86
04/20/2013,OWB,KY,ASO,CE,Federal Contract Tower,0,7,11,0,18,0,0,50,0,50,0,7,61,0,68,10,0,10,78
04/21/2013,OWB,KY,ASO,CE,Federal Contract Tower,0,6,18,0,24,0,0,73,0,73,0,6,91,0,97,54,0,54,151
04/22/2013,OWB,KY,ASO,CE,Federal Contract Tower,2,9,1,1,13,0,0,23,4,27,2,9,24,5,40,28,0,28,68
04/23/2013,OWB,KY,ASO,CE,Federal Contract Tower,0,8,6,0,14,0,1,9,0,10,0,9,15,0,24,0,0,0,24
04/24/2013,OWB,KY,ASO,CE,Federal Contract Tower,0,4,5,2,11,0,0,3,0,3,0,4,8,2,14,0,0,0,14
04/25/2013,OWB,KY,ASO,CE,Federal Contract Tower,0,5,11,0,16,0,2,26,0,28,0,7,37,0,44,22,0,22,66
04/26/2013,OWB,KY,ASO,CE,Federal Contract Tower,2,7,5,3,17,0,0,9,1,10,2,7,14,4,27,6,0,6,33
04/27/2013,OWB,KY,ASO,CE,Federal Contract Tower,0,4,11,0,15,0,0,0,0,0,0,4,11,0,15,0,0,0,15
04/28/2013,OWB,KY,ASO,CE,Federal Contract Tower,0,6,11,0,17,0,0,0,0,0,0,6,11,0,17,0,0,0,17
04/29/2013,OWB,KY,ASO,CE,Federal Contract Tower,2,5,15,2,24,0,0,26,0,26,2,5,41,2,50,42,0,42,92
04/30/2013,OWB,KY,ASO,CE,Federal Contract Tower,0,6,16,2,24,0,0,39,3,42,0,6,55,5,66,6,18,24,90
05/01/2013,OWB,KY,ASO,CE,Federal Contract Tower,0,4,7,3,14,0,0,16,3,19,0,4,23,6,33,12,0,12,45
05/02/2013,OWB,KY,ASO,CE,Federal Contract Tower,0,8,11,2,21,0,0,7,2,9,0,8,18,4,30,2,0,2,32
05/03/2013,OWB,KY,ASO,CE,Federal Contract Tower,2,4,3,1,10,0,0,6,1,7,2,4,9,2,17,4,0,4,21
05/04/2013,OWB,KY,ASO,CE,Federal Contract Tower,0,6,4,0,10,0,0,0,0,0,0,6,4,0,10,0,0,0,10
05/05/2013,OWB,KY,ASO,CE,Federal Contract Tower,0,8,12,0,20,0,0,1,0,1,0,8,13,0,21,0,0,0,21
05/06/2013,OWB,KY,ASO,CE,Federal Contract Tower,2,6,18,3,29,0,0,8,0,8,2,6,26,3,37,2,0,2,39
05/07/2013,OWB,KY,ASO,CE,Federal Contract Tower,0,6,13,0,19,0,0,16,0,16,0,6,29,0,35,4,0,4,39
05/08/2013,OWB,KY,ASO,CE,Federal Contract Tower,0,4,7,4,15,0,0,16,1,17,0,4,23,5,32,20,4,24,56
05/09/2013,OWB,KY,ASO,CE,Federal Contract Tower,0,8,18,0,26,0,0,10,2,12,0,8,28,2,38,4,0,4,42
05/10/2013,OWB,KY,ASO,CE,Federal Contract Tower,2,6,11,0,19,0,0,2,0,2,2,6,13,0,21,0,0,0,21
05/11/2013,OWB,KY,ASO,CE,Federal Contract Tower,0,4,21,0,25,0,0,2,0,2,0,4,23,0,27,0,0,0,27
05/12/2013,OWB,KY,ASO,CE,Federal Contract Tower,0,6,4,0,10,0,0,19,0,19,0,6,23,0,29,34,0,34,63
05/13/2013,OWB,KY,ASO,CE,Federal Contract Tower,2,6,17,0,25,0,0,32,0,32,2,6,49,0,57,4,0,4,61
05/14/2013,OWB,KY,ASO,CE,Federal Contract Tower,0,7,16,0,23,0,2,5,0,7,0,9,21,0,30,18,0,18,48
05/15/2013,OWB,KY,ASO,CE,Federal Contract Tower,0,6,18,3,27,0,0,7,1,8,0,6,25,4,35,4,0,4,39
05/16/2013,OWB,KY,ASO,CE,Federal Contract Tower,0,6,15,0,21,0,0,12,4,16,0,6,27,4,37,4,2,6,43
05/17/2013,OWB,KY,ASO,CE,Federal Contract Tower,2,7,12,0,21,0,0,11,0,11,2,7,23,0,32,0,0,0,32
05/18/2013,OWB,KY,ASO,CE,Federal Contract Tower,0,6,8,0,14,0,0,10,0,10,0,6,18,0,24,23,0,23,47
05/19/2013,OWB,KY,ASO,CE,Federal Contract Tower,0,5,4,2,11,0,0,6,4,10,0,5,10,6,21,0,6,6,27
05/20/2013,OWB,KY,ASO,CE,Federal Contract Tower,2,7,23,0,32,0,0,10,0,10,2,7,33,0,42,0,0,0,42
05/21/2013,OWB,KY,ASO,CE,Federal Contract Tower,0,4,11,0,15,0,0,5,0,5,0,4,16,0,20,0,0,0,20
05/22/2013,OWB,KY,ASO,CE,Federal Contract Tower,2,5,17,1,25,0,0,4,1,5,2,5,21,2,30,22,0,22,52
05/23/2013,OWB,KY,ASO,CE,Federal Contract Tower,0,9,15,4,28,0,0,13,2,15,0,9,28,6,43,0,0,0,43
05/24/2013,OWB,KY,ASO,CE,Federal Contract Tower,2,6,15,0,23,0,0,32,8,40,2,6,47,8,63,24,0,24,87
05/25/2013,OWB,KY,ASO,CE,Federal Contract Tower,0,8,19,0,27,0,0,44,0,44,0,8,63,0,71,24,0,24,95
05/26/2013,OWB,KY,ASO,CE,Federal Contract Tower,0,6,11,0,17,0,0,17,0,17,0,6,28,0,34,2,0,2,36
05/27/2013,OWB,KY,ASO,CE,Federal Contract Tower,2,6,5,0,13,0,0,10,0,10,2,6,15,0,23,0,0,0,23
05/28/2013,OWB,KY,ASO,CE,Federal Contract Tower,2,6,12,4,24,0,0,16,7,23,2,6,28,11,47,2,6,8,55
05/29/2013,OWB,KY,ASO,CE,Federal Contract Tower,0,4,15,2,21,0,0,13,0,13,0,4,28,2,34,4,0,4,38
05/30/2013,OWB,KY,ASO,CE,Federal Contract Tower,0,4,18,4,26,0,0,22,0,22,0,4,40,4,48,10,6,16,64
05/31/2013,OWB,KY,ASO,CE,Federal Contract Tower,2,7,12,0,21,0,0,0,0,0,2,7,12,0,21,0,0,0,21
06/01/2013,OWB,KY,ASO,CE,Federal Contract Tower,0,6,2,0,8,0,1,8,0,9,0,7,10,0,17,0,0,0,17
06/02/2013,OWB,KY,ASO,CE,Federal Contract Tower,0,6,16,0,22,0,0,16,0,16,0,6,32,0,38,6,0,6,44
06/03/2013,OWB,KY,ASO,CE,Federal Contract Tower,1,11,6,0,18,0,0,13,0,13,1,11,19,0,31,24,0,24,55
06/04/2013,OWB,KY,ASO,CE,Federal Contract Tower,0,8,14,3,25,0,0,33,4,37,0,8,47,7,62,30,0,30,92
06/05/2013,OWB,KY,ASO,CE,Federal Contract Tower,2,4,25,5,36,0,0,23,1,24,2,4,48,6,60,42,12,54,114
06/06/2013,OWB,KY,ASO,CE,Federal Contract Tower,0,7,23,5,35,0,3,15,1,19,0,10,38,6,54,4,0,4,58
06/07/2013,OWB,KY,ASO,CE,Federal Contract Tower,2,8,16,1,27,0,0,42,0,42,2,8,58,1,69,8,0,8,77
06/08/2013,OWB,KY,ASO,CE,Federal Contract Tower,0,11,13,0,24,0,0,111,0,111,0,11,124,0,135,72,0,72,207
06/09/2013,OWB,KY,ASO,CE,Federal Contract Tower,0,5,6,0,11,0,0,16,0,16,0,5,22,0,27,4,0,4,31
06/10/2013,OWB,KY,ASO,CE,Federal Contract Tower,2,8,10,2,22,0,0,0,0,0,2,8,10,2,22,0,4,4,26
06/11/2013,OWB,KY,ASO,CE,Federal Contract Tower,0,5,11,1,17,0,0,51,1,52,0,5,62,2,69,64,0,64,133
06/12/2013,OWB,KY,ASO,CE,Federal Contract Tower,2,7,7,3,19,0,0,10,1,11,2,7,17,4,30,32,0,32,62
06/13/2013,OWB,KY,ASO,CE,Federal Contract Tower,0,8,8,0,16,0,0,1,2,3,0,8,9,2,19,8,0,8,27
06/14/2013,OWB,KY,ASO,CE,Federal Contract Tower,2,9,15,0,26,0,0,35,0,35,2,9,50,0,61,30,0,30,91
06/15/2013,OWB,KY,ASO,CE,Federal Contract Tower,0,7,10,1,18,0,0,46,0,46,0,7,56,1,64,2,0,2,66
06/16/2013,OWB,KY,ASO,CE,Federal Contract Tower,0,6,2,0,8,0,0,12,0,12,0,6,14,0,20,0,0,0,20
06/17/2013,OWB,KY,ASO,CE,Federal Contract Tower,2,5,3,0,10,0,0,11,0,11,2,5,14,0,21,6,0,6,27
06/18/2013,OWB,KY,ASO,CE,Federal Contract Tower,0,4,3,9,16,0,2,22,2,26,0,6,25,11,42,24,0,24,66
06/19/2013,OWB,KY,ASO,CE,Federal Contract Tower,2,9,14,4,29,0,2,25,2,29,2,11,39,6,58,16,8,24,82
06/20/2013,OWB,KY,ASO,CE,Federal Contract Tower,0,9,15,2,26,0,0,22,2,24,0,9,37,4,50,24,0,24,74
06/21/2013,OWB,KY,ASO,CE,Federal Contract Tower,2,6,16,0,24,0,0,25,0,25,2,6,41,0,49,6,0,6,55
06/22/2013,OWB,KY,ASO,CE,Federal Contract Tower,0,3,7,0,10,0,0,28,0,28,0,3,35,0,38,14,0,14,52
06/23/2013,OWB,KY,ASO,CE,Federal Contract Tower,0,9,5,0,14,0,0,18,0,18,0,9,23,0,32,24,0,24,56
06/24/2013,OWB,KY,ASO,CE,Federal Contract Tower,2,6,6,0,14,0,0,4,4,8,2,6,10,4,22,2,0,2,24
06/25/2013,OWB,KY,ASO,CE,Federal Contract Tower,0,11,8,0,19,0,0,19,0,19,0,11,27,0,38,4,0,4,42
06/26/2013,OWB,KY,ASO,CE,Federal Contract Tower,2,4,11,0,17,0,0,11,0,11,2,4,22,0,28,0,0,0,28
06/27/2013,OWB,KY,ASO,CE,Federal Contract Tower,0,7,10,5,22,0,0,9,5,14,0,7,19,10,36,0,4,4,40
06/28/2013,OWB,KY,ASO,CE,Federal Contract Tower,3,5,15,4,27,0,3,8,3,14,3,8,23,7,41,0,0,0,41
06/29/2013,OWB,KY,ASO,CE,Federal Contract Tower,0,4,4,0,8,0,0,23,0,23,0,4,27,0,31,4,0,4,35
06/30/2013,OWB,KY,ASO,CE,Federal Contract Tower,0,5,8,0,13,0,1,11,2,14,0,6,19,2,27,2,0,2,29
07/01/2013,OWB,KY,ASO,CE,Federal Contract Tower,2,10,5,0,17,0,0,0,0,0,2,10,5,0,17,0,0,0,17
07/02/2013,OWB,KY,ASO,CE,Federal Contract Tower,0,6,5,0,11,0,0,6,0,6,0,6,11,0,17,0,0,0,17
07/03/2013,OWB,KY,ASO,CE,Federal Contract Tower,2,4,17,0,23,0,0,21,1,22,2,4,38,1,45,14,10,24,69
07/04/2013,OWB,KY,ASO,CE,Federal Contract Tower,0,6,9,0,15,0,0,1,0,1,0,6,10,0,16,0,0,0,16
07/05/2013,OWB,KY,ASO,CE,Federal Contract Tower,2,6,5,0,13,0,0,14,0,14,2,6,19,0,27,28,0,28,55
07/06/2013,OWB,KY,ASO,CE,Federal Contract Tower,0,4,6,0,10,0,0,8,0,8,0,4,14,0,18,8,0,8,26
07/07/2013,OWB,KY,ASO,CE,Federal Contract Tower,0,8,8,0,16,0,0,17,0,17,0,8,25,0,33,0,0,0,33
07/08/2013,OWB,KY,ASO,CE,Federal Contract Tower,2,6,13,4,25,0,0,25,0,25,2,6,38,4,50,18,4,22,72
07/09/2013,OWB,KY,ASO,CE,Federal Contract Tower,0,4,15,0,19,0,0,10,2,12,0,4,25,2,31,4,0,4,35
07/10/2013,OWB,KY,ASO,CE,Federal Contract Tower,2,5,4,2,13,0,0,2,0,2,2,5,6,2,15,0,0,0,15
07/11/2013,OWB,KY,ASO,CE,Federal Contract Tower,0,10,21,2,33,0,0,23,1,24,0,10,44,3,57,12,4,16,73
07/12/2013,OWB,KY,ASO,CE,Federal Contract Tower,2,14,19,0,35,0,2,19,0,21,2,16,38,0,56,8,0,8,64
07/13/2013,OWB,KY,ASO,CE,Federal Contract Tower,0,4,6,0,10,0,0,34,2,36,0,4,40,2,46,26,0,26,72
07/14/2013,OWB,KY,ASO,CE,Federal Contract Tower,0,6,3,0,9,0,2,17,0,19,0,8,20,0,28,12,0,12,40
07/15/2013,OWB,KY,ASO,CE,Federal Contract Tower,2,7,10,0,19,0,0,18,0,18,2,7,28,0,37,20,0,20,57
07/16/2013,OWB,KY,ASO,CE,Federal Contract Tower,0,7,15,6,28,0,0,30,2,32,0,7,45,8,60,8,6,14,74
07/17/2013,OWB,KY,ASO,CE,Federal Contract Tower,2,4,3,3,12,0,0,19,3,22,2,4,22,6,34,8,0,8,42
07/18/2013,OWB,KY,ASO,CE,Federal Contract Tower,0,12,13,1,26,0,1,15,1,17,0,13,28,2,43,2,0,2,45
07/19/2013,OWB,KY,ASO,CE,Federal Contract Tower,2,7,13,3,25,0,0,14,3,17,2,7,27,6,42,8,8,16,58
07/20/2013,OWB,KY,ASO,CE,Federal Contract Tower,0,5,1,0,6,0,0,46,0,46,0,5,47,0,52,8,0,8,60
07/21/2013,OWB,KY,ASO,CE,Federal Contract Tower,0,6,2,0,8,0,0,7,0,7,0,6,9,0,15,6,0,6,21
07/22/2013,OWB,KY,ASO,CE,Federal Contract Tower,2,9,9,4,24,0,0,3,0,3,2,9,12,4,27,26,0,26,53
07/23/2013,OWB,KY,ASO,CE,Federal Contract Tower,0,6,9,5,20,0,0,6,1,7,0,6,15,6,27,4,10,14,41
07/24/2013,OWB,KY,ASO,CE,Federal Contract Tower,2,4,8,6,20,0,0,25,0,25,2,4,33,6,45,18,18,36,81
07/25/2013,OWB,KY,ASO,CE,Federal Contract Tower,0,11,15,4,30,0,0,20,2,22,0,11,35,6,52,22,20,42,94
07/26/2013,OWB,KY,ASO,CE,Federal Contract Tower,2,6,3,0,11,0,0,31,0,31,2,6,34,0,42,4,0,4,46
07/27/2013,OWB,KY,ASO,CE,Federal Contract Tower,0,4,4,0,8,0,0,10,0,10,0,4,14,0,18,0,0,0,18
07/28/2013,OWB,KY,ASO,CE,Federal Contract Tower,0,9,5,0,14,0,0,25,0,25,0,9,30,0,39,2,0,2,41
07/29/2013,OWB,KY,ASO,CE,Federal Contract Tower,2,5,7,1,15,0,1,9,1,11,2,6,16,2,26,10,0,10,36
07/30/2013,OWB,KY,ASO,CE,Federal Contract Tower,0,4,8,2,14,0,0,6,6,12,0,4,14,8,26,0,0,0,26
07/31/2013,OWB,KY,ASO,CE,Federal Contract Tower,2,8,16,2,28,0,0,1,0,1,2,8,17,2,29,0,0,0,29
08/01/2013,OWB,KY,ASO,CE,Federal Contract Tower,0,11,8,6,25,0,0,17,4,21,0,11,25,10,46,6,18,24,70
08/02/2013,OWB,KY,ASO,CE,Federal Contract Tower,2,7,8,0,17,0,0,13,0,13,2,7,21,0,30,8,0,8,38
08/03/2013,OWB,KY,ASO,CE,Federal Contract Tower,0,5,2,0,7,0,0,2,0,2,0,5,4,0,9,4,0,4,13
08/04/2013,OWB,KY,ASO,CE,Federal Contract Tower,0,5,4,0,9,0,1,23,0,24,0,6,27,0,33,20,0,20,53
08/05/2013,OWB,KY,ASO,CE,Federal Contract Tower,2,8,4,4,18,0,0,21,0,21,2,8,25,4,39,0,0,0,39
08/06/2013,OWB,KY,ASO,CE,Federal Contract Tower,0,6,5,0,11,0,0,10,0,10,0,6,15,0,21,0,2,2,23
08/07/2013,OWB,KY,ASO,CE,Federal Contract Tower,2,6,17,3,28,0,0,6,1,7,2,6,23,4,35,20,0,20,55
08/08/2013,OWB,KY,ASO,CE,Federal Contract Tower,0,8,6,2,16,0,0,0,2,2,0,8,6,4,18,0,0,0,18
08/09/2013,OWB,KY,ASO,CE,Federal Contract Tower,2,6,16,2,26,0,5,2,0,7,2,11,18,2,33,0,0,0,33
08/10/2013,OWB,KY,ASO,CE,Federal Contract Tower,0,2,22,0,24,0,2,7,1,10,0,4,29,1,34,0,0,0,34
08/11/2013,OWB,KY,ASO,CE,Federal Contract Tower,0,5,11,3,19,0,0,21,0,21,0,5,32,3,40,6,0,6,46
08/12/2013,OWB,KY,ASO,CE,Federal Contract Tower,2,7,4,0,13,0,0,3,0,3,2,7,7,0,16,0,0,0,16
08/13/2013,OWB,KY,ASO,CE,Federal Contract Tower,0,6,2,18,26,0,0,5,3,8,0,6,7,21,34,20,18,38,72
08/14/2013,OWB,KY,ASO,CE,Federal Contract Tower,0,5,9,0,14,0,1,16,4,21,0,6,25,4,35,10,2,12,47
08/15/2013,OWB,KY,ASO,CE,Federal Contract Tower,2,8,6,0,16,0,0,12,0,12,2,8,18,0,28,18,0,18,46
08/16/2013,OWB,KY,ASO,CE,Federal Contract Tower,0,6,7,2,15,0,2,14,0,16,0,8,21,2,31,4,0,4,35
08/17/2013,OWB,KY,ASO,CE,Federal Contract Tower,0,4,2,0,6,0,0,11,0,11,0,4,13,0,17,12,0,12,29
08/18/2013,OWB,KY,ASO,CE,Federal Contract Tower,2,7,11,0,20,0,0,15,0,15,2,7,26,0,35,36,0,36,71
08/19/2013,OWB,KY,ASO,CE,Federal Contract Tower,0,6,15,4,25,0,0,16,2,18,0,6,31,6,43,10,0,10,53
08/20/2013,OWB,KY,ASO,CE,Federal Contract Tower,0,5,7,9,21,0,0,9,3,12,0,5,16,12,33,0,0,0,33
08/21/2013,OWB,KY,ASO,CE,Federal Contract Tower,0,3,9,1,13,0,1,5,3,9,0,4,14,4,22,0,0,0,22
08/22/2013,OWB,KY,ASO,CE,Federal Contract Tower,2,7,15,13,37,0,0,16,8,24,2,7,31,21,61,28,36,64,125
08/23/2013,OWB,KY,ASO,CE,Federal Contract Tower,0,5,5,3,13,0,0,17,2,19,0,5,22,5,32,8,2,10,42
08/24/2013,OWB,KY,ASO,CE,Federal Contract Tower,0,4,2,0,6,0,0,40,0,40,0,4,42,0,46,6,0,6,52
08/25/2013,OWB,KY,ASO,CE,Federal Contract Tower,2,8,9,0,19,0,0,59,0,59,2,8,68,0,78,26,0,26,104
08/26/2013,OWB,KY,ASO,CE,Federal Contract Tower,0,10,17,9,36,0,0,15,1,16,0,10,32,10,52,2,0,2,54
08/27/2013,OWB,KY,ASO,CE,Federal Contract Tower,0,6,4,6,16,0,0,14,9,23,0,6,18,15,39,24,8,32,71
08/28/2013,OWB,KY,ASO,CE,Federal Contract Tower,0,7,8,6,21,0,0,9,6,15,0,7,17,12,36,14,10,24,60
08/29/2013,OWB,KY,ASO,CE,Federal Contract Tower,2,17,8,4,31,0,0,9,0,9,2,17,17,4,40,0,0,0,40
08/30/2013,OWB,KY,ASO,CE,Federal Contract Tower,0,10,9,0,19,0,0,20,0,20,0,10,29,0,39,2,0,2,41
08/31/2013,OWB,KY,ASO,CE,Federal Contract Tower,0,4,6,0,10,0,0,14,0,14,0,4,20,0,24,0,0,0,24
09/01/2013,OWB,KY,ASO,CE,Federal Contract Tower,2,6,3,0,11,0,0,11,0,11,2,6,14,0,22,14,0,14,36
09/02/2013,OWB,KY,ASO,CE,Federal Contract Tower,0,6,3,0,9,0,0,11,1,12,0,6,14,1,21,0,0,0,21
09/03/2013,OWB,KY,ASO,CE,Federal Contract Tower,0,6,11,0,17,0,0,11,2,13,0,6,22,2,30,0,0,0,30
09/04/2013,OWB,KY,ASO,CE,Federal Contract Tower,0,5,5,6,16,0,0,12,2,14,0,5,17,8,30,0,6,6,36
09/05/2013,OWB,KY,ASO,CE,Federal Contract Tower,2,7,8,7,24,0,0,21,7,28,2,7,29,14,52,0,0,0,52
09/06/2013,OWB,KY,ASO,CE,Federal Contract Tower,0,7,9,0,16,0,0,18,0,18,0,7,27,0,34,16,0,16,50
09/07/2013,OWB,KY,ASO,CE,Federal Contract Tower,0,4,4,0,8,0,0,16,0,16,0,4,20,0,24,0,0,0,24
09/08/2013,OWB,KY,ASO,CE,Federal Contract Tower,2,9,4,0,15,0,0,18,0,18,2,9,22,0,33,6,0,6,39
09/09/2013,OWB,KY,ASO,CE,Federal Contract Tower,0,7,19,3,29,0,0,10,6,16,0,7,29,9,45,8,0,8,53
09/10/2013,OWB,KY,ASO,CE,Federal Contract Tower,0,5,7,9,21,0,0,9,1,10,0,5,16,10,31,0,0,0,31
09/11/2013,OWB,KY,ASO,CE,Federal Contract Tower,0,4,3,1,8,0,0,15,1,16,0,4,18,2,24,0,0,0,24
09/12/2013,OWB,KY,ASO,CE,Federal Contract Tower,2,10,7,5,24,0,0,8,8,16,2,10,15,13,40,8,0,8,48
09/13/2013,OWB,KY,ASO,CE,Federal Contract Tower,0,6,13,2,21,0,0,17,1,18,0,6,30,3,39,0,18,18,57
09/14/2013,OWB,KY,ASO,CE,Federal Contract Tower,0,3,1,0,4,0,1,35,0,36,0,4,36,0,40,2,0,2,42
09/15/2013,OWB,KY,ASO,CE,Federal Contract Tower,2,6,8,0,16,0,0,15,0,15,2,6,23,0,31,20,0,20,51
09/16/2013,OWB,KY,ASO,CE,Federal Contract Tower,0,5,17,10,32,0,0,8,0,8,0,5,25,10,40,0,0,0,40
09/17/2013,OWB,KY,ASO,CE,Federal Contract Tower,0,3,12,2,17,0,0,28,0,28,0,3,40,2,45,34,0,34,79
09/18/2013,OWB,KY,ASO,CE,Federal Contract Tower,0,6,6,4,16,0,0,20,0,20,0,6,26,4,36,72,0,72,108
09/19/2013,OWB,KY,ASO,CE,Federal Contract Tower,2,8,22,1,33,0,0,40,0,40,2,8,62,1,73,30,8,38,111
09/20/2013,OWB,KY,ASO,CE,Federal Contract Tower,0,6,5,0,11,0,0,17,4,21,0,6,22,4,32,4,0,4,36
09/21/2013,OWB,KY,ASO,CE,Federal Contract Tower,0,5,2,0,7,0,0,58,2,60,0,5,60,2,67,22,6,28,95
09/22/2013,OWB,KY,ASO,CE,Federal Contract Tower,2,9,5,0,16,0,0,40,0,40,2,9,45,0,56,44,0,44,100
09/23/2013,OWB,KY,ASO,CE,Federal Contract Tower,0,7,5,2,14,0,0,17,0,17,0,7,22,2,31,12,0,12,43
09/24/2013,OWB,KY,ASO,CE,Federal Contract Tower,0,6,13,1,20,0,0,16,4,20,0,6,29,5,40,0,0,0,40
09/25/2013,OWB,KY,ASO,CE,Federal Contract Tower,0,4,7,0,11,0,0,28,4,32,0,4,35,4,43,0,0,0,43
09/26/2013,OWB,KY,ASO,CE,Federal Contract Tower,2,11,12,4,29,0,0,9,3,12,2,11,21,7,41,40,0,40,81
09/27/2013,OWB,KY,ASO,CE,Federal Contract Tower,0,6,12,0,18,0,2,0,0,2,0,8,12,0,20,2,0,2,22
09/28/2013,OWB,KY,ASO,CE,Federal Contract Tower,0,4,3,0,7,0,2,26,0,28,0,6,29,0,35,2,0,2,37
09/29/2013,OWB,KY,ASO,CE,Federal Contract Tower,2,7,2,0,11,0,0,2,0,2,2,7,4,0,13,0,0,0,13
09/30/2013,OWB,KY,ASO,CE,Federal Contract Tower,0,7,8,4,19,0,0,12,0,12,0,7,20,4,31,18,0,18,49
10/01/2013,OWB,KY,ASO,CE,Federal Contract Tower,0,5,8,0,13,0,0,16,0,16,0,5,24,0,29,6,0,6,35
10/02/2013,OWB,KY,ASO,CE,Federal Contract Tower,0,6,17,0,23,0,0,7,0,7,0,6,24,0,30,0,0,0,30
10/03/2013,OWB,KY,ASO,CE,Federal Contract Tower,2,6,17,0,25,0,0,12,0,12,2,6,29,0,37,0,0,0,37
10/04/2013,OWB,KY,ASO,CE,Federal Contract Tower,0,9,8,0,17,0,0,22,0,22,0,9,30,0,39,18,0,18,57
10/05/2013,OWB,KY,ASO,CE,Federal Contract Tower,0,5,7,0,12,0,0,7,0,7,0,5,14,0,19,0,0,0,19
10/06/2013,OWB,KY,ASO,CE,Federal Contract Tower,2,8,0,0,10,0,0,4,0,4,2,8,4,0,14,0,0,0,14
10/07/2013,OWB,KY,ASO,CE,Federal Contract Tower,0,7,2,0,9,0,0,7,0,7,0,7,9,0,16,16,0,16,32
10/08/2013,OWB,KY,ASO,CE,Federal Contract Tower,0,7,9,0,16,0,2,47,0,49,0,9,56,0,65,6,0,6,71
10/09/2013,OWB,KY,ASO,CE,Federal Contract Tower,0,6,7,0,13,0,0,20,0,20,0,6,27,0,33,2,0,2,35
10/10/2013,OWB,KY,ASO,CE,Federal Contract Tower,2,7,18,2,29,0,0,48,0,48,2,7,66,2,77,58,0,58,135
10/11/2013,OWB,KY,ASO,CE,Federal Contract Tower,0,4,16,2,22,0,1,88,0,89,0,5,104,2,111,30,0,30,141
10/12/2013,OWB,KY,ASO,CE,Federal Contract Tower,0,9,32,0,41,0,0,53,0,53,0,9,85,0,94,12,0,12,106
10/13/2013,OWB,KY,ASO,CE,Federal Contract Tower,2,8,11,0,21,0,0,20,0,20,2,8,31,0,41,28,0,28,69
10/14/2013,OWB,KY,ASO,CE,Federal Contract Tower,0,7,8,0,15,0,0,12,0,12,0,7,20,0,27,2,0,2,29
10/15/2013,OWB,KY,ASO,CE,Federal Contract Tower,0,7,10,0,17,0,0,3,0,3,0,7,13,0,20,0,0,0,20
10/16/2013,OWB,KY,ASO,CE,Federal Contract Tower,0,4,9,3,16,0,0,7,1,8,0,4,16,4,24,0,0,0,24
10/17/2013,OWB,KY,ASO,CE,Federal Contract Tower,2,9,8,8,27,0,2,7,0,9,2,11,15,8,36,24,6,30,66
10/18/2013,OWB,KY,ASO,CE,Federal Contract Tower,0,9,17,0,26,0,0,22,0,22,0,9,39,0,48,24,0,24,72
10/19/2013,OWB,KY,ASO,CE,Federal Contract Tower,0,5,7,0,12,0,0,6,0,6,0,5,13,0,18,0,0,0,18
10/20/2013,OWB,KY,ASO,CE,Federal Contract Tower,2,7,9,0,18,0,0,15,0,15,2,7,24,0,33,40,0,40,73
10/21/2013,OWB,KY,ASO,CE,Federal Contract Tower,0,7,13,0,20,0,0,10,0,10,0,7,23,0,30,0,0,0,30
10/22/2013,OWB,KY,ASO,CE,Federal Contract Tower,0,7,6,4,17,0,0,11,4,15,0,7,17,8,32,4,0,4,36
10/23/2013,OWB,KY,ASO,CE,Federal Contract Tower,0,5,4,0,9,0,0,7,2,9,0,5,11,2,18,0,0,0,18
10/24/2013,OWB,KY,ASO,CE,Federal Contract Tower,2,8,5,0,15,0,2,6,0,8,2,10,11,0,23,0,0,0,23
10/25/2013,OWB,KY,ASO,CE,Federal Contract Tower,0,6,4,0,10,0,0,34,0,34,0,6,38,0,44,2,0,2,46
10/26/2013,OWB,KY,ASO,CE,Federal Contract Tower,0,4,7,0,11,0,2,14,0,16,0,6,21,0,27,0,0,0,27
10/27/2013,OWB,KY,ASO,CE,Federal Contract Tower,2,7,19,0,28,0,1,22,0,23,2,8,41,0,51,10,0,10,61
10/28/2013,OWB,KY,ASO,CE,Federal Contract Tower,0,5,12,0,17,0,1,18,4,23,0,6,30,4,40,0,0,0,40
10/29/2013,OWB,KY,ASO,CE,Federal Contract Tower,0,7,4,2,13,0,0,0,2,2,0,7,4,4,15,0,0,0,15
10/30/2013,OWB,KY,ASO,CE,Federal Contract Tower,0,6,16,9,31,0,0,6,6,12,0,6,22,15,43,6,0,6,49
10/31/2013,OWB,KY,ASO,CE,Federal Contract Tower,0,7,4,0,11,0,0,2,0,2,0,7,6,0,13,0,0,0,13
11/01/2013,OWB,KY,ASO,CE,Federal Contract Tower,2,10,6,3,21,0,1,14,2,17,2,11,20,5,38,20,0,20,58
11/02/2013,OWB,KY,ASO,CE,Federal Contract Tower,0,4,3,0,7,0,0,13,0,13,0,4,16,0,20,26,0,26,46
11/03/2013,OWB,KY,ASO,CE,Federal Contract Tower,0,6,2,0,8,0,0,33,0,33,0,6,35,0,41,36,0,36,77
11/04/2013,OWB,KY,ASO,CE,Federal Contract Tower,2,6,8,1,17,0,0,7,0,7,2,6,15,1,24,2,0,2,26
11/05/2013,OWB,KY,ASO,CE,Federal Contract Tower,0,4,5,0,9,0,0,15,0,15,0,4,20,0,24,8,0,8,32
11/06/2013,OWB,KY,ASO,CE,Federal Contract Tower,0,7,4,0,11,0,0,0,0,0,0,7,4,0,11,0,0,0,11
11/07/2013,OWB,KY,ASO,CE,Federal Contract Tower,0,8,12,8,28,0,0,20,3,23,0,8,32,11,51,8,8,16,67
11/08/2013,OWB,KY,ASO,CE,Federal Contract Tower,2,9,10,0,21,0,0,26,0,26,2,9,36,0,47,8,0,8,55
11/09/2013,OWB,KY,ASO,CE,Federal Contract Tower,0,4,6,0,10,0,0,12,0,12,0,4,18,0,22,10,0,10,32
11/10/2013,OWB,KY,ASO,CE,Federal Contract Tower,0,4,4,0,8,0,2,34,0,36,0,6,38,0,44,16,0,16,60
11/11/2013,OWB,KY,ASO,CE,Federal Contract Tower,2,7,10,0,19,0,0,5,0,5,2,7,15,0,24,10,0,10,34
11/12/2013,OWB,KY,ASO,CE,Federal Contract Tower,0,5,4,4,13,0,0,3,4,7,0,5,7,8,20,4,16,20,40
11/13/2013,OWB,KY,ASO,CE,Federal Contract Tower,0,4,5,4,13,0,0,9,4,13,0,4,14,8,26,12,4,16,42
11/14/2013,OWB,KY,ASO,CE,Federal Contract Tower,0,11,5,0,16,0,0,12,0,12,0,11,17,0,28,12,0,12,40
11/15/2013,OWB,KY,ASO,CE,Federal Contract Tower,2,6,7,0,15,0,0,1,0,1,2,6,8,0,16,0,0,0,16
11/16/2013,OWB,KY,ASO,CE,Federal Contract Tower,0,6,0,0,6,0,1,0,0,1,0,7,0,0,7,0,0,0,7
11/17/2013,OWB,KY,ASO,CE,Federal Contract Tower,0,6,0,0,6,0,1,0,0,1,0,7,0,0,7,0,0,0,7
11/18/2013,OWB,KY,ASO,CE,Federal Contract Tower,2,9,4,4,19,0,0,8,0,8,2,9,12,4,27,30,0,30,57
11/19/2013,OWB,KY,ASO,CE,Federal Contract Tower,0,7,18,7,32,0,0,15,1,16,0,7,33,8,48,0,12,12,60
11/20/2013,OWB,KY,ASO,CE,Federal Contract Tower,0,4,5,5,14,0,0,7,6,13,0,4,12,11,27,20,28,48,75
11/21/2013,OWB,KY,ASO,CE,Federal Contract Tower,0,6,4,5,15,0,0,6,1,7,0,6,10,6,22,2,0,2,24
11/22/2013,OWB,KY,ASO,CE,Federal Contract Tower,2,8,0,11,21,0,0,0,0,0,2,8,0,11,21,0,0,0,21
11/23/2013,OWB,KY,ASO,CE,Federal Contract Tower,0,5,5,0,10,0,0,12,0,12,0,5,17,0,22,4,0,4,26
11/24/2013,OWB,KY,ASO,CE,Federal Contract Tower,0,4,0,0,4,0,2,11,0,13,0,6,11,0,17,20,0,20,37
11/25/2013,OWB,KY,ASO,CE,Federal Contract Tower,2,8,11,2,23,0,0,14,2,16,2,8,25,4,39,8,12,20,59
11/26/2013,OWB,KY,ASO,CE,Federal Contract Tower,0,5,5,0,10,0,0,0,0,0,0,5,5,0,10,0,0,0,10
11/27/2013,OWB,KY,ASO,CE,Federal Contract Tower,2,5,13,0,20,0,0,0,0,0,2,5,13,0,20,0,0,0,20
11/28/2013,OWB,KY,ASO,CE,Federal Contract Tower,0,6,10,0,16,0,0,7,0,7,0,6,17,0,23,0,0,0,23
11/29/2013,OWB,KY,ASO,CE,Federal Contract Tower,0,9,8,0,17,0,0,27,0,27,0,9,35,0,44,4,0,4,48
11/30/2013,OWB,KY,ASO,CE,Federal Contract Tower,2,4,2,0,8,0,0,21,0,21,2,4,23,0,29,6,0,6,35
12/01/2013,OWB,KY,ASO,CE,Federal Contract Tower,0,5,7,0,12,0,2,25,0,27,0,7,32,0,39,0,0,0,39
12/02/2013,OWB,KY,ASO,CE,Federal Contract Tower,2,6,6,0,14,0,0,16,2,18,2,6,22,2,32,2,0,2,34
12/03/2013,OWB,KY,ASO,CE,Federal Contract Tower,0,7,12,1,20,0,0,3,1,4,0,7,15,2,24,0,0,0,24
12/04/2013,OWB,KY,ASO,CE,Federal Contract Tower,0,10,10,4,24,0,0,10,0,10,0,10,20,4,34,0,0,0,34
12/05/2013,OWB,KY,ASO,CE,Federal Contract Tower,0,1,4,0,5,0,0,0,0,0,0,1,4,0,5,0,0,0,5
12/06/2013,OWB,KY,ASO,CE,Federal Contract Tower,2,0,0,0,2,0,0,0,0,0,2,0,0,0,2,0,0,0,2
12/07/2013,OWB,KY,ASO,CE,Federal Contract Tower,0,2,6,0,8,0,0,0,0,0,0,2,6,0,8,0,0,0,8
12/08/2013,OWB,KY,ASO,CE,Federal Contract Tower,0,3,1,0,4,0,0,0,0,0,0,3,1,0,4,0,0,0,4
12/09/2013,OWB,KY,ASO,CE,Federal Contract Tower,2,7,3,6,18,0,0,4,2,6,2,7,7,8,24,0,14,14,38
12/10/2013,OWB,KY,ASO,CE,Federal Contract Tower,0,8,7,1,16,0,0,3,11,14,0,8,10,12,30,0,10,10,40
12/11/2013,OWB,KY,ASO,CE,Federal Contract Tower,0,12,13,2,27,0,2,6,2,10,0,14,19,4,37,2,0,2,39
12/12/2013,OWB,KY,ASO,CE,Federal Contract Tower,0,4,12,0,16,0,2,10,2,14,0,6,22,2,30,14,0,14,44
12/13/2013,OWB,KY,ASO,CE,Federal Contract Tower,2,4,14,4,24,0,0,5,4,9,2,4,19,8,33,12,0,12,45
12/14/2013,OWB,KY,ASO,CE,Federal Contract Tower,0,5,4,0,9,0,0,0,0,0,0,5,4,0,9,0,0,0,9
12/15/2013,OWB,KY,ASO,CE,Federal Contract Tower,0,6,5,0,11,0,0,6,0,6,0,6,11,0,17,12,0,12,29
12/16/2013,OWB,KY,ASO,CE,Federal Contract Tower,2,6,12,5,25,0,0,6,8,14,2,6,18,13,39,42,40,82,121
12/17/2013,OWB,KY,ASO,CE,Federal Contract Tower,0,9,8,4,21,0,0,5,0,5,0,9,13,4,26,0,0,0,26
12/18/2013,OWB,KY,ASO,CE,Federal Contract Tower,0,4,10,0,14,0,0,16,0,16,0,4,26,0,30,0,0,0,30
12/19/2013,OWB,KY,ASO,CE,Federal Contract Tower,0,7,19,4,30,0,0,10,0,10,0,7,29,4,40,2,0,2,42
12/20/2013,OWB,KY,ASO,CE,Federal Contract Tower,2,7,12,4,25,0,0,0,2,2,2,7,12,6,27,0,0,0,27
12/21/2013,OWB,KY,ASO,CE,Federal Contract Tower,0,4,2,0,6,0,0,0,0,0,0,4,2,0,6,0,0,0,6
12/22/2013,OWB,KY,ASO,CE,Federal Contract Tower,2,6,3,0,11,0,0,0,0,0,2,6,3,0,11,0,0,0,11
12/23/2013,OWB,KY,ASO,CE,Federal Contract Tower,0,8,8,0,16,0,0,8,0,8,0,8,16,0,24,0,0,0,24
12/24/2013,OWB,KY,ASO,CE,Federal Contract Tower,2,5,0,0,7,0,0,10,0,10,2,5,10,0,17,2,0,2,19
12/25/2013,OWB,KY,ASO,CE,Federal Contract Tower,0,8,0,0,8,0,0,2,0,2,0,8,2,0,10,2,0,2,12
12/26/2013,OWB,KY,ASO,CE,Federal Contract Tower,0,9,2,0,11,0,0,16,0,16,0,9,18,0,27,4,0,4,31
12/27/2013,OWB,KY,ASO,CE,Federal Contract Tower,2,11,7,0,20,0,0,23,0,23,2,11,30,0,43,0,0,0,43
12/28/2013,OWB,KY,ASO,CE,Federal Contract Tower,0,5,10,0,15,0,0,12,0,12,0,5,22,0,27,4,0,4,31
12/29/2013,OWB,KY,ASO,CE,Federal Contract Tower,0,5,8,0,13,0,0,2,0,2,0,5,10,0,15,2,0,2,17
12/30/2013,OWB,KY,ASO,CE,Federal Contract Tower,2,5,8,0,15,0,1,7,0,8,2,6,15,0,23,0,0,0,23
12/31/2013,OWB,KY,ASO,CE,Federal Contract Tower,0,5,7,0,12,0,0,9,0,9,0,5,16,0,21,0,0,0,21
01/01/2014,OWB,KY,ASO,CE,Federal Contract Tower,0,7,3,0,10,0,0,27,0,27,0,7,30,0,37,10,0,10,47
01/02/2014,OWB,KY,ASO,CE,Federal Contract Tower,0,10,0,0,10,0,0,0,0,0,0,10,0,0,10,0,0,0,10
01/03/2014,OWB,KY,ASO,CE,Federal Contract Tower,2,10,9,0,21,0,2,12,0,14,2,12,21,0,35,18,0,18,53
01/04/2014,OWB,KY,ASO,CE,Federal Contract Tower,0,4,5,0,9,0,0,6,0,6,0,4,11,0,15,0,0,0,15
01/05/2014,OWB,KY,ASO,CE,Federal Contract Tower,0,0,0,0,0,0,0,0,0,0,0,0,0,0,0,0,0,0,0
01/06/2014,OWB,KY,ASO,CE,Federal Contract Tower,2,4,3,0,9,0,0,0,0,0,2,4,3,0,9,0,0,0,9
01/07/2014,OWB,KY,ASO,CE,Federal Contract Tower,0,6,4,0,10,0,0,6,0,6,0,6,10,0,16,14,0,14,30
01/08/2014,OWB,KY,ASO,CE,Federal Contract Tower,0,14,1,6,21,0,0,7,4,11,0,14,8,10,32,0,24,24,56
01/09/2014,OWB,KY,ASO,CE,Federal Contract Tower,0,2,4,0,6,0,0,2,0,2,0,2,6,0,8,0,0,0,8
01/10/2014,OWB,KY,ASO,CE,Federal Contract Tower,2,6,10,0,18,0,0,0,0,0,2,6,10,0,18,0,0,0,18
01/11/2014,OWB,KY,ASO,CE,Federal Contract Tower,0,4,6,0,10,0,0,4,0,4,0,4,10,0,14,20,0,20,34
01/12/2014,OWB,KY,ASO,CE,Federal Contract Tower,0,5,2,0,7,0,3,22,0,25,0,8,24,0,32,38,0,38,70
01/13/2014,OWB,KY,ASO,CE,Federal Contract Tower,2,8,4,0,14,0,0,0,0,0,2,8,4,0,14,0,0,0,14
01/14/2014,OWB,KY,ASO,CE,Federal Contract Tower,0,4,3,0,7,0,0,0,0,0,0,4,3,0,7,0,0,0,7
01/15/2014,OWB,KY,ASO,CE,Federal Contract Tower,0,4,7,6,17,0,0,1,0,1,0,4,8,6,18,0,14,14,32
01/16/2014,OWB,KY,ASO,CE,Federal Contract Tower,0,8,8,2,18,0,0,0,0,0,0,8,8,2,18,0,0,0,18
01/17/2014,OWB,KY,ASO,CE,Federal Contract Tower,2,7,4,0,13,0,0,3,0,3,2,7,7,0,16,0,0,0,16
01/18/2014,OWB,KY,ASO,CE,Federal Contract Tower,0,8,4,0,12,0,0,13,0,13,0,8,17,0,25,0,0,0,25
01/19/2014,OWB,KY,ASO,CE,Federal Contract Tower,0,3,0,0,3,1,3,4,0,8,1,6,4,0,11,6,0,6,17
01/20/2014,OWB,KY,ASO,CE,Federal Contract Tower,2,7,4,0,13,0,2,20,0,22,2,9,24,0,35,4,0,4,39
01/21/2014,OWB,KY,ASO,CE,Federal Contract Tower,0,7,3,0,10,0,0,2,0,2,0,7,5,0,12,0,0,0,12
01/22/2014,OWB,KY,ASO,CE,Federal Contract Tower,0,8,4,7,19,0,0,0,2,2,0,8,4,9,21,0,54,54,75
01/23/2014,OWB,KY,ASO,CE,Federal Contract Tower,0,6,8,5,19,0,0,0,1,1,0,6,8,6,20,0,0,0,20
01/24/2014,OWB,KY,ASO,CE,Federal Contract Tower,2,12,8,5,27,0,0,7,6,13,2,12,15,11,40,0,0,0,40
01/25/2014,OWB,KY,ASO,CE,Federal Contract Tower,0,6,1,0,7,0,0,3,0,3,0,6,4,0,10,0,0,0,10
01/26/2014,OWB,KY,ASO,CE,Federal Contract Tower,0,9,1,0,10,0,9,4,0,13,0,18,5,0,23,12,0,12,35
01/27/2014,OWB,KY,ASO,CE,Federal Contract Tower,2,6,5,4,17,0,0,0,5,5,2,6,5,9,22,2,4,6,28
01/28/2014,OWB,KY,ASO,CE,Federal Contract Tower,0,4,3,3,10,0,0,2,1,3,0,4,5,4,13,0,2,2,15
01/29/2014,OWB,KY,ASO,CE,Federal Contract Tower,0,6,4,0,10,0,0,4,4,8,0,6,8,4,18,16,0,16,34
01/30/2014,OWB,KY,ASO,CE,Federal Contract Tower,0,8,5,0,13,0,0,0,2,2,0,8,5,2,15,0,0,0,15
01/31/2014,OWB,KY,ASO,CE,Federal Contract Tower,2,8,7,2,19,0,0,6,2,8,2,8,13,4,27,6,0,6,33
02/01/2014,OWB,KY,ASO,CE,Federal Contract Tower,0,5,4,0,9,0,0,7,0,7,0,5,11,0,16,10,0,10,26
02/02/2014,OWB,KY,ASO,CE,Federal Contract Tower,0,6,1,0,7,0,0,0,0,0,0,6,1,0,7,0,0,0,7
02/03/2014,OWB,KY,ASO,CE,Federal Contract Tower,2,6,2,0,10,0,2,2,0,4,2,8,4,0,14,0,0,0,14
02/04/2014,OWB,KY,ASO,CE,Federal Contract Tower,0,2,3,0,5,0,0,0,0,0,0,2,3,0,5,0,0,0,5
02/05/2014,OWB,KY,ASO,CE,Federal Contract Tower,0,4,3,0,7,0,0,0,0,0,0,4,3,0,7,0,0,0,7
02/06/2014,OWB,KY,ASO,CE,Federal Contract Tower,0,6,8,0,14,0,0,1,0,1,0,6,9,0,15,0,0,0,15
02/07/2014,OWB,KY,ASO,CE,Federal Contract Tower,1,9,5,0,15,0,0,4,0,4,1,9,9,0,19,4,0,4,23
02/08/2014,OWB,KY,ASO,CE,Federal Contract Tower,0,6,5,0,11,0,0,0,0,0,0,6,5,0,11,0,0,0,11
02/09/2014,OWB,KY,ASO,CE,Federal Contract Tower,0,8,0,0,8,0,0,2,0,2,0,8,2,0,10,0,0,0,10
02/10/2014,OWB,KY,ASO,CE,Federal Contract Tower,2,6,7,0,15,0,0,6,0,6,2,6,13,0,21,12,0,12,33
02/11/2014,OWB,KY,ASO,CE,Federal Contract Tower,0,6,12,0,18,0,0,3,0,3,0,6,15,0,21,2,0,2,23
02/12/2014,OWB,KY,ASO,CE,Federal Contract Tower,0,3,6,7,16,0,0,11,2,13,0,3,17,9,29,4,14,18,47
02/13/2014,OWB,KY,ASO,CE,Federal Contract Tower,0,12,9,1,22,0,0,9,2,11,0,12,18,3,33,0,0,0,33
02/14/2014,OWB,KY,ASO,CE,Federal Contract Tower,2,4,6,0,12,0,0,0,0,0,2,4,6,0,12,0,0,0,12
02/15/2014,OWB,KY,ASO,CE,Federal Contract Tower,0,5,2,0,7,0,0,7,0,7,0,5,9,0,14,2,0,2,16
02/16/2014,OWB,KY,ASO,CE,Federal Contract Tower,0,5,2,0,7,0,0,4,0,4,0,5,6,0,11,0,0,0,11
02/17/2014,OWB,KY,ASO,CE,Federal Contract Tower,2,5,7,0,14,0,0,0,0,0,2,5,7,0,14,2,0,2,16
02/18/2014,OWB,KY,ASO,CE,Federal Contract Tower,0,4,8,0,12,0,0,12,4,16,0,4,20,4,28,12,0,12,40
02/19/2014,OWB,KY,ASO,CE,Federal Contract Tower,0,7,7,6,20,0,0,12,4,16,0,7,19,10,36,4,8,12,48
02/20/2014,OWB,KY,ASO,CE,Federal Contract Tower,0,5,5,0,10,0,0,0,0,0,0,5,5,0,10,0,0,0,10
02/21/2014,OWB,KY,ASO,CE,Federal Contract Tower,2,9,4,2,17,0,0,9,0,9,2,9,13,2,26,24,0,24,50
02/22/2014,OWB,KY,ASO,CE,Federal Contract Tower,0,6,4,2,12,0,0,49,0,49,0,6,53,2,61,12,0,12,73
02/23/2014,OWB,KY,ASO,CE,Federal Contract Tower,0,7,1,0,8,0,0,5,0,5,0,7,6,0,13,0,0,0,13
02/24/2014,OWB,KY,ASO,CE,Federal Contract Tower,2,9,5,3,19,0,1,6,3,10,2,10,11,6,29,4,0,4,33
02/25/2014,OWB,KY,ASO,CE,Federal Contract Tower,0,5,13,1,19,0,0,0,7,7,0,5,13,8,26,0,0,0,26
02/26/2014,OWB,KY,ASO,CE,Federal Contract Tower,0,6,4,0,10,0,2,9,4,15,0,8,13,4,25,2,0,2,27
02/27/2014,OWB,KY,ASO,CE,Federal Contract Tower,0,9,18,0,27,0,0,35,0,35,0,9,53,0,62,22,0,22,84
02/28/2014,OWB,KY,ASO,CE,Federal Contract Tower,2,8,10,4,24,0,0,12,3,15,2,8,22,7,39,2,0,2,41
03/01/2014,OWB,KY,ASO,CE,Federal Contract Tower,0,4,7,0,11,0,0,39,0,39,0,4,46,0,50,74,0,74,124
03/02/2014,OWB,KY,ASO,CE,Federal Contract Tower,0,0,1,0,1,0,0,0,0,0,0,0,1,0,1,0,0,0,1
03/03/2014,OWB,KY,ASO,CE,Federal Contract Tower,0,4,0,0,4,0,0,1,0,1,0,4,1,0,5,0,0,0,5
03/04/2014,OWB,KY,ASO,CE,Federal Contract Tower,2,5,7,2,16,0,0,4,2,6,2,5,11,4,22,0,0,0,22
03/05/2014,OWB,KY,ASO,CE,Federal Contract Tower,0,10,7,1,18,0,0,0,0,0,0,10,7,1,18,0,0,0,18
03/06/2014,OWB,KY,ASO,CE,Federal Contract Tower,0,7,4,3,14,0,0,6,8,14,0,7,10,11,28,2,8,10,38
03/07/2014,OWB,KY,ASO,CE,Federal Contract Tower,2,6,8,5,21,0,0,11,1,12,2,6,19,6,33,0,6,6,39
03/08/2014,OWB,KY,ASO,CE,Federal Contract Tower,0,4,2,0,6,0,0,20,0,20,0,4,22,0,26,22,0,22,48
03/09/2014,OWB,KY,ASO,CE,Federal Contract Tower,0,5,5,0,10,0,0,25,2,27,0,5,30,2,37,8,0,8,45
03/10/2014,OWB,KY,ASO,CE,Federal Contract Tower,2,9,8,3,22,0,0,9,0,9,2,9,17,3,31,0,0,0,31
03/11/2014,OWB,KY,ASO,CE,Federal Contract Tower,0,7,8,2,17,0,0,20,0,20,0,7,28,2,37,24,0,24,61
03/12/2014,OWB,KY,ASO,CE,Federal Contract Tower,0,5,3,0,8,0,1,0,0,1,0,6,3,0,9,0,0,0,9
03/13/2014,OWB,KY,ASO,CE,Federal Contract Tower,0,5,6,3,14,0,1,24,1,26,0,6,30,4,40,0,0,0,40
03/14/2014,OWB,KY,ASO,CE,Federal Contract Tower,2,8,11,3,24,0,0,3,3,6,2,8,14,6,30,0,0,0,30
03/15/2014,OWB,KY,ASO,CE,Federal Contract Tower,0,5,2,0,7,0,0,47,0,47,0,5,49,0,54,0,0,0,54
03/16/2014,OWB,KY,ASO,CE,Federal Contract Tower,0,6,0,0,6,0,0,0,0,0,0,6,0,0,6,0,0,0,6
03/17/2014,OWB,KY,ASO,CE,Federal Contract Tower,2,13,10,0,25,0,0,19,0,19,2,13,29,0,44,2,0,2,46
03/18/2014,OWB,KY,ASO,CE,Federal Contract Tower,0,4,8,4,16,0,0,3,0,3,0,4,11,4,19,0,0,0,19
03/19/2014,OWB,KY,ASO,CE,Federal Contract Tower,0,5,9,1,15,0,0,3,1,4,0,5,12,2,19,2,2,4,23
03/20/2014,OWB,KY,ASO,CE,Federal Contract Tower,0,11,7,1,19,0,0,16,3,19,0,11,23,4,38,20,0,20,58
03/21/2014,OWB,KY,ASO,CE,Federal Contract Tower,2,7,11,0,20,0,0,9,0,9,2,7,20,0,29,0,10,10,39
03/22/2014,OWB,KY,ASO,CE,Federal Contract Tower,0,4,2,2,8,0,0,8,0,8,0,4,10,2,16,0,0,0,16
03/23/2014,OWB,KY,ASO,CE,Federal Contract Tower,0,8,2,0,10,0,0,8,0,8,0,8,10,0,18,2,0,2,20
03/24/2014,OWB,KY,ASO,CE,Federal Contract Tower,2,7,10,2,21,0,0,6,1,7,2,7,16,3,28,0,4,4,32
03/25/2014,OWB,KY,ASO,CE,Federal Contract Tower,0,13,3,2,18,0,0,0,2,2,0,13,3,4,20,0,10,10,30
03/26/2014,OWB,KY,ASO,CE,Federal Contract Tower,0,6,12,3,21,0,0,10,3,13,0,6,22,6,34,2,2,4,38
03/27/2014,OWB,KY,ASO,CE,Federal Contract Tower,0,10,2,0,12,0,0,4,0,4,0,10,6,0,16,0,0,0,16
03/28/2014,OWB,KY,ASO,CE,Federal Contract Tower,2,6,6,0,14,0,0,25,6,31,2,6,31,6,45,8,0,8,53
03/29/2014,OWB,KY,ASO,CE,Federal Contract Tower,0,6,3,0,9,0,0,2,0,2,0,6,5,0,11,0,0,0,11
03/30/2014,OWB,KY,ASO,CE,Federal Contract Tower,0,10,6,0,16,0,0,74,0,74,0,10,80,0,90,48,0,48,138
03/31/2014,OWB,KY,ASO,CE,Federal Contract Tower,2,6,12,0,20,0,0,14,0,14,2,6,26,0,34,8,0,8,42
04/01/2014,OWB,KY,ASO,CE,Federal Contract Tower,0,3,5,0,8,0,1,20,6,27,0,4,25,6,35,30,2,32,67
04/02/2014,OWB,KY,ASO,CE,Federal Contract Tower,0,7,3,4,14,0,0,2,2,4,0,7,5,6,18,2,0,2,20
04/03/2014,OWB,KY,ASO,CE,Federal Contract Tower,0,0,3,0,3,0,0,0,0,0,0,0,3,0,3,0,0,0,3
04/04/2014,OWB,KY,ASO,CE,Federal Contract Tower,2,8,12,4,26,0,0,4,0,4,2,8,16,4,30,2,0,2,32
04/05/2014,OWB,KY,ASO,CE,Federal Contract Tower,0,4,11,0,15,0,0,29,0,29,0,4,40,0,44,12,0,12,56
04/06/2014,OWB,KY,ASO,CE,Federal Contract Tower,0,5,5,4,14,0,0,39,0,39,0,5,44,4,53,6,0,6,59
04/07/2014,OWB,KY,ASO,CE,Federal Contract Tower,2,8,3,0,13,0,0,0,0,0,2,8,3,0,13,0,0,0,13
04/08/2014,OWB,KY,ASO,CE,Federal Contract Tower,0,10,17,12,39,0,0,16,2,18,0,10,33,14,57,12,22,34,91
04/09/2014,OWB,KY,ASO,CE,Federal Contract Tower,0,4,11,0,15,0,0,20,0,20,0,4,31,0,35,6,0,6,41
04/10/2014,OWB,KY,ASO,CE,Federal Contract Tower,0,6,6,7,19,0,0,4,4,8,0,6,10,11,27,0,0,0,27
04/11/2014,OWB,KY,ASO,CE,Federal Contract Tower,2,7,11,0,20,0,0,13,0,13,2,7,24,0,33,8,0,8,41
04/12/2014,OWB,KY,ASO,CE,Federal Contract Tower,0,3,5,0,8,0,0,21,0,21,0,3,26,0,29,0,0,0,29
04/13/2014,OWB,KY,ASO,CE,Federal Contract Tower,0,6,6,0,12,0,0,4,0,4,0,6,10,0,16,2,0,2,18
04/14/2014,OWB,KY,ASO,CE,Federal Contract Tower,2,6,8,0,16,0,0,0,0,0,2,6,8,0,16,0,0,0,16
04/15/2014,OWB,KY,ASO,CE,Federal Contract Tower,0,4,4,1,9,0,0,2,4,6,0,4,6,5,15,0,8,8,23
04/16/2014,OWB,KY,ASO,CE,Federal Contract Tower,0,6,11,5,22,0,0,17,3,20,0,6,28,8,42,0,0,0,42
04/17/2014,OWB,KY,ASO,CE,Federal Contract Tower,0,6,18,9,33,0,0,18,8,26,0,6,36,17,59,10,0,10,69
04/18/2014,OWB,KY,ASO,CE,Federal Contract Tower,2,9,2,0,13,0,0,20,2,22,2,9,22,2,35,0,0,0,35
04/19/2014,OWB,KY,ASO,CE,Federal Contract Tower,0,4,1,0,5,0,0,47,0,47,0,4,48,0,52,30,0,30,82
04/20/2014,OWB,KY,ASO,CE,Federal Contract Tower,0,8,0,0,8,0,0,29,0,29,0,8,29,0,37,0,0,0,37
04/21/2014,OWB,KY,ASO,CE,Federal Contract Tower,2,17,6,0,25,0,0,5,2,7,2,17,11,2,32,0,0,0,32
04/22/2014,OWB,KY,ASO,CE,Federal Contract Tower,0,9,12,7,28,0,0,8,3,11,0,9,20,10,39,2,6,8,47
04/23/2014,OWB,KY,ASO,CE,Federal Contract Tower,0,12,6,0,18,0,0,31,0,31,0,12,37,0,49,4,0,4,53
04/24/2014,OWB,KY,ASO,CE,Federal Contract Tower,0,8,18,5,31,0,0,6,9,15,0,8,24,14,46,6,4,10,56
04/25/2014,OWB,KY,ASO,CE,Federal Contract Tower,2,8,8,0,18,0,0,16,0,16,2,8,24,0,34,18,0,18,52
04/26/2014,OWB,KY,ASO,CE,Federal Contract Tower,0,4,8,0,12,0,0,28,0,28,0,4,36,0,40,10,0,10,50
04/27/2014,OWB,KY,ASO,CE,Federal Contract Tower,0,7,11,0,18,0,0,8,0,8,0,7,19,0,26,10,0,10,36
04/28/2014,OWB,KY,ASO,CE,Federal Contract Tower,2,7,6,0,15,0,0,1,0,1,2,7,7,0,16,0,0,0,16
04/29/2014,OWB,KY,ASO,CE,Federal Contract Tower,0,5,3,4,12,0,1,1,2,4,0,6,4,6,16,0,4,4,20
04/30/2014,OWB,KY,ASO,CE,Federal Contract Tower,0,5,7,2,14,0,0,14,4,18,0,5,21,6,32,2,0,2,34
05/01/2014,OWB,KY,ASO,CE,Federal Contract Tower,0,9,10,3,22,0,0,16,0,16,0,9,26,3,38,0,0,0,38
05/02/2014,OWB,KY,ASO,CE,Federal Contract Tower,1,10,11,5,27,0,0,9,7,16,1,10,20,12,43,17,8,25,68
05/03/2014,OWB,KY,ASO,CE,Federal Contract Tower,0,9,10,0,19,0,0,38,0,38,0,9,48,0,57,4,0,4,61
05/04/2014,OWB,KY,ASO,CE,Federal Contract Tower,0,5,10,0,15,0,0,24,0,24,0,5,34,0,39,24,0,24,63
05/05/2014,OWB,KY,ASO,CE,Federal Contract Tower,2,10,15,0,27,0,0,21,1,22,2,10,36,1,49,16,2,18,67
05/06/2014,OWB,KY,ASO,CE,Federal Contract Tower,0,4,8,5,17,0,0,8,1,9,0,4,16,6,26,0,2,2,28
05/07/2014,OWB,KY,ASO,CE,Federal Contract Tower,0,3,6,0,9,0,0,11,10,21,0,3,17,10,30,4,0,4,34
05/08/2014,OWB,KY,ASO,CE,Federal Contract Tower,0,8,11,1,20,0,0,24,1,25,0,8,35,2,45,10,0,10,55
05/09/2014,OWB,KY,ASO,CE,Federal Contract Tower,2,7,1,0,10,0,0,6,0,6,2,7,7,0,16,8,0,8,24
05/10/2014,OWB,KY,ASO,CE,Federal Contract Tower,0,10,9,0,19,0,0,6,0,6,0,10,15,0,25,30,0,30,55
05/11/2014,OWB,KY,ASO,CE,Federal Contract Tower,0,6,2,0,8,0,0,5,0,5,0,6,7,0,13,6,0,6,19
05/12/2014,OWB,KY,ASO,CE,Federal Contract Tower,2,10,12,3,27,0,0,20,1,21,2,10,32,4,48,10,2,12,60
05/13/2014,OWB,KY,ASO,CE,Federal Contract Tower,0,9,17,1,27,0,0,3,0,3,0,9,20,1,30,0,0,0,30
05/14/2014,OWB,KY,ASO,CE,Federal Contract Tower,0,5,6,1,12,0,0,0,0,0,0,5,6,1,12,0,0,0,12
05/15/2014,OWB,KY,ASO,CE,Federal Contract Tower,0,9,16,2,27,0,0,16,2,18,0,9,32,4,45,6,0,6,51
05/16/2014,OWB,KY,ASO,CE,Federal Contract Tower,2,6,8,0,16,0,1,15,0,16,2,7,23,0,32,0,0,0,32
05/17/2014,OWB,KY,ASO,CE,Federal Contract Tower,0,5,6,0,11,0,0,43,0,43,0,5,49,0,54,26,0,26,80
05/18/2014,OWB,KY,ASO,CE,Federal Contract Tower,0,6,6,2,14,0,0,35,0,35,0,6,41,2,49,10,0,10,59
05/19/2014,OWB,KY,ASO,CE,Federal Contract Tower,2,6,8,0,16,0,0,26,0,26,2,6,34,0,42,4,0,4,46
05/20/2014,OWB,KY,ASO,CE,Federal Contract Tower,0,4,10,8,22,0,0,12,0,12,0,4,22,8,34,12,2,14,48
05/21/2014,OWB,KY,ASO,CE,Federal Contract Tower,2,4,15,1,22,0,1,15,0,16,2,5,30,1,38,22,0,22,60
05/22/2014,OWB,KY,ASO,CE,Federal Contract Tower,0,7,14,2,23,0,0,20,3,23,0,7,34,5,46,26,0,26,72
05/23/2014,OWB,KY,ASO,CE,Federal Contract Tower,2,6,15,0,23,0,0,45,0,45,2,6,60,0,68,38,0,38,106
05/24/2014,OWB,KY,ASO,CE,Federal Contract Tower,0,4,3,0,7,0,0,26,0,26,0,4,29,0,33,12,0,12,45
05/25/2014,OWB,KY,ASO,CE,Federal Contract Tower,0,6,0,0,6,0,0,19,0,19,0,6,19,0,25,20,0,20,45
05/26/2014,OWB,KY,ASO,CE,Federal Contract Tower,2,6,4,0,12,0,1,21,0,22,2,7,25,0,34,10,0,10,44
05/27/2014,OWB,KY,ASO,CE,Federal Contract Tower,2,4,2,0,8,0,0,6,0,6,2,4,8,0,14,16,0,16,30
05/28/2014,OWB,KY,ASO,CE,Federal Contract Tower,0,11,9,4,24,0,0,20,2,22,0,11,29,6,46,10,0,10,56
05/29/2014,OWB,KY,ASO,CE,Federal Contract Tower,0,11,13,6,30,0,2,24,3,29,0,13,37,9,59,22,0,22,81
05/30/2014,OWB,KY,ASO,CE,Federal Contract Tower,2,9,8,3,22,0,0,16,1,17,2,9,24,4,39,4,4,8,47
05/31/2014,OWB,KY,ASO,CE,Federal Contract Tower,0,4,4,0,8,0,0,32,0,32,0,4,36,0,40,18,0,18,58
06/01/2014,OWB,KY,ASO,CE,Federal Contract Tower,0,7,9,2,18,0,0,17,0,17,0,7,26,2,35,16,0,16,51
06/02/2014,OWB,KY,ASO,CE,Federal Contract Tower,2,5,6,6,19,0,1,8,5,14,2,6,14,11,33,2,6,8,41
06/03/2014,OWB,KY,ASO,CE,Federal Contract Tower,0,7,16,2,25,0,0,21,0,21,0,7,37,2,46,26,0,26,72
06/04/2014,OWB,KY,ASO,CE,Federal Contract Tower,2,5,2,0,9,0,0,11,0,11,2,5,13,0,20,8,0,8,28
06/05/2014,OWB,KY,ASO,CE,Federal Contract Tower,0,13,17,8,38,0,0,13,1,14,0,13,30,9,52,10,16,26,78
06/06/2014,OWB,KY,ASO,CE,Federal Contract Tower,2,8,13,4,27,0,0,26,24,50,2,8,39,28,77,16,4,20,97
06/07/2014,OWB,KY,ASO,CE,Federal Contract Tower,0,4,3,0,7,0,0,22,0,22,0,4,25,0,29,12,0,12,41
06/08/2014,OWB,KY,ASO,CE,Federal Contract Tower,0,7,7,0,14,0,0,12,0,12,0,7,19,0,26,20,0,20,46
06/09/2014,OWB,KY,ASO,CE,Federal Contract Tower,2,6,18,6,32,0,0,28,1,29,2,6,46,7,61,12,6,18,79
06/10/2014,OWB,KY,ASO,CE,Federal Contract Tower,0,5,10,4,19,0,0,7,0,7,0,5,17,4,26,6,0,6,32
06/11/2014,OWB,KY,ASO,CE,Federal Contract Tower,2,5,6,2,15,0,0,13,2,15,2,5,19,4,30,18,2,20,50
06/12/2014,OWB,KY,ASO,CE,Federal Contract Tower,0,6,13,1,20,0,0,22,2,24,0,6,35,3,44,2,0,2,46
06/13/2014,OWB,KY,ASO,CE,Federal Contract Tower,2,7,18,8,35,0,0,26,2,28,2,7,44,10,63,30,0,30,93
06/14/2014,OWB,KY,ASO,CE,Federal Contract Tower,0,4,8,0,12,0,0,57,0,57,0,4,65,0,69,32,0,32,101
06/15/2014,OWB,KY,ASO,CE,Federal Contract Tower,0,8,6,0,14,0,0,24,4,28,0,8,30,4,42,20,0,20,62
06/16/2014,OWB,KY,ASO,CE,Federal Contract Tower,2,8,7,0,17,0,0,24,2,26,2,8,31,2,43,26,0,26,69
06/17/2014,OWB,KY,ASO,CE,Federal Contract Tower,0,6,17,0,23,0,0,12,0,12,0,6,29,0,35,6,0,6,41
06/18/2014,OWB,KY,ASO,CE,Federal Contract Tower,2,9,8,5,24,0,0,27,1,28,2,9,35,6,52,26,12,38,90
06/19/2014,OWB,KY,ASO,CE,Federal Contract Tower,0,6,1,5,12,0,0,32,0,32,0,6,33,5,44,18,20,38,82
06/20/2014,OWB,KY,ASO,CE,Federal Contract Tower,2,8,17,0,27,0,0,20,0,20,2,8,37,0,47,14,0,14,61
06/21/2014,OWB,KY,ASO,CE,Federal Contract Tower,0,4,7,0,11,0,0,68,0,68,0,4,75,0,79,20,0,20,99
06/22/2014,OWB,KY,ASO,CE,Federal Contract Tower,0,10,3,0,13,0,0,23,0,23,0,10,26,0,36,14,0,14,50
06/23/2014,OWB,KY,ASO,CE,Federal Contract Tower,2,14,20,4,40,0,0,17,0,17,2,14,37,4,57,18,6,24,81
06/24/2014,OWB,KY,ASO,CE,Federal Contract Tower,0,12,9,2,23,0,0,18,0,18,0,12,27,2,41,36,2,38,79
06/25/2014,OWB,KY,ASO,CE,Federal Contract Tower,2,4,8,3,17,0,1,27,1,29,2,5,35,4,46,28,0,28,74
06/26/2014,OWB,KY,ASO,CE,Federal Contract Tower,0,11,5,0,16,0,0,24,0,24,0,11,29,0,40,22,0,22,62
06/27/2014,OWB,KY,ASO,CE,Federal Contract Tower,2,6,16,4,28,0,0,20,0,20,2,6,36,4,48,12,16,28,76
06/28/2014,OWB,KY,ASO,CE,Federal Contract Tower,0,5,3,0,8,0,0,21,0,21,0,5,24,0,29,6,0,6,35
06/29/2014,OWB,KY,ASO,CE,Federal Contract Tower,0,8,0,0,8,0,0,11,0,11,0,8,11,0,19,14,0,14,33
06/30/2014,OWB,KY,ASO,CE,Federal Contract Tower,2,5,5,0,12,0,0,11,0,11,2,5,16,0,23,6,0,6,29
07/01/2014,OWB,KY,ASO,CE,Federal Contract Tower,0,4,17,5,26,0,0,14,1,15,0,4,31,6,41,10,10,20,61
07/02/2014,OWB,KY,ASO,CE,Federal Contract Tower,2,4,5,10,21,0,0,11,3,14,2,4,16,13,35,29,6,35,70
07/03/2014,OWB,KY,ASO,CE,Federal Contract Tower,0,6,11,0,17,0,1,37,0,38,0,7,48,0,55,0,0,0,55
07/04/2014,OWB,KY,ASO,CE,Federal Contract Tower,2,5,1,0,8,0,8,40,0,48,2,13,41,0,56,20,0,20,76
07/05/2014,OWB,KY,ASO,CE,Federal Contract Tower,0,6,2,0,8,0,1,26,0,27,0,7,28,0,35,60,0,60,95
07/06/2014,OWB,KY,ASO,CE,Federal Contract Tower,0,5,5,0,10,0,0,26,0,26,0,5,31,0,36,12,0,12,48
07/07/2014,OWB,KY,ASO,CE,Federal Contract Tower,2,9,5,0,16,0,0,12,0,12,2,9,17,0,28,6,0,6,34
07/08/2014,OWB,KY,ASO,CE,Federal Contract Tower,0,6,5,0,11,0,0,13,0,13,0,6,18,0,24,18,0,18,42
07/09/2014,OWB,KY,ASO,CE,Federal Contract Tower,2,4,12,10,28,0,0,21,4,25,2,4,33,14,53,22,18,40,93
07/10/2014,OWB,KY,ASO,CE,Federal Contract Tower,0,10,11,1,22,0,0,25,7,32,0,10,36,8,54,46,10,56,110
07/11/2014,OWB,KY,ASO,CE,Federal Contract Tower,2,11,7,6,26,0,0,41,0,41,2,11,48,6,67,12,0,12,79
07/12/2014,OWB,KY,ASO,CE,Federal Contract Tower,0,6,12,0,18,0,0,45,0,45,0,6,57,0,63,4,0,4,67
07/13/2014,OWB,KY,ASO,CE,Federal Contract Tower,0,7,4,0,11,0,0,20,1,21,0,7,24,1,32,10,2,12,44
07/14/2014,OWB,KY,ASO,CE,Federal Contract Tower,2,3,8,0,13,0,0,12,0,12,2,3,20,0,25,10,0,10,35
07/15/2014,OWB,KY,ASO,CE,Federal Contract Tower,0,7,17,5,29,0,0,14,4,18,0,7,31,9,47,16,10,26,73
07/16/2014,OWB,KY,ASO,CE,Federal Contract Tower,2,4,6,4,16,0,1,47,6,54,2,5,53,10,70,26,10,36,106
07/17/2014,OWB,KY,ASO,CE,Federal Contract Tower,0,5,7,2,14,0,0,40,3,43,0,5,47,5,57,18,8,26,83
07/18/2014,OWB,KY,ASO,CE,Federal Contract Tower,2,8,12,0,22,0,0,19,0,19,2,8,31,0,41,6,0,6,47
07/19/2014,OWB,KY,ASO,CE,Federal Contract Tower,0,4,7,2,13,0,0,3,0,3,0,4,10,2,16,0,0,0,16
07/20/2014,OWB,KY,ASO,CE,Federal Contract Tower,0,9,6,0,15,0,0,35,0,35,0,9,41,0,50,16,0,16,66
07/21/2014,OWB,KY,ASO,CE,Federal Contract Tower,2,7,8,2,19,0,0,27,0,27,2,7,35,2,46,28,0,28,74
07/22/2014,OWB,KY,ASO,CE,Federal Contract Tower,0,6,6,5,17,0,0,16,3,19,0,6,22,8,36,6,8,14,50
07/23/2014,OWB,KY,ASO,CE,Federal Contract Tower,2,5,15,2,24,0,0,9,0,9,2,5,24,2,33,0,0,0,33
07/24/2014,OWB,KY,ASO,CE,Federal Contract Tower,0,8,11,5,24,0,0,17,5,22,0,8,28,10,46,10,18,28,74
07/25/2014,OWB,KY,ASO,CE,Federal Contract Tower,2,9,4,2,17,0,0,27,0,27,2,9,31,2,44,26,2,28,72
07/26/2014,OWB,KY,ASO,CE,Federal Contract Tower,0,4,10,0,14,0,0,25,0,25,0,4,35,0,39,12,0,12,51
07/27/2014,OWB,KY,ASO,CE,Federal Contract Tower,0,6,10,0,16,0,0,29,2,31,0,6,39,2,47,20,0,20,67
07/28/2014,OWB,KY,ASO,CE,Federal Contract Tower,2,6,7,2,17,0,0,20,8,28,2,6,27,10,45,10,0,10,55
07/29/2014,OWB,KY,ASO,CE,Federal Contract Tower,0,5,13,1,19,0,0,28,1,29,0,5,41,2,48,30,0,30,78
07/30/2014,OWB,KY,ASO,CE,Federal Contract Tower,2,6,12,0,20,0,0,23,0,23,2,6,35,0,43,0,0,0,43
07/31/2014,OWB,KY,ASO,CE,Federal Contract Tower,0,10,17,10,37,0,2,26,3,31,0,12,43,13,68,26,12,38,106
08/01/2014,OWB,KY,ASO,CE,Federal Contract Tower,2,6,11,0,19,0,0,16,2,18,2,6,27,2,37,8,0,8,45
08/02/2014,OWB,KY,ASO,CE,Federal Contract Tower,0,6,6,0,12,0,0,22,0,22,0,6,28,0,34,20,0,20,54
08/03/2014,OWB,KY,ASO,CE,Federal Contract Tower,0,6,5,2,13,0,0,29,0,29,0,6,34,2,42,16,0,16,58
08/04/2014,OWB,KY,ASO,CE,Federal Contract Tower,4,6,15,24,49,0,0,32,0,32,4,6,47,24,81,12,0,12,93
08/05/2014,OWB,KY,ASO,CE,Federal Contract Tower,0,4,4,16,24,0,0,17,2,19,0,4,21,18,43,4,20,24,67
08/06/2014,OWB,KY,ASO,CE,Federal Contract Tower,2,8,7,3,20,0,0,10,1,11,2,8,17,4,31,0,2,2,33
08/07/2014,OWB,KY,ASO,CE,Federal Contract Tower,0,8,5,4,17,0,0,13,2,15,0,8,18,6,32,12,6,18,50
08/08/2014,OWB,KY,ASO,CE,Federal Contract Tower,2,9,15,0,26,0,1,5,0,6,2,10,20,0,32,4,0,4,36
08/09/2014,OWB,KY,ASO,CE,Federal Contract Tower,0,6,3,2,11,0,0,10,0,10,0,6,13,2,21,8,0,8,29
08/10/2014,OWB,KY,ASO,CE,Federal Contract Tower,0,8,6,0,14,0,0,11,0,11,0,8,17,0,25,8,0,8,33
08/11/2014,OWB,KY,ASO,CE,Federal Contract Tower,2,8,7,0,17,0,0,13,0,13,2,8,20,0,30,6,0,6,36
08/12/2014,OWB,KY,ASO,CE,Federal Contract Tower,0,10,9,2,21,0,1,16,0,17,0,11,25,2,38,24,0,24,62
08/13/2014,OWB,KY,ASO,CE,Federal Contract Tower,0,10,16,3,29,0,0,42,4,46,0,10,58,7,75,24,4,28,103
08/14/2014,OWB,KY,ASO,CE,Federal Contract Tower,2,6,13,0,21,0,1,23,2,26,2,7,36,2,47,8,4,12,59
08/15/2014,OWB,KY,ASO,CE,Federal Contract Tower,0,8,2,0,10,0,1,39,0,40,0,9,41,0,50,18,0,18,68
08/16/2014,OWB,KY,ASO,CE,Federal Contract Tower,0,5,14,0,19,0,0,61,0,61,0,5,75,0,80,16,0,16,96
08/17/2014,OWB,KY,ASO,CE,Federal Contract Tower,2,6,0,0,8,0,0,0,0,0,2,6,0,0,8,0,0,0,8
08/18/2014,OWB,KY,ASO,CE,Federal Contract Tower,0,6,13,3,22,0,0,17,0,17,0,6,30,3,39,14,0,14,53
08/19/2014,OWB,KY,ASO,CE,Federal Contract Tower,0,4,7,4,15,0,0,15,0,15,0,4,22,4,30,4,0,4,34
08/20/2014,OWB,KY,ASO,CE,Federal Contract Tower,0,4,10,0,14,0,0,13,0,13,0,4,23,0,27,4,0,4,31
08/21/2014,OWB,KY,ASO,CE,Federal Contract Tower,2,6,2,2,12,0,1,19,0,20,2,7,21,2,32,0,0,0,32
08/22/2014,OWB,KY,ASO,CE,Federal Contract Tower,0,6,10,13,29,0,0,31,1,32,0,6,41,14,61,14,6,20,81
08/23/2014,OWB,KY,ASO,CE,Federal Contract Tower,0,5,3,1,9,0,0,20,1,21,0,5,23,2,30,12,0,12,42
08/24/2014,OWB,KY,ASO,CE,Federal Contract Tower,2,6,4,0,12,0,1,26,0,27,2,7,30,0,39,24,0,24,63
08/25/2014,OWB,KY,ASO,CE,Federal Contract Tower,0,8,11,26,45,0,0,14,0,14,0,8,25,26,59,0,0,0,59
08/26/2014,OWB,KY,ASO,CE,Federal Contract Tower,0,5,13,2,20,0,0,26,6,32,0,5,39,8,52,2,4,6,58
08/27/2014,OWB,KY,ASO,CE,Federal Contract Tower,0,5,10,2,17,0,2,19,8,29,0,7,29,10,46,10,12,22,68
08/28/2014,OWB,KY,ASO,CE,Federal Contract Tower,2,7,17,0,26,0,7,20,2,29,2,14,37,2,55,10,2,12,67
08/29/2014,OWB,KY,ASO,CE,Federal Contract Tower,0,8,13,8,29,0,0,21,1,22,0,8,34,9,51,8,8,16,67
08/30/2014,OWB,KY,ASO,CE,Federal Contract Tower,0,3,2,1,6,0,0,18,0,18,0,3,20,1,24,14,0,14,38
08/31/2014,OWB,KY,ASO,CE,Federal Contract Tower,2,7,3,0,12,0,0,12,0,12,2,7,15,0,24,0,0,0,24
09/01/2014,OWB,KY,ASO,CE,Federal Contract Tower,0,6,5,0,11,0,0,15,0,15,0,6,20,0,26,8,0,8,34
09/02/2014,OWB,KY,ASO,CE,Federal Contract Tower,0,6,8,1,15,0,0,9,1,10,0,6,17,2,25,2,0,2,27
09/03/2014,OWB,KY,ASO,CE,Federal Contract Tower,0,5,8,3,16,0,0,35,5,40,0,5,43,8,56,10,10,20,76
09/04/2014,OWB,KY,ASO,CE,Federal Contract Tower,2,6,17,0,25,0,0,21,0,21,2,6,38,0,46,16,0,16,62
09/05/2014,OWB,KY,ASO,CE,Federal Contract Tower,0,10,6,6,22,0,0,22,5,27,0,10,28,11,49,0,10,10,59
09/06/2014,OWB,KY,ASO,CE,Federal Contract Tower,0,5,13,4,22,0,1,28,0,29,0,6,41,4,51,4,0,4,55
09/07/2014,OWB,KY,ASO,CE,Federal Contract Tower,2,5,12,0,19,0,0,32,0,32,2,5,44,0,51,24,0,24,75
09/08/2014,OWB,KY,ASO,CE,Federal Contract Tower,0,8,12,0,20,0,2,17,0,19,0,10,29,0,39,12,0,12,51
09/09/2014,OWB,KY,ASO,CE,Federal Contract Tower,0,7,11,0,18,0,0,23,1,24,0,7,34,1,42,34,0,34,76
09/10/2014,OWB,KY,ASO,CE,Federal Contract Tower,0,6,13,0,19,0,0,2,0,2,0,6,15,0,21,0,0,0,21
09/11/2014,OWB,KY,ASO,CE,Federal Contract Tower,2,12,15,0,29,0,0,1,0,1,2,12,16,0,30,0,0,0,30
09/12/2014,OWB,KY,ASO,CE,Federal Contract Tower,0,9,21,0,30,0,0,12,0,12,0,9,33,0,42,0,0,0,42
09/13/2014,OWB,KY,ASO,CE,Federal Contract Tower,0,4,5,0,9,0,0,11,0,11,0,4,16,0,20,10,0,10,30
09/14/2014,OWB,KY,ASO,CE,Federal Contract Tower,2,9,9,0,20,0,0,38,0,38,2,9,47,0,58,50,0,50,108
09/15/2014,OWB,KY,ASO,CE,Federal Contract Tower,0,8,14,0,22,0,0,23,6,29,0,8,37,6,51,4,0,4,55
09/16/2014,OWB,KY,ASO,CE,Federal Contract Tower,0,5,13,2,20,0,0,23,0,23,0,5,36,2,43,8,6,14,57
09/17/2014,OWB,KY,ASO,CE,Federal Contract Tower,0,6,15,1,22,0,0,16,2,18,0,6,31,3,40,10,0,10,50
09/18/2014,OWB,KY,ASO,CE,Federal Contract Tower,2,7,7,3,19,0,0,17,10,27,2,7,24,13,46,20,0,20,66
09/19/2014,OWB,KY,ASO,CE,Federal Contract Tower,0,6,9,7,22,0,0,37,0,37,0,6,46,7,59,20,0,20,79
09/20/2014,OWB,KY,ASO,CE,Federal Contract Tower,0,8,7,0,15,0,0,36,0,36,0,8,43,0,51,12,0,12,63
09/21/2014,OWB,KY,ASO,CE,Federal Contract Tower,2,8,3,2,15,0,0,15,0,15,2,8,18,2,30,8,0,8,38
09/22/2014,OWB,KY,ASO,CE,Federal Contract Tower,0,10,7,7,24,0,0,23,0,23,0,10,30,7,47,10,6,16,63
09/23/2014,OWB,KY,ASO,CE,Federal Contract Tower,0,4,9,15,28,0,0,27,10,37,0,4,36,25,65,14,10,24,89
09/24/2014,OWB,KY,ASO,CE,Federal Contract Tower,0,5,18,0,23,0,0,28,2,30,0,5,46,2,53,22,0,22,75
09/25/2014,OWB,KY,ASO,CE,Federal Contract Tower,2,10,7,2,21,0,0,43,3,46,2,10,50,5,67,30,0,30,97
09/26/2014,OWB,KY,ASO,CE,Federal Contract Tower,0,11,6,2,19,0,0,31,0,31,0,11,37,2,50,28,0,28,78
09/27/2014,OWB,KY,ASO,CE,Federal Contract Tower,0,6,12,0,18,0,0,39,0,39,0,6,51,0,57,36,0,36,93
09/28/2014,OWB,KY,ASO,CE,Federal Contract Tower,2,11,3,14,30,0,0,18,2,20,2,11,21,16,50,4,0,4,54
09/29/2014,OWB,KY,ASO,CE,Federal Contract Tower,0,9,0,2,11,0,0,29,0,29,0,9,29,2,40,18,6,24,64
09/30/2014,OWB,KY,ASO,CE,Federal Contract Tower,0,4,5,4,13,0,0,36,0,36,0,4,41,4,49,26,2,28,77
10/01/2014,OWB,KY,ASO,CE,Federal Contract Tower,0,5,5,2,12,0,0,31,10,41,0,5,36,12,53,6,4,10,63
10/02/2014,OWB,KY,ASO,CE,Federal Contract Tower,2,8,11,4,25,0,0,29,3,32,2,8,40,7,57,12,2,14,71
10/03/2014,OWB,KY,ASO,CE,Federal Contract Tower,0,6,11,0,17,0,0,36,0,36,0,6,47,0,53,0,0,0,53
10/04/2014,OWB,KY,ASO,CE,Federal Contract Tower,0,5,7,0,12,0,1,55,2,58,0,6,62,2,70,42,2,44,114
10/05/2014,OWB,KY,ASO,CE,Federal Contract Tower,2,5,13,1,21,0,1,47,0,48,2,6,60,1,69,38,0,38,107
10/06/2014,OWB,KY,ASO,CE,Federal Contract Tower,0,6,10,0,16,0,0,24,0,24,0,6,34,0,40,10,0,10,50
10/07/2014,OWB,KY,ASO,CE,Federal Contract Tower,0,4,4,14,22,0,0,5,4,9,0,4,9,18,31,6,20,26,57
10/08/2014,OWB,KY,ASO,CE,Federal Contract Tower,0,6,2,4,12,0,0,30,5,35,0,6,32,9,47,32,6,38,85
10/09/2014,OWB,KY,ASO,CE,Federal Contract Tower,2,6,6,0,14,0,0,17,0,17,2,6,23,0,31,38,0,38,69
10/10/2014,OWB,KY,ASO,CE,Federal Contract Tower,0,6,5,0,11,0,0,0,0,0,0,6,5,0,11,0,0,0,11
10/11/2014,OWB,KY,ASO,CE,Federal Contract Tower,0,7,8,0,15,0,0,12,0,12,0,7,20,0,27,0,0,0,27
10/12/2014,OWB,KY,ASO,CE,Federal Contract Tower,2,6,8,0,16,0,0,6,0,6,2,6,14,0,22,0,0,0,22
10/13/2014,OWB,KY,ASO,CE,Federal Contract Tower,0,5,9,0,14,0,0,2,0,2,0,5,11,0,16,0,0,0,16
10/14/2014,OWB,KY,ASO,CE,Federal Contract Tower,0,4,6,7,17,0,0,4,3,7,0,4,10,10,24,0,0,0,24
10/15/2014,OWB,KY,ASO,CE,Federal Contract Tower,0,4,9,10,23,0,0,0,0,0,0,4,9,10,23,0,0,0,23
10/16/2014,OWB,KY,ASO,CE,Federal Contract Tower,2,7,10,8,27,0,0,9,3,12,2,7,19,11,39,6,0,6,45
10/17/2014,OWB,KY,ASO,CE,Federal Contract Tower,0,11,12,3,26,0,0,18,0,18,0,11,30,3,44,2,0,2,46
10/18/2014,OWB,KY,ASO,CE,Federal Contract Tower,0,4,4,0,8,0,0,17,0,17,0,4,21,0,25,4,0,4,29
10/19/2014,OWB,KY,ASO,CE,Federal Contract Tower,2,6,7,0,15,0,0,33,0,33,2,6,40,0,48,40,0,40,88
10/20/2014,OWB,KY,ASO,CE,Federal Contract Tower,0,11,9,8,28,0,0,25,4,29,0,11,34,12,57,48,16,64,121
10/21/2014,OWB,KY,ASO,CE,Federal Contract Tower,0,8,20,5,33,0,0,33,1,34,0,8,53,6,67,14,0,14,81
10/22/2014,OWB,KY,ASO,CE,Federal Contract Tower,0,2,16,0,18,0,1,28,2,31,0,3,44,2,49,52,0,52,101
10/23/2014,OWB,KY,ASO,CE,Federal Contract Tower,2,6,7,4,19,1,1,35,2,39,3,7,42,6,58,20,0,20,78
10/24/2014,OWB,KY,ASO,CE,Federal Contract Tower,0,6,16,5,27,0,0,33,2,35,0,6,49,7,62,20,2,22,84
10/25/2014,OWB,KY,ASO,CE,Federal Contract Tower,0,6,16,0,22,0,0,27,0,27,0,6,43,0,49,0,0,0,49
10/26/2014,OWB,KY,ASO,CE,Federal Contract Tower,2,6,4,0,12,0,0,32,0,32,2,6,36,0,44,4,0,4,48
10/27/2014,OWB,KY,ASO,CE,Federal Contract Tower,0,7,10,9,26,0,0,8,0,8,0,7,18,9,34,0,0,0,34
10/28/2014,OWB,KY,ASO,CE,Federal Contract Tower,0,4,10,26,40,0,0,14,2,16,0,4,24,28,56,4,0,4,60
10/29/2014,OWB,KY,ASO,CE,Federal Contract Tower,0,8,17,22,47,0,0,27,5,32,0,8,44,27,79,10,16,26,105
10/30/2014,OWB,KY,ASO,CE,Federal Contract Tower,2,10,10,7,29,0,0,18,2,20,2,10,28,9,49,6,0,6,55
10/31/2014,OWB,KY,ASO,CE,Federal Contract Tower,0,6,1,2,9,0,0,13,0,13,0,6,14,2,22,6,0,6,28
11/01/2014,OWB,KY,ASO,CE,Federal Contract Tower,0,5,5,0,10,0,0,22,0,22,0,5,27,0,32,22,0,22,54
11/02/2014,OWB,KY,ASO,CE,Federal Contract Tower,2,2,2,0,6,0,4,26,0,30,2,6,28,0,36,32,0,32,68
11/03/2014,OWB,KY,ASO,CE,Federal Contract Tower,0,4,4,0,8,0,1,13,0,14,0,5,17,0,22,28,0,28,50
11/04/2014,OWB,KY,ASO,CE,Federal Contract Tower,0,9,4,12,25,0,0,5,0,5,0,9,9,12,30,14,0,14,44
11/05/2014,OWB,KY,ASO,CE,Federal Contract Tower,0,6,2,10,18,0,0,0,0,0,0,6,2,10,18,0,0,0,18
11/06/2014,OWB,KY,ASO,CE,Federal Contract Tower,2,7,5,2,16,0,0,10,0,10,2,7,15,2,26,6,0,6,32
11/07/2014,OWB,KY,ASO,CE,Federal Contract Tower,0,9,8,4,21,0,0,28,0,28,0,9,36,4,49,36,0,36,85
11/08/2014,OWB,KY,ASO,CE,Federal Contract Tower,0,5,8,0,13,0,0,37,0,37,0,5,45,0,50,34,0,34,84
11/09/2014,OWB,KY,ASO,CE,Federal Contract Tower,2,10,6,0,18,0,0,32,0,32,2,10,38,0,50,40,0,40,90
11/10/2014,OWB,KY,ASO,CE,Federal Contract Tower,0,6,3,0,9,0,0,20,0,20,0,6,23,0,29,6,0,6,35
11/11/2014,OWB,KY,ASO,CE,Federal Contract Tower,0,4,13,0,17,0,0,1,0,1,0,4,14,0,18,0,0,0,18
11/12/2014,OWB,KY,ASO,CE,Federal Contract Tower,0,4,8,6,18,0,0,10,13,23,0,4,18,19,41,8,18,26,67
11/13/2014,OWB,KY,ASO,CE,Federal Contract Tower,2,6,15,8,31,0,0,8,4,12,2,6,23,12,43,16,10,26,69
11/14/2014,OWB,KY,ASO,CE,Federal Contract Tower,0,9,20,3,32,0,0,23,0,23,0,9,43,3,55,8,0,8,63
11/15/2014,OWB,KY,ASO,CE,Federal Contract Tower,0,2,12,0,14,0,0,36,0,36,0,2,48,0,50,24,0,24,74
11/16/2014,OWB,KY,ASO,CE,Federal Contract Tower,2,6,5,0,13,0,0,4,0,4,2,6,9,0,17,4,0,4,21
11/17/2014,OWB,KY,ASO,CE,Federal Contract Tower,0,5,0,8,13,0,0,0,2,2,0,5,0,10,15,0,14,14,29
11/18/2014,OWB,KY,ASO,CE,Federal Contract Tower,0,5,10,5,20,0,0,8,10,18,0,5,18,15,38,6,10,16,54
11/19/2014,OWB,KY,ASO,CE,Federal Contract Tower,0,6,7,17,30,0,0,11,2,13,0,6,18,19,43,0,18,18,61
11/20/2014,OWB,KY,ASO,CE,Federal Contract Tower,2,9,6,9,26,0,1,27,1,29,2,10,33,10,55,2,0,2,57
11/21/2014,OWB,KY,ASO,CE,Federal Contract Tower,0,7,9,10,26,0,0,22,1,23,0,7,31,11,49,18,0,18,67
11/22/2014,OWB,KY,ASO,CE,Federal Contract Tower,0,4,2,0,6,0,0,10,0,10,0,4,12,0,16,16,0,16,32
11/23/2014,OWB,KY,ASO,CE,Federal Contract Tower,2,8,4,0,14,0,0,0,0,0,2,8,4,0,14,0,0,0,14
11/24/2014,OWB,KY,ASO,CE,Federal Contract Tower,0,10,0,5,15,0,0,3,2,5,0,10,3,7,20,0,0,0,20
11/25/2014,OWB,KY,ASO,CE,Federal Contract Tower,0,4,8,9,21,0,0,17,2,19,0,4,25,11,40,8,6,14,54
11/26/2014,OWB,KY,ASO,CE,Federal Contract Tower,2,7,10,2,21,0,0,15,0,15,2,7,25,2,36,8,0,8,44
11/27/2014,OWB,KY,ASO,CE,Federal Contract Tower,0,6,0,0,6,0,0,0,0,0,0,6,0,0,6,0,0,0,6
11/28/2014,OWB,KY,ASO,CE,Federal Contract Tower,0,6,0,0,6,0,0,9,0,9,0,6,9,0,15,10,0,10,25
11/29/2014,OWB,KY,ASO,CE,Federal Contract Tower,0,0,4,0,4,0,0,6,0,6,0,0,10,0,10,2,0,2,12
11/30/2014,OWB,KY,ASO,CE,Federal Contract Tower,2,9,3,0,14,0,0,11,0,11,2,9,14,0,25,4,0,4,29
12/01/2014,OWB,KY,ASO,CE,Federal Contract Tower,0,4,4,2,10,0,0,0,0,0,0,4,4,2,10,0,0,0,10
12/02/2014,OWB,KY,ASO,CE,Federal Contract Tower,0,4,4,0,8,0,0,0,0,0,0,4,4,0,8,0,0,0,8
12/03/2014,OWB,KY,ASO,CE,Federal Contract Tower,0,6,7,2,15,0,0,22,2,24,0,6,29,4,39,44,0,44,83
12/04/2014,OWB,KY,ASO,CE,Federal Contract Tower,2,9,9,4,24,0,0,0,0,0,2,9,9,4,24,0,0,0,24
12/05/2014,OWB,KY,ASO,CE,Federal Contract Tower,0,7,10,0,17,0,0,0,0,0,0,7,10,0,17,0,0,0,17
12/06/2014,OWB,KY,ASO,CE,Federal Contract Tower,0,8,9,2,19,0,0,0,0,0,0,8,9,2,19,0,0,0,19
12/07/2014,OWB,KY,ASO,CE,Federal Contract Tower,2,6,9,0,17,0,0,34,0,34,2,6,43,0,51,14,0,14,65
12/08/2014,OWB,KY,ASO,CE,Federal Contract Tower,0,9,10,3,22,0,0,32,2,34,0,9,42,5,56,30,30,60,116
12/09/2014,OWB,KY,ASO,CE,Federal Contract Tower,0,7,12,7,26,0,0,9,3,12,0,7,21,10,38,24,4,28,66
12/10/2014,OWB,KY,ASO,CE,Federal Contract Tower,0,4,8,5,17,0,0,18,10,28,0,4,26,15,45,66,10,76,121
12/11/2014,OWB,KY,ASO,CE,Federal Contract Tower,2,10,13,8,33,0,0,33,0,33,2,10,46,8,66,72,0,72,138
12/12/2014,OWB,KY,ASO,CE,Federal Contract Tower,0,14,7,0,21,0,0,16,2,18,0,14,23,2,39,8,0,8,47
12/13/2014,OWB,KY,ASO,CE,Federal Contract Tower,0,7,2,0,9,0,0,9,7,16,0,7,11,7,25,0,0,0,25
12/14/2014,OWB,KY,ASO,CE,Federal Contract Tower,2,6,1,0,9,0,0,0,0,0,2,6,1,0,9,0,0,0,9
12/15/2014,OWB,KY,ASO,CE,Federal Contract Tower,0,6,11,8,25,0,0,0,0,0,0,6,11,8,25,8,0,8,33
12/16/2014,OWB,KY,ASO,CE,Federal Contract Tower,0,8,9,1,18,0,0,16,6,22,0,8,25,7,40,10,0,10,50
12/17/2014,OWB,KY,ASO,CE,Federal Contract Tower,0,8,12,18,38,0,0,16,0,16,0,8,28,18,54,4,0,4,58
12/18/2014,OWB,KY,ASO,CE,Federal Contract Tower,2,9,4,16,31,0,0,20,0,20,2,9,24,16,51,16,0,16,67
12/19/2014,OWB,KY,ASO,CE,Federal Contract Tower,0,10,14,4,28,0,0,21,0,21,0,10,35,4,49,4,0,4,53
12/20/2014,OWB,KY,ASO,CE,Federal Contract Tower,2,8,12,0,22,0,0,40,0,40,2,8,52,0,62,6,0,6,68
12/21/2014,OWB,KY,ASO,CE,Federal Contract Tower,3,7,3,0,13,0,0,34,0,34,3,7,37,0,47,10,0,10,57
12/22/2014,OWB,KY,ASO,CE,Federal Contract Tower,1,8,6,0,15,0,0,11,0,11,1,8,17,0,26,8,0,8,34
12/23/2014,OWB,KY,ASO,CE,Federal Contract Tower,2,6,16,2,26,0,0,0,0,0,2,6,16,2,26,0,0,0,26
12/24/2014,OWB,KY,ASO,CE,Federal Contract Tower,0,4,3,0,7,0,0,3,0,3,0,4,6,0,10,10,0,10,20
12/25/2014,OWB,KY,ASO,CE,Federal Contract Tower,2,8,0,0,10,0,0,5,0,5,2,8,5,0,15,14,0,14,29
12/26/2014,OWB,KY,ASO,CE,Federal Contract Tower,0,7,12,0,19,0,0,25,0,25,0,7,37,0,44,16,0,16,60
12/27/2014,OWB,KY,ASO,CE,Federal Contract Tower,2,5,4,0,11,0,0,2,0,2,2,5,6,0,13,0,0,0,13
12/28/2014,OWB,KY,ASO,CE,Federal Contract Tower,2,7,3,0,12,0,0,3,0,3,2,7,6,0,15,0,0,0,15
12/29/2014,OWB,KY,ASO,CE,Federal Contract Tower,0,6,4,8,18,0,0,11,2,13,0,6,15,10,31,0,0,0,31
12/30/2014,OWB,KY,ASO,CE,Federal Contract Tower,2,7,8,0,17,0,0,23,0,23,2,7,31,0,40,20,0,20,60
12/31/2014,OWB,KY,ASO,CE,Federal Contract Tower,0,4,4,0,8,0,0,17,0,17,0,4,21,0,25,10,0,10,35
01/01/2015,OWB,KY,ASO,CE,Federal Contract Tower,2,8,7,0,17,0,0,50,0,50,2,8,57,0,67,22,0,22,89
01/02/2015,OWB,KY,ASO,CE,Federal Contract Tower,0,9,6,0,15,0,0,0,0,0,0,9,6,0,15,0,0,0,15
01/03/2015,OWB,KY,ASO,CE,Federal Contract Tower,0,7,0,0,7,0,0,2,0,2,0,7,2,0,9,6,0,6,15
01/04/2015,OWB,KY,ASO,CE,Federal Contract Tower,2,7,3,0,12,0,0,2,0,2,2,7,5,0,14,0,0,0,14
01/05/2015,OWB,KY,ASO,CE,Federal Contract Tower,0,5,8,0,13,0,1,25,2,28,0,6,33,2,41,48,0,48,89
01/06/2015,OWB,KY,ASO,CE,Federal Contract Tower,0,4,8,10,22,0,0,13,2,15,0,4,21,12,37,24,18,42,79
01/07/2015,OWB,KY,ASO,CE,Federal Contract Tower,0,2,5,3,10,0,0,0,1,1,0,2,5,4,11,0,0,0,11
01/08/2015,OWB,KY,ASO,CE,Federal Contract Tower,2,6,2,2,12,0,0,15,2,17,2,6,17,4,29,50,0,50,79
01/09/2015,OWB,KY,ASO,CE,Federal Contract Tower,0,8,2,4,14,0,0,7,0,7,0,8,9,4,21,20,10,30,51
01/10/2015,OWB,KY,ASO,CE,Federal Contract Tower,0,4,0,2,6,0,0,25,1,26,0,4,25,3,32,18,2,20,52
01/11/2015,OWB,KY,ASO,CE,Federal Contract Tower,2,6,2,0,10,0,0,2,0,2,2,6,4,0,12,2,0,2,14
01/12/2015,OWB,KY,ASO,CE,Federal Contract Tower,0,6,3,0,9,0,0,2,0,2,0,6,5,0,11,0,0,0,11
01/13/2015,OWB,KY,ASO,CE,Federal Contract Tower,0,6,14,2,22,0,0,15,4,19,0,6,29,6,41,36,0,36,77
01/14/2015,OWB,KY,ASO,CE,Federal Contract Tower,0,4,3,6,13,0,0,3,0,3,0,4,6,6,16,0,0,0,16
01/15/2015,OWB,KY,ASO,CE,Federal Contract Tower,2,7,6,12,27,0,0,3,4,7,2,7,9,16,34,38,0,38,72
01/16/2015,OWB,KY,ASO,CE,Federal Contract Tower,0,7,14,10,31,0,0,22,0,22,0,7,36,10,53,64,0,64,117
01/17/2015,OWB,KY,ASO,CE,Federal Contract Tower,0,5,12,0,17,0,0,34,0,34,0,5,46,0,51,42,0,42,93
01/18/2015,OWB,KY,ASO,CE,Federal Contract Tower,2,6,15,0,23,0,0,17,0,17,2,6,32,0,40,34,0,34,74
01/19/2015,OWB,KY,ASO,CE,Federal Contract Tower,0,11,16,0,27,0,0,28,0,28,0,11,44,0,55,148,0,148,203
01/20/2015,OWB,KY,ASO,CE,Federal Contract Tower,0,6,9,16,31,0,1,19,2,22,0,7,28,18,53,6,4,10,63
01/21/2015,OWB,KY,ASO,CE,Federal Contract Tower,0,5,18,8,31,0,0,18,1,19,0,5,36,9,50,30,2,32,82
01/22/2015,OWB,KY,ASO,CE,Federal Contract Tower,2,6,6,2,16,0,0,21,0,21,2,6,27,2,37,52,0,52,89
01/23/2015,OWB,KY,ASO,CE,Federal Contract Tower,0,6,7,0,13,0,0,10,0,10,0,6,17,0,23,6,0,6,29
01/24/2015,OWB,KY,ASO,CE,Federal Contract Tower,0,5,12,0,17,0,0,39,0,39,0,5,51,0,56,12,0,12,68
01/25/2015,OWB,KY,ASO,CE,Federal Contract Tower,2,6,7,0,15,0,0,6,0,6,2,6,13,0,21,10,0,10,31
01/26/2015,OWB,KY,ASO,CE,Federal Contract Tower,0,7,0,0,7,0,0,4,0,4,0,7,4,0,11,26,0,26,37
01/27/2015,OWB,KY,ASO,CE,Federal Contract Tower,0,6,11,11,28,0,0,2,1,3,0,6,13,12,31,0,4,4,35
01/28/2015,OWB,KY,ASO,CE,Federal Contract Tower,0,5,4,10,19,0,0,34,0,34,0,5,38,10,53,8,4,12,65
01/29/2015,OWB,KY,ASO,CE,Federal Contract Tower,2,8,4,10,24,0,0,4,11,15,2,8,8,21,39,0,10,10,49
01/30/2015,OWB,KY,ASO,CE,Federal Contract Tower,0,8,5,5,18,0,0,23,0,23,0,8,28,5,41,32,0,32,73
01/31/2015,OWB,KY,ASO,CE,Federal Contract Tower,0,7,12,0,19,0,1,38,0,39,0,8,50,0,58,12,0,12,70
02/01/2015,OWB,KY,ASO,CE,Federal Contract Tower,2,7,0,0,9,0,0,0,0,0,2,7,0,0,9,0,0,0,9
02/02/2015,OWB,KY,ASO,CE,Federal Contract Tower,0,6,8,6,20,0,0,4,0,4,0,6,12,6,24,18,0,18,42
02/03/2015,OWB,KY,ASO,CE,Federal Contract Tower,0,7,9,3,19,0,2,25,5,32,0,9,34,8,51,28,8,36,87
02/04/2015,OWB,KY,ASO,CE,Federal Contract Tower,0,5,3,8,16,0,0,18,10,28,0,5,21,18,44,32,36,68,112
02/05/2015,OWB,KY,ASO,CE,Federal Contract Tower,2,7,5,2,16,0,0,19,8,27,2,7,24,10,43,22,0,22,65
02/06/2015,OWB,KY,ASO,CE,Federal Contract Tower,0,6,4,8,18,0,0,35,2,37,0,6,39,10,55,76,0,76,131
02/07/2015,OWB,KY,ASO,CE,Federal Contract Tower,0,4,2,1,7,0,0,23,1,24,0,4,25,2,31,24,0,24,55
02/08/2015,OWB,KY,ASO,CE,Federal Contract Tower,2,7,0,0,9,0,0,4,0,4,2,7,4,0,13,0,0,0,13
02/09/2015,OWB,KY,ASO,CE,Federal Contract Tower,0,7,5,2,14,0,0,1,0,1,0,7,6,2,15,0,0,0,15
02/10/2015,OWB,KY,ASO,CE,Federal Contract Tower,0,9,11,0,20,0,0,27,0,27,0,9,38,0,47,50,0,50,97
02/11/2015,OWB,KY,ASO,CE,Federal Contract Tower,0,4,1,4,9,0,0,9,2,11,0,4,10,6,20,4,6,10,30
02/12/2015,OWB,KY,ASO,CE,Federal Contract Tower,2,12,2,7,23,0,0,8,4,12,2,12,10,11,35,0,0,0,35
02/13/2015,OWB,KY,ASO,CE,Federal Contract Tower,0,8,16,0,24,0,0,18,0,18,0,8,34,0,42,42,0,42,84
02/14/2015,OWB,KY,ASO,CE,Federal Contract Tower,0,4,1,0,5,0,0,3,0,3,0,4,4,0,8,0,0,0,8
02/15/2015,OWB,KY,ASO,CE,Federal Contract Tower,2,6,3,0,11,0,0,14,0,14,2,6,17,0,25,6,0,6,31
02/16/2015,OWB,KY,ASO,CE,Federal Contract Tower,0,0,0,0,0,0,0,0,0,0,0,0,0,0,0,0,0,0,0
02/17/2015,OWB,KY,ASO,CE,Federal Contract Tower,0,5,0,0,5,0,2,0,0,2,0,7,0,0,7,0,0,0,7
02/18/2015,OWB,KY,ASO,CE,Federal Contract Tower,0,8,3,0,11,0,0,4,0,4,0,8,7,0,15,0,0,0,15
02/19/2015,OWB,KY,ASO,CE,Federal Contract Tower,2,7,3,0,12,0,0,7,0,7,2,7,10,0,19,24,0,24,43
02/21/2015,OWB,KY,ASO,CE,Federal Contract Tower,0,4,1,0,5,0,0,0,0,0,0,4,1,0,5,0,0,0,5
02/22/2015,OWB,KY,ASO,CE,Federal Contract Tower,2,10,3,0,15,0,0,0,0,0,2,10,3,0,15,0,0,0,15
02/23/2015,OWB,KY,ASO,CE,Federal Contract Tower,0,10,7,0,17,0,0,5,0,5,0,10,12,0,22,62,0,62,84
02/24/2015,OWB,KY,ASO,CE,Federal Contract Tower,0,5,9,6,20,0,0,19,2,21,0,5,28,8,41,14,2,16,57
02/25/2015,OWB,KY,ASO,CE,Federal Contract Tower,0,12,9,10,31,0,22,3,0,25,0,34,12,10,56,34,2,36,92
02/26/2015,OWB,KY,ASO,CE,Federal Contract Tower,2,9,10,16,37,0,0,6,1,7,2,9,16,17,44,26,0,26,70
02/27/2015,OWB,KY,ASO,CE,Federal Contract Tower,0,7,6,8,21,0,0,10,6,16,0,7,16,14,37,20,30,50,87
02/28/2015,OWB,KY,ASO,CE,Federal Contract Tower,0,4,5,0,9,0,0,16,0,16,0,4,21,0,25,12,4,16,41
03/01/2015,OWB,KY,ASO,CE,Federal Contract Tower,2,4,0,0,6,0,0,2,0,2,2,4,2,0,8,0,0,0,8
03/02/2015,OWB,KY,ASO,CE,Federal Contract Tower,0,8,0,10,18,0,0,26,11,37,0,8,26,21,55,80,4,84,139
03/03/2015,OWB,KY,ASO,CE,Federal Contract Tower,0,5,5,0,10,0,0,0,0,0,0,5,5,0,10,0,0,0,10
03/04/2015,OWB,KY,ASO,CE,Federal Contract Tower,0,2,1,0,3,0,0,0,0,0,0,2,1,0,3,0,0,0,3
03/05/2015,OWB,KY,ASO,CE,Federal Contract Tower,0,0,0,0,0,0,0,0,0,0,0,0,0,0,0,0,0,0,0
03/06/2015,OWB,KY,ASO,CE,Federal Contract Tower,2,7,3,0,12,0,0,12,0,12,2,7,15,0,24,24,0,24,48
03/07/2015,OWB,KY,ASO,CE,Federal Contract Tower,0,5,4,0,9,0,0,18,0,18,0,5,22,0,27,12,0,12,39
03/08/2015,OWB,KY,ASO,CE,Federal Contract Tower,2,6,6,0,14,0,0,34,0,34,2,6,40,0,48,115,0,115,163
03/09/2015,OWB,KY,ASO,CE,Federal Contract Tower,0,6,11,2,19,0,0,2,0,2,0,6,13,2,21,0,0,0,21
03/10/2015,OWB,KY,ASO,CE,Federal Contract Tower,0,6,12,2,20,0,0,2,0,2,0,6,14,2,22,0,0,0,22
03/11/2015,OWB,KY,ASO,CE,Federal Contract Tower,0,5,10,7,22,0,0,19,3,22,0,5,29,10,44,16,14,30,74
03/12/2015,OWB,KY,ASO,CE,Federal Contract Tower,2,13,5,4,24,0,0,16,15,31,2,13,21,19,55,46,2,48,103
03/13/2015,OWB,KY,ASO,CE,Federal Contract Tower,0,7,2,0,9,0,0,0,0,0,0,7,2,0,9,0,0,0,9
03/14/2015,OWB,KY,ASO,CE,Federal Contract Tower,0,6,2,0,8,0,0,0,0,0,0,6,2,0,8,0,0,0,8
03/15/2015,OWB,KY,ASO,CE,Federal Contract Tower,2,5,4,0,11,0,1,59,1,61,2,6,63,1,72,88,0,88,160
03/16/2015,OWB,KY,ASO,CE,Federal Contract Tower,0,8,1,0,9,0,0,31,2,33,0,8,32,2,42,14,0,14,56
03/17/2015,OWB,KY,ASO,CE,Federal Contract Tower,0,7,7,0,14,0,0,28,0,28,0,7,35,0,42,46,0,46,88
03/18/2015,OWB,KY,ASO,CE,Federal Contract Tower,0,9,5,2,16,0,1,20,0,21,0,10,25,2,37,94,0,94,131
03/19/2015,OWB,KY,ASO,CE,Federal Contract Tower,2,7,5,3,17,0,0,11,3,14,2,7,16,6,31,46,0,46,77
03/20/2015,OWB,KY,ASO,CE,Federal Contract Tower,0,7,11,0,18,0,0,11,0,11,0,7,22,0,29,10,0,10,39
03/21/2015,OWB,KY,ASO,CE,Federal Contract Tower,0,8,10,4,22,0,1,80,1,82,0,9,90,5,104,40,4,44,148
03/22/2015,OWB,KY,ASO,CE,Federal Contract Tower,2,11,3,0,16,0,0,33,0,33,2,11,36,0,49,74,0,74,123
03/23/2015,OWB,KY,ASO,CE,Federal Contract Tower,0,7,7,0,14,0,0,22,4,26,0,7,29,4,40,8,0,8,48
03/24/2015,OWB,KY,ASO,CE,Federal Contract Tower,0,4,5,0,9,0,0,5,4,9,0,4,10,4,18,14,0,14,32
03/25/2015,OWB,KY,ASO,CE,Federal Contract Tower,0,4,15,4,23,0,1,18,4,23,0,5,33,8,46,26,2,28,74
03/26/2015,OWB,KY,ASO,CE,Federal Contract Tower,2,5,10,0,17,0,0,0,0,0,2,5,10,0,17,4,0,4,21
03/27/2015,OWB,KY,ASO,CE,Federal Contract Tower,0,9,9,4,22,0,0,19,1,20,0,9,28,5,42,0,0,0,42
03/28/2015,OWB,KY,ASO,CE,Federal Contract Tower,0,4,11,0,15,0,0,37,0,37,0,4,48,0,52,30,0,30,82
03/29/2015,OWB,KY,ASO,CE,Federal Contract Tower,2,8,4,0,14,0,0,18,0,18,2,8,22,0,32,2,0,2,34
03/30/2015,OWB,KY,ASO,CE,Federal Contract Tower,0,8,17,0,25,0,0,41,0,41,0,8,58,0,66,80,0,80,146
03/31/2015,OWB,KY,ASO,CE,Federal Contract Tower,0,4,2,4,10,0,0,19,0,19,0,4,21,4,29,4,0,4,33
04/01/2015,OWB,KY,ASO,CE,Federal Contract Tower,0,8,16,1,25,0,0,41,1,42,0,8,57,2,67,50,0,50,117
04/02/2015,OWB,KY,ASO,CE,Federal Contract Tower,2,6,8,0,16,0,0,0,0,0,2,6,8,0,16,0,0,0,16
04/03/2015,OWB,KY,ASO,CE,Federal Contract Tower,0,11,8,0,19,0,0,1,0,1,0,11,9,0,20,0,0,0,20
04/04/2015,OWB,KY,ASO,CE,Federal Contract Tower,0,6,16,0,22,0,0,47,0,47,0,6,63,0,69,28,0,28,97
04/05/2015,OWB,KY,ASO,CE,Federal Contract Tower,2,10,3,0,15,0,0,12,0,12,2,10,15,0,27,8,0,8,35
04/06/2015,OWB,KY,ASO,CE,Federal Contract Tower,0,6,8,0,14,0,0,4,0,4,0,6,12,0,18,0,0,0,18
04/07/2015,OWB,KY,ASO,CE,Federal Contract Tower,0,1,11,0,12,0,0,0,0,0,0,1,11,0,12,0,0,0,12
04/08/2015,OWB,KY,ASO,CE,Federal Contract Tower,0,7,16,0,23,0,0,10,0,10,0,7,26,0,33,42,0,42,75
04/09/2015,OWB,KY,ASO,CE,Federal Contract Tower,2,10,3,2,17,0,0,6,0,6,2,10,9,2,23,10,2,12,35
04/10/2015,OWB,KY,ASO,CE,Federal Contract Tower,0,10,17,0,27,0,0,30,0,30,0,10,47,0,57,10,0,10,67
04/11/2015,OWB,KY,ASO,CE,Federal Contract Tower,0,7,10,0,17,0,0,52,0,52,0,7,62,0,69,2,0,2,71
04/12/2015,OWB,KY,ASO,CE,Federal Contract Tower,2,8,5,0,15,0,1,34,0,35,2,9,39,0,50,54,0,54,104
04/13/2015,OWB,KY,ASO,CE,Federal Contract Tower,0,5,7,1,13,0,0,1,0,1,0,5,8,1,14,0,0,0,14
04/14/2015,OWB,KY,ASO,CE,Federal Contract Tower,0,4,9,0,13,0,0,16,2,18,0,4,25,2,31,22,0,22,53
04/15/2015,OWB,KY,ASO,CE,Federal Contract Tower,0,6,17,2,25,0,0,29,0,29,0,6,46,2,54,48,0,48,102
04/16/2015,OWB,KY,ASO,CE,Federal Contract Tower,2,9,8,0,19,0,0,8,0,8,2,9,16,0,27,0,0,0,27
04/17/2015,OWB,KY,ASO,CE,Federal Contract Tower,0,6,8,0,14,0,0,42,0,42,0,6,50,0,56,88,0,88,144
04/18/2015,OWB,KY,ASO,CE,Federal Contract Tower,0,4,6,2,12,0,0,39,0,39,0,4,45,2,51,24,0,24,75
04/19/2015,OWB,KY,ASO,CE,Federal Contract Tower,2,4,2,0,8,0,0,0,0,0,2,4,2,0,8,0,0,0,8
04/20/2015,OWB,KY,ASO,CE,Federal Contract Tower,0,6,7,0,13,0,0,10,0,10,0,6,17,0,23,0,0,0,23
04/21/2015,OWB,KY,ASO,CE,Federal Contract Tower,0,2,7,0,9,0,0,13,0,13,0,2,20,0,22,42,0,42,64
04/22/2015,OWB,KY,ASO,CE,Federal Contract Tower,0,6,0,8,14,0,0,21,1,22,0,6,21,9,36,18,0,18,54
04/23/2015,OWB,KY,ASO,CE,Federal Contract Tower,2,11,8,3,24,0,0,31,0,31,2,11,39,3,55,80,0,80,135
04/24/2015,OWB,KY,ASO,CE,Federal Contract Tower,0,6,6,0,12,0,0,22,1,23,0,6,28,1,35,34,0,34,69
04/25/2015,OWB,KY,ASO,CE,Federal Contract Tower,0,4,2,0,6,0,0,0,0,0,0,4,2,0,6,0,0,0,6
04/26/2015,OWB,KY,ASO,CE,Federal Contract Tower,2,5,5,0,12,0,0,19,0,19,2,5,24,0,31,34,0,34,65
04/27/2015,OWB,KY,ASO,CE,Federal Contract Tower,0,9,7,0,16,0,0,24,0,24,0,9,31,0,40,64,0,64,104
04/28/2015,OWB,KY,ASO,CE,Federal Contract Tower,0,5,4,4,13,0,0,21,0,21,0,5,25,4,34,34,10,44,78
04/29/2015,OWB,KY,ASO,CE,Federal Contract Tower,0,5,9,2,16,0,0,30,0,30,0,5,39,2,46,104,0,104,150
04/30/2015,OWB,KY,ASO,CE,Federal Contract Tower,2,8,7,2,19,0,0,16,6,22,2,8,23,8,41,40,14,54,95
05/01/2015,OWB,KY,ASO,CE,Federal Contract Tower,0,8,4,1,13,0,0,27,1,28,0,8,31,2,41,28,0,28,69
05/02/2015,OWB,KY,ASO,CE,Federal Contract Tower,0,6,4,2,12,0,0,47,3,50,0,6,51,5,62,38,18,56,118
05/03/2015,OWB,KY,ASO,CE,Federal Contract Tower,2,8,15,0,25,0,0,10,0,10,2,8,25,0,35,12,0,12,47
05/04/2015,OWB,KY,ASO,CE,Federal Contract Tower,0,8,10,0,18,0,0,27,0,27,0,8,37,0,45,14,0,14,59
05/05/2015,OWB,KY,ASO,CE,Federal Contract Tower,0,5,6,0,11,0,0,22,0,22,0,5,28,0,33,2,0,2,35
05/06/2015,OWB,KY,ASO,CE,Federal Contract Tower,0,4,8,7,19,0,0,26,1,27,0,4,34,8,46,42,30,72,118
05/07/2015,OWB,KY,ASO,CE,Federal Contract Tower,2,7,18,3,30,0,0,30,3,33,2,7,48,6,63,8,2,10,73
05/08/2015,OWB,KY,ASO,CE,Federal Contract Tower,0,7,9,1,17,0,0,18,1,19,0,7,27,2,36,8,4,12,48
05/09/2015,OWB,KY,ASO,CE,Federal Contract Tower,0,4,2,0,6,0,0,19,0,19,0,4,21,0,25,22,0,22,47
05/10/2015,OWB,KY,ASO,CE,Federal Contract Tower,2,6,4,0,12,0,0,10,0,10,2,6,14,0,22,0,0,0,22
05/11/2015,OWB,KY,ASO,CE,Federal Contract Tower,0,7,12,1,20,0,0,8,0,8,0,7,20,1,28,0,0,0,28
05/12/2015,OWB,KY,ASO,CE,Federal Contract Tower,0,4,12,4,20,0,0,21,2,23,0,4,33,6,43,14,0,14,57
05/13/2015,OWB,KY,ASO,CE,Federal Contract Tower,0,5,8,6,19,0,0,27,4,31,0,5,35,10,50,44,8,52,102
05/14/2015,OWB,KY,ASO,CE,Federal Contract Tower,2,6,11,0,19,0,0,21,0,21,2,6,32,0,40,6,0,6,46
05/15/2015,OWB,KY,ASO,CE,Federal Contract Tower,0,8,5,0,13,0,0,11,0,11,0,8,16,0,24,4,0,4,28
05/16/2015,OWB,KY,ASO,CE,Federal Contract Tower,0,7,1,0,8,0,0,12,0,12,0,7,13,0,20,0,0,0,20
05/17/2015,OWB,KY,ASO,CE,Federal Contract Tower,2,6,3,0,11,0,0,2,2,4,2,6,5,2,15,0,0,0,15
05/18/2015,OWB,KY,ASO,CE,Federal Contract Tower,0,8,6,0,14,0,0,4,0,4,0,8,10,0,18,0,0,0,18
05/19/2015,OWB,KY,ASO,CE,Federal Contract Tower,0,5,5,5,15,0,0,34,2,36,0,5,39,7,51,26,0,26,77
05/20/2015,OWB,KY,ASO,CE,Federal Contract Tower,0,6,10,5,21,0,0,6,1,7,0,6,16,6,28,0,4,4,32
05/21/2015,OWB,KY,ASO,CE,Federal Contract Tower,2,7,11,0,20,0,0,6,5,11,2,7,17,5,31,4,0,4,35
05/22/2015,OWB,KY,ASO,CE,Federal Contract Tower,0,8,12,0,20,0,0,48,0,48,0,8,60,0,68,18,0,18,86
05/23/2015,OWB,KY,ASO,CE,Federal Contract Tower,0,4,7,0,11,0,0,42,0,42,0,4,49,0,53,26,0,26,79
05/24/2015,OWB,KY,ASO,CE,Federal Contract Tower,2,6,1,0,9,0,0,15,0,15,2,6,16,0,24,10,0,10,34
05/25/2015,OWB,KY,ASO,CE,Federal Contract Tower,0,7,2,0,9,0,0,8,0,8,0,7,10,0,17,6,0,6,23
05/26/2015,OWB,KY,ASO,CE,Federal Contract Tower,0,4,6,0,10,0,0,5,0,5,0,4,11,0,15,0,0,0,15
05/27/2015,OWB,KY,ASO,CE,Federal Contract Tower,0,5,1,3,9,0,0,9,3,12,0,5,10,6,21,4,0,4,25
05/28/2015,OWB,KY,ASO,CE,Federal Contract Tower,2,6,14,0,22,0,0,14,0,14,2,6,28,0,36,2,0,2,38
05/29/2015,OWB,KY,ASO,CE,Federal Contract Tower,0,10,10,0,20,0,0,12,0,12,0,10,22,0,32,14,0,14,46
05/30/2015,OWB,KY,ASO,CE,Federal Contract Tower,0,6,3,0,9,0,0,12,0,12,0,6,15,0,21,12,0,12,33
05/31/2015,OWB,KY,ASO,CE,Federal Contract Tower,2,6,4,0,12,0,0,12,0,12,2,6,16,0,24,0,0,0,24
06/01/2015,OWB,KY,ASO,CE,Federal Contract Tower,0,7,9,0,16,0,0,6,0,6,0,7,15,0,22,4,0,4,26
06/02/2015,OWB,KY,ASO,CE,Federal Contract Tower,0,11,14,4,29,0,7,2,0,9,0,18,16,4,38,0,4,4,42
06/03/2015,OWB,KY,ASO,CE,Federal Contract Tower,0,8,10,0,18,0,0,30,20,50,0,8,40,20,68,54,4,58,126
06/04/2015,OWB,KY,ASO,CE,Federal Contract Tower,2,9,15,0,26,0,0,22,0,22,2,9,37,0,48,8,0,8,56
06/05/2015,OWB,KY,ASO,CE,Federal Contract Tower,0,6,8,0,14,0,0,18,0,18,0,6,26,0,32,24,0,24,56
06/06/2015,OWB,KY,ASO,CE,Federal Contract Tower,2,7,17,7,33,0,0,35,2,37,2,7,52,9,70,28,0,28,98
06/07/2015,OWB,KY,ASO,CE,Federal Contract Tower,2,9,2,2,15,0,0,13,0,13,2,9,15,2,28,16,0,16,44
06/08/2015,OWB,KY,ASO,CE,Federal Contract Tower,0,10,4,0,14,0,0,12,0,12,0,10,16,0,26,0,0,0,26
06/09/2015,OWB,KY,ASO,CE,Federal Contract Tower,0,7,13,0,20,0,0,25,0,25,0,7,38,0,45,6,0,6,51
06/10/2015,OWB,KY,ASO,CE,Federal Contract Tower,0,4,7,4,15,0,0,13,9,22,0,4,20,13,37,34,52,86,123
06/11/2015,OWB,KY,ASO,CE,Federal Contract Tower,2,6,13,0,21,0,0,38,2,40,2,6,51,2,61,8,2,10,71
06/12/2015,OWB,KY,ASO,CE,Federal Contract Tower,0,9,10,0,19,0,0,16,0,16,0,9,26,0,35,0,0,0,35
06/13/2015,OWB,KY,ASO,CE,Federal Contract Tower,2,4,8,0,14,0,0,12,0,12,2,4,20,0,26,0,0,0,26
06/14/2015,OWB,KY,ASO,CE,Federal Contract Tower,2,8,13,5,28,0,0,9,2,11,2,8,22,7,39,12,0,12,51
06/15/2015,OWB,KY,ASO,CE,Federal Contract Tower,0,6,5,2,13,0,0,10,2,12,0,6,15,4,25,18,10,28,53
06/16/2015,OWB,KY,ASO,CE,Federal Contract Tower,0,4,11,21,36,0,0,12,3,15,0,4,23,24,51,0,8,8,59
06/17/2015,OWB,KY,ASO,CE,Federal Contract Tower,0,7,4,20,31,0,0,16,6,22,0,7,20,26,53,2,28,30,83
06/18/2015,OWB,KY,ASO,CE,Federal Contract Tower,2,4,7,1,14,0,0,12,1,13,2,4,19,2,27,28,0,28,55
06/19/2015,OWB,KY,ASO,CE,Federal Contract Tower,0,6,5,7,18,0,0,4,1,5,0,6,9,8,23,0,6,6,29
06/20/2015,OWB,KY,ASO,CE,Federal Contract Tower,2,10,6,0,18,0,0,2,0,2,2,10,8,0,20,0,0,0,20
06/21/2015,OWB,KY,ASO,CE,Federal Contract Tower,2,6,6,0,14,0,0,10,0,10,2,6,16,0,24,0,0,0,24
06/22/2015,OWB,KY,ASO,CE,Federal Contract Tower,0,7,14,2,23,1,0,22,0,23,1,7,36,2,46,6,2,8,54
06/23/2015,OWB,KY,ASO,CE,Federal Contract Tower,0,12,6,0,18,0,0,13,2,15,0,12,19,2,33,14,8,22,55
06/24/2015,OWB,KY,ASO,CE,Federal Contract Tower,0,7,12,4,23,0,0,32,1,33,0,7,44,5,56,38,14,52,108
06/25/2015,OWB,KY,ASO,CE,Federal Contract Tower,2,5,12,0,19,0,0,23,0,23,2,5,35,0,42,0,0,0,42
06/26/2015,OWB,KY,ASO,CE,Federal Contract Tower,0,5,11,0,16,0,0,5,0,5,0,5,16,0,21,0,0,0,21
06/27/2015,OWB,KY,ASO,CE,Federal Contract Tower,2,7,6,0,15,0,0,5,0,5,2,7,11,0,20,2,0,2,22
06/28/2015,OWB,KY,ASO,CE,Federal Contract Tower,2,6,12,0,20,0,0,37,12,49,2,6,49,12,69,10,26,36,105
06/29/2015,OWB,KY,ASO,CE,Federal Contract Tower,0,8,2,3,13,0,0,13,0,13,0,8,15,3,26,0,0,0,26
06/30/2015,OWB,KY,ASO,CE,Federal Contract Tower,0,1,11,2,14,0,0,24,2,26,0,1,35,4,40,8,20,28,68
07/01/2015,OWB,KY,ASO,CE,Federal Contract Tower,0,3,4,9,16,0,0,2,2,4,0,3,6,11,20,4,0,4,24
07/02/2015,OWB,KY,ASO,CE,Federal Contract Tower,2,6,9,5,22,0,0,3,0,3,2,6,12,5,25,0,0,0,25
07/03/2015,OWB,KY,ASO,CE,Federal Contract Tower,0,6,5,0,11,0,0,0,0,0,0,6,5,0,11,0,0,0,11
07/04/2015,OWB,KY,ASO,CE,Federal Contract Tower,2,4,4,0,10,0,0,17,0,17,2,4,21,0,27,6,0,6,33
07/05/2015,OWB,KY,ASO,CE,Federal Contract Tower,2,6,0,0,8,0,0,12,0,12,2,6,12,0,20,12,0,12,32
07/06/2015,OWB,KY,ASO,CE,Federal Contract Tower,0,9,22,0,31,0,0,13,0,13,0,9,35,0,44,2,0,2,46
07/07/2015,OWB,KY,ASO,CE,Federal Contract Tower,0,5,6,0,11,0,0,0,0,0,0,5,6,0,11,0,0,0,11
07/08/2015,OWB,KY,ASO,CE,Federal Contract Tower,0,7,5,0,12,0,0,1,0,1,0,7,6,0,13,0,0,0,13
07/09/2015,OWB,KY,ASO,CE,Federal Contract Tower,2,10,13,0,25,0,0,4,0,4,2,10,17,0,29,0,0,0,29
07/10/2015,OWB,KY,ASO,CE,Federal Contract Tower,0,8,15,2,25,0,0,1,2,3,0,8,16,4,28,0,4,4,32
07/11/2015,OWB,KY,ASO,CE,Federal Contract Tower,2,4,5,0,11,0,0,26,0,26,2,4,31,0,37,30,0,30,67
07/12/2015,OWB,KY,ASO,CE,Federal Contract Tower,2,6,10,0,18,0,0,15,0,15,2,6,25,0,33,0,0,0,33
07/13/2015,OWB,KY,ASO,CE,Federal Contract Tower,0,9,9,0,18,0,0,18,0,18,0,9,27,0,36,12,0,12,48
07/14/2015,OWB,KY,ASO,CE,Federal Contract Tower,0,4,3,5,12,0,0,25,1,26,0,4,28,6,38,4,0,4,42
07/15/2015,OWB,KY,ASO,CE,Federal Contract Tower,0,4,12,6,22,0,0,26,0,26,0,4,38,6,48,16,0,16,64
07/16/2015,OWB,KY,ASO,CE,Federal Contract Tower,2,6,18,6,32,0,0,18,2,20,2,6,36,8,52,14,0,14,66
07/17/2015,OWB,KY,ASO,CE,Federal Contract Tower,0,6,13,4,23,0,0,18,8,26,0,6,31,12,49,20,20,40,89
07/18/2015,OWB,KY,ASO,CE,Federal Contract Tower,2,6,14,0,22,0,0,42,0,42,2,6,56,0,64,8,0,8,72
07/19/2015,OWB,KY,ASO,CE,Federal Contract Tower,2,6,1,2,11,0,0,5,0,5,2,6,6,2,16,0,0,0,16
07/20/2015,OWB,KY,ASO,CE,Federal Contract Tower,0,9,14,2,25,0,0,9,0,9,0,9,23,2,34,12,0,12,46
07/21/2015,OWB,KY,ASO,CE,Federal Contract Tower,0,8,10,8,26,0,0,9,0,9,0,8,19,8,35,28,0,28,63
07/22/2015,OWB,KY,ASO,CE,Federal Contract Tower,0,5,12,4,21,0,0,34,10,44,0,5,46,14,65,16,8,24,89
07/23/2015,OWB,KY,ASO,CE,Federal Contract Tower,2,9,11,6,28,0,0,12,2,14,2,9,23,8,42,0,6,6,48
07/24/2015,OWB,KY,ASO,CE,Federal Contract Tower,0,6,5,5,16,0,0,33,1,34,0,6,38,6,50,28,0,28,78
07/25/2015,OWB,KY,ASO,CE,Federal Contract Tower,2,4,7,0,13,0,0,44,0,44,2,4,51,0,57,10,0,10,67
07/26/2015,OWB,KY,ASO,CE,Federal Contract Tower,2,6,2,0,10,0,0,18,2,20,2,6,20,2,30,0,0,0,30
07/27/2015,OWB,KY,ASO,CE,Federal Contract Tower,0,9,2,0,11,0,0,7,2,9,0,9,9,2,20,0,0,0,20
07/28/2015,OWB,KY,ASO,CE,Federal Contract Tower,0,5,7,4,16,0,0,6,0,6,0,5,13,4,22,10,0,10,32
07/29/2015,OWB,KY,ASO,CE,Federal Contract Tower,0,5,10,8,23,0,0,13,1,14,0,5,23,9,37,0,26,26,63
07/30/2015,OWB,KY,ASO,CE,Federal Contract Tower,2,13,20,2,37,0,0,44,1,45,2,13,64,3,82,6,6,12,94
07/31/2015,OWB,KY,ASO,CE,Federal Contract Tower,0,6,6,3,15,0,0,44,0,44,0,6,50,3,59,8,16,24,83
08/01/2015,OWB,KY,ASO,CE,Federal Contract Tower,2,4,5,3,14,0,0,42,3,45,2,4,47,6,59,2,10,12,71
08/02/2015,OWB,KY,ASO,CE,Federal Contract Tower,2,7,5,0,14,0,0,24,0,24,2,7,29,0,38,12,0,12,50
08/03/2015,OWB,KY,ASO,CE,Federal Contract Tower,0,9,16,0,25,0,0,27,0,27,0,9,43,0,52,22,0,22,74
08/04/2015,OWB,KY,ASO,CE,Federal Contract Tower,0,7,9,12,28,0,0,14,0,14,0,7,23,12,42,22,4,26,68
08/05/2015,OWB,KY,ASO,CE,Federal Contract Tower,0,6,9,2,17,0,2,3,2,7,0,8,12,4,24,2,4,6,30
08/06/2015,OWB,KY,ASO,CE,Federal Contract Tower,4,14,20,10,48,0,0,0,0,0,4,14,20,10,48,0,2,2,50
08/07/2015,OWB,KY,ASO,CE,Federal Contract Tower,0,7,10,10,27,0,0,11,0,11,0,7,21,10,38,6,0,6,44
08/08/2015,OWB,KY,ASO,CE,Federal Contract Tower,2,8,16,0,26,0,0,40,0,40,2,8,56,0,66,14,0,14,80
08/09/2015,OWB,KY,ASO,CE,Federal Contract Tower,2,9,4,2,17,0,0,54,0,54,2,9,58,2,71,0,0,0,71
08/10/2015,OWB,KY,ASO,CE,Federal Contract Tower,0,10,8,0,18,0,0,0,0,0,0,10,8,0,18,0,0,0,18
08/11/2015,OWB,KY,ASO,CE,Federal Contract Tower,0,7,21,0,28,0,0,11,1,12,0,7,32,1,40,2,0,2,42
08/12/2015,OWB,KY,ASO,CE,Federal Contract Tower,0,6,18,3,27,0,0,21,1,22,0,6,39,4,49,36,0,36,85
08/13/2015,OWB,KY,ASO,CE,Federal Contract Tower,2,4,19,0,25,0,0,26,0,26,2,4,45,0,51,24,0,24,75
08/14/2015,OWB,KY,ASO,CE,Federal Contract Tower,0,11,8,1,20,0,0,29,3,32,0,11,37,4,52,36,0,36,88
08/15/2015,OWB,KY,ASO,CE,Federal Contract Tower,2,8,5,0,15,0,0,56,0,56,2,8,61,0,71,22,0,22,93
08/16/2015,OWB,KY,ASO,CE,Federal Contract Tower,2,8,8,0,18,0,1,24,0,25,2,9,32,0,43,6,0,6,49
08/17/2015,OWB,KY,ASO,CE,Federal Contract Tower,0,5,4,0,9,0,0,7,0,7,0,5,11,0,16,4,0,4,20
08/18/2015,OWB,KY,ASO,CE,Federal Contract Tower,0,4,12,0,16,0,0,16,0,16,0,4,28,0,32,2,0,2,34
08/19/2015,OWB,KY,ASO,CE,Federal Contract Tower,0,6,9,5,20,0,0,2,1,3,0,6,11,6,23,0,0,0,23
08/20/2015,OWB,KY,ASO,CE,Federal Contract Tower,2,6,8,0,16,0,1,24,0,25,2,7,32,0,41,24,0,24,65
08/21/2015,OWB,KY,ASO,CE,Federal Contract Tower,0,6,10,1,17,0,0,33,0,33,0,6,43,1,50,22,0,22,72
08/22/2015,OWB,KY,ASO,CE,Federal Contract Tower,0,4,6,0,10,0,0,54,0,54,0,4,60,0,64,36,0,36,100
08/23/2015,OWB,KY,ASO,CE,Federal Contract Tower,2,11,3,0,16,0,0,21,0,21,2,11,24,0,37,42,0,42,79
08/24/2015,OWB,KY,ASO,CE,Federal Contract Tower,0,7,11,0,18,0,1,22,0,23,0,8,33,0,41,10,0,10,51
08/25/2015,OWB,KY,ASO,CE,Federal Contract Tower,0,5,12,2,19,0,0,36,0,36,0,5,48,2,55,64,0,64,119
08/26/2015,OWB,KY,ASO,CE,Federal Contract Tower,0,4,15,2,21,0,0,26,3,29,0,4,41,5,50,20,4,24,74
08/27/2015,OWB,KY,ASO,CE,Federal Contract Tower,2,7,19,4,32,0,0,33,2,35,2,7,52,6,67,32,0,32,99
08/28/2015,OWB,KY,ASO,CE,Federal Contract Tower,0,7,15,0,22,0,0,19,0,19,0,7,34,0,41,12,0,12,53
08/29/2015,OWB,KY,ASO,CE,Federal Contract Tower,0,4,8,0,12,0,6,36,0,42,0,10,44,0,54,42,0,42,96
08/30/2015,OWB,KY,ASO,CE,Federal Contract Tower,2,7,2,0,11,0,0,26,0,26,2,7,28,0,37,40,0,40,77
08/31/2015,OWB,KY,ASO,CE,Federal Contract Tower,0,8,12,3,23,0,0,21,4,25,0,8,33,7,48,22,14,36,84
09/01/2015,OWB,KY,ASO,CE,Federal Contract Tower,0,6,5,8,19,0,0,20,6,26,0,6,25,14,45,0,20,20,65
09/02/2015,OWB,KY,ASO,CE,Federal Contract Tower,0,7,4,0,11,0,0,19,0,19,0,7,23,0,30,64,0,64,94
09/03/2015,OWB,KY,ASO,CE,Federal Contract Tower,2,8,4,3,17,8,10,4,0,22,10,18,8,3,39,34,0,34,73
09/04/2015,OWB,KY,ASO,CE,Federal Contract Tower,0,9,4,0,13,0,0,26,0,26,0,9,30,0,39,42,0,42,81
09/05/2015,OWB,KY,ASO,CE,Federal Contract Tower,0,4,5,0,9,0,3,54,0,57,0,7,59,0,66,54,0,54,120
09/06/2015,OWB,KY,ASO,CE,Federal Contract Tower,2,5,3,0,10,0,0,19,0,19,2,5,22,0,29,2,0,2,31
09/07/2015,OWB,KY,ASO,CE,Federal Contract Tower,0,5,1,0,6,0,0,28,2,30,0,5,29,2,36,14,0,14,50
09/08/2015,OWB,KY,ASO,CE,Federal Contract Tower,0,3,9,1,13,0,0,25,5,30,0,3,34,6,43,6,2,8,51
09/09/2015,OWB,KY,ASO,CE,Federal Contract Tower,0,8,9,0,17,0,0,19,0,19,0,8,28,0,36,22,0,22,58
09/10/2015,OWB,KY,ASO,CE,Federal Contract Tower,2,10,25,5,42,0,0,66,10,76,2,10,91,15,118,10,4,14,132
09/11/2015,OWB,KY,ASO,CE,Federal Contract Tower,1,4,13,1,19,0,0,42,3,45,1,4,55,4,64,0,0,0,64
09/12/2015,OWB,KY,ASO,CE,Federal Contract Tower,0,4,0,0,4,0,0,51,15,66,0,4,51,15,70,6,0,6,76
09/13/2015,OWB,KY,ASO,CE,Federal Contract Tower,2,9,9,6,26,0,0,48,8,56,2,9,57,14,82,10,0,10,92
09/14/2015,OWB,KY,ASO,CE,Federal Contract Tower,0,7,7,8,22,0,0,31,0,31,0,7,38,8,53,4,0,4,57
09/15/2015,OWB,KY,ASO,CE,Federal Contract Tower,0,10,5,16,31,0,0,20,0,20,0,10,25,16,51,22,6,28,79
09/16/2015,OWB,KY,ASO,CE,Federal Contract Tower,0,9,5,10,24,0,0,19,1,20,0,9,24,11,44,18,40,58,102
09/17/2015,OWB,KY,ASO,CE,Federal Contract Tower,2,6,7,1,16,0,1,19,3,23,2,7,26,4,39,32,10,42,81
09/18/2015,OWB,KY,ASO,CE,Federal Contract Tower,0,8,12,2,22,0,0,19,0,19,0,8,31,2,41,20,0,20,61
09/19/2015,OWB,KY,ASO,CE,Federal Contract Tower,0,5,7,0,12,0,0,24,0,24,0,5,31,0,36,4,0,4,40
09/20/2015,OWB,KY,ASO,CE,Federal Contract Tower,2,9,9,0,20,0,0,24,0,24,2,9,33,0,44,8,0,8,52
09/21/2015,OWB,KY,ASO,CE,Federal Contract Tower,0,5,25,0,30,0,0,38,2,40,0,5,63,2,70,0,2,2,72
09/22/2015,OWB,KY,ASO,CE,Federal Contract Tower,0,3,5,0,8,0,3,27,0,30,0,6,32,0,38,14,0,14,52
09/23/2015,OWB,KY,ASO,CE,Federal Contract Tower,0,6,3,0,9,0,0,10,2,12,0,6,13,2,21,26,8,34,55
09/24/2015,OWB,KY,ASO,CE,Federal Contract Tower,2,8,4,4,18,0,0,24,7,31,2,8,28,11,49,2,8,10,59
09/25/2015,OWB,KY,ASO,CE,Federal Contract Tower,0,7,11,0,18,0,0,15,0,15,0,7,26,0,33,4,0,4,37
09/26/2015,OWB,KY,ASO,CE,Federal Contract Tower,0,5,7,0,12,0,0,23,0,23,0,5,30,0,35,0,0,0,35
09/27/2015,OWB,KY,ASO,CE,Federal Contract Tower,2,8,2,0,12,0,0,12,0,12,2,8,14,0,24,0,0,0,24
09/28/2015,OWB,KY,ASO,CE,Federal Contract Tower,0,8,9,0,17,0,0,35,0,35,0,8,44,0,52,34,0,34,86
09/29/2015,OWB,KY,ASO,CE,Federal Contract Tower,0,7,7,0,14,0,0,2,0,2,0,7,9,0,16,8,0,8,24
09/30/2015,OWB,KY,ASO,CE,Federal Contract Tower,0,6,13,0,19,0,0,15,0,15,0,6,28,0,34,34,0,34,68
10/01/2015,OWB,KY,ASO,CE,Federal Contract Tower,2,5,5,0,12,0,2,5,0,7,2,7,10,0,19,0,0,0,19
10/02/2015,OWB,KY,ASO,CE,Federal Contract Tower,0,6,11,10,27,0,0,9,1,10,0,6,20,11,37,6,16,22,59
10/03/2015,OWB,KY,ASO,CE,Federal Contract Tower,0,4,16,8,28,0,0,3,2,5,0,4,19,10,33,8,16,24,57
10/04/2015,OWB,KY,ASO,CE,Federal Contract Tower,2,6,2,4,14,0,0,22,0,22,2,6,24,4,36,20,0,20,56
10/05/2015,OWB,KY,ASO,CE,Federal Contract Tower,0,7,2,0,9,0,0,19,0,19,0,7,21,0,28,16,0,16,44
10/06/2015,OWB,KY,ASO,CE,Federal Contract Tower,2,6,8,0,16,0,0,43,2,45,2,6,51,2,61,46,0,46,107
10/07/2015,OWB,KY,ASO,CE,Federal Contract Tower,0,4,8,0,12,0,0,31,0,31,0,4,39,0,43,34,0,34,77
10/08/2015,OWB,KY,ASO,CE,Federal Contract Tower,2,8,2,1,13,0,0,16,1,17,2,8,18,2,30,32,0,32,62
10/09/2015,OWB,KY,ASO,CE,Federal Contract Tower,0,13,5,0,18,0,0,8,0,8,0,13,13,0,26,14,0,14,40
10/10/2015,OWB,KY,ASO,CE,Federal Contract Tower,0,4,15,0,19,0,0,54,0,54,0,4,69,0,73,18,0,18,91
10/11/2015,OWB,KY,ASO,CE,Federal Contract Tower,2,4,3,0,9,0,3,27,0,30,2,7,30,0,39,20,0,20,59
10/12/2015,OWB,KY,ASO,CE,Federal Contract Tower,0,7,6,0,13,0,0,13,0,13,0,7,19,0,26,2,0,2,28
10/13/2015,OWB,KY,ASO,CE,Federal Contract Tower,2,4,11,2,19,0,0,5,0,5,2,4,16,2,24,0,0,0,24
10/14/2015,OWB,KY,ASO,CE,Federal Contract Tower,0,4,9,7,20,0,0,17,4,21,0,4,26,11,41,12,0,12,53
10/15/2015,OWB,KY,ASO,CE,Federal Contract Tower,2,6,15,0,23,0,15,2,0,17,2,21,17,0,40,2,0,2,42
10/16/2015,OWB,KY,ASO,CE,Federal Contract Tower,0,9,5,0,14,0,0,7,0,7,0,9,12,0,21,2,0,2,23
10/17/2015,OWB,KY,ASO,CE,Federal Contract Tower,0,6,8,0,14,0,0,51,0,51,0,6,59,0,65,4,0,4,69
10/18/2015,OWB,KY,ASO,CE,Federal Contract Tower,2,7,7,0,16,0,0,36,0,36,2,7,43,0,52,4,0,4,56
10/19/2015,OWB,KY,ASO,CE,Federal Contract Tower,0,9,11,2,22,0,0,17,0,17,0,9,28,2,39,36,0,36,75
10/20/2015,OWB,KY,ASO,CE,Federal Contract Tower,2,6,12,4,24,0,0,17,0,17,2,6,29,4,41,38,0,38,79
10/21/2015,OWB,KY,ASO,CE,Federal Contract Tower,0,4,12,4,20,0,0,27,0,27,0,4,39,4,47,48,0,48,95
10/22/2015,OWB,KY,ASO,CE,Federal Contract Tower,2,6,11,0,19,0,0,20,1,21,2,6,31,1,40,40,0,40,80
10/23/2015,OWB,KY,ASO,CE,Federal Contract Tower,0,7,9,8,24,0,0,39,2,41,0,7,48,10,65,18,6,24,89
10/24/2015,OWB,KY,ASO,CE,Federal Contract Tower,0,7,1,0,8,0,0,0,0,0,0,7,1,0,8,0,0,0,8
10/25/2015,OWB,KY,ASO,CE,Federal Contract Tower,2,6,6,1,15,0,0,18,1,19,2,6,24,2,34,24,0,24,58
10/26/2015,OWB,KY,ASO,CE,Federal Contract Tower,0,9,2,6,17,0,0,16,0,16,0,9,18,6,33,0,0,0,33
10/27/2015,OWB,KY,ASO,CE,Federal Contract Tower,0,4,5,0,9,0,0,0,0,0,0,4,5,0,9,0,0,0,9
10/28/2015,OWB,KY,ASO,CE,Federal Contract Tower,0,8,8,4,20,0,0,0,0,0,0,8,8,4,20,0,0,0,20
10/29/2015,OWB,KY,ASO,CE,Federal Contract Tower,2,5,9,6,22,0,0,25,3,28,2,5,34,9,50,44,6,50,100
10/30/2015,OWB,KY,ASO,CE,Federal Contract Tower,0,7,12,0,19,0,0,23,0,23,0,7,35,0,42,40,0,40,82
10/31/2015,OWB,KY,ASO,CE,Federal Contract Tower,0,4,3,0,7,0,0,7,0,7,0,4,10,0,14,14,0,14,28
11/01/2015,OWB,KY,ASO,CE,Federal Contract Tower,2,4,1,0,7,0,2,21,0,23,2,6,22,0,30,8,0,8,38
11/02/2015,OWB,KY,ASO,CE,Federal Contract Tower,0,8,5,2,15,0,0,17,0,17,0,8,22,2,32,8,0,8,40
11/03/2015,OWB,KY,ASO,CE,Federal Contract Tower,0,6,9,7,22,0,0,22,1,23,0,6,31,8,45,22,0,22,67
11/04/2015,OWB,KY,ASO,CE,Federal Contract Tower,0,2,17,3,22,0,0,15,0,15,0,2,32,3,37,40,20,60,97
11/05/2015,OWB,KY,ASO,CE,Federal Contract Tower,2,6,10,2,20,0,0,9,2,11,2,6,19,4,31,0,0,0,31
11/06/2015,OWB,KY,ASO,CE,Federal Contract Tower,0,8,4,4,16,0,0,3,0,3,0,8,7,4,19,0,4,4,23
11/07/2015,OWB,KY,ASO,CE,Federal Contract Tower,0,4,9,2,15,0,0,64,5,69,0,4,73,7,84,22,16,38,122
11/08/2015,OWB,KY,ASO,CE,Federal Contract Tower,2,2,12,0,16,0,2,33,0,35,2,4,45,0,51,92,0,92,143
11/09/2015,OWB,KY,ASO,CE,Federal Contract Tower,0,5,10,1,16,0,0,0,0,0,0,5,10,1,16,0,0,0,16
11/10/2015,OWB,KY,ASO,CE,Federal Contract Tower,0,6,10,4,20,0,0,11,0,11,0,6,21,4,31,18,12,30,61
11/11/2015,OWB,KY,ASO,CE,Federal Contract Tower,0,4,13,0,17,0,0,16,0,16,0,4,29,0,33,10,0,10,43
11/12/2015,OWB,KY,ASO,CE,Federal Contract Tower,2,10,4,1,17,0,0,9,1,10,2,10,13,2,27,2,0,2,29
11/13/2015,OWB,KY,ASO,CE,Federal Contract Tower,0,9,1,0,10,0,0,10,0,10,0,9,11,0,20,0,0,0,20
11/14/2015,OWB,KY,ASO,CE,Federal Contract Tower,0,4,5,0,9,0,0,36,0,36,0,4,41,0,45,10,0,10,55
11/15/2015,OWB,KY,ASO,CE,Federal Contract Tower,3,2,2,0,7,1,4,31,2,38,4,6,33,2,45,56,0,56,101
11/16/2015,OWB,KY,ASO,CE,Federal Contract Tower,0,6,2,0,8,0,0,3,0,3,0,6,5,0,11,0,0,0,11
11/17/2015,OWB,KY,ASO,CE,Federal Contract Tower,0,6,18,1,25,0,0,0,0,0,0,6,18,1,25,0,0,0,25
11/18/2015,OWB,KY,ASO,CE,Federal Contract Tower,1,5,3,2,11,0,0,0,0,0,1,5,3,2,11,0,0,0,11
11/19/2015,OWB,KY,ASO,CE,Federal Contract Tower,2,7,17,7,33,0,0,18,2,20,2,7,35,9,53,8,2,10,63
11/20/2015,OWB,KY,ASO,CE,Federal Contract Tower,0,5,10,2,17,0,0,33,4,37,0,5,43,6,54,10,10,20,74
11/21/2015,OWB,KY,ASO,CE,Federal Contract Tower,0,3,1,0,4,0,0,17,0,17,0,3,18,0,21,8,0,8,29
11/22/2015,OWB,KY,ASO,CE,Federal Contract Tower,2,3,7,0,12,0,3,25,0,28,2,6,32,0,40,10,0,10,50
11/23/2015,OWB,KY,ASO,CE,Federal Contract Tower,0,14,11,15,40,0,1,18,1,20,0,15,29,16,60,44,0,44,104
11/24/2015,OWB,KY,ASO,CE,Federal Contract Tower,0,4,8,2,14,0,0,28,0,28,0,4,36,2,42,6,6,12,54
11/25/2015,OWB,KY,ASO,CE,Federal Contract Tower,2,6,12,0,20,0,1,13,0,14,2,7,25,0,34,10,0,10,44
11/26/2015,OWB,KY,ASO,CE,Federal Contract Tower,0,6,0,0,6,0,0,7,0,7,0,6,7,0,13,2,0,2,15
11/27/2015,OWB,KY,ASO,CE,Federal Contract Tower,2,8,1,0,11,0,0,3,0,3,2,8,4,0,14,0,0,0,14
11/28/2015,OWB,KY,ASO,CE,Federal Contract Tower,0,4,6,0,10,0,0,0,0,0,0,4,6,0,10,0,0,0,10
11/29/2015,OWB,KY,ASO,CE,Federal Contract Tower,2,8,3,0,13,0,0,0,0,0,2,8,3,0,13,0,0,0,13
11/30/2015,OWB,KY,ASO,CE,Federal Contract Tower,0,10,6,0,16,0,0,0,0,0,0,10,6,0,16,0,0,0,16
12/01/2015,OWB,KY,ASO,CE,Federal Contract Tower,0,4,6,6,16,0,0,3,0,3,0,4,9,6,19,16,0,16,35
12/02/2015,OWB,KY,ASO,CE,Federal Contract Tower,0,6,12,5,23,0,0,4,1,5,0,6,16,6,28,0,0,0,28
12/03/2015,OWB,KY,ASO,CE,Federal Contract Tower,2,6,4,0,12,0,0,8,0,8,2,6,12,0,20,2,0,2,22
12/04/2015,OWB,KY,ASO,CE,Federal Contract Tower,0,11,4,0,15,0,0,19,0,19,0,11,23,0,34,2,0,2,36
12/05/2015,OWB,KY,ASO,CE,Federal Contract Tower,0,4,2,0,6,0,0,33,0,33,0,4,35,0,39,18,0,18,57
12/06/2015,OWB,KY,ASO,CE,Federal Contract Tower,2,6,2,3,13,0,0,35,2,37,2,6,37,5,50,26,6,32,82
12/07/2015,OWB,KY,ASO,CE,Federal Contract Tower,0,6,9,4,19,0,0,31,0,31,0,6,40,4,50,8,0,8,58
12/08/2015,OWB,KY,ASO,CE,Federal Contract Tower,0,4,6,10,20,0,2,23,7,32,0,6,29,17,52,24,12,36,88
12/09/2015,OWB,KY,ASO,CE,Federal Contract Tower,0,9,4,5,18,0,0,13,0,13,0,9,17,5,31,48,0,48,79
12/10/2015,OWB,KY,ASO,CE,Federal Contract Tower,2,6,4,7,19,0,3,3,0,6,2,9,7,7,25,8,0,8,33
12/11/2015,OWB,KY,ASO,CE,Federal Contract Tower,0,5,22,2,29,0,0,11,0,11,0,5,33,2,40,18,0,18,58
12/12/2015,OWB,KY,ASO,CE,Federal Contract Tower,0,4,6,0,10,0,0,10,0,10,0,4,16,0,20,12,0,12,32
12/13/2015,OWB,KY,ASO,CE,Federal Contract Tower,2,10,1,0,13,0,0,4,0,4,2,10,5,0,17,6,0,6,23
12/14/2015,OWB,KY,ASO,CE,Federal Contract Tower,0,6,2,0,8,0,0,0,0,0,0,6,2,0,8,0,0,0,8
12/15/2015,OWB,KY,ASO,CE,Federal Contract Tower,0,6,11,4,21,0,0,30,3,33,0,6,41,7,54,24,4,28,82
12/16/2015,OWB,KY,ASO,CE,Federal Contract Tower,0,9,10,0,19,0,0,23,0,23,0,9,33,0,42,60,0,60,102
12/17/2015,OWB,KY,ASO,CE,Federal Contract Tower,2,8,10,0,20,0,1,23,0,24,2,9,33,0,44,18,0,18,62
12/18/2015,OWB,KY,ASO,CE,Federal Contract Tower,0,9,6,0,15,0,0,3,0,3,0,9,9,0,18,0,0,0,18
12/19/2015,OWB,KY,ASO,CE,Federal Contract Tower,2,5,9,0,16,0,0,59,0,59,2,5,68,0,75,36,0,36,111
12/20/2015,OWB,KY,ASO,CE,Federal Contract Tower,2,6,2,0,10,0,3,12,0,15,2,9,14,0,25,8,0,8,33
12/21/2015,OWB,KY,ASO,CE,Federal Contract Tower,0,6,13,0,19,0,0,0,0,0,0,6,13,0,19,0,0,0,19
12/22/2015,OWB,KY,ASO,CE,Federal Contract Tower,2,9,8,2,21,0,0,0,0,0,2,9,8,2,21,0,0,0,21
12/23/2015,OWB,KY,ASO,CE,Federal Contract Tower,0,3,4,0,7,0,0,5,0,5,0,3,9,0,12,12,0,12,24
12/24/2015,OWB,KY,ASO,CE,Federal Contract Tower,2,9,0,0,11,0,31,0,0,31,2,40,0,0,42,32,0,32,74
12/25/2015,OWB,KY,ASO,CE,Federal Contract Tower,0,7,4,0,11,0,0,6,0,6,0,7,10,0,17,0,0,0,17
12/26/2015,OWB,KY,ASO,CE,Federal Contract Tower,2,6,2,0,10,0,0,2,0,2,2,6,4,0,12,16,0,16,28
12/27/2015,OWB,KY,ASO,CE,Federal Contract Tower,2,10,3,0,15,0,0,2,0,2,2,10,5,0,17,0,0,0,17
12/28/2015,OWB,KY,ASO,CE,Federal Contract Tower,0,7,2,0,9,0,1,2,0,3,0,8,4,0,12,0,0,0,12
12/29/2015,OWB,KY,ASO,CE,Federal Contract Tower,2,4,4,2,12,0,0,6,0,6,2,4,10,2,18,0,2,2,20
12/30/2015,OWB,KY,ASO,CE,Federal Contract Tower,0,6,12,0,18,0,0,0,0,0,0,6,12,0,18,0,0,0,18
12/31/2015,OWB,KY,ASO,CE,Federal Contract Tower,2,8,2,0,12,0,0,7,0,7,2,8,9,0,19,4,0,4,23
01/01/2016,OWB,KY,ASO,CE,Federal Contract Tower,0,6,3,0,9,0,0,27,0,27,0,6,30,0,36,52,0,52,88
01/02/2016,OWB,KY,ASO,CE,Federal Contract Tower,2,10,7,0,19,0,0,29,0,29,2,10,36,0,48,34,0,34,82
01/03/2016,OWB,KY,ASO,CE,Federal Contract Tower,2,6,5,0,13,0,0,27,2,29,2,6,32,2,42,12,0,12,54
01/04/2016,OWB,KY,ASO,CE,Federal Contract Tower,0,5,2,0,7,0,3,8,0,11,0,8,10,0,18,0,0,0,18
01/05/2016,OWB,KY,ASO,CE,Federal Contract Tower,0,0,2,2,4,0,5,12,0,17,0,5,14,2,21,18,0,18,39
01/06/2016,OWB,KY,ASO,CE,Federal Contract Tower,0,6,10,4,20,0,0,30,0,30,0,6,40,4,50,70,0,70,120
01/07/2016,OWB,KY,ASO,CE,Federal Contract Tower,0,8,2,3,13,0,0,19,9,28,0,8,21,12,41,22,20,42,83
01/08/2016,OWB,KY,ASO,CE,Federal Contract Tower,0,6,10,0,16,0,0,0,0,0,0,6,10,0,16,0,0,0,16
01/09/2016,OWB,KY,ASO,CE,Federal Contract Tower,0,7,5,0,12,0,0,5,0,5,0,7,10,0,17,18,0,18,35
01/10/2016,OWB,KY,ASO,CE,Federal Contract Tower,1,5,5,0,11,0,0,2,0,2,1,5,7,0,13,0,0,0,13
01/11/2016,OWB,KY,ASO,CE,Federal Contract Tower,0,9,7,4,20,0,0,9,0,9,0,9,16,4,29,22,0,22,51
01/12/2016,OWB,KY,ASO,CE,Federal Contract Tower,0,4,8,0,12,0,0,7,0,7,0,4,15,0,19,18,0,18,37
01/13/2016,OWB,KY,ASO,CE,Federal Contract Tower,0,8,10,0,18,0,0,9,0,9,0,8,19,0,27,42,0,42,69
01/14/2016,OWB,KY,ASO,CE,Federal Contract Tower,3,4,20,9,36,0,3,20,3,26,3,7,40,12,62,16,20,36,98
01/15/2016,OWB,KY,ASO,CE,Federal Contract Tower,1,10,5,0,16,0,0,0,0,0,1,10,5,0,16,0,0,0,16
01/16/2016,OWB,KY,ASO,CE,Federal Contract Tower,0,8,4,0,12,0,0,1,0,1,0,8,5,0,13,0,0,0,13
01/17/2016,OWB,KY,ASO,CE,Federal Contract Tower,2,5,0,0,7,0,1,8,0,9,2,6,8,0,16,26,0,26,42
01/18/2016,OWB,KY,ASO,CE,Federal Contract Tower,0,9,3,0,12,0,0,10,0,10,0,9,13,0,22,4,0,4,26
01/19/2016,OWB,KY,ASO,CE,Federal Contract Tower,0,6,5,2,13,0,0,4,2,6,0,6,9,4,19,0,0,0,19
01/20/2016,OWB,KY,ASO,CE,Federal Contract Tower,0,6,1,0,7,0,0,0,0,0,0,6,1,0,7,0,0,0,7
01/21/2016,OWB,KY,ASO,CE,Federal Contract Tower,2,12,3,0,17,0,0,0,0,0,2,12,3,0,17,0,0,0,17
01/22/2016,OWB,KY,ASO,CE,Federal Contract Tower,0,0,0,0,0,0,0,0,0,0,0,0,0,0,0,0,0,0,0
01/23/2016,OWB,KY,ASO,CE,Federal Contract Tower,0,1,2,0,3,0,4,6,0,10,0,5,8,0,13,0,0,0,13
01/24/2016,OWB,KY,ASO,CE,Federal Contract Tower,2,3,5,0,10,0,2,14,0,16,2,5,19,0,26,34,0,34,60
01/25/2016,OWB,KY,ASO,CE,Federal Contract Tower,0,6,4,2,12,0,0,0,0,0,0,6,4,2,12,0,0,0,12
01/26/2016,OWB,KY,ASO,CE,Federal Contract Tower,0,6,1,0,7,0,0,3,0,3,0,6,4,0,10,0,0,0,10
01/27/2016,OWB,KY,ASO,CE,Federal Contract Tower,0,6,3,4,13,0,0,10,3,13,0,6,13,7,26,18,0,18,44
01/28/2016,OWB,KY,ASO,CE,Federal Contract Tower,2,6,5,5,18,0,0,22,0,22,2,6,27,5,40,12,0,12,52
01/29/2016,OWB,KY,ASO,CE,Federal Contract Tower,0,6,10,2,18,0,0,21,1,22,0,6,31,3,40,8,8,16,56
01/30/2016,OWB,KY,ASO,CE,Federal Contract Tower,0,5,11,0,16,0,1,31,0,32,0,6,42,0,48,4,0,4,52
01/31/2016,OWB,KY,ASO,CE,Federal Contract Tower,2,11,1,0,14,0,0,1,0,1,2,11,2,0,15,0,0,0,15
02/01/2016,OWB,KY,ASO,CE,Federal Contract Tower,0,6,13,0,19,0,0,17,0,17,0,6,30,0,36,42,0,42,78
02/02/2016,OWB,KY,ASO,CE,Federal Contract Tower,0,4,4,0,8,0,0,0,0,0,0,4,4,0,8,0,0,0,8
02/03/2016,OWB,KY,ASO,CE,Federal Contract Tower,0,6,11,0,17,0,0,9,3,12,0,6,20,3,29,8,4,12,41
02/04/2016,OWB,KY,ASO,CE,Federal Contract Tower,2,5,12,0,19,0,0,9,0,9,2,5,21,0,28,12,0,12,40
02/05/2016,OWB,KY,ASO,CE,Federal Contract Tower,0,7,13,9,29,0,0,38,0,38,0,7,51,9,67,34,8,42,109
02/06/2016,OWB,KY,ASO,CE,Federal Contract Tower,0,6,1,0,7,0,0,46,0,46,0,6,47,0,53,44,0,44,97
02/07/2016,OWB,KY,ASO,CE,Federal Contract Tower,2,7,7,0,16,0,2,19,0,21,2,9,26,0,37,36,0,36,73
02/08/2016,OWB,KY,ASO,CE,Federal Contract Tower,0,7,3,0,10,0,0,4,0,4,0,7,7,0,14,0,0,0,14
02/09/2016,OWB,KY,ASO,CE,Federal Contract Tower,0,10,4,0,14,0,0,0,0,0,0,10,4,0,14,0,0,0,14
02/10/2016,OWB,KY,ASO,CE,Federal Contract Tower,0,6,2,1,9,0,0,17,2,19,0,6,19,3,28,16,0,16,44
02/11/2016,OWB,KY,ASO,CE,Federal Contract Tower,2,6,8,3,19,0,0,19,4,23,2,6,27,7,42,8,0,8,50
02/12/2016,OWB,KY,ASO,CE,Federal Contract Tower,0,6,3,0,9,0,0,7,0,7,0,6,10,0,16,42,0,42,58
02/13/2016,OWB,KY,ASO,CE,Federal Contract Tower,0,8,5,0,13,0,0,49,0,49,0,8,54,0,62,4,0,4,66
02/14/2016,OWB,KY,ASO,CE,Federal Contract Tower,2,2,3,0,7,0,0,4,0,4,2,2,7,0,11,56,0,56,67
02/15/2016,OWB,KY,ASO,CE,Federal Contract Tower,0,1,3,0,4,0,0,0,0,0,0,1,3,0,4,0,0,0,4
02/16/2016,OWB,KY,ASO,CE,Federal Contract Tower,0,8,5,0,13,0,0,0,0,0,0,8,5,0,13,0,0,0,13
02/17/2016,OWB,KY,ASO,CE,Federal Contract Tower,0,6,12,5,23,0,0,12,2,14,0,6,24,7,37,58,0,58,95
02/18/2016,OWB,KY,ASO,CE,Federal Contract Tower,0,6,9,7,22,0,0,10,5,15,0,6,19,12,37,6,6,12,49
02/19/2016,OWB,KY,ASO,CE,Federal Contract Tower,2,7,9,0,18,0,0,7,0,7,2,7,16,0,25,8,0,8,33
02/20/2016,OWB,KY,ASO,CE,Federal Contract Tower,0,6,2,0,8,0,0,23,0,23,0,6,25,0,31,22,0,22,53
02/21/2016,OWB,KY,ASO,CE,Federal Contract Tower,0,8,6,0,14,0,0,1,0,1,0,8,7,0,15,6,0,6,21
02/22/2016,OWB,KY,ASO,CE,Federal Contract Tower,2,7,6,3,18,0,8,23,1,32,2,15,29,4,50,70,8,78,128
02/23/2016,OWB,KY,ASO,CE,Federal Contract Tower,0,8,12,2,22,0,2,17,1,20,0,10,29,3,42,0,0,0,42
02/24/2016,OWB,KY,ASO,CE,Federal Contract Tower,0,4,6,0,10,0,0,0,0,0,0,4,6,0,10,0,0,0,10
02/25/2016,OWB,KY,ASO,CE,Federal Contract Tower,0,9,7,3,19,0,0,6,3,9,0,9,13,6,28,0,0,0,28
02/26/2016,OWB,KY,ASO,CE,Federal Contract Tower,0,6,6,0,12,0,0,24,0,24,0,6,30,0,36,36,0,36,72
02/27/2016,OWB,KY,ASO,CE,Federal Contract Tower,0,6,15,0,21,0,0,71,0,71,0,6,86,0,92,38,0,38,130
02/28/2016,OWB,KY,ASO,CE,Federal Contract Tower,0,7,0,0,7,0,0,4,0,4,0,7,4,0,11,0,0,0,11
02/29/2016,OWB,KY,ASO,CE,Federal Contract Tower,1,9,5,2,17,0,2,34,0,36,1,11,39,2,53,44,2,46,99
03/01/2016,OWB,KY,ASO,CE,Federal Contract Tower,0,3,2,0,5,0,0,1,0,1,0,3,3,0,6,0,0,0,6
03/02/2016,OWB,KY,ASO,CE,Federal Contract Tower,0,6,15,4,25,0,0,25,3,28,0,6,40,7,53,64,14,78,131
03/03/2016,OWB,KY,ASO,CE,Federal Contract Tower,0,9,10,3,22,0,0,3,1,4,0,9,13,4,26,18,2,20,46
03/04/2016,OWB,KY,ASO,CE,Federal Contract Tower,2,8,12,5,27,0,0,13,1,14,2,8,25,6,41,36,0,36,77
03/05/2016,OWB,KY,ASO,CE,Federal Contract Tower,0,4,2,0,6,0,1,27,2,30,0,5,29,2,36,18,0,18,54
03/06/2016,OWB,KY,ASO,CE,Federal Contract Tower,0,9,2,0,11,0,0,35,0,35,0,9,37,0,46,6,0,6,52
03/07/2016,OWB,KY,ASO,CE,Federal Contract Tower,2,5,7,2,16,0,0,25,0,25,2,5,32,2,41,0,2,2,43
03/08/2016,OWB,KY,ASO,CE,Federal Contract Tower,0,6,3,0,9,0,0,18,2,20,0,6,21,2,29,48,0,48,77
03/09/2016,OWB,KY,ASO,CE,Federal Contract Tower,0,8,4,1,13,0,0,8,1,9,0,8,12,2,22,0,0,0,22
03/10/2016,OWB,KY,ASO,CE,Federal Contract Tower,0,9,12,0,21,0,0,0,0,0,0,9,12,0,21,0,0,0,21
03/11/2016,OWB,KY,ASO,CE,Federal Contract Tower,2,10,15,0,27,0,0,24,0,24,2,10,39,0,51,32,0,32,83
03/12/2016,OWB,KY,ASO,CE,Federal Contract Tower,0,8,9,0,17,0,0,10,0,10,0,8,19,0,27,0,0,0,27
03/13/2016,OWB,KY,ASO,CE,Federal Contract Tower,0,4,4,4,12,0,0,5,1,6,0,4,9,5,18,10,4,14,32
03/14/2016,OWB,KY,ASO,CE,Federal Contract Tower,0,8,7,5,20,0,0,6,4,10,0,8,13,9,30,4,10,14,44
03/15/2016,OWB,KY,ASO,CE,Federal Contract Tower,0,5,10,6,21,0,1,11,0,12,0,6,21,6,33,4,0,4,37
03/16/2016,OWB,KY,ASO,CE,Federal Contract Tower,2,9,4,9,24,0,0,30,3,33,2,9,34,12,57,30,4,34,91
03/17/2016,OWB,KY,ASO,CE,Federal Contract Tower,0,6,4,4,14,0,0,24,4,28,0,6,28,8,42,12,4,16,58
03/18/2016,OWB,KY,ASO,CE,Federal Contract Tower,2,12,15,0,29,0,0,41,0,41,2,12,56,0,70,60,0,60,130
03/19/2016,OWB,KY,ASO,CE,Federal Contract Tower,0,3,3,0,6,0,2,5,0,7,0,5,8,0,13,4,0,4,17
03/20/2016,OWB,KY,ASO,CE,Federal Contract Tower,0,7,1,1,9,0,0,3,1,4,0,7,4,2,13,6,0,6,19
03/21/2016,OWB,KY,ASO,CE,Federal Contract Tower,2,6,6,10,24,0,3,18,0,21,2,9,24,10,45,12,4,16,61
03/22/2016,OWB,KY,ASO,CE,Federal Contract Tower,0,6,8,4,18,0,0,8,0,8,0,6,16,4,26,4,0,4,30
03/23/2016,OWB,KY,ASO,CE,Federal Contract Tower,0,11,10,6,27,0,0,4,5,9,0,11,14,11,36,0,0,0,36
03/24/2016,OWB,KY,ASO,CE,Federal Contract Tower,0,6,8,0,14,0,0,0,0,0,0,6,8,0,14,0,0,0,14
03/25/2016,OWB,KY,ASO,CE,Federal Contract Tower,0,4,7,0,11,0,1,26,0,27,0,5,33,0,38,28,0,28,66
03/26/2016,OWB,KY,ASO,CE,Federal Contract Tower,1,6,4,0,11,0,4,68,0,72,1,10,72,0,83,46,0,46,129
03/27/2016,OWB,KY,ASO,CE,Federal Contract Tower,0,8,1,0,9,0,1,17,0,18,0,9,18,0,27,16,0,16,43
03/28/2016,OWB,KY,ASO,CE,Federal Contract Tower,2,6,10,4,22,0,0,17,3,20,2,6,27,7,42,32,0,32,74
03/29/2016,OWB,KY,ASO,CE,Federal Contract Tower,0,8,30,4,42,0,0,44,1,45,0,8,74,5,87,40,0,40,127
03/30/2016,OWB,KY,ASO,CE,Federal Contract Tower,0,6,8,0,14,0,0,17,0,17,0,6,25,0,31,54,0,54,85
03/31/2016,OWB,KY,ASO,CE,Federal Contract Tower,0,4,6,0,10,0,0,0,0,0,0,4,6,0,10,0,0,0,10
04/01/2016,OWB,KY,ASO,CE,Federal Contract Tower,2,8,16,4,30,2,0,19,2,23,4,8,35,6,53,18,0,18,71
04/02/2016,OWB,KY,ASO,CE,Federal Contract Tower,0,5,3,0,8,0,3,19,0,22,0,8,22,0,30,0,0,0,30
04/03/2016,OWB,KY,ASO,CE,Federal Contract Tower,0,6,3,0,9,0,1,35,0,36,0,7,38,0,45,0,0,0,45
04/04/2016,OWB,KY,ASO,CE,Federal Contract Tower,2,7,9,2,20,0,0,15,0,15,2,7,24,2,35,2,0,2,37
04/05/2016,OWB,KY,ASO,CE,Federal Contract Tower,0,8,6,2,16,0,0,38,2,40,0,8,44,4,56,48,0,48,104
04/06/2016,OWB,KY,ASO,CE,Federal Contract Tower,0,4,4,2,10,0,0,7,0,7,0,4,11,2,17,0,0,0,17
04/07/2016,OWB,KY,ASO,CE,Federal Contract Tower,0,4,11,3,18,0,0,5,0,5,0,4,16,3,23,0,0,0,23
04/08/2016,OWB,KY,ASO,CE,Federal Contract Tower,2,4,5,0,11,0,0,4,0,4,2,4,9,0,15,0,0,0,15
04/09/2016,OWB,KY,ASO,CE,Federal Contract Tower,0,4,10,0,14,0,2,30,0,32,0,6,40,0,46,28,0,28,74
04/10/2016,OWB,KY,ASO,CE,Federal Contract Tower,0,7,8,0,15,0,1,0,0,1,0,8,8,0,16,0,0,0,16
04/11/2016,OWB,KY,ASO,CE,Federal Contract Tower,2,6,1,0,9,0,0,3,0,3,2,6,4,0,12,0,0,0,12
04/12/2016,OWB,KY,ASO,CE,Federal Contract Tower,0,4,12,2,18,0,1,50,0,51,0,5,62,2,69,10,0,10,79
04/13/2016,OWB,KY,ASO,CE,Federal Contract Tower,0,6,13,13,32,0,0,42,4,46,0,6,55,17,78,60,4,64,142
04/14/2016,OWB,KY,ASO,CE,Federal Contract Tower,0,5,20,1,26,0,1,35,0,36,0,6,55,1,62,48,0,48,110
04/15/2016,OWB,KY,ASO,CE,Federal Contract Tower,2,9,13,0,24,0,0,24,0,24,2,9,37,0,48,24,0,24,72
04/16/2016,OWB,KY,ASO,CE,Federal Contract Tower,0,5,10,0,15,0,1,73,0,74,0,6,83,0,89,40,0,40,129
04/17/2016,OWB,KY,ASO,CE,Federal Contract Tower,0,7,14,0,21,0,0,33,0,33,0,7,47,0,54,24,0,24,78
04/18/2016,OWB,KY,ASO,CE,Federal Contract Tower,2,6,4,0,12,0,0,9,4,13,2,6,13,4,25,6,0,6,31
04/19/2016,OWB,KY,ASO,CE,Federal Contract Tower,0,9,7,4,20,0,0,34,2,36,0,9,41,6,56,14,2,16,72
04/20/2016,OWB,KY,ASO,CE,Federal Contract Tower,0,9,12,1,22,0,0,10,0,10,0,9,22,1,32,0,0,0,32
04/21/2016,OWB,KY,ASO,CE,Federal Contract Tower,0,7,3,4,14,0,0,3,0,3,0,7,6,4,17,0,0,0,17
04/22/2016,OWB,KY,ASO,CE,Federal Contract Tower,2,3,13,2,20,0,2,17,0,19,2,5,30,2,39,0,0,0,39
04/23/2016,OWB,KY,ASO,CE,Federal Contract Tower,0,4,14,0,18,0,0,21,0,21,0,4,35,0,39,4,0,4,43
04/24/2016,OWB,KY,ASO,CE,Federal Contract Tower,0,1,14,0,15,0,6,50,0,56,0,7,64,0,71,40,0,40,111
04/25/2016,OWB,KY,ASO,CE,Federal Contract Tower,2,8,13,3,26,0,0,32,7,39,2,8,45,10,65,8,0,8,73
04/26/2016,OWB,KY,ASO,CE,Federal Contract Tower,0,12,10,2,24,0,0,7,0,7,0,12,17,2,31,0,6,6,37
04/27/2016,OWB,KY,ASO,CE,Federal Contract Tower,0,11,7,0,18,0,0,1,0,1,0,11,8,0,19,0,0,0,19
04/28/2016,OWB,KY,ASO,CE,Federal Contract Tower,0,4,9,0,13,0,2,10,0,12,0,6,19,0,25,2,4,6,31
04/29/2016,OWB,KY,ASO,CE,Federal Contract Tower,2,9,13,4,28,0,0,30,3,33,2,9,43,7,61,0,14,14,75
04/30/2016,OWB,KY,ASO,CE,Federal Contract Tower,0,6,5,0,11,0,0,2,0,2,0,6,7,0,13,4,0,4,17
05/01/2016,OWB,KY,ASO,CE,Federal Contract Tower,0,5,12,2,19,0,1,10,0,11,0,6,22,2,30,0,0,0,30
05/02/2016,OWB,KY,ASO,CE,Federal Contract Tower,2,13,9,6,30,0,0,14,4,18,2,13,23,10,48,34,4,38,86
05/03/2016,OWB,KY,ASO,CE,Federal Contract Tower,0,6,15,8,29,0,0,1,2,3,0,6,16,10,32,0,12,12,44
05/04/2016,OWB,KY,ASO,CE,Federal Contract Tower,0,7,6,2,15,0,0,0,2,2,0,7,6,4,17,0,0,0,17
05/05/2016,OWB,KY,ASO,CE,Federal Contract Tower,0,9,10,2,21,0,0,17,2,19,0,9,27,4,40,0,0,0,40
05/06/2016,OWB,KY,ASO,CE,Federal Contract Tower,2,7,7,0,16,0,1,32,2,35,2,8,39,2,51,14,0,14,65
05/07/2016,OWB,KY,ASO,CE,Federal Contract Tower,0,6,3,0,9,0,0,20,0,20,0,6,23,0,29,18,0,18,47
05/08/2016,OWB,KY,ASO,CE,Federal Contract Tower,0,4,7,0,11,0,4,6,0,10,0,8,13,0,21,4,0,4,25
05/09/2016,OWB,KY,ASO,CE,Federal Contract Tower,2,6,6,4,18,0,0,3,0,3,2,6,9,4,21,14,0,14,35
05/10/2016,OWB,KY,ASO,CE,Federal Contract Tower,0,7,10,2,19,0,0,4,0,4,0,7,14,2,23,0,0,0,23
05/11/2016,OWB,KY,ASO,CE,Federal Contract Tower,0,5,7,5,17,0,0,2,0,2,0,5,9,5,19,0,10,10,29
05/12/2016,OWB,KY,ASO,CE,Federal Contract Tower,0,7,16,0,23,0,0,10,0,10,0,7,26,0,33,32,0,32,65
05/13/2016,OWB,KY,ASO,CE,Federal Contract Tower,0,9,7,0,16,0,0,29,0,29,0,9,36,0,45,60,0,60,105
05/14/2016,OWB,KY,ASO,CE,Federal Contract Tower,0,6,8,0,14,0,0,0,0,0,0,6,8,0,14,0,0,0,14
05/15/2016,OWB,KY,ASO,CE,Federal Contract Tower,0,7,4,0,11,0,0,34,0,34,0,7,38,0,45,22,0,22,67
05/16/2016,OWB,KY,ASO,CE,Federal Contract Tower,2,5,4,7,18,0,0,13,4,17,2,5,17,11,35,10,0,10,45
05/17/2016,OWB,KY,ASO,CE,Federal Contract Tower,0,8,6,3,17,0,0,0,0,0,0,8,6,3,17,0,0,0,17
05/18/2016,OWB,KY,ASO,CE,Federal Contract Tower,0,7,20,5,32,0,0,15,2,17,0,7,35,7,49,36,16,52,101
05/19/2016,OWB,KY,ASO,CE,Federal Contract Tower,0,6,18,7,31,0,0,37,2,39,0,6,55,9,70,2,2,4,74
05/20/2016,OWB,KY,ASO,CE,Federal Contract Tower,2,6,16,7,31,0,0,4,0,4,2,6,20,7,35,28,0,28,63
05/21/2016,OWB,KY,ASO,CE,Federal Contract Tower,0,5,17,3,25,0,0,0,0,0,0,5,17,3,25,0,0,0,25
05/22/2016,OWB,KY,ASO,CE,Federal Contract Tower,0,11,2,0,13,0,0,40,2,42,0,11,42,2,55,16,0,16,71
05/23/2016,OWB,KY,ASO,CE,Federal Contract Tower,2,6,10,10,28,0,0,22,6,28,2,6,32,16,56,0,12,12,68
05/24/2016,OWB,KY,ASO,CE,Federal Contract Tower,0,6,11,5,22,0,0,37,20,57,0,6,48,25,79,16,0,16,95
05/25/2016,OWB,KY,ASO,CE,Federal Contract Tower,2,5,5,2,14,0,0,1,1,2,2,5,6,3,16,0,18,18,34
05/26/2016,OWB,KY,ASO,CE,Federal Contract Tower,0,8,8,0,16,0,0,4,0,4,0,8,12,0,20,0,0,0,20
05/27/2016,OWB,KY,ASO,CE,Federal Contract Tower,2,7,7,0,16,0,1,10,0,11,2,8,17,0,27,0,0,0,27
05/28/2016,OWB,KY,ASO,CE,Federal Contract Tower,0,6,6,0,12,0,0,8,0,8,0,6,14,0,20,0,0,0,20
05/29/2016,OWB,KY,ASO,CE,Federal Contract Tower,0,6,8,0,14,0,0,18,0,18,0,6,26,0,32,30,0,30,62
05/30/2016,OWB,KY,ASO,CE,Federal Contract Tower,2,6,11,0,19,0,0,19,0,19,2,6,30,0,38,18,0,18,56
05/31/2016,OWB,KY,ASO,CE,Federal Contract Tower,0,8,15,2,25,0,0,22,15,37,0,8,37,17,62,4,0,4,66
06/01/2016,OWB,KY,ASO,CE,Federal Contract Tower,0,8,3,0,11,0,2,25,5,32,0,10,28,5,43,24,0,24,67
06/02/2016,OWB,KY,ASO,CE,Federal Contract Tower,0,7,7,2,16,0,0,5,0,5,0,7,12,2,21,4,0,4,25
06/03/2016,OWB,KY,ASO,CE,Federal Contract Tower,0,8,12,2,22,0,0,9,7,16,0,8,21,9,38,0,20,20,58
06/04/2016,OWB,KY,ASO,CE,Federal Contract Tower,4,6,1,0,11,0,0,0,0,0,4,6,1,0,11,0,0,0,11
06/05/2016,OWB,KY,ASO,CE,Federal Contract Tower,0,5,4,0,9,0,0,8,0,8,0,5,12,0,17,14,0,14,31
06/06/2016,OWB,KY,ASO,CE,Federal Contract Tower,2,6,7,0,15,0,0,20,0,20,2,6,27,0,35,0,0,0,35
06/07/2016,OWB,KY,ASO,CE,Federal Contract Tower,0,9,14,2,25,0,0,20,3,23,0,9,34,5,48,0,0,0,48
06/08/2016,OWB,KY,ASO,CE,Federal Contract Tower,2,8,9,2,21,0,28,12,0,40,2,36,21,2,61,10,0,10,71
06/09/2016,OWB,KY,ASO,CE,Federal Contract Tower,0,8,3,8,19,0,0,17,8,25,0,8,20,16,44,14,0,14,58
06/10/2016,OWB,KY,ASO,CE,Federal Contract Tower,2,10,11,3,26,0,0,32,1,33,2,10,43,4,59,56,0,56,115
06/11/2016,OWB,KY,ASO,CE,Federal Contract Tower,2,6,3,2,13,0,0,27,6,33,2,6,30,8,46,30,12,42,88
06/12/2016,OWB,KY,ASO,CE,Federal Contract Tower,0,5,3,0,8,0,1,18,0,19,0,6,21,0,27,0,0,0,27
06/13/2016,OWB,KY,ASO,CE,Federal Contract Tower,2,5,3,6,16,0,0,9,7,16,2,5,12,13,32,4,12,16,48
06/14/2016,OWB,KY,ASO,CE,Federal Contract Tower,0,6,4,8,18,0,1,8,1,10,0,7,12,9,28,0,0,0,28
06/15/2016,OWB,KY,ASO,CE,Federal Contract Tower,2,4,12,5,23,0,0,4,20,24,2,4,16,25,47,2,10,12,59
06/16/2016,OWB,KY,ASO,CE,Federal Contract Tower,0,6,9,9,24,0,0,14,10,24,0,6,23,19,48,24,10,34,82
06/17/2016,OWB,KY,ASO,CE,Federal Contract Tower,2,9,17,0,28,0,0,26,0,26,2,9,43,0,54,36,0,36,90
06/18/2016,OWB,KY,ASO,CE,Federal Contract Tower,2,11,5,12,30,0,0,45,0,45,2,11,50,12,75,32,0,32,107
06/19/2016,OWB,KY,ASO,CE,Federal Contract Tower,0,7,5,0,12,0,0,17,0,17,0,7,22,0,29,14,0,14,43
06/20/2016,OWB,KY,ASO,CE,Federal Contract Tower,2,8,8,2,20,0,0,12,12,24,2,8,20,14,44,6,2,8,52
06/21/2016,OWB,KY,ASO,CE,Federal Contract Tower,0,5,9,5,19,0,0,8,2,10,0,5,17,7,29,4,2,6,35
06/22/2016,OWB,KY,ASO,CE,Federal Contract Tower,2,6,19,7,34,0,2,15,1,18,2,8,34,8,52,10,0,10,62
06/23/2016,OWB,KY,ASO,CE,Federal Contract Tower,0,7,9,2,18,0,0,3,5,8,0,7,12,7,26,2,0,2,28
06/24/2016,OWB,KY,ASO,CE,Federal Contract Tower,2,6,28,0,36,0,0,16,0,16,2,6,44,0,52,4,0,4,56
06/25/2016,OWB,KY,ASO,CE,Federal Contract Tower,2,10,2,1,15,0,0,32,2,34,2,10,34,3,49,22,10,32,81
06/26/2016,OWB,KY,ASO,CE,Federal Contract Tower,0,13,8,0,21,0,0,7,0,7,0,13,15,0,28,10,0,10,38
06/27/2016,OWB,KY,ASO,CE,Federal Contract Tower,2,8,1,0,11,0,0,4,0,4,2,8,5,0,15,0,0,0,15
06/28/2016,OWB,KY,ASO,CE,Federal Contract Tower,0,6,8,9,23,0,0,9,1,10,0,6,17,10,33,14,2,16,49
06/29/2016,OWB,KY,ASO,CE,Federal Contract Tower,2,8,14,0,24,0,0,22,2,24,2,8,36,2,48,48,0,48,96
06/30/2016,OWB,KY,ASO,CE,Federal Contract Tower,0,6,2,2,10,0,0,23,4,27,0,6,25,6,37,10,4,14,51
07/01/2016,OWB,KY,ASO,CE,Federal Contract Tower,2,6,5,10,23,0,0,13,3,16,2,6,18,13,39,4,8,12,51
07/02/2016,OWB,KY,ASO,CE,Federal Contract Tower,2,5,11,0,18,0,3,20,0,23,2,8,31,0,41,0,0,0,41
07/03/2016,OWB,KY,ASO,CE,Federal Contract Tower,0,5,2,0,7,0,0,0,0,0,0,5,2,0,7,0,0,0,7
07/04/2016,OWB,KY,ASO,CE,Federal Contract Tower,2,6,1,0,9,0,0,0,0,0,2,6,1,0,9,0,0,0,9
07/05/2016,OWB,KY,ASO,CE,Federal Contract Tower,0,7,6,0,13,0,0,19,0,19,0,7,25,0,32,0,0,0,32
07/06/2016,OWB,KY,ASO,CE,Federal Contract Tower,2,2,0,0,4,0,0,5,0,5,2,2,5,0,9,26,0,26,35
07/07/2016,OWB,KY,ASO,CE,Federal Contract Tower,0,4,15,0,19,0,0,2,0,2,0,4,17,0,21,4,0,4,25
07/08/2016,OWB,KY,ASO,CE,Federal Contract Tower,2,7,4,0,13,0,0,9,0,9,2,7,13,0,22,4,0,4,26
07/09/2016,OWB,KY,ASO,CE,Federal Contract Tower,2,7,7,0,16,0,0,42,0,42,2,7,49,0,58,8,0,8,66
07/10/2016,OWB,KY,ASO,CE,Federal Contract Tower,0,3,9,2,14,0,0,0,0,0,0,3,9,2,14,4,0,4,18
07/11/2016,OWB,KY,ASO,CE,Federal Contract Tower,2,5,2,6,15,0,0,25,0,25,2,5,27,6,40,10,0,10,50
07/12/2016,OWB,KY,ASO,CE,Federal Contract Tower,0,8,7,1,16,0,0,3,0,3,0,8,10,1,19,0,0,0,19
07/13/2016,OWB,KY,ASO,CE,Federal Contract Tower,2,7,12,0,21,0,0,15,0,15,2,7,27,0,36,14,0,14,50
07/14/2016,OWB,KY,ASO,CE,Federal Contract Tower,0,6,13,0,19,0,0,12,0,12,0,6,25,0,31,0,0,0,31
07/15/2016,OWB,KY,ASO,CE,Federal Contract Tower,2,7,8,11,28,0,0,25,2,27,2,7,33,13,55,10,8,18,73
07/16/2016,OWB,KY,ASO,CE,Federal Contract Tower,2,6,8,4,20,0,0,53,0,53,2,6,61,4,73,18,0,18,91
07/17/2016,OWB,KY,ASO,CE,Federal Contract Tower,0,10,7,3,20,0,0,34,0,34,0,10,41,3,54,10,0,10,64
07/18/2016,OWB,KY,ASO,CE,Federal Contract Tower,2,8,1,6,17,0,1,11,0,12,2,9,12,6,29,6,0,6,35
07/19/2016,OWB,KY,ASO,CE,Federal Contract Tower,0,6,12,0,18,0,0,22,8,30,0,6,34,8,48,14,0,14,62
07/20/2016,OWB,KY,ASO,CE,Federal Contract Tower,2,7,12,2,23,0,0,21,0,21,2,7,33,2,44,112,0,112,156
07/21/2016,OWB,KY,ASO,CE,Federal Contract Tower,0,8,15,2,25,0,0,27,2,29,0,8,42,4,54,40,0,40,94
07/22/2016,OWB,KY,ASO,CE,Federal Contract Tower,2,7,7,6,22,0,0,49,0,49,2,7,56,6,71,0,0,0,71
07/23/2016,OWB,KY,ASO,CE,Federal Contract Tower,2,8,6,6,22,0,0,0,0,0,2,8,6,6,22,8,2,10,32
07/24/2016,OWB,KY,ASO,CE,Federal Contract Tower,0,4,3,0,7,0,2,11,2,15,0,6,14,2,22,0,0,0,22
07/25/2016,OWB,KY,ASO,CE,Federal Contract Tower,2,6,3,2,13,0,0,14,2,16,2,6,17,4,29,0,0,0,29
07/26/2016,OWB,KY,ASO,CE,Federal Contract Tower,0,8,16,4,28,0,0,3,0,3,0,8,19,4,31,2,0,2,33
07/27/2016,OWB,KY,ASO,CE,Federal Contract Tower,2,8,10,9,29,0,0,7,2,9,2,8,17,11,38,0,12,12,50
07/28/2016,OWB,KY,ASO,CE,Federal Contract Tower,0,12,8,1,21,0,0,12,0,12,0,12,20,1,33,0,0,0,33
07/29/2016,OWB,KY,ASO,CE,Federal Contract Tower,2,6,3,2,13,0,0,11,0,11,2,6,14,2,24,0,0,0,24
07/30/2016,OWB,KY,ASO,CE,Federal Contract Tower,0,8,7,0,15,0,0,20,0,20,0,8,27,0,35,4,0,4,39
07/31/2016,OWB,KY,ASO,CE,Federal Contract Tower,0,6,9,0,15,0,0,15,6,21,0,6,24,6,36,12,0,12,48
08/01/2016,OWB,KY,ASO,CE,Federal Contract Tower,2,9,2,0,13,0,0,11,0,11,2,9,13,0,24,6,0,6,30
08/02/2016,OWB,KY,ASO,CE,Federal Contract Tower,0,4,9,2,15,0,0,6,4,10,0,4,15,6,25,0,0,0,25
08/03/2016,OWB,KY,ASO,CE,Federal Contract Tower,2,6,9,4,21,0,0,17,2,19,2,6,26,6,40,10,0,10,50
08/04/2016,OWB,KY,ASO,CE,Federal Contract Tower,0,9,14,4,27,0,0,23,6,29,0,9,37,10,56,2,0,2,58
08/05/2016,OWB,KY,ASO,CE,Federal Contract Tower,3,7,5,2,17,0,0,26,0,26,3,7,31,2,43,14,0,14,57
08/06/2016,OWB,KY,ASO,CE,Federal Contract Tower,0,6,5,0,11,0,0,31,0,31,0,6,36,0,42,8,0,8,50
08/07/2016,OWB,KY,ASO,CE,Federal Contract Tower,0,6,1,0,7,0,0,40,1,41,0,6,41,1,48,0,3,3,51
08/08/2016,OWB,KY,ASO,CE,Federal Contract Tower,2,5,1,1,9,0,0,20,0,20,2,5,21,1,29,2,2,4,33
08/09/2016,OWB,KY,ASO,CE,Federal Contract Tower,0,6,3,3,12,0,0,9,1,10,0,6,12,4,22,8,4,12,34
08/10/2016,OWB,KY,ASO,CE,Federal Contract Tower,2,6,7,10,25,0,0,10,10,20,2,6,17,20,45,0,10,10,55
08/11/2016,OWB,KY,ASO,CE,Federal Contract Tower,0,8,16,6,30,0,0,16,3,19,0,8,32,9,49,6,10,16,65
08/12/2016,OWB,KY,ASO,CE,Federal Contract Tower,1,7,11,12,31,0,0,12,5,17,1,7,23,17,48,38,28,66,114
08/13/2016,OWB,KY,ASO,CE,Federal Contract Tower,2,0,0,0,2,0,4,0,0,4,2,4,0,0,6,58,0,58,64
08/14/2016,OWB,KY,ASO,CE,Federal Contract Tower,0,4,0,6,10,0,0,14,0,14,0,4,14,6,24,22,0,22,46
08/15/2016,OWB,KY,ASO,CE,Federal Contract Tower,2,9,11,2,24,0,0,9,0,9,2,9,20,2,33,50,0,50,83
08/16/2016,OWB,KY,ASO,CE,Federal Contract Tower,0,5,3,0,8,0,0,0,0,0,0,5,3,0,8,0,0,0,8
08/17/2016,OWB,KY,ASO,CE,Federal Contract Tower,0,8,5,0,13,0,0,2,0,2,0,8,7,0,15,10,0,10,25
08/18/2016,OWB,KY,ASO,CE,Federal Contract Tower,0,9,16,4,29,0,0,7,0,7,0,9,23,4,36,28,0,28,64
08/19/2016,OWB,KY,ASO,CE,Federal Contract Tower,2,6,10,2,20,0,0,22,0,22,2,6,32,2,42,0,0,0,42
08/20/2016,OWB,KY,ASO,CE,Federal Contract Tower,0,4,10,0,14,0,0,2,0,2,0,4,12,0,16,6,0,6,22
08/21/2016,OWB,KY,ASO,CE,Federal Contract Tower,0,6,4,0,10,0,0,29,0,29,0,6,33,0,39,54,0,54,93
08/22/2016,OWB,KY,ASO,CE,Federal Contract Tower,2,8,8,1,19,0,0,28,3,31,2,8,36,4,50,16,0,16,66
08/23/2016,OWB,KY,ASO,CE,Federal Contract Tower,0,7,8,3,18,0,0,12,3,15,0,7,20,6,33,30,0,30,63
08/24/2016,OWB,KY,ASO,CE,Federal Contract Tower,0,6,10,0,16,0,0,16,0,16,0,6,26,0,32,64,0,64,96
08/25/2016,OWB,KY,ASO,CE,Federal Contract Tower,0,7,9,8,24,0,2,21,5,28,0,9,30,13,52,28,0,28,80
08/26/2016,OWB,KY,ASO,CE,Federal Contract Tower,2,8,4,2,16,0,0,13,1,14,2,8,17,3,30,0,0,0,30
08/27/2016,OWB,KY,ASO,CE,Federal Contract Tower,0,8,11,0,19,0,0,26,0,26,0,8,37,0,45,12,0,12,57
08/28/2016,OWB,KY,ASO,CE,Federal Contract Tower,0,7,4,0,11,0,0,8,0,8,0,7,12,0,19,10,0,10,29
08/29/2016,OWB,KY,ASO,CE,Federal Contract Tower,2,8,8,3,21,0,0,8,1,9,2,8,16,4,30,18,6,24,54
08/30/2016,OWB,KY,ASO,CE,Federal Contract Tower,0,5,5,3,13,0,0,4,0,4,0,5,9,3,17,2,0,2,19
08/31/2016,OWB,KY,ASO,CE,Federal Contract Tower,0,8,9,4,21,0,0,11,6,17,0,8,20,10,38,36,0,36,74
09/01/2016,OWB,KY,ASO,CE,Federal Contract Tower,0,6,13,9,28,0,0,13,1,14,0,6,26,10,42,6,0,6,48
09/02/2016,OWB,KY,ASO,CE,Federal Contract Tower,2,8,7,0,17,0,0,14,0,14,2,8,21,0,31,26,0,26,57
09/03/2016,OWB,KY,ASO,CE,Federal Contract Tower,0,6,8,0,14,0,0,41,0,41,0,6,49,0,55,4,0,4,59
09/04/2016,OWB,KY,ASO,CE,Federal Contract Tower,0,6,4,0,10,0,0,9,0,9,0,6,13,0,19,4,0,4,23
09/05/2016,OWB,KY,ASO,CE,Federal Contract Tower,2,6,5,0,13,0,0,17,0,17,2,6,22,0,30,16,0,16,46
09/06/2016,OWB,KY,ASO,CE,Federal Contract Tower,0,9,11,2,22,0,1,13,4,18,0,10,24,6,40,32,34,66,106
09/07/2016,OWB,KY,ASO,CE,Federal Contract Tower,0,10,12,3,25,0,0,7,2,9,0,10,19,5,34,8,3,11,45
09/08/2016,OWB,KY,ASO,CE,Federal Contract Tower,0,3,7,0,10,0,0,26,1,27,0,3,33,1,37,20,2,22,59
09/09/2016,OWB,KY,ASO,CE,Federal Contract Tower,2,5,12,0,19,0,0,2,0,2,2,5,14,0,21,3,0,3,24
09/10/2016,OWB,KY,ASO,CE,Federal Contract Tower,0,3,6,0,9,0,1,4,0,5,0,4,10,0,14,4,0,4,18
09/11/2016,OWB,KY,ASO,CE,Federal Contract Tower,0,4,11,0,15,0,1,29,0,30,0,5,40,0,45,18,0,18,63
09/12/2016,OWB,KY,ASO,CE,Federal Contract Tower,2,5,0,3,10,0,0,37,0,37,2,5,37,3,47,20,0,20,67
09/13/2016,OWB,KY,ASO,CE,Federal Contract Tower,0,7,6,4,17,0,1,25,2,28,0,8,31,6,45,48,0,48,93
09/14/2016,OWB,KY,ASO,CE,Federal Contract Tower,0,7,13,6,26,0,2,10,0,12,0,9,23,6,38,4,0,4,42
09/15/2016,OWB,KY,ASO,CE,Federal Contract Tower,0,7,15,6,28,0,0,14,1,15,0,7,29,7,43,36,0,36,79
09/16/2016,OWB,KY,ASO,CE,Federal Contract Tower,2,9,13,0,24,0,0,8,0,8,2,9,21,0,32,26,0,26,58
09/17/2016,OWB,KY,ASO,CE,Federal Contract Tower,0,6,2,0,8,0,0,4,2,6,0,6,6,2,14,22,0,22,36
09/18/2016,OWB,KY,ASO,CE,Federal Contract Tower,0,6,11,0,17,0,1,24,2,27,0,7,35,2,44,0,0,0,44
09/19/2016,OWB,KY,ASO,CE,Federal Contract Tower,2,1,7,0,10,0,4,12,0,16,2,5,19,0,26,2,0,2,28
09/20/2016,OWB,KY,ASO,CE,Federal Contract Tower,0,4,13,5,22,0,0,29,3,32,0,4,42,8,54,0,12,12,66
09/21/2016,OWB,KY,ASO,CE,Federal Contract Tower,0,7,12,7,26,0,0,36,0,36,0,7,48,7,62,40,0,40,102
09/22/2016,OWB,KY,ASO,CE,Federal Contract Tower,0,6,6,3,15,0,4,14,2,20,0,10,20,5,35,28,8,36,71
09/23/2016,OWB,KY,ASO,CE,Federal Contract Tower,2,5,16,1,24,0,1,38,1,40,2,6,54,2,64,10,0,10,74
09/24/2016,OWB,KY,ASO,CE,Federal Contract Tower,0,7,8,0,15,0,0,23,0,23,0,7,31,0,38,28,0,28,66
09/25/2016,OWB,KY,ASO,CE,Federal Contract Tower,0,7,18,0,25,0,0,25,0,25,0,7,43,0,50,14,0,14,64
09/26/2016,OWB,KY,ASO,CE,Federal Contract Tower,2,4,10,2,18,0,0,4,0,4,2,4,14,2,22,10,0,10,32
09/27/2016,OWB,KY,ASO,CE,Federal Contract Tower,0,7,16,0,23,0,0,47,1,48,0,7,63,1,71,42,0,42,113
09/28/2016,OWB,KY,ASO,CE,Federal Contract Tower,2,8,24,13,47,0,0,23,4,27,2,8,47,17,74,50,28,78,152
09/29/2016,OWB,KY,ASO,CE,Federal Contract Tower,0,7,22,17,46,0,0,47,3,50,0,7,69,20,96,0,0,0,96
09/30/2016,OWB,KY,ASO,CE,Federal Contract Tower,2,2,16,0,20,0,0,30,2,32,2,2,46,2,52,4,1,5,57
10/01/2016,OWB,KY,ASO,CE,Federal Contract Tower,0,4,4,1,9,0,1,17,0,18,0,5,21,1,27,0,0,0,27
10/02/2016,OWB,KY,ASO,CE,Federal Contract Tower,0,3,2,0,5,0,0,79,4,83,0,3,81,4,88,4,0,4,92
10/03/2016,OWB,KY,ASO,CE,Federal Contract Tower,2,5,6,3,16,0,0,22,0,22,2,5,28,3,38,52,0,52,90
10/04/2016,OWB,KY,ASO,CE,Federal Contract Tower,0,5,12,13,30,0,0,38,1,39,0,5,50,14,69,36,0,36,105
10/05/2016,OWB,KY,ASO,CE,Federal Contract Tower,2,7,11,8,28,0,0,36,5,41,2,7,47,13,69,70,10,80,149
10/06/2016,OWB,KY,ASO,CE,Federal Contract Tower,0,6,5,3,14,0,4,18,1,23,0,10,23,4,37,18,0,18,55
10/07/2016,OWB,KY,ASO,CE,Federal Contract Tower,0,9,5,0,14,0,0,33,1,34,0,9,38,1,48,50,34,84,132
10/08/2016,OWB,KY,ASO,CE,Federal Contract Tower,0,1,14,0,15,0,6,14,0,20,0,7,28,0,35,16,0,16,51
10/09/2016,OWB,KY,ASO,CE,Federal Contract Tower,0,2,8,0,10,0,4,38,0,42,0,6,46,0,52,22,0,22,74
10/10/2016,OWB,KY,ASO,CE,Federal Contract Tower,2,7,10,0,19,0,0,22,0,22,2,7,32,0,41,10,0,10,51
10/11/2016,OWB,KY,ASO,CE,Federal Contract Tower,0,11,4,3,18,0,0,26,1,27,0,11,30,4,45,16,0,16,61
10/12/2016,OWB,KY,ASO,CE,Federal Contract Tower,2,8,12,0,22,0,0,9,0,9,2,8,21,0,31,12,0,12,43
10/13/2016,OWB,KY,ASO,CE,Federal Contract Tower,0,8,6,5,19,0,1,10,2,13,0,9,16,7,32,0,2,2,34
10/14/2016,OWB,KY,ASO,CE,Federal Contract Tower,2,4,13,4,23,0,0,7,1,8,2,4,20,5,31,6,2,8,39
10/15/2016,OWB,KY,ASO,CE,Federal Contract Tower,0,4,8,0,12,0,0,18,0,18,0,4,26,0,30,16,0,16,46
10/16/2016,OWB,KY,ASO,CE,Federal Contract Tower,0,6,2,0,8,0,0,14,0,14,0,6,16,0,22,2,0,2,24
10/17/2016,OWB,KY,ASO,CE,Federal Contract Tower,2,6,6,3,17,0,0,7,1,8,2,6,13,4,25,6,4,10,35
10/18/2016,OWB,KY,ASO,CE,Federal Contract Tower,0,8,12,16,36,0,0,3,3,6,0,8,15,19,42,0,0,0,42
10/19/2016,OWB,KY,ASO,CE,Federal Contract Tower,1,10,6,5,22,0,0,5,1,6,1,10,11,6,28,16,0,16,44
10/20/2016,OWB,KY,ASO,CE,Federal Contract Tower,0,7,8,1,16,0,0,0,1,1,0,7,8,2,17,0,0,0,17
10/21/2016,OWB,KY,ASO,CE,Federal Contract Tower,2,6,12,2,22,0,1,9,0,10,2,7,21,2,32,18,0,18,50
10/22/2016,OWB,KY,ASO,CE,Federal Contract Tower,0,2,4,0,6,0,2,40,0,42,0,4,44,0,48,28,0,28,76
10/23/2016,OWB,KY,ASO,CE,Federal Contract Tower,0,2,12,0,14,0,0,29,0,29,0,2,41,0,43,0,0,0,43
10/24/2016,OWB,KY,ASO,CE,Federal Contract Tower,2,7,4,4,17,0,0,18,0,18,2,7,22,4,35,2,0,2,37
10/25/2016,OWB,KY,ASO,CE,Federal Contract Tower,0,9,11,1,21,0,0,27,1,28,0,9,38,2,49,4,0,4,53
10/26/2016,OWB,KY,ASO,CE,Federal Contract Tower,0,6,5,11,22,0,0,9,1,10,0,6,14,12,32,44,8,52,84
10/27/2016,OWB,KY,ASO,CE,Federal Contract Tower,0,11,14,1,26,0,0,2,1,3,0,11,16,2,29,8,0,8,37
10/28/2016,OWB,KY,ASO,CE,Federal Contract Tower,2,1,7,0,10,0,6,33,0,39,2,7,40,0,49,24,0,24,73
10/29/2016,OWB,KY,ASO,CE,Federal Contract Tower,0,3,5,0,8,0,4,30,0,34,0,7,35,0,42,16,0,16,58
10/30/2016,OWB,KY,ASO,CE,Federal Contract Tower,0,6,5,0,11,0,1,22,0,23,0,7,27,0,34,42,0,42,76
10/31/2016,OWB,KY,ASO,CE,Federal Contract Tower,2,9,6,5,22,0,0,15,4,19,2,9,21,9,41,0,0,0,41
11/01/2016,OWB,KY,ASO,CE,Federal Contract Tower,0,5,4,0,9,0,0,25,0,25,0,5,29,0,34,50,0,50,84
11/02/2016,OWB,KY,ASO,CE,Federal Contract Tower,0,8,0,3,11,0,0,13,2,15,0,8,13,5,26,64,32,96,122
11/03/2016,OWB,KY,ASO,CE,Federal Contract Tower,0,7,3,2,12,0,0,0,0,0,0,7,3,2,12,10,0,10,22
11/04/2016,OWB,KY,ASO,CE,Federal Contract Tower,2,9,22,2,35,0,2,35,0,37,2,11,57,2,72,52,0,52,124
11/05/2016,OWB,KY,ASO,CE,Federal Contract Tower,0,6,2,0,8,0,3,42,0,45,0,9,44,0,53,12,0,12,65
11/06/2016,OWB,KY,ASO,CE,Federal Contract Tower,0,5,3,5,13,0,2,41,1,44,0,7,44,6,57,2,6,8,65
11/07/2016,OWB,KY,ASO,CE,Federal Contract Tower,2,7,7,2,18,0,0,17,5,22,2,7,24,7,40,6,40,46,86
11/08/2016,OWB,KY,ASO,CE,Federal Contract Tower,0,8,15,14,37,0,0,5,0,5,0,8,20,14,42,0,6,6,48
11/09/2016,OWB,KY,ASO,CE,Federal Contract Tower,0,8,5,7,20,0,0,17,5,22,0,8,22,12,42,12,0,12,54
11/10/2016,OWB,KY,ASO,CE,Federal Contract Tower,0,5,12,3,20,0,0,0,0,0,0,5,12,3,20,56,6,62,82
11/11/2016,OWB,KY,ASO,CE,Federal Contract Tower,2,4,5,0,11,0,2,13,0,15,2,6,18,0,26,44,0,44,70
11/12/2016,OWB,KY,ASO,CE,Federal Contract Tower,0,6,4,0,10,0,0,20,0,20,0,6,24,0,30,26,2,28,58
11/13/2016,OWB,KY,ASO,CE,Federal Contract Tower,0,5,9,0,14,0,3,19,0,22,0,8,28,0,36,10,0,10,46
11/14/2016,OWB,KY,ASO,CE,Federal Contract Tower,2,9,6,0,17,0,0,21,0,21,2,9,27,0,38,8,0,8,46
11/15/2016,OWB,KY,ASO,CE,Federal Contract Tower,0,8,4,2,14,0,0,25,8,33,0,8,29,10,47,14,2,16,63
11/16/2016,OWB,KY,ASO,CE,Federal Contract Tower,0,14,16,15,45,0,0,29,10,39,0,14,45,25,84,0,18,18,102
11/17/2016,OWB,KY,ASO,CE,Federal Contract Tower,0,6,6,0,12,0,10,2,0,12,0,16,8,0,24,26,0,26,50
11/18/2016,OWB,KY,ASO,CE,Federal Contract Tower,2,6,10,1,19,0,1,8,2,11,2,7,18,3,30,10,8,18,48
11/19/2016,OWB,KY,ASO,CE,Federal Contract Tower,0,7,1,0,8,0,0,4,0,4,0,7,5,0,12,2,0,2,14
11/20/2016,OWB,KY,ASO,CE,Federal Contract Tower,0,4,6,0,10,0,2,10,0,12,0,6,16,0,22,0,0,0,22
11/21/2016,OWB,KY,ASO,CE,Federal Contract Tower,2,7,13,6,28,0,1,22,2,25,2,8,35,8,53,14,0,14,67
11/22/2016,OWB,KY,ASO,CE,Federal Contract Tower,0,9,1,4,14,0,0,20,2,22,0,9,21,6,36,42,2,44,80
11/23/2016,OWB,KY,ASO,CE,Federal Contract Tower,2,6,3,7,18,0,0,5,4,9,2,6,8,11,27,24,0,24,51
11/24/2016,OWB,KY,ASO,CE,Federal Contract Tower,0,7,9,0,16,0,0,1,0,1,0,7,10,0,17,0,0,0,17
11/25/2016,OWB,KY,ASO,CE,Federal Contract Tower,2,6,7,0,15,0,0,4,0,4,2,6,11,0,19,0,0,0,19
11/26/2016,OWB,KY,ASO,CE,Federal Contract Tower,0,7,3,0,10,0,0,31,0,31,0,7,34,0,41,28,0,28,69
11/27/2016,OWB,KY,ASO,CE,Federal Contract Tower,0,9,2,0,11,0,0,7,0,7,0,9,9,0,18,0,0,0,18
11/28/2016,OWB,KY,ASO,CE,Federal Contract Tower,2,6,3,4,15,0,0,0,0,0,2,6,3,4,15,0,0,0,15
11/29/2016,OWB,KY,ASO,CE,Federal Contract Tower,0,6,10,0,16,0,0,14,0,14,0,6,24,0,30,50,0,50,80
11/30/2016,OWB,KY,ASO,CE,Federal Contract Tower,0,12,4,3,19,0,0,13,3,16,0,12,17,6,35,18,0,18,53
12/01/2016,OWB,KY,ASO,CE,Federal Contract Tower,0,9,15,3,27,0,0,12,0,12,0,9,27,3,39,0,0,0,39
12/02/2016,OWB,KY,ASO,CE,Federal Contract Tower,2,10,6,0,18,0,0,31,0,31,2,10,37,0,49,24,0,24,73
12/03/2016,OWB,KY,ASO,CE,Federal Contract Tower,0,6,6,6,18,0,0,19,1,20,0,6,25,7,38,28,0,28,66
12/04/2016,OWB,KY,ASO,CE,Federal Contract Tower,0,6,1,0,7,0,0,3,0,3,0,6,4,0,10,18,0,18,28
12/05/2016,OWB,KY,ASO,CE,Federal Contract Tower,2,7,1,1,11,0,0,12,0,12,2,7,13,1,23,4,0,4,27
12/06/2016,OWB,KY,ASO,CE,Federal Contract Tower,0,9,9,0,18,0,0,0,0,0,0,9,9,0,18,0,0,0,18
12/07/2016,OWB,KY,ASO,CE,Federal Contract Tower,0,10,9,9,28,0,1,16,3,20,0,11,25,12,48,42,0,42,90
12/08/2016,OWB,KY,ASO,CE,Federal Contract Tower,0,7,13,9,29,0,1,6,4,11,0,8,19,13,40,8,8,16,56
12/09/2016,OWB,KY,ASO,CE,Federal Contract Tower,2,7,12,2,23,0,0,8,0,8,2,7,20,2,31,20,0,20,51
12/10/2016,OWB,KY,ASO,CE,Federal Contract Tower,0,5,5,0,10,0,2,32,0,34,0,7,37,0,44,14,0,14,58
12/11/2016,OWB,KY,ASO,CE,Federal Contract Tower,0,8,1,6,15,0,0,0,1,1,0,8,1,7,16,0,6,6,22
12/12/2016,OWB,KY,ASO,CE,Federal Contract Tower,2,5,6,14,27,0,0,4,5,9,2,5,10,19,36,0,28,28,64
12/13/2016,OWB,KY,ASO,CE,Federal Contract Tower,0,6,8,4,18,0,1,4,0,5,0,7,12,4,23,0,0,0,23
12/14/2016,OWB,KY,ASO,CE,Federal Contract Tower,0,5,12,9,26,0,0,4,1,5,0,5,16,10,31,0,0,0,31
12/15/2016,OWB,KY,ASO,CE,Federal Contract Tower,0,6,18,2,26,0,0,12,1,13,0,6,30,3,39,22,0,22,61
12/16/2016,OWB,KY,ASO,CE,Federal Contract Tower,2,8,3,0,13,0,0,14,0,14,2,8,17,0,27,14,0,14,41
12/17/2016,OWB,KY,ASO,CE,Federal Contract Tower,0,2,0,0,2,0,0,0,0,0,0,2,0,0,2,0,0,0,2
12/18/2016,OWB,KY,ASO,CE,Federal Contract Tower,0,7,5,0,12,0,0,2,0,2,0,7,7,0,14,0,0,0,14
12/19/2016,OWB,KY,ASO,CE,Federal Contract Tower,2,8,2,5,17,0,0,3,1,4,2,8,5,6,21,0,0,0,21
12/20/2016,OWB,KY,ASO,CE,Federal Contract Tower,0,12,11,9,32,0,0,16,1,17,0,12,27,10,49,12,10,22,71
12/21/2016,OWB,KY,ASO,CE,Federal Contract Tower,2,10,5,4,21,0,2,14,0,16,2,12,19,4,37,30,0,30,67
12/22/2016,OWB,KY,ASO,CE,Federal Contract Tower,0,10,11,0,21,0,0,14,0,14,0,10,25,0,35,8,0,8,43
12/23/2016,OWB,KY,ASO,CE,Federal Contract Tower,2,8,8,0,18,0,0,13,0,13,2,8,21,0,31,32,0,32,63
12/24/2016,OWB,KY,ASO,CE,Federal Contract Tower,2,6,2,0,10,0,0,6,0,6,2,6,8,0,16,0,0,0,16
12/25/2016,OWB,KY,ASO,CE,Federal Contract Tower,0,6,4,0,10,0,0,2,0,2,0,6,6,0,12,0,0,0,12
12/26/2016,OWB,KY,ASO,CE,Federal Contract Tower,2,6,8,0,16,0,0,0,0,0,2,6,8,0,16,0,0,0,16
12/27/2016,OWB,KY,ASO,CE,Federal Contract Tower,0,8,3,0,11,0,0,20,0,20,0,8,23,0,31,26,0,26,57
12/28/2016,OWB,KY,ASO,CE,Federal Contract Tower,2,6,8,2,18,0,2,13,0,15,2,8,21,2,33,0,0,0,33
12/29/2016,OWB,KY,ASO,CE,Federal Contract Tower,0,6,7,7,20,0,0,20,0,20,0,6,27,7,40,14,0,14,54
12/30/2016,OWB,KY,ASO,CE,Federal Contract Tower,2,4,8,0,14,0,1,33,0,34,2,5,41,0,48,26,0,26,74
12/31/2016,OWB,KY,ASO,CE,Federal Contract Tower,2,7,7,0,16,0,0,0,0,0,2,7,7,0,16,0,0,0,16
01/01/2017,OWB,KY,ASO,CE,Federal Contract Tower,0,7,10,0,17,0,1,25,0,26,0,8,35,0,43,16,0,16,59
01/02/2017,OWB,KY,ASO,CE,Federal Contract Tower,2,6,0,6,14,0,0,0,0,0,2,6,0,6,14,0,0,0,14
01/03/2017,OWB,KY,ASO,CE,Federal Contract Tower,0,8,3,0,11,0,0,0,0,0,0,8,3,0,11,0,0,0,11
01/04/2017,OWB,KY,ASO,CE,Federal Contract Tower,0,6,8,7,21,0,2,14,1,17,0,8,22,8,38,8,4,12,50
01/05/2017,OWB,KY,ASO,CE,Federal Contract Tower,0,9,1,2,12,0,1,0,0,1,0,10,1,2,13,0,0,0,13
01/06/2017,OWB,KY,ASO,CE,Federal Contract Tower,2,7,2,4,15,0,0,12,0,12,2,7,14,4,27,0,0,0,27
01/07/2017,OWB,KY,ASO,CE,Federal Contract Tower,0,5,1,0,6,0,1,10,0,11,0,6,11,0,17,0,0,0,17
01/08/2017,OWB,KY,ASO,CE,Federal Contract Tower,0,5,1,0,6,0,3,3,0,6,0,8,4,0,12,0,0,0,12
01/09/2017,OWB,KY,ASO,CE,Federal Contract Tower,2,9,4,9,24,0,2,7,0,9,2,11,11,9,33,20,0,20,53
01/10/2017,OWB,KY,ASO,CE,Federal Contract Tower,0,8,2,0,10,0,0,0,0,0,0,8,2,0,10,0,0,0,10
01/11/2017,OWB,KY,ASO,CE,Federal Contract Tower,0,6,15,4,25,0,0,0,0,0,0,6,15,4,25,0,0,0,25
01/12/2017,OWB,KY,ASO,CE,Federal Contract Tower,0,8,5,0,13,0,0,0,0,0,0,8,5,0,13,0,0,0,13
01/13/2017,OWB,KY,ASO,CE,Federal Contract Tower,0,2,3,3,8,0,0,0,0,0,0,2,3,3,8,0,0,0,8
01/14/2017,OWB,KY,ASO,CE,Federal Contract Tower,0,5,0,0,5,0,0,0,0,0,0,5,0,0,5,0,0,0,5
01/15/2017,OWB,KY,ASO,CE,Federal Contract Tower,0,4,4,0,8,0,0,0,0,0,0,4,4,0,8,0,0,0,8
01/16/2017,OWB,KY,ASO,CE,Federal Contract Tower,2,5,2,0,9,0,0,0,0,0,2,5,2,0,9,0,0,0,9
01/17/2017,OWB,KY,ASO,CE,Federal Contract Tower,0,6,10,12,28,0,0,8,6,14,0,6,18,18,42,28,10,38,80
01/18/2017,OWB,KY,ASO,CE,Federal Contract Tower,0,6,18,10,34,0,0,8,2,10,0,6,26,12,44,24,0,24,68
01/19/2017,OWB,KY,ASO,CE,Federal Contract Tower,0,8,7,0,15,0,0,0,0,0,0,8,7,0,15,0,0,0,15
01/20/2017,OWB,KY,ASO,CE,Federal Contract Tower,2,8,6,9,25,0,0,10,2,12,2,8,16,11,37,18,6,24,61
01/21/2017,OWB,KY,ASO,CE,Federal Contract Tower,0,5,6,0,11,0,0,41,0,41,0,5,47,0,52,2,0,2,54
01/22/2017,OWB,KY,ASO,CE,Federal Contract Tower,0,6,0,0,6,0,0,8,0,8,0,6,8,0,14,12,0,12,26
01/23/2017,OWB,KY,ASO,CE,Federal Contract Tower,2,6,7,1,16,0,0,0,1,1,2,6,7,2,17,0,0,0,17
01/24/2017,OWB,KY,ASO,CE,Federal Contract Tower,0,7,12,2,21,0,1,8,4,13,0,8,20,6,34,42,6,48,82
01/25/2017,OWB,KY,ASO,CE,Federal Contract Tower,0,8,18,5,31,0,0,11,0,11,0,8,29,5,42,0,0,0,42
01/26/2017,OWB,KY,ASO,CE,Federal Contract Tower,0,8,11,13,32,0,0,5,3,8,0,8,16,16,40,16,22,38,78
01/27/2017,OWB,KY,ASO,CE,Federal Contract Tower,2,6,3,2,13,0,1,11,0,12,2,7,14,2,25,8,0,8,33
01/28/2017,OWB,KY,ASO,CE,Federal Contract Tower,0,6,5,0,11,0,0,19,0,19,0,6,24,0,30,6,0,6,36
01/29/2017,OWB,KY,ASO,CE,Federal Contract Tower,0,4,0,0,4,0,0,0,0,0,0,4,0,0,4,0,0,0,4
01/30/2017,OWB,KY,ASO,CE,Federal Contract Tower,2,5,2,1,10,0,0,19,10,29,2,5,21,11,39,30,0,30,69
01/31/2017,OWB,KY,ASO,CE,Federal Contract Tower,0,6,11,0,17,0,0,11,0,11,0,6,22,0,28,62,0,62,90
02/01/2017,OWB,KY,ASO,CE,Federal Contract Tower,0,6,5,5,16,0,0,38,1,39,0,6,43,6,55,4,14,18,73
02/02/2017,OWB,KY,ASO,CE,Federal Contract Tower,0,8,7,2,17,0,2,31,2,35,0,10,38,4,52,8,12,20,72
02/03/2017,OWB,KY,ASO,CE,Federal Contract Tower,2,6,7,5,20,0,0,17,1,18,2,6,24,6,38,12,0,12,50
02/04/2017,OWB,KY,ASO,CE,Federal Contract Tower,0,6,11,1,18,0,0,33,0,33,0,6,44,1,51,10,0,10,61
02/05/2017,OWB,KY,ASO,CE,Federal Contract Tower,0,4,5,0,9,0,3,13,0,16,0,7,18,0,25,6,0,6,31
02/06/2017,OWB,KY,ASO,CE,Federal Contract Tower,2,6,12,2,22,0,0,0,0,0,2,6,12,2,22,0,0,0,22
02/07/2017,OWB,KY,ASO,CE,Federal Contract Tower,0,9,2,4,15,0,2,2,0,4,0,11,4,4,19,0,0,0,19
02/08/2017,OWB,KY,ASO,CE,Federal Contract Tower,0,7,10,10,27,0,0,2,2,4,0,7,12,12,31,0,2,2,33
02/09/2017,OWB,KY,ASO,CE,Federal Contract Tower,0,6,7,9,22,0,0,10,5,15,0,6,17,14,37,4,0,4,41
02/10/2017,OWB,KY,ASO,CE,Federal Contract Tower,2,6,4,12,24,0,1,11,0,12,2,7,15,12,36,12,8,20,56
02/11/2017,OWB,KY,ASO,CE,Federal Contract Tower,0,3,5,0,8,0,0,2,0,2,0,3,7,0,10,8,0,8,18
02/12/2017,OWB,KY,ASO,CE,Federal Contract Tower,0,2,4,0,6,0,6,4,0,10,0,8,8,0,16,2,0,2,18
02/13/2017,OWB,KY,ASO,CE,Federal Contract Tower,2,8,2,0,12,0,0,32,2,34,2,8,34,2,46,10,0,10,56
02/14/2017,OWB,KY,ASO,CE,Federal Contract Tower,0,4,2,9,15,0,0,8,1,9,0,4,10,10,24,0,8,8,32
02/15/2017,OWB,KY,ASO,CE,Federal Contract Tower,0,6,5,4,15,0,0,9,0,9,0,6,14,4,24,0,0,0,24
02/16/2017,OWB,KY,ASO,CE,Federal Contract Tower,0,6,6,2,14,0,0,20,2,22,0,6,26,4,36,54,0,54,90
02/17/2017,OWB,KY,ASO,CE,Federal Contract Tower,2,8,3,0,13,0,0,22,0,22,2,8,25,0,35,26,0,26,61
02/18/2017,OWB,KY,ASO,CE,Federal Contract Tower,0,8,6,0,14,0,0,26,0,26,0,8,32,0,40,16,0,16,56
02/19/2017,OWB,KY,ASO,CE,Federal Contract Tower,0,5,6,0,11,0,0,7,0,7,0,5,13,0,18,10,0,10,28
02/20/2017,OWB,KY,ASO,CE,Federal Contract Tower,2,10,11,0,23,0,0,38,0,38,2,10,49,0,61,22,0,22,83
02/21/2017,OWB,KY,ASO,CE,Federal Contract Tower,0,4,8,4,16,0,0,3,0,3,0,4,11,4,19,16,0,16,35
02/22/2017,OWB,KY,ASO,CE,Federal Contract Tower,0,4,6,9,19,0,0,5,1,6,0,4,11,10,25,0,0,0,25
02/23/2017,OWB,KY,ASO,CE,Federal Contract Tower,0,9,8,4,21,0,0,14,4,18,0,9,22,8,39,28,0,28,67
02/24/2017,OWB,KY,ASO,CE,Federal Contract Tower,2,8,8,0,18,0,0,2,0,2,2,8,10,0,20,2,0,2,22
02/25/2017,OWB,KY,ASO,CE,Federal Contract Tower,0,8,19,0,27,0,0,4,2,6,0,8,23,2,33,8,0,8,41
02/26/2017,OWB,KY,ASO,CE,Federal Contract Tower,0,8,7,0,15,0,0,45,0,45,0,8,52,0,60,6,0,6,66
02/27/2017,OWB,KY,ASO,CE,Federal Contract Tower,2,6,7,10,25,0,0,11,6,17,2,6,18,16,42,18,0,18,60
02/28/2017,OWB,KY,ASO,CE,Federal Contract Tower,0,9,13,0,22,0,0,1,2,3,0,9,14,2,25,0,0,0,25
03/01/2017,OWB,KY,ASO,CE,Federal Contract Tower,0,6,6,2,14,0,1,1,0,2,0,7,7,2,16,6,0,6,22
03/02/2017,OWB,KY,ASO,CE,Federal Contract Tower,0,6,7,4,17,0,0,15,0,15,0,6,22,4,32,6,0,6,38
03/03/2017,OWB,KY,ASO,CE,Federal Contract Tower,2,6,11,2,21,0,0,15,1,16,2,6,26,3,37,34,4,38,75
03/04/2017,OWB,KY,ASO,CE,Federal Contract Tower,0,8,13,0,21,0,0,46,0,46,0,8,59,0,67,38,0,38,105
03/05/2017,OWB,KY,ASO,CE,Federal Contract Tower,0,8,4,0,12,0,0,30,0,30,0,8,34,0,42,30,0,30,72
03/06/2017,OWB,KY,ASO,CE,Federal Contract Tower,2,7,9,0,18,0,0,0,0,0,2,7,9,0,18,24,0,24,42
03/07/2017,OWB,KY,ASO,CE,Federal Contract Tower,0,10,3,4,17,0,0,0,2,2,0,10,3,6,19,0,0,0,19
03/08/2017,OWB,KY,ASO,CE,Federal Contract Tower,0,8,6,4,18,0,0,23,5,28,0,8,29,9,46,8,0,8,54
03/09/2017,OWB,KY,ASO,CE,Federal Contract Tower,0,4,14,2,20,0,0,20,0,20,0,4,34,2,40,0,0,0,40
03/10/2017,OWB,KY,ASO,CE,Federal Contract Tower,2,6,5,0,13,0,0,23,0,23,2,6,28,0,36,0,0,0,36
03/11/2017,OWB,KY,ASO,CE,Federal Contract Tower,0,6,2,0,8,0,0,8,0,8,0,6,10,0,16,4,0,4,20
03/12/2017,OWB,KY,ASO,CE,Federal Contract Tower,0,7,6,0,13,0,0,0,0,0,0,7,6,0,13,22,0,22,35
03/13/2017,OWB,KY,ASO,CE,Federal Contract Tower,2,9,0,0,11,0,0,0,0,0,2,9,0,0,11,0,0,0,11
03/14/2017,OWB,KY,ASO,CE,Federal Contract Tower,0,6,4,4,14,0,0,1,2,3,0,6,5,6,17,2,0,2,19
03/15/2017,OWB,KY,ASO,CE,Federal Contract Tower,0,6,7,7,20,0,0,12,5,17,0,6,19,12,37,0,10,10,47
03/16/2017,OWB,KY,ASO,CE,Federal Contract Tower,0,7,6,8,21,0,0,18,0,18,0,7,24,8,39,30,0,30,69
03/17/2017,OWB,KY,ASO,CE,Federal Contract Tower,2,8,7,3,20,0,0,0,1,1,2,8,7,4,21,0,0,0,21
03/18/2017,OWB,KY,ASO,CE,Federal Contract Tower,0,6,5,0,11,0,0,30,0,30,0,6,35,0,41,4,0,4,45
03/19/2017,OWB,KY,ASO,CE,Federal Contract Tower,0,8,4,0,12,0,2,30,0,32,0,10,34,0,44,18,0,18,62
03/20/2017,OWB,KY,ASO,CE,Federal Contract Tower,2,5,16,5,28,0,1,16,1,18,2,6,32,6,46,18,2,20,66
03/21/2017,OWB,KY,ASO,CE,Federal Contract Tower,0,6,8,2,16,0,0,8,0,8,0,6,16,2,24,0,0,0,24
03/22/2017,OWB,KY,ASO,CE,Federal Contract Tower,0,4,11,3,18,0,2,17,1,20,0,6,28,4,38,2,0,2,40
03/23/2017,OWB,KY,ASO,CE,Federal Contract Tower,0,3,12,0,15,0,4,6,0,10,0,7,18,0,25,24,0,24,49
03/24/2017,OWB,KY,ASO,CE,Federal Contract Tower,2,4,7,0,13,0,1,11,0,12,2,5,18,0,25,8,0,8,33
03/25/2017,OWB,KY,ASO,CE,Federal Contract Tower,0,5,2,0,7,0,0,2,0,2,0,5,4,0,9,0,0,0,9
03/26/2017,OWB,KY,ASO,CE,Federal Contract Tower,0,5,6,0,11,0,0,12,0,12,0,5,18,0,23,40,0,40,63
03/27/2017,OWB,KY,ASO,CE,Federal Contract Tower,2,7,5,0,14,0,0,0,0,0,2,7,5,0,14,0,0,0,14
03/28/2017,OWB,KY,ASO,CE,Federal Contract Tower,0,8,7,4,19,0,0,0,0,0,0,8,7,4,19,0,0,0,19
03/29/2017,OWB,KY,ASO,CE,Federal Contract Tower,0,3,5,8,16,0,2,22,2,26,0,5,27,10,42,8,22,30,72
03/30/2017,OWB,KY,ASO,CE,Federal Contract Tower,0,4,4,0,8,0,0,2,0,2,0,4,6,0,10,0,0,0,10
03/31/2017,OWB,KY,ASO,CE,Federal Contract Tower,2,11,3,2,18,0,0,8,0,8,2,11,11,2,26,0,0,0,26
04/01/2017,OWB,KY,ASO,CE,Federal Contract Tower,0,6,7,2,15,0,0,16,0,16,0,6,23,2,31,10,0,10,41
04/02/2017,OWB,KY,ASO,CE,Federal Contract Tower,0,6,9,0,15,0,2,41,0,43,0,8,50,0,58,18,0,18,76
04/03/2017,OWB,KY,ASO,CE,Federal Contract Tower,2,6,5,5,18,0,0,2,0,2,2,6,7,5,20,18,10,28,48
04/04/2017,OWB,KY,ASO,CE,Federal Contract Tower,0,6,5,2,13,0,0,22,2,24,0,6,27,4,37,4,12,16,53
04/05/2017,OWB,KY,ASO,CE,Federal Contract Tower,0,0,16,0,16,0,0,3,0,3,0,0,19,0,19,0,0,0,19
04/06/2017,OWB,KY,ASO,CE,Federal Contract Tower,0,7,9,2,18,0,0,0,0,0,0,7,9,2,18,0,0,0,18
04/07/2017,OWB,KY,ASO,CE,Federal Contract Tower,2,8,11,6,27,0,0,13,3,16,2,8,24,9,43,6,0,6,49
04/08/2017,OWB,KY,ASO,CE,Federal Contract Tower,0,6,7,0,13,0,0,41,4,45,0,6,48,4,58,28,8,36,94
04/09/2017,OWB,KY,ASO,CE,Federal Contract Tower,0,8,12,0,20,0,0,8,0,8,0,8,20,0,28,0,0,0,28
04/10/2017,OWB,KY,ASO,CE,Federal Contract Tower,2,10,3,6,21,0,0,9,0,9,2,10,12,6,30,2,0,2,32
04/11/2017,OWB,KY,ASO,CE,Federal Contract Tower,0,12,3,0,15,0,0,7,0,7,0,12,10,0,22,0,0,0,22
04/12/2017,OWB,KY,ASO,CE,Federal Contract Tower,0,7,9,8,24,0,0,35,1,36,0,7,44,9,60,42,0,42,102
04/13/2017,OWB,KY,ASO,CE,Federal Contract Tower,0,8,7,7,22,0,4,20,3,27,0,12,27,10,49,32,12,44,93
04/14/2017,OWB,KY,ASO,CE,Federal Contract Tower,2,5,8,0,15,0,0,9,0,9,2,5,17,0,24,6,0,6,30
04/15/2017,OWB,KY,ASO,CE,Federal Contract Tower,0,6,9,0,15,0,0,47,0,47,0,6,56,0,62,20,0,20,82
04/16/2017,OWB,KY,ASO,CE,Federal Contract Tower,0,8,4,0,12,0,0,4,0,4,0,8,8,0,16,0,0,0,16
04/17/2017,OWB,KY,ASO,CE,Federal Contract Tower,2,10,1,0,13,0,0,5,0,5,2,10,6,0,18,0,0,0,18
04/18/2017,OWB,KY,ASO,CE,Federal Contract Tower,0,7,16,4,27,0,0,21,6,27,0,7,37,10,54,18,0,18,72
04/19/2017,OWB,KY,ASO,CE,Federal Contract Tower,0,8,8,0,16,0,0,16,0,16,0,8,24,0,32,0,0,0,32
04/20/2017,OWB,KY,ASO,CE,Federal Contract Tower,0,7,7,3,17,0,6,1,0,7,0,13,8,3,24,0,10,10,34
04/21/2017,OWB,KY,ASO,CE,Federal Contract Tower,2,6,14,0,22,0,0,0,0,0,2,6,14,0,22,0,0,0,22
04/22/2017,OWB,KY,ASO,CE,Federal Contract Tower,0,6,3,0,9,0,0,0,0,0,0,6,3,0,9,0,0,0,9
04/23/2017,OWB,KY,ASO,CE,Federal Contract Tower,0,6,5,0,11,0,0,9,0,9,0,6,14,0,20,12,0,12,32
04/24/2017,OWB,KY,ASO,CE,Federal Contract Tower,2,7,11,5,25,0,4,27,1,32,2,11,38,6,57,62,0,62,119
04/25/2017,OWB,KY,ASO,CE,Federal Contract Tower,0,9,15,4,28,0,37,4,0,41,0,46,19,4,69,8,2,10,79
04/26/2017,OWB,KY,ASO,CE,Federal Contract Tower,0,4,12,2,18,0,0,8,4,12,0,4,20,6,30,14,0,14,44
04/27/2017,OWB,KY,ASO,CE,Federal Contract Tower,0,6,8,0,14,0,0,2,0,2,0,6,10,0,16,6,0,6,22
04/28/2017,OWB,KY,ASO,CE,Federal Contract Tower,4,7,11,0,22,0,0,5,0,5,4,7,16,0,27,26,0,26,53
04/29/2017,OWB,KY,ASO,CE,Federal Contract Tower,0,1,3,0,4,0,1,2,0,3,0,2,5,0,7,6,0,6,13
04/30/2017,OWB,KY,ASO,CE,Federal Contract Tower,0,6,2,0,8,0,0,0,0,0,0,6,2,0,8,0,0,0,8
05/01/2017,OWB,KY,ASO,CE,Federal Contract Tower,2,6,4,0,12,0,0,0,0,0,2,6,4,0,12,0,0,0,12
05/02/2017,OWB,KY,ASO,CE,Federal Contract Tower,0,9,9,6,24,0,0,18,6,24,0,9,27,12,48,48,0,48,96
05/03/2017,OWB,KY,ASO,CE,Federal Contract Tower,0,6,14,3,23,0,0,5,1,6,0,6,19,4,29,0,0,0,29
05/04/2017,OWB,KY,ASO,CE,Federal Contract Tower,0,6,12,0,18,0,0,0,0,0,0,6,12,0,18,0,0,0,18
05/05/2017,OWB,KY,ASO,CE,Federal Contract Tower,1,6,10,0,17,0,0,1,0,1,1,6,11,0,18,0,0,0,18
05/06/2017,OWB,KY,ASO,CE,Federal Contract Tower,0,7,3,0,10,0,0,5,0,5,0,7,8,0,15,0,0,0,15
05/07/2017,OWB,KY,ASO,CE,Federal Contract Tower,0,7,11,0,18,0,0,16,0,16,0,7,27,0,34,38,0,38,72
05/08/2017,OWB,KY,ASO,CE,Federal Contract Tower,2,11,4,2,19,0,0,26,0,26,2,11,30,2,45,42,0,42,87
05/09/2017,OWB,KY,ASO,CE,Federal Contract Tower,0,7,12,4,23,0,0,17,6,23,0,7,29,10,46,12,22,34,80
05/10/2017,OWB,KY,ASO,CE,Federal Contract Tower,0,7,21,0,28,0,0,22,0,22,0,7,43,0,50,8,4,12,62
05/11/2017,OWB,KY,ASO,CE,Federal Contract Tower,0,6,7,0,13,0,0,9,0,9,0,6,16,0,22,36,0,36,58
05/12/2017,OWB,KY,ASO,CE,Federal Contract Tower,1,7,20,2,30,0,0,1,2,3,1,7,21,4,33,0,0,0,33
05/13/2017,OWB,KY,ASO,CE,Federal Contract Tower,0,7,7,0,14,0,0,78,2,80,0,7,85,2,94,8,0,8,102
05/14/2017,OWB,KY,ASO,CE,Federal Contract Tower,0,6,3,0,9,0,0,38,0,38,0,6,41,0,47,20,0,20,67
05/15/2017,OWB,KY,ASO,CE,Federal Contract Tower,2,6,0,2,10,0,0,19,0,19,2,6,19,2,29,60,0,60,89
05/16/2017,OWB,KY,ASO,CE,Federal Contract Tower,0,6,7,2,15,0,0,20,0,20,0,6,27,2,35,8,0,8,43
05/17/2017,OWB,KY,ASO,CE,Federal Contract Tower,0,7,4,7,18,0,0,16,1,17,0,7,20,8,35,34,16,50,85
05/18/2017,OWB,KY,ASO,CE,Federal Contract Tower,0,11,3,2,16,0,0,6,4,10,0,11,9,6,26,2,0,2,28
05/19/2017,OWB,KY,ASO,CE,Federal Contract Tower,2,5,14,1,22,0,1,16,3,20,2,6,30,4,42,0,4,4,46
05/20/2017,OWB,KY,ASO,CE,Federal Contract Tower,0,7,3,3,13,0,0,10,2,12,0,7,13,5,25,0,0,0,25
05/21/2017,OWB,KY,ASO,CE,Federal Contract Tower,0,6,4,0,10,0,0,12,0,12,0,6,16,0,22,22,0,22,44
05/22/2017,OWB,KY,ASO,CE,Federal Contract Tower,2,11,14,7,34,0,0,49,3,52,2,11,63,10,86,110,0,110,196
05/23/2017,OWB,KY,ASO,CE,Federal Contract Tower,0,6,9,8,23,0,0,35,11,46,0,6,44,19,69,20,34,54,123
05/24/2017,OWB,KY,ASO,CE,Federal Contract Tower,0,9,9,3,21,0,0,0,1,1,0,9,9,4,22,0,0,0,22
05/25/2017,OWB,KY,ASO,CE,Federal Contract Tower,0,7,12,6,25,0,0,12,2,14,0,7,24,8,39,0,12,12,51
05/26/2017,OWB,KY,ASO,CE,Federal Contract Tower,2,13,10,1,26,0,0,6,3,9,2,13,16,4,35,0,0,0,35
05/27/2017,OWB,KY,ASO,CE,Federal Contract Tower,0,5,9,0,14,0,0,2,0,2,0,5,11,0,16,0,0,0,16
05/28/2017,OWB,KY,ASO,CE,Federal Contract Tower,0,6,2,0,8,0,0,9,0,9,0,6,11,0,17,2,0,2,19
05/29/2017,OWB,KY,ASO,CE,Federal Contract Tower,2,5,1,0,8,0,0,33,0,33,2,5,34,0,41,62,0,62,103
05/30/2017,OWB,KY,ASO,CE,Federal Contract Tower,0,8,4,1,13,0,0,22,3,25,0,8,26,4,38,26,0,26,64
05/31/2017,OWB,KY,ASO,CE,Federal Contract Tower,0,6,8,11,25,0,0,12,13,25,0,6,20,24,50,40,22,62,112
06/01/2017,OWB,KY,ASO,CE,Federal Contract Tower,0,6,10,2,18,0,0,23,14,37,0,6,33,16,55,34,0,34,89
06/02/2017,OWB,KY,ASO,CE,Federal Contract Tower,2,6,8,1,17,0,0,25,1,26,2,6,33,2,43,74,0,74,117
06/03/2017,OWB,KY,ASO,CE,Federal Contract Tower,0,6,1,0,7,0,0,0,0,0,0,6,1,0,7,0,0,0,7
06/04/2017,OWB,KY,ASO,CE,Federal Contract Tower,0,12,3,0,15,0,0,12,0,12,0,12,15,0,27,30,0,30,57
06/05/2017,OWB,KY,ASO,CE,Federal Contract Tower,2,6,4,0,12,0,0,7,0,7,2,6,11,0,19,0,0,0,19
06/06/2017,OWB,KY,ASO,CE,Federal Contract Tower,0,7,16,8,31,0,0,11,7,18,0,7,27,15,49,2,14,16,65
06/07/2017,OWB,KY,ASO,CE,Federal Contract Tower,0,8,5,4,17,0,0,11,0,11,0,8,16,4,28,10,26,36,64
06/08/2017,OWB,KY,ASO,CE,Federal Contract Tower,0,8,14,7,29,0,2,22,0,24,0,10,36,7,53,4,12,16,69
06/09/2017,OWB,KY,ASO,CE,Federal Contract Tower,2,9,17,1,29,0,0,20,2,22,2,9,37,3,51,16,0,16,67
06/10/2017,OWB,KY,ASO,CE,Federal Contract Tower,0,6,4,2,12,0,0,18,4,22,0,6,22,6,34,14,0,14,48
06/11/2017,OWB,KY,ASO,CE,Federal Contract Tower,0,6,5,0,11,0,0,30,1,31,0,6,35,1,42,30,0,30,72
06/12/2017,OWB,KY,ASO,CE,Federal Contract Tower,2,10,4,2,18,0,0,24,2,26,2,10,28,4,44,62,12,74,118
06/13/2017,OWB,KY,ASO,CE,Federal Contract Tower,0,8,3,17,28,0,0,21,5,26,0,8,24,22,54,4,22,26,80
06/14/2017,OWB,KY,ASO,CE,Federal Contract Tower,0,6,7,10,23,0,2,28,22,52,0,8,35,32,75,54,2,56,131
06/15/2017,OWB,KY,ASO,CE,Federal Contract Tower,0,7,10,9,26,0,0,14,7,21,0,7,24,16,47,0,0,0,47
06/16/2017,OWB,KY,ASO,CE,Federal Contract Tower,2,8,14,0,24,0,0,14,0,14,2,8,28,0,38,28,0,28,66
06/17/2017,OWB,KY,ASO,CE,Federal Contract Tower,0,7,5,0,12,0,0,43,0,43,0,7,48,0,55,10,0,10,65
06/18/2017,OWB,KY,ASO,CE,Federal Contract Tower,0,7,3,0,10,0,0,1,0,1,0,7,4,0,11,0,0,0,11
06/19/2017,OWB,KY,ASO,CE,Federal Contract Tower,2,6,7,5,20,0,0,18,7,25,2,6,25,12,45,28,4,32,77
06/20/2017,OWB,KY,ASO,CE,Federal Contract Tower,0,8,4,9,21,0,0,29,3,32,0,8,33,12,53,32,0,32,85
06/21/2017,OWB,KY,ASO,CE,Federal Contract Tower,0,9,10,6,25,0,0,32,0,32,0,9,42,6,57,6,0,6,63
06/22/2017,OWB,KY,ASO,CE,Federal Contract Tower,0,7,14,7,28,0,0,1,0,1,0,7,15,7,29,0,0,0,29
06/23/2017,OWB,KY,ASO,CE,Federal Contract Tower,2,6,5,0,13,0,0,2,0,2,2,6,7,0,15,0,0,0,15
06/24/2017,OWB,KY,ASO,CE,Federal Contract Tower,0,6,6,0,12,0,0,32,0,32,0,6,38,0,44,8,0,8,52
06/25/2017,OWB,KY,ASO,CE,Federal Contract Tower,0,6,8,0,14,0,6,12,0,18,0,12,20,0,32,0,0,0,32
06/26/2017,OWB,KY,ASO,CE,Federal Contract Tower,2,7,6,7,22,0,0,16,1,17,2,7,22,8,39,10,0,10,49
06/27/2017,OWB,KY,ASO,CE,Federal Contract Tower,0,7,6,10,23,0,1,47,1,49,0,8,53,11,72,28,8,36,108
06/28/2017,OWB,KY,ASO,CE,Federal Contract Tower,0,8,5,19,32,0,0,23,0,23,0,8,28,19,55,58,2,60,115
06/29/2017,OWB,KY,ASO,CE,Federal Contract Tower,0,8,5,2,15,0,0,18,0,18,0,8,23,2,33,34,0,34,67
06/30/2017,OWB,KY,ASO,CE,Federal Contract Tower,2,6,3,0,11,0,0,5,0,5,2,6,8,0,16,16,0,16,32
07/01/2017,OWB,KY,ASO,CE,Federal Contract Tower,0,6,2,0,8,0,0,34,0,34,0,6,36,0,42,14,0,14,56
07/02/2017,OWB,KY,ASO,CE,Federal Contract Tower,0,6,2,0,8,0,0,8,0,8,0,6,10,0,16,4,0,4,20
07/03/2017,OWB,KY,ASO,CE,Federal Contract Tower,1,6,2,0,9,0,0,21,0,21,1,6,23,0,30,24,0,24,54
07/04/2017,OWB,KY,ASO,CE,Federal Contract Tower,0,7,6,0,13,0,0,5,0,5,0,7,11,0,18,0,0,0,18
07/05/2017,OWB,KY,ASO,CE,Federal Contract Tower,0,6,6,5,17,0,0,16,1,17,0,6,22,6,34,40,0,40,74
07/06/2017,OWB,KY,ASO,CE,Federal Contract Tower,0,8,5,0,13,0,6,4,0,10,0,14,9,0,23,26,0,26,49
07/07/2017,OWB,KY,ASO,CE,Federal Contract Tower,3,7,13,2,25,0,0,14,0,14,3,7,27,2,39,14,0,14,53
07/08/2017,OWB,KY,ASO,CE,Federal Contract Tower,0,8,16,0,24,0,0,30,0,30,0,8,46,0,54,6,2,8,62
07/09/2017,OWB,KY,ASO,CE,Federal Contract Tower,0,9,8,0,17,0,0,44,0,44,0,9,52,0,61,27,0,27,88
07/10/2017,OWB,KY,ASO,CE,Federal Contract Tower,2,7,3,2,14,0,0,10,3,13,2,7,13,5,27,42,0,42,69
07/11/2017,OWB,KY,ASO,CE,Federal Contract Tower,0,6,11,8,25,0,0,11,0,11,0,6,22,8,36,10,14,24,60
07/12/2017,OWB,KY,ASO,CE,Federal Contract Tower,0,8,5,17,30,0,0,23,0,23,0,8,28,17,53,54,0,54,107
07/13/2017,OWB,KY,ASO,CE,Federal Contract Tower,0,11,16,10,37,0,0,31,0,31,0,11,47,10,68,12,22,34,102
07/14/2017,OWB,KY,ASO,CE,Federal Contract Tower,2,6,17,0,25,0,0,6,0,6,2,6,23,0,31,4,0,4,35
07/15/2017,OWB,KY,ASO,CE,Federal Contract Tower,0,7,8,0,15,0,0,55,0,55,0,7,63,0,70,42,0,42,112
07/16/2017,OWB,KY,ASO,CE,Federal Contract Tower,0,9,7,0,16,0,0,32,0,32,0,9,39,0,48,14,0,14,62
07/17/2017,OWB,KY,ASO,CE,Federal Contract Tower,2,6,3,0,11,0,0,8,0,8,2,6,11,0,19,16,0,16,35
07/18/2017,OWB,KY,ASO,CE,Federal Contract Tower,0,6,2,12,20,0,2,23,1,26,0,8,25,13,46,26,8,34,80
07/19/2017,OWB,KY,ASO,CE,Federal Contract Tower,0,6,9,3,18,0,0,30,3,33,0,6,39,6,51,38,14,52,103
07/20/2017,OWB,KY,ASO,CE,Federal Contract Tower,0,10,4,3,17,0,0,24,1,25,0,10,28,4,42,12,10,22,64
07/21/2017,OWB,KY,ASO,CE,Federal Contract Tower,2,6,2,1,11,0,0,14,2,16,2,6,16,3,27,16,0,16,43
07/22/2017,OWB,KY,ASO,CE,Federal Contract Tower,0,4,9,2,15,0,0,17,8,25,0,4,26,10,40,0,0,0,40
07/23/2017,OWB,KY,ASO,CE,Federal Contract Tower,0,6,1,0,7,0,0,7,1,8,0,6,8,1,15,0,0,0,15
07/24/2017,OWB,KY,ASO,CE,Federal Contract Tower,1,11,4,0,16,0,1,13,4,18,1,12,17,4,34,16,0,16,50
07/25/2017,OWB,KY,ASO,CE,Federal Contract Tower,0,10,12,3,25,0,0,23,5,28,0,10,35,8,53,26,0,26,79
07/26/2017,OWB,KY,ASO,CE,Federal Contract Tower,0,12,8,2,22,0,0,13,0,13,0,12,21,2,35,4,0,4,39
07/27/2017,OWB,KY,ASO,CE,Federal Contract Tower,0,8,0,0,8,0,0,8,0,8,0,8,8,0,16,0,0,0,16
07/28/2017,OWB,KY,ASO,CE,Federal Contract Tower,2,8,13,3,26,0,0,18,0,18,2,8,31,3,44,2,0,2,46
07/29/2017,OWB,KY,ASO,CE,Federal Contract Tower,0,6,4,0,10,0,0,14,0,14,0,6,18,0,24,4,0,4,28
07/30/2017,OWB,KY,ASO,CE,Federal Contract Tower,0,8,3,8,19,0,0,29,0,29,0,8,32,8,48,8,0,8,56
07/31/2017,OWB,KY,ASO,CE,Federal Contract Tower,2,11,7,8,28,0,0,18,3,21,2,11,25,11,49,2,6,8,57
08/01/2017,OWB,KY,ASO,CE,Federal Contract Tower,0,9,10,6,25,0,0,19,2,21,0,9,29,8,46,14,0,14,60
08/02/2017,OWB,KY,ASO,CE,Federal Contract Tower,0,8,6,0,14,0,0,18,0,18,0,8,24,0,32,8,0,8,40
08/03/2017,OWB,KY,ASO,CE,Federal Contract Tower,0,9,11,4,24,0,0,20,3,23,0,9,31,7,47,22,10,32,79
08/04/2017,OWB,KY,ASO,CE,Federal Contract Tower,2,6,9,8,25,0,0,18,3,21,2,6,27,11,46,18,22,40,86
08/05/2017,OWB,KY,ASO,CE,Federal Contract Tower,0,6,17,0,23,0,0,41,10,51,0,6,58,10,74,20,0,20,94
08/06/2017,OWB,KY,ASO,CE,Federal Contract Tower,0,5,4,0,9,0,0,0,2,2,0,5,4,2,11,2,0,2,13
08/07/2017,OWB,KY,ASO,CE,Federal Contract Tower,2,6,9,3,20,0,0,13,1,14,2,6,22,4,34,10,0,10,44
08/08/2017,OWB,KY,ASO,CE,Federal Contract Tower,0,6,7,6,19,0,0,40,2,42,0,6,47,8,61,12,8,20,81
08/09/2017,OWB,KY,ASO,CE,Federal Contract Tower,0,8,23,8,39,0,0,16,5,21,0,8,39,13,60,14,8,22,82
08/10/2017,OWB,KY,ASO,CE,Federal Contract Tower,0,6,5,6,17,0,1,7,2,10,0,7,12,8,27,2,2,4,31
08/11/2017,OWB,KY,ASO,CE,Federal Contract Tower,2,5,1,5,13,0,0,9,1,10,2,5,10,6,23,10,10,20,43
08/12/2017,OWB,KY,ASO,CE,Federal Contract Tower,0,6,3,0,9,0,0,7,0,7,0,6,10,0,16,8,0,8,24
08/13/2017,OWB,KY,ASO,CE,Federal Contract Tower,0,6,4,0,10,0,0,41,0,41,0,6,45,0,51,12,0,12,63
08/14/2017,OWB,KY,ASO,CE,Federal Contract Tower,2,7,5,5,19,0,0,15,3,18,2,7,20,8,37,8,28,36,73
08/15/2017,OWB,KY,ASO,CE,Federal Contract Tower,0,16,13,9,38,0,0,12,0,12,0,16,25,9,50,0,0,0,50
08/16/2017,OWB,KY,ASO,CE,Federal Contract Tower,0,4,4,6,14,0,0,0,0,0,0,4,4,6,14,0,8,8,22
08/17/2017,OWB,KY,ASO,CE,Federal Contract Tower,0,8,5,11,24,0,0,0,4,4,0,8,5,15,28,2,16,18,46
08/18/2017,OWB,KY,ASO,CE,Federal Contract Tower,2,5,9,1,17,0,0,21,0,21,2,5,30,1,38,32,0,32,70
08/19/2017,OWB,KY,ASO,CE,Federal Contract Tower,0,7,7,4,18,0,0,23,1,24,0,7,30,5,42,0,6,6,48
08/20/2017,OWB,KY,ASO,CE,Federal Contract Tower,0,7,6,6,19,0,0,22,3,25,0,7,28,9,44,12,12,24,68
08/21/2017,OWB,KY,ASO,CE,Federal Contract Tower,2,7,12,7,28,0,0,36,2,38,2,7,48,9,66,16,0,16,82
08/22/2017,OWB,KY,ASO,CE,Federal Contract Tower,0,7,12,5,24,0,25,1,0,26,0,32,13,5,50,0,0,0,50
08/23/2017,OWB,KY,ASO,CE,Federal Contract Tower,0,6,19,11,36,0,0,26,10,36,0,6,45,21,72,22,10,32,104
08/24/2017,OWB,KY,ASO,CE,Federal Contract Tower,0,8,7,5,20,0,0,44,1,45,0,8,51,6,65,0,0,0,65
08/25/2017,OWB,KY,ASO,CE,Federal Contract Tower,2,8,10,4,24,0,2,28,2,32,2,10,38,6,56,20,6,26,82
08/26/2017,OWB,KY,ASO,CE,Federal Contract Tower,0,7,9,0,16,0,0,21,0,21,0,7,30,0,37,8,0,8,45
08/27/2017,OWB,KY,ASO,CE,Federal Contract Tower,0,8,3,0,11,0,0,37,0,37,0,8,40,0,48,6,0,6,54
08/28/2017,OWB,KY,ASO,CE,Federal Contract Tower,2,6,6,2,16,0,0,4,0,4,2,6,10,2,20,0,0,0,20
08/29/2017,OWB,KY,ASO,CE,Federal Contract Tower,0,10,13,2,25,0,0,10,0,10,0,10,23,2,35,0,0,0,35
08/30/2017,OWB,KY,ASO,CE,Federal Contract Tower,0,7,2,10,19,0,0,10,2,12,0,7,12,12,31,16,16,32,63
08/31/2017,OWB,KY,ASO,CE,Federal Contract Tower,0,6,26,0,32,0,0,7,0,7,0,6,33,0,39,8,0,8,47
09/01/2017,OWB,KY,ASO,CE,Federal Contract Tower,2,7,4,0,13,0,0,0,0,0,2,7,4,0,13,0,0,0,13
09/02/2017,OWB,KY,ASO,CE,Federal Contract Tower,0,6,2,0,8,0,0,16,0,16,0,6,18,0,24,28,0,28,52
09/03/2017,OWB,KY,ASO,CE,Federal Contract Tower,0,7,2,0,9,0,0,26,0,26,0,7,28,0,35,14,0,14,49
09/04/2017,OWB,KY,ASO,CE,Federal Contract Tower,2,8,3,0,13,0,0,15,0,15,2,8,18,0,28,4,0,4,32
09/05/2017,OWB,KY,ASO,CE,Federal Contract Tower,0,10,4,2,16,0,0,6,0,6,0,10,10,2,22,0,0,0,22
09/06/2017,OWB,KY,ASO,CE,Federal Contract Tower,0,6,7,3,16,0,0,5,0,5,0,6,12,3,21,0,0,0,21
09/07/2017,OWB,KY,ASO,CE,Federal Contract Tower,0,10,7,4,21,0,0,15,2,17,0,10,22,6,38,2,0,2,40
09/08/2017,OWB,KY,ASO,CE,Federal Contract Tower,2,7,9,0,18,0,3,37,1,41,2,10,46,1,59,32,8,40,99
09/09/2017,OWB,KY,ASO,CE,Federal Contract Tower,0,5,8,4,17,0,1,26,3,30,0,6,34,7,47,10,0,10,57
09/10/2017,OWB,KY,ASO,CE,Federal Contract Tower,0,6,9,2,17,0,0,41,0,41,0,6,50,2,58,30,28,58,116
09/11/2017,OWB,KY,ASO,CE,Federal Contract Tower,0,10,12,4,26,0,0,0,9,9,0,10,12,13,35,8,8,16,51
09/12/2017,OWB,KY,ASO,CE,Federal Contract Tower,0,6,5,4,15,0,0,0,3,3,0,6,5,7,18,0,10,10,28
09/13/2017,OWB,KY,ASO,CE,Federal Contract Tower,0,9,21,2,32,0,0,0,0,0,0,9,21,2,32,0,0,0,32
09/14/2017,OWB,KY,ASO,CE,Federal Contract Tower,0,6,12,2,20,0,6,18,0,24,0,12,30,2,44,4,0,4,48
09/15/2017,OWB,KY,ASO,CE,Federal Contract Tower,2,10,10,0,22,0,0,19,2,21,2,10,29,2,43,4,0,4,47
09/16/2017,OWB,KY,ASO,CE,Federal Contract Tower,0,8,8,0,16,0,0,71,0,71,0,8,79,0,87,2,0,2,89
09/17/2017,OWB,KY,ASO,CE,Federal Contract Tower,0,9,11,0,20,0,0,37,0,37,0,9,48,0,57,32,0,32,89
09/18/2017,OWB,KY,ASO,CE,Federal Contract Tower,2,5,7,0,14,0,0,4,0,4,2,5,11,0,18,0,0,0,18
09/19/2017,OWB,KY,ASO,CE,Federal Contract Tower,0,5,7,8,20,0,0,12,0,12,0,5,19,8,32,2,0,2,34
09/20/2017,OWB,KY,ASO,CE,Federal Contract Tower,0,8,12,14,34,0,1,30,9,40,0,9,42,23,74,33,8,41,115
09/21/2017,OWB,KY,ASO,CE,Federal Contract Tower,0,6,7,5,18,0,1,54,8,63,0,7,61,13,81,8,14,22,103
09/22/2017,OWB,KY,ASO,CE,Federal Contract Tower,2,6,6,0,14,0,0,52,34,86,2,6,58,34,100,0,0,0,100
09/23/2017,OWB,KY,ASO,CE,Federal Contract Tower,0,8,0,0,8,0,0,49,50,99,0,8,49,50,107,8,2,10,117
09/24/2017,OWB,KY,ASO,CE,Federal Contract Tower,0,6,3,0,9,0,0,44,43,87,0,6,47,43,96,4,2,6,102
09/25/2017,OWB,KY,ASO,CE,Federal Contract Tower,2,7,8,1,18,0,0,28,0,28,2,7,36,1,46,6,0,6,52
09/26/2017,OWB,KY,ASO,CE,Federal Contract Tower,0,6,6,9,21,0,0,16,3,19,0,6,22,12,40,2,22,24,64
09/27/2017,OWB,KY,ASO,CE,Federal Contract Tower,0,10,4,4,18,0,0,21,8,29,0,10,25,12,47,32,0,32,79
09/28/2017,OWB,KY,ASO,CE,Federal Contract Tower,0,7,9,2,18,0,0,16,4,20,0,7,25,6,38,0,10,10,48
09/29/2017,OWB,KY,ASO,CE,Federal Contract Tower,2,10,2,3,17,0,0,34,4,38,2,10,36,7,55,0,0,0,55
09/30/2017,OWB,KY,ASO,CE,Federal Contract Tower,0,7,1,0,8,0,0,57,0,57,0,7,58,0,65,0,0,0,65
10/01/2017,OWB,KY,ASO,CE,Federal Contract Tower,0,6,11,0,17,0,0,34,0,34,0,6,45,0,51,12,0,12,63
10/02/2017,OWB,KY,ASO,CE,Federal Contract Tower,2,9,5,0,16,0,0,11,0,11,2,9,16,0,27,2,0,2,29
10/03/2017,OWB,KY,ASO,CE,Federal Contract Tower,0,9,3,0,12,0,0,23,0,23,0,9,26,0,35,0,0,0,35
10/04/2017,OWB,KY,ASO,CE,Federal Contract Tower,0,7,7,0,14,0,0,37,0,37,0,7,44,0,51,36,0,36,87
10/05/2017,OWB,KY,ASO,CE,Federal Contract Tower,0,8,11,5,24,0,0,10,7,17,0,8,21,12,41,4,24,28,69
10/06/2017,OWB,KY,ASO,CE,Federal Contract Tower,2,7,14,0,23,0,0,29,0,29,2,7,43,0,52,48,0,48,100
10/07/2017,OWB,KY,ASO,CE,Federal Contract Tower,0,8,6,0,14,0,0,2,0,2,0,8,8,0,16,0,0,0,16
10/08/2017,OWB,KY,ASO,CE,Federal Contract Tower,0,7,1,0,8,0,0,0,0,0,0,7,1,0,8,0,0,0,8
10/09/2017,OWB,KY,ASO,CE,Federal Contract Tower,2,6,11,2,21,0,3,4,0,7,2,9,15,2,28,0,0,0,28
10/10/2017,OWB,KY,ASO,CE,Federal Contract Tower,0,6,9,0,15,0,0,0,0,0,0,6,9,0,15,0,0,0,15
10/11/2017,OWB,KY,ASO,CE,Federal Contract Tower,0,9,10,1,20,0,0,0,1,1,0,9,10,2,21,0,0,0,21
10/12/2017,OWB,KY,ASO,CE,Federal Contract Tower,0,7,11,3,21,0,2,0,0,2,0,9,11,3,23,4,0,4,27
10/13/2017,OWB,KY,ASO,CE,Federal Contract Tower,2,4,10,0,16,0,0,18,0,18,2,4,28,0,34,30,0,30,64
10/14/2017,OWB,KY,ASO,CE,Federal Contract Tower,0,6,14,2,22,0,0,25,3,28,0,6,39,5,50,12,9,21,71
10/15/2017,OWB,KY,ASO,CE,Federal Contract Tower,0,8,8,1,17,0,0,0,1,1,0,8,8,2,18,0,8,8,26
10/16/2017,OWB,KY,ASO,CE,Federal Contract Tower,2,9,11,8,30,0,0,9,4,13,2,9,20,12,43,10,8,18,61
10/17/2017,OWB,KY,ASO,CE,Federal Contract Tower,0,8,11,0,19,0,0,27,0,27,0,8,38,0,46,0,0,0,46
10/18/2017,OWB,KY,ASO,CE,Federal Contract Tower,0,9,11,7,27,0,0,23,1,24,0,9,34,8,51,20,4,24,75
10/19/2017,OWB,KY,ASO,CE,Federal Contract Tower,0,8,11,0,19,0,0,24,2,26,0,8,35,2,45,16,0,16,61
10/20/2017,OWB,KY,ASO,CE,Federal Contract Tower,2,7,4,0,13,0,0,29,0,29,2,7,33,0,42,4,0,4,46
10/21/2017,OWB,KY,ASO,CE,Federal Contract Tower,0,6,10,0,16,0,0,68,0,68,0,6,78,0,84,6,8,14,98
10/22/2017,OWB,KY,ASO,CE,Federal Contract Tower,0,7,0,0,7,0,0,1,0,1,0,7,1,0,8,0,0,0,8
10/23/2017,OWB,KY,ASO,CE,Federal Contract Tower,2,7,9,21,39,0,0,2,5,7,2,7,11,26,46,0,0,0,46
10/24/2017,OWB,KY,ASO,CE,Federal Contract Tower,0,7,10,5,22,0,0,4,1,5,0,7,14,6,27,2,0,2,29
10/25/2017,OWB,KY,ASO,CE,Federal Contract Tower,0,10,13,12,35,0,0,14,8,22,0,10,27,20,57,4,48,52,109
10/26/2017,OWB,KY,ASO,CE,Federal Contract Tower,0,6,13,4,23,0,5,31,3,39,0,11,44,7,62,48,4,52,114
10/27/2017,OWB,KY,ASO,CE,Federal Contract Tower,2,7,6,2,17,0,0,1,0,1,2,7,7,2,18,4,0,4,22
10/28/2017,OWB,KY,ASO,CE,Federal Contract Tower,0,6,8,2,16,0,1,26,5,32,0,7,34,7,48,0,12,12,60
10/29/2017,OWB,KY,ASO,CE,Federal Contract Tower,0,7,7,0,14,0,0,17,0,17,0,7,24,0,31,0,0,0,31
10/30/2017,OWB,KY,ASO,CE,Federal Contract Tower,2,10,2,8,22,0,0,8,0,8,2,10,10,8,30,12,0,12,42
10/31/2017,OWB,KY,ASO,CE,Federal Contract Tower,0,6,13,3,22,0,0,17,2,19,0,6,30,5,41,20,10,30,71
11/01/2017,OWB,KY,ASO,CE,Federal Contract Tower,0,6,10,6,22,0,0,0,0,0,0,6,10,6,22,0,0,0,22
11/02/2017,OWB,KY,ASO,CE,Federal Contract Tower,0,6,12,6,24,0,0,3,3,6,0,6,15,9,30,8,8,16,46
11/03/2017,OWB,KY,ASO,CE,Federal Contract Tower,2,8,9,0,19,0,2,0,0,2,2,10,9,0,21,0,0,0,21
11/04/2017,OWB,KY,ASO,CE,Federal Contract Tower,0,6,11,0,17,0,0,7,0,7,0,6,18,0,24,0,0,0,24
11/05/2017,OWB,KY,ASO,CE,Federal Contract Tower,0,4,1,0,5,0,0,3,0,3,0,4,4,0,8,0,0,0,8
11/06/2017,OWB,KY,ASO,CE,Federal Contract Tower,2,6,10,12,30,0,0,4,1,5,2,6,14,13,35,0,22,22,57
11/07/2017,OWB,KY,ASO,CE,Federal Contract Tower,0,6,18,2,26,0,0,1,0,1,0,6,19,2,27,0,0,0,27
11/08/2017,OWB,KY,ASO,CE,Federal Contract Tower,0,7,19,5,31,0,0,16,2,18,0,7,35,7,49,50,0,50,99
11/09/2017,OWB,KY,ASO,CE,Federal Contract Tower,0,7,1,6,14,0,0,29,0,29,0,7,30,6,43,4,0,4,47
11/10/2017,OWB,KY,ASO,CE,Federal Contract Tower,2,6,18,4,30,0,0,25,2,27,2,6,43,6,57,32,2,34,91
11/11/2017,OWB,KY,ASO,CE,Federal Contract Tower,0,5,8,0,13,0,0,37,0,37,0,5,45,0,50,16,0,16,66
11/12/2017,OWB,KY,ASO,CE,Federal Contract Tower,0,7,10,0,17,0,0,0,0,0,0,7,10,0,17,0,0,0,17
11/13/2017,OWB,KY,ASO,CE,Federal Contract Tower,2,7,7,5,21,0,0,10,2,12,2,7,17,7,33,48,8,56,89
11/14/2017,OWB,KY,ASO,CE,Federal Contract Tower,0,9,7,4,20,0,0,24,2,26,0,9,31,6,46,47,0,47,93
11/15/2017,OWB,KY,ASO,CE,Federal Contract Tower,0,6,12,5,23,0,0,0,0,0,0,6,12,5,23,0,0,0,23
11/16/2017,OWB,KY,ASO,CE,Federal Contract Tower,0,7,11,17,35,0,0,2,1,3,0,7,13,18,38,0,0,0,38
11/17/2017,OWB,KY,ASO,CE,Federal Contract Tower,2,10,7,4,23,0,0,4,0,4,2,10,11,4,27,0,0,0,27
11/18/2017,OWB,KY,ASO,CE,Federal Contract Tower,0,5,0,0,5,0,0,2,0,2,0,5,2,0,7,0,0,0,7
11/19/2017,OWB,KY,ASO,CE,Federal Contract Tower,0,6,6,1,13,0,0,8,5,13,0,6,14,6,26,0,0,0,26
11/20/2017,OWB,KY,ASO,CE,Federal Contract Tower,2,7,16,2,27,0,0,35,1,36,2,7,51,3,63,24,8,32,95
11/21/2017,OWB,KY,ASO,CE,Federal Contract Tower,0,6,9,4,19,0,0,5,1,6,0,6,14,5,25,6,0,6,31
11/22/2017,OWB,KY,ASO,CE,Federal Contract Tower,2,9,8,1,20,0,0,6,1,7,2,9,14,2,27,6,0,6,33
11/23/2017,OWB,KY,ASO,CE,Federal Contract Tower,0,6,1,0,7,0,0,11,0,11,0,6,12,0,18,2,0,2,20
11/24/2017,OWB,KY,ASO,CE,Federal Contract Tower,0,9,1,0,10,0,0,30,0,30,0,9,31,0,40,26,0,26,66
11/25/2017,OWB,KY,ASO,CE,Federal Contract Tower,0,6,4,0,10,0,1,14,0,15,0,7,18,0,25,12,0,12,37
11/26/2017,OWB,KY,ASO,CE,Federal Contract Tower,2,9,5,0,16,0,0,24,0,24,2,9,29,0,40,6,0,6,46
11/27/2017,OWB,KY,ASO,CE,Federal Contract Tower,0,6,10,5,21,0,0,23,1,24,0,6,33,6,45,32,0,32,77
11/28/2017,OWB,KY,ASO,CE,Federal Contract Tower,0,7,9,4,20,0,0,12,0,12,0,7,21,4,32,20,0,20,52
11/29/2017,OWB,KY,ASO,CE,Federal Contract Tower,0,5,5,1,11,0,1,24,1,26,0,6,29,2,37,8,0,8,45
11/30/2017,OWB,KY,ASO,CE,Federal Contract Tower,0,11,8,5,24,0,0,13,3,16,0,11,21,8,40,2,0,2,42
12/01/2017,OWB,KY,ASO,CE,Federal Contract Tower,2,6,9,4,21,0,8,12,0,20,2,14,21,4,41,28,10,38,79
12/02/2017,OWB,KY,ASO,CE,Federal Contract Tower,0,5,21,0,26,0,1,54,0,55,0,6,75,0,81,26,0,26,107
12/03/2017,OWB,KY,ASO,CE,Federal Contract Tower,0,9,5,0,14,0,0,39,0,39,0,9,44,0,53,28,0,28,81
12/04/2017,OWB,KY,ASO,CE,Federal Contract Tower,2,6,4,4,16,0,0,1,0,1,2,6,5,4,17,0,0,0,17
12/05/2017,OWB,KY,ASO,CE,Federal Contract Tower,0,7,2,6,15,0,0,3,0,3,0,7,5,6,18,4,0,4,22
12/06/2017,OWB,KY,ASO,CE,Federal Contract Tower,0,7,11,8,26,0,0,13,1,14,0,7,24,9,40,22,6,28,68
12/07/2017,OWB,KY,ASO,CE,Federal Contract Tower,0,9,13,10,32,0,0,13,3,16,0,9,26,13,48,4,8,12,60
12/08/2017,OWB,KY,ASO,CE,Federal Contract Tower,2,8,4,10,24,0,0,19,0,19,2,8,23,10,43,24,0,24,67
12/09/2017,OWB,KY,ASO,CE,Federal Contract Tower,0,6,3,0,9,0,0,0,0,0,0,6,3,0,9,0,0,0,9
12/10/2017,OWB,KY,ASO,CE,Federal Contract Tower,0,5,6,0,11,0,1,13,0,14,0,6,19,0,25,6,0,6,31
12/11/2017,OWB,KY,ASO,CE,Federal Contract Tower,2,9,6,4,21,0,0,5,0,5,2,9,11,4,26,22,0,22,48
12/12/2017,OWB,KY,ASO,CE,Federal Contract Tower,0,9,6,0,15,0,0,7,1,8,0,9,13,1,23,0,0,0,23
12/13/2017,OWB,KY,ASO,CE,Federal Contract Tower,0,12,9,0,21,0,0,4,0,4,0,12,13,0,25,0,0,0,25
12/14/2017,OWB,KY,ASO,CE,Federal Contract Tower,0,6,12,4,22,0,0,24,4,28,0,6,36,8,50,2,18,20,70
12/15/2017,OWB,KY,ASO,CE,Federal Contract Tower,2,9,10,0,21,0,0,13,1,14,2,9,23,1,35,10,0,10,45
12/16/2017,OWB,KY,ASO,CE,Federal Contract Tower,0,10,4,0,14,0,0,53,0,53,0,10,57,0,67,10,0,10,77
12/17/2017,OWB,KY,ASO,CE,Federal Contract Tower,0,6,0,0,6,0,0,1,0,1,0,6,1,0,7,0,0,0,7
12/18/2017,OWB,KY,ASO,CE,Federal Contract Tower,2,7,7,0,16,0,0,0,1,1,2,7,7,1,17,0,0,0,17
12/19/2017,OWB,KY,ASO,CE,Federal Contract Tower,0,8,12,0,20,0,0,0,0,0,0,8,12,0,20,0,0,0,20
12/20/2017,OWB,KY,ASO,CE,Federal Contract Tower,2,8,6,3,19,0,0,19,1,20,2,8,25,4,39,26,2,28,67
12/21/2017,OWB,KY,ASO,CE,Federal Contract Tower,0,7,6,2,15,0,0,21,0,21,0,7,27,2,36,12,0,12,48
12/22/2017,OWB,KY,ASO,CE,Federal Contract Tower,4,4,2,0,10,0,0,0,0,0,4,4,2,0,10,0,0,0,10
12/23/2017,OWB,KY,ASO,CE,Federal Contract Tower,2,8,4,0,14,0,0,2,0,2,2,8,6,0,16,0,0,0,16
12/24/2017,OWB,KY,ASO,CE,Federal Contract Tower,0,8,1,0,9,0,2,2,0,4,0,10,3,0,13,0,0,0,13
12/25/2017,OWB,KY,ASO,CE,Federal Contract Tower,2,6,0,0,8,0,0,12,0,12,2,6,12,0,20,0,0,0,20
12/26/2017,OWB,KY,ASO,CE,Federal Contract Tower,0,8,13,0,21,0,0,14,0,14,0,8,27,0,35,8,0,8,43
12/27/2017,OWB,KY,ASO,CE,Federal Contract Tower,2,6,6,6,20,0,0,27,6,33,2,6,33,12,53,10,6,16,69
12/28/2017,OWB,KY,ASO,CE,Federal Contract Tower,0,8,4,2,14,0,0,28,3,31,0,8,32,5,45,24,18,42,87
12/29/2017,OWB,KY,ASO,CE,Federal Contract Tower,2,8,1,0,11,0,0,12,0,12,2,8,13,0,23,4,0,4,27
12/30/2017,OWB,KY,ASO,CE,Federal Contract Tower,4,9,3,0,16,0,0,0,0,0,4,9,3,0,16,0,0,0,16
12/31/2017,OWB,KY,ASO,CE,Federal Contract Tower,0,10,8,0,18,0,0,18,0,18,0,10,26,0,36,14,0,14,50
01/01/2018,OWB,KY,ASO,CE,Federal Contract Tower,2,8,4,3,17,0,0,11,0,11,2,8,15,3,28,4,0,4,32
01/02/2018,OWB,KY,ASO,CE,Federal Contract Tower,0,6,5,2,13,0,0,3,3,6,0,6,8,5,19,4,4,8,27
01/03/2018,OWB,KY,ASO,CE,Federal Contract Tower,0,6,8,8,22,0,0,1,5,6,0,6,9,13,28,0,22,22,50
01/04/2018,OWB,KY,ASO,CE,Federal Contract Tower,0,6,13,7,26,0,0,9,3,12,0,6,22,10,38,14,0,14,52
01/05/2018,OWB,KY,ASO,CE,Federal Contract Tower,2,6,3,0,11,0,0,2,0,2,2,6,5,0,13,0,0,0,13
01/06/2018,OWB,KY,ASO,CE,Federal Contract Tower,0,6,3,3,12,0,0,24,7,31,0,6,27,10,43,20,6,26,69
01/07/2018,OWB,KY,ASO,CE,Federal Contract Tower,0,2,5,0,7,0,0,6,2,8,0,2,11,2,15,0,2,2,17
01/08/2018,OWB,KY,ASO,CE,Federal Contract Tower,2,8,5,0,15,0,0,0,0,0,2,8,5,0,15,0,0,0,15
01/09/2018,OWB,KY,ASO,CE,Federal Contract Tower,0,5,7,4,16,0,0,0,0,0,0,5,7,4,16,0,0,0,16
01/10/2018,OWB,KY,ASO,CE,Federal Contract Tower,0,5,11,5,21,0,0,6,0,6,0,5,17,5,27,8,0,8,35
01/11/2018,OWB,KY,ASO,CE,Federal Contract Tower,0,6,4,5,15,0,0,0,0,0,0,6,4,5,15,0,24,24,39
01/12/2018,OWB,KY,ASO,CE,Federal Contract Tower,0,0,0,0,0,0,0,0,0,0,0,0,0,0,0,0,0,0,0
01/13/2018,OWB,KY,ASO,CE,Federal Contract Tower,0,0,0,0,0,0,0,0,0,0,0,0,0,0,0,0,0,0,0
01/14/2018,OWB,KY,ASO,CE,Federal Contract Tower,0,3,3,0,6,0,0,10,0,10,0,3,13,0,16,2,0,2,18
01/15/2018,OWB,KY,ASO,CE,Federal Contract Tower,0,4,0,0,4,0,0,0,0,0,0,4,0,0,4,0,0,0,4
01/16/2018,OWB,KY,ASO,CE,Federal Contract Tower,2,4,3,0,9,0,0,4,0,4,2,4,7,0,13,0,0,0,13
01/17/2018,OWB,KY,ASO,CE,Federal Contract Tower,0,9,10,0,19,0,0,5,0,5,0,9,15,0,24,0,0,0,24
01/18/2018,OWB,KY,ASO,CE,Federal Contract Tower,0,8,9,2,19,0,0,23,0,23,0,8,32,2,42,8,0,8,50
01/19/2018,OWB,KY,ASO,CE,Federal Contract Tower,2,10,15,0,27,0,1,12,2,15,2,11,27,2,42,6,0,6,48
01/20/2018,OWB,KY,ASO,CE,Federal Contract Tower,0,5,7,0,12,0,1,8,0,9,0,6,15,0,21,0,0,0,21
01/21/2018,OWB,KY,ASO,CE,Federal Contract Tower,0,5,4,0,9,0,0,2,0,2,0,5,6,0,11,0,0,0,11
01/22/2018,OWB,KY,ASO,CE,Federal Contract Tower,2,6,2,4,14,0,0,7,0,7,2,6,9,4,21,0,0,0,21
01/23/2018,OWB,KY,ASO,CE,Federal Contract Tower,0,7,0,4,11,0,0,2,0,2,0,7,2,4,13,0,0,0,13
01/24/2018,OWB,KY,ASO,CE,Federal Contract Tower,0,6,6,2,14,0,0,3,3,6,0,6,9,5,20,22,8,30,50
01/25/2018,OWB,KY,ASO,CE,Federal Contract Tower,0,7,8,4,19,0,0,47,0,47,0,7,55,4,66,34,0,34,100
01/26/2018,OWB,KY,ASO,CE,Federal Contract Tower,2,8,5,9,24,0,0,16,2,18,2,8,21,11,42,14,0,14,56
01/27/2018,OWB,KY,ASO,CE,Federal Contract Tower,0,5,0,0,5,0,0,0,0,0,0,5,0,0,5,2,0,2,7
01/28/2018,OWB,KY,ASO,CE,Federal Contract Tower,0,6,2,0,8,0,0,36,0,36,0,6,38,0,44,34,0,34,78
01/29/2018,OWB,KY,ASO,CE,Federal Contract Tower,2,7,4,1,14,0,0,0,1,1,2,7,4,2,15,0,0,0,15
01/30/2018,OWB,KY,ASO,CE,Federal Contract Tower,0,8,10,4,22,0,0,34,5,39,0,8,44,9,61,14,10,24,85
01/31/2018,OWB,KY,ASO,CE,Federal Contract Tower,0,5,10,5,20,0,0,5,4,9,0,5,15,9,29,0,16,16,45
02/01/2018,OWB,KY,ASO,CE,Federal Contract Tower,0,10,4,10,24,0,0,2,1,3,0,10,6,11,27,12,8,20,47
02/02/2018,OWB,KY,ASO,CE,Federal Contract Tower,2,7,4,4,17,0,0,40,2,42,2,7,44,6,59,26,0,26,85
02/03/2018,OWB,KY,ASO,CE,Federal Contract Tower,0,6,6,0,12,0,0,23,0,23,0,6,29,0,35,4,0,4,39
02/04/2018,OWB,KY,ASO,CE,Federal Contract Tower,0,6,0,0,6,0,0,0,0,0,0,6,0,0,6,0,0,0,6
02/05/2018,OWB,KY,ASO,CE,Federal Contract Tower,2,9,5,3,19,0,0,12,3,15,2,9,17,6,34,6,0,6,40
02/06/2018,OWB,KY,ASO,CE,Federal Contract Tower,0,7,8,5,20,0,0,3,3,6,0,7,11,8,26,2,20,22,48
02/07/2018,OWB,KY,ASO,CE,Federal Contract Tower,0,8,7,5,20,0,0,0,10,10,0,8,7,15,30,0,38,38,68
02/08/2018,OWB,KY,ASO,CE,Federal Contract Tower,0,9,10,5,24,0,0,23,2,25,0,9,33,7,49,6,2,8,57
02/09/2018,OWB,KY,ASO,CE,Federal Contract Tower,2,5,4,0,11,0,0,14,0,14,2,5,18,0,25,14,0,14,39
02/10/2018,OWB,KY,ASO,CE,Federal Contract Tower,0,4,0,0,4,0,0,0,0,0,0,4,0,0,4,0,0,0,4
02/11/2018,OWB,KY,ASO,CE,Federal Contract Tower,0,5,0,0,5,0,0,0,0,0,0,5,0,0,5,0,0,0,5
02/12/2018,OWB,KY,ASO,CE,Federal Contract Tower,2,6,3,12,23,0,0,32,5,37,2,6,35,17,60,28,0,28,88
02/13/2018,OWB,KY,ASO,CE,Federal Contract Tower,0,7,10,10,27,0,0,16,2,18,0,7,26,12,45,0,0,0,45
02/14/2018,OWB,KY,ASO,CE,Federal Contract Tower,0,7,6,0,13,0,0,0,0,0,0,7,6,0,13,0,0,0,13
02/15/2018,OWB,KY,ASO,CE,Federal Contract Tower,0,11,10,6,27,0,0,0,0,0,0,11,10,6,27,0,0,0,27
02/16/2018,OWB,KY,ASO,CE,Federal Contract Tower,2,6,6,0,14,0,0,0,0,0,2,6,6,0,14,0,0,0,14
02/17/2018,OWB,KY,ASO,CE,Federal Contract Tower,0,6,2,0,8,0,0,1,0,1,0,6,3,0,9,0,0,0,9
02/18/2018,OWB,KY,ASO,CE,Federal Contract Tower,0,7,12,0,19,0,0,23,3,26,0,7,35,3,45,0,0,0,45
02/19/2018,OWB,KY,ASO,CE,Federal Contract Tower,4,6,4,2,16,0,2,3,0,5,4,8,7,2,21,4,0,4,25
02/20/2018,OWB,KY,ASO,CE,Federal Contract Tower,0,7,6,2,15,0,1,1,3,5,0,8,7,5,20,2,6,8,28
02/21/2018,OWB,KY,ASO,CE,Federal Contract Tower,0,7,13,0,20,0,0,0,0,0,0,7,13,0,20,0,0,0,20
02/22/2018,OWB,KY,ASO,CE,Federal Contract Tower,0,6,9,0,15,0,0,2,0,2,0,6,11,0,17,0,0,0,17
02/23/2018,OWB,KY,ASO,CE,Federal Contract Tower,3,9,0,0,12,0,0,0,0,0,3,9,0,0,12,0,0,0,12
02/24/2018,OWB,KY,ASO,CE,Federal Contract Tower,1,0,1,0,2,0,0,0,0,0,1,0,1,0,2,0,0,0,2
02/25/2018,OWB,KY,ASO,CE,Federal Contract Tower,0,9,9,2,20,0,1,36,4,41,0,10,45,6,61,24,0,24,85
02/26/2018,OWB,KY,ASO,CE,Federal Contract Tower,2,8,11,14,35,0,0,44,4,48,2,8,55,18,83,18,10,28,111
02/27/2018,OWB,KY,ASO,CE,Federal Contract Tower,0,6,2,10,18,0,0,37,0,37,0,6,39,10,55,18,0,18,73
02/28/2018,OWB,KY,ASO,CE,Federal Contract Tower,0,8,10,4,22,0,0,0,0,0,0,8,10,4,22,0,0,0,22
03/01/2018,OWB,KY,ASO,CE,Federal Contract Tower,0,6,9,0,15,0,0,1,0,1,0,6,10,0,16,0,0,0,16
03/02/2018,OWB,KY,ASO,CE,Federal Contract Tower,2,9,10,0,21,0,0,62,4,66,2,9,72,4,87,20,0,20,107
03/03/2018,OWB,KY,ASO,CE,Federal Contract Tower,0,7,4,0,11,0,0,88,0,88,0,7,92,0,99,10,0,10,109
03/04/2018,OWB,KY,ASO,CE,Federal Contract Tower,0,8,5,0,13,0,0,39,0,39,0,8,44,0,52,16,0,16,68
03/05/2018,OWB,KY,ASO,CE,Federal Contract Tower,2,6,8,2,18,0,0,0,5,5,2,6,8,7,23,0,12,12,35
03/06/2018,OWB,KY,ASO,CE,Federal Contract Tower,0,6,11,7,24,0,0,18,2,20,0,6,29,9,44,18,4,22,66
03/07/2018,OWB,KY,ASO,CE,Federal Contract Tower,0,7,4,2,13,0,0,0,0,0,0,7,4,2,13,0,0,0,13
03/08/2018,OWB,KY,ASO,CE,Federal Contract Tower,0,6,11,2,19,0,0,10,0,10,0,6,21,2,29,22,0,22,51
03/09/2018,OWB,KY,ASO,CE,Federal Contract Tower,2,11,7,2,22,0,0,14,6,20,2,11,21,8,42,6,8,14,56
03/10/2018,OWB,KY,ASO,CE,Federal Contract Tower,0,9,4,4,17,0,2,7,0,9,0,11,11,4,26,0,0,0,26
03/11/2018,OWB,KY,ASO,CE,Federal Contract Tower,0,7,12,0,19,0,0,8,0,8,0,7,20,0,27,10,0,10,37
03/12/2018,OWB,KY,ASO,CE,Federal Contract Tower,2,7,3,0,12,0,2,12,2,16,2,9,15,2,28,20,0,20,48
03/13/2018,OWB,KY,ASO,CE,Federal Contract Tower,0,7,8,3,18,0,0,16,0,16,0,7,24,3,34,4,0,4,38
03/14/2018,OWB,KY,ASO,CE,Federal Contract Tower,0,6,9,11,26,0,0,17,4,21,0,6,26,15,47,12,16,28,75
03/15/2018,OWB,KY,ASO,CE,Federal Contract Tower,0,6,6,23,35,0,0,15,0,15,0,6,21,23,50,23,10,33,83
03/16/2018,OWB,KY,ASO,CE,Federal Contract Tower,2,7,4,3,16,0,0,5,2,7,2,7,9,5,23,0,8,8,31
03/17/2018,OWB,KY,ASO,CE,Federal Contract Tower,0,6,12,0,18,0,0,0,0,0,0,6,12,0,18,0,0,0,18
03/18/2018,OWB,KY,ASO,CE,Federal Contract Tower,0,5,12,0,17,0,0,9,0,9,0,5,21,0,26,0,0,0,26
03/19/2018,OWB,KY,ASO,CE,Federal Contract Tower,2,11,3,5,21,0,0,5,1,6,2,11,8,6,27,18,0,18,45
03/20/2018,OWB,KY,ASO,CE,Federal Contract Tower,0,8,12,0,20,0,0,0,0,0,0,8,12,0,20,0,0,0,20
03/21/2018,OWB,KY,ASO,CE,Federal Contract Tower,0,10,6,2,18,0,1,6,0,7,0,11,12,2,25,0,0,0,25
03/22/2018,OWB,KY,ASO,CE,Federal Contract Tower,0,14,0,3,17,0,0,21,2,23,0,14,21,5,40,34,0,34,74
03/23/2018,OWB,KY,ASO,CE,Federal Contract Tower,2,6,15,2,25,0,0,24,2,26,2,6,39,4,51,8,4,12,63
03/24/2018,OWB,KY,ASO,CE,Federal Contract Tower,0,7,0,0,7,0,0,0,0,0,0,7,0,0,7,0,0,0,7
03/25/2018,OWB,KY,ASO,CE,Federal Contract Tower,0,5,6,2,13,0,0,4,0,4,0,5,10,2,17,0,0,0,17
03/26/2018,OWB,KY,ASO,CE,Federal Contract Tower,2,7,8,4,21,0,0,0,0,0,2,7,8,4,21,12,0,12,33
03/27/2018,OWB,KY,ASO,CE,Federal Contract Tower,0,7,6,9,22,0,0,2,0,2,0,7,8,9,24,0,0,0,24
03/28/2018,OWB,KY,ASO,CE,Federal Contract Tower,0,9,7,0,16,0,0,0,0,0,0,9,7,0,16,0,0,0,16
03/29/2018,OWB,KY,ASO,CE,Federal Contract Tower,0,11,8,0,19,0,0,0,0,0,0,11,8,0,19,0,0,0,19
03/30/2018,OWB,KY,ASO,CE,Federal Contract Tower,2,7,13,4,26,0,0,28,0,28,2,7,41,4,54,40,0,40,94
03/31/2018,OWB,KY,ASO,CE,Federal Contract Tower,0,5,5,0,10,0,2,22,0,24,0,7,27,0,34,6,0,6,40
04/01/2018,OWB,KY,ASO,CE,Federal Contract Tower,0,4,4,0,8,0,0,3,0,3,0,4,7,0,11,0,0,0,11
04/02/2018,OWB,KY,ASO,CE,Federal Contract Tower,2,6,10,0,18,0,0,1,4,5,2,6,11,4,23,0,0,0,23
04/03/2018,OWB,KY,ASO,CE,Federal Contract Tower,0,6,3,0,9,0,0,4,0,4,0,6,7,0,13,0,0,0,13
04/04/2018,OWB,KY,ASO,CE,Federal Contract Tower,0,6,12,2,20,0,0,13,0,13,0,6,25,2,33,12,0,12,45
04/05/2018,OWB,KY,ASO,CE,Federal Contract Tower,0,6,8,1,15,0,0,56,1,57,0,6,64,2,72,24,0,24,96
04/06/2018,OWB,KY,ASO,CE,Federal Contract Tower,2,7,10,0,19,0,0,13,1,14,2,7,23,1,33,52,0,52,85
04/07/2018,OWB,KY,ASO,CE,Federal Contract Tower,0,7,3,0,10,0,0,9,0,9,0,7,12,0,19,2,0,2,21
04/08/2018,OWB,KY,ASO,CE,Federal Contract Tower,0,7,5,4,16,0,0,31,0,31,0,7,36,4,47,20,0,20,67
04/09/2018,OWB,KY,ASO,CE,Federal Contract Tower,2,6,6,4,18,0,0,14,1,15,2,6,20,5,33,2,0,2,35
04/10/2018,OWB,KY,ASO,CE,Federal Contract Tower,0,7,13,2,22,0,0,19,0,19,0,7,32,2,41,36,0,36,77
04/11/2018,OWB,KY,ASO,CE,Federal Contract Tower,0,6,8,3,17,0,0,27,1,28,0,6,35,4,45,16,0,16,61
04/12/2018,OWB,KY,ASO,CE,Federal Contract Tower,0,7,10,2,19,0,0,5,1,6,0,7,15,3,25,0,0,0,25
04/13/2018,OWB,KY,ASO,CE,Federal Contract Tower,2,6,5,5,18,0,0,3,3,6,2,6,8,8,24,4,0,4,28
04/14/2018,OWB,KY,ASO,CE,Federal Contract Tower,0,5,1,0,6,0,0,2,0,2,0,5,3,0,8,0,0,0,8
04/15/2018,OWB,KY,ASO,CE,Federal Contract Tower,0,6,2,0,8,0,0,1,0,1,0,6,3,0,9,0,0,0,9
04/16/2018,OWB,KY,ASO,CE,Federal Contract Tower,2,6,10,2,20,0,0,3,0,3,2,6,13,2,23,18,0,18,41
04/17/2018,OWB,KY,ASO,CE,Federal Contract Tower,0,6,3,9,18,0,0,21,4,25,0,6,24,13,43,16,16,32,75
04/18/2018,OWB,KY,ASO,CE,Federal Contract Tower,0,11,7,3,21,0,1,4,3,8,0,12,11,6,29,10,0,10,39
04/19/2018,OWB,KY,ASO,CE,Federal Contract Tower,0,7,11,6,24,0,0,8,4,12,0,7,19,10,36,0,8,8,44
04/20/2018,OWB,KY,ASO,CE,Federal Contract Tower,2,7,16,4,29,0,0,32,1,33,2,7,48,5,62,24,10,34,96
04/21/2018,OWB,KY,ASO,CE,Federal Contract Tower,0,6,6,0,12,0,0,76,0,76,0,6,82,0,88,26,0,26,114
04/22/2018,OWB,KY,ASO,CE,Federal Contract Tower,0,7,6,0,13,0,0,4,1,5,0,7,10,1,18,0,0,0,18
04/23/2018,OWB,KY,ASO,CE,Federal Contract Tower,2,8,5,3,18,0,0,4,1,5,2,8,9,4,23,6,0,6,29
04/24/2018,OWB,KY,ASO,CE,Federal Contract Tower,0,9,13,8,30,0,0,2,0,2,0,9,15,8,32,0,2,2,34
04/25/2018,OWB,KY,ASO,CE,Federal Contract Tower,0,5,12,1,18,0,0,6,0,6,0,5,18,1,24,4,0,4,28
04/26/2018,OWB,KY,ASO,CE,Federal Contract Tower,0,8,2,3,13,0,0,15,1,16,0,8,17,4,29,10,0,10,39
04/27/2018,OWB,KY,ASO,CE,Federal Contract Tower,2,6,18,0,26,0,0,23,0,23,2,6,41,0,49,14,0,14,63
04/28/2018,OWB,KY,ASO,CE,Federal Contract Tower,0,7,3,2,12,0,0,27,12,39,0,7,30,14,51,18,0,18,69
04/29/2018,OWB,KY,ASO,CE,Federal Contract Tower,0,5,6,0,11,0,0,34,0,34,0,5,40,0,45,18,0,18,63
04/30/2018,OWB,KY,ASO,CE,Federal Contract Tower,2,5,6,2,15,0,1,26,1,28,2,6,32,3,43,6,6,12,55
05/01/2018,OWB,KY,ASO,CE,Federal Contract Tower,0,4,6,0,10,0,0,21,0,21,0,4,27,0,31,10,0,10,41
05/02/2018,OWB,KY,ASO,CE,Federal Contract Tower,0,4,9,0,13,0,1,12,0,13,0,5,21,0,26,16,0,16,42
05/03/2018,OWB,KY,ASO,CE,Federal Contract Tower,0,5,8,0,13,0,1,1,0,2,0,6,9,0,15,0,0,0,15
05/04/2018,OWB,KY,ASO,CE,Federal Contract Tower,2,7,5,2,16,0,0,4,0,4,2,7,9,2,20,0,0,0,20
05/05/2018,OWB,KY,ASO,CE,Federal Contract Tower,0,6,3,0,9,0,0,3,0,3,0,6,6,0,12,0,0,0,12
05/06/2018,OWB,KY,ASO,CE,Federal Contract Tower,0,2,0,5,7,0,3,15,0,18,0,5,15,5,25,16,0,16,41
05/07/2018,OWB,KY,ASO,CE,Federal Contract Tower,2,6,5,6,19,0,0,36,0,36,2,6,41,6,55,28,0,28,83
05/08/2018,OWB,KY,ASO,CE,Federal Contract Tower,0,14,1,2,17,0,1,31,0,32,0,15,32,2,49,6,0,6,55
05/09/2018,OWB,KY,ASO,CE,Federal Contract Tower,0,8,4,4,16,0,0,10,0,10,0,8,14,4,26,52,0,52,78
05/10/2018,OWB,KY,ASO,CE,Federal Contract Tower,0,8,4,5,17,0,2,27,2,31,0,10,31,7,48,14,4,18,66
05/11/2018,OWB,KY,ASO,CE,Federal Contract Tower,2,7,16,0,25,0,1,20,0,21,2,8,36,0,46,0,0,0,46
05/12/2018,OWB,KY,ASO,CE,Federal Contract Tower,0,6,1,0,7,0,0,27,0,27,0,6,28,0,34,4,0,4,38
05/13/2018,OWB,KY,ASO,CE,Federal Contract Tower,0,7,8,0,15,0,0,21,0,21,0,7,29,0,36,16,0,16,52
05/14/2018,OWB,KY,ASO,CE,Federal Contract Tower,2,5,6,2,15,0,0,31,0,31,2,5,37,2,46,48,0,48,94
05/15/2018,OWB,KY,ASO,CE,Federal Contract Tower,0,4,13,4,21,0,0,31,0,31,0,4,44,4,52,38,10,48,100
05/16/2018,OWB,KY,ASO,CE,Federal Contract Tower,0,3,6,0,9,0,0,14,0,14,0,3,20,0,23,48,2,50,73
05/17/2018,OWB,KY,ASO,CE,Federal Contract Tower,0,7,10,1,18,0,0,18,1,19,0,7,28,2,37,2,2,4,41
05/18/2018,OWB,KY,ASO,CE,Federal Contract Tower,2,11,14,0,27,0,0,11,0,11,2,11,25,0,38,24,0,24,62
05/19/2018,OWB,KY,ASO,CE,Federal Contract Tower,0,3,10,0,13,0,0,5,0,5,0,3,15,0,18,0,0,0,18
05/20/2018,OWB,KY,ASO,CE,Federal Contract Tower,0,7,5,3,15,0,0,20,1,21,0,7,25,4,36,12,6,18,54
05/21/2018,OWB,KY,ASO,CE,Federal Contract Tower,2,7,3,2,14,0,0,16,2,18,2,7,19,4,32,2,26,28,60
05/22/2018,OWB,KY,ASO,CE,Federal Contract Tower,0,20,6,1,27,0,0,8,1,9,0,20,14,2,36,2,0,2,38
05/23/2018,OWB,KY,ASO,CE,Federal Contract Tower,0,4,8,6,18,0,0,44,3,47,0,4,52,9,65,24,12,36,101
05/24/2018,OWB,KY,ASO,CE,Federal Contract Tower,0,6,27,4,37,0,1,42,0,43,0,7,69,4,80,28,0,28,108
05/25/2018,OWB,KY,ASO,CE,Federal Contract Tower,2,7,2,0,11,0,0,29,0,29,2,7,31,0,40,6,0,6,46
05/26/2018,OWB,KY,ASO,CE,Federal Contract Tower,0,6,0,0,6,0,0,4,0,4,0,6,4,0,10,0,0,0,10
05/27/2018,OWB,KY,ASO,CE,Federal Contract Tower,0,4,0,0,4,0,0,16,0,16,0,4,16,0,20,2,0,2,22
05/28/2018,OWB,KY,ASO,CE,Federal Contract Tower,2,4,4,0,10,0,0,15,0,15,2,4,19,0,25,0,0,0,25
05/29/2018,OWB,KY,ASO,CE,Federal Contract Tower,0,7,10,7,24,0,0,3,2,5,0,7,13,9,29,2,0,2,31
05/30/2018,OWB,KY,ASO,CE,Federal Contract Tower,0,6,16,1,23,0,0,2,1,3,0,6,18,2,26,0,0,0,26
05/31/2018,OWB,KY,ASO,CE,Federal Contract Tower,0,6,3,0,9,0,0,0,0,0,0,6,3,0,9,0,0,0,9
06/01/2018,OWB,KY,ASO,CE,Federal Contract Tower,2,8,9,1,20,0,0,7,3,10,2,8,16,4,30,6,0,6,36
06/02/2018,OWB,KY,ASO,CE,Federal Contract Tower,0,7,8,0,15,0,1,26,0,27,0,8,34,0,42,12,0,12,54
06/03/2018,OWB,KY,ASO,CE,Federal Contract Tower,0,5,6,0,11,0,0,11,0,11,0,5,17,0,22,18,0,18,40
06/04/2018,OWB,KY,ASO,CE,Federal Contract Tower,2,9,5,6,22,0,1,27,8,36,2,10,32,14,58,46,20,66,124
06/05/2018,OWB,KY,ASO,CE,Federal Contract Tower,0,8,12,4,24,0,1,44,3,48,0,9,56,7,72,56,34,90,162
06/06/2018,OWB,KY,ASO,CE,Federal Contract Tower,0,6,10,6,22,0,1,59,2,62,0,7,69,8,84,74,0,74,158
06/07/2018,OWB,KY,ASO,CE,Federal Contract Tower,0,5,10,0,15,0,1,47,0,48,0,6,57,0,63,14,0,14,77
06/08/2018,OWB,KY,ASO,CE,Federal Contract Tower,2,6,7,2,17,0,1,29,10,40,2,7,36,12,57,6,0,6,63
06/09/2018,OWB,KY,ASO,CE,Federal Contract Tower,0,5,6,2,13,0,0,13,2,15,0,5,19,4,28,0,10,10,38
06/10/2018,OWB,KY,ASO,CE,Federal Contract Tower,0,7,8,0,15,0,0,4,0,4,0,7,12,0,19,0,0,0,19
06/11/2018,OWB,KY,ASO,CE,Federal Contract Tower,2,5,9,2,18,0,0,15,0,15,2,5,24,2,33,6,0,6,39
06/12/2018,OWB,KY,ASO,CE,Federal Contract Tower,0,8,6,0,14,0,0,3,0,3,0,8,9,0,17,2,0,2,19
06/13/2018,OWB,KY,ASO,CE,Federal Contract Tower,0,7,14,5,26,0,0,5,0,5,0,7,19,5,31,16,0,16,47
06/14/2018,OWB,KY,ASO,CE,Federal Contract Tower,0,8,13,0,21,0,0,22,0,22,0,8,35,0,43,22,0,22,65
06/15/2018,OWB,KY,ASO,CE,Federal Contract Tower,2,4,16,0,22,0,0,32,0,32,2,4,48,0,54,16,0,16,70
06/16/2018,OWB,KY,ASO,CE,Federal Contract Tower,0,6,15,0,21,0,0,97,0,97,0,6,112,0,118,30,0,30,148
06/17/2018,OWB,KY,ASO,CE,Federal Contract Tower,0,9,3,0,12,0,0,26,0,26,0,9,29,0,38,0,0,0,38
06/18/2018,OWB,KY,ASO,CE,Federal Contract Tower,2,9,4,0,15,0,0,17,0,17,2,9,21,0,32,16,0,16,48
06/19/2018,OWB,KY,ASO,CE,Federal Contract Tower,0,8,9,0,17,0,0,20,0,20,0,8,29,0,37,2,0,2,39
06/20/2018,OWB,KY,ASO,CE,Federal Contract Tower,0,6,3,0,9,0,0,6,0,6,0,6,9,0,15,12,0,12,27
06/21/2018,OWB,KY,ASO,CE,Federal Contract Tower,0,5,10,5,20,0,0,9,0,9,0,5,19,5,29,14,0,14,43
06/22/2018,OWB,KY,ASO,CE,Federal Contract Tower,2,8,10,0,20,0,0,5,0,5,2,8,15,0,25,0,0,0,25
06/23/2018,OWB,KY,ASO,CE,Federal Contract Tower,0,6,7,0,13,0,0,30,0,30,0,6,37,0,43,0,0,0,43
06/24/2018,OWB,KY,ASO,CE,Federal Contract Tower,0,7,4,8,19,0,0,20,0,20,0,7,24,8,39,6,6,12,51
06/25/2018,OWB,KY,ASO,CE,Federal Contract Tower,2,6,8,0,16,0,0,1,0,1,2,6,9,0,17,48,0,48,65
06/26/2018,OWB,KY,ASO,CE,Federal Contract Tower,0,4,5,0,9,0,0,3,0,3,0,4,8,0,12,32,0,32,44
06/27/2018,OWB,KY,ASO,CE,Federal Contract Tower,0,6,5,4,15,0,0,8,4,12,0,6,13,8,27,54,0,54,81
06/28/2018,OWB,KY,ASO,CE,Federal Contract Tower,0,6,16,1,23,0,0,17,0,17,0,6,33,1,40,12,0,12,52
06/29/2018,OWB,KY,ASO,CE,Federal Contract Tower,2,6,2,0,10,0,0,16,0,16,2,6,18,0,26,30,0,30,56
06/30/2018,OWB,KY,ASO,CE,Federal Contract Tower,0,6,2,0,8,0,0,22,0,22,0,6,24,0,30,12,0,12,42
07/01/2018,OWB,KY,ASO,CE,Federal Contract Tower,0,4,1,0,5,0,1,10,0,11,0,5,11,0,16,6,0,6,22
07/02/2018,OWB,KY,ASO,CE,Federal Contract Tower,2,7,10,0,19,0,0,12,0,12,2,7,22,0,31,24,0,24,55
07/03/2018,OWB,KY,ASO,CE,Federal Contract Tower,0,9,7,4,20,0,0,10,2,12,0,9,17,6,32,8,0,8,40
07/04/2018,OWB,KY,ASO,CE,Federal Contract Tower,0,6,1,0,7,0,0,20,0,20,0,6,21,0,27,0,0,0,27
07/05/2018,OWB,KY,ASO,CE,Federal Contract Tower,0,5,3,0,8,0,0,37,0,37,0,5,40,0,45,4,0,4,49
07/06/2018,OWB,KY,ASO,CE,Federal Contract Tower,2,7,4,0,13,0,0,7,0,7,2,7,11,0,20,20,0,20,40
07/07/2018,OWB,KY,ASO,CE,Federal Contract Tower,0,13,5,0,18,0,2,5,0,7,0,15,10,0,25,54,0,54,79
07/08/2018,OWB,KY,ASO,CE,Federal Contract Tower,0,8,11,0,19,0,0,22,0,22,0,8,33,0,41,64,0,64,105
07/09/2018,OWB,KY,ASO,CE,Federal Contract Tower,2,8,9,4,23,0,0,8,5,13,2,8,17,9,36,10,4,14,50
07/10/2018,OWB,KY,ASO,CE,Federal Contract Tower,0,6,6,2,14,0,0,3,2,5,0,6,9,4,19,0,10,10,29
07/11/2018,OWB,KY,ASO,CE,Federal Contract Tower,0,8,9,4,21,0,0,31,2,33,0,8,40,6,54,28,0,28,82
07/12/2018,OWB,KY,ASO,CE,Federal Contract Tower,0,9,12,4,25,0,3,47,0,50,0,12,59,4,75,22,0,22,97
07/13/2018,OWB,KY,ASO,CE,Federal Contract Tower,2,6,12,0,20,0,1,35,0,36,2,7,47,0,56,28,0,28,84
07/14/2018,OWB,KY,ASO,CE,Federal Contract Tower,0,5,8,0,13,0,3,59,17,79,0,8,67,17,92,6,0,6,98
07/15/2018,OWB,KY,ASO,CE,Federal Contract Tower,0,5,5,0,10,0,0,4,4,8,0,5,9,4,18,12,0,12,30
07/16/2018,OWB,KY,ASO,CE,Federal Contract Tower,2,6,8,2,18,0,0,4,0,4,2,6,12,2,22,10,0,10,32
07/17/2018,OWB,KY,ASO,CE,Federal Contract Tower,0,6,4,1,11,0,0,24,0,24,0,6,28,1,35,8,0,8,43
07/18/2018,OWB,KY,ASO,CE,Federal Contract Tower,0,8,10,4,22,0,0,32,0,32,0,8,42,4,54,60,0,60,114
07/19/2018,OWB,KY,ASO,CE,Federal Contract Tower,0,5,15,2,22,0,2,33,4,39,0,7,48,6,61,18,12,30,91
07/20/2018,OWB,KY,ASO,CE,Federal Contract Tower,2,11,3,1,17,0,0,2,0,2,2,11,5,1,19,4,0,4,23
07/21/2018,OWB,KY,ASO,CE,Federal Contract Tower,0,5,5,0,10,0,2,42,0,44,0,7,47,0,54,22,0,22,76
07/22/2018,OWB,KY,ASO,CE,Federal Contract Tower,0,8,6,0,14,0,0,9,0,9,0,8,15,0,23,0,0,0,23
07/23/2018,OWB,KY,ASO,CE,Federal Contract Tower,2,6,14,2,24,0,0,12,1,13,2,6,26,3,37,6,0,6,43
07/24/2018,OWB,KY,ASO,CE,Federal Contract Tower,0,7,8,2,17,0,0,23,0,23,0,7,31,2,40,30,8,38,78
07/25/2018,OWB,KY,ASO,CE,Federal Contract Tower,0,9,4,0,13,0,0,21,6,27,0,9,25,6,40,4,0,4,44
07/26/2018,OWB,KY,ASO,CE,Federal Contract Tower,0,5,14,5,24,0,1,15,6,22,0,6,29,11,46,6,4,10,56
07/27/2018,OWB,KY,ASO,CE,Federal Contract Tower,2,5,15,1,23,0,2,19,10,31,2,7,34,11,54,10,0,10,64
07/28/2018,OWB,KY,ASO,CE,Federal Contract Tower,0,6,11,0,17,0,0,16,0,16,0,6,27,0,33,2,0,2,35
07/29/2018,OWB,KY,ASO,CE,Federal Contract Tower,0,6,4,0,10,0,0,16,0,16,0,6,20,0,26,0,0,0,26
07/30/2018,OWB,KY,ASO,CE,Federal Contract Tower,2,8,5,2,17,0,0,0,0,0,2,8,5,2,17,0,10,10,27
07/31/2018,OWB,KY,ASO,CE,Federal Contract Tower,0,6,5,3,14,0,0,8,7,15,0,6,13,10,29,0,2,2,31
08/01/2018,OWB,KY,ASO,CE,Federal Contract Tower,0,7,11,2,20,0,0,10,0,10,0,7,21,2,30,6,10,16,46
08/02/2018,OWB,KY,ASO,CE,Federal Contract Tower,0,6,12,1,19,0,0,18,0,18,0,6,30,1,37,4,0,4,41
08/03/2018,OWB,KY,ASO,CE,Federal Contract Tower,2,6,0,4,12,0,0,20,0,20,2,6,20,4,32,12,0,12,44
08/04/2018,OWB,KY,ASO,CE,Federal Contract Tower,0,6,9,0,15,0,0,31,0,31,0,6,40,0,46,18,0,18,64
08/05/2018,OWB,KY,ASO,CE,Federal Contract Tower,0,6,0,0,6,0,0,17,0,17,0,6,17,0,23,0,0,0,23
08/06/2018,OWB,KY,ASO,CE,Federal Contract Tower,2,7,12,5,26,0,0,12,1,13,2,7,24,6,39,16,0,16,55
08/07/2018,OWB,KY,ASO,CE,Federal Contract Tower,0,5,1,0,6,0,0,0,0,0,0,5,1,0,6,20,0,20,26
08/08/2018,OWB,KY,ASO,CE,Federal Contract Tower,0,9,8,2,19,0,0,5,0,5,0,9,13,2,24,0,12,12,36
08/09/2018,OWB,KY,ASO,CE,Federal Contract Tower,0,6,11,2,19,0,0,15,0,15,0,6,26,2,34,0,0,0,34
08/10/2018,OWB,KY,ASO,CE,Federal Contract Tower,2,8,8,0,18,0,1,17,0,18,2,9,25,0,36,16,0,16,52
08/11/2018,OWB,KY,ASO,CE,Federal Contract Tower,0,7,2,0,9,0,0,19,0,19,0,7,21,0,28,6,0,6,34
08/12/2018,OWB,KY,ASO,CE,Federal Contract Tower,0,6,6,0,12,0,0,18,0,18,0,6,24,0,30,18,0,18,48
08/13/2018,OWB,KY,ASO,CE,Federal Contract Tower,2,6,4,4,16,0,0,6,0,6,2,6,10,4,22,0,0,0,22
08/14/2018,OWB,KY,ASO,CE,Federal Contract Tower,0,7,3,6,16,0,0,10,2,12,0,7,13,8,28,2,0,2,30
08/15/2018,OWB,KY,ASO,CE,Federal Contract Tower,0,7,4,4,15,0,5,4,0,9,0,12,8,4,24,14,0,14,38
08/16/2018,OWB,KY,ASO,CE,Federal Contract Tower,0,8,3,2,13,0,0,3,3,6,0,8,6,5,19,4,0,4,23
08/17/2018,OWB,KY,ASO,CE,Federal Contract Tower,2,7,8,2,19,0,0,2,0,2,2,7,10,2,21,10,0,10,31
08/18/2018,OWB,KY,ASO,CE,Federal Contract Tower,0,8,8,0,16,0,0,18,12,30,0,8,26,12,46,8,0,8,54
08/19/2018,OWB,KY,ASO,CE,Federal Contract Tower,0,6,5,12,23,0,0,16,1,17,0,6,21,13,40,0,0,0,40
08/20/2018,OWB,KY,ASO,CE,Federal Contract Tower,2,7,13,6,28,0,0,2,0,2,2,7,15,6,30,0,8,8,38
08/21/2018,OWB,KY,ASO,CE,Federal Contract Tower,0,9,3,0,12,0,0,0,0,0,0,9,3,0,12,0,0,0,12
08/22/2018,OWB,KY,ASO,CE,Federal Contract Tower,0,9,22,2,33,0,0,8,2,10,0,9,30,4,43,0,0,0,43
08/23/2018,OWB,KY,ASO,CE,Federal Contract Tower,0,6,10,5,21,0,0,36,8,44,0,6,46,13,65,4,0,4,69
08/24/2018,OWB,KY,ASO,CE,Federal Contract Tower,2,8,8,0,18,0,0,6,0,6,2,8,14,0,24,0,0,0,24
08/25/2018,OWB,KY,ASO,CE,Federal Contract Tower,0,6,6,0,12,0,0,22,0,22,0,6,28,0,34,6,0,6,40
08/26/2018,OWB,KY,ASO,CE,Federal Contract Tower,0,13,5,0,18,0,0,21,0,21,0,13,26,0,39,14,0,14,53
08/27/2018,OWB,KY,ASO,CE,Federal Contract Tower,2,7,7,1,17,0,0,12,0,12,2,7,19,1,29,16,0,16,45
08/28/2018,OWB,KY,ASO,CE,Federal Contract Tower,0,7,3,2,12,0,0,23,0,23,0,7,26,2,35,28,20,48,83
08/29/2018,OWB,KY,ASO,CE,Federal Contract Tower,0,7,9,1,17,0,0,5,1,6,0,7,14,2,23,16,0,16,39
08/30/2018,OWB,KY,ASO,CE,Federal Contract Tower,0,6,3,0,9,0,0,2,0,2,0,6,5,0,11,0,0,0,11
08/31/2018,OWB,KY,ASO,CE,Federal Contract Tower,2,8,12,8,30,0,0,13,0,13,2,8,25,8,43,0,0,0,43
09/01/2018,OWB,KY,ASO,CE,Federal Contract Tower,0,6,5,0,11,0,0,14,0,14,0,6,19,0,25,0,0,0,25
09/02/2018,OWB,KY,ASO,CE,Federal Contract Tower,0,6,3,0,9,0,0,18,0,18,0,6,21,0,27,0,0,0,27
09/03/2018,OWB,KY,ASO,CE,Federal Contract Tower,2,6,2,0,10,0,0,33,2,35,2,6,35,2,45,0,12,12,57
09/04/2018,OWB,KY,ASO,CE,Federal Contract Tower,0,6,16,7,29,0,1,30,1,32,0,7,46,8,61,16,12,28,89
09/05/2018,OWB,KY,ASO,CE,Federal Contract Tower,0,20,12,1,33,0,0,18,4,22,0,20,30,5,55,32,0,32,87
09/06/2018,OWB,KY,ASO,CE,Federal Contract Tower,0,5,12,0,17,0,0,4,0,4,0,5,16,0,21,18,0,18,39
09/07/2018,OWB,KY,ASO,CE,Federal Contract Tower,2,5,12,2,21,0,0,0,0,0,2,5,12,2,21,6,20,26,47
09/08/2018,OWB,KY,ASO,CE,Federal Contract Tower,0,4,3,0,7,0,0,0,0,0,0,4,3,0,7,0,0,0,7
09/09/2018,OWB,KY,ASO,CE,Federal Contract Tower,0,7,15,0,22,0,0,2,0,2,0,7,17,0,24,0,0,0,24
09/10/2018,OWB,KY,ASO,CE,Federal Contract Tower,2,10,8,3,23,0,0,8,0,8,2,10,16,3,31,36,0,36,67
09/11/2018,OWB,KY,ASO,CE,Federal Contract Tower,0,7,12,2,21,0,0,33,0,33,0,7,45,2,54,42,0,42,96
09/12/2018,OWB,KY,ASO,CE,Federal Contract Tower,0,6,7,8,21,0,0,26,10,36,0,6,33,18,57,40,10,50,107
09/13/2018,OWB,KY,ASO,CE,Federal Contract Tower,0,7,9,8,24,0,1,62,14,77,0,8,71,22,101,12,0,12,113
09/14/2018,OWB,KY,ASO,CE,Federal Contract Tower,2,4,4,1,11,0,0,91,0,91,2,4,95,1,102,0,0,0,102
09/15/2018,OWB,KY,ASO,CE,Federal Contract Tower,0,6,3,0,9,0,1,61,0,62,0,7,64,0,71,0,58,58,129
09/16/2018,OWB,KY,ASO,CE,Federal Contract Tower,0,6,11,25,42,0,1,28,52,81,0,7,39,77,123,0,0,0,123
09/17/2018,OWB,KY,ASO,CE,Federal Contract Tower,2,7,8,0,17,0,0,23,0,23,2,7,31,0,40,4,0,4,44
09/18/2018,OWB,KY,ASO,CE,Federal Contract Tower,0,7,3,2,12,0,1,20,0,21,0,8,23,2,33,4,0,4,37
09/19/2018,OWB,KY,ASO,CE,Federal Contract Tower,0,7,16,2,25,0,0,29,0,29,0,7,45,2,54,0,0,0,54
09/20/2018,OWB,KY,ASO,CE,Federal Contract Tower,0,8,26,5,39,0,0,15,13,28,0,8,41,18,67,10,0,10,77
09/21/2018,OWB,KY,ASO,CE,Federal Contract Tower,2,9,16,9,36,0,0,15,0,15,2,9,31,9,51,34,0,34,85
09/22/2018,OWB,KY,ASO,CE,Federal Contract Tower,0,7,9,0,16,0,0,0,0,0,0,7,9,0,16,0,0,0,16
09/23/2018,OWB,KY,ASO,CE,Federal Contract Tower,0,10,24,2,36,0,0,0,0,0,0,10,24,2,36,0,0,0,36
09/24/2018,OWB,KY,ASO,CE,Federal Contract Tower,2,5,7,2,16,0,0,0,0,0,2,5,7,2,16,0,0,0,16
09/25/2018,OWB,KY,ASO,CE,Federal Contract Tower,0,8,8,0,16,0,0,0,0,0,0,8,8,0,16,0,0,0,16
09/26/2018,OWB,KY,ASO,CE,Federal Contract Tower,0,6,13,0,19,0,1,5,0,6,0,7,18,0,25,12,0,12,37
09/27/2018,OWB,KY,ASO,CE,Federal Contract Tower,0,6,23,0,29,0,0,18,0,18,0,6,41,0,47,4,0,4,51
09/28/2018,OWB,KY,ASO,CE,Federal Contract Tower,1,10,21,0,32,0,1,73,0,74,1,11,94,0,106,16,0,16,122
09/29/2018,OWB,KY,ASO,CE,Federal Contract Tower,1,8,23,0,32,0,0,105,0,105,1,8,128,0,137,64,0,64,201
09/30/2018,OWB,KY,ASO,CE,Federal Contract Tower,0,5,22,0,27,0,0,57,0,57,0,5,79,0,84,6,0,6,90
10/01/2018,OWB,KY,ASO,CE,Federal Contract Tower,2,6,6,6,20,0,1,2,0,3,2,7,8,6,23,12,0,12,35
10/02/2018,OWB,KY,ASO,CE,Federal Contract Tower,0,7,7,2,16,0,0,9,0,9,0,7,16,2,25,4,0,4,29
10/03/2018,OWB,KY,ASO,CE,Federal Contract Tower,2,9,4,0,15,0,0,22,0,22,2,9,26,0,37,0,0,0,37
10/04/2018,OWB,KY,ASO,CE,Federal Contract Tower,0,8,8,0,16,0,0,6,0,6,0,8,14,0,22,14,0,14,36
10/05/2018,OWB,KY,ASO,CE,Federal Contract Tower,2,6,9,2,19,0,0,19,0,19,2,6,28,2,38,26,0,26,64
10/06/2018,OWB,KY,ASO,CE,Federal Contract Tower,0,6,7,0,13,0,0,8,0,8,0,6,15,0,21,8,0,8,29
10/07/2018,OWB,KY,ASO,CE,Federal Contract Tower,0,6,3,0,9,0,0,8,0,8,0,6,11,0,17,2,0,2,19
10/08/2018,OWB,KY,ASO,CE,Federal Contract Tower,2,8,15,0,25,0,0,9,0,9,2,8,24,0,34,24,0,24,58
10/09/2018,OWB,KY,ASO,CE,Federal Contract Tower,0,8,5,10,23,0,0,9,4,13,0,8,14,14,36,0,0,0,36
10/10/2018,OWB,KY,ASO,CE,Federal Contract Tower,4,6,9,2,21,0,0,0,0,0,4,6,9,2,21,0,0,0,21
10/11/2018,OWB,KY,ASO,CE,Federal Contract Tower,0,6,1,4,11,0,0,11,1,12,0,6,12,5,23,4,0,4,27
10/12/2018,OWB,KY,ASO,CE,Federal Contract Tower,2,6,3,2,13,0,0,19,0,19,2,6,22,2,32,18,6,24,56
10/13/2018,OWB,KY,ASO,CE,Federal Contract Tower,0,8,15,1,24,0,0,9,1,10,0,8,24,2,34,0,0,0,34
10/14/2018,OWB,KY,ASO,CE,Federal Contract Tower,0,6,12,0,18,0,0,0,0,0,0,6,12,0,18,0,0,0,18
10/15/2018,OWB,KY,ASO,CE,Federal Contract Tower,2,8,17,0,27,0,0,3,0,3,2,8,20,0,30,0,0,0,30
10/16/2018,OWB,KY,ASO,CE,Federal Contract Tower,0,6,9,5,20,0,0,17,0,17,0,6,26,5,37,22,0,22,59
10/17/2018,OWB,KY,ASO,CE,Federal Contract Tower,0,7,8,6,21,0,0,0,0,0,0,7,8,6,21,4,2,6,27
10/18/2018,OWB,KY,ASO,CE,Federal Contract Tower,0,6,7,2,15,0,0,14,0,14,0,6,21,2,29,6,0,6,35
10/19/2018,OWB,KY,ASO,CE,Federal Contract Tower,2,6,9,4,21,0,0,13,2,15,2,6,22,6,36,18,8,26,62
10/20/2018,OWB,KY,ASO,CE,Federal Contract Tower,0,7,17,0,24,0,2,6,0,8,0,9,23,0,32,0,0,0,32
10/21/2018,OWB,KY,ASO,CE,Federal Contract Tower,0,8,10,0,18,0,0,27,0,27,0,8,37,0,45,18,0,18,63
10/22/2018,OWB,KY,ASO,CE,Federal Contract Tower,2,9,10,8,29,0,0,13,2,15,2,9,23,10,44,10,0,10,54
10/23/2018,OWB,KY,ASO,CE,Federal Contract Tower,0,9,12,8,29,0,2,11,12,25,0,11,23,20,54,26,10,36,90
10/24/2018,OWB,KY,ASO,CE,Federal Contract Tower,0,10,11,1,22,0,0,7,1,8,0,10,18,2,30,10,0,10,40
10/25/2018,OWB,KY,ASO,CE,Federal Contract Tower,0,8,10,2,20,0,2,19,0,21,0,10,29,2,41,0,0,0,41
10/26/2018,OWB,KY,ASO,CE,Federal Contract Tower,2,11,4,0,17,0,0,0,0,0,2,11,4,0,17,0,0,0,17
10/27/2018,OWB,KY,ASO,CE,Federal Contract Tower,0,7,2,0,9,0,0,3,0,3,0,7,5,0,12,0,0,0,12
10/28/2018,OWB,KY,ASO,CE,Federal Contract Tower,0,6,1,0,7,0,1,2,0,3,0,7,3,0,10,0,0,0,10
10/29/2018,OWB,KY,ASO,CE,Federal Contract Tower,2,7,4,6,19,0,0,26,1,27,2,7,30,7,46,8,0,8,54
10/30/2018,OWB,KY,ASO,CE,Federal Contract Tower,0,7,0,4,11,0,0,5,0,5,0,7,5,4,16,14,0,14,30
10/31/2018,OWB,KY,ASO,CE,Federal Contract Tower,0,6,2,0,8,0,0,0,0,0,0,6,2,0,8,0,0,0,8
11/01/2018,OWB,KY,ASO,CE,Federal Contract Tower,0,5,6,0,11,0,0,0,0,0,0,5,6,0,11,0,0,0,11
11/02/2018,OWB,KY,ASO,CE,Federal Contract Tower,2,5,6,0,13,0,0,0,0,0,2,5,6,0,13,0,0,0,13
11/03/2018,OWB,KY,ASO,CE,Federal Contract Tower,0,7,9,0,16,0,0,28,0,28,0,7,37,0,44,20,0,20,64
11/04/2018,OWB,KY,ASO,CE,Federal Contract Tower,0,6,7,0,13,0,0,1,0,1,0,6,8,0,14,0,0,0,14
11/05/2018,OWB,KY,ASO,CE,Federal Contract Tower,2,5,10,5,22,0,0,0,1,1,2,5,10,6,23,0,10,10,33
11/06/2018,OWB,KY,ASO,CE,Federal Contract Tower,0,6,13,5,24,0,1,5,1,7,0,7,18,6,31,0,0,0,31
11/07/2018,OWB,KY,ASO,CE,Federal Contract Tower,0,6,9,6,21,0,0,17,1,18,0,6,26,7,39,26,0,26,65
11/08/2018,OWB,KY,ASO,CE,Federal Contract Tower,0,6,10,5,21,0,0,11,1,12,0,6,21,6,33,0,10,10,43
11/09/2018,OWB,KY,ASO,CE,Federal Contract Tower,2,6,12,0,20,0,0,0,0,0,2,6,12,0,20,4,0,4,24
11/10/2018,OWB,KY,ASO,CE,Federal Contract Tower,0,6,6,0,12,0,0,15,0,15,0,6,21,0,27,24,0,24,51
11/11/2018,OWB,KY,ASO,CE,Federal Contract Tower,0,7,4,0,11,0,0,24,0,24,0,7,28,0,35,2,0,2,37
11/12/2018,OWB,KY,ASO,CE,Federal Contract Tower,2,7,8,0,17,0,0,2,0,2,2,7,10,0,19,0,0,0,19
11/13/2018,OWB,KY,ASO,CE,Federal Contract Tower,0,9,7,7,23,0,0,1,0,1,0,9,8,7,24,0,0,0,24
11/14/2018,OWB,KY,ASO,CE,Federal Contract Tower,0,6,13,4,23,0,1,1,1,3,0,7,14,5,26,4,8,12,38
11/15/2018,OWB,KY,ASO,CE,Federal Contract Tower,0,8,3,0,11,0,0,0,0,0,0,8,3,0,11,0,0,0,11
11/16/2018,OWB,KY,ASO,CE,Federal Contract Tower,2,9,13,8,32,0,0,13,9,22,2,9,26,17,54,0,22,22,76
11/17/2018,OWB,KY,ASO,CE,Federal Contract Tower,0,8,7,0,15,0,0,27,0,27,0,8,34,0,42,0,0,0,42
11/18/2018,OWB,KY,ASO,CE,Federal Contract Tower,0,6,0,0,6,0,0,6,0,6,0,6,6,0,12,26,0,26,38
11/19/2018,OWB,KY,ASO,CE,Federal Contract Tower,2,7,4,0,13,0,0,0,0,0,2,7,4,0,13,0,0,0,13
11/20/2018,OWB,KY,ASO,CE,Federal Contract Tower,0,8,7,4,19,0,0,1,6,7,0,8,8,10,26,0,0,0,26
11/21/2018,OWB,KY,ASO,CE,Federal Contract Tower,2,6,4,0,12,0,0,27,0,27,2,6,31,0,39,0,0,0,39
11/22/2018,OWB,KY,ASO,CE,Federal Contract Tower,0,6,1,0,7,0,0,16,0,16,0,6,17,0,23,8,0,8,31
11/23/2018,OWB,KY,ASO,CE,Federal Contract Tower,0,6,3,0,9,0,0,16,0,16,0,6,19,0,25,4,0,4,29
11/24/2018,OWB,KY,ASO,CE,Federal Contract Tower,0,4,2,0,6,0,0,18,0,18,0,4,20,0,24,0,0,0,24
11/25/2018,OWB,KY,ASO,CE,Federal Contract Tower,2,6,1,0,9,0,0,1,0,1,2,6,2,0,10,0,0,0,10
11/26/2018,OWB,KY,ASO,CE,Federal Contract Tower,0,6,2,0,8,0,0,2,0,2,0,6,4,0,10,0,0,0,10
11/27/2018,OWB,KY,ASO,CE,Federal Contract Tower,0,6,5,0,11,0,4,5,0,9,0,10,10,0,20,0,0,0,20
11/28/2018,OWB,KY,ASO,CE,Federal Contract Tower,0,7,11,4,22,0,0,16,1,17,0,7,27,5,39,10,0,10,49
11/29/2018,OWB,KY,ASO,CE,Federal Contract Tower,0,8,13,3,24,0,0,3,7,10,0,8,16,10,34,26,12,38,72
11/30/2018,OWB,KY,ASO,CE,Federal Contract Tower,2,4,10,0,16,0,0,0,0,0,2,4,10,0,16,0,0,0,16
12/01/2018,OWB,KY,ASO,CE,Federal Contract Tower,0,9,0,0,9,0,0,0,0,0,0,9,0,0,9,0,0,0,9
12/02/2018,OWB,KY,ASO,CE,Federal Contract Tower,0,7,6,0,13,0,0,6,0,6,0,7,12,0,19,0,0,0,19
12/03/2018,OWB,KY,ASO,CE,Federal Contract Tower,2,7,1,2,12,0,0,4,0,4,2,7,5,2,16,0,0,0,16
12/04/2018,OWB,KY,ASO,CE,Federal Contract Tower,0,5,10,4,19,0,0,8,0,8,0,5,18,4,27,0,0,0,27
12/05/2018,OWB,KY,ASO,CE,Federal Contract Tower,0,9,9,0,18,0,0,14,0,14,0,9,23,0,32,4,0,4,36
12/06/2018,OWB,KY,ASO,CE,Federal Contract Tower,0,8,4,0,12,0,0,10,0,10,0,8,14,0,22,26,0,26,48
12/07/2018,OWB,KY,ASO,CE,Federal Contract Tower,2,9,9,0,20,0,0,5,0,5,2,9,14,0,25,0,0,0,25
12/08/2018,OWB,KY,ASO,CE,Federal Contract Tower,0,5,3,0,8,0,0,9,0,9,0,5,12,0,17,20,0,20,37
12/09/2018,OWB,KY,ASO,CE,Federal Contract Tower,0,9,4,0,13,0,0,15,2,17,0,9,19,2,30,22,0,22,52
12/10/2018,OWB,KY,ASO,CE,Federal Contract Tower,2,7,7,0,16,0,0,13,0,13,2,7,20,0,29,6,0,6,35
12/11/2018,OWB,KY,ASO,CE,Federal Contract Tower,0,12,12,2,26,0,0,22,2,24,0,12,34,4,50,26,0,26,76
12/12/2018,OWB,KY,ASO,CE,Federal Contract Tower,0,6,14,0,20,0,1,12,0,13,0,7,26,0,33,44,0,44,77
12/13/2018,OWB,KY,ASO,CE,Federal Contract Tower,0,6,8,0,14,0,0,1,6,7,0,6,9,6,21,0,0,0,21
12/14/2018,OWB,KY,ASO,CE,Federal Contract Tower,2,7,5,0,14,0,0,0,0,0,2,7,5,0,14,0,0,0,14
12/15/2018,OWB,KY,ASO,CE,Federal Contract Tower,0,6,11,0,17,0,0,0,0,0,0,6,11,0,17,0,0,0,17
12/16/2018,OWB,KY,ASO,CE,Federal Contract Tower,0,6,5,0,11,0,0,29,0,29,0,6,34,0,40,8,0,8,48
12/17/2018,OWB,KY,ASO,CE,Federal Contract Tower,2,5,11,0,18,0,0,36,2,38,2,5,47,2,56,6,0,6,62
12/18/2018,OWB,KY,ASO,CE,Federal Contract Tower,0,5,7,0,12,0,1,25,0,26,0,6,32,0,38,16,0,16,54
12/19/2018,OWB,KY,ASO,CE,Federal Contract Tower,0,5,8,0,13,0,1,16,0,17,0,6,24,0,30,22,0,22,52
12/20/2018,OWB,KY,ASO,CE,Federal Contract Tower,0,6,9,0,15,0,0,0,0,0,0,6,9,0,15,0,0,0,15
12/21/2018,OWB,KY,ASO,CE,Federal Contract Tower,2,8,4,0,14,0,0,0,0,0,2,8,4,0,14,0,0,0,14
12/22/2018,OWB,KY,ASO,CE,Federal Contract Tower,0,6,6,0,12,0,0,23,0,23,0,6,29,0,35,12,0,12,47
12/23/2018,OWB,KY,ASO,CE,Federal Contract Tower,0,6,5,0,11,0,0,0,0,0,0,6,5,0,11,0,0,0,11
12/24/2018,OWB,KY,ASO,CE,Federal Contract Tower,2,5,4,0,11,0,0,5,0,5,2,5,9,0,16,14,0,14,30
12/25/2018,OWB,KY,ASO,CE,Federal Contract Tower,0,6,0,0,6,0,0,12,0,12,0,6,12,0,18,8,0,8,26
12/26/2018,OWB,KY,ASO,CE,Federal Contract Tower,2,10,15,0,27,0,0,16,0,16,2,10,31,0,43,0,0,0,43
12/27/2018,OWB,KY,ASO,CE,Federal Contract Tower,0,8,2,0,10,0,0,0,0,0,0,8,2,0,10,0,0,0,10
12/28/2018,OWB,KY,ASO,CE,Federal Contract Tower,2,10,4,3,19,0,0,6,4,10,2,10,10,7,29,10,0,10,39
12/29/2018,OWB,KY,ASO,CE,Federal Contract Tower,0,8,8,0,16,0,0,22,0,22,0,8,30,0,38,28,0,28,66
12/30/2018,OWB,KY,ASO,CE,Federal Contract Tower,0,10,7,0,17,0,0,28,0,28,0,10,35,0,45,6,0,6,51
12/31/2018,OWB,KY,ASO,CE,Federal Contract Tower,2,4,1,0,7,0,0,0,0,0,2,4,1,0,7,0,0,0,7
01/01/2019,OWB,KY,ASO,CE,Federal Contract Tower,0,11,8,0,19,0,0,7,0,7,0,11,15,0,26,8,0,8,34
01/02/2019,OWB,KY,ASO,CE,Federal Contract Tower,2,13,9,4,28,0,0,1,0,1,2,13,10,4,29,0,0,0,29
01/03/2019,OWB,KY,ASO,CE,Federal Contract Tower,0,6,8,0,14,0,0,24,0,24,0,6,32,0,38,42,0,42,80
01/04/2019,OWB,KY,ASO,CE,Federal Contract Tower,2,5,0,0,7,0,0,0,0,0,2,5,0,0,7,0,0,0,7
01/05/2019,OWB,KY,ASO,CE,Federal Contract Tower,0,9,7,0,16,0,0,34,0,34,0,9,41,0,50,26,0,26,76
01/06/2019,OWB,KY,ASO,CE,Federal Contract Tower,0,7,1,0,8,0,1,50,0,51,0,8,51,0,59,12,0,12,71
01/07/2019,OWB,KY,ASO,CE,Federal Contract Tower,2,4,4,1,11,0,0,0,1,1,2,4,4,2,12,0,0,0,12
01/08/2019,OWB,KY,ASO,CE,Federal Contract Tower,0,4,2,2,8,0,2,1,2,5,0,6,3,4,13,0,0,0,13
01/09/2019,OWB,KY,ASO,CE,Federal Contract Tower,0,3,15,4,22,0,5,10,0,15,0,8,25,4,37,0,0,0,37
01/10/2019,OWB,KY,ASO,CE,Federal Contract Tower,0,9,26,3,38,0,0,38,5,43,0,9,64,8,81,50,0,50,131
01/11/2019,OWB,KY,ASO,CE,Federal Contract Tower,1,2,3,0,6,0,0,11,6,17,1,2,14,6,23,6,0,6,29
01/12/2019,OWB,KY,ASO,CE,Federal Contract Tower,0,2,0,0,2,0,0,0,0,0,0,2,0,0,2,0,0,0,2
01/13/2019,OWB,KY,ASO,CE,Federal Contract Tower,0,6,3,0,9,0,0,0,0,0,0,6,3,0,9,0,0,0,9
01/14/2019,OWB,KY,ASO,CE,Federal Contract Tower,2,7,7,0,16,0,0,0,0,0,2,7,7,0,16,0,0,0,16
01/15/2019,OWB,KY,ASO,CE,Federal Contract Tower,0,9,2,2,13,0,0,0,0,0,0,9,2,2,13,22,32,54,67
01/16/2019,OWB,KY,ASO,CE,Federal Contract Tower,0,7,18,4,29,0,0,3,0,3,0,7,21,4,32,24,12,36,68
01/17/2019,OWB,KY,ASO,CE,Federal Contract Tower,0,8,0,4,12,0,0,0,0,0,0,8,0,4,12,0,0,0,12
01/18/2019,OWB,KY,ASO,CE,Federal Contract Tower,2,6,5,0,13,0,0,2,0,2,2,6,7,0,15,16,0,16,31
01/19/2019,OWB,KY,ASO,CE,Federal Contract Tower,0,0,0,0,0,0,0,0,0,0,0,0,0,0,0,0,0,0,0
01/20/2019,OWB,KY,ASO,CE,Federal Contract Tower,0,8,1,0,9,0,0,0,0,0,0,8,1,0,9,0,0,0,9
01/21/2019,OWB,KY,ASO,CE,Federal Contract Tower,0,8,3,0,11,0,0,10,0,10,0,8,13,0,21,4,0,4,25
01/22/2019,OWB,KY,ASO,CE,Federal Contract Tower,0,8,1,1,10,0,0,10,2,12,0,8,11,3,22,0,0,0,22
01/23/2019,OWB,KY,ASO,CE,Federal Contract Tower,0,10,0,0,10,0,0,0,0,0,0,10,0,0,10,0,0,0,10
01/24/2019,OWB,KY,ASO,CE,Federal Contract Tower,0,7,2,0,9,0,0,18,5,23,0,7,20,5,32,34,0,34,66
01/25/2019,OWB,KY,ASO,CE,Federal Contract Tower,2,6,15,0,23,0,0,29,0,29,2,6,44,0,52,18,0,18,70
01/26/2019,OWB,KY,ASO,CE,Federal Contract Tower,0,7,3,0,10,0,0,22,0,22,0,7,25,0,32,12,0,12,44
01/27/2019,OWB,KY,ASO,CE,Federal Contract Tower,0,8,6,0,14,0,0,4,0,4,0,8,10,0,18,0,0,0,18
01/28/2019,OWB,KY,ASO,CE,Federal Contract Tower,2,8,5,0,15,0,0,13,0,13,2,8,18,0,28,2,0,2,30
01/29/2019,OWB,KY,ASO,CE,Federal Contract Tower,0,7,2,4,13,0,0,5,0,5,0,7,7,4,18,0,10,10,28
01/30/2019,OWB,KY,ASO,CE,Federal Contract Tower,0,8,3,2,13,0,0,1,0,1,0,8,4,2,14,4,0,4,18
01/31/2019,OWB,KY,ASO,CE,Federal Contract Tower,0,9,3,2,14,0,0,3,0,3,0,9,6,2,17,2,0,2,19
02/01/2019,OWB,KY,ASO,CE,Federal Contract Tower,2,8,7,4,21,0,0,8,0,8,2,8,15,4,29,10,0,10,39
02/02/2019,OWB,KY,ASO,CE,Federal Contract Tower,0,6,9,0,15,0,0,13,0,13,0,6,22,0,28,12,0,12,40
02/03/2019,OWB,KY,ASO,CE,Federal Contract Tower,0,6,15,2,23,0,1,37,12,50,0,7,52,14,73,16,2,18,91
02/04/2019,OWB,KY,ASO,CE,Federal Contract Tower,2,7,7,0,16,0,0,0,0,0,2,7,7,0,16,20,0,20,36
02/05/2019,OWB,KY,ASO,CE,Federal Contract Tower,0,9,9,0,18,0,0,0,0,0,0,9,9,0,18,0,0,0,18
02/06/2019,OWB,KY,ASO,CE,Federal Contract Tower,0,12,4,2,18,0,0,1,0,1,0,12,5,2,19,0,0,0,19
02/07/2019,OWB,KY,ASO,CE,Federal Contract Tower,0,5,2,0,7,0,0,0,0,0,0,5,2,0,7,0,0,0,7
02/08/2019,OWB,KY,ASO,CE,Federal Contract Tower,2,6,16,3,27,0,0,12,1,13,2,6,28,4,40,12,0,12,52
02/09/2019,OWB,KY,ASO,CE,Federal Contract Tower,0,8,5,0,13,0,4,62,0,66,0,12,67,0,79,38,0,38,117
02/10/2019,OWB,KY,ASO,CE,Federal Contract Tower,0,2,0,0,2,0,0,0,0,0,0,2,0,0,2,0,0,0,2
02/11/2019,OWB,KY,ASO,CE,Federal Contract Tower,2,5,4,0,11,0,0,0,0,0,2,5,4,0,11,0,0,0,11
02/12/2019,OWB,KY,ASO,CE,Federal Contract Tower,0,7,5,2,14,0,0,0,0,0,0,7,5,2,14,0,0,0,14
02/13/2019,OWB,KY,ASO,CE,Federal Contract Tower,0,5,10,4,19,0,1,18,3,22,0,6,28,7,41,22,2,24,65
02/14/2019,OWB,KY,ASO,CE,Federal Contract Tower,0,7,9,12,28,0,3,16,0,19,0,10,25,12,47,0,0,0,47
02/15/2019,OWB,KY,ASO,CE,Federal Contract Tower,2,4,5,0,11,0,0,7,0,7,2,4,12,0,18,0,0,0,18
02/17/2019,OWB,KY,ASO,CE,Federal Contract Tower,0,4,0,0,4,0,0,0,0,0,0,4,0,0,4,0,0,0,4
02/18/2019,OWB,KY,ASO,CE,Federal Contract Tower,2,6,1,0,9,0,0,0,0,0,2,6,1,0,9,0,0,0,9
02/19/2019,OWB,KY,ASO,CE,Federal Contract Tower,0,6,9,6,21,0,0,29,2,31,0,6,38,8,52,54,28,82,134
02/20/2019,OWB,KY,ASO,CE,Federal Contract Tower,0,6,9,0,15,0,0,0,0,0,0,6,9,0,15,0,0,0,15
02/21/2019,OWB,KY,ASO,CE,Federal Contract Tower,0,8,8,10,26,0,0,14,0,14,0,8,22,10,40,40,6,46,86
02/22/2019,OWB,KY,ASO,CE,Federal Contract Tower,2,8,7,0,17,0,0,6,0,6,2,8,13,0,23,0,0,0,23
02/23/2019,OWB,KY,ASO,CE,Federal Contract Tower,0,2,0,0,2,0,0,0,0,0,0,2,0,0,2,0,0,0,2
02/24/2019,OWB,KY,ASO,CE,Federal Contract Tower,0,4,1,0,5,0,0,5,0,5,0,4,6,0,10,0,0,0,10
02/25/2019,OWB,KY,ASO,CE,Federal Contract Tower,2,8,10,0,20,0,0,28,0,28,2,8,38,0,48,54,0,54,102
02/26/2019,OWB,KY,ASO,CE,Federal Contract Tower,0,6,11,12,29,0,0,46,0,46,0,6,57,12,75,32,8,40,115
02/27/2019,OWB,KY,ASO,CE,Federal Contract Tower,0,6,1,0,7,0,0,5,0,5,0,6,6,0,12,22,0,22,34
02/28/2019,OWB,KY,ASO,CE,Federal Contract Tower,0,4,12,0,16,0,0,0,0,0,0,4,12,0,16,0,0,0,16
03/01/2019,OWB,KY,ASO,CE,Federal Contract Tower,0,6,2,0,8,0,0,0,0,0,0,6,2,0,8,0,0,0,8
03/02/2019,OWB,KY,ASO,CE,Federal Contract Tower,0,8,2,0,10,0,0,2,0,2,0,8,4,0,12,31,0,31,43
03/03/2019,OWB,KY,ASO,CE,Federal Contract Tower,0,2,2,0,4,0,0,0,0,0,0,2,2,0,4,0,0,0,4
03/04/2019,OWB,KY,ASO,CE,Federal Contract Tower,2,7,4,0,13,0,0,24,0,24,2,7,28,0,37,12,0,12,49
03/05/2019,OWB,KY,ASO,CE,Federal Contract Tower,0,8,1,0,9,0,0,8,0,8,0,8,9,0,17,0,0,0,17
03/06/2019,OWB,KY,ASO,CE,Federal Contract Tower,0,6,19,3,28,0,2,29,11,42,0,8,48,14,70,18,4,22,92
03/07/2019,OWB,KY,ASO,CE,Federal Contract Tower,0,6,8,3,17,0,0,12,2,14,0,6,20,5,31,4,20,24,55
03/08/2019,OWB,KY,ASO,CE,Federal Contract Tower,2,8,8,0,18,0,0,0,0,0,2,8,8,0,18,0,0,0,18
03/09/2019,OWB,KY,ASO,CE,Federal Contract Tower,0,0,2,0,2,0,0,0,0,0,0,0,2,0,2,0,0,0,2
03/10/2019,OWB,KY,ASO,CE,Federal Contract Tower,0,8,4,0,12,0,0,14,0,14,0,8,18,0,26,6,0,6,32
03/11/2019,OWB,KY,ASO,CE,Federal Contract Tower,1,8,5,3,17,0,0,30,4,34,1,8,35,7,51,10,0,10,61
03/12/2019,OWB,KY,ASO,CE,Federal Contract Tower,0,6,22,4,32,0,0,25,0,25,0,6,47,4,57,22,4,26,83
03/13/2019,OWB,KY,ASO,CE,Federal Contract Tower,0,7,5,4,16,0,1,17,0,18,0,8,22,4,34,0,0,0,34
03/14/2019,OWB,KY,ASO,CE,Federal Contract Tower,0,4,2,0,6,0,0,0,0,0,0,4,2,0,6,0,0,0,6
03/15/2019,OWB,KY,ASO,CE,Federal Contract Tower,2,5,10,0,17,0,0,15,0,15,2,5,25,0,32,0,0,0,32
03/16/2019,OWB,KY,ASO,CE,Federal Contract Tower,0,6,7,0,13,0,0,53,0,53,0,6,60,0,66,36,0,36,102
03/17/2019,OWB,KY,ASO,CE,Federal Contract Tower,0,7,0,0,7,0,0,14,0,14,0,7,14,0,21,0,0,0,21
03/18/2019,OWB,KY,ASO,CE,Federal Contract Tower,2,4,5,4,15,0,4,33,0,37,2,8,38,4,52,48,4,52,104
03/19/2019,OWB,KY,ASO,CE,Federal Contract Tower,0,15,5,5,25,0,5,41,2,48,0,20,46,7,73,28,0,28,101
03/20/2019,OWB,KY,ASO,CE,Federal Contract Tower,0,6,1,3,10,0,0,7,2,9,0,6,8,5,19,0,0,0,19
03/21/2019,OWB,KY,ASO,CE,Federal Contract Tower,0,9,3,7,19,0,0,9,3,12,0,9,12,10,31,0,12,12,43
03/22/2019,OWB,KY,ASO,CE,Federal Contract Tower,2,6,10,2,20,0,1,12,0,13,2,7,22,2,33,8,0,8,41
03/23/2019,OWB,KY,ASO,CE,Federal Contract Tower,0,8,6,0,14,0,0,48,0,48,0,8,54,0,62,36,0,36,98
03/24/2019,OWB,KY,ASO,CE,Federal Contract Tower,0,5,1,0,6,0,0,0,0,0,0,5,1,0,6,0,0,0,6
03/25/2019,OWB,KY,ASO,CE,Federal Contract Tower,2,7,7,0,16,0,0,0,0,0,2,7,7,0,16,0,0,0,16
03/26/2019,OWB,KY,ASO,CE,Federal Contract Tower,0,5,22,3,30,0,1,28,3,32,0,6,50,6,62,12,2,14,76
03/27/2019,OWB,KY,ASO,CE,Federal Contract Tower,2,5,13,2,22,0,1,17,0,18,2,6,30,2,40,14,0,14,54
03/28/2019,OWB,KY,ASO,CE,Federal Contract Tower,0,7,5,4,16,0,1,23,0,24,0,8,28,4,40,6,8,14,54
03/29/2019,OWB,KY,ASO,CE,Federal Contract Tower,2,6,13,0,21,0,0,2,0,2,2,6,15,0,23,0,0,0,23
03/30/2019,OWB,KY,ASO,CE,Federal Contract Tower,0,6,15,0,21,0,0,0,0,0,0,6,15,0,21,0,0,0,21
03/31/2019,OWB,KY,ASO,CE,Federal Contract Tower,0,8,9,2,19,0,1,23,0,24,0,9,32,2,43,4,12,16,59
04/01/2019,OWB,KY,ASO,CE,Federal Contract Tower,2,8,5,6,21,0,2,9,0,11,2,10,14,6,32,10,0,10,42
04/02/2019,OWB,KY,ASO,CE,Federal Contract Tower,0,3,4,2,9,0,3,20,0,23,0,6,24,2,32,24,0,24,56
04/03/2019,OWB,KY,ASO,CE,Federal Contract Tower,0,6,20,2,28,0,0,31,0,31,0,6,51,2,59,26,0,26,85
04/04/2019,OWB,KY,ASO,CE,Federal Contract Tower,0,4,6,4,14,0,2,9,6,17,0,6,15,10,31,16,22,38,69
04/05/2019,OWB,KY,ASO,CE,Federal Contract Tower,2,8,8,0,18,0,0,14,0,14,2,8,22,0,32,8,0,8,40
04/06/2019,OWB,KY,ASO,CE,Federal Contract Tower,0,8,7,0,15,0,0,18,0,18,0,8,25,0,33,16,0,16,49
04/07/2019,OWB,KY,ASO,CE,Federal Contract Tower,0,5,5,0,10,0,2,0,0,2,0,7,5,0,12,0,0,0,12
04/08/2019,OWB,KY,ASO,CE,Federal Contract Tower,2,7,7,2,18,0,0,18,0,18,2,7,25,2,36,8,0,8,44
04/09/2019,OWB,KY,ASO,CE,Federal Contract Tower,0,4,4,7,15,0,2,26,7,35,0,6,30,14,50,46,24,70,120
04/10/2019,OWB,KY,ASO,CE,Federal Contract Tower,0,10,8,2,20,0,1,30,1,32,0,11,38,3,52,14,14,28,80
04/11/2019,OWB,KY,ASO,CE,Federal Contract Tower,0,4,13,0,17,0,2,2,0,4,0,6,15,0,21,0,0,0,21
04/12/2019,OWB,KY,ASO,CE,Federal Contract Tower,2,6,8,2,18,0,1,12,5,18,2,7,20,7,36,8,2,10,46
04/13/2019,OWB,KY,ASO,CE,Federal Contract Tower,0,6,5,0,11,0,0,37,0,37,0,6,42,0,48,18,0,18,66
04/14/2019,OWB,KY,ASO,CE,Federal Contract Tower,0,6,1,0,7,0,0,2,0,2,0,6,3,0,9,0,0,0,9
04/15/2019,OWB,KY,ASO,CE,Federal Contract Tower,2,8,14,1,25,0,1,20,1,22,2,9,34,2,47,22,0,22,69
04/16/2019,OWB,KY,ASO,CE,Federal Contract Tower,0,4,10,2,16,0,4,14,0,18,0,8,24,2,34,2,12,14,48
04/17/2019,OWB,KY,ASO,CE,Federal Contract Tower,0,6,11,4,21,0,0,16,11,27,0,6,27,15,48,12,16,28,76
04/18/2019,OWB,KY,ASO,CE,Federal Contract Tower,0,10,6,0,16,0,0,0,0,0,0,10,6,0,16,0,0,0,16
04/19/2019,OWB,KY,ASO,CE,Federal Contract Tower,2,6,1,0,9,0,0,0,0,0,2,6,1,0,9,0,0,0,9
04/20/2019,OWB,KY,ASO,CE,Federal Contract Tower,0,7,4,0,11,0,0,6,0,6,0,7,10,0,17,8,0,8,25
04/21/2019,OWB,KY,ASO,CE,Federal Contract Tower,0,6,7,0,13,0,1,31,0,32,0,7,38,0,45,14,0,14,59
04/22/2019,OWB,KY,ASO,CE,Federal Contract Tower,2,6,12,0,20,0,0,8,0,8,2,6,20,0,28,8,0,8,36
04/23/2019,OWB,KY,ASO,CE,Federal Contract Tower,0,7,17,0,24,0,0,15,0,15,0,7,32,0,39,4,0,4,43
04/24/2019,OWB,KY,ASO,CE,Federal Contract Tower,0,4,7,6,17,0,2,7,4,13,0,6,14,10,30,22,16,38,68
04/25/2019,OWB,KY,ASO,CE,Federal Contract Tower,0,5,15,0,20,0,1,2,4,7,0,6,17,4,27,0,0,0,27
04/26/2019,OWB,KY,ASO,CE,Federal Contract Tower,2,11,2,0,15,0,1,3,0,4,2,12,5,0,19,10,0,10,29
04/27/2019,OWB,KY,ASO,CE,Federal Contract Tower,0,7,4,0,11,0,0,13,0,13,0,7,17,0,24,6,0,6,30
04/28/2019,OWB,KY,ASO,CE,Federal Contract Tower,0,6,14,0,20,0,0,19,0,19,0,6,33,0,39,2,0,2,41
04/29/2019,OWB,KY,ASO,CE,Federal Contract Tower,2,12,8,5,27,0,0,14,3,17,2,12,22,8,44,16,0,16,60
04/30/2019,OWB,KY,ASO,CE,Federal Contract Tower,0,5,10,4,19,0,0,8,4,12,0,5,18,8,31,16,20,36,67
05/01/2019,OWB,KY,ASO,CE,Federal Contract Tower,0,6,7,2,15,0,1,6,4,11,0,7,13,6,26,0,4,4,30
05/02/2019,OWB,KY,ASO,CE,Federal Contract Tower,0,7,6,0,13,0,1,15,2,18,0,8,21,2,31,16,0,16,47
05/03/2019,OWB,KY,ASO,CE,Federal Contract Tower,2,6,16,0,24,0,0,11,0,11,2,6,27,0,35,12,0,12,47
05/04/2019,OWB,KY,ASO,CE,Federal Contract Tower,0,5,3,0,8,0,0,2,0,2,0,5,5,0,10,0,0,0,10
05/05/2019,OWB,KY,ASO,CE,Federal Contract Tower,0,5,9,1,15,0,0,29,2,31,0,5,38,3,46,2,0,2,48
05/06/2019,OWB,KY,ASO,CE,Federal Contract Tower,2,4,13,2,21,0,2,24,0,26,2,6,37,2,47,20,0,20,67
05/07/2019,OWB,KY,ASO,CE,Federal Contract Tower,0,8,5,0,13,0,1,40,0,41,0,9,45,0,54,30,0,30,84
05/08/2019,OWB,KY,ASO,CE,Federal Contract Tower,0,4,13,8,25,0,2,17,2,21,0,6,30,10,46,18,0,18,64
05/09/2019,OWB,KY,ASO,CE,Federal Contract Tower,0,7,3,2,12,0,0,0,0,0,0,7,3,2,12,0,0,0,12
05/10/2019,OWB,KY,ASO,CE,Federal Contract Tower,2,7,9,4,22,0,0,0,5,5,2,7,9,9,27,20,16,36,63
05/11/2019,OWB,KY,ASO,CE,Federal Contract Tower,0,6,4,0,10,0,0,1,0,1,0,6,5,0,11,0,0,0,11
05/12/2019,OWB,KY,ASO,CE,Federal Contract Tower,0,5,2,0,7,0,0,0,0,0,0,5,2,0,7,0,0,0,7
05/13/2019,OWB,KY,ASO,CE,Federal Contract Tower,2,8,8,8,26,0,4,6,0,10,2,12,14,8,36,16,0,16,52
05/14/2019,OWB,KY,ASO,CE,Federal Contract Tower,0,5,9,2,16,0,1,25,2,28,0,6,34,4,44,32,0,32,76
05/15/2019,OWB,KY,ASO,CE,Federal Contract Tower,0,7,8,6,21,0,0,12,2,14,0,7,20,8,35,2,2,4,39
05/16/2019,OWB,KY,ASO,CE,Federal Contract Tower,0,3,10,4,17,0,1,36,0,37,0,4,46,4,54,30,0,30,84
05/17/2019,OWB,KY,ASO,CE,Federal Contract Tower,2,7,7,2,18,0,4,18,0,22,2,11,25,2,40,12,0,12,52
05/18/2019,OWB,KY,ASO,CE,Federal Contract Tower,0,5,4,0,9,0,2,33,0,35,0,7,37,0,44,6,0,6,50
05/19/2019,OWB,KY,ASO,CE,Federal Contract Tower,0,7,1,0,8,0,0,2,0,2,0,7,3,0,10,0,0,0,10
05/20/2019,OWB,KY,ASO,CE,Federal Contract Tower,2,6,20,6,34,0,0,21,0,21,2,6,41,6,55,14,0,14,69
05/21/2019,OWB,KY,ASO,CE,Federal Contract Tower,0,8,6,5,19,0,0,9,1,10,0,8,15,6,29,4,0,4,33
05/22/2019,OWB,KY,ASO,CE,Federal Contract Tower,2,8,6,0,16,0,0,12,4,16,2,8,18,4,32,8,0,8,40
05/23/2019,OWB,KY,ASO,CE,Federal Contract Tower,0,6,10,0,16,0,2,13,0,15,0,8,23,0,31,0,0,0,31
05/24/2019,OWB,KY,ASO,CE,Federal Contract Tower,2,7,10,1,20,0,1,21,0,22,2,8,31,1,42,0,4,4,46
05/25/2019,OWB,KY,ASO,CE,Federal Contract Tower,0,5,3,0,8,0,0,10,0,10,0,5,13,0,18,18,0,18,36
05/26/2019,OWB,KY,ASO,CE,Federal Contract Tower,0,6,5,0,11,0,0,8,0,8,0,6,13,0,19,0,0,0,19
05/27/2019,OWB,KY,ASO,CE,Federal Contract Tower,2,8,9,0,19,0,0,22,0,22,2,8,31,0,41,40,0,40,81
05/28/2019,OWB,KY,ASO,CE,Federal Contract Tower,0,6,5,2,13,0,1,20,0,21,0,7,25,2,34,40,0,40,74
05/29/2019,OWB,KY,ASO,CE,Federal Contract Tower,2,8,8,2,20,0,0,14,0,14,2,8,22,2,34,22,10,32,66
05/30/2019,OWB,KY,ASO,CE,Federal Contract Tower,0,7,10,2,19,0,0,8,0,8,0,7,18,2,27,4,0,4,31
05/31/2019,OWB,KY,ASO,CE,Federal Contract Tower,2,4,6,4,16,0,2,20,0,22,2,6,26,4,38,12,16,28,66
06/01/2019,OWB,KY,ASO,CE,Federal Contract Tower,0,8,6,0,14,0,3,44,6,53,0,11,50,6,67,6,0,6,73
06/02/2019,OWB,KY,ASO,CE,Federal Contract Tower,0,7,8,0,15,0,1,17,0,18,0,8,25,0,33,8,0,8,41
06/03/2019,OWB,KY,ASO,CE,Federal Contract Tower,2,6,6,5,19,0,0,14,1,15,2,6,20,6,34,36,0,36,70
06/04/2019,OWB,KY,ASO,CE,Federal Contract Tower,0,7,7,0,14,0,0,21,4,25,0,7,28,4,39,16,0,16,55
06/05/2019,OWB,KY,ASO,CE,Federal Contract Tower,2,10,6,0,18,0,0,4,2,6,2,10,10,2,24,0,0,0,24
06/06/2019,OWB,KY,ASO,CE,Federal Contract Tower,0,8,3,0,11,0,0,3,0,3,0,8,6,0,14,10,0,10,24
06/07/2019,OWB,KY,ASO,CE,Federal Contract Tower,2,9,4,1,16,0,0,0,0,0,2,9,4,1,16,0,0,0,16
06/08/2019,OWB,KY,ASO,CE,Federal Contract Tower,0,7,2,0,9,0,1,0,0,1,0,8,2,0,10,0,0,0,10
06/09/2019,OWB,KY,ASO,CE,Federal Contract Tower,0,8,4,5,17,0,0,14,1,15,0,8,18,6,32,24,0,24,56
06/10/2019,OWB,KY,ASO,CE,Federal Contract Tower,2,5,8,5,20,0,0,12,5,17,2,5,20,10,37,22,24,46,83
06/11/2019,OWB,KY,ASO,CE,Federal Contract Tower,0,5,4,7,16,0,1,38,0,39,0,6,42,7,55,42,0,42,97
06/12/2019,OWB,KY,ASO,CE,Federal Contract Tower,0,5,8,9,22,0,1,11,1,13,0,6,19,10,35,10,0,10,45
06/13/2019,OWB,KY,ASO,CE,Federal Contract Tower,0,8,5,3,16,0,3,14,5,22,0,11,19,8,38,14,0,14,52
06/14/2019,OWB,KY,ASO,CE,Federal Contract Tower,2,3,10,5,20,0,3,36,9,48,2,6,46,14,68,46,2,48,116
06/15/2019,OWB,KY,ASO,CE,Federal Contract Tower,0,6,4,0,10,0,4,3,0,7,0,10,7,0,17,0,0,0,17
06/16/2019,OWB,KY,ASO,CE,Federal Contract Tower,0,5,3,0,8,0,0,3,0,3,0,5,6,0,11,0,0,0,11
06/17/2019,OWB,KY,ASO,CE,Federal Contract Tower,2,10,0,9,21,0,0,9,6,15,2,10,9,15,36,0,0,0,36
06/18/2019,OWB,KY,ASO,CE,Federal Contract Tower,0,6,1,2,9,0,0,1,0,1,0,6,2,2,10,2,0,2,12
06/19/2019,OWB,KY,ASO,CE,Federal Contract Tower,2,8,5,8,23,0,0,7,4,11,2,8,12,12,34,4,10,14,48
06/20/2019,OWB,KY,ASO,CE,Federal Contract Tower,0,5,10,7,22,0,1,33,1,35,0,6,43,8,57,0,0,0,57
06/21/2019,OWB,KY,ASO,CE,Federal Contract Tower,2,6,11,3,22,0,2,59,1,62,2,8,70,4,84,8,10,18,102
06/22/2019,OWB,KY,ASO,CE,Federal Contract Tower,0,5,0,0,5,0,1,4,0,5,0,6,4,0,10,6,0,6,16
06/23/2019,OWB,KY,ASO,CE,Federal Contract Tower,0,6,6,0,12,0,0,6,0,6,0,6,12,0,18,10,0,10,28
06/24/2019,OWB,KY,ASO,CE,Federal Contract Tower,2,6,12,2,22,0,0,23,0,23,2,6,35,2,45,12,0,12,57
06/25/2019,OWB,KY,ASO,CE,Federal Contract Tower,0,9,10,6,25,0,1,84,2,87,0,10,94,8,112,10,2,12,124
06/26/2019,OWB,KY,ASO,CE,Federal Contract Tower,2,3,7,2,14,0,0,65,0,65,2,3,72,2,79,12,0,12,91
06/27/2019,OWB,KY,ASO,CE,Federal Contract Tower,0,6,8,2,16,0,1,42,2,45,0,7,50,4,61,38,0,38,99
06/28/2019,OWB,KY,ASO,CE,Federal Contract Tower,2,5,11,0,18,0,1,72,0,73,2,6,83,0,91,24,0,24,115
06/29/2019,OWB,KY,ASO,CE,Federal Contract Tower,0,5,4,0,9,0,1,58,0,59,0,6,62,0,68,22,0,22,90
06/30/2019,OWB,KY,ASO,CE,Federal Contract Tower,0,7,4,0,11,0,1,15,0,16,0,8,19,0,27,0,0,0,27
07/01/2019,OWB,KY,ASO,CE,Federal Contract Tower,2,7,13,2,24,0,0,64,0,64,2,7,77,2,88,4,0,4,92
07/02/2019,OWB,KY,ASO,CE,Federal Contract Tower,0,7,5,6,18,0,1,15,3,19,0,8,20,9,37,4,0,4,41
07/03/2019,OWB,KY,ASO,CE,Federal Contract Tower,2,5,8,4,19,0,0,10,0,10,2,5,18,4,29,0,0,0,29
07/04/2019,OWB,KY,ASO,CE,Federal Contract Tower,0,7,0,0,7,0,0,19,1,20,0,7,19,1,27,4,0,4,31
07/05/2019,OWB,KY,ASO,CE,Federal Contract Tower,2,6,7,0,15,0,0,29,0,29,2,6,36,0,44,0,0,0,44
07/06/2019,OWB,KY,ASO,CE,Federal Contract Tower,0,6,0,0,6,0,0,4,0,4,0,6,4,0,10,0,0,0,10
07/07/2019,OWB,KY,ASO,CE,Federal Contract Tower,0,6,9,0,15,0,2,7,0,9,0,8,16,0,24,0,0,0,24
07/08/2019,OWB,KY,ASO,CE,Federal Contract Tower,2,5,13,7,27,0,0,13,1,14,2,5,26,8,41,4,0,4,45
07/09/2019,OWB,KY,ASO,CE,Federal Contract Tower,0,6,9,4,19,0,0,21,0,21,0,6,30,4,40,12,22,34,74
07/10/2019,OWB,KY,ASO,CE,Federal Contract Tower,2,5,11,2,20,0,0,19,0,19,2,5,30,2,39,20,0,20,59
07/11/2019,OWB,KY,ASO,CE,Federal Contract Tower,0,8,14,5,27,0,0,22,1,23,0,8,36,6,50,2,14,16,66
07/12/2019,OWB,KY,ASO,CE,Federal Contract Tower,2,7,1,5,15,0,1,20,7,28,2,8,21,12,43,10,0,10,53
07/13/2019,OWB,KY,ASO,CE,Federal Contract Tower,0,6,5,0,11,0,1,28,0,29,0,7,33,0,40,10,0,10,50
07/14/2019,OWB,KY,ASO,CE,Federal Contract Tower,0,6,9,0,15,0,0,19,0,19,0,6,28,0,34,10,0,10,44
07/15/2019,OWB,KY,ASO,CE,Federal Contract Tower,2,6,4,6,18,0,0,6,0,6,2,6,10,6,24,8,0,8,32
07/16/2019,OWB,KY,ASO,CE,Federal Contract Tower,0,7,6,0,13,0,0,7,0,7,0,7,13,0,20,0,0,0,20
07/17/2019,OWB,KY,ASO,CE,Federal Contract Tower,2,9,17,6,34,0,0,4,3,7,2,9,21,9,41,12,0,12,53
07/18/2019,OWB,KY,ASO,CE,Federal Contract Tower,0,8,5,4,17,0,1,19,0,20,0,9,24,4,37,10,0,10,47
07/19/2019,OWB,KY,ASO,CE,Federal Contract Tower,2,7,13,6,28,0,1,25,0,26,2,8,38,6,54,2,0,2,56
07/20/2019,OWB,KY,ASO,CE,Federal Contract Tower,0,3,9,0,12,0,2,55,0,57,0,5,64,0,69,18,0,18,87
07/21/2019,OWB,KY,ASO,CE,Federal Contract Tower,0,4,6,0,10,0,0,18,0,18,0,4,24,0,28,0,0,0,28
07/22/2019,OWB,KY,ASO,CE,Federal Contract Tower,2,6,7,0,15,0,1,0,0,1,2,7,7,0,16,0,0,0,16
07/23/2019,OWB,KY,ASO,CE,Federal Contract Tower,0,8,15,3,26,0,0,38,1,39,0,8,53,4,65,4,0,4,69
07/24/2019,OWB,KY,ASO,CE,Federal Contract Tower,2,7,6,2,17,0,1,11,0,12,2,8,17,2,29,2,0,2,31
07/25/2019,OWB,KY,ASO,CE,Federal Contract Tower,0,5,10,2,17,0,0,37,6,43,0,5,47,8,60,2,0,2,62
07/26/2019,OWB,KY,ASO,CE,Federal Contract Tower,6,9,3,4,22,0,5,23,1,29,6,14,26,5,51,8,14,22,73
07/27/2019,OWB,KY,ASO,CE,Federal Contract Tower,0,5,6,0,11,0,0,30,0,30,0,5,36,0,41,28,0,28,69
07/28/2019,OWB,KY,ASO,CE,Federal Contract Tower,0,6,7,0,13,0,1,35,0,36,0,7,42,0,49,8,0,8,57
07/29/2019,OWB,KY,ASO,CE,Federal Contract Tower,2,4,2,7,15,0,2,17,0,19,2,6,19,7,34,2,0,2,36
07/30/2019,OWB,KY,ASO,CE,Federal Contract Tower,0,6,5,0,11,0,0,8,2,10,0,6,13,2,21,0,0,0,21
07/31/2019,OWB,KY,ASO,CE,Federal Contract Tower,0,6,11,12,29,0,0,39,2,41,0,6,50,14,70,14,0,14,84
08/01/2019,OWB,KY,ASO,CE,Federal Contract Tower,0,6,7,2,15,0,1,15,10,26,0,7,22,12,41,22,0,22,63
08/02/2019,OWB,KY,ASO,CE,Federal Contract Tower,2,7,12,0,21,0,1,17,0,18,2,8,29,0,39,0,0,0,39
08/03/2019,OWB,KY,ASO,CE,Federal Contract Tower,0,6,6,0,12,0,2,30,0,32,0,8,36,0,44,8,6,14,58
08/04/2019,OWB,KY,ASO,CE,Federal Contract Tower,0,5,11,0,16,0,1,20,0,21,0,6,31,0,37,0,0,0,37
08/05/2019,OWB,KY,ASO,CE,Federal Contract Tower,2,9,2,8,21,0,1,15,7,23,2,10,17,15,44,12,0,12,56
08/06/2019,OWB,KY,ASO,CE,Federal Contract Tower,0,5,6,2,13,0,2,7,0,9,0,7,13,2,22,0,0,0,22
08/07/2019,OWB,KY,ASO,CE,Federal Contract Tower,0,6,9,0,15,0,0,8,0,8,0,6,17,0,23,0,0,0,23
08/08/2019,OWB,KY,ASO,CE,Federal Contract Tower,0,6,5,4,15,0,2,8,4,14,0,8,13,8,29,0,0,0,29
08/09/2019,OWB,KY,ASO,CE,Federal Contract Tower,0,5,2,0,7,0,1,14,0,15,0,6,16,0,22,44,0,44,66
08/10/2019,OWB,KY,ASO,CE,Federal Contract Tower,0,4,0,3,7,0,1,32,0,33,0,5,32,3,40,10,14,24,64
08/11/2019,OWB,KY,ASO,CE,Federal Contract Tower,0,3,15,0,18,0,3,16,0,19,0,6,31,0,37,0,0,0,37
08/12/2019,OWB,KY,ASO,CE,Federal Contract Tower,0,7,4,2,13,0,0,15,2,17,0,7,19,4,30,40,0,40,70
08/13/2019,OWB,KY,ASO,CE,Federal Contract Tower,0,5,2,2,9,0,2,8,2,12,0,7,10,4,21,6,0,6,27
08/14/2019,OWB,KY,ASO,CE,Federal Contract Tower,0,7,18,3,28,0,1,7,1,9,0,8,25,4,37,26,0,26,63
08/15/2019,OWB,KY,ASO,CE,Federal Contract Tower,0,6,16,4,26,0,0,14,3,17,0,6,30,7,43,22,0,22,65
08/16/2019,OWB,KY,ASO,CE,Federal Contract Tower,0,9,14,6,29,0,0,27,0,27,0,9,41,6,56,2,0,2,58
08/17/2019,OWB,KY,ASO,CE,Federal Contract Tower,0,5,5,0,10,0,1,34,0,35,0,6,39,0,45,26,0,26,71
08/18/2019,OWB,KY,ASO,CE,Federal Contract Tower,0,7,4,0,11,0,0,16,0,16,0,7,20,0,27,2,0,2,29
08/19/2019,OWB,KY,ASO,CE,Federal Contract Tower,0,8,15,0,23,0,0,20,0,20,0,8,35,0,43,22,0,22,65
08/20/2019,OWB,KY,ASO,CE,Federal Contract Tower,0,6,3,0,9,0,0,8,0,8,0,6,11,0,17,6,0,6,23
08/21/2019,OWB,KY,ASO,CE,Federal Contract Tower,0,10,9,17,36,0,1,17,3,21,0,11,26,20,57,12,0,12,69
08/22/2019,OWB,KY,ASO,CE,Federal Contract Tower,0,12,3,6,21,0,0,3,0,3,0,12,6,6,24,0,0,0,24
08/23/2019,OWB,KY,ASO,CE,Federal Contract Tower,0,5,11,2,18,0,1,6,0,7,0,6,17,2,25,0,0,0,25
08/24/2019,OWB,KY,ASO,CE,Federal Contract Tower,0,4,1,0,5,0,4,33,0,37,0,8,34,0,42,8,0,8,50
08/25/2019,OWB,KY,ASO,CE,Federal Contract Tower,0,6,5,0,11,0,0,7,0,7,0,6,12,0,18,0,0,0,18
08/26/2019,OWB,KY,ASO,CE,Federal Contract Tower,0,7,6,2,15,0,0,16,0,16,0,7,22,2,31,16,0,16,47
08/27/2019,OWB,KY,ASO,CE,Federal Contract Tower,0,12,14,5,31,0,0,5,1,6,0,12,19,6,37,0,0,0,37
08/28/2019,OWB,KY,ASO,CE,Federal Contract Tower,0,5,11,7,23,0,1,28,0,29,0,6,39,7,52,24,0,24,76
08/29/2019,OWB,KY,ASO,CE,Federal Contract Tower,0,10,9,4,23,0,2,25,0,27,0,12,34,4,50,4,0,4,54
08/30/2019,OWB,KY,ASO,CE,Federal Contract Tower,0,6,6,0,12,0,5,40,0,45,0,11,46,0,57,28,0,28,85
08/31/2019,OWB,KY,ASO,CE,Federal Contract Tower,0,6,6,2,14,0,0,27,4,31,0,6,33,6,45,10,2,12,57
09/01/2019,OWB,KY,ASO,CE,Federal Contract Tower,0,5,3,0,8,0,1,26,0,27,0,6,29,0,35,4,0,4,39
09/02/2019,OWB,KY,ASO,CE,Federal Contract Tower,0,7,6,0,13,0,0,27,0,27,0,7,33,0,40,6,0,6,46
09/03/2019,OWB,KY,ASO,CE,Federal Contract Tower,0,4,6,10,20,0,3,12,3,18,0,7,18,13,38,6,8,14,52
09/04/2019,OWB,KY,ASO,CE,Federal Contract Tower,0,8,6,4,18,0,0,22,0,22,0,8,28,4,40,28,0,28,68
09/05/2019,OWB,KY,ASO,CE,Federal Contract Tower,0,11,3,5,19,0,1,34,1,36,0,12,37,6,55,4,10,14,69
09/06/2019,OWB,KY,ASO,CE,Federal Contract Tower,0,7,10,3,20,0,2,16,0,18,0,9,26,3,38,16,0,16,54
09/07/2019,OWB,KY,ASO,CE,Federal Contract Tower,0,7,3,0,10,0,1,22,0,23,0,8,25,0,33,4,0,4,37
09/08/2019,OWB,KY,ASO,CE,Federal Contract Tower,0,4,4,0,8,0,1,37,0,38,0,5,41,0,46,32,0,32,78
09/09/2019,OWB,KY,ASO,CE,Federal Contract Tower,0,7,6,4,17,0,1,36,0,37,0,8,42,4,54,0,0,0,54
09/10/2019,OWB,KY,ASO,CE,Federal Contract Tower,0,10,1,6,17,0,0,13,2,15,0,10,14,8,32,10,18,28,60
09/11/2019,OWB,KY,ASO,CE,Federal Contract Tower,0,4,8,7,19,0,2,12,3,17,0,6,20,10,36,6,8,14,50
09/12/2019,OWB,KY,ASO,CE,Federal Contract Tower,0,6,14,1,21,0,1,76,0,77,0,7,90,1,98,8,0,8,106
09/13/2019,OWB,KY,ASO,CE,Federal Contract Tower,0,4,5,3,12,0,0,32,3,35,0,4,37,6,47,0,0,0,47
09/14/2019,OWB,KY,ASO,CE,Federal Contract Tower,0,6,1,0,7,0,0,69,12,81,0,6,70,12,88,26,0,26,114
09/15/2019,OWB,KY,ASO,CE,Federal Contract Tower,0,6,3,2,11,0,0,107,3,110,0,6,110,5,121,0,0,0,121
09/16/2019,OWB,KY,ASO,CE,Federal Contract Tower,0,8,7,8,23,0,0,6,7,13,0,8,13,15,36,0,18,18,54
09/17/2019,OWB,KY,ASO,CE,Federal Contract Tower,0,6,20,6,32,0,1,27,7,35,0,7,47,13,67,16,26,42,109
09/18/2019,OWB,KY,ASO,CE,Federal Contract Tower,0,6,8,6,20,0,6,11,0,17,0,12,19,6,37,12,0,12,49
09/19/2019,OWB,KY,ASO,CE,Federal Contract Tower,0,4,14,4,22,0,2,20,0,22,0,6,34,4,44,16,0,16,60
09/20/2019,OWB,KY,ASO,CE,Federal Contract Tower,0,10,11,0,21,0,0,20,0,20,0,10,31,0,41,0,0,0,41
09/21/2019,OWB,KY,ASO,CE,Federal Contract Tower,0,7,3,0,10,0,1,63,0,64,0,8,66,0,74,2,0,2,76
09/22/2019,OWB,KY,ASO,CE,Federal Contract Tower,0,6,8,0,14,0,0,6,0,6,0,6,14,0,20,0,0,0,20
09/23/2019,OWB,KY,ASO,CE,Federal Contract Tower,0,10,10,0,20,0,1,5,0,6,0,11,15,0,26,0,0,0,26
09/24/2019,OWB,KY,ASO,CE,Federal Contract Tower,0,7,6,17,30,0,3,23,6,32,0,10,29,23,62,4,6,10,72
09/25/2019,OWB,KY,ASO,CE,Federal Contract Tower,0,10,16,4,30,0,0,8,0,8,0,10,24,4,38,0,6,6,44
09/26/2019,OWB,KY,ASO,CE,Federal Contract Tower,0,7,6,6,19,0,3,28,0,31,0,10,34,6,50,2,10,12,62
09/27/2019,OWB,KY,ASO,CE,Federal Contract Tower,0,8,11,0,19,0,0,12,0,12,0,8,23,0,31,8,0,8,39
09/28/2019,OWB,KY,ASO,CE,Federal Contract Tower,0,6,7,0,13,0,0,33,0,33,0,6,40,0,46,6,0,6,52
09/29/2019,OWB,KY,ASO,CE,Federal Contract Tower,0,6,4,0,10,0,1,18,0,19,0,7,22,0,29,2,0,2,31
09/30/2019,OWB,KY,ASO,CE,Federal Contract Tower,0,8,10,2,20,0,0,20,0,20,0,8,30,2,40,8,0,8,48
10/01/2019,OWB,KY,ASO,CE,Federal Contract Tower,0,8,8,0,16,0,0,13,2,15,0,8,21,2,31,8,0,8,39
10/02/2019,OWB,KY,ASO,CE,Federal Contract Tower,2,4,4,8,18,0,2,29,2,33,2,6,33,10,51,40,0,40,91
10/03/2019,OWB,KY,ASO,CE,Federal Contract Tower,0,7,13,2,22,0,0,18,0,18,0,7,31,2,40,4,0,4,44
10/04/2019,OWB,KY,ASO,CE,Federal Contract Tower,2,6,8,2,18,0,2,11,0,13,2,8,19,2,31,6,6,12,43
10/05/2019,OWB,KY,ASO,CE,Federal Contract Tower,0,4,7,2,13,0,2,18,0,20,0,6,25,2,33,2,0,2,35
10/06/2019,OWB,KY,ASO,CE,Federal Contract Tower,0,8,3,0,11,0,0,3,0,3,0,8,6,0,14,44,0,44,58
10/07/2019,OWB,KY,ASO,CE,Federal Contract Tower,2,6,14,0,22,0,1,15,0,16,2,7,29,0,38,8,0,8,46
10/08/2019,OWB,KY,ASO,CE,Federal Contract Tower,0,4,12,9,25,0,2,27,1,30,0,6,39,10,55,28,0,28,83
10/09/2019,OWB,KY,ASO,CE,Federal Contract Tower,2,6,5,2,15,0,2,21,4,27,2,8,26,6,42,4,0,4,46
10/10/2019,OWB,KY,ASO,CE,Federal Contract Tower,0,8,4,0,12,0,0,20,0,20,0,8,24,0,32,10,0,10,42
10/11/2019,OWB,KY,ASO,CE,Federal Contract Tower,2,10,7,0,19,0,0,2,0,2,2,10,9,0,21,0,0,0,21
10/12/2019,OWB,KY,ASO,CE,Federal Contract Tower,0,1,5,0,6,0,5,17,0,22,0,6,22,0,28,16,0,16,44
10/13/2019,OWB,KY,ASO,CE,Federal Contract Tower,0,5,5,0,10,0,3,43,0,46,0,8,48,0,56,8,0,8,64
10/14/2019,OWB,KY,ASO,CE,Federal Contract Tower,2,4,18,0,24,0,3,22,0,25,2,7,40,0,49,12,0,12,61
10/15/2019,OWB,KY,ASO,CE,Federal Contract Tower,0,4,13,2,19,0,2,3,4,9,0,6,16,6,28,14,0,14,42
10/16/2019,OWB,KY,ASO,CE,Federal Contract Tower,0,10,12,13,35,0,0,7,2,9,0,10,19,15,44,4,26,30,74
10/17/2019,OWB,KY,ASO,CE,Federal Contract Tower,0,5,4,0,9,0,2,17,2,21,0,7,21,2,30,24,0,24,54
10/18/2019,OWB,KY,ASO,CE,Federal Contract Tower,2,8,14,2,26,0,3,31,0,34,2,11,45,2,60,4,0,4,64
10/19/2019,OWB,KY,ASO,CE,Federal Contract Tower,0,5,7,6,18,0,3,35,2,40,0,8,42,8,58,0,12,12,70
10/20/2019,OWB,KY,ASO,CE,Federal Contract Tower,0,6,9,0,15,0,4,18,0,22,0,10,27,0,37,6,0,6,43
10/21/2019,OWB,KY,ASO,CE,Federal Contract Tower,2,8,4,5,19,0,0,0,1,1,2,8,4,6,20,0,0,0,20
10/22/2019,OWB,KY,ASO,CE,Federal Contract Tower,0,7,9,9,25,0,5,19,2,26,0,12,28,11,51,4,12,16,67
10/23/2019,OWB,KY,ASO,CE,Federal Contract Tower,0,9,4,8,21,0,0,21,1,22,0,9,25,9,43,6,0,6,49
10/24/2019,OWB,KY,ASO,CE,Federal Contract Tower,0,9,13,8,30,0,1,17,6,24,0,10,30,14,54,6,0,6,60
10/25/2019,OWB,KY,ASO,CE,Federal Contract Tower,2,5,4,0,11,0,2,10,0,12,2,7,14,0,23,0,0,0,23
10/26/2019,OWB,KY,ASO,CE,Federal Contract Tower,0,6,3,0,9,0,0,0,0,0,0,6,3,0,9,0,0,0,9
10/27/2019,OWB,KY,ASO,CE,Federal Contract Tower,0,3,6,0,9,0,3,24,0,27,0,6,30,0,36,4,0,4,40
10/28/2019,OWB,KY,ASO,CE,Federal Contract Tower,2,6,10,2,20,0,0,7,0,7,2,6,17,2,27,0,0,0,27
10/29/2019,OWB,KY,ASO,CE,Federal Contract Tower,0,8,9,4,21,0,0,9,4,13,0,8,18,8,34,4,0,4,38
10/30/2019,OWB,KY,ASO,CE,Federal Contract Tower,0,8,4,0,12,0,0,0,0,0,0,8,4,0,12,0,0,0,12
10/31/2019,OWB,KY,ASO,CE,Federal Contract Tower,0,4,3,4,11,0,1,0,0,1,0,5,3,4,12,0,0,0,12
11/01/2019,OWB,KY,ASO,CE,Federal Contract Tower,1,7,9,4,21,0,1,25,2,28,1,8,34,6,49,54,0,54,103
11/02/2019,OWB,KY,ASO,CE,Federal Contract Tower,0,4,5,0,9,0,2,23,0,25,0,6,28,0,34,4,0,4,38
11/03/2019,OWB,KY,ASO,CE,Federal Contract Tower,0,4,11,0,15,0,2,36,0,38,0,6,47,0,53,18,0,18,71
11/04/2019,OWB,KY,ASO,CE,Federal Contract Tower,2,6,8,10,26,0,1,33,5,39,2,7,41,15,65,22,0,22,87
11/05/2019,OWB,KY,ASO,CE,Federal Contract Tower,0,7,13,18,38,0,0,19,11,30,0,7,32,29,68,2,0,2,70
11/06/2019,OWB,KY,ASO,CE,Federal Contract Tower,0,7,3,0,10,0,2,13,0,15,0,9,16,0,25,0,0,0,25
11/07/2019,OWB,KY,ASO,CE,Federal Contract Tower,0,7,5,2,14,0,0,1,0,1,0,7,6,2,15,0,0,0,15
11/08/2019,OWB,KY,ASO,CE,Federal Contract Tower,2,6,6,0,14,0,4,16,0,20,2,10,22,0,34,24,0,24,58
11/09/2019,OWB,KY,ASO,CE,Federal Contract Tower,0,6,2,0,8,0,2,45,0,47,0,8,47,0,55,12,0,12,67
11/10/2019,OWB,KY,ASO,CE,Federal Contract Tower,0,6,5,0,11,0,3,18,0,21,0,9,23,0,32,10,0,10,42
11/11/2019,OWB,KY,ASO,CE,Federal Contract Tower,2,3,4,0,9,0,0,3,0,3,2,3,7,0,12,0,0,0,12
11/12/2019,OWB,KY,ASO,CE,Federal Contract Tower,0,6,4,2,12,0,0,3,0,3,0,6,7,2,15,0,0,0,15
11/13/2019,OWB,KY,ASO,CE,Federal Contract Tower,0,6,6,9,21,0,0,13,2,15,0,6,19,11,36,6,0,6,42
11/14/2019,OWB,KY,ASO,CE,Federal Contract Tower,0,7,7,4,18,0,1,19,0,20,0,8,26,4,38,18,0,18,56
11/15/2019,OWB,KY,ASO,CE,Federal Contract Tower,2,9,14,2,27,0,1,25,0,26,2,10,39,2,53,4,0,4,57
11/16/2019,OWB,KY,ASO,CE,Federal Contract Tower,0,5,8,0,13,0,4,46,0,50,0,9,54,0,63,2,0,2,65
11/17/2019,OWB,KY,ASO,CE,Federal Contract Tower,0,8,5,1,14,0,0,34,1,35,0,8,39,2,49,4,0,4,53
11/18/2019,OWB,KY,ASO,CE,Federal Contract Tower,2,6,10,3,21,0,0,3,4,7,2,6,13,7,28,10,0,10,38
11/19/2019,OWB,KY,ASO,CE,Federal Contract Tower,0,6,9,8,23,0,2,7,0,9,0,8,16,8,32,0,10,10,42
11/20/2019,OWB,KY,ASO,CE,Federal Contract Tower,0,7,10,2,19,0,0,20,0,20,0,7,30,2,39,10,0,10,49
11/21/2019,OWB,KY,ASO,CE,Federal Contract Tower,0,6,9,2,17,0,0,0,0,0,0,6,9,2,17,0,0,0,17
11/22/2019,OWB,KY,ASO,CE,Federal Contract Tower,2,4,6,0,12,0,2,3,0,5,2,6,9,0,17,0,0,0,17
11/23/2019,OWB,KY,ASO,CE,Federal Contract Tower,0,5,5,0,10,0,0,0,0,0,0,5,5,0,10,0,0,0,10
11/24/2019,OWB,KY,ASO,CE,Federal Contract Tower,0,4,8,0,12,0,4,33,0,37,0,8,41,0,49,2,0,2,51
11/25/2019,OWB,KY,ASO,CE,Federal Contract Tower,2,4,6,4,16,0,2,32,0,34,2,6,38,4,50,30,0,30,80
11/26/2019,OWB,KY,ASO,CE,Federal Contract Tower,0,6,5,0,11,0,0,1,0,1,0,6,6,0,12,0,0,0,12
11/27/2019,OWB,KY,ASO,CE,Federal Contract Tower,2,5,2,0,9,0,0,5,0,5,2,5,7,0,14,4,0,4,18
11/28/2019,OWB,KY,ASO,CE,Federal Contract Tower,0,10,1,0,11,0,2,4,0,6,0,12,5,0,17,0,0,0,17
11/29/2019,OWB,KY,ASO,CE,Federal Contract Tower,0,8,8,0,16,0,0,15,0,15,0,8,23,0,31,0,0,0,31
11/30/2019,OWB,KY,ASO,CE,Federal Contract Tower,0,3,2,0,5,0,0,0,0,0,0,3,2,0,5,0,0,0,5
12/01/2019,OWB,KY,ASO,CE,Federal Contract Tower,2,8,0,0,10,0,0,1,0,1,2,8,1,0,11,0,0,0,11
12/02/2019,OWB,KY,ASO,CE,Federal Contract Tower,0,6,4,0,10,0,0,2,0,2,0,6,6,0,12,20,0,20,32
12/03/2019,OWB,KY,ASO,CE,Federal Contract Tower,0,9,7,8,24,0,1,12,5,18,0,10,19,13,42,16,6,22,64
12/04/2019,OWB,KY,ASO,CE,Federal Contract Tower,0,4,8,8,20,0,1,24,0,25,0,5,32,8,45,4,16,20,65
12/05/2019,OWB,KY,ASO,CE,Federal Contract Tower,0,8,10,2,20,0,1,33,0,34,0,9,43,2,54,6,0,6,60
12/06/2019,OWB,KY,ASO,CE,Federal Contract Tower,2,13,7,0,22,0,2,21,0,23,2,15,28,0,45,6,0,6,51
12/07/2019,OWB,KY,ASO,CE,Federal Contract Tower,0,5,11,0,16,0,2,32,0,34,0,7,43,0,50,6,0,6,56
12/08/2019,OWB,KY,ASO,CE,Federal Contract Tower,0,4,8,0,12,0,1,2,0,3,0,5,10,0,15,0,0,0,15
12/09/2019,OWB,KY,ASO,CE,Federal Contract Tower,2,6,4,0,12,0,0,0,0,0,2,6,4,0,12,0,0,0,12
12/10/2019,OWB,KY,ASO,CE,Federal Contract Tower,0,5,7,3,15,0,2,8,1,11,0,7,15,4,26,2,0,2,28
12/11/2019,OWB,KY,ASO,CE,Federal Contract Tower,0,5,11,1,17,0,2,22,1,25,0,7,33,2,42,30,0,30,72
12/12/2019,OWB,KY,ASO,CE,Federal Contract Tower,0,3,7,0,10,0,3,29,0,32,0,6,36,0,42,28,2,30,72
12/13/2019,OWB,KY,ASO,CE,Federal Contract Tower,2,5,3,0,10,0,0,5,0,5,2,5,8,0,15,0,0,0,15
12/14/2019,OWB,KY,ASO,CE,Federal Contract Tower,0,6,2,0,8,0,0,4,0,4,0,6,6,0,12,0,0,0,12
12/16/2019,OWB,KY,ASO,CE,Federal Contract Tower,2,6,0,0,8,0,0,0,0,0,2,6,0,0,8,0,0,0,8
12/17/2019,OWB,KY,ASO,CE,Federal Contract Tower,0,8,2,0,10,0,2,11,0,13,0,10,13,0,23,0,0,0,23
12/18/2019,OWB,KY,ASO,CE,Federal Contract Tower,0,6,12,0,18,0,2,7,0,9,0,8,19,0,27,0,0,0,27
12/19/2019,OWB,KY,ASO,CE,Federal Contract Tower,0,5,7,4,16,0,4,38,0,42,0,9,45,4,58,10,8,18,76
12/20/2019,OWB,KY,ASO,CE,Federal Contract Tower,2,9,9,0,20,0,1,23,0,24,2,10,32,0,44,14,0,14,58
12/21/2019,OWB,KY,ASO,CE,Federal Contract Tower,0,5,7,0,12,0,1,22,0,23,0,6,29,0,35,10,0,10,45
12/22/2019,OWB,KY,ASO,CE,Federal Contract Tower,0,4,9,0,13,0,2,14,0,16,0,6,23,0,29,20,0,20,49
12/23/2019,OWB,KY,ASO,CE,Federal Contract Tower,2,7,10,0,19,0,1,30,0,31,2,8,40,0,50,32,0,32,82
12/25/2019,OWB,KY,ASO,CE,Federal Contract Tower,0,4,0,0,4,0,1,6,0,7,0,5,6,0,11,4,0,4,15
12/26/2019,OWB,KY,ASO,CE,Federal Contract Tower,0,6,15,0,21,0,1,17,0,18,0,7,32,0,39,20,0,20,59
12/27/2019,OWB,KY,ASO,CE,Federal Contract Tower,2,6,10,0,18,0,0,0,0,0,2,6,10,0,18,0,0,0,18
12/28/2019,OWB,KY,ASO,CE,Federal Contract Tower,0,9,8,0,17,0,0,13,0,13,0,9,21,0,30,0,0,0,30
12/29/2019,OWB,KY,ASO,CE,Federal Contract Tower,0,6,0,0,6,0,0,0,0,0,0,6,0,0,6,0,0,0,6
12/30/2019,OWB,KY,ASO,CE,Federal Contract Tower,2,10,6,0,18,0,0,4,0,4,2,10,10,0,22,0,0,0,22
12/31/2019,OWB,KY,ASO,CE,Federal Contract Tower,0,8,4,0,12,0,0,4,0,4,0,8,8,0,16,20,0,20,36
01/01/2020,OWB,KY,ASO,CE,Federal Contract Tower,0,4,1,0,5,0,3,38,1,42,0,7,39,1,47,22,0,22,69
01/02/2020,OWB,KY,ASO,CE,Federal Contract Tower,0,9,4,0,13,0,0,0,0,0,0,9,4,0,13,0,0,0,13
01/03/2020,OWB,KY,ASO,CE,Federal Contract Tower,2,9,2,0,13,0,0,0,0,0,2,9,2,0,13,0,0,0,13
01/04/2020,OWB,KY,ASO,CE,Federal Contract Tower,0,9,0,0,9,0,0,0,0,0,0,9,0,0,9,0,0,0,9
01/05/2020,OWB,KY,ASO,CE,Federal Contract Tower,0,5,6,0,11,0,0,22,0,22,0,5,28,0,33,8,0,8,41
01/06/2020,OWB,KY,ASO,CE,Federal Contract Tower,2,6,5,10,23,0,1,28,0,29,2,7,33,10,52,68,0,68,120
01/07/2020,OWB,KY,ASO,CE,Federal Contract Tower,0,4,9,5,18,0,2,30,1,33,0,6,39,6,51,22,10,32,83
01/08/2020,OWB,KY,ASO,CE,Federal Contract Tower,0,6,17,12,35,0,5,40,6,51,0,11,57,18,86,20,0,20,106
01/09/2020,OWB,KY,ASO,CE,Federal Contract Tower,0,3,7,8,18,0,3,1,0,4,0,6,8,8,22,0,0,0,22
01/10/2020,OWB,KY,ASO,CE,Federal Contract Tower,2,6,3,2,13,0,0,1,0,1,2,6,4,2,14,8,0,8,22
01/11/2020,OWB,KY,ASO,CE,Federal Contract Tower,0,2,3,0,5,0,0,0,0,0,0,2,3,0,5,0,0,0,5
01/12/2020,OWB,KY,ASO,CE,Federal Contract Tower,0,5,7,1,13,0,1,2,1,4,0,6,9,2,17,0,0,0,17
01/13/2020,OWB,KY,ASO,CE,Federal Contract Tower,2,8,9,16,35,0,0,13,2,15,2,8,22,18,50,12,0,12,62
01/14/2020,OWB,KY,ASO,CE,Federal Contract Tower,0,6,11,7,24,0,0,24,1,25,0,6,35,8,49,26,0,26,75
01/15/2020,OWB,KY,ASO,CE,Federal Contract Tower,0,6,6,4,16,0,0,4,2,6,0,6,10,6,22,10,0,10,32
01/16/2020,OWB,KY,ASO,CE,Federal Contract Tower,0,8,8,6,22,0,0,15,1,16,0,8,23,7,38,28,0,28,66
01/17/2020,OWB,KY,ASO,CE,Federal Contract Tower,2,2,4,0,8,0,0,20,0,20,2,2,24,0,28,20,0,20,48
01/18/2020,OWB,KY,ASO,CE,Federal Contract Tower,0,6,0,0,6,0,0,0,0,0,0,6,0,0,6,0,0,0,6
01/19/2020,OWB,KY,ASO,CE,Federal Contract Tower,0,8,3,0,11,0,0,7,0,7,0,8,10,0,18,6,0,6,24
01/20/2020,OWB,KY,ASO,CE,Federal Contract Tower,2,12,5,0,19,0,0,0,0,0,2,12,5,0,19,4,0,4,23
01/21/2020,OWB,KY,ASO,CE,Federal Contract Tower,0,8,4,13,25,0,5,22,6,33,0,13,26,19,58,22,4,26,84
01/22/2020,OWB,KY,ASO,CE,Federal Contract Tower,0,5,11,4,20,0,0,45,4,49,0,5,56,8,69,2,0,2,71
01/23/2020,OWB,KY,ASO,CE,Federal Contract Tower,0,7,7,0,14,0,9,4,0,13,0,16,11,0,27,0,0,0,27
01/24/2020,OWB,KY,ASO,CE,Federal Contract Tower,2,7,9,0,18,0,0,0,0,0,2,7,9,0,18,0,0,0,18
01/25/2020,OWB,KY,ASO,CE,Federal Contract Tower,0,5,2,0,7,0,1,1,0,2,0,6,3,0,9,0,0,0,9
01/26/2020,OWB,KY,ASO,CE,Federal Contract Tower,0,3,6,0,9,0,2,18,0,20,0,5,24,0,29,12,0,12,41
01/27/2020,OWB,KY,ASO,CE,Federal Contract Tower,2,7,11,6,26,0,0,0,0,0,2,7,11,6,26,0,0,0,26
01/28/2020,OWB,KY,ASO,CE,Federal Contract Tower,0,6,1,0,7,0,0,0,0,0,0,6,1,0,7,0,0,0,7
01/29/2020,OWB,KY,ASO,CE,Federal Contract Tower,0,10,7,5,22,0,0,0,0,0,0,10,7,5,22,0,0,0,22
01/30/2020,OWB,KY,ASO,CE,Federal Contract Tower,0,5,6,4,15,0,2,2,0,4,0,7,8,4,19,0,0,0,19
01/31/2020,OWB,KY,ASO,CE,Federal Contract Tower,2,7,3,4,16,0,0,0,0,0,2,7,3,4,16,0,0,0,16
02/01/2020,OWB,KY,ASO,CE,Federal Contract Tower,0,4,10,0,14,0,2,3,0,5,0,6,13,0,19,6,0,6,25
02/02/2020,OWB,KY,ASO,CE,Federal Contract Tower,0,2,5,0,7,0,4,29,0,33,0,6,34,0,40,18,0,18,58
02/03/2020,OWB,KY,ASO,CE,Federal Contract Tower,2,6,9,6,23,0,1,25,2,28,2,7,34,8,51,6,0,6,57
02/04/2020,OWB,KY,ASO,CE,Federal Contract Tower,0,6,6,0,12,0,0,0,0,0,0,6,6,0,12,0,0,0,12
02/05/2020,OWB,KY,ASO,CE,Federal Contract Tower,0,6,6,0,12,0,0,0,0,0,0,6,6,0,12,0,0,0,12
02/06/2020,OWB,KY,ASO,CE,Federal Contract Tower,0,6,5,0,11,0,0,0,0,0,0,6,5,0,11,0,0,0,11
02/07/2020,OWB,KY,ASO,CE,Federal Contract Tower,2,5,8,2,17,0,1,4,0,5,2,6,12,2,22,0,0,0,22
02/08/2020,OWB,KY,ASO,CE,Federal Contract Tower,0,5,2,0,7,0,0,12,2,14,0,5,14,2,21,16,0,16,37
02/09/2020,OWB,KY,ASO,CE,Federal Contract Tower,0,4,6,3,13,0,2,2,1,5,0,6,8,4,18,0,6,6,24
02/10/2020,OWB,KY,ASO,CE,Federal Contract Tower,2,6,2,3,13,0,0,0,0,0,2,6,2,3,13,0,0,0,13
02/11/2020,OWB,KY,ASO,CE,Federal Contract Tower,0,10,10,10,30,0,0,14,9,23,0,10,24,19,53,0,20,20,73
02/12/2020,OWB,KY,ASO,CE,Federal Contract Tower,0,8,8,1,17,0,0,5,0,5,0,8,13,1,22,40,0,40,62
02/13/2020,OWB,KY,ASO,CE,Federal Contract Tower,0,7,8,6,21,0,0,4,2,6,0,7,12,8,27,16,6,22,49
02/14/2020,OWB,KY,ASO,CE,Federal Contract Tower,2,6,14,0,22,0,5,24,0,29,2,11,38,0,51,26,0,26,77
02/15/2020,OWB,KY,ASO,CE,Federal Contract Tower,0,6,3,0,9,0,7,22,0,29,0,13,25,0,38,26,0,26,64
02/16/2020,OWB,KY,ASO,CE,Federal Contract Tower,0,3,1,0,4,0,2,44,0,46,0,5,45,0,50,54,0,54,104
02/17/2020,OWB,KY,ASO,CE,Federal Contract Tower,2,6,6,0,14,0,0,25,0,25,2,6,31,0,39,14,0,14,53
02/18/2020,OWB,KY,ASO,CE,Federal Contract Tower,0,6,2,0,8,0,0,0,0,0,0,6,2,0,8,0,0,0,8
02/19/2020,OWB,KY,ASO,CE,Federal Contract Tower,0,7,5,14,26,0,0,18,12,30,0,7,23,26,56,28,4,32,88
02/20/2020,OWB,KY,ASO,CE,Federal Contract Tower,0,6,4,5,15,0,0,19,5,24,0,6,23,10,39,14,8,22,61
02/21/2020,OWB,KY,ASO,CE,Federal Contract Tower,2,2,13,2,19,0,4,59,13,76,2,6,72,15,95,46,8,54,149
02/22/2020,OWB,KY,ASO,CE,Federal Contract Tower,0,0,4,0,4,0,4,63,0,67,0,4,67,0,71,38,0,38,109
02/23/2020,OWB,KY,ASO,CE,Federal Contract Tower,0,5,14,0,19,0,1,24,0,25,0,6,38,0,44,16,0,16,60
02/24/2020,OWB,KY,ASO,CE,Federal Contract Tower,2,7,2,0,11,0,0,0,0,0,2,7,2,0,11,0,0,0,11
02/25/2020,OWB,KY,ASO,CE,Federal Contract Tower,0,7,7,4,18,0,0,0,0,0,0,7,7,4,18,0,0,0,18
02/26/2020,OWB,KY,ASO,CE,Federal Contract Tower,0,4,1,0,5,0,1,0,0,1,0,5,1,0,6,0,0,0,6
02/27/2020,OWB,KY,ASO,CE,Federal Contract Tower,0,6,10,5,21,0,0,27,1,28,0,6,37,6,49,4,0,4,53
02/28/2020,OWB,KY,ASO,CE,Federal Contract Tower,2,5,4,3,14,0,1,19,0,20,2,6,23,3,34,38,10,48,82
02/29/2020,OWB,KY,ASO,CE,Federal Contract Tower,0,3,3,0,6,0,3,24,2,29,0,6,27,2,35,6,0,6,41
03/01/2020,OWB,KY,ASO,CE,Federal Contract Tower,0,4,7,0,11,0,2,32,0,34,0,6,39,0,45,4,0,4,49
03/02/2020,OWB,KY,ASO,CE,Federal Contract Tower,2,6,15,9,32,0,1,1,0,2,2,7,16,9,34,0,0,0,34
03/03/2020,OWB,KY,ASO,CE,Federal Contract Tower,0,5,10,7,22,0,0,18,1,19,0,5,28,8,41,58,0,58,99
03/04/2020,OWB,KY,ASO,CE,Federal Contract Tower,0,12,18,4,34,0,3,27,0,30,0,15,45,4,64,4,0,4,68
03/05/2020,OWB,KY,ASO,CE,Federal Contract Tower,0,2,9,4,15,0,4,18,6,28,0,6,27,10,43,24,14,38,81
03/06/2020,OWB,KY,ASO,CE,Federal Contract Tower,2,5,8,7,22,0,2,4,0,6,2,7,12,7,28,0,14,14,42
03/07/2020,OWB,KY,ASO,CE,Federal Contract Tower,0,2,3,2,7,0,9,42,2,53,0,11,45,4,60,18,14,32,92
03/08/2020,OWB,KY,ASO,CE,Federal Contract Tower,0,0,8,1,9,0,7,12,4,23,0,7,20,5,32,6,4,10,42
03/10/2020,OWB,KY,ASO,CE,Federal Contract Tower,0,5,8,10,23,0,0,5,0,5,0,5,13,10,28,0,0,0,28
03/11/2020,OWB,KY,ASO,CE,Federal Contract Tower,0,8,7,7,22,0,0,6,1,7,0,8,13,8,29,0,0,0,29
03/12/2020,OWB,KY,ASO,CE,Federal Contract Tower,0,6,9,0,15,0,0,4,0,4,0,6,13,0,19,0,0,0,19
03/13/2020,OWB,KY,ASO,CE,Federal Contract Tower,2,3,4,0,9,0,3,21,0,24,2,6,25,0,33,10,0,10,43
03/14/2020,OWB,KY,ASO,CE,Federal Contract Tower,0,6,0,0,6,0,0,0,0,0,0,6,0,0,6,0,0,0,6
03/15/2020,OWB,KY,ASO,CE,Federal Contract Tower,0,8,0,4,12,0,1,2,0,3,0,9,2,4,15,0,0,0,15
03/16/2020,OWB,KY,ASO,CE,Federal Contract Tower,2,9,3,2,16,0,1,1,0,2,2,10,4,2,18,2,0,2,20
03/17/2020,OWB,KY,ASO,CE,Federal Contract Tower,0,8,4,7,19,0,0,13,0,13,0,8,17,7,32,12,0,12,44
03/18/2020,OWB,KY,ASO,CE,Federal Contract Tower,0,8,2,0,10,0,0,0,0,0,0,8,2,0,10,0,0,0,10
03/19/2020,OWB,KY,ASO,CE,Federal Contract Tower,0,4,2,0,6,0,0,1,0,1,0,4,3,0,7,0,0,0,7
03/20/2020,OWB,KY,ASO,CE,Federal Contract Tower,2,6,5,2,15,0,0,1,0,1,2,6,6,2,16,0,0,0,16
03/21/2020,OWB,KY,ASO,CE,Federal Contract Tower,0,4,17,0,21,0,2,34,0,36,0,6,51,0,57,42,0,42,99
03/22/2020,OWB,KY,ASO,CE,Federal Contract Tower,0,3,3,0,6,0,2,9,0,11,0,5,12,0,17,10,0,10,27
03/23/2020,OWB,KY,ASO,CE,Federal Contract Tower,2,8,6,2,18,0,0,14,0,14,2,8,20,2,32,32,4,36,68
03/24/2020,OWB,KY,ASO,CE,Federal Contract Tower,0,4,6,2,12,0,0,0,0,0,0,4,6,2,12,20,0,20,32
03/25/2020,OWB,KY,ASO,CE,Federal Contract Tower,0,6,2,5,13,0,0,20,0,20,0,6,22,5,33,10,0,10,43
03/26/2020,OWB,KY,ASO,CE,Federal Contract Tower,0,6,3,2,11,0,0,26,0,26,0,6,29,2,37,18,0,18,55
03/27/2020,OWB,KY,ASO,CE,Federal Contract Tower,0,5,1,0,6,0,2,15,0,17,0,7,16,0,23,4,0,4,27
03/28/2020,OWB,KY,ASO,CE,Federal Contract Tower,0,0,7,0,7,0,0,2,0,2,0,0,9,0,9,0,0,0,9
03/29/2020,OWB,KY,ASO,CE,Federal Contract Tower,0,2,4,0,6,0,4,2,0,6,0,6,6,0,12,0,0,0,12
03/30/2020,OWB,KY,ASO,CE,Federal Contract Tower,0,5,1,0,6,0,1,11,0,12,0,6,12,0,18,0,0,0,18
03/31/2020,OWB,KY,ASO,CE,Federal Contract Tower,0,6,1,0,7,0,2,0,0,2,0,8,1,0,9,2,0,2,11
04/01/2020,OWB,KY,ASO,CE,Federal Contract Tower,0,6,2,0,8,0,0,11,0,11,0,6,13,0,19,10,0,10,29
04/02/2020,OWB,KY,ASO,CE,Federal Contract Tower,0,2,2,0,4,0,3,22,0,25,0,5,24,0,29,10,0,10,39
04/03/2020,OWB,KY,ASO,CE,Federal Contract Tower,0,2,5,2,9,0,4,25,3,32,0,6,30,5,41,0,6,6,47
04/04/2020,OWB,KY,ASO,CE,Federal Contract Tower,0,2,3,0,5,0,8,17,0,25,0,10,20,0,30,14,0,14,44
04/05/2020,OWB,KY,ASO,CE,Federal Contract Tower,0,3,1,0,4,0,5,24,0,29,0,8,25,0,33,20,0,20,53
04/06/2020,OWB,KY,ASO,CE,Federal Contract Tower,0,6,0,0,6,0,0,16,0,16,0,6,16,0,22,2,0,2,24
04/07/2020,OWB,KY,ASO,CE,Federal Contract Tower,0,6,2,0,8,0,0,2,0,2,0,6,4,0,10,0,0,0,10
04/08/2020,OWB,KY,ASO,CE,Federal Contract Tower,0,6,7,0,13,0,0,1,0,1,0,6,8,0,14,0,0,0,14
04/09/2020,OWB,KY,ASO,CE,Federal Contract Tower,0,4,2,0,6,0,0,4,0,4,0,4,6,0,10,0,0,0,10
04/10/2020,OWB,KY,ASO,CE,Federal Contract Tower,0,0,3,0,3,0,6,12,0,18,0,6,15,0,21,0,0,0,21
04/11/2020,OWB,KY,ASO,CE,Federal Contract Tower,0,5,1,0,6,0,1,17,0,18,0,6,18,0,24,10,0,10,34
04/12/2020,OWB,KY,ASO,CE,Federal Contract Tower,0,6,0,0,6,0,0,0,0,0,0,6,0,0,6,0,0,0,6
04/13/2020,OWB,KY,ASO,CE,Federal Contract Tower,0,6,0,6,12,0,0,1,0,1,0,6,1,6,13,0,0,0,13
04/14/2020,OWB,KY,ASO,CE,Federal Contract Tower,0,6,7,0,13,0,1,2,0,3,0,7,9,0,16,6,0,6,22
04/15/2020,OWB,KY,ASO,CE,Federal Contract Tower,0,6,12,0,18,0,0,10,0,10,0,6,22,0,28,2,0,2,30
04/16/2020,OWB,KY,ASO,CE,Federal Contract Tower,0,7,4,3,14,0,2,28,1,31,0,9,32,4,45,18,8,26,71
04/17/2020,OWB,KY,ASO,CE,Federal Contract Tower,0,4,0,0,4,0,2,0,0,2,0,6,0,0,6,0,0,0,6
04/18/2020,OWB,KY,ASO,CE,Federal Contract Tower,0,3,1,0,4,0,3,50,0,53,0,6,51,0,57,4,0,4,61
04/19/2020,OWB,KY,ASO,CE,Federal Contract Tower,0,5,2,0,7,0,0,3,0,3,0,5,5,0,10,0,0,0,10
04/20/2020,OWB,KY,ASO,CE,Federal Contract Tower,0,5,1,0,6,0,0,29,0,29,0,5,30,0,35,26,0,26,61
04/21/2020,OWB,KY,ASO,CE,Federal Contract Tower,0,6,1,0,7,0,0,1,0,1,0,6,2,0,8,0,0,0,8
04/22/2020,OWB,KY,ASO,CE,Federal Contract Tower,0,6,3,4,13,0,0,21,1,22,0,6,24,5,35,16,14,30,65
04/23/2020,OWB,KY,ASO,CE,Federal Contract Tower,0,7,5,4,16,0,0,0,0,0,0,7,5,4,16,0,0,0,16
04/24/2020,OWB,KY,ASO,CE,Federal Contract Tower,0,4,10,2,16,0,2,18,0,20,0,6,28,2,36,0,0,0,36
04/25/2020,OWB,KY,ASO,CE,Federal Contract Tower,0,4,0,0,4,0,1,0,0,1,0,5,0,0,5,0,0,0,5
04/26/2020,OWB,KY,ASO,CE,Federal Contract Tower,0,4,0,0,4,0,2,0,0,2,0,6,0,0,6,0,0,0,6
04/27/2020,OWB,KY,ASO,CE,Federal Contract Tower,0,6,8,5,19,0,0,29,0,29,0,6,37,5,48,44,8,52,100
04/28/2020,OWB,KY,ASO,CE,Federal Contract Tower,0,6,4,2,12,0,0,14,0,14,0,6,18,2,26,20,0,20,46
04/29/2020,OWB,KY,ASO,CE,Federal Contract Tower,0,6,0,0,6,0,0,0,0,0,0,6,0,0,6,0,0,0,6
04/30/2020,OWB,KY,ASO,CE,Federal Contract Tower,0,5,2,2,9,0,1,3,0,4,0,6,5,2,13,4,0,4,17
05/01/2020,OWB,KY,ASO,CE,Federal Contract Tower,0,1,6,0,7,0,4,50,0,54,0,5,56,0,61,10,0,10,71
05/02/2020,OWB,KY,ASO,CE,Federal Contract Tower,0,2,0,0,2,0,2,15,0,17,0,4,15,0,19,14,0,14,33
05/03/2020,OWB,KY,ASO,CE,Federal Contract Tower,0,6,3,0,9,0,2,2,0,4,0,8,5,0,13,0,0,0,13
05/04/2020,OWB,KY,ASO,CE,Federal Contract Tower,0,6,1,0,7,0,0,47,0,47,0,6,48,0,54,16,0,16,70
05/05/2020,OWB,KY,ASO,CE,Federal Contract Tower,0,7,8,0,15,0,0,1,0,1,0,7,9,0,16,0,0,0,16
05/06/2020,OWB,KY,ASO,CE,Federal Contract Tower,0,6,4,1,11,0,0,6,5,11,0,6,10,6,22,20,10,30,52
05/07/2020,OWB,KY,ASO,CE,Federal Contract Tower,0,6,3,7,16,0,0,17,1,18,0,6,20,8,34,32,8,40,74
05/08/2020,OWB,KY,ASO,CE,Federal Contract Tower,0,6,0,6,12,0,0,2,0,2,0,6,2,6,14,8,0,8,22
05/09/2020,OWB,KY,ASO,CE,Federal Contract Tower,0,6,3,0,9,0,0,20,0,20,0,6,23,0,29,36,0,36,65
05/10/2020,OWB,KY,ASO,CE,Federal Contract Tower,0,6,0,0,6,0,0,6,0,6,0,6,6,0,12,0,0,0,12
05/11/2020,OWB,KY,ASO,CE,Federal Contract Tower,0,6,2,8,16,0,0,19,0,19,0,6,21,8,35,20,6,26,61
05/12/2020,OWB,KY,ASO,CE,Federal Contract Tower,0,9,5,2,16,0,0,13,0,13,0,9,18,2,29,8,0,8,37
05/13/2020,OWB,KY,ASO,CE,Federal Contract Tower,0,10,4,2,16,0,0,0,0,0,0,10,4,2,16,0,0,0,16
05/14/2020,OWB,KY,ASO,CE,Federal Contract Tower,0,5,1,0,6,0,0,8,0,8,0,5,9,0,14,4,0,4,18
05/15/2020,OWB,KY,ASO,CE,Federal Contract Tower,2,8,2,0,12,0,0,4,0,4,2,8,6,0,16,18,0,18,34
05/16/2020,OWB,KY,ASO,CE,Federal Contract Tower,0,6,3,0,9,0,0,10,0,10,0,6,13,0,19,4,0,4,23
05/17/2020,OWB,KY,ASO,CE,Federal Contract Tower,0,6,2,0,8,0,0,2,0,2,0,6,4,0,10,0,0,0,10
05/18/2020,OWB,KY,ASO,CE,Federal Contract Tower,2,6,8,0,16,0,0,8,0,8,2,6,16,0,24,18,0,18,42
05/19/2020,OWB,KY,ASO,CE,Federal Contract Tower,0,5,10,2,17,0,0,5,0,5,0,5,15,2,22,34,0,34,56
05/20/2020,OWB,KY,ASO,CE,Federal Contract Tower,0,5,9,2,16,0,0,6,0,6,0,5,15,2,22,34,0,34,56
05/21/2020,OWB,KY,ASO,CE,Federal Contract Tower,0,9,12,2,23,0,0,7,0,7,0,9,19,2,30,0,0,0,30
05/22/2020,OWB,KY,ASO,CE,Federal Contract Tower,2,6,6,0,14,0,0,10,0,10,2,6,16,0,24,10,0,10,34
05/23/2020,OWB,KY,ASO,CE,Federal Contract Tower,0,8,0,0,8,0,0,10,0,10,0,8,10,0,18,22,0,22,40
05/24/2020,OWB,KY,ASO,CE,Federal Contract Tower,0,5,1,0,6,0,0,18,0,18,0,5,19,0,24,12,0,12,36
05/25/2020,OWB,KY,ASO,CE,Federal Contract Tower,2,7,2,0,11,0,0,31,0,31,2,7,33,0,42,28,0,28,70
05/26/2020,OWB,KY,ASO,CE,Federal Contract Tower,0,7,5,5,17,0,0,16,1,17,0,7,21,6,34,20,0,20,54
05/27/2020,OWB,KY,ASO,CE,Federal Contract Tower,0,6,1,4,11,0,1,2,0,3,0,7,3,4,14,0,0,0,14
05/28/2020,OWB,KY,ASO,CE,Federal Contract Tower,0,7,8,4,19,0,3,10,0,13,0,10,18,4,32,12,0,12,44
05/29/2020,OWB,KY,ASO,CE,Federal Contract Tower,2,8,4,0,14,0,0,9,0,9,2,8,13,0,23,10,0,10,33
05/30/2020,OWB,KY,ASO,CE,Federal Contract Tower,0,6,5,0,11,0,0,53,0,53,0,6,58,0,64,16,0,16,80
05/31/2020,OWB,KY,ASO,CE,Federal Contract Tower,0,6,3,0,9,0,0,39,0,39,0,6,42,0,48,42,0,42,90
06/01/2020,OWB,KY,ASO,CE,Federal Contract Tower,2,6,3,2,13,0,0,42,0,42,2,6,45,2,55,18,0,18,73
06/02/2020,OWB,KY,ASO,CE,Federal Contract Tower,0,8,5,0,13,0,0,11,0,11,0,8,16,0,24,18,0,18,42
06/03/2020,OWB,KY,ASO,CE,Federal Contract Tower,0,6,3,7,16,0,2,27,0,29,0,8,30,7,45,40,0,40,85
06/04/2020,OWB,KY,ASO,CE,Federal Contract Tower,0,5,10,2,17,0,2,13,0,15,0,7,23,2,32,18,0,18,50
06/05/2020,OWB,KY,ASO,CE,Federal Contract Tower,2,8,4,4,18,0,2,18,0,20,2,10,22,4,38,10,0,10,48
06/06/2020,OWB,KY,ASO,CE,Federal Contract Tower,0,5,11,0,16,0,0,18,0,18,0,5,29,0,34,12,0,12,46
06/07/2020,OWB,KY,ASO,CE,Federal Contract Tower,0,8,7,0,15,0,0,25,0,25,0,8,32,0,40,10,0,10,50
06/08/2020,OWB,KY,ASO,CE,Federal Contract Tower,2,3,7,2,14,0,2,13,0,15,2,5,20,2,29,14,0,14,43
06/09/2020,OWB,KY,ASO,CE,Federal Contract Tower,0,6,5,0,11,0,0,1,0,1,0,6,6,0,12,0,0,0,12
06/10/2020,OWB,KY,ASO,CE,Federal Contract Tower,0,9,4,0,13,0,0,4,0,4,0,9,8,0,17,4,0,4,21
06/11/2020,OWB,KY,ASO,CE,Federal Contract Tower,4,10,8,4,26,0,0,34,1,35,4,10,42,5,61,18,0,18,79
06/12/2020,OWB,KY,ASO,CE,Federal Contract Tower,2,9,5,0,16,0,0,23,0,23,2,9,28,0,39,34,0,34,73
06/13/2020,OWB,KY,ASO,CE,Federal Contract Tower,0,8,12,0,20,0,0,23,0,23,0,8,35,0,43,22,0,22,65
06/14/2020,OWB,KY,ASO,CE,Federal Contract Tower,0,4,0,0,4,0,2,21,0,23,0,6,21,0,27,26,0,26,53
06/15/2020,OWB,KY,ASO,CE,Federal Contract Tower,2,7,14,0,23,0,1,21,2,24,2,8,35,2,47,6,0,6,53
06/16/2020,OWB,KY,ASO,CE,Federal Contract Tower,0,7,9,4,20,0,2,31,5,38,0,9,40,9,58,38,0,38,96
06/17/2020,OWB,KY,ASO,CE,Federal Contract Tower,0,6,5,3,14,0,0,18,4,22,0,6,23,7,36,36,0,36,72
06/18/2020,OWB,KY,ASO,CE,Federal Contract Tower,0,8,6,0,14,0,2,28,0,30,0,10,34,0,44,8,0,8,52
06/19/2020,OWB,KY,ASO,CE,Federal Contract Tower,2,8,6,2,18,0,0,21,0,21,2,8,27,2,39,10,0,10,49
06/20/2020,OWB,KY,ASO,CE,Federal Contract Tower,0,5,13,0,18,0,2,34,0,36,0,7,47,0,54,20,0,20,74
06/21/2020,OWB,KY,ASO,CE,Federal Contract Tower,0,5,4,0,9,0,0,4,0,4,0,5,8,0,13,6,0,6,19
06/22/2020,OWB,KY,ASO,CE,Federal Contract Tower,2,5,1,0,8,0,0,4,0,4,2,5,5,0,12,4,0,4,16
06/23/2020,OWB,KY,ASO,CE,Federal Contract Tower,0,6,16,2,24,0,0,14,0,14,0,6,30,2,38,8,0,8,46
06/24/2020,OWB,KY,ASO,CE,Federal Contract Tower,0,7,9,6,22,0,0,34,0,34,0,7,43,6,56,28,0,28,84
06/25/2020,OWB,KY,ASO,CE,Federal Contract Tower,0,7,5,2,14,0,2,24,2,28,0,9,29,4,42,6,6,12,54
06/26/2020,OWB,KY,ASO,CE,Federal Contract Tower,2,7,15,0,24,0,0,16,0,16,2,7,31,0,40,6,0,6,46
06/27/2020,OWB,KY,ASO,CE,Federal Contract Tower,0,5,7,0,12,0,0,3,0,3,0,5,10,0,15,8,0,8,23
06/28/2020,OWB,KY,ASO,CE,Federal Contract Tower,0,6,4,0,10,0,0,4,0,4,0,6,8,0,14,0,0,0,14
06/29/2020,OWB,KY,ASO,CE,Federal Contract Tower,2,7,6,2,17,0,0,66,2,68,2,7,72,4,85,32,0,32,117
06/30/2020,OWB,KY,ASO,CE,Federal Contract Tower,0,8,4,0,12,0,0,0,0,0,0,8,4,0,12,0,0,0,12
07/01/2020,OWB,KY,ASO,CE,Federal Contract Tower,0,7,8,0,15,0,0,61,0,61,0,7,69,0,76,2,0,2,78
07/02/2020,OWB,KY,ASO,CE,Federal Contract Tower,0,7,15,4,26,0,0,27,0,27,0,7,42,4,53,16,0,16,69
07/03/2020,OWB,KY,ASO,CE,Federal Contract Tower,2,5,11,0,18,0,1,51,0,52,2,6,62,0,70,44,0,44,114
07/04/2020,OWB,KY,ASO,CE,Federal Contract Tower,0,6,4,0,10,0,0,28,13,41,0,6,32,13,51,12,0,12,63
07/05/2020,OWB,KY,ASO,CE,Federal Contract Tower,0,5,5,0,10,0,3,23,0,26,0,8,28,0,36,0,0,0,36
07/06/2020,OWB,KY,ASO,CE,Federal Contract Tower,2,5,7,0,14,0,2,23,0,25,2,7,30,0,39,18,0,18,57
07/07/2020,OWB,KY,ASO,CE,Federal Contract Tower,0,5,0,2,7,0,0,34,0,34,0,5,34,2,41,48,0,48,89
07/08/2020,OWB,KY,ASO,CE,Federal Contract Tower,0,8,1,0,9,0,0,24,0,24,0,8,25,0,33,24,0,24,57
07/09/2020,OWB,KY,ASO,CE,Federal Contract Tower,0,9,3,2,14,0,0,34,6,40,0,9,37,8,54,32,8,40,94
07/10/2020,OWB,KY,ASO,CE,Federal Contract Tower,2,6,8,0,16,0,1,12,0,13,2,7,20,0,29,8,0,8,37
07/11/2020,OWB,KY,ASO,CE,Federal Contract Tower,0,6,10,0,16,0,1,30,0,31,0,7,40,0,47,4,0,4,51
07/12/2020,OWB,KY,ASO,CE,Federal Contract Tower,0,7,0,0,7,0,0,18,0,18,0,7,18,0,25,6,0,6,31
07/13/2020,OWB,KY,ASO,CE,Federal Contract Tower,2,6,7,6,21,0,0,33,0,33,2,6,40,6,54,70,12,82,136
07/14/2020,OWB,KY,ASO,CE,Federal Contract Tower,0,4,3,4,11,0,2,58,0,60,0,6,61,4,71,58,4,62,133
07/15/2020,OWB,KY,ASO,CE,Federal Contract Tower,0,8,4,2,14,0,0,20,2,22,0,8,24,4,36,16,0,16,52
07/16/2020,OWB,KY,ASO,CE,Federal Contract Tower,0,7,3,0,10,0,1,27,0,28,0,8,30,0,38,12,4,16,54
07/17/2020,OWB,KY,ASO,CE,Federal Contract Tower,2,6,5,0,13,0,1,23,0,24,2,7,28,0,37,22,0,22,59
07/18/2020,OWB,KY,ASO,CE,Federal Contract Tower,1,4,7,0,12,0,0,19,0,19,1,4,26,0,31,22,0,22,53
07/19/2020,OWB,KY,ASO,CE,Federal Contract Tower,1,4,6,1,12,0,0,28,0,28,1,4,34,1,40,26,0,26,66
07/20/2020,OWB,KY,ASO,CE,Federal Contract Tower,2,4,9,0,15,0,1,7,0,8,2,5,16,0,23,20,0,20,43
07/21/2020,OWB,KY,ASO,CE,Federal Contract Tower,0,8,13,0,21,0,0,15,0,15,0,8,28,0,36,16,0,16,52
07/22/2020,OWB,KY,ASO,CE,Federal Contract Tower,0,8,5,0,13,0,0,17,0,17,0,8,22,0,30,22,0,22,52
07/23/2020,OWB,KY,ASO,CE,Federal Contract Tower,0,9,13,4,26,0,3,10,4,17,0,12,23,8,43,8,0,8,51
07/24/2020,OWB,KY,ASO,CE,Federal Contract Tower,2,6,5,4,17,0,1,33,2,36,2,7,38,6,53,52,4,56,109
07/25/2020,OWB,KY,ASO,CE,Federal Contract Tower,0,6,9,0,15,0,0,44,0,44,0,6,53,0,59,32,0,32,91
07/26/2020,OWB,KY,ASO,CE,Federal Contract Tower,0,9,2,0,11,0,0,18,0,18,0,9,20,0,29,8,0,8,37
07/27/2020,OWB,KY,ASO,CE,Federal Contract Tower,2,7,10,0,19,0,0,20,0,20,2,7,30,0,39,22,0,22,61
07/28/2020,OWB,KY,ASO,CE,Federal Contract Tower,0,10,13,2,25,0,0,14,0,14,0,10,27,2,39,16,0,16,55
07/29/2020,OWB,KY,ASO,CE,Federal Contract Tower,0,8,0,4,12,0,0,26,4,30,0,8,26,8,42,38,4,42,84
07/30/2020,OWB,KY,ASO,CE,Federal Contract Tower,0,6,5,0,11,0,0,2,0,2,0,6,7,0,13,0,0,0,13
07/31/2020,OWB,KY,ASO,CE,Federal Contract Tower,2,6,7,0,15,0,1,0,0,1,2,7,7,0,16,0,0,0,16
08/01/2020,OWB,KY,ASO,CE,Federal Contract Tower,0,8,7,0,15,0,0,0,0,0,0,8,7,0,15,0,0,0,15
08/02/2020,OWB,KY,ASO,CE,Federal Contract Tower,0,3,5,0,8,0,3,37,0,40,0,6,42,0,48,32,0,32,80
08/03/2020,OWB,KY,ASO,CE,Federal Contract Tower,2,4,10,0,16,0,0,5,0,5,2,4,15,0,21,6,0,6,27
08/04/2020,OWB,KY,ASO,CE,Federal Contract Tower,0,8,8,2,18,0,0,18,0,18,0,8,26,2,36,18,0,18,54
08/05/2020,OWB,KY,ASO,CE,Federal Contract Tower,0,9,14,12,35,0,0,40,0,40,0,9,54,12,75,34,12,46,121
08/06/2020,OWB,KY,ASO,CE,Federal Contract Tower,0,3,15,0,18,0,4,57,0,61,0,7,72,0,79,56,0,56,135
08/07/2020,OWB,KY,ASO,CE,Federal Contract Tower,2,6,13,1,22,0,2,31,2,35,2,8,44,3,57,44,0,44,101
08/08/2020,OWB,KY,ASO,CE,Federal Contract Tower,0,5,10,0,15,0,3,57,0,60,0,8,67,0,75,40,0,40,115
08/09/2020,OWB,KY,ASO,CE,Federal Contract Tower,0,6,4,0,10,0,1,10,0,11,0,7,14,0,21,18,0,18,39
08/10/2020,OWB,KY,ASO,CE,Federal Contract Tower,2,8,2,0,12,0,0,23,0,23,2,8,25,0,35,23,0,23,58
08/11/2020,OWB,KY,ASO,CE,Federal Contract Tower,0,7,4,3,14,0,0,26,1,27,0,7,30,4,41,32,10,42,83
08/12/2020,OWB,KY,ASO,CE,Federal Contract Tower,0,5,16,0,21,0,0,16,0,16,0,5,32,0,37,14,0,14,51
08/13/2020,OWB,KY,ASO,CE,Federal Contract Tower,0,7,10,0,17,0,0,11,0,11,0,7,21,0,28,18,0,18,46
08/14/2020,OWB,KY,ASO,CE,Federal Contract Tower,2,5,5,0,12,0,1,19,0,20,2,6,24,0,32,18,0,18,50
08/15/2020,OWB,KY,ASO,CE,Federal Contract Tower,0,5,16,0,21,0,1,36,1,38,0,6,52,1,59,44,0,44,103
08/16/2020,OWB,KY,ASO,CE,Federal Contract Tower,0,5,14,0,19,0,2,27,0,29,0,7,41,0,48,8,0,8,56
08/17/2020,OWB,KY,ASO,CE,Federal Contract Tower,2,6,7,9,24,0,0,30,3,33,2,6,37,12,57,46,6,52,109
08/18/2020,OWB,KY,ASO,CE,Federal Contract Tower,0,7,4,0,11,0,0,11,0,11,0,7,15,0,22,34,0,34,56
08/19/2020,OWB,KY,ASO,CE,Federal Contract Tower,0,6,14,4,24,0,0,29,2,31,0,6,43,6,55,66,0,66,121
08/20/2020,OWB,KY,ASO,CE,Federal Contract Tower,0,3,7,9,19,0,3,40,2,45,0,6,47,11,64,54,12,66,130
08/21/2020,OWB,KY,ASO,CE,Federal Contract Tower,0,7,7,0,14,0,2,16,0,18,0,9,23,0,32,14,0,14,46
08/22/2020,OWB,KY,ASO,CE,Federal Contract Tower,0,4,5,0,9,0,2,9,0,11,0,6,14,0,20,8,0,8,28
08/23/2020,OWB,KY,ASO,CE,Federal Contract Tower,0,3,8,0,11,0,2,22,0,24,0,5,30,0,35,4,0,4,39
08/24/2020,OWB,KY,ASO,CE,Federal Contract Tower,0,7,1,3,11,0,1,34,1,36,0,8,35,4,47,8,0,8,55
08/25/2020,OWB,KY,ASO,CE,Federal Contract Tower,0,8,11,2,21,0,0,39,2,41,0,8,50,4,62,28,0,28,90
08/26/2020,OWB,KY,ASO,CE,Federal Contract Tower,0,6,12,1,19,0,0,40,0,40,0,6,52,1,59,22,0,22,81
08/27/2020,OWB,KY,ASO,CE,Federal Contract Tower,0,9,22,6,37,0,2,28,0,30,0,11,50,6,67,36,2,38,105
08/28/2020,OWB,KY,ASO,CE,Federal Contract Tower,0,9,10,0,19,0,0,0,0,0,0,9,10,0,19,0,0,0,19
08/29/2020,OWB,KY,ASO,CE,Federal Contract Tower,0,6,5,0,11,0,0,18,0,18,0,6,23,0,29,28,0,28,57
08/30/2020,OWB,KY,ASO,CE,Federal Contract Tower,0,7,8,0,15,0,1,44,0,45,0,8,52,0,60,14,0,14,74
08/31/2020,OWB,KY,ASO,CE,Federal Contract Tower,0,4,6,0,10,0,0,14,0,14,0,4,20,0,24,0,0,0,24
09/01/2020,OWB,KY,ASO,CE,Federal Contract Tower,0,6,13,2,21,0,0,11,0,11,0,6,24,2,32,2,8,10,42
09/02/2020,OWB,KY,ASO,CE,Federal Contract Tower,0,9,5,0,14,0,0,6,0,6,0,9,11,0,20,26,0,26,46
09/03/2020,OWB,KY,ASO,CE,Federal Contract Tower,0,4,11,4,19,0,2,18,4,24,0,6,29,8,43,8,18,26,69
09/04/2020,OWB,KY,ASO,CE,Federal Contract Tower,0,7,8,0,15,0,1,52,0,53,0,8,60,0,68,14,0,14,82
09/05/2020,OWB,KY,ASO,CE,Federal Contract Tower,0,6,10,0,16,0,1,57,0,58,0,7,67,0,74,32,0,32,106
09/06/2020,OWB,KY,ASO,CE,Federal Contract Tower,0,5,4,0,9,0,7,41,0,48,0,12,45,0,57,16,0,16,73
09/07/2020,OWB,KY,ASO,CE,Federal Contract Tower,0,6,9,0,15,0,0,33,0,33,0,6,42,0,48,0,0,0,48
09/08/2020,OWB,KY,ASO,CE,Federal Contract Tower,0,7,11,1,19,0,0,33,0,33,0,7,44,1,52,12,0,12,64
09/09/2020,OWB,KY,ASO,CE,Federal Contract Tower,0,7,11,2,20,0,1,27,0,28,0,8,38,2,48,32,8,40,88
09/10/2020,OWB,KY,ASO,CE,Federal Contract Tower,0,8,9,4,21,0,0,36,0,36,0,8,45,4,57,64,0,64,121
09/11/2020,OWB,KY,ASO,CE,Federal Contract Tower,0,6,13,4,23,0,1,7,2,10,0,7,20,6,33,22,0,22,55
09/12/2020,OWB,KY,ASO,CE,Federal Contract Tower,2,8,4,0,14,0,0,8,0,8,2,8,12,0,22,10,0,10,32
09/13/2020,OWB,KY,ASO,CE,Federal Contract Tower,0,8,1,0,9,0,1,17,0,18,0,9,18,0,27,0,0,0,27
09/14/2020,OWB,KY,ASO,CE,Federal Contract Tower,0,8,9,2,19,0,0,41,0,41,0,8,50,2,60,40,0,40,100
09/15/2020,OWB,KY,ASO,CE,Federal Contract Tower,0,8,7,10,25,0,0,46,7,53,0,8,53,17,78,22,0,22,100
09/16/2020,OWB,KY,ASO,CE,Federal Contract Tower,0,9,6,10,25,0,0,40,0,40,0,9,46,10,65,56,6,62,127
09/17/2020,OWB,KY,ASO,CE,Federal Contract Tower,0,4,9,7,20,0,4,30,0,34,0,8,39,7,54,56,4,60,114
09/18/2020,OWB,KY,ASO,CE,Federal Contract Tower,2,6,5,0,13,0,1,39,0,40,2,7,44,0,53,22,0,22,75
09/19/2020,OWB,KY,ASO,CE,Federal Contract Tower,0,4,11,0,15,0,5,28,0,33,0,9,39,0,48,2,0,2,50
09/20/2020,OWB,KY,ASO,CE,Federal Contract Tower,0,2,10,0,12,0,4,35,0,39,0,6,45,0,51,8,0,8,59
09/21/2020,OWB,KY,ASO,CE,Federal Contract Tower,2,6,19,2,29,0,2,31,0,33,2,8,50,2,62,36,0,36,98
09/22/2020,OWB,KY,ASO,CE,Federal Contract Tower,0,9,7,6,22,0,0,32,2,34,0,9,39,8,56,20,4,24,80
09/23/2020,OWB,KY,ASO,CE,Federal Contract Tower,0,6,16,0,22,0,1,23,2,26,0,7,39,2,48,52,0,52,100
09/24/2020,OWB,KY,ASO,CE,Federal Contract Tower,0,8,8,0,16,0,0,16,4,20,0,8,24,4,36,30,0,30,66
09/25/2020,OWB,KY,ASO,CE,Federal Contract Tower,2,6,16,5,29,0,1,48,0,49,2,7,64,5,78,66,6,72,150
09/26/2020,OWB,KY,ASO,CE,Federal Contract Tower,0,4,6,0,10,0,2,10,0,12,0,6,16,0,22,0,0,0,22
09/27/2020,OWB,KY,ASO,CE,Federal Contract Tower,0,3,5,0,8,0,4,20,0,24,0,7,25,0,32,10,0,10,42
09/28/2020,OWB,KY,ASO,CE,Federal Contract Tower,2,5,0,0,7,0,0,7,7,14,2,5,7,7,21,4,8,12,33
09/29/2020,OWB,KY,ASO,CE,Federal Contract Tower,0,12,13,1,26,0,0,27,3,30,0,12,40,4,56,80,0,80,136
09/30/2020,OWB,KY,ASO,CE,Federal Contract Tower,0,5,4,4,13,0,0,13,0,13,0,5,17,4,26,14,0,14,40
10/01/2020,OWB,KY,ASO,CE,Federal Contract Tower,0,3,15,0,18,0,4,17,2,23,0,7,32,2,41,10,4,14,55
10/02/2020,OWB,KY,ASO,CE,Federal Contract Tower,2,4,16,0,22,0,2,34,0,36,2,6,50,0,58,20,0,20,78
10/03/2020,OWB,KY,ASO,CE,Federal Contract Tower,0,4,7,0,11,0,2,41,0,43,0,6,48,0,54,20,0,20,74
10/04/2020,OWB,KY,ASO,CE,Federal Contract Tower,0,4,7,0,11,0,2,21,0,23,0,6,28,0,34,0,30,30,64
10/05/2020,OWB,KY,ASO,CE,Federal Contract Tower,2,7,9,0,18,0,5,39,0,44,2,12,48,0,62,32,0,32,94
10/06/2020,OWB,KY,ASO,CE,Federal Contract Tower,0,5,13,1,19,0,0,27,6,33,0,5,40,7,52,32,0,32,84
10/07/2020,OWB,KY,ASO,CE,Federal Contract Tower,0,5,8,6,19,0,0,33,10,43,0,5,41,16,62,12,2,14,76
10/08/2020,OWB,KY,ASO,CE,Federal Contract Tower,0,8,4,5,17,0,0,42,0,42,0,8,46,5,59,94,10,104,163
10/09/2020,OWB,KY,ASO,CE,Federal Contract Tower,2,6,11,7,26,0,2,38,0,40,2,8,49,7,66,68,10,78,144
10/10/2020,OWB,KY,ASO,CE,Federal Contract Tower,0,4,7,0,11,0,2,10,0,12,0,6,17,0,23,22,0,22,45
10/11/2020,OWB,KY,ASO,CE,Federal Contract Tower,0,4,4,0,8,0,2,10,0,12,0,6,14,0,20,0,0,0,20
10/12/2020,OWB,KY,ASO,CE,Federal Contract Tower,1,10,9,0,20,0,2,1,0,3,1,12,10,0,23,4,0,4,27
10/13/2020,OWB,KY,ASO,CE,Federal Contract Tower,2,6,4,2,14,0,0,34,0,34,2,6,38,2,48,32,0,32,80
10/14/2020,OWB,KY,ASO,CE,Federal Contract Tower,0,10,12,6,28,0,0,29,3,32,0,10,41,9,60,56,12,68,128
10/15/2020,OWB,KY,ASO,CE,Federal Contract Tower,0,7,11,0,18,0,0,3,0,3,0,7,14,0,21,6,0,6,27
10/16/2020,OWB,KY,ASO,CE,Federal Contract Tower,2,5,12,0,19,0,2,27,2,31,2,7,39,2,50,42,0,42,92
10/17/2020,OWB,KY,ASO,CE,Federal Contract Tower,0,4,4,0,8,0,4,34,0,38,0,8,38,0,46,24,0,24,70
10/18/2020,OWB,KY,ASO,CE,Federal Contract Tower,0,8,6,0,14,0,0,0,0,0,0,8,6,0,14,0,0,0,14
10/19/2020,OWB,KY,ASO,CE,Federal Contract Tower,3,8,9,0,20,0,0,0,0,0,3,8,9,0,20,0,0,0,20
10/20/2020,OWB,KY,ASO,CE,Federal Contract Tower,0,9,10,7,26,0,0,6,1,7,0,9,16,8,33,0,0,0,33
10/22/2020,OWB,KY,ASO,CE,Federal Contract Tower,0,6,6,0,12,0,2,36,0,38,0,8,42,0,50,40,0,40,90
10/23/2020,OWB,KY,ASO,CE,Federal Contract Tower,2,5,5,0,12,0,0,1,0,1,2,5,6,0,13,0,0,0,13
10/24/2020,OWB,KY,ASO,CE,Federal Contract Tower,0,4,1,0,5,0,1,1,0,2,0,5,2,0,7,0,0,0,7
10/25/2020,OWB,KY,ASO,CE,Federal Contract Tower,0,6,5,0,11,0,0,6,0,6,0,6,11,0,17,0,0,0,17
10/26/2020,OWB,KY,ASO,CE,Federal Contract Tower,2,6,16,0,24,0,0,10,0,10,2,6,26,0,34,20,0,20,54
10/27/2020,OWB,KY,ASO,CE,Federal Contract Tower,0,8,14,0,22,0,0,0,0,0,0,8,14,0,22,0,0,0,22
10/28/2020,OWB,KY,ASO,CE,Federal Contract Tower,0,6,8,0,14,0,0,0,0,0,0,6,8,0,14,0,0,0,14
10/29/2020,OWB,KY,ASO,CE,Federal Contract Tower,0,7,2,0,9,0,0,0,0,0,0,7,2,0,9,0,0,0,9
10/30/2020,OWB,KY,ASO,CE,Federal Contract Tower,2,4,9,7,22,0,3,47,6,56,2,7,56,13,78,52,0,52,130
10/31/2020,OWB,KY,ASO,CE,Federal Contract Tower,0,0,6,0,6,0,4,70,0,74,0,4,76,0,80,68,0,68,148
11/01/2020,OWB,KY,ASO,CE,Federal Contract Tower,0,1,2,0,3,0,6,8,0,14,0,7,10,0,17,0,0,0,17
11/02/2020,OWB,KY,ASO,CE,Federal Contract Tower,2,6,14,4,26,0,0,24,5,29,2,6,38,9,55,14,0,14,69
11/03/2020,OWB,KY,ASO,CE,Federal Contract Tower,0,10,6,4,20,0,0,29,2,31,0,10,35,6,51,48,14,62,113
11/04/2020,OWB,KY,ASO,CE,Federal Contract Tower,0,6,9,6,21,0,0,44,0,44,0,6,53,6,65,32,0,32,97
11/05/2020,OWB,KY,ASO,CE,Federal Contract Tower,0,8,26,4,38,0,0,28,0,28,0,8,54,4,66,26,0,26,92
11/06/2020,OWB,KY,ASO,CE,Federal Contract Tower,2,6,16,6,30,0,0,43,0,43,2,6,59,6,73,44,0,44,117
11/07/2020,OWB,KY,ASO,CE,Federal Contract Tower,0,8,3,0,11,0,1,60,0,61,0,9,63,0,72,16,0,16,88
11/08/2020,OWB,KY,ASO,CE,Federal Contract Tower,0,6,4,0,10,0,0,36,0,36,0,6,40,0,46,18,0,18,64
11/09/2020,OWB,KY,ASO,CE,Federal Contract Tower,2,9,12,6,29,0,1,34,0,35,2,10,46,6,64,20,0,20,84
11/10/2020,OWB,KY,ASO,CE,Federal Contract Tower,0,7,11,6,24,0,2,0,0,2,0,9,11,6,26,4,20,24,50
11/11/2020,OWB,KY,ASO,CE,Federal Contract Tower,0,6,5,0,11,0,0,19,0,19,0,6,24,0,30,2,0,2,32
11/12/2020,OWB,KY,ASO,CE,Federal Contract Tower,0,4,12,0,16,0,0,48,3,51,0,4,60,3,67,44,0,44,111
11/13/2020,OWB,KY,ASO,CE,Federal Contract Tower,2,2,17,4,25,0,4,32,0,36,2,6,49,4,61,20,4,24,85
11/14/2020,OWB,KY,ASO,CE,Federal Contract Tower,0,5,2,6,13,0,1,17,0,18,0,6,19,6,31,44,10,54,85
11/15/2020,OWB,KY,ASO,CE,Federal Contract Tower,0,4,1,0,5,0,2,0,0,2,0,6,1,0,7,0,0,0,7
11/16/2020,OWB,KY,ASO,CE,Federal Contract Tower,2,7,9,4,22,0,0,39,0,39,2,7,48,4,61,36,6,42,103
11/17/2020,OWB,KY,ASO,CE,Federal Contract Tower,0,10,5,0,15,0,0,10,0,10,0,10,15,0,25,22,0,22,47
11/18/2020,OWB,KY,ASO,CE,Federal Contract Tower,0,8,4,2,14,0,1,26,4,31,0,9,30,6,45,62,0,62,107
11/19/2020,OWB,KY,ASO,CE,Federal Contract Tower,0,6,8,0,14,0,0,13,0,13,0,6,21,0,27,14,0,14,41
11/20/2020,OWB,KY,ASO,CE,Federal Contract Tower,2,9,11,4,26,0,0,28,0,28,2,9,39,4,54,30,0,30,84
11/21/2020,OWB,KY,ASO,CE,Federal Contract Tower,0,7,7,0,14,0,4,11,0,15,0,11,18,0,29,4,0,4,33
11/22/2020,OWB,KY,ASO,CE,Federal Contract Tower,0,6,5,0,11,0,0,0,0,0,0,6,5,0,11,0,0,0,11
11/23/2020,OWB,KY,ASO,CE,Federal Contract Tower,2,6,4,0,12,0,0,37,0,37,2,6,41,0,49,8,0,8,57
11/24/2020,OWB,KY,ASO,CE,Federal Contract Tower,0,6,15,6,27,0,1,16,1,18,0,7,31,7,45,10,4,14,59
11/25/2020,OWB,KY,ASO,CE,Federal Contract Tower,2,5,4,0,11,0,0,0,0,0,2,5,4,0,11,0,0,0,11
11/26/2020,OWB,KY,ASO,CE,Federal Contract Tower,0,6,0,0,6,0,0,8,0,8,0,6,8,0,14,0,0,0,14
11/27/2020,OWB,KY,ASO,CE,Federal Contract Tower,0,6,1,0,7,0,0,48,0,48,0,6,49,0,55,70,0,70,125
11/28/2020,OWB,KY,ASO,CE,Federal Contract Tower,0,6,12,0,18,0,0,49,0,49,0,6,61,0,67,8,0,8,75
11/29/2020,OWB,KY,ASO,CE,Federal Contract Tower,2,6,4,0,12,0,0,25,0,25,2,6,29,0,37,8,0,8,45
11/30/2020,OWB,KY,ASO,CE,Federal Contract Tower,0,5,5,0,10,0,0,0,0,0,0,5,5,0,10,0,0,0,10
12/01/2020,OWB,KY,ASO,CE,Federal Contract Tower,0,7,10,0,17,0,0,17,1,18,0,7,27,1,35,16,0,16,51
12/02/2020,OWB,KY,ASO,CE,Federal Contract Tower,0,6,18,2,26,0,0,30,0,30,0,6,48,2,56,44,0,44,100
12/03/2020,OWB,KY,ASO,CE,Federal Contract Tower,0,6,8,1,15,0,0,11,1,12,0,6,19,2,27,10,0,10,37
12/04/2020,OWB,KY,ASO,CE,Federal Contract Tower,2,9,3,0,14,0,0,1,0,1,2,9,4,0,15,0,0,0,15
12/05/2020,OWB,KY,ASO,CE,Federal Contract Tower,0,4,18,4,26,0,2,53,4,59,0,6,71,8,85,44,0,44,129
12/06/2020,OWB,KY,ASO,CE,Federal Contract Tower,0,4,4,0,8,0,1,21,0,22,0,5,25,0,30,8,0,8,38
12/07/2020,OWB,KY,ASO,CE,Federal Contract Tower,2,9,11,0,22,0,0,12,0,12,2,9,23,0,34,22,0,22,56
12/08/2020,OWB,KY,ASO,CE,Federal Contract Tower,0,14,4,0,18,0,0,16,0,16,0,14,20,0,34,32,0,32,66
12/09/2020,OWB,KY,ASO,CE,Federal Contract Tower,0,6,7,4,17,0,0,37,6,43,0,6,44,10,60,28,46,74,134
12/10/2020,OWB,KY,ASO,CE,Federal Contract Tower,0,7,14,6,27,0,3,57,1,61,0,10,71,7,88,32,8,40,128
12/11/2020,OWB,KY,ASO,CE,Federal Contract Tower,2,6,2,0,10,0,0,21,0,21,2,6,23,0,31,34,0,34,65
12/12/2020,OWB,KY,ASO,CE,Federal Contract Tower,0,10,2,0,12,0,0,5,0,5,0,10,7,0,17,28,0,28,45
12/13/2020,OWB,KY,ASO,CE,Federal Contract Tower,0,8,2,0,10,0,0,9,0,9,0,8,11,0,19,0,0,0,19
12/14/2020,OWB,KY,ASO,CE,Federal Contract Tower,2,5,4,0,11,0,0,0,0,0,2,5,4,0,11,0,0,0,11
12/15/2020,OWB,KY,ASO,CE,Federal Contract Tower,0,6,5,5,16,0,0,23,1,24,0,6,28,6,40,26,16,42,82
12/16/2020,OWB,KY,ASO,CE,Federal Contract Tower,0,12,3,0,15,0,0,0,0,0,0,12,3,0,15,0,0,0,15
12/17/2020,OWB,KY,ASO,CE,Federal Contract Tower,0,7,9,4,20,0,0,14,0,14,0,7,23,4,34,32,8,40,74
12/18/2020,OWB,KY,ASO,CE,Federal Contract Tower,2,3,17,0,22,0,3,32,0,35,2,6,49,0,57,16,0,16,73
12/19/2020,OWB,KY,ASO,CE,Federal Contract Tower,0,5,3,0,8,0,0,15,0,15,0,5,18,0,23,26,0,26,49
12/20/2020,OWB,KY,ASO,CE,Federal Contract Tower,0,5,2,0,7,0,1,15,0,16,0,6,17,0,23,20,0,20,43
12/21/2020,OWB,KY,ASO,CE,Federal Contract Tower,2,4,6,0,12,0,2,17,0,19,2,6,23,0,31,14,0,14,45
12/22/2020,OWB,KY,ASO,CE,Federal Contract Tower,0,4,14,0,18,0,1,39,0,40,0,5,53,0,58,52,0,52,110
12/23/2020,OWB,KY,ASO,CE,Federal Contract Tower,0,6,4,0,10,0,0,8,0,8,0,6,12,0,18,4,0,4,22
12/24/2020,OWB,KY,ASO,CE,Federal Contract Tower,2,6,0,0,8,0,0,2,0,2,2,6,2,0,10,8,0,8,18
12/25/2020,OWB,KY,ASO,CE,Federal Contract Tower,0,5,2,0,7,0,1,0,0,1,0,6,2,0,8,0,0,0,8
12/26/2020,OWB,KY,ASO,CE,Federal Contract Tower,0,4,6,0,10,0,3,35,0,38,0,7,41,0,48,42,0,42,90
12/27/2020,OWB,KY,ASO,CE,Federal Contract Tower,2,5,2,0,9,0,3,15,0,18,2,8,17,0,27,0,0,0,27
12/28/2020,OWB,KY,ASO,CE,Federal Contract Tower,0,9,9,2,20,0,0,12,0,12,0,9,21,2,32,58,0,58,90
12/29/2020,OWB,KY,ASO,CE,Federal Contract Tower,0,8,14,0,22,0,2,29,0,31,0,10,43,0,53,26,0,26,79
12/30/2020,OWB,KY,ASO,CE,Federal Contract Tower,0,6,0,0,6,0,0,0,0,0,0,6,0,0,6,0,0,0,6
12/31/2020,OWB,KY,ASO,CE,Federal Contract Tower,2,6,6,0,14,0,0,2,0,2,2,6,8,0,16,6,0,6,22
01/01/2021,OWB,KY,ASO,CE,Federal Contract Tower,0,6,0,0,6,0,0,3,0,3,0,6,3,0,9,6,0,6,15
01/02/2021,OWB,KY,ASO,CE,Federal Contract Tower,0,8,4,0,12,0,1,0,0,1,0,9,4,0,13,0,0,0,13
01/03/2021,OWB,KY,ASO,CE,Federal Contract Tower,2,7,4,0,13,0,3,17,0,20,2,10,21,0,33,24,0,24,57
01/04/2021,OWB,KY,ASO,CE,Federal Contract Tower,0,7,2,0,9,0,0,26,0,26,0,7,28,0,35,4,0,4,39
01/05/2021,OWB,KY,ASO,CE,Federal Contract Tower,0,6,2,3,11,0,0,21,1,22,0,6,23,4,33,28,0,28,61
01/06/2021,OWB,KY,ASO,CE,Federal Contract Tower,0,8,11,0,19,0,1,24,0,25,0,9,35,0,44,26,0,26,70
01/07/2021,OWB,KY,ASO,CE,Federal Contract Tower,0,6,5,8,19,0,0,1,1,2,0,6,6,9,21,18,2,20,41
01/08/2021,OWB,KY,ASO,CE,Federal Contract Tower,2,8,5,0,15,0,0,4,0,4,2,8,9,0,19,20,0,20,39
01/09/2021,OWB,KY,ASO,CE,Federal Contract Tower,0,5,7,0,12,0,0,31,0,31,0,5,38,0,43,28,0,28,71
01/10/2021,OWB,KY,ASO,CE,Federal Contract Tower,0,5,5,0,10,0,1,7,0,8,0,6,12,0,18,13,0,13,31
01/11/2021,OWB,KY,ASO,CE,Federal Contract Tower,2,9,3,4,18,0,0,3,0,3,2,9,6,4,21,16,0,16,37
01/12/2021,OWB,KY,ASO,CE,Federal Contract Tower,0,7,27,9,43,0,0,29,3,32,0,7,56,12,75,22,34,56,131
01/13/2021,OWB,KY,ASO,CE,Federal Contract Tower,0,8,11,2,21,0,0,39,1,40,0,8,50,3,61,14,0,14,75
01/14/2021,OWB,KY,ASO,CE,Federal Contract Tower,0,10,15,5,30,0,0,32,4,36,0,10,47,9,66,10,2,12,78
01/15/2021,OWB,KY,ASO,CE,Federal Contract Tower,2,5,1,2,10,0,0,5,0,5,2,5,6,2,15,0,0,0,15
01/16/2021,OWB,KY,ASO,CE,Federal Contract Tower,0,8,0,0,8,0,0,4,0,4,0,8,4,0,12,4,0,4,16
01/17/2021,OWB,KY,ASO,CE,Federal Contract Tower,0,8,2,0,10,0,0,4,0,4,0,8,6,0,14,0,0,0,14
01/18/2021,OWB,KY,ASO,CE,Federal Contract Tower,2,9,17,0,28,0,0,27,0,27,2,9,44,0,55,36,0,36,91
01/19/2021,OWB,KY,ASO,CE,Federal Contract Tower,0,7,4,4,15,0,0,31,0,31,0,7,35,4,46,52,0,52,98
01/20/2021,OWB,KY,ASO,CE,Federal Contract Tower,0,7,4,0,11,0,0,32,0,32,0,7,36,0,43,30,0,30,73
01/21/2021,OWB,KY,ASO,CE,Federal Contract Tower,0,9,12,7,28,0,1,24,3,28,0,10,36,10,56,14,28,42,98
01/22/2021,OWB,KY,ASO,CE,Federal Contract Tower,3,6,6,6,21,0,1,20,0,21,3,7,26,6,42,18,10,28,70
01/23/2021,OWB,KY,ASO,CE,Federal Contract Tower,0,3,9,0,12,0,1,56,0,57,0,4,65,0,69,60,0,60,129
01/24/2021,OWB,KY,ASO,CE,Federal Contract Tower,0,5,0,0,5,0,0,0,0,0,0,5,0,0,5,0,0,0,5
01/25/2021,OWB,KY,ASO,CE,Federal Contract Tower,2,7,3,0,12,0,0,0,0,0,2,7,3,0,12,0,0,0,12
01/26/2021,OWB,KY,ASO,CE,Federal Contract Tower,0,6,12,2,20,0,0,12,2,14,0,6,24,4,34,0,0,0,34
01/27/2021,OWB,KY,ASO,CE,Federal Contract Tower,0,4,7,0,11,0,0,2,0,2,0,4,9,0,13,24,0,24,37
01/28/2021,OWB,KY,ASO,CE,Federal Contract Tower,0,9,13,0,22,0,0,25,6,31,0,9,38,6,53,58,0,58,111
01/29/2021,OWB,KY,ASO,CE,Federal Contract Tower,2,2,5,0,9,0,3,66,0,69,2,5,71,0,78,54,0,54,132
01/30/2021,OWB,KY,ASO,CE,Federal Contract Tower,0,5,3,0,8,0,0,10,0,10,0,5,13,0,18,72,0,72,90
01/31/2021,OWB,KY,ASO,CE,Federal Contract Tower,0,6,0,0,6,0,0,0,0,0,0,6,0,0,6,0,0,0,6
02/01/2021,OWB,KY,ASO,CE,Federal Contract Tower,2,7,3,0,12,0,0,1,0,1,2,7,4,0,13,0,0,0,13
02/02/2021,OWB,KY,ASO,CE,Federal Contract Tower,0,6,11,0,17,0,0,27,4,31,0,6,38,4,48,10,0,10,58
02/03/2021,OWB,KY,ASO,CE,Federal Contract Tower,0,7,11,2,20,0,0,30,2,32,0,7,41,4,52,38,0,38,90
02/04/2021,OWB,KY,ASO,CE,Federal Contract Tower,0,6,2,2,10,0,0,0,0,0,0,6,2,2,10,0,0,0,10
02/05/2021,OWB,KY,ASO,CE,Federal Contract Tower,2,3,18,2,25,0,5,16,0,21,2,8,34,2,46,26,0,26,72
02/06/2021,OWB,KY,ASO,CE,Federal Contract Tower,0,8,13,0,21,0,0,45,0,45,0,8,58,0,66,30,0,30,96
02/07/2021,OWB,KY,ASO,CE,Federal Contract Tower,0,5,8,4,17,0,1,17,0,18,0,6,25,4,35,0,0,0,35
02/08/2021,OWB,KY,ASO,CE,Federal Contract Tower,2,10,7,0,19,0,0,17,0,17,2,10,24,0,36,14,0,14,50
02/09/2021,OWB,KY,ASO,CE,Federal Contract Tower,0,5,4,0,9,0,0,0,0,0,0,5,4,0,9,0,0,0,9
02/10/2021,OWB,KY,ASO,CE,Federal Contract Tower,0,0,0,0,0,0,0,0,0,0,0,0,0,0,0,0,0,0,0
02/11/2021,OWB,KY,ASO,CE,Federal Contract Tower,0,2,0,0,2,0,0,0,0,0,0,2,0,0,2,0,0,0,2
02/12/2021,OWB,KY,ASO,CE,Federal Contract Tower,2,7,2,0,11,0,0,7,0,7,2,7,9,0,18,18,0,18,36
02/13/2021,OWB,KY,ASO,CE,Federal Contract Tower,0,5,0,0,5,0,0,16,0,16,0,5,16,0,21,0,0,0,21
02/14/2021,OWB,KY,ASO,CE,Federal Contract Tower,0,5,0,0,5,0,0,5,0,5,0,5,5,0,10,0,0,0,10
02/15/2021,OWB,KY,ASO,CE,Federal Contract Tower,2,2,0,0,4,0,0,0,0,0,2,2,0,0,4,0,0,0,4
02/16/2021,OWB,KY,ASO,CE,Federal Contract Tower,0,7,0,0,7,0,0,0,0,0,0,7,0,0,7,0,0,0,7
02/17/2021,OWB,KY,ASO,CE,Federal Contract Tower,0,7,4,0,11,0,0,10,0,10,0,7,14,0,21,0,0,0,21
02/18/2021,OWB,KY,ASO,CE,Federal Contract Tower,0,5,5,0,10,0,1,0,0,1,0,6,5,0,11,0,0,0,11
02/19/2021,OWB,KY,ASO,CE,Federal Contract Tower,2,5,13,0,20,0,2,11,0,13,2,7,24,0,33,16,0,16,49
02/20/2021,OWB,KY,ASO,CE,Federal Contract Tower,0,4,11,0,15,0,3,31,0,34,0,7,42,0,49,0,0,0,49
02/21/2021,OWB,KY,ASO,CE,Federal Contract Tower,0,4,5,0,9,0,2,23,0,25,0,6,28,0,34,18,0,18,52
02/22/2021,OWB,KY,ASO,CE,Federal Contract Tower,2,9,3,4,18,0,1,15,0,16,2,10,18,4,34,50,0,50,84
02/23/2021,OWB,KY,ASO,CE,Federal Contract Tower,0,6,9,1,16,0,2,47,1,50,0,8,56,2,66,38,0,38,104
02/24/2021,OWB,KY,ASO,CE,Federal Contract Tower,0,11,4,0,15,0,0,20,0,20,0,11,24,0,35,16,0,16,51
02/25/2021,OWB,KY,ASO,CE,Federal Contract Tower,0,6,8,3,17,0,0,46,0,46,0,6,54,3,63,30,0,30,93
02/26/2021,OWB,KY,ASO,CE,Federal Contract Tower,2,8,11,0,21,0,2,8,0,10,2,10,19,0,31,30,0,30,61
02/27/2021,OWB,KY,ASO,CE,Federal Contract Tower,0,9,13,0,22,0,0,2,0,2,0,9,15,0,24,42,0,42,66
02/28/2021,OWB,KY,ASO,CE,Federal Contract Tower,0,7,5,0,12,0,0,0,0,0,0,7,5,0,12,0,0,0,12
03/01/2021,OWB,KY,ASO,CE,Federal Contract Tower,2,8,12,2,24,0,0,11,0,11,2,8,23,2,35,10,0,10,45
03/02/2021,OWB,KY,ASO,CE,Federal Contract Tower,0,10,11,2,23,0,3,28,2,33,0,13,39,4,56,42,0,42,98
03/03/2021,OWB,KY,ASO,CE,Federal Contract Tower,0,7,15,7,29,0,1,36,0,37,0,8,51,7,66,94,6,100,166
03/04/2021,OWB,KY,ASO,CE,Federal Contract Tower,0,5,11,0,16,0,6,48,0,54,0,11,59,0,70,54,0,54,124
03/05/2021,OWB,KY,ASO,CE,Federal Contract Tower,2,2,11,4,19,0,2,41,0,43,2,4,52,4,62,58,0,58,120
03/06/2021,OWB,KY,ASO,CE,Federal Contract Tower,0,0,13,0,13,0,5,58,0,63,0,5,71,0,76,30,0,30,106
03/07/2021,OWB,KY,ASO,CE,Federal Contract Tower,0,2,6,0,8,0,4,41,0,45,0,6,47,0,53,8,0,8,61
03/08/2021,OWB,KY,ASO,CE,Federal Contract Tower,2,6,11,3,22,0,0,12,7,19,2,6,23,10,41,28,4,32,73
03/09/2021,OWB,KY,ASO,CE,Federal Contract Tower,0,6,16,0,22,0,1,36,3,40,0,7,52,3,62,52,0,52,114
03/10/2021,OWB,KY,ASO,CE,Federal Contract Tower,0,11,10,6,27,0,0,35,6,41,0,11,45,12,68,8,20,28,96
03/11/2021,OWB,KY,ASO,CE,Federal Contract Tower,0,8,3,0,11,0,0,5,2,7,0,8,8,2,18,22,0,22,40
03/12/2021,OWB,KY,ASO,CE,Federal Contract Tower,2,7,11,0,20,0,0,17,0,17,2,7,28,0,37,22,0,22,59
03/13/2021,OWB,KY,ASO,CE,Federal Contract Tower,0,7,11,1,19,0,0,25,0,25,0,7,36,1,44,42,0,42,86
03/14/2021,OWB,KY,ASO,CE,Federal Contract Tower,0,8,15,0,23,0,0,36,0,36,0,8,51,0,59,34,0,34,93
03/15/2021,OWB,KY,ASO,CE,Federal Contract Tower,2,9,9,0,20,0,0,1,0,1,2,9,10,0,21,0,0,0,21
03/16/2021,OWB,KY,ASO,CE,Federal Contract Tower,0,8,19,0,27,0,0,33,0,33,0,8,52,0,60,63,0,63,123
03/17/2021,OWB,KY,ASO,CE,Federal Contract Tower,0,5,15,0,20,0,0,4,0,4,0,5,19,0,24,0,0,0,24
03/18/2021,OWB,KY,ASO,CE,Federal Contract Tower,0,8,13,2,23,0,1,7,0,8,0,9,20,2,31,32,6,38,69
03/19/2021,OWB,KY,ASO,CE,Federal Contract Tower,2,8,16,4,30,0,0,32,2,34,2,8,48,6,64,20,0,20,84
03/20/2021,OWB,KY,ASO,CE,Federal Contract Tower,0,5,10,2,17,0,3,57,0,60,0,8,67,2,77,34,8,42,119
03/21/2021,OWB,KY,ASO,CE,Federal Contract Tower,0,5,10,0,15,0,6,54,0,60,0,11,64,0,75,50,0,50,125
03/22/2021,OWB,KY,ASO,CE,Federal Contract Tower,0,6,8,2,16,0,0,34,0,34,0,6,42,2,50,40,0,40,90
03/23/2021,OWB,KY,ASO,CE,Federal Contract Tower,0,10,8,6,24,0,0,0,0,0,0,10,8,6,24,2,8,10,34
03/24/2021,OWB,KY,ASO,CE,Federal Contract Tower,0,8,10,3,21,0,0,38,0,38,0,8,48,3,59,56,18,74,133
03/25/2021,OWB,KY,ASO,CE,Federal Contract Tower,0,6,1,0,7,0,0,4,0,4,0,6,5,0,11,10,0,10,21
03/26/2021,OWB,KY,ASO,CE,Federal Contract Tower,0,7,8,1,16,0,9,27,0,36,0,16,35,1,52,54,0,54,106
03/27/2021,OWB,KY,ASO,CE,Federal Contract Tower,0,4,14,0,18,0,7,26,0,33,0,11,40,0,51,42,0,42,93
03/28/2021,OWB,KY,ASO,CE,Federal Contract Tower,0,4,4,0,8,0,4,1,0,5,0,8,5,0,13,0,0,0,13
03/29/2021,OWB,KY,ASO,CE,Federal Contract Tower,2,6,9,2,19,0,0,47,0,47,2,6,56,2,66,42,0,42,108
03/30/2021,OWB,KY,ASO,CE,Federal Contract Tower,0,6,4,0,10,0,0,27,3,30,0,6,31,3,40,6,20,26,66
03/31/2021,OWB,KY,ASO,CE,Federal Contract Tower,0,5,9,6,20,0,0,19,3,22,0,5,28,9,42,14,10,24,66
04/01/2021,OWB,KY,ASO,CE,Federal Contract Tower,0,3,9,4,16,0,5,24,0,29,0,8,33,4,45,20,10,30,75
04/02/2021,OWB,KY,ASO,CE,Federal Contract Tower,2,2,10,0,14,0,1,47,0,48,2,3,57,0,62,48,0,48,110
04/03/2021,OWB,KY,ASO,CE,Federal Contract Tower,0,3,8,0,11,0,5,32,0,37,0,8,40,0,48,40,0,40,88
04/04/2021,OWB,KY,ASO,CE,Federal Contract Tower,0,2,8,0,10,0,5,33,0,38,0,7,41,0,48,30,0,30,78
04/05/2021,OWB,KY,ASO,CE,Federal Contract Tower,2,8,14,0,24,0,0,17,0,17,2,8,31,0,41,44,0,44,85
04/06/2021,OWB,KY,ASO,CE,Federal Contract Tower,0,6,9,2,17,0,0,27,0,27,0,6,36,2,44,60,8,68,112
04/07/2021,OWB,KY,ASO,CE,Federal Contract Tower,0,9,12,2,23,0,0,30,3,33,0,9,42,5,56,36,24,60,116
04/08/2021,OWB,KY,ASO,CE,Federal Contract Tower,0,8,3,2,13,0,0,6,0,6,0,8,9,2,19,2,0,2,21
04/09/2021,OWB,KY,ASO,CE,Federal Contract Tower,2,5,3,2,12,0,1,29,0,30,2,6,32,2,42,16,0,16,58
04/10/2021,OWB,KY,ASO,CE,Federal Contract Tower,0,7,4,0,11,0,1,1,0,2,0,8,5,0,13,8,0,8,21
04/11/2021,OWB,KY,ASO,CE,Federal Contract Tower,0,6,6,0,12,0,6,4,0,10,0,12,10,0,22,0,0,0,22
04/12/2021,OWB,KY,ASO,CE,Federal Contract Tower,0,9,7,1,17,0,2,34,1,37,0,11,41,2,54,52,0,52,106
04/13/2021,OWB,KY,ASO,CE,Federal Contract Tower,0,6,6,1,13,0,0,45,1,46,0,6,51,2,59,36,0,36,95
04/14/2021,OWB,KY,ASO,CE,Federal Contract Tower,0,6,16,3,25,0,1,16,0,17,0,7,32,3,42,32,0,32,74
04/15/2021,OWB,KY,ASO,CE,Federal Contract Tower,0,6,14,2,22,0,3,34,0,37,0,9,48,2,59,40,0,40,99
04/16/2021,OWB,KY,ASO,CE,Federal Contract Tower,0,7,6,0,13,0,2,47,0,49,0,9,53,0,62,52,0,52,114
04/17/2021,OWB,KY,ASO,CE,Federal Contract Tower,0,2,7,0,9,0,2,32,0,34,0,4,39,0,43,52,0,52,95
04/18/2021,OWB,KY,ASO,CE,Federal Contract Tower,0,8,5,0,13,0,0,29,0,29,0,8,34,0,42,8,0,8,50
04/19/2021,OWB,KY,ASO,CE,Federal Contract Tower,2,7,14,0,23,0,1,45,0,46,2,8,59,0,69,36,0,36,105
04/20/2021,OWB,KY,ASO,CE,Federal Contract Tower,0,8,14,2,24,0,0,19,0,19,0,8,33,2,43,30,14,44,87
04/21/2021,OWB,KY,ASO,CE,Federal Contract Tower,0,2,10,2,14,0,0,15,0,15,0,2,25,2,29,0,0,0,29
04/22/2021,OWB,KY,ASO,CE,Federal Contract Tower,0,7,3,2,12,0,2,30,0,32,0,9,33,2,44,36,0,36,80
04/23/2021,OWB,KY,ASO,CE,Federal Contract Tower,2,7,19,8,36,0,2,35,0,37,2,9,54,8,73,24,0,24,97
04/24/2021,OWB,KY,ASO,CE,Federal Contract Tower,0,6,7,0,13,0,0,0,0,0,0,6,7,0,13,0,0,0,13
04/25/2021,OWB,KY,ASO,CE,Federal Contract Tower,0,6,19,0,25,0,3,31,0,34,0,9,50,0,59,14,0,14,73
04/26/2021,OWB,KY,ASO,CE,Federal Contract Tower,2,5,15,4,26,0,2,36,0,38,2,7,51,4,64,26,0,26,90
04/27/2021,OWB,KY,ASO,CE,Federal Contract Tower,0,5,7,4,16,0,3,20,2,25,0,8,27,6,41,12,0,12,53
04/28/2021,OWB,KY,ASO,CE,Federal Contract Tower,0,2,3,4,9,0,2,10,0,12,0,4,13,4,21,30,0,30,51
04/29/2021,OWB,KY,ASO,CE,Federal Contract Tower,0,6,9,0,15,0,0,7,0,7,0,6,16,0,22,18,0,18,40
04/30/2021,OWB,KY,ASO,CE,Federal Contract Tower,2,3,13,2,20,0,4,25,0,29,2,7,38,2,49,26,0,26,75
05/01/2021,OWB,KY,ASO,CE,Federal Contract Tower,0,1,7,2,10,0,4,61,0,65,0,5,68,2,75,22,0,22,97
05/02/2021,OWB,KY,ASO,CE,Federal Contract Tower,0,8,11,0,19,0,0,19,0,19,0,8,30,0,38,0,0,0,38
05/03/2021,OWB,KY,ASO,CE,Federal Contract Tower,2,8,10,2,22,0,0,7,2,9,2,8,17,4,31,8,0,8,39
05/04/2021,OWB,KY,ASO,CE,Federal Contract Tower,0,6,0,0,6,0,0,0,0,0,0,6,0,0,6,0,0,0,6
05/05/2021,OWB,KY,ASO,CE,Federal Contract Tower,0,6,18,3,27,0,0,23,1,24,0,6,41,4,51,60,8,68,119
05/06/2021,OWB,KY,ASO,CE,Federal Contract Tower,0,8,6,2,16,0,2,20,4,26,0,10,26,6,42,42,6,48,90
05/07/2021,OWB,KY,ASO,CE,Federal Contract Tower,2,2,2,4,10,0,4,44,0,48,2,6,46,4,58,38,0,38,96
05/08/2021,OWB,KY,ASO,CE,Federal Contract Tower,0,8,6,0,14,0,0,32,0,32,0,8,38,0,46,36,0,36,82
05/09/2021,OWB,KY,ASO,CE,Federal Contract Tower,0,5,1,0,6,0,0,1,0,1,0,5,2,0,7,0,0,0,7
05/10/2021,OWB,KY,ASO,CE,Federal Contract Tower,2,6,27,0,35,0,3,36,6,45,2,9,63,6,80,30,0,30,110
05/11/2021,OWB,KY,ASO,CE,Federal Contract Tower,0,6,14,2,22,0,1,35,0,36,0,7,49,2,58,46,0,46,104
05/12/2021,OWB,KY,ASO,CE,Federal Contract Tower,0,3,17,8,28,0,3,21,0,24,0,6,38,8,52,40,8,48,100
05/13/2021,OWB,KY,ASO,CE,Federal Contract Tower,0,1,14,5,20,0,5,53,1,59,0,6,67,6,79,114,0,114,193
05/14/2021,OWB,KY,ASO,CE,Federal Contract Tower,2,7,8,6,23,0,6,54,0,60,2,13,62,6,83,52,8,60,143
05/15/2021,OWB,KY,ASO,CE,Federal Contract Tower,0,2,5,0,7,0,3,64,0,67,0,5,69,0,74,24,0,24,98
05/16/2021,OWB,KY,ASO,CE,Federal Contract Tower,0,4,8,0,12,0,1,29,0,30,0,5,37,0,42,0,0,0,42
05/17/2021,OWB,KY,ASO,CE,Federal Contract Tower,2,5,11,5,23,0,0,10,1,11,2,5,21,6,34,12,10,22,56
05/18/2021,OWB,KY,ASO,CE,Federal Contract Tower,0,7,5,3,15,0,2,27,0,29,0,9,32,3,44,6,0,6,50
05/19/2021,OWB,KY,ASO,CE,Federal Contract Tower,0,8,10,3,21,0,0,37,5,42,0,8,47,8,63,30,10,40,103
05/20/2021,OWB,KY,ASO,CE,Federal Contract Tower,0,6,17,3,26,0,0,26,1,27,0,6,43,4,53,90,0,90,143
05/21/2021,OWB,KY,ASO,CE,Federal Contract Tower,1,4,10,2,17,0,1,44,0,45,1,5,54,2,62,34,0,34,96
05/22/2021,OWB,KY,ASO,CE,Federal Contract Tower,0,5,6,0,11,0,1,49,0,50,0,6,55,0,61,8,0,8,69
05/23/2021,OWB,KY,ASO,CE,Federal Contract Tower,0,4,4,0,8,0,3,37,0,40,0,7,41,0,48,8,0,8,56
05/24/2021,OWB,KY,ASO,CE,Federal Contract Tower,2,8,6,0,16,0,0,33,0,33,2,8,39,0,49,8,0,8,57
05/25/2021,OWB,KY,ASO,CE,Federal Contract Tower,0,7,10,8,25,0,0,18,7,25,0,7,28,15,50,8,14,22,72
05/26/2021,OWB,KY,ASO,CE,Federal Contract Tower,1,12,4,0,17,0,0,5,0,5,1,12,9,0,22,24,2,26,48
05/27/2021,OWB,KY,ASO,CE,Federal Contract Tower,0,8,10,0,18,0,0,30,0,30,0,8,40,0,48,14,0,14,62
05/28/2021,OWB,KY,ASO,CE,Federal Contract Tower,2,5,11,0,18,0,0,1,1,2,2,5,12,1,20,16,0,16,36
05/29/2021,OWB,KY,ASO,CE,Federal Contract Tower,0,5,3,0,8,0,1,12,1,14,0,6,15,1,22,38,0,38,60
05/30/2021,OWB,KY,ASO,CE,Federal Contract Tower,0,4,5,0,9,0,4,39,0,43,0,8,44,0,52,36,0,36,88
05/31/2021,OWB,KY,ASO,CE,Federal Contract Tower,2,6,4,0,12,0,0,33,0,33,2,6,37,0,45,42,0,42,87
06/01/2021,OWB,KY,ASO,CE,Federal Contract Tower,0,7,7,2,16,0,0,16,0,16,0,7,23,2,32,24,0,24,56
06/02/2021,OWB,KY,ASO,CE,Federal Contract Tower,2,9,25,0,36,0,0,0,0,0,2,9,25,0,36,0,0,0,36
06/03/2021,OWB,KY,ASO,CE,Federal Contract Tower,0,7,16,0,23,0,0,9,2,11,0,7,25,2,34,2,0,2,36
06/04/2021,OWB,KY,ASO,CE,Federal Contract Tower,2,6,14,0,22,0,1,56,0,57,2,7,70,0,79,30,0,30,109
06/05/2021,OWB,KY,ASO,CE,Federal Contract Tower,0,6,8,0,14,0,3,62,0,65,0,9,70,0,79,92,0,92,171
06/06/2021,OWB,KY,ASO,CE,Federal Contract Tower,0,6,7,1,14,0,0,15,0,15,0,6,22,1,29,52,0,52,81
06/07/2021,OWB,KY,ASO,CE,Federal Contract Tower,2,9,8,0,19,0,0,1,0,1,2,9,9,0,20,0,0,0,20
06/08/2021,OWB,KY,ASO,CE,Federal Contract Tower,0,8,13,0,21,0,0,7,0,7,0,8,20,0,28,20,0,20,48
06/09/2021,OWB,KY,ASO,CE,Federal Contract Tower,2,8,12,8,30,0,0,10,0,10,2,8,22,8,40,24,0,24,64
06/10/2021,OWB,KY,ASO,CE,Federal Contract Tower,0,15,8,0,23,0,0,7,0,7,0,15,15,0,30,0,0,0,30
06/11/2021,OWB,KY,ASO,CE,Federal Contract Tower,2,15,16,0,33,0,8,23,0,31,2,23,39,0,64,24,0,24,88
06/12/2021,OWB,KY,ASO,CE,Federal Contract Tower,0,1,3,0,4,0,5,32,0,37,0,6,35,0,41,54,0,54,95
06/13/2021,OWB,KY,ASO,CE,Federal Contract Tower,0,7,7,6,20,0,2,33,0,35,0,9,40,6,55,0,0,0,55
06/14/2021,OWB,KY,ASO,CE,Federal Contract Tower,2,7,15,2,26,0,0,28,2,30,2,7,43,4,56,30,0,30,86
06/15/2021,OWB,KY,ASO,CE,Federal Contract Tower,0,7,28,9,44,0,0,40,1,41,0,7,68,10,85,50,0,50,135
06/16/2021,OWB,KY,ASO,CE,Federal Contract Tower,2,7,11,1,21,0,0,43,2,45,2,7,54,3,66,52,0,52,118
06/17/2021,OWB,KY,ASO,CE,Federal Contract Tower,0,9,22,4,35,0,0,51,2,53,0,9,73,6,88,8,0,8,96
06/18/2021,OWB,KY,ASO,CE,Federal Contract Tower,2,6,15,1,24,0,5,32,0,37,2,11,47,1,61,40,0,40,101
06/19/2021,OWB,KY,ASO,CE,Federal Contract Tower,0,5,10,0,15,0,1,28,0,29,0,6,38,0,44,54,0,54,98
06/20/2021,OWB,KY,ASO,CE,Federal Contract Tower,0,5,3,0,8,0,3,9,0,12,0,8,12,0,20,6,0,6,26
06/21/2021,OWB,KY,ASO,CE,Federal Contract Tower,2,11,5,4,22,0,0,11,0,11,2,11,16,4,33,34,0,34,67
06/22/2021,OWB,KY,ASO,CE,Federal Contract Tower,0,8,8,6,22,0,0,54,6,60,0,8,62,12,82,44,0,44,126
06/23/2021,OWB,KY,ASO,CE,Federal Contract Tower,2,6,21,6,35,0,0,55,12,67,2,6,76,18,102,58,32,90,192
06/24/2021,OWB,KY,ASO,CE,Federal Contract Tower,0,4,8,8,20,0,2,26,5,33,0,6,34,13,53,26,14,40,93
06/25/2021,OWB,KY,ASO,CE,Federal Contract Tower,2,9,9,0,20,0,0,20,0,20,2,9,29,0,40,2,0,2,42
06/26/2021,OWB,KY,ASO,CE,Federal Contract Tower,0,12,3,0,15,0,7,9,0,16,0,19,12,0,31,6,0,6,37
06/27/2021,OWB,KY,ASO,CE,Federal Contract Tower,0,5,11,0,16,0,1,22,0,23,0,6,33,0,39,20,0,20,59
06/28/2021,OWB,KY,ASO,CE,Federal Contract Tower,2,3,9,15,29,0,0,19,0,19,2,3,28,15,48,4,0,4,52
06/29/2021,OWB,KY,ASO,CE,Federal Contract Tower,0,13,10,5,28,0,0,11,1,12,0,13,21,6,40,10,14,24,64
06/30/2021,OWB,KY,ASO,CE,Federal Contract Tower,2,6,10,2,20,0,0,16,5,21,2,6,26,7,41,18,0,18,59
07/01/2021,OWB,KY,ASO,CE,Federal Contract Tower,0,10,8,0,18,0,0,4,0,4,0,10,12,0,22,4,0,4,26
07/02/2021,OWB,KY,ASO,CE,Federal Contract Tower,2,6,11,2,21,0,0,44,0,44,2,6,55,2,65,40,14,54,119
07/03/2021,OWB,KY,ASO,CE,Federal Contract Tower,0,4,8,0,12,0,4,30,0,34,0,8,38,0,46,14,0,14,60
07/04/2021,OWB,KY,ASO,CE,Federal Contract Tower,0,0,0,0,0,0,4,21,0,25,0,4,21,0,25,18,0,18,43
07/05/2021,OWB,KY,ASO,CE,Federal Contract Tower,2,6,9,0,17,0,0,33,0,33,2,6,42,0,50,18,0,18,68
07/06/2021,OWB,KY,ASO,CE,Federal Contract Tower,0,6,7,1,14,0,2,23,1,26,0,8,30,2,40,36,0,36,76
07/07/2021,OWB,KY,ASO,CE,Federal Contract Tower,2,7,9,1,19,0,2,29,2,33,2,9,38,3,52,52,18,70,122
07/08/2021,OWB,KY,ASO,CE,Federal Contract Tower,0,2,15,5,22,0,3,18,0,21,0,5,33,5,43,0,2,2,45
07/09/2021,OWB,KY,ASO,CE,Federal Contract Tower,2,3,21,1,27,0,7,19,0,26,2,10,40,1,53,0,0,0,53
07/10/2021,OWB,KY,ASO,CE,Federal Contract Tower,0,5,5,0,10,0,2,0,0,2,0,7,5,0,12,0,0,0,12
07/12/2021,OWB,KY,ASO,CE,Federal Contract Tower,2,8,7,0,17,0,0,5,0,5,2,8,12,0,22,8,0,8,30
07/13/2021,OWB,KY,ASO,CE,Federal Contract Tower,0,6,17,0,23,0,1,19,3,23,0,7,36,3,46,28,4,32,78
07/14/2021,OWB,KY,ASO,CE,Federal Contract Tower,2,9,22,4,37,0,2,37,1,40,2,11,59,5,77,46,0,46,123
07/15/2021,OWB,KY,ASO,CE,Federal Contract Tower,0,9,9,7,25,0,1,33,12,46,0,10,42,19,71,58,6,64,135
07/16/2021,OWB,KY,ASO,CE,Federal Contract Tower,2,6,5,2,15,0,0,16,0,16,2,6,21,2,31,20,0,20,51
07/17/2021,OWB,KY,ASO,CE,Federal Contract Tower,0,7,12,0,19,0,0,13,10,23,0,7,25,10,42,0,0,0,42
07/18/2021,OWB,KY,ASO,CE,Federal Contract Tower,0,7,5,0,12,0,0,12,0,12,0,7,17,0,24,52,0,52,76
07/19/2021,OWB,KY,ASO,CE,Federal Contract Tower,2,9,7,4,22,0,0,19,0,19,2,9,26,4,41,18,0,18,59
07/20/2021,OWB,KY,ASO,CE,Federal Contract Tower,0,5,11,7,23,0,0,36,0,36,0,5,47,7,59,50,14,64,123
07/21/2021,OWB,KY,ASO,CE,Federal Contract Tower,2,7,19,8,36,0,1,28,2,31,2,8,47,10,67,36,4,40,107
07/22/2021,OWB,KY,ASO,CE,Federal Contract Tower,0,10,24,9,43,0,1,37,0,38,0,11,61,9,81,48,0,48,129
07/23/2021,OWB,KY,ASO,CE,Federal Contract Tower,2,8,3,10,23,0,2,26,0,28,2,10,29,10,51,46,2,48,99
07/24/2021,OWB,KY,ASO,CE,Federal Contract Tower,0,5,4,0,9,0,3,28,8,39,0,8,32,8,48,50,0,50,98
07/25/2021,OWB,KY,ASO,CE,Federal Contract Tower,0,7,11,0,18,0,0,11,0,11,0,7,22,0,29,42,0,42,71
07/26/2021,OWB,KY,ASO,CE,Federal Contract Tower,2,8,13,0,23,0,0,27,4,31,2,8,40,4,54,16,0,16,70
07/27/2021,OWB,KY,ASO,CE,Federal Contract Tower,0,6,13,7,26,0,0,38,2,40,0,6,51,9,66,42,0,42,108
07/28/2021,OWB,KY,ASO,CE,Federal Contract Tower,0,7,20,8,35,0,35,4,0,39,0,42,24,8,74,32,16,48,122
07/29/2021,OWB,KY,ASO,CE,Federal Contract Tower,0,10,17,2,29,0,0,11,0,11,0,10,28,2,40,22,0,22,62
07/30/2021,OWB,KY,ASO,CE,Federal Contract Tower,2,8,4,3,17,0,2,20,11,33,2,10,24,14,50,16,2,18,68
07/31/2021,OWB,KY,ASO,CE,Federal Contract Tower,0,5,4,0,9,0,0,26,0,26,0,5,30,0,35,34,0,34,69
08/01/2021,OWB,KY,ASO,CE,Federal Contract Tower,0,6,9,8,23,0,0,11,0,11,0,6,20,8,34,14,0,14,48
08/02/2021,OWB,KY,ASO,CE,Federal Contract Tower,2,7,7,2,18,0,3,32,8,43,2,10,39,10,61,8,0,8,69
08/03/2021,OWB,KY,ASO,CE,Federal Contract Tower,0,6,13,1,20,0,2,30,0,32,0,8,43,1,52,14,0,14,66
08/04/2021,OWB,KY,ASO,CE,Federal Contract Tower,0,6,11,0,17,0,0,29,0,29,0,6,40,0,46,18,0,18,64
08/05/2021,OWB,KY,ASO,CE,Federal Contract Tower,0,5,7,8,20,0,3,24,1,28,0,8,31,9,48,28,0,28,76
08/06/2021,OWB,KY,ASO,CE,Federal Contract Tower,0,9,6,0,15,0,0,15,0,15,0,9,21,0,30,26,0,26,56
08/07/2021,OWB,KY,ASO,CE,Federal Contract Tower,0,5,8,0,13,0,1,36,0,37,0,6,44,0,50,10,0,10,60
08/08/2021,OWB,KY,ASO,CE,Federal Contract Tower,0,6,1,17,24,0,2,21,0,23,0,8,22,17,47,40,0,40,87
08/09/2021,OWB,KY,ASO,CE,Federal Contract Tower,0,9,8,0,17,0,0,5,0,5,0,9,13,0,22,0,0,0,22
08/10/2021,OWB,KY,ASO,CE,Federal Contract Tower,0,5,14,6,25,0,2,13,4,19,0,7,27,10,44,15,10,25,69
08/11/2021,OWB,KY,ASO,CE,Federal Contract Tower,0,9,12,6,27,0,0,36,5,41,0,9,48,11,68,42,6,48,116
08/12/2021,OWB,KY,ASO,CE,Federal Contract Tower,0,7,15,3,25,0,0,33,25,58,0,7,48,28,83,11,0,11,94
08/13/2021,OWB,KY,ASO,CE,Federal Contract Tower,0,10,6,0,16,0,3,26,25,54,0,13,32,25,70,0,4,4,74
08/14/2021,OWB,KY,ASO,CE,Federal Contract Tower,0,7,8,0,15,0,1,38,37,76,0,8,46,37,91,20,38,58,149
08/15/2021,OWB,KY,ASO,CE,Federal Contract Tower,0,8,6,1,15,0,0,94,29,123,0,8,100,30,138,36,14,50,188
08/16/2021,OWB,KY,ASO,CE,Federal Contract Tower,0,7,10,5,22,0,0,30,0,30,0,7,40,5,52,22,0,22,74
08/17/2021,OWB,KY,ASO,CE,Federal Contract Tower,0,8,8,6,22,0,0,17,0,17,0,8,25,6,39,14,0,14,53
08/18/2021,OWB,KY,ASO,CE,Federal Contract Tower,0,6,9,5,20,0,0,6,0,6,0,6,15,5,26,36,10,46,72
08/19/2021,OWB,KY,ASO,CE,Federal Contract Tower,2,7,13,0,22,0,0,26,0,26,2,7,39,0,48,36,0,36,84
08/20/2021,OWB,KY,ASO,CE,Federal Contract Tower,0,5,8,3,16,0,0,41,0,41,0,5,49,3,57,82,6,88,145
08/21/2021,OWB,KY,ASO,CE,Federal Contract Tower,0,6,6,0,12,0,0,33,0,33,0,6,39,0,45,34,0,34,79
08/22/2021,OWB,KY,ASO,CE,Federal Contract Tower,2,6,5,6,19,0,1,37,0,38,2,7,42,6,57,32,0,32,89
08/23/2021,OWB,KY,ASO,CE,Federal Contract Tower,0,8,3,0,11,0,0,31,0,31,0,8,34,0,42,30,0,30,72
08/24/2021,OWB,KY,ASO,CE,Federal Contract Tower,0,3,8,2,13,0,1,43,0,44,0,4,51,2,57,50,0,50,107
08/25/2021,OWB,KY,ASO,CE,Federal Contract Tower,0,7,3,4,14,0,0,29,0,29,0,7,32,4,43,16,0,16,59
08/26/2021,OWB,KY,ASO,CE,Federal Contract Tower,2,4,3,2,11,0,0,25,0,25,2,4,28,2,36,32,0,32,68
08/27/2021,OWB,KY,ASO,CE,Federal Contract Tower,0,7,22,0,29,0,4,19,0,23,0,11,41,0,52,8,0,8,60
08/28/2021,OWB,KY,ASO,CE,Federal Contract Tower,0,5,10,0,15,0,1,114,0,115,0,6,124,0,130,22,0,22,152
08/29/2021,OWB,KY,ASO,CE,Federal Contract Tower,2,3,29,0,34,0,2,36,0,38,2,5,65,0,72,46,0,46,118
08/30/2021,OWB,KY,ASO,CE,Federal Contract Tower,0,6,6,0,12,0,0,9,0,9,0,6,15,0,21,0,0,0,21
08/31/2021,OWB,KY,ASO,CE,Federal Contract Tower,0,9,15,0,24,0,0,3,0,3,0,9,18,0,27,0,0,0,27
09/01/2021,OWB,KY,ASO,CE,Federal Contract Tower,0,9,9,9,27,0,4,33,1,38,0,13,42,10,65,40,38,78,143
09/02/2021,OWB,KY,ASO,CE,Federal Contract Tower,2,5,14,7,28,0,3,39,8,50,2,8,53,15,78,56,0,56,134
09/03/2021,OWB,KY,ASO,CE,Federal Contract Tower,0,6,4,0,10,0,1,33,0,34,0,7,37,0,44,74,0,74,118
09/04/2021,OWB,KY,ASO,CE,Federal Contract Tower,0,4,3,0,7,0,2,23,0,25,0,6,26,0,32,44,0,44,76
09/05/2021,OWB,KY,ASO,CE,Federal Contract Tower,2,6,4,0,12,0,0,17,0,17,2,6,21,0,29,6,0,6,35
09/06/2021,OWB,KY,ASO,CE,Federal Contract Tower,0,7,8,0,15,0,0,28,0,28,0,7,36,0,43,20,0,20,63
09/07/2021,OWB,KY,ASO,CE,Federal Contract Tower,0,7,5,7,19,0,1,24,0,25,0,8,29,7,44,36,0,36,80
09/08/2021,OWB,KY,ASO,CE,Federal Contract Tower,0,5,15,12,32,0,2,32,1,35,0,7,47,13,67,32,0,32,99
09/09/2021,OWB,KY,ASO,CE,Federal Contract Tower,2,9,9,3,23,0,2,33,3,38,2,11,42,6,61,72,0,72,133
09/10/2021,OWB,KY,ASO,CE,Federal Contract Tower,0,6,7,4,17,0,1,30,6,37,0,7,37,10,54,22,0,22,76
09/11/2021,OWB,KY,ASO,CE,Federal Contract Tower,0,1,7,0,8,0,8,28,0,36,0,9,35,0,44,82,0,82,126
09/12/2021,OWB,KY,ASO,CE,Federal Contract Tower,2,2,2,0,6,0,4,31,0,35,2,6,33,0,41,36,0,36,77
09/13/2021,OWB,KY,ASO,CE,Federal Contract Tower,0,10,11,0,21,0,3,23,1,27,0,13,34,1,48,30,0,30,78
09/14/2021,OWB,KY,ASO,CE,Federal Contract Tower,0,8,12,5,25,0,0,5,4,9,0,8,17,9,34,24,0,24,58
09/15/2021,OWB,KY,ASO,CE,Federal Contract Tower,0,11,7,10,28,0,0,12,8,20,0,11,19,18,48,42,2,44,92
09/16/2021,OWB,KY,ASO,CE,Federal Contract Tower,2,10,14,0,26,0,17,2,0,19,2,27,16,0,45,28,0,28,73
09/17/2021,OWB,KY,ASO,CE,Federal Contract Tower,0,10,15,2,27,0,0,14,0,14,0,10,29,2,41,8,0,8,49
09/18/2021,OWB,KY,ASO,CE,Federal Contract Tower,0,6,6,0,12,0,4,20,0,24,0,10,26,0,36,74,0,74,110
09/19/2021,OWB,KY,ASO,CE,Federal Contract Tower,2,9,6,0,17,0,0,6,2,8,2,9,12,2,25,8,0,8,33
09/20/2021,OWB,KY,ASO,CE,Federal Contract Tower,0,6,8,0,14,0,0,4,0,4,0,6,12,0,18,3,0,3,21
09/21/2021,OWB,KY,ASO,CE,Federal Contract Tower,0,6,7,0,13,0,0,24,0,24,0,6,31,0,37,78,0,78,115
09/22/2021,OWB,KY,ASO,CE,Federal Contract Tower,0,10,5,0,15,0,0,3,0,3,0,10,8,0,18,6,0,6,24
09/23/2021,OWB,KY,ASO,CE,Federal Contract Tower,2,12,12,10,36,0,1,37,0,38,2,13,49,10,74,26,0,26,100
09/24/2021,OWB,KY,ASO,CE,Federal Contract Tower,0,4,3,2,9,0,0,31,1,32,0,4,34,3,41,30,0,30,71
09/25/2021,OWB,KY,ASO,CE,Federal Contract Tower,0,7,9,0,16,0,0,35,1,36,0,7,44,1,52,42,0,42,94
09/26/2021,OWB,KY,ASO,CE,Federal Contract Tower,2,5,5,0,12,0,1,32,0,33,2,6,37,0,45,28,0,28,73
09/27/2021,OWB,KY,ASO,CE,Federal Contract Tower,0,12,16,8,36,0,0,23,1,24,0,12,39,9,60,20,0,20,80
09/28/2021,OWB,KY,ASO,CE,Federal Contract Tower,0,5,2,10,17,0,1,39,2,42,0,6,41,12,59,48,0,48,107
09/29/2021,OWB,KY,ASO,CE,Federal Contract Tower,0,7,14,9,30,0,0,41,0,41,0,7,55,9,71,44,0,44,115
09/30/2021,OWB,KY,ASO,CE,Federal Contract Tower,2,6,7,6,21,0,0,31,0,31,2,6,38,6,52,38,0,38,90
10/01/2021,OWB,KY,ASO,CE,Federal Contract Tower,0,7,12,0,19,0,0,31,0,31,0,7,43,0,50,6,0,6,56
10/02/2021,OWB,KY,ASO,CE,Federal Contract Tower,0,6,11,0,17,0,0,18,0,18,0,6,29,0,35,52,0,52,87
10/03/2021,OWB,KY,ASO,CE,Federal Contract Tower,2,7,16,0,25,0,0,9,0,9,2,7,25,0,34,6,0,6,40
10/04/2021,OWB,KY,ASO,CE,Federal Contract Tower,0,6,9,2,17,0,0,9,0,9,0,6,18,2,26,16,4,20,46
10/05/2021,OWB,KY,ASO,CE,Federal Contract Tower,0,7,4,8,19,0,0,17,0,17,0,7,21,8,36,24,6,30,66
10/06/2021,OWB,KY,ASO,CE,Federal Contract Tower,0,8,19,1,28,0,0,4,0,4,0,8,23,1,32,0,0,0,32
10/07/2021,OWB,KY,ASO,CE,Federal Contract Tower,0,9,10,1,20,0,0,24,4,28,0,9,34,5,48,44,0,44,92
10/08/2021,OWB,KY,ASO,CE,Federal Contract Tower,2,5,20,0,27,0,4,33,0,37,2,9,53,0,64,12,0,12,76
10/09/2021,OWB,KY,ASO,CE,Federal Contract Tower,0,4,18,0,22,0,2,50,0,52,0,6,68,0,74,42,0,42,116
10/10/2021,OWB,KY,ASO,CE,Federal Contract Tower,0,2,10,0,12,0,5,20,0,25,0,7,30,0,37,20,0,20,57
10/11/2021,OWB,KY,ASO,CE,Federal Contract Tower,2,9,14,0,25,0,0,10,0,10,2,9,24,0,35,0,0,0,35
10/12/2021,OWB,KY,ASO,CE,Federal Contract Tower,0,6,14,4,24,0,1,29,0,30,0,7,43,4,54,48,0,48,102
10/13/2021,OWB,KY,ASO,CE,Federal Contract Tower,0,7,11,4,22,0,0,22,0,22,0,7,33,4,44,18,0,18,62
10/14/2021,OWB,KY,ASO,CE,Federal Contract Tower,0,8,12,2,22,0,0,30,0,30,0,8,42,2,52,48,6,54,106
10/15/2021,OWB,KY,ASO,CE,Federal Contract Tower,2,7,8,8,25,0,1,5,0,6,2,8,13,8,31,6,0,6,37
10/16/2021,OWB,KY,ASO,CE,Federal Contract Tower,0,0,16,0,16,0,2,23,0,25,0,2,39,0,41,54,0,54,95
10/17/2021,OWB,KY,ASO,CE,Federal Contract Tower,0,1,11,4,16,0,6,52,0,58,0,7,63,4,74,24,0,24,98
10/18/2021,OWB,KY,ASO,CE,Federal Contract Tower,2,8,6,7,23,0,0,52,3,55,2,8,58,10,78,14,12,26,104
10/19/2021,OWB,KY,ASO,CE,Federal Contract Tower,0,6,9,2,17,0,0,37,4,41,0,6,46,6,58,14,6,20,78
10/20/2021,OWB,KY,ASO,CE,Federal Contract Tower,0,5,11,9,25,0,0,44,4,48,0,5,55,13,73,36,20,56,129
10/21/2021,OWB,KY,ASO,CE,Federal Contract Tower,0,7,11,8,26,0,0,22,2,24,0,7,33,10,50,16,20,36,86
10/22/2021,OWB,KY,ASO,CE,Federal Contract Tower,2,6,8,2,18,0,0,11,0,11,2,6,19,2,29,12,0,12,41
10/23/2021,OWB,KY,ASO,CE,Federal Contract Tower,0,8,13,0,21,0,0,25,0,25,0,8,38,0,46,62,0,62,108
10/24/2021,OWB,KY,ASO,CE,Federal Contract Tower,0,10,9,0,19,0,0,10,0,10,0,10,19,0,29,4,0,4,33
10/25/2021,OWB,KY,ASO,CE,Federal Contract Tower,2,9,10,2,23,0,0,0,0,0,2,9,10,2,23,0,0,0,23
10/26/2021,OWB,KY,ASO,CE,Federal Contract Tower,0,10,19,8,37,0,0,36,4,40,0,10,55,12,77,28,30,58,135
10/27/2021,OWB,KY,ASO,CE,Federal Contract Tower,0,4,22,3,29,0,4,32,3,39,0,8,54,6,68,24,30,54,122
10/28/2021,OWB,KY,ASO,CE,Federal Contract Tower,0,12,2,0,14,0,0,0,0,0,0,12,2,0,14,24,0,24,38
10/29/2021,OWB,KY,ASO,CE,Federal Contract Tower,2,13,15,2,32,0,0,3,0,3,2,13,18,2,35,4,0,4,39
10/30/2021,OWB,KY,ASO,CE,Federal Contract Tower,0,9,11,6,26,0,0,3,0,3,0,9,14,6,29,40,0,40,69
10/31/2021,OWB,KY,ASO,CE,Federal Contract Tower,0,6,10,0,16,0,1,19,0,20,0,7,29,0,36,32,0,32,68
11/01/2021,OWB,KY,ASO,CE,Federal Contract Tower,2,7,12,0,21,0,0,15,0,15,2,7,27,0,36,16,0,16,52
11/02/2021,OWB,KY,ASO,CE,Federal Contract Tower,0,8,13,3,24,0,0,20,1,21,0,8,33,4,45,50,0,50,95
11/03/2021,OWB,KY,ASO,CE,Federal Contract Tower,0,6,18,5,29,0,0,35,0,35,0,6,53,5,64,26,0,26,90
11/04/2021,OWB,KY,ASO,CE,Federal Contract Tower,0,5,5,0,10,0,2,28,0,30,0,7,33,0,40,36,0,36,76
11/05/2021,OWB,KY,ASO,CE,Federal Contract Tower,2,2,12,6,22,0,4,38,0,42,2,6,50,6,64,22,10,32,96
11/06/2021,OWB,KY,ASO,CE,Federal Contract Tower,0,3,13,2,18,0,3,45,0,48,0,6,58,2,66,72,0,72,138
11/07/2021,OWB,KY,ASO,CE,Federal Contract Tower,0,4,11,4,19,0,4,50,0,54,0,8,61,4,73,56,0,56,129
11/08/2021,OWB,KY,ASO,CE,Federal Contract Tower,2,10,4,7,23,0,0,26,4,30,2,10,30,11,53,6,0,6,59
11/09/2021,OWB,KY,ASO,CE,Federal Contract Tower,0,8,11,5,24,0,2,23,4,29,0,10,34,9,53,18,64,82,135
11/10/2021,OWB,KY,ASO,CE,Federal Contract Tower,0,18,15,4,37,0,0,44,0,44,0,18,59,4,81,74,10,84,165
11/11/2021,OWB,KY,ASO,CE,Federal Contract Tower,0,8,3,0,11,0,0,3,0,3,0,8,6,0,14,0,0,0,14
11/12/2021,OWB,KY,ASO,CE,Federal Contract Tower,2,6,15,0,23,0,1,7,6,14,2,7,22,6,37,0,0,0,37
11/13/2021,OWB,KY,ASO,CE,Federal Contract Tower,0,8,4,0,12,0,0,27,0,27,0,8,31,0,39,84,0,84,123
11/14/2021,OWB,KY,ASO,CE,Federal Contract Tower,0,8,9,0,17,0,0,2,0,2,0,8,11,0,19,0,0,0,19
11/15/2021,OWB,KY,ASO,CE,Federal Contract Tower,2,6,13,8,29,0,2,29,5,36,2,8,42,13,65,12,6,18,83
11/16/2021,OWB,KY,ASO,CE,Federal Contract Tower,0,7,29,9,45,0,0,25,0,25,0,7,54,9,70,14,0,14,84
11/17/2021,OWB,KY,ASO,CE,Federal Contract Tower,0,9,12,8,29,0,0,15,1,16,0,9,27,9,45,52,0,52,97
11/18/2021,OWB,KY,ASO,CE,Federal Contract Tower,0,9,15,16,40,0,0,23,0,23,0,9,38,16,63,14,0,14,77
11/19/2021,OWB,KY,ASO,CE,Federal Contract Tower,2,4,9,2,17,0,5,30,1,36,2,9,39,3,53,14,6,20,73
11/20/2021,OWB,KY,ASO,CE,Federal Contract Tower,0,2,26,0,28,0,4,46,0,50,0,6,72,0,78,72,0,72,150
11/21/2021,OWB,KY,ASO,CE,Federal Contract Tower,0,9,10,0,19,0,0,0,0,0,0,9,10,0,19,0,0,0,19
11/22/2021,OWB,KY,ASO,CE,Federal Contract Tower,2,5,12,0,19,0,0,17,2,19,2,5,29,2,38,4,0,4,42
11/23/2021,OWB,KY,ASO,CE,Federal Contract Tower,0,8,15,4,27,0,0,37,2,39,0,8,52,6,66,32,6,38,104
11/24/2021,OWB,KY,ASO,CE,Federal Contract Tower,2,6,8,7,23,0,0,38,1,39,2,6,46,8,62,30,10,40,102
11/25/2021,OWB,KY,ASO,CE,Federal Contract Tower,0,2,6,0,8,0,0,0,0,0,0,2,6,0,8,0,0,0,8
11/26/2021,OWB,KY,ASO,CE,Federal Contract Tower,0,1,8,0,9,0,3,46,0,49,0,4,54,0,58,16,0,16,74
11/27/2021,OWB,KY,ASO,CE,Federal Contract Tower,0,1,23,0,24,0,6,13,0,19,0,7,36,0,43,4,0,4,47
11/28/2021,OWB,KY,ASO,CE,Federal Contract Tower,2,3,12,0,17,0,5,17,0,22,2,8,29,0,39,10,0,10,49
11/29/2021,OWB,KY,ASO,CE,Federal Contract Tower,0,10,8,6,24,0,2,21,0,23,0,12,29,6,47,6,0,6,53
11/30/2021,OWB,KY,ASO,CE,Federal Contract Tower,0,7,14,0,21,0,1,12,6,19,0,8,26,6,40,14,0,14,54
12/01/2021,OWB,KY,ASO,CE,Federal Contract Tower,0,6,5,12,23,0,0,11,2,13,0,6,16,14,36,4,0,4,40
12/02/2021,OWB,KY,ASO,CE,Federal Contract Tower,0,6,6,2,14,0,0,24,2,26,0,6,30,4,40,30,0,30,70
12/03/2021,OWB,KY,ASO,CE,Federal Contract Tower,0,4,5,2,11,0,6,37,0,43,0,10,42,2,54,10,10,20,74
12/04/2021,OWB,KY,ASO,CE,Federal Contract Tower,0,4,14,0,18,0,2,23,0,25,0,6,37,0,43,76,0,76,119
12/05/2021,OWB,KY,ASO,CE,Federal Contract Tower,0,6,2,0,8,0,0,0,0,0,0,6,2,0,8,0,0,0,8
12/06/2021,OWB,KY,ASO,CE,Federal Contract Tower,0,7,12,0,19,0,1,11,0,12,0,8,23,0,31,6,0,6,37
12/07/2021,OWB,KY,ASO,CE,Federal Contract Tower,0,6,7,3,16,0,5,14,5,24,0,11,21,8,40,26,0,26,66
12/08/2021,OWB,KY,ASO,CE,Federal Contract Tower,0,3,12,7,22,0,4,39,1,44,0,7,51,8,66,64,14,78,144
12/09/2021,OWB,KY,ASO,CE,Federal Contract Tower,0,2,11,5,18,0,2,9,9,20,0,4,20,14,38,30,0,30,68
12/10/2021,OWB,KY,ASO,CE,Federal Contract Tower,0,10,14,0,24,0,0,0,0,0,0,10,14,0,24,0,0,0,24
12/11/2021,OWB,KY,ASO,CE,Federal Contract Tower,0,7,1,0,8,0,0,4,0,4,0,7,5,0,12,0,0,0,12
12/12/2021,OWB,KY,ASO,CE,Federal Contract Tower,0,2,3,2,7,0,3,27,0,30,0,5,30,2,37,0,0,0,37
12/13/2021,OWB,KY,ASO,CE,Federal Contract Tower,0,6,10,14,30,0,2,47,10,59,0,8,57,24,89,38,0,38,127
12/14/2021,OWB,KY,ASO,CE,Federal Contract Tower,0,6,14,8,28,0,6,29,0,35,0,12,43,8,63,44,0,44,107
12/15/2021,OWB,KY,ASO,CE,Federal Contract Tower,0,6,8,6,20,0,0,7,2,9,0,6,15,8,29,0,26,26,55
12/16/2021,OWB,KY,ASO,CE,Federal Contract Tower,0,6,8,0,14,0,0,2,0,2,0,6,10,0,16,10,0,10,26
12/17/2021,OWB,KY,ASO,CE,Federal Contract Tower,0,7,2,4,13,0,0,0,0,0,0,7,2,4,13,12,0,12,25
12/18/2021,OWB,KY,ASO,CE,Federal Contract Tower,0,7,0,0,7,0,0,0,0,0,0,7,0,0,7,0,0,0,7
12/19/2021,OWB,KY,ASO,CE,Federal Contract Tower,0,1,9,0,10,0,2,33,0,35,0,3,42,0,45,8,0,8,53
12/20/2021,OWB,KY,ASO,CE,Federal Contract Tower,0,7,12,0,19,0,0,25,1,26,0,7,37,1,45,20,0,20,65
12/21/2021,OWB,KY,ASO,CE,Federal Contract Tower,0,6,25,4,35,0,0,40,0,40,0,6,65,4,75,6,26,32,107
12/22/2021,OWB,KY,ASO,CE,Federal Contract Tower,0,7,15,0,22,0,0,40,0,40,0,7,55,0,62,34,0,34,96
12/23/2021,OWB,KY,ASO,CE,Federal Contract Tower,0,2,4,0,6,0,4,38,0,42,0,6,42,0,48,6,0,6,54
12/24/2021,OWB,KY,ASO,CE,Federal Contract Tower,0,8,2,0,10,0,0,2,0,2,0,8,4,0,12,0,0,0,12
12/25/2021,OWB,KY,ASO,CE,Federal Contract Tower,0,8,3,0,11,0,0,0,0,0,0,8,3,0,11,0,0,0,11
12/26/2021,OWB,KY,ASO,CE,Federal Contract Tower,0,6,2,0,8,0,0,9,0,9,0,6,11,0,17,6,0,6,23
12/27/2021,OWB,KY,ASO,CE,Federal Contract Tower,0,8,4,0,12,0,0,13,0,13,0,8,17,0,25,10,0,10,35
12/28/2021,OWB,KY,ASO,CE,Federal Contract Tower,0,8,2,0,10,0,0,4,0,4,0,8,6,0,14,0,0,0,14
12/29/2021,OWB,KY,ASO,CE,Federal Contract Tower,0,6,9,0,15,0,0,0,0,0,0,6,9,0,15,20,0,20,35
12/30/2021,OWB,KY,ASO,CE,Federal Contract Tower,0,6,7,0,13,0,0,0,0,0,0,6,7,0,13,0,0,0,13
12/31/2021,OWB,KY,ASO,CE,Federal Contract Tower,0,6,6,0,12,0,0,14,0,14,0,6,20,0,26,6,0,6,32
01/01/2022,OWB,KY,ASO,CE,Federal Contract Tower,0,6,2,0,8,0,0,0,0,0,0,6,2,0,8,0,0,0,8
01/02/2022,OWB,KY,ASO,CE,Federal Contract Tower,0,10,4,0,14,0,0,2,0,2,0,10,6,0,16,0,0,0,16
01/03/2022,OWB,KY,ASO,CE,Federal Contract Tower,0,6,7,2,15,0,0,5,0,5,0,6,12,2,20,6,0,6,26
01/04/2022,OWB,KY,ASO,CE,Federal Contract Tower,0,12,19,9,40,0,0,25,2,27,0,12,44,11,67,18,0,18,85
01/05/2022,OWB,KY,ASO,CE,Federal Contract Tower,0,5,14,10,29,0,1,26,4,31,0,6,40,14,60,20,4,24,84
01/06/2022,OWB,KY,ASO,CE,Federal Contract Tower,0,6,1,0,7,0,0,0,0,0,0,6,1,0,7,0,0,0,7
01/07/2022,OWB,KY,ASO,CE,Federal Contract Tower,2,5,13,0,20,0,4,7,0,11,2,9,20,0,31,4,0,4,35
01/08/2022,OWB,KY,ASO,CE,Federal Contract Tower,0,6,16,2,24,0,2,3,2,7,0,8,19,4,31,12,0,12,43
01/09/2022,OWB,KY,ASO,CE,Federal Contract Tower,0,8,5,0,13,0,0,3,0,3,0,8,8,0,16,2,0,2,18
01/10/2022,OWB,KY,ASO,CE,Federal Contract Tower,2,1,9,0,12,0,5,9,0,14,2,6,18,0,26,16,0,16,42
01/11/2022,OWB,KY,ASO,CE,Federal Contract Tower,0,7,8,16,31,0,2,18,0,20,0,9,26,16,51,14,0,14,65
01/12/2022,OWB,KY,ASO,CE,Federal Contract Tower,0,11,8,17,36,0,0,31,1,32,0,11,39,18,68,50,0,50,118
01/13/2022,OWB,KY,ASO,CE,Federal Contract Tower,0,5,10,8,23,0,4,25,1,30,0,9,35,9,53,82,0,82,135
01/14/2022,OWB,KY,ASO,CE,Federal Contract Tower,2,8,12,0,22,0,0,0,0,0,2,8,12,0,22,0,0,0,22
01/15/2022,OWB,KY,ASO,CE,Federal Contract Tower,0,7,4,0,11,0,0,11,0,11,0,7,15,0,22,36,0,36,58
01/16/2022,OWB,KY,ASO,CE,Federal Contract Tower,0,5,11,0,16,0,2,16,0,18,0,7,27,0,34,40,0,40,74
01/17/2022,OWB,KY,ASO,CE,Federal Contract Tower,0,8,6,0,14,0,0,1,0,1,0,8,7,0,15,0,0,0,15
01/18/2022,OWB,KY,ASO,CE,Federal Contract Tower,0,6,34,7,47,0,1,19,1,21,0,7,53,8,68,48,0,48,116
01/19/2022,OWB,KY,ASO,CE,Federal Contract Tower,0,7,3,1,11,0,0,0,0,0,0,7,3,1,11,0,0,0,11
01/20/2022,OWB,KY,ASO,CE,Federal Contract Tower,0,5,3,5,13,0,0,7,4,11,0,5,10,9,24,10,0,10,34
01/21/2022,OWB,KY,ASO,CE,Federal Contract Tower,2,5,7,9,23,0,4,36,9,49,2,9,43,18,72,48,0,48,120
01/22/2022,OWB,KY,ASO,CE,Federal Contract Tower,0,5,4,0,9,0,3,20,0,23,0,8,24,0,32,14,0,14,46
01/23/2022,OWB,KY,ASO,CE,Federal Contract Tower,0,0,5,0,5,0,3,11,0,14,0,3,16,0,19,2,0,2,21
01/24/2022,OWB,KY,ASO,CE,Federal Contract Tower,2,6,7,2,17,0,1,12,0,13,2,7,19,2,30,24,0,24,54
01/25/2022,OWB,KY,ASO,CE,Federal Contract Tower,0,7,14,8,29,0,0,21,6,27,0,7,35,14,56,0,0,0,56
01/26/2022,OWB,KY,ASO,CE,Federal Contract Tower,0,3,14,5,22,0,2,21,0,23,0,5,35,5,45,32,0,32,77
01/27/2022,OWB,KY,ASO,CE,Federal Contract Tower,0,5,5,3,13,0,0,6,4,10,0,5,11,7,23,0,0,0,23
01/28/2022,OWB,KY,ASO,CE,Federal Contract Tower,2,3,3,0,8,0,0,2,0,2,2,3,5,0,10,10,0,10,20
01/29/2022,OWB,KY,ASO,CE,Federal Contract Tower,0,0,7,0,7,0,0,36,0,36,0,0,43,0,43,38,0,38,81
01/30/2022,OWB,KY,ASO,CE,Federal Contract Tower,0,3,9,0,12,0,1,17,0,18,0,4,26,0,30,40,0,40,70
01/31/2022,OWB,KY,ASO,CE,Federal Contract Tower,2,4,10,5,21,0,0,24,0,24,2,4,34,5,45,28,0,28,73
02/01/2022,OWB,KY,ASO,CE,Federal Contract Tower,0,8,10,7,25,0,1,23,3,27,0,9,33,10,52,40,0,40,92
02/02/2022,OWB,KY,ASO,CE,Federal Contract Tower,0,2,5,2,9,0,0,0,0,0,0,2,5,2,9,0,0,0,9
02/03/2022,OWB,KY,ASO,CE,Federal Contract Tower,0,0,0,0,0,0,0,0,0,0,0,0,0,0,0,0,0,0,0
02/04/2022,OWB,KY,ASO,CE,Federal Contract Tower,0,1,1,0,2,0,1,0,0,1,0,2,1,0,3,0,0,0,3
02/05/2022,OWB,KY,ASO,CE,Federal Contract Tower,0,3,7,0,10,0,0,0,0,0,0,3,7,0,10,0,0,0,10
02/06/2022,OWB,KY,ASO,CE,Federal Contract Tower,0,1,3,0,4,0,3,20,0,23,0,4,23,0,27,26,0,26,53
02/07/2022,OWB,KY,ASO,CE,Federal Contract Tower,2,3,10,2,17,0,2,17,0,19,2,5,27,2,36,38,0,38,74
02/08/2022,OWB,KY,ASO,CE,Federal Contract Tower,0,0,6,7,13,0,9,12,3,24,0,9,18,10,37,42,0,42,79
02/09/2022,OWB,KY,ASO,CE,Federal Contract Tower,0,3,14,6,23,0,7,29,0,36,0,10,43,6,59,20,0,20,79
02/10/2022,OWB,KY,ASO,CE,Federal Contract Tower,0,6,16,0,22,0,10,7,0,17,0,16,23,0,39,20,0,20,59
02/11/2022,OWB,KY,ASO,CE,Federal Contract Tower,2,8,7,2,19,0,1,6,0,7,2,9,13,2,26,16,0,16,42
02/12/2022,OWB,KY,ASO,CE,Federal Contract Tower,0,5,0,0,5,0,0,7,0,7,0,5,7,0,12,0,0,0,12
02/13/2022,OWB,KY,ASO,CE,Federal Contract Tower,0,3,11,2,16,0,4,26,2,32,0,7,37,4,48,34,6,40,88
02/14/2022,OWB,KY,ASO,CE,Federal Contract Tower,2,4,8,0,14,0,3,53,0,56,2,7,61,0,70,38,0,38,108
02/15/2022,OWB,KY,ASO,CE,Federal Contract Tower,0,0,15,5,20,0,5,19,0,24,0,5,34,5,44,22,0,22,66
02/16/2022,OWB,KY,ASO,CE,Federal Contract Tower,0,2,13,5,20,0,3,6,0,9,0,5,19,5,29,0,0,0,29
02/17/2022,OWB,KY,ASO,CE,Federal Contract Tower,0,8,6,0,14,0,0,0,0,0,0,8,6,0,14,0,0,0,14
02/18/2022,OWB,KY,ASO,CE,Federal Contract Tower,2,2,21,0,25,0,3,22,0,25,2,5,43,0,50,30,0,30,80
02/19/2022,OWB,KY,ASO,CE,Federal Contract Tower,0,0,7,0,7,0,4,32,0,36,0,4,39,0,43,26,0,26,69
02/20/2022,OWB,KY,ASO,CE,Federal Contract Tower,0,0,6,0,6,0,4,25,0,29,0,4,31,0,35,20,0,20,55
02/21/2022,OWB,KY,ASO,CE,Federal Contract Tower,0,12,8,0,20,0,2,14,0,16,0,14,22,0,36,42,0,42,78
02/22/2022,OWB,KY,ASO,CE,Federal Contract Tower,0,10,1,0,11,0,0,0,0,0,0,10,1,0,11,0,0,0,11
02/23/2022,OWB,KY,ASO,CE,Federal Contract Tower,0,10,5,0,15,0,0,19,0,19,0,10,24,0,34,44,0,44,78
02/24/2022,OWB,KY,ASO,CE,Federal Contract Tower,0,5,1,0,6,0,0,0,0,0,0,5,1,0,6,0,0,0,6
02/25/2022,OWB,KY,ASO,CE,Federal Contract Tower,2,5,6,0,13,0,0,4,0,4,2,5,10,0,17,8,0,8,25
02/26/2022,OWB,KY,ASO,CE,Federal Contract Tower,0,5,10,0,15,0,1,39,6,46,0,6,49,6,61,28,0,28,89
02/27/2022,OWB,KY,ASO,CE,Federal Contract Tower,0,4,13,1,18,0,2,30,1,33,0,6,43,2,51,34,12,46,97
02/28/2022,OWB,KY,ASO,CE,Federal Contract Tower,2,1,14,4,21,0,5,22,7,34,2,6,36,11,55,62,0,62,117
03/01/2022,OWB,KY,ASO,CE,Federal Contract Tower,0,1,16,0,17,0,4,26,6,36,0,5,42,6,53,14,0,14,67
03/02/2022,OWB,KY,ASO,CE,Federal Contract Tower,0,1,11,8,20,0,4,16,5,25,0,5,27,13,45,4,4,8,53
03/03/2022,OWB,KY,ASO,CE,Federal Contract Tower,0,1,9,2,12,0,5,31,6,42,0,6,40,8,54,54,8,62,116
03/04/2022,OWB,KY,ASO,CE,Federal Contract Tower,2,2,7,0,11,0,2,38,2,42,2,4,45,2,53,40,0,40,93
03/05/2022,OWB,KY,ASO,CE,Federal Contract Tower,0,4,10,0,14,0,1,16,0,17,0,5,26,0,31,22,0,22,53
03/06/2022,OWB,KY,ASO,CE,Federal Contract Tower,0,9,10,0,19,0,0,0,0,0,0,9,10,0,19,0,0,0,19
03/07/2022,OWB,KY,ASO,CE,Federal Contract Tower,2,6,6,0,14,0,0,0,0,0,2,6,6,0,14,0,0,0,14
03/08/2022,OWB,KY,ASO,CE,Federal Contract Tower,0,6,10,2,18,0,2,8,3,13,0,8,18,5,31,0,0,0,31
03/09/2022,OWB,KY,ASO,CE,Federal Contract Tower,0,3,3,1,7,0,1,29,0,30,0,4,32,1,37,24,2,26,63
03/10/2022,OWB,KY,ASO,CE,Federal Contract Tower,0,5,17,10,32,0,5,41,0,46,0,10,58,10,78,72,0,72,150
03/11/2022,OWB,KY,ASO,CE,Federal Contract Tower,0,0,5,0,5,0,0,3,0,3,0,0,8,0,8,12,0,12,20
03/12/2022,OWB,KY,ASO,CE,Federal Contract Tower,0,4,2,0,6,0,2,16,0,18,0,6,18,0,24,20,0,20,44
03/13/2022,OWB,KY,ASO,CE,Federal Contract Tower,0,2,4,0,6,0,0,2,0,2,0,2,6,0,8,0,0,0,8
03/14/2022,OWB,KY,ASO,CE,Federal Contract Tower,2,1,8,6,17,0,3,27,3,33,2,4,35,9,50,56,0,56,106
03/15/2022,OWB,KY,ASO,CE,Federal Contract Tower,0,0,4,4,8,0,3,28,1,32,0,3,32,5,40,40,0,40,80
03/16/2022,OWB,KY,ASO,CE,Federal Contract Tower,0,3,10,2,15,0,1,27,0,28,0,4,37,2,43,22,0,22,65
03/17/2022,OWB,KY,ASO,CE,Federal Contract Tower,0,0,16,3,19,0,4,24,2,30,0,4,40,5,49,26,0,26,75
03/18/2022,OWB,KY,ASO,CE,Federal Contract Tower,2,5,3,0,10,0,2,4,0,6,2,7,7,0,16,0,0,0,16
03/19/2022,OWB,KY,ASO,CE,Federal Contract Tower,0,7,2,0,9,0,1,2,0,3,0,8,4,0,12,0,0,0,12
03/20/2022,OWB,KY,ASO,CE,Federal Contract Tower,0,1,7,0,8,0,4,26,0,30,0,5,33,0,38,52,0,52,90
03/21/2022,OWB,KY,ASO,CE,Federal Contract Tower,2,3,6,4,15,0,4,25,0,29,2,7,31,4,44,62,0,62,106
03/22/2022,OWB,KY,ASO,CE,Federal Contract Tower,0,5,10,0,15,0,0,0,0,0,0,5,10,0,15,4,0,4,19
03/23/2022,OWB,KY,ASO,CE,Federal Contract Tower,0,5,7,2,14,0,0,3,0,3,0,5,10,2,17,14,0,14,31
03/24/2022,OWB,KY,ASO,CE,Federal Contract Tower,0,10,4,2,16,0,0,4,0,4,0,10,8,2,20,12,0,12,32
03/25/2022,OWB,KY,ASO,CE,Federal Contract Tower,2,5,13,5,25,0,1,5,0,6,2,6,18,5,31,26,12,38,69
03/26/2022,OWB,KY,ASO,CE,Federal Contract Tower,0,4,5,0,9,0,3,8,0,11,0,7,13,0,20,12,0,12,32
03/27/2022,OWB,KY,ASO,CE,Federal Contract Tower,0,1,15,0,16,0,4,39,0,43,0,5,54,0,59,54,0,54,113
03/28/2022,OWB,KY,ASO,CE,Federal Contract Tower,1,3,17,4,25,0,4,37,0,41,1,7,54,4,66,34,0,34,100
03/29/2022,OWB,KY,ASO,CE,Federal Contract Tower,0,6,7,11,24,0,0,12,5,17,0,6,19,16,41,20,6,26,67
03/30/2022,OWB,KY,ASO,CE,Federal Contract Tower,0,2,3,2,7,0,2,2,0,4,0,4,5,2,11,0,20,20,31
03/31/2022,OWB,KY,ASO,CE,Federal Contract Tower,0,7,6,0,13,0,0,7,2,9,0,7,13,2,22,14,0,14,36
04/01/2022,OWB,KY,ASO,CE,Federal Contract Tower,2,12,8,1,23,0,0,39,0,39,2,12,47,1,62,50,0,50,112
04/02/2022,OWB,KY,ASO,CE,Federal Contract Tower,0,7,10,0,17,0,0,33,0,33,0,7,43,0,50,30,0,30,80
04/03/2022,OWB,KY,ASO,CE,Federal Contract Tower,0,5,3,0,8,0,0,60,0,60,0,5,63,0,68,78,0,78,146
04/04/2022,OWB,KY,ASO,CE,Federal Contract Tower,2,9,15,0,26,0,1,15,0,16,2,10,30,0,42,49,0,49,91
04/05/2022,OWB,KY,ASO,CE,Federal Contract Tower,0,6,4,2,12,0,1,4,0,5,0,7,8,2,17,8,0,8,25
04/06/2022,OWB,KY,ASO,CE,Federal Contract Tower,0,6,6,4,16,0,1,23,4,28,0,7,29,8,44,0,0,0,44
04/07/2022,OWB,KY,ASO,CE,Federal Contract Tower,0,3,7,4,14,0,7,11,1,19,0,10,18,5,33,18,0,18,51
04/08/2022,OWB,KY,ASO,CE,Federal Contract Tower,2,11,8,0,21,0,0,1,0,1,2,11,9,0,22,0,0,0,22
04/09/2022,OWB,KY,ASO,CE,Federal Contract Tower,0,9,8,0,17,0,0,7,0,7,0,9,15,0,24,12,0,12,36
04/10/2022,OWB,KY,ASO,CE,Federal Contract Tower,0,5,7,0,12,0,0,19,1,20,0,5,26,1,32,12,0,12,44
04/11/2022,OWB,KY,ASO,CE,Federal Contract Tower,2,6,8,0,16,0,0,0,0,0,2,6,8,0,16,0,0,0,16
04/12/2022,OWB,KY,ASO,CE,Federal Contract Tower,0,6,11,2,19,0,0,3,0,3,0,6,14,2,22,22,0,22,44
04/13/2022,OWB,KY,ASO,CE,Federal Contract Tower,0,6,1,0,7,0,0,0,0,0,0,6,1,0,7,0,0,0,7
04/14/2022,OWB,KY,ASO,CE,Federal Contract Tower,0,8,18,0,26,0,1,62,2,65,0,9,80,2,91,66,0,66,157
04/15/2022,OWB,KY,ASO,CE,Federal Contract Tower,2,6,8,4,20,0,0,29,2,31,2,6,37,6,51,44,6,50,101
04/16/2022,OWB,KY,ASO,CE,Federal Contract Tower,0,5,5,0,10,0,0,27,0,27,0,5,32,0,37,14,0,14,51
04/17/2022,OWB,KY,ASO,CE,Federal Contract Tower,0,4,9,0,13,0,1,15,0,16,0,5,24,0,29,40,0,40,69
04/18/2022,OWB,KY,ASO,CE,Federal Contract Tower,3,6,15,0,24,0,0,12,0,12,3,6,27,0,36,32,0,32,68
04/19/2022,OWB,KY,ASO,CE,Federal Contract Tower,0,4,9,0,13,0,5,59,2,66,0,9,68,2,79,50,0,50,129
04/20/2022,OWB,KY,ASO,CE,Federal Contract Tower,0,2,5,2,9,0,4,17,1,22,0,6,22,3,31,18,0,18,49
04/21/2022,OWB,KY,ASO,CE,Federal Contract Tower,0,7,13,0,20,0,0,19,4,23,0,7,32,4,43,28,4,32,75
04/22/2022,OWB,KY,ASO,CE,Federal Contract Tower,2,3,6,2,13,0,0,44,0,44,2,3,50,2,57,60,0,60,117
04/23/2022,OWB,KY,ASO,CE,Federal Contract Tower,0,6,9,0,15,0,1,21,0,22,0,7,30,0,37,12,0,12,49
04/24/2022,OWB,KY,ASO,CE,Federal Contract Tower,0,8,5,1,14,0,3,11,8,22,0,11,16,9,36,0,0,0,36
04/25/2022,OWB,KY,ASO,CE,Federal Contract Tower,2,8,7,0,17,0,0,3,0,3,2,8,10,0,20,6,0,6,26
04/26/2022,OWB,KY,ASO,CE,Federal Contract Tower,0,7,12,3,22,0,3,41,7,51,0,10,53,10,73,38,2,40,113
04/27/2022,OWB,KY,ASO,CE,Federal Contract Tower,0,2,19,9,30,0,7,50,1,58,0,9,69,10,88,44,4,48,136
04/28/2022,OWB,KY,ASO,CE,Federal Contract Tower,0,11,11,4,26,0,2,38,0,40,0,13,49,4,66,46,10,56,122
04/29/2022,OWB,KY,ASO,CE,Federal Contract Tower,2,9,6,0,17,0,0,23,0,23,2,9,29,0,40,42,0,42,82
04/30/2022,OWB,KY,ASO,CE,Federal Contract Tower,0,4,4,0,8,0,3,22,0,25,0,7,26,0,33,50,0,50,83
05/01/2022,OWB,KY,ASO,CE,Federal Contract Tower,0,5,11,0,16,0,0,30,0,30,0,5,41,0,46,36,0,36,82
05/02/2022,OWB,KY,ASO,CE,Federal Contract Tower,2,1,3,4,10,0,3,48,6,57,2,4,51,10,67,102,6,108,175
05/03/2022,OWB,KY,ASO,CE,Federal Contract Tower,0,8,1,0,9,0,2,2,0,4,0,10,3,0,13,6,0,6,19
05/04/2022,OWB,KY,ASO,CE,Federal Contract Tower,0,6,26,4,36,0,0,28,8,36,0,6,54,12,72,78,0,78,150
05/05/2022,OWB,KY,ASO,CE,Federal Contract Tower,0,3,17,2,22,0,0,0,0,0,0,3,17,2,22,10,0,10,32
05/06/2022,OWB,KY,ASO,CE,Federal Contract Tower,2,6,6,0,14,0,0,2,0,2,2,6,8,0,16,0,0,0,16
05/07/2022,OWB,KY,ASO,CE,Federal Contract Tower,0,5,20,2,27,0,0,22,0,22,0,5,42,2,49,44,0,44,93
05/08/2022,OWB,KY,ASO,CE,Federal Contract Tower,0,6,9,0,15,0,0,18,0,18,0,6,27,0,33,4,0,4,37
05/09/2022,OWB,KY,ASO,CE,Federal Contract Tower,2,5,17,0,24,0,9,24,0,33,2,14,41,0,57,52,0,52,109
05/10/2022,OWB,KY,ASO,CE,Federal Contract Tower,0,3,17,6,26,0,4,68,1,73,0,7,85,7,99,74,22,96,195
05/11/2022,OWB,KY,ASO,CE,Federal Contract Tower,0,3,13,0,16,0,3,21,0,24,0,6,34,0,40,38,0,38,78
05/12/2022,OWB,KY,ASO,CE,Federal Contract Tower,0,6,13,0,19,0,0,55,0,55,0,6,68,0,74,90,0,90,164
05/13/2022,OWB,KY,ASO,CE,Federal Contract Tower,2,0,15,0,17,0,4,30,0,34,2,4,45,0,51,24,0,24,75
05/14/2022,OWB,KY,ASO,CE,Federal Contract Tower,0,7,8,4,19,0,0,23,1,24,0,7,31,5,43,22,4,26,69
05/15/2022,OWB,KY,ASO,CE,Federal Contract Tower,0,6,7,10,23,0,0,27,0,27,0,6,34,10,50,10,0,10,60
05/16/2022,OWB,KY,ASO,CE,Federal Contract Tower,2,1,32,4,39,0,4,31,0,35,2,5,63,4,74,50,0,50,124
05/17/2022,OWB,KY,ASO,CE,Federal Contract Tower,0,1,12,18,31,0,5,42,0,47,0,6,54,18,78,78,16,94,172
05/18/2022,OWB,KY,ASO,CE,Federal Contract Tower,0,4,8,8,20,0,1,10,5,16,0,5,18,13,36,6,2,8,44
05/19/2022,OWB,KY,ASO,CE,Federal Contract Tower,0,6,2,0,8,0,2,19,2,23,0,8,21,2,31,16,0,16,47
05/20/2022,OWB,KY,ASO,CE,Federal Contract Tower,2,4,12,6,24,0,6,1,0,7,2,10,13,6,31,0,0,0,31
05/21/2022,OWB,KY,ASO,CE,Federal Contract Tower,0,0,5,0,5,0,2,4,0,6,0,2,9,0,11,0,0,0,11
05/22/2022,OWB,KY,ASO,CE,Federal Contract Tower,0,12,12,0,24,0,0,18,0,18,0,12,30,0,42,48,0,48,90
05/23/2022,OWB,KY,ASO,CE,Federal Contract Tower,2,8,20,0,30,0,5,28,0,33,2,13,48,0,63,48,0,48,111
05/24/2022,OWB,KY,ASO,CE,Federal Contract Tower,0,9,11,2,22,0,0,12,2,14,0,9,23,4,36,14,0,14,50
05/25/2022,OWB,KY,ASO,CE,Federal Contract Tower,0,5,4,0,9,0,0,3,0,3,0,5,7,0,12,0,0,0,12
05/26/2022,OWB,KY,ASO,CE,Federal Contract Tower,0,7,7,0,14,0,0,0,0,0,0,7,7,0,14,0,0,0,14
05/27/2022,OWB,KY,ASO,CE,Federal Contract Tower,2,6,24,0,32,0,0,8,0,8,2,6,32,0,40,32,0,32,72
05/28/2022,OWB,KY,ASO,CE,Federal Contract Tower,0,7,9,0,16,0,0,27,0,27,0,7,36,0,43,70,0,70,113
05/29/2022,OWB,KY,ASO,CE,Federal Contract Tower,0,8,1,0,9,0,0,34,0,34,0,8,35,0,43,26,0,26,69
05/30/2022,OWB,KY,ASO,CE,Federal Contract Tower,2,2,11,0,15,0,4,27,0,31,2,6,38,0,46,24,0,24,70
05/31/2022,OWB,KY,ASO,CE,Federal Contract Tower,0,2,5,6,13,0,5,38,0,43,0,7,43,6,56,48,2,50,106
06/01/2022,OWB,KY,ASO,CE,Federal Contract Tower,0,5,11,2,18,0,2,33,0,35,0,7,44,2,53,44,6,50,103
06/02/2022,OWB,KY,ASO,CE,Federal Contract Tower,0,6,17,3,26,0,1,9,1,11,0,7,26,4,37,18,0,18,55
06/03/2022,OWB,KY,ASO,CE,Federal Contract Tower,2,1,2,4,9,0,6,58,0,64,2,7,60,4,73,22,0,22,95
06/04/2022,OWB,KY,ASO,CE,Federal Contract Tower,0,1,8,0,9,0,4,50,0,54,0,5,58,0,63,84,0,84,147
06/05/2022,OWB,KY,ASO,CE,Federal Contract Tower,0,1,7,0,8,0,4,20,0,24,0,5,27,0,32,10,0,10,42
06/06/2022,OWB,KY,ASO,CE,Federal Contract Tower,2,2,3,0,7,0,0,5,0,5,2,2,8,0,12,4,0,4,16
06/07/2022,OWB,KY,ASO,CE,Federal Contract Tower,0,3,14,2,19,0,2,22,0,24,0,5,36,2,43,0,22,22,65
06/08/2022,OWB,KY,ASO,CE,Federal Contract Tower,0,6,5,1,12,0,0,2,0,2,0,6,7,1,14,6,0,6,20
06/09/2022,OWB,KY,ASO,CE,Federal Contract Tower,0,1,15,6,22,0,5,73,7,85,0,6,88,13,107,62,14,76,183
06/10/2022,OWB,KY,ASO,CE,Federal Contract Tower,2,5,10,2,19,0,4,35,2,41,2,9,45,4,60,30,0,30,90
06/11/2022,OWB,KY,ASO,CE,Federal Contract Tower,0,2,1,0,3,0,5,39,0,44,0,7,40,0,47,50,0,50,97
06/12/2022,OWB,KY,ASO,CE,Federal Contract Tower,0,5,16,0,21,0,4,16,0,20,0,9,32,0,41,10,0,10,51
06/13/2022,OWB,KY,ASO,CE,Federal Contract Tower,2,5,7,10,24,0,0,30,0,30,2,5,37,10,54,104,0,104,158
06/14/2022,OWB,KY,ASO,CE,Federal Contract Tower,0,7,10,4,21,0,1,43,0,44,0,8,53,4,65,56,0,56,121
06/15/2022,OWB,KY,ASO,CE,Federal Contract Tower,0,2,8,2,12,0,2,42,3,47,0,4,50,5,59,60,0,60,119
06/16/2022,OWB,KY,ASO,CE,Federal Contract Tower,0,2,17,2,21,0,5,41,0,46,0,7,58,2,67,26,0,26,93
06/17/2022,OWB,KY,ASO,CE,Federal Contract Tower,2,6,8,0,16,0,3,14,0,17,2,9,22,0,33,0,0,0,33
06/18/2022,OWB,KY,ASO,CE,Federal Contract Tower,0,6,6,0,12,0,0,20,0,20,0,6,26,0,32,16,0,16,48
06/19/2022,OWB,KY,ASO,CE,Federal Contract Tower,0,8,11,2,21,0,0,42,0,42,0,8,53,2,63,52,0,52,115
06/20/2022,OWB,KY,ASO,CE,Federal Contract Tower,1,2,6,0,9,0,7,32,0,39,1,9,38,0,48,60,0,60,108
06/21/2022,OWB,KY,ASO,CE,Federal Contract Tower,0,4,3,4,11,0,5,32,4,41,0,9,35,8,52,38,0,38,90
06/22/2022,OWB,KY,ASO,CE,Federal Contract Tower,0,4,6,0,10,0,2,41,0,43,0,6,47,0,53,34,0,34,87
06/23/2022,OWB,KY,ASO,CE,Federal Contract Tower,0,6,20,0,26,0,3,28,2,33,0,9,48,2,59,32,0,32,91
06/24/2022,OWB,KY,ASO,CE,Federal Contract Tower,2,0,7,4,13,0,6,38,3,47,2,6,45,7,60,22,8,30,90
06/25/2022,OWB,KY,ASO,CE,Federal Contract Tower,0,2,18,0,20,0,4,62,0,66,0,6,80,0,86,38,0,38,124
06/26/2022,OWB,KY,ASO,CE,Federal Contract Tower,0,4,7,0,11,0,4,1,0,5,0,8,8,0,16,0,0,0,16
06/27/2022,OWB,KY,ASO,CE,Federal Contract Tower,1,0,17,4,22,0,5,46,1,52,1,5,63,5,74,30,0,30,104
06/28/2022,OWB,KY,ASO,CE,Federal Contract Tower,0,1,6,3,10,0,5,42,0,47,0,6,48,3,57,90,0,90,147
06/29/2022,OWB,KY,ASO,CE,Federal Contract Tower,0,4,14,2,20,0,4,35,0,39,0,8,49,2,59,36,4,40,99
06/30/2022,OWB,KY,ASO,CE,Federal Contract Tower,0,2,8,3,13,0,3,36,3,42,0,5,44,6,55,88,34,122,177
07/01/2022,OWB,KY,ASO,CE,Federal Contract Tower,2,7,6,0,15,0,1,34,0,35,2,8,40,0,50,54,0,54,104
07/02/2022,OWB,KY,ASO,CE,Federal Contract Tower,0,7,3,0,10,0,0,16,0,16,0,7,19,0,26,58,0,58,84
07/03/2022,OWB,KY,ASO,CE,Federal Contract Tower,0,10,8,0,18,0,0,6,0,6,0,10,14,0,24,6,0,6,30
07/04/2022,OWB,KY,ASO,CE,Federal Contract Tower,2,3,5,0,10,0,2,22,0,24,2,5,27,0,34,20,0,20,54
07/05/2022,OWB,KY,ASO,CE,Federal Contract Tower,0,3,15,2,20,0,4,18,9,31,0,7,33,11,51,30,2,32,83
07/06/2022,OWB,KY,ASO,CE,Federal Contract Tower,0,2,12,7,21,0,3,30,2,35,0,5,42,9,56,40,0,40,96
07/07/2022,OWB,KY,ASO,CE,Federal Contract Tower,0,8,6,6,20,0,0,12,6,18,0,8,18,12,38,32,0,32,70
07/08/2022,OWB,KY,ASO,CE,Federal Contract Tower,0,6,10,4,20,0,0,19,1,20,0,6,29,5,40,42,14,56,96
07/09/2022,OWB,KY,ASO,CE,Federal Contract Tower,0,7,21,0,28,0,0,3,0,3,0,7,24,0,31,34,0,34,65
07/10/2022,OWB,KY,ASO,CE,Federal Contract Tower,0,5,8,0,13,0,1,64,0,65,0,6,72,0,78,38,0,38,116
07/11/2022,OWB,KY,ASO,CE,Federal Contract Tower,2,1,14,8,25,0,0,48,2,50,2,1,62,10,75,52,0,52,127
07/12/2022,OWB,KY,ASO,CE,Federal Contract Tower,0,3,13,5,21,0,2,57,2,61,0,5,70,7,82,76,20,96,178
07/13/2022,OWB,KY,ASO,CE,Federal Contract Tower,0,5,14,4,23,0,3,35,6,44,0,8,49,10,67,58,0,58,125
07/14/2022,OWB,KY,ASO,CE,Federal Contract Tower,0,3,13,5,21,0,2,53,3,58,0,5,66,8,79,16,8,24,103
07/15/2022,OWB,KY,ASO,CE,Federal Contract Tower,2,0,19,2,23,0,0,38,0,38,2,0,57,2,61,28,0,28,89
07/16/2022,OWB,KY,ASO,CE,Federal Contract Tower,0,3,5,0,8,0,3,12,0,15,0,6,17,0,23,0,0,0,23
07/17/2022,OWB,KY,ASO,CE,Federal Contract Tower,0,4,3,0,7,0,2,1,0,3,0,6,4,0,10,0,0,0,10
07/18/2022,OWB,KY,ASO,CE,Federal Contract Tower,2,8,5,2,17,0,0,19,0,19,2,8,24,2,36,14,0,14,50
07/19/2022,OWB,KY,ASO,CE,Federal Contract Tower,0,10,9,6,25,0,1,48,1,50,0,11,57,7,75,60,0,60,135
07/20/2022,OWB,KY,ASO,CE,Federal Contract Tower,0,6,9,2,17,0,3,48,1,52,0,9,57,3,69,40,0,40,109
07/21/2022,OWB,KY,ASO,CE,Federal Contract Tower,0,8,9,8,25,0,2,45,4,51,0,10,54,12,76,26,0,26,102
07/22/2022,OWB,KY,ASO,CE,Federal Contract Tower,2,12,30,0,44,0,3,40,0,43,2,15,70,0,87,34,0,34,121
07/23/2022,OWB,KY,ASO,CE,Federal Contract Tower,0,6,11,0,17,0,1,32,0,33,0,7,43,0,50,18,0,18,68
07/24/2022,OWB,KY,ASO,CE,Federal Contract Tower,0,7,5,7,19,0,1,23,1,25,0,8,28,8,44,40,0,40,84
07/25/2022,OWB,KY,ASO,CE,Federal Contract Tower,2,5,13,0,20,0,3,9,0,12,2,8,22,0,32,12,0,12,44
07/26/2022,OWB,KY,ASO,CE,Federal Contract Tower,0,9,3,1,13,0,2,2,6,10,0,11,5,7,23,10,0,10,33
07/27/2022,OWB,KY,ASO,CE,Federal Contract Tower,0,3,7,1,11,0,3,20,1,24,0,6,27,2,35,42,4,46,81
07/28/2022,OWB,KY,ASO,CE,Federal Contract Tower,0,6,5,0,11,0,0,16,0,16,0,6,21,0,27,30,0,30,57
07/29/2022,OWB,KY,ASO,CE,Federal Contract Tower,2,6,10,0,18,0,0,33,0,33,2,6,43,0,51,54,0,54,105
07/30/2022,OWB,KY,ASO,CE,Federal Contract Tower,0,6,1,0,7,0,0,38,0,38,0,6,39,0,45,36,0,36,81
07/31/2022,OWB,KY,ASO,CE,Federal Contract Tower,0,8,4,0,12,0,1,4,0,5,0,9,8,0,17,0,0,0,17
08/01/2022,OWB,KY,ASO,CE,Federal Contract Tower,2,6,3,0,11,0,0,15,0,15,2,6,18,0,26,26,0,26,52
08/02/2022,OWB,KY,ASO,CE,Federal Contract Tower,0,4,10,9,23,0,0,19,1,20,0,4,29,10,43,38,0,38,81
08/03/2022,OWB,KY,ASO,CE,Federal Contract Tower,0,1,8,15,24,0,4,46,5,55,0,5,54,20,79,46,20,66,145
08/04/2022,OWB,KY,ASO,CE,Federal Contract Tower,0,5,5,2,12,0,1,10,0,11,0,6,15,2,23,10,0,10,33
08/05/2022,OWB,KY,ASO,CE,Federal Contract Tower,2,7,16,0,25,0,0,13,0,13,2,7,29,0,38,6,0,6,44
08/06/2022,OWB,KY,ASO,CE,Federal Contract Tower,0,5,3,0,8,0,0,23,0,23,0,5,26,0,31,48,0,48,79
08/07/2022,OWB,KY,ASO,CE,Federal Contract Tower,0,5,6,0,11,0,1,24,0,25,0,6,30,0,36,20,0,20,56
08/08/2022,OWB,KY,ASO,CE,Federal Contract Tower,2,8,4,2,16,0,3,35,0,38,2,11,39,2,54,16,0,16,70
08/09/2022,OWB,KY,ASO,CE,Federal Contract Tower,0,6,6,2,14,0,0,15,1,16,0,6,21,3,30,12,0,12,42
08/10/2022,OWB,KY,ASO,CE,Federal Contract Tower,0,4,10,2,16,0,0,1,0,1,0,4,11,2,17,0,0,0,17
08/11/2022,OWB,KY,ASO,CE,Federal Contract Tower,0,4,16,1,21,0,1,54,8,63,0,5,70,9,84,24,0,24,108
08/12/2022,OWB,KY,ASO,CE,Federal Contract Tower,2,12,23,2,39,0,0,75,2,77,2,12,98,4,116,26,0,26,142
08/13/2022,OWB,KY,ASO,CE,Federal Contract Tower,0,7,8,0,15,0,1,63,0,64,0,8,71,0,79,48,0,48,127
08/14/2022,OWB,KY,ASO,CE,Federal Contract Tower,0,7,7,0,14,0,4,30,0,34,0,11,37,0,48,32,0,32,80
08/15/2022,OWB,KY,ASO,CE,Federal Contract Tower,2,6,6,10,24,0,1,10,2,13,2,7,16,12,37,28,4,32,69
08/16/2022,OWB,KY,ASO,CE,Federal Contract Tower,0,10,13,4,27,0,2,26,0,28,0,12,39,4,55,22,10,32,87
08/17/2022,OWB,KY,ASO,CE,Federal Contract Tower,0,3,6,15,24,0,2,44,4,50,0,5,50,19,74,70,0,70,144
08/18/2022,OWB,KY,ASO,CE,Federal Contract Tower,0,9,7,6,22,0,0,29,14,43,0,9,36,20,65,22,0,22,87
08/19/2022,OWB,KY,ASO,CE,Federal Contract Tower,0,15,5,0,20,0,3,47,4,54,0,18,52,4,74,28,0,28,102
08/20/2022,OWB,KY,ASO,CE,Federal Contract Tower,0,6,6,0,12,0,0,50,0,50,0,6,56,0,62,42,0,42,104
08/21/2022,OWB,KY,ASO,CE,Federal Contract Tower,0,10,5,0,15,0,1,12,0,13,0,11,17,0,28,16,0,16,44
08/22/2022,OWB,KY,ASO,CE,Federal Contract Tower,0,3,15,7,25,0,1,35,6,42,0,4,50,13,67,28,14,42,109
08/23/2022,OWB,KY,ASO,CE,Federal Contract Tower,0,5,9,4,18,0,1,35,2,38,0,6,44,6,56,40,16,56,112
08/24/2022,OWB,KY,ASO,CE,Federal Contract Tower,0,12,15,11,38,0,3,44,6,53,0,15,59,17,91,48,40,88,179
08/25/2022,OWB,KY,ASO,CE,Federal Contract Tower,0,4,8,6,18,0,2,44,12,58,0,6,52,18,76,46,6,52,128
08/26/2022,OWB,KY,ASO,CE,Federal Contract Tower,0,5,14,8,27,0,1,44,6,51,0,6,58,14,78,30,14,44,122
08/27/2022,OWB,KY,ASO,CE,Federal Contract Tower,0,7,11,0,18,0,0,33,3,36,0,7,44,3,54,12,0,12,66
08/28/2022,OWB,KY,ASO,CE,Federal Contract Tower,0,9,3,0,12,0,0,21,0,21,0,9,24,0,33,24,0,24,57
08/29/2022,OWB,KY,ASO,CE,Federal Contract Tower,0,5,6,3,14,0,2,11,0,13,0,7,17,3,27,18,0,18,45
08/30/2022,OWB,KY,ASO,CE,Federal Contract Tower,0,5,6,8,19,0,2,20,0,22,0,7,26,8,41,32,16,48,89
08/31/2022,OWB,KY,ASO,CE,Federal Contract Tower,0,2,15,0,17,0,5,51,0,56,0,7,66,0,73,96,0,96,169
09/01/2022,OWB,KY,ASO,CE,Federal Contract Tower,0,10,11,4,25,0,21,50,0,71,0,31,61,4,96,46,0,46,142
09/02/2022,OWB,KY,ASO,CE,Federal Contract Tower,0,8,7,0,15,0,8,52,0,60,0,16,59,0,75,24,0,24,99
09/03/2022,OWB,KY,ASO,CE,Federal Contract Tower,0,5,2,0,7,0,1,8,0,9,0,6,10,0,16,12,0,12,28
09/04/2022,OWB,KY,ASO,CE,Federal Contract Tower,0,6,13,0,19,0,0,1,0,1,0,6,14,0,20,0,0,0,20
09/05/2022,OWB,KY,ASO,CE,Federal Contract Tower,0,5,6,3,14,0,3,12,7,22,0,8,18,10,36,16,0,16,52
09/06/2022,OWB,KY,ASO,CE,Federal Contract Tower,0,6,13,8,27,0,0,10,4,14,0,6,23,12,41,0,0,0,41
09/07/2022,OWB,KY,ASO,CE,Federal Contract Tower,0,6,16,3,25,0,3,43,10,56,0,9,59,13,81,48,4,52,133
09/08/2022,OWB,KY,ASO,CE,Federal Contract Tower,0,4,8,2,14,0,4,91,7,102,0,8,99,9,116,68,0,68,184
09/09/2022,OWB,KY,ASO,CE,Federal Contract Tower,0,5,16,9,30,0,3,59,1,63,0,8,75,10,93,72,16,88,181
09/10/2022,OWB,KY,ASO,CE,Federal Contract Tower,0,5,7,0,12,0,0,49,0,49,0,5,56,0,61,48,0,48,109
09/11/2022,OWB,KY,ASO,CE,Federal Contract Tower,0,8,33,0,41,0,1,0,0,1,0,9,33,0,42,0,0,0,42
09/12/2022,OWB,KY,ASO,CE,Federal Contract Tower,0,8,10,2,20,0,0,41,0,41,0,8,51,2,61,38,8,46,107
09/13/2022,OWB,KY,ASO,CE,Federal Contract Tower,0,7,10,4,21,0,0,30,0,30,0,7,40,4,51,72,0,72,123
09/14/2022,OWB,KY,ASO,CE,Federal Contract Tower,0,4,13,2,19,0,0,52,0,52,0,4,65,2,71,8,0,8,79
09/15/2022,OWB,KY,ASO,CE,Federal Contract Tower,0,7,21,5,33,0,0,72,2,74,0,7,93,7,107,16,0,16,123
09/16/2022,OWB,KY,ASO,CE,Federal Contract Tower,0,4,9,0,13,0,0,73,0,73,0,4,82,0,86,50,0,50,136
09/17/2022,OWB,KY,ASO,CE,Federal Contract Tower,0,5,14,0,19,0,0,84,0,84,0,5,98,0,103,28,0,28,131
09/18/2022,OWB,KY,ASO,CE,Federal Contract Tower,0,6,16,0,22,0,0,41,0,41,0,6,57,0,63,8,0,8,71
09/19/2022,OWB,KY,ASO,CE,Federal Contract Tower,0,6,4,2,12,0,0,32,0,32,0,6,36,2,44,14,0,14,58
09/20/2022,OWB,KY,ASO,CE,Federal Contract Tower,0,5,6,15,26,0,1,41,2,44,0,6,47,17,70,28,32,60,130
09/21/2022,OWB,KY,ASO,CE,Federal Contract Tower,0,11,8,13,32,0,0,22,10,32,0,11,30,23,64,44,24,68,132
09/22/2022,OWB,KY,ASO,CE,Federal Contract Tower,0,8,23,0,31,0,0,37,0,37,0,8,60,0,68,52,0,52,120
09/23/2022,OWB,KY,ASO,CE,Federal Contract Tower,0,6,3,2,11,0,2,49,1,52,0,8,52,3,63,46,4,50,113
09/24/2022,OWB,KY,ASO,CE,Federal Contract Tower,0,5,3,0,8,0,10,46,0,56,0,15,49,0,64,34,0,34,98
09/25/2022,OWB,KY,ASO,CE,Federal Contract Tower,0,10,9,0,19,0,0,16,0,16,0,10,25,0,35,38,0,38,73
09/26/2022,OWB,KY,ASO,CE,Federal Contract Tower,0,12,4,2,18,0,0,40,1,41,0,12,44,3,59,30,0,30,89
09/27/2022,OWB,KY,ASO,CE,Federal Contract Tower,0,6,19,7,32,0,0,30,0,30,0,6,49,7,62,20,0,20,82
09/28/2022,OWB,KY,ASO,CE,Federal Contract Tower,0,6,5,3,14,0,0,28,4,32,0,6,33,7,46,26,0,26,72
09/29/2022,OWB,KY,ASO,CE,Federal Contract Tower,0,7,21,2,30,0,0,30,0,30,0,7,51,2,60,38,0,38,98
09/30/2022,OWB,KY,ASO,CE,Federal Contract Tower,0,11,17,0,28,0,2,43,0,45,0,13,60,0,73,72,0,72,145
10/01/2022,OWB,KY,ASO,CE,Federal Contract Tower,0,4,9,0,13,0,0,29,0,29,0,4,38,0,42,54,0,54,96
10/02/2022,OWB,KY,ASO,CE,Federal Contract Tower,0,9,9,0,18,0,0,29,0,29,0,9,38,0,47,32,0,32,79
10/03/2022,OWB,KY,ASO,CE,Federal Contract Tower,0,6,11,1,18,0,12,18,1,31,0,18,29,2,49,8,0,8,57
10/04/2022,OWB,KY,ASO,CE,Federal Contract Tower,0,6,7,4,17,0,0,0,0,0,0,6,7,4,17,0,0,0,17
10/05/2022,OWB,KY,ASO,CE,Federal Contract Tower,0,6,9,11,26,0,0,36,0,36,0,6,45,11,62,40,32,72,134
10/06/2022,OWB,KY,ASO,CE,Federal Contract Tower,0,6,10,5,21,0,0,31,0,31,0,6,41,5,52,10,0,10,62
10/07/2022,OWB,KY,ASO,CE,Federal Contract Tower,2,7,10,6,25,0,0,21,6,27,2,7,31,12,52,20,0,20,72
10/08/2022,OWB,KY,ASO,CE,Federal Contract Tower,0,3,5,2,10,0,1,35,2,38,0,4,40,4,48,52,0,52,100
10/09/2022,OWB,KY,ASO,CE,Federal Contract Tower,0,6,9,2,17,0,0,22,0,22,0,6,31,2,39,8,0,8,47
10/10/2022,OWB,KY,ASO,CE,Federal Contract Tower,2,6,8,0,16,0,0,30,0,30,2,6,38,0,46,30,0,30,76
10/11/2022,OWB,KY,ASO,CE,Federal Contract Tower,0,6,4,4,14,0,0,16,0,16,0,6,20,4,30,24,0,24,54
10/12/2022,OWB,KY,ASO,CE,Federal Contract Tower,0,7,9,6,22,0,0,6,5,11,0,7,15,11,33,6,10,16,49
10/13/2022,OWB,KY,ASO,CE,Federal Contract Tower,0,7,9,6,22,0,0,15,0,15,0,7,24,6,37,14,0,14,51
10/15/2022,OWB,KY,ASO,CE,Federal Contract Tower,0,7,11,0,18,0,0,32,0,32,0,7,43,0,50,44,0,44,94
10/16/2022,OWB,KY,ASO,CE,Federal Contract Tower,0,6,16,0,22,0,0,24,0,24,0,6,40,0,46,178,0,178,224
10/17/2022,OWB,KY,ASO,CE,Federal Contract Tower,2,13,7,6,28,0,2,12,0,14,2,15,19,6,42,6,0,6,48
10/18/2022,OWB,KY,ASO,CE,Federal Contract Tower,0,7,14,6,27,0,1,24,0,25,0,8,38,6,52,16,6,22,74
10/19/2022,OWB,KY,ASO,CE,Federal Contract Tower,0,13,5,6,24,0,1,44,9,54,0,14,49,15,78,106,8,114,192
10/20/2022,OWB,KY,ASO,CE,Federal Contract Tower,0,5,9,4,18,0,0,38,15,53,0,5,47,19,71,38,6,44,115
10/21/2022,OWB,KY,ASO,CE,Federal Contract Tower,2,3,14,6,25,0,3,32,0,35,2,6,46,6,60,120,0,120,180
10/22/2022,OWB,KY,ASO,CE,Federal Contract Tower,0,6,4,1,11,0,0,24,1,25,0,6,28,2,36,10,0,10,46
10/23/2022,OWB,KY,ASO,CE,Federal Contract Tower,0,8,15,0,23,0,1,25,0,26,0,9,40,0,49,32,0,32,81
10/24/2022,OWB,KY,ASO,CE,Federal Contract Tower,2,7,10,5,24,0,0,20,1,21,2,7,30,6,45,24,0,24,69
10/25/2022,OWB,KY,ASO,CE,Federal Contract Tower,0,6,4,1,11,0,0,1,1,2,0,6,5,2,13,0,0,0,13
10/26/2022,OWB,KY,ASO,CE,Federal Contract Tower,0,5,10,14,29,0,2,11,9,22,0,7,21,23,51,17,36,53,104
10/27/2022,OWB,KY,ASO,CE,Federal Contract Tower,0,5,16,13,34,0,2,44,0,46,0,7,60,13,80,52,28,80,160
10/28/2022,OWB,KY,ASO,CE,Federal Contract Tower,2,6,13,12,33,0,2,50,0,52,2,8,63,12,85,70,0,70,155
10/29/2022,OWB,KY,ASO,CE,Federal Contract Tower,0,7,2,0,9,0,0,45,0,45,0,7,47,0,54,70,0,70,124
10/30/2022,OWB,KY,ASO,CE,Federal Contract Tower,0,8,14,0,22,0,0,0,0,0,0,8,14,0,22,0,0,0,22
10/31/2022,OWB,KY,ASO,CE,Federal Contract Tower,2,4,8,0,14,0,2,5,0,7,2,6,13,0,21,0,0,0,21
11/01/2022,OWB,KY,ASO,CE,Federal Contract Tower,0,3,15,10,28,0,4,46,0,50,0,7,61,10,78,30,24,54,132
11/02/2022,OWB,KY,ASO,CE,Federal Contract Tower,0,4,8,8,20,0,5,33,10,48,0,9,41,18,68,20,18,38,106
11/03/2022,OWB,KY,ASO,CE,Federal Contract Tower,0,1,1,14,16,0,2,45,2,49,0,3,46,16,65,64,26,90,155
11/04/2022,OWB,KY,ASO,CE,Federal Contract Tower,2,2,19,2,25,0,0,37,0,37,2,2,56,2,62,4,30,34,96
11/05/2022,OWB,KY,ASO,CE,Federal Contract Tower,0,4,4,0,8,0,0,3,0,3,0,4,7,0,11,12,0,12,23
11/06/2022,OWB,KY,ASO,CE,Federal Contract Tower,0,6,10,0,16,0,0,42,0,42,0,6,52,0,58,22,0,22,80
11/07/2022,OWB,KY,ASO,CE,Federal Contract Tower,2,9,22,2,35,0,3,27,0,30,2,12,49,2,65,4,0,4,69
11/08/2022,OWB,KY,ASO,CE,Federal Contract Tower,0,7,35,4,46,0,2,34,4,40,0,9,69,8,86,36,4,40,126
11/09/2022,OWB,KY,ASO,CE,Federal Contract Tower,0,3,19,0,22,0,2,33,0,35,0,5,52,0,57,64,0,64,121
11/10/2022,OWB,KY,ASO,CE,Federal Contract Tower,0,6,32,9,47,0,5,42,6,53,0,11,74,15,100,96,10,106,206
11/11/2022,OWB,KY,ASO,CE,Federal Contract Tower,2,8,21,0,31,0,0,4,0,4,2,8,25,0,35,27,0,27,62
11/12/2022,OWB,KY,ASO,CE,Federal Contract Tower,0,5,0,0,5,0,0,2,0,2,0,5,2,0,7,12,0,12,19
11/13/2022,OWB,KY,ASO,CE,Federal Contract Tower,0,6,8,0,14,0,0,26,0,26,0,6,34,0,40,64,0,64,104
11/14/2022,OWB,KY,ASO,CE,Federal Contract Tower,2,4,6,0,12,0,2,20,0,22,2,6,26,0,34,14,0,14,48
11/15/2022,OWB,KY,ASO,CE,Federal Contract Tower,0,4,5,0,9,0,0,2,0,2,0,4,7,0,11,10,0,10,21
11/16/2022,OWB,KY,ASO,CE,Federal Contract Tower,0,8,3,0,11,0,2,19,8,29,0,10,22,8,40,38,0,38,78
11/17/2022,OWB,KY,ASO,CE,Federal Contract Tower,0,1,7,2,10,0,0,28,1,29,0,1,35,3,39,62,10,72,111
11/18/2022,OWB,KY,ASO,CE,Federal Contract Tower,0,1,15,0,16,0,0,26,0,26,0,1,41,0,42,54,0,54,96
11/19/2022,OWB,KY,ASO,CE,Federal Contract Tower,2,8,9,0,19,0,0,28,0,28,2,8,37,0,47,40,0,40,87
11/20/2022,OWB,KY,ASO,CE,Federal Contract Tower,0,12,13,0,25,0,0,30,0,30,0,12,43,0,55,20,0,20,75
11/21/2022,OWB,KY,ASO,CE,Federal Contract Tower,2,2,5,3,12,0,1,22,1,24,2,3,27,4,36,36,0,36,72
11/22/2022,OWB,KY,ASO,CE,Federal Contract Tower,0,1,11,4,16,0,0,26,6,32,0,1,37,10,48,22,0,22,70
11/23/2022,OWB,KY,ASO,CE,Federal Contract Tower,2,1,9,0,12,0,4,39,0,43,2,5,48,0,55,50,0,50,105
11/24/2022,OWB,KY,ASO,CE,Federal Contract Tower,0,6,1,0,7,0,0,1,0,1,0,6,2,0,8,0,0,0,8
11/25/2022,OWB,KY,ASO,CE,Federal Contract Tower,0,4,8,0,12,0,0,8,0,8,0,4,16,0,20,22,0,22,42
11/26/2022,OWB,KY,ASO,CE,Federal Contract Tower,0,8,9,0,17,0,0,16,0,16,0,8,25,0,33,4,0,4,37
11/27/2022,OWB,KY,ASO,CE,Federal Contract Tower,2,7,7,0,16,0,0,1,0,1,2,7,8,0,17,0,0,0,17
11/28/2022,OWB,KY,ASO,CE,Federal Contract Tower,0,6,14,0,20,0,0,3,0,3,0,6,17,0,23,0,0,0,23
11/29/2022,OWB,KY,ASO,CE,Federal Contract Tower,0,6,5,2,13,0,0,9,0,9,0,6,14,2,22,0,6,6,28
11/30/2022,OWB,KY,ASO,CE,Federal Contract Tower,0,5,12,3,20,0,3,9,3,15,0,8,21,6,35,10,0,10,45
12/01/2022,OWB,KY,ASO,CE,Federal Contract Tower,0,8,13,4,25,0,4,39,0,43,0,12,52,4,68,58,0,58,126
12/02/2022,OWB,KY,ASO,CE,Federal Contract Tower,2,7,14,2,25,0,1,11,0,12,2,8,25,2,37,4,0,4,41
12/03/2022,OWB,KY,ASO,CE,Federal Contract Tower,0,10,2,0,12,0,0,14,0,14,0,10,16,0,26,10,0,10,36
12/04/2022,OWB,KY,ASO,CE,Federal Contract Tower,0,6,10,0,16,0,0,34,0,34,0,6,44,0,50,22,0,22,72
12/05/2022,OWB,KY,ASO,CE,Federal Contract Tower,2,6,14,0,22,0,0,0,0,0,2,6,14,0,22,8,0,8,30
12/06/2022,OWB,KY,ASO,CE,Federal Contract Tower,0,8,12,0,20,0,0,0,0,0,0,8,12,0,20,0,0,0,20
12/07/2022,OWB,KY,ASO,CE,Federal Contract Tower,0,7,3,6,16,0,0,0,0,0,0,7,3,6,16,0,0,0,16
12/08/2022,OWB,KY,ASO,CE,Federal Contract Tower,0,7,4,0,11,0,0,0,0,0,0,7,4,0,11,0,0,0,11
12/09/2022,OWB,KY,ASO,CE,Federal Contract Tower,2,5,13,0,20,0,0,0,0,0,2,5,13,0,20,0,0,0,20
12/10/2022,OWB,KY,ASO,CE,Federal Contract Tower,0,8,1,0,9,0,0,0,0,0,0,8,1,0,9,0,0,0,9
12/11/2022,OWB,KY,ASO,CE,Federal Contract Tower,0,7,9,0,16,0,0,13,0,13,0,7,22,0,29,44,0,44,73
12/12/2022,OWB,KY,ASO,CE,Federal Contract Tower,2,14,8,6,30,0,0,31,5,36,2,14,39,11,66,20,16,36,102
12/13/2022,OWB,KY,ASO,CE,Federal Contract Tower,0,10,18,2,30,0,0,6,0,6,0,10,24,2,36,2,9,11,47
12/14/2022,OWB,KY,ASO,CE,Federal Contract Tower,0,4,2,0,6,0,0,0,0,0,0,4,2,0,6,0,0,0,6
12/15/2022,OWB,KY,ASO,CE,Federal Contract Tower,0,4,5,2,11,0,2,17,1,20,0,6,22,3,31,12,6,18,49
12/16/2022,OWB,KY,ASO,CE,Federal Contract Tower,0,7,7,4,18,0,1,22,0,23,0,8,29,4,41,26,0,26,67
12/17/2022,OWB,KY,ASO,CE,Federal Contract Tower,2,6,8,0,16,0,0,25,0,25,2,6,33,0,41,50,0,50,91
12/18/2022,OWB,KY,ASO,CE,Federal Contract Tower,0,7,11,0,18,0,0,28,0,28,0,7,39,0,46,22,0,22,68
12/19/2022,OWB,KY,ASO,CE,Federal Contract Tower,0,5,14,4,23,0,1,40,1,42,0,6,54,5,65,78,0,78,143
12/20/2022,OWB,KY,ASO,CE,Federal Contract Tower,2,4,14,1,21,0,0,48,1,49,2,4,62,2,70,52,0,52,122
12/21/2022,OWB,KY,ASO,CE,Federal Contract Tower,0,6,15,2,23,0,3,24,0,27,0,9,39,2,50,46,0,46,96
12/22/2022,OWB,KY,ASO,CE,Federal Contract Tower,0,4,9,0,13,0,0,0,0,0,0,4,9,0,13,0,0,0,13
12/23/2022,OWB,KY,ASO,CE,Federal Contract Tower,0,4,2,0,6,0,0,0,0,0,0,4,2,0,6,0,0,0,6
12/24/2022,OWB,KY,ASO,CE,Federal Contract Tower,0,5,0,0,5,0,0,4,0,4,0,5,4,0,9,0,0,0,9
12/25/2022,OWB,KY,ASO,CE,Federal Contract Tower,0,6,0,0,6,0,0,2,0,2,0,6,2,0,8,0,0,0,8
12/26/2022,OWB,KY,ASO,CE,Federal Contract Tower,0,8,2,0,10,0,0,0,0,0,0,8,2,0,10,0,0,0,10
12/27/2022,OWB,KY,ASO,CE,Federal Contract Tower,0,7,2,0,9,0,0,0,0,0,0,7,2,0,9,0,0,0,9
12/28/2022,OWB,KY,ASO,CE,Federal Contract Tower,0,2,13,4,19,0,0,0,0,0,0,2,13,4,19,36,10,46,65
12/29/2022,OWB,KY,ASO,CE,Federal Contract Tower,0,8,6,0,14,0,0,19,0,19,0,8,25,0,33,8,0,8,41
12/30/2022,OWB,KY,ASO,CE,Federal Contract Tower,2,7,10,0,19,0,0,7,0,7,2,7,17,0,26,16,0,16,42
12/31/2022,OWB,KY,ASO,CE,Federal Contract Tower,0,12,0,0,12,0,0,0,0,0,0,12,0,0,12,0,0,0,12
01/01/2023,OWB,KY,ASO,CE,Federal Contract Tower,0,8,11,0,19,0,0,2,0,2,0,8,13,0,21,0,0,0,21
01/02/2023,OWB,KY,ASO,CE,Federal Contract Tower,0,6,6,0,12,0,0,4,0,4,0,6,10,0,16,28,0,28,44
01/03/2023,OWB,KY,ASO,CE,Federal Contract Tower,2,6,11,0,19,0,0,2,0,2,2,6,13,0,21,0,0,0,21
01/04/2023,OWB,KY,ASO,CE,Federal Contract Tower,0,4,7,11,22,0,4,24,6,34,0,8,31,17,56,20,6,26,82
01/05/2023,OWB,KY,ASO,CE,Federal Contract Tower,0,4,5,3,12,0,0,26,2,28,0,4,31,5,40,32,8,40,80
01/06/2023,OWB,KY,ASO,CE,Federal Contract Tower,2,6,20,0,28,0,0,46,0,46,2,6,66,0,74,58,0,58,132
01/07/2023,OWB,KY,ASO,CE,Federal Contract Tower,0,7,9,0,16,0,45,4,0,49,0,52,13,0,65,28,0,28,93
01/08/2023,OWB,KY,ASO,CE,Federal Contract Tower,0,6,0,0,6,0,0,6,0,6,0,6,6,0,12,28,0,28,40
01/09/2023,OWB,KY,ASO,CE,Federal Contract Tower,2,4,8,3,17,0,6,30,1,37,2,10,38,4,54,40,0,40,94
01/10/2023,OWB,KY,ASO,CE,Federal Contract Tower,0,8,8,25,41,0,2,36,1,39,0,10,44,26,80,44,18,62,142
01/11/2023,OWB,KY,ASO,CE,Federal Contract Tower,0,27,8,2,37,0,1,7,0,8,0,28,15,2,45,18,0,18,63
01/12/2023,OWB,KY,ASO,CE,Federal Contract Tower,0,8,5,0,13,0,0,0,0,0,0,8,5,0,13,0,0,0,13
01/13/2023,OWB,KY,ASO,CE,Federal Contract Tower,2,5,6,0,13,0,0,0,0,0,2,5,6,0,13,0,0,0,13
01/14/2023,OWB,KY,ASO,CE,Federal Contract Tower,0,6,5,0,11,0,0,13,0,13,0,6,18,0,24,88,0,88,112
01/15/2023,OWB,KY,ASO,CE,Federal Contract Tower,0,6,20,0,26,0,0,43,0,43,0,6,63,0,69,24,0,24,93
01/16/2023,OWB,KY,ASO,CE,Federal Contract Tower,2,6,2,0,10,0,0,2,0,2,2,6,4,0,12,0,0,0,12
01/17/2023,OWB,KY,ASO,CE,Federal Contract Tower,0,6,13,6,25,0,3,31,3,37,0,9,44,9,62,34,4,38,100
01/18/2023,OWB,KY,ASO,CE,Federal Contract Tower,0,16,6,6,28,0,0,13,6,19,0,16,19,12,47,20,0,20,67
01/19/2023,OWB,KY,ASO,CE,Federal Contract Tower,0,6,5,4,15,0,0,9,0,9,0,6,14,4,24,4,14,18,42
01/20/2023,OWB,KY,ASO,CE,Federal Contract Tower,2,13,8,2,25,0,2,29,2,33,2,15,37,4,58,36,0,36,94
01/21/2023,OWB,KY,ASO,CE,Federal Contract Tower,0,2,3,2,7,0,0,25,0,25,0,2,28,2,32,60,6,66,98
01/22/2023,OWB,KY,ASO,CE,Federal Contract Tower,0,6,4,0,10,0,0,0,0,0,0,6,4,0,10,0,0,0,10
01/23/2023,OWB,KY,ASO,CE,Federal Contract Tower,2,7,5,0,14,0,2,22,0,24,2,9,27,0,38,22,0,22,60
01/24/2023,OWB,KY,ASO,CE,Federal Contract Tower,0,8,9,14,31,0,3,26,4,33,0,11,35,18,64,40,6,46,110
01/25/2023,OWB,KY,ASO,CE,Federal Contract Tower,0,8,3,0,11,0,0,0,0,0,0,8,3,0,11,0,0,0,11
01/26/2023,OWB,KY,ASO,CE,Federal Contract Tower,0,8,4,8,20,0,0,6,0,6,0,8,10,8,26,20,0,20,46
01/27/2023,OWB,KY,ASO,CE,Federal Contract Tower,2,1,8,0,11,0,0,18,0,18,2,1,26,0,29,24,0,24,53
01/28/2023,OWB,KY,ASO,CE,Federal Contract Tower,0,6,16,0,22,0,0,16,0,16,0,6,32,0,38,57,0,57,95
01/29/2023,OWB,KY,ASO,CE,Federal Contract Tower,0,2,4,0,6,0,0,0,0,0,0,2,4,0,6,0,0,0,6
01/30/2023,OWB,KY,ASO,CE,Federal Contract Tower,2,4,0,0,6,0,0,0,0,0,2,4,0,0,6,0,0,0,6
01/31/2023,OWB,KY,ASO,CE,Federal Contract Tower,0,0,0,0,0,0,0,0,0,0,0,0,0,0,0,0,0,0,0
02/01/2023,OWB,KY,ASO,CE,Federal Contract Tower,0,6,9,0,15,0,1,9,0,10,0,7,18,0,25,8,0,8,33
02/02/2023,OWB,KY,ASO,CE,Federal Contract Tower,0,6,17,0,23,0,0,39,2,41,0,6,56,2,64,16,0,16,80
02/03/2023,OWB,KY,ASO,CE,Federal Contract Tower,4,6,7,2,19,0,0,57,0,57,4,6,64,2,76,40,0,40,116
02/04/2023,OWB,KY,ASO,CE,Federal Contract Tower,0,6,19,0,25,0,0,29,0,29,0,6,48,0,54,42,0,42,96
02/05/2023,OWB,KY,ASO,CE,Federal Contract Tower,0,6,9,2,17,0,0,17,0,17,0,6,26,2,34,56,16,72,106
02/06/2023,OWB,KY,ASO,CE,Federal Contract Tower,2,4,8,0,14,0,9,35,0,44,2,13,43,0,58,24,0,24,82
02/07/2023,OWB,KY,ASO,CE,Federal Contract Tower,0,7,8,5,20,0,1,4,1,6,0,8,12,6,26,18,6,24,50
02/08/2023,OWB,KY,ASO,CE,Federal Contract Tower,0,4,9,4,17,0,0,0,0,0,0,4,9,4,17,0,0,0,17
02/09/2023,OWB,KY,ASO,CE,Federal Contract Tower,0,5,8,1,14,0,2,2,5,9,0,7,10,6,23,0,0,0,23
02/10/2023,OWB,KY,ASO,CE,Federal Contract Tower,2,6,7,2,17,0,0,6,0,6,2,6,13,2,23,16,16,32,55
02/11/2023,OWB,KY,ASO,CE,Federal Contract Tower,0,6,7,0,13,0,0,35,0,35,0,6,42,0,48,60,0,60,108
02/12/2023,OWB,KY,ASO,CE,Federal Contract Tower,0,8,6,0,14,0,1,40,0,41,0,9,46,0,55,20,0,20,75
02/13/2023,OWB,KY,ASO,CE,Federal Contract Tower,2,0,13,4,19,0,0,23,0,23,2,0,36,4,42,14,0,14,56
02/14/2023,OWB,KY,ASO,CE,Federal Contract Tower,0,4,11,9,24,0,1,2,1,4,0,5,13,10,28,0,10,10,38
02/15/2023,OWB,KY,ASO,CE,Federal Contract Tower,0,3,8,6,17,0,0,41,10,51,0,3,49,16,68,20,0,20,88
02/16/2023,OWB,KY,ASO,CE,Federal Contract Tower,0,4,0,0,4,0,0,0,0,0,0,4,0,0,4,0,0,0,4
02/17/2023,OWB,KY,ASO,CE,Federal Contract Tower,2,6,3,0,11,0,0,15,0,15,2,6,18,0,26,60,0,60,86
02/18/2023,OWB,KY,ASO,CE,Federal Contract Tower,0,8,8,0,16,0,0,57,0,57,0,8,65,0,73,14,0,14,87
02/19/2023,OWB,KY,ASO,CE,Federal Contract Tower,0,5,5,0,10,0,0,21,0,21,0,5,26,0,31,12,0,12,43
02/20/2023,OWB,KY,ASO,CE,Federal Contract Tower,2,7,17,0,26,0,10,17,0,27,2,17,34,0,53,6,0,6,59
02/21/2023,OWB,KY,ASO,CE,Federal Contract Tower,0,6,22,5,33,0,1,43,1,45,0,7,65,6,78,20,0,20,98
02/22/2023,OWB,KY,ASO,CE,Federal Contract Tower,0,4,3,0,7,0,0,2,0,2,0,4,5,0,9,0,0,0,9
02/23/2023,OWB,KY,ASO,CE,Federal Contract Tower,0,7,8,5,20,0,1,5,15,21,0,8,13,20,41,2,10,12,53
02/24/2023,OWB,KY,ASO,CE,Federal Contract Tower,2,6,11,2,21,0,1,42,0,43,2,7,53,2,64,70,0,70,134
02/25/2023,OWB,KY,ASO,CE,Federal Contract Tower,0,6,10,1,17,0,8,46,1,55,0,14,56,2,72,56,0,56,128
02/26/2023,OWB,KY,ASO,CE,Federal Contract Tower,0,12,6,2,20,0,5,16,0,21,0,17,22,2,41,26,0,26,67
02/27/2023,OWB,KY,ASO,CE,Federal Contract Tower,2,3,2,2,9,0,2,0,2,4,2,5,2,4,13,2,10,12,25
02/28/2023,OWB,KY,ASO,CE,Federal Contract Tower,0,11,14,1,26,0,1,37,0,38,0,12,51,1,64,24,12,36,100
03/01/2023,OWB,KY,ASO,CE,Federal Contract Tower,0,7,10,1,18,0,2,8,0,10,0,9,18,1,28,10,6,16,44
03/02/2023,OWB,KY,ASO,CE,Federal Contract Tower,0,6,14,0,20,0,0,23,0,23,0,6,37,0,43,20,0,20,63
03/03/2023,OWB,KY,ASO,CE,Federal Contract Tower,2,0,0,0,2,0,0,0,0,0,2,0,0,0,2,0,0,0,2
03/04/2023,OWB,KY,ASO,CE,Federal Contract Tower,0,5,6,0,11,0,1,50,0,51,0,6,56,0,62,20,0,20,82
03/05/2023,OWB,KY,ASO,CE,Federal Contract Tower,0,7,11,0,18,0,0,45,0,45,0,7,56,0,63,24,0,24,87
03/06/2023,OWB,KY,ASO,CE,Federal Contract Tower,2,9,18,7,36,0,1,7,1,9,2,10,25,8,45,0,0,0,45
03/07/2023,OWB,KY,ASO,CE,Federal Contract Tower,0,10,12,9,31,0,1,13,1,15,0,11,25,10,46,22,10,32,78
03/08/2023,OWB,KY,ASO,CE,Federal Contract Tower,0,9,16,6,31,0,2,29,0,31,0,11,45,6,62,20,0,20,82
03/09/2023,OWB,KY,ASO,CE,Federal Contract Tower,0,10,16,10,36,0,0,11,0,11,0,10,27,10,47,30,0,30,77
03/10/2023,OWB,KY,ASO,CE,Federal Contract Tower,1,8,8,4,21,0,0,2,0,2,1,8,10,4,23,12,0,12,35
03/11/2023,OWB,KY,ASO,CE,Federal Contract Tower,0,6,5,0,11,0,1,41,0,42,0,7,46,0,53,20,0,20,73
03/12/2023,OWB,KY,ASO,CE,Federal Contract Tower,0,4,2,0,6,0,0,2,0,2,0,4,4,0,8,14,0,14,22
03/13/2023,OWB,KY,ASO,CE,Federal Contract Tower,2,5,12,1,20,0,2,6,4,12,2,7,18,5,32,6,0,6,38
03/14/2023,OWB,KY,ASO,CE,Federal Contract Tower,0,5,14,7,26,0,1,14,5,20,0,6,28,12,46,16,6,22,68
03/15/2023,OWB,KY,ASO,CE,Federal Contract Tower,0,10,22,10,42,0,0,44,6,50,0,10,66,16,92,20,14,34,126
03/16/2023,OWB,KY,ASO,CE,Federal Contract Tower,0,16,6,5,27,0,1,12,1,14,0,17,18,6,41,0,14,14,55
03/17/2023,OWB,KY,ASO,CE,Federal Contract Tower,2,7,3,0,12,0,0,4,0,4,2,7,7,0,16,36,0,36,52
03/18/2023,OWB,KY,ASO,CE,Federal Contract Tower,0,10,0,0,10,0,7,8,0,15,0,17,8,0,25,12,0,12,37
03/19/2023,OWB,KY,ASO,CE,Federal Contract Tower,0,4,8,0,12,0,0,23,0,23,0,4,31,0,35,34,0,34,69
03/20/2023,OWB,KY,ASO,CE,Federal Contract Tower,2,7,20,5,34,0,3,24,0,27,2,10,44,5,61,8,14,22,83
03/21/2023,OWB,KY,ASO,CE,Federal Contract Tower,0,4,5,0,9,0,2,7,0,9,0,6,12,0,18,0,0,0,18
03/22/2023,OWB,KY,ASO,CE,Federal Contract Tower,0,6,2,6,14,0,0,0,0,0,0,6,2,6,14,0,0,0,14
03/23/2023,OWB,KY,ASO,CE,Federal Contract Tower,0,6,14,0,20,0,0,4,0,4,0,6,18,0,24,0,0,0,24
03/25/2023,OWB,KY,ASO,CE,Federal Contract Tower,0,4,3,0,7,0,0,3,0,3,0,4,6,0,10,0,0,0,10
03/26/2023,OWB,KY,ASO,CE,Federal Contract Tower,0,8,9,2,19,0,8,37,0,45,0,16,46,2,64,0,0,0,64
03/27/2023,OWB,KY,ASO,CE,Federal Contract Tower,2,5,12,2,21,0,3,7,2,12,2,8,19,4,33,4,0,4,37
03/28/2023,OWB,KY,ASO,CE,Federal Contract Tower,0,4,33,10,47,0,4,16,4,24,0,8,49,14,71,38,12,50,121
03/29/2023,OWB,KY,ASO,CE,Federal Contract Tower,0,5,22,15,42,0,4,57,1,62,0,9,79,16,104,68,12,80,184
03/30/2023,OWB,KY,ASO,CE,Federal Contract Tower,0,12,5,5,22,0,4,52,3,59,0,16,57,8,81,52,10,62,143
03/31/2023,OWB,KY,ASO,CE,Federal Contract Tower,2,3,6,0,11,0,0,0,0,0,2,3,6,0,11,0,0,0,11
04/01/2023,OWB,KY,ASO,CE,Federal Contract Tower,0,0,2,0,2,0,0,0,0,0,0,0,2,0,2,0,0,0,2
04/02/2023,OWB,KY,ASO,CE,Federal Contract Tower,0,1,9,0,10,0,0,39,0,39,0,1,48,0,49,22,0,22,71
04/03/2023,OWB,KY,ASO,CE,Federal Contract Tower,2,4,14,7,27,0,0,8,0,8,2,4,22,7,35,0,0,0,35
04/04/2023,OWB,KY,ASO,CE,Federal Contract Tower,0,6,5,17,28,0,2,0,0,2,0,8,5,17,30,30,8,38,68
04/05/2023,OWB,KY,ASO,CE,Federal Contract Tower,0,3,5,0,8,0,0,0,0,0,0,3,5,0,8,0,0,0,8
04/06/2023,OWB,KY,ASO,CE,Federal Contract Tower,0,14,13,4,31,0,4,20,3,27,0,18,33,7,58,16,14,30,88
04/07/2023,OWB,KY,ASO,CE,Federal Contract Tower,2,9,4,0,15,0,4,28,0,32,2,13,32,0,47,10,0,10,57
04/08/2023,OWB,KY,ASO,CE,Federal Contract Tower,0,6,10,0,16,0,0,18,0,18,0,6,28,0,34,48,0,48,82
04/09/2023,OWB,KY,ASO,CE,Federal Contract Tower,0,2,1,0,3,0,1,21,0,22,0,3,22,0,25,32,0,32,57
04/10/2023,OWB,KY,ASO,CE,Federal Contract Tower,2,2,10,0,14,0,7,36,0,43,2,9,46,0,57,50,0,50,107
04/11/2023,OWB,KY,ASO,CE,Federal Contract Tower,0,8,18,6,32,0,5,44,0,49,0,13,62,6,81,48,12,60,141
04/12/2023,OWB,KY,ASO,CE,Federal Contract Tower,0,4,32,11,47,0,4,30,3,37,0,8,62,14,84,10,0,10,94
04/13/2023,OWB,KY,ASO,CE,Federal Contract Tower,0,8,23,4,35,0,9,43,4,56,0,17,66,8,91,20,10,30,121
04/14/2023,OWB,KY,ASO,CE,Federal Contract Tower,2,3,12,0,17,0,3,30,2,35,2,6,42,2,52,24,0,24,76
04/15/2023,OWB,KY,ASO,CE,Federal Contract Tower,0,6,4,0,10,0,0,23,0,23,0,6,27,0,33,34,0,34,67
04/16/2023,OWB,KY,ASO,CE,Federal Contract Tower,0,5,3,0,8,0,1,0,0,1,0,6,3,0,9,0,0,0,9
04/17/2023,OWB,KY,ASO,CE,Federal Contract Tower,2,7,4,4,17,0,3,5,2,10,2,10,9,6,27,6,0,6,33
04/18/2023,OWB,KY,ASO,CE,Federal Contract Tower,0,2,11,5,18,0,2,32,1,35,0,4,43,6,53,34,10,44,97
04/19/2023,OWB,KY,ASO,CE,Federal Contract Tower,0,4,9,4,17,0,1,13,0,14,0,5,22,4,31,8,0,8,39
04/20/2023,OWB,KY,ASO,CE,Federal Contract Tower,0,6,14,7,27,0,3,9,5,17,0,9,23,12,44,14,4,18,62
04/21/2023,OWB,KY,ASO,CE,Federal Contract Tower,2,6,8,0,16,0,0,0,0,0,2,6,8,0,16,0,0,0,16
04/22/2023,OWB,KY,ASO,CE,Federal Contract Tower,0,8,8,0,16,0,0,22,0,22,0,8,30,0,38,16,0,16,54
04/23/2023,OWB,KY,ASO,CE,Federal Contract Tower,0,4,7,0,11,0,0,20,0,20,0,4,27,0,31,4,0,4,35
04/24/2023,OWB,KY,ASO,CE,Federal Contract Tower,2,7,28,5,42,0,2,38,3,43,2,9,66,8,85,52,12,64,149
04/25/2023,OWB,KY,ASO,CE,Federal Contract Tower,0,8,11,8,27,0,2,33,0,35,0,10,44,8,62,48,14,62,124
04/26/2023,OWB,KY,ASO,CE,Federal Contract Tower,0,6,16,2,24,0,3,70,2,75,0,9,86,4,99,64,0,64,163
04/27/2023,OWB,KY,ASO,CE,Federal Contract Tower,0,8,10,1,19,0,0,4,3,7,0,8,14,4,26,0,2,2,28
04/28/2023,OWB,KY,ASO,CE,Federal Contract Tower,2,8,16,0,26,0,0,18,0,18,2,8,34,0,44,36,0,36,80
04/29/2023,OWB,KY,ASO,CE,Federal Contract Tower,0,6,9,0,15,0,0,27,0,27,0,6,36,0,42,36,0,36,78
04/30/2023,OWB,KY,ASO,CE,Federal Contract Tower,0,2,8,0,10,0,0,4,0,4,0,2,12,0,14,0,0,0,14
05/01/2023,OWB,KY,ASO,CE,Federal Contract Tower,2,5,2,0,9,0,2,8,0,10,2,7,10,0,19,8,0,8,27
05/02/2023,OWB,KY,ASO,CE,Federal Contract Tower,0,10,4,1,15,0,1,9,0,10,0,11,13,1,25,8,0,8,33
05/03/2023,OWB,KY,ASO,CE,Federal Contract Tower,0,6,12,4,22,0,1,21,0,22,0,7,33,4,44,40,0,40,84
05/04/2023,OWB,KY,ASO,CE,Federal Contract Tower,0,3,9,0,12,0,3,45,2,50,0,6,54,2,62,24,0,24,86
05/05/2023,OWB,KY,ASO,CE,Federal Contract Tower,2,7,13,0,22,0,0,33,0,33,2,7,46,0,55,18,0,18,73
05/06/2023,OWB,KY,ASO,CE,Federal Contract Tower,0,7,4,0,11,0,0,24,0,24,0,7,28,0,35,16,0,16,51
05/07/2023,OWB,KY,ASO,CE,Federal Contract Tower,0,2,3,0,5,0,0,0,0,0,0,2,3,0,5,0,0,0,5
05/08/2023,OWB,KY,ASO,CE,Federal Contract Tower,2,4,12,6,24,0,1,2,0,3,2,5,14,6,27,12,0,12,39
05/09/2023,OWB,KY,ASO,CE,Federal Contract Tower,0,5,16,14,35,0,0,21,9,30,0,5,37,23,65,14,6,20,85
05/10/2023,OWB,KY,ASO,CE,Federal Contract Tower,0,3,11,8,22,0,2,47,3,52,0,5,58,11,74,34,0,34,108
05/11/2023,OWB,KY,ASO,CE,Federal Contract Tower,0,8,11,6,25,0,0,3,2,5,0,8,14,8,30,24,0,24,54
05/12/2023,OWB,KY,ASO,CE,Federal Contract Tower,2,18,6,1,27,0,0,2,1,3,2,18,8,2,30,16,0,16,46
05/13/2023,OWB,KY,ASO,CE,Federal Contract Tower,0,7,6,0,13,0,0,10,0,10,0,7,16,0,23,20,0,20,43
05/14/2023,OWB,KY,ASO,CE,Federal Contract Tower,0,4,10,0,14,0,1,5,4,10,0,5,15,4,24,0,0,0,24
05/15/2023,OWB,KY,ASO,CE,Federal Contract Tower,2,13,9,2,26,0,3,23,0,26,2,16,32,2,52,22,0,22,74
05/16/2023,OWB,KY,ASO,CE,Federal Contract Tower,0,6,13,1,20,0,1,2,0,3,0,7,15,1,23,0,0,0,23
05/17/2023,OWB,KY,ASO,CE,Federal Contract Tower,0,5,18,1,24,0,1,54,4,59,0,6,72,5,83,16,0,16,99
05/18/2023,OWB,KY,ASO,CE,Federal Contract Tower,0,2,17,7,26,0,0,50,2,52,0,2,67,9,78,46,39,85,163
05/19/2023,OWB,KY,ASO,CE,Federal Contract Tower,2,8,26,4,40,0,1,14,0,15,2,9,40,4,55,26,0,26,81
05/20/2023,OWB,KY,ASO,CE,Federal Contract Tower,0,8,1,0,9,0,1,18,0,19,0,9,19,0,28,28,0,28,56
05/21/2023,OWB,KY,ASO,CE,Federal Contract Tower,0,6,4,0,10,0,3,30,0,33,0,9,34,0,43,16,0,16,59
05/22/2023,OWB,KY,ASO,CE,Federal Contract Tower,2,3,10,0,15,0,4,19,0,23,2,7,29,0,38,6,0,6,44
05/23/2023,OWB,KY,ASO,CE,Federal Contract Tower,0,8,15,7,30,0,4,57,1,62,0,12,72,8,92,28,16,44,136
05/24/2023,OWB,KY,ASO,CE,Federal Contract Tower,0,9,17,8,34,0,18,61,2,81,0,27,78,10,115,86,0,86,201
05/25/2023,OWB,KY,ASO,CE,Federal Contract Tower,0,6,5,0,11,0,6,40,1,47,0,12,45,1,58,34,0,34,92
05/26/2023,OWB,KY,ASO,CE,Federal Contract Tower,2,11,19,0,32,0,1,23,0,24,2,12,42,0,56,52,0,52,108
05/27/2023,OWB,KY,ASO,CE,Federal Contract Tower,0,7,2,0,9,0,2,33,0,35,0,9,35,0,44,48,0,48,92
05/28/2023,OWB,KY,ASO,CE,Federal Contract Tower,0,2,3,0,5,0,4,24,0,28,0,6,27,0,33,14,0,14,47
05/29/2023,OWB,KY,ASO,CE,Federal Contract Tower,2,7,4,0,13,0,2,18,0,20,2,9,22,0,33,4,0,4,37
05/30/2023,OWB,KY,ASO,CE,Federal Contract Tower,0,2,10,6,18,0,0,31,2,33,0,2,41,8,51,20,0,20,71
05/31/2023,OWB,KY,ASO,CE,Federal Contract Tower,0,11,5,8,24,0,3,17,8,28,0,14,22,16,52,40,0,40,92
06/01/2023,OWB,KY,ASO,CE,Federal Contract Tower,0,6,10,3,19,0,4,34,4,42,0,10,44,7,61,14,0,14,75
06/02/2023,OWB,KY,ASO,CE,Federal Contract Tower,0,5,7,5,17,0,7,18,1,26,0,12,25,6,43,14,10,24,67
06/03/2023,OWB,KY,ASO,CE,Federal Contract Tower,0,10,11,0,21,0,2,37,0,39,0,12,48,0,60,60,0,60,120
06/04/2023,OWB,KY,ASO,CE,Federal Contract Tower,0,6,3,0,9,0,6,24,0,30,0,12,27,0,39,20,0,20,59
06/05/2023,OWB,KY,ASO,CE,Federal Contract Tower,0,6,21,8,35,0,8,46,0,54,0,14,67,8,89,30,0,30,119
06/06/2023,OWB,KY,ASO,CE,Federal Contract Tower,0,9,21,7,37,0,4,21,4,29,0,13,42,11,66,34,20,54,120
06/07/2023,OWB,KY,ASO,CE,Federal Contract Tower,0,10,6,1,17,0,8,7,0,15,0,18,13,1,32,22,0,22,54
06/08/2023,OWB,KY,ASO,CE,Federal Contract Tower,0,12,16,2,30,0,16,26,2,44,0,28,42,4,74,30,0,30,104
06/09/2023,OWB,KY,ASO,CE,Federal Contract Tower,0,6,17,0,23,0,6,38,2,46,0,12,55,2,69,46,0,46,115
06/10/2023,OWB,KY,ASO,CE,Federal Contract Tower,0,8,10,0,18,0,4,29,0,33,0,12,39,0,51,22,0,22,73
06/11/2023,OWB,KY,ASO,CE,Federal Contract Tower,0,2,2,4,8,0,0,2,0,2,0,2,4,4,10,4,0,4,14
06/13/2023,OWB,KY,ASO,CE,Federal Contract Tower,0,6,13,4,23,0,3,19,2,24,0,9,32,6,47,30,0,30,77
06/14/2023,OWB,KY,ASO,CE,Federal Contract Tower,0,3,24,6,33,0,0,26,2,28,0,3,50,8,61,32,0,32,93
06/15/2023,OWB,KY,ASO,CE,Federal Contract Tower,0,6,12,2,20,0,5,51,2,58,0,11,63,4,78,78,0,78,156
06/16/2023,OWB,KY,ASO,CE,Federal Contract Tower,0,6,11,0,17,0,0,16,0,16,0,6,27,0,33,44,0,44,77
06/17/2023,OWB,KY,ASO,CE,Federal Contract Tower,0,8,5,0,13,0,2,41,2,45,0,10,46,2,58,54,0,54,112
06/18/2023,OWB,KY,ASO,CE,Federal Contract Tower,0,10,5,0,15,0,0,6,0,6,0,10,11,0,21,38,0,38,59
06/19/2023,OWB,KY,ASO,CE,Federal Contract Tower,0,7,21,0,28,0,0,0,0,0,0,7,21,0,28,0,0,0,28
06/20/2023,OWB,KY,ASO,CE,Federal Contract Tower,0,10,6,0,16,0,1,8,0,9,0,11,14,0,25,30,0,30,55
06/21/2023,OWB,KY,ASO,CE,Federal Contract Tower,0,10,12,5,27,0,0,15,0,15,0,10,27,5,42,20,0,20,62
06/22/2023,OWB,KY,ASO,CE,Federal Contract Tower,0,8,11,8,27,0,0,27,0,27,0,8,38,8,54,64,0,64,118
06/23/2023,OWB,KY,ASO,CE,Federal Contract Tower,0,7,19,2,28,0,0,48,0,48,0,7,67,2,76,52,0,52,128
06/24/2023,OWB,KY,ASO,CE,Federal Contract Tower,0,7,11,0,18,0,1,39,0,40,0,8,50,0,58,56,0,56,114
06/25/2023,OWB,KY,ASO,CE,Federal Contract Tower,0,7,7,0,14,0,0,8,0,8,0,7,15,0,22,12,0,12,34
06/26/2023,OWB,KY,ASO,CE,Federal Contract Tower,0,7,5,3,15,0,3,9,0,12,0,10,14,3,27,20,2,22,49
06/27/2023,OWB,KY,ASO,CE,Federal Contract Tower,0,8,26,7,41,0,8,39,2,49,0,16,65,9,90,46,14,60,150
06/28/2023,OWB,KY,ASO,CE,Federal Contract Tower,0,12,5,6,23,0,0,1,1,2,0,12,6,7,25,0,0,0,25
06/29/2023,OWB,KY,ASO,CE,Federal Contract Tower,0,5,9,0,14,0,0,0,0,0,0,5,9,0,14,0,0,0,14
06/30/2023,OWB,KY,ASO,CE,Federal Contract Tower,0,5,15,0,20,0,0,24,0,24,0,5,39,0,44,34,0,34,78
07/01/2023,OWB,KY,ASO,CE,Federal Contract Tower,0,6,8,0,14,0,0,9,0,9,0,6,17,0,23,12,0,12,35
07/02/2023,OWB,KY,ASO,CE,Federal Contract Tower,0,0,2,0,2,0,2,10,0,12,0,2,12,0,14,12,0,12,26
07/03/2023,OWB,KY,ASO,CE,Federal Contract Tower,0,5,7,0,12,0,6,32,0,38,0,11,39,0,50,52,0,52,102
07/04/2023,OWB,KY,ASO,CE,Federal Contract Tower,0,3,25,0,28,0,4,33,0,37,0,7,58,0,65,8,0,8,73
07/05/2023,OWB,KY,ASO,CE,Federal Contract Tower,0,4,11,2,17,0,2,36,4,42,0,6,47,6,59,72,0,72,131
07/06/2023,OWB,KY,ASO,CE,Federal Contract Tower,0,5,19,4,28,0,4,42,3,49,0,9,61,7,77,34,0,34,111
07/07/2023,OWB,KY,ASO,CE,Federal Contract Tower,0,1,10,2,13,0,11,40,0,51,0,12,50,2,64,74,0,74,138
07/08/2023,OWB,KY,ASO,CE,Federal Contract Tower,0,2,4,0,6,0,0,12,0,12,0,2,16,0,18,38,0,38,56
07/09/2023,OWB,KY,ASO,CE,Federal Contract Tower,0,6,13,0,19,0,0,17,0,17,0,6,30,0,36,14,0,14,50
07/10/2023,OWB,KY,ASO,CE,Federal Contract Tower,0,6,1,2,9,0,4,28,0,32,0,10,29,2,41,20,0,20,61
07/11/2023,OWB,KY,ASO,CE,Federal Contract Tower,0,6,7,2,15,0,4,44,6,54,0,10,51,8,69,20,0,20,89
07/12/2023,OWB,KY,ASO,CE,Federal Contract Tower,0,3,13,3,19,0,3,23,4,30,0,6,36,7,49,54,2,56,105
07/13/2023,OWB,KY,ASO,CE,Federal Contract Tower,0,3,3,4,10,0,3,8,0,11,0,6,11,4,21,6,0,6,27
07/14/2023,OWB,KY,ASO,CE,Federal Contract Tower,0,7,7,10,24,0,4,39,0,43,0,11,46,10,67,42,0,42,109
07/15/2023,OWB,KY,ASO,CE,Federal Contract Tower,0,5,9,0,14,0,0,6,0,6,0,5,15,0,20,0,0,0,20
07/16/2023,OWB,KY,ASO,CE,Federal Contract Tower,0,9,23,0,32,0,0,25,0,25,0,9,48,0,57,4,0,4,61
07/17/2023,OWB,KY,ASO,CE,Federal Contract Tower,0,4,9,0,13,0,3,10,0,13,0,7,19,0,26,0,0,0,26
07/19/2023,OWB,KY,ASO,CE,Federal Contract Tower,0,4,13,3,20,0,4,5,1,10,0,8,18,4,30,0,0,0,30
07/20/2023,OWB,KY,ASO,CE,Federal Contract Tower,0,6,4,0,10,0,2,11,4,17,0,8,15,4,27,0,0,0,27
07/21/2023,OWB,KY,ASO,CE,Federal Contract Tower,0,12,20,0,32,0,6,35,2,43,0,18,55,2,75,20,0,20,95
07/22/2023,OWB,KY,ASO,CE,Federal Contract Tower,0,6,11,0,17,0,2,43,0,45,0,8,54,0,62,26,0,26,88
07/23/2023,OWB,KY,ASO,CE,Federal Contract Tower,0,7,10,0,17,0,5,29,0,34,0,12,39,0,51,24,0,24,75
07/24/2023,OWB,KY,ASO,CE,Federal Contract Tower,0,6,12,4,22,0,2,10,6,18,0,8,22,10,40,18,6,24,64
07/25/2023,OWB,KY,ASO,CE,Federal Contract Tower,0,6,10,2,18,0,1,17,4,22,0,7,27,6,40,54,0,54,94
07/26/2023,OWB,KY,ASO,CE,Federal Contract Tower,0,6,19,6,31,0,2,16,0,18,0,8,35,6,49,28,6,34,83
07/27/2023,OWB,KY,ASO,CE,Federal Contract Tower,0,2,20,3,25,0,0,26,1,27,0,2,46,4,52,14,0,14,66
07/28/2023,OWB,KY,ASO,CE,Federal Contract Tower,0,12,12,0,24,0,1,26,2,29,0,13,38,2,53,48,0,48,101
07/29/2023,OWB,KY,ASO,CE,Federal Contract Tower,0,3,6,0,9,0,2,15,0,17,0,5,21,0,26,14,0,14,40
07/30/2023,OWB,KY,ASO,CE,Federal Contract Tower,0,6,6,0,12,0,0,21,0,21,0,6,27,0,33,30,0,30,63
07/31/2023,OWB,KY,ASO,CE,Federal Contract Tower,0,7,12,4,23,0,6,32,0,38,0,13,44,4,61,22,0,22,83
08/01/2023,OWB,KY,ASO,CE,Federal Contract Tower,0,7,11,7,25,0,2,13,0,15,0,9,24,7,40,10,6,16,56
08/02/2023,OWB,KY,ASO,CE,Federal Contract Tower,0,4,7,4,15,0,0,17,5,22,0,4,24,9,37,52,4,56,93
08/03/2023,OWB,KY,ASO,CE,Federal Contract Tower,0,6,4,0,10,0,0,5,0,5,0,6,9,0,15,14,0,14,29
08/04/2023,OWB,KY,ASO,CE,Federal Contract Tower,0,5,6,0,11,0,0,17,0,17,0,5,23,0,28,46,0,46,74
08/05/2023,OWB,KY,ASO,CE,Federal Contract Tower,0,2,1,0,3,0,0,8,0,8,0,2,9,0,11,2,0,2,13
08/06/2023,OWB,KY,ASO,CE,Federal Contract Tower,0,2,12,0,14,0,1,19,2,22,0,3,31,2,36,46,0,46,82
08/07/2023,OWB,KY,ASO,CE,Federal Contract Tower,0,7,8,3,18,0,0,5,3,8,0,7,13,6,26,0,10,10,36
08/08/2023,OWB,KY,ASO,CE,Federal Contract Tower,0,6,20,2,28,0,0,14,2,16,0,6,34,4,44,4,0,4,48
08/09/2023,OWB,KY,ASO,CE,Federal Contract Tower,0,2,3,2,7,0,0,2,0,2,0,2,5,2,9,20,10,30,39
08/10/2023,OWB,KY,ASO,CE,Federal Contract Tower,0,7,13,8,28,0,0,24,0,24,0,7,37,8,52,16,10,26,78
08/11/2023,OWB,KY,ASO,CE,Federal Contract Tower,0,4,13,0,17,0,0,33,0,33,0,4,46,0,50,68,0,68,118
08/12/2023,OWB,KY,ASO,CE,Federal Contract Tower,0,3,1,0,4,0,1,13,0,14,0,4,14,0,18,2,0,2,20
08/13/2023,OWB,KY,ASO,CE,Federal Contract Tower,0,8,5,0,13,0,0,10,0,10,0,8,15,0,23,14,0,14,37
08/14/2023,OWB,KY,ASO,CE,Federal Contract Tower,0,3,4,0,7,0,0,0,0,0,0,3,4,0,7,0,0,0,7
08/15/2023,OWB,KY,ASO,CE,Federal Contract Tower,0,7,16,4,27,0,0,14,0,14,0,7,30,4,41,14,4,18,59
08/16/2023,OWB,KY,ASO,CE,Federal Contract Tower,0,4,5,0,9,0,0,50,0,50,0,4,55,0,59,44,0,44,103
08/17/2023,OWB,KY,ASO,CE,Federal Contract Tower,0,0,9,3,12,0,0,27,6,33,0,0,36,9,45,30,4,34,79
08/18/2023,OWB,KY,ASO,CE,Federal Contract Tower,0,3,14,5,22,0,0,34,2,36,0,3,48,7,58,26,16,42,100
08/19/2023,OWB,KY,ASO,CE,Federal Contract Tower,0,3,3,2,8,0,3,46,1,50,0,6,49,3,58,42,0,42,100
08/20/2023,OWB,KY,ASO,CE,Federal Contract Tower,0,7,6,5,18,0,0,10,0,10,0,7,16,5,28,4,0,4,32
08/21/2023,OWB,KY,ASO,CE,Federal Contract Tower,0,7,15,7,29,0,0,11,0,11,0,7,26,7,40,8,10,18,58
08/22/2023,OWB,KY,ASO,CE,Federal Contract Tower,0,5,12,2,19,0,3,18,1,22,0,8,30,3,41,54,6,60,101
08/23/2023,OWB,KY,ASO,CE,Federal Contract Tower,0,27,5,9,41,0,1,17,1,19,0,28,22,10,60,14,16,30,90
08/24/2023,OWB,KY,ASO,CE,Federal Contract Tower,0,13,10,4,27,0,0,18,1,19,0,13,28,5,46,52,14,66,112
08/25/2023,OWB,KY,ASO,CE,Federal Contract Tower,0,8,15,0,23,0,0,8,0,8,0,8,23,0,31,0,0,0,31
08/26/2023,OWB,KY,ASO,CE,Federal Contract Tower,0,2,3,0,5,0,0,10,3,13,0,2,13,3,18,14,8,22,40
08/27/2023,OWB,KY,ASO,CE,Federal Contract Tower,0,3,8,0,11,0,0,4,0,4,0,3,12,0,15,0,0,0,15
08/28/2023,OWB,KY,ASO,CE,Federal Contract Tower,0,3,15,2,20,0,0,17,0,17,0,3,32,2,37,30,10,40,77
08/29/2023,OWB,KY,ASO,CE,Federal Contract Tower,0,6,10,2,18,0,0,36,2,38,0,6,46,4,56,76,0,76,132
08/30/2023,OWB,KY,ASO,CE,Federal Contract Tower,0,1,9,15,25,0,0,27,2,29,0,1,36,17,54,14,4,18,72
08/31/2023,OWB,KY,ASO,CE,Federal Contract Tower,0,3,6,4,13,0,0,34,1,35,0,3,40,5,48,42,0,42,90
