01/01/2000,OXR,CA,AWP,WE,Federal Contract Tower,0,9,21,0,30,0,5,52,0,57,0,14,73,0,87,4,0,4,91
01/02/2000,OXR,CA,AWP,WE,Federal Contract Tower,0,10,25,0,35,0,36,89,0,125,0,46,114,0,160,80,0,80,240
01/03/2000,OXR,CA,AWP,WE,Federal Contract Tower,0,14,35,0,49,0,27,62,0,89,0,41,97,0,138,42,0,42,180
01/04/2000,OXR,CA,AWP,WE,Federal Contract Tower,0,17,40,0,57,0,27,72,0,99,0,44,112,0,156,66,0,66,222
01/05/2000,OXR,CA,AWP,WE,Federal Contract Tower,0,9,23,1,33,0,46,45,11,102,0,55,68,12,135,78,0,78,213
01/06/2000,OXR,CA,AWP,WE,Federal Contract Tower,0,11,26,1,38,0,29,51,8,88,0,40,77,9,126,62,0,62,188
01/07/2000,OXR,CA,AWP,WE,Federal Contract Tower,0,19,46,1,66,0,24,80,4,108,0,43,126,5,174,156,0,156,330
01/08/2000,OXR,CA,AWP,WE,Federal Contract Tower,0,24,59,1,84,0,19,126,5,150,0,43,185,6,234,176,0,176,410
01/09/2000,OXR,CA,AWP,WE,Federal Contract Tower,0,14,33,0,47,0,17,130,0,147,0,31,163,0,194,264,0,264,458
01/10/2000,OXR,CA,AWP,WE,Federal Contract Tower,0,10,26,0,36,0,39,43,0,82,0,49,69,0,118,44,0,44,162
01/11/2000,OXR,CA,AWP,WE,Federal Contract Tower,0,18,45,1,64,0,14,68,5,87,0,32,113,6,151,96,0,96,247
01/12/2000,OXR,CA,AWP,WE,Federal Contract Tower,0,22,53,1,76,0,46,36,4,86,0,68,89,5,162,32,0,32,194
01/13/2000,OXR,CA,AWP,WE,Federal Contract Tower,0,14,33,0,47,0,26,32,0,58,0,40,65,0,105,62,0,62,167
01/14/2000,OXR,CA,AWP,WE,Federal Contract Tower,0,18,42,0,60,0,30,93,0,123,0,48,135,0,183,72,0,72,255
01/15/2000,OXR,CA,AWP,WE,Federal Contract Tower,0,20,49,1,70,0,0,92,0,92,0,20,141,1,162,122,0,122,284
01/16/2000,OXR,CA,AWP,WE,Federal Contract Tower,0,20,55,1,76,0,0,71,1,72,0,20,126,2,148,82,0,82,230
01/17/2000,OXR,CA,AWP,WE,Federal Contract Tower,0,27,65,0,92,0,16,31,0,47,0,43,96,0,139,6,0,6,145
01/18/2000,OXR,CA,AWP,WE,Federal Contract Tower,0,17,41,0,58,0,36,55,0,91,0,53,96,0,149,34,0,34,183
01/19/2000,OXR,CA,AWP,WE,Federal Contract Tower,0,22,54,0,76,0,20,85,2,107,0,42,139,2,183,68,0,68,251
01/20/2000,OXR,CA,AWP,WE,Federal Contract Tower,0,23,56,0,79,0,12,18,0,30,0,35,74,0,109,6,0,6,115
01/21/2000,OXR,CA,AWP,WE,Federal Contract Tower,0,25,62,0,87,0,17,64,2,83,0,42,126,2,170,34,0,34,204
01/22/2000,OXR,CA,AWP,WE,Federal Contract Tower,0,21,53,0,74,0,8,96,4,108,0,29,149,4,182,152,0,152,334
01/23/2000,OXR,CA,AWP,WE,Federal Contract Tower,0,17,43,0,60,0,8,52,0,60,0,25,95,0,120,46,0,46,166
01/24/2000,OXR,CA,AWP,WE,Federal Contract Tower,0,15,37,0,52,0,34,54,0,88,0,49,91,0,140,68,0,68,208
01/25/2000,OXR,CA,AWP,WE,Federal Contract Tower,0,19,60,0,79,0,0,1,0,1,0,19,61,0,80,0,0,0,80
01/26/2000,OXR,CA,AWP,WE,Federal Contract Tower,0,18,43,0,61,0,39,61,8,108,0,57,104,8,169,64,0,64,233
01/27/2000,OXR,CA,AWP,WE,Federal Contract Tower,0,18,44,0,62,0,14,100,4,118,0,32,144,4,180,72,0,72,252
01/28/2000,OXR,CA,AWP,WE,Federal Contract Tower,0,17,43,0,60,0,33,69,6,108,0,50,112,6,168,70,0,70,238
01/29/2000,OXR,CA,AWP,WE,Federal Contract Tower,0,0,0,0,0,0,23,91,0,114,0,23,91,0,114,96,0,96,210
01/30/2000,OXR,CA,AWP,WE,Federal Contract Tower,0,23,58,0,81,0,8,2,0,10,0,31,60,0,91,0,0,0,91
01/31/2000,OXR,CA,AWP,WE,Federal Contract Tower,0,19,48,0,67,0,61,82,6,149,0,80,130,6,216,82,0,82,298
02/01/2000,OXR,CA,AWP,WE,Federal Contract Tower,0,10,20,0,30,0,77,87,0,164,0,87,107,0,194,40,0,40,234
02/02/2000,OXR,CA,AWP,WE,Federal Contract Tower,0,8,15,0,23,0,30,43,7,80,0,38,58,7,103,30,0,30,133
02/03/2000,OXR,CA,AWP,WE,Federal Contract Tower,0,13,26,0,39,0,29,81,2,112,0,42,107,2,151,66,0,66,217
02/04/2000,OXR,CA,AWP,WE,Federal Contract Tower,0,20,39,0,59,0,26,36,4,66,0,46,75,4,125,88,0,88,213
02/05/2000,OXR,CA,AWP,WE,Federal Contract Tower,0,25,63,0,88,0,0,73,2,75,0,25,136,2,163,150,0,150,313
02/06/2000,OXR,CA,AWP,WE,Federal Contract Tower,0,22,44,0,66,0,18,120,2,140,0,40,164,2,206,180,0,180,386
02/07/2000,OXR,CA,AWP,WE,Federal Contract Tower,0,22,44,0,66,0,17,56,0,73,0,39,100,0,139,38,0,38,177
02/08/2000,OXR,CA,AWP,WE,Federal Contract Tower,0,25,50,0,75,0,13,44,0,57,0,38,94,0,132,30,0,30,162
02/09/2000,OXR,CA,AWP,WE,Federal Contract Tower,0,35,70,0,105,0,1,32,0,33,0,36,102,0,138,16,0,16,154
02/10/2000,OXR,CA,AWP,WE,Federal Contract Tower,0,18,37,0,55,0,3,10,0,13,0,21,47,0,68,0,0,0,68
02/11/2000,OXR,CA,AWP,WE,Federal Contract Tower,0,23,47,0,70,0,19,55,0,74,0,42,102,0,144,102,0,102,246
02/12/2000,OXR,CA,AWP,WE,Federal Contract Tower,0,22,57,0,79,0,0,43,0,43,0,22,100,0,122,70,0,70,192
02/13/2000,OXR,CA,AWP,WE,Federal Contract Tower,0,18,60,0,78,0,0,18,0,18,0,18,78,0,96,0,0,0,96
02/14/2000,OXR,CA,AWP,WE,Federal Contract Tower,0,25,51,0,76,0,0,22,0,22,0,25,73,0,98,0,0,0,98
02/15/2000,OXR,CA,AWP,WE,Federal Contract Tower,0,22,46,0,68,0,29,58,0,87,0,51,104,0,155,100,0,100,255
02/16/2000,OXR,CA,AWP,WE,Federal Contract Tower,0,26,50,0,76,0,16,0,0,16,0,42,50,0,92,0,0,0,92
02/17/2000,OXR,CA,AWP,WE,Federal Contract Tower,0,13,29,0,42,0,30,73,2,105,0,43,102,2,147,126,0,126,273
02/18/2000,OXR,CA,AWP,WE,Federal Contract Tower,0,20,42,0,62,0,60,83,0,143,0,80,125,0,205,74,0,74,279
02/19/2000,OXR,CA,AWP,WE,Federal Contract Tower,0,20,43,0,63,0,1,110,0,111,0,21,153,0,174,110,0,110,284
02/20/2000,OXR,CA,AWP,WE,Federal Contract Tower,0,13,31,0,44,0,0,4,0,4,0,13,35,0,48,2,0,2,50
02/21/2000,OXR,CA,AWP,WE,Federal Contract Tower,0,11,24,0,35,0,10,6,0,16,0,21,30,0,51,8,0,8,59
02/22/2000,OXR,CA,AWP,WE,Federal Contract Tower,0,22,46,0,68,0,42,23,8,73,0,64,69,8,141,46,0,46,187
02/23/2000,OXR,CA,AWP,WE,Federal Contract Tower,0,20,27,0,47,0,9,0,0,9,0,29,27,0,56,32,0,32,88
02/24/2000,OXR,CA,AWP,WE,Federal Contract Tower,0,26,54,0,80,0,30,74,7,111,0,56,128,7,191,103,0,103,294
02/25/2000,OXR,CA,AWP,WE,Federal Contract Tower,0,27,58,0,85,0,18,31,2,51,0,45,89,2,136,64,0,64,200
02/26/2000,OXR,CA,AWP,WE,Federal Contract Tower,0,25,53,0,78,0,8,168,4,180,0,33,221,4,258,112,0,112,370
02/27/2000,OXR,CA,AWP,WE,Federal Contract Tower,0,14,29,0,43,0,0,19,0,19,0,14,48,0,62,36,0,36,98
02/28/2000,OXR,CA,AWP,WE,Federal Contract Tower,0,14,31,0,45,0,40,81,6,127,0,54,112,6,172,124,0,124,296
02/29/2000,OXR,CA,AWP,WE,Federal Contract Tower,0,15,32,0,47,0,23,44,0,67,0,38,76,0,114,56,0,56,170
03/01/2000,OXR,CA,AWP,WE,Federal Contract Tower,0,20,39,0,59,0,18,103,0,121,0,38,142,0,180,118,0,118,298
03/02/2000,OXR,CA,AWP,WE,Federal Contract Tower,0,26,50,0,76,0,22,56,1,79,0,48,106,1,155,74,0,74,229
03/03/2000,OXR,CA,AWP,WE,Federal Contract Tower,0,20,38,0,58,0,21,49,4,74,0,41,87,4,132,70,0,70,202
03/04/2000,OXR,CA,AWP,WE,Federal Contract Tower,0,24,45,0,69,0,9,139,6,154,0,33,184,6,223,184,0,184,407
03/05/2000,OXR,CA,AWP,WE,Federal Contract Tower,0,9,15,0,24,0,5,5,0,10,0,14,20,0,34,20,0,20,54
03/06/2000,OXR,CA,AWP,WE,Federal Contract Tower,0,17,32,0,49,0,28,23,6,57,0,45,55,6,106,50,0,50,156
03/07/2000,OXR,CA,AWP,WE,Federal Contract Tower,0,17,33,0,50,0,34,51,0,85,0,51,84,0,135,66,0,66,201
03/08/2000,OXR,CA,AWP,WE,Federal Contract Tower,0,17,35,1,53,0,17,19,1,37,0,34,54,2,90,8,0,8,98
03/09/2000,OXR,CA,AWP,WE,Federal Contract Tower,0,24,47,1,72,0,15,45,1,61,0,39,92,2,133,66,0,66,199
03/10/2000,OXR,CA,AWP,WE,Federal Contract Tower,0,17,35,0,52,0,30,75,0,105,0,47,110,0,157,84,0,84,241
03/11/2000,OXR,CA,AWP,WE,Federal Contract Tower,0,17,33,0,50,0,3,132,0,135,0,20,165,0,185,228,0,228,413
03/12/2000,OXR,CA,AWP,WE,Federal Contract Tower,0,15,31,0,46,0,12,141,2,155,0,27,172,2,201,206,0,206,407
03/13/2000,OXR,CA,AWP,WE,Federal Contract Tower,0,18,38,0,56,0,34,64,0,98,0,52,102,0,154,31,0,31,185
03/14/2000,OXR,CA,AWP,WE,Federal Contract Tower,0,19,40,0,59,0,50,37,0,87,0,69,77,0,146,61,0,61,207
03/15/2000,OXR,CA,AWP,WE,Federal Contract Tower,0,31,63,0,94,0,46,5,0,51,0,77,68,0,145,16,0,16,161
03/16/2000,OXR,CA,AWP,WE,Federal Contract Tower,0,32,66,0,98,0,33,48,2,83,0,65,114,2,181,32,0,32,213
03/17/2000,OXR,CA,AWP,WE,Federal Contract Tower,0,17,34,0,51,0,32,62,6,100,0,49,96,6,151,106,0,106,257
03/18/2000,OXR,CA,AWP,WE,Federal Contract Tower,0,16,42,0,58,0,0,88,0,88,0,16,130,0,146,208,0,208,354
03/19/2000,OXR,CA,AWP,WE,Federal Contract Tower,0,21,43,0,64,0,3,118,8,129,0,24,161,8,193,184,0,184,377
03/20/2000,OXR,CA,AWP,WE,Federal Contract Tower,0,9,18,0,27,0,48,21,10,79,0,57,39,10,106,10,0,10,116
03/21/2000,OXR,CA,AWP,WE,Federal Contract Tower,0,15,31,0,46,0,53,58,2,113,0,68,89,2,159,56,0,56,215
03/22/2000,OXR,CA,AWP,WE,Federal Contract Tower,0,23,46,0,69,0,21,67,7,95,0,44,113,7,164,141,0,141,305
03/23/2000,OXR,CA,AWP,WE,Federal Contract Tower,0,17,34,0,51,0,47,91,12,150,0,64,125,12,201,54,0,54,255
03/24/2000,OXR,CA,AWP,WE,Federal Contract Tower,0,24,48,0,72,0,13,104,0,117,0,37,152,0,189,42,0,42,231
03/25/2000,OXR,CA,AWP,WE,Federal Contract Tower,0,20,42,0,62,0,9,101,106,216,0,29,143,106,278,184,0,184,462
03/26/2000,OXR,CA,AWP,WE,Federal Contract Tower,0,17,35,0,52,0,13,125,92,230,0,30,160,92,282,234,0,234,516
03/27/2000,OXR,CA,AWP,WE,Federal Contract Tower,0,19,39,0,58,0,13,46,30,89,0,32,85,30,147,76,0,76,223
03/28/2000,OXR,CA,AWP,WE,Federal Contract Tower,0,24,49,0,73,0,26,49,14,89,0,50,98,14,162,86,0,86,248
03/29/2000,OXR,CA,AWP,WE,Federal Contract Tower,0,31,62,0,93,0,3,75,6,84,0,34,137,6,177,36,0,36,213
03/30/2000,OXR,CA,AWP,WE,Federal Contract Tower,0,17,34,0,51,0,44,95,6,145,0,61,129,6,196,70,0,70,266
03/31/2000,OXR,CA,AWP,WE,Federal Contract Tower,0,13,27,0,40,0,29,30,5,64,0,42,57,5,104,42,0,42,146
04/01/2000,OXR,CA,AWP,WE,Federal Contract Tower,0,12,24,0,36,0,9,110,22,141,0,21,134,22,177,234,0,234,411
04/02/2000,OXR,CA,AWP,WE,Federal Contract Tower,0,19,38,0,57,0,2,113,5,120,0,21,151,5,177,218,0,218,395
04/03/2000,OXR,CA,AWP,WE,Federal Contract Tower,0,12,22,0,34,0,41,93,0,134,0,53,115,0,168,70,0,70,238
04/04/2000,OXR,CA,AWP,WE,Federal Contract Tower,0,16,30,0,46,0,20,32,2,54,0,36,62,2,100,1,0,1,101
04/05/2000,OXR,CA,AWP,WE,Federal Contract Tower,0,32,76,0,108,0,0,36,1,37,0,32,112,1,145,24,0,24,169
04/06/2000,OXR,CA,AWP,WE,Federal Contract Tower,0,26,51,0,77,0,23,26,2,51,0,49,77,2,128,0,0,0,128
04/07/2000,OXR,CA,AWP,WE,Federal Contract Tower,0,23,47,0,70,0,15,48,1,64,0,38,95,1,134,16,0,16,150
04/08/2000,OXR,CA,AWP,WE,Federal Contract Tower,0,10,21,0,31,0,34,88,0,122,0,44,109,0,153,138,0,138,291
04/09/2000,OXR,CA,AWP,WE,Federal Contract Tower,0,7,16,1,24,0,18,118,1,137,0,25,134,2,161,204,0,204,365
04/10/2000,OXR,CA,AWP,WE,Federal Contract Tower,0,19,40,0,59,0,23,73,0,96,0,42,113,0,155,92,0,92,247
04/11/2000,OXR,CA,AWP,WE,Federal Contract Tower,0,19,39,1,59,0,32,65,5,102,0,51,104,6,161,92,0,92,253
04/12/2000,OXR,CA,AWP,WE,Federal Contract Tower,0,18,39,0,57,0,9,34,0,43,0,27,73,0,100,36,0,36,136
04/13/2000,OXR,CA,AWP,WE,Federal Contract Tower,0,30,62,1,93,0,15,45,1,61,0,45,107,2,154,64,0,64,218
04/14/2000,OXR,CA,AWP,WE,Federal Contract Tower,0,32,66,1,99,0,35,17,7,59,0,67,83,8,158,82,0,82,240
04/15/2000,OXR,CA,AWP,WE,Federal Contract Tower,0,17,36,0,53,0,17,102,5,124,0,34,138,5,177,138,0,138,315
04/16/2000,OXR,CA,AWP,WE,Federal Contract Tower,0,18,40,0,58,0,16,79,2,97,0,34,119,2,155,82,0,82,237
04/17/2000,OXR,CA,AWP,WE,Federal Contract Tower,0,13,26,0,39,0,36,0,0,36,0,49,26,0,75,12,0,12,87
04/18/2000,OXR,CA,AWP,WE,Federal Contract Tower,0,21,46,0,67,0,36,46,2,84,0,57,92,2,151,64,0,64,215
04/19/2000,OXR,CA,AWP,WE,Federal Contract Tower,0,24,50,0,74,0,40,100,8,148,0,64,150,8,222,102,0,102,324
04/20/2000,OXR,CA,AWP,WE,Federal Contract Tower,0,29,60,0,89,0,28,105,6,139,0,57,165,6,228,135,0,135,363
04/21/2000,OXR,CA,AWP,WE,Federal Contract Tower,0,24,51,0,75,0,36,24,0,60,0,60,75,0,135,22,0,22,157
04/22/2000,OXR,CA,AWP,WE,Federal Contract Tower,0,32,66,0,98,0,2,115,0,117,0,34,181,0,215,142,0,142,357
04/23/2000,OXR,CA,AWP,WE,Federal Contract Tower,0,20,44,0,64,0,0,91,0,91,0,20,135,0,155,22,0,22,177
04/24/2000,OXR,CA,AWP,WE,Federal Contract Tower,0,24,50,0,74,0,20,129,0,149,0,44,179,0,223,96,0,96,319
04/25/2000,OXR,CA,AWP,WE,Federal Contract Tower,0,19,41,0,60,0,66,94,8,168,0,85,135,8,228,110,0,110,338
04/26/2000,OXR,CA,AWP,WE,Federal Contract Tower,0,29,61,0,90,0,40,87,0,127,0,69,148,0,217,46,0,46,263
04/27/2000,OXR,CA,AWP,WE,Federal Contract Tower,0,30,62,0,92,0,15,49,2,66,0,45,111,2,158,24,0,24,182
04/28/2000,OXR,CA,AWP,WE,Federal Contract Tower,0,31,65,0,96,0,29,115,11,155,0,60,180,11,251,46,0,46,297
04/29/2000,OXR,CA,AWP,WE,Federal Contract Tower,0,17,37,0,54,0,27,196,0,223,0,44,233,0,277,140,0,140,417
04/30/2000,OXR,CA,AWP,WE,Federal Contract Tower,0,10,23,0,33,0,35,156,0,191,0,45,179,0,224,110,0,110,334
05/01/2000,OXR,CA,AWP,WE,Federal Contract Tower,0,17,47,0,64,0,62,92,4,158,0,79,139,4,222,106,0,106,328
05/02/2000,OXR,CA,AWP,WE,Federal Contract Tower,0,17,47,0,64,0,54,85,2,141,0,71,132,2,205,58,0,58,263
05/03/2000,OXR,CA,AWP,WE,Federal Contract Tower,0,19,50,0,69,0,36,75,1,112,0,55,125,1,181,52,0,52,233
05/04/2000,OXR,CA,AWP,WE,Federal Contract Tower,0,22,60,0,82,0,26,11,2,39,0,48,71,2,121,2,0,2,123
05/05/2000,OXR,CA,AWP,WE,Federal Contract Tower,0,25,66,0,91,0,14,55,2,71,0,39,121,2,162,34,0,34,196
05/06/2000,OXR,CA,AWP,WE,Federal Contract Tower,0,20,52,0,72,0,23,84,6,113,0,43,136,6,185,112,0,112,297
05/07/2000,OXR,CA,AWP,WE,Federal Contract Tower,0,14,36,0,50,0,54,118,2,174,0,68,154,2,224,168,0,168,392
05/08/2000,OXR,CA,AWP,WE,Federal Contract Tower,0,14,36,0,50,0,34,33,6,73,0,48,69,6,123,36,0,36,159
05/09/2000,OXR,CA,AWP,WE,Federal Contract Tower,0,24,65,0,89,0,59,40,4,103,0,83,105,4,192,64,0,64,256
05/10/2000,OXR,CA,AWP,WE,Federal Contract Tower,0,30,80,0,110,0,30,74,8,112,0,60,154,8,222,62,0,62,284
05/11/2000,OXR,CA,AWP,WE,Federal Contract Tower,0,24,64,0,88,0,29,87,0,116,0,53,151,0,204,78,0,78,282
05/12/2000,OXR,CA,AWP,WE,Federal Contract Tower,0,24,67,1,92,0,36,104,1,141,0,60,171,2,233,54,0,54,287
05/13/2000,OXR,CA,AWP,WE,Federal Contract Tower,0,14,41,1,56,0,29,175,9,213,0,43,216,10,269,156,0,156,425
05/14/2000,OXR,CA,AWP,WE,Federal Contract Tower,0,10,29,1,40,0,14,104,0,118,0,24,133,1,158,138,0,138,296
05/15/2000,OXR,CA,AWP,WE,Federal Contract Tower,0,13,36,0,49,0,31,77,0,108,0,44,113,0,157,36,0,36,193
05/16/2000,OXR,CA,AWP,WE,Federal Contract Tower,0,20,57,0,77,0,51,79,0,130,0,71,136,0,207,64,0,64,271
05/17/2000,OXR,CA,AWP,WE,Federal Contract Tower,0,22,62,0,84,0,23,89,0,112,0,45,151,0,196,78,0,78,274
05/18/2000,OXR,CA,AWP,WE,Federal Contract Tower,0,11,33,0,44,0,43,134,0,177,0,54,167,0,221,96,0,96,317
05/19/2000,OXR,CA,AWP,WE,Federal Contract Tower,0,16,47,0,63,0,26,108,2,136,0,42,155,2,199,48,0,48,247
05/20/2000,OXR,CA,AWP,WE,Federal Contract Tower,0,17,50,0,67,0,1,125,0,126,0,18,175,0,193,210,0,210,403
05/21/2000,OXR,CA,AWP,WE,Federal Contract Tower,0,13,39,0,52,0,18,117,0,135,0,31,156,0,187,114,0,114,301
05/22/2000,OXR,CA,AWP,WE,Federal Contract Tower,0,17,51,0,68,0,22,0,0,22,0,39,51,0,90,0,0,0,90
05/23/2000,OXR,CA,AWP,WE,Federal Contract Tower,0,26,73,0,99,0,16,59,4,79,0,42,132,4,178,32,0,32,210
05/24/2000,OXR,CA,AWP,WE,Federal Contract Tower,0,25,73,0,98,0,31,30,0,61,0,56,103,0,159,2,0,2,161
05/25/2000,OXR,CA,AWP,WE,Federal Contract Tower,0,26,73,0,99,0,8,61,0,69,0,34,134,0,168,32,0,32,200
05/26/2000,OXR,CA,AWP,WE,Federal Contract Tower,0,10,30,0,40,0,25,75,0,100,0,35,105,0,140,48,0,48,188
05/27/2000,OXR,CA,AWP,WE,Federal Contract Tower,0,13,38,0,51,0,14,173,0,187,0,27,211,0,238,172,0,172,410
05/28/2000,OXR,CA,AWP,WE,Federal Contract Tower,0,13,39,0,52,0,15,113,0,128,0,28,152,0,180,292,0,292,472
05/29/2000,OXR,CA,AWP,WE,Federal Contract Tower,0,0,0,0,0,0,29,128,0,157,0,29,128,0,157,76,0,76,233
05/30/2000,OXR,CA,AWP,WE,Federal Contract Tower,0,17,48,0,65,0,20,54,2,76,0,37,102,2,141,32,0,32,173
05/31/2000,OXR,CA,AWP,WE,Federal Contract Tower,0,20,59,0,79,0,22,47,1,70,0,42,106,1,149,46,0,46,195
06/01/2000,OXR,CA,AWP,WE,Federal Contract Tower,0,23,58,0,81,0,36,38,4,78,0,59,96,4,159,26,0,26,185
06/02/2000,OXR,CA,AWP,WE,Federal Contract Tower,0,30,75,0,105,0,17,58,4,79,0,47,133,4,184,42,0,42,226
06/03/2000,OXR,CA,AWP,WE,Federal Contract Tower,0,17,41,0,58,0,22,109,10,141,0,39,150,10,199,182,0,182,381
06/04/2000,OXR,CA,AWP,WE,Federal Contract Tower,0,15,36,0,51,0,15,116,0,131,0,30,152,0,182,62,0,62,244
06/05/2000,OXR,CA,AWP,WE,Federal Contract Tower,0,19,46,0,65,0,23,108,2,133,0,42,154,2,198,72,0,72,270
06/06/2000,OXR,CA,AWP,WE,Federal Contract Tower,0,17,41,0,58,0,76,93,0,169,0,93,134,0,227,113,0,113,340
06/07/2000,OXR,CA,AWP,WE,Federal Contract Tower,0,21,56,1,78,0,38,53,5,96,0,59,109,6,174,54,0,54,228
06/08/2000,OXR,CA,AWP,WE,Federal Contract Tower,0,30,78,1,109,0,16,45,9,70,0,46,123,10,179,34,0,34,213
06/09/2000,OXR,CA,AWP,WE,Federal Contract Tower,0,17,46,1,64,0,54,84,10,148,0,71,130,11,212,44,0,44,256
06/10/2000,OXR,CA,AWP,WE,Federal Contract Tower,0,11,29,1,41,0,20,138,6,164,0,31,167,7,205,214,0,214,419
06/11/2000,OXR,CA,AWP,WE,Federal Contract Tower,0,12,33,1,46,0,31,114,1,146,0,43,147,2,192,104,0,104,296
06/12/2000,OXR,CA,AWP,WE,Federal Contract Tower,0,15,39,1,55,0,40,108,7,155,0,55,147,8,210,113,0,113,323
06/13/2000,OXR,CA,AWP,WE,Federal Contract Tower,0,0,0,0,0,0,77,200,6,283,0,77,200,6,283,114,0,114,397
06/14/2000,OXR,CA,AWP,WE,Federal Contract Tower,0,24,62,1,87,0,17,43,0,60,0,41,105,1,147,34,0,34,181
06/15/2000,OXR,CA,AWP,WE,Federal Contract Tower,0,24,62,1,87,0,25,55,1,81,0,49,117,2,168,36,0,36,204
06/16/2000,OXR,CA,AWP,WE,Federal Contract Tower,0,29,74,1,104,0,34,27,3,64,0,63,101,4,168,20,0,20,188
06/17/2000,OXR,CA,AWP,WE,Federal Contract Tower,0,23,68,0,91,0,0,34,0,34,0,23,102,0,125,44,0,44,169
06/18/2000,OXR,CA,AWP,WE,Federal Contract Tower,0,22,58,0,80,0,0,63,0,63,0,22,121,0,143,98,0,98,241
06/19/2000,OXR,CA,AWP,WE,Federal Contract Tower,0,18,49,0,67,0,32,46,2,80,0,50,95,2,147,74,0,74,221
06/20/2000,OXR,CA,AWP,WE,Federal Contract Tower,0,15,41,0,56,0,35,45,11,91,0,50,86,11,147,14,0,14,161
06/21/2000,OXR,CA,AWP,WE,Federal Contract Tower,0,26,67,0,93,0,5,2,0,7,0,31,69,0,100,0,0,0,100
06/22/2000,OXR,CA,AWP,WE,Federal Contract Tower,0,25,64,0,89,0,42,26,6,74,0,67,90,6,163,32,0,32,195
06/23/2000,OXR,CA,AWP,WE,Federal Contract Tower,0,25,65,0,90,0,17,62,10,89,0,42,127,10,179,22,0,22,201
06/24/2000,OXR,CA,AWP,WE,Federal Contract Tower,0,14,37,0,51,0,10,73,1,84,0,24,110,1,135,134,0,134,269
06/25/2000,OXR,CA,AWP,WE,Federal Contract Tower,0,23,63,0,86,0,0,133,0,133,0,23,196,0,219,72,0,72,291
06/26/2000,OXR,CA,AWP,WE,Federal Contract Tower,0,17,47,0,64,0,44,103,0,147,0,61,150,0,211,130,0,130,341
06/27/2000,OXR,CA,AWP,WE,Federal Contract Tower,0,19,49,0,68,0,19,52,0,71,0,38,101,0,139,76,0,76,215
06/28/2000,OXR,CA,AWP,WE,Federal Contract Tower,0,26,68,0,94,0,21,33,4,58,0,47,101,4,152,32,0,32,184
06/29/2000,OXR,CA,AWP,WE,Federal Contract Tower,0,25,67,0,92,0,17,32,4,53,0,42,99,4,145,18,0,18,163
06/30/2000,OXR,CA,AWP,WE,Federal Contract Tower,0,23,62,0,85,0,25,39,0,64,0,48,101,0,149,22,0,22,171
07/01/2000,OXR,CA,AWP,WE,Federal Contract Tower,0,15,39,0,54,0,17,90,0,107,0,32,129,0,161,86,0,86,247
07/02/2000,OXR,CA,AWP,WE,Federal Contract Tower,0,17,43,0,60,0,10,66,2,78,0,27,109,2,138,24,0,24,162
07/03/2000,OXR,CA,AWP,WE,Federal Contract Tower,0,10,25,0,35,0,32,76,0,108,0,42,101,0,143,76,0,76,219
07/04/2000,OXR,CA,AWP,WE,Federal Contract Tower,0,18,46,0,64,0,8,94,8,110,0,26,140,8,174,32,0,32,206
07/05/2000,OXR,CA,AWP,WE,Federal Contract Tower,0,24,60,0,84,0,27,32,0,59,0,51,92,0,143,48,0,48,191
07/06/2000,OXR,CA,AWP,WE,Federal Contract Tower,0,15,39,0,54,0,21,67,4,92,0,36,106,4,146,106,0,106,252
07/07/2000,OXR,CA,AWP,WE,Federal Contract Tower,0,18,46,0,64,0,28,93,0,121,0,46,139,0,185,94,0,94,279
07/08/2000,OXR,CA,AWP,WE,Federal Contract Tower,0,16,40,0,56,0,4,182,2,188,0,20,222,2,244,208,0,208,452
07/09/2000,OXR,CA,AWP,WE,Federal Contract Tower,0,17,44,0,61,0,14,147,0,161,0,31,191,0,222,120,0,120,342
07/10/2000,OXR,CA,AWP,WE,Federal Contract Tower,0,18,48,1,67,0,36,48,1,85,0,54,96,2,152,94,0,94,246
07/11/2000,OXR,CA,AWP,WE,Federal Contract Tower,0,20,54,0,74,0,54,72,0,126,0,74,126,0,200,48,0,48,248
07/12/2000,OXR,CA,AWP,WE,Federal Contract Tower,0,21,55,1,77,0,22,31,9,62,0,43,86,10,139,108,0,108,247
07/13/2000,OXR,CA,AWP,WE,Federal Contract Tower,0,17,46,1,64,0,24,101,7,132,0,41,147,8,196,48,0,48,244
07/14/2000,OXR,CA,AWP,WE,Federal Contract Tower,0,17,46,1,64,0,26,138,9,173,0,43,184,10,237,120,0,120,357
07/15/2000,OXR,CA,AWP,WE,Federal Contract Tower,0,17,45,0,62,0,4,77,10,91,0,21,122,10,153,64,0,64,217
07/16/2000,OXR,CA,AWP,WE,Federal Contract Tower,0,15,42,0,57,0,19,95,2,116,0,34,137,2,173,96,0,96,269
07/17/2000,OXR,CA,AWP,WE,Federal Contract Tower,0,21,56,0,77,0,33,102,4,139,0,54,158,4,216,118,0,118,334
07/18/2000,OXR,CA,AWP,WE,Federal Contract Tower,0,18,49,0,67,0,68,75,0,143,0,86,124,0,210,148,0,148,358
07/19/2000,OXR,CA,AWP,WE,Federal Contract Tower,0,18,51,0,69,0,29,147,8,184,0,47,198,8,253,156,0,156,409
07/20/2000,OXR,CA,AWP,WE,Federal Contract Tower,0,17,46,0,63,0,29,92,6,127,0,46,138,6,190,152,0,152,342
07/21/2000,OXR,CA,AWP,WE,Federal Contract Tower,0,26,70,0,96,0,21,53,2,76,0,47,123,2,172,2,0,2,174
07/22/2000,OXR,CA,AWP,WE,Federal Contract Tower,0,12,32,0,44,0,23,129,0,152,0,35,161,0,196,224,0,224,420
07/23/2000,OXR,CA,AWP,WE,Federal Contract Tower,0,11,30,0,41,0,16,155,8,179,0,27,185,8,220,146,0,146,366
07/24/2000,OXR,CA,AWP,WE,Federal Contract Tower,0,21,59,0,80,0,39,71,0,110,0,60,130,0,190,25,0,25,215
07/25/2000,OXR,CA,AWP,WE,Federal Contract Tower,0,17,46,0,63,0,32,79,10,121,0,49,125,10,184,90,0,90,274
07/26/2000,OXR,CA,AWP,WE,Federal Contract Tower,0,19,51,0,70,0,14,43,8,65,0,33,94,8,135,86,0,86,221
07/27/2000,OXR,CA,AWP,WE,Federal Contract Tower,0,17,45,0,62,0,26,89,8,123,0,43,134,8,185,108,0,108,293
07/28/2000,OXR,CA,AWP,WE,Federal Contract Tower,0,18,50,0,68,0,20,97,4,121,0,38,147,4,189,86,0,86,275
07/29/2000,OXR,CA,AWP,WE,Federal Contract Tower,0,18,50,0,68,0,12,73,0,85,0,30,123,0,153,78,0,78,231
07/30/2000,OXR,CA,AWP,WE,Federal Contract Tower,0,17,47,0,64,0,9,101,6,116,0,26,148,6,180,112,0,112,292
07/31/2000,OXR,CA,AWP,WE,Federal Contract Tower,0,12,34,0,46,0,42,34,4,80,0,54,68,4,126,32,0,32,158
08/01/2000,OXR,CA,AWP,WE,Federal Contract Tower,0,18,40,0,58,0,48,87,6,141,0,66,127,6,199,56,0,56,255
08/02/2000,OXR,CA,AWP,WE,Federal Contract Tower,0,21,46,0,67,0,39,58,0,97,0,60,104,0,164,56,0,56,220
08/03/2000,OXR,CA,AWP,WE,Federal Contract Tower,0,25,58,0,83,0,9,27,10,46,0,34,85,10,129,6,0,6,135
08/04/2000,OXR,CA,AWP,WE,Federal Contract Tower,0,26,60,0,86,0,13,40,2,55,0,39,100,2,141,22,0,22,163
08/05/2000,OXR,CA,AWP,WE,Federal Contract Tower,0,19,41,0,60,0,2,169,12,183,0,21,210,12,243,176,0,176,419
08/06/2000,OXR,CA,AWP,WE,Federal Contract Tower,0,19,42,0,61,0,8,133,0,141,0,27,175,0,202,112,0,112,314
08/07/2000,OXR,CA,AWP,WE,Federal Contract Tower,0,20,45,0,65,0,39,56,16,111,0,59,101,16,176,60,0,60,236
08/08/2000,OXR,CA,AWP,WE,Federal Contract Tower,0,30,68,0,98,0,48,10,28,86,0,78,78,28,184,0,0,0,184
08/09/2000,OXR,CA,AWP,WE,Federal Contract Tower,0,21,46,0,67,0,30,44,4,78,0,51,90,4,145,22,0,22,167
08/10/2000,OXR,CA,AWP,WE,Federal Contract Tower,0,19,42,0,61,0,47,83,10,140,0,66,125,10,201,120,0,120,321
08/11/2000,OXR,CA,AWP,WE,Federal Contract Tower,0,16,36,0,52,0,22,132,17,171,0,38,168,17,223,100,0,100,323
08/12/2000,OXR,CA,AWP,WE,Federal Contract Tower,0,16,36,0,52,0,9,135,3,147,0,25,171,3,199,140,0,140,339
08/13/2000,OXR,CA,AWP,WE,Federal Contract Tower,0,19,44,0,63,0,11,135,0,146,0,30,179,0,209,116,0,116,325
08/14/2000,OXR,CA,AWP,WE,Federal Contract Tower,0,17,38,0,55,0,39,50,13,102,0,56,88,13,157,70,0,70,227
08/15/2000,OXR,CA,AWP,WE,Federal Contract Tower,0,19,42,0,61,0,24,91,8,123,0,43,133,8,184,140,0,140,324
08/16/2000,OXR,CA,AWP,WE,Federal Contract Tower,0,20,47,0,67,0,50,54,14,118,0,70,101,14,185,106,0,106,291
08/17/2000,OXR,CA,AWP,WE,Federal Contract Tower,0,24,58,0,82,0,31,81,10,122,0,55,139,10,204,168,0,168,372
08/18/2000,OXR,CA,AWP,WE,Federal Contract Tower,0,20,49,0,69,0,21,86,11,118,0,41,135,11,187,136,0,136,323
08/19/2000,OXR,CA,AWP,WE,Federal Contract Tower,0,22,54,0,76,0,19,172,10,201,0,41,226,10,277,180,0,180,457
08/20/2000,OXR,CA,AWP,WE,Federal Contract Tower,0,12,28,0,40,0,23,134,4,161,0,35,162,4,201,98,0,98,299
08/21/2000,OXR,CA,AWP,WE,Federal Contract Tower,0,18,43,0,61,0,32,33,0,65,0,50,76,0,126,40,0,40,166
08/22/2000,OXR,CA,AWP,WE,Federal Contract Tower,0,24,59,0,83,0,54,64,0,118,0,78,123,0,201,56,0,56,257
08/23/2000,OXR,CA,AWP,WE,Federal Contract Tower,0,19,45,0,64,0,29,70,3,102,0,48,115,3,166,112,0,112,278
08/24/2000,OXR,CA,AWP,WE,Federal Contract Tower,0,26,61,0,87,0,29,108,0,137,0,55,169,0,224,90,0,90,314
08/25/2000,OXR,CA,AWP,WE,Federal Contract Tower,0,27,63,0,90,0,11,67,9,87,0,38,130,9,177,48,0,48,225
08/26/2000,OXR,CA,AWP,WE,Federal Contract Tower,0,18,42,0,60,0,9,143,0,152,0,27,185,0,212,142,0,142,354
08/27/2000,OXR,CA,AWP,WE,Federal Contract Tower,0,16,40,0,56,0,17,74,6,97,0,33,114,6,153,20,0,20,173
08/28/2000,OXR,CA,AWP,WE,Federal Contract Tower,0,26,63,0,89,0,31,58,2,91,0,57,121,2,180,0,62,62,242
08/29/2000,OXR,CA,AWP,WE,Federal Contract Tower,0,29,70,0,99,0,33,22,0,55,0,62,92,0,154,0,0,0,154
08/30/2000,OXR,CA,AWP,WE,Federal Contract Tower,0,25,60,0,85,0,26,74,2,102,0,51,134,2,187,72,0,72,259
08/31/2000,OXR,CA,AWP,WE,Federal Contract Tower,0,18,45,0,63,0,29,75,2,106,0,47,120,2,169,148,0,148,317
09/01/2000,OXR,CA,AWP,WE,Federal Contract Tower,0,24,58,0,82,0,29,102,2,133,0,53,160,2,215,92,0,92,307
09/02/2000,OXR,CA,AWP,WE,Federal Contract Tower,0,17,39,0,56,0,3,104,0,107,0,20,143,0,163,70,0,70,233
09/03/2000,OXR,CA,AWP,WE,Federal Contract Tower,0,9,21,0,30,0,15,144,0,159,0,24,165,0,189,122,0,122,311
09/04/2000,OXR,CA,AWP,WE,Federal Contract Tower,0,18,43,0,61,0,7,116,0,123,0,25,159,0,184,170,0,170,354
09/05/2000,OXR,CA,AWP,WE,Federal Contract Tower,0,11,26,0,37,0,14,57,0,71,0,25,83,0,108,84,0,84,192
09/06/2000,OXR,CA,AWP,WE,Federal Contract Tower,0,18,43,0,61,0,43,74,10,127,0,61,117,10,188,82,0,82,270
09/07/2000,OXR,CA,AWP,WE,Federal Contract Tower,0,15,34,0,49,0,47,60,0,107,0,62,94,0,156,52,0,52,208
09/08/2000,OXR,CA,AWP,WE,Federal Contract Tower,0,23,55,0,78,0,22,61,0,83,0,45,116,0,161,22,0,22,183
09/09/2000,OXR,CA,AWP,WE,Federal Contract Tower,0,14,34,0,48,0,17,86,29,132,0,31,120,29,180,40,0,40,220
09/10/2000,OXR,CA,AWP,WE,Federal Contract Tower,0,14,33,0,47,0,4,103,2,109,0,18,136,2,156,122,0,122,278
09/11/2000,OXR,CA,AWP,WE,Federal Contract Tower,0,15,38,1,54,0,29,58,13,100,0,44,96,14,154,84,0,84,238
09/12/2000,OXR,CA,AWP,WE,Federal Contract Tower,0,20,50,1,71,0,50,57,17,124,0,70,107,18,195,60,0,60,255
09/13/2000,OXR,CA,AWP,WE,Federal Contract Tower,0,20,50,1,71,0,42,30,3,75,0,62,80,4,146,32,0,32,178
09/14/2000,OXR,CA,AWP,WE,Federal Contract Tower,0,30,76,1,107,0,4,20,1,25,0,34,96,2,132,14,0,14,146
09/15/2000,OXR,CA,AWP,WE,Federal Contract Tower,0,17,43,1,61,0,21,87,15,123,0,38,130,16,184,32,0,32,216
09/16/2000,OXR,CA,AWP,WE,Federal Contract Tower,0,13,35,0,48,0,8,116,2,126,0,21,151,2,174,234,0,234,408
09/17/2000,OXR,CA,AWP,WE,Federal Contract Tower,0,13,34,0,47,0,14,145,8,167,0,27,179,8,214,102,0,102,316
09/18/2000,OXR,CA,AWP,WE,Federal Contract Tower,0,14,37,0,51,0,8,2,1,11,0,22,39,1,62,0,0,0,62
09/19/2000,OXR,CA,AWP,WE,Federal Contract Tower,0,23,57,0,80,0,4,20,0,24,0,27,77,0,104,2,0,2,106
09/20/2000,OXR,CA,AWP,WE,Federal Contract Tower,0,26,66,0,92,0,16,23,8,47,0,42,89,8,139,20,0,20,159
09/21/2000,OXR,CA,AWP,WE,Federal Contract Tower,0,26,66,0,92,0,13,16,11,40,0,39,82,11,132,30,0,30,162
09/22/2000,OXR,CA,AWP,WE,Federal Contract Tower,0,21,53,0,74,0,37,67,5,109,0,58,120,5,183,38,0,38,221
09/23/2000,OXR,CA,AWP,WE,Federal Contract Tower,0,18,46,0,64,0,12,76,2,90,0,30,122,2,154,124,0,124,278
09/24/2000,OXR,CA,AWP,WE,Federal Contract Tower,0,11,30,0,41,0,6,140,2,148,0,17,170,2,189,76,0,76,265
09/25/2000,OXR,CA,AWP,WE,Federal Contract Tower,0,12,30,0,42,0,19,68,4,91,0,31,98,4,133,78,0,78,211
09/26/2000,OXR,CA,AWP,WE,Federal Contract Tower,0,22,55,0,77,0,43,68,4,115,0,65,123,4,192,82,0,82,274
09/27/2000,OXR,CA,AWP,WE,Federal Contract Tower,0,21,55,0,76,0,35,52,2,89,0,56,107,2,165,28,0,28,193
09/28/2000,OXR,CA,AWP,WE,Federal Contract Tower,0,21,54,0,75,0,29,45,0,74,0,50,99,0,149,72,0,72,221
09/29/2000,OXR,CA,AWP,WE,Federal Contract Tower,0,17,42,0,59,0,25,52,4,81,0,42,94,4,140,46,0,46,186
09/30/2000,OXR,CA,AWP,WE,Federal Contract Tower,0,17,43,0,60,0,3,65,0,68,0,20,108,0,128,36,0,36,164
10/01/2000,OXR,CA,AWP,WE,Federal Contract Tower,0,16,38,0,54,0,9,69,0,78,0,25,107,0,132,72,0,72,204
10/02/2000,OXR,CA,AWP,WE,Federal Contract Tower,0,21,50,0,71,0,10,31,0,41,0,31,81,0,112,28,0,28,140
10/03/2000,OXR,CA,AWP,WE,Federal Contract Tower,0,20,47,0,67,0,32,42,0,74,0,52,89,0,141,98,0,98,239
10/04/2000,OXR,CA,AWP,WE,Federal Contract Tower,0,28,65,0,93,0,21,0,6,27,0,49,65,6,120,22,0,22,142
10/05/2000,OXR,CA,AWP,WE,Federal Contract Tower,0,17,41,0,58,0,40,82,0,122,0,57,123,0,180,100,0,100,280
10/06/2000,OXR,CA,AWP,WE,Federal Contract Tower,0,20,47,0,67,0,13,64,0,77,0,33,111,0,144,18,0,18,162
10/07/2000,OXR,CA,AWP,WE,Federal Contract Tower,0,26,68,0,94,0,0,69,0,69,0,26,137,0,163,56,0,56,219
10/08/2000,OXR,CA,AWP,WE,Federal Contract Tower,0,25,62,0,87,0,0,89,2,91,0,25,151,2,178,32,0,32,210
10/09/2000,OXR,CA,AWP,WE,Federal Contract Tower,0,24,58,0,82,0,4,32,0,36,0,28,90,0,118,22,0,22,140
10/10/2000,OXR,CA,AWP,WE,Federal Contract Tower,0,20,48,0,68,0,26,28,2,56,0,46,76,2,124,34,0,34,158
10/11/2000,OXR,CA,AWP,WE,Federal Contract Tower,0,19,44,0,63,0,29,52,0,81,0,48,96,0,144,72,0,72,216
10/12/2000,OXR,CA,AWP,WE,Federal Contract Tower,0,22,54,0,76,0,23,86,6,115,0,45,140,6,191,76,0,76,267
10/13/2000,OXR,CA,AWP,WE,Federal Contract Tower,0,18,44,0,62,0,29,84,2,115,0,47,128,2,177,116,0,116,293
10/14/2000,OXR,CA,AWP,WE,Federal Contract Tower,0,18,44,0,62,0,3,157,2,162,0,21,201,2,224,190,0,190,414
10/15/2000,OXR,CA,AWP,WE,Federal Contract Tower,0,16,39,0,55,0,20,110,2,132,0,36,149,2,187,110,0,110,297
10/16/2000,OXR,CA,AWP,WE,Federal Contract Tower,0,19,47,0,66,0,29,25,12,66,0,48,72,12,132,16,0,16,148
10/17/2000,OXR,CA,AWP,WE,Federal Contract Tower,0,21,54,0,75,0,28,43,0,71,0,49,97,0,146,80,0,80,226
10/18/2000,OXR,CA,AWP,WE,Federal Contract Tower,0,26,62,0,88,0,20,0,10,30,0,46,62,10,118,14,0,14,132
10/19/2000,OXR,CA,AWP,WE,Federal Contract Tower,0,22,68,0,90,0,0,11,12,23,0,22,79,12,113,0,0,0,113
10/20/2000,OXR,CA,AWP,WE,Federal Contract Tower,0,16,40,0,56,0,34,0,0,34,0,50,40,0,90,2,0,2,92
10/21/2000,OXR,CA,AWP,WE,Federal Contract Tower,0,25,63,0,88,0,5,74,0,79,0,30,137,0,167,60,0,60,227
10/22/2000,OXR,CA,AWP,WE,Federal Contract Tower,0,9,24,0,33,0,34,49,4,87,0,43,73,4,120,33,0,33,153
10/23/2000,OXR,CA,AWP,WE,Federal Contract Tower,0,10,25,0,35,0,19,84,0,103,0,29,109,0,138,40,0,40,178
10/24/2000,OXR,CA,AWP,WE,Federal Contract Tower,0,16,42,0,58,0,39,106,1,146,0,55,148,1,204,32,0,32,236
10/25/2000,OXR,CA,AWP,WE,Federal Contract Tower,0,22,58,0,80,0,16,111,4,131,0,38,169,4,211,14,0,14,225
10/26/2000,OXR,CA,AWP,WE,Federal Contract Tower,0,15,40,0,55,0,27,37,6,70,0,42,77,6,125,83,0,83,208
10/27/2000,OXR,CA,AWP,WE,Federal Contract Tower,0,22,56,0,78,0,17,76,12,105,0,39,132,12,183,90,0,90,273
10/28/2000,OXR,CA,AWP,WE,Federal Contract Tower,0,26,68,0,94,0,22,79,0,101,0,48,147,0,195,167,0,167,362
10/29/2000,OXR,CA,AWP,WE,Federal Contract Tower,0,15,38,0,53,0,2,3,0,5,0,17,41,0,58,0,0,0,58
10/30/2000,OXR,CA,AWP,WE,Federal Contract Tower,0,10,25,0,35,0,38,92,0,130,0,48,117,0,165,58,0,58,223
10/31/2000,OXR,CA,AWP,WE,Federal Contract Tower,0,18,46,0,64,0,32,121,2,155,0,50,167,2,219,57,0,57,276
11/01/2000,OXR,CA,AWP,WE,Federal Contract Tower,0,31,62,0,93,0,31,71,2,104,0,62,133,2,197,87,0,87,284
11/02/2000,OXR,CA,AWP,WE,Federal Contract Tower,0,29,59,0,88,0,21,70,6,97,0,50,129,6,185,197,0,197,382
11/03/2000,OXR,CA,AWP,WE,Federal Contract Tower,0,16,31,0,47,0,29,48,8,85,0,45,79,8,132,62,0,62,194
11/04/2000,OXR,CA,AWP,WE,Federal Contract Tower,0,20,51,0,71,0,0,130,0,130,0,20,181,0,201,217,0,217,418
11/05/2000,OXR,CA,AWP,WE,Federal Contract Tower,0,19,37,0,56,0,7,112,2,121,0,26,149,2,177,190,2,192,369
11/06/2000,OXR,CA,AWP,WE,Federal Contract Tower,0,17,33,0,50,0,16,50,7,73,0,33,83,7,123,36,0,36,159
11/07/2000,OXR,CA,AWP,WE,Federal Contract Tower,0,17,34,0,51,0,41,16,2,59,0,58,50,2,110,28,0,28,138
11/08/2000,OXR,CA,AWP,WE,Federal Contract Tower,0,14,28,0,42,0,23,52,9,84,0,37,80,9,126,34,0,34,160
11/09/2000,OXR,CA,AWP,WE,Federal Contract Tower,0,23,47,0,70,0,12,83,4,99,0,35,130,4,169,70,0,70,239
11/10/2000,OXR,CA,AWP,WE,Federal Contract Tower,0,18,35,0,53,0,24,55,4,83,0,42,90,4,136,34,0,34,170
11/11/2000,OXR,CA,AWP,WE,Federal Contract Tower,0,0,0,0,0,0,26,195,0,221,0,26,195,0,221,142,0,142,363
11/12/2000,OXR,CA,AWP,WE,Federal Contract Tower,0,20,40,0,60,0,1,106,0,107,0,21,146,0,167,115,0,115,282
11/13/2000,OXR,CA,AWP,WE,Federal Contract Tower,0,20,41,0,61,0,18,78,0,96,0,38,119,0,157,44,0,44,201
11/14/2000,OXR,CA,AWP,WE,Federal Contract Tower,0,19,39,0,58,0,31,81,0,112,0,50,120,0,170,36,0,36,206
11/15/2000,OXR,CA,AWP,WE,Federal Contract Tower,0,24,47,0,71,0,11,49,0,60,0,35,96,0,131,96,0,96,227
11/16/2000,OXR,CA,AWP,WE,Federal Contract Tower,0,24,50,1,75,0,37,57,2,96,0,61,107,3,171,50,0,50,221
11/17/2000,OXR,CA,AWP,WE,Federal Contract Tower,0,17,36,1,54,0,37,61,8,106,0,54,97,9,160,20,0,20,180
11/18/2000,OXR,CA,AWP,WE,Federal Contract Tower,0,16,36,0,52,0,9,139,0,148,0,25,175,0,200,203,0,203,403
11/19/2000,OXR,CA,AWP,WE,Federal Contract Tower,0,23,49,0,72,0,1,118,0,119,0,24,167,0,191,199,0,199,390
11/20/2000,OXR,CA,AWP,WE,Federal Contract Tower,0,24,52,0,76,0,18,46,0,64,0,42,98,0,140,63,0,63,203
11/21/2000,OXR,CA,AWP,WE,Federal Contract Tower,0,36,77,0,113,0,21,92,6,119,0,57,169,6,232,72,0,72,304
11/22/2000,OXR,CA,AWP,WE,Federal Contract Tower,0,30,64,0,94,0,38,87,0,125,0,68,151,0,219,42,0,42,261
11/23/2000,OXR,CA,AWP,WE,Federal Contract Tower,0,11,25,0,36,0,8,56,0,64,0,19,81,0,100,70,0,70,170
11/24/2000,OXR,CA,AWP,WE,Federal Contract Tower,0,24,52,0,76,0,24,120,0,144,0,48,172,0,220,108,0,108,328
11/25/2000,OXR,CA,AWP,WE,Federal Contract Tower,0,15,32,0,47,0,12,98,0,110,0,27,130,0,157,127,0,127,284
11/26/2000,OXR,CA,AWP,WE,Federal Contract Tower,0,24,50,0,74,0,2,119,0,121,0,26,169,0,195,79,0,79,274
11/27/2000,OXR,CA,AWP,WE,Federal Contract Tower,0,16,34,0,50,0,26,76,4,106,0,42,110,4,156,40,0,40,196
11/28/2000,OXR,CA,AWP,WE,Federal Contract Tower,0,30,63,0,93,0,33,33,0,66,0,63,96,0,159,104,0,104,263
11/29/2000,OXR,CA,AWP,WE,Federal Contract Tower,0,0,0,0,0,0,43,98,2,143,0,43,98,2,143,15,0,15,158
11/30/2000,OXR,CA,AWP,WE,Federal Contract Tower,0,28,60,0,88,0,10,38,6,54,0,38,98,6,142,22,0,22,164
12/01/2000,OXR,CA,AWP,WE,Federal Contract Tower,0,27,52,0,79,0,14,49,2,65,0,41,101,2,144,2,0,2,146
12/02/2000,OXR,CA,AWP,WE,Federal Contract Tower,0,23,58,0,81,0,0,92,0,92,0,23,150,0,173,93,0,93,266
12/03/2000,OXR,CA,AWP,WE,Federal Contract Tower,0,11,54,0,65,0,0,111,0,111,0,11,165,0,176,157,0,157,333
12/04/2000,OXR,CA,AWP,WE,Federal Contract Tower,0,23,45,0,68,0,20,44,0,64,0,43,89,0,132,51,0,51,183
12/05/2000,OXR,CA,AWP,WE,Federal Contract Tower,0,25,49,0,74,0,34,71,0,105,0,59,120,0,179,78,0,78,257
12/06/2000,OXR,CA,AWP,WE,Federal Contract Tower,0,20,40,0,60,0,39,46,0,85,0,59,86,0,145,34,0,34,179
12/07/2000,OXR,CA,AWP,WE,Federal Contract Tower,0,24,47,0,71,0,28,83,4,115,0,52,130,4,186,76,0,76,262
12/08/2000,OXR,CA,AWP,WE,Federal Contract Tower,0,28,54,0,82,0,16,27,4,47,0,44,81,4,129,60,0,60,189
12/09/2000,OXR,CA,AWP,WE,Federal Contract Tower,0,27,52,0,79,0,3,51,0,54,0,30,103,0,133,124,0,124,257
12/10/2000,OXR,CA,AWP,WE,Federal Contract Tower,0,23,49,0,72,0,0,65,0,65,0,23,114,0,137,136,0,136,273
12/11/2000,OXR,CA,AWP,WE,Federal Contract Tower,0,25,51,1,77,0,9,49,2,60,0,34,100,3,137,55,0,55,192
12/12/2000,OXR,CA,AWP,WE,Federal Contract Tower,0,18,38,1,57,0,31,35,15,81,0,49,73,16,138,22,0,22,160
12/13/2000,OXR,CA,AWP,WE,Federal Contract Tower,0,0,0,0,0,0,62,101,2,165,0,62,101,2,165,34,0,34,199
12/14/2000,OXR,CA,AWP,WE,Federal Contract Tower,0,25,52,1,78,0,22,63,7,92,0,47,115,8,170,48,0,48,218
12/15/2000,OXR,CA,AWP,WE,Federal Contract Tower,0,27,55,1,83,0,22,77,7,106,0,49,132,8,189,66,0,66,255
12/16/2000,OXR,CA,AWP,WE,Federal Contract Tower,0,19,41,0,60,0,12,47,35,94,0,31,88,35,154,54,0,54,208
12/17/2000,OXR,CA,AWP,WE,Federal Contract Tower,0,15,31,0,46,0,7,142,0,149,0,22,173,0,195,173,0,173,368
12/18/2000,OXR,CA,AWP,WE,Federal Contract Tower,0,10,21,0,31,0,20,16,2,38,0,30,37,2,69,12,0,12,81
12/19/2000,OXR,CA,AWP,WE,Federal Contract Tower,0,25,53,0,78,0,19,81,0,100,0,44,134,0,178,68,0,68,246
12/20/2000,OXR,CA,AWP,WE,Federal Contract Tower,0,24,50,0,74,0,24,59,6,89,0,48,109,6,163,34,0,34,197
12/21/2000,OXR,CA,AWP,WE,Federal Contract Tower,0,22,45,0,67,0,19,70,4,93,0,41,115,4,160,32,0,32,192
12/22/2000,OXR,CA,AWP,WE,Federal Contract Tower,0,26,55,0,81,0,9,67,0,76,0,35,122,0,157,50,0,50,207
12/23/2000,OXR,CA,AWP,WE,Federal Contract Tower,0,12,26,0,38,0,20,51,0,71,0,32,77,0,109,98,0,98,207
12/24/2000,OXR,CA,AWP,WE,Federal Contract Tower,0,10,22,0,32,0,6,54,0,60,0,16,76,0,92,66,0,66,158
12/25/2000,OXR,CA,AWP,WE,Federal Contract Tower,0,5,12,0,17,0,18,7,0,25,0,23,19,0,42,0,0,0,42
12/26/2000,OXR,CA,AWP,WE,Federal Contract Tower,0,12,27,0,39,0,25,36,0,61,0,37,63,0,100,18,0,18,118
12/27/2000,OXR,CA,AWP,WE,Federal Contract Tower,0,12,26,0,38,0,27,72,8,107,0,39,98,8,145,49,0,49,194
12/28/2000,OXR,CA,AWP,WE,Federal Contract Tower,0,28,57,0,85,0,7,134,0,141,0,35,191,0,226,121,0,121,347
12/29/2000,OXR,CA,AWP,WE,Federal Contract Tower,0,22,45,0,67,0,10,97,0,107,0,32,142,0,174,100,0,100,274
12/30/2000,OXR,CA,AWP,WE,Federal Contract Tower,0,18,37,0,55,0,8,120,0,128,0,26,157,0,183,165,0,165,348
12/31/2000,OXR,CA,AWP,WE,Federal Contract Tower,0,9,20,0,29,0,5,88,0,93,0,14,108,0,122,101,0,101,223
01/01/2001,OXR,CA,AWP,WE,Federal Contract Tower,0,9,13,0,22,0,3,43,0,46,0,12,56,0,68,28,0,28,96
01/02/2001,OXR,CA,AWP,WE,Federal Contract Tower,0,11,18,0,29,0,23,27,4,54,0,34,45,4,83,2,0,2,85
01/03/2001,OXR,CA,AWP,WE,Federal Contract Tower,0,24,39,0,63,0,28,49,0,77,0,52,88,0,140,50,0,50,190
01/04/2001,OXR,CA,AWP,WE,Federal Contract Tower,0,34,54,0,88,0,3,105,4,112,0,37,159,4,200,80,0,80,280
01/05/2001,OXR,CA,AWP,WE,Federal Contract Tower,0,39,63,0,102,0,0,101,0,101,0,39,164,0,203,73,0,73,276
01/06/2001,OXR,CA,AWP,WE,Federal Contract Tower,0,26,47,0,73,0,0,140,0,140,0,26,187,0,213,229,0,229,442
01/07/2001,OXR,CA,AWP,WE,Federal Contract Tower,0,25,41,0,66,0,2,190,6,198,0,27,231,6,264,94,0,94,358
01/08/2001,OXR,CA,AWP,WE,Federal Contract Tower,0,17,28,0,45,0,13,40,1,54,0,30,68,1,99,24,0,24,123
01/09/2001,OXR,CA,AWP,WE,Federal Contract Tower,0,20,33,0,53,0,19,58,2,79,0,39,91,2,132,68,0,68,200
01/10/2001,OXR,CA,AWP,WE,Federal Contract Tower,0,0,0,0,0,0,35,70,0,105,0,35,70,0,105,39,0,39,144
01/11/2001,OXR,CA,AWP,WE,Federal Contract Tower,0,21,33,0,54,0,14,45,8,67,0,35,78,8,121,54,0,54,175
01/12/2001,OXR,CA,AWP,WE,Federal Contract Tower,0,15,26,1,42,0,13,67,5,85,0,28,93,6,127,40,0,40,167
01/13/2001,OXR,CA,AWP,WE,Federal Contract Tower,0,25,43,0,68,0,14,88,0,102,0,39,131,0,170,176,0,176,346
01/14/2001,OXR,CA,AWP,WE,Federal Contract Tower,0,17,29,0,46,0,13,155,0,168,0,30,184,0,214,162,37,199,413
01/15/2001,OXR,CA,AWP,WE,Federal Contract Tower,0,22,37,0,59,0,24,96,0,120,0,46,133,0,179,92,0,92,271
01/16/2001,OXR,CA,AWP,WE,Federal Contract Tower,0,22,36,0,58,0,27,80,0,107,0,49,116,0,165,67,0,67,232
01/17/2001,OXR,CA,AWP,WE,Federal Contract Tower,0,18,30,1,49,0,36,65,1,102,0,54,95,2,151,84,0,84,235
01/18/2001,OXR,CA,AWP,WE,Federal Contract Tower,0,21,37,0,58,0,43,88,4,135,0,64,125,4,193,84,0,84,277
01/19/2001,OXR,CA,AWP,WE,Federal Contract Tower,0,23,40,0,63,0,21,84,6,111,0,44,124,6,174,172,0,172,346
01/20/2001,OXR,CA,AWP,WE,Federal Contract Tower,0,16,27,0,43,0,19,114,4,137,0,35,141,4,180,293,0,293,473
01/21/2001,OXR,CA,AWP,WE,Federal Contract Tower,0,18,30,0,48,0,9,107,6,122,0,27,137,6,170,89,0,89,259
01/22/2001,OXR,CA,AWP,WE,Federal Contract Tower,0,23,40,0,63,0,27,62,4,93,0,50,102,4,156,74,0,74,230
01/23/2001,OXR,CA,AWP,WE,Federal Contract Tower,0,32,54,0,86,0,37,70,2,109,0,69,124,2,195,110,0,110,305
01/24/2001,OXR,CA,AWP,WE,Federal Contract Tower,0,24,40,0,64,0,33,28,0,61,0,57,68,0,125,79,0,79,204
01/25/2001,OXR,CA,AWP,WE,Federal Contract Tower,0,29,50,0,79,0,29,83,14,126,0,58,133,14,205,96,0,96,301
01/26/2001,OXR,CA,AWP,WE,Federal Contract Tower,0,15,25,0,40,0,21,32,3,56,0,36,57,3,96,24,0,24,120
01/27/2001,OXR,CA,AWP,WE,Federal Contract Tower,0,25,44,0,69,0,10,100,0,110,0,35,144,0,179,114,0,114,293
01/28/2001,OXR,CA,AWP,WE,Federal Contract Tower,0,22,53,0,75,0,0,139,1,140,0,22,192,1,215,151,0,151,366
01/29/2001,OXR,CA,AWP,WE,Federal Contract Tower,0,16,28,0,44,0,20,47,2,69,0,36,75,2,113,49,0,49,162
01/30/2001,OXR,CA,AWP,WE,Federal Contract Tower,0,18,32,0,50,0,23,49,10,82,0,41,81,10,132,70,0,70,202
01/31/2001,OXR,CA,AWP,WE,Federal Contract Tower,0,18,30,0,48,0,24,48,14,86,0,42,78,14,134,48,0,48,182
02/01/2001,OXR,CA,AWP,WE,Federal Contract Tower,0,14,23,0,37,0,22,44,13,79,0,36,67,13,116,52,0,52,168
02/02/2001,OXR,CA,AWP,WE,Federal Contract Tower,0,21,35,0,56,0,29,119,12,160,0,50,154,12,216,172,0,172,388
02/03/2001,OXR,CA,AWP,WE,Federal Contract Tower,0,21,37,0,58,0,4,168,12,184,0,25,205,12,242,127,0,127,369
02/04/2001,OXR,CA,AWP,WE,Federal Contract Tower,0,19,32,0,51,0,3,162,2,167,0,22,194,2,218,117,0,117,335
02/05/2001,OXR,CA,AWP,WE,Federal Contract Tower,0,21,35,0,56,0,16,88,4,108,0,37,123,4,164,241,0,241,405
02/06/2001,OXR,CA,AWP,WE,Federal Contract Tower,0,19,33,0,52,0,18,41,2,61,0,37,74,2,113,37,0,37,150
02/07/2001,OXR,CA,AWP,WE,Federal Contract Tower,0,18,31,0,49,0,55,31,4,90,0,73,62,4,139,6,0,6,145
02/08/2001,OXR,CA,AWP,WE,Federal Contract Tower,0,29,51,1,81,0,17,113,3,133,0,46,164,4,214,160,0,160,374
02/09/2001,OXR,CA,AWP,WE,Federal Contract Tower,0,25,44,1,70,0,32,38,11,81,0,57,82,12,151,58,0,58,209
02/10/2001,OXR,CA,AWP,WE,Federal Contract Tower,0,15,27,1,43,0,3,36,1,40,0,18,63,2,83,136,0,136,219
02/11/2001,OXR,CA,AWP,WE,Federal Contract Tower,0,9,16,0,25,0,21,26,0,47,0,30,42,0,72,26,0,26,98
02/12/2001,OXR,CA,AWP,WE,Federal Contract Tower,0,20,31,1,52,0,19,0,4,23,0,39,31,5,75,41,0,41,116
02/13/2001,OXR,CA,AWP,WE,Federal Contract Tower,0,15,27,0,42,0,14,13,0,27,0,29,40,0,69,24,0,24,93
02/14/2001,OXR,CA,AWP,WE,Federal Contract Tower,0,15,27,0,42,0,29,80,4,113,0,44,107,4,155,54,0,54,209
02/15/2001,OXR,CA,AWP,WE,Federal Contract Tower,0,28,52,0,80,0,35,89,8,132,0,63,141,8,212,50,0,50,262
02/16/2001,OXR,CA,AWP,WE,Federal Contract Tower,0,29,54,0,83,0,28,53,12,93,0,57,107,12,176,54,0,54,230
02/17/2001,OXR,CA,AWP,WE,Federal Contract Tower,0,24,45,0,69,0,9,145,0,154,0,33,190,0,223,140,0,140,363
02/18/2001,OXR,CA,AWP,WE,Federal Contract Tower,0,19,35,0,54,0,3,57,0,60,0,22,92,0,114,36,0,36,150
02/19/2001,OXR,CA,AWP,WE,Federal Contract Tower,0,25,45,0,70,0,11,26,0,37,0,36,71,0,107,13,0,13,120
02/20/2001,OXR,CA,AWP,WE,Federal Contract Tower,0,25,47,0,72,0,35,45,2,82,0,60,92,2,154,115,0,115,269
02/21/2001,OXR,CA,AWP,WE,Federal Contract Tower,0,34,62,0,96,0,39,81,0,120,0,73,143,0,216,108,0,108,324
02/22/2001,OXR,CA,AWP,WE,Federal Contract Tower,0,32,60,0,92,0,18,118,18,154,0,50,178,18,246,66,0,66,312
02/23/2001,OXR,CA,AWP,WE,Federal Contract Tower,0,21,39,0,60,0,17,114,14,145,0,38,153,14,205,104,0,104,309
02/24/2001,OXR,CA,AWP,WE,Federal Contract Tower,0,26,51,0,77,0,0,71,0,71,0,26,122,0,148,44,0,44,192
02/25/2001,OXR,CA,AWP,WE,Federal Contract Tower,0,18,33,0,51,0,5,22,4,31,0,23,55,4,82,6,0,6,88
02/26/2001,OXR,CA,AWP,WE,Federal Contract Tower,0,20,37,0,57,0,5,36,0,41,0,25,73,0,98,24,0,24,122
02/27/2001,OXR,CA,AWP,WE,Federal Contract Tower,0,35,65,0,100,0,5,54,2,61,0,40,119,2,161,30,0,30,191
02/28/2001,OXR,CA,AWP,WE,Federal Contract Tower,0,28,52,0,80,0,18,47,0,65,0,46,99,0,145,42,0,42,187
03/01/2001,OXR,CA,AWP,WE,Federal Contract Tower,0,27,56,0,83,0,7,103,10,120,0,34,159,10,203,92,0,92,295
03/02/2001,OXR,CA,AWP,WE,Federal Contract Tower,0,29,60,0,89,0,31,110,8,149,0,60,170,8,238,76,0,76,314
03/03/2001,OXR,CA,AWP,WE,Federal Contract Tower,0,31,65,0,96,0,0,151,0,151,0,31,216,0,247,136,0,136,383
03/04/2001,OXR,CA,AWP,WE,Federal Contract Tower,0,14,27,0,41,0,9,28,0,37,0,23,55,0,78,12,0,12,90
03/05/2001,OXR,CA,AWP,WE,Federal Contract Tower,0,17,33,0,50,0,26,19,8,53,0,43,52,8,103,0,0,0,103
03/06/2001,OXR,CA,AWP,WE,Federal Contract Tower,0,17,33,0,50,0,16,42,13,71,0,33,75,13,121,98,0,98,219
03/07/2001,OXR,CA,AWP,WE,Federal Contract Tower,0,31,64,0,95,0,28,131,2,161,0,59,195,2,256,98,0,98,354
03/08/2001,OXR,CA,AWP,WE,Federal Contract Tower,0,39,82,0,121,0,27,116,13,156,0,66,198,13,277,174,0,174,451
03/09/2001,OXR,CA,AWP,WE,Federal Contract Tower,0,24,48,0,72,0,27,113,2,142,0,51,161,2,214,72,0,72,286
03/10/2001,OXR,CA,AWP,WE,Federal Contract Tower,0,17,35,0,52,0,8,164,6,178,0,25,199,6,230,126,0,126,356
03/11/2001,OXR,CA,AWP,WE,Federal Contract Tower,0,26,53,0,79,0,7,151,0,158,0,33,204,0,237,200,0,200,437
03/12/2001,OXR,CA,AWP,WE,Federal Contract Tower,0,14,30,1,45,0,36,73,3,112,0,50,103,4,157,125,0,125,282
03/13/2001,OXR,CA,AWP,WE,Federal Contract Tower,0,33,69,0,102,0,22,114,0,136,0,55,183,0,238,94,0,94,332
03/14/2001,OXR,CA,AWP,WE,Federal Contract Tower,0,30,64,0,94,0,15,118,0,133,0,45,182,0,227,72,0,72,299
03/15/2001,OXR,CA,AWP,WE,Federal Contract Tower,0,32,69,0,101,0,22,109,0,131,0,54,178,0,232,46,0,46,278
03/16/2001,OXR,CA,AWP,WE,Federal Contract Tower,0,20,44,0,64,0,19,120,14,153,0,39,164,14,217,94,0,94,311
03/17/2001,OXR,CA,AWP,WE,Federal Contract Tower,0,21,45,0,66,0,4,192,4,200,0,25,237,4,266,191,0,191,457
03/18/2001,OXR,CA,AWP,WE,Federal Contract Tower,0,16,34,0,50,0,13,153,2,168,0,29,187,2,218,133,0,133,351
03/19/2001,OXR,CA,AWP,WE,Federal Contract Tower,0,21,46,0,67,0,39,111,0,150,0,60,157,0,217,105,0,105,322
03/20/2001,OXR,CA,AWP,WE,Federal Contract Tower,0,26,56,0,82,0,14,65,2,81,0,40,121,2,163,0,0,0,163
03/21/2001,OXR,CA,AWP,WE,Federal Contract Tower,0,30,66,0,96,0,6,39,0,45,0,36,105,0,141,0,0,0,141
03/22/2001,OXR,CA,AWP,WE,Federal Contract Tower,0,43,92,0,135,0,13,149,2,164,0,56,241,2,299,54,0,54,353
03/23/2001,OXR,CA,AWP,WE,Federal Contract Tower,0,26,56,0,82,0,29,99,8,136,0,55,155,8,218,78,0,78,296
03/24/2001,OXR,CA,AWP,WE,Federal Contract Tower,0,24,57,0,81,0,0,126,0,126,0,24,183,0,207,50,0,50,257
03/25/2001,OXR,CA,AWP,WE,Federal Contract Tower,0,26,57,0,83,0,17,152,0,169,0,43,209,0,252,111,0,111,363
03/26/2001,OXR,CA,AWP,WE,Federal Contract Tower,0,17,39,0,56,0,38,80,0,118,0,55,119,0,174,60,0,60,234
03/27/2001,OXR,CA,AWP,WE,Federal Contract Tower,0,25,54,0,79,0,33,82,4,119,0,58,136,4,198,117,0,117,315
03/28/2001,OXR,CA,AWP,WE,Federal Contract Tower,0,29,64,0,93,0,45,39,0,84,0,74,103,0,177,112,0,112,289
03/29/2001,OXR,CA,AWP,WE,Federal Contract Tower,0,22,47,0,69,0,39,150,4,193,0,61,197,4,262,174,0,174,436
03/30/2001,OXR,CA,AWP,WE,Federal Contract Tower,0,18,41,0,59,0,24,56,2,82,0,42,97,2,141,26,0,26,167
03/31/2001,OXR,CA,AWP,WE,Federal Contract Tower,0,19,53,0,72,0,0,67,0,67,0,19,120,0,139,4,0,4,143
04/01/2001,OXR,CA,AWP,WE,Federal Contract Tower,0,12,55,2,69,0,5,1,0,6,0,17,56,2,75,0,0,0,75
04/02/2001,OXR,CA,AWP,WE,Federal Contract Tower,0,23,42,0,65,0,18,146,6,170,0,41,188,6,235,176,0,176,411
04/03/2001,OXR,CA,AWP,WE,Federal Contract Tower,0,18,39,0,57,0,19,90,6,115,0,37,129,6,172,205,0,205,377
04/04/2001,OXR,CA,AWP,WE,Federal Contract Tower,0,37,70,0,107,0,43,116,2,161,0,80,186,2,268,227,0,227,495
04/05/2001,OXR,CA,AWP,WE,Federal Contract Tower,0,25,59,0,84,0,27,110,0,137,0,52,169,0,221,204,0,204,425
04/06/2001,OXR,CA,AWP,WE,Federal Contract Tower,0,25,50,0,75,0,23,100,10,133,0,48,150,10,208,70,0,70,278
04/07/2001,OXR,CA,AWP,WE,Federal Contract Tower,0,13,29,0,42,0,4,54,4,62,0,17,83,4,104,41,0,41,145
04/08/2001,OXR,CA,AWP,WE,Federal Contract Tower,0,17,48,0,65,0,20,179,2,201,0,37,227,2,266,201,0,201,467
04/09/2001,OXR,CA,AWP,WE,Federal Contract Tower,0,34,45,0,79,0,12,79,2,93,0,46,124,2,172,109,0,109,281
04/10/2001,OXR,CA,AWP,WE,Federal Contract Tower,0,37,52,0,89,0,32,79,0,111,0,69,131,0,200,127,0,127,327
04/11/2001,OXR,CA,AWP,WE,Federal Contract Tower,0,31,63,2,96,0,22,81,6,109,0,53,144,8,205,49,0,49,254
04/12/2001,OXR,CA,AWP,WE,Federal Contract Tower,0,34,68,0,102,0,20,124,2,146,0,54,192,2,248,212,0,212,460
04/13/2001,OXR,CA,AWP,WE,Federal Contract Tower,0,30,47,0,77,0,33,124,0,157,0,63,171,0,234,80,0,80,314
04/14/2001,OXR,CA,AWP,WE,Federal Contract Tower,0,15,58,0,73,0,10,197,0,207,0,25,255,0,280,218,0,218,498
04/15/2001,OXR,CA,AWP,WE,Federal Contract Tower,0,15,26,0,41,0,1,95,0,96,0,16,121,0,137,92,0,92,229
04/16/2001,OXR,CA,AWP,WE,Federal Contract Tower,0,34,36,0,70,0,17,74,0,91,0,51,110,0,161,100,0,100,261
04/17/2001,OXR,CA,AWP,WE,Federal Contract Tower,0,26,87,0,113,0,22,88,0,110,0,48,175,0,223,192,0,192,415
04/18/2001,OXR,CA,AWP,WE,Federal Contract Tower,0,36,58,0,94,0,25,97,0,122,0,61,155,0,216,22,0,22,238
04/19/2001,OXR,CA,AWP,WE,Federal Contract Tower,0,40,43,1,84,0,10,145,0,155,0,50,188,1,239,69,0,69,308
04/20/2001,OXR,CA,AWP,WE,Federal Contract Tower,0,20,45,0,65,0,36,101,1,138,0,56,146,1,203,62,0,62,265
04/21/2001,OXR,CA,AWP,WE,Federal Contract Tower,0,15,38,0,53,0,6,116,0,122,0,21,154,0,175,151,0,151,326
04/22/2001,OXR,CA,AWP,WE,Federal Contract Tower,0,15,45,0,60,0,13,155,0,168,0,28,200,0,228,322,0,322,550
04/23/2001,OXR,CA,AWP,WE,Federal Contract Tower,0,25,48,0,73,0,36,126,2,164,0,61,174,2,237,41,0,41,278
04/24/2001,OXR,CA,AWP,WE,Federal Contract Tower,0,25,54,2,81,0,32,79,2,113,0,57,133,4,194,78,0,78,272
04/25/2001,OXR,CA,AWP,WE,Federal Contract Tower,0,17,62,0,79,0,27,103,2,132,0,44,165,2,211,34,0,34,245
04/26/2001,OXR,CA,AWP,WE,Federal Contract Tower,0,41,71,0,112,0,2,0,0,2,0,43,71,0,114,0,0,0,114
04/27/2001,OXR,CA,AWP,WE,Federal Contract Tower,0,22,66,0,88,0,18,72,0,90,0,40,138,0,178,8,0,8,186
04/28/2001,OXR,CA,AWP,WE,Federal Contract Tower,0,17,106,0,123,0,12,43,0,55,0,29,149,0,178,24,0,24,202
04/29/2001,OXR,CA,AWP,WE,Federal Contract Tower,0,13,72,0,85,0,16,164,4,184,0,29,236,4,269,244,0,244,513
04/30/2001,OXR,CA,AWP,WE,Federal Contract Tower,0,17,56,0,73,0,23,100,0,123,0,40,156,0,196,104,0,104,300
05/01/2001,OXR,CA,AWP,WE,Federal Contract Tower,0,26,50,0,76,0,14,10,0,24,0,40,60,0,100,24,0,24,124
05/02/2001,OXR,CA,AWP,WE,Federal Contract Tower,0,40,79,0,119,0,43,110,2,155,0,83,189,2,274,38,0,38,312
05/03/2001,OXR,CA,AWP,WE,Federal Contract Tower,0,20,21,0,41,0,30,85,0,115,0,50,106,0,156,72,0,72,228
05/04/2001,OXR,CA,AWP,WE,Federal Contract Tower,0,21,56,0,77,0,25,112,2,139,0,46,168,2,216,90,0,90,306
05/05/2001,OXR,CA,AWP,WE,Federal Contract Tower,0,14,50,0,64,0,29,177,0,206,0,43,227,0,270,126,0,126,396
05/06/2001,OXR,CA,AWP,WE,Federal Contract Tower,0,17,50,0,67,0,24,186,6,216,0,41,236,6,283,242,0,242,525
05/07/2001,OXR,CA,AWP,WE,Federal Contract Tower,0,15,54,0,69,0,18,85,2,105,0,33,139,2,174,94,0,94,268
05/08/2001,OXR,CA,AWP,WE,Federal Contract Tower,0,26,34,0,60,0,57,89,0,146,0,83,123,0,206,38,0,38,244
05/09/2001,OXR,CA,AWP,WE,Federal Contract Tower,0,30,59,0,89,0,13,59,0,72,0,43,118,0,161,2,0,2,163
05/10/2001,OXR,CA,AWP,WE,Federal Contract Tower,0,33,78,0,111,0,5,33,2,40,0,38,111,2,151,10,0,10,161
05/11/2001,OXR,CA,AWP,WE,Federal Contract Tower,0,24,84,0,108,0,17,24,0,41,0,41,108,0,149,0,0,0,149
05/12/2001,OXR,CA,AWP,WE,Federal Contract Tower,0,13,65,0,78,0,14,57,4,75,0,27,122,4,153,38,0,38,191
05/13/2001,OXR,CA,AWP,WE,Federal Contract Tower,0,14,45,0,59,0,11,62,4,77,0,25,107,4,136,12,0,12,148
05/14/2001,OXR,CA,AWP,WE,Federal Contract Tower,0,22,57,0,79,0,23,122,0,145,0,45,179,0,224,46,0,46,270
05/15/2001,OXR,CA,AWP,WE,Federal Contract Tower,0,32,38,0,70,0,21,38,0,59,0,53,76,0,129,16,0,16,145
05/16/2001,OXR,CA,AWP,WE,Federal Contract Tower,0,32,56,0,88,0,0,84,0,84,0,32,140,0,172,0,0,0,172
05/17/2001,OXR,CA,AWP,WE,Federal Contract Tower,0,19,66,0,85,0,22,93,4,119,0,41,159,4,204,80,0,80,284
05/18/2001,OXR,CA,AWP,WE,Federal Contract Tower,0,29,50,0,79,0,23,95,0,118,0,52,145,0,197,54,0,54,251
05/19/2001,OXR,CA,AWP,WE,Federal Contract Tower,0,20,87,0,107,0,12,105,4,121,0,32,192,4,228,112,0,112,340
05/20/2001,OXR,CA,AWP,WE,Federal Contract Tower,0,11,56,0,67,0,16,95,0,111,0,27,151,0,178,14,0,14,192
05/21/2001,OXR,CA,AWP,WE,Federal Contract Tower,0,15,68,0,83,0,31,78,0,109,0,46,146,0,192,10,0,10,202
05/22/2001,OXR,CA,AWP,WE,Federal Contract Tower,0,35,45,0,80,0,17,20,0,37,0,52,65,0,117,0,0,0,117
05/23/2001,OXR,CA,AWP,WE,Federal Contract Tower,0,27,58,0,85,0,22,83,0,105,0,49,141,0,190,68,0,68,258
05/24/2001,OXR,CA,AWP,WE,Federal Contract Tower,0,25,62,0,87,0,15,42,0,57,0,40,104,0,144,0,0,0,144
05/25/2001,OXR,CA,AWP,WE,Federal Contract Tower,0,30,69,0,99,0,7,68,0,75,0,37,137,0,174,8,0,8,182
05/26/2001,OXR,CA,AWP,WE,Federal Contract Tower,0,14,75,0,89,0,9,83,0,92,0,23,158,0,181,38,0,38,219
05/27/2001,OXR,CA,AWP,WE,Federal Contract Tower,0,12,50,0,62,0,5,52,0,57,0,17,102,0,119,14,0,14,133
05/28/2001,OXR,CA,AWP,WE,Federal Contract Tower,0,13,45,2,60,0,9,115,2,126,0,22,160,4,186,181,0,181,367
05/29/2001,OXR,CA,AWP,WE,Federal Contract Tower,0,18,49,0,67,0,22,105,0,127,0,40,154,0,194,141,0,141,335
05/30/2001,OXR,CA,AWP,WE,Federal Contract Tower,0,19,37,0,56,0,26,116,0,142,0,45,153,0,198,62,0,62,260
05/31/2001,OXR,CA,AWP,WE,Federal Contract Tower,0,24,66,0,90,0,9,34,0,43,0,33,100,0,133,2,0,2,135
06/01/2001,OXR,CA,AWP,WE,Federal Contract Tower,0,30,66,2,98,0,11,32,0,43,0,41,98,2,141,16,0,16,157
06/02/2001,OXR,CA,AWP,WE,Federal Contract Tower,0,14,54,0,68,0,6,144,4,154,0,20,198,4,222,36,0,36,258
06/03/2001,OXR,CA,AWP,WE,Federal Contract Tower,0,13,50,0,63,0,29,172,0,201,0,42,222,0,264,185,0,185,449
06/04/2001,OXR,CA,AWP,WE,Federal Contract Tower,0,25,51,0,76,0,42,106,0,148,0,67,157,0,224,98,0,98,322
06/05/2001,OXR,CA,AWP,WE,Federal Contract Tower,0,36,49,0,85,0,15,96,14,125,0,51,145,14,210,137,0,137,347
06/06/2001,OXR,CA,AWP,WE,Federal Contract Tower,0,29,35,0,64,0,5,79,0,84,0,34,114,0,148,56,0,56,204
06/07/2001,OXR,CA,AWP,WE,Federal Contract Tower,0,26,51,0,77,0,6,37,2,45,0,32,88,2,122,0,0,0,122
06/08/2001,OXR,CA,AWP,WE,Federal Contract Tower,0,26,62,2,90,0,2,28,0,30,0,28,90,2,120,4,0,4,124
06/09/2001,OXR,CA,AWP,WE,Federal Contract Tower,0,9,38,0,47,0,6,32,4,42,0,15,70,4,89,18,0,18,107
06/10/2001,OXR,CA,AWP,WE,Federal Contract Tower,0,14,21,0,35,0,20,101,0,121,0,34,122,0,156,150,0,150,306
06/11/2001,OXR,CA,AWP,WE,Federal Contract Tower,0,14,34,0,48,0,32,93,0,125,0,46,127,0,173,198,0,198,371
06/12/2001,OXR,CA,AWP,WE,Federal Contract Tower,0,27,62,0,89,0,39,85,0,124,0,66,147,0,213,86,0,86,299
06/13/2001,OXR,CA,AWP,WE,Federal Contract Tower,0,30,46,0,76,0,21,71,2,94,0,51,117,2,170,68,0,68,238
06/14/2001,OXR,CA,AWP,WE,Federal Contract Tower,0,28,27,0,55,0,20,133,2,155,0,48,160,2,210,142,0,142,352
06/15/2001,OXR,CA,AWP,WE,Federal Contract Tower,0,24,49,0,73,0,27,116,8,151,0,51,165,8,224,98,0,98,322
06/16/2001,OXR,CA,AWP,WE,Federal Contract Tower,0,17,36,0,53,0,9,113,0,122,0,26,149,0,175,110,0,110,285
06/17/2001,OXR,CA,AWP,WE,Federal Contract Tower,0,11,50,0,61,0,11,88,0,99,0,22,138,0,160,30,0,30,190
06/18/2001,OXR,CA,AWP,WE,Federal Contract Tower,0,16,49,0,65,0,26,70,2,98,0,42,119,2,163,125,0,125,288
06/19/2001,OXR,CA,AWP,WE,Federal Contract Tower,0,24,52,0,76,0,24,80,0,104,0,48,132,0,180,90,0,90,270
06/20/2001,OXR,CA,AWP,WE,Federal Contract Tower,0,17,36,0,53,0,27,72,0,99,0,44,108,0,152,76,0,76,228
06/21/2001,OXR,CA,AWP,WE,Federal Contract Tower,0,19,34,0,53,0,19,72,0,91,0,38,106,0,144,84,0,84,228
06/22/2001,OXR,CA,AWP,WE,Federal Contract Tower,0,17,67,0,84,0,19,70,0,89,0,36,137,0,173,114,0,114,287
06/23/2001,OXR,CA,AWP,WE,Federal Contract Tower,0,13,38,0,51,0,11,124,0,135,0,24,162,0,186,74,0,74,260
06/24/2001,OXR,CA,AWP,WE,Federal Contract Tower,0,11,36,0,47,0,21,124,10,155,0,32,160,10,202,170,0,170,372
06/25/2001,OXR,CA,AWP,WE,Federal Contract Tower,0,18,24,0,42,0,28,84,2,114,0,46,108,2,156,229,0,229,385
06/26/2001,OXR,CA,AWP,WE,Federal Contract Tower,0,21,39,2,62,0,26,83,6,115,0,47,122,8,177,130,0,130,307
06/27/2001,OXR,CA,AWP,WE,Federal Contract Tower,0,16,30,0,46,0,15,115,0,130,0,31,145,0,176,138,0,138,314
06/28/2001,OXR,CA,AWP,WE,Federal Contract Tower,0,26,75,2,103,0,23,49,14,86,0,49,124,16,189,94,0,94,283
06/29/2001,OXR,CA,AWP,WE,Federal Contract Tower,0,25,29,0,54,0,6,85,0,91,0,31,114,0,145,108,0,108,253
06/30/2001,OXR,CA,AWP,WE,Federal Contract Tower,0,11,44,0,55,0,12,25,2,39,0,23,69,2,94,6,0,6,100
07/01/2001,OXR,CA,AWP,WE,Federal Contract Tower,0,10,34,0,44,0,28,91,0,119,0,38,125,0,163,170,0,170,333
07/02/2001,OXR,CA,AWP,WE,Federal Contract Tower,0,17,50,0,67,0,14,58,2,74,0,31,108,2,141,69,0,69,210
07/03/2001,OXR,CA,AWP,WE,Federal Contract Tower,0,21,43,0,64,0,30,78,0,108,0,51,121,0,172,94,0,94,266
07/04/2001,OXR,CA,AWP,WE,Federal Contract Tower,0,15,24,0,39,0,15,89,2,106,0,30,113,2,145,87,0,87,232
07/05/2001,OXR,CA,AWP,WE,Federal Contract Tower,0,23,50,0,73,0,4,108,8,120,0,27,158,8,193,110,0,110,303
07/06/2001,OXR,CA,AWP,WE,Federal Contract Tower,0,18,48,6,72,0,13,63,2,78,0,31,111,8,150,38,0,38,188
07/07/2001,OXR,CA,AWP,WE,Federal Contract Tower,0,14,60,2,76,0,17,82,0,99,0,31,142,2,175,32,0,32,207
07/08/2001,OXR,CA,AWP,WE,Federal Contract Tower,0,9,55,0,64,0,10,120,2,132,0,19,175,2,196,118,0,118,314
07/09/2001,OXR,CA,AWP,WE,Federal Contract Tower,0,17,54,0,71,0,29,76,0,105,0,46,130,0,176,60,0,60,236
07/10/2001,OXR,CA,AWP,WE,Federal Contract Tower,0,27,56,0,83,0,31,47,6,84,0,58,103,6,167,84,0,84,251
07/11/2001,OXR,CA,AWP,WE,Federal Contract Tower,0,21,53,0,74,0,13,95,0,108,0,34,148,0,182,84,0,84,266
07/12/2001,OXR,CA,AWP,WE,Federal Contract Tower,0,15,39,0,54,0,21,99,2,122,0,36,138,2,176,80,0,80,256
07/13/2001,OXR,CA,AWP,WE,Federal Contract Tower,0,14,35,0,49,0,27,120,2,149,0,41,155,2,198,152,0,152,350
07/14/2001,OXR,CA,AWP,WE,Federal Contract Tower,0,12,40,0,52,0,16,48,0,64,0,28,88,0,116,20,0,20,136
07/15/2001,OXR,CA,AWP,WE,Federal Contract Tower,0,12,32,0,44,0,22,77,2,101,0,34,109,2,145,66,0,66,211
07/16/2001,OXR,CA,AWP,WE,Federal Contract Tower,0,14,26,0,40,0,19,85,0,104,0,33,111,0,144,44,0,44,188
07/17/2001,OXR,CA,AWP,WE,Federal Contract Tower,0,17,11,0,28,0,26,91,4,121,0,43,102,4,149,70,0,70,219
07/18/2001,OXR,CA,AWP,WE,Federal Contract Tower,0,30,44,0,74,0,24,113,0,137,0,54,157,0,211,130,0,130,341
07/19/2001,OXR,CA,AWP,WE,Federal Contract Tower,0,29,37,0,66,0,9,68,6,83,0,38,105,6,149,56,0,56,205
07/20/2001,OXR,CA,AWP,WE,Federal Contract Tower,0,26,46,0,72,0,27,81,6,114,0,53,127,6,186,48,0,48,234
07/21/2001,OXR,CA,AWP,WE,Federal Contract Tower,0,12,46,0,58,0,3,134,12,149,0,15,180,12,207,82,0,82,289
07/22/2001,OXR,CA,AWP,WE,Federal Contract Tower,0,11,38,0,49,0,23,127,6,156,0,34,165,6,205,118,0,118,323
07/23/2001,OXR,CA,AWP,WE,Federal Contract Tower,0,30,45,0,75,0,19,47,4,70,0,49,92,4,145,44,0,44,189
07/24/2001,OXR,CA,AWP,WE,Federal Contract Tower,0,23,61,0,84,0,23,63,2,88,0,46,124,2,172,60,0,60,232
07/25/2001,OXR,CA,AWP,WE,Federal Contract Tower,0,26,46,0,72,0,22,40,2,64,0,48,86,2,136,74,0,74,210
07/26/2001,OXR,CA,AWP,WE,Federal Contract Tower,0,31,70,0,101,0,0,22,0,22,0,31,92,0,123,6,0,6,129
07/27/2001,OXR,CA,AWP,WE,Federal Contract Tower,0,27,66,0,93,0,11,47,4,62,0,38,113,4,155,28,0,28,183
07/28/2001,OXR,CA,AWP,WE,Federal Contract Tower,0,11,41,0,52,0,11,8,4,23,0,22,49,4,75,0,0,0,75
07/29/2001,OXR,CA,AWP,WE,Federal Contract Tower,0,12,46,0,58,0,5,20,4,29,0,17,66,4,87,24,0,24,111
07/30/2001,OXR,CA,AWP,WE,Federal Contract Tower,0,20,48,0,68,0,10,48,6,64,0,30,96,6,132,44,0,44,176
07/31/2001,OXR,CA,AWP,WE,Federal Contract Tower,0,21,48,0,69,0,30,60,0,90,0,51,108,0,159,62,0,62,221
08/01/2001,OXR,CA,AWP,WE,Federal Contract Tower,0,20,50,0,70,0,16,84,0,100,0,36,134,0,170,58,0,58,228
08/02/2001,OXR,CA,AWP,WE,Federal Contract Tower,0,21,76,0,97,0,7,29,0,36,0,28,105,0,133,16,0,16,149
08/03/2001,OXR,CA,AWP,WE,Federal Contract Tower,0,19,59,0,78,0,4,16,0,20,0,23,75,0,98,2,0,2,100
08/04/2001,OXR,CA,AWP,WE,Federal Contract Tower,0,9,52,0,61,0,11,134,4,149,0,20,186,4,210,118,0,118,328
08/05/2001,OXR,CA,AWP,WE,Federal Contract Tower,0,11,19,0,30,0,11,126,0,137,0,22,145,0,167,120,0,120,287
08/06/2001,OXR,CA,AWP,WE,Federal Contract Tower,0,15,32,0,47,0,19,66,0,85,0,34,98,0,132,34,0,34,166
08/07/2001,OXR,CA,AWP,WE,Federal Contract Tower,0,21,67,0,88,0,18,51,2,71,0,39,118,2,159,12,0,12,171
08/08/2001,OXR,CA,AWP,WE,Federal Contract Tower,0,32,57,0,89,0,13,12,0,25,0,45,69,0,114,0,0,0,114
08/09/2001,OXR,CA,AWP,WE,Federal Contract Tower,0,37,61,0,98,0,28,9,0,37,0,65,70,0,135,0,0,0,135
08/10/2001,OXR,CA,AWP,WE,Federal Contract Tower,0,27,37,0,64,0,17,76,0,93,0,44,113,0,157,64,0,64,221
08/11/2001,OXR,CA,AWP,WE,Federal Contract Tower,0,12,32,0,44,0,19,161,0,180,0,31,193,0,224,244,0,244,468
08/12/2001,OXR,CA,AWP,WE,Federal Contract Tower,0,15,42,0,57,0,5,119,0,124,0,20,161,0,181,90,0,90,271
08/13/2001,OXR,CA,AWP,WE,Federal Contract Tower,0,22,36,0,58,0,19,94,0,113,0,41,130,0,171,122,0,122,293
08/14/2001,OXR,CA,AWP,WE,Federal Contract Tower,0,26,69,0,95,0,24,106,6,136,0,50,175,6,231,68,0,68,299
08/15/2001,OXR,CA,AWP,WE,Federal Contract Tower,0,32,70,0,102,0,8,24,4,36,0,40,94,4,138,0,0,0,138
08/16/2001,OXR,CA,AWP,WE,Federal Contract Tower,0,22,45,2,69,0,25,73,5,103,0,47,118,7,172,14,0,14,186
08/17/2001,OXR,CA,AWP,WE,Federal Contract Tower,0,27,39,0,66,0,0,94,2,96,0,27,133,2,162,74,0,74,236
08/18/2001,OXR,CA,AWP,WE,Federal Contract Tower,0,13,46,0,59,0,19,148,0,167,0,32,194,0,226,166,0,166,392
08/19/2001,OXR,CA,AWP,WE,Federal Contract Tower,0,14,57,0,71,0,4,54,0,58,0,18,111,0,129,64,0,64,193
08/20/2001,OXR,CA,AWP,WE,Federal Contract Tower,0,22,36,0,58,0,5,35,0,40,0,27,71,0,98,8,0,8,106
08/21/2001,OXR,CA,AWP,WE,Federal Contract Tower,0,28,66,0,94,0,41,73,14,128,0,69,139,14,222,70,0,70,292
08/22/2001,OXR,CA,AWP,WE,Federal Contract Tower,0,19,46,0,65,0,26,103,8,137,0,45,149,8,202,100,0,100,302
08/23/2001,OXR,CA,AWP,WE,Federal Contract Tower,0,16,45,2,63,0,19,90,2,111,0,35,135,4,174,82,0,82,256
08/24/2001,OXR,CA,AWP,WE,Federal Contract Tower,0,18,57,0,75,0,26,89,4,119,0,44,146,4,194,194,0,194,388
08/25/2001,OXR,CA,AWP,WE,Federal Contract Tower,0,14,30,0,44,0,20,80,0,100,0,34,110,0,144,52,0,52,196
08/26/2001,OXR,CA,AWP,WE,Federal Contract Tower,0,18,40,0,58,0,9,11,0,20,0,27,51,0,78,0,0,0,78
08/27/2001,OXR,CA,AWP,WE,Federal Contract Tower,0,24,81,0,105,0,8,9,0,17,0,32,90,0,122,10,0,10,132
08/28/2001,OXR,CA,AWP,WE,Federal Contract Tower,0,16,77,0,93,0,4,35,2,41,0,20,112,2,134,0,0,0,134
08/29/2001,OXR,CA,AWP,WE,Federal Contract Tower,0,22,92,0,114,0,24,40,18,82,0,46,132,18,196,8,0,8,204
08/30/2001,OXR,CA,AWP,WE,Federal Contract Tower,0,21,80,0,101,0,21,75,10,106,0,42,155,10,207,20,0,20,227
08/31/2001,OXR,CA,AWP,WE,Federal Contract Tower,0,21,66,0,87,0,43,108,4,155,0,64,174,4,242,66,0,66,308
09/01/2001,OXR,CA,AWP,WE,Federal Contract Tower,0,19,72,0,91,0,8,27,0,35,0,27,99,0,126,2,0,2,128
09/02/2001,OXR,CA,AWP,WE,Federal Contract Tower,0,24,71,0,95,0,2,30,2,34,0,26,101,2,129,0,0,0,129
09/03/2001,OXR,CA,AWP,WE,Federal Contract Tower,0,20,76,0,96,0,5,16,0,21,0,25,92,0,117,18,0,18,135
09/04/2001,OXR,CA,AWP,WE,Federal Contract Tower,0,19,73,0,92,0,18,16,0,34,0,37,89,0,126,0,0,0,126
09/05/2001,OXR,CA,AWP,WE,Federal Contract Tower,0,20,58,0,78,0,18,47,2,67,0,38,105,2,145,24,0,24,169
09/06/2001,OXR,CA,AWP,WE,Federal Contract Tower,0,21,86,0,107,0,26,80,8,114,0,47,166,8,221,34,0,34,255
09/07/2001,OXR,CA,AWP,WE,Federal Contract Tower,0,29,35,0,64,0,21,38,0,59,0,50,73,0,123,0,0,0,123
09/08/2001,OXR,CA,AWP,WE,Federal Contract Tower,0,10,85,0,95,0,20,34,0,54,0,30,119,0,149,12,0,12,161
09/09/2001,OXR,CA,AWP,WE,Federal Contract Tower,0,10,42,0,52,0,10,48,2,60,0,20,90,2,112,28,0,28,140
09/10/2001,OXR,CA,AWP,WE,Federal Contract Tower,0,20,36,0,56,0,10,78,10,98,0,30,114,10,154,88,0,88,242
09/11/2001,OXR,CA,AWP,WE,Federal Contract Tower,0,0,0,0,0,0,2,1,0,3,0,2,1,0,3,0,0,0,3
09/12/2001,OXR,CA,AWP,WE,Federal Contract Tower,0,0,0,0,0,0,0,0,0,0,0,0,0,0,0,0,0,0,0
09/13/2001,OXR,CA,AWP,WE,Federal Contract Tower,0,11,0,0,11,0,2,0,0,2,0,13,0,0,13,0,0,0,13
09/14/2001,OXR,CA,AWP,WE,Federal Contract Tower,0,25,13,0,38,0,3,5,0,8,0,28,18,0,46,0,0,0,46
09/15/2001,OXR,CA,AWP,WE,Federal Contract Tower,0,20,45,0,65,0,8,0,0,8,0,28,45,0,73,0,0,0,73
09/16/2001,OXR,CA,AWP,WE,Federal Contract Tower,0,13,22,0,35,0,10,7,8,25,0,23,29,8,60,0,0,0,60
09/17/2001,OXR,CA,AWP,WE,Federal Contract Tower,0,24,37,0,61,0,18,4,14,36,0,42,41,14,97,0,0,0,97
09/18/2001,OXR,CA,AWP,WE,Federal Contract Tower,0,26,68,0,94,0,17,11,4,32,0,43,79,4,126,0,0,0,126
09/19/2001,OXR,CA,AWP,WE,Federal Contract Tower,0,32,85,4,121,0,14,5,0,19,0,46,90,4,140,0,0,0,140
09/20/2001,OXR,CA,AWP,WE,Federal Contract Tower,0,46,67,0,113,0,3,0,12,15,0,49,67,12,128,0,0,0,128
09/21/2001,OXR,CA,AWP,WE,Federal Contract Tower,0,38,62,1,101,0,23,43,1,67,0,61,105,2,168,0,0,0,168
09/22/2001,OXR,CA,AWP,WE,Federal Contract Tower,0,19,84,0,103,0,30,39,4,73,0,49,123,4,176,26,0,26,202
09/23/2001,OXR,CA,AWP,WE,Federal Contract Tower,0,27,76,4,107,0,34,9,0,43,0,61,85,4,150,0,0,0,150
09/24/2001,OXR,CA,AWP,WE,Federal Contract Tower,0,27,63,0,90,0,30,63,0,93,0,57,126,0,183,66,0,66,249
09/25/2001,OXR,CA,AWP,WE,Federal Contract Tower,0,25,63,0,88,0,20,108,4,132,0,45,171,4,220,60,0,60,280
09/26/2001,OXR,CA,AWP,WE,Federal Contract Tower,0,15,44,0,59,0,21,103,0,124,0,36,147,0,183,80,0,80,263
09/27/2001,OXR,CA,AWP,WE,Federal Contract Tower,0,13,49,0,62,0,11,79,2,92,0,24,128,2,154,64,0,64,218
09/28/2001,OXR,CA,AWP,WE,Federal Contract Tower,0,22,40,0,62,0,24,90,0,114,0,46,130,0,176,126,0,126,302
09/29/2001,OXR,CA,AWP,WE,Federal Contract Tower,0,12,55,0,67,0,21,105,0,126,0,33,160,0,193,144,0,144,337
09/30/2001,OXR,CA,AWP,WE,Federal Contract Tower,0,11,44,0,55,0,15,172,0,187,0,26,216,0,242,68,0,68,310
10/01/2001,OXR,CA,AWP,WE,Federal Contract Tower,0,0,0,0,0,0,47,84,0,131,0,47,84,0,131,118,0,118,249
10/02/2001,OXR,CA,AWP,WE,Federal Contract Tower,0,10,34,0,44,0,11,57,0,68,0,21,91,0,112,64,0,64,176
10/03/2001,OXR,CA,AWP,WE,Federal Contract Tower,0,18,67,0,85,0,35,40,6,81,0,53,107,6,166,0,0,0,166
10/04/2001,OXR,CA,AWP,WE,Federal Contract Tower,0,23,84,0,107,0,34,21,0,55,0,57,105,0,162,2,0,2,164
10/05/2001,OXR,CA,AWP,WE,Federal Contract Tower,0,16,54,0,70,0,29,37,0,66,0,45,91,0,136,2,0,2,138
10/06/2001,OXR,CA,AWP,WE,Federal Contract Tower,0,11,61,0,72,0,21,51,2,74,0,32,112,2,146,154,0,154,300
10/07/2001,OXR,CA,AWP,WE,Federal Contract Tower,0,9,42,0,51,0,9,52,0,61,0,18,94,0,112,16,0,16,128
10/08/2001,OXR,CA,AWP,WE,Federal Contract Tower,0,16,37,0,53,0,12,43,0,55,0,28,80,0,108,52,0,52,160
10/09/2001,OXR,CA,AWP,WE,Federal Contract Tower,0,17,46,0,63,0,28,41,6,75,0,45,87,6,138,12,0,12,150
10/10/2001,OXR,CA,AWP,WE,Federal Contract Tower,0,25,78,0,103,0,16,53,0,69,0,41,131,0,172,2,0,2,174
10/11/2001,OXR,CA,AWP,WE,Federal Contract Tower,0,19,54,0,73,0,21,49,0,70,0,40,103,0,143,0,0,0,143
10/12/2001,OXR,CA,AWP,WE,Federal Contract Tower,0,20,45,0,65,0,19,41,0,60,0,39,86,0,125,16,0,16,141
10/13/2001,OXR,CA,AWP,WE,Federal Contract Tower,0,10,57,0,67,0,11,115,2,128,0,21,172,2,195,88,0,88,283
10/14/2001,OXR,CA,AWP,WE,Federal Contract Tower,0,14,42,0,56,0,17,111,2,130,0,31,153,2,186,70,0,70,256
10/15/2001,OXR,CA,AWP,WE,Federal Contract Tower,0,21,60,0,81,0,23,30,0,53,0,44,90,0,134,20,0,20,154
10/16/2001,OXR,CA,AWP,WE,Federal Contract Tower,0,28,33,0,61,0,2,57,0,59,0,30,90,0,120,36,0,36,156
10/17/2001,OXR,CA,AWP,WE,Federal Contract Tower,0,21,64,1,86,0,13,53,1,67,0,34,117,2,153,46,0,46,199
10/18/2001,OXR,CA,AWP,WE,Federal Contract Tower,0,28,33,0,61,0,30,112,4,146,0,58,145,4,207,108,0,108,315
10/19/2001,OXR,CA,AWP,WE,Federal Contract Tower,0,20,56,0,76,0,35,23,0,58,0,55,79,0,134,0,0,0,134
10/20/2001,OXR,CA,AWP,WE,Federal Contract Tower,0,12,65,0,77,0,5,31,0,36,0,17,96,0,113,16,0,16,129
10/21/2001,OXR,CA,AWP,WE,Federal Contract Tower,0,12,91,0,103,0,5,24,0,29,0,17,115,0,132,2,0,2,134
10/22/2001,OXR,CA,AWP,WE,Federal Contract Tower,0,19,65,0,84,0,15,18,0,33,0,34,83,0,117,18,0,18,135
10/23/2001,OXR,CA,AWP,WE,Federal Contract Tower,0,31,75,0,106,0,10,26,6,42,0,41,101,6,148,32,0,32,180
10/24/2001,OXR,CA,AWP,WE,Federal Contract Tower,0,25,57,0,82,0,18,30,0,48,0,43,87,0,130,2,0,2,132
10/25/2001,OXR,CA,AWP,WE,Federal Contract Tower,0,23,86,0,109,0,30,28,0,58,0,53,114,0,167,16,0,16,183
10/26/2001,OXR,CA,AWP,WE,Federal Contract Tower,0,29,51,0,80,0,30,71,2,103,0,59,122,2,183,40,0,40,223
10/27/2001,OXR,CA,AWP,WE,Federal Contract Tower,0,10,48,0,58,0,9,110,0,119,0,19,158,0,177,122,0,122,299
10/28/2001,OXR,CA,AWP,WE,Federal Contract Tower,0,12,48,0,60,0,15,135,4,154,0,27,183,4,214,134,0,134,348
10/29/2001,OXR,CA,AWP,WE,Federal Contract Tower,0,15,50,0,65,0,21,81,2,104,0,36,131,2,169,66,0,66,235
10/30/2001,OXR,CA,AWP,WE,Federal Contract Tower,0,19,57,2,78,0,16,19,0,35,0,35,76,2,113,4,0,4,117
10/31/2001,OXR,CA,AWP,WE,Federal Contract Tower,0,24,67,0,91,0,25,75,4,104,0,49,142,4,195,54,0,54,249
11/01/2001,OXR,CA,AWP,WE,Federal Contract Tower,0,27,62,0,89,0,36,72,4,112,0,63,134,4,201,50,0,50,251
11/02/2001,OXR,CA,AWP,WE,Federal Contract Tower,0,24,59,0,83,0,28,29,6,63,0,52,88,6,146,30,0,30,176
11/03/2001,OXR,CA,AWP,WE,Federal Contract Tower,0,12,44,0,56,0,17,97,0,114,0,29,141,0,170,97,0,97,267
11/04/2001,OXR,CA,AWP,WE,Federal Contract Tower,0,13,34,0,47,0,9,36,2,47,0,22,70,2,94,34,0,34,128
11/05/2001,OXR,CA,AWP,WE,Federal Contract Tower,0,19,60,0,79,0,14,29,0,43,0,33,89,0,122,4,0,4,126
11/06/2001,OXR,CA,AWP,WE,Federal Contract Tower,0,35,52,0,87,0,7,13,0,20,0,42,65,0,107,0,0,0,107
11/07/2001,OXR,CA,AWP,WE,Federal Contract Tower,0,20,54,0,74,0,24,34,4,62,0,44,88,4,136,28,0,28,164
11/08/2001,OXR,CA,AWP,WE,Federal Contract Tower,0,13,51,3,67,0,14,87,5,106,0,27,138,8,173,60,0,60,233
11/09/2001,OXR,CA,AWP,WE,Federal Contract Tower,0,15,38,0,53,0,22,54,2,78,0,37,92,2,131,28,0,28,159
11/10/2001,OXR,CA,AWP,WE,Federal Contract Tower,0,22,79,0,101,0,0,94,4,98,0,22,173,4,199,100,0,100,299
11/11/2001,OXR,CA,AWP,WE,Federal Contract Tower,0,13,43,0,56,0,8,28,0,36,0,21,71,0,92,48,0,48,140
11/12/2001,OXR,CA,AWP,WE,Federal Contract Tower,0,27,24,0,51,0,6,11,0,17,0,33,35,0,68,0,0,0,68
11/13/2001,OXR,CA,AWP,WE,Federal Contract Tower,0,21,44,0,65,0,27,83,0,110,0,48,127,0,175,170,0,170,345
11/14/2001,OXR,CA,AWP,WE,Federal Contract Tower,0,26,50,0,76,0,7,94,0,101,0,33,144,0,177,80,0,80,257
11/15/2001,OXR,CA,AWP,WE,Federal Contract Tower,0,18,46,0,64,0,14,132,0,146,0,32,178,0,210,108,0,108,318
11/16/2001,OXR,CA,AWP,WE,Federal Contract Tower,0,25,42,0,67,0,28,99,4,131,0,53,141,4,198,68,0,68,266
11/17/2001,OXR,CA,AWP,WE,Federal Contract Tower,0,9,48,0,57,0,31,140,0,171,0,40,188,0,228,162,0,162,390
11/18/2001,OXR,CA,AWP,WE,Federal Contract Tower,0,7,38,0,45,0,16,112,4,132,0,23,150,4,177,196,0,196,373
11/19/2001,OXR,CA,AWP,WE,Federal Contract Tower,0,32,29,0,61,0,32,102,4,138,0,64,131,4,199,124,0,124,323
11/20/2001,OXR,CA,AWP,WE,Federal Contract Tower,0,22,45,0,67,0,0,101,2,103,0,22,146,2,170,100,0,100,270
11/21/2001,OXR,CA,AWP,WE,Federal Contract Tower,0,26,29,0,55,0,28,59,0,87,0,54,88,0,142,86,0,86,228
11/22/2001,OXR,CA,AWP,WE,Federal Contract Tower,0,11,16,0,27,0,11,59,2,72,0,22,75,2,99,48,0,48,147
11/23/2001,OXR,CA,AWP,WE,Federal Contract Tower,0,20,49,0,69,0,7,117,0,124,0,27,166,0,193,110,0,110,303
11/24/2001,OXR,CA,AWP,WE,Federal Contract Tower,0,9,40,0,49,0,1,3,0,4,0,10,43,0,53,14,0,14,67
11/25/2001,OXR,CA,AWP,WE,Federal Contract Tower,0,10,50,0,60,0,15,98,0,113,0,25,148,0,173,232,0,232,405
11/26/2001,OXR,CA,AWP,WE,Federal Contract Tower,0,14,24,0,38,0,27,75,2,104,0,41,99,2,142,80,0,80,222
11/27/2001,OXR,CA,AWP,WE,Federal Contract Tower,0,17,51,0,68,0,26,71,0,97,0,43,122,0,165,68,0,68,233
11/28/2001,OXR,CA,AWP,WE,Federal Contract Tower,0,19,80,0,99,0,26,62,2,90,0,45,142,2,189,158,0,158,347
11/29/2001,OXR,CA,AWP,WE,Federal Contract Tower,0,31,41,0,72,0,5,10,0,15,0,36,51,0,87,32,0,32,119
11/30/2001,OXR,CA,AWP,WE,Federal Contract Tower,0,15,67,0,82,0,22,65,12,99,0,37,132,12,181,130,0,130,311
12/01/2001,OXR,CA,AWP,WE,Federal Contract Tower,0,12,42,0,54,0,24,78,8,110,0,36,120,8,164,128,0,128,292
12/02/2001,OXR,CA,AWP,WE,Federal Contract Tower,0,10,21,0,31,0,7,40,2,49,0,17,61,2,80,90,0,90,170
12/03/2001,OXR,CA,AWP,WE,Federal Contract Tower,0,19,30,0,49,0,18,34,2,54,0,37,64,2,103,70,0,70,173
12/04/2001,OXR,CA,AWP,WE,Federal Contract Tower,0,21,52,0,73,0,24,83,2,109,0,45,135,2,182,168,0,168,350
12/05/2001,OXR,CA,AWP,WE,Federal Contract Tower,0,15,20,0,35,0,29,158,0,187,0,44,178,0,222,248,0,248,470
12/06/2001,OXR,CA,AWP,WE,Federal Contract Tower,0,16,3,0,19,0,29,78,0,107,0,45,81,0,126,108,0,108,234
12/07/2001,OXR,CA,AWP,WE,Federal Contract Tower,0,16,3,0,19,0,23,58,2,83,0,39,61,2,102,40,0,40,142
12/08/2001,OXR,CA,AWP,WE,Federal Contract Tower,0,11,5,0,16,0,12,88,6,106,0,23,93,6,122,40,0,40,162
12/09/2001,OXR,CA,AWP,WE,Federal Contract Tower,0,10,7,0,17,0,6,52,4,62,0,16,59,4,79,18,0,18,97
12/10/2001,OXR,CA,AWP,WE,Federal Contract Tower,0,15,10,0,25,0,39,85,0,124,0,54,95,0,149,92,0,92,241
12/11/2001,OXR,CA,AWP,WE,Federal Contract Tower,0,19,14,0,33,0,28,59,8,95,0,47,73,8,128,54,0,54,182
12/12/2001,OXR,CA,AWP,WE,Federal Contract Tower,0,17,22,0,39,0,14,126,4,144,0,31,148,4,183,128,0,128,311
12/13/2001,OXR,CA,AWP,WE,Federal Contract Tower,0,16,22,0,38,0,18,106,2,126,0,34,128,2,164,34,0,34,198
12/14/2001,OXR,CA,AWP,WE,Federal Contract Tower,0,22,23,0,45,0,9,40,0,49,0,31,63,0,94,12,0,12,106
12/15/2001,OXR,CA,AWP,WE,Federal Contract Tower,0,12,9,2,23,0,20,114,0,134,0,32,123,2,157,122,0,122,279
12/16/2001,OXR,CA,AWP,WE,Federal Contract Tower,0,14,10,0,24,0,11,100,0,111,0,25,110,0,135,100,0,100,235
12/17/2001,OXR,CA,AWP,WE,Federal Contract Tower,0,39,63,0,102,0,0,0,6,6,0,39,63,6,108,94,0,94,202
12/18/2001,OXR,CA,AWP,WE,Federal Contract Tower,0,18,21,0,39,0,20,94,6,120,0,38,115,6,159,98,0,98,257
12/19/2001,OXR,CA,AWP,WE,Federal Contract Tower,0,19,18,0,37,0,15,106,2,123,0,34,124,2,160,122,0,122,282
12/20/2001,OXR,CA,AWP,WE,Federal Contract Tower,0,22,35,0,57,0,14,44,4,62,0,36,79,4,119,28,0,28,147
12/21/2001,OXR,CA,AWP,WE,Federal Contract Tower,0,31,24,0,55,0,3,42,0,45,0,34,66,0,100,50,0,50,150
12/22/2001,OXR,CA,AWP,WE,Federal Contract Tower,0,13,13,0,26,0,3,136,0,139,0,16,149,0,165,176,0,176,341
12/23/2001,OXR,CA,AWP,WE,Federal Contract Tower,0,9,3,0,12,0,14,112,0,126,0,23,115,0,138,148,0,148,286
12/24/2001,OXR,CA,AWP,WE,Federal Contract Tower,0,16,5,0,21,0,17,59,0,76,0,33,64,0,97,24,0,24,121
12/25/2001,OXR,CA,AWP,WE,Federal Contract Tower,0,8,1,0,9,0,8,53,0,61,0,16,54,0,70,46,0,46,116
12/26/2001,OXR,CA,AWP,WE,Federal Contract Tower,0,14,18,0,32,0,3,99,0,102,0,17,117,0,134,160,0,160,294
12/27/2001,OXR,CA,AWP,WE,Federal Contract Tower,0,18,32,0,50,0,14,89,6,109,0,32,121,6,159,96,0,96,255
12/28/2001,OXR,CA,AWP,WE,Federal Contract Tower,0,18,31,0,49,0,22,43,0,65,0,40,74,0,114,16,0,16,130
12/29/2001,OXR,CA,AWP,WE,Federal Contract Tower,0,17,16,0,33,0,1,30,0,31,0,18,46,0,64,24,0,24,88
12/30/2001,OXR,CA,AWP,WE,Federal Contract Tower,0,9,21,0,30,0,15,49,0,64,0,24,70,0,94,96,0,96,190
12/31/2001,OXR,CA,AWP,WE,Federal Contract Tower,0,15,29,0,44,0,2,17,0,19,0,17,46,0,63,36,0,36,99
01/01/2002,OXR,CA,AWP,WE,Federal Contract Tower,0,8,15,0,23,0,15,40,0,55,0,23,55,0,78,56,0,56,134
01/02/2002,OXR,CA,AWP,WE,Federal Contract Tower,0,14,32,0,46,0,7,3,0,10,0,21,35,0,56,0,0,0,56
01/03/2002,OXR,CA,AWP,WE,Federal Contract Tower,0,21,27,0,48,0,13,29,0,42,0,34,56,0,90,16,0,16,106
01/04/2002,OXR,CA,AWP,WE,Federal Contract Tower,0,22,18,0,40,0,16,66,0,82,0,38,84,0,122,116,0,116,238
01/05/2002,OXR,CA,AWP,WE,Federal Contract Tower,0,11,25,0,36,0,11,147,0,158,0,22,172,0,194,162,0,162,356
01/06/2002,OXR,CA,AWP,WE,Federal Contract Tower,0,7,35,0,42,0,9,122,2,133,0,16,157,2,175,228,0,228,403
01/07/2002,OXR,CA,AWP,WE,Federal Contract Tower,0,14,13,0,27,0,13,67,2,82,0,27,80,2,109,60,0,60,169
01/08/2002,OXR,CA,AWP,WE,Federal Contract Tower,0,19,23,0,42,0,12,69,8,89,0,31,92,8,131,36,0,36,167
01/09/2002,OXR,CA,AWP,WE,Federal Contract Tower,0,15,33,0,48,0,42,85,14,141,0,57,118,14,189,56,0,56,245
01/10/2002,OXR,CA,AWP,WE,Federal Contract Tower,0,15,15,0,30,0,23,121,2,146,0,38,136,2,176,84,0,84,260
01/11/2002,OXR,CA,AWP,WE,Federal Contract Tower,0,12,24,0,36,0,12,87,0,99,0,24,111,0,135,58,0,58,193
01/12/2002,OXR,CA,AWP,WE,Federal Contract Tower,0,12,27,0,39,0,21,183,0,204,0,33,210,0,243,202,0,202,445
01/13/2002,OXR,CA,AWP,WE,Federal Contract Tower,0,7,27,0,34,0,22,171,4,197,0,29,198,4,231,210,0,210,441
01/14/2002,OXR,CA,AWP,WE,Federal Contract Tower,0,12,15,0,27,0,13,44,12,69,0,25,59,12,96,62,0,62,158
01/15/2002,OXR,CA,AWP,WE,Federal Contract Tower,0,19,40,0,59,0,29,75,0,104,0,48,115,0,163,54,0,54,217
01/16/2002,OXR,CA,AWP,WE,Federal Contract Tower,0,20,18,0,38,0,15,89,0,104,0,35,107,0,142,76,0,76,218
01/17/2002,OXR,CA,AWP,WE,Federal Contract Tower,0,17,23,0,40,0,16,92,10,118,0,33,115,10,158,66,0,66,224
01/18/2002,OXR,CA,AWP,WE,Federal Contract Tower,0,15,18,1,34,0,23,77,8,108,0,38,95,9,142,74,0,74,216
01/19/2002,OXR,CA,AWP,WE,Federal Contract Tower,0,9,33,0,42,0,12,146,2,160,0,21,179,2,202,92,0,92,294
01/20/2002,OXR,CA,AWP,WE,Federal Contract Tower,0,7,31,0,38,0,16,144,10,170,0,23,175,10,208,184,0,184,392
01/21/2002,OXR,CA,AWP,WE,Federal Contract Tower,0,14,22,0,36,0,23,76,10,109,0,37,98,10,145,36,0,36,181
01/22/2002,OXR,CA,AWP,WE,Federal Contract Tower,0,13,15,0,28,0,11,51,0,62,0,24,66,0,90,88,0,88,178
01/23/2002,OXR,CA,AWP,WE,Federal Contract Tower,0,13,8,0,21,0,25,42,0,67,0,38,50,0,88,36,0,36,124
01/24/2002,OXR,CA,AWP,WE,Federal Contract Tower,0,18,12,0,30,0,13,125,0,138,0,31,137,0,168,86,0,86,254
01/25/2002,OXR,CA,AWP,WE,Federal Contract Tower,0,14,17,0,31,0,29,103,18,150,0,43,120,18,181,116,0,116,297
01/26/2002,OXR,CA,AWP,WE,Federal Contract Tower,0,10,19,0,29,0,11,70,4,85,0,21,89,4,114,214,0,214,328
01/27/2002,OXR,CA,AWP,WE,Federal Contract Tower,0,7,20,0,27,0,5,3,0,8,0,12,23,0,35,8,0,8,43
01/28/2002,OXR,CA,AWP,WE,Federal Contract Tower,0,8,13,0,21,0,27,36,4,67,0,35,49,4,88,38,0,38,126
01/29/2002,OXR,CA,AWP,WE,Federal Contract Tower,0,15,10,0,25,0,13,63,0,76,0,28,73,0,101,126,0,126,227
01/30/2002,OXR,CA,AWP,WE,Federal Contract Tower,0,16,4,0,20,0,13,90,2,105,0,29,94,2,125,116,0,116,241
01/31/2002,OXR,CA,AWP,WE,Federal Contract Tower,0,16,41,0,57,0,6,136,4,146,0,22,177,4,203,102,0,102,305
02/01/2002,OXR,CA,AWP,WE,Federal Contract Tower,0,16,33,1,50,0,13,80,5,98,0,29,113,6,148,102,0,102,250
02/02/2002,OXR,CA,AWP,WE,Federal Contract Tower,0,10,61,0,71,0,5,148,0,153,0,15,209,0,224,137,0,137,361
02/03/2002,OXR,CA,AWP,WE,Federal Contract Tower,0,9,43,0,52,0,10,120,2,132,0,19,163,2,184,180,0,180,364
02/04/2002,OXR,CA,AWP,WE,Federal Contract Tower,0,13,49,0,62,0,16,88,0,104,0,29,137,0,166,110,0,110,276
02/05/2002,OXR,CA,AWP,WE,Federal Contract Tower,0,18,57,0,75,0,39,85,0,124,0,57,142,0,199,124,0,124,323
02/06/2002,OXR,CA,AWP,WE,Federal Contract Tower,0,13,65,0,78,0,18,80,3,101,0,31,145,3,179,50,0,50,229
02/07/2002,OXR,CA,AWP,WE,Federal Contract Tower,0,34,21,0,55,0,21,105,4,130,0,55,126,4,185,44,0,44,229
02/08/2002,OXR,CA,AWP,WE,Federal Contract Tower,0,15,32,0,47,0,30,75,4,109,0,45,107,4,156,78,0,78,234
02/09/2002,OXR,CA,AWP,WE,Federal Contract Tower,0,8,3,0,11,0,15,16,4,35,0,23,19,4,46,0,0,0,46
02/10/2002,OXR,CA,AWP,WE,Federal Contract Tower,0,7,4,0,11,0,18,51,4,73,0,25,55,4,84,18,0,18,102
02/11/2002,OXR,CA,AWP,WE,Federal Contract Tower,0,13,34,0,47,0,6,82,4,92,0,19,116,4,139,120,0,120,259
02/12/2002,OXR,CA,AWP,WE,Federal Contract Tower,0,14,36,0,50,0,22,92,4,118,0,36,128,4,168,66,0,66,234
02/13/2002,OXR,CA,AWP,WE,Federal Contract Tower,0,15,38,0,53,0,49,80,16,145,0,64,118,16,198,92,0,92,290
02/14/2002,OXR,CA,AWP,WE,Federal Contract Tower,0,16,44,0,60,0,11,74,6,91,0,27,118,6,151,58,0,58,209
02/15/2002,OXR,CA,AWP,WE,Federal Contract Tower,0,17,56,0,73,0,21,82,2,105,0,38,138,2,178,56,0,56,234
02/16/2002,OXR,CA,AWP,WE,Federal Contract Tower,0,13,64,0,77,0,3,44,2,49,0,16,108,2,126,24,0,24,150
02/17/2002,OXR,CA,AWP,WE,Federal Contract Tower,0,7,41,0,48,0,16,62,2,80,0,23,103,2,128,58,0,58,186
02/18/2002,OXR,CA,AWP,WE,Federal Contract Tower,0,13,40,0,53,0,12,107,6,125,0,25,147,6,178,118,0,118,296
02/19/2002,OXR,CA,AWP,WE,Federal Contract Tower,0,14,29,0,43,0,27,82,0,109,0,41,111,0,152,112,0,112,264
02/20/2002,OXR,CA,AWP,WE,Federal Contract Tower,0,16,65,0,81,0,14,70,8,92,0,30,135,8,173,48,0,48,221
02/21/2002,OXR,CA,AWP,WE,Federal Contract Tower,0,21,32,0,53,0,25,115,6,146,0,46,147,6,199,116,0,116,315
02/22/2002,OXR,CA,AWP,WE,Federal Contract Tower,0,16,21,0,37,0,24,98,8,130,0,40,119,8,167,90,0,90,257
02/23/2002,OXR,CA,AWP,WE,Federal Contract Tower,0,9,9,0,18,0,11,126,12,149,0,20,135,12,167,186,0,186,353
02/24/2002,OXR,CA,AWP,WE,Federal Contract Tower,0,8,32,0,40,0,11,149,52,212,0,19,181,52,252,176,0,176,428
02/25/2002,OXR,CA,AWP,WE,Federal Contract Tower,0,15,45,0,60,0,18,52,6,76,0,33,97,6,136,70,0,70,206
02/26/2002,OXR,CA,AWP,WE,Federal Contract Tower,0,14,32,0,46,0,29,124,10,163,0,43,156,10,209,50,0,50,259
02/27/2002,OXR,CA,AWP,WE,Federal Contract Tower,0,15,24,0,39,0,22,93,26,141,0,37,117,26,180,64,0,64,244
02/28/2002,OXR,CA,AWP,WE,Federal Contract Tower,0,19,56,2,77,0,9,62,18,89,0,28,118,20,166,70,0,70,236
03/01/2002,OXR,CA,AWP,WE,Federal Contract Tower,0,19,38,0,57,0,14,60,40,114,0,33,98,40,171,22,0,22,193
03/02/2002,OXR,CA,AWP,WE,Federal Contract Tower,0,9,11,0,20,0,16,80,2,98,0,25,91,2,118,6,0,6,124
03/03/2002,OXR,CA,AWP,WE,Federal Contract Tower,0,7,18,0,25,0,11,145,2,158,0,18,163,2,183,76,0,76,259
03/04/2002,OXR,CA,AWP,WE,Federal Contract Tower,0,13,38,0,51,0,20,94,0,114,0,33,132,0,165,48,0,48,213
03/05/2002,OXR,CA,AWP,WE,Federal Contract Tower,0,17,54,0,71,0,25,96,0,121,0,42,150,0,192,100,0,100,292
03/06/2002,OXR,CA,AWP,WE,Federal Contract Tower,0,28,44,0,72,0,26,44,6,76,0,54,88,6,148,68,0,68,216
03/07/2002,OXR,CA,AWP,WE,Federal Contract Tower,0,17,72,0,89,0,8,37,2,47,0,25,109,2,136,18,0,18,154
03/08/2002,OXR,CA,AWP,WE,Federal Contract Tower,0,16,33,0,49,0,25,109,2,136,0,41,142,2,185,110,0,110,295
03/09/2002,OXR,CA,AWP,WE,Federal Contract Tower,0,9,48,0,57,0,30,139,2,171,0,39,187,2,228,200,0,200,428
03/10/2002,OXR,CA,AWP,WE,Federal Contract Tower,0,8,29,0,37,0,9,108,6,123,0,17,137,6,160,222,0,222,382
03/11/2002,OXR,CA,AWP,WE,Federal Contract Tower,0,22,27,0,49,0,25,83,2,110,0,47,110,2,159,34,2,36,195
03/12/2002,OXR,CA,AWP,WE,Federal Contract Tower,0,25,63,0,88,0,17,83,2,102,0,42,146,2,190,36,0,36,226
03/13/2002,OXR,CA,AWP,WE,Federal Contract Tower,0,17,17,4,38,0,22,48,2,72,0,39,65,6,110,26,0,26,136
03/14/2002,OXR,CA,AWP,WE,Federal Contract Tower,0,19,29,2,50,0,20,78,4,102,0,39,107,6,152,12,0,12,164
03/15/2002,OXR,CA,AWP,WE,Federal Contract Tower,0,16,30,0,46,0,14,57,0,71,0,30,87,0,117,60,0,60,177
03/16/2002,OXR,CA,AWP,WE,Federal Contract Tower,0,10,46,0,56,0,12,56,4,72,0,22,102,4,128,48,0,48,176
03/17/2002,OXR,CA,AWP,WE,Federal Contract Tower,0,9,19,0,28,0,7,55,0,62,0,16,74,0,90,169,0,169,259
03/18/2002,OXR,CA,AWP,WE,Federal Contract Tower,0,22,27,0,49,0,27,72,2,101,0,49,99,2,150,84,0,84,234
03/19/2002,OXR,CA,AWP,WE,Federal Contract Tower,0,26,51,0,77,0,43,96,4,143,0,69,147,4,220,82,0,82,302
03/20/2002,OXR,CA,AWP,WE,Federal Contract Tower,0,17,36,0,53,0,45,128,11,184,0,62,164,11,237,96,0,96,333
03/21/2002,OXR,CA,AWP,WE,Federal Contract Tower,0,24,54,0,78,0,24,65,3,92,0,48,119,3,170,102,0,102,272
03/22/2002,OXR,CA,AWP,WE,Federal Contract Tower,0,25,40,0,65,0,35,96,6,137,0,60,136,6,202,74,0,74,276
03/23/2002,OXR,CA,AWP,WE,Federal Contract Tower,0,12,49,0,61,0,17,51,0,68,0,29,100,0,129,56,0,56,185
03/24/2002,OXR,CA,AWP,WE,Federal Contract Tower,0,7,62,0,69,0,29,106,0,135,0,36,168,0,204,132,0,132,336
03/25/2002,OXR,CA,AWP,WE,Federal Contract Tower,0,15,36,0,51,0,12,77,0,89,0,27,113,0,140,112,0,112,252
03/26/2002,OXR,CA,AWP,WE,Federal Contract Tower,0,19,24,0,43,0,33,127,12,172,0,52,151,12,215,88,0,88,303
03/27/2002,OXR,CA,AWP,WE,Federal Contract Tower,0,18,30,0,48,0,29,88,6,123,0,47,118,6,171,24,0,24,195
03/28/2002,OXR,CA,AWP,WE,Federal Contract Tower,0,15,66,6,87,0,27,56,0,83,0,42,122,6,170,54,0,54,224
03/29/2002,OXR,CA,AWP,WE,Federal Contract Tower,0,22,52,2,76,0,36,50,0,86,0,58,102,2,162,57,0,57,219
03/30/2002,OXR,CA,AWP,WE,Federal Contract Tower,0,12,92,0,104,0,3,32,0,35,0,15,124,0,139,54,0,54,193
03/31/2002,OXR,CA,AWP,WE,Federal Contract Tower,0,14,61,0,75,0,5,2,0,7,0,19,63,0,82,0,0,0,82
04/01/2002,OXR,CA,AWP,WE,Federal Contract Tower,0,19,60,0,79,0,14,22,0,36,0,33,82,0,115,0,0,0,115
04/02/2002,OXR,CA,AWP,WE,Federal Contract Tower,0,21,82,4,107,0,10,11,2,23,0,31,93,6,130,0,0,0,130
04/03/2002,OXR,CA,AWP,WE,Federal Contract Tower,0,22,65,0,87,0,28,31,0,59,0,50,96,0,146,25,0,25,171
04/04/2002,OXR,CA,AWP,WE,Federal Contract Tower,0,15,63,0,78,0,22,60,4,86,0,37,123,4,164,83,0,83,247
04/05/2002,OXR,CA,AWP,WE,Federal Contract Tower,0,19,51,0,70,0,26,59,8,93,0,45,110,8,163,137,0,137,300
04/06/2002,OXR,CA,AWP,WE,Federal Contract Tower,0,9,61,0,70,0,17,72,4,93,0,26,133,4,163,148,0,148,311
04/07/2002,OXR,CA,AWP,WE,Federal Contract Tower,0,7,39,0,46,0,25,102,6,133,0,32,141,6,179,110,0,110,289
04/08/2002,OXR,CA,AWP,WE,Federal Contract Tower,0,13,37,0,50,0,28,39,0,67,0,41,76,0,117,40,0,40,157
04/09/2002,OXR,CA,AWP,WE,Federal Contract Tower,0,24,70,0,94,0,7,48,0,55,0,31,118,0,149,8,0,8,157
04/10/2002,OXR,CA,AWP,WE,Federal Contract Tower,0,18,50,0,68,0,19,56,0,75,0,37,106,0,143,8,0,8,151
04/11/2002,OXR,CA,AWP,WE,Federal Contract Tower,0,31,55,2,88,0,0,45,2,47,0,31,100,4,135,8,0,8,143
04/12/2002,OXR,CA,AWP,WE,Federal Contract Tower,0,20,89,0,109,0,6,4,5,15,0,26,93,5,124,0,0,0,124
04/13/2002,OXR,CA,AWP,WE,Federal Contract Tower,0,18,68,0,86,0,29,16,0,45,0,47,84,0,131,6,0,6,137
04/14/2002,OXR,CA,AWP,WE,Federal Contract Tower,0,7,70,1,78,0,4,0,3,7,0,11,70,4,85,0,0,0,85
04/15/2002,OXR,CA,AWP,WE,Federal Contract Tower,0,13,34,0,47,0,22,58,0,80,0,35,92,0,127,74,0,74,201
04/16/2002,OXR,CA,AWP,WE,Federal Contract Tower,0,20,69,0,89,0,29,99,0,128,0,49,168,0,217,120,0,120,337
04/17/2002,OXR,CA,AWP,WE,Federal Contract Tower,0,14,66,0,80,0,38,75,0,113,0,52,141,0,193,18,0,18,211
04/18/2002,OXR,CA,AWP,WE,Federal Contract Tower,0,14,40,0,54,0,24,103,0,127,0,38,143,0,181,144,0,144,325
04/19/2002,OXR,CA,AWP,WE,Federal Contract Tower,0,16,22,0,38,0,34,56,0,90,0,50,78,0,128,94,0,94,222
04/20/2002,OXR,CA,AWP,WE,Federal Contract Tower,0,11,3,0,14,0,10,94,10,114,0,21,97,10,128,120,0,120,248
04/21/2002,OXR,CA,AWP,WE,Federal Contract Tower,0,7,15,0,22,0,9,100,0,109,0,16,115,0,131,136,0,136,267
04/22/2002,OXR,CA,AWP,WE,Federal Contract Tower,0,12,16,0,28,0,17,78,0,95,0,29,94,0,123,118,0,118,241
04/23/2002,OXR,CA,AWP,WE,Federal Contract Tower,0,14,28,1,43,0,27,123,1,151,0,41,151,2,194,38,0,38,232
04/24/2002,OXR,CA,AWP,WE,Federal Contract Tower,0,19,61,0,80,0,14,107,6,127,0,33,168,6,207,74,2,76,283
04/25/2002,OXR,CA,AWP,WE,Federal Contract Tower,0,24,61,0,85,0,31,82,10,123,0,55,143,10,208,64,0,64,272
04/26/2002,OXR,CA,AWP,WE,Federal Contract Tower,0,30,56,0,86,0,34,33,16,83,0,64,89,16,169,4,0,4,173
04/27/2002,OXR,CA,AWP,WE,Federal Contract Tower,0,12,68,0,80,0,15,91,8,114,0,27,159,8,194,202,0,202,396
04/28/2002,OXR,CA,AWP,WE,Federal Contract Tower,0,10,57,0,67,0,16,162,2,180,0,26,219,2,247,130,0,130,377
04/29/2002,OXR,CA,AWP,WE,Federal Contract Tower,0,13,30,0,43,0,21,77,2,100,0,34,107,2,143,110,0,110,253
04/30/2002,OXR,CA,AWP,WE,Federal Contract Tower,0,24,50,0,74,0,37,71,8,116,0,61,121,8,190,24,0,24,214
05/01/2002,OXR,CA,AWP,WE,Federal Contract Tower,0,22,86,0,108,0,16,88,0,104,0,38,174,0,212,62,0,62,274
05/02/2002,OXR,CA,AWP,WE,Federal Contract Tower,0,14,49,0,63,0,29,154,0,183,0,43,203,0,246,86,0,86,332
05/03/2002,OXR,CA,AWP,WE,Federal Contract Tower,0,16,42,0,58,0,45,130,8,183,0,61,172,8,241,134,0,134,375
05/04/2002,OXR,CA,AWP,WE,Federal Contract Tower,0,12,55,0,67,0,17,123,14,154,0,29,178,14,221,50,0,50,271
05/05/2002,OXR,CA,AWP,WE,Federal Contract Tower,0,12,86,0,98,0,18,68,12,98,0,30,154,12,196,20,0,20,216
05/06/2002,OXR,CA,AWP,WE,Federal Contract Tower,0,13,75,0,88,0,9,31,13,53,0,22,106,13,141,2,0,2,143
05/07/2002,OXR,CA,AWP,WE,Federal Contract Tower,0,31,39,0,70,0,40,42,0,82,0,71,81,0,152,54,0,54,206
05/08/2002,OXR,CA,AWP,WE,Federal Contract Tower,0,12,62,0,74,0,27,87,86,200,0,39,149,86,274,94,0,94,368
05/09/2002,OXR,CA,AWP,WE,Federal Contract Tower,0,19,53,0,72,0,31,91,4,126,0,50,144,4,198,98,0,98,296
05/10/2002,OXR,CA,AWP,WE,Federal Contract Tower,0,13,44,0,57,0,33,107,0,140,0,46,151,0,197,64,0,64,261
05/11/2002,OXR,CA,AWP,WE,Federal Contract Tower,0,7,25,0,32,0,17,145,6,168,0,24,170,6,200,176,0,176,376
05/12/2002,OXR,CA,AWP,WE,Federal Contract Tower,0,8,28,0,36,0,13,147,2,162,0,21,175,2,198,112,0,112,310
05/13/2002,OXR,CA,AWP,WE,Federal Contract Tower,0,13,40,0,53,0,25,92,0,117,0,38,132,0,170,74,0,74,244
05/14/2002,OXR,CA,AWP,WE,Federal Contract Tower,0,16,52,0,68,0,30,101,4,135,0,46,153,4,203,204,0,204,407
05/15/2002,OXR,CA,AWP,WE,Federal Contract Tower,0,13,73,0,86,0,45,103,16,164,0,58,176,16,250,48,0,48,298
05/16/2002,OXR,CA,AWP,WE,Federal Contract Tower,0,16,91,0,107,0,44,48,0,92,0,60,139,0,199,32,0,32,231
05/17/2002,OXR,CA,AWP,WE,Federal Contract Tower,0,14,54,0,68,0,29,60,0,89,0,43,114,0,157,116,0,116,273
05/18/2002,OXR,CA,AWP,WE,Federal Contract Tower,0,10,77,0,87,0,16,53,0,69,0,26,130,0,156,70,0,70,226
05/19/2002,OXR,CA,AWP,WE,Federal Contract Tower,0,7,46,0,53,0,27,101,2,130,0,34,147,2,183,44,0,44,227
05/20/2002,OXR,CA,AWP,WE,Federal Contract Tower,0,13,37,0,50,0,28,63,2,93,0,41,100,2,143,50,0,50,193
05/21/2002,OXR,CA,AWP,WE,Federal Contract Tower,0,20,35,0,55,0,41,55,2,98,0,61,90,2,153,92,0,92,245
05/22/2002,OXR,CA,AWP,WE,Federal Contract Tower,0,19,49,7,75,0,25,148,17,190,0,44,197,24,265,204,0,204,469
05/23/2002,OXR,CA,AWP,WE,Federal Contract Tower,0,17,45,0,62,0,35,148,2,185,0,52,193,2,247,90,0,90,337
05/24/2002,OXR,CA,AWP,WE,Federal Contract Tower,0,16,37,0,53,0,32,107,8,147,0,48,144,8,200,20,0,20,220
05/25/2002,OXR,CA,AWP,WE,Federal Contract Tower,0,11,40,0,51,0,34,80,0,114,0,45,120,0,165,98,0,98,263
05/26/2002,OXR,CA,AWP,WE,Federal Contract Tower,0,9,49,0,58,0,22,56,8,86,0,31,105,8,144,88,0,88,232
05/27/2002,OXR,CA,AWP,WE,Federal Contract Tower,0,12,70,0,82,0,11,116,0,127,0,23,186,0,209,72,0,72,281
05/28/2002,OXR,CA,AWP,WE,Federal Contract Tower,0,19,62,0,81,0,39,97,4,140,0,58,159,4,221,196,0,196,417
05/29/2002,OXR,CA,AWP,WE,Federal Contract Tower,0,25,63,0,88,0,15,35,0,50,0,40,98,0,138,14,0,14,152
05/30/2002,OXR,CA,AWP,WE,Federal Contract Tower,0,16,79,1,96,0,5,46,2,53,0,21,125,3,149,32,0,32,181
05/31/2002,OXR,CA,AWP,WE,Federal Contract Tower,0,29,70,0,99,0,25,68,0,93,0,54,138,0,192,54,0,54,246
06/01/2002,OXR,CA,AWP,WE,Federal Contract Tower,0,12,69,0,81,0,9,87,2,98,0,21,156,2,179,104,0,104,283
06/02/2002,OXR,CA,AWP,WE,Federal Contract Tower,0,9,45,0,54,0,11,104,0,115,0,20,149,0,169,176,0,176,345
06/03/2002,OXR,CA,AWP,WE,Federal Contract Tower,0,12,46,0,58,0,20,54,12,86,0,32,100,12,144,66,0,66,210
06/04/2002,OXR,CA,AWP,WE,Federal Contract Tower,0,13,35,0,48,0,23,99,17,139,0,36,134,17,187,74,0,74,261
06/05/2002,OXR,CA,AWP,WE,Federal Contract Tower,0,14,43,3,60,0,22,51,8,81,0,36,94,11,141,50,0,50,191
06/06/2002,OXR,CA,AWP,WE,Federal Contract Tower,0,29,69,13,111,0,1,36,14,51,0,30,105,27,162,0,0,0,162
06/07/2002,OXR,CA,AWP,WE,Federal Contract Tower,0,18,111,4,133,0,11,26,2,39,0,29,137,6,172,34,0,34,206
06/08/2002,OXR,CA,AWP,WE,Federal Contract Tower,0,13,84,2,99,0,26,47,0,73,0,39,131,2,172,82,0,82,254
06/09/2002,OXR,CA,AWP,WE,Federal Contract Tower,0,9,24,0,33,0,25,123,16,164,0,34,147,16,197,200,6,206,403
06/10/2002,OXR,CA,AWP,WE,Federal Contract Tower,0,12,28,0,40,0,27,124,6,157,0,39,152,6,197,123,0,123,320
06/11/2002,OXR,CA,AWP,WE,Federal Contract Tower,0,14,51,0,65,0,41,79,0,120,0,55,130,0,185,92,0,92,277
06/12/2002,OXR,CA,AWP,WE,Federal Contract Tower,0,20,50,0,70,0,12,135,6,153,0,32,185,6,223,52,0,52,275
06/13/2002,OXR,CA,AWP,WE,Federal Contract Tower,0,14,34,2,50,0,31,136,14,181,0,45,170,16,231,162,0,162,393
06/14/2002,OXR,CA,AWP,WE,Federal Contract Tower,0,22,18,0,40,0,40,121,0,161,0,62,139,0,201,72,0,72,273
06/15/2002,OXR,CA,AWP,WE,Federal Contract Tower,0,10,40,0,50,0,26,225,4,255,0,36,265,4,305,268,0,268,573
06/16/2002,OXR,CA,AWP,WE,Federal Contract Tower,0,10,29,0,39,0,7,160,4,171,0,17,189,4,210,186,0,186,396
06/17/2002,OXR,CA,AWP,WE,Federal Contract Tower,0,16,36,0,52,0,46,98,4,148,0,62,134,4,200,136,0,136,336
06/18/2002,OXR,CA,AWP,WE,Federal Contract Tower,0,22,54,0,76,0,32,103,10,145,0,54,157,10,221,92,0,92,313
06/19/2002,OXR,CA,AWP,WE,Federal Contract Tower,0,14,31,0,45,0,23,95,0,118,0,37,126,0,163,60,0,60,223
06/20/2002,OXR,CA,AWP,WE,Federal Contract Tower,0,26,44,0,70,0,30,20,6,56,0,56,64,6,126,24,0,24,150
06/21/2002,OXR,CA,AWP,WE,Federal Contract Tower,0,16,54,0,70,0,31,62,0,93,0,47,116,0,163,132,0,132,295
06/22/2002,OXR,CA,AWP,WE,Federal Contract Tower,0,9,61,0,70,0,25,137,0,162,0,34,198,0,232,168,0,168,400
06/23/2002,OXR,CA,AWP,WE,Federal Contract Tower,0,10,45,0,55,0,15,93,0,108,0,25,138,0,163,62,0,62,225
06/24/2002,OXR,CA,AWP,WE,Federal Contract Tower,0,23,27,0,50,0,17,42,4,63,0,40,69,4,113,58,0,58,171
06/25/2002,OXR,CA,AWP,WE,Federal Contract Tower,0,30,91,2,123,0,15,12,0,27,0,45,103,2,150,0,0,0,150
06/26/2002,OXR,CA,AWP,WE,Federal Contract Tower,0,22,108,0,130,0,14,47,0,61,0,36,155,0,191,28,0,28,219
06/27/2002,OXR,CA,AWP,WE,Federal Contract Tower,0,17,50,0,67,0,31,34,2,67,0,48,84,2,134,40,0,40,174
06/28/2002,OXR,CA,AWP,WE,Federal Contract Tower,0,19,68,0,87,0,17,104,2,123,0,36,172,2,210,58,0,58,268
06/29/2002,OXR,CA,AWP,WE,Federal Contract Tower,0,11,85,0,96,0,16,111,0,127,0,27,196,0,223,60,0,60,283
06/30/2002,OXR,CA,AWP,WE,Federal Contract Tower,0,9,81,0,90,0,14,61,0,75,0,23,142,0,165,18,0,18,183
07/01/2002,OXR,CA,AWP,WE,Federal Contract Tower,0,22,47,0,69,0,17,78,2,97,0,39,125,2,166,78,0,78,244
07/02/2002,OXR,CA,AWP,WE,Federal Contract Tower,0,21,39,0,60,0,20,59,4,83,0,41,98,4,143,96,0,96,239
07/03/2002,OXR,CA,AWP,WE,Federal Contract Tower,0,21,84,0,105,0,12,28,2,42,0,33,112,2,147,16,0,16,163
07/04/2002,OXR,CA,AWP,WE,Federal Contract Tower,0,11,43,0,54,0,13,34,0,47,0,24,77,0,101,42,0,42,143
07/05/2002,OXR,CA,AWP,WE,Federal Contract Tower,0,15,93,0,108,0,28,57,0,85,0,43,150,0,193,40,0,40,233
07/06/2002,OXR,CA,AWP,WE,Federal Contract Tower,0,15,54,0,69,0,13,90,4,107,0,28,144,4,176,56,0,56,232
07/07/2002,OXR,CA,AWP,WE,Federal Contract Tower,0,9,46,0,55,0,22,71,2,95,0,31,117,2,150,70,0,70,220
07/08/2002,OXR,CA,AWP,WE,Federal Contract Tower,0,0,0,0,0,0,27,106,1,134,0,27,106,1,134,126,0,126,260
07/09/2002,OXR,CA,AWP,WE,Federal Contract Tower,0,18,50,0,68,0,12,11,0,23,0,30,61,0,91,10,0,10,101
07/10/2002,OXR,CA,AWP,WE,Federal Contract Tower,0,16,36,0,52,0,31,79,0,110,0,47,115,0,162,84,0,84,246
07/11/2002,OXR,CA,AWP,WE,Federal Contract Tower,0,18,42,0,60,0,27,42,2,71,0,45,84,2,131,52,0,52,183
07/12/2002,OXR,CA,AWP,WE,Federal Contract Tower,0,18,67,0,85,0,23,73,7,103,0,41,140,7,188,28,0,28,216
07/13/2002,OXR,CA,AWP,WE,Federal Contract Tower,0,9,57,0,66,0,22,54,0,76,0,31,111,0,142,20,0,20,162
07/14/2002,OXR,CA,AWP,WE,Federal Contract Tower,0,12,31,0,43,0,27,92,0,119,0,39,123,0,162,60,0,60,222
07/15/2002,OXR,CA,AWP,WE,Federal Contract Tower,0,19,29,0,48,0,26,48,4,78,0,45,77,4,126,24,0,24,150
07/16/2002,OXR,CA,AWP,WE,Federal Contract Tower,0,15,53,0,68,0,39,99,0,138,0,54,152,0,206,122,0,122,328
07/17/2002,OXR,CA,AWP,WE,Federal Contract Tower,0,16,77,0,93,0,44,57,0,101,0,60,134,0,194,76,0,76,270
07/18/2002,OXR,CA,AWP,WE,Federal Contract Tower,0,24,54,0,78,0,34,65,4,103,0,58,119,4,181,106,0,106,287
07/19/2002,OXR,CA,AWP,WE,Federal Contract Tower,0,20,45,0,65,0,30,52,0,82,0,50,97,0,147,26,0,26,173
07/20/2002,OXR,CA,AWP,WE,Federal Contract Tower,0,14,95,0,109,0,27,40,0,67,0,41,135,0,176,78,0,78,254
07/21/2002,OXR,CA,AWP,WE,Federal Contract Tower,0,11,52,0,63,0,17,111,2,130,0,28,163,2,193,120,0,120,313
07/22/2002,OXR,CA,AWP,WE,Federal Contract Tower,0,14,46,0,60,0,36,51,4,91,0,50,97,4,151,60,0,60,211
07/23/2002,OXR,CA,AWP,WE,Federal Contract Tower,0,16,62,0,78,0,44,110,12,166,0,60,172,12,244,176,0,176,420
07/24/2002,OXR,CA,AWP,WE,Federal Contract Tower,0,15,45,0,60,0,63,115,2,180,0,78,160,2,240,232,0,232,472
07/25/2002,OXR,CA,AWP,WE,Federal Contract Tower,0,17,59,0,76,0,30,107,0,137,0,47,166,0,213,136,0,136,349
07/26/2002,OXR,CA,AWP,WE,Federal Contract Tower,0,17,54,0,71,0,37,142,8,187,0,54,196,8,258,134,0,134,392
07/27/2002,OXR,CA,AWP,WE,Federal Contract Tower,0,12,70,0,82,0,13,79,0,92,0,25,149,0,174,80,0,80,254
07/28/2002,OXR,CA,AWP,WE,Federal Contract Tower,0,8,33,0,41,0,28,104,4,136,0,36,137,4,177,80,0,80,257
07/29/2002,OXR,CA,AWP,WE,Federal Contract Tower,0,18,36,0,54,0,20,115,0,135,0,38,151,0,189,96,0,96,285
07/30/2002,OXR,CA,AWP,WE,Federal Contract Tower,0,24,59,3,86,0,35,88,7,130,0,59,147,10,216,32,0,32,248
07/31/2002,OXR,CA,AWP,WE,Federal Contract Tower,0,25,67,0,92,0,10,47,0,57,0,35,114,0,149,32,0,32,181
08/01/2002,OXR,CA,AWP,WE,Federal Contract Tower,0,19,58,0,77,0,24,37,2,63,0,43,95,2,140,18,0,18,158
08/02/2002,OXR,CA,AWP,WE,Federal Contract Tower,0,27,56,6,89,0,0,30,11,41,0,27,86,17,130,10,0,10,140
08/03/2002,OXR,CA,AWP,WE,Federal Contract Tower,0,11,73,0,84,0,28,50,0,78,0,39,123,0,162,48,0,48,210
08/04/2002,OXR,CA,AWP,WE,Federal Contract Tower,0,10,40,0,50,0,16,70,4,90,0,26,110,4,140,68,0,68,208
08/05/2002,OXR,CA,AWP,WE,Federal Contract Tower,0,14,24,0,38,0,19,76,6,101,0,33,100,6,139,58,0,58,197
08/06/2002,OXR,CA,AWP,WE,Federal Contract Tower,0,16,55,0,71,0,37,99,14,150,0,53,154,14,221,223,0,223,444
08/07/2002,OXR,CA,AWP,WE,Federal Contract Tower,0,13,27,0,40,0,18,98,4,120,0,31,125,4,160,118,0,118,278
08/08/2002,OXR,CA,AWP,WE,Federal Contract Tower,0,17,55,0,72,0,31,131,4,166,0,48,186,4,238,119,0,119,357
08/09/2002,OXR,CA,AWP,WE,Federal Contract Tower,0,26,58,2,86,0,11,27,0,38,0,37,85,2,124,2,0,2,126
08/10/2002,OXR,CA,AWP,WE,Federal Contract Tower,0,7,37,0,44,0,37,31,0,68,0,44,68,0,112,0,0,0,112
08/11/2002,OXR,CA,AWP,WE,Federal Contract Tower,0,11,31,0,42,0,9,126,0,135,0,20,157,0,177,166,0,166,343
08/12/2002,OXR,CA,AWP,WE,Federal Contract Tower,0,18,41,2,61,0,43,96,2,141,0,61,137,4,202,124,0,124,326
08/13/2002,OXR,CA,AWP,WE,Federal Contract Tower,0,17,42,0,59,0,20,28,0,48,0,37,70,0,107,2,0,2,109
08/14/2002,OXR,CA,AWP,WE,Federal Contract Tower,0,27,65,0,92,0,9,13,0,22,0,36,78,0,114,0,0,0,114
08/15/2002,OXR,CA,AWP,WE,Federal Contract Tower,0,20,63,0,83,0,14,25,2,41,0,34,88,2,124,6,0,6,130
08/16/2002,OXR,CA,AWP,WE,Federal Contract Tower,0,26,52,0,78,0,0,49,0,49,0,26,101,0,127,78,0,78,205
08/17/2002,OXR,CA,AWP,WE,Federal Contract Tower,0,13,65,0,78,0,14,27,0,41,0,27,92,0,119,32,0,32,151
08/18/2002,OXR,CA,AWP,WE,Federal Contract Tower,0,19,71,0,90,0,25,36,0,61,0,44,107,0,151,32,0,32,183
08/19/2002,OXR,CA,AWP,WE,Federal Contract Tower,0,23,46,0,69,0,3,24,0,27,0,26,70,0,96,0,0,0,96
08/20/2002,OXR,CA,AWP,WE,Federal Contract Tower,0,19,76,0,95,0,19,7,0,26,0,38,83,0,121,58,0,58,179
08/21/2002,OXR,CA,AWP,WE,Federal Contract Tower,0,24,64,0,88,0,24,51,2,77,0,48,115,2,165,58,0,58,223
08/22/2002,OXR,CA,AWP,WE,Federal Contract Tower,0,25,54,0,79,0,34,107,2,143,0,59,161,2,222,160,0,160,382
08/23/2002,OXR,CA,AWP,WE,Federal Contract Tower,0,19,24,0,43,0,28,136,4,168,0,47,160,4,211,242,0,242,453
08/24/2002,OXR,CA,AWP,WE,Federal Contract Tower,0,10,57,0,67,0,17,186,4,207,0,27,243,4,274,260,0,260,534
08/25/2002,OXR,CA,AWP,WE,Federal Contract Tower,0,10,26,0,36,0,8,169,0,177,0,18,195,0,213,96,0,96,309
08/26/2002,OXR,CA,AWP,WE,Federal Contract Tower,0,12,26,0,38,0,32,102,4,138,0,44,128,4,176,136,0,136,312
08/27/2002,OXR,CA,AWP,WE,Federal Contract Tower,0,24,55,3,82,0,11,78,1,90,0,35,133,4,172,156,0,156,328
08/28/2002,OXR,CA,AWP,WE,Federal Contract Tower,0,14,38,0,52,0,24,92,6,122,0,38,130,6,174,116,0,116,290
08/29/2002,OXR,CA,AWP,WE,Federal Contract Tower,0,20,36,0,56,0,22,89,6,117,0,42,125,6,173,64,0,64,237
08/30/2002,OXR,CA,AWP,WE,Federal Contract Tower,0,24,69,0,93,0,24,72,8,104,0,48,141,8,197,106,0,106,303
08/31/2002,OXR,CA,AWP,WE,Federal Contract Tower,0,10,33,0,43,0,8,150,0,158,0,18,183,0,201,156,0,156,357
09/01/2002,OXR,CA,AWP,WE,Federal Contract Tower,0,8,32,0,40,0,29,147,2,178,0,37,179,2,218,208,0,208,426
09/02/2002,OXR,CA,AWP,WE,Federal Contract Tower,0,12,20,0,32,0,15,142,2,159,0,27,162,2,191,170,0,170,361
09/03/2002,OXR,CA,AWP,WE,Federal Contract Tower,0,18,42,0,60,0,31,77,0,108,0,49,119,0,168,122,0,122,290
09/04/2002,OXR,CA,AWP,WE,Federal Contract Tower,0,17,39,0,56,0,38,86,0,124,0,55,125,0,180,108,0,108,288
09/05/2002,OXR,CA,AWP,WE,Federal Contract Tower,0,16,25,0,41,0,23,74,4,101,0,39,99,4,142,84,0,84,226
09/06/2002,OXR,CA,AWP,WE,Federal Contract Tower,0,13,45,0,58,0,23,124,3,150,0,36,169,3,208,124,0,124,332
09/07/2002,OXR,CA,AWP,WE,Federal Contract Tower,0,10,37,0,47,0,20,145,10,175,0,30,182,10,222,158,0,158,380
09/08/2002,OXR,CA,AWP,WE,Federal Contract Tower,0,8,33,0,41,0,28,170,2,200,0,36,203,2,241,306,0,306,547
09/09/2002,OXR,CA,AWP,WE,Federal Contract Tower,0,12,30,0,42,0,15,122,10,147,0,27,152,10,189,152,0,152,341
09/10/2002,OXR,CA,AWP,WE,Federal Contract Tower,0,21,34,0,55,0,23,113,4,140,0,44,147,4,195,136,0,136,331
09/11/2002,OXR,CA,AWP,WE,Federal Contract Tower,0,18,26,0,44,0,7,64,6,77,0,25,90,6,121,76,0,76,197
09/12/2002,OXR,CA,AWP,WE,Federal Contract Tower,0,21,60,0,81,0,7,17,0,24,0,28,77,0,105,10,0,10,115
09/13/2002,OXR,CA,AWP,WE,Federal Contract Tower,0,29,63,0,92,0,9,78,0,87,0,38,141,0,179,64,0,64,243
09/14/2002,OXR,CA,AWP,WE,Federal Contract Tower,0,10,50,0,60,0,21,16,0,37,0,31,66,0,97,0,0,0,97
09/15/2002,OXR,CA,AWP,WE,Federal Contract Tower,0,11,35,1,47,0,13,60,2,75,0,24,95,3,122,54,0,54,176
09/16/2002,OXR,CA,AWP,WE,Federal Contract Tower,0,17,33,0,50,0,9,100,8,117,0,26,133,8,167,46,0,46,213
09/17/2002,OXR,CA,AWP,WE,Federal Contract Tower,0,15,48,0,63,0,23,96,10,129,0,38,144,10,192,60,0,60,252
09/18/2002,OXR,CA,AWP,WE,Federal Contract Tower,0,19,58,0,77,0,17,64,6,87,0,36,122,6,164,60,0,60,224
09/19/2002,OXR,CA,AWP,WE,Federal Contract Tower,0,38,57,2,97,0,6,8,2,16,0,44,65,4,113,0,0,0,113
09/20/2002,OXR,CA,AWP,WE,Federal Contract Tower,0,50,82,0,132,0,6,33,0,39,0,56,115,0,171,0,0,0,171
09/21/2002,OXR,CA,AWP,WE,Federal Contract Tower,0,7,96,0,103,0,11,27,4,42,0,18,123,4,145,2,0,2,147
09/22/2002,OXR,CA,AWP,WE,Federal Contract Tower,0,9,59,0,68,0,18,162,6,186,0,27,221,6,254,268,0,268,522
09/23/2002,OXR,CA,AWP,WE,Federal Contract Tower,0,19,37,0,56,0,27,84,12,123,0,46,121,12,179,78,0,78,257
09/24/2002,OXR,CA,AWP,WE,Federal Contract Tower,0,14,22,0,36,0,22,45,0,67,0,36,67,0,103,32,0,32,135
09/25/2002,OXR,CA,AWP,WE,Federal Contract Tower,0,19,75,2,96,0,0,19,2,21,0,19,94,4,117,0,0,0,117
09/26/2002,OXR,CA,AWP,WE,Federal Contract Tower,0,25,61,1,87,0,18,27,3,48,0,43,88,4,135,0,0,0,135
09/27/2002,OXR,CA,AWP,WE,Federal Contract Tower,0,28,63,0,91,0,31,67,0,98,0,59,130,0,189,78,0,78,267
09/28/2002,OXR,CA,AWP,WE,Federal Contract Tower,0,14,70,0,84,0,44,44,2,90,0,58,114,2,174,92,0,92,266
09/29/2002,OXR,CA,AWP,WE,Federal Contract Tower,0,8,50,0,58,0,16,145,2,163,0,24,195,2,221,162,0,162,383
09/30/2002,OXR,CA,AWP,WE,Federal Contract Tower,0,14,38,0,52,0,40,70,24,134,0,54,108,24,186,58,0,58,244
10/01/2002,OXR,CA,AWP,WE,Federal Contract Tower,0,17,54,0,71,0,15,51,4,70,0,32,105,4,141,30,0,30,171
10/02/2002,OXR,CA,AWP,WE,Federal Contract Tower,0,15,50,0,65,0,23,87,22,132,0,38,137,22,197,96,0,96,293
10/03/2002,OXR,CA,AWP,WE,Federal Contract Tower,0,24,43,0,67,0,36,114,2,152,0,60,157,2,219,88,0,88,307
10/04/2002,OXR,CA,AWP,WE,Federal Contract Tower,0,16,41,0,57,0,23,94,4,121,0,39,135,4,178,30,0,30,208
10/05/2002,OXR,CA,AWP,WE,Federal Contract Tower,0,11,26,0,37,0,15,180,4,199,0,26,206,4,236,140,0,140,376
10/06/2002,OXR,CA,AWP,WE,Federal Contract Tower,0,9,27,0,36,0,18,113,0,131,0,27,140,0,167,80,0,80,247
10/07/2002,OXR,CA,AWP,WE,Federal Contract Tower,0,12,44,0,56,0,23,87,7,117,0,35,131,7,173,100,0,100,273
10/08/2002,OXR,CA,AWP,WE,Federal Contract Tower,0,15,49,2,66,0,25,40,2,67,0,40,89,4,133,2,0,2,135
10/09/2002,OXR,CA,AWP,WE,Federal Contract Tower,0,23,69,0,92,0,10,23,4,37,0,33,92,4,129,0,0,0,129
10/10/2002,OXR,CA,AWP,WE,Federal Contract Tower,0,17,66,0,83,0,20,68,6,94,0,37,134,6,177,34,0,34,211
10/11/2002,OXR,CA,AWP,WE,Federal Contract Tower,0,19,49,0,68,0,14,45,3,62,0,33,94,3,130,8,0,8,138
10/12/2002,OXR,CA,AWP,WE,Federal Contract Tower,0,11,44,0,55,0,18,112,2,132,0,29,156,2,187,110,0,110,297
10/13/2002,OXR,CA,AWP,WE,Federal Contract Tower,0,18,72,26,116,0,4,7,0,11,0,22,79,26,127,2,0,2,129
10/14/2002,OXR,CA,AWP,WE,Federal Contract Tower,0,28,53,0,81,0,3,4,0,7,0,31,57,0,88,18,0,18,106
10/15/2002,OXR,CA,AWP,WE,Federal Contract Tower,0,19,77,0,96,0,18,17,0,35,0,37,94,0,131,12,0,12,143
10/16/2002,OXR,CA,AWP,WE,Federal Contract Tower,0,17,78,0,95,0,24,38,6,68,0,41,116,6,163,68,0,68,231
10/17/2002,OXR,CA,AWP,WE,Federal Contract Tower,0,18,41,0,59,0,9,99,3,111,0,27,140,3,170,94,0,94,264
10/18/2002,OXR,CA,AWP,WE,Federal Contract Tower,0,17,48,0,65,0,39,83,8,130,0,56,131,8,195,48,0,48,243
10/19/2002,OXR,CA,AWP,WE,Federal Contract Tower,0,8,38,0,46,0,13,127,0,140,0,21,165,0,186,100,0,100,286
10/20/2002,OXR,CA,AWP,WE,Federal Contract Tower,0,21,104,0,125,0,20,9,0,29,0,41,113,0,154,0,0,0,154
10/21/2002,OXR,CA,AWP,WE,Federal Contract Tower,0,15,54,0,69,0,11,19,0,30,0,26,73,0,99,6,0,6,105
10/22/2002,OXR,CA,AWP,WE,Federal Contract Tower,0,20,44,0,64,0,24,34,10,68,0,44,78,10,132,52,0,52,184
10/23/2002,OXR,CA,AWP,WE,Federal Contract Tower,0,18,63,0,81,0,28,48,0,76,0,46,111,0,157,44,0,44,201
10/24/2002,OXR,CA,AWP,WE,Federal Contract Tower,0,21,63,0,84,0,22,48,4,74,0,43,111,4,158,30,0,30,188
10/25/2002,OXR,CA,AWP,WE,Federal Contract Tower,0,16,56,0,72,0,28,38,4,70,0,44,94,4,142,40,0,40,182
10/26/2002,OXR,CA,AWP,WE,Federal Contract Tower,0,11,30,0,41,0,20,50,0,70,0,31,80,0,111,100,0,100,211
10/27/2002,OXR,CA,AWP,WE,Federal Contract Tower,0,10,39,0,49,0,27,67,4,98,0,37,106,4,147,94,0,94,241
10/28/2002,OXR,CA,AWP,WE,Federal Contract Tower,0,15,42,0,57,0,19,55,0,74,0,34,97,0,131,18,0,18,149
10/29/2002,OXR,CA,AWP,WE,Federal Contract Tower,0,25,42,0,67,0,19,51,4,74,0,44,93,4,141,92,0,92,233
10/30/2002,OXR,CA,AWP,WE,Federal Contract Tower,0,20,25,0,45,0,21,64,0,85,0,41,89,0,130,66,0,66,196
10/31/2002,OXR,CA,AWP,WE,Federal Contract Tower,0,16,64,0,80,0,8,42,0,50,0,24,106,0,130,56,0,56,186
11/01/2002,OXR,CA,AWP,WE,Federal Contract Tower,0,15,19,0,34,0,19,44,6,69,0,34,63,6,103,24,0,24,127
11/02/2002,OXR,CA,AWP,WE,Federal Contract Tower,0,14,24,0,38,0,15,99,0,114,0,29,123,0,152,122,0,122,274
11/03/2002,OXR,CA,AWP,WE,Federal Contract Tower,0,8,50,0,58,0,20,98,2,120,0,28,148,2,178,78,0,78,256
11/04/2002,OXR,CA,AWP,WE,Federal Contract Tower,0,15,18,0,33,0,27,88,0,115,0,42,106,0,148,58,0,58,206
11/05/2002,OXR,CA,AWP,WE,Federal Contract Tower,0,19,9,0,28,0,38,43,0,81,0,57,52,0,109,92,0,92,201
11/06/2002,OXR,CA,AWP,WE,Federal Contract Tower,0,13,15,0,28,0,29,83,2,114,0,42,98,2,142,32,0,32,174
11/07/2002,OXR,CA,AWP,WE,Federal Contract Tower,0,18,45,0,63,0,29,33,0,62,0,47,78,0,125,34,0,34,159
11/08/2002,OXR,CA,AWP,WE,Federal Contract Tower,0,14,26,0,40,0,1,10,2,13,0,15,36,2,53,0,0,0,53
11/09/2002,OXR,CA,AWP,WE,Federal Contract Tower,0,8,19,0,27,0,5,3,0,8,0,13,22,0,35,0,0,0,35
11/10/2002,OXR,CA,AWP,WE,Federal Contract Tower,0,8,23,0,31,0,17,124,4,145,0,25,147,4,176,100,0,100,276
11/11/2002,OXR,CA,AWP,WE,Federal Contract Tower,0,12,27,0,39,0,16,113,0,129,0,28,140,0,168,112,0,112,280
11/12/2002,OXR,CA,AWP,WE,Federal Contract Tower,0,16,29,0,45,0,28,94,4,126,0,44,123,4,171,48,0,48,219
11/13/2002,OXR,CA,AWP,WE,Federal Contract Tower,0,18,33,0,51,0,33,77,2,112,0,51,110,2,163,56,0,56,219
11/14/2002,OXR,CA,AWP,WE,Federal Contract Tower,0,13,50,0,63,0,44,106,0,150,0,57,156,0,213,158,0,158,371
11/15/2002,OXR,CA,AWP,WE,Federal Contract Tower,0,24,30,0,54,0,29,102,8,139,0,53,132,8,193,32,0,32,225
11/16/2002,OXR,CA,AWP,WE,Federal Contract Tower,0,10,21,0,31,0,31,147,2,180,0,41,168,2,211,140,0,140,351
11/17/2002,OXR,CA,AWP,WE,Federal Contract Tower,0,8,40,0,48,0,18,180,6,204,0,26,220,6,252,180,0,180,432
11/18/2002,OXR,CA,AWP,WE,Federal Contract Tower,0,14,25,0,39,0,32,96,2,130,0,46,121,2,169,130,0,130,299
11/19/2002,OXR,CA,AWP,WE,Federal Contract Tower,0,21,18,0,39,0,28,100,8,136,0,49,118,8,175,72,0,72,247
11/20/2002,OXR,CA,AWP,WE,Federal Contract Tower,0,14,12,0,26,0,18,81,4,103,0,32,93,4,129,44,0,44,173
11/21/2002,OXR,CA,AWP,WE,Federal Contract Tower,0,15,28,0,43,0,28,146,8,182,0,43,174,8,225,70,0,70,295
11/22/2002,OXR,CA,AWP,WE,Federal Contract Tower,0,18,40,2,60,0,34,75,4,113,0,52,115,6,173,148,0,148,321
11/23/2002,OXR,CA,AWP,WE,Federal Contract Tower,0,10,18,0,28,0,17,91,3,111,0,27,109,3,139,68,0,68,207
11/24/2002,OXR,CA,AWP,WE,Federal Contract Tower,0,10,39,0,49,0,15,120,0,135,0,25,159,0,184,272,0,272,456
11/25/2002,OXR,CA,AWP,WE,Federal Contract Tower,0,16,4,0,20,0,15,40,4,59,0,31,44,4,79,16,0,16,95
11/26/2002,OXR,CA,AWP,WE,Federal Contract Tower,0,16,9,0,25,0,19,56,6,81,0,35,65,6,106,20,0,20,126
11/27/2002,OXR,CA,AWP,WE,Federal Contract Tower,0,16,10,0,26,0,20,62,0,82,0,36,72,0,108,4,0,4,112
11/28/2002,OXR,CA,AWP,WE,Federal Contract Tower,0,8,9,0,17,0,10,30,0,40,0,18,39,0,57,2,0,2,59
11/29/2002,OXR,CA,AWP,WE,Federal Contract Tower,0,18,34,0,52,0,14,101,0,115,0,32,135,0,167,58,0,58,225
11/30/2002,OXR,CA,AWP,WE,Federal Contract Tower,0,11,32,0,43,0,7,82,0,89,0,18,114,0,132,82,0,82,214
12/01/2002,OXR,CA,AWP,WE,Federal Contract Tower,0,8,44,1,53,0,30,120,3,153,0,38,164,4,206,258,8,266,472
12/02/2002,OXR,CA,AWP,WE,Federal Contract Tower,0,13,23,0,36,0,21,117,0,138,0,34,140,0,174,70,0,70,244
12/03/2002,OXR,CA,AWP,WE,Federal Contract Tower,0,17,42,0,59,0,27,75,0,102,0,44,117,0,161,154,0,154,315
12/04/2002,OXR,CA,AWP,WE,Federal Contract Tower,0,17,44,0,61,0,17,98,0,115,0,34,142,0,176,84,0,84,260
12/05/2002,OXR,CA,AWP,WE,Federal Contract Tower,0,16,62,4,82,0,26,100,4,130,0,42,162,8,212,104,0,104,316
12/06/2002,OXR,CA,AWP,WE,Federal Contract Tower,0,14,43,0,57,0,31,48,0,79,0,45,91,0,136,76,0,76,212
12/07/2002,OXR,CA,AWP,WE,Federal Contract Tower,0,12,41,1,54,0,7,67,3,77,0,19,108,4,131,66,0,66,197
12/08/2002,OXR,CA,AWP,WE,Federal Contract Tower,0,7,44,0,51,0,14,113,0,127,0,21,157,0,178,128,0,128,306
12/09/2002,OXR,CA,AWP,WE,Federal Contract Tower,0,16,46,0,62,0,13,59,2,74,0,29,105,2,136,64,0,64,200
12/10/2002,OXR,CA,AWP,WE,Federal Contract Tower,0,18,54,0,72,0,36,58,4,98,0,54,112,4,170,86,0,86,256
12/11/2002,OXR,CA,AWP,WE,Federal Contract Tower,0,19,72,0,91,0,27,84,0,111,0,46,156,0,202,88,0,88,290
12/12/2002,OXR,CA,AWP,WE,Federal Contract Tower,0,16,45,0,61,0,49,118,2,169,0,65,163,2,230,72,0,72,302
12/13/2002,OXR,CA,AWP,WE,Federal Contract Tower,0,19,47,0,66,0,32,92,2,126,0,51,139,2,192,56,0,56,248
12/14/2002,OXR,CA,AWP,WE,Federal Contract Tower,0,11,40,0,51,0,15,137,0,152,0,26,177,0,203,190,0,190,393
12/15/2002,OXR,CA,AWP,WE,Federal Contract Tower,0,8,35,0,43,0,10,55,6,71,0,18,90,6,114,34,0,34,148
12/16/2002,OXR,CA,AWP,WE,Federal Contract Tower,0,14,20,0,34,0,6,5,0,11,0,20,25,0,45,0,0,0,45
12/17/2002,OXR,CA,AWP,WE,Federal Contract Tower,0,24,26,0,50,0,42,37,2,81,0,66,63,2,131,40,0,40,171
12/18/2002,OXR,CA,AWP,WE,Federal Contract Tower,0,21,60,3,84,0,61,93,3,157,0,82,153,6,241,124,0,124,365
12/19/2002,OXR,CA,AWP,WE,Federal Contract Tower,0,15,39,0,54,0,17,50,8,75,0,32,89,8,129,62,0,62,191
12/20/2002,OXR,CA,AWP,WE,Federal Contract Tower,0,18,50,0,68,0,15,59,0,74,0,33,109,0,142,72,0,72,214
12/21/2002,OXR,CA,AWP,WE,Federal Contract Tower,0,10,39,0,49,0,15,38,0,53,0,25,77,0,102,8,0,8,110
12/22/2002,OXR,CA,AWP,WE,Federal Contract Tower,0,9,18,0,27,0,12,108,2,122,0,21,126,2,149,74,0,74,223
12/23/2002,OXR,CA,AWP,WE,Federal Contract Tower,0,17,18,0,35,0,16,114,0,130,0,33,132,0,165,76,0,76,241
12/24/2002,OXR,CA,AWP,WE,Federal Contract Tower,0,13,31,0,44,0,17,61,0,78,0,30,92,0,122,32,0,32,154
12/25/2002,OXR,CA,AWP,WE,Federal Contract Tower,0,7,7,0,14,0,2,36,0,38,0,9,43,0,52,10,0,10,62
12/26/2002,OXR,CA,AWP,WE,Federal Contract Tower,0,8,31,0,39,0,26,86,0,112,0,34,117,0,151,26,0,26,177
12/27/2002,OXR,CA,AWP,WE,Federal Contract Tower,0,19,41,0,60,0,10,111,0,121,0,29,152,0,181,58,0,58,239
12/28/2002,OXR,CA,AWP,WE,Federal Contract Tower,0,12,34,0,46,0,8,86,0,94,0,20,120,0,140,62,0,62,202
12/29/2002,OXR,CA,AWP,WE,Federal Contract Tower,0,3,30,0,33,0,12,78,0,90,0,15,108,0,123,40,0,40,163
12/30/2002,OXR,CA,AWP,WE,Federal Contract Tower,0,14,30,0,44,0,13,103,6,122,0,27,133,6,166,214,0,214,380
12/31/2002,OXR,CA,AWP,WE,Federal Contract Tower,0,12,34,0,46,0,13,36,0,49,0,25,70,0,95,20,0,20,115
01/01/2003,OXR,CA,AWP,WE,Federal Contract Tower,0,5,23,0,28,0,10,94,0,104,0,15,117,0,132,84,0,84,216
01/02/2003,OXR,CA,AWP,WE,Federal Contract Tower,0,15,27,0,42,0,16,83,0,99,0,31,110,0,141,52,0,52,193
01/03/2003,OXR,CA,AWP,WE,Federal Contract Tower,0,15,32,0,47,0,7,98,0,105,0,22,130,0,152,88,0,88,240
01/04/2003,OXR,CA,AWP,WE,Federal Contract Tower,0,8,41,0,49,0,6,169,0,175,0,14,210,0,224,198,0,198,422
01/05/2003,OXR,CA,AWP,WE,Federal Contract Tower,0,5,23,0,28,0,19,113,0,132,0,24,136,0,160,182,0,182,342
01/06/2003,OXR,CA,AWP,WE,Federal Contract Tower,0,10,7,0,17,0,7,28,0,35,0,17,35,0,52,0,0,0,52
01/07/2003,OXR,CA,AWP,WE,Federal Contract Tower,0,15,6,0,21,0,5,33,0,38,0,20,39,0,59,2,0,2,61
01/08/2003,OXR,CA,AWP,WE,Federal Contract Tower,0,0,0,0,0,0,32,128,4,164,0,32,128,4,164,40,0,40,204
01/09/2003,OXR,CA,AWP,WE,Federal Contract Tower,0,15,50,0,65,0,13,92,0,105,0,28,142,0,170,148,0,148,318
01/10/2003,OXR,CA,AWP,WE,Federal Contract Tower,0,15,47,0,62,0,14,82,0,96,0,29,129,0,158,42,0,42,200
01/11/2003,OXR,CA,AWP,WE,Federal Contract Tower,0,13,57,0,70,0,11,99,0,110,0,24,156,0,180,66,0,66,246
01/12/2003,OXR,CA,AWP,WE,Federal Contract Tower,0,8,57,0,65,0,2,81,0,83,0,10,138,0,148,196,0,196,344
01/13/2003,OXR,CA,AWP,WE,Federal Contract Tower,0,13,38,0,51,0,21,65,0,86,0,34,103,0,137,226,0,226,363
01/14/2003,OXR,CA,AWP,WE,Federal Contract Tower,0,10,45,0,55,0,24,97,4,125,0,34,142,4,180,280,0,280,460
01/15/2003,OXR,CA,AWP,WE,Federal Contract Tower,0,15,39,0,54,0,14,74,2,90,0,29,113,2,144,194,0,194,338
01/16/2003,OXR,CA,AWP,WE,Federal Contract Tower,0,14,43,0,57,0,13,93,2,108,0,27,136,2,165,244,0,244,409
01/17/2003,OXR,CA,AWP,WE,Federal Contract Tower,0,13,28,0,41,0,17,91,2,110,0,30,119,2,151,94,0,94,245
01/18/2003,OXR,CA,AWP,WE,Federal Contract Tower,0,9,39,0,48,0,21,178,2,201,0,30,217,2,249,190,0,190,439
01/19/2003,OXR,CA,AWP,WE,Federal Contract Tower,0,8,47,0,55,0,6,92,0,98,0,14,139,0,153,64,0,64,217
01/20/2003,OXR,CA,AWP,WE,Federal Contract Tower,0,14,48,0,62,0,12,90,6,108,0,26,138,6,170,120,0,120,290
01/21/2003,OXR,CA,AWP,WE,Federal Contract Tower,0,16,67,0,83,0,12,44,0,56,0,28,111,0,139,46,0,46,185
01/22/2003,OXR,CA,AWP,WE,Federal Contract Tower,0,18,57,0,75,0,24,38,0,62,0,42,95,0,137,20,0,20,157
01/23/2003,OXR,CA,AWP,WE,Federal Contract Tower,0,15,38,0,53,0,25,88,4,117,0,40,126,4,170,90,0,90,260
01/24/2003,OXR,CA,AWP,WE,Federal Contract Tower,0,14,47,0,61,0,17,107,0,124,0,31,154,0,185,104,0,104,289
01/25/2003,OXR,CA,AWP,WE,Federal Contract Tower,0,10,23,0,33,0,7,134,0,141,0,17,157,0,174,168,0,168,342
01/26/2003,OXR,CA,AWP,WE,Federal Contract Tower,0,9,24,0,33,0,14,114,2,130,0,23,138,2,163,122,0,122,285
01/27/2003,OXR,CA,AWP,WE,Federal Contract Tower,0,15,44,5,64,0,8,63,7,78,0,23,107,12,142,70,0,70,212
01/28/2003,OXR,CA,AWP,WE,Federal Contract Tower,0,20,62,0,82,0,30,82,4,116,0,50,144,4,198,130,0,130,328
01/29/2003,OXR,CA,AWP,WE,Federal Contract Tower,0,13,50,4,67,0,11,67,2,80,0,24,117,6,147,14,0,14,161
01/30/2003,OXR,CA,AWP,WE,Federal Contract Tower,0,17,58,0,75,0,26,87,2,115,0,43,145,2,190,74,0,74,264
01/31/2003,OXR,CA,AWP,WE,Federal Contract Tower,0,12,24,0,36,0,16,65,5,86,0,28,89,5,122,96,0,96,218
02/01/2003,OXR,CA,AWP,WE,Federal Contract Tower,0,10,34,0,44,0,15,81,0,96,0,25,115,0,140,84,0,84,224
02/02/2003,OXR,CA,AWP,WE,Federal Contract Tower,0,10,30,0,40,0,18,124,0,142,0,28,154,0,182,216,0,216,398
02/03/2003,OXR,CA,AWP,WE,Federal Contract Tower,0,12,16,0,28,0,16,54,2,72,0,28,70,2,100,44,0,44,144
02/04/2003,OXR,CA,AWP,WE,Federal Contract Tower,0,13,35,0,48,0,28,129,2,159,0,41,164,2,207,76,0,76,283
02/05/2003,OXR,CA,AWP,WE,Federal Contract Tower,0,17,11,0,28,0,14,65,8,87,0,31,76,8,115,0,0,0,115
02/06/2003,OXR,CA,AWP,WE,Federal Contract Tower,0,14,41,0,55,0,18,138,0,156,0,32,179,0,211,148,0,148,359
02/07/2003,OXR,CA,AWP,WE,Federal Contract Tower,0,15,40,0,55,0,23,40,2,65,0,38,80,2,120,32,0,32,152
02/08/2003,OXR,CA,AWP,WE,Federal Contract Tower,0,10,46,0,56,0,23,126,0,149,0,33,172,0,205,178,0,178,383
02/09/2003,OXR,CA,AWP,WE,Federal Contract Tower,0,8,42,0,50,0,12,138,6,156,0,20,180,6,206,204,0,204,410
02/10/2003,OXR,CA,AWP,WE,Federal Contract Tower,0,12,54,0,66,0,14,84,2,100,0,26,138,2,166,14,0,14,180
02/11/2003,OXR,CA,AWP,WE,Federal Contract Tower,0,13,22,0,35,0,10,21,4,35,0,23,43,4,70,0,0,0,70
02/12/2003,OXR,CA,AWP,WE,Federal Contract Tower,0,17,30,0,47,0,1,17,0,18,0,18,47,0,65,0,0,0,65
02/13/2003,OXR,CA,AWP,WE,Federal Contract Tower,0,16,58,0,74,0,10,32,14,56,0,26,90,14,130,0,0,0,130
02/14/2003,OXR,CA,AWP,WE,Federal Contract Tower,0,21,50,0,71,0,34,96,8,138,0,55,146,8,209,70,0,70,279
02/15/2003,OXR,CA,AWP,WE,Federal Contract Tower,0,11,68,0,79,0,5,63,0,68,0,16,131,0,147,152,0,152,299
02/16/2003,OXR,CA,AWP,WE,Federal Contract Tower,0,8,44,0,52,0,10,100,0,110,0,18,144,0,162,160,0,160,322
02/17/2003,OXR,CA,AWP,WE,Federal Contract Tower,0,0,0,0,0,0,0,0,0,0,0,0,0,0,0,0,0,0,0
02/18/2003,OXR,CA,AWP,WE,Federal Contract Tower,0,15,68,0,83,0,19,91,0,110,0,34,159,0,193,138,0,138,331
02/19/2003,OXR,CA,AWP,WE,Federal Contract Tower,0,17,34,0,51,0,15,76,2,93,0,32,110,2,144,78,0,78,222
02/20/2003,OXR,CA,AWP,WE,Federal Contract Tower,0,18,34,2,54,0,38,60,0,98,0,56,94,2,152,82,0,82,234
02/21/2003,OXR,CA,AWP,WE,Federal Contract Tower,0,20,40,0,60,0,14,106,2,122,0,34,146,2,182,166,0,166,348
02/22/2003,OXR,CA,AWP,WE,Federal Contract Tower,0,11,50,0,61,0,29,103,0,132,0,40,153,0,193,50,0,50,243
02/23/2003,OXR,CA,AWP,WE,Federal Contract Tower,0,8,48,0,56,0,16,56,0,72,0,24,104,0,128,22,0,22,150
02/24/2003,OXR,CA,AWP,WE,Federal Contract Tower,0,16,36,0,52,0,26,45,0,71,0,42,81,0,123,32,0,32,155
02/25/2003,OXR,CA,AWP,WE,Federal Contract Tower,0,26,21,0,47,0,22,53,0,75,0,48,74,0,122,22,0,22,144
02/26/2003,OXR,CA,AWP,WE,Federal Contract Tower,0,30,56,0,86,0,19,76,8,103,0,49,132,8,189,84,0,84,273
02/27/2003,OXR,CA,AWP,WE,Federal Contract Tower,0,24,57,0,81,0,15,57,2,74,0,39,114,2,155,58,0,58,213
02/28/2003,OXR,CA,AWP,WE,Federal Contract Tower,0,17,53,0,70,0,14,73,0,87,0,31,126,0,157,82,0,82,239
03/01/2003,OXR,CA,AWP,WE,Federal Contract Tower,0,10,33,0,43,0,14,117,0,131,0,24,150,0,174,116,0,116,290
03/02/2003,OXR,CA,AWP,WE,Federal Contract Tower,0,8,29,0,37,0,10,88,0,98,0,18,117,0,135,54,0,54,189
03/03/2003,OXR,CA,AWP,WE,Federal Contract Tower,0,15,30,0,45,0,13,95,2,110,0,28,125,2,155,114,0,114,269
03/04/2003,OXR,CA,AWP,WE,Federal Contract Tower,0,27,47,0,74,0,39,63,4,106,0,66,110,4,180,46,0,46,226
03/05/2003,OXR,CA,AWP,WE,Federal Contract Tower,0,15,68,0,83,0,25,88,0,113,0,40,156,0,196,106,0,106,302
03/06/2003,OXR,CA,AWP,WE,Federal Contract Tower,0,16,52,0,68,0,46,103,6,155,0,62,155,6,223,100,0,100,323
03/07/2003,OXR,CA,AWP,WE,Federal Contract Tower,0,16,36,0,52,0,28,101,8,137,0,44,137,8,189,163,0,163,352
03/08/2003,OXR,CA,AWP,WE,Federal Contract Tower,0,13,41,0,54,0,11,137,4,152,0,24,178,4,206,101,0,101,307
03/09/2003,OXR,CA,AWP,WE,Federal Contract Tower,0,8,31,1,40,0,16,117,0,133,0,24,148,1,173,107,0,107,280
03/10/2003,OXR,CA,AWP,WE,Federal Contract Tower,0,16,25,0,41,0,17,57,0,74,0,33,82,0,115,40,0,40,155
03/11/2003,OXR,CA,AWP,WE,Federal Contract Tower,0,20,46,0,66,0,43,109,0,152,0,63,155,0,218,46,0,46,264
03/12/2003,OXR,CA,AWP,WE,Federal Contract Tower,0,21,50,2,73,0,37,46,2,85,0,58,96,4,158,8,0,8,166
03/13/2003,OXR,CA,AWP,WE,Federal Contract Tower,0,30,61,0,91,0,16,31,0,47,0,46,92,0,138,0,0,0,138
03/14/2003,OXR,CA,AWP,WE,Federal Contract Tower,0,19,31,0,50,0,18,60,2,80,0,37,91,2,130,64,0,64,194
03/15/2003,OXR,CA,AWP,WE,Federal Contract Tower,0,15,17,2,34,0,5,2,0,7,0,20,19,2,41,0,0,0,41
03/16/2003,OXR,CA,AWP,WE,Federal Contract Tower,0,9,42,0,51,0,15,34,2,51,0,24,76,2,102,74,0,74,176
03/17/2003,OXR,CA,AWP,WE,Federal Contract Tower,0,11,20,0,31,0,6,47,6,59,0,17,67,6,90,44,0,44,134
03/18/2003,OXR,CA,AWP,WE,Federal Contract Tower,0,17,22,0,39,0,16,69,6,91,0,33,91,6,130,72,0,72,202
03/19/2003,OXR,CA,AWP,WE,Federal Contract Tower,0,19,47,0,66,0,14,100,2,116,0,33,147,2,182,178,0,178,360
03/20/2003,OXR,CA,AWP,WE,Federal Contract Tower,0,17,23,0,40,0,25,73,4,102,0,42,96,4,142,88,0,88,230
03/21/2003,OXR,CA,AWP,WE,Federal Contract Tower,0,21,49,0,70,0,4,83,0,87,0,25,132,0,157,102,0,102,259
03/22/2003,OXR,CA,AWP,WE,Federal Contract Tower,0,8,38,0,46,0,10,113,0,123,0,18,151,0,169,191,0,191,360
03/23/2003,OXR,CA,AWP,WE,Federal Contract Tower,0,8,27,0,35,0,11,67,0,78,0,19,94,0,113,112,0,112,225
03/24/2003,OXR,CA,AWP,WE,Federal Contract Tower,0,15,69,0,84,0,5,43,0,48,0,20,112,0,132,59,0,59,191
03/25/2003,OXR,CA,AWP,WE,Federal Contract Tower,0,19,46,0,65,0,12,91,2,105,0,31,137,2,170,121,0,121,291
03/26/2003,OXR,CA,AWP,WE,Federal Contract Tower,0,22,33,0,55,0,19,112,0,131,0,41,145,0,186,44,0,44,230
03/27/2003,OXR,CA,AWP,WE,Federal Contract Tower,0,12,22,0,34,0,32,106,0,138,0,44,128,0,172,132,0,132,304
03/28/2003,OXR,CA,AWP,WE,Federal Contract Tower,0,16,9,0,25,0,11,37,0,48,0,27,46,0,73,0,0,0,73
03/29/2003,OXR,CA,AWP,WE,Federal Contract Tower,0,12,17,0,29,0,10,44,10,64,0,22,61,10,93,6,0,6,99
03/30/2003,OXR,CA,AWP,WE,Federal Contract Tower,0,8,20,0,28,0,10,77,4,91,0,18,97,4,119,42,0,42,161
03/31/2003,OXR,CA,AWP,WE,Federal Contract Tower,0,18,33,0,51,0,10,99,4,113,0,28,132,4,164,138,0,138,302
04/01/2003,OXR,CA,AWP,WE,Federal Contract Tower,0,23,25,0,48,0,12,47,0,59,0,35,72,0,107,10,0,10,117
04/02/2003,OXR,CA,AWP,WE,Federal Contract Tower,0,22,16,0,38,0,29,53,0,82,0,51,69,0,120,58,0,58,178
04/03/2003,OXR,CA,AWP,WE,Federal Contract Tower,0,14,47,0,61,0,38,75,4,117,0,52,122,4,178,94,0,94,272
04/04/2003,OXR,CA,AWP,WE,Federal Contract Tower,0,19,41,0,60,0,15,64,2,81,0,34,105,2,141,54,0,54,195
04/05/2003,OXR,CA,AWP,WE,Federal Contract Tower,0,10,20,0,30,0,11,61,4,76,0,21,81,4,106,64,0,64,170
04/06/2003,OXR,CA,AWP,WE,Federal Contract Tower,0,6,33,0,39,0,12,122,4,138,0,18,155,4,177,162,0,162,339
04/07/2003,OXR,CA,AWP,WE,Federal Contract Tower,0,13,20,0,33,0,7,93,2,102,0,20,113,2,135,132,0,132,267
04/08/2003,OXR,CA,AWP,WE,Federal Contract Tower,0,12,38,0,50,0,28,136,8,172,0,40,174,8,222,80,0,80,302
04/09/2003,OXR,CA,AWP,WE,Federal Contract Tower,0,13,43,0,56,0,16,90,4,110,0,29,133,4,166,52,0,52,218
04/10/2003,OXR,CA,AWP,WE,Federal Contract Tower,0,20,72,0,92,0,19,73,4,96,0,39,145,4,188,66,0,66,254
04/11/2003,OXR,CA,AWP,WE,Federal Contract Tower,0,28,52,0,80,0,30,37,2,69,0,58,89,2,149,92,0,92,241
04/12/2003,OXR,CA,AWP,WE,Federal Contract Tower,0,9,62,0,71,0,22,69,0,91,0,31,131,0,162,62,0,62,224
04/13/2003,OXR,CA,AWP,WE,Federal Contract Tower,0,8,35,0,43,0,5,23,0,28,0,13,58,0,71,24,0,24,95
04/14/2003,OXR,CA,AWP,WE,Federal Contract Tower,0,14,25,1,40,0,9,23,3,35,0,23,48,4,75,29,0,29,104
04/15/2003,OXR,CA,AWP,WE,Federal Contract Tower,0,15,21,0,36,0,11,80,0,91,0,26,101,0,127,46,0,46,173
04/16/2003,OXR,CA,AWP,WE,Federal Contract Tower,0,15,36,0,51,0,22,104,6,132,0,37,140,6,183,116,0,116,299
04/17/2003,OXR,CA,AWP,WE,Federal Contract Tower,0,17,55,0,72,0,15,68,0,83,0,32,123,0,155,98,0,98,253
04/18/2003,OXR,CA,AWP,WE,Federal Contract Tower,0,18,34,0,52,0,16,99,0,115,0,34,133,0,167,148,0,148,315
04/19/2003,OXR,CA,AWP,WE,Federal Contract Tower,0,10,50,0,60,0,18,175,2,195,0,28,225,2,255,164,0,164,419
04/20/2003,OXR,CA,AWP,WE,Federal Contract Tower,0,8,29,0,37,0,8,134,6,148,0,16,163,6,185,138,0,138,323
04/21/2003,OXR,CA,AWP,WE,Federal Contract Tower,0,18,56,0,74,0,6,63,4,73,0,24,119,4,147,68,0,68,215
04/22/2003,OXR,CA,AWP,WE,Federal Contract Tower,0,28,41,0,69,0,31,78,4,113,0,59,119,4,182,58,0,58,240
04/23/2003,OXR,CA,AWP,WE,Federal Contract Tower,0,18,35,0,53,0,10,92,4,106,0,28,127,4,159,94,0,94,253
04/24/2003,OXR,CA,AWP,WE,Federal Contract Tower,0,22,54,0,76,0,12,74,0,86,0,34,128,0,162,92,0,92,254
04/25/2003,OXR,CA,AWP,WE,Federal Contract Tower,0,19,62,1,82,0,29,54,1,84,0,48,116,2,166,92,0,92,258
04/26/2003,OXR,CA,AWP,WE,Federal Contract Tower,0,10,49,0,59,0,28,117,0,145,0,38,166,0,204,193,0,193,397
04/27/2003,OXR,CA,AWP,WE,Federal Contract Tower,0,7,49,0,56,0,17,143,0,160,0,24,192,0,216,224,0,224,440
04/28/2003,OXR,CA,AWP,WE,Federal Contract Tower,0,16,45,0,61,0,10,42,0,52,0,26,87,0,113,52,0,52,165
04/29/2003,OXR,CA,AWP,WE,Federal Contract Tower,0,15,37,0,52,0,25,98,2,125,0,40,135,2,177,104,0,104,281
04/30/2003,OXR,CA,AWP,WE,Federal Contract Tower,0,22,44,0,66,0,19,100,4,123,0,41,144,4,189,82,0,82,271
05/01/2003,OXR,CA,AWP,WE,Federal Contract Tower,0,19,54,0,73,0,26,77,0,103,0,45,131,0,176,131,0,131,307
05/02/2003,OXR,CA,AWP,WE,Federal Contract Tower,0,27,29,2,58,0,22,28,4,54,0,49,57,6,112,6,0,6,118
05/03/2003,OXR,CA,AWP,WE,Federal Contract Tower,0,8,33,0,41,0,3,27,0,30,0,11,60,0,71,10,0,10,81
05/04/2003,OXR,CA,AWP,WE,Federal Contract Tower,0,12,32,0,44,0,10,71,2,83,0,22,103,2,127,123,0,123,250
05/05/2003,OXR,CA,AWP,WE,Federal Contract Tower,0,21,43,0,64,0,15,73,4,92,0,36,116,4,156,120,0,120,276
05/06/2003,OXR,CA,AWP,WE,Federal Contract Tower,0,17,36,0,53,0,11,76,8,95,0,28,112,8,148,104,0,104,252
05/07/2003,OXR,CA,AWP,WE,Federal Contract Tower,0,21,38,0,59,0,18,63,0,81,0,39,101,0,140,134,0,134,274
05/08/2003,OXR,CA,AWP,WE,Federal Contract Tower,0,19,40,0,59,0,10,53,4,67,0,29,93,4,126,26,0,26,152
05/09/2003,OXR,CA,AWP,WE,Federal Contract Tower,0,20,32,3,55,0,15,101,5,121,0,35,133,8,176,50,0,50,226
05/10/2003,OXR,CA,AWP,WE,Federal Contract Tower,0,13,45,0,58,0,18,144,0,162,0,31,189,0,220,228,0,228,448
05/11/2003,OXR,CA,AWP,WE,Federal Contract Tower,0,9,14,0,23,0,8,100,0,108,0,17,114,0,131,82,0,82,213
05/12/2003,OXR,CA,AWP,WE,Federal Contract Tower,0,15,14,0,29,0,17,86,0,103,0,32,100,0,132,96,0,96,228
05/13/2003,OXR,CA,AWP,WE,Federal Contract Tower,0,18,31,0,49,0,26,57,4,87,0,44,88,4,136,48,0,48,184
05/14/2003,OXR,CA,AWP,WE,Federal Contract Tower,0,20,50,0,70,0,19,34,0,53,0,39,84,0,123,48,0,48,171
05/15/2003,OXR,CA,AWP,WE,Federal Contract Tower,0,17,55,0,72,0,18,112,0,130,0,35,167,0,202,114,0,114,316
05/16/2003,OXR,CA,AWP,WE,Federal Contract Tower,0,19,25,0,44,0,28,102,0,130,0,47,127,0,174,94,0,94,268
05/17/2003,OXR,CA,AWP,WE,Federal Contract Tower,0,11,61,0,72,0,14,64,2,80,0,25,125,2,152,60,0,60,212
05/18/2003,OXR,CA,AWP,WE,Federal Contract Tower,0,9,16,0,25,0,30,102,0,132,0,39,118,0,157,122,0,122,279
05/19/2003,OXR,CA,AWP,WE,Federal Contract Tower,0,18,33,2,53,0,12,33,0,45,0,30,66,2,98,20,0,20,118
05/20/2003,OXR,CA,AWP,WE,Federal Contract Tower,0,20,22,0,42,0,19,57,0,76,0,39,79,0,118,80,0,80,198
05/21/2003,OXR,CA,AWP,WE,Federal Contract Tower,0,13,46,0,59,0,25,72,6,103,0,38,118,6,162,120,0,120,282
05/22/2003,OXR,CA,AWP,WE,Federal Contract Tower,0,25,62,0,87,0,16,59,8,83,0,41,121,8,170,6,0,6,176
05/23/2003,OXR,CA,AWP,WE,Federal Contract Tower,0,35,49,0,84,0,7,11,0,18,0,42,60,0,102,0,0,0,102
05/24/2003,OXR,CA,AWP,WE,Federal Contract Tower,0,21,66,0,87,0,11,23,2,36,0,32,89,2,123,10,0,10,133
05/25/2003,OXR,CA,AWP,WE,Federal Contract Tower,0,7,52,0,59,0,10,27,4,41,0,17,79,4,100,66,0,66,166
05/26/2003,OXR,CA,AWP,WE,Federal Contract Tower,0,9,45,0,54,0,19,131,0,150,0,28,176,0,204,150,0,150,354
05/27/2003,OXR,CA,AWP,WE,Federal Contract Tower,0,22,28,0,50,0,26,50,0,76,0,48,78,0,126,2,0,2,128
05/28/2003,OXR,CA,AWP,WE,Federal Contract Tower,0,19,51,0,70,0,17,55,4,76,0,36,106,4,146,86,0,86,232
05/29/2003,OXR,CA,AWP,WE,Federal Contract Tower,0,43,61,2,106,0,6,12,2,20,0,49,73,4,126,0,0,0,126
05/30/2003,OXR,CA,AWP,WE,Federal Contract Tower,0,28,72,0,100,0,29,55,0,84,0,57,127,0,184,24,0,24,208
05/31/2003,OXR,CA,AWP,WE,Federal Contract Tower,0,18,76,0,94,0,10,14,2,26,0,28,90,2,120,4,0,4,124
06/01/2003,OXR,CA,AWP,WE,Federal Contract Tower,0,14,70,2,86,0,12,17,0,29,0,26,87,2,115,6,0,6,121
06/02/2003,OXR,CA,AWP,WE,Federal Contract Tower,0,18,39,0,57,0,7,12,2,21,0,25,51,2,78,2,0,2,80
06/03/2003,OXR,CA,AWP,WE,Federal Contract Tower,0,24,58,0,82,0,20,16,0,36,0,44,74,0,118,0,0,0,118
06/04/2003,OXR,CA,AWP,WE,Federal Contract Tower,0,22,33,2,57,0,19,35,0,54,0,41,68,2,111,148,0,148,259
06/05/2003,OXR,CA,AWP,WE,Federal Contract Tower,0,28,82,0,110,0,0,14,0,14,0,28,96,0,124,0,0,0,124
06/06/2003,OXR,CA,AWP,WE,Federal Contract Tower,0,24,96,0,120,0,14,33,9,56,0,38,129,9,176,40,0,40,216
06/07/2003,OXR,CA,AWP,WE,Federal Contract Tower,0,12,79,0,91,0,10,55,0,65,0,22,134,0,156,84,0,84,240
06/08/2003,OXR,CA,AWP,WE,Federal Contract Tower,0,8,71,0,79,0,13,49,1,63,0,21,120,1,142,20,0,20,162
06/09/2003,OXR,CA,AWP,WE,Federal Contract Tower,0,18,73,0,91,0,16,21,0,37,0,34,94,0,128,64,0,64,192
06/10/2003,OXR,CA,AWP,WE,Federal Contract Tower,0,21,64,0,85,0,24,38,0,62,0,45,102,0,147,57,0,57,204
06/11/2003,OXR,CA,AWP,WE,Federal Contract Tower,0,29,46,0,75,0,21,94,0,115,0,50,140,0,190,88,0,88,278
06/12/2003,OXR,CA,AWP,WE,Federal Contract Tower,0,19,56,0,75,0,20,78,2,100,0,39,134,2,175,66,0,66,241
06/13/2003,OXR,CA,AWP,WE,Federal Contract Tower,0,18,53,0,71,0,18,84,0,102,0,36,137,0,173,92,0,92,265
06/14/2003,OXR,CA,AWP,WE,Federal Contract Tower,0,8,54,0,62,0,9,163,2,174,0,17,217,2,236,106,0,106,342
06/15/2003,OXR,CA,AWP,WE,Federal Contract Tower,0,11,44,0,55,0,10,107,0,117,0,21,151,0,172,101,0,101,273
06/16/2003,OXR,CA,AWP,WE,Federal Contract Tower,0,19,36,4,59,0,17,56,2,75,0,36,92,6,134,2,0,2,136
06/17/2003,OXR,CA,AWP,WE,Federal Contract Tower,0,19,76,0,95,0,11,15,6,32,0,30,91,6,127,26,0,26,153
06/18/2003,OXR,CA,AWP,WE,Federal Contract Tower,0,18,60,0,78,0,14,41,2,57,0,32,101,2,135,32,0,32,167
06/19/2003,OXR,CA,AWP,WE,Federal Contract Tower,0,18,72,0,90,0,4,54,0,58,0,22,126,0,148,110,0,110,258
06/20/2003,OXR,CA,AWP,WE,Federal Contract Tower,0,16,72,0,88,0,15,96,4,115,0,31,168,4,203,92,0,92,295
06/21/2003,OXR,CA,AWP,WE,Federal Contract Tower,0,11,76,0,87,0,6,63,4,73,0,17,139,4,160,93,0,93,253
06/22/2003,OXR,CA,AWP,WE,Federal Contract Tower,0,9,36,0,45,0,10,56,4,70,0,19,92,4,115,152,0,152,267
06/23/2003,OXR,CA,AWP,WE,Federal Contract Tower,0,13,40,0,53,0,7,67,8,82,0,20,107,8,135,38,0,38,173
06/24/2003,OXR,CA,AWP,WE,Federal Contract Tower,0,22,40,0,62,0,20,127,0,147,0,42,167,0,209,87,0,87,296
06/25/2003,OXR,CA,AWP,WE,Federal Contract Tower,0,14,42,0,56,0,22,118,2,142,0,36,160,2,198,122,0,122,320
06/26/2003,OXR,CA,AWP,WE,Federal Contract Tower,0,28,46,0,74,0,28,118,2,148,0,56,164,2,222,98,0,98,320
06/27/2003,OXR,CA,AWP,WE,Federal Contract Tower,0,23,52,0,75,0,15,25,0,40,0,38,77,0,115,20,0,20,135
06/28/2003,OXR,CA,AWP,WE,Federal Contract Tower,0,17,42,0,59,0,16,38,0,54,0,33,80,0,113,32,0,32,145
06/29/2003,OXR,CA,AWP,WE,Federal Contract Tower,0,23,66,0,89,0,5,0,0,5,0,28,66,0,94,0,0,0,94
06/30/2003,OXR,CA,AWP,WE,Federal Contract Tower,0,19,39,0,58,0,20,99,0,119,0,39,138,0,177,94,0,94,271
07/01/2003,OXR,CA,AWP,WE,Federal Contract Tower,0,23,36,0,59,0,28,132,2,162,0,51,168,2,221,94,0,94,315
07/02/2003,OXR,CA,AWP,WE,Federal Contract Tower,0,14,24,0,38,0,17,99,2,118,0,31,123,2,156,155,0,155,311
07/03/2003,OXR,CA,AWP,WE,Federal Contract Tower,0,19,26,0,45,0,17,118,2,137,0,36,144,2,182,136,0,136,318
07/04/2003,OXR,CA,AWP,WE,Federal Contract Tower,0,8,20,0,28,0,19,71,4,94,0,27,91,4,122,63,0,63,185
07/05/2003,OXR,CA,AWP,WE,Federal Contract Tower,0,9,23,0,32,0,12,125,0,137,0,21,148,0,169,136,0,136,305
07/06/2003,OXR,CA,AWP,WE,Federal Contract Tower,0,9,28,0,37,0,2,114,0,116,0,11,142,0,153,156,0,156,309
07/07/2003,OXR,CA,AWP,WE,Federal Contract Tower,0,10,25,0,35,0,12,57,2,71,0,22,82,2,106,96,0,96,202
07/08/2003,OXR,CA,AWP,WE,Federal Contract Tower,0,30,43,0,73,0,15,56,0,71,0,45,99,0,144,32,0,32,176
07/09/2003,OXR,CA,AWP,WE,Federal Contract Tower,0,27,50,2,79,0,6,15,0,21,0,33,65,2,100,10,0,10,110
07/10/2003,OXR,CA,AWP,WE,Federal Contract Tower,0,16,44,0,60,0,13,40,4,57,0,29,84,4,117,50,0,50,167
07/11/2003,OXR,CA,AWP,WE,Federal Contract Tower,0,18,49,0,67,0,18,61,2,81,0,36,110,2,148,110,0,110,258
07/12/2003,OXR,CA,AWP,WE,Federal Contract Tower,0,14,49,0,63,0,5,46,2,53,0,19,95,2,116,44,0,44,160
07/13/2003,OXR,CA,AWP,WE,Federal Contract Tower,0,12,22,0,34,0,9,94,0,103,0,21,116,0,137,75,0,75,212
07/14/2003,OXR,CA,AWP,WE,Federal Contract Tower,0,16,54,0,70,0,15,89,2,106,0,31,143,2,176,94,0,94,270
07/15/2003,OXR,CA,AWP,WE,Federal Contract Tower,0,21,35,0,56,0,17,101,2,120,0,38,136,2,176,125,0,125,301
07/16/2003,OXR,CA,AWP,WE,Federal Contract Tower,0,23,27,0,50,0,12,107,3,122,0,35,134,3,172,90,0,90,262
07/17/2003,OXR,CA,AWP,WE,Federal Contract Tower,0,19,33,0,52,0,15,82,0,97,0,34,115,0,149,153,0,153,302
07/18/2003,OXR,CA,AWP,WE,Federal Contract Tower,0,19,40,0,59,0,5,49,4,58,0,24,89,4,117,10,0,10,127
07/19/2003,OXR,CA,AWP,WE,Federal Contract Tower,0,12,48,1,61,0,8,88,3,99,0,20,136,4,160,150,0,150,310
07/20/2003,OXR,CA,AWP,WE,Federal Contract Tower,0,9,38,0,47,0,7,88,0,95,0,16,126,0,142,89,0,89,231
07/21/2003,OXR,CA,AWP,WE,Federal Contract Tower,0,18,34,0,52,0,5,30,0,35,0,23,64,0,87,27,0,27,114
07/22/2003,OXR,CA,AWP,WE,Federal Contract Tower,0,21,43,2,66,0,8,60,0,68,0,29,103,2,134,19,0,19,153
07/23/2003,OXR,CA,AWP,WE,Federal Contract Tower,0,35,64,2,101,0,1,4,0,5,0,36,68,2,106,0,0,0,106
07/24/2003,OXR,CA,AWP,WE,Federal Contract Tower,0,18,90,0,108,0,14,40,0,54,0,32,130,0,162,24,0,24,186
07/25/2003,OXR,CA,AWP,WE,Federal Contract Tower,0,25,71,0,96,0,5,37,8,50,0,30,108,8,146,18,0,18,164
07/26/2003,OXR,CA,AWP,WE,Federal Contract Tower,0,13,79,0,92,0,5,78,0,83,0,18,157,0,175,40,0,40,215
07/27/2003,OXR,CA,AWP,WE,Federal Contract Tower,0,14,64,0,78,0,7,49,0,56,0,21,113,0,134,98,0,98,232
07/28/2003,OXR,CA,AWP,WE,Federal Contract Tower,0,16,35,0,51,0,21,57,2,80,0,37,92,2,131,104,0,104,235
07/29/2003,OXR,CA,AWP,WE,Federal Contract Tower,0,21,48,0,69,0,27,57,0,84,0,48,105,0,153,90,0,90,243
07/30/2003,OXR,CA,AWP,WE,Federal Contract Tower,0,28,65,0,93,0,11,74,8,93,0,39,139,8,186,118,0,118,304
07/31/2003,OXR,CA,AWP,WE,Federal Contract Tower,0,35,70,0,105,0,14,84,4,102,0,49,154,4,207,84,0,84,291
08/01/2003,OXR,CA,AWP,WE,Federal Contract Tower,0,20,52,0,72,0,11,75,2,88,0,31,127,2,160,108,0,108,268
08/02/2003,OXR,CA,AWP,WE,Federal Contract Tower,0,10,25,0,35,0,14,139,2,155,0,24,164,2,190,192,0,192,382
08/03/2003,OXR,CA,AWP,WE,Federal Contract Tower,0,11,40,0,51,0,3,112,2,117,0,14,152,2,168,162,0,162,330
08/04/2003,OXR,CA,AWP,WE,Federal Contract Tower,0,12,52,0,64,0,21,93,0,114,0,33,145,0,178,94,0,94,272
08/05/2003,OXR,CA,AWP,WE,Federal Contract Tower,0,17,33,0,50,0,22,96,6,124,0,39,129,6,174,161,0,161,335
08/06/2003,OXR,CA,AWP,WE,Federal Contract Tower,0,20,37,0,57,0,13,114,2,129,0,33,151,2,186,148,0,148,334
08/07/2003,OXR,CA,AWP,WE,Federal Contract Tower,0,23,30,0,53,0,23,102,0,125,0,46,132,0,178,108,0,108,286
08/08/2003,OXR,CA,AWP,WE,Federal Contract Tower,0,15,48,0,63,0,22,107,0,129,0,37,155,0,192,200,0,200,392
08/09/2003,OXR,CA,AWP,WE,Federal Contract Tower,0,13,23,0,36,0,9,134,4,147,0,22,157,4,183,192,0,192,375
08/10/2003,OXR,CA,AWP,WE,Federal Contract Tower,0,11,33,0,44,0,21,115,2,138,0,32,148,2,182,197,0,197,379
08/11/2003,OXR,CA,AWP,WE,Federal Contract Tower,0,19,26,0,45,0,14,89,6,109,0,33,115,6,154,84,0,84,238
08/12/2003,OXR,CA,AWP,WE,Federal Contract Tower,0,14,39,0,53,0,16,92,6,114,0,30,131,6,167,102,0,102,269
08/13/2003,OXR,CA,AWP,WE,Federal Contract Tower,0,22,28,0,50,0,11,121,2,134,0,33,149,2,184,128,0,128,312
08/14/2003,OXR,CA,AWP,WE,Federal Contract Tower,0,19,48,8,75,0,18,118,2,138,0,37,166,10,213,78,0,78,291
08/15/2003,OXR,CA,AWP,WE,Federal Contract Tower,0,12,24,0,36,0,5,109,0,114,0,17,133,0,150,106,0,106,256
08/16/2003,OXR,CA,AWP,WE,Federal Contract Tower,0,12,29,2,43,0,11,144,0,155,0,23,173,2,198,186,0,186,384
08/17/2003,OXR,CA,AWP,WE,Federal Contract Tower,0,9,28,0,37,0,13,142,0,155,0,22,170,0,192,170,0,170,362
08/18/2003,OXR,CA,AWP,WE,Federal Contract Tower,0,13,26,0,39,0,10,87,4,101,0,23,113,4,140,119,0,119,259
08/19/2003,OXR,CA,AWP,WE,Federal Contract Tower,0,16,20,0,36,0,22,104,2,128,0,38,124,2,164,70,0,70,234
08/20/2003,OXR,CA,AWP,WE,Federal Contract Tower,0,28,47,0,75,0,23,46,4,73,0,51,93,4,148,16,0,16,164
08/21/2003,OXR,CA,AWP,WE,Federal Contract Tower,0,19,45,0,64,0,4,69,0,73,0,23,114,0,137,116,0,116,253
08/22/2003,OXR,CA,AWP,WE,Federal Contract Tower,0,20,46,0,66,0,17,56,12,85,0,37,102,12,151,83,0,83,234
08/23/2003,OXR,CA,AWP,WE,Federal Contract Tower,0,13,28,0,41,0,22,104,0,126,0,35,132,0,167,62,0,62,229
08/24/2003,OXR,CA,AWP,WE,Federal Contract Tower,0,10,11,0,21,0,14,96,0,110,0,24,107,0,131,56,0,56,187
08/25/2003,OXR,CA,AWP,WE,Federal Contract Tower,0,22,36,0,58,0,7,18,0,25,0,29,54,0,83,8,0,8,91
08/26/2003,OXR,CA,AWP,WE,Federal Contract Tower,0,17,19,0,36,0,0,31,0,31,0,17,50,0,67,14,0,14,81
08/27/2003,OXR,CA,AWP,WE,Federal Contract Tower,0,19,25,0,44,0,10,96,10,116,0,29,121,10,160,150,0,150,310
08/28/2003,OXR,CA,AWP,WE,Federal Contract Tower,0,21,53,0,74,0,24,133,0,157,0,45,186,0,231,146,0,146,377
08/29/2003,OXR,CA,AWP,WE,Federal Contract Tower,0,17,21,0,38,0,16,132,0,148,0,33,153,0,186,118,0,118,304
08/30/2003,OXR,CA,AWP,WE,Federal Contract Tower,0,10,42,0,52,0,16,134,0,150,0,26,176,0,202,204,0,204,406
08/31/2003,OXR,CA,AWP,WE,Federal Contract Tower,0,7,27,0,34,0,17,127,0,144,0,24,154,0,178,100,0,100,278
09/01/2003,OXR,CA,AWP,WE,Federal Contract Tower,0,18,65,0,83,0,3,5,0,8,0,21,70,0,91,0,0,0,91
09/02/2003,OXR,CA,AWP,WE,Federal Contract Tower,0,20,60,0,80,0,6,38,0,44,0,26,98,0,124,92,0,92,216
09/03/2003,OXR,CA,AWP,WE,Federal Contract Tower,0,23,54,0,77,0,9,64,8,81,0,32,118,8,158,70,0,70,228
09/04/2003,OXR,CA,AWP,WE,Federal Contract Tower,0,17,51,0,68,0,25,107,8,140,0,42,158,8,208,64,0,64,272
09/05/2003,OXR,CA,AWP,WE,Federal Contract Tower,0,17,39,0,56,0,15,101,2,118,0,32,140,2,174,98,0,98,272
09/06/2003,OXR,CA,AWP,WE,Federal Contract Tower,0,10,50,0,60,0,7,108,4,119,0,17,158,4,179,226,0,226,405
09/07/2003,OXR,CA,AWP,WE,Federal Contract Tower,0,7,37,0,44,0,17,154,2,173,0,24,191,2,217,182,0,182,399
09/08/2003,OXR,CA,AWP,WE,Federal Contract Tower,0,17,24,0,41,0,8,66,2,76,0,25,90,2,117,114,0,114,231
09/09/2003,OXR,CA,AWP,WE,Federal Contract Tower,0,17,33,0,50,0,19,93,8,120,0,36,126,8,170,100,0,100,270
09/10/2003,OXR,CA,AWP,WE,Federal Contract Tower,0,16,51,0,67,0,20,74,0,94,0,36,125,0,161,38,0,38,199
09/11/2003,OXR,CA,AWP,WE,Federal Contract Tower,0,20,74,0,94,0,14,56,0,70,0,34,130,0,164,44,0,44,208
09/12/2003,OXR,CA,AWP,WE,Federal Contract Tower,0,15,73,0,88,0,14,26,0,40,0,29,99,0,128,0,0,0,128
09/13/2003,OXR,CA,AWP,WE,Federal Contract Tower,0,18,63,0,81,0,6,18,0,24,0,24,81,0,105,18,0,18,123
09/14/2003,OXR,CA,AWP,WE,Federal Contract Tower,0,16,76,2,94,0,4,2,0,6,0,20,78,2,100,0,0,0,100
09/15/2003,OXR,CA,AWP,WE,Federal Contract Tower,0,19,67,0,86,0,6,8,0,14,0,25,75,0,100,0,0,0,100
09/16/2003,OXR,CA,AWP,WE,Federal Contract Tower,0,24,59,0,83,0,9,19,2,30,0,33,78,2,113,8,0,8,121
09/17/2003,OXR,CA,AWP,WE,Federal Contract Tower,0,17,53,0,70,0,33,70,2,105,0,50,123,2,175,48,0,48,223
09/18/2003,OXR,CA,AWP,WE,Federal Contract Tower,0,18,48,0,66,0,27,66,16,109,0,45,114,16,175,68,0,68,243
09/19/2003,OXR,CA,AWP,WE,Federal Contract Tower,0,19,49,2,70,0,21,59,0,80,0,40,108,2,150,62,0,62,212
09/20/2003,OXR,CA,AWP,WE,Federal Contract Tower,0,18,55,0,73,0,14,34,2,50,0,32,89,2,123,60,0,60,183
09/21/2003,OXR,CA,AWP,WE,Federal Contract Tower,0,7,42,0,49,0,18,49,0,67,0,25,91,0,116,14,0,14,130
09/22/2003,OXR,CA,AWP,WE,Federal Contract Tower,0,22,44,0,66,0,4,24,2,30,0,26,68,2,96,10,0,10,106
09/23/2003,OXR,CA,AWP,WE,Federal Contract Tower,0,36,41,0,77,0,19,24,2,45,0,55,65,2,122,56,0,56,178
09/24/2003,OXR,CA,AWP,WE,Federal Contract Tower,0,26,60,0,86,0,9,29,2,40,0,35,89,2,126,22,0,22,148
09/25/2003,OXR,CA,AWP,WE,Federal Contract Tower,0,22,65,0,87,0,32,58,2,92,0,54,123,2,179,78,0,78,257
09/26/2003,OXR,CA,AWP,WE,Federal Contract Tower,0,22,63,3,88,0,10,68,0,78,0,32,131,3,166,82,0,82,248
09/27/2003,OXR,CA,AWP,WE,Federal Contract Tower,0,17,89,1,107,0,5,3,0,8,0,22,92,1,115,0,0,0,115
09/28/2003,OXR,CA,AWP,WE,Federal Contract Tower,0,13,51,2,66,0,0,0,0,0,0,13,51,2,66,0,0,0,66
09/29/2003,OXR,CA,AWP,WE,Federal Contract Tower,0,22,49,0,71,0,5,7,0,12,0,27,56,0,83,14,0,14,97
09/30/2003,OXR,CA,AWP,WE,Federal Contract Tower,0,26,64,0,90,0,4,9,0,13,0,30,73,0,103,6,0,6,109
10/01/2003,OXR,CA,AWP,WE,Federal Contract Tower,0,23,51,0,74,0,32,50,10,92,0,55,101,10,166,46,0,46,212
10/02/2003,OXR,CA,AWP,WE,Federal Contract Tower,0,31,68,0,99,0,6,40,2,48,0,37,108,2,147,6,0,6,153
10/03/2003,OXR,CA,AWP,WE,Federal Contract Tower,0,23,50,0,73,0,13,44,0,57,0,36,94,0,130,48,0,48,178
10/04/2003,OXR,CA,AWP,WE,Federal Contract Tower,0,23,56,0,79,0,0,73,20,93,0,23,129,20,172,46,0,46,218
10/05/2003,OXR,CA,AWP,WE,Federal Contract Tower,0,13,61,0,74,0,0,29,0,29,0,13,90,0,103,0,0,0,103
10/06/2003,OXR,CA,AWP,WE,Federal Contract Tower,0,20,44,0,64,0,6,3,0,9,0,26,47,0,73,0,0,0,73
10/07/2003,OXR,CA,AWP,WE,Federal Contract Tower,0,24,53,0,77,0,5,7,0,12,0,29,60,0,89,0,0,0,89
10/08/2003,OXR,CA,AWP,WE,Federal Contract Tower,0,22,46,0,68,0,7,0,2,9,0,29,46,2,77,0,0,0,77
10/09/2003,OXR,CA,AWP,WE,Federal Contract Tower,0,30,66,0,96,0,2,14,0,16,0,32,80,0,112,0,0,0,112
10/10/2003,OXR,CA,AWP,WE,Federal Contract Tower,0,16,38,0,54,0,19,36,0,55,0,35,74,0,109,38,0,38,147
10/11/2003,OXR,CA,AWP,WE,Federal Contract Tower,0,19,51,0,70,0,0,95,0,95,0,19,146,0,165,144,0,144,309
10/12/2003,OXR,CA,AWP,WE,Federal Contract Tower,0,14,32,0,46,0,3,116,0,119,0,17,148,0,165,136,0,136,301
10/13/2003,OXR,CA,AWP,WE,Federal Contract Tower,0,17,40,1,58,0,19,98,1,118,0,36,138,2,176,104,0,104,280
10/14/2003,OXR,CA,AWP,WE,Federal Contract Tower,0,32,69,0,101,0,24,0,0,24,0,56,69,0,125,0,0,0,125
10/15/2003,OXR,CA,AWP,WE,Federal Contract Tower,0,19,43,0,62,0,8,26,0,34,0,27,69,0,96,38,0,38,134
10/16/2003,OXR,CA,AWP,WE,Federal Contract Tower,0,28,64,1,93,0,23,53,1,77,0,51,117,2,170,92,0,92,262
10/17/2003,OXR,CA,AWP,WE,Federal Contract Tower,0,16,36,0,52,0,21,66,0,87,0,37,102,0,139,76,0,76,215
10/18/2003,OXR,CA,AWP,WE,Federal Contract Tower,0,12,29,0,41,0,18,77,2,97,0,30,106,2,138,98,0,98,236
10/19/2003,OXR,CA,AWP,WE,Federal Contract Tower,0,13,32,0,45,0,13,126,0,139,0,26,158,0,184,130,0,130,314
10/20/2003,OXR,CA,AWP,WE,Federal Contract Tower,0,17,42,0,59,0,20,89,0,109,0,37,131,0,168,140,0,140,308
10/21/2003,OXR,CA,AWP,WE,Federal Contract Tower,0,23,55,0,78,0,35,84,2,121,0,58,139,2,199,128,0,128,327
10/22/2003,OXR,CA,AWP,WE,Federal Contract Tower,0,17,42,0,59,0,19,65,0,84,0,36,107,0,143,82,0,82,225
10/23/2003,OXR,CA,AWP,WE,Federal Contract Tower,0,15,36,0,51,0,24,91,0,115,0,39,127,0,166,74,0,74,240
10/24/2003,OXR,CA,AWP,WE,Federal Contract Tower,0,18,44,0,62,0,17,41,0,58,0,35,85,0,120,90,0,90,210
10/25/2003,OXR,CA,AWP,WE,Federal Contract Tower,0,9,23,0,32,0,7,43,0,50,0,16,66,0,82,40,0,40,122
10/26/2003,OXR,CA,AWP,WE,Federal Contract Tower,0,6,14,0,20,0,11,69,0,80,0,17,83,0,100,8,0,8,108
10/27/2003,OXR,CA,AWP,WE,Federal Contract Tower,0,4,12,0,16,0,22,31,2,55,0,26,43,2,71,28,0,28,99
10/28/2003,OXR,CA,AWP,WE,Federal Contract Tower,0,14,35,0,49,0,20,59,2,81,0,34,94,2,130,22,0,22,152
10/29/2003,OXR,CA,AWP,WE,Federal Contract Tower,0,2,5,0,7,0,12,14,2,28,0,14,19,2,35,0,0,0,35
10/30/2003,OXR,CA,AWP,WE,Federal Contract Tower,0,4,10,0,14,0,14,24,2,40,0,18,34,2,54,0,0,0,54
10/31/2003,OXR,CA,AWP,WE,Federal Contract Tower,0,8,20,0,28,0,7,24,4,35,0,15,44,4,63,0,0,0,63
11/01/2003,OXR,CA,AWP,WE,Federal Contract Tower,0,1,10,0,11,0,0,26,4,30,0,1,36,4,41,12,0,12,53
11/02/2003,OXR,CA,AWP,WE,Federal Contract Tower,0,9,22,0,31,0,4,119,0,123,0,13,141,0,154,254,0,254,408
11/03/2003,OXR,CA,AWP,WE,Federal Contract Tower,0,16,38,0,54,0,24,56,2,82,0,40,94,2,136,74,0,74,210
11/04/2003,OXR,CA,AWP,WE,Federal Contract Tower,0,21,51,0,72,0,28,84,4,116,0,49,135,4,188,80,0,80,268
11/05/2003,OXR,CA,AWP,WE,Federal Contract Tower,0,15,36,0,51,0,37,87,6,130,0,52,123,6,181,96,0,96,277
11/06/2003,OXR,CA,AWP,WE,Federal Contract Tower,0,20,49,0,69,0,10,95,4,109,0,30,144,4,178,76,0,76,254
11/07/2003,OXR,CA,AWP,WE,Federal Contract Tower,0,16,37,0,53,0,22,110,4,136,0,38,147,4,189,86,0,86,275
11/08/2003,OXR,CA,AWP,WE,Federal Contract Tower,0,17,39,0,56,0,3,84,0,87,0,20,123,0,143,210,0,210,353
11/09/2003,OXR,CA,AWP,WE,Federal Contract Tower,0,12,28,0,40,0,6,53,4,63,0,18,81,4,103,68,0,68,171
11/10/2003,OXR,CA,AWP,WE,Federal Contract Tower,0,18,43,0,61,0,8,90,2,100,0,26,133,2,161,185,0,185,346
11/11/2003,OXR,CA,AWP,WE,Federal Contract Tower,0,17,41,0,58,0,26,56,0,82,0,43,97,0,140,86,0,86,226
11/12/2003,OXR,CA,AWP,WE,Federal Contract Tower,0,11,26,0,37,0,16,35,0,51,0,27,61,0,88,49,0,49,137
11/13/2003,OXR,CA,AWP,WE,Federal Contract Tower,0,16,37,0,53,0,25,55,0,80,0,41,92,0,133,81,0,81,214
11/14/2003,OXR,CA,AWP,WE,Federal Contract Tower,0,19,47,0,66,0,24,74,6,104,0,43,121,6,170,130,0,130,300
11/15/2003,OXR,CA,AWP,WE,Federal Contract Tower,0,16,42,1,59,0,9,84,1,94,0,25,126,2,153,98,0,98,251
11/16/2003,OXR,CA,AWP,WE,Federal Contract Tower,0,15,40,0,55,0,13,124,8,145,0,28,164,8,200,210,0,210,410
11/17/2003,OXR,CA,AWP,WE,Federal Contract Tower,0,12,31,0,43,0,18,71,4,93,0,30,102,4,136,90,0,90,226
11/18/2003,OXR,CA,AWP,WE,Federal Contract Tower,0,17,43,0,60,0,36,78,0,114,0,53,121,0,174,156,0,156,330
11/19/2003,OXR,CA,AWP,WE,Federal Contract Tower,0,18,46,0,64,0,46,65,2,113,0,64,111,2,177,77,0,77,254
11/20/2003,OXR,CA,AWP,WE,Federal Contract Tower,0,19,50,0,69,0,19,26,0,45,0,38,76,0,114,4,0,4,118
11/21/2003,OXR,CA,AWP,WE,Federal Contract Tower,0,28,71,0,99,0,6,52,4,62,0,34,123,4,161,110,0,110,271
11/22/2003,OXR,CA,AWP,WE,Federal Contract Tower,0,10,28,0,38,0,13,105,0,118,0,23,133,0,156,66,0,66,222
11/23/2003,OXR,CA,AWP,WE,Federal Contract Tower,0,7,20,0,27,0,15,55,4,74,0,22,75,4,101,18,0,18,119
11/24/2003,OXR,CA,AWP,WE,Federal Contract Tower,0,19,48,0,67,0,20,86,8,114,0,39,134,8,181,156,0,156,337
11/25/2003,OXR,CA,AWP,WE,Federal Contract Tower,0,18,47,0,65,0,15,80,2,97,0,33,127,2,162,67,0,67,229
11/26/2003,OXR,CA,AWP,WE,Federal Contract Tower,0,19,50,0,69,0,17,105,6,128,0,36,155,6,197,168,0,168,365
11/27/2003,OXR,CA,AWP,WE,Federal Contract Tower,0,2,8,0,10,0,6,24,0,30,0,8,32,0,40,0,0,0,40
11/28/2003,OXR,CA,AWP,WE,Federal Contract Tower,0,12,30,0,42,0,17,103,0,120,0,29,133,0,162,96,0,96,258
11/29/2003,OXR,CA,AWP,WE,Federal Contract Tower,0,13,50,0,63,0,0,120,0,120,0,13,170,0,183,172,0,172,355
11/30/2003,OXR,CA,AWP,WE,Federal Contract Tower,0,17,43,0,60,0,5,79,0,84,0,22,122,0,144,169,0,169,313
12/01/2003,OXR,CA,AWP,WE,Federal Contract Tower,0,13,27,0,40,0,15,52,0,67,0,28,79,0,107,65,0,65,172
12/02/2003,OXR,CA,AWP,WE,Federal Contract Tower,0,23,47,0,70,0,11,90,0,101,0,34,137,0,171,109,0,109,280
12/03/2003,OXR,CA,AWP,WE,Federal Contract Tower,0,19,37,0,56,0,41,72,12,125,0,60,109,12,181,140,0,140,321
12/04/2003,OXR,CA,AWP,WE,Federal Contract Tower,0,19,38,0,57,0,30,69,2,101,0,49,107,2,158,84,0,84,242
12/05/2003,OXR,CA,AWP,WE,Federal Contract Tower,0,26,54,0,80,0,3,82,0,85,0,29,136,0,165,66,0,66,231
12/06/2003,OXR,CA,AWP,WE,Federal Contract Tower,0,17,35,0,52,0,0,29,0,29,0,17,64,0,81,0,0,0,81
12/07/2003,OXR,CA,AWP,WE,Federal Contract Tower,0,14,41,0,55,0,0,13,0,13,0,14,54,0,68,20,0,20,88
12/08/2003,OXR,CA,AWP,WE,Federal Contract Tower,0,16,33,0,49,0,9,106,10,125,0,25,139,10,174,80,0,80,254
12/09/2003,OXR,CA,AWP,WE,Federal Contract Tower,0,23,47,0,70,0,17,118,8,143,0,40,165,8,213,146,0,146,359
12/10/2003,OXR,CA,AWP,WE,Federal Contract Tower,0,19,38,0,57,0,29,52,6,87,0,48,90,6,144,116,0,116,260
12/11/2003,OXR,CA,AWP,WE,Federal Contract Tower,0,17,35,0,52,0,33,40,6,79,0,50,75,6,131,36,0,36,167
12/12/2003,OXR,CA,AWP,WE,Federal Contract Tower,0,18,36,0,54,0,20,66,2,88,0,38,102,2,142,48,0,48,190
12/13/2003,OXR,CA,AWP,WE,Federal Contract Tower,0,18,36,0,54,0,8,144,2,154,0,26,180,2,208,130,0,130,338
12/14/2003,OXR,CA,AWP,WE,Federal Contract Tower,0,13,27,0,40,0,2,43,0,45,0,15,70,0,85,80,0,80,165
12/15/2003,OXR,CA,AWP,WE,Federal Contract Tower,0,15,30,0,45,0,22,63,9,94,0,37,93,9,139,54,0,54,193
12/16/2003,OXR,CA,AWP,WE,Federal Contract Tower,0,13,26,0,39,0,16,44,4,64,0,29,70,4,103,20,0,20,123
12/17/2003,OXR,CA,AWP,WE,Federal Contract Tower,0,22,48,1,71,0,42,68,3,113,0,64,116,4,184,54,0,54,238
12/18/2003,OXR,CA,AWP,WE,Federal Contract Tower,0,28,59,1,88,0,24,94,11,129,0,52,153,12,217,122,0,122,339
12/19/2003,OXR,CA,AWP,WE,Federal Contract Tower,0,14,32,0,46,0,25,64,0,89,0,39,96,0,135,76,0,76,211
12/20/2003,OXR,CA,AWP,WE,Federal Contract Tower,0,11,25,0,36,0,6,63,0,69,0,17,88,0,105,79,0,79,184
12/21/2003,OXR,CA,AWP,WE,Federal Contract Tower,0,19,41,0,60,0,5,92,0,97,0,24,133,0,157,135,0,135,292
12/22/2003,OXR,CA,AWP,WE,Federal Contract Tower,0,15,34,0,49,0,18,57,2,77,0,33,91,2,126,78,0,78,204
12/23/2003,OXR,CA,AWP,WE,Federal Contract Tower,0,18,39,0,57,0,24,10,2,36,0,42,49,2,93,27,0,27,120
12/24/2003,OXR,CA,AWP,WE,Federal Contract Tower,0,15,32,0,47,0,16,11,0,27,0,31,43,0,74,26,0,26,100
12/25/2003,OXR,CA,AWP,WE,Federal Contract Tower,0,4,6,0,10,0,5,0,0,5,0,9,6,0,15,0,0,0,15
12/26/2003,OXR,CA,AWP,WE,Federal Contract Tower,0,12,27,0,39,0,16,65,0,81,0,28,92,0,120,48,0,48,168
12/27/2003,OXR,CA,AWP,WE,Federal Contract Tower,0,11,24,0,35,0,10,103,0,113,0,21,127,0,148,153,0,153,301
12/28/2003,OXR,CA,AWP,WE,Federal Contract Tower,0,9,22,0,31,0,13,70,0,83,0,22,92,0,114,100,0,100,214
12/29/2003,OXR,CA,AWP,WE,Federal Contract Tower,0,15,34,0,49,0,21,62,0,83,0,36,96,0,132,111,0,111,243
12/30/2003,OXR,CA,AWP,WE,Federal Contract Tower,0,15,33,0,48,0,7,46,0,53,0,22,79,0,101,61,0,61,162
12/31/2003,OXR,CA,AWP,WE,Federal Contract Tower,0,15,32,0,47,0,6,77,2,85,0,21,109,2,132,78,0,78,210
01/01/2004,OXR,CA,AWP,WE,Federal Contract Tower,0,5,9,0,14,0,4,32,0,36,0,9,41,0,50,40,0,40,90
01/02/2004,OXR,CA,AWP,WE,Federal Contract Tower,0,8,13,0,21,0,7,0,2,9,0,15,13,2,30,0,0,0,30
01/03/2004,OXR,CA,AWP,WE,Federal Contract Tower,0,17,39,0,56,0,2,85,10,97,0,19,124,10,153,243,0,243,396
01/04/2004,OXR,CA,AWP,WE,Federal Contract Tower,0,12,28,0,40,0,12,95,2,109,0,24,123,2,149,175,0,175,324
01/05/2004,OXR,CA,AWP,WE,Federal Contract Tower,0,8,18,0,26,0,26,18,8,52,0,34,36,8,78,34,0,34,112
01/06/2004,OXR,CA,AWP,WE,Federal Contract Tower,0,19,42,0,61,0,10,81,2,93,0,29,123,2,154,147,0,147,301
01/07/2004,OXR,CA,AWP,WE,Federal Contract Tower,0,17,38,0,55,0,25,80,6,111,0,42,118,6,166,130,0,130,296
01/08/2004,OXR,CA,AWP,WE,Federal Contract Tower,0,22,51,0,73,0,11,87,6,104,0,33,138,6,177,88,0,88,265
01/09/2004,OXR,CA,AWP,WE,Federal Contract Tower,0,19,42,0,61,0,16,78,0,94,0,35,120,0,155,124,0,124,279
01/10/2004,OXR,CA,AWP,WE,Federal Contract Tower,0,16,54,0,70,0,0,100,2,102,0,16,154,2,172,186,0,186,358
01/11/2004,OXR,CA,AWP,WE,Federal Contract Tower,0,15,35,1,51,0,3,111,1,115,0,18,146,2,166,74,0,74,240
01/12/2004,OXR,CA,AWP,WE,Federal Contract Tower,0,16,39,0,55,0,8,35,0,43,0,24,74,0,98,41,0,41,139
01/13/2004,OXR,CA,AWP,WE,Federal Contract Tower,0,22,53,1,76,0,16,55,3,74,0,38,108,4,150,145,0,145,295
01/14/2004,OXR,CA,AWP,WE,Federal Contract Tower,0,16,40,0,56,0,24,88,0,112,0,40,128,0,168,54,0,54,222
01/15/2004,OXR,CA,AWP,WE,Federal Contract Tower,0,18,44,0,62,0,18,83,0,101,0,36,127,0,163,92,0,92,255
01/16/2004,OXR,CA,AWP,WE,Federal Contract Tower,0,16,40,0,56,0,14,74,2,90,0,30,114,2,146,30,0,30,176
01/17/2004,OXR,CA,AWP,WE,Federal Contract Tower,0,13,33,0,46,0,27,30,0,57,0,40,63,0,103,112,0,112,215
01/18/2004,OXR,CA,AWP,WE,Federal Contract Tower,0,12,64,0,76,0,0,58,2,60,0,12,122,2,136,76,0,76,212
01/19/2004,OXR,CA,AWP,WE,Federal Contract Tower,0,16,40,0,56,0,9,57,2,68,0,25,97,2,124,167,0,167,291
01/20/2004,OXR,CA,AWP,WE,Federal Contract Tower,0,30,73,0,103,0,22,38,2,62,0,52,111,2,165,70,0,70,235
01/21/2004,OXR,CA,AWP,WE,Federal Contract Tower,0,16,39,0,55,0,27,60,2,89,0,43,99,2,144,68,0,68,212
01/22/2004,OXR,CA,AWP,WE,Federal Contract Tower,0,14,34,0,48,0,9,104,6,119,0,23,138,6,167,108,0,108,275
01/23/2004,OXR,CA,AWP,WE,Federal Contract Tower,0,12,31,0,43,0,27,57,6,90,0,39,88,6,133,171,0,171,304
01/24/2004,OXR,CA,AWP,WE,Federal Contract Tower,0,18,45,0,63,0,3,49,0,52,0,21,94,0,115,203,0,203,318
01/25/2004,OXR,CA,AWP,WE,Federal Contract Tower,0,18,45,0,63,0,6,97,0,103,0,24,142,0,166,131,0,131,297
01/26/2004,OXR,CA,AWP,WE,Federal Contract Tower,0,18,43,0,61,0,6,77,4,87,0,24,120,4,148,129,0,129,277
01/27/2004,OXR,CA,AWP,WE,Federal Contract Tower,0,15,36,0,51,0,19,62,4,85,0,34,98,4,136,153,0,153,289
01/28/2004,OXR,CA,AWP,WE,Federal Contract Tower,0,16,40,0,56,0,21,77,2,100,0,37,117,2,156,100,0,100,256
01/29/2004,OXR,CA,AWP,WE,Federal Contract Tower,0,27,67,0,94,0,16,105,4,125,0,43,172,4,219,224,0,224,443
01/30/2004,OXR,CA,AWP,WE,Federal Contract Tower,0,21,53,0,74,0,25,106,2,133,0,46,159,2,207,134,0,134,341
01/31/2004,OXR,CA,AWP,WE,Federal Contract Tower,0,14,35,0,49,0,16,72,2,90,0,30,107,2,139,190,0,190,329
02/01/2004,OXR,CA,AWP,WE,Federal Contract Tower,0,12,34,0,46,0,5,86,2,93,0,17,120,2,139,196,0,196,335
02/02/2004,OXR,CA,AWP,WE,Federal Contract Tower,0,13,37,0,50,0,11,16,2,29,0,24,53,2,79,46,0,46,125
02/03/2004,OXR,CA,AWP,WE,Federal Contract Tower,0,15,43,0,58,0,16,40,4,60,0,31,83,4,118,116,0,116,234
02/04/2004,OXR,CA,AWP,WE,Federal Contract Tower,0,17,48,0,65,0,29,70,0,99,0,46,118,0,164,114,0,114,278
02/05/2004,OXR,CA,AWP,WE,Federal Contract Tower,0,23,63,0,86,0,15,120,0,135,0,38,183,0,221,158,0,158,379
02/06/2004,OXR,CA,AWP,WE,Federal Contract Tower,0,22,63,0,85,0,0,102,12,114,0,22,165,12,199,158,0,158,357
02/07/2004,OXR,CA,AWP,WE,Federal Contract Tower,0,14,38,0,52,0,4,58,2,64,0,18,96,2,116,288,0,288,404
02/08/2004,OXR,CA,AWP,WE,Federal Contract Tower,0,7,23,1,31,0,4,62,19,85,0,11,85,20,116,36,0,36,152
02/09/2004,OXR,CA,AWP,WE,Federal Contract Tower,0,8,25,1,34,0,27,43,1,71,0,35,68,2,105,16,0,16,121
02/10/2004,OXR,CA,AWP,WE,Federal Contract Tower,0,9,27,1,37,0,26,34,1,61,0,35,61,2,98,24,0,24,122
02/11/2004,OXR,CA,AWP,WE,Federal Contract Tower,0,8,26,1,35,0,28,79,5,112,0,36,105,6,147,104,0,104,251
02/12/2004,OXR,CA,AWP,WE,Federal Contract Tower,0,8,26,1,35,0,22,46,3,71,0,30,72,4,106,28,0,28,134
02/13/2004,OXR,CA,AWP,WE,Federal Contract Tower,0,8,26,0,34,0,12,87,0,99,0,20,113,0,133,162,0,162,295
02/14/2004,OXR,CA,AWP,WE,Federal Contract Tower,0,15,46,1,62,0,13,112,1,126,0,28,158,2,188,242,0,242,430
02/15/2004,OXR,CA,AWP,WE,Federal Contract Tower,0,10,46,1,57,0,0,147,1,148,0,10,193,2,205,194,0,194,399
02/16/2004,OXR,CA,AWP,WE,Federal Contract Tower,0,22,63,0,85,0,2,75,0,77,0,24,138,0,162,152,0,152,314
02/17/2004,OXR,CA,AWP,WE,Federal Contract Tower,0,15,44,0,59,0,24,76,0,100,0,39,120,0,159,114,0,114,273
02/18/2004,OXR,CA,AWP,WE,Federal Contract Tower,0,13,38,0,51,0,9,9,0,18,0,22,47,0,69,12,0,12,81
02/19/2004,OXR,CA,AWP,WE,Federal Contract Tower,0,18,56,0,74,0,20,83,2,105,0,38,139,2,179,102,0,102,281
02/20/2004,OXR,CA,AWP,WE,Federal Contract Tower,0,18,54,0,72,0,10,54,2,66,0,28,108,2,138,66,0,66,204
02/21/2004,OXR,CA,AWP,WE,Federal Contract Tower,0,20,73,0,93,0,0,14,2,16,0,20,87,2,109,49,0,49,158
02/22/2004,OXR,CA,AWP,WE,Federal Contract Tower,0,12,37,0,49,0,0,9,2,11,0,12,46,2,60,0,0,0,60
02/23/2004,OXR,CA,AWP,WE,Federal Contract Tower,0,16,47,0,63,0,14,62,6,82,0,30,109,6,145,127,0,127,272
02/24/2004,OXR,CA,AWP,WE,Federal Contract Tower,0,26,76,0,102,0,19,73,1,93,0,45,149,1,195,91,0,91,286
02/25/2004,OXR,CA,AWP,WE,Federal Contract Tower,0,15,46,0,61,0,11,7,0,18,0,26,53,0,79,0,0,0,79
02/26/2004,OXR,CA,AWP,WE,Federal Contract Tower,0,14,41,0,55,0,24,46,6,76,0,38,87,6,131,68,0,68,199
02/27/2004,OXR,CA,AWP,WE,Federal Contract Tower,0,12,36,0,48,0,16,30,7,53,0,28,66,7,101,78,0,78,179
02/28/2004,OXR,CA,AWP,WE,Federal Contract Tower,0,17,52,0,69,0,6,78,13,97,0,23,130,13,166,225,0,225,391
02/29/2004,OXR,CA,AWP,WE,Federal Contract Tower,0,13,41,0,54,0,7,104,0,111,0,20,145,0,165,260,0,260,425
03/01/2004,OXR,CA,AWP,WE,Federal Contract Tower,0,13,9,0,22,0,273,0,4,277,0,286,9,4,299,86,0,86,385
03/02/2004,OXR,CA,AWP,WE,Federal Contract Tower,0,19,34,0,53,0,292,0,8,300,0,311,34,8,353,90,0,90,443
03/03/2004,OXR,CA,AWP,WE,Federal Contract Tower,0,12,26,0,38,0,499,0,2,501,0,511,26,2,539,118,0,118,657
03/04/2004,OXR,CA,AWP,WE,Federal Contract Tower,0,19,45,0,64,0,212,19,2,233,0,231,64,2,297,130,0,130,427
03/05/2004,OXR,CA,AWP,WE,Federal Contract Tower,0,24,37,0,61,0,347,0,8,355,0,371,37,8,416,214,0,214,630
03/06/2004,OXR,CA,AWP,WE,Federal Contract Tower,0,15,35,0,50,0,126,28,2,156,0,141,63,2,206,239,0,239,445
03/07/2004,OXR,CA,AWP,WE,Federal Contract Tower,0,14,37,1,52,0,127,10,11,148,0,141,47,12,200,98,0,98,298
03/08/2004,OXR,CA,AWP,WE,Federal Contract Tower,0,15,39,1,55,0,386,4,5,395,0,401,43,6,450,262,0,262,712
03/09/2004,OXR,CA,AWP,WE,Federal Contract Tower,0,15,5,1,21,0,336,0,1,337,0,351,5,2,358,79,0,79,437
03/10/2004,OXR,CA,AWP,WE,Federal Contract Tower,0,19,0,1,20,0,332,0,3,335,0,351,0,4,355,50,0,50,405
03/11/2004,OXR,CA,AWP,WE,Federal Contract Tower,0,15,25,1,41,0,236,0,3,239,0,251,25,4,280,104,0,104,384
03/12/2004,OXR,CA,AWP,WE,Federal Contract Tower,0,21,3,0,24,0,245,0,0,245,0,266,3,0,269,22,0,22,291
03/13/2004,OXR,CA,AWP,WE,Federal Contract Tower,0,19,27,1,47,0,262,0,1,263,0,281,27,2,310,155,0,155,465
03/14/2004,OXR,CA,AWP,WE,Federal Contract Tower,0,28,3,0,31,0,210,0,0,210,0,238,3,0,241,0,0,0,241
03/15/2004,OXR,CA,AWP,WE,Federal Contract Tower,0,25,9,0,34,0,220,0,0,220,0,245,9,0,254,0,0,0,254
03/16/2004,OXR,CA,AWP,WE,Federal Contract Tower,0,19,5,0,24,0,218,0,2,220,0,237,5,2,244,0,0,0,244
03/17/2004,OXR,CA,AWP,WE,Federal Contract Tower,0,21,8,0,29,0,238,0,2,240,0,259,8,2,269,4,0,4,273
03/18/2004,OXR,CA,AWP,WE,Federal Contract Tower,0,24,3,0,27,0,275,0,0,275,0,299,3,0,302,4,0,4,306
03/19/2004,OXR,CA,AWP,WE,Federal Contract Tower,0,30,2,0,32,0,319,0,0,319,0,349,2,0,351,20,0,20,371
03/20/2004,OXR,CA,AWP,WE,Federal Contract Tower,0,22,3,0,25,0,204,0,0,204,0,226,3,0,229,2,0,2,231
03/21/2004,OXR,CA,AWP,WE,Federal Contract Tower,0,22,1,0,23,0,279,0,0,279,0,301,1,0,302,86,0,86,388
03/22/2004,OXR,CA,AWP,WE,Federal Contract Tower,0,19,7,0,26,0,288,0,0,288,0,307,7,0,314,54,0,54,368
03/23/2004,OXR,CA,AWP,WE,Federal Contract Tower,0,27,9,0,36,0,372,0,0,372,0,399,9,0,408,56,0,56,464
03/24/2004,OXR,CA,AWP,WE,Federal Contract Tower,0,19,13,0,32,0,272,0,2,274,0,291,13,2,306,56,0,56,362
03/25/2004,OXR,CA,AWP,WE,Federal Contract Tower,0,16,10,0,26,0,405,0,2,407,0,421,10,2,433,168,0,168,601
03/26/2004,OXR,CA,AWP,WE,Federal Contract Tower,0,15,27,0,42,0,336,0,0,336,0,351,27,0,378,91,0,91,469
03/27/2004,OXR,CA,AWP,WE,Federal Contract Tower,0,8,22,0,30,0,163,2,4,169,0,171,24,4,199,249,0,249,448
03/28/2004,OXR,CA,AWP,WE,Federal Contract Tower,0,8,21,0,29,0,183,11,0,194,0,191,32,0,223,191,0,191,414
03/29/2004,OXR,CA,AWP,WE,Federal Contract Tower,0,13,5,0,18,0,478,0,6,484,0,491,5,6,502,298,0,298,800
03/30/2004,OXR,CA,AWP,WE,Federal Contract Tower,0,24,62,0,86,0,257,0,21,278,0,281,62,21,364,252,0,252,616
03/31/2004,OXR,CA,AWP,WE,Federal Contract Tower,0,14,23,0,37,0,327,0,10,337,0,341,23,10,374,240,0,240,614
04/01/2004,OXR,CA,AWP,WE,Federal Contract Tower,0,26,68,0,94,0,1,72,0,73,0,27,140,0,167,237,0,237,404
04/02/2004,OXR,CA,AWP,WE,Federal Contract Tower,0,26,67,0,93,0,7,86,2,95,0,33,153,2,188,110,0,110,298
04/03/2004,OXR,CA,AWP,WE,Federal Contract Tower,0,15,37,0,52,0,7,76,4,87,0,22,113,4,139,257,0,257,396
04/04/2004,OXR,CA,AWP,WE,Federal Contract Tower,0,13,34,1,48,0,6,137,14,157,0,19,171,15,205,280,0,280,485
04/05/2004,OXR,CA,AWP,WE,Federal Contract Tower,0,15,42,0,57,0,17,80,0,97,0,32,122,0,154,113,0,113,267
04/06/2004,OXR,CA,AWP,WE,Federal Contract Tower,0,15,41,1,57,0,17,85,3,105,0,32,126,4,162,148,0,148,310
04/07/2004,OXR,CA,AWP,WE,Federal Contract Tower,0,14,40,1,55,0,11,99,5,115,0,25,139,6,170,134,0,134,304
04/08/2004,OXR,CA,AWP,WE,Federal Contract Tower,0,17,48,0,65,0,16,32,0,48,0,33,80,0,113,38,0,38,151
04/09/2004,OXR,CA,AWP,WE,Federal Contract Tower,0,22,58,1,81,0,3,70,5,78,0,25,128,6,159,22,0,22,181
04/10/2004,OXR,CA,AWP,WE,Federal Contract Tower,0,21,66,1,88,0,0,13,3,16,0,21,79,4,104,69,0,69,173
04/11/2004,OXR,CA,AWP,WE,Federal Contract Tower,0,10,27,0,37,0,4,64,0,68,0,14,91,0,105,55,0,55,160
04/12/2004,OXR,CA,AWP,WE,Federal Contract Tower,0,15,40,1,56,0,9,45,5,59,0,24,85,6,115,80,0,80,195
04/13/2004,OXR,CA,AWP,WE,Federal Contract Tower,0,19,52,1,72,0,21,75,1,97,0,40,127,2,169,102,0,102,271
04/14/2004,OXR,CA,AWP,WE,Federal Contract Tower,0,18,50,1,69,0,22,112,1,135,0,40,162,2,204,96,0,96,300
04/15/2004,OXR,CA,AWP,WE,Federal Contract Tower,0,16,44,1,61,0,14,100,10,124,0,30,144,11,185,74,0,74,259
04/16/2004,OXR,CA,AWP,WE,Federal Contract Tower,0,15,42,1,58,0,20,94,3,117,0,35,136,4,175,150,0,150,325
04/17/2004,OXR,CA,AWP,WE,Federal Contract Tower,0,12,40,1,53,0,0,56,10,66,0,12,96,11,119,139,0,139,258
04/18/2004,OXR,CA,AWP,WE,Federal Contract Tower,0,9,25,0,34,0,17,123,0,140,0,26,148,0,174,210,0,210,384
04/19/2004,OXR,CA,AWP,WE,Federal Contract Tower,0,20,56,0,76,0,9,91,8,108,0,29,147,8,184,143,0,143,327
04/20/2004,OXR,CA,AWP,WE,Federal Contract Tower,0,14,40,0,54,0,35,79,9,123,0,49,119,9,177,99,0,99,276
04/21/2004,OXR,CA,AWP,WE,Federal Contract Tower,0,15,42,0,57,0,34,131,0,165,0,49,173,0,222,118,0,118,340
04/22/2004,OXR,CA,AWP,WE,Federal Contract Tower,0,12,35,0,47,0,24,123,4,151,0,36,158,4,198,60,0,60,258
04/23/2004,OXR,CA,AWP,WE,Federal Contract Tower,0,15,43,0,58,0,33,99,2,134,0,48,142,2,192,58,0,58,250
04/24/2004,OXR,CA,AWP,WE,Federal Contract Tower,0,9,25,0,34,0,12,169,18,199,0,21,194,18,233,265,0,265,498
04/25/2004,OXR,CA,AWP,WE,Federal Contract Tower,0,15,42,0,57,0,11,105,0,116,0,26,147,0,173,188,0,188,361
04/26/2004,OXR,CA,AWP,WE,Federal Contract Tower,0,12,35,0,47,0,14,106,10,130,0,26,141,10,177,130,0,130,307
04/27/2004,OXR,CA,AWP,WE,Federal Contract Tower,0,16,45,0,61,0,33,107,8,148,0,49,152,8,209,193,0,193,402
04/28/2004,OXR,CA,AWP,WE,Federal Contract Tower,0,26,72,0,98,0,2,14,6,22,0,28,86,6,120,2,0,2,122
04/29/2004,OXR,CA,AWP,WE,Federal Contract Tower,0,22,60,0,82,0,15,85,0,100,0,37,145,0,182,68,0,68,250
04/30/2004,OXR,CA,AWP,WE,Federal Contract Tower,0,15,42,0,57,0,21,37,2,60,0,36,79,2,117,135,0,135,252
05/01/2004,OXR,CA,AWP,WE,Federal Contract Tower,0,13,28,0,41,0,9,103,2,114,0,22,131,2,155,290,0,290,445
05/02/2004,OXR,CA,AWP,WE,Federal Contract Tower,0,13,29,0,42,0,8,135,6,149,0,21,164,6,191,121,0,121,312
05/03/2004,OXR,CA,AWP,WE,Federal Contract Tower,0,20,46,0,66,0,30,92,4,126,0,50,138,4,192,224,0,224,416
05/04/2004,OXR,CA,AWP,WE,Federal Contract Tower,0,18,41,0,59,0,32,76,8,116,0,50,117,8,175,134,0,134,309
05/05/2004,OXR,CA,AWP,WE,Federal Contract Tower,0,17,39,0,56,0,22,85,14,121,0,39,124,14,177,94,0,94,271
05/06/2004,OXR,CA,AWP,WE,Federal Contract Tower,0,18,39,0,57,0,14,93,6,113,0,32,132,6,170,131,0,131,301
05/07/2004,OXR,CA,AWP,WE,Federal Contract Tower,0,19,42,0,61,0,14,140,0,154,0,33,182,0,215,182,0,182,397
05/08/2004,OXR,CA,AWP,WE,Federal Contract Tower,0,13,29,0,42,0,9,120,6,135,0,22,149,6,177,159,0,159,336
05/09/2004,OXR,CA,AWP,WE,Federal Contract Tower,0,7,16,0,23,0,11,108,0,119,0,18,124,0,142,78,0,78,220
05/10/2004,OXR,CA,AWP,WE,Federal Contract Tower,0,19,43,0,62,0,14,73,12,99,0,33,116,12,161,204,0,204,365
05/11/2004,OXR,CA,AWP,WE,Federal Contract Tower,0,14,32,0,46,0,15,96,0,111,0,29,128,0,157,198,0,198,355
05/12/2004,OXR,CA,AWP,WE,Federal Contract Tower,0,19,41,0,60,0,25,119,2,146,0,44,160,2,206,135,0,135,341
05/13/2004,OXR,CA,AWP,WE,Federal Contract Tower,0,16,34,0,50,0,12,115,8,135,0,28,149,8,185,136,0,136,321
05/14/2004,OXR,CA,AWP,WE,Federal Contract Tower,0,19,43,0,62,0,36,166,8,210,0,55,209,8,272,122,0,122,394
05/15/2004,OXR,CA,AWP,WE,Federal Contract Tower,0,12,28,1,41,0,13,89,3,105,0,25,117,4,146,143,0,143,289
05/16/2004,OXR,CA,AWP,WE,Federal Contract Tower,0,19,46,1,66,0,7,100,9,116,0,26,146,10,182,196,0,196,378
05/17/2004,OXR,CA,AWP,WE,Federal Contract Tower,0,15,37,1,53,0,23,46,9,78,0,38,83,10,131,54,0,54,185
05/18/2004,OXR,CA,AWP,WE,Federal Contract Tower,0,18,43,0,61,0,62,81,10,153,0,80,124,10,214,118,0,118,332
05/19/2004,OXR,CA,AWP,WE,Federal Contract Tower,0,16,38,0,54,0,27,51,12,90,0,43,89,12,144,66,0,66,210
05/20/2004,OXR,CA,AWP,WE,Federal Contract Tower,0,24,59,0,83,0,25,79,8,112,0,49,138,8,195,122,0,122,317
05/21/2004,OXR,CA,AWP,WE,Federal Contract Tower,0,23,54,0,77,0,20,81,0,101,0,43,135,0,178,126,0,126,304
05/22/2004,OXR,CA,AWP,WE,Federal Contract Tower,0,12,28,0,40,0,29,81,2,112,0,41,109,2,152,176,0,176,328
05/23/2004,OXR,CA,AWP,WE,Federal Contract Tower,0,12,29,0,41,0,2,99,0,101,0,14,128,0,142,170,0,170,312
05/24/2004,OXR,CA,AWP,WE,Federal Contract Tower,0,25,60,0,85,0,18,77,4,99,0,43,137,4,184,112,0,112,296
05/25/2004,OXR,CA,AWP,WE,Federal Contract Tower,0,22,53,0,75,0,12,97,6,115,0,34,150,6,190,183,0,183,373
05/26/2004,OXR,CA,AWP,WE,Federal Contract Tower,0,21,52,0,73,0,24,78,4,106,0,45,130,4,179,70,0,70,249
05/27/2004,OXR,CA,AWP,WE,Federal Contract Tower,0,24,56,0,80,0,18,76,0,94,0,42,132,0,174,46,0,46,220
05/28/2004,OXR,CA,AWP,WE,Federal Contract Tower,0,23,54,0,77,0,4,56,11,71,0,27,110,11,148,66,0,66,214
05/29/2004,OXR,CA,AWP,WE,Federal Contract Tower,0,17,42,0,59,0,4,97,0,101,0,21,139,0,160,115,0,115,275
05/30/2004,OXR,CA,AWP,WE,Federal Contract Tower,0,6,17,0,23,0,11,85,0,96,0,17,102,0,119,176,0,176,295
05/31/2004,OXR,CA,AWP,WE,Federal Contract Tower,0,13,32,0,45,0,6,157,0,163,0,19,189,0,208,186,0,186,394
06/01/2004,OXR,CA,AWP,WE,Federal Contract Tower,0,23,51,0,74,0,23,85,6,114,0,46,136,6,188,183,0,183,371
06/02/2004,OXR,CA,AWP,WE,Federal Contract Tower,0,20,45,0,65,0,21,67,9,97,0,41,112,9,162,24,0,24,186
06/03/2004,OXR,CA,AWP,WE,Federal Contract Tower,0,25,56,0,81,0,29,37,6,72,0,54,93,6,153,0,0,0,153
06/04/2004,OXR,CA,AWP,WE,Federal Contract Tower,0,33,74,0,107,0,25,8,0,33,0,58,82,0,140,0,0,0,140
06/05/2004,OXR,CA,AWP,WE,Federal Contract Tower,0,18,40,0,58,0,13,51,2,66,0,31,91,2,124,78,0,78,202
06/06/2004,OXR,CA,AWP,WE,Federal Contract Tower,0,16,35,0,51,0,23,93,2,118,0,39,128,2,169,69,0,69,238
06/07/2004,OXR,CA,AWP,WE,Federal Contract Tower,0,18,39,0,57,0,8,17,1,26,0,26,56,1,83,10,0,10,93
06/08/2004,OXR,CA,AWP,WE,Federal Contract Tower,0,5,13,1,19,0,28,18,5,51,0,33,31,6,70,0,0,0,70
06/09/2004,OXR,CA,AWP,WE,Federal Contract Tower,0,18,40,1,59,0,33,64,13,110,0,51,104,14,169,58,0,58,227
06/10/2004,OXR,CA,AWP,WE,Federal Contract Tower,0,19,43,1,63,0,15,89,9,113,0,34,132,10,176,111,0,111,287
06/11/2004,OXR,CA,AWP,WE,Federal Contract Tower,0,13,30,1,44,0,23,68,5,96,0,36,98,6,140,60,0,60,200
06/12/2004,OXR,CA,AWP,WE,Federal Contract Tower,0,10,24,1,35,0,14,85,5,104,0,24,109,6,139,255,0,255,394
06/13/2004,OXR,CA,AWP,WE,Federal Contract Tower,0,15,33,1,49,0,7,118,3,128,0,22,151,4,177,152,0,152,329
06/14/2004,OXR,CA,AWP,WE,Federal Contract Tower,0,18,40,1,59,0,10,58,1,69,0,28,98,2,128,44,0,44,172
06/15/2004,OXR,CA,AWP,WE,Federal Contract Tower,0,17,39,1,57,0,15,69,5,89,0,32,108,6,146,156,0,156,302
06/16/2004,OXR,CA,AWP,WE,Federal Contract Tower,0,32,72,1,105,0,6,37,7,50,0,38,109,8,155,60,0,60,215
06/17/2004,OXR,CA,AWP,WE,Federal Contract Tower,0,24,56,1,81,0,21,50,11,82,0,45,106,12,163,44,0,44,207
06/18/2004,OXR,CA,AWP,WE,Federal Contract Tower,0,27,64,0,91,0,16,51,13,80,0,43,115,13,171,54,0,54,225
06/19/2004,OXR,CA,AWP,WE,Federal Contract Tower,0,19,43,0,62,0,14,53,2,69,0,33,96,2,131,54,0,54,185
06/20/2004,OXR,CA,AWP,WE,Federal Contract Tower,0,24,55,0,79,0,18,58,0,76,0,42,113,0,155,88,0,88,243
06/21/2004,OXR,CA,AWP,WE,Federal Contract Tower,0,24,56,0,80,0,24,35,2,61,0,48,91,2,141,38,0,38,179
06/22/2004,OXR,CA,AWP,WE,Federal Contract Tower,0,31,71,0,102,0,24,48,6,78,0,55,119,6,180,30,0,30,210
06/23/2004,OXR,CA,AWP,WE,Federal Contract Tower,0,26,61,0,87,0,9,33,0,42,0,35,94,0,129,54,0,54,183
06/24/2004,OXR,CA,AWP,WE,Federal Contract Tower,0,24,57,0,81,0,1,49,6,56,0,25,106,6,137,16,0,16,153
06/25/2004,OXR,CA,AWP,WE,Federal Contract Tower,0,16,39,0,55,0,22,64,2,88,0,38,103,2,143,38,0,38,181
06/26/2004,OXR,CA,AWP,WE,Federal Contract Tower,0,16,37,0,53,0,4,50,4,58,0,20,87,4,111,103,0,103,214
06/27/2004,OXR,CA,AWP,WE,Federal Contract Tower,0,15,36,0,51,0,4,84,0,88,0,19,120,0,139,104,0,104,243
06/28/2004,OXR,CA,AWP,WE,Federal Contract Tower,0,21,50,0,71,0,14,37,2,53,0,35,87,2,124,46,0,46,170
06/29/2004,OXR,CA,AWP,WE,Federal Contract Tower,0,25,57,0,82,0,24,46,0,70,0,49,103,0,152,131,0,131,283
06/30/2004,OXR,CA,AWP,WE,Federal Contract Tower,0,15,36,0,51,0,34,71,2,107,0,49,107,2,158,42,0,42,200
07/01/2004,OXR,CA,AWP,WE,Federal Contract Tower,0,16,37,0,53,0,25,78,10,113,0,41,115,10,166,128,0,128,294
07/02/2004,OXR,CA,AWP,WE,Federal Contract Tower,0,19,46,0,65,0,22,103,0,125,0,41,149,0,190,106,0,106,296
07/03/2004,OXR,CA,AWP,WE,Federal Contract Tower,0,17,40,0,57,0,0,60,4,64,0,17,100,4,121,127,0,127,248
07/04/2004,OXR,CA,AWP,WE,Federal Contract Tower,0,8,19,0,27,0,5,72,0,77,0,13,91,0,104,36,0,36,140
07/05/2004,OXR,CA,AWP,WE,Federal Contract Tower,0,10,35,0,45,0,0,44,0,44,0,10,79,0,89,57,0,57,146
07/06/2004,OXR,CA,AWP,WE,Federal Contract Tower,0,19,46,0,65,0,2,28,0,30,0,21,74,0,95,45,0,45,140
07/07/2004,OXR,CA,AWP,WE,Federal Contract Tower,0,17,42,0,59,0,5,60,0,65,0,22,102,0,124,96,0,96,220
07/08/2004,OXR,CA,AWP,WE,Federal Contract Tower,0,13,32,0,45,0,15,74,2,91,0,28,106,2,136,170,0,170,306
07/09/2004,OXR,CA,AWP,WE,Federal Contract Tower,0,15,37,0,52,0,15,61,14,90,0,30,98,14,142,128,0,128,270
07/10/2004,OXR,CA,AWP,WE,Federal Contract Tower,0,12,32,1,45,0,15,136,1,152,0,27,168,2,197,191,0,191,388
07/11/2004,OXR,CA,AWP,WE,Federal Contract Tower,0,14,51,0,65,0,0,102,0,102,0,14,153,0,167,79,0,79,246
07/12/2004,OXR,CA,AWP,WE,Federal Contract Tower,0,20,52,0,72,0,12,95,0,107,0,32,147,0,179,188,0,188,367
07/13/2004,OXR,CA,AWP,WE,Federal Contract Tower,0,17,43,1,61,0,20,84,9,113,0,37,127,10,174,250,0,250,424
07/14/2004,OXR,CA,AWP,WE,Federal Contract Tower,0,17,43,0,60,0,18,112,0,130,0,35,155,0,190,230,0,230,420
07/15/2004,OXR,CA,AWP,WE,Federal Contract Tower,0,18,47,0,65,0,17,104,10,131,0,35,151,10,196,140,0,140,336
07/16/2004,OXR,CA,AWP,WE,Federal Contract Tower,0,12,33,0,45,0,35,118,12,165,0,47,151,12,210,278,0,278,488
07/17/2004,OXR,CA,AWP,WE,Federal Contract Tower,0,10,25,0,35,0,33,97,6,136,0,43,122,6,171,265,0,265,436
07/18/2004,OXR,CA,AWP,WE,Federal Contract Tower,0,14,37,0,51,0,6,118,6,130,0,20,155,6,181,148,0,148,329
07/19/2004,OXR,CA,AWP,WE,Federal Contract Tower,0,10,25,0,35,0,15,89,6,110,0,25,114,6,145,82,0,82,227
07/20/2004,OXR,CA,AWP,WE,Federal Contract Tower,0,17,43,0,60,0,24,92,6,122,0,41,135,6,182,161,0,161,343
07/21/2004,OXR,CA,AWP,WE,Federal Contract Tower,0,23,58,0,81,0,0,98,8,106,0,23,156,8,187,53,0,53,240
07/22/2004,OXR,CA,AWP,WE,Federal Contract Tower,0,26,67,0,93,0,6,19,0,25,0,32,86,0,118,0,0,0,118
07/23/2004,OXR,CA,AWP,WE,Federal Contract Tower,0,22,55,0,77,0,20,163,4,187,0,42,218,4,264,43,0,43,307
07/24/2004,OXR,CA,AWP,WE,Federal Contract Tower,0,11,30,0,41,0,18,77,2,97,0,29,107,2,138,150,0,150,288
07/25/2004,OXR,CA,AWP,WE,Federal Contract Tower,0,6,17,0,23,0,15,88,2,105,0,21,105,2,128,76,0,76,204
07/26/2004,OXR,CA,AWP,WE,Federal Contract Tower,0,15,39,0,54,0,20,33,0,53,0,35,72,0,107,25,0,25,132
07/27/2004,OXR,CA,AWP,WE,Federal Contract Tower,0,25,63,0,88,0,29,54,8,91,0,54,117,8,179,70,0,70,249
07/28/2004,OXR,CA,AWP,WE,Federal Contract Tower,0,18,45,0,63,0,32,80,6,118,0,50,125,6,181,107,0,107,288
07/29/2004,OXR,CA,AWP,WE,Federal Contract Tower,0,19,48,0,67,0,17,114,4,135,0,36,162,4,202,66,0,66,268
07/30/2004,OXR,CA,AWP,WE,Federal Contract Tower,0,19,48,0,67,0,13,76,0,89,0,32,124,0,156,76,0,76,232
07/31/2004,OXR,CA,AWP,WE,Federal Contract Tower,0,18,46,0,64,0,4,38,0,42,0,22,84,0,106,44,0,44,150
08/01/2004,OXR,CA,AWP,WE,Federal Contract Tower,0,24,48,0,72,0,6,103,0,109,0,30,151,0,181,70,0,70,251
08/02/2004,OXR,CA,AWP,WE,Federal Contract Tower,0,22,44,0,66,0,8,68,2,78,0,30,112,2,144,40,0,40,184
08/03/2004,OXR,CA,AWP,WE,Federal Contract Tower,0,21,43,0,64,0,21,125,2,148,0,42,168,2,212,159,0,159,371
08/04/2004,OXR,CA,AWP,WE,Federal Contract Tower,0,25,51,0,76,0,18,45,2,65,0,43,96,2,141,24,0,24,165
08/05/2004,OXR,CA,AWP,WE,Federal Contract Tower,0,23,47,0,70,0,12,90,2,104,0,35,137,2,174,58,0,58,232
08/06/2004,OXR,CA,AWP,WE,Federal Contract Tower,0,19,38,0,57,0,15,76,2,93,0,34,114,2,150,86,0,86,236
08/07/2004,OXR,CA,AWP,WE,Federal Contract Tower,0,24,47,0,71,0,1,125,0,126,0,25,172,0,197,105,0,105,302
08/08/2004,OXR,CA,AWP,WE,Federal Contract Tower,0,22,43,0,65,0,0,55,2,57,0,22,98,2,122,40,0,40,162
08/09/2004,OXR,CA,AWP,WE,Federal Contract Tower,0,19,37,0,56,0,13,87,2,102,0,32,124,2,158,134,0,134,292
08/10/2004,OXR,CA,AWP,WE,Federal Contract Tower,0,21,42,0,63,0,19,112,0,131,0,40,154,0,194,100,0,100,294
08/11/2004,OXR,CA,AWP,WE,Federal Contract Tower,0,29,60,0,89,0,16,79,0,95,0,45,139,0,184,117,0,117,301
08/12/2004,OXR,CA,AWP,WE,Federal Contract Tower,0,22,46,1,69,0,21,13,1,35,0,43,59,2,104,10,0,10,114
08/13/2004,OXR,CA,AWP,WE,Federal Contract Tower,0,23,49,0,72,0,20,95,0,115,0,43,144,0,187,30,0,30,217
08/14/2004,OXR,CA,AWP,WE,Federal Contract Tower,0,15,32,1,48,0,8,125,3,136,0,23,157,4,184,193,0,193,377
08/15/2004,OXR,CA,AWP,WE,Federal Contract Tower,0,15,31,0,46,0,23,94,0,117,0,38,125,0,163,108,0,108,271
08/16/2004,OXR,CA,AWP,WE,Federal Contract Tower,0,27,58,0,85,0,11,32,0,43,0,38,90,0,128,8,0,8,136
08/17/2004,OXR,CA,AWP,WE,Federal Contract Tower,0,33,69,0,102,0,24,17,8,49,0,57,86,8,151,22,0,22,173
08/18/2004,OXR,CA,AWP,WE,Federal Contract Tower,0,23,48,0,71,0,14,18,2,34,0,37,66,2,105,28,0,28,133
08/19/2004,OXR,CA,AWP,WE,Federal Contract Tower,0,22,47,0,69,0,25,60,4,89,0,47,107,4,158,48,0,48,206
08/20/2004,OXR,CA,AWP,WE,Federal Contract Tower,0,21,45,0,66,0,12,74,0,86,0,33,119,0,152,53,0,53,205
08/21/2004,OXR,CA,AWP,WE,Federal Contract Tower,0,24,51,0,75,0,17,79,4,100,0,41,130,4,175,43,0,43,218
08/22/2004,OXR,CA,AWP,WE,Federal Contract Tower,0,13,27,0,40,0,19,99,0,118,0,32,126,0,158,93,0,93,251
08/23/2004,OXR,CA,AWP,WE,Federal Contract Tower,0,12,25,0,37,0,16,61,2,79,0,28,86,2,116,105,0,105,221
08/24/2004,OXR,CA,AWP,WE,Federal Contract Tower,0,21,44,0,65,0,27,55,6,88,0,48,99,6,153,96,0,96,249
08/25/2004,OXR,CA,AWP,WE,Federal Contract Tower,0,24,51,0,75,0,22,70,4,96,0,46,121,4,171,36,0,36,207
08/26/2004,OXR,CA,AWP,WE,Federal Contract Tower,0,23,50,0,73,0,13,52,2,67,0,36,102,2,140,67,0,67,207
08/27/2004,OXR,CA,AWP,WE,Federal Contract Tower,0,15,31,0,46,0,14,95,2,111,0,29,126,2,157,34,0,34,191
08/28/2004,OXR,CA,AWP,WE,Federal Contract Tower,0,11,25,0,36,0,26,60,2,88,0,37,85,2,124,19,0,19,143
08/29/2004,OXR,CA,AWP,WE,Federal Contract Tower,0,11,25,0,36,0,0,79,8,87,0,11,104,8,123,52,0,52,175
08/30/2004,OXR,CA,AWP,WE,Federal Contract Tower,0,12,25,0,37,0,14,45,4,63,0,26,70,4,100,79,0,79,179
08/31/2004,OXR,CA,AWP,WE,Federal Contract Tower,0,18,39,0,57,0,10,90,2,102,0,28,129,2,159,98,0,98,257
09/01/2004,OXR,CA,AWP,WE,Federal Contract Tower,0,14,41,1,56,0,17,93,5,115,0,31,134,6,171,128,0,128,299
09/02/2004,OXR,CA,AWP,WE,Federal Contract Tower,0,11,33,1,45,0,28,72,3,103,0,39,105,4,148,96,0,96,244
09/03/2004,OXR,CA,AWP,WE,Federal Contract Tower,0,21,58,0,79,0,16,105,0,121,0,37,163,0,200,58,0,58,258
09/04/2004,OXR,CA,AWP,WE,Federal Contract Tower,0,13,34,1,48,0,8,104,1,113,0,21,138,2,161,123,0,123,284
09/05/2004,OXR,CA,AWP,WE,Federal Contract Tower,0,9,25,1,35,0,8,123,1,132,0,17,148,2,167,135,0,135,302
09/06/2004,OXR,CA,AWP,WE,Federal Contract Tower,0,13,33,1,47,0,14,142,1,157,0,27,175,2,204,66,0,66,270
09/07/2004,OXR,CA,AWP,WE,Federal Contract Tower,0,20,53,0,73,0,22,85,0,107,0,42,138,0,180,133,0,133,313
09/08/2004,OXR,CA,AWP,WE,Federal Contract Tower,0,26,68,0,94,0,12,86,0,98,0,38,154,0,192,98,0,98,290
09/09/2004,OXR,CA,AWP,WE,Federal Contract Tower,0,14,36,1,51,0,10,75,1,86,0,24,111,2,137,72,0,72,209
09/10/2004,OXR,CA,AWP,WE,Federal Contract Tower,0,17,45,1,63,0,26,92,7,125,0,43,137,8,188,62,0,62,250
09/11/2004,OXR,CA,AWP,WE,Federal Contract Tower,0,10,34,1,45,0,0,124,1,125,0,10,158,2,170,136,0,136,306
09/12/2004,OXR,CA,AWP,WE,Federal Contract Tower,0,9,25,1,35,0,8,101,7,116,0,17,126,8,151,48,0,48,199
09/13/2004,OXR,CA,AWP,WE,Federal Contract Tower,0,18,46,0,64,0,17,67,0,84,0,35,113,0,148,54,0,54,202
09/14/2004,OXR,CA,AWP,WE,Federal Contract Tower,0,20,51,0,71,0,26,48,0,74,0,46,99,0,145,102,0,102,247
09/15/2004,OXR,CA,AWP,WE,Federal Contract Tower,0,21,54,1,76,0,36,51,9,96,0,57,105,10,172,56,0,56,228
09/16/2004,OXR,CA,AWP,WE,Federal Contract Tower,0,23,62,2,87,0,34,58,4,96,0,57,120,6,183,82,0,82,265
09/17/2004,OXR,CA,AWP,WE,Federal Contract Tower,0,17,44,1,62,0,20,42,3,65,0,37,86,4,127,36,0,36,163
09/18/2004,OXR,CA,AWP,WE,Federal Contract Tower,0,9,22,1,32,0,7,63,3,73,0,16,85,4,105,75,0,75,180
09/19/2004,OXR,CA,AWP,WE,Federal Contract Tower,0,7,18,1,26,0,12,54,1,67,0,19,72,2,93,80,0,80,173
09/20/2004,OXR,CA,AWP,WE,Federal Contract Tower,0,10,28,0,38,0,22,65,0,87,0,32,93,0,125,67,0,67,192
09/21/2004,OXR,CA,AWP,WE,Federal Contract Tower,0,9,25,0,34,0,32,39,2,73,0,41,64,2,107,22,0,22,129
09/22/2004,OXR,CA,AWP,WE,Federal Contract Tower,0,16,41,0,57,0,20,101,2,123,0,36,142,2,180,120,0,120,300
09/23/2004,OXR,CA,AWP,WE,Federal Contract Tower,0,20,52,0,72,0,7,144,10,161,0,27,196,10,233,187,0,187,420
09/24/2004,OXR,CA,AWP,WE,Federal Contract Tower,0,17,46,0,63,0,9,103,0,112,0,26,149,0,175,117,0,117,292
09/25/2004,OXR,CA,AWP,WE,Federal Contract Tower,0,10,28,0,38,0,10,130,8,148,0,20,158,8,186,138,0,138,324
09/26/2004,OXR,CA,AWP,WE,Federal Contract Tower,0,11,30,0,41,0,6,37,2,45,0,17,67,2,86,0,0,0,86
09/27/2004,OXR,CA,AWP,WE,Federal Contract Tower,0,20,52,0,72,0,8,36,6,50,0,28,88,6,122,1,0,1,123
09/28/2004,OXR,CA,AWP,WE,Federal Contract Tower,0,16,42,0,58,0,19,44,4,67,0,35,86,4,125,64,0,64,189
09/29/2004,OXR,CA,AWP,WE,Federal Contract Tower,0,21,54,0,75,0,24,63,0,87,0,45,117,0,162,69,0,69,231
09/30/2004,OXR,CA,AWP,WE,Federal Contract Tower,0,29,76,1,106,0,18,65,3,86,0,47,141,4,192,114,0,114,306
10/01/2004,OXR,CA,AWP,WE,Federal Contract Tower,0,15,54,0,69,0,3,60,4,67,0,18,114,4,136,72,0,72,208
10/02/2004,OXR,CA,AWP,WE,Federal Contract Tower,0,18,31,0,49,0,21,109,0,130,0,39,140,0,179,93,0,93,272
10/03/2004,OXR,CA,AWP,WE,Federal Contract Tower,0,16,48,0,64,0,14,85,6,105,0,30,133,6,169,46,0,46,215
10/04/2004,OXR,CA,AWP,WE,Federal Contract Tower,0,21,33,0,54,0,13,71,0,84,0,34,104,0,138,131,0,131,269
10/05/2004,OXR,CA,AWP,WE,Federal Contract Tower,0,22,64,0,86,0,22,66,6,94,0,44,130,6,180,63,0,63,243
10/06/2004,OXR,CA,AWP,WE,Federal Contract Tower,0,29,42,0,71,0,4,27,0,31,0,33,69,0,102,2,0,2,104
10/07/2004,OXR,CA,AWP,WE,Federal Contract Tower,0,18,46,0,64,0,29,53,2,84,0,47,99,2,148,44,0,44,192
10/08/2004,OXR,CA,AWP,WE,Federal Contract Tower,0,19,48,0,67,0,8,71,0,79,0,27,119,0,146,88,0,88,234
10/09/2004,OXR,CA,AWP,WE,Federal Contract Tower,0,8,53,0,61,0,20,71,0,91,0,28,124,0,152,48,0,48,200
10/10/2004,OXR,CA,AWP,WE,Federal Contract Tower,0,8,41,0,49,0,15,109,0,124,0,23,150,0,173,68,0,68,241
10/11/2004,OXR,CA,AWP,WE,Federal Contract Tower,0,16,43,0,59,0,13,94,0,107,0,29,137,0,166,112,0,112,278
10/12/2004,OXR,CA,AWP,WE,Federal Contract Tower,0,20,50,0,70,0,19,79,6,104,0,39,129,6,174,44,0,44,218
10/13/2004,OXR,CA,AWP,WE,Federal Contract Tower,0,19,40,0,59,0,18,68,0,86,0,37,108,0,145,56,0,56,201
10/14/2004,OXR,CA,AWP,WE,Federal Contract Tower,0,21,60,1,82,0,0,0,3,3,0,21,60,4,85,0,0,0,85
10/15/2004,OXR,CA,AWP,WE,Federal Contract Tower,0,22,54,1,77,0,13,11,2,26,0,35,65,3,103,46,0,46,149
10/16/2004,OXR,CA,AWP,WE,Federal Contract Tower,0,8,64,0,72,0,15,58,0,73,0,23,122,0,145,102,0,102,247
10/17/2004,OXR,CA,AWP,WE,Federal Contract Tower,0,10,45,0,55,0,6,21,6,33,0,16,66,6,88,33,0,33,121
10/18/2004,OXR,CA,AWP,WE,Federal Contract Tower,0,25,48,0,73,0,5,5,0,10,0,30,53,0,83,0,0,0,83
10/19/2004,OXR,CA,AWP,WE,Federal Contract Tower,0,18,37,0,55,0,14,16,0,30,0,32,53,0,85,3,0,3,88
10/20/2004,OXR,CA,AWP,WE,Federal Contract Tower,0,18,54,0,72,0,12,40,10,62,0,30,94,10,134,12,0,12,146
10/21/2004,OXR,CA,AWP,WE,Federal Contract Tower,0,15,47,0,62,0,19,73,0,92,0,34,120,0,154,68,0,68,222
10/22/2004,OXR,CA,AWP,WE,Federal Contract Tower,0,20,46,1,67,0,33,73,7,113,0,53,119,8,180,118,0,118,298
10/23/2004,OXR,CA,AWP,WE,Federal Contract Tower,0,10,42,0,52,0,22,96,2,120,0,32,138,2,172,146,0,146,318
10/24/2004,OXR,CA,AWP,WE,Federal Contract Tower,0,9,55,0,64,0,32,114,4,150,0,41,169,4,214,110,0,110,324
10/25/2004,OXR,CA,AWP,WE,Federal Contract Tower,0,22,58,0,80,0,16,60,8,84,0,38,118,8,164,82,0,82,246
10/26/2004,OXR,CA,AWP,WE,Federal Contract Tower,0,17,41,0,58,0,14,28,0,42,0,31,69,0,100,10,0,10,110
10/27/2004,OXR,CA,AWP,WE,Federal Contract Tower,0,22,28,0,50,0,11,32,0,43,0,33,60,0,93,20,0,20,113
10/28/2004,OXR,CA,AWP,WE,Federal Contract Tower,0,25,33,0,58,0,17,84,2,103,0,42,117,2,161,88,0,88,249
10/29/2004,OXR,CA,AWP,WE,Federal Contract Tower,0,26,51,0,77,0,38,80,2,120,0,64,131,2,197,116,0,116,313
10/30/2004,OXR,CA,AWP,WE,Federal Contract Tower,0,8,32,0,40,0,23,164,11,198,0,31,196,11,238,209,0,209,447
10/31/2004,OXR,CA,AWP,WE,Federal Contract Tower,0,10,32,0,42,0,22,88,4,114,0,32,120,4,156,204,0,204,360
11/01/2004,OXR,CA,AWP,WE,Federal Contract Tower,0,16,7,1,24,0,7,37,3,47,0,23,44,4,71,0,0,0,71
11/02/2004,OXR,CA,AWP,WE,Federal Contract Tower,0,21,28,0,49,0,20,79,10,109,0,41,107,10,158,84,0,84,242
11/03/2004,OXR,CA,AWP,WE,Federal Contract Tower,0,20,26,0,46,0,32,91,4,127,0,52,117,4,173,113,0,113,286
11/04/2004,OXR,CA,AWP,WE,Federal Contract Tower,0,13,30,0,43,0,28,53,0,81,0,41,83,0,124,48,0,48,172
11/05/2004,OXR,CA,AWP,WE,Federal Contract Tower,0,19,51,0,70,0,12,67,6,85,0,31,118,6,155,158,0,158,313
11/06/2004,OXR,CA,AWP,WE,Federal Contract Tower,0,6,41,0,47,0,17,112,2,131,0,23,153,2,178,138,0,138,316
11/07/2004,OXR,CA,AWP,WE,Federal Contract Tower,0,8,27,4,39,0,18,47,0,65,0,26,74,4,104,112,0,112,216
11/08/2004,OXR,CA,AWP,WE,Federal Contract Tower,0,18,36,2,56,0,18,42,2,62,0,36,78,4,118,117,0,117,235
11/09/2004,OXR,CA,AWP,WE,Federal Contract Tower,0,24,63,0,87,0,26,77,4,107,0,50,140,4,194,121,0,121,315
11/10/2004,OXR,CA,AWP,WE,Federal Contract Tower,0,14,34,0,48,0,16,88,0,104,0,30,122,0,152,54,0,54,206
11/11/2004,OXR,CA,AWP,WE,Federal Contract Tower,0,16,70,0,86,0,18,74,4,96,0,34,144,4,182,54,0,54,236
11/12/2004,OXR,CA,AWP,WE,Federal Contract Tower,0,18,70,0,88,0,19,87,2,108,0,37,157,2,196,126,0,126,322
11/13/2004,OXR,CA,AWP,WE,Federal Contract Tower,0,13,54,0,67,0,14,85,6,105,0,27,139,6,172,111,0,111,283
11/14/2004,OXR,CA,AWP,WE,Federal Contract Tower,0,8,24,0,32,0,16,96,6,118,0,24,120,6,150,62,0,62,212
11/15/2004,OXR,CA,AWP,WE,Federal Contract Tower,0,13,28,0,41,0,10,53,8,71,0,23,81,8,112,22,0,22,134
11/16/2004,OXR,CA,AWP,WE,Federal Contract Tower,0,20,61,0,81,0,23,96,2,121,0,43,157,2,202,128,0,128,330
11/17/2004,OXR,CA,AWP,WE,Federal Contract Tower,0,29,57,0,86,0,15,83,2,100,0,44,140,2,186,98,0,98,284
11/18/2004,OXR,CA,AWP,WE,Federal Contract Tower,0,18,52,0,70,0,29,83,6,118,0,47,135,6,188,69,0,69,257
11/19/2004,OXR,CA,AWP,WE,Federal Contract Tower,0,13,61,0,74,0,32,49,2,83,0,45,110,2,157,96,0,96,253
11/20/2004,OXR,CA,AWP,WE,Federal Contract Tower,0,6,52,0,58,0,8,104,4,116,0,14,156,4,174,73,0,73,247
11/21/2004,OXR,CA,AWP,WE,Federal Contract Tower,0,10,19,0,29,0,16,57,2,75,0,26,76,2,104,53,0,53,157
11/22/2004,OXR,CA,AWP,WE,Federal Contract Tower,0,19,55,2,76,0,15,86,4,105,0,34,141,6,181,82,0,82,263
11/23/2004,OXR,CA,AWP,WE,Federal Contract Tower,0,18,61,0,79,0,30,73,2,105,0,48,134,2,184,16,0,16,200
11/24/2004,OXR,CA,AWP,WE,Federal Contract Tower,0,19,44,0,63,0,19,102,0,121,0,38,146,0,184,96,0,96,280
11/25/2004,OXR,CA,AWP,WE,Federal Contract Tower,0,4,17,0,21,0,15,72,0,87,0,19,89,0,108,16,0,16,124
11/26/2004,OXR,CA,AWP,WE,Federal Contract Tower,0,13,73,0,86,0,9,65,0,74,0,22,138,0,160,74,0,74,234
11/27/2004,OXR,CA,AWP,WE,Federal Contract Tower,0,11,87,0,98,0,0,22,0,22,0,11,109,0,120,11,0,11,131
11/28/2004,OXR,CA,AWP,WE,Federal Contract Tower,0,9,23,0,32,0,8,69,0,77,0,17,92,0,109,40,0,40,149
11/29/2004,OXR,CA,AWP,WE,Federal Contract Tower,0,20,17,0,37,0,19,59,0,78,0,39,76,0,115,34,0,34,149
11/30/2004,OXR,CA,AWP,WE,Federal Contract Tower,0,21,76,0,97,0,20,72,10,102,0,41,148,10,199,101,0,101,300
12/01/2004,OXR,CA,AWP,WE,Federal Contract Tower,0,23,51,0,74,0,22,78,10,110,0,45,129,10,184,66,0,66,250
12/02/2004,OXR,CA,AWP,WE,Federal Contract Tower,0,19,34,0,53,0,25,76,2,103,0,44,110,2,156,40,0,40,196
12/03/2004,OXR,CA,AWP,WE,Federal Contract Tower,0,16,19,0,35,0,22,56,0,78,0,38,75,0,113,48,0,48,161
12/04/2004,OXR,CA,AWP,WE,Federal Contract Tower,0,8,56,0,64,0,12,111,4,127,0,20,167,4,191,160,0,160,351
12/05/2004,OXR,CA,AWP,WE,Federal Contract Tower,0,9,30,0,39,0,3,21,4,28,0,12,51,4,67,18,0,18,85
12/06/2004,OXR,CA,AWP,WE,Federal Contract Tower,0,17,29,0,46,0,17,48,6,71,0,34,77,6,117,97,0,97,214
12/07/2004,OXR,CA,AWP,WE,Federal Contract Tower,0,22,59,1,82,0,22,11,7,40,0,44,70,8,122,0,0,0,122
12/08/2004,OXR,CA,AWP,WE,Federal Contract Tower,0,23,52,0,75,0,16,51,4,71,0,39,103,4,146,99,0,99,245
12/09/2004,OXR,CA,AWP,WE,Federal Contract Tower,0,26,30,2,58,0,21,83,6,110,0,47,113,8,168,86,0,86,254
12/10/2004,OXR,CA,AWP,WE,Federal Contract Tower,0,20,37,0,57,0,17,108,10,135,0,37,145,10,192,116,0,116,308
12/11/2004,OXR,CA,AWP,WE,Federal Contract Tower,0,11,47,0,58,0,10,153,2,165,0,21,200,2,223,122,0,122,345
12/12/2004,OXR,CA,AWP,WE,Federal Contract Tower,0,14,69,0,83,0,13,23,0,36,0,27,92,0,119,28,0,28,147
12/13/2004,OXR,CA,AWP,WE,Federal Contract Tower,0,20,49,0,69,0,14,58,4,76,0,34,107,4,145,48,0,48,193
12/14/2004,OXR,CA,AWP,WE,Federal Contract Tower,0,20,59,0,79,0,9,75,12,96,0,29,134,12,175,52,0,52,227
12/15/2004,OXR,CA,AWP,WE,Federal Contract Tower,0,16,53,0,69,0,12,77,4,93,0,28,130,4,162,63,0,63,225
12/16/2004,OXR,CA,AWP,WE,Federal Contract Tower,0,16,23,0,39,0,16,47,0,63,0,32,70,0,102,0,0,0,102
12/17/2004,OXR,CA,AWP,WE,Federal Contract Tower,0,15,21,0,36,0,2,49,16,67,0,17,70,16,103,36,0,36,139
12/18/2004,OXR,CA,AWP,WE,Federal Contract Tower,0,12,34,0,46,0,10,107,0,117,0,22,141,0,163,40,0,40,203
12/19/2004,OXR,CA,AWP,WE,Federal Contract Tower,0,10,43,0,53,0,9,140,2,151,0,19,183,2,204,146,0,146,350
12/20/2004,OXR,CA,AWP,WE,Federal Contract Tower,0,10,36,0,46,0,13,70,10,93,0,23,106,10,139,150,0,150,289
12/21/2004,OXR,CA,AWP,WE,Federal Contract Tower,0,25,42,0,67,0,28,70,3,101,0,53,112,3,168,136,14,150,318
12/22/2004,OXR,CA,AWP,WE,Federal Contract Tower,0,19,38,0,57,0,11,82,0,93,0,30,120,0,150,12,0,12,162
12/23/2004,OXR,CA,AWP,WE,Federal Contract Tower,0,19,29,0,48,0,5,77,2,84,0,24,106,2,132,49,0,49,181
12/24/2004,OXR,CA,AWP,WE,Federal Contract Tower,0,11,18,0,29,0,16,61,0,77,0,27,79,0,106,33,0,33,139
12/25/2004,OXR,CA,AWP,WE,Federal Contract Tower,0,8,10,0,18,0,0,32,0,32,0,8,42,0,50,16,0,16,66
12/26/2004,OXR,CA,AWP,WE,Federal Contract Tower,0,8,42,0,50,0,3,54,6,63,0,11,96,6,113,23,0,23,136
12/27/2004,OXR,CA,AWP,WE,Federal Contract Tower,0,16,32,0,48,0,2,25,2,29,0,18,57,2,77,14,0,14,91
12/28/2004,OXR,CA,AWP,WE,Federal Contract Tower,0,10,8,0,18,0,7,19,7,33,0,17,27,7,51,20,0,20,71
12/29/2004,OXR,CA,AWP,WE,Federal Contract Tower,0,21,19,0,40,0,7,27,0,34,0,28,46,0,74,14,0,14,88
12/30/2004,OXR,CA,AWP,WE,Federal Contract Tower,0,16,36,0,52,0,13,43,6,62,0,29,79,6,114,70,0,70,184
12/31/2004,OXR,CA,AWP,WE,Federal Contract Tower,0,10,26,0,36,0,10,41,2,53,0,20,67,2,89,2,0,2,91
01/01/2005,OXR,CA,AWP,WE,Federal Contract Tower,0,11,33,0,44,0,13,51,0,64,0,24,84,0,108,34,0,34,142
01/02/2005,OXR,CA,AWP,WE,Federal Contract Tower,0,8,45,0,53,0,3,15,0,18,0,11,60,0,71,6,0,6,77
01/03/2005,OXR,CA,AWP,WE,Federal Contract Tower,0,16,14,0,30,0,7,22,2,31,0,23,36,2,61,19,0,19,80
01/04/2005,OXR,CA,AWP,WE,Federal Contract Tower,0,15,28,0,43,0,16,32,0,48,0,31,60,0,91,26,0,26,117
01/05/2005,OXR,CA,AWP,WE,Federal Contract Tower,0,13,33,0,46,0,19,79,0,98,0,32,112,0,144,88,0,88,232
01/06/2005,OXR,CA,AWP,WE,Federal Contract Tower,0,14,45,0,59,0,32,60,12,104,0,46,105,12,163,59,0,59,222
01/07/2005,OXR,CA,AWP,WE,Federal Contract Tower,0,12,4,0,16,0,0,6,0,6,0,12,10,0,22,0,0,0,22
01/08/2005,OXR,CA,AWP,WE,Federal Contract Tower,0,6,43,0,49,0,1,15,2,18,0,7,58,2,67,2,0,2,69
01/09/2005,OXR,CA,AWP,WE,Federal Contract Tower,0,7,12,0,19,0,0,4,0,4,0,7,16,0,23,0,0,0,23
01/10/2005,OXR,CA,AWP,WE,Federal Contract Tower,0,29,34,0,63,0,12,26,0,38,0,41,60,0,101,0,0,0,101
01/11/2005,OXR,CA,AWP,WE,Federal Contract Tower,0,25,47,0,72,0,60,96,10,166,0,85,143,10,238,76,0,76,314
01/12/2005,OXR,CA,AWP,WE,Federal Contract Tower,0,15,58,0,73,0,63,146,8,217,0,78,204,8,290,96,0,96,386
01/13/2005,OXR,CA,AWP,WE,Federal Contract Tower,0,12,40,2,54,0,33,181,8,222,0,45,221,10,276,123,0,123,399
01/14/2005,OXR,CA,AWP,WE,Federal Contract Tower,0,16,42,0,58,0,34,191,4,229,0,50,233,4,287,112,0,112,399
01/15/2005,OXR,CA,AWP,WE,Federal Contract Tower,0,6,47,0,53,0,10,173,2,185,0,16,220,2,238,100,0,100,338
01/16/2005,OXR,CA,AWP,WE,Federal Contract Tower,0,9,18,0,27,0,5,125,4,134,0,14,143,4,161,131,0,131,292
01/17/2005,OXR,CA,AWP,WE,Federal Contract Tower,0,12,20,0,32,0,8,74,0,82,0,20,94,0,114,88,0,88,202
01/18/2005,OXR,CA,AWP,WE,Federal Contract Tower,0,13,11,0,24,0,14,95,4,113,0,27,106,4,137,36,0,36,173
01/19/2005,OXR,CA,AWP,WE,Federal Contract Tower,0,12,13,0,25,0,16,96,0,112,0,28,109,0,137,75,0,75,212
01/20/2005,OXR,CA,AWP,WE,Federal Contract Tower,0,17,44,0,61,0,28,116,0,144,0,45,160,0,205,100,0,100,305
01/21/2005,OXR,CA,AWP,WE,Federal Contract Tower,0,14,54,0,68,0,21,78,2,101,0,35,132,2,169,48,0,48,217
01/22/2005,OXR,CA,AWP,WE,Federal Contract Tower,0,11,71,0,82,0,18,69,0,87,0,29,140,0,169,36,0,36,205
01/23/2005,OXR,CA,AWP,WE,Federal Contract Tower,0,10,36,0,46,0,8,87,0,95,0,18,123,0,141,68,0,68,209
01/24/2005,OXR,CA,AWP,WE,Federal Contract Tower,0,17,33,2,52,0,23,64,0,87,0,40,97,2,139,55,0,55,194
01/25/2005,OXR,CA,AWP,WE,Federal Contract Tower,0,21,54,0,75,0,12,63,12,87,0,33,117,12,162,134,0,134,296
01/26/2005,OXR,CA,AWP,WE,Federal Contract Tower,0,15,50,0,65,0,4,19,14,37,0,19,69,14,102,26,0,26,128
01/27/2005,OXR,CA,AWP,WE,Federal Contract Tower,0,20,49,0,69,0,30,63,6,99,0,50,112,6,168,94,0,94,262
01/28/2005,OXR,CA,AWP,WE,Federal Contract Tower,0,14,44,0,58,0,25,31,4,60,0,39,75,4,118,52,0,52,170
01/29/2005,OXR,CA,AWP,WE,Federal Contract Tower,0,7,34,0,41,0,21,117,5,143,0,28,151,5,184,158,0,158,342
01/30/2005,OXR,CA,AWP,WE,Federal Contract Tower,0,9,35,0,44,0,4,128,0,132,0,13,163,0,176,114,0,114,290
01/31/2005,OXR,CA,AWP,WE,Federal Contract Tower,0,10,19,0,29,0,21,98,0,119,0,31,117,0,148,99,0,99,247
02/01/2005,OXR,CA,AWP,WE,Federal Contract Tower,0,12,23,0,35,0,13,95,10,118,0,25,118,10,153,63,0,63,216
02/02/2005,OXR,CA,AWP,WE,Federal Contract Tower,0,12,7,0,19,0,14,76,0,90,0,26,83,0,109,6,0,6,115
02/03/2005,OXR,CA,AWP,WE,Federal Contract Tower,0,14,23,0,37,0,10,93,6,109,0,24,116,6,146,50,0,50,196
02/04/2005,OXR,CA,AWP,WE,Federal Contract Tower,0,13,28,0,41,0,12,119,2,133,0,25,147,2,174,179,0,179,353
02/05/2005,OXR,CA,AWP,WE,Federal Contract Tower,0,13,45,0,58,0,14,145,0,159,0,27,190,0,217,148,0,148,365
02/06/2005,OXR,CA,AWP,WE,Federal Contract Tower,0,7,47,0,54,0,12,43,4,59,0,19,90,4,113,66,0,66,179
02/07/2005,OXR,CA,AWP,WE,Federal Contract Tower,0,13,52,0,65,0,5,50,12,67,0,18,102,12,132,43,0,43,175
02/08/2005,OXR,CA,AWP,WE,Federal Contract Tower,0,18,20,0,38,0,25,115,6,146,0,43,135,6,184,75,0,75,259
02/09/2005,OXR,CA,AWP,WE,Federal Contract Tower,0,14,16,0,30,0,19,115,4,138,0,33,131,4,168,52,0,52,220
02/10/2005,OXR,CA,AWP,WE,Federal Contract Tower,0,14,23,0,37,0,35,121,2,158,0,49,144,2,195,14,0,14,209
02/11/2005,OXR,CA,AWP,WE,Federal Contract Tower,0,15,19,0,34,0,13,21,2,36,0,28,40,2,70,0,0,0,70
02/12/2005,OXR,CA,AWP,WE,Federal Contract Tower,0,12,43,0,55,0,21,108,4,133,0,33,151,4,188,70,0,70,258
02/13/2005,OXR,CA,AWP,WE,Federal Contract Tower,0,8,45,0,53,0,10,80,0,90,0,18,125,0,143,82,0,82,225
02/14/2005,OXR,CA,AWP,WE,Federal Contract Tower,0,11,19,0,30,0,22,57,4,83,0,33,76,4,113,60,0,60,173
02/15/2005,OXR,CA,AWP,WE,Federal Contract Tower,0,20,36,0,56,0,21,59,0,80,0,41,95,0,136,95,0,95,231
02/16/2005,OXR,CA,AWP,WE,Federal Contract Tower,0,16,54,0,70,0,3,50,8,61,0,19,104,8,131,66,0,66,197
02/17/2005,OXR,CA,AWP,WE,Federal Contract Tower,0,20,24,0,44,0,16,51,7,74,0,36,75,7,118,47,0,47,165
02/18/2005,OXR,CA,AWP,WE,Federal Contract Tower,0,13,35,0,48,0,9,16,0,25,0,22,51,0,73,0,0,0,73
02/19/2005,OXR,CA,AWP,WE,Federal Contract Tower,0,7,15,0,22,0,0,42,0,42,0,7,57,0,64,54,0,54,118
02/20/2005,OXR,CA,AWP,WE,Federal Contract Tower,0,9,9,0,18,0,16,58,0,74,0,25,67,0,92,33,0,33,125
02/21/2005,OXR,CA,AWP,WE,Federal Contract Tower,0,13,12,0,25,0,11,26,0,37,0,24,38,0,62,0,0,0,62
02/22/2005,OXR,CA,AWP,WE,Federal Contract Tower,0,18,9,0,27,0,12,13,12,37,0,30,22,12,64,0,0,0,64
02/23/2005,OXR,CA,AWP,WE,Federal Contract Tower,0,21,31,2,54,0,27,101,10,138,0,48,132,12,192,125,0,125,317
02/24/2005,OXR,CA,AWP,WE,Federal Contract Tower,0,14,76,0,90,0,27,125,0,152,0,41,201,0,242,119,0,119,361
02/25/2005,OXR,CA,AWP,WE,Federal Contract Tower,0,24,55,1,80,0,34,76,4,114,0,58,131,5,194,125,0,125,319
02/26/2005,OXR,CA,AWP,WE,Federal Contract Tower,0,8,51,0,59,0,10,153,2,165,0,18,204,2,224,302,0,302,526
02/27/2005,OXR,CA,AWP,WE,Federal Contract Tower,0,6,55,0,61,0,6,145,2,153,0,12,200,2,214,337,0,337,551
02/28/2005,OXR,CA,AWP,WE,Federal Contract Tower,0,21,41,3,65,0,8,45,1,54,0,29,86,4,119,83,0,83,202
03/01/2005,OXR,CA,AWP,WE,Federal Contract Tower,0,28,50,0,78,0,17,127,6,150,0,45,177,6,228,214,0,214,442
03/02/2005,OXR,CA,AWP,WE,Federal Contract Tower,0,17,66,0,83,0,7,52,2,61,0,24,118,2,144,126,0,126,270
03/03/2005,OXR,CA,AWP,WE,Federal Contract Tower,0,24,78,1,103,0,20,123,3,146,0,44,201,4,249,232,0,232,481
03/04/2005,OXR,CA,AWP,WE,Federal Contract Tower,0,16,42,0,58,0,9,61,2,72,0,25,103,2,130,122,0,122,252
03/05/2005,OXR,CA,AWP,WE,Federal Contract Tower,0,11,50,0,61,0,9,162,4,175,0,20,212,4,236,218,0,218,454
03/06/2005,OXR,CA,AWP,WE,Federal Contract Tower,0,8,38,0,46,0,9,177,4,190,0,17,215,4,236,209,0,209,445
03/07/2005,OXR,CA,AWP,WE,Federal Contract Tower,0,16,32,0,48,0,13,104,6,123,0,29,136,6,171,249,0,249,420
03/08/2005,OXR,CA,AWP,WE,Federal Contract Tower,0,21,64,0,85,0,13,47,2,62,0,34,111,2,147,55,0,55,202
03/09/2005,OXR,CA,AWP,WE,Federal Contract Tower,0,26,95,0,121,0,6,12,0,18,0,32,107,0,139,56,0,56,195
03/10/2005,OXR,CA,AWP,WE,Federal Contract Tower,0,37,109,0,146,0,4,31,0,35,0,41,140,0,181,9,0,9,190
03/11/2005,OXR,CA,AWP,WE,Federal Contract Tower,0,30,90,0,120,0,11,12,0,23,0,41,102,0,143,0,0,0,143
03/12/2005,OXR,CA,AWP,WE,Federal Contract Tower,0,11,84,0,95,0,12,66,12,90,0,23,150,12,185,206,0,206,391
03/13/2005,OXR,CA,AWP,WE,Federal Contract Tower,0,8,55,0,63,0,14,70,4,88,0,22,125,4,151,225,0,225,376
03/14/2005,OXR,CA,AWP,WE,Federal Contract Tower,0,13,12,0,25,0,13,69,2,84,0,26,81,2,109,23,0,23,132
03/15/2005,OXR,CA,AWP,WE,Federal Contract Tower,0,15,45,0,60,0,13,150,8,171,0,28,195,8,231,153,0,153,384
03/16/2005,OXR,CA,AWP,WE,Federal Contract Tower,0,14,39,0,53,0,29,173,2,204,0,43,212,2,257,181,0,181,438
03/17/2005,OXR,CA,AWP,WE,Federal Contract Tower,0,16,35,0,51,0,22,169,6,197,0,38,204,6,248,179,0,179,427
03/18/2005,OXR,CA,AWP,WE,Federal Contract Tower,0,18,34,0,52,0,15,63,4,82,0,33,97,4,134,88,0,88,222
03/19/2005,OXR,CA,AWP,WE,Federal Contract Tower,0,9,21,0,30,0,4,49,0,53,0,13,70,0,83,130,0,130,213
03/20/2005,OXR,CA,AWP,WE,Federal Contract Tower,0,7,14,0,21,0,14,139,0,153,0,21,153,0,174,205,0,205,379
03/21/2005,OXR,CA,AWP,WE,Federal Contract Tower,0,15,11,0,26,0,12,139,8,159,0,27,150,8,185,164,0,164,349
03/22/2005,OXR,CA,AWP,WE,Federal Contract Tower,0,17,25,4,46,0,12,45,4,61,0,29,70,8,107,93,0,93,200
03/23/2005,OXR,CA,AWP,WE,Federal Contract Tower,0,15,35,0,50,0,8,77,10,95,0,23,112,10,145,81,0,81,226
03/24/2005,OXR,CA,AWP,WE,Federal Contract Tower,0,13,65,0,78,0,7,79,4,90,0,20,144,4,168,240,0,240,408
03/25/2005,OXR,CA,AWP,WE,Federal Contract Tower,0,20,56,0,76,0,17,186,2,205,0,37,242,2,281,206,0,206,487
03/26/2005,OXR,CA,AWP,WE,Federal Contract Tower,0,6,36,0,42,0,8,131,2,141,0,14,167,2,183,162,0,162,345
03/27/2005,OXR,CA,AWP,WE,Federal Contract Tower,0,6,10,0,16,0,7,142,1,150,0,13,152,1,166,142,0,142,308
03/28/2005,OXR,CA,AWP,WE,Federal Contract Tower,0,16,23,0,39,0,19,46,2,67,0,35,69,2,106,15,0,15,121
03/29/2005,OXR,CA,AWP,WE,Federal Contract Tower,0,16,35,0,51,0,25,89,4,118,0,41,124,4,169,87,0,87,256
03/30/2005,OXR,CA,AWP,WE,Federal Contract Tower,0,24,47,0,71,0,17,130,0,147,0,41,177,0,218,137,0,137,355
03/31/2005,OXR,CA,AWP,WE,Federal Contract Tower,0,16,9,0,25,0,11,50,2,63,0,27,59,2,88,2,0,2,90
04/01/2005,OXR,CA,AWP,WE,Federal Contract Tower,0,19,25,0,44,0,15,129,8,152,0,34,154,8,196,132,0,132,328
04/02/2005,OXR,CA,AWP,WE,Federal Contract Tower,0,10,25,0,35,0,16,214,0,230,0,26,239,0,265,279,0,279,544
04/03/2005,OXR,CA,AWP,WE,Federal Contract Tower,0,14,54,0,68,0,6,118,0,124,0,20,172,0,192,243,0,243,435
04/04/2005,OXR,CA,AWP,WE,Federal Contract Tower,0,23,28,0,51,0,15,91,10,116,0,38,119,10,167,189,0,189,356
04/05/2005,OXR,CA,AWP,WE,Federal Contract Tower,0,19,26,0,45,0,23,140,6,169,0,42,166,6,214,108,0,108,322
04/06/2005,OXR,CA,AWP,WE,Federal Contract Tower,0,15,43,0,58,0,29,137,8,174,0,44,180,8,232,145,0,145,377
04/07/2005,OXR,CA,AWP,WE,Federal Contract Tower,0,16,50,0,66,0,24,72,4,100,0,40,122,4,166,91,0,91,257
04/08/2005,OXR,CA,AWP,WE,Federal Contract Tower,0,15,14,0,29,0,21,105,6,132,0,36,119,6,161,43,0,43,204
04/09/2005,OXR,CA,AWP,WE,Federal Contract Tower,0,9,9,0,18,0,4,121,0,125,0,13,130,0,143,81,0,81,224
04/10/2005,OXR,CA,AWP,WE,Federal Contract Tower,0,8,14,1,23,0,10,158,5,173,0,18,172,6,196,222,0,222,418
04/11/2005,OXR,CA,AWP,WE,Federal Contract Tower,0,12,13,0,25,0,12,110,8,130,0,24,123,8,155,207,0,207,362
04/12/2005,OXR,CA,AWP,WE,Federal Contract Tower,0,20,18,0,38,0,14,143,4,161,0,34,161,4,199,171,0,171,370
04/13/2005,OXR,CA,AWP,WE,Federal Contract Tower,0,18,20,0,38,0,26,133,0,159,0,44,153,0,197,188,0,188,385
04/14/2005,OXR,CA,AWP,WE,Federal Contract Tower,0,16,29,0,45,0,19,103,4,126,0,35,132,4,171,268,0,268,439
04/15/2005,OXR,CA,AWP,WE,Federal Contract Tower,0,15,13,0,28,0,14,144,2,160,0,29,157,2,188,198,0,198,386
04/16/2005,OXR,CA,AWP,WE,Federal Contract Tower,0,7,12,0,19,0,12,199,0,211,0,19,211,0,230,198,0,198,428
04/17/2005,OXR,CA,AWP,WE,Federal Contract Tower,0,10,49,0,59,0,6,73,0,79,0,16,122,0,138,79,0,79,217
04/18/2005,OXR,CA,AWP,WE,Federal Contract Tower,0,17,24,2,43,0,24,56,0,80,0,41,80,2,123,176,0,176,299
04/19/2005,OXR,CA,AWP,WE,Federal Contract Tower,0,18,49,0,67,0,16,114,2,132,0,34,163,2,199,140,0,140,339
04/20/2005,OXR,CA,AWP,WE,Federal Contract Tower,0,18,38,2,58,0,18,122,4,144,0,36,160,6,202,183,0,183,385
04/21/2005,OXR,CA,AWP,WE,Federal Contract Tower,0,17,44,0,61,0,20,124,0,144,0,37,168,0,205,153,0,153,358
04/22/2005,OXR,CA,AWP,WE,Federal Contract Tower,0,16,39,0,55,0,15,70,4,89,0,31,109,4,144,38,0,38,182
04/23/2005,OXR,CA,AWP,WE,Federal Contract Tower,0,6,41,0,47,0,16,166,4,186,0,22,207,4,233,140,0,140,373
04/24/2005,OXR,CA,AWP,WE,Federal Contract Tower,0,8,40,0,48,0,6,129,2,137,0,14,169,2,185,138,0,138,323
04/25/2005,OXR,CA,AWP,WE,Federal Contract Tower,0,20,27,0,47,0,14,114,10,138,0,34,141,10,185,111,0,111,296
04/26/2005,OXR,CA,AWP,WE,Federal Contract Tower,0,16,30,2,48,0,10,95,8,113,0,26,125,10,161,169,0,169,330
04/27/2005,OXR,CA,AWP,WE,Federal Contract Tower,0,16,38,1,55,0,10,73,5,88,0,26,111,6,143,211,0,211,354
04/28/2005,OXR,CA,AWP,WE,Federal Contract Tower,0,20,36,0,56,0,18,103,4,125,0,38,139,4,181,72,0,72,253
04/29/2005,OXR,CA,AWP,WE,Federal Contract Tower,0,21,44,0,65,0,20,143,8,171,0,41,187,8,236,156,0,156,392
04/30/2005,OXR,CA,AWP,WE,Federal Contract Tower,0,9,43,0,52,0,7,170,24,201,0,16,213,24,253,161,0,161,414
05/01/2005,OXR,CA,AWP,WE,Federal Contract Tower,0,12,42,0,54,0,10,159,0,169,0,22,201,0,223,213,0,213,436
05/02/2005,OXR,CA,AWP,WE,Federal Contract Tower,0,19,43,2,64,0,20,129,0,149,0,39,172,2,213,186,0,186,399
05/03/2005,OXR,CA,AWP,WE,Federal Contract Tower,0,18,55,0,73,0,31,124,4,159,0,49,179,4,232,183,0,183,415
05/04/2005,OXR,CA,AWP,WE,Federal Contract Tower,0,19,58,0,77,0,7,67,4,78,0,26,125,4,155,116,0,116,271
05/05/2005,OXR,CA,AWP,WE,Federal Contract Tower,0,31,55,0,86,0,3,15,0,18,0,34,70,0,104,46,0,46,150
05/06/2005,OXR,CA,AWP,WE,Federal Contract Tower,0,32,56,0,88,0,19,95,2,116,0,51,151,2,204,136,0,136,340
05/07/2005,OXR,CA,AWP,WE,Federal Contract Tower,0,15,62,0,77,0,17,203,6,226,0,32,265,6,303,278,0,278,581
05/08/2005,OXR,CA,AWP,WE,Federal Contract Tower,0,8,30,0,38,0,6,155,0,161,0,14,185,0,199,171,0,171,370
05/09/2005,OXR,CA,AWP,WE,Federal Contract Tower,0,17,40,0,57,0,4,28,4,36,0,21,68,4,93,20,0,20,113
05/10/2005,OXR,CA,AWP,WE,Federal Contract Tower,0,17,34,1,52,0,8,123,5,136,0,25,157,6,188,194,0,194,382
05/11/2005,OXR,CA,AWP,WE,Federal Contract Tower,0,20,46,0,66,0,15,115,2,132,0,35,161,2,198,203,0,203,401
05/12/2005,OXR,CA,AWP,WE,Federal Contract Tower,0,13,61,4,78,0,18,146,3,167,0,31,207,7,245,274,0,274,519
05/13/2005,OXR,CA,AWP,WE,Federal Contract Tower,0,24,54,1,79,0,11,128,4,143,0,35,182,5,222,142,0,142,364
05/14/2005,OXR,CA,AWP,WE,Federal Contract Tower,0,12,45,0,57,0,6,176,4,186,0,18,221,4,243,234,0,234,477
05/15/2005,OXR,CA,AWP,WE,Federal Contract Tower,0,13,42,0,55,0,13,198,2,213,0,26,240,2,268,232,0,232,500
05/16/2005,OXR,CA,AWP,WE,Federal Contract Tower,0,23,43,0,66,0,6,42,2,50,0,29,85,2,116,37,0,37,153
05/17/2005,OXR,CA,AWP,WE,Federal Contract Tower,0,17,69,1,87,0,17,133,9,159,0,34,202,10,246,182,0,182,428
05/18/2005,OXR,CA,AWP,WE,Federal Contract Tower,0,19,62,0,81,0,10,194,0,204,0,29,256,0,285,227,0,227,512
05/19/2005,OXR,CA,AWP,WE,Federal Contract Tower,0,13,57,0,70,0,21,175,6,202,0,34,232,6,272,299,0,299,571
05/20/2005,OXR,CA,AWP,WE,Federal Contract Tower,0,17,45,0,62,0,22,142,6,170,0,39,187,6,232,143,0,143,375
05/21/2005,OXR,CA,AWP,WE,Federal Contract Tower,0,16,31,1,48,0,37,211,4,252,0,53,242,5,300,260,0,260,560
05/22/2005,OXR,CA,AWP,WE,Federal Contract Tower,0,8,37,0,45,0,8,170,5,183,0,16,207,5,228,233,0,233,461
05/23/2005,OXR,CA,AWP,WE,Federal Contract Tower,0,16,30,2,48,0,9,21,0,30,0,25,51,2,78,43,0,43,121
05/24/2005,OXR,CA,AWP,WE,Federal Contract Tower,0,24,75,0,99,0,10,36,0,46,0,34,111,0,145,46,0,46,191
05/25/2005,OXR,CA,AWP,WE,Federal Contract Tower,0,27,73,0,100,0,3,9,0,12,0,30,82,0,112,6,0,6,118
05/26/2005,OXR,CA,AWP,WE,Federal Contract Tower,0,44,81,0,125,0,5,0,0,5,0,49,81,0,130,0,0,0,130
05/27/2005,OXR,CA,AWP,WE,Federal Contract Tower,0,28,66,2,96,0,11,39,0,50,0,39,105,2,146,38,0,38,184
05/28/2005,OXR,CA,AWP,WE,Federal Contract Tower,0,16,53,0,69,0,12,45,0,57,0,28,98,0,126,90,0,90,216
05/29/2005,OXR,CA,AWP,WE,Federal Contract Tower,0,8,42,0,50,0,17,86,5,108,0,25,128,5,158,184,0,184,342
05/30/2005,OXR,CA,AWP,WE,Federal Contract Tower,0,9,34,0,43,0,4,193,0,197,0,13,227,0,240,135,0,135,375
05/31/2005,OXR,CA,AWP,WE,Federal Contract Tower,0,17,44,0,61,0,10,92,6,108,0,27,136,6,169,249,0,249,418
06/01/2005,OXR,CA,AWP,WE,Federal Contract Tower,0,17,84,0,101,0,8,10,0,18,0,25,94,0,119,9,0,9,128
06/02/2005,OXR,CA,AWP,WE,Federal Contract Tower,0,50,70,0,120,0,6,64,8,78,0,56,134,8,198,91,0,91,289
06/03/2005,OXR,CA,AWP,WE,Federal Contract Tower,0,20,55,0,75,0,11,131,2,144,0,31,186,2,219,120,0,120,339
06/04/2005,OXR,CA,AWP,WE,Federal Contract Tower,0,12,75,0,87,0,3,110,4,117,0,15,185,4,204,185,0,185,389
06/05/2005,OXR,CA,AWP,WE,Federal Contract Tower,0,9,52,0,61,0,13,153,0,166,0,22,205,0,227,248,0,248,475
06/06/2005,OXR,CA,AWP,WE,Federal Contract Tower,0,19,37,0,56,0,13,102,10,125,0,32,139,10,181,131,0,131,312
06/07/2005,OXR,CA,AWP,WE,Federal Contract Tower,0,24,46,0,70,0,22,146,6,174,0,46,192,6,244,193,0,193,437
06/08/2005,OXR,CA,AWP,WE,Federal Contract Tower,0,18,35,0,53,0,24,115,4,143,0,42,150,4,196,250,0,250,446
06/09/2005,OXR,CA,AWP,WE,Federal Contract Tower,0,21,54,0,75,0,16,110,4,130,0,37,164,4,205,260,0,260,465
06/10/2005,OXR,CA,AWP,WE,Federal Contract Tower,0,21,67,0,88,0,15,55,0,70,0,36,122,0,158,181,0,181,339
06/11/2005,OXR,CA,AWP,WE,Federal Contract Tower,0,9,57,0,66,0,5,132,0,137,0,14,189,0,203,225,0,225,428
06/12/2005,OXR,CA,AWP,WE,Federal Contract Tower,0,8,75,0,83,0,13,124,8,145,0,21,199,8,228,164,0,164,392
06/13/2005,OXR,CA,AWP,WE,Federal Contract Tower,0,29,61,0,90,0,0,17,0,17,0,29,78,0,107,4,0,4,111
06/14/2005,OXR,CA,AWP,WE,Federal Contract Tower,0,17,69,0,86,0,8,36,2,46,0,25,105,2,132,53,0,53,185
06/15/2005,OXR,CA,AWP,WE,Federal Contract Tower,0,17,52,1,70,0,6,47,1,54,0,23,99,2,124,76,0,76,200
06/16/2005,OXR,CA,AWP,WE,Federal Contract Tower,0,16,78,0,94,0,13,75,0,88,0,29,153,0,182,70,0,70,252
06/17/2005,OXR,CA,AWP,WE,Federal Contract Tower,0,17,51,0,68,0,12,129,6,147,0,29,180,6,215,232,0,232,447
06/18/2005,OXR,CA,AWP,WE,Federal Contract Tower,0,12,53,0,65,0,12,263,2,277,0,24,316,2,342,274,0,274,616
06/19/2005,OXR,CA,AWP,WE,Federal Contract Tower,0,8,25,0,33,0,6,205,4,215,0,14,230,4,248,226,0,226,474
06/20/2005,OXR,CA,AWP,WE,Federal Contract Tower,0,15,26,0,41,0,21,168,6,195,0,36,194,6,236,185,0,185,421
06/21/2005,OXR,CA,AWP,WE,Federal Contract Tower,0,15,31,0,46,0,17,121,0,138,0,32,152,0,184,181,0,181,365
06/22/2005,OXR,CA,AWP,WE,Federal Contract Tower,0,22,49,0,71,0,3,182,0,185,0,25,231,0,256,253,0,253,509
06/23/2005,OXR,CA,AWP,WE,Federal Contract Tower,0,24,55,2,81,0,10,105,4,119,0,34,160,6,200,123,0,123,323
06/24/2005,OXR,CA,AWP,WE,Federal Contract Tower,0,17,41,0,58,0,15,173,0,188,0,32,214,0,246,160,0,160,406
06/25/2005,OXR,CA,AWP,WE,Federal Contract Tower,0,11,45,0,56,0,10,141,2,153,0,21,186,2,209,216,0,216,425
06/26/2005,OXR,CA,AWP,WE,Federal Contract Tower,0,8,23,0,31,0,10,139,0,149,0,18,162,0,180,207,0,207,387
06/27/2005,OXR,CA,AWP,WE,Federal Contract Tower,0,36,26,0,62,0,25,104,10,139,0,61,130,10,201,133,0,133,334
06/28/2005,OXR,CA,AWP,WE,Federal Contract Tower,0,23,47,0,70,0,16,145,10,171,0,39,192,10,241,234,0,234,475
06/29/2005,OXR,CA,AWP,WE,Federal Contract Tower,0,19,58,0,77,0,7,54,0,61,0,26,112,0,138,140,0,140,278
06/30/2005,OXR,CA,AWP,WE,Federal Contract Tower,0,32,79,0,111,0,2,1,0,3,0,34,80,0,114,0,0,0,114
07/01/2005,OXR,CA,AWP,WE,Federal Contract Tower,0,25,64,0,89,0,8,14,0,22,0,33,78,0,111,2,0,2,113
07/02/2005,OXR,CA,AWP,WE,Federal Contract Tower,0,13,79,0,92,0,0,13,0,13,0,13,92,0,105,6,0,6,111
07/03/2005,OXR,CA,AWP,WE,Federal Contract Tower,0,7,36,0,43,0,7,30,2,39,0,14,66,2,82,37,0,37,119
07/04/2005,OXR,CA,AWP,WE,Federal Contract Tower,0,9,60,0,69,0,0,17,6,23,0,9,77,6,92,0,0,0,92
07/05/2005,OXR,CA,AWP,WE,Federal Contract Tower,0,19,49,0,68,0,7,72,0,79,0,26,121,0,147,67,0,67,214
07/06/2005,OXR,CA,AWP,WE,Federal Contract Tower,0,23,45,2,70,0,11,107,4,122,0,34,152,6,192,106,0,106,298
07/07/2005,OXR,CA,AWP,WE,Federal Contract Tower,0,32,84,0,116,0,9,61,0,70,0,41,145,0,186,104,0,104,290
07/08/2005,OXR,CA,AWP,WE,Federal Contract Tower,0,22,57,0,79,0,12,62,6,80,0,34,119,6,159,69,0,69,228
07/09/2005,OXR,CA,AWP,WE,Federal Contract Tower,0,16,50,0,66,0,6,90,0,96,0,22,140,0,162,110,0,110,272
07/10/2005,OXR,CA,AWP,WE,Federal Contract Tower,0,11,40,0,51,0,9,117,0,126,0,20,157,0,177,162,0,162,339
07/11/2005,OXR,CA,AWP,WE,Federal Contract Tower,0,19,58,4,81,0,0,15,0,15,0,19,73,4,96,0,0,0,96
07/12/2005,OXR,CA,AWP,WE,Federal Contract Tower,0,25,53,3,81,0,6,20,2,28,0,31,73,5,109,18,0,18,127
07/13/2005,OXR,CA,AWP,WE,Federal Contract Tower,0,16,37,0,53,0,0,0,2,2,0,16,37,2,55,0,0,0,55
07/14/2005,OXR,CA,AWP,WE,Federal Contract Tower,0,31,34,0,65,0,0,74,2,76,0,31,108,2,141,61,0,61,202
07/15/2005,OXR,CA,AWP,WE,Federal Contract Tower,0,29,80,0,109,0,5,8,0,13,0,34,88,0,122,0,0,0,122
07/16/2005,OXR,CA,AWP,WE,Federal Contract Tower,0,17,58,0,75,0,5,20,6,31,0,22,78,6,106,12,0,12,118
07/17/2005,OXR,CA,AWP,WE,Federal Contract Tower,0,17,74,0,91,0,3,22,0,25,0,20,96,0,116,0,0,0,116
07/18/2005,OXR,CA,AWP,WE,Federal Contract Tower,0,19,56,6,81,0,8,74,0,82,0,27,130,6,163,153,0,153,316
07/19/2005,OXR,CA,AWP,WE,Federal Contract Tower,0,21,46,0,67,0,19,141,0,160,0,40,187,0,227,294,0,294,521
07/20/2005,OXR,CA,AWP,WE,Federal Contract Tower,0,26,54,1,81,0,16,176,7,199,0,42,230,8,280,213,0,213,493
07/21/2005,OXR,CA,AWP,WE,Federal Contract Tower,0,20,37,0,57,0,34,144,6,184,0,54,181,6,241,203,0,203,444
07/22/2005,OXR,CA,AWP,WE,Federal Contract Tower,0,26,39,0,65,0,20,130,0,150,0,46,169,0,215,137,0,137,352
07/23/2005,OXR,CA,AWP,WE,Federal Contract Tower,0,13,19,6,38,0,9,172,0,181,0,22,191,6,219,241,0,241,460
07/24/2005,OXR,CA,AWP,WE,Federal Contract Tower,0,12,57,0,69,0,12,77,0,89,0,24,134,0,158,104,0,104,262
07/25/2005,OXR,CA,AWP,WE,Federal Contract Tower,0,22,40,0,62,0,15,79,0,94,0,37,119,0,156,110,0,110,266
07/26/2005,OXR,CA,AWP,WE,Federal Contract Tower,0,26,35,0,61,0,13,80,2,95,0,39,115,2,156,109,0,109,265
07/27/2005,OXR,CA,AWP,WE,Federal Contract Tower,0,28,58,0,86,0,1,40,2,43,0,29,98,2,129,2,0,2,131
07/28/2005,OXR,CA,AWP,WE,Federal Contract Tower,0,22,75,1,98,0,4,76,3,83,0,26,151,4,181,16,0,16,197
07/29/2005,OXR,CA,AWP,WE,Federal Contract Tower,0,21,40,0,61,0,7,97,2,106,0,28,137,2,167,117,0,117,284
07/30/2005,OXR,CA,AWP,WE,Federal Contract Tower,0,11,29,0,40,0,7,152,6,165,0,18,181,6,205,134,0,134,339
07/31/2005,OXR,CA,AWP,WE,Federal Contract Tower,0,16,71,0,87,0,0,60,6,66,0,16,131,6,153,54,0,54,207
08/01/2005,OXR,CA,AWP,WE,Federal Contract Tower,0,22,54,0,76,0,1,16,0,17,0,23,70,0,93,0,0,0,93
08/02/2005,OXR,CA,AWP,WE,Federal Contract Tower,0,27,64,0,91,0,25,20,0,45,0,52,84,0,136,0,0,0,136
08/03/2005,OXR,CA,AWP,WE,Federal Contract Tower,0,17,80,0,97,0,2,18,0,20,0,19,98,0,117,0,0,0,117
08/04/2005,OXR,CA,AWP,WE,Federal Contract Tower,0,23,87,0,110,0,7,35,0,42,0,30,122,0,152,0,0,0,152
08/05/2005,OXR,CA,AWP,WE,Federal Contract Tower,0,29,73,0,102,0,2,54,2,58,0,31,127,2,160,46,0,46,206
08/06/2005,OXR,CA,AWP,WE,Federal Contract Tower,0,12,49,0,61,0,15,123,0,138,0,27,172,0,199,125,0,125,324
08/07/2005,OXR,CA,AWP,WE,Federal Contract Tower,0,15,49,0,64,0,4,60,2,66,0,19,109,2,130,26,0,26,156
08/08/2005,OXR,CA,AWP,WE,Federal Contract Tower,0,19,52,0,71,0,6,76,2,84,0,25,128,2,155,113,0,113,268
08/09/2005,OXR,CA,AWP,WE,Federal Contract Tower,0,23,55,1,79,0,15,95,11,121,0,38,150,12,200,24,0,24,224
08/10/2005,OXR,CA,AWP,WE,Federal Contract Tower,0,22,77,0,99,0,12,80,0,92,0,34,157,0,191,48,0,48,239
08/11/2005,OXR,CA,AWP,WE,Federal Contract Tower,0,24,91,0,115,0,10,45,0,55,0,34,136,0,170,14,0,14,184
08/12/2005,OXR,CA,AWP,WE,Federal Contract Tower,0,17,74,0,91,0,4,40,4,48,0,21,114,4,139,9,0,9,148
08/13/2005,OXR,CA,AWP,WE,Federal Contract Tower,0,11,62,0,73,0,6,82,0,88,0,17,144,0,161,120,0,120,281
08/14/2005,OXR,CA,AWP,WE,Federal Contract Tower,0,8,43,0,51,0,12,121,6,139,0,20,164,6,190,170,0,170,360
08/15/2005,OXR,CA,AWP,WE,Federal Contract Tower,0,11,51,0,62,0,19,117,10,146,0,30,168,10,208,226,0,226,434
08/16/2005,OXR,CA,AWP,WE,Federal Contract Tower,0,20,53,2,75,0,13,98,10,121,0,33,151,12,196,136,0,136,332
08/17/2005,OXR,CA,AWP,WE,Federal Contract Tower,0,21,70,0,91,0,16,121,6,143,0,37,191,6,234,176,0,176,410
08/18/2005,OXR,CA,AWP,WE,Federal Contract Tower,0,21,52,1,74,0,12,98,3,113,0,33,150,4,187,109,0,109,296
08/19/2005,OXR,CA,AWP,WE,Federal Contract Tower,0,24,50,0,74,0,16,121,4,141,0,40,171,4,215,140,0,140,355
08/20/2005,OXR,CA,AWP,WE,Federal Contract Tower,0,14,61,0,75,0,7,76,2,85,0,21,137,2,160,36,0,36,196
08/21/2005,OXR,CA,AWP,WE,Federal Contract Tower,0,13,35,0,48,0,9,90,6,105,0,22,125,6,153,94,0,94,247
08/22/2005,OXR,CA,AWP,WE,Federal Contract Tower,0,16,36,2,54,0,23,90,8,121,0,39,126,10,175,62,0,62,237
08/23/2005,OXR,CA,AWP,WE,Federal Contract Tower,0,17,41,1,59,0,9,80,3,92,0,26,121,4,151,124,0,124,275
08/24/2005,OXR,CA,AWP,WE,Federal Contract Tower,0,15,59,2,76,0,18,97,2,117,0,33,156,4,193,146,0,146,339
08/25/2005,OXR,CA,AWP,WE,Federal Contract Tower,0,24,43,0,67,0,16,152,4,172,0,40,195,4,239,141,0,141,380
08/26/2005,OXR,CA,AWP,WE,Federal Contract Tower,0,12,25,0,37,0,22,168,14,204,0,34,193,14,241,163,0,163,404
08/27/2005,OXR,CA,AWP,WE,Federal Contract Tower,0,11,16,0,27,0,11,160,2,173,0,22,176,2,200,130,0,130,330
08/28/2005,OXR,CA,AWP,WE,Federal Contract Tower,0,8,23,0,31,0,7,139,6,152,0,15,162,6,183,152,0,152,335
08/29/2005,OXR,CA,AWP,WE,Federal Contract Tower,0,25,44,0,69,0,24,72,10,106,0,49,116,10,175,162,0,162,337
08/30/2005,OXR,CA,AWP,WE,Federal Contract Tower,0,10,58,0,68,0,30,121,2,153,0,40,179,2,221,219,0,219,440
08/31/2005,OXR,CA,AWP,WE,Federal Contract Tower,0,25,58,0,83,0,5,50,4,59,0,30,108,4,142,77,0,77,219
09/01/2005,OXR,CA,AWP,WE,Federal Contract Tower,0,21,48,0,69,0,4,68,0,72,0,25,116,0,141,48,0,48,189
09/02/2005,OXR,CA,AWP,WE,Federal Contract Tower,0,28,62,0,90,0,14,93,4,111,0,42,155,4,201,130,0,130,331
09/03/2005,OXR,CA,AWP,WE,Federal Contract Tower,0,17,36,0,53,0,9,136,2,147,0,26,172,2,200,124,0,124,324
09/04/2005,OXR,CA,AWP,WE,Federal Contract Tower,0,9,22,0,31,0,7,161,6,174,0,16,183,6,205,104,0,104,309
09/05/2005,OXR,CA,AWP,WE,Federal Contract Tower,0,9,23,0,32,0,7,153,2,162,0,16,176,2,194,116,0,116,310
09/06/2005,OXR,CA,AWP,WE,Federal Contract Tower,0,14,44,0,58,0,30,85,0,115,0,44,129,0,173,119,0,119,292
09/07/2005,OXR,CA,AWP,WE,Federal Contract Tower,0,21,34,0,55,0,10,128,0,138,0,31,162,0,193,178,0,178,371
09/08/2005,OXR,CA,AWP,WE,Federal Contract Tower,0,14,41,0,55,0,18,107,0,125,0,32,148,0,180,88,0,88,268
09/09/2005,OXR,CA,AWP,WE,Federal Contract Tower,0,14,52,0,66,0,16,86,2,104,0,30,138,2,170,165,0,165,335
09/10/2005,OXR,CA,AWP,WE,Federal Contract Tower,0,6,59,0,65,0,15,140,2,157,0,21,199,2,222,174,0,174,396
09/11/2005,OXR,CA,AWP,WE,Federal Contract Tower,0,11,26,0,37,0,14,146,2,162,0,25,172,2,199,124,0,124,323
09/12/2005,OXR,CA,AWP,WE,Federal Contract Tower,0,15,34,0,49,0,7,68,14,89,0,22,102,14,138,138,0,138,276
09/13/2005,OXR,CA,AWP,WE,Federal Contract Tower,0,19,45,0,64,0,35,93,4,132,0,54,138,4,196,138,0,138,334
09/14/2005,OXR,CA,AWP,WE,Federal Contract Tower,0,15,65,0,80,0,5,122,4,131,0,20,187,4,211,123,0,123,334
09/15/2005,OXR,CA,AWP,WE,Federal Contract Tower,0,13,54,1,68,0,26,87,3,116,0,39,141,4,184,111,0,111,295
09/16/2005,OXR,CA,AWP,WE,Federal Contract Tower,0,18,42,0,60,0,18,115,18,151,0,36,157,18,211,144,0,144,355
09/17/2005,OXR,CA,AWP,WE,Federal Contract Tower,0,4,18,0,22,0,11,125,0,136,0,15,143,0,158,162,0,162,320
09/18/2005,OXR,CA,AWP,WE,Federal Contract Tower,0,9,45,0,54,0,14,103,0,117,0,23,148,0,171,42,0,42,213
09/19/2005,OXR,CA,AWP,WE,Federal Contract Tower,0,10,29,0,39,0,12,72,0,84,0,22,101,0,123,30,0,30,153
09/20/2005,OXR,CA,AWP,WE,Federal Contract Tower,0,20,30,0,50,0,15,54,0,69,0,35,84,0,119,74,0,74,193
09/21/2005,OXR,CA,AWP,WE,Federal Contract Tower,0,18,46,0,64,0,22,97,12,131,0,40,143,12,195,96,0,96,291
09/22/2005,OXR,CA,AWP,WE,Federal Contract Tower,0,10,52,0,62,0,11,117,2,130,0,21,169,2,192,110,0,110,302
09/23/2005,OXR,CA,AWP,WE,Federal Contract Tower,0,21,63,0,84,0,0,33,4,37,0,21,96,4,121,2,0,2,123
09/24/2005,OXR,CA,AWP,WE,Federal Contract Tower,0,4,53,0,57,0,10,104,0,114,0,14,157,0,171,164,0,164,335
09/25/2005,OXR,CA,AWP,WE,Federal Contract Tower,0,10,43,0,53,0,9,170,4,183,0,19,213,4,236,127,0,127,363
09/26/2005,OXR,CA,AWP,WE,Federal Contract Tower,0,13,9,0,22,0,5,46,14,65,0,18,55,14,87,14,0,14,101
09/27/2005,OXR,CA,AWP,WE,Federal Contract Tower,0,12,39,0,51,0,32,148,2,182,0,44,187,2,233,140,0,140,373
09/28/2005,OXR,CA,AWP,WE,Federal Contract Tower,0,10,14,0,24,0,15,82,8,105,0,25,96,8,129,85,0,85,214
09/29/2005,OXR,CA,AWP,WE,Federal Contract Tower,0,11,17,0,28,0,14,117,4,135,0,25,134,4,163,64,0,64,227
09/30/2005,OXR,CA,AWP,WE,Federal Contract Tower,0,12,12,0,24,0,9,139,6,154,0,21,151,6,178,179,0,179,357
10/01/2005,OXR,CA,AWP,WE,Federal Contract Tower,0,7,32,0,39,0,7,29,0,36,0,14,61,0,75,5,0,5,80
10/02/2005,OXR,CA,AWP,WE,Federal Contract Tower,0,19,47,2,68,0,6,26,0,32,0,25,73,2,100,6,0,6,106
10/03/2005,OXR,CA,AWP,WE,Federal Contract Tower,0,12,8,0,20,0,17,85,6,108,0,29,93,6,128,32,0,32,160
10/04/2005,OXR,CA,AWP,WE,Federal Contract Tower,0,10,11,0,21,0,16,97,2,115,0,26,108,2,136,117,0,117,253
10/05/2005,OXR,CA,AWP,WE,Federal Contract Tower,0,16,14,0,30,0,18,50,2,70,0,34,64,2,100,40,0,40,140
10/06/2005,OXR,CA,AWP,WE,Federal Contract Tower,0,19,31,0,50,0,16,122,4,142,0,35,153,4,192,161,0,161,353
10/07/2005,OXR,CA,AWP,WE,Federal Contract Tower,0,14,54,0,68,0,17,45,8,70,0,31,99,8,138,82,0,82,220
10/08/2005,OXR,CA,AWP,WE,Federal Contract Tower,0,7,47,0,54,0,28,101,0,129,0,35,148,0,183,138,0,138,321
10/09/2005,OXR,CA,AWP,WE,Federal Contract Tower,0,12,45,0,57,0,36,157,0,193,0,48,202,0,250,192,0,192,442
10/10/2005,OXR,CA,AWP,WE,Federal Contract Tower,0,19,18,0,37,0,6,95,0,101,0,25,113,0,138,103,0,103,241
10/11/2005,OXR,CA,AWP,WE,Federal Contract Tower,0,18,60,5,83,0,5,41,3,49,0,23,101,8,132,6,0,6,138
10/12/2005,OXR,CA,AWP,WE,Federal Contract Tower,0,15,40,0,55,0,10,104,6,120,0,25,144,6,175,66,0,66,241
10/13/2005,OXR,CA,AWP,WE,Federal Contract Tower,0,21,34,0,55,0,21,111,2,134,0,42,145,2,189,146,4,150,339
10/14/2005,OXR,CA,AWP,WE,Federal Contract Tower,0,14,34,0,48,0,24,113,8,145,0,38,147,8,193,162,0,162,355
10/15/2005,OXR,CA,AWP,WE,Federal Contract Tower,0,4,38,2,44,0,23,121,2,146,0,27,159,4,190,78,0,78,268
10/16/2005,OXR,CA,AWP,WE,Federal Contract Tower,0,12,22,0,34,0,9,123,2,134,0,21,145,2,168,132,0,132,300
10/17/2005,OXR,CA,AWP,WE,Federal Contract Tower,0,9,27,0,36,0,9,28,8,45,0,18,55,8,81,0,0,0,81
10/18/2005,OXR,CA,AWP,WE,Federal Contract Tower,0,16,35,0,51,0,12,35,0,47,0,28,70,0,98,86,0,86,184
10/19/2005,OXR,CA,AWP,WE,Federal Contract Tower,0,15,53,2,70,0,25,98,0,123,0,40,151,2,193,220,0,220,413
10/20/2005,OXR,CA,AWP,WE,Federal Contract Tower,0,12,25,0,37,0,11,23,2,36,0,23,48,2,73,4,0,4,77
10/21/2005,OXR,CA,AWP,WE,Federal Contract Tower,0,16,40,1,57,0,0,20,0,20,0,16,60,1,77,0,0,0,77
10/22/2005,OXR,CA,AWP,WE,Federal Contract Tower,0,10,68,0,78,0,7,24,0,31,0,17,92,0,109,14,0,14,123
10/23/2005,OXR,CA,AWP,WE,Federal Contract Tower,0,14,72,2,88,0,6,17,1,24,0,20,89,3,112,18,0,18,130
10/24/2005,OXR,CA,AWP,WE,Federal Contract Tower,0,25,59,6,90,0,5,13,2,20,0,30,72,8,110,0,0,0,110
10/25/2005,OXR,CA,AWP,WE,Federal Contract Tower,0,12,81,0,93,0,15,97,4,116,0,27,178,4,209,92,0,92,301
10/26/2005,OXR,CA,AWP,WE,Federal Contract Tower,0,23,73,0,96,0,15,54,0,69,0,38,127,0,165,52,0,52,217
10/27/2005,OXR,CA,AWP,WE,Federal Contract Tower,0,15,44,0,59,0,8,51,0,59,0,23,95,0,118,72,0,72,190
10/28/2005,OXR,CA,AWP,WE,Federal Contract Tower,0,15,63,0,78,0,11,126,2,139,0,26,189,2,217,132,0,132,349
10/29/2005,OXR,CA,AWP,WE,Federal Contract Tower,0,5,48,0,53,0,16,161,0,177,0,21,209,0,230,108,0,108,338
10/30/2005,OXR,CA,AWP,WE,Federal Contract Tower,0,19,53,0,72,0,10,179,4,193,0,29,232,4,265,159,0,159,424
10/31/2005,OXR,CA,AWP,WE,Federal Contract Tower,0,14,12,0,26,0,12,119,4,135,0,26,131,4,161,98,0,98,259
11/01/2005,OXR,CA,AWP,WE,Federal Contract Tower,0,11,43,0,54,0,11,103,2,116,0,22,146,2,170,156,0,156,326
11/02/2005,OXR,CA,AWP,WE,Federal Contract Tower,0,12,60,1,73,0,9,87,5,101,0,21,147,6,174,130,0,130,304
11/03/2005,OXR,CA,AWP,WE,Federal Contract Tower,0,12,54,0,66,0,6,126,0,132,0,18,180,0,198,144,0,144,342
11/04/2005,OXR,CA,AWP,WE,Federal Contract Tower,0,21,43,2,66,0,10,120,4,134,0,31,163,6,200,165,0,165,365
11/05/2005,OXR,CA,AWP,WE,Federal Contract Tower,0,4,33,2,39,0,22,200,0,222,0,26,233,2,261,234,0,234,495
11/06/2005,OXR,CA,AWP,WE,Federal Contract Tower,0,6,42,0,48,0,2,133,2,137,0,8,175,2,185,224,0,224,409
11/07/2005,OXR,CA,AWP,WE,Federal Contract Tower,0,11,56,0,67,0,6,56,4,66,0,17,112,4,133,59,0,59,192
11/08/2005,OXR,CA,AWP,WE,Federal Contract Tower,0,11,33,1,45,0,20,55,7,82,0,31,88,8,127,45,0,45,172
11/09/2005,OXR,CA,AWP,WE,Federal Contract Tower,0,15,44,0,59,0,12,29,4,45,0,27,73,4,104,44,0,44,148
11/10/2005,OXR,CA,AWP,WE,Federal Contract Tower,0,17,29,0,46,0,17,80,4,101,0,34,109,4,147,12,0,12,159
11/11/2005,OXR,CA,AWP,WE,Federal Contract Tower,0,19,51,0,70,0,23,153,0,176,0,42,204,0,246,126,0,126,372
11/12/2005,OXR,CA,AWP,WE,Federal Contract Tower,0,5,15,0,20,0,4,140,0,144,0,9,155,0,164,194,0,194,358
11/13/2005,OXR,CA,AWP,WE,Federal Contract Tower,0,6,41,0,47,0,15,170,0,185,0,21,211,0,232,148,0,148,380
11/14/2005,OXR,CA,AWP,WE,Federal Contract Tower,0,11,28,0,39,0,15,37,0,52,0,26,65,0,91,0,0,0,91
11/15/2005,OXR,CA,AWP,WE,Federal Contract Tower,0,11,4,0,15,0,17,75,6,98,0,28,79,6,113,0,0,0,113
11/16/2005,OXR,CA,AWP,WE,Federal Contract Tower,0,12,13,0,25,0,13,106,8,127,0,25,119,8,152,34,0,34,186
11/17/2005,OXR,CA,AWP,WE,Federal Contract Tower,0,14,30,0,44,0,11,130,0,141,0,25,160,0,185,98,0,98,283
11/18/2005,OXR,CA,AWP,WE,Federal Contract Tower,0,15,10,0,25,0,37,96,4,137,0,52,106,4,162,39,0,39,201
11/19/2005,OXR,CA,AWP,WE,Federal Contract Tower,0,3,40,0,43,0,12,185,0,197,0,15,225,0,240,184,0,184,424
11/20/2005,OXR,CA,AWP,WE,Federal Contract Tower,0,10,29,0,39,0,12,120,0,132,0,22,149,0,171,150,0,150,321
11/21/2005,OXR,CA,AWP,WE,Federal Contract Tower,0,14,37,1,52,0,22,62,5,89,0,36,99,6,141,14,0,14,155
11/22/2005,OXR,CA,AWP,WE,Federal Contract Tower,0,16,23,0,39,0,35,90,0,125,0,51,113,0,164,49,0,49,213
11/23/2005,OXR,CA,AWP,WE,Federal Contract Tower,0,14,65,0,79,0,10,132,0,142,0,24,197,0,221,178,0,178,399
11/24/2005,OXR,CA,AWP,WE,Federal Contract Tower,0,5,10,0,15,0,2,77,0,79,0,7,87,0,94,12,0,12,106
11/25/2005,OXR,CA,AWP,WE,Federal Contract Tower,0,7,46,0,53,0,11,105,2,118,0,18,151,2,171,44,0,44,215
11/26/2005,OXR,CA,AWP,WE,Federal Contract Tower,0,10,15,0,25,0,7,115,4,126,0,17,130,4,151,146,0,146,297
11/27/2005,OXR,CA,AWP,WE,Federal Contract Tower,0,12,23,0,35,0,4,134,0,138,0,16,157,0,173,82,0,82,255
11/28/2005,OXR,CA,AWP,WE,Federal Contract Tower,0,12,22,0,34,0,15,104,2,121,0,27,126,2,155,100,0,100,255
11/29/2005,OXR,CA,AWP,WE,Federal Contract Tower,0,13,54,0,67,0,4,65,2,71,0,17,119,2,138,56,0,56,194
11/30/2005,OXR,CA,AWP,WE,Federal Contract Tower,0,12,61,0,73,0,24,87,4,115,0,36,148,4,188,198,0,198,386
12/01/2005,OXR,CA,AWP,WE,Federal Contract Tower,0,29,42,0,71,0,4,47,0,51,0,33,89,0,122,13,0,13,135
12/02/2005,OXR,CA,AWP,WE,Federal Contract Tower,0,15,62,0,77,0,0,13,0,13,0,15,75,0,90,0,0,0,90
12/03/2005,OXR,CA,AWP,WE,Federal Contract Tower,0,4,24,0,28,0,18,147,2,167,0,22,171,2,195,228,0,228,423
12/04/2005,OXR,CA,AWP,WE,Federal Contract Tower,0,7,13,0,20,0,5,69,2,76,0,12,82,2,96,76,0,76,172
12/05/2005,OXR,CA,AWP,WE,Federal Contract Tower,0,13,28,2,43,0,12,65,4,81,0,25,93,6,124,62,0,62,186
12/06/2005,OXR,CA,AWP,WE,Federal Contract Tower,0,13,55,0,68,0,23,153,2,178,0,36,208,2,246,112,0,112,358
12/07/2005,OXR,CA,AWP,WE,Federal Contract Tower,0,19,30,0,49,0,19,148,4,171,0,38,178,4,220,188,0,188,408
12/08/2005,OXR,CA,AWP,WE,Federal Contract Tower,0,13,48,0,61,0,12,94,2,108,0,25,142,2,169,88,0,88,257
12/09/2005,OXR,CA,AWP,WE,Federal Contract Tower,0,11,23,0,34,0,8,94,0,102,0,19,117,0,136,50,0,50,186
12/10/2005,OXR,CA,AWP,WE,Federal Contract Tower,0,8,39,0,47,0,16,130,0,146,0,24,169,0,193,128,0,128,321
12/11/2005,OXR,CA,AWP,WE,Federal Contract Tower,0,6,46,0,52,0,7,115,0,122,0,13,161,0,174,171,0,171,345
12/12/2005,OXR,CA,AWP,WE,Federal Contract Tower,0,18,58,0,76,0,20,83,2,105,0,38,141,2,181,167,0,167,348
12/13/2005,OXR,CA,AWP,WE,Federal Contract Tower,0,12,56,0,68,0,20,104,0,124,0,32,160,0,192,176,0,176,368
12/14/2005,OXR,CA,AWP,WE,Federal Contract Tower,0,21,71,0,92,0,17,121,0,138,0,38,192,0,230,147,0,147,377
12/15/2005,OXR,CA,AWP,WE,Federal Contract Tower,0,26,46,0,72,0,18,86,8,112,0,44,132,8,184,97,0,97,281
12/16/2005,OXR,CA,AWP,WE,Federal Contract Tower,0,19,45,0,64,0,20,76,2,98,0,39,121,2,162,111,0,111,273
12/17/2005,OXR,CA,AWP,WE,Federal Contract Tower,0,11,64,0,75,0,25,84,2,111,0,36,148,2,186,152,0,152,338
12/18/2005,OXR,CA,AWP,WE,Federal Contract Tower,0,9,41,0,50,0,5,51,0,56,0,14,92,0,106,62,0,62,168
12/19/2005,OXR,CA,AWP,WE,Federal Contract Tower,0,10,30,0,40,0,12,93,0,105,0,22,123,0,145,80,0,80,225
12/20/2005,OXR,CA,AWP,WE,Federal Contract Tower,0,11,71,0,82,0,24,84,2,110,0,35,155,2,192,60,0,60,252
12/21/2005,OXR,CA,AWP,WE,Federal Contract Tower,0,16,46,0,62,0,14,99,17,130,0,30,145,17,192,114,0,114,306
12/22/2005,OXR,CA,AWP,WE,Federal Contract Tower,0,13,60,0,73,0,3,13,0,16,0,16,73,0,89,8,0,8,97
12/23/2005,OXR,CA,AWP,WE,Federal Contract Tower,0,12,47,0,59,0,2,29,0,31,0,14,76,0,90,0,0,0,90
12/24/2005,OXR,CA,AWP,WE,Federal Contract Tower,0,9,18,0,27,0,7,67,0,74,0,16,85,0,101,62,0,62,163
12/25/2005,OXR,CA,AWP,WE,Federal Contract Tower,0,8,16,0,24,0,2,30,0,32,0,10,46,0,56,4,0,4,60
12/26/2005,OXR,CA,AWP,WE,Federal Contract Tower,0,7,37,0,44,0,0,20,0,20,0,7,57,0,64,18,0,18,82
12/27/2005,OXR,CA,AWP,WE,Federal Contract Tower,0,16,50,0,66,0,14,115,4,133,0,30,165,4,199,92,0,92,291
12/28/2005,OXR,CA,AWP,WE,Federal Contract Tower,0,14,34,2,50,0,4,55,9,68,0,18,89,11,118,90,0,90,208
12/29/2005,OXR,CA,AWP,WE,Federal Contract Tower,0,11,52,0,63,0,11,104,2,117,0,22,156,2,180,101,0,101,281
12/30/2005,OXR,CA,AWP,WE,Federal Contract Tower,0,12,27,0,39,0,6,120,0,126,0,18,147,0,165,126,0,126,291
12/31/2005,OXR,CA,AWP,WE,Federal Contract Tower,0,10,32,2,44,0,1,7,0,8,0,11,39,2,52,0,0,0,52
01/01/2006,OXR,CA,AWP,WE,Federal Contract Tower,0,14,25,0,39,0,3,24,0,27,0,17,49,0,66,34,0,34,100
01/02/2006,OXR,CA,AWP,WE,Federal Contract Tower,0,8,3,0,11,0,0,16,0,16,0,8,19,0,27,0,0,0,27
01/03/2006,OXR,CA,AWP,WE,Federal Contract Tower,0,14,23,0,37,0,8,68,4,80,0,22,91,4,117,123,0,123,240
01/04/2006,OXR,CA,AWP,WE,Federal Contract Tower,0,10,15,0,25,0,9,125,6,140,0,19,140,6,165,138,0,138,303
01/05/2006,OXR,CA,AWP,WE,Federal Contract Tower,0,10,12,0,22,0,5,97,2,104,0,15,109,2,126,48,0,48,174
01/06/2006,OXR,CA,AWP,WE,Federal Contract Tower,0,8,32,0,40,0,4,75,2,81,0,12,107,2,121,159,0,159,280
01/07/2006,OXR,CA,AWP,WE,Federal Contract Tower,0,8,45,0,53,0,6,168,0,174,0,14,213,0,227,186,0,186,413
01/08/2006,OXR,CA,AWP,WE,Federal Contract Tower,0,9,26,0,35,0,3,152,0,155,0,12,178,0,190,208,0,208,398
01/09/2006,OXR,CA,AWP,WE,Federal Contract Tower,0,9,4,0,13,0,4,53,6,63,0,13,57,6,76,27,0,27,103
01/10/2006,OXR,CA,AWP,WE,Federal Contract Tower,0,8,20,0,28,0,9,95,5,109,0,17,115,5,137,150,0,150,287
01/11/2006,OXR,CA,AWP,WE,Federal Contract Tower,0,11,39,0,50,0,14,121,4,139,0,25,160,4,189,130,0,130,319
01/12/2006,OXR,CA,AWP,WE,Federal Contract Tower,0,11,44,0,55,0,6,77,0,83,0,17,121,0,138,88,0,88,226
01/13/2006,OXR,CA,AWP,WE,Federal Contract Tower,0,11,45,0,56,0,14,47,4,65,0,25,92,4,121,43,0,43,164
01/14/2006,OXR,CA,AWP,WE,Federal Contract Tower,0,4,29,0,33,0,0,12,0,12,0,4,41,0,45,77,0,77,122
01/15/2006,OXR,CA,AWP,WE,Federal Contract Tower,0,8,29,0,37,0,7,99,6,112,0,15,128,6,149,191,0,191,340
01/16/2006,OXR,CA,AWP,WE,Federal Contract Tower,0,9,25,0,34,0,4,97,0,101,0,13,122,0,135,100,0,100,235
01/17/2006,OXR,CA,AWP,WE,Federal Contract Tower,0,11,49,1,61,0,12,85,8,105,0,23,134,9,166,103,0,103,269
01/18/2006,OXR,CA,AWP,WE,Federal Contract Tower,0,13,41,1,55,0,7,71,11,89,0,20,112,12,144,64,0,64,208
01/19/2006,OXR,CA,AWP,WE,Federal Contract Tower,0,12,16,0,28,0,12,107,8,127,0,24,123,8,155,88,0,88,243
01/20/2006,OXR,CA,AWP,WE,Federal Contract Tower,0,12,20,0,32,0,11,133,8,152,0,23,153,8,184,143,0,143,327
01/21/2006,OXR,CA,AWP,WE,Federal Contract Tower,0,4,30,0,34,0,5,147,2,154,0,9,177,2,188,251,0,251,439
01/22/2006,OXR,CA,AWP,WE,Federal Contract Tower,0,9,8,0,17,0,1,89,12,102,0,10,97,12,119,26,0,26,145
01/23/2006,OXR,CA,AWP,WE,Federal Contract Tower,0,12,4,0,16,0,0,29,6,35,0,12,33,6,51,0,0,0,51
01/24/2006,OXR,CA,AWP,WE,Federal Contract Tower,0,8,11,0,19,0,11,68,0,79,0,19,79,0,98,0,0,0,98
01/25/2006,OXR,CA,AWP,WE,Federal Contract Tower,0,9,48,0,57,0,10,128,6,144,0,19,176,6,201,155,0,155,356
01/26/2006,OXR,CA,AWP,WE,Federal Contract Tower,0,14,41,0,55,0,1,80,6,87,0,15,121,6,142,110,0,110,252
01/27/2006,OXR,CA,AWP,WE,Federal Contract Tower,0,23,36,0,59,0,8,110,2,120,0,31,146,2,179,136,0,136,315
01/28/2006,OXR,CA,AWP,WE,Federal Contract Tower,0,13,34,0,47,0,4,129,0,133,0,17,163,0,180,126,0,126,306
01/29/2006,OXR,CA,AWP,WE,Federal Contract Tower,0,9,49,0,58,0,1,107,0,108,0,10,156,0,166,240,0,240,406
01/30/2006,OXR,CA,AWP,WE,Federal Contract Tower,0,12,26,0,38,0,10,106,0,116,0,22,132,0,154,89,0,89,243
01/31/2006,OXR,CA,AWP,WE,Federal Contract Tower,0,13,58,0,71,0,16,113,4,133,0,29,171,4,204,101,0,101,305
02/01/2006,OXR,CA,AWP,WE,Federal Contract Tower,0,12,41,0,53,0,12,88,12,112,0,24,129,12,165,104,0,104,269
02/02/2006,OXR,CA,AWP,WE,Federal Contract Tower,0,9,63,0,72,0,6,83,0,89,0,15,146,0,161,61,0,61,222
02/03/2006,OXR,CA,AWP,WE,Federal Contract Tower,0,6,40,0,46,0,2,46,4,52,0,8,86,4,98,55,0,55,153
02/04/2006,OXR,CA,AWP,WE,Federal Contract Tower,0,11,69,0,80,0,1,102,2,105,0,12,171,2,185,170,0,170,355
02/05/2006,OXR,CA,AWP,WE,Federal Contract Tower,0,6,13,0,19,0,1,131,0,132,0,7,144,0,151,117,0,117,268
02/06/2006,OXR,CA,AWP,WE,Federal Contract Tower,0,12,9,3,24,0,3,62,11,76,0,15,71,14,100,36,0,36,136
02/07/2006,OXR,CA,AWP,WE,Federal Contract Tower,0,10,13,2,25,0,13,121,6,140,0,23,134,8,165,34,0,34,199
02/08/2006,OXR,CA,AWP,WE,Federal Contract Tower,0,12,13,0,25,0,4,108,12,124,0,16,121,12,149,47,0,47,196
02/09/2006,OXR,CA,AWP,WE,Federal Contract Tower,0,12,44,0,56,0,8,116,4,128,0,20,160,4,184,83,0,83,267
02/10/2006,OXR,CA,AWP,WE,Federal Contract Tower,0,15,43,0,58,0,21,105,0,126,0,36,148,0,184,92,0,92,276
02/11/2006,OXR,CA,AWP,WE,Federal Contract Tower,0,12,49,0,61,0,3,98,0,101,0,15,147,0,162,44,0,44,206
02/12/2006,OXR,CA,AWP,WE,Federal Contract Tower,0,10,31,0,41,0,12,155,0,167,0,22,186,0,208,168,0,168,376
02/13/2006,OXR,CA,AWP,WE,Federal Contract Tower,0,10,48,0,58,0,16,82,0,98,0,26,130,0,156,175,0,175,331
02/14/2006,OXR,CA,AWP,WE,Federal Contract Tower,0,12,67,0,79,0,12,62,6,80,0,24,129,6,159,29,0,29,188
02/15/2006,OXR,CA,AWP,WE,Federal Contract Tower,0,10,36,0,46,0,18,61,2,81,0,28,97,2,127,61,0,61,188
02/16/2006,OXR,CA,AWP,WE,Federal Contract Tower,0,18,39,0,57,0,24,155,10,189,0,42,194,10,246,46,0,46,292
02/17/2006,OXR,CA,AWP,WE,Federal Contract Tower,0,15,40,2,57,0,10,85,4,99,0,25,125,6,156,86,0,86,242
02/18/2006,OXR,CA,AWP,WE,Federal Contract Tower,0,6,34,0,40,0,1,73,0,74,0,7,107,0,114,153,0,153,267
02/19/2006,OXR,CA,AWP,WE,Federal Contract Tower,0,8,12,0,20,0,1,86,0,87,0,9,98,0,107,124,0,124,231
02/20/2006,OXR,CA,AWP,WE,Federal Contract Tower,0,8,45,0,53,0,7,143,0,150,0,15,188,0,203,127,0,127,330
02/21/2006,OXR,CA,AWP,WE,Federal Contract Tower,0,11,41,0,52,0,7,94,4,105,0,18,135,4,157,72,0,72,229
02/22/2006,OXR,CA,AWP,WE,Federal Contract Tower,0,17,37,0,54,0,12,89,0,101,0,29,126,0,155,126,0,126,281
02/23/2006,OXR,CA,AWP,WE,Federal Contract Tower,0,15,37,0,52,0,6,128,10,144,0,21,165,10,196,104,0,104,300
02/24/2006,OXR,CA,AWP,WE,Federal Contract Tower,0,14,64,0,78,0,5,106,5,116,0,19,170,5,194,148,0,148,342
02/25/2006,OXR,CA,AWP,WE,Federal Contract Tower,0,8,32,0,40,0,11,139,0,150,0,19,171,0,190,95,0,95,285
02/26/2006,OXR,CA,AWP,WE,Federal Contract Tower,0,15,47,0,62,0,4,87,0,91,0,19,134,0,153,259,0,259,412
02/27/2006,OXR,CA,AWP,WE,Federal Contract Tower,0,9,25,0,34,0,0,25,0,25,0,9,50,0,59,31,0,31,90
02/28/2006,OXR,CA,AWP,WE,Federal Contract Tower,0,10,34,0,44,0,0,49,10,59,0,10,83,10,103,53,0,53,156
03/01/2006,OXR,CA,AWP,WE,Federal Contract Tower,0,9,42,0,51,0,11,63,0,74,0,20,105,0,125,100,0,100,225
03/02/2006,OXR,CA,AWP,WE,Federal Contract Tower,0,10,52,0,62,0,10,48,0,58,0,20,100,0,120,73,0,73,193
03/03/2006,OXR,CA,AWP,WE,Federal Contract Tower,0,10,20,0,30,0,4,30,6,40,0,14,50,6,70,96,0,96,166
03/04/2006,OXR,CA,AWP,WE,Federal Contract Tower,0,9,50,0,59,0,10,171,4,185,0,19,221,4,244,148,0,148,392
03/05/2006,OXR,CA,AWP,WE,Federal Contract Tower,0,11,14,0,25,0,4,115,0,119,0,15,129,0,144,174,0,174,318
03/06/2006,OXR,CA,AWP,WE,Federal Contract Tower,0,13,36,0,49,0,4,18,4,26,0,17,54,4,75,12,0,12,87
03/07/2006,OXR,CA,AWP,WE,Federal Contract Tower,0,10,38,0,48,0,15,54,6,75,0,25,92,6,123,33,0,33,156
03/08/2006,OXR,CA,AWP,WE,Federal Contract Tower,0,15,43,0,58,0,27,108,5,140,0,42,151,5,198,198,0,198,396
03/09/2006,OXR,CA,AWP,WE,Federal Contract Tower,0,16,49,0,65,0,21,71,7,99,0,37,120,7,164,68,0,68,232
03/10/2006,OXR,CA,AWP,WE,Federal Contract Tower,0,13,21,0,34,0,13,32,13,58,0,26,53,13,92,36,0,36,128
03/11/2006,OXR,CA,AWP,WE,Federal Contract Tower,0,6,0,0,6,0,0,25,2,27,0,6,25,2,33,60,0,60,93
03/12/2006,OXR,CA,AWP,WE,Federal Contract Tower,0,8,20,0,28,0,8,81,0,89,0,16,101,0,117,179,0,179,296
03/13/2006,OXR,CA,AWP,WE,Federal Contract Tower,0,13,45,0,58,0,0,96,12,108,0,13,141,12,166,141,0,141,307
03/14/2006,OXR,CA,AWP,WE,Federal Contract Tower,0,9,36,1,46,0,5,78,5,88,0,14,114,6,134,90,0,90,224
03/15/2006,OXR,CA,AWP,WE,Federal Contract Tower,0,9,79,0,88,0,14,129,0,143,0,23,208,0,231,152,0,152,383
03/16/2006,OXR,CA,AWP,WE,Federal Contract Tower,0,28,44,4,76,0,9,120,4,133,0,37,164,8,209,63,0,63,272
03/17/2006,OXR,CA,AWP,WE,Federal Contract Tower,0,20,8,0,28,0,0,97,10,107,0,20,105,10,135,28,0,28,163
03/18/2006,OXR,CA,AWP,WE,Federal Contract Tower,0,9,30,0,39,0,9,86,0,95,0,18,116,0,134,217,0,217,351
03/19/2006,OXR,CA,AWP,WE,Federal Contract Tower,0,9,30,0,39,0,11,129,2,142,0,20,159,2,181,244,0,244,425
03/20/2006,OXR,CA,AWP,WE,Federal Contract Tower,0,14,44,0,58,0,3,52,8,63,0,17,96,8,121,62,0,62,183
03/21/2006,OXR,CA,AWP,WE,Federal Contract Tower,0,8,51,0,59,0,13,82,10,105,0,21,133,10,164,68,0,68,232
03/22/2006,OXR,CA,AWP,WE,Federal Contract Tower,0,23,35,0,58,0,7,170,8,185,0,30,205,8,243,172,0,172,415
03/23/2006,OXR,CA,AWP,WE,Federal Contract Tower,0,10,29,2,41,0,18,109,4,131,0,28,138,6,172,120,0,120,292
03/24/2006,OXR,CA,AWP,WE,Federal Contract Tower,0,14,41,0,55,0,7,201,6,214,0,21,242,6,269,222,0,222,491
03/25/2006,OXR,CA,AWP,WE,Federal Contract Tower,0,16,65,0,81,0,11,56,0,67,0,27,121,0,148,60,0,60,208
03/26/2006,OXR,CA,AWP,WE,Federal Contract Tower,0,8,32,0,40,0,5,172,0,177,0,13,204,0,217,168,0,168,385
03/27/2006,OXR,CA,AWP,WE,Federal Contract Tower,0,21,58,0,79,0,14,78,2,94,0,35,136,2,173,66,0,66,239
03/28/2006,OXR,CA,AWP,WE,Federal Contract Tower,0,11,19,0,30,0,3,9,0,12,0,14,28,0,42,2,0,2,44
03/29/2006,OXR,CA,AWP,WE,Federal Contract Tower,0,16,54,0,70,0,17,100,0,117,0,33,154,0,187,193,0,193,380
03/30/2006,OXR,CA,AWP,WE,Federal Contract Tower,0,9,58,0,67,0,19,105,9,133,0,28,163,9,200,121,0,121,321
03/31/2006,OXR,CA,AWP,WE,Federal Contract Tower,0,11,33,0,44,0,11,62,2,75,0,22,95,2,119,75,0,75,194
04/01/2006,OXR,CA,AWP,WE,Federal Contract Tower,0,9,65,0,74,0,8,101,1,110,0,17,166,1,184,209,0,209,393
04/02/2006,OXR,CA,AWP,WE,Federal Contract Tower,0,11,24,0,35,0,9,125,4,138,0,20,149,4,173,154,0,154,327
04/03/2006,OXR,CA,AWP,WE,Federal Contract Tower,0,3,24,0,27,0,7,28,2,37,0,10,52,2,64,17,0,17,81
04/04/2006,OXR,CA,AWP,WE,Federal Contract Tower,0,12,15,0,27,0,5,22,0,27,0,17,37,0,54,0,0,0,54
04/05/2006,OXR,CA,AWP,WE,Federal Contract Tower,0,9,36,0,45,0,0,46,0,46,0,9,82,0,91,8,0,8,99
04/06/2006,OXR,CA,AWP,WE,Federal Contract Tower,0,8,30,0,38,0,8,95,2,105,0,16,125,2,143,96,0,96,239
04/07/2006,OXR,CA,AWP,WE,Federal Contract Tower,0,15,56,0,71,0,11,99,4,114,0,26,155,4,185,57,0,57,242
04/08/2006,OXR,CA,AWP,WE,Federal Contract Tower,0,5,52,0,57,0,9,158,0,167,0,14,210,0,224,204,0,204,428
04/09/2006,OXR,CA,AWP,WE,Federal Contract Tower,0,10,51,0,61,0,15,78,2,95,0,25,129,2,156,137,0,137,293
04/10/2006,OXR,CA,AWP,WE,Federal Contract Tower,0,10,38,0,48,0,10,29,0,39,0,20,67,0,87,10,0,10,97
04/11/2006,OXR,CA,AWP,WE,Federal Contract Tower,0,11,36,0,47,0,2,47,2,51,0,13,83,2,98,74,0,74,172
04/12/2006,OXR,CA,AWP,WE,Federal Contract Tower,0,8,36,0,44,0,11,92,0,103,0,19,128,0,147,79,0,79,226
04/13/2006,OXR,CA,AWP,WE,Federal Contract Tower,0,11,45,0,56,0,17,123,4,144,0,28,168,4,200,72,0,72,272
04/14/2006,OXR,CA,AWP,WE,Federal Contract Tower,0,14,45,0,59,0,0,24,0,24,0,14,69,0,83,0,0,0,83
04/15/2006,OXR,CA,AWP,WE,Federal Contract Tower,0,5,51,0,56,0,8,93,0,101,0,13,144,0,157,224,0,224,381
04/16/2006,OXR,CA,AWP,WE,Federal Contract Tower,0,8,30,0,38,0,5,99,4,108,0,13,129,4,146,57,0,57,203
04/17/2006,OXR,CA,AWP,WE,Federal Contract Tower,0,12,38,0,50,0,1,92,8,101,0,13,130,8,151,54,0,54,205
04/18/2006,OXR,CA,AWP,WE,Federal Contract Tower,0,15,22,0,37,0,24,110,4,138,0,39,132,4,175,12,0,12,187
04/19/2006,OXR,CA,AWP,WE,Federal Contract Tower,0,14,48,0,62,0,2,138,8,148,0,16,186,8,210,126,0,126,336
04/20/2006,OXR,CA,AWP,WE,Federal Contract Tower,0,11,33,0,44,0,13,104,0,117,0,24,137,0,161,76,0,76,237
04/21/2006,OXR,CA,AWP,WE,Federal Contract Tower,0,10,69,0,79,0,25,105,4,134,0,35,174,4,213,107,0,107,320
04/22/2006,OXR,CA,AWP,WE,Federal Contract Tower,0,7,60,0,67,0,5,95,0,100,0,12,155,0,167,98,0,98,265
04/23/2006,OXR,CA,AWP,WE,Federal Contract Tower,0,10,51,0,61,0,10,108,0,118,0,20,159,0,179,94,0,94,273
04/24/2006,OXR,CA,AWP,WE,Federal Contract Tower,0,12,37,0,49,0,3,85,8,96,0,15,122,8,145,72,0,72,217
04/25/2006,OXR,CA,AWP,WE,Federal Contract Tower,0,14,86,0,100,0,15,80,2,97,0,29,166,2,197,28,0,28,225
04/26/2006,OXR,CA,AWP,WE,Federal Contract Tower,0,15,53,0,68,0,6,74,0,80,0,21,127,0,148,118,0,118,266
04/27/2006,OXR,CA,AWP,WE,Federal Contract Tower,0,10,46,0,56,0,12,50,8,70,0,22,96,8,126,60,0,60,186
04/28/2006,OXR,CA,AWP,WE,Federal Contract Tower,0,13,57,0,70,0,8,60,8,76,0,21,117,8,146,74,0,74,220
04/29/2006,OXR,CA,AWP,WE,Federal Contract Tower,0,7,70,0,77,0,15,60,0,75,0,22,130,0,152,158,0,158,310
04/30/2006,OXR,CA,AWP,WE,Federal Contract Tower,0,17,61,1,79,0,0,4,1,5,0,17,65,2,84,12,0,12,96
05/01/2006,OXR,CA,AWP,WE,Federal Contract Tower,0,15,67,0,82,0,1,30,4,35,0,16,97,4,117,0,0,0,117
05/02/2006,OXR,CA,AWP,WE,Federal Contract Tower,0,15,72,0,87,0,12,30,0,42,0,27,102,0,129,0,0,0,129
05/03/2006,OXR,CA,AWP,WE,Federal Contract Tower,0,22,71,0,93,0,7,23,0,30,0,29,94,0,123,18,0,18,141
05/04/2006,OXR,CA,AWP,WE,Federal Contract Tower,0,8,54,0,62,0,32,103,4,139,0,40,157,4,201,135,0,135,336
05/05/2006,OXR,CA,AWP,WE,Federal Contract Tower,0,9,69,1,79,0,10,99,13,122,0,19,168,14,201,108,4,112,313
05/06/2006,OXR,CA,AWP,WE,Federal Contract Tower,0,6,53,0,59,0,0,62,2,64,0,6,115,2,123,98,0,98,221
05/07/2006,OXR,CA,AWP,WE,Federal Contract Tower,0,10,36,0,46,0,7,119,2,128,0,17,155,2,174,161,0,161,335
05/08/2006,OXR,CA,AWP,WE,Federal Contract Tower,0,14,60,2,76,0,4,40,0,44,0,18,100,2,120,16,0,16,136
05/09/2006,OXR,CA,AWP,WE,Federal Contract Tower,0,18,57,0,75,0,16,50,2,68,0,34,107,2,143,10,0,10,153
05/10/2006,OXR,CA,AWP,WE,Federal Contract Tower,0,21,63,2,86,0,0,36,2,38,0,21,99,4,124,0,0,0,124
05/11/2006,OXR,CA,AWP,WE,Federal Contract Tower,0,14,117,1,132,0,3,7,0,10,0,17,124,1,142,0,0,0,142
05/12/2006,OXR,CA,AWP,WE,Federal Contract Tower,0,22,65,0,87,0,3,32,0,35,0,25,97,0,122,2,0,2,124
05/13/2006,OXR,CA,AWP,WE,Federal Contract Tower,0,11,60,0,71,0,4,34,0,38,0,15,94,0,109,16,0,16,125
05/14/2006,OXR,CA,AWP,WE,Federal Contract Tower,0,20,39,0,59,0,6,62,0,68,0,26,101,0,127,30,0,30,157
05/15/2006,OXR,CA,AWP,WE,Federal Contract Tower,0,18,80,0,98,0,7,71,6,84,0,25,151,6,182,132,0,132,314
05/16/2006,OXR,CA,AWP,WE,Federal Contract Tower,0,15,59,2,76,0,21,30,2,53,0,36,89,4,129,12,0,12,141
05/17/2006,OXR,CA,AWP,WE,Federal Contract Tower,0,12,100,0,112,0,1,45,0,46,0,13,145,0,158,20,0,20,178
05/18/2006,OXR,CA,AWP,WE,Federal Contract Tower,0,20,70,2,92,0,6,49,0,55,0,26,119,2,147,0,0,0,147
05/19/2006,OXR,CA,AWP,WE,Federal Contract Tower,0,14,101,0,115,0,6,29,0,35,0,20,130,0,150,2,0,2,152
05/20/2006,OXR,CA,AWP,WE,Federal Contract Tower,0,12,50,2,64,0,12,128,2,142,0,24,178,4,206,134,0,134,340
05/21/2006,OXR,CA,AWP,WE,Federal Contract Tower,0,8,35,0,43,0,4,48,2,54,0,12,83,2,97,61,0,61,158
05/22/2006,OXR,CA,AWP,WE,Federal Contract Tower,0,6,41,0,47,0,18,81,6,105,0,24,122,6,152,89,0,89,241
05/23/2006,OXR,CA,AWP,WE,Federal Contract Tower,0,14,63,0,77,0,22,139,6,167,0,36,202,6,244,144,0,144,388
05/24/2006,OXR,CA,AWP,WE,Federal Contract Tower,0,10,72,0,82,0,9,133,4,146,0,19,205,4,228,79,0,79,307
05/25/2006,OXR,CA,AWP,WE,Federal Contract Tower,0,6,60,0,66,0,11,155,14,180,0,17,215,14,246,154,0,154,400
05/26/2006,OXR,CA,AWP,WE,Federal Contract Tower,0,7,69,0,76,0,13,83,4,100,0,20,152,4,176,90,0,90,266
05/27/2006,OXR,CA,AWP,WE,Federal Contract Tower,0,11,28,0,39,0,7,116,0,123,0,18,144,0,162,166,0,166,328
05/28/2006,OXR,CA,AWP,WE,Federal Contract Tower,0,6,35,0,41,0,6,131,0,137,0,12,166,0,178,156,0,156,334
05/29/2006,OXR,CA,AWP,WE,Federal Contract Tower,0,10,19,0,29,0,10,187,0,197,0,20,206,0,226,194,0,194,420
05/30/2006,OXR,CA,AWP,WE,Federal Contract Tower,0,14,40,0,54,0,16,120,6,142,0,30,160,6,196,158,0,158,354
05/31/2006,OXR,CA,AWP,WE,Federal Contract Tower,0,13,46,0,59,0,14,126,2,142,0,27,172,2,201,126,0,126,327
06/01/2006,OXR,CA,AWP,WE,Federal Contract Tower,0,9,54,1,64,0,6,36,0,42,0,15,90,1,106,54,0,54,160
06/02/2006,OXR,CA,AWP,WE,Federal Contract Tower,0,19,36,1,56,0,6,55,0,61,0,25,91,1,117,18,0,18,135
06/03/2006,OXR,CA,AWP,WE,Federal Contract Tower,0,10,38,0,48,0,4,185,0,189,0,14,223,0,237,128,0,128,365
06/04/2006,OXR,CA,AWP,WE,Federal Contract Tower,0,7,27,0,34,0,9,180,2,191,0,16,207,2,225,206,0,206,431
06/05/2006,OXR,CA,AWP,WE,Federal Contract Tower,0,14,36,1,51,0,3,26,5,34,0,17,62,6,85,2,0,2,87
06/06/2006,OXR,CA,AWP,WE,Federal Contract Tower,0,17,57,0,74,0,5,21,0,26,0,22,78,0,100,27,0,27,127
06/07/2006,OXR,CA,AWP,WE,Federal Contract Tower,0,14,54,0,68,0,3,62,0,65,0,17,116,0,133,22,0,22,155
06/08/2006,OXR,CA,AWP,WE,Federal Contract Tower,0,13,82,0,95,0,6,50,2,58,0,19,132,2,153,58,0,58,211
06/09/2006,OXR,CA,AWP,WE,Federal Contract Tower,0,25,66,0,91,0,1,34,0,35,0,26,100,0,126,32,0,32,158
06/10/2006,OXR,CA,AWP,WE,Federal Contract Tower,0,5,38,0,43,0,11,54,2,67,0,16,92,2,110,164,0,164,274
06/11/2006,OXR,CA,AWP,WE,Federal Contract Tower,0,4,60,0,64,0,6,76,0,82,0,10,136,0,146,110,0,110,256
06/12/2006,OXR,CA,AWP,WE,Federal Contract Tower,0,8,39,0,47,0,6,82,4,92,0,14,121,4,139,110,0,110,249
06/13/2006,OXR,CA,AWP,WE,Federal Contract Tower,0,13,56,0,69,0,19,111,2,132,0,32,167,2,201,124,0,124,325
06/14/2006,OXR,CA,AWP,WE,Federal Contract Tower,0,16,43,0,59,0,16,140,14,170,0,32,183,14,229,99,0,99,328
06/15/2006,OXR,CA,AWP,WE,Federal Contract Tower,0,10,54,0,64,0,15,115,4,134,0,25,169,4,198,92,0,92,290
06/16/2006,OXR,CA,AWP,WE,Federal Contract Tower,0,9,33,0,42,0,17,94,8,119,0,26,127,8,161,98,0,98,259
06/17/2006,OXR,CA,AWP,WE,Federal Contract Tower,0,7,49,0,56,0,3,119,0,122,0,10,168,0,178,66,0,66,244
06/18/2006,OXR,CA,AWP,WE,Federal Contract Tower,0,6,49,0,55,0,6,65,0,71,0,12,114,0,126,20,0,20,146
06/19/2006,OXR,CA,AWP,WE,Federal Contract Tower,0,14,58,0,72,0,0,32,0,32,0,14,90,0,104,0,0,0,104
06/20/2006,OXR,CA,AWP,WE,Federal Contract Tower,0,19,84,1,104,0,10,47,7,64,0,29,131,8,168,10,0,10,178
06/21/2006,OXR,CA,AWP,WE,Federal Contract Tower,0,13,45,0,58,0,16,83,0,99,0,29,128,0,157,41,0,41,198
06/22/2006,OXR,CA,AWP,WE,Federal Contract Tower,0,10,62,1,73,0,15,111,17,143,0,25,173,18,216,24,0,24,240
06/23/2006,OXR,CA,AWP,WE,Federal Contract Tower,0,16,70,5,91,0,7,22,0,29,0,23,92,5,120,0,0,0,120
06/24/2006,OXR,CA,AWP,WE,Federal Contract Tower,0,19,64,0,83,0,12,50,4,66,0,31,114,4,149,0,0,0,149
06/25/2006,OXR,CA,AWP,WE,Federal Contract Tower,0,6,43,0,49,0,9,85,0,94,0,15,128,0,143,24,0,24,167
06/26/2006,OXR,CA,AWP,WE,Federal Contract Tower,0,12,39,0,51,0,14,92,8,114,0,26,131,8,165,41,0,41,206
06/27/2006,OXR,CA,AWP,WE,Federal Contract Tower,0,19,47,0,66,0,14,59,11,84,0,33,106,11,150,20,0,20,170
06/28/2006,OXR,CA,AWP,WE,Federal Contract Tower,0,15,41,0,56,0,23,121,2,146,0,38,162,2,202,155,0,155,357
06/29/2006,OXR,CA,AWP,WE,Federal Contract Tower,0,13,39,0,52,0,18,112,12,142,0,31,151,12,194,74,0,74,268
06/30/2006,OXR,CA,AWP,WE,Federal Contract Tower,0,15,27,0,42,0,13,136,6,155,0,28,163,6,197,94,0,94,291
07/01/2006,OXR,CA,AWP,WE,Federal Contract Tower,0,7,24,0,31,0,8,159,0,167,0,15,183,0,198,136,0,136,334
07/02/2006,OXR,CA,AWP,WE,Federal Contract Tower,0,2,29,0,31,0,3,181,2,186,0,5,210,2,217,106,0,106,323
07/03/2006,OXR,CA,AWP,WE,Federal Contract Tower,0,14,31,1,46,0,7,115,7,129,0,21,146,8,175,86,0,86,261
07/04/2006,OXR,CA,AWP,WE,Federal Contract Tower,0,5,20,0,25,0,2,104,0,106,0,7,124,0,131,40,0,40,171
07/05/2006,OXR,CA,AWP,WE,Federal Contract Tower,0,9,32,1,42,0,24,113,3,140,0,33,145,4,182,78,0,78,260
07/06/2006,OXR,CA,AWP,WE,Federal Contract Tower,0,12,55,0,67,0,13,108,9,130,0,25,163,9,197,117,0,117,314
07/07/2006,OXR,CA,AWP,WE,Federal Contract Tower,0,8,36,0,44,0,16,125,6,147,0,24,161,6,191,94,0,94,285
07/08/2006,OXR,CA,AWP,WE,Federal Contract Tower,0,6,28,0,34,0,9,187,0,196,0,15,215,0,230,152,0,152,382
07/09/2006,OXR,CA,AWP,WE,Federal Contract Tower,0,5,42,0,47,0,4,37,2,43,0,9,79,2,90,12,0,12,102
07/10/2006,OXR,CA,AWP,WE,Federal Contract Tower,0,19,38,1,58,0,6,19,1,26,0,25,57,2,84,4,0,4,88
07/11/2006,OXR,CA,AWP,WE,Federal Contract Tower,0,18,76,0,94,0,2,52,10,64,0,20,128,10,158,16,0,16,174
07/12/2006,OXR,CA,AWP,WE,Federal Contract Tower,0,8,47,4,59,0,4,95,4,103,0,12,142,8,162,104,0,104,266
07/13/2006,OXR,CA,AWP,WE,Federal Contract Tower,0,8,10,0,18,0,7,85,8,100,0,15,95,8,118,118,0,118,236
07/14/2006,OXR,CA,AWP,WE,Federal Contract Tower,0,12,9,0,21,0,5,133,0,138,0,17,142,0,159,152,0,152,311
07/15/2006,OXR,CA,AWP,WE,Federal Contract Tower,0,5,51,0,56,0,9,207,2,218,0,14,258,2,274,146,0,146,420
07/16/2006,OXR,CA,AWP,WE,Federal Contract Tower,0,8,38,0,46,0,7,140,2,149,0,15,178,2,195,60,0,60,255
07/17/2006,OXR,CA,AWP,WE,Federal Contract Tower,0,20,47,0,67,0,18,109,2,129,0,38,156,2,196,134,0,134,330
07/18/2006,OXR,CA,AWP,WE,Federal Contract Tower,0,16,38,0,54,0,4,62,0,66,0,20,100,0,120,24,0,24,144
07/19/2006,OXR,CA,AWP,WE,Federal Contract Tower,0,14,67,0,81,0,1,77,0,78,0,15,144,0,159,129,0,129,288
07/20/2006,OXR,CA,AWP,WE,Federal Contract Tower,0,14,43,0,57,0,4,49,2,55,0,18,92,2,112,28,0,28,140
07/21/2006,OXR,CA,AWP,WE,Federal Contract Tower,0,13,45,0,58,0,7,71,4,82,0,20,116,4,140,100,0,100,240
07/22/2006,OXR,CA,AWP,WE,Federal Contract Tower,0,9,44,2,55,0,10,161,2,173,0,19,205,4,228,186,0,186,414
07/23/2006,OXR,CA,AWP,WE,Federal Contract Tower,0,8,29,0,37,0,1,124,0,125,0,9,153,0,162,122,0,122,284
07/24/2006,OXR,CA,AWP,WE,Federal Contract Tower,0,9,20,0,29,0,14,79,6,99,0,23,99,6,128,109,0,109,237
07/25/2006,OXR,CA,AWP,WE,Federal Contract Tower,0,14,66,0,80,0,4,24,4,32,0,18,90,4,112,2,0,2,114
07/26/2006,OXR,CA,AWP,WE,Federal Contract Tower,0,16,63,0,79,0,10,40,4,54,0,26,103,4,133,33,0,33,166
07/27/2006,OXR,CA,AWP,WE,Federal Contract Tower,0,20,44,3,67,0,10,35,4,49,0,30,79,7,116,13,0,13,129
07/28/2006,OXR,CA,AWP,WE,Federal Contract Tower,0,9,44,0,53,0,6,55,2,63,0,15,99,2,116,38,0,38,154
07/29/2006,OXR,CA,AWP,WE,Federal Contract Tower,0,14,88,0,102,0,0,46,2,48,0,14,134,2,150,106,0,106,256
07/30/2006,OXR,CA,AWP,WE,Federal Contract Tower,0,10,84,0,94,0,1,16,0,17,0,11,100,0,111,10,0,10,121
07/31/2006,OXR,CA,AWP,WE,Federal Contract Tower,0,8,52,0,60,0,10,48,6,64,0,18,100,6,124,128,0,128,252
08/01/2006,OXR,CA,AWP,WE,Federal Contract Tower,0,16,43,1,60,0,15,71,3,89,0,31,114,4,149,171,0,171,320
08/02/2006,OXR,CA,AWP,WE,Federal Contract Tower,0,10,43,0,53,0,20,99,0,119,0,30,142,0,172,163,0,163,335
08/03/2006,OXR,CA,AWP,WE,Federal Contract Tower,0,17,48,0,65,0,7,70,11,88,0,24,118,11,153,128,0,128,281
08/04/2006,OXR,CA,AWP,WE,Federal Contract Tower,0,14,35,0,49,0,11,71,0,82,0,25,106,0,131,64,0,64,195
08/05/2006,OXR,CA,AWP,WE,Federal Contract Tower,0,8,40,1,49,0,8,104,3,115,0,16,144,4,164,94,0,94,258
08/06/2006,OXR,CA,AWP,WE,Federal Contract Tower,0,7,28,0,35,0,7,127,2,136,0,14,155,2,171,205,0,205,376
08/07/2006,OXR,CA,AWP,WE,Federal Contract Tower,0,6,22,1,29,0,6,83,3,92,0,12,105,4,121,66,0,66,187
08/08/2006,OXR,CA,AWP,WE,Federal Contract Tower,0,15,41,0,56,0,24,72,0,96,0,39,113,0,152,115,0,115,267
08/09/2006,OXR,CA,AWP,WE,Federal Contract Tower,0,15,41,0,56,0,5,94,4,103,0,20,135,4,159,104,0,104,263
08/10/2006,OXR,CA,AWP,WE,Federal Contract Tower,0,7,38,0,45,0,6,117,4,127,0,13,155,4,172,104,0,104,276
08/11/2006,OXR,CA,AWP,WE,Federal Contract Tower,0,16,59,0,75,0,7,65,2,74,0,23,124,2,149,12,0,12,161
08/12/2006,OXR,CA,AWP,WE,Federal Contract Tower,0,5,43,0,48,0,1,100,0,101,0,6,143,0,149,198,0,198,347
08/13/2006,OXR,CA,AWP,WE,Federal Contract Tower,0,12,28,0,40,0,3,85,2,90,0,15,113,2,130,80,0,80,210
08/14/2006,OXR,CA,AWP,WE,Federal Contract Tower,0,15,9,0,24,0,12,102,6,120,0,27,111,6,144,80,0,80,224
08/15/2006,OXR,CA,AWP,WE,Federal Contract Tower,0,12,27,0,39,0,5,52,10,67,0,17,79,10,106,81,0,81,187
08/16/2006,OXR,CA,AWP,WE,Federal Contract Tower,0,11,39,0,50,0,1,88,2,91,0,12,127,2,141,142,0,142,283
08/17/2006,OXR,CA,AWP,WE,Federal Contract Tower,0,16,41,0,57,0,11,78,9,98,0,27,119,9,155,92,0,92,247
08/18/2006,OXR,CA,AWP,WE,Federal Contract Tower,0,10,35,0,45,0,14,54,3,71,0,24,89,3,116,96,0,96,212
08/19/2006,OXR,CA,AWP,WE,Federal Contract Tower,0,5,16,0,21,0,13,73,4,90,0,18,89,4,111,30,0,30,141
08/20/2006,OXR,CA,AWP,WE,Federal Contract Tower,0,6,24,0,30,0,6,60,0,66,0,12,84,0,96,18,0,18,114
08/21/2006,OXR,CA,AWP,WE,Federal Contract Tower,0,16,30,2,48,0,2,65,6,73,0,18,95,8,121,96,0,96,217
08/22/2006,OXR,CA,AWP,WE,Federal Contract Tower,0,14,37,0,51,0,23,140,2,165,0,37,177,2,216,158,0,158,374
08/23/2006,OXR,CA,AWP,WE,Federal Contract Tower,0,8,38,0,46,0,15,84,2,101,0,23,122,2,147,98,0,98,245
08/24/2006,OXR,CA,AWP,WE,Federal Contract Tower,0,11,49,0,60,0,9,77,0,86,0,20,126,0,146,122,0,122,268
08/25/2006,OXR,CA,AWP,WE,Federal Contract Tower,0,10,64,0,74,0,14,59,6,79,0,24,123,6,153,42,0,42,195
08/26/2006,OXR,CA,AWP,WE,Federal Contract Tower,0,9,44,0,53,0,13,112,2,127,0,22,156,2,180,140,0,140,320
08/27/2006,OXR,CA,AWP,WE,Federal Contract Tower,0,12,27,0,39,0,11,130,4,145,0,23,157,4,184,90,0,90,274
08/28/2006,OXR,CA,AWP,WE,Federal Contract Tower,0,22,36,0,58,0,8,72,3,83,0,30,108,3,141,50,0,50,191
08/29/2006,OXR,CA,AWP,WE,Federal Contract Tower,0,9,27,0,36,0,11,96,2,109,0,20,123,2,145,130,0,130,275
08/30/2006,OXR,CA,AWP,WE,Federal Contract Tower,0,11,45,0,56,0,3,54,2,59,0,14,99,2,115,10,0,10,125
08/31/2006,OXR,CA,AWP,WE,Federal Contract Tower,0,18,60,0,78,0,3,13,0,16,0,21,73,0,94,4,0,4,98
09/01/2006,OXR,CA,AWP,WE,Federal Contract Tower,0,20,46,2,68,0,15,14,2,31,0,35,60,4,99,18,0,18,117
09/02/2006,OXR,CA,AWP,WE,Federal Contract Tower,0,6,21,0,27,0,1,153,0,154,0,7,174,0,181,128,0,128,309
09/03/2006,OXR,CA,AWP,WE,Federal Contract Tower,0,3,39,0,42,0,19,127,2,148,0,22,166,2,190,128,0,128,318
09/04/2006,OXR,CA,AWP,WE,Federal Contract Tower,0,8,25,0,33,0,2,122,2,126,0,10,147,2,159,100,0,100,259
09/05/2006,OXR,CA,AWP,WE,Federal Contract Tower,0,17,28,0,45,0,6,103,0,109,0,23,131,0,154,150,0,150,304
09/06/2006,OXR,CA,AWP,WE,Federal Contract Tower,0,13,38,0,51,0,10,67,2,79,0,23,105,2,130,68,0,68,198
09/07/2006,OXR,CA,AWP,WE,Federal Contract Tower,0,12,50,0,62,0,7,45,0,52,0,19,95,0,114,38,0,38,152
09/08/2006,OXR,CA,AWP,WE,Federal Contract Tower,0,10,38,0,48,0,11,59,20,90,0,21,97,20,138,96,0,96,234
09/09/2006,OXR,CA,AWP,WE,Federal Contract Tower,0,4,43,0,47,0,12,102,2,116,0,16,145,2,163,99,0,99,262
09/10/2006,OXR,CA,AWP,WE,Federal Contract Tower,0,7,27,0,34,0,6,97,0,103,0,13,124,0,137,94,0,94,231
09/11/2006,OXR,CA,AWP,WE,Federal Contract Tower,0,15,51,0,66,0,1,10,0,11,0,16,61,0,77,0,0,0,77
09/12/2006,OXR,CA,AWP,WE,Federal Contract Tower,0,14,50,0,64,0,1,7,0,8,0,15,57,0,72,0,0,0,72
09/13/2006,OXR,CA,AWP,WE,Federal Contract Tower,0,11,66,0,77,0,0,1,0,1,0,11,67,0,78,0,0,0,78
09/14/2006,OXR,CA,AWP,WE,Federal Contract Tower,0,24,48,0,72,0,0,38,0,38,0,24,86,0,110,8,0,8,118
09/15/2006,OXR,CA,AWP,WE,Federal Contract Tower,0,10,54,0,64,0,18,101,4,123,0,28,155,4,187,136,0,136,323
09/16/2006,OXR,CA,AWP,WE,Federal Contract Tower,0,8,24,0,32,0,7,129,0,136,0,15,153,0,168,114,0,114,282
09/17/2006,OXR,CA,AWP,WE,Federal Contract Tower,0,11,28,0,39,0,4,102,0,106,0,15,130,0,145,126,0,126,271
09/18/2006,OXR,CA,AWP,WE,Federal Contract Tower,0,18,35,0,53,0,8,77,0,85,0,26,112,0,138,52,0,52,190
09/19/2006,OXR,CA,AWP,WE,Federal Contract Tower,0,9,40,0,49,0,12,106,0,118,0,21,146,0,167,83,0,83,250
09/20/2006,OXR,CA,AWP,WE,Federal Contract Tower,0,8,36,0,44,0,7,75,2,84,0,15,111,2,128,144,0,144,272
09/21/2006,OXR,CA,AWP,WE,Federal Contract Tower,0,21,44,0,65,0,8,109,4,121,0,29,153,4,186,42,0,42,228
09/22/2006,OXR,CA,AWP,WE,Federal Contract Tower,0,11,29,2,42,0,11,82,3,96,0,22,111,5,138,30,0,30,168
09/23/2006,OXR,CA,AWP,WE,Federal Contract Tower,0,5,12,0,17,0,6,101,0,107,0,11,113,0,124,108,0,108,232
09/24/2006,OXR,CA,AWP,WE,Federal Contract Tower,0,14,24,0,38,0,4,133,0,137,0,18,157,0,175,64,0,64,239
09/25/2006,OXR,CA,AWP,WE,Federal Contract Tower,0,15,38,0,53,0,17,121,4,142,0,32,159,4,195,110,0,110,305
09/26/2006,OXR,CA,AWP,WE,Federal Contract Tower,0,14,67,0,81,0,0,86,0,86,0,14,153,0,167,76,0,76,243
09/27/2006,OXR,CA,AWP,WE,Federal Contract Tower,0,16,43,0,59,0,11,93,12,116,0,27,136,12,175,92,0,92,267
09/28/2006,OXR,CA,AWP,WE,Federal Contract Tower,0,12,59,0,71,0,19,67,0,86,0,31,126,0,157,60,0,60,217
09/29/2006,OXR,CA,AWP,WE,Federal Contract Tower,0,17,61,1,79,0,11,80,3,94,0,28,141,4,173,90,0,90,263
09/30/2006,OXR,CA,AWP,WE,Federal Contract Tower,0,11,28,0,39,0,6,66,2,74,0,17,94,2,113,46,0,46,159
10/01/2006,OXR,CA,AWP,WE,Federal Contract Tower,0,8,17,0,25,0,3,75,2,80,0,11,92,2,105,110,0,110,215
10/02/2006,OXR,CA,AWP,WE,Federal Contract Tower,0,12,38,0,50,0,7,71,2,80,0,19,109,2,130,50,0,50,180
10/03/2006,OXR,CA,AWP,WE,Federal Contract Tower,0,17,25,0,42,0,10,82,0,92,0,27,107,0,134,93,0,93,227
10/04/2006,OXR,CA,AWP,WE,Federal Contract Tower,0,11,38,0,49,0,14,88,2,104,0,25,126,2,153,144,0,144,297
10/05/2006,OXR,CA,AWP,WE,Federal Contract Tower,0,14,40,0,54,0,6,75,4,85,0,20,115,4,139,44,0,44,183
10/06/2006,OXR,CA,AWP,WE,Federal Contract Tower,0,19,35,0,54,0,14,86,4,104,0,33,121,4,158,36,0,36,194
10/07/2006,OXR,CA,AWP,WE,Federal Contract Tower,0,7,29,0,36,0,6,108,0,114,0,13,137,0,150,156,0,156,306
10/08/2006,OXR,CA,AWP,WE,Federal Contract Tower,0,15,45,0,60,0,10,109,0,119,0,25,154,0,179,148,0,148,327
10/09/2006,OXR,CA,AWP,WE,Federal Contract Tower,0,28,30,0,58,0,0,48,0,48,0,28,78,0,106,48,0,48,154
10/10/2006,OXR,CA,AWP,WE,Federal Contract Tower,0,8,51,0,59,0,10,65,0,75,0,18,116,0,134,59,0,59,193
10/11/2006,OXR,CA,AWP,WE,Federal Contract Tower,0,11,39,0,50,0,11,73,2,86,0,22,112,2,136,115,0,115,251
10/12/2006,OXR,CA,AWP,WE,Federal Contract Tower,0,15,39,0,54,0,16,85,2,103,0,31,124,2,157,44,0,44,201
10/13/2006,OXR,CA,AWP,WE,Federal Contract Tower,0,17,27,0,44,0,5,54,0,59,0,22,81,0,103,22,0,22,125
10/14/2006,OXR,CA,AWP,WE,Federal Contract Tower,0,2,35,0,37,0,5,89,0,94,0,7,124,0,131,175,0,175,306
10/15/2006,OXR,CA,AWP,WE,Federal Contract Tower,0,5,49,0,54,0,16,72,0,88,0,21,121,0,142,140,0,140,282
10/16/2006,OXR,CA,AWP,WE,Federal Contract Tower,0,16,36,0,52,0,4,52,2,58,0,20,88,2,110,71,0,71,181
10/17/2006,OXR,CA,AWP,WE,Federal Contract Tower,0,8,48,0,56,0,8,70,2,80,0,16,118,2,136,80,0,80,216
10/18/2006,OXR,CA,AWP,WE,Federal Contract Tower,0,11,8,0,19,0,17,39,4,60,0,28,47,4,79,45,0,45,124
10/19/2006,OXR,CA,AWP,WE,Federal Contract Tower,0,10,42,0,52,0,13,90,0,103,0,23,132,0,155,76,0,76,231
10/20/2006,OXR,CA,AWP,WE,Federal Contract Tower,0,12,30,0,42,0,18,129,4,151,0,30,159,4,193,79,0,79,272
10/21/2006,OXR,CA,AWP,WE,Federal Contract Tower,0,9,34,0,43,0,17,103,0,120,0,26,137,0,163,124,0,124,287
10/22/2006,OXR,CA,AWP,WE,Federal Contract Tower,0,6,47,0,53,0,7,113,2,122,0,13,160,2,175,202,0,202,377
10/23/2006,OXR,CA,AWP,WE,Federal Contract Tower,0,10,43,0,53,0,5,83,2,90,0,15,126,2,143,87,0,87,230
10/24/2006,OXR,CA,AWP,WE,Federal Contract Tower,0,24,42,0,66,0,1,18,0,19,0,25,60,0,85,8,0,8,93
10/25/2006,OXR,CA,AWP,WE,Federal Contract Tower,0,15,69,0,84,0,4,28,2,34,0,19,97,2,118,0,0,0,118
10/26/2006,OXR,CA,AWP,WE,Federal Contract Tower,0,9,14,0,23,0,9,64,2,75,0,18,78,2,98,24,0,24,122
10/27/2006,OXR,CA,AWP,WE,Federal Contract Tower,0,10,26,0,36,0,9,97,0,106,0,19,123,0,142,56,0,56,198
10/28/2006,OXR,CA,AWP,WE,Federal Contract Tower,0,5,22,0,27,0,10,117,0,127,0,15,139,0,154,108,0,108,262
10/29/2006,OXR,CA,AWP,WE,Federal Contract Tower,0,12,23,0,35,0,9,120,0,129,0,21,143,0,164,124,0,124,288
10/30/2006,OXR,CA,AWP,WE,Federal Contract Tower,0,19,42,0,61,0,7,50,0,57,0,26,92,0,118,116,0,116,234
10/31/2006,OXR,CA,AWP,WE,Federal Contract Tower,0,10,39,0,49,0,13,36,0,49,0,23,75,0,98,114,0,114,212
11/01/2006,OXR,CA,AWP,WE,Federal Contract Tower,0,13,38,0,51,0,9,57,0,66,0,22,95,0,117,151,0,151,268
11/02/2006,OXR,CA,AWP,WE,Federal Contract Tower,0,25,38,0,63,0,19,72,0,91,0,44,110,0,154,128,0,128,282
11/03/2006,OXR,CA,AWP,WE,Federal Contract Tower,0,12,35,4,51,0,6,53,6,65,0,18,88,10,116,24,0,24,140
11/04/2006,OXR,CA,AWP,WE,Federal Contract Tower,0,5,12,0,17,0,15,128,0,143,0,20,140,0,160,148,0,148,308
11/05/2006,OXR,CA,AWP,WE,Federal Contract Tower,0,5,22,0,27,0,11,158,2,171,0,16,180,2,198,208,0,208,406
11/06/2006,OXR,CA,AWP,WE,Federal Contract Tower,0,18,23,0,41,0,14,77,0,91,0,32,100,0,132,46,0,46,178
11/07/2006,OXR,CA,AWP,WE,Federal Contract Tower,0,9,28,0,37,0,24,66,0,90,0,33,94,0,127,120,0,120,247
11/08/2006,OXR,CA,AWP,WE,Federal Contract Tower,0,13,59,0,72,0,18,66,0,84,0,31,125,0,156,102,0,102,258
11/09/2006,OXR,CA,AWP,WE,Federal Contract Tower,0,15,24,0,39,0,9,97,0,106,0,24,121,0,145,76,0,76,221
11/10/2006,OXR,CA,AWP,WE,Federal Contract Tower,0,12,30,0,42,0,20,94,0,114,0,32,124,0,156,126,0,126,282
11/11/2006,OXR,CA,AWP,WE,Federal Contract Tower,0,6,19,0,25,0,3,109,0,112,0,9,128,0,137,106,0,106,243
11/12/2006,OXR,CA,AWP,WE,Federal Contract Tower,0,10,30,0,40,0,1,124,0,125,0,11,154,0,165,166,0,166,331
11/13/2006,OXR,CA,AWP,WE,Federal Contract Tower,0,17,31,0,48,0,15,81,2,98,0,32,112,2,146,104,0,104,250
11/14/2006,OXR,CA,AWP,WE,Federal Contract Tower,0,8,41,0,49,0,8,48,2,58,0,16,89,2,107,173,0,173,280
11/15/2006,OXR,CA,AWP,WE,Federal Contract Tower,0,13,41,0,54,0,4,64,0,68,0,17,105,0,122,102,0,102,224
11/16/2006,OXR,CA,AWP,WE,Federal Contract Tower,0,12,47,0,59,0,21,68,6,95,0,33,115,6,154,126,0,126,280
11/17/2006,OXR,CA,AWP,WE,Federal Contract Tower,0,10,33,0,43,0,11,104,2,117,0,21,137,2,160,88,0,88,248
11/18/2006,OXR,CA,AWP,WE,Federal Contract Tower,0,9,15,0,24,0,14,116,0,130,0,23,131,0,154,170,0,170,324
11/19/2006,OXR,CA,AWP,WE,Federal Contract Tower,0,5,23,0,28,0,4,136,0,140,0,9,159,0,168,156,0,156,324
11/20/2006,OXR,CA,AWP,WE,Federal Contract Tower,0,14,30,0,44,0,7,80,4,91,0,21,110,4,135,160,0,160,295
11/21/2006,OXR,CA,AWP,WE,Federal Contract Tower,0,14,51,2,67,0,7,61,2,70,0,21,112,4,137,103,0,103,240
11/22/2006,OXR,CA,AWP,WE,Federal Contract Tower,0,19,65,0,84,0,3,34,5,42,0,22,99,5,126,166,0,166,292
11/23/2006,OXR,CA,AWP,WE,Federal Contract Tower,0,6,4,0,10,0,1,66,0,67,0,7,70,0,77,8,0,8,85
11/24/2006,OXR,CA,AWP,WE,Federal Contract Tower,0,6,44,0,50,0,7,114,0,121,0,13,158,0,171,98,0,98,269
11/25/2006,OXR,CA,AWP,WE,Federal Contract Tower,0,8,29,0,37,0,2,112,0,114,0,10,141,0,151,146,0,146,297
11/26/2006,OXR,CA,AWP,WE,Federal Contract Tower,0,16,26,0,42,0,17,80,0,97,0,33,106,0,139,76,0,76,215
11/27/2006,OXR,CA,AWP,WE,Federal Contract Tower,0,16,43,0,59,0,10,28,0,38,0,26,71,0,97,58,0,58,155
11/28/2006,OXR,CA,AWP,WE,Federal Contract Tower,0,10,36,0,46,0,6,66,0,72,0,16,102,0,118,139,0,139,257
11/29/2006,OXR,CA,AWP,WE,Federal Contract Tower,0,11,8,0,19,0,2,29,2,33,0,13,37,2,52,28,0,28,80
11/30/2006,OXR,CA,AWP,WE,Federal Contract Tower,0,10,18,0,28,0,11,70,8,89,0,21,88,8,117,96,0,96,213
12/01/2006,OXR,CA,AWP,WE,Federal Contract Tower,0,13,36,0,49,0,19,92,0,111,0,32,128,0,160,82,0,82,242
12/02/2006,OXR,CA,AWP,WE,Federal Contract Tower,0,11,13,0,24,0,7,47,6,60,0,18,60,6,84,74,0,74,158
12/03/2006,OXR,CA,AWP,WE,Federal Contract Tower,0,5,2,0,7,0,6,21,2,29,0,11,23,2,36,66,0,66,102
12/04/2006,OXR,CA,AWP,WE,Federal Contract Tower,0,10,14,0,24,0,10,83,0,93,0,20,97,0,117,82,0,82,199
12/05/2006,OXR,CA,AWP,WE,Federal Contract Tower,0,10,30,0,40,0,19,84,0,103,0,29,114,0,143,140,0,140,283
12/06/2006,OXR,CA,AWP,WE,Federal Contract Tower,0,8,20,0,28,0,17,75,0,92,0,25,95,0,120,60,0,60,180
12/07/2006,OXR,CA,AWP,WE,Federal Contract Tower,0,13,51,0,64,0,6,84,2,92,0,19,135,2,156,76,0,76,232
12/08/2006,OXR,CA,AWP,WE,Federal Contract Tower,0,11,31,1,43,0,22,110,7,139,0,33,141,8,182,110,0,110,292
12/09/2006,OXR,CA,AWP,WE,Federal Contract Tower,0,3,43,0,46,0,10,76,4,90,0,13,119,4,136,186,0,186,322
12/10/2006,OXR,CA,AWP,WE,Federal Contract Tower,0,5,30,0,35,0,5,71,2,78,0,10,101,2,113,108,0,108,221
12/11/2006,OXR,CA,AWP,WE,Federal Contract Tower,0,10,25,0,35,0,9,72,0,81,0,19,97,0,116,40,0,40,156
12/12/2006,OXR,CA,AWP,WE,Federal Contract Tower,0,9,56,0,65,0,11,57,5,73,0,20,113,5,138,90,0,90,228
12/13/2006,OXR,CA,AWP,WE,Federal Contract Tower,0,9,33,0,42,0,12,68,0,80,0,21,101,0,122,165,0,165,287
12/14/2006,OXR,CA,AWP,WE,Federal Contract Tower,0,7,26,0,33,0,6,100,4,110,0,13,126,4,143,88,0,88,231
12/15/2006,OXR,CA,AWP,WE,Federal Contract Tower,0,7,38,0,45,0,19,91,6,116,0,26,129,6,161,168,0,168,329
12/16/2006,OXR,CA,AWP,WE,Federal Contract Tower,0,5,32,0,37,0,3,36,0,39,0,8,68,0,76,42,0,42,118
12/17/2006,OXR,CA,AWP,WE,Federal Contract Tower,0,5,21,0,26,0,1,106,2,109,0,6,127,2,135,156,0,156,291
12/18/2006,OXR,CA,AWP,WE,Federal Contract Tower,0,10,21,0,31,0,5,34,4,43,0,15,55,4,74,38,0,38,112
12/19/2006,OXR,CA,AWP,WE,Federal Contract Tower,0,10,35,0,45,0,15,88,4,107,0,25,123,4,152,112,0,112,264
12/20/2006,OXR,CA,AWP,WE,Federal Contract Tower,0,11,40,0,51,0,9,67,5,81,0,20,107,5,132,122,0,122,254
12/21/2006,OXR,CA,AWP,WE,Federal Contract Tower,0,12,24,0,36,0,4,110,0,114,0,16,134,0,150,102,0,102,252
12/22/2006,OXR,CA,AWP,WE,Federal Contract Tower,0,9,22,0,31,0,4,58,2,64,0,13,80,2,95,68,0,68,163
12/23/2006,OXR,CA,AWP,WE,Federal Contract Tower,0,9,9,0,18,0,4,105,0,109,0,13,114,0,127,156,0,156,283
12/24/2006,OXR,CA,AWP,WE,Federal Contract Tower,0,5,26,0,31,0,1,76,0,77,0,6,102,0,108,54,0,54,162
12/25/2006,OXR,CA,AWP,WE,Federal Contract Tower,0,7,6,0,13,0,1,41,0,42,0,8,47,0,55,12,0,12,67
12/26/2006,OXR,CA,AWP,WE,Federal Contract Tower,0,8,38,0,46,0,12,44,0,56,0,20,82,0,102,58,0,58,160
12/27/2006,OXR,CA,AWP,WE,Federal Contract Tower,0,10,14,0,24,0,2,17,0,19,0,12,31,0,43,8,0,8,51
12/28/2006,OXR,CA,AWP,WE,Federal Contract Tower,0,9,12,0,21,0,2,59,0,61,0,11,71,0,82,124,0,124,206
12/29/2006,OXR,CA,AWP,WE,Federal Contract Tower,0,7,22,0,29,0,7,108,4,119,0,14,130,4,148,75,0,75,223
12/30/2006,OXR,CA,AWP,WE,Federal Contract Tower,0,15,26,0,41,0,12,119,0,131,0,27,145,0,172,124,0,124,296
12/31/2006,OXR,CA,AWP,WE,Federal Contract Tower,0,6,9,0,15,0,0,69,0,69,0,6,78,0,84,110,0,110,194
01/01/2007,OXR,CA,AWP,WE,Federal Contract Tower,0,7,5,0,12,0,0,27,0,27,0,7,32,0,39,2,0,2,41
01/02/2007,OXR,CA,AWP,WE,Federal Contract Tower,0,12,17,0,29,0,1,41,0,42,0,13,58,0,71,86,0,86,157
01/03/2007,OXR,CA,AWP,WE,Federal Contract Tower,0,9,38,0,47,0,4,57,2,63,0,13,95,2,110,126,0,126,236
01/04/2007,OXR,CA,AWP,WE,Federal Contract Tower,0,11,57,0,68,0,4,28,3,35,0,15,85,3,103,80,0,80,183
01/05/2007,OXR,CA,AWP,WE,Federal Contract Tower,0,12,6,0,18,0,3,56,4,63,0,15,62,4,81,148,0,148,229
01/06/2007,OXR,CA,AWP,WE,Federal Contract Tower,0,13,12,0,25,0,3,83,0,86,0,16,95,0,111,126,0,126,237
01/07/2007,OXR,CA,AWP,WE,Federal Contract Tower,0,5,2,0,7,0,3,67,2,72,0,8,69,2,79,97,0,97,176
01/08/2007,OXR,CA,AWP,WE,Federal Contract Tower,0,11,4,0,15,0,1,24,0,25,0,12,28,0,40,12,0,12,52
01/09/2007,OXR,CA,AWP,WE,Federal Contract Tower,0,13,27,0,40,0,9,74,0,83,0,22,101,0,123,180,0,180,303
01/10/2007,OXR,CA,AWP,WE,Federal Contract Tower,0,19,49,0,68,0,10,67,6,83,0,29,116,6,151,213,0,213,364
01/11/2007,OXR,CA,AWP,WE,Federal Contract Tower,0,19,37,0,56,0,6,48,6,60,0,25,85,6,116,70,0,70,186
01/12/2007,OXR,CA,AWP,WE,Federal Contract Tower,0,9,40,0,49,0,6,82,2,90,0,15,122,2,139,128,0,128,267
01/13/2007,OXR,CA,AWP,WE,Federal Contract Tower,0,5,6,0,11,0,3,33,0,36,0,8,39,0,47,102,0,102,149
01/14/2007,OXR,CA,AWP,WE,Federal Contract Tower,0,9,36,0,45,0,1,83,0,84,0,10,119,0,129,178,0,178,307
01/15/2007,OXR,CA,AWP,WE,Federal Contract Tower,0,9,14,0,23,0,0,28,0,28,0,9,42,0,51,6,0,6,57
01/16/2007,OXR,CA,AWP,WE,Federal Contract Tower,0,16,15,0,31,0,6,44,2,52,0,22,59,2,83,95,0,95,178
01/17/2007,OXR,CA,AWP,WE,Federal Contract Tower,0,10,27,0,37,0,12,30,0,42,0,22,57,0,79,56,0,56,135
01/18/2007,OXR,CA,AWP,WE,Federal Contract Tower,0,14,47,0,61,0,8,75,8,91,0,22,122,8,152,145,0,145,297
01/19/2007,OXR,CA,AWP,WE,Federal Contract Tower,0,11,15,0,26,0,8,86,4,98,0,19,101,4,124,140,0,140,264
01/20/2007,OXR,CA,AWP,WE,Federal Contract Tower,0,5,43,0,48,0,1,57,0,58,0,6,100,0,106,196,0,196,302
01/21/2007,OXR,CA,AWP,WE,Federal Contract Tower,0,5,10,0,15,0,0,34,0,34,0,5,44,0,49,68,0,68,117
01/22/2007,OXR,CA,AWP,WE,Federal Contract Tower,0,14,22,0,36,0,3,49,0,52,0,17,71,0,88,86,0,86,174
01/23/2007,OXR,CA,AWP,WE,Federal Contract Tower,0,17,45,0,62,0,1,53,0,54,0,18,98,0,116,166,0,166,282
01/24/2007,OXR,CA,AWP,WE,Federal Contract Tower,0,9,38,0,47,0,5,59,0,64,0,14,97,0,111,132,0,132,243
01/25/2007,OXR,CA,AWP,WE,Federal Contract Tower,0,10,33,0,43,0,13,80,2,95,0,23,113,2,138,98,0,98,236
01/26/2007,OXR,CA,AWP,WE,Federal Contract Tower,0,12,38,0,50,0,8,64,6,78,0,20,102,6,128,62,0,62,190
01/27/2007,OXR,CA,AWP,WE,Federal Contract Tower,0,4,73,0,77,0,0,0,0,0,0,4,73,0,77,36,0,36,113
01/28/2007,OXR,CA,AWP,WE,Federal Contract Tower,0,10,45,0,55,0,7,6,0,13,0,17,51,0,68,114,0,114,182
01/29/2007,OXR,CA,AWP,WE,Federal Contract Tower,0,18,37,0,55,0,10,25,2,37,0,28,62,2,92,96,0,96,188
01/30/2007,OXR,CA,AWP,WE,Federal Contract Tower,0,12,38,0,50,0,5,15,3,23,0,17,53,3,73,42,0,42,115
01/31/2007,OXR,CA,AWP,WE,Federal Contract Tower,0,20,45,0,65,0,13,41,2,56,0,33,86,2,121,98,0,98,219
02/01/2007,OXR,CA,AWP,WE,Federal Contract Tower,0,17,55,0,72,0,16,72,2,90,0,33,127,2,162,68,0,68,230
02/02/2007,OXR,CA,AWP,WE,Federal Contract Tower,0,18,33,0,51,0,11,80,0,91,0,29,113,0,142,72,0,72,214
02/03/2007,OXR,CA,AWP,WE,Federal Contract Tower,0,6,60,0,66,0,5,101,0,106,0,11,161,0,172,150,0,150,322
02/04/2007,OXR,CA,AWP,WE,Federal Contract Tower,0,0,27,0,27,0,11,71,2,84,0,11,98,2,111,134,0,134,245
02/05/2007,OXR,CA,AWP,WE,Federal Contract Tower,0,12,40,0,52,0,1,64,3,68,0,13,104,3,120,186,0,186,306
02/06/2007,OXR,CA,AWP,WE,Federal Contract Tower,0,19,51,0,70,0,7,44,0,51,0,26,95,0,121,108,0,108,229
02/07/2007,OXR,CA,AWP,WE,Federal Contract Tower,0,17,43,4,64,0,8,45,0,53,0,25,88,4,117,110,0,110,227
02/08/2007,OXR,CA,AWP,WE,Federal Contract Tower,0,11,48,0,59,0,8,72,0,80,0,19,120,0,139,98,0,98,237
02/09/2007,OXR,CA,AWP,WE,Federal Contract Tower,0,19,31,0,50,0,10,59,4,73,0,29,90,4,123,68,0,68,191
02/10/2007,OXR,CA,AWP,WE,Federal Contract Tower,0,5,39,0,44,0,3,17,0,20,0,8,56,0,64,26,0,26,90
02/11/2007,OXR,CA,AWP,WE,Federal Contract Tower,0,7,55,0,62,0,3,41,0,44,0,10,96,0,106,80,0,80,186
02/12/2007,OXR,CA,AWP,WE,Federal Contract Tower,0,13,37,0,50,0,9,30,0,39,0,22,67,0,89,100,0,100,189
02/13/2007,OXR,CA,AWP,WE,Federal Contract Tower,0,11,51,0,62,0,12,29,2,43,0,23,80,2,105,50,0,50,155
02/14/2007,OXR,CA,AWP,WE,Federal Contract Tower,0,15,20,0,35,0,6,77,0,83,0,21,97,0,118,172,0,172,290
02/15/2007,OXR,CA,AWP,WE,Federal Contract Tower,0,19,42,0,61,0,14,113,0,127,0,33,155,0,188,192,0,192,380
02/16/2007,OXR,CA,AWP,WE,Federal Contract Tower,0,8,55,0,63,0,7,116,2,125,0,15,171,2,188,132,0,132,320
02/17/2007,OXR,CA,AWP,WE,Federal Contract Tower,0,9,15,0,24,0,4,58,0,62,0,13,73,0,86,60,0,60,146
02/18/2007,OXR,CA,AWP,WE,Federal Contract Tower,0,9,37,0,46,0,4,48,0,52,0,13,85,0,98,80,0,80,178
02/19/2007,OXR,CA,AWP,WE,Federal Contract Tower,0,15,26,0,41,0,5,44,0,49,0,20,70,0,90,192,0,192,282
02/20/2007,OXR,CA,AWP,WE,Federal Contract Tower,0,8,25,0,33,0,16,68,4,88,0,24,93,4,121,152,0,152,273
02/21/2007,OXR,CA,AWP,WE,Federal Contract Tower,0,8,45,0,53,0,10,53,0,63,0,18,98,0,116,100,0,100,216
02/22/2007,OXR,CA,AWP,WE,Federal Contract Tower,0,12,42,0,54,0,7,6,0,13,0,19,48,0,67,24,0,24,91
02/23/2007,OXR,CA,AWP,WE,Federal Contract Tower,0,12,27,0,39,0,7,65,2,74,0,19,92,2,113,70,0,70,183
02/24/2007,OXR,CA,AWP,WE,Federal Contract Tower,0,8,42,0,50,0,1,114,0,115,0,9,156,0,165,210,0,210,375
02/25/2007,OXR,CA,AWP,WE,Federal Contract Tower,0,7,24,0,31,0,15,53,0,68,0,22,77,0,99,184,0,184,283
02/26/2007,OXR,CA,AWP,WE,Federal Contract Tower,0,18,26,0,44,0,5,34,0,39,0,23,60,0,83,104,0,104,187
02/27/2007,OXR,CA,AWP,WE,Federal Contract Tower,0,15,34,0,49,0,13,23,0,36,0,28,57,0,85,36,0,36,121
02/28/2007,OXR,CA,AWP,WE,Federal Contract Tower,0,14,32,0,46,0,2,42,0,44,0,16,74,0,90,44,0,44,134
03/01/2007,OXR,CA,AWP,WE,Federal Contract Tower,0,7,47,0,54,0,6,101,0,107,0,13,148,0,161,96,0,96,257
03/02/2007,OXR,CA,AWP,WE,Federal Contract Tower,0,8,18,0,26,0,13,68,4,85,0,21,86,4,111,110,0,110,221
03/03/2007,OXR,CA,AWP,WE,Federal Contract Tower,0,7,5,0,12,0,4,33,2,39,0,11,38,2,51,12,0,12,63
03/04/2007,OXR,CA,AWP,WE,Federal Contract Tower,0,7,20,0,27,0,0,76,4,80,0,7,96,4,107,116,0,116,223
03/05/2007,OXR,CA,AWP,WE,Federal Contract Tower,0,16,43,0,59,0,16,55,0,71,0,32,98,0,130,135,0,135,265
03/06/2007,OXR,CA,AWP,WE,Federal Contract Tower,0,11,18,0,29,0,5,60,2,67,0,16,78,2,96,114,0,114,210
03/07/2007,OXR,CA,AWP,WE,Federal Contract Tower,0,16,55,0,71,0,17,80,0,97,0,33,135,0,168,218,0,218,386
03/08/2007,OXR,CA,AWP,WE,Federal Contract Tower,0,9,34,0,43,0,17,75,3,95,0,26,109,3,138,66,0,66,204
03/09/2007,OXR,CA,AWP,WE,Federal Contract Tower,0,16,65,0,81,0,4,24,6,34,0,20,89,6,115,10,0,10,125
03/10/2007,OXR,CA,AWP,WE,Federal Contract Tower,0,7,42,0,49,0,18,110,4,132,0,25,152,4,181,230,0,230,411
03/11/2007,OXR,CA,AWP,WE,Federal Contract Tower,0,8,10,0,18,0,11,58,2,71,0,19,68,2,89,100,0,100,189
03/12/2007,OXR,CA,AWP,WE,Federal Contract Tower,0,7,28,0,35,0,24,70,0,94,0,31,98,0,129,192,0,192,321
03/13/2007,OXR,CA,AWP,WE,Federal Contract Tower,0,10,42,0,52,0,19,67,0,86,0,29,109,0,138,44,0,44,182
03/14/2007,OXR,CA,AWP,WE,Federal Contract Tower,0,12,81,0,93,0,2,16,4,22,0,14,97,4,115,30,0,30,145
03/15/2007,OXR,CA,AWP,WE,Federal Contract Tower,0,22,86,0,108,0,2,0,0,2,0,24,86,0,110,0,0,0,110
03/16/2007,OXR,CA,AWP,WE,Federal Contract Tower,0,13,56,0,69,0,7,8,0,15,0,20,64,0,84,12,0,12,96
03/17/2007,OXR,CA,AWP,WE,Federal Contract Tower,0,6,44,2,52,0,2,10,0,12,0,8,54,2,64,0,0,0,64
03/18/2007,OXR,CA,AWP,WE,Federal Contract Tower,0,7,60,0,67,0,3,7,0,10,0,10,67,0,77,106,0,106,183
03/19/2007,OXR,CA,AWP,WE,Federal Contract Tower,0,12,47,0,59,0,0,24,0,24,0,12,71,0,83,122,0,122,205
03/20/2007,OXR,CA,AWP,WE,Federal Contract Tower,0,14,57,0,71,0,3,2,0,5,0,17,59,0,76,10,0,10,86
03/21/2007,OXR,CA,AWP,WE,Federal Contract Tower,0,12,50,0,62,0,11,51,0,62,0,23,101,0,124,143,0,143,267
03/22/2007,OXR,CA,AWP,WE,Federal Contract Tower,0,7,30,0,37,0,8,97,0,105,0,15,127,0,142,103,0,103,245
03/23/2007,OXR,CA,AWP,WE,Federal Contract Tower,0,20,33,0,53,0,7,95,0,102,0,27,128,0,155,136,0,136,291
03/24/2007,OXR,CA,AWP,WE,Federal Contract Tower,0,8,37,0,45,0,18,97,0,115,0,26,134,0,160,224,0,224,384
03/25/2007,OXR,CA,AWP,WE,Federal Contract Tower,0,8,72,0,80,0,2,23,0,25,0,10,95,0,105,42,0,42,147
03/26/2007,OXR,CA,AWP,WE,Federal Contract Tower,0,18,54,0,72,0,1,7,0,8,0,19,61,0,80,26,0,26,106
03/27/2007,OXR,CA,AWP,WE,Federal Contract Tower,0,10,22,0,32,0,2,15,0,17,0,12,37,0,49,6,0,6,55
03/28/2007,OXR,CA,AWP,WE,Federal Contract Tower,0,8,39,0,47,0,11,75,0,86,0,19,114,0,133,143,0,143,276
03/29/2007,OXR,CA,AWP,WE,Federal Contract Tower,0,7,23,0,30,0,7,91,2,100,0,14,114,2,130,116,0,116,246
03/30/2007,OXR,CA,AWP,WE,Federal Contract Tower,0,7,22,0,29,0,2,76,0,78,0,9,98,0,107,72,0,72,179
03/31/2007,OXR,CA,AWP,WE,Federal Contract Tower,0,5,11,0,16,0,12,101,0,113,0,17,112,0,129,60,0,60,189
04/01/2007,OXR,CA,AWP,WE,Federal Contract Tower,0,10,16,0,26,0,1,80,0,81,0,11,96,0,107,16,0,16,123
04/02/2007,OXR,CA,AWP,WE,Federal Contract Tower,0,13,49,0,62,0,3,26,0,29,0,16,75,0,91,22,0,22,113
04/03/2007,OXR,CA,AWP,WE,Federal Contract Tower,0,10,25,0,35,0,10,26,0,36,0,20,51,0,71,49,0,49,120
04/04/2007,OXR,CA,AWP,WE,Federal Contract Tower,0,11,70,0,81,0,2,21,2,25,0,13,91,2,106,22,0,22,128
04/05/2007,OXR,CA,AWP,WE,Federal Contract Tower,0,18,63,0,81,0,0,7,4,11,0,18,70,4,92,10,0,10,102
04/06/2007,OXR,CA,AWP,WE,Federal Contract Tower,0,10,61,1,72,0,9,21,3,33,0,19,82,4,105,10,0,10,115
04/07/2007,OXR,CA,AWP,WE,Federal Contract Tower,0,9,86,0,95,0,1,30,1,32,0,10,116,1,127,88,0,88,215
04/08/2007,OXR,CA,AWP,WE,Federal Contract Tower,0,7,36,0,43,0,4,13,0,17,0,11,49,0,60,0,0,0,60
04/09/2007,OXR,CA,AWP,WE,Federal Contract Tower,0,13,41,0,54,0,7,76,0,83,0,20,117,0,137,120,0,120,257
04/10/2007,OXR,CA,AWP,WE,Federal Contract Tower,0,10,37,0,47,0,12,109,0,121,0,22,146,0,168,222,0,222,390
04/11/2007,OXR,CA,AWP,WE,Federal Contract Tower,0,19,46,0,65,0,7,66,6,79,0,26,112,6,144,92,0,92,236
04/12/2007,OXR,CA,AWP,WE,Federal Contract Tower,0,10,18,0,28,0,6,34,8,48,0,16,52,8,76,0,0,0,76
04/13/2007,OXR,CA,AWP,WE,Federal Contract Tower,0,9,33,0,42,0,11,109,10,130,0,20,142,10,172,138,0,138,310
04/14/2007,OXR,CA,AWP,WE,Federal Contract Tower,0,11,43,0,54,0,0,77,0,77,0,11,120,0,131,222,0,222,353
04/15/2007,OXR,CA,AWP,WE,Federal Contract Tower,0,10,17,0,27,0,3,42,0,45,0,13,59,0,72,64,0,64,136
04/16/2007,OXR,CA,AWP,WE,Federal Contract Tower,0,14,32,0,46,0,17,82,0,99,0,31,114,0,145,190,0,190,335
04/17/2007,OXR,CA,AWP,WE,Federal Contract Tower,0,21,60,0,81,0,16,29,2,47,0,37,89,2,128,33,0,33,161
04/18/2007,OXR,CA,AWP,WE,Federal Contract Tower,0,10,15,0,25,0,14,34,2,50,0,24,49,2,75,24,0,24,99
04/19/2007,OXR,CA,AWP,WE,Federal Contract Tower,0,23,62,0,85,0,11,106,0,117,0,34,168,0,202,138,0,138,340
04/20/2007,OXR,CA,AWP,WE,Federal Contract Tower,0,17,35,0,52,0,1,23,0,24,0,18,58,0,76,56,0,56,132
04/21/2007,OXR,CA,AWP,WE,Federal Contract Tower,0,5,35,0,40,0,10,95,0,105,0,15,130,0,145,128,0,128,273
04/22/2007,OXR,CA,AWP,WE,Federal Contract Tower,0,8,39,0,47,0,8,32,0,40,0,16,71,0,87,116,0,116,203
04/23/2007,OXR,CA,AWP,WE,Federal Contract Tower,0,16,41,0,57,0,14,66,2,82,0,30,107,2,139,124,0,124,263
04/24/2007,OXR,CA,AWP,WE,Federal Contract Tower,0,7,31,0,38,0,5,85,0,90,0,12,116,0,128,142,0,142,270
04/25/2007,OXR,CA,AWP,WE,Federal Contract Tower,0,15,42,0,57,0,15,104,0,119,0,30,146,0,176,70,0,70,246
04/26/2007,OXR,CA,AWP,WE,Federal Contract Tower,0,20,55,2,77,0,14,98,0,112,0,34,153,2,189,110,0,110,299
04/27/2007,OXR,CA,AWP,WE,Federal Contract Tower,0,13,40,0,53,0,7,110,4,121,0,20,150,4,174,128,0,128,302
04/28/2007,OXR,CA,AWP,WE,Federal Contract Tower,0,5,30,0,35,0,8,30,0,38,0,13,60,0,73,8,0,8,81
04/29/2007,OXR,CA,AWP,WE,Federal Contract Tower,0,12,56,0,68,0,2,4,0,6,0,14,60,0,74,16,0,16,90
04/30/2007,OXR,CA,AWP,WE,Federal Contract Tower,0,20,25,0,45,0,7,17,0,24,0,27,42,0,69,14,0,14,83
05/01/2007,OXR,CA,AWP,WE,Federal Contract Tower,0,28,45,0,73,0,7,40,4,51,0,35,85,4,124,120,0,120,244
05/02/2007,OXR,CA,AWP,WE,Federal Contract Tower,0,11,22,1,34,0,6,50,4,60,0,17,72,5,94,104,0,104,198
05/03/2007,OXR,CA,AWP,WE,Federal Contract Tower,0,14,40,0,54,0,7,99,7,113,0,21,139,7,167,164,0,164,331
05/04/2007,OXR,CA,AWP,WE,Federal Contract Tower,0,25,38,0,63,0,10,38,2,50,0,35,76,2,113,80,0,80,193
05/05/2007,OXR,CA,AWP,WE,Federal Contract Tower,0,5,26,0,31,0,4,129,0,133,0,9,155,0,164,168,0,168,332
05/06/2007,OXR,CA,AWP,WE,Federal Contract Tower,0,8,18,0,26,0,3,101,0,104,0,11,119,0,130,140,0,140,270
05/07/2007,OXR,CA,AWP,WE,Federal Contract Tower,0,11,25,2,38,0,12,58,2,72,0,23,83,4,110,124,0,124,234
05/08/2007,OXR,CA,AWP,WE,Federal Contract Tower,0,8,44,0,52,0,6,78,0,84,0,14,122,0,136,162,0,162,298
05/09/2007,OXR,CA,AWP,WE,Federal Contract Tower,0,12,68,0,80,0,6,31,0,37,0,18,99,0,117,14,0,14,131
05/10/2007,OXR,CA,AWP,WE,Federal Contract Tower,0,14,49,0,63,0,12,63,4,79,0,26,112,4,142,88,0,88,230
05/11/2007,OXR,CA,AWP,WE,Federal Contract Tower,0,13,43,0,56,0,13,72,2,87,0,26,115,2,143,164,0,164,307
05/12/2007,OXR,CA,AWP,WE,Federal Contract Tower,0,6,53,0,59,0,7,89,7,103,0,13,142,7,162,186,0,186,348
05/13/2007,OXR,CA,AWP,WE,Federal Contract Tower,0,18,21,0,39,0,2,75,2,79,0,20,96,2,118,52,0,52,170
05/14/2007,OXR,CA,AWP,WE,Federal Contract Tower,0,9,50,0,59,0,7,47,0,54,0,16,97,0,113,86,0,86,199
05/15/2007,OXR,CA,AWP,WE,Federal Contract Tower,0,21,54,0,75,0,6,26,0,32,0,27,80,0,107,42,0,42,149
05/16/2007,OXR,CA,AWP,WE,Federal Contract Tower,0,17,57,0,74,0,10,38,4,52,0,27,95,4,126,16,0,16,142
05/17/2007,OXR,CA,AWP,WE,Federal Contract Tower,0,19,56,0,75,0,18,53,0,71,0,37,109,0,146,56,0,56,202
05/18/2007,OXR,CA,AWP,WE,Federal Contract Tower,0,16,67,0,83,0,6,59,4,69,0,22,126,4,152,30,0,30,182
05/19/2007,OXR,CA,AWP,WE,Federal Contract Tower,0,6,28,0,34,0,0,54,0,54,0,6,82,0,88,72,0,72,160
05/20/2007,OXR,CA,AWP,WE,Federal Contract Tower,0,11,45,0,56,0,2,42,0,44,0,13,87,0,100,60,0,60,160
05/21/2007,OXR,CA,AWP,WE,Federal Contract Tower,0,15,44,0,59,0,4,19,0,23,0,19,63,0,82,116,0,116,198
05/22/2007,OXR,CA,AWP,WE,Federal Contract Tower,0,18,48,0,66,0,6,41,0,47,0,24,89,0,113,60,0,60,173
05/23/2007,OXR,CA,AWP,WE,Federal Contract Tower,0,13,45,0,58,0,10,64,4,78,0,23,109,4,136,104,0,104,240
05/24/2007,OXR,CA,AWP,WE,Federal Contract Tower,0,20,80,2,102,0,5,9,2,16,0,25,89,4,118,0,0,0,118
05/25/2007,OXR,CA,AWP,WE,Federal Contract Tower,0,21,84,0,105,0,2,13,4,19,0,23,97,4,124,6,0,6,130
05/26/2007,OXR,CA,AWP,WE,Federal Contract Tower,0,5,54,0,59,0,7,14,0,21,0,12,68,0,80,20,0,20,100
05/27/2007,OXR,CA,AWP,WE,Federal Contract Tower,0,6,46,0,52,0,4,30,0,34,0,10,76,0,86,58,0,58,144
05/28/2007,OXR,CA,AWP,WE,Federal Contract Tower,0,7,56,0,63,0,0,43,0,43,0,7,99,0,106,64,0,64,170
05/29/2007,OXR,CA,AWP,WE,Federal Contract Tower,0,14,46,0,60,0,10,51,0,61,0,24,97,0,121,76,0,76,197
05/30/2007,OXR,CA,AWP,WE,Federal Contract Tower,0,19,47,0,66,0,11,39,0,50,0,30,86,0,116,71,0,71,187
05/31/2007,OXR,CA,AWP,WE,Federal Contract Tower,0,8,67,0,75,0,17,61,2,80,0,25,128,2,155,36,0,36,191
06/01/2007,OXR,CA,AWP,WE,Federal Contract Tower,0,12,49,0,61,0,8,42,2,52,0,20,91,2,113,14,0,14,127
06/02/2007,OXR,CA,AWP,WE,Federal Contract Tower,0,9,59,0,68,0,11,40,2,53,0,20,99,2,121,73,0,73,194
06/03/2007,OXR,CA,AWP,WE,Federal Contract Tower,0,12,53,1,66,0,3,0,0,3,0,15,53,1,69,4,0,4,73
06/04/2007,OXR,CA,AWP,WE,Federal Contract Tower,0,13,46,1,60,0,8,3,1,12,0,21,49,2,72,14,0,14,86
06/05/2007,OXR,CA,AWP,WE,Federal Contract Tower,0,11,52,2,65,0,2,22,1,25,0,13,74,3,90,64,0,64,154
06/06/2007,OXR,CA,AWP,WE,Federal Contract Tower,0,11,25,2,38,0,1,44,1,46,0,12,69,3,84,89,0,89,173
06/07/2007,OXR,CA,AWP,WE,Federal Contract Tower,0,9,35,0,44,0,14,61,1,76,0,23,96,1,120,104,0,104,224
06/08/2007,OXR,CA,AWP,WE,Federal Contract Tower,0,14,50,0,64,0,2,71,0,73,0,16,121,0,137,94,0,94,231
06/09/2007,OXR,CA,AWP,WE,Federal Contract Tower,0,6,25,0,31,0,10,65,7,82,0,16,90,7,113,79,2,81,194
06/10/2007,OXR,CA,AWP,WE,Federal Contract Tower,0,6,37,0,43,0,4,13,0,17,0,10,50,0,60,34,0,34,94
06/11/2007,OXR,CA,AWP,WE,Federal Contract Tower,0,13,63,0,76,0,13,12,0,25,0,26,75,0,101,42,0,42,143
06/12/2007,OXR,CA,AWP,WE,Federal Contract Tower,0,17,47,0,64,0,6,38,0,44,0,23,85,0,108,70,0,70,178
06/13/2007,OXR,CA,AWP,WE,Federal Contract Tower,0,18,38,0,56,0,5,63,0,68,0,23,101,0,124,106,0,106,230
06/14/2007,OXR,CA,AWP,WE,Federal Contract Tower,0,13,35,0,48,0,4,71,0,75,0,17,106,0,123,64,0,64,187
06/15/2007,OXR,CA,AWP,WE,Federal Contract Tower,0,16,40,0,56,0,4,32,4,40,0,20,72,4,96,16,0,16,112
06/16/2007,OXR,CA,AWP,WE,Federal Contract Tower,0,8,19,0,27,0,0,33,6,39,0,8,52,6,66,16,0,16,82
06/17/2007,OXR,CA,AWP,WE,Federal Contract Tower,0,13,42,0,55,0,3,15,0,18,0,16,57,0,73,10,0,10,83
06/18/2007,OXR,CA,AWP,WE,Federal Contract Tower,0,21,30,0,51,0,1,44,0,45,0,22,74,0,96,64,0,64,160
06/19/2007,OXR,CA,AWP,WE,Federal Contract Tower,0,8,31,0,39,0,7,61,4,72,0,15,92,4,111,64,0,64,175
06/20/2007,OXR,CA,AWP,WE,Federal Contract Tower,0,9,46,0,55,0,5,59,0,64,0,14,105,0,119,78,0,78,197
06/21/2007,OXR,CA,AWP,WE,Federal Contract Tower,0,11,33,0,44,0,6,90,2,98,0,17,123,2,142,78,0,78,220
06/22/2007,OXR,CA,AWP,WE,Federal Contract Tower,0,9,31,0,40,0,15,98,2,115,0,24,129,2,155,138,0,138,293
06/23/2007,OXR,CA,AWP,WE,Federal Contract Tower,0,6,46,0,52,0,3,39,0,42,0,9,85,0,94,96,0,96,190
06/24/2007,OXR,CA,AWP,WE,Federal Contract Tower,0,12,41,0,53,0,7,41,0,48,0,19,82,0,101,40,0,40,141
06/25/2007,OXR,CA,AWP,WE,Federal Contract Tower,0,20,36,0,56,0,9,51,1,61,0,29,87,1,117,104,0,104,221
06/26/2007,OXR,CA,AWP,WE,Federal Contract Tower,0,15,36,0,51,0,10,57,0,67,0,25,93,0,118,52,0,52,170
06/27/2007,OXR,CA,AWP,WE,Federal Contract Tower,0,13,48,0,61,0,8,79,0,87,0,21,127,0,148,90,0,90,238
06/28/2007,OXR,CA,AWP,WE,Federal Contract Tower,0,19,59,0,78,0,11,64,0,75,0,30,123,0,153,126,0,126,279
06/29/2007,OXR,CA,AWP,WE,Federal Contract Tower,0,12,29,0,41,0,8,88,0,96,0,20,117,0,137,138,0,138,275
06/30/2007,OXR,CA,AWP,WE,Federal Contract Tower,0,8,20,0,28,0,0,86,0,86,0,8,106,0,114,152,0,152,266
07/01/2007,OXR,CA,AWP,WE,Federal Contract Tower,0,7,21,2,30,0,6,95,0,101,0,13,116,2,131,226,0,226,357
07/02/2007,OXR,CA,AWP,WE,Federal Contract Tower,0,14,27,2,43,0,2,74,0,76,0,16,101,2,119,76,0,76,195
07/03/2007,OXR,CA,AWP,WE,Federal Contract Tower,0,10,35,0,45,0,8,76,0,84,0,18,111,0,129,122,0,122,251
07/04/2007,OXR,CA,AWP,WE,Federal Contract Tower,0,6,10,0,16,0,2,79,0,81,0,8,89,0,97,112,0,112,209
07/05/2007,OXR,CA,AWP,WE,Federal Contract Tower,0,18,40,0,58,0,0,29,2,31,0,18,69,2,89,4,0,4,93
07/06/2007,OXR,CA,AWP,WE,Federal Contract Tower,0,24,49,0,73,0,0,14,0,14,0,24,63,0,87,0,0,0,87
07/07/2007,OXR,CA,AWP,WE,Federal Contract Tower,0,20,57,0,77,0,3,35,0,38,0,23,92,0,115,42,0,42,157
07/08/2007,OXR,CA,AWP,WE,Federal Contract Tower,0,5,33,0,38,0,5,48,1,54,0,10,81,1,92,68,0,68,160
07/09/2007,OXR,CA,AWP,WE,Federal Contract Tower,0,16,49,0,65,0,5,41,4,50,0,21,90,4,115,54,0,54,169
07/10/2007,OXR,CA,AWP,WE,Federal Contract Tower,0,20,38,0,58,0,11,38,0,49,0,31,76,0,107,112,0,112,219
07/11/2007,OXR,CA,AWP,WE,Federal Contract Tower,0,9,42,0,51,0,9,58,2,69,0,18,100,2,120,152,0,152,272
07/12/2007,OXR,CA,AWP,WE,Federal Contract Tower,0,12,44,0,56,0,9,58,2,69,0,21,102,2,125,82,0,82,207
07/13/2007,OXR,CA,AWP,WE,Federal Contract Tower,0,15,36,0,51,0,11,65,6,82,0,26,101,6,133,64,0,64,197
07/14/2007,OXR,CA,AWP,WE,Federal Contract Tower,0,6,35,0,41,0,9,137,2,148,0,15,172,2,189,112,0,112,301
07/15/2007,OXR,CA,AWP,WE,Federal Contract Tower,0,8,50,0,58,0,1,92,0,93,0,9,142,0,151,42,0,42,193
07/16/2007,OXR,CA,AWP,WE,Federal Contract Tower,0,20,48,0,68,0,1,15,0,16,0,21,63,0,84,10,0,10,94
07/17/2007,OXR,CA,AWP,WE,Federal Contract Tower,0,7,34,0,41,0,7,47,2,56,0,14,81,2,97,66,0,66,163
07/18/2007,OXR,CA,AWP,WE,Federal Contract Tower,0,12,48,0,60,0,5,59,12,76,0,17,107,12,136,48,0,48,184
07/19/2007,OXR,CA,AWP,WE,Federal Contract Tower,0,9,34,0,43,0,13,107,4,124,0,22,141,4,167,104,0,104,271
07/20/2007,OXR,CA,AWP,WE,Federal Contract Tower,0,13,40,0,53,0,10,63,0,73,0,23,103,0,126,70,0,70,196
07/21/2007,OXR,CA,AWP,WE,Federal Contract Tower,0,14,48,0,62,0,1,50,2,53,0,15,98,2,115,75,0,75,190
07/22/2007,OXR,CA,AWP,WE,Federal Contract Tower,0,6,47,0,53,0,0,0,0,0,0,6,47,0,53,0,0,0,53
07/23/2007,OXR,CA,AWP,WE,Federal Contract Tower,0,9,30,0,39,0,3,38,2,43,0,12,68,2,82,24,0,24,106
07/24/2007,OXR,CA,AWP,WE,Federal Contract Tower,0,11,39,0,50,0,15,27,0,42,0,26,66,0,92,35,0,35,127
07/25/2007,OXR,CA,AWP,WE,Federal Contract Tower,0,16,45,0,61,0,14,82,2,98,0,30,127,2,159,92,0,92,251
07/26/2007,OXR,CA,AWP,WE,Federal Contract Tower,0,15,50,0,65,0,6,80,2,88,0,21,130,2,153,122,0,122,275
07/27/2007,OXR,CA,AWP,WE,Federal Contract Tower,0,8,26,0,34,0,10,108,4,122,0,18,134,4,156,150,0,150,306
07/28/2007,OXR,CA,AWP,WE,Federal Contract Tower,0,11,66,0,77,0,6,31,0,37,0,17,97,0,114,0,0,0,114
07/29/2007,OXR,CA,AWP,WE,Federal Contract Tower,0,11,38,0,49,0,0,59,2,61,0,11,97,2,110,84,0,84,194
07/30/2007,OXR,CA,AWP,WE,Federal Contract Tower,0,20,17,2,39,0,11,67,6,84,0,31,84,8,123,32,0,32,155
07/31/2007,OXR,CA,AWP,WE,Federal Contract Tower,0,15,47,2,64,0,12,24,0,36,0,27,71,2,100,44,0,44,144
08/01/2007,OXR,CA,AWP,WE,Federal Contract Tower,0,16,37,0,53,0,8,5,0,13,0,24,42,0,66,2,0,2,68
08/02/2007,OXR,CA,AWP,WE,Federal Contract Tower,0,13,63,1,77,0,3,21,0,24,0,16,84,1,101,26,0,26,127
08/03/2007,OXR,CA,AWP,WE,Federal Contract Tower,0,12,70,1,83,0,7,23,3,33,0,19,93,4,116,18,0,18,134
08/04/2007,OXR,CA,AWP,WE,Federal Contract Tower,0,5,50,0,55,0,3,51,0,54,0,8,101,0,109,49,0,49,158
08/05/2007,OXR,CA,AWP,WE,Federal Contract Tower,0,4,37,0,41,0,2,72,2,76,0,6,109,2,117,210,0,210,327
08/06/2007,OXR,CA,AWP,WE,Federal Contract Tower,0,14,40,0,54,0,17,50,0,67,0,31,90,0,121,44,0,44,165
08/07/2007,OXR,CA,AWP,WE,Federal Contract Tower,0,11,40,0,51,0,8,43,0,51,0,19,83,0,102,128,0,128,230
08/08/2007,OXR,CA,AWP,WE,Federal Contract Tower,0,18,32,0,50,0,5,55,0,60,0,23,87,0,110,128,0,128,238
08/09/2007,OXR,CA,AWP,WE,Federal Contract Tower,0,7,37,0,44,0,16,65,0,81,0,23,102,0,125,131,0,131,256
08/10/2007,OXR,CA,AWP,WE,Federal Contract Tower,0,21,41,0,62,0,10,17,2,29,0,31,58,2,91,32,0,32,123
08/11/2007,OXR,CA,AWP,WE,Federal Contract Tower,0,9,57,0,66,0,3,33,0,36,0,12,90,0,102,40,0,40,142
08/12/2007,OXR,CA,AWP,WE,Federal Contract Tower,0,5,24,0,29,0,1,90,0,91,0,6,114,0,120,94,0,94,214
08/13/2007,OXR,CA,AWP,WE,Federal Contract Tower,0,11,33,0,44,0,4,53,0,57,0,15,86,0,101,48,0,48,149
08/14/2007,OXR,CA,AWP,WE,Federal Contract Tower,0,13,31,0,44,0,14,81,0,95,0,27,112,0,139,160,0,160,299
08/15/2007,OXR,CA,AWP,WE,Federal Contract Tower,0,9,21,0,30,0,9,70,2,81,0,18,91,2,111,145,0,145,256
08/16/2007,OXR,CA,AWP,WE,Federal Contract Tower,0,9,36,0,45,0,12,61,0,73,0,21,97,0,118,156,0,156,274
08/17/2007,OXR,CA,AWP,WE,Federal Contract Tower,0,6,36,0,42,0,0,41,0,41,0,6,77,0,83,118,0,118,201
08/18/2007,OXR,CA,AWP,WE,Federal Contract Tower,0,9,11,0,20,0,9,74,0,83,0,18,85,0,103,154,0,154,257
08/19/2007,OXR,CA,AWP,WE,Federal Contract Tower,0,8,20,0,28,0,1,74,0,75,0,9,94,0,103,71,0,71,174
08/20/2007,OXR,CA,AWP,WE,Federal Contract Tower,0,13,47,2,62,0,8,48,2,58,0,21,95,4,120,100,0,100,220
08/21/2007,OXR,CA,AWP,WE,Federal Contract Tower,0,7,36,0,43,0,10,52,0,62,0,17,88,0,105,74,0,74,179
08/22/2007,OXR,CA,AWP,WE,Federal Contract Tower,0,15,52,2,69,0,6,35,0,41,0,21,87,2,110,90,0,90,200
08/23/2007,OXR,CA,AWP,WE,Federal Contract Tower,0,9,43,0,52,0,2,0,0,2,0,11,43,0,54,36,0,36,90
08/24/2007,OXR,CA,AWP,WE,Federal Contract Tower,0,2,46,0,48,0,0,0,0,0,0,2,46,0,48,63,0,63,111
08/25/2007,OXR,CA,AWP,WE,Federal Contract Tower,0,5,44,0,49,0,0,102,0,102,0,5,146,0,151,196,0,196,347
08/26/2007,OXR,CA,AWP,WE,Federal Contract Tower,0,8,26,0,34,0,2,58,0,60,0,10,84,0,94,78,0,78,172
08/27/2007,OXR,CA,AWP,WE,Federal Contract Tower,0,12,20,0,32,0,9,69,0,78,0,21,89,0,110,70,0,70,180
08/28/2007,OXR,CA,AWP,WE,Federal Contract Tower,0,10,36,0,46,0,12,50,0,62,0,22,86,0,108,74,0,74,182
08/29/2007,OXR,CA,AWP,WE,Federal Contract Tower,0,16,44,0,60,0,11,61,0,72,0,27,105,0,132,94,0,94,226
08/30/2007,OXR,CA,AWP,WE,Federal Contract Tower,0,7,40,0,47,0,13,24,0,37,0,20,64,0,84,164,0,164,248
08/31/2007,OXR,CA,AWP,WE,Federal Contract Tower,0,4,37,0,41,0,0,25,0,25,0,4,62,0,66,68,0,68,134
09/01/2007,OXR,CA,AWP,WE,Federal Contract Tower,0,10,28,0,38,0,5,68,0,73,0,15,96,0,111,208,0,208,319
09/02/2007,OXR,CA,AWP,WE,Federal Contract Tower,0,2,31,0,33,0,2,65,0,67,0,4,96,0,100,78,0,78,178
09/03/2007,OXR,CA,AWP,WE,Federal Contract Tower,0,11,30,0,41,0,2,72,3,77,0,13,102,3,118,136,0,136,254
09/04/2007,OXR,CA,AWP,WE,Federal Contract Tower,0,11,27,0,38,0,4,64,0,68,0,15,91,0,106,92,0,92,198
09/05/2007,OXR,CA,AWP,WE,Federal Contract Tower,0,14,43,0,57,0,11,51,0,62,0,25,94,0,119,90,0,90,209
09/06/2007,OXR,CA,AWP,WE,Federal Contract Tower,0,7,40,0,47,0,0,0,0,0,0,7,40,0,47,81,0,81,128
09/07/2007,OXR,CA,AWP,WE,Federal Contract Tower,0,6,48,0,54,0,6,12,0,18,0,12,60,0,72,143,0,143,215
09/08/2007,OXR,CA,AWP,WE,Federal Contract Tower,0,7,34,2,43,0,4,69,0,73,0,11,103,2,116,151,0,151,267
09/09/2007,OXR,CA,AWP,WE,Federal Contract Tower,0,6,17,0,23,0,3,93,0,96,0,9,110,0,119,56,0,56,175
09/10/2007,OXR,CA,AWP,WE,Federal Contract Tower,0,10,30,0,40,0,2,59,0,61,0,12,89,0,101,14,0,14,115
09/11/2007,OXR,CA,AWP,WE,Federal Contract Tower,0,10,27,2,39,0,6,67,0,73,0,16,94,2,112,112,0,112,224
09/12/2007,OXR,CA,AWP,WE,Federal Contract Tower,0,22,37,0,59,0,7,61,0,68,0,29,98,0,127,135,0,135,262
09/13/2007,OXR,CA,AWP,WE,Federal Contract Tower,0,12,28,0,40,0,12,61,0,73,0,24,89,0,113,134,0,134,247
09/14/2007,OXR,CA,AWP,WE,Federal Contract Tower,0,11,21,0,32,0,0,55,0,55,0,11,76,0,87,177,0,177,264
09/15/2007,OXR,CA,AWP,WE,Federal Contract Tower,0,9,22,0,31,0,2,83,0,85,0,11,105,0,116,149,0,149,265
09/16/2007,OXR,CA,AWP,WE,Federal Contract Tower,0,12,39,0,51,0,1,47,0,48,0,13,86,0,99,104,0,104,203
09/17/2007,OXR,CA,AWP,WE,Federal Contract Tower,0,13,23,0,36,0,7,53,4,64,0,20,76,4,100,110,0,110,210
09/18/2007,OXR,CA,AWP,WE,Federal Contract Tower,0,12,37,0,49,0,12,36,0,48,0,24,73,0,97,104,0,104,201
09/19/2007,OXR,CA,AWP,WE,Federal Contract Tower,0,15,62,0,77,0,13,44,0,57,0,28,106,0,134,113,0,113,247
09/20/2007,OXR,CA,AWP,WE,Federal Contract Tower,0,8,47,0,55,0,8,53,0,61,0,16,100,0,116,154,0,154,270
09/21/2007,OXR,CA,AWP,WE,Federal Contract Tower,0,9,26,0,35,0,1,29,0,30,0,10,55,0,65,81,0,81,146
09/22/2007,OXR,CA,AWP,WE,Federal Contract Tower,0,6,14,0,20,0,0,19,0,19,0,6,33,0,39,96,0,96,135
09/23/2007,OXR,CA,AWP,WE,Federal Contract Tower,0,10,29,0,39,0,4,91,0,95,0,14,120,0,134,168,0,168,302
09/24/2007,OXR,CA,AWP,WE,Federal Contract Tower,0,9,31,0,40,0,3,52,4,59,0,12,83,4,99,104,0,104,203
09/25/2007,OXR,CA,AWP,WE,Federal Contract Tower,0,10,25,0,35,0,20,58,0,78,0,30,83,0,113,102,0,102,215
09/26/2007,OXR,CA,AWP,WE,Federal Contract Tower,0,21,55,0,76,0,10,60,0,70,0,31,115,0,146,175,0,175,321
09/27/2007,OXR,CA,AWP,WE,Federal Contract Tower,0,2,50,0,52,0,0,0,0,0,0,2,50,0,52,58,0,58,110
09/28/2007,OXR,CA,AWP,WE,Federal Contract Tower,0,10,22,0,32,0,0,0,2,2,0,10,22,2,34,108,0,108,142
09/29/2007,OXR,CA,AWP,WE,Federal Contract Tower,0,9,30,0,39,0,6,80,0,86,0,15,110,0,125,184,0,184,309
09/30/2007,OXR,CA,AWP,WE,Federal Contract Tower,0,7,45,0,52,0,2,89,0,91,0,9,134,0,143,166,0,166,309
10/01/2007,OXR,CA,AWP,WE,Federal Contract Tower,0,14,31,0,45,0,7,54,0,61,0,21,85,0,106,126,0,126,232
10/02/2007,OXR,CA,AWP,WE,Federal Contract Tower,0,9,25,0,34,0,9,44,0,53,0,18,69,0,87,133,0,133,220
10/03/2007,OXR,CA,AWP,WE,Federal Contract Tower,0,9,42,2,53,0,7,51,0,58,0,16,93,2,111,175,0,175,286
10/04/2007,OXR,CA,AWP,WE,Federal Contract Tower,0,4,50,0,54,0,0,1,0,1,0,4,51,0,55,154,0,154,209
10/05/2007,OXR,CA,AWP,WE,Federal Contract Tower,0,12,21,0,33,0,3,11,0,14,0,15,32,0,47,31,0,31,78
10/06/2007,OXR,CA,AWP,WE,Federal Contract Tower,0,5,25,0,30,0,14,80,0,94,0,19,105,0,124,176,0,176,300
10/07/2007,OXR,CA,AWP,WE,Federal Contract Tower,0,7,14,0,21,0,0,29,0,29,0,7,43,0,50,14,0,14,64
10/08/2007,OXR,CA,AWP,WE,Federal Contract Tower,0,12,37,0,49,0,14,45,0,59,0,26,82,0,108,135,0,135,243
10/09/2007,OXR,CA,AWP,WE,Federal Contract Tower,0,25,39,0,64,0,14,48,0,62,0,39,87,0,126,60,0,60,186
10/10/2007,OXR,CA,AWP,WE,Federal Contract Tower,0,10,22,0,32,0,3,60,0,63,0,13,82,0,95,139,0,139,234
10/11/2007,OXR,CA,AWP,WE,Federal Contract Tower,0,3,40,0,43,0,0,29,0,29,0,3,69,0,72,89,0,89,161
10/12/2007,OXR,CA,AWP,WE,Federal Contract Tower,0,10,37,0,47,0,0,4,0,4,0,10,41,0,51,117,0,117,168
10/13/2007,OXR,CA,AWP,WE,Federal Contract Tower,0,13,47,0,60,0,6,49,0,55,0,19,96,0,115,186,0,186,301
10/14/2007,OXR,CA,AWP,WE,Federal Contract Tower,0,12,34,0,46,0,0,39,0,39,0,12,73,0,85,44,0,44,129
10/15/2007,OXR,CA,AWP,WE,Federal Contract Tower,0,16,59,1,76,0,0,3,0,3,0,16,62,1,79,12,0,12,91
10/16/2007,OXR,CA,AWP,WE,Federal Contract Tower,0,14,26,1,41,0,3,40,1,44,0,17,66,2,85,90,0,90,175
10/17/2007,OXR,CA,AWP,WE,Federal Contract Tower,0,11,47,0,58,0,4,42,0,46,0,15,89,0,104,100,0,100,204
10/18/2007,OXR,CA,AWP,WE,Federal Contract Tower,0,14,31,0,45,0,0,57,0,57,0,14,88,0,102,216,0,216,318
10/19/2007,OXR,CA,AWP,WE,Federal Contract Tower,0,10,34,0,44,0,0,36,2,38,0,10,70,2,82,169,0,169,251
10/20/2007,OXR,CA,AWP,WE,Federal Contract Tower,0,20,26,0,46,0,7,72,0,79,0,27,98,0,125,224,0,224,349
10/21/2007,OXR,CA,AWP,WE,Federal Contract Tower,0,9,2,0,11,0,1,13,0,14,0,10,15,0,25,6,0,6,31
10/22/2007,OXR,CA,AWP,WE,Federal Contract Tower,0,6,6,0,12,0,6,7,0,13,0,12,13,0,25,2,0,2,27
10/23/2007,OXR,CA,AWP,WE,Federal Contract Tower,0,10,9,0,19,0,8,8,0,16,0,18,17,0,35,12,0,12,47
10/24/2007,OXR,CA,AWP,WE,Federal Contract Tower,0,6,33,0,39,0,11,44,0,55,0,17,77,0,94,115,0,115,209
10/25/2007,OXR,CA,AWP,WE,Federal Contract Tower,0,8,41,0,49,0,0,9,0,9,0,8,50,0,58,212,0,212,270
10/26/2007,OXR,CA,AWP,WE,Federal Contract Tower,0,1,6,0,7,0,0,0,0,0,0,1,6,0,7,11,0,11,18
10/27/2007,OXR,CA,AWP,WE,Federal Contract Tower,0,13,39,0,52,0,9,44,0,53,0,22,83,0,105,152,0,152,257
10/28/2007,OXR,CA,AWP,WE,Federal Contract Tower,0,13,35,0,48,0,6,95,0,101,0,19,130,0,149,188,0,188,337
10/29/2007,OXR,CA,AWP,WE,Federal Contract Tower,0,9,39,0,48,0,5,70,0,75,0,14,109,0,123,126,0,126,249
10/30/2007,OXR,CA,AWP,WE,Federal Contract Tower,0,16,40,0,56,0,11,72,0,83,0,27,112,0,139,144,0,144,283
10/31/2007,OXR,CA,AWP,WE,Federal Contract Tower,0,6,32,0,38,0,11,69,0,80,0,17,101,0,118,103,0,103,221
11/01/2007,OXR,CA,AWP,WE,Federal Contract Tower,0,0,0,0,0,0,0,0,0,0,0,0,0,0,0,0,0,0,0
11/02/2007,OXR,CA,AWP,WE,Federal Contract Tower,0,1,18,0,19,0,0,0,0,0,0,1,18,0,19,28,0,28,47
11/03/2007,OXR,CA,AWP,WE,Federal Contract Tower,0,9,27,0,36,0,9,40,0,49,0,18,67,0,85,58,0,58,143
11/04/2007,OXR,CA,AWP,WE,Federal Contract Tower,0,8,47,0,55,0,0,5,0,5,0,8,52,0,60,28,0,28,88
11/05/2007,OXR,CA,AWP,WE,Federal Contract Tower,0,17,34,2,53,0,1,9,0,10,0,18,43,2,63,16,0,16,79
11/06/2007,OXR,CA,AWP,WE,Federal Contract Tower,0,14,45,0,59,0,8,29,0,37,0,22,74,0,96,98,0,98,194
11/07/2007,OXR,CA,AWP,WE,Federal Contract Tower,0,15,0,0,15,0,0,59,0,59,0,15,59,0,74,50,0,50,124
11/08/2007,OXR,CA,AWP,WE,Federal Contract Tower,0,14,49,0,63,0,18,26,0,44,0,32,75,0,107,48,0,48,155
11/09/2007,OXR,CA,AWP,WE,Federal Contract Tower,0,13,60,0,73,0,12,51,4,67,0,25,111,4,140,211,0,211,351
11/10/2007,OXR,CA,AWP,WE,Federal Contract Tower,0,3,42,0,45,0,7,117,0,124,0,10,159,0,169,257,0,257,426
11/11/2007,OXR,CA,AWP,WE,Federal Contract Tower,0,12,62,0,74,0,2,10,0,12,0,14,72,0,86,42,0,42,128
11/12/2007,OXR,CA,AWP,WE,Federal Contract Tower,0,16,34,0,50,0,9,97,0,106,0,25,131,0,156,268,0,268,424
11/13/2007,OXR,CA,AWP,WE,Federal Contract Tower,0,11,38,0,49,0,13,118,0,131,0,24,156,0,180,124,0,124,304
11/14/2007,OXR,CA,AWP,WE,Federal Contract Tower,0,16,52,0,68,0,18,99,0,117,0,34,151,0,185,211,0,211,396
11/15/2007,OXR,CA,AWP,WE,Federal Contract Tower,0,15,46,0,61,0,33,112,0,145,0,48,158,0,206,290,0,290,496
11/16/2007,OXR,CA,AWP,WE,Federal Contract Tower,0,35,63,0,98,0,0,2,0,2,0,35,65,0,100,0,0,0,100
11/17/2007,OXR,CA,AWP,WE,Federal Contract Tower,0,7,57,0,64,0,3,34,0,37,0,10,91,0,101,56,0,56,157
11/18/2007,OXR,CA,AWP,WE,Federal Contract Tower,0,13,58,0,71,0,5,23,0,28,0,18,81,0,99,0,0,0,99
11/19/2007,OXR,CA,AWP,WE,Federal Contract Tower,0,6,34,0,40,0,14,34,0,48,0,20,68,0,88,70,0,70,158
11/20/2007,OXR,CA,AWP,WE,Federal Contract Tower,0,13,37,0,50,0,13,49,0,62,0,26,86,0,112,202,0,202,314
11/21/2007,OXR,CA,AWP,WE,Federal Contract Tower,0,16,24,0,40,0,18,55,0,73,0,34,79,0,113,150,0,150,263
11/22/2007,OXR,CA,AWP,WE,Federal Contract Tower,0,4,17,0,21,0,1,31,0,32,0,5,48,0,53,53,0,53,106
11/23/2007,OXR,CA,AWP,WE,Federal Contract Tower,0,10,20,0,30,0,11,76,0,87,0,21,96,0,117,244,0,244,361
11/24/2007,OXR,CA,AWP,WE,Federal Contract Tower,0,10,8,0,18,0,6,63,0,69,0,16,71,0,87,184,0,184,271
11/25/2007,OXR,CA,AWP,WE,Federal Contract Tower,0,8,24,0,32,0,0,64,0,64,0,8,88,0,96,228,0,228,324
11/26/2007,OXR,CA,AWP,WE,Federal Contract Tower,0,11,20,0,31,0,10,71,0,81,0,21,91,0,112,277,0,277,389
11/27/2007,OXR,CA,AWP,WE,Federal Contract Tower,0,12,19,0,31,0,8,92,0,100,0,20,111,0,131,290,0,290,421
11/28/2007,OXR,CA,AWP,WE,Federal Contract Tower,0,11,15,0,26,0,8,55,0,63,0,19,70,0,89,156,0,156,245
11/29/2007,OXR,CA,AWP,WE,Federal Contract Tower,0,13,35,0,48,0,24,97,0,121,0,37,132,0,169,196,0,196,365
11/30/2007,OXR,CA,AWP,WE,Federal Contract Tower,0,12,32,0,44,0,2,35,0,37,0,14,67,0,81,321,0,321,402
12/01/2007,OXR,CA,AWP,WE,Federal Contract Tower,0,11,35,0,46,0,8,68,0,76,0,19,103,0,122,206,0,206,328
12/02/2007,OXR,CA,AWP,WE,Federal Contract Tower,0,7,21,0,28,0,6,105,0,111,0,13,126,0,139,292,0,292,431
12/03/2007,OXR,CA,AWP,WE,Federal Contract Tower,0,15,26,0,41,0,6,88,0,94,0,21,114,0,135,224,0,224,359
12/04/2007,OXR,CA,AWP,WE,Federal Contract Tower,0,16,30,0,46,0,8,92,0,100,0,24,122,0,146,366,0,366,512
12/05/2007,OXR,CA,AWP,WE,Federal Contract Tower,0,17,40,0,57,0,11,87,0,98,0,28,127,0,155,147,0,147,302
12/06/2007,OXR,CA,AWP,WE,Federal Contract Tower,0,14,64,0,78,0,13,37,10,60,0,27,101,10,138,150,14,164,302
12/07/2007,OXR,CA,AWP,WE,Federal Contract Tower,0,10,23,6,39,0,5,9,4,18,0,15,32,10,57,92,0,92,149
12/08/2007,OXR,CA,AWP,WE,Federal Contract Tower,0,14,25,0,39,0,5,57,0,62,0,19,82,0,101,110,0,110,211
12/09/2007,OXR,CA,AWP,WE,Federal Contract Tower,0,2,12,0,14,0,11,48,0,59,0,13,60,0,73,96,0,96,169
12/10/2007,OXR,CA,AWP,WE,Federal Contract Tower,0,11,25,0,36,0,13,65,0,78,0,24,90,0,114,188,0,188,302
12/11/2007,OXR,CA,AWP,WE,Federal Contract Tower,0,12,13,1,26,0,17,48,5,70,0,29,61,6,96,54,0,54,150
12/12/2007,OXR,CA,AWP,WE,Federal Contract Tower,0,8,31,0,39,0,13,107,0,120,0,21,138,0,159,201,0,201,360
12/13/2007,OXR,CA,AWP,WE,Federal Contract Tower,0,13,38,0,51,0,12,93,0,105,0,25,131,0,156,176,0,176,332
12/14/2007,OXR,CA,AWP,WE,Federal Contract Tower,0,11,38,0,49,0,16,112,1,129,0,27,150,1,178,262,0,262,440
12/15/2007,OXR,CA,AWP,WE,Federal Contract Tower,0,8,27,0,35,0,8,92,0,100,0,16,119,0,135,272,0,272,407
12/16/2007,OXR,CA,AWP,WE,Federal Contract Tower,0,4,29,0,33,0,5,99,0,104,0,9,128,0,137,336,0,336,473
12/17/2007,OXR,CA,AWP,WE,Federal Contract Tower,0,12,35,0,47,0,3,64,0,67,0,15,99,0,114,141,0,141,255
12/18/2007,OXR,CA,AWP,WE,Federal Contract Tower,0,13,26,0,39,0,1,1,0,2,0,14,27,0,41,0,0,0,41
12/19/2007,OXR,CA,AWP,WE,Federal Contract Tower,0,23,46,0,69,0,4,14,0,18,0,27,60,0,87,64,0,64,151
12/20/2007,OXR,CA,AWP,WE,Federal Contract Tower,0,11,51,1,63,0,5,32,0,37,0,16,83,1,100,58,0,58,158
12/21/2007,OXR,CA,AWP,WE,Federal Contract Tower,0,17,20,0,37,0,5,105,0,110,0,22,125,0,147,170,0,170,317
12/22/2007,OXR,CA,AWP,WE,Federal Contract Tower,0,12,21,0,33,0,4,58,0,62,0,16,79,0,95,134,0,134,229
12/23/2007,OXR,CA,AWP,WE,Federal Contract Tower,0,6,23,0,29,0,4,80,0,84,0,10,103,0,113,122,0,122,235
12/24/2007,OXR,CA,AWP,WE,Federal Contract Tower,0,8,13,0,21,0,6,63,0,69,0,14,76,0,90,184,0,184,274
12/25/2007,OXR,CA,AWP,WE,Federal Contract Tower,0,6,2,0,8,0,1,8,0,9,0,7,10,0,17,14,0,14,31
12/26/2007,OXR,CA,AWP,WE,Federal Contract Tower,0,5,12,0,17,0,4,44,0,48,0,9,56,0,65,67,0,67,132
12/27/2007,OXR,CA,AWP,WE,Federal Contract Tower,0,9,23,0,32,0,7,42,0,49,0,16,65,0,81,88,0,88,169
12/28/2007,OXR,CA,AWP,WE,Federal Contract Tower,0,5,35,0,40,0,7,49,4,60,0,12,84,4,100,82,0,82,182
12/29/2007,OXR,CA,AWP,WE,Federal Contract Tower,0,0,3,0,3,0,1,50,0,51,0,1,53,0,54,184,0,184,238
12/30/2007,OXR,CA,AWP,WE,Federal Contract Tower,0,5,20,0,25,0,0,50,0,50,0,5,70,0,75,118,0,118,193
12/31/2007,OXR,CA,AWP,WE,Federal Contract Tower,0,10,5,0,15,0,3,21,0,24,0,13,26,0,39,44,0,44,83
01/01/2008,OXR,CA,AWP,WE,Federal Contract Tower,0,7,2,0,9,0,0,19,0,19,0,7,21,0,28,4,0,4,32
01/02/2008,OXR,CA,AWP,WE,Federal Contract Tower,0,7,14,0,21,0,3,57,0,60,0,10,71,0,81,176,0,176,257
01/03/2008,OXR,CA,AWP,WE,Federal Contract Tower,0,9,23,0,32,0,5,53,0,58,0,14,76,0,90,205,8,213,303
01/04/2008,OXR,CA,AWP,WE,Federal Contract Tower,0,6,10,0,16,0,3,4,0,7,0,9,14,0,23,34,0,34,57
01/05/2008,OXR,CA,AWP,WE,Federal Contract Tower,0,7,54,0,61,0,1,12,0,13,0,8,66,0,74,124,0,124,198
01/06/2008,OXR,CA,AWP,WE,Federal Contract Tower,0,4,23,0,27,0,0,16,0,16,0,4,39,0,43,28,0,28,71
01/07/2008,OXR,CA,AWP,WE,Federal Contract Tower,0,15,35,0,50,0,5,66,0,71,0,20,101,0,121,102,0,102,223
01/08/2008,OXR,CA,AWP,WE,Federal Contract Tower,0,11,29,0,40,0,13,60,0,73,0,24,89,0,113,158,0,158,271
01/09/2008,OXR,CA,AWP,WE,Federal Contract Tower,0,13,33,0,46,0,7,51,4,62,0,20,84,4,108,188,0,188,296
01/10/2008,OXR,CA,AWP,WE,Federal Contract Tower,0,14,46,0,60,0,7,74,0,81,0,21,120,0,141,140,0,140,281
01/11/2008,OXR,CA,AWP,WE,Federal Contract Tower,0,11,40,0,51,0,8,102,0,110,0,19,142,0,161,252,0,252,413
01/12/2008,OXR,CA,AWP,WE,Federal Contract Tower,0,5,19,0,24,0,5,103,0,108,0,10,122,0,132,210,0,210,342
01/13/2008,OXR,CA,AWP,WE,Federal Contract Tower,0,4,15,0,19,0,6,101,2,109,0,10,116,2,128,206,0,206,334
01/14/2008,OXR,CA,AWP,WE,Federal Contract Tower,0,9,25,0,34,0,2,68,0,70,0,11,93,0,104,32,0,32,136
01/15/2008,OXR,CA,AWP,WE,Federal Contract Tower,0,10,32,0,42,0,12,118,0,130,0,22,150,0,172,197,0,197,369
01/16/2008,OXR,CA,AWP,WE,Federal Contract Tower,0,8,21,0,29,0,6,30,0,36,0,14,51,0,65,106,0,106,171
01/17/2008,OXR,CA,AWP,WE,Federal Contract Tower,0,8,30,0,38,0,3,54,0,57,0,11,84,0,95,210,0,210,305
01/18/2008,OXR,CA,AWP,WE,Federal Contract Tower,0,12,25,0,37,0,0,70,0,70,0,12,95,0,107,78,0,78,185
01/19/2008,OXR,CA,AWP,WE,Federal Contract Tower,0,6,28,0,34,0,0,137,0,137,0,6,165,0,171,297,0,297,468
01/20/2008,OXR,CA,AWP,WE,Federal Contract Tower,0,5,40,0,45,0,2,83,0,85,0,7,123,0,130,198,0,198,328
01/21/2008,OXR,CA,AWP,WE,Federal Contract Tower,0,10,30,0,40,0,5,71,0,76,0,15,101,0,116,278,0,278,394
01/22/2008,OXR,CA,AWP,WE,Federal Contract Tower,0,11,24,0,35,0,4,21,4,29,0,15,45,4,64,64,0,64,128
01/23/2008,OXR,CA,AWP,WE,Federal Contract Tower,0,8,17,0,25,0,5,7,0,12,0,13,24,0,37,54,0,54,91
01/24/2008,OXR,CA,AWP,WE,Federal Contract Tower,0,10,15,0,25,0,2,16,0,18,0,12,31,0,43,86,0,86,129
01/25/2008,OXR,CA,AWP,WE,Federal Contract Tower,0,8,25,0,33,0,1,30,0,31,0,9,55,0,64,66,0,66,130
01/26/2008,OXR,CA,AWP,WE,Federal Contract Tower,0,9,19,0,28,0,9,39,0,48,0,18,58,0,76,148,0,148,224
01/27/2008,OXR,CA,AWP,WE,Federal Contract Tower,0,5,3,0,8,0,8,14,0,22,0,13,17,0,30,26,0,26,56
01/28/2008,OXR,CA,AWP,WE,Federal Contract Tower,0,17,12,0,29,0,12,23,0,35,0,29,35,0,64,98,0,98,162
01/29/2008,OXR,CA,AWP,WE,Federal Contract Tower,0,6,34,0,40,0,16,123,0,139,0,22,157,0,179,252,0,252,431
01/30/2008,OXR,CA,AWP,WE,Federal Contract Tower,0,7,29,0,36,0,11,99,0,110,0,18,128,0,146,252,0,252,398
01/31/2008,OXR,CA,AWP,WE,Federal Contract Tower,0,16,61,0,77,0,18,112,0,130,0,34,173,0,207,196,0,196,403
02/01/2008,OXR,CA,AWP,WE,Federal Contract Tower,0,18,36,0,54,0,10,41,0,51,0,28,77,0,105,196,0,196,301
02/02/2008,OXR,CA,AWP,WE,Federal Contract Tower,0,7,52,0,59,0,8,125,0,133,0,15,177,0,192,254,0,254,446
02/03/2008,OXR,CA,AWP,WE,Federal Contract Tower,0,7,17,0,24,0,1,2,0,3,0,8,19,0,27,0,0,0,27
02/04/2008,OXR,CA,AWP,WE,Federal Contract Tower,0,11,23,0,34,0,6,76,0,82,0,17,99,0,116,238,0,238,354
02/05/2008,OXR,CA,AWP,WE,Federal Contract Tower,0,16,35,0,51,0,14,98,0,112,0,30,133,0,163,118,0,118,281
02/06/2008,OXR,CA,AWP,WE,Federal Contract Tower,0,11,41,0,52,0,7,102,0,109,0,18,143,0,161,249,0,249,410
02/07/2008,OXR,CA,AWP,WE,Federal Contract Tower,0,12,52,0,64,0,7,76,0,83,0,19,128,0,147,201,0,201,348
02/08/2008,OXR,CA,AWP,WE,Federal Contract Tower,0,16,40,0,56,0,8,109,0,117,0,24,149,0,173,213,0,213,386
02/09/2008,OXR,CA,AWP,WE,Federal Contract Tower,0,5,22,0,27,0,4,112,0,116,0,9,134,0,143,216,0,216,359
02/10/2008,OXR,CA,AWP,WE,Federal Contract Tower,0,4,39,0,43,0,0,119,0,119,0,4,158,0,162,217,0,217,379
02/11/2008,OXR,CA,AWP,WE,Federal Contract Tower,0,11,28,0,39,0,12,97,0,109,0,23,125,0,148,144,0,144,292
02/12/2008,OXR,CA,AWP,WE,Federal Contract Tower,0,11,24,0,35,0,12,115,0,127,0,23,139,0,162,180,0,180,342
02/13/2008,OXR,CA,AWP,WE,Federal Contract Tower,0,13,53,0,66,0,4,6,0,10,0,17,59,0,76,32,0,32,108
02/14/2008,OXR,CA,AWP,WE,Federal Contract Tower,0,12,23,0,35,0,4,24,0,28,0,16,47,0,63,161,0,161,224
02/15/2008,OXR,CA,AWP,WE,Federal Contract Tower,0,12,24,0,36,0,5,95,0,100,0,17,119,0,136,148,0,148,284
02/16/2008,OXR,CA,AWP,WE,Federal Contract Tower,0,3,36,0,39,0,5,86,2,93,0,8,122,2,132,238,6,244,376
02/17/2008,OXR,CA,AWP,WE,Federal Contract Tower,0,9,49,0,58,0,2,72,0,74,0,11,121,0,132,58,0,58,190
02/18/2008,OXR,CA,AWP,WE,Federal Contract Tower,0,17,49,0,66,0,1,31,0,32,0,18,80,0,98,110,0,110,208
02/19/2008,OXR,CA,AWP,WE,Federal Contract Tower,0,9,56,0,65,0,5,30,0,35,0,14,86,0,100,130,0,130,230
02/20/2008,OXR,CA,AWP,WE,Federal Contract Tower,0,17,32,0,49,0,1,10,0,11,0,18,42,0,60,60,0,60,120
02/21/2008,OXR,CA,AWP,WE,Federal Contract Tower,0,11,40,0,51,0,12,19,0,31,0,23,59,0,82,159,0,159,241
02/22/2008,OXR,CA,AWP,WE,Federal Contract Tower,0,9,36,0,45,0,6,29,0,35,0,15,65,0,80,138,0,138,218
02/23/2008,OXR,CA,AWP,WE,Federal Contract Tower,0,5,21,0,26,0,10,57,0,67,0,15,78,0,93,228,0,228,321
02/24/2008,OXR,CA,AWP,WE,Federal Contract Tower,0,8,38,0,46,0,3,26,0,29,0,11,64,0,75,48,0,48,123
02/25/2008,OXR,CA,AWP,WE,Federal Contract Tower,0,12,34,0,46,0,8,76,0,84,0,20,110,0,130,62,0,62,192
02/26/2008,OXR,CA,AWP,WE,Federal Contract Tower,0,15,23,0,38,0,14,95,0,109,0,29,118,0,147,186,0,186,333
02/27/2008,OXR,CA,AWP,WE,Federal Contract Tower,0,16,38,0,54,0,16,110,0,126,0,32,148,0,180,110,0,110,290
02/28/2008,OXR,CA,AWP,WE,Federal Contract Tower,0,23,44,0,67,0,10,82,0,92,0,33,126,0,159,98,0,98,257
02/29/2008,OXR,CA,AWP,WE,Federal Contract Tower,0,15,65,0,80,0,2,35,0,37,0,17,100,0,117,144,0,144,261
03/01/2008,OXR,CA,AWP,WE,Federal Contract Tower,0,5,57,0,62,0,3,24,0,27,0,8,81,0,89,156,0,156,245
03/02/2008,OXR,CA,AWP,WE,Federal Contract Tower,0,12,4,0,16,0,2,32,0,34,0,14,36,0,50,24,0,24,74
03/03/2008,OXR,CA,AWP,WE,Federal Contract Tower,0,13,29,0,42,0,4,44,0,48,0,17,73,0,90,106,0,106,196
03/04/2008,OXR,CA,AWP,WE,Federal Contract Tower,0,13,35,0,48,0,3,105,0,108,0,16,140,0,156,296,0,296,452
03/05/2008,OXR,CA,AWP,WE,Federal Contract Tower,0,11,35,0,46,0,5,71,0,76,0,16,106,0,122,200,0,200,322
03/06/2008,OXR,CA,AWP,WE,Federal Contract Tower,0,10,47,0,57,0,6,97,0,103,0,16,144,0,160,214,0,214,374
03/07/2008,OXR,CA,AWP,WE,Federal Contract Tower,0,6,52,0,58,0,6,90,2,98,0,12,142,2,156,275,0,275,431
03/08/2008,OXR,CA,AWP,WE,Federal Contract Tower,0,6,41,0,47,0,2,91,0,93,0,8,132,0,140,290,0,290,430
03/09/2008,OXR,CA,AWP,WE,Federal Contract Tower,0,5,14,0,19,0,10,46,0,56,0,15,60,0,75,30,0,30,105
03/10/2008,OXR,CA,AWP,WE,Federal Contract Tower,0,12,22,0,34,0,3,70,0,73,0,15,92,0,107,140,0,140,247
03/11/2008,OXR,CA,AWP,WE,Federal Contract Tower,0,9,27,0,36,0,4,76,0,80,0,13,103,0,116,218,0,218,334
03/12/2008,OXR,CA,AWP,WE,Federal Contract Tower,0,14,30,0,44,0,6,89,0,95,0,20,119,0,139,312,0,312,451
03/13/2008,OXR,CA,AWP,WE,Federal Contract Tower,0,10,44,0,54,0,6,60,0,66,0,16,104,0,120,156,0,156,276
03/14/2008,OXR,CA,AWP,WE,Federal Contract Tower,0,11,40,0,51,0,6,65,0,71,0,17,105,0,122,184,0,184,306
03/15/2008,OXR,CA,AWP,WE,Federal Contract Tower,0,3,24,0,27,0,3,32,0,35,0,6,56,0,62,80,0,80,142
03/16/2008,OXR,CA,AWP,WE,Federal Contract Tower,0,8,6,0,14,0,0,41,0,41,0,8,47,0,55,74,0,74,129
03/17/2008,OXR,CA,AWP,WE,Federal Contract Tower,0,13,32,0,45,0,3,83,0,86,0,16,115,0,131,140,8,148,279
03/18/2008,OXR,CA,AWP,WE,Federal Contract Tower,0,10,51,0,61,0,4,88,0,92,0,14,139,0,153,218,0,218,371
03/19/2008,OXR,CA,AWP,WE,Federal Contract Tower,0,17,41,2,60,0,7,13,0,20,0,24,54,2,80,20,0,20,100
03/20/2008,OXR,CA,AWP,WE,Federal Contract Tower,0,7,68,0,75,0,9,72,0,81,0,16,140,0,156,241,0,241,397
03/21/2008,OXR,CA,AWP,WE,Federal Contract Tower,0,18,49,0,67,0,6,120,0,126,0,24,169,0,193,268,0,268,461
03/22/2008,OXR,CA,AWP,WE,Federal Contract Tower,0,3,31,0,34,0,4,81,0,85,0,7,112,0,119,163,0,163,282
03/23/2008,OXR,CA,AWP,WE,Federal Contract Tower,0,9,13,0,22,0,3,79,0,82,0,12,92,0,104,78,0,78,182
03/24/2008,OXR,CA,AWP,WE,Federal Contract Tower,0,14,26,0,40,0,3,72,4,79,0,17,98,4,119,132,0,132,251
03/25/2008,OXR,CA,AWP,WE,Federal Contract Tower,0,9,34,0,43,0,10,99,0,109,0,19,133,0,152,376,0,376,528
03/26/2008,OXR,CA,AWP,WE,Federal Contract Tower,0,20,38,0,58,0,7,104,0,111,0,27,142,0,169,340,0,340,509
03/27/2008,OXR,CA,AWP,WE,Federal Contract Tower,0,8,31,0,39,0,10,98,4,112,0,18,129,4,151,321,0,321,472
03/28/2008,OXR,CA,AWP,WE,Federal Contract Tower,0,11,37,2,50,0,8,92,3,103,0,19,129,5,153,322,0,322,475
03/29/2008,OXR,CA,AWP,WE,Federal Contract Tower,0,7,50,0,57,0,6,5,0,11,0,13,55,0,68,82,0,82,150
03/30/2008,OXR,CA,AWP,WE,Federal Contract Tower,0,9,39,0,48,0,3,28,0,31,0,12,67,0,79,46,0,46,125
03/31/2008,OXR,CA,AWP,WE,Federal Contract Tower,0,13,28,0,41,0,3,86,0,89,0,16,114,0,130,260,0,260,390
04/01/2008,OXR,CA,AWP,WE,Federal Contract Tower,0,9,32,0,41,0,14,91,0,105,0,23,123,0,146,279,0,279,425
04/02/2008,OXR,CA,AWP,WE,Federal Contract Tower,0,14,36,0,50,0,6,37,0,43,0,20,73,0,93,247,0,247,340
04/03/2008,OXR,CA,AWP,WE,Federal Contract Tower,0,13,51,0,64,0,7,41,0,48,0,20,92,0,112,106,0,106,218
04/04/2008,OXR,CA,AWP,WE,Federal Contract Tower,0,35,68,0,103,0,0,0,0,0,0,35,68,0,103,0,0,0,103
04/05/2008,OXR,CA,AWP,WE,Federal Contract Tower,0,3,53,0,56,0,7,45,0,52,0,10,98,0,108,67,0,67,175
04/06/2008,OXR,CA,AWP,WE,Federal Contract Tower,0,7,62,0,69,0,7,48,0,55,0,14,110,0,124,116,0,116,240
04/07/2008,OXR,CA,AWP,WE,Federal Contract Tower,0,12,32,1,45,0,13,67,1,81,0,25,99,2,126,152,0,152,278
04/08/2008,OXR,CA,AWP,WE,Federal Contract Tower,0,12,47,0,59,0,2,77,0,79,0,14,124,0,138,179,0,179,317
04/09/2008,OXR,CA,AWP,WE,Federal Contract Tower,0,13,44,0,57,0,11,74,0,85,0,24,118,0,142,216,0,216,358
04/10/2008,OXR,CA,AWP,WE,Federal Contract Tower,0,11,38,0,49,0,7,83,0,90,0,18,121,0,139,255,0,255,394
04/11/2008,OXR,CA,AWP,WE,Federal Contract Tower,0,18,18,0,36,0,7,141,0,148,0,25,159,0,184,202,0,202,386
04/12/2008,OXR,CA,AWP,WE,Federal Contract Tower,0,3,18,0,21,0,3,78,0,81,0,6,96,0,102,154,0,154,256
04/13/2008,OXR,CA,AWP,WE,Federal Contract Tower,0,6,21,0,27,0,3,97,0,100,0,9,118,0,127,214,0,214,341
04/14/2008,OXR,CA,AWP,WE,Federal Contract Tower,0,10,30,0,40,0,5,73,0,78,0,15,103,0,118,170,0,170,288
04/15/2008,OXR,CA,AWP,WE,Federal Contract Tower,0,8,46,0,54,0,13,89,0,102,0,21,135,0,156,270,0,270,426
04/16/2008,OXR,CA,AWP,WE,Federal Contract Tower,0,10,44,2,56,0,5,92,0,97,0,15,136,2,153,196,0,196,349
04/17/2008,OXR,CA,AWP,WE,Federal Contract Tower,0,14,46,0,60,0,19,97,0,116,0,33,143,0,176,170,0,170,346
04/18/2008,OXR,CA,AWP,WE,Federal Contract Tower,0,12,43,0,55,0,9,88,0,97,0,21,131,0,152,143,0,143,295
04/19/2008,OXR,CA,AWP,WE,Federal Contract Tower,0,5,50,0,55,0,1,56,0,57,0,6,106,0,112,120,0,120,232
04/20/2008,OXR,CA,AWP,WE,Federal Contract Tower,0,9,29,0,38,0,0,92,0,92,0,9,121,0,130,136,0,136,266
04/21/2008,OXR,CA,AWP,WE,Federal Contract Tower,0,14,28,0,42,0,7,64,0,71,0,21,92,0,113,124,0,124,237
04/22/2008,OXR,CA,AWP,WE,Federal Contract Tower,0,14,51,0,65,0,9,88,0,97,0,23,139,0,162,216,0,216,378
04/23/2008,OXR,CA,AWP,WE,Federal Contract Tower,0,15,31,0,46,0,8,58,0,66,0,23,89,0,112,142,0,142,254
04/24/2008,OXR,CA,AWP,WE,Federal Contract Tower,0,11,34,0,45,0,7,69,0,76,0,18,103,0,121,124,0,124,245
04/25/2008,OXR,CA,AWP,WE,Federal Contract Tower,0,14,34,0,48,0,18,110,3,131,0,32,144,3,179,225,0,225,404
04/26/2008,OXR,CA,AWP,WE,Federal Contract Tower,0,3,38,0,41,0,2,91,0,93,0,5,129,0,134,126,0,126,260
04/27/2008,OXR,CA,AWP,WE,Federal Contract Tower,0,9,30,0,39,0,0,80,0,80,0,9,110,0,119,108,0,108,227
04/28/2008,OXR,CA,AWP,WE,Federal Contract Tower,0,13,40,0,53,0,11,85,0,96,0,24,125,0,149,240,0,240,389
04/29/2008,OXR,CA,AWP,WE,Federal Contract Tower,0,16,40,0,56,0,5,77,0,82,0,21,117,0,138,148,0,148,286
04/30/2008,OXR,CA,AWP,WE,Federal Contract Tower,0,16,45,0,61,0,6,68,0,74,0,22,113,0,135,196,0,196,331
05/01/2008,OXR,CA,AWP,WE,Federal Contract Tower,0,8,38,0,46,0,12,86,0,98,0,20,124,0,144,182,0,182,326
05/02/2008,OXR,CA,AWP,WE,Federal Contract Tower,0,14,32,0,46,0,1,115,0,116,0,15,147,0,162,214,0,214,376
05/03/2008,OXR,CA,AWP,WE,Federal Contract Tower,0,3,29,0,32,0,4,103,0,107,0,7,132,0,139,232,0,232,371
05/04/2008,OXR,CA,AWP,WE,Federal Contract Tower,0,5,44,0,49,0,1,58,0,59,0,6,102,0,108,156,0,156,264
05/05/2008,OXR,CA,AWP,WE,Federal Contract Tower,0,14,34,0,48,0,1,25,0,26,0,15,59,0,74,62,0,62,136
05/06/2008,OXR,CA,AWP,WE,Federal Contract Tower,0,9,47,0,56,0,6,44,0,50,0,15,91,0,106,140,0,140,246
05/07/2008,OXR,CA,AWP,WE,Federal Contract Tower,0,17,63,0,80,0,8,50,0,58,0,25,113,0,138,103,0,103,241
05/08/2008,OXR,CA,AWP,WE,Federal Contract Tower,0,19,60,0,79,0,11,62,0,73,0,30,122,0,152,192,0,192,344
05/09/2008,OXR,CA,AWP,WE,Federal Contract Tower,0,17,85,0,102,0,3,23,0,26,0,20,108,0,128,110,0,110,238
05/10/2008,OXR,CA,AWP,WE,Federal Contract Tower,0,11,61,0,72,0,2,61,2,65,0,13,122,2,137,108,0,108,245
05/11/2008,OXR,CA,AWP,WE,Federal Contract Tower,0,12,47,0,59,0,1,16,0,17,0,13,63,0,76,120,0,120,196
05/12/2008,OXR,CA,AWP,WE,Federal Contract Tower,0,13,38,3,54,0,7,24,0,31,0,20,62,3,85,132,0,132,217
05/13/2008,OXR,CA,AWP,WE,Federal Contract Tower,0,5,26,0,31,0,10,64,0,74,0,15,90,0,105,152,0,152,257
05/14/2008,OXR,CA,AWP,WE,Federal Contract Tower,0,9,51,0,60,0,5,108,0,113,0,14,159,0,173,148,0,148,321
05/15/2008,OXR,CA,AWP,WE,Federal Contract Tower,0,11,49,0,60,0,7,90,0,97,0,18,139,0,157,130,0,130,287
05/16/2008,OXR,CA,AWP,WE,Federal Contract Tower,0,12,33,0,45,0,4,79,0,83,0,16,112,0,128,172,0,172,300
05/17/2008,OXR,CA,AWP,WE,Federal Contract Tower,0,5,29,0,34,0,0,92,0,92,0,5,121,0,126,124,0,124,250
05/18/2008,OXR,CA,AWP,WE,Federal Contract Tower,0,9,26,0,35,0,5,110,0,115,0,14,136,0,150,114,0,114,264
05/19/2008,OXR,CA,AWP,WE,Federal Contract Tower,0,9,34,0,43,0,9,74,0,83,0,18,108,0,126,164,0,164,290
05/20/2008,OXR,CA,AWP,WE,Federal Contract Tower,0,12,86,0,98,0,6,20,0,26,0,18,106,0,124,48,0,48,172
05/21/2008,OXR,CA,AWP,WE,Federal Contract Tower,0,13,42,0,55,0,6,58,0,64,0,19,100,0,119,136,0,136,255
05/22/2008,OXR,CA,AWP,WE,Federal Contract Tower,0,11,40,0,51,0,1,70,4,75,0,12,110,4,126,104,0,104,230
05/23/2008,OXR,CA,AWP,WE,Federal Contract Tower,0,9,33,0,42,0,0,30,0,30,0,9,63,0,72,136,0,136,208
05/24/2008,OXR,CA,AWP,WE,Federal Contract Tower,0,3,29,0,32,0,0,47,0,47,0,3,76,0,79,90,0,90,169
05/25/2008,OXR,CA,AWP,WE,Federal Contract Tower,0,6,27,0,33,0,2,41,0,43,0,8,68,0,76,176,0,176,252
05/26/2008,OXR,CA,AWP,WE,Federal Contract Tower,0,4,38,0,42,0,3,72,0,75,0,7,110,0,117,238,0,238,355
05/27/2008,OXR,CA,AWP,WE,Federal Contract Tower,0,9,42,0,51,0,5,103,0,108,0,14,145,0,159,320,0,320,479
05/28/2008,OXR,CA,AWP,WE,Federal Contract Tower,0,9,46,0,55,0,4,94,0,98,0,13,140,0,153,285,0,285,438
05/29/2008,OXR,CA,AWP,WE,Federal Contract Tower,0,8,45,0,53,0,3,110,0,113,0,11,155,0,166,368,0,368,534
05/30/2008,OXR,CA,AWP,WE,Federal Contract Tower,0,10,26,0,36,0,13,127,0,140,0,23,153,0,176,148,0,148,324
05/31/2008,OXR,CA,AWP,WE,Federal Contract Tower,0,4,25,0,29,0,3,107,0,110,0,7,132,0,139,200,0,200,339
06/01/2008,OXR,CA,AWP,WE,Federal Contract Tower,0,5,13,0,18,0,1,110,0,111,0,6,123,0,129,206,0,206,335
06/02/2008,OXR,CA,AWP,WE,Federal Contract Tower,0,12,33,0,45,0,2,78,0,80,0,14,111,0,125,208,0,208,333
06/03/2008,OXR,CA,AWP,WE,Federal Contract Tower,0,7,38,0,45,0,2,68,0,70,0,9,106,0,115,198,0,198,313
06/04/2008,OXR,CA,AWP,WE,Federal Contract Tower,0,0,47,0,47,0,37,107,0,144,0,37,154,0,191,104,0,104,295
06/05/2008,OXR,CA,AWP,WE,Federal Contract Tower,0,0,33,0,33,0,12,140,0,152,0,12,173,0,185,74,0,74,259
06/06/2008,OXR,CA,AWP,WE,Federal Contract Tower,0,14,38,0,52,0,9,96,0,105,0,23,134,0,157,157,0,157,314
06/07/2008,OXR,CA,AWP,WE,Federal Contract Tower,0,6,20,0,26,0,0,125,0,125,0,6,145,0,151,238,0,238,389
06/08/2008,OXR,CA,AWP,WE,Federal Contract Tower,0,9,43,0,52,0,2,82,0,84,0,11,125,0,136,138,0,138,274
06/09/2008,OXR,CA,AWP,WE,Federal Contract Tower,0,12,53,0,65,0,3,22,0,25,0,15,75,0,90,44,0,44,134
06/10/2008,OXR,CA,AWP,WE,Federal Contract Tower,0,16,76,0,92,0,3,8,0,11,0,19,84,0,103,18,0,18,121
06/11/2008,OXR,CA,AWP,WE,Federal Contract Tower,0,11,44,0,55,0,4,56,0,60,0,15,100,0,115,192,0,192,307
06/12/2008,OXR,CA,AWP,WE,Federal Contract Tower,0,8,53,0,61,0,6,64,3,73,0,14,117,3,134,188,0,188,322
06/13/2008,OXR,CA,AWP,WE,Federal Contract Tower,0,11,67,0,78,0,3,28,0,31,0,14,95,0,109,41,0,41,150
06/14/2008,OXR,CA,AWP,WE,Federal Contract Tower,0,9,81,0,90,0,1,22,0,23,0,10,103,0,113,0,0,0,113
06/15/2008,OXR,CA,AWP,WE,Federal Contract Tower,0,9,32,0,41,0,0,78,0,78,0,9,110,0,119,87,0,87,206
06/16/2008,OXR,CA,AWP,WE,Federal Contract Tower,0,15,26,0,41,0,7,72,0,79,0,22,98,0,120,86,0,86,206
06/17/2008,OXR,CA,AWP,WE,Federal Contract Tower,0,9,41,0,50,0,9,85,0,94,0,18,126,0,144,206,0,206,350
06/18/2008,OXR,CA,AWP,WE,Federal Contract Tower,0,0,50,0,50,0,12,142,0,154,0,12,192,0,204,106,0,106,310
06/19/2008,OXR,CA,AWP,WE,Federal Contract Tower,0,14,32,0,46,0,3,106,0,109,0,17,138,0,155,174,0,174,329
06/20/2008,OXR,CA,AWP,WE,Federal Contract Tower,0,11,44,0,55,0,11,146,0,157,0,22,190,0,212,292,0,292,504
06/21/2008,OXR,CA,AWP,WE,Federal Contract Tower,0,4,43,0,47,0,0,103,0,103,0,4,146,0,150,282,0,282,432
06/22/2008,OXR,CA,AWP,WE,Federal Contract Tower,0,5,25,0,30,0,8,79,0,87,0,13,104,0,117,194,0,194,311
06/23/2008,OXR,CA,AWP,WE,Federal Contract Tower,0,10,29,0,39,0,5,80,0,85,0,15,109,0,124,230,0,230,354
06/24/2008,OXR,CA,AWP,WE,Federal Contract Tower,0,8,30,0,38,0,8,80,0,88,0,16,110,0,126,348,0,348,474
06/25/2008,OXR,CA,AWP,WE,Federal Contract Tower,0,14,46,0,60,0,6,49,0,55,0,20,95,0,115,228,0,228,343
06/26/2008,OXR,CA,AWP,WE,Federal Contract Tower,0,9,56,0,65,0,5,57,0,62,0,14,113,0,127,112,0,112,239
06/27/2008,OXR,CA,AWP,WE,Federal Contract Tower,0,9,56,0,65,0,5,57,0,62,0,14,113,0,127,112,0,112,239
06/28/2008,OXR,CA,AWP,WE,Federal Contract Tower,0,8,38,0,46,0,0,49,0,49,0,8,87,0,95,130,0,130,225
06/29/2008,OXR,CA,AWP,WE,Federal Contract Tower,0,6,64,0,70,0,4,72,0,76,0,10,136,0,146,44,0,44,190
06/30/2008,OXR,CA,AWP,WE,Federal Contract Tower,0,19,40,1,60,0,23,76,2,101,0,44,116,3,163,36,0,36,219
07/01/2008,OXR,CA,AWP,WE,Federal Contract Tower,0,20,39,0,59,0,7,75,0,82,0,27,114,0,141,120,0,120,261
07/02/2008,OXR,CA,AWP,WE,Federal Contract Tower,0,14,54,0,68,0,8,61,0,69,0,22,115,0,137,96,0,96,233
07/03/2008,OXR,CA,AWP,WE,Federal Contract Tower,0,18,47,0,65,0,1,87,0,88,0,19,134,0,153,124,0,124,277
07/04/2008,OXR,CA,AWP,WE,Federal Contract Tower,0,3,15,0,18,0,0,62,0,62,0,3,77,0,80,112,0,112,192
07/05/2008,OXR,CA,AWP,WE,Federal Contract Tower,0,5,16,0,21,0,5,60,0,65,0,10,76,0,86,94,0,94,180
07/06/2008,OXR,CA,AWP,WE,Federal Contract Tower,0,10,32,0,42,0,0,33,0,33,0,10,65,0,75,50,0,50,125
07/07/2008,OXR,CA,AWP,WE,Federal Contract Tower,0,15,48,4,67,0,3,13,0,16,0,18,61,4,83,14,0,14,97
07/08/2008,OXR,CA,AWP,WE,Federal Contract Tower,33,42,0,0,75,0,0,3,0,3,33,42,3,0,78,6,0,6,84
07/09/2008,OXR,CA,AWP,WE,Federal Contract Tower,0,17,64,0,81,0,0,12,0,12,0,17,76,0,93,6,0,6,99
07/10/2008,OXR,CA,AWP,WE,Federal Contract Tower,0,13,51,0,64,0,2,46,0,48,0,15,97,0,112,78,0,78,190
07/11/2008,OXR,CA,AWP,WE,Federal Contract Tower,0,17,49,0,66,0,3,56,0,59,0,20,105,0,125,166,0,166,291
07/12/2008,OXR,CA,AWP,WE,Federal Contract Tower,0,9,27,0,36,0,1,49,0,50,0,10,76,0,86,150,0,150,236
07/13/2008,OXR,CA,AWP,WE,Federal Contract Tower,0,4,44,0,48,0,0,40,0,40,0,4,84,0,88,60,0,60,148
07/14/2008,OXR,CA,AWP,WE,Federal Contract Tower,0,11,23,0,34,0,7,38,0,45,0,18,61,0,79,58,0,58,137
07/15/2008,OXR,CA,AWP,WE,Federal Contract Tower,0,6,29,7,42,0,9,54,0,63,0,15,83,7,105,66,0,66,171
07/16/2008,OXR,CA,AWP,WE,Federal Contract Tower,0,12,46,0,58,0,6,79,0,85,0,18,125,0,143,132,0,132,275
07/17/2008,OXR,CA,AWP,WE,Federal Contract Tower,0,10,32,0,42,0,4,45,0,49,0,14,77,0,91,64,0,64,155
07/18/2008,OXR,CA,AWP,WE,Federal Contract Tower,0,13,49,0,62,0,1,31,0,32,0,14,80,0,94,53,0,53,147
07/19/2008,OXR,CA,AWP,WE,Federal Contract Tower,0,6,55,0,61,0,2,14,0,16,0,8,69,0,77,22,0,22,99
07/20/2008,OXR,CA,AWP,WE,Federal Contract Tower,0,4,56,0,60,0,2,34,0,36,0,6,90,0,96,14,0,14,110
07/21/2008,OXR,CA,AWP,WE,Federal Contract Tower,0,10,39,0,49,0,3,65,0,68,0,13,104,0,117,120,0,120,237
07/22/2008,OXR,CA,AWP,WE,Federal Contract Tower,0,10,40,0,50,0,11,33,0,44,0,21,73,0,94,10,0,10,104
07/23/2008,OXR,CA,AWP,WE,Federal Contract Tower,0,13,51,0,64,0,2,61,0,63,0,15,112,0,127,86,0,86,213
07/24/2008,OXR,CA,AWP,WE,Federal Contract Tower,0,9,40,1,50,0,3,68,1,72,0,12,108,2,122,90,0,90,212
07/25/2008,OXR,CA,AWP,WE,Federal Contract Tower,0,9,30,0,39,0,1,71,0,72,0,10,101,0,111,90,0,90,201
07/26/2008,OXR,CA,AWP,WE,Federal Contract Tower,0,4,41,0,45,0,3,71,0,74,0,7,112,0,119,178,0,178,297
07/27/2008,OXR,CA,AWP,WE,Federal Contract Tower,0,4,53,0,57,0,0,53,0,53,0,4,106,0,110,68,0,68,178
07/28/2008,OXR,CA,AWP,WE,Federal Contract Tower,0,8,28,0,36,0,4,45,0,49,0,12,73,0,85,106,0,106,191
07/29/2008,OXR,CA,AWP,WE,Federal Contract Tower,0,10,55,0,65,0,3,32,0,35,0,13,87,0,100,66,0,66,166
07/30/2008,OXR,CA,AWP,WE,Federal Contract Tower,0,13,31,0,44,0,9,37,0,46,0,22,68,0,90,78,0,78,168
07/31/2008,OXR,CA,AWP,WE,Federal Contract Tower,0,13,62,0,75,0,8,16,0,24,0,21,78,0,99,14,0,14,113
08/01/2008,OXR,CA,AWP,WE,Federal Contract Tower,0,19,56,2,77,0,2,27,0,29,0,21,83,2,106,58,0,58,164
08/02/2008,OXR,CA,AWP,WE,Federal Contract Tower,0,10,70,0,80,0,0,2,0,2,0,10,72,0,82,0,0,0,82
08/03/2008,OXR,CA,AWP,WE,Federal Contract Tower,0,4,45,0,49,0,0,45,0,45,0,4,90,0,94,70,0,70,164
08/04/2008,OXR,CA,AWP,WE,Federal Contract Tower,0,10,27,0,37,0,2,48,0,50,0,12,75,0,87,62,0,62,149
08/05/2008,OXR,CA,AWP,WE,Federal Contract Tower,0,9,30,0,39,0,9,49,0,58,0,18,79,0,97,150,0,150,247
08/06/2008,OXR,CA,AWP,WE,Federal Contract Tower,0,9,44,1,54,0,7,63,0,70,0,16,107,1,124,156,0,156,280
08/07/2008,OXR,CA,AWP,WE,Federal Contract Tower,0,13,29,0,42,0,2,107,4,113,0,15,136,4,155,146,0,146,301
08/08/2008,OXR,CA,AWP,WE,Federal Contract Tower,0,15,42,0,57,0,3,72,0,75,0,18,114,0,132,148,0,148,280
08/09/2008,OXR,CA,AWP,WE,Federal Contract Tower,0,4,24,0,28,0,0,64,0,64,0,4,88,0,92,194,0,194,286
08/10/2008,OXR,CA,AWP,WE,Federal Contract Tower,0,4,31,0,35,0,0,92,0,92,0,4,123,0,127,106,0,106,233
08/11/2008,OXR,CA,AWP,WE,Federal Contract Tower,0,10,28,0,38,0,12,27,0,39,0,22,55,0,77,42,0,42,119
08/12/2008,OXR,CA,AWP,WE,Federal Contract Tower,0,15,31,2,48,0,0,20,0,20,0,15,51,2,68,78,0,78,146
08/13/2008,OXR,CA,AWP,WE,Federal Contract Tower,0,10,41,0,51,0,6,35,0,41,0,16,76,0,92,74,0,74,166
08/14/2008,OXR,CA,AWP,WE,Federal Contract Tower,0,20,43,0,63,0,20,52,0,72,0,40,95,0,135,236,0,236,371
08/15/2008,OXR,CA,AWP,WE,Federal Contract Tower,0,13,47,0,60,0,5,54,0,59,0,18,101,0,119,100,0,100,219
08/16/2008,OXR,CA,AWP,WE,Federal Contract Tower,0,4,37,0,41,0,2,73,0,75,0,6,110,0,116,78,0,78,194
08/17/2008,OXR,CA,AWP,WE,Federal Contract Tower,0,4,31,0,35,0,1,68,0,69,0,5,99,0,104,74,0,74,178
08/18/2008,OXR,CA,AWP,WE,Federal Contract Tower,0,16,46,1,63,0,6,24,1,31,0,22,70,2,94,32,0,32,126
08/19/2008,OXR,CA,AWP,WE,Federal Contract Tower,0,8,53,0,61,0,3,40,0,43,0,11,93,0,104,94,0,94,198
08/20/2008,OXR,CA,AWP,WE,Federal Contract Tower,0,14,55,0,69,0,5,52,0,57,0,19,107,0,126,70,0,70,196
08/21/2008,OXR,CA,AWP,WE,Federal Contract Tower,0,11,36,0,47,0,8,29,0,37,0,19,65,0,84,86,0,86,170
08/22/2008,OXR,CA,AWP,WE,Federal Contract Tower,0,10,43,1,54,5,44,0,0,49,5,54,43,1,103,94,0,94,197
08/23/2008,OXR,CA,AWP,WE,Federal Contract Tower,0,9,69,0,78,0,0,11,0,11,0,9,80,0,89,30,0,30,119
08/24/2008,OXR,CA,AWP,WE,Federal Contract Tower,0,7,20,0,27,0,2,44,0,46,0,9,64,0,73,54,0,54,127
08/25/2008,OXR,CA,AWP,WE,Federal Contract Tower,0,12,28,0,40,0,7,35,0,42,0,19,63,0,82,42,0,42,124
08/26/2008,OXR,CA,AWP,WE,Federal Contract Tower,0,8,52,0,60,0,0,41,0,41,0,8,93,0,101,88,0,88,189
08/27/2008,OXR,CA,AWP,WE,Federal Contract Tower,0,17,64,0,81,0,2,10,0,12,0,19,74,0,93,8,0,8,101
08/28/2008,OXR,CA,AWP,WE,Federal Contract Tower,0,11,44,0,55,0,0,13,0,13,0,11,57,0,68,86,0,86,154
08/29/2008,OXR,CA,AWP,WE,Federal Contract Tower,0,17,44,0,61,0,6,57,0,63,0,23,101,0,124,240,0,240,364
08/30/2008,OXR,CA,AWP,WE,Federal Contract Tower,0,10,11,0,21,0,0,46,0,46,0,10,57,0,67,52,0,52,119
08/31/2008,OXR,CA,AWP,WE,Federal Contract Tower,0,4,39,0,43,0,2,9,0,11,0,6,48,0,54,0,0,0,54
09/01/2008,OXR,CA,AWP,WE,Federal Contract Tower,0,6,27,0,33,0,3,32,0,35,0,9,59,0,68,32,0,32,100
09/02/2008,OXR,CA,AWP,WE,Federal Contract Tower,0,14,48,0,62,0,8,31,0,39,0,22,79,0,101,52,0,52,153
09/03/2008,OXR,CA,AWP,WE,Federal Contract Tower,0,17,52,0,69,0,8,67,0,75,0,25,119,0,144,140,0,140,284
09/04/2008,OXR,CA,AWP,WE,Federal Contract Tower,0,18,53,0,71,0,9,43,0,52,0,27,96,0,123,64,0,64,187
09/05/2008,OXR,CA,AWP,WE,Federal Contract Tower,0,17,54,0,71,0,7,58,1,66,0,24,112,1,137,124,0,124,261
09/06/2008,OXR,CA,AWP,WE,Federal Contract Tower,0,7,43,0,50,0,5,26,0,31,0,12,69,0,81,52,0,52,133
09/07/2008,OXR,CA,AWP,WE,Federal Contract Tower,0,8,44,0,52,0,0,4,0,4,0,8,48,0,56,0,0,0,56
09/08/2008,OXR,CA,AWP,WE,Federal Contract Tower,0,15,62,0,77,0,4,16,4,24,0,19,78,4,101,20,0,20,121
09/09/2008,OXR,CA,AWP,WE,Federal Contract Tower,0,25,49,0,74,0,19,30,0,49,0,44,79,0,123,93,0,93,216
09/10/2008,OXR,CA,AWP,WE,Federal Contract Tower,0,13,54,0,67,0,17,33,0,50,0,30,87,0,117,56,0,56,173
09/11/2008,OXR,CA,AWP,WE,Federal Contract Tower,0,19,73,0,92,0,18,29,0,47,0,37,102,0,139,70,0,70,209
09/12/2008,OXR,CA,AWP,WE,Federal Contract Tower,0,22,35,0,57,0,5,26,0,31,0,27,61,0,88,24,0,24,112
09/13/2008,OXR,CA,AWP,WE,Federal Contract Tower,0,4,44,0,48,0,11,25,0,36,0,15,69,0,84,78,0,78,162
09/14/2008,OXR,CA,AWP,WE,Federal Contract Tower,0,11,47,0,58,0,10,24,0,34,0,21,71,0,92,20,0,20,112
09/15/2008,OXR,CA,AWP,WE,Federal Contract Tower,0,25,32,0,57,0,8,54,0,62,0,33,86,0,119,38,0,38,157
09/16/2008,OXR,CA,AWP,WE,Federal Contract Tower,0,18,31,0,49,0,5,50,0,55,0,23,81,0,104,94,0,94,198
09/17/2008,OXR,CA,AWP,WE,Federal Contract Tower,0,27,46,0,73,0,10,58,0,68,0,37,104,0,141,108,0,108,249
09/18/2008,OXR,CA,AWP,WE,Federal Contract Tower,0,17,27,0,44,0,13,62,0,75,0,30,89,0,119,90,0,90,209
09/19/2008,OXR,CA,AWP,WE,Federal Contract Tower,0,15,22,0,37,0,5,78,0,83,0,20,100,0,120,130,0,130,250
09/20/2008,OXR,CA,AWP,WE,Federal Contract Tower,0,7,25,0,32,0,0,77,0,77,0,7,102,0,109,162,0,162,271
09/21/2008,OXR,CA,AWP,WE,Federal Contract Tower,0,11,52,0,63,0,4,71,0,75,0,15,123,0,138,108,0,108,246
09/22/2008,OXR,CA,AWP,WE,Federal Contract Tower,0,13,41,0,54,0,5,29,0,34,0,18,70,0,88,102,0,102,190
09/23/2008,OXR,CA,AWP,WE,Federal Contract Tower,0,16,36,0,52,0,2,31,0,33,0,18,67,0,85,56,0,56,141
09/24/2008,OXR,CA,AWP,WE,Federal Contract Tower,0,10,54,0,64,0,7,54,0,61,0,17,108,0,125,104,0,104,229
09/25/2008,OXR,CA,AWP,WE,Federal Contract Tower,0,13,61,0,74,0,2,29,0,31,0,15,90,0,105,44,0,44,149
09/26/2008,OXR,CA,AWP,WE,Federal Contract Tower,0,11,25,2,38,0,5,64,0,69,0,16,89,2,107,66,0,66,173
09/27/2008,OXR,CA,AWP,WE,Federal Contract Tower,0,12,35,0,47,0,0,0,0,0,0,12,35,0,47,0,0,0,47
09/28/2008,OXR,CA,AWP,WE,Federal Contract Tower,0,13,41,0,54,0,0,0,0,0,0,13,41,0,54,0,0,0,54
09/29/2008,OXR,CA,AWP,WE,Federal Contract Tower,0,11,31,0,42,0,4,36,0,40,0,15,67,0,82,74,0,74,156
09/30/2008,OXR,CA,AWP,WE,Federal Contract Tower,0,13,39,0,52,0,9,51,0,60,0,22,90,0,112,74,0,74,186
10/01/2008,OXR,CA,AWP,WE,Federal Contract Tower,0,17,27,0,44,0,6,49,0,55,0,23,76,0,99,147,0,147,246
10/02/2008,OXR,CA,AWP,WE,Federal Contract Tower,0,10,45,2,57,0,8,74,0,82,0,18,119,2,139,58,0,58,197
10/03/2008,OXR,CA,AWP,WE,Federal Contract Tower,0,24,53,1,78,0,2,16,0,18,0,26,69,1,96,60,0,60,156
10/04/2008,OXR,CA,AWP,WE,Federal Contract Tower,0,10,56,0,66,0,1,6,0,7,0,11,62,0,73,10,0,10,83
10/05/2008,OXR,CA,AWP,WE,Federal Contract Tower,0,10,26,0,36,0,6,58,0,64,0,16,84,0,100,82,0,82,182
10/06/2008,OXR,CA,AWP,WE,Federal Contract Tower,0,8,36,0,44,0,8,30,0,38,0,16,66,0,82,68,0,68,150
10/07/2008,OXR,CA,AWP,WE,Federal Contract Tower,0,7,29,0,36,0,15,44,0,59,0,22,73,0,95,158,0,158,253
10/08/2008,OXR,CA,AWP,WE,Federal Contract Tower,0,10,39,0,49,0,12,52,0,64,0,22,91,0,113,254,0,254,367
10/09/2008,OXR,CA,AWP,WE,Federal Contract Tower,0,11,35,0,46,0,5,50,4,59,0,16,85,4,105,84,0,84,189
10/10/2008,OXR,CA,AWP,WE,Federal Contract Tower,0,14,42,0,56,0,9,40,0,49,0,23,82,0,105,48,0,48,153
10/11/2008,OXR,CA,AWP,WE,Federal Contract Tower,0,5,20,0,25,0,4,30,0,34,0,9,50,0,59,120,0,120,179
10/12/2008,OXR,CA,AWP,WE,Federal Contract Tower,0,9,16,0,25,0,9,66,0,75,0,18,82,0,100,138,0,138,238
10/13/2008,OXR,CA,AWP,WE,Federal Contract Tower,0,10,3,0,13,0,10,9,1,20,0,20,12,1,33,8,0,8,41
10/14/2008,OXR,CA,AWP,WE,Federal Contract Tower,0,7,21,2,30,0,8,26,0,34,0,15,47,2,64,108,0,108,172
10/15/2008,OXR,CA,AWP,WE,Federal Contract Tower,0,14,23,0,37,0,10,60,2,72,0,24,83,2,109,170,0,170,279
10/16/2008,OXR,CA,AWP,WE,Federal Contract Tower,0,16,48,0,64,0,7,75,0,82,0,23,123,0,146,196,0,196,342
10/17/2008,OXR,CA,AWP,WE,Federal Contract Tower,0,14,41,0,55,0,11,66,0,77,0,25,107,0,132,154,0,154,286
10/18/2008,OXR,CA,AWP,WE,Federal Contract Tower,0,6,28,0,34,0,5,57,0,62,0,11,85,0,96,190,0,190,286
10/19/2008,OXR,CA,AWP,WE,Federal Contract Tower,0,8,29,0,37,0,2,43,0,45,0,10,72,0,82,96,0,96,178
10/20/2008,OXR,CA,AWP,WE,Federal Contract Tower,0,14,41,0,55,0,2,24,0,26,0,16,65,0,81,114,0,114,195
10/21/2008,OXR,CA,AWP,WE,Federal Contract Tower,0,16,41,0,57,0,5,56,0,61,0,21,97,0,118,32,0,32,150
10/22/2008,OXR,CA,AWP,WE,Federal Contract Tower,0,8,7,0,15,0,5,35,0,40,0,13,42,0,55,26,0,26,81
10/23/2008,OXR,CA,AWP,WE,Federal Contract Tower,0,9,23,0,32,0,7,47,0,54,0,16,70,0,86,106,0,106,192
10/24/2008,OXR,CA,AWP,WE,Federal Contract Tower,0,15,37,0,52,0,12,67,0,79,0,27,104,0,131,78,0,78,209
10/25/2008,OXR,CA,AWP,WE,Federal Contract Tower,0,6,28,0,34,0,3,48,0,51,0,9,76,0,85,92,0,92,177
10/26/2008,OXR,CA,AWP,WE,Federal Contract Tower,0,8,37,0,45,0,1,56,0,57,0,9,93,0,102,148,0,148,250
10/27/2008,OXR,CA,AWP,WE,Federal Contract Tower,0,20,37,0,57,0,7,38,0,45,0,27,75,0,102,58,0,58,160
10/28/2008,OXR,CA,AWP,WE,Federal Contract Tower,0,19,23,0,42,0,8,53,0,61,0,27,76,0,103,94,0,94,197
10/29/2008,OXR,CA,AWP,WE,Federal Contract Tower,0,7,16,0,23,0,5,59,0,64,0,12,75,0,87,162,0,162,249
10/30/2008,OXR,CA,AWP,WE,Federal Contract Tower,0,14,34,0,48,0,7,59,0,66,0,21,93,0,114,134,0,134,248
10/31/2008,OXR,CA,AWP,WE,Federal Contract Tower,0,9,21,0,30,0,5,46,0,51,0,14,67,0,81,146,0,146,227
11/01/2008,OXR,CA,AWP,WE,Federal Contract Tower,0,4,8,0,12,0,0,20,0,20,0,4,28,0,32,70,0,70,102
11/02/2008,OXR,CA,AWP,WE,Federal Contract Tower,0,6,36,0,42,0,2,26,0,28,0,8,62,0,70,20,0,20,90
11/03/2008,OXR,CA,AWP,WE,Federal Contract Tower,0,9,38,0,47,0,2,32,0,34,0,11,70,0,81,84,0,84,165
11/04/2008,OXR,CA,AWP,WE,Federal Contract Tower,0,7,59,0,66,0,3,29,0,32,0,10,88,0,98,50,0,50,148
11/05/2008,OXR,CA,AWP,WE,Federal Contract Tower,0,21,26,0,47,0,13,44,0,57,0,34,70,0,104,62,0,62,166
11/06/2008,OXR,CA,AWP,WE,Federal Contract Tower,0,14,34,2,50,0,18,39,0,57,0,32,73,2,107,58,0,58,165
11/07/2008,OXR,CA,AWP,WE,Federal Contract Tower,0,9,21,0,30,0,3,39,0,42,0,12,60,0,72,50,1,51,123
11/08/2008,OXR,CA,AWP,WE,Federal Contract Tower,0,3,25,0,28,0,0,88,0,88,0,3,113,0,116,132,0,132,248
11/09/2008,OXR,CA,AWP,WE,Federal Contract Tower,0,7,26,0,33,0,2,13,0,15,0,9,39,0,48,26,0,26,74
11/10/2008,OXR,CA,AWP,WE,Federal Contract Tower,0,7,49,0,56,0,4,43,0,47,0,11,92,0,103,114,0,114,217
11/11/2008,OXR,CA,AWP,WE,Federal Contract Tower,0,18,34,0,52,0,3,47,0,50,0,21,81,0,102,108,0,108,210
11/12/2008,OXR,CA,AWP,WE,Federal Contract Tower,0,13,49,0,62,0,8,42,0,50,0,21,91,0,112,60,0,60,172
11/13/2008,OXR,CA,AWP,WE,Federal Contract Tower,0,16,35,0,51,0,5,56,0,61,0,21,91,0,112,210,0,210,322
11/14/2008,OXR,CA,AWP,WE,Federal Contract Tower,0,15,7,0,22,0,10,17,0,27,0,25,24,0,49,0,0,0,49
11/15/2008,OXR,CA,AWP,WE,Federal Contract Tower,0,5,1,0,6,0,4,15,0,19,0,9,16,0,25,36,0,36,61
11/16/2008,OXR,CA,AWP,WE,Federal Contract Tower,0,9,10,0,19,0,0,35,0,35,0,9,45,0,54,0,40,40,94
11/17/2008,OXR,CA,AWP,WE,Federal Contract Tower,0,10,37,0,47,0,1,41,0,42,0,11,78,0,89,174,0,174,263
11/18/2008,OXR,CA,AWP,WE,Federal Contract Tower,0,17,54,0,71,0,8,52,2,62,0,25,106,2,133,112,0,112,245
11/19/2008,OXR,CA,AWP,WE,Federal Contract Tower,0,16,48,2,66,0,7,55,2,64,0,23,103,4,130,92,0,92,222
11/20/2008,OXR,CA,AWP,WE,Federal Contract Tower,0,31,26,0,57,0,10,61,0,71,0,41,87,0,128,78,0,78,206
11/21/2008,OXR,CA,AWP,WE,Federal Contract Tower,0,10,19,0,29,0,3,55,0,58,0,13,74,0,87,70,0,70,157
11/22/2008,OXR,CA,AWP,WE,Federal Contract Tower,0,4,39,0,43,0,3,51,0,54,0,7,90,0,97,50,0,50,147
11/23/2008,OXR,CA,AWP,WE,Federal Contract Tower,0,6,43,0,49,0,5,13,0,18,0,11,56,0,67,32,0,32,99
11/24/2008,OXR,CA,AWP,WE,Federal Contract Tower,0,11,42,0,53,0,1,46,0,47,0,12,88,0,100,88,0,88,188
11/25/2008,OXR,CA,AWP,WE,Federal Contract Tower,0,11,53,0,64,0,11,58,0,69,0,22,111,0,133,66,0,66,199
11/26/2008,OXR,CA,AWP,WE,Federal Contract Tower,0,9,34,0,43,0,1,9,0,10,0,10,43,0,53,2,0,2,55
11/27/2008,OXR,CA,AWP,WE,Federal Contract Tower,0,4,23,0,27,0,0,17,0,17,0,4,40,0,44,56,0,56,100
11/28/2008,OXR,CA,AWP,WE,Federal Contract Tower,0,5,28,0,33,0,3,27,0,30,0,8,55,0,63,62,0,62,125
11/29/2008,OXR,CA,AWP,WE,Federal Contract Tower,0,2,30,0,32,0,1,44,0,45,0,3,74,0,77,149,0,149,226
11/30/2008,OXR,CA,AWP,WE,Federal Contract Tower,0,5,33,0,38,0,0,35,0,35,0,5,68,0,73,58,0,58,131
12/01/2008,OXR,CA,AWP,WE,Federal Contract Tower,0,8,25,0,33,0,5,31,0,36,0,13,56,0,69,50,0,50,119
12/02/2008,OXR,CA,AWP,WE,Federal Contract Tower,0,12,51,0,63,0,3,5,0,8,0,15,56,0,71,16,0,16,87
12/03/2008,OXR,CA,AWP,WE,Federal Contract Tower,0,13,44,0,57,0,8,34,0,42,0,21,78,0,99,84,0,84,183
12/04/2008,OXR,CA,AWP,WE,Federal Contract Tower,0,12,31,0,43,0,10,19,0,29,0,22,50,0,72,68,0,68,140
12/05/2008,OXR,CA,AWP,WE,Federal Contract Tower,0,10,19,0,29,0,12,33,1,46,0,22,52,1,75,16,0,16,91
12/06/2008,OXR,CA,AWP,WE,Federal Contract Tower,0,4,35,0,39,0,0,96,0,96,0,4,131,0,135,231,0,231,366
12/07/2008,OXR,CA,AWP,WE,Federal Contract Tower,0,5,34,0,39,0,10,42,0,52,0,15,76,0,91,110,0,110,201
12/08/2008,OXR,CA,AWP,WE,Federal Contract Tower,0,16,35,1,52,0,11,29,3,43,0,27,64,4,95,92,0,92,187
12/09/2008,OXR,CA,AWP,WE,Federal Contract Tower,0,7,7,2,16,0,9,24,1,34,0,16,31,3,50,16,0,16,66
12/10/2008,OXR,CA,AWP,WE,Federal Contract Tower,0,8,22,0,30,0,10,34,0,44,0,18,56,0,74,46,0,46,120
12/11/2008,OXR,CA,AWP,WE,Federal Contract Tower,0,10,33,0,43,0,9,72,0,81,0,19,105,0,124,106,0,106,230
12/12/2008,OXR,CA,AWP,WE,Federal Contract Tower,0,14,30,0,44,0,6,59,0,65,0,20,89,0,109,60,0,60,169
12/13/2008,OXR,CA,AWP,WE,Federal Contract Tower,0,4,32,0,36,0,7,12,0,19,0,11,44,0,55,48,0,48,103
12/14/2008,OXR,CA,AWP,WE,Federal Contract Tower,0,5,23,0,28,0,2,51,0,53,0,7,74,0,81,135,0,135,216
12/15/2008,OXR,CA,AWP,WE,Federal Contract Tower,0,19,12,0,31,0,10,2,0,12,0,29,14,0,43,40,0,40,83
12/16/2008,OXR,CA,AWP,WE,Federal Contract Tower,0,11,31,0,42,0,8,34,0,42,0,19,65,0,84,63,0,63,147
12/17/2008,OXR,CA,AWP,WE,Federal Contract Tower,0,10,7,0,17,0,4,3,0,7,0,14,10,0,24,2,0,2,26
12/18/2008,OXR,CA,AWP,WE,Federal Contract Tower,0,12,38,0,50,0,14,42,0,56,0,26,80,0,106,96,0,96,202
12/19/2008,OXR,CA,AWP,WE,Federal Contract Tower,0,12,16,0,28,0,4,56,0,60,0,16,72,0,88,100,0,100,188
12/20/2008,OXR,CA,AWP,WE,Federal Contract Tower,0,4,20,0,24,0,5,39,0,44,0,9,59,0,68,68,0,68,136
12/21/2008,OXR,CA,AWP,WE,Federal Contract Tower,0,6,23,0,29,0,1,52,0,53,0,7,75,0,82,127,0,127,209
12/22/2008,OXR,CA,AWP,WE,Federal Contract Tower,0,21,13,0,34,1,24,0,0,25,1,45,13,0,59,52,0,52,111
12/23/2008,OXR,CA,AWP,WE,Federal Contract Tower,0,10,25,2,37,0,2,57,0,59,0,12,82,2,96,110,0,110,206
12/24/2008,OXR,CA,AWP,WE,Federal Contract Tower,0,10,9,0,19,0,4,3,0,7,0,14,12,0,26,12,0,12,38
12/25/2008,OXR,CA,AWP,WE,Federal Contract Tower,0,3,1,0,4,0,0,1,0,1,0,3,2,0,5,0,0,0,5
12/26/2008,OXR,CA,AWP,WE,Federal Contract Tower,0,9,24,0,33,0,12,55,0,67,0,21,79,0,100,60,0,60,160
12/27/2008,OXR,CA,AWP,WE,Federal Contract Tower,0,2,23,0,25,0,4,51,0,55,0,6,74,0,80,114,0,114,194
12/28/2008,OXR,CA,AWP,WE,Federal Contract Tower,0,6,25,0,31,0,1,67,0,68,0,7,92,0,99,136,0,136,235
12/29/2008,OXR,CA,AWP,WE,Federal Contract Tower,0,5,14,0,19,0,1,51,0,52,0,6,65,0,71,132,0,132,203
12/30/2008,OXR,CA,AWP,WE,Federal Contract Tower,0,12,27,0,39,0,0,70,0,70,0,12,97,0,109,210,0,210,319
12/31/2008,OXR,CA,AWP,WE,Federal Contract Tower,0,14,36,0,50,0,2,11,0,13,0,16,47,0,63,7,0,7,70
01/01/2009,OXR,CA,AWP,WE,Federal Contract Tower,0,4,7,0,11,0,0,17,0,17,0,4,24,0,28,44,0,44,72
01/02/2009,OXR,CA,AWP,WE,Federal Contract Tower,0,16,41,0,57,0,3,18,0,21,0,19,59,0,78,43,0,43,121
01/03/2009,OXR,CA,AWP,WE,Federal Contract Tower,0,5,32,2,39,0,0,19,0,19,0,5,51,2,58,48,0,48,106
01/04/2009,OXR,CA,AWP,WE,Federal Contract Tower,0,7,13,0,20,0,3,40,0,43,0,10,53,0,63,69,0,69,132
01/05/2009,OXR,CA,AWP,WE,Federal Contract Tower,0,16,18,0,34,0,4,33,0,37,0,20,51,0,71,38,0,38,109
01/06/2009,OXR,CA,AWP,WE,Federal Contract Tower,0,11,27,0,38,0,3,41,0,44,0,14,68,0,82,66,0,66,148
01/07/2009,OXR,CA,AWP,WE,Federal Contract Tower,0,7,33,2,42,0,11,57,0,68,0,18,90,2,110,58,0,58,168
01/08/2009,OXR,CA,AWP,WE,Federal Contract Tower,0,33,65,0,98,0,2,5,0,7,0,35,70,0,105,0,0,0,105
01/09/2009,OXR,CA,AWP,WE,Federal Contract Tower,0,15,10,0,25,0,5,20,0,25,0,20,30,0,50,56,0,56,106
01/10/2009,OXR,CA,AWP,WE,Federal Contract Tower,0,3,5,0,8,0,0,28,0,28,0,3,33,0,36,53,0,53,89
01/11/2009,OXR,CA,AWP,WE,Federal Contract Tower,0,5,23,0,28,0,1,45,0,46,0,6,68,0,74,148,0,148,222
01/12/2009,OXR,CA,AWP,WE,Federal Contract Tower,0,9,5,0,14,0,6,24,0,30,0,15,29,0,44,38,0,38,82
01/13/2009,OXR,CA,AWP,WE,Federal Contract Tower,0,5,14,0,19,0,1,30,0,31,0,6,44,0,50,50,0,50,100
01/14/2009,OXR,CA,AWP,WE,Federal Contract Tower,0,11,38,0,49,0,7,45,0,52,0,18,83,0,101,85,0,85,186
01/15/2009,OXR,CA,AWP,WE,Federal Contract Tower,0,9,17,0,26,0,10,24,0,34,0,19,41,0,60,50,0,50,110
01/16/2009,OXR,CA,AWP,WE,Federal Contract Tower,0,13,15,0,28,0,17,37,0,54,0,30,52,0,82,136,0,136,218
01/17/2009,OXR,CA,AWP,WE,Federal Contract Tower,0,3,12,0,15,0,0,70,0,70,0,3,82,0,85,220,0,220,305
01/18/2009,OXR,CA,AWP,WE,Federal Contract Tower,0,3,10,0,13,0,4,19,0,23,0,7,29,0,36,58,0,58,94
01/19/2009,OXR,CA,AWP,WE,Federal Contract Tower,0,10,9,0,19,0,2,61,0,63,0,12,70,0,82,156,0,156,238
01/20/2009,OXR,CA,AWP,WE,Federal Contract Tower,0,5,30,0,35,0,7,61,0,68,0,12,91,0,103,187,0,187,290
01/21/2009,OXR,CA,AWP,WE,Federal Contract Tower,0,9,26,0,35,0,5,41,0,46,0,14,67,0,81,77,0,77,158
01/22/2009,OXR,CA,AWP,WE,Federal Contract Tower,0,9,31,2,42,0,2,12,0,14,0,11,43,2,56,32,0,32,88
01/23/2009,OXR,CA,AWP,WE,Federal Contract Tower,0,10,26,0,36,0,9,5,0,14,0,19,31,0,50,31,0,31,81
01/24/2009,OXR,CA,AWP,WE,Federal Contract Tower,0,6,72,0,78,0,2,7,0,9,0,8,79,0,87,9,0,9,96
01/25/2009,OXR,CA,AWP,WE,Federal Contract Tower,0,8,29,0,37,0,0,40,0,40,0,8,69,0,77,186,0,186,263
01/26/2009,OXR,CA,AWP,WE,Federal Contract Tower,0,7,36,0,43,0,3,34,0,37,0,10,70,0,80,56,0,56,136
01/27/2009,OXR,CA,AWP,WE,Federal Contract Tower,0,11,16,0,27,0,11,48,0,59,0,22,64,0,86,50,0,50,136
01/28/2009,OXR,CA,AWP,WE,Federal Contract Tower,0,7,44,0,51,0,9,65,0,74,0,16,109,0,125,140,0,140,265
01/29/2009,OXR,CA,AWP,WE,Federal Contract Tower,0,11,11,0,22,0,3,28,0,31,0,14,39,0,53,51,0,51,104
01/30/2009,OXR,CA,AWP,WE,Federal Contract Tower,0,10,17,0,27,0,1,38,0,39,0,11,55,0,66,52,0,52,118
01/31/2009,OXR,CA,AWP,WE,Federal Contract Tower,0,5,53,0,58,0,5,66,0,71,0,10,119,0,129,204,0,204,333
02/01/2009,OXR,CA,AWP,WE,Federal Contract Tower,0,0,0,0,0,0,0,0,0,0,0,0,0,0,0,0,0,0,0
02/02/2009,OXR,CA,AWP,WE,Federal Contract Tower,0,12,20,0,32,0,1,54,0,55,0,13,74,0,87,94,0,94,181
02/03/2009,OXR,CA,AWP,WE,Federal Contract Tower,0,5,28,0,33,0,1,60,0,61,0,6,88,0,94,10,0,10,104
02/04/2009,OXR,CA,AWP,WE,Federal Contract Tower,0,8,23,0,31,0,3,38,0,41,0,11,61,0,72,86,0,86,158
02/05/2009,OXR,CA,AWP,WE,Federal Contract Tower,0,16,25,0,41,0,3,7,0,10,0,19,32,0,51,0,0,0,51
02/06/2009,OXR,CA,AWP,WE,Federal Contract Tower,0,10,32,0,42,0,0,0,0,0,0,10,32,0,42,0,0,0,42
02/07/2009,OXR,CA,AWP,WE,Federal Contract Tower,0,3,21,0,24,0,0,27,0,27,0,3,48,0,51,50,0,50,101
02/08/2009,OXR,CA,AWP,WE,Federal Contract Tower,0,8,34,0,42,0,1,30,0,31,0,9,64,0,73,144,0,144,217
02/09/2009,OXR,CA,AWP,WE,Federal Contract Tower,0,9,9,0,18,0,0,3,0,3,0,9,12,0,21,0,0,0,21
02/10/2009,OXR,CA,AWP,WE,Federal Contract Tower,0,13,51,1,65,0,9,66,0,75,0,22,117,1,140,134,0,134,274
02/11/2009,OXR,CA,AWP,WE,Federal Contract Tower,0,9,47,0,56,0,5,44,0,49,0,14,91,0,105,62,0,62,167
02/12/2009,OXR,CA,AWP,WE,Federal Contract Tower,0,11,38,4,53,0,11,22,0,33,0,22,60,4,86,70,0,70,156
02/13/2009,OXR,CA,AWP,WE,Federal Contract Tower,0,5,31,0,36,0,1,12,0,13,0,6,43,0,49,22,0,22,71
02/14/2009,OXR,CA,AWP,WE,Federal Contract Tower,0,10,24,0,34,0,5,61,0,66,0,15,85,0,100,175,0,175,275
02/15/2009,OXR,CA,AWP,WE,Federal Contract Tower,0,6,19,0,25,0,0,19,0,19,0,6,38,0,44,74,0,74,118
02/16/2009,OXR,CA,AWP,WE,Federal Contract Tower,0,9,3,0,12,0,0,3,0,3,0,9,6,0,15,22,0,22,37
02/17/2009,OXR,CA,AWP,WE,Federal Contract Tower,0,9,27,0,36,0,6,5,2,13,0,15,32,2,49,66,0,66,115
02/18/2009,OXR,CA,AWP,WE,Federal Contract Tower,0,15,41,0,56,0,10,63,0,73,0,25,104,0,129,144,0,144,273
02/19/2009,OXR,CA,AWP,WE,Federal Contract Tower,0,7,29,0,36,0,5,45,0,50,0,12,74,0,86,72,0,72,158
02/20/2009,OXR,CA,AWP,WE,Federal Contract Tower,0,10,24,0,34,0,9,49,0,58,0,19,73,0,92,100,0,100,192
02/21/2009,OXR,CA,AWP,WE,Federal Contract Tower,0,6,45,0,51,0,8,92,0,100,0,14,137,0,151,159,0,159,310
02/22/2009,OXR,CA,AWP,WE,Federal Contract Tower,0,11,28,0,39,0,0,34,0,34,0,11,62,0,73,86,0,86,159
02/23/2009,OXR,CA,AWP,WE,Federal Contract Tower,0,11,21,0,32,0,25,27,0,52,0,36,48,0,84,172,0,172,256
02/24/2009,OXR,CA,AWP,WE,Federal Contract Tower,0,6,27,1,34,0,1,49,0,50,0,7,76,1,84,84,0,84,168
02/25/2009,OXR,CA,AWP,WE,Federal Contract Tower,0,9,41,0,50,0,13,32,0,45,0,22,73,0,95,83,0,83,178
02/26/2009,OXR,CA,AWP,WE,Federal Contract Tower,0,13,50,0,63,0,11,52,0,63,0,24,102,0,126,168,0,168,294
02/27/2009,OXR,CA,AWP,WE,Federal Contract Tower,0,12,46,0,58,0,0,43,2,45,0,12,89,2,103,102,0,102,205
02/28/2009,OXR,CA,AWP,WE,Federal Contract Tower,0,3,46,0,49,0,0,67,0,67,0,3,113,0,116,120,0,120,236
03/01/2009,OXR,CA,AWP,WE,Federal Contract Tower,0,8,32,0,40,0,0,74,0,74,0,8,106,0,114,128,0,128,242
03/02/2009,OXR,CA,AWP,WE,Federal Contract Tower,0,9,15,0,24,0,11,26,0,37,0,20,41,0,61,82,0,82,143
03/03/2009,OXR,CA,AWP,WE,Federal Contract Tower,0,10,20,0,30,0,12,33,0,45,0,22,53,0,75,56,0,56,131
03/04/2009,OXR,CA,AWP,WE,Federal Contract Tower,0,11,46,0,57,0,3,3,0,6,0,14,49,0,63,56,0,56,119
03/05/2009,OXR,CA,AWP,WE,Federal Contract Tower,0,12,35,0,47,0,9,44,0,53,0,21,79,0,100,82,0,82,182
03/06/2009,OXR,CA,AWP,WE,Federal Contract Tower,0,14,45,0,59,0,9,26,0,35,0,23,71,0,94,91,0,91,185
03/07/2009,OXR,CA,AWP,WE,Federal Contract Tower,0,3,23,0,26,0,0,74,0,74,0,3,97,0,100,222,0,222,322
03/08/2009,OXR,CA,AWP,WE,Federal Contract Tower,0,6,27,0,33,0,0,49,0,49,0,6,76,0,82,181,0,181,263
03/09/2009,OXR,CA,AWP,WE,Federal Contract Tower,0,10,28,0,38,0,2,29,0,31,0,12,57,0,69,60,0,60,129
03/10/2009,OXR,CA,AWP,WE,Federal Contract Tower,0,5,40,0,45,0,4,64,0,68,0,9,104,0,113,106,0,106,219
03/11/2009,OXR,CA,AWP,WE,Federal Contract Tower,0,7,51,0,58,0,8,51,0,59,0,15,102,0,117,149,0,149,266
03/12/2009,OXR,CA,AWP,WE,Federal Contract Tower,0,6,14,0,20,0,2,44,0,46,0,8,58,0,66,164,0,164,230
03/13/2009,OXR,CA,AWP,WE,Federal Contract Tower,0,13,39,0,52,0,9,64,0,73,0,22,103,0,125,100,0,100,225
03/14/2009,OXR,CA,AWP,WE,Federal Contract Tower,0,12,51,0,63,0,1,29,0,30,0,13,80,0,93,112,0,112,205
03/15/2009,OXR,CA,AWP,WE,Federal Contract Tower,0,8,33,0,41,0,4,55,0,59,0,12,88,0,100,106,0,106,206
03/16/2009,OXR,CA,AWP,WE,Federal Contract Tower,0,8,29,0,37,0,6,54,6,66,0,14,83,6,103,58,0,58,161
03/17/2009,OXR,CA,AWP,WE,Federal Contract Tower,0,7,32,0,39,0,6,58,0,64,0,13,90,0,103,174,0,174,277
03/18/2009,OXR,CA,AWP,WE,Federal Contract Tower,0,13,12,0,25,0,8,43,0,51,0,21,55,0,76,92,0,92,168
03/19/2009,OXR,CA,AWP,WE,Federal Contract Tower,0,18,33,0,51,0,7,18,0,25,0,25,51,0,76,2,0,2,78
03/20/2009,OXR,CA,AWP,WE,Federal Contract Tower,0,24,41,0,65,0,5,8,0,13,0,29,49,0,78,10,0,10,88
03/21/2009,OXR,CA,AWP,WE,Federal Contract Tower,0,4,72,0,76,0,1,20,0,21,0,5,92,0,97,68,0,68,165
03/22/2009,OXR,CA,AWP,WE,Federal Contract Tower,0,6,16,0,22,0,0,5,0,5,0,6,21,0,27,24,0,24,51
03/23/2009,OXR,CA,AWP,WE,Federal Contract Tower,0,10,12,0,22,0,6,33,0,39,0,16,45,0,61,58,0,58,119
03/24/2009,OXR,CA,AWP,WE,Federal Contract Tower,0,7,28,0,35,0,4,61,0,65,0,11,89,0,100,130,0,130,230
03/25/2009,OXR,CA,AWP,WE,Federal Contract Tower,0,12,37,0,49,0,6,72,0,78,0,18,109,0,127,91,0,91,218
03/26/2009,OXR,CA,AWP,WE,Federal Contract Tower,0,7,21,0,28,0,11,64,0,75,0,18,85,0,103,145,0,145,248
03/27/2009,OXR,CA,AWP,WE,Federal Contract Tower,0,12,31,0,43,0,17,47,3,67,0,29,78,3,110,24,0,24,134
03/28/2009,OXR,CA,AWP,WE,Federal Contract Tower,0,5,23,0,28,0,3,69,0,72,0,8,92,0,100,146,0,146,246
03/29/2009,OXR,CA,AWP,WE,Federal Contract Tower,0,7,31,0,38,0,0,36,0,36,0,7,67,0,74,101,0,101,175
03/30/2009,OXR,CA,AWP,WE,Federal Contract Tower,0,13,21,0,34,0,3,37,0,40,0,16,58,0,74,50,0,50,124
03/31/2009,OXR,CA,AWP,WE,Federal Contract Tower,0,10,40,0,50,0,4,55,0,59,0,14,95,0,109,173,0,173,282
04/01/2009,OXR,CA,AWP,WE,Federal Contract Tower,0,12,45,0,57,0,6,42,2,50,0,18,87,2,107,78,10,88,195
04/02/2009,OXR,CA,AWP,WE,Federal Contract Tower,0,18,46,0,64,0,5,5,0,10,0,23,51,0,74,11,0,11,85
04/03/2009,OXR,CA,AWP,WE,Federal Contract Tower,0,14,29,0,43,0,15,31,11,57,0,29,60,11,100,80,0,80,180
04/04/2009,OXR,CA,AWP,WE,Federal Contract Tower,0,5,14,0,19,0,3,70,0,73,0,8,84,0,92,192,0,192,284
04/05/2009,OXR,CA,AWP,WE,Federal Contract Tower,0,8,11,0,19,0,1,42,0,43,0,9,53,0,62,80,0,80,142
04/06/2009,OXR,CA,AWP,WE,Federal Contract Tower,0,15,30,0,45,0,15,61,0,76,0,30,91,0,121,106,0,106,227
04/07/2009,OXR,CA,AWP,WE,Federal Contract Tower,0,8,30,0,38,0,2,12,0,14,0,10,42,0,52,77,0,77,129
04/08/2009,OXR,CA,AWP,WE,Federal Contract Tower,0,10,27,0,37,0,6,16,0,22,0,16,43,0,59,24,0,24,83
04/09/2009,OXR,CA,AWP,WE,Federal Contract Tower,0,6,26,0,32,0,6,33,0,39,0,12,59,0,71,88,0,88,159
04/10/2009,OXR,CA,AWP,WE,Federal Contract Tower,0,9,41,0,50,0,6,29,0,35,0,15,70,0,85,28,0,28,113
04/11/2009,OXR,CA,AWP,WE,Federal Contract Tower,0,4,40,0,44,0,3,67,0,70,0,7,107,0,114,90,0,90,204
04/12/2009,OXR,CA,AWP,WE,Federal Contract Tower,0,6,25,0,31,0,1,42,0,43,0,7,67,0,74,82,0,82,156
04/13/2009,OXR,CA,AWP,WE,Federal Contract Tower,0,12,20,0,32,0,2,53,0,55,0,14,73,0,87,80,0,80,167
04/14/2009,OXR,CA,AWP,WE,Federal Contract Tower,0,10,22,0,32,0,9,20,0,29,0,19,42,0,61,39,0,39,100
04/15/2009,OXR,CA,AWP,WE,Federal Contract Tower,0,15,15,0,30,0,11,14,0,25,0,26,29,0,55,33,0,33,88
04/16/2009,OXR,CA,AWP,WE,Federal Contract Tower,0,14,43,0,57,0,6,54,0,60,0,20,97,0,117,47,0,47,164
04/17/2009,OXR,CA,AWP,WE,Federal Contract Tower,0,11,31,0,42,0,2,67,0,69,0,13,98,0,111,175,0,175,286
04/18/2009,OXR,CA,AWP,WE,Federal Contract Tower,0,6,38,0,44,0,2,74,0,76,0,8,112,0,120,210,0,210,330
04/19/2009,OXR,CA,AWP,WE,Federal Contract Tower,0,6,32,0,38,0,1,59,0,60,0,7,91,0,98,96,0,96,194
04/20/2009,OXR,CA,AWP,WE,Federal Contract Tower,0,9,30,0,39,0,14,57,0,71,0,23,87,0,110,138,0,138,248
04/21/2009,OXR,CA,AWP,WE,Federal Contract Tower,0,7,17,0,24,0,9,65,0,74,0,16,82,0,98,149,0,149,247
04/22/2009,OXR,CA,AWP,WE,Federal Contract Tower,0,12,49,0,61,0,0,8,0,8,0,12,57,0,69,2,0,2,71
04/23/2009,OXR,CA,AWP,WE,Federal Contract Tower,0,20,61,1,82,0,2,11,0,13,0,22,72,1,95,14,0,14,109
04/24/2009,OXR,CA,AWP,WE,Federal Contract Tower,0,13,35,0,48,0,6,23,0,29,0,19,58,0,77,106,0,106,183
04/25/2009,OXR,CA,AWP,WE,Federal Contract Tower,0,5,32,0,37,0,7,56,0,63,0,12,88,0,100,135,0,135,235
04/26/2009,OXR,CA,AWP,WE,Federal Contract Tower,0,6,28,0,34,0,1,54,0,55,0,7,82,0,89,132,0,132,221
04/27/2009,OXR,CA,AWP,WE,Federal Contract Tower,0,14,26,0,40,0,14,73,0,87,0,28,99,0,127,20,0,20,147
04/28/2009,OXR,CA,AWP,WE,Federal Contract Tower,0,9,18,0,27,0,14,46,0,60,0,23,64,0,87,90,0,90,177
04/29/2009,OXR,CA,AWP,WE,Federal Contract Tower,0,13,50,0,63,0,3,51,0,54,0,16,101,0,117,73,0,73,190
04/30/2009,OXR,CA,AWP,WE,Federal Contract Tower,0,8,19,1,28,0,10,107,1,118,0,18,126,2,146,95,0,95,241
05/01/2009,OXR,CA,AWP,WE,Federal Contract Tower,0,8,37,0,45,0,8,41,0,49,0,16,78,0,94,84,0,84,178
05/02/2009,OXR,CA,AWP,WE,Federal Contract Tower,0,7,32,0,39,0,2,16,0,18,0,9,48,0,57,60,0,60,117
05/03/2009,OXR,CA,AWP,WE,Federal Contract Tower,0,4,28,0,32,0,3,55,0,58,0,7,83,0,90,136,0,136,226
05/04/2009,OXR,CA,AWP,WE,Federal Contract Tower,0,11,31,0,42,0,15,31,0,46,0,26,62,0,88,60,0,60,148
05/05/2009,OXR,CA,AWP,WE,Federal Contract Tower,0,6,23,0,29,0,13,58,0,71,0,19,81,0,100,34,0,34,134
05/06/2009,OXR,CA,AWP,WE,Federal Contract Tower,0,6,27,0,33,0,5,54,0,59,0,11,81,0,92,78,0,78,170
05/07/2009,OXR,CA,AWP,WE,Federal Contract Tower,0,12,38,0,50,0,8,45,0,53,0,20,83,0,103,88,0,88,191
05/08/2009,OXR,CA,AWP,WE,Federal Contract Tower,0,8,47,0,55,0,24,52,0,76,0,32,99,0,131,72,0,72,203
05/09/2009,OXR,CA,AWP,WE,Federal Contract Tower,0,5,50,0,55,0,4,21,0,25,0,9,71,0,80,72,0,72,152
05/10/2009,OXR,CA,AWP,WE,Federal Contract Tower,0,11,44,0,55,0,1,15,0,16,0,12,59,0,71,2,0,2,73
05/11/2009,OXR,CA,AWP,WE,Federal Contract Tower,0,10,45,0,55,0,6,15,0,21,0,16,60,0,76,0,0,0,76
05/12/2009,OXR,CA,AWP,WE,Federal Contract Tower,0,7,41,0,48,0,7,32,0,39,0,14,73,0,87,66,0,66,153
05/13/2009,OXR,CA,AWP,WE,Federal Contract Tower,0,6,19,0,25,0,5,36,0,41,0,11,55,0,66,55,0,55,121
05/14/2009,OXR,CA,AWP,WE,Federal Contract Tower,0,8,32,0,40,0,9,51,4,64,0,17,83,4,104,135,0,135,239
05/15/2009,OXR,CA,AWP,WE,Federal Contract Tower,0,9,42,0,51,0,13,41,1,55,0,22,83,1,106,82,0,82,188
05/16/2009,OXR,CA,AWP,WE,Federal Contract Tower,0,6,35,0,41,0,1,0,0,1,0,7,35,0,42,0,0,0,42
05/17/2009,OXR,CA,AWP,WE,Federal Contract Tower,0,7,47,0,54,0,0,13,0,13,0,7,60,0,67,8,0,8,75
05/18/2009,OXR,CA,AWP,WE,Federal Contract Tower,0,19,63,0,82,0,0,0,0,0,0,19,63,0,82,0,0,0,82
05/19/2009,OXR,CA,AWP,WE,Federal Contract Tower,0,16,61,0,77,0,0,0,0,0,0,16,61,0,77,8,0,8,85
05/20/2009,OXR,CA,AWP,WE,Federal Contract Tower,0,10,61,0,71,0,8,20,0,28,0,18,81,0,99,35,0,35,134
05/21/2009,OXR,CA,AWP,WE,Federal Contract Tower,0,13,43,0,56,0,8,60,0,68,0,21,103,0,124,108,0,108,232
05/22/2009,OXR,CA,AWP,WE,Federal Contract Tower,0,14,62,0,76,0,1,37,0,38,0,15,99,0,114,71,0,71,185
05/23/2009,OXR,CA,AWP,WE,Federal Contract Tower,0,4,65,0,69,0,2,30,0,32,0,6,95,0,101,134,0,134,235
05/24/2009,OXR,CA,AWP,WE,Federal Contract Tower,0,7,31,0,38,0,2,18,0,20,0,9,49,0,58,60,0,60,118
05/25/2009,OXR,CA,AWP,WE,Federal Contract Tower,0,6,38,0,44,0,3,52,0,55,0,9,90,0,99,150,0,150,249
05/26/2009,OXR,CA,AWP,WE,Federal Contract Tower,0,9,56,0,65,0,8,29,0,37,0,17,85,0,102,41,0,41,143
05/27/2009,OXR,CA,AWP,WE,Federal Contract Tower,0,9,37,0,46,0,10,16,0,26,0,19,53,0,72,53,0,53,125
05/28/2009,OXR,CA,AWP,WE,Federal Contract Tower,0,7,76,0,83,0,6,8,0,14,0,13,84,0,97,0,0,0,97
05/29/2009,OXR,CA,AWP,WE,Federal Contract Tower,0,13,69,0,82,0,7,7,0,14,0,20,76,0,96,0,0,0,96
05/30/2009,OXR,CA,AWP,WE,Federal Contract Tower,0,4,40,0,44,0,1,15,0,16,0,5,55,0,60,38,0,38,98
05/31/2009,OXR,CA,AWP,WE,Federal Contract Tower,0,10,53,0,63,0,0,24,0,24,0,10,77,0,87,36,0,36,123
06/01/2009,OXR,CA,AWP,WE,Federal Contract Tower,0,16,41,0,57,0,5,25,0,30,0,21,66,0,87,6,0,6,93
06/02/2009,OXR,CA,AWP,WE,Federal Contract Tower,0,13,43,2,58,0,5,37,0,42,0,18,80,2,100,70,0,70,170
06/03/2009,OXR,CA,AWP,WE,Federal Contract Tower,0,16,46,0,62,0,14,14,0,28,0,30,60,0,90,78,0,78,168
06/04/2009,OXR,CA,AWP,WE,Federal Contract Tower,0,9,46,0,55,0,8,71,0,79,0,17,117,0,134,107,0,107,241
06/05/2009,OXR,CA,AWP,WE,Federal Contract Tower,0,13,36,1,50,0,2,24,0,26,0,15,60,1,76,72,0,72,148
06/06/2009,OXR,CA,AWP,WE,Federal Contract Tower,0,6,47,0,53,0,2,40,0,42,0,8,87,0,95,33,0,33,128
06/07/2009,OXR,CA,AWP,WE,Federal Contract Tower,0,8,24,0,32,0,2,49,0,51,0,10,73,0,83,136,0,136,219
06/08/2009,OXR,CA,AWP,WE,Federal Contract Tower,0,9,47,0,56,0,8,37,0,45,0,17,84,0,101,80,0,80,181
06/09/2009,OXR,CA,AWP,WE,Federal Contract Tower,0,10,44,2,56,0,10,18,0,28,0,20,62,2,84,76,0,76,160
06/10/2009,OXR,CA,AWP,WE,Federal Contract Tower,0,8,34,0,42,0,6,34,0,40,0,14,68,0,82,88,0,88,170
06/11/2009,OXR,CA,AWP,WE,Federal Contract Tower,0,8,49,0,57,0,1,34,0,35,0,9,83,0,92,72,0,72,164
06/12/2009,OXR,CA,AWP,WE,Federal Contract Tower,0,12,35,0,47,0,10,37,0,47,0,22,72,0,94,83,0,83,177
06/13/2009,OXR,CA,AWP,WE,Federal Contract Tower,0,4,45,0,49,0,6,50,0,56,0,10,95,0,105,172,0,172,277
06/14/2009,OXR,CA,AWP,WE,Federal Contract Tower,0,5,25,0,30,0,13,66,0,79,0,18,91,0,109,168,0,168,277
06/15/2009,OXR,CA,AWP,WE,Federal Contract Tower,0,24,19,0,43,0,6,41,0,47,0,30,60,0,90,46,0,46,136
06/16/2009,OXR,CA,AWP,WE,Federal Contract Tower,0,14,32,1,47,0,12,41,1,54,0,26,73,2,101,88,8,96,197
06/17/2009,OXR,CA,AWP,WE,Federal Contract Tower,0,12,49,0,61,0,6,33,0,39,0,18,82,0,100,50,0,50,150
06/18/2009,OXR,CA,AWP,WE,Federal Contract Tower,0,14,57,0,71,0,8,52,0,60,0,22,109,0,131,63,0,63,194
06/19/2009,OXR,CA,AWP,WE,Federal Contract Tower,0,19,64,0,83,0,1,4,0,5,0,20,68,0,88,0,0,0,88
06/20/2009,OXR,CA,AWP,WE,Federal Contract Tower,0,7,44,0,51,0,1,13,0,14,0,8,57,0,65,52,0,52,117
06/21/2009,OXR,CA,AWP,WE,Federal Contract Tower,0,5,29,1,35,0,3,36,1,40,0,8,65,2,75,58,0,58,133
06/22/2009,OXR,CA,AWP,WE,Federal Contract Tower,0,9,44,0,53,0,7,43,0,50,0,16,87,0,103,66,0,66,169
06/23/2009,OXR,CA,AWP,WE,Federal Contract Tower,0,9,33,0,42,0,9,47,0,56,0,18,80,0,98,109,0,109,207
06/24/2009,OXR,CA,AWP,WE,Federal Contract Tower,0,10,44,0,54,0,13,43,0,56,0,23,87,0,110,115,0,115,225
06/25/2009,OXR,CA,AWP,WE,Federal Contract Tower,0,10,67,0,77,0,10,24,0,34,0,20,91,0,111,30,0,30,141
06/26/2009,OXR,CA,AWP,WE,Federal Contract Tower,0,15,64,0,79,0,16,21,0,37,0,31,85,0,116,16,0,16,132
06/27/2009,OXR,CA,AWP,WE,Federal Contract Tower,0,5,21,0,26,0,2,32,0,34,0,7,53,0,60,80,0,80,140
06/28/2009,OXR,CA,AWP,WE,Federal Contract Tower,0,9,54,0,63,0,4,25,0,29,0,13,79,0,92,70,0,70,162
06/29/2009,OXR,CA,AWP,WE,Federal Contract Tower,0,14,34,0,48,0,3,14,0,17,0,17,48,0,65,0,0,0,65
06/30/2009,OXR,CA,AWP,WE,Federal Contract Tower,0,11,54,0,65,0,2,39,0,41,0,13,93,0,106,26,0,26,132
07/01/2009,OXR,CA,AWP,WE,Federal Contract Tower,0,15,43,1,59,0,4,68,0,72,0,19,111,1,131,166,0,166,297
07/02/2009,OXR,CA,AWP,WE,Federal Contract Tower,0,12,49,0,61,0,0,38,0,38,0,12,87,0,99,23,0,23,122
07/03/2009,OXR,CA,AWP,WE,Federal Contract Tower,0,5,53,0,58,0,2,61,0,63,0,7,114,0,121,100,0,100,221
07/04/2009,OXR,CA,AWP,WE,Federal Contract Tower,0,4,37,0,41,0,6,44,0,50,0,10,81,0,91,46,0,46,137
07/05/2009,OXR,CA,AWP,WE,Federal Contract Tower,0,7,34,0,41,0,3,74,0,77,0,10,108,0,118,82,0,82,200
07/06/2009,OXR,CA,AWP,WE,Federal Contract Tower,0,10,50,2,62,0,5,54,0,59,0,15,104,2,121,118,0,118,239
07/07/2009,OXR,CA,AWP,WE,Federal Contract Tower,0,10,22,0,32,0,6,34,0,40,0,16,56,0,72,94,0,94,166
07/08/2009,OXR,CA,AWP,WE,Federal Contract Tower,0,15,28,0,43,0,8,41,1,50,0,23,69,1,93,112,0,112,205
07/09/2009,OXR,CA,AWP,WE,Federal Contract Tower,0,12,18,0,30,0,4,47,3,54,0,16,65,3,84,62,0,62,146
07/10/2009,OXR,CA,AWP,WE,Federal Contract Tower,0,9,34,0,43,0,4,55,0,59,0,13,89,0,102,108,0,108,210
07/11/2009,OXR,CA,AWP,WE,Federal Contract Tower,0,3,25,0,28,0,4,47,0,51,0,7,72,0,79,174,0,174,253
07/12/2009,OXR,CA,AWP,WE,Federal Contract Tower,0,5,19,0,24,0,3,68,0,71,0,8,87,0,95,196,0,196,291
07/13/2009,OXR,CA,AWP,WE,Federal Contract Tower,0,11,17,0,28,0,3,62,2,67,0,14,79,2,95,144,2,146,241
07/14/2009,OXR,CA,AWP,WE,Federal Contract Tower,0,12,39,0,51,0,0,40,0,40,0,12,79,0,91,91,0,91,182
07/15/2009,OXR,CA,AWP,WE,Federal Contract Tower,0,14,52,1,67,0,3,27,1,31,0,17,79,2,98,32,0,32,130
07/16/2009,OXR,CA,AWP,WE,Federal Contract Tower,0,14,35,2,51,0,2,36,0,38,0,16,71,2,89,54,0,54,143
07/17/2009,OXR,CA,AWP,WE,Federal Contract Tower,0,14,43,0,57,0,5,36,0,41,0,19,79,0,98,22,0,22,120
07/18/2009,OXR,CA,AWP,WE,Federal Contract Tower,0,4,17,0,21,0,5,52,0,57,0,9,69,0,78,147,0,147,225
07/19/2009,OXR,CA,AWP,WE,Federal Contract Tower,0,6,13,0,19,0,9,55,0,64,0,15,68,0,83,168,0,168,251
07/20/2009,OXR,CA,AWP,WE,Federal Contract Tower,0,11,21,0,32,0,5,47,0,52,0,16,68,0,84,138,0,138,222
07/21/2009,OXR,CA,AWP,WE,Federal Contract Tower,0,9,42,0,51,0,9,54,0,63,0,18,96,0,114,132,0,132,246
07/22/2009,OXR,CA,AWP,WE,Federal Contract Tower,0,10,34,0,44,0,4,55,0,59,0,14,89,0,103,162,0,162,265
07/23/2009,OXR,CA,AWP,WE,Federal Contract Tower,0,9,56,0,65,0,2,53,0,55,0,11,109,0,120,93,0,93,213
07/24/2009,OXR,CA,AWP,WE,Federal Contract Tower,0,12,50,0,62,0,2,31,0,33,0,14,81,0,95,28,0,28,123
07/25/2009,OXR,CA,AWP,WE,Federal Contract Tower,0,6,37,0,43,0,2,43,0,45,0,8,80,0,88,80,0,80,168
07/26/2009,OXR,CA,AWP,WE,Federal Contract Tower,0,8,37,0,45,0,0,28,0,28,0,8,65,0,73,50,0,50,123
07/27/2009,OXR,CA,AWP,WE,Federal Contract Tower,0,23,46,3,72,0,11,27,0,38,0,34,73,3,110,36,0,36,146
07/28/2009,OXR,CA,AWP,WE,Federal Contract Tower,0,19,59,0,78,0,5,11,0,16,0,24,70,0,94,24,0,24,118
07/29/2009,OXR,CA,AWP,WE,Federal Contract Tower,0,13,63,3,79,0,3,35,1,39,0,16,98,4,118,73,3,76,194
07/30/2009,OXR,CA,AWP,WE,Federal Contract Tower,0,17,50,1,68,0,4,38,1,43,0,21,88,2,111,120,0,120,231
07/31/2009,OXR,CA,AWP,WE,Federal Contract Tower,0,13,30,0,43,0,4,28,0,32,0,17,58,0,75,26,0,26,101
08/01/2009,OXR,CA,AWP,WE,Federal Contract Tower,0,3,25,0,28,0,1,24,0,25,0,4,49,0,53,71,0,71,124
08/02/2009,OXR,CA,AWP,WE,Federal Contract Tower,0,6,31,0,37,0,0,25,0,25,0,6,56,0,62,40,0,40,102
08/03/2009,OXR,CA,AWP,WE,Federal Contract Tower,0,12,23,2,37,0,1,49,0,50,0,13,72,2,87,96,0,96,183
08/04/2009,OXR,CA,AWP,WE,Federal Contract Tower,0,8,28,0,36,0,4,44,0,48,0,12,72,0,84,128,0,128,212
08/05/2009,OXR,CA,AWP,WE,Federal Contract Tower,0,9,23,0,32,0,8,59,0,67,0,17,82,0,99,64,0,64,163
08/06/2009,OXR,CA,AWP,WE,Federal Contract Tower,0,9,43,2,54,0,9,49,0,58,0,18,92,2,112,136,0,136,248
08/07/2009,OXR,CA,AWP,WE,Federal Contract Tower,0,9,43,0,52,0,6,56,0,62,0,15,99,0,114,138,0,138,252
08/08/2009,OXR,CA,AWP,WE,Federal Contract Tower,0,6,23,0,29,0,1,59,0,60,0,7,82,0,89,153,0,153,242
08/09/2009,OXR,CA,AWP,WE,Federal Contract Tower,0,12,42,0,54,0,0,34,0,34,0,12,76,0,88,35,0,35,123
08/10/2009,OXR,CA,AWP,WE,Federal Contract Tower,0,11,28,0,39,0,0,25,0,25,0,11,53,0,64,48,0,48,112
08/11/2009,OXR,CA,AWP,WE,Federal Contract Tower,0,24,37,0,61,0,0,0,0,0,0,24,37,0,61,0,0,0,61
08/12/2009,OXR,CA,AWP,WE,Federal Contract Tower,0,10,69,2,81,0,1,8,0,9,0,11,77,2,90,0,0,0,90
08/13/2009,OXR,CA,AWP,WE,Federal Contract Tower,0,14,41,0,55,0,0,4,0,4,0,14,45,0,59,0,0,0,59
08/14/2009,OXR,CA,AWP,WE,Federal Contract Tower,0,13,27,0,40,0,4,21,0,25,0,17,48,0,65,18,0,18,83
08/15/2009,OXR,CA,AWP,WE,Federal Contract Tower,0,5,31,0,36,0,16,39,0,55,0,21,70,0,91,64,0,64,155
08/16/2009,OXR,CA,AWP,WE,Federal Contract Tower,0,8,54,0,62,0,0,12,0,12,0,8,66,0,74,10,0,10,84
08/17/2009,OXR,CA,AWP,WE,Federal Contract Tower,0,15,78,0,93,0,1,8,0,9,0,16,86,0,102,0,0,0,102
08/18/2009,OXR,CA,AWP,WE,Federal Contract Tower,0,24,38,0,62,0,2,4,0,6,0,26,42,0,68,0,0,0,68
08/19/2009,OXR,CA,AWP,WE,Federal Contract Tower,0,17,42,0,59,0,1,25,0,26,0,18,67,0,85,48,0,48,133
08/20/2009,OXR,CA,AWP,WE,Federal Contract Tower,0,21,60,0,81,0,5,34,0,39,0,26,94,0,120,88,0,88,208
08/21/2009,OXR,CA,AWP,WE,Federal Contract Tower,0,16,26,0,42,0,8,66,0,74,0,24,92,0,116,134,0,134,250
08/22/2009,OXR,CA,AWP,WE,Federal Contract Tower,0,7,10,0,17,0,3,45,0,48,0,10,55,0,65,122,0,122,187
08/23/2009,OXR,CA,AWP,WE,Federal Contract Tower,0,6,11,0,17,0,3,41,0,44,0,9,52,0,61,113,0,113,174
08/24/2009,OXR,CA,AWP,WE,Federal Contract Tower,0,15,27,2,44,0,4,24,0,28,0,19,51,2,72,0,0,0,72
08/25/2009,OXR,CA,AWP,WE,Federal Contract Tower,0,9,25,0,34,0,4,64,0,68,0,13,89,0,102,82,0,82,184
08/26/2009,OXR,CA,AWP,WE,Federal Contract Tower,0,20,24,0,44,0,6,54,0,60,0,26,78,0,104,150,0,150,254
08/27/2009,OXR,CA,AWP,WE,Federal Contract Tower,0,8,20,0,28,0,7,67,0,74,0,15,87,0,102,199,0,199,301
08/28/2009,OXR,CA,AWP,WE,Federal Contract Tower,0,8,24,0,32,0,9,53,0,62,0,17,77,0,94,170,0,170,264
08/29/2009,OXR,CA,AWP,WE,Federal Contract Tower,0,3,8,0,11,0,5,54,0,59,0,8,62,0,70,197,0,197,267
08/30/2009,OXR,CA,AWP,WE,Federal Contract Tower,0,6,17,0,23,0,2,101,0,103,0,8,118,0,126,187,0,187,313
08/31/2009,OXR,CA,AWP,WE,Federal Contract Tower,0,9,25,0,34,0,8,46,4,58,0,17,71,4,92,70,0,70,162
09/01/2009,OXR,CA,AWP,WE,Federal Contract Tower,0,6,21,0,27,0,12,63,0,75,0,18,84,0,102,170,0,170,272
09/02/2009,OXR,CA,AWP,WE,Federal Contract Tower,0,7,20,0,27,0,10,51,0,61,0,17,71,0,88,72,0,72,160
09/03/2009,OXR,CA,AWP,WE,Federal Contract Tower,0,7,19,0,26,0,9,40,0,49,0,16,59,0,75,112,0,112,187
09/04/2009,OXR,CA,AWP,WE,Federal Contract Tower,0,9,12,2,23,0,5,39,0,44,0,14,51,2,67,138,0,138,205
09/05/2009,OXR,CA,AWP,WE,Federal Contract Tower,0,7,17,0,24,0,3,64,0,67,0,10,81,0,91,122,0,122,213
09/06/2009,OXR,CA,AWP,WE,Federal Contract Tower,0,2,16,0,18,0,1,74,0,75,0,3,90,0,93,136,0,136,229
09/07/2009,OXR,CA,AWP,WE,Federal Contract Tower,0,8,24,0,32,0,3,78,0,81,0,11,102,0,113,112,0,112,225
09/08/2009,OXR,CA,AWP,WE,Federal Contract Tower,0,14,27,0,41,0,4,48,0,52,0,18,75,0,93,61,0,61,154
09/09/2009,OXR,CA,AWP,WE,Federal Contract Tower,0,5,46,0,51,0,21,25,0,46,0,26,71,0,97,105,0,105,202
09/10/2009,OXR,CA,AWP,WE,Federal Contract Tower,0,5,32,0,37,0,14,54,0,68,0,19,86,0,105,71,0,71,176
09/11/2009,OXR,CA,AWP,WE,Federal Contract Tower,0,5,44,0,49,0,5,39,0,44,0,10,83,0,93,60,0,60,153
09/12/2009,OXR,CA,AWP,WE,Federal Contract Tower,0,5,46,0,51,0,0,7,0,7,0,5,53,0,58,10,0,10,68
09/13/2009,OXR,CA,AWP,WE,Federal Contract Tower,0,4,44,0,48,0,3,29,0,32,0,7,73,0,80,74,0,74,154
09/14/2009,OXR,CA,AWP,WE,Federal Contract Tower,0,10,22,0,32,0,3,30,0,33,0,13,52,0,65,54,0,54,119
09/15/2009,OXR,CA,AWP,WE,Federal Contract Tower,0,5,22,0,27,0,15,50,0,65,0,20,72,0,92,154,0,154,246
09/16/2009,OXR,CA,AWP,WE,Federal Contract Tower,0,7,23,0,30,0,21,51,0,72,0,28,74,0,102,158,0,158,260
09/17/2009,OXR,CA,AWP,WE,Federal Contract Tower,0,11,26,0,37,0,10,41,0,51,0,21,67,0,88,67,0,67,155
09/18/2009,OXR,CA,AWP,WE,Federal Contract Tower,0,13,36,0,49,0,2,37,0,39,0,15,73,0,88,12,0,12,100
09/19/2009,OXR,CA,AWP,WE,Federal Contract Tower,0,3,37,0,40,0,0,12,0,12,0,3,49,0,52,12,0,12,64
09/20/2009,OXR,CA,AWP,WE,Federal Contract Tower,0,7,35,0,42,0,2,21,0,23,0,9,56,0,65,14,0,14,79
09/21/2009,OXR,CA,AWP,WE,Federal Contract Tower,0,12,40,0,52,0,3,34,0,37,0,15,74,0,89,30,0,30,119
09/22/2009,OXR,CA,AWP,WE,Federal Contract Tower,0,14,37,0,51,0,3,19,0,22,0,17,56,0,73,16,0,16,89
09/23/2009,OXR,CA,AWP,WE,Federal Contract Tower,0,8,29,0,37,0,3,31,0,34,0,11,60,0,71,90,0,90,161
09/24/2009,OXR,CA,AWP,WE,Federal Contract Tower,0,4,23,0,27,0,8,49,0,57,0,12,72,0,84,69,0,69,153
09/25/2009,OXR,CA,AWP,WE,Federal Contract Tower,0,5,37,0,42,0,8,57,0,65,0,13,94,0,107,92,0,92,199
09/26/2009,OXR,CA,AWP,WE,Federal Contract Tower,0,4,17,0,21,0,0,62,0,62,0,4,79,0,83,138,0,138,221
09/27/2009,OXR,CA,AWP,WE,Federal Contract Tower,0,5,35,0,40,0,0,14,0,14,0,5,49,0,54,4,0,4,58
09/28/2009,OXR,CA,AWP,WE,Federal Contract Tower,0,12,60,0,72,0,3,17,0,20,0,15,77,0,92,20,0,20,112
09/29/2009,OXR,CA,AWP,WE,Federal Contract Tower,0,8,38,0,46,0,14,38,0,52,0,22,76,0,98,94,0,94,192
09/30/2009,OXR,CA,AWP,WE,Federal Contract Tower,0,7,32,0,39,0,12,64,0,76,0,19,96,0,115,132,0,132,247
10/01/2009,OXR,CA,AWP,WE,Federal Contract Tower,0,8,15,0,23,0,6,40,0,46,0,14,55,0,69,26,0,26,95
10/02/2009,OXR,CA,AWP,WE,Federal Contract Tower,0,11,31,0,42,0,14,60,0,74,0,25,91,0,116,88,0,88,204
10/03/2009,OXR,CA,AWP,WE,Federal Contract Tower,0,3,33,0,36,0,1,55,0,56,0,4,88,0,92,110,0,110,202
10/04/2009,OXR,CA,AWP,WE,Federal Contract Tower,0,4,24,0,28,0,0,42,0,42,0,4,66,0,70,82,0,82,152
10/05/2009,OXR,CA,AWP,WE,Federal Contract Tower,0,10,18,0,28,0,7,38,0,45,0,17,56,0,73,32,0,32,105
10/06/2009,OXR,CA,AWP,WE,Federal Contract Tower,0,9,35,0,44,0,5,41,0,46,0,14,76,0,90,72,0,72,162
10/07/2009,OXR,CA,AWP,WE,Federal Contract Tower,0,5,21,0,26,0,9,43,4,56,0,14,64,4,82,176,0,176,258
10/08/2009,OXR,CA,AWP,WE,Federal Contract Tower,0,5,40,0,45,0,8,41,0,49,0,13,81,0,94,56,0,56,150
10/09/2009,OXR,CA,AWP,WE,Federal Contract Tower,0,6,27,0,33,0,3,38,0,41,0,9,65,0,74,62,0,62,136
10/10/2009,OXR,CA,AWP,WE,Federal Contract Tower,0,3,54,0,57,0,1,23,0,24,0,4,77,0,81,55,0,55,136
10/11/2009,OXR,CA,AWP,WE,Federal Contract Tower,0,9,37,0,46,0,0,23,0,23,0,9,60,0,69,134,0,134,203
10/12/2009,OXR,CA,AWP,WE,Federal Contract Tower,0,8,31,0,39,0,22,34,0,56,0,30,65,0,95,114,0,114,209
10/13/2009,OXR,CA,AWP,WE,Federal Contract Tower,0,5,26,0,31,0,3,2,0,5,0,8,28,0,36,4,0,4,40
10/14/2009,OXR,CA,AWP,WE,Federal Contract Tower,0,8,40,0,48,0,0,0,0,0,0,8,40,0,48,0,0,0,48
10/15/2009,OXR,CA,AWP,WE,Federal Contract Tower,0,11,40,0,51,0,12,47,0,59,0,23,87,0,110,163,0,163,273
10/16/2009,OXR,CA,AWP,WE,Federal Contract Tower,0,15,29,0,44,0,6,41,0,47,0,21,70,0,91,122,0,122,213
10/17/2009,OXR,CA,AWP,WE,Federal Contract Tower,0,4,33,0,37,0,4,57,0,61,0,8,90,0,98,180,0,180,278
10/18/2009,OXR,CA,AWP,WE,Federal Contract Tower,0,8,42,0,50,0,0,2,0,2,0,8,44,0,52,0,0,0,52
10/19/2009,OXR,CA,AWP,WE,Federal Contract Tower,0,12,29,0,41,0,3,25,0,28,0,15,54,0,69,68,0,68,137
10/20/2009,OXR,CA,AWP,WE,Federal Contract Tower,0,9,34,0,43,0,2,49,0,51,0,11,83,0,94,88,0,88,182
10/21/2009,OXR,CA,AWP,WE,Federal Contract Tower,0,6,35,0,41,0,7,77,0,84,0,13,112,0,125,88,0,88,213
10/22/2009,OXR,CA,AWP,WE,Federal Contract Tower,0,5,30,0,35,0,7,61,0,68,0,12,91,0,103,194,0,194,297
10/23/2009,OXR,CA,AWP,WE,Federal Contract Tower,0,11,35,3,49,0,8,58,0,66,0,19,93,3,115,190,0,190,305
10/24/2009,OXR,CA,AWP,WE,Federal Contract Tower,0,12,52,0,64,0,2,44,0,46,0,14,96,0,110,77,0,77,187
10/25/2009,OXR,CA,AWP,WE,Federal Contract Tower,0,8,21,0,29,0,0,42,0,42,0,8,63,0,71,111,0,111,182
10/26/2009,OXR,CA,AWP,WE,Federal Contract Tower,0,6,38,0,44,0,4,47,0,51,0,10,85,0,95,56,0,56,151
10/27/2009,OXR,CA,AWP,WE,Federal Contract Tower,0,8,15,0,23,0,4,16,0,20,0,12,31,0,43,2,0,2,45
10/28/2009,OXR,CA,AWP,WE,Federal Contract Tower,0,6,36,3,45,0,12,24,0,36,0,18,60,3,81,96,0,96,177
10/29/2009,OXR,CA,AWP,WE,Federal Contract Tower,0,5,23,0,28,0,19,49,0,68,0,24,72,0,96,102,0,102,198
10/30/2009,OXR,CA,AWP,WE,Federal Contract Tower,0,7,38,0,45,0,1,54,0,55,0,8,92,0,100,172,0,172,272
10/31/2009,OXR,CA,AWP,WE,Federal Contract Tower,0,3,18,0,21,0,0,55,0,55,0,3,73,0,76,116,0,116,192
11/01/2009,OXR,CA,AWP,WE,Federal Contract Tower,0,4,16,0,20,0,0,56,0,56,0,4,72,0,76,126,0,126,202
11/02/2009,OXR,CA,AWP,WE,Federal Contract Tower,0,5,37,0,42,0,8,43,0,51,0,13,80,0,93,114,0,114,207
11/03/2009,OXR,CA,AWP,WE,Federal Contract Tower,0,6,51,0,57,0,6,30,0,36,0,12,81,0,93,52,0,52,145
11/04/2009,OXR,CA,AWP,WE,Federal Contract Tower,0,12,60,0,72,0,4,23,0,27,0,16,83,0,99,71,0,71,170
11/05/2009,OXR,CA,AWP,WE,Federal Contract Tower,0,7,39,0,46,0,10,32,0,42,0,17,71,0,88,69,0,69,157
11/06/2009,OXR,CA,AWP,WE,Federal Contract Tower,0,10,40,2,52,0,2,54,0,56,0,12,94,2,108,167,0,167,275
11/07/2009,OXR,CA,AWP,WE,Federal Contract Tower,0,3,21,0,24,0,1,38,0,39,0,4,59,0,63,110,0,110,173
11/08/2009,OXR,CA,AWP,WE,Federal Contract Tower,0,4,38,0,42,0,0,43,0,43,0,4,81,0,85,58,0,58,143
11/09/2009,OXR,CA,AWP,WE,Federal Contract Tower,0,6,21,0,27,0,7,43,0,50,0,13,64,0,77,74,0,74,151
11/10/2009,OXR,CA,AWP,WE,Federal Contract Tower,0,5,33,0,38,0,4,66,0,70,0,9,99,0,108,104,0,104,212
11/11/2009,OXR,CA,AWP,WE,Federal Contract Tower,0,9,34,0,43,0,13,77,0,90,0,22,111,0,133,118,0,118,251
11/12/2009,OXR,CA,AWP,WE,Federal Contract Tower,0,5,27,0,32,0,8,56,0,64,0,13,83,0,96,94,0,94,190
11/13/2009,OXR,CA,AWP,WE,Federal Contract Tower,0,11,20,0,31,0,6,51,0,57,0,17,71,0,88,96,0,96,184
11/14/2009,OXR,CA,AWP,WE,Federal Contract Tower,0,3,34,0,37,0,3,66,0,69,0,6,100,0,106,138,0,138,244
11/15/2009,OXR,CA,AWP,WE,Federal Contract Tower,0,4,11,0,15,0,0,50,3,53,0,4,61,3,68,32,0,32,100
11/16/2009,OXR,CA,AWP,WE,Federal Contract Tower,0,18,24,0,42,0,6,59,0,65,0,24,83,0,107,67,0,67,174
11/17/2009,OXR,CA,AWP,WE,Federal Contract Tower,0,7,41,0,48,0,4,58,0,62,0,11,99,0,110,74,0,74,184
11/18/2009,OXR,CA,AWP,WE,Federal Contract Tower,0,9,28,0,37,0,11,64,0,75,0,20,92,0,112,101,0,101,213
11/19/2009,OXR,CA,AWP,WE,Federal Contract Tower,0,7,23,0,30,0,12,80,0,92,0,19,103,0,122,113,0,113,235
11/20/2009,OXR,CA,AWP,WE,Federal Contract Tower,0,11,46,0,57,0,1,55,0,56,0,12,101,0,113,216,0,216,329
11/21/2009,OXR,CA,AWP,WE,Federal Contract Tower,0,7,22,0,29,0,6,54,0,60,0,13,76,0,89,157,0,157,246
11/22/2009,OXR,CA,AWP,WE,Federal Contract Tower,0,4,43,0,47,0,5,65,0,70,0,9,108,0,117,68,0,68,185
11/23/2009,OXR,CA,AWP,WE,Federal Contract Tower,0,15,8,0,23,0,5,50,0,55,0,20,58,0,78,80,0,80,158
11/24/2009,OXR,CA,AWP,WE,Federal Contract Tower,0,9,10,0,19,0,12,30,0,42,0,21,40,0,61,46,0,46,107
11/25/2009,OXR,CA,AWP,WE,Federal Contract Tower,0,12,16,0,28,0,6,29,0,35,0,18,45,0,63,39,0,39,102
11/26/2009,OXR,CA,AWP,WE,Federal Contract Tower,0,1,1,0,2,0,0,35,0,35,0,1,36,0,37,2,0,2,39
11/27/2009,OXR,CA,AWP,WE,Federal Contract Tower,0,4,28,0,32,0,3,40,0,43,0,7,68,0,75,72,0,72,147
11/28/2009,OXR,CA,AWP,WE,Federal Contract Tower,0,4,21,0,25,0,0,21,0,21,0,4,42,0,46,43,0,43,89
11/29/2009,OXR,CA,AWP,WE,Federal Contract Tower,0,4,18,0,22,0,0,59,0,59,0,4,77,0,81,136,0,136,217
11/30/2009,OXR,CA,AWP,WE,Federal Contract Tower,0,8,23,0,31,0,7,39,0,46,0,15,62,0,77,112,0,112,189
12/01/2009,OXR,CA,AWP,WE,Federal Contract Tower,0,16,31,0,47,0,20,50,0,70,0,36,81,0,117,38,0,38,155
12/02/2009,OXR,CA,AWP,WE,Federal Contract Tower,0,11,39,0,50,0,11,37,0,48,0,22,76,0,98,85,0,85,183
12/03/2009,OXR,CA,AWP,WE,Federal Contract Tower,0,8,29,0,37,0,21,55,0,76,0,29,84,0,113,60,0,60,173
12/04/2009,OXR,CA,AWP,WE,Federal Contract Tower,0,6,34,0,40,0,11,53,0,64,0,17,87,0,104,126,0,126,230
12/05/2009,OXR,CA,AWP,WE,Federal Contract Tower,0,3,33,0,36,0,0,38,6,44,0,3,71,6,80,74,0,74,154
12/06/2009,OXR,CA,AWP,WE,Federal Contract Tower,0,4,22,0,26,0,3,41,0,44,0,7,63,0,70,112,0,112,182
12/07/2009,OXR,CA,AWP,WE,Federal Contract Tower,0,6,6,0,12,0,0,2,0,2,0,6,8,0,14,40,0,40,54
12/08/2009,OXR,CA,AWP,WE,Federal Contract Tower,0,8,18,0,26,0,12,52,0,64,0,20,70,0,90,82,0,82,172
12/09/2009,OXR,CA,AWP,WE,Federal Contract Tower,0,8,19,0,27,0,15,39,0,54,0,23,58,0,81,56,0,56,137
12/10/2009,OXR,CA,AWP,WE,Federal Contract Tower,0,8,38,0,46,0,7,32,0,39,0,15,70,0,85,60,0,60,145
12/11/2009,OXR,CA,AWP,WE,Federal Contract Tower,0,13,12,0,25,0,3,8,0,11,0,16,20,0,36,62,0,62,98
12/12/2009,OXR,CA,AWP,WE,Federal Contract Tower,0,6,35,0,41,0,0,0,0,0,0,6,35,0,41,0,0,0,41
12/13/2009,OXR,CA,AWP,WE,Federal Contract Tower,0,5,33,0,38,0,2,28,0,30,0,7,61,0,68,29,0,29,97
12/14/2009,OXR,CA,AWP,WE,Federal Contract Tower,0,7,28,0,35,0,6,36,0,42,0,13,64,0,77,56,0,56,133
12/15/2009,OXR,CA,AWP,WE,Federal Contract Tower,0,6,23,0,29,0,8,73,0,81,0,14,96,0,110,94,0,94,204
12/16/2009,OXR,CA,AWP,WE,Federal Contract Tower,0,8,23,0,31,0,12,50,0,62,0,20,73,0,93,95,0,95,188
12/17/2009,OXR,CA,AWP,WE,Federal Contract Tower,0,8,28,1,37,0,5,35,0,40,0,13,63,1,77,106,0,106,183
12/18/2009,OXR,CA,AWP,WE,Federal Contract Tower,0,8,27,0,35,0,6,73,0,79,0,14,100,0,114,150,0,150,264
12/19/2009,OXR,CA,AWP,WE,Federal Contract Tower,0,3,8,0,11,0,5,33,0,38,0,8,41,0,49,53,0,53,102
12/20/2009,OXR,CA,AWP,WE,Federal Contract Tower,0,5,14,0,19,0,1,35,0,36,0,6,49,0,55,77,0,77,132
12/21/2009,OXR,CA,AWP,WE,Federal Contract Tower,0,13,12,0,25,0,1,30,0,31,0,14,42,0,56,48,0,48,104
12/22/2009,OXR,CA,AWP,WE,Federal Contract Tower,0,7,14,1,22,0,4,23,1,28,0,11,37,2,50,102,2,104,154
12/23/2009,OXR,CA,AWP,WE,Federal Contract Tower,0,7,20,0,27,0,7,50,0,57,0,14,70,0,84,74,0,74,158
12/24/2009,OXR,CA,AWP,WE,Federal Contract Tower,0,5,4,0,9,0,4,32,0,36,0,9,36,0,45,42,0,42,87
12/25/2009,OXR,CA,AWP,WE,Federal Contract Tower,0,2,3,0,5,0,0,25,0,25,0,2,28,0,30,14,0,14,44
12/26/2009,OXR,CA,AWP,WE,Federal Contract Tower,0,4,24,0,28,0,2,52,0,54,0,6,76,0,82,42,0,42,124
12/27/2009,OXR,CA,AWP,WE,Federal Contract Tower,0,5,20,0,25,0,0,52,0,52,0,5,72,0,77,75,0,75,152
12/28/2009,OXR,CA,AWP,WE,Federal Contract Tower,0,12,14,0,26,0,7,43,0,50,0,19,57,0,76,67,0,67,143
12/29/2009,OXR,CA,AWP,WE,Federal Contract Tower,0,6,45,0,51,0,12,55,0,67,0,18,100,0,118,60,0,60,178
12/30/2009,OXR,CA,AWP,WE,Federal Contract Tower,0,10,34,0,44,0,1,3,0,4,0,11,37,0,48,8,0,8,56
12/31/2009,OXR,CA,AWP,WE,Federal Contract Tower,0,6,21,0,27,0,2,81,0,83,0,8,102,0,110,129,0,129,239
01/01/2010,OXR,CA,AWP,WE,Federal Contract Tower,0,5,1,0,6,0,0,34,0,34,0,5,35,0,40,0,0,0,40
01/02/2010,OXR,CA,AWP,WE,Federal Contract Tower,0,2,19,0,21,0,0,48,0,48,0,2,67,0,69,68,0,68,137
01/03/2010,OXR,CA,AWP,WE,Federal Contract Tower,0,5,12,0,17,0,0,79,0,79,0,5,91,0,96,183,0,183,279
01/04/2010,OXR,CA,AWP,WE,Federal Contract Tower,0,8,13,0,21,0,4,41,0,45,0,12,54,0,66,44,0,44,110
01/05/2010,OXR,CA,AWP,WE,Federal Contract Tower,0,7,19,0,26,0,10,51,0,61,0,17,70,0,87,82,0,82,169
01/06/2010,OXR,CA,AWP,WE,Federal Contract Tower,0,8,44,0,52,0,9,64,0,73,0,17,108,0,125,71,0,71,196
01/07/2010,OXR,CA,AWP,WE,Federal Contract Tower,0,10,46,0,56,0,12,61,0,73,0,22,107,0,129,80,0,80,209
01/08/2010,OXR,CA,AWP,WE,Federal Contract Tower,0,7,42,0,49,0,5,60,0,65,0,12,102,0,114,85,0,85,199
01/09/2010,OXR,CA,AWP,WE,Federal Contract Tower,0,3,16,0,19,0,6,50,0,56,0,9,66,0,75,98,0,98,173
01/10/2010,OXR,CA,AWP,WE,Federal Contract Tower,0,2,27,0,29,0,6,75,0,81,0,8,102,0,110,136,0,136,246
01/11/2010,OXR,CA,AWP,WE,Federal Contract Tower,0,6,13,0,19,0,9,43,0,52,0,15,56,0,71,66,0,66,137
01/12/2010,OXR,CA,AWP,WE,Federal Contract Tower,0,8,49,3,60,0,9,68,0,77,0,17,117,3,137,192,0,192,329
01/13/2010,OXR,CA,AWP,WE,Federal Contract Tower,0,8,12,0,20,0,15,24,0,39,0,23,36,0,59,88,0,88,147
01/14/2010,OXR,CA,AWP,WE,Federal Contract Tower,0,6,18,0,24,0,4,46,0,50,0,10,64,0,74,43,0,43,117
01/15/2010,OXR,CA,AWP,WE,Federal Contract Tower,0,6,15,0,21,0,8,54,0,62,0,14,69,0,83,168,0,168,251
01/16/2010,OXR,CA,AWP,WE,Federal Contract Tower,0,5,20,0,25,0,0,72,0,72,0,5,92,0,97,158,0,158,255
01/17/2010,OXR,CA,AWP,WE,Federal Contract Tower,0,6,23,0,29,0,1,15,0,16,0,7,38,0,45,23,0,23,68
01/18/2010,OXR,CA,AWP,WE,Federal Contract Tower,0,5,1,0,6,0,0,2,0,2,0,5,3,0,8,12,0,12,20
01/19/2010,OXR,CA,AWP,WE,Federal Contract Tower,0,13,13,0,26,0,4,4,0,8,0,17,17,0,34,0,0,0,34
01/20/2010,OXR,CA,AWP,WE,Federal Contract Tower,0,8,7,0,15,0,0,0,0,0,0,8,7,0,15,0,0,0,15
01/21/2010,OXR,CA,AWP,WE,Federal Contract Tower,0,5,2,0,7,0,3,4,0,7,0,8,6,0,14,21,0,21,35
01/22/2010,OXR,CA,AWP,WE,Federal Contract Tower,0,7,14,0,21,0,5,9,0,14,0,12,23,0,35,19,0,19,54
01/23/2010,OXR,CA,AWP,WE,Federal Contract Tower,0,4,17,0,21,0,4,81,0,85,0,8,98,0,106,180,0,180,286
01/24/2010,OXR,CA,AWP,WE,Federal Contract Tower,0,4,12,0,16,0,2,61,0,63,0,6,73,0,79,169,0,169,248
01/25/2010,OXR,CA,AWP,WE,Federal Contract Tower,0,8,25,0,33,0,7,53,0,60,0,15,78,0,93,76,0,76,169
01/26/2010,OXR,CA,AWP,WE,Federal Contract Tower,0,9,30,0,39,0,0,24,0,24,0,9,54,0,63,74,0,74,137
01/27/2010,OXR,CA,AWP,WE,Federal Contract Tower,0,15,36,0,51,0,5,33,0,38,0,20,69,0,89,98,0,98,187
01/28/2010,OXR,CA,AWP,WE,Federal Contract Tower,0,15,37,0,52,0,13,45,0,58,0,28,82,0,110,116,0,116,226
01/29/2010,OXR,CA,AWP,WE,Federal Contract Tower,0,10,40,0,50,0,4,62,0,66,0,14,102,0,116,124,0,124,240
01/30/2010,OXR,CA,AWP,WE,Federal Contract Tower,0,8,35,0,43,0,2,64,0,66,0,10,99,0,109,101,0,101,210
01/31/2010,OXR,CA,AWP,WE,Federal Contract Tower,0,8,30,0,38,0,0,77,0,77,0,8,107,0,115,118,0,118,233
02/01/2010,OXR,CA,AWP,WE,Federal Contract Tower,0,12,28,0,40,0,4,33,0,37,0,16,61,0,77,98,0,98,175
02/02/2010,OXR,CA,AWP,WE,Federal Contract Tower,0,14,55,0,69,0,8,42,0,50,0,22,97,0,119,116,0,116,235
02/03/2010,OXR,CA,AWP,WE,Federal Contract Tower,0,11,27,0,38,0,9,42,0,51,0,20,69,0,89,135,0,135,224
02/04/2010,OXR,CA,AWP,WE,Federal Contract Tower,0,16,36,0,52,0,7,37,0,44,0,23,73,0,96,103,0,103,199
02/05/2010,OXR,CA,AWP,WE,Federal Contract Tower,0,5,20,0,25,0,0,0,0,0,0,5,20,0,25,0,0,0,25
02/06/2010,OXR,CA,AWP,WE,Federal Contract Tower,0,5,19,0,24,0,2,6,0,8,0,7,25,0,32,2,0,2,34
02/07/2010,OXR,CA,AWP,WE,Federal Contract Tower,0,3,22,0,25,0,1,60,0,61,0,4,82,0,86,128,0,128,214
02/08/2010,OXR,CA,AWP,WE,Federal Contract Tower,0,11,44,0,55,0,0,61,0,61,0,11,105,0,116,99,0,99,215
02/09/2010,OXR,CA,AWP,WE,Federal Contract Tower,0,11,18,0,29,0,2,14,0,16,0,13,32,0,45,44,0,44,89
02/10/2010,OXR,CA,AWP,WE,Federal Contract Tower,0,9,30,0,39,0,7,53,0,60,0,16,83,0,99,97,0,97,196
02/11/2010,OXR,CA,AWP,WE,Federal Contract Tower,0,14,35,0,49,0,6,50,0,56,0,20,85,0,105,93,0,93,198
02/12/2010,OXR,CA,AWP,WE,Federal Contract Tower,0,12,28,0,40,0,8,71,7,86,0,20,99,7,126,85,0,85,211
02/13/2010,OXR,CA,AWP,WE,Federal Contract Tower,0,5,12,0,17,0,4,75,0,79,0,9,87,0,96,158,0,158,254
02/14/2010,OXR,CA,AWP,WE,Federal Contract Tower,0,8,15,0,23,0,0,79,0,79,0,8,94,0,102,67,0,67,169
02/15/2010,OXR,CA,AWP,WE,Federal Contract Tower,0,6,26,0,32,0,6,75,0,81,0,12,101,0,113,96,0,96,209
02/16/2010,OXR,CA,AWP,WE,Federal Contract Tower,0,6,33,0,39,0,6,57,0,63,0,12,90,0,102,98,0,98,200
02/17/2010,OXR,CA,AWP,WE,Federal Contract Tower,0,6,24,2,32,0,9,51,0,60,0,15,75,2,92,56,0,56,148
02/18/2010,OXR,CA,AWP,WE,Federal Contract Tower,0,9,71,0,80,0,5,21,0,26,0,14,92,0,106,33,0,33,139
02/19/2010,OXR,CA,AWP,WE,Federal Contract Tower,0,8,29,0,37,0,7,23,0,30,0,15,52,0,67,104,0,104,171
02/20/2010,OXR,CA,AWP,WE,Federal Contract Tower,0,4,33,0,37,0,7,44,0,51,0,11,77,0,88,140,0,140,228
02/21/2010,OXR,CA,AWP,WE,Federal Contract Tower,0,7,35,0,42,0,0,33,0,33,0,7,68,0,75,54,0,54,129
02/22/2010,OXR,CA,AWP,WE,Federal Contract Tower,0,5,27,0,32,0,12,21,0,33,0,17,48,0,65,40,0,40,105
02/23/2010,OXR,CA,AWP,WE,Federal Contract Tower,0,7,45,2,54,0,15,51,0,66,0,22,96,2,120,173,6,179,299
02/24/2010,OXR,CA,AWP,WE,Federal Contract Tower,0,12,35,0,47,0,0,2,0,2,0,12,37,0,49,4,0,4,53
02/25/2010,OXR,CA,AWP,WE,Federal Contract Tower,0,17,33,0,50,0,22,80,0,102,0,39,113,0,152,197,0,197,349
02/26/2010,OXR,CA,AWP,WE,Federal Contract Tower,0,7,47,0,54,0,2,56,0,58,0,9,103,0,112,151,0,151,263
02/27/2010,OXR,CA,AWP,WE,Federal Contract Tower,0,3,23,1,27,0,0,4,0,4,0,3,27,1,31,2,0,2,33
02/28/2010,OXR,CA,AWP,WE,Federal Contract Tower,0,5,42,0,47,0,1,85,0,86,0,6,127,0,133,209,0,209,342
03/01/2010,OXR,CA,AWP,WE,Federal Contract Tower,0,6,32,2,40,0,8,33,0,41,0,14,65,2,81,96,0,96,177
03/02/2010,OXR,CA,AWP,WE,Federal Contract Tower,0,11,42,0,53,0,2,16,0,18,0,13,58,0,71,94,0,94,165
03/03/2010,OXR,CA,AWP,WE,Federal Contract Tower,0,8,49,0,57,0,3,36,0,39,0,11,85,0,96,52,0,52,148
03/04/2010,OXR,CA,AWP,WE,Federal Contract Tower,0,8,43,0,51,0,5,69,0,74,0,13,112,0,125,103,0,103,228
03/05/2010,OXR,CA,AWP,WE,Federal Contract Tower,0,17,52,0,69,0,19,93,0,112,0,36,145,0,181,167,0,167,348
03/06/2010,OXR,CA,AWP,WE,Federal Contract Tower,0,4,31,0,35,0,1,16,0,17,0,5,47,0,52,106,0,106,158
03/07/2010,OXR,CA,AWP,WE,Federal Contract Tower,0,4,17,0,21,0,4,53,0,57,0,8,70,0,78,100,9,109,187
03/08/2010,OXR,CA,AWP,WE,Federal Contract Tower,0,10,10,0,20,0,3,15,0,18,0,13,25,0,38,32,0,32,70
03/09/2010,OXR,CA,AWP,WE,Federal Contract Tower,0,8,14,0,22,0,3,23,2,28,0,11,37,2,50,24,0,24,74
03/10/2010,OXR,CA,AWP,WE,Federal Contract Tower,0,11,22,0,33,0,3,19,0,22,0,14,41,0,55,104,0,104,159
03/11/2010,OXR,CA,AWP,WE,Federal Contract Tower,0,13,29,0,42,0,13,72,0,85,0,26,101,0,127,141,0,141,268
03/12/2010,OXR,CA,AWP,WE,Federal Contract Tower,0,21,42,0,63,0,16,72,0,88,0,37,114,0,151,106,0,106,257
03/13/2010,OXR,CA,AWP,WE,Federal Contract Tower,0,4,36,0,40,0,2,70,0,72,0,6,106,0,112,169,0,169,281
03/14/2010,OXR,CA,AWP,WE,Federal Contract Tower,0,5,29,0,34,0,6,54,0,60,0,11,83,0,94,32,0,32,126
03/15/2010,OXR,CA,AWP,WE,Federal Contract Tower,0,11,7,0,18,0,16,39,0,55,0,27,46,0,73,148,0,148,221
03/16/2010,OXR,CA,AWP,WE,Federal Contract Tower,0,7,29,0,36,0,14,33,0,47,0,21,62,0,83,52,0,52,135
03/17/2010,OXR,CA,AWP,WE,Federal Contract Tower,0,10,21,0,31,0,9,58,0,67,0,19,79,0,98,136,0,136,234
03/18/2010,OXR,CA,AWP,WE,Federal Contract Tower,0,12,25,0,37,0,4,61,0,65,0,16,86,0,102,107,0,107,209
03/19/2010,OXR,CA,AWP,WE,Federal Contract Tower,0,11,29,0,40,0,4,61,0,65,0,15,90,0,105,81,0,81,186
03/20/2010,OXR,CA,AWP,WE,Federal Contract Tower,0,4,44,0,48,0,4,57,0,61,0,8,101,0,109,99,0,99,208
03/21/2010,OXR,CA,AWP,WE,Federal Contract Tower,0,5,28,0,33,0,7,69,0,76,0,12,97,0,109,152,0,152,261
03/22/2010,OXR,CA,AWP,WE,Federal Contract Tower,0,7,10,0,17,0,18,46,0,64,0,25,56,0,81,68,0,68,149
03/23/2010,OXR,CA,AWP,WE,Federal Contract Tower,0,11,15,0,26,0,6,55,0,61,0,17,70,0,87,33,0,33,120
03/24/2010,OXR,CA,AWP,WE,Federal Contract Tower,0,9,50,0,59,0,21,56,0,77,0,30,106,0,136,76,0,76,212
03/25/2010,OXR,CA,AWP,WE,Federal Contract Tower,0,13,50,0,63,0,9,41,0,50,0,22,91,0,113,57,0,57,170
03/26/2010,OXR,CA,AWP,WE,Federal Contract Tower,0,11,19,0,30,0,14,70,0,84,0,25,89,0,114,126,0,126,240
03/27/2010,OXR,CA,AWP,WE,Federal Contract Tower,0,6,8,0,14,0,9,26,0,35,0,15,34,0,49,23,0,23,72
03/28/2010,OXR,CA,AWP,WE,Federal Contract Tower,0,7,23,0,30,0,13,83,0,96,0,20,106,0,126,163,0,163,289
03/29/2010,OXR,CA,AWP,WE,Federal Contract Tower,0,7,16,0,23,0,6,46,0,52,0,13,62,0,75,167,0,167,242
03/30/2010,OXR,CA,AWP,WE,Federal Contract Tower,0,8,40,0,48,0,5,27,0,32,0,13,67,0,80,154,0,154,234
03/31/2010,OXR,CA,AWP,WE,Federal Contract Tower,0,7,22,0,29,0,5,8,0,13,0,12,30,0,42,48,0,48,90
04/01/2010,OXR,CA,AWP,WE,Federal Contract Tower,0,8,24,0,32,0,7,38,0,45,0,15,62,0,77,86,0,86,163
04/02/2010,OXR,CA,AWP,WE,Federal Contract Tower,0,8,26,0,34,0,8,76,0,84,0,16,102,0,118,177,0,177,295
04/03/2010,OXR,CA,AWP,WE,Federal Contract Tower,0,6,44,0,50,0,4,66,0,70,0,10,110,0,120,161,0,161,281
04/04/2010,OXR,CA,AWP,WE,Federal Contract Tower,0,6,30,0,36,0,5,29,0,34,0,11,59,0,70,30,0,30,100
04/05/2010,OXR,CA,AWP,WE,Federal Contract Tower,0,10,14,0,24,0,3,9,0,12,0,13,23,0,36,2,0,2,38
04/06/2010,OXR,CA,AWP,WE,Federal Contract Tower,0,8,35,0,43,0,14,60,0,74,0,22,95,0,117,76,0,76,193
04/07/2010,OXR,CA,AWP,WE,Federal Contract Tower,0,8,13,0,21,0,3,47,0,50,0,11,60,0,71,71,0,71,142
04/08/2010,OXR,CA,AWP,WE,Federal Contract Tower,0,6,44,0,50,0,7,84,0,91,0,13,128,0,141,207,0,207,348
04/09/2010,OXR,CA,AWP,WE,Federal Contract Tower,0,8,31,0,39,0,2,43,0,45,0,10,74,0,84,68,0,68,152
04/10/2010,OXR,CA,AWP,WE,Federal Contract Tower,0,4,47,0,51,0,0,47,0,47,0,4,94,0,98,65,0,65,163
04/11/2010,OXR,CA,AWP,WE,Federal Contract Tower,0,4,19,0,23,0,11,25,0,36,0,15,44,0,59,42,0,42,101
04/12/2010,OXR,CA,AWP,WE,Federal Contract Tower,0,14,21,0,35,0,6,28,2,36,0,20,49,2,71,86,0,86,157
04/13/2010,OXR,CA,AWP,WE,Federal Contract Tower,0,9,51,1,61,0,8,56,7,71,0,17,107,8,132,131,4,135,267
04/14/2010,OXR,CA,AWP,WE,Federal Contract Tower,0,8,29,0,37,0,8,58,0,66,0,16,87,0,103,83,0,83,186
04/15/2010,OXR,CA,AWP,WE,Federal Contract Tower,0,17,40,0,57,0,8,78,0,86,0,25,118,0,143,105,0,105,248
04/16/2010,OXR,CA,AWP,WE,Federal Contract Tower,0,11,43,0,54,0,6,58,3,67,0,17,101,3,121,99,0,99,220
04/17/2010,OXR,CA,AWP,WE,Federal Contract Tower,0,5,39,0,44,0,6,67,0,73,0,11,106,0,117,87,0,87,204
04/18/2010,OXR,CA,AWP,WE,Federal Contract Tower,0,7,22,0,29,0,1,64,0,65,0,8,86,0,94,105,0,105,199
04/19/2010,OXR,CA,AWP,WE,Federal Contract Tower,0,7,19,0,26,0,1,48,0,49,0,8,67,0,75,129,0,129,204
04/20/2010,OXR,CA,AWP,WE,Federal Contract Tower,0,7,38,0,45,0,2,10,0,12,0,9,48,0,57,0,0,0,57
04/21/2010,OXR,CA,AWP,WE,Federal Contract Tower,0,8,12,0,20,0,2,35,0,37,0,10,47,0,57,90,0,90,147
04/22/2010,OXR,CA,AWP,WE,Federal Contract Tower,0,10,41,0,51,0,5,60,0,65,0,15,101,0,116,90,0,90,206
04/23/2010,OXR,CA,AWP,WE,Federal Contract Tower,0,10,31,0,41,0,16,79,0,95,0,26,110,0,136,122,0,122,258
04/24/2010,OXR,CA,AWP,WE,Federal Contract Tower,0,4,14,0,18,0,2,37,0,39,0,6,51,0,57,60,0,60,117
04/25/2010,OXR,CA,AWP,WE,Federal Contract Tower,0,7,45,0,52,0,0,1,0,1,0,7,46,0,53,6,0,6,59
04/26/2010,OXR,CA,AWP,WE,Federal Contract Tower,0,25,43,0,68,0,0,0,0,0,0,25,43,0,68,0,0,0,68
04/27/2010,OXR,CA,AWP,WE,Federal Contract Tower,0,9,51,0,60,0,2,8,0,10,0,11,59,0,70,2,0,2,72
04/28/2010,OXR,CA,AWP,WE,Federal Contract Tower,0,9,20,0,29,0,1,28,0,29,0,10,48,0,58,55,0,55,113
04/29/2010,OXR,CA,AWP,WE,Federal Contract Tower,0,7,7,0,14,0,5,17,0,22,0,12,24,0,36,49,0,49,85
04/30/2010,OXR,CA,AWP,WE,Federal Contract Tower,0,6,11,0,17,0,10,50,0,60,0,16,61,0,77,104,0,104,181
05/01/2010,OXR,CA,AWP,WE,Federal Contract Tower,0,4,9,0,13,0,5,63,0,68,0,9,72,0,81,117,0,117,198
05/02/2010,OXR,CA,AWP,WE,Federal Contract Tower,0,7,8,0,15,0,7,85,0,92,0,14,93,0,107,57,0,57,164
05/03/2010,OXR,CA,AWP,WE,Federal Contract Tower,0,12,13,0,25,0,18,49,0,67,0,30,62,0,92,58,0,58,150
05/04/2010,OXR,CA,AWP,WE,Federal Contract Tower,0,10,10,0,20,0,10,42,0,52,0,20,52,0,72,90,0,90,162
05/05/2010,OXR,CA,AWP,WE,Federal Contract Tower,0,10,10,0,20,0,1,47,0,48,0,11,57,0,68,100,0,100,168
05/06/2010,OXR,CA,AWP,WE,Federal Contract Tower,0,9,17,0,26,0,4,57,0,61,0,13,74,0,87,110,0,110,197
05/07/2010,OXR,CA,AWP,WE,Federal Contract Tower,0,12,16,0,28,0,9,76,0,85,0,21,92,0,113,111,0,111,224
05/08/2010,OXR,CA,AWP,WE,Federal Contract Tower,0,4,11,0,15,0,4,63,0,67,0,8,74,0,82,80,0,80,162
05/09/2010,OXR,CA,AWP,WE,Federal Contract Tower,0,10,18,0,28,0,1,38,0,39,0,11,56,0,67,28,0,28,95
05/10/2010,OXR,CA,AWP,WE,Federal Contract Tower,0,7,11,0,18,0,10,19,0,29,0,17,30,0,47,12,0,12,59
05/11/2010,OXR,CA,AWP,WE,Federal Contract Tower,0,9,8,0,17,0,12,32,0,44,0,21,40,0,61,46,0,46,107
05/12/2010,OXR,CA,AWP,WE,Federal Contract Tower,0,6,13,0,19,0,7,62,0,69,0,13,75,0,88,119,0,119,207
05/13/2010,OXR,CA,AWP,WE,Federal Contract Tower,0,5,17,0,22,3,75,0,0,78,3,80,17,0,100,37,0,37,137
05/14/2010,OXR,CA,AWP,WE,Federal Contract Tower,0,10,27,0,37,0,6,39,0,45,0,16,66,0,82,78,0,78,160
05/15/2010,OXR,CA,AWP,WE,Federal Contract Tower,0,6,25,0,31,0,2,3,0,5,0,8,28,0,36,1,0,1,37
05/16/2010,OXR,CA,AWP,WE,Federal Contract Tower,0,5,46,0,51,0,3,2,0,5,0,8,48,0,56,14,0,14,70
05/17/2010,OXR,CA,AWP,WE,Federal Contract Tower,0,8,31,0,39,0,0,7,0,7,0,8,38,0,46,7,0,7,53
05/18/2010,OXR,CA,AWP,WE,Federal Contract Tower,0,9,38,0,47,0,2,23,0,25,0,11,61,0,72,42,0,42,114
05/19/2010,OXR,CA,AWP,WE,Federal Contract Tower,0,10,34,0,44,0,3,37,0,40,0,13,71,0,84,17,0,17,101
05/20/2010,OXR,CA,AWP,WE,Federal Contract Tower,0,7,6,0,13,0,6,56,0,62,0,13,62,0,75,114,0,114,189
05/21/2010,OXR,CA,AWP,WE,Federal Contract Tower,0,7,18,0,25,0,10,72,0,82,0,17,90,0,107,147,0,147,254
05/22/2010,OXR,CA,AWP,WE,Federal Contract Tower,0,5,13,0,18,0,1,51,0,52,0,6,64,0,70,102,0,102,172
05/23/2010,OXR,CA,AWP,WE,Federal Contract Tower,0,8,9,0,17,0,10,24,0,34,0,18,33,0,51,29,0,29,80
05/24/2010,OXR,CA,AWP,WE,Federal Contract Tower,0,8,24,0,32,0,12,51,0,63,0,20,75,0,95,93,0,93,188
05/25/2010,OXR,CA,AWP,WE,Federal Contract Tower,0,10,31,0,41,0,11,74,0,85,0,21,105,0,126,113,0,113,239
05/26/2010,OXR,CA,AWP,WE,Federal Contract Tower,0,6,28,0,34,0,5,50,0,55,0,11,78,0,89,74,0,74,163
05/27/2010,OXR,CA,AWP,WE,Federal Contract Tower,0,8,15,0,23,0,5,37,0,42,0,13,52,0,65,56,0,56,121
05/28/2010,OXR,CA,AWP,WE,Federal Contract Tower,0,7,12,0,19,0,6,71,0,77,0,13,83,0,96,150,0,150,246
05/29/2010,OXR,CA,AWP,WE,Federal Contract Tower,0,4,5,0,9,0,4,63,0,67,0,8,68,0,76,79,0,79,155
05/30/2010,OXR,CA,AWP,WE,Federal Contract Tower,0,4,6,0,10,0,8,79,0,87,0,12,85,0,97,125,0,125,222
05/31/2010,OXR,CA,AWP,WE,Federal Contract Tower,0,5,11,0,16,0,9,67,1,77,0,14,78,1,93,73,0,73,166
06/01/2010,OXR,CA,AWP,WE,Federal Contract Tower,0,7,11,0,18,0,7,32,0,39,0,14,43,0,57,65,0,65,122
06/02/2010,OXR,CA,AWP,WE,Federal Contract Tower,0,9,36,0,45,0,6,51,0,57,0,15,87,0,102,84,0,84,186
06/03/2010,OXR,CA,AWP,WE,Federal Contract Tower,0,12,67,0,79,0,0,0,0,0,0,12,67,0,79,0,0,0,79
06/04/2010,OXR,CA,AWP,WE,Federal Contract Tower,0,14,46,0,60,0,0,13,0,13,0,14,59,0,73,4,0,4,77
06/05/2010,OXR,CA,AWP,WE,Federal Contract Tower,0,8,38,0,46,0,11,1,0,12,0,19,39,0,58,0,0,0,58
06/06/2010,OXR,CA,AWP,WE,Federal Contract Tower,0,12,35,0,47,0,0,9,0,9,0,12,44,0,56,0,0,0,56
06/07/2010,OXR,CA,AWP,WE,Federal Contract Tower,0,8,45,0,53,0,5,13,0,18,0,13,58,0,71,16,0,16,87
06/08/2010,OXR,CA,AWP,WE,Federal Contract Tower,0,18,40,0,58,0,5,16,0,21,0,23,56,0,79,0,0,0,79
06/09/2010,OXR,CA,AWP,WE,Federal Contract Tower,0,6,34,0,40,0,17,36,0,53,0,23,70,0,93,109,0,109,202
06/10/2010,OXR,CA,AWP,WE,Federal Contract Tower,0,5,41,0,46,0,7,68,0,75,0,12,109,0,121,106,0,106,227
06/11/2010,OXR,CA,AWP,WE,Federal Contract Tower,0,4,33,0,37,0,0,56,0,56,0,4,89,0,93,135,0,135,228
06/12/2010,OXR,CA,AWP,WE,Federal Contract Tower,0,5,49,0,54,0,4,56,0,60,0,9,105,0,114,48,0,48,162
06/13/2010,OXR,CA,AWP,WE,Federal Contract Tower,0,5,45,0,50,0,5,43,0,48,0,10,88,0,98,33,0,33,131
06/14/2010,OXR,CA,AWP,WE,Federal Contract Tower,0,6,48,0,54,0,1,3,0,4,0,7,51,0,58,0,0,0,58
06/15/2010,OXR,CA,AWP,WE,Federal Contract Tower,0,8,20,2,30,0,0,6,0,6,0,8,26,2,36,4,0,4,40
06/16/2010,OXR,CA,AWP,WE,Federal Contract Tower,0,5,29,0,34,0,2,46,0,48,0,7,75,0,82,18,0,18,100
06/17/2010,OXR,CA,AWP,WE,Federal Contract Tower,0,2,33,0,35,0,3,45,0,48,0,5,78,0,83,109,0,109,192
06/18/2010,OXR,CA,AWP,WE,Federal Contract Tower,0,5,51,0,56,0,2,40,0,42,0,7,91,0,98,74,0,74,172
06/19/2010,OXR,CA,AWP,WE,Federal Contract Tower,0,0,50,0,50,0,1,55,0,56,0,1,105,0,106,79,0,79,185
06/20/2010,OXR,CA,AWP,WE,Federal Contract Tower,0,0,11,0,11,0,5,82,0,87,0,5,93,0,98,101,0,101,199
06/21/2010,OXR,CA,AWP,WE,Federal Contract Tower,0,3,30,0,33,0,9,35,0,44,0,12,65,0,77,70,0,70,147
06/22/2010,OXR,CA,AWP,WE,Federal Contract Tower,0,7,43,1,51,0,10,24,0,34,0,17,67,1,85,45,0,45,130
06/23/2010,OXR,CA,AWP,WE,Federal Contract Tower,0,5,66,0,71,0,4,27,0,31,0,9,93,0,102,27,0,27,129
06/24/2010,OXR,CA,AWP,WE,Federal Contract Tower,0,2,40,0,42,0,1,37,0,38,0,3,77,0,80,81,0,81,161
06/25/2010,OXR,CA,AWP,WE,Federal Contract Tower,0,2,24,0,26,0,3,90,0,93,0,5,114,0,119,178,0,178,297
06/26/2010,OXR,CA,AWP,WE,Federal Contract Tower,0,0,26,0,26,0,2,36,0,38,0,2,62,0,64,124,0,124,188
06/27/2010,OXR,CA,AWP,WE,Federal Contract Tower,0,0,32,0,32,0,0,26,0,26,0,0,58,0,58,29,0,29,87
06/28/2010,OXR,CA,AWP,WE,Federal Contract Tower,0,4,28,1,33,0,3,6,0,9,0,7,34,1,42,6,0,6,48
06/29/2010,OXR,CA,AWP,WE,Federal Contract Tower,0,11,48,0,59,0,4,6,0,10,0,15,54,0,69,9,0,9,78
06/30/2010,OXR,CA,AWP,WE,Federal Contract Tower,0,9,40,0,49,0,11,14,1,26,0,20,54,1,75,9,0,9,84
07/01/2010,OXR,CA,AWP,WE,Federal Contract Tower,0,4,38,0,42,0,18,53,0,71,0,22,91,0,113,16,0,16,129
07/02/2010,OXR,CA,AWP,WE,Federal Contract Tower,0,4,37,0,41,0,3,46,0,49,0,7,83,0,90,94,0,94,184
07/03/2010,OXR,CA,AWP,WE,Federal Contract Tower,0,0,35,0,35,0,3,48,0,51,0,3,83,0,86,82,0,82,168
07/04/2010,OXR,CA,AWP,WE,Federal Contract Tower,0,0,8,0,8,0,3,30,0,33,0,3,38,0,41,54,0,54,95
07/05/2010,OXR,CA,AWP,WE,Federal Contract Tower,0,2,41,0,43,0,2,29,0,31,0,4,70,0,74,58,0,58,132
07/06/2010,OXR,CA,AWP,WE,Federal Contract Tower,0,7,27,0,34,0,2,12,0,14,0,9,39,0,48,38,0,38,86
07/07/2010,OXR,CA,AWP,WE,Federal Contract Tower,0,4,38,0,42,0,5,9,0,14,0,9,47,0,56,19,0,19,75
07/08/2010,OXR,CA,AWP,WE,Federal Contract Tower,0,9,50,1,60,0,2,3,0,5,0,11,53,1,65,0,0,0,65
07/09/2010,OXR,CA,AWP,WE,Federal Contract Tower,0,5,50,0,55,0,4,20,0,24,0,9,70,0,79,19,0,19,98
07/10/2010,OXR,CA,AWP,WE,Federal Contract Tower,0,6,41,0,47,0,0,19,0,19,0,6,60,0,66,0,0,0,66
07/11/2010,OXR,CA,AWP,WE,Federal Contract Tower,0,2,33,0,35,0,7,15,0,22,0,9,48,0,57,13,0,13,70
07/12/2010,OXR,CA,AWP,WE,Federal Contract Tower,0,8,22,0,30,0,4,18,0,22,0,12,40,0,52,20,0,20,72
07/13/2010,OXR,CA,AWP,WE,Federal Contract Tower,0,1,24,2,27,0,18,37,0,55,0,19,61,2,82,74,0,74,156
07/14/2010,OXR,CA,AWP,WE,Federal Contract Tower,0,11,28,0,39,0,13,87,0,100,0,24,115,0,139,140,0,140,279
07/15/2010,OXR,CA,AWP,WE,Federal Contract Tower,0,8,15,0,23,0,15,78,0,93,0,23,93,0,116,162,0,162,278
07/16/2010,OXR,CA,AWP,WE,Federal Contract Tower,0,16,34,0,50,0,23,105,3,131,0,39,139,3,181,181,0,181,362
07/17/2010,OXR,CA,AWP,WE,Federal Contract Tower,0,0,26,0,26,0,7,79,0,86,0,7,105,0,112,186,0,186,298
07/18/2010,OXR,CA,AWP,WE,Federal Contract Tower,0,0,35,0,35,0,7,53,0,60,0,7,88,0,95,90,0,90,185
07/19/2010,OXR,CA,AWP,WE,Federal Contract Tower,0,3,22,0,25,0,8,7,0,15,0,11,29,0,40,13,0,13,53
07/20/2010,OXR,CA,AWP,WE,Federal Contract Tower,0,11,61,0,72,0,0,7,0,7,0,11,68,0,79,5,0,5,84
07/21/2010,OXR,CA,AWP,WE,Federal Contract Tower,0,8,34,0,42,0,9,24,0,33,0,17,58,0,75,71,0,71,146
07/22/2010,OXR,CA,AWP,WE,Federal Contract Tower,0,6,55,0,61,0,8,25,0,33,0,14,80,0,94,27,0,27,121
07/23/2010,OXR,CA,AWP,WE,Federal Contract Tower,0,18,51,0,69,0,1,3,0,4,0,19,54,0,73,0,0,0,73
07/24/2010,OXR,CA,AWP,WE,Federal Contract Tower,0,9,33,0,42,0,0,22,0,22,0,9,55,0,64,25,0,25,89
07/25/2010,OXR,CA,AWP,WE,Federal Contract Tower,0,3,39,0,42,0,4,6,0,10,0,7,45,0,52,0,0,0,52
07/26/2010,OXR,CA,AWP,WE,Federal Contract Tower,0,11,42,0,53,0,6,7,0,13,0,17,49,0,66,12,0,12,78
07/27/2010,OXR,CA,AWP,WE,Federal Contract Tower,0,2,20,0,22,0,7,44,0,51,0,9,64,0,73,120,0,120,193
07/28/2010,OXR,CA,AWP,WE,Federal Contract Tower,0,4,32,0,36,0,8,61,0,69,0,12,93,0,105,115,0,115,220
07/29/2010,OXR,CA,AWP,WE,Federal Contract Tower,0,2,19,0,21,0,11,48,0,59,0,13,67,0,80,109,0,109,189
07/30/2010,OXR,CA,AWP,WE,Federal Contract Tower,0,13,39,0,52,0,5,3,0,8,0,18,42,0,60,0,0,0,60
07/31/2010,OXR,CA,AWP,WE,Federal Contract Tower,0,1,37,0,38,0,1,28,0,29,0,2,65,0,67,11,0,11,78
08/01/2010,OXR,CA,AWP,WE,Federal Contract Tower,0,0,39,0,39,0,2,14,0,16,0,2,53,0,55,0,0,0,55
08/02/2010,OXR,CA,AWP,WE,Federal Contract Tower,0,14,14,0,28,0,8,22,0,30,0,22,36,0,58,15,0,15,73
08/03/2010,OXR,CA,AWP,WE,Federal Contract Tower,0,6,26,0,32,0,2,40,0,42,0,8,66,0,74,20,0,20,94
08/04/2010,OXR,CA,AWP,WE,Federal Contract Tower,0,9,34,0,43,0,2,3,0,5,0,11,37,0,48,0,0,0,48
08/05/2010,OXR,CA,AWP,WE,Federal Contract Tower,0,5,47,0,52,0,2,6,0,8,0,7,53,0,60,0,0,0,60
08/06/2010,OXR,CA,AWP,WE,Federal Contract Tower,0,6,23,0,29,0,1,8,0,9,0,7,31,0,38,19,0,19,57
08/07/2010,OXR,CA,AWP,WE,Federal Contract Tower,0,0,27,0,27,0,5,27,0,32,0,5,54,0,59,39,0,39,98
08/08/2010,OXR,CA,AWP,WE,Federal Contract Tower,0,2,15,0,17,0,6,44,0,50,0,8,59,0,67,54,0,54,121
08/09/2010,OXR,CA,AWP,WE,Federal Contract Tower,0,2,19,0,21,0,13,35,0,48,0,15,54,0,69,40,0,40,109
08/10/2010,OXR,CA,AWP,WE,Federal Contract Tower,0,6,13,0,19,0,7,27,0,34,0,13,40,0,53,44,0,44,97
08/11/2010,OXR,CA,AWP,WE,Federal Contract Tower,0,3,26,0,29,0,4,19,0,23,0,7,45,0,52,32,0,32,84
08/12/2010,OXR,CA,AWP,WE,Federal Contract Tower,0,4,39,0,43,0,6,29,0,35,0,10,68,0,78,18,8,26,104
08/13/2010,OXR,CA,AWP,WE,Federal Contract Tower,0,3,36,0,39,0,2,32,0,34,0,5,68,0,73,103,0,103,176
08/14/2010,OXR,CA,AWP,WE,Federal Contract Tower,0,4,39,0,43,0,0,17,0,17,0,4,56,0,60,25,0,25,85
08/15/2010,OXR,CA,AWP,WE,Federal Contract Tower,0,6,17,0,23,0,0,61,0,61,0,6,78,0,84,173,0,173,257
08/16/2010,OXR,CA,AWP,WE,Federal Contract Tower,0,6,18,0,24,0,8,35,0,43,0,14,53,0,67,70,0,70,137
08/17/2010,OXR,CA,AWP,WE,Federal Contract Tower,0,5,15,0,20,0,12,41,0,53,0,17,56,0,73,66,0,66,139
08/18/2010,OXR,CA,AWP,WE,Federal Contract Tower,0,0,19,2,21,0,2,64,0,66,0,2,83,2,87,112,0,112,199
08/19/2010,OXR,CA,AWP,WE,Federal Contract Tower,0,2,43,0,45,0,14,61,0,75,0,16,104,0,120,120,0,120,240
08/20/2010,OXR,CA,AWP,WE,Federal Contract Tower,0,8,33,1,42,0,6,78,11,95,0,14,111,12,137,154,0,154,291
08/21/2010,OXR,CA,AWP,WE,Federal Contract Tower,0,2,20,0,22,0,2,60,0,62,0,4,80,0,84,41,0,41,125
08/22/2010,OXR,CA,AWP,WE,Federal Contract Tower,0,4,18,0,22,0,4,104,4,112,0,8,122,4,134,80,0,80,214
08/23/2010,OXR,CA,AWP,WE,Federal Contract Tower,0,6,22,0,28,0,16,63,0,79,0,22,85,0,107,76,0,76,183
08/24/2010,OXR,CA,AWP,WE,Federal Contract Tower,0,7,7,0,14,0,7,53,0,60,0,14,60,0,74,98,0,98,172
08/25/2010,OXR,CA,AWP,WE,Federal Contract Tower,0,6,57,0,63,0,2,5,0,7,0,8,62,0,70,2,0,2,72
08/26/2010,OXR,CA,AWP,WE,Federal Contract Tower,0,5,49,0,54,0,1,14,0,15,0,6,63,0,69,14,0,14,83
08/27/2010,OXR,CA,AWP,WE,Federal Contract Tower,0,7,27,0,34,0,2,23,1,26,0,9,50,1,60,48,0,48,108
08/28/2010,OXR,CA,AWP,WE,Federal Contract Tower,0,3,33,0,36,0,3,49,0,52,0,6,82,0,88,70,0,70,158
08/29/2010,OXR,CA,AWP,WE,Federal Contract Tower,0,4,15,0,19,0,3,71,0,74,0,7,86,0,93,94,0,94,187
08/30/2010,OXR,CA,AWP,WE,Federal Contract Tower,0,2,21,0,23,0,6,61,0,67,0,8,82,0,90,125,0,125,215
08/31/2010,OXR,CA,AWP,WE,Federal Contract Tower,0,2,32,0,34,0,3,54,0,57,0,5,86,0,91,58,0,58,149
09/01/2010,OXR,CA,AWP,WE,Federal Contract Tower,0,4,24,0,28,0,4,33,0,37,0,8,57,0,65,36,0,36,101
09/02/2010,OXR,CA,AWP,WE,Federal Contract Tower,0,9,33,0,42,0,2,15,0,17,0,11,48,0,59,3,0,3,62
09/03/2010,OXR,CA,AWP,WE,Federal Contract Tower,0,5,42,0,47,0,2,3,0,5,0,7,45,0,52,2,0,2,54
09/04/2010,OXR,CA,AWP,WE,Federal Contract Tower,0,4,14,0,18,0,2,58,0,60,0,6,72,0,78,80,0,80,158
09/05/2010,OXR,CA,AWP,WE,Federal Contract Tower,0,1,15,0,16,0,1,30,0,31,0,2,45,0,47,34,0,34,81
09/06/2010,OXR,CA,AWP,WE,Federal Contract Tower,0,2,19,0,21,0,4,55,0,59,0,6,74,0,80,156,0,156,236
09/07/2010,OXR,CA,AWP,WE,Federal Contract Tower,0,5,55,0,60,0,4,17,0,21,0,9,72,0,81,73,0,73,154
09/08/2010,OXR,CA,AWP,WE,Federal Contract Tower,0,2,37,0,39,0,6,23,0,29,0,8,60,0,68,120,0,120,188
09/09/2010,OXR,CA,AWP,WE,Federal Contract Tower,0,2,23,0,25,0,11,32,0,43,0,13,55,0,68,92,0,92,160
09/10/2010,OXR,CA,AWP,WE,Federal Contract Tower,0,2,43,0,45,0,7,50,0,57,0,9,93,0,102,95,0,95,197
09/11/2010,OXR,CA,AWP,WE,Federal Contract Tower,0,7,48,0,55,0,0,2,0,2,0,7,50,0,57,1,0,1,58
09/12/2010,OXR,CA,AWP,WE,Federal Contract Tower,0,2,46,0,48,0,1,15,0,16,0,3,61,0,64,8,0,8,72
09/13/2010,OXR,CA,AWP,WE,Federal Contract Tower,0,5,24,0,29,0,16,31,0,47,0,21,55,0,76,80,0,80,156
09/14/2010,OXR,CA,AWP,WE,Federal Contract Tower,0,2,41,0,43,0,16,58,0,74,0,18,99,0,117,68,0,68,185
09/15/2010,OXR,CA,AWP,WE,Federal Contract Tower,0,4,29,0,33,0,0,26,0,26,0,4,55,0,59,116,0,116,175
09/16/2010,OXR,CA,AWP,WE,Federal Contract Tower,0,1,26,3,30,0,4,27,0,31,0,5,53,3,61,83,0,83,144
09/17/2010,OXR,CA,AWP,WE,Federal Contract Tower,0,13,43,0,56,0,0,1,0,1,0,13,44,0,57,0,0,0,57
09/18/2010,OXR,CA,AWP,WE,Federal Contract Tower,0,3,39,0,42,0,0,8,0,8,0,3,47,0,50,13,0,13,63
09/19/2010,OXR,CA,AWP,WE,Federal Contract Tower,0,3,24,0,27,0,1,63,0,64,0,4,87,0,91,140,0,140,231
09/20/2010,OXR,CA,AWP,WE,Federal Contract Tower,0,10,11,4,25,0,1,5,0,6,0,11,16,4,31,8,0,8,39
09/21/2010,OXR,CA,AWP,WE,Federal Contract Tower,2,16,0,0,18,0,1,5,0,6,2,17,5,0,24,12,0,12,36
09/22/2010,OXR,CA,AWP,WE,Federal Contract Tower,0,1,9,0,10,0,9,32,0,41,0,10,41,0,51,63,0,63,114
09/23/2010,OXR,CA,AWP,WE,Federal Contract Tower,0,2,7,0,9,0,3,45,0,48,0,5,52,0,57,68,0,68,125
09/24/2010,OXR,CA,AWP,WE,Federal Contract Tower,0,2,13,0,15,0,9,66,0,75,0,11,79,0,90,140,0,140,230
09/25/2010,OXR,CA,AWP,WE,Federal Contract Tower,0,0,19,0,19,0,4,70,0,74,0,4,89,0,93,117,0,117,210
09/26/2010,OXR,CA,AWP,WE,Federal Contract Tower,0,1,16,0,17,0,3,75,0,78,0,4,91,0,95,156,0,156,251
09/27/2010,OXR,CA,AWP,WE,Federal Contract Tower,0,3,20,0,23,0,9,28,0,37,0,12,48,0,60,56,0,56,116
09/28/2010,OXR,CA,AWP,WE,Federal Contract Tower,0,3,17,0,20,0,7,46,0,53,0,10,63,0,73,50,0,50,123
09/29/2010,OXR,CA,AWP,WE,Federal Contract Tower,0,8,16,0,24,0,8,51,0,59,0,16,67,0,83,14,0,14,97
09/30/2010,OXR,CA,AWP,WE,Federal Contract Tower,0,14,12,0,26,0,16,46,0,62,0,30,58,0,88,67,0,67,155
10/01/2010,OXR,CA,AWP,WE,Federal Contract Tower,0,6,20,0,26,0,8,76,0,84,0,14,96,0,110,147,0,147,257
10/02/2010,OXR,CA,AWP,WE,Federal Contract Tower,0,4,24,0,28,0,0,41,0,41,0,4,65,0,69,33,0,33,102
10/03/2010,OXR,CA,AWP,WE,Federal Contract Tower,0,8,43,0,51,0,0,0,0,0,0,8,43,0,51,0,0,0,51
10/04/2010,OXR,CA,AWP,WE,Federal Contract Tower,0,7,43,0,50,0,2,8,0,10,0,9,51,0,60,6,0,6,66
10/05/2010,OXR,CA,AWP,WE,Federal Contract Tower,0,4,39,0,43,0,9,36,0,45,0,13,75,0,88,50,0,50,138
10/06/2010,OXR,CA,AWP,WE,Federal Contract Tower,0,3,20,0,23,0,11,15,0,26,0,14,35,0,49,28,0,28,77
10/07/2010,OXR,CA,AWP,WE,Federal Contract Tower,0,6,48,0,54,0,4,54,0,58,0,10,102,0,112,135,0,135,247
10/08/2010,OXR,CA,AWP,WE,Federal Contract Tower,0,4,28,0,32,0,8,80,0,88,0,12,108,0,120,258,0,258,378
10/09/2010,OXR,CA,AWP,WE,Federal Contract Tower,0,0,33,0,33,0,4,53,0,57,0,4,86,0,90,243,0,243,333
10/10/2010,OXR,CA,AWP,WE,Federal Contract Tower,0,0,37,0,37,0,1,89,0,90,0,1,126,0,127,219,0,219,346
10/11/2010,OXR,CA,AWP,WE,Federal Contract Tower,0,2,35,0,37,0,0,21,0,21,0,2,56,0,58,52,0,52,110
10/12/2010,OXR,CA,AWP,WE,Federal Contract Tower,0,9,42,0,51,0,9,32,0,41,0,18,74,0,92,20,0,20,112
10/13/2010,OXR,CA,AWP,WE,Federal Contract Tower,0,4,51,2,57,0,0,0,0,0,0,4,51,2,57,6,0,6,63
10/14/2010,OXR,CA,AWP,WE,Federal Contract Tower,0,10,57,1,68,0,0,3,0,3,0,10,60,1,71,12,0,12,83
10/15/2010,OXR,CA,AWP,WE,Federal Contract Tower,0,11,41,0,52,0,0,0,0,0,0,11,41,0,52,0,0,0,52
10/16/2010,OXR,CA,AWP,WE,Federal Contract Tower,0,1,60,0,61,0,0,2,0,2,0,1,62,0,63,28,0,28,91
10/17/2010,OXR,CA,AWP,WE,Federal Contract Tower,0,0,57,0,57,0,0,10,0,10,0,0,67,0,67,30,0,30,97
10/18/2010,OXR,CA,AWP,WE,Federal Contract Tower,0,11,52,0,63,0,8,6,0,14,0,19,58,0,77,0,0,0,77
10/19/2010,OXR,CA,AWP,WE,Federal Contract Tower,0,12,11,0,23,0,0,9,0,9,0,12,20,0,32,14,0,14,46
10/20/2010,OXR,CA,AWP,WE,Federal Contract Tower,0,3,31,1,35,0,6,10,0,16,0,9,41,1,51,31,0,31,82
10/21/2010,OXR,CA,AWP,WE,Federal Contract Tower,0,8,58,0,66,0,5,11,0,16,0,13,69,0,82,24,0,24,106
10/22/2010,OXR,CA,AWP,WE,Federal Contract Tower,0,3,9,1,13,0,7,40,0,47,0,10,49,1,60,187,0,187,247
10/23/2010,OXR,CA,AWP,WE,Federal Contract Tower,0,2,39,1,42,0,2,32,1,35,0,4,71,2,77,104,0,104,181
10/24/2010,OXR,CA,AWP,WE,Federal Contract Tower,0,1,55,0,56,0,5,32,0,37,0,6,87,0,93,74,0,74,167
10/25/2010,OXR,CA,AWP,WE,Federal Contract Tower,0,3,23,0,26,0,3,45,6,54,0,6,68,6,80,88,0,88,168
10/26/2010,OXR,CA,AWP,WE,Federal Contract Tower,0,1,33,0,34,0,11,40,0,51,0,12,73,0,85,88,0,88,173
10/27/2010,OXR,CA,AWP,WE,Federal Contract Tower,0,6,9,0,15,0,10,30,0,40,0,16,39,0,55,54,0,54,109
10/28/2010,OXR,CA,AWP,WE,Federal Contract Tower,0,3,33,0,36,0,6,70,0,76,0,9,103,0,112,45,0,45,157
10/29/2010,OXR,CA,AWP,WE,Federal Contract Tower,0,6,19,0,25,0,8,69,0,77,0,14,88,0,102,106,0,106,208
10/30/2010,OXR,CA,AWP,WE,Federal Contract Tower,0,0,22,0,22,0,3,52,0,55,0,3,74,0,77,94,0,94,171
10/31/2010,OXR,CA,AWP,WE,Federal Contract Tower,0,4,16,0,20,0,7,60,0,67,0,11,76,0,87,100,0,100,187
11/01/2010,OXR,CA,AWP,WE,Federal Contract Tower,0,2,23,0,25,0,3,69,0,72,0,5,92,0,97,80,0,80,177
11/02/2010,OXR,CA,AWP,WE,Federal Contract Tower,0,2,16,0,18,0,6,35,0,41,0,8,51,0,59,22,0,22,81
11/03/2010,OXR,CA,AWP,WE,Federal Contract Tower,0,1,30,0,31,0,24,30,0,54,0,25,60,0,85,32,0,32,117
11/04/2010,OXR,CA,AWP,WE,Federal Contract Tower,0,4,20,0,24,0,8,66,0,74,0,12,86,0,98,88,0,88,186
11/05/2010,OXR,CA,AWP,WE,Federal Contract Tower,0,3,35,0,38,0,1,74,0,75,0,4,109,0,113,113,0,113,226
11/06/2010,OXR,CA,AWP,WE,Federal Contract Tower,0,1,29,0,30,0,3,20,0,23,0,4,49,0,53,16,0,16,69
11/07/2010,OXR,CA,AWP,WE,Federal Contract Tower,0,2,33,0,35,0,0,65,0,65,0,2,98,0,100,204,0,204,304
11/08/2010,OXR,CA,AWP,WE,Federal Contract Tower,0,5,7,0,12,0,5,28,0,33,0,10,35,0,45,32,0,32,77
11/09/2010,OXR,CA,AWP,WE,Federal Contract Tower,0,10,37,0,47,0,18,56,0,74,0,28,93,0,121,116,0,116,237
11/10/2010,OXR,CA,AWP,WE,Federal Contract Tower,0,12,27,0,39,0,8,44,0,52,0,20,71,0,91,70,0,70,161
11/11/2010,OXR,CA,AWP,WE,Federal Contract Tower,0,2,14,0,16,0,7,30,0,37,0,9,44,0,53,4,0,4,57
11/12/2010,OXR,CA,AWP,WE,Federal Contract Tower,0,7,12,0,19,0,4,46,0,50,0,11,58,0,69,35,0,35,104
11/13/2010,OXR,CA,AWP,WE,Federal Contract Tower,0,0,12,0,12,0,0,63,0,63,0,0,75,0,75,46,0,46,121
11/14/2010,OXR,CA,AWP,WE,Federal Contract Tower,0,2,17,0,19,0,2,46,0,48,0,4,63,0,67,100,0,100,167
11/15/2010,OXR,CA,AWP,WE,Federal Contract Tower,0,3,20,0,23,0,2,53,0,55,0,5,73,0,78,42,0,42,120
11/16/2010,OXR,CA,AWP,WE,Federal Contract Tower,0,12,41,0,53,0,4,33,0,37,0,16,74,0,90,42,0,42,132
11/17/2010,OXR,CA,AWP,WE,Federal Contract Tower,0,13,31,0,44,0,6,61,0,67,0,19,92,0,111,80,0,80,191
11/18/2010,OXR,CA,AWP,WE,Federal Contract Tower,0,3,35,0,38,0,4,54,0,58,0,7,89,0,96,61,0,61,157
11/19/2010,OXR,CA,AWP,WE,Federal Contract Tower,0,6,40,0,46,0,16,18,0,34,0,22,58,0,80,113,0,113,193
11/20/2010,OXR,CA,AWP,WE,Federal Contract Tower,0,6,29,0,35,0,3,8,0,11,0,9,37,0,46,14,0,14,60
11/21/2010,OXR,CA,AWP,WE,Federal Contract Tower,0,0,17,0,17,0,4,22,0,26,0,4,39,0,43,48,0,48,91
11/22/2010,OXR,CA,AWP,WE,Federal Contract Tower,0,6,14,0,20,0,3,33,0,36,0,9,47,0,56,60,0,60,116
11/23/2010,OXR,CA,AWP,WE,Federal Contract Tower,0,3,15,0,18,0,7,36,0,43,0,10,51,0,61,54,0,54,115
11/24/2010,OXR,CA,AWP,WE,Federal Contract Tower,0,4,22,0,26,0,9,51,0,60,0,13,73,0,86,82,0,82,168
11/25/2010,OXR,CA,AWP,WE,Federal Contract Tower,0,0,0,0,0,0,10,0,0,10,0,10,0,0,10,13,0,13,23
11/26/2010,OXR,CA,AWP,WE,Federal Contract Tower,0,4,14,0,18,0,8,62,0,70,0,12,76,0,88,32,0,32,120
11/27/2010,OXR,CA,AWP,WE,Federal Contract Tower,0,0,12,0,12,0,4,49,0,53,0,4,61,0,65,58,0,58,123
11/28/2010,OXR,CA,AWP,WE,Federal Contract Tower,0,1,9,0,10,0,1,24,0,25,0,2,33,0,35,50,0,50,85
11/29/2010,OXR,CA,AWP,WE,Federal Contract Tower,0,3,9,0,12,0,9,28,0,37,0,12,37,0,49,36,0,36,85
11/30/2010,OXR,CA,AWP,WE,Federal Contract Tower,0,1,17,0,18,0,7,53,0,60,0,8,70,0,78,102,0,102,180
12/01/2010,OXR,CA,AWP,WE,Federal Contract Tower,0,2,17,0,19,0,4,62,0,66,0,6,79,0,85,84,0,84,169
12/02/2010,OXR,CA,AWP,WE,Federal Contract Tower,0,2,26,0,28,0,4,59,0,63,0,6,85,0,91,129,0,129,220
12/03/2010,OXR,CA,AWP,WE,Federal Contract Tower,0,0,22,0,22,0,7,54,0,61,0,7,76,0,83,82,0,82,165
12/04/2010,OXR,CA,AWP,WE,Federal Contract Tower,0,2,23,0,25,0,3,48,0,51,0,5,71,0,76,118,0,118,194
12/05/2010,OXR,CA,AWP,WE,Federal Contract Tower,0,1,16,0,17,0,5,35,0,40,0,6,51,0,57,83,0,83,140
12/06/2010,OXR,CA,AWP,WE,Federal Contract Tower,0,3,16,0,19,0,5,38,0,43,0,8,54,0,62,68,0,68,130
12/07/2010,OXR,CA,AWP,WE,Federal Contract Tower,0,5,17,0,22,0,5,63,0,68,0,10,80,0,90,100,0,100,190
12/08/2010,OXR,CA,AWP,WE,Federal Contract Tower,0,3,20,0,23,0,8,65,0,73,0,11,85,0,96,77,0,77,173
12/09/2010,OXR,CA,AWP,WE,Federal Contract Tower,0,3,21,0,24,0,2,49,0,51,0,5,70,0,75,104,0,104,179
12/10/2010,OXR,CA,AWP,WE,Federal Contract Tower,0,11,21,0,32,0,6,73,0,79,0,17,94,0,111,184,0,184,295
12/11/2010,OXR,CA,AWP,WE,Federal Contract Tower,0,0,7,0,7,0,3,66,0,69,0,3,73,0,76,214,0,214,290
12/12/2010,OXR,CA,AWP,WE,Federal Contract Tower,0,2,24,0,26,0,4,55,0,59,0,6,79,0,85,106,0,106,191
12/13/2010,OXR,CA,AWP,WE,Federal Contract Tower,0,0,25,0,25,0,1,18,0,19,0,1,43,0,44,8,0,8,52
12/14/2010,OXR,CA,AWP,WE,Federal Contract Tower,0,13,34,0,47,0,1,2,0,3,0,14,36,0,50,0,0,0,50
12/15/2010,OXR,CA,AWP,WE,Federal Contract Tower,0,9,43,2,54,0,0,0,1,1,0,9,43,3,55,0,8,8,63
12/16/2010,OXR,CA,AWP,WE,Federal Contract Tower,0,6,27,0,33,0,13,65,0,78,0,19,92,0,111,191,0,191,302
12/17/2010,OXR,CA,AWP,WE,Federal Contract Tower,0,5,19,0,24,0,0,0,0,0,0,5,19,0,24,0,0,0,24
12/18/2010,OXR,CA,AWP,WE,Federal Contract Tower,0,1,13,0,14,0,0,1,0,1,0,1,14,0,15,0,0,0,15
12/19/2010,OXR,CA,AWP,WE,Federal Contract Tower,0,0,5,0,5,0,0,0,0,0,0,0,5,0,5,0,0,0,5
12/20/2010,OXR,CA,AWP,WE,Federal Contract Tower,0,4,9,0,13,0,0,0,0,0,0,4,9,0,13,0,0,0,13
12/21/2010,OXR,CA,AWP,WE,Federal Contract Tower,0,4,29,0,33,0,6,4,0,10,0,10,33,0,43,0,0,0,43
12/22/2010,OXR,CA,AWP,WE,Federal Contract Tower,0,8,8,0,16,0,7,10,0,17,0,15,18,0,33,12,0,12,45
12/23/2010,OXR,CA,AWP,WE,Federal Contract Tower,0,4,20,0,24,0,13,50,0,63,0,17,70,0,87,82,0,82,169
12/24/2010,OXR,CA,AWP,WE,Federal Contract Tower,0,3,11,0,14,0,8,54,0,62,0,11,65,0,76,74,0,74,150
12/25/2010,OXR,CA,AWP,WE,Federal Contract Tower,0,0,2,0,2,0,3,2,0,5,0,3,4,0,7,0,0,0,7
12/26/2010,OXR,CA,AWP,WE,Federal Contract Tower,0,0,15,0,15,0,6,47,0,53,0,6,62,0,68,96,0,96,164
12/27/2010,OXR,CA,AWP,WE,Federal Contract Tower,0,1,13,0,14,0,9,52,2,63,0,10,65,2,77,72,28,100,177
12/28/2010,OXR,CA,AWP,WE,Federal Contract Tower,0,1,23,0,24,0,8,51,0,59,0,9,74,0,83,135,0,135,218
12/29/2010,OXR,CA,AWP,WE,Federal Contract Tower,0,6,7,0,13,0,0,1,0,1,0,6,8,0,14,0,0,0,14
12/30/2010,OXR,CA,AWP,WE,Federal Contract Tower,0,1,10,0,11,0,6,35,0,41,0,7,45,0,52,56,0,56,108
12/31/2010,OXR,CA,AWP,WE,Federal Contract Tower,0,2,29,0,31,0,10,65,0,75,0,12,94,0,106,99,27,126,232
01/01/2011,OXR,CA,AWP,WE,Federal Contract Tower,0,0,1,0,1,0,2,37,0,39,0,2,38,0,40,32,0,32,72
01/02/2011,OXR,CA,AWP,WE,Federal Contract Tower,0,2,4,0,6,0,1,2,0,3,0,3,6,0,9,0,0,0,9
01/03/2011,OXR,CA,AWP,WE,Federal Contract Tower,0,2,1,0,3,0,4,22,2,28,0,6,23,2,31,68,28,96,127
01/04/2011,OXR,CA,AWP,WE,Federal Contract Tower,0,4,17,0,21,0,4,34,0,38,0,8,51,0,59,50,0,50,109
01/05/2011,OXR,CA,AWP,WE,Federal Contract Tower,0,1,10,0,11,0,7,40,0,47,0,8,50,0,58,73,0,73,131
01/06/2011,OXR,CA,AWP,WE,Federal Contract Tower,0,3,21,2,26,0,8,41,2,51,0,11,62,4,77,60,0,60,137
01/07/2011,OXR,CA,AWP,WE,Federal Contract Tower,0,4,25,0,29,0,5,56,2,63,0,9,81,2,92,58,0,58,150
01/08/2011,OXR,CA,AWP,WE,Federal Contract Tower,0,0,42,0,42,0,4,34,0,38,0,4,76,0,80,120,0,120,200
01/09/2011,OXR,CA,AWP,WE,Federal Contract Tower,0,0,28,0,28,0,4,28,0,32,0,4,56,0,60,110,0,110,170
01/10/2011,OXR,CA,AWP,WE,Federal Contract Tower,0,1,13,0,14,0,2,34,0,36,0,3,47,0,50,80,0,80,130
01/11/2011,OXR,CA,AWP,WE,Federal Contract Tower,0,7,14,0,21,0,5,29,0,34,0,12,43,0,55,66,0,66,121
01/12/2011,OXR,CA,AWP,WE,Federal Contract Tower,0,2,22,0,24,0,10,44,0,54,0,12,66,0,78,145,0,145,223
01/13/2011,OXR,CA,AWP,WE,Federal Contract Tower,0,2,19,0,21,0,12,59,0,71,0,14,78,0,92,102,0,102,194
01/14/2011,OXR,CA,AWP,WE,Federal Contract Tower,0,2,9,0,11,0,10,24,0,34,0,12,33,0,45,116,0,116,161
01/15/2011,OXR,CA,AWP,WE,Federal Contract Tower,0,0,4,0,4,0,5,69,0,74,0,5,73,0,78,140,0,140,218
01/16/2011,OXR,CA,AWP,WE,Federal Contract Tower,0,0,27,0,27,0,2,70,0,72,0,2,97,0,99,134,0,134,233
01/17/2011,OXR,CA,AWP,WE,Federal Contract Tower,0,2,26,0,28,0,6,59,0,65,0,8,85,0,93,132,0,132,225
01/18/2011,OXR,CA,AWP,WE,Federal Contract Tower,0,2,17,0,19,0,2,75,0,77,0,4,92,0,96,126,0,126,222
01/19/2011,OXR,CA,AWP,WE,Federal Contract Tower,0,1,29,0,30,0,3,55,0,58,0,4,84,0,88,106,0,106,194
01/20/2011,OXR,CA,AWP,WE,Federal Contract Tower,0,2,5,0,7,0,2,13,0,15,0,4,18,0,22,8,0,8,30
01/21/2011,OXR,CA,AWP,WE,Federal Contract Tower,0,3,31,0,34,0,9,76,2,87,0,12,107,2,121,164,22,186,307
01/22/2011,OXR,CA,AWP,WE,Federal Contract Tower,0,0,18,0,18,0,1,83,0,84,0,1,101,0,102,194,0,194,296
01/23/2011,OXR,CA,AWP,WE,Federal Contract Tower,0,0,11,0,11,0,0,29,2,31,0,0,40,2,42,2,14,16,58
01/24/2011,OXR,CA,AWP,WE,Federal Contract Tower,0,3,22,0,25,0,0,83,2,85,0,3,105,2,110,164,8,172,282
01/25/2011,OXR,CA,AWP,WE,Federal Contract Tower,0,2,38,0,40,0,4,55,0,59,0,6,93,0,99,85,0,85,184
01/26/2011,OXR,CA,AWP,WE,Federal Contract Tower,0,5,11,0,16,0,7,36,0,43,0,12,47,0,59,22,0,22,81
01/27/2011,OXR,CA,AWP,WE,Federal Contract Tower,0,7,34,0,41,0,4,45,0,49,0,11,79,0,90,85,0,85,175
01/28/2011,OXR,CA,AWP,WE,Federal Contract Tower,0,5,14,0,19,0,9,61,4,74,0,14,75,4,93,164,0,164,257
01/29/2011,OXR,CA,AWP,WE,Federal Contract Tower,0,1,38,0,39,0,2,83,0,85,0,3,121,0,124,196,0,196,320
01/30/2011,OXR,CA,AWP,WE,Federal Contract Tower,0,4,20,0,24,0,2,13,2,17,0,6,33,2,41,18,8,26,67
01/31/2011,OXR,CA,AWP,WE,Federal Contract Tower,0,2,15,0,17,0,6,46,6,58,0,8,61,6,75,84,32,116,191
02/01/2011,OXR,CA,AWP,WE,Federal Contract Tower,0,5,24,0,29,0,11,38,0,49,0,16,62,0,78,54,0,54,132
02/02/2011,OXR,CA,AWP,WE,Federal Contract Tower,0,1,10,0,11,0,6,24,0,30,0,7,34,0,41,44,0,44,85
02/03/2011,OXR,CA,AWP,WE,Federal Contract Tower,0,2,15,0,17,0,4,54,0,58,0,6,69,0,75,80,0,80,155
02/04/2011,OXR,CA,AWP,WE,Federal Contract Tower,0,6,17,0,23,0,17,107,0,124,0,23,124,0,147,170,0,170,317
02/05/2011,OXR,CA,AWP,WE,Federal Contract Tower,0,0,22,0,22,0,6,112,0,118,0,6,134,0,140,180,0,180,320
02/06/2011,OXR,CA,AWP,WE,Federal Contract Tower,0,2,3,0,5,0,0,57,0,57,0,2,60,0,62,54,0,54,116
02/07/2011,OXR,CA,AWP,WE,Federal Contract Tower,0,2,23,0,25,0,0,60,0,60,0,2,83,0,85,88,0,88,173
02/08/2011,OXR,CA,AWP,WE,Federal Contract Tower,0,2,21,0,23,0,0,47,0,47,0,2,68,0,70,96,0,96,166
02/09/2011,OXR,CA,AWP,WE,Federal Contract Tower,0,1,17,0,18,0,7,26,0,33,0,8,43,0,51,35,0,35,86
02/10/2011,OXR,CA,AWP,WE,Federal Contract Tower,0,4,11,0,15,0,4,42,0,46,0,8,53,0,61,119,0,119,180
02/11/2011,OXR,CA,AWP,WE,Federal Contract Tower,0,1,22,0,23,0,0,89,0,89,0,1,111,0,112,174,0,174,286
02/12/2011,OXR,CA,AWP,WE,Federal Contract Tower,0,0,18,0,18,0,1,85,0,86,0,1,103,0,104,170,0,170,274
02/13/2011,OXR,CA,AWP,WE,Federal Contract Tower,0,4,15,0,19,0,3,79,0,82,0,7,94,0,101,162,0,162,263
02/14/2011,OXR,CA,AWP,WE,Federal Contract Tower,0,4,35,0,39,0,2,53,0,55,0,6,88,0,94,20,0,20,114
02/15/2011,OXR,CA,AWP,WE,Federal Contract Tower,0,2,47,0,49,0,2,6,4,12,0,4,53,4,61,18,0,18,79
02/16/2011,OXR,CA,AWP,WE,Federal Contract Tower,0,6,25,0,31,0,1,10,0,11,0,7,35,0,42,10,0,10,52
02/17/2011,OXR,CA,AWP,WE,Federal Contract Tower,0,7,28,0,35,0,5,50,0,55,0,12,78,0,90,96,0,96,186
02/18/2011,OXR,CA,AWP,WE,Federal Contract Tower,0,4,12,0,16,0,3,6,0,9,0,7,18,0,25,12,0,12,37
02/19/2011,OXR,CA,AWP,WE,Federal Contract Tower,0,0,16,0,16,0,4,18,0,22,0,4,34,0,38,40,0,40,78
02/20/2011,OXR,CA,AWP,WE,Federal Contract Tower,0,0,13,0,13,0,3,71,0,74,0,3,84,0,87,128,0,128,215
02/21/2011,OXR,CA,AWP,WE,Federal Contract Tower,0,3,20,0,23,0,3,59,0,62,0,6,79,0,85,144,0,144,229
02/22/2011,OXR,CA,AWP,WE,Federal Contract Tower,0,2,39,0,41,0,6,80,0,86,0,8,119,0,127,102,0,102,229
02/23/2011,OXR,CA,AWP,WE,Federal Contract Tower,0,8,42,0,50,0,3,64,0,67,0,11,106,0,117,90,0,90,207
02/24/2011,OXR,CA,AWP,WE,Federal Contract Tower,0,8,22,0,30,0,8,40,2,50,0,16,62,2,80,111,0,111,191
02/25/2011,OXR,CA,AWP,WE,Federal Contract Tower,0,4,13,0,17,0,1,2,0,3,0,5,15,0,20,0,0,0,20
02/26/2011,OXR,CA,AWP,WE,Federal Contract Tower,0,0,7,0,7,0,0,42,0,42,0,0,49,0,49,122,0,122,171
02/27/2011,OXR,CA,AWP,WE,Federal Contract Tower,0,2,16,0,18,0,7,79,0,86,0,9,95,0,104,192,0,192,296
02/28/2011,OXR,CA,AWP,WE,Federal Contract Tower,0,11,11,0,22,0,6,53,0,59,0,17,64,0,81,126,0,126,207
03/01/2011,OXR,CA,AWP,WE,Federal Contract Tower,0,4,33,0,37,0,16,48,2,66,0,20,81,2,103,76,0,76,179
03/02/2011,OXR,CA,AWP,WE,Federal Contract Tower,0,2,30,0,32,0,0,21,0,21,0,2,51,0,53,70,0,70,123
03/03/2011,OXR,CA,AWP,WE,Federal Contract Tower,0,9,49,0,58,0,2,3,0,5,0,11,52,0,63,0,0,0,63
03/04/2011,OXR,CA,AWP,WE,Federal Contract Tower,0,6,20,0,26,0,7,63,0,70,0,13,83,0,96,39,0,39,135
03/05/2011,OXR,CA,AWP,WE,Federal Contract Tower,0,1,14,0,15,0,2,80,0,82,0,3,94,0,97,130,0,130,227
03/06/2011,OXR,CA,AWP,WE,Federal Contract Tower,0,2,41,0,43,0,0,12,0,12,0,2,53,0,55,20,0,20,75
03/07/2011,OXR,CA,AWP,WE,Federal Contract Tower,0,3,6,0,9,0,4,14,0,18,0,7,20,0,27,16,0,16,43
03/08/2011,OXR,CA,AWP,WE,Federal Contract Tower,0,3,23,0,26,0,8,56,0,64,0,11,79,0,90,102,0,102,192
03/09/2011,OXR,CA,AWP,WE,Federal Contract Tower,0,6,23,0,29,0,3,63,0,66,0,9,86,0,95,74,0,74,169
03/10/2011,OXR,CA,AWP,WE,Federal Contract Tower,0,11,38,0,49,0,16,89,0,105,0,27,127,0,154,79,0,79,233
03/11/2011,OXR,CA,AWP,WE,Federal Contract Tower,0,2,45,0,47,0,2,93,0,95,0,4,138,0,142,130,0,130,272
03/12/2011,OXR,CA,AWP,WE,Federal Contract Tower,0,0,46,0,46,0,5,80,0,85,0,5,126,0,131,132,0,132,263
03/13/2011,OXR,CA,AWP,WE,Federal Contract Tower,0,0,9,0,9,0,5,67,0,72,0,5,76,0,81,164,0,164,245
03/14/2011,OXR,CA,AWP,WE,Federal Contract Tower,0,4,28,0,32,0,6,64,0,70,0,10,92,0,102,74,0,74,176
03/15/2011,OXR,CA,AWP,WE,Federal Contract Tower,0,2,12,0,14,0,4,51,0,55,0,6,63,0,69,76,0,76,145
03/16/2011,OXR,CA,AWP,WE,Federal Contract Tower,0,10,24,0,34,0,7,53,0,60,0,17,77,0,94,86,0,86,180
03/17/2011,OXR,CA,AWP,WE,Federal Contract Tower,0,7,21,0,28,0,6,55,0,61,0,13,76,0,89,112,0,112,201
03/18/2011,OXR,CA,AWP,WE,Federal Contract Tower,0,6,34,0,40,0,7,74,0,81,0,13,108,0,121,182,0,182,303
03/19/2011,OXR,CA,AWP,WE,Federal Contract Tower,0,0,35,0,35,0,5,55,0,60,0,5,90,0,95,112,0,112,207
03/20/2011,OXR,CA,AWP,WE,Federal Contract Tower,0,0,3,0,3,0,0,0,0,0,0,0,3,0,3,0,0,0,3
03/21/2011,OXR,CA,AWP,WE,Federal Contract Tower,0,4,20,0,24,0,2,22,0,24,0,6,42,0,48,60,0,60,108
03/22/2011,OXR,CA,AWP,WE,Federal Contract Tower,0,15,29,0,44,0,8,71,0,79,0,23,100,0,123,156,0,156,279
03/23/2011,OXR,CA,AWP,WE,Federal Contract Tower,0,4,9,0,13,0,0,12,0,12,0,4,21,0,25,8,0,8,33
03/24/2011,OXR,CA,AWP,WE,Federal Contract Tower,0,9,23,0,32,0,6,35,0,41,0,15,58,0,73,68,0,68,141
03/25/2011,OXR,CA,AWP,WE,Federal Contract Tower,0,9,22,0,31,0,2,49,0,51,0,11,71,0,82,104,0,104,186
03/26/2011,OXR,CA,AWP,WE,Federal Contract Tower,0,0,38,0,38,0,2,40,0,42,0,2,78,0,80,66,0,66,146
03/27/2011,OXR,CA,AWP,WE,Federal Contract Tower,0,4,26,0,30,0,5,45,0,50,0,9,71,0,80,82,0,82,162
03/28/2011,OXR,CA,AWP,WE,Federal Contract Tower,0,5,30,0,35,0,8,75,0,83,0,13,105,0,118,98,0,98,216
03/29/2011,OXR,CA,AWP,WE,Federal Contract Tower,0,10,20,0,30,0,12,66,0,78,0,22,86,0,108,86,0,86,194
03/30/2011,OXR,CA,AWP,WE,Federal Contract Tower,0,6,36,0,42,0,0,9,64,73,0,6,45,64,115,120,0,120,235
03/31/2011,OXR,CA,AWP,WE,Federal Contract Tower,0,6,15,0,21,0,24,92,0,116,0,30,107,0,137,106,0,106,243
04/01/2011,OXR,CA,AWP,WE,Federal Contract Tower,0,4,23,0,27,0,9,92,0,101,0,13,115,0,128,122,0,122,250
04/02/2011,OXR,CA,AWP,WE,Federal Contract Tower,0,4,58,0,62,0,0,5,0,5,0,4,63,0,67,4,0,4,71
04/03/2011,OXR,CA,AWP,WE,Federal Contract Tower,0,1,31,0,32,0,2,54,0,56,0,3,85,0,88,54,0,54,142
04/04/2011,OXR,CA,AWP,WE,Federal Contract Tower,0,2,22,0,24,0,6,49,0,55,0,8,71,0,79,64,0,64,143
04/05/2011,OXR,CA,AWP,WE,Federal Contract Tower,0,2,21,0,23,0,9,74,0,83,0,11,95,0,106,56,0,56,162
04/06/2011,OXR,CA,AWP,WE,Federal Contract Tower,0,2,48,0,50,0,6,37,0,43,0,8,85,0,93,58,0,58,151
04/07/2011,OXR,CA,AWP,WE,Federal Contract Tower,0,3,21,0,24,0,5,5,0,10,0,8,26,0,34,6,0,6,40
04/08/2011,OXR,CA,AWP,WE,Federal Contract Tower,0,2,36,0,38,0,3,51,0,54,0,5,87,0,92,110,0,110,202
04/09/2011,OXR,CA,AWP,WE,Federal Contract Tower,0,0,29,0,29,0,4,95,0,99,0,4,124,0,128,120,0,120,248
04/10/2011,OXR,CA,AWP,WE,Federal Contract Tower,0,0,6,0,6,0,2,107,0,109,0,2,113,0,115,88,0,88,203
04/11/2011,OXR,CA,AWP,WE,Federal Contract Tower,0,2,29,0,31,0,18,81,0,99,0,20,110,0,130,62,0,62,192
04/12/2011,OXR,CA,AWP,WE,Federal Contract Tower,0,6,23,0,29,0,12,54,0,66,0,18,77,0,95,66,0,66,161
04/13/2011,OXR,CA,AWP,WE,Federal Contract Tower,0,5,37,0,42,0,6,32,0,38,0,11,69,0,80,44,0,44,124
04/14/2011,OXR,CA,AWP,WE,Federal Contract Tower,0,6,26,0,32,0,11,71,0,82,0,17,97,0,114,130,0,130,244
04/15/2011,OXR,CA,AWP,WE,Federal Contract Tower,0,6,16,0,22,0,3,66,2,71,0,9,82,2,93,165,20,185,278
04/16/2011,OXR,CA,AWP,WE,Federal Contract Tower,0,0,18,0,18,0,3,82,0,85,0,3,100,0,103,146,0,146,249
04/17/2011,OXR,CA,AWP,WE,Federal Contract Tower,0,2,12,0,14,0,2,53,0,55,0,4,65,0,69,60,0,60,129
04/18/2011,OXR,CA,AWP,WE,Federal Contract Tower,0,8,17,1,26,0,0,9,0,9,0,8,26,1,35,22,0,22,57
04/19/2011,OXR,CA,AWP,WE,Federal Contract Tower,0,2,44,0,46,0,12,13,0,25,0,14,57,0,71,58,0,58,129
04/20/2011,OXR,CA,AWP,WE,Federal Contract Tower,0,6,42,0,48,0,2,27,2,31,0,8,69,2,79,20,0,20,99
04/21/2011,OXR,CA,AWP,WE,Federal Contract Tower,0,4,20,1,25,0,12,41,0,53,0,16,61,1,78,36,0,36,114
04/22/2011,OXR,CA,AWP,WE,Federal Contract Tower,0,8,29,0,37,0,3,54,2,59,0,11,83,2,96,76,0,76,172
04/23/2011,OXR,CA,AWP,WE,Federal Contract Tower,0,0,49,0,49,0,4,84,0,88,0,4,133,0,137,184,0,184,321
04/24/2011,OXR,CA,AWP,WE,Federal Contract Tower,0,4,17,0,21,0,2,17,0,19,0,6,34,0,40,0,0,0,40
04/25/2011,OXR,CA,AWP,WE,Federal Contract Tower,0,2,13,0,15,0,9,66,0,75,0,11,79,0,90,92,0,92,182
04/26/2011,OXR,CA,AWP,WE,Federal Contract Tower,0,11,18,0,29,0,9,54,2,65,0,20,72,2,94,106,0,106,200
04/27/2011,OXR,CA,AWP,WE,Federal Contract Tower,0,4,19,0,23,0,11,78,0,89,0,15,97,0,112,120,0,120,232
04/28/2011,OXR,CA,AWP,WE,Federal Contract Tower,0,2,26,0,28,0,15,49,0,64,0,17,75,0,92,42,0,42,134
04/29/2011,OXR,CA,AWP,WE,Federal Contract Tower,0,7,16,0,23,0,8,77,0,85,0,15,93,0,108,72,0,72,180
04/30/2011,OXR,CA,AWP,WE,Federal Contract Tower,0,0,10,0,10,0,10,10,0,20,0,10,20,0,30,6,0,6,36
05/01/2011,OXR,CA,AWP,WE,Federal Contract Tower,0,1,3,0,4,0,2,63,0,65,0,3,66,0,69,32,0,32,101
05/02/2011,OXR,CA,AWP,WE,Federal Contract Tower,0,5,9,0,14,0,7,40,0,47,0,12,49,0,61,43,0,43,104
05/03/2011,OXR,CA,AWP,WE,Federal Contract Tower,0,5,24,0,29,0,3,63,0,66,0,8,87,0,95,80,0,80,175
05/04/2011,OXR,CA,AWP,WE,Federal Contract Tower,0,13,13,0,26,0,7,41,0,48,0,20,54,0,74,56,0,56,130
05/05/2011,OXR,CA,AWP,WE,Federal Contract Tower,0,4,37,0,41,0,6,60,0,66,0,10,97,0,107,95,0,95,202
05/06/2011,OXR,CA,AWP,WE,Federal Contract Tower,0,8,34,0,42,0,7,39,1,47,0,15,73,1,89,28,27,55,144
05/07/2011,OXR,CA,AWP,WE,Federal Contract Tower,0,2,29,0,31,0,5,24,0,29,0,7,53,0,60,36,0,36,96
05/08/2011,OXR,CA,AWP,WE,Federal Contract Tower,0,2,10,0,12,0,0,53,0,53,0,2,63,0,65,74,0,74,139
05/09/2011,OXR,CA,AWP,WE,Federal Contract Tower,0,2,28,0,30,0,12,40,2,54,0,14,68,2,84,28,16,44,128
05/10/2011,OXR,CA,AWP,WE,Federal Contract Tower,0,5,20,0,25,0,6,68,0,74,0,11,88,0,99,116,0,116,215
05/11/2011,OXR,CA,AWP,WE,Federal Contract Tower,0,7,11,0,18,0,4,77,0,81,0,11,88,0,99,96,0,96,195
05/12/2011,OXR,CA,AWP,WE,Federal Contract Tower,0,4,9,0,13,0,12,76,0,88,0,16,85,0,101,128,0,128,229
05/13/2011,OXR,CA,AWP,WE,Federal Contract Tower,0,15,37,0,52,0,11,39,0,50,0,26,76,0,102,78,0,78,180
05/14/2011,OXR,CA,AWP,WE,Federal Contract Tower,0,0,39,1,40,0,3,42,0,45,0,3,81,1,85,62,0,62,147
05/15/2011,OXR,CA,AWP,WE,Federal Contract Tower,0,2,16,0,18,0,3,43,0,46,0,5,59,0,64,12,0,12,76
05/16/2011,OXR,CA,AWP,WE,Federal Contract Tower,0,4,15,0,19,0,11,44,0,55,0,15,59,0,74,88,0,88,162
05/17/2011,OXR,CA,AWP,WE,Federal Contract Tower,0,5,18,0,23,0,2,38,0,40,0,7,56,0,63,82,0,82,145
05/18/2011,OXR,CA,AWP,WE,Federal Contract Tower,0,4,23,0,27,0,18,22,2,42,0,22,45,2,69,44,0,44,113
05/19/2011,OXR,CA,AWP,WE,Federal Contract Tower,0,7,18,0,25,0,6,56,0,62,0,13,74,0,87,98,0,98,185
05/20/2011,OXR,CA,AWP,WE,Federal Contract Tower,0,5,41,2,48,0,6,54,2,62,0,11,95,4,110,59,0,59,169
05/21/2011,OXR,CA,AWP,WE,Federal Contract Tower,0,3,28,0,31,0,4,38,0,42,0,7,66,0,73,48,0,48,121
05/22/2011,OXR,CA,AWP,WE,Federal Contract Tower,0,0,36,0,36,0,4,28,0,32,0,4,64,0,68,56,0,56,124
05/23/2011,OXR,CA,AWP,WE,Federal Contract Tower,0,4,16,0,20,0,11,39,0,50,0,15,55,0,70,54,0,54,124
05/24/2011,OXR,CA,AWP,WE,Federal Contract Tower,0,0,16,0,16,10,62,0,0,72,10,62,16,0,88,64,0,64,152
05/25/2011,OXR,CA,AWP,WE,Federal Contract Tower,0,3,33,0,36,0,8,52,2,62,0,11,85,2,98,70,18,88,186
05/26/2011,OXR,CA,AWP,WE,Federal Contract Tower,0,6,27,0,33,0,6,78,0,84,0,12,105,0,117,34,0,34,151
05/27/2011,OXR,CA,AWP,WE,Federal Contract Tower,0,8,24,0,32,0,12,69,0,81,0,20,93,0,113,202,0,202,315
05/28/2011,OXR,CA,AWP,WE,Federal Contract Tower,0,0,26,0,26,0,2,50,0,52,0,2,76,0,78,100,0,100,178
05/29/2011,OXR,CA,AWP,WE,Federal Contract Tower,0,0,5,0,5,0,3,18,0,21,0,3,23,0,26,0,0,0,26
05/30/2011,OXR,CA,AWP,WE,Federal Contract Tower,0,2,12,0,14,0,4,84,0,88,0,6,96,0,102,152,0,152,254
05/31/2011,OXR,CA,AWP,WE,Federal Contract Tower,0,4,25,0,29,0,7,37,0,44,0,11,62,0,73,38,0,38,111
06/01/2011,OXR,CA,AWP,WE,Federal Contract Tower,0,7,29,0,36,0,14,58,0,72,0,21,87,0,108,56,0,56,164
06/02/2011,OXR,CA,AWP,WE,Federal Contract Tower,0,3,20,0,23,0,9,79,0,88,0,12,99,0,111,94,0,94,205
06/03/2011,OXR,CA,AWP,WE,Federal Contract Tower,0,5,26,0,31,0,3,97,0,100,0,8,123,0,131,112,0,112,243
06/04/2011,OXR,CA,AWP,WE,Federal Contract Tower,0,2,20,0,22,0,4,52,0,56,0,6,72,0,78,76,10,86,164
06/05/2011,OXR,CA,AWP,WE,Federal Contract Tower,0,4,16,0,20,0,3,42,0,45,0,7,58,0,65,82,0,82,147
06/06/2011,OXR,CA,AWP,WE,Federal Contract Tower,0,2,20,0,22,0,2,33,0,35,0,4,53,0,57,60,0,60,117
06/07/2011,OXR,CA,AWP,WE,Federal Contract Tower,0,3,23,0,26,0,10,77,2,89,0,13,100,2,115,122,0,122,237
06/08/2011,OXR,CA,AWP,WE,Federal Contract Tower,0,7,40,0,47,0,6,24,0,30,0,13,64,0,77,34,0,34,111
06/09/2011,OXR,CA,AWP,WE,Federal Contract Tower,0,10,46,0,56,0,2,27,0,29,0,12,73,0,85,72,0,72,157
06/10/2011,OXR,CA,AWP,WE,Federal Contract Tower,0,8,45,0,53,0,2,20,2,24,0,10,65,2,77,26,2,28,105
06/11/2011,OXR,CA,AWP,WE,Federal Contract Tower,0,9,58,0,67,0,0,29,0,29,0,9,87,0,96,56,0,56,152
06/12/2011,OXR,CA,AWP,WE,Federal Contract Tower,0,1,41,0,42,0,2,50,0,52,0,3,91,0,94,86,0,86,180
06/13/2011,OXR,CA,AWP,WE,Federal Contract Tower,0,7,29,0,36,0,4,37,0,41,0,11,66,0,77,64,0,64,141
06/14/2011,OXR,CA,AWP,WE,Federal Contract Tower,0,19,65,0,84,0,0,0,0,0,0,19,65,0,84,0,0,0,84
06/15/2011,OXR,CA,AWP,WE,Federal Contract Tower,0,11,50,0,61,0,2,1,0,3,0,13,51,0,64,0,0,0,64
06/16/2011,OXR,CA,AWP,WE,Federal Contract Tower,0,4,39,0,43,0,9,2,0,11,0,13,41,0,54,4,0,4,58
06/17/2011,OXR,CA,AWP,WE,Federal Contract Tower,0,2,46,0,48,0,6,56,0,62,0,8,102,0,110,118,0,118,228
06/18/2011,OXR,CA,AWP,WE,Federal Contract Tower,0,2,58,0,60,0,4,59,0,63,0,6,117,0,123,102,0,102,225
06/19/2011,OXR,CA,AWP,WE,Federal Contract Tower,0,0,34,0,34,0,3,49,0,52,0,3,83,0,86,78,0,78,164
06/20/2011,OXR,CA,AWP,WE,Federal Contract Tower,0,3,33,0,36,0,6,42,0,48,0,9,75,0,84,20,0,20,104
06/21/2011,OXR,CA,AWP,WE,Federal Contract Tower,0,7,24,5,36,0,16,35,1,52,0,23,59,6,88,54,0,54,142
06/22/2011,OXR,CA,AWP,WE,Federal Contract Tower,0,7,26,0,33,0,3,19,0,22,0,10,45,0,55,0,0,0,55
06/23/2011,OXR,CA,AWP,WE,Federal Contract Tower,0,6,65,0,71,0,4,8,0,12,0,10,73,0,83,22,0,22,105
06/24/2011,OXR,CA,AWP,WE,Federal Contract Tower,0,9,44,0,53,0,5,18,0,23,0,14,62,0,76,42,0,42,118
06/25/2011,OXR,CA,AWP,WE,Federal Contract Tower,0,2,40,0,42,0,1,59,0,60,0,3,99,0,102,104,0,104,206
06/26/2011,OXR,CA,AWP,WE,Federal Contract Tower,0,6,8,0,14,0,1,126,0,127,0,7,134,0,141,88,0,88,229
06/27/2011,OXR,CA,AWP,WE,Federal Contract Tower,0,4,8,0,12,0,14,54,0,68,0,18,62,0,80,76,0,76,156
06/28/2011,OXR,CA,AWP,WE,Federal Contract Tower,0,5,39,0,44,0,1,17,0,18,0,6,56,0,62,4,0,4,66
06/29/2011,OXR,CA,AWP,WE,Federal Contract Tower,0,2,29,0,31,0,5,58,0,63,0,7,87,0,94,88,0,88,182
06/30/2011,OXR,CA,AWP,WE,Federal Contract Tower,0,0,20,0,20,0,9,84,0,93,0,9,104,0,113,172,0,172,285
07/01/2011,OXR,CA,AWP,WE,Federal Contract Tower,0,5,13,0,18,0,6,65,6,77,0,11,78,6,95,163,0,163,258
07/02/2011,OXR,CA,AWP,WE,Federal Contract Tower,0,0,17,0,17,0,1,80,0,81,0,1,97,0,98,160,0,160,258
07/03/2011,OXR,CA,AWP,WE,Federal Contract Tower,0,1,12,0,13,0,0,35,0,35,0,1,47,0,48,46,0,46,94
07/04/2011,OXR,CA,AWP,WE,Federal Contract Tower,0,0,1,0,1,0,2,61,0,63,0,2,62,0,64,80,0,80,144
07/05/2011,OXR,CA,AWP,WE,Federal Contract Tower,0,2,8,0,10,0,4,41,0,45,0,6,49,0,55,76,0,76,131
07/06/2011,OXR,CA,AWP,WE,Federal Contract Tower,0,4,21,0,25,0,4,64,0,68,0,8,85,0,93,118,0,118,211
07/07/2011,OXR,CA,AWP,WE,Federal Contract Tower,0,2,18,0,20,0,1,56,0,57,0,3,74,0,77,54,0,54,131
07/08/2011,OXR,CA,AWP,WE,Federal Contract Tower,0,2,25,0,27,0,12,68,0,80,0,14,93,0,107,84,0,84,191
07/09/2011,OXR,CA,AWP,WE,Federal Contract Tower,0,8,19,0,27,0,2,45,4,51,0,10,64,4,78,14,0,14,92
07/10/2011,OXR,CA,AWP,WE,Federal Contract Tower,0,19,0,0,19,0,1,44,0,45,0,20,44,0,64,50,0,50,114
07/11/2011,OXR,CA,AWP,WE,Federal Contract Tower,0,2,26,0,28,0,4,27,0,31,0,6,53,0,59,56,0,56,115
07/12/2011,OXR,CA,AWP,WE,Federal Contract Tower,0,2,26,0,28,0,3,42,0,45,0,5,68,0,73,84,0,84,157
07/13/2011,OXR,CA,AWP,WE,Federal Contract Tower,0,2,18,0,20,0,6,33,0,39,0,8,51,0,59,86,0,86,145
07/14/2011,OXR,CA,AWP,WE,Federal Contract Tower,0,7,39,0,46,0,9,27,0,36,0,16,66,0,82,84,0,84,166
07/15/2011,OXR,CA,AWP,WE,Federal Contract Tower,0,7,39,0,46,0,2,74,0,76,0,9,113,0,122,160,0,160,282
07/16/2011,OXR,CA,AWP,WE,Federal Contract Tower,0,0,9,0,9,0,2,84,0,86,0,2,93,0,95,108,0,108,203
07/17/2011,OXR,CA,AWP,WE,Federal Contract Tower,0,0,15,0,15,0,1,80,0,81,0,1,95,0,96,154,0,154,250
07/18/2011,OXR,CA,AWP,WE,Federal Contract Tower,0,7,19,0,26,0,2,78,0,80,0,9,97,0,106,126,0,126,232
07/19/2011,OXR,CA,AWP,WE,Federal Contract Tower,0,5,22,0,27,0,2,58,0,60,0,7,80,0,87,114,0,114,201
07/20/2011,OXR,CA,AWP,WE,Federal Contract Tower,0,14,47,4,65,0,0,5,0,5,0,14,52,4,70,0,0,0,70
07/21/2011,OXR,CA,AWP,WE,Federal Contract Tower,0,11,64,0,75,0,2,3,0,5,0,13,67,0,80,6,0,6,86
07/22/2011,OXR,CA,AWP,WE,Federal Contract Tower,0,6,31,0,37,0,2,32,0,34,0,8,63,0,71,54,0,54,125
07/23/2011,OXR,CA,AWP,WE,Federal Contract Tower,0,1,21,0,22,0,6,57,2,65,0,7,78,2,87,124,24,148,235
07/24/2011,OXR,CA,AWP,WE,Federal Contract Tower,0,2,32,0,34,0,0,29,0,29,0,2,61,0,63,12,0,12,75
07/25/2011,OXR,CA,AWP,WE,Federal Contract Tower,0,15,17,0,32,0,8,70,2,80,0,23,87,2,112,136,34,170,282
07/26/2011,OXR,CA,AWP,WE,Federal Contract Tower,0,7,29,0,36,0,4,60,0,64,0,11,89,0,100,150,0,150,250
07/27/2011,OXR,CA,AWP,WE,Federal Contract Tower,0,6,15,0,21,0,6,46,0,52,0,12,61,0,73,52,0,52,125
07/28/2011,OXR,CA,AWP,WE,Federal Contract Tower,0,3,38,0,41,0,7,36,0,43,0,10,74,0,84,62,0,62,146
07/29/2011,OXR,CA,AWP,WE,Federal Contract Tower,0,9,44,0,53,4,8,0,0,12,4,17,44,0,65,0,0,0,65
07/30/2011,OXR,CA,AWP,WE,Federal Contract Tower,0,6,35,0,41,0,0,22,0,22,0,6,57,0,63,26,0,26,89
07/31/2011,OXR,CA,AWP,WE,Federal Contract Tower,0,0,10,0,10,0,2,58,0,60,0,2,68,0,70,146,0,146,216
08/01/2011,OXR,CA,AWP,WE,Federal Contract Tower,0,2,16,0,18,0,5,54,0,59,0,7,70,0,77,90,0,90,167
08/02/2011,OXR,CA,AWP,WE,Federal Contract Tower,0,2,25,0,27,0,3,63,0,66,0,5,88,0,93,72,0,72,165
08/03/2011,OXR,CA,AWP,WE,Federal Contract Tower,0,4,25,0,29,0,10,54,0,64,0,14,79,0,93,152,0,152,245
08/04/2011,OXR,CA,AWP,WE,Federal Contract Tower,0,4,19,0,23,0,4,70,0,74,0,8,89,0,97,122,0,122,219
08/05/2011,OXR,CA,AWP,WE,Federal Contract Tower,0,5,35,0,40,0,2,51,0,53,0,7,86,0,93,40,0,40,133
08/06/2011,OXR,CA,AWP,WE,Federal Contract Tower,0,1,30,0,31,0,1,8,0,9,0,2,38,0,40,14,0,14,54
08/07/2011,OXR,CA,AWP,WE,Federal Contract Tower,0,3,36,0,39,0,0,26,0,26,0,3,62,0,65,12,0,12,77
08/08/2011,OXR,CA,AWP,WE,Federal Contract Tower,0,3,19,0,22,0,1,18,0,19,0,4,37,0,41,4,0,4,45
08/09/2011,OXR,CA,AWP,WE,Federal Contract Tower,0,3,38,0,41,0,2,10,0,12,0,5,48,0,53,44,0,44,97
08/10/2011,OXR,CA,AWP,WE,Federal Contract Tower,0,4,31,0,35,0,7,29,0,36,0,11,60,0,71,80,0,80,151
08/11/2011,OXR,CA,AWP,WE,Federal Contract Tower,0,3,27,0,30,0,10,40,0,50,0,13,67,0,80,128,0,128,208
08/12/2011,OXR,CA,AWP,WE,Federal Contract Tower,0,5,28,0,33,0,5,7,0,12,0,10,35,0,45,16,0,16,61
08/13/2011,OXR,CA,AWP,WE,Federal Contract Tower,0,2,29,0,31,0,0,26,0,26,0,2,55,0,57,6,0,6,63
08/14/2011,OXR,CA,AWP,WE,Federal Contract Tower,0,1,57,0,58,0,0,0,0,0,0,1,57,0,58,0,0,0,58
08/15/2011,OXR,CA,AWP,WE,Federal Contract Tower,0,3,23,0,26,0,7,0,0,7,0,10,23,0,33,4,0,4,37
08/16/2011,OXR,CA,AWP,WE,Federal Contract Tower,0,4,30,0,34,0,1,7,0,8,0,5,37,0,42,0,0,0,42
08/17/2011,OXR,CA,AWP,WE,Federal Contract Tower,0,8,18,0,26,0,2,40,0,42,0,10,58,0,68,46,0,46,114
08/18/2011,OXR,CA,AWP,WE,Federal Contract Tower,0,4,36,0,40,0,9,66,2,77,0,13,102,2,117,88,0,88,205
08/19/2011,OXR,CA,AWP,WE,Federal Contract Tower,0,6,29,0,35,0,1,40,0,41,0,7,69,0,76,84,0,84,160
08/20/2011,OXR,CA,AWP,WE,Federal Contract Tower,0,2,14,0,16,0,5,35,0,40,0,7,49,0,56,46,0,46,102
08/21/2011,OXR,CA,AWP,WE,Federal Contract Tower,0,0,15,0,15,0,2,25,0,27,0,2,40,0,42,20,0,20,62
08/22/2011,OXR,CA,AWP,WE,Federal Contract Tower,0,7,21,0,28,0,2,46,0,48,0,9,67,0,76,62,0,62,138
08/23/2011,OXR,CA,AWP,WE,Federal Contract Tower,0,5,14,0,19,0,3,56,0,59,0,8,70,0,78,108,0,108,186
08/24/2011,OXR,CA,AWP,WE,Federal Contract Tower,0,4,29,0,33,0,2,69,0,71,0,6,98,0,104,94,0,94,198
08/25/2011,OXR,CA,AWP,WE,Federal Contract Tower,0,4,24,0,28,0,24,66,0,90,0,28,90,0,118,184,0,184,302
08/26/2011,OXR,CA,AWP,WE,Federal Contract Tower,0,6,16,0,22,0,10,51,0,61,0,16,67,0,83,122,0,122,205
08/27/2011,OXR,CA,AWP,WE,Federal Contract Tower,0,0,15,0,15,0,2,74,0,76,0,2,89,0,91,156,0,156,247
08/28/2011,OXR,CA,AWP,WE,Federal Contract Tower,0,2,9,0,11,0,4,72,0,76,0,6,81,0,87,116,0,116,203
08/29/2011,OXR,CA,AWP,WE,Federal Contract Tower,0,9,10,0,19,0,6,45,0,51,0,15,55,0,70,100,0,100,170
08/30/2011,OXR,CA,AWP,WE,Federal Contract Tower,0,2,31,0,33,0,7,43,0,50,0,9,74,0,83,50,0,50,133
08/31/2011,OXR,CA,AWP,WE,Federal Contract Tower,0,2,39,0,41,0,10,25,0,35,0,12,64,0,76,44,0,44,120
09/01/2011,OXR,CA,AWP,WE,Federal Contract Tower,0,11,47,2,60,0,3,26,0,29,0,14,73,2,89,29,0,29,118
09/02/2011,OXR,CA,AWP,WE,Federal Contract Tower,0,23,27,0,50,0,2,20,0,22,0,25,47,0,72,36,0,36,108
09/03/2011,OXR,CA,AWP,WE,Federal Contract Tower,0,8,30,0,38,0,4,5,0,9,0,12,35,0,47,6,0,6,53
09/04/2011,OXR,CA,AWP,WE,Federal Contract Tower,0,4,13,0,17,0,0,34,0,34,0,4,47,0,51,20,0,20,71
09/05/2011,OXR,CA,AWP,WE,Federal Contract Tower,0,2,5,0,7,0,4,54,0,58,0,6,59,0,65,118,0,118,183
09/06/2011,OXR,CA,AWP,WE,Federal Contract Tower,0,2,15,0,17,0,5,63,0,68,0,7,78,0,85,118,0,118,203
09/07/2011,OXR,CA,AWP,WE,Federal Contract Tower,0,4,16,0,20,0,17,67,0,84,0,21,83,0,104,144,0,144,248
09/08/2011,OXR,CA,AWP,WE,Federal Contract Tower,0,9,14,0,23,0,13,73,2,88,0,22,87,2,111,116,10,126,237
09/09/2011,OXR,CA,AWP,WE,Federal Contract Tower,0,8,15,0,23,0,9,83,0,92,0,17,98,0,115,174,0,174,289
09/10/2011,OXR,CA,AWP,WE,Federal Contract Tower,0,1,18,0,19,0,5,34,0,39,0,6,52,0,58,24,0,24,82
09/11/2011,OXR,CA,AWP,WE,Federal Contract Tower,0,2,19,0,21,0,5,52,0,57,0,7,71,0,78,150,0,150,228
09/12/2011,OXR,CA,AWP,WE,Federal Contract Tower,0,3,21,0,24,0,3,44,0,47,0,6,65,0,71,72,0,72,143
09/13/2011,OXR,CA,AWP,WE,Federal Contract Tower,0,6,17,0,23,0,5,39,0,44,0,11,56,0,67,90,0,90,157
09/14/2011,OXR,CA,AWP,WE,Federal Contract Tower,0,9,52,0,61,0,1,9,0,10,0,10,61,0,71,4,0,4,75
09/15/2011,OXR,CA,AWP,WE,Federal Contract Tower,0,7,37,0,44,0,7,11,0,18,0,14,48,0,62,16,0,16,78
09/16/2011,OXR,CA,AWP,WE,Federal Contract Tower,0,7,44,0,51,0,4,14,0,18,0,11,58,0,69,0,0,0,69
09/17/2011,OXR,CA,AWP,WE,Federal Contract Tower,0,0,32,0,32,0,1,42,0,43,0,1,74,0,75,118,0,118,193
09/18/2011,OXR,CA,AWP,WE,Federal Contract Tower,0,5,8,0,13,0,5,67,0,72,0,10,75,0,85,96,0,96,181
09/19/2011,OXR,CA,AWP,WE,Federal Contract Tower,0,20,36,0,56,0,2,2,0,4,0,22,38,0,60,0,0,0,60
09/20/2011,OXR,CA,AWP,WE,Federal Contract Tower,0,6,51,0,57,0,1,0,0,1,0,7,51,0,58,0,0,0,58
09/21/2011,OXR,CA,AWP,WE,Federal Contract Tower,0,7,53,1,61,0,4,12,0,16,0,11,65,1,77,12,0,12,89
09/22/2011,OXR,CA,AWP,WE,Federal Contract Tower,0,3,53,1,57,0,2,2,0,4,0,5,55,1,61,2,0,2,63
09/23/2011,OXR,CA,AWP,WE,Federal Contract Tower,0,4,29,0,33,0,2,33,0,35,0,6,62,0,68,44,0,44,112
09/24/2011,OXR,CA,AWP,WE,Federal Contract Tower,0,4,31,2,37,0,2,29,0,31,0,6,60,2,68,32,0,32,100
09/25/2011,OXR,CA,AWP,WE,Federal Contract Tower,0,2,49,0,51,0,1,50,0,51,0,3,99,0,102,34,0,34,136
09/26/2011,OXR,CA,AWP,WE,Federal Contract Tower,0,10,13,0,23,0,10,29,0,39,0,20,42,0,62,72,0,72,134
09/27/2011,OXR,CA,AWP,WE,Federal Contract Tower,0,4,28,0,32,0,13,63,0,76,0,17,91,0,108,120,0,120,228
09/28/2011,OXR,CA,AWP,WE,Federal Contract Tower,0,19,45,0,64,0,0,0,0,0,0,19,45,0,64,0,0,0,64
09/29/2011,OXR,CA,AWP,WE,Federal Contract Tower,0,24,45,0,69,0,15,36,0,51,0,39,81,0,120,140,0,140,260
09/30/2011,OXR,CA,AWP,WE,Federal Contract Tower,0,12,26,0,38,0,6,51,2,59,0,18,77,2,97,98,4,102,199
10/01/2011,OXR,CA,AWP,WE,Federal Contract Tower,0,3,16,0,19,0,3,81,0,84,0,6,97,0,103,154,0,154,257
10/02/2011,OXR,CA,AWP,WE,Federal Contract Tower,0,0,17,0,17,0,4,73,4,81,0,4,90,4,98,174,0,174,272
10/03/2011,OXR,CA,AWP,WE,Federal Contract Tower,0,7,6,0,13,0,3,62,0,65,0,10,68,0,78,80,0,80,158
10/04/2011,OXR,CA,AWP,WE,Federal Contract Tower,0,2,23,0,25,0,7,23,0,30,0,9,46,0,55,36,0,36,91
10/05/2011,OXR,CA,AWP,WE,Federal Contract Tower,0,6,26,2,34,0,2,4,0,6,0,8,30,2,40,28,0,28,68
10/06/2011,OXR,CA,AWP,WE,Federal Contract Tower,0,9,24,0,33,0,6,52,0,58,0,15,76,0,91,110,0,110,201
10/07/2011,OXR,CA,AWP,WE,Federal Contract Tower,0,4,23,1,28,0,4,56,1,61,0,8,79,2,89,78,0,78,167
10/08/2011,OXR,CA,AWP,WE,Federal Contract Tower,0,2,5,0,7,0,1,63,0,64,0,3,68,0,71,132,0,132,203
10/09/2011,OXR,CA,AWP,WE,Federal Contract Tower,0,0,7,0,7,0,1,87,0,88,0,1,94,0,95,184,0,184,279
10/10/2011,OXR,CA,AWP,WE,Federal Contract Tower,0,2,11,0,13,0,3,50,0,53,0,5,61,0,66,40,0,40,106
10/11/2011,OXR,CA,AWP,WE,Federal Contract Tower,0,2,27,0,29,0,3,65,2,70,0,5,92,2,99,102,2,104,203
10/12/2011,OXR,CA,AWP,WE,Federal Contract Tower,0,3,23,0,26,0,11,60,0,71,0,14,83,0,97,60,0,60,157
10/13/2011,OXR,CA,AWP,WE,Federal Contract Tower,0,2,22,0,24,0,7,72,0,79,0,9,94,0,103,108,0,108,211
10/14/2011,OXR,CA,AWP,WE,Federal Contract Tower,0,20,25,0,45,0,10,74,0,84,0,30,99,0,129,56,0,56,185
10/15/2011,OXR,CA,AWP,WE,Federal Contract Tower,0,1,31,0,32,0,2,36,0,38,0,3,67,0,70,48,0,48,118
10/16/2011,OXR,CA,AWP,WE,Federal Contract Tower,0,1,14,0,15,0,2,66,0,68,0,3,80,0,83,62,0,62,145
10/17/2011,OXR,CA,AWP,WE,Federal Contract Tower,0,20,13,0,33,0,2,15,0,17,0,22,28,0,50,0,0,0,50
10/18/2011,OXR,CA,AWP,WE,Federal Contract Tower,0,13,28,0,41,0,0,0,0,0,0,13,28,0,41,0,0,0,41
10/19/2011,OXR,CA,AWP,WE,Federal Contract Tower,0,1,27,0,28,0,5,18,0,23,0,6,45,0,51,46,0,46,97
10/20/2011,OXR,CA,AWP,WE,Federal Contract Tower,0,8,51,0,59,0,0,7,0,7,0,8,58,0,66,24,0,24,90
10/21/2011,OXR,CA,AWP,WE,Federal Contract Tower,0,10,29,0,39,0,11,35,0,46,0,21,64,0,85,32,0,32,117
10/22/2011,OXR,CA,AWP,WE,Federal Contract Tower,0,10,23,0,33,0,1,17,0,18,0,11,40,0,51,20,0,20,71
10/23/2011,OXR,CA,AWP,WE,Federal Contract Tower,0,2,51,0,53,0,1,8,0,9,0,3,59,0,62,12,0,12,74
10/24/2011,OXR,CA,AWP,WE,Federal Contract Tower,0,1,0,0,1,0,0,0,0,0,0,1,0,0,1,0,0,0,1
10/25/2011,OXR,CA,AWP,WE,Federal Contract Tower,0,0,0,0,0,0,6,2,0,8,0,6,2,0,8,0,0,0,8
10/26/2011,OXR,CA,AWP,WE,Federal Contract Tower,0,0,0,0,0,0,2,4,0,6,0,2,4,0,6,0,0,0,6
10/27/2011,OXR,CA,AWP,WE,Federal Contract Tower,0,2,2,0,4,0,5,34,0,39,0,7,36,0,43,38,0,38,81
10/28/2011,OXR,CA,AWP,WE,Federal Contract Tower,0,10,18,0,28,0,13,52,0,65,0,23,70,0,93,84,0,84,177
10/29/2011,OXR,CA,AWP,WE,Federal Contract Tower,0,1,14,0,15,0,2,86,0,88,0,3,100,0,103,194,0,194,297
10/30/2011,OXR,CA,AWP,WE,Federal Contract Tower,0,7,1,0,8,0,6,94,0,100,0,13,95,0,108,192,0,192,300
10/31/2011,OXR,CA,AWP,WE,Federal Contract Tower,0,7,20,0,27,0,6,31,0,37,0,13,51,0,64,30,0,30,94
11/01/2011,OXR,CA,AWP,WE,Federal Contract Tower,0,2,30,0,32,0,14,35,0,49,0,16,65,0,81,22,0,22,103
11/02/2011,OXR,CA,AWP,WE,Federal Contract Tower,0,7,3,0,10,0,13,8,0,21,0,20,11,0,31,24,0,24,55
11/03/2011,OXR,CA,AWP,WE,Federal Contract Tower,0,12,24,0,36,0,17,63,0,80,0,29,87,0,116,112,0,112,228
11/04/2011,OXR,CA,AWP,WE,Federal Contract Tower,0,15,19,0,34,0,22,21,2,45,0,37,40,2,79,28,24,52,131
11/05/2011,OXR,CA,AWP,WE,Federal Contract Tower,0,0,5,0,5,0,1,63,0,64,0,1,68,0,69,154,0,154,223
11/06/2011,OXR,CA,AWP,WE,Federal Contract Tower,0,0,1,0,1,0,4,31,0,35,0,4,32,0,36,78,0,78,114
11/07/2011,OXR,CA,AWP,WE,Federal Contract Tower,0,2,6,0,8,0,8,46,0,54,0,10,52,0,62,66,0,66,128
11/08/2011,OXR,CA,AWP,WE,Federal Contract Tower,0,4,19,0,23,0,10,51,0,61,0,14,70,0,84,48,0,48,132
11/09/2011,OXR,CA,AWP,WE,Federal Contract Tower,0,7,5,0,12,0,7,41,0,48,0,14,46,0,60,16,0,16,76
11/10/2011,OXR,CA,AWP,WE,Federal Contract Tower,0,3,6,0,9,0,7,40,0,47,0,10,46,0,56,70,0,70,126
11/11/2011,OXR,CA,AWP,WE,Federal Contract Tower,0,6,20,0,26,0,1,36,0,37,0,7,56,0,63,74,0,74,137
11/12/2011,OXR,CA,AWP,WE,Federal Contract Tower,0,0,11,0,11,0,3,23,0,26,0,3,34,0,37,46,0,46,83
11/13/2011,OXR,CA,AWP,WE,Federal Contract Tower,0,0,19,0,19,0,5,46,0,51,0,5,65,0,70,116,0,116,186
11/14/2011,OXR,CA,AWP,WE,Federal Contract Tower,0,5,26,3,34,0,3,20,3,26,0,8,46,6,60,36,24,60,120
11/15/2011,OXR,CA,AWP,WE,Federal Contract Tower,0,12,24,0,36,0,6,35,0,41,0,18,59,0,77,78,0,78,155
11/16/2011,OXR,CA,AWP,WE,Federal Contract Tower,0,2,26,0,28,0,9,49,0,58,0,11,75,0,86,64,0,64,150
11/17/2011,OXR,CA,AWP,WE,Federal Contract Tower,0,7,22,0,29,0,13,51,2,66,0,20,73,2,95,90,0,90,185
11/18/2011,OXR,CA,AWP,WE,Federal Contract Tower,0,14,26,1,41,0,16,29,1,46,0,30,55,2,87,68,0,68,155
11/19/2011,OXR,CA,AWP,WE,Federal Contract Tower,0,4,20,0,24,0,3,75,0,78,0,7,95,0,102,186,0,186,288
11/20/2011,OXR,CA,AWP,WE,Federal Contract Tower,0,0,11,0,11,0,0,4,0,4,0,0,15,0,15,8,0,8,23
11/21/2011,OXR,CA,AWP,WE,Federal Contract Tower,0,4,21,0,25,0,12,58,2,72,0,16,79,2,97,110,22,132,229
11/22/2011,OXR,CA,AWP,WE,Federal Contract Tower,0,5,28,0,33,0,10,88,0,98,0,15,116,0,131,136,0,136,267
11/23/2011,OXR,CA,AWP,WE,Federal Contract Tower,0,4,21,0,25,0,11,38,0,49,0,15,59,0,74,66,0,66,140
11/24/2011,OXR,CA,AWP,WE,Federal Contract Tower,0,1,8,0,9,0,0,17,0,17,0,1,25,0,26,4,0,4,30
11/25/2011,OXR,CA,AWP,WE,Federal Contract Tower,0,3,10,0,13,0,4,59,0,63,0,7,69,0,76,100,0,100,176
11/26/2011,OXR,CA,AWP,WE,Federal Contract Tower,0,1,13,0,14,0,4,46,0,50,0,5,59,0,64,52,0,52,116
11/27/2011,OXR,CA,AWP,WE,Federal Contract Tower,0,1,9,0,10,0,3,72,0,75,0,4,81,0,85,174,0,174,259
11/28/2011,OXR,CA,AWP,WE,Federal Contract Tower,0,3,15,0,18,0,3,53,0,56,0,6,68,0,74,80,0,80,154
11/29/2011,OXR,CA,AWP,WE,Federal Contract Tower,0,3,14,0,17,0,16,45,0,61,0,19,59,0,78,36,0,36,114
11/30/2011,OXR,CA,AWP,WE,Federal Contract Tower,0,10,13,0,23,0,7,43,0,50,0,17,56,0,73,62,0,62,135
12/01/2011,OXR,CA,AWP,WE,Federal Contract Tower,0,5,5,0,10,0,22,27,0,49,0,27,32,0,59,28,0,28,87
12/02/2011,OXR,CA,AWP,WE,Federal Contract Tower,0,4,11,0,15,0,6,35,0,41,0,10,46,0,56,86,0,86,142
12/03/2011,OXR,CA,AWP,WE,Federal Contract Tower,0,0,0,0,0,0,6,16,0,22,0,6,16,0,22,12,0,12,34
12/04/2011,OXR,CA,AWP,WE,Federal Contract Tower,0,0,8,0,8,0,1,89,0,90,0,1,97,0,98,128,0,128,226
12/05/2011,OXR,CA,AWP,WE,Federal Contract Tower,0,2,1,0,3,0,7,5,0,12,0,9,6,0,15,0,0,0,15
12/06/2011,OXR,CA,AWP,WE,Federal Contract Tower,0,3,8,0,11,0,14,41,8,63,0,17,49,8,74,48,0,48,122
12/07/2011,OXR,CA,AWP,WE,Federal Contract Tower,0,6,12,0,18,0,11,47,0,58,0,17,59,0,76,40,0,40,116
12/08/2011,OXR,CA,AWP,WE,Federal Contract Tower,0,3,20,0,23,0,10,52,0,62,0,13,72,0,85,60,0,60,145
12/09/2011,OXR,CA,AWP,WE,Federal Contract Tower,0,3,13,0,16,0,19,67,0,86,0,22,80,0,102,152,0,152,254
12/10/2011,OXR,CA,AWP,WE,Federal Contract Tower,0,6,19,0,25,0,7,92,0,99,0,13,111,0,124,142,0,142,266
12/11/2011,OXR,CA,AWP,WE,Federal Contract Tower,0,0,29,0,29,0,2,45,0,47,0,2,74,0,76,60,0,60,136
12/12/2011,OXR,CA,AWP,WE,Federal Contract Tower,0,4,5,0,9,0,1,4,2,7,0,5,9,2,16,0,18,18,34
12/13/2011,OXR,CA,AWP,WE,Federal Contract Tower,0,6,22,0,28,0,6,55,0,61,0,12,77,0,89,62,0,62,151
12/14/2011,OXR,CA,AWP,WE,Federal Contract Tower,0,3,44,4,51,0,15,51,0,66,0,18,95,4,117,100,0,100,217
12/15/2011,OXR,CA,AWP,WE,Federal Contract Tower,0,4,17,0,21,0,31,30,0,61,0,35,47,0,82,28,0,28,110
12/16/2011,OXR,CA,AWP,WE,Federal Contract Tower,0,8,6,0,14,0,9,27,0,36,0,17,33,0,50,10,0,10,60
12/17/2011,OXR,CA,AWP,WE,Federal Contract Tower,0,0,7,0,7,0,2,25,0,27,0,2,32,0,34,68,0,68,102
12/18/2011,OXR,CA,AWP,WE,Federal Contract Tower,0,6,24,0,30,0,2,69,0,71,0,8,93,0,101,76,0,76,177
12/19/2011,OXR,CA,AWP,WE,Federal Contract Tower,0,8,15,0,23,0,5,22,0,27,0,13,37,0,50,38,0,38,88
12/20/2011,OXR,CA,AWP,WE,Federal Contract Tower,0,10,20,0,30,0,6,66,0,72,0,16,86,0,102,124,0,124,226
12/21/2011,OXR,CA,AWP,WE,Federal Contract Tower,0,3,17,0,20,0,4,64,0,68,0,7,81,0,88,88,0,88,176
12/22/2011,OXR,CA,AWP,WE,Federal Contract Tower,0,4,9,0,13,0,4,6,0,10,0,8,15,0,23,14,0,14,37
12/23/2011,OXR,CA,AWP,WE,Federal Contract Tower,0,2,4,0,6,0,6,53,0,59,0,8,57,0,65,104,0,104,169
12/24/2011,OXR,CA,AWP,WE,Federal Contract Tower,0,6,5,0,11,0,4,52,0,56,0,10,57,0,67,86,0,86,153
12/25/2011,OXR,CA,AWP,WE,Federal Contract Tower,0,0,0,0,0,0,0,24,0,24,0,0,24,0,24,24,0,24,48
12/26/2011,OXR,CA,AWP,WE,Federal Contract Tower,0,3,21,0,24,0,4,56,0,60,0,7,77,0,84,70,0,70,154
12/27/2011,OXR,CA,AWP,WE,Federal Contract Tower,0,1,9,0,10,0,0,64,0,64,0,1,73,0,74,104,0,104,178
12/28/2011,OXR,CA,AWP,WE,Federal Contract Tower,0,4,15,0,19,0,4,67,0,71,0,8,82,0,90,120,0,120,210
12/29/2011,OXR,CA,AWP,WE,Federal Contract Tower,0,2,19,0,21,0,0,74,0,74,0,2,93,0,95,128,0,128,223
12/30/2011,OXR,CA,AWP,WE,Federal Contract Tower,0,3,22,0,25,0,11,64,0,75,0,14,86,0,100,138,0,138,238
12/31/2011,OXR,CA,AWP,WE,Federal Contract Tower,0,1,13,0,14,0,6,66,0,72,0,7,79,0,86,166,0,166,252
01/01/2012,OXR,CA,AWP,WE,Federal Contract Tower,0,0,1,0,1,0,4,42,0,46,0,4,43,0,47,50,0,50,97
01/02/2012,OXR,CA,AWP,WE,Federal Contract Tower,0,0,12,0,12,0,0,73,2,75,0,0,85,2,87,92,0,92,179
01/03/2012,OXR,CA,AWP,WE,Federal Contract Tower,0,2,14,0,16,0,2,68,0,70,0,4,82,0,86,72,0,72,158
01/04/2012,OXR,CA,AWP,WE,Federal Contract Tower,0,9,13,0,22,0,21,58,0,79,0,30,71,0,101,58,0,58,159
01/05/2012,OXR,CA,AWP,WE,Federal Contract Tower,0,2,32,0,34,0,4,82,0,86,0,6,114,0,120,122,0,122,242
01/06/2012,OXR,CA,AWP,WE,Federal Contract Tower,0,4,24,2,30,0,2,67,0,69,0,6,91,2,99,98,0,98,197
01/07/2012,OXR,CA,AWP,WE,Federal Contract Tower,0,0,14,0,14,0,0,39,2,41,0,0,53,2,55,60,12,72,127
01/08/2012,OXR,CA,AWP,WE,Federal Contract Tower,0,0,7,0,7,0,2,35,0,37,0,2,42,0,44,66,0,66,110
01/09/2012,OXR,CA,AWP,WE,Federal Contract Tower,0,3,7,0,10,0,2,34,0,36,0,5,41,0,46,74,0,74,120
01/10/2012,OXR,CA,AWP,WE,Federal Contract Tower,0,4,16,0,20,0,11,49,0,60,0,15,65,0,80,98,0,98,178
01/11/2012,OXR,CA,AWP,WE,Federal Contract Tower,0,2,17,0,19,0,8,76,0,84,0,10,93,0,103,118,0,118,221
01/12/2012,OXR,CA,AWP,WE,Federal Contract Tower,0,10,9,0,19,0,6,70,0,76,0,16,79,0,95,116,0,116,211
01/13/2012,OXR,CA,AWP,WE,Federal Contract Tower,0,2,2,0,4,0,6,20,0,26,0,8,22,0,30,44,0,44,74
01/14/2012,OXR,CA,AWP,WE,Federal Contract Tower,0,0,16,0,16,0,4,86,0,90,0,4,102,0,106,154,0,154,260
01/15/2012,OXR,CA,AWP,WE,Federal Contract Tower,0,0,14,0,14,0,0,48,0,48,0,0,62,0,62,46,0,46,108
01/16/2012,OXR,CA,AWP,WE,Federal Contract Tower,0,10,24,0,34,0,11,35,0,46,0,21,59,0,80,73,0,73,153
01/17/2012,OXR,CA,AWP,WE,Federal Contract Tower,0,2,35,2,39,0,2,65,0,67,0,4,100,2,106,152,0,152,258
01/18/2012,OXR,CA,AWP,WE,Federal Contract Tower,0,2,16,0,18,0,2,51,2,55,0,4,67,2,73,172,8,180,253
01/19/2012,OXR,CA,AWP,WE,Federal Contract Tower,0,5,19,0,24,0,14,75,0,89,0,19,94,0,113,128,0,128,241
01/20/2012,OXR,CA,AWP,WE,Federal Contract Tower,0,3,23,0,26,0,4,58,0,62,0,7,81,0,88,132,0,132,220
01/21/2012,OXR,CA,AWP,WE,Federal Contract Tower,0,1,10,0,11,0,0,19,0,19,0,1,29,0,30,12,0,12,42
01/22/2012,OXR,CA,AWP,WE,Federal Contract Tower,0,0,15,0,15,0,2,57,0,59,0,2,72,0,74,102,0,102,176
01/23/2012,OXR,CA,AWP,WE,Federal Contract Tower,0,2,16,0,18,0,0,3,0,3,0,2,19,0,21,4,0,4,25
01/24/2012,OXR,CA,AWP,WE,Federal Contract Tower,0,1,12,0,13,0,19,53,0,72,0,20,65,0,85,72,0,72,157
01/25/2012,OXR,CA,AWP,WE,Federal Contract Tower,0,5,19,0,24,0,10,53,0,63,0,15,72,0,87,70,0,70,157
01/26/2012,OXR,CA,AWP,WE,Federal Contract Tower,0,6,21,0,27,0,12,95,0,107,0,18,116,0,134,162,0,162,296
01/27/2012,OXR,CA,AWP,WE,Federal Contract Tower,0,3,7,0,10,0,6,31,2,39,0,9,38,2,49,4,18,22,71
01/28/2012,OXR,CA,AWP,WE,Federal Contract Tower,0,2,7,0,9,0,0,18,0,18,0,2,25,0,27,22,0,22,49
01/29/2012,OXR,CA,AWP,WE,Federal Contract Tower,0,0,8,0,8,0,3,83,0,86,0,3,91,0,94,176,0,176,270
01/30/2012,OXR,CA,AWP,WE,Federal Contract Tower,0,11,16,0,27,0,6,70,0,76,0,17,86,0,103,124,0,124,227
01/31/2012,OXR,CA,AWP,WE,Federal Contract Tower,0,16,29,0,45,0,0,66,0,66,0,16,95,0,111,104,0,104,215
02/01/2012,OXR,CA,AWP,WE,Federal Contract Tower,0,25,18,0,43,0,3,45,0,48,0,28,63,0,91,98,24,122,213
02/02/2012,OXR,CA,AWP,WE,Federal Contract Tower,0,8,14,2,24,0,2,69,0,71,0,10,83,2,95,134,0,134,229
02/03/2012,OXR,CA,AWP,WE,Federal Contract Tower,0,7,8,0,15,0,1,38,0,39,0,8,46,0,54,78,0,78,132
02/04/2012,OXR,CA,AWP,WE,Federal Contract Tower,0,0,8,0,8,0,0,57,0,57,0,0,65,0,65,66,0,66,131
02/05/2012,OXR,CA,AWP,WE,Federal Contract Tower,0,2,3,0,5,0,6,75,0,81,0,8,78,0,86,126,0,126,212
02/06/2012,OXR,CA,AWP,WE,Federal Contract Tower,0,6,17,0,23,0,6,51,0,57,0,12,68,0,80,55,0,55,135
02/07/2012,OXR,CA,AWP,WE,Federal Contract Tower,0,2,17,0,19,0,4,17,0,21,0,6,34,0,40,26,0,26,66
02/08/2012,OXR,CA,AWP,WE,Federal Contract Tower,0,7,19,0,26,0,17,35,0,52,0,24,54,0,78,64,26,90,168
02/09/2012,OXR,CA,AWP,WE,Federal Contract Tower,0,7,23,0,30,0,14,62,0,76,0,21,85,0,106,108,0,108,214
02/10/2012,OXR,CA,AWP,WE,Federal Contract Tower,0,2,20,0,22,0,8,93,0,101,0,10,113,0,123,186,0,186,309
02/11/2012,OXR,CA,AWP,WE,Federal Contract Tower,0,0,23,0,23,0,1,40,2,43,0,1,63,2,66,56,0,56,122
02/12/2012,OXR,CA,AWP,WE,Federal Contract Tower,0,1,24,0,25,0,0,71,0,71,0,1,95,0,96,102,0,102,198
02/13/2012,OXR,CA,AWP,WE,Federal Contract Tower,0,2,14,0,16,0,0,13,0,13,0,2,27,0,29,20,0,20,49
02/14/2012,OXR,CA,AWP,WE,Federal Contract Tower,0,2,19,0,21,0,4,57,2,63,0,6,76,2,84,46,0,46,130
02/15/2012,OXR,CA,AWP,WE,Federal Contract Tower,0,10,16,0,26,0,4,8,0,12,0,14,24,0,38,24,0,24,62
02/16/2012,OXR,CA,AWP,WE,Federal Contract Tower,0,2,11,0,13,0,7,42,0,49,0,9,53,0,62,58,0,58,120
02/17/2012,OXR,CA,AWP,WE,Federal Contract Tower,0,4,30,0,34,0,15,111,0,126,0,19,141,0,160,210,0,210,370
02/18/2012,OXR,CA,AWP,WE,Federal Contract Tower,0,0,14,0,14,0,5,92,0,97,0,5,106,0,111,122,0,122,233
02/19/2012,OXR,CA,AWP,WE,Federal Contract Tower,0,0,29,0,29,0,1,57,0,58,0,1,86,0,87,78,0,78,165
02/20/2012,OXR,CA,AWP,WE,Federal Contract Tower,0,2,12,0,14,0,10,33,0,43,0,12,45,0,57,46,0,46,103
02/21/2012,OXR,CA,AWP,WE,Federal Contract Tower,0,2,22,2,26,0,6,61,0,67,0,8,83,2,93,82,0,82,175
02/22/2012,OXR,CA,AWP,WE,Federal Contract Tower,0,2,19,0,21,0,14,63,0,77,0,16,82,0,98,96,0,96,194
02/23/2012,OXR,CA,AWP,WE,Federal Contract Tower,0,2,7,4,13,0,3,56,4,63,0,5,63,8,76,130,0,130,206
02/24/2012,OXR,CA,AWP,WE,Federal Contract Tower,0,5,49,0,54,0,0,10,0,10,0,5,59,0,64,4,0,4,68
02/25/2012,OXR,CA,AWP,WE,Federal Contract Tower,0,0,14,0,14,0,3,62,0,65,0,3,76,0,79,114,0,114,193
02/26/2012,OXR,CA,AWP,WE,Federal Contract Tower,0,0,30,0,30,0,1,56,0,57,0,1,86,0,87,76,0,76,163
02/27/2012,OXR,CA,AWP,WE,Federal Contract Tower,0,2,9,0,11,0,1,23,0,24,0,3,32,0,35,56,0,56,91
02/28/2012,OXR,CA,AWP,WE,Federal Contract Tower,0,6,13,0,19,0,10,55,0,65,0,16,68,0,84,84,0,84,168
02/29/2012,OXR,CA,AWP,WE,Federal Contract Tower,0,7,34,0,41,0,12,37,0,49,0,19,71,0,90,60,0,60,150
03/01/2012,OXR,CA,AWP,WE,Federal Contract Tower,0,6,19,0,25,0,3,49,2,54,0,9,68,2,79,88,0,88,167
03/02/2012,OXR,CA,AWP,WE,Federal Contract Tower,0,6,12,0,18,0,12,22,0,34,0,18,34,0,52,58,0,58,110
03/03/2012,OXR,CA,AWP,WE,Federal Contract Tower,0,0,9,0,9,0,3,68,0,71,0,3,77,0,80,150,0,150,230
03/04/2012,OXR,CA,AWP,WE,Federal Contract Tower,0,2,8,0,10,0,0,115,0,115,0,2,123,0,125,240,0,240,365
03/05/2012,OXR,CA,AWP,WE,Federal Contract Tower,0,4,20,1,25,0,18,66,1,85,0,22,86,2,110,76,0,76,186
03/06/2012,OXR,CA,AWP,WE,Federal Contract Tower,0,4,27,4,35,0,4,12,0,16,0,8,39,4,51,0,0,0,51
03/07/2012,OXR,CA,AWP,WE,Federal Contract Tower,0,5,17,1,23,0,11,55,1,67,0,16,72,2,90,118,0,118,208
03/08/2012,OXR,CA,AWP,WE,Federal Contract Tower,0,8,10,0,18,0,14,62,0,76,0,22,72,0,94,84,0,84,178
03/09/2012,OXR,CA,AWP,WE,Federal Contract Tower,0,2,7,0,9,0,2,71,0,73,0,4,78,0,82,82,0,82,164
03/10/2012,OXR,CA,AWP,WE,Federal Contract Tower,0,0,21,0,21,0,3,87,0,90,0,3,108,0,111,168,0,168,279
03/11/2012,OXR,CA,AWP,WE,Federal Contract Tower,0,2,34,0,36,0,2,75,4,81,0,4,109,4,117,106,0,106,223
03/12/2012,OXR,CA,AWP,WE,Federal Contract Tower,0,6,19,0,25,0,2,22,4,28,0,8,41,4,53,72,0,72,125
03/13/2012,OXR,CA,AWP,WE,Federal Contract Tower,0,12,23,0,35,0,7,40,0,47,0,19,63,0,82,46,0,46,128
03/14/2012,OXR,CA,AWP,WE,Federal Contract Tower,0,4,14,0,18,0,7,25,0,32,0,11,39,0,50,18,0,18,68
03/15/2012,OXR,CA,AWP,WE,Federal Contract Tower,0,2,52,0,54,0,0,15,0,15,0,2,67,0,69,0,0,0,69
03/16/2012,OXR,CA,AWP,WE,Federal Contract Tower,0,7,47,0,54,0,0,10,0,10,0,7,57,0,64,8,0,8,72
03/17/2012,OXR,CA,AWP,WE,Federal Contract Tower,0,1,11,0,12,0,0,0,0,0,0,1,11,0,12,0,0,0,12
03/18/2012,OXR,CA,AWP,WE,Federal Contract Tower,0,0,6,0,6,0,4,8,0,12,0,4,14,0,18,8,0,8,26
03/19/2012,OXR,CA,AWP,WE,Federal Contract Tower,0,2,10,2,14,0,1,45,0,46,0,3,55,2,60,76,0,76,136
03/20/2012,OXR,CA,AWP,WE,Federal Contract Tower,0,3,6,0,9,0,10,70,0,80,0,13,76,0,89,84,0,84,173
03/21/2012,OXR,CA,AWP,WE,Federal Contract Tower,0,2,21,0,23,0,20,92,0,112,0,22,113,0,135,56,0,56,191
03/22/2012,OXR,CA,AWP,WE,Federal Contract Tower,0,2,35,0,37,0,3,37,0,40,0,5,72,0,77,40,0,40,117
03/23/2012,OXR,CA,AWP,WE,Federal Contract Tower,0,5,33,0,38,0,6,34,0,40,0,11,67,0,78,70,0,70,148
03/24/2012,OXR,CA,AWP,WE,Federal Contract Tower,0,4,34,0,38,0,1,53,0,54,0,5,87,0,92,90,0,90,182
03/25/2012,OXR,CA,AWP,WE,Federal Contract Tower,0,8,10,0,18,0,0,2,0,2,0,8,12,0,20,10,0,10,30
03/26/2012,OXR,CA,AWP,WE,Federal Contract Tower,0,6,19,0,25,0,8,54,0,62,0,14,73,0,87,162,0,162,249
03/27/2012,OXR,CA,AWP,WE,Federal Contract Tower,0,2,19,2,23,0,8,67,0,75,0,10,86,2,98,138,0,138,236
03/28/2012,OXR,CA,AWP,WE,Federal Contract Tower,0,7,35,0,42,0,6,23,0,29,0,13,58,0,71,18,0,18,89
03/29/2012,OXR,CA,AWP,WE,Federal Contract Tower,0,23,82,2,107,0,0,0,0,0,0,23,82,2,107,4,0,4,111
03/30/2012,OXR,CA,AWP,WE,Federal Contract Tower,0,6,67,0,73,0,12,18,0,30,0,18,85,0,103,10,0,10,113
03/31/2012,OXR,CA,AWP,WE,Federal Contract Tower,0,2,46,0,48,0,1,27,0,28,0,3,73,0,76,60,0,60,136
04/01/2012,OXR,CA,AWP,WE,Federal Contract Tower,0,0,6,0,6,0,1,45,0,46,0,1,51,0,52,44,0,44,96
04/02/2012,OXR,CA,AWP,WE,Federal Contract Tower,0,4,8,0,12,0,6,42,0,48,0,10,50,0,60,58,0,58,118
04/03/2012,OXR,CA,AWP,WE,Federal Contract Tower,0,4,18,0,22,0,12,83,0,95,0,16,101,0,117,106,0,106,223
04/04/2012,OXR,CA,AWP,WE,Federal Contract Tower,0,2,14,0,16,0,11,55,0,66,0,13,69,0,82,96,0,96,178
04/05/2012,OXR,CA,AWP,WE,Federal Contract Tower,0,1,10,0,11,0,7,45,0,52,0,8,55,0,63,74,0,74,137
04/06/2012,OXR,CA,AWP,WE,Federal Contract Tower,0,1,19,0,20,0,8,45,0,53,0,9,64,0,73,77,0,77,150
04/07/2012,OXR,CA,AWP,WE,Federal Contract Tower,0,2,8,0,10,0,4,106,0,110,0,6,114,0,120,142,0,142,262
04/08/2012,OXR,CA,AWP,WE,Federal Contract Tower,0,0,11,0,11,0,3,61,2,66,0,3,72,2,77,108,0,108,185
04/09/2012,OXR,CA,AWP,WE,Federal Contract Tower,0,2,15,0,17,0,10,46,0,56,0,12,61,0,73,44,0,44,117
04/10/2012,OXR,CA,AWP,WE,Federal Contract Tower,0,3,14,0,17,0,2,55,0,57,0,5,69,0,74,88,0,88,162
04/11/2012,OXR,CA,AWP,WE,Federal Contract Tower,0,7,19,4,30,0,8,11,0,19,0,15,30,4,49,36,0,36,85
04/12/2012,OXR,CA,AWP,WE,Federal Contract Tower,0,9,38,0,47,0,7,31,0,38,0,16,69,0,85,14,0,14,99
04/13/2012,OXR,CA,AWP,WE,Federal Contract Tower,0,4,5,0,9,0,0,6,0,6,0,4,11,0,15,0,0,0,15
04/14/2012,OXR,CA,AWP,WE,Federal Contract Tower,0,0,16,0,16,0,0,20,0,20,0,0,36,0,36,22,0,22,58
04/15/2012,OXR,CA,AWP,WE,Federal Contract Tower,0,0,8,0,8,0,3,103,0,106,0,3,111,0,114,48,0,48,162
04/16/2012,OXR,CA,AWP,WE,Federal Contract Tower,0,3,21,0,24,0,10,74,0,84,0,13,95,0,108,98,0,98,206
04/17/2012,OXR,CA,AWP,WE,Federal Contract Tower,0,2,14,1,17,0,8,86,1,95,0,10,100,2,112,111,0,111,223
04/18/2012,OXR,CA,AWP,WE,Federal Contract Tower,0,4,0,0,4,0,3,55,0,58,0,7,55,0,62,56,0,56,118
04/19/2012,OXR,CA,AWP,WE,Federal Contract Tower,0,3,18,0,21,0,16,61,0,77,0,19,79,0,98,56,0,56,154
04/20/2012,OXR,CA,AWP,WE,Federal Contract Tower,0,12,47,0,59,0,0,2,0,2,0,12,49,0,61,0,0,0,61
04/21/2012,OXR,CA,AWP,WE,Federal Contract Tower,0,3,41,0,44,0,1,7,0,8,0,4,48,0,52,0,0,0,52
04/22/2012,OXR,CA,AWP,WE,Federal Contract Tower,0,3,19,0,22,0,0,0,0,0,0,3,19,0,22,0,0,0,22
04/23/2012,OXR,CA,AWP,WE,Federal Contract Tower,0,2,32,0,34,0,0,9,0,9,0,2,41,0,43,12,0,12,55
04/24/2012,OXR,CA,AWP,WE,Federal Contract Tower,0,6,13,0,19,0,20,46,0,66,0,26,59,0,85,70,0,70,155
04/25/2012,OXR,CA,AWP,WE,Federal Contract Tower,0,5,7,0,12,0,4,32,0,36,0,9,39,0,48,50,2,52,100
04/26/2012,OXR,CA,AWP,WE,Federal Contract Tower,0,10,32,0,42,0,7,14,0,21,0,17,46,0,63,8,0,8,71
04/27/2012,OXR,CA,AWP,WE,Federal Contract Tower,0,4,14,0,18,0,7,85,0,92,0,11,99,0,110,86,0,86,196
04/28/2012,OXR,CA,AWP,WE,Federal Contract Tower,0,8,0,0,8,0,5,95,0,100,0,13,95,0,108,216,0,216,324
04/29/2012,OXR,CA,AWP,WE,Federal Contract Tower,0,3,24,1,28,0,3,95,0,98,0,6,119,1,126,168,0,168,294
04/30/2012,OXR,CA,AWP,WE,Federal Contract Tower,0,15,37,0,52,0,2,15,0,17,0,17,52,0,69,30,0,30,99
05/01/2012,OXR,CA,AWP,WE,Federal Contract Tower,0,6,44,0,50,0,3,17,0,20,0,9,61,0,70,64,0,64,134
05/02/2012,OXR,CA,AWP,WE,Federal Contract Tower,0,8,36,2,46,0,8,37,0,45,0,16,73,2,91,140,0,140,231
05/03/2012,OXR,CA,AWP,WE,Federal Contract Tower,0,11,41,0,52,0,10,54,0,64,0,21,95,0,116,90,0,90,206
05/04/2012,OXR,CA,AWP,WE,Federal Contract Tower,0,4,13,0,17,0,5,75,0,80,0,9,88,0,97,102,0,102,199
05/05/2012,OXR,CA,AWP,WE,Federal Contract Tower,0,0,10,0,10,0,2,77,0,79,0,2,87,0,89,154,0,154,243
05/06/2012,OXR,CA,AWP,WE,Federal Contract Tower,0,2,8,0,10,0,1,58,0,59,0,3,66,0,69,108,0,108,177
05/07/2012,OXR,CA,AWP,WE,Federal Contract Tower,0,5,21,0,26,0,5,40,0,45,0,10,61,0,71,46,0,46,117
05/08/2012,OXR,CA,AWP,WE,Federal Contract Tower,0,4,19,2,25,0,4,38,0,42,0,8,57,2,67,26,0,26,93
05/09/2012,OXR,CA,AWP,WE,Federal Contract Tower,0,4,19,0,23,0,14,66,0,80,0,18,85,0,103,116,0,116,219
05/10/2012,OXR,CA,AWP,WE,Federal Contract Tower,0,5,30,0,35,0,4,14,0,18,0,9,44,0,53,34,0,34,87
05/11/2012,OXR,CA,AWP,WE,Federal Contract Tower,0,8,26,0,34,0,4,40,0,44,0,12,66,0,78,78,0,78,156
05/12/2012,OXR,CA,AWP,WE,Federal Contract Tower,0,3,35,0,38,0,2,14,0,16,0,5,49,0,54,12,0,12,66
05/13/2012,OXR,CA,AWP,WE,Federal Contract Tower,0,6,20,0,26,0,0,20,0,20,0,6,40,0,46,36,0,36,82
05/14/2012,OXR,CA,AWP,WE,Federal Contract Tower,0,2,18,0,20,0,11,55,0,66,0,13,73,0,86,110,0,110,196
05/15/2012,OXR,CA,AWP,WE,Federal Contract Tower,0,2,17,0,19,0,4,64,0,68,0,6,81,0,87,52,0,52,139
05/16/2012,OXR,CA,AWP,WE,Federal Contract Tower,0,5,15,0,20,0,14,75,0,89,0,19,90,0,109,156,0,156,265
05/17/2012,OXR,CA,AWP,WE,Federal Contract Tower,0,2,16,0,18,0,7,51,0,58,0,9,67,0,76,82,0,82,158
05/18/2012,OXR,CA,AWP,WE,Federal Contract Tower,0,2,14,0,16,0,16,66,0,82,0,18,80,0,98,218,0,218,316
05/19/2012,OXR,CA,AWP,WE,Federal Contract Tower,0,0,14,0,14,0,2,101,0,103,0,2,115,0,117,192,0,192,309
05/20/2012,OXR,CA,AWP,WE,Federal Contract Tower,0,3,35,0,38,0,2,9,0,11,0,5,44,0,49,0,0,0,49
05/21/2012,OXR,CA,AWP,WE,Federal Contract Tower,0,7,28,0,35,0,2,32,0,34,0,9,60,0,69,48,0,48,117
05/22/2012,OXR,CA,AWP,WE,Federal Contract Tower,0,1,26,0,27,0,6,63,0,69,0,7,89,0,96,126,0,126,222
05/23/2012,OXR,CA,AWP,WE,Federal Contract Tower,0,16,15,0,31,0,14,44,0,58,0,30,59,0,89,124,0,124,213
05/24/2012,OXR,CA,AWP,WE,Federal Contract Tower,0,7,19,0,26,0,10,34,0,44,0,17,53,0,70,70,0,70,140
05/25/2012,OXR,CA,AWP,WE,Federal Contract Tower,0,8,7,0,15,0,3,29,0,32,0,11,36,0,47,24,0,24,71
05/26/2012,OXR,CA,AWP,WE,Federal Contract Tower,0,2,16,0,18,0,9,47,0,56,0,11,63,0,74,58,0,58,132
05/27/2012,OXR,CA,AWP,WE,Federal Contract Tower,0,0,19,0,19,0,2,80,0,82,0,2,99,0,101,130,0,130,231
05/28/2012,OXR,CA,AWP,WE,Federal Contract Tower,0,6,5,0,11,0,10,71,0,81,0,16,76,0,92,60,0,60,152
05/29/2012,OXR,CA,AWP,WE,Federal Contract Tower,0,3,22,0,25,0,7,58,0,65,0,10,80,0,90,98,0,98,188
05/30/2012,OXR,CA,AWP,WE,Federal Contract Tower,0,3,25,2,30,0,11,69,0,80,0,14,94,2,110,88,0,88,198
05/31/2012,OXR,CA,AWP,WE,Federal Contract Tower,0,11,18,0,29,0,11,56,0,67,0,22,74,0,96,118,0,118,214
06/01/2012,OXR,CA,AWP,WE,Federal Contract Tower,0,23,51,0,74,0,1,1,0,2,0,24,52,0,76,0,0,0,76
06/02/2012,OXR,CA,AWP,WE,Federal Contract Tower,0,7,44,0,51,0,4,18,0,22,0,11,62,0,73,24,0,24,97
06/03/2012,OXR,CA,AWP,WE,Federal Contract Tower,0,3,39,0,42,0,2,28,0,30,0,5,67,0,72,24,0,24,96
06/04/2012,OXR,CA,AWP,WE,Federal Contract Tower,0,16,26,0,42,0,1,1,0,2,0,17,27,0,44,2,0,2,46
06/05/2012,OXR,CA,AWP,WE,Federal Contract Tower,0,11,8,0,19,0,7,31,0,38,0,18,39,0,57,42,0,42,99
06/06/2012,OXR,CA,AWP,WE,Federal Contract Tower,0,5,17,0,22,0,11,67,0,78,0,16,84,0,100,84,0,84,184
06/07/2012,OXR,CA,AWP,WE,Federal Contract Tower,0,11,18,0,29,0,11,56,0,67,0,22,74,0,96,102,0,102,198
06/08/2012,OXR,CA,AWP,WE,Federal Contract Tower,0,22,17,0,39,0,10,69,0,79,0,32,86,0,118,84,0,84,202
06/09/2012,OXR,CA,AWP,WE,Federal Contract Tower,0,7,19,0,26,0,2,38,0,40,0,9,57,0,66,26,0,26,92
06/10/2012,OXR,CA,AWP,WE,Federal Contract Tower,0,3,20,0,23,0,9,36,0,45,0,12,56,0,68,36,0,36,104
06/11/2012,OXR,CA,AWP,WE,Federal Contract Tower,0,2,26,0,28,0,3,31,0,34,0,5,57,0,62,18,0,18,80
06/12/2012,OXR,CA,AWP,WE,Federal Contract Tower,0,16,44,4,64,0,0,0,0,0,0,16,44,4,64,0,0,0,64
06/13/2012,OXR,CA,AWP,WE,Federal Contract Tower,0,8,34,2,44,0,0,12,0,12,0,8,46,2,56,16,0,16,72
06/14/2012,OXR,CA,AWP,WE,Federal Contract Tower,0,2,46,0,48,0,6,28,0,34,0,8,74,0,82,46,0,46,128
06/15/2012,OXR,CA,AWP,WE,Federal Contract Tower,0,2,44,4,50,0,6,26,0,32,0,8,70,4,82,56,0,56,138
06/16/2012,OXR,CA,AWP,WE,Federal Contract Tower,0,0,22,0,22,0,4,38,0,42,0,4,60,0,64,66,0,66,130
06/17/2012,OXR,CA,AWP,WE,Federal Contract Tower,0,0,28,0,28,0,4,12,0,16,0,4,40,0,44,4,0,4,48
06/18/2012,OXR,CA,AWP,WE,Federal Contract Tower,0,9,37,0,46,0,2,6,0,8,0,11,43,0,54,0,0,0,54
06/19/2012,OXR,CA,AWP,WE,Federal Contract Tower,0,9,29,0,38,0,7,14,0,21,0,16,43,0,59,38,0,38,97
06/20/2012,OXR,CA,AWP,WE,Federal Contract Tower,0,4,48,0,52,0,3,13,0,16,0,7,61,0,68,24,0,24,92
06/21/2012,OXR,CA,AWP,WE,Federal Contract Tower,0,9,40,0,49,0,5,24,0,29,0,14,64,0,78,52,0,52,130
06/22/2012,OXR,CA,AWP,WE,Federal Contract Tower,0,3,36,0,39,0,13,51,0,64,0,16,87,0,103,58,0,58,161
06/23/2012,OXR,CA,AWP,WE,Federal Contract Tower,0,0,21,0,21,0,8,74,0,82,0,8,95,0,103,94,0,94,197
06/24/2012,OXR,CA,AWP,WE,Federal Contract Tower,0,1,9,0,10,0,7,57,0,64,0,8,66,0,74,128,0,128,202
06/25/2012,OXR,CA,AWP,WE,Federal Contract Tower,0,2,9,2,13,0,7,41,0,48,0,9,50,2,61,44,0,44,105
06/26/2012,OXR,CA,AWP,WE,Federal Contract Tower,0,7,26,0,33,0,25,82,0,107,0,32,108,0,140,82,0,82,222
06/27/2012,OXR,CA,AWP,WE,Federal Contract Tower,0,3,8,0,11,0,17,57,0,74,0,20,65,0,85,30,0,30,115
06/28/2012,OXR,CA,AWP,WE,Federal Contract Tower,0,1,30,0,31,0,16,56,0,72,0,17,86,0,103,110,0,110,213
06/29/2012,OXR,CA,AWP,WE,Federal Contract Tower,0,5,14,2,21,0,20,74,0,94,0,25,88,2,115,100,0,100,215
06/30/2012,OXR,CA,AWP,WE,Federal Contract Tower,0,0,5,0,5,0,10,82,0,92,0,10,87,0,97,98,0,98,195
07/01/2012,OXR,CA,AWP,WE,Federal Contract Tower,0,0,14,0,14,0,2,58,0,60,0,2,72,0,74,84,0,84,158
07/02/2012,OXR,CA,AWP,WE,Federal Contract Tower,0,2,12,0,14,0,4,26,0,30,0,6,38,0,44,42,0,42,86
07/03/2012,OXR,CA,AWP,WE,Federal Contract Tower,0,4,33,0,37,0,2,12,0,14,0,6,45,0,51,0,0,0,51
07/04/2012,OXR,CA,AWP,WE,Federal Contract Tower,0,0,24,0,24,0,3,5,0,8,0,3,29,0,32,8,0,8,40
07/05/2012,OXR,CA,AWP,WE,Federal Contract Tower,0,5,17,0,22,0,4,32,0,36,0,9,49,0,58,36,0,36,94
07/06/2012,OXR,CA,AWP,WE,Federal Contract Tower,0,9,39,2,50,0,1,21,0,22,0,10,60,2,72,32,0,32,104
07/07/2012,OXR,CA,AWP,WE,Federal Contract Tower,0,4,30,0,34,0,0,18,0,18,0,4,48,0,52,0,0,0,52
07/08/2012,OXR,CA,AWP,WE,Federal Contract Tower,0,5,27,1,33,0,0,15,0,15,0,5,42,1,48,8,0,8,56
07/09/2012,OXR,CA,AWP,WE,Federal Contract Tower,0,2,13,0,15,0,0,58,0,58,0,2,71,0,73,86,0,86,159
07/10/2012,OXR,CA,AWP,WE,Federal Contract Tower,0,1,10,0,11,0,9,46,0,55,0,10,56,0,66,106,0,106,172
07/11/2012,OXR,CA,AWP,WE,Federal Contract Tower,0,5,18,0,23,0,5,27,0,32,0,10,45,0,55,64,0,64,119
07/12/2012,OXR,CA,AWP,WE,Federal Contract Tower,0,4,27,0,31,0,10,56,0,66,0,14,83,0,97,90,0,90,187
07/13/2012,OXR,CA,AWP,WE,Federal Contract Tower,0,5,7,0,12,0,18,60,0,78,0,23,67,0,90,78,0,78,168
07/14/2012,OXR,CA,AWP,WE,Federal Contract Tower,0,1,18,0,19,0,4,93,0,97,0,5,111,0,116,120,0,120,236
07/15/2012,OXR,CA,AWP,WE,Federal Contract Tower,0,1,26,0,27,0,3,69,0,72,0,4,95,0,99,36,0,36,135
07/16/2012,OXR,CA,AWP,WE,Federal Contract Tower,0,6,29,2,37,0,7,29,2,38,0,13,58,4,75,58,4,62,137
07/17/2012,OXR,CA,AWP,WE,Federal Contract Tower,0,9,29,0,38,0,4,51,0,55,0,13,80,0,93,102,0,102,195
07/18/2012,OXR,CA,AWP,WE,Federal Contract Tower,0,7,23,0,30,0,18,52,0,70,0,25,75,0,100,64,0,64,164
07/19/2012,OXR,CA,AWP,WE,Federal Contract Tower,0,4,15,2,21,0,7,65,0,72,0,11,80,2,93,90,0,90,183
07/20/2012,OXR,CA,AWP,WE,Federal Contract Tower,0,5,14,1,20,0,7,85,1,93,0,12,99,2,113,76,0,76,189
07/21/2012,OXR,CA,AWP,WE,Federal Contract Tower,0,2,18,0,20,0,4,56,0,60,0,6,74,0,80,76,0,76,156
07/22/2012,OXR,CA,AWP,WE,Federal Contract Tower,0,5,32,0,37,0,0,14,0,14,0,5,46,0,51,16,0,16,67
07/23/2012,OXR,CA,AWP,WE,Federal Contract Tower,0,17,29,0,46,0,0,0,0,0,0,17,29,0,46,0,0,0,46
07/24/2012,OXR,CA,AWP,WE,Federal Contract Tower,0,11,20,1,32,0,21,25,0,46,0,32,45,1,78,70,0,70,148
07/25/2012,OXR,CA,AWP,WE,Federal Contract Tower,0,8,23,0,31,0,8,40,0,48,0,16,63,0,79,52,0,52,131
07/26/2012,OXR,CA,AWP,WE,Federal Contract Tower,0,15,31,4,50,0,13,48,2,63,0,28,79,6,113,70,14,84,197
07/27/2012,OXR,CA,AWP,WE,Federal Contract Tower,0,11,16,0,27,0,7,61,0,68,0,18,77,0,95,86,0,86,181
07/28/2012,OXR,CA,AWP,WE,Federal Contract Tower,0,0,11,0,11,0,5,63,0,68,0,5,74,0,79,56,0,56,135
07/29/2012,OXR,CA,AWP,WE,Federal Contract Tower,0,4,25,0,29,0,0,52,0,52,0,4,77,0,81,76,0,76,157
07/30/2012,OXR,CA,AWP,WE,Federal Contract Tower,0,8,25,0,33,0,15,30,0,45,0,23,55,0,78,6,0,6,84
07/31/2012,OXR,CA,AWP,WE,Federal Contract Tower,0,23,32,0,55,0,0,8,0,8,0,23,40,0,63,0,0,0,63
08/01/2012,OXR,CA,AWP,WE,Federal Contract Tower,0,13,17,0,30,0,0,30,0,30,0,13,47,0,60,26,0,26,86
08/02/2012,OXR,CA,AWP,WE,Federal Contract Tower,0,14,28,0,42,0,13,35,0,48,0,27,63,0,90,54,0,54,144
08/03/2012,OXR,CA,AWP,WE,Federal Contract Tower,0,7,21,0,28,0,9,45,0,54,0,16,66,0,82,28,0,28,110
08/04/2012,OXR,CA,AWP,WE,Federal Contract Tower,0,0,25,0,25,0,1,68,0,69,0,1,93,0,94,110,0,110,204
08/05/2012,OXR,CA,AWP,WE,Federal Contract Tower,0,3,17,0,20,0,1,66,0,67,0,4,83,0,87,80,0,80,167
08/06/2012,OXR,CA,AWP,WE,Federal Contract Tower,0,9,11,0,20,0,9,41,0,50,0,18,52,0,70,28,0,28,98
08/07/2012,OXR,CA,AWP,WE,Federal Contract Tower,0,4,8,0,12,0,3,60,0,63,0,7,68,0,75,120,0,120,195
08/08/2012,OXR,CA,AWP,WE,Federal Contract Tower,0,6,15,0,21,0,10,81,0,91,0,16,96,0,112,144,0,144,256
08/09/2012,OXR,CA,AWP,WE,Federal Contract Tower,0,5,11,2,18,0,5,63,0,68,0,10,74,2,86,118,0,118,204
08/10/2012,OXR,CA,AWP,WE,Federal Contract Tower,0,4,17,2,23,0,13,63,0,76,0,17,80,2,99,126,0,126,225
08/11/2012,OXR,CA,AWP,WE,Federal Contract Tower,0,1,2,0,3,0,4,73,0,77,0,5,75,0,80,154,0,154,234
08/12/2012,OXR,CA,AWP,WE,Federal Contract Tower,0,1,13,0,14,0,3,69,0,72,0,4,82,0,86,172,0,172,258
08/13/2012,OXR,CA,AWP,WE,Federal Contract Tower,0,1,6,0,7,0,5,42,0,47,0,6,48,0,54,68,0,68,122
08/14/2012,OXR,CA,AWP,WE,Federal Contract Tower,0,0,14,1,15,0,8,45,0,53,0,8,59,1,68,68,0,68,136
08/15/2012,OXR,CA,AWP,WE,Federal Contract Tower,0,3,24,1,28,0,7,37,0,44,0,10,61,1,72,22,0,22,94
08/16/2012,OXR,CA,AWP,WE,Federal Contract Tower,0,1,22,0,23,0,8,92,0,100,0,9,114,0,123,120,0,120,243
08/17/2012,OXR,CA,AWP,WE,Federal Contract Tower,0,13,12,0,25,0,14,84,0,98,0,27,96,0,123,146,0,146,269
08/18/2012,OXR,CA,AWP,WE,Federal Contract Tower,0,2,4,0,6,0,0,68,0,68,0,2,72,0,74,82,0,82,156
08/19/2012,OXR,CA,AWP,WE,Federal Contract Tower,0,2,5,0,7,0,4,58,0,62,0,6,63,0,69,32,0,32,101
08/20/2012,OXR,CA,AWP,WE,Federal Contract Tower,0,2,11,0,13,0,7,39,0,46,0,9,50,0,59,56,0,56,115
08/21/2012,OXR,CA,AWP,WE,Federal Contract Tower,0,17,23,2,42,0,16,35,0,51,0,33,58,2,93,26,0,26,119
08/22/2012,OXR,CA,AWP,WE,Federal Contract Tower,0,2,40,0,42,0,5,14,0,19,0,7,54,0,61,2,0,2,63
08/23/2012,OXR,CA,AWP,WE,Federal Contract Tower,0,5,35,0,40,0,4,4,0,8,0,9,39,0,48,8,0,8,56
08/24/2012,OXR,CA,AWP,WE,Federal Contract Tower,0,9,43,0,52,0,5,26,0,31,0,14,69,0,83,26,0,26,109
08/25/2012,OXR,CA,AWP,WE,Federal Contract Tower,0,3,44,0,47,0,5,43,0,48,0,8,87,0,95,68,0,68,163
08/26/2012,OXR,CA,AWP,WE,Federal Contract Tower,0,7,18,0,25,0,10,53,0,63,0,17,71,0,88,112,0,112,200
08/27/2012,OXR,CA,AWP,WE,Federal Contract Tower,0,5,33,0,38,0,4,46,2,52,0,9,79,2,90,30,2,32,122
08/28/2012,OXR,CA,AWP,WE,Federal Contract Tower,0,10,3,0,13,0,6,53,0,59,0,16,56,0,72,86,0,86,158
08/29/2012,OXR,CA,AWP,WE,Federal Contract Tower,0,3,19,0,22,0,8,76,0,84,0,11,95,0,106,128,0,128,234
08/30/2012,OXR,CA,AWP,WE,Federal Contract Tower,0,2,15,0,17,0,2,93,0,95,0,4,108,0,112,68,0,68,180
08/31/2012,OXR,CA,AWP,WE,Federal Contract Tower,0,3,15,0,18,0,8,80,0,88,0,11,95,0,106,94,0,94,200
09/01/2012,OXR,CA,AWP,WE,Federal Contract Tower,0,4,9,0,13,0,4,89,0,93,0,8,98,0,106,138,0,138,244
09/02/2012,OXR,CA,AWP,WE,Federal Contract Tower,0,3,5,0,8,0,1,76,0,77,0,4,81,0,85,124,0,124,209
09/03/2012,OXR,CA,AWP,WE,Federal Contract Tower,0,0,1,0,1,0,59,0,0,59,0,59,1,0,60,30,0,30,90
09/04/2012,OXR,CA,AWP,WE,Federal Contract Tower,0,1,15,0,16,0,10,49,0,59,0,11,64,0,75,62,0,62,137
09/05/2012,OXR,CA,AWP,WE,Federal Contract Tower,0,7,24,0,31,0,21,36,0,57,0,28,60,0,88,62,0,62,150
09/06/2012,OXR,CA,AWP,WE,Federal Contract Tower,0,9,5,0,14,0,29,94,0,123,0,38,99,0,137,142,0,142,279
09/07/2012,OXR,CA,AWP,WE,Federal Contract Tower,0,11,10,0,21,0,32,66,0,98,0,43,76,0,119,112,0,112,231
09/08/2012,OXR,CA,AWP,WE,Federal Contract Tower,0,0,6,0,6,0,1,79,0,80,0,1,85,0,86,98,0,98,184
09/09/2012,OXR,CA,AWP,WE,Federal Contract Tower,0,8,12,0,20,0,6,86,0,92,0,14,98,0,112,72,0,72,184
09/10/2012,OXR,CA,AWP,WE,Federal Contract Tower,0,4,13,0,17,0,9,39,0,48,0,13,52,0,65,65,0,65,130
09/11/2012,OXR,CA,AWP,WE,Federal Contract Tower,0,17,48,1,66,0,10,30,0,40,0,27,78,1,106,60,0,60,166
09/12/2012,OXR,CA,AWP,WE,Federal Contract Tower,0,14,37,0,51,0,12,20,0,32,0,26,57,0,83,12,0,12,95
09/13/2012,OXR,CA,AWP,WE,Federal Contract Tower,0,13,26,0,39,0,8,22,0,30,0,21,48,0,69,54,0,54,123
09/14/2012,OXR,CA,AWP,WE,Federal Contract Tower,0,9,15,4,28,0,17,80,0,97,0,26,95,4,125,142,0,142,267
09/15/2012,OXR,CA,AWP,WE,Federal Contract Tower,0,0,6,0,6,0,1,76,0,77,0,1,82,0,83,150,0,150,233
09/16/2012,OXR,CA,AWP,WE,Federal Contract Tower,0,1,9,0,10,0,1,48,2,51,0,2,57,2,61,42,0,42,103
09/17/2012,OXR,CA,AWP,WE,Federal Contract Tower,0,8,20,0,28,0,0,11,0,11,0,8,31,0,39,6,0,6,45
09/18/2012,OXR,CA,AWP,WE,Federal Contract Tower,0,4,15,0,19,0,4,40,0,44,0,8,55,0,63,62,0,62,125
09/19/2012,OXR,CA,AWP,WE,Federal Contract Tower,0,2,8,0,10,0,5,67,0,72,0,7,75,0,82,114,0,114,196
09/20/2012,OXR,CA,AWP,WE,Federal Contract Tower,0,2,18,0,20,0,6,56,0,62,0,8,74,0,82,118,0,118,200
09/21/2012,OXR,CA,AWP,WE,Federal Contract Tower,0,8,13,0,21,0,12,68,0,80,0,20,81,0,101,132,0,132,233
09/22/2012,OXR,CA,AWP,WE,Federal Contract Tower,0,2,6,0,8,0,8,45,0,53,0,10,51,0,61,122,0,122,183
09/23/2012,OXR,CA,AWP,WE,Federal Contract Tower,0,0,0,0,0,0,2,68,0,70,0,2,68,0,70,58,0,58,128
09/24/2012,OXR,CA,AWP,WE,Federal Contract Tower,0,0,8,0,8,0,5,42,0,47,0,5,50,0,55,39,0,39,94
09/25/2012,OXR,CA,AWP,WE,Federal Contract Tower,0,5,6,0,11,0,10,32,0,42,0,15,38,0,53,64,0,64,117
09/26/2012,OXR,CA,AWP,WE,Federal Contract Tower,0,2,10,0,12,0,3,33,0,36,0,5,43,0,48,58,0,58,106
09/27/2012,OXR,CA,AWP,WE,Federal Contract Tower,0,4,13,0,17,0,12,74,0,86,0,16,87,0,103,142,0,142,245
09/28/2012,OXR,CA,AWP,WE,Federal Contract Tower,0,3,29,0,32,0,5,60,0,65,0,8,89,0,97,68,0,68,165
09/29/2012,OXR,CA,AWP,WE,Federal Contract Tower,0,0,8,0,8,0,4,69,0,73,0,4,77,0,81,98,0,98,179
09/30/2012,OXR,CA,AWP,WE,Federal Contract Tower,0,0,4,0,4,0,5,68,0,73,0,5,72,0,77,100,0,100,177
10/01/2012,OXR,CA,AWP,WE,Federal Contract Tower,0,5,11,0,16,0,12,53,2,67,0,17,64,2,83,76,0,76,159
10/02/2012,OXR,CA,AWP,WE,Federal Contract Tower,0,4,11,1,16,0,8,45,1,54,0,12,56,2,70,48,0,48,118
10/03/2012,OXR,CA,AWP,WE,Federal Contract Tower,0,14,11,0,25,0,3,6,0,9,0,17,17,0,34,0,0,0,34
10/04/2012,OXR,CA,AWP,WE,Federal Contract Tower,0,4,24,0,28,0,3,81,0,84,0,7,105,0,112,94,0,94,206
10/05/2012,OXR,CA,AWP,WE,Federal Contract Tower,0,12,7,0,19,0,12,76,0,88,0,24,83,0,107,148,0,148,255
10/06/2012,OXR,CA,AWP,WE,Federal Contract Tower,0,2,10,0,12,0,5,48,0,53,0,7,58,0,65,124,0,124,189
10/07/2012,OXR,CA,AWP,WE,Federal Contract Tower,0,2,14,0,16,0,6,56,0,62,0,8,70,0,78,196,0,196,274
10/08/2012,OXR,CA,AWP,WE,Federal Contract Tower,0,5,9,0,14,0,5,30,0,35,0,10,39,0,49,40,0,40,89
10/09/2012,OXR,CA,AWP,WE,Federal Contract Tower,0,1,20,0,21,0,4,36,0,40,0,5,56,0,61,118,0,118,179
10/10/2012,OXR,CA,AWP,WE,Federal Contract Tower,0,11,12,0,23,0,8,28,0,36,0,19,40,0,59,50,0,50,109
10/11/2012,OXR,CA,AWP,WE,Federal Contract Tower,0,8,24,0,32,0,11,20,0,31,0,19,44,0,63,24,0,24,87
10/12/2012,OXR,CA,AWP,WE,Federal Contract Tower,0,6,18,0,24,0,15,70,0,85,0,21,88,0,109,108,0,108,217
10/13/2012,OXR,CA,AWP,WE,Federal Contract Tower,0,0,16,0,16,0,1,76,0,77,0,1,92,0,93,92,0,92,185
10/14/2012,OXR,CA,AWP,WE,Federal Contract Tower,0,1,11,0,12,0,2,74,0,76,0,3,85,0,88,116,0,116,204
10/15/2012,OXR,CA,AWP,WE,Federal Contract Tower,0,4,11,0,15,0,4,68,2,74,0,8,79,2,89,24,0,24,113
10/16/2012,OXR,CA,AWP,WE,Federal Contract Tower,0,1,6,0,7,0,5,61,0,66,0,6,67,0,73,106,0,106,179
10/17/2012,OXR,CA,AWP,WE,Federal Contract Tower,0,6,17,0,23,0,16,45,0,61,0,22,62,0,84,40,0,40,124
10/18/2012,OXR,CA,AWP,WE,Federal Contract Tower,0,7,26,0,33,0,17,64,0,81,0,24,90,0,114,100,0,100,214
10/19/2012,OXR,CA,AWP,WE,Federal Contract Tower,0,17,51,2,70,0,0,2,0,2,0,17,53,2,72,4,0,4,76
10/20/2012,OXR,CA,AWP,WE,Federal Contract Tower,0,4,61,0,65,0,0,25,0,25,0,4,86,0,90,34,0,34,124
10/21/2012,OXR,CA,AWP,WE,Federal Contract Tower,0,0,41,0,41,0,5,45,0,50,0,5,86,0,91,86,0,86,177
10/22/2012,OXR,CA,AWP,WE,Federal Contract Tower,0,11,30,0,41,0,7,34,0,41,0,18,64,0,82,64,0,64,146
10/23/2012,OXR,CA,AWP,WE,Federal Contract Tower,0,5,8,1,14,0,11,52,1,64,0,16,60,2,78,42,0,42,120
10/24/2012,OXR,CA,AWP,WE,Federal Contract Tower,0,10,9,0,19,0,9,42,0,51,0,19,51,0,70,108,0,108,178
10/25/2012,OXR,CA,AWP,WE,Federal Contract Tower,0,3,11,0,14,0,9,60,0,69,0,12,71,0,83,78,0,78,161
10/26/2012,OXR,CA,AWP,WE,Federal Contract Tower,0,6,2,0,8,0,5,14,0,19,0,11,16,0,27,22,0,22,49
10/27/2012,OXR,CA,AWP,WE,Federal Contract Tower,0,1,5,0,6,0,7,69,0,76,0,8,74,0,82,118,0,118,200
10/28/2012,OXR,CA,AWP,WE,Federal Contract Tower,0,4,8,0,12,0,8,84,0,92,0,12,92,0,104,166,0,166,270
10/29/2012,OXR,CA,AWP,WE,Federal Contract Tower,0,3,18,2,23,0,1,48,1,50,0,4,66,3,73,32,0,32,105
10/30/2012,OXR,CA,AWP,WE,Federal Contract Tower,0,4,17,0,21,0,4,32,0,36,0,8,49,0,57,31,0,31,88
10/31/2012,OXR,CA,AWP,WE,Federal Contract Tower,0,6,16,0,22,0,8,27,0,35,0,14,43,0,57,63,0,63,120
11/01/2012,OXR,CA,AWP,WE,Federal Contract Tower,0,2,35,0,37,0,4,35,0,39,0,6,70,0,76,52,0,52,128
11/02/2012,OXR,CA,AWP,WE,Federal Contract Tower,0,8,22,0,30,0,7,76,0,83,0,15,98,0,113,148,0,148,261
11/03/2012,OXR,CA,AWP,WE,Federal Contract Tower,0,0,10,0,10,0,12,65,0,77,0,12,75,0,87,60,0,60,147
11/04/2012,OXR,CA,AWP,WE,Federal Contract Tower,0,2,13,0,15,0,4,63,0,67,0,6,76,0,82,84,0,84,166
11/05/2012,OXR,CA,AWP,WE,Federal Contract Tower,0,13,15,0,28,0,10,33,0,43,0,23,48,0,71,40,0,40,111
11/06/2012,OXR,CA,AWP,WE,Federal Contract Tower,0,9,18,0,27,0,6,54,0,60,0,15,72,0,87,112,0,112,199
11/07/2012,OXR,CA,AWP,WE,Federal Contract Tower,0,10,33,0,43,0,3,34,0,37,0,13,67,0,80,48,0,48,128
11/08/2012,OXR,CA,AWP,WE,Federal Contract Tower,0,9,20,0,29,0,5,9,0,14,0,14,29,0,43,8,0,8,51
11/09/2012,OXR,CA,AWP,WE,Federal Contract Tower,0,13,22,0,35,0,6,50,0,56,0,19,72,0,91,54,0,54,145
11/10/2012,OXR,CA,AWP,WE,Federal Contract Tower,0,1,15,0,16,0,3,54,0,57,0,4,69,0,73,78,0,78,151
11/11/2012,OXR,CA,AWP,WE,Federal Contract Tower,0,6,23,0,29,0,2,79,0,81,0,8,102,0,110,100,0,100,210
11/12/2012,OXR,CA,AWP,WE,Federal Contract Tower,0,2,7,0,9,0,4,59,0,63,0,6,66,0,72,94,0,94,166
11/13/2012,OXR,CA,AWP,WE,Federal Contract Tower,0,2,20,0,22,0,9,57,0,66,0,11,77,0,88,46,0,46,134
11/14/2012,OXR,CA,AWP,WE,Federal Contract Tower,0,4,11,0,15,0,7,65,0,72,0,11,76,0,87,52,0,52,139
11/15/2012,OXR,CA,AWP,WE,Federal Contract Tower,0,7,30,1,38,0,9,47,0,56,0,16,77,1,94,80,0,80,174
11/16/2012,OXR,CA,AWP,WE,Federal Contract Tower,0,11,25,2,38,0,18,34,0,52,0,29,59,2,90,66,0,66,156
11/17/2012,OXR,CA,AWP,WE,Federal Contract Tower,0,1,26,0,27,0,2,7,0,9,0,3,33,0,36,16,0,16,52
11/18/2012,OXR,CA,AWP,WE,Federal Contract Tower,0,3,22,0,25,0,11,60,0,71,0,14,82,0,96,108,0,108,204
11/19/2012,OXR,CA,AWP,WE,Federal Contract Tower,0,15,24,0,39,0,0,36,0,36,0,15,60,0,75,46,0,46,121
11/20/2012,OXR,CA,AWP,WE,Federal Contract Tower,0,7,20,2,29,0,2,77,0,79,0,9,97,2,108,72,0,72,180
11/21/2012,OXR,CA,AWP,WE,Federal Contract Tower,0,6,19,2,27,0,3,59,0,62,0,9,78,2,89,118,0,118,207
11/22/2012,OXR,CA,AWP,WE,Federal Contract Tower,0,0,21,0,21,0,0,8,0,8,0,0,29,0,29,0,0,0,29
11/23/2012,OXR,CA,AWP,WE,Federal Contract Tower,0,6,35,0,41,0,2,21,0,23,0,8,56,0,64,0,0,0,64
11/24/2012,OXR,CA,AWP,WE,Federal Contract Tower,0,1,16,0,17,0,3,80,0,83,0,4,96,0,100,146,0,146,246
11/25/2012,OXR,CA,AWP,WE,Federal Contract Tower,0,5,35,0,40,0,3,5,0,8,0,8,40,0,48,0,0,0,48
11/26/2012,OXR,CA,AWP,WE,Federal Contract Tower,0,7,23,0,30,0,4,25,2,31,0,11,48,2,61,22,0,22,83
11/27/2012,OXR,CA,AWP,WE,Federal Contract Tower,0,5,17,0,22,0,3,39,0,42,0,8,56,0,64,76,0,76,140
11/28/2012,OXR,CA,AWP,WE,Federal Contract Tower,0,8,21,0,29,0,2,23,0,25,0,10,44,0,54,52,0,52,106
11/29/2012,OXR,CA,AWP,WE,Federal Contract Tower,0,5,24,0,29,0,0,6,0,6,0,5,30,0,35,20,0,20,55
11/30/2012,OXR,CA,AWP,WE,Federal Contract Tower,0,10,19,0,29,0,4,5,0,9,0,14,24,0,38,10,0,10,48
12/01/2012,OXR,CA,AWP,WE,Federal Contract Tower,0,3,37,0,40,0,1,12,0,13,0,4,49,0,53,32,0,32,85
12/02/2012,OXR,CA,AWP,WE,Federal Contract Tower,0,5,35,0,40,0,0,6,0,6,0,5,41,0,46,0,0,0,46
12/03/2012,OXR,CA,AWP,WE,Federal Contract Tower,0,3,28,0,31,0,7,11,0,18,0,10,39,0,49,8,0,8,57
12/04/2012,OXR,CA,AWP,WE,Federal Contract Tower,0,5,34,0,39,0,6,46,0,52,0,11,80,0,91,72,0,72,163
12/05/2012,OXR,CA,AWP,WE,Federal Contract Tower,0,6,18,0,24,0,7,80,0,87,0,13,98,0,111,128,0,128,239
12/06/2012,OXR,CA,AWP,WE,Federal Contract Tower,0,3,28,4,35,0,10,31,0,41,0,13,59,4,76,24,0,24,100
12/07/2012,OXR,CA,AWP,WE,Federal Contract Tower,0,4,16,0,20,0,10,61,0,71,0,14,77,0,91,92,0,92,183
12/08/2012,OXR,CA,AWP,WE,Federal Contract Tower,0,4,35,0,39,0,0,21,0,21,0,4,56,0,60,18,0,18,78
12/09/2012,OXR,CA,AWP,WE,Federal Contract Tower,0,2,22,0,24,0,1,38,0,39,0,3,60,0,63,86,0,86,149
12/10/2012,OXR,CA,AWP,WE,Federal Contract Tower,0,5,17,0,22,0,4,28,0,32,0,9,45,0,54,16,0,16,70
12/11/2012,OXR,CA,AWP,WE,Federal Contract Tower,0,6,25,0,31,0,13,53,2,68,0,19,78,2,99,56,18,74,173
12/12/2012,OXR,CA,AWP,WE,Federal Contract Tower,0,7,41,0,48,0,6,10,0,16,0,13,51,0,64,42,0,42,106
12/13/2012,OXR,CA,AWP,WE,Federal Contract Tower,0,5,15,2,22,0,14,42,0,56,0,19,57,2,78,86,0,86,164
12/14/2012,OXR,CA,AWP,WE,Federal Contract Tower,0,4,17,0,21,0,16,54,0,70,0,20,71,0,91,96,0,96,187
12/15/2012,OXR,CA,AWP,WE,Federal Contract Tower,0,0,22,0,22,0,2,48,0,50,0,2,70,0,72,120,0,120,192
12/16/2012,OXR,CA,AWP,WE,Federal Contract Tower,0,3,20,2,25,0,0,4,2,6,0,3,24,4,31,10,0,10,41
12/17/2012,OXR,CA,AWP,WE,Federal Contract Tower,0,14,30,0,44,0,3,18,3,24,0,17,48,3,68,28,0,28,96
12/18/2012,OXR,CA,AWP,WE,Federal Contract Tower,0,8,19,3,30,0,2,22,1,25,0,10,41,4,55,32,0,32,87
12/19/2012,OXR,CA,AWP,WE,Federal Contract Tower,0,12,8,0,20,0,10,39,0,49,0,22,47,0,69,36,0,36,105
12/20/2012,OXR,CA,AWP,WE,Federal Contract Tower,0,15,6,0,21,0,10,47,0,57,0,25,53,0,78,56,0,56,134
12/21/2012,OXR,CA,AWP,WE,Federal Contract Tower,0,4,6,1,11,0,4,70,1,75,0,8,76,2,86,124,0,124,210
12/22/2012,OXR,CA,AWP,WE,Federal Contract Tower,0,1,20,5,26,0,2,9,0,11,0,3,29,5,37,22,0,22,59
12/23/2012,OXR,CA,AWP,WE,Federal Contract Tower,0,0,12,0,12,0,0,18,0,18,0,0,30,0,30,50,0,50,80
12/24/2012,OXR,CA,AWP,WE,Federal Contract Tower,0,8,15,0,23,0,2,12,0,14,0,10,27,0,37,6,0,6,43
12/25/2012,OXR,CA,AWP,WE,Federal Contract Tower,0,0,0,0,0,0,0,12,0,12,0,0,12,0,12,10,0,10,22
12/26/2012,OXR,CA,AWP,WE,Federal Contract Tower,0,14,15,1,30,0,4,22,0,26,0,18,37,1,56,28,0,28,84
12/27/2012,OXR,CA,AWP,WE,Federal Contract Tower,0,5,30,0,35,0,6,50,0,56,0,11,80,0,91,54,0,54,145
12/28/2012,OXR,CA,AWP,WE,Federal Contract Tower,0,5,20,0,25,0,6,93,0,99,0,11,113,0,124,112,0,112,236
12/29/2012,OXR,CA,AWP,WE,Federal Contract Tower,0,1,17,0,18,0,0,27,2,29,0,1,44,2,47,34,30,64,111
12/30/2012,OXR,CA,AWP,WE,Federal Contract Tower,0,0,14,0,14,0,2,66,2,70,0,2,80,2,84,102,32,134,218
12/31/2012,OXR,CA,AWP,WE,Federal Contract Tower,0,6,7,0,13,0,3,28,0,31,0,9,35,0,44,76,0,76,120
01/01/2013,OXR,CA,AWP,WE,Federal Contract Tower,0,0,3,0,3,0,3,40,0,43,0,3,43,0,46,40,0,40,86
01/02/2013,OXR,CA,AWP,WE,Federal Contract Tower,0,2,4,0,6,0,10,40,0,50,0,12,44,0,56,18,0,18,74
01/03/2013,OXR,CA,AWP,WE,Federal Contract Tower,0,3,7,0,10,0,7,35,2,44,0,10,42,2,54,20,0,20,74
01/04/2013,OXR,CA,AWP,WE,Federal Contract Tower,0,4,21,0,25,0,33,60,0,93,0,37,81,0,118,104,0,104,222
01/05/2013,OXR,CA,AWP,WE,Federal Contract Tower,0,7,19,0,26,0,6,81,0,87,0,13,100,0,113,150,0,150,263
01/06/2013,OXR,CA,AWP,WE,Federal Contract Tower,0,0,12,0,12,0,1,38,0,39,0,1,50,0,51,52,0,52,103
01/07/2013,OXR,CA,AWP,WE,Federal Contract Tower,0,5,4,0,9,0,9,36,0,45,0,14,40,0,54,44,0,44,98
01/08/2013,OXR,CA,AWP,WE,Federal Contract Tower,0,2,8,0,10,0,4,54,0,58,0,6,62,0,68,94,0,94,162
01/09/2013,OXR,CA,AWP,WE,Federal Contract Tower,0,7,27,0,34,0,2,26,0,28,0,9,53,0,62,36,0,36,98
01/10/2013,OXR,CA,AWP,WE,Federal Contract Tower,0,4,5,0,9,0,12,17,0,29,0,16,22,0,38,6,0,6,44
01/11/2013,OXR,CA,AWP,WE,Federal Contract Tower,0,10,12,2,24,0,4,60,0,64,0,14,72,2,88,78,0,78,166
01/12/2013,OXR,CA,AWP,WE,Federal Contract Tower,0,6,14,0,20,0,8,72,0,80,0,14,86,0,100,120,0,120,220
01/13/2013,OXR,CA,AWP,WE,Federal Contract Tower,0,3,9,0,12,0,8,59,2,69,0,11,68,2,81,96,40,136,217
01/14/2013,OXR,CA,AWP,WE,Federal Contract Tower,0,2,10,0,12,0,5,0,29,34,0,7,10,29,46,44,0,44,90
01/15/2013,OXR,CA,AWP,WE,Federal Contract Tower,0,0,6,6,12,0,15,60,0,75,0,15,66,6,87,140,0,140,227
01/16/2013,OXR,CA,AWP,WE,Federal Contract Tower,0,7,9,0,16,0,6,41,0,47,0,13,50,0,63,62,0,62,125
01/17/2013,OXR,CA,AWP,WE,Federal Contract Tower,0,0,0,0,0,0,0,5,0,5,0,0,5,0,5,0,0,0,5
01/18/2013,OXR,CA,AWP,WE,Federal Contract Tower,0,6,8,0,14,0,9,54,0,63,0,15,62,0,77,88,0,88,165
01/19/2013,OXR,CA,AWP,WE,Federal Contract Tower,0,0,8,0,8,0,0,52,0,52,0,0,60,0,60,42,0,42,102
01/20/2013,OXR,CA,AWP,WE,Federal Contract Tower,0,0,7,0,7,0,3,55,2,60,0,3,62,2,67,106,16,122,189
01/21/2013,OXR,CA,AWP,WE,Federal Contract Tower,0,3,3,0,6,0,5,37,0,42,0,8,40,0,48,30,0,30,78
01/22/2013,OXR,CA,AWP,WE,Federal Contract Tower,0,11,12,0,23,0,12,83,0,95,0,23,95,0,118,32,0,32,150
01/23/2013,OXR,CA,AWP,WE,Federal Contract Tower,0,8,9,0,17,0,9,60,0,69,0,17,69,0,86,118,0,118,204
01/24/2013,OXR,CA,AWP,WE,Federal Contract Tower,0,2,14,2,18,0,1,4,0,5,0,3,18,2,23,22,0,22,45
01/25/2013,OXR,CA,AWP,WE,Federal Contract Tower,0,6,27,0,33,0,6,8,0,14,0,12,35,0,47,0,0,0,47
01/26/2013,OXR,CA,AWP,WE,Federal Contract Tower,0,6,28,0,34,0,2,6,0,8,0,8,34,0,42,2,0,2,44
01/27/2013,OXR,CA,AWP,WE,Federal Contract Tower,6,17,0,0,23,0,2,48,0,50,6,19,48,0,73,78,0,78,151
01/28/2013,OXR,CA,AWP,WE,Federal Contract Tower,0,7,16,0,23,0,5,57,0,62,0,12,73,0,85,86,0,86,171
01/29/2013,OXR,CA,AWP,WE,Federal Contract Tower,0,7,11,1,19,0,10,64,1,75,0,17,75,2,94,108,0,108,202
01/30/2013,OXR,CA,AWP,WE,Federal Contract Tower,0,14,11,0,25,0,9,56,0,65,0,23,67,0,90,86,0,86,176
01/31/2013,OXR,CA,AWP,WE,Federal Contract Tower,0,0,0,0,0,0,2,1,0,3,0,2,1,0,3,0,0,0,3
02/01/2013,OXR,CA,AWP,WE,Federal Contract Tower,0,4,9,0,13,0,4,69,2,75,0,8,78,2,88,122,0,122,210
02/02/2013,OXR,CA,AWP,WE,Federal Contract Tower,0,4,12,0,16,0,9,76,0,85,0,13,88,0,101,76,0,76,177
02/03/2013,OXR,CA,AWP,WE,Federal Contract Tower,0,1,6,0,7,0,2,76,2,80,0,3,82,2,87,118,22,140,227
02/04/2013,OXR,CA,AWP,WE,Federal Contract Tower,0,1,6,1,8,0,9,53,2,64,0,10,59,3,72,128,36,164,236
02/05/2013,OXR,CA,AWP,WE,Federal Contract Tower,0,8,37,0,45,0,8,10,0,18,0,16,47,0,63,10,0,10,73
02/06/2013,OXR,CA,AWP,WE,Federal Contract Tower,0,5,19,2,26,0,6,46,0,52,0,11,65,2,78,52,0,52,130
02/07/2013,OXR,CA,AWP,WE,Federal Contract Tower,0,0,0,0,0,0,5,1,0,6,0,5,1,0,6,6,0,6,12
02/08/2013,OXR,CA,AWP,WE,Federal Contract Tower,0,2,26,0,28,0,0,22,0,22,0,2,48,0,50,20,0,20,70
02/09/2013,OXR,CA,AWP,WE,Federal Contract Tower,0,3,18,0,21,0,0,76,0,76,0,3,94,0,97,98,0,98,195
02/10/2013,OXR,CA,AWP,WE,Federal Contract Tower,0,0,9,0,9,0,1,54,0,55,0,1,63,0,64,116,0,116,180
02/11/2013,OXR,CA,AWP,WE,Federal Contract Tower,0,2,20,0,22,0,5,43,0,48,0,7,63,0,70,68,0,68,138
02/12/2013,OXR,CA,AWP,WE,Federal Contract Tower,0,2,24,0,26,0,10,74,0,84,0,12,98,0,110,116,0,116,226
02/13/2013,OXR,CA,AWP,WE,Federal Contract Tower,0,4,19,0,23,0,19,66,0,85,0,23,85,0,108,114,0,114,222
02/14/2013,OXR,CA,AWP,WE,Federal Contract Tower,0,6,13,0,19,0,10,54,0,64,0,16,67,0,83,74,0,74,157
02/15/2013,OXR,CA,AWP,WE,Federal Contract Tower,0,2,12,0,14,0,9,42,0,51,0,11,54,0,65,22,0,22,87
02/16/2013,OXR,CA,AWP,WE,Federal Contract Tower,0,0,16,0,16,0,2,86,0,88,0,2,102,0,104,94,0,94,198
02/17/2013,OXR,CA,AWP,WE,Federal Contract Tower,0,2,10,0,12,0,1,83,0,84,0,3,93,0,96,84,0,84,180
02/18/2013,OXR,CA,AWP,WE,Federal Contract Tower,0,4,24,0,28,0,1,40,0,41,0,5,64,0,69,64,0,64,133
02/19/2013,OXR,CA,AWP,WE,Federal Contract Tower,0,4,21,1,26,0,6,13,2,21,0,10,34,3,47,62,16,78,125
02/20/2013,OXR,CA,AWP,WE,Federal Contract Tower,0,5,5,0,10,0,4,46,0,50,0,9,51,0,60,64,0,64,124
02/21/2013,OXR,CA,AWP,WE,Federal Contract Tower,0,4,11,0,15,0,2,77,0,79,0,6,88,0,94,122,0,122,216
02/22/2013,OXR,CA,AWP,WE,Federal Contract Tower,0,8,10,0,18,0,10,72,0,82,0,18,82,0,100,132,0,132,232
02/23/2013,OXR,CA,AWP,WE,Federal Contract Tower,0,1,10,0,11,0,5,97,0,102,0,6,107,0,113,178,0,178,291
02/24/2013,OXR,CA,AWP,WE,Federal Contract Tower,0,2,5,0,7,0,4,24,0,28,0,6,29,0,35,32,0,32,67
02/25/2013,OXR,CA,AWP,WE,Federal Contract Tower,0,2,9,0,11,0,12,64,0,76,0,14,73,0,87,40,0,40,127
02/26/2013,OXR,CA,AWP,WE,Federal Contract Tower,0,7,2,0,9,0,8,75,0,83,0,15,77,0,92,131,0,131,223
02/27/2013,OXR,CA,AWP,WE,Federal Contract Tower,0,0,0,0,0,0,4,4,0,8,0,4,4,0,8,0,0,0,8
02/28/2013,OXR,CA,AWP,WE,Federal Contract Tower,0,5,18,0,23,0,14,64,0,78,0,19,82,0,101,72,0,72,173
03/01/2013,OXR,CA,AWP,WE,Federal Contract Tower,0,4,6,0,10,0,14,66,0,80,0,18,72,0,90,20,0,20,110
03/02/2013,OXR,CA,AWP,WE,Federal Contract Tower,0,2,10,0,12,0,4,103,0,107,0,6,113,0,119,120,0,120,239
03/03/2013,OXR,CA,AWP,WE,Federal Contract Tower,0,0,20,0,20,0,3,70,0,73,0,3,90,0,93,116,0,116,209
03/04/2013,OXR,CA,AWP,WE,Federal Contract Tower,0,2,12,2,16,0,9,42,0,51,0,11,54,2,67,126,0,126,193
03/05/2013,OXR,CA,AWP,WE,Federal Contract Tower,0,2,51,0,53,0,10,19,0,29,0,12,70,0,82,22,0,22,104
03/06/2013,OXR,CA,AWP,WE,Federal Contract Tower,0,5,30,2,37,0,10,18,0,28,0,15,48,2,65,36,0,36,101
03/07/2013,OXR,CA,AWP,WE,Federal Contract Tower,0,3,27,0,30,0,13,26,0,39,0,16,53,0,69,56,0,56,125
03/08/2013,OXR,CA,AWP,WE,Federal Contract Tower,0,8,37,0,45,0,17,36,0,53,0,25,73,0,98,58,0,58,156
03/09/2013,OXR,CA,AWP,WE,Federal Contract Tower,0,2,16,0,18,0,7,83,0,90,0,9,99,0,108,182,0,182,290
03/10/2013,OXR,CA,AWP,WE,Federal Contract Tower,0,0,12,0,12,0,12,74,0,86,0,12,86,0,98,128,0,128,226
03/11/2013,OXR,CA,AWP,WE,Federal Contract Tower,0,0,10,0,10,0,19,61,0,80,0,19,71,0,90,117,0,117,207
03/12/2013,OXR,CA,AWP,WE,Federal Contract Tower,0,0,11,0,11,0,8,41,0,49,0,8,52,0,60,72,0,72,132
03/13/2013,OXR,CA,AWP,WE,Federal Contract Tower,0,1,30,0,31,0,4,37,0,41,0,5,67,0,72,38,0,38,110
03/14/2013,OXR,CA,AWP,WE,Federal Contract Tower,0,14,28,0,42,0,1,9,0,10,0,15,37,0,52,0,0,0,52
03/15/2013,OXR,CA,AWP,WE,Federal Contract Tower,0,5,43,0,48,0,7,12,0,19,0,12,55,0,67,0,0,0,67
03/16/2013,OXR,CA,AWP,WE,Federal Contract Tower,0,5,37,0,42,0,0,1,0,1,0,5,38,0,43,0,0,0,43
03/17/2013,OXR,CA,AWP,WE,Federal Contract Tower,0,6,19,0,25,0,4,32,0,36,0,10,51,0,61,12,0,12,73
03/18/2013,OXR,CA,AWP,WE,Federal Contract Tower,0,2,27,5,34,0,5,14,1,20,0,7,41,6,54,62,16,78,132
03/19/2013,OXR,CA,AWP,WE,Federal Contract Tower,0,3,20,0,23,0,7,25,0,32,0,10,45,0,55,76,0,76,131
03/20/2013,OXR,CA,AWP,WE,Federal Contract Tower,0,1,24,0,25,0,7,26,0,33,0,8,50,0,58,86,0,86,144
03/21/2013,OXR,CA,AWP,WE,Federal Contract Tower,0,0,16,0,16,0,7,77,0,84,0,7,93,0,100,98,0,98,198
03/22/2013,OXR,CA,AWP,WE,Federal Contract Tower,0,2,15,5,22,0,5,77,1,83,0,7,92,6,105,98,0,98,203
03/23/2013,OXR,CA,AWP,WE,Federal Contract Tower,0,2,13,5,20,0,6,81,1,88,0,8,94,6,108,174,0,174,282
03/24/2013,OXR,CA,AWP,WE,Federal Contract Tower,0,0,18,3,21,0,5,87,0,92,0,5,105,3,113,196,0,196,309
03/25/2013,OXR,CA,AWP,WE,Federal Contract Tower,0,4,29,0,33,0,3,57,0,60,0,7,86,0,93,54,0,54,147
03/26/2013,OXR,CA,AWP,WE,Federal Contract Tower,0,2,22,0,24,0,6,41,0,47,0,8,63,0,71,82,0,82,153
03/27/2013,OXR,CA,AWP,WE,Federal Contract Tower,0,9,17,0,26,0,6,65,0,71,0,15,82,0,97,186,0,186,283
03/28/2013,OXR,CA,AWP,WE,Federal Contract Tower,0,4,40,3,47,0,0,18,2,20,0,4,58,5,67,14,10,24,91
03/29/2013,OXR,CA,AWP,WE,Federal Contract Tower,0,4,44,0,48,0,0,10,0,10,0,4,54,0,58,8,0,8,66
03/30/2013,OXR,CA,AWP,WE,Federal Contract Tower,0,4,35,0,39,0,1,26,0,27,0,5,61,0,66,36,0,36,102
03/31/2013,OXR,CA,AWP,WE,Federal Contract Tower,0,2,31,0,33,0,2,10,0,12,0,4,41,0,45,48,0,48,93
04/01/2013,OXR,CA,AWP,WE,Federal Contract Tower,0,9,18,0,27,0,6,15,0,21,0,15,33,0,48,12,0,12,60
04/02/2013,OXR,CA,AWP,WE,Federal Contract Tower,0,7,22,0,29,0,8,75,0,83,0,15,97,0,112,120,0,120,232
04/03/2013,OXR,CA,AWP,WE,Federal Contract Tower,0,4,27,0,31,0,4,16,0,20,0,8,43,0,51,24,0,24,75
04/04/2013,OXR,CA,AWP,WE,Federal Contract Tower,0,8,21,0,29,0,0,17,0,17,0,8,38,0,46,10,0,10,56
04/05/2013,OXR,CA,AWP,WE,Federal Contract Tower,0,2,28,0,30,0,6,51,0,57,0,8,79,0,87,106,0,106,193
04/06/2013,OXR,CA,AWP,WE,Federal Contract Tower,0,0,31,0,31,0,0,44,2,46,0,0,75,2,77,138,22,160,237
04/07/2013,OXR,CA,AWP,WE,Federal Contract Tower,0,2,20,0,22,0,2,53,0,55,0,4,73,0,77,102,0,102,179
04/08/2013,OXR,CA,AWP,WE,Federal Contract Tower,0,2,2,0,4,0,4,5,0,9,0,6,7,0,13,4,0,4,17
04/09/2013,OXR,CA,AWP,WE,Federal Contract Tower,0,5,17,0,22,0,6,58,0,64,0,11,75,0,86,94,0,94,180
04/10/2013,OXR,CA,AWP,WE,Federal Contract Tower,0,6,11,0,17,0,2,90,0,92,0,8,101,0,109,154,0,154,263
04/11/2013,OXR,CA,AWP,WE,Federal Contract Tower,0,7,19,0,26,0,7,91,0,98,0,14,110,0,124,190,0,190,314
04/12/2013,OXR,CA,AWP,WE,Federal Contract Tower,0,10,27,8,45,0,9,36,0,45,0,19,63,8,90,98,0,98,188
04/13/2013,OXR,CA,AWP,WE,Federal Contract Tower,0,4,32,0,36,0,0,2,0,2,0,4,34,0,38,0,0,0,38
04/14/2013,OXR,CA,AWP,WE,Federal Contract Tower,0,1,62,9,72,0,1,16,1,18,0,2,78,10,90,26,0,26,116
04/15/2013,OXR,CA,AWP,WE,Federal Contract Tower,0,4,31,0,35,0,4,21,0,25,0,8,52,0,60,46,0,46,106
04/16/2013,OXR,CA,AWP,WE,Federal Contract Tower,0,4,10,0,14,0,7,40,0,47,0,11,50,0,61,69,0,69,130
04/17/2013,OXR,CA,AWP,WE,Federal Contract Tower,0,2,10,0,12,0,11,32,0,43,0,13,42,0,55,22,0,22,77
04/18/2013,OXR,CA,AWP,WE,Federal Contract Tower,0,2,7,0,9,0,6,27,0,33,0,8,34,0,42,6,0,6,48
04/19/2013,OXR,CA,AWP,WE,Federal Contract Tower,0,6,12,0,18,0,7,72,0,79,0,13,84,0,97,142,0,142,239
04/20/2013,OXR,CA,AWP,WE,Federal Contract Tower,0,0,16,0,16,0,3,88,0,91,0,3,104,0,107,130,0,130,237
04/21/2013,OXR,CA,AWP,WE,Federal Contract Tower,0,2,9,0,11,0,5,69,0,74,0,7,78,0,85,108,0,108,193
04/22/2013,OXR,CA,AWP,WE,Federal Contract Tower,0,6,24,0,30,0,3,30,0,33,0,9,54,0,63,23,0,23,86
04/23/2013,OXR,CA,AWP,WE,Federal Contract Tower,0,4,13,0,17,0,14,35,0,49,0,18,48,0,66,72,0,72,138
04/24/2013,OXR,CA,AWP,WE,Federal Contract Tower,0,8,34,0,42,0,1,9,0,10,0,9,43,0,52,8,0,8,60
04/25/2013,OXR,CA,AWP,WE,Federal Contract Tower,0,5,29,0,34,0,12,58,0,70,0,17,87,0,104,88,0,88,192
04/26/2013,OXR,CA,AWP,WE,Federal Contract Tower,0,3,15,0,18,0,11,97,0,108,0,14,112,0,126,128,0,128,254
04/27/2013,OXR,CA,AWP,WE,Federal Contract Tower,0,0,27,0,27,0,5,60,0,65,0,5,87,0,92,110,0,110,202
04/28/2013,OXR,CA,AWP,WE,Federal Contract Tower,0,6,25,0,31,0,0,5,0,5,0,6,30,0,36,0,0,0,36
04/29/2013,OXR,CA,AWP,WE,Federal Contract Tower,0,6,18,0,24,0,4,0,0,4,0,10,18,0,28,0,0,0,28
04/30/2013,OXR,CA,AWP,WE,Federal Contract Tower,0,2,46,0,48,0,11,22,0,33,0,13,68,0,81,52,0,52,133
05/01/2013,OXR,CA,AWP,WE,Federal Contract Tower,0,2,10,0,12,0,14,59,2,75,0,16,69,2,87,162,30,192,279
05/02/2013,OXR,CA,AWP,WE,Federal Contract Tower,0,3,4,0,7,0,10,14,0,24,0,13,18,0,31,16,0,16,47
05/03/2013,OXR,CA,AWP,WE,Federal Contract Tower,0,6,8,0,14,0,19,54,0,73,0,25,62,0,87,186,0,186,273
05/04/2013,OXR,CA,AWP,WE,Federal Contract Tower,0,0,1,0,1,0,12,47,0,59,0,12,48,0,60,108,0,108,168
05/05/2013,OXR,CA,AWP,WE,Federal Contract Tower,0,0,20,0,20,0,2,23,0,25,0,2,43,0,45,20,0,20,65
05/06/2013,OXR,CA,AWP,WE,Federal Contract Tower,0,2,13,0,15,0,6,23,0,29,0,8,36,0,44,30,0,30,74
05/07/2013,OXR,CA,AWP,WE,Federal Contract Tower,0,2,18,0,20,0,16,40,0,56,0,18,58,0,76,130,0,130,206
05/08/2013,OXR,CA,AWP,WE,Federal Contract Tower,0,6,36,0,42,0,14,58,0,72,0,20,94,0,114,106,0,106,220
05/09/2013,OXR,CA,AWP,WE,Federal Contract Tower,0,2,9,0,11,0,7,54,0,61,0,9,63,0,72,70,0,70,142
05/10/2013,OXR,CA,AWP,WE,Federal Contract Tower,0,6,29,0,35,0,34,76,0,110,0,40,105,0,145,140,0,140,285
05/11/2013,OXR,CA,AWP,WE,Federal Contract Tower,0,7,39,0,46,0,3,33,0,36,0,10,72,0,82,16,0,16,98
05/12/2013,OXR,CA,AWP,WE,Federal Contract Tower,0,10,9,0,19,0,28,39,0,67,0,38,48,0,86,104,0,104,190
05/13/2013,OXR,CA,AWP,WE,Federal Contract Tower,0,3,19,0,22,0,23,52,1,76,0,26,71,1,98,110,0,110,208
05/14/2013,OXR,CA,AWP,WE,Federal Contract Tower,0,3,10,0,13,0,15,49,0,64,0,18,59,0,77,112,0,112,189
05/15/2013,OXR,CA,AWP,WE,Federal Contract Tower,0,8,17,0,25,0,11,35,0,46,0,19,52,0,71,94,0,94,165
05/16/2013,OXR,CA,AWP,WE,Federal Contract Tower,0,14,38,0,52,0,8,27,0,35,0,22,65,0,87,112,0,112,199
05/17/2013,OXR,CA,AWP,WE,Federal Contract Tower,0,4,25,0,29,0,18,70,0,88,0,22,95,0,117,150,0,150,267
05/18/2013,OXR,CA,AWP,WE,Federal Contract Tower,0,0,18,0,18,0,5,84,0,89,0,5,102,0,107,110,0,110,217
05/19/2013,OXR,CA,AWP,WE,Federal Contract Tower,0,0,24,0,24,0,10,54,0,64,0,10,78,0,88,60,0,60,148
05/20/2013,OXR,CA,AWP,WE,Federal Contract Tower,0,4,13,0,17,0,10,53,0,63,0,14,66,0,80,76,0,76,156
05/21/2013,OXR,CA,AWP,WE,Federal Contract Tower,2,27,0,0,29,0,12,35,0,47,2,39,35,0,76,59,0,59,135
05/22/2013,OXR,CA,AWP,WE,Federal Contract Tower,0,6,9,0,15,0,14,56,0,70,0,20,65,0,85,102,0,102,187
05/23/2013,OXR,CA,AWP,WE,Federal Contract Tower,0,4,33,0,37,0,8,75,0,83,0,12,108,0,120,140,0,140,260
05/24/2013,OXR,CA,AWP,WE,Federal Contract Tower,0,3,19,0,22,0,16,63,0,79,0,19,82,0,101,106,0,106,207
05/25/2013,OXR,CA,AWP,WE,Federal Contract Tower,0,3,27,0,30,0,29,62,0,91,0,32,89,0,121,224,0,224,345
05/26/2013,OXR,CA,AWP,WE,Federal Contract Tower,0,0,13,0,13,0,15,68,0,83,0,15,81,0,96,116,0,116,212
05/27/2013,OXR,CA,AWP,WE,Federal Contract Tower,0,2,21,0,23,0,6,61,0,67,0,8,82,0,90,78,0,78,168
05/28/2013,OXR,CA,AWP,WE,Federal Contract Tower,0,2,8,2,12,0,10,32,0,42,0,12,40,2,54,86,0,86,140
05/29/2013,OXR,CA,AWP,WE,Federal Contract Tower,0,2,6,0,8,0,23,54,0,77,0,25,60,0,85,52,0,52,137
05/30/2013,OXR,CA,AWP,WE,Federal Contract Tower,0,6,18,0,24,0,13,76,0,89,0,19,94,0,113,96,0,96,209
05/31/2013,OXR,CA,AWP,WE,Federal Contract Tower,0,5,23,0,28,0,34,67,2,103,0,39,90,2,131,68,0,68,199
06/01/2013,OXR,CA,AWP,WE,Federal Contract Tower,0,4,22,0,26,0,12,39,0,51,0,16,61,0,77,24,0,24,101
06/02/2013,OXR,CA,AWP,WE,Federal Contract Tower,0,6,44,0,50,0,2,4,0,6,0,8,48,0,56,0,0,0,56
06/03/2013,OXR,CA,AWP,WE,Federal Contract Tower,0,4,13,0,17,0,2,18,0,20,0,6,31,0,37,28,0,28,65
06/04/2013,OXR,CA,AWP,WE,Federal Contract Tower,0,10,14,0,24,0,8,27,0,35,0,18,41,0,59,21,0,21,80
06/05/2013,OXR,CA,AWP,WE,Federal Contract Tower,0,4,68,0,72,0,18,39,0,57,0,22,107,0,129,115,0,115,244
06/06/2013,OXR,CA,AWP,WE,Federal Contract Tower,0,15,38,0,53,0,9,22,0,31,0,24,60,0,84,90,0,90,174
06/07/2013,OXR,CA,AWP,WE,Federal Contract Tower,0,9,36,0,45,0,13,21,0,34,0,22,57,0,79,124,0,124,203
06/08/2013,OXR,CA,AWP,WE,Federal Contract Tower,0,8,36,0,44,0,10,15,0,25,0,18,51,0,69,0,0,0,69
06/09/2013,OXR,CA,AWP,WE,Federal Contract Tower,0,0,28,0,28,0,4,7,0,11,0,4,35,0,39,0,0,0,39
06/10/2013,OXR,CA,AWP,WE,Federal Contract Tower,0,9,10,0,19,0,12,40,0,52,0,21,50,0,71,53,0,53,124
06/11/2013,OXR,CA,AWP,WE,Federal Contract Tower,0,5,17,0,22,0,13,90,0,103,0,18,107,0,125,0,68,68,193
06/12/2013,OXR,CA,AWP,WE,Federal Contract Tower,0,16,29,0,45,0,3,8,0,11,0,19,37,0,56,14,0,14,70
06/13/2013,OXR,CA,AWP,WE,Federal Contract Tower,0,4,21,0,25,0,15,38,8,61,0,19,59,8,86,26,0,26,112
06/14/2013,OXR,CA,AWP,WE,Federal Contract Tower,0,2,27,0,29,0,15,49,0,64,0,17,76,0,93,94,0,94,187
06/15/2013,OXR,CA,AWP,WE,Federal Contract Tower,0,0,12,0,12,0,24,47,0,71,0,24,59,0,83,110,0,110,193
06/16/2013,OXR,CA,AWP,WE,Federal Contract Tower,0,23,0,0,23,0,36,41,0,77,0,59,41,0,100,84,0,84,184
06/17/2013,OXR,CA,AWP,WE,Federal Contract Tower,0,6,21,4,31,0,17,58,0,75,0,23,79,4,106,110,0,110,216
06/18/2013,OXR,CA,AWP,WE,Federal Contract Tower,0,2,6,0,8,0,23,46,0,69,0,25,52,0,77,125,0,125,202
06/19/2013,OXR,CA,AWP,WE,Federal Contract Tower,0,5,17,0,22,0,18,53,0,71,0,23,70,0,93,156,0,156,249
06/20/2013,OXR,CA,AWP,WE,Federal Contract Tower,0,2,15,0,17,0,27,80,0,107,0,29,95,0,124,212,0,212,336
06/21/2013,OXR,CA,AWP,WE,Federal Contract Tower,0,4,6,0,10,0,12,71,2,85,0,16,77,2,95,106,0,106,201
06/22/2013,OXR,CA,AWP,WE,Federal Contract Tower,0,0,17,0,17,0,29,76,0,105,0,29,93,0,122,134,0,134,256
06/23/2013,OXR,CA,AWP,WE,Federal Contract Tower,0,0,18,0,18,0,5,34,0,39,0,5,52,0,57,42,0,42,99
06/24/2013,OXR,CA,AWP,WE,Federal Contract Tower,0,6,15,0,21,0,14,22,0,36,0,20,37,0,57,68,0,68,125
06/25/2013,OXR,CA,AWP,WE,Federal Contract Tower,0,10,46,0,56,0,12,13,0,25,0,22,59,0,81,30,0,30,111
06/26/2013,OXR,CA,AWP,WE,Federal Contract Tower,0,15,12,0,27,0,22,64,0,86,0,37,76,0,113,90,0,90,203
06/27/2013,OXR,CA,AWP,WE,Federal Contract Tower,0,0,23,0,23,0,12,84,0,96,0,12,107,0,119,102,0,102,221
06/28/2013,OXR,CA,AWP,WE,Federal Contract Tower,0,4,14,0,18,0,9,87,0,96,0,13,101,0,114,92,0,92,206
06/29/2013,OXR,CA,AWP,WE,Federal Contract Tower,0,1,6,0,7,0,28,89,0,117,0,29,95,0,124,172,0,172,296
06/30/2013,OXR,CA,AWP,WE,Federal Contract Tower,0,2,30,0,32,0,23,67,0,90,0,25,97,0,122,90,0,90,212
07/01/2013,OXR,CA,AWP,WE,Federal Contract Tower,0,3,20,0,23,0,14,51,0,65,0,17,71,0,88,148,0,148,236
07/02/2013,OXR,CA,AWP,WE,Federal Contract Tower,0,11,15,2,28,0,13,18,0,31,0,24,33,2,59,14,0,14,73
07/03/2013,OXR,CA,AWP,WE,Federal Contract Tower,0,5,34,2,41,0,4,10,0,14,0,9,44,2,55,8,0,8,63
07/04/2013,OXR,CA,AWP,WE,Federal Contract Tower,0,5,19,0,24,0,9,4,0,13,0,14,23,0,37,0,0,0,37
07/05/2013,OXR,CA,AWP,WE,Federal Contract Tower,0,7,24,0,31,0,12,19,0,31,0,19,43,0,62,8,0,8,70
07/06/2013,OXR,CA,AWP,WE,Federal Contract Tower,0,0,23,0,23,0,11,5,0,16,0,11,28,0,39,0,0,0,39
07/07/2013,OXR,CA,AWP,WE,Federal Contract Tower,0,2,30,0,32,0,1,26,0,27,0,3,56,0,59,26,0,26,85
07/08/2013,OXR,CA,AWP,WE,Federal Contract Tower,0,9,23,0,32,0,14,45,0,59,0,23,68,0,91,56,0,56,147
07/09/2013,OXR,CA,AWP,WE,Federal Contract Tower,0,1,6,0,7,0,19,51,0,70,0,20,57,0,77,42,0,42,119
07/10/2013,OXR,CA,AWP,WE,Federal Contract Tower,0,3,18,0,21,0,5,66,0,71,0,8,84,0,92,78,0,78,170
07/11/2013,OXR,CA,AWP,WE,Federal Contract Tower,0,5,41,0,46,0,11,52,0,63,0,16,93,0,109,92,0,92,201
07/12/2013,OXR,CA,AWP,WE,Federal Contract Tower,0,12,19,2,33,0,1,2,0,3,0,13,21,2,36,0,0,0,36
07/13/2013,OXR,CA,AWP,WE,Federal Contract Tower,0,8,40,0,48,0,4,4,0,8,0,12,44,0,56,4,0,4,60
07/14/2013,OXR,CA,AWP,WE,Federal Contract Tower,0,0,12,0,12,0,0,80,0,80,0,0,92,0,92,36,0,36,128
07/15/2013,OXR,CA,AWP,WE,Federal Contract Tower,0,7,6,0,13,0,2,76,2,80,0,9,82,2,93,120,0,120,213
07/16/2013,OXR,CA,AWP,WE,Federal Contract Tower,0,5,16,0,21,0,5,81,0,86,0,10,97,0,107,111,0,111,218
07/17/2013,OXR,CA,AWP,WE,Federal Contract Tower,0,9,13,0,22,0,18,69,0,87,0,27,82,0,109,134,0,134,243
07/18/2013,OXR,CA,AWP,WE,Federal Contract Tower,0,10,21,0,31,0,25,78,0,103,0,35,99,0,134,166,0,166,300
07/19/2013,OXR,CA,AWP,WE,Federal Contract Tower,0,7,21,0,28,0,24,77,0,101,0,31,98,0,129,100,0,100,229
07/20/2013,OXR,CA,AWP,WE,Federal Contract Tower,0,4,42,1,47,0,21,23,2,46,0,25,65,3,93,50,0,50,143
07/21/2013,OXR,CA,AWP,WE,Federal Contract Tower,0,6,46,0,52,0,3,5,0,8,0,9,51,0,60,0,0,0,60
07/22/2013,OXR,CA,AWP,WE,Federal Contract Tower,0,10,26,0,36,0,16,58,0,74,0,26,84,0,110,60,0,60,170
07/23/2013,OXR,CA,AWP,WE,Federal Contract Tower,0,8,29,0,37,0,3,38,0,41,0,11,67,0,78,38,0,38,116
07/24/2013,OXR,CA,AWP,WE,Federal Contract Tower,0,18,58,0,76,0,0,0,0,0,0,18,58,0,76,0,0,0,76
07/25/2013,OXR,CA,AWP,WE,Federal Contract Tower,0,25,44,3,72,0,0,0,0,0,0,25,44,3,72,0,0,0,72
07/26/2013,OXR,CA,AWP,WE,Federal Contract Tower,0,19,36,3,58,0,8,35,1,44,0,27,71,4,102,90,0,90,192
07/27/2013,OXR,CA,AWP,WE,Federal Contract Tower,0,9,40,3,52,0,16,34,0,50,0,25,74,3,102,12,0,12,114
07/28/2013,OXR,CA,AWP,WE,Federal Contract Tower,0,1,32,0,33,0,21,14,0,35,0,22,46,0,68,0,0,0,68
07/29/2013,OXR,CA,AWP,WE,Federal Contract Tower,0,5,26,0,31,0,13,37,0,50,0,18,63,0,81,32,0,32,113
07/30/2013,OXR,CA,AWP,WE,Federal Contract Tower,0,2,38,0,40,0,7,52,0,59,0,9,90,0,99,50,0,50,149
07/31/2013,OXR,CA,AWP,WE,Federal Contract Tower,0,2,23,0,25,0,9,25,0,34,0,11,48,0,59,74,0,74,133
08/01/2013,OXR,CA,AWP,WE,Federal Contract Tower,0,7,35,0,42,0,15,41,0,56,0,22,76,0,98,78,0,78,176
08/02/2013,OXR,CA,AWP,WE,Federal Contract Tower,0,2,27,0,29,0,6,47,0,53,0,8,74,0,82,44,0,44,126
08/03/2013,OXR,CA,AWP,WE,Federal Contract Tower,0,13,20,0,33,0,9,46,0,55,0,22,66,0,88,84,0,84,172
08/04/2013,OXR,CA,AWP,WE,Federal Contract Tower,0,5,20,0,25,0,4,31,0,35,0,9,51,0,60,52,0,52,112
08/05/2013,OXR,CA,AWP,WE,Federal Contract Tower,0,5,15,3,23,0,3,50,2,55,0,8,65,5,78,56,26,82,160
08/06/2013,OXR,CA,AWP,WE,Federal Contract Tower,0,5,17,0,22,0,12,15,2,29,0,17,32,2,51,8,10,18,69
08/07/2013,OXR,CA,AWP,WE,Federal Contract Tower,0,6,8,0,14,0,2,29,0,31,0,8,37,0,45,24,0,24,69
08/08/2013,OXR,CA,AWP,WE,Federal Contract Tower,0,7,11,0,18,0,17,69,1,87,0,24,80,1,105,68,0,68,173
08/09/2013,OXR,CA,AWP,WE,Federal Contract Tower,0,3,24,0,27,0,5,46,0,51,0,8,70,0,78,84,0,84,162
08/10/2013,OXR,CA,AWP,WE,Federal Contract Tower,0,4,30,0,34,0,8,71,0,79,0,12,101,0,113,90,0,90,203
08/11/2013,OXR,CA,AWP,WE,Federal Contract Tower,0,1,12,0,13,0,17,45,0,62,0,18,57,0,75,14,0,14,89
08/12/2013,OXR,CA,AWP,WE,Federal Contract Tower,0,11,13,0,24,0,9,14,0,23,0,20,27,0,47,0,0,0,47
08/13/2013,OXR,CA,AWP,WE,Federal Contract Tower,0,10,36,0,46,0,11,12,0,23,0,21,48,0,69,30,0,30,99
08/14/2013,OXR,CA,AWP,WE,Federal Contract Tower,0,17,32,0,49,0,0,0,0,0,0,17,32,0,49,0,0,0,49
08/15/2013,OXR,CA,AWP,WE,Federal Contract Tower,0,20,78,0,98,0,0,0,0,0,0,20,78,0,98,0,0,0,98
08/16/2013,OXR,CA,AWP,WE,Federal Contract Tower,0,9,52,0,61,0,3,18,0,21,0,12,70,0,82,42,0,42,124
08/17/2013,OXR,CA,AWP,WE,Federal Contract Tower,0,12,20,0,32,0,17,22,0,39,0,29,42,0,71,16,0,16,87
08/18/2013,OXR,CA,AWP,WE,Federal Contract Tower,0,4,13,0,17,0,10,19,0,29,0,14,32,0,46,10,0,10,56
08/19/2013,OXR,CA,AWP,WE,Federal Contract Tower,0,4,27,0,31,0,18,22,0,40,0,22,49,0,71,10,0,10,81
08/20/2013,OXR,CA,AWP,WE,Federal Contract Tower,0,7,41,1,49,0,21,50,0,71,0,28,91,1,120,132,0,132,252
08/21/2013,OXR,CA,AWP,WE,Federal Contract Tower,0,4,21,0,25,0,1,58,0,59,0,5,79,0,84,110,0,110,194
08/22/2013,OXR,CA,AWP,WE,Federal Contract Tower,0,7,20,0,27,0,21,66,0,87,0,28,86,0,114,138,0,138,252
08/23/2013,OXR,CA,AWP,WE,Federal Contract Tower,0,10,11,0,21,0,24,90,0,114,0,34,101,0,135,200,0,200,335
08/24/2013,OXR,CA,AWP,WE,Federal Contract Tower,0,2,11,0,13,0,31,43,0,74,0,33,54,0,87,48,0,48,135
08/25/2013,OXR,CA,AWP,WE,Federal Contract Tower,0,2,27,0,29,0,11,58,0,69,0,13,85,0,98,96,0,96,194
08/26/2013,OXR,CA,AWP,WE,Federal Contract Tower,0,8,11,0,19,0,16,68,0,84,0,24,79,0,103,98,0,98,201
08/27/2013,OXR,CA,AWP,WE,Federal Contract Tower,0,4,7,0,11,0,25,80,0,105,0,29,87,0,116,128,0,128,244
08/28/2013,OXR,CA,AWP,WE,Federal Contract Tower,0,2,13,0,15,0,11,72,0,83,0,13,85,0,98,88,0,88,186
08/29/2013,OXR,CA,AWP,WE,Federal Contract Tower,0,7,11,0,18,0,22,74,3,99,0,29,85,3,117,112,0,112,229
08/30/2013,OXR,CA,AWP,WE,Federal Contract Tower,0,5,13,0,18,0,27,61,0,88,0,32,74,0,106,106,0,106,212
08/31/2013,OXR,CA,AWP,WE,Federal Contract Tower,0,2,10,0,12,0,27,75,0,102,0,29,85,0,114,248,0,248,362
09/01/2013,OXR,CA,AWP,WE,Federal Contract Tower,0,8,0,0,8,0,23,79,0,102,0,31,79,0,110,94,0,94,204
09/02/2013,OXR,CA,AWP,WE,Federal Contract Tower,0,5,9,0,14,0,30,67,0,97,0,35,76,0,111,152,0,152,263
09/03/2013,OXR,CA,AWP,WE,Federal Contract Tower,0,9,6,0,15,0,13,55,0,68,0,22,61,0,83,130,0,130,213
09/04/2013,OXR,CA,AWP,WE,Federal Contract Tower,0,7,9,4,20,0,5,53,0,58,0,12,62,4,78,82,0,82,160
09/05/2013,OXR,CA,AWP,WE,Federal Contract Tower,0,4,5,0,9,0,9,82,0,91,0,13,87,0,100,168,0,168,268
09/06/2013,OXR,CA,AWP,WE,Federal Contract Tower,0,7,0,0,7,0,10,61,0,71,0,17,61,0,78,64,0,64,142
09/07/2013,OXR,CA,AWP,WE,Federal Contract Tower,0,1,20,0,21,0,11,107,0,118,0,12,127,0,139,126,0,126,265
09/08/2013,OXR,CA,AWP,WE,Federal Contract Tower,0,2,22,0,24,0,8,30,0,38,0,10,52,0,62,24,0,24,86
09/09/2013,OXR,CA,AWP,WE,Federal Contract Tower,0,10,32,0,42,0,0,0,0,0,0,10,32,0,42,0,0,0,42
09/10/2013,OXR,CA,AWP,WE,Federal Contract Tower,0,4,27,0,31,0,17,46,0,63,0,21,73,0,94,24,0,24,118
09/11/2013,OXR,CA,AWP,WE,Federal Contract Tower,0,8,19,0,27,0,24,42,0,66,0,32,61,0,93,106,0,106,199
09/12/2013,OXR,CA,AWP,WE,Federal Contract Tower,0,4,12,0,16,0,18,77,4,99,0,22,89,4,115,156,0,156,271
09/13/2013,OXR,CA,AWP,WE,Federal Contract Tower,0,4,14,0,18,0,13,77,0,90,0,17,91,0,108,168,0,168,276
09/14/2013,OXR,CA,AWP,WE,Federal Contract Tower,0,0,3,0,3,0,22,86,0,108,0,22,89,0,111,194,0,194,305
09/15/2013,OXR,CA,AWP,WE,Federal Contract Tower,0,1,4,0,5,0,20,61,0,81,0,21,65,0,86,196,0,196,282
09/16/2013,OXR,CA,AWP,WE,Federal Contract Tower,0,3,7,0,10,0,15,45,0,60,0,18,52,0,70,130,0,130,200
09/17/2013,OXR,CA,AWP,WE,Federal Contract Tower,0,6,12,0,18,0,17,43,0,60,0,23,55,0,78,94,0,94,172
09/18/2013,OXR,CA,AWP,WE,Federal Contract Tower,0,4,21,0,25,0,15,42,0,57,0,19,63,0,82,32,0,32,114
09/19/2013,OXR,CA,AWP,WE,Federal Contract Tower,0,8,22,0,30,0,17,13,0,30,0,25,35,0,60,10,0,10,70
09/20/2013,OXR,CA,AWP,WE,Federal Contract Tower,0,13,19,0,32,0,5,11,0,16,0,18,30,0,48,24,0,24,72
09/21/2013,OXR,CA,AWP,WE,Federal Contract Tower,0,0,24,0,24,0,17,42,0,59,0,17,66,0,83,44,0,44,127
09/22/2013,OXR,CA,AWP,WE,Federal Contract Tower,0,6,0,0,6,0,9,73,0,82,0,15,73,0,88,74,0,74,162
09/23/2013,OXR,CA,AWP,WE,Federal Contract Tower,0,3,5,0,8,0,14,49,0,63,0,17,54,0,71,124,0,124,195
09/24/2013,OXR,CA,AWP,WE,Federal Contract Tower,0,7,6,0,13,0,21,56,4,81,0,28,62,4,94,81,0,81,175
09/25/2013,OXR,CA,AWP,WE,Federal Contract Tower,0,3,11,0,14,0,17,33,0,50,0,20,44,0,64,42,0,42,106
09/26/2013,OXR,CA,AWP,WE,Federal Contract Tower,0,2,19,2,23,0,11,43,0,54,0,13,62,2,77,34,0,34,111
09/27/2013,OXR,CA,AWP,WE,Federal Contract Tower,0,2,2,0,4,0,19,45,0,64,0,21,47,0,68,58,0,58,126
09/28/2013,OXR,CA,AWP,WE,Federal Contract Tower,0,0,6,0,6,0,14,78,0,92,0,14,84,0,98,206,0,206,304
09/29/2013,OXR,CA,AWP,WE,Federal Contract Tower,0,1,6,0,7,0,11,65,0,76,0,12,71,0,83,128,0,128,211
09/30/2013,OXR,CA,AWP,WE,Federal Contract Tower,0,2,7,0,9,0,6,54,2,62,0,8,61,2,71,60,4,64,135
10/01/2013,OXR,CA,AWP,WE,Federal Contract Tower,0,7,12,0,19,0,10,62,0,72,0,17,74,0,91,90,0,90,181
10/02/2013,OXR,CA,AWP,WE,Federal Contract Tower,0,7,24,0,31,0,1,53,0,54,0,8,77,0,85,84,0,84,169
10/03/2013,OXR,CA,AWP,WE,Federal Contract Tower,0,8,17,0,25,0,12,53,0,65,0,20,70,0,90,36,0,36,126
10/04/2013,OXR,CA,AWP,WE,Federal Contract Tower,0,4,1,0,5,0,6,21,0,27,0,10,22,0,32,10,0,10,42
10/05/2013,OXR,CA,AWP,WE,Federal Contract Tower,0,1,2,0,3,0,8,0,0,8,0,9,2,0,11,0,0,0,11
10/06/2013,OXR,CA,AWP,WE,Federal Contract Tower,0,0,5,0,5,0,12,73,0,85,0,12,78,0,90,168,0,168,258
10/07/2013,OXR,CA,AWP,WE,Federal Contract Tower,0,5,5,0,10,0,8,51,0,59,0,13,56,0,69,80,0,80,149
10/08/2013,OXR,CA,AWP,WE,Federal Contract Tower,0,2,20,0,22,0,10,31,0,41,0,12,51,0,63,102,0,102,165
10/09/2013,OXR,CA,AWP,WE,Federal Contract Tower,0,3,14,0,17,0,4,13,0,17,0,7,27,0,34,68,0,68,102
10/10/2013,OXR,CA,AWP,WE,Federal Contract Tower,0,5,14,0,19,0,3,52,0,55,0,8,66,0,74,116,0,116,190
10/11/2013,OXR,CA,AWP,WE,Federal Contract Tower,0,2,11,0,13,0,8,82,0,90,0,10,93,0,103,90,0,90,193
10/12/2013,OXR,CA,AWP,WE,Federal Contract Tower,0,2,13,0,15,0,12,71,2,85,0,14,84,2,100,158,0,158,258
10/13/2013,OXR,CA,AWP,WE,Federal Contract Tower,0,4,16,0,20,0,9,34,0,43,0,13,50,0,63,28,0,28,91
10/14/2013,OXR,CA,AWP,WE,Federal Contract Tower,0,4,10,0,14,0,10,39,0,49,0,14,49,0,63,100,0,100,163
10/15/2013,OXR,CA,AWP,WE,Federal Contract Tower,0,5,12,0,17,0,19,32,0,51,0,24,44,0,68,104,0,104,172
10/16/2013,OXR,CA,AWP,WE,Federal Contract Tower,0,3,19,0,22,0,9,40,0,49,0,12,59,0,71,76,0,76,147
10/17/2013,OXR,CA,AWP,WE,Federal Contract Tower,0,2,11,0,13,0,19,82,6,107,0,21,93,6,120,128,0,128,248
10/18/2013,OXR,CA,AWP,WE,Federal Contract Tower,0,5,8,0,13,0,15,85,2,102,0,20,93,2,115,146,0,146,261
10/19/2013,OXR,CA,AWP,WE,Federal Contract Tower,0,2,5,0,7,0,18,77,0,95,0,20,82,0,102,150,0,150,252
10/20/2013,OXR,CA,AWP,WE,Federal Contract Tower,0,6,12,0,18,0,28,59,0,87,0,34,71,0,105,104,0,104,209
10/21/2013,OXR,CA,AWP,WE,Federal Contract Tower,0,2,11,0,13,0,18,39,2,59,0,20,50,2,72,86,14,100,172
10/22/2013,OXR,CA,AWP,WE,Federal Contract Tower,0,6,35,0,41,0,18,33,0,51,0,24,68,0,92,52,0,52,144
10/23/2013,OXR,CA,AWP,WE,Federal Contract Tower,0,3,16,0,19,0,2,27,0,29,0,5,43,0,48,58,0,58,106
10/24/2013,OXR,CA,AWP,WE,Federal Contract Tower,0,2,25,0,27,0,5,49,0,54,0,7,74,0,81,76,0,76,157
10/25/2013,OXR,CA,AWP,WE,Federal Contract Tower,0,7,23,0,30,0,14,28,0,42,0,21,51,0,72,18,0,18,90
10/26/2013,OXR,CA,AWP,WE,Federal Contract Tower,0,1,8,0,9,0,9,79,0,88,0,10,87,0,97,92,0,92,189
10/27/2013,OXR,CA,AWP,WE,Federal Contract Tower,0,6,19,0,25,0,12,31,0,43,0,18,50,0,68,30,0,30,98
10/28/2013,OXR,CA,AWP,WE,Federal Contract Tower,0,4,10,0,14,0,19,25,0,44,0,23,35,0,58,10,0,10,68
10/29/2013,OXR,CA,AWP,WE,Federal Contract Tower,0,9,15,0,24,0,14,41,0,55,0,23,56,0,79,74,0,74,153
10/30/2013,OXR,CA,AWP,WE,Federal Contract Tower,0,3,13,0,16,0,5,67,0,72,0,8,80,0,88,80,0,80,168
10/31/2013,OXR,CA,AWP,WE,Federal Contract Tower,0,0,4,9,13,0,8,56,0,64,0,8,60,9,77,128,56,184,261
11/01/2013,OXR,CA,AWP,WE,Federal Contract Tower,0,2,20,0,22,0,12,76,0,88,0,14,96,0,110,100,0,100,210
11/02/2013,OXR,CA,AWP,WE,Federal Contract Tower,0,0,12,0,12,0,25,77,0,102,0,25,89,0,114,148,0,148,262
11/03/2013,OXR,CA,AWP,WE,Federal Contract Tower,0,0,22,0,22,0,10,59,0,69,0,10,81,0,91,118,0,118,209
11/04/2013,OXR,CA,AWP,WE,Federal Contract Tower,0,2,11,0,13,0,11,38,0,49,0,13,49,0,62,94,0,94,156
11/05/2013,OXR,CA,AWP,WE,Federal Contract Tower,0,4,5,0,9,0,9,17,0,26,0,13,22,0,35,6,0,6,41
11/06/2013,OXR,CA,AWP,WE,Federal Contract Tower,0,4,9,0,13,0,8,58,0,66,0,12,67,0,79,120,0,120,199
11/07/2013,OXR,CA,AWP,WE,Federal Contract Tower,0,6,20,0,26,0,7,87,0,94,0,13,107,0,120,178,0,178,298
11/08/2013,OXR,CA,AWP,WE,Federal Contract Tower,0,8,13,0,21,0,7,84,0,91,0,15,97,0,112,174,0,174,286
11/09/2013,OXR,CA,AWP,WE,Federal Contract Tower,0,1,12,0,13,0,48,84,0,132,0,49,96,0,145,188,0,188,333
11/10/2013,OXR,CA,AWP,WE,Federal Contract Tower,0,2,12,0,14,0,14,72,0,86,0,16,84,0,100,118,0,118,218
11/11/2013,OXR,CA,AWP,WE,Federal Contract Tower,0,2,16,0,18,0,6,65,0,71,0,8,81,0,89,102,0,102,191
11/12/2013,OXR,CA,AWP,WE,Federal Contract Tower,0,2,13,0,15,0,10,74,0,84,0,12,87,0,99,132,0,132,231
11/13/2013,OXR,CA,AWP,WE,Federal Contract Tower,0,2,15,1,18,0,30,40,1,71,0,32,55,2,89,80,0,80,169
11/14/2013,OXR,CA,AWP,WE,Federal Contract Tower,0,11,22,0,33,0,6,66,0,72,0,17,88,0,105,30,0,30,135
11/15/2013,OXR,CA,AWP,WE,Federal Contract Tower,0,9,13,0,22,0,15,47,0,62,0,24,60,0,84,72,0,72,156
11/16/2013,OXR,CA,AWP,WE,Federal Contract Tower,0,2,32,0,34,0,27,50,0,77,0,29,82,0,111,94,0,94,205
11/17/2013,OXR,CA,AWP,WE,Federal Contract Tower,0,2,14,0,16,0,8,103,0,111,0,10,117,0,127,186,0,186,313
11/18/2013,OXR,CA,AWP,WE,Federal Contract Tower,0,2,9,0,11,0,6,37,0,43,0,8,46,0,54,50,0,50,104
11/19/2013,OXR,CA,AWP,WE,Federal Contract Tower,0,2,31,0,33,0,7,39,0,46,0,9,70,0,79,124,0,124,203
11/20/2013,OXR,CA,AWP,WE,Federal Contract Tower,0,7,21,0,28,0,12,46,0,58,0,19,67,0,86,130,0,130,216
11/21/2013,OXR,CA,AWP,WE,Federal Contract Tower,0,8,34,0,42,0,9,25,0,34,0,17,59,0,76,74,0,74,150
11/22/2013,OXR,CA,AWP,WE,Federal Contract Tower,0,10,9,0,19,0,16,4,0,20,0,26,13,0,39,14,0,14,53
11/23/2013,OXR,CA,AWP,WE,Federal Contract Tower,0,3,3,0,6,0,10,46,0,56,0,13,49,0,62,98,0,98,160
11/24/2013,OXR,CA,AWP,WE,Federal Contract Tower,0,4,13,0,17,0,22,98,0,120,0,26,111,0,137,160,0,160,297
11/25/2013,OXR,CA,AWP,WE,Federal Contract Tower,0,2,15,0,17,0,11,93,0,104,0,13,108,0,121,152,0,152,273
11/26/2013,OXR,CA,AWP,WE,Federal Contract Tower,0,3,13,0,16,0,4,65,0,69,0,7,78,0,85,220,0,220,305
11/27/2013,OXR,CA,AWP,WE,Federal Contract Tower,0,4,10,0,14,0,16,63,0,79,0,20,73,0,93,132,0,132,225
11/28/2013,OXR,CA,AWP,WE,Federal Contract Tower,0,0,7,0,7,0,6,30,0,36,0,6,37,0,43,20,0,20,63
11/29/2013,OXR,CA,AWP,WE,Federal Contract Tower,0,2,7,0,9,0,10,40,0,50,0,12,47,0,59,108,0,108,167
11/30/2013,OXR,CA,AWP,WE,Federal Contract Tower,0,5,16,0,21,0,20,92,6,118,0,25,108,6,139,98,0,98,237
12/01/2013,OXR,CA,AWP,WE,Federal Contract Tower,0,5,11,0,16,0,8,98,0,106,0,13,109,0,122,146,16,162,284
12/02/2013,OXR,CA,AWP,WE,Federal Contract Tower,0,2,8,0,10,0,13,56,0,69,0,15,64,0,79,128,26,154,233
12/03/2013,OXR,CA,AWP,WE,Federal Contract Tower,0,6,13,0,19,0,16,35,0,51,0,22,48,0,70,78,0,78,148
12/04/2013,OXR,CA,AWP,WE,Federal Contract Tower,0,9,10,0,19,0,43,65,0,108,0,52,75,0,127,138,0,138,265
12/05/2013,OXR,CA,AWP,WE,Federal Contract Tower,0,3,15,0,18,0,29,67,0,96,0,32,82,0,114,126,0,126,240
12/06/2013,OXR,CA,AWP,WE,Federal Contract Tower,0,2,11,0,13,0,24,85,0,109,0,26,96,0,122,188,0,188,310
12/07/2013,OXR,CA,AWP,WE,Federal Contract Tower,0,8,8,0,16,0,1,14,0,15,0,9,22,0,31,10,0,10,41
12/08/2013,OXR,CA,AWP,WE,Federal Contract Tower,0,0,10,0,10,0,14,74,0,88,0,14,84,0,98,134,0,134,232
12/09/2013,OXR,CA,AWP,WE,Federal Contract Tower,0,2,3,0,5,0,7,13,0,20,0,9,16,0,25,8,0,8,33
12/10/2013,OXR,CA,AWP,WE,Federal Contract Tower,0,2,7,0,9,0,8,24,0,32,0,10,31,0,41,92,0,92,133
12/11/2013,OXR,CA,AWP,WE,Federal Contract Tower,0,2,10,0,12,0,3,53,0,56,0,5,63,0,68,96,0,96,164
12/12/2013,OXR,CA,AWP,WE,Federal Contract Tower,0,4,6,0,10,0,18,104,0,122,0,22,110,0,132,182,0,182,314
12/13/2013,OXR,CA,AWP,WE,Federal Contract Tower,0,6,8,0,14,0,19,98,0,117,0,25,106,0,131,130,0,130,261
12/14/2013,OXR,CA,AWP,WE,Federal Contract Tower,0,0,0,0,0,0,8,19,0,27,0,8,19,0,27,4,0,4,31
12/15/2013,OXR,CA,AWP,WE,Federal Contract Tower,0,1,2,0,3,0,2,48,2,52,0,3,50,2,55,64,28,92,147
12/16/2013,OXR,CA,AWP,WE,Federal Contract Tower,0,2,6,0,8,0,2,68,0,70,0,4,74,0,78,104,0,104,182
12/17/2013,OXR,CA,AWP,WE,Federal Contract Tower,0,5,21,0,26,0,10,80,0,90,0,15,101,0,116,180,0,180,296
12/18/2013,OXR,CA,AWP,WE,Federal Contract Tower,0,4,24,2,30,0,7,24,0,31,0,11,48,2,61,20,0,20,81
12/19/2013,OXR,CA,AWP,WE,Federal Contract Tower,0,2,27,0,29,0,0,17,0,17,0,2,44,0,46,8,0,8,54
12/20/2013,OXR,CA,AWP,WE,Federal Contract Tower,0,1,34,0,35,0,6,95,0,101,0,7,129,0,136,120,0,120,256
12/21/2013,OXR,CA,AWP,WE,Federal Contract Tower,0,5,10,0,15,0,20,86,2,108,0,25,96,2,123,176,12,188,311
12/22/2013,OXR,CA,AWP,WE,Federal Contract Tower,0,0,17,0,17,0,3,69,0,72,0,3,86,0,89,56,0,56,145
12/23/2013,OXR,CA,AWP,WE,Federal Contract Tower,0,1,8,0,9,0,11,72,0,83,0,12,80,0,92,142,0,142,234
12/24/2013,OXR,CA,AWP,WE,Federal Contract Tower,0,2,1,0,3,0,3,36,0,39,0,5,37,0,42,94,0,94,136
12/25/2013,OXR,CA,AWP,WE,Federal Contract Tower,0,0,1,0,1,0,0,2,0,2,0,0,3,0,3,4,0,4,7
12/26/2013,OXR,CA,AWP,WE,Federal Contract Tower,0,2,3,0,5,0,5,17,0,22,0,7,20,0,27,4,0,4,31
12/27/2013,OXR,CA,AWP,WE,Federal Contract Tower,0,2,6,0,8,0,12,63,0,75,0,14,69,0,83,216,0,216,299
12/28/2013,OXR,CA,AWP,WE,Federal Contract Tower,0,0,18,0,18,0,7,97,0,104,0,7,115,0,122,200,0,200,322
12/29/2013,OXR,CA,AWP,WE,Federal Contract Tower,0,0,2,0,2,0,2,7,0,9,0,2,9,0,11,6,0,6,17
12/30/2013,OXR,CA,AWP,WE,Federal Contract Tower,0,1,7,0,8,0,20,94,4,118,0,21,101,4,126,146,0,146,272
12/31/2013,OXR,CA,AWP,WE,Federal Contract Tower,0,2,7,0,9,0,7,73,0,80,0,9,80,0,89,136,0,136,225
01/01/2014,OXR,CA,AWP,WE,Federal Contract Tower,0,0,2,0,2,0,8,34,0,42,0,8,36,0,44,56,0,56,100
01/02/2014,OXR,CA,AWP,WE,Federal Contract Tower,0,1,5,0,6,0,2,60,0,62,0,3,65,0,68,96,0,96,164
01/03/2014,OXR,CA,AWP,WE,Federal Contract Tower,0,1,6,0,7,0,13,66,0,79,0,14,72,0,86,66,0,66,152
01/04/2014,OXR,CA,AWP,WE,Federal Contract Tower,0,0,20,0,20,0,11,75,0,86,0,11,95,0,106,138,0,138,244
01/05/2014,OXR,CA,AWP,WE,Federal Contract Tower,0,2,4,0,6,0,11,29,0,40,0,13,33,0,46,34,0,34,80
01/06/2014,OXR,CA,AWP,WE,Federal Contract Tower,0,4,7,2,13,0,2,41,0,43,0,6,48,2,56,90,0,90,146
01/07/2014,OXR,CA,AWP,WE,Federal Contract Tower,0,8,12,0,20,0,11,48,0,59,0,19,60,0,79,100,0,100,179
01/08/2014,OXR,CA,AWP,WE,Federal Contract Tower,0,3,18,0,21,0,10,72,0,82,0,13,90,0,103,184,0,184,287
01/09/2014,OXR,CA,AWP,WE,Federal Contract Tower,0,2,13,0,15,0,7,58,0,65,0,9,71,0,80,138,0,138,218
01/10/2014,OXR,CA,AWP,WE,Federal Contract Tower,0,3,6,0,9,0,7,88,0,95,0,10,94,0,104,248,0,248,352
01/11/2014,OXR,CA,AWP,WE,Federal Contract Tower,0,0,25,0,25,0,24,84,0,108,0,24,109,0,133,140,0,140,273
01/12/2014,OXR,CA,AWP,WE,Federal Contract Tower,0,0,17,0,17,0,17,59,0,76,0,17,76,0,93,142,0,142,235
01/13/2014,OXR,CA,AWP,WE,Federal Contract Tower,0,4,11,0,15,0,0,11,0,11,0,4,22,0,26,0,0,0,26
01/14/2014,OXR,CA,AWP,WE,Federal Contract Tower,0,4,5,0,9,0,7,44,0,51,0,11,49,0,60,46,0,46,106
01/15/2014,OXR,CA,AWP,WE,Federal Contract Tower,0,2,9,0,11,0,6,47,0,53,0,8,56,0,64,82,0,82,146
01/16/2014,OXR,CA,AWP,WE,Federal Contract Tower,0,4,7,0,11,0,6,34,0,40,0,10,41,0,51,30,0,30,81
01/17/2014,OXR,CA,AWP,WE,Federal Contract Tower,0,7,6,0,13,0,10,42,0,52,0,17,48,0,65,94,0,94,159
01/18/2014,OXR,CA,AWP,WE,Federal Contract Tower,0,3,14,0,17,0,16,102,0,118,0,19,116,0,135,212,0,212,347
01/19/2014,OXR,CA,AWP,WE,Federal Contract Tower,0,3,13,0,16,0,8,85,0,93,0,11,98,0,109,170,0,170,279
01/20/2014,OXR,CA,AWP,WE,Federal Contract Tower,0,2,25,0,27,0,2,86,0,88,0,4,111,0,115,162,0,162,277
01/21/2014,OXR,CA,AWP,WE,Federal Contract Tower,0,2,9,0,11,0,15,60,2,77,0,17,69,2,88,94,0,94,182
01/22/2014,OXR,CA,AWP,WE,Federal Contract Tower,0,2,4,0,6,0,15,44,2,61,0,17,48,2,67,204,0,204,271
01/23/2014,OXR,CA,AWP,WE,Federal Contract Tower,0,2,4,0,6,0,3,55,2,60,0,5,59,2,66,100,16,116,182
01/24/2014,OXR,CA,AWP,WE,Federal Contract Tower,0,3,7,0,10,0,10,25,0,35,0,13,32,0,45,50,0,50,95
01/25/2014,OXR,CA,AWP,WE,Federal Contract Tower,0,6,12,0,18,0,14,89,8,111,0,20,101,8,129,234,0,234,363
01/26/2014,OXR,CA,AWP,WE,Federal Contract Tower,0,0,15,0,15,0,8,82,0,90,0,8,97,0,105,162,0,162,267
01/27/2014,OXR,CA,AWP,WE,Federal Contract Tower,0,3,22,0,25,0,3,56,2,61,0,6,78,2,86,56,32,88,174
01/28/2014,OXR,CA,AWP,WE,Federal Contract Tower,0,7,12,0,19,0,11,74,8,93,0,18,86,8,112,126,20,146,258
01/29/2014,OXR,CA,AWP,WE,Federal Contract Tower,0,6,12,0,18,0,10,45,0,55,0,16,57,0,73,90,0,90,163
01/30/2014,OXR,CA,AWP,WE,Federal Contract Tower,0,12,40,0,52,0,8,9,0,17,0,20,49,0,69,16,0,16,85
01/31/2014,OXR,CA,AWP,WE,Federal Contract Tower,0,3,11,0,14,0,6,56,2,64,0,9,67,2,78,94,20,114,192
02/01/2014,OXR,CA,AWP,WE,Federal Contract Tower,0,3,10,0,13,0,8,55,0,63,0,11,65,0,76,122,0,122,198
02/02/2014,OXR,CA,AWP,WE,Federal Contract Tower,0,1,13,0,14,0,8,58,0,66,0,9,71,0,80,100,0,100,180
02/03/2014,OXR,CA,AWP,WE,Federal Contract Tower,0,8,6,0,14,0,9,35,8,52,0,17,41,8,66,70,0,70,136
02/04/2014,OXR,CA,AWP,WE,Federal Contract Tower,0,3,16,0,19,0,22,61,0,83,0,25,77,0,102,86,0,86,188
02/05/2014,OXR,CA,AWP,WE,Federal Contract Tower,0,6,22,0,28,0,14,75,0,89,0,20,97,0,117,242,0,242,359
02/06/2014,OXR,CA,AWP,WE,Federal Contract Tower,0,4,21,0,25,0,2,15,0,17,0,6,36,0,42,62,0,62,104
02/07/2014,OXR,CA,AWP,WE,Federal Contract Tower,0,7,39,0,46,0,5,22,0,27,0,12,61,0,73,56,0,56,129
02/08/2014,OXR,CA,AWP,WE,Federal Contract Tower,0,0,45,0,45,0,8,18,0,26,0,8,63,0,71,16,0,16,87
02/09/2014,OXR,CA,AWP,WE,Federal Contract Tower,0,1,35,0,36,0,15,32,0,47,0,16,67,0,83,78,0,78,161
02/10/2014,OXR,CA,AWP,WE,Federal Contract Tower,0,7,14,0,21,0,9,42,0,51,0,16,56,0,72,58,0,58,130
02/11/2014,OXR,CA,AWP,WE,Federal Contract Tower,0,6,15,0,21,0,23,73,0,96,0,29,88,0,117,154,0,154,271
02/12/2014,OXR,CA,AWP,WE,Federal Contract Tower,0,4,16,0,20,0,24,64,0,88,0,28,80,0,108,136,0,136,244
02/13/2014,OXR,CA,AWP,WE,Federal Contract Tower,0,4,33,0,37,0,4,61,0,65,0,8,94,0,102,128,0,128,230
02/14/2014,OXR,CA,AWP,WE,Federal Contract Tower,0,3,12,0,15,0,24,90,0,114,0,27,102,0,129,154,0,154,283
02/15/2014,OXR,CA,AWP,WE,Federal Contract Tower,0,1,17,0,18,0,18,59,7,84,0,19,76,7,102,110,0,110,212
02/16/2014,OXR,CA,AWP,WE,Federal Contract Tower,0,3,7,0,10,0,23,101,0,124,0,26,108,0,134,144,0,144,278
02/17/2014,OXR,CA,AWP,WE,Federal Contract Tower,0,5,29,0,34,0,5,40,0,45,0,10,69,0,79,8,0,8,87
02/18/2014,OXR,CA,AWP,WE,Federal Contract Tower,0,8,15,0,23,0,7,30,0,37,0,15,45,0,60,50,0,50,110
02/19/2014,OXR,CA,AWP,WE,Federal Contract Tower,0,4,17,0,21,0,8,25,0,33,0,12,42,0,54,16,0,16,70
02/20/2014,OXR,CA,AWP,WE,Federal Contract Tower,0,4,8,0,12,0,22,49,0,71,0,26,57,0,83,56,0,56,139
02/21/2014,OXR,CA,AWP,WE,Federal Contract Tower,0,2,6,0,8,0,23,68,0,91,0,25,74,0,99,136,0,136,235
02/22/2014,OXR,CA,AWP,WE,Federal Contract Tower,0,0,13,0,13,0,15,80,2,97,0,15,93,2,110,262,0,262,372
02/23/2014,OXR,CA,AWP,WE,Federal Contract Tower,0,1,10,0,11,0,3,71,0,74,0,4,81,0,85,88,0,88,173
02/24/2014,OXR,CA,AWP,WE,Federal Contract Tower,0,5,23,0,28,0,14,65,0,79,0,19,88,0,107,178,0,178,285
02/25/2014,OXR,CA,AWP,WE,Federal Contract Tower,0,5,27,2,34,0,8,51,0,59,0,13,78,2,93,86,0,86,179
02/26/2014,OXR,CA,AWP,WE,Federal Contract Tower,0,2,30,0,32,0,3,35,12,50,0,5,65,12,82,76,0,76,158
02/27/2014,OXR,CA,AWP,WE,Federal Contract Tower,0,7,31,0,38,0,10,16,0,26,0,17,47,0,64,44,0,44,108
02/28/2014,OXR,CA,AWP,WE,Federal Contract Tower,0,4,8,0,12,0,0,0,0,0,0,4,8,0,12,0,0,0,12
03/01/2014,OXR,CA,AWP,WE,Federal Contract Tower,0,6,9,0,15,0,0,0,0,0,0,6,9,0,15,6,0,6,21
03/02/2014,OXR,CA,AWP,WE,Federal Contract Tower,0,2,21,0,23,0,10,22,2,34,0,12,43,2,57,18,0,18,75
03/03/2014,OXR,CA,AWP,WE,Federal Contract Tower,0,4,17,0,21,0,19,59,0,78,0,23,76,0,99,120,0,120,219
03/04/2014,OXR,CA,AWP,WE,Federal Contract Tower,0,2,27,0,29,0,21,29,2,52,0,23,56,2,81,20,0,20,101
03/05/2014,OXR,CA,AWP,WE,Federal Contract Tower,0,6,41,1,48,0,3,13,0,16,0,9,54,1,64,6,0,6,70
03/06/2014,OXR,CA,AWP,WE,Federal Contract Tower,0,5,16,0,21,0,14,57,0,71,0,19,73,0,92,116,0,116,208
03/07/2014,OXR,CA,AWP,WE,Federal Contract Tower,0,4,6,0,10,0,19,61,0,80,0,23,67,0,90,150,0,150,240
03/08/2014,OXR,CA,AWP,WE,Federal Contract Tower,0,0,7,0,7,0,12,48,0,60,0,12,55,0,67,76,0,76,143
03/09/2014,OXR,CA,AWP,WE,Federal Contract Tower,0,0,9,1,10,0,6,55,0,61,0,6,64,1,71,142,0,142,213
03/10/2014,OXR,CA,AWP,WE,Federal Contract Tower,0,6,7,0,13,0,11,57,0,68,0,17,64,0,81,98,0,98,179
03/11/2014,OXR,CA,AWP,WE,Federal Contract Tower,0,6,14,7,27,0,20,40,0,60,0,26,54,7,87,122,0,122,209
03/12/2014,OXR,CA,AWP,WE,Federal Contract Tower,0,2,13,0,15,0,6,24,0,30,0,8,37,0,45,4,0,4,49
03/13/2014,OXR,CA,AWP,WE,Federal Contract Tower,0,6,15,0,21,0,12,76,0,88,0,18,91,0,109,116,0,116,225
03/14/2014,OXR,CA,AWP,WE,Federal Contract Tower,0,2,21,0,23,0,9,72,0,81,0,11,93,0,104,96,0,96,200
03/15/2014,OXR,CA,AWP,WE,Federal Contract Tower,0,0,15,0,15,0,35,74,0,109,0,35,89,0,124,130,0,130,254
03/16/2014,OXR,CA,AWP,WE,Federal Contract Tower,0,0,23,0,23,0,46,74,0,120,0,46,97,0,143,142,0,142,285
03/17/2014,OXR,CA,AWP,WE,Federal Contract Tower,0,4,8,0,12,0,10,40,4,54,0,14,48,4,66,76,0,76,142
03/18/2014,OXR,CA,AWP,WE,Federal Contract Tower,0,9,18,0,27,0,9,61,0,70,0,18,79,0,97,118,0,118,215
03/19/2014,OXR,CA,AWP,WE,Federal Contract Tower,0,3,11,0,14,0,13,66,0,79,0,16,77,0,93,106,0,106,199
03/20/2014,OXR,CA,AWP,WE,Federal Contract Tower,0,9,25,0,34,0,6,76,0,82,0,15,101,0,116,138,0,138,254
03/21/2014,OXR,CA,AWP,WE,Federal Contract Tower,0,14,28,0,42,0,10,58,0,68,0,24,86,0,110,114,0,114,224
03/22/2014,OXR,CA,AWP,WE,Federal Contract Tower,0,0,43,0,43,0,10,56,0,66,0,10,99,0,109,172,0,172,281
03/23/2014,OXR,CA,AWP,WE,Federal Contract Tower,0,0,29,0,29,0,12,67,0,79,0,12,96,0,108,154,0,154,262
03/24/2014,OXR,CA,AWP,WE,Federal Contract Tower,0,5,23,0,28,0,19,27,0,46,0,24,50,0,74,38,0,38,112
03/25/2014,OXR,CA,AWP,WE,Federal Contract Tower,0,9,40,0,49,0,8,49,0,57,0,17,89,0,106,116,0,116,222
03/26/2014,OXR,CA,AWP,WE,Federal Contract Tower,0,2,15,0,17,0,5,19,0,24,0,7,34,0,41,34,0,34,75
03/27/2014,OXR,CA,AWP,WE,Federal Contract Tower,0,2,26,0,28,0,22,76,0,98,0,24,102,0,126,110,0,110,236
03/28/2014,OXR,CA,AWP,WE,Federal Contract Tower,0,4,15,0,19,0,10,68,0,78,0,14,83,0,97,108,0,108,205
03/29/2014,OXR,CA,AWP,WE,Federal Contract Tower,0,1,20,1,22,0,10,86,0,96,0,11,106,1,118,176,0,176,294
03/30/2014,OXR,CA,AWP,WE,Federal Contract Tower,0,4,10,0,14,0,8,77,0,85,0,12,87,0,99,132,0,132,231
03/31/2014,OXR,CA,AWP,WE,Federal Contract Tower,0,15,14,0,29,0,21,43,0,64,0,36,57,0,93,94,0,94,187
04/01/2014,OXR,CA,AWP,WE,Federal Contract Tower,0,2,11,0,13,0,5,35,0,40,0,7,46,0,53,74,0,74,127
04/02/2014,OXR,CA,AWP,WE,Federal Contract Tower,0,13,15,0,28,0,9,43,2,54,0,22,58,2,82,76,0,76,158
04/03/2014,OXR,CA,AWP,WE,Federal Contract Tower,0,3,12,0,15,0,21,83,0,104,0,24,95,0,119,152,0,152,271
04/04/2014,OXR,CA,AWP,WE,Federal Contract Tower,0,6,25,0,31,0,3,64,0,67,0,9,89,0,98,168,0,168,266
04/05/2014,OXR,CA,AWP,WE,Federal Contract Tower,0,4,15,0,19,0,18,89,0,107,0,22,104,0,126,230,0,230,356
04/06/2014,OXR,CA,AWP,WE,Federal Contract Tower,0,0,6,0,6,0,7,76,0,83,0,7,82,0,89,104,0,104,193
04/07/2014,OXR,CA,AWP,WE,Federal Contract Tower,0,4,11,0,15,0,17,63,0,80,0,21,74,0,95,72,0,72,167
04/08/2014,OXR,CA,AWP,WE,Federal Contract Tower,0,4,18,0,22,0,12,72,0,84,0,16,90,0,106,112,0,112,218
04/09/2014,OXR,CA,AWP,WE,Federal Contract Tower,0,4,21,0,25,0,3,45,0,48,0,7,66,0,73,24,0,24,97
04/10/2014,OXR,CA,AWP,WE,Federal Contract Tower,0,3,21,0,24,0,10,78,0,88,0,13,99,0,112,144,0,144,256
04/11/2014,OXR,CA,AWP,WE,Federal Contract Tower,0,2,29,0,31,0,17,90,0,107,0,19,119,0,138,58,0,58,196
04/12/2014,OXR,CA,AWP,WE,Federal Contract Tower,0,3,28,0,31,0,9,60,0,69,0,12,88,0,100,156,0,156,256
04/13/2014,OXR,CA,AWP,WE,Federal Contract Tower,0,0,12,0,12,0,8,91,0,99,0,8,103,0,111,174,0,174,285
04/14/2014,OXR,CA,AWP,WE,Federal Contract Tower,0,3,23,0,26,0,13,123,0,136,0,16,146,0,162,180,0,180,342
04/15/2014,OXR,CA,AWP,WE,Federal Contract Tower,0,9,43,1,53,0,1,46,0,47,0,10,89,1,100,58,0,58,158
04/16/2014,OXR,CA,AWP,WE,Federal Contract Tower,0,6,51,0,57,0,10,84,0,94,0,16,135,0,151,108,0,108,259
04/17/2014,OXR,CA,AWP,WE,Federal Contract Tower,0,3,50,0,53,0,30,92,0,122,0,33,142,0,175,174,0,174,349
04/18/2014,OXR,CA,AWP,WE,Federal Contract Tower,0,7,54,0,61,0,14,99,0,113,0,21,153,0,174,262,0,262,436
04/19/2014,OXR,CA,AWP,WE,Federal Contract Tower,0,1,13,0,14,0,17,120,0,137,0,18,133,0,151,234,0,234,385
04/20/2014,OXR,CA,AWP,WE,Federal Contract Tower,0,0,11,0,11,0,6,84,0,90,0,6,95,0,101,108,0,108,209
04/21/2014,OXR,CA,AWP,WE,Federal Contract Tower,0,3,16,0,19,0,1,43,0,44,0,4,59,0,63,56,0,56,119
04/22/2014,OXR,CA,AWP,WE,Federal Contract Tower,0,6,13,0,19,0,17,30,0,47,0,23,43,0,66,78,0,78,144
04/23/2014,OXR,CA,AWP,WE,Federal Contract Tower,0,7,21,0,28,0,23,75,2,100,0,30,96,2,128,122,0,122,250
04/24/2014,OXR,CA,AWP,WE,Federal Contract Tower,0,4,10,0,14,0,17,73,0,90,0,21,83,0,104,134,0,134,238
04/25/2014,OXR,CA,AWP,WE,Federal Contract Tower,0,3,32,0,35,0,14,21,0,35,0,17,53,0,70,136,0,136,206
04/26/2014,OXR,CA,AWP,WE,Federal Contract Tower,0,6,4,0,10,0,7,25,0,32,0,13,29,0,42,44,0,44,86
04/27/2014,OXR,CA,AWP,WE,Federal Contract Tower,0,0,30,0,30,0,5,79,0,84,0,5,109,0,114,176,0,176,290
04/28/2014,OXR,CA,AWP,WE,Federal Contract Tower,0,4,21,0,25,0,8,75,0,83,0,12,96,0,108,146,0,146,254
04/29/2014,OXR,CA,AWP,WE,Federal Contract Tower,0,3,10,0,13,0,2,26,0,28,0,5,36,0,41,14,0,14,55
04/30/2014,OXR,CA,AWP,WE,Federal Contract Tower,0,1,3,0,4,0,3,14,0,17,0,4,17,0,21,4,0,4,25
05/01/2014,OXR,CA,AWP,WE,Federal Contract Tower,0,5,1,0,6,0,13,39,0,52,0,18,40,0,58,60,0,60,118
05/02/2014,OXR,CA,AWP,WE,Federal Contract Tower,0,5,14,0,19,0,19,99,0,118,0,24,113,0,137,200,0,200,337
05/03/2014,OXR,CA,AWP,WE,Federal Contract Tower,0,2,4,0,6,0,11,98,0,109,0,13,102,0,115,266,0,266,381
05/04/2014,OXR,CA,AWP,WE,Federal Contract Tower,0,4,9,0,13,0,6,96,0,102,0,10,105,0,115,138,0,138,253
05/05/2014,OXR,CA,AWP,WE,Federal Contract Tower,0,3,14,0,17,0,27,42,0,69,0,30,56,0,86,110,0,110,196
05/06/2014,OXR,CA,AWP,WE,Federal Contract Tower,0,3,22,0,25,0,12,40,0,52,0,15,62,0,77,42,0,42,119
05/07/2014,OXR,CA,AWP,WE,Federal Contract Tower,0,8,27,0,35,0,30,71,0,101,0,38,98,0,136,122,0,122,258
05/08/2014,OXR,CA,AWP,WE,Federal Contract Tower,0,2,15,0,17,0,12,46,4,62,0,14,61,4,79,142,0,142,221
05/09/2014,OXR,CA,AWP,WE,Federal Contract Tower,0,9,9,0,18,0,29,57,0,86,0,38,66,0,104,144,0,144,248
05/10/2014,OXR,CA,AWP,WE,Federal Contract Tower,0,5,7,0,12,0,23,92,0,115,0,28,99,0,127,188,0,188,315
05/11/2014,OXR,CA,AWP,WE,Federal Contract Tower,0,3,10,0,13,0,29,51,0,80,0,32,61,0,93,116,0,116,209
05/12/2014,OXR,CA,AWP,WE,Federal Contract Tower,0,4,7,0,11,0,15,56,0,71,0,19,63,0,82,60,0,60,142
05/13/2014,OXR,CA,AWP,WE,Federal Contract Tower,0,2,14,0,16,0,26,53,0,79,0,28,67,0,95,40,0,40,135
05/14/2014,OXR,CA,AWP,WE,Federal Contract Tower,0,4,9,0,13,0,2,31,0,33,0,6,40,0,46,82,0,82,128
05/15/2014,OXR,CA,AWP,WE,Federal Contract Tower,0,4,7,0,11,0,21,69,2,92,0,25,76,2,103,148,0,148,251
05/16/2014,OXR,CA,AWP,WE,Federal Contract Tower,0,7,15,0,22,0,10,105,0,115,0,17,120,0,137,212,0,212,349
05/17/2014,OXR,CA,AWP,WE,Federal Contract Tower,0,1,18,0,19,0,10,124,0,134,0,11,142,0,153,444,0,444,597
05/18/2014,OXR,CA,AWP,WE,Federal Contract Tower,0,3,11,0,14,0,5,67,0,72,0,8,78,0,86,128,0,128,214
05/19/2014,OXR,CA,AWP,WE,Federal Contract Tower,0,2,16,0,18,0,16,59,0,75,0,18,75,0,93,124,0,124,217
05/20/2014,OXR,CA,AWP,WE,Federal Contract Tower,0,6,18,2,26,0,8,61,0,69,0,14,79,2,95,58,0,58,153
05/21/2014,OXR,CA,AWP,WE,Federal Contract Tower,0,2,21,4,27,0,14,62,0,76,0,16,83,4,103,86,0,86,189
05/22/2014,OXR,CA,AWP,WE,Federal Contract Tower,0,7,17,0,24,0,18,67,4,89,0,25,84,4,113,152,16,168,281
05/23/2014,OXR,CA,AWP,WE,Federal Contract Tower,0,5,25,2,32,0,5,72,0,77,0,10,97,2,109,94,0,94,203
05/24/2014,OXR,CA,AWP,WE,Federal Contract Tower,0,3,43,1,47,0,30,42,0,72,0,33,85,1,119,128,0,128,247
05/25/2014,OXR,CA,AWP,WE,Federal Contract Tower,0,0,19,0,19,0,7,89,0,96,0,7,108,0,115,164,0,164,279
05/26/2014,OXR,CA,AWP,WE,Federal Contract Tower,0,2,22,0,24,0,9,56,0,65,0,11,78,0,89,92,0,92,181
05/27/2014,OXR,CA,AWP,WE,Federal Contract Tower,0,7,12,0,19,0,13,13,0,26,0,20,25,0,45,12,0,12,57
05/28/2014,OXR,CA,AWP,WE,Federal Contract Tower,0,5,44,0,49,0,9,35,0,44,0,14,79,0,93,30,0,30,123
05/29/2014,OXR,CA,AWP,WE,Federal Contract Tower,0,16,17,0,33,0,10,54,0,64,0,26,71,0,97,66,0,66,163
05/30/2014,OXR,CA,AWP,WE,Federal Contract Tower,0,11,14,0,25,0,17,62,0,79,0,28,76,0,104,148,0,148,252
05/31/2014,OXR,CA,AWP,WE,Federal Contract Tower,0,3,8,0,11,0,10,99,0,109,0,13,107,0,120,196,0,196,316
06/01/2014,OXR,CA,AWP,WE,Federal Contract Tower,0,0,12,0,12,0,6,68,0,74,0,6,80,0,86,200,0,200,286
06/02/2014,OXR,CA,AWP,WE,Federal Contract Tower,0,7,18,0,25,0,17,40,2,59,0,24,58,2,84,40,24,64,148
06/03/2014,OXR,CA,AWP,WE,Federal Contract Tower,0,2,5,0,7,0,28,73,0,101,0,30,78,0,108,116,0,116,224
06/04/2014,OXR,CA,AWP,WE,Federal Contract Tower,0,2,8,0,10,0,6,99,0,105,0,8,107,0,115,96,0,96,211
06/05/2014,OXR,CA,AWP,WE,Federal Contract Tower,0,6,21,0,27,0,7,26,0,33,0,13,47,0,60,18,0,18,78
06/06/2014,OXR,CA,AWP,WE,Federal Contract Tower,0,7,31,0,38,0,17,42,0,59,0,24,73,0,97,50,0,50,147
06/07/2014,OXR,CA,AWP,WE,Federal Contract Tower,0,4,46,0,50,0,13,23,0,36,0,17,69,0,86,22,0,22,108
06/08/2014,OXR,CA,AWP,WE,Federal Contract Tower,0,4,46,0,50,0,4,39,0,43,0,8,85,0,93,114,0,114,207
06/09/2014,OXR,CA,AWP,WE,Federal Contract Tower,0,5,47,4,56,0,11,17,0,28,0,16,64,4,84,10,0,10,94
06/10/2014,OXR,CA,AWP,WE,Federal Contract Tower,0,13,24,0,37,0,6,18,0,24,0,19,42,0,61,54,0,54,115
06/11/2014,OXR,CA,AWP,WE,Federal Contract Tower,0,18,34,0,52,0,16,41,0,57,0,34,75,0,109,42,0,42,151
06/12/2014,OXR,CA,AWP,WE,Federal Contract Tower,0,6,42,0,48,0,17,47,0,64,0,23,89,0,112,64,0,64,176
06/13/2014,OXR,CA,AWP,WE,Federal Contract Tower,0,10,43,0,53,0,9,30,0,39,0,19,73,0,92,80,0,80,172
06/14/2014,OXR,CA,AWP,WE,Federal Contract Tower,0,3,21,0,24,0,14,76,0,90,0,17,97,0,114,158,0,158,272
06/15/2014,OXR,CA,AWP,WE,Federal Contract Tower,0,4,25,0,29,0,13,25,0,38,0,17,50,0,67,52,0,52,119
06/16/2014,OXR,CA,AWP,WE,Federal Contract Tower,0,2,23,0,25,0,15,64,0,79,0,17,87,0,104,102,0,102,206
06/17/2014,OXR,CA,AWP,WE,Federal Contract Tower,0,5,20,0,25,0,18,77,0,95,0,23,97,0,120,88,0,88,208
06/18/2014,OXR,CA,AWP,WE,Federal Contract Tower,0,2,16,0,18,0,20,91,0,111,0,22,107,0,129,130,0,130,259
06/19/2014,OXR,CA,AWP,WE,Federal Contract Tower,0,13,43,0,56,0,28,105,0,133,0,41,148,0,189,180,0,180,369
06/20/2014,OXR,CA,AWP,WE,Federal Contract Tower,0,5,10,0,15,0,15,101,0,116,0,20,111,0,131,54,0,54,185
06/21/2014,OXR,CA,AWP,WE,Federal Contract Tower,0,4,27,0,31,0,15,76,0,91,0,19,103,0,122,156,0,156,278
06/22/2014,OXR,CA,AWP,WE,Federal Contract Tower,0,1,21,0,22,0,15,66,0,81,0,16,87,0,103,114,0,114,217
06/23/2014,OXR,CA,AWP,WE,Federal Contract Tower,0,4,14,0,18,0,29,78,0,107,0,33,92,0,125,128,0,128,253
06/24/2014,OXR,CA,AWP,WE,Federal Contract Tower,0,8,18,0,26,0,24,33,0,57,0,32,51,0,83,40,0,40,123
06/25/2014,OXR,CA,AWP,WE,Federal Contract Tower,0,12,28,0,40,0,37,47,2,86,0,49,75,2,126,50,14,64,190
06/26/2014,OXR,CA,AWP,WE,Federal Contract Tower,0,4,24,0,28,0,16,68,0,84,0,20,92,0,112,120,0,120,232
06/27/2014,OXR,CA,AWP,WE,Federal Contract Tower,0,4,15,0,19,0,20,54,0,74,0,24,69,0,93,130,0,130,223
06/28/2014,OXR,CA,AWP,WE,Federal Contract Tower,0,1,26,0,27,0,17,72,0,89,0,18,98,0,116,136,0,136,252
06/29/2014,OXR,CA,AWP,WE,Federal Contract Tower,0,3,14,0,17,0,15,36,0,51,0,18,50,0,68,32,0,32,100
06/30/2014,OXR,CA,AWP,WE,Federal Contract Tower,0,8,25,0,33,0,4,14,2,20,0,12,39,2,53,0,0,0,53
07/01/2014,OXR,CA,AWP,WE,Federal Contract Tower,0,4,36,0,40,0,3,8,0,11,0,7,44,0,51,52,0,52,103
07/02/2014,OXR,CA,AWP,WE,Federal Contract Tower,0,6,32,0,38,0,10,23,0,33,0,16,55,0,71,40,0,40,111
07/03/2014,OXR,CA,AWP,WE,Federal Contract Tower,0,3,41,0,44,0,4,53,0,57,0,7,94,0,101,74,0,74,175
07/04/2014,OXR,CA,AWP,WE,Federal Contract Tower,0,0,11,0,11,0,12,33,0,45,0,12,44,0,56,82,0,82,138
07/05/2014,OXR,CA,AWP,WE,Federal Contract Tower,0,2,6,0,8,0,10,66,0,76,0,12,72,0,84,80,0,80,164
07/06/2014,OXR,CA,AWP,WE,Federal Contract Tower,0,1,30,0,31,0,13,70,0,83,0,14,100,0,114,98,0,98,212
07/07/2014,OXR,CA,AWP,WE,Federal Contract Tower,0,2,6,0,8,0,7,85,0,92,0,9,91,0,100,80,0,80,180
07/08/2014,OXR,CA,AWP,WE,Federal Contract Tower,0,2,13,0,15,0,11,38,0,49,0,13,51,0,64,48,0,48,112
07/09/2014,OXR,CA,AWP,WE,Federal Contract Tower,0,13,27,2,42,0,6,10,0,16,0,19,37,2,58,20,0,20,78
07/10/2014,OXR,CA,AWP,WE,Federal Contract Tower,0,11,34,0,45,0,22,56,0,78,0,33,90,0,123,134,0,134,257
07/11/2014,OXR,CA,AWP,WE,Federal Contract Tower,0,2,22,0,24,0,19,68,0,87,0,21,90,0,111,112,0,112,223
07/12/2014,OXR,CA,AWP,WE,Federal Contract Tower,0,0,10,0,10,0,16,60,0,76,0,16,70,0,86,150,0,150,236
07/13/2014,OXR,CA,AWP,WE,Federal Contract Tower,0,10,10,0,20,0,15,70,0,85,0,25,80,0,105,122,0,122,227
07/14/2014,OXR,CA,AWP,WE,Federal Contract Tower,0,17,10,0,27,0,13,18,0,31,0,30,28,0,58,18,0,18,76
07/15/2014,OXR,CA,AWP,WE,Federal Contract Tower,0,9,16,0,25,0,15,18,0,33,0,24,34,0,58,34,0,34,92
07/16/2014,OXR,CA,AWP,WE,Federal Contract Tower,0,2,33,0,35,0,24,29,0,53,0,26,62,0,88,96,0,96,184
07/17/2014,OXR,CA,AWP,WE,Federal Contract Tower,0,7,18,0,25,0,15,46,0,61,0,22,64,0,86,96,0,96,182
07/18/2014,OXR,CA,AWP,WE,Federal Contract Tower,0,2,21,0,23,0,16,83,0,99,0,18,104,0,122,128,0,128,250
07/19/2014,OXR,CA,AWP,WE,Federal Contract Tower,0,2,25,0,27,0,12,69,0,81,0,14,94,0,108,178,0,178,286
07/20/2014,OXR,CA,AWP,WE,Federal Contract Tower,0,0,33,0,33,0,9,62,0,71,0,9,95,0,104,114,0,114,218
07/21/2014,OXR,CA,AWP,WE,Federal Contract Tower,0,3,17,0,20,0,5,49,0,54,0,8,66,0,74,92,0,92,166
07/22/2014,OXR,CA,AWP,WE,Federal Contract Tower,0,9,16,0,25,0,22,54,0,76,0,31,70,0,101,52,0,52,153
07/23/2014,OXR,CA,AWP,WE,Federal Contract Tower,0,4,10,0,14,0,14,68,0,82,0,18,78,0,96,104,0,104,200
07/24/2014,OXR,CA,AWP,WE,Federal Contract Tower,0,4,11,0,15,0,19,70,4,93,0,23,81,4,108,160,14,174,282
07/25/2014,OXR,CA,AWP,WE,Federal Contract Tower,0,2,12,0,14,0,7,82,0,89,0,9,94,0,103,128,0,128,231
07/26/2014,OXR,CA,AWP,WE,Federal Contract Tower,0,4,29,0,33,0,9,15,0,24,0,13,44,0,57,44,0,44,101
07/27/2014,OXR,CA,AWP,WE,Federal Contract Tower,0,2,38,0,40,0,7,51,0,58,0,9,89,0,98,76,0,76,174
07/28/2014,OXR,CA,AWP,WE,Federal Contract Tower,0,3,25,0,28,0,20,73,0,93,0,23,98,0,121,122,0,122,243
07/29/2014,OXR,CA,AWP,WE,Federal Contract Tower,0,5,12,2,19,0,11,68,0,79,0,16,80,2,98,150,0,150,248
07/30/2014,OXR,CA,AWP,WE,Federal Contract Tower,0,10,21,0,31,0,15,36,2,53,0,25,57,2,84,58,0,58,142
07/31/2014,OXR,CA,AWP,WE,Federal Contract Tower,0,6,20,0,26,0,17,61,0,78,0,23,81,0,104,134,0,134,238
08/01/2014,OXR,CA,AWP,WE,Federal Contract Tower,0,7,32,0,39,0,13,38,0,51,0,20,70,0,90,66,0,66,156
08/02/2014,OXR,CA,AWP,WE,Federal Contract Tower,0,8,34,0,42,0,5,13,0,18,0,13,47,0,60,0,0,0,60
08/03/2014,OXR,CA,AWP,WE,Federal Contract Tower,0,6,16,0,22,0,6,66,0,72,0,12,82,0,94,104,0,104,198
08/04/2014,OXR,CA,AWP,WE,Federal Contract Tower,0,2,18,0,20,0,8,49,0,57,0,10,67,0,77,130,0,130,207
08/05/2014,OXR,CA,AWP,WE,Federal Contract Tower,0,3,16,2,21,0,12,66,0,78,0,15,82,2,99,100,0,100,199
08/06/2014,OXR,CA,AWP,WE,Federal Contract Tower,0,2,19,0,21,0,11,54,0,65,0,13,73,0,86,86,0,86,172
08/07/2014,OXR,CA,AWP,WE,Federal Contract Tower,0,2,18,2,22,0,24,47,4,75,0,26,65,6,97,132,0,132,229
08/08/2014,OXR,CA,AWP,WE,Federal Contract Tower,0,6,24,0,30,0,8,66,0,74,0,14,90,0,104,124,0,124,228
08/09/2014,OXR,CA,AWP,WE,Federal Contract Tower,0,2,42,0,44,0,23,17,0,40,0,25,59,0,84,62,0,62,146
08/10/2014,OXR,CA,AWP,WE,Federal Contract Tower,0,5,56,0,61,0,8,11,0,19,0,13,67,0,80,4,0,4,84
08/11/2014,OXR,CA,AWP,WE,Federal Contract Tower,0,5,18,0,23,0,9,57,0,66,0,14,75,0,89,88,0,88,177
08/12/2014,OXR,CA,AWP,WE,Federal Contract Tower,0,6,19,0,25,0,26,82,0,108,0,32,101,0,133,106,0,106,239
08/13/2014,OXR,CA,AWP,WE,Federal Contract Tower,0,6,14,0,20,0,17,41,12,70,0,23,55,12,90,66,34,100,190
08/14/2014,OXR,CA,AWP,WE,Federal Contract Tower,0,7,10,2,19,0,15,60,0,75,0,22,70,2,94,120,0,120,214
08/15/2014,OXR,CA,AWP,WE,Federal Contract Tower,0,12,7,0,19,0,7,83,0,90,0,19,90,0,109,114,0,114,223
08/16/2014,OXR,CA,AWP,WE,Federal Contract Tower,0,1,10,0,11,0,14,69,0,83,0,15,79,0,94,192,0,192,286
08/17/2014,OXR,CA,AWP,WE,Federal Contract Tower,0,0,9,0,9,0,4,56,0,60,0,4,65,0,69,36,0,36,105
08/18/2014,OXR,CA,AWP,WE,Federal Contract Tower,0,4,8,2,14,0,12,53,0,65,0,16,61,2,79,134,0,134,213
08/19/2014,OXR,CA,AWP,WE,Federal Contract Tower,0,2,17,0,19,0,27,27,0,54,0,29,44,0,73,54,0,54,127
08/20/2014,OXR,CA,AWP,WE,Federal Contract Tower,0,7,13,0,20,0,13,33,4,50,0,20,46,4,70,86,30,116,186
08/21/2014,OXR,CA,AWP,WE,Federal Contract Tower,0,3,12,2,17,0,14,72,0,86,0,17,84,2,103,110,0,110,213
08/22/2014,OXR,CA,AWP,WE,Federal Contract Tower,0,5,13,6,24,0,8,29,0,37,0,13,42,6,61,54,0,54,115
08/23/2014,OXR,CA,AWP,WE,Federal Contract Tower,0,1,12,0,13,0,22,27,0,49,0,23,39,0,62,6,0,6,68
08/24/2014,OXR,CA,AWP,WE,Federal Contract Tower,0,5,24,0,29,0,5,24,0,29,0,10,48,0,58,20,0,20,78
08/25/2014,OXR,CA,AWP,WE,Federal Contract Tower,0,5,15,0,20,0,15,47,0,62,0,20,62,0,82,64,0,64,146
08/26/2014,OXR,CA,AWP,WE,Federal Contract Tower,0,7,11,0,18,0,41,61,2,104,0,48,72,2,122,82,6,88,210
08/27/2014,OXR,CA,AWP,WE,Federal Contract Tower,0,2,8,0,10,0,18,57,0,75,0,20,65,0,85,78,0,78,163
08/28/2014,OXR,CA,AWP,WE,Federal Contract Tower,0,4,20,0,24,0,14,83,0,97,0,18,103,0,121,134,0,134,255
08/29/2014,OXR,CA,AWP,WE,Federal Contract Tower,0,4,27,0,31,0,17,94,0,111,0,21,121,0,142,170,0,170,312
08/30/2014,OXR,CA,AWP,WE,Federal Contract Tower,0,5,11,0,16,0,16,80,0,96,0,21,91,0,112,233,0,233,345
08/31/2014,OXR,CA,AWP,WE,Federal Contract Tower,0,5,20,0,25,0,15,52,0,67,0,20,72,0,92,42,0,42,134
09/01/2014,OXR,CA,AWP,WE,Federal Contract Tower,0,9,5,0,14,0,13,50,0,63,0,22,55,0,77,114,0,114,191
09/02/2014,OXR,CA,AWP,WE,Federal Contract Tower,0,5,12,0,17,0,7,37,0,44,0,12,49,0,61,66,0,66,127
09/03/2014,OXR,CA,AWP,WE,Federal Contract Tower,0,10,37,0,47,0,13,30,0,43,0,23,67,0,90,52,0,52,142
09/04/2014,OXR,CA,AWP,WE,Federal Contract Tower,0,4,21,2,27,0,8,34,0,42,0,12,55,2,69,42,0,42,111
09/05/2014,OXR,CA,AWP,WE,Federal Contract Tower,0,9,20,2,31,0,28,46,0,74,0,37,66,2,105,46,0,46,151
09/06/2014,OXR,CA,AWP,WE,Federal Contract Tower,0,0,16,0,16,0,15,82,0,97,0,15,98,0,113,120,0,120,233
09/07/2014,OXR,CA,AWP,WE,Federal Contract Tower,0,0,10,0,10,0,15,73,0,88,0,15,83,0,98,140,0,140,238
09/08/2014,OXR,CA,AWP,WE,Federal Contract Tower,0,4,5,0,9,0,8,53,0,61,0,12,58,0,70,98,0,98,168
09/09/2014,OXR,CA,AWP,WE,Federal Contract Tower,0,7,20,0,27,0,11,52,2,65,0,18,72,2,92,76,20,96,188
09/10/2014,OXR,CA,AWP,WE,Federal Contract Tower,0,4,11,0,15,0,6,72,2,80,0,10,83,2,95,120,0,120,215
09/11/2014,OXR,CA,AWP,WE,Federal Contract Tower,0,2,8,2,12,0,7,82,2,91,0,9,90,4,103,160,26,186,289
09/12/2014,OXR,CA,AWP,WE,Federal Contract Tower,0,4,19,0,23,0,3,61,0,64,0,7,80,0,87,102,0,102,189
09/13/2014,OXR,CA,AWP,WE,Federal Contract Tower,0,0,24,0,24,0,11,91,0,102,0,11,115,0,126,126,0,126,252
09/14/2014,OXR,CA,AWP,WE,Federal Contract Tower,0,3,16,0,19,0,12,60,0,72,0,15,76,0,91,98,0,98,189
09/15/2014,OXR,CA,AWP,WE,Federal Contract Tower,0,4,3,0,7,0,5,57,0,62,0,9,60,0,69,108,0,108,177
09/16/2014,OXR,CA,AWP,WE,Federal Contract Tower,0,2,14,0,16,0,18,46,0,64,0,20,60,0,80,46,0,46,126
09/17/2014,OXR,CA,AWP,WE,Federal Contract Tower,0,8,12,0,20,0,19,64,0,83,0,27,76,0,103,94,0,94,197
09/18/2014,OXR,CA,AWP,WE,Federal Contract Tower,0,2,22,0,24,0,9,67,0,76,0,11,89,0,100,74,0,74,174
09/19/2014,OXR,CA,AWP,WE,Federal Contract Tower,0,2,18,0,20,0,18,68,0,86,0,20,86,0,106,66,0,66,172
09/20/2014,OXR,CA,AWP,WE,Federal Contract Tower,0,6,9,0,15,0,4,56,0,60,0,10,65,0,75,64,0,64,139
09/21/2014,OXR,CA,AWP,WE,Federal Contract Tower,0,2,32,0,34,0,11,53,0,64,0,13,85,0,98,108,0,108,206
09/22/2014,OXR,CA,AWP,WE,Federal Contract Tower,0,5,17,0,22,0,7,61,0,68,0,12,78,0,90,126,0,126,216
09/23/2014,OXR,CA,AWP,WE,Federal Contract Tower,0,8,21,0,29,0,8,47,0,55,0,16,68,0,84,46,0,46,130
09/24/2014,OXR,CA,AWP,WE,Federal Contract Tower,0,4,14,0,18,0,9,59,0,68,0,13,73,0,86,110,0,110,196
09/25/2014,OXR,CA,AWP,WE,Federal Contract Tower,0,6,5,2,13,0,11,67,0,78,0,17,72,2,91,138,0,138,229
09/26/2014,OXR,CA,AWP,WE,Federal Contract Tower,0,6,15,1,22,0,18,88,0,106,0,24,103,1,128,108,0,108,236
09/27/2014,OXR,CA,AWP,WE,Federal Contract Tower,0,0,17,0,17,0,20,93,0,113,0,20,110,0,130,76,0,76,206
09/28/2014,OXR,CA,AWP,WE,Federal Contract Tower,0,3,32,0,35,0,4,64,0,68,0,7,96,0,103,138,0,138,241
09/29/2014,OXR,CA,AWP,WE,Federal Contract Tower,0,4,21,0,25,0,11,78,0,89,0,15,99,0,114,110,0,110,224
09/30/2014,OXR,CA,AWP,WE,Federal Contract Tower,0,2,7,0,9,0,4,70,0,74,0,6,77,0,83,90,0,90,173
10/01/2014,OXR,CA,AWP,WE,Federal Contract Tower,0,6,12,0,18,0,30,72,0,102,0,36,84,0,120,110,0,110,230
10/02/2014,OXR,CA,AWP,WE,Federal Contract Tower,0,5,6,0,11,0,17,48,0,65,0,22,54,0,76,44,0,44,120
10/03/2014,OXR,CA,AWP,WE,Federal Contract Tower,0,1,7,0,8,0,10,65,0,75,0,11,72,0,83,68,0,68,151
10/04/2014,OXR,CA,AWP,WE,Federal Contract Tower,0,0,17,0,17,0,7,75,0,82,0,7,92,0,99,186,0,186,285
10/05/2014,OXR,CA,AWP,WE,Federal Contract Tower,0,0,11,0,11,0,11,69,0,80,0,11,80,0,91,94,0,94,185
10/06/2014,OXR,CA,AWP,WE,Federal Contract Tower,0,4,9,0,13,0,22,64,0,86,0,26,73,0,99,150,0,150,249
10/07/2014,OXR,CA,AWP,WE,Federal Contract Tower,0,7,7,0,14,0,12,55,0,67,0,19,62,0,81,68,0,68,149
10/08/2014,OXR,CA,AWP,WE,Federal Contract Tower,0,6,5,0,11,0,13,68,2,83,0,19,73,2,94,58,0,58,152
10/09/2014,OXR,CA,AWP,WE,Federal Contract Tower,0,3,14,0,17,0,13,42,0,55,0,16,56,0,72,48,0,48,120
10/10/2014,OXR,CA,AWP,WE,Federal Contract Tower,0,5,21,0,26,0,6,31,0,37,0,11,52,0,63,10,0,10,73
10/11/2014,OXR,CA,AWP,WE,Federal Contract Tower,0,1,22,0,23,0,11,70,0,81,0,12,92,0,104,110,0,110,214
10/12/2014,OXR,CA,AWP,WE,Federal Contract Tower,0,5,12,0,17,0,7,68,0,75,0,12,80,0,92,128,0,128,220
10/13/2014,OXR,CA,AWP,WE,Federal Contract Tower,0,7,19,0,26,0,4,49,0,53,0,11,68,0,79,72,0,72,151
10/14/2014,OXR,CA,AWP,WE,Federal Contract Tower,0,8,33,0,41,0,19,29,0,48,0,27,62,0,89,90,0,90,179
10/15/2014,OXR,CA,AWP,WE,Federal Contract Tower,0,3,28,0,31,0,22,59,0,81,0,25,87,0,112,106,0,106,218
10/16/2014,OXR,CA,AWP,WE,Federal Contract Tower,0,2,11,0,13,0,6,69,0,75,0,8,80,0,88,178,0,178,266
10/17/2014,OXR,CA,AWP,WE,Federal Contract Tower,0,7,35,0,42,0,8,71,0,79,0,15,106,0,121,112,0,112,233
10/18/2014,OXR,CA,AWP,WE,Federal Contract Tower,0,0,12,0,12,0,3,74,0,77,0,3,86,0,89,106,0,106,195
10/19/2014,OXR,CA,AWP,WE,Federal Contract Tower,0,2,24,0,26,0,2,90,0,92,0,4,114,0,118,102,0,102,220
10/20/2014,OXR,CA,AWP,WE,Federal Contract Tower,0,2,16,0,18,0,10,36,0,46,0,12,52,0,64,64,0,64,128
10/21/2014,OXR,CA,AWP,WE,Federal Contract Tower,0,2,21,0,23,0,15,68,0,83,0,17,89,0,106,166,2,168,274
10/22/2014,OXR,CA,AWP,WE,Federal Contract Tower,0,4,17,0,21,0,14,71,0,85,0,18,88,0,106,66,0,66,172
10/23/2014,OXR,CA,AWP,WE,Federal Contract Tower,0,3,7,2,12,0,21,90,0,111,0,24,97,2,123,164,0,164,287
10/24/2014,OXR,CA,AWP,WE,Federal Contract Tower,0,6,15,0,21,0,8,67,2,77,0,14,82,2,98,184,0,184,282
10/25/2014,OXR,CA,AWP,WE,Federal Contract Tower,0,3,13,0,16,0,9,97,0,106,0,12,110,0,122,128,0,128,250
10/26/2014,OXR,CA,AWP,WE,Federal Contract Tower,0,2,10,0,12,0,6,64,0,70,0,8,74,0,82,172,0,172,254
10/27/2014,OXR,CA,AWP,WE,Federal Contract Tower,0,3,4,0,7,0,13,59,0,72,0,16,63,0,79,166,0,166,245
10/28/2014,OXR,CA,AWP,WE,Federal Contract Tower,0,2,16,0,18,0,15,59,0,74,0,17,75,0,92,126,0,126,218
10/29/2014,OXR,CA,AWP,WE,Federal Contract Tower,0,4,10,1,15,0,10,70,1,81,0,14,80,2,96,174,0,174,270
10/30/2014,OXR,CA,AWP,WE,Federal Contract Tower,0,3,21,0,24,0,12,79,0,91,0,15,100,0,115,132,0,132,247
10/31/2014,OXR,CA,AWP,WE,Federal Contract Tower,0,3,25,0,28,0,26,30,0,56,0,29,55,0,84,102,0,102,186
11/01/2014,OXR,CA,AWP,WE,Federal Contract Tower,0,1,15,0,16,0,5,33,0,38,0,6,48,0,54,46,0,46,100
11/02/2014,OXR,CA,AWP,WE,Federal Contract Tower,0,0,16,0,16,0,10,104,0,114,0,10,120,0,130,154,0,154,284
11/03/2014,OXR,CA,AWP,WE,Federal Contract Tower,0,2,5,0,7,0,13,49,0,62,0,15,54,0,69,74,0,74,143
11/04/2014,OXR,CA,AWP,WE,Federal Contract Tower,0,2,4,0,6,0,10,65,0,75,0,12,69,0,81,62,0,62,143
11/05/2014,OXR,CA,AWP,WE,Federal Contract Tower,0,5,13,0,18,0,7,39,8,54,0,12,52,8,72,52,0,52,124
11/06/2014,OXR,CA,AWP,WE,Federal Contract Tower,0,2,8,0,10,0,5,76,0,81,0,7,84,0,91,150,0,150,241
11/07/2014,OXR,CA,AWP,WE,Federal Contract Tower,0,4,14,0,18,0,6,92,4,102,0,10,106,4,120,158,0,158,278
11/08/2014,OXR,CA,AWP,WE,Federal Contract Tower,0,2,10,0,12,0,4,72,0,76,0,6,82,0,88,86,0,86,174
11/09/2014,OXR,CA,AWP,WE,Federal Contract Tower,0,5,19,0,24,0,4,51,0,55,0,9,70,0,79,72,0,72,151
11/10/2014,OXR,CA,AWP,WE,Federal Contract Tower,0,2,21,0,23,0,7,39,0,46,0,9,60,0,69,70,0,70,139
11/11/2014,OXR,CA,AWP,WE,Federal Contract Tower,0,2,45,0,47,0,3,51,0,54,0,5,96,0,101,166,0,166,267
11/12/2014,OXR,CA,AWP,WE,Federal Contract Tower,0,2,19,0,21,0,7,52,0,59,0,9,71,0,80,154,0,154,234
11/13/2014,OXR,CA,AWP,WE,Federal Contract Tower,0,2,50,0,52,0,4,31,0,35,0,6,81,0,87,56,0,56,143
11/14/2014,OXR,CA,AWP,WE,Federal Contract Tower,0,9,25,0,34,0,24,56,0,80,0,33,81,0,114,148,0,148,262
11/15/2014,OXR,CA,AWP,WE,Federal Contract Tower,0,9,17,0,26,0,23,75,0,98,0,32,92,0,124,136,0,136,260
11/16/2014,OXR,CA,AWP,WE,Federal Contract Tower,0,2,7,0,9,0,1,40,2,43,0,3,47,2,52,62,0,62,114
11/17/2014,OXR,CA,AWP,WE,Federal Contract Tower,0,3,9,0,12,0,4,47,0,51,0,7,56,0,63,70,0,70,133
11/18/2014,OXR,CA,AWP,WE,Federal Contract Tower,0,4,25,0,29,0,11,52,0,63,0,15,77,0,92,74,0,74,166
11/19/2014,OXR,CA,AWP,WE,Federal Contract Tower,0,2,20,2,24,0,2,47,0,49,0,4,67,2,73,118,0,118,191
11/20/2014,OXR,CA,AWP,WE,Federal Contract Tower,0,6,21,0,27,0,8,41,0,49,0,14,62,0,76,114,0,114,190
11/21/2014,OXR,CA,AWP,WE,Federal Contract Tower,0,7,8,0,15,0,9,97,0,106,0,16,105,0,121,182,0,182,303
11/22/2014,OXR,CA,AWP,WE,Federal Contract Tower,0,0,22,0,22,0,4,130,0,134,0,4,152,0,156,164,0,164,320
11/23/2014,OXR,CA,AWP,WE,Federal Contract Tower,0,0,7,0,7,0,20,43,0,63,0,20,50,0,70,76,0,76,146
11/24/2014,OXR,CA,AWP,WE,Federal Contract Tower,0,6,5,0,11,0,12,33,0,45,0,18,38,0,56,78,0,78,134
11/25/2014,OXR,CA,AWP,WE,Federal Contract Tower,0,4,8,0,12,0,21,57,0,78,0,25,65,0,90,102,0,102,192
11/26/2014,OXR,CA,AWP,WE,Federal Contract Tower,0,4,19,0,23,0,5,65,0,70,0,9,84,0,93,102,0,102,195
11/27/2014,OXR,CA,AWP,WE,Federal Contract Tower,0,0,6,0,6,0,0,21,0,21,0,0,27,0,27,4,0,4,31
11/28/2014,OXR,CA,AWP,WE,Federal Contract Tower,0,2,11,0,13,0,11,109,0,120,0,13,120,0,133,150,0,150,283
11/29/2014,OXR,CA,AWP,WE,Federal Contract Tower,0,0,12,0,12,0,10,65,4,79,0,10,77,4,91,80,32,112,203
11/30/2014,OXR,CA,AWP,WE,Federal Contract Tower,0,0,27,0,27,0,3,34,0,37,0,3,61,0,64,128,0,128,192
12/01/2014,OXR,CA,AWP,WE,Federal Contract Tower,0,6,17,0,23,0,11,54,0,65,0,17,71,0,88,94,0,94,182
12/02/2014,OXR,CA,AWP,WE,Federal Contract Tower,0,8,7,0,15,0,0,1,2,3,0,8,8,2,18,0,0,0,18
12/03/2014,OXR,CA,AWP,WE,Federal Contract Tower,0,4,13,0,17,0,6,2,0,8,0,10,15,0,25,0,0,0,25
12/04/2014,OXR,CA,AWP,WE,Federal Contract Tower,0,4,33,0,37,0,11,37,2,50,0,15,70,2,87,162,14,176,263
12/05/2014,OXR,CA,AWP,WE,Federal Contract Tower,0,5,12,0,17,0,28,77,0,105,0,33,89,0,122,164,0,164,286
12/06/2014,OXR,CA,AWP,WE,Federal Contract Tower,0,4,13,0,17,0,31,92,0,123,0,35,105,0,140,118,0,118,258
12/07/2014,OXR,CA,AWP,WE,Federal Contract Tower,0,5,12,0,17,0,27,73,0,100,0,32,85,0,117,144,0,144,261
12/08/2014,OXR,CA,AWP,WE,Federal Contract Tower,0,5,9,0,14,0,9,77,0,86,0,14,86,0,100,104,0,104,204
12/09/2014,OXR,CA,AWP,WE,Federal Contract Tower,0,10,9,0,19,0,43,73,0,116,0,53,82,0,135,194,0,194,329
12/10/2014,OXR,CA,AWP,WE,Federal Contract Tower,0,6,17,0,23,0,47,80,6,133,0,53,97,6,156,85,0,85,241
12/11/2014,OXR,CA,AWP,WE,Federal Contract Tower,0,2,22,0,24,0,5,16,0,21,0,7,38,0,45,62,0,62,107
12/12/2014,OXR,CA,AWP,WE,Federal Contract Tower,0,3,2,0,5,0,13,2,0,15,0,16,4,0,20,18,0,18,38
12/13/2014,OXR,CA,AWP,WE,Federal Contract Tower,0,2,18,0,20,0,32,69,0,101,0,34,87,0,121,166,0,166,287
12/14/2014,OXR,CA,AWP,WE,Federal Contract Tower,0,7,17,0,24,0,14,72,0,86,0,21,89,0,110,168,0,168,278
12/15/2014,OXR,CA,AWP,WE,Federal Contract Tower,0,6,12,0,18,0,16,44,0,60,0,22,56,0,78,56,0,56,134
12/16/2014,OXR,CA,AWP,WE,Federal Contract Tower,0,6,18,0,24,0,10,20,0,30,0,16,38,0,54,64,0,64,118
12/17/2014,OXR,CA,AWP,WE,Federal Contract Tower,0,4,15,0,19,0,11,47,0,58,0,15,62,0,77,84,0,84,161
12/18/2014,OXR,CA,AWP,WE,Federal Contract Tower,0,11,21,0,32,0,18,32,0,50,0,29,53,0,82,96,0,96,178
12/19/2014,OXR,CA,AWP,WE,Federal Contract Tower,0,4,34,3,41,0,7,71,1,79,0,11,105,4,120,116,0,116,236
12/20/2014,OXR,CA,AWP,WE,Federal Contract Tower,0,1,43,0,44,0,7,43,0,50,0,8,86,0,94,92,0,92,186
12/21/2014,OXR,CA,AWP,WE,Federal Contract Tower,0,0,19,0,19,0,14,83,0,97,0,14,102,0,116,206,0,206,322
12/22/2014,OXR,CA,AWP,WE,Federal Contract Tower,0,2,12,0,14,0,2,83,0,85,0,4,95,0,99,152,0,152,251
12/23/2014,OXR,CA,AWP,WE,Federal Contract Tower,0,2,8,0,10,0,5,44,0,49,0,7,52,0,59,32,0,32,91
12/24/2014,OXR,CA,AWP,WE,Federal Contract Tower,0,2,3,0,5,0,7,40,0,47,0,9,43,0,52,72,0,72,124
12/25/2014,OXR,CA,AWP,WE,Federal Contract Tower,0,0,2,0,2,0,0,17,0,17,0,0,19,0,19,0,0,0,19
12/26/2014,OXR,CA,AWP,WE,Federal Contract Tower,0,2,9,0,11,0,10,48,0,58,0,12,57,0,69,76,0,76,145
12/27/2014,OXR,CA,AWP,WE,Federal Contract Tower,0,0,14,0,14,0,1,21,0,22,0,1,35,0,36,0,0,0,36
12/28/2014,OXR,CA,AWP,WE,Federal Contract Tower,0,0,5,0,5,0,9,76,0,85,0,9,81,0,90,126,22,148,238
12/29/2014,OXR,CA,AWP,WE,Federal Contract Tower,0,4,18,2,24,0,23,64,0,87,0,27,82,2,111,166,0,166,277
12/30/2014,OXR,CA,AWP,WE,Federal Contract Tower,0,4,25,0,29,0,18,40,0,58,0,22,65,0,87,68,0,68,155
12/31/2014,OXR,CA,AWP,WE,Federal Contract Tower,0,3,8,0,11,0,9,14,0,23,0,12,22,0,34,32,0,32,66
01/01/2015,OXR,CA,AWP,WE,Federal Contract Tower,0,0,6,0,6,0,8,28,0,36,0,8,34,0,42,24,0,24,66
01/02/2015,OXR,CA,AWP,WE,Federal Contract Tower,0,4,18,0,22,0,26,53,7,86,0,30,71,7,108,80,16,96,204
01/03/2015,OXR,CA,AWP,WE,Federal Contract Tower,0,0,5,0,5,0,16,71,2,89,0,16,76,2,94,108,16,124,218
01/04/2015,OXR,CA,AWP,WE,Federal Contract Tower,0,2,11,0,13,0,8,107,0,115,0,10,118,0,128,186,0,186,314
01/05/2015,OXR,CA,AWP,WE,Federal Contract Tower,0,3,6,0,9,0,3,43,0,46,0,6,49,0,55,58,0,58,113
01/06/2015,OXR,CA,AWP,WE,Federal Contract Tower,0,2,14,0,16,0,10,77,0,87,0,12,91,0,103,206,0,206,309
01/07/2015,OXR,CA,AWP,WE,Federal Contract Tower,0,2,17,0,19,0,21,72,1,94,0,23,89,1,113,134,0,134,247
01/08/2015,OXR,CA,AWP,WE,Federal Contract Tower,0,3,18,0,21,0,25,50,0,75,0,28,68,0,96,44,0,44,140
01/09/2015,OXR,CA,AWP,WE,Federal Contract Tower,0,7,24,0,31,0,47,83,0,130,0,54,107,0,161,164,0,164,325
01/10/2015,OXR,CA,AWP,WE,Federal Contract Tower,0,4,22,0,26,0,18,9,0,27,0,22,31,0,53,26,0,26,79
01/11/2015,OXR,CA,AWP,WE,Federal Contract Tower,0,0,21,0,21,0,2,22,0,24,0,2,43,0,45,78,0,78,123
01/12/2015,OXR,CA,AWP,WE,Federal Contract Tower,0,6,18,0,24,0,7,71,0,78,0,13,89,0,102,42,0,42,144
01/13/2015,OXR,CA,AWP,WE,Federal Contract Tower,0,4,14,0,18,0,14,86,8,108,0,18,100,8,126,186,38,224,350
01/14/2015,OXR,CA,AWP,WE,Federal Contract Tower,0,4,6,2,12,0,39,57,0,96,0,43,63,2,108,80,0,80,188
01/15/2015,OXR,CA,AWP,WE,Federal Contract Tower,0,4,5,0,9,0,17,73,0,90,0,21,78,0,99,106,0,106,205
01/16/2015,OXR,CA,AWP,WE,Federal Contract Tower,0,6,11,0,17,0,25,75,2,102,0,31,86,2,119,118,0,118,237
01/17/2015,OXR,CA,AWP,WE,Federal Contract Tower,0,4,10,0,14,0,6,107,0,113,0,10,117,0,127,232,0,232,359
01/18/2015,OXR,CA,AWP,WE,Federal Contract Tower,0,0,20,0,20,0,11,107,0,118,0,11,127,0,138,222,0,222,360
01/19/2015,OXR,CA,AWP,WE,Federal Contract Tower,0,8,13,0,21,0,6,63,0,69,0,14,76,0,90,122,0,122,212
01/20/2015,OXR,CA,AWP,WE,Federal Contract Tower,0,2,28,0,30,0,2,23,10,35,0,4,51,10,65,104,10,114,179
01/21/2015,OXR,CA,AWP,WE,Federal Contract Tower,0,2,15,0,17,0,18,68,2,88,0,20,83,2,105,62,16,78,183
01/22/2015,OXR,CA,AWP,WE,Federal Contract Tower,0,2,13,0,15,0,15,91,0,106,0,17,104,0,121,184,0,184,305
01/23/2015,OXR,CA,AWP,WE,Federal Contract Tower,0,4,15,0,19,0,28,69,0,97,0,32,84,0,116,58,0,58,174
01/24/2015,OXR,CA,AWP,WE,Federal Contract Tower,0,2,4,0,6,0,6,8,0,14,0,8,12,0,20,10,0,10,30
01/25/2015,OXR,CA,AWP,WE,Federal Contract Tower,0,0,3,0,3,0,15,42,0,57,0,15,45,0,60,52,0,52,112
01/26/2015,OXR,CA,AWP,WE,Federal Contract Tower,0,2,8,0,10,0,5,44,0,49,0,7,52,0,59,66,0,66,125
01/27/2015,OXR,CA,AWP,WE,Federal Contract Tower,0,8,23,0,31,0,21,50,0,71,0,29,73,0,102,82,0,82,184
01/28/2015,OXR,CA,AWP,WE,Federal Contract Tower,0,2,19,0,21,0,8,74,2,84,0,10,93,2,105,150,22,172,277
01/29/2015,OXR,CA,AWP,WE,Federal Contract Tower,0,4,12,0,16,0,18,66,0,84,0,22,78,0,100,142,0,142,242
01/30/2015,OXR,CA,AWP,WE,Federal Contract Tower,0,2,13,0,15,0,21,99,0,120,0,23,112,0,135,144,0,144,279
01/31/2015,OXR,CA,AWP,WE,Federal Contract Tower,0,2,36,0,38,0,9,83,0,92,0,11,119,0,130,226,0,226,356
02/01/2015,OXR,CA,AWP,WE,Federal Contract Tower,0,0,11,0,11,0,10,102,0,112,0,10,113,0,123,186,0,186,309
02/02/2015,OXR,CA,AWP,WE,Federal Contract Tower,0,2,17,0,19,0,6,81,0,87,0,8,98,0,106,146,0,146,252
02/03/2015,OXR,CA,AWP,WE,Federal Contract Tower,0,3,8,0,11,0,0,61,0,61,0,3,69,0,72,136,0,136,208
02/04/2015,OXR,CA,AWP,WE,Federal Contract Tower,0,2,27,0,29,0,20,66,0,86,0,22,93,0,115,50,0,50,165
02/05/2015,OXR,CA,AWP,WE,Federal Contract Tower,0,2,11,2,15,0,9,68,0,77,0,11,79,2,92,120,0,120,212
02/06/2015,OXR,CA,AWP,WE,Federal Contract Tower,0,6,14,0,20,0,14,43,0,57,0,20,57,0,77,58,0,58,135
02/07/2015,OXR,CA,AWP,WE,Federal Contract Tower,0,0,43,0,43,0,5,6,0,11,0,5,49,0,54,0,0,0,54
02/08/2015,OXR,CA,AWP,WE,Federal Contract Tower,0,0,20,0,20,0,15,68,0,83,0,15,88,0,103,252,0,252,355
02/09/2015,OXR,CA,AWP,WE,Federal Contract Tower,0,5,13,0,18,0,8,48,0,56,0,13,61,0,74,58,0,58,132
02/10/2015,OXR,CA,AWP,WE,Federal Contract Tower,0,5,14,0,19,0,20,60,0,80,0,25,74,0,99,128,0,128,227
02/11/2015,OXR,CA,AWP,WE,Federal Contract Tower,0,4,2,0,6,0,20,15,0,35,0,24,17,0,41,32,0,32,73
02/12/2015,OXR,CA,AWP,WE,Federal Contract Tower,0,2,8,2,12,0,17,53,0,70,0,19,61,2,82,42,0,42,124
02/13/2015,OXR,CA,AWP,WE,Federal Contract Tower,0,2,18,0,20,0,11,77,0,88,0,13,95,0,108,94,0,94,202
02/14/2015,OXR,CA,AWP,WE,Federal Contract Tower,0,1,12,0,13,0,58,112,0,170,0,59,124,0,183,166,0,166,349
02/15/2015,OXR,CA,AWP,WE,Federal Contract Tower,0,5,12,0,17,0,24,81,0,105,0,29,93,0,122,222,0,222,344
02/16/2015,OXR,CA,AWP,WE,Federal Contract Tower,0,2,39,0,41,0,12,42,0,54,0,14,81,0,95,34,0,34,129
02/17/2015,OXR,CA,AWP,WE,Federal Contract Tower,0,2,27,0,29,0,9,34,0,43,0,11,61,0,72,114,0,114,186
02/18/2015,OXR,CA,AWP,WE,Federal Contract Tower,0,10,24,0,34,0,8,29,0,37,0,18,53,0,71,80,0,80,151
02/19/2015,OXR,CA,AWP,WE,Federal Contract Tower,0,3,39,0,42,0,22,49,0,71,0,25,88,0,113,122,0,122,235
02/20/2015,OXR,CA,AWP,WE,Federal Contract Tower,0,2,29,0,31,0,13,50,0,63,0,15,79,0,94,184,0,184,278
02/21/2015,OXR,CA,AWP,WE,Federal Contract Tower,0,0,33,0,33,0,8,44,0,52,0,8,77,0,85,136,0,136,221
02/22/2015,OXR,CA,AWP,WE,Federal Contract Tower,0,26,0,0,26,0,5,17,0,22,0,31,17,0,48,50,0,50,98
02/23/2015,OXR,CA,AWP,WE,Federal Contract Tower,0,2,12,0,14,0,12,43,0,55,0,14,55,0,69,102,0,102,171
02/24/2015,OXR,CA,AWP,WE,Federal Contract Tower,0,2,9,1,12,0,10,94,2,106,0,12,103,3,118,184,0,184,302
02/25/2015,OXR,CA,AWP,WE,Federal Contract Tower,0,2,18,0,20,0,5,98,0,103,0,7,116,0,123,208,0,208,331
02/26/2015,OXR,CA,AWP,WE,Federal Contract Tower,0,2,13,0,15,0,12,125,0,137,0,14,138,0,152,234,0,234,386
02/27/2015,OXR,CA,AWP,WE,Federal Contract Tower,0,9,38,0,47,0,16,50,0,66,0,25,88,0,113,142,0,142,255
02/28/2015,OXR,CA,AWP,WE,Federal Contract Tower,0,2,21,0,23,0,9,39,0,48,0,11,60,0,71,78,0,78,149
03/01/2015,OXR,CA,AWP,WE,Federal Contract Tower,0,1,20,0,21,0,0,44,0,44,0,1,64,0,65,22,0,22,87
03/02/2015,OXR,CA,AWP,WE,Federal Contract Tower,0,6,9,0,15,0,13,26,0,39,0,19,35,0,54,54,0,54,108
03/03/2015,OXR,CA,AWP,WE,Federal Contract Tower,0,5,14,0,19,0,10,67,0,77,0,15,81,0,96,206,0,206,302
03/04/2015,OXR,CA,AWP,WE,Federal Contract Tower,0,2,6,0,8,0,1,40,0,41,0,3,46,0,49,88,0,88,137
03/05/2015,OXR,CA,AWP,WE,Federal Contract Tower,0,4,18,0,22,0,25,107,0,132,0,29,125,0,154,214,0,214,368
03/06/2015,OXR,CA,AWP,WE,Federal Contract Tower,0,4,8,0,12,0,19,73,0,92,0,23,81,0,104,112,0,112,216
03/07/2015,OXR,CA,AWP,WE,Federal Contract Tower,0,0,16,0,16,0,9,88,0,97,0,9,104,0,113,218,0,218,331
03/08/2015,OXR,CA,AWP,WE,Federal Contract Tower,0,0,11,0,11,0,9,75,0,84,0,9,86,0,95,196,0,196,291
03/09/2015,OXR,CA,AWP,WE,Federal Contract Tower,0,2,12,0,14,0,11,42,0,53,0,13,54,0,67,208,0,208,275
03/10/2015,OXR,CA,AWP,WE,Federal Contract Tower,0,5,16,2,23,0,5,54,0,59,0,10,70,2,82,156,0,156,238
03/11/2015,OXR,CA,AWP,WE,Federal Contract Tower,0,2,25,0,27,0,18,28,0,46,0,20,53,0,73,82,0,82,155
03/12/2015,OXR,CA,AWP,WE,Federal Contract Tower,0,3,11,0,14,0,29,58,0,87,0,32,69,0,101,102,0,102,203
03/13/2015,OXR,CA,AWP,WE,Federal Contract Tower,0,2,7,0,9,0,25,43,0,68,0,27,50,0,77,68,0,68,145
03/14/2015,OXR,CA,AWP,WE,Federal Contract Tower,0,2,10,0,12,0,43,91,0,134,0,45,101,0,146,180,0,180,326
03/15/2015,OXR,CA,AWP,WE,Federal Contract Tower,0,0,21,0,21,0,8,102,0,110,0,8,123,0,131,260,0,260,391
03/16/2015,OXR,CA,AWP,WE,Federal Contract Tower,0,3,17,0,20,0,22,61,0,83,0,25,78,0,103,130,0,130,233
03/17/2015,OXR,CA,AWP,WE,Federal Contract Tower,0,2,20,0,22,0,14,65,0,79,0,16,85,0,101,102,0,102,203
03/18/2015,OXR,CA,AWP,WE,Federal Contract Tower,0,2,26,0,28,0,23,54,0,77,0,25,80,0,105,96,0,96,201
03/19/2015,OXR,CA,AWP,WE,Federal Contract Tower,0,9,38,0,47,0,13,66,0,79,0,22,104,0,126,214,0,214,340
03/20/2015,OXR,CA,AWP,WE,Federal Contract Tower,0,4,21,0,25,0,13,59,4,76,0,17,80,4,101,110,0,110,211
03/21/2015,OXR,CA,AWP,WE,Federal Contract Tower,0,2,27,0,29,0,19,70,0,89,0,21,97,0,118,236,0,236,354
03/22/2015,OXR,CA,AWP,WE,Federal Contract Tower,0,7,25,0,32,0,25,46,0,71,0,32,71,0,103,124,0,124,227
03/23/2015,OXR,CA,AWP,WE,Federal Contract Tower,0,4,14,0,18,0,18,59,2,79,0,22,73,2,97,158,0,158,255
03/24/2015,OXR,CA,AWP,WE,Federal Contract Tower,0,4,14,0,18,0,16,74,0,90,0,20,88,0,108,168,0,168,276
03/25/2015,OXR,CA,AWP,WE,Federal Contract Tower,0,5,18,0,23,0,16,72,0,88,0,21,90,0,111,146,0,146,257
03/26/2015,OXR,CA,AWP,WE,Federal Contract Tower,0,1,25,0,26,0,3,81,2,86,0,4,106,2,112,132,4,136,248
03/27/2015,OXR,CA,AWP,WE,Federal Contract Tower,0,2,28,0,30,0,8,128,0,136,0,10,156,0,166,182,0,182,348
03/28/2015,OXR,CA,AWP,WE,Federal Contract Tower,0,4,25,0,29,0,8,82,0,90,0,12,107,0,119,182,0,182,301
03/29/2015,OXR,CA,AWP,WE,Federal Contract Tower,0,3,25,0,28,0,17,71,4,92,0,20,96,4,120,114,0,114,234
03/30/2015,OXR,CA,AWP,WE,Federal Contract Tower,0,12,24,0,36,0,21,35,0,56,0,33,59,0,92,94,0,94,186
03/31/2015,OXR,CA,AWP,WE,Federal Contract Tower,0,5,41,0,46,0,15,64,0,79,0,20,105,0,125,94,0,94,219
04/01/2015,OXR,CA,AWP,WE,Federal Contract Tower,0,4,27,0,31,0,16,54,2,72,0,20,81,2,103,148,0,148,251
04/02/2015,OXR,CA,AWP,WE,Federal Contract Tower,0,3,10,0,13,0,42,100,0,142,0,45,110,0,155,228,0,228,383
04/03/2015,OXR,CA,AWP,WE,Federal Contract Tower,0,7,16,0,23,0,32,78,0,110,0,39,94,0,133,142,0,142,275
04/04/2015,OXR,CA,AWP,WE,Federal Contract Tower,0,5,19,0,24,0,25,134,0,159,0,30,153,0,183,308,0,308,491
04/05/2015,OXR,CA,AWP,WE,Federal Contract Tower,0,4,12,0,16,0,10,46,0,56,0,14,58,0,72,82,0,82,154
04/06/2015,OXR,CA,AWP,WE,Federal Contract Tower,0,1,21,0,22,0,4,49,0,53,0,5,70,0,75,54,0,54,129
04/07/2015,OXR,CA,AWP,WE,Federal Contract Tower,0,2,32,2,36,0,4,29,0,33,0,6,61,2,69,46,0,46,115
04/08/2015,OXR,CA,AWP,WE,Federal Contract Tower,0,1,8,0,9,0,11,63,2,76,0,12,71,2,85,72,0,72,157
04/09/2015,OXR,CA,AWP,WE,Federal Contract Tower,0,5,21,0,26,0,11,97,0,108,0,16,118,0,134,158,0,158,292
04/10/2015,OXR,CA,AWP,WE,Federal Contract Tower,0,5,28,0,33,0,28,116,0,144,0,33,144,0,177,160,0,160,337
04/11/2015,OXR,CA,AWP,WE,Federal Contract Tower,0,0,10,0,10,0,10,94,0,104,0,10,104,0,114,282,0,282,396
04/12/2015,OXR,CA,AWP,WE,Federal Contract Tower,0,0,16,0,16,0,6,86,0,92,0,6,102,0,108,202,0,202,310
04/13/2015,OXR,CA,AWP,WE,Federal Contract Tower,0,2,17,2,21,0,5,50,0,55,0,7,67,2,76,88,0,88,164
04/14/2015,OXR,CA,AWP,WE,Federal Contract Tower,0,1,17,0,18,0,6,60,0,66,0,7,77,0,84,108,0,108,192
04/15/2015,OXR,CA,AWP,WE,Federal Contract Tower,0,1,4,0,5,0,18,38,0,56,0,19,42,0,61,40,0,40,101
04/16/2015,OXR,CA,AWP,WE,Federal Contract Tower,0,2,9,0,11,0,4,59,0,63,0,6,68,0,74,86,0,86,160
04/17/2015,OXR,CA,AWP,WE,Federal Contract Tower,0,2,20,0,22,0,6,103,0,109,0,8,123,0,131,124,0,124,255
04/18/2015,OXR,CA,AWP,WE,Federal Contract Tower,0,2,10,0,12,0,1,102,0,103,0,3,112,0,115,156,0,156,271
04/19/2015,OXR,CA,AWP,WE,Federal Contract Tower,0,2,12,0,14,0,9,62,0,71,0,11,74,0,85,94,0,94,179
04/20/2015,OXR,CA,AWP,WE,Federal Contract Tower,0,6,24,0,30,0,10,37,0,47,0,16,61,0,77,78,0,78,155
04/21/2015,OXR,CA,AWP,WE,Federal Contract Tower,0,3,28,0,31,0,7,26,0,33,0,10,54,0,64,128,0,128,192
04/22/2015,OXR,CA,AWP,WE,Federal Contract Tower,0,4,34,0,38,0,12,32,0,44,0,16,66,0,82,58,0,58,140
04/23/2015,OXR,CA,AWP,WE,Federal Contract Tower,0,4,19,0,23,0,17,78,0,95,0,21,97,0,118,92,0,92,210
04/24/2015,OXR,CA,AWP,WE,Federal Contract Tower,0,5,35,0,40,0,15,55,0,70,0,20,90,0,110,114,0,114,224
04/25/2015,OXR,CA,AWP,WE,Federal Contract Tower,0,0,28,0,28,0,10,24,0,34,0,10,52,0,62,18,0,18,80
04/26/2015,OXR,CA,AWP,WE,Federal Contract Tower,0,0,4,0,4,0,8,80,0,88,0,8,84,0,92,112,0,112,204
04/27/2015,OXR,CA,AWP,WE,Federal Contract Tower,0,3,11,0,14,0,8,49,0,57,0,11,60,0,71,42,0,42,113
04/28/2015,OXR,CA,AWP,WE,Federal Contract Tower,0,0,22,0,22,0,17,72,0,89,0,17,94,0,111,150,0,150,261
04/29/2015,OXR,CA,AWP,WE,Federal Contract Tower,0,0,7,0,7,0,32,74,0,106,0,32,81,0,113,114,0,114,227
04/30/2015,OXR,CA,AWP,WE,Federal Contract Tower,0,7,10,0,17,0,26,107,0,133,0,33,117,0,150,118,0,118,268
05/01/2015,OXR,CA,AWP,WE,Federal Contract Tower,0,1,16,0,17,0,15,101,0,116,0,16,117,0,133,162,0,162,295
05/02/2015,OXR,CA,AWP,WE,Federal Contract Tower,0,0,5,0,5,0,6,60,0,66,0,6,65,0,71,96,0,96,167
05/03/2015,OXR,CA,AWP,WE,Federal Contract Tower,0,0,16,0,16,0,6,85,0,91,0,6,101,0,107,118,0,118,225
05/04/2015,OXR,CA,AWP,WE,Federal Contract Tower,0,3,24,0,27,0,3,42,0,45,0,6,66,0,72,76,0,76,148
05/05/2015,OXR,CA,AWP,WE,Federal Contract Tower,0,3,62,0,65,0,6,50,0,56,0,9,112,0,121,72,0,72,193
05/06/2015,OXR,CA,AWP,WE,Federal Contract Tower,0,4,26,0,30,0,6,38,0,44,0,10,64,0,74,86,0,86,160
05/07/2015,OXR,CA,AWP,WE,Federal Contract Tower,0,2,44,0,46,0,8,40,0,48,0,10,84,0,94,56,0,56,150
05/08/2015,OXR,CA,AWP,WE,Federal Contract Tower,0,3,36,0,39,0,14,42,2,58,0,17,78,2,97,76,0,76,173
05/09/2015,OXR,CA,AWP,WE,Federal Contract Tower,0,6,24,0,30,0,23,88,0,111,0,29,112,0,141,270,0,270,411
05/10/2015,OXR,CA,AWP,WE,Federal Contract Tower,0,0,10,0,10,0,16,67,0,83,0,16,77,0,93,110,0,110,203
05/11/2015,OXR,CA,AWP,WE,Federal Contract Tower,0,2,19,0,21,0,6,75,0,81,0,8,94,0,102,148,0,148,250
05/12/2015,OXR,CA,AWP,WE,Federal Contract Tower,0,4,21,0,25,0,8,46,0,54,0,12,67,0,79,60,0,60,139
05/13/2015,OXR,CA,AWP,WE,Federal Contract Tower,0,2,34,0,36,0,20,55,2,77,0,22,89,2,113,72,0,72,185
05/14/2015,OXR,CA,AWP,WE,Federal Contract Tower,0,4,42,0,46,0,12,23,0,35,0,16,65,0,81,28,0,28,109
05/15/2015,OXR,CA,AWP,WE,Federal Contract Tower,0,2,32,2,36,0,6,58,0,64,0,8,90,2,100,156,0,156,256
05/16/2015,OXR,CA,AWP,WE,Federal Contract Tower,0,1,16,0,17,0,11,75,0,86,0,12,91,0,103,44,0,44,147
05/17/2015,OXR,CA,AWP,WE,Federal Contract Tower,0,0,27,0,27,0,9,55,0,64,0,9,82,0,91,144,0,144,235
05/18/2015,OXR,CA,AWP,WE,Federal Contract Tower,0,3,20,0,23,0,8,49,0,57,0,11,69,0,80,88,0,88,168
05/19/2015,OXR,CA,AWP,WE,Federal Contract Tower,0,2,21,0,23,0,10,68,0,78,0,12,89,0,101,56,0,56,157
05/20/2015,OXR,CA,AWP,WE,Federal Contract Tower,0,2,26,0,28,0,9,68,0,77,0,11,94,0,105,68,0,68,173
05/21/2015,OXR,CA,AWP,WE,Federal Contract Tower,0,5,44,0,49,0,13,60,0,73,0,18,104,0,122,90,0,90,212
05/22/2015,OXR,CA,AWP,WE,Federal Contract Tower,0,2,34,0,36,0,15,76,0,91,0,17,110,0,127,144,0,144,271
05/23/2015,OXR,CA,AWP,WE,Federal Contract Tower,0,0,20,0,20,0,8,85,0,93,0,8,105,0,113,162,0,162,275
05/24/2015,OXR,CA,AWP,WE,Federal Contract Tower,0,0,28,0,28,0,10,63,0,73,0,10,91,0,101,174,0,174,275
05/25/2015,OXR,CA,AWP,WE,Federal Contract Tower,0,1,40,0,41,0,13,59,0,72,0,14,99,0,113,152,0,152,265
05/26/2015,OXR,CA,AWP,WE,Federal Contract Tower,0,6,44,0,50,0,12,36,0,48,0,18,80,0,98,66,0,66,164
05/27/2015,OXR,CA,AWP,WE,Federal Contract Tower,0,2,22,0,24,0,19,46,0,65,0,21,68,0,89,56,0,56,145
05/28/2015,OXR,CA,AWP,WE,Federal Contract Tower,0,5,34,2,41,0,7,77,0,84,0,12,111,2,125,76,0,76,201
05/29/2015,OXR,CA,AWP,WE,Federal Contract Tower,0,8,27,2,37,0,15,31,0,46,0,23,58,2,83,30,0,30,113
05/30/2015,OXR,CA,AWP,WE,Federal Contract Tower,0,3,46,0,49,0,5,11,0,16,0,8,57,0,65,0,0,0,65
05/31/2015,OXR,CA,AWP,WE,Federal Contract Tower,0,0,32,0,32,0,5,8,0,13,0,5,40,0,45,8,0,8,53
06/01/2015,OXR,CA,AWP,WE,Federal Contract Tower,0,9,18,0,27,0,14,50,0,64,0,23,68,0,91,44,0,44,135
06/02/2015,OXR,CA,AWP,WE,Federal Contract Tower,0,4,16,0,20,0,14,59,0,73,0,18,75,0,93,48,0,48,141
06/03/2015,OXR,CA,AWP,WE,Federal Contract Tower,0,5,44,0,49,0,12,30,0,42,0,17,74,0,91,64,0,64,155
06/04/2015,OXR,CA,AWP,WE,Federal Contract Tower,0,2,33,0,35,0,10,50,0,60,0,12,83,0,95,118,0,118,213
06/05/2015,OXR,CA,AWP,WE,Federal Contract Tower,0,6,32,0,38,0,13,96,0,109,0,19,128,0,147,146,0,146,293
06/06/2015,OXR,CA,AWP,WE,Federal Contract Tower,0,0,19,0,19,0,9,75,0,84,0,9,94,0,103,156,0,156,259
06/07/2015,OXR,CA,AWP,WE,Federal Contract Tower,0,0,26,0,26,0,13,43,0,56,0,13,69,0,82,40,0,40,122
06/08/2015,OXR,CA,AWP,WE,Federal Contract Tower,0,4,19,0,23,0,5,30,0,35,0,9,49,0,58,20,0,20,78
06/09/2015,OXR,CA,AWP,WE,Federal Contract Tower,0,2,21,2,25,0,13,27,2,42,0,15,48,4,67,12,30,42,109
06/10/2015,OXR,CA,AWP,WE,Federal Contract Tower,0,6,36,0,42,0,17,18,0,35,0,23,54,0,77,16,0,16,93
06/11/2015,OXR,CA,AWP,WE,Federal Contract Tower,0,14,53,0,67,0,2,24,0,26,0,16,77,0,93,58,0,58,151
06/12/2015,OXR,CA,AWP,WE,Federal Contract Tower,0,8,47,0,55,0,17,19,0,36,0,25,66,0,91,60,0,60,151
06/13/2015,OXR,CA,AWP,WE,Federal Contract Tower,0,1,56,0,57,0,7,17,0,24,0,8,73,0,81,10,0,10,91
06/14/2015,OXR,CA,AWP,WE,Federal Contract Tower,0,3,41,0,44,0,10,14,0,24,0,13,55,0,68,14,0,14,82
06/15/2015,OXR,CA,AWP,WE,Federal Contract Tower,0,10,40,0,50,0,2,12,0,14,0,12,52,0,64,6,0,6,70
06/16/2015,OXR,CA,AWP,WE,Federal Contract Tower,0,6,22,2,30,0,19,52,2,73,0,25,74,4,103,54,12,66,169
06/17/2015,OXR,CA,AWP,WE,Federal Contract Tower,0,15,67,2,84,0,0,1,0,1,0,15,68,2,85,0,0,0,85
06/18/2015,OXR,CA,AWP,WE,Federal Contract Tower,0,12,34,0,46,0,5,30,0,35,0,17,64,0,81,34,0,34,115
06/19/2015,OXR,CA,AWP,WE,Federal Contract Tower,0,2,16,0,18,0,11,105,0,116,0,13,121,0,134,184,0,184,318
06/20/2015,OXR,CA,AWP,WE,Federal Contract Tower,0,0,7,0,7,0,18,114,0,132,0,18,121,0,139,254,0,254,393
06/21/2015,OXR,CA,AWP,WE,Federal Contract Tower,0,2,8,0,10,0,43,42,0,85,0,45,50,0,95,72,0,72,167
06/22/2015,OXR,CA,AWP,WE,Federal Contract Tower,0,2,16,0,18,0,9,68,0,77,0,11,84,0,95,160,0,160,255
06/23/2015,OXR,CA,AWP,WE,Federal Contract Tower,0,3,14,0,17,0,13,84,0,97,0,16,98,0,114,152,0,152,266
06/24/2015,OXR,CA,AWP,WE,Federal Contract Tower,0,3,20,0,23,0,17,78,0,95,0,20,98,0,118,90,0,90,208
06/25/2015,OXR,CA,AWP,WE,Federal Contract Tower,0,15,20,0,35,0,13,18,0,31,0,28,38,0,66,10,0,10,76
06/26/2015,OXR,CA,AWP,WE,Federal Contract Tower,0,16,29,0,45,0,5,25,0,30,0,21,54,0,75,22,0,22,97
06/27/2015,OXR,CA,AWP,WE,Federal Contract Tower,0,3,15,0,18,0,7,73,0,80,0,10,88,0,98,100,0,100,198
06/28/2015,OXR,CA,AWP,WE,Federal Contract Tower,0,5,6,0,11,0,2,65,0,67,0,7,71,0,78,148,0,148,226
06/29/2015,OXR,CA,AWP,WE,Federal Contract Tower,0,10,14,0,24,0,38,67,0,105,0,48,81,0,129,162,0,162,291
06/30/2015,OXR,CA,AWP,WE,Federal Contract Tower,0,3,11,0,14,0,7,63,0,70,0,10,74,0,84,82,0,82,166
07/01/2015,OXR,CA,AWP,WE,Federal Contract Tower,0,2,11,0,13,0,9,76,0,85,0,11,87,0,98,106,0,106,204
07/02/2015,OXR,CA,AWP,WE,Federal Contract Tower,0,1,18,0,19,0,22,71,0,93,0,23,89,0,112,88,0,88,200
07/03/2015,OXR,CA,AWP,WE,Federal Contract Tower,0,6,28,0,34,0,1,25,0,26,0,7,53,0,60,32,0,32,92
07/04/2015,OXR,CA,AWP,WE,Federal Contract Tower,0,2,27,0,29,0,1,5,0,6,0,3,32,0,35,10,0,10,45
07/05/2015,OXR,CA,AWP,WE,Federal Contract Tower,0,0,28,0,28,0,1,28,0,29,0,1,56,0,57,74,0,74,131
07/06/2015,OXR,CA,AWP,WE,Federal Contract Tower,0,3,53,0,56,0,7,24,0,31,0,10,77,0,87,70,0,70,157
07/07/2015,OXR,CA,AWP,WE,Federal Contract Tower,0,2,19,1,22,0,20,22,0,42,0,22,41,1,64,58,0,58,122
07/08/2015,OXR,CA,AWP,WE,Federal Contract Tower,0,4,27,2,33,0,4,35,0,39,0,8,62,2,72,92,0,92,164
07/09/2015,OXR,CA,AWP,WE,Federal Contract Tower,0,3,31,0,34,0,13,69,0,82,0,16,100,0,116,158,0,158,274
07/10/2015,OXR,CA,AWP,WE,Federal Contract Tower,0,3,20,0,23,0,8,119,0,127,0,11,139,0,150,206,16,222,372
07/11/2015,OXR,CA,AWP,WE,Federal Contract Tower,0,0,19,0,19,0,2,98,4,104,0,2,117,4,123,208,0,208,331
07/12/2015,OXR,CA,AWP,WE,Federal Contract Tower,0,0,14,0,14,0,9,103,0,112,0,9,117,0,126,236,0,236,362
07/13/2015,OXR,CA,AWP,WE,Federal Contract Tower,0,1,21,0,22,0,6,68,0,74,0,7,89,0,96,124,0,124,220
07/14/2015,OXR,CA,AWP,WE,Federal Contract Tower,0,1,20,0,21,0,10,36,4,50,0,11,56,4,71,52,0,52,123
07/15/2015,OXR,CA,AWP,WE,Federal Contract Tower,0,3,14,0,17,0,5,61,0,66,0,8,75,0,83,110,0,110,193
07/16/2015,OXR,CA,AWP,WE,Federal Contract Tower,0,2,12,0,14,0,26,101,0,127,0,28,113,0,141,162,0,162,303
07/17/2015,OXR,CA,AWP,WE,Federal Contract Tower,0,6,56,0,62,0,6,54,0,60,0,12,110,0,122,96,0,96,218
07/18/2015,OXR,CA,AWP,WE,Federal Contract Tower,0,0,10,0,10,0,6,55,6,67,0,6,65,6,77,122,0,122,199
07/19/2015,OXR,CA,AWP,WE,Federal Contract Tower,0,0,15,0,15,0,2,55,0,57,0,2,70,0,72,162,0,162,234
07/20/2015,OXR,CA,AWP,WE,Federal Contract Tower,0,3,18,0,21,0,3,35,0,38,0,6,53,0,59,32,0,32,91
07/21/2015,OXR,CA,AWP,WE,Federal Contract Tower,0,7,20,0,27,0,14,15,0,29,0,21,35,0,56,8,0,8,64
07/22/2015,OXR,CA,AWP,WE,Federal Contract Tower,0,2,18,0,20,0,9,27,0,36,0,11,45,0,56,74,0,74,130
07/23/2015,OXR,CA,AWP,WE,Federal Contract Tower,0,1,16,0,17,0,5,42,0,47,0,6,58,0,64,106,0,106,170
07/24/2015,OXR,CA,AWP,WE,Federal Contract Tower,0,2,18,0,20,0,7,68,0,75,0,9,86,0,95,92,0,92,187
07/25/2015,OXR,CA,AWP,WE,Federal Contract Tower,0,0,13,0,13,1,114,4,0,119,1,114,17,0,132,204,0,204,336
07/26/2015,OXR,CA,AWP,WE,Federal Contract Tower,0,0,16,0,16,0,2,76,0,78,0,2,92,0,94,190,0,190,284
07/27/2015,OXR,CA,AWP,WE,Federal Contract Tower,0,1,19,0,20,0,6,72,0,78,0,7,91,0,98,70,0,70,168
07/28/2015,OXR,CA,AWP,WE,Federal Contract Tower,0,3,31,0,34,0,7,51,0,58,0,10,82,0,92,122,0,122,214
07/29/2015,OXR,CA,AWP,WE,Federal Contract Tower,0,8,44,0,52,0,4,40,0,44,0,12,84,0,96,40,0,40,136
07/30/2015,OXR,CA,AWP,WE,Federal Contract Tower,0,8,22,0,30,0,19,64,0,83,0,27,86,0,113,140,0,140,253
07/31/2015,OXR,CA,AWP,WE,Federal Contract Tower,0,3,32,0,35,0,18,78,0,96,0,21,110,0,131,108,0,108,239
08/01/2015,OXR,CA,AWP,WE,Federal Contract Tower,0,0,10,0,10,0,0,55,0,55,0,0,65,0,65,80,0,80,145
08/02/2015,OXR,CA,AWP,WE,Federal Contract Tower,0,2,9,0,11,0,5,65,0,70,0,7,74,0,81,106,0,106,187
08/03/2015,OXR,CA,AWP,WE,Federal Contract Tower,0,2,22,0,24,0,13,57,0,70,0,15,79,0,94,52,0,52,146
08/04/2015,OXR,CA,AWP,WE,Federal Contract Tower,0,4,6,0,10,0,16,74,0,90,0,20,80,0,100,120,0,120,220
08/05/2015,OXR,CA,AWP,WE,Federal Contract Tower,0,4,13,0,17,0,14,75,4,93,0,18,88,4,110,76,0,76,186
08/06/2015,OXR,CA,AWP,WE,Federal Contract Tower,0,6,18,0,24,0,20,82,0,102,0,26,100,0,126,128,0,128,254
08/07/2015,OXR,CA,AWP,WE,Federal Contract Tower,0,2,16,0,18,0,15,50,0,65,0,17,66,0,83,50,0,50,133
08/08/2015,OXR,CA,AWP,WE,Federal Contract Tower,0,1,24,0,25,0,2,64,0,66,0,3,88,0,91,194,0,194,285
08/09/2015,OXR,CA,AWP,WE,Federal Contract Tower,0,3,25,0,28,0,18,67,0,85,0,21,92,0,113,58,0,58,171
08/10/2015,OXR,CA,AWP,WE,Federal Contract Tower,0,5,25,0,30,0,29,52,0,81,0,34,77,0,111,112,0,112,223
08/11/2015,OXR,CA,AWP,WE,Federal Contract Tower,0,4,17,0,21,0,38,66,0,104,0,42,83,0,125,26,0,26,151
08/12/2015,OXR,CA,AWP,WE,Federal Contract Tower,0,1,14,0,15,0,14,49,0,63,0,15,63,0,78,78,0,78,156
08/13/2015,OXR,CA,AWP,WE,Federal Contract Tower,0,1,8,0,9,0,10,69,0,79,0,11,77,0,88,122,0,122,210
08/14/2015,OXR,CA,AWP,WE,Federal Contract Tower,0,1,20,0,21,0,16,75,0,91,0,17,95,0,112,194,0,194,306
08/15/2015,OXR,CA,AWP,WE,Federal Contract Tower,0,0,11,0,11,0,3,100,0,103,0,3,111,0,114,266,0,266,380
08/16/2015,OXR,CA,AWP,WE,Federal Contract Tower,0,2,7,0,9,0,5,71,0,76,0,7,78,0,85,172,0,172,257
08/17/2015,OXR,CA,AWP,WE,Federal Contract Tower,0,4,24,0,28,0,11,21,0,32,0,15,45,0,60,20,0,20,80
08/18/2015,OXR,CA,AWP,WE,Federal Contract Tower,0,3,23,0,26,0,16,47,0,63,0,19,70,0,89,80,0,80,169
08/19/2015,OXR,CA,AWP,WE,Federal Contract Tower,0,13,40,0,53,0,7,24,0,31,0,20,64,0,84,64,0,64,148
08/20/2015,OXR,CA,AWP,WE,Federal Contract Tower,0,3,27,10,40,0,5,41,1,47,0,8,68,11,87,72,0,72,159
08/21/2015,OXR,CA,AWP,WE,Federal Contract Tower,0,2,34,0,36,0,9,66,0,75,0,11,100,0,111,128,0,128,239
08/22/2015,OXR,CA,AWP,WE,Federal Contract Tower,0,0,23,0,23,0,1,44,0,45,0,1,67,0,68,68,0,68,136
08/23/2015,OXR,CA,AWP,WE,Federal Contract Tower,0,2,12,0,14,0,1,59,0,60,0,3,71,0,74,148,0,148,222
08/24/2015,OXR,CA,AWP,WE,Federal Contract Tower,0,5,11,0,16,0,1,53,0,54,0,6,64,0,70,40,0,40,110
08/25/2015,OXR,CA,AWP,WE,Federal Contract Tower,0,2,25,0,27,0,31,33,0,64,0,33,58,0,91,50,0,50,141
08/26/2015,OXR,CA,AWP,WE,Federal Contract Tower,0,2,16,0,18,0,9,73,0,82,0,11,89,0,100,156,0,156,256
08/27/2015,OXR,CA,AWP,WE,Federal Contract Tower,0,2,11,0,13,0,4,90,0,94,0,6,101,0,107,196,0,196,303
08/28/2015,OXR,CA,AWP,WE,Federal Contract Tower,0,5,14,0,19,0,30,101,2,133,0,35,115,2,152,260,8,268,420
08/29/2015,OXR,CA,AWP,WE,Federal Contract Tower,0,1,12,0,13,0,7,84,0,91,0,8,96,0,104,286,0,286,390
08/30/2015,OXR,CA,AWP,WE,Federal Contract Tower,0,1,11,0,12,0,6,75,0,81,0,7,86,0,93,134,0,134,227
08/31/2015,OXR,CA,AWP,WE,Federal Contract Tower,0,2,18,0,20,0,14,56,0,70,0,16,74,0,90,136,0,136,226
09/01/2015,OXR,CA,AWP,WE,Federal Contract Tower,0,3,15,0,18,0,12,66,0,78,0,15,81,0,96,76,0,76,172
09/02/2015,OXR,CA,AWP,WE,Federal Contract Tower,0,2,24,0,26,0,8,69,0,77,0,10,93,0,103,78,0,78,181
09/03/2015,OXR,CA,AWP,WE,Federal Contract Tower,0,1,13,0,14,0,22,49,0,71,0,23,62,0,85,62,0,62,147
09/04/2015,OXR,CA,AWP,WE,Federal Contract Tower,0,1,13,1,15,0,4,73,0,77,0,5,86,1,92,110,0,110,202
09/05/2015,OXR,CA,AWP,WE,Federal Contract Tower,0,0,7,0,7,0,3,113,0,116,0,3,120,0,123,244,0,244,367
09/06/2015,OXR,CA,AWP,WE,Federal Contract Tower,0,3,11,0,14,0,12,62,0,74,0,15,73,0,88,124,0,124,212
09/07/2015,OXR,CA,AWP,WE,Federal Contract Tower,0,1,12,0,13,0,3,82,0,85,0,4,94,0,98,120,0,120,218
09/08/2015,OXR,CA,AWP,WE,Federal Contract Tower,0,6,11,0,17,0,9,57,0,66,0,15,68,0,83,80,0,80,163
09/09/2015,OXR,CA,AWP,WE,Federal Contract Tower,0,3,13,0,16,0,34,68,0,102,0,37,81,0,118,106,0,106,224
09/10/2015,OXR,CA,AWP,WE,Federal Contract Tower,0,4,11,0,15,0,12,77,0,89,0,16,88,0,104,168,0,168,272
09/11/2015,OXR,CA,AWP,WE,Federal Contract Tower,0,2,12,0,14,0,14,53,0,67,0,16,65,0,81,82,0,82,163
09/12/2015,OXR,CA,AWP,WE,Federal Contract Tower,0,2,11,0,13,0,1,76,0,77,0,3,87,0,90,178,0,178,268
09/13/2015,OXR,CA,AWP,WE,Federal Contract Tower,0,2,6,0,8,0,2,53,0,55,0,4,59,0,63,144,0,144,207
09/14/2015,OXR,CA,AWP,WE,Federal Contract Tower,0,4,25,0,29,0,8,23,0,31,0,12,48,0,60,36,0,36,96
09/15/2015,OXR,CA,AWP,WE,Federal Contract Tower,0,7,33,2,42,0,2,15,0,17,0,9,48,2,59,52,0,52,111
09/16/2015,OXR,CA,AWP,WE,Federal Contract Tower,0,6,27,0,33,0,5,59,0,64,0,11,86,0,97,114,0,114,211
09/17/2015,OXR,CA,AWP,WE,Federal Contract Tower,0,2,17,0,19,0,11,60,2,73,0,13,77,2,92,98,0,98,190
09/18/2015,OXR,CA,AWP,WE,Federal Contract Tower,0,5,22,0,27,0,7,92,0,99,0,12,114,0,126,182,0,182,308
09/19/2015,OXR,CA,AWP,WE,Federal Contract Tower,0,0,11,0,11,0,0,84,0,84,0,0,95,0,95,204,0,204,299
09/20/2015,OXR,CA,AWP,WE,Federal Contract Tower,0,0,3,0,3,0,18,74,0,92,0,18,77,0,95,98,0,98,193
09/21/2015,OXR,CA,AWP,WE,Federal Contract Tower,0,2,15,0,17,0,3,34,0,37,0,5,49,0,54,28,0,28,82
09/22/2015,OXR,CA,AWP,WE,Federal Contract Tower,0,8,16,0,24,0,44,40,0,84,0,52,56,0,108,64,0,64,172
09/23/2015,OXR,CA,AWP,WE,Federal Contract Tower,0,2,13,0,15,0,12,57,0,69,0,14,70,0,84,132,0,132,216
09/24/2015,OXR,CA,AWP,WE,Federal Contract Tower,0,2,11,0,13,0,7,58,0,65,0,9,69,0,78,194,0,194,272
09/25/2015,OXR,CA,AWP,WE,Federal Contract Tower,0,5,9,0,14,0,5,52,0,57,0,10,61,0,71,78,0,78,149
09/26/2015,OXR,CA,AWP,WE,Federal Contract Tower,0,2,1,0,3,0,2,52,0,54,0,4,53,0,57,164,0,164,221
09/27/2015,OXR,CA,AWP,WE,Federal Contract Tower,0,2,1,0,3,0,3,50,0,53,0,5,51,0,56,96,0,96,152
09/28/2015,OXR,CA,AWP,WE,Federal Contract Tower,0,2,10,2,14,0,15,54,0,69,0,17,64,2,83,148,0,148,231
09/29/2015,OXR,CA,AWP,WE,Federal Contract Tower,0,3,10,0,13,0,11,73,0,84,0,14,83,0,97,108,0,108,205
09/30/2015,OXR,CA,AWP,WE,Federal Contract Tower,0,1,15,0,16,0,14,87,0,101,0,15,102,0,117,64,0,64,181
10/01/2015,OXR,CA,AWP,WE,Federal Contract Tower,0,1,18,0,19,0,10,87,6,103,0,11,105,6,122,170,0,170,292
10/02/2015,OXR,CA,AWP,WE,Federal Contract Tower,0,3,2,0,5,0,11,72,0,83,0,14,74,0,88,150,0,150,238
10/03/2015,OXR,CA,AWP,WE,Federal Contract Tower,0,0,11,0,11,0,7,77,0,84,0,7,88,0,95,260,0,260,355
10/04/2015,OXR,CA,AWP,WE,Federal Contract Tower,0,0,32,0,32,0,3,15,0,18,0,3,47,0,50,14,0,14,64
10/05/2015,OXR,CA,AWP,WE,Federal Contract Tower,0,2,22,0,24,0,9,47,2,58,0,11,69,2,82,106,10,116,198
10/06/2015,OXR,CA,AWP,WE,Federal Contract Tower,0,0,0,0,0,0,0,0,0,0,0,0,0,0,0,0,0,0,0
10/07/2015,OXR,CA,AWP,WE,Federal Contract Tower,0,4,11,0,15,0,7,83,0,90,0,11,94,0,105,140,0,140,245
10/08/2015,OXR,CA,AWP,WE,Federal Contract Tower,0,2,13,0,15,0,8,114,0,122,0,10,127,0,137,200,0,200,337
10/09/2015,OXR,CA,AWP,WE,Federal Contract Tower,0,4,11,0,15,0,4,63,0,67,0,8,74,0,82,92,0,92,174
10/10/2015,OXR,CA,AWP,WE,Federal Contract Tower,0,0,11,0,11,0,5,55,0,60,0,5,66,0,71,192,0,192,263
10/11/2015,OXR,CA,AWP,WE,Federal Contract Tower,0,6,11,0,17,0,5,69,0,74,0,11,80,0,91,198,0,198,289
10/12/2015,OXR,CA,AWP,WE,Federal Contract Tower,0,3,7,0,10,0,11,50,0,61,0,14,57,0,71,60,0,60,131
10/13/2015,OXR,CA,AWP,WE,Federal Contract Tower,0,1,14,0,15,0,4,67,0,71,0,5,81,0,86,126,0,126,212
10/14/2015,OXR,CA,AWP,WE,Federal Contract Tower,0,17,45,0,62,0,3,9,0,12,0,20,54,0,74,10,0,10,84
10/15/2015,OXR,CA,AWP,WE,Federal Contract Tower,0,6,42,0,48,0,7,20,0,27,0,13,62,0,75,40,0,40,115
10/16/2015,OXR,CA,AWP,WE,Federal Contract Tower,0,4,47,0,51,0,15,11,0,26,0,19,58,0,77,60,0,60,137
10/17/2015,OXR,CA,AWP,WE,Federal Contract Tower,0,1,30,0,31,0,2,54,0,56,0,3,84,0,87,110,0,110,197
10/18/2015,OXR,CA,AWP,WE,Federal Contract Tower,0,5,30,0,35,0,3,38,0,41,0,8,68,0,76,102,0,102,178
10/19/2015,OXR,CA,AWP,WE,Federal Contract Tower,0,2,5,0,7,0,14,62,0,76,0,16,67,0,83,118,0,118,201
10/20/2015,OXR,CA,AWP,WE,Federal Contract Tower,0,2,19,0,21,0,15,0,0,15,0,17,19,0,36,80,0,80,116
10/21/2015,OXR,CA,AWP,WE,Federal Contract Tower,0,1,7,0,8,0,9,72,0,81,0,10,79,0,89,62,0,62,151
10/22/2015,OXR,CA,AWP,WE,Federal Contract Tower,0,7,34,0,41,0,15,70,0,85,0,22,104,0,126,114,0,114,240
10/23/2015,OXR,CA,AWP,WE,Federal Contract Tower,0,6,15,0,21,0,10,75,0,85,0,16,90,0,106,114,0,114,220
10/24/2015,OXR,CA,AWP,WE,Federal Contract Tower,0,0,9,0,9,0,3,92,0,95,0,3,101,0,104,106,0,106,210
10/25/2015,OXR,CA,AWP,WE,Federal Contract Tower,0,4,14,0,18,0,4,57,0,61,0,8,71,0,79,132,0,132,211
10/26/2015,OXR,CA,AWP,WE,Federal Contract Tower,0,5,7,0,12,0,4,59,0,63,0,9,66,0,75,64,0,64,139
10/27/2015,OXR,CA,AWP,WE,Federal Contract Tower,0,2,14,0,16,0,13,43,0,56,0,15,57,0,72,96,0,96,168
10/28/2015,OXR,CA,AWP,WE,Federal Contract Tower,0,3,15,0,18,0,9,54,4,67,0,12,69,4,85,82,16,98,183
10/29/2015,OXR,CA,AWP,WE,Federal Contract Tower,0,2,6,0,8,0,4,79,0,83,0,6,85,0,91,116,0,116,207
10/30/2015,OXR,CA,AWP,WE,Federal Contract Tower,0,2,5,0,7,0,16,42,0,58,0,18,47,0,65,116,0,116,181
10/31/2015,OXR,CA,AWP,WE,Federal Contract Tower,0,4,3,0,7,0,2,89,0,91,0,6,92,0,98,112,0,112,210
11/01/2015,OXR,CA,AWP,WE,Federal Contract Tower,0,1,25,0,26,0,4,87,0,91,0,5,112,0,117,148,0,148,265
11/02/2015,OXR,CA,AWP,WE,Federal Contract Tower,0,4,13,0,17,0,11,5,14,30,0,15,18,14,47,28,0,28,75
11/03/2015,OXR,CA,AWP,WE,Federal Contract Tower,0,3,16,1,20,0,11,44,1,56,0,14,60,2,76,18,4,22,98
11/04/2015,OXR,CA,AWP,WE,Federal Contract Tower,0,3,19,0,22,0,4,37,0,41,0,7,56,0,63,74,0,74,137
11/05/2015,OXR,CA,AWP,WE,Federal Contract Tower,0,1,34,0,35,0,9,88,0,97,0,10,122,0,132,144,0,144,276
11/06/2015,OXR,CA,AWP,WE,Federal Contract Tower,0,7,12,0,19,0,5,53,0,58,0,12,65,0,77,54,0,54,131
11/07/2015,OXR,CA,AWP,WE,Federal Contract Tower,0,1,18,0,19,0,6,83,0,89,0,7,101,0,108,152,0,152,260
11/08/2015,OXR,CA,AWP,WE,Federal Contract Tower,0,2,29,0,31,0,17,99,0,116,0,19,128,0,147,150,0,150,297
11/09/2015,OXR,CA,AWP,WE,Federal Contract Tower,0,3,11,0,14,0,6,48,0,54,0,9,59,0,68,82,0,82,150
11/10/2015,OXR,CA,AWP,WE,Federal Contract Tower,0,3,8,2,13,0,10,58,2,70,0,13,66,4,83,48,0,48,131
11/11/2015,OXR,CA,AWP,WE,Federal Contract Tower,0,1,16,0,17,0,9,45,0,54,0,10,61,0,71,188,0,188,259
11/12/2015,OXR,CA,AWP,WE,Federal Contract Tower,0,1,11,0,12,0,9,88,0,97,0,10,99,0,109,218,0,218,327
11/13/2015,OXR,CA,AWP,WE,Federal Contract Tower,0,1,18,0,19,0,10,75,0,85,0,11,93,0,104,182,0,182,286
11/14/2015,OXR,CA,AWP,WE,Federal Contract Tower,0,0,9,0,9,0,6,88,0,94,0,6,97,0,103,106,0,106,209
11/15/2015,OXR,CA,AWP,WE,Federal Contract Tower,0,0,35,0,35,0,4,32,0,36,0,4,67,0,71,74,0,74,145
11/16/2015,OXR,CA,AWP,WE,Federal Contract Tower,0,4,4,0,8,0,7,23,0,30,0,11,27,0,38,126,0,126,164
11/17/2015,OXR,CA,AWP,WE,Federal Contract Tower,0,1,1,2,4,0,12,52,0,64,0,13,53,2,68,96,0,96,164
11/18/2015,OXR,CA,AWP,WE,Federal Contract Tower,0,2,28,0,30,0,11,86,0,97,0,13,114,0,127,112,0,112,239
11/19/2015,OXR,CA,AWP,WE,Federal Contract Tower,0,1,16,0,17,0,6,83,0,89,0,7,99,0,106,168,0,168,274
11/20/2015,OXR,CA,AWP,WE,Federal Contract Tower,0,2,27,0,29,0,6,104,0,110,0,8,131,0,139,208,0,208,347
11/21/2015,OXR,CA,AWP,WE,Federal Contract Tower,0,0,7,0,7,0,0,63,2,65,0,0,70,2,72,86,0,86,158
11/22/2015,OXR,CA,AWP,WE,Federal Contract Tower,0,0,5,0,5,0,14,79,0,93,0,14,84,0,98,138,0,138,236
11/23/2015,OXR,CA,AWP,WE,Federal Contract Tower,0,2,13,0,15,0,6,73,2,81,0,8,86,2,96,122,0,122,218
11/24/2015,OXR,CA,AWP,WE,Federal Contract Tower,0,3,26,0,29,0,7,53,0,60,0,10,79,0,89,116,0,116,205
11/25/2015,OXR,CA,AWP,WE,Federal Contract Tower,0,2,4,0,6,0,6,42,0,48,0,8,46,0,54,54,0,54,108
11/26/2015,OXR,CA,AWP,WE,Federal Contract Tower,0,0,1,0,1,0,0,30,0,30,0,0,31,0,31,30,0,30,61
11/27/2015,OXR,CA,AWP,WE,Federal Contract Tower,0,2,14,0,16,0,2,60,0,62,0,4,74,0,78,68,0,68,146
11/28/2015,OXR,CA,AWP,WE,Federal Contract Tower,0,0,11,0,11,0,3,63,0,66,0,3,74,0,77,206,0,206,283
11/29/2015,OXR,CA,AWP,WE,Federal Contract Tower,0,2,6,0,8,0,16,65,2,83,0,18,71,2,91,230,18,248,339
11/30/2015,OXR,CA,AWP,WE,Federal Contract Tower,0,2,14,0,16,0,17,64,0,81,0,19,78,0,97,134,0,134,231
12/01/2015,OXR,CA,AWP,WE,Federal Contract Tower,0,1,8,0,9,0,11,66,0,77,0,12,74,0,86,96,0,96,182
12/02/2015,OXR,CA,AWP,WE,Federal Contract Tower,0,2,13,0,15,0,4,48,0,52,0,6,61,0,67,102,0,102,169
12/03/2015,OXR,CA,AWP,WE,Federal Contract Tower,0,2,24,0,26,0,9,68,0,77,0,11,92,0,103,118,0,118,221
12/04/2015,OXR,CA,AWP,WE,Federal Contract Tower,0,2,9,0,11,0,10,77,0,87,0,12,86,0,98,148,0,148,246
12/05/2015,OXR,CA,AWP,WE,Federal Contract Tower,0,0,16,0,16,0,13,83,0,96,0,13,99,0,112,164,0,164,276
12/06/2015,OXR,CA,AWP,WE,Federal Contract Tower,0,2,17,0,19,0,15,67,0,82,0,17,84,0,101,136,0,136,237
12/07/2015,OXR,CA,AWP,WE,Federal Contract Tower,0,4,8,0,12,0,13,52,0,65,0,17,60,0,77,120,0,120,197
12/08/2015,OXR,CA,AWP,WE,Federal Contract Tower,0,1,21,0,22,0,16,79,0,95,0,17,100,0,117,130,0,130,247
12/09/2015,OXR,CA,AWP,WE,Federal Contract Tower,0,1,13,0,14,0,43,47,0,90,0,44,60,0,104,74,0,74,178
12/10/2015,OXR,CA,AWP,WE,Federal Contract Tower,0,7,25,0,32,0,46,37,2,85,0,53,62,2,117,64,56,120,237
12/11/2015,OXR,CA,AWP,WE,Federal Contract Tower,0,6,13,0,19,0,24,24,0,48,0,30,37,0,67,16,0,16,83
12/12/2015,OXR,CA,AWP,WE,Federal Contract Tower,0,0,4,0,4,0,10,79,0,89,0,10,83,0,93,136,0,136,229
12/13/2015,OXR,CA,AWP,WE,Federal Contract Tower,0,3,12,0,15,0,17,59,0,76,0,20,71,0,91,160,0,160,251
12/14/2015,OXR,CA,AWP,WE,Federal Contract Tower,0,2,8,0,10,0,10,25,0,35,0,12,33,0,45,38,0,38,83
12/15/2015,OXR,CA,AWP,WE,Federal Contract Tower,0,1,20,0,21,0,17,65,0,82,0,18,85,0,103,94,0,94,197
12/16/2015,OXR,CA,AWP,WE,Federal Contract Tower,0,3,15,0,18,0,8,57,0,65,0,11,72,0,83,104,0,104,187
12/17/2015,OXR,CA,AWP,WE,Federal Contract Tower,0,2,29,2,33,0,30,71,0,101,0,32,100,2,134,148,0,148,282
12/18/2015,OXR,CA,AWP,WE,Federal Contract Tower,0,1,11,0,12,0,2,77,0,79,0,3,88,0,91,140,0,140,231
12/19/2015,OXR,CA,AWP,WE,Federal Contract Tower,0,4,31,0,35,0,6,27,0,33,0,10,58,0,68,136,0,136,204
12/20/2015,OXR,CA,AWP,WE,Federal Contract Tower,0,1,9,0,10,0,10,45,0,55,0,11,54,0,65,120,0,120,185
12/21/2015,OXR,CA,AWP,WE,Federal Contract Tower,0,4,28,0,32,0,12,32,4,48,0,16,60,4,80,102,0,102,182
12/22/2015,OXR,CA,AWP,WE,Federal Contract Tower,0,3,4,4,11,0,3,1,0,4,0,6,5,4,15,0,0,0,15
12/23/2015,OXR,CA,AWP,WE,Federal Contract Tower,0,2,9,0,11,0,7,36,0,43,0,9,45,0,54,12,0,12,66
12/24/2015,OXR,CA,AWP,WE,Federal Contract Tower,0,3,15,0,18,0,5,65,0,70,0,8,80,0,88,50,0,50,138
12/25/2015,OXR,CA,AWP,WE,Federal Contract Tower,0,2,1,0,3,0,0,11,0,11,0,2,12,0,14,0,0,0,14
12/26/2015,OXR,CA,AWP,WE,Federal Contract Tower,0,0,5,0,5,0,4,41,0,45,0,4,46,0,50,100,0,100,150
12/27/2015,OXR,CA,AWP,WE,Federal Contract Tower,0,0,4,0,4,0,2,55,0,57,0,2,59,0,61,80,0,80,141
12/28/2015,OXR,CA,AWP,WE,Federal Contract Tower,0,4,8,0,12,0,6,51,0,57,0,10,59,0,69,106,0,106,175
12/29/2015,OXR,CA,AWP,WE,Federal Contract Tower,0,3,5,0,8,0,4,66,0,70,0,7,71,0,78,168,0,168,246
12/30/2015,OXR,CA,AWP,WE,Federal Contract Tower,0,1,10,0,11,0,4,56,0,60,0,5,66,0,71,80,0,80,151
12/31/2015,OXR,CA,AWP,WE,Federal Contract Tower,0,2,7,0,9,0,3,29,0,32,0,5,36,0,41,22,0,22,63
01/01/2016,OXR,CA,AWP,WE,Federal Contract Tower,0,0,4,0,4,0,1,40,0,41,0,1,44,0,45,60,0,60,105
01/02/2016,OXR,CA,AWP,WE,Federal Contract Tower,0,0,12,0,12,0,3,88,0,91,0,3,100,0,103,196,0,196,299
01/03/2016,OXR,CA,AWP,WE,Federal Contract Tower,0,0,5,0,5,0,10,55,0,65,0,10,60,0,70,120,0,120,190
01/04/2016,OXR,CA,AWP,WE,Federal Contract Tower,0,2,8,0,10,0,6,53,0,59,0,8,61,0,69,128,0,128,197
01/05/2016,OXR,CA,AWP,WE,Federal Contract Tower,0,5,10,0,15,0,0,4,0,4,0,5,14,0,19,12,0,12,31
01/06/2016,OXR,CA,AWP,WE,Federal Contract Tower,0,4,8,0,12,0,0,0,0,0,0,4,8,0,12,0,0,0,12
01/07/2016,OXR,CA,AWP,WE,Federal Contract Tower,0,2,14,0,16,0,20,32,0,52,0,22,46,0,68,48,0,48,116
01/08/2016,OXR,CA,AWP,WE,Federal Contract Tower,0,2,11,0,13,0,11,68,0,79,0,13,79,0,92,138,0,138,230
01/09/2016,OXR,CA,AWP,WE,Federal Contract Tower,0,0,18,0,18,0,0,36,2,38,0,0,54,2,56,78,20,98,154
01/10/2016,OXR,CA,AWP,WE,Federal Contract Tower,0,0,18,0,18,0,6,41,0,47,0,6,59,0,65,50,0,50,115
01/11/2016,OXR,CA,AWP,WE,Federal Contract Tower,0,2,25,0,27,0,8,54,0,62,0,10,79,0,89,52,0,52,141
01/12/2016,OXR,CA,AWP,WE,Federal Contract Tower,0,2,14,2,18,0,9,78,8,95,0,11,92,10,113,80,16,96,209
01/13/2016,OXR,CA,AWP,WE,Federal Contract Tower,0,5,26,0,31,0,2,12,0,14,0,7,38,0,45,22,0,22,67
01/14/2016,OXR,CA,AWP,WE,Federal Contract Tower,0,2,26,0,28,0,22,66,2,90,0,24,92,2,118,68,20,88,206
01/15/2016,OXR,CA,AWP,WE,Federal Contract Tower,0,8,22,0,30,0,14,41,0,55,0,22,63,0,85,118,0,118,203
01/16/2016,OXR,CA,AWP,WE,Federal Contract Tower,0,0,16,0,16,0,6,58,0,64,0,6,74,0,80,146,0,146,226
01/17/2016,OXR,CA,AWP,WE,Federal Contract Tower,0,2,24,0,26,0,4,54,0,58,0,6,78,0,84,94,0,94,178
01/18/2016,OXR,CA,AWP,WE,Federal Contract Tower,0,6,38,0,44,0,0,0,0,0,0,6,38,0,44,0,0,0,44
01/19/2016,OXR,CA,AWP,WE,Federal Contract Tower,0,5,33,0,38,0,14,4,0,18,0,19,37,0,56,10,0,10,66
01/20/2016,OXR,CA,AWP,WE,Federal Contract Tower,0,3,36,0,39,0,25,38,2,65,0,28,74,2,104,52,16,68,172
01/21/2016,OXR,CA,AWP,WE,Federal Contract Tower,0,3,10,0,13,0,25,77,0,102,0,28,87,0,115,54,0,54,169
01/22/2016,OXR,CA,AWP,WE,Federal Contract Tower,0,2,11,0,13,0,18,63,0,81,0,20,74,0,94,86,0,86,180
01/23/2016,OXR,CA,AWP,WE,Federal Contract Tower,0,4,65,0,69,0,0,24,0,24,0,4,89,0,93,80,0,80,173
01/24/2016,OXR,CA,AWP,WE,Federal Contract Tower,0,0,8,0,8,0,1,90,0,91,0,1,98,0,99,252,0,252,351
01/25/2016,OXR,CA,AWP,WE,Federal Contract Tower,0,2,18,0,20,0,6,64,0,70,0,8,82,0,90,106,0,106,196
01/26/2016,OXR,CA,AWP,WE,Federal Contract Tower,0,2,3,0,5,0,17,21,0,38,0,19,24,0,43,26,0,26,69
01/27/2016,OXR,CA,AWP,WE,Federal Contract Tower,0,2,12,0,14,0,14,77,0,91,0,16,89,0,105,170,0,170,275
01/28/2016,OXR,CA,AWP,WE,Federal Contract Tower,0,3,24,0,27,0,3,105,0,108,0,6,129,0,135,156,0,156,291
01/29/2016,OXR,CA,AWP,WE,Federal Contract Tower,0,1,17,0,18,0,14,121,0,135,0,15,138,0,153,176,0,176,329
01/30/2016,OXR,CA,AWP,WE,Federal Contract Tower,0,4,36,0,40,0,1,8,0,9,0,5,44,0,49,18,0,18,67
01/31/2016,OXR,CA,AWP,WE,Federal Contract Tower,0,0,5,0,5,0,0,0,0,0,0,0,5,0,5,0,0,0,5
02/01/2016,OXR,CA,AWP,WE,Federal Contract Tower,0,3,4,0,7,0,0,18,0,18,0,3,22,0,25,20,0,20,45
02/02/2016,OXR,CA,AWP,WE,Federal Contract Tower,0,2,10,0,12,0,17,52,2,71,0,19,62,2,83,78,12,90,173
02/03/2016,OXR,CA,AWP,WE,Federal Contract Tower,0,2,12,0,14,0,19,75,0,94,0,21,87,0,108,136,0,136,244
02/04/2016,OXR,CA,AWP,WE,Federal Contract Tower,0,1,9,0,10,0,19,79,4,102,0,20,88,4,112,208,16,224,336
02/05/2016,OXR,CA,AWP,WE,Federal Contract Tower,0,3,13,0,16,0,5,57,0,62,0,8,70,0,78,44,0,44,122
02/06/2016,OXR,CA,AWP,WE,Federal Contract Tower,0,1,5,0,6,0,0,60,0,60,0,1,65,0,66,116,0,116,182
02/07/2016,OXR,CA,AWP,WE,Federal Contract Tower,0,0,3,0,3,0,7,17,0,24,0,7,20,0,27,16,0,16,43
02/08/2016,OXR,CA,AWP,WE,Federal Contract Tower,0,4,13,0,17,0,0,21,0,21,0,4,34,0,38,8,0,8,46
02/09/2016,OXR,CA,AWP,WE,Federal Contract Tower,0,2,9,0,11,0,4,64,0,68,0,6,73,0,79,148,0,148,227
02/10/2016,OXR,CA,AWP,WE,Federal Contract Tower,0,2,8,0,10,0,4,97,0,101,0,6,105,0,111,186,0,186,297
02/11/2016,OXR,CA,AWP,WE,Federal Contract Tower,0,3,10,0,13,0,11,76,0,87,0,14,86,0,100,162,0,162,262
02/12/2016,OXR,CA,AWP,WE,Federal Contract Tower,0,3,9,0,12,0,13,74,0,87,0,16,83,0,99,148,0,148,247
02/13/2016,OXR,CA,AWP,WE,Federal Contract Tower,0,0,17,0,17,0,14,93,2,109,0,14,110,2,126,154,0,154,280
02/14/2016,OXR,CA,AWP,WE,Federal Contract Tower,0,1,5,2,8,0,17,61,0,78,0,18,66,2,86,104,0,104,190
02/15/2016,OXR,CA,AWP,WE,Federal Contract Tower,0,2,8,0,10,0,10,49,0,59,0,12,57,0,69,86,0,86,155
02/16/2016,OXR,CA,AWP,WE,Federal Contract Tower,0,1,14,0,15,0,8,93,0,101,0,9,107,0,116,176,0,176,292
02/17/2016,OXR,CA,AWP,WE,Federal Contract Tower,0,10,16,0,26,0,11,28,6,45,0,21,44,6,71,68,0,68,139
02/18/2016,OXR,CA,AWP,WE,Federal Contract Tower,0,5,7,0,12,0,5,53,0,58,0,10,60,0,70,170,0,170,240
02/19/2016,OXR,CA,AWP,WE,Federal Contract Tower,0,2,14,0,16,0,12,113,0,125,0,14,127,0,141,204,0,204,345
02/20/2016,OXR,CA,AWP,WE,Federal Contract Tower,0,0,8,0,8,0,9,124,0,133,0,9,132,0,141,236,0,236,377
02/21/2016,OXR,CA,AWP,WE,Federal Contract Tower,0,2,13,0,15,0,6,77,0,83,0,8,90,0,98,232,0,232,330
02/22/2016,OXR,CA,AWP,WE,Federal Contract Tower,0,3,7,0,10,0,7,62,0,69,0,10,69,0,79,124,0,124,203
02/23/2016,OXR,CA,AWP,WE,Federal Contract Tower,0,1,12,0,13,0,25,57,4,86,0,26,69,4,99,130,14,144,243
02/24/2016,OXR,CA,AWP,WE,Federal Contract Tower,0,2,6,0,8,0,15,77,0,92,0,17,83,0,100,68,0,68,168
02/25/2016,OXR,CA,AWP,WE,Federal Contract Tower,0,4,10,0,14,0,14,105,0,119,0,18,115,0,133,190,0,190,323
02/26/2016,OXR,CA,AWP,WE,Federal Contract Tower,0,6,9,4,19,0,5,62,0,67,0,11,71,4,86,144,0,144,230
02/27/2016,OXR,CA,AWP,WE,Federal Contract Tower,0,6,7,0,13,0,8,124,0,132,0,14,131,0,145,224,0,224,369
02/28/2016,OXR,CA,AWP,WE,Federal Contract Tower,0,0,19,0,19,0,10,110,0,120,0,10,129,0,139,324,0,324,463
02/29/2016,OXR,CA,AWP,WE,Federal Contract Tower,0,5,15,0,20,0,5,45,0,50,0,10,60,0,70,56,0,56,126
03/01/2016,OXR,CA,AWP,WE,Federal Contract Tower,0,7,21,0,28,0,6,27,0,33,0,13,48,0,61,2,0,2,63
03/02/2016,OXR,CA,AWP,WE,Federal Contract Tower,0,8,38,0,46,0,2,23,0,25,0,10,61,0,71,18,0,18,89
03/03/2016,OXR,CA,AWP,WE,Federal Contract Tower,0,4,21,0,25,0,9,45,0,54,0,13,66,0,79,124,0,124,203
03/04/2016,OXR,CA,AWP,WE,Federal Contract Tower,0,2,10,0,12,0,16,63,1,80,0,18,73,1,92,96,0,96,188
03/05/2016,OXR,CA,AWP,WE,Federal Contract Tower,0,0,38,0,38,0,5,7,0,12,0,5,45,0,50,26,0,26,76
03/06/2016,OXR,CA,AWP,WE,Federal Contract Tower,0,1,5,0,6,0,0,10,0,10,0,1,15,0,16,48,0,48,64
03/07/2016,OXR,CA,AWP,WE,Federal Contract Tower,0,2,4,0,6,0,2,17,0,19,0,4,21,0,25,2,0,2,27
03/08/2016,OXR,CA,AWP,WE,Federal Contract Tower,0,4,8,0,12,0,19,72,0,91,0,23,80,0,103,166,0,166,269
03/09/2016,OXR,CA,AWP,WE,Federal Contract Tower,0,3,31,0,34,0,6,104,0,110,0,9,135,0,144,180,0,180,324
03/10/2016,OXR,CA,AWP,WE,Federal Contract Tower,0,4,14,0,18,0,15,89,0,104,0,19,103,0,122,100,0,100,222
03/11/2016,OXR,CA,AWP,WE,Federal Contract Tower,0,2,14,0,16,0,1,14,0,15,0,3,28,0,31,52,0,52,83
03/12/2016,OXR,CA,AWP,WE,Federal Contract Tower,0,2,6,0,8,0,7,103,0,110,0,9,109,0,118,286,0,286,404
03/13/2016,OXR,CA,AWP,WE,Federal Contract Tower,0,4,22,0,26,0,5,39,0,44,0,9,61,0,70,164,0,164,234
03/14/2016,OXR,CA,AWP,WE,Federal Contract Tower,0,2,36,0,38,0,5,47,0,52,0,7,83,0,90,104,0,104,194
03/15/2016,OXR,CA,AWP,WE,Federal Contract Tower,0,6,10,0,16,0,17,110,0,127,0,23,120,0,143,220,0,220,363
03/16/2016,OXR,CA,AWP,WE,Federal Contract Tower,0,2,12,0,14,0,6,99,0,105,0,8,111,0,119,180,0,180,299
03/17/2016,OXR,CA,AWP,WE,Federal Contract Tower,0,2,12,0,14,0,6,101,2,109,0,8,113,2,123,164,0,164,287
03/18/2016,OXR,CA,AWP,WE,Federal Contract Tower,0,7,20,0,27,0,12,48,0,60,0,19,68,0,87,64,0,64,151
03/19/2016,OXR,CA,AWP,WE,Federal Contract Tower,0,3,39,0,42,0,9,25,0,34,0,12,64,0,76,102,0,102,178
03/20/2016,OXR,CA,AWP,WE,Federal Contract Tower,0,4,48,0,52,0,0,2,0,2,0,4,50,0,54,8,0,8,62
03/21/2016,OXR,CA,AWP,WE,Federal Contract Tower,0,3,39,0,42,0,14,28,0,42,0,17,67,0,84,74,0,74,158
03/22/2016,OXR,CA,AWP,WE,Federal Contract Tower,0,2,1,0,3,0,5,35,0,40,0,7,36,0,43,24,0,24,67
03/23/2016,OXR,CA,AWP,WE,Federal Contract Tower,0,2,10,0,12,0,19,62,0,81,0,21,72,0,93,92,0,92,185
03/24/2016,OXR,CA,AWP,WE,Federal Contract Tower,0,3,27,0,30,0,51,77,0,128,0,54,104,0,158,255,0,255,413
03/25/2016,OXR,CA,AWP,WE,Federal Contract Tower,0,5,14,0,19,0,38,96,0,134,0,43,110,0,153,146,0,146,299
03/26/2016,OXR,CA,AWP,WE,Federal Contract Tower,0,2,18,0,20,0,10,130,0,140,0,12,148,0,160,270,0,270,430
03/27/2016,OXR,CA,AWP,WE,Federal Contract Tower,0,5,14,0,19,0,6,49,0,55,0,11,63,0,74,108,0,108,182
03/28/2016,OXR,CA,AWP,WE,Federal Contract Tower,0,3,7,0,10,0,11,18,0,29,0,14,25,0,39,70,0,70,109
03/29/2016,OXR,CA,AWP,WE,Federal Contract Tower,0,2,7,0,9,0,5,45,0,50,0,7,52,0,59,38,0,38,97
03/30/2016,OXR,CA,AWP,WE,Federal Contract Tower,0,2,24,0,26,0,8,75,0,83,0,10,99,0,109,106,0,106,215
03/31/2016,OXR,CA,AWP,WE,Federal Contract Tower,0,5,18,0,23,0,15,99,0,114,0,20,117,0,137,182,0,182,319
04/01/2016,OXR,CA,AWP,WE,Federal Contract Tower,0,3,9,0,12,0,28,103,0,131,0,31,112,0,143,232,0,232,375
04/02/2016,OXR,CA,AWP,WE,Federal Contract Tower,0,1,23,0,24,0,3,103,0,106,0,4,126,0,130,222,0,222,352
04/03/2016,OXR,CA,AWP,WE,Federal Contract Tower,0,3,20,0,23,0,12,74,0,86,0,15,94,0,109,92,0,92,201
04/04/2016,OXR,CA,AWP,WE,Federal Contract Tower,0,4,16,0,20,0,23,42,0,65,0,27,58,0,85,126,0,126,211
04/05/2016,OXR,CA,AWP,WE,Federal Contract Tower,0,2,18,0,20,0,14,82,0,96,0,16,100,0,116,164,0,164,280
04/06/2016,OXR,CA,AWP,WE,Federal Contract Tower,0,2,13,0,15,0,20,77,0,97,0,22,90,0,112,54,0,54,166
04/07/2016,OXR,CA,AWP,WE,Federal Contract Tower,0,2,28,0,30,0,23,72,0,95,0,25,100,0,125,126,0,126,251
04/08/2016,OXR,CA,AWP,WE,Federal Contract Tower,0,3,19,0,22,0,0,0,0,0,0,3,19,0,22,0,0,0,22
04/09/2016,OXR,CA,AWP,WE,Federal Contract Tower,0,1,21,0,22,0,3,9,0,12,0,4,30,0,34,8,0,8,42
04/10/2016,OXR,CA,AWP,WE,Federal Contract Tower,0,0,27,0,27,0,14,65,0,79,0,14,92,0,106,218,0,218,324
04/11/2016,OXR,CA,AWP,WE,Federal Contract Tower,0,3,21,0,24,0,4,70,0,74,0,7,91,0,98,114,0,114,212
04/12/2016,OXR,CA,AWP,WE,Federal Contract Tower,0,3,17,0,20,0,15,93,4,112,0,18,110,4,132,96,0,96,228
04/13/2016,OXR,CA,AWP,WE,Federal Contract Tower,0,11,32,0,43,0,5,67,0,72,0,16,99,0,115,86,0,86,201
04/14/2016,OXR,CA,AWP,WE,Federal Contract Tower,0,6,25,0,31,0,4,81,0,85,0,10,106,0,116,106,0,106,222
04/15/2016,OXR,CA,AWP,WE,Federal Contract Tower,0,2,7,0,9,0,12,70,0,82,0,14,77,0,91,112,0,112,203
04/16/2016,OXR,CA,AWP,WE,Federal Contract Tower,0,2,9,0,11,0,10,100,0,110,0,12,109,0,121,148,0,148,269
04/17/2016,OXR,CA,AWP,WE,Federal Contract Tower,0,2,8,0,10,0,4,65,0,69,0,6,73,0,79,188,0,188,267
04/18/2016,OXR,CA,AWP,WE,Federal Contract Tower,0,2,7,0,9,0,12,80,0,92,0,14,87,0,101,264,0,264,365
04/19/2016,OXR,CA,AWP,WE,Federal Contract Tower,0,1,22,0,23,0,25,85,0,110,0,26,107,0,133,170,0,170,303
04/20/2016,OXR,CA,AWP,WE,Federal Contract Tower,0,1,10,0,11,0,19,88,0,107,0,20,98,0,118,154,0,154,272
04/21/2016,OXR,CA,AWP,WE,Federal Contract Tower,0,2,18,0,20,0,20,111,0,131,0,22,129,0,151,144,0,144,295
04/22/2016,OXR,CA,AWP,WE,Federal Contract Tower,0,2,13,0,15,0,9,67,0,76,0,11,80,0,91,106,0,106,197
04/23/2016,OXR,CA,AWP,WE,Federal Contract Tower,0,0,8,0,8,0,3,52,0,55,0,3,60,0,63,140,0,140,203
04/24/2016,OXR,CA,AWP,WE,Federal Contract Tower,0,2,8,0,10,0,11,83,6,100,0,13,91,6,110,156,16,172,282
04/25/2016,OXR,CA,AWP,WE,Federal Contract Tower,0,2,4,0,6,0,5,21,0,26,0,7,25,0,32,16,0,16,48
04/26/2016,OXR,CA,AWP,WE,Federal Contract Tower,0,3,11,0,14,0,15,76,0,91,0,18,87,0,105,188,0,188,293
04/27/2016,OXR,CA,AWP,WE,Federal Contract Tower,0,6,15,0,21,0,21,41,0,62,0,27,56,0,83,32,0,32,115
04/28/2016,OXR,CA,AWP,WE,Federal Contract Tower,0,2,10,0,12,0,2,93,2,97,0,4,103,2,109,174,10,184,293
04/29/2016,OXR,CA,AWP,WE,Federal Contract Tower,0,2,33,0,35,0,23,78,3,104,0,25,111,3,139,184,0,184,323
04/30/2016,OXR,CA,AWP,WE,Federal Contract Tower,0,0,11,0,11,0,5,88,1,94,0,5,99,1,105,200,0,200,305
05/01/2016,OXR,CA,AWP,WE,Federal Contract Tower,0,0,14,0,14,0,10,64,3,77,0,10,78,3,91,158,0,158,249
05/02/2016,OXR,CA,AWP,WE,Federal Contract Tower,0,13,37,0,50,0,8,47,1,56,0,21,84,1,106,88,0,88,194
05/03/2016,OXR,CA,AWP,WE,Federal Contract Tower,0,7,23,0,30,0,9,50,0,59,0,16,73,0,89,110,0,110,199
05/04/2016,OXR,CA,AWP,WE,Federal Contract Tower,0,4,42,0,46,0,7,13,0,20,0,11,55,0,66,18,0,18,84
05/05/2016,OXR,CA,AWP,WE,Federal Contract Tower,0,2,30,0,32,0,3,54,0,57,0,5,84,0,89,102,0,102,191
05/06/2016,OXR,CA,AWP,WE,Federal Contract Tower,0,6,24,0,30,0,13,25,0,38,0,19,49,0,68,70,0,70,138
05/07/2016,OXR,CA,AWP,WE,Federal Contract Tower,0,2,10,0,12,0,12,60,0,72,0,14,70,0,84,142,0,142,226
05/08/2016,OXR,CA,AWP,WE,Federal Contract Tower,0,7,30,0,37,0,13,69,0,82,0,20,99,0,119,94,0,94,213
05/09/2016,OXR,CA,AWP,WE,Federal Contract Tower,0,4,23,0,27,0,9,47,0,56,0,13,70,0,83,142,0,142,225
05/10/2016,OXR,CA,AWP,WE,Federal Contract Tower,0,2,34,0,36,0,11,26,0,37,0,13,60,0,73,74,0,74,147
05/11/2016,OXR,CA,AWP,WE,Federal Contract Tower,0,5,35,0,40,0,8,37,0,45,0,13,72,0,85,126,0,126,211
05/12/2016,OXR,CA,AWP,WE,Federal Contract Tower,0,17,40,0,57,0,5,50,0,55,0,22,90,0,112,36,0,36,148
05/13/2016,OXR,CA,AWP,WE,Federal Contract Tower,0,4,44,0,48,0,8,32,0,40,0,12,76,0,88,128,0,128,216
05/14/2016,OXR,CA,AWP,WE,Federal Contract Tower,0,4,34,0,38,0,20,26,0,46,0,24,60,0,84,84,0,84,168
05/15/2016,OXR,CA,AWP,WE,Federal Contract Tower,0,1,31,0,32,0,6,55,0,61,0,7,86,0,93,124,0,124,217
05/16/2016,OXR,CA,AWP,WE,Federal Contract Tower,0,7,25,0,32,0,19,49,0,68,0,26,74,0,100,112,0,112,212
05/17/2016,OXR,CA,AWP,WE,Federal Contract Tower,0,11,47,2,60,0,15,45,0,60,0,26,92,2,120,110,0,110,230
05/18/2016,OXR,CA,AWP,WE,Federal Contract Tower,0,10,55,0,65,0,6,7,0,13,0,16,62,0,78,20,0,20,98
05/19/2016,OXR,CA,AWP,WE,Federal Contract Tower,0,3,51,0,54,0,11,20,0,31,0,14,71,0,85,30,0,30,115
05/20/2016,OXR,CA,AWP,WE,Federal Contract Tower,0,1,28,0,29,0,12,60,0,72,0,13,88,0,101,170,0,170,271
05/21/2016,OXR,CA,AWP,WE,Federal Contract Tower,0,3,29,0,32,0,14,88,0,102,0,17,117,0,134,202,0,202,336
05/22/2016,OXR,CA,AWP,WE,Federal Contract Tower,0,2,6,0,8,0,5,88,0,93,0,7,94,0,101,118,0,118,219
05/23/2016,OXR,CA,AWP,WE,Federal Contract Tower,0,2,16,0,18,0,13,59,2,74,0,15,75,2,92,232,0,232,324
05/24/2016,OXR,CA,AWP,WE,Federal Contract Tower,0,3,40,0,43,0,20,63,0,83,0,23,103,0,126,108,0,108,234
05/25/2016,OXR,CA,AWP,WE,Federal Contract Tower,0,4,35,0,39,0,19,65,0,84,0,23,100,0,123,74,0,74,197
05/26/2016,OXR,CA,AWP,WE,Federal Contract Tower,0,4,17,0,21,0,13,93,0,106,0,17,110,0,127,152,0,152,279
05/27/2016,OXR,CA,AWP,WE,Federal Contract Tower,0,2,24,0,26,0,6,94,0,100,0,8,118,0,126,192,0,192,318
05/28/2016,OXR,CA,AWP,WE,Federal Contract Tower,0,4,39,0,43,0,6,28,2,36,0,10,67,2,79,16,22,38,117
05/29/2016,OXR,CA,AWP,WE,Federal Contract Tower,0,2,15,0,17,0,10,39,0,49,0,12,54,0,66,100,0,100,166
05/30/2016,OXR,CA,AWP,WE,Federal Contract Tower,0,2,28,0,30,0,2,36,0,38,0,4,64,0,68,50,0,50,118
05/31/2016,OXR,CA,AWP,WE,Federal Contract Tower,0,6,41,0,47,0,4,13,0,17,0,10,54,0,64,6,0,6,70
06/01/2016,OXR,CA,AWP,WE,Federal Contract Tower,0,8,51,0,59,0,13,9,0,22,0,21,60,0,81,14,0,14,95
06/02/2016,OXR,CA,AWP,WE,Federal Contract Tower,0,17,42,0,59,0,0,0,0,0,0,17,42,0,59,0,0,0,59
06/03/2016,OXR,CA,AWP,WE,Federal Contract Tower,0,14,47,0,61,0,9,47,0,56,0,23,94,0,117,38,0,38,155
06/04/2016,OXR,CA,AWP,WE,Federal Contract Tower,0,4,28,0,32,0,3,25,0,28,0,7,53,0,60,32,0,32,92
06/05/2016,OXR,CA,AWP,WE,Federal Contract Tower,0,5,27,0,32,0,1,6,0,7,0,6,33,0,39,0,0,0,39
06/06/2016,OXR,CA,AWP,WE,Federal Contract Tower,0,16,31,0,47,0,3,22,0,25,0,19,53,0,72,34,0,34,106
06/07/2016,OXR,CA,AWP,WE,Federal Contract Tower,0,7,47,0,54,0,0,19,0,19,0,7,66,0,73,76,0,76,149
06/08/2016,OXR,CA,AWP,WE,Federal Contract Tower,0,10,69,0,79,0,5,16,0,21,0,15,85,0,100,0,0,0,100
06/09/2016,OXR,CA,AWP,WE,Federal Contract Tower,0,4,32,0,36,0,7,33,0,40,0,11,65,0,76,42,0,42,118
06/10/2016,OXR,CA,AWP,WE,Federal Contract Tower,0,6,63,0,69,0,16,37,0,53,0,22,100,0,122,64,0,64,186
06/11/2016,OXR,CA,AWP,WE,Federal Contract Tower,0,3,29,0,32,0,4,23,0,27,0,7,52,0,59,96,0,96,155
06/12/2016,OXR,CA,AWP,WE,Federal Contract Tower,0,0,20,0,20,0,5,65,0,70,0,5,85,0,90,86,0,86,176
06/13/2016,OXR,CA,AWP,WE,Federal Contract Tower,0,7,18,0,25,0,32,53,0,85,0,39,71,0,110,134,0,134,244
06/14/2016,OXR,CA,AWP,WE,Federal Contract Tower,0,10,49,0,59,0,14,23,0,37,0,24,72,0,96,38,0,38,134
06/15/2016,OXR,CA,AWP,WE,Federal Contract Tower,0,7,28,1,36,0,26,72,2,100,0,33,100,3,136,142,0,142,278
06/16/2016,OXR,CA,AWP,WE,Federal Contract Tower,0,9,12,0,21,0,17,109,0,126,0,26,121,0,147,210,0,210,357
06/17/2016,OXR,CA,AWP,WE,Federal Contract Tower,0,3,20,0,23,0,10,96,0,106,0,13,116,0,129,250,0,250,379
06/18/2016,OXR,CA,AWP,WE,Federal Contract Tower,0,3,9,0,12,0,10,124,0,134,0,13,133,0,146,318,0,318,464
06/19/2016,OXR,CA,AWP,WE,Federal Contract Tower,0,1,5,0,6,0,8,96,0,104,0,9,101,0,110,140,0,140,250
06/20/2016,OXR,CA,AWP,WE,Federal Contract Tower,0,2,5,0,7,0,5,81,0,86,0,7,86,0,93,190,0,190,283
06/21/2016,OXR,CA,AWP,WE,Federal Contract Tower,0,3,22,0,25,0,6,52,0,58,0,9,74,0,83,76,0,76,159
06/22/2016,OXR,CA,AWP,WE,Federal Contract Tower,0,10,24,0,34,0,5,31,0,36,0,15,55,0,70,32,0,32,102
06/23/2016,OXR,CA,AWP,WE,Federal Contract Tower,0,15,37,2,54,0,4,5,0,9,0,19,42,2,63,6,0,6,69
06/24/2016,OXR,CA,AWP,WE,Federal Contract Tower,0,4,24,1,29,0,8,96,0,104,0,12,120,1,133,178,0,178,311
06/25/2016,OXR,CA,AWP,WE,Federal Contract Tower,0,0,16,0,16,0,11,47,0,58,0,11,63,0,74,130,0,130,204
06/26/2016,OXR,CA,AWP,WE,Federal Contract Tower,0,5,30,0,35,0,4,58,0,62,0,9,88,0,97,94,0,94,191
06/27/2016,OXR,CA,AWP,WE,Federal Contract Tower,0,8,38,0,46,0,5,25,0,30,0,13,63,0,76,10,0,10,86
06/28/2016,OXR,CA,AWP,WE,Federal Contract Tower,0,8,26,3,37,0,5,19,0,24,0,13,45,3,61,28,0,28,89
06/29/2016,OXR,CA,AWP,WE,Federal Contract Tower,0,12,44,0,56,0,2,20,0,22,0,14,64,0,78,40,0,40,118
06/30/2016,OXR,CA,AWP,WE,Federal Contract Tower,0,9,35,0,44,0,10,45,0,55,0,19,80,0,99,78,0,78,177
07/01/2016,OXR,CA,AWP,WE,Federal Contract Tower,0,5,46,0,51,0,3,30,0,33,0,8,76,0,84,52,0,52,136
07/02/2016,OXR,CA,AWP,WE,Federal Contract Tower,0,0,18,0,18,0,11,58,0,69,0,11,76,0,87,130,0,130,217
07/03/2016,OXR,CA,AWP,WE,Federal Contract Tower,0,0,13,0,13,0,10,54,0,64,0,10,67,0,77,58,0,58,135
07/04/2016,OXR,CA,AWP,WE,Federal Contract Tower,0,2,13,0,15,0,1,31,0,32,0,3,44,0,47,62,0,62,109
07/05/2016,OXR,CA,AWP,WE,Federal Contract Tower,0,2,29,0,31,0,11,43,0,54,0,13,72,0,85,80,0,80,165
07/06/2016,OXR,CA,AWP,WE,Federal Contract Tower,0,2,32,0,34,0,8,48,0,56,0,10,80,0,90,70,0,70,160
07/07/2016,OXR,CA,AWP,WE,Federal Contract Tower,0,4,22,0,26,0,26,71,0,97,0,30,93,0,123,164,0,164,287
07/08/2016,OXR,CA,AWP,WE,Federal Contract Tower,0,2,29,0,31,0,7,70,0,77,0,9,99,0,108,56,0,56,164
07/09/2016,OXR,CA,AWP,WE,Federal Contract Tower,0,0,21,0,21,0,7,65,0,72,0,7,86,0,93,160,0,160,253
07/10/2016,OXR,CA,AWP,WE,Federal Contract Tower,0,0,8,0,8,0,4,84,2,90,0,4,92,2,98,170,16,186,284
07/11/2016,OXR,CA,AWP,WE,Federal Contract Tower,0,3,7,0,10,0,10,79,0,89,0,13,86,0,99,182,0,182,281
07/12/2016,OXR,CA,AWP,WE,Federal Contract Tower,0,2,24,0,26,0,4,46,0,50,0,6,70,0,76,60,0,60,136
07/13/2016,OXR,CA,AWP,WE,Federal Contract Tower,0,2,20,0,22,0,2,84,0,86,0,4,104,0,108,60,0,60,168
07/14/2016,OXR,CA,AWP,WE,Federal Contract Tower,0,5,28,0,33,0,10,56,0,66,0,15,84,0,99,72,0,72,171
07/15/2016,OXR,CA,AWP,WE,Federal Contract Tower,0,6,14,0,20,0,15,56,0,71,0,21,70,0,91,102,0,102,193
07/16/2016,OXR,CA,AWP,WE,Federal Contract Tower,0,1,18,0,19,0,12,56,0,68,0,13,74,0,87,206,0,206,293
07/17/2016,OXR,CA,AWP,WE,Federal Contract Tower,0,0,25,0,25,0,8,60,0,68,0,8,85,0,93,92,0,92,185
07/18/2016,OXR,CA,AWP,WE,Federal Contract Tower,0,2,16,0,18,0,9,56,0,65,0,11,72,0,83,100,0,100,183
07/19/2016,OXR,CA,AWP,WE,Federal Contract Tower,0,3,20,0,23,0,3,98,0,101,0,6,118,0,124,170,0,170,294
07/20/2016,OXR,CA,AWP,WE,Federal Contract Tower,0,5,11,0,16,0,9,110,0,119,0,14,121,0,135,166,0,166,301
07/21/2016,OXR,CA,AWP,WE,Federal Contract Tower,0,2,11,0,13,0,9,93,2,104,0,11,104,2,117,294,6,300,417
07/22/2016,OXR,CA,AWP,WE,Federal Contract Tower,0,2,18,0,20,0,6,96,0,102,0,8,114,0,122,188,0,188,310
07/23/2016,OXR,CA,AWP,WE,Federal Contract Tower,0,0,12,0,12,0,10,97,0,107,0,10,109,0,119,266,0,266,385
07/24/2016,OXR,CA,AWP,WE,Federal Contract Tower,0,6,8,0,14,0,4,83,0,87,0,10,91,0,101,40,0,40,141
07/25/2016,OXR,CA,AWP,WE,Federal Contract Tower,0,4,15,0,19,0,2,61,0,63,0,6,76,0,82,112,0,112,194
07/26/2016,OXR,CA,AWP,WE,Federal Contract Tower,0,2,17,0,19,0,12,63,0,75,0,14,80,0,94,106,0,106,200
07/27/2016,OXR,CA,AWP,WE,Federal Contract Tower,0,2,11,0,13,0,7,83,0,90,0,9,94,0,103,158,0,158,261
07/28/2016,OXR,CA,AWP,WE,Federal Contract Tower,0,4,30,0,34,0,10,107,0,117,0,14,137,0,151,156,0,156,307
07/29/2016,OXR,CA,AWP,WE,Federal Contract Tower,0,8,15,0,23,0,11,100,0,111,0,19,115,0,134,182,0,182,316
07/30/2016,OXR,CA,AWP,WE,Federal Contract Tower,0,5,26,0,31,0,5,58,0,63,0,10,84,0,94,110,0,110,204
07/31/2016,OXR,CA,AWP,WE,Federal Contract Tower,0,5,16,0,21,0,3,53,0,56,0,8,69,0,77,68,0,68,145
08/01/2016,OXR,CA,AWP,WE,Federal Contract Tower,0,7,33,2,42,0,3,31,0,34,0,10,64,2,76,22,0,22,98
08/02/2016,OXR,CA,AWP,WE,Federal Contract Tower,0,7,11,0,18,0,7,52,0,59,0,14,63,0,77,46,0,46,123
08/03/2016,OXR,CA,AWP,WE,Federal Contract Tower,0,7,20,0,27,0,7,41,0,48,0,14,61,0,75,68,0,68,143
08/04/2016,OXR,CA,AWP,WE,Federal Contract Tower,0,5,30,0,35,0,9,72,0,81,0,14,102,0,116,120,0,120,236
08/05/2016,OXR,CA,AWP,WE,Federal Contract Tower,0,5,20,0,25,0,4,61,0,65,0,9,81,0,90,32,0,32,122
08/06/2016,OXR,CA,AWP,WE,Federal Contract Tower,0,2,34,0,36,0,5,68,0,73,0,7,102,0,109,198,0,198,307
08/07/2016,OXR,CA,AWP,WE,Federal Contract Tower,0,3,21,0,24,0,4,37,0,41,0,7,58,0,65,66,0,66,131
08/08/2016,OXR,CA,AWP,WE,Federal Contract Tower,0,6,27,0,33,0,1,23,0,24,0,7,50,0,57,22,0,22,79
08/09/2016,OXR,CA,AWP,WE,Federal Contract Tower,0,5,40,0,45,0,6,66,0,72,0,11,106,0,117,184,0,184,301
08/10/2016,OXR,CA,AWP,WE,Federal Contract Tower,0,8,13,0,21,0,10,55,0,65,0,18,68,0,86,58,0,58,144
08/11/2016,OXR,CA,AWP,WE,Federal Contract Tower,0,2,8,0,10,0,21,80,0,101,0,23,88,0,111,138,0,138,249
08/12/2016,OXR,CA,AWP,WE,Federal Contract Tower,0,2,28,0,30,0,11,88,0,99,0,13,116,0,129,142,0,142,271
08/13/2016,OXR,CA,AWP,WE,Federal Contract Tower,0,4,9,0,13,0,9,85,0,94,0,13,94,0,107,164,0,164,271
08/14/2016,OXR,CA,AWP,WE,Federal Contract Tower,0,0,8,0,8,0,5,63,0,68,0,5,71,0,76,130,0,130,206
08/15/2016,OXR,CA,AWP,WE,Federal Contract Tower,0,3,17,0,20,0,12,65,0,77,0,15,82,0,97,158,0,158,255
08/16/2016,OXR,CA,AWP,WE,Federal Contract Tower,0,6,16,0,22,0,33,59,0,92,0,39,75,0,114,82,0,82,196
08/17/2016,OXR,CA,AWP,WE,Federal Contract Tower,0,4,9,0,13,0,4,55,0,59,0,8,64,0,72,84,0,84,156
08/18/2016,OXR,CA,AWP,WE,Federal Contract Tower,0,7,17,0,24,0,13,86,0,99,0,20,103,0,123,102,0,102,225
08/19/2016,OXR,CA,AWP,WE,Federal Contract Tower,0,3,12,0,15,0,13,99,0,112,0,16,111,0,127,160,0,160,287
08/20/2016,OXR,CA,AWP,WE,Federal Contract Tower,0,7,14,0,21,0,6,63,0,69,0,13,77,0,90,66,0,66,156
08/21/2016,OXR,CA,AWP,WE,Federal Contract Tower,0,3,19,0,22,0,0,55,0,55,0,3,74,0,77,34,0,34,111
08/22/2016,OXR,CA,AWP,WE,Federal Contract Tower,0,7,20,0,27,0,5,66,0,71,0,12,86,0,98,110,0,110,208
08/23/2016,OXR,CA,AWP,WE,Federal Contract Tower,0,16,17,0,33,0,18,66,0,84,0,34,83,0,117,72,0,72,189
08/24/2016,OXR,CA,AWP,WE,Federal Contract Tower,0,2,11,0,13,0,13,89,12,114,0,15,100,12,127,122,0,122,249
08/25/2016,OXR,CA,AWP,WE,Federal Contract Tower,0,9,18,0,27,0,9,55,0,64,0,18,73,0,91,120,0,120,211
08/26/2016,OXR,CA,AWP,WE,Federal Contract Tower,0,3,38,0,41,0,10,51,0,61,0,13,89,0,102,162,0,162,264
08/27/2016,OXR,CA,AWP,WE,Federal Contract Tower,0,5,25,0,30,0,4,62,0,66,0,9,87,0,96,198,0,198,294
08/28/2016,OXR,CA,AWP,WE,Federal Contract Tower,0,1,23,0,24,0,8,80,0,88,0,9,103,0,112,156,0,156,268
08/29/2016,OXR,CA,AWP,WE,Federal Contract Tower,0,3,23,0,26,0,9,72,0,81,0,12,95,0,107,138,0,138,245
08/30/2016,OXR,CA,AWP,WE,Federal Contract Tower,0,3,12,0,15,0,30,95,0,125,0,33,107,0,140,238,0,238,378
08/31/2016,OXR,CA,AWP,WE,Federal Contract Tower,0,3,21,0,24,0,4,90,0,94,0,7,111,0,118,138,0,138,256
09/01/2016,OXR,CA,AWP,WE,Federal Contract Tower,0,6,14,0,20,0,11,90,0,101,0,17,104,0,121,208,0,208,329
09/02/2016,OXR,CA,AWP,WE,Federal Contract Tower,0,4,31,0,35,0,8,93,0,101,0,12,124,0,136,178,0,178,314
09/03/2016,OXR,CA,AWP,WE,Federal Contract Tower,0,0,25,0,25,0,13,63,0,76,0,13,88,0,101,102,0,102,203
09/04/2016,OXR,CA,AWP,WE,Federal Contract Tower,0,3,11,0,14,0,7,37,0,44,0,10,48,0,58,96,0,96,154
09/05/2016,OXR,CA,AWP,WE,Federal Contract Tower,0,0,12,0,12,0,5,51,8,64,0,5,63,8,76,128,0,128,204
09/06/2016,OXR,CA,AWP,WE,Federal Contract Tower,0,3,7,0,10,0,18,55,0,73,0,21,62,0,83,106,0,106,189
09/07/2016,OXR,CA,AWP,WE,Federal Contract Tower,0,8,38,0,46,0,3,24,0,27,0,11,62,0,73,80,0,80,153
09/08/2016,OXR,CA,AWP,WE,Federal Contract Tower,0,3,28,0,31,0,3,63,0,66,0,6,91,0,97,138,0,138,235
09/09/2016,OXR,CA,AWP,WE,Federal Contract Tower,0,2,32,2,36,0,8,51,0,59,0,10,83,2,95,68,0,68,163
09/10/2016,OXR,CA,AWP,WE,Federal Contract Tower,0,4,24,0,28,0,7,60,0,67,0,11,84,0,95,74,0,74,169
09/11/2016,OXR,CA,AWP,WE,Federal Contract Tower,0,8,28,0,36,0,2,30,0,32,0,10,58,0,68,44,0,44,112
09/12/2016,OXR,CA,AWP,WE,Federal Contract Tower,0,5,21,0,26,0,4,39,0,43,0,9,60,0,69,96,0,96,165
09/13/2016,OXR,CA,AWP,WE,Federal Contract Tower,0,4,36,0,40,0,4,53,0,57,0,8,89,0,97,148,0,148,245
09/14/2016,OXR,CA,AWP,WE,Federal Contract Tower,0,3,26,0,29,0,16,79,0,95,0,19,105,0,124,170,0,170,294
09/15/2016,OXR,CA,AWP,WE,Federal Contract Tower,0,2,21,0,23,0,19,99,0,118,0,21,120,0,141,156,0,156,297
09/16/2016,OXR,CA,AWP,WE,Federal Contract Tower,0,6,16,0,22,0,6,80,2,88,0,12,96,2,110,142,22,164,274
09/17/2016,OXR,CA,AWP,WE,Federal Contract Tower,0,1,28,0,29,0,13,56,0,69,0,14,84,0,98,126,0,126,224
09/18/2016,OXR,CA,AWP,WE,Federal Contract Tower,0,10,17,0,27,0,2,30,0,32,0,12,47,0,59,58,0,58,117
09/19/2016,OXR,CA,AWP,WE,Federal Contract Tower,0,4,9,0,13,0,21,68,0,89,0,25,77,0,102,118,0,118,220
09/20/2016,OXR,CA,AWP,WE,Federal Contract Tower,0,2,18,0,20,0,13,70,0,83,0,15,88,0,103,128,0,128,231
09/21/2016,OXR,CA,AWP,WE,Federal Contract Tower,0,1,16,0,17,0,47,64,0,111,0,48,80,0,128,146,0,146,274
09/22/2016,OXR,CA,AWP,WE,Federal Contract Tower,0,4,4,0,8,0,14,72,0,86,0,18,76,0,94,128,0,128,222
09/23/2016,OXR,CA,AWP,WE,Federal Contract Tower,0,5,11,0,16,0,8,100,0,108,0,13,111,0,124,250,0,250,374
09/24/2016,OXR,CA,AWP,WE,Federal Contract Tower,0,0,4,0,4,0,12,72,0,84,0,12,76,0,88,268,0,268,356
09/25/2016,OXR,CA,AWP,WE,Federal Contract Tower,0,0,3,0,3,0,8,32,0,40,0,8,35,0,43,50,0,50,93
09/26/2016,OXR,CA,AWP,WE,Federal Contract Tower,0,1,11,0,12,0,13,62,0,75,0,14,73,0,87,146,0,146,233
09/27/2016,OXR,CA,AWP,WE,Federal Contract Tower,0,4,15,0,19,0,20,62,0,82,0,24,77,0,101,84,0,84,185
09/28/2016,OXR,CA,AWP,WE,Federal Contract Tower,0,4,6,0,10,0,14,68,6,88,0,18,74,6,98,112,0,112,210
09/29/2016,OXR,CA,AWP,WE,Federal Contract Tower,0,1,31,0,32,0,12,88,0,100,0,13,119,0,132,172,0,172,304
09/30/2016,OXR,CA,AWP,WE,Federal Contract Tower,0,4,14,0,18,0,18,119,0,137,0,22,133,0,155,194,0,194,349
10/01/2016,OXR,CA,AWP,WE,Federal Contract Tower,0,0,11,0,11,0,9,102,0,111,0,9,113,0,122,316,0,316,438
10/02/2016,OXR,CA,AWP,WE,Federal Contract Tower,0,3,12,0,15,0,6,75,0,81,0,9,87,0,96,76,0,76,172
10/03/2016,OXR,CA,AWP,WE,Federal Contract Tower,0,1,10,0,11,0,30,78,0,108,0,31,88,0,119,172,0,172,291
10/04/2016,OXR,CA,AWP,WE,Federal Contract Tower,0,3,10,0,13,0,16,85,0,101,0,19,95,0,114,194,0,194,308
10/05/2016,OXR,CA,AWP,WE,Federal Contract Tower,0,1,12,0,13,0,13,69,0,82,0,14,81,0,95,92,0,92,187
10/06/2016,OXR,CA,AWP,WE,Federal Contract Tower,0,2,16,0,18,0,31,82,0,113,0,33,98,0,131,182,0,182,313
10/07/2016,OXR,CA,AWP,WE,Federal Contract Tower,0,2,9,0,11,0,16,92,0,108,0,18,101,0,119,116,0,116,235
10/08/2016,OXR,CA,AWP,WE,Federal Contract Tower,0,0,16,0,16,0,18,114,0,132,0,18,130,0,148,222,0,222,370
10/09/2016,OXR,CA,AWP,WE,Federal Contract Tower,0,4,9,0,13,0,4,88,0,92,0,8,97,0,105,172,6,178,283
10/10/2016,OXR,CA,AWP,WE,Federal Contract Tower,0,2,13,0,15,0,6,58,0,64,0,8,71,0,79,62,0,62,141
10/11/2016,OXR,CA,AWP,WE,Federal Contract Tower,0,3,31,1,35,0,15,48,2,65,0,18,79,3,100,38,0,38,138
10/12/2016,OXR,CA,AWP,WE,Federal Contract Tower,0,2,37,5,44,0,13,56,2,71,0,15,93,7,115,94,0,94,209
10/13/2016,OXR,CA,AWP,WE,Federal Contract Tower,0,5,15,3,23,0,14,53,0,67,0,19,68,3,90,112,24,136,226
10/14/2016,OXR,CA,AWP,WE,Federal Contract Tower,0,2,31,4,37,0,10,47,0,57,0,12,78,4,94,94,0,94,188
10/15/2016,OXR,CA,AWP,WE,Federal Contract Tower,0,2,28,0,30,0,5,39,0,44,0,7,67,0,74,78,0,78,152
10/16/2016,OXR,CA,AWP,WE,Federal Contract Tower,0,7,29,0,36,0,2,10,0,12,0,9,39,0,48,32,0,32,80
10/17/2016,OXR,CA,AWP,WE,Federal Contract Tower,0,3,12,0,15,0,6,43,0,49,0,9,55,0,64,96,0,96,160
10/18/2016,OXR,CA,AWP,WE,Federal Contract Tower,0,3,16,0,19,0,4,79,4,87,0,7,95,4,106,106,0,106,212
10/19/2016,OXR,CA,AWP,WE,Federal Contract Tower,0,2,14,0,16,0,12,29,0,41,0,14,43,0,57,38,0,38,95
10/20/2016,OXR,CA,AWP,WE,Federal Contract Tower,0,3,1,0,4,0,10,54,0,64,0,13,55,0,68,58,0,58,126
10/21/2016,OXR,CA,AWP,WE,Federal Contract Tower,0,9,16,0,25,0,7,98,2,107,0,16,114,2,132,142,0,142,274
10/22/2016,OXR,CA,AWP,WE,Federal Contract Tower,0,5,15,0,20,0,6,84,0,90,0,11,99,0,110,200,0,200,310
10/24/2016,OXR,CA,AWP,WE,Federal Contract Tower,0,2,9,0,11,0,14,38,0,52,0,16,47,0,63,134,0,134,197
10/25/2016,OXR,CA,AWP,WE,Federal Contract Tower,0,2,19,0,21,0,10,58,0,68,0,12,77,0,89,126,0,126,215
10/26/2016,OXR,CA,AWP,WE,Federal Contract Tower,0,6,24,0,30,0,4,54,6,64,0,10,78,6,94,74,0,74,168
10/27/2016,OXR,CA,AWP,WE,Federal Contract Tower,0,9,12,0,21,0,14,75,0,89,0,23,87,0,110,128,0,128,238
10/28/2016,OXR,CA,AWP,WE,Federal Contract Tower,0,6,18,0,24,0,18,51,0,69,0,24,69,0,93,104,0,104,197
10/29/2016,OXR,CA,AWP,WE,Federal Contract Tower,0,2,12,0,14,0,12,83,0,95,0,14,95,0,109,168,0,168,277
10/30/2016,OXR,CA,AWP,WE,Federal Contract Tower,0,6,17,0,23,0,4,7,0,11,0,10,24,0,34,24,0,24,58
10/31/2016,OXR,CA,AWP,WE,Federal Contract Tower,0,4,5,0,9,0,9,63,0,72,0,13,68,0,81,124,0,124,205
11/01/2016,OXR,CA,AWP,WE,Federal Contract Tower,0,4,19,0,23,0,8,73,0,81,0,12,92,0,104,120,0,120,224
11/02/2016,OXR,CA,AWP,WE,Federal Contract Tower,0,2,2,0,4,0,13,58,0,71,0,15,60,0,75,46,0,46,121
11/03/2016,OXR,CA,AWP,WE,Federal Contract Tower,0,2,5,0,7,0,15,81,0,96,0,17,86,0,103,140,0,140,243
11/04/2016,OXR,CA,AWP,WE,Federal Contract Tower,0,2,5,0,7,0,19,95,0,114,0,21,100,0,121,218,0,218,339
11/05/2016,OXR,CA,AWP,WE,Federal Contract Tower,0,2,21,0,23,0,12,96,0,108,0,14,117,0,131,236,0,236,367
11/06/2016,OXR,CA,AWP,WE,Federal Contract Tower,0,1,13,0,14,0,6,54,0,60,0,7,67,0,74,116,0,116,190
11/07/2016,OXR,CA,AWP,WE,Federal Contract Tower,0,3,23,0,26,0,8,52,0,60,0,11,75,0,86,60,0,60,146
11/08/2016,OXR,CA,AWP,WE,Federal Contract Tower,0,2,13,0,15,0,19,93,0,112,0,21,106,0,127,110,0,110,237
11/09/2016,OXR,CA,AWP,WE,Federal Contract Tower,0,4,10,0,14,0,11,45,2,58,0,15,55,2,72,48,0,48,120
11/10/2016,OXR,CA,AWP,WE,Federal Contract Tower,0,2,10,0,12,0,33,58,0,91,0,35,68,0,103,140,0,140,243
11/11/2016,OXR,CA,AWP,WE,Federal Contract Tower,0,4,9,0,13,0,21,86,0,107,0,25,95,0,120,188,0,188,308
11/12/2016,OXR,CA,AWP,WE,Federal Contract Tower,0,0,20,0,20,0,6,97,0,103,0,6,117,0,123,186,0,186,309
11/13/2016,OXR,CA,AWP,WE,Federal Contract Tower,0,3,21,0,24,0,21,66,0,87,0,24,87,0,111,96,0,96,207
11/14/2016,OXR,CA,AWP,WE,Federal Contract Tower,0,4,21,0,25,0,19,51,0,70,0,23,72,0,95,54,0,54,149
11/15/2016,OXR,CA,AWP,WE,Federal Contract Tower,0,4,16,2,22,0,12,59,0,71,0,16,75,2,93,98,0,98,191
11/16/2016,OXR,CA,AWP,WE,Federal Contract Tower,0,5,13,0,18,0,20,79,8,107,0,25,92,8,125,106,0,106,231
11/17/2016,OXR,CA,AWP,WE,Federal Contract Tower,0,5,10,0,15,0,22,60,0,82,0,27,70,0,97,104,0,104,201
11/18/2016,OXR,CA,AWP,WE,Federal Contract Tower,0,2,10,0,12,0,7,67,3,77,0,9,77,3,89,110,0,110,199
11/19/2016,OXR,CA,AWP,WE,Federal Contract Tower,0,0,13,0,13,0,3,58,0,61,0,3,71,0,74,168,0,168,242
11/20/2016,OXR,CA,AWP,WE,Federal Contract Tower,0,2,18,0,20,0,4,24,0,28,0,6,42,0,48,116,0,116,164
11/21/2016,OXR,CA,AWP,WE,Federal Contract Tower,0,5,10,0,15,0,11,51,0,62,0,16,61,0,77,126,0,126,203
11/22/2016,OXR,CA,AWP,WE,Federal Contract Tower,0,1,12,0,13,0,12,74,0,86,0,13,86,0,99,136,0,136,235
11/23/2016,OXR,CA,AWP,WE,Federal Contract Tower,0,3,13,0,16,0,10,71,0,81,0,13,84,0,97,128,0,128,225
11/24/2016,OXR,CA,AWP,WE,Federal Contract Tower,0,0,3,0,3,0,2,31,0,33,0,2,34,0,36,4,0,4,40
11/25/2016,OXR,CA,AWP,WE,Federal Contract Tower,0,1,10,0,11,0,8,94,0,102,0,9,104,0,113,190,0,190,303
11/26/2016,OXR,CA,AWP,WE,Federal Contract Tower,0,4,13,0,17,0,0,13,0,13,0,4,26,0,30,32,0,32,62
11/27/2016,OXR,CA,AWP,WE,Federal Contract Tower,0,0,9,0,9,0,4,4,0,8,0,4,13,0,17,10,0,10,27
11/28/2016,OXR,CA,AWP,WE,Federal Contract Tower,0,5,8,0,13,0,10,45,0,55,0,15,53,0,68,116,0,116,184
11/29/2016,OXR,CA,AWP,WE,Federal Contract Tower,0,4,12,0,16,0,18,36,0,54,0,22,48,0,70,60,0,60,130
11/30/2016,OXR,CA,AWP,WE,Federal Contract Tower,0,3,15,0,18,0,17,87,4,108,0,20,102,4,126,140,0,140,266
12/01/2016,OXR,CA,AWP,WE,Federal Contract Tower,0,5,15,0,20,0,14,78,0,92,0,19,93,0,112,134,0,134,246
12/02/2016,OXR,CA,AWP,WE,Federal Contract Tower,0,3,5,0,8,0,9,20,0,29,0,12,25,0,37,4,0,4,41
12/03/2016,OXR,CA,AWP,WE,Federal Contract Tower,0,0,3,0,3,0,17,56,0,73,0,17,59,0,76,154,0,154,230
12/04/2016,OXR,CA,AWP,WE,Federal Contract Tower,0,1,5,0,6,0,10,94,0,104,0,11,99,0,110,284,0,284,394
12/05/2016,OXR,CA,AWP,WE,Federal Contract Tower,0,2,8,0,10,0,11,72,0,83,0,13,80,0,93,158,0,158,251
12/06/2016,OXR,CA,AWP,WE,Federal Contract Tower,0,7,27,0,34,0,22,33,0,55,0,29,60,0,89,78,0,78,167
12/07/2016,OXR,CA,AWP,WE,Federal Contract Tower,0,4,13,0,17,0,16,50,0,66,0,20,63,0,83,106,0,106,189
12/08/2016,OXR,CA,AWP,WE,Federal Contract Tower,0,1,33,0,34,0,12,78,0,90,0,13,111,0,124,66,0,66,190
12/09/2016,OXR,CA,AWP,WE,Federal Contract Tower,0,5,42,0,47,0,3,6,0,9,0,8,48,0,56,4,0,4,60
12/10/2016,OXR,CA,AWP,WE,Federal Contract Tower,0,4,29,0,33,0,1,0,0,1,0,5,29,0,34,16,0,16,50
12/11/2016,OXR,CA,AWP,WE,Federal Contract Tower,0,1,17,0,18,0,7,20,0,27,0,8,37,0,45,16,0,16,61
12/12/2016,OXR,CA,AWP,WE,Federal Contract Tower,0,16,39,0,55,0,8,13,0,21,0,24,52,0,76,10,0,10,86
12/13/2016,OXR,CA,AWP,WE,Federal Contract Tower,0,6,52,2,60,0,3,10,0,13,0,9,62,2,73,12,0,12,85
12/14/2016,OXR,CA,AWP,WE,Federal Contract Tower,0,6,17,0,23,0,13,53,0,66,0,19,70,0,89,52,0,52,141
12/15/2016,OXR,CA,AWP,WE,Federal Contract Tower,0,8,27,0,35,0,2,4,0,6,0,10,31,0,41,28,0,28,69
12/16/2016,OXR,CA,AWP,WE,Federal Contract Tower,0,2,6,0,8,0,3,14,0,17,0,5,20,0,25,24,0,24,49
12/17/2016,OXR,CA,AWP,WE,Federal Contract Tower,0,2,11,0,13,0,10,86,2,98,0,12,97,2,111,160,38,198,309
12/18/2016,OXR,CA,AWP,WE,Federal Contract Tower,0,1,0,0,1,0,5,19,0,24,0,6,19,0,25,14,0,14,39
12/19/2016,OXR,CA,AWP,WE,Federal Contract Tower,0,2,1,0,3,0,5,12,2,19,0,7,13,2,22,6,0,6,28
12/20/2016,OXR,CA,AWP,WE,Federal Contract Tower,0,5,11,0,16,0,6,73,0,79,0,11,84,0,95,144,0,144,239
12/21/2016,OXR,CA,AWP,WE,Federal Contract Tower,0,4,12,6,22,0,9,36,2,47,0,13,48,8,69,102,36,138,207
12/22/2016,OXR,CA,AWP,WE,Federal Contract Tower,0,3,17,0,20,0,6,96,0,102,0,9,113,0,122,172,0,172,294
12/23/2016,OXR,CA,AWP,WE,Federal Contract Tower,0,4,23,0,27,0,1,7,0,8,0,5,30,0,35,0,0,0,35
12/24/2016,OXR,CA,AWP,WE,Federal Contract Tower,0,4,4,0,8,0,7,20,0,27,0,11,24,0,35,14,0,14,49
12/25/2016,OXR,CA,AWP,WE,Federal Contract Tower,0,0,2,0,2,0,0,10,0,10,0,0,12,0,12,2,0,2,14
12/26/2016,OXR,CA,AWP,WE,Federal Contract Tower,0,0,6,0,6,0,0,12,0,12,0,0,18,0,18,16,16,32,50
12/27/2016,OXR,CA,AWP,WE,Federal Contract Tower,0,4,16,0,20,0,13,64,0,77,0,17,80,0,97,132,0,132,229
12/28/2016,OXR,CA,AWP,WE,Federal Contract Tower,0,1,6,0,7,0,15,69,2,86,0,16,75,2,93,116,30,146,239
12/29/2016,OXR,CA,AWP,WE,Federal Contract Tower,0,3,10,0,13,0,14,86,2,102,0,17,96,2,115,124,0,124,239
12/30/2016,OXR,CA,AWP,WE,Federal Contract Tower,0,2,12,0,14,0,4,11,2,17,0,6,23,2,31,44,12,56,87
12/31/2016,OXR,CA,AWP,WE,Federal Contract Tower,0,1,14,0,15,0,4,18,2,24,0,5,32,2,39,46,22,68,107
01/01/2017,OXR,CA,AWP,WE,Federal Contract Tower,0,0,2,0,2,0,21,46,0,67,0,21,48,0,69,98,0,98,167
01/02/2017,OXR,CA,AWP,WE,Federal Contract Tower,0,0,13,0,13,0,14,32,0,46,0,14,45,0,59,132,0,132,191
01/03/2017,OXR,CA,AWP,WE,Federal Contract Tower,0,4,11,0,15,0,10,31,0,41,0,14,42,0,56,106,0,106,162
01/04/2017,OXR,CA,AWP,WE,Federal Contract Tower,0,4,6,2,12,0,2,0,0,2,0,6,6,2,14,8,0,8,22
01/05/2017,OXR,CA,AWP,WE,Federal Contract Tower,0,7,18,0,25,0,2,0,0,2,0,9,18,0,27,0,0,0,27
01/06/2017,OXR,CA,AWP,WE,Federal Contract Tower,0,2,16,2,20,0,10,101,4,115,0,12,117,6,135,214,0,214,349
01/07/2017,OXR,CA,AWP,WE,Federal Contract Tower,0,6,0,0,6,0,4,18,0,22,0,10,18,0,28,60,0,60,88
01/08/2017,OXR,CA,AWP,WE,Federal Contract Tower,0,0,8,0,8,0,4,63,0,67,0,4,71,0,75,192,0,192,267
01/09/2017,OXR,CA,AWP,WE,Federal Contract Tower,0,2,21,0,23,0,2,5,0,7,0,4,26,0,30,24,0,24,54
01/10/2017,OXR,CA,AWP,WE,Federal Contract Tower,0,6,32,0,38,0,11,13,0,24,0,17,45,0,62,24,0,24,86
01/11/2017,OXR,CA,AWP,WE,Federal Contract Tower,0,3,20,0,23,0,7,17,0,24,0,10,37,0,47,20,0,20,67
01/12/2017,OXR,CA,AWP,WE,Federal Contract Tower,0,2,23,0,25,0,2,4,0,6,0,4,27,0,31,6,0,6,37
01/13/2017,OXR,CA,AWP,WE,Federal Contract Tower,0,2,14,0,16,0,9,82,0,91,0,11,96,0,107,146,0,146,253
01/14/2017,OXR,CA,AWP,WE,Federal Contract Tower,0,0,8,0,8,0,7,101,4,112,0,7,109,4,120,276,0,276,396
01/15/2017,OXR,CA,AWP,WE,Federal Contract Tower,0,0,20,0,20,0,23,48,0,71,0,23,68,0,91,70,32,102,193
01/16/2017,OXR,CA,AWP,WE,Federal Contract Tower,0,3,15,0,18,0,10,82,0,92,0,13,97,0,110,160,0,160,270
01/17/2017,OXR,CA,AWP,WE,Federal Contract Tower,0,3,14,0,17,0,17,56,0,73,0,20,70,0,90,120,0,120,210
01/18/2017,OXR,CA,AWP,WE,Federal Contract Tower,0,2,13,0,15,0,11,29,0,40,0,13,42,0,55,78,0,78,133
01/19/2017,OXR,CA,AWP,WE,Federal Contract Tower,0,4,9,2,15,0,11,40,4,55,0,15,49,6,70,74,28,102,172
01/20/2017,OXR,CA,AWP,WE,Federal Contract Tower,0,2,2,0,4,0,0,0,0,0,0,2,2,0,4,0,0,0,4
01/21/2017,OXR,CA,AWP,WE,Federal Contract Tower,0,1,14,0,15,0,10,73,0,83,0,11,87,0,98,186,0,186,284
01/22/2017,OXR,CA,AWP,WE,Federal Contract Tower,0,0,1,0,1,0,0,0,2,2,0,0,1,2,3,0,0,0,3
01/23/2017,OXR,CA,AWP,WE,Federal Contract Tower,0,2,16,0,18,0,3,4,2,9,0,5,20,2,27,26,0,26,53
01/24/2017,OXR,CA,AWP,WE,Federal Contract Tower,0,2,23,0,25,0,23,51,2,76,0,25,74,2,101,116,14,130,231
01/25/2017,OXR,CA,AWP,WE,Federal Contract Tower,0,9,21,0,30,0,20,67,0,87,0,29,88,0,117,128,0,128,245
01/26/2017,OXR,CA,AWP,WE,Federal Contract Tower,0,5,18,0,23,0,18,104,0,122,0,23,122,0,145,204,0,204,349
01/27/2017,OXR,CA,AWP,WE,Federal Contract Tower,0,4,5,0,9,0,14,31,0,45,0,18,36,0,54,18,0,18,72
01/28/2017,OXR,CA,AWP,WE,Federal Contract Tower,0,5,0,0,5,0,1,44,0,45,0,6,44,0,50,106,0,106,156
01/29/2017,OXR,CA,AWP,WE,Federal Contract Tower,0,0,5,0,5,0,6,47,0,53,0,6,52,0,58,12,0,12,70
01/30/2017,OXR,CA,AWP,WE,Federal Contract Tower,0,4,15,0,19,0,12,53,0,65,0,16,68,0,84,146,0,146,230
01/31/2017,OXR,CA,AWP,WE,Federal Contract Tower,0,4,19,0,23,0,6,77,0,83,0,10,96,0,106,126,0,126,232
02/01/2017,OXR,CA,AWP,WE,Federal Contract Tower,0,4,14,0,18,0,9,69,0,78,0,13,83,0,96,106,0,106,202
02/02/2017,OXR,CA,AWP,WE,Federal Contract Tower,0,2,12,0,14,0,4,43,0,47,0,6,55,0,61,126,0,126,187
02/03/2017,OXR,CA,AWP,WE,Federal Contract Tower,0,6,21,1,28,0,2,0,0,2,0,8,21,1,30,0,0,0,30
02/04/2017,OXR,CA,AWP,WE,Federal Contract Tower,0,5,35,0,40,0,2,45,0,47,0,7,80,0,87,116,0,116,203
02/05/2017,OXR,CA,AWP,WE,Federal Contract Tower,0,1,15,0,16,0,4,24,0,28,0,5,39,0,44,48,0,48,92
02/06/2017,OXR,CA,AWP,WE,Federal Contract Tower,0,2,6,0,8,0,0,2,0,2,0,2,8,0,10,0,0,0,10
02/07/2017,OXR,CA,AWP,WE,Federal Contract Tower,0,10,16,0,26,0,0,2,0,2,0,10,18,0,28,0,0,0,28
02/08/2017,OXR,CA,AWP,WE,Federal Contract Tower,0,11,44,0,55,0,13,29,0,42,0,24,73,0,97,34,0,34,131
02/09/2017,OXR,CA,AWP,WE,Federal Contract Tower,0,10,31,0,41,0,1,0,0,1,0,11,31,0,42,0,0,0,42
02/10/2017,OXR,CA,AWP,WE,Federal Contract Tower,0,4,23,0,27,0,0,1,0,1,0,4,24,0,28,4,0,4,32
02/11/2017,OXR,CA,AWP,WE,Federal Contract Tower,0,6,26,1,33,0,5,37,1,43,0,11,63,2,76,116,0,116,192
02/12/2017,OXR,CA,AWP,WE,Federal Contract Tower,0,0,11,0,11,0,5,72,2,79,0,5,83,2,90,98,0,98,188
02/13/2017,OXR,CA,AWP,WE,Federal Contract Tower,0,7,10,0,17,0,16,59,2,77,0,23,69,2,94,122,0,122,216
02/14/2017,OXR,CA,AWP,WE,Federal Contract Tower,0,7,10,0,17,0,28,50,3,81,0,35,60,3,98,80,0,80,178
02/15/2017,OXR,CA,AWP,WE,Federal Contract Tower,0,6,24,1,31,0,16,83,0,99,0,22,107,1,130,118,0,118,248
02/16/2017,OXR,CA,AWP,WE,Federal Contract Tower,0,5,24,0,29,0,5,37,0,42,0,10,61,0,71,66,0,66,137
02/17/2017,OXR,CA,AWP,WE,Federal Contract Tower,0,2,0,0,2,0,0,0,0,0,0,2,0,0,2,0,0,0,2
02/18/2017,OXR,CA,AWP,WE,Federal Contract Tower,0,4,12,0,16,0,6,4,0,10,0,10,16,0,26,6,0,6,32
02/19/2017,OXR,CA,AWP,WE,Federal Contract Tower,0,0,16,0,16,0,4,39,0,43,0,4,55,0,59,110,0,110,169
02/20/2017,OXR,CA,AWP,WE,Federal Contract Tower,0,4,12,0,16,0,0,0,0,0,0,4,12,0,16,0,0,0,16
02/21/2017,OXR,CA,AWP,WE,Federal Contract Tower,0,9,39,2,50,0,2,2,0,4,0,11,41,2,54,2,0,2,56
02/22/2017,OXR,CA,AWP,WE,Federal Contract Tower,0,2,13,0,15,0,17,93,0,110,0,19,106,0,125,100,0,100,225
02/23/2017,OXR,CA,AWP,WE,Federal Contract Tower,0,4,15,0,19,0,13,91,0,104,0,17,106,0,123,178,0,178,301
02/24/2017,OXR,CA,AWP,WE,Federal Contract Tower,0,2,8,0,10,0,20,108,0,128,0,22,116,0,138,180,0,180,318
02/25/2017,OXR,CA,AWP,WE,Federal Contract Tower,0,1,20,0,21,0,11,82,0,93,0,12,102,0,114,226,0,226,340
02/26/2017,OXR,CA,AWP,WE,Federal Contract Tower,0,1,10,0,11,0,2,24,0,26,0,3,34,0,37,54,0,54,91
02/27/2017,OXR,CA,AWP,WE,Federal Contract Tower,0,2,19,0,21,0,20,49,0,69,0,22,68,0,90,110,0,110,200
02/28/2017,OXR,CA,AWP,WE,Federal Contract Tower,0,3,24,0,27,0,25,81,0,106,0,28,105,0,133,126,0,126,259
03/01/2017,OXR,CA,AWP,WE,Federal Contract Tower,0,2,15,0,17,0,22,35,2,59,0,24,50,2,76,40,0,40,116
03/02/2017,OXR,CA,AWP,WE,Federal Contract Tower,0,2,13,0,15,0,11,67,4,82,0,13,80,4,97,62,0,62,159
03/03/2017,OXR,CA,AWP,WE,Federal Contract Tower,0,2,12,0,14,0,12,112,4,128,0,14,124,4,142,238,0,238,380
03/04/2017,OXR,CA,AWP,WE,Federal Contract Tower,0,2,10,0,12,0,7,90,2,99,0,9,100,2,111,222,0,222,333
03/05/2017,OXR,CA,AWP,WE,Federal Contract Tower,0,2,20,0,22,0,6,20,0,26,0,8,40,0,48,10,0,10,58
03/06/2017,OXR,CA,AWP,WE,Federal Contract Tower,0,1,12,0,13,0,7,88,0,95,0,8,100,0,108,148,0,148,256
03/07/2017,OXR,CA,AWP,WE,Federal Contract Tower,0,5,10,0,15,0,23,89,0,112,0,28,99,0,127,176,0,176,303
03/08/2017,OXR,CA,AWP,WE,Federal Contract Tower,0,4,20,0,24,0,10,64,0,74,0,14,84,0,98,178,0,178,276
03/09/2017,OXR,CA,AWP,WE,Federal Contract Tower,0,8,10,0,18,0,16,77,0,93,0,24,87,0,111,196,0,196,307
03/10/2017,OXR,CA,AWP,WE,Federal Contract Tower,0,10,13,0,23,0,19,74,0,93,0,29,87,0,116,102,0,102,218
03/11/2017,OXR,CA,AWP,WE,Federal Contract Tower,0,3,17,0,20,0,4,103,0,107,0,7,120,0,127,224,0,224,351
03/12/2017,OXR,CA,AWP,WE,Federal Contract Tower,0,5,19,0,24,0,3,47,0,50,0,8,66,0,74,108,0,108,182
03/13/2017,OXR,CA,AWP,WE,Federal Contract Tower,0,1,13,0,14,0,18,38,0,56,0,19,51,0,70,64,0,64,134
03/14/2017,OXR,CA,AWP,WE,Federal Contract Tower,0,10,12,0,22,0,20,52,0,72,0,30,64,0,94,34,0,34,128
03/15/2017,OXR,CA,AWP,WE,Federal Contract Tower,0,4,19,0,23,0,5,40,0,45,0,9,59,0,68,26,0,26,94
03/16/2017,OXR,CA,AWP,WE,Federal Contract Tower,0,2,18,0,20,0,24,84,0,108,0,26,102,0,128,148,0,148,276
03/17/2017,OXR,CA,AWP,WE,Federal Contract Tower,0,8,17,0,25,0,8,36,0,44,0,16,53,0,69,44,0,44,113
03/18/2017,OXR,CA,AWP,WE,Federal Contract Tower,0,4,25,0,29,0,0,24,0,24,0,4,49,0,53,22,0,22,75
03/19/2017,OXR,CA,AWP,WE,Federal Contract Tower,0,7,22,0,29,0,2,32,0,34,0,9,54,0,63,36,0,36,99
03/20/2017,OXR,CA,AWP,WE,Federal Contract Tower,0,11,26,0,37,0,22,37,0,59,0,33,63,0,96,136,0,136,232
03/21/2017,OXR,CA,AWP,WE,Federal Contract Tower,0,6,13,0,19,0,5,4,0,9,0,11,17,0,28,0,0,0,28
03/22/2017,OXR,CA,AWP,WE,Federal Contract Tower,0,3,16,0,19,0,16,16,0,32,0,19,32,0,51,0,0,0,51
03/23/2017,OXR,CA,AWP,WE,Federal Contract Tower,0,1,24,0,25,0,6,87,0,93,0,7,111,0,118,204,0,204,322
03/24/2017,OXR,CA,AWP,WE,Federal Contract Tower,0,3,14,0,17,0,24,70,0,94,0,27,84,0,111,180,0,180,291
03/25/2017,OXR,CA,AWP,WE,Federal Contract Tower,0,2,22,0,24,0,8,51,0,59,0,10,73,0,83,96,0,96,179
03/26/2017,OXR,CA,AWP,WE,Federal Contract Tower,0,3,20,0,23,0,7,90,0,97,0,10,110,0,120,188,0,188,308
03/27/2017,OXR,CA,AWP,WE,Federal Contract Tower,0,0,2,0,2,0,7,54,0,61,0,7,56,0,63,110,0,110,173
03/28/2017,OXR,CA,AWP,WE,Federal Contract Tower,0,0,6,0,6,0,19,84,0,103,0,19,90,0,109,140,0,140,249
03/29/2017,OXR,CA,AWP,WE,Federal Contract Tower,0,4,5,0,9,0,14,62,0,76,0,18,67,0,85,108,0,108,193
03/30/2017,OXR,CA,AWP,WE,Federal Contract Tower,0,4,14,0,18,0,8,49,0,57,0,12,63,0,75,103,0,103,178
03/31/2017,OXR,CA,AWP,WE,Federal Contract Tower,0,2,12,0,14,0,14,67,0,81,0,16,79,0,95,98,0,98,193
04/01/2017,OXR,CA,AWP,WE,Federal Contract Tower,0,1,17,0,18,0,10,70,0,80,0,11,87,0,98,204,0,204,302
04/02/2017,OXR,CA,AWP,WE,Federal Contract Tower,0,5,9,0,14,0,10,84,0,94,0,15,93,0,108,154,0,154,262
04/03/2017,OXR,CA,AWP,WE,Federal Contract Tower,0,7,19,0,26,0,6,18,0,24,0,13,37,0,50,20,0,20,70
04/04/2017,OXR,CA,AWP,WE,Federal Contract Tower,0,2,12,0,14,0,10,63,0,73,0,12,75,0,87,64,0,64,151
04/05/2017,OXR,CA,AWP,WE,Federal Contract Tower,0,2,21,0,23,0,21,71,2,94,0,23,92,2,117,208,0,208,325
04/06/2017,OXR,CA,AWP,WE,Federal Contract Tower,0,6,27,0,33,0,28,62,0,90,0,34,89,0,123,122,0,122,245
04/07/2017,OXR,CA,AWP,WE,Federal Contract Tower,0,2,23,0,25,0,6,67,0,73,0,8,90,0,98,202,0,202,300
04/08/2017,OXR,CA,AWP,WE,Federal Contract Tower,0,9,20,0,29,0,6,57,2,65,0,15,77,2,94,118,28,146,240
04/09/2017,OXR,CA,AWP,WE,Federal Contract Tower,0,1,7,0,8,0,4,64,0,68,0,5,71,0,76,88,0,88,164
04/10/2017,OXR,CA,AWP,WE,Federal Contract Tower,0,1,16,0,17,0,3,84,0,87,0,4,100,0,104,176,0,176,280
04/11/2017,OXR,CA,AWP,WE,Federal Contract Tower,0,1,16,0,17,0,10,59,0,69,0,11,75,0,86,80,0,80,166
04/12/2017,OXR,CA,AWP,WE,Federal Contract Tower,0,4,19,0,23,0,8,67,0,75,0,12,86,0,98,88,0,88,186
04/13/2017,OXR,CA,AWP,WE,Federal Contract Tower,0,2,32,0,34,0,1,38,2,41,0,3,70,2,75,64,0,64,139
04/14/2017,OXR,CA,AWP,WE,Federal Contract Tower,0,2,14,2,18,0,8,91,0,99,0,10,105,2,117,134,0,134,251
04/15/2017,OXR,CA,AWP,WE,Federal Contract Tower,0,1,10,0,11,0,12,82,0,94,0,13,92,0,105,158,0,158,263
04/16/2017,OXR,CA,AWP,WE,Federal Contract Tower,0,3,9,0,12,0,5,63,0,68,0,8,72,0,80,108,0,108,188
04/17/2017,OXR,CA,AWP,WE,Federal Contract Tower,0,13,26,0,39,0,10,17,0,27,0,23,43,0,66,32,0,32,98
04/18/2017,OXR,CA,AWP,WE,Federal Contract Tower,0,5,41,0,46,0,7,23,2,32,0,12,64,2,78,38,0,38,116
04/19/2017,OXR,CA,AWP,WE,Federal Contract Tower,0,1,15,0,16,0,14,70,0,84,0,15,85,0,100,68,0,68,168
04/20/2017,OXR,CA,AWP,WE,Federal Contract Tower,0,2,10,0,12,0,9,98,0,107,0,11,108,0,119,216,0,216,335
04/21/2017,OXR,CA,AWP,WE,Federal Contract Tower,0,0,13,0,13,0,10,83,0,93,0,10,96,0,106,112,0,112,218
04/22/2017,OXR,CA,AWP,WE,Federal Contract Tower,0,0,13,2,15,0,7,71,0,78,0,7,84,2,93,160,0,160,253
04/23/2017,OXR,CA,AWP,WE,Federal Contract Tower,0,0,12,0,12,0,8,81,0,89,0,8,93,0,101,264,0,264,365
04/24/2017,OXR,CA,AWP,WE,Federal Contract Tower,0,2,11,2,15,0,14,81,0,95,0,16,92,2,110,172,0,172,282
04/25/2017,OXR,CA,AWP,WE,Federal Contract Tower,0,2,7,0,9,0,7,42,0,49,0,9,49,0,58,66,0,66,124
04/26/2017,OXR,CA,AWP,WE,Federal Contract Tower,0,1,11,0,12,0,9,50,0,59,0,10,61,0,71,40,0,40,111
04/27/2017,OXR,CA,AWP,WE,Federal Contract Tower,0,4,11,0,15,0,12,100,0,112,0,16,111,0,127,182,0,182,309
04/28/2017,OXR,CA,AWP,WE,Federal Contract Tower,0,0,9,0,9,0,9,59,0,68,0,9,68,0,77,64,0,64,141
04/29/2017,OXR,CA,AWP,WE,Federal Contract Tower,0,2,7,0,9,0,2,46,0,48,0,4,53,0,57,18,0,18,75
04/30/2017,OXR,CA,AWP,WE,Federal Contract Tower,0,0,12,0,12,0,8,105,0,113,0,8,117,0,125,188,0,188,313
05/01/2017,OXR,CA,AWP,WE,Federal Contract Tower,0,0,10,0,10,0,19,77,0,96,0,19,87,0,106,106,0,106,212
05/02/2017,OXR,CA,AWP,WE,Federal Contract Tower,0,0,14,0,14,0,14,56,0,70,0,14,70,0,84,136,0,136,220
05/03/2017,OXR,CA,AWP,WE,Federal Contract Tower,0,2,12,0,14,0,11,78,0,89,0,13,90,0,103,158,0,158,261
05/04/2017,OXR,CA,AWP,WE,Federal Contract Tower,0,4,44,0,48,0,2,0,0,2,0,6,44,0,50,0,0,0,50
05/05/2017,OXR,CA,AWP,WE,Federal Contract Tower,0,13,33,0,46,0,3,2,0,5,0,16,35,0,51,0,0,0,51
05/06/2017,OXR,CA,AWP,WE,Federal Contract Tower,0,3,40,0,43,0,2,9,0,11,0,5,49,0,54,54,0,54,108
05/07/2017,OXR,CA,AWP,WE,Federal Contract Tower,0,2,14,0,16,0,6,29,0,35,0,8,43,0,51,64,0,64,115
05/08/2017,OXR,CA,AWP,WE,Federal Contract Tower,0,1,18,2,21,0,9,106,0,115,0,10,124,2,136,166,0,166,302
05/09/2017,OXR,CA,AWP,WE,Federal Contract Tower,0,3,12,0,15,0,13,30,0,43,0,16,42,0,58,8,0,8,66
05/10/2017,OXR,CA,AWP,WE,Federal Contract Tower,0,8,29,0,37,0,22,21,0,43,0,30,50,0,80,68,0,68,148
05/11/2017,OXR,CA,AWP,WE,Federal Contract Tower,0,2,23,0,25,0,14,91,0,105,0,16,114,0,130,126,0,126,256
05/12/2017,OXR,CA,AWP,WE,Federal Contract Tower,0,8,14,0,22,0,14,43,0,57,0,22,57,0,79,34,0,34,113
05/13/2017,OXR,CA,AWP,WE,Federal Contract Tower,0,2,9,0,11,0,3,86,0,89,0,5,95,0,100,240,0,240,340
05/14/2017,OXR,CA,AWP,WE,Federal Contract Tower,0,1,14,0,15,0,8,91,0,99,0,9,105,0,114,138,0,138,252
05/15/2017,OXR,CA,AWP,WE,Federal Contract Tower,0,4,15,0,19,0,19,33,2,54,0,23,48,2,73,54,6,60,133
05/16/2017,OXR,CA,AWP,WE,Federal Contract Tower,0,4,21,0,25,0,13,60,0,73,0,17,81,0,98,120,0,120,218
05/17/2017,OXR,CA,AWP,WE,Federal Contract Tower,0,0,18,0,18,0,26,51,8,85,0,26,69,8,103,168,0,168,271
05/18/2017,OXR,CA,AWP,WE,Federal Contract Tower,0,4,22,0,26,0,15,84,0,99,0,19,106,0,125,112,0,112,237
05/19/2017,OXR,CA,AWP,WE,Federal Contract Tower,0,5,11,0,16,0,12,75,0,87,0,17,86,0,103,106,0,106,209
05/20/2017,OXR,CA,AWP,WE,Federal Contract Tower,0,2,9,0,11,0,1,99,0,100,0,3,108,0,111,172,0,172,283
05/21/2017,OXR,CA,AWP,WE,Federal Contract Tower,0,0,8,0,8,0,6,83,0,89,0,6,91,0,97,196,0,196,293
05/22/2017,OXR,CA,AWP,WE,Federal Contract Tower,0,16,37,0,53,0,5,5,0,10,0,21,42,0,63,0,0,0,63
05/23/2017,OXR,CA,AWP,WE,Federal Contract Tower,0,13,40,0,53,0,10,14,0,24,0,23,54,0,77,36,0,36,113
05/24/2017,OXR,CA,AWP,WE,Federal Contract Tower,0,15,36,0,51,0,7,23,0,30,0,22,59,0,81,10,0,10,91
05/25/2017,OXR,CA,AWP,WE,Federal Contract Tower,0,2,39,0,41,0,9,55,0,64,0,11,94,0,105,158,0,158,263
05/26/2017,OXR,CA,AWP,WE,Federal Contract Tower,0,10,32,0,42,0,6,68,0,74,0,16,100,0,116,166,0,166,282
05/27/2017,OXR,CA,AWP,WE,Federal Contract Tower,0,1,10,0,11,0,5,79,0,84,0,6,89,0,95,164,0,164,259
05/28/2017,OXR,CA,AWP,WE,Federal Contract Tower,0,1,2,0,3,0,10,76,0,86,0,11,78,0,89,106,0,106,195
05/29/2017,OXR,CA,AWP,WE,Federal Contract Tower,0,2,33,0,35,0,2,17,0,19,0,4,50,0,54,20,0,20,74
05/30/2017,OXR,CA,AWP,WE,Federal Contract Tower,0,3,47,4,54,0,13,11,0,24,0,16,58,4,78,32,0,32,110
05/31/2017,OXR,CA,AWP,WE,Federal Contract Tower,0,7,29,2,38,0,8,21,0,29,0,15,50,2,67,26,0,26,93
06/01/2017,OXR,CA,AWP,WE,Federal Contract Tower,0,3,28,0,31,0,13,44,0,57,0,16,72,0,88,72,0,72,160
06/02/2017,OXR,CA,AWP,WE,Federal Contract Tower,0,6,43,0,49,0,4,23,0,27,0,10,66,0,76,52,0,52,128
06/03/2017,OXR,CA,AWP,WE,Federal Contract Tower,0,6,30,0,36,0,2,1,0,3,0,8,31,0,39,0,0,0,39
06/04/2017,OXR,CA,AWP,WE,Federal Contract Tower,0,9,27,0,36,0,2,4,0,6,0,11,31,0,42,0,0,0,42
06/05/2017,OXR,CA,AWP,WE,Federal Contract Tower,0,9,29,2,40,0,0,0,0,0,0,9,29,2,40,0,0,0,40
06/06/2017,OXR,CA,AWP,WE,Federal Contract Tower,0,9,37,0,46,0,3,12,0,15,0,12,49,0,61,16,0,16,77
06/07/2017,OXR,CA,AWP,WE,Federal Contract Tower,0,10,22,4,36,0,5,16,0,21,0,15,38,4,57,42,0,42,99
06/08/2017,OXR,CA,AWP,WE,Federal Contract Tower,0,3,21,0,24,0,11,34,2,47,0,14,55,2,71,90,0,90,161
06/09/2017,OXR,CA,AWP,WE,Federal Contract Tower,0,4,41,0,45,0,11,51,0,62,0,15,92,0,107,96,0,96,203
06/10/2017,OXR,CA,AWP,WE,Federal Contract Tower,0,4,34,4,42,0,8,50,0,58,0,12,84,4,100,144,0,144,244
06/11/2017,OXR,CA,AWP,WE,Federal Contract Tower,0,0,29,0,29,0,7,44,0,51,0,7,73,0,80,102,0,102,182
06/12/2017,OXR,CA,AWP,WE,Federal Contract Tower,0,2,6,0,8,0,12,71,0,83,0,14,77,0,91,184,0,184,275
06/13/2017,OXR,CA,AWP,WE,Federal Contract Tower,0,2,15,0,17,0,7,67,0,74,0,9,82,0,91,142,0,142,233
06/14/2017,OXR,CA,AWP,WE,Federal Contract Tower,0,3,11,2,16,0,15,95,0,110,0,18,106,2,126,148,0,148,274
06/15/2017,OXR,CA,AWP,WE,Federal Contract Tower,0,4,10,0,14,0,15,98,0,113,0,19,108,0,127,172,0,172,299
06/16/2017,OXR,CA,AWP,WE,Federal Contract Tower,0,2,6,0,8,0,21,85,0,106,0,23,91,0,114,198,0,198,312
06/17/2017,OXR,CA,AWP,WE,Federal Contract Tower,0,0,28,0,28,0,5,60,0,65,0,5,88,0,93,108,0,108,201
06/18/2017,OXR,CA,AWP,WE,Federal Contract Tower,0,4,8,0,12,0,3,62,0,65,0,7,70,0,77,70,0,70,147
06/19/2017,OXR,CA,AWP,WE,Federal Contract Tower,0,13,7,0,20,0,8,16,0,24,0,21,23,0,44,52,0,52,96
06/20/2017,OXR,CA,AWP,WE,Federal Contract Tower,0,7,33,0,40,0,9,20,0,29,0,16,53,0,69,26,0,26,95
06/21/2017,OXR,CA,AWP,WE,Federal Contract Tower,0,1,7,0,8,0,6,65,0,71,0,7,72,0,79,76,0,76,155
06/22/2017,OXR,CA,AWP,WE,Federal Contract Tower,0,12,51,4,67,0,2,5,0,7,0,14,56,4,74,14,0,14,88
06/23/2017,OXR,CA,AWP,WE,Federal Contract Tower,0,13,32,4,49,0,10,1,0,11,0,23,33,4,60,18,0,18,78
06/24/2017,OXR,CA,AWP,WE,Federal Contract Tower,0,0,26,0,26,0,3,68,0,71,0,3,94,0,97,70,0,70,167
06/25/2017,OXR,CA,AWP,WE,Federal Contract Tower,0,1,6,0,7,0,11,100,0,111,0,12,106,0,118,164,0,164,282
06/26/2017,OXR,CA,AWP,WE,Federal Contract Tower,0,1,10,0,11,0,14,73,0,87,0,15,83,0,98,196,0,196,294
06/27/2017,OXR,CA,AWP,WE,Federal Contract Tower,0,2,6,0,8,0,22,68,0,90,0,24,74,0,98,146,0,146,244
06/28/2017,OXR,CA,AWP,WE,Federal Contract Tower,0,2,16,0,18,0,10,79,1,90,0,12,95,1,108,102,0,102,210
06/29/2017,OXR,CA,AWP,WE,Federal Contract Tower,0,3,26,8,37,0,25,53,2,80,0,28,79,10,117,126,0,126,243
06/30/2017,OXR,CA,AWP,WE,Federal Contract Tower,0,4,20,0,24,0,4,26,0,30,0,8,46,0,54,50,0,50,104
07/01/2017,OXR,CA,AWP,WE,Federal Contract Tower,0,3,27,0,30,0,1,9,0,10,0,4,36,0,40,6,0,6,46
07/02/2017,OXR,CA,AWP,WE,Federal Contract Tower,0,2,6,0,8,0,4,45,0,49,0,6,51,0,57,70,0,70,127
07/03/2017,OXR,CA,AWP,WE,Federal Contract Tower,0,1,20,2,23,0,8,56,0,64,0,9,76,2,87,118,0,118,205
07/04/2017,OXR,CA,AWP,WE,Federal Contract Tower,0,3,15,0,18,0,0,23,0,23,0,3,38,0,41,18,0,18,59
07/05/2017,OXR,CA,AWP,WE,Federal Contract Tower,0,5,13,0,18,0,8,73,0,81,0,13,86,0,99,84,0,84,183
07/06/2017,OXR,CA,AWP,WE,Federal Contract Tower,0,2,10,0,12,0,12,64,0,76,0,14,74,0,88,166,0,166,254
07/07/2017,OXR,CA,AWP,WE,Federal Contract Tower,0,0,3,0,3,0,16,75,0,91,0,16,78,0,94,160,0,160,254
07/08/2017,OXR,CA,AWP,WE,Federal Contract Tower,0,14,0,0,14,0,8,101,0,109,0,22,101,0,123,226,0,226,349
07/09/2017,OXR,CA,AWP,WE,Federal Contract Tower,0,0,13,0,13,0,5,92,0,97,0,5,105,0,110,218,0,218,328
07/10/2017,OXR,CA,AWP,WE,Federal Contract Tower,0,0,5,0,5,0,9,43,0,52,0,9,48,0,57,72,0,72,129
07/11/2017,OXR,CA,AWP,WE,Federal Contract Tower,0,0,23,0,23,0,18,54,0,72,0,18,77,0,95,28,0,28,123
07/12/2017,OXR,CA,AWP,WE,Federal Contract Tower,0,8,25,0,33,0,7,30,0,37,0,15,55,0,70,20,0,20,90
07/13/2017,OXR,CA,AWP,WE,Federal Contract Tower,0,7,19,0,26,0,2,25,0,27,0,9,44,0,53,42,0,42,95
07/14/2017,OXR,CA,AWP,WE,Federal Contract Tower,0,3,23,0,26,0,2,23,0,25,0,5,46,0,51,40,0,40,91
07/15/2017,OXR,CA,AWP,WE,Federal Contract Tower,0,0,8,0,8,0,2,69,0,71,0,2,77,0,79,182,0,182,261
07/16/2017,OXR,CA,AWP,WE,Federal Contract Tower,0,0,7,0,7,0,3,66,0,69,0,3,73,0,76,114,0,114,190
07/17/2017,OXR,CA,AWP,WE,Federal Contract Tower,0,2,19,0,21,0,6,59,0,65,0,8,78,0,86,130,0,130,216
07/18/2017,OXR,CA,AWP,WE,Federal Contract Tower,0,5,25,2,32,0,10,30,0,40,0,15,55,2,72,82,0,82,154
07/19/2017,OXR,CA,AWP,WE,Federal Contract Tower,0,4,25,0,29,0,16,64,0,80,0,20,89,0,109,88,0,88,197
07/20/2017,OXR,CA,AWP,WE,Federal Contract Tower,0,1,9,0,10,0,7,84,0,91,0,8,93,0,101,218,0,218,319
07/21/2017,OXR,CA,AWP,WE,Federal Contract Tower,0,5,22,0,27,0,13,89,0,102,0,18,111,0,129,106,0,106,235
07/22/2017,OXR,CA,AWP,WE,Federal Contract Tower,0,0,26,0,26,0,1,62,0,63,0,1,88,0,89,130,0,130,219
07/23/2017,OXR,CA,AWP,WE,Federal Contract Tower,0,6,34,1,41,0,2,1,0,3,0,8,35,1,44,6,0,6,50
07/24/2017,OXR,CA,AWP,WE,Federal Contract Tower,0,3,19,0,22,0,7,48,0,55,0,10,67,0,77,58,0,58,135
07/25/2017,OXR,CA,AWP,WE,Federal Contract Tower,0,3,17,1,21,0,11,70,1,82,0,14,87,2,103,128,0,128,231
07/26/2017,OXR,CA,AWP,WE,Federal Contract Tower,0,2,28,0,30,0,13,67,0,80,0,15,95,0,110,108,0,108,218
07/27/2017,OXR,CA,AWP,WE,Federal Contract Tower,0,6,27,0,33,0,14,61,0,75,0,20,88,0,108,90,0,90,198
07/28/2017,OXR,CA,AWP,WE,Federal Contract Tower,0,5,28,0,33,0,10,35,0,45,0,15,63,0,78,26,0,26,104
07/29/2017,OXR,CA,AWP,WE,Federal Contract Tower,0,3,34,0,37,0,2,22,0,24,0,5,56,0,61,62,0,62,123
07/30/2017,OXR,CA,AWP,WE,Federal Contract Tower,0,2,19,2,23,0,5,17,0,22,0,7,36,2,45,4,0,4,49
07/31/2017,OXR,CA,AWP,WE,Federal Contract Tower,0,5,27,0,32,0,6,48,0,54,0,11,75,0,86,64,0,64,150
08/01/2017,OXR,CA,AWP,WE,Federal Contract Tower,0,3,11,0,14,0,19,62,0,81,0,22,73,0,95,148,0,148,243
08/02/2017,OXR,CA,AWP,WE,Federal Contract Tower,0,4,14,0,18,0,3,56,0,59,0,7,70,0,77,92,0,92,169
08/03/2017,OXR,CA,AWP,WE,Federal Contract Tower,0,3,24,0,27,0,11,77,2,90,0,14,101,2,117,118,12,130,247
08/04/2017,OXR,CA,AWP,WE,Federal Contract Tower,0,2,19,0,21,0,8,79,0,87,0,10,98,0,108,138,0,138,246
08/05/2017,OXR,CA,AWP,WE,Federal Contract Tower,0,0,23,1,24,0,2,20,1,23,0,2,43,2,47,48,0,48,95
08/06/2017,OXR,CA,AWP,WE,Federal Contract Tower,0,5,15,0,20,0,2,31,0,33,0,7,46,0,53,32,0,32,85
08/07/2017,OXR,CA,AWP,WE,Federal Contract Tower,0,6,10,0,16,0,15,54,0,69,0,21,64,0,85,74,0,74,159
08/08/2017,OXR,CA,AWP,WE,Federal Contract Tower,0,0,20,0,20,0,16,78,0,94,0,16,98,0,114,150,0,150,264
08/09/2017,OXR,CA,AWP,WE,Federal Contract Tower,0,2,9,1,12,0,7,65,0,72,0,9,74,1,84,178,0,178,262
08/10/2017,OXR,CA,AWP,WE,Federal Contract Tower,0,9,23,0,32,0,20,60,0,80,0,29,83,0,112,130,0,130,242
08/11/2017,OXR,CA,AWP,WE,Federal Contract Tower,0,1,22,0,23,0,6,72,0,78,0,7,94,0,101,130,0,130,231
08/12/2017,OXR,CA,AWP,WE,Federal Contract Tower,0,8,25,2,35,0,0,7,0,7,0,8,32,2,42,2,0,2,44
08/13/2017,OXR,CA,AWP,WE,Federal Contract Tower,0,2,31,4,37,0,2,31,0,33,0,4,62,4,70,34,0,34,104
08/14/2017,OXR,CA,AWP,WE,Federal Contract Tower,0,2,20,1,23,0,9,27,0,36,0,11,47,1,59,76,0,76,135
08/15/2017,OXR,CA,AWP,WE,Federal Contract Tower,0,4,22,0,26,0,11,37,0,48,0,15,59,0,74,80,0,80,154
08/16/2017,OXR,CA,AWP,WE,Federal Contract Tower,0,1,24,0,25,0,12,46,0,58,0,13,70,0,83,184,0,184,267
08/17/2017,OXR,CA,AWP,WE,Federal Contract Tower,0,0,7,0,7,0,26,84,0,110,0,26,91,0,117,210,0,210,327
08/18/2017,OXR,CA,AWP,WE,Federal Contract Tower,0,2,28,0,30,0,19,73,0,92,0,21,101,0,122,168,0,168,290
08/19/2017,OXR,CA,AWP,WE,Federal Contract Tower,0,3,21,0,24,0,0,20,0,20,0,3,41,0,44,78,0,78,122
08/20/2017,OXR,CA,AWP,WE,Federal Contract Tower,0,5,21,0,26,0,2,41,0,43,0,7,62,0,69,4,0,4,73
08/21/2017,OXR,CA,AWP,WE,Federal Contract Tower,0,0,16,0,16,0,6,56,0,62,0,6,72,0,78,46,0,46,124
08/22/2017,OXR,CA,AWP,WE,Federal Contract Tower,0,1,26,0,27,0,11,95,0,106,0,12,121,0,133,98,0,98,231
08/23/2017,OXR,CA,AWP,WE,Federal Contract Tower,0,10,37,0,47,0,3,11,0,14,0,13,48,0,61,12,0,12,73
08/24/2017,OXR,CA,AWP,WE,Federal Contract Tower,0,6,38,0,44,0,13,47,0,60,0,19,85,0,104,94,0,94,198
08/25/2017,OXR,CA,AWP,WE,Federal Contract Tower,0,6,28,0,34,0,9,16,0,25,0,15,44,0,59,14,0,14,73
08/26/2017,OXR,CA,AWP,WE,Federal Contract Tower,0,2,36,0,38,0,1,7,0,8,0,3,43,0,46,22,0,22,68
08/27/2017,OXR,CA,AWP,WE,Federal Contract Tower,0,10,28,0,38,0,0,7,0,7,0,10,35,0,45,0,0,0,45
08/28/2017,OXR,CA,AWP,WE,Federal Contract Tower,0,5,9,0,14,0,2,22,0,24,0,7,31,0,38,14,0,14,52
08/29/2017,OXR,CA,AWP,WE,Federal Contract Tower,0,1,9,0,10,0,18,66,0,84,0,19,75,0,94,156,0,156,250
08/30/2017,OXR,CA,AWP,WE,Federal Contract Tower,0,3,9,0,12,0,21,75,0,96,0,24,84,0,108,86,0,86,194
08/31/2017,OXR,CA,AWP,WE,Federal Contract Tower,0,5,9,0,14,0,29,61,0,90,0,34,70,0,104,182,0,182,286
09/01/2017,OXR,CA,AWP,WE,Federal Contract Tower,0,4,9,0,13,0,10,57,0,67,0,14,66,0,80,170,0,170,250
09/02/2017,OXR,CA,AWP,WE,Federal Contract Tower,0,2,6,3,11,0,8,91,1,100,0,10,97,4,111,224,0,224,335
09/03/2017,OXR,CA,AWP,WE,Federal Contract Tower,0,1,10,0,11,0,5,36,0,41,0,6,46,0,52,74,0,74,126
09/04/2017,OXR,CA,AWP,WE,Federal Contract Tower,0,4,40,4,48,0,15,20,0,35,0,19,60,4,83,86,0,86,169
09/05/2017,OXR,CA,AWP,WE,Federal Contract Tower,0,4,37,0,41,0,10,53,0,63,0,14,90,0,104,118,0,118,222
09/06/2017,OXR,CA,AWP,WE,Federal Contract Tower,0,7,30,1,38,0,5,29,0,34,0,12,59,1,72,30,0,30,102
09/07/2017,OXR,CA,AWP,WE,Federal Contract Tower,0,6,21,0,27,0,25,69,0,94,0,31,90,0,121,150,0,150,271
09/08/2017,OXR,CA,AWP,WE,Federal Contract Tower,0,13,29,0,42,0,13,37,0,50,0,26,66,0,92,132,0,132,224
09/09/2017,OXR,CA,AWP,WE,Federal Contract Tower,0,11,15,0,26,0,7,51,0,58,0,18,66,0,84,118,0,118,202
09/10/2017,OXR,CA,AWP,WE,Federal Contract Tower,0,0,6,0,6,0,3,42,0,45,0,3,48,0,51,52,0,52,103
09/11/2017,OXR,CA,AWP,WE,Federal Contract Tower,0,2,7,0,9,0,12,58,0,70,0,14,65,0,79,140,0,140,219
09/12/2017,OXR,CA,AWP,WE,Federal Contract Tower,0,5,37,0,42,0,5,47,0,52,0,10,84,0,94,62,0,62,156
09/13/2017,OXR,CA,AWP,WE,Federal Contract Tower,0,2,25,0,27,0,26,67,0,93,0,28,92,0,120,100,0,100,220
09/14/2017,OXR,CA,AWP,WE,Federal Contract Tower,0,2,35,0,37,0,21,41,0,62,0,23,76,0,99,122,0,122,221
09/15/2017,OXR,CA,AWP,WE,Federal Contract Tower,0,6,18,0,24,0,20,69,0,89,0,26,87,0,113,190,0,190,303
09/16/2017,OXR,CA,AWP,WE,Federal Contract Tower,0,2,19,0,21,0,3,98,0,101,0,5,117,0,122,184,0,184,306
09/17/2017,OXR,CA,AWP,WE,Federal Contract Tower,0,6,14,0,20,0,9,25,0,34,0,15,39,0,54,62,0,62,116
09/18/2017,OXR,CA,AWP,WE,Federal Contract Tower,0,11,26,0,37,0,4,19,0,23,0,15,45,0,60,36,0,36,96
09/19/2017,OXR,CA,AWP,WE,Federal Contract Tower,0,7,27,0,34,0,7,33,0,40,0,14,60,0,74,102,0,102,176
09/20/2017,OXR,CA,AWP,WE,Federal Contract Tower,0,2,25,0,27,0,9,49,0,58,0,11,74,0,85,104,0,104,189
09/21/2017,OXR,CA,AWP,WE,Federal Contract Tower,0,4,18,0,22,0,22,46,0,68,0,26,64,0,90,172,0,172,262
09/22/2017,OXR,CA,AWP,WE,Federal Contract Tower,0,2,16,0,18,0,5,110,0,115,0,7,126,0,133,164,0,164,297
09/23/2017,OXR,CA,AWP,WE,Federal Contract Tower,0,0,16,0,16,0,4,77,0,81,0,4,93,0,97,242,0,242,339
09/24/2017,OXR,CA,AWP,WE,Federal Contract Tower,0,1,8,0,9,0,4,66,0,70,0,5,74,0,79,136,0,136,215
09/25/2017,OXR,CA,AWP,WE,Federal Contract Tower,0,3,13,0,16,0,5,57,0,62,0,8,70,0,78,150,0,150,228
09/26/2017,OXR,CA,AWP,WE,Federal Contract Tower,0,2,7,0,9,0,7,55,0,62,0,9,62,0,71,136,0,136,207
09/27/2017,OXR,CA,AWP,WE,Federal Contract Tower,0,3,7,0,10,0,10,78,0,88,0,13,85,0,98,158,0,158,256
09/28/2017,OXR,CA,AWP,WE,Federal Contract Tower,0,8,15,0,23,0,4,42,0,46,0,12,57,0,69,74,0,74,143
09/29/2017,OXR,CA,AWP,WE,Federal Contract Tower,0,2,9,0,11,0,11,105,0,116,0,13,114,0,127,202,0,202,329
09/30/2017,OXR,CA,AWP,WE,Federal Contract Tower,0,0,6,0,6,0,5,73,0,78,0,5,79,0,84,234,0,234,318
10/01/2017,OXR,CA,AWP,WE,Federal Contract Tower,0,0,18,0,18,0,4,42,1,47,0,4,60,1,65,54,0,54,119
10/02/2017,OXR,CA,AWP,WE,Federal Contract Tower,0,3,13,0,16,0,6,50,0,56,0,9,63,0,72,66,0,66,138
10/03/2017,OXR,CA,AWP,WE,Federal Contract Tower,0,4,15,0,19,0,16,41,2,59,0,20,56,2,78,88,0,88,166
10/04/2017,OXR,CA,AWP,WE,Federal Contract Tower,0,4,8,0,12,0,7,67,0,74,0,11,75,0,86,126,0,126,212
10/05/2017,OXR,CA,AWP,WE,Federal Contract Tower,0,10,14,0,24,0,15,106,1,122,0,25,120,1,146,206,0,206,352
10/06/2017,OXR,CA,AWP,WE,Federal Contract Tower,0,7,9,0,16,0,6,81,2,89,0,13,90,2,105,118,0,118,223
10/07/2017,OXR,CA,AWP,WE,Federal Contract Tower,0,1,7,0,8,0,3,102,2,107,0,4,109,2,115,224,0,224,339
10/08/2017,OXR,CA,AWP,WE,Federal Contract Tower,0,7,15,0,22,0,4,55,0,59,0,11,70,0,81,48,0,48,129
10/10/2017,OXR,CA,AWP,WE,Federal Contract Tower,0,3,17,0,20,0,13,55,0,68,0,16,72,0,88,110,22,132,220
10/11/2017,OXR,CA,AWP,WE,Federal Contract Tower,0,2,20,2,24,0,23,57,0,80,0,25,77,2,104,118,0,118,222
10/12/2017,OXR,CA,AWP,WE,Federal Contract Tower,0,3,22,0,25,0,16,86,0,102,0,19,108,0,127,124,0,124,251
10/13/2017,OXR,CA,AWP,WE,Federal Contract Tower,0,6,18,0,24,0,16,78,1,95,0,22,96,1,119,150,0,150,269
10/14/2017,OXR,CA,AWP,WE,Federal Contract Tower,0,1,5,0,6,0,5,62,2,69,0,6,67,2,75,92,0,92,167
10/15/2017,OXR,CA,AWP,WE,Federal Contract Tower,0,1,9,0,10,0,5,40,4,49,0,6,49,4,59,70,0,70,129
10/16/2017,OXR,CA,AWP,WE,Federal Contract Tower,0,6,12,0,18,0,2,65,0,67,0,8,77,0,85,154,0,154,239
10/17/2017,OXR,CA,AWP,WE,Federal Contract Tower,0,3,5,0,8,0,16,63,0,79,0,19,68,0,87,104,0,104,191
10/18/2017,OXR,CA,AWP,WE,Federal Contract Tower,0,2,17,0,19,0,25,56,0,81,0,27,73,0,100,144,0,144,244
10/19/2017,OXR,CA,AWP,WE,Federal Contract Tower,0,2,23,0,25,0,5,90,2,97,0,7,113,2,122,248,0,248,370
10/20/2017,OXR,CA,AWP,WE,Federal Contract Tower,0,7,16,0,23,0,5,59,2,66,0,12,75,2,89,106,0,106,195
10/21/2017,OXR,CA,AWP,WE,Federal Contract Tower,0,0,14,0,14,0,2,86,0,88,0,2,100,0,102,200,0,200,302
10/22/2017,OXR,CA,AWP,WE,Federal Contract Tower,0,2,18,0,20,0,7,104,3,114,0,9,122,3,134,166,0,166,300
10/23/2017,OXR,CA,AWP,WE,Federal Contract Tower,0,2,3,0,5,0,11,17,0,28,0,13,20,0,33,18,12,30,63
10/24/2017,OXR,CA,AWP,WE,Federal Contract Tower,0,3,5,0,8,0,20,8,0,28,0,23,13,0,36,0,0,0,36
10/25/2017,OXR,CA,AWP,WE,Federal Contract Tower,0,4,29,0,33,0,10,67,0,77,0,14,96,0,110,110,0,110,220
10/26/2017,OXR,CA,AWP,WE,Federal Contract Tower,0,2,16,0,18,0,6,65,0,71,0,8,81,0,89,174,0,174,263
10/27/2017,OXR,CA,AWP,WE,Federal Contract Tower,0,2,16,0,18,0,11,66,0,77,0,13,82,0,95,108,0,108,203
10/28/2017,OXR,CA,AWP,WE,Federal Contract Tower,0,5,37,0,42,0,0,17,0,17,0,5,54,0,59,18,0,18,77
10/29/2017,OXR,CA,AWP,WE,Federal Contract Tower,0,7,19,3,29,0,0,9,0,9,0,7,28,3,38,8,0,8,46
10/30/2017,OXR,CA,AWP,WE,Federal Contract Tower,0,9,45,0,54,0,14,29,0,43,0,23,74,0,97,76,0,76,173
10/31/2017,OXR,CA,AWP,WE,Federal Contract Tower,0,2,18,0,20,0,19,35,0,54,0,21,53,0,74,58,0,58,132
11/01/2017,OXR,CA,AWP,WE,Federal Contract Tower,0,4,23,0,27,0,12,49,0,61,0,16,72,0,88,96,0,96,184
11/02/2017,OXR,CA,AWP,WE,Federal Contract Tower,0,5,14,0,19,0,16,51,0,67,0,21,65,0,86,116,0,116,202
11/03/2017,OXR,CA,AWP,WE,Federal Contract Tower,0,4,16,0,20,0,8,76,0,84,0,12,92,0,104,124,0,124,228
11/04/2017,OXR,CA,AWP,WE,Federal Contract Tower,0,2,26,0,28,0,4,60,0,64,0,6,86,0,92,100,0,100,192
11/05/2017,OXR,CA,AWP,WE,Federal Contract Tower,0,0,7,0,7,0,6,66,0,72,0,6,73,0,79,126,0,126,205
11/06/2017,OXR,CA,AWP,WE,Federal Contract Tower,0,2,15,0,17,0,17,66,0,83,0,19,81,0,100,114,0,114,214
11/07/2017,OXR,CA,AWP,WE,Federal Contract Tower,0,4,11,0,15,0,17,70,0,87,0,21,81,0,102,74,0,74,176
11/08/2017,OXR,CA,AWP,WE,Federal Contract Tower,0,2,10,0,12,0,16,76,0,92,0,18,86,0,104,106,0,106,210
11/09/2017,OXR,CA,AWP,WE,Federal Contract Tower,0,7,24,0,31,0,15,50,0,65,0,22,74,0,96,74,0,74,170
11/10/2017,OXR,CA,AWP,WE,Federal Contract Tower,0,5,24,0,29,0,4,60,0,64,0,9,84,0,93,144,0,144,237
11/11/2017,OXR,CA,AWP,WE,Federal Contract Tower,0,3,17,0,20,0,5,103,0,108,0,8,120,0,128,260,0,260,388
11/12/2017,OXR,CA,AWP,WE,Federal Contract Tower,0,0,12,0,12,0,3,92,0,95,0,3,104,0,107,192,0,192,299
11/13/2017,OXR,CA,AWP,WE,Federal Contract Tower,0,2,12,0,14,0,4,81,0,85,0,6,93,0,99,124,0,124,223
11/14/2017,OXR,CA,AWP,WE,Federal Contract Tower,0,4,20,0,24,0,13,72,0,85,0,17,92,0,109,190,0,190,299
11/15/2017,OXR,CA,AWP,WE,Federal Contract Tower,0,2,24,2,28,0,7,77,0,84,0,9,101,2,112,178,0,178,290
11/16/2017,OXR,CA,AWP,WE,Federal Contract Tower,0,2,16,2,20,0,17,80,0,97,0,19,96,2,117,126,0,126,243
11/17/2017,OXR,CA,AWP,WE,Federal Contract Tower,0,6,25,0,31,0,4,47,0,51,0,10,72,0,82,114,0,114,196
11/18/2017,OXR,CA,AWP,WE,Federal Contract Tower,0,3,12,0,15,0,13,60,0,73,0,16,72,0,88,162,0,162,250
11/19/2017,OXR,CA,AWP,WE,Federal Contract Tower,0,0,15,2,17,0,4,84,0,88,0,4,99,2,105,160,0,160,265
11/20/2017,OXR,CA,AWP,WE,Federal Contract Tower,0,2,8,0,10,0,9,85,0,94,0,11,93,0,104,96,0,96,200
11/21/2017,OXR,CA,AWP,WE,Federal Contract Tower,0,4,16,0,20,0,12,79,0,91,0,16,95,0,111,78,0,78,189
11/22/2017,OXR,CA,AWP,WE,Federal Contract Tower,0,2,7,0,9,0,3,76,0,79,0,5,83,0,88,44,0,44,132
11/23/2017,OXR,CA,AWP,WE,Federal Contract Tower,0,2,4,0,6,0,0,48,0,48,0,2,52,0,54,30,0,30,84
11/24/2017,OXR,CA,AWP,WE,Federal Contract Tower,0,2,9,0,11,0,0,77,0,77,0,2,86,0,88,144,0,144,232
11/25/2017,OXR,CA,AWP,WE,Federal Contract Tower,0,1,28,0,29,0,2,71,0,73,0,3,99,0,102,86,0,86,188
11/26/2017,OXR,CA,AWP,WE,Federal Contract Tower,0,3,36,1,40,0,3,22,1,26,0,6,58,2,66,56,0,56,122
11/27/2017,OXR,CA,AWP,WE,Federal Contract Tower,0,5,18,0,23,0,2,37,0,39,0,7,55,0,62,52,0,52,114
11/28/2017,OXR,CA,AWP,WE,Federal Contract Tower,0,2,4,0,6,0,8,42,4,54,0,10,46,4,60,60,2,62,122
11/29/2017,OXR,CA,AWP,WE,Federal Contract Tower,0,4,9,0,13,0,21,53,0,74,0,25,62,0,87,86,0,86,173
11/30/2017,OXR,CA,AWP,WE,Federal Contract Tower,0,2,8,0,10,0,16,93,0,109,0,18,101,0,119,106,0,106,225
12/01/2017,OXR,CA,AWP,WE,Federal Contract Tower,0,2,13,0,15,0,6,85,0,91,0,8,98,0,106,178,0,178,284
12/02/2017,OXR,CA,AWP,WE,Federal Contract Tower,0,0,30,0,30,0,11,101,0,112,0,11,131,0,142,209,0,209,351
12/03/2017,OXR,CA,AWP,WE,Federal Contract Tower,0,1,10,0,11,0,3,68,0,71,0,4,78,0,82,202,0,202,284
12/04/2017,OXR,CA,AWP,WE,Federal Contract Tower,0,2,3,0,5,0,5,16,0,21,0,7,19,0,26,14,0,14,40
12/05/2017,OXR,CA,AWP,WE,Federal Contract Tower,0,3,4,0,7,0,12,10,0,22,0,15,14,0,29,0,0,0,29
12/06/2017,OXR,CA,AWP,WE,Federal Contract Tower,0,4,11,0,15,0,3,12,2,17,0,7,23,2,32,0,0,0,32
12/07/2017,OXR,CA,AWP,WE,Federal Contract Tower,0,4,8,0,12,0,8,10,0,18,0,12,18,0,30,10,0,10,40
12/08/2017,OXR,CA,AWP,WE,Federal Contract Tower,0,2,8,0,10,0,0,8,0,8,0,2,16,0,18,0,0,0,18
12/09/2017,OXR,CA,AWP,WE,Federal Contract Tower,0,0,2,0,2,0,10,15,0,25,0,10,17,0,27,6,0,6,33
12/10/2017,OXR,CA,AWP,WE,Federal Contract Tower,0,0,9,0,9,0,8,10,0,18,0,8,19,0,27,2,0,2,29
12/11/2017,OXR,CA,AWP,WE,Federal Contract Tower,0,2,6,0,8,0,14,33,0,47,0,16,39,0,55,74,0,74,129
12/12/2017,OXR,CA,AWP,WE,Federal Contract Tower,0,3,8,0,11,0,3,31,0,34,0,6,39,0,45,28,0,28,73
12/13/2017,OXR,CA,AWP,WE,Federal Contract Tower,0,4,18,0,22,0,8,22,0,30,0,12,40,0,52,12,0,12,64
12/14/2017,OXR,CA,AWP,WE,Federal Contract Tower,0,2,6,0,8,0,10,19,0,29,0,12,25,0,37,34,0,34,71
12/15/2017,OXR,CA,AWP,WE,Federal Contract Tower,0,3,8,0,11,0,16,51,0,67,0,19,59,0,78,112,0,112,190
12/16/2017,OXR,CA,AWP,WE,Federal Contract Tower,0,0,6,0,6,0,3,38,0,41,0,3,44,0,47,196,0,196,243
12/17/2017,OXR,CA,AWP,WE,Federal Contract Tower,0,0,5,0,5,0,1,20,0,21,0,1,25,0,26,10,0,10,36
12/18/2017,OXR,CA,AWP,WE,Federal Contract Tower,0,2,10,0,12,0,6,46,0,52,0,8,56,0,64,164,0,164,228
12/19/2017,OXR,CA,AWP,WE,Federal Contract Tower,0,2,18,0,20,0,3,100,0,103,0,5,118,0,123,272,0,272,395
12/20/2017,OXR,CA,AWP,WE,Federal Contract Tower,0,2,29,0,31,0,4,32,0,36,0,6,61,0,67,98,0,98,165
12/21/2017,OXR,CA,AWP,WE,Federal Contract Tower,0,3,12,0,15,0,9,41,0,50,0,12,53,0,65,96,0,96,161
12/22/2017,OXR,CA,AWP,WE,Federal Contract Tower,0,2,9,0,11,0,13,69,0,82,0,15,78,0,93,96,0,96,189
12/23/2017,OXR,CA,AWP,WE,Federal Contract Tower,0,0,9,0,9,0,10,53,0,63,0,10,62,0,72,96,0,96,168
12/24/2017,OXR,CA,AWP,WE,Federal Contract Tower,0,0,5,0,5,0,12,41,0,53,0,12,46,0,58,92,0,92,150
12/25/2017,OXR,CA,AWP,WE,Federal Contract Tower,0,0,2,0,2,0,6,34,0,40,0,6,36,0,42,12,0,12,54
12/26/2017,OXR,CA,AWP,WE,Federal Contract Tower,0,2,7,0,9,0,12,70,0,82,0,14,77,0,91,78,0,78,169
12/27/2017,OXR,CA,AWP,WE,Federal Contract Tower,0,2,8,2,12,0,15,80,0,95,0,17,88,2,107,144,0,144,251
12/28/2017,OXR,CA,AWP,WE,Federal Contract Tower,0,2,7,0,9,0,18,76,0,94,0,20,83,0,103,142,0,142,245
12/29/2017,OXR,CA,AWP,WE,Federal Contract Tower,0,2,5,0,7,0,10,67,0,77,0,12,72,0,84,110,0,110,194
12/30/2017,OXR,CA,AWP,WE,Federal Contract Tower,0,2,9,0,11,0,5,78,0,83,0,7,87,0,94,76,0,76,170
12/31/2017,OXR,CA,AWP,WE,Federal Contract Tower,0,0,7,0,7,0,2,45,0,47,0,2,52,0,54,70,0,70,124
01/01/2018,OXR,CA,AWP,WE,Federal Contract Tower,0,0,1,0,1,0,2,46,0,48,0,2,47,0,49,80,0,80,129
01/02/2018,OXR,CA,AWP,WE,Federal Contract Tower,0,3,13,2,18,0,6,79,2,87,0,9,92,4,105,70,0,70,175
01/03/2018,OXR,CA,AWP,WE,Federal Contract Tower,0,2,11,0,13,0,7,53,0,60,0,9,64,0,73,108,0,108,181
01/04/2018,OXR,CA,AWP,WE,Federal Contract Tower,0,4,18,0,22,0,13,73,0,86,0,17,91,0,108,130,0,130,238
01/05/2018,OXR,CA,AWP,WE,Federal Contract Tower,0,6,17,0,23,0,4,29,0,33,0,10,46,0,56,22,0,22,78
01/06/2018,OXR,CA,AWP,WE,Federal Contract Tower,0,0,35,0,35,0,8,27,0,35,0,8,62,0,70,20,0,20,90
01/07/2018,OXR,CA,AWP,WE,Federal Contract Tower,0,5,14,0,19,0,4,21,0,25,0,9,35,0,44,10,0,10,54
01/08/2018,OXR,CA,AWP,WE,Federal Contract Tower,0,2,12,0,14,0,2,16,0,18,0,4,28,0,32,26,0,26,58
01/09/2018,OXR,CA,AWP,WE,Federal Contract Tower,0,5,11,2,18,0,2,4,4,10,0,7,15,6,28,0,0,0,28
01/10/2018,OXR,CA,AWP,WE,Federal Contract Tower,0,5,9,0,14,0,16,96,0,112,0,21,105,0,126,84,0,84,210
01/11/2018,OXR,CA,AWP,WE,Federal Contract Tower,0,12,19,0,31,0,17,109,5,131,0,29,128,5,162,134,0,134,296
01/12/2018,OXR,CA,AWP,WE,Federal Contract Tower,0,2,18,0,20,0,17,159,0,176,0,19,177,0,196,228,0,228,424
01/13/2018,OXR,CA,AWP,WE,Federal Contract Tower,0,5,9,0,14,0,8,91,0,99,0,13,100,0,113,78,0,78,191
01/14/2018,OXR,CA,AWP,WE,Federal Contract Tower,0,0,1,0,1,0,9,77,0,86,0,9,78,0,87,50,0,50,137
01/15/2018,OXR,CA,AWP,WE,Federal Contract Tower,0,7,14,0,21,0,12,82,0,94,0,19,96,0,115,114,0,114,229
01/16/2018,OXR,CA,AWP,WE,Federal Contract Tower,0,4,14,0,18,0,21,106,0,127,0,25,120,0,145,96,0,96,241
01/17/2018,OXR,CA,AWP,WE,Federal Contract Tower,0,5,11,0,16,0,27,103,0,130,0,32,114,0,146,88,0,88,234
01/18/2018,OXR,CA,AWP,WE,Federal Contract Tower,0,2,27,0,29,0,21,140,1,162,0,23,167,1,191,132,0,132,323
01/19/2018,OXR,CA,AWP,WE,Federal Contract Tower,0,12,36,0,48,0,22,77,0,99,0,34,113,0,147,50,0,50,197
01/20/2018,OXR,CA,AWP,WE,Federal Contract Tower,0,1,10,0,11,0,10,75,0,85,0,11,85,0,96,122,0,122,218
01/21/2018,OXR,CA,AWP,WE,Federal Contract Tower,0,1,10,0,11,0,17,70,0,87,0,18,80,0,98,168,0,168,266
01/22/2018,OXR,CA,AWP,WE,Federal Contract Tower,0,5,8,0,13,0,10,63,0,73,0,15,71,0,86,126,0,126,212
01/23/2018,OXR,CA,AWP,WE,Federal Contract Tower,0,2,9,0,11,0,13,67,0,80,0,15,76,0,91,162,0,162,253
01/24/2018,OXR,CA,AWP,WE,Federal Contract Tower,0,3,11,0,14,0,33,94,0,127,0,36,105,0,141,78,0,78,219
01/25/2018,OXR,CA,AWP,WE,Federal Contract Tower,0,4,22,0,26,0,17,39,0,56,0,21,61,0,82,76,0,76,158
01/26/2018,OXR,CA,AWP,WE,Federal Contract Tower,0,6,16,0,22,0,14,98,0,112,0,20,114,0,134,108,0,108,242
01/27/2018,OXR,CA,AWP,WE,Federal Contract Tower,0,1,10,0,11,0,24,66,0,90,0,25,76,0,101,146,0,146,247
01/28/2018,OXR,CA,AWP,WE,Federal Contract Tower,0,1,6,0,7,0,4,9,0,13,0,5,15,0,20,0,0,0,20
01/29/2018,OXR,CA,AWP,WE,Federal Contract Tower,0,2,1,0,3,0,5,25,0,30,0,7,26,0,33,50,0,50,83
01/30/2018,OXR,CA,AWP,WE,Federal Contract Tower,0,2,9,0,11,0,12,86,0,98,0,14,95,0,109,164,0,164,273
01/31/2018,OXR,CA,AWP,WE,Federal Contract Tower,0,2,14,0,16,0,18,95,2,115,0,20,109,2,131,144,0,144,275
02/01/2018,OXR,CA,AWP,WE,Federal Contract Tower,0,3,18,0,21,0,3,89,0,92,0,6,107,0,113,134,0,134,247
02/02/2018,OXR,CA,AWP,WE,Federal Contract Tower,0,2,17,0,19,0,2,59,0,61,0,4,76,0,80,146,0,146,226
02/03/2018,OXR,CA,AWP,WE,Federal Contract Tower,0,0,7,0,7,0,2,82,0,84,0,2,89,0,91,200,0,200,291
02/04/2018,OXR,CA,AWP,WE,Federal Contract Tower,0,0,10,0,10,0,4,71,0,75,0,4,81,0,85,148,0,148,233
02/05/2018,OXR,CA,AWP,WE,Federal Contract Tower,0,3,25,0,28,0,1,28,0,29,0,4,53,0,57,10,0,10,67
02/06/2018,OXR,CA,AWP,WE,Federal Contract Tower,0,2,19,0,21,0,5,51,0,56,0,7,70,0,77,100,0,100,177
02/07/2018,OXR,CA,AWP,WE,Federal Contract Tower,0,4,24,0,28,0,7,30,0,37,0,11,54,0,65,10,0,10,75
02/08/2018,OXR,CA,AWP,WE,Federal Contract Tower,0,5,13,0,18,0,17,92,0,109,0,22,105,0,127,110,0,110,237
02/09/2018,OXR,CA,AWP,WE,Federal Contract Tower,0,11,22,0,33,0,2,64,0,66,0,13,86,0,99,28,0,28,127
02/10/2018,OXR,CA,AWP,WE,Federal Contract Tower,0,1,31,0,32,0,3,27,0,30,0,4,58,0,62,76,0,76,138
02/11/2018,OXR,CA,AWP,WE,Federal Contract Tower,0,1,6,0,7,0,5,73,0,78,0,6,79,0,85,58,0,58,143
02/12/2018,OXR,CA,AWP,WE,Federal Contract Tower,0,4,6,1,11,0,4,51,3,58,0,8,57,4,69,90,0,90,159
02/13/2018,OXR,CA,AWP,WE,Federal Contract Tower,0,2,12,0,14,0,7,55,0,62,0,9,67,0,76,60,0,60,136
02/14/2018,OXR,CA,AWP,WE,Federal Contract Tower,0,3,13,0,16,0,25,68,0,93,0,28,81,0,109,98,0,98,207
02/15/2018,OXR,CA,AWP,WE,Federal Contract Tower,0,2,17,0,19,0,7,76,0,83,0,9,93,0,102,112,0,112,214
02/16/2018,OXR,CA,AWP,WE,Federal Contract Tower,0,5,8,0,13,0,7,79,0,86,0,12,87,0,99,186,0,186,285
02/17/2018,OXR,CA,AWP,WE,Federal Contract Tower,0,2,8,0,10,0,4,82,0,86,0,6,90,0,96,262,0,262,358
02/18/2018,OXR,CA,AWP,WE,Federal Contract Tower,0,1,6,0,7,0,0,58,0,58,0,1,64,0,65,190,0,190,255
02/19/2018,OXR,CA,AWP,WE,Federal Contract Tower,0,4,8,0,12,0,3,30,5,38,0,7,38,5,50,54,30,84,134
02/20/2018,OXR,CA,AWP,WE,Federal Contract Tower,0,7,16,0,23,0,14,62,0,76,0,21,78,0,99,152,0,152,251
02/21/2018,OXR,CA,AWP,WE,Federal Contract Tower,0,7,2,0,9,0,12,72,0,84,0,19,74,0,93,132,0,132,225
02/22/2018,OXR,CA,AWP,WE,Federal Contract Tower,0,2,16,0,18,0,6,54,4,64,0,8,70,4,82,136,0,136,218
02/23/2018,OXR,CA,AWP,WE,Federal Contract Tower,0,1,10,0,11,0,15,40,2,57,0,16,50,2,68,38,10,48,116
02/24/2018,OXR,CA,AWP,WE,Federal Contract Tower,0,1,10,0,11,0,5,71,0,76,0,6,81,0,87,212,0,212,299
02/25/2018,OXR,CA,AWP,WE,Federal Contract Tower,0,2,4,0,6,0,5,85,0,90,0,7,89,0,96,80,0,80,176
02/26/2018,OXR,CA,AWP,WE,Federal Contract Tower,0,4,17,0,21,0,7,60,0,67,0,11,77,0,88,150,0,150,238
02/27/2018,OXR,CA,AWP,WE,Federal Contract Tower,0,3,11,0,14,0,1,60,2,63,0,4,71,2,77,154,0,154,231
02/28/2018,OXR,CA,AWP,WE,Federal Contract Tower,0,3,10,0,13,0,20,81,0,101,0,23,91,0,114,122,0,122,236
03/01/2018,OXR,CA,AWP,WE,Federal Contract Tower,0,2,16,0,18,0,7,52,0,59,0,9,68,0,77,130,0,130,207
03/02/2018,OXR,CA,AWP,WE,Federal Contract Tower,0,2,19,0,21,0,0,9,0,9,0,2,28,0,30,50,0,50,80
03/03/2018,OXR,CA,AWP,WE,Federal Contract Tower,0,1,17,0,18,0,2,26,0,28,0,3,43,0,46,104,0,104,150
03/04/2018,OXR,CA,AWP,WE,Federal Contract Tower,0,0,13,0,13,0,6,81,0,87,0,6,94,0,100,134,0,134,234
03/05/2018,OXR,CA,AWP,WE,Federal Contract Tower,0,3,6,0,9,0,8,81,2,91,0,11,87,2,100,130,0,130,230
03/06/2018,OXR,CA,AWP,WE,Federal Contract Tower,0,2,5,0,7,0,13,49,0,62,0,15,54,0,69,126,0,126,195
03/07/2018,OXR,CA,AWP,WE,Federal Contract Tower,0,5,28,0,33,0,10,61,0,71,0,15,89,0,104,98,0,98,202
03/08/2018,OXR,CA,AWP,WE,Federal Contract Tower,0,5,9,0,14,0,17,85,0,102,0,22,94,0,116,212,0,212,328
03/09/2018,OXR,CA,AWP,WE,Federal Contract Tower,0,3,18,0,21,0,8,59,0,67,0,11,77,0,88,138,0,138,226
03/10/2018,OXR,CA,AWP,WE,Federal Contract Tower,0,1,21,0,22,0,2,0,0,2,0,3,21,0,24,0,0,0,24
03/11/2018,OXR,CA,AWP,WE,Federal Contract Tower,0,2,18,0,20,0,16,22,0,38,0,18,40,0,58,128,0,128,186
03/12/2018,OXR,CA,AWP,WE,Federal Contract Tower,0,14,42,4,60,0,0,1,0,1,0,14,43,4,61,0,0,0,61
03/13/2018,OXR,CA,AWP,WE,Federal Contract Tower,0,9,19,0,28,0,0,0,0,0,0,9,19,0,28,0,0,0,28
03/14/2018,OXR,CA,AWP,WE,Federal Contract Tower,0,3,34,0,37,0,30,30,0,60,0,33,64,0,97,78,0,78,175
03/15/2018,OXR,CA,AWP,WE,Federal Contract Tower,0,5,24,0,29,0,45,89,0,134,0,50,113,0,163,208,0,208,371
03/16/2018,OXR,CA,AWP,WE,Federal Contract Tower,0,4,27,1,32,0,2,25,1,28,0,6,52,2,60,42,0,42,102
03/17/2018,OXR,CA,AWP,WE,Federal Contract Tower,0,5,30,0,35,0,4,86,0,90,0,9,116,0,125,206,0,206,331
03/18/2018,OXR,CA,AWP,WE,Federal Contract Tower,0,3,23,0,26,0,6,89,0,95,0,9,112,0,121,206,0,206,327
03/19/2018,OXR,CA,AWP,WE,Federal Contract Tower,0,6,20,0,26,0,14,83,0,97,0,20,103,0,123,170,0,170,293
03/20/2018,OXR,CA,AWP,WE,Federal Contract Tower,0,2,7,0,9,0,13,69,0,82,0,15,76,0,91,158,0,158,249
03/21/2018,OXR,CA,AWP,WE,Federal Contract Tower,0,5,9,0,14,0,0,3,0,3,0,5,12,0,17,0,0,0,17
03/22/2018,OXR,CA,AWP,WE,Federal Contract Tower,0,4,13,0,17,0,0,0,0,0,0,4,13,0,17,0,0,0,17
03/23/2018,OXR,CA,AWP,WE,Federal Contract Tower,0,8,35,0,43,0,27,64,0,91,0,35,99,0,134,130,0,130,264
03/24/2018,OXR,CA,AWP,WE,Federal Contract Tower,0,2,24,0,26,0,6,103,0,109,0,8,127,0,135,276,0,276,411
03/25/2018,OXR,CA,AWP,WE,Federal Contract Tower,0,3,12,0,15,0,9,57,0,66,0,12,69,0,81,172,0,172,253
03/26/2018,OXR,CA,AWP,WE,Federal Contract Tower,0,5,15,0,20,0,28,75,0,103,0,33,90,0,123,134,0,134,257
03/27/2018,OXR,CA,AWP,WE,Federal Contract Tower,0,4,6,0,10,0,19,84,0,103,0,23,90,0,113,98,0,98,211
03/28/2018,OXR,CA,AWP,WE,Federal Contract Tower,0,8,24,0,32,0,12,66,0,78,0,20,90,0,110,108,0,108,218
03/29/2018,OXR,CA,AWP,WE,Federal Contract Tower,0,8,24,0,32,0,12,48,0,60,0,20,72,0,92,62,0,62,154
03/30/2018,OXR,CA,AWP,WE,Federal Contract Tower,0,11,21,0,32,0,9,29,0,38,0,20,50,0,70,10,0,10,80
03/31/2018,OXR,CA,AWP,WE,Federal Contract Tower,0,11,18,0,29,0,2,11,0,13,0,13,29,0,42,4,0,4,46
04/01/2018,OXR,CA,AWP,WE,Federal Contract Tower,0,7,22,0,29,0,3,8,0,11,0,10,30,0,40,22,0,22,62
04/02/2018,OXR,CA,AWP,WE,Federal Contract Tower,0,8,42,0,50,0,15,36,0,51,0,23,78,0,101,116,0,116,217
04/03/2018,OXR,CA,AWP,WE,Federal Contract Tower,0,5,34,0,39,0,5,45,0,50,0,10,79,0,89,114,0,114,203
04/04/2018,OXR,CA,AWP,WE,Federal Contract Tower,0,11,52,11,74,0,1,1,0,2,0,12,53,11,76,0,4,4,80
04/05/2018,OXR,CA,AWP,WE,Federal Contract Tower,0,7,26,0,33,0,4,66,0,70,0,11,92,0,103,60,0,60,163
04/06/2018,OXR,CA,AWP,WE,Federal Contract Tower,0,6,10,0,16,0,3,64,0,67,0,9,74,0,83,106,0,106,189
04/07/2018,OXR,CA,AWP,WE,Federal Contract Tower,0,9,24,0,33,0,1,25,0,26,0,10,49,0,59,34,0,34,93
04/08/2018,OXR,CA,AWP,WE,Federal Contract Tower,0,0,10,0,10,0,7,88,0,95,0,7,98,0,105,142,0,142,247
04/09/2018,OXR,CA,AWP,WE,Federal Contract Tower,0,5,11,0,16,0,12,64,0,76,0,17,75,0,92,86,0,86,178
04/10/2018,OXR,CA,AWP,WE,Federal Contract Tower,0,3,7,0,10,0,10,85,0,95,0,13,92,0,105,128,0,128,233
04/11/2018,OXR,CA,AWP,WE,Federal Contract Tower,0,4,24,0,28,0,10,65,0,75,0,14,89,0,103,80,0,80,183
04/12/2018,OXR,CA,AWP,WE,Federal Contract Tower,0,0,12,0,12,0,5,32,0,37,0,5,44,0,49,36,0,36,85
04/13/2018,OXR,CA,AWP,WE,Federal Contract Tower,0,5,20,0,25,0,14,72,0,86,0,19,92,0,111,80,0,80,191
04/14/2018,OXR,CA,AWP,WE,Federal Contract Tower,0,5,12,0,17,0,5,85,0,90,0,10,97,0,107,262,0,262,369
04/15/2018,OXR,CA,AWP,WE,Federal Contract Tower,0,1,18,0,19,0,5,86,0,91,0,6,104,0,110,164,0,164,274
04/16/2018,OXR,CA,AWP,WE,Federal Contract Tower,0,2,14,0,16,0,9,34,0,43,0,11,48,0,59,46,0,46,105
04/17/2018,OXR,CA,AWP,WE,Federal Contract Tower,0,4,17,0,21,0,12,86,0,98,0,16,103,0,119,124,0,124,243
04/18/2018,OXR,CA,AWP,WE,Federal Contract Tower,0,4,15,0,19,0,60,72,0,132,0,64,87,0,151,88,0,88,239
04/19/2018,OXR,CA,AWP,WE,Federal Contract Tower,0,2,10,0,12,0,27,64,0,91,0,29,74,0,103,62,0,62,165
04/20/2018,OXR,CA,AWP,WE,Federal Contract Tower,0,2,16,0,18,0,11,129,0,140,0,13,145,0,158,186,0,186,344
04/21/2018,OXR,CA,AWP,WE,Federal Contract Tower,0,5,9,4,18,0,9,108,0,117,0,14,117,4,135,266,0,266,401
04/22/2018,OXR,CA,AWP,WE,Federal Contract Tower,0,0,13,0,13,0,9,77,0,86,0,9,90,0,99,224,0,224,323
04/23/2018,OXR,CA,AWP,WE,Federal Contract Tower,0,9,36,0,45,0,1,6,0,7,0,10,42,0,52,36,0,36,88
04/24/2018,OXR,CA,AWP,WE,Federal Contract Tower,0,9,26,2,37,0,1,35,0,36,0,10,61,2,73,58,0,58,131
04/25/2018,OXR,CA,AWP,WE,Federal Contract Tower,0,4,20,0,24,0,3,61,0,64,0,7,81,0,88,88,0,88,176
04/26/2018,OXR,CA,AWP,WE,Federal Contract Tower,0,4,29,0,33,0,25,55,0,80,0,29,84,0,113,80,0,80,193
04/27/2018,OXR,CA,AWP,WE,Federal Contract Tower,0,9,28,0,37,0,25,51,0,76,0,34,79,0,113,58,0,58,171
04/28/2018,OXR,CA,AWP,WE,Federal Contract Tower,0,2,13,0,15,0,5,79,0,84,0,7,92,0,99,208,0,208,307
04/29/2018,OXR,CA,AWP,WE,Federal Contract Tower,0,0,14,0,14,0,12,81,0,93,0,12,95,0,107,230,0,230,337
04/30/2018,OXR,CA,AWP,WE,Federal Contract Tower,0,3,13,2,18,0,11,50,1,62,0,14,63,3,80,114,0,114,194
05/01/2018,OXR,CA,AWP,WE,Federal Contract Tower,0,10,25,0,35,0,4,21,0,25,0,14,46,0,60,46,0,46,106
05/02/2018,OXR,CA,AWP,WE,Federal Contract Tower,0,6,39,0,45,0,10,44,0,54,0,16,83,0,99,164,0,164,263
05/03/2018,OXR,CA,AWP,WE,Federal Contract Tower,0,7,32,0,39,0,24,85,0,109,0,31,117,0,148,182,0,182,330
05/04/2018,OXR,CA,AWP,WE,Federal Contract Tower,0,10,12,0,22,0,9,87,0,96,0,19,99,0,118,136,0,136,254
05/05/2018,OXR,CA,AWP,WE,Federal Contract Tower,0,2,6,0,8,0,2,74,0,76,0,4,80,0,84,212,0,212,296
05/06/2018,OXR,CA,AWP,WE,Federal Contract Tower,0,1,12,2,15,0,4,61,0,65,0,5,73,2,80,56,0,56,136
05/07/2018,OXR,CA,AWP,WE,Federal Contract Tower,0,6,26,1,33,0,1,68,0,69,0,7,94,1,102,58,0,58,160
05/08/2018,OXR,CA,AWP,WE,Federal Contract Tower,0,4,20,0,24,0,6,67,0,73,0,10,87,0,97,78,0,78,175
05/09/2018,OXR,CA,AWP,WE,Federal Contract Tower,0,3,25,0,28,0,10,55,0,65,0,13,80,0,93,94,0,94,187
05/10/2018,OXR,CA,AWP,WE,Federal Contract Tower,0,7,20,0,27,0,9,53,0,62,0,16,73,0,89,132,0,132,221
05/11/2018,OXR,CA,AWP,WE,Federal Contract Tower,0,4,58,0,62,0,7,11,0,18,0,11,69,0,80,22,0,22,102
05/12/2018,OXR,CA,AWP,WE,Federal Contract Tower,0,1,18,0,19,0,0,41,0,41,0,1,59,0,60,216,0,216,276
05/13/2018,OXR,CA,AWP,WE,Federal Contract Tower,0,0,21,0,21,0,4,52,0,56,0,4,73,0,77,128,0,128,205
05/14/2018,OXR,CA,AWP,WE,Federal Contract Tower,0,3,21,2,26,0,10,52,0,62,0,13,73,2,88,74,0,74,162
05/15/2018,OXR,CA,AWP,WE,Federal Contract Tower,0,4,26,0,30,0,8,83,0,91,0,12,109,0,121,148,0,148,269
05/16/2018,OXR,CA,AWP,WE,Federal Contract Tower,0,7,9,0,16,0,17,77,0,94,0,24,86,0,110,118,0,118,228
05/17/2018,OXR,CA,AWP,WE,Federal Contract Tower,0,3,18,0,21,0,5,97,0,102,0,8,115,0,123,184,0,184,307
05/18/2018,OXR,CA,AWP,WE,Federal Contract Tower,0,6,19,0,25,0,15,70,0,85,0,21,89,0,110,108,0,108,218
05/19/2018,OXR,CA,AWP,WE,Federal Contract Tower,0,1,25,0,26,0,9,44,0,53,0,10,69,0,79,180,0,180,259
05/20/2018,OXR,CA,AWP,WE,Federal Contract Tower,0,0,62,0,62,0,5,32,0,37,0,5,94,0,99,130,0,130,229
05/21/2018,OXR,CA,AWP,WE,Federal Contract Tower,0,6,18,0,24,0,8,47,2,57,0,14,65,2,81,118,8,126,207
05/22/2018,OXR,CA,AWP,WE,Federal Contract Tower,0,4,34,2,40,0,10,77,0,87,0,14,111,2,127,112,0,112,239
05/23/2018,OXR,CA,AWP,WE,Federal Contract Tower,0,11,33,2,46,0,8,63,0,71,0,19,96,2,117,98,0,98,215
05/24/2018,OXR,CA,AWP,WE,Federal Contract Tower,0,12,52,0,64,0,5,44,0,49,0,17,96,0,113,124,0,124,237
05/25/2018,OXR,CA,AWP,WE,Federal Contract Tower,0,6,19,0,25,0,5,64,0,69,0,11,83,0,94,124,0,124,218
05/26/2018,OXR,CA,AWP,WE,Federal Contract Tower,0,2,13,0,15,0,4,86,0,90,0,6,99,0,105,270,0,270,375
05/27/2018,OXR,CA,AWP,WE,Federal Contract Tower,0,3,17,0,20,0,8,62,0,70,0,11,79,0,90,88,0,88,178
05/28/2018,OXR,CA,AWP,WE,Federal Contract Tower,0,3,18,0,21,0,0,33,0,33,0,3,51,0,54,50,0,50,104
05/29/2018,OXR,CA,AWP,WE,Federal Contract Tower,0,11,45,0,56,0,2,8,0,10,0,13,53,0,66,16,0,16,82
05/30/2018,OXR,CA,AWP,WE,Federal Contract Tower,0,10,46,0,56,0,3,34,0,37,0,13,80,0,93,90,0,90,183
05/31/2018,OXR,CA,AWP,WE,Federal Contract Tower,0,3,20,0,23,0,10,75,0,85,0,13,95,0,108,202,0,202,310
06/01/2018,OXR,CA,AWP,WE,Federal Contract Tower,0,4,13,0,17,0,5,95,0,100,0,9,108,0,117,212,0,212,329
06/02/2018,OXR,CA,AWP,WE,Federal Contract Tower,0,2,8,0,10,0,8,104,0,112,0,10,112,0,122,216,0,216,338
06/03/2018,OXR,CA,AWP,WE,Federal Contract Tower,0,0,13,0,13,0,6,48,0,54,0,6,61,0,67,52,0,52,119
06/04/2018,OXR,CA,AWP,WE,Federal Contract Tower,0,11,16,2,29,0,6,38,0,44,0,17,54,2,73,52,0,52,125
06/05/2018,OXR,CA,AWP,WE,Federal Contract Tower,0,9,38,0,47,0,0,6,0,6,0,9,44,0,53,70,0,70,123
06/06/2018,OXR,CA,AWP,WE,Federal Contract Tower,0,7,35,4,46,0,3,45,0,48,0,10,80,4,94,90,0,90,184
06/07/2018,OXR,CA,AWP,WE,Federal Contract Tower,0,5,33,0,38,0,17,60,0,77,0,22,93,0,115,188,0,188,303
06/08/2018,OXR,CA,AWP,WE,Federal Contract Tower,0,4,10,0,14,0,12,78,0,90,0,16,88,0,104,200,0,200,304
06/09/2018,OXR,CA,AWP,WE,Federal Contract Tower,0,1,17,0,18,0,12,82,0,94,0,13,99,0,112,228,0,228,340
06/10/2018,OXR,CA,AWP,WE,Federal Contract Tower,0,4,6,0,10,0,7,84,0,91,0,11,90,0,101,138,0,138,239
06/11/2018,OXR,CA,AWP,WE,Federal Contract Tower,0,4,3,0,7,0,7,66,0,73,0,11,69,0,80,108,0,108,188
06/12/2018,OXR,CA,AWP,WE,Federal Contract Tower,0,4,18,0,22,0,16,62,0,78,0,20,80,0,100,80,0,80,180
06/13/2018,OXR,CA,AWP,WE,Federal Contract Tower,0,5,23,0,28,0,19,59,0,78,0,24,82,0,106,144,0,144,250
06/14/2018,OXR,CA,AWP,WE,Federal Contract Tower,0,6,29,0,35,0,12,32,2,46,0,18,61,2,81,82,12,94,175
06/15/2018,OXR,CA,AWP,WE,Federal Contract Tower,0,11,18,0,29,0,5,52,0,57,0,16,70,0,86,114,0,114,200
06/16/2018,OXR,CA,AWP,WE,Federal Contract Tower,0,1,22,0,23,0,5,31,0,36,0,6,53,0,59,164,0,164,223
06/17/2018,OXR,CA,AWP,WE,Federal Contract Tower,0,2,28,0,30,0,6,41,0,47,0,8,69,0,77,228,0,228,305
06/18/2018,OXR,CA,AWP,WE,Federal Contract Tower,0,4,8,0,12,0,5,89,0,94,0,9,97,0,106,206,0,206,312
06/19/2018,OXR,CA,AWP,WE,Federal Contract Tower,0,2,15,2,19,0,16,38,8,62,0,18,53,10,81,42,0,42,123
06/20/2018,OXR,CA,AWP,WE,Federal Contract Tower,0,11,43,0,54,0,6,25,0,31,0,17,68,0,85,0,0,0,85
06/21/2018,OXR,CA,AWP,WE,Federal Contract Tower,0,8,52,1,61,0,3,5,0,8,0,11,57,1,69,12,0,12,81
06/22/2018,OXR,CA,AWP,WE,Federal Contract Tower,0,20,55,2,77,0,2,2,0,4,0,22,57,2,81,0,0,0,81
06/23/2018,OXR,CA,AWP,WE,Federal Contract Tower,0,2,14,0,16,0,5,14,0,19,0,7,28,0,35,20,0,20,55
06/24/2018,OXR,CA,AWP,WE,Federal Contract Tower,0,4,14,0,18,0,7,56,0,63,0,11,70,0,81,56,0,56,137
06/25/2018,OXR,CA,AWP,WE,Federal Contract Tower,0,12,21,1,34,0,19,63,1,83,0,31,84,2,117,128,0,128,245
06/26/2018,OXR,CA,AWP,WE,Federal Contract Tower,0,6,18,0,24,0,6,39,0,45,0,12,57,0,69,92,0,92,161
06/27/2018,OXR,CA,AWP,WE,Federal Contract Tower,0,4,25,0,29,0,27,43,0,70,0,31,68,0,99,78,0,78,177
06/28/2018,OXR,CA,AWP,WE,Federal Contract Tower,0,5,17,0,22,0,16,69,0,85,0,21,86,0,107,174,0,174,281
06/29/2018,OXR,CA,AWP,WE,Federal Contract Tower,0,13,24,0,37,0,14,34,0,48,0,27,58,0,85,62,0,62,147
06/30/2018,OXR,CA,AWP,WE,Federal Contract Tower,0,3,16,0,19,0,7,72,0,79,0,10,88,0,98,216,0,216,314
07/01/2018,OXR,CA,AWP,WE,Federal Contract Tower,0,1,13,0,14,0,5,64,0,69,0,6,77,0,83,156,0,156,239
07/02/2018,OXR,CA,AWP,WE,Federal Contract Tower,0,6,26,0,32,0,4,53,2,59,0,10,79,2,91,162,12,174,265
07/03/2018,OXR,CA,AWP,WE,Federal Contract Tower,0,7,23,0,30,0,33,66,0,99,0,40,89,0,129,174,0,174,303
07/04/2018,OXR,CA,AWP,WE,Federal Contract Tower,0,0,7,0,7,0,0,63,0,63,0,0,70,0,70,146,0,146,216
07/05/2018,OXR,CA,AWP,WE,Federal Contract Tower,0,3,14,0,17,0,13,84,2,99,0,16,98,2,116,204,0,204,320
07/06/2018,OXR,CA,AWP,WE,Federal Contract Tower,0,4,8,0,12,0,8,85,0,93,0,12,93,0,105,134,0,134,239
07/07/2018,OXR,CA,AWP,WE,Federal Contract Tower,0,2,3,0,5,0,2,47,0,49,0,4,50,0,54,86,0,86,140
07/08/2018,OXR,CA,AWP,WE,Federal Contract Tower,0,0,1,0,1,0,2,72,0,74,0,2,73,0,75,172,0,172,247
07/09/2018,OXR,CA,AWP,WE,Federal Contract Tower,0,2,9,0,11,0,32,55,0,87,0,34,64,0,98,110,0,110,208
07/10/2018,OXR,CA,AWP,WE,Federal Contract Tower,0,6,29,0,35,0,2,47,0,49,0,8,76,0,84,82,0,82,166
07/11/2018,OXR,CA,AWP,WE,Federal Contract Tower,0,4,12,0,16,0,5,73,0,78,0,9,85,0,94,136,0,136,230
07/12/2018,OXR,CA,AWP,WE,Federal Contract Tower,0,3,9,1,13,0,15,87,0,102,0,18,96,1,115,192,0,192,307
07/13/2018,OXR,CA,AWP,WE,Federal Contract Tower,0,7,7,0,14,0,1,57,2,60,0,8,64,2,74,110,4,114,188
07/14/2018,OXR,CA,AWP,WE,Federal Contract Tower,0,0,19,0,19,0,3,70,0,73,0,3,89,0,92,180,0,180,272
07/15/2018,OXR,CA,AWP,WE,Federal Contract Tower,0,2,21,0,23,0,3,68,0,71,0,5,89,0,94,150,0,150,244
07/16/2018,OXR,CA,AWP,WE,Federal Contract Tower,0,5,22,0,27,0,5,74,0,79,0,10,96,0,106,104,0,104,210
07/17/2018,OXR,CA,AWP,WE,Federal Contract Tower,0,3,26,0,29,0,14,77,0,91,0,17,103,0,120,172,0,172,292
07/18/2018,OXR,CA,AWP,WE,Federal Contract Tower,0,7,26,1,34,0,8,40,0,48,0,15,66,1,82,64,0,64,146
07/19/2018,OXR,CA,AWP,WE,Federal Contract Tower,0,3,18,0,21,0,18,97,0,115,0,21,115,0,136,200,0,200,336
07/20/2018,OXR,CA,AWP,WE,Federal Contract Tower,0,5,15,0,20,0,11,103,0,114,0,16,118,0,134,158,0,158,292
07/21/2018,OXR,CA,AWP,WE,Federal Contract Tower,0,4,16,0,20,0,7,56,0,63,0,11,72,0,83,126,0,126,209
07/22/2018,OXR,CA,AWP,WE,Federal Contract Tower,0,2,11,0,13,0,6,81,0,87,0,8,92,0,100,202,0,202,302
07/23/2018,OXR,CA,AWP,WE,Federal Contract Tower,0,4,9,0,13,0,25,83,2,110,0,29,92,2,123,198,6,204,327
07/24/2018,OXR,CA,AWP,WE,Federal Contract Tower,0,5,15,0,20,0,49,79,0,128,0,54,94,0,148,88,0,88,236
07/25/2018,OXR,CA,AWP,WE,Federal Contract Tower,0,4,20,0,24,0,27,88,0,115,0,31,108,0,139,50,0,50,189
07/26/2018,OXR,CA,AWP,WE,Federal Contract Tower,0,18,48,0,66,0,2,4,0,6,0,20,52,0,72,14,0,14,86
07/27/2018,OXR,CA,AWP,WE,Federal Contract Tower,0,10,28,0,38,0,5,41,0,46,0,15,69,0,84,40,0,40,124
07/28/2018,OXR,CA,AWP,WE,Federal Contract Tower,0,1,26,0,27,0,2,32,0,34,0,3,58,0,61,24,0,24,85
07/29/2018,OXR,CA,AWP,WE,Federal Contract Tower,0,2,13,0,15,0,1,44,0,45,0,3,57,0,60,98,0,98,158
07/30/2018,OXR,CA,AWP,WE,Federal Contract Tower,0,2,22,0,24,0,8,88,0,96,0,10,110,0,120,110,0,110,230
07/31/2018,OXR,CA,AWP,WE,Federal Contract Tower,0,1,13,0,14,0,5,87,0,92,0,6,100,0,106,212,0,212,318
08/01/2018,OXR,CA,AWP,WE,Federal Contract Tower,0,5,15,0,20,0,9,104,0,113,0,14,119,0,133,248,0,248,381
08/02/2018,OXR,CA,AWP,WE,Federal Contract Tower,0,3,15,0,18,0,8,99,0,107,0,11,114,0,125,190,0,190,315
08/03/2018,OXR,CA,AWP,WE,Federal Contract Tower,0,2,10,0,12,0,23,78,0,101,0,25,88,0,113,194,0,194,307
08/04/2018,OXR,CA,AWP,WE,Federal Contract Tower,0,0,13,0,13,0,2,72,0,74,0,2,85,0,87,144,0,144,231
08/05/2018,OXR,CA,AWP,WE,Federal Contract Tower,0,3,36,0,39,0,1,29,0,30,0,4,65,0,69,24,0,24,93
08/06/2018,OXR,CA,AWP,WE,Federal Contract Tower,0,0,16,0,16,0,20,80,0,100,0,20,96,0,116,206,0,206,322
08/07/2018,OXR,CA,AWP,WE,Federal Contract Tower,0,5,7,0,12,0,17,86,0,103,0,22,93,0,115,176,0,176,291
08/08/2018,OXR,CA,AWP,WE,Federal Contract Tower,0,3,15,0,18,0,13,69,0,82,0,16,84,0,100,186,0,186,286
08/09/2018,OXR,CA,AWP,WE,Federal Contract Tower,0,3,16,0,19,0,19,95,0,114,0,22,111,0,133,254,0,254,387
08/10/2018,OXR,CA,AWP,WE,Federal Contract Tower,0,5,10,2,17,0,22,77,0,99,0,27,87,2,116,246,0,246,362
08/11/2018,OXR,CA,AWP,WE,Federal Contract Tower,0,0,12,0,12,0,31,79,0,110,0,31,91,0,122,220,0,220,342
08/12/2018,OXR,CA,AWP,WE,Federal Contract Tower,0,3,14,0,17,0,6,72,0,78,0,9,86,0,95,170,0,170,265
08/13/2018,OXR,CA,AWP,WE,Federal Contract Tower,0,4,19,2,25,0,14,88,2,104,0,18,107,4,129,212,0,212,341
08/14/2018,OXR,CA,AWP,WE,Federal Contract Tower,0,3,22,0,25,0,16,96,0,112,0,19,118,0,137,152,0,152,289
08/15/2018,OXR,CA,AWP,WE,Federal Contract Tower,0,4,11,0,15,0,20,111,0,131,0,24,122,0,146,234,0,234,380
08/16/2018,OXR,CA,AWP,WE,Federal Contract Tower,0,7,22,0,29,0,25,72,0,97,0,32,94,0,126,116,0,116,242
08/17/2018,OXR,CA,AWP,WE,Federal Contract Tower,0,2,28,0,30,0,13,58,0,71,0,15,86,0,101,142,0,142,243
08/18/2018,OXR,CA,AWP,WE,Federal Contract Tower,0,0,23,0,23,0,6,23,0,29,0,6,46,0,52,48,0,48,100
08/19/2018,OXR,CA,AWP,WE,Federal Contract Tower,0,9,22,0,31,0,3,56,0,59,0,12,78,0,90,12,0,12,102
08/20/2018,OXR,CA,AWP,WE,Federal Contract Tower,0,10,28,0,38,0,12,23,0,35,0,22,51,0,73,66,0,66,139
08/21/2018,OXR,CA,AWP,WE,Federal Contract Tower,0,10,19,0,29,0,12,42,0,54,0,22,61,0,83,168,0,168,251
08/22/2018,OXR,CA,AWP,WE,Federal Contract Tower,0,11,22,0,33,0,22,79,0,101,0,33,101,0,134,170,0,170,304
08/23/2018,OXR,CA,AWP,WE,Federal Contract Tower,0,2,35,0,37,0,7,101,0,108,0,9,136,0,145,96,0,96,241
08/24/2018,OXR,CA,AWP,WE,Federal Contract Tower,0,9,24,0,33,0,18,60,0,78,0,27,84,0,111,94,0,94,205
08/25/2018,OXR,CA,AWP,WE,Federal Contract Tower,0,0,21,0,21,0,16,50,0,66,0,16,71,0,87,110,0,110,197
08/26/2018,OXR,CA,AWP,WE,Federal Contract Tower,0,1,18,0,19,0,7,38,0,45,0,8,56,0,64,42,0,42,106
08/27/2018,OXR,CA,AWP,WE,Federal Contract Tower,0,9,30,0,39,0,5,49,0,54,0,14,79,0,93,90,0,90,183
08/28/2018,OXR,CA,AWP,WE,Federal Contract Tower,0,6,10,0,16,0,5,62,0,67,0,11,72,0,83,134,0,134,217
08/29/2018,OXR,CA,AWP,WE,Federal Contract Tower,0,5,16,0,21,0,8,96,0,104,0,13,112,0,125,80,0,80,205
08/30/2018,OXR,CA,AWP,WE,Federal Contract Tower,0,2,17,0,19,0,20,95,2,117,0,22,112,2,136,152,0,152,288
08/31/2018,OXR,CA,AWP,WE,Federal Contract Tower,0,3,13,0,16,0,32,79,0,111,0,35,92,0,127,168,0,168,295
09/01/2018,OXR,CA,AWP,WE,Federal Contract Tower,0,0,16,0,16,0,0,61,0,61,0,0,77,0,77,124,0,124,201
09/02/2018,OXR,CA,AWP,WE,Federal Contract Tower,0,0,16,0,16,0,2,34,0,36,0,2,50,0,52,58,0,58,110
09/03/2018,OXR,CA,AWP,WE,Federal Contract Tower,0,0,31,0,31,0,0,30,0,30,0,0,61,0,61,38,0,38,99
09/04/2018,OXR,CA,AWP,WE,Federal Contract Tower,0,9,32,1,42,0,2,5,0,7,0,11,37,1,49,0,0,0,49
09/05/2018,OXR,CA,AWP,WE,Federal Contract Tower,0,6,50,0,56,0,7,7,0,14,0,13,57,0,70,2,0,2,72
09/06/2018,OXR,CA,AWP,WE,Federal Contract Tower,0,11,42,0,53,0,3,9,0,12,0,14,51,0,65,6,0,6,71
09/07/2018,OXR,CA,AWP,WE,Federal Contract Tower,0,12,33,0,45,0,6,17,0,23,0,18,50,0,68,4,0,4,72
09/08/2018,OXR,CA,AWP,WE,Federal Contract Tower,0,4,32,0,36,0,0,10,0,10,0,4,42,0,46,0,0,0,46
09/09/2018,OXR,CA,AWP,WE,Federal Contract Tower,0,6,49,0,55,0,0,11,0,11,0,6,60,0,66,0,0,0,66
09/10/2018,OXR,CA,AWP,WE,Federal Contract Tower,0,7,39,0,46,0,3,27,0,30,0,10,66,0,76,44,0,44,120
09/11/2018,OXR,CA,AWP,WE,Federal Contract Tower,0,4,24,0,28,0,6,51,0,57,0,10,75,0,85,108,0,108,193
09/12/2018,OXR,CA,AWP,WE,Federal Contract Tower,0,2,15,0,17,0,16,61,0,77,0,18,76,0,94,82,0,82,176
09/13/2018,OXR,CA,AWP,WE,Federal Contract Tower,0,6,15,0,21,0,11,55,0,66,0,17,70,0,87,116,0,116,203
09/14/2018,OXR,CA,AWP,WE,Federal Contract Tower,0,5,18,0,23,0,10,97,0,107,0,15,115,0,130,186,0,186,316
09/15/2018,OXR,CA,AWP,WE,Federal Contract Tower,0,1,11,0,12,0,5,86,0,91,0,6,97,0,103,172,0,172,275
09/16/2018,OXR,CA,AWP,WE,Federal Contract Tower,0,0,8,0,8,0,2,70,0,72,0,2,78,0,80,92,0,92,172
09/17/2018,OXR,CA,AWP,WE,Federal Contract Tower,0,2,10,0,12,0,13,93,0,106,0,15,103,0,118,128,0,128,246
09/18/2018,OXR,CA,AWP,WE,Federal Contract Tower,0,4,12,3,19,0,7,72,0,79,0,11,84,3,98,74,0,74,172
09/19/2018,OXR,CA,AWP,WE,Federal Contract Tower,0,4,11,0,15,0,11,83,0,94,0,15,94,0,109,208,0,208,317
09/20/2018,OXR,CA,AWP,WE,Federal Contract Tower,0,6,11,0,17,0,10,94,0,104,0,16,105,0,121,204,0,204,325
09/21/2018,OXR,CA,AWP,WE,Federal Contract Tower,0,9,25,0,34,0,5,44,4,53,0,14,69,4,87,68,0,68,155
09/22/2018,OXR,CA,AWP,WE,Federal Contract Tower,0,6,15,0,21,0,2,50,0,52,0,8,65,0,73,100,0,100,173
09/23/2018,OXR,CA,AWP,WE,Federal Contract Tower,0,4,27,0,31,0,1,36,0,37,0,5,63,0,68,58,0,58,126
09/24/2018,OXR,CA,AWP,WE,Federal Contract Tower,0,11,15,0,26,0,4,32,0,36,0,15,47,0,62,86,0,86,148
09/25/2018,OXR,CA,AWP,WE,Federal Contract Tower,0,8,39,0,47,0,6,24,0,30,0,14,63,0,77,22,0,22,99
09/26/2018,OXR,CA,AWP,WE,Federal Contract Tower,0,4,27,0,31,0,6,37,0,43,0,10,64,0,74,44,0,44,118
09/27/2018,OXR,CA,AWP,WE,Federal Contract Tower,0,9,46,1,56,0,2,8,0,10,0,11,54,1,66,12,0,12,78
09/28/2018,OXR,CA,AWP,WE,Federal Contract Tower,0,14,36,0,50,0,4,9,0,13,0,18,45,0,63,0,0,0,63
09/29/2018,OXR,CA,AWP,WE,Federal Contract Tower,0,2,19,0,21,0,3,50,0,53,0,5,69,0,74,130,0,130,204
09/30/2018,OXR,CA,AWP,WE,Federal Contract Tower,0,0,11,0,11,0,2,73,0,75,0,2,84,0,86,156,0,156,242
10/01/2018,OXR,CA,AWP,WE,Federal Contract Tower,0,6,10,0,16,0,8,69,0,77,0,14,79,0,93,116,0,116,209
10/02/2018,OXR,CA,AWP,WE,Federal Contract Tower,0,5,15,0,20,0,3,69,0,72,0,8,84,0,92,118,0,118,210
10/03/2018,OXR,CA,AWP,WE,Federal Contract Tower,0,2,7,0,9,0,3,23,0,26,0,5,30,0,35,56,0,56,91
10/04/2018,OXR,CA,AWP,WE,Federal Contract Tower,0,11,29,0,40,0,3,49,0,52,0,14,78,0,92,100,0,100,192
10/05/2018,OXR,CA,AWP,WE,Federal Contract Tower,0,4,25,0,29,0,13,82,0,95,0,17,107,0,124,190,0,190,314
10/06/2018,OXR,CA,AWP,WE,Federal Contract Tower,0,8,26,0,34,0,3,63,0,66,0,11,89,0,100,120,0,120,220
10/07/2018,OXR,CA,AWP,WE,Federal Contract Tower,0,1,13,0,14,0,4,84,0,88,0,5,97,0,102,160,0,160,262
10/08/2018,OXR,CA,AWP,WE,Federal Contract Tower,0,4,16,0,20,0,13,58,2,73,0,17,74,2,93,144,22,166,259
10/09/2018,OXR,CA,AWP,WE,Federal Contract Tower,0,4,9,0,13,0,23,49,0,72,0,27,58,0,85,92,0,92,177
10/10/2018,OXR,CA,AWP,WE,Federal Contract Tower,0,0,17,2,19,0,6,59,0,65,0,6,76,2,84,170,0,170,254
10/11/2018,OXR,CA,AWP,WE,Federal Contract Tower,0,3,27,0,30,0,7,73,0,80,0,10,100,0,110,86,0,86,196
10/12/2018,OXR,CA,AWP,WE,Federal Contract Tower,0,4,12,0,16,0,5,70,0,75,0,9,82,0,91,116,0,116,207
10/13/2018,OXR,CA,AWP,WE,Federal Contract Tower,0,1,20,0,21,0,2,57,0,59,0,3,77,0,80,162,0,162,242
10/14/2018,OXR,CA,AWP,WE,Federal Contract Tower,0,1,18,0,19,0,4,50,2,56,0,5,68,2,75,100,0,100,175
10/15/2018,OXR,CA,AWP,WE,Federal Contract Tower,0,2,5,0,7,0,10,18,0,28,0,12,23,0,35,10,0,10,45
10/16/2018,OXR,CA,AWP,WE,Federal Contract Tower,0,5,10,0,15,0,11,48,0,59,0,16,58,0,74,42,0,42,116
10/17/2018,OXR,CA,AWP,WE,Federal Contract Tower,0,2,20,0,22,0,6,126,0,132,0,8,146,0,154,248,0,248,402
10/18/2018,OXR,CA,AWP,WE,Federal Contract Tower,0,4,5,0,9,0,19,81,0,100,0,23,86,0,109,256,0,256,365
10/19/2018,OXR,CA,AWP,WE,Federal Contract Tower,0,11,15,0,26,0,6,42,0,48,0,17,57,0,74,62,0,62,136
10/20/2018,OXR,CA,AWP,WE,Federal Contract Tower,0,1,14,0,15,0,0,71,0,71,0,1,85,0,86,168,0,168,254
10/21/2018,OXR,CA,AWP,WE,Federal Contract Tower,0,8,9,0,17,0,1,58,0,59,0,9,67,0,76,122,0,122,198
10/22/2018,OXR,CA,AWP,WE,Federal Contract Tower,0,4,20,0,24,0,8,46,0,54,0,12,66,0,78,74,0,74,152
10/23/2018,OXR,CA,AWP,WE,Federal Contract Tower,0,6,16,0,22,0,19,57,0,76,0,25,73,0,98,114,0,114,212
10/24/2018,OXR,CA,AWP,WE,Federal Contract Tower,0,5,19,0,24,0,6,81,0,87,0,11,100,0,111,146,0,146,257
10/25/2018,OXR,CA,AWP,WE,Federal Contract Tower,0,10,10,0,20,0,21,76,0,97,0,31,86,0,117,156,0,156,273
10/26/2018,OXR,CA,AWP,WE,Federal Contract Tower,0,9,13,0,22,0,9,89,0,98,0,18,102,0,120,176,0,176,296
10/27/2018,OXR,CA,AWP,WE,Federal Contract Tower,0,2,11,0,13,0,0,59,0,59,0,2,70,0,72,150,0,150,222
10/28/2018,OXR,CA,AWP,WE,Federal Contract Tower,0,5,7,1,13,0,2,70,0,72,0,7,77,1,85,172,0,172,257
10/29/2018,OXR,CA,AWP,WE,Federal Contract Tower,0,9,18,0,27,0,12,51,0,63,0,21,69,0,90,86,0,86,176
10/30/2018,OXR,CA,AWP,WE,Federal Contract Tower,0,2,14,0,16,0,9,68,0,77,0,11,82,0,93,90,0,90,183
10/31/2018,OXR,CA,AWP,WE,Federal Contract Tower,0,3,8,0,11,0,18,49,0,67,0,21,57,0,78,48,0,48,126
11/01/2018,OXR,CA,AWP,WE,Federal Contract Tower,0,4,19,0,23,0,16,52,0,68,0,20,71,0,91,146,0,146,237
11/02/2018,OXR,CA,AWP,WE,Federal Contract Tower,0,2,18,0,20,0,17,73,0,90,0,19,91,0,110,206,0,206,316
11/03/2018,OXR,CA,AWP,WE,Federal Contract Tower,0,4,16,0,20,0,4,118,0,122,0,8,134,0,142,156,0,156,298
11/04/2018,OXR,CA,AWP,WE,Federal Contract Tower,0,0,17,0,17,0,2,89,0,91,0,2,106,0,108,174,0,174,282
11/05/2018,OXR,CA,AWP,WE,Federal Contract Tower,0,5,11,0,16,0,13,62,0,75,0,18,73,0,91,152,0,152,243
11/06/2018,OXR,CA,AWP,WE,Federal Contract Tower,0,8,12,0,20,0,22,72,0,94,0,30,84,0,114,118,0,118,232
11/07/2018,OXR,CA,AWP,WE,Federal Contract Tower,0,3,48,0,51,0,13,39,0,52,0,16,87,0,103,100,0,100,203
11/08/2018,OXR,CA,AWP,WE,Federal Contract Tower,0,5,8,0,13,0,15,32,0,47,0,20,40,0,60,20,0,20,80
11/09/2018,OXR,CA,AWP,WE,Federal Contract Tower,0,4,4,2,10,0,7,24,1,32,0,11,28,3,42,0,0,0,42
11/10/2018,OXR,CA,AWP,WE,Federal Contract Tower,0,2,5,0,7,0,0,24,0,24,0,2,29,0,31,44,0,44,75
11/11/2018,OXR,CA,AWP,WE,Federal Contract Tower,0,0,5,0,5,0,2,6,0,8,0,2,11,0,13,0,0,0,13
11/12/2018,OXR,CA,AWP,WE,Federal Contract Tower,0,2,7,0,9,0,1,17,0,18,0,3,24,0,27,10,0,10,37
11/13/2018,OXR,CA,AWP,WE,Federal Contract Tower,0,5,7,0,12,0,10,15,0,25,0,15,22,0,37,4,0,4,41
11/14/2018,OXR,CA,AWP,WE,Federal Contract Tower,0,6,9,0,15,0,7,39,0,46,0,13,48,0,61,24,0,24,85
11/15/2018,OXR,CA,AWP,WE,Federal Contract Tower,0,2,4,0,6,0,11,61,0,72,0,13,65,0,78,206,0,206,284
11/16/2018,OXR,CA,AWP,WE,Federal Contract Tower,0,3,15,0,18,0,6,73,0,79,0,9,88,0,97,66,0,66,163
11/17/2018,OXR,CA,AWP,WE,Federal Contract Tower,0,2,12,0,14,0,9,40,0,49,0,11,52,0,63,88,0,88,151
11/18/2018,OXR,CA,AWP,WE,Federal Contract Tower,0,0,10,0,10,0,4,57,0,61,0,4,67,0,71,164,0,164,235
11/19/2018,OXR,CA,AWP,WE,Federal Contract Tower,0,2,18,0,20,0,7,50,0,57,0,9,68,0,77,82,0,82,159
11/20/2018,OXR,CA,AWP,WE,Federal Contract Tower,0,3,12,0,15,0,1,95,0,96,0,4,107,0,111,100,0,100,211
11/21/2018,OXR,CA,AWP,WE,Federal Contract Tower,0,3,17,0,20,0,1,51,0,52,0,4,68,0,72,72,0,72,144
11/22/2018,OXR,CA,AWP,WE,Federal Contract Tower,0,0,7,0,7,0,0,13,0,13,0,0,20,0,20,14,0,14,34
11/23/2018,OXR,CA,AWP,WE,Federal Contract Tower,0,6,17,0,23,0,6,68,0,74,0,12,85,0,97,94,0,94,191
11/24/2018,OXR,CA,AWP,WE,Federal Contract Tower,0,1,8,0,9,0,8,63,0,71,0,9,71,0,80,156,0,156,236
11/25/2018,OXR,CA,AWP,WE,Federal Contract Tower,0,1,7,0,8,0,7,73,0,80,0,8,80,0,88,62,0,62,150
11/26/2018,OXR,CA,AWP,WE,Federal Contract Tower,0,4,14,0,18,0,12,57,0,69,0,16,71,0,87,46,0,46,133
11/27/2018,OXR,CA,AWP,WE,Federal Contract Tower,0,6,19,0,25,0,9,85,0,94,0,15,104,0,119,160,0,160,279
11/28/2018,OXR,CA,AWP,WE,Federal Contract Tower,0,3,25,0,28,0,9,34,0,43,0,12,59,0,71,60,0,60,131
11/29/2018,OXR,CA,AWP,WE,Federal Contract Tower,0,4,13,0,17,0,5,4,0,9,0,9,17,0,26,30,0,30,56
11/30/2018,OXR,CA,AWP,WE,Federal Contract Tower,0,2,19,0,21,0,8,69,0,77,0,10,88,0,98,98,0,98,196
12/01/2018,OXR,CA,AWP,WE,Federal Contract Tower,0,0,12,0,12,0,1,67,0,68,0,1,79,0,80,92,0,92,172
12/02/2018,OXR,CA,AWP,WE,Federal Contract Tower,0,0,18,0,18,0,5,79,0,84,0,5,97,0,102,122,0,122,224
12/03/2018,OXR,CA,AWP,WE,Federal Contract Tower,0,4,14,0,18,0,7,83,0,90,0,11,97,0,108,84,0,84,192
12/04/2018,OXR,CA,AWP,WE,Federal Contract Tower,0,3,14,2,19,0,6,31,0,37,0,9,45,2,56,22,0,22,78
12/05/2018,OXR,CA,AWP,WE,Federal Contract Tower,0,6,16,0,22,0,1,9,0,10,0,7,25,0,32,24,24,48,80
12/06/2018,OXR,CA,AWP,WE,Federal Contract Tower,0,9,15,0,24,0,0,18,0,18,0,9,33,0,42,38,0,38,80
12/07/2018,OXR,CA,AWP,WE,Federal Contract Tower,0,5,15,0,20,0,7,74,0,81,0,12,89,0,101,88,0,88,189
12/08/2018,OXR,CA,AWP,WE,Federal Contract Tower,0,5,11,0,16,0,7,78,0,85,0,12,89,0,101,154,0,154,255
12/09/2018,OXR,CA,AWP,WE,Federal Contract Tower,0,0,6,0,6,0,4,102,0,106,0,4,108,0,112,154,0,154,266
12/10/2018,OXR,CA,AWP,WE,Federal Contract Tower,0,8,14,0,22,0,17,57,0,74,0,25,71,0,96,158,0,158,254
12/11/2018,OXR,CA,AWP,WE,Federal Contract Tower,0,1,6,0,7,0,11,59,0,70,0,12,65,0,77,122,0,122,199
12/12/2018,OXR,CA,AWP,WE,Federal Contract Tower,0,1,17,0,18,0,32,64,0,96,0,33,81,0,114,140,0,140,254
12/13/2018,OXR,CA,AWP,WE,Federal Contract Tower,0,4,16,0,20,0,22,66,0,88,0,26,82,0,108,134,0,134,242
12/14/2018,OXR,CA,AWP,WE,Federal Contract Tower,0,3,11,0,14,0,14,92,0,106,0,17,103,0,120,186,0,186,306
12/15/2018,OXR,CA,AWP,WE,Federal Contract Tower,0,0,16,0,16,0,6,97,0,103,0,6,113,0,119,170,0,170,289
12/16/2018,OXR,CA,AWP,WE,Federal Contract Tower,0,0,6,0,6,0,10,78,0,88,0,10,84,0,94,100,0,100,194
12/17/2018,OXR,CA,AWP,WE,Federal Contract Tower,0,5,26,3,34,0,6,9,0,15,0,11,35,3,49,2,0,2,51
12/18/2018,OXR,CA,AWP,WE,Federal Contract Tower,0,2,22,0,24,0,5,99,0,104,0,7,121,0,128,116,0,116,244
12/19/2018,OXR,CA,AWP,WE,Federal Contract Tower,0,3,11,0,14,0,11,110,6,127,0,14,121,6,141,162,0,162,303
12/20/2018,OXR,CA,AWP,WE,Federal Contract Tower,0,8,12,0,20,0,9,49,2,60,0,17,61,2,80,58,0,58,138
12/21/2018,OXR,CA,AWP,WE,Federal Contract Tower,0,2,9,0,11,0,9,58,0,67,0,11,67,0,78,124,0,124,202
12/22/2018,OXR,CA,AWP,WE,Federal Contract Tower,0,0,29,0,29,0,3,46,4,53,0,3,75,4,82,92,40,132,214
12/23/2018,OXR,CA,AWP,WE,Federal Contract Tower,0,0,14,0,14,0,2,65,0,67,0,2,79,0,81,116,18,134,215
12/24/2018,OXR,CA,AWP,WE,Federal Contract Tower,0,3,3,0,6,0,3,37,0,40,0,6,40,0,46,58,0,58,104
12/25/2018,OXR,CA,AWP,WE,Federal Contract Tower,0,0,1,0,1,0,0,15,0,15,0,0,16,0,16,4,0,4,20
12/26/2018,OXR,CA,AWP,WE,Federal Contract Tower,0,3,14,0,17,0,10,68,0,78,0,13,82,0,95,78,0,78,173
12/27/2018,OXR,CA,AWP,WE,Federal Contract Tower,0,7,16,0,23,0,4,68,0,72,0,11,84,0,95,134,0,134,229
12/28/2018,OXR,CA,AWP,WE,Federal Contract Tower,0,2,5,0,7,0,7,31,0,38,0,9,36,0,45,26,0,26,71
12/29/2018,OXR,CA,AWP,WE,Federal Contract Tower,0,0,10,0,10,0,4,57,2,63,0,4,67,2,73,178,0,178,251
12/30/2018,OXR,CA,AWP,WE,Federal Contract Tower,0,2,6,0,8,0,5,89,0,94,0,7,95,0,102,114,0,114,216
12/31/2018,OXR,CA,AWP,WE,Federal Contract Tower,0,4,7,0,11,0,7,35,0,42,0,11,42,0,53,40,0,40,93
01/01/2019,OXR,CA,AWP,WE,Federal Contract Tower,0,1,0,0,1,0,1,14,0,15,0,2,14,0,16,12,0,12,28
01/02/2019,OXR,CA,AWP,WE,Federal Contract Tower,0,5,9,0,14,0,0,40,0,40,0,5,49,0,54,40,0,40,94
01/03/2019,OXR,CA,AWP,WE,Federal Contract Tower,0,6,13,0,19,0,4,73,0,77,0,10,86,0,96,136,0,136,232
01/04/2019,OXR,CA,AWP,WE,Federal Contract Tower,0,2,20,0,22,0,6,83,0,89,0,8,103,0,111,180,0,180,291
01/05/2019,OXR,CA,AWP,WE,Federal Contract Tower,0,6,21,0,27,0,0,24,2,26,0,6,45,2,53,80,2,82,135
01/06/2019,OXR,CA,AWP,WE,Federal Contract Tower,0,0,16,0,16,0,0,49,2,51,0,0,65,2,67,98,0,98,165
01/07/2019,OXR,CA,AWP,WE,Federal Contract Tower,0,7,20,0,27,0,1,6,0,7,0,8,26,0,34,8,0,8,42
01/08/2019,OXR,CA,AWP,WE,Federal Contract Tower,0,3,9,0,12,0,6,63,0,69,0,9,72,0,81,52,0,52,133
01/09/2019,OXR,CA,AWP,WE,Federal Contract Tower,0,4,23,0,27,0,9,52,0,61,0,13,75,0,88,104,0,104,192
01/10/2019,OXR,CA,AWP,WE,Federal Contract Tower,0,3,18,0,21,0,11,91,0,102,0,14,109,0,123,152,0,152,275
01/11/2019,OXR,CA,AWP,WE,Federal Contract Tower,0,2,12,0,14,0,11,51,0,62,0,13,63,0,76,200,0,200,276
01/12/2019,OXR,CA,AWP,WE,Federal Contract Tower,0,3,15,0,18,0,5,17,0,22,0,8,32,0,40,60,0,60,100
01/13/2019,OXR,CA,AWP,WE,Federal Contract Tower,0,2,8,0,10,0,4,86,0,90,0,6,94,0,100,186,0,186,286
01/14/2019,OXR,CA,AWP,WE,Federal Contract Tower,0,2,3,0,5,0,4,20,0,24,0,6,23,0,29,0,0,0,29
01/15/2019,OXR,CA,AWP,WE,Federal Contract Tower,0,3,9,0,12,0,0,1,0,1,0,3,10,0,13,0,0,0,13
01/16/2019,OXR,CA,AWP,WE,Federal Contract Tower,0,2,18,0,20,0,3,4,0,7,0,5,22,0,27,16,0,16,43
01/17/2019,OXR,CA,AWP,WE,Federal Contract Tower,0,2,20,0,22,0,2,9,0,11,0,4,29,0,33,16,0,16,49
01/18/2019,OXR,CA,AWP,WE,Federal Contract Tower,0,3,22,0,25,0,19,87,0,106,0,22,109,0,131,176,0,176,307
01/19/2019,OXR,CA,AWP,WE,Federal Contract Tower,0,0,14,0,14,0,5,111,0,116,0,5,125,0,130,180,0,180,310
01/20/2019,OXR,CA,AWP,WE,Federal Contract Tower,0,2,11,0,13,0,1,81,0,82,0,3,92,0,95,158,0,158,253
01/21/2019,OXR,CA,AWP,WE,Federal Contract Tower,0,2,5,0,7,0,2,45,0,47,0,4,50,0,54,76,0,76,130
01/22/2019,OXR,CA,AWP,WE,Federal Contract Tower,0,4,6,0,10,0,11,55,0,66,0,15,61,0,76,62,0,62,138
01/23/2019,OXR,CA,AWP,WE,Federal Contract Tower,0,2,12,0,14,0,19,96,0,115,0,21,108,0,129,136,0,136,265
01/24/2019,OXR,CA,AWP,WE,Federal Contract Tower,0,2,7,0,9,0,10,46,0,56,0,12,53,0,65,40,0,40,105
01/25/2019,OXR,CA,AWP,WE,Federal Contract Tower,0,3,6,0,9,0,14,95,0,109,0,17,101,0,118,168,0,168,286
01/26/2019,OXR,CA,AWP,WE,Federal Contract Tower,0,2,5,0,7,0,4,73,0,77,0,6,78,0,84,88,0,88,172
01/27/2019,OXR,CA,AWP,WE,Federal Contract Tower,0,0,4,0,4,0,14,103,0,117,0,14,107,0,121,190,0,190,311
01/28/2019,OXR,CA,AWP,WE,Federal Contract Tower,0,2,17,0,19,0,27,75,0,102,0,29,92,0,121,148,0,148,269
01/29/2019,OXR,CA,AWP,WE,Federal Contract Tower,0,6,25,0,31,0,21,78,0,99,0,27,103,0,130,58,0,58,188
01/30/2019,OXR,CA,AWP,WE,Federal Contract Tower,0,2,22,0,24,0,18,62,0,80,0,20,84,0,104,68,0,68,172
01/31/2019,OXR,CA,AWP,WE,Federal Contract Tower,0,4,14,0,18,0,0,10,0,10,0,4,24,0,28,20,0,20,48
02/01/2019,OXR,CA,AWP,WE,Federal Contract Tower,0,3,12,0,15,0,15,54,0,69,0,18,66,0,84,148,0,148,232
02/02/2019,OXR,CA,AWP,WE,Federal Contract Tower,0,2,11,0,13,0,0,1,0,1,0,2,12,0,14,0,0,0,14
02/03/2019,OXR,CA,AWP,WE,Federal Contract Tower,0,0,11,0,11,0,4,1,0,5,0,4,12,0,16,0,0,0,16
02/04/2019,OXR,CA,AWP,WE,Federal Contract Tower,0,3,8,0,11,0,0,9,0,9,0,3,17,0,20,8,0,8,28
02/05/2019,OXR,CA,AWP,WE,Federal Contract Tower,0,2,12,0,14,0,5,47,0,52,0,7,59,0,66,4,0,4,70
02/06/2019,OXR,CA,AWP,WE,Federal Contract Tower,0,3,11,0,14,0,11,87,0,98,0,14,98,0,112,208,0,208,320
02/07/2019,OXR,CA,AWP,WE,Federal Contract Tower,0,4,11,0,15,0,16,71,0,87,0,20,82,0,102,162,0,162,264
02/08/2019,OXR,CA,AWP,WE,Federal Contract Tower,0,2,12,0,14,0,15,92,0,107,0,17,104,0,121,212,0,212,333
02/09/2019,OXR,CA,AWP,WE,Federal Contract Tower,0,4,14,0,18,0,6,40,0,46,0,10,54,0,64,80,0,80,144
02/10/2019,OXR,CA,AWP,WE,Federal Contract Tower,0,0,12,0,12,0,2,14,0,16,0,2,26,0,28,30,0,30,58
02/11/2019,OXR,CA,AWP,WE,Federal Contract Tower,0,3,7,0,10,0,14,75,0,89,0,17,82,0,99,126,0,126,225
02/12/2019,OXR,CA,AWP,WE,Federal Contract Tower,0,3,11,0,14,0,9,91,0,100,0,12,102,0,114,126,0,126,240
02/13/2019,OXR,CA,AWP,WE,Federal Contract Tower,0,3,10,0,13,0,3,0,0,3,0,6,10,0,16,0,0,0,16
02/14/2019,OXR,CA,AWP,WE,Federal Contract Tower,0,6,22,0,28,0,2,4,0,6,0,8,26,0,34,0,0,0,34
02/15/2019,OXR,CA,AWP,WE,Federal Contract Tower,0,8,14,0,22,0,6,16,0,22,0,14,30,0,44,16,0,16,60
02/16/2019,OXR,CA,AWP,WE,Federal Contract Tower,0,0,7,0,7,0,4,75,0,79,0,4,82,0,86,132,0,132,218
02/17/2019,OXR,CA,AWP,WE,Federal Contract Tower,0,2,4,0,6,0,2,10,0,12,0,4,14,0,18,36,0,36,54
02/18/2019,OXR,CA,AWP,WE,Federal Contract Tower,0,3,12,0,15,0,8,91,6,105,0,11,103,6,120,170,0,170,290
02/19/2019,OXR,CA,AWP,WE,Federal Contract Tower,0,3,13,0,16,0,12,101,0,113,0,15,114,0,129,126,0,126,255
02/20/2019,OXR,CA,AWP,WE,Federal Contract Tower,0,4,24,0,28,0,10,65,0,75,0,14,89,0,103,196,0,196,299
02/21/2019,OXR,CA,AWP,WE,Federal Contract Tower,0,2,10,0,12,0,9,56,0,65,0,11,66,0,77,116,0,116,193
02/22/2019,OXR,CA,AWP,WE,Federal Contract Tower,0,3,8,0,11,0,4,88,0,92,0,7,96,0,103,170,0,170,273
02/23/2019,OXR,CA,AWP,WE,Federal Contract Tower,0,0,12,0,12,0,3,95,0,98,0,3,107,0,110,210,0,210,320
02/24/2019,OXR,CA,AWP,WE,Federal Contract Tower,0,2,11,0,13,0,6,76,0,82,0,8,87,0,95,178,0,178,273
02/25/2019,OXR,CA,AWP,WE,Federal Contract Tower,0,3,8,0,11,0,39,71,0,110,0,42,79,0,121,92,0,92,213
02/26/2019,OXR,CA,AWP,WE,Federal Contract Tower,0,2,12,0,14,0,20,60,0,80,0,22,72,0,94,144,0,144,238
02/27/2019,OXR,CA,AWP,WE,Federal Contract Tower,0,3,26,0,29,0,10,40,0,50,0,13,66,0,79,100,0,100,179
02/28/2019,OXR,CA,AWP,WE,Federal Contract Tower,0,4,30,0,34,0,10,9,0,19,0,14,39,0,53,20,0,20,73
03/01/2019,OXR,CA,AWP,WE,Federal Contract Tower,0,2,22,7,31,0,7,42,2,51,0,9,64,9,82,150,6,156,238
03/02/2019,OXR,CA,AWP,WE,Federal Contract Tower,0,2,27,0,29,0,0,0,0,0,0,2,27,0,29,0,0,0,29
03/03/2019,OXR,CA,AWP,WE,Federal Contract Tower,0,1,26,0,27,0,4,9,0,13,0,5,35,0,40,18,0,18,58
03/04/2019,OXR,CA,AWP,WE,Federal Contract Tower,0,3,21,0,24,0,3,65,0,68,0,6,86,0,92,172,0,172,264
03/05/2019,OXR,CA,AWP,WE,Federal Contract Tower,0,3,12,0,15,0,13,32,0,45,0,16,44,0,60,60,0,60,120
03/06/2019,OXR,CA,AWP,WE,Federal Contract Tower,0,2,2,4,8,0,0,5,1,6,0,2,7,5,14,0,0,0,14
03/07/2019,OXR,CA,AWP,WE,Federal Contract Tower,0,2,21,0,23,0,18,44,0,62,0,20,65,0,85,124,0,124,209
03/08/2019,OXR,CA,AWP,WE,Federal Contract Tower,0,2,5,0,7,0,7,69,0,76,0,9,74,0,83,86,0,86,169
03/09/2019,OXR,CA,AWP,WE,Federal Contract Tower,0,15,0,0,15,0,10,92,0,102,0,25,92,0,117,316,0,316,433
03/10/2019,OXR,CA,AWP,WE,Federal Contract Tower,0,0,11,0,11,0,5,67,0,72,0,5,78,0,83,260,0,260,343
03/11/2019,OXR,CA,AWP,WE,Federal Contract Tower,0,2,17,0,19,0,4,46,0,50,0,6,63,0,69,64,0,64,133
03/12/2019,OXR,CA,AWP,WE,Federal Contract Tower,0,2,17,0,19,0,26,61,2,89,0,28,78,2,108,142,4,146,254
03/13/2019,OXR,CA,AWP,WE,Federal Contract Tower,0,1,12,0,13,0,30,77,2,109,0,31,89,2,122,108,0,108,230
03/14/2019,OXR,CA,AWP,WE,Federal Contract Tower,0,1,9,2,12,0,18,25,0,43,0,19,34,2,55,28,0,28,83
03/15/2019,OXR,CA,AWP,WE,Federal Contract Tower,0,2,13,0,15,0,9,18,2,29,0,11,31,2,44,44,0,44,88
03/16/2019,OXR,CA,AWP,WE,Federal Contract Tower,0,0,6,0,6,0,13,60,0,73,0,13,66,0,79,78,0,78,157
03/17/2019,OXR,CA,AWP,WE,Federal Contract Tower,0,2,12,0,14,0,6,84,0,90,0,8,96,0,104,156,0,156,260
03/18/2019,OXR,CA,AWP,WE,Federal Contract Tower,0,4,17,0,21,0,8,94,0,102,0,12,111,0,123,152,0,152,275
03/19/2019,OXR,CA,AWP,WE,Federal Contract Tower,0,15,53,0,68,0,7,16,0,23,0,22,69,0,91,8,0,8,99
03/20/2019,OXR,CA,AWP,WE,Federal Contract Tower,0,4,22,0,26,0,11,60,0,71,0,15,82,0,97,140,0,140,237
03/21/2019,OXR,CA,AWP,WE,Federal Contract Tower,0,10,19,0,29,0,11,49,0,60,0,21,68,0,89,216,0,216,305
03/22/2019,OXR,CA,AWP,WE,Federal Contract Tower,0,8,25,0,33,0,18,96,0,114,0,26,121,0,147,244,0,244,391
03/23/2019,OXR,CA,AWP,WE,Federal Contract Tower,0,1,59,0,60,0,6,48,2,56,0,7,107,2,116,148,0,148,264
03/24/2019,OXR,CA,AWP,WE,Federal Contract Tower,0,3,25,0,28,0,9,106,0,115,0,12,131,0,143,160,0,160,303
03/25/2019,OXR,CA,AWP,WE,Federal Contract Tower,0,2,11,0,13,0,12,78,2,92,0,14,89,2,105,98,8,106,211
03/26/2019,OXR,CA,AWP,WE,Federal Contract Tower,0,5,12,0,17,0,25,96,0,121,0,30,108,0,138,82,0,82,220
03/27/2019,OXR,CA,AWP,WE,Federal Contract Tower,0,2,35,0,37,0,17,25,2,44,0,19,60,2,81,22,0,22,103
03/28/2019,OXR,CA,AWP,WE,Federal Contract Tower,0,5,16,1,22,0,16,59,3,78,0,21,75,4,100,136,0,136,236
03/29/2019,OXR,CA,AWP,WE,Federal Contract Tower,0,2,13,0,15,0,22,115,0,137,0,24,128,0,152,148,0,148,300
03/30/2019,OXR,CA,AWP,WE,Federal Contract Tower,0,4,14,0,18,0,15,89,0,104,0,19,103,0,122,110,0,110,232
03/31/2019,OXR,CA,AWP,WE,Federal Contract Tower,0,3,16,0,19,0,8,91,0,99,0,11,107,0,118,84,0,84,202
04/01/2019,OXR,CA,AWP,WE,Federal Contract Tower,0,3,10,0,13,0,0,57,0,57,0,3,67,0,70,72,0,72,142
04/02/2019,OXR,CA,AWP,WE,Federal Contract Tower,0,6,31,0,37,0,13,62,0,75,0,19,93,0,112,150,0,150,262
04/03/2019,OXR,CA,AWP,WE,Federal Contract Tower,0,11,28,0,39,0,39,50,2,91,0,50,78,2,130,120,0,120,250
04/04/2019,OXR,CA,AWP,WE,Federal Contract Tower,0,2,27,0,29,0,11,29,0,40,0,13,56,0,69,60,0,60,129
04/05/2019,OXR,CA,AWP,WE,Federal Contract Tower,0,2,10,0,12,0,15,56,2,73,0,17,66,2,85,160,0,160,245
04/06/2019,OXR,CA,AWP,WE,Federal Contract Tower,0,2,8,0,10,0,6,92,0,98,0,8,100,0,108,140,0,140,248
04/07/2019,OXR,CA,AWP,WE,Federal Contract Tower,0,2,14,0,16,0,8,91,0,99,0,10,105,0,115,110,0,110,225
04/08/2019,OXR,CA,AWP,WE,Federal Contract Tower,0,2,12,0,14,0,21,76,0,97,0,23,88,0,111,120,0,120,231
04/09/2019,OXR,CA,AWP,WE,Federal Contract Tower,0,4,4,0,8,0,6,47,0,53,0,10,51,0,61,56,0,56,117
04/10/2019,OXR,CA,AWP,WE,Federal Contract Tower,0,2,12,0,14,0,9,75,0,84,0,11,87,0,98,172,0,172,270
04/11/2019,OXR,CA,AWP,WE,Federal Contract Tower,0,2,9,4,15,0,15,54,0,69,0,17,63,4,84,122,0,122,206
04/12/2019,OXR,CA,AWP,WE,Federal Contract Tower,0,4,16,0,20,0,15,82,0,97,0,19,98,0,117,174,0,174,291
04/13/2019,OXR,CA,AWP,WE,Federal Contract Tower,0,3,13,0,16,0,13,104,0,117,0,16,117,0,133,192,0,192,325
04/14/2019,OXR,CA,AWP,WE,Federal Contract Tower,0,3,18,2,23,0,9,55,0,64,0,12,73,2,87,118,0,118,205
04/15/2019,OXR,CA,AWP,WE,Federal Contract Tower,0,6,38,0,44,0,13,30,0,43,0,19,68,0,87,38,0,38,125
04/16/2019,OXR,CA,AWP,WE,Federal Contract Tower,0,5,20,0,25,0,16,43,0,59,0,21,63,0,84,132,0,132,216
04/17/2019,OXR,CA,AWP,WE,Federal Contract Tower,0,2,12,0,14,0,16,100,0,116,0,18,112,0,130,192,0,192,322
04/18/2019,OXR,CA,AWP,WE,Federal Contract Tower,0,4,7,0,11,0,29,98,0,127,0,33,105,0,138,160,0,160,298
04/19/2019,OXR,CA,AWP,WE,Federal Contract Tower,0,8,54,0,62,0,2,3,0,5,0,10,57,0,67,0,0,0,67
04/20/2019,OXR,CA,AWP,WE,Federal Contract Tower,0,5,54,0,59,0,1,25,0,26,0,6,79,0,85,58,0,58,143
04/22/2019,OXR,CA,AWP,WE,Federal Contract Tower,0,3,17,0,20,0,3,10,1,14,0,6,27,1,34,90,0,90,124
04/23/2019,OXR,CA,AWP,WE,Federal Contract Tower,0,5,19,2,26,0,16,91,4,111,0,21,110,6,137,142,0,142,279
04/24/2019,OXR,CA,AWP,WE,Federal Contract Tower,0,9,42,2,53,0,12,46,0,58,0,21,88,2,111,32,0,32,143
04/25/2019,OXR,CA,AWP,WE,Federal Contract Tower,0,6,36,0,42,0,14,32,0,46,0,20,68,0,88,56,0,56,144
04/26/2019,OXR,CA,AWP,WE,Federal Contract Tower,0,16,39,0,55,0,5,13,0,18,0,21,52,0,73,50,0,50,123
04/27/2019,OXR,CA,AWP,WE,Federal Contract Tower,0,2,52,0,54,0,0,5,0,5,0,2,57,0,59,30,0,30,89
04/28/2019,OXR,CA,AWP,WE,Federal Contract Tower,0,2,35,0,37,0,5,40,0,45,0,7,75,0,82,160,0,160,242
04/29/2019,OXR,CA,AWP,WE,Federal Contract Tower,0,5,24,0,29,0,18,45,0,63,0,23,69,0,92,78,0,78,170
04/30/2019,OXR,CA,AWP,WE,Federal Contract Tower,0,8,45,2,55,0,10,34,0,44,0,18,79,2,99,48,0,48,147
05/01/2019,OXR,CA,AWP,WE,Federal Contract Tower,0,12,26,0,38,0,7,93,0,100,0,19,119,0,138,194,0,194,332
05/02/2019,OXR,CA,AWP,WE,Federal Contract Tower,0,4,23,0,27,0,11,70,0,81,0,15,93,0,108,116,0,116,224
05/03/2019,OXR,CA,AWP,WE,Federal Contract Tower,0,8,34,0,42,0,9,61,0,70,0,17,95,0,112,92,0,92,204
05/04/2019,OXR,CA,AWP,WE,Federal Contract Tower,0,0,32,2,34,0,2,43,0,45,0,2,75,2,79,114,0,114,193
05/05/2019,OXR,CA,AWP,WE,Federal Contract Tower,0,5,20,0,25,0,2,39,1,42,0,7,59,1,67,100,0,100,167
05/06/2019,OXR,CA,AWP,WE,Federal Contract Tower,0,2,24,0,26,0,2,32,0,34,0,4,56,0,60,38,0,38,98
05/07/2019,OXR,CA,AWP,WE,Federal Contract Tower,0,2,32,0,34,0,7,53,0,60,0,9,85,0,94,102,0,102,196
05/08/2019,OXR,CA,AWP,WE,Federal Contract Tower,0,4,29,1,34,0,9,47,1,57,0,13,76,2,91,100,0,100,191
05/09/2019,OXR,CA,AWP,WE,Federal Contract Tower,0,4,34,0,38,0,4,44,0,48,0,8,78,0,86,218,0,218,304
05/10/2019,OXR,CA,AWP,WE,Federal Contract Tower,0,8,24,0,32,0,28,50,0,78,0,36,74,0,110,118,0,118,228
05/11/2019,OXR,CA,AWP,WE,Federal Contract Tower,0,2,15,0,17,0,9,95,4,108,0,11,110,4,125,268,0,268,393
05/12/2019,OXR,CA,AWP,WE,Federal Contract Tower,0,5,25,0,30,0,17,34,0,51,0,22,59,0,81,60,0,60,141
05/13/2019,OXR,CA,AWP,WE,Federal Contract Tower,0,10,44,0,54,0,7,2,0,9,0,17,46,0,63,0,0,0,63
05/14/2019,OXR,CA,AWP,WE,Federal Contract Tower,0,9,32,0,41,0,14,11,0,25,0,23,43,0,66,12,0,12,78
05/15/2019,OXR,CA,AWP,WE,Federal Contract Tower,0,10,39,0,49,0,8,33,0,41,0,18,72,0,90,124,0,124,214
05/16/2019,OXR,CA,AWP,WE,Federal Contract Tower,0,6,20,2,28,0,5,24,0,29,0,11,44,2,57,58,0,58,115
05/17/2019,OXR,CA,AWP,WE,Federal Contract Tower,0,2,22,0,24,0,9,101,0,110,0,11,123,0,134,176,0,176,310
05/18/2019,OXR,CA,AWP,WE,Federal Contract Tower,0,0,11,0,11,0,6,83,0,89,0,6,94,0,100,228,0,228,328
05/19/2019,OXR,CA,AWP,WE,Federal Contract Tower,0,3,24,8,35,0,5,17,0,22,0,8,41,8,57,44,0,44,101
05/20/2019,OXR,CA,AWP,WE,Federal Contract Tower,0,4,13,0,17,0,9,50,0,59,0,13,63,0,76,112,0,112,188
05/21/2019,OXR,CA,AWP,WE,Federal Contract Tower,0,2,10,2,14,3,42,0,0,45,3,44,10,2,59,72,0,72,131
05/22/2019,OXR,CA,AWP,WE,Federal Contract Tower,0,4,9,0,13,0,17,63,0,80,0,21,72,0,93,76,0,76,169
05/23/2019,OXR,CA,AWP,WE,Federal Contract Tower,0,4,23,0,27,0,7,36,0,43,0,11,59,0,70,110,0,110,180
05/24/2019,OXR,CA,AWP,WE,Federal Contract Tower,0,3,7,0,10,0,14,111,0,125,0,17,118,0,135,240,0,240,375
05/25/2019,OXR,CA,AWP,WE,Federal Contract Tower,0,0,25,0,25,0,6,71,1,78,0,6,96,1,103,132,0,132,235
05/26/2019,OXR,CA,AWP,WE,Federal Contract Tower,0,0,14,0,14,0,6,24,0,30,0,6,38,0,44,62,0,62,106
05/27/2019,OXR,CA,AWP,WE,Federal Contract Tower,0,2,12,0,14,0,6,98,0,104,0,8,110,0,118,152,0,152,270
05/28/2019,OXR,CA,AWP,WE,Federal Contract Tower,0,4,11,0,15,0,5,106,0,111,0,9,117,0,126,158,0,158,284
05/29/2019,OXR,CA,AWP,WE,Federal Contract Tower,0,2,16,0,18,0,1,95,0,96,0,3,111,0,114,122,0,122,236
05/30/2019,OXR,CA,AWP,WE,Federal Contract Tower,0,5,25,2,32,0,6,21,0,27,0,11,46,2,59,40,0,40,99
05/31/2019,OXR,CA,AWP,WE,Federal Contract Tower,0,11,36,0,47,0,2,16,0,18,0,13,52,0,65,52,0,52,117
06/01/2019,OXR,CA,AWP,WE,Federal Contract Tower,0,7,43,2,52,0,3,4,0,7,0,10,47,2,59,14,0,14,73
06/02/2019,OXR,CA,AWP,WE,Federal Contract Tower,0,5,36,0,41,0,9,24,0,33,0,14,60,0,74,70,0,70,144
06/03/2019,OXR,CA,AWP,WE,Federal Contract Tower,0,2,26,0,28,0,8,20,0,28,0,10,46,0,56,26,0,26,82
06/04/2019,OXR,CA,AWP,WE,Federal Contract Tower,0,6,47,0,53,0,10,7,0,17,0,16,54,0,70,28,0,28,98
06/05/2019,OXR,CA,AWP,WE,Federal Contract Tower,0,13,38,0,51,0,1,2,0,3,0,14,40,0,54,0,0,0,54
06/06/2019,OXR,CA,AWP,WE,Federal Contract Tower,0,17,45,0,62,0,9,4,0,13,0,26,49,0,75,10,0,10,85
06/07/2019,OXR,CA,AWP,WE,Federal Contract Tower,0,7,32,0,39,0,7,37,0,44,0,14,69,0,83,66,0,66,149
06/08/2019,OXR,CA,AWP,WE,Federal Contract Tower,0,1,15,0,16,0,17,94,0,111,0,18,109,0,127,224,0,224,351
06/09/2019,OXR,CA,AWP,WE,Federal Contract Tower,0,3,32,0,35,0,1,58,0,59,0,4,90,0,94,94,0,94,188
06/10/2019,OXR,CA,AWP,WE,Federal Contract Tower,0,5,14,0,19,0,6,90,0,96,0,11,104,0,115,156,0,156,271
06/11/2019,OXR,CA,AWP,WE,Federal Contract Tower,0,2,11,0,13,0,11,94,0,105,0,13,105,0,118,98,0,98,216
06/12/2019,OXR,CA,AWP,WE,Federal Contract Tower,0,6,39,0,45,0,16,8,0,24,0,22,47,0,69,0,0,0,69
06/13/2019,OXR,CA,AWP,WE,Federal Contract Tower,0,5,32,0,37,0,8,24,0,32,0,13,56,0,69,48,0,48,117
06/14/2019,OXR,CA,AWP,WE,Federal Contract Tower,0,6,46,0,52,0,2,47,0,49,0,8,93,0,101,104,0,104,205
06/15/2019,OXR,CA,AWP,WE,Federal Contract Tower,0,1,42,0,43,0,2,40,0,42,0,3,82,0,85,112,0,112,197
06/16/2019,OXR,CA,AWP,WE,Federal Contract Tower,0,0,27,0,27,0,5,25,0,30,0,5,52,0,57,72,0,72,129
06/17/2019,OXR,CA,AWP,WE,Federal Contract Tower,0,5,29,0,34,0,60,44,0,104,0,65,73,0,138,110,0,110,248
06/18/2019,OXR,CA,AWP,WE,Federal Contract Tower,0,7,41,0,48,0,10,25,0,35,0,17,66,0,83,70,0,70,153
06/19/2019,OXR,CA,AWP,WE,Federal Contract Tower,0,4,43,0,47,0,23,33,0,56,0,27,76,0,103,44,0,44,147
06/20/2019,OXR,CA,AWP,WE,Federal Contract Tower,0,4,26,0,30,0,15,21,0,36,0,19,47,0,66,82,0,82,148
06/21/2019,OXR,CA,AWP,WE,Federal Contract Tower,0,4,49,0,53,0,5,39,0,44,0,9,88,0,97,112,0,112,209
06/22/2019,OXR,CA,AWP,WE,Federal Contract Tower,0,0,23,0,23,0,0,83,0,83,0,0,106,0,106,202,0,202,308
06/23/2019,OXR,CA,AWP,WE,Federal Contract Tower,0,2,51,0,53,0,4,27,0,31,0,6,78,0,84,42,0,42,126
06/24/2019,OXR,CA,AWP,WE,Federal Contract Tower,0,4,34,0,38,0,28,15,0,43,0,32,49,0,81,0,0,0,81
06/25/2019,OXR,CA,AWP,WE,Federal Contract Tower,0,6,43,0,49,0,10,9,0,19,0,16,52,0,68,38,0,38,106
06/26/2019,OXR,CA,AWP,WE,Federal Contract Tower,0,9,25,0,34,0,18,56,0,74,0,27,81,0,108,134,0,134,242
06/27/2019,OXR,CA,AWP,WE,Federal Contract Tower,0,2,32,0,34,0,7,48,0,55,0,9,80,0,89,98,0,98,187
06/28/2019,OXR,CA,AWP,WE,Federal Contract Tower,0,2,15,0,17,0,12,92,0,104,0,14,107,0,121,216,0,216,337
06/29/2019,OXR,CA,AWP,WE,Federal Contract Tower,0,0,10,0,10,0,4,99,0,103,0,4,109,0,113,180,0,180,293
06/30/2019,OXR,CA,AWP,WE,Federal Contract Tower,0,0,12,0,12,0,2,96,0,98,0,2,108,0,110,212,0,212,322
07/01/2019,OXR,CA,AWP,WE,Federal Contract Tower,0,3,20,0,23,0,14,100,0,114,0,17,120,0,137,128,0,128,265
07/02/2019,OXR,CA,AWP,WE,Federal Contract Tower,0,3,16,0,19,0,9,75,0,84,0,12,91,0,103,156,0,156,259
07/03/2019,OXR,CA,AWP,WE,Federal Contract Tower,0,2,27,0,29,0,17,98,0,115,0,19,125,0,144,180,0,180,324
07/04/2019,OXR,CA,AWP,WE,Federal Contract Tower,0,0,16,0,16,0,2,29,0,31,0,2,45,0,47,44,0,44,91
07/05/2019,OXR,CA,AWP,WE,Federal Contract Tower,0,3,12,0,15,0,28,55,0,83,0,31,67,0,98,186,0,186,284
07/06/2019,OXR,CA,AWP,WE,Federal Contract Tower,0,8,34,0,42,0,14,20,0,34,0,22,54,0,76,24,0,24,100
07/07/2019,OXR,CA,AWP,WE,Federal Contract Tower,0,6,46,0,52,0,15,35,0,50,0,21,81,0,102,120,0,120,222
07/08/2019,OXR,CA,AWP,WE,Federal Contract Tower,0,3,21,0,24,0,17,55,0,72,0,20,76,0,96,146,0,146,242
07/09/2019,OXR,CA,AWP,WE,Federal Contract Tower,0,2,19,0,21,0,14,53,0,67,0,16,72,0,88,146,0,146,234
07/10/2019,OXR,CA,AWP,WE,Federal Contract Tower,0,8,18,0,26,0,8,64,0,72,0,16,82,0,98,94,0,94,192
07/11/2019,OXR,CA,AWP,WE,Federal Contract Tower,0,5,21,0,26,0,12,86,0,98,0,17,107,0,124,156,0,156,280
07/12/2019,OXR,CA,AWP,WE,Federal Contract Tower,0,4,23,0,27,0,12,60,0,72,0,16,83,0,99,46,0,46,145
07/13/2019,OXR,CA,AWP,WE,Federal Contract Tower,0,8,38,0,46,0,0,0,0,0,0,8,38,0,46,0,0,0,46
07/14/2019,OXR,CA,AWP,WE,Federal Contract Tower,0,17,34,0,51,0,0,0,0,0,0,17,34,0,51,0,0,0,51
07/15/2019,OXR,CA,AWP,WE,Federal Contract Tower,0,6,26,0,32,0,23,34,0,57,0,29,60,0,89,70,0,70,159
07/16/2019,OXR,CA,AWP,WE,Federal Contract Tower,0,4,9,0,13,0,12,84,0,96,0,16,93,0,109,216,0,216,325
07/17/2019,OXR,CA,AWP,WE,Federal Contract Tower,0,6,43,0,49,0,21,31,0,52,0,27,74,0,101,84,0,84,185
07/18/2019,OXR,CA,AWP,WE,Federal Contract Tower,0,12,9,0,21,0,22,39,0,61,0,34,48,0,82,66,0,66,148
07/19/2019,OXR,CA,AWP,WE,Federal Contract Tower,0,7,19,0,26,0,12,68,0,80,0,19,87,0,106,140,0,140,246
07/20/2019,OXR,CA,AWP,WE,Federal Contract Tower,0,4,9,0,13,0,10,85,0,95,0,14,94,0,108,210,0,210,318
07/21/2019,OXR,CA,AWP,WE,Federal Contract Tower,0,5,18,0,23,0,8,60,0,68,0,13,78,0,91,142,0,142,233
07/22/2019,OXR,CA,AWP,WE,Federal Contract Tower,0,7,17,0,24,0,9,33,0,42,0,16,50,0,66,136,0,136,202
07/23/2019,OXR,CA,AWP,WE,Federal Contract Tower,0,7,14,0,21,0,7,83,0,90,0,14,97,0,111,168,0,168,279
07/24/2019,OXR,CA,AWP,WE,Federal Contract Tower,0,5,7,0,12,0,10,98,0,108,0,15,105,0,120,244,0,244,364
07/25/2019,OXR,CA,AWP,WE,Federal Contract Tower,0,2,12,1,15,0,12,75,1,88,0,14,87,2,103,148,0,148,251
07/26/2019,OXR,CA,AWP,WE,Federal Contract Tower,0,2,5,0,7,0,16,109,0,125,0,18,114,0,132,268,0,268,400
07/27/2019,OXR,CA,AWP,WE,Federal Contract Tower,0,2,12,0,14,0,10,91,0,101,0,12,103,0,115,272,0,272,387
07/28/2019,OXR,CA,AWP,WE,Federal Contract Tower,0,5,23,0,28,0,1,27,0,28,0,6,50,0,56,6,0,6,62
07/29/2019,OXR,CA,AWP,WE,Federal Contract Tower,0,7,21,3,31,0,3,23,0,26,0,10,44,3,57,116,0,116,173
07/30/2019,OXR,CA,AWP,WE,Federal Contract Tower,0,9,14,0,23,0,5,51,0,56,0,14,65,0,79,90,0,90,169
07/31/2019,OXR,CA,AWP,WE,Federal Contract Tower,0,7,15,0,22,0,16,81,0,97,0,23,96,0,119,86,0,86,205
08/01/2019,OXR,CA,AWP,WE,Federal Contract Tower,0,5,30,0,35,0,14,41,0,55,0,19,71,0,90,52,0,52,142
08/02/2019,OXR,CA,AWP,WE,Federal Contract Tower,0,11,15,0,26,0,9,60,0,69,0,20,75,0,95,48,0,48,143
08/03/2019,OXR,CA,AWP,WE,Federal Contract Tower,0,1,27,0,28,0,3,53,0,56,0,4,80,0,84,142,0,142,226
08/04/2019,OXR,CA,AWP,WE,Federal Contract Tower,0,7,26,0,33,0,2,23,0,25,0,9,49,0,58,46,0,46,104
08/05/2019,OXR,CA,AWP,WE,Federal Contract Tower,0,10,22,0,32,0,15,41,1,57,0,25,63,1,89,56,0,56,145
08/06/2019,OXR,CA,AWP,WE,Federal Contract Tower,0,6,14,1,21,0,42,42,0,84,0,48,56,1,105,88,0,88,193
08/07/2019,OXR,CA,AWP,WE,Federal Contract Tower,0,13,25,2,40,0,5,27,0,32,0,18,52,2,72,20,0,20,92
08/08/2019,OXR,CA,AWP,WE,Federal Contract Tower,0,10,34,0,44,0,7,64,0,71,0,17,98,0,115,106,0,106,221
08/09/2019,OXR,CA,AWP,WE,Federal Contract Tower,0,2,20,0,22,0,12,88,0,100,0,14,108,0,122,126,0,126,248
08/10/2019,OXR,CA,AWP,WE,Federal Contract Tower,0,2,9,0,11,0,4,56,0,60,0,6,65,0,71,136,0,136,207
08/11/2019,OXR,CA,AWP,WE,Federal Contract Tower,0,1,22,0,23,0,9,48,0,57,0,10,70,0,80,50,0,50,130
08/12/2019,OXR,CA,AWP,WE,Federal Contract Tower,0,7,28,2,37,0,11,26,0,37,0,18,54,2,74,22,0,22,96
08/13/2019,OXR,CA,AWP,WE,Federal Contract Tower,0,3,38,0,41,0,10,34,0,44,0,13,72,0,85,56,0,56,141
08/14/2019,OXR,CA,AWP,WE,Federal Contract Tower,0,8,35,2,45,0,4,18,0,22,0,12,53,2,67,8,0,8,75
08/15/2019,OXR,CA,AWP,WE,Federal Contract Tower,0,4,22,1,27,0,10,43,0,53,0,14,65,1,80,96,0,96,176
08/16/2019,OXR,CA,AWP,WE,Federal Contract Tower,0,6,20,0,26,0,25,65,0,90,0,31,85,0,116,166,0,166,282
08/17/2019,OXR,CA,AWP,WE,Federal Contract Tower,0,4,10,0,14,0,9,36,0,45,0,13,46,0,59,44,0,44,103
08/18/2019,OXR,CA,AWP,WE,Federal Contract Tower,0,3,8,0,11,0,6,26,0,32,0,9,34,0,43,12,0,12,55
08/19/2019,OXR,CA,AWP,WE,Federal Contract Tower,0,4,15,0,19,0,14,39,0,53,0,18,54,0,72,68,0,68,140
08/20/2019,OXR,CA,AWP,WE,Federal Contract Tower,0,3,21,0,24,0,7,69,0,76,0,10,90,0,100,182,0,182,282
08/21/2019,OXR,CA,AWP,WE,Federal Contract Tower,0,3,12,0,15,0,9,62,0,71,0,12,74,0,86,184,0,184,270
08/22/2019,OXR,CA,AWP,WE,Federal Contract Tower,0,2,27,6,35,0,10,56,0,66,0,12,83,6,101,114,0,114,215
08/23/2019,OXR,CA,AWP,WE,Federal Contract Tower,0,2,26,0,28,0,15,76,0,91,0,17,102,0,119,142,0,142,261
08/24/2019,OXR,CA,AWP,WE,Federal Contract Tower,0,2,18,0,20,0,8,145,0,153,0,10,163,0,173,218,0,218,391
08/25/2019,OXR,CA,AWP,WE,Federal Contract Tower,0,4,16,0,20,0,2,42,0,44,0,6,58,0,64,62,0,62,126
08/26/2019,OXR,CA,AWP,WE,Federal Contract Tower,0,9,18,0,27,0,22,81,0,103,0,31,99,0,130,176,0,176,306
08/27/2019,OXR,CA,AWP,WE,Federal Contract Tower,0,5,17,0,22,0,5,81,1,87,0,10,98,1,109,116,0,116,225
08/28/2019,OXR,CA,AWP,WE,Federal Contract Tower,0,6,27,0,33,0,9,39,0,48,0,15,66,0,81,62,0,62,143
08/29/2019,OXR,CA,AWP,WE,Federal Contract Tower,0,11,15,0,26,0,12,88,0,100,0,23,103,0,126,78,0,78,204
08/30/2019,OXR,CA,AWP,WE,Federal Contract Tower,0,1,18,2,21,0,9,74,0,83,0,10,92,2,104,156,0,156,260
08/31/2019,OXR,CA,AWP,WE,Federal Contract Tower,0,0,13,0,13,0,4,81,0,85,0,4,94,0,98,178,0,178,276
09/01/2019,OXR,CA,AWP,WE,Federal Contract Tower,0,4,20,0,24,0,0,13,0,13,0,4,33,0,37,8,0,8,45
09/02/2019,OXR,CA,AWP,WE,Federal Contract Tower,0,4,12,0,16,0,1,37,0,38,0,5,49,0,54,30,0,30,84
09/03/2019,OXR,CA,AWP,WE,Federal Contract Tower,0,5,13,2,20,0,5,56,0,61,0,10,69,2,81,100,0,100,181
09/04/2019,OXR,CA,AWP,WE,Federal Contract Tower,0,5,9,0,14,0,14,69,0,83,0,19,78,0,97,162,0,162,259
09/05/2019,OXR,CA,AWP,WE,Federal Contract Tower,0,7,20,0,27,0,9,67,0,76,0,16,87,0,103,94,0,94,197
09/06/2019,OXR,CA,AWP,WE,Federal Contract Tower,0,2,19,0,21,0,19,73,0,92,0,21,92,0,113,142,0,142,255
09/07/2019,OXR,CA,AWP,WE,Federal Contract Tower,0,4,10,0,14,0,2,66,0,68,0,6,76,0,82,72,0,72,154
09/08/2019,OXR,CA,AWP,WE,Federal Contract Tower,0,0,5,0,5,0,2,42,0,44,0,2,47,0,49,102,0,102,151
09/09/2019,OXR,CA,AWP,WE,Federal Contract Tower,0,2,17,0,19,0,7,79,0,86,0,9,96,0,105,120,0,120,225
09/10/2019,OXR,CA,AWP,WE,Federal Contract Tower,0,2,20,0,22,0,6,31,0,37,0,8,51,0,59,84,0,84,143
09/11/2019,OXR,CA,AWP,WE,Federal Contract Tower,0,2,9,2,13,0,11,76,0,87,0,13,85,2,100,86,0,86,186
09/12/2019,OXR,CA,AWP,WE,Federal Contract Tower,0,2,11,0,13,0,7,69,0,76,0,9,80,0,89,112,0,112,201
09/13/2019,OXR,CA,AWP,WE,Federal Contract Tower,0,2,11,0,13,0,4,82,6,92,0,6,93,6,105,112,0,112,217
09/14/2019,OXR,CA,AWP,WE,Federal Contract Tower,0,2,4,0,6,0,7,86,0,93,0,9,90,0,99,242,0,242,341
09/15/2019,OXR,CA,AWP,WE,Federal Contract Tower,0,1,23,0,24,0,2,31,0,33,0,3,54,0,57,48,0,48,105
09/16/2019,OXR,CA,AWP,WE,Federal Contract Tower,0,7,10,0,17,0,7,30,0,37,0,14,40,0,54,50,0,50,104
09/17/2019,OXR,CA,AWP,WE,Federal Contract Tower,0,11,13,0,24,0,15,46,0,61,0,26,59,0,85,116,0,116,201
09/18/2019,OXR,CA,AWP,WE,Federal Contract Tower,0,3,13,0,16,0,17,81,3,101,0,20,94,3,117,106,0,106,223
09/19/2019,OXR,CA,AWP,WE,Federal Contract Tower,0,2,32,0,34,0,13,81,0,94,0,15,113,0,128,204,0,204,332
09/20/2019,OXR,CA,AWP,WE,Federal Contract Tower,0,4,5,0,9,0,19,79,0,98,0,23,84,0,107,154,0,154,261
09/21/2019,OXR,CA,AWP,WE,Federal Contract Tower,0,2,17,0,19,0,10,120,0,130,0,12,137,0,149,308,0,308,457
09/22/2019,OXR,CA,AWP,WE,Federal Contract Tower,0,0,4,0,4,0,9,77,0,86,0,9,81,0,90,218,0,218,308
09/23/2019,OXR,CA,AWP,WE,Federal Contract Tower,0,3,22,0,25,0,2,45,0,47,0,5,67,0,72,138,0,138,210
09/24/2019,OXR,CA,AWP,WE,Federal Contract Tower,0,3,11,0,14,0,15,46,0,61,0,18,57,0,75,86,0,86,161
09/25/2019,OXR,CA,AWP,WE,Federal Contract Tower,0,9,17,0,26,0,26,66,0,92,0,35,83,0,118,76,0,76,194
09/26/2019,OXR,CA,AWP,WE,Federal Contract Tower,0,2,18,0,20,0,14,34,0,48,0,16,52,0,68,22,0,22,90
09/27/2019,OXR,CA,AWP,WE,Federal Contract Tower,0,2,30,0,32,0,12,25,0,37,0,14,55,0,69,52,0,52,121
09/28/2019,OXR,CA,AWP,WE,Federal Contract Tower,0,2,20,0,22,0,4,40,0,44,0,6,60,0,66,112,0,112,178
09/29/2019,OXR,CA,AWP,WE,Federal Contract Tower,0,3,11,0,14,0,3,73,0,76,0,6,84,0,90,180,0,180,270
09/30/2019,OXR,CA,AWP,WE,Federal Contract Tower,0,2,10,0,12,0,12,63,2,77,0,14,73,2,89,150,0,150,239
10/01/2019,OXR,CA,AWP,WE,Federal Contract Tower,0,0,6,0,6,0,5,66,0,71,0,5,72,0,77,72,0,72,149
10/02/2019,OXR,CA,AWP,WE,Federal Contract Tower,0,6,8,0,14,0,10,82,0,92,0,16,90,0,106,114,0,114,220
10/03/2019,OXR,CA,AWP,WE,Federal Contract Tower,0,2,17,0,19,0,11,111,2,124,0,13,128,2,143,160,0,160,303
10/04/2019,OXR,CA,AWP,WE,Federal Contract Tower,0,0,11,0,11,0,6,97,0,103,0,6,108,0,114,162,0,162,276
10/05/2019,OXR,CA,AWP,WE,Federal Contract Tower,0,5,7,0,12,0,4,109,0,113,0,9,116,0,125,178,0,178,303
10/06/2019,OXR,CA,AWP,WE,Federal Contract Tower,0,7,13,0,20,0,6,72,0,78,0,13,85,0,98,176,0,176,274
10/07/2019,OXR,CA,AWP,WE,Federal Contract Tower,0,5,13,0,18,0,14,70,0,84,0,19,83,0,102,104,0,104,206
10/08/2019,OXR,CA,AWP,WE,Federal Contract Tower,0,0,21,0,21,0,18,84,0,102,0,18,105,0,123,180,0,180,303
10/09/2019,OXR,CA,AWP,WE,Federal Contract Tower,0,2,20,0,22,0,13,25,0,38,0,15,45,0,60,74,0,74,134
10/10/2019,OXR,CA,AWP,WE,Federal Contract Tower,0,3,7,0,10,0,7,4,0,11,0,10,11,0,21,2,0,2,23
10/11/2019,OXR,CA,AWP,WE,Federal Contract Tower,0,3,6,0,9,0,3,25,0,28,0,6,31,0,37,8,0,8,45
10/12/2019,OXR,CA,AWP,WE,Federal Contract Tower,0,2,2,0,4,0,9,83,0,92,0,11,85,0,96,208,0,208,304
10/13/2019,OXR,CA,AWP,WE,Federal Contract Tower,0,0,10,0,10,0,6,86,2,94,0,6,96,2,104,158,0,158,262
10/14/2019,OXR,CA,AWP,WE,Federal Contract Tower,0,4,13,0,17,0,3,73,2,78,0,7,86,2,95,150,12,162,257
10/15/2019,OXR,CA,AWP,WE,Federal Contract Tower,0,4,17,0,21,0,24,126,0,150,0,28,143,0,171,296,0,296,467
10/16/2019,OXR,CA,AWP,WE,Federal Contract Tower,0,3,15,0,18,0,12,81,0,93,0,15,96,0,111,204,0,204,315
10/17/2019,OXR,CA,AWP,WE,Federal Contract Tower,0,2,16,0,18,0,9,50,0,59,0,11,66,0,77,130,0,130,207
10/18/2019,OXR,CA,AWP,WE,Federal Contract Tower,0,2,8,0,10,0,21,86,0,107,0,23,94,0,117,160,2,162,279
10/19/2019,OXR,CA,AWP,WE,Federal Contract Tower,0,0,6,0,6,0,9,91,0,100,0,9,97,0,106,118,0,118,224
10/20/2019,OXR,CA,AWP,WE,Federal Contract Tower,0,1,8,2,11,0,12,105,0,117,0,13,113,2,128,118,0,118,246
10/21/2019,OXR,CA,AWP,WE,Federal Contract Tower,0,2,15,0,17,0,8,71,0,79,0,10,86,0,96,106,8,114,210
10/22/2019,OXR,CA,AWP,WE,Federal Contract Tower,0,5,18,0,23,0,14,74,1,89,0,19,92,1,112,92,0,92,204
10/23/2019,OXR,CA,AWP,WE,Federal Contract Tower,0,2,9,0,11,0,11,82,0,93,0,13,91,0,104,190,0,190,294
10/24/2019,OXR,CA,AWP,WE,Federal Contract Tower,0,5,8,0,13,0,10,8,0,18,0,15,16,0,31,0,0,0,31
10/25/2019,OXR,CA,AWP,WE,Federal Contract Tower,0,6,11,0,17,0,12,45,1,58,0,18,56,1,75,8,0,8,83
10/26/2019,OXR,CA,AWP,WE,Federal Contract Tower,0,1,7,0,8,0,9,95,0,104,0,10,102,0,112,188,0,188,300
10/27/2019,OXR,CA,AWP,WE,Federal Contract Tower,0,4,15,0,19,0,8,40,0,48,0,12,55,0,67,140,0,140,207
10/28/2019,OXR,CA,AWP,WE,Federal Contract Tower,0,5,11,0,16,0,16,22,0,38,0,21,33,0,54,2,0,2,56
10/29/2019,OXR,CA,AWP,WE,Federal Contract Tower,0,2,14,0,16,0,15,100,0,115,0,17,114,0,131,140,0,140,271
10/30/2019,OXR,CA,AWP,WE,Federal Contract Tower,0,2,3,0,5,0,3,7,0,10,0,5,10,0,15,0,0,0,15
10/31/2019,OXR,CA,AWP,WE,Federal Contract Tower,0,2,8,0,10,0,7,26,0,33,0,9,34,0,43,14,0,14,57
11/01/2019,OXR,CA,AWP,WE,Federal Contract Tower,0,4,10,0,14,0,6,35,2,43,0,10,45,2,57,98,0,98,155
11/02/2019,OXR,CA,AWP,WE,Federal Contract Tower,0,1,8,0,9,0,3,94,0,97,0,4,102,0,106,132,0,132,238
11/03/2019,OXR,CA,AWP,WE,Federal Contract Tower,0,0,12,0,12,0,6,83,0,89,0,6,95,0,101,200,0,200,301
11/04/2019,OXR,CA,AWP,WE,Federal Contract Tower,0,2,9,0,11,0,10,68,0,78,0,12,77,0,89,90,0,90,179
11/05/2019,OXR,CA,AWP,WE,Federal Contract Tower,0,3,9,0,12,0,7,106,0,113,0,10,115,0,125,108,0,108,233
11/06/2019,OXR,CA,AWP,WE,Federal Contract Tower,0,2,32,0,34,0,6,22,0,28,0,8,54,0,62,20,0,20,82
11/07/2019,OXR,CA,AWP,WE,Federal Contract Tower,0,3,18,0,21,0,14,69,0,83,0,17,87,0,104,98,0,98,202
11/08/2019,OXR,CA,AWP,WE,Federal Contract Tower,0,4,15,0,19,0,7,64,0,71,0,11,79,0,90,92,0,92,182
11/09/2019,OXR,CA,AWP,WE,Federal Contract Tower,0,3,13,0,16,0,2,87,0,89,0,5,100,0,105,208,0,208,313
11/10/2019,OXR,CA,AWP,WE,Federal Contract Tower,0,1,16,0,17,0,4,62,0,66,0,5,78,0,83,46,0,46,129
11/11/2019,OXR,CA,AWP,WE,Federal Contract Tower,0,7,12,0,19,0,2,74,0,76,0,9,86,0,95,112,0,112,207
11/12/2019,OXR,CA,AWP,WE,Federal Contract Tower,0,8,27,0,35,0,18,52,0,70,0,26,79,0,105,96,0,96,201
11/13/2019,OXR,CA,AWP,WE,Federal Contract Tower,0,11,14,0,25,0,10,38,0,48,0,21,52,0,73,48,0,48,121
11/14/2019,OXR,CA,AWP,WE,Federal Contract Tower,0,8,21,0,29,0,4,74,0,78,0,12,95,0,107,142,0,142,249
11/15/2019,OXR,CA,AWP,WE,Federal Contract Tower,0,1,11,0,12,0,19,94,0,113,0,20,105,0,125,202,0,202,327
11/16/2019,OXR,CA,AWP,WE,Federal Contract Tower,0,0,11,0,11,0,21,104,0,125,0,21,115,0,136,244,0,244,380
11/17/2019,OXR,CA,AWP,WE,Federal Contract Tower,0,0,15,0,15,0,5,56,0,61,0,5,71,0,76,78,0,78,154
11/18/2019,OXR,CA,AWP,WE,Federal Contract Tower,0,2,16,0,18,0,9,116,2,127,0,11,132,2,145,196,0,196,341
11/19/2019,OXR,CA,AWP,WE,Federal Contract Tower,0,2,5,0,7,0,18,76,0,94,0,20,81,0,101,154,0,154,255
11/20/2019,OXR,CA,AWP,WE,Federal Contract Tower,0,2,16,0,18,0,14,34,0,48,0,16,50,0,66,92,0,92,158
11/21/2019,OXR,CA,AWP,WE,Federal Contract Tower,0,2,19,0,21,0,7,64,0,71,0,9,83,0,92,140,0,140,232
11/22/2019,OXR,CA,AWP,WE,Federal Contract Tower,0,4,18,0,22,0,18,94,0,112,0,22,112,0,134,160,0,160,294
11/23/2019,OXR,CA,AWP,WE,Federal Contract Tower,0,0,18,0,18,0,2,60,0,62,0,2,78,0,80,26,0,26,106
11/24/2019,OXR,CA,AWP,WE,Federal Contract Tower,0,1,3,0,4,0,6,87,0,93,0,7,90,0,97,262,0,262,359
11/25/2019,OXR,CA,AWP,WE,Federal Contract Tower,0,3,15,0,18,0,8,94,0,102,0,11,109,0,120,132,0,132,252
11/26/2019,OXR,CA,AWP,WE,Federal Contract Tower,0,5,16,0,21,0,11,76,0,87,0,16,92,0,108,152,0,152,260
11/27/2019,OXR,CA,AWP,WE,Federal Contract Tower,0,5,7,0,12,0,4,14,0,18,0,9,21,0,30,30,0,30,60
11/28/2019,OXR,CA,AWP,WE,Federal Contract Tower,0,0,1,0,1,0,0,5,0,5,0,0,6,0,6,2,0,2,8
11/29/2019,OXR,CA,AWP,WE,Federal Contract Tower,0,4,7,2,13,0,7,70,0,77,0,11,77,2,90,134,0,134,224
11/30/2019,OXR,CA,AWP,WE,Federal Contract Tower,0,0,9,0,9,0,1,26,0,27,0,1,35,0,36,70,0,70,106
12/01/2019,OXR,CA,AWP,WE,Federal Contract Tower,0,1,7,0,8,0,2,36,0,38,0,3,43,0,46,106,0,106,152
12/02/2019,OXR,CA,AWP,WE,Federal Contract Tower,0,3,13,0,16,0,2,82,0,84,0,5,95,0,100,98,0,98,198
12/03/2019,OXR,CA,AWP,WE,Federal Contract Tower,0,4,11,0,15,0,6,60,0,66,0,10,71,0,81,132,0,132,213
12/04/2019,OXR,CA,AWP,WE,Federal Contract Tower,0,4,18,0,22,0,6,3,0,9,0,10,21,0,31,10,0,10,41
12/05/2019,OXR,CA,AWP,WE,Federal Contract Tower,0,3,16,0,19,0,9,53,2,64,0,12,69,2,83,42,0,42,125
12/06/2019,OXR,CA,AWP,WE,Federal Contract Tower,0,10,10,0,20,0,20,53,0,73,0,30,63,0,93,94,0,94,187
12/07/2019,OXR,CA,AWP,WE,Federal Contract Tower,0,0,35,0,35,0,9,19,0,28,0,9,54,0,63,36,0,36,99
12/08/2019,OXR,CA,AWP,WE,Federal Contract Tower,0,3,37,0,40,0,5,2,0,7,0,8,39,0,47,4,0,4,51
12/09/2019,OXR,CA,AWP,WE,Federal Contract Tower,0,2,5,0,7,0,4,91,0,95,0,6,96,0,102,130,0,130,232
12/10/2019,OXR,CA,AWP,WE,Federal Contract Tower,0,3,15,0,18,0,15,91,0,106,0,18,106,0,124,196,0,196,320
12/11/2019,OXR,CA,AWP,WE,Federal Contract Tower,0,4,17,0,21,0,17,91,0,108,0,21,108,0,129,132,0,132,261
12/12/2019,OXR,CA,AWP,WE,Federal Contract Tower,0,4,9,0,13,0,4,76,2,82,0,8,85,2,95,134,0,134,229
12/13/2019,OXR,CA,AWP,WE,Federal Contract Tower,0,6,35,0,41,0,1,25,0,26,0,7,60,0,67,24,0,24,91
12/14/2019,OXR,CA,AWP,WE,Federal Contract Tower,0,2,19,0,21,0,1,49,0,50,0,3,68,0,71,142,0,142,213
12/15/2019,OXR,CA,AWP,WE,Federal Contract Tower,0,1,5,0,6,0,1,70,0,71,0,2,75,0,77,170,0,170,247
12/16/2019,OXR,CA,AWP,WE,Federal Contract Tower,0,3,5,1,9,0,13,22,0,35,0,16,27,1,44,30,0,30,74
12/17/2019,OXR,CA,AWP,WE,Federal Contract Tower,0,3,12,0,15,0,5,13,0,18,0,8,25,0,33,0,0,0,33
12/18/2019,OXR,CA,AWP,WE,Federal Contract Tower,0,3,15,0,18,0,4,79,0,83,0,7,94,0,101,180,0,180,281
12/19/2019,OXR,CA,AWP,WE,Federal Contract Tower,0,2,10,0,12,0,1,92,0,93,0,3,102,0,105,152,0,152,257
12/20/2019,OXR,CA,AWP,WE,Federal Contract Tower,0,4,15,0,19,0,10,100,0,110,0,14,115,0,129,174,0,174,303
12/21/2019,OXR,CA,AWP,WE,Federal Contract Tower,0,4,12,0,16,0,8,104,0,112,0,12,116,0,128,264,0,264,392
12/22/2019,OXR,CA,AWP,WE,Federal Contract Tower,0,0,8,0,8,0,1,11,0,12,0,1,19,0,20,18,0,18,38
12/23/2019,OXR,CA,AWP,WE,Federal Contract Tower,0,6,7,7,20,0,0,6,1,7,0,6,13,8,27,12,0,12,39
12/24/2019,OXR,CA,AWP,WE,Federal Contract Tower,0,6,6,0,12,0,3,46,0,49,0,9,52,0,61,104,0,104,165
12/25/2019,OXR,CA,AWP,WE,Federal Contract Tower,0,0,4,0,4,0,0,9,0,9,0,0,13,0,13,0,0,0,13
12/26/2019,OXR,CA,AWP,WE,Federal Contract Tower,0,2,5,0,7,0,0,25,0,25,0,2,30,0,32,28,0,28,60
12/27/2019,OXR,CA,AWP,WE,Federal Contract Tower,0,4,3,0,7,0,5,94,0,99,0,9,97,0,106,156,0,156,262
12/28/2019,OXR,CA,AWP,WE,Federal Contract Tower,0,0,2,0,2,0,0,80,0,80,0,0,82,0,82,248,0,248,330
12/29/2019,OXR,CA,AWP,WE,Federal Contract Tower,0,0,5,0,5,0,9,74,0,83,0,9,79,0,88,168,0,168,256
12/30/2019,OXR,CA,AWP,WE,Federal Contract Tower,0,6,3,0,9,0,0,23,0,23,0,6,26,0,32,30,0,30,62
12/31/2019,OXR,CA,AWP,WE,Federal Contract Tower,0,2,3,0,5,0,2,36,0,38,0,4,39,0,43,72,0,72,115
01/01/2020,OXR,CA,AWP,WE,Federal Contract Tower,0,0,5,0,5,0,2,47,0,49,0,2,52,0,54,118,0,118,172
01/02/2020,OXR,CA,AWP,WE,Federal Contract Tower,0,2,2,0,4,0,4,54,0,58,0,6,56,0,62,162,0,162,224
01/03/2020,OXR,CA,AWP,WE,Federal Contract Tower,0,5,13,0,18,0,11,94,0,105,0,16,107,0,123,174,0,174,297
01/04/2020,OXR,CA,AWP,WE,Federal Contract Tower,0,0,13,0,13,0,4,94,0,98,0,4,107,0,111,232,0,232,343
01/05/2020,OXR,CA,AWP,WE,Federal Contract Tower,0,0,12,0,12,0,6,84,0,90,0,6,96,0,102,222,0,222,324
01/06/2020,OXR,CA,AWP,WE,Federal Contract Tower,0,2,6,0,8,0,8,38,0,46,0,10,44,0,54,54,0,54,108
01/07/2020,OXR,CA,AWP,WE,Federal Contract Tower,0,4,19,0,23,0,10,63,2,75,0,14,82,2,98,168,12,180,278
01/08/2020,OXR,CA,AWP,WE,Federal Contract Tower,0,2,10,0,12,0,6,65,0,71,0,8,75,0,83,104,0,104,187
01/09/2020,OXR,CA,AWP,WE,Federal Contract Tower,0,2,14,0,16,0,5,38,0,43,0,7,52,0,59,88,0,88,147
01/10/2020,OXR,CA,AWP,WE,Federal Contract Tower,0,4,9,0,13,0,11,92,0,103,0,15,101,0,116,80,0,80,196
01/11/2020,OXR,CA,AWP,WE,Federal Contract Tower,0,0,5,0,5,0,2,113,0,115,0,2,118,0,120,218,0,218,338
01/12/2020,OXR,CA,AWP,WE,Federal Contract Tower,0,2,22,0,24,0,3,83,0,86,0,5,105,0,110,176,0,176,286
01/13/2020,OXR,CA,AWP,WE,Federal Contract Tower,0,5,17,0,22,0,4,73,0,77,0,9,90,0,99,128,0,128,227
01/14/2020,OXR,CA,AWP,WE,Federal Contract Tower,0,2,10,0,12,0,8,65,0,73,0,10,75,0,85,150,0,150,235
01/15/2020,OXR,CA,AWP,WE,Federal Contract Tower,0,2,14,0,16,0,14,65,2,81,0,16,79,2,97,152,0,152,249
01/16/2020,OXR,CA,AWP,WE,Federal Contract Tower,0,2,24,0,26,0,2,25,0,27,0,4,49,0,53,62,8,70,123
01/17/2020,OXR,CA,AWP,WE,Federal Contract Tower,0,6,16,0,22,0,5,90,0,95,0,11,106,0,117,220,0,220,337
01/18/2020,OXR,CA,AWP,WE,Federal Contract Tower,0,0,7,0,7,0,8,87,0,95,0,8,94,0,102,160,0,160,262
01/19/2020,OXR,CA,AWP,WE,Federal Contract Tower,0,0,8,0,8,0,9,48,0,57,0,9,56,0,65,58,0,58,123
01/20/2020,OXR,CA,AWP,WE,Federal Contract Tower,0,4,16,0,20,0,5,38,0,43,0,9,54,0,63,72,0,72,135
01/21/2020,OXR,CA,AWP,WE,Federal Contract Tower,0,3,21,0,24,0,9,70,4,83,0,12,91,4,107,170,26,196,303
01/22/2020,OXR,CA,AWP,WE,Federal Contract Tower,0,2,4,0,6,0,19,85,0,104,0,21,89,0,110,200,0,200,310
01/23/2020,OXR,CA,AWP,WE,Federal Contract Tower,0,2,14,2,18,0,15,61,1,77,0,17,75,3,95,162,0,162,257
01/24/2020,OXR,CA,AWP,WE,Federal Contract Tower,0,6,13,2,21,0,13,106,0,119,0,19,119,2,140,164,0,164,304
01/25/2020,OXR,CA,AWP,WE,Federal Contract Tower,0,4,5,0,9,0,8,66,0,74,0,12,71,0,83,190,0,190,273
01/26/2020,OXR,CA,AWP,WE,Federal Contract Tower,0,4,30,0,34,3,19,0,0,22,3,23,30,0,56,36,0,36,92
01/27/2020,OXR,CA,AWP,WE,Federal Contract Tower,0,6,7,0,13,0,18,48,0,66,0,24,55,0,79,166,0,166,245
01/28/2020,OXR,CA,AWP,WE,Federal Contract Tower,0,3,15,0,18,0,13,45,0,58,0,16,60,0,76,106,0,106,182
01/29/2020,OXR,CA,AWP,WE,Federal Contract Tower,0,6,5,0,11,0,12,39,0,51,0,18,44,0,62,114,0,114,176
01/30/2020,OXR,CA,AWP,WE,Federal Contract Tower,0,3,14,0,17,0,17,118,0,135,0,20,132,0,152,114,0,114,266
01/31/2020,OXR,CA,AWP,WE,Federal Contract Tower,0,3,11,0,14,0,12,87,0,99,0,15,98,0,113,66,0,66,179
02/01/2020,OXR,CA,AWP,WE,Federal Contract Tower,0,1,9,0,10,0,3,81,0,84,0,4,90,0,94,232,0,232,326
02/02/2020,OXR,CA,AWP,WE,Federal Contract Tower,0,3,18,0,21,0,2,51,0,53,0,5,69,0,74,104,0,104,178
02/03/2020,OXR,CA,AWP,WE,Federal Contract Tower,0,2,5,4,11,0,10,26,0,36,0,12,31,4,47,102,0,102,149
02/04/2020,OXR,CA,AWP,WE,Federal Contract Tower,0,2,9,2,13,0,6,32,0,38,0,8,41,2,51,36,0,36,87
02/05/2020,OXR,CA,AWP,WE,Federal Contract Tower,0,2,16,0,18,0,11,80,0,91,0,13,96,0,109,120,0,120,229
02/06/2020,OXR,CA,AWP,WE,Federal Contract Tower,0,2,14,0,16,0,10,90,0,100,0,12,104,0,116,222,0,222,338
02/07/2020,OXR,CA,AWP,WE,Federal Contract Tower,0,2,6,0,8,0,8,95,0,103,0,10,101,0,111,126,0,126,237
02/08/2020,OXR,CA,AWP,WE,Federal Contract Tower,0,0,12,0,12,0,6,61,0,67,0,6,73,0,79,144,0,144,223
02/09/2020,OXR,CA,AWP,WE,Federal Contract Tower,0,0,8,0,8,0,6,28,0,34,0,6,36,0,42,50,0,50,92
02/10/2020,OXR,CA,AWP,WE,Federal Contract Tower,0,2,3,0,5,0,0,29,0,29,0,2,32,0,34,50,0,50,84
02/11/2020,OXR,CA,AWP,WE,Federal Contract Tower,0,2,8,0,10,0,3,26,2,31,0,5,34,2,41,34,0,34,75
02/12/2020,OXR,CA,AWP,WE,Federal Contract Tower,0,10,10,0,20,0,7,95,0,102,0,17,105,0,122,150,0,150,272
02/13/2020,OXR,CA,AWP,WE,Federal Contract Tower,0,4,9,2,15,0,5,97,0,102,0,9,106,2,117,168,0,168,285
02/14/2020,OXR,CA,AWP,WE,Federal Contract Tower,0,6,9,0,15,0,2,71,0,73,0,8,80,0,88,94,0,94,182
02/15/2020,OXR,CA,AWP,WE,Federal Contract Tower,0,2,7,0,9,0,4,71,8,83,0,6,78,8,92,184,0,184,276
02/16/2020,OXR,CA,AWP,WE,Federal Contract Tower,0,4,11,0,15,0,8,58,1,67,0,12,69,1,82,124,0,124,206
02/17/2020,OXR,CA,AWP,WE,Federal Contract Tower,0,9,10,0,19,0,5,37,0,42,0,14,47,0,61,210,0,210,271
02/18/2020,OXR,CA,AWP,WE,Federal Contract Tower,0,7,24,0,31,0,8,43,0,51,0,15,67,0,82,58,0,58,140
02/19/2020,OXR,CA,AWP,WE,Federal Contract Tower,0,4,9,0,13,0,4,64,0,68,0,8,73,0,81,104,0,104,185
02/20/2020,OXR,CA,AWP,WE,Federal Contract Tower,0,4,11,0,15,0,7,104,0,111,0,11,115,0,126,192,0,192,318
02/21/2020,OXR,CA,AWP,WE,Federal Contract Tower,0,2,28,2,32,0,3,71,0,74,0,5,99,2,106,112,0,112,218
02/22/2020,OXR,CA,AWP,WE,Federal Contract Tower,2,27,0,0,29,0,1,54,0,55,2,28,54,0,84,254,0,254,338
02/23/2020,OXR,CA,AWP,WE,Federal Contract Tower,0,0,17,0,17,0,3,75,0,78,0,3,92,0,95,222,0,222,317
02/24/2020,OXR,CA,AWP,WE,Federal Contract Tower,0,2,12,0,14,0,3,59,0,62,0,5,71,0,76,162,0,162,238
02/25/2020,OXR,CA,AWP,WE,Federal Contract Tower,0,4,2,0,6,0,1,24,0,25,0,5,26,0,31,52,0,52,83
02/26/2020,OXR,CA,AWP,WE,Federal Contract Tower,0,8,17,0,25,0,3,49,2,54,0,11,66,2,79,118,0,118,197
02/27/2020,OXR,CA,AWP,WE,Federal Contract Tower,0,5,10,0,15,0,17,66,0,83,0,22,76,0,98,152,0,152,250
02/28/2020,OXR,CA,AWP,WE,Federal Contract Tower,0,3,5,4,12,0,5,71,0,76,0,8,76,4,88,110,0,110,198
02/29/2020,OXR,CA,AWP,WE,Federal Contract Tower,0,2,24,0,26,0,8,75,0,83,0,10,99,0,109,206,0,206,315
03/01/2020,OXR,CA,AWP,WE,Federal Contract Tower,0,3,15,0,18,0,4,18,0,22,0,7,33,0,40,6,0,6,46
03/02/2020,OXR,CA,AWP,WE,Federal Contract Tower,0,2,9,0,11,0,24,49,0,73,0,26,58,0,84,82,0,82,166
03/03/2020,OXR,CA,AWP,WE,Federal Contract Tower,0,4,6,0,10,0,6,60,0,66,0,10,66,0,76,130,0,130,206
03/04/2020,OXR,CA,AWP,WE,Federal Contract Tower,0,4,13,0,17,0,4,69,0,73,0,8,82,0,90,112,0,112,202
03/05/2020,OXR,CA,AWP,WE,Federal Contract Tower,0,3,18,0,21,0,29,81,0,110,0,32,99,0,131,126,0,126,257
03/06/2020,OXR,CA,AWP,WE,Federal Contract Tower,0,3,17,0,20,0,8,81,0,89,0,11,98,0,109,186,0,186,295
03/07/2020,OXR,CA,AWP,WE,Federal Contract Tower,0,0,34,0,34,0,1,40,0,41,0,1,74,0,75,204,0,204,279
03/08/2020,OXR,CA,AWP,WE,Federal Contract Tower,0,1,18,2,21,0,3,76,0,79,0,4,94,2,100,250,0,250,350
03/09/2020,OXR,CA,AWP,WE,Federal Contract Tower,0,3,4,0,7,0,6,37,0,43,0,9,41,0,50,60,0,60,110
03/10/2020,OXR,CA,AWP,WE,Federal Contract Tower,0,2,15,0,17,0,0,7,0,7,0,2,22,0,24,8,0,8,32
03/11/2020,OXR,CA,AWP,WE,Federal Contract Tower,0,2,19,0,21,0,16,31,0,47,0,18,50,0,68,168,0,168,236
03/12/2020,OXR,CA,AWP,WE,Federal Contract Tower,0,4,15,0,19,0,14,13,0,27,0,18,28,0,46,36,0,36,82
03/13/2020,OXR,CA,AWP,WE,Federal Contract Tower,0,4,46,0,50,0,1,2,0,3,0,5,48,0,53,0,0,0,53
03/14/2020,OXR,CA,AWP,WE,Federal Contract Tower,0,1,51,0,52,0,14,18,0,32,0,15,69,0,84,102,0,102,186
03/15/2020,OXR,CA,AWP,WE,Federal Contract Tower,0,2,21,0,23,0,8,26,0,34,0,10,47,0,57,202,0,202,259
03/16/2020,OXR,CA,AWP,WE,Federal Contract Tower,0,4,6,0,10,0,2,0,0,2,0,6,6,0,12,18,0,18,30
03/17/2020,OXR,CA,AWP,WE,Federal Contract Tower,0,2,3,0,5,0,8,18,0,26,0,10,21,0,31,60,0,60,91
03/18/2020,OXR,CA,AWP,WE,Federal Contract Tower,0,2,13,0,15,0,10,80,0,90,0,12,93,0,105,124,0,124,229
03/19/2020,OXR,CA,AWP,WE,Federal Contract Tower,0,2,19,0,21,0,8,53,0,61,0,10,72,0,82,104,0,104,186
03/20/2020,OXR,CA,AWP,WE,Federal Contract Tower,0,2,8,0,10,0,24,16,0,40,0,26,24,0,50,102,0,102,152
03/21/2020,OXR,CA,AWP,WE,Federal Contract Tower,0,5,17,0,22,0,11,64,0,75,0,16,81,0,97,170,0,170,267
03/22/2020,OXR,CA,AWP,WE,Federal Contract Tower,0,0,11,0,11,0,6,19,0,25,0,6,30,0,36,74,0,74,110
03/23/2020,OXR,CA,AWP,WE,Federal Contract Tower,0,2,6,0,8,0,7,13,2,22,0,9,19,2,30,50,0,50,80
03/24/2020,OXR,CA,AWP,WE,Federal Contract Tower,0,2,8,0,10,0,12,18,0,30,0,14,26,0,40,58,0,58,98
03/25/2020,OXR,CA,AWP,WE,Federal Contract Tower,0,2,8,0,10,0,3,28,0,31,0,5,36,0,41,42,0,42,83
03/26/2020,OXR,CA,AWP,WE,Federal Contract Tower,0,2,5,0,7,0,4,24,0,28,0,6,29,0,35,50,0,50,85
03/27/2020,OXR,CA,AWP,WE,Federal Contract Tower,0,2,5,0,7,0,9,46,0,55,0,11,51,0,62,70,0,70,132
03/28/2020,OXR,CA,AWP,WE,Federal Contract Tower,0,0,11,0,11,0,3,56,0,59,0,3,67,0,70,252,0,252,322
03/29/2020,OXR,CA,AWP,WE,Federal Contract Tower,0,0,7,0,7,0,3,22,0,25,0,3,29,0,32,70,0,70,102
03/30/2020,OXR,CA,AWP,WE,Federal Contract Tower,0,2,8,0,10,0,21,35,0,56,0,23,43,0,66,182,0,182,248
03/31/2020,OXR,CA,AWP,WE,Federal Contract Tower,0,2,8,0,10,0,14,63,0,77,0,16,71,0,87,98,0,98,185
04/01/2020,OXR,CA,AWP,WE,Federal Contract Tower,0,2,11,0,13,0,4,37,0,41,0,6,48,0,54,16,0,16,70
04/02/2020,OXR,CA,AWP,WE,Federal Contract Tower,0,4,15,0,19,0,9,24,0,33,0,13,39,0,52,30,0,30,82
04/03/2020,OXR,CA,AWP,WE,Federal Contract Tower,0,2,7,1,10,0,7,46,1,54,0,9,53,2,64,98,0,98,162
04/04/2020,OXR,CA,AWP,WE,Federal Contract Tower,0,0,15,0,15,0,6,32,0,38,0,6,47,0,53,98,0,98,151
04/05/2020,OXR,CA,AWP,WE,Federal Contract Tower,0,0,4,0,4,0,0,2,0,2,0,0,6,0,6,0,0,0,6
04/06/2020,OXR,CA,AWP,WE,Federal Contract Tower,0,2,13,0,15,0,4,8,0,12,0,6,21,0,27,42,0,42,69
04/07/2020,OXR,CA,AWP,WE,Federal Contract Tower,0,2,7,0,9,0,12,20,0,32,0,14,27,0,41,30,0,30,71
04/08/2020,OXR,CA,AWP,WE,Federal Contract Tower,0,2,11,0,13,0,6,14,0,20,0,8,25,0,33,32,0,32,65
04/09/2020,OXR,CA,AWP,WE,Federal Contract Tower,0,2,4,0,6,0,0,1,0,1,0,2,5,0,7,0,0,0,7
04/10/2020,OXR,CA,AWP,WE,Federal Contract Tower,0,2,12,0,14,0,10,16,0,26,0,12,28,0,40,20,0,20,60
04/11/2020,OXR,CA,AWP,WE,Federal Contract Tower,0,0,9,0,9,0,12,69,0,81,0,12,78,0,90,200,0,200,290
04/14/2020,OXR,CA,AWP,WE,Federal Contract Tower,0,2,16,2,20,0,22,19,0,41,0,24,35,2,61,20,0,20,81
04/15/2020,OXR,CA,AWP,WE,Federal Contract Tower,0,2,7,0,9,0,4,46,0,50,0,6,53,0,59,82,0,82,141
04/16/2020,OXR,CA,AWP,WE,Federal Contract Tower,0,2,12,0,14,0,12,52,0,64,0,14,64,0,78,94,0,94,172
04/17/2020,OXR,CA,AWP,WE,Federal Contract Tower,0,4,10,0,14,0,9,22,0,31,0,13,32,0,45,96,0,96,141
04/18/2020,OXR,CA,AWP,WE,Federal Contract Tower,0,0,13,0,13,0,6,32,0,38,0,6,45,0,51,74,0,74,125
04/19/2020,OXR,CA,AWP,WE,Federal Contract Tower,0,0,16,0,16,0,10,27,0,37,0,10,43,0,53,90,0,90,143
04/20/2020,OXR,CA,AWP,WE,Federal Contract Tower,0,4,9,0,13,0,8,19,0,27,0,12,28,0,40,68,0,68,108
04/21/2020,OXR,CA,AWP,WE,Federal Contract Tower,0,2,8,0,10,0,16,55,0,71,0,18,63,0,81,96,0,96,177
04/22/2020,OXR,CA,AWP,WE,Federal Contract Tower,0,2,7,0,9,0,4,83,0,87,0,6,90,0,96,158,0,158,254
04/23/2020,OXR,CA,AWP,WE,Federal Contract Tower,0,2,15,0,17,0,7,52,0,59,0,9,67,0,76,138,0,138,214
04/24/2020,OXR,CA,AWP,WE,Federal Contract Tower,0,2,5,0,7,0,11,43,0,54,0,13,48,0,61,118,0,118,179
04/25/2020,OXR,CA,AWP,WE,Federal Contract Tower,0,2,6,0,8,0,9,45,0,54,0,11,51,0,62,110,0,110,172
04/28/2020,OXR,CA,AWP,WE,Federal Contract Tower,0,2,13,0,15,0,4,28,0,32,0,6,41,0,47,52,0,52,99
04/29/2020,OXR,CA,AWP,WE,Federal Contract Tower,0,7,47,0,54,0,0,1,0,1,0,7,48,0,55,0,0,0,55
04/30/2020,OXR,CA,AWP,WE,Federal Contract Tower,0,3,14,0,17,0,2,61,0,63,0,5,75,0,80,126,0,126,206
05/01/2020,OXR,CA,AWP,WE,Federal Contract Tower,0,2,4,0,6,0,3,83,0,86,0,5,87,0,92,126,0,126,218
05/02/2020,OXR,CA,AWP,WE,Federal Contract Tower,0,0,7,0,7,0,1,85,0,86,0,1,92,0,93,186,0,186,279
05/05/2020,OXR,CA,AWP,WE,Federal Contract Tower,0,3,10,0,13,0,8,59,0,67,0,11,69,0,80,80,0,80,160
05/06/2020,OXR,CA,AWP,WE,Federal Contract Tower,0,4,5,0,9,0,10,67,0,77,0,14,72,0,86,132,0,132,218
05/07/2020,OXR,CA,AWP,WE,Federal Contract Tower,0,4,25,0,29,0,4,84,0,88,0,8,109,0,117,228,0,228,345
05/08/2020,OXR,CA,AWP,WE,Federal Contract Tower,0,10,11,2,23,0,14,84,0,98,0,24,95,2,121,170,0,170,291
05/09/2020,OXR,CA,AWP,WE,Federal Contract Tower,0,4,40,0,44,0,0,16,0,16,0,4,56,0,60,76,0,76,136
05/10/2020,OXR,CA,AWP,WE,Federal Contract Tower,0,4,35,0,39,0,0,3,0,3,0,4,38,0,42,0,0,0,42
05/11/2020,OXR,CA,AWP,WE,Federal Contract Tower,0,3,19,0,22,0,1,50,0,51,0,4,69,0,73,56,0,56,129
05/12/2020,OXR,CA,AWP,WE,Federal Contract Tower,0,4,20,0,24,0,18,18,0,36,0,22,38,0,60,82,0,82,142
05/13/2020,OXR,CA,AWP,WE,Federal Contract Tower,0,2,11,0,13,0,24,118,0,142,0,26,129,0,155,168,0,168,323
05/14/2020,OXR,CA,AWP,WE,Federal Contract Tower,0,2,19,0,21,0,18,69,0,87,0,20,88,0,108,194,0,194,302
05/15/2020,OXR,CA,AWP,WE,Federal Contract Tower,0,2,8,0,10,0,9,76,0,85,0,11,84,0,95,188,0,188,283
05/16/2020,OXR,CA,AWP,WE,Federal Contract Tower,0,1,12,0,13,0,10,103,0,113,0,11,115,0,126,276,0,276,402
05/17/2020,OXR,CA,AWP,WE,Federal Contract Tower,0,11,0,0,11,0,8,86,0,94,0,19,86,0,105,196,0,196,301
05/18/2020,OXR,CA,AWP,WE,Federal Contract Tower,0,10,12,0,22,0,14,19,2,35,0,24,31,2,57,70,4,74,131
05/19/2020,OXR,CA,AWP,WE,Federal Contract Tower,0,4,5,0,9,0,24,63,0,87,0,28,68,0,96,54,0,54,150
05/20/2020,OXR,CA,AWP,WE,Federal Contract Tower,0,2,19,0,21,0,34,116,2,152,0,36,135,2,173,192,0,192,365
05/21/2020,OXR,CA,AWP,WE,Federal Contract Tower,0,4,5,0,9,0,21,85,0,106,0,25,90,0,115,194,0,194,309
05/22/2020,OXR,CA,AWP,WE,Federal Contract Tower,0,4,20,0,24,0,11,71,0,82,0,15,91,0,106,114,0,114,220
05/23/2020,OXR,CA,AWP,WE,Federal Contract Tower,0,3,8,0,11,0,5,77,0,82,0,8,85,0,93,288,0,288,381
05/24/2020,OXR,CA,AWP,WE,Federal Contract Tower,0,1,12,0,13,0,12,117,2,131,0,13,129,2,144,200,0,200,344
05/25/2020,OXR,CA,AWP,WE,Federal Contract Tower,0,0,10,0,10,0,34,96,0,130,0,34,106,0,140,126,0,126,266
05/26/2020,OXR,CA,AWP,WE,Federal Contract Tower,0,2,8,2,12,0,23,60,2,85,0,25,68,4,97,120,0,120,217
05/27/2020,OXR,CA,AWP,WE,Federal Contract Tower,0,6,24,0,30,0,9,38,0,47,0,15,62,0,77,0,0,0,77
05/28/2020,OXR,CA,AWP,WE,Federal Contract Tower,0,10,29,0,39,0,4,14,0,18,0,14,43,0,57,8,0,8,65
05/29/2020,OXR,CA,AWP,WE,Federal Contract Tower,0,4,55,0,59,0,5,14,0,19,0,9,69,0,78,16,0,16,94
05/30/2020,OXR,CA,AWP,WE,Federal Contract Tower,0,0,20,0,20,0,5,62,0,67,0,5,82,0,87,218,0,218,305
05/31/2020,OXR,CA,AWP,WE,Federal Contract Tower,0,0,7,0,7,0,8,112,2,122,0,8,119,2,129,188,0,188,317
06/01/2020,OXR,CA,AWP,WE,Federal Contract Tower,0,2,5,0,7,0,18,81,0,99,0,20,86,0,106,154,0,154,260
06/02/2020,OXR,CA,AWP,WE,Federal Contract Tower,0,2,7,0,9,0,13,69,2,84,0,15,76,2,93,152,0,152,245
06/03/2020,OXR,CA,AWP,WE,Federal Contract Tower,0,3,8,0,11,0,8,99,2,109,0,11,107,2,120,152,0,152,272
06/04/2020,OXR,CA,AWP,WE,Federal Contract Tower,0,3,19,0,22,0,17,23,0,40,0,20,42,0,62,104,0,104,166
06/05/2020,OXR,CA,AWP,WE,Federal Contract Tower,0,2,37,0,39,0,14,50,0,64,0,16,87,0,103,124,0,124,227
06/06/2020,OXR,CA,AWP,WE,Federal Contract Tower,0,1,27,0,28,0,6,58,0,64,0,7,85,0,92,238,0,238,330
06/07/2020,OXR,CA,AWP,WE,Federal Contract Tower,0,3,4,0,7,0,11,69,4,84,0,14,73,4,91,146,0,146,237
06/08/2020,OXR,CA,AWP,WE,Federal Contract Tower,0,3,13,0,16,0,28,34,0,62,0,31,47,0,78,42,0,42,120
06/09/2020,OXR,CA,AWP,WE,Federal Contract Tower,0,2,7,0,9,0,46,96,0,142,0,48,103,0,151,186,0,186,337
06/10/2020,OXR,CA,AWP,WE,Federal Contract Tower,0,2,16,0,18,0,10,86,4,100,0,12,102,4,118,170,0,170,288
06/11/2020,OXR,CA,AWP,WE,Federal Contract Tower,0,2,14,0,16,0,31,106,0,137,0,33,120,0,153,228,0,228,381
06/12/2020,OXR,CA,AWP,WE,Federal Contract Tower,0,8,31,0,39,0,14,46,0,60,0,22,77,0,99,108,0,108,207
06/13/2020,OXR,CA,AWP,WE,Federal Contract Tower,0,0,13,0,13,0,6,108,0,114,0,6,121,0,127,224,0,224,351
06/14/2020,OXR,CA,AWP,WE,Federal Contract Tower,0,0,21,0,21,0,15,103,0,118,0,15,124,0,139,252,0,252,391
06/15/2020,OXR,CA,AWP,WE,Federal Contract Tower,0,6,12,0,18,0,35,90,0,125,0,41,102,0,143,174,0,174,317
06/16/2020,OXR,CA,AWP,WE,Federal Contract Tower,0,7,34,0,41,0,11,50,0,61,0,18,84,0,102,126,0,126,228
06/17/2020,OXR,CA,AWP,WE,Federal Contract Tower,0,2,26,0,28,0,6,60,0,66,0,8,86,0,94,188,0,188,282
06/18/2020,OXR,CA,AWP,WE,Federal Contract Tower,0,5,46,0,51,0,11,23,0,34,0,16,69,0,85,106,0,106,191
06/19/2020,OXR,CA,AWP,WE,Federal Contract Tower,0,2,45,0,47,0,15,36,0,51,0,17,81,0,98,92,0,92,190
06/20/2020,OXR,CA,AWP,WE,Federal Contract Tower,0,8,64,0,72,0,5,17,0,22,0,13,81,0,94,36,0,36,130
06/21/2020,OXR,CA,AWP,WE,Federal Contract Tower,0,1,28,0,29,0,10,26,0,36,0,11,54,0,65,88,0,88,153
06/22/2020,OXR,CA,AWP,WE,Federal Contract Tower,0,7,25,0,32,0,16,16,0,32,0,23,41,0,64,24,0,24,88
06/23/2020,OXR,CA,AWP,WE,Federal Contract Tower,0,10,45,0,55,0,4,24,0,28,0,14,69,0,83,68,0,68,151
06/24/2020,OXR,CA,AWP,WE,Federal Contract Tower,0,11,51,2,64,0,25,33,0,58,0,36,84,2,122,50,0,50,172
06/25/2020,OXR,CA,AWP,WE,Federal Contract Tower,0,8,19,0,27,0,5,48,0,53,0,13,67,0,80,152,0,152,232
06/26/2020,OXR,CA,AWP,WE,Federal Contract Tower,0,7,45,1,53,0,1,42,0,43,0,8,87,1,96,56,0,56,152
06/27/2020,OXR,CA,AWP,WE,Federal Contract Tower,0,19,51,0,70,0,6,13,0,19,0,25,64,0,89,34,0,34,123
06/28/2020,OXR,CA,AWP,WE,Federal Contract Tower,0,2,45,0,47,0,15,25,0,40,0,17,70,0,87,120,0,120,207
06/29/2020,OXR,CA,AWP,WE,Federal Contract Tower,0,2,2,0,4,0,18,91,0,109,0,20,93,0,113,220,0,220,333
06/30/2020,OXR,CA,AWP,WE,Federal Contract Tower,0,2,13,1,16,0,11,81,0,92,0,13,94,1,108,154,0,154,262
07/01/2020,OXR,CA,AWP,WE,Federal Contract Tower,0,8,23,2,33,0,6,72,0,78,0,14,95,2,111,162,0,162,273
07/02/2020,OXR,CA,AWP,WE,Federal Contract Tower,0,2,28,0,30,0,4,82,0,86,0,6,110,0,116,198,0,198,314
07/03/2020,OXR,CA,AWP,WE,Federal Contract Tower,0,2,17,0,19,0,10,113,0,123,0,12,130,0,142,200,0,200,342
07/04/2020,OXR,CA,AWP,WE,Federal Contract Tower,0,0,6,0,6,0,4,46,0,50,0,4,52,0,56,112,0,112,168
07/05/2020,OXR,CA,AWP,WE,Federal Contract Tower,0,0,22,0,22,0,9,77,0,86,0,9,99,0,108,68,0,68,176
07/06/2020,OXR,CA,AWP,WE,Federal Contract Tower,0,2,15,0,17,0,10,93,0,103,0,12,108,0,120,196,0,196,316
07/07/2020,OXR,CA,AWP,WE,Federal Contract Tower,0,2,8,0,10,0,26,105,0,131,0,28,113,0,141,234,0,234,375
07/08/2020,OXR,CA,AWP,WE,Federal Contract Tower,0,3,14,0,17,0,11,59,0,70,0,14,73,0,87,64,0,64,151
07/09/2020,OXR,CA,AWP,WE,Federal Contract Tower,0,12,16,0,28,0,9,38,0,47,0,21,54,0,75,66,0,66,141
07/10/2020,OXR,CA,AWP,WE,Federal Contract Tower,0,17,24,0,41,0,9,75,0,84,0,26,99,0,125,236,0,236,361
07/11/2020,OXR,CA,AWP,WE,Federal Contract Tower,0,2,29,0,31,0,4,65,0,69,0,6,94,0,100,140,0,140,240
07/12/2020,OXR,CA,AWP,WE,Federal Contract Tower,0,4,0,0,4,0,8,117,2,127,0,12,117,2,131,208,0,208,339
07/13/2020,OXR,CA,AWP,WE,Federal Contract Tower,0,8,10,1,19,0,9,60,0,69,0,17,70,1,88,62,0,62,150
07/14/2020,OXR,CA,AWP,WE,Federal Contract Tower,0,3,9,0,12,0,8,38,0,46,0,11,47,0,58,112,0,112,170
07/15/2020,OXR,CA,AWP,WE,Federal Contract Tower,0,4,32,0,36,0,3,76,0,79,0,7,108,0,115,140,0,140,255
07/16/2020,OXR,CA,AWP,WE,Federal Contract Tower,0,3,25,0,28,0,8,83,0,91,0,11,108,0,119,168,0,168,287
07/17/2020,OXR,CA,AWP,WE,Federal Contract Tower,0,4,13,0,17,0,9,95,0,104,0,13,108,0,121,204,0,204,325
07/18/2020,OXR,CA,AWP,WE,Federal Contract Tower,0,2,28,0,30,0,0,55,0,55,0,2,83,0,85,192,0,192,277
07/19/2020,OXR,CA,AWP,WE,Federal Contract Tower,0,5,22,0,27,0,2,13,0,15,0,7,35,0,42,12,0,12,54
07/20/2020,OXR,CA,AWP,WE,Federal Contract Tower,0,3,6,0,9,0,9,79,0,88,0,12,85,0,97,134,0,134,231
07/21/2020,OXR,CA,AWP,WE,Federal Contract Tower,0,9,17,2,28,0,14,74,0,88,0,23,91,2,116,84,2,86,202
07/22/2020,OXR,CA,AWP,WE,Federal Contract Tower,0,4,46,0,50,0,23,37,0,60,0,27,83,0,110,22,0,22,132
07/23/2020,OXR,CA,AWP,WE,Federal Contract Tower,0,5,42,0,47,0,13,62,0,75,0,18,104,0,122,106,0,106,228
07/24/2020,OXR,CA,AWP,WE,Federal Contract Tower,0,7,16,0,23,0,15,48,0,63,0,22,64,0,86,136,0,136,222
07/25/2020,OXR,CA,AWP,WE,Federal Contract Tower,0,1,21,0,22,0,0,37,0,37,0,1,58,0,59,56,0,56,115
07/26/2020,OXR,CA,AWP,WE,Federal Contract Tower,0,9,28,0,37,0,1,9,0,10,0,10,37,0,47,0,0,0,47
07/27/2020,OXR,CA,AWP,WE,Federal Contract Tower,0,19,42,1,62,0,1,10,0,11,0,20,52,1,73,10,0,10,83
07/28/2020,OXR,CA,AWP,WE,Federal Contract Tower,0,8,24,0,32,0,4,32,0,36,0,12,56,0,68,20,0,20,88
07/29/2020,OXR,CA,AWP,WE,Federal Contract Tower,0,8,36,3,47,0,0,0,0,0,0,8,36,3,47,0,0,0,47
07/30/2020,OXR,CA,AWP,WE,Federal Contract Tower,0,4,9,0,13,0,7,59,0,66,0,11,68,0,79,122,0,122,201
07/31/2020,OXR,CA,AWP,WE,Federal Contract Tower,0,4,12,0,16,0,22,107,4,133,0,26,119,4,149,258,0,258,407
08/01/2020,OXR,CA,AWP,WE,Federal Contract Tower,0,0,9,0,9,0,16,128,0,144,0,16,137,0,153,230,0,230,383
08/02/2020,OXR,CA,AWP,WE,Federal Contract Tower,0,1,20,0,21,0,10,115,0,125,0,11,135,0,146,188,0,188,334
08/03/2020,OXR,CA,AWP,WE,Federal Contract Tower,0,5,17,0,22,0,3,31,0,34,0,8,48,0,56,34,0,34,90
08/04/2020,OXR,CA,AWP,WE,Federal Contract Tower,0,10,22,0,32,0,4,17,0,21,0,14,39,0,53,62,0,62,115
08/05/2020,OXR,CA,AWP,WE,Federal Contract Tower,0,10,34,0,44,0,35,38,0,73,0,45,72,0,117,74,0,74,191
08/06/2020,OXR,CA,AWP,WE,Federal Contract Tower,0,4,29,0,33,0,10,81,0,91,0,14,110,0,124,166,0,166,290
08/07/2020,OXR,CA,AWP,WE,Federal Contract Tower,0,2,8,0,10,0,5,93,0,98,0,7,101,0,108,206,0,206,314
08/08/2020,OXR,CA,AWP,WE,Federal Contract Tower,0,4,16,0,20,0,4,72,0,76,0,8,88,0,96,166,0,166,262
08/09/2020,OXR,CA,AWP,WE,Federal Contract Tower,0,5,19,0,24,0,3,105,0,108,0,8,124,0,132,162,0,162,294
08/10/2020,OXR,CA,AWP,WE,Federal Contract Tower,0,3,17,0,20,0,8,45,0,53,0,11,62,0,73,34,0,34,107
08/11/2020,OXR,CA,AWP,WE,Federal Contract Tower,0,6,20,0,26,0,13,28,0,41,0,19,48,0,67,24,0,24,91
08/12/2020,OXR,CA,AWP,WE,Federal Contract Tower,0,5,12,0,17,0,13,68,0,81,0,18,80,0,98,140,0,140,238
08/13/2020,OXR,CA,AWP,WE,Federal Contract Tower,0,2,12,0,14,0,14,69,0,83,0,16,81,0,97,200,0,200,297
08/14/2020,OXR,CA,AWP,WE,Federal Contract Tower,0,4,5,0,9,0,11,75,0,86,0,15,80,0,95,234,0,234,329
08/15/2020,OXR,CA,AWP,WE,Federal Contract Tower,0,0,7,0,7,0,12,69,0,81,0,12,76,0,88,136,0,136,224
08/16/2020,OXR,CA,AWP,WE,Federal Contract Tower,0,1,12,0,13,0,18,92,0,110,0,19,104,0,123,126,0,126,249
08/17/2020,OXR,CA,AWP,WE,Federal Contract Tower,0,4,6,0,10,0,17,66,0,83,0,21,72,0,93,132,0,132,225
08/18/2020,OXR,CA,AWP,WE,Federal Contract Tower,0,2,9,0,11,0,19,69,0,88,0,21,78,0,99,164,0,164,263
08/19/2020,OXR,CA,AWP,WE,Federal Contract Tower,0,4,16,0,20,0,19,100,0,119,0,23,116,0,139,170,0,170,309
08/20/2020,OXR,CA,AWP,WE,Federal Contract Tower,0,5,10,0,15,0,9,50,2,61,0,14,60,2,76,186,0,186,262
08/21/2020,OXR,CA,AWP,WE,Federal Contract Tower,0,7,32,0,39,0,11,17,0,28,0,18,49,0,67,16,0,16,83
08/22/2020,OXR,CA,AWP,WE,Federal Contract Tower,0,0,9,0,9,0,3,49,0,52,0,3,58,0,61,130,0,130,191
08/23/2020,OXR,CA,AWP,WE,Federal Contract Tower,0,0,15,0,15,0,8,91,0,99,0,8,106,0,114,194,0,194,308
08/24/2020,OXR,CA,AWP,WE,Federal Contract Tower,0,11,29,1,41,0,2,3,0,5,0,13,32,1,46,8,0,8,54
08/25/2020,OXR,CA,AWP,WE,Federal Contract Tower,0,5,26,1,32,0,18,39,1,58,0,23,65,2,90,22,0,22,112
08/26/2020,OXR,CA,AWP,WE,Federal Contract Tower,0,6,17,1,24,0,2,54,1,57,0,8,71,2,81,48,0,48,129
08/27/2020,OXR,CA,AWP,WE,Federal Contract Tower,0,2,8,1,11,0,9,69,0,78,0,11,77,1,89,208,0,208,297
08/28/2020,OXR,CA,AWP,WE,Federal Contract Tower,0,5,33,0,38,0,3,50,0,53,0,8,83,0,91,38,0,38,129
08/29/2020,OXR,CA,AWP,WE,Federal Contract Tower,0,0,20,0,20,0,2,73,0,75,0,2,93,0,95,168,0,168,263
08/30/2020,OXR,CA,AWP,WE,Federal Contract Tower,0,4,24,0,28,0,9,94,0,103,0,13,118,0,131,140,0,140,271
08/31/2020,OXR,CA,AWP,WE,Federal Contract Tower,0,2,25,0,27,0,14,35,0,49,0,16,60,0,76,90,0,90,166
09/01/2020,OXR,CA,AWP,WE,Federal Contract Tower,0,2,19,0,21,0,9,61,0,70,0,11,80,0,91,118,0,118,209
09/02/2020,OXR,CA,AWP,WE,Federal Contract Tower,0,3,10,0,13,0,22,73,0,95,0,25,83,0,108,90,0,90,198
09/03/2020,OXR,CA,AWP,WE,Federal Contract Tower,0,3,19,0,22,0,21,92,0,113,0,24,111,0,135,188,0,188,323
09/04/2020,OXR,CA,AWP,WE,Federal Contract Tower,0,2,11,0,13,0,10,93,0,103,0,12,104,0,116,212,0,212,328
09/05/2020,OXR,CA,AWP,WE,Federal Contract Tower,0,0,4,0,4,0,1,72,0,73,0,1,76,0,77,114,0,114,191
09/06/2020,OXR,CA,AWP,WE,Federal Contract Tower,0,1,9,0,10,0,8,97,0,105,0,9,106,0,115,140,0,140,255
09/07/2020,OXR,CA,AWP,WE,Federal Contract Tower,0,1,18,0,19,0,0,18,0,18,0,1,36,0,37,56,0,56,93
09/08/2020,OXR,CA,AWP,WE,Federal Contract Tower,0,3,27,0,30,8,12,0,0,20,8,15,27,0,50,24,0,24,74
09/09/2020,OXR,CA,AWP,WE,Federal Contract Tower,0,6,26,0,32,0,25,0,0,25,0,31,26,0,57,2,0,2,59
09/10/2020,OXR,CA,AWP,WE,Federal Contract Tower,0,4,12,0,16,0,2,57,0,59,0,6,69,0,75,102,0,102,177
09/11/2020,OXR,CA,AWP,WE,Federal Contract Tower,0,3,16,0,19,0,7,44,0,51,0,10,60,0,70,134,0,134,204
09/12/2020,OXR,CA,AWP,WE,Federal Contract Tower,0,6,23,0,29,0,0,4,0,4,0,6,27,0,33,0,0,0,33
09/13/2020,OXR,CA,AWP,WE,Federal Contract Tower,0,4,10,0,14,0,2,60,0,62,0,6,70,0,76,94,0,94,170
09/14/2020,OXR,CA,AWP,WE,Federal Contract Tower,0,4,10,0,14,0,11,24,0,35,0,15,34,0,49,31,0,31,80
09/15/2020,OXR,CA,AWP,WE,Federal Contract Tower,0,2,19,0,21,0,24,24,0,48,0,26,43,0,69,60,0,60,129
09/16/2020,OXR,CA,AWP,WE,Federal Contract Tower,0,7,18,0,25,0,22,39,0,61,0,29,57,0,86,22,0,22,108
09/17/2020,OXR,CA,AWP,WE,Federal Contract Tower,0,4,19,0,23,0,4,95,2,101,0,8,114,2,124,112,0,112,236
09/18/2020,OXR,CA,AWP,WE,Federal Contract Tower,0,2,21,0,23,0,19,103,0,122,0,21,124,0,145,176,0,176,321
09/19/2020,OXR,CA,AWP,WE,Federal Contract Tower,0,0,11,0,11,0,4,103,0,107,0,4,114,0,118,220,0,220,338
09/20/2020,OXR,CA,AWP,WE,Federal Contract Tower,0,4,13,1,18,0,3,66,0,69,0,7,79,1,87,64,0,64,151
09/21/2020,OXR,CA,AWP,WE,Federal Contract Tower,0,4,16,0,20,0,5,37,0,42,0,9,53,0,62,54,0,54,116
09/22/2020,OXR,CA,AWP,WE,Federal Contract Tower,0,5,25,0,30,0,4,52,0,56,0,9,77,0,86,102,0,102,188
09/23/2020,OXR,CA,AWP,WE,Federal Contract Tower,0,6,17,0,23,0,5,90,2,97,0,11,107,2,120,108,0,108,228
09/24/2020,OXR,CA,AWP,WE,Federal Contract Tower,0,7,15,0,22,0,8,90,0,98,0,15,105,0,120,184,0,184,304
09/25/2020,OXR,CA,AWP,WE,Federal Contract Tower,0,6,27,2,35,0,7,73,7,87,0,13,100,9,122,132,0,132,254
09/26/2020,OXR,CA,AWP,WE,Federal Contract Tower,0,4,8,4,16,0,0,60,0,60,0,4,68,4,76,176,0,176,252
09/27/2020,OXR,CA,AWP,WE,Federal Contract Tower,0,2,25,5,32,0,11,65,0,76,0,13,90,5,108,98,0,98,206
09/28/2020,OXR,CA,AWP,WE,Federal Contract Tower,0,2,31,1,34,0,2,46,0,48,0,4,77,1,82,62,0,62,144
09/29/2020,OXR,CA,AWP,WE,Federal Contract Tower,0,15,12,2,29,0,2,25,0,27,0,17,37,2,56,28,0,28,84
09/30/2020,OXR,CA,AWP,WE,Federal Contract Tower,0,2,7,0,9,0,12,60,6,78,0,14,67,6,87,184,0,184,271
10/01/2020,OXR,CA,AWP,WE,Federal Contract Tower,0,2,10,0,12,0,8,62,0,70,0,10,72,0,82,182,0,182,264
10/02/2020,OXR,CA,AWP,WE,Federal Contract Tower,0,3,12,0,15,0,8,107,0,115,0,11,119,0,130,170,0,170,300
10/03/2020,OXR,CA,AWP,WE,Federal Contract Tower,0,2,6,0,8,0,8,52,0,60,0,10,58,0,68,96,0,96,164
10/04/2020,OXR,CA,AWP,WE,Federal Contract Tower,0,3,11,0,14,0,8,75,2,85,0,11,86,2,99,184,0,184,283
10/05/2020,OXR,CA,AWP,WE,Federal Contract Tower,0,4,19,0,23,0,7,70,0,77,0,11,89,0,100,106,0,106,206
10/06/2020,OXR,CA,AWP,WE,Federal Contract Tower,0,5,10,0,15,0,10,60,0,70,0,15,70,0,85,70,0,70,155
10/07/2020,OXR,CA,AWP,WE,Federal Contract Tower,0,2,11,0,13,0,6,86,4,96,0,8,97,4,109,152,0,152,261
10/08/2020,OXR,CA,AWP,WE,Federal Contract Tower,0,7,29,0,36,0,18,23,0,41,0,25,52,0,77,106,0,106,183
10/09/2020,OXR,CA,AWP,WE,Federal Contract Tower,0,8,32,0,40,0,13,34,0,47,0,21,66,0,87,88,0,88,175
10/10/2020,OXR,CA,AWP,WE,Federal Contract Tower,0,1,29,0,30,0,15,44,0,59,0,16,73,0,89,152,0,152,241
10/11/2020,OXR,CA,AWP,WE,Federal Contract Tower,0,2,12,0,14,0,15,134,0,149,0,17,146,0,163,228,0,228,391
10/12/2020,OXR,CA,AWP,WE,Federal Contract Tower,0,4,23,0,27,0,8,86,0,94,0,12,109,0,121,138,0,138,259
10/13/2020,OXR,CA,AWP,WE,Federal Contract Tower,0,4,18,0,22,0,15,74,0,89,0,19,92,0,111,268,0,268,379
10/14/2020,OXR,CA,AWP,WE,Federal Contract Tower,0,2,14,0,16,0,25,82,2,109,0,27,96,2,125,150,0,150,275
10/15/2020,OXR,CA,AWP,WE,Federal Contract Tower,0,6,32,6,44,0,8,93,0,101,0,14,125,6,145,188,0,188,333
10/16/2020,OXR,CA,AWP,WE,Federal Contract Tower,0,5,13,0,18,0,18,66,2,86,0,23,79,2,104,152,0,152,256
10/17/2020,OXR,CA,AWP,WE,Federal Contract Tower,0,1,14,0,15,0,1,86,0,87,0,2,100,0,102,148,0,148,250
10/18/2020,OXR,CA,AWP,WE,Federal Contract Tower,0,3,23,0,26,0,3,49,0,52,0,6,72,0,78,15,2,17,95
10/19/2020,OXR,CA,AWP,WE,Federal Contract Tower,0,9,29,0,38,0,5,6,2,13,0,14,35,2,51,0,0,0,51
10/20/2020,OXR,CA,AWP,WE,Federal Contract Tower,0,6,35,0,41,0,2,12,0,14,0,8,47,0,55,30,0,30,85
10/21/2020,OXR,CA,AWP,WE,Federal Contract Tower,0,7,59,0,66,0,11,17,0,28,0,18,76,0,94,54,0,54,148
10/22/2020,OXR,CA,AWP,WE,Federal Contract Tower,0,7,47,2,56,0,12,25,0,37,0,19,72,2,93,172,0,172,265
10/23/2020,OXR,CA,AWP,WE,Federal Contract Tower,0,4,39,0,43,0,10,33,0,43,0,14,72,0,86,124,0,124,210
10/24/2020,OXR,CA,AWP,WE,Federal Contract Tower,0,4,31,0,35,0,12,40,0,52,0,16,71,0,87,150,0,150,237
10/25/2020,OXR,CA,AWP,WE,Federal Contract Tower,0,2,48,2,52,0,14,36,0,50,0,16,84,2,102,92,0,92,194
10/26/2020,OXR,CA,AWP,WE,Federal Contract Tower,0,3,8,0,11,0,1,4,0,5,0,4,12,0,16,0,0,0,16
10/27/2020,OXR,CA,AWP,WE,Federal Contract Tower,0,5,11,2,18,0,5,58,0,63,0,10,69,2,81,146,0,146,227
10/28/2020,OXR,CA,AWP,WE,Federal Contract Tower,0,4,16,0,20,0,11,105,13,129,0,15,121,13,149,286,0,286,435
10/29/2020,OXR,CA,AWP,WE,Federal Contract Tower,0,5,21,0,26,0,17,102,0,119,0,22,123,0,145,246,0,246,391
10/30/2020,OXR,CA,AWP,WE,Federal Contract Tower,0,4,11,2,17,0,11,93,0,104,0,15,104,2,121,190,0,190,311
10/31/2020,OXR,CA,AWP,WE,Federal Contract Tower,0,4,14,0,18,0,8,109,0,117,0,12,123,0,135,230,0,230,365
11/01/2020,OXR,CA,AWP,WE,Federal Contract Tower,0,0,5,0,5,0,4,59,0,63,0,4,64,0,68,118,0,118,186
11/02/2020,OXR,CA,AWP,WE,Federal Contract Tower,0,9,21,0,30,0,18,9,0,27,0,27,30,0,57,0,0,0,57
11/03/2020,OXR,CA,AWP,WE,Federal Contract Tower,0,5,19,0,24,0,3,34,0,37,0,8,53,0,61,62,0,62,123
11/04/2020,OXR,CA,AWP,WE,Federal Contract Tower,0,5,24,0,29,0,19,66,8,93,0,24,90,8,122,108,0,108,230
11/05/2020,OXR,CA,AWP,WE,Federal Contract Tower,0,2,11,2,15,0,6,76,2,84,0,8,87,4,99,188,16,204,303
11/06/2020,OXR,CA,AWP,WE,Federal Contract Tower,0,2,22,0,24,0,4,33,0,37,0,6,55,0,61,74,0,74,135
11/07/2020,OXR,CA,AWP,WE,Federal Contract Tower,0,5,10,0,15,0,3,7,0,10,0,8,17,0,25,12,0,12,37
11/08/2020,OXR,CA,AWP,WE,Federal Contract Tower,0,0,9,0,9,0,5,12,0,17,0,5,21,0,26,42,0,42,68
11/09/2020,OXR,CA,AWP,WE,Federal Contract Tower,0,10,5,0,15,0,29,94,0,123,0,39,99,0,138,138,12,150,288
11/10/2020,OXR,CA,AWP,WE,Federal Contract Tower,0,3,6,0,9,0,21,113,22,156,0,24,119,22,165,154,0,154,319
11/11/2020,OXR,CA,AWP,WE,Federal Contract Tower,0,2,9,0,11,0,3,107,32,142,0,5,116,32,153,222,0,222,375
11/12/2020,OXR,CA,AWP,WE,Federal Contract Tower,0,2,6,0,8,0,16,84,15,115,0,18,90,15,123,208,8,216,339
11/13/2020,OXR,CA,AWP,WE,Federal Contract Tower,0,8,16,0,24,0,10,68,0,78,0,18,84,0,102,202,0,202,304
11/14/2020,OXR,CA,AWP,WE,Federal Contract Tower,0,3,10,0,13,0,4,90,0,94,0,7,100,0,107,236,0,236,343
11/15/2020,OXR,CA,AWP,WE,Federal Contract Tower,0,2,11,0,13,0,23,113,0,136,0,25,124,0,149,256,0,256,405
11/16/2020,OXR,CA,AWP,WE,Federal Contract Tower,0,5,14,0,19,0,17,65,2,84,0,22,79,2,103,110,0,110,213
11/17/2020,OXR,CA,AWP,WE,Federal Contract Tower,0,2,15,0,17,0,15,59,0,74,0,17,74,0,91,114,0,114,205
11/18/2020,OXR,CA,AWP,WE,Federal Contract Tower,0,4,35,0,39,0,15,31,0,46,0,19,66,0,85,34,0,34,119
11/19/2020,OXR,CA,AWP,WE,Federal Contract Tower,0,6,33,0,39,0,9,25,0,34,0,15,58,0,73,12,0,12,85
11/20/2020,OXR,CA,AWP,WE,Federal Contract Tower,0,2,18,0,20,0,7,118,0,125,0,9,136,0,145,208,0,208,353
11/21/2020,OXR,CA,AWP,WE,Federal Contract Tower,0,0,10,0,10,0,4,90,0,94,0,4,100,0,104,210,0,210,314
11/22/2020,OXR,CA,AWP,WE,Federal Contract Tower,0,2,17,0,19,0,8,103,0,111,0,10,120,0,130,278,0,278,408
11/23/2020,OXR,CA,AWP,WE,Federal Contract Tower,0,7,17,0,24,0,14,98,0,112,0,21,115,0,136,166,0,166,302
11/24/2020,OXR,CA,AWP,WE,Federal Contract Tower,0,3,13,0,16,0,18,105,4,127,0,21,118,4,143,186,0,186,329
11/25/2020,OXR,CA,AWP,WE,Federal Contract Tower,0,6,14,0,20,0,9,58,0,67,0,15,72,0,87,96,0,96,183
11/26/2020,OXR,CA,AWP,WE,Federal Contract Tower,0,0,1,0,1,0,3,25,0,28,0,3,26,0,29,4,0,4,33
11/27/2020,OXR,CA,AWP,WE,Federal Contract Tower,0,2,8,0,10,0,0,19,0,19,0,2,27,0,29,12,0,12,41
11/28/2020,OXR,CA,AWP,WE,Federal Contract Tower,0,0,11,0,11,0,1,89,0,90,0,1,100,0,101,74,0,74,175
11/29/2020,OXR,CA,AWP,WE,Federal Contract Tower,0,4,15,0,19,0,6,106,0,112,0,10,121,0,131,204,0,204,335
11/30/2020,OXR,CA,AWP,WE,Federal Contract Tower,0,3,16,0,19,0,9,83,2,94,0,12,99,2,113,154,0,154,267
12/01/2020,OXR,CA,AWP,WE,Federal Contract Tower,0,4,25,0,29,0,18,102,4,124,0,22,127,4,153,134,0,134,287
12/02/2020,OXR,CA,AWP,WE,Federal Contract Tower,0,5,9,0,14,0,7,67,20,94,0,12,76,20,108,146,0,146,254
12/03/2020,OXR,CA,AWP,WE,Federal Contract Tower,0,2,15,0,17,0,1,14,0,15,0,3,29,0,32,10,0,10,42
12/04/2020,OXR,CA,AWP,WE,Federal Contract Tower,0,2,12,0,14,0,9,80,0,89,0,11,92,0,103,230,0,230,333
12/05/2020,OXR,CA,AWP,WE,Federal Contract Tower,0,0,19,0,19,0,2,98,0,100,0,2,117,0,119,254,0,254,373
12/07/2020,OXR,CA,AWP,WE,Federal Contract Tower,0,2,4,0,6,0,6,7,0,13,0,8,11,0,19,26,0,26,45
12/08/2020,OXR,CA,AWP,WE,Federal Contract Tower,0,2,6,0,8,0,10,23,0,33,0,12,29,0,41,22,0,22,63
12/09/2020,OXR,CA,AWP,WE,Federal Contract Tower,0,2,0,0,2,7,82,0,0,89,7,84,0,0,91,118,16,134,225
12/10/2020,OXR,CA,AWP,WE,Federal Contract Tower,0,2,15,0,17,0,10,76,0,86,0,12,91,0,103,224,0,224,327
12/11/2020,OXR,CA,AWP,WE,Federal Contract Tower,0,2,33,0,35,0,2,54,0,56,0,4,87,0,91,176,0,176,267
12/12/2020,OXR,CA,AWP,WE,Federal Contract Tower,0,0,14,0,14,0,2,27,0,29,0,2,41,0,43,66,0,66,109
12/13/2020,OXR,CA,AWP,WE,Federal Contract Tower,0,0,8,0,8,0,5,116,0,121,0,5,124,0,129,258,0,258,387
12/14/2020,OXR,CA,AWP,WE,Federal Contract Tower,0,2,10,0,12,0,4,52,0,56,0,6,62,0,68,88,0,88,156
12/15/2020,OXR,CA,AWP,WE,Federal Contract Tower,0,2,3,2,7,0,26,43,2,71,0,28,46,4,78,76,14,90,168
12/16/2020,OXR,CA,AWP,WE,Federal Contract Tower,0,6,17,0,23,0,21,93,3,117,0,27,110,3,140,214,0,214,354
12/17/2020,OXR,CA,AWP,WE,Federal Contract Tower,0,4,8,0,12,0,10,42,0,52,0,14,50,0,64,48,0,48,112
12/18/2020,OXR,CA,AWP,WE,Federal Contract Tower,0,2,10,0,12,0,20,64,0,84,0,22,74,0,96,142,0,142,238
12/19/2020,OXR,CA,AWP,WE,Federal Contract Tower,0,4,14,0,18,0,6,93,0,99,0,10,107,0,117,206,0,206,323
12/20/2020,OXR,CA,AWP,WE,Federal Contract Tower,0,3,12,0,15,0,5,89,0,94,0,8,101,0,109,196,0,196,305
12/21/2020,OXR,CA,AWP,WE,Federal Contract Tower,0,2,12,0,14,0,9,96,0,105,0,11,108,0,119,206,0,206,325
12/22/2020,OXR,CA,AWP,WE,Federal Contract Tower,0,2,12,0,14,0,12,96,2,110,0,14,108,2,124,208,0,208,332
12/23/2020,OXR,CA,AWP,WE,Federal Contract Tower,0,2,2,2,6,0,4,25,0,29,0,6,27,2,35,2,0,2,37
12/24/2020,OXR,CA,AWP,WE,Federal Contract Tower,0,2,9,0,11,0,7,8,0,15,0,9,17,0,26,0,0,0,26
12/25/2020,OXR,CA,AWP,WE,Federal Contract Tower,0,3,1,0,4,0,1,16,0,17,0,4,17,0,21,18,0,18,39
12/26/2020,OXR,CA,AWP,WE,Federal Contract Tower,0,3,10,0,13,0,7,114,0,121,0,10,124,0,134,198,0,198,332
12/27/2020,OXR,CA,AWP,WE,Federal Contract Tower,0,3,6,0,9,0,5,35,0,40,0,8,41,0,49,94,0,94,143
12/28/2020,OXR,CA,AWP,WE,Federal Contract Tower,0,2,6,0,8,0,2,0,0,2,0,4,6,0,10,0,0,0,10
12/29/2020,OXR,CA,AWP,WE,Federal Contract Tower,0,2,9,0,11,0,13,101,4,118,0,15,110,4,129,134,0,134,263
12/30/2020,OXR,CA,AWP,WE,Federal Contract Tower,0,4,13,0,17,0,20,78,0,98,0,24,91,0,115,130,0,130,245
12/31/2020,OXR,CA,AWP,WE,Federal Contract Tower,0,4,4,0,8,0,22,61,0,83,0,26,65,0,91,178,0,178,269
01/01/2021,OXR,CA,AWP,WE,Federal Contract Tower,0,3,4,0,7,0,0,25,0,25,0,3,29,0,32,18,0,18,50
01/02/2021,OXR,CA,AWP,WE,Federal Contract Tower,0,5,16,0,21,0,7,82,6,95,0,12,98,6,116,128,0,128,244
01/03/2021,OXR,CA,AWP,WE,Federal Contract Tower,0,0,25,0,25,0,7,78,0,85,0,7,103,0,110,102,0,102,212
01/04/2021,OXR,CA,AWP,WE,Federal Contract Tower,0,2,18,0,20,0,13,63,0,76,0,15,81,0,96,54,0,54,150
01/05/2021,OXR,CA,AWP,WE,Federal Contract Tower,0,8,14,0,22,0,15,63,0,78,0,23,77,0,100,58,0,58,158
01/06/2021,OXR,CA,AWP,WE,Federal Contract Tower,0,2,10,0,12,0,15,113,0,128,0,17,123,0,140,124,0,124,264
01/07/2021,OXR,CA,AWP,WE,Federal Contract Tower,0,2,11,0,13,0,5,87,0,92,0,7,98,0,105,128,20,148,253
01/08/2021,OXR,CA,AWP,WE,Federal Contract Tower,0,3,10,0,13,0,4,87,0,91,0,7,97,0,104,234,0,234,338
01/09/2021,OXR,CA,AWP,WE,Federal Contract Tower,0,3,5,0,8,0,2,43,0,45,0,5,48,0,53,50,0,50,103
01/10/2021,OXR,CA,AWP,WE,Federal Contract Tower,0,0,8,0,8,0,8,97,0,105,0,8,105,0,113,214,0,214,327
01/11/2021,OXR,CA,AWP,WE,Federal Contract Tower,0,7,18,0,25,0,18,69,0,87,0,25,87,0,112,142,0,142,254
01/12/2021,OXR,CA,AWP,WE,Federal Contract Tower,0,2,5,0,7,0,12,82,6,100,0,14,87,6,107,108,0,108,215
01/13/2021,OXR,CA,AWP,WE,Federal Contract Tower,0,2,14,0,16,0,9,106,0,115,0,11,120,0,131,232,0,232,363
01/14/2021,OXR,CA,AWP,WE,Federal Contract Tower,0,2,5,3,10,0,6,37,1,44,0,8,42,4,54,126,0,126,180
01/15/2021,OXR,CA,AWP,WE,Federal Contract Tower,0,2,8,0,10,0,10,62,0,72,0,12,70,0,82,118,0,118,200
01/16/2021,OXR,CA,AWP,WE,Federal Contract Tower,0,2,14,0,16,0,8,97,0,105,0,10,111,0,121,174,0,174,295
01/17/2021,OXR,CA,AWP,WE,Federal Contract Tower,0,4,3,0,7,0,22,90,0,112,0,26,93,0,119,152,0,152,271
01/18/2021,OXR,CA,AWP,WE,Federal Contract Tower,0,2,9,1,12,0,10,39,2,51,0,12,48,3,63,42,6,48,111
01/19/2021,OXR,CA,AWP,WE,Federal Contract Tower,0,2,0,0,2,0,3,4,0,7,0,5,4,0,9,0,0,0,9
01/20/2021,OXR,CA,AWP,WE,Federal Contract Tower,0,2,1,0,3,0,13,10,0,23,0,15,11,0,26,26,0,26,52
01/21/2021,OXR,CA,AWP,WE,Federal Contract Tower,0,2,29,0,31,0,16,104,0,120,0,18,133,0,151,208,0,208,359
01/22/2021,OXR,CA,AWP,WE,Federal Contract Tower,0,3,42,0,45,0,7,40,0,47,0,10,82,0,92,172,0,172,264
01/23/2021,OXR,CA,AWP,WE,Federal Contract Tower,0,0,30,0,30,0,4,25,0,29,0,4,55,0,59,134,0,134,193
01/24/2021,OXR,CA,AWP,WE,Federal Contract Tower,0,0,5,0,5,0,6,127,0,133,0,6,132,0,138,230,0,230,368
01/25/2021,OXR,CA,AWP,WE,Federal Contract Tower,0,4,0,0,4,0,1,0,0,1,0,5,0,0,5,0,0,0,5
01/26/2021,OXR,CA,AWP,WE,Federal Contract Tower,0,2,11,0,13,0,16,135,4,155,0,18,146,4,168,174,0,174,342
01/27/2021,OXR,CA,AWP,WE,Federal Contract Tower,0,2,3,0,5,0,0,1,0,1,0,2,4,0,6,2,0,2,8
01/28/2021,OXR,CA,AWP,WE,Federal Contract Tower,0,2,3,0,5,0,5,6,0,11,0,7,9,0,16,28,0,28,44
01/29/2021,OXR,CA,AWP,WE,Federal Contract Tower,0,3,9,0,12,0,3,18,0,21,0,6,27,0,33,60,0,60,93
01/30/2021,OXR,CA,AWP,WE,Federal Contract Tower,0,4,10,0,14,0,11,110,0,121,0,15,120,0,135,202,0,202,337
01/31/2021,OXR,CA,AWP,WE,Federal Contract Tower,0,0,17,0,17,0,11,118,0,129,0,11,135,0,146,224,0,224,370
02/01/2021,OXR,CA,AWP,WE,Federal Contract Tower,0,2,6,0,8,0,5,78,0,83,0,7,84,0,91,180,0,180,271
02/02/2021,OXR,CA,AWP,WE,Federal Contract Tower,0,3,10,0,13,0,23,77,2,102,0,26,87,2,115,152,6,158,273
02/03/2021,OXR,CA,AWP,WE,Federal Contract Tower,0,2,14,0,16,0,8,116,0,124,0,10,130,0,140,212,0,212,352
02/04/2021,OXR,CA,AWP,WE,Federal Contract Tower,0,2,19,0,21,0,11,73,2,86,0,13,92,2,107,156,0,156,263
02/05/2021,OXR,CA,AWP,WE,Federal Contract Tower,0,2,15,2,19,0,15,73,0,88,0,17,88,2,107,174,0,174,281
02/06/2021,OXR,CA,AWP,WE,Federal Contract Tower,0,0,4,0,4,0,3,110,0,113,0,3,114,0,117,276,0,276,393
02/07/2021,OXR,CA,AWP,WE,Federal Contract Tower,0,0,11,0,11,0,10,98,0,108,0,10,109,0,119,166,0,166,285
02/08/2021,OXR,CA,AWP,WE,Federal Contract Tower,0,9,24,0,33,0,5,35,0,40,0,14,59,0,73,82,0,82,155
02/09/2021,OXR,CA,AWP,WE,Federal Contract Tower,0,4,41,0,45,0,18,32,2,52,0,22,73,2,97,70,0,70,167
02/10/2021,OXR,CA,AWP,WE,Federal Contract Tower,0,2,17,0,19,0,16,117,4,137,0,18,134,4,156,156,0,156,312
02/11/2021,OXR,CA,AWP,WE,Federal Contract Tower,0,4,23,0,27,0,14,103,0,117,0,18,126,0,144,154,0,154,298
02/12/2021,OXR,CA,AWP,WE,Federal Contract Tower,0,2,19,0,21,0,12,67,0,79,0,14,86,0,100,100,0,100,200
02/13/2021,OXR,CA,AWP,WE,Federal Contract Tower,0,0,24,0,24,0,2,23,0,25,0,2,47,0,49,70,0,70,119
02/14/2021,OXR,CA,AWP,WE,Federal Contract Tower,0,0,4,0,4,0,12,116,0,128,0,12,120,0,132,184,0,184,316
02/15/2021,OXR,CA,AWP,WE,Federal Contract Tower,0,2,16,0,18,0,5,87,0,92,0,7,103,0,110,204,0,204,314
02/16/2021,OXR,CA,AWP,WE,Federal Contract Tower,0,3,7,0,10,0,17,55,0,72,0,20,62,0,82,116,0,116,198
02/17/2021,OXR,CA,AWP,WE,Federal Contract Tower,0,6,15,2,23,0,38,104,2,144,0,44,119,4,167,198,12,210,377
02/18/2021,OXR,CA,AWP,WE,Federal Contract Tower,0,4,17,0,21,0,11,60,1,72,0,15,77,1,93,86,0,86,179
02/19/2021,OXR,CA,AWP,WE,Federal Contract Tower,0,3,19,0,22,0,11,104,0,115,0,14,123,0,137,188,0,188,325
02/20/2021,OXR,CA,AWP,WE,Federal Contract Tower,0,0,15,0,15,0,5,52,0,57,0,5,67,0,72,70,0,70,142
02/21/2021,OXR,CA,AWP,WE,Federal Contract Tower,0,1,14,2,17,0,10,43,0,53,0,11,57,2,70,48,0,48,118
02/22/2021,OXR,CA,AWP,WE,Federal Contract Tower,0,2,5,0,7,0,17,27,0,44,0,19,32,0,51,22,0,22,73
02/23/2021,OXR,CA,AWP,WE,Federal Contract Tower,0,2,9,0,11,0,20,104,0,124,0,22,113,0,135,208,0,208,343
02/24/2021,OXR,CA,AWP,WE,Federal Contract Tower,0,6,29,2,37,0,10,91,0,101,0,16,120,2,138,170,0,170,308
02/25/2021,OXR,CA,AWP,WE,Federal Contract Tower,0,4,7,0,11,0,3,16,0,19,0,7,23,0,30,32,0,32,62
02/26/2021,OXR,CA,AWP,WE,Federal Contract Tower,0,3,10,7,20,0,13,126,2,141,0,16,136,9,161,220,0,220,381
02/27/2021,OXR,CA,AWP,WE,Federal Contract Tower,0,0,2,0,2,0,6,77,0,83,0,6,79,0,85,212,0,212,297
02/28/2021,OXR,CA,AWP,WE,Federal Contract Tower,0,0,3,0,3,0,13,31,0,44,0,13,34,0,47,28,0,28,75
03/01/2021,OXR,CA,AWP,WE,Federal Contract Tower,0,1,4,0,5,0,22,62,2,86,0,23,66,2,91,104,0,104,195
03/02/2021,OXR,CA,AWP,WE,Federal Contract Tower,1,0,0,0,1,0,21,84,0,105,1,21,84,0,106,186,0,186,292
03/03/2021,OXR,CA,AWP,WE,Federal Contract Tower,0,0,0,0,0,0,7,26,0,33,0,7,26,0,33,80,0,80,113
03/04/2021,OXR,CA,AWP,WE,Federal Contract Tower,0,0,4,0,4,0,16,90,2,108,0,16,94,2,112,236,0,236,348
03/05/2021,OXR,CA,AWP,WE,Federal Contract Tower,0,8,18,0,26,0,15,129,0,144,0,23,147,0,170,314,0,314,484
03/06/2021,OXR,CA,AWP,WE,Federal Contract Tower,0,4,14,0,18,0,10,117,0,127,0,14,131,0,145,248,0,248,393
03/07/2021,OXR,CA,AWP,WE,Federal Contract Tower,0,12,50,0,62,0,8,69,0,77,0,20,119,0,139,170,0,170,309
03/08/2021,OXR,CA,AWP,WE,Federal Contract Tower,0,7,17,2,26,0,9,65,2,76,0,16,82,4,102,196,0,196,298
03/09/2021,OXR,CA,AWP,WE,Federal Contract Tower,0,2,5,2,9,0,16,52,0,68,0,18,57,2,77,40,0,40,117
03/10/2021,OXR,CA,AWP,WE,Federal Contract Tower,0,2,7,0,9,0,4,19,2,25,0,6,26,2,34,100,0,100,134
03/11/2021,OXR,CA,AWP,WE,Federal Contract Tower,0,2,14,0,16,0,11,53,0,64,0,13,67,0,80,254,0,254,334
03/12/2021,OXR,CA,AWP,WE,Federal Contract Tower,0,6,10,0,16,0,16,67,0,83,0,22,77,0,99,166,0,166,265
03/13/2021,OXR,CA,AWP,WE,Federal Contract Tower,0,0,14,0,14,0,6,89,0,95,0,6,103,0,109,158,0,158,267
03/14/2021,OXR,CA,AWP,WE,Federal Contract Tower,0,0,31,0,31,0,19,70,0,89,0,19,101,0,120,162,0,162,282
03/15/2021,OXR,CA,AWP,WE,Federal Contract Tower,0,7,9,0,16,0,7,11,0,18,0,14,20,0,34,0,0,0,34
03/16/2021,OXR,CA,AWP,WE,Federal Contract Tower,0,4,18,0,22,0,22,105,2,129,0,26,123,2,151,136,0,136,287
03/17/2021,OXR,CA,AWP,WE,Federal Contract Tower,0,2,13,2,17,0,16,111,10,137,0,18,124,12,154,158,0,158,312
03/18/2021,OXR,CA,AWP,WE,Federal Contract Tower,0,6,17,2,25,0,19,93,0,112,0,25,110,2,137,204,0,204,341
03/19/2021,OXR,CA,AWP,WE,Federal Contract Tower,0,12,12,0,24,0,9,82,2,93,0,21,94,2,117,134,0,134,251
03/20/2021,OXR,CA,AWP,WE,Federal Contract Tower,0,3,15,0,18,0,5,75,0,80,0,8,90,0,98,204,0,204,302
03/21/2021,OXR,CA,AWP,WE,Federal Contract Tower,0,4,6,0,10,0,20,143,0,163,0,24,149,0,173,346,0,346,519
03/22/2021,OXR,CA,AWP,WE,Federal Contract Tower,0,4,9,0,13,0,17,94,0,111,0,21,103,0,124,120,0,120,244
03/23/2021,OXR,CA,AWP,WE,Federal Contract Tower,0,3,15,0,18,0,15,64,0,79,0,18,79,0,97,44,0,44,141
03/24/2021,OXR,CA,AWP,WE,Federal Contract Tower,0,3,6,0,9,0,23,68,0,91,0,26,74,0,100,116,0,116,216
03/25/2021,OXR,CA,AWP,WE,Federal Contract Tower,0,7,30,0,37,0,14,44,0,58,0,21,74,0,95,108,0,108,203
03/26/2021,OXR,CA,AWP,WE,Federal Contract Tower,0,5,27,0,32,0,9,128,0,137,0,14,155,0,169,276,0,276,445
03/27/2021,OXR,CA,AWP,WE,Federal Contract Tower,0,7,7,0,14,0,6,96,0,102,0,13,103,0,116,266,0,266,382
03/28/2021,OXR,CA,AWP,WE,Federal Contract Tower,0,2,13,1,16,0,9,140,0,149,0,11,153,1,165,282,0,282,447
03/29/2021,OXR,CA,AWP,WE,Federal Contract Tower,0,2,8,0,10,0,11,125,0,136,0,13,133,0,146,224,0,224,370
03/30/2021,OXR,CA,AWP,WE,Federal Contract Tower,0,4,21,0,25,0,12,58,0,70,0,16,79,0,95,82,0,82,177
03/31/2021,OXR,CA,AWP,WE,Federal Contract Tower,0,2,7,1,10,0,13,30,0,43,0,15,37,1,53,20,0,20,73
04/01/2021,OXR,CA,AWP,WE,Federal Contract Tower,0,6,23,0,29,0,22,117,0,139,0,28,140,0,168,194,0,194,362
04/02/2021,OXR,CA,AWP,WE,Federal Contract Tower,0,6,17,0,23,0,38,84,2,124,0,44,101,2,147,196,4,200,347
04/03/2021,OXR,CA,AWP,WE,Federal Contract Tower,0,6,21,0,27,0,16,62,0,78,0,22,83,0,105,158,0,158,263
04/04/2021,OXR,CA,AWP,WE,Federal Contract Tower,0,0,10,0,10,0,7,72,0,79,0,7,82,0,89,90,0,90,179
04/05/2021,OXR,CA,AWP,WE,Federal Contract Tower,0,6,17,0,23,0,18,78,0,96,0,24,95,0,119,192,0,192,311
04/06/2021,OXR,CA,AWP,WE,Federal Contract Tower,0,5,4,0,9,0,42,111,0,153,0,47,115,0,162,192,0,192,354
04/07/2021,OXR,CA,AWP,WE,Federal Contract Tower,0,2,17,0,19,0,18,79,2,99,0,20,96,2,118,216,0,216,334
04/08/2021,OXR,CA,AWP,WE,Federal Contract Tower,0,3,17,2,22,0,23,124,0,147,0,26,141,2,169,228,0,228,397
04/09/2021,OXR,CA,AWP,WE,Federal Contract Tower,0,3,15,0,18,0,13,105,0,118,0,16,120,0,136,218,0,218,354
04/10/2021,OXR,CA,AWP,WE,Federal Contract Tower,0,2,6,0,8,0,4,80,0,84,0,6,86,0,92,192,0,192,284
04/11/2021,OXR,CA,AWP,WE,Federal Contract Tower,0,0,12,0,12,0,10,87,4,101,0,10,99,4,113,118,0,118,231
04/12/2021,OXR,CA,AWP,WE,Federal Contract Tower,0,5,29,0,34,0,2,28,0,30,0,7,57,0,64,64,0,64,128
04/13/2021,OXR,CA,AWP,WE,Federal Contract Tower,0,3,31,0,34,0,19,39,0,58,0,22,70,0,92,82,0,82,174
04/14/2021,OXR,CA,AWP,WE,Federal Contract Tower,0,3,38,0,41,0,24,76,1,101,0,27,114,1,142,176,0,176,318
04/15/2021,OXR,CA,AWP,WE,Federal Contract Tower,0,7,15,0,22,0,11,124,0,135,0,18,139,0,157,236,0,236,393
04/16/2021,OXR,CA,AWP,WE,Federal Contract Tower,0,3,15,0,18,0,6,88,0,94,0,9,103,0,112,276,0,276,388
04/17/2021,OXR,CA,AWP,WE,Federal Contract Tower,0,2,12,0,14,0,0,107,0,107,0,2,119,0,121,218,0,218,339
04/18/2021,OXR,CA,AWP,WE,Federal Contract Tower,0,3,9,0,12,0,5,78,0,83,0,8,87,0,95,136,0,136,231
04/19/2021,OXR,CA,AWP,WE,Federal Contract Tower,0,5,10,0,15,0,23,95,0,118,0,28,105,0,133,162,0,162,295
04/20/2021,OXR,CA,AWP,WE,Federal Contract Tower,0,2,43,0,45,0,8,31,0,39,0,10,74,0,84,48,0,48,132
04/21/2021,OXR,CA,AWP,WE,Federal Contract Tower,0,4,27,0,31,0,38,57,0,95,0,42,84,0,126,92,0,92,218
04/22/2021,OXR,CA,AWP,WE,Federal Contract Tower,0,6,55,0,61,0,12,54,4,70,0,18,109,4,131,178,0,178,309
04/23/2021,OXR,CA,AWP,WE,Federal Contract Tower,0,3,43,0,46,0,16,73,0,89,0,19,116,0,135,330,0,330,465
04/24/2021,OXR,CA,AWP,WE,Federal Contract Tower,0,0,25,0,25,0,11,67,0,78,0,11,92,0,103,194,0,194,297
04/25/2021,OXR,CA,AWP,WE,Federal Contract Tower,0,1,27,0,28,0,2,65,0,67,0,3,92,0,95,172,0,172,267
04/26/2021,OXR,CA,AWP,WE,Federal Contract Tower,0,2,9,0,11,0,14,62,0,76,0,16,71,0,87,100,0,100,187
04/27/2021,OXR,CA,AWP,WE,Federal Contract Tower,0,4,16,0,20,0,31,101,0,132,0,35,117,0,152,178,0,178,330
04/28/2021,OXR,CA,AWP,WE,Federal Contract Tower,0,2,12,0,14,0,15,105,0,120,0,17,117,0,134,204,0,204,338
04/29/2021,OXR,CA,AWP,WE,Federal Contract Tower,0,2,24,0,26,0,22,116,0,138,0,24,140,0,164,256,0,256,420
04/30/2021,OXR,CA,AWP,WE,Federal Contract Tower,0,4,15,0,19,0,21,80,0,101,0,25,95,0,120,274,0,274,394
05/01/2021,OXR,CA,AWP,WE,Federal Contract Tower,0,3,11,0,14,0,16,83,0,99,0,19,94,0,113,184,0,184,297
05/02/2021,OXR,CA,AWP,WE,Federal Contract Tower,0,8,12,0,20,0,14,155,0,169,0,22,167,0,189,182,0,182,371
05/03/2021,OXR,CA,AWP,WE,Federal Contract Tower,0,6,15,0,21,0,26,89,4,119,0,32,104,4,140,196,0,196,336
05/04/2021,OXR,CA,AWP,WE,Federal Contract Tower,0,5,12,0,17,0,25,97,0,122,0,30,109,0,139,172,0,172,311
05/05/2021,OXR,CA,AWP,WE,Federal Contract Tower,0,4,34,0,38,0,7,58,0,65,0,11,92,0,103,60,0,60,163
05/06/2021,OXR,CA,AWP,WE,Federal Contract Tower,0,2,51,0,53,0,10,30,0,40,0,12,81,0,93,74,0,74,167
05/07/2021,OXR,CA,AWP,WE,Federal Contract Tower,0,2,28,0,30,0,8,51,2,61,0,10,79,2,91,132,0,132,223
05/08/2021,OXR,CA,AWP,WE,Federal Contract Tower,0,6,23,0,29,0,6,82,0,88,0,12,105,0,117,244,0,244,361
05/09/2021,OXR,CA,AWP,WE,Federal Contract Tower,0,0,37,0,37,0,4,22,0,26,0,4,59,0,63,108,0,108,171
05/10/2021,OXR,CA,AWP,WE,Federal Contract Tower,0,6,50,0,56,0,18,22,0,40,0,24,72,0,96,46,0,46,142
05/11/2021,OXR,CA,AWP,WE,Federal Contract Tower,0,10,24,0,34,0,15,39,0,54,0,25,63,0,88,84,0,84,172
05/12/2021,OXR,CA,AWP,WE,Federal Contract Tower,0,10,46,0,56,0,10,16,0,26,0,20,62,0,82,36,0,36,118
05/13/2021,OXR,CA,AWP,WE,Federal Contract Tower,0,7,66,0,73,0,8,15,0,23,0,15,81,0,96,50,0,50,146
05/14/2021,OXR,CA,AWP,WE,Federal Contract Tower,0,14,39,0,53,0,6,16,0,22,0,20,55,0,75,106,0,106,181
05/15/2021,OXR,CA,AWP,WE,Federal Contract Tower,0,4,29,0,33,0,9,65,0,74,0,13,94,0,107,196,0,196,303
05/16/2021,OXR,CA,AWP,WE,Federal Contract Tower,0,10,32,0,42,0,25,51,0,76,0,35,83,0,118,190,0,190,308
05/17/2021,OXR,CA,AWP,WE,Federal Contract Tower,0,11,39,0,50,0,22,61,0,83,0,33,100,0,133,190,0,190,323
05/18/2021,OXR,CA,AWP,WE,Federal Contract Tower,0,3,30,0,33,0,29,87,2,118,0,32,117,2,151,80,0,80,231
05/19/2021,OXR,CA,AWP,WE,Federal Contract Tower,0,2,26,0,28,0,20,85,0,105,0,22,111,0,133,224,0,224,357
05/20/2021,OXR,CA,AWP,WE,Federal Contract Tower,0,6,27,0,33,0,11,113,0,124,0,17,140,0,157,182,0,182,339
05/21/2021,OXR,CA,AWP,WE,Federal Contract Tower,0,6,9,1,16,0,14,33,6,53,0,20,42,7,69,58,0,58,127
05/22/2021,OXR,CA,AWP,WE,Federal Contract Tower,0,1,17,0,18,0,6,90,0,96,0,7,107,0,114,192,0,192,306
05/23/2021,OXR,CA,AWP,WE,Federal Contract Tower,0,0,23,0,23,0,14,119,0,133,0,14,142,0,156,278,0,278,434
05/24/2021,OXR,CA,AWP,WE,Federal Contract Tower,0,5,20,1,26,0,16,105,1,122,0,21,125,2,148,200,0,200,348
05/25/2021,OXR,CA,AWP,WE,Federal Contract Tower,0,4,21,0,25,0,20,134,0,154,0,24,155,0,179,226,0,226,405
05/26/2021,OXR,CA,AWP,WE,Federal Contract Tower,0,2,11,0,13,0,20,96,0,116,0,22,107,0,129,180,0,180,309
05/27/2021,OXR,CA,AWP,WE,Federal Contract Tower,0,3,42,0,45,0,23,51,0,74,0,26,93,0,119,202,0,202,321
05/28/2021,OXR,CA,AWP,WE,Federal Contract Tower,0,3,41,0,44,0,7,48,0,55,0,10,89,0,99,228,0,228,327
05/29/2021,OXR,CA,AWP,WE,Federal Contract Tower,0,8,23,0,31,0,5,26,0,31,0,13,49,0,62,116,0,116,178
05/30/2021,OXR,CA,AWP,WE,Federal Contract Tower,0,9,17,0,26,0,16,74,0,90,0,25,91,0,116,116,0,116,232
05/31/2021,OXR,CA,AWP,WE,Federal Contract Tower,0,1,38,0,39,0,2,38,0,40,0,3,76,0,79,8,0,8,87
06/01/2021,OXR,CA,AWP,WE,Federal Contract Tower,0,15,35,0,50,0,2,0,0,2,0,17,35,0,52,0,0,0,52
06/02/2021,OXR,CA,AWP,WE,Federal Contract Tower,0,12,31,0,43,0,4,0,0,4,0,16,31,0,47,0,0,0,47
06/03/2021,OXR,CA,AWP,WE,Federal Contract Tower,0,18,24,0,42,0,11,26,2,39,0,29,50,2,81,72,0,72,153
06/04/2021,OXR,CA,AWP,WE,Federal Contract Tower,0,15,31,0,46,0,4,9,0,13,0,19,40,0,59,6,0,6,65
06/05/2021,OXR,CA,AWP,WE,Federal Contract Tower,0,0,37,0,37,0,7,54,0,61,0,7,91,0,98,140,0,140,238
06/06/2021,OXR,CA,AWP,WE,Federal Contract Tower,0,2,25,1,28,0,3,49,1,53,0,5,74,2,81,142,0,142,223
06/07/2021,OXR,CA,AWP,WE,Federal Contract Tower,0,2,39,0,41,0,12,13,0,25,0,14,52,0,66,86,0,86,152
06/08/2021,OXR,CA,AWP,WE,Federal Contract Tower,0,2,16,0,18,0,20,59,2,81,0,22,75,2,99,188,0,188,287
06/09/2021,OXR,CA,AWP,WE,Federal Contract Tower,0,2,10,0,12,0,24,74,0,98,0,26,84,0,110,142,0,142,252
06/10/2021,OXR,CA,AWP,WE,Federal Contract Tower,0,3,11,0,14,0,10,80,0,90,0,13,91,0,104,174,0,174,278
06/11/2021,OXR,CA,AWP,WE,Federal Contract Tower,0,11,15,0,26,0,12,88,0,100,0,23,103,0,126,202,0,202,328
06/12/2021,OXR,CA,AWP,WE,Federal Contract Tower,0,4,18,0,22,0,17,108,0,125,0,21,126,0,147,290,0,290,437
06/13/2021,OXR,CA,AWP,WE,Federal Contract Tower,0,5,14,1,20,0,5,110,1,116,0,10,124,2,136,152,0,152,288
06/14/2021,OXR,CA,AWP,WE,Federal Contract Tower,0,3,17,0,20,0,23,106,0,129,0,26,123,0,149,326,0,326,475
06/15/2021,OXR,CA,AWP,WE,Federal Contract Tower,0,2,16,0,18,0,13,100,0,113,0,15,116,0,131,190,0,190,321
06/16/2021,OXR,CA,AWP,WE,Federal Contract Tower,0,5,14,0,19,0,18,96,4,118,0,23,110,4,137,202,0,202,339
06/17/2021,OXR,CA,AWP,WE,Federal Contract Tower,0,6,27,0,33,0,0,3,0,3,0,6,30,0,36,0,0,0,36
06/18/2021,OXR,CA,AWP,WE,Federal Contract Tower,0,5,41,0,46,0,4,8,0,12,0,9,49,0,58,0,0,0,58
06/19/2021,OXR,CA,AWP,WE,Federal Contract Tower,0,7,37,0,44,0,0,0,0,0,0,7,37,0,44,0,0,0,44
06/20/2021,OXR,CA,AWP,WE,Federal Contract Tower,0,5,24,0,29,0,0,1,0,1,0,5,25,0,30,0,0,0,30
06/21/2021,OXR,CA,AWP,WE,Federal Contract Tower,0,9,44,0,53,0,6,17,0,23,0,15,61,0,76,24,0,24,100
06/22/2021,OXR,CA,AWP,WE,Federal Contract Tower,0,17,9,0,26,0,21,70,0,91,0,38,79,0,117,144,0,144,261
06/23/2021,OXR,CA,AWP,WE,Federal Contract Tower,0,6,10,0,16,0,23,95,0,118,0,29,105,0,134,184,0,184,318
06/24/2021,OXR,CA,AWP,WE,Federal Contract Tower,0,4,30,0,34,0,11,86,0,97,0,15,116,0,131,248,0,248,379
06/25/2021,OXR,CA,AWP,WE,Federal Contract Tower,0,3,27,0,30,0,19,108,0,127,0,22,135,0,157,328,0,328,485
06/26/2021,OXR,CA,AWP,WE,Federal Contract Tower,0,2,19,0,21,0,7,91,0,98,0,9,110,0,119,200,0,200,319
06/27/2021,OXR,CA,AWP,WE,Federal Contract Tower,0,4,7,0,11,0,13,131,0,144,0,17,138,0,155,282,0,282,437
06/28/2021,OXR,CA,AWP,WE,Federal Contract Tower,0,10,24,2,36,0,6,69,0,75,0,16,93,2,111,138,0,138,249
06/29/2021,OXR,CA,AWP,WE,Federal Contract Tower,0,8,52,3,63,0,0,1,0,1,0,8,53,3,64,0,0,0,64
06/30/2021,OXR,CA,AWP,WE,Federal Contract Tower,0,2,20,0,22,0,12,55,0,67,0,14,75,0,89,128,0,128,217
07/01/2021,OXR,CA,AWP,WE,Federal Contract Tower,0,2,28,0,30,0,16,70,0,86,0,18,98,0,116,190,0,190,306
07/02/2021,OXR,CA,AWP,WE,Federal Contract Tower,0,13,31,0,44,0,3,41,0,44,0,16,72,0,88,88,0,88,176
07/03/2021,OXR,CA,AWP,WE,Federal Contract Tower,0,2,20,3,25,0,8,56,0,64,0,10,76,3,89,200,0,200,289
07/04/2021,OXR,CA,AWP,WE,Federal Contract Tower,0,2,9,0,11,0,3,18,0,21,0,5,27,0,32,14,0,14,46
07/05/2021,OXR,CA,AWP,WE,Federal Contract Tower,0,3,22,0,25,0,4,41,0,45,0,7,63,0,70,56,0,56,126
07/06/2021,OXR,CA,AWP,WE,Federal Contract Tower,0,4,19,0,23,0,12,40,0,52,0,16,59,0,75,56,0,56,131
07/07/2021,OXR,CA,AWP,WE,Federal Contract Tower,0,7,25,0,32,0,15,50,0,65,0,22,75,0,97,42,0,42,139
07/08/2021,OXR,CA,AWP,WE,Federal Contract Tower,0,4,12,0,16,0,17,78,0,95,0,21,90,0,111,176,0,176,287
07/09/2021,OXR,CA,AWP,WE,Federal Contract Tower,0,7,15,0,22,0,21,90,0,111,0,28,105,0,133,268,0,268,401
07/10/2021,OXR,CA,AWP,WE,Federal Contract Tower,0,6,9,0,15,0,6,109,0,115,0,12,118,0,130,230,0,230,360
07/11/2021,OXR,CA,AWP,WE,Federal Contract Tower,0,6,5,0,11,0,3,81,0,84,0,9,86,0,95,138,0,138,233
07/12/2021,OXR,CA,AWP,WE,Federal Contract Tower,0,5,32,0,37,0,7,50,0,57,0,12,82,0,94,78,0,78,172
07/13/2021,OXR,CA,AWP,WE,Federal Contract Tower,0,5,20,0,25,0,7,39,0,46,0,12,59,0,71,68,0,68,139
07/14/2021,OXR,CA,AWP,WE,Federal Contract Tower,0,7,25,2,34,0,6,39,0,45,0,13,64,2,79,76,0,76,155
07/15/2021,OXR,CA,AWP,WE,Federal Contract Tower,0,2,14,0,16,0,16,60,0,76,0,18,74,0,92,154,0,154,246
07/16/2021,OXR,CA,AWP,WE,Federal Contract Tower,0,8,23,0,31,0,6,80,0,86,0,14,103,0,117,228,0,228,345
07/17/2021,OXR,CA,AWP,WE,Federal Contract Tower,0,3,21,0,24,0,4,86,0,90,0,7,107,0,114,270,0,270,384
07/18/2021,OXR,CA,AWP,WE,Federal Contract Tower,0,5,10,0,15,0,11,111,0,122,0,16,121,0,137,298,0,298,435
07/19/2021,OXR,CA,AWP,WE,Federal Contract Tower,0,3,28,0,31,0,6,86,0,92,0,9,114,0,123,288,0,288,411
07/20/2021,OXR,CA,AWP,WE,Federal Contract Tower,0,3,15,0,18,0,15,106,0,121,0,18,121,0,139,194,0,194,333
07/21/2021,OXR,CA,AWP,WE,Federal Contract Tower,0,3,8,0,11,0,18,64,0,82,0,21,72,0,93,266,0,266,359
07/22/2021,OXR,CA,AWP,WE,Federal Contract Tower,0,8,15,2,25,0,15,62,0,77,0,23,77,2,102,240,0,240,342
07/23/2021,OXR,CA,AWP,WE,Federal Contract Tower,0,11,16,0,27,0,6,50,0,56,0,17,66,0,83,122,0,122,205
07/24/2021,OXR,CA,AWP,WE,Federal Contract Tower,0,9,22,0,31,0,2,14,0,16,0,11,36,0,47,26,0,26,73
07/25/2021,OXR,CA,AWP,WE,Federal Contract Tower,0,22,28,4,54,0,2,43,0,45,0,24,71,4,99,152,0,152,251
07/26/2021,OXR,CA,AWP,WE,Federal Contract Tower,0,3,11,0,14,0,9,50,0,59,0,12,61,0,73,74,0,74,147
07/27/2021,OXR,CA,AWP,WE,Federal Contract Tower,0,6,26,0,32,0,5,40,0,45,0,11,66,0,77,94,0,94,171
07/28/2021,OXR,CA,AWP,WE,Federal Contract Tower,0,8,17,2,27,0,4,46,0,50,0,12,63,2,77,120,0,120,197
07/29/2021,OXR,CA,AWP,WE,Federal Contract Tower,0,11,27,0,38,0,2,21,0,23,0,13,48,0,61,62,0,62,123
07/30/2021,OXR,CA,AWP,WE,Federal Contract Tower,0,14,21,0,35,0,0,0,0,0,0,14,21,0,35,0,0,0,35
07/31/2021,OXR,CA,AWP,WE,Federal Contract Tower,0,6,30,0,36,0,0,27,0,27,0,6,57,0,63,90,0,90,153
08/01/2021,OXR,CA,AWP,WE,Federal Contract Tower,0,2,15,0,17,0,8,116,0,124,0,10,131,0,141,242,0,242,383
08/02/2021,OXR,CA,AWP,WE,Federal Contract Tower,0,5,15,3,23,0,37,115,1,153,0,42,130,4,176,228,0,228,404
08/03/2021,OXR,CA,AWP,WE,Federal Contract Tower,0,5,16,0,21,0,8,95,0,103,0,13,111,0,124,180,0,180,304
08/04/2021,OXR,CA,AWP,WE,Federal Contract Tower,0,0,0,0,0,0,9,0,0,9,0,9,0,0,9,0,0,0,9
08/05/2021,OXR,CA,AWP,WE,Federal Contract Tower,0,0,0,0,0,0,6,3,0,9,0,6,3,0,9,0,0,0,9
08/06/2021,OXR,CA,AWP,WE,Federal Contract Tower,0,0,0,0,0,0,4,2,0,6,0,4,2,0,6,0,0,0,6
08/07/2021,OXR,CA,AWP,WE,Federal Contract Tower,0,1,0,0,1,0,1,0,0,1,0,2,0,0,2,0,0,0,2
08/08/2021,OXR,CA,AWP,WE,Federal Contract Tower,0,5,0,0,5,0,0,0,0,0,0,5,0,0,5,0,0,0,5
08/09/2021,OXR,CA,AWP,WE,Federal Contract Tower,0,4,0,1,5,0,7,7,0,14,0,11,7,1,19,0,0,0,19
08/10/2021,OXR,CA,AWP,WE,Federal Contract Tower,0,4,0,0,4,0,16,3,0,19,0,20,3,0,23,0,0,0,23
08/11/2021,OXR,CA,AWP,WE,Federal Contract Tower,0,0,0,0,0,0,12,0,0,12,0,12,0,0,12,0,0,0,12
08/12/2021,OXR,CA,AWP,WE,Federal Contract Tower,0,0,0,0,0,0,24,9,6,39,0,24,9,6,39,0,0,0,39
08/13/2021,OXR,CA,AWP,WE,Federal Contract Tower,0,0,0,0,0,0,4,0,1,5,0,4,0,1,5,0,0,0,5
08/14/2021,OXR,CA,AWP,WE,Federal Contract Tower,0,2,0,0,2,0,1,0,0,1,0,3,0,0,3,0,0,0,3
08/15/2021,OXR,CA,AWP,WE,Federal Contract Tower,0,0,0,0,0,0,4,0,0,4,0,4,0,0,4,0,0,0,4
08/16/2021,OXR,CA,AWP,WE,Federal Contract Tower,0,0,0,0,0,0,3,1,0,4,0,3,1,0,4,0,0,0,4
08/17/2021,OXR,CA,AWP,WE,Federal Contract Tower,0,5,0,0,5,0,3,0,1,4,0,8,0,1,9,0,0,0,9
08/18/2021,OXR,CA,AWP,WE,Federal Contract Tower,0,0,0,0,0,0,6,3,0,9,0,6,3,0,9,0,0,0,9
08/19/2021,OXR,CA,AWP,WE,Federal Contract Tower,0,0,0,0,0,0,2,3,0,5,0,2,3,0,5,0,0,0,5
08/20/2021,OXR,CA,AWP,WE,Federal Contract Tower,0,0,0,0,0,0,11,1,0,12,0,11,1,0,12,0,0,0,12
08/21/2021,OXR,CA,AWP,WE,Federal Contract Tower,0,0,0,0,0,0,4,0,0,4,0,4,0,0,4,0,0,0,4
08/22/2021,OXR,CA,AWP,WE,Federal Contract Tower,0,0,0,0,0,0,6,0,0,6,0,6,0,0,6,0,0,0,6
08/23/2021,OXR,CA,AWP,WE,Federal Contract Tower,0,0,0,0,0,0,5,2,0,7,0,5,2,0,7,0,0,0,7
08/24/2021,OXR,CA,AWP,WE,Federal Contract Tower,0,0,0,0,0,0,9,5,1,15,0,9,5,1,15,0,0,0,15
08/25/2021,OXR,CA,AWP,WE,Federal Contract Tower,0,0,0,0,0,0,1,4,0,5,0,1,4,0,5,0,0,0,5
08/26/2021,OXR,CA,AWP,WE,Federal Contract Tower,0,0,0,0,0,0,2,7,0,9,0,2,7,0,9,0,0,0,9
08/27/2021,OXR,CA,AWP,WE,Federal Contract Tower,0,0,0,0,0,0,5,0,0,5,0,5,0,0,5,0,0,0,5
08/28/2021,OXR,CA,AWP,WE,Federal Contract Tower,0,0,0,0,0,0,0,0,0,0,0,0,0,0,0,0,0,0,0
08/29/2021,OXR,CA,AWP,WE,Federal Contract Tower,0,5,0,0,5,0,0,12,0,12,0,5,12,0,17,0,0,0,17
08/30/2021,OXR,CA,AWP,WE,Federal Contract Tower,0,0,0,0,0,0,0,1,0,1,0,0,1,0,1,0,0,0,1
08/31/2021,OXR,CA,AWP,WE,Federal Contract Tower,0,0,0,0,0,0,3,0,0,3,0,3,0,0,3,0,0,0,3
09/01/2021,OXR,CA,AWP,WE,Federal Contract Tower,0,0,0,0,0,0,4,1,0,5,0,4,1,0,5,0,0,0,5
09/02/2021,OXR,CA,AWP,WE,Federal Contract Tower,0,0,0,0,0,0,7,2,0,9,0,7,2,0,9,0,0,0,9
09/03/2021,OXR,CA,AWP,WE,Federal Contract Tower,0,3,0,0,3,0,0,0,0,0,0,3,0,0,3,0,0,0,3
09/04/2021,OXR,CA,AWP,WE,Federal Contract Tower,0,1,0,0,1,0,1,0,0,1,0,2,0,0,2,0,0,0,2
09/05/2021,OXR,CA,AWP,WE,Federal Contract Tower,0,3,0,0,3,0,3,0,0,3,0,6,0,0,6,0,0,0,6
09/06/2021,OXR,CA,AWP,WE,Federal Contract Tower,0,0,0,0,0,0,5,0,0,5,0,5,0,0,5,0,0,0,5
09/07/2021,OXR,CA,AWP,WE,Federal Contract Tower,0,0,0,0,0,0,4,3,0,7,0,4,3,0,7,0,0,0,7
09/08/2021,OXR,CA,AWP,WE,Federal Contract Tower,0,4,0,0,4,0,0,0,0,0,0,4,0,0,4,0,0,0,4
09/09/2021,OXR,CA,AWP,WE,Federal Contract Tower,0,3,0,0,3,0,2,0,0,2,0,5,0,0,5,0,0,0,5
09/10/2021,OXR,CA,AWP,WE,Federal Contract Tower,0,1,0,0,1,0,12,1,0,13,0,13,1,0,14,0,0,0,14
09/11/2021,OXR,CA,AWP,WE,Federal Contract Tower,0,0,0,0,0,0,3,0,0,3,0,3,0,0,3,0,0,0,3
09/12/2021,OXR,CA,AWP,WE,Federal Contract Tower,0,3,0,0,3,0,1,2,2,5,0,4,2,2,8,0,0,0,8
09/13/2021,OXR,CA,AWP,WE,Federal Contract Tower,0,0,0,0,0,0,3,0,0,3,0,3,0,0,3,0,0,0,3
09/14/2021,OXR,CA,AWP,WE,Federal Contract Tower,0,3,0,0,3,0,5,0,4,9,0,8,0,4,12,0,0,0,12
09/15/2021,OXR,CA,AWP,WE,Federal Contract Tower,0,2,0,0,2,0,2,0,0,2,0,4,0,0,4,0,0,0,4
09/16/2021,OXR,CA,AWP,WE,Federal Contract Tower,0,0,0,0,0,0,4,0,0,4,0,4,0,0,4,0,0,0,4
09/17/2021,OXR,CA,AWP,WE,Federal Contract Tower,0,0,0,0,0,0,5,2,0,7,0,5,2,0,7,0,0,0,7
09/18/2021,OXR,CA,AWP,WE,Federal Contract Tower,0,0,0,0,0,0,2,0,0,2,0,2,0,0,2,0,0,0,2
09/19/2021,OXR,CA,AWP,WE,Federal Contract Tower,0,0,0,0,0,0,3,6,0,9,0,3,6,0,9,0,0,0,9
09/20/2021,OXR,CA,AWP,WE,Federal Contract Tower,0,0,0,0,0,0,8,0,0,8,0,8,0,0,8,0,0,0,8
09/21/2021,OXR,CA,AWP,WE,Federal Contract Tower,0,3,0,0,3,0,10,0,0,10,0,13,0,0,13,0,0,0,13
09/22/2021,OXR,CA,AWP,WE,Federal Contract Tower,0,1,0,0,1,0,0,0,0,0,0,1,0,0,1,0,0,0,1
09/23/2021,OXR,CA,AWP,WE,Federal Contract Tower,0,4,0,0,4,0,7,1,0,8,0,11,1,0,12,0,0,0,12
09/24/2021,OXR,CA,AWP,WE,Federal Contract Tower,0,5,0,2,7,0,6,0,0,6,0,11,0,2,13,0,0,0,13
09/25/2021,OXR,CA,AWP,WE,Federal Contract Tower,0,4,0,0,4,0,0,0,0,0,0,4,0,0,4,0,0,0,4
09/26/2021,OXR,CA,AWP,WE,Federal Contract Tower,0,0,0,0,0,0,6,0,0,6,0,6,0,0,6,0,0,0,6
09/27/2021,OXR,CA,AWP,WE,Federal Contract Tower,0,0,0,0,0,0,4,0,0,4,0,4,0,0,4,0,0,0,4
09/28/2021,OXR,CA,AWP,WE,Federal Contract Tower,0,0,0,0,0,0,14,0,0,14,0,14,0,0,14,0,0,0,14
09/29/2021,OXR,CA,AWP,WE,Federal Contract Tower,0,0,0,0,0,0,8,2,0,10,0,8,2,0,10,0,0,0,10
09/30/2021,OXR,CA,AWP,WE,Federal Contract Tower,0,0,0,0,0,0,0,4,0,4,0,0,4,0,4,0,0,0,4
10/01/2021,OXR,CA,AWP,WE,Federal Contract Tower,0,0,0,0,0,0,9,0,0,9,0,9,0,0,9,0,0,0,9
10/02/2021,OXR,CA,AWP,WE,Federal Contract Tower,0,0,0,0,0,0,2,0,0,2,0,2,0,0,2,0,0,0,2
10/03/2021,OXR,CA,AWP,WE,Federal Contract Tower,0,0,0,0,0,0,3,5,0,8,0,3,5,0,8,0,0,0,8
10/04/2021,OXR,CA,AWP,WE,Federal Contract Tower,0,0,0,0,0,0,4,0,2,6,0,4,0,2,6,0,0,0,6
10/05/2021,OXR,CA,AWP,WE,Federal Contract Tower,0,0,0,0,0,0,6,2,2,10,0,6,2,2,10,0,0,0,10
10/07/2021,OXR,CA,AWP,WE,Federal Contract Tower,0,0,0,0,0,0,11,0,0,11,0,11,0,0,11,0,0,0,11
10/08/2021,OXR,CA,AWP,WE,Federal Contract Tower,0,0,0,0,0,0,2,0,0,2,0,2,0,0,2,0,0,0,2
10/09/2021,OXR,CA,AWP,WE,Federal Contract Tower,0,0,0,0,0,0,5,2,0,7,0,5,2,0,7,0,0,0,7
10/10/2021,OXR,CA,AWP,WE,Federal Contract Tower,0,0,0,0,0,0,2,0,0,2,0,2,0,0,2,0,0,0,2
10/11/2021,OXR,CA,AWP,WE,Federal Contract Tower,0,0,0,0,0,0,1,2,0,3,0,1,2,0,3,0,0,0,3
10/12/2021,OXR,CA,AWP,WE,Federal Contract Tower,0,0,0,0,0,0,5,2,2,9,0,5,2,2,9,0,0,0,9
10/13/2021,OXR,CA,AWP,WE,Federal Contract Tower,0,0,0,0,0,0,4,1,0,5,0,4,1,0,5,0,0,0,5
10/14/2021,OXR,CA,AWP,WE,Federal Contract Tower,0,0,0,0,0,0,2,0,0,2,0,2,0,0,2,0,0,0,2
10/15/2021,OXR,CA,AWP,WE,Federal Contract Tower,0,0,0,0,0,0,4,0,0,4,0,4,0,0,4,0,0,0,4
10/16/2021,OXR,CA,AWP,WE,Federal Contract Tower,0,0,0,0,0,0,4,0,0,4,0,4,0,0,4,0,0,0,4
10/17/2021,OXR,CA,AWP,WE,Federal Contract Tower,0,0,0,0,0,0,0,0,0,0,0,0,0,0,0,0,0,0,0
10/18/2021,OXR,CA,AWP,WE,Federal Contract Tower,0,0,0,0,0,0,10,2,0,12,0,10,2,0,12,0,0,0,12
10/19/2021,OXR,CA,AWP,WE,Federal Contract Tower,0,0,0,0,0,0,11,0,2,13,0,11,0,2,13,0,0,0,13
10/20/2021,OXR,CA,AWP,WE,Federal Contract Tower,0,0,0,0,0,0,5,4,0,9,0,5,4,0,9,0,0,0,9
10/21/2021,OXR,CA,AWP,WE,Federal Contract Tower,0,0,0,0,0,0,5,4,0,9,0,5,4,0,9,0,0,0,9
10/22/2021,OXR,CA,AWP,WE,Federal Contract Tower,0,2,6,0,8,0,4,4,0,8,0,6,10,0,16,0,0,0,16
10/23/2021,OXR,CA,AWP,WE,Federal Contract Tower,0,0,0,0,0,0,5,5,0,10,0,5,5,0,10,0,0,0,10
10/24/2021,OXR,CA,AWP,WE,Federal Contract Tower,0,0,0,0,0,0,8,12,0,20,0,8,12,0,20,0,0,0,20
10/25/2021,OXR,CA,AWP,WE,Federal Contract Tower,0,0,0,0,0,0,0,0,0,0,0,0,0,0,0,0,0,0,0
10/26/2021,OXR,CA,AWP,WE,Federal Contract Tower,0,0,0,0,0,0,4,17,0,21,0,4,17,0,21,0,0,0,21
10/27/2021,OXR,CA,AWP,WE,Federal Contract Tower,0,0,0,0,0,0,16,26,0,42,0,16,26,0,42,0,0,0,42
10/28/2021,OXR,CA,AWP,WE,Federal Contract Tower,0,0,0,0,0,0,2,8,0,10,0,2,8,0,10,0,0,0,10
10/29/2021,OXR,CA,AWP,WE,Federal Contract Tower,0,0,0,0,0,0,9,3,0,12,0,9,3,0,12,0,0,0,12
10/30/2021,OXR,CA,AWP,WE,Federal Contract Tower,0,0,0,0,0,0,0,0,0,0,0,0,0,0,0,0,0,0,0
10/31/2021,OXR,CA,AWP,WE,Federal Contract Tower,0,0,0,0,0,0,4,7,0,11,0,4,7,0,11,0,0,0,11
11/01/2021,OXR,CA,AWP,WE,Federal Contract Tower,0,0,0,0,0,0,3,6,0,9,0,3,6,0,9,0,0,0,9
11/02/2021,OXR,CA,AWP,WE,Federal Contract Tower,0,0,0,0,0,0,0,12,0,12,0,0,12,0,12,0,0,0,12
11/03/2021,OXR,CA,AWP,WE,Federal Contract Tower,0,0,0,0,0,0,0,1,0,1,0,0,1,0,1,0,0,0,1
11/04/2021,OXR,CA,AWP,WE,Federal Contract Tower,0,4,0,0,4,0,5,0,0,5,0,9,0,0,9,0,0,0,9
11/05/2021,OXR,CA,AWP,WE,Federal Contract Tower,0,4,9,0,13,0,1,10,0,11,0,5,19,0,24,0,0,0,24
11/06/2021,OXR,CA,AWP,WE,Federal Contract Tower,0,3,31,0,34,0,1,24,0,25,0,4,55,0,59,40,0,40,99
11/07/2021,OXR,CA,AWP,WE,Federal Contract Tower,0,4,18,0,22,0,4,40,5,49,0,8,58,5,71,70,0,70,141
11/08/2021,OXR,CA,AWP,WE,Federal Contract Tower,0,5,14,0,19,0,8,53,0,61,0,13,67,0,80,148,0,148,228
11/09/2021,OXR,CA,AWP,WE,Federal Contract Tower,0,6,26,0,32,0,2,18,0,20,0,8,44,0,52,74,0,74,126
11/10/2021,OXR,CA,AWP,WE,Federal Contract Tower,0,15,10,0,25,0,5,67,0,72,0,20,77,0,97,168,0,168,265
11/11/2021,OXR,CA,AWP,WE,Federal Contract Tower,0,2,10,0,12,0,9,61,0,70,0,11,71,0,82,142,0,142,224
11/12/2021,OXR,CA,AWP,WE,Federal Contract Tower,0,2,10,0,12,0,8,82,0,90,0,10,92,0,102,158,0,158,260
11/13/2021,OXR,CA,AWP,WE,Federal Contract Tower,0,1,5,0,6,0,7,143,0,150,0,8,148,0,156,258,0,258,414
11/14/2021,OXR,CA,AWP,WE,Federal Contract Tower,0,1,5,0,6,0,2,70,0,72,0,3,75,0,78,238,0,238,316
11/15/2021,OXR,CA,AWP,WE,Federal Contract Tower,0,2,15,1,18,0,12,44,0,56,0,14,59,1,74,90,0,90,164
11/16/2021,OXR,CA,AWP,WE,Federal Contract Tower,0,5,18,0,23,0,36,47,0,83,0,41,65,0,106,116,0,116,222
11/17/2021,OXR,CA,AWP,WE,Federal Contract Tower,0,8,22,0,30,0,1,61,2,64,0,9,83,2,94,138,0,138,232
11/18/2021,OXR,CA,AWP,WE,Federal Contract Tower,0,4,21,2,27,0,35,56,4,95,0,39,77,6,122,36,0,36,158
11/19/2021,OXR,CA,AWP,WE,Federal Contract Tower,0,6,14,0,20,0,7,32,0,39,0,13,46,0,59,74,0,74,133
11/20/2021,OXR,CA,AWP,WE,Federal Contract Tower,0,5,34,0,39,0,2,36,0,38,0,7,70,0,77,176,0,176,253
11/21/2021,OXR,CA,AWP,WE,Federal Contract Tower,0,0,8,0,8,0,3,26,0,29,0,3,34,0,37,70,0,70,107
11/22/2021,OXR,CA,AWP,WE,Federal Contract Tower,0,5,13,0,18,0,8,61,0,69,0,13,74,0,87,116,0,116,203
11/23/2021,OXR,CA,AWP,WE,Federal Contract Tower,0,5,15,0,20,0,20,86,0,106,0,25,101,0,126,204,0,204,330
11/24/2021,OXR,CA,AWP,WE,Federal Contract Tower,0,2,17,0,19,0,5,56,0,61,0,7,73,0,80,50,0,50,130
11/25/2021,OXR,CA,AWP,WE,Federal Contract Tower,0,0,0,0,0,0,0,2,0,2,0,0,2,0,2,0,0,0,2
11/26/2021,OXR,CA,AWP,WE,Federal Contract Tower,0,3,10,0,13,0,0,60,0,60,0,3,70,0,73,172,0,172,245
11/27/2021,OXR,CA,AWP,WE,Federal Contract Tower,0,3,18,0,21,0,0,91,0,91,0,3,109,0,112,194,0,194,306
11/28/2021,OXR,CA,AWP,WE,Federal Contract Tower,0,0,12,0,12,0,12,88,0,100,0,12,100,0,112,242,0,242,354
11/29/2021,OXR,CA,AWP,WE,Federal Contract Tower,0,2,21,2,25,0,5,69,0,74,0,7,90,2,99,246,0,246,345
11/30/2021,OXR,CA,AWP,WE,Federal Contract Tower,0,3,9,0,12,0,14,32,0,46,0,17,41,0,58,54,0,54,112
12/01/2021,OXR,CA,AWP,WE,Federal Contract Tower,0,7,30,2,39,0,0,0,0,0,0,7,30,2,39,0,0,0,39
12/02/2021,OXR,CA,AWP,WE,Federal Contract Tower,0,6,30,2,38,0,7,2,0,9,0,13,32,2,47,0,0,0,47
12/03/2021,OXR,CA,AWP,WE,Federal Contract Tower,0,12,25,0,37,0,20,20,0,40,0,32,45,0,77,106,0,106,183
12/04/2021,OXR,CA,AWP,WE,Federal Contract Tower,0,0,10,0,10,0,4,11,3,18,0,4,21,3,28,24,0,24,52
12/05/2021,OXR,CA,AWP,WE,Federal Contract Tower,0,0,20,0,20,0,0,55,0,55,0,0,75,0,75,182,0,182,257
12/06/2021,OXR,CA,AWP,WE,Federal Contract Tower,0,3,35,0,38,0,0,5,0,5,0,3,40,0,43,36,0,36,79
12/07/2021,OXR,CA,AWP,WE,Federal Contract Tower,0,7,13,0,20,0,7,51,0,58,0,14,64,0,78,146,0,146,224
12/08/2021,OXR,CA,AWP,WE,Federal Contract Tower,0,3,15,2,20,0,31,72,3,106,0,34,87,5,126,162,0,162,288
12/09/2021,OXR,CA,AWP,WE,Federal Contract Tower,0,2,19,0,21,0,7,16,8,31,0,9,35,8,52,54,0,54,106
12/10/2021,OXR,CA,AWP,WE,Federal Contract Tower,0,3,14,1,18,0,7,103,1,111,0,10,117,2,129,144,0,144,273
12/11/2021,OXR,CA,AWP,WE,Federal Contract Tower,0,3,10,0,13,0,4,76,0,80,0,7,86,0,93,198,0,198,291
12/12/2021,OXR,CA,AWP,WE,Federal Contract Tower,0,3,20,0,23,0,18,104,0,122,0,21,124,0,145,170,0,170,315
12/13/2021,OXR,CA,AWP,WE,Federal Contract Tower,0,6,12,0,18,0,4,20,0,24,0,10,32,0,42,112,0,112,154
12/14/2021,OXR,CA,AWP,WE,Federal Contract Tower,0,4,3,0,7,0,0,0,0,0,0,4,3,0,7,0,0,0,7
12/15/2021,OXR,CA,AWP,WE,Federal Contract Tower,0,4,12,0,16,0,17,124,4,145,0,21,136,4,161,178,0,178,339
12/16/2021,OXR,CA,AWP,WE,Federal Contract Tower,0,6,34,0,40,0,4,12,0,16,0,10,46,0,56,38,0,38,94
12/17/2021,OXR,CA,AWP,WE,Federal Contract Tower,0,4,17,0,21,0,6,83,0,89,0,10,100,0,110,184,0,184,294
12/18/2021,OXR,CA,AWP,WE,Federal Contract Tower,0,1,13,0,14,0,9,92,0,101,0,10,105,0,115,216,0,216,331
12/19/2021,OXR,CA,AWP,WE,Federal Contract Tower,0,0,8,0,8,0,10,108,4,122,0,10,116,4,130,230,0,230,360
12/20/2021,OXR,CA,AWP,WE,Federal Contract Tower,0,0,7,1,8,0,30,65,1,96,0,30,72,2,104,170,0,170,274
12/21/2021,OXR,CA,AWP,WE,Federal Contract Tower,0,0,8,0,8,0,10,78,0,88,0,10,86,0,96,182,0,182,278
12/22/2021,OXR,CA,AWP,WE,Federal Contract Tower,0,0,11,0,11,0,6,71,0,77,0,6,82,0,88,168,0,168,256
12/23/2021,OXR,CA,AWP,WE,Federal Contract Tower,0,2,5,0,7,0,0,0,0,0,0,2,5,0,7,0,0,0,7
12/24/2021,OXR,CA,AWP,WE,Federal Contract Tower,0,2,8,0,10,0,0,7,0,7,0,2,15,0,17,4,0,4,21
12/25/2021,OXR,CA,AWP,WE,Federal Contract Tower,0,0,0,0,0,0,2,6,0,8,0,2,6,0,8,0,0,0,8
12/26/2021,OXR,CA,AWP,WE,Federal Contract Tower,0,0,16,0,16,0,4,71,0,75,0,4,87,0,91,162,0,162,253
12/27/2021,OXR,CA,AWP,WE,Federal Contract Tower,0,3,5,0,8,0,5,9,0,14,0,8,14,0,22,66,0,66,88
12/28/2021,OXR,CA,AWP,WE,Federal Contract Tower,0,2,4,0,6,0,9,65,0,74,0,11,69,0,80,126,0,126,206
12/29/2021,OXR,CA,AWP,WE,Federal Contract Tower,0,6,8,0,14,0,2,2,0,4,0,8,10,0,18,0,0,0,18
12/30/2021,OXR,CA,AWP,WE,Federal Contract Tower,0,3,1,4,8,0,0,0,0,0,0,3,1,4,8,0,0,0,8
12/31/2021,OXR,CA,AWP,WE,Federal Contract Tower,0,2,20,0,22,0,6,62,0,68,0,8,82,0,90,156,0,156,246
01/01/2022,OXR,CA,AWP,WE,Federal Contract Tower,0,1,4,0,5,0,4,35,0,39,0,5,39,0,44,0,0,0,44
01/02/2022,OXR,CA,AWP,WE,Federal Contract Tower,0,7,19,0,26,0,23,87,0,110,0,30,106,0,136,216,0,216,352
01/03/2022,OXR,CA,AWP,WE,Federal Contract Tower,0,0,6,0,6,0,2,65,0,67,0,2,71,0,73,148,0,148,221
01/04/2022,OXR,CA,AWP,WE,Federal Contract Tower,0,5,15,0,20,0,10,82,0,92,0,15,97,0,112,192,0,192,304
01/05/2022,OXR,CA,AWP,WE,Federal Contract Tower,0,1,5,0,6,0,41,75,2,118,0,42,80,2,124,216,0,216,340
01/06/2022,OXR,CA,AWP,WE,Federal Contract Tower,0,4,4,0,8,0,6,115,0,121,0,10,119,0,129,310,0,310,439
01/07/2022,OXR,CA,AWP,WE,Federal Contract Tower,0,4,44,0,48,0,1,9,0,10,0,5,53,0,58,30,0,30,88
01/08/2022,OXR,CA,AWP,WE,Federal Contract Tower,0,0,15,0,15,0,7,64,2,73,0,7,79,2,88,220,0,220,308
01/09/2022,OXR,CA,AWP,WE,Federal Contract Tower,0,4,7,0,11,0,6,51,0,57,0,10,58,0,68,136,0,136,204
01/10/2022,OXR,CA,AWP,WE,Federal Contract Tower,0,2,9,0,11,0,20,41,0,61,0,22,50,0,72,144,0,144,216
01/11/2022,OXR,CA,AWP,WE,Federal Contract Tower,0,0,6,0,6,0,27,55,0,82,0,27,61,0,88,38,0,38,126
01/12/2022,OXR,CA,AWP,WE,Federal Contract Tower,0,2,12,0,14,0,21,88,2,111,0,23,100,2,125,158,0,158,283
01/13/2022,OXR,CA,AWP,WE,Federal Contract Tower,0,2,24,0,26,0,15,98,0,113,0,17,122,0,139,270,0,270,409
01/14/2022,OXR,CA,AWP,WE,Federal Contract Tower,0,1,1,0,2,0,3,18,0,21,0,4,19,0,23,32,0,32,55
01/15/2022,OXR,CA,AWP,WE,Federal Contract Tower,0,0,10,0,10,0,0,35,0,35,0,0,45,0,45,140,0,140,185
01/16/2022,OXR,CA,AWP,WE,Federal Contract Tower,0,0,10,0,10,0,8,92,0,100,0,8,102,0,110,238,0,238,348
01/17/2022,OXR,CA,AWP,WE,Federal Contract Tower,0,0,18,0,18,0,2,39,0,41,0,2,57,0,59,120,0,120,179
01/18/2022,OXR,CA,AWP,WE,Federal Contract Tower,0,5,24,0,29,0,17,69,0,86,0,22,93,0,115,110,0,110,225
01/19/2022,OXR,CA,AWP,WE,Federal Contract Tower,0,6,41,2,49,0,18,45,2,65,0,24,86,4,114,46,0,46,160
01/20/2022,OXR,CA,AWP,WE,Federal Contract Tower,0,2,9,0,11,0,6,68,0,74,0,8,77,0,85,162,0,162,247
01/21/2022,OXR,CA,AWP,WE,Federal Contract Tower,0,4,4,2,10,0,16,67,0,83,0,20,71,2,93,190,0,190,283
01/22/2022,OXR,CA,AWP,WE,Federal Contract Tower,0,1,5,0,6,0,3,19,0,22,0,4,24,0,28,24,0,24,52
01/23/2022,OXR,CA,AWP,WE,Federal Contract Tower,0,0,7,0,7,0,10,92,0,102,0,10,99,0,109,208,0,208,317
01/24/2022,OXR,CA,AWP,WE,Federal Contract Tower,0,2,15,0,17,0,7,116,0,123,0,9,131,0,140,262,0,262,402
01/25/2022,OXR,CA,AWP,WE,Federal Contract Tower,0,4,17,0,21,0,5,116,2,123,0,9,133,2,144,222,0,222,366
01/26/2022,OXR,CA,AWP,WE,Federal Contract Tower,0,2,17,0,19,0,8,48,0,56,0,10,65,0,75,166,0,166,241
01/27/2022,OXR,CA,AWP,WE,Federal Contract Tower,0,4,15,2,21,0,15,64,0,79,0,19,79,2,100,186,0,186,286
01/28/2022,OXR,CA,AWP,WE,Federal Contract Tower,0,2,4,0,6,0,4,12,0,16,0,6,16,0,22,0,0,0,22
01/29/2022,OXR,CA,AWP,WE,Federal Contract Tower,0,4,6,0,10,0,5,88,0,93,0,9,94,0,103,234,0,234,337
01/30/2022,OXR,CA,AWP,WE,Federal Contract Tower,0,2,9,0,11,0,10,90,2,102,0,12,99,2,113,278,0,278,391
01/31/2022,OXR,CA,AWP,WE,Federal Contract Tower,0,4,12,0,16,0,24,82,0,106,0,28,94,0,122,320,0,320,442
02/01/2022,OXR,CA,AWP,WE,Federal Contract Tower,0,2,11,2,15,0,16,76,0,92,0,18,87,2,107,190,0,190,297
02/02/2022,OXR,CA,AWP,WE,Federal Contract Tower,0,4,2,0,6,0,4,8,0,12,0,8,10,0,18,10,0,10,28
02/03/2022,OXR,CA,AWP,WE,Federal Contract Tower,0,4,13,0,17,0,16,77,0,93,0,20,90,0,110,238,0,238,348
02/04/2022,OXR,CA,AWP,WE,Federal Contract Tower,0,4,3,0,7,0,4,32,0,36,0,8,35,0,43,24,0,24,67
02/05/2022,OXR,CA,AWP,WE,Federal Contract Tower,0,4,7,4,15,0,7,52,0,59,0,11,59,4,74,138,0,138,212
02/06/2022,OXR,CA,AWP,WE,Federal Contract Tower,0,1,10,0,11,0,11,70,0,81,0,12,80,0,92,100,0,100,192
02/07/2022,OXR,CA,AWP,WE,Federal Contract Tower,0,5,4,0,9,0,13,56,0,69,0,18,60,0,78,92,0,92,170
02/08/2022,OXR,CA,AWP,WE,Federal Contract Tower,0,6,3,0,9,0,10,74,4,88,0,16,77,4,97,114,0,114,211
02/09/2022,OXR,CA,AWP,WE,Federal Contract Tower,0,2,4,0,6,0,14,56,0,70,0,16,60,0,76,106,0,106,182
02/10/2022,OXR,CA,AWP,WE,Federal Contract Tower,0,3,11,0,14,0,18,13,0,31,0,21,24,0,45,44,0,44,89
02/11/2022,OXR,CA,AWP,WE,Federal Contract Tower,0,4,26,0,30,0,23,136,0,159,0,27,162,0,189,348,0,348,537
02/12/2022,OXR,CA,AWP,WE,Federal Contract Tower,0,4,15,0,19,0,2,72,0,74,0,6,87,0,93,220,0,220,313
02/13/2022,OXR,CA,AWP,WE,Federal Contract Tower,0,6,10,0,16,0,9,58,0,67,0,15,68,0,83,138,0,138,221
02/14/2022,OXR,CA,AWP,WE,Federal Contract Tower,0,7,17,0,24,0,7,55,0,62,0,14,72,0,86,190,0,190,276
02/15/2022,OXR,CA,AWP,WE,Federal Contract Tower,0,6,18,0,24,0,12,22,0,34,0,18,40,0,58,26,0,26,84
02/16/2022,OXR,CA,AWP,WE,Federal Contract Tower,0,4,19,0,23,0,13,132,0,145,0,17,151,0,168,284,0,284,452
02/17/2022,OXR,CA,AWP,WE,Federal Contract Tower,0,6,3,0,9,0,9,32,0,41,0,15,35,0,50,58,0,58,108
02/18/2022,OXR,CA,AWP,WE,Federal Contract Tower,0,5,18,0,23,0,10,101,4,115,0,15,119,4,138,304,0,304,442
02/19/2022,OXR,CA,AWP,WE,Federal Contract Tower,0,3,15,0,18,0,4,107,0,111,0,7,122,0,129,240,0,240,369
02/20/2022,OXR,CA,AWP,WE,Federal Contract Tower,0,0,21,0,21,0,2,62,0,64,0,2,83,0,85,238,0,238,323
02/21/2022,OXR,CA,AWP,WE,Federal Contract Tower,0,2,21,0,23,0,2,55,0,57,0,4,76,0,80,82,0,82,162
02/22/2022,OXR,CA,AWP,WE,Federal Contract Tower,0,3,10,0,13,0,2,24,0,26,0,5,34,0,39,90,0,90,129
02/23/2022,OXR,CA,AWP,WE,Federal Contract Tower,0,1,10,0,11,0,15,25,2,42,0,16,35,2,53,16,0,16,69
02/24/2022,OXR,CA,AWP,WE,Federal Contract Tower,0,1,22,0,23,0,14,69,0,83,0,15,91,0,106,228,0,228,334
02/25/2022,OXR,CA,AWP,WE,Federal Contract Tower,0,4,19,0,23,0,3,81,0,84,0,7,100,0,107,276,0,276,383
02/26/2022,OXR,CA,AWP,WE,Federal Contract Tower,0,10,5,0,15,0,8,49,0,57,0,18,54,0,72,92,0,92,164
02/27/2022,OXR,CA,AWP,WE,Federal Contract Tower,0,3,7,0,10,0,11,97,0,108,0,14,104,0,118,228,0,228,346
02/28/2022,OXR,CA,AWP,WE,Federal Contract Tower,0,2,3,0,5,0,2,35,0,37,0,4,38,0,42,114,0,114,156
03/01/2022,OXR,CA,AWP,WE,Federal Contract Tower,0,2,12,0,14,0,14,95,0,109,0,16,107,0,123,184,0,184,307
03/02/2022,OXR,CA,AWP,WE,Federal Contract Tower,0,4,5,0,9,0,4,141,2,147,0,8,146,2,156,276,12,288,444
03/03/2022,OXR,CA,AWP,WE,Federal Contract Tower,0,3,15,0,18,0,5,70,0,75,0,8,85,0,93,166,0,166,259
03/04/2022,OXR,CA,AWP,WE,Federal Contract Tower,0,4,17,0,21,0,8,50,0,58,0,12,67,0,79,150,0,150,229
03/05/2022,OXR,CA,AWP,WE,Federal Contract Tower,0,4,8,0,12,0,0,13,16,29,0,4,21,16,41,42,24,66,107
03/06/2022,OXR,CA,AWP,WE,Federal Contract Tower,0,1,25,0,26,0,8,133,0,141,0,9,158,0,167,356,0,356,523
03/07/2022,OXR,CA,AWP,WE,Federal Contract Tower,0,2,7,0,9,0,12,68,0,80,0,14,75,0,89,106,0,106,195
03/08/2022,OXR,CA,AWP,WE,Federal Contract Tower,0,5,15,0,20,0,9,113,0,122,0,14,128,0,142,202,0,202,344
03/09/2022,OXR,CA,AWP,WE,Federal Contract Tower,0,2,17,0,19,0,11,101,2,114,0,13,118,2,133,268,0,268,401
03/10/2022,OXR,CA,AWP,WE,Federal Contract Tower,0,2,12,0,14,0,13,68,0,81,0,15,80,0,95,250,0,250,345
03/11/2022,OXR,CA,AWP,WE,Federal Contract Tower,0,2,6,0,8,0,15,70,0,85,0,17,76,0,93,194,0,194,287
03/12/2022,OXR,CA,AWP,WE,Federal Contract Tower,0,2,12,0,14,0,36,117,0,153,0,38,129,0,167,402,0,402,569
03/13/2022,OXR,CA,AWP,WE,Federal Contract Tower,0,0,15,0,15,0,20,139,0,159,0,20,154,0,174,312,0,312,486
03/14/2022,OXR,CA,AWP,WE,Federal Contract Tower,0,10,13,2,25,0,17,128,0,145,0,27,141,2,170,372,0,372,542
03/15/2022,OXR,CA,AWP,WE,Federal Contract Tower,0,4,12,2,18,0,19,74,0,93,0,23,86,2,111,194,0,194,305
03/16/2022,OXR,CA,AWP,WE,Federal Contract Tower,0,2,6,2,10,0,18,83,2,103,0,20,89,4,113,236,0,236,349
03/17/2022,OXR,CA,AWP,WE,Federal Contract Tower,0,5,24,0,29,0,18,109,0,127,0,23,133,0,156,224,0,224,380
03/18/2022,OXR,CA,AWP,WE,Federal Contract Tower,0,2,20,0,22,0,10,88,0,98,0,12,108,0,120,354,0,354,474
03/19/2022,OXR,CA,AWP,WE,Federal Contract Tower,0,5,23,0,28,0,10,28,0,38,0,15,51,0,66,68,0,68,134
03/20/2022,OXR,CA,AWP,WE,Federal Contract Tower,0,3,10,0,13,0,4,27,0,31,0,7,37,0,44,34,0,34,78
03/21/2022,OXR,CA,AWP,WE,Federal Contract Tower,0,2,17,0,19,0,18,138,0,156,0,20,155,0,175,344,0,344,519
03/22/2022,OXR,CA,AWP,WE,Federal Contract Tower,0,2,14,0,16,0,9,61,0,70,0,11,75,0,86,104,0,104,190
03/23/2022,OXR,CA,AWP,WE,Federal Contract Tower,0,8,14,0,22,0,21,112,4,137,0,29,126,4,159,246,0,246,405
03/24/2022,OXR,CA,AWP,WE,Federal Contract Tower,0,6,23,0,29,0,22,75,0,97,0,28,98,0,126,166,0,166,292
03/25/2022,OXR,CA,AWP,WE,Federal Contract Tower,0,8,25,0,33,0,8,54,0,62,0,16,79,0,95,136,0,136,231
03/26/2022,OXR,CA,AWP,WE,Federal Contract Tower,0,15,44,0,59,0,0,13,0,13,0,15,57,0,72,20,0,20,92
03/27/2022,OXR,CA,AWP,WE,Federal Contract Tower,0,0,27,0,27,0,6,41,0,47,0,6,68,0,74,96,0,96,170
03/28/2022,OXR,CA,AWP,WE,Federal Contract Tower,0,2,7,0,9,0,0,0,0,0,0,2,7,0,9,0,0,0,9
03/29/2022,OXR,CA,AWP,WE,Federal Contract Tower,0,5,11,0,16,0,12,96,2,110,0,17,107,2,126,178,0,178,304
03/30/2022,OXR,CA,AWP,WE,Federal Contract Tower,0,5,20,0,25,0,44,70,2,116,0,49,90,2,141,126,0,126,267
03/31/2022,OXR,CA,AWP,WE,Federal Contract Tower,0,4,24,0,28,0,11,48,0,59,0,15,72,0,87,172,0,172,259
04/01/2022,OXR,CA,AWP,WE,Federal Contract Tower,0,12,20,0,32,0,16,71,0,87,0,28,91,0,119,140,0,140,259
04/02/2022,OXR,CA,AWP,WE,Federal Contract Tower,0,3,49,0,52,0,2,13,0,15,0,5,62,0,67,60,6,66,133
04/03/2022,OXR,CA,AWP,WE,Federal Contract Tower,0,6,30,0,36,0,2,11,0,13,0,8,41,0,49,44,0,44,93
04/04/2022,OXR,CA,AWP,WE,Federal Contract Tower,0,7,22,0,29,0,5,37,3,45,0,12,59,3,74,74,0,74,148
04/05/2022,OXR,CA,AWP,WE,Federal Contract Tower,0,2,10,0,12,0,17,76,0,93,0,19,86,0,105,198,0,198,303
04/06/2022,OXR,CA,AWP,WE,Federal Contract Tower,0,7,17,0,24,0,8,78,2,88,0,15,95,2,112,246,0,246,358
04/07/2022,OXR,CA,AWP,WE,Federal Contract Tower,0,2,11,1,14,0,7,44,2,53,0,9,55,3,67,122,0,122,189
04/08/2022,OXR,CA,AWP,WE,Federal Contract Tower,0,3,12,0,15,0,12,70,0,82,0,15,82,0,97,276,0,276,373
04/09/2022,OXR,CA,AWP,WE,Federal Contract Tower,0,0,3,0,3,0,5,114,0,119,0,5,117,0,122,342,0,342,464
04/10/2022,OXR,CA,AWP,WE,Federal Contract Tower,0,2,34,0,36,0,2,45,0,47,0,4,79,0,83,130,0,130,213
04/11/2022,OXR,CA,AWP,WE,Federal Contract Tower,0,4,20,0,24,0,3,31,0,34,0,7,51,0,58,162,0,162,220
04/12/2022,OXR,CA,AWP,WE,Federal Contract Tower,0,2,12,0,14,0,13,31,0,44,0,15,43,0,58,202,0,202,260
04/13/2022,OXR,CA,AWP,WE,Federal Contract Tower,0,5,18,0,23,0,25,77,2,104,0,30,95,2,127,164,0,164,291
04/14/2022,OXR,CA,AWP,WE,Federal Contract Tower,0,2,16,0,18,0,14,87,2,103,0,16,103,2,121,206,0,206,327
04/15/2022,OXR,CA,AWP,WE,Federal Contract Tower,0,2,4,0,6,0,13,100,0,113,0,15,104,0,119,306,0,306,425
04/16/2022,OXR,CA,AWP,WE,Federal Contract Tower,0,0,18,0,18,0,10,52,0,62,0,10,70,0,80,140,0,140,220
04/17/2022,OXR,CA,AWP,WE,Federal Contract Tower,0,2,15,0,17,0,1,43,2,46,0,3,58,2,63,48,0,48,111
04/18/2022,OXR,CA,AWP,WE,Federal Contract Tower,0,5,10,0,15,0,3,91,3,97,0,8,101,3,112,388,0,388,500
04/19/2022,OXR,CA,AWP,WE,Federal Contract Tower,0,4,15,2,21,0,15,74,0,89,0,19,89,2,110,194,0,194,304
04/20/2022,OXR,CA,AWP,WE,Federal Contract Tower,0,2,19,2,23,0,4,71,2,77,0,6,90,4,100,232,0,232,332
04/21/2022,OXR,CA,AWP,WE,Federal Contract Tower,0,5,33,0,38,0,16,34,1,51,0,21,67,1,89,204,0,204,293
04/22/2022,OXR,CA,AWP,WE,Federal Contract Tower,0,2,13,0,15,0,20,18,0,38,0,22,31,0,53,50,0,50,103
04/23/2022,OXR,CA,AWP,WE,Federal Contract Tower,0,2,14,0,16,0,4,102,4,110,0,6,116,4,126,330,0,330,456
04/24/2022,OXR,CA,AWP,WE,Federal Contract Tower,0,1,14,0,15,0,3,59,0,62,0,4,73,0,77,96,0,96,173
04/25/2022,OXR,CA,AWP,WE,Federal Contract Tower,0,6,18,0,24,0,16,73,2,91,0,22,91,2,115,192,0,192,307
04/26/2022,OXR,CA,AWP,WE,Federal Contract Tower,0,2,12,0,14,0,9,83,0,92,0,11,95,0,106,214,0,214,320
04/27/2022,OXR,CA,AWP,WE,Federal Contract Tower,0,2,11,2,15,0,19,60,0,79,0,21,71,2,94,276,0,276,370
04/28/2022,OXR,CA,AWP,WE,Federal Contract Tower,0,2,37,0,39,0,3,87,4,94,0,5,124,4,133,334,0,334,467
04/29/2022,OXR,CA,AWP,WE,Federal Contract Tower,0,2,15,0,17,0,12,103,0,115,0,14,118,0,132,332,0,332,464
04/30/2022,OXR,CA,AWP,WE,Federal Contract Tower,0,0,16,0,16,0,2,100,0,102,0,2,116,0,118,270,0,270,388
05/01/2022,OXR,CA,AWP,WE,Federal Contract Tower,0,7,24,0,31,0,0,86,0,86,0,7,110,0,117,272,0,272,389
05/02/2022,OXR,CA,AWP,WE,Federal Contract Tower,0,2,28,0,30,0,8,47,2,57,0,10,75,2,87,208,0,208,295
05/03/2022,OXR,CA,AWP,WE,Federal Contract Tower,0,2,19,0,21,0,16,82,0,98,0,18,101,0,119,230,0,230,349
05/04/2022,OXR,CA,AWP,WE,Federal Contract Tower,0,5,11,0,16,0,20,104,3,127,0,25,115,3,143,166,0,166,309
05/05/2022,OXR,CA,AWP,WE,Federal Contract Tower,0,10,35,1,46,0,2,6,0,8,0,12,41,1,54,6,0,6,60
05/06/2022,OXR,CA,AWP,WE,Federal Contract Tower,0,2,15,0,17,0,13,91,0,104,0,15,106,0,121,276,0,276,397
05/07/2022,OXR,CA,AWP,WE,Federal Contract Tower,0,0,9,0,9,0,5,80,0,85,0,5,89,0,94,288,0,288,382
05/08/2022,OXR,CA,AWP,WE,Federal Contract Tower,0,1,25,0,26,0,7,38,2,47,0,8,63,2,73,126,0,126,199
05/09/2022,OXR,CA,AWP,WE,Federal Contract Tower,0,1,10,0,11,0,14,80,4,98,0,15,90,4,109,230,0,230,339
05/10/2022,OXR,CA,AWP,WE,Federal Contract Tower,0,7,23,0,30,0,4,69,3,76,0,11,92,3,106,254,0,254,360
05/11/2022,OXR,CA,AWP,WE,Federal Contract Tower,0,2,7,0,9,0,3,66,0,69,0,5,73,0,78,110,0,110,188
05/12/2022,OXR,CA,AWP,WE,Federal Contract Tower,0,2,25,2,29,0,11,78,0,89,0,13,103,2,118,240,0,240,358
05/13/2022,OXR,CA,AWP,WE,Federal Contract Tower,0,3,11,0,14,0,14,77,0,91,0,17,88,0,105,260,0,260,365
05/14/2022,OXR,CA,AWP,WE,Federal Contract Tower,0,1,13,0,14,0,2,99,0,101,0,3,112,0,115,316,0,316,431
05/15/2022,OXR,CA,AWP,WE,Federal Contract Tower,0,9,16,0,25,0,17,88,0,105,0,26,104,0,130,224,0,224,354
05/16/2022,OXR,CA,AWP,WE,Federal Contract Tower,0,6,10,0,16,0,16,47,0,63,0,22,57,0,79,36,0,36,115
05/17/2022,OXR,CA,AWP,WE,Federal Contract Tower,0,8,16,0,24,0,14,68,0,82,0,22,84,0,106,188,0,188,294
05/18/2022,OXR,CA,AWP,WE,Federal Contract Tower,0,9,17,0,26,0,15,54,0,69,0,24,71,0,95,136,0,136,231
05/19/2022,OXR,CA,AWP,WE,Federal Contract Tower,0,6,43,0,49,0,0,13,0,13,0,6,56,0,62,0,0,0,62
05/20/2022,OXR,CA,AWP,WE,Federal Contract Tower,0,7,30,0,37,0,12,25,0,37,0,19,55,0,74,134,0,134,208
05/21/2022,OXR,CA,AWP,WE,Federal Contract Tower,0,0,7,0,7,0,2,66,0,68,0,2,73,0,75,238,0,238,313
05/22/2022,OXR,CA,AWP,WE,Federal Contract Tower,0,6,17,0,23,0,5,49,0,54,0,11,66,0,77,112,0,112,189
05/23/2022,OXR,CA,AWP,WE,Federal Contract Tower,0,2,35,0,37,0,10,22,0,32,0,12,57,0,69,86,0,86,155
05/24/2022,OXR,CA,AWP,WE,Federal Contract Tower,0,6,41,0,47,0,15,35,0,50,0,21,76,0,97,18,0,18,115
05/25/2022,OXR,CA,AWP,WE,Federal Contract Tower,0,8,31,2,41,0,2,11,0,13,0,10,42,2,54,10,0,10,64
05/26/2022,OXR,CA,AWP,WE,Federal Contract Tower,0,8,31,0,39,0,9,33,0,42,0,17,64,0,81,116,0,116,197
05/27/2022,OXR,CA,AWP,WE,Federal Contract Tower,0,3,26,0,29,0,13,45,0,58,0,16,71,0,87,230,0,230,317
05/28/2022,OXR,CA,AWP,WE,Federal Contract Tower,0,5,29,0,34,0,4,50,0,54,0,9,79,0,88,148,0,148,236
05/29/2022,OXR,CA,AWP,WE,Federal Contract Tower,0,0,10,0,10,0,6,69,0,75,0,6,79,0,85,178,0,178,263
05/30/2022,OXR,CA,AWP,WE,Federal Contract Tower,0,2,15,0,17,0,12,50,0,62,0,14,65,0,79,162,0,162,241
05/31/2022,OXR,CA,AWP,WE,Federal Contract Tower,0,2,25,0,27,0,21,78,0,99,0,23,103,0,126,206,0,206,332
06/01/2022,OXR,CA,AWP,WE,Federal Contract Tower,0,9,11,1,21,0,9,57,1,67,0,18,68,2,88,150,0,150,238
06/02/2022,OXR,CA,AWP,WE,Federal Contract Tower,0,4,26,0,30,0,12,47,0,59,0,16,73,0,89,70,0,70,159
06/03/2022,OXR,CA,AWP,WE,Federal Contract Tower,0,4,40,0,44,0,20,25,0,45,0,24,65,0,89,42,0,42,131
06/04/2022,OXR,CA,AWP,WE,Federal Contract Tower,0,4,31,0,35,0,8,28,0,36,0,12,59,0,71,66,0,66,137
06/05/2022,OXR,CA,AWP,WE,Federal Contract Tower,0,0,6,0,6,0,6,64,0,70,0,6,70,0,76,178,0,178,254
06/06/2022,OXR,CA,AWP,WE,Federal Contract Tower,0,12,34,0,46,0,13,60,0,73,0,25,94,0,119,84,0,84,203
06/07/2022,OXR,CA,AWP,WE,Federal Contract Tower,0,10,28,0,38,0,41,24,0,65,0,51,52,0,103,32,0,32,135
06/08/2022,OXR,CA,AWP,WE,Federal Contract Tower,0,7,17,0,24,0,7,45,0,52,0,14,62,0,76,150,0,150,226
06/09/2022,OXR,CA,AWP,WE,Federal Contract Tower,0,11,29,0,40,0,5,3,0,8,0,16,32,0,48,0,0,0,48
06/10/2022,OXR,CA,AWP,WE,Federal Contract Tower,0,3,12,0,15,0,5,16,0,21,0,8,28,0,36,62,0,62,98
06/11/2022,OXR,CA,AWP,WE,Federal Contract Tower,0,1,30,0,31,0,4,6,0,10,0,5,36,0,41,4,0,4,45
06/12/2022,OXR,CA,AWP,WE,Federal Contract Tower,0,0,22,0,22,0,5,12,0,17,0,5,34,0,39,4,0,4,43
06/13/2022,OXR,CA,AWP,WE,Federal Contract Tower,0,7,10,0,17,0,7,43,0,50,0,14,53,0,67,138,0,138,205
06/14/2022,OXR,CA,AWP,WE,Federal Contract Tower,0,4,18,2,24,0,7,80,0,87,0,11,98,2,111,226,0,226,337
06/15/2022,OXR,CA,AWP,WE,Federal Contract Tower,0,2,12,1,15,0,5,56,1,62,0,7,68,2,77,212,0,212,289
06/16/2022,OXR,CA,AWP,WE,Federal Contract Tower,0,6,39,0,45,0,6,11,0,17,0,12,50,0,62,0,0,0,62
06/17/2022,OXR,CA,AWP,WE,Federal Contract Tower,0,2,12,0,14,0,3,73,0,76,0,5,85,0,90,254,0,254,344
06/18/2022,OXR,CA,AWP,WE,Federal Contract Tower,0,1,15,0,16,0,14,105,0,119,0,15,120,0,135,380,0,380,515
06/19/2022,OXR,CA,AWP,WE,Federal Contract Tower,0,2,5,0,7,0,3,52,0,55,0,5,57,0,62,108,0,108,170
06/20/2022,OXR,CA,AWP,WE,Federal Contract Tower,0,2,15,0,17,0,26,96,0,122,0,28,111,0,139,204,0,204,343
06/21/2022,OXR,CA,AWP,WE,Federal Contract Tower,0,2,8,3,13,0,15,86,1,102,0,17,94,4,115,202,0,202,317
06/22/2022,OXR,CA,AWP,WE,Federal Contract Tower,2,4,5,0,11,0,1,24,0,25,2,5,29,0,36,62,0,62,98
06/23/2022,OXR,CA,AWP,WE,Federal Contract Tower,0,3,37,0,40,0,22,84,0,106,0,25,121,0,146,172,0,172,318
06/24/2022,OXR,CA,AWP,WE,Federal Contract Tower,0,2,31,2,35,0,5,28,0,33,0,7,59,2,68,2,0,2,70
06/25/2022,OXR,CA,AWP,WE,Federal Contract Tower,0,2,19,0,21,0,1,67,0,68,0,3,86,0,89,88,0,88,177
06/26/2022,OXR,CA,AWP,WE,Federal Contract Tower,0,0,5,0,5,0,7,48,0,55,0,7,53,0,60,96,0,96,156
06/27/2022,OXR,CA,AWP,WE,Federal Contract Tower,0,8,18,0,26,0,10,62,0,72,0,18,80,0,98,90,0,90,188
06/28/2022,OXR,CA,AWP,WE,Federal Contract Tower,0,2,15,0,17,0,14,73,0,87,0,16,88,0,104,120,0,120,224
06/29/2022,OXR,CA,AWP,WE,Federal Contract Tower,0,2,13,0,15,0,7,41,0,48,0,9,54,0,63,84,0,84,147
06/30/2022,OXR,CA,AWP,WE,Federal Contract Tower,0,3,26,3,32,0,13,60,0,73,0,16,86,3,105,112,0,112,217
07/01/2022,OXR,CA,AWP,WE,Federal Contract Tower,0,7,12,0,19,0,8,49,0,57,0,15,61,0,76,196,0,196,272
07/02/2022,OXR,CA,AWP,WE,Federal Contract Tower,0,0,14,0,14,0,4,58,0,62,0,4,72,0,76,162,0,162,238
07/03/2022,OXR,CA,AWP,WE,Federal Contract Tower,0,0,11,0,11,0,3,57,0,60,0,3,68,0,71,136,0,136,207
07/04/2022,OXR,CA,AWP,WE,Federal Contract Tower,0,0,3,0,3,0,46,0,0,46,0,46,3,0,49,78,0,78,127
07/05/2022,OXR,CA,AWP,WE,Federal Contract Tower,0,2,29,0,31,0,7,49,0,56,0,9,78,0,87,80,0,80,167
07/06/2022,OXR,CA,AWP,WE,Federal Contract Tower,0,3,9,0,12,0,1,71,0,72,0,4,80,0,84,92,0,92,176
07/07/2022,OXR,CA,AWP,WE,Federal Contract Tower,0,2,9,0,11,0,9,72,0,81,0,11,81,0,92,230,0,230,322
07/08/2022,OXR,CA,AWP,WE,Federal Contract Tower,0,6,27,0,33,0,2,47,0,49,0,8,74,0,82,122,0,122,204
07/09/2022,OXR,CA,AWP,WE,Federal Contract Tower,0,7,24,0,31,0,0,17,0,17,0,7,41,0,48,22,0,22,70
07/10/2022,OXR,CA,AWP,WE,Federal Contract Tower,0,0,10,0,10,0,10,28,0,38,0,10,38,0,48,70,0,70,118
07/11/2022,OXR,CA,AWP,WE,Federal Contract Tower,0,6,23,0,29,0,3,13,0,16,0,9,36,0,45,0,0,0,45
07/12/2022,OXR,CA,AWP,WE,Federal Contract Tower,0,5,18,1,24,0,9,23,0,32,0,14,41,1,56,48,0,48,104
07/13/2022,OXR,CA,AWP,WE,Federal Contract Tower,0,5,23,0,28,0,0,0,0,0,0,5,23,0,28,0,0,0,28
07/14/2022,OXR,CA,AWP,WE,Federal Contract Tower,0,3,25,0,28,0,13,18,0,31,0,16,43,0,59,32,0,32,91
07/15/2022,OXR,CA,AWP,WE,Federal Contract Tower,0,7,35,0,42,0,6,54,0,60,0,13,89,0,102,170,0,170,272
07/16/2022,OXR,CA,AWP,WE,Federal Contract Tower,0,3,16,0,19,0,7,74,0,81,0,10,90,0,100,294,0,294,394
07/17/2022,OXR,CA,AWP,WE,Federal Contract Tower,0,6,18,0,24,0,3,28,0,31,0,9,46,0,55,58,0,58,113
07/18/2022,OXR,CA,AWP,WE,Federal Contract Tower,0,4,14,0,18,0,13,40,4,57,0,17,54,4,75,94,0,94,169
07/19/2022,OXR,CA,AWP,WE,Federal Contract Tower,0,6,12,0,18,0,3,32,0,35,0,9,44,0,53,54,0,54,107
07/20/2022,OXR,CA,AWP,WE,Federal Contract Tower,0,4,11,0,15,0,20,67,0,87,0,24,78,0,102,264,0,264,366
07/21/2022,OXR,CA,AWP,WE,Federal Contract Tower,0,8,10,0,18,0,9,83,0,92,0,17,93,0,110,242,0,242,352
07/22/2022,OXR,CA,AWP,WE,Federal Contract Tower,0,7,19,0,26,0,9,63,0,72,0,16,82,0,98,240,0,240,338
07/23/2022,OXR,CA,AWP,WE,Federal Contract Tower,0,0,28,0,28,0,4,22,0,26,0,4,50,0,54,56,0,56,110
07/24/2022,OXR,CA,AWP,WE,Federal Contract Tower,0,4,29,0,33,0,3,17,0,20,0,7,46,0,53,38,0,38,91
07/25/2022,OXR,CA,AWP,WE,Federal Contract Tower,0,9,39,0,48,0,4,7,0,11,0,13,46,0,59,10,0,10,69
07/26/2022,OXR,CA,AWP,WE,Federal Contract Tower,0,18,30,0,48,0,5,2,0,7,0,23,32,0,55,0,0,0,55
07/27/2022,OXR,CA,AWP,WE,Federal Contract Tower,0,8,23,0,31,0,2,12,0,14,0,10,35,0,45,6,0,6,51
07/28/2022,OXR,CA,AWP,WE,Federal Contract Tower,0,8,17,0,25,0,14,76,0,90,0,22,93,0,115,348,0,348,463
07/29/2022,OXR,CA,AWP,WE,Federal Contract Tower,0,5,11,0,16,0,1,55,0,56,0,6,66,0,72,300,0,300,372
07/30/2022,OXR,CA,AWP,WE,Federal Contract Tower,0,1,11,0,12,0,6,92,0,98,0,7,103,0,110,260,0,260,370
07/31/2022,OXR,CA,AWP,WE,Federal Contract Tower,0,9,20,0,29,0,8,72,0,80,0,17,92,0,109,150,0,150,259
08/01/2022,OXR,CA,AWP,WE,Federal Contract Tower,0,4,20,0,24,0,6,55,0,61,0,10,75,0,85,204,0,204,289
08/02/2022,OXR,CA,AWP,WE,Federal Contract Tower,0,8,9,0,17,0,12,47,0,59,0,20,56,0,76,186,0,186,262
08/03/2022,OXR,CA,AWP,WE,Federal Contract Tower,0,2,4,0,6,0,3,56,0,59,0,5,60,0,65,172,0,172,237
08/04/2022,OXR,CA,AWP,WE,Federal Contract Tower,0,2,11,0,13,0,4,54,0,58,0,6,65,0,71,230,0,230,301
08/05/2022,OXR,CA,AWP,WE,Federal Contract Tower,0,2,14,0,16,0,10,76,0,86,0,12,90,0,102,208,0,208,310
08/06/2022,OXR,CA,AWP,WE,Federal Contract Tower,0,1,29,0,30,0,3,89,0,92,0,4,118,0,122,190,0,190,312
08/07/2022,OXR,CA,AWP,WE,Federal Contract Tower,0,1,14,0,15,0,7,97,0,104,0,8,111,0,119,218,0,218,337
08/08/2022,OXR,CA,AWP,WE,Federal Contract Tower,0,2,20,0,22,0,12,95,0,107,0,14,115,0,129,196,0,196,325
08/09/2022,OXR,CA,AWP,WE,Federal Contract Tower,0,2,9,2,13,0,10,82,0,92,0,12,91,2,105,180,0,180,285
08/10/2022,OXR,CA,AWP,WE,Federal Contract Tower,0,2,13,0,15,0,18,73,0,91,0,20,86,0,106,164,0,164,270
08/11/2022,OXR,CA,AWP,WE,Federal Contract Tower,0,6,25,0,31,0,6,90,0,96,0,12,115,0,127,180,0,180,307
08/12/2022,OXR,CA,AWP,WE,Federal Contract Tower,0,4,6,0,10,0,18,103,0,121,0,22,109,0,131,338,0,338,469
08/13/2022,OXR,CA,AWP,WE,Federal Contract Tower,0,1,6,0,7,0,10,105,0,115,0,11,111,0,122,282,0,282,404
08/14/2022,OXR,CA,AWP,WE,Federal Contract Tower,0,0,15,0,15,0,12,68,0,80,0,12,83,0,95,252,0,252,347
08/15/2022,OXR,CA,AWP,WE,Federal Contract Tower,0,2,13,0,15,0,10,77,0,87,0,12,90,0,102,260,0,260,362
08/16/2022,OXR,CA,AWP,WE,Federal Contract Tower,0,5,13,0,18,0,5,53,0,58,0,10,66,0,76,158,0,158,234
08/17/2022,OXR,CA,AWP,WE,Federal Contract Tower,0,3,10,1,14,0,9,74,0,83,0,12,84,1,97,146,0,146,243
08/18/2022,OXR,CA,AWP,WE,Federal Contract Tower,0,5,23,0,28,0,0,11,0,11,0,5,34,0,39,0,0,0,39
08/19/2022,OXR,CA,AWP,WE,Federal Contract Tower,0,2,30,0,32,0,4,62,0,66,0,6,92,0,98,24,0,24,122
08/20/2022,OXR,CA,AWP,WE,Federal Contract Tower,0,4,23,0,27,0,20,63,0,83,0,24,86,0,110,138,0,138,248
08/21/2022,OXR,CA,AWP,WE,Federal Contract Tower,0,5,25,0,30,0,6,44,0,50,0,11,69,0,80,120,0,120,200
08/22/2022,OXR,CA,AWP,WE,Federal Contract Tower,0,6,27,0,33,0,0,3,0,3,0,6,30,0,36,0,0,0,36
08/23/2022,OXR,CA,AWP,WE,Federal Contract Tower,0,2,29,0,31,0,0,37,0,37,0,2,66,0,68,46,0,46,114
08/24/2022,OXR,CA,AWP,WE,Federal Contract Tower,0,7,11,0,18,0,1,32,0,33,0,8,43,0,51,96,0,96,147
08/25/2022,OXR,CA,AWP,WE,Federal Contract Tower,0,6,24,0,30,0,3,28,0,31,0,9,52,0,61,6,0,6,67
08/26/2022,OXR,CA,AWP,WE,Federal Contract Tower,0,5,46,0,51,0,2,6,0,8,0,7,52,0,59,42,0,42,101
08/27/2022,OXR,CA,AWP,WE,Federal Contract Tower,0,3,8,0,11,0,3,36,0,39,0,6,44,0,50,98,0,98,148
08/28/2022,OXR,CA,AWP,WE,Federal Contract Tower,0,0,21,0,21,0,5,90,0,95,0,5,111,0,116,146,0,146,262
08/29/2022,OXR,CA,AWP,WE,Federal Contract Tower,0,2,11,0,13,0,9,60,0,69,0,11,71,0,82,168,0,168,250
08/30/2022,OXR,CA,AWP,WE,Federal Contract Tower,0,12,12,2,26,0,16,66,0,82,0,28,78,2,108,90,0,90,198
08/31/2022,OXR,CA,AWP,WE,Federal Contract Tower,0,2,7,0,9,0,7,64,0,71,0,9,71,0,80,172,0,172,252
09/01/2022,OXR,CA,AWP,WE,Federal Contract Tower,0,3,11,0,14,0,7,88,0,95,0,10,99,0,109,184,0,184,293
09/02/2022,OXR,CA,AWP,WE,Federal Contract Tower,0,3,6,0,9,0,9,95,0,104,0,12,101,0,113,218,0,218,331
09/03/2022,OXR,CA,AWP,WE,Federal Contract Tower,0,1,4,0,5,0,7,83,0,90,0,8,87,0,95,296,0,296,391
09/04/2022,OXR,CA,AWP,WE,Federal Contract Tower,0,4,5,0,9,0,10,62,0,72,0,14,67,0,81,176,0,176,257
09/05/2022,OXR,CA,AWP,WE,Federal Contract Tower,0,0,15,0,15,0,2,60,0,62,0,2,75,0,77,70,0,70,147
09/06/2022,OXR,CA,AWP,WE,Federal Contract Tower,0,2,9,0,11,0,18,74,0,92,0,20,83,0,103,164,0,164,267
09/07/2022,OXR,CA,AWP,WE,Federal Contract Tower,0,2,14,2,18,0,7,73,0,80,0,9,87,2,98,178,0,178,276
09/08/2022,OXR,CA,AWP,WE,Federal Contract Tower,0,3,14,0,17,0,10,73,0,83,0,13,87,0,100,162,0,162,262
09/09/2022,OXR,CA,AWP,WE,Federal Contract Tower,0,2,14,0,16,0,15,71,0,86,0,17,85,0,102,114,0,114,216
09/10/2022,OXR,CA,AWP,WE,Federal Contract Tower,0,0,16,0,16,0,1,37,0,38,0,1,53,0,54,126,0,126,180
09/11/2022,OXR,CA,AWP,WE,Federal Contract Tower,0,3,19,0,22,0,12,59,0,71,0,15,78,0,93,244,0,244,337
09/12/2022,OXR,CA,AWP,WE,Federal Contract Tower,0,4,10,1,15,0,13,81,7,101,0,17,91,8,116,254,0,254,370
09/13/2022,OXR,CA,AWP,WE,Federal Contract Tower,0,4,10,0,14,0,15,87,0,102,0,19,97,0,116,92,0,92,208
09/14/2022,OXR,CA,AWP,WE,Federal Contract Tower,0,2,2,0,4,0,13,63,0,76,0,15,65,0,80,80,0,80,160
09/15/2022,OXR,CA,AWP,WE,Federal Contract Tower,0,5,30,0,35,0,9,80,0,89,0,14,110,0,124,168,0,168,292
09/16/2022,OXR,CA,AWP,WE,Federal Contract Tower,0,2,21,0,23,0,9,100,0,109,0,11,121,0,132,238,0,238,370
09/17/2022,OXR,CA,AWP,WE,Federal Contract Tower,0,0,18,0,18,0,6,58,0,64,0,6,76,0,82,120,0,120,202
09/18/2022,OXR,CA,AWP,WE,Federal Contract Tower,0,0,11,0,11,0,5,54,0,59,0,5,65,0,70,166,0,166,236
09/19/2022,OXR,CA,AWP,WE,Federal Contract Tower,0,2,12,0,14,0,23,53,0,76,0,25,65,0,90,108,0,108,198
09/20/2022,OXR,CA,AWP,WE,Federal Contract Tower,0,11,26,0,37,0,8,24,0,32,0,19,50,0,69,74,0,74,143
09/21/2022,OXR,CA,AWP,WE,Federal Contract Tower,0,3,8,0,11,0,17,69,0,86,0,20,77,0,97,238,0,238,335
09/22/2022,OXR,CA,AWP,WE,Federal Contract Tower,0,7,21,0,28,0,2,78,0,80,0,9,99,0,108,158,0,158,266
09/23/2022,OXR,CA,AWP,WE,Federal Contract Tower,0,6,15,0,21,0,19,78,0,97,0,25,93,0,118,224,0,224,342
09/24/2022,OXR,CA,AWP,WE,Federal Contract Tower,0,0,5,0,5,0,10,111,0,121,0,10,116,0,126,172,0,172,298
09/25/2022,OXR,CA,AWP,WE,Federal Contract Tower,0,2,14,0,16,0,5,76,0,81,0,7,90,0,97,154,0,154,251
09/26/2022,OXR,CA,AWP,WE,Federal Contract Tower,0,2,6,0,8,0,14,79,0,93,0,16,85,0,101,232,0,232,333
09/27/2022,OXR,CA,AWP,WE,Federal Contract Tower,0,5,10,0,15,0,5,97,0,102,0,10,107,0,117,168,0,168,285
09/28/2022,OXR,CA,AWP,WE,Federal Contract Tower,0,2,21,0,23,0,13,86,0,99,0,15,107,0,122,206,0,206,328
09/29/2022,OXR,CA,AWP,WE,Federal Contract Tower,0,2,30,0,32,0,2,49,0,51,0,4,79,0,83,164,0,164,247
09/30/2022,OXR,CA,AWP,WE,Federal Contract Tower,0,5,25,1,31,0,10,66,0,76,0,15,91,1,107,262,0,262,369
10/01/2022,OXR,CA,AWP,WE,Federal Contract Tower,0,1,9,0,10,0,9,44,0,53,0,10,53,0,63,152,0,152,215
10/02/2022,OXR,CA,AWP,WE,Federal Contract Tower,0,4,12,0,16,0,3,56,0,59,0,7,68,0,75,202,0,202,277
10/03/2022,OXR,CA,AWP,WE,Federal Contract Tower,0,2,17,0,19,0,9,53,0,62,0,11,70,0,81,134,0,134,215
10/04/2022,OXR,CA,AWP,WE,Federal Contract Tower,0,2,12,0,14,0,7,103,0,110,0,9,115,0,124,210,0,210,334
10/05/2022,OXR,CA,AWP,WE,Federal Contract Tower,0,7,33,0,40,0,10,13,2,25,0,17,46,2,65,26,8,34,99
10/06/2022,OXR,CA,AWP,WE,Federal Contract Tower,0,9,37,0,46,0,6,1,0,7,0,15,38,0,53,0,0,0,53
10/07/2022,OXR,CA,AWP,WE,Federal Contract Tower,0,18,41,0,59,0,0,0,0,0,0,18,41,0,59,0,0,0,59
10/08/2022,OXR,CA,AWP,WE,Federal Contract Tower,0,7,38,0,45,0,0,0,0,0,0,7,38,0,45,0,0,0,45
10/09/2022,OXR,CA,AWP,WE,Federal Contract Tower,0,4,31,0,35,0,0,2,0,2,0,4,33,0,37,0,0,0,37
10/10/2022,OXR,CA,AWP,WE,Federal Contract Tower,0,5,23,0,28,0,11,19,0,30,0,16,42,0,58,58,0,58,116
10/11/2022,OXR,CA,AWP,WE,Federal Contract Tower,0,6,32,0,38,0,1,19,0,20,0,7,51,0,58,108,0,108,166
10/12/2022,OXR,CA,AWP,WE,Federal Contract Tower,0,2,17,0,19,0,9,23,0,32,0,11,40,0,51,42,0,42,93
10/13/2022,OXR,CA,AWP,WE,Federal Contract Tower,0,8,6,0,14,0,12,10,0,22,0,20,16,0,36,44,0,44,80
10/14/2022,OXR,CA,AWP,WE,Federal Contract Tower,0,10,38,0,48,0,4,18,0,22,0,14,56,0,70,212,0,212,282
10/15/2022,OXR,CA,AWP,WE,Federal Contract Tower,0,3,23,0,26,0,3,17,0,20,0,6,40,0,46,164,0,164,210
10/16/2022,OXR,CA,AWP,WE,Federal Contract Tower,0,3,22,0,25,0,2,55,0,57,0,5,77,0,82,154,0,154,236
10/17/2022,OXR,CA,AWP,WE,Federal Contract Tower,0,1,12,2,15,0,9,72,0,81,0,10,84,2,96,210,0,210,306
10/18/2022,OXR,CA,AWP,WE,Federal Contract Tower,0,3,16,0,19,0,3,99,0,102,0,6,115,0,121,140,0,140,261
10/19/2022,OXR,CA,AWP,WE,Federal Contract Tower,0,7,12,1,20,0,21,101,0,122,0,28,113,1,142,202,0,202,344
10/20/2022,OXR,CA,AWP,WE,Federal Contract Tower,0,2,19,0,21,0,13,85,0,98,0,15,104,0,119,242,0,242,361
10/21/2022,OXR,CA,AWP,WE,Federal Contract Tower,0,8,21,0,29,0,17,46,0,63,0,25,67,0,92,124,0,124,216
10/22/2022,OXR,CA,AWP,WE,Federal Contract Tower,0,5,21,0,26,0,1,25,0,26,0,6,46,0,52,118,0,118,170
10/23/2022,OXR,CA,AWP,WE,Federal Contract Tower,0,4,14,0,18,0,1,59,0,60,0,5,73,0,78,228,0,228,306
10/24/2022,OXR,CA,AWP,WE,Federal Contract Tower,0,3,18,0,21,0,13,37,2,52,0,16,55,2,73,80,6,86,159
10/25/2022,OXR,CA,AWP,WE,Federal Contract Tower,0,2,16,0,18,0,11,78,0,89,0,13,94,0,107,156,0,156,263
10/26/2022,OXR,CA,AWP,WE,Federal Contract Tower,0,4,14,2,20,0,7,93,0,100,0,11,107,2,120,194,0,194,314
10/27/2022,OXR,CA,AWP,WE,Federal Contract Tower,0,8,15,0,23,0,17,81,0,98,0,25,96,0,121,138,0,138,259
10/28/2022,OXR,CA,AWP,WE,Federal Contract Tower,0,15,20,0,35,0,21,101,0,122,0,36,121,0,157,266,0,266,423
10/29/2022,OXR,CA,AWP,WE,Federal Contract Tower,0,0,4,0,4,0,5,73,0,78,0,5,77,0,82,252,0,252,334
10/30/2022,OXR,CA,AWP,WE,Federal Contract Tower,0,3,8,0,11,0,11,73,0,84,0,14,81,0,95,196,0,196,291
10/31/2022,OXR,CA,AWP,WE,Federal Contract Tower,0,1,10,4,15,0,7,69,0,76,0,8,79,4,91,184,0,184,275
11/01/2022,OXR,CA,AWP,WE,Federal Contract Tower,0,2,24,0,26,0,23,40,0,63,0,25,64,0,89,86,0,86,175
11/02/2022,OXR,CA,AWP,WE,Federal Contract Tower,0,4,8,0,12,0,2,28,0,30,0,6,36,0,42,30,0,30,72
11/03/2022,OXR,CA,AWP,WE,Federal Contract Tower,0,4,11,0,15,0,2,50,0,52,0,6,61,0,67,84,0,84,151
11/04/2022,OXR,CA,AWP,WE,Federal Contract Tower,0,2,16,0,18,0,22,89,0,111,0,24,105,0,129,208,0,208,337
11/05/2022,OXR,CA,AWP,WE,Federal Contract Tower,0,0,11,0,11,0,4,114,0,118,0,4,125,0,129,368,0,368,497
11/06/2022,OXR,CA,AWP,WE,Federal Contract Tower,0,0,43,0,43,0,0,38,0,38,0,0,81,0,81,132,0,132,213
11/07/2022,OXR,CA,AWP,WE,Federal Contract Tower,0,4,23,0,27,0,0,0,0,0,0,4,23,0,27,0,0,0,27
11/08/2022,OXR,CA,AWP,WE,Federal Contract Tower,0,3,11,8,22,0,0,0,0,0,0,3,11,8,22,0,0,0,22
11/09/2022,OXR,CA,AWP,WE,Federal Contract Tower,0,5,5,0,10,0,10,71,0,81,0,15,76,0,91,172,0,172,263
11/10/2022,OXR,CA,AWP,WE,Federal Contract Tower,0,3,12,0,15,0,16,99,0,115,0,19,111,0,130,194,0,194,324
11/11/2022,OXR,CA,AWP,WE,Federal Contract Tower,0,4,7,0,11,0,6,88,0,94,0,10,95,0,105,286,0,286,391
11/12/2022,OXR,CA,AWP,WE,Federal Contract Tower,0,2,17,0,19,0,0,113,0,113,0,2,130,0,132,260,0,260,392
11/14/2022,OXR,CA,AWP,WE,Federal Contract Tower,0,10,11,0,21,0,11,68,2,81,0,21,79,2,102,146,0,146,248
11/15/2022,OXR,CA,AWP,WE,Federal Contract Tower,0,4,7,1,12,0,15,38,0,53,0,19,45,1,65,40,0,40,105
11/16/2022,OXR,CA,AWP,WE,Federal Contract Tower,0,2,9,0,11,0,3,21,0,24,0,5,30,0,35,12,0,12,47
11/17/2022,OXR,CA,AWP,WE,Federal Contract Tower,0,5,21,2,28,0,6,65,0,71,0,11,86,2,99,196,0,196,295
11/18/2022,OXR,CA,AWP,WE,Federal Contract Tower,0,7,20,0,27,0,28,92,0,120,0,35,112,0,147,254,0,254,401
11/19/2022,OXR,CA,AWP,WE,Federal Contract Tower,0,4,3,0,7,0,2,9,0,11,0,6,12,0,18,8,0,8,26
11/20/2022,OXR,CA,AWP,WE,Federal Contract Tower,0,2,10,0,12,0,6,68,0,74,0,8,78,0,86,244,0,244,330
11/21/2022,OXR,CA,AWP,WE,Federal Contract Tower,0,2,6,0,8,0,4,85,0,89,0,6,91,0,97,270,0,270,367
11/22/2022,OXR,CA,AWP,WE,Federal Contract Tower,0,2,14,0,16,0,13,87,0,100,0,15,101,0,116,254,0,254,370
11/23/2022,OXR,CA,AWP,WE,Federal Contract Tower,0,4,10,0,14,0,3,71,0,74,0,7,81,0,88,134,0,134,222
11/24/2022,OXR,CA,AWP,WE,Federal Contract Tower,0,0,1,0,1,0,0,2,0,2,0,0,3,0,3,0,0,0,3
11/25/2022,OXR,CA,AWP,WE,Federal Contract Tower,0,4,13,0,17,0,0,66,0,66,0,4,79,0,83,140,0,140,223
11/26/2022,OXR,CA,AWP,WE,Federal Contract Tower,0,0,12,0,12,0,0,68,0,68,0,0,80,0,80,142,0,142,222
11/27/2022,OXR,CA,AWP,WE,Federal Contract Tower,0,4,13,0,17,0,2,76,0,78,0,6,89,0,95,122,0,122,217
11/28/2022,OXR,CA,AWP,WE,Federal Contract Tower,0,5,31,0,36,0,5,35,0,40,0,10,66,0,76,86,0,86,162
11/29/2022,OXR,CA,AWP,WE,Federal Contract Tower,0,6,16,0,22,0,8,64,0,72,0,14,80,0,94,112,0,112,206
11/30/2022,OXR,CA,AWP,WE,Federal Contract Tower,0,7,15,0,22,0,6,37,0,43,0,13,52,0,65,154,0,154,219
12/01/2022,OXR,CA,AWP,WE,Federal Contract Tower,0,3,30,0,33,0,9,6,0,15,0,12,36,0,48,40,0,40,88
12/02/2022,OXR,CA,AWP,WE,Federal Contract Tower,0,3,8,0,11,0,0,0,0,0,0,3,8,0,11,4,0,4,15
12/03/2022,OXR,CA,AWP,WE,Federal Contract Tower,0,3,17,0,20,0,1,55,0,56,0,4,72,0,76,212,0,212,288
12/04/2022,OXR,CA,AWP,WE,Federal Contract Tower,0,1,20,1,22,0,0,0,0,0,0,1,20,1,22,0,0,0,22
12/05/2022,OXR,CA,AWP,WE,Federal Contract Tower,0,2,15,0,17,0,25,58,0,83,0,27,73,0,100,174,0,174,274
12/06/2022,OXR,CA,AWP,WE,Federal Contract Tower,0,2,8,0,10,0,13,51,0,64,0,15,59,0,74,124,0,124,198
12/07/2022,OXR,CA,AWP,WE,Federal Contract Tower,0,4,11,0,15,0,23,67,0,90,0,27,78,0,105,212,0,212,317
12/08/2022,OXR,CA,AWP,WE,Federal Contract Tower,0,5,18,0,23,0,21,95,0,116,0,26,113,0,139,256,0,256,395
12/09/2022,OXR,CA,AWP,WE,Federal Contract Tower,0,4,24,0,28,0,17,81,0,98,0,21,105,0,126,200,0,200,326
12/10/2022,OXR,CA,AWP,WE,Federal Contract Tower,0,2,10,0,12,0,1,27,0,28,0,3,37,0,40,164,0,164,204
12/11/2022,OXR,CA,AWP,WE,Federal Contract Tower,0,0,11,0,11,0,4,5,0,9,0,4,16,0,20,10,0,10,30
12/12/2022,OXR,CA,AWP,WE,Federal Contract Tower,0,2,6,0,8,0,8,34,0,42,0,10,40,0,50,166,0,166,216
12/13/2022,OXR,CA,AWP,WE,Federal Contract Tower,0,3,8,0,11,7,85,0,0,92,7,88,8,0,103,165,0,165,268
12/14/2022,OXR,CA,AWP,WE,Federal Contract Tower,0,4,8,0,12,0,26,65,0,91,0,30,73,0,103,136,0,136,239
12/15/2022,OXR,CA,AWP,WE,Federal Contract Tower,0,2,23,0,25,0,3,91,0,94,0,5,114,0,119,180,0,180,299
12/16/2022,OXR,CA,AWP,WE,Federal Contract Tower,0,4,3,0,7,0,8,55,0,63,0,12,58,0,70,92,0,92,162
12/17/2022,OXR,CA,AWP,WE,Federal Contract Tower,0,1,8,0,9,0,8,68,0,76,0,9,76,0,85,234,0,234,319
12/18/2022,OXR,CA,AWP,WE,Federal Contract Tower,0,0,12,0,12,0,2,89,0,91,0,2,101,0,103,224,0,224,327
12/19/2022,OXR,CA,AWP,WE,Federal Contract Tower,0,2,13,0,15,0,5,48,0,53,0,7,61,0,68,104,0,104,172
12/20/2022,OXR,CA,AWP,WE,Federal Contract Tower,0,4,5,0,9,0,11,97,0,108,0,15,102,0,117,156,0,156,273
12/21/2022,OXR,CA,AWP,WE,Federal Contract Tower,0,4,25,0,29,0,6,80,0,86,0,10,105,0,115,158,0,158,273
12/22/2022,OXR,CA,AWP,WE,Federal Contract Tower,0,6,9,2,17,0,1,79,0,80,0,7,88,2,97,116,0,116,213
12/23/2022,OXR,CA,AWP,WE,Federal Contract Tower,0,3,11,2,16,0,4,56,0,60,0,7,67,2,76,158,0,158,234
12/24/2022,OXR,CA,AWP,WE,Federal Contract Tower,0,1,8,0,9,0,1,38,0,39,0,2,46,0,48,28,0,28,76
12/25/2022,OXR,CA,AWP,WE,Federal Contract Tower,0,0,7,0,7,0,0,11,0,11,0,0,18,0,18,6,0,6,24
12/26/2022,OXR,CA,AWP,WE,Federal Contract Tower,0,2,9,0,11,0,6,76,0,82,0,8,85,0,93,104,0,104,197
12/27/2022,OXR,CA,AWP,WE,Federal Contract Tower,0,4,20,0,24,0,2,12,0,14,0,6,32,0,38,50,0,50,88
12/28/2022,OXR,CA,AWP,WE,Federal Contract Tower,0,2,13,0,15,0,4,41,0,45,0,6,54,0,60,110,0,110,170
12/29/2022,OXR,CA,AWP,WE,Federal Contract Tower,0,9,18,0,27,0,5,16,0,21,0,14,34,0,48,52,0,52,100
12/30/2022,OXR,CA,AWP,WE,Federal Contract Tower,0,15,14,0,29,0,4,4,0,8,0,19,18,0,37,12,0,12,49
12/31/2022,OXR,CA,AWP,WE,Federal Contract Tower,0,0,4,0,4,0,0,0,0,0,0,0,4,0,4,0,0,0,4
01/01/2023,OXR,CA,AWP,WE,Federal Contract Tower,0,4,7,0,11,0,0,2,0,2,0,4,9,0,13,0,0,0,13
01/02/2023,OXR,CA,AWP,WE,Federal Contract Tower,0,0,16,0,16,0,4,71,0,75,0,4,87,0,91,206,0,206,297
01/03/2023,OXR,CA,AWP,WE,Federal Contract Tower,0,0,21,0,21,0,11,8,0,19,0,11,29,0,40,72,0,72,112
01/04/2023,OXR,CA,AWP,WE,Federal Contract Tower,0,3,9,0,12,0,3,0,0,3,0,6,9,0,15,0,0,0,15
01/05/2023,OXR,CA,AWP,WE,Federal Contract Tower,0,5,5,0,10,0,15,4,2,21,0,20,9,2,31,36,12,48,79
01/06/2023,OXR,CA,AWP,WE,Federal Contract Tower,0,2,15,0,17,0,14,95,0,109,0,16,110,0,126,228,0,228,354
01/07/2023,OXR,CA,AWP,WE,Federal Contract Tower,0,4,21,0,25,0,13,94,0,107,0,17,115,0,132,288,0,288,420
01/08/2023,OXR,CA,AWP,WE,Federal Contract Tower,0,10,9,0,19,0,4,32,0,36,0,14,41,0,55,166,0,166,221
01/09/2023,OXR,CA,AWP,WE,Federal Contract Tower,0,14,0,4,18,0,0,0,0,0,0,14,0,4,18,0,0,0,18
01/10/2023,OXR,CA,AWP,WE,Federal Contract Tower,0,9,4,0,13,0,9,8,0,17,0,18,12,0,30,0,0,0,30
01/11/2023,OXR,CA,AWP,WE,Federal Contract Tower,0,3,13,2,18,0,11,54,0,65,0,14,67,2,83,104,0,104,187
01/12/2023,OXR,CA,AWP,WE,Federal Contract Tower,0,3,5,0,8,0,15,41,0,56,0,18,46,0,64,66,0,66,130
01/13/2023,OXR,CA,AWP,WE,Federal Contract Tower,0,9,11,0,20,0,27,90,0,117,0,36,101,0,137,278,0,278,415
01/14/2023,OXR,CA,AWP,WE,Federal Contract Tower,0,4,9,0,13,0,0,0,0,0,0,4,9,0,13,0,0,0,13
01/15/2023,OXR,CA,AWP,WE,Federal Contract Tower,0,0,16,0,16,0,4,25,0,29,0,4,41,0,45,2,154,156,201
01/16/2023,OXR,CA,AWP,WE,Federal Contract Tower,0,2,10,0,12,0,2,6,0,8,0,4,16,0,20,6,0,6,26
01/17/2023,OXR,CA,AWP,WE,Federal Contract Tower,0,7,7,0,14,0,21,81,0,102,0,28,88,0,116,130,0,130,246
01/18/2023,OXR,CA,AWP,WE,Federal Contract Tower,0,3,21,0,24,0,24,115,0,139,0,27,136,0,163,164,0,164,327
01/19/2023,OXR,CA,AWP,WE,Federal Contract Tower,0,4,13,0,17,0,29,32,0,61,0,33,45,0,78,102,0,102,180
01/20/2023,OXR,CA,AWP,WE,Federal Contract Tower,0,2,14,0,16,0,8,72,0,80,0,10,86,0,96,188,0,188,284
01/21/2023,OXR,CA,AWP,WE,Federal Contract Tower,0,0,13,0,13,0,4,82,0,86,0,4,95,0,99,162,0,162,261
01/22/2023,OXR,CA,AWP,WE,Federal Contract Tower,0,0,18,2,20,0,4,66,0,70,0,4,84,2,90,246,0,246,336
01/23/2023,OXR,CA,AWP,WE,Federal Contract Tower,0,5,5,0,10,0,10,57,0,67,0,15,62,0,77,80,0,80,157
01/24/2023,OXR,CA,AWP,WE,Federal Contract Tower,0,2,15,0,17,0,25,65,0,90,0,27,80,0,107,120,0,120,227
01/25/2023,OXR,CA,AWP,WE,Federal Contract Tower,2,8,0,0,10,0,6,58,0,64,2,14,58,0,74,66,0,66,140
01/26/2023,OXR,CA,AWP,WE,Federal Contract Tower,0,5,12,0,17,0,10,7,0,17,0,15,19,0,34,0,0,0,34
01/27/2023,OXR,CA,AWP,WE,Federal Contract Tower,0,3,12,0,15,0,12,96,0,108,0,15,108,0,123,264,0,264,387
01/28/2023,OXR,CA,AWP,WE,Federal Contract Tower,0,0,13,0,13,0,9,104,0,113,0,9,117,0,126,274,0,274,400
01/29/2023,OXR,CA,AWP,WE,Federal Contract Tower,0,2,25,0,27,0,6,23,0,29,0,8,48,0,56,182,0,182,238
01/31/2023,OXR,CA,AWP,WE,Federal Contract Tower,0,2,6,0,8,0,11,20,0,31,0,13,26,0,39,12,0,12,51
02/01/2023,OXR,CA,AWP,WE,Federal Contract Tower,0,2,8,0,10,0,23,79,0,102,0,25,87,0,112,164,0,164,276
02/02/2023,OXR,CA,AWP,WE,Federal Contract Tower,0,2,5,0,7,0,8,90,0,98,0,10,95,0,105,232,0,232,337
02/03/2023,OXR,CA,AWP,WE,Federal Contract Tower,0,2,9,2,13,0,17,84,0,101,0,19,93,2,114,306,0,306,420
02/04/2023,OXR,CA,AWP,WE,Federal Contract Tower,0,4,9,0,13,0,9,118,0,127,0,13,127,0,140,292,0,292,432
02/05/2023,OXR,CA,AWP,WE,Federal Contract Tower,0,5,1,0,6,0,2,25,0,27,0,7,26,0,33,86,0,86,119
02/06/2023,OXR,CA,AWP,WE,Federal Contract Tower,0,4,13,0,17,0,21,74,0,95,0,25,87,0,112,154,0,154,266
02/07/2023,OXR,CA,AWP,WE,Federal Contract Tower,0,2,13,0,15,0,19,84,0,103,0,21,97,0,118,180,0,180,298
02/08/2023,OXR,CA,AWP,WE,Federal Contract Tower,0,2,8,0,10,0,9,88,0,97,0,11,96,0,107,232,0,232,339
02/09/2023,OXR,CA,AWP,WE,Federal Contract Tower,0,2,9,2,13,0,43,34,0,77,0,45,43,2,90,84,0,84,174
02/10/2023,OXR,CA,AWP,WE,Federal Contract Tower,0,2,15,0,17,0,6,69,0,75,0,8,84,0,92,254,0,254,346
02/11/2023,OXR,CA,AWP,WE,Federal Contract Tower,0,2,10,0,12,0,2,44,0,46,0,4,54,0,58,162,0,162,220
02/12/2023,OXR,CA,AWP,WE,Federal Contract Tower,0,2,13,0,15,0,4,92,0,96,0,6,105,0,111,242,0,242,353
02/13/2023,OXR,CA,AWP,WE,Federal Contract Tower,0,2,11,0,13,0,0,54,0,54,0,2,65,0,67,172,0,172,239
02/14/2023,OXR,CA,AWP,WE,Federal Contract Tower,0,10,5,0,15,0,0,29,0,29,0,10,34,0,44,34,0,34,78
02/15/2023,OXR,CA,AWP,WE,Federal Contract Tower,0,2,9,0,11,0,8,78,0,86,0,10,87,0,97,200,0,200,297
02/16/2023,OXR,CA,AWP,WE,Federal Contract Tower,0,2,18,0,20,0,4,33,0,37,0,6,51,0,57,50,0,50,107
02/17/2023,OXR,CA,AWP,WE,Federal Contract Tower,0,2,18,0,20,0,2,39,0,41,0,4,57,0,61,50,0,50,111
02/18/2023,OXR,CA,AWP,WE,Federal Contract Tower,0,5,11,0,16,0,2,87,0,89,0,7,98,0,105,234,0,234,339
02/19/2023,OXR,CA,AWP,WE,Federal Contract Tower,2,11,0,0,13,0,8,84,0,92,2,19,84,0,105,242,0,242,347
02/20/2023,OXR,CA,AWP,WE,Federal Contract Tower,0,2,18,0,20,0,14,92,0,106,0,16,110,0,126,232,0,232,358
02/21/2023,OXR,CA,AWP,WE,Federal Contract Tower,0,6,26,0,32,0,16,42,0,58,0,22,68,0,90,156,0,156,246
02/22/2023,OXR,CA,AWP,WE,Federal Contract Tower,0,0,4,0,4,0,0,7,4,11,0,0,11,4,15,6,6,12,27
02/23/2023,OXR,CA,AWP,WE,Federal Contract Tower,0,4,11,0,15,0,14,12,0,26,0,18,23,0,41,0,0,0,41
02/24/2023,OXR,CA,AWP,WE,Federal Contract Tower,0,2,0,0,2,0,0,0,0,0,0,2,0,0,2,0,0,0,2
02/25/2023,OXR,CA,AWP,WE,Federal Contract Tower,0,1,7,0,8,0,0,0,0,0,0,1,7,0,8,0,0,0,8
02/26/2023,OXR,CA,AWP,WE,Federal Contract Tower,0,1,18,0,19,0,5,87,0,92,0,6,105,0,111,240,0,240,351
02/27/2023,OXR,CA,AWP,WE,Federal Contract Tower,0,6,15,0,21,0,2,5,0,7,0,8,20,0,28,18,0,18,46
02/28/2023,OXR,CA,AWP,WE,Federal Contract Tower,0,3,7,0,10,0,7,46,0,53,0,10,53,0,63,130,0,130,193
03/01/2023,OXR,CA,AWP,WE,Federal Contract Tower,0,4,4,0,8,0,1,9,0,10,0,5,13,0,18,42,0,42,60
03/02/2023,OXR,CA,AWP,WE,Federal Contract Tower,0,6,8,0,14,0,32,121,0,153,0,38,129,0,167,288,0,288,455
03/03/2023,OXR,CA,AWP,WE,Federal Contract Tower,0,6,19,0,25,0,20,113,0,133,0,26,132,0,158,224,0,224,382
03/04/2023,OXR,CA,AWP,WE,Federal Contract Tower,0,0,23,0,23,0,1,25,0,26,0,1,48,0,49,98,0,98,147
03/05/2023,OXR,CA,AWP,WE,Federal Contract Tower,0,3,21,0,24,0,4,35,0,39,0,7,56,0,63,164,0,164,227
03/06/2023,OXR,CA,AWP,WE,Federal Contract Tower,0,7,11,0,18,0,12,72,0,84,0,19,83,0,102,144,0,144,246
03/07/2023,OXR,CA,AWP,WE,Federal Contract Tower,0,4,20,0,24,0,14,89,0,103,0,18,109,0,127,194,0,194,321
03/08/2023,OXR,CA,AWP,WE,Federal Contract Tower,0,3,18,0,21,0,16,95,0,111,0,19,113,0,132,164,0,164,296
03/09/2023,OXR,CA,AWP,WE,Federal Contract Tower,0,2,13,0,15,0,36,84,0,120,0,38,97,0,135,186,0,186,321
03/10/2023,OXR,CA,AWP,WE,Federal Contract Tower,0,6,4,0,10,0,0,0,0,0,0,6,4,0,10,0,0,0,10
03/11/2023,OXR,CA,AWP,WE,Federal Contract Tower,0,0,41,0,41,0,0,0,1,1,0,0,41,1,42,0,0,0,42
03/12/2023,OXR,CA,AWP,WE,Federal Contract Tower,0,3,41,0,44,0,2,29,0,31,0,5,70,0,75,30,0,30,105
03/13/2023,OXR,CA,AWP,WE,Federal Contract Tower,0,12,25,0,37,0,0,5,0,5,0,12,30,0,42,18,0,18,60
03/14/2023,OXR,CA,AWP,WE,Federal Contract Tower,0,2,2,0,4,0,0,0,0,0,0,2,2,0,4,0,0,0,4
03/15/2023,OXR,CA,AWP,WE,Federal Contract Tower,0,7,32,0,39,0,9,7,0,16,0,16,39,0,55,22,0,22,77
03/16/2023,OXR,CA,AWP,WE,Federal Contract Tower,0,4,26,0,30,0,13,58,0,71,0,17,84,0,101,280,0,280,381
03/17/2023,OXR,CA,AWP,WE,Federal Contract Tower,0,3,8,0,11,0,38,60,0,98,0,41,68,0,109,220,0,220,329
03/18/2023,OXR,CA,AWP,WE,Federal Contract Tower,0,1,9,0,10,0,12,59,0,71,0,13,68,0,81,62,0,62,143
03/19/2023,OXR,CA,AWP,WE,Federal Contract Tower,0,1,14,0,15,0,4,10,0,14,0,5,24,0,29,16,0,16,45
03/20/2023,OXR,CA,AWP,WE,Federal Contract Tower,0,4,26,0,30,0,98,12,0,110,0,102,38,0,140,36,0,36,176
03/21/2023,OXR,CA,AWP,WE,Federal Contract Tower,0,2,3,0,5,0,2,0,0,2,0,4,3,0,7,0,0,0,7
03/22/2023,OXR,CA,AWP,WE,Federal Contract Tower,0,3,16,0,19,0,3,3,0,6,0,6,19,0,25,52,0,52,77
03/23/2023,OXR,CA,AWP,WE,Federal Contract Tower,0,14,24,0,38,0,23,53,0,76,0,37,77,0,114,148,0,148,262
03/24/2023,OXR,CA,AWP,WE,Federal Contract Tower,0,5,6,0,11,0,24,130,0,154,0,29,136,0,165,372,0,372,537
03/25/2023,OXR,CA,AWP,WE,Federal Contract Tower,0,2,25,0,27,0,20,151,0,171,0,22,176,0,198,260,0,260,458
03/26/2023,OXR,CA,AWP,WE,Federal Contract Tower,0,6,14,0,20,0,7,93,0,100,0,13,107,0,120,344,0,344,464
03/27/2023,OXR,CA,AWP,WE,Federal Contract Tower,0,4,7,0,11,0,12,23,0,35,0,16,30,0,46,48,0,48,94
03/28/2023,OXR,CA,AWP,WE,Federal Contract Tower,0,5,11,0,16,0,20,63,0,83,0,25,74,0,99,168,0,168,267
03/29/2023,OXR,CA,AWP,WE,Federal Contract Tower,0,7,13,0,20,0,15,27,0,42,0,22,40,0,62,66,0,66,128
03/30/2023,OXR,CA,AWP,WE,Federal Contract Tower,0,2,10,0,12,0,11,49,0,60,0,13,59,0,72,146,0,146,218
03/31/2023,OXR,CA,AWP,WE,Federal Contract Tower,0,6,20,0,26,0,16,115,0,131,0,22,135,0,157,334,0,334,491
04/01/2023,OXR,CA,AWP,WE,Federal Contract Tower,0,3,6,0,9,0,11,122,0,133,0,14,128,0,142,322,0,322,464
04/02/2023,OXR,CA,AWP,WE,Federal Contract Tower,0,3,18,0,21,0,10,79,0,89,0,13,97,0,110,266,0,266,376
04/03/2023,OXR,CA,AWP,WE,Federal Contract Tower,0,3,11,0,14,0,9,26,0,35,0,12,37,0,49,30,0,30,79
04/04/2023,OXR,CA,AWP,WE,Federal Contract Tower,0,7,11,0,18,0,22,85,0,107,0,29,96,0,125,172,0,172,297
04/05/2023,OXR,CA,AWP,WE,Federal Contract Tower,0,2,9,0,11,0,10,74,0,84,0,12,83,0,95,154,0,154,249
04/06/2023,OXR,CA,AWP,WE,Federal Contract Tower,0,2,11,0,13,0,19,90,0,109,0,21,101,0,122,198,0,198,320
04/07/2023,OXR,CA,AWP,WE,Federal Contract Tower,0,2,14,0,16,0,14,101,0,115,0,16,115,0,131,332,0,332,463
04/08/2023,OXR,CA,AWP,WE,Federal Contract Tower,0,1,31,0,32,0,1,38,0,39,0,2,69,0,71,46,0,46,117
04/09/2023,OXR,CA,AWP,WE,Federal Contract Tower,0,4,6,0,10,0,3,25,0,28,0,7,31,0,38,26,0,26,64
04/10/2023,OXR,CA,AWP,WE,Federal Contract Tower,0,12,23,0,35,0,4,12,0,16,0,16,35,0,51,6,0,6,57
04/11/2023,OXR,CA,AWP,WE,Federal Contract Tower,0,13,28,0,41,0,2,2,0,4,0,15,30,0,45,0,0,0,45
04/12/2023,OXR,CA,AWP,WE,Federal Contract Tower,0,10,59,0,69,0,0,3,0,3,0,10,62,0,72,22,0,22,94
04/13/2023,OXR,CA,AWP,WE,Federal Contract Tower,0,4,32,0,36,0,19,40,12,71,0,23,72,12,107,126,0,126,233
04/14/2023,OXR,CA,AWP,WE,Federal Contract Tower,0,6,19,0,25,0,20,76,0,96,0,26,95,0,121,258,0,258,379
04/15/2023,OXR,CA,AWP,WE,Federal Contract Tower,0,0,12,0,12,0,8,105,0,113,0,8,117,0,125,284,0,284,409
04/16/2023,OXR,CA,AWP,WE,Federal Contract Tower,0,6,15,0,21,0,6,50,0,56,0,12,65,0,77,178,0,178,255
04/17/2023,OXR,CA,AWP,WE,Federal Contract Tower,0,8,63,0,71,0,8,25,0,33,0,16,88,0,104,52,0,52,156
04/18/2023,OXR,CA,AWP,WE,Federal Contract Tower,0,4,24,1,29,0,35,60,1,96,0,39,84,2,125,162,0,162,287
04/19/2023,OXR,CA,AWP,WE,Federal Contract Tower,0,3,5,0,8,0,35,88,0,123,0,38,93,0,131,164,0,164,295
04/20/2023,OXR,CA,AWP,WE,Federal Contract Tower,0,3,16,0,19,0,19,86,6,111,0,22,102,6,130,200,0,200,330
04/21/2023,OXR,CA,AWP,WE,Federal Contract Tower,0,4,14,0,18,0,12,120,0,132,0,16,134,0,150,280,0,280,430
04/22/2023,OXR,CA,AWP,WE,Federal Contract Tower,0,0,14,0,14,0,1,80,0,81,0,1,94,0,95,212,0,212,307
04/23/2023,OXR,CA,AWP,WE,Federal Contract Tower,0,2,31,0,33,0,7,69,0,76,0,9,100,0,109,216,0,216,325
04/24/2023,OXR,CA,AWP,WE,Federal Contract Tower,0,12,17,0,29,0,14,30,0,44,0,26,47,0,73,132,0,132,205
04/25/2023,OXR,CA,AWP,WE,Federal Contract Tower,0,11,23,0,34,0,13,42,0,55,0,24,65,0,89,42,0,42,131
04/26/2023,OXR,CA,AWP,WE,Federal Contract Tower,0,12,28,0,40,0,0,0,0,0,0,12,28,0,40,0,0,0,40
04/27/2023,OXR,CA,AWP,WE,Federal Contract Tower,0,7,35,0,42,0,0,11,0,11,0,7,46,0,53,2,0,2,55
04/28/2023,OXR,CA,AWP,WE,Federal Contract Tower,0,3,44,4,51,0,0,0,0,0,0,3,44,4,51,0,0,0,51
04/29/2023,OXR,CA,AWP,WE,Federal Contract Tower,0,6,30,0,36,0,0,0,0,0,0,6,30,0,36,0,0,0,36
04/30/2023,OXR,CA,AWP,WE,Federal Contract Tower,0,6,29,0,35,0,0,4,0,4,0,6,33,0,39,14,0,14,53
05/01/2023,OXR,CA,AWP,WE,Federal Contract Tower,0,10,13,0,23,0,10,57,0,67,0,20,70,0,90,190,0,190,280
05/02/2023,OXR,CA,AWP,WE,Federal Contract Tower,0,2,13,0,15,0,12,75,0,87,0,14,88,0,102,152,0,152,254
05/03/2023,OXR,CA,AWP,WE,Federal Contract Tower,0,5,7,0,12,0,18,37,0,55,0,23,44,0,67,98,0,98,165
05/04/2023,OXR,CA,AWP,WE,Federal Contract Tower,0,4,18,0,22,0,5,44,0,49,0,9,62,0,71,156,0,156,227
05/05/2023,OXR,CA,AWP,WE,Federal Contract Tower,0,5,27,0,32,0,10,75,0,85,0,15,102,0,117,258,0,258,375
05/06/2023,OXR,CA,AWP,WE,Federal Contract Tower,0,2,13,0,15,0,6,98,0,104,0,8,111,0,119,300,0,300,419
05/07/2023,OXR,CA,AWP,WE,Federal Contract Tower,0,4,23,0,27,0,8,80,0,88,0,12,103,0,115,264,0,264,379
05/08/2023,OXR,CA,AWP,WE,Federal Contract Tower,0,6,10,0,16,0,11,85,0,96,0,17,95,0,112,234,0,234,346
05/09/2023,OXR,CA,AWP,WE,Federal Contract Tower,0,6,39,0,45,0,7,24,0,31,0,13,63,0,76,84,0,84,160
05/10/2023,OXR,CA,AWP,WE,Federal Contract Tower,0,4,10,0,14,0,20,69,2,91,0,24,79,2,105,96,4,100,205
05/11/2023,OXR,CA,AWP,WE,Federal Contract Tower,0,6,14,0,20,0,16,93,0,109,0,22,107,0,129,74,0,74,203
05/12/2023,OXR,CA,AWP,WE,Federal Contract Tower,0,2,15,0,17,0,10,68,0,78,0,12,83,0,95,158,0,158,253
05/13/2023,OXR,CA,AWP,WE,Federal Contract Tower,0,6,35,0,41,0,0,0,0,0,0,6,35,0,41,0,0,0,41
05/14/2023,OXR,CA,AWP,WE,Federal Contract Tower,0,4,19,0,23,0,2,16,0,18,0,6,35,0,41,34,0,34,75
05/15/2023,OXR,CA,AWP,WE,Federal Contract Tower,0,5,40,0,45,0,1,3,0,4,0,6,43,0,49,0,0,0,49
05/16/2023,OXR,CA,AWP,WE,Federal Contract Tower,0,11,18,0,29,0,5,5,0,10,0,16,23,0,39,40,0,40,79
05/17/2023,OXR,CA,AWP,WE,Federal Contract Tower,0,9,37,0,46,0,0,0,0,0,0,9,37,0,46,0,0,0,46
05/18/2023,OXR,CA,AWP,WE,Federal Contract Tower,0,8,44,0,52,0,0,0,0,0,0,8,44,0,52,0,0,0,52
05/19/2023,OXR,CA,AWP,WE,Federal Contract Tower,0,7,41,0,48,0,1,6,0,7,0,8,47,0,55,16,0,16,71
05/20/2023,OXR,CA,AWP,WE,Federal Contract Tower,0,2,34,2,38,0,2,17,0,19,0,4,51,2,57,2,0,2,59
05/21/2023,OXR,CA,AWP,WE,Federal Contract Tower,0,11,18,0,29,0,0,0,0,0,0,11,18,0,29,8,0,8,37
05/22/2023,OXR,CA,AWP,WE,Federal Contract Tower,0,18,34,0,52,0,1,6,0,7,0,19,40,0,59,10,0,10,69
05/23/2023,OXR,CA,AWP,WE,Federal Contract Tower,0,10,40,0,50,0,3,3,0,6,0,13,43,0,56,26,0,26,82
05/24/2023,OXR,CA,AWP,WE,Federal Contract Tower,0,10,31,0,41,0,41,38,0,79,0,51,69,0,120,138,0,138,258
05/25/2023,OXR,CA,AWP,WE,Federal Contract Tower,0,7,35,0,42,0,13,53,0,66,0,20,88,0,108,170,0,170,278
05/26/2023,OXR,CA,AWP,WE,Federal Contract Tower,0,5,16,0,21,0,19,81,0,100,0,24,97,0,121,268,0,268,389
05/27/2023,OXR,CA,AWP,WE,Federal Contract Tower,0,4,14,0,18,0,6,53,0,59,0,10,67,0,77,168,0,168,245
05/28/2023,OXR,CA,AWP,WE,Federal Contract Tower,0,2,22,0,24,0,6,17,0,23,0,8,39,0,47,106,0,106,153
05/29/2023,OXR,CA,AWP,WE,Federal Contract Tower,0,7,18,0,25,0,52,0,0,52,0,59,18,0,77,128,0,128,205
05/30/2023,OXR,CA,AWP,WE,Federal Contract Tower,0,4,23,0,27,0,9,45,0,54,0,13,68,0,81,102,0,102,183
05/31/2023,OXR,CA,AWP,WE,Federal Contract Tower,0,5,32,0,37,0,13,45,0,58,0,18,77,0,95,152,0,152,247
06/01/2023,OXR,CA,AWP,WE,Federal Contract Tower,0,7,26,0,33,0,8,28,0,36,0,15,54,0,69,110,0,110,179
06/02/2023,OXR,CA,AWP,WE,Federal Contract Tower,0,2,21,0,23,0,10,77,0,87,0,12,98,0,110,238,0,238,348
06/03/2023,OXR,CA,AWP,WE,Federal Contract Tower,0,2,15,0,17,0,5,57,0,62,0,7,72,0,79,128,0,128,207
06/04/2023,OXR,CA,AWP,WE,Federal Contract Tower,0,9,38,2,49,0,2,16,0,18,0,11,54,2,67,76,0,76,143
06/05/2023,OXR,CA,AWP,WE,Federal Contract Tower,0,3,36,0,39,0,7,9,0,16,0,10,45,0,55,62,0,62,117
06/06/2023,OXR,CA,AWP,WE,Federal Contract Tower,0,7,23,0,30,0,14,50,0,64,0,21,73,0,94,144,0,144,238
06/07/2023,OXR,CA,AWP,WE,Federal Contract Tower,0,2,19,0,21,0,6,59,0,65,0,8,78,0,86,140,0,140,226
06/08/2023,OXR,CA,AWP,WE,Federal Contract Tower,0,6,31,0,37,0,10,40,0,50,0,16,71,0,87,124,0,124,211
06/09/2023,OXR,CA,AWP,WE,Federal Contract Tower,0,9,29,0,38,0,11,38,0,49,0,20,67,0,87,174,0,174,261
06/10/2023,OXR,CA,AWP,WE,Federal Contract Tower,0,0,31,0,31,0,10,19,0,29,0,10,50,0,60,70,0,70,130
06/11/2023,OXR,CA,AWP,WE,Federal Contract Tower,0,2,28,0,30,0,5,22,0,27,0,7,50,0,57,90,0,90,147
06/12/2023,OXR,CA,AWP,WE,Federal Contract Tower,0,3,26,0,29,0,41,48,0,89,0,44,74,0,118,154,0,154,272
06/13/2023,OXR,CA,AWP,WE,Federal Contract Tower,0,2,27,0,29,0,12,59,0,71,0,14,86,0,100,130,0,130,230
06/14/2023,OXR,CA,AWP,WE,Federal Contract Tower,0,10,48,0,58,0,12,28,0,40,0,22,76,0,98,134,0,134,232
06/15/2023,OXR,CA,AWP,WE,Federal Contract Tower,0,3,18,2,23,0,0,33,0,33,0,3,51,2,56,222,0,222,278
06/16/2023,OXR,CA,AWP,WE,Federal Contract Tower,0,3,43,0,46,0,21,56,0,77,0,24,99,0,123,132,0,132,255
06/17/2023,OXR,CA,AWP,WE,Federal Contract Tower,0,3,21,0,24,0,16,79,0,95,0,19,100,0,119,100,0,100,219
06/18/2023,OXR,CA,AWP,WE,Federal Contract Tower,0,11,27,0,38,0,0,7,0,7,0,11,34,0,45,28,0,28,73
06/19/2023,OXR,CA,AWP,WE,Federal Contract Tower,0,7,29,0,36,0,11,58,0,69,0,18,87,0,105,166,0,166,271
06/20/2023,OXR,CA,AWP,WE,Federal Contract Tower,0,3,11,0,14,0,19,140,0,159,0,22,151,0,173,218,0,218,391
06/21/2023,OXR,CA,AWP,WE,Federal Contract Tower,0,2,14,0,16,0,21,105,0,126,0,23,119,0,142,164,0,164,306
06/22/2023,OXR,CA,AWP,WE,Federal Contract Tower,0,4,27,0,31,0,28,55,0,83,0,32,82,0,114,200,0,200,314
06/23/2023,OXR,CA,AWP,WE,Federal Contract Tower,0,7,14,0,21,0,9,115,0,124,0,16,129,0,145,216,0,216,361
06/24/2023,OXR,CA,AWP,WE,Federal Contract Tower,0,7,12,0,19,0,17,75,0,92,0,24,87,0,111,214,0,214,325
06/25/2023,OXR,CA,AWP,WE,Federal Contract Tower,0,2,11,0,13,0,10,76,0,86,0,12,87,0,99,136,0,136,235
06/26/2023,OXR,CA,AWP,WE,Federal Contract Tower,0,5,17,0,22,0,9,77,0,86,0,14,94,0,108,136,0,136,244
06/27/2023,OXR,CA,AWP,WE,Federal Contract Tower,0,7,17,0,24,0,19,93,0,112,0,26,110,0,136,116,0,116,252
06/28/2023,OXR,CA,AWP,WE,Federal Contract Tower,0,5,29,0,34,0,17,55,0,72,0,22,84,0,106,172,0,172,278
06/29/2023,OXR,CA,AWP,WE,Federal Contract Tower,0,7,25,0,32,0,18,40,0,58,0,25,65,0,90,30,0,30,120
06/30/2023,OXR,CA,AWP,WE,Federal Contract Tower,0,7,29,4,40,0,8,19,0,27,0,15,48,4,67,26,0,26,93
07/01/2023,OXR,CA,AWP,WE,Federal Contract Tower,0,5,37,0,42,0,1,6,0,7,0,6,43,0,49,24,0,24,73
07/02/2023,OXR,CA,AWP,WE,Federal Contract Tower,0,7,19,0,26,0,0,3,0,3,0,7,22,0,29,2,0,2,31
07/03/2023,OXR,CA,AWP,WE,Federal Contract Tower,0,8,27,0,35,0,5,0,0,5,0,13,27,0,40,0,0,0,40
07/04/2023,OXR,CA,AWP,WE,Federal Contract Tower,0,2,4,0,6,0,1,6,0,7,0,3,10,0,13,0,0,0,13
07/05/2023,OXR,CA,AWP,WE,Federal Contract Tower,0,8,11,0,19,0,13,39,0,52,0,21,50,0,71,36,0,36,107
07/06/2023,OXR,CA,AWP,WE,Federal Contract Tower,0,2,15,0,17,0,9,58,0,67,0,11,73,0,84,152,0,152,236
07/07/2023,OXR,CA,AWP,WE,Federal Contract Tower,0,7,29,0,36,0,5,45,0,50,0,12,74,0,86,164,0,164,250
07/08/2023,OXR,CA,AWP,WE,Federal Contract Tower,0,1,19,0,20,0,6,60,0,66,0,7,79,0,86,256,0,256,342
07/09/2023,OXR,CA,AWP,WE,Federal Contract Tower,0,4,19,0,23,0,4,39,0,43,0,8,58,0,66,122,0,122,188
07/10/2023,OXR,CA,AWP,WE,Federal Contract Tower,0,7,11,0,18,0,32,61,0,93,0,39,72,0,111,148,0,148,259
07/11/2023,OXR,CA,AWP,WE,Federal Contract Tower,0,2,17,0,19,0,7,42,0,49,0,9,59,0,68,42,0,42,110
07/12/2023,OXR,CA,AWP,WE,Federal Contract Tower,0,9,6,0,15,0,10,74,0,84,0,19,80,0,99,228,0,228,327
07/13/2023,OXR,CA,AWP,WE,Federal Contract Tower,0,5,11,0,16,0,4,83,0,87,0,9,94,0,103,194,0,194,297
07/14/2023,OXR,CA,AWP,WE,Federal Contract Tower,0,6,10,2,18,0,6,93,0,99,0,12,103,2,117,242,0,242,359
07/15/2023,OXR,CA,AWP,WE,Federal Contract Tower,0,2,28,0,30,0,20,47,0,67,0,22,75,0,97,94,0,94,191
07/16/2023,OXR,CA,AWP,WE,Federal Contract Tower,0,12,13,0,25,0,3,73,0,76,0,15,86,0,101,120,0,120,221
07/17/2023,OXR,CA,AWP,WE,Federal Contract Tower,0,4,7,1,12,0,17,57,21,95,0,21,64,22,107,158,0,158,265
07/18/2023,OXR,CA,AWP,WE,Federal Contract Tower,0,6,9,0,15,0,15,72,11,98,0,21,81,11,113,98,0,98,211
07/19/2023,OXR,CA,AWP,WE,Federal Contract Tower,0,7,10,5,22,0,42,71,0,113,0,49,81,5,135,110,0,110,245
07/20/2023,OXR,CA,AWP,WE,Federal Contract Tower,0,4,18,0,22,0,6,92,2,100,0,10,110,2,122,168,0,168,290
07/21/2023,OXR,CA,AWP,WE,Federal Contract Tower,0,11,8,1,20,0,11,50,0,61,0,22,58,1,81,136,0,136,217
07/22/2023,OXR,CA,AWP,WE,Federal Contract Tower,0,3,22,0,25,0,3,63,0,66,0,6,85,0,91,86,0,86,177
07/23/2023,OXR,CA,AWP,WE,Federal Contract Tower,0,6,19,0,25,0,7,43,0,50,0,13,62,0,75,98,0,98,173
07/24/2023,OXR,CA,AWP,WE,Federal Contract Tower,0,8,16,0,24,0,2,27,0,29,0,10,43,0,53,48,0,48,101
07/25/2023,OXR,CA,AWP,WE,Federal Contract Tower,0,2,15,0,17,0,13,49,0,62,0,15,64,0,79,110,0,110,189
07/26/2023,OXR,CA,AWP,WE,Federal Contract Tower,0,4,13,0,17,0,22,101,0,123,0,26,114,0,140,186,0,186,326
07/27/2023,OXR,CA,AWP,WE,Federal Contract Tower,0,2,11,0,13,0,10,76,0,86,0,12,87,0,99,216,0,216,315
07/28/2023,OXR,CA,AWP,WE,Federal Contract Tower,0,11,24,0,35,0,3,60,0,63,0,14,84,0,98,70,0,70,168
07/29/2023,OXR,CA,AWP,WE,Federal Contract Tower,0,0,14,0,14,0,2,55,0,57,0,2,69,0,71,50,0,50,121
07/30/2023,OXR,CA,AWP,WE,Federal Contract Tower,0,4,35,0,39,0,2,29,0,31,0,6,64,0,70,46,0,46,116
07/31/2023,OXR,CA,AWP,WE,Federal Contract Tower,0,4,16,0,20,0,15,40,0,55,0,19,56,0,75,82,0,82,157
08/01/2023,OXR,CA,AWP,WE,Federal Contract Tower,0,3,5,0,8,0,10,72,0,82,0,13,77,0,90,116,0,116,206
08/02/2023,OXR,CA,AWP,WE,Federal Contract Tower,0,2,10,0,12,0,23,65,0,88,0,25,75,0,100,110,0,110,210
08/03/2023,OXR,CA,AWP,WE,Federal Contract Tower,0,2,18,0,20,0,19,97,0,116,0,21,115,0,136,264,0,264,400
08/04/2023,OXR,CA,AWP,WE,Federal Contract Tower,0,6,21,0,27,0,2,109,0,111,0,8,130,0,138,208,0,208,346
08/05/2023,OXR,CA,AWP,WE,Federal Contract Tower,0,2,6,0,8,0,3,94,0,97,0,5,100,0,105,230,0,230,335
08/06/2023,OXR,CA,AWP,WE,Federal Contract Tower,0,1,19,0,20,0,3,25,0,28,0,4,44,0,48,2,0,2,50
08/07/2023,OXR,CA,AWP,WE,Federal Contract Tower,0,5,21,0,26,0,7,31,0,38,0,12,52,0,64,34,0,34,98
08/08/2023,OXR,CA,AWP,WE,Federal Contract Tower,0,8,16,0,24,0,8,73,0,81,0,16,89,0,105,188,0,188,293
08/09/2023,OXR,CA,AWP,WE,Federal Contract Tower,0,6,20,0,26,0,0,14,0,14,0,6,34,0,40,26,0,26,66
08/10/2023,OXR,CA,AWP,WE,Federal Contract Tower,0,7,21,0,28,0,5,41,0,46,0,12,62,0,74,154,0,154,228
08/11/2023,OXR,CA,AWP,WE,Federal Contract Tower,0,9,29,0,38,0,5,41,0,46,0,14,70,0,84,98,0,98,182
08/12/2023,OXR,CA,AWP,WE,Federal Contract Tower,0,2,12,0,14,0,10,41,0,51,0,12,53,0,65,62,0,62,127
08/13/2023,OXR,CA,AWP,WE,Federal Contract Tower,0,6,19,0,25,0,2,36,0,38,0,8,55,0,63,80,0,80,143
08/14/2023,OXR,CA,AWP,WE,Federal Contract Tower,0,14,31,0,45,0,1,0,0,1,0,15,31,0,46,4,0,4,50
08/15/2023,OXR,CA,AWP,WE,Federal Contract Tower,0,20,37,1,58,0,3,0,0,3,0,23,37,1,61,0,0,0,61
08/16/2023,OXR,CA,AWP,WE,Federal Contract Tower,0,11,34,1,46,0,1,11,0,12,0,12,45,1,58,8,0,8,66
08/17/2023,OXR,CA,AWP,WE,Federal Contract Tower,0,10,33,0,43,0,2,7,0,9,0,12,40,0,52,30,0,30,82
08/18/2023,OXR,CA,AWP,WE,Federal Contract Tower,0,7,20,1,28,0,12,85,0,97,0,19,105,1,125,186,0,186,311
08/19/2023,OXR,CA,AWP,WE,Federal Contract Tower,0,0,11,0,11,0,18,64,0,82,0,18,75,0,93,142,0,142,235
08/20/2023,OXR,CA,AWP,WE,Federal Contract Tower,0,0,4,0,4,0,8,2,0,10,0,8,6,0,14,0,0,0,14
08/21/2023,OXR,CA,AWP,WE,Federal Contract Tower,0,2,8,0,10,0,6,26,0,32,0,8,34,0,42,66,0,66,108
08/22/2023,OXR,CA,AWP,WE,Federal Contract Tower,0,4,17,0,21,0,19,87,0,106,0,23,104,0,127,186,0,186,313
08/23/2023,OXR,CA,AWP,WE,Federal Contract Tower,0,8,32,1,41,0,3,23,0,26,0,11,55,1,67,10,0,10,77
08/24/2023,OXR,CA,AWP,WE,Federal Contract Tower,0,12,40,0,52,0,3,56,0,59,0,15,96,0,111,154,0,154,265
08/25/2023,OXR,CA,AWP,WE,Federal Contract Tower,0,7,13,0,20,0,10,87,0,97,0,17,100,0,117,220,0,220,337
08/26/2023,OXR,CA,AWP,WE,Federal Contract Tower,0,3,18,0,21,0,8,86,0,94,0,11,104,0,115,214,0,214,329
08/27/2023,OXR,CA,AWP,WE,Federal Contract Tower,0,3,13,0,16,0,1,57,0,58,0,4,70,0,74,178,0,178,252
08/28/2023,OXR,CA,AWP,WE,Federal Contract Tower,0,1,13,0,14,0,10,67,0,77,0,11,80,0,91,170,0,170,261
08/29/2023,OXR,CA,AWP,WE,Federal Contract Tower,0,6,8,0,14,0,27,99,0,126,0,33,107,0,140,146,0,146,286
08/30/2023,OXR,CA,AWP,WE,Federal Contract Tower,0,3,11,0,14,0,19,71,0,90,0,22,82,0,104,122,0,122,226
08/31/2023,OXR,CA,AWP,WE,Federal Contract Tower,0,11,20,0,31,0,9,28,0,37,0,20,48,0,68,38,0,38,106
