01/01/2000,PAE,WA,ANM,WE,Towers with Display (VFR),4,7,67,0,78,0,3,173,0,176,4,10,240,0,254,296,0,296,550
01/02/2000,PAE,WA,ANM,WE,Towers with Display (VFR),2,0,32,0,34,0,0,273,3,276,2,0,305,3,310,0,288,288,598
01/03/2000,PAE,WA,ANM,WE,Towers with Display (VFR),3,5,43,1,52,0,2,34,2,38,3,7,77,3,90,38,3,41,131
01/04/2000,PAE,WA,ANM,WE,Towers with Display (VFR),4,5,48,0,57,4,7,74,0,85,8,12,122,0,142,100,0,100,242
01/05/2000,PAE,WA,ANM,WE,Towers with Display (VFR),4,4,39,0,47,3,4,150,10,167,7,8,189,10,214,0,276,276,490
01/06/2000,PAE,WA,ANM,WE,Towers with Display (VFR),5,8,78,1,92,0,0,95,5,100,5,8,173,6,192,146,0,146,338
01/07/2000,PAE,WA,ANM,WE,Towers with Display (VFR),6,7,66,1,80,1,2,50,1,54,7,9,116,2,134,84,0,84,218
01/08/2000,PAE,WA,ANM,WE,Towers with Display (VFR),0,1,69,1,71,0,0,84,2,86,0,1,153,3,157,86,0,86,243
01/09/2000,PAE,WA,ANM,WE,Towers with Display (VFR),5,0,53,1,59,4,0,122,1,127,9,0,175,2,186,136,0,136,322
01/10/2000,PAE,WA,ANM,WE,Towers with Display (VFR),3,4,34,0,41,0,3,0,0,3,3,7,34,0,44,12,0,12,56
01/11/2000,PAE,WA,ANM,WE,Towers with Display (VFR),4,4,41,2,51,6,7,0,2,15,10,11,41,4,66,8,0,8,74
01/12/2000,PAE,WA,ANM,WE,Towers with Display (VFR),5,5,53,2,65,6,9,66,14,95,11,14,119,16,160,88,2,90,250
01/13/2000,PAE,WA,ANM,WE,Towers with Display (VFR),7,8,88,3,106,0,5,118,11,134,7,13,206,14,240,132,10,142,382
01/14/2000,PAE,WA,ANM,WE,Towers with Display (VFR),6,7,64,2,79,0,13,0,5,18,6,20,64,7,97,16,0,16,113
01/15/2000,PAE,WA,ANM,WE,Towers with Display (VFR),12,7,118,0,137,4,0,455,0,459,16,7,573,0,596,516,0,516,1112
01/16/2000,PAE,WA,ANM,WE,Towers with Display (VFR),1,0,18,1,20,0,0,26,0,26,1,0,44,1,46,70,0,70,116
01/17/2000,PAE,WA,ANM,WE,Towers with Display (VFR),7,6,62,2,77,1,15,330,1,347,8,21,392,3,424,340,0,340,764
01/18/2000,PAE,WA,ANM,WE,Towers with Display (VFR),10,8,88,3,109,7,9,282,3,301,17,17,370,6,410,228,0,228,638
01/19/2000,PAE,WA,ANM,WE,Towers with Display (VFR),9,8,89,3,109,0,1,206,1,208,9,9,295,4,317,295,16,311,628
01/20/2000,PAE,WA,ANM,WE,Towers with Display (VFR),8,7,73,2,90,4,5,135,4,148,12,12,208,6,238,234,0,234,472
01/21/2000,PAE,WA,ANM,WE,Towers with Display (VFR),8,6,65,2,81,2,3,55,0,60,10,9,120,2,141,186,2,188,329
01/22/2000,PAE,WA,ANM,WE,Towers with Display (VFR),7,7,77,1,92,0,4,269,0,273,7,11,346,1,365,420,0,420,785
01/23/2000,PAE,WA,ANM,WE,Towers with Display (VFR),6,2,64,2,74,0,0,409,1,410,6,2,473,3,484,506,0,506,990
01/24/2000,PAE,WA,ANM,WE,Towers with Display (VFR),3,5,56,2,66,0,0,240,6,246,3,5,296,8,312,232,0,232,544
01/25/2000,PAE,WA,ANM,WE,Towers with Display (VFR),9,7,80,3,99,14,1,68,3,86,23,8,148,6,185,148,24,172,357
01/26/2000,PAE,WA,ANM,WE,Towers with Display (VFR),11,8,93,0,112,7,12,102,0,121,18,20,195,0,233,244,4,248,481
01/27/2000,PAE,WA,ANM,WE,Towers with Display (VFR),10,10,112,3,135,0,20,274,1,295,10,30,386,4,430,292,0,292,722
01/28/2000,PAE,WA,ANM,WE,Towers with Display (VFR),8,6,67,1,82,3,22,441,3,469,11,28,508,4,551,496,0,496,1047
01/29/2000,PAE,WA,ANM,WE,Towers with Display (VFR),1,8,94,2,105,0,16,499,2,517,1,24,593,4,622,530,0,530,1152
01/30/2000,PAE,WA,ANM,WE,Towers with Display (VFR),7,1,62,1,71,1,0,299,0,300,8,1,361,1,371,334,0,334,705
01/31/2000,PAE,WA,ANM,WE,Towers with Display (VFR),4,6,66,0,76,0,11,136,0,147,4,17,202,0,223,166,0,166,389
02/01/2000,PAE,WA,ANM,WE,Towers with Display (VFR),3,3,26,0,32,7,5,0,2,14,10,8,26,2,46,0,0,0,46
02/02/2000,PAE,WA,ANM,WE,Towers with Display (VFR),5,6,56,1,68,0,13,124,2,139,5,19,180,3,207,194,2,196,403
02/03/2000,PAE,WA,ANM,WE,Towers with Display (VFR),7,11,81,1,100,0,6,151,0,157,7,17,232,1,257,176,0,176,433
02/04/2000,PAE,WA,ANM,WE,Towers with Display (VFR),6,8,60,1,75,3,5,362,2,372,9,13,422,3,447,462,2,464,911
02/05/2000,PAE,WA,ANM,WE,Towers with Display (VFR),1,8,82,1,92,0,0,435,3,438,1,8,517,4,530,432,2,434,964
02/06/2000,PAE,WA,ANM,WE,Towers with Display (VFR),6,0,65,1,72,3,0,324,0,327,9,0,389,1,399,524,0,524,923
02/07/2000,PAE,WA,ANM,WE,Towers with Display (VFR),6,9,71,2,88,10,5,125,0,140,16,14,196,2,228,134,0,134,362
02/08/2000,PAE,WA,ANM,WE,Towers with Display (VFR),6,10,75,2,93,8,19,2,1,30,14,29,77,3,123,32,0,32,155
02/09/2000,PAE,WA,ANM,WE,Towers with Display (VFR),10,14,109,3,136,6,10,203,1,220,16,24,312,4,356,324,12,336,692
02/10/2000,PAE,WA,ANM,WE,Towers with Display (VFR),4,10,76,2,92,0,12,283,8,303,4,22,359,10,395,388,0,388,783
02/11/2000,PAE,WA,ANM,WE,Towers with Display (VFR),7,13,106,2,128,0,0,0,0,0,7,13,106,2,128,44,0,44,172
02/12/2000,PAE,WA,ANM,WE,Towers with Display (VFR),7,8,97,3,115,0,0,118,3,121,7,8,215,6,236,334,0,334,570
02/13/2000,PAE,WA,ANM,WE,Towers with Display (VFR),3,6,85,2,96,0,0,405,2,407,3,6,490,4,503,400,0,400,903
02/14/2000,PAE,WA,ANM,WE,Towers with Display (VFR),1,10,72,0,83,0,2,0,0,2,1,12,72,0,85,24,0,24,109
02/15/2000,PAE,WA,ANM,WE,Towers with Display (VFR),8,7,85,2,102,2,0,97,2,101,10,7,182,4,203,170,0,170,373
02/16/2000,PAE,WA,ANM,WE,Towers with Display (VFR),9,15,107,3,134,1,3,211,1,216,10,18,318,4,350,218,2,220,570
02/17/2000,PAE,WA,ANM,WE,Towers with Display (VFR),5,16,113,3,137,0,21,341,1,363,5,37,454,4,500,430,2,432,932
02/18/2000,PAE,WA,ANM,WE,Towers with Display (VFR),8,12,83,2,105,2,14,332,2,350,10,26,415,4,455,368,0,368,823
02/19/2000,PAE,WA,ANM,WE,Towers with Display (VFR),6,1,67,2,76,4,0,410,5,419,10,1,477,7,495,340,2,342,837
02/20/2000,PAE,WA,ANM,WE,Towers with Display (VFR),6,4,67,2,79,7,0,293,0,300,13,4,360,2,379,322,0,322,701
02/21/2000,PAE,WA,ANM,WE,Towers with Display (VFR),2,12,78,0,92,0,6,0,0,6,2,18,78,0,98,32,0,32,130
02/22/2000,PAE,WA,ANM,WE,Towers with Display (VFR),5,8,58,2,73,1,17,21,0,39,6,25,79,2,112,42,0,42,154
02/23/2000,PAE,WA,ANM,WE,Towers with Display (VFR),7,12,81,0,100,0,0,128,0,128,7,12,209,0,228,262,0,262,490
02/24/2000,PAE,WA,ANM,WE,Towers with Display (VFR),0,13,92,2,107,0,2,224,0,226,0,15,316,2,333,222,0,222,555
02/25/2000,PAE,WA,ANM,WE,Towers with Display (VFR),6,10,69,0,85,4,5,146,0,155,10,15,215,0,240,218,4,222,462
02/26/2000,PAE,WA,ANM,WE,Towers with Display (VFR),0,10,80,0,90,0,0,383,0,383,0,10,463,0,473,612,0,612,1085
02/27/2000,PAE,WA,ANM,WE,Towers with Display (VFR),1,0,56,1,58,0,0,204,5,209,1,0,260,6,267,414,0,414,681
02/28/2000,PAE,WA,ANM,WE,Towers with Display (VFR),7,11,78,1,97,4,11,92,0,107,11,22,170,1,204,128,0,128,332
02/29/2000,PAE,WA,ANM,WE,Towers with Display (VFR),8,12,85,1,106,7,18,67,5,97,15,30,152,6,203,124,0,124,327
03/01/2000,PAE,WA,ANM,WE,Towers with Display (VFR),5,6,74,0,85,0,10,165,0,175,5,16,239,0,260,230,0,230,490
03/02/2000,PAE,WA,ANM,WE,Towers with Display (VFR),7,12,126,2,147,2,3,106,1,112,9,15,232,3,259,180,0,180,439
03/03/2000,PAE,WA,ANM,WE,Towers with Display (VFR),0,5,66,1,72,0,8,142,12,162,0,13,208,13,234,104,16,120,354
03/04/2000,PAE,WA,ANM,WE,Towers with Display (VFR),4,6,69,1,80,0,11,272,7,290,4,17,341,8,370,358,0,358,728
03/05/2000,PAE,WA,ANM,WE,Towers with Display (VFR),4,0,89,1,94,0,0,361,10,371,4,0,450,11,465,266,0,266,731
03/06/2000,PAE,WA,ANM,WE,Towers with Display (VFR),5,7,80,0,92,18,11,205,0,234,23,18,285,0,326,242,0,242,568
03/07/2000,PAE,WA,ANM,WE,Towers with Display (VFR),5,8,87,1,101,9,5,215,19,248,14,13,302,20,349,338,52,390,739
03/08/2000,PAE,WA,ANM,WE,Towers with Display (VFR),7,9,119,2,137,2,0,79,4,85,9,9,198,6,222,218,2,220,442
03/09/2000,PAE,WA,ANM,WE,Towers with Display (VFR),8,9,113,1,131,1,0,127,1,129,9,9,240,2,260,234,0,234,494
03/10/2000,PAE,WA,ANM,WE,Towers with Display (VFR),5,8,82,1,96,7,7,202,3,219,12,15,284,4,315,264,0,264,579
03/11/2000,PAE,WA,ANM,WE,Towers with Display (VFR),3,6,53,0,62,2,15,234,1,252,5,21,287,1,314,308,4,312,626
03/12/2000,PAE,WA,ANM,WE,Towers with Display (VFR),2,9,83,1,95,0,7,319,1,327,2,16,402,2,422,604,0,604,1026
03/13/2000,PAE,WA,ANM,WE,Towers with Display (VFR),1,6,92,0,99,0,0,168,0,168,1,6,260,0,267,194,0,194,461
03/14/2000,PAE,WA,ANM,WE,Towers with Display (VFR),2,5,45,1,53,6,6,81,14,107,8,11,126,15,160,114,4,118,278
03/15/2000,PAE,WA,ANM,WE,Towers with Display (VFR),4,9,89,1,103,0,1,307,0,308,4,10,396,1,411,316,0,316,727
03/16/2000,PAE,WA,ANM,WE,Towers with Display (VFR),0,0,11,1,12,6,15,91,0,112,6,15,102,1,124,28,0,28,152
03/17/2000,PAE,WA,ANM,WE,Towers with Display (VFR),3,6,59,0,68,0,24,35,0,59,3,30,94,0,127,36,0,36,163
03/18/2000,PAE,WA,ANM,WE,Towers with Display (VFR),2,3,46,1,52,0,0,57,1,58,2,3,103,2,110,52,0,52,162
03/19/2000,PAE,WA,ANM,WE,Towers with Display (VFR),1,0,65,0,66,0,0,161,0,161,1,0,226,0,227,356,0,356,583
03/20/2000,PAE,WA,ANM,WE,Towers with Display (VFR),4,8,83,2,97,1,17,180,0,198,5,25,263,2,295,216,0,216,511
03/21/2000,PAE,WA,ANM,WE,Towers with Display (VFR),5,9,90,2,106,3,8,217,0,228,8,17,307,2,334,316,0,316,650
03/22/2000,PAE,WA,ANM,WE,Towers with Display (VFR),3,12,152,0,167,0,0,4,0,4,3,12,156,0,171,26,0,26,197
03/23/2000,PAE,WA,ANM,WE,Towers with Display (VFR),4,5,74,0,83,1,0,219,0,220,5,5,293,0,303,312,0,312,615
03/24/2000,PAE,WA,ANM,WE,Towers with Display (VFR),6,10,101,1,118,2,10,400,0,412,8,20,501,1,530,376,0,376,906
03/25/2000,PAE,WA,ANM,WE,Towers with Display (VFR),4,8,81,2,95,10,3,395,0,408,14,11,476,2,503,230,0,230,733
03/26/2000,PAE,WA,ANM,WE,Towers with Display (VFR),4,3,77,2,86,1,0,600,0,601,5,3,677,2,687,414,0,414,1101
03/27/2000,PAE,WA,ANM,WE,Towers with Display (VFR),2,6,53,0,61,8,3,65,0,76,10,9,118,0,137,162,0,162,299
03/28/2000,PAE,WA,ANM,WE,Towers with Display (VFR),6,11,118,2,137,2,12,56,1,71,8,23,174,3,208,98,0,98,306
03/29/2000,PAE,WA,ANM,WE,Towers with Display (VFR),7,12,131,2,152,0,9,135,0,144,7,21,266,2,296,228,0,228,524
03/30/2000,PAE,WA,ANM,WE,Towers with Display (VFR),6,11,119,2,138,3,20,387,1,411,9,31,506,3,549,464,0,464,1013
03/31/2000,PAE,WA,ANM,WE,Towers with Display (VFR),5,5,101,1,112,0,0,303,1,304,5,5,404,2,416,344,0,344,760
04/01/2000,PAE,WA,ANM,WE,Towers with Display (VFR),7,8,78,0,93,0,2,465,0,467,7,10,543,0,560,432,0,432,992
04/02/2000,PAE,WA,ANM,WE,Towers with Display (VFR),3,0,45,0,48,0,0,358,0,358,3,0,403,0,406,368,0,368,774
04/03/2000,PAE,WA,ANM,WE,Towers with Display (VFR),6,7,70,0,83,0,11,234,2,247,6,18,304,2,330,306,0,306,636
04/04/2000,PAE,WA,ANM,WE,Towers with Display (VFR),2,8,75,0,85,0,25,19,1,45,2,33,94,1,130,20,2,22,152
04/05/2000,PAE,WA,ANM,WE,Towers with Display (VFR),6,8,71,0,85,12,15,60,2,89,18,23,131,2,174,132,0,132,306
04/06/2000,PAE,WA,ANM,WE,Towers with Display (VFR),7,6,73,0,86,3,0,93,2,98,10,6,166,2,184,134,0,134,318
04/07/2000,PAE,WA,ANM,WE,Towers with Display (VFR),4,7,74,0,85,0,4,398,2,404,4,11,472,2,489,380,0,380,869
04/08/2000,PAE,WA,ANM,WE,Towers with Display (VFR),5,5,52,0,62,0,3,357,7,367,5,8,409,7,429,397,10,407,836
04/09/2000,PAE,WA,ANM,WE,Towers with Display (VFR),3,2,110,1,116,0,0,231,2,233,3,2,341,3,349,262,0,262,611
04/10/2000,PAE,WA,ANM,WE,Towers with Display (VFR),8,8,85,0,101,3,1,248,0,252,11,9,333,0,353,314,0,314,667
04/11/2000,PAE,WA,ANM,WE,Towers with Display (VFR),4,6,55,0,65,13,7,300,2,322,17,13,355,2,387,278,8,286,673
04/12/2000,PAE,WA,ANM,WE,Towers with Display (VFR),12,11,121,2,146,10,6,221,0,237,22,17,342,2,383,238,0,238,621
04/13/2000,PAE,WA,ANM,WE,Towers with Display (VFR),4,7,76,1,88,0,10,94,17,121,4,17,170,18,209,105,0,105,314
04/14/2000,PAE,WA,ANM,WE,Towers with Display (VFR),8,7,76,1,92,8,7,99,1,115,16,14,175,2,207,86,0,86,293
04/15/2000,PAE,WA,ANM,WE,Towers with Display (VFR),7,0,64,1,72,2,0,269,1,272,9,0,333,2,344,402,0,402,746
04/16/2000,PAE,WA,ANM,WE,Towers with Display (VFR),2,5,83,1,91,0,0,124,1,125,2,5,207,2,216,226,0,226,442
04/17/2000,PAE,WA,ANM,WE,Towers with Display (VFR),9,9,99,2,119,7,7,273,2,289,16,16,372,4,408,372,0,372,780
04/18/2000,PAE,WA,ANM,WE,Towers with Display (VFR),5,6,74,1,86,0,34,290,1,325,5,40,364,2,411,382,2,384,795
04/19/2000,PAE,WA,ANM,WE,Towers with Display (VFR),1,8,94,1,104,0,17,269,0,286,1,25,363,1,390,424,0,424,814
04/20/2000,PAE,WA,ANM,WE,Towers with Display (VFR),9,9,91,1,110,5,4,265,1,275,14,13,356,2,385,382,0,382,767
04/21/2000,PAE,WA,ANM,WE,Towers with Display (VFR),7,7,71,1,86,0,6,196,0,202,7,13,267,1,288,186,0,186,474
04/22/2000,PAE,WA,ANM,WE,Towers with Display (VFR),0,6,67,0,73,0,0,106,0,106,0,6,173,0,179,142,0,142,321
04/23/2000,PAE,WA,ANM,WE,Towers with Display (VFR),1,0,19,0,20,0,0,56,0,56,1,0,75,0,76,46,0,46,122
04/24/2000,PAE,WA,ANM,WE,Towers with Display (VFR),4,5,59,1,69,0,3,251,0,254,4,8,310,1,323,302,0,302,625
04/25/2000,PAE,WA,ANM,WE,Towers with Display (VFR),10,8,94,0,112,5,7,70,0,82,15,15,164,0,194,74,0,74,268
04/26/2000,PAE,WA,ANM,WE,Towers with Display (VFR),7,8,94,2,111,0,5,376,17,398,7,13,470,19,509,520,14,534,1043
04/27/2000,PAE,WA,ANM,WE,Towers with Display (VFR),9,7,82,1,99,11,11,130,3,155,20,18,212,4,254,280,0,280,534
04/28/2000,PAE,WA,ANM,WE,Towers with Display (VFR),2,2,21,1,26,0,5,96,9,110,2,7,117,10,136,34,40,74,210
04/29/2000,PAE,WA,ANM,WE,Towers with Display (VFR),7,1,67,0,75,1,0,441,0,442,8,1,508,0,517,496,0,496,1013
04/30/2000,PAE,WA,ANM,WE,Towers with Display (VFR),0,0,7,0,7,8,0,415,0,423,8,0,422,0,430,260,0,260,690
05/01/2000,PAE,WA,ANM,WE,Towers with Display (VFR),0,1,11,0,12,11,20,255,0,286,11,21,266,0,298,326,0,326,624
05/02/2000,PAE,WA,ANM,WE,Towers with Display (VFR),11,4,97,1,113,8,3,119,2,132,19,7,216,3,245,192,0,192,437
05/03/2000,PAE,WA,ANM,WE,Towers with Display (VFR),5,2,52,0,59,0,4,64,1,69,5,6,116,1,128,76,0,76,204
05/04/2000,PAE,WA,ANM,WE,Towers with Display (VFR),4,3,75,0,82,0,3,135,0,138,4,6,210,0,220,220,0,220,440
05/05/2000,PAE,WA,ANM,WE,Towers with Display (VFR),7,3,69,1,80,7,2,159,2,170,14,5,228,3,250,231,0,231,481
05/06/2000,PAE,WA,ANM,WE,Towers with Display (VFR),5,2,64,1,72,0,2,322,7,331,5,4,386,8,403,372,24,396,799
05/07/2000,PAE,WA,ANM,WE,Towers with Display (VFR),2,2,80,1,85,0,0,400,4,404,2,2,480,5,489,336,0,336,825
05/08/2000,PAE,WA,ANM,WE,Towers with Display (VFR),10,4,105,1,120,0,4,63,7,74,10,8,168,8,194,110,2,112,306
05/09/2000,PAE,WA,ANM,WE,Towers with Display (VFR),11,3,86,1,101,8,5,9,1,23,19,8,95,2,124,16,0,16,140
05/10/2000,PAE,WA,ANM,WE,Towers with Display (VFR),12,4,96,0,112,0,11,154,0,165,12,15,250,0,277,258,0,258,535
05/11/2000,PAE,WA,ANM,WE,Towers with Display (VFR),12,4,128,3,147,0,1,104,0,105,12,5,232,3,252,278,0,278,530
05/12/2000,PAE,WA,ANM,WE,Towers with Display (VFR),16,3,127,2,148,13,9,364,0,386,29,12,491,2,534,410,0,410,944
05/13/2000,PAE,WA,ANM,WE,Towers with Display (VFR),3,0,52,0,55,0,0,577,0,577,3,0,629,0,632,444,0,444,1076
05/14/2000,PAE,WA,ANM,WE,Towers with Display (VFR),4,2,56,1,63,0,8,348,3,359,4,10,404,4,422,378,0,378,800
05/15/2000,PAE,WA,ANM,WE,Towers with Display (VFR),9,2,75,2,88,2,8,258,4,272,11,10,333,6,360,310,0,310,670
05/16/2000,PAE,WA,ANM,WE,Towers with Display (VFR),11,2,87,2,102,7,8,275,0,290,18,10,362,2,392,322,0,322,714
05/17/2000,PAE,WA,ANM,WE,Towers with Display (VFR),15,4,128,0,147,11,8,148,0,167,26,12,276,0,314,312,0,312,626
05/18/2000,PAE,WA,ANM,WE,Towers with Display (VFR),7,4,112,0,123,0,11,167,0,178,7,15,279,0,301,404,0,404,705
05/19/2000,PAE,WA,ANM,WE,Towers with Display (VFR),16,4,136,3,159,1,6,146,4,157,17,10,282,7,316,242,0,242,558
05/20/2000,PAE,WA,ANM,WE,Towers with Display (VFR),9,2,84,2,97,0,0,507,6,513,9,2,591,8,610,350,0,350,960
05/21/2000,PAE,WA,ANM,WE,Towers with Display (VFR),10,0,82,2,94,6,0,235,2,243,16,0,317,4,337,204,0,204,541
05/22/2000,PAE,WA,ANM,WE,Towers with Display (VFR),12,3,102,2,119,0,10,184,0,194,12,13,286,2,313,206,0,206,519
05/23/2000,PAE,WA,ANM,WE,Towers with Display (VFR),9,2,73,1,85,13,5,255,1,274,22,7,328,2,359,200,0,200,559
05/24/2000,PAE,WA,ANM,WE,Towers with Display (VFR),8,2,66,1,77,1,4,323,3,331,9,6,389,4,408,292,0,292,700
05/25/2000,PAE,WA,ANM,WE,Towers with Display (VFR),12,3,97,0,112,11,6,229,0,246,23,9,326,0,358,268,0,268,626
05/26/2000,PAE,WA,ANM,WE,Towers with Display (VFR),12,3,96,1,112,1,4,68,0,73,13,7,164,1,185,74,0,74,259
05/27/2000,PAE,WA,ANM,WE,Towers with Display (VFR),6,1,42,0,49,1,2,26,0,29,7,3,68,0,78,40,0,40,118
05/28/2000,PAE,WA,ANM,WE,Towers with Display (VFR),2,0,13,0,15,8,0,207,0,215,10,0,220,0,230,346,0,346,576
05/29/2000,PAE,WA,ANM,WE,Towers with Display (VFR),2,0,83,1,86,0,0,428,1,429,2,0,511,2,515,500,2,502,1017
05/30/2000,PAE,WA,ANM,WE,Towers with Display (VFR),11,4,152,0,167,0,3,8,0,11,11,7,160,0,178,74,0,74,252
05/31/2000,PAE,WA,ANM,WE,Towers with Display (VFR),8,4,123,1,136,0,2,53,9,64,8,6,176,10,200,196,0,196,396
06/01/2000,PAE,WA,ANM,WE,Towers with Display (VFR),10,9,112,1,132,16,2,258,4,280,26,11,370,5,412,350,0,350,762
06/02/2000,PAE,WA,ANM,WE,Towers with Display (VFR),6,6,74,1,87,0,3,236,1,240,6,9,310,2,327,282,0,282,609
06/03/2000,PAE,WA,ANM,WE,Towers with Display (VFR),6,6,76,1,89,2,2,541,3,548,8,8,617,4,637,332,4,336,973
06/04/2000,PAE,WA,ANM,WE,Towers with Display (VFR),2,1,64,0,67,0,0,440,2,442,2,1,504,2,509,464,0,464,973
06/05/2000,PAE,WA,ANM,WE,Towers with Display (VFR),7,7,82,0,96,11,18,183,0,212,18,25,265,0,308,238,0,238,546
06/06/2000,PAE,WA,ANM,WE,Towers with Display (VFR),6,7,85,1,99,0,14,226,2,242,6,21,311,3,341,318,0,318,659
06/07/2000,PAE,WA,ANM,WE,Towers with Display (VFR),11,9,119,1,140,4,4,56,0,64,15,13,175,1,204,20,0,20,224
06/08/2000,PAE,WA,ANM,WE,Towers with Display (VFR),7,9,117,1,134,0,4,97,1,102,7,13,214,2,236,174,0,174,410
06/09/2000,PAE,WA,ANM,WE,Towers with Display (VFR),6,4,102,1,113,0,0,207,6,213,6,4,309,7,326,294,4,298,624
06/10/2000,PAE,WA,ANM,WE,Towers with Display (VFR),6,2,72,2,82,0,0,247,4,251,6,2,319,6,333,338,4,342,675
06/11/2000,PAE,WA,ANM,WE,Towers with Display (VFR),6,3,77,2,88,0,0,173,3,176,6,3,250,5,264,312,4,316,580
06/12/2000,PAE,WA,ANM,WE,Towers with Display (VFR),6,4,54,0,64,9,5,37,0,51,15,9,91,0,115,80,0,80,195
06/13/2000,PAE,WA,ANM,WE,Towers with Display (VFR),3,7,107,0,117,0,2,225,0,227,3,9,332,0,344,350,0,350,694
06/14/2000,PAE,WA,ANM,WE,Towers with Display (VFR),6,7,95,0,108,0,8,72,0,80,6,15,167,0,188,110,0,110,298
06/15/2000,PAE,WA,ANM,WE,Towers with Display (VFR),9,7,97,2,115,7,10,340,1,358,16,17,437,3,473,398,8,406,879
06/16/2000,PAE,WA,ANM,WE,Towers with Display (VFR),4,4,51,1,60,0,6,559,5,570,4,10,610,6,630,410,0,410,1040
06/17/2000,PAE,WA,ANM,WE,Towers with Display (VFR),7,3,67,2,79,26,0,480,1,507,33,3,547,3,586,428,0,428,1014
06/18/2000,PAE,WA,ANM,WE,Towers with Display (VFR),4,0,86,2,92,0,0,84,0,84,4,0,170,2,176,28,0,28,204
06/19/2000,PAE,WA,ANM,WE,Towers with Display (VFR),8,11,152,3,174,0,9,262,0,271,8,20,414,3,445,410,0,410,855
06/20/2000,PAE,WA,ANM,WE,Towers with Display (VFR),7,9,120,0,136,0,0,366,0,366,7,9,486,0,502,424,0,424,926
06/21/2000,PAE,WA,ANM,WE,Towers with Display (VFR),12,9,118,2,141,6,1,212,2,221,18,10,330,4,362,364,8,372,734
06/22/2000,PAE,WA,ANM,WE,Towers with Display (VFR),8,6,83,2,99,4,1,311,5,321,12,7,394,7,420,420,0,420,840
06/23/2000,PAE,WA,ANM,WE,Towers with Display (VFR),6,5,60,1,72,5,1,278,3,287,11,6,338,4,359,214,8,222,581
06/24/2000,PAE,WA,ANM,WE,Towers with Display (VFR),6,4,57,1,68,12,9,333,0,354,18,13,390,1,422,314,4,318,740
06/25/2000,PAE,WA,ANM,WE,Towers with Display (VFR),5,4,51,0,60,5,0,514,3,522,10,4,565,3,582,334,2,336,918
06/26/2000,PAE,WA,ANM,WE,Towers with Display (VFR),8,7,93,1,109,0,16,207,1,224,8,23,300,2,333,254,6,260,593
06/27/2000,PAE,WA,ANM,WE,Towers with Display (VFR),8,5,80,1,94,7,19,296,1,323,15,24,376,2,417,214,0,214,631
06/28/2000,PAE,WA,ANM,WE,Towers with Display (VFR),8,5,80,1,94,12,11,258,0,281,20,16,338,1,375,264,0,264,639
06/29/2000,PAE,WA,ANM,WE,Towers with Display (VFR),1,4,67,1,73,0,12,203,3,218,1,16,270,4,291,252,4,256,547
06/30/2000,PAE,WA,ANM,WE,Towers with Display (VFR),9,7,96,1,113,6,2,254,9,271,15,9,350,10,384,216,8,224,608
07/01/2000,PAE,WA,ANM,WE,Towers with Display (VFR),9,0,101,2,112,23,0,171,27,221,32,0,272,29,333,260,0,260,593
07/02/2000,PAE,WA,ANM,WE,Towers with Display (VFR),1,0,49,0,50,0,0,427,0,427,1,0,476,0,477,478,0,478,955
07/03/2000,PAE,WA,ANM,WE,Towers with Display (VFR),4,3,49,0,56,6,15,167,0,188,10,18,216,0,244,244,0,244,488
07/04/2000,PAE,WA,ANM,WE,Towers with Display (VFR),1,0,38,0,39,0,0,184,8,192,1,0,222,8,231,240,0,240,471
07/05/2000,PAE,WA,ANM,WE,Towers with Display (VFR),4,3,44,1,52,3,4,220,1,228,7,7,264,2,280,400,0,400,680
07/06/2000,PAE,WA,ANM,WE,Towers with Display (VFR),5,5,67,0,77,0,7,181,0,188,5,12,248,0,265,214,0,214,479
07/07/2000,PAE,WA,ANM,WE,Towers with Display (VFR),8,6,77,0,91,9,3,437,0,449,17,9,514,0,540,474,0,474,1014
07/08/2000,PAE,WA,ANM,WE,Towers with Display (VFR),5,1,53,0,59,4,0,213,0,217,9,1,266,0,276,198,0,198,474
07/09/2000,PAE,WA,ANM,WE,Towers with Display (VFR),4,3,41,1,49,16,5,403,3,427,20,8,444,4,476,484,0,484,960
07/10/2000,PAE,WA,ANM,WE,Towers with Display (VFR),11,5,109,0,125,14,0,163,0,177,25,5,272,0,302,266,0,266,568
07/11/2000,PAE,WA,ANM,WE,Towers with Display (VFR),10,6,103,1,120,0,3,258,0,261,10,9,361,1,381,330,0,330,711
07/12/2000,PAE,WA,ANM,WE,Towers with Display (VFR),8,5,93,0,106,0,4,361,0,365,8,9,454,0,471,458,0,458,929
07/13/2000,PAE,WA,ANM,WE,Towers with Display (VFR),7,6,98,0,111,0,2,232,0,234,7,8,330,0,345,176,0,176,521
07/14/2000,PAE,WA,ANM,WE,Towers with Display (VFR),9,5,89,3,106,5,5,306,2,318,14,10,395,5,424,430,2,432,856
07/15/2000,PAE,WA,ANM,WE,Towers with Display (VFR),6,2,69,2,79,0,0,507,4,511,6,2,576,6,590,420,0,420,1010
07/16/2000,PAE,WA,ANM,WE,Towers with Display (VFR),6,4,71,2,83,0,2,557,4,563,6,6,628,6,646,426,0,426,1072
07/17/2000,PAE,WA,ANM,WE,Towers with Display (VFR),11,6,103,0,120,7,21,359,0,387,18,27,462,0,507,502,0,502,1009
07/18/2000,PAE,WA,ANM,WE,Towers with Display (VFR),10,5,97,3,115,1,5,259,3,268,11,10,356,6,383,508,0,508,891
07/19/2000,PAE,WA,ANM,WE,Towers with Display (VFR),11,6,110,1,128,9,0,391,0,400,20,6,501,1,528,518,0,518,1046
07/20/2000,PAE,WA,ANM,WE,Towers with Display (VFR),8,4,74,2,88,10,3,349,2,364,18,7,423,4,452,334,0,334,786
07/21/2000,PAE,WA,ANM,WE,Towers with Display (VFR),6,4,84,3,97,0,15,463,33,511,6,19,547,36,608,320,0,320,928
07/22/2000,PAE,WA,ANM,WE,Towers with Display (VFR),3,2,38,0,43,0,1,96,0,97,3,3,134,0,140,104,0,104,244
07/23/2000,PAE,WA,ANM,WE,Towers with Display (VFR),2,1,68,2,73,0,0,330,0,330,2,1,398,2,403,460,2,462,865
07/24/2000,PAE,WA,ANM,WE,Towers with Display (VFR),5,4,67,0,76,0,10,240,0,250,5,14,307,0,326,256,0,256,582
07/25/2000,PAE,WA,ANM,WE,Towers with Display (VFR),12,7,121,1,141,4,4,137,0,145,16,11,258,1,286,250,0,250,536
07/26/2000,PAE,WA,ANM,WE,Towers with Display (VFR),6,3,60,0,69,1,8,222,0,231,7,11,282,0,300,258,0,258,558
07/27/2000,PAE,WA,ANM,WE,Towers with Display (VFR),2,3,66,0,71,0,12,214,0,226,2,15,280,0,297,290,0,290,587
07/28/2000,PAE,WA,ANM,WE,Towers with Display (VFR),4,2,41,0,47,1,3,186,0,190,5,5,227,0,237,246,1,247,484
07/29/2000,PAE,WA,ANM,WE,Towers with Display (VFR),0,0,9,0,9,2,11,250,1,264,2,11,259,1,273,284,0,284,557
07/30/2000,PAE,WA,ANM,WE,Towers with Display (VFR),5,2,47,1,55,1,7,345,0,353,6,9,392,1,408,404,2,406,814
07/31/2000,PAE,WA,ANM,WE,Towers with Display (VFR),5,5,86,2,98,0,32,334,4,370,5,37,420,6,468,436,24,460,928
08/01/2000,PAE,WA,ANM,WE,Towers with Display (VFR),7,4,71,0,82,2,6,356,11,375,9,10,427,11,457,546,2,548,1005
08/02/2000,PAE,WA,ANM,WE,Towers with Display (VFR),0,3,53,0,56,0,16,349,10,375,0,19,402,10,431,466,0,466,897
08/03/2000,PAE,WA,ANM,WE,Towers with Display (VFR),9,6,96,1,112,9,11,242,3,265,18,17,338,4,377,182,0,182,559
08/04/2000,PAE,WA,ANM,WE,Towers with Display (VFR),2,2,35,0,39,0,12,336,2,350,2,14,371,2,389,266,0,266,655
08/05/2000,PAE,WA,ANM,WE,Towers with Display (VFR),2,2,30,0,34,4,38,345,4,391,6,40,375,4,425,304,0,304,729
08/06/2000,PAE,WA,ANM,WE,Towers with Display (VFR),6,5,73,0,84,0,19,229,2,250,6,24,302,2,334,186,0,186,520
08/07/2000,PAE,WA,ANM,WE,Towers with Display (VFR),8,5,81,0,94,2,1,179,0,182,10,6,260,0,276,240,0,240,516
08/08/2000,PAE,WA,ANM,WE,Towers with Display (VFR),7,4,68,0,79,9,1,250,3,263,16,5,318,3,342,392,0,392,734
08/09/2000,PAE,WA,ANM,WE,Towers with Display (VFR),6,4,64,0,74,8,7,293,7,315,14,11,357,7,389,412,2,414,803
08/10/2000,PAE,WA,ANM,WE,Towers with Display (VFR),2,5,72,0,79,0,5,222,4,231,2,10,294,4,310,356,4,360,670
08/11/2000,PAE,WA,ANM,WE,Towers with Display (VFR),8,4,77,1,90,1,5,363,0,369,9,9,440,1,459,390,0,390,849
08/12/2000,PAE,WA,ANM,WE,Towers with Display (VFR),6,2,52,0,60,5,2,366,0,373,11,4,418,0,433,382,0,382,815
08/13/2000,PAE,WA,ANM,WE,Towers with Display (VFR),5,0,45,1,51,0,0,438,1,439,5,0,483,2,490,512,0,512,1002
08/14/2000,PAE,WA,ANM,WE,Towers with Display (VFR),1,3,58,0,62,0,7,319,0,326,1,10,377,0,388,340,0,340,728
08/15/2000,PAE,WA,ANM,WE,Towers with Display (VFR),9,4,78,1,92,1,6,255,1,263,10,10,333,2,355,410,0,410,765
08/16/2000,PAE,WA,ANM,WE,Towers with Display (VFR),6,3,53,0,62,0,9,311,0,320,6,12,364,0,382,298,0,298,680
08/17/2000,PAE,WA,ANM,WE,Towers with Display (VFR),4,3,56,1,64,0,6,389,7,402,4,9,445,8,466,490,0,490,956
08/18/2000,PAE,WA,ANM,WE,Towers with Display (VFR),10,5,100,0,115,4,2,122,0,128,14,7,222,0,243,114,0,114,357
08/19/2000,PAE,WA,ANM,WE,Towers with Display (VFR),2,1,23,1,27,2,1,267,3,273,4,2,290,4,300,242,0,242,542
08/20/2000,PAE,WA,ANM,WE,Towers with Display (VFR),4,0,33,1,38,3,0,331,2,336,7,0,364,3,374,388,2,390,764
08/21/2000,PAE,WA,ANM,WE,Towers with Display (VFR),3,2,50,0,55,0,11,334,0,345,3,13,384,0,400,353,0,353,753
08/22/2000,PAE,WA,ANM,WE,Towers with Display (VFR),4,2,48,1,55,0,5,278,1,284,4,7,326,2,339,310,0,310,649
08/23/2000,PAE,WA,ANM,WE,Towers with Display (VFR),8,4,74,0,86,0,5,254,0,259,8,9,328,0,345,240,0,240,585
08/24/2000,PAE,WA,ANM,WE,Towers with Display (VFR),10,4,90,1,105,11,13,186,0,210,21,17,276,1,315,232,0,232,547
08/25/2000,PAE,WA,ANM,WE,Towers with Display (VFR),5,2,44,0,51,5,6,192,0,203,10,8,236,0,254,294,0,294,548
08/26/2000,PAE,WA,ANM,WE,Towers with Display (VFR),6,1,58,1,66,5,0,247,2,254,11,1,305,3,320,236,0,236,556
08/27/2000,PAE,WA,ANM,WE,Towers with Display (VFR),5,0,47,0,52,7,0,397,0,404,12,0,444,0,456,458,0,458,914
08/28/2000,PAE,WA,ANM,WE,Towers with Display (VFR),7,3,65,1,76,4,15,363,1,383,11,18,428,2,459,360,2,362,821
08/29/2000,PAE,WA,ANM,WE,Towers with Display (VFR),8,4,74,0,86,2,7,120,0,129,10,11,194,0,215,198,0,198,413
08/30/2000,PAE,WA,ANM,WE,Towers with Display (VFR),6,2,51,0,59,7,8,238,0,253,13,10,289,0,312,224,4,228,540
08/31/2000,PAE,WA,ANM,WE,Towers with Display (VFR),7,3,64,0,74,2,7,107,0,116,9,10,171,0,190,316,0,316,506
09/01/2000,PAE,WA,ANM,WE,Towers with Display (VFR),7,3,50,0,60,14,5,258,9,286,21,8,308,9,346,412,4,416,762
09/02/2000,PAE,WA,ANM,WE,Towers with Display (VFR),3,3,33,0,39,0,0,235,1,236,3,3,268,1,275,268,0,268,543
09/03/2000,PAE,WA,ANM,WE,Towers with Display (VFR),3,3,37,0,43,0,0,298,0,298,3,3,335,0,341,456,0,456,797
09/04/2000,PAE,WA,ANM,WE,Towers with Display (VFR),0,1,49,0,50,0,0,405,0,405,0,1,454,0,455,556,0,556,1011
09/05/2000,PAE,WA,ANM,WE,Towers with Display (VFR),6,4,47,0,57,12,3,209,6,230,18,7,256,6,287,290,6,296,583
09/06/2000,PAE,WA,ANM,WE,Towers with Display (VFR),7,4,53,0,64,0,2,185,0,187,7,6,238,0,251,244,0,244,495
09/07/2000,PAE,WA,ANM,WE,Towers with Display (VFR),6,4,56,0,66,0,4,121,1,126,6,8,177,1,192,206,2,208,400
09/08/2000,PAE,WA,ANM,WE,Towers with Display (VFR),9,4,65,0,78,8,7,137,0,152,17,11,202,0,230,250,0,250,480
09/09/2000,PAE,WA,ANM,WE,Towers with Display (VFR),2,2,37,0,41,0,0,108,0,108,2,2,145,0,149,230,0,230,379
09/10/2000,PAE,WA,ANM,WE,Towers with Display (VFR),1,0,51,0,52,0,0,239,1,240,1,0,290,1,292,454,0,454,746
09/11/2000,PAE,WA,ANM,WE,Towers with Display (VFR),6,4,51,0,61,8,4,211,1,224,14,8,262,1,285,152,0,152,437
09/12/2000,PAE,WA,ANM,WE,Towers with Display (VFR),6,4,47,0,57,10,10,334,7,361,16,14,381,7,418,492,2,494,912
09/13/2000,PAE,WA,ANM,WE,Towers with Display (VFR),10,3,63,1,77,7,7,333,4,351,17,10,396,5,428,374,0,374,802
09/14/2000,PAE,WA,ANM,WE,Towers with Display (VFR),8,3,53,1,65,8,6,272,1,287,16,9,325,2,352,234,0,234,586
09/15/2000,PAE,WA,ANM,WE,Towers with Display (VFR),5,2,34,1,42,4,7,302,5,318,9,9,336,6,360,434,0,434,794
09/16/2000,PAE,WA,ANM,WE,Towers with Display (VFR),7,2,41,0,50,6,0,268,0,274,13,2,309,0,324,586,2,588,912
09/17/2000,PAE,WA,ANM,WE,Towers with Display (VFR),6,1,46,1,54,0,0,334,3,337,6,1,380,4,391,274,0,274,665
09/18/2000,PAE,WA,ANM,WE,Towers with Display (VFR),11,4,71,0,86,1,15,104,0,120,12,19,175,0,206,118,0,118,324
09/19/2000,PAE,WA,ANM,WE,Towers with Display (VFR),8,2,49,1,60,0,4,139,1,144,8,6,188,2,204,264,0,264,468
09/20/2000,PAE,WA,ANM,WE,Towers with Display (VFR),9,3,56,1,69,15,3,37,1,56,24,6,93,2,125,78,0,78,203
09/21/2000,PAE,WA,ANM,WE,Towers with Display (VFR),9,3,60,1,73,20,2,210,3,235,29,5,270,4,308,332,2,334,642
09/22/2000,PAE,WA,ANM,WE,Towers with Display (VFR),5,2,33,1,41,18,5,327,0,350,23,7,360,1,391,434,0,434,825
09/23/2000,PAE,WA,ANM,WE,Towers with Display (VFR),5,0,35,0,40,7,0,611,0,618,12,0,646,0,658,472,0,472,1130
09/24/2000,PAE,WA,ANM,WE,Towers with Display (VFR),2,1,29,0,32,0,2,453,0,455,2,3,482,0,487,576,0,576,1063
09/25/2000,PAE,WA,ANM,WE,Towers with Display (VFR),7,2,42,0,51,9,16,213,0,238,16,18,255,0,289,384,0,384,673
09/26/2000,PAE,WA,ANM,WE,Towers with Display (VFR),5,2,36,0,43,0,15,280,0,295,5,17,316,0,338,500,0,500,838
09/27/2000,PAE,WA,ANM,WE,Towers with Display (VFR),10,3,64,1,78,4,3,358,1,366,14,6,422,2,444,495,0,495,939
09/28/2000,PAE,WA,ANM,WE,Towers with Display (VFR),1,3,60,1,65,0,3,190,9,202,1,6,250,10,267,284,0,284,551
09/29/2000,PAE,WA,ANM,WE,Towers with Display (VFR),6,3,56,0,65,0,7,17,1,25,6,10,73,1,90,0,0,0,90
09/30/2000,PAE,WA,ANM,WE,Towers with Display (VFR),6,2,47,0,55,0,3,24,0,27,6,5,71,0,82,10,0,10,92
10/01/2000,PAE,WA,ANM,WE,Towers with Display (VFR),4,4,38,0,46,9,3,247,0,259,13,7,285,0,305,334,0,334,639
10/02/2000,PAE,WA,ANM,WE,Towers with Display (VFR),6,5,48,0,59,8,4,157,0,169,14,9,205,0,228,340,0,340,568
10/03/2000,PAE,WA,ANM,WE,Towers with Display (VFR),6,5,50,0,61,4,13,231,3,251,10,18,281,3,312,398,0,398,710
10/04/2000,PAE,WA,ANM,WE,Towers with Display (VFR),5,4,41,0,50,3,2,255,0,260,8,6,296,0,310,370,0,370,680
10/05/2000,PAE,WA,ANM,WE,Towers with Display (VFR),5,5,46,0,56,1,4,353,2,360,6,9,399,2,416,402,0,402,818
10/06/2000,PAE,WA,ANM,WE,Towers with Display (VFR),5,5,48,0,58,0,7,452,1,460,5,12,500,1,518,464,0,464,982
10/07/2000,PAE,WA,ANM,WE,Towers with Display (VFR),5,3,46,0,54,3,0,447,1,451,8,3,493,1,505,342,2,344,849
10/08/2000,PAE,WA,ANM,WE,Towers with Display (VFR),5,3,45,0,53,3,0,205,1,209,8,3,250,1,262,242,0,242,504
10/09/2000,PAE,WA,ANM,WE,Towers with Display (VFR),3,1,25,0,29,1,0,0,2,3,4,1,25,2,32,0,0,0,32
10/10/2000,PAE,WA,ANM,WE,Towers with Display (VFR),9,8,78,1,96,2,12,86,1,101,11,20,164,2,197,186,0,186,383
10/11/2000,PAE,WA,ANM,WE,Towers with Display (VFR),7,6,51,0,64,11,10,214,0,235,18,16,265,0,299,390,0,390,689
10/12/2000,PAE,WA,ANM,WE,Towers with Display (VFR),4,5,37,0,46,0,4,201,0,205,4,9,238,0,251,304,0,304,555
10/13/2000,PAE,WA,ANM,WE,Towers with Display (VFR),10,6,75,0,91,3,0,50,0,53,13,6,125,0,144,16,0,16,160
10/14/2000,PAE,WA,ANM,WE,Towers with Display (VFR),4,2,32,1,39,6,0,242,8,256,10,2,274,9,295,288,0,288,583
10/15/2000,PAE,WA,ANM,WE,Towers with Display (VFR),7,0,47,1,55,2,0,283,5,290,9,0,330,6,345,288,4,292,637
10/16/2000,PAE,WA,ANM,WE,Towers with Display (VFR),7,5,52,1,65,3,12,33,1,49,10,17,85,2,114,60,0,60,174
10/17/2000,PAE,WA,ANM,WE,Towers with Display (VFR),6,3,39,1,49,9,9,145,0,163,15,12,184,1,212,130,0,130,342
10/18/2000,PAE,WA,ANM,WE,Towers with Display (VFR),3,6,66,2,77,0,2,142,3,147,3,8,208,5,224,248,0,248,472
10/19/2000,PAE,WA,ANM,WE,Towers with Display (VFR),5,5,52,0,62,0,4,155,0,159,5,9,207,0,221,206,0,206,427
10/20/2000,PAE,WA,ANM,WE,Towers with Display (VFR),5,5,28,0,38,0,2,0,0,2,5,7,28,0,40,0,0,0,40
10/21/2000,PAE,WA,ANM,WE,Towers with Display (VFR),8,1,58,1,68,2,0,382,13,397,10,1,440,14,465,465,0,465,930
10/22/2000,PAE,WA,ANM,WE,Towers with Display (VFR),8,6,62,1,77,0,0,322,4,326,8,6,384,5,403,372,0,372,775
10/23/2000,PAE,WA,ANM,WE,Towers with Display (VFR),7,5,54,1,67,13,7,241,6,267,20,12,295,7,334,280,0,280,614
10/24/2000,PAE,WA,ANM,WE,Towers with Display (VFR),8,6,66,2,82,0,2,214,0,216,8,8,280,2,298,350,0,350,648
10/25/2000,PAE,WA,ANM,WE,Towers with Display (VFR),1,6,68,2,77,0,2,160,0,162,1,8,228,2,239,262,0,262,501
10/26/2000,PAE,WA,ANM,WE,Towers with Display (VFR),11,8,83,0,102,4,4,66,0,74,15,12,149,0,176,154,0,154,330
10/27/2000,PAE,WA,ANM,WE,Towers with Display (VFR),9,7,70,1,87,6,11,183,0,200,15,18,253,1,287,218,0,218,505
10/28/2000,PAE,WA,ANM,WE,Towers with Display (VFR),5,4,79,0,88,0,0,210,0,210,5,4,289,0,298,198,0,198,496
10/29/2000,PAE,WA,ANM,WE,Towers with Display (VFR),1,0,8,0,9,9,0,345,0,354,10,0,353,0,363,324,0,324,687
10/30/2000,PAE,WA,ANM,WE,Towers with Display (VFR),12,9,97,1,119,4,20,105,1,130,16,29,202,2,249,182,0,182,431
10/31/2000,PAE,WA,ANM,WE,Towers with Display (VFR),7,5,55,0,67,3,6,104,0,113,10,11,159,0,180,226,0,226,406
11/01/2000,PAE,WA,ANM,WE,Towers with Display (VFR),6,6,46,0,58,5,3,215,0,223,11,9,261,0,281,334,0,334,615
11/02/2000,PAE,WA,ANM,WE,Towers with Display (VFR),7,6,53,0,66,7,1,211,2,221,14,7,264,2,287,306,0,306,593
11/03/2000,PAE,WA,ANM,WE,Towers with Display (VFR),6,5,45,0,56,2,3,290,2,297,8,8,335,2,353,384,0,384,737
11/04/2000,PAE,WA,ANM,WE,Towers with Display (VFR),4,1,34,0,39,0,0,236,0,236,4,1,270,0,275,282,0,282,557
11/05/2000,PAE,WA,ANM,WE,Towers with Display (VFR),10,1,70,0,81,0,0,137,0,137,10,1,207,0,218,240,0,240,458
11/06/2000,PAE,WA,ANM,WE,Towers with Display (VFR),10,8,74,1,93,10,1,60,3,74,20,9,134,4,167,180,0,180,347
11/07/2000,PAE,WA,ANM,WE,Towers with Display (VFR),6,6,46,0,58,4,1,127,6,138,10,7,173,6,196,310,8,318,514
11/08/2000,PAE,WA,ANM,WE,Towers with Display (VFR),5,5,42,0,52,12,13,32,2,59,17,18,74,2,111,86,0,86,197
11/09/2000,PAE,WA,ANM,WE,Towers with Display (VFR),12,9,86,0,107,31,11,85,0,127,43,20,171,0,234,152,0,152,386
11/10/2000,PAE,WA,ANM,WE,Towers with Display (VFR),8,7,61,0,76,3,14,436,0,453,11,21,497,0,529,392,0,392,921
11/11/2000,PAE,WA,ANM,WE,Towers with Display (VFR),6,5,74,1,86,0,0,527,0,527,6,5,601,1,613,632,0,632,1245
11/12/2000,PAE,WA,ANM,WE,Towers with Display (VFR),6,2,52,0,60,0,0,393,0,393,6,2,445,0,453,458,0,458,911
11/13/2000,PAE,WA,ANM,WE,Towers with Display (VFR),11,6,67,1,85,3,0,136,1,140,14,6,203,2,225,280,0,280,505
11/14/2000,PAE,WA,ANM,WE,Towers with Display (VFR),8,6,52,1,67,7,27,242,0,276,15,33,294,1,343,328,0,328,671
11/15/2000,PAE,WA,ANM,WE,Towers with Display (VFR),10,7,0,1,18,1,3,0,1,5,11,10,0,2,23,320,0,320,343
11/16/2000,PAE,WA,ANM,WE,Towers with Display (VFR),11,7,67,0,85,4,25,242,0,271,15,32,309,0,356,300,0,300,656
11/17/2000,PAE,WA,ANM,WE,Towers with Display (VFR),2,7,67,0,76,0,15,310,0,325,2,22,377,0,401,364,0,364,765
11/18/2000,PAE,WA,ANM,WE,Towers with Display (VFR),11,5,91,2,109,0,0,385,0,385,11,5,476,2,494,322,0,322,816
11/19/2000,PAE,WA,ANM,WE,Towers with Display (VFR),1,0,10,0,11,14,0,344,0,358,15,0,354,0,369,356,0,356,725
11/20/2000,PAE,WA,ANM,WE,Towers with Display (VFR),3,5,56,1,65,0,5,244,1,250,3,10,300,2,315,300,0,300,615
11/21/2000,PAE,WA,ANM,WE,Towers with Display (VFR),16,10,101,2,129,4,5,207,2,218,20,15,308,4,347,310,4,314,661
11/22/2000,PAE,WA,ANM,WE,Towers with Display (VFR),10,7,75,2,94,0,9,325,2,336,10,16,400,4,430,320,0,320,750
11/23/2000,PAE,WA,ANM,WE,Towers with Display (VFR),2,0,18,0,20,0,0,15,0,15,2,0,33,0,35,0,0,0,35
11/24/2000,PAE,WA,ANM,WE,Towers with Display (VFR),9,5,56,0,70,4,5,249,0,258,13,10,305,0,328,256,0,256,584
11/25/2000,PAE,WA,ANM,WE,Towers with Display (VFR),4,3,77,2,86,0,0,52,0,52,4,3,129,2,138,62,0,62,200
11/26/2000,PAE,WA,ANM,WE,Towers with Display (VFR),2,2,57,1,62,0,0,64,0,64,2,2,121,1,126,20,0,20,146
11/27/2000,PAE,WA,ANM,WE,Towers with Display (VFR),10,7,66,0,83,2,1,116,1,120,12,8,182,1,203,84,0,84,287
11/28/2000,PAE,WA,ANM,WE,Towers with Display (VFR),2,4,43,0,49,0,10,234,4,248,2,14,277,4,297,262,4,266,563
11/29/2000,PAE,WA,ANM,WE,Towers with Display (VFR),14,9,94,1,118,7,10,46,3,66,21,19,140,4,184,144,6,150,334
11/30/2000,PAE,WA,ANM,WE,Towers with Display (VFR),15,10,102,1,128,1,4,129,1,135,16,14,231,2,263,150,0,150,413
12/01/2000,PAE,WA,ANM,WE,Towers with Display (VFR),9,8,71,0,88,6,0,169,4,179,15,8,240,4,267,180,0,180,447
12/02/2000,PAE,WA,ANM,WE,Towers with Display (VFR),8,2,66,0,76,0,0,224,0,224,8,2,290,0,300,218,0,218,518
12/03/2000,PAE,WA,ANM,WE,Towers with Display (VFR),9,0,73,0,82,7,0,482,6,495,16,0,555,6,577,582,20,602,1179
12/04/2000,PAE,WA,ANM,WE,Towers with Display (VFR),7,8,58,0,73,7,15,197,1,220,14,23,255,1,293,268,0,268,561
12/05/2000,PAE,WA,ANM,WE,Towers with Display (VFR),4,5,37,0,46,5,0,226,2,233,9,5,263,2,279,360,0,360,639
12/06/2000,PAE,WA,ANM,WE,Towers with Display (VFR),7,8,56,0,71,14,2,296,2,314,21,10,352,2,385,408,0,408,793
12/07/2000,PAE,WA,ANM,WE,Towers with Display (VFR),1,2,14,0,17,3,3,0,0,6,4,5,14,0,23,0,0,0,23
12/08/2000,PAE,WA,ANM,WE,Towers with Display (VFR),5,5,32,1,43,15,5,0,3,23,20,10,32,4,66,0,0,0,66
12/09/2000,PAE,WA,ANM,WE,Towers with Display (VFR),9,8,69,0,86,13,3,183,0,199,22,11,252,0,285,384,0,384,669
12/10/2000,PAE,WA,ANM,WE,Towers with Display (VFR),6,2,43,0,51,2,0,124,0,126,8,2,167,0,177,250,0,250,427
12/11/2000,PAE,WA,ANM,WE,Towers with Display (VFR),6,7,51,0,64,0,15,131,0,146,6,22,182,0,210,170,0,170,380
12/12/2000,PAE,WA,ANM,WE,Towers with Display (VFR),10,9,69,1,89,0,11,189,2,202,10,20,258,3,291,262,0,262,553
12/13/2000,PAE,WA,ANM,WE,Towers with Display (VFR),9,7,60,1,77,2,30,121,1,154,11,37,181,2,231,194,0,194,425
12/14/2000,PAE,WA,ANM,WE,Towers with Display (VFR),7,6,50,0,63,0,5,25,0,30,7,11,75,0,93,10,0,10,103
12/15/2000,PAE,WA,ANM,WE,Towers with Display (VFR),10,9,69,0,88,2,8,204,0,214,12,17,273,0,302,210,0,210,512
12/16/2000,PAE,WA,ANM,WE,Towers with Display (VFR),2,1,7,1,11,5,0,0,1,6,7,1,7,2,17,0,0,0,17
12/17/2000,PAE,WA,ANM,WE,Towers with Display (VFR),4,0,56,0,60,0,0,330,0,330,4,0,386,0,390,418,0,418,808
12/18/2000,PAE,WA,ANM,WE,Towers with Display (VFR),6,5,43,1,55,2,0,0,0,2,8,5,43,1,57,43,0,43,100
12/19/2000,PAE,WA,ANM,WE,Towers with Display (VFR),6,7,58,1,72,0,11,68,1,80,6,18,126,2,152,146,0,146,298
12/20/2000,PAE,WA,ANM,WE,Towers with Display (VFR),5,5,40,1,51,10,4,74,9,97,15,9,114,10,148,198,12,210,358
12/21/2000,PAE,WA,ANM,WE,Towers with Display (VFR),7,5,46,1,59,8,14,122,4,148,15,19,168,5,207,140,0,140,347
12/22/2000,PAE,WA,ANM,WE,Towers with Display (VFR),9,9,65,0,83,2,18,104,0,124,11,27,169,0,207,308,0,308,515
12/23/2000,PAE,WA,ANM,WE,Towers with Display (VFR),4,7,57,0,68,0,10,93,0,103,4,17,150,0,171,184,0,184,355
12/24/2000,PAE,WA,ANM,WE,Towers with Display (VFR),1,2,36,0,39,0,0,56,0,56,1,2,92,0,95,22,0,22,117
12/25/2000,PAE,WA,ANM,WE,Towers with Display (VFR),0,0,4,0,4,0,0,47,0,47,0,0,51,0,51,40,0,40,91
12/26/2000,PAE,WA,ANM,WE,Towers with Display (VFR),3,4,34,0,41,0,10,246,0,256,3,14,280,0,297,194,0,194,491
12/27/2000,PAE,WA,ANM,WE,Towers with Display (VFR),6,10,74,0,90,0,3,150,0,153,6,13,224,0,243,228,0,228,471
12/28/2000,PAE,WA,ANM,WE,Towers with Display (VFR),5,12,99,1,117,0,10,256,1,267,5,22,355,2,384,230,0,230,614
12/29/2000,PAE,WA,ANM,WE,Towers with Display (VFR),8,7,58,0,73,2,2,267,2,273,10,9,325,2,346,392,0,392,738
12/30/2000,PAE,WA,ANM,WE,Towers with Display (VFR),0,2,76,0,78,0,0,67,2,69,0,2,143,2,147,62,0,62,209
12/31/2000,PAE,WA,ANM,WE,Towers with Display (VFR),3,2,59,0,64,0,0,31,0,31,3,2,90,0,95,52,0,52,147
01/01/2001,PAE,WA,ANM,WE,Towers with Display (VFR),0,4,32,0,36,0,0,298,2,300,0,4,330,2,336,250,2,252,588
01/02/2001,PAE,WA,ANM,WE,Towers with Display (VFR),4,4,36,0,44,0,3,150,1,154,4,7,186,1,198,176,0,176,374
01/03/2001,PAE,WA,ANM,WE,Towers with Display (VFR),5,7,54,1,67,8,5,76,2,91,13,12,130,3,158,138,0,138,296
01/04/2001,PAE,WA,ANM,WE,Towers with Display (VFR),5,7,55,0,67,7,9,39,0,55,12,16,94,0,122,78,0,78,200
01/05/2001,PAE,WA,ANM,WE,Towers with Display (VFR),7,7,59,1,74,0,14,119,11,144,7,21,178,12,218,84,8,92,310
01/06/2001,PAE,WA,ANM,WE,Towers with Display (VFR),2,3,90,1,96,0,0,374,0,374,2,3,464,1,470,284,0,284,754
01/07/2001,PAE,WA,ANM,WE,Towers with Display (VFR),5,1,50,0,56,0,0,398,2,400,5,1,448,2,456,472,0,472,928
01/08/2001,PAE,WA,ANM,WE,Towers with Display (VFR),5,6,49,0,60,0,3,112,0,115,5,9,161,0,175,182,0,182,357
01/09/2001,PAE,WA,ANM,WE,Towers with Display (VFR),5,5,44,1,55,4,13,118,0,135,9,18,162,1,190,264,0,264,454
01/10/2001,PAE,WA,ANM,WE,Towers with Display (VFR),9,6,79,2,96,9,0,160,4,173,18,6,239,6,269,210,4,214,483
01/11/2001,PAE,WA,ANM,WE,Towers with Display (VFR),9,7,70,2,88,0,8,114,2,124,9,15,184,4,212,260,4,264,476
01/12/2001,PAE,WA,ANM,WE,Towers with Display (VFR),3,8,72,2,85,0,20,167,2,189,3,28,239,4,274,302,0,302,576
01/13/2001,PAE,WA,ANM,WE,Towers with Display (VFR),7,1,57,0,65,1,0,55,0,56,8,1,112,0,121,72,0,72,193
01/14/2001,PAE,WA,ANM,WE,Towers with Display (VFR),3,3,64,0,70,0,0,42,0,42,3,3,106,0,112,14,0,14,126
01/15/2001,PAE,WA,ANM,WE,Towers with Display (VFR),5,0,94,0,99,0,0,152,0,152,5,0,246,0,251,234,0,234,485
01/16/2001,PAE,WA,ANM,WE,Towers with Display (VFR),7,6,59,0,72,0,8,70,0,78,7,14,129,0,150,8,0,8,158
01/17/2001,PAE,WA,ANM,WE,Towers with Display (VFR),9,8,73,2,92,8,2,228,6,244,17,10,301,8,336,122,0,122,458
01/18/2001,PAE,WA,ANM,WE,Towers with Display (VFR),4,3,30,1,38,4,12,60,2,78,8,15,90,3,116,130,4,134,250
01/19/2001,PAE,WA,ANM,WE,Towers with Display (VFR),6,9,80,0,95,0,1,149,0,150,6,10,229,0,245,136,0,136,381
01/20/2001,PAE,WA,ANM,WE,Towers with Display (VFR),12,2,98,2,114,0,0,249,19,268,12,2,347,21,382,340,0,340,722
01/21/2001,PAE,WA,ANM,WE,Towers with Display (VFR),6,4,40,1,51,0,1,2,0,3,6,5,42,1,54,0,0,0,54
01/22/2001,PAE,WA,ANM,WE,Towers with Display (VFR),10,9,82,0,101,10,13,335,0,358,20,22,417,0,459,532,0,532,991
01/23/2001,PAE,WA,ANM,WE,Towers with Display (VFR),12,10,89,2,113,12,7,283,6,308,24,17,372,8,421,476,0,476,897
01/24/2001,PAE,WA,ANM,WE,Towers with Display (VFR),4,3,31,0,38,17,4,137,0,158,21,7,168,0,196,128,0,128,324
01/25/2001,PAE,WA,ANM,WE,Towers with Display (VFR),10,9,80,2,101,24,7,260,0,291,34,16,340,2,392,232,0,232,624
01/26/2001,PAE,WA,ANM,WE,Towers with Display (VFR),10,9,79,0,98,2,9,271,0,282,12,18,350,0,380,388,0,388,768
01/27/2001,PAE,WA,ANM,WE,Towers with Display (VFR),5,6,103,1,115,0,0,544,1,545,5,6,647,2,660,658,0,658,1318
01/28/2001,PAE,WA,ANM,WE,Towers with Display (VFR),4,1,53,0,58,0,0,219,0,219,4,1,272,0,277,386,0,386,663
01/29/2001,PAE,WA,ANM,WE,Towers with Display (VFR),6,5,47,0,58,7,1,123,4,135,13,6,170,4,193,214,0,214,407
01/30/2001,PAE,WA,ANM,WE,Towers with Display (VFR),5,11,98,1,115,0,4,63,2,69,5,15,161,3,184,178,0,178,362
01/31/2001,PAE,WA,ANM,WE,Towers with Display (VFR),9,8,71,0,88,4,2,65,0,71,13,10,136,0,159,70,0,70,229
02/01/2001,PAE,WA,ANM,WE,Towers with Display (VFR),4,10,84,0,98,0,3,138,0,141,4,13,222,0,239,272,0,272,511
02/02/2001,PAE,WA,ANM,WE,Towers with Display (VFR),4,5,37,0,46,10,7,54,0,71,14,12,91,0,117,134,0,134,251
02/03/2001,PAE,WA,ANM,WE,Towers with Display (VFR),10,2,74,0,86,0,0,319,6,325,10,2,393,6,411,400,0,400,811
02/04/2001,PAE,WA,ANM,WE,Towers with Display (VFR),4,0,38,0,42,9,0,51,2,62,13,0,89,2,104,18,0,18,122
02/05/2001,PAE,WA,ANM,WE,Towers with Display (VFR),1,10,81,1,93,0,17,119,5,141,1,27,200,6,234,250,0,250,484
02/06/2001,PAE,WA,ANM,WE,Towers with Display (VFR),10,9,76,1,96,9,5,238,5,257,19,14,314,6,353,284,8,292,645
02/07/2001,PAE,WA,ANM,WE,Towers with Display (VFR),6,8,71,1,86,0,6,291,3,300,6,14,362,4,386,348,0,348,734
02/08/2001,PAE,WA,ANM,WE,Towers with Display (VFR),2,1,11,0,14,0,11,0,0,11,2,12,11,0,25,2,0,2,27
02/09/2001,PAE,WA,ANM,WE,Towers with Display (VFR),10,8,72,1,91,5,2,245,8,260,15,10,317,9,351,354,2,356,707
02/10/2001,PAE,WA,ANM,WE,Towers with Display (VFR),9,8,64,1,82,1,0,316,0,317,10,8,380,1,399,364,0,364,763
02/11/2001,PAE,WA,ANM,WE,Towers with Display (VFR),3,0,45,0,48,0,0,371,0,371,3,0,416,0,419,402,2,404,823
02/12/2001,PAE,WA,ANM,WE,Towers with Display (VFR),5,4,37,1,47,0,6,259,3,268,5,10,296,4,315,410,0,410,725
02/13/2001,PAE,WA,ANM,WE,Towers with Display (VFR),10,8,70,1,89,0,11,294,4,309,10,19,364,5,398,400,2,402,800
02/14/2001,PAE,WA,ANM,WE,Towers with Display (VFR),10,7,66,1,84,0,3,68,6,77,10,10,134,7,161,116,2,118,279
02/15/2001,PAE,WA,ANM,WE,Towers with Display (VFR),11,9,81,0,101,11,3,51,0,65,22,12,132,0,166,114,0,114,280
02/16/2001,PAE,WA,ANM,WE,Towers with Display (VFR),4,2,22,0,28,7,2,2,0,11,11,4,24,0,39,12,0,12,51
02/17/2001,PAE,WA,ANM,WE,Towers with Display (VFR),8,5,62,1,76,0,0,168,3,171,8,5,230,4,247,270,2,272,519
02/18/2001,PAE,WA,ANM,WE,Towers with Display (VFR),2,2,64,1,69,0,0,327,1,328,2,2,391,2,397,346,0,346,743
02/19/2001,PAE,WA,ANM,WE,Towers with Display (VFR),5,3,85,0,93,0,0,340,0,340,5,3,425,0,433,358,0,358,791
02/20/2001,PAE,WA,ANM,WE,Towers with Display (VFR),10,8,71,1,90,3,15,373,3,394,13,23,444,4,484,430,2,432,916
02/21/2001,PAE,WA,ANM,WE,Towers with Display (VFR),7,5,48,1,61,12,19,177,3,211,19,24,225,4,272,312,0,312,584
02/22/2001,PAE,WA,ANM,WE,Towers with Display (VFR),12,9,83,0,104,24,13,204,0,241,36,22,287,0,345,224,0,224,569
02/23/2001,PAE,WA,ANM,WE,Towers with Display (VFR),7,7,63,0,77,0,11,43,2,56,7,18,106,2,133,66,0,66,199
02/24/2001,PAE,WA,ANM,WE,Towers with Display (VFR),5,5,57,0,67,0,0,190,4,194,5,5,247,4,261,376,0,376,637
02/25/2001,PAE,WA,ANM,WE,Towers with Display (VFR),8,2,52,0,62,2,0,332,0,334,10,2,384,0,396,462,0,462,858
02/26/2001,PAE,WA,ANM,WE,Towers with Display (VFR),7,5,49,0,61,1,23,241,1,266,8,28,290,1,327,280,0,280,607
02/27/2001,PAE,WA,ANM,WE,Towers with Display (VFR),10,7,67,0,84,8,21,333,2,364,18,28,400,2,448,392,0,392,840
02/28/2001,PAE,WA,ANM,WE,Towers with Display (VFR),8,6,56,0,70,11,18,246,0,275,19,24,302,0,345,224,0,224,569
03/01/2001,PAE,WA,ANM,WE,Towers with Display (VFR),13,17,85,0,115,0,1,48,0,49,13,18,133,0,164,64,0,64,228
03/02/2001,PAE,WA,ANM,WE,Towers with Display (VFR),15,15,76,0,106,9,4,170,2,185,24,19,246,2,291,232,2,234,525
03/03/2001,PAE,WA,ANM,WE,Towers with Display (VFR),15,2,79,0,96,0,0,417,0,417,15,2,496,0,513,548,0,548,1061
03/04/2001,PAE,WA,ANM,WE,Towers with Display (VFR),5,14,81,0,100,0,0,307,2,309,5,14,388,2,409,370,0,370,779
03/05/2001,PAE,WA,ANM,WE,Towers with Display (VFR),15,15,76,0,106,13,14,209,2,238,28,29,285,2,344,234,2,236,580
03/06/2001,PAE,WA,ANM,WE,Towers with Display (VFR),17,18,87,0,122,12,24,298,3,337,29,42,385,3,459,230,0,230,689
03/07/2001,PAE,WA,ANM,WE,Towers with Display (VFR),16,16,81,0,113,8,9,290,3,310,24,25,371,3,423,294,0,294,717
03/08/2001,PAE,WA,ANM,WE,Towers with Display (VFR),17,18,88,0,123,15,6,72,4,97,32,24,160,4,220,264,8,272,492
03/09/2001,PAE,WA,ANM,WE,Towers with Display (VFR),20,21,103,0,144,10,7,177,7,201,30,28,280,7,345,224,4,228,573
03/10/2001,PAE,WA,ANM,WE,Towers with Display (VFR),14,18,87,0,119,0,0,304,9,313,14,18,391,9,432,294,0,294,726
03/11/2001,PAE,WA,ANM,WE,Towers with Display (VFR),4,1,85,0,90,0,0,133,4,137,4,1,218,4,227,202,0,202,429
03/12/2001,PAE,WA,ANM,WE,Towers with Display (VFR),25,24,68,1,118,2,10,0,0,12,27,34,68,1,130,18,2,20,150
03/13/2001,PAE,WA,ANM,WE,Towers with Display (VFR),17,15,55,1,88,23,51,0,15,89,40,66,55,16,177,60,4,64,241
03/14/2001,PAE,WA,ANM,WE,Towers with Display (VFR),23,21,110,1,155,7,24,165,1,197,30,45,275,2,352,244,2,246,598
03/15/2001,PAE,WA,ANM,WE,Towers with Display (VFR),18,17,81,1,117,0,42,0,1,43,18,59,81,2,160,14,0,14,174
03/16/2001,PAE,WA,ANM,WE,Towers with Display (VFR),17,16,83,1,117,18,48,91,5,162,35,64,174,6,279,210,0,210,489
03/17/2001,PAE,WA,ANM,WE,Towers with Display (VFR),20,16,101,1,138,0,0,239,1,240,20,16,340,2,378,362,0,362,740
03/18/2001,PAE,WA,ANM,WE,Towers with Display (VFR),5,0,34,0,39,0,0,17,0,17,5,0,51,0,56,0,0,0,56
03/19/2001,PAE,WA,ANM,WE,Towers with Display (VFR),4,8,43,0,55,0,16,102,0,118,4,24,145,0,173,102,0,102,275
03/20/2001,PAE,WA,ANM,WE,Towers with Display (VFR),20,19,97,0,136,3,6,238,0,247,23,25,335,0,383,200,0,200,583
03/21/2001,PAE,WA,ANM,WE,Towers with Display (VFR),18,17,89,1,125,10,0,333,4,347,28,17,422,5,472,300,2,302,774
03/22/2001,PAE,WA,ANM,WE,Towers with Display (VFR),14,13,69,1,97,6,15,291,4,316,20,28,360,5,413,278,0,278,691
03/23/2001,PAE,WA,ANM,WE,Towers with Display (VFR),11,10,51,1,73,0,2,259,6,267,11,12,310,7,340,358,0,358,698
03/24/2001,PAE,WA,ANM,WE,Towers with Display (VFR),12,6,61,0,79,0,0,412,0,412,12,6,473,0,491,492,4,496,987
03/25/2001,PAE,WA,ANM,WE,Towers with Display (VFR),9,4,40,1,54,3,0,175,1,179,12,4,215,2,233,258,0,258,491
03/26/2001,PAE,WA,ANM,WE,Towers with Display (VFR),3,12,66,1,82,0,1,184,1,186,3,13,250,2,268,268,2,270,538
03/27/2001,PAE,WA,ANM,WE,Towers with Display (VFR),6,11,61,0,78,0,12,62,0,74,6,23,123,0,152,74,0,74,226
03/28/2001,PAE,WA,ANM,WE,Towers with Display (VFR),5,10,71,0,86,0,0,89,0,89,5,10,160,0,175,72,0,72,247
03/29/2001,PAE,WA,ANM,WE,Towers with Display (VFR),8,8,86,0,102,0,0,100,0,100,8,8,186,0,202,215,0,215,417
03/30/2001,PAE,WA,ANM,WE,Towers with Display (VFR),13,10,63,0,86,1,0,308,1,310,14,10,371,1,396,510,0,510,906
03/31/2001,PAE,WA,ANM,WE,Towers with Display (VFR),9,7,50,0,66,0,0,14,2,16,9,7,64,2,82,0,0,0,82
04/01/2001,PAE,WA,ANM,WE,Towers with Display (VFR),5,2,61,2,70,0,0,175,0,175,5,2,236,2,245,408,0,408,653
04/02/2001,PAE,WA,ANM,WE,Towers with Display (VFR),4,1,35,2,42,2,10,61,0,73,6,11,96,2,115,62,2,64,179
04/03/2001,PAE,WA,ANM,WE,Towers with Display (VFR),7,5,76,4,92,1,23,125,0,149,8,28,201,4,241,342,0,342,583
04/04/2001,PAE,WA,ANM,WE,Towers with Display (VFR),9,6,94,0,109,1,9,447,0,457,10,15,541,0,566,524,0,524,1090
04/05/2001,PAE,WA,ANM,WE,Towers with Display (VFR),6,8,78,2,94,1,4,107,0,112,7,12,185,2,206,290,0,290,496
04/06/2001,PAE,WA,ANM,WE,Towers with Display (VFR),14,4,66,0,84,2,0,95,0,97,16,4,161,0,181,218,0,218,399
04/07/2001,PAE,WA,ANM,WE,Towers with Display (VFR),1,1,60,0,62,0,0,239,0,239,1,1,299,0,301,262,0,262,563
04/08/2001,PAE,WA,ANM,WE,Towers with Display (VFR),4,0,56,1,61,1,0,237,0,238,5,0,293,1,299,282,2,284,583
04/09/2001,PAE,WA,ANM,WE,Towers with Display (VFR),2,3,66,1,72,10,7,211,0,228,12,10,277,1,300,180,2,182,482
04/10/2001,PAE,WA,ANM,WE,Towers with Display (VFR),4,12,76,4,96,0,2,37,0,39,4,14,113,4,135,0,0,0,135
04/11/2001,PAE,WA,ANM,WE,Towers with Display (VFR),11,1,92,2,106,5,15,320,0,340,16,16,412,2,446,462,4,466,912
04/12/2001,PAE,WA,ANM,WE,Towers with Display (VFR),7,10,69,2,88,2,10,78,2,92,9,20,147,4,180,120,0,120,300
04/13/2001,PAE,WA,ANM,WE,Towers with Display (VFR),3,2,95,2,102,1,8,207,0,216,4,10,302,2,318,282,0,282,600
04/14/2001,PAE,WA,ANM,WE,Towers with Display (VFR),5,5,117,0,127,1,1,565,0,567,6,6,682,0,694,600,0,600,1294
04/15/2001,PAE,WA,ANM,WE,Towers with Display (VFR),4,0,56,0,60,0,0,412,0,412,4,0,468,0,472,366,0,366,838
04/16/2001,PAE,WA,ANM,WE,Towers with Display (VFR),5,6,96,0,107,2,12,259,0,273,7,18,355,0,380,348,0,348,728
04/17/2001,PAE,WA,ANM,WE,Towers with Display (VFR),11,4,63,5,83,4,2,118,3,127,15,6,181,8,210,78,0,78,288
04/18/2001,PAE,WA,ANM,WE,Towers with Display (VFR),16,1,94,0,111,0,16,139,0,155,16,17,233,0,266,364,0,364,630
04/19/2001,PAE,WA,ANM,WE,Towers with Display (VFR),9,5,118,7,139,1,18,234,5,258,10,23,352,12,397,372,0,372,769
04/20/2001,PAE,WA,ANM,WE,Towers with Display (VFR),9,6,98,2,115,0,8,226,0,234,9,14,324,2,349,228,2,230,579
04/21/2001,PAE,WA,ANM,WE,Towers with Display (VFR),8,5,78,0,91,4,2,654,0,660,12,7,732,0,751,610,0,610,1361
04/22/2001,PAE,WA,ANM,WE,Towers with Display (VFR),3,0,65,2,70,0,0,133,0,133,3,0,198,2,203,302,0,302,505
04/23/2001,PAE,WA,ANM,WE,Towers with Display (VFR),3,4,51,1,59,2,4,103,0,109,5,8,154,1,168,46,0,46,214
04/24/2001,PAE,WA,ANM,WE,Towers with Display (VFR),6,10,46,2,64,2,5,257,0,264,8,15,303,2,328,302,2,304,632
04/25/2001,PAE,WA,ANM,WE,Towers with Display (VFR),8,11,77,4,100,7,10,468,0,485,15,21,545,4,585,444,2,446,1031
04/26/2001,PAE,WA,ANM,WE,Towers with Display (VFR),24,14,65,4,107,7,22,335,2,366,31,36,400,6,473,530,0,530,1003
04/27/2001,PAE,WA,ANM,WE,Towers with Display (VFR),6,1,78,3,88,0,7,202,0,209,6,8,280,3,297,346,0,346,643
04/28/2001,PAE,WA,ANM,WE,Towers with Display (VFR),4,2,68,0,74,0,0,476,0,476,4,2,544,0,550,540,0,540,1090
04/29/2001,PAE,WA,ANM,WE,Towers with Display (VFR),4,8,33,2,47,0,9,68,1,78,4,17,101,3,125,74,0,74,199
04/30/2001,PAE,WA,ANM,WE,Towers with Display (VFR),5,12,29,0,46,0,21,61,0,82,5,33,90,0,128,30,0,30,158
05/01/2001,PAE,WA,ANM,WE,Towers with Display (VFR),15,7,61,6,89,1,11,141,3,156,16,18,202,9,245,298,0,298,543
05/02/2001,PAE,WA,ANM,WE,Towers with Display (VFR),25,16,93,0,134,0,6,245,0,251,25,22,338,0,385,245,0,245,630
05/03/2001,PAE,WA,ANM,WE,Towers with Display (VFR),19,4,90,1,114,2,8,329,0,339,21,12,419,1,453,455,2,457,910
05/04/2001,PAE,WA,ANM,WE,Towers with Display (VFR),4,7,92,1,104,2,1,171,0,174,6,8,263,1,278,214,4,218,496
05/05/2001,PAE,WA,ANM,WE,Towers with Display (VFR),3,4,33,2,42,0,1,263,0,264,3,5,296,2,306,354,2,356,662
05/06/2001,PAE,WA,ANM,WE,Towers with Display (VFR),3,1,61,4,69,2,2,472,0,476,5,3,533,4,545,496,0,496,1041
05/07/2001,PAE,WA,ANM,WE,Towers with Display (VFR),7,6,68,2,83,0,3,252,0,255,7,9,320,2,338,266,0,266,604
05/08/2001,PAE,WA,ANM,WE,Towers with Display (VFR),8,3,79,6,96,2,2,176,4,184,10,5,255,10,280,310,0,310,590
05/09/2001,PAE,WA,ANM,WE,Towers with Display (VFR),9,4,103,0,116,2,5,232,0,239,11,9,335,0,355,286,2,288,643
05/10/2001,PAE,WA,ANM,WE,Towers with Display (VFR),4,5,95,3,107,0,5,297,0,302,4,10,392,3,409,354,0,354,763
05/11/2001,PAE,WA,ANM,WE,Towers with Display (VFR),9,15,53,0,77,24,0,277,0,301,33,15,330,0,378,372,0,372,750
05/12/2001,PAE,WA,ANM,WE,Towers with Display (VFR),7,2,0,4,13,5,12,527,0,544,12,14,527,4,557,470,0,470,1027
05/13/2001,PAE,WA,ANM,WE,Towers with Display (VFR),0,0,106,1,107,11,0,72,0,83,11,0,178,1,190,172,0,172,362
05/14/2001,PAE,WA,ANM,WE,Towers with Display (VFR),8,7,72,0,87,8,21,30,0,59,16,28,102,0,146,78,0,78,224
05/15/2001,PAE,WA,ANM,WE,Towers with Display (VFR),9,8,83,2,102,3,13,64,0,80,12,21,147,2,182,146,0,146,328
05/16/2001,PAE,WA,ANM,WE,Towers with Display (VFR),5,6,78,2,91,18,12,84,1,115,23,18,162,3,206,200,0,200,406
05/17/2001,PAE,WA,ANM,WE,Towers with Display (VFR),15,7,116,1,139,12,0,186,0,198,27,7,302,1,337,324,0,324,661
05/18/2001,PAE,WA,ANM,WE,Towers with Display (VFR),11,6,84,0,101,15,16,238,0,269,26,22,322,0,370,362,0,362,732
05/19/2001,PAE,WA,ANM,WE,Towers with Display (VFR),0,3,55,0,58,0,0,668,0,668,0,3,723,0,726,430,0,430,1156
05/20/2001,PAE,WA,ANM,WE,Towers with Display (VFR),2,0,32,0,34,0,4,345,0,349,2,4,377,0,383,348,0,348,731
05/21/2001,PAE,WA,ANM,WE,Towers with Display (VFR),6,13,60,1,80,2,6,256,0,264,8,19,316,1,344,418,0,418,762
05/22/2001,PAE,WA,ANM,WE,Towers with Display (VFR),18,2,74,1,95,2,14,331,0,347,20,16,405,1,442,420,0,420,862
05/23/2001,PAE,WA,ANM,WE,Towers with Display (VFR),11,12,81,0,104,1,8,281,0,290,12,20,362,0,394,282,0,282,676
05/24/2001,PAE,WA,ANM,WE,Towers with Display (VFR),7,7,80,2,96,8,4,166,0,178,15,11,246,2,274,262,0,262,536
05/25/2001,PAE,WA,ANM,WE,Towers with Display (VFR),7,16,96,4,123,0,16,312,0,328,7,32,408,4,451,336,0,336,787
05/26/2001,PAE,WA,ANM,WE,Towers with Display (VFR),3,4,85,2,94,0,11,405,0,416,3,15,490,2,510,296,0,296,806
05/27/2001,PAE,WA,ANM,WE,Towers with Display (VFR),6,0,47,0,53,1,0,151,0,152,7,0,198,0,205,144,0,144,349
05/28/2001,PAE,WA,ANM,WE,Towers with Display (VFR),5,0,9,0,14,0,12,96,0,108,5,12,105,0,122,70,0,70,192
05/29/2001,PAE,WA,ANM,WE,Towers with Display (VFR),17,15,144,2,178,6,15,316,5,342,23,30,460,7,520,310,0,310,830
05/30/2001,PAE,WA,ANM,WE,Towers with Display (VFR),8,2,108,4,122,6,17,260,0,283,14,19,368,4,405,388,0,388,793
05/31/2001,PAE,WA,ANM,WE,Towers with Display (VFR),3,11,102,2,118,0,17,416,3,436,3,28,518,5,554,380,0,380,934
06/01/2001,PAE,WA,ANM,WE,Towers with Display (VFR),6,4,66,0,76,2,8,30,0,40,8,12,96,0,116,12,0,12,128
06/02/2001,PAE,WA,ANM,WE,Towers with Display (VFR),1,1,85,1,88,0,0,91,3,94,1,1,176,4,182,194,0,194,376
06/03/2001,PAE,WA,ANM,WE,Towers with Display (VFR),8,0,105,2,115,2,0,297,7,306,10,0,402,9,421,272,0,272,693
06/04/2001,PAE,WA,ANM,WE,Towers with Display (VFR),7,5,100,0,112,2,33,204,0,239,9,38,304,0,351,280,0,280,631
06/05/2001,PAE,WA,ANM,WE,Towers with Display (VFR),9,6,116,2,133,3,8,173,0,184,12,14,289,2,317,250,0,250,567
06/06/2001,PAE,WA,ANM,WE,Towers with Display (VFR),2,8,42,6,58,8,14,239,0,261,10,22,281,6,319,452,0,452,771
06/07/2001,PAE,WA,ANM,WE,Towers with Display (VFR),12,6,102,0,120,0,10,406,3,419,12,16,508,3,539,532,0,532,1071
06/08/2001,PAE,WA,ANM,WE,Towers with Display (VFR),4,4,125,0,133,2,6,248,0,256,6,10,373,0,389,272,0,272,661
06/09/2001,PAE,WA,ANM,WE,Towers with Display (VFR),4,2,78,0,84,1,4,164,0,169,5,6,242,0,253,150,0,150,403
06/10/2001,PAE,WA,ANM,WE,Towers with Display (VFR),5,0,88,0,93,6,0,146,0,152,11,0,234,0,245,204,0,204,449
06/11/2001,PAE,WA,ANM,WE,Towers with Display (VFR),5,3,50,0,58,3,4,42,0,49,8,7,92,0,107,32,0,32,139
06/12/2001,PAE,WA,ANM,WE,Towers with Display (VFR),10,6,99,0,115,4,5,161,0,170,14,11,260,0,285,160,0,160,445
06/13/2001,PAE,WA,ANM,WE,Towers with Display (VFR),12,5,82,1,100,2,9,323,2,336,14,14,405,3,436,354,0,354,790
06/14/2001,PAE,WA,ANM,WE,Towers with Display (VFR),8,9,123,8,148,2,13,265,1,281,10,22,388,9,429,316,0,316,745
06/15/2001,PAE,WA,ANM,WE,Towers with Display (VFR),12,8,73,2,95,4,12,240,1,257,16,20,313,3,352,392,0,392,744
06/16/2001,PAE,WA,ANM,WE,Towers with Display (VFR),7,0,86,0,93,1,0,356,0,357,8,0,442,0,450,466,0,466,916
06/17/2001,PAE,WA,ANM,WE,Towers with Display (VFR),0,1,80,0,81,1,9,417,0,427,1,10,497,0,508,326,2,328,836
06/18/2001,PAE,WA,ANM,WE,Towers with Display (VFR),4,4,93,1,102,0,12,304,0,316,4,16,397,1,418,382,2,384,802
06/19/2001,PAE,WA,ANM,WE,Towers with Display (VFR),15,1,55,0,71,0,19,393,0,412,15,20,448,0,483,480,0,480,963
06/20/2001,PAE,WA,ANM,WE,Towers with Display (VFR),8,3,73,2,86,0,14,477,2,493,8,17,550,4,579,456,0,456,1035
06/21/2001,PAE,WA,ANM,WE,Towers with Display (VFR),9,1,71,0,81,0,16,375,0,391,9,17,446,0,472,376,0,376,848
06/22/2001,PAE,WA,ANM,WE,Towers with Display (VFR),13,2,45,1,61,0,5,188,2,195,13,7,233,3,256,228,0,228,484
06/23/2001,PAE,WA,ANM,WE,Towers with Display (VFR),0,2,65,0,67,0,4,338,1,343,0,6,403,1,410,403,0,403,813
06/24/2001,PAE,WA,ANM,WE,Towers with Display (VFR),9,2,78,2,91,3,1,175,1,180,12,3,253,3,271,144,2,146,417
06/25/2001,PAE,WA,ANM,WE,Towers with Display (VFR),9,8,80,0,97,7,14,178,4,203,16,22,258,4,300,310,0,310,610
06/26/2001,PAE,WA,ANM,WE,Towers with Display (VFR),18,11,39,2,70,0,0,302,1,303,18,11,341,3,373,450,0,450,823
06/27/2001,PAE,WA,ANM,WE,Towers with Display (VFR),21,8,51,0,80,3,7,113,1,124,24,15,164,1,204,98,0,98,302
06/28/2001,PAE,WA,ANM,WE,Towers with Display (VFR),16,2,95,3,116,0,10,274,0,284,16,12,369,3,400,262,0,262,662
06/29/2001,PAE,WA,ANM,WE,Towers with Display (VFR),5,5,94,0,104,0,5,336,2,343,5,10,430,2,447,500,0,500,947
06/30/2001,PAE,WA,ANM,WE,Towers with Display (VFR),5,0,69,0,74,0,2,389,0,391,5,2,458,0,465,346,0,346,811
07/01/2001,PAE,WA,ANM,WE,Towers with Display (VFR),1,2,57,2,62,0,11,361,0,372,1,13,418,2,434,392,0,392,826
07/02/2001,PAE,WA,ANM,WE,Towers with Display (VFR),4,12,72,6,94,3,16,342,2,363,7,28,414,8,457,446,0,446,903
07/03/2001,PAE,WA,ANM,WE,Towers with Display (VFR),6,14,75,2,97,4,1,468,2,475,10,15,543,4,572,632,0,632,1204
07/04/2001,PAE,WA,ANM,WE,Towers with Display (VFR),3,1,26,0,30,0,1,338,0,339,3,2,364,0,369,274,0,274,643
07/05/2001,PAE,WA,ANM,WE,Towers with Display (VFR),10,2,74,0,86,1,14,285,4,304,11,16,359,4,390,326,2,328,718
07/06/2001,PAE,WA,ANM,WE,Towers with Display (VFR),2,2,72,0,76,3,6,352,4,365,5,8,424,4,441,410,0,410,851
07/07/2001,PAE,WA,ANM,WE,Towers with Display (VFR),3,1,56,0,60,1,40,423,5,469,4,41,479,5,529,566,0,566,1095
07/08/2001,PAE,WA,ANM,WE,Towers with Display (VFR),2,3,42,0,47,2,0,329,2,333,4,3,371,2,380,230,0,230,610
07/09/2001,PAE,WA,ANM,WE,Towers with Display (VFR),6,5,68,1,80,0,33,324,0,357,6,38,392,1,437,442,0,442,879
07/10/2001,PAE,WA,ANM,WE,Towers with Display (VFR),2,2,84,1,89,3,7,300,0,310,5,9,384,1,399,472,0,472,871
07/11/2001,PAE,WA,ANM,WE,Towers with Display (VFR),5,5,92,1,103,0,16,345,2,363,5,21,437,3,466,556,0,556,1022
07/12/2001,PAE,WA,ANM,WE,Towers with Display (VFR),7,3,77,0,87,11,17,453,0,481,18,20,530,0,568,466,0,466,1034
07/13/2001,PAE,WA,ANM,WE,Towers with Display (VFR),8,4,84,0,96,2,6,246,0,254,10,10,330,0,350,382,0,382,732
07/14/2001,PAE,WA,ANM,WE,Towers with Display (VFR),5,1,84,0,90,0,1,356,0,357,5,2,440,0,447,530,0,530,977
07/15/2001,PAE,WA,ANM,WE,Towers with Display (VFR),0,0,120,0,120,0,0,38,1,39,0,0,158,1,159,18,0,18,177
07/16/2001,PAE,WA,ANM,WE,Towers with Display (VFR),9,4,81,0,94,21,16,127,5,169,30,20,208,5,263,192,0,192,455
07/17/2001,PAE,WA,ANM,WE,Towers with Display (VFR),6,6,77,0,89,0,4,165,6,175,6,10,242,6,264,254,1,255,519
07/18/2001,PAE,WA,ANM,WE,Towers with Display (VFR),4,5,66,1,76,12,12,257,4,285,16,17,323,5,361,530,10,540,901
07/19/2001,PAE,WA,ANM,WE,Towers with Display (VFR),8,6,88,1,103,6,8,323,0,337,14,14,411,1,440,488,0,488,928
07/20/2001,PAE,WA,ANM,WE,Towers with Display (VFR),14,2,64,4,84,5,9,328,1,343,19,11,392,5,427,484,0,484,911
07/21/2001,PAE,WA,ANM,WE,Towers with Display (VFR),4,0,124,8,136,0,3,135,1,139,4,3,259,9,275,176,0,176,451
07/22/2001,PAE,WA,ANM,WE,Towers with Display (VFR),5,0,57,0,62,0,6,434,0,440,5,6,491,0,502,582,0,582,1084
07/23/2001,PAE,WA,ANM,WE,Towers with Display (VFR),5,1,65,0,71,1,27,347,4,379,6,28,412,4,450,360,0,360,810
07/24/2001,PAE,WA,ANM,WE,Towers with Display (VFR),8,5,59,4,76,2,17,363,9,391,10,22,422,13,467,330,0,330,797
07/25/2001,PAE,WA,ANM,WE,Towers with Display (VFR),7,6,46,0,59,3,5,416,0,424,10,11,462,0,483,480,0,480,963
07/26/2001,PAE,WA,ANM,WE,Towers with Display (VFR),7,6,83,0,96,2,13,367,0,382,9,19,450,0,478,378,0,378,856
07/27/2001,PAE,WA,ANM,WE,Towers with Display (VFR),10,8,91,1,110,1,12,176,0,189,11,20,267,1,299,226,0,226,525
07/28/2001,PAE,WA,ANM,WE,Towers with Display (VFR),11,2,60,4,77,0,3,13,0,16,11,5,73,4,93,18,0,18,111
07/29/2001,PAE,WA,ANM,WE,Towers with Display (VFR),4,0,65,4,73,0,0,320,5,325,4,0,385,9,398,466,0,466,864
07/30/2001,PAE,WA,ANM,WE,Towers with Display (VFR),1,25,51,2,79,1,13,368,0,382,2,38,419,2,461,522,2,524,985
07/31/2001,PAE,WA,ANM,WE,Towers with Display (VFR),10,20,35,0,65,5,4,347,2,358,15,24,382,2,423,418,0,418,841
08/01/2001,PAE,WA,ANM,WE,Towers with Display (VFR),7,2,59,0,68,0,20,295,0,315,7,22,354,0,383,462,0,462,845
08/02/2001,PAE,WA,ANM,WE,Towers with Display (VFR),6,4,76,4,90,6,10,221,3,240,12,14,297,7,330,280,0,280,610
08/03/2001,PAE,WA,ANM,WE,Towers with Display (VFR),19,1,57,1,78,1,11,213,0,225,20,12,270,1,303,198,0,198,501
08/04/2001,PAE,WA,ANM,WE,Towers with Display (VFR),5,3,58,2,68,0,3,349,2,354,5,6,407,4,422,442,8,450,872
08/05/2001,PAE,WA,ANM,WE,Towers with Display (VFR),2,0,48,2,52,0,34,366,1,401,2,34,414,3,453,478,0,478,931
08/06/2001,PAE,WA,ANM,WE,Towers with Display (VFR),9,18,34,0,61,5,15,281,1,302,14,33,315,1,363,418,0,418,781
08/07/2001,PAE,WA,ANM,WE,Towers with Display (VFR),9,4,60,9,82,3,18,449,17,487,12,22,509,26,569,442,8,450,1019
08/08/2001,PAE,WA,ANM,WE,Towers with Display (VFR),5,2,33,0,40,3,11,370,0,384,8,13,403,0,424,290,0,290,714
08/09/2001,PAE,WA,ANM,WE,Towers with Display (VFR),3,8,39,5,55,2,5,445,13,465,5,13,484,18,520,402,0,402,922
08/10/2001,PAE,WA,ANM,WE,Towers with Display (VFR),5,4,42,3,54,1,8,419,11,439,6,12,461,14,493,510,0,510,1003
08/11/2001,PAE,WA,ANM,WE,Towers with Display (VFR),4,1,78,0,83,2,3,415,4,424,6,4,493,4,507,532,0,532,1039
08/12/2001,PAE,WA,ANM,WE,Towers with Display (VFR),1,0,34,1,36,1,2,393,6,402,2,2,427,7,438,444,0,444,882
08/13/2001,PAE,WA,ANM,WE,Towers with Display (VFR),4,4,48,6,62,3,10,273,1,287,7,14,321,7,349,400,0,400,749
08/14/2001,PAE,WA,ANM,WE,Towers with Display (VFR),10,12,42,0,64,3,18,300,4,325,13,30,342,4,389,518,2,520,909
08/15/2001,PAE,WA,ANM,WE,Towers with Display (VFR),10,2,51,4,67,3,7,274,8,292,13,9,325,12,359,528,0,528,887
08/16/2001,PAE,WA,ANM,WE,Towers with Display (VFR),13,6,91,7,117,0,3,129,4,136,13,9,220,11,253,228,4,232,485
08/17/2001,PAE,WA,ANM,WE,Towers with Display (VFR),1,3,73,3,80,1,6,275,3,285,2,9,348,6,365,360,6,366,731
08/18/2001,PAE,WA,ANM,WE,Towers with Display (VFR),4,5,62,2,73,0,2,303,5,310,4,7,365,7,383,446,2,448,831
08/19/2001,PAE,WA,ANM,WE,Towers with Display (VFR),1,0,42,0,43,0,0,490,0,490,1,0,532,0,533,402,0,402,935
08/20/2001,PAE,WA,ANM,WE,Towers with Display (VFR),7,1,43,0,51,5,20,397,2,424,12,21,440,2,475,540,0,540,1015
08/21/2001,PAE,WA,ANM,WE,Towers with Display (VFR),10,10,35,0,55,1,5,35,0,41,11,15,70,0,96,32,0,32,128
08/22/2001,PAE,WA,ANM,WE,Towers with Display (VFR),10,18,63,1,92,3,5,61,0,69,13,23,124,1,161,58,0,58,219
08/23/2001,PAE,WA,ANM,WE,Towers with Display (VFR),2,6,49,2,59,0,5,199,4,208,2,11,248,6,267,202,8,210,477
08/24/2001,PAE,WA,ANM,WE,Towers with Display (VFR),13,1,53,0,67,5,6,270,11,292,18,7,323,11,359,376,0,376,735
08/25/2001,PAE,WA,ANM,WE,Towers with Display (VFR),2,4,57,2,65,0,4,308,10,322,2,8,365,12,387,326,0,326,713
08/26/2001,PAE,WA,ANM,WE,Towers with Display (VFR),2,0,34,2,38,0,0,558,0,558,2,0,592,2,596,454,0,454,1050
08/27/2001,PAE,WA,ANM,WE,Towers with Display (VFR),10,1,55,0,66,3,13,282,6,304,13,14,337,6,370,566,0,566,936
08/28/2001,PAE,WA,ANM,WE,Towers with Display (VFR),10,3,60,0,73,3,8,310,5,326,13,11,370,5,399,474,2,476,875
08/29/2001,PAE,WA,ANM,WE,Towers with Display (VFR),0,1,40,0,41,0,7,392,10,409,0,8,432,10,450,340,0,340,790
08/30/2001,PAE,WA,ANM,WE,Towers with Display (VFR),7,4,49,1,61,6,12,333,1,352,13,16,382,2,413,356,0,356,769
08/31/2001,PAE,WA,ANM,WE,Towers with Display (VFR),6,3,46,0,55,1,13,237,0,251,7,16,283,0,306,286,0,286,592
09/01/2001,PAE,WA,ANM,WE,Towers with Display (VFR),8,1,36,1,46,2,2,162,1,167,10,3,198,2,213,84,0,84,297
09/02/2001,PAE,WA,ANM,WE,Towers with Display (VFR),0,0,22,0,22,0,0,429,10,439,0,0,451,10,461,374,0,374,835
09/03/2001,PAE,WA,ANM,WE,Towers with Display (VFR),0,0,23,0,23,0,0,205,0,205,0,0,228,0,228,444,0,444,672
09/04/2001,PAE,WA,ANM,WE,Towers with Display (VFR),4,3,31,0,38,0,18,253,2,273,4,21,284,2,311,370,0,370,681
09/05/2001,PAE,WA,ANM,WE,Towers with Display (VFR),6,4,38,0,48,0,14,249,1,264,6,18,287,1,312,428,0,428,740
09/06/2001,PAE,WA,ANM,WE,Towers with Display (VFR),11,7,63,0,81,11,6,167,0,184,22,13,230,0,265,204,0,204,469
09/07/2001,PAE,WA,ANM,WE,Towers with Display (VFR),10,4,56,1,71,0,9,347,2,358,10,13,403,3,429,318,0,318,747
09/08/2001,PAE,WA,ANM,WE,Towers with Display (VFR),6,2,34,0,42,2,0,431,2,435,8,2,465,2,477,396,0,396,873
09/09/2001,PAE,WA,ANM,WE,Towers with Display (VFR),5,2,23,0,30,2,4,457,3,466,7,6,480,3,496,670,2,672,1168
09/10/2001,PAE,WA,ANM,WE,Towers with Display (VFR),7,6,43,0,56,3,6,300,1,310,10,12,343,1,366,510,0,510,876
09/11/2001,PAE,WA,ANM,WE,Towers with Display (VFR),0,1,4,0,5,0,1,13,2,16,0,2,17,2,21,50,0,50,71
09/12/2001,PAE,WA,ANM,WE,Towers with Display (VFR),0,0,0,0,0,0,0,0,0,0,0,0,0,0,0,0,0,0,0
09/13/2001,PAE,WA,ANM,WE,Towers with Display (VFR),0,6,0,0,6,0,1,0,0,1,0,7,0,0,7,0,0,0,7
09/14/2001,PAE,WA,ANM,WE,Towers with Display (VFR),11,11,9,0,31,0,0,1,0,1,11,11,10,0,32,0,0,0,32
09/15/2001,PAE,WA,ANM,WE,Towers with Display (VFR),3,11,31,0,45,0,0,7,0,7,3,11,38,0,52,0,0,0,52
09/16/2001,PAE,WA,ANM,WE,Towers with Display (VFR),5,2,21,0,28,0,0,2,0,2,5,2,23,0,30,0,0,0,30
09/17/2001,PAE,WA,ANM,WE,Towers with Display (VFR),8,6,20,0,34,2,5,3,0,10,10,11,23,0,44,0,0,0,44
09/18/2001,PAE,WA,ANM,WE,Towers with Display (VFR),18,11,41,3,73,3,3,13,5,24,21,14,54,8,97,0,0,0,97
09/19/2001,PAE,WA,ANM,WE,Towers with Display (VFR),9,7,47,0,63,3,19,0,2,24,12,26,47,2,87,0,0,0,87
09/20/2001,PAE,WA,ANM,WE,Towers with Display (VFR),25,18,80,0,123,0,0,5,0,5,25,18,85,0,128,0,0,0,128
09/21/2001,PAE,WA,ANM,WE,Towers with Display (VFR),17,20,48,0,85,3,7,19,3,32,20,27,67,3,117,14,0,14,131
09/22/2001,PAE,WA,ANM,WE,Towers with Display (VFR),8,3,97,1,109,0,0,59,1,60,8,3,156,2,169,246,0,246,415
09/23/2001,PAE,WA,ANM,WE,Towers with Display (VFR),1,0,109,2,112,0,0,98,0,98,1,0,207,2,210,278,0,278,488
09/24/2001,PAE,WA,ANM,WE,Towers with Display (VFR),10,8,59,0,77,0,0,0,0,0,10,8,59,0,77,24,0,24,101
09/25/2001,PAE,WA,ANM,WE,Towers with Display (VFR),13,10,62,0,85,3,0,23,0,26,16,10,85,0,111,66,0,66,177
09/26/2001,PAE,WA,ANM,WE,Towers with Display (VFR),8,5,47,0,60,4,9,5,0,18,12,14,52,0,78,68,0,68,146
09/27/2001,PAE,WA,ANM,WE,Towers with Display (VFR),3,11,145,0,159,0,6,99,0,105,3,17,244,0,264,184,0,184,448
09/28/2001,PAE,WA,ANM,WE,Towers with Display (VFR),13,11,111,0,135,2,6,87,0,95,15,17,198,0,230,230,0,230,460
09/29/2001,PAE,WA,ANM,WE,Towers with Display (VFR),13,2,118,0,133,0,1,182,2,185,13,3,300,2,318,342,0,342,660
09/30/2001,PAE,WA,ANM,WE,Towers with Display (VFR),5,0,77,0,82,0,2,55,0,57,5,2,132,0,139,94,0,94,233
10/01/2001,PAE,WA,ANM,WE,Towers with Display (VFR),3,3,110,3,119,0,7,108,0,115,3,10,218,3,234,282,0,282,516
10/02/2001,PAE,WA,ANM,WE,Towers with Display (VFR),12,4,98,0,114,0,5,162,1,168,12,9,260,1,282,564,0,564,846
10/03/2001,PAE,WA,ANM,WE,Towers with Display (VFR),8,6,92,6,112,0,8,122,4,134,8,14,214,10,246,242,8,250,496
10/04/2001,PAE,WA,ANM,WE,Towers with Display (VFR),5,7,102,3,117,0,3,92,0,95,5,10,194,3,212,306,0,306,518
10/05/2001,PAE,WA,ANM,WE,Towers with Display (VFR),7,5,124,0,136,0,5,136,2,143,7,10,260,2,279,322,2,324,603
10/06/2001,PAE,WA,ANM,WE,Towers with Display (VFR),5,0,127,0,132,0,4,28,0,32,5,4,155,0,164,258,0,258,422
10/07/2001,PAE,WA,ANM,WE,Towers with Display (VFR),2,0,94,0,96,0,1,69,0,70,2,1,163,0,166,214,0,214,380
10/08/2001,PAE,WA,ANM,WE,Towers with Display (VFR),3,1,80,2,86,0,0,44,0,44,3,1,124,2,130,218,2,220,350
10/09/2001,PAE,WA,ANM,WE,Towers with Display (VFR),9,7,74,0,90,5,4,138,3,150,14,11,212,3,240,298,0,298,538
10/10/2001,PAE,WA,ANM,WE,Towers with Display (VFR),13,12,28,0,53,0,0,7,0,7,13,12,35,0,60,4,0,4,64
10/11/2001,PAE,WA,ANM,WE,Towers with Display (VFR),13,12,125,2,152,0,2,69,0,71,13,14,194,2,223,344,0,344,567
10/12/2001,PAE,WA,ANM,WE,Towers with Display (VFR),5,10,23,0,38,0,4,3,0,7,5,14,26,0,45,36,0,36,81
10/13/2001,PAE,WA,ANM,WE,Towers with Display (VFR),1,0,165,4,170,0,0,111,2,113,1,0,276,6,283,410,0,410,693
10/14/2001,PAE,WA,ANM,WE,Towers with Display (VFR),2,1,54,1,58,0,0,29,0,29,2,1,83,1,87,130,2,132,219
10/15/2001,PAE,WA,ANM,WE,Towers with Display (VFR),10,4,106,2,122,0,4,109,0,113,10,8,215,2,235,326,0,326,561
10/16/2001,PAE,WA,ANM,WE,Towers with Display (VFR),8,6,66,0,80,6,9,22,0,37,14,15,88,0,117,26,0,26,143
10/17/2001,PAE,WA,ANM,WE,Towers with Display (VFR),10,7,81,0,98,0,11,253,4,268,10,18,334,4,366,442,0,442,808
10/18/2001,PAE,WA,ANM,WE,Towers with Display (VFR),15,17,86,2,120,1,2,71,0,74,16,19,157,2,194,152,0,152,346
10/19/2001,PAE,WA,ANM,WE,Towers with Display (VFR),8,5,63,0,76,1,3,70,0,74,9,8,133,0,150,64,0,64,214
10/20/2001,PAE,WA,ANM,WE,Towers with Display (VFR),2,3,95,1,101,0,0,144,0,144,2,3,239,1,245,412,0,412,657
10/21/2001,PAE,WA,ANM,WE,Towers with Display (VFR),3,1,27,0,31,3,0,9,0,12,6,1,36,0,43,0,0,0,43
10/22/2001,PAE,WA,ANM,WE,Towers with Display (VFR),6,19,38,0,63,2,2,11,0,15,8,21,49,0,78,22,0,22,100
10/23/2001,PAE,WA,ANM,WE,Towers with Display (VFR),6,4,55,0,65,17,10,79,2,108,23,14,134,2,173,116,0,116,289
10/24/2001,PAE,WA,ANM,WE,Towers with Display (VFR),18,9,105,1,133,8,4,13,1,26,26,13,118,2,159,6,0,6,165
10/25/2001,PAE,WA,ANM,WE,Towers with Display (VFR),16,10,72,2,100,1,5,25,0,31,17,15,97,2,131,60,0,60,191
10/26/2001,PAE,WA,ANM,WE,Towers with Display (VFR),12,14,75,0,101,3,4,113,0,120,15,18,188,0,221,172,0,172,393
10/27/2001,PAE,WA,ANM,WE,Towers with Display (VFR),10,0,106,0,116,0,1,18,0,19,10,1,124,0,135,238,0,238,373
10/28/2001,PAE,WA,ANM,WE,Towers with Display (VFR),20,0,99,0,119,7,0,465,0,472,27,0,564,0,591,521,0,521,1112
10/29/2001,PAE,WA,ANM,WE,Towers with Display (VFR),12,14,101,0,127,5,4,135,0,144,17,18,236,0,271,376,0,376,647
10/30/2001,PAE,WA,ANM,WE,Towers with Display (VFR),16,11,80,0,107,2,0,36,0,38,18,11,116,0,145,128,0,128,273
10/31/2001,PAE,WA,ANM,WE,Towers with Display (VFR),4,9,43,0,56,1,0,38,0,39,5,9,81,0,95,30,0,30,125
11/01/2001,PAE,WA,ANM,WE,Towers with Display (VFR),13,8,58,0,79,2,4,57,2,65,15,12,115,2,144,204,0,204,348
11/02/2001,PAE,WA,ANM,WE,Towers with Display (VFR),8,6,73,0,87,2,13,244,0,259,10,19,317,0,346,410,0,410,756
11/03/2001,PAE,WA,ANM,WE,Towers with Display (VFR),3,3,51,0,57,0,0,413,0,413,3,3,464,0,470,564,0,564,1034
11/04/2001,PAE,WA,ANM,WE,Towers with Display (VFR),1,2,59,0,62,0,0,13,3,16,1,2,72,3,78,176,12,188,266
11/05/2001,PAE,WA,ANM,WE,Towers with Display (VFR),5,6,75,0,86,3,2,57,0,62,8,8,132,0,148,160,0,160,308
11/06/2001,PAE,WA,ANM,WE,Towers with Display (VFR),6,9,81,0,96,0,11,203,2,216,6,20,284,2,312,432,0,432,744
11/07/2001,PAE,WA,ANM,WE,Towers with Display (VFR),13,11,114,1,139,2,11,256,9,278,15,22,370,10,417,436,0,436,853
11/08/2001,PAE,WA,ANM,WE,Towers with Display (VFR),12,6,92,0,110,1,16,248,2,267,13,22,340,2,377,470,0,470,847
11/09/2001,PAE,WA,ANM,WE,Towers with Display (VFR),5,5,47,0,57,6,9,301,10,326,11,14,348,10,383,556,0,556,939
11/10/2001,PAE,WA,ANM,WE,Towers with Display (VFR),4,6,88,0,98,2,8,389,0,399,6,14,477,0,497,502,0,502,999
11/11/2001,PAE,WA,ANM,WE,Towers with Display (VFR),0,6,70,0,76,1,10,174,0,185,1,16,244,0,261,340,0,340,601
11/12/2001,PAE,WA,ANM,WE,Towers with Display (VFR),1,0,68,0,69,1,0,65,0,66,2,0,133,0,135,128,0,128,263
11/13/2001,PAE,WA,ANM,WE,Towers with Display (VFR),5,5,53,0,63,4,4,27,0,35,9,9,80,0,98,70,0,70,168
11/14/2001,PAE,WA,ANM,WE,Towers with Display (VFR),6,12,28,0,46,3,1,0,0,4,9,13,28,0,50,2,0,2,52
11/15/2001,PAE,WA,ANM,WE,Towers with Display (VFR),11,12,43,4,70,5,0,1,0,6,16,12,44,4,76,46,0,46,122
11/16/2001,PAE,WA,ANM,WE,Towers with Display (VFR),5,3,72,2,82,5,19,155,2,181,10,22,227,4,263,364,2,366,629
11/17/2001,PAE,WA,ANM,WE,Towers with Display (VFR),4,2,93,4,103,1,1,372,0,374,5,3,465,4,477,444,0,444,921
11/18/2001,PAE,WA,ANM,WE,Towers with Display (VFR),3,0,61,0,64,2,0,250,1,253,5,0,311,1,317,366,0,366,683
11/19/2001,PAE,WA,ANM,WE,Towers with Display (VFR),6,8,9,1,24,1,2,14,0,17,7,10,23,1,41,6,0,6,47
11/20/2001,PAE,WA,ANM,WE,Towers with Display (VFR),4,6,64,1,75,0,3,58,4,65,4,9,122,5,140,68,2,70,210
11/21/2001,PAE,WA,ANM,WE,Towers with Display (VFR),7,6,63,1,77,4,4,77,1,86,11,10,140,2,163,144,0,144,307
11/22/2001,PAE,WA,ANM,WE,Towers with Display (VFR),0,0,0,0,0,0,0,3,0,3,0,0,3,0,3,0,0,0,3
11/23/2001,PAE,WA,ANM,WE,Towers with Display (VFR),3,3,59,1,66,1,17,207,0,225,4,20,266,1,291,278,0,278,569
11/24/2001,PAE,WA,ANM,WE,Towers with Display (VFR),1,7,76,0,84,0,0,243,0,243,1,7,319,0,327,326,0,326,653
11/25/2001,PAE,WA,ANM,WE,Towers with Display (VFR),1,0,49,0,50,1,0,113,4,118,2,0,162,4,168,272,0,272,440
11/26/2001,PAE,WA,ANM,WE,Towers with Display (VFR),4,6,88,0,98,4,2,119,0,125,8,8,207,0,223,270,0,270,493
11/27/2001,PAE,WA,ANM,WE,Towers with Display (VFR),5,8,81,0,94,0,17,79,0,96,5,25,160,0,190,36,0,36,226
11/28/2001,PAE,WA,ANM,WE,Towers with Display (VFR),13,9,11,0,33,2,3,4,0,9,15,12,15,0,42,0,0,0,42
11/29/2001,PAE,WA,ANM,WE,Towers with Display (VFR),8,6,37,0,51,2,4,33,0,39,10,10,70,0,90,56,0,56,146
11/30/2001,PAE,WA,ANM,WE,Towers with Display (VFR),29,5,56,4,94,3,7,50,0,60,32,12,106,4,154,154,0,154,308
12/01/2001,PAE,WA,ANM,WE,Towers with Display (VFR),3,3,19,0,25,7,6,2,2,17,10,9,21,2,42,14,0,14,56
12/02/2001,PAE,WA,ANM,WE,Towers with Display (VFR),8,1,66,1,76,0,0,216,0,216,8,1,282,1,292,360,0,360,652
12/03/2001,PAE,WA,ANM,WE,Towers with Display (VFR),4,9,44,0,57,0,7,53,0,60,4,16,97,0,117,144,0,144,261
12/04/2001,PAE,WA,ANM,WE,Towers with Display (VFR),7,15,20,0,42,1,6,71,2,80,8,21,91,2,122,134,2,136,258
12/05/2001,PAE,WA,ANM,WE,Towers with Display (VFR),14,13,37,0,64,0,6,72,1,79,14,19,109,1,143,120,0,120,263
12/06/2001,PAE,WA,ANM,WE,Towers with Display (VFR),7,7,47,0,61,7,4,58,0,69,14,11,105,0,130,100,0,100,230
12/07/2001,PAE,WA,ANM,WE,Towers with Display (VFR),9,10,64,0,83,7,8,241,0,256,16,18,305,0,339,404,0,404,743
12/08/2001,PAE,WA,ANM,WE,Towers with Display (VFR),6,3,43,0,52,0,5,161,4,170,6,8,204,4,222,288,0,288,510
12/09/2001,PAE,WA,ANM,WE,Towers with Display (VFR),6,1,43,0,50,2,0,232,1,235,8,1,275,1,285,320,0,320,605
12/10/2001,PAE,WA,ANM,WE,Towers with Display (VFR),7,6,37,0,50,7,23,0,0,30,14,29,37,0,80,0,0,0,80
12/11/2001,PAE,WA,ANM,WE,Towers with Display (VFR),11,12,75,2,100,1,2,215,2,220,12,14,290,4,320,244,12,256,576
12/12/2001,PAE,WA,ANM,WE,Towers with Display (VFR),13,14,36,0,63,0,4,14,0,18,13,18,50,0,81,46,0,46,127
12/13/2001,PAE,WA,ANM,WE,Towers with Display (VFR),10,8,14,1,33,0,4,5,0,9,10,12,19,1,42,2,0,2,44
12/14/2001,PAE,WA,ANM,WE,Towers with Display (VFR),7,10,58,1,76,2,1,144,4,151,9,11,202,5,227,148,0,148,375
12/15/2001,PAE,WA,ANM,WE,Towers with Display (VFR),2,7,37,0,46,0,2,44,6,52,2,9,81,6,98,136,0,136,234
12/16/2001,PAE,WA,ANM,WE,Towers with Display (VFR),0,0,0,0,0,0,0,17,0,17,0,0,17,0,17,0,0,0,17
12/17/2001,PAE,WA,ANM,WE,Towers with Display (VFR),7,11,63,1,82,0,9,218,7,234,7,20,281,8,316,348,0,348,664
12/18/2001,PAE,WA,ANM,WE,Towers with Display (VFR),8,10,9,0,27,1,2,9,0,12,9,12,18,0,39,10,0,10,49
12/19/2001,PAE,WA,ANM,WE,Towers with Display (VFR),4,5,88,0,97,0,6,217,12,235,4,11,305,12,332,340,0,340,672
12/20/2001,PAE,WA,ANM,WE,Towers with Display (VFR),7,4,59,4,74,6,8,140,0,154,13,12,199,4,228,266,0,266,494
12/21/2001,PAE,WA,ANM,WE,Towers with Display (VFR),17,5,56,1,79,0,2,235,3,240,17,7,291,4,319,384,8,392,711
12/22/2001,PAE,WA,ANM,WE,Towers with Display (VFR),6,0,60,0,66,3,1,199,0,203,9,1,259,0,269,338,0,338,607
12/23/2001,PAE,WA,ANM,WE,Towers with Display (VFR),1,0,60,0,61,1,0,215,0,216,2,0,275,0,277,348,0,348,625
12/24/2001,PAE,WA,ANM,WE,Towers with Display (VFR),0,2,20,0,22,0,5,207,0,212,0,7,227,0,234,224,0,224,458
12/25/2001,PAE,WA,ANM,WE,Towers with Display (VFR),0,0,4,0,4,0,0,90,0,90,0,0,94,0,94,30,0,30,124
12/26/2001,PAE,WA,ANM,WE,Towers with Display (VFR),3,2,38,3,46,1,9,223,0,233,4,11,261,3,279,230,0,230,509
12/27/2001,PAE,WA,ANM,WE,Towers with Display (VFR),1,5,53,3,62,0,12,212,2,226,1,17,265,5,288,306,0,306,594
12/28/2001,PAE,WA,ANM,WE,Towers with Display (VFR),3,14,43,1,61,2,12,326,2,342,5,26,369,3,403,542,2,544,947
12/29/2001,PAE,WA,ANM,WE,Towers with Display (VFR),0,0,101,1,102,0,0,352,2,354,0,0,453,3,456,392,0,392,848
12/30/2001,PAE,WA,ANM,WE,Towers with Display (VFR),1,1,54,3,59,0,0,305,5,310,1,1,359,8,369,364,0,364,733
12/31/2001,PAE,WA,ANM,WE,Towers with Display (VFR),0,7,50,2,59,0,7,4,2,13,0,14,54,4,72,4,0,4,76
01/01/2002,PAE,WA,ANM,WE,Towers with Display (VFR),0,3,39,0,42,0,7,69,6,82,0,10,108,6,124,124,0,124,248
01/02/2002,PAE,WA,ANM,WE,Towers with Display (VFR),0,7,50,1,58,0,4,86,2,92,0,11,136,3,150,130,0,130,280
01/03/2002,PAE,WA,ANM,WE,Towers with Display (VFR),4,3,64,2,73,1,5,120,0,126,5,8,184,2,199,288,0,288,487
01/04/2002,PAE,WA,ANM,WE,Towers with Display (VFR),12,8,86,3,109,2,4,269,1,276,14,12,355,4,385,368,0,368,753
01/05/2002,PAE,WA,ANM,WE,Towers with Display (VFR),1,1,73,1,76,0,0,76,1,77,1,1,149,2,153,226,0,226,379
01/06/2002,PAE,WA,ANM,WE,Towers with Display (VFR),0,0,63,0,63,0,0,35,2,37,0,0,98,2,100,176,8,184,284
01/07/2002,PAE,WA,ANM,WE,Towers with Display (VFR),1,5,18,0,24,2,2,7,0,11,3,7,25,0,35,12,0,12,47
01/08/2002,PAE,WA,ANM,WE,Towers with Display (VFR),0,8,70,1,79,1,8,91,2,102,1,16,161,3,181,88,0,88,269
01/09/2002,PAE,WA,ANM,WE,Towers with Display (VFR),13,2,74,2,91,1,6,147,0,154,14,8,221,2,245,270,0,270,515
01/10/2002,PAE,WA,ANM,WE,Towers with Display (VFR),10,4,96,0,110,0,3,162,0,165,10,7,258,0,275,262,0,262,537
01/11/2002,PAE,WA,ANM,WE,Towers with Display (VFR),18,3,74,2,97,1,5,118,0,124,19,8,192,2,221,138,0,138,359
01/12/2002,PAE,WA,ANM,WE,Towers with Display (VFR),12,1,41,2,56,2,1,65,0,68,14,2,106,2,124,138,0,138,262
01/13/2002,PAE,WA,ANM,WE,Towers with Display (VFR),4,0,68,0,72,0,0,215,0,215,4,0,283,0,287,430,0,430,717
01/14/2002,PAE,WA,ANM,WE,Towers with Display (VFR),6,6,81,0,93,0,0,72,0,72,6,6,153,0,165,130,0,130,295
01/15/2002,PAE,WA,ANM,WE,Towers with Display (VFR),10,8,92,2,112,0,0,151,2,153,10,8,243,4,265,282,0,282,547
01/16/2002,PAE,WA,ANM,WE,Towers with Display (VFR),7,8,36,2,53,0,3,50,1,54,7,11,86,3,107,34,0,34,141
01/17/2002,PAE,WA,ANM,WE,Towers with Display (VFR),9,5,73,4,91,0,1,73,0,74,9,6,146,4,165,124,0,124,289
01/18/2002,PAE,WA,ANM,WE,Towers with Display (VFR),8,11,52,0,71,0,0,50,0,50,8,11,102,0,121,168,0,168,289
01/19/2002,PAE,WA,ANM,WE,Towers with Display (VFR),7,2,44,2,55,0,0,43,0,43,7,2,87,2,98,50,0,50,148
01/20/2002,PAE,WA,ANM,WE,Towers with Display (VFR),0,0,28,0,28,0,0,60,0,60,0,0,88,0,88,122,0,122,210
01/21/2002,PAE,WA,ANM,WE,Towers with Display (VFR),12,0,32,0,44,0,0,31,0,31,12,0,63,0,75,90,0,90,165
01/22/2002,PAE,WA,ANM,WE,Towers with Display (VFR),6,3,42,1,52,6,5,101,7,119,12,8,143,8,171,142,0,142,313
01/23/2002,PAE,WA,ANM,WE,Towers with Display (VFR),15,9,26,0,50,0,0,24,0,24,15,9,50,0,74,46,0,46,120
01/24/2002,PAE,WA,ANM,WE,Towers with Display (VFR),10,16,17,2,45,0,0,8,0,8,10,16,25,2,53,12,0,12,65
01/25/2002,PAE,WA,ANM,WE,Towers with Display (VFR),2,6,14,0,22,1,1,15,0,17,3,7,29,0,39,54,0,54,93
01/26/2002,PAE,WA,ANM,WE,Towers with Display (VFR),2,2,42,0,46,4,0,137,4,145,6,2,179,4,191,230,0,230,421
01/27/2002,PAE,WA,ANM,WE,Towers with Display (VFR),0,0,0,0,0,1,0,0,0,1,1,0,0,0,1,4,0,4,5
01/28/2002,PAE,WA,ANM,WE,Towers with Display (VFR),8,2,100,6,116,0,7,71,1,79,8,9,171,7,195,132,2,134,329
01/29/2002,PAE,WA,ANM,WE,Towers with Display (VFR),4,3,26,0,33,3,8,0,0,11,7,11,26,0,44,0,0,0,44
01/30/2002,PAE,WA,ANM,WE,Towers with Display (VFR),9,8,16,0,33,0,0,16,0,16,9,8,32,0,49,10,0,10,59
01/31/2002,PAE,WA,ANM,WE,Towers with Display (VFR),12,6,28,0,46,0,1,14,0,15,12,7,42,0,61,0,0,0,61
02/01/2002,PAE,WA,ANM,WE,Towers with Display (VFR),8,3,54,0,65,5,15,114,0,134,13,18,168,0,199,196,0,196,395
02/02/2002,PAE,WA,ANM,WE,Towers with Display (VFR),2,0,107,3,112,1,0,480,3,484,3,0,587,6,596,722,0,722,1318
02/03/2002,PAE,WA,ANM,WE,Towers with Display (VFR),9,1,39,0,49,0,3,79,0,82,9,4,118,0,131,138,0,138,269
02/04/2002,PAE,WA,ANM,WE,Towers with Display (VFR),20,3,96,0,119,13,19,311,0,343,33,22,407,0,462,460,0,460,922
02/05/2002,PAE,WA,ANM,WE,Towers with Display (VFR),14,5,38,0,57,3,0,22,0,25,17,5,60,0,82,92,0,92,174
02/06/2002,PAE,WA,ANM,WE,Towers with Display (VFR),7,6,13,0,26,2,3,28,0,33,9,9,41,0,59,34,0,34,93
02/07/2002,PAE,WA,ANM,WE,Towers with Display (VFR),14,9,81,0,104,3,5,74,0,82,17,14,155,0,186,156,0,156,342
02/08/2002,PAE,WA,ANM,WE,Towers with Display (VFR),1,5,78,2,86,1,5,34,1,41,2,10,112,3,127,148,0,148,275
02/09/2002,PAE,WA,ANM,WE,Towers with Display (VFR),9,0,133,1,143,1,1,349,0,351,10,1,482,1,494,660,0,660,1154
02/10/2002,PAE,WA,ANM,WE,Towers with Display (VFR),0,0,42,3,45,0,0,112,2,114,0,0,154,5,159,162,0,162,321
02/11/2002,PAE,WA,ANM,WE,Towers with Display (VFR),11,4,84,0,99,3,2,215,1,221,14,6,299,1,320,306,0,306,626
02/12/2002,PAE,WA,ANM,WE,Towers with Display (VFR),17,1,97,0,115,17,6,223,1,247,34,7,320,1,362,354,0,354,716
02/13/2002,PAE,WA,ANM,WE,Towers with Display (VFR),15,1,125,1,142,5,8,174,1,188,20,9,299,2,330,272,0,272,602
02/14/2002,PAE,WA,ANM,WE,Towers with Display (VFR),14,2,74,0,90,0,6,201,0,207,14,8,275,0,297,432,0,432,729
02/15/2002,PAE,WA,ANM,WE,Towers with Display (VFR),11,8,96,2,117,6,2,176,0,184,17,10,272,2,301,330,0,330,631
02/16/2002,PAE,WA,ANM,WE,Towers with Display (VFR),4,0,76,1,81,3,3,177,1,184,7,3,253,2,265,396,0,396,661
02/17/2002,PAE,WA,ANM,WE,Towers with Display (VFR),1,1,55,0,57,0,0,18,3,21,1,1,73,3,78,52,0,52,130
02/18/2002,PAE,WA,ANM,WE,Towers with Display (VFR),2,0,80,2,84,3,1,106,0,110,5,1,186,2,194,244,2,246,440
02/19/2002,PAE,WA,ANM,WE,Towers with Display (VFR),13,4,41,0,58,4,3,45,2,54,17,7,86,2,112,86,0,86,198
02/20/2002,PAE,WA,ANM,WE,Towers with Display (VFR),6,10,97,0,113,1,2,201,2,206,7,12,298,2,319,362,0,362,681
02/21/2002,PAE,WA,ANM,WE,Towers with Display (VFR),9,12,17,1,39,0,2,10,0,12,9,14,27,1,51,2,0,2,53
02/22/2002,PAE,WA,ANM,WE,Towers with Display (VFR),6,7,65,0,78,1,10,54,1,66,7,17,119,1,144,36,0,36,180
02/23/2002,PAE,WA,ANM,WE,Towers with Display (VFR),6,0,55,0,61,0,1,69,0,70,6,1,124,0,131,304,0,304,435
02/24/2002,PAE,WA,ANM,WE,Towers with Display (VFR),12,0,100,0,112,1,0,453,0,454,13,0,553,0,566,486,0,486,1052
02/25/2002,PAE,WA,ANM,WE,Towers with Display (VFR),11,4,87,0,102,0,6,262,0,268,11,10,349,0,370,428,0,428,798
02/26/2002,PAE,WA,ANM,WE,Towers with Display (VFR),11,6,115,1,133,0,3,257,4,264,11,9,372,5,397,340,0,340,737
02/27/2002,PAE,WA,ANM,WE,Towers with Display (VFR),19,13,65,0,97,2,10,121,2,135,21,23,186,2,232,234,0,234,466
02/28/2002,PAE,WA,ANM,WE,Towers with Display (VFR),5,16,82,4,107,1,5,151,1,158,6,21,233,5,265,188,0,188,453
03/01/2002,PAE,WA,ANM,WE,Towers with Display (VFR),7,8,90,1,106,0,24,357,0,381,7,32,447,1,487,516,0,516,1003
03/02/2002,PAE,WA,ANM,WE,Towers with Display (VFR),6,0,95,0,101,2,12,458,13,485,8,12,553,13,586,612,0,612,1198
03/03/2002,PAE,WA,ANM,WE,Towers with Display (VFR),5,0,70,0,75,12,0,409,0,421,17,0,479,0,496,398,0,398,894
03/04/2002,PAE,WA,ANM,WE,Towers with Display (VFR),7,7,51,0,65,1,3,228,0,232,8,10,279,0,297,306,0,306,603
03/05/2002,PAE,WA,ANM,WE,Towers with Display (VFR),13,7,93,0,113,8,0,104,0,112,21,7,197,0,225,260,0,260,485
03/06/2002,PAE,WA,ANM,WE,Towers with Display (VFR),2,2,113,0,117,0,3,111,1,115,2,5,224,1,232,244,0,244,476
03/07/2002,PAE,WA,ANM,WE,Towers with Display (VFR),14,5,49,0,68,0,1,55,1,57,14,6,104,1,125,114,0,114,239
03/08/2002,PAE,WA,ANM,WE,Towers with Display (VFR),24,5,37,1,67,11,3,57,1,72,35,8,94,2,139,162,0,162,301
03/09/2002,PAE,WA,ANM,WE,Towers with Display (VFR),8,0,52,2,62,0,2,148,1,151,8,2,200,3,213,256,0,256,469
03/10/2002,PAE,WA,ANM,WE,Towers with Display (VFR),0,0,38,0,38,0,0,16,0,16,0,0,54,0,54,42,0,42,96
03/11/2002,PAE,WA,ANM,WE,Towers with Display (VFR),3,0,21,0,24,8,9,13,0,30,11,9,34,0,54,14,0,14,68
03/12/2002,PAE,WA,ANM,WE,Towers with Display (VFR),13,5,46,0,64,0,4,41,0,45,13,9,87,0,109,34,0,34,143
03/13/2002,PAE,WA,ANM,WE,Towers with Display (VFR),9,20,75,0,104,0,2,56,0,58,9,22,131,0,162,102,0,102,264
03/14/2002,PAE,WA,ANM,WE,Towers with Display (VFR),10,5,77,0,92,0,3,43,0,46,10,8,120,0,138,90,0,90,228
03/15/2002,PAE,WA,ANM,WE,Towers with Display (VFR),14,4,46,2,66,0,1,12,0,13,14,5,58,2,79,32,0,32,111
03/16/2002,PAE,WA,ANM,WE,Towers with Display (VFR),2,0,18,0,20,0,1,5,0,6,2,1,23,0,26,0,0,0,26
03/17/2002,PAE,WA,ANM,WE,Towers with Display (VFR),5,0,100,0,105,1,0,278,1,280,6,0,378,1,385,600,0,600,985
03/18/2002,PAE,WA,ANM,WE,Towers with Display (VFR),11,7,9,0,27,0,5,6,0,11,11,12,15,0,38,20,0,20,58
03/19/2002,PAE,WA,ANM,WE,Towers with Display (VFR),18,9,16,1,44,11,0,37,1,49,29,9,53,2,93,104,0,104,197
03/20/2002,PAE,WA,ANM,WE,Towers with Display (VFR),11,8,9,0,28,0,0,12,0,12,11,8,21,0,40,2,0,2,42
03/21/2002,PAE,WA,ANM,WE,Towers with Display (VFR),9,12,74,1,96,0,4,186,0,190,9,16,260,1,286,248,0,248,534
03/22/2002,PAE,WA,ANM,WE,Towers with Display (VFR),13,6,91,2,112,7,4,249,2,262,20,10,340,4,374,360,0,360,734
03/23/2002,PAE,WA,ANM,WE,Towers with Display (VFR),13,2,96,1,112,6,0,285,5,296,19,2,381,6,408,618,0,618,1026
03/24/2002,PAE,WA,ANM,WE,Towers with Display (VFR),4,0,85,0,89,0,0,159,2,161,4,0,244,2,250,342,0,342,592
03/25/2002,PAE,WA,ANM,WE,Towers with Display (VFR),2,17,125,2,146,2,9,157,0,168,4,26,282,2,314,358,0,358,672
03/26/2002,PAE,WA,ANM,WE,Towers with Display (VFR),11,24,72,1,108,12,9,58,1,80,23,33,130,2,188,88,0,88,276
03/27/2002,PAE,WA,ANM,WE,Towers with Display (VFR),5,8,93,1,107,3,9,95,2,109,8,17,188,3,216,66,0,66,282
03/28/2002,PAE,WA,ANM,WE,Towers with Display (VFR),9,9,96,0,114,0,13,72,2,87,9,22,168,2,201,172,0,172,373
03/29/2002,PAE,WA,ANM,WE,Towers with Display (VFR),16,11,119,1,147,1,1,102,7,111,17,12,221,8,258,174,0,174,432
03/30/2002,PAE,WA,ANM,WE,Towers with Display (VFR),9,4,114,1,128,0,0,237,1,238,9,4,351,2,366,504,0,504,870
03/31/2002,PAE,WA,ANM,WE,Towers with Display (VFR),0,6,85,0,91,0,0,165,6,171,0,6,250,6,262,314,0,314,576
04/01/2002,PAE,WA,ANM,WE,Towers with Display (VFR),9,7,86,0,102,0,10,180,0,190,9,17,266,0,292,298,0,298,590
04/02/2002,PAE,WA,ANM,WE,Towers with Display (VFR),11,13,105,0,129,3,5,390,2,400,14,18,495,2,529,564,2,566,1095
04/03/2002,PAE,WA,ANM,WE,Towers with Display (VFR),11,4,95,0,110,0,3,325,6,334,11,7,420,6,444,364,2,366,810
04/04/2002,PAE,WA,ANM,WE,Towers with Display (VFR),10,1,120,0,131,0,16,507,6,529,10,17,627,6,660,500,0,500,1160
04/05/2002,PAE,WA,ANM,WE,Towers with Display (VFR),6,8,81,0,95,0,5,156,0,161,6,13,237,0,256,316,0,316,572
04/06/2002,PAE,WA,ANM,WE,Towers with Display (VFR),5,3,60,0,68,0,0,182,21,203,5,3,242,21,271,396,0,396,667
04/07/2002,PAE,WA,ANM,WE,Towers with Display (VFR),4,0,50,0,54,0,0,220,0,220,4,0,270,0,274,422,0,422,696
04/08/2002,PAE,WA,ANM,WE,Towers with Display (VFR),15,13,109,0,137,2,10,249,0,261,17,23,358,0,398,338,0,338,736
04/09/2002,PAE,WA,ANM,WE,Towers with Display (VFR),15,5,64,0,84,0,6,72,0,78,15,11,136,0,162,42,0,42,204
04/10/2002,PAE,WA,ANM,WE,Towers with Display (VFR),20,7,107,0,134,2,7,84,6,99,22,14,191,6,233,100,6,106,339
04/11/2002,PAE,WA,ANM,WE,Towers with Display (VFR),11,2,86,0,99,1,3,31,5,40,12,5,117,5,139,164,6,170,309
04/12/2002,PAE,WA,ANM,WE,Towers with Display (VFR),8,9,66,2,85,24,3,58,30,115,32,12,124,32,200,92,0,92,292
04/13/2002,PAE,WA,ANM,WE,Towers with Display (VFR),14,1,10,0,25,0,7,18,14,39,14,8,28,14,64,0,0,0,64
04/14/2002,PAE,WA,ANM,WE,Towers with Display (VFR),14,0,44,0,58,2,0,49,15,66,16,0,93,15,124,26,0,26,150
04/15/2002,PAE,WA,ANM,WE,Towers with Display (VFR),7,8,83,0,98,10,7,118,4,139,17,15,201,4,237,246,0,246,483
04/16/2002,PAE,WA,ANM,WE,Towers with Display (VFR),7,6,63,0,76,9,2,84,6,101,16,8,147,6,177,252,0,252,429
04/17/2002,PAE,WA,ANM,WE,Towers with Display (VFR),11,6,91,0,108,0,5,112,0,117,11,11,203,0,225,234,0,234,459
04/18/2002,PAE,WA,ANM,WE,Towers with Display (VFR),14,10,99,0,123,3,0,353,3,359,17,10,452,3,482,480,0,480,962
04/19/2002,PAE,WA,ANM,WE,Towers with Display (VFR),19,14,93,0,126,0,4,230,3,237,19,18,323,3,363,300,0,300,663
04/20/2002,PAE,WA,ANM,WE,Towers with Display (VFR),6,0,83,0,89,1,2,380,2,385,7,2,463,2,474,512,0,512,986
04/21/2002,PAE,WA,ANM,WE,Towers with Display (VFR),5,0,71,0,76,0,2,257,2,261,5,2,328,2,337,618,2,620,957
04/22/2002,PAE,WA,ANM,WE,Towers with Display (VFR),4,5,87,0,96,0,13,47,0,60,4,18,134,0,156,118,0,118,274
04/23/2002,PAE,WA,ANM,WE,Towers with Display (VFR),4,8,103,0,115,1,13,211,4,229,5,21,314,4,344,294,0,294,638
04/24/2002,PAE,WA,ANM,WE,Towers with Display (VFR),5,2,81,0,88,0,7,289,1,297,5,9,370,1,385,448,0,448,833
04/25/2002,PAE,WA,ANM,WE,Towers with Display (VFR),14,8,92,0,114,16,9,231,10,266,30,17,323,10,380,474,0,474,854
04/26/2002,PAE,WA,ANM,WE,Towers with Display (VFR),6,11,79,0,96,1,0,33,7,41,7,11,112,7,137,112,0,112,249
04/27/2002,PAE,WA,ANM,WE,Towers with Display (VFR),4,1,99,0,104,0,5,129,3,137,4,6,228,3,241,314,0,314,555
04/28/2002,PAE,WA,ANM,WE,Towers with Display (VFR),14,0,113,0,127,8,2,482,3,495,22,2,595,3,622,584,0,584,1206
04/29/2002,PAE,WA,ANM,WE,Towers with Display (VFR),1,9,20,0,30,19,3,339,0,361,20,12,359,0,391,396,0,396,787
04/30/2002,PAE,WA,ANM,WE,Towers with Display (VFR),11,7,111,0,129,19,11,348,2,380,30,18,459,2,509,512,0,512,1021
05/01/2002,PAE,WA,ANM,WE,Towers with Display (VFR),3,11,95,0,109,1,1,92,0,94,4,12,187,0,203,136,0,136,339
05/02/2002,PAE,WA,ANM,WE,Towers with Display (VFR),8,8,97,0,113,0,0,63,0,63,8,8,160,0,176,60,0,60,236
05/03/2002,PAE,WA,ANM,WE,Towers with Display (VFR),9,4,85,2,100,5,2,207,0,214,14,6,292,2,314,394,0,394,708
05/04/2002,PAE,WA,ANM,WE,Towers with Display (VFR),11,3,62,0,76,9,2,147,6,164,20,5,209,6,240,384,0,384,624
05/05/2002,PAE,WA,ANM,WE,Towers with Display (VFR),14,0,22,6,42,3,0,37,0,40,17,0,59,6,82,30,0,30,112
05/06/2002,PAE,WA,ANM,WE,Towers with Display (VFR),3,2,22,0,27,0,13,18,2,33,3,15,40,2,60,6,0,6,66
05/07/2002,PAE,WA,ANM,WE,Towers with Display (VFR),7,9,52,6,74,1,11,185,4,201,8,20,237,10,275,328,0,328,603
05/08/2002,PAE,WA,ANM,WE,Towers with Display (VFR),13,10,114,4,141,3,10,421,4,438,16,20,535,8,579,638,0,638,1217
05/09/2002,PAE,WA,ANM,WE,Towers with Display (VFR),16,15,88,0,119,0,2,128,1,131,16,17,216,1,250,280,0,280,530
05/10/2002,PAE,WA,ANM,WE,Towers with Display (VFR),8,8,115,0,131,0,4,210,5,219,8,12,325,5,350,240,2,242,592
05/11/2002,PAE,WA,ANM,WE,Towers with Display (VFR),3,3,39,1,46,0,0,415,6,421,3,3,454,7,467,366,0,366,833
05/12/2002,PAE,WA,ANM,WE,Towers with Display (VFR),4,2,40,0,46,4,0,412,3,419,8,2,452,3,465,390,0,390,855
05/13/2002,PAE,WA,ANM,WE,Towers with Display (VFR),11,5,69,2,87,0,7,79,0,86,11,12,148,2,173,138,0,138,311
05/14/2002,PAE,WA,ANM,WE,Towers with Display (VFR),8,1,109,0,118,0,8,147,0,155,8,9,256,0,273,302,0,302,575
05/15/2002,PAE,WA,ANM,WE,Towers with Display (VFR),7,5,79,1,92,0,1,284,1,286,7,6,363,2,378,476,0,476,854
05/16/2002,PAE,WA,ANM,WE,Towers with Display (VFR),9,3,113,2,127,0,6,269,0,275,9,9,382,2,402,316,0,316,718
05/17/2002,PAE,WA,ANM,WE,Towers with Display (VFR),16,1,73,0,90,0,7,117,4,128,16,8,190,4,218,248,12,260,478
05/18/2002,PAE,WA,ANM,WE,Towers with Display (VFR),5,4,75,3,87,5,2,598,18,623,10,6,673,21,710,402,0,402,1112
05/19/2002,PAE,WA,ANM,WE,Towers with Display (VFR),2,1,44,2,49,1,0,270,23,294,3,1,314,25,343,420,2,422,765
05/20/2002,PAE,WA,ANM,WE,Towers with Display (VFR),4,5,79,1,89,0,9,85,1,95,4,14,164,2,184,226,0,226,410
05/21/2002,PAE,WA,ANM,WE,Towers with Display (VFR),5,4,75,0,84,0,2,155,2,159,5,6,230,2,243,252,0,252,495
05/22/2002,PAE,WA,ANM,WE,Towers with Display (VFR),9,3,96,3,111,0,4,249,1,254,9,7,345,4,365,444,0,444,809
05/23/2002,PAE,WA,ANM,WE,Towers with Display (VFR),9,5,71,0,85,2,9,249,10,270,11,14,320,10,355,240,0,240,595
05/24/2002,PAE,WA,ANM,WE,Towers with Display (VFR),7,4,70,1,82,3,11,468,2,484,10,15,538,3,566,436,2,438,1004
05/25/2002,PAE,WA,ANM,WE,Towers with Display (VFR),7,0,77,0,84,4,1,179,1,185,11,1,256,1,269,320,0,320,589
05/26/2002,PAE,WA,ANM,WE,Towers with Display (VFR),5,0,68,0,73,0,0,140,2,142,5,0,208,2,215,252,0,252,467
05/27/2002,PAE,WA,ANM,WE,Towers with Display (VFR),1,0,56,0,57,0,0,413,0,413,1,0,469,0,470,450,0,450,920
05/28/2002,PAE,WA,ANM,WE,Towers with Display (VFR),6,10,61,0,77,0,10,139,0,149,6,20,200,0,226,124,0,124,350
05/29/2002,PAE,WA,ANM,WE,Towers with Display (VFR),6,3,76,0,85,2,6,138,0,146,8,9,214,0,231,228,0,228,459
05/30/2002,PAE,WA,ANM,WE,Towers with Display (VFR),9,23,106,2,140,0,3,296,0,299,9,26,402,2,439,382,0,382,821
05/31/2002,PAE,WA,ANM,WE,Towers with Display (VFR),6,1,63,0,70,4,13,395,5,417,10,14,458,5,487,458,0,458,945
06/01/2002,PAE,WA,ANM,WE,Towers with Display (VFR),4,0,76,0,80,5,1,291,0,297,9,1,367,0,377,302,0,302,679
06/02/2002,PAE,WA,ANM,WE,Towers with Display (VFR),0,0,107,0,107,0,0,188,0,188,0,0,295,0,295,286,0,286,581
06/03/2002,PAE,WA,ANM,WE,Towers with Display (VFR),6,2,33,0,41,1,6,173,0,180,7,8,206,0,221,350,0,350,571
06/04/2002,PAE,WA,ANM,WE,Towers with Display (VFR),22,10,131,0,163,0,3,129,1,133,22,13,260,1,296,362,0,362,658
06/05/2002,PAE,WA,ANM,WE,Towers with Display (VFR),7,4,49,0,60,2,7,84,0,93,9,11,133,0,153,114,0,114,267
06/06/2002,PAE,WA,ANM,WE,Towers with Display (VFR),13,8,110,5,136,3,9,207,5,224,16,17,317,10,360,472,0,472,832
06/07/2002,PAE,WA,ANM,WE,Towers with Display (VFR),11,2,34,0,47,0,4,180,0,184,11,6,214,0,231,192,0,192,423
06/08/2002,PAE,WA,ANM,WE,Towers with Display (VFR),13,0,82,0,95,10,2,276,2,290,23,2,358,2,385,336,0,336,721
06/09/2002,PAE,WA,ANM,WE,Towers with Display (VFR),7,2,57,1,67,4,1,383,1,389,11,3,440,2,456,554,0,554,1010
06/10/2002,PAE,WA,ANM,WE,Towers with Display (VFR),6,6,61,0,73,1,11,209,0,221,7,17,270,0,294,306,0,306,600
06/11/2002,PAE,WA,ANM,WE,Towers with Display (VFR),11,5,93,0,109,3,12,351,2,368,14,17,444,2,477,434,2,436,913
06/12/2002,PAE,WA,ANM,WE,Towers with Display (VFR),11,10,70,0,91,3,9,444,0,456,14,19,514,0,547,514,0,514,1061
06/13/2002,PAE,WA,ANM,WE,Towers with Display (VFR),4,0,126,2,132,3,11,405,4,423,7,11,531,6,555,506,0,506,1061
06/14/2002,PAE,WA,ANM,WE,Towers with Display (VFR),7,12,111,1,131,1,2,179,4,186,8,14,290,5,317,320,14,334,651
06/15/2002,PAE,WA,ANM,WE,Towers with Display (VFR),1,0,89,1,91,1,0,239,0,240,2,0,328,1,331,454,0,454,785
06/16/2002,PAE,WA,ANM,WE,Towers with Display (VFR),1,0,72,0,73,1,0,268,0,269,2,0,340,0,342,314,0,314,656
06/17/2002,PAE,WA,ANM,WE,Towers with Display (VFR),2,4,82,0,88,0,3,63,0,66,2,7,145,0,154,210,0,210,364
06/18/2002,PAE,WA,ANM,WE,Towers with Display (VFR),9,4,90,0,103,6,6,160,0,172,15,10,250,0,275,266,0,266,541
06/19/2002,PAE,WA,ANM,WE,Towers with Display (VFR),9,1,101,5,116,3,8,346,2,359,12,9,447,7,475,260,0,260,735
06/20/2002,PAE,WA,ANM,WE,Towers with Display (VFR),6,3,69,0,78,0,14,461,0,475,6,17,530,0,553,420,0,420,973
06/21/2002,PAE,WA,ANM,WE,Towers with Display (VFR),10,3,77,6,96,0,8,322,4,334,10,11,399,10,430,272,0,272,702
06/22/2002,PAE,WA,ANM,WE,Towers with Display (VFR),6,0,49,0,55,0,1,256,0,257,6,1,305,0,312,300,0,300,612
06/23/2002,PAE,WA,ANM,WE,Towers with Display (VFR),6,1,85,1,93,0,1,255,0,256,6,2,340,1,349,254,0,254,603
06/24/2002,PAE,WA,ANM,WE,Towers with Display (VFR),10,7,63,0,80,1,8,257,0,266,11,15,320,0,346,468,0,468,814
06/25/2002,PAE,WA,ANM,WE,Towers with Display (VFR),6,22,66,0,94,2,14,279,3,298,8,36,345,3,392,300,0,300,692
06/26/2002,PAE,WA,ANM,WE,Towers with Display (VFR),5,20,67,0,92,1,0,296,3,300,6,20,363,3,392,362,0,362,754
06/27/2002,PAE,WA,ANM,WE,Towers with Display (VFR),8,8,106,1,123,0,0,125,0,125,8,8,231,1,248,298,0,298,546
06/28/2002,PAE,WA,ANM,WE,Towers with Display (VFR),9,9,59,1,78,0,0,39,1,40,9,9,98,2,118,16,2,18,136
06/29/2002,PAE,WA,ANM,WE,Towers with Display (VFR),10,2,63,0,75,0,0,121,4,125,10,2,184,4,200,156,0,156,356
06/30/2002,PAE,WA,ANM,WE,Towers with Display (VFR),0,0,81,0,81,0,0,202,2,204,0,0,283,2,285,262,0,262,547
07/01/2002,PAE,WA,ANM,WE,Towers with Display (VFR),4,2,58,0,64,0,8,148,1,157,4,10,206,1,221,274,0,274,495
07/02/2002,PAE,WA,ANM,WE,Towers with Display (VFR),12,0,97,4,113,2,8,253,2,265,14,8,350,6,378,470,10,480,858
07/03/2002,PAE,WA,ANM,WE,Towers with Display (VFR),21,1,85,0,107,0,11,330,2,343,21,12,415,2,450,468,0,468,918
07/04/2002,PAE,WA,ANM,WE,Towers with Display (VFR),5,1,36,0,42,3,2,124,2,131,8,3,160,2,173,198,0,198,371
07/05/2002,PAE,WA,ANM,WE,Towers with Display (VFR),1,0,65,0,66,1,7,253,2,263,2,7,318,2,329,218,2,220,549
07/06/2002,PAE,WA,ANM,WE,Towers with Display (VFR),19,0,56,0,75,0,2,448,2,452,19,2,504,2,527,474,0,474,1001
07/07/2002,PAE,WA,ANM,WE,Towers with Display (VFR),5,1,42,0,48,0,5,123,1,129,5,6,165,1,177,138,0,138,315
07/08/2002,PAE,WA,ANM,WE,Towers with Display (VFR),10,4,85,0,99,0,2,109,0,111,10,6,194,0,210,210,0,210,420
07/09/2002,PAE,WA,ANM,WE,Towers with Display (VFR),8,6,110,0,124,0,8,416,2,426,8,14,526,2,550,400,0,400,950
07/10/2002,PAE,WA,ANM,WE,Towers with Display (VFR),8,4,55,0,67,9,4,324,0,337,17,8,379,0,404,384,0,384,788
07/11/2002,PAE,WA,ANM,WE,Towers with Display (VFR),3,6,79,2,90,0,1,213,0,214,3,7,292,2,304,234,0,234,538
07/12/2002,PAE,WA,ANM,WE,Towers with Display (VFR),11,2,51,1,65,0,6,321,2,329,11,8,372,3,394,326,0,326,720
07/13/2002,PAE,WA,ANM,WE,Towers with Display (VFR),14,2,34,1,51,2,2,310,0,314,16,4,344,1,365,356,0,356,721
07/14/2002,PAE,WA,ANM,WE,Towers with Display (VFR),2,0,83,1,86,0,0,172,0,172,2,0,255,1,258,275,0,275,533
07/15/2002,PAE,WA,ANM,WE,Towers with Display (VFR),10,4,74,1,89,4,8,226,5,243,14,12,300,6,332,288,0,288,620
07/16/2002,PAE,WA,ANM,WE,Towers with Display (VFR),15,7,37,1,60,5,9,413,1,428,20,16,450,2,488,450,2,452,940
07/17/2002,PAE,WA,ANM,WE,Towers with Display (VFR),14,8,62,2,86,1,7,326,0,334,15,15,388,2,420,516,0,516,936
07/18/2002,PAE,WA,ANM,WE,Towers with Display (VFR),8,12,63,0,83,6,2,259,0,267,14,14,322,0,350,300,0,300,650
07/19/2002,PAE,WA,ANM,WE,Towers with Display (VFR),10,3,67,0,80,0,13,197,1,211,10,16,264,1,291,192,2,194,485
07/20/2002,PAE,WA,ANM,WE,Towers with Display (VFR),8,0,73,0,81,4,4,328,2,338,12,4,401,2,419,390,0,390,809
07/21/2002,PAE,WA,ANM,WE,Towers with Display (VFR),2,2,33,0,37,0,2,412,0,414,2,4,445,0,451,180,0,180,631
07/22/2002,PAE,WA,ANM,WE,Towers with Display (VFR),5,2,39,0,46,2,13,239,2,256,7,15,278,2,302,266,0,266,568
07/23/2002,PAE,WA,ANM,WE,Towers with Display (VFR),3,0,59,0,62,1,12,232,0,245,4,12,291,0,307,296,2,298,605
07/24/2002,PAE,WA,ANM,WE,Towers with Display (VFR),7,11,72,0,90,0,11,259,0,270,7,22,331,0,360,194,0,194,554
07/25/2002,PAE,WA,ANM,WE,Towers with Display (VFR),3,17,61,0,81,9,2,95,0,106,12,19,156,0,187,216,0,216,403
07/26/2002,PAE,WA,ANM,WE,Towers with Display (VFR),11,23,102,4,140,6,38,178,0,222,17,61,280,4,362,134,0,134,496
07/27/2002,PAE,WA,ANM,WE,Towers with Display (VFR),8,0,66,0,74,2,0,302,0,304,10,0,368,0,378,330,0,330,708
07/28/2002,PAE,WA,ANM,WE,Towers with Display (VFR),2,0,87,0,89,2,3,86,0,91,4,3,173,0,180,100,0,100,280
07/29/2002,PAE,WA,ANM,WE,Towers with Display (VFR),4,5,111,1,121,0,1,32,3,36,4,6,143,4,157,108,0,108,265
07/30/2002,PAE,WA,ANM,WE,Towers with Display (VFR),9,2,87,0,98,1,4,153,0,158,10,6,240,0,256,260,0,260,516
07/31/2002,PAE,WA,ANM,WE,Towers with Display (VFR),6,4,72,1,83,0,16,324,5,345,6,20,396,6,428,432,0,432,860
08/01/2002,PAE,WA,ANM,WE,Towers with Display (VFR),9,5,116,0,130,1,25,398,2,426,10,30,514,2,556,548,0,548,1104
08/02/2002,PAE,WA,ANM,WE,Towers with Display (VFR),16,6,67,0,89,4,14,344,10,372,20,20,411,10,461,440,0,440,901
08/03/2002,PAE,WA,ANM,WE,Towers with Display (VFR),2,0,64,0,66,1,0,290,1,292,3,0,354,1,358,346,0,346,704
08/04/2002,PAE,WA,ANM,WE,Towers with Display (VFR),2,1,57,1,61,5,0,92,0,97,7,1,149,1,158,88,0,88,246
08/05/2002,PAE,WA,ANM,WE,Towers with Display (VFR),10,5,75,2,92,1,5,178,1,185,11,10,253,3,277,300,0,300,577
08/06/2002,PAE,WA,ANM,WE,Towers with Display (VFR),7,3,99,0,109,2,8,142,0,152,9,11,241,0,261,272,0,272,533
08/07/2002,PAE,WA,ANM,WE,Towers with Display (VFR),3,3,87,1,94,0,13,356,3,372,3,16,443,4,466,606,0,606,1072
08/08/2002,PAE,WA,ANM,WE,Towers with Display (VFR),4,2,73,0,79,2,6,338,0,346,6,8,411,0,425,440,0,440,865
08/09/2002,PAE,WA,ANM,WE,Towers with Display (VFR),6,11,70,0,87,4,11,267,1,283,10,22,337,1,370,272,0,272,642
08/10/2002,PAE,WA,ANM,WE,Towers with Display (VFR),4,0,70,0,74,1,1,242,2,246,5,1,312,2,320,338,0,338,658
08/11/2002,PAE,WA,ANM,WE,Towers with Display (VFR),2,0,42,0,44,0,0,241,0,241,2,0,283,0,285,234,14,248,533
08/12/2002,PAE,WA,ANM,WE,Towers with Display (VFR),5,0,75,3,83,2,11,210,0,223,7,11,285,3,306,224,0,224,530
08/13/2002,PAE,WA,ANM,WE,Towers with Display (VFR),19,1,65,7,92,0,7,317,5,329,19,8,382,12,421,494,12,506,927
08/14/2002,PAE,WA,ANM,WE,Towers with Display (VFR),4,0,77,0,81,0,5,389,2,396,4,5,466,2,477,460,8,468,945
08/15/2002,PAE,WA,ANM,WE,Towers with Display (VFR),9,2,82,2,95,0,4,295,0,299,9,6,377,2,394,422,12,434,828
08/16/2002,PAE,WA,ANM,WE,Towers with Display (VFR),10,5,77,0,92,0,4,271,0,275,10,9,348,0,367,350,0,350,717
08/17/2002,PAE,WA,ANM,WE,Towers with Display (VFR),2,1,41,0,44,0,3,296,0,299,2,4,337,0,343,434,0,434,777
08/18/2002,PAE,WA,ANM,WE,Towers with Display (VFR),4,3,69,0,76,0,0,291,6,297,4,3,360,6,373,258,0,258,631
08/19/2002,PAE,WA,ANM,WE,Towers with Display (VFR),8,7,113,0,128,1,6,152,0,159,9,13,265,0,287,200,0,200,487
08/20/2002,PAE,WA,ANM,WE,Towers with Display (VFR),9,1,131,1,142,0,8,80,0,88,9,9,211,1,230,132,0,132,362
08/21/2002,PAE,WA,ANM,WE,Towers with Display (VFR),30,2,119,2,153,0,5,283,0,288,30,7,402,2,441,352,0,352,793
08/22/2002,PAE,WA,ANM,WE,Towers with Display (VFR),4,2,72,0,78,0,25,270,2,297,4,27,342,2,375,364,0,364,739
08/23/2002,PAE,WA,ANM,WE,Towers with Display (VFR),12,5,57,0,74,0,1,263,0,264,12,6,320,0,338,320,0,320,658
08/24/2002,PAE,WA,ANM,WE,Towers with Display (VFR),8,0,71,0,79,0,1,479,0,480,8,1,550,0,559,478,0,478,1037
08/25/2002,PAE,WA,ANM,WE,Towers with Display (VFR),11,2,109,1,123,3,0,96,3,102,14,2,205,4,225,120,0,120,345
08/26/2002,PAE,WA,ANM,WE,Towers with Display (VFR),5,2,47,0,54,3,2,276,2,283,8,4,323,2,337,362,0,362,699
08/27/2002,PAE,WA,ANM,WE,Towers with Display (VFR),4,3,74,0,81,2,6,371,0,379,6,9,445,0,460,308,0,308,768
08/28/2002,PAE,WA,ANM,WE,Towers with Display (VFR),6,1,73,0,80,5,19,324,0,348,11,20,397,0,428,336,0,336,764
08/29/2002,PAE,WA,ANM,WE,Towers with Display (VFR),4,14,102,0,120,6,12,233,2,253,10,26,335,2,373,254,0,254,627
08/30/2002,PAE,WA,ANM,WE,Towers with Display (VFR),4,8,41,6,59,3,6,247,0,256,7,14,288,6,315,288,0,288,603
08/31/2002,PAE,WA,ANM,WE,Towers with Display (VFR),2,0,74,0,76,3,1,315,0,319,5,1,389,0,395,466,2,468,863
09/01/2002,PAE,WA,ANM,WE,Towers with Display (VFR),0,0,66,0,66,0,0,150,0,150,0,0,216,0,216,334,0,334,550
09/02/2002,PAE,WA,ANM,WE,Towers with Display (VFR),4,0,71,0,75,0,0,106,0,106,4,0,177,0,181,186,0,186,367
09/03/2002,PAE,WA,ANM,WE,Towers with Display (VFR),6,3,74,0,83,0,7,126,4,137,6,10,200,4,220,150,12,162,382
09/04/2002,PAE,WA,ANM,WE,Towers with Display (VFR),12,1,66,4,83,10,27,355,0,392,22,28,421,4,475,494,0,494,969
09/05/2002,PAE,WA,ANM,WE,Towers with Display (VFR),5,3,69,1,78,0,3,324,2,329,5,6,393,3,407,560,0,560,967
09/06/2002,PAE,WA,ANM,WE,Towers with Display (VFR),12,3,84,0,99,0,8,339,0,347,12,11,423,0,446,423,0,423,869
09/07/2002,PAE,WA,ANM,WE,Towers with Display (VFR),1,0,83,0,84,0,2,331,0,333,1,2,414,0,417,478,0,478,895
09/08/2002,PAE,WA,ANM,WE,Towers with Display (VFR),4,2,49,0,55,1,0,137,0,138,5,2,186,0,193,270,0,270,463
09/09/2002,PAE,WA,ANM,WE,Towers with Display (VFR),6,1,63,2,72,0,7,292,0,299,6,8,355,2,371,514,0,514,885
09/10/2002,PAE,WA,ANM,WE,Towers with Display (VFR),8,4,57,0,69,0,8,261,0,269,8,12,318,0,338,330,0,330,668
09/11/2002,PAE,WA,ANM,WE,Towers with Display (VFR),4,3,76,2,85,5,7,251,2,265,9,10,327,4,350,398,2,400,750
09/12/2002,PAE,WA,ANM,WE,Towers with Display (VFR),10,6,47,0,63,0,6,300,3,309,10,12,347,3,372,506,0,506,878
09/13/2002,PAE,WA,ANM,WE,Towers with Display (VFR),8,3,63,0,74,3,11,280,3,297,11,14,343,3,371,343,0,343,714
09/14/2002,PAE,WA,ANM,WE,Towers with Display (VFR),15,0,104,1,120,1,3,297,0,301,16,3,401,1,421,574,0,574,995
09/15/2002,PAE,WA,ANM,WE,Towers with Display (VFR),8,0,64,0,72,9,0,96,1,106,17,0,160,1,178,212,0,212,390
09/16/2002,PAE,WA,ANM,WE,Towers with Display (VFR),6,0,87,1,94,0,3,58,2,63,6,3,145,3,157,120,0,120,277
09/17/2002,PAE,WA,ANM,WE,Towers with Display (VFR),22,13,76,0,111,6,8,213,0,227,28,21,289,0,338,244,0,244,582
09/18/2002,PAE,WA,ANM,WE,Towers with Display (VFR),15,17,67,0,99,3,8,358,0,369,18,25,425,0,468,432,0,432,900
09/19/2002,PAE,WA,ANM,WE,Towers with Display (VFR),8,6,56,0,70,0,2,165,2,169,8,8,221,2,239,226,0,226,465
09/20/2002,PAE,WA,ANM,WE,Towers with Display (VFR),14,1,48,0,63,5,12,261,1,279,19,13,309,1,342,326,0,326,668
09/21/2002,PAE,WA,ANM,WE,Towers with Display (VFR),8,0,30,0,38,6,2,444,0,452,14,2,474,0,490,596,0,596,1086
09/22/2002,PAE,WA,ANM,WE,Towers with Display (VFR),6,0,62,0,68,1,0,429,0,430,7,0,491,0,498,384,0,384,882
09/23/2002,PAE,WA,ANM,WE,Towers with Display (VFR),9,0,83,0,92,0,12,258,1,271,9,12,341,1,363,434,0,434,797
09/24/2002,PAE,WA,ANM,WE,Towers with Display (VFR),5,2,67,0,74,1,6,157,0,164,6,8,224,0,238,300,0,300,538
09/25/2002,PAE,WA,ANM,WE,Towers with Display (VFR),13,5,99,0,117,0,10,301,6,317,13,15,400,6,434,514,2,516,950
09/26/2002,PAE,WA,ANM,WE,Towers with Display (VFR),9,8,73,0,90,1,12,209,0,222,10,20,282,0,312,360,0,360,672
09/27/2002,PAE,WA,ANM,WE,Towers with Display (VFR),9,1,93,0,103,0,5,169,0,174,9,6,262,0,277,292,0,292,569
09/28/2002,PAE,WA,ANM,WE,Towers with Display (VFR),4,4,54,0,62,0,1,331,0,332,4,5,385,0,394,502,0,502,896
09/29/2002,PAE,WA,ANM,WE,Towers with Display (VFR),6,0,44,0,50,8,0,140,0,148,14,0,184,0,198,268,0,268,466
09/30/2002,PAE,WA,ANM,WE,Towers with Display (VFR),11,7,68,2,88,0,8,172,0,180,11,15,240,2,268,342,0,342,610
10/01/2002,PAE,WA,ANM,WE,Towers with Display (VFR),1,14,76,2,93,0,0,216,0,216,1,14,292,2,309,284,2,286,595
10/02/2002,PAE,WA,ANM,WE,Towers with Display (VFR),12,2,75,0,89,2,13,206,1,222,14,15,281,1,311,342,0,342,653
10/03/2002,PAE,WA,ANM,WE,Towers with Display (VFR),4,8,62,0,74,0,0,0,0,0,4,8,62,0,74,0,0,0,74
10/04/2002,PAE,WA,ANM,WE,Towers with Display (VFR),9,2,107,2,120,0,8,203,0,211,9,10,310,2,331,534,0,534,865
10/05/2002,PAE,WA,ANM,WE,Towers with Display (VFR),4,1,106,0,111,0,1,30,0,31,4,2,136,0,142,46,0,46,188
10/06/2002,PAE,WA,ANM,WE,Towers with Display (VFR),6,4,68,0,78,0,0,226,3,229,6,4,294,3,307,424,0,424,731
10/07/2002,PAE,WA,ANM,WE,Towers with Display (VFR),2,7,63,0,72,0,10,52,10,72,2,17,115,10,144,80,0,80,224
10/08/2002,PAE,WA,ANM,WE,Towers with Display (VFR),7,7,62,0,76,8,2,69,0,79,15,9,131,0,155,124,0,124,279
10/09/2002,PAE,WA,ANM,WE,Towers with Display (VFR),1,2,49,2,54,1,6,71,2,80,2,8,120,4,134,80,0,80,214
10/10/2002,PAE,WA,ANM,WE,Towers with Display (VFR),4,19,73,2,98,0,20,181,1,202,4,39,254,3,300,392,10,402,702
10/11/2002,PAE,WA,ANM,WE,Towers with Display (VFR),16,0,88,2,106,0,9,274,0,283,16,9,362,2,389,392,0,392,781
10/12/2002,PAE,WA,ANM,WE,Towers with Display (VFR),7,1,69,0,77,7,7,528,5,547,14,8,597,5,624,418,6,424,1048
10/13/2002,PAE,WA,ANM,WE,Towers with Display (VFR),14,0,50,1,65,7,0,381,0,388,21,0,431,1,453,350,0,350,803
10/14/2002,PAE,WA,ANM,WE,Towers with Display (VFR),7,0,53,0,60,2,0,248,2,252,9,0,301,2,312,356,0,356,668
10/15/2002,PAE,WA,ANM,WE,Towers with Display (VFR),13,0,66,0,79,3,6,268,0,277,16,6,334,0,356,284,0,284,640
10/16/2002,PAE,WA,ANM,WE,Towers with Display (VFR),9,7,71,2,89,5,6,310,4,325,14,13,381,6,414,380,0,380,794
10/17/2002,PAE,WA,ANM,WE,Towers with Display (VFR),7,3,49,0,59,0,9,290,0,299,7,12,339,0,358,274,0,274,632
10/18/2002,PAE,WA,ANM,WE,Towers with Display (VFR),8,5,36,0,49,0,0,22,0,22,8,5,58,0,71,18,0,18,89
10/19/2002,PAE,WA,ANM,WE,Towers with Display (VFR),1,4,91,0,96,0,0,0,1,1,1,4,91,1,97,14,0,14,111
10/20/2002,PAE,WA,ANM,WE,Towers with Display (VFR),2,0,57,1,60,0,1,143,1,145,2,1,200,2,205,212,0,212,417
10/21/2002,PAE,WA,ANM,WE,Towers with Display (VFR),11,4,58,0,73,2,3,85,0,90,13,7,143,0,163,106,0,106,269
10/22/2002,PAE,WA,ANM,WE,Towers with Display (VFR),6,10,72,6,94,2,7,162,2,173,8,17,234,8,267,244,10,254,521
10/23/2002,PAE,WA,ANM,WE,Towers with Display (VFR),7,2,79,2,90,7,9,286,53,355,14,11,365,55,445,536,34,570,1015
10/24/2002,PAE,WA,ANM,WE,Towers with Display (VFR),0,19,57,1,77,0,0,43,0,43,0,19,100,1,120,56,0,56,176
10/25/2002,PAE,WA,ANM,WE,Towers with Display (VFR),14,7,50,0,71,0,1,4,0,5,14,8,54,0,76,0,0,0,76
10/26/2002,PAE,WA,ANM,WE,Towers with Display (VFR),11,2,132,0,145,0,0,0,0,0,11,2,132,0,145,0,36,36,181
10/27/2002,PAE,WA,ANM,WE,Towers with Display (VFR),3,0,0,0,3,2,0,221,0,223,5,0,221,0,226,170,0,170,396
10/28/2002,PAE,WA,ANM,WE,Towers with Display (VFR),7,8,62,0,77,6,9,118,0,133,13,17,180,0,210,214,0,214,424
10/29/2002,PAE,WA,ANM,WE,Towers with Display (VFR),8,12,76,2,98,0,5,234,0,239,8,17,310,2,337,324,0,324,661
10/30/2002,PAE,WA,ANM,WE,Towers with Display (VFR),10,3,71,0,84,9,5,346,0,360,19,8,417,0,444,640,0,640,1084
10/31/2002,PAE,WA,ANM,WE,Towers with Display (VFR),12,6,49,1,68,1,5,322,0,328,13,11,371,1,396,376,0,376,772
11/01/2002,PAE,WA,ANM,WE,Towers with Display (VFR),10,0,60,2,72,1,3,222,3,229,11,3,282,5,301,282,0,282,583
11/02/2002,PAE,WA,ANM,WE,Towers with Display (VFR),7,3,61,7,78,5,5,441,6,457,12,8,502,13,535,470,0,470,1005
11/03/2002,PAE,WA,ANM,WE,Towers with Display (VFR),0,0,69,0,69,0,2,425,1,428,0,2,494,1,497,472,0,472,969
11/04/2002,PAE,WA,ANM,WE,Towers with Display (VFR),6,2,78,0,86,0,5,253,4,262,6,7,331,4,348,480,0,480,828
11/05/2002,PAE,WA,ANM,WE,Towers with Display (VFR),4,14,72,0,90,0,2,137,0,139,4,16,209,0,229,294,0,294,523
11/06/2002,PAE,WA,ANM,WE,Towers with Display (VFR),12,13,60,0,85,8,10,54,1,73,20,23,114,1,158,104,0,104,262
11/07/2002,PAE,WA,ANM,WE,Towers with Display (VFR),13,10,47,1,71,1,4,31,3,39,14,14,78,4,110,28,0,28,138
11/08/2002,PAE,WA,ANM,WE,Towers with Display (VFR),9,2,52,1,64,0,3,22,0,25,9,5,74,1,89,76,0,76,165
11/09/2002,PAE,WA,ANM,WE,Towers with Display (VFR),2,2,70,0,74,0,1,114,0,115,2,3,184,0,189,134,0,134,323
11/10/2002,PAE,WA,ANM,WE,Towers with Display (VFR),1,0,47,0,48,0,0,204,0,204,1,0,251,0,252,304,6,310,562
11/11/2002,PAE,WA,ANM,WE,Towers with Display (VFR),0,7,59,0,66,0,0,109,0,109,0,7,168,0,175,178,0,178,353
11/12/2002,PAE,WA,ANM,WE,Towers with Display (VFR),7,15,33,0,55,0,10,35,0,45,7,25,68,0,100,0,0,0,100
11/13/2002,PAE,WA,ANM,WE,Towers with Display (VFR),18,18,81,4,121,1,12,139,1,153,19,30,220,5,274,174,0,174,448
11/14/2002,PAE,WA,ANM,WE,Towers with Display (VFR),13,8,64,2,87,1,7,190,2,200,14,15,254,4,287,236,14,250,537
11/15/2002,PAE,WA,ANM,WE,Towers with Display (VFR),6,3,98,10,117,7,7,146,0,160,13,10,244,10,277,172,10,182,459
11/16/2002,PAE,WA,ANM,WE,Towers with Display (VFR),9,2,16,2,29,0,0,8,0,8,9,2,24,2,37,4,0,4,41
11/17/2002,PAE,WA,ANM,WE,Towers with Display (VFR),0,0,68,0,68,0,1,190,0,191,0,1,258,0,259,458,0,458,717
11/18/2002,PAE,WA,ANM,WE,Towers with Display (VFR),6,7,32,0,45,2,0,57,0,59,8,7,89,0,104,80,0,80,184
11/19/2002,PAE,WA,ANM,WE,Towers with Display (VFR),7,11,59,2,79,3,0,12,0,15,10,11,71,2,94,4,0,4,98
11/20/2002,PAE,WA,ANM,WE,Towers with Display (VFR),13,3,95,0,111,4,1,285,0,290,17,4,380,0,401,430,0,430,831
11/21/2002,PAE,WA,ANM,WE,Towers with Display (VFR),9,15,79,8,111,0,1,68,0,69,9,16,147,8,180,110,0,110,290
11/22/2002,PAE,WA,ANM,WE,Towers with Display (VFR),0,4,28,2,34,0,0,0,0,0,0,4,28,2,34,0,0,0,34
11/23/2002,PAE,WA,ANM,WE,Towers with Display (VFR),14,0,112,0,126,2,2,144,0,148,16,2,256,0,274,174,0,174,448
11/24/2002,PAE,WA,ANM,WE,Towers with Display (VFR),10,0,61,2,73,2,1,453,1,457,12,1,514,3,530,630,0,630,1160
11/25/2002,PAE,WA,ANM,WE,Towers with Display (VFR),14,11,76,4,105,4,0,322,2,328,18,11,398,6,433,606,0,606,1039
11/26/2002,PAE,WA,ANM,WE,Towers with Display (VFR),6,5,40,12,63,0,6,272,4,282,6,11,312,16,345,390,2,392,737
11/27/2002,PAE,WA,ANM,WE,Towers with Display (VFR),2,11,70,2,85,8,8,360,0,376,10,19,430,2,461,430,0,430,891
11/28/2002,PAE,WA,ANM,WE,Towers with Display (VFR),2,0,14,0,16,0,0,142,2,144,2,0,156,2,160,154,0,154,314
11/29/2002,PAE,WA,ANM,WE,Towers with Display (VFR),5,5,34,4,48,0,7,214,0,221,5,12,248,4,269,296,0,296,565
11/30/2002,PAE,WA,ANM,WE,Towers with Display (VFR),9,7,58,0,74,2,0,439,2,443,11,7,497,2,517,384,0,384,901
12/01/2002,PAE,WA,ANM,WE,Towers with Display (VFR),4,3,94,2,103,0,1,147,1,149,4,4,241,3,252,224,0,224,476
12/02/2002,PAE,WA,ANM,WE,Towers with Display (VFR),9,5,75,0,89,1,0,76,0,77,10,5,151,0,166,196,0,196,362
12/03/2002,PAE,WA,ANM,WE,Towers with Display (VFR),12,5,104,20,141,8,6,111,18,143,20,11,215,38,284,274,0,274,558
12/04/2002,PAE,WA,ANM,WE,Towers with Display (VFR),4,6,81,15,106,0,0,49,1,50,4,6,130,16,156,82,0,82,238
12/05/2002,PAE,WA,ANM,WE,Towers with Display (VFR),5,6,79,2,92,0,2,138,0,140,5,8,217,2,232,228,0,228,460
12/06/2002,PAE,WA,ANM,WE,Towers with Display (VFR),13,3,116,3,135,2,5,197,7,211,15,8,313,10,346,298,0,298,644
12/07/2002,PAE,WA,ANM,WE,Towers with Display (VFR),11,3,66,0,80,3,2,201,2,208,14,5,267,2,288,228,0,228,516
12/08/2002,PAE,WA,ANM,WE,Towers with Display (VFR),2,1,53,3,59,0,6,221,0,227,2,7,274,3,286,402,2,404,690
12/09/2002,PAE,WA,ANM,WE,Towers with Display (VFR),6,5,56,1,68,3,4,84,3,94,9,9,140,4,162,142,0,142,304
12/10/2002,PAE,WA,ANM,WE,Towers with Display (VFR),4,5,40,0,49,2,3,46,0,51,6,8,86,0,100,16,0,16,116
12/11/2002,PAE,WA,ANM,WE,Towers with Display (VFR),9,11,57,0,77,1,0,0,0,1,10,11,57,0,78,4,0,4,82
12/12/2002,PAE,WA,ANM,WE,Towers with Display (VFR),7,7,26,0,40,0,5,16,0,21,7,12,42,0,61,10,0,10,71
12/13/2002,PAE,WA,ANM,WE,Towers with Display (VFR),4,6,63,0,73,0,0,115,2,117,4,6,178,2,190,186,0,186,376
12/14/2002,PAE,WA,ANM,WE,Towers with Display (VFR),13,1,15,0,29,1,3,9,0,13,14,4,24,0,42,20,0,20,62
12/15/2002,PAE,WA,ANM,WE,Towers with Display (VFR),2,0,18,0,20,0,0,122,0,122,2,0,140,0,142,108,0,108,250
12/16/2002,PAE,WA,ANM,WE,Towers with Display (VFR),5,3,45,1,54,7,7,25,1,40,12,10,70,2,94,60,4,64,158
12/17/2002,PAE,WA,ANM,WE,Towers with Display (VFR),8,7,77,2,94,8,10,32,0,50,16,17,109,2,144,8,0,8,152
12/18/2002,PAE,WA,ANM,WE,Towers with Display (VFR),12,9,71,2,94,0,4,136,1,141,12,13,207,3,235,280,0,280,515
12/19/2002,PAE,WA,ANM,WE,Towers with Display (VFR),5,16,41,0,62,1,7,121,0,129,6,23,162,0,191,142,2,144,335
12/20/2002,PAE,WA,ANM,WE,Towers with Display (VFR),10,3,53,0,66,0,8,237,0,245,10,11,290,0,311,360,0,360,671
12/21/2002,PAE,WA,ANM,WE,Towers with Display (VFR),2,1,86,0,89,0,11,224,0,235,2,12,310,0,324,306,0,306,630
12/22/2002,PAE,WA,ANM,WE,Towers with Display (VFR),0,0,50,0,50,0,0,154,0,154,0,0,204,0,204,317,0,317,521
12/23/2002,PAE,WA,ANM,WE,Towers with Display (VFR),1,11,60,2,74,0,5,253,2,260,1,16,313,4,334,216,0,216,550
12/24/2002,PAE,WA,ANM,WE,Towers with Display (VFR),1,3,37,0,41,0,0,57,0,57,1,3,94,0,98,72,0,72,170
12/25/2002,PAE,WA,ANM,WE,Towers with Display (VFR),0,0,0,0,0,0,4,0,0,4,0,4,0,0,4,0,0,0,4
12/26/2002,PAE,WA,ANM,WE,Towers with Display (VFR),0,5,58,1,64,0,2,69,1,72,0,7,127,2,136,110,0,110,246
12/27/2002,PAE,WA,ANM,WE,Towers with Display (VFR),3,8,5,0,16,0,3,9,1,13,3,11,14,1,29,6,0,6,35
12/28/2002,PAE,WA,ANM,WE,Towers with Display (VFR),3,2,44,0,49,1,0,26,1,28,4,2,70,1,77,54,0,54,131
12/29/2002,PAE,WA,ANM,WE,Towers with Display (VFR),0,0,55,0,55,0,0,157,3,160,0,0,212,3,215,266,0,266,481
12/30/2002,PAE,WA,ANM,WE,Towers with Display (VFR),2,4,22,0,28,0,6,54,0,60,2,10,76,0,88,116,0,116,204
12/31/2002,PAE,WA,ANM,WE,Towers with Display (VFR),0,5,55,0,60,0,2,224,0,226,0,7,279,0,286,196,0,196,482
01/01/2003,PAE,WA,ANM,WE,Towers with Display (VFR),2,1,19,0,22,2,4,10,0,16,4,5,29,0,38,24,0,24,62
01/02/2003,PAE,WA,ANM,WE,Towers with Display (VFR),0,1,35,2,38,0,7,42,2,51,0,8,77,4,89,40,0,40,129
01/03/2003,PAE,WA,ANM,WE,Towers with Display (VFR),4,2,33,0,39,0,6,96,0,102,4,8,129,0,141,104,0,104,245
01/04/2003,PAE,WA,ANM,WE,Towers with Display (VFR),5,1,35,0,41,0,1,47,0,48,5,2,82,0,89,80,0,80,169
01/05/2003,PAE,WA,ANM,WE,Towers with Display (VFR),6,0,76,5,87,1,6,428,0,435,7,6,504,5,522,560,0,560,1082
01/06/2003,PAE,WA,ANM,WE,Towers with Display (VFR),5,3,54,4,66,0,11,154,4,169,5,14,208,8,235,310,0,310,545
01/07/2003,PAE,WA,ANM,WE,Towers with Display (VFR),3,3,66,3,75,0,4,432,3,439,3,7,498,6,514,428,2,430,944
01/08/2003,PAE,WA,ANM,WE,Towers with Display (VFR),8,3,59,0,70,4,3,277,0,284,12,6,336,0,354,338,0,338,692
01/09/2003,PAE,WA,ANM,WE,Towers with Display (VFR),6,8,76,6,96,1,3,243,0,247,7,11,319,6,343,418,2,420,763
01/10/2003,PAE,WA,ANM,WE,Towers with Display (VFR),3,4,89,2,98,0,4,234,1,239,3,8,323,3,337,426,0,426,763
01/11/2003,PAE,WA,ANM,WE,Towers with Display (VFR),3,2,76,2,83,0,0,193,5,198,3,2,269,7,281,442,0,442,723
01/12/2003,PAE,WA,ANM,WE,Towers with Display (VFR),7,1,39,9,56,1,0,16,5,22,8,1,55,14,78,10,0,10,88
01/13/2003,PAE,WA,ANM,WE,Towers with Display (VFR),3,3,50,0,56,0,4,70,0,74,3,7,120,0,130,132,0,132,262
01/14/2003,PAE,WA,ANM,WE,Towers with Display (VFR),10,14,60,0,84,1,3,140,0,144,11,17,200,0,228,208,0,208,436
01/15/2003,PAE,WA,ANM,WE,Towers with Display (VFR),5,5,68,0,78,0,2,192,1,195,5,7,260,1,273,378,0,378,651
01/16/2003,PAE,WA,ANM,WE,Towers with Display (VFR),3,12,78,0,93,0,5,210,0,215,3,17,288,0,308,332,0,332,640
01/17/2003,PAE,WA,ANM,WE,Towers with Display (VFR),9,2,50,1,62,1,5,299,1,306,10,7,349,2,368,364,0,364,732
01/18/2003,PAE,WA,ANM,WE,Towers with Display (VFR),3,1,76,1,81,4,1,535,0,540,7,2,611,1,621,516,0,516,1137
01/19/2003,PAE,WA,ANM,WE,Towers with Display (VFR),0,0,54,0,54,0,0,169,0,169,0,0,223,0,223,362,0,362,585
01/20/2003,PAE,WA,ANM,WE,Towers with Display (VFR),9,4,91,0,104,0,0,17,0,17,9,4,108,0,121,90,0,90,211
01/21/2003,PAE,WA,ANM,WE,Towers with Display (VFR),1,17,14,0,32,0,0,2,0,2,1,17,16,0,34,0,0,0,34
01/22/2003,PAE,WA,ANM,WE,Towers with Display (VFR),8,14,73,0,95,1,2,5,0,8,9,16,78,0,103,8,0,8,111
01/23/2003,PAE,WA,ANM,WE,Towers with Display (VFR),5,7,73,0,85,0,12,96,1,109,5,19,169,1,194,194,0,194,388
01/24/2003,PAE,WA,ANM,WE,Towers with Display (VFR),3,8,66,0,77,0,0,28,0,28,3,8,94,0,105,0,0,0,105
01/25/2003,PAE,WA,ANM,WE,Towers with Display (VFR),3,3,93,0,99,0,1,85,0,86,3,4,178,0,185,192,0,192,377
01/26/2003,PAE,WA,ANM,WE,Towers with Display (VFR),1,0,40,0,41,0,0,24,1,25,1,0,64,1,66,34,0,34,100
01/27/2003,PAE,WA,ANM,WE,Towers with Display (VFR),5,7,69,0,81,3,6,57,0,66,8,13,126,0,147,92,0,92,239
01/28/2003,PAE,WA,ANM,WE,Towers with Display (VFR),1,3,110,0,114,0,7,60,0,67,1,10,170,0,181,118,0,118,299
01/29/2003,PAE,WA,ANM,WE,Towers with Display (VFR),7,9,41,6,63,1,7,11,0,19,8,16,52,6,82,36,0,36,118
01/30/2003,PAE,WA,ANM,WE,Towers with Display (VFR),4,10,50,2,66,0,4,15,0,19,4,14,65,2,85,6,0,6,91
01/31/2003,PAE,WA,ANM,WE,Towers with Display (VFR),0,11,44,5,60,0,3,36,5,44,0,14,80,10,104,34,0,34,138
02/01/2003,PAE,WA,ANM,WE,Towers with Display (VFR),4,0,88,0,92,0,0,208,0,208,4,0,296,0,300,338,0,338,638
02/02/2003,PAE,WA,ANM,WE,Towers with Display (VFR),6,0,64,0,70,0,0,64,0,64,6,0,128,0,134,186,0,186,320
02/03/2003,PAE,WA,ANM,WE,Towers with Display (VFR),10,9,66,2,87,0,0,119,0,119,10,9,185,2,206,142,2,144,350
02/04/2003,PAE,WA,ANM,WE,Towers with Display (VFR),10,7,14,0,31,1,1,171,1,174,11,8,185,1,205,170,0,170,375
02/05/2003,PAE,WA,ANM,WE,Towers with Display (VFR),8,4,59,2,73,0,4,251,5,260,8,8,310,7,333,466,12,478,811
02/06/2003,PAE,WA,ANM,WE,Towers with Display (VFR),9,10,71,0,90,2,12,255,0,269,11,22,326,0,359,342,0,342,701
02/07/2003,PAE,WA,ANM,WE,Towers with Display (VFR),2,5,37,1,45,0,2,28,0,30,2,7,65,1,75,28,0,28,103
02/08/2003,PAE,WA,ANM,WE,Towers with Display (VFR),7,0,53,0,60,0,0,3,0,3,7,0,56,0,63,2,0,2,65
02/09/2003,PAE,WA,ANM,WE,Towers with Display (VFR),3,0,44,18,65,2,1,0,0,3,5,1,44,18,68,0,0,0,68
02/10/2003,PAE,WA,ANM,WE,Towers with Display (VFR),3,1,67,0,71,0,10,105,3,118,3,11,172,3,189,212,0,212,401
02/11/2003,PAE,WA,ANM,WE,Towers with Display (VFR),4,8,87,1,100,2,6,193,4,205,6,14,280,5,305,284,0,284,589
02/12/2003,PAE,WA,ANM,WE,Towers with Display (VFR),4,18,96,0,118,0,8,260,0,268,4,26,356,0,386,494,0,494,880
02/13/2003,PAE,WA,ANM,WE,Towers with Display (VFR),7,15,68,19,109,0,33,264,7,304,7,48,332,26,413,338,46,384,797
02/14/2003,PAE,WA,ANM,WE,Towers with Display (VFR),5,7,57,0,69,0,14,146,0,160,5,21,203,0,229,204,0,204,433
02/15/2003,PAE,WA,ANM,WE,Towers with Display (VFR),5,6,58,0,69,0,0,164,0,164,5,6,222,0,233,306,0,306,539
02/16/2003,PAE,WA,ANM,WE,Towers with Display (VFR),6,1,56,0,63,2,0,19,0,21,8,1,75,0,84,110,0,110,194
02/17/2003,PAE,WA,ANM,WE,Towers with Display (VFR),5,0,62,0,67,0,0,152,0,152,5,0,214,0,219,210,0,210,429
02/18/2003,PAE,WA,ANM,WE,Towers with Display (VFR),7,4,71,2,84,7,0,94,2,103,14,4,165,4,187,182,2,184,371
02/19/2003,PAE,WA,ANM,WE,Towers with Display (VFR),9,9,67,0,85,5,4,63,0,72,14,13,130,0,157,194,0,194,351
02/20/2003,PAE,WA,ANM,WE,Towers with Display (VFR),6,7,45,0,58,9,0,33,2,44,15,7,78,2,102,2,0,2,104
02/21/2003,PAE,WA,ANM,WE,Towers with Display (VFR),7,10,44,0,61,0,4,36,0,40,7,14,80,0,101,32,0,32,133
02/22/2003,PAE,WA,ANM,WE,Towers with Display (VFR),0,1,100,0,101,0,0,136,0,136,0,1,236,0,237,320,0,320,557
02/23/2003,PAE,WA,ANM,WE,Towers with Display (VFR),5,0,57,0,62,0,0,388,12,400,5,0,445,12,462,0,280,280,742
02/24/2003,PAE,WA,ANM,WE,Towers with Display (VFR),6,6,66,0,78,4,3,276,0,283,10,9,342,0,361,314,4,318,679
02/25/2003,PAE,WA,ANM,WE,Towers with Display (VFR),10,3,75,0,88,12,3,234,0,249,22,6,309,0,337,310,0,310,647
02/26/2003,PAE,WA,ANM,WE,Towers with Display (VFR),13,6,68,1,88,4,3,154,0,161,17,9,222,1,249,254,0,254,503
02/27/2003,PAE,WA,ANM,WE,Towers with Display (VFR),5,2,108,4,119,4,4,162,0,170,9,6,270,4,289,358,0,358,647
02/28/2003,PAE,WA,ANM,WE,Towers with Display (VFR),6,6,39,0,51,0,0,35,0,35,6,6,74,0,86,4,0,4,90
03/01/2003,PAE,WA,ANM,WE,Towers with Display (VFR),4,2,64,1,71,4,3,476,3,486,8,5,540,4,557,402,0,402,959
03/02/2003,PAE,WA,ANM,WE,Towers with Display (VFR),1,2,46,1,50,3,0,8,0,11,4,2,54,1,61,14,0,14,75
03/03/2003,PAE,WA,ANM,WE,Towers with Display (VFR),1,1,87,0,89,1,5,120,0,126,2,6,207,0,215,196,0,196,411
03/04/2003,PAE,WA,ANM,WE,Towers with Display (VFR),1,5,76,0,82,1,7,94,0,102,2,12,170,0,184,170,0,170,354
03/05/2003,PAE,WA,ANM,WE,Towers with Display (VFR),4,1,29,0,34,3,10,18,0,31,7,11,47,0,65,66,0,66,131
03/06/2003,PAE,WA,ANM,WE,Towers with Display (VFR),4,3,48,0,55,0,6,90,0,96,4,9,138,0,151,150,0,150,301
03/07/2003,PAE,WA,ANM,WE,Towers with Display (VFR),15,7,17,3,42,1,1,14,1,17,16,8,31,4,59,2,0,2,61
03/08/2003,PAE,WA,ANM,WE,Towers with Display (VFR),3,2,27,0,32,3,1,43,0,47,6,3,70,0,79,120,0,120,199
03/09/2003,PAE,WA,ANM,WE,Towers with Display (VFR),0,2,32,0,34,0,0,56,0,56,0,2,88,0,90,176,0,176,266
03/10/2003,PAE,WA,ANM,WE,Towers with Display (VFR),4,6,86,0,96,0,0,89,0,89,4,6,175,0,185,132,0,132,317
03/11/2003,PAE,WA,ANM,WE,Towers with Display (VFR),9,6,44,1,60,1,1,4,0,6,10,7,48,1,66,0,0,0,66
03/12/2003,PAE,WA,ANM,WE,Towers with Display (VFR),9,6,35,0,50,1,3,26,0,30,10,9,61,0,80,4,0,4,84
03/13/2003,PAE,WA,ANM,WE,Towers with Display (VFR),9,9,17,0,35,0,6,23,0,29,9,15,40,0,64,20,0,20,84
03/14/2003,PAE,WA,ANM,WE,Towers with Display (VFR),20,10,56,2,88,1,21,178,1,201,21,31,234,3,289,206,0,206,495
03/15/2003,PAE,WA,ANM,WE,Towers with Display (VFR),6,1,59,2,68,3,5,151,0,159,9,6,210,2,227,220,0,220,447
03/16/2003,PAE,WA,ANM,WE,Towers with Display (VFR),8,1,56,0,65,2,0,170,1,173,10,1,226,1,238,278,0,278,516
03/17/2003,PAE,WA,ANM,WE,Towers with Display (VFR),12,3,50,2,67,11,9,90,0,110,23,12,140,2,177,170,0,170,347
03/18/2003,PAE,WA,ANM,WE,Towers with Display (VFR),7,10,42,0,59,0,7,80,0,87,7,17,122,0,146,114,0,114,260
03/19/2003,PAE,WA,ANM,WE,Towers with Display (VFR),6,19,8,0,33,1,14,156,0,171,7,33,164,0,204,110,0,110,314
03/20/2003,PAE,WA,ANM,WE,Towers with Display (VFR),5,4,43,0,52,0,8,15,11,34,5,12,58,11,86,20,0,20,106
03/21/2003,PAE,WA,ANM,WE,Towers with Display (VFR),0,14,45,0,59,0,9,58,0,67,0,23,103,0,126,36,0,36,162
03/22/2003,PAE,WA,ANM,WE,Towers with Display (VFR),6,8,22,2,38,0,7,66,0,73,6,15,88,2,111,66,0,66,177
03/23/2003,PAE,WA,ANM,WE,Towers with Display (VFR),2,0,51,0,53,3,0,123,2,128,5,0,174,2,181,206,0,206,387
03/24/2003,PAE,WA,ANM,WE,Towers with Display (VFR),8,8,77,0,93,6,12,267,0,285,14,20,344,0,378,376,0,376,754
03/25/2003,PAE,WA,ANM,WE,Towers with Display (VFR),2,3,69,0,74,1,6,113,0,120,3,9,182,0,194,178,0,178,372
03/26/2003,PAE,WA,ANM,WE,Towers with Display (VFR),8,3,48,0,59,0,19,75,0,94,8,22,123,0,153,128,0,128,281
03/27/2003,PAE,WA,ANM,WE,Towers with Display (VFR),7,4,67,0,78,0,7,171,0,178,7,11,238,0,256,230,0,230,486
03/28/2003,PAE,WA,ANM,WE,Towers with Display (VFR),6,2,59,0,67,0,8,301,3,312,6,10,360,3,379,384,2,386,765
03/29/2003,PAE,WA,ANM,WE,Towers with Display (VFR),7,1,104,0,112,0,2,353,0,355,7,3,457,0,467,444,0,444,911
03/30/2003,PAE,WA,ANM,WE,Towers with Display (VFR),5,5,61,0,71,2,2,187,1,192,7,7,248,1,263,166,0,166,429
03/31/2003,PAE,WA,ANM,WE,Towers with Display (VFR),8,2,49,0,59,3,14,128,0,145,11,16,177,0,204,124,0,124,328
04/01/2003,PAE,WA,ANM,WE,Towers with Display (VFR),6,8,15,0,29,4,3,78,0,85,10,11,93,0,114,172,0,172,286
04/02/2003,PAE,WA,ANM,WE,Towers with Display (VFR),9,7,39,0,55,3,4,150,0,157,12,11,189,0,212,166,0,166,378
04/03/2003,PAE,WA,ANM,WE,Towers with Display (VFR),11,6,27,0,44,6,11,116,0,133,17,17,143,0,177,134,0,134,311
04/04/2003,PAE,WA,ANM,WE,Towers with Display (VFR),3,2,77,2,84,1,10,243,2,256,4,12,320,4,340,408,0,408,748
04/05/2003,PAE,WA,ANM,WE,Towers with Display (VFR),12,9,31,0,52,2,0,52,1,55,14,9,83,1,107,192,0,192,299
04/06/2003,PAE,WA,ANM,WE,Towers with Display (VFR),6,0,59,0,65,0,0,256,1,257,6,0,315,1,322,266,0,266,588
04/07/2003,PAE,WA,ANM,WE,Towers with Display (VFR),3,5,24,0,32,1,1,26,0,28,4,6,50,0,60,40,0,40,100
04/08/2003,PAE,WA,ANM,WE,Towers with Display (VFR),10,3,39,0,52,1,3,91,0,95,11,6,130,0,147,104,0,104,251
04/09/2003,PAE,WA,ANM,WE,Towers with Display (VFR),14,2,16,0,32,296,3,0,2,301,310,5,16,2,333,266,2,268,601
04/10/2003,PAE,WA,ANM,WE,Towers with Display (VFR),12,9,82,2,105,10,17,198,1,226,22,26,280,3,331,260,0,260,591
04/11/2003,PAE,WA,ANM,WE,Towers with Display (VFR),6,0,79,0,85,1,10,273,0,284,7,10,352,0,369,356,0,356,725
04/12/2003,PAE,WA,ANM,WE,Towers with Display (VFR),4,1,90,2,97,3,2,12,0,17,7,3,102,2,114,42,0,42,156
04/13/2003,PAE,WA,ANM,WE,Towers with Display (VFR),1,0,45,1,47,0,0,102,0,102,1,0,147,1,149,160,0,160,309
04/14/2003,PAE,WA,ANM,WE,Towers with Display (VFR),5,0,45,0,50,0,7,225,3,235,5,7,270,3,285,270,0,270,555
04/15/2003,PAE,WA,ANM,WE,Towers with Display (VFR),1,2,67,0,70,3,4,113,0,120,4,6,180,0,190,204,0,204,394
04/16/2003,PAE,WA,ANM,WE,Towers with Display (VFR),5,8,84,1,98,1,6,170,1,178,6,14,254,2,276,300,0,300,576
04/17/2003,PAE,WA,ANM,WE,Towers with Display (VFR),14,6,47,2,69,5,10,143,0,158,19,16,190,2,227,244,0,244,471
04/18/2003,PAE,WA,ANM,WE,Towers with Display (VFR),0,2,58,0,60,0,8,182,2,192,0,10,240,2,252,328,0,328,580
04/19/2003,PAE,WA,ANM,WE,Towers with Display (VFR),2,3,63,1,69,0,1,349,0,350,2,4,412,1,419,432,0,432,851
04/20/2003,PAE,WA,ANM,WE,Towers with Display (VFR),2,0,29,4,35,2,3,215,0,220,4,3,244,4,255,204,0,204,459
04/21/2003,PAE,WA,ANM,WE,Towers with Display (VFR),7,5,66,1,79,0,2,0,0,2,7,7,66,1,81,4,0,4,85
04/22/2003,PAE,WA,ANM,WE,Towers with Display (VFR),12,3,46,4,65,5,9,186,2,202,17,12,232,6,267,286,0,286,553
04/23/2003,PAE,WA,ANM,WE,Towers with Display (VFR),6,14,71,0,91,0,14,62,0,76,6,28,133,0,167,76,0,76,243
04/24/2003,PAE,WA,ANM,WE,Towers with Display (VFR),12,5,70,0,87,10,6,29,0,45,22,11,99,0,132,38,0,38,170
04/25/2003,PAE,WA,ANM,WE,Towers with Display (VFR),3,1,80,0,84,2,5,291,4,302,5,6,371,4,386,322,0,322,708
04/26/2003,PAE,WA,ANM,WE,Towers with Display (VFR),3,2,75,0,80,0,0,280,4,284,3,2,355,4,364,488,0,488,852
04/27/2003,PAE,WA,ANM,WE,Towers with Display (VFR),0,2,72,2,76,2,0,389,0,391,2,2,461,2,467,336,0,336,803
04/28/2003,PAE,WA,ANM,WE,Towers with Display (VFR),3,3,49,0,55,0,1,270,3,274,3,4,319,3,329,274,0,274,603
04/29/2003,PAE,WA,ANM,WE,Towers with Display (VFR),6,3,49,1,59,1,15,211,1,228,7,18,260,2,287,300,2,302,589
04/30/2003,PAE,WA,ANM,WE,Towers with Display (VFR),8,5,106,0,119,2,8,156,0,166,10,13,262,0,285,218,0,218,503
05/01/2003,PAE,WA,ANM,WE,Towers with Display (VFR),5,9,46,0,60,2,4,238,0,244,7,13,284,0,304,296,0,296,600
05/02/2003,PAE,WA,ANM,WE,Towers with Display (VFR),9,13,79,0,101,0,0,166,2,168,9,13,245,2,269,228,0,228,497
05/03/2003,PAE,WA,ANM,WE,Towers with Display (VFR),4,3,48,0,55,1,3,130,5,139,5,6,178,5,194,230,0,230,424
05/04/2003,PAE,WA,ANM,WE,Towers with Display (VFR),8,2,62,0,72,1,2,53,1,57,9,4,115,1,129,80,0,80,209
05/05/2003,PAE,WA,ANM,WE,Towers with Display (VFR),2,10,44,0,56,1,4,152,0,157,3,14,196,0,213,196,0,196,409
05/06/2003,PAE,WA,ANM,WE,Towers with Display (VFR),9,5,54,1,69,5,10,456,3,474,14,15,510,4,543,462,0,462,1005
05/07/2003,PAE,WA,ANM,WE,Towers with Display (VFR),5,2,42,1,50,1,4,204,1,210,6,6,246,2,260,286,0,286,546
05/08/2003,PAE,WA,ANM,WE,Towers with Display (VFR),9,1,59,0,69,2,5,197,2,206,11,6,256,2,275,168,0,168,443
05/09/2003,PAE,WA,ANM,WE,Towers with Display (VFR),3,3,69,3,78,2,2,205,1,210,5,5,274,4,288,186,0,186,474
05/10/2003,PAE,WA,ANM,WE,Towers with Display (VFR),0,0,73,0,73,0,7,258,3,268,0,7,331,3,341,328,0,328,669
05/11/2003,PAE,WA,ANM,WE,Towers with Display (VFR),0,1,24,0,25,1,1,259,0,261,1,2,283,0,286,178,0,178,464
05/12/2003,PAE,WA,ANM,WE,Towers with Display (VFR),0,2,52,0,54,1,9,137,0,147,1,11,189,0,201,234,0,234,435
05/13/2003,PAE,WA,ANM,WE,Towers with Display (VFR),10,5,82,1,98,1,17,305,3,326,11,22,387,4,424,392,16,408,832
05/14/2003,PAE,WA,ANM,WE,Towers with Display (VFR),7,6,78,0,91,0,3,78,0,81,7,9,156,0,172,96,0,96,268
05/15/2003,PAE,WA,ANM,WE,Towers with Display (VFR),10,3,41,0,54,0,10,128,4,142,10,13,169,4,196,162,0,162,358
05/16/2003,PAE,WA,ANM,WE,Towers with Display (VFR),8,13,61,0,82,0,0,223,2,225,8,13,284,2,307,284,0,284,591
05/17/2003,PAE,WA,ANM,WE,Towers with Display (VFR),5,1,45,1,52,0,2,144,1,147,5,3,189,2,199,212,0,212,411
05/18/2003,PAE,WA,ANM,WE,Towers with Display (VFR),5,2,42,0,49,5,0,362,0,367,10,2,404,0,416,262,0,262,678
05/19/2003,PAE,WA,ANM,WE,Towers with Display (VFR),11,7,83,0,101,1,8,232,0,241,12,15,315,0,342,270,0,270,612
05/20/2003,PAE,WA,ANM,WE,Towers with Display (VFR),4,4,65,0,73,0,15,168,0,183,4,19,233,0,256,294,0,294,550
05/21/2003,PAE,WA,ANM,WE,Towers with Display (VFR),9,8,90,2,109,6,8,197,0,211,15,16,287,2,320,314,0,314,634
05/22/2003,PAE,WA,ANM,WE,Towers with Display (VFR),1,2,80,2,85,0,7,253,0,260,1,9,333,2,345,240,2,242,587
05/23/2003,PAE,WA,ANM,WE,Towers with Display (VFR),8,5,67,0,80,5,7,255,9,276,13,12,322,9,356,322,0,322,678
05/24/2003,PAE,WA,ANM,WE,Towers with Display (VFR),7,2,58,0,67,0,1,171,0,172,7,3,229,0,239,90,0,90,329
05/25/2003,PAE,WA,ANM,WE,Towers with Display (VFR),7,0,44,0,51,4,0,115,2,121,11,0,159,2,172,160,0,160,332
05/26/2003,PAE,WA,ANM,WE,Towers with Display (VFR),7,1,32,1,41,0,0,314,1,315,7,1,346,2,356,316,0,316,672
05/27/2003,PAE,WA,ANM,WE,Towers with Display (VFR),10,0,58,1,69,8,14,291,1,314,18,14,349,2,383,374,0,374,757
05/28/2003,PAE,WA,ANM,WE,Towers with Display (VFR),8,8,58,1,75,4,13,247,0,264,12,21,305,1,339,320,0,320,659
05/29/2003,PAE,WA,ANM,WE,Towers with Display (VFR),3,7,30,0,40,1,17,320,2,340,4,24,350,2,380,310,0,310,690
05/30/2003,PAE,WA,ANM,WE,Towers with Display (VFR),6,5,27,0,38,7,5,269,3,284,13,10,296,3,322,308,0,308,630
05/31/2003,PAE,WA,ANM,WE,Towers with Display (VFR),5,4,81,0,90,0,4,532,0,536,5,8,613,0,626,188,0,188,814
06/01/2003,PAE,WA,ANM,WE,Towers with Display (VFR),4,1,51,0,56,14,0,173,0,187,18,1,224,0,243,220,0,220,463
06/02/2003,PAE,WA,ANM,WE,Towers with Display (VFR),2,0,68,0,70,8,8,212,0,228,10,8,280,0,298,200,0,200,498
06/03/2003,PAE,WA,ANM,WE,Towers with Display (VFR),7,4,50,0,61,18,11,306,0,335,25,15,356,0,396,374,0,374,770
06/04/2003,PAE,WA,ANM,WE,Towers with Display (VFR),5,2,68,0,75,0,11,379,1,391,5,13,447,1,466,380,0,380,846
06/05/2003,PAE,WA,ANM,WE,Towers with Display (VFR),3,3,66,0,72,0,3,314,2,319,3,6,380,2,391,332,0,332,723
06/06/2003,PAE,WA,ANM,WE,Towers with Display (VFR),16,2,36,2,56,10,25,346,7,388,26,27,382,9,444,298,0,298,742
06/07/2003,PAE,WA,ANM,WE,Towers with Display (VFR),1,0,60,0,61,0,7,287,0,294,1,7,347,0,355,282,0,282,637
06/08/2003,PAE,WA,ANM,WE,Towers with Display (VFR),0,0,44,1,45,2,4,312,2,320,2,4,356,3,365,224,2,226,591
06/09/2003,PAE,WA,ANM,WE,Towers with Display (VFR),10,1,84,0,95,0,6,106,0,112,10,7,190,0,207,236,0,236,443
06/10/2003,PAE,WA,ANM,WE,Towers with Display (VFR),6,5,81,1,93,2,9,124,0,135,8,14,205,1,228,168,0,168,396
06/11/2003,PAE,WA,ANM,WE,Towers with Display (VFR),2,3,67,0,72,2,13,214,6,235,4,16,281,6,307,338,0,338,645
06/12/2003,PAE,WA,ANM,WE,Towers with Display (VFR),6,1,94,2,103,1,6,117,0,124,7,7,211,2,227,232,2,234,461
06/13/2003,PAE,WA,ANM,WE,Towers with Display (VFR),6,3,62,1,72,1,6,88,5,100,7,9,150,6,172,134,0,134,306
06/14/2003,PAE,WA,ANM,WE,Towers with Display (VFR),6,0,59,0,65,1,9,302,4,316,7,9,361,4,381,296,0,296,677
06/15/2003,PAE,WA,ANM,WE,Towers with Display (VFR),1,0,27,0,28,2,1,270,1,274,3,1,297,1,302,236,0,236,538
06/16/2003,PAE,WA,ANM,WE,Towers with Display (VFR),2,15,29,0,46,5,9,281,0,295,7,24,310,0,341,196,0,196,537
06/17/2003,PAE,WA,ANM,WE,Towers with Display (VFR),2,2,63,6,73,0,6,406,4,416,2,8,469,10,489,342,0,342,831
06/18/2003,PAE,WA,ANM,WE,Towers with Display (VFR),18,4,76,2,100,10,6,85,1,102,28,10,161,3,202,174,0,174,376
06/19/2003,PAE,WA,ANM,WE,Towers with Display (VFR),8,4,83,2,97,1,6,116,1,124,9,10,199,3,221,198,0,198,419
06/20/2003,PAE,WA,ANM,WE,Towers with Display (VFR),3,2,49,0,54,0,6,74,0,80,3,8,123,0,134,96,0,96,230
06/21/2003,PAE,WA,ANM,WE,Towers with Display (VFR),2,0,45,1,48,0,6,112,4,122,2,6,157,5,170,200,0,200,370
06/22/2003,PAE,WA,ANM,WE,Towers with Display (VFR),4,2,58,0,64,0,0,85,1,86,4,2,143,1,150,162,0,162,312
06/23/2003,PAE,WA,ANM,WE,Towers with Display (VFR),4,6,70,0,80,2,9,179,0,190,6,15,249,0,270,194,0,194,464
06/24/2003,PAE,WA,ANM,WE,Towers with Display (VFR),7,3,71,5,86,1,11,354,2,368,8,14,425,7,454,370,0,370,824
06/25/2003,PAE,WA,ANM,WE,Towers with Display (VFR),3,1,54,4,62,0,14,310,0,324,3,15,364,4,386,356,2,358,744
06/26/2003,PAE,WA,ANM,WE,Towers with Display (VFR),3,3,61,4,71,0,10,227,5,242,3,13,288,9,313,236,0,236,549
06/27/2003,PAE,WA,ANM,WE,Towers with Display (VFR),10,1,65,0,76,2,15,287,3,307,12,16,352,3,383,350,0,350,733
06/28/2003,PAE,WA,ANM,WE,Towers with Display (VFR),4,13,40,0,57,2,2,368,5,377,6,15,408,5,434,332,0,332,766
06/29/2003,PAE,WA,ANM,WE,Towers with Display (VFR),0,0,37,0,37,0,0,209,0,209,0,0,246,0,246,154,0,154,400
06/30/2003,PAE,WA,ANM,WE,Towers with Display (VFR),11,6,33,0,50,0,2,92,1,95,11,8,125,1,145,104,0,104,249
07/01/2003,PAE,WA,ANM,WE,Towers with Display (VFR),2,1,60,4,67,2,9,230,0,241,4,10,290,4,308,240,0,240,548
07/02/2003,PAE,WA,ANM,WE,Towers with Display (VFR),10,6,58,4,78,2,7,201,1,211,12,13,259,5,289,260,0,260,549
07/03/2003,PAE,WA,ANM,WE,Towers with Display (VFR),1,2,57,1,61,0,12,312,2,326,1,14,369,3,387,428,0,428,815
07/04/2003,PAE,WA,ANM,WE,Towers with Display (VFR),0,0,32,0,32,0,0,251,4,255,0,0,283,4,287,224,0,224,511
07/05/2003,PAE,WA,ANM,WE,Towers with Display (VFR),2,0,72,0,74,9,6,113,4,132,11,6,185,4,206,146,0,146,352
07/06/2003,PAE,WA,ANM,WE,Towers with Display (VFR),2,0,50,0,52,8,2,356,0,366,10,2,406,0,418,278,0,278,696
07/07/2003,PAE,WA,ANM,WE,Towers with Display (VFR),8,2,59,0,69,2,7,181,0,190,10,9,240,0,259,264,0,264,523
07/08/2003,PAE,WA,ANM,WE,Towers with Display (VFR),8,7,74,0,89,3,13,156,4,176,11,20,230,4,265,304,0,304,569
07/09/2003,PAE,WA,ANM,WE,Towers with Display (VFR),4,0,45,1,50,1,20,364,1,386,5,20,409,2,436,480,0,480,916
07/10/2003,PAE,WA,ANM,WE,Towers with Display (VFR),4,5,73,2,84,3,17,281,2,303,7,22,354,4,387,436,0,436,823
07/11/2003,PAE,WA,ANM,WE,Towers with Display (VFR),6,2,42,0,50,2,6,269,0,277,8,8,311,0,327,210,0,210,537
07/12/2003,PAE,WA,ANM,WE,Towers with Display (VFR),2,2,49,0,53,0,0,247,4,251,2,2,296,4,304,222,0,222,526
07/13/2003,PAE,WA,ANM,WE,Towers with Display (VFR),0,1,43,0,44,0,0,143,0,143,0,1,186,0,187,166,0,166,353
07/14/2003,PAE,WA,ANM,WE,Towers with Display (VFR),3,1,51,0,55,0,7,169,2,178,3,8,220,2,233,176,0,176,409
07/15/2003,PAE,WA,ANM,WE,Towers with Display (VFR),7,1,64,2,74,2,7,224,0,233,9,8,288,2,307,394,2,396,703
07/16/2003,PAE,WA,ANM,WE,Towers with Display (VFR),16,9,72,2,99,8,16,270,8,302,24,25,342,10,401,228,0,228,629
07/17/2003,PAE,WA,ANM,WE,Towers with Display (VFR),15,0,53,2,70,3,22,348,5,378,18,22,401,7,448,334,0,334,782
07/18/2003,PAE,WA,ANM,WE,Towers with Display (VFR),2,0,60,2,64,2,16,339,0,357,4,16,399,2,421,210,0,210,631
07/19/2003,PAE,WA,ANM,WE,Towers with Display (VFR),2,4,77,0,83,1,2,391,0,394,3,6,468,0,477,348,0,348,825
07/20/2003,PAE,WA,ANM,WE,Towers with Display (VFR),16,1,66,0,83,0,0,335,0,335,16,1,401,0,418,186,0,186,604
07/21/2003,PAE,WA,ANM,WE,Towers with Display (VFR),16,0,51,0,67,0,14,223,0,237,16,14,274,0,304,216,0,216,520
07/22/2003,PAE,WA,ANM,WE,Towers with Display (VFR),9,2,49,0,60,6,10,326,0,342,15,12,375,0,402,386,0,386,788
07/23/2003,PAE,WA,ANM,WE,Towers with Display (VFR),4,2,44,0,50,4,12,374,4,394,8,14,418,4,444,404,2,406,850
07/24/2003,PAE,WA,ANM,WE,Towers with Display (VFR),9,0,78,0,87,0,8,252,0,260,9,8,330,0,347,298,0,298,645
07/25/2003,PAE,WA,ANM,WE,Towers with Display (VFR),3,10,50,0,63,0,10,370,0,380,3,20,420,0,443,232,0,232,675
07/26/2003,PAE,WA,ANM,WE,Towers with Display (VFR),0,2,65,0,67,0,1,401,0,402,0,3,466,0,469,428,0,428,897
07/27/2003,PAE,WA,ANM,WE,Towers with Display (VFR),0,3,80,0,83,0,2,270,0,272,0,5,350,0,355,254,0,254,609
07/28/2003,PAE,WA,ANM,WE,Towers with Display (VFR),2,0,33,0,35,0,8,251,0,259,2,8,284,0,294,284,0,284,578
07/29/2003,PAE,WA,ANM,WE,Towers with Display (VFR),6,0,65,0,71,4,11,281,4,300,10,11,346,4,371,336,0,336,707
07/30/2003,PAE,WA,ANM,WE,Towers with Display (VFR),9,1,61,0,71,4,11,274,1,290,13,12,335,1,361,444,0,444,805
07/31/2003,PAE,WA,ANM,WE,Towers with Display (VFR),6,3,49,3,61,0,21,245,2,268,6,24,294,5,329,302,0,302,631
08/01/2003,PAE,WA,ANM,WE,Towers with Display (VFR),8,4,49,0,61,0,5,338,0,343,8,9,387,0,404,212,0,212,616
08/02/2003,PAE,WA,ANM,WE,Towers with Display (VFR),8,1,19,0,28,2,3,306,5,316,10,4,325,5,344,350,0,350,694
08/03/2003,PAE,WA,ANM,WE,Towers with Display (VFR),3,0,33,1,37,0,0,211,0,211,3,0,244,1,248,120,0,120,368
08/04/2003,PAE,WA,ANM,WE,Towers with Display (VFR),5,1,35,3,44,2,8,272,0,282,7,9,307,3,326,214,2,216,542
08/05/2003,PAE,WA,ANM,WE,Towers with Display (VFR),7,5,54,2,68,1,10,368,0,379,8,15,422,2,447,256,2,258,705
08/06/2003,PAE,WA,ANM,WE,Towers with Display (VFR),10,3,69,0,82,4,12,231,0,247,14,15,300,0,329,240,0,240,569
08/07/2003,PAE,WA,ANM,WE,Towers with Display (VFR),3,1,65,2,71,0,9,350,5,364,3,10,415,7,435,410,16,426,861
08/08/2003,PAE,WA,ANM,WE,Towers with Display (VFR),0,10,41,2,53,0,8,185,2,195,0,18,226,4,248,262,0,262,510
08/09/2003,PAE,WA,ANM,WE,Towers with Display (VFR),4,2,70,0,76,1,5,282,0,288,5,7,352,0,364,226,0,226,590
08/10/2003,PAE,WA,ANM,WE,Towers with Display (VFR),2,3,56,0,61,3,1,190,0,194,5,4,246,0,255,246,0,246,501
08/11/2003,PAE,WA,ANM,WE,Towers with Display (VFR),4,6,60,0,70,1,10,170,0,181,5,16,230,0,251,178,0,178,429
08/12/2003,PAE,WA,ANM,WE,Towers with Display (VFR),5,5,58,0,68,0,7,172,0,179,5,12,230,0,247,192,0,192,439
08/13/2003,PAE,WA,ANM,WE,Towers with Display (VFR),7,2,41,0,50,1,8,300,0,309,8,10,341,0,359,296,0,296,655
08/14/2003,PAE,WA,ANM,WE,Towers with Display (VFR),2,0,46,0,48,0,18,339,1,358,2,18,385,1,406,356,0,356,762
08/15/2003,PAE,WA,ANM,WE,Towers with Display (VFR),6,4,50,2,62,2,6,242,9,259,8,10,292,11,321,290,0,290,611
08/16/2003,PAE,WA,ANM,WE,Towers with Display (VFR),0,1,95,0,96,0,2,131,2,135,0,3,226,2,231,232,0,232,463
08/17/2003,PAE,WA,ANM,WE,Towers with Display (VFR),1,1,25,0,27,2,0,278,0,280,3,1,303,0,307,320,0,320,627
08/18/2003,PAE,WA,ANM,WE,Towers with Display (VFR),3,0,55,2,60,1,9,215,1,226,4,9,270,3,286,302,2,304,590
08/19/2003,PAE,WA,ANM,WE,Towers with Display (VFR),8,0,45,2,55,3,15,336,0,354,11,15,381,2,409,344,0,344,753
08/20/2003,PAE,WA,ANM,WE,Towers with Display (VFR),5,8,80,0,93,1,20,489,2,512,6,28,569,2,605,496,0,496,1101
08/21/2003,PAE,WA,ANM,WE,Towers with Display (VFR),7,0,58,2,67,2,8,374,0,384,9,8,432,2,451,416,0,416,867
08/22/2003,PAE,WA,ANM,WE,Towers with Display (VFR),12,6,61,0,79,1,8,139,4,152,13,14,200,4,231,104,0,104,335
08/23/2003,PAE,WA,ANM,WE,Towers with Display (VFR),1,0,66,0,67,0,2,262,0,264,1,2,328,0,331,304,0,304,635
08/24/2003,PAE,WA,ANM,WE,Towers with Display (VFR),6,0,52,0,58,9,2,357,2,370,15,2,409,2,428,332,0,332,760
08/25/2003,PAE,WA,ANM,WE,Towers with Display (VFR),4,0,66,1,71,0,12,255,2,269,4,12,321,3,340,320,0,320,660
08/26/2003,PAE,WA,ANM,WE,Towers with Display (VFR),15,1,74,2,92,5,8,146,0,159,20,9,220,2,251,214,0,214,465
08/27/2003,PAE,WA,ANM,WE,Towers with Display (VFR),10,4,95,1,110,4,20,197,4,225,14,24,292,5,335,196,0,196,531
08/28/2003,PAE,WA,ANM,WE,Towers with Display (VFR),6,1,60,0,67,1,16,268,3,288,7,17,328,3,355,378,0,378,733
08/29/2003,PAE,WA,ANM,WE,Towers with Display (VFR),6,6,58,0,70,0,5,233,1,239,6,11,291,1,309,194,0,194,503
08/30/2003,PAE,WA,ANM,WE,Towers with Display (VFR),1,3,46,0,50,1,0,285,2,288,2,3,331,2,338,270,0,270,608
08/31/2003,PAE,WA,ANM,WE,Towers with Display (VFR),3,0,30,0,33,0,0,157,0,157,3,0,187,0,190,204,0,204,394
09/01/2003,PAE,WA,ANM,WE,Towers with Display (VFR),2,0,45,0,47,5,0,358,0,363,7,0,403,0,410,224,0,224,634
09/02/2003,PAE,WA,ANM,WE,Towers with Display (VFR),11,1,29,0,41,6,10,255,2,273,17,11,284,2,314,288,0,288,602
09/03/2003,PAE,WA,ANM,WE,Towers with Display (VFR),10,7,50,0,67,5,18,283,2,308,15,25,333,2,375,366,0,366,741
09/04/2003,PAE,WA,ANM,WE,Towers with Display (VFR),8,4,44,0,56,4,24,436,4,468,12,28,480,4,524,480,8,488,1012
09/05/2003,PAE,WA,ANM,WE,Towers with Display (VFR),11,1,52,0,64,1,9,263,0,273,12,10,315,0,337,322,0,322,659
09/06/2003,PAE,WA,ANM,WE,Towers with Display (VFR),8,3,50,0,61,7,0,270,0,277,15,3,320,0,338,294,0,294,632
09/07/2003,PAE,WA,ANM,WE,Towers with Display (VFR),2,1,48,0,51,1,0,84,0,85,3,1,132,0,136,250,0,250,386
09/08/2003,PAE,WA,ANM,WE,Towers with Display (VFR),1,3,79,0,83,0,11,116,0,127,1,14,195,0,210,162,0,162,372
09/09/2003,PAE,WA,ANM,WE,Towers with Display (VFR),4,4,63,0,71,1,9,212,0,222,5,13,275,0,293,216,0,216,509
09/10/2003,PAE,WA,ANM,WE,Towers with Display (VFR),9,9,106,0,124,0,0,41,0,41,9,9,147,0,165,22,0,22,187
09/11/2003,PAE,WA,ANM,WE,Towers with Display (VFR),9,6,88,1,104,0,2,17,1,20,9,8,105,2,124,2,0,2,126
09/12/2003,PAE,WA,ANM,WE,Towers with Display (VFR),13,4,61,0,78,1,9,265,0,275,14,13,326,0,353,400,0,400,753
09/13/2003,PAE,WA,ANM,WE,Towers with Display (VFR),3,0,82,1,86,1,5,277,3,286,4,5,359,4,372,336,4,340,712
09/14/2003,PAE,WA,ANM,WE,Towers with Display (VFR),9,0,71,0,80,0,0,180,0,180,9,0,251,0,260,234,0,234,494
09/15/2003,PAE,WA,ANM,WE,Towers with Display (VFR),18,7,79,2,106,0,5,156,0,161,18,12,235,2,267,170,0,170,437
09/16/2003,PAE,WA,ANM,WE,Towers with Display (VFR),3,10,40,0,53,0,2,80,0,82,3,12,120,0,135,152,0,152,287
09/17/2003,PAE,WA,ANM,WE,Towers with Display (VFR),8,11,65,2,86,6,9,154,1,170,14,20,219,3,256,234,0,234,490
09/18/2003,PAE,WA,ANM,WE,Towers with Display (VFR),0,6,70,2,78,0,11,115,1,127,0,17,185,3,205,250,0,250,455
09/19/2003,PAE,WA,ANM,WE,Towers with Display (VFR),2,10,57,0,69,0,4,145,0,149,2,14,202,0,218,302,0,302,520
09/20/2003,PAE,WA,ANM,WE,Towers with Display (VFR),1,2,65,0,68,1,0,266,1,268,2,2,331,1,336,258,0,258,594
09/21/2003,PAE,WA,ANM,WE,Towers with Display (VFR),0,1,62,0,63,0,0,225,4,229,0,1,287,4,292,290,2,292,584
09/22/2003,PAE,WA,ANM,WE,Towers with Display (VFR),6,1,50,0,57,1,6,276,0,283,7,7,326,0,340,350,1,351,691
09/23/2003,PAE,WA,ANM,WE,Towers with Display (VFR),12,4,70,0,86,6,12,171,2,191,18,16,241,2,277,244,0,244,521
09/24/2003,PAE,WA,ANM,WE,Towers with Display (VFR),3,6,71,0,80,3,0,349,0,352,6,6,420,0,432,312,0,312,744
09/25/2003,PAE,WA,ANM,WE,Towers with Display (VFR),5,13,50,0,68,2,4,247,0,253,7,17,297,0,321,418,0,418,739
09/26/2003,PAE,WA,ANM,WE,Towers with Display (VFR),12,4,39,0,55,0,9,201,14,224,12,13,240,14,279,192,0,192,471
09/27/2003,PAE,WA,ANM,WE,Towers with Display (VFR),1,0,27,0,28,1,2,227,0,230,2,2,254,0,258,246,0,246,504
09/28/2003,PAE,WA,ANM,WE,Towers with Display (VFR),4,3,52,0,59,0,0,408,2,410,4,3,460,2,469,460,0,460,929
09/29/2003,PAE,WA,ANM,WE,Towers with Display (VFR),7,1,92,0,100,0,7,97,1,105,7,8,189,1,205,190,0,190,395
09/30/2003,PAE,WA,ANM,WE,Towers with Display (VFR),8,4,62,0,74,0,6,161,4,171,8,10,223,4,245,306,0,306,551
10/01/2003,PAE,WA,ANM,WE,Towers with Display (VFR),5,5,51,1,62,0,3,209,6,218,5,8,260,7,280,318,0,318,598
10/02/2003,PAE,WA,ANM,WE,Towers with Display (VFR),2,5,42,0,49,0,0,72,0,72,2,5,114,0,121,44,0,44,165
10/03/2003,PAE,WA,ANM,WE,Towers with Display (VFR),8,6,59,0,73,2,3,128,0,133,10,9,187,0,206,230,0,230,436
10/04/2003,PAE,WA,ANM,WE,Towers with Display (VFR),2,2,16,0,20,0,0,2,0,2,2,2,18,0,22,0,0,0,22
10/05/2003,PAE,WA,ANM,WE,Towers with Display (VFR),4,1,58,0,63,0,0,82,0,82,4,1,140,0,145,16,0,16,161
10/06/2003,PAE,WA,ANM,WE,Towers with Display (VFR),7,6,54,0,67,3,5,196,0,204,10,11,250,0,271,286,0,286,557
10/07/2003,PAE,WA,ANM,WE,Towers with Display (VFR),5,3,81,0,89,0,0,63,0,63,5,3,144,0,152,134,0,134,286
10/08/2003,PAE,WA,ANM,WE,Towers with Display (VFR),4,4,32,0,40,3,9,10,8,30,7,13,42,8,70,24,0,24,94
10/09/2003,PAE,WA,ANM,WE,Towers with Display (VFR),4,6,61,0,71,0,4,96,0,100,4,10,157,0,171,100,0,100,271
10/10/2003,PAE,WA,ANM,WE,Towers with Display (VFR),7,6,57,1,71,3,12,188,4,207,10,18,245,5,278,352,0,352,630
10/11/2003,PAE,WA,ANM,WE,Towers with Display (VFR),5,3,32,0,40,2,3,63,0,68,7,6,95,0,108,126,0,126,234
10/12/2003,PAE,WA,ANM,WE,Towers with Display (VFR),1,0,21,0,22,0,0,17,0,17,1,0,38,0,39,20,0,20,59
10/13/2003,PAE,WA,ANM,WE,Towers with Display (VFR),8,4,51,0,63,1,0,217,0,218,9,4,268,0,281,288,0,288,569
10/14/2003,PAE,WA,ANM,WE,Towers with Display (VFR),11,7,75,2,95,1,4,211,6,222,12,11,286,8,317,400,0,400,717
10/15/2003,PAE,WA,ANM,WE,Towers with Display (VFR),11,8,77,2,98,1,3,209,6,219,12,11,286,8,317,400,0,400,717
10/16/2003,PAE,WA,ANM,WE,Towers with Display (VFR),3,2,22,1,28,3,7,11,1,22,6,9,33,2,50,4,0,4,54
10/17/2003,PAE,WA,ANM,WE,Towers with Display (VFR),5,2,29,1,37,8,10,21,0,39,13,12,50,1,76,6,0,6,82
10/18/2003,PAE,WA,ANM,WE,Towers with Display (VFR),6,4,43,2,55,4,2,315,7,328,10,6,358,9,383,362,0,362,745
10/19/2003,PAE,WA,ANM,WE,Towers with Display (VFR),2,0,52,1,55,0,0,158,0,158,2,0,210,1,213,302,0,302,515
10/20/2003,PAE,WA,ANM,WE,Towers with Display (VFR),0,2,26,0,28,0,13,9,0,22,0,15,35,0,50,0,0,0,50
10/21/2003,PAE,WA,ANM,WE,Towers with Display (VFR),9,5,59,0,73,11,3,55,0,69,20,8,114,0,142,72,0,72,214
10/22/2003,PAE,WA,ANM,WE,Towers with Display (VFR),7,4,49,0,60,3,9,55,0,67,10,13,104,0,127,20,0,20,147
10/23/2003,PAE,WA,ANM,WE,Towers with Display (VFR),1,5,55,2,63,0,7,219,6,232,1,12,274,8,295,280,0,280,575
10/24/2003,PAE,WA,ANM,WE,Towers with Display (VFR),8,5,57,2,72,0,9,307,1,317,8,14,364,3,389,324,0,324,713
10/25/2003,PAE,WA,ANM,WE,Towers with Display (VFR),7,2,0,2,11,0,0,0,5,5,7,2,0,7,16,414,0,414,430
10/26/2003,PAE,WA,ANM,WE,Towers with Display (VFR),8,6,63,1,78,0,0,357,0,357,8,6,420,1,435,300,0,300,735
10/27/2003,PAE,WA,ANM,WE,Towers with Display (VFR),11,7,74,0,92,0,2,146,0,148,11,9,220,0,240,190,0,190,430
10/28/2003,PAE,WA,ANM,WE,Towers with Display (VFR),5,4,35,0,44,6,12,26,0,44,11,16,61,0,88,20,0,20,108
10/29/2003,PAE,WA,ANM,WE,Towers with Display (VFR),9,6,65,0,80,1,14,147,0,162,10,20,212,0,242,208,0,208,450
10/30/2003,PAE,WA,ANM,WE,Towers with Display (VFR),10,6,69,0,85,7,6,224,0,237,17,12,293,0,322,378,0,378,700
10/31/2003,PAE,WA,ANM,WE,Towers with Display (VFR),7,5,53,1,66,8,16,398,6,428,15,21,451,7,494,334,0,334,828
11/01/2003,PAE,WA,ANM,WE,Towers with Display (VFR),10,10,85,1,106,3,2,331,1,337,13,12,416,2,443,344,0,344,787
11/02/2003,PAE,WA,ANM,WE,Towers with Display (VFR),3,0,37,0,40,0,0,156,4,160,3,0,193,4,200,352,0,352,552
11/03/2003,PAE,WA,ANM,WE,Towers with Display (VFR),7,7,57,0,71,4,3,200,1,208,11,10,257,1,279,250,0,250,529
11/04/2003,PAE,WA,ANM,WE,Towers with Display (VFR),6,7,56,0,69,0,23,252,7,282,6,30,308,7,351,262,0,262,613
11/05/2003,PAE,WA,ANM,WE,Towers with Display (VFR),8,9,71,1,89,4,15,168,1,188,12,24,239,2,277,168,0,168,445
11/06/2003,PAE,WA,ANM,WE,Towers with Display (VFR),7,7,57,0,71,1,0,219,4,224,8,7,276,4,295,342,0,342,637
11/07/2003,PAE,WA,ANM,WE,Towers with Display (VFR),7,7,58,1,73,6,20,237,2,265,13,27,295,3,338,318,2,320,658
11/08/2003,PAE,WA,ANM,WE,Towers with Display (VFR),1,0,7,0,8,5,5,336,2,348,6,5,343,2,356,288,0,288,644
11/09/2003,PAE,WA,ANM,WE,Towers with Display (VFR),5,1,58,0,64,0,0,387,6,393,5,1,445,6,457,404,2,406,863
11/10/2003,PAE,WA,ANM,WE,Towers with Display (VFR),6,7,56,1,70,1,4,46,1,52,7,11,102,2,122,4,0,4,126
11/11/2003,PAE,WA,ANM,WE,Towers with Display (VFR),4,2,34,1,41,0,0,106,1,107,4,2,140,2,148,224,2,226,374
11/12/2003,PAE,WA,ANM,WE,Towers with Display (VFR),8,6,73,0,87,1,0,157,0,158,9,6,230,0,245,180,0,180,425
11/13/2003,PAE,WA,ANM,WE,Towers with Display (VFR),5,11,77,0,93,0,7,251,0,258,5,18,328,0,351,244,0,244,595
11/14/2003,PAE,WA,ANM,WE,Towers with Display (VFR),6,8,61,2,77,3,5,142,24,174,9,13,203,26,251,172,0,172,423
11/15/2003,PAE,WA,ANM,WE,Towers with Display (VFR),0,6,69,0,75,0,0,68,0,68,0,6,137,0,143,116,0,116,259
11/16/2003,PAE,WA,ANM,WE,Towers with Display (VFR),3,4,27,0,34,2,1,0,0,3,5,5,27,0,37,14,0,14,51
11/17/2003,PAE,WA,ANM,WE,Towers with Display (VFR),6,7,50,0,63,9,4,110,0,123,15,11,160,0,186,100,0,100,286
11/18/2003,PAE,WA,ANM,WE,Towers with Display (VFR),0,6,14,0,20,0,20,0,0,20,0,26,14,0,40,0,0,0,40
11/19/2003,PAE,WA,ANM,WE,Towers with Display (VFR),3,4,28,0,35,9,6,0,0,15,12,10,28,0,50,14,0,14,64
11/20/2003,PAE,WA,ANM,WE,Towers with Display (VFR),5,7,47,0,59,10,2,8,0,20,15,9,55,0,79,48,0,48,127
11/21/2003,PAE,WA,ANM,WE,Towers with Display (VFR),2,6,44,0,52,0,17,110,0,127,2,23,154,0,179,154,0,154,333
11/22/2003,PAE,WA,ANM,WE,Towers with Display (VFR),6,5,57,1,69,2,0,254,0,256,8,5,311,1,325,296,0,296,621
11/23/2003,PAE,WA,ANM,WE,Towers with Display (VFR),2,0,28,0,30,0,0,6,0,6,2,0,34,0,36,0,0,0,36
11/24/2003,PAE,WA,ANM,WE,Towers with Display (VFR),9,7,86,0,102,2,0,224,0,226,11,7,310,0,328,158,0,158,486
11/25/2003,PAE,WA,ANM,WE,Towers with Display (VFR),2,5,31,0,38,0,5,51,2,58,2,10,82,2,96,26,0,26,122
11/26/2003,PAE,WA,ANM,WE,Towers with Display (VFR),6,8,64,0,78,0,2,115,0,117,6,10,179,0,195,106,0,106,301
11/27/2003,PAE,WA,ANM,WE,Towers with Display (VFR),0,0,17,0,17,0,0,83,0,83,0,0,100,0,100,64,0,64,164
11/28/2003,PAE,WA,ANM,WE,Towers with Display (VFR),0,2,15,0,17,0,10,10,1,21,0,12,25,1,38,4,0,4,42
11/29/2003,PAE,WA,ANM,WE,Towers with Display (VFR),0,3,77,0,80,0,0,82,0,82,0,3,159,0,162,134,0,134,296
11/30/2003,PAE,WA,ANM,WE,Towers with Display (VFR),1,6,76,1,84,0,0,337,3,340,1,6,413,4,424,294,0,294,718
12/01/2003,PAE,WA,ANM,WE,Towers with Display (VFR),5,5,52,0,62,1,5,128,0,134,6,10,180,0,196,82,0,82,278
12/02/2003,PAE,WA,ANM,WE,Towers with Display (VFR),2,5,55,0,62,0,2,117,0,119,2,7,172,0,181,76,0,76,257
12/03/2003,PAE,WA,ANM,WE,Towers with Display (VFR),5,4,44,0,53,1,3,188,0,192,6,7,232,0,245,184,0,184,429
12/04/2003,PAE,WA,ANM,WE,Towers with Display (VFR),2,0,13,0,15,1,7,20,0,28,3,7,33,0,43,40,0,40,83
12/05/2003,PAE,WA,ANM,WE,Towers with Display (VFR),1,3,34,0,38,0,5,22,0,27,1,8,56,0,65,22,0,22,87
12/06/2003,PAE,WA,ANM,WE,Towers with Display (VFR),0,2,34,0,36,0,0,144,0,144,0,2,178,0,180,120,0,120,300
12/07/2003,PAE,WA,ANM,WE,Towers with Display (VFR),0,0,26,0,26,0,0,58,4,62,0,0,84,4,88,118,8,126,214
12/08/2003,PAE,WA,ANM,WE,Towers with Display (VFR),6,6,67,0,79,1,6,213,0,220,7,12,280,0,299,250,0,250,549
12/09/2003,PAE,WA,ANM,WE,Towers with Display (VFR),5,5,46,0,56,3,5,100,1,109,8,10,146,1,165,128,0,128,293
12/10/2003,PAE,WA,ANM,WE,Towers with Display (VFR),4,5,46,0,55,3,16,46,0,65,7,21,92,0,120,6,0,6,126
12/11/2003,PAE,WA,ANM,WE,Towers with Display (VFR),1,6,54,1,62,0,4,122,1,127,1,10,176,2,189,112,0,112,301
12/12/2003,PAE,WA,ANM,WE,Towers with Display (VFR),4,7,58,1,70,5,16,30,7,58,9,23,88,8,128,46,0,46,174
12/13/2003,PAE,WA,ANM,WE,Towers with Display (VFR),4,5,57,1,67,3,0,41,1,45,7,5,98,2,112,10,0,10,122
12/14/2003,PAE,WA,ANM,WE,Towers with Display (VFR),0,0,58,0,58,0,0,66,0,66,0,0,124,0,124,104,0,104,228
12/15/2003,PAE,WA,ANM,WE,Towers with Display (VFR),0,5,40,1,46,0,5,130,3,138,0,10,170,4,184,160,0,160,344
12/16/2003,PAE,WA,ANM,WE,Towers with Display (VFR),1,3,29,1,34,0,7,10,3,20,1,10,39,4,54,4,0,4,58
12/17/2003,PAE,WA,ANM,WE,Towers with Display (VFR),4,6,48,0,58,3,5,370,0,378,7,11,418,0,436,236,0,236,672
12/18/2003,PAE,WA,ANM,WE,Towers with Display (VFR),7,9,88,0,104,3,0,255,0,258,10,9,343,0,362,216,4,220,582
12/19/2003,PAE,WA,ANM,WE,Towers with Display (VFR),4,6,53,1,64,1,10,116,6,133,5,16,169,7,197,140,0,140,337
12/20/2003,PAE,WA,ANM,WE,Towers with Display (VFR),0,3,59,0,62,0,0,52,0,52,0,3,111,0,114,8,0,8,122
12/21/2003,PAE,WA,ANM,WE,Towers with Display (VFR),5,4,60,0,69,0,0,153,0,153,5,4,213,0,222,312,0,312,534
12/22/2003,PAE,WA,ANM,WE,Towers with Display (VFR),5,6,61,0,72,9,1,334,0,344,14,7,395,0,416,284,0,284,700
12/23/2003,PAE,WA,ANM,WE,Towers with Display (VFR),2,3,28,1,34,3,3,117,1,124,5,6,145,2,158,104,0,104,262
12/24/2003,PAE,WA,ANM,WE,Towers with Display (VFR),0,1,13,0,14,0,12,9,0,21,0,13,22,0,35,18,0,18,53
12/25/2003,PAE,WA,ANM,WE,Towers with Display (VFR),0,0,0,0,0,0,0,12,0,12,0,0,12,0,12,6,0,6,18
12/26/2003,PAE,WA,ANM,WE,Towers with Display (VFR),1,3,27,0,31,0,5,20,0,25,1,8,47,0,56,22,0,22,78
12/27/2003,PAE,WA,ANM,WE,Towers with Display (VFR),1,2,17,0,20,2,3,11,0,16,3,5,28,0,36,4,0,4,40
12/28/2003,PAE,WA,ANM,WE,Towers with Display (VFR),2,1,28,0,31,1,0,103,0,104,3,1,131,0,135,140,0,140,275
12/29/2003,PAE,WA,ANM,WE,Towers with Display (VFR),3,6,49,0,58,1,3,325,0,329,4,9,374,0,387,306,0,306,693
12/30/2003,PAE,WA,ANM,WE,Towers with Display (VFR),0,4,34,0,38,0,3,116,0,119,0,7,150,0,157,216,0,216,373
12/31/2003,PAE,WA,ANM,WE,Towers with Display (VFR),1,3,21,0,25,0,7,0,2,9,1,10,21,2,34,18,0,18,52
01/01/2004,PAE,WA,ANM,WE,Towers with Display (VFR),0,0,11,0,11,0,1,43,0,44,0,1,54,0,55,32,0,32,87
01/02/2004,PAE,WA,ANM,WE,Towers with Display (VFR),0,4,34,0,38,0,4,85,0,89,0,8,119,0,127,124,0,124,251
01/03/2004,PAE,WA,ANM,WE,Towers with Display (VFR),0,1,9,0,10,0,1,41,0,42,0,2,50,0,52,116,0,116,168
01/04/2004,PAE,WA,ANM,WE,Towers with Display (VFR),2,1,41,0,44,0,0,197,0,197,2,1,238,0,241,356,0,356,597
01/05/2004,PAE,WA,ANM,WE,Towers with Display (VFR),2,2,19,0,23,3,6,56,0,65,5,8,75,0,88,84,0,84,172
01/06/2004,PAE,WA,ANM,WE,Towers with Display (VFR),1,0,2,0,3,2,4,0,0,6,3,4,2,0,9,4,0,4,13
01/07/2004,PAE,WA,ANM,WE,Towers with Display (VFR),1,1,2,0,4,7,4,0,2,13,8,5,2,2,17,0,0,0,17
01/08/2004,PAE,WA,ANM,WE,Towers with Display (VFR),5,6,52,0,63,0,1,34,2,37,5,7,86,2,100,74,0,74,174
01/09/2004,PAE,WA,ANM,WE,Towers with Display (VFR),3,3,28,0,34,1,8,83,0,92,4,11,111,0,126,68,0,68,194
01/10/2004,PAE,WA,ANM,WE,Towers with Display (VFR),4,4,68,0,76,0,0,134,0,134,4,4,202,0,210,166,0,166,376
01/11/2004,PAE,WA,ANM,WE,Towers with Display (VFR),6,0,55,0,61,1,0,229,0,230,7,0,284,0,291,236,0,236,527
01/12/2004,PAE,WA,ANM,WE,Towers with Display (VFR),5,6,56,2,69,4,2,109,0,115,9,8,165,2,184,100,0,100,284
01/13/2004,PAE,WA,ANM,WE,Towers with Display (VFR),5,6,45,0,56,3,6,89,0,98,8,12,134,0,154,96,0,96,250
01/14/2004,PAE,WA,ANM,WE,Towers with Display (VFR),4,7,49,0,60,2,10,1,0,13,6,17,50,0,73,8,0,8,81
01/15/2004,PAE,WA,ANM,WE,Towers with Display (VFR),4,6,43,0,53,0,4,6,0,10,4,10,49,0,63,14,0,14,77
01/16/2004,PAE,WA,ANM,WE,Towers with Display (VFR),3,6,44,1,54,0,4,57,0,61,3,10,101,1,115,136,0,136,251
01/17/2004,PAE,WA,ANM,WE,Towers with Display (VFR),2,2,60,0,64,0,0,208,0,208,2,2,268,0,272,266,0,266,538
01/18/2004,PAE,WA,ANM,WE,Towers with Display (VFR),4,3,80,0,87,0,0,0,0,0,4,3,80,0,87,25,0,25,112
01/19/2004,PAE,WA,ANM,WE,Towers with Display (VFR),1,6,50,0,57,0,0,175,0,175,1,6,225,0,232,264,0,264,496
01/20/2004,PAE,WA,ANM,WE,Towers with Display (VFR),4,7,53,1,65,0,5,47,5,57,4,12,100,6,122,36,0,36,158
01/21/2004,PAE,WA,ANM,WE,Towers with Display (VFR),3,5,35,1,44,3,2,1,7,13,6,7,36,8,57,12,0,12,69
01/22/2004,PAE,WA,ANM,WE,Towers with Display (VFR),5,7,55,2,69,9,3,145,6,163,14,10,200,8,232,136,0,136,368
01/23/2004,PAE,WA,ANM,WE,Towers with Display (VFR),1,2,11,1,15,2,2,0,1,5,3,4,11,2,20,0,0,0,20
01/24/2004,PAE,WA,ANM,WE,Towers with Display (VFR),2,4,27,0,33,9,2,25,0,36,11,6,52,0,69,40,0,40,109
01/25/2004,PAE,WA,ANM,WE,Towers with Display (VFR),0,1,36,0,37,0,0,93,0,93,0,1,129,0,130,176,0,176,306
01/26/2004,PAE,WA,ANM,WE,Towers with Display (VFR),3,4,30,0,37,1,5,20,0,26,4,9,50,0,63,12,0,12,75
01/27/2004,PAE,WA,ANM,WE,Towers with Display (VFR),1,7,52,1,61,0,1,97,1,99,1,8,149,2,160,166,8,174,334
01/28/2004,PAE,WA,ANM,WE,Towers with Display (VFR),2,5,33,0,40,0,7,0,0,7,2,12,33,0,47,0,0,0,47
01/29/2004,PAE,WA,ANM,WE,Towers with Display (VFR),4,7,44,0,55,1,14,0,0,15,5,21,44,0,70,6,0,6,76
01/30/2004,PAE,WA,ANM,WE,Towers with Display (VFR),3,5,34,0,42,3,8,47,2,60,6,13,81,2,102,74,0,74,176
01/31/2004,PAE,WA,ANM,WE,Towers with Display (VFR),3,0,53,0,56,0,0,37,0,37,3,0,90,0,93,98,0,98,191
02/01/2004,PAE,WA,ANM,WE,Towers with Display (VFR),0,0,31,0,31,0,0,61,0,61,0,0,92,0,92,84,0,84,176
02/02/2004,PAE,WA,ANM,WE,Towers with Display (VFR),3,3,37,0,43,0,6,77,0,83,3,9,114,0,126,94,0,94,220
02/03/2004,PAE,WA,ANM,WE,Towers with Display (VFR),6,5,50,0,61,3,11,111,2,127,9,16,161,2,188,94,0,94,282
02/04/2004,PAE,WA,ANM,WE,Towers with Display (VFR),3,2,25,0,30,3,7,62,2,74,6,9,87,2,104,116,0,116,220
02/05/2004,PAE,WA,ANM,WE,Towers with Display (VFR),5,8,86,1,100,0,13,164,3,180,5,21,250,4,280,232,18,250,530
02/06/2004,PAE,WA,ANM,WE,Towers with Display (VFR),5,3,37,0,45,0,11,59,2,72,5,14,96,2,117,44,0,44,161
02/07/2004,PAE,WA,ANM,WE,Towers with Display (VFR),5,3,41,0,49,0,0,92,0,92,5,3,133,0,141,130,0,130,271
02/08/2004,PAE,WA,ANM,WE,Towers with Display (VFR),2,0,60,0,62,0,0,190,5,195,2,0,250,5,257,290,0,290,547
02/09/2004,PAE,WA,ANM,WE,Towers with Display (VFR),5,4,43,0,52,3,7,139,6,155,8,11,182,6,207,168,0,168,375
02/10/2004,PAE,WA,ANM,WE,Towers with Display (VFR),7,6,68,0,81,1,0,176,2,179,8,6,244,2,260,194,0,194,454
02/11/2004,PAE,WA,ANM,WE,Towers with Display (VFR),2,5,52,0,59,0,9,276,0,285,2,14,328,0,344,238,0,238,582
02/12/2004,PAE,WA,ANM,WE,Towers with Display (VFR),1,5,57,1,64,0,0,278,0,278,1,5,335,1,342,266,0,266,608
02/13/2004,PAE,WA,ANM,WE,Towers with Display (VFR),4,4,39,1,48,6,5,134,0,145,10,9,173,1,193,146,0,146,339
02/14/2004,PAE,WA,ANM,WE,Towers with Display (VFR),5,2,57,0,64,1,0,90,0,91,6,2,147,0,155,114,0,114,269
02/15/2004,PAE,WA,ANM,WE,Towers with Display (VFR),0,0,50,0,50,0,0,40,0,40,0,0,90,0,90,60,0,60,150
02/16/2004,PAE,WA,ANM,WE,Towers with Display (VFR),3,4,35,1,43,7,7,5,0,19,10,11,40,1,62,22,0,22,84
02/17/2004,PAE,WA,ANM,WE,Towers with Display (VFR),4,6,53,1,64,0,6,57,1,64,4,12,110,2,128,94,2,96,224
02/18/2004,PAE,WA,ANM,WE,Towers with Display (VFR),5,6,52,1,64,16,8,58,1,83,21,14,110,2,147,70,0,70,217
02/19/2004,PAE,WA,ANM,WE,Towers with Display (VFR),6,7,60,1,74,0,5,94,4,103,6,12,154,5,177,116,0,116,293
02/20/2004,PAE,WA,ANM,WE,Towers with Display (VFR),7,8,74,0,89,1,8,97,0,106,8,16,171,0,195,148,0,148,343
02/21/2004,PAE,WA,ANM,WE,Towers with Display (VFR),6,6,59,1,72,0,0,247,4,251,6,6,306,5,323,166,0,166,489
02/22/2004,PAE,WA,ANM,WE,Towers with Display (VFR),1,5,60,0,66,0,0,226,0,226,1,5,286,0,292,266,0,266,558
02/23/2004,PAE,WA,ANM,WE,Towers with Display (VFR),4,5,45,1,55,0,14,110,3,127,4,19,155,4,182,134,18,152,334
02/24/2004,PAE,WA,ANM,WE,Towers with Display (VFR),3,3,29,0,35,0,18,28,0,46,3,21,57,0,81,32,0,32,113
02/25/2004,PAE,WA,ANM,WE,Towers with Display (VFR),2,2,21,0,25,4,7,46,0,57,6,9,67,0,82,74,0,74,156
02/26/2004,PAE,WA,ANM,WE,Towers with Display (VFR),5,6,50,1,62,2,1,102,0,105,7,7,152,1,167,180,0,180,347
02/27/2004,PAE,WA,ANM,WE,Towers with Display (VFR),8,10,90,1,109,0,0,31,0,31,8,10,121,1,140,38,0,38,178
02/28/2004,PAE,WA,ANM,WE,Towers with Display (VFR),2,2,73,0,77,0,0,60,0,60,2,2,133,0,137,68,0,68,205
02/29/2004,PAE,WA,ANM,WE,Towers with Display (VFR),5,0,59,0,64,0,0,203,1,204,5,0,262,1,268,300,0,300,568
03/01/2004,PAE,WA,ANM,WE,Towers with Display (VFR),6,5,55,0,66,1,6,117,0,124,7,11,172,0,190,150,0,150,340
03/02/2004,PAE,WA,ANM,WE,Towers with Display (VFR),6,8,87,1,102,0,5,203,4,212,6,13,290,5,314,350,0,350,664
03/03/2004,PAE,WA,ANM,WE,Towers with Display (VFR),8,6,69,1,84,2,2,0,3,7,10,8,69,4,91,2,0,2,93
03/04/2004,PAE,WA,ANM,WE,Towers with Display (VFR),7,7,81,1,96,0,1,51,3,55,7,8,132,4,151,98,24,122,273
03/05/2004,PAE,WA,ANM,WE,Towers with Display (VFR),3,2,25,0,30,8,3,8,0,19,11,5,33,0,49,4,0,4,53
03/06/2004,PAE,WA,ANM,WE,Towers with Display (VFR),4,4,88,1,97,0,0,155,1,156,4,4,243,2,253,208,0,208,461
03/07/2004,PAE,WA,ANM,WE,Towers with Display (VFR),5,6,64,0,75,9,2,17,0,28,14,8,81,0,103,28,0,28,131
03/08/2004,PAE,WA,ANM,WE,Towers with Display (VFR),2,3,41,1,47,0,4,182,2,188,2,7,223,3,235,245,0,245,480
03/09/2004,PAE,WA,ANM,WE,Towers with Display (VFR),3,5,60,1,69,0,15,58,0,73,3,20,118,1,142,82,0,82,224
03/10/2004,PAE,WA,ANM,WE,Towers with Display (VFR),0,8,83,0,91,0,0,249,0,249,0,8,332,0,340,284,0,284,624
03/11/2004,PAE,WA,ANM,WE,Towers with Display (VFR),5,6,66,0,77,0,6,137,0,143,5,12,203,0,220,134,0,134,354
03/12/2004,PAE,WA,ANM,WE,Towers with Display (VFR),7,6,79,0,92,1,0,27,0,28,8,6,106,0,120,36,0,36,156
03/13/2004,PAE,WA,ANM,WE,Towers with Display (VFR),3,2,43,0,48,1,0,353,0,354,4,2,396,0,402,302,0,302,704
03/14/2004,PAE,WA,ANM,WE,Towers with Display (VFR),2,3,49,0,54,0,0,81,0,81,2,3,130,0,135,152,0,152,287
03/15/2004,PAE,WA,ANM,WE,Towers with Display (VFR),4,6,52,1,63,0,3,45,0,48,4,9,97,1,111,64,0,64,175
03/16/2004,PAE,WA,ANM,WE,Towers with Display (VFR),4,5,47,0,56,5,5,39,0,49,9,10,86,0,105,92,0,92,197
03/17/2004,PAE,WA,ANM,WE,Towers with Display (VFR),6,6,67,0,79,4,1,18,0,23,10,7,85,0,102,2,0,2,104
03/18/2004,PAE,WA,ANM,WE,Towers with Display (VFR),4,5,44,0,53,3,9,17,0,29,7,14,61,0,82,0,0,0,82
03/19/2004,PAE,WA,ANM,WE,Towers with Display (VFR),6,6,60,1,73,0,11,110,5,126,6,17,170,6,199,118,4,122,321
03/20/2004,PAE,WA,ANM,WE,Towers with Display (VFR),5,1,49,1,56,5,0,313,1,319,10,1,362,2,375,250,0,250,625
03/21/2004,PAE,WA,ANM,WE,Towers with Display (VFR),2,3,59,1,65,0,0,266,2,268,2,3,325,3,333,302,8,310,643
03/22/2004,PAE,WA,ANM,WE,Towers with Display (VFR),5,5,50,0,60,3,11,105,0,119,8,16,155,0,179,158,0,158,337
03/23/2004,PAE,WA,ANM,WE,Towers with Display (VFR),0,6,54,1,61,0,0,76,5,81,0,6,130,6,142,196,0,196,338
03/24/2004,PAE,WA,ANM,WE,Towers with Display (VFR),3,4,36,0,43,2,11,28,0,41,5,15,64,0,84,32,0,32,116
03/25/2004,PAE,WA,ANM,WE,Towers with Display (VFR),3,7,72,1,83,0,1,1,1,3,3,8,73,2,86,24,0,24,110
03/26/2004,PAE,WA,ANM,WE,Towers with Display (VFR),4,6,54,0,64,6,5,46,0,57,10,11,100,0,121,68,0,68,189
03/27/2004,PAE,WA,ANM,WE,Towers with Display (VFR),4,2,61,0,67,0,0,123,1,124,4,2,184,1,191,279,0,279,470
03/28/2004,PAE,WA,ANM,WE,Towers with Display (VFR),0,0,57,0,57,0,0,315,1,316,0,0,372,1,373,261,0,261,634
03/29/2004,PAE,WA,ANM,WE,Towers with Display (VFR),4,5,46,0,55,4,9,195,0,208,8,14,241,0,263,178,0,178,441
03/30/2004,PAE,WA,ANM,WE,Towers with Display (VFR),6,7,65,0,78,1,12,14,0,27,7,19,79,0,105,53,0,53,158
03/31/2004,PAE,WA,ANM,WE,Towers with Display (VFR),6,7,71,0,84,4,4,87,0,95,10,11,158,0,179,233,0,233,412
04/01/2004,PAE,WA,ANM,WE,Towers with Display (VFR),6,5,42,0,53,2,2,105,5,114,8,7,147,5,167,240,2,242,409
04/02/2004,PAE,WA,ANM,WE,Towers with Display (VFR),6,9,65,1,81,0,5,223,4,232,6,14,288,5,313,152,0,152,465
04/03/2004,PAE,WA,ANM,WE,Towers with Display (VFR),6,2,54,1,63,2,0,262,0,264,8,2,316,1,327,210,0,210,537
04/04/2004,PAE,WA,ANM,WE,Towers with Display (VFR),5,1,52,0,58,0,0,135,0,135,5,1,187,0,193,188,0,188,381
04/05/2004,PAE,WA,ANM,WE,Towers with Display (VFR),4,4,33,0,41,4,3,103,5,115,8,7,136,5,156,127,0,127,283
04/06/2004,PAE,WA,ANM,WE,Towers with Display (VFR),6,6,47,0,59,4,2,114,0,120,10,8,161,0,179,130,0,130,309
04/07/2004,PAE,WA,ANM,WE,Towers with Display (VFR),8,10,71,1,90,6,3,79,0,88,14,13,150,1,178,270,0,270,448
04/08/2004,PAE,WA,ANM,WE,Towers with Display (VFR),8,14,91,2,115,0,7,126,0,133,8,21,217,2,248,210,0,210,458
04/09/2004,PAE,WA,ANM,WE,Towers with Display (VFR),2,6,66,2,76,0,0,209,0,209,2,6,275,2,285,132,0,132,417
04/10/2004,PAE,WA,ANM,WE,Towers with Display (VFR),5,2,48,0,55,0,0,346,0,346,5,2,394,0,401,270,0,270,671
04/11/2004,PAE,WA,ANM,WE,Towers with Display (VFR),1,2,13,0,16,0,0,195,0,195,1,2,208,0,211,140,0,140,351
04/12/2004,PAE,WA,ANM,WE,Towers with Display (VFR),3,5,36,1,45,5,0,130,0,135,8,5,166,1,180,202,0,202,382
04/13/2004,PAE,WA,ANM,WE,Towers with Display (VFR),2,6,40,0,48,0,4,134,0,138,2,10,174,0,186,150,0,150,336
04/14/2004,PAE,WA,ANM,WE,Towers with Display (VFR),4,7,45,0,56,1,5,44,0,50,5,12,89,0,106,172,0,172,278
04/15/2004,PAE,WA,ANM,WE,Towers with Display (VFR),6,9,66,2,83,0,0,66,0,66,6,9,132,2,149,72,0,72,221
04/16/2004,PAE,WA,ANM,WE,Towers with Display (VFR),4,10,67,2,83,0,3,98,0,101,4,13,165,2,184,140,0,140,324
04/17/2004,PAE,WA,ANM,WE,Towers with Display (VFR),2,1,60,0,63,0,0,150,0,150,2,1,210,0,213,136,0,136,349
04/18/2004,PAE,WA,ANM,WE,Towers with Display (VFR),4,4,51,0,59,0,0,152,0,152,4,4,203,0,211,122,0,122,333
04/19/2004,PAE,WA,ANM,WE,Towers with Display (VFR),1,5,33,0,39,0,3,74,0,77,1,8,107,0,116,106,0,106,222
04/20/2004,PAE,WA,ANM,WE,Towers with Display (VFR),4,7,55,1,67,0,0,88,0,88,4,7,143,1,155,152,0,152,307
04/21/2004,PAE,WA,ANM,WE,Towers with Display (VFR),4,7,43,1,55,2,6,122,3,133,6,13,165,4,188,180,0,180,368
04/22/2004,PAE,WA,ANM,WE,Towers with Display (VFR),3,7,47,1,58,0,0,206,1,207,3,7,253,2,265,240,0,240,505
04/23/2004,PAE,WA,ANM,WE,Towers with Display (VFR),7,11,73,1,92,12,2,59,4,77,19,13,132,5,169,106,0,106,275
04/24/2004,PAE,WA,ANM,WE,Towers with Display (VFR),4,2,42,0,48,0,0,309,1,310,4,2,351,1,358,240,0,240,598
04/25/2004,PAE,WA,ANM,WE,Towers with Display (VFR),3,6,38,0,47,1,1,320,2,324,4,7,358,2,371,300,0,300,671
04/26/2004,PAE,WA,ANM,WE,Towers with Display (VFR),6,10,69,1,86,0,14,169,0,183,6,24,238,1,269,140,0,140,409
04/27/2004,PAE,WA,ANM,WE,Towers with Display (VFR),2,5,32,0,39,0,14,29,1,44,2,19,61,1,83,77,0,77,160
04/28/2004,PAE,WA,ANM,WE,Towers with Display (VFR),3,7,52,1,63,0,21,141,2,164,3,28,193,3,227,170,2,172,399
04/29/2004,PAE,WA,ANM,WE,Towers with Display (VFR),7,10,73,1,91,1,7,122,1,131,8,17,195,2,222,156,0,156,378
04/30/2004,PAE,WA,ANM,WE,Towers with Display (VFR),3,7,51,1,62,0,9,184,1,194,3,16,235,2,256,216,0,216,472
05/01/2004,PAE,WA,ANM,WE,Towers with Display (VFR),1,2,33,0,36,0,0,237,0,237,1,2,270,0,273,147,0,147,420
05/02/2004,PAE,WA,ANM,WE,Towers with Display (VFR),1,1,20,0,22,0,1,148,0,149,1,2,168,0,171,152,0,152,323
05/03/2004,PAE,WA,ANM,WE,Towers with Display (VFR),4,4,45,0,53,0,7,131,4,142,4,11,176,4,195,202,0,202,397
05/04/2004,PAE,WA,ANM,WE,Towers with Display (VFR),7,6,71,0,84,1,3,56,0,60,8,9,127,0,144,158,0,158,302
05/05/2004,PAE,WA,ANM,WE,Towers with Display (VFR),6,6,63,0,75,7,6,117,0,130,13,12,180,0,205,165,0,165,370
05/06/2004,PAE,WA,ANM,WE,Towers with Display (VFR),6,4,50,0,60,7,5,134,0,146,13,9,184,0,206,142,0,142,348
05/07/2004,PAE,WA,ANM,WE,Towers with Display (VFR),7,6,65,0,78,4,7,86,0,97,11,13,151,0,175,260,0,260,435
05/08/2004,PAE,WA,ANM,WE,Towers with Display (VFR),3,2,37,0,42,0,0,170,0,170,3,2,207,0,212,243,0,243,455
05/09/2004,PAE,WA,ANM,WE,Towers with Display (VFR),5,3,57,0,65,5,0,145,0,150,10,3,202,0,215,143,0,143,358
05/10/2004,PAE,WA,ANM,WE,Towers with Display (VFR),4,5,52,0,61,1,4,50,0,55,5,9,102,0,116,137,0,137,253
05/11/2004,PAE,WA,ANM,WE,Towers with Display (VFR),9,11,118,2,140,0,5,58,0,63,9,16,176,2,203,177,0,177,380
05/12/2004,PAE,WA,ANM,WE,Towers with Display (VFR),6,7,77,2,92,0,6,97,7,110,6,13,174,9,202,226,0,226,428
05/13/2004,PAE,WA,ANM,WE,Towers with Display (VFR),7,8,81,0,96,7,8,198,0,213,14,16,279,0,309,272,0,272,581
05/14/2004,PAE,WA,ANM,WE,Towers with Display (VFR),4,8,82,0,94,0,13,228,0,241,4,21,310,0,335,334,0,334,669
05/15/2004,PAE,WA,ANM,WE,Towers with Display (VFR),0,3,55,1,59,0,0,87,1,88,0,3,142,2,147,256,0,256,403
05/16/2004,PAE,WA,ANM,WE,Towers with Display (VFR),5,1,57,0,63,0,0,107,0,107,5,1,164,0,170,145,0,145,315
05/17/2004,PAE,WA,ANM,WE,Towers with Display (VFR),3,4,36,1,44,10,6,76,1,93,13,10,112,2,137,198,0,198,335
05/18/2004,PAE,WA,ANM,WE,Towers with Display (VFR),6,7,64,0,77,6,3,143,0,152,12,10,207,0,229,189,0,189,418
05/19/2004,PAE,WA,ANM,WE,Towers with Display (VFR),6,8,81,0,95,0,10,115,0,125,6,18,196,0,220,190,0,190,410
05/20/2004,PAE,WA,ANM,WE,Towers with Display (VFR),4,8,78,2,92,0,6,150,6,162,4,14,228,8,254,270,0,270,524
05/21/2004,PAE,WA,ANM,WE,Towers with Display (VFR),0,0,0,0,0,8,12,179,0,199,8,12,179,0,199,134,0,134,333
05/22/2004,PAE,WA,ANM,WE,Towers with Display (VFR),5,2,55,0,62,2,0,8,0,10,7,2,63,0,72,22,0,22,94
05/23/2004,PAE,WA,ANM,WE,Towers with Display (VFR),0,2,40,0,42,0,0,211,0,211,0,2,251,0,253,309,0,309,562
05/24/2004,PAE,WA,ANM,WE,Towers with Display (VFR),6,7,65,1,79,2,11,158,1,172,8,18,223,2,251,130,0,130,381
05/25/2004,PAE,WA,ANM,WE,Towers with Display (VFR),7,9,86,1,103,4,7,176,3,190,11,16,262,4,293,268,0,268,561
05/26/2004,PAE,WA,ANM,WE,Towers with Display (VFR),2,9,89,0,100,0,1,18,0,19,2,10,107,0,119,20,0,20,139
05/27/2004,PAE,WA,ANM,WE,Towers with Display (VFR),4,8,76,0,88,0,2,14,0,16,4,10,90,0,104,18,0,18,122
05/28/2004,PAE,WA,ANM,WE,Towers with Display (VFR),3,7,74,1,85,0,5,53,1,59,3,12,127,2,144,114,0,114,258
05/29/2004,PAE,WA,ANM,WE,Towers with Display (VFR),2,4,70,0,76,0,0,52,0,52,2,4,122,0,128,183,0,183,311
05/30/2004,PAE,WA,ANM,WE,Towers with Display (VFR),3,2,35,0,40,9,0,60,2,71,12,2,95,2,111,39,0,39,150
05/31/2004,PAE,WA,ANM,WE,Towers with Display (VFR),3,0,78,0,81,0,0,137,0,137,3,0,215,0,218,172,0,172,390
06/01/2004,PAE,WA,ANM,WE,Towers with Display (VFR),5,6,65,0,76,10,1,113,2,126,15,7,178,2,202,158,0,158,360
06/02/2004,PAE,WA,ANM,WE,Towers with Display (VFR),5,6,67,0,78,4,6,146,4,160,9,12,213,4,238,157,0,157,395
06/03/2004,PAE,WA,ANM,WE,Towers with Display (VFR),4,6,59,0,69,0,4,150,0,154,4,10,209,0,223,176,0,176,399
06/04/2004,PAE,WA,ANM,WE,Towers with Display (VFR),2,4,43,0,49,0,4,206,0,210,2,8,249,0,259,149,0,149,408
06/05/2004,PAE,WA,ANM,WE,Towers with Display (VFR),2,2,57,0,61,0,0,66,0,66,2,2,123,0,127,99,0,99,226
06/06/2004,PAE,WA,ANM,WE,Towers with Display (VFR),1,0,45,0,46,0,0,104,0,104,1,0,149,0,150,231,0,231,381
06/07/2004,PAE,WA,ANM,WE,Towers with Display (VFR),4,4,50,0,58,1,7,69,0,77,5,11,119,0,135,140,0,140,275
06/08/2004,PAE,WA,ANM,WE,Towers with Display (VFR),6,6,80,0,92,2,0,204,4,210,8,6,284,4,302,277,0,277,579
06/09/2004,PAE,WA,ANM,WE,Towers with Display (VFR),5,6,76,0,87,0,8,77,0,85,5,14,153,0,172,145,0,145,317
06/10/2004,PAE,WA,ANM,WE,Towers with Display (VFR),3,7,78,0,88,0,2,13,0,15,3,9,91,0,103,2,0,2,105
06/11/2004,PAE,WA,ANM,WE,Towers with Display (VFR),5,6,71,0,82,2,14,89,0,105,7,20,160,0,187,180,0,180,367
06/12/2004,PAE,WA,ANM,WE,Towers with Display (VFR),2,2,30,0,34,2,2,233,0,237,4,4,263,0,271,197,0,197,468
06/13/2004,PAE,WA,ANM,WE,Towers with Display (VFR),1,0,36,0,37,0,0,109,0,109,1,0,145,0,146,127,0,127,273
06/14/2004,PAE,WA,ANM,WE,Towers with Display (VFR),3,2,37,0,42,0,6,82,0,88,3,8,119,0,130,230,0,230,360
06/15/2004,PAE,WA,ANM,WE,Towers with Display (VFR),7,5,81,0,93,0,0,119,0,119,7,5,200,0,212,280,0,280,492
06/16/2004,PAE,WA,ANM,WE,Towers with Display (VFR),4,3,51,0,58,0,3,173,0,176,4,6,224,0,234,289,0,289,523
06/17/2004,PAE,WA,ANM,WE,Towers with Display (VFR),3,2,33,1,39,4,7,204,3,218,7,9,237,4,257,228,0,228,485
06/18/2004,PAE,WA,ANM,WE,Towers with Display (VFR),3,2,30,0,35,6,4,120,0,130,9,6,150,0,165,177,0,177,342
06/19/2004,PAE,WA,ANM,WE,Towers with Display (VFR),0,2,31,0,33,0,2,218,0,220,0,4,249,0,253,334,0,334,587
06/20/2004,PAE,WA,ANM,WE,Towers with Display (VFR),0,0,17,0,17,0,0,259,0,259,0,0,276,0,276,112,0,112,388
06/21/2004,PAE,WA,ANM,WE,Towers with Display (VFR),4,3,46,1,54,7,12,126,0,145,11,15,172,1,199,261,0,261,460
06/22/2004,PAE,WA,ANM,WE,Towers with Display (VFR),3,4,52,0,59,0,7,165,0,172,3,11,217,0,231,272,4,276,507
06/23/2004,PAE,WA,ANM,WE,Towers with Display (VFR),5,3,51,0,59,2,4,120,0,126,7,7,171,0,185,390,0,390,575
06/24/2004,PAE,WA,ANM,WE,Towers with Display (VFR),2,5,75,1,83,0,2,79,8,89,2,7,154,9,172,198,4,202,374
06/25/2004,PAE,WA,ANM,WE,Towers with Display (VFR),2,5,70,0,77,0,4,161,0,165,2,9,231,0,242,262,0,262,504
06/26/2004,PAE,WA,ANM,WE,Towers with Display (VFR),2,3,42,0,47,0,1,222,0,223,2,4,264,0,270,272,0,272,542
06/27/2004,PAE,WA,ANM,WE,Towers with Display (VFR),0,2,35,0,37,0,0,169,0,169,0,2,204,0,206,194,0,194,400
06/28/2004,PAE,WA,ANM,WE,Towers with Display (VFR),4,3,48,0,55,0,11,194,0,205,4,14,242,0,260,60,0,60,320
06/29/2004,PAE,WA,ANM,WE,Towers with Display (VFR),6,4,61,1,72,4,13,205,1,223,10,17,266,2,295,168,0,168,463
06/30/2004,PAE,WA,ANM,WE,Towers with Display (VFR),2,5,60,0,67,0,8,208,2,218,2,13,268,2,285,140,0,140,425
07/01/2004,PAE,WA,ANM,WE,Towers with Display (VFR),7,10,78,1,96,2,10,69,3,84,9,20,147,4,180,183,0,183,363
07/02/2004,PAE,WA,ANM,WE,Towers with Display (VFR),6,9,69,0,84,5,4,147,0,156,11,13,216,0,240,187,0,187,427
07/03/2004,PAE,WA,ANM,WE,Towers with Display (VFR),0,3,46,0,49,0,0,82,0,82,0,3,128,0,131,58,0,58,189
07/04/2004,PAE,WA,ANM,WE,Towers with Display (VFR),0,1,15,0,16,0,1,144,0,145,0,2,159,0,161,63,0,63,224
07/05/2004,PAE,WA,ANM,WE,Towers with Display (VFR),0,1,21,0,22,0,0,277,1,278,0,1,298,1,300,162,1,163,463
07/06/2004,PAE,WA,ANM,WE,Towers with Display (VFR),3,7,66,0,76,0,0,36,0,36,3,7,102,0,112,20,0,20,132
07/07/2004,PAE,WA,ANM,WE,Towers with Display (VFR),5,7,56,0,68,10,1,92,0,103,15,8,148,0,171,202,0,202,373
07/08/2004,PAE,WA,ANM,WE,Towers with Display (VFR),6,3,66,1,76,0,0,146,4,150,6,3,212,5,226,161,0,161,387
07/09/2004,PAE,WA,ANM,WE,Towers with Display (VFR),4,5,46,1,56,2,2,183,1,188,6,7,229,2,244,151,0,151,395
07/10/2004,PAE,WA,ANM,WE,Towers with Display (VFR),3,2,21,0,26,0,0,136,1,137,3,2,157,1,163,133,0,133,296
07/11/2004,PAE,WA,ANM,WE,Towers with Display (VFR),2,2,26,0,30,0,0,238,0,238,2,2,264,0,268,252,0,252,520
07/12/2004,PAE,WA,ANM,WE,Towers with Display (VFR),5,9,63,0,77,0,5,170,0,175,5,14,233,0,252,194,0,194,446
07/13/2004,PAE,WA,ANM,WE,Towers with Display (VFR),7,9,71,1,88,0,0,189,1,190,7,9,260,2,278,258,0,258,536
07/14/2004,PAE,WA,ANM,WE,Towers with Display (VFR),2,6,46,0,54,0,0,185,0,185,2,6,231,0,239,221,0,221,460
07/15/2004,PAE,WA,ANM,WE,Towers with Display (VFR),3,7,57,2,69,0,0,135,0,135,3,7,192,2,204,182,0,182,386
07/16/2004,PAE,WA,ANM,WE,Towers with Display (VFR),4,12,85,3,104,0,2,192,9,203,4,14,277,12,307,218,0,218,525
07/17/2004,PAE,WA,ANM,WE,Towers with Display (VFR),1,4,29,0,34,0,0,283,0,283,1,4,312,0,317,235,0,235,552
07/18/2004,PAE,WA,ANM,WE,Towers with Display (VFR),2,0,25,1,28,0,0,139,0,139,2,0,164,1,167,240,0,240,407
07/19/2004,PAE,WA,ANM,WE,Towers with Display (VFR),1,6,44,0,51,0,3,145,0,148,1,9,189,0,199,132,0,132,331
07/20/2004,PAE,WA,ANM,WE,Towers with Display (VFR),3,7,49,2,61,3,7,186,1,197,6,14,235,3,258,162,4,166,424
07/21/2004,PAE,WA,ANM,WE,Towers with Display (VFR),3,6,41,2,52,0,7,196,2,205,3,13,237,4,257,288,5,293,550
07/22/2004,PAE,WA,ANM,WE,Towers with Display (VFR),3,7,46,2,58,0,17,157,9,183,3,24,203,11,241,123,0,123,364
07/23/2004,PAE,WA,ANM,WE,Towers with Display (VFR),2,7,52,2,63,0,3,195,0,198,2,10,247,2,261,120,0,120,381
07/24/2004,PAE,WA,ANM,WE,Towers with Display (VFR),1,3,20,0,24,4,0,211,0,215,5,3,231,0,239,190,0,190,429
07/25/2004,PAE,WA,ANM,WE,Towers with Display (VFR),1,0,51,0,52,0,0,181,0,181,1,0,232,0,233,107,0,107,340
07/26/2004,PAE,WA,ANM,WE,Towers with Display (VFR),1,5,32,0,38,0,10,185,0,195,1,15,217,0,233,167,0,167,400
07/27/2004,PAE,WA,ANM,WE,Towers with Display (VFR),4,8,56,0,68,5,1,200,0,206,9,9,256,0,274,261,0,261,535
07/28/2004,PAE,WA,ANM,WE,Towers with Display (VFR),2,5,33,0,40,2,4,190,0,196,4,9,223,0,236,273,0,273,509
07/29/2004,PAE,WA,ANM,WE,Towers with Display (VFR),3,5,38,0,46,3,8,155,0,166,6,13,193,0,212,201,0,201,413
07/30/2004,PAE,WA,ANM,WE,Towers with Display (VFR),0,9,62,1,72,0,11,118,0,129,0,20,180,1,201,153,0,153,354
07/31/2004,PAE,WA,ANM,WE,Towers with Display (VFR),2,4,30,0,36,3,0,251,0,254,5,4,281,0,290,308,0,308,598
08/01/2004,PAE,WA,ANM,WE,Towers with Display (VFR),2,1,36,0,39,0,0,217,0,217,2,1,253,0,256,245,0,245,501
08/02/2004,PAE,WA,ANM,WE,Towers with Display (VFR),6,5,67,0,78,3,0,143,0,146,9,5,210,0,224,150,0,150,374
08/03/2004,PAE,WA,ANM,WE,Towers with Display (VFR),5,4,53,1,63,6,1,103,4,114,11,5,156,5,177,214,0,214,391
08/04/2004,PAE,WA,ANM,WE,Towers with Display (VFR),2,1,21,0,24,0,6,158,1,165,2,7,179,1,189,246,0,246,435
08/05/2004,PAE,WA,ANM,WE,Towers with Display (VFR),7,6,76,1,90,0,5,171,1,177,7,11,247,2,267,206,0,206,473
08/06/2004,PAE,WA,ANM,WE,Towers with Display (VFR),5,4,57,0,66,4,4,36,0,44,9,8,93,0,110,38,0,38,148
08/07/2004,PAE,WA,ANM,WE,Towers with Display (VFR),4,3,43,0,50,3,0,168,2,173,7,3,211,2,223,195,0,195,418
08/08/2004,PAE,WA,ANM,WE,Towers with Display (VFR),1,0,11,0,12,1,4,267,3,275,2,4,278,3,287,313,0,313,600
08/09/2004,PAE,WA,ANM,WE,Towers with Display (VFR),1,4,33,1,39,0,11,218,0,229,1,15,251,1,268,222,1,223,491
08/10/2004,PAE,WA,ANM,WE,Towers with Display (VFR),4,5,46,1,56,2,9,204,2,217,6,14,250,3,273,200,0,200,473
08/11/2004,PAE,WA,ANM,WE,Towers with Display (VFR),4,5,51,2,62,2,6,235,4,247,6,11,286,6,309,226,18,244,553
08/12/2004,PAE,WA,ANM,WE,Towers with Display (VFR),4,6,63,0,73,0,3,183,0,186,4,9,246,0,259,203,0,203,462
08/13/2004,PAE,WA,ANM,WE,Towers with Display (VFR),2,5,56,0,63,0,7,148,0,155,2,12,204,0,218,131,0,131,349
08/14/2004,PAE,WA,ANM,WE,Towers with Display (VFR),0,2,34,0,36,0,0,178,0,178,0,2,212,0,214,248,0,248,462
08/15/2004,PAE,WA,ANM,WE,Towers with Display (VFR),1,2,30,1,34,0,0,267,0,267,1,2,297,1,301,324,0,324,625
08/16/2004,PAE,WA,ANM,WE,Towers with Display (VFR),3,5,46,1,55,0,4,158,1,163,3,9,204,2,218,242,0,242,460
08/17/2004,PAE,WA,ANM,WE,Towers with Display (VFR),2,5,55,2,64,0,3,175,4,182,2,8,230,6,246,268,0,268,514
08/18/2004,PAE,WA,ANM,WE,Towers with Display (VFR),1,5,47,1,54,0,3,147,7,157,1,8,194,8,211,205,0,205,416
08/19/2004,PAE,WA,ANM,WE,Towers with Display (VFR),3,4,38,1,46,3,4,166,1,174,6,8,204,2,220,232,0,232,452
08/20/2004,PAE,WA,ANM,WE,Towers with Display (VFR),1,5,45,1,52,0,3,183,5,191,1,8,228,6,243,219,0,219,462
08/21/2004,PAE,WA,ANM,WE,Towers with Display (VFR),3,5,42,1,51,2,3,95,1,101,5,8,137,2,152,155,0,155,307
08/22/2004,PAE,WA,ANM,WE,Towers with Display (VFR),1,1,44,0,46,0,0,75,0,75,1,1,119,0,121,141,0,141,262
08/23/2004,PAE,WA,ANM,WE,Towers with Display (VFR),1,5,45,1,52,0,1,77,0,78,1,6,122,1,130,179,0,179,309
08/24/2004,PAE,WA,ANM,WE,Towers with Display (VFR),3,4,40,1,48,2,3,18,7,30,5,7,58,8,78,4,0,4,82
08/25/2004,PAE,WA,ANM,WE,Towers with Display (VFR),3,4,40,0,47,10,7,1,0,18,13,11,41,0,65,33,0,33,98
08/26/2004,PAE,WA,ANM,WE,Towers with Display (VFR),0,8,74,1,83,0,10,73,4,87,0,18,147,5,170,225,0,225,395
08/27/2004,PAE,WA,ANM,WE,Towers with Display (VFR),5,5,69,0,79,5,0,87,0,92,10,5,156,0,171,140,0,140,311
08/28/2004,PAE,WA,ANM,WE,Towers with Display (VFR),3,5,57,0,65,0,0,141,0,141,3,5,198,0,206,172,0,172,378
08/29/2004,PAE,WA,ANM,WE,Towers with Display (VFR),2,1,52,0,55,0,0,221,0,221,2,1,273,0,276,212,0,212,488
08/30/2004,PAE,WA,ANM,WE,Towers with Display (VFR),4,4,41,0,49,2,4,159,2,167,6,8,200,2,216,235,0,235,451
08/31/2004,PAE,WA,ANM,WE,Towers with Display (VFR),5,7,68,1,81,2,2,191,2,197,7,9,259,3,278,296,0,296,574
09/01/2004,PAE,WA,ANM,WE,Towers with Display (VFR),1,4,36,0,41,0,5,53,0,58,1,9,89,0,99,86,0,86,185
09/02/2004,PAE,WA,ANM,WE,Towers with Display (VFR),7,9,79,2,97,12,10,126,0,148,19,19,205,2,245,227,0,227,472
09/03/2004,PAE,WA,ANM,WE,Towers with Display (VFR),5,6,51,0,62,5,4,115,0,124,10,10,166,0,186,252,0,252,438
09/04/2004,PAE,WA,ANM,WE,Towers with Display (VFR),0,4,38,0,42,0,0,122,0,122,0,4,160,0,164,164,0,164,328
09/05/2004,PAE,WA,ANM,WE,Towers with Display (VFR),1,1,20,0,22,0,0,160,0,160,1,1,180,0,182,226,0,226,408
09/06/2004,PAE,WA,ANM,WE,Towers with Display (VFR),2,2,24,0,28,0,1,254,0,255,2,3,278,0,283,224,0,224,507
09/07/2004,PAE,WA,ANM,WE,Towers with Display (VFR),3,5,51,0,59,0,1,183,0,184,3,6,234,0,243,312,0,312,555
09/08/2004,PAE,WA,ANM,WE,Towers with Display (VFR),1,6,51,1,59,0,0,138,1,139,1,6,189,2,198,194,0,194,392
09/09/2004,PAE,WA,ANM,WE,Towers with Display (VFR),2,7,64,0,73,0,3,86,0,89,2,10,150,0,162,166,0,166,328
09/10/2004,PAE,WA,ANM,WE,Towers with Display (VFR),4,7,53,0,64,3,2,133,0,138,7,9,186,0,202,167,0,167,369
09/11/2004,PAE,WA,ANM,WE,Towers with Display (VFR),3,2,29,1,35,3,0,101,0,104,6,2,130,1,139,98,0,98,237
09/12/2004,PAE,WA,ANM,WE,Towers with Display (VFR),1,1,50,0,52,0,0,98,0,98,1,1,148,0,150,268,0,268,418
09/13/2004,PAE,WA,ANM,WE,Towers with Display (VFR),4,6,48,2,60,2,2,44,10,58,6,8,92,12,118,115,16,131,249
09/14/2004,PAE,WA,ANM,WE,Towers with Display (VFR),4,6,47,2,59,4,9,87,2,102,8,15,134,4,161,204,0,204,365
09/15/2004,PAE,WA,ANM,WE,Towers with Display (VFR),3,8,59,0,70,0,1,24,0,25,3,9,83,0,95,14,0,14,109
09/16/2004,PAE,WA,ANM,WE,Towers with Display (VFR),4,7,53,2,66,6,3,57,0,66,10,10,110,2,132,109,0,109,241
09/17/2004,PAE,WA,ANM,WE,Towers with Display (VFR),2,5,46,2,55,0,8,100,4,112,2,13,146,6,167,233,0,233,400
09/18/2004,PAE,WA,ANM,WE,Towers with Display (VFR),4,2,49,1,56,1,0,49,0,50,5,2,98,1,106,104,0,104,210
09/19/2004,PAE,WA,ANM,WE,Towers with Display (VFR),2,1,35,1,39,0,0,181,1,182,2,1,216,2,221,294,0,294,515
09/20/2004,PAE,WA,ANM,WE,Towers with Display (VFR),4,7,52,1,64,0,13,143,0,156,4,20,195,1,220,220,0,220,440
09/21/2004,PAE,WA,ANM,WE,Towers with Display (VFR),3,8,63,2,76,0,4,227,2,233,3,12,290,4,309,334,2,336,645
09/22/2004,PAE,WA,ANM,WE,Towers with Display (VFR),5,8,63,0,76,0,12,42,0,54,5,20,105,0,130,30,0,30,160
09/23/2004,PAE,WA,ANM,WE,Towers with Display (VFR),1,7,61,2,71,0,0,49,0,49,1,7,110,2,120,56,0,56,176
09/24/2004,PAE,WA,ANM,WE,Towers with Display (VFR),3,5,34,0,42,0,6,208,0,214,3,11,242,0,256,230,0,230,486
09/25/2004,PAE,WA,ANM,WE,Towers with Display (VFR),1,4,30,0,35,0,5,197,0,202,1,9,227,0,237,175,0,175,412
09/26/2004,PAE,WA,ANM,WE,Towers with Display (VFR),3,2,42,1,48,0,0,124,0,124,3,2,166,1,172,166,0,166,338
09/27/2004,PAE,WA,ANM,WE,Towers with Display (VFR),0,4,28,0,32,0,3,83,6,92,0,7,111,6,124,103,0,103,227
09/28/2004,PAE,WA,ANM,WE,Towers with Display (VFR),4,6,50,1,61,0,3,93,3,99,4,9,143,4,160,146,0,146,306
09/29/2004,PAE,WA,ANM,WE,Towers with Display (VFR),1,5,34,0,40,0,7,201,6,214,1,12,235,6,254,253,0,253,507
09/30/2004,PAE,WA,ANM,WE,Towers with Display (VFR),5,7,56,1,69,2,5,110,0,117,7,12,166,1,186,169,0,169,355
10/01/2004,PAE,WA,ANM,WE,Towers with Display (VFR),2,4,32,0,38,0,4,270,0,274,2,8,302,0,312,228,0,228,540
10/02/2004,PAE,WA,ANM,WE,Towers with Display (VFR),3,1,59,0,63,0,5,250,1,256,3,6,309,1,319,219,0,219,538
10/03/2004,PAE,WA,ANM,WE,Towers with Display (VFR),3,1,59,0,63,0,5,250,1,256,3,6,309,1,319,219,0,219,538
10/04/2004,PAE,WA,ANM,WE,Towers with Display (VFR),3,14,79,0,96,3,14,129,0,146,6,28,208,0,242,260,0,260,502
10/05/2004,PAE,WA,ANM,WE,Towers with Display (VFR),7,31,36,0,74,3,20,99,1,123,10,51,135,1,197,124,0,124,321
10/06/2004,PAE,WA,ANM,WE,Towers with Display (VFR),9,29,56,0,94,0,9,111,0,120,9,38,167,0,214,142,0,142,356
10/07/2004,PAE,WA,ANM,WE,Towers with Display (VFR),6,5,75,1,87,0,3,156,4,163,6,8,231,5,250,198,5,203,453
10/08/2004,PAE,WA,ANM,WE,Towers with Display (VFR),10,16,29,0,55,3,0,19,0,22,13,16,48,0,77,18,0,18,95
10/09/2004,PAE,WA,ANM,WE,Towers with Display (VFR),7,1,77,0,85,0,2,53,0,55,7,3,130,0,140,20,0,20,160
10/10/2004,PAE,WA,ANM,WE,Towers with Display (VFR),1,0,75,0,76,0,2,137,0,139,1,2,212,0,215,271,0,271,486
10/11/2004,PAE,WA,ANM,WE,Towers with Display (VFR),0,0,41,0,41,0,0,123,0,123,0,0,164,0,164,174,0,174,338
10/12/2004,PAE,WA,ANM,WE,Towers with Display (VFR),4,2,54,0,60,1,7,162,2,172,5,9,216,2,232,142,0,142,374
10/13/2004,PAE,WA,ANM,WE,Towers with Display (VFR),3,22,58,2,85,1,2,146,0,149,4,24,204,2,234,174,0,174,408
10/14/2004,PAE,WA,ANM,WE,Towers with Display (VFR),0,7,79,0,86,0,0,130,0,130,0,7,209,0,216,202,0,202,418
10/15/2004,PAE,WA,ANM,WE,Towers with Display (VFR),3,9,56,2,70,0,0,0,0,0,3,9,56,2,70,2,0,2,72
10/16/2004,PAE,WA,ANM,WE,Towers with Display (VFR),13,10,34,0,57,0,0,1,0,1,13,10,35,0,58,4,0,4,62
10/17/2004,PAE,WA,ANM,WE,Towers with Display (VFR),3,1,54,4,62,0,0,8,1,9,3,1,62,5,71,31,0,31,102
10/18/2004,PAE,WA,ANM,WE,Towers with Display (VFR),4,4,42,0,50,3,2,45,0,50,7,6,87,0,100,74,0,74,174
10/19/2004,PAE,WA,ANM,WE,Towers with Display (VFR),6,7,13,0,26,0,4,61,2,67,6,11,74,2,93,88,0,88,181
10/20/2004,PAE,WA,ANM,WE,Towers with Display (VFR),4,6,11,0,21,0,4,185,0,189,4,10,196,0,210,291,0,291,501
10/21/2004,PAE,WA,ANM,WE,Towers with Display (VFR),4,3,25,0,32,0,6,111,0,117,4,9,136,0,149,220,0,220,369
10/22/2004,PAE,WA,ANM,WE,Towers with Display (VFR),2,5,30,2,39,0,3,33,0,36,2,8,63,2,75,46,0,46,121
10/23/2004,PAE,WA,ANM,WE,Towers with Display (VFR),3,3,57,0,63,0,1,92,0,93,3,4,149,0,156,198,0,198,354
10/24/2004,PAE,WA,ANM,WE,Towers with Display (VFR),5,0,37,0,42,0,2,176,2,180,5,2,213,2,222,276,0,276,498
10/25/2004,PAE,WA,ANM,WE,Towers with Display (VFR),4,5,20,0,29,1,8,88,0,97,5,13,108,0,126,110,0,110,236
10/26/2004,PAE,WA,ANM,WE,Towers with Display (VFR),2,7,28,0,37,1,7,136,0,144,3,14,164,0,181,109,0,109,290
10/27/2004,PAE,WA,ANM,WE,Towers with Display (VFR),4,7,19,0,30,0,28,325,0,353,4,35,344,0,383,320,0,320,703
10/28/2004,PAE,WA,ANM,WE,Towers with Display (VFR),11,8,24,0,43,0,0,14,0,14,11,8,38,0,57,6,0,6,63
10/29/2004,PAE,WA,ANM,WE,Towers with Display (VFR),4,5,24,0,33,0,6,53,0,59,4,11,77,0,92,114,0,114,206
10/30/2004,PAE,WA,ANM,WE,Towers with Display (VFR),2,3,33,0,38,0,0,174,0,174,2,3,207,0,212,200,0,200,412
10/31/2004,PAE,WA,ANM,WE,Towers with Display (VFR),6,1,59,0,66,0,5,325,0,330,6,6,384,0,396,296,0,296,692
11/01/2004,PAE,WA,ANM,WE,Towers with Radar,4,12,18,0,34,0,0,4,0,4,4,12,22,0,38,13,0,13,51
11/02/2004,PAE,WA,ANM,WE,Towers with Radar,3,6,27,0,36,1,1,30,0,32,4,7,57,0,68,21,0,21,89
11/03/2004,PAE,WA,ANM,WE,Towers with Radar,2,10,50,0,62,0,8,131,0,139,2,18,181,0,201,312,0,312,513
11/04/2004,PAE,WA,ANM,WE,Towers with Radar,2,8,74,0,84,0,8,200,0,208,2,16,274,0,292,390,0,390,682
11/05/2004,PAE,WA,ANM,WE,Towers with Radar,8,7,43,1,59,0,4,124,2,130,8,11,167,3,189,111,0,111,300
11/06/2004,PAE,WA,ANM,WE,Towers with Radar,3,2,66,0,71,0,2,81,1,84,3,4,147,1,155,218,0,218,373
11/07/2004,PAE,WA,ANM,WE,Towers with Radar,0,2,61,0,63,0,0,178,0,178,0,2,239,0,241,297,0,297,538
11/08/2004,PAE,WA,ANM,WE,Towers with Radar,0,1,6,0,7,0,0,0,0,0,0,1,6,0,7,0,0,0,7
11/09/2004,PAE,WA,ANM,WE,Towers with Radar,12,5,70,0,87,1,0,95,0,96,13,5,165,0,183,197,0,197,380
11/10/2004,PAE,WA,ANM,WE,Towers with Radar,4,16,62,0,82,20,3,77,0,100,24,19,139,0,182,131,0,131,313
11/11/2004,PAE,WA,ANM,WE,Towers with Radar,5,13,69,1,88,0,9,166,1,176,5,22,235,2,264,268,0,268,532
11/12/2004,PAE,WA,ANM,WE,Towers with Radar,10,8,27,0,45,0,5,66,0,71,10,13,93,0,116,182,0,182,298
11/13/2004,PAE,WA,ANM,WE,Towers with Radar,2,1,84,0,87,0,1,104,0,105,2,2,188,0,192,211,0,211,403
11/14/2004,PAE,WA,ANM,WE,Towers with Radar,4,2,62,0,68,0,2,126,6,134,4,4,188,6,202,255,0,255,457
11/15/2004,PAE,WA,ANM,WE,Towers with Radar,3,5,60,0,68,0,3,15,0,18,3,8,75,0,86,18,0,18,104
11/16/2004,PAE,WA,ANM,WE,Towers with Radar,8,5,87,6,106,0,10,46,3,59,8,15,133,9,165,84,0,84,249
11/17/2004,PAE,WA,ANM,WE,Towers with Radar,3,12,74,2,91,1,5,243,5,254,4,17,317,7,345,210,2,212,557
11/18/2004,PAE,WA,ANM,WE,Towers with Radar,1,8,56,0,65,0,0,39,2,41,1,8,95,2,106,92,0,92,198
11/19/2004,PAE,WA,ANM,WE,Towers with Radar,4,8,49,0,61,0,5,133,0,138,4,13,182,0,199,213,0,213,412
11/20/2004,PAE,WA,ANM,WE,Towers with Radar,3,4,61,0,68,0,1,316,0,317,3,5,377,0,385,383,0,383,768
11/21/2004,PAE,WA,ANM,WE,Towers with Radar,2,0,70,0,72,0,3,198,3,204,2,3,268,3,276,320,0,320,596
11/22/2004,PAE,WA,ANM,WE,Towers with Radar,3,13,42,0,58,1,2,7,0,10,4,15,49,0,68,0,0,0,68
11/23/2004,PAE,WA,ANM,WE,Towers with Radar,10,14,84,0,108,4,2,17,0,23,14,16,101,0,131,8,0,8,139
11/24/2004,PAE,WA,ANM,WE,Towers with Radar,6,6,17,2,31,0,2,4,0,6,6,8,21,2,37,7,0,7,44
11/25/2004,PAE,WA,ANM,WE,Towers with Radar,1,5,16,0,22,0,0,8,0,8,1,5,24,0,30,28,0,28,58
11/26/2004,PAE,WA,ANM,WE,Towers with Radar,0,19,69,0,88,0,9,115,0,124,0,28,184,0,212,217,0,217,429
11/27/2004,PAE,WA,ANM,WE,Towers with Radar,6,1,65,0,72,0,5,69,0,74,6,6,134,0,146,132,0,132,278
11/28/2004,PAE,WA,ANM,WE,Towers with Radar,0,0,91,0,91,2,2,401,20,425,2,2,492,20,516,483,20,503,1019
11/29/2004,PAE,WA,ANM,WE,Towers with Radar,1,13,73,0,87,0,2,101,0,103,1,15,174,0,190,174,0,174,364
11/30/2004,PAE,WA,ANM,WE,Towers with Radar,1,3,17,2,23,0,0,4,0,4,1,3,21,2,27,0,0,0,27
12/01/2004,PAE,WA,ANM,WE,Towers with Radar,8,47,56,0,111,0,4,73,1,78,8,51,129,1,189,286,0,286,475
12/02/2004,PAE,WA,ANM,WE,Towers with Radar,3,6,52,0,61,0,0,0,0,0,3,6,52,0,61,45,0,45,106
12/03/2004,PAE,WA,ANM,WE,Towers with Radar,2,16,73,0,91,0,4,20,0,24,2,20,93,0,115,42,0,42,157
12/04/2004,PAE,WA,ANM,WE,Towers with Radar,8,7,44,0,59,0,1,68,1,70,8,8,112,1,129,203,0,203,332
12/05/2004,PAE,WA,ANM,WE,Towers with Radar,5,0,24,0,29,0,3,106,0,109,5,3,130,0,138,180,16,196,334
12/06/2004,PAE,WA,ANM,WE,Towers with Radar,4,6,31,0,41,3,3,25,4,35,7,9,56,4,76,51,4,55,131
12/07/2004,PAE,WA,ANM,WE,Towers with Radar,3,11,31,0,45,0,5,15,0,20,3,16,46,0,65,10,0,10,75
12/08/2004,PAE,WA,ANM,WE,Towers with Radar,10,5,32,0,47,0,9,30,2,41,10,14,62,2,88,69,0,69,157
12/09/2004,PAE,WA,ANM,WE,Towers with Radar,1,13,49,0,63,0,0,93,1,94,1,13,142,1,157,76,0,76,233
12/10/2004,PAE,WA,ANM,WE,Towers with Radar,3,10,38,2,53,0,0,7,1,8,3,10,45,3,61,0,0,0,61
12/11/2004,PAE,WA,ANM,WE,Towers with Radar,2,3,50,0,55,3,4,256,0,263,5,7,306,0,318,376,0,376,694
12/12/2004,PAE,WA,ANM,WE,Towers with Radar,4,2,20,6,32,1,2,183,7,193,5,4,203,13,225,355,0,355,580
12/13/2004,PAE,WA,ANM,WE,Towers with Radar,4,0,61,0,65,0,8,51,0,59,4,8,112,0,124,40,0,40,164
12/14/2004,PAE,WA,ANM,WE,Towers with Radar,19,8,34,4,65,0,6,33,2,41,19,14,67,6,106,40,0,40,146
12/15/2004,PAE,WA,ANM,WE,Towers with Radar,0,11,66,0,77,0,4,168,0,172,0,15,234,0,249,304,0,304,553
12/16/2004,PAE,WA,ANM,WE,Towers with Radar,4,13,62,0,79,0,2,106,0,108,4,15,168,0,187,142,0,142,329
12/17/2004,PAE,WA,ANM,WE,Towers with Radar,1,5,15,0,21,0,0,3,0,3,1,5,18,0,24,0,0,0,24
12/18/2004,PAE,WA,ANM,WE,Towers with Radar,18,5,64,0,87,4,1,208,0,213,22,6,272,0,300,248,0,248,548
12/19/2004,PAE,WA,ANM,WE,Towers with Radar,6,0,31,0,37,0,0,45,0,45,6,0,76,0,82,86,0,86,168
12/20/2004,PAE,WA,ANM,WE,Towers with Radar,7,11,62,0,80,0,16,131,1,148,7,27,193,1,228,170,0,170,398
12/21/2004,PAE,WA,ANM,WE,Towers with Radar,9,4,44,0,57,1,0,11,0,12,10,4,55,0,69,8,0,8,77
12/22/2004,PAE,WA,ANM,WE,Towers with Radar,8,4,48,0,60,0,24,140,4,168,8,28,188,4,228,374,10,384,612
12/23/2004,PAE,WA,ANM,WE,Towers with Radar,4,17,40,0,61,0,4,103,0,107,4,21,143,0,168,321,0,321,489
12/24/2004,PAE,WA,ANM,WE,Towers with Radar,0,7,4,0,11,1,2,1,0,4,1,9,5,0,15,0,0,0,15
12/25/2004,PAE,WA,ANM,WE,Towers with Radar,0,0,7,0,7,0,2,4,0,6,0,2,11,0,13,0,0,0,13
12/26/2004,PAE,WA,ANM,WE,Towers with Radar,0,0,50,0,50,0,0,143,2,145,0,0,193,2,195,244,0,244,439
12/27/2004,PAE,WA,ANM,WE,Towers with Radar,6,4,55,0,65,3,7,307,0,317,9,11,362,0,382,351,0,351,733
12/28/2004,PAE,WA,ANM,WE,Towers with Radar,10,18,50,8,86,0,1,291,4,296,10,19,341,12,382,238,0,238,620
12/29/2004,PAE,WA,ANM,WE,Towers with Radar,7,14,53,10,84,0,2,24,0,26,7,16,77,10,110,0,0,0,110
12/30/2004,PAE,WA,ANM,WE,Towers with Radar,9,21,37,0,67,1,0,15,0,16,10,21,52,0,83,2,0,2,85
12/31/2004,PAE,WA,ANM,WE,Towers with Radar,8,9,32,0,49,3,5,236,2,246,11,14,268,2,295,276,0,276,571
01/01/2005,PAE,WA,ANM,WE,Towers with Radar,4,1,15,0,20,0,3,87,0,90,4,4,102,0,110,177,12,189,299
01/02/2005,PAE,WA,ANM,WE,Towers with Radar,5,2,43,0,50,3,0,250,1,254,8,2,293,1,304,298,1,299,603
01/03/2005,PAE,WA,ANM,WE,Towers with Radar,6,3,95,0,104,1,6,204,0,211,7,9,299,0,315,286,0,286,601
01/04/2005,PAE,WA,ANM,WE,Towers with Radar,2,5,50,0,57,0,10,175,0,185,2,15,225,0,242,175,0,175,417
01/05/2005,PAE,WA,ANM,WE,Towers with Radar,7,4,59,0,70,0,6,250,1,257,7,10,309,1,327,372,0,372,699
01/06/2005,PAE,WA,ANM,WE,Towers with Radar,7,9,26,2,44,1,4,7,0,12,8,13,33,2,56,0,0,0,56
01/07/2005,PAE,WA,ANM,WE,Towers with Radar,4,6,31,0,41,0,3,28,0,31,4,9,59,0,72,69,0,69,141
01/08/2005,PAE,WA,ANM,WE,Towers with Radar,2,5,27,6,40,0,1,45,0,46,2,6,72,6,86,108,0,108,194
01/09/2005,PAE,WA,ANM,WE,Towers with Radar,3,7,18,0,28,0,0,1,0,1,3,7,19,0,29,0,0,0,29
01/10/2005,PAE,WA,ANM,WE,Towers with Radar,6,9,41,0,56,1,5,116,7,129,7,14,157,7,185,168,0,168,353
01/11/2005,PAE,WA,ANM,WE,Towers with Radar,4,7,45,0,56,2,2,71,0,75,6,9,116,0,131,134,0,134,265
01/12/2005,PAE,WA,ANM,WE,Towers with Radar,7,19,15,4,45,0,1,29,0,30,7,20,44,4,75,86,0,86,161
01/13/2005,PAE,WA,ANM,WE,Towers with Radar,6,22,57,0,85,0,7,49,0,56,6,29,106,0,141,38,0,38,179
01/14/2005,PAE,WA,ANM,WE,Towers with Radar,8,11,37,0,56,0,3,177,0,180,8,14,214,0,236,188,18,206,442
01/15/2005,PAE,WA,ANM,WE,Towers with Radar,6,3,31,0,40,0,1,136,0,137,6,4,167,0,177,116,1,117,294
01/16/2005,PAE,WA,ANM,WE,Towers with Radar,0,0,24,0,24,0,0,17,0,17,0,0,41,0,41,8,0,8,49
01/17/2005,PAE,WA,ANM,WE,Towers with Radar,5,6,14,0,25,0,0,1,0,1,5,6,15,0,26,0,0,0,26
01/18/2005,PAE,WA,ANM,WE,Towers with Radar,20,14,59,0,93,0,1,17,0,18,20,15,76,0,111,0,0,0,111
01/19/2005,PAE,WA,ANM,WE,Towers with Radar,6,4,46,0,56,1,3,68,1,73,7,7,114,1,129,126,0,126,255
01/20/2005,PAE,WA,ANM,WE,Towers with Radar,3,10,59,0,72,0,0,32,0,32,3,10,91,0,104,31,0,31,135
01/21/2005,PAE,WA,ANM,WE,Towers with Radar,8,5,74,0,87,2,3,152,0,157,10,8,226,0,244,282,0,282,526
01/22/2005,PAE,WA,ANM,WE,Towers with Radar,10,0,95,1,106,0,2,83,1,86,10,2,178,2,192,240,0,240,432
01/23/2005,PAE,WA,ANM,WE,Towers with Radar,0,1,91,0,92,0,1,146,0,147,0,2,237,0,239,209,0,209,448
01/24/2005,PAE,WA,ANM,WE,Towers with Radar,1,10,40,0,51,0,6,179,2,187,1,16,219,2,238,208,12,220,458
01/25/2005,PAE,WA,ANM,WE,Towers with Radar,5,27,52,0,84,2,15,126,1,144,7,42,178,1,228,180,6,186,414
01/26/2005,PAE,WA,ANM,WE,Towers with Radar,2,7,59,5,73,0,8,68,0,76,2,15,127,5,149,214,6,220,369
01/27/2005,PAE,WA,ANM,WE,Towers with Radar,3,19,66,0,88,3,6,99,3,111,6,25,165,3,199,158,6,164,363
01/28/2005,PAE,WA,ANM,WE,Towers with Radar,3,6,61,0,70,0,2,163,2,167,3,8,224,2,237,314,24,338,575
01/29/2005,PAE,WA,ANM,WE,Towers with Radar,7,0,81,0,88,1,2,129,0,132,8,2,210,0,220,208,0,208,428
01/30/2005,PAE,WA,ANM,WE,Towers with Radar,2,2,62,4,70,0,0,150,0,150,2,2,212,4,220,337,0,337,557
01/31/2005,PAE,WA,ANM,WE,Towers with Radar,4,2,34,0,40,0,7,87,0,94,4,9,121,0,134,148,0,148,282
02/01/2005,PAE,WA,ANM,WE,Towers with Radar,5,4,44,2,55,4,0,168,3,175,9,4,212,5,230,156,0,156,386
02/02/2005,PAE,WA,ANM,WE,Towers with Radar,1,12,64,8,85,0,4,218,0,222,1,16,282,8,307,399,0,399,706
02/03/2005,PAE,WA,ANM,WE,Towers with Radar,7,14,49,4,74,0,0,88,0,88,7,14,137,4,162,176,0,176,338
02/04/2005,PAE,WA,ANM,WE,Towers with Radar,9,6,30,2,47,0,0,22,0,22,9,6,52,2,69,28,0,28,97
02/05/2005,PAE,WA,ANM,WE,Towers with Radar,2,0,47,0,49,0,0,140,1,141,2,0,187,1,190,246,0,246,436
02/06/2005,PAE,WA,ANM,WE,Towers with Radar,0,2,3,0,5,0,0,10,2,12,0,2,13,2,17,61,0,61,78
02/07/2005,PAE,WA,ANM,WE,Towers with Radar,9,8,40,1,58,0,5,160,2,167,9,13,200,3,225,220,0,220,445
02/08/2005,PAE,WA,ANM,WE,Towers with Radar,5,4,60,0,69,1,5,183,0,189,6,9,243,0,258,242,0,242,500
02/09/2005,PAE,WA,ANM,WE,Towers with Radar,6,17,37,11,71,6,2,179,3,190,12,19,216,14,261,299,8,307,568
02/10/2005,PAE,WA,ANM,WE,Towers with Radar,4,7,46,6,63,0,3,143,0,146,4,10,189,6,209,171,0,171,380
02/11/2005,PAE,WA,ANM,WE,Towers with Radar,8,25,65,0,98,4,20,223,0,247,12,45,288,0,345,302,0,302,647
02/12/2005,PAE,WA,ANM,WE,Towers with Radar,6,4,52,5,67,2,0,14,0,16,8,4,66,5,83,2,0,2,85
02/13/2005,PAE,WA,ANM,WE,Towers with Radar,5,6,48,0,59,0,5,149,4,158,5,11,197,4,217,275,0,275,492
02/14/2005,PAE,WA,ANM,WE,Towers with Radar,2,2,31,0,35,0,3,68,4,75,2,5,99,4,110,132,0,132,242
02/15/2005,PAE,WA,ANM,WE,Towers with Radar,7,4,87,6,104,3,0,197,0,200,10,4,284,6,304,168,0,168,472
02/16/2005,PAE,WA,ANM,WE,Towers with Radar,2,4,94,4,104,0,4,259,0,263,2,8,353,4,367,360,0,360,727
02/17/2005,PAE,WA,ANM,WE,Towers with Radar,5,7,63,2,77,0,8,179,3,190,5,15,242,5,267,165,1,166,433
02/18/2005,PAE,WA,ANM,WE,Towers with Radar,11,3,47,0,61,0,6,163,0,169,11,9,210,0,230,122,0,122,352
02/19/2005,PAE,WA,ANM,WE,Towers with Radar,3,6,39,0,48,0,8,257,0,265,3,14,296,0,313,212,0,212,525
02/20/2005,PAE,WA,ANM,WE,Towers with Radar,3,3,41,0,47,2,0,211,0,213,5,3,252,0,260,280,0,280,540
02/21/2005,PAE,WA,ANM,WE,Towers with Radar,1,10,75,0,86,0,10,202,0,212,1,20,277,0,298,274,3,277,575
02/22/2005,PAE,WA,ANM,WE,Towers with Radar,4,2,53,0,59,0,6,188,0,194,4,8,241,0,253,204,0,204,457
02/23/2005,PAE,WA,ANM,WE,Towers with Radar,8,18,38,0,64,2,4,124,3,133,10,22,162,3,197,180,0,180,377
02/24/2005,PAE,WA,ANM,WE,Towers with Radar,2,17,34,0,53,1,1,121,2,125,3,18,155,2,178,144,0,144,322
02/25/2005,PAE,WA,ANM,WE,Towers with Radar,5,13,73,3,94,2,0,85,0,87,7,13,158,3,181,124,0,124,305
02/26/2005,PAE,WA,ANM,WE,Towers with Radar,2,2,37,0,41,0,0,187,0,187,2,2,224,0,228,245,0,245,473
02/27/2005,PAE,WA,ANM,WE,Towers with Radar,3,0,35,0,38,0,0,257,0,257,3,0,292,0,295,297,0,297,592
02/28/2005,PAE,WA,ANM,WE,Towers with Radar,3,7,67,0,77,2,6,58,0,66,5,13,125,0,143,110,0,110,253
03/01/2005,PAE,WA,ANM,WE,Towers with Radar,11,7,42,0,60,1,5,120,2,128,12,12,162,2,188,232,0,232,420
03/02/2005,PAE,WA,ANM,WE,Towers with Radar,9,4,44,2,59,0,3,82,2,87,9,7,126,4,146,90,0,90,236
03/03/2005,PAE,WA,ANM,WE,Towers with Radar,0,16,66,4,86,0,0,158,1,159,0,16,224,5,245,180,4,184,429
03/04/2005,PAE,WA,ANM,WE,Towers with Radar,4,4,62,0,70,1,0,130,0,131,5,4,192,0,201,194,0,194,395
03/05/2005,PAE,WA,ANM,WE,Towers with Radar,2,0,43,0,45,0,0,229,1,230,2,0,272,1,275,199,0,199,474
03/06/2005,PAE,WA,ANM,WE,Towers with Radar,2,0,39,0,41,0,2,263,0,265,2,2,302,0,306,306,0,306,612
03/07/2005,PAE,WA,ANM,WE,Towers with Radar,1,1,53,5,60,5,5,129,3,142,6,6,182,8,202,152,0,152,354
03/08/2005,PAE,WA,ANM,WE,Towers with Radar,13,3,33,0,49,0,1,176,4,181,13,4,209,4,230,282,0,282,512
03/09/2005,PAE,WA,ANM,WE,Towers with Radar,3,11,86,8,108,1,1,39,0,41,4,12,125,8,149,61,2,63,212
03/10/2005,PAE,WA,ANM,WE,Towers with Radar,6,9,76,0,91,0,2,152,0,154,6,11,228,0,245,246,0,246,491
03/11/2005,PAE,WA,ANM,WE,Towers with Radar,5,2,48,6,61,0,2,132,0,134,5,4,180,6,195,107,0,107,302
03/12/2005,PAE,WA,ANM,WE,Towers with Radar,1,1,57,0,59,0,0,244,0,244,1,1,301,0,303,240,0,240,543
03/13/2005,PAE,WA,ANM,WE,Towers with Radar,6,0,40,0,46,4,0,230,0,234,10,0,270,0,280,210,0,210,490
03/14/2005,PAE,WA,ANM,WE,Towers with Radar,5,6,14,0,25,1,14,231,0,246,6,20,245,0,271,284,0,284,555
03/15/2005,PAE,WA,ANM,WE,Towers with Radar,0,10,42,16,68,15,3,159,4,181,15,13,201,20,249,271,8,279,528
03/16/2005,PAE,WA,ANM,WE,Towers with Radar,3,8,15,0,26,1,4,15,0,20,4,12,30,0,46,22,0,22,68
03/17/2005,PAE,WA,ANM,WE,Towers with Radar,7,9,59,0,75,0,0,224,18,242,7,9,283,18,317,283,0,283,600
03/18/2005,PAE,WA,ANM,WE,Towers with Radar,16,7,65,0,88,0,5,136,0,141,16,12,201,0,229,197,0,197,426
03/19/2005,PAE,WA,ANM,WE,Towers with Radar,1,0,49,2,52,2,0,62,3,67,3,0,111,5,119,201,0,201,320
03/20/2005,PAE,WA,ANM,WE,Towers with Radar,4,0,24,0,28,1,0,40,0,41,5,0,64,0,69,50,0,50,119
03/21/2005,PAE,WA,ANM,WE,Towers with Radar,17,2,44,2,65,1,3,109,1,114,18,5,153,3,179,278,0,278,457
03/22/2005,PAE,WA,ANM,WE,Towers with Radar,3,4,66,2,75,0,2,196,5,203,3,6,262,7,278,204,4,208,486
03/23/2005,PAE,WA,ANM,WE,Towers with Radar,6,6,33,0,45,0,4,183,0,187,6,10,216,0,232,301,0,301,533
03/24/2005,PAE,WA,ANM,WE,Towers with Radar,6,4,67,0,77,0,5,191,0,196,6,9,258,0,273,227,0,227,500
03/25/2005,PAE,WA,ANM,WE,Towers with Radar,14,5,64,5,88,0,7,236,2,245,14,12,300,7,333,300,0,300,633
03/26/2005,PAE,WA,ANM,WE,Towers with Radar,10,2,44,0,56,1,1,6,0,8,11,3,50,0,64,0,0,0,64
03/27/2005,PAE,WA,ANM,WE,Towers with Radar,5,6,44,0,55,0,0,5,0,5,5,6,49,0,60,0,0,0,60
03/28/2005,PAE,WA,ANM,WE,Towers with Radar,5,10,10,0,25,0,7,20,0,27,5,17,30,0,52,18,0,18,70
03/29/2005,PAE,WA,ANM,WE,Towers with Radar,10,4,6,0,20,0,6,54,0,60,10,10,60,0,80,6,0,6,86
03/30/2005,PAE,WA,ANM,WE,Towers with Radar,3,5,56,0,64,1,3,206,0,210,4,8,262,0,274,396,0,396,670
03/31/2005,PAE,WA,ANM,WE,Towers with Radar,6,6,58,0,70,2,1,113,2,118,8,7,171,2,188,115,0,115,303
04/01/2005,PAE,WA,ANM,WE,Towers with Radar,10,10,26,0,46,0,6,37,0,43,10,16,63,0,89,58,0,58,147
04/02/2005,PAE,WA,ANM,WE,Towers with Radar,4,0,52,6,62,0,0,106,3,109,4,0,158,9,171,297,0,297,468
04/03/2005,PAE,WA,ANM,WE,Towers with Radar,4,0,33,0,37,0,0,26,0,26,4,0,59,0,63,38,0,38,101
04/04/2005,PAE,WA,ANM,WE,Towers with Radar,4,24,28,0,56,0,10,89,4,103,4,34,117,4,159,190,0,190,349
04/05/2005,PAE,WA,ANM,WE,Towers with Radar,16,7,23,1,47,0,1,115,1,117,16,8,138,2,164,203,0,203,367
04/06/2005,PAE,WA,ANM,WE,Towers with Radar,3,15,34,0,52,0,4,183,2,189,3,19,217,2,241,297,0,297,538
04/07/2005,PAE,WA,ANM,WE,Towers with Radar,3,4,45,0,52,0,0,24,0,24,3,4,69,0,76,36,0,36,112
04/08/2005,PAE,WA,ANM,WE,Towers with Radar,11,3,55,0,69,1,3,182,0,186,12,6,237,0,255,162,0,162,417
04/09/2005,PAE,WA,ANM,WE,Towers with Radar,7,0,45,2,54,3,0,274,0,277,10,0,319,2,331,336,0,336,667
04/10/2005,PAE,WA,ANM,WE,Towers with Radar,0,0,34,0,34,0,0,141,0,141,0,0,175,0,175,242,0,242,417
04/11/2005,PAE,WA,ANM,WE,Towers with Radar,5,10,14,10,39,0,1,70,4,75,5,11,84,14,114,58,6,64,178
04/12/2005,PAE,WA,ANM,WE,Towers with Radar,12,4,42,2,60,0,3,65,0,68,12,7,107,2,128,64,0,64,192
04/13/2005,PAE,WA,ANM,WE,Towers with Radar,10,15,24,3,52,6,8,145,0,159,16,23,169,3,211,239,0,239,450
04/14/2005,PAE,WA,ANM,WE,Towers with Radar,5,10,52,0,67,0,0,103,0,103,5,10,155,0,170,117,0,117,287
04/15/2005,PAE,WA,ANM,WE,Towers with Radar,13,25,53,0,91,0,11,55,1,67,13,36,108,1,158,131,0,131,289
04/16/2005,PAE,WA,ANM,WE,Towers with Radar,1,3,48,0,52,0,0,53,0,53,1,3,101,0,105,51,0,51,156
04/17/2005,PAE,WA,ANM,WE,Towers with Radar,10,0,61,0,71,0,0,107,1,108,10,0,168,1,179,140,0,140,319
04/18/2005,PAE,WA,ANM,WE,Towers with Radar,8,23,53,0,84,1,10,139,0,150,9,33,192,0,234,288,0,288,522
04/19/2005,PAE,WA,ANM,WE,Towers with Radar,13,9,75,4,101,0,1,317,2,320,13,10,392,6,421,488,0,488,909
04/20/2005,PAE,WA,ANM,WE,Towers with Radar,3,5,45,2,55,0,10,202,0,212,3,15,247,2,267,292,0,292,559
04/21/2005,PAE,WA,ANM,WE,Towers with Radar,8,4,89,0,101,0,0,139,0,139,8,4,228,0,240,234,0,234,474
04/22/2005,PAE,WA,ANM,WE,Towers with Radar,3,14,38,0,55,0,9,324,0,333,3,23,362,0,388,272,0,272,660
04/23/2005,PAE,WA,ANM,WE,Towers with Radar,1,2,88,0,91,0,1,348,1,350,1,3,436,1,441,337,0,337,778
04/24/2005,PAE,WA,ANM,WE,Towers with Radar,0,4,65,0,69,0,0,329,2,331,0,4,394,2,400,375,0,375,775
04/25/2005,PAE,WA,ANM,WE,Towers with Radar,10,5,50,0,65,0,0,172,0,172,10,5,222,0,237,293,0,293,530
04/26/2005,PAE,WA,ANM,WE,Towers with Radar,9,12,76,0,97,5,11,174,1,191,14,23,250,1,288,437,0,437,725
04/27/2005,PAE,WA,ANM,WE,Towers with Radar,2,9,31,1,43,0,6,116,1,123,2,15,147,2,166,200,0,200,366
04/28/2005,PAE,WA,ANM,WE,Towers with Radar,9,4,56,6,75,3,1,135,0,139,12,5,191,6,214,238,0,238,452
04/29/2005,PAE,WA,ANM,WE,Towers with Radar,17,10,58,0,85,0,8,88,0,96,17,18,146,0,181,112,0,112,293
04/30/2005,PAE,WA,ANM,WE,Towers with Radar,2,1,89,0,92,0,0,157,0,157,2,1,246,0,249,249,0,249,498
05/01/2005,PAE,WA,ANM,WE,Towers with Radar,0,2,44,1,47,1,1,281,4,287,1,3,325,5,334,313,0,313,647
05/02/2005,PAE,WA,ANM,WE,Towers with Radar,5,3,40,0,48,0,11,83,1,95,5,14,123,1,143,270,0,270,413
05/03/2005,PAE,WA,ANM,WE,Towers with Radar,14,4,70,0,88,0,4,135,0,139,14,8,205,0,227,246,0,246,473
05/04/2005,PAE,WA,ANM,WE,Towers with Radar,2,5,59,0,66,0,2,104,0,106,2,7,163,0,172,366,0,366,538
05/05/2005,PAE,WA,ANM,WE,Towers with Radar,5,11,43,0,59,0,13,129,0,142,5,24,172,0,201,188,0,188,389
05/06/2005,PAE,WA,ANM,WE,Towers with Radar,9,3,51,0,63,1,4,104,2,111,10,7,155,2,174,360,0,360,534
05/07/2005,PAE,WA,ANM,WE,Towers with Radar,4,0,45,4,53,0,3,224,0,227,4,3,269,4,280,302,0,302,582
05/08/2005,PAE,WA,ANM,WE,Towers with Radar,3,0,34,0,37,0,0,133,2,135,3,0,167,2,172,262,0,262,434
05/09/2005,PAE,WA,ANM,WE,Towers with Radar,23,9,62,2,96,0,6,35,0,41,23,15,97,2,137,37,0,37,174
05/10/2005,PAE,WA,ANM,WE,Towers with Radar,2,25,72,0,99,1,2,210,2,215,3,27,282,2,314,334,0,334,648
05/11/2005,PAE,WA,ANM,WE,Towers with Radar,1,8,49,0,58,1,4,150,0,155,2,12,199,0,213,290,0,290,503
05/12/2005,PAE,WA,ANM,WE,Towers with Radar,3,10,58,0,71,3,1,168,0,172,6,11,226,0,243,286,0,286,529
05/13/2005,PAE,WA,ANM,WE,Towers with Radar,11,4,59,2,76,0,4,199,1,204,11,8,258,3,280,132,0,132,412
05/14/2005,PAE,WA,ANM,WE,Towers with Radar,0,4,49,0,53,0,0,100,0,100,0,4,149,0,153,107,0,107,260
05/15/2005,PAE,WA,ANM,WE,Towers with Radar,2,4,62,1,69,0,0,38,1,39,2,4,100,2,108,61,0,61,169
05/16/2005,PAE,WA,ANM,WE,Towers with Radar,1,5,31,2,39,2,9,51,2,64,3,14,82,4,103,152,0,152,255
05/17/2005,PAE,WA,ANM,WE,Towers with Radar,12,9,79,3,103,0,11,113,0,124,12,20,192,3,227,196,0,196,423
05/18/2005,PAE,WA,ANM,WE,Towers with Radar,0,15,39,0,54,1,4,56,0,61,1,19,95,0,115,114,0,114,229
05/19/2005,PAE,WA,ANM,WE,Towers with Radar,2,4,38,0,44,1,3,51,0,55,3,7,89,0,99,38,0,38,137
05/20/2005,PAE,WA,ANM,WE,Towers with Radar,3,11,34,2,50,0,0,67,0,67,3,11,101,2,117,110,2,112,229
05/21/2005,PAE,WA,ANM,WE,Towers with Radar,1,0,35,0,36,0,0,643,0,643,1,0,678,0,679,277,0,277,956
05/22/2005,PAE,WA,ANM,WE,Towers with Radar,0,0,27,0,27,0,0,68,1,69,0,0,95,1,96,54,0,54,150
05/23/2005,PAE,WA,ANM,WE,Towers with Radar,11,11,87,0,109,1,8,178,0,187,12,19,265,0,296,255,0,255,551
05/24/2005,PAE,WA,ANM,WE,Towers with Radar,18,19,57,2,96,2,7,235,9,253,20,26,292,11,349,337,0,337,686
05/25/2005,PAE,WA,ANM,WE,Towers with Radar,7,15,57,0,79,0,0,289,0,289,7,15,346,0,368,300,0,300,668
05/26/2005,PAE,WA,ANM,WE,Towers with Radar,11,10,39,0,60,0,0,230,0,230,11,10,269,0,290,288,0,288,578
05/27/2005,PAE,WA,ANM,WE,Towers with Radar,2,12,64,0,78,0,1,258,0,259,2,13,322,0,337,258,1,259,596
05/28/2005,PAE,WA,ANM,WE,Towers with Radar,4,0,43,1,48,0,2,280,1,283,4,2,323,2,331,311,0,311,642
05/29/2005,PAE,WA,ANM,WE,Towers with Radar,3,0,61,0,64,0,0,113,0,113,3,0,174,0,177,206,0,206,383
05/30/2005,PAE,WA,ANM,WE,Towers with Radar,8,0,105,0,113,0,12,141,0,153,8,12,246,0,266,236,0,236,502
05/31/2005,PAE,WA,ANM,WE,Towers with Radar,18,13,47,3,81,0,8,23,2,33,18,21,70,5,114,24,20,44,158
06/01/2005,PAE,WA,ANM,WE,Towers with Radar,8,7,52,1,68,0,4,69,5,78,8,11,121,6,146,133,0,133,279
06/02/2005,PAE,WA,ANM,WE,Towers with Radar,6,10,118,0,134,6,1,141,0,148,12,11,259,0,282,340,0,340,622
06/03/2005,PAE,WA,ANM,WE,Towers with Radar,7,4,65,1,77,0,2,89,0,91,7,6,154,1,168,22,4,26,194
06/04/2005,PAE,WA,ANM,WE,Towers with Radar,0,1,51,0,52,0,0,170,1,171,0,1,221,1,223,325,0,325,548
06/05/2005,PAE,WA,ANM,WE,Towers with Radar,5,5,36,0,46,0,1,63,0,64,5,6,99,0,110,147,0,147,257
06/06/2005,PAE,WA,ANM,WE,Towers with Radar,8,5,27,0,40,4,3,168,0,175,12,8,195,0,215,308,0,308,523
06/07/2005,PAE,WA,ANM,WE,Towers with Radar,16,4,56,0,76,22,12,118,0,152,38,16,174,0,228,316,0,316,544
06/08/2005,PAE,WA,ANM,WE,Towers with Radar,7,11,74,0,92,3,0,25,0,28,10,11,99,0,120,24,0,24,144
06/09/2005,PAE,WA,ANM,WE,Towers with Radar,5,10,56,0,71,4,6,350,3,363,9,16,406,3,434,356,0,356,790
06/10/2005,PAE,WA,ANM,WE,Towers with Radar,6,12,44,0,62,4,5,154,0,163,10,17,198,0,225,276,0,276,501
06/11/2005,PAE,WA,ANM,WE,Towers with Radar,5,0,57,0,62,0,0,24,2,26,5,0,81,2,88,56,0,56,144
06/12/2005,PAE,WA,ANM,WE,Towers with Radar,1,0,30,0,31,0,0,255,1,256,1,0,285,1,287,219,0,219,506
06/13/2005,PAE,WA,ANM,WE,Towers with Radar,6,2,43,0,51,1,4,114,0,119,7,6,157,0,170,154,0,154,324
06/14/2005,PAE,WA,ANM,WE,Towers with Radar,12,14,71,1,98,1,0,129,0,130,13,14,200,1,228,240,0,240,468
06/15/2005,PAE,WA,ANM,WE,Towers with Radar,0,17,44,0,61,0,3,141,0,144,0,20,185,0,205,178,0,178,383
06/16/2005,PAE,WA,ANM,WE,Towers with Radar,1,6,44,0,51,0,0,154,7,161,1,6,198,7,212,186,0,186,398
06/17/2005,PAE,WA,ANM,WE,Towers with Radar,18,5,46,0,69,0,0,191,0,191,18,5,237,0,260,258,0,258,518
06/18/2005,PAE,WA,ANM,WE,Towers with Radar,1,0,46,0,47,0,2,199,0,201,1,2,245,0,248,236,1,237,485
06/19/2005,PAE,WA,ANM,WE,Towers with Radar,1,6,60,0,67,1,3,268,0,272,2,9,328,0,339,236,0,236,575
06/20/2005,PAE,WA,ANM,WE,Towers with Radar,4,2,34,0,40,0,5,188,1,194,4,7,222,1,234,208,0,208,442
06/21/2005,PAE,WA,ANM,WE,Towers with Radar,1,17,33,4,55,0,3,105,1,109,1,20,138,5,164,76,0,76,240
06/22/2005,PAE,WA,ANM,WE,Towers with Radar,3,10,86,0,99,0,2,12,0,14,3,12,98,0,113,0,0,0,113
06/23/2005,PAE,WA,ANM,WE,Towers with Radar,8,7,42,0,57,7,2,231,2,242,15,9,273,2,299,282,0,282,581
06/24/2005,PAE,WA,ANM,WE,Towers with Radar,5,3,40,0,48,0,7,245,3,255,5,10,285,3,303,222,0,222,525
06/25/2005,PAE,WA,ANM,WE,Towers with Radar,4,0,71,4,79,0,3,165,0,168,4,3,236,4,247,306,0,306,553
06/26/2005,PAE,WA,ANM,WE,Towers with Radar,1,0,79,0,80,0,0,138,2,140,1,0,217,2,220,292,0,292,512
06/27/2005,PAE,WA,ANM,WE,Towers with Radar,3,13,53,5,74,0,2,51,4,57,3,15,104,9,131,152,28,180,311
06/28/2005,PAE,WA,ANM,WE,Towers with Radar,5,16,77,0,98,0,8,70,0,78,5,24,147,0,176,230,0,230,406
06/29/2005,PAE,WA,ANM,WE,Towers with Radar,7,8,69,3,87,0,5,211,5,221,7,13,280,8,308,348,10,358,666
06/30/2005,PAE,WA,ANM,WE,Towers with Radar,12,13,37,0,62,1,1,234,1,237,13,14,271,1,299,261,0,261,560
07/01/2005,PAE,WA,ANM,WE,Towers with Radar,8,4,72,0,84,0,10,220,0,230,8,14,292,0,314,350,0,350,664
07/02/2005,PAE,WA,ANM,WE,Towers with Radar,3,2,50,0,55,0,2,139,0,141,3,4,189,0,196,222,0,222,418
07/03/2005,PAE,WA,ANM,WE,Towers with Radar,2,0,25,0,27,2,1,304,0,307,4,1,329,0,334,254,0,254,588
07/04/2005,PAE,WA,ANM,WE,Towers with Radar,0,0,22,0,22,0,0,219,0,219,0,0,241,0,241,87,0,87,328
07/05/2005,PAE,WA,ANM,WE,Towers with Radar,2,1,46,0,49,0,4,181,2,187,2,5,227,2,236,214,0,214,450
07/06/2005,PAE,WA,ANM,WE,Towers with Radar,4,4,75,4,87,1,5,72,0,78,5,9,147,4,165,150,0,150,315
07/07/2005,PAE,WA,ANM,WE,Towers with Radar,0,6,29,0,35,0,2,196,1,199,0,8,225,1,234,262,0,262,496
07/08/2005,PAE,WA,ANM,WE,Towers with Radar,3,17,99,1,120,0,1,2,0,3,3,18,101,1,123,12,0,12,135
07/09/2005,PAE,WA,ANM,WE,Towers with Radar,3,4,56,1,64,0,1,213,0,214,3,5,269,1,278,254,3,257,535
07/10/2005,PAE,WA,ANM,WE,Towers with Radar,4,0,56,8,68,0,0,168,1,169,4,0,224,9,237,232,0,232,469
07/11/2005,PAE,WA,ANM,WE,Towers with Radar,5,8,27,0,40,3,14,174,0,191,8,22,201,0,231,165,0,165,396
07/12/2005,PAE,WA,ANM,WE,Towers with Radar,5,16,76,0,97,2,6,205,1,214,7,22,281,1,311,318,0,318,629
07/13/2005,PAE,WA,ANM,WE,Towers with Radar,4,7,78,0,89,0,7,227,0,234,4,14,305,0,323,306,0,306,629
07/14/2005,PAE,WA,ANM,WE,Towers with Radar,2,8,40,0,50,0,0,265,0,265,2,8,305,0,315,248,0,248,563
07/15/2005,PAE,WA,ANM,WE,Towers with Radar,7,5,65,0,77,0,1,117,0,118,7,6,182,0,195,159,0,159,354
07/16/2005,PAE,WA,ANM,WE,Towers with Radar,0,3,81,0,84,0,0,136,0,136,0,3,217,0,220,254,0,254,474
07/17/2005,PAE,WA,ANM,WE,Towers with Radar,0,1,31,0,32,1,6,410,0,417,1,7,441,0,449,306,2,308,757
07/18/2005,PAE,WA,ANM,WE,Towers with Radar,10,3,50,0,63,10,5,288,2,305,20,8,338,2,368,246,4,250,618
07/19/2005,PAE,WA,ANM,WE,Towers with Radar,12,10,77,0,99,0,1,193,0,194,12,11,270,0,293,359,0,359,652
07/20/2005,PAE,WA,ANM,WE,Towers with Radar,6,8,65,0,79,0,1,244,0,245,6,9,309,0,324,385,0,385,709
07/21/2005,PAE,WA,ANM,WE,Towers with Radar,5,4,39,0,48,3,3,245,3,254,8,7,284,3,302,340,1,341,643
07/22/2005,PAE,WA,ANM,WE,Towers with Radar,6,18,38,0,62,1,4,151,0,156,7,22,189,0,218,122,0,122,340
07/23/2005,PAE,WA,ANM,WE,Towers with Radar,4,0,58,0,62,0,2,369,8,379,4,2,427,8,441,411,8,419,860
07/24/2005,PAE,WA,ANM,WE,Towers with Radar,4,2,53,0,59,0,4,227,4,235,4,6,280,4,294,263,6,269,563
07/25/2005,PAE,WA,ANM,WE,Towers with Radar,6,14,39,0,59,3,10,205,1,219,9,24,244,1,278,264,7,271,549
07/26/2005,PAE,WA,ANM,WE,Towers with Radar,6,4,33,0,43,1,1,223,3,228,7,5,256,3,271,307,3,310,581
07/27/2005,PAE,WA,ANM,WE,Towers with Radar,1,10,71,3,85,0,7,305,2,314,1,17,376,5,399,280,8,288,687
07/28/2005,PAE,WA,ANM,WE,Towers with Radar,4,5,43,0,52,0,3,193,4,200,4,8,236,4,252,232,0,232,484
07/29/2005,PAE,WA,ANM,WE,Towers with Radar,5,17,50,1,73,0,4,257,2,263,5,21,307,3,336,284,0,284,620
07/30/2005,PAE,WA,ANM,WE,Towers with Radar,2,2,48,0,52,0,7,372,0,379,2,9,420,0,431,307,0,307,738
07/31/2005,PAE,WA,ANM,WE,Towers with Radar,1,0,21,1,23,0,0,311,1,312,1,0,332,2,335,274,0,274,609
08/01/2005,PAE,WA,ANM,WE,Towers with Radar,3,9,75,2,89,2,5,202,0,209,5,14,277,2,298,325,0,325,623
08/02/2005,PAE,WA,ANM,WE,Towers with Radar,18,5,42,1,66,3,8,298,4,313,21,13,340,5,379,310,0,310,689
08/03/2005,PAE,WA,ANM,WE,Towers with Radar,3,7,57,0,67,1,3,203,0,207,4,10,260,0,274,284,0,284,558
08/04/2005,PAE,WA,ANM,WE,Towers with Radar,1,5,41,2,49,0,0,247,0,247,1,5,288,2,296,230,2,232,528
08/05/2005,PAE,WA,ANM,WE,Towers with Radar,5,4,54,0,63,1,5,303,0,309,6,9,357,0,372,210,0,210,582
08/06/2005,PAE,WA,ANM,WE,Towers with Radar,5,1,58,0,64,0,0,294,2,296,5,1,352,2,360,214,0,214,574
08/07/2005,PAE,WA,ANM,WE,Towers with Radar,1,3,65,0,69,0,0,255,0,255,1,3,320,0,324,257,0,257,581
08/08/2005,PAE,WA,ANM,WE,Towers with Radar,0,1,28,0,29,0,5,312,2,319,0,6,340,2,348,299,0,299,647
08/09/2005,PAE,WA,ANM,WE,Towers with Radar,1,4,28,0,33,0,1,167,0,168,1,5,195,0,201,352,0,352,553
08/10/2005,PAE,WA,ANM,WE,Towers with Radar,2,7,61,0,70,0,2,124,2,128,2,9,185,2,198,300,0,300,498
08/11/2005,PAE,WA,ANM,WE,Towers with Radar,2,4,63,0,69,0,2,163,0,165,2,6,226,0,234,303,0,303,537
08/12/2005,PAE,WA,ANM,WE,Towers with Radar,5,15,61,2,83,4,0,200,1,205,9,15,261,3,288,201,0,201,489
08/13/2005,PAE,WA,ANM,WE,Towers with Radar,4,1,80,0,85,0,0,260,0,260,4,1,340,0,345,200,0,200,545
08/14/2005,PAE,WA,ANM,WE,Towers with Radar,1,2,65,1,69,2,0,316,0,318,3,2,381,1,387,362,0,362,749
08/15/2005,PAE,WA,ANM,WE,Towers with Radar,3,9,52,2,66,0,6,196,0,202,3,15,248,2,268,274,0,274,542
08/16/2005,PAE,WA,ANM,WE,Towers with Radar,17,18,58,0,93,7,0,113,0,120,24,18,171,0,213,189,0,189,402
08/17/2005,PAE,WA,ANM,WE,Towers with Radar,11,7,46,2,66,0,6,50,0,56,11,13,96,2,122,206,0,206,328
08/18/2005,PAE,WA,ANM,WE,Towers with Radar,24,16,57,0,97,0,5,227,0,232,24,21,284,0,329,312,0,312,641
08/19/2005,PAE,WA,ANM,WE,Towers with Radar,8,4,52,0,64,1,10,293,7,311,9,14,345,7,375,254,0,254,629
08/20/2005,PAE,WA,ANM,WE,Towers with Radar,6,1,71,0,78,0,1,271,2,274,6,2,342,2,352,172,0,172,524
08/21/2005,PAE,WA,ANM,WE,Towers with Radar,5,1,37,0,43,0,1,302,0,303,5,2,339,0,346,273,0,273,619
08/22/2005,PAE,WA,ANM,WE,Towers with Radar,12,10,50,2,74,2,2,168,1,173,14,12,218,3,247,175,0,175,422
08/23/2005,PAE,WA,ANM,WE,Towers with Radar,3,7,61,0,71,1,0,215,3,219,4,7,276,3,290,196,0,196,486
08/24/2005,PAE,WA,ANM,WE,Towers with Radar,3,4,56,0,63,0,1,210,0,211,3,5,266,0,274,238,0,238,512
08/25/2005,PAE,WA,ANM,WE,Towers with Radar,11,5,55,0,71,0,4,228,0,232,11,9,283,0,303,322,0,322,625
08/26/2005,PAE,WA,ANM,WE,Towers with Radar,7,7,69,0,83,2,6,275,0,283,9,13,344,0,366,236,0,236,602
08/27/2005,PAE,WA,ANM,WE,Towers with Radar,5,0,78,1,84,0,0,216,0,216,5,0,294,1,300,228,0,228,528
08/28/2005,PAE,WA,ANM,WE,Towers with Radar,2,1,86,0,89,0,0,128,0,128,2,1,214,0,217,256,0,256,473
08/29/2005,PAE,WA,ANM,WE,Towers with Radar,2,4,37,2,45,0,6,95,0,101,2,10,132,2,146,180,0,180,326
08/30/2005,PAE,WA,ANM,WE,Towers with Radar,8,7,55,0,70,1,0,136,2,139,9,7,191,2,209,374,0,374,583
08/31/2005,PAE,WA,ANM,WE,Towers with Radar,6,7,69,0,82,1,6,170,5,182,7,13,239,5,264,410,0,410,674
09/01/2005,PAE,WA,ANM,WE,Towers with Radar,8,9,55,0,72,3,4,213,2,222,11,13,268,2,294,229,0,229,523
09/02/2005,PAE,WA,ANM,WE,Towers with Radar,4,8,56,0,68,0,3,216,0,219,4,11,272,0,287,202,0,202,489
09/03/2005,PAE,WA,ANM,WE,Towers with Radar,1,0,33,0,34,0,5,207,0,212,1,5,240,0,246,225,0,225,471
09/04/2005,PAE,WA,ANM,WE,Towers with Radar,0,1,67,1,69,0,2,105,0,107,0,3,172,1,176,179,0,179,355
09/05/2005,PAE,WA,ANM,WE,Towers with Radar,0,1,51,3,55,0,0,184,0,184,0,1,235,3,239,195,0,195,434
09/06/2005,PAE,WA,ANM,WE,Towers with Radar,2,12,42,0,56,0,5,179,2,186,2,17,221,2,242,250,0,250,492
09/07/2005,PAE,WA,ANM,WE,Towers with Radar,2,7,47,6,62,6,9,213,4,232,8,16,260,10,294,204,6,210,504
09/08/2005,PAE,WA,ANM,WE,Towers with Radar,3,3,64,1,71,0,18,224,1,243,3,21,288,2,314,216,0,216,530
09/09/2005,PAE,WA,ANM,WE,Towers with Radar,4,3,39,0,46,9,3,91,0,103,13,6,130,0,149,204,0,204,353
09/10/2005,PAE,WA,ANM,WE,Towers with Radar,4,0,57,8,69,1,0,134,0,135,5,0,191,8,204,280,0,280,484
09/11/2005,PAE,WA,ANM,WE,Towers with Radar,2,0,66,0,68,0,3,169,0,172,2,3,235,0,240,290,0,290,530
09/12/2005,PAE,WA,ANM,WE,Towers with Radar,2,8,32,0,42,0,6,115,0,121,2,14,147,0,163,265,0,265,428
09/13/2005,PAE,WA,ANM,WE,Towers with Radar,4,5,59,5,73,0,5,266,0,271,4,10,325,5,344,326,2,328,672
09/14/2005,PAE,WA,ANM,WE,Towers with Radar,1,5,59,0,65,0,5,171,0,176,1,10,230,0,241,233,0,233,474
09/15/2005,PAE,WA,ANM,WE,Towers with Radar,0,10,63,0,73,0,0,148,0,148,0,10,211,0,221,148,0,148,369
09/16/2005,PAE,WA,ANM,WE,Towers with Radar,4,6,62,0,72,0,6,76,1,83,4,12,138,1,155,137,0,137,292
09/17/2005,PAE,WA,ANM,WE,Towers with Radar,2,0,68,0,70,0,0,198,0,198,2,0,266,0,268,146,0,146,414
09/18/2005,PAE,WA,ANM,WE,Towers with Radar,1,2,80,0,83,0,2,294,4,300,1,4,374,4,383,380,2,382,765
09/19/2005,PAE,WA,ANM,WE,Towers with Radar,0,10,57,0,67,0,2,133,0,135,0,12,190,0,202,240,0,240,442
09/20/2005,PAE,WA,ANM,WE,Towers with Radar,0,4,45,0,49,0,2,187,2,191,0,6,232,2,240,272,0,272,512
09/21/2005,PAE,WA,ANM,WE,Towers with Radar,1,4,49,0,54,1,2,241,3,247,2,6,290,3,301,331,0,331,632
09/22/2005,PAE,WA,ANM,WE,Towers with Radar,2,16,66,0,84,0,3,227,0,230,2,19,293,0,314,346,0,346,660
09/23/2005,PAE,WA,ANM,WE,Towers with Radar,0,16,70,0,86,0,3,155,0,158,0,19,225,0,244,218,2,220,464
09/24/2005,PAE,WA,ANM,WE,Towers with Radar,2,0,34,0,36,0,0,185,0,185,2,0,219,0,221,212,0,212,433
09/25/2005,PAE,WA,ANM,WE,Towers with Radar,2,0,43,0,45,0,0,370,0,370,2,0,413,0,415,290,0,290,705
09/26/2005,PAE,WA,ANM,WE,Towers with Radar,2,4,29,2,37,0,9,193,0,202,2,13,222,2,239,239,0,239,478
09/27/2005,PAE,WA,ANM,WE,Towers with Radar,5,3,57,0,65,1,2,174,1,178,6,5,231,1,243,232,0,232,475
09/28/2005,PAE,WA,ANM,WE,Towers with Radar,3,3,78,0,84,1,5,173,0,179,4,8,251,0,263,240,0,240,503
09/29/2005,PAE,WA,ANM,WE,Towers with Radar,4,4,37,0,45,1,0,24,0,25,5,4,61,0,70,20,0,20,90
09/30/2005,PAE,WA,ANM,WE,Towers with Radar,5,3,37,3,48,0,1,55,3,59,5,4,92,6,107,176,0,176,283
10/01/2005,PAE,WA,ANM,WE,Towers with Radar,8,3,41,0,52,1,3,113,0,117,9,6,154,0,169,246,0,246,415
10/02/2005,PAE,WA,ANM,WE,Towers with Radar,3,0,40,2,45,0,0,57,0,57,3,0,97,2,102,80,0,80,182
10/03/2005,PAE,WA,ANM,WE,Towers with Radar,2,3,28,0,33,0,1,121,1,123,2,4,149,1,156,256,2,258,414
10/04/2005,PAE,WA,ANM,WE,Towers with Radar,0,3,70,0,73,0,3,122,0,125,0,6,192,0,198,152,0,152,350
10/05/2005,PAE,WA,ANM,WE,Towers with Radar,6,10,65,0,81,0,5,122,2,129,6,15,187,2,210,254,0,254,464
10/06/2005,PAE,WA,ANM,WE,Towers with Radar,2,18,68,0,88,0,1,67,0,68,2,19,135,0,156,128,0,128,284
10/07/2005,PAE,WA,ANM,WE,Towers with Radar,2,8,49,0,59,0,8,139,0,147,2,16,188,0,206,208,0,208,414
10/08/2005,PAE,WA,ANM,WE,Towers with Radar,2,2,65,0,69,0,1,115,3,119,2,3,180,3,188,173,0,173,361
10/09/2005,PAE,WA,ANM,WE,Towers with Radar,10,0,61,3,74,1,1,151,3,156,11,1,212,6,230,268,4,272,502
10/10/2005,PAE,WA,ANM,WE,Towers with Radar,13,2,56,2,73,7,0,99,0,106,20,2,155,2,179,99,0,99,278
10/11/2005,PAE,WA,ANM,WE,Towers with Radar,0,3,68,0,71,0,5,199,0,204,0,8,267,0,275,300,0,300,575
10/12/2005,PAE,WA,ANM,WE,Towers with Radar,6,6,54,0,66,0,3,91,2,96,6,9,145,2,162,102,0,102,264
10/13/2005,PAE,WA,ANM,WE,Towers with Radar,6,8,66,1,81,2,8,103,0,113,8,16,169,1,194,148,0,148,342
10/14/2005,PAE,WA,ANM,WE,Towers with Radar,5,5,55,4,69,0,0,144,1,145,5,5,199,5,214,195,0,195,409
10/15/2005,PAE,WA,ANM,WE,Towers with Radar,9,0,38,2,49,0,0,146,2,148,9,0,184,4,197,146,4,150,347
10/16/2005,PAE,WA,ANM,WE,Towers with Radar,1,0,77,0,78,0,0,63,0,63,1,0,140,0,141,160,0,160,301
10/17/2005,PAE,WA,ANM,WE,Towers with Radar,9,8,50,0,67,2,11,56,0,69,11,19,106,0,136,145,0,145,281
10/18/2005,PAE,WA,ANM,WE,Towers with Radar,0,8,33,0,41,0,0,0,0,0,0,8,33,0,41,0,0,0,41
10/19/2005,PAE,WA,ANM,WE,Towers with Radar,7,4,47,0,58,1,2,14,0,17,8,6,61,0,75,32,0,32,107
10/20/2005,PAE,WA,ANM,WE,Towers with Radar,10,4,58,0,72,0,4,180,0,184,10,8,238,0,256,290,0,290,546
10/21/2005,PAE,WA,ANM,WE,Towers with Radar,2,2,85,0,89,0,3,357,0,360,2,5,442,0,449,372,0,372,821
10/22/2005,PAE,WA,ANM,WE,Towers with Radar,5,8,48,0,61,5,1,294,0,300,10,9,342,0,361,362,0,362,723
10/23/2005,PAE,WA,ANM,WE,Towers with Radar,6,0,61,0,67,0,0,6,0,6,6,0,67,0,73,0,0,0,73
10/24/2005,PAE,WA,ANM,WE,Towers with Radar,4,10,88,2,104,0,3,123,0,126,4,13,211,2,230,218,0,218,448
10/25/2005,PAE,WA,ANM,WE,Towers with Radar,6,16,42,0,64,1,6,109,0,116,7,22,151,0,180,136,0,136,316
10/26/2005,PAE,WA,ANM,WE,Towers with Radar,2,8,36,0,46,0,4,153,0,157,2,12,189,0,203,279,0,279,482
10/27/2005,PAE,WA,ANM,WE,Towers with Radar,5,4,64,0,73,1,2,161,0,164,6,6,225,0,237,268,0,268,505
10/28/2005,PAE,WA,ANM,WE,Towers with Radar,4,5,38,1,48,0,0,70,1,71,4,5,108,2,119,51,0,51,170
10/29/2005,PAE,WA,ANM,WE,Towers with Radar,6,1,57,0,64,8,1,108,1,118,14,2,165,1,182,271,0,271,453
10/30/2005,PAE,WA,ANM,WE,Towers with Radar,5,1,38,0,44,0,1,160,0,161,5,2,198,0,205,248,0,248,453
10/31/2005,PAE,WA,ANM,WE,Towers with Radar,4,5,21,8,38,1,7,11,0,19,5,12,32,8,57,18,0,18,75
11/01/2005,PAE,WA,ANM,WE,Towers with Radar,1,3,25,0,29,1,1,9,0,11,2,4,34,0,40,21,0,21,61
11/02/2005,PAE,WA,ANM,WE,Towers with Radar,10,5,57,2,74,9,4,107,2,122,19,9,164,4,196,214,0,214,410
11/03/2005,PAE,WA,ANM,WE,Towers with Radar,2,10,28,0,40,0,2,15,0,17,2,12,43,0,57,42,0,42,99
11/04/2005,PAE,WA,ANM,WE,Towers with Radar,8,5,20,0,33,0,0,13,0,13,8,5,33,0,46,16,0,16,62
11/05/2005,PAE,WA,ANM,WE,Towers with Radar,2,0,16,0,18,0,0,13,0,13,2,0,29,0,31,8,0,8,39
11/06/2005,PAE,WA,ANM,WE,Towers with Radar,2,1,77,10,90,0,0,128,2,130,2,1,205,12,220,199,0,199,419
11/07/2005,PAE,WA,ANM,WE,Towers with Radar,12,5,34,6,57,0,13,75,0,88,12,18,109,6,145,148,0,148,293
11/08/2005,PAE,WA,ANM,WE,Towers with Radar,10,9,43,0,62,0,6,101,2,109,10,15,144,2,171,208,0,208,379
11/09/2005,PAE,WA,ANM,WE,Towers with Radar,2,6,36,4,48,0,8,164,2,174,2,14,200,6,222,232,6,238,460
11/10/2005,PAE,WA,ANM,WE,Towers with Radar,5,8,24,1,38,0,3,2,1,6,5,11,26,2,44,26,2,28,72
11/11/2005,PAE,WA,ANM,WE,Towers with Radar,2,4,33,0,39,0,0,15,0,15,2,4,48,0,54,47,0,47,101
11/12/2005,PAE,WA,ANM,WE,Towers with Radar,4,0,54,0,58,0,0,117,0,117,4,0,171,0,175,210,0,210,385
11/13/2005,PAE,WA,ANM,WE,Towers with Radar,3,1,46,1,51,0,0,16,0,16,3,1,62,1,67,92,0,92,159
11/14/2005,PAE,WA,ANM,WE,Towers with Radar,2,3,52,0,57,0,9,164,0,173,2,12,216,0,230,259,0,259,489
11/15/2005,PAE,WA,ANM,WE,Towers with Radar,6,5,46,0,57,0,1,155,0,156,6,6,201,0,213,287,0,287,500
11/16/2005,PAE,WA,ANM,WE,Towers with Radar,6,12,67,2,87,0,0,118,0,118,6,12,185,2,205,198,0,198,403
11/17/2005,PAE,WA,ANM,WE,Towers with Radar,1,13,64,0,78,0,1,59,0,60,1,14,123,0,138,71,0,71,209
11/18/2005,PAE,WA,ANM,WE,Towers with Radar,4,4,30,0,38,0,1,26,0,27,4,5,56,0,65,34,0,34,99
11/19/2005,PAE,WA,ANM,WE,Towers with Radar,1,6,32,2,41,0,0,7,0,7,1,6,39,2,48,0,0,0,48
11/20/2005,PAE,WA,ANM,WE,Towers with Radar,0,0,3,0,3,0,0,0,0,0,0,0,3,0,3,0,0,0,3
11/21/2005,PAE,WA,ANM,WE,Towers with Radar,2,4,17,0,23,0,0,1,0,1,2,4,18,0,24,0,0,0,24
11/22/2005,PAE,WA,ANM,WE,Towers with Radar,0,0,17,2,19,0,0,0,0,0,0,0,17,2,19,0,0,0,19
11/23/2005,PAE,WA,ANM,WE,Towers with Radar,13,8,48,4,73,2,0,69,0,71,15,8,117,4,144,114,0,114,258
11/24/2005,PAE,WA,ANM,WE,Towers with Radar,0,1,26,0,27,0,3,72,0,75,0,4,98,0,102,112,0,112,214
11/25/2005,PAE,WA,ANM,WE,Towers with Radar,6,10,16,0,32,0,0,12,0,12,6,10,28,0,44,6,0,6,50
11/26/2005,PAE,WA,ANM,WE,Towers with Radar,0,0,58,0,58,0,0,404,2,406,0,0,462,2,464,494,0,494,958
11/27/2005,PAE,WA,ANM,WE,Towers with Radar,2,3,43,0,48,0,1,101,0,102,2,4,144,0,150,153,0,153,303
11/28/2005,PAE,WA,ANM,WE,Towers with Radar,0,5,44,4,53,0,6,97,0,103,0,11,141,4,156,0,0,0,156
11/29/2005,PAE,WA,ANM,WE,Towers with Radar,4,18,19,0,41,1,0,23,0,24,5,18,42,0,65,40,0,40,105
11/30/2005,PAE,WA,ANM,WE,Towers with Radar,10,5,30,0,45,0,3,73,0,76,10,8,103,0,121,110,0,110,231
12/01/2005,PAE,WA,ANM,WE,Towers with Radar,7,7,26,1,41,0,1,29,0,30,7,8,55,1,71,14,0,14,85
12/02/2005,PAE,WA,ANM,WE,Towers with Radar,4,2,21,0,27,0,2,38,0,40,4,4,59,0,67,28,0,28,95
12/03/2005,PAE,WA,ANM,WE,Towers with Radar,2,0,18,0,20,0,0,16,0,16,2,0,34,0,36,82,0,82,118
12/04/2005,PAE,WA,ANM,WE,Towers with Radar,0,0,38,0,38,0,1,144,1,146,0,1,182,1,184,267,0,267,451
12/05/2005,PAE,WA,ANM,WE,Towers with Radar,4,6,21,0,31,0,3,49,0,52,4,9,70,0,83,71,0,71,154
12/06/2005,PAE,WA,ANM,WE,Towers with Radar,7,17,61,5,90,1,1,67,0,69,8,18,128,5,159,184,0,184,343
12/07/2005,PAE,WA,ANM,WE,Towers with Radar,10,8,66,2,86,0,1,130,0,131,10,9,196,2,217,284,0,284,501
12/08/2005,PAE,WA,ANM,WE,Towers with Radar,3,4,62,0,69,2,0,229,4,235,5,4,291,4,304,232,2,234,538
12/09/2005,PAE,WA,ANM,WE,Towers with Radar,6,3,41,2,52,3,6,346,0,355,9,9,387,2,407,286,0,286,693
12/10/2005,PAE,WA,ANM,WE,Towers with Radar,4,4,74,0,82,2,0,316,1,319,6,4,390,1,401,414,0,414,815
12/11/2005,PAE,WA,ANM,WE,Towers with Radar,0,2,33,0,35,0,3,80,0,83,0,5,113,0,118,99,0,99,217
12/12/2005,PAE,WA,ANM,WE,Towers with Radar,5,7,44,0,56,2,2,51,0,55,7,9,95,0,111,100,0,100,211
12/13/2005,PAE,WA,ANM,WE,Towers with Radar,11,8,45,0,64,9,0,64,0,73,20,8,109,0,137,139,2,141,278
12/14/2005,PAE,WA,ANM,WE,Towers with Radar,13,3,44,0,60,0,5,132,0,137,13,8,176,0,197,189,0,189,386
12/15/2005,PAE,WA,ANM,WE,Towers with Radar,9,8,33,0,50,3,7,121,0,131,12,15,154,0,181,187,0,187,368
12/16/2005,PAE,WA,ANM,WE,Towers with Radar,9,6,65,2,82,6,0,226,1,233,15,6,291,3,315,298,0,298,613
12/17/2005,PAE,WA,ANM,WE,Towers with Radar,3,0,68,1,72,1,0,270,0,271,4,0,338,1,343,268,0,268,611
12/18/2005,PAE,WA,ANM,WE,Towers with Radar,8,0,28,0,36,0,1,128,0,129,8,1,156,0,165,74,0,74,239
12/19/2005,PAE,WA,ANM,WE,Towers with Radar,10,4,21,0,35,0,11,15,1,27,10,15,36,1,62,79,0,79,141
12/20/2005,PAE,WA,ANM,WE,Towers with Radar,11,6,54,0,71,2,1,77,0,80,13,7,131,0,151,132,0,132,283
12/21/2005,PAE,WA,ANM,WE,Towers with Radar,5,11,52,1,69,0,3,26,0,29,5,14,78,1,98,28,0,28,126
12/22/2005,PAE,WA,ANM,WE,Towers with Radar,8,6,28,0,42,2,4,29,0,35,10,10,57,0,77,6,0,6,83
12/23/2005,PAE,WA,ANM,WE,Towers with Radar,2,4,36,0,42,0,2,86,0,88,2,6,122,0,130,152,0,152,282
12/24/2005,PAE,WA,ANM,WE,Towers with Radar,3,0,7,0,10,0,6,20,0,26,3,6,27,0,36,0,0,0,36
12/25/2005,PAE,WA,ANM,WE,Towers with Radar,0,0,2,0,2,0,0,11,0,11,0,0,13,0,13,0,0,0,13
12/26/2005,PAE,WA,ANM,WE,Towers with Radar,0,0,39,0,39,0,2,36,0,38,0,2,75,0,77,40,0,40,117
12/27/2005,PAE,WA,ANM,WE,Towers with Radar,1,2,35,0,38,0,3,55,0,58,1,5,90,0,96,151,0,151,247
12/28/2005,PAE,WA,ANM,WE,Towers with Radar,0,4,34,14,52,0,2,28,0,30,0,6,62,14,82,68,56,124,206
12/29/2005,PAE,WA,ANM,WE,Towers with Radar,1,4,76,2,83,0,4,93,0,97,1,8,169,2,180,180,0,180,360
12/30/2005,PAE,WA,ANM,WE,Towers with Radar,1,4,40,0,45,0,2,20,0,22,1,6,60,0,67,42,0,42,109
12/31/2005,PAE,WA,ANM,WE,Towers with Radar,1,1,78,0,80,0,0,107,0,107,1,1,185,0,187,224,0,224,411
01/01/2006,PAE,WA,ANM,WE,Towers with Radar,0,0,10,0,10,0,0,16,0,16,0,0,26,0,26,21,0,21,47
01/02/2006,PAE,WA,ANM,WE,Towers with Radar,0,0,67,0,67,0,0,14,0,14,0,0,81,0,81,5,0,5,86
01/03/2006,PAE,WA,ANM,WE,Towers with Radar,4,4,32,0,40,1,4,47,0,52,5,8,79,0,92,109,0,109,201
01/04/2006,PAE,WA,ANM,WE,Towers with Radar,6,7,33,6,52,0,8,121,3,132,6,15,154,9,184,250,2,252,436
01/05/2006,PAE,WA,ANM,WE,Towers with Radar,4,8,52,0,64,0,0,26,0,26,4,8,78,0,90,8,0,8,98
01/06/2006,PAE,WA,ANM,WE,Towers with Radar,4,2,38,0,44,3,3,66,6,78,7,5,104,6,122,153,0,153,275
01/07/2006,PAE,WA,ANM,WE,Towers with Radar,1,0,27,2,30,0,0,30,1,31,1,0,57,3,61,46,0,46,107
01/08/2006,PAE,WA,ANM,WE,Towers with Radar,4,0,30,0,34,0,0,120,0,120,4,0,150,0,154,156,0,156,310
01/09/2006,PAE,WA,ANM,WE,Towers with Radar,2,7,29,0,38,2,0,6,0,8,4,7,35,0,46,0,0,0,46
01/10/2006,PAE,WA,ANM,WE,Towers with Radar,4,8,19,0,31,0,0,40,0,40,4,8,59,0,71,32,0,32,103
01/11/2006,PAE,WA,ANM,WE,Towers with Radar,4,11,19,0,34,0,2,38,0,40,4,13,57,0,74,32,0,32,106
01/12/2006,PAE,WA,ANM,WE,Towers with Radar,4,4,13,0,21,3,2,46,0,51,7,6,59,0,72,64,0,64,136
01/13/2006,PAE,WA,ANM,WE,Towers with Radar,7,4,44,0,55,0,2,45,0,47,7,6,89,0,102,86,0,86,188
01/14/2006,PAE,WA,ANM,WE,Towers with Radar,1,2,29,0,32,1,0,76,10,87,2,2,105,10,119,84,0,84,203
01/15/2006,PAE,WA,ANM,WE,Towers with Radar,0,2,38,0,40,0,0,213,0,213,0,2,251,0,253,262,0,262,515
01/16/2006,PAE,WA,ANM,WE,Towers with Radar,2,0,15,0,17,0,1,5,0,6,2,1,20,0,23,4,0,4,27
01/17/2006,PAE,WA,ANM,WE,Towers with Radar,10,2,41,0,53,2,14,112,0,128,12,16,153,0,181,232,0,232,413
01/18/2006,PAE,WA,ANM,WE,Towers with Radar,2,12,27,6,47,0,0,71,0,71,2,12,98,6,118,128,6,134,252
01/19/2006,PAE,WA,ANM,WE,Towers with Radar,7,15,35,0,57,0,4,58,0,62,7,19,93,0,119,116,0,116,235
01/20/2006,PAE,WA,ANM,WE,Towers with Radar,7,8,40,0,55,0,1,53,0,54,7,9,93,0,109,46,0,46,155
01/21/2006,PAE,WA,ANM,WE,Towers with Radar,7,1,84,0,92,1,0,25,0,26,8,1,109,0,118,0,0,0,118
01/22/2006,PAE,WA,ANM,WE,Towers with Radar,0,0,94,0,94,0,0,24,0,24,0,0,118,0,118,746,0,746,864
01/23/2006,PAE,WA,ANM,WE,Towers with Radar,9,8,42,0,59,0,8,16,0,24,9,16,58,0,83,0,0,0,83
01/24/2006,PAE,WA,ANM,WE,Towers with Radar,4,10,91,2,107,5,2,233,0,240,9,12,324,2,347,392,0,392,739
01/25/2006,PAE,WA,ANM,WE,Towers with Radar,6,11,25,0,42,0,0,77,0,77,6,11,102,0,119,60,0,60,179
01/26/2006,PAE,WA,ANM,WE,Towers with Radar,1,5,24,0,30,2,2,42,0,46,3,7,66,0,76,14,0,14,90
01/27/2006,PAE,WA,ANM,WE,Towers with Radar,14,15,32,0,61,0,2,49,0,51,14,17,81,0,112,88,0,88,200
01/28/2006,PAE,WA,ANM,WE,Towers with Radar,6,2,33,0,41,0,0,51,0,51,6,2,84,0,92,126,0,126,218
01/29/2006,PAE,WA,ANM,WE,Towers with Radar,5,1,43,0,49,0,0,37,0,37,5,1,80,0,86,62,0,62,148
01/30/2006,PAE,WA,ANM,WE,Towers with Radar,4,3,31,0,38,0,3,18,0,21,4,6,49,0,59,49,0,49,108
01/31/2006,PAE,WA,ANM,WE,Towers with Radar,12,10,24,2,48,1,0,21,0,22,13,10,45,2,70,16,0,16,86
02/01/2006,PAE,WA,ANM,WE,Towers with Radar,8,6,23,0,37,0,0,43,0,43,8,6,66,0,80,26,0,26,106
02/02/2006,PAE,WA,ANM,WE,Towers with Radar,4,6,35,0,45,3,0,51,0,54,7,6,86,0,99,39,0,39,138
02/03/2006,PAE,WA,ANM,WE,Towers with Radar,0,6,48,0,54,0,3,120,0,123,0,9,168,0,177,143,0,143,320
02/04/2006,PAE,WA,ANM,WE,Towers with Radar,1,1,1,0,3,0,2,2,0,4,1,3,3,0,7,0,0,0,7
02/05/2006,PAE,WA,ANM,WE,Towers with Radar,4,1,47,0,52,0,1,180,6,187,4,2,227,6,239,154,0,154,393
02/06/2006,PAE,WA,ANM,WE,Towers with Radar,4,5,39,0,48,1,6,197,2,206,5,11,236,2,254,314,0,314,568
02/07/2006,PAE,WA,ANM,WE,Towers with Radar,8,5,65,0,78,1,8,247,0,256,9,13,312,0,334,266,0,266,600
02/08/2006,PAE,WA,ANM,WE,Towers with Radar,6,3,62,2,73,1,4,173,0,178,7,7,235,2,251,188,0,188,439
02/09/2006,PAE,WA,ANM,WE,Towers with Radar,4,6,49,0,59,0,3,245,0,248,4,9,294,0,307,339,0,339,646
02/10/2006,PAE,WA,ANM,WE,Towers with Radar,9,2,35,0,46,1,3,204,0,208,10,5,239,0,254,304,0,304,558
02/11/2006,PAE,WA,ANM,WE,Towers with Radar,3,0,83,0,86,1,4,299,0,304,4,4,382,0,390,347,0,347,737
02/12/2006,PAE,WA,ANM,WE,Towers with Radar,2,0,61,1,64,0,0,232,0,232,2,0,293,1,296,123,0,123,419
02/13/2006,PAE,WA,ANM,WE,Towers with Radar,1,1,22,0,24,1,8,76,0,85,2,9,98,0,109,128,0,128,237
02/14/2006,PAE,WA,ANM,WE,Towers with Radar,14,5,24,0,43,3,2,55,0,60,17,7,79,0,103,110,0,110,213
02/15/2006,PAE,WA,ANM,WE,Towers with Radar,4,8,34,0,46,2,35,179,0,216,6,43,213,0,262,290,0,290,552
02/16/2006,PAE,WA,ANM,WE,Towers with Radar,7,3,46,2,58,0,4,137,2,143,7,7,183,4,201,286,0,286,487
02/17/2006,PAE,WA,ANM,WE,Towers with Radar,11,7,42,0,60,0,4,138,3,145,11,11,180,3,205,237,0,237,442
02/18/2006,PAE,WA,ANM,WE,Towers with Radar,10,0,69,0,79,0,0,294,0,294,10,0,363,0,373,263,0,263,636
02/19/2006,PAE,WA,ANM,WE,Towers with Radar,9,1,57,0,67,1,0,259,3,263,10,1,316,3,330,356,0,356,686
02/20/2006,PAE,WA,ANM,WE,Towers with Radar,5,0,34,0,39,0,1,104,0,105,5,1,138,0,144,220,0,220,364
02/21/2006,PAE,WA,ANM,WE,Towers with Radar,8,6,35,0,49,1,2,27,0,30,9,8,62,0,79,42,0,42,121
02/22/2006,PAE,WA,ANM,WE,Towers with Radar,11,6,20,2,39,1,0,70,0,71,12,6,90,2,110,79,2,81,191
02/23/2006,PAE,WA,ANM,WE,Towers with Radar,0,14,15,2,31,0,1,28,1,30,0,15,43,3,61,4,0,4,65
02/24/2006,PAE,WA,ANM,WE,Towers with Radar,5,16,53,4,78,0,1,201,1,203,5,17,254,5,281,384,0,384,665
02/25/2006,PAE,WA,ANM,WE,Towers with Radar,11,2,32,0,45,6,3,201,5,215,17,5,233,5,260,256,0,256,516
02/26/2006,PAE,WA,ANM,WE,Towers with Radar,2,2,42,3,49,4,0,99,0,103,6,2,141,3,152,125,0,125,277
02/27/2006,PAE,WA,ANM,WE,Towers with Radar,4,4,81,0,89,0,3,22,0,25,4,7,103,0,114,44,0,44,158
02/28/2006,PAE,WA,ANM,WE,Towers with Radar,4,4,41,6,55,0,3,15,0,18,4,7,56,6,73,36,0,36,109
03/01/2006,PAE,WA,ANM,WE,Towers with Radar,14,10,27,0,51,0,3,146,2,151,14,13,173,2,202,83,0,83,285
03/02/2006,PAE,WA,ANM,WE,Towers with Radar,3,4,66,0,73,0,2,64,0,66,3,6,130,0,139,72,0,72,211
03/03/2006,PAE,WA,ANM,WE,Towers with Radar,4,11,57,0,72,0,4,211,0,215,4,15,268,0,287,244,0,244,531
03/04/2006,PAE,WA,ANM,WE,Towers with Radar,3,0,65,2,70,0,0,308,2,310,3,0,373,4,380,334,0,334,714
03/05/2006,PAE,WA,ANM,WE,Towers with Radar,2,0,30,2,34,1,0,78,0,79,3,0,108,2,113,172,0,172,285
03/06/2006,PAE,WA,ANM,WE,Towers with Radar,4,1,16,0,21,1,8,14,0,23,5,9,30,0,44,0,0,0,44
03/07/2006,PAE,WA,ANM,WE,Towers with Radar,7,24,21,0,52,0,2,59,0,61,7,26,80,0,113,99,0,99,212
03/08/2006,PAE,WA,ANM,WE,Towers with Radar,6,8,16,0,30,0,1,3,0,4,6,9,19,0,34,0,0,0,34
03/09/2006,PAE,WA,ANM,WE,Towers with Radar,0,10,27,0,37,0,0,34,0,34,0,10,61,0,71,82,0,82,153
03/10/2006,PAE,WA,ANM,WE,Towers with Radar,4,6,59,0,69,2,1,145,0,148,6,7,204,0,217,210,0,210,427
03/11/2006,PAE,WA,ANM,WE,Towers with Radar,6,2,69,0,77,0,0,184,1,185,6,2,253,1,262,260,0,260,522
03/12/2006,PAE,WA,ANM,WE,Towers with Radar,0,1,44,0,45,0,1,351,0,352,0,2,395,0,397,284,0,284,681
03/13/2006,PAE,WA,ANM,WE,Towers with Radar,10,3,52,0,65,6,11,199,0,216,16,14,251,0,281,178,0,178,459
03/14/2006,PAE,WA,ANM,WE,Towers with Radar,11,9,58,0,78,5,6,129,0,140,16,15,187,0,218,194,0,194,412
03/15/2006,PAE,WA,ANM,WE,Towers with Radar,10,6,31,0,47,1,4,62,0,67,11,10,93,0,114,97,0,97,211
03/16/2006,PAE,WA,ANM,WE,Towers with Radar,7,5,26,0,38,0,6,89,0,95,7,11,115,0,133,125,0,125,258
03/17/2006,PAE,WA,ANM,WE,Towers with Radar,8,3,27,0,38,0,21,119,0,140,8,24,146,0,178,150,0,150,328
03/18/2006,PAE,WA,ANM,WE,Towers with Radar,9,2,50,0,61,0,0,207,2,209,9,2,257,2,270,316,0,316,586
03/19/2006,PAE,WA,ANM,WE,Towers with Radar,1,0,63,0,64,0,0,440,0,440,1,0,503,0,504,364,0,364,868
03/20/2006,PAE,WA,ANM,WE,Towers with Radar,7,7,51,0,65,0,12,271,0,283,7,19,322,0,348,300,0,300,648
03/21/2006,PAE,WA,ANM,WE,Towers with Radar,6,12,27,2,47,0,7,93,0,100,6,19,120,2,147,146,0,146,293
03/22/2006,PAE,WA,ANM,WE,Towers with Radar,16,14,40,0,70,2,1,53,0,56,18,15,93,0,126,70,0,70,196
03/23/2006,PAE,WA,ANM,WE,Towers with Radar,7,3,62,6,78,0,2,184,0,186,7,5,246,6,264,206,0,206,470
03/24/2006,PAE,WA,ANM,WE,Towers with Radar,9,7,15,2,33,0,5,82,1,88,9,12,97,3,121,62,0,62,183
03/25/2006,PAE,WA,ANM,WE,Towers with Radar,4,4,65,0,73,2,0,238,1,241,6,4,303,1,314,278,0,278,592
03/26/2006,PAE,WA,ANM,WE,Towers with Radar,5,0,33,0,38,4,0,72,0,76,9,0,105,0,114,244,0,244,358
03/27/2006,PAE,WA,ANM,WE,Towers with Radar,10,6,38,0,54,2,0,219,0,221,12,6,257,0,275,208,0,208,483
03/28/2006,PAE,WA,ANM,WE,Towers with Radar,6,7,48,4,65,4,7,95,1,107,10,14,143,5,172,156,0,156,328
03/29/2006,PAE,WA,ANM,WE,Towers with Radar,0,14,65,0,79,0,2,98,2,102,0,16,163,2,181,175,0,175,356
03/30/2006,PAE,WA,ANM,WE,Towers with Radar,5,4,69,0,78,0,8,155,0,163,5,12,224,0,241,273,0,273,514
03/31/2006,PAE,WA,ANM,WE,Towers with Radar,13,8,75,2,98,0,4,210,2,216,13,12,285,4,314,201,0,201,515
04/01/2006,PAE,WA,ANM,WE,Towers with Radar,2,7,42,2,53,0,0,35,0,35,2,7,77,2,88,88,0,88,176
04/02/2006,PAE,WA,ANM,WE,Towers with Radar,0,0,76,1,77,0,2,191,0,193,0,2,267,1,270,330,0,330,600
04/03/2006,PAE,WA,ANM,WE,Towers with Radar,0,10,44,0,54,0,10,74,2,86,0,20,118,2,140,198,0,198,338
04/04/2006,PAE,WA,ANM,WE,Towers with Radar,2,5,34,0,41,0,14,198,0,212,2,19,232,0,253,260,2,262,515
04/05/2006,PAE,WA,ANM,WE,Towers with Radar,4,14,63,0,81,0,0,158,0,158,4,14,221,0,239,219,0,219,458
04/06/2006,PAE,WA,ANM,WE,Towers with Radar,4,4,55,4,67,0,8,166,2,176,4,12,221,6,243,236,0,236,479
04/07/2006,PAE,WA,ANM,WE,Towers with Radar,2,6,44,0,52,5,1,191,0,197,7,7,235,0,249,260,0,260,509
04/08/2006,PAE,WA,ANM,WE,Towers with Radar,4,1,72,0,77,0,0,111,0,111,4,1,183,0,188,111,0,111,299
04/09/2006,PAE,WA,ANM,WE,Towers with Radar,4,0,59,0,63,1,0,17,0,18,5,0,76,0,81,120,0,120,201
04/10/2006,PAE,WA,ANM,WE,Towers with Radar,3,6,27,6,42,0,0,81,1,82,3,6,108,7,124,195,0,195,319
04/11/2006,PAE,WA,ANM,WE,Towers with Radar,7,4,62,0,73,7,2,218,0,227,14,6,280,0,300,308,0,308,608
04/12/2006,PAE,WA,ANM,WE,Towers with Radar,3,16,41,4,64,0,4,109,0,113,3,20,150,4,177,42,0,42,219
04/13/2006,PAE,WA,ANM,WE,Towers with Radar,3,8,50,0,61,0,2,52,1,55,3,10,102,1,116,77,0,77,193
04/14/2006,PAE,WA,ANM,WE,Towers with Radar,10,12,36,1,59,0,0,35,2,37,10,12,71,3,96,49,3,52,148
04/15/2006,PAE,WA,ANM,WE,Towers with Radar,7,4,24,1,36,0,0,58,0,58,7,4,82,1,94,87,0,87,181
04/16/2006,PAE,WA,ANM,WE,Towers with Radar,3,0,23,1,27,0,0,49,0,49,3,0,72,1,76,58,0,58,134
04/17/2006,PAE,WA,ANM,WE,Towers with Radar,4,10,40,2,56,0,8,105,0,113,4,18,145,2,169,192,0,192,361
04/18/2006,PAE,WA,ANM,WE,Towers with Radar,5,7,36,0,48,1,8,267,0,276,6,15,303,0,324,252,0,252,576
04/19/2006,PAE,WA,ANM,WE,Towers with Radar,6,14,58,3,81,6,0,236,0,242,12,14,294,3,323,210,0,210,533
04/20/2006,PAE,WA,ANM,WE,Towers with Radar,9,3,71,0,83,1,4,183,8,196,10,7,254,8,279,200,1,201,480
04/21/2006,PAE,WA,ANM,WE,Towers with Radar,12,7,57,9,85,1,2,107,2,112,13,9,164,11,197,112,0,112,309
04/22/2006,PAE,WA,ANM,WE,Towers with Radar,2,0,72,0,74,0,0,350,0,350,2,0,422,0,424,306,0,306,730
04/23/2006,PAE,WA,ANM,WE,Towers with Radar,5,2,51,1,59,1,1,422,0,424,6,3,473,1,483,302,5,307,790
04/24/2006,PAE,WA,ANM,WE,Towers with Radar,19,8,74,5,106,4,8,164,0,176,23,16,238,5,282,182,0,182,464
04/25/2006,PAE,WA,ANM,WE,Towers with Radar,10,6,37,0,53,0,4,150,0,154,10,10,187,0,207,122,0,122,329
04/26/2006,PAE,WA,ANM,WE,Towers with Radar,3,13,90,1,107,0,4,118,2,124,3,17,208,3,231,170,0,170,401
04/27/2006,PAE,WA,ANM,WE,Towers with Radar,4,7,47,0,58,0,4,145,0,149,4,11,192,0,207,176,0,176,383
04/28/2006,PAE,WA,ANM,WE,Towers with Radar,5,2,68,0,75,0,5,297,0,302,5,7,365,0,377,268,1,269,646
04/29/2006,PAE,WA,ANM,WE,Towers with Radar,11,0,57,0,68,0,0,19,0,19,11,0,76,0,87,0,0,0,87
04/30/2006,PAE,WA,ANM,WE,Towers with Radar,4,0,73,0,77,6,0,264,8,278,10,0,337,8,355,359,25,384,739
05/01/2006,PAE,WA,ANM,WE,Towers with Radar,6,9,44,2,61,0,3,114,0,117,6,12,158,2,178,146,0,146,324
05/02/2006,PAE,WA,ANM,WE,Towers with Radar,5,8,45,1,59,0,2,190,0,192,5,10,235,1,251,141,0,141,392
05/03/2006,PAE,WA,ANM,WE,Towers with Radar,2,4,38,0,44,2,5,190,0,197,4,9,228,0,241,170,0,170,411
05/04/2006,PAE,WA,ANM,WE,Towers with Radar,9,10,52,0,71,0,1,296,0,297,9,11,348,0,368,246,0,246,614
05/05/2006,PAE,WA,ANM,WE,Towers with Radar,4,17,55,4,80,3,5,264,0,272,7,22,319,4,352,248,0,248,600
05/06/2006,PAE,WA,ANM,WE,Towers with Radar,3,0,63,0,66,0,2,87,0,89,3,2,150,0,155,78,0,78,233
05/07/2006,PAE,WA,ANM,WE,Towers with Radar,0,0,41,0,41,0,4,41,0,45,0,4,82,0,86,12,0,12,98
05/08/2006,PAE,WA,ANM,WE,Towers with Radar,4,7,36,0,47,0,10,138,4,152,4,17,174,4,199,242,0,242,441
05/09/2006,PAE,WA,ANM,WE,Towers with Radar,10,9,27,0,46,2,6,231,0,239,12,15,258,0,285,234,0,234,519
05/10/2006,PAE,WA,ANM,WE,Towers with Radar,4,4,53,1,62,1,2,271,0,274,5,6,324,1,336,251,0,251,587
05/11/2006,PAE,WA,ANM,WE,Towers with Radar,8,10,43,1,62,0,2,157,0,159,8,12,200,1,221,187,0,187,408
05/12/2006,PAE,WA,ANM,WE,Towers with Radar,15,11,49,0,75,2,8,205,2,217,17,19,254,2,292,249,0,249,541
05/13/2006,PAE,WA,ANM,WE,Towers with Radar,0,0,39,0,39,0,317,189,2,508,0,317,228,2,547,228,0,228,775
05/14/2006,PAE,WA,ANM,WE,Towers with Radar,0,0,20,0,20,0,0,258,1,259,0,0,278,1,279,148,0,148,427
05/15/2006,PAE,WA,ANM,WE,Towers with Radar,1,17,45,0,63,0,12,204,0,216,1,29,249,0,279,122,0,122,401
05/16/2006,PAE,WA,ANM,WE,Towers with Radar,7,4,43,0,54,3,4,330,2,339,10,8,373,2,393,429,0,429,822
05/17/2006,PAE,WA,ANM,WE,Towers with Radar,3,8,37,2,50,1,5,231,0,237,4,13,268,2,287,272,0,272,559
05/18/2006,PAE,WA,ANM,WE,Towers with Radar,9,6,46,4,65,0,3,250,0,253,9,9,296,4,318,331,0,331,649
05/19/2006,PAE,WA,ANM,WE,Towers with Radar,6,2,59,0,67,0,3,170,4,177,6,5,229,4,244,290,0,290,534
05/20/2006,PAE,WA,ANM,WE,Towers with Radar,4,3,63,0,70,1,2,326,1,330,5,5,389,1,400,301,1,302,702
05/21/2006,PAE,WA,ANM,WE,Towers with Radar,1,0,73,0,74,0,2,209,0,211,1,2,282,0,285,134,0,134,419
05/22/2006,PAE,WA,ANM,WE,Towers with Radar,2,10,37,2,51,0,0,37,0,37,2,10,74,2,88,34,0,34,122
05/23/2006,PAE,WA,ANM,WE,Towers with Radar,5,8,42,2,57,1,7,93,4,105,6,15,135,6,162,182,0,182,344
05/24/2006,PAE,WA,ANM,WE,Towers with Radar,6,13,50,4,73,3,3,92,0,98,9,16,142,4,171,69,0,69,240
05/25/2006,PAE,WA,ANM,WE,Towers with Radar,8,23,65,5,101,11,7,115,3,136,19,30,180,8,237,288,0,288,525
05/26/2006,PAE,WA,ANM,WE,Towers with Radar,11,18,55,0,84,2,6,85,0,93,13,24,140,0,177,215,0,215,392
05/27/2006,PAE,WA,ANM,WE,Towers with Radar,1,1,47,0,49,0,1,34,1,36,1,2,81,1,85,65,0,65,150
05/28/2006,PAE,WA,ANM,WE,Towers with Radar,1,0,40,1,42,0,0,6,0,6,1,0,46,1,48,0,0,0,48
05/29/2006,PAE,WA,ANM,WE,Towers with Radar,3,0,62,0,65,0,1,240,0,241,3,1,302,0,306,324,0,324,630
05/30/2006,PAE,WA,ANM,WE,Towers with Radar,5,8,34,0,47,0,9,369,0,378,5,17,403,0,425,458,0,458,883
05/31/2006,PAE,WA,ANM,WE,Towers with Radar,8,10,60,0,78,1,1,258,1,261,9,11,318,1,339,324,0,324,663
06/01/2006,PAE,WA,ANM,WE,Towers with Radar,6,10,48,0,64,0,5,84,2,91,6,15,132,2,155,160,0,160,315
06/02/2006,PAE,WA,ANM,WE,Towers with Radar,9,12,32,0,53,0,6,95,0,101,9,18,127,0,154,130,0,130,284
06/03/2006,PAE,WA,ANM,WE,Towers with Radar,5,1,28,0,34,0,0,232,0,232,5,1,260,0,266,305,0,305,571
06/04/2006,PAE,WA,ANM,WE,Towers with Radar,1,1,39,0,41,1,0,31,0,32,2,1,70,0,73,54,0,54,127
06/05/2006,PAE,WA,ANM,WE,Towers with Radar,5,2,41,2,50,2,3,115,3,123,7,5,156,5,173,186,0,186,359
06/06/2006,PAE,WA,ANM,WE,Towers with Radar,2,4,69,0,75,0,2,240,0,242,2,6,309,0,317,250,0,250,567
06/07/2006,PAE,WA,ANM,WE,Towers with Radar,2,4,60,0,66,1,1,242,1,245,3,5,302,1,311,344,0,344,655
06/08/2006,PAE,WA,ANM,WE,Towers with Radar,3,3,79,0,85,0,3,84,0,87,3,6,163,0,172,158,0,158,330
06/09/2006,PAE,WA,ANM,WE,Towers with Radar,7,3,48,0,58,0,4,85,0,89,7,7,133,0,147,39,0,39,186
06/10/2006,PAE,WA,ANM,WE,Towers with Radar,3,1,53,2,59,0,8,132,7,147,3,9,185,9,206,176,0,176,382
06/11/2006,PAE,WA,ANM,WE,Towers with Radar,0,0,56,0,56,0,0,296,5,301,0,0,352,5,357,227,0,227,584
06/12/2006,PAE,WA,ANM,WE,Towers with Radar,3,5,42,2,52,0,5,103,2,110,3,10,145,4,162,152,0,152,314
06/13/2006,PAE,WA,ANM,WE,Towers with Radar,1,2,48,2,53,0,5,106,0,111,1,7,154,2,164,260,0,260,424
06/14/2006,PAE,WA,ANM,WE,Towers with Radar,4,9,55,2,70,1,3,126,0,130,5,12,181,2,200,168,0,168,368
06/15/2006,PAE,WA,ANM,WE,Towers with Radar,3,2,77,0,82,1,3,151,2,157,4,5,228,2,239,228,0,228,467
06/16/2006,PAE,WA,ANM,WE,Towers with Radar,4,13,50,1,68,1,4,82,0,87,5,17,132,1,155,38,0,38,193
06/17/2006,PAE,WA,ANM,WE,Towers with Radar,6,4,43,0,53,0,5,157,0,162,6,9,200,0,215,129,0,129,344
06/18/2006,PAE,WA,ANM,WE,Towers with Radar,0,5,36,0,41,0,1,203,1,205,0,6,239,1,246,240,2,242,488
06/19/2006,PAE,WA,ANM,WE,Towers with Radar,2,1,42,0,45,0,6,216,0,222,2,7,258,0,267,303,0,303,570
06/20/2006,PAE,WA,ANM,WE,Towers with Radar,6,6,56,2,70,0,11,214,4,229,6,17,270,6,299,302,16,318,617
06/21/2006,PAE,WA,ANM,WE,Towers with Radar,6,7,35,2,50,0,2,196,0,198,6,9,231,2,248,252,0,252,500
06/22/2006,PAE,WA,ANM,WE,Towers with Radar,9,11,42,0,62,0,6,248,2,256,9,17,290,2,318,240,0,240,558
06/23/2006,PAE,WA,ANM,WE,Towers with Radar,12,6,47,0,65,0,4,354,0,358,12,10,401,0,423,318,1,319,742
06/24/2006,PAE,WA,ANM,WE,Towers with Radar,1,0,35,0,36,0,0,263,0,263,1,0,298,0,299,143,0,143,442
06/25/2006,PAE,WA,ANM,WE,Towers with Radar,2,2,41,0,45,1,3,266,0,270,3,5,307,0,315,202,0,202,517
06/26/2006,PAE,WA,ANM,WE,Towers with Radar,16,1,48,2,67,1,7,202,0,210,17,8,250,2,277,154,0,154,431
06/27/2006,PAE,WA,ANM,WE,Towers with Radar,9,6,45,1,61,5,3,325,0,333,14,9,370,1,394,332,0,332,726
06/28/2006,PAE,WA,ANM,WE,Towers with Radar,2,7,48,0,57,0,5,196,0,201,2,12,244,0,258,275,0,275,533
06/29/2006,PAE,WA,ANM,WE,Towers with Radar,10,6,28,2,46,0,3,226,2,231,10,9,254,4,277,204,0,204,481
06/30/2006,PAE,WA,ANM,WE,Towers with Radar,10,4,70,1,85,1,3,262,4,270,11,7,332,5,355,292,0,292,647
07/01/2006,PAE,WA,ANM,WE,Towers with Radar,4,0,51,0,55,0,1,193,1,195,4,1,244,1,250,216,0,216,466
07/02/2006,PAE,WA,ANM,WE,Towers with Radar,0,2,26,3,31,0,3,194,0,197,0,5,220,3,228,192,0,192,420
07/03/2006,PAE,WA,ANM,WE,Towers with Radar,3,1,31,0,35,0,7,208,1,216,3,8,239,1,251,294,0,294,545
07/04/2006,PAE,WA,ANM,WE,Towers with Radar,2,1,21,0,24,0,1,152,0,153,2,2,173,0,177,87,0,87,264
07/05/2006,PAE,WA,ANM,WE,Towers with Radar,1,10,78,0,89,0,4,115,0,119,1,14,193,0,208,148,0,148,356
07/06/2006,PAE,WA,ANM,WE,Towers with Radar,2,2,66,0,70,0,5,107,3,115,2,7,173,3,185,88,0,88,273
07/07/2006,PAE,WA,ANM,WE,Towers with Radar,0,5,41,0,46,0,4,269,0,273,0,9,310,0,319,334,0,334,653
07/08/2006,PAE,WA,ANM,WE,Towers with Radar,1,4,31,0,36,1,0,261,0,262,2,4,292,0,298,259,0,259,557
07/09/2006,PAE,WA,ANM,WE,Towers with Radar,1,0,33,0,34,0,0,218,0,218,1,0,251,0,252,120,0,120,372
07/10/2006,PAE,WA,ANM,WE,Towers with Radar,7,4,64,0,75,0,3,136,5,144,7,7,200,5,219,245,0,245,464
07/11/2006,PAE,WA,ANM,WE,Towers with Radar,4,4,58,0,66,3,2,124,2,131,7,6,182,2,197,154,0,154,351
07/12/2006,PAE,WA,ANM,WE,Towers with Radar,3,9,68,0,80,1,0,58,0,59,4,9,126,0,139,91,0,91,230
07/13/2006,PAE,WA,ANM,WE,Towers with Radar,5,3,84,3,95,1,3,166,0,170,6,6,250,3,265,304,0,304,569
07/14/2006,PAE,WA,ANM,WE,Towers with Radar,6,2,72,1,81,0,8,214,0,222,6,10,286,1,303,267,0,267,570
07/15/2006,PAE,WA,ANM,WE,Towers with Radar,3,3,37,9,52,0,0,199,0,199,3,3,236,9,251,263,0,263,514
07/16/2006,PAE,WA,ANM,WE,Towers with Radar,0,0,58,0,58,0,0,360,0,360,0,0,418,0,418,236,0,236,654
07/17/2006,PAE,WA,ANM,WE,Towers with Radar,10,3,60,2,75,4,9,233,4,250,14,12,293,6,325,208,0,208,533
07/18/2006,PAE,WA,ANM,WE,Towers with Radar,2,5,47,2,56,7,2,253,0,262,9,7,300,2,318,323,6,329,647
07/19/2006,PAE,WA,ANM,WE,Towers with Radar,6,3,60,0,69,0,6,266,1,273,6,9,326,1,342,228,0,228,570
07/20/2006,PAE,WA,ANM,WE,Towers with Radar,5,6,42,4,57,5,11,231,0,247,10,17,273,4,304,230,0,230,534
07/21/2006,PAE,WA,ANM,WE,Towers with Radar,4,6,46,3,59,0,1,226,1,228,4,7,272,4,287,293,0,293,580
07/22/2006,PAE,WA,ANM,WE,Towers with Radar,2,0,18,0,20,0,0,228,0,228,2,0,246,0,248,225,0,225,473
07/23/2006,PAE,WA,ANM,WE,Towers with Radar,0,1,48,0,49,0,0,212,1,213,0,1,260,1,262,272,0,272,534
07/24/2006,PAE,WA,ANM,WE,Towers with Radar,4,3,25,0,32,0,3,171,0,174,4,6,196,0,206,100,0,100,306
07/25/2006,PAE,WA,ANM,WE,Towers with Radar,4,5,40,0,49,0,3,130,0,133,4,8,170,0,182,158,0,158,340
07/26/2006,PAE,WA,ANM,WE,Towers with Radar,2,3,32,0,37,1,4,216,0,221,3,7,248,0,258,293,0,293,551
07/27/2006,PAE,WA,ANM,WE,Towers with Radar,1,5,55,0,61,0,2,211,0,213,1,7,266,0,274,242,0,242,516
07/28/2006,PAE,WA,ANM,WE,Towers with Radar,5,4,72,2,83,2,4,121,1,128,7,8,193,3,211,186,0,186,397
07/29/2006,PAE,WA,ANM,WE,Towers with Radar,3,2,31,0,36,0,0,148,1,149,3,2,179,1,185,300,0,300,485
07/30/2006,PAE,WA,ANM,WE,Towers with Radar,1,2,42,1,46,0,2,116,1,119,1,4,158,2,165,154,0,154,319
07/31/2006,PAE,WA,ANM,WE,Towers with Radar,8,7,26,1,42,0,5,244,4,253,8,12,270,5,295,239,0,239,534
08/01/2006,PAE,WA,ANM,WE,Towers with Radar,2,7,44,0,53,0,6,180,0,186,2,13,224,0,239,246,0,246,485
08/02/2006,PAE,WA,ANM,WE,Towers with Radar,2,5,55,0,62,0,10,178,0,188,2,15,233,0,250,286,0,286,536
08/03/2006,PAE,WA,ANM,WE,Towers with Radar,3,9,51,2,65,0,7,257,0,264,3,16,308,2,329,286,0,286,615
08/04/2006,PAE,WA,ANM,WE,Towers with Radar,2,4,55,1,62,0,2,271,2,275,2,6,326,3,337,334,0,334,671
08/05/2006,PAE,WA,ANM,WE,Towers with Radar,1,0,20,0,21,0,0,249,3,252,1,0,269,3,273,216,0,216,489
08/06/2006,PAE,WA,ANM,WE,Towers with Radar,2,2,37,0,41,0,1,185,10,196,2,3,222,10,237,144,10,154,391
08/07/2006,PAE,WA,ANM,WE,Towers with Radar,0,11,32,1,44,0,6,223,0,229,0,17,255,1,273,187,0,187,460
08/08/2006,PAE,WA,ANM,WE,Towers with Radar,4,7,20,0,31,2,3,181,2,188,6,10,201,2,219,320,0,320,539
08/09/2006,PAE,WA,ANM,WE,Towers with Radar,10,7,51,0,68,2,6,146,0,154,12,13,197,0,222,283,0,283,505
08/10/2006,PAE,WA,ANM,WE,Towers with Radar,15,4,69,2,90,0,12,204,1,217,15,16,273,3,307,304,0,304,611
08/11/2006,PAE,WA,ANM,WE,Towers with Radar,17,3,80,0,100,5,5,174,1,185,22,8,254,1,285,266,0,266,551
08/12/2006,PAE,WA,ANM,WE,Towers with Radar,8,1,45,0,54,2,0,318,3,323,10,1,363,3,377,234,0,234,611
08/13/2006,PAE,WA,ANM,WE,Towers with Radar,5,1,29,2,37,2,0,306,0,308,7,1,335,2,345,292,0,292,637
08/14/2006,PAE,WA,ANM,WE,Towers with Radar,7,3,40,1,51,1,5,213,0,219,8,8,253,1,270,279,0,279,549
08/15/2006,PAE,WA,ANM,WE,Towers with Radar,10,10,45,6,71,2,6,177,0,185,12,16,222,6,256,150,0,150,406
08/16/2006,PAE,WA,ANM,WE,Towers with Radar,12,8,55,0,75,3,0,216,0,219,15,8,271,0,294,310,0,310,604
08/17/2006,PAE,WA,ANM,WE,Towers with Radar,11,6,69,2,88,2,8,189,0,199,13,14,258,2,287,237,0,237,524
08/18/2006,PAE,WA,ANM,WE,Towers with Radar,19,4,37,2,62,0,4,232,1,237,19,8,269,3,299,226,0,226,525
08/19/2006,PAE,WA,ANM,WE,Towers with Radar,1,2,32,0,35,0,0,275,0,275,1,2,307,0,310,218,0,218,528
08/20/2006,PAE,WA,ANM,WE,Towers with Radar,4,5,25,0,34,0,0,224,3,227,4,5,249,3,261,182,0,182,443
08/21/2006,PAE,WA,ANM,WE,Towers with Radar,17,2,26,0,45,0,6,150,0,156,17,8,176,0,201,155,0,155,356
08/22/2006,PAE,WA,ANM,WE,Towers with Radar,17,6,53,2,78,0,1,107,2,110,17,7,160,4,188,187,0,187,375
08/23/2006,PAE,WA,ANM,WE,Towers with Radar,6,15,58,4,83,1,11,116,2,130,7,26,174,6,213,306,0,306,519
08/24/2006,PAE,WA,ANM,WE,Towers with Radar,9,13,81,0,103,0,4,109,0,113,9,17,190,0,216,234,0,234,450
08/25/2006,PAE,WA,ANM,WE,Towers with Radar,12,9,56,0,77,0,4,349,3,356,12,13,405,3,433,279,0,279,712
08/26/2006,PAE,WA,ANM,WE,Towers with Radar,11,4,27,0,42,0,0,267,0,267,11,4,294,0,309,280,0,280,589
08/27/2006,PAE,WA,ANM,WE,Towers with Radar,5,2,31,0,38,3,7,248,2,260,8,9,279,2,298,232,0,232,530
08/28/2006,PAE,WA,ANM,WE,Towers with Radar,8,4,27,0,39,4,3,181,0,188,12,7,208,0,227,171,0,171,398
08/29/2006,PAE,WA,ANM,WE,Towers with Radar,12,9,66,0,87,5,0,36,10,51,17,9,102,10,138,61,11,72,210
08/30/2006,PAE,WA,ANM,WE,Towers with Radar,8,14,54,0,76,0,5,106,1,112,8,19,160,1,188,261,0,261,449
08/31/2006,PAE,WA,ANM,WE,Towers with Radar,5,2,50,0,57,0,2,179,0,181,5,4,229,0,238,202,0,202,440
09/01/2006,PAE,WA,ANM,WE,Towers with Radar,4,4,66,0,74,0,1,245,0,246,4,5,311,0,320,228,0,228,548
09/02/2006,PAE,WA,ANM,WE,Towers with Radar,4,2,40,0,46,0,0,243,0,243,4,2,283,0,289,262,0,262,551
09/03/2006,PAE,WA,ANM,WE,Towers with Radar,3,0,35,0,38,7,0,247,0,254,10,0,282,0,292,251,0,251,543
09/04/2006,PAE,WA,ANM,WE,Towers with Radar,0,0,35,0,35,0,6,216,2,224,0,6,251,2,259,168,0,168,427
09/05/2006,PAE,WA,ANM,WE,Towers with Radar,0,1,35,0,36,0,5,155,0,160,0,6,190,0,196,210,0,210,406
09/06/2006,PAE,WA,ANM,WE,Towers with Radar,6,3,30,1,40,0,3,175,2,180,6,6,205,3,220,385,0,385,605
09/07/2006,PAE,WA,ANM,WE,Towers with Radar,0,0,0,0,0,0,7,172,0,179,0,7,172,0,179,306,0,306,485
09/08/2006,PAE,WA,ANM,WE,Towers with Radar,1,3,41,1,46,0,4,128,0,132,1,7,169,1,178,263,6,269,447
09/09/2006,PAE,WA,ANM,WE,Towers with Radar,0,0,70,1,71,0,0,51,2,53,0,0,121,3,124,108,0,108,232
09/10/2006,PAE,WA,ANM,WE,Towers with Radar,3,1,52,1,57,1,0,206,0,207,4,1,258,1,264,253,0,253,517
09/11/2006,PAE,WA,ANM,WE,Towers with Radar,2,6,30,1,39,2,5,165,0,172,4,11,195,1,211,216,0,216,427
09/12/2006,PAE,WA,ANM,WE,Towers with Radar,5,8,37,0,50,0,5,208,0,213,5,13,245,0,263,281,0,281,544
09/13/2006,PAE,WA,ANM,WE,Towers with Radar,3,6,48,0,57,1,0,44,2,47,4,6,92,2,104,71,0,71,175
09/14/2006,PAE,WA,ANM,WE,Towers with Radar,8,5,56,0,69,0,0,54,3,57,8,5,110,3,126,118,0,118,244
09/15/2006,PAE,WA,ANM,WE,Towers with Radar,1,10,48,0,59,1,6,104,4,115,2,16,152,4,174,213,19,232,406
09/16/2006,PAE,WA,ANM,WE,Towers with Radar,6,0,57,0,63,0,2,158,4,164,6,2,215,4,227,456,0,456,683
09/17/2006,PAE,WA,ANM,WE,Towers with Radar,0,4,23,0,27,0,0,177,0,177,0,4,200,0,204,222,0,222,426
09/18/2006,PAE,WA,ANM,WE,Towers with Radar,8,2,29,0,39,0,3,77,1,81,8,5,106,1,120,94,0,94,214
09/19/2006,PAE,WA,ANM,WE,Towers with Radar,3,4,41,10,58,0,3,95,2,100,3,7,136,12,158,134,0,134,292
09/20/2006,PAE,WA,ANM,WE,Towers with Radar,3,6,27,0,36,0,0,6,0,6,3,6,33,0,42,27,0,27,69
09/21/2006,PAE,WA,ANM,WE,Towers with Radar,1,9,49,0,59,0,2,94,1,97,1,11,143,1,156,201,0,201,357
09/22/2006,PAE,WA,ANM,WE,Towers with Radar,8,4,37,0,49,1,6,150,0,157,9,10,187,0,206,284,0,284,490
09/23/2006,PAE,WA,ANM,WE,Towers with Radar,2,0,51,2,55,0,0,401,0,401,2,0,452,2,456,527,0,527,983
09/24/2006,PAE,WA,ANM,WE,Towers with Radar,2,0,56,0,58,0,5,358,4,367,2,5,414,4,425,335,0,335,760
09/25/2006,PAE,WA,ANM,WE,Towers with Radar,0,2,38,0,40,1,4,215,5,225,1,6,253,5,265,225,0,225,490
09/26/2006,PAE,WA,ANM,WE,Towers with Radar,2,9,22,0,33,0,3,236,0,239,2,12,258,0,272,385,0,385,657
09/27/2006,PAE,WA,ANM,WE,Towers with Radar,4,9,53,0,66,0,0,205,0,205,4,9,258,0,271,180,0,180,451
09/28/2006,PAE,WA,ANM,WE,Towers with Radar,4,11,32,0,47,1,7,271,0,279,5,18,303,0,326,297,0,297,623
09/29/2006,PAE,WA,ANM,WE,Towers with Radar,6,8,45,0,59,0,1,310,0,311,6,9,355,0,370,280,0,280,650
09/30/2006,PAE,WA,ANM,WE,Towers with Radar,8,0,64,1,73,0,0,234,3,237,8,0,298,4,310,294,0,294,604
10/01/2006,PAE,WA,ANM,WE,Towers with Radar,3,0,57,0,60,0,0,167,2,169,3,0,224,2,229,269,0,269,498
10/02/2006,PAE,WA,ANM,WE,Towers with Radar,6,6,31,0,43,0,4,134,0,138,6,10,165,0,181,190,0,190,371
10/03/2006,PAE,WA,ANM,WE,Towers with Radar,7,7,41,0,55,0,3,96,0,99,7,10,137,0,154,132,0,132,286
10/04/2006,PAE,WA,ANM,WE,Towers with Radar,3,6,43,0,52,2,3,202,1,208,5,9,245,1,260,202,2,204,464
10/05/2006,PAE,WA,ANM,WE,Towers with Radar,6,9,52,0,67,0,0,148,0,148,6,9,200,0,215,252,0,252,467
10/06/2006,PAE,WA,ANM,WE,Towers with Radar,3,8,29,0,40,0,2,35,0,37,3,10,64,0,77,13,0,13,90
10/07/2006,PAE,WA,ANM,WE,Towers with Radar,5,0,41,0,46,0,0,218,1,219,5,0,259,1,265,288,0,288,553
10/08/2006,PAE,WA,ANM,WE,Towers with Radar,0,0,49,1,50,1,0,107,0,108,1,0,156,1,158,160,0,160,318
10/09/2006,PAE,WA,ANM,WE,Towers with Radar,1,0,28,0,29,0,2,212,0,214,1,2,240,0,243,228,0,228,471
10/10/2006,PAE,WA,ANM,WE,Towers with Radar,2,4,31,0,37,2,4,202,0,208,4,8,233,0,245,208,0,208,453
10/11/2006,PAE,WA,ANM,WE,Towers with Radar,4,8,45,3,60,0,2,255,0,257,4,10,300,3,317,300,0,300,617
10/12/2006,PAE,WA,ANM,WE,Towers with Radar,2,2,24,1,29,0,3,270,1,274,2,5,294,2,303,308,0,308,611
10/13/2006,PAE,WA,ANM,WE,Towers with Radar,8,4,24,0,36,0,0,179,3,182,8,4,203,3,218,232,0,232,450
10/14/2006,PAE,WA,ANM,WE,Towers with Radar,2,0,18,0,20,0,0,3,1,4,2,0,21,1,24,0,0,0,24
10/15/2006,PAE,WA,ANM,WE,Towers with Radar,0,0,35,0,35,0,0,3,0,3,0,0,38,0,38,0,0,0,38
10/16/2006,PAE,WA,ANM,WE,Towers with Radar,2,7,13,0,22,0,0,18,0,18,2,7,31,0,40,6,0,6,46
10/17/2006,PAE,WA,ANM,WE,Towers with Radar,5,5,43,0,53,1,0,109,0,110,6,5,152,0,163,0,192,192,355
10/18/2006,PAE,WA,ANM,WE,Towers with Radar,10,11,25,2,48,0,0,9,0,9,10,11,34,2,57,8,0,8,65
10/19/2006,PAE,WA,ANM,WE,Towers with Radar,3,11,24,0,38,0,0,6,0,6,3,11,30,0,44,0,0,0,44
10/20/2006,PAE,WA,ANM,WE,Towers with Radar,7,2,51,0,60,0,3,131,0,134,7,5,182,0,194,368,0,368,562
10/21/2006,PAE,WA,ANM,WE,Towers with Radar,8,0,32,0,40,0,0,272,0,272,8,0,304,0,312,264,0,264,576
10/22/2006,PAE,WA,ANM,WE,Towers with Radar,1,0,50,0,51,0,0,270,0,270,1,0,320,0,321,370,0,370,691
10/23/2006,PAE,WA,ANM,WE,Towers with Radar,6,9,35,0,50,0,2,164,2,168,6,11,199,2,218,296,0,296,514
10/24/2006,PAE,WA,ANM,WE,Towers with Radar,12,6,40,2,60,0,2,51,0,53,12,8,91,2,113,136,0,136,249
10/25/2006,PAE,WA,ANM,WE,Towers with Radar,7,10,60,0,77,1,0,108,0,109,8,10,168,0,186,193,0,193,379
10/26/2006,PAE,WA,ANM,WE,Towers with Radar,5,14,41,0,60,1,0,61,0,62,6,14,102,0,122,116,0,116,238
10/27/2006,PAE,WA,ANM,WE,Towers with Radar,2,3,47,0,52,6,8,121,0,135,8,11,168,0,187,248,0,248,435
10/28/2006,PAE,WA,ANM,WE,Towers with Radar,2,0,32,0,34,3,0,61,0,64,5,0,93,0,98,70,0,70,168
10/29/2006,PAE,WA,ANM,WE,Towers with Radar,3,0,29,0,32,2,0,111,0,113,5,0,140,0,145,217,0,217,362
10/30/2006,PAE,WA,ANM,WE,Towers with Radar,4,2,35,0,41,0,0,199,4,203,4,2,234,4,244,252,0,252,496
10/31/2006,PAE,WA,ANM,WE,Towers with Radar,6,5,25,0,36,0,2,262,0,264,6,7,287,0,300,298,0,298,598
11/01/2006,PAE,WA,ANM,WE,Towers with Radar,8,8,30,0,46,0,5,201,0,206,8,13,231,0,252,172,0,172,424
11/02/2006,PAE,WA,ANM,WE,Towers with Radar,1,6,26,2,35,0,3,34,0,37,1,9,60,2,72,7,0,7,79
11/03/2006,PAE,WA,ANM,WE,Towers with Radar,9,4,39,0,52,0,0,12,0,12,9,4,51,0,64,36,0,36,100
11/04/2006,PAE,WA,ANM,WE,Towers with Radar,4,2,18,0,24,0,0,14,0,14,4,2,32,0,38,20,0,20,58
11/05/2006,PAE,WA,ANM,WE,Towers with Radar,6,0,36,0,42,1,0,100,0,101,7,0,136,0,143,200,0,200,343
11/06/2006,PAE,WA,ANM,WE,Towers with Radar,6,8,24,0,38,1,0,69,1,71,7,8,93,1,109,0,0,0,109
11/07/2006,PAE,WA,ANM,WE,Towers with Radar,9,6,31,0,46,3,2,15,0,20,12,8,46,0,66,0,0,0,66
11/08/2006,PAE,WA,ANM,WE,Towers with Radar,16,5,46,3,70,5,6,214,1,226,21,11,260,4,296,296,0,296,592
11/09/2006,PAE,WA,ANM,WE,Towers with Radar,4,4,52,2,62,0,4,69,0,73,4,8,121,2,135,14,0,14,149
11/10/2006,PAE,WA,ANM,WE,Towers with Radar,18,7,25,0,50,0,0,5,0,5,18,7,30,0,55,10,0,10,65
11/11/2006,PAE,WA,ANM,WE,Towers with Radar,10,3,46,0,59,0,2,124,0,126,10,5,170,0,185,260,0,260,445
11/12/2006,PAE,WA,ANM,WE,Towers with Radar,3,0,10,0,13,0,0,17,0,17,3,0,27,0,30,2,0,2,32
11/13/2006,PAE,WA,ANM,WE,Towers with Radar,13,2,8,0,23,1,5,26,0,32,14,7,34,0,55,56,0,56,111
11/14/2006,PAE,WA,ANM,WE,Towers with Radar,14,4,23,0,41,0,5,149,2,156,14,9,172,2,197,142,0,142,339
11/15/2006,PAE,WA,ANM,WE,Towers with Radar,6,2,14,0,22,0,0,9,0,9,6,2,23,0,31,0,0,0,31
11/16/2006,PAE,WA,ANM,WE,Towers with Radar,4,11,52,2,69,2,3,186,0,191,6,14,238,2,260,232,0,232,492
11/17/2006,PAE,WA,ANM,WE,Towers with Radar,12,3,58,0,73,3,4,142,0,149,15,7,200,0,222,255,0,255,477
11/18/2006,PAE,WA,ANM,WE,Towers with Radar,2,0,62,0,64,0,0,212,0,212,2,0,274,0,276,313,0,313,589
11/19/2006,PAE,WA,ANM,WE,Towers with Radar,1,0,32,0,33,0,0,7,0,7,1,0,39,0,40,48,0,48,88
11/20/2006,PAE,WA,ANM,WE,Towers with Radar,0,6,27,6,39,0,4,58,0,62,0,10,85,6,101,28,0,28,129
11/21/2006,PAE,WA,ANM,WE,Towers with Radar,8,8,17,0,33,4,1,6,0,11,12,9,23,0,44,10,0,10,54
11/22/2006,PAE,WA,ANM,WE,Towers with Radar,9,8,47,0,64,0,0,39,0,39,9,8,86,0,103,52,0,52,155
11/23/2006,PAE,WA,ANM,WE,Towers with Radar,0,0,5,0,5,0,0,5,0,5,0,0,10,0,10,4,0,4,14
11/24/2006,PAE,WA,ANM,WE,Towers with Radar,1,3,30,0,34,0,2,59,0,61,1,5,89,0,95,80,0,80,175
11/25/2006,PAE,WA,ANM,WE,Towers with Radar,2,0,27,0,29,0,0,114,0,114,2,0,141,0,143,194,0,194,337
11/26/2006,PAE,WA,ANM,WE,Towers with Radar,0,1,16,0,17,0,0,1,0,1,0,1,17,0,18,0,0,0,18
11/27/2006,PAE,WA,ANM,WE,Towers with Radar,0,14,12,0,26,0,0,9,0,9,0,14,21,0,35,0,0,0,35
11/28/2006,PAE,WA,ANM,WE,Towers with Radar,1,6,15,0,22,1,2,30,0,33,2,8,45,0,55,21,0,21,76
11/29/2006,PAE,WA,ANM,WE,Towers with Radar,0,3,28,0,31,0,2,34,2,38,0,5,62,2,69,44,0,44,113
11/30/2006,PAE,WA,ANM,WE,Towers with Radar,11,8,12,0,31,0,2,4,0,6,11,10,16,0,37,22,0,22,59
12/01/2006,PAE,WA,ANM,WE,Towers with Radar,6,2,35,0,43,0,1,22,0,23,6,3,57,0,66,5,0,5,71
12/02/2006,PAE,WA,ANM,WE,Towers with Radar,10,2,72,2,86,6,0,340,1,347,16,2,412,3,433,394,0,394,827
12/03/2006,PAE,WA,ANM,WE,Towers with Radar,4,0,72,0,76,0,0,196,2,198,4,0,268,2,274,315,0,315,589
12/04/2006,PAE,WA,ANM,WE,Towers with Radar,5,7,27,4,43,0,0,24,1,25,5,7,51,5,68,63,0,63,131
12/05/2006,PAE,WA,ANM,WE,Towers with Radar,4,5,37,0,46,0,3,115,0,118,4,8,152,0,164,140,6,146,310
12/06/2006,PAE,WA,ANM,WE,Towers with Radar,6,9,76,6,97,1,8,125,0,134,7,17,201,6,231,168,0,168,399
12/07/2006,PAE,WA,ANM,WE,Towers with Radar,5,7,48,0,60,0,9,141,0,150,5,16,189,0,210,154,0,154,364
12/08/2006,PAE,WA,ANM,WE,Towers with Radar,10,4,69,0,83,1,5,98,0,104,11,9,167,0,187,37,0,37,224
12/09/2006,PAE,WA,ANM,WE,Towers with Radar,3,0,63,6,72,0,0,48,0,48,3,0,111,6,120,78,0,78,198
12/10/2006,PAE,WA,ANM,WE,Towers with Radar,0,1,53,0,54,0,0,51,1,52,0,1,104,1,106,88,1,89,195
12/11/2006,PAE,WA,ANM,WE,Towers with Radar,4,1,6,0,11,0,3,6,2,11,4,4,12,2,22,0,0,0,22
12/12/2006,PAE,WA,ANM,WE,Towers with Radar,7,8,33,2,50,8,4,58,2,72,15,12,91,4,122,106,0,106,228
12/13/2006,PAE,WA,ANM,WE,Towers with Radar,0,4,19,0,23,0,3,8,0,11,0,7,27,0,34,0,0,0,34
12/14/2006,PAE,WA,ANM,WE,Towers with Radar,5,4,11,0,20,0,1,14,0,15,5,5,25,0,35,12,0,12,47
12/15/2006,PAE,WA,ANM,WE,Towers with Radar,14,1,18,0,33,0,3,36,0,39,14,4,54,0,72,18,0,18,90
12/16/2006,PAE,WA,ANM,WE,Towers with Radar,12,1,19,0,32,0,0,155,0,155,12,1,174,0,187,167,0,167,354
12/17/2006,PAE,WA,ANM,WE,Towers with Radar,7,3,29,0,39,0,0,144,1,145,7,3,173,1,184,163,0,163,347
12/18/2006,PAE,WA,ANM,WE,Towers with Radar,4,2,49,1,56,1,5,111,1,118,5,7,160,2,174,138,0,138,312
12/19/2006,PAE,WA,ANM,WE,Towers with Radar,10,8,24,0,42,0,1,56,1,58,10,9,80,1,100,69,0,69,169
12/20/2006,PAE,WA,ANM,WE,Towers with Radar,7,4,34,2,47,0,3,39,0,42,7,7,73,2,89,70,0,70,159
12/21/2006,PAE,WA,ANM,WE,Towers with Radar,6,6,37,0,49,0,1,61,0,62,6,7,98,0,111,50,0,50,161
12/22/2006,PAE,WA,ANM,WE,Towers with Radar,2,3,47,4,56,1,4,130,0,135,3,7,177,4,191,177,0,177,368
12/23/2006,PAE,WA,ANM,WE,Towers with Radar,4,3,71,2,80,0,0,19,0,19,4,3,90,2,99,16,0,16,115
12/24/2006,PAE,WA,ANM,WE,Towers with Radar,0,0,2,0,2,0,0,11,0,11,0,0,13,0,13,0,0,0,13
12/25/2006,PAE,WA,ANM,WE,Towers with Radar,0,0,6,0,6,0,0,27,0,27,0,0,33,0,33,31,0,31,64
12/26/2006,PAE,WA,ANM,WE,Towers with Radar,2,4,27,0,33,0,0,30,0,30,2,4,57,0,63,10,0,10,73
12/27/2006,PAE,WA,ANM,WE,Towers with Radar,5,11,12,4,32,0,3,39,0,42,5,14,51,4,74,16,0,16,90
12/28/2006,PAE,WA,ANM,WE,Towers with Radar,2,10,52,2,66,0,16,207,0,223,2,26,259,2,289,267,0,267,556
12/29/2006,PAE,WA,ANM,WE,Towers with Radar,7,5,25,0,37,0,3,88,0,91,7,8,113,0,128,74,0,74,202
12/30/2006,PAE,WA,ANM,WE,Towers with Radar,1,0,61,0,62,0,0,263,0,263,1,0,324,0,325,297,0,297,622
12/31/2006,PAE,WA,ANM,WE,Towers with Radar,1,2,21,4,28,0,1,126,7,134,1,3,147,11,162,148,0,148,310
01/01/2007,PAE,WA,ANM,WE,Towers with Radar,2,0,28,0,30,1,0,32,0,33,3,0,60,0,63,4,0,4,67
01/02/2007,PAE,WA,ANM,WE,Towers with Radar,7,4,17,0,28,1,2,11,0,14,8,6,28,0,42,0,0,0,42
01/03/2007,PAE,WA,ANM,WE,Towers with Radar,4,7,29,2,42,1,1,37,1,40,5,8,66,3,82,110,0,110,192
01/04/2007,PAE,WA,ANM,WE,Towers with Radar,5,4,17,0,26,0,2,46,2,50,5,6,63,2,76,32,0,32,108
01/05/2007,PAE,WA,ANM,WE,Towers with Radar,1,5,9,1,16,0,1,6,0,7,1,6,15,1,23,0,0,0,23
01/06/2007,PAE,WA,ANM,WE,Towers with Radar,1,0,37,3,41,0,0,106,0,106,1,0,143,3,147,230,0,230,377
01/07/2007,PAE,WA,ANM,WE,Towers with Radar,2,0,13,0,15,0,0,17,0,17,2,0,30,0,32,8,0,8,40
01/08/2007,PAE,WA,ANM,WE,Towers with Radar,2,5,45,0,52,1,2,96,0,99,3,7,141,0,151,140,0,140,291
01/09/2007,PAE,WA,ANM,WE,Towers with Radar,0,4,5,0,9,1,1,30,0,32,1,5,35,0,41,20,0,20,61
01/10/2007,PAE,WA,ANM,WE,Towers with Radar,2,4,15,0,21,0,1,7,0,8,2,5,22,0,29,4,0,4,33
01/11/2007,PAE,WA,ANM,WE,Towers with Radar,9,8,17,0,34,0,4,61,0,65,9,12,78,0,99,42,0,42,141
01/12/2007,PAE,WA,ANM,WE,Towers with Radar,3,6,42,13,64,0,12,113,0,125,3,18,155,13,189,135,0,135,324
01/13/2007,PAE,WA,ANM,WE,Towers with Radar,1,7,14,0,22,0,1,50,3,54,1,8,64,3,76,68,16,84,160
01/14/2007,PAE,WA,ANM,WE,Towers with Radar,0,1,25,0,26,1,0,149,0,150,1,1,174,0,176,171,0,171,347
01/15/2007,PAE,WA,ANM,WE,Towers with Radar,4,0,41,0,45,0,2,239,0,241,4,2,280,0,286,160,0,160,446
01/16/2007,PAE,WA,ANM,WE,Towers with Radar,2,9,6,0,17,0,0,4,0,4,2,9,10,0,21,0,0,0,21
01/17/2007,PAE,WA,ANM,WE,Towers with Radar,15,12,25,0,52,2,1,10,0,13,17,13,35,0,65,38,0,38,103
01/18/2007,PAE,WA,ANM,WE,Towers with Radar,5,6,16,0,27,1,0,4,0,5,6,6,20,0,32,0,0,0,32
01/19/2007,PAE,WA,ANM,WE,Towers with Radar,6,6,45,0,57,0,0,7,0,7,6,6,52,0,64,16,0,16,80
01/20/2007,PAE,WA,ANM,WE,Towers with Radar,7,0,60,0,67,1,0,182,0,183,8,0,242,0,250,242,0,242,492
01/21/2007,PAE,WA,ANM,WE,Towers with Radar,2,0,57,0,59,0,0,123,0,123,2,0,180,0,182,180,0,180,362
01/22/2007,PAE,WA,ANM,WE,Towers with Radar,9,3,47,0,59,3,3,52,0,58,12,6,99,0,117,73,0,73,190
01/23/2007,PAE,WA,ANM,WE,Towers with Radar,7,4,39,2,52,0,2,113,2,117,7,6,152,4,169,192,0,192,361
01/24/2007,PAE,WA,ANM,WE,Towers with Radar,9,6,68,0,83,0,2,139,4,145,9,8,207,4,228,194,0,194,422
01/25/2007,PAE,WA,ANM,WE,Towers with Radar,14,10,45,4,73,0,0,39,0,39,14,10,84,4,112,126,0,126,238
01/26/2007,PAE,WA,ANM,WE,Towers with Radar,10,3,36,0,49,0,2,131,2,135,10,5,167,2,184,120,0,120,304
01/27/2007,PAE,WA,ANM,WE,Towers with Radar,5,0,54,0,59,1,0,358,0,359,6,0,412,0,418,394,0,394,812
01/28/2007,PAE,WA,ANM,WE,Towers with Radar,1,0,28,0,29,0,0,271,2,273,1,0,299,2,302,190,0,190,492
01/29/2007,PAE,WA,ANM,WE,Towers with Radar,3,18,41,0,62,3,4,116,0,123,6,22,157,0,185,171,0,171,356
01/30/2007,PAE,WA,ANM,WE,Towers with Radar,6,8,38,0,52,0,0,149,0,149,6,8,187,0,201,157,0,157,358
01/31/2007,PAE,WA,ANM,WE,Towers with Radar,5,7,66,2,80,9,3,169,0,181,14,10,235,2,261,286,0,286,547
02/01/2007,PAE,WA,ANM,WE,Towers with Radar,1,6,47,6,60,0,4,150,2,156,1,10,197,8,216,170,0,170,386
02/02/2007,PAE,WA,ANM,WE,Towers with Radar,5,1,27,0,33,2,6,190,1,199,7,7,217,1,232,257,0,257,489
02/03/2007,PAE,WA,ANM,WE,Towers with Radar,2,0,56,1,59,0,0,78,0,78,2,0,134,1,137,234,0,234,371
02/04/2007,PAE,WA,ANM,WE,Towers with Radar,2,0,44,1,47,0,0,24,0,24,2,0,68,1,71,40,0,40,111
02/05/2007,PAE,WA,ANM,WE,Towers with Radar,6,0,3,0,9,2,0,0,0,2,8,0,3,0,11,0,0,0,11
02/06/2007,PAE,WA,ANM,WE,Towers with Radar,5,7,22,0,34,2,0,22,0,24,7,7,44,0,58,39,0,39,97
02/07/2007,PAE,WA,ANM,WE,Towers with Radar,5,6,70,0,81,0,2,40,0,42,5,8,110,0,123,154,0,154,277
02/08/2007,PAE,WA,ANM,WE,Towers with Radar,13,8,57,4,82,3,2,113,0,118,16,10,170,4,200,278,0,278,478
02/09/2007,PAE,WA,ANM,WE,Towers with Radar,4,6,28,0,38,0,4,102,1,107,4,10,130,1,145,211,0,211,356
02/10/2007,PAE,WA,ANM,WE,Towers with Radar,4,3,32,0,39,0,1,196,0,197,4,4,228,0,236,205,0,205,441
02/11/2007,PAE,WA,ANM,WE,Towers with Radar,1,6,30,0,37,0,0,77,0,77,1,6,107,0,114,98,0,98,212
02/12/2007,PAE,WA,ANM,WE,Towers with Radar,0,9,38,0,47,2,6,136,3,147,2,15,174,3,194,336,0,336,530
02/13/2007,PAE,WA,ANM,WE,Towers with Radar,5,6,67,5,83,0,0,61,1,62,5,6,128,6,145,81,0,81,226
02/14/2007,PAE,WA,ANM,WE,Towers with Radar,8,6,44,0,58,0,2,24,0,26,8,8,68,0,84,38,0,38,122
02/15/2007,PAE,WA,ANM,WE,Towers with Radar,6,4,13,0,23,1,3,25,0,29,7,7,38,0,52,10,0,10,62
02/16/2007,PAE,WA,ANM,WE,Towers with Radar,11,5,148,0,164,0,0,0,0,0,11,5,148,0,164,268,0,268,432
02/17/2007,PAE,WA,ANM,WE,Towers with Radar,2,2,52,4,60,0,0,155,0,155,2,2,207,4,215,248,16,264,479
02/18/2007,PAE,WA,ANM,WE,Towers with Radar,2,0,31,2,35,0,0,74,0,74,2,0,105,2,109,153,0,153,262
02/19/2007,PAE,WA,ANM,WE,Towers with Radar,3,10,31,0,44,4,4,23,0,31,7,14,54,0,75,0,0,0,75
02/20/2007,PAE,WA,ANM,WE,Towers with Radar,17,8,17,0,42,0,5,64,2,71,17,13,81,2,113,123,0,123,236
02/21/2007,PAE,WA,ANM,WE,Towers with Radar,4,12,45,0,61,0,2,131,0,133,4,14,176,0,194,322,0,322,516
02/22/2007,PAE,WA,ANM,WE,Towers with Radar,4,24,28,0,56,0,5,96,0,101,4,29,124,0,157,166,0,166,323
02/23/2007,PAE,WA,ANM,WE,Towers with Radar,6,9,45,0,60,0,1,41,0,42,6,10,86,0,102,144,0,144,246
02/24/2007,PAE,WA,ANM,WE,Towers with Radar,7,1,10,0,18,0,1,6,0,7,7,2,16,0,25,28,0,28,53
02/25/2007,PAE,WA,ANM,WE,Towers with Radar,4,1,57,2,64,3,0,58,0,61,7,1,115,2,125,166,0,166,291
02/26/2007,PAE,WA,ANM,WE,Towers with Radar,5,9,32,0,46,0,6,47,0,53,5,15,79,0,99,77,0,77,176
02/27/2007,PAE,WA,ANM,WE,Towers with Radar,3,7,35,0,45,0,0,94,0,94,3,7,129,0,139,210,0,210,349
02/28/2007,PAE,WA,ANM,WE,Towers with Radar,8,5,9,0,22,0,0,0,0,0,8,5,9,0,22,0,0,0,22
03/01/2007,PAE,WA,ANM,WE,Towers with Radar,10,12,21,6,49,6,3,82,0,91,16,15,103,6,140,118,0,118,258
03/02/2007,PAE,WA,ANM,WE,Towers with Radar,7,10,20,2,39,0,8,52,0,60,7,18,72,2,99,68,0,68,167
03/03/2007,PAE,WA,ANM,WE,Towers with Radar,9,0,29,0,38,0,0,37,0,37,9,0,66,0,75,59,0,59,134
03/04/2007,PAE,WA,ANM,WE,Towers with Radar,5,0,89,0,94,2,0,228,0,230,7,0,317,0,324,294,0,294,618
03/05/2007,PAE,WA,ANM,WE,Towers with Radar,14,8,39,2,63,2,7,108,1,118,16,15,147,3,181,168,0,168,349
03/06/2007,PAE,WA,ANM,WE,Towers with Radar,7,5,28,4,44,0,6,260,0,266,7,11,288,4,310,375,0,375,685
03/07/2007,PAE,WA,ANM,WE,Towers with Radar,2,5,55,0,62,1,3,72,0,76,3,8,127,0,138,196,0,196,334
03/08/2007,PAE,WA,ANM,WE,Towers with Radar,4,5,41,2,52,0,1,18,0,19,4,6,59,2,71,36,0,36,107
03/09/2007,PAE,WA,ANM,WE,Towers with Radar,3,5,69,0,77,0,0,97,0,97,3,5,166,0,174,178,0,178,352
03/10/2007,PAE,WA,ANM,WE,Towers with Radar,4,6,39,2,51,2,2,77,0,81,6,8,116,2,132,210,0,210,342
03/11/2007,PAE,WA,ANM,WE,Towers with Radar,0,0,10,0,10,1,0,4,0,5,1,0,14,0,15,0,0,0,15
03/12/2007,PAE,WA,ANM,WE,Towers with Radar,10,12,39,0,61,0,4,43,0,47,10,16,82,0,108,185,0,185,293
03/13/2007,PAE,WA,ANM,WE,Towers with Radar,10,16,49,0,75,1,0,132,0,133,11,16,181,0,208,194,0,194,402
03/14/2007,PAE,WA,ANM,WE,Towers with Radar,4,5,54,0,63,0,0,94,0,94,4,5,148,0,157,196,0,196,353
03/15/2007,PAE,WA,ANM,WE,Towers with Radar,10,4,51,0,65,2,2,199,4,207,12,6,250,4,272,355,0,355,627
03/16/2007,PAE,WA,ANM,WE,Towers with Radar,6,4,58,0,68,1,2,173,0,176,7,6,231,0,244,238,0,238,482
03/17/2007,PAE,WA,ANM,WE,Towers with Radar,2,1,70,0,73,0,0,0,0,0,2,1,70,0,73,2,0,2,75
03/18/2007,PAE,WA,ANM,WE,Towers with Radar,2,0,62,2,66,0,0,180,0,180,2,0,242,2,246,287,0,287,533
03/19/2007,PAE,WA,ANM,WE,Towers with Radar,4,14,62,0,80,1,7,51,0,59,5,21,113,0,139,44,0,44,183
03/20/2007,PAE,WA,ANM,WE,Towers with Radar,7,15,38,0,60,1,2,51,1,55,8,17,89,1,115,64,0,64,179
03/21/2007,PAE,WA,ANM,WE,Towers with Radar,3,5,46,0,54,1,3,194,0,198,4,8,240,0,252,275,0,275,527
03/22/2007,PAE,WA,ANM,WE,Towers with Radar,6,14,46,0,66,1,0,49,4,54,7,14,95,4,120,88,0,88,208
03/23/2007,PAE,WA,ANM,WE,Towers with Radar,5,17,36,0,58,1,5,29,0,35,6,22,65,0,93,81,0,81,174
03/24/2007,PAE,WA,ANM,WE,Towers with Radar,5,0,14,0,19,0,0,13,0,13,5,0,27,0,32,6,0,6,38
03/25/2007,PAE,WA,ANM,WE,Towers with Radar,4,0,70,0,74,1,0,124,0,125,5,0,194,0,199,210,0,210,409
03/26/2007,PAE,WA,ANM,WE,Towers with Radar,8,3,48,0,59,1,6,219,1,227,9,9,267,1,286,308,2,310,596
03/27/2007,PAE,WA,ANM,WE,Towers with Radar,4,6,37,0,47,2,2,90,0,94,6,8,127,0,141,228,0,228,369
03/28/2007,PAE,WA,ANM,WE,Towers with Radar,7,6,55,0,68,0,1,167,2,170,7,7,222,2,238,194,2,196,434
03/29/2007,PAE,WA,ANM,WE,Towers with Radar,1,7,38,0,46,0,6,210,0,216,1,13,248,0,262,350,0,350,612
03/30/2007,PAE,WA,ANM,WE,Towers with Radar,11,2,44,6,63,0,4,128,1,133,11,6,172,7,196,232,4,236,432
03/31/2007,PAE,WA,ANM,WE,Towers with Radar,3,6,75,0,84,0,2,142,0,144,3,8,217,0,228,303,0,303,531
04/01/2007,PAE,WA,ANM,WE,Towers with Radar,1,0,55,6,62,1,1,135,1,138,2,1,190,7,200,412,0,412,612
04/02/2007,PAE,WA,ANM,WE,Towers with Radar,0,3,47,1,51,0,6,89,0,95,0,9,136,1,146,128,0,128,274
04/03/2007,PAE,WA,ANM,WE,Towers with Radar,8,12,35,0,55,0,2,227,2,231,8,14,262,2,286,241,4,245,531
04/04/2007,PAE,WA,ANM,WE,Towers with Radar,2,16,29,0,47,0,6,119,0,125,2,22,148,0,172,222,0,222,394
04/05/2007,PAE,WA,ANM,WE,Towers with Radar,5,14,45,0,64,1,2,171,2,176,6,16,216,2,240,326,0,326,566
04/06/2007,PAE,WA,ANM,WE,Towers with Radar,4,2,49,0,55,0,8,270,0,278,4,10,319,0,333,279,0,279,612
04/07/2007,PAE,WA,ANM,WE,Towers with Radar,0,2,56,3,61,0,0,178,3,181,0,2,234,6,242,372,0,372,614
04/08/2007,PAE,WA,ANM,WE,Towers with Radar,0,0,47,0,47,0,0,104,0,104,0,0,151,0,151,115,0,115,266
04/09/2007,PAE,WA,ANM,WE,Towers with Radar,10,1,28,0,39,0,5,27,0,32,10,6,55,0,71,98,0,98,169
04/10/2007,PAE,WA,ANM,WE,Towers with Radar,14,4,42,0,60,0,4,111,0,115,14,8,153,0,175,249,0,249,424
04/11/2007,PAE,WA,ANM,WE,Towers with Radar,12,10,63,0,85,0,2,155,0,157,12,12,218,0,242,236,0,236,478
04/12/2007,PAE,WA,ANM,WE,Towers with Radar,1,6,53,0,60,0,2,86,0,88,1,8,139,0,148,237,0,237,385
04/13/2007,PAE,WA,ANM,WE,Towers with Radar,1,3,38,0,42,0,3,66,1,70,1,6,104,1,112,122,0,122,234
04/14/2007,PAE,WA,ANM,WE,Towers with Radar,6,2,49,0,57,0,0,96,0,96,6,2,145,0,153,319,0,319,472
04/15/2007,PAE,WA,ANM,WE,Towers with Radar,4,0,30,0,34,0,0,284,1,285,4,0,314,1,319,327,0,327,646
04/16/2007,PAE,WA,ANM,WE,Towers with Radar,12,6,19,0,37,0,7,37,0,44,12,13,56,0,81,15,0,15,96
04/17/2007,PAE,WA,ANM,WE,Towers with Radar,7,7,20,0,34,2,1,104,0,107,9,8,124,0,141,158,0,158,299
04/18/2007,PAE,WA,ANM,WE,Towers with Radar,12,4,59,0,75,0,2,75,0,77,12,6,134,0,152,147,0,147,299
04/19/2007,PAE,WA,ANM,WE,Towers with Radar,6,14,55,1,76,1,1,95,0,97,7,15,150,1,173,262,0,262,435
04/20/2007,PAE,WA,ANM,WE,Towers with Radar,3,2,25,0,30,0,3,292,0,295,3,5,317,0,325,295,0,295,620
04/21/2007,PAE,WA,ANM,WE,Towers with Radar,6,0,35,1,42,0,3,148,1,152,6,3,183,2,194,243,5,248,442
04/22/2007,PAE,WA,ANM,WE,Towers with Radar,4,1,60,1,66,1,0,181,0,182,5,1,241,1,248,330,0,330,578
04/23/2007,PAE,WA,ANM,WE,Towers with Radar,9,14,60,1,84,2,4,170,0,176,11,18,230,1,260,172,8,180,440
04/24/2007,PAE,WA,ANM,WE,Towers with Radar,7,19,49,0,75,2,4,40,0,46,9,23,89,0,121,10,0,10,131
04/25/2007,PAE,WA,ANM,WE,Towers with Radar,6,4,44,0,54,0,3,79,0,82,6,7,123,0,136,132,0,132,268
04/26/2007,PAE,WA,ANM,WE,Towers with Radar,5,8,64,0,77,0,3,33,0,36,5,11,97,0,113,102,0,102,215
04/27/2007,PAE,WA,ANM,WE,Towers with Radar,2,3,57,2,64,0,4,38,0,42,2,7,95,2,106,54,0,54,160
04/28/2007,PAE,WA,ANM,WE,Towers with Radar,3,2,51,0,56,0,0,221,4,225,3,2,272,4,281,339,0,339,620
04/29/2007,PAE,WA,ANM,WE,Towers with Radar,9,2,56,0,67,0,0,202,3,205,9,2,258,3,272,262,0,262,534
04/30/2007,PAE,WA,ANM,WE,Towers with Radar,7,6,38,8,59,0,5,177,9,191,7,11,215,17,250,239,2,241,491
05/01/2007,PAE,WA,ANM,WE,Towers with Radar,4,10,47,2,63,0,4,102,0,106,4,14,149,2,169,185,0,185,354
05/02/2007,PAE,WA,ANM,WE,Towers with Radar,6,4,30,2,42,3,0,61,2,66,9,4,91,4,108,8,0,8,116
05/03/2007,PAE,WA,ANM,WE,Towers with Radar,4,9,63,0,76,0,8,81,0,89,4,17,144,0,165,163,0,163,328
05/04/2007,PAE,WA,ANM,WE,Towers with Radar,4,8,48,0,60,0,4,106,0,110,4,12,154,0,170,122,0,122,292
05/05/2007,PAE,WA,ANM,WE,Towers with Radar,2,0,43,0,45,0,2,233,0,235,2,2,276,0,280,217,0,217,497
05/06/2007,PAE,WA,ANM,WE,Towers with Radar,0,2,45,0,47,0,0,122,0,122,0,2,167,0,169,206,0,206,375
05/07/2007,PAE,WA,ANM,WE,Towers with Radar,4,2,32,0,38,0,6,167,0,173,4,8,199,0,211,193,0,193,404
05/08/2007,PAE,WA,ANM,WE,Towers with Radar,3,5,38,2,48,0,3,176,0,179,3,8,214,2,227,132,0,132,359
05/09/2007,PAE,WA,ANM,WE,Towers with Radar,6,16,53,2,77,0,5,212,0,217,6,21,265,2,294,331,0,331,625
05/10/2007,PAE,WA,ANM,WE,Towers with Radar,3,14,64,0,81,0,0,179,3,182,3,14,243,3,263,317,1,318,581
05/11/2007,PAE,WA,ANM,WE,Towers with Radar,0,3,40,0,43,1,3,188,1,193,1,6,228,1,236,364,0,364,600
05/12/2007,PAE,WA,ANM,WE,Towers with Radar,5,0,65,1,71,0,2,210,1,213,5,2,275,2,284,310,14,324,608
05/13/2007,PAE,WA,ANM,WE,Towers with Radar,0,0,37,2,39,0,1,89,0,90,0,1,126,2,129,95,0,95,224
05/14/2007,PAE,WA,ANM,WE,Towers with Radar,6,5,33,0,44,2,0,209,0,211,8,5,242,0,255,320,0,320,575
05/15/2007,PAE,WA,ANM,WE,Towers with Radar,3,4,51,2,60,0,1,209,0,210,3,5,260,2,270,293,0,293,563
05/16/2007,PAE,WA,ANM,WE,Towers with Radar,5,16,71,0,92,5,3,121,3,132,10,19,192,3,224,147,0,147,371
05/17/2007,PAE,WA,ANM,WE,Towers with Radar,9,14,60,0,83,1,5,143,0,149,10,19,203,0,232,251,0,251,483
05/18/2007,PAE,WA,ANM,WE,Towers with Radar,13,13,43,2,71,0,2,194,0,196,13,15,237,2,267,194,0,194,461
05/19/2007,PAE,WA,ANM,WE,Towers with Radar,3,0,22,0,25,0,0,216,0,216,3,0,238,0,241,64,0,64,305
05/20/2007,PAE,WA,ANM,WE,Towers with Radar,2,0,18,0,20,0,0,48,0,48,2,0,66,0,68,99,0,99,167
05/21/2007,PAE,WA,ANM,WE,Towers with Radar,3,3,42,0,48,2,4,112,3,121,5,7,154,3,169,134,0,134,303
05/22/2007,PAE,WA,ANM,WE,Towers with Radar,10,6,54,0,70,2,2,218,0,222,12,8,272,0,292,335,0,335,627
05/23/2007,PAE,WA,ANM,WE,Towers with Radar,5,15,41,0,61,1,3,177,0,181,6,18,218,0,242,239,0,239,481
05/24/2007,PAE,WA,ANM,WE,Towers with Radar,15,6,58,0,79,0,0,244,0,244,15,6,302,0,323,190,0,190,513
05/25/2007,PAE,WA,ANM,WE,Towers with Radar,6,8,40,0,54,4,6,207,0,217,10,14,247,0,271,245,0,245,516
05/26/2007,PAE,WA,ANM,WE,Towers with Radar,1,0,71,0,72,0,0,164,0,164,1,0,235,0,236,261,0,261,497
05/27/2007,PAE,WA,ANM,WE,Towers with Radar,2,4,31,0,37,0,2,12,2,16,2,6,43,2,53,34,0,34,87
05/28/2007,PAE,WA,ANM,WE,Towers with Radar,0,0,52,0,52,0,0,245,0,245,0,0,297,0,297,335,0,335,632
05/29/2007,PAE,WA,ANM,WE,Towers with Radar,8,11,34,0,53,0,5,201,0,206,8,16,235,0,259,322,0,322,581
05/30/2007,PAE,WA,ANM,WE,Towers with Radar,6,15,44,1,66,3,3,219,0,225,9,18,263,1,291,139,0,139,430
05/31/2007,PAE,WA,ANM,WE,Towers with Radar,4,10,46,1,61,3,15,160,1,179,7,25,206,2,240,167,0,167,407
06/01/2007,PAE,WA,ANM,WE,Towers with Radar,1,4,55,2,62,1,4,180,1,186,2,8,235,3,248,217,2,219,467
06/02/2007,PAE,WA,ANM,WE,Towers with Radar,5,0,45,0,50,0,0,296,0,296,5,0,341,0,346,240,0,240,586
06/03/2007,PAE,WA,ANM,WE,Towers with Radar,0,0,41,1,42,0,0,263,0,263,0,0,304,1,305,244,0,244,549
06/04/2007,PAE,WA,ANM,WE,Towers with Radar,10,6,52,4,72,0,8,83,0,91,10,14,135,4,163,190,0,190,353
06/05/2007,PAE,WA,ANM,WE,Towers with Radar,1,4,36,0,41,0,2,53,3,58,1,6,89,3,99,143,0,143,242
06/06/2007,PAE,WA,ANM,WE,Towers with Radar,5,8,59,0,72,2,3,87,2,94,7,11,146,2,166,208,0,208,374
06/07/2007,PAE,WA,ANM,WE,Towers with Radar,0,6,94,0,100,0,0,52,0,52,0,6,146,0,152,156,0,156,308
06/08/2007,PAE,WA,ANM,WE,Towers with Radar,16,6,47,0,69,2,2,230,4,238,18,8,277,4,307,230,0,230,537
06/09/2007,PAE,WA,ANM,WE,Towers with Radar,3,0,90,0,93,0,0,45,0,45,3,0,135,0,138,95,0,95,233
06/10/2007,PAE,WA,ANM,WE,Towers with Radar,0,0,53,0,53,0,0,77,0,77,0,0,130,0,130,94,0,94,224
06/11/2007,PAE,WA,ANM,WE,Towers with Radar,4,9,37,9,59,0,2,107,0,109,4,11,144,9,168,0,120,120,288
06/12/2007,PAE,WA,ANM,WE,Towers with Radar,10,8,295,4,317,0,0,0,0,0,10,8,295,4,317,283,0,283,600
06/13/2007,PAE,WA,ANM,WE,Towers with Radar,9,10,63,3,85,1,0,114,0,115,10,10,177,3,200,104,0,104,304
06/14/2007,PAE,WA,ANM,WE,Towers with Radar,9,8,64,0,81,0,0,129,2,131,9,8,193,2,212,202,0,202,414
06/15/2007,PAE,WA,ANM,WE,Towers with Radar,3,19,68,2,92,3,0,76,0,79,6,19,144,2,171,105,0,105,276
06/16/2007,PAE,WA,ANM,WE,Towers with Radar,3,3,39,2,47,1,0,101,0,102,4,3,140,2,149,216,0,216,365
06/17/2007,PAE,WA,ANM,WE,Towers with Radar,3,2,90,2,97,0,0,17,0,17,3,2,107,2,114,4,0,4,118
06/18/2007,PAE,WA,ANM,WE,Towers with Radar,8,15,58,0,81,0,3,94,1,98,8,18,152,1,179,156,0,156,335
06/19/2007,PAE,WA,ANM,WE,Towers with Radar,8,6,60,0,74,0,10,233,2,245,8,16,293,2,319,365,1,366,685
06/20/2007,PAE,WA,ANM,WE,Towers with Radar,17,2,55,1,75,1,9,254,3,267,18,11,309,4,342,215,0,215,557
06/21/2007,PAE,WA,ANM,WE,Towers with Radar,11,4,69,0,84,0,3,142,0,145,11,7,211,0,229,327,0,327,556
06/22/2007,PAE,WA,ANM,WE,Towers with Radar,21,2,48,0,71,1,4,103,2,110,22,6,151,2,181,176,0,176,357
06/23/2007,PAE,WA,ANM,WE,Towers with Radar,1,4,55,0,60,0,2,114,1,117,1,6,169,1,177,209,0,209,386
06/24/2007,PAE,WA,ANM,WE,Towers with Radar,5,12,45,0,62,0,0,55,0,55,5,12,100,0,117,110,0,110,227
06/25/2007,PAE,WA,ANM,WE,Towers with Radar,8,7,30,0,45,0,2,138,0,140,8,9,168,0,185,245,0,245,430
06/26/2007,PAE,WA,ANM,WE,Towers with Radar,7,4,59,6,76,2,0,239,3,244,9,4,298,9,320,316,0,316,636
06/27/2007,PAE,WA,ANM,WE,Towers with Radar,12,4,66,1,83,0,0,210,3,213,12,4,276,4,296,305,0,305,601
06/28/2007,PAE,WA,ANM,WE,Towers with Radar,4,5,71,1,81,0,1,120,1,122,4,6,191,2,203,270,0,270,473
06/29/2007,PAE,WA,ANM,WE,Towers with Radar,8,2,38,0,48,0,6,111,6,123,8,8,149,6,171,140,0,140,311
06/30/2007,PAE,WA,ANM,WE,Towers with Radar,1,4,31,0,36,0,0,418,0,418,1,4,449,0,454,338,0,338,792
07/01/2007,PAE,WA,ANM,WE,Towers with Radar,2,2,40,0,44,0,0,194,0,194,2,2,234,0,238,184,0,184,422
07/02/2007,PAE,WA,ANM,WE,Towers with Radar,9,12,52,0,73,0,2,143,0,145,9,14,195,0,218,225,0,225,443
07/03/2007,PAE,WA,ANM,WE,Towers with Radar,4,11,52,0,67,1,3,236,0,240,5,14,288,0,307,209,0,209,516
07/04/2007,PAE,WA,ANM,WE,Towers with Radar,0,1,33,0,34,0,0,241,0,241,0,1,274,0,275,145,0,145,420
07/05/2007,PAE,WA,ANM,WE,Towers with Radar,4,4,56,1,65,0,1,187,0,188,4,5,243,1,253,181,0,181,434
07/06/2007,PAE,WA,ANM,WE,Towers with Radar,5,10,33,4,52,0,2,282,0,284,5,12,315,4,336,252,0,252,588
07/07/2007,PAE,WA,ANM,WE,Towers with Radar,15,4,28,0,47,2,2,231,2,237,17,6,259,2,284,252,0,252,536
07/08/2007,PAE,WA,ANM,WE,Towers with Radar,2,3,53,2,60,0,0,162,3,165,2,3,215,5,225,174,0,174,399
07/09/2007,PAE,WA,ANM,WE,Towers with Radar,1,5,33,0,39,0,4,144,0,148,1,9,177,0,187,130,0,130,317
07/10/2007,PAE,WA,ANM,WE,Towers with Radar,8,9,51,0,68,0,5,219,4,228,8,14,270,4,296,270,0,270,566
07/11/2007,PAE,WA,ANM,WE,Towers with Radar,4,4,69,0,77,2,6,203,0,211,6,10,272,0,288,166,0,166,454
07/12/2007,PAE,WA,ANM,WE,Towers with Radar,4,6,33,3,46,4,5,176,0,185,8,11,209,3,231,246,0,246,477
07/13/2007,PAE,WA,ANM,WE,Towers with Radar,8,5,45,3,61,3,3,144,2,152,11,8,189,5,213,142,6,148,361
07/14/2007,PAE,WA,ANM,WE,Towers with Radar,0,0,61,0,61,0,2,195,1,198,0,2,256,1,259,260,0,260,519
07/15/2007,PAE,WA,ANM,WE,Towers with Radar,2,1,34,0,37,0,1,193,1,195,2,2,227,1,232,226,0,226,458
07/16/2007,PAE,WA,ANM,WE,Towers with Radar,7,6,38,1,52,3,6,232,0,241,10,12,270,1,293,242,0,242,535
07/17/2007,PAE,WA,ANM,WE,Towers with Radar,9,1,33,0,43,0,5,141,4,150,9,6,174,4,193,317,2,319,512
07/18/2007,PAE,WA,ANM,WE,Towers with Radar,12,5,53,0,70,0,3,11,0,14,12,8,64,0,84,0,0,0,84
07/19/2007,PAE,WA,ANM,WE,Towers with Radar,9,4,72,2,87,0,5,140,0,145,9,9,212,2,232,256,0,256,488
07/20/2007,PAE,WA,ANM,WE,Towers with Radar,8,11,57,0,76,2,2,57,1,62,10,13,114,1,138,80,0,80,218
07/21/2007,PAE,WA,ANM,WE,Towers with Radar,0,2,57,0,59,0,0,158,3,161,0,2,215,3,220,246,2,248,468
07/22/2007,PAE,WA,ANM,WE,Towers with Radar,0,0,59,4,63,0,0,73,0,73,0,0,132,4,136,158,0,158,294
07/23/2007,PAE,WA,ANM,WE,Towers with Radar,8,10,59,1,78,0,0,0,0,0,8,10,59,1,78,10,0,10,88
07/24/2007,PAE,WA,ANM,WE,Towers with Radar,14,7,51,4,76,1,7,268,0,276,15,14,319,4,352,342,0,342,694
07/25/2007,PAE,WA,ANM,WE,Towers with Radar,7,7,67,0,81,1,4,265,1,271,8,11,332,1,352,380,0,380,732
07/26/2007,PAE,WA,ANM,WE,Towers with Radar,5,10,61,2,78,0,4,127,0,131,5,14,188,2,209,274,0,274,483
07/27/2007,PAE,WA,ANM,WE,Towers with Radar,3,0,54,2,59,0,7,173,2,182,3,7,227,4,241,324,0,324,565
07/28/2007,PAE,WA,ANM,WE,Towers with Radar,4,4,42,0,50,0,7,228,3,238,4,11,270,3,288,411,6,417,705
07/29/2007,PAE,WA,ANM,WE,Towers with Radar,3,0,79,0,82,1,0,133,0,134,4,0,212,0,216,93,0,93,309
07/30/2007,PAE,WA,ANM,WE,Towers with Radar,5,11,49,3,68,0,3,218,0,221,5,14,267,3,289,250,0,250,539
07/31/2007,PAE,WA,ANM,WE,Towers with Radar,4,6,77,0,87,0,9,223,0,232,4,15,300,0,319,334,0,334,653
08/01/2007,PAE,WA,ANM,WE,Towers with Radar,3,5,50,0,58,0,4,250,1,255,3,9,300,1,313,301,0,301,614
08/02/2007,PAE,WA,ANM,WE,Towers with Radar,6,5,38,3,52,1,1,238,0,240,7,6,276,3,292,341,0,341,633
08/03/2007,PAE,WA,ANM,WE,Towers with Radar,2,3,85,4,94,0,1,62,1,64,2,4,147,5,158,210,10,220,378
08/04/2007,PAE,WA,ANM,WE,Towers with Radar,0,2,53,0,55,0,0,196,5,201,0,2,249,5,256,262,0,262,518
08/05/2007,PAE,WA,ANM,WE,Towers with Radar,11,1,62,0,74,0,0,219,4,223,11,1,281,4,297,310,0,310,607
08/06/2007,PAE,WA,ANM,WE,Towers with Radar,9,3,81,1,94,0,5,124,0,129,9,8,205,1,223,276,0,276,499
08/07/2007,PAE,WA,ANM,WE,Towers with Radar,3,8,79,4,94,0,1,59,0,60,3,9,138,4,154,156,0,156,310
08/08/2007,PAE,WA,ANM,WE,Towers with Radar,2,5,57,2,66,1,2,115,0,118,3,7,172,2,184,208,0,208,392
08/09/2007,PAE,WA,ANM,WE,Towers with Radar,0,4,41,2,47,0,2,208,0,210,0,6,249,2,257,458,0,458,715
08/10/2007,PAE,WA,ANM,WE,Towers with Radar,6,7,65,1,79,2,4,171,0,177,8,11,236,1,256,216,1,217,473
08/11/2007,PAE,WA,ANM,WE,Towers with Radar,3,8,50,0,61,1,0,282,2,285,4,8,332,2,346,220,0,220,566
08/12/2007,PAE,WA,ANM,WE,Towers with Radar,1,1,63,0,65,2,0,151,0,153,3,1,214,0,218,312,0,312,530
08/13/2007,PAE,WA,ANM,WE,Towers with Radar,0,15,61,0,76,0,3,200,0,203,0,18,261,0,279,380,0,380,659
08/14/2007,PAE,WA,ANM,WE,Towers with Radar,7,22,62,0,91,0,5,255,4,264,7,27,317,4,355,376,0,376,731
08/15/2007,PAE,WA,ANM,WE,Towers with Radar,10,12,68,2,92,0,4,260,0,264,10,16,328,2,356,434,0,434,790
08/16/2007,PAE,WA,ANM,WE,Towers with Radar,7,24,87,0,118,4,3,182,1,190,11,27,269,1,308,408,0,408,716
08/17/2007,PAE,WA,ANM,WE,Towers with Radar,7,3,53,2,65,7,7,244,1,259,14,10,297,3,324,224,0,224,548
08/18/2007,PAE,WA,ANM,WE,Towers with Radar,6,4,69,1,80,0,1,149,0,150,6,5,218,1,230,214,0,214,444
08/19/2007,PAE,WA,ANM,WE,Towers with Radar,4,1,76,1,82,2,2,63,0,67,6,3,139,1,149,130,0,130,279
08/20/2007,PAE,WA,ANM,WE,Towers with Radar,10,5,70,0,85,1,2,15,0,18,11,7,85,0,103,28,0,28,131
08/21/2007,PAE,WA,ANM,WE,Towers with Radar,7,8,63,0,78,0,2,103,0,105,7,10,166,0,183,304,0,304,487
08/22/2007,PAE,WA,ANM,WE,Towers with Radar,14,6,80,0,100,0,2,230,1,233,14,8,310,1,333,337,0,337,670
08/23/2007,PAE,WA,ANM,WE,Towers with Radar,14,9,55,1,79,0,6,246,1,253,14,15,301,2,332,206,0,206,538
08/24/2007,PAE,WA,ANM,WE,Towers with Radar,9,2,38,1,50,0,4,228,3,235,9,6,266,4,285,265,0,265,550
08/25/2007,PAE,WA,ANM,WE,Towers with Radar,8,0,48,0,56,0,1,51,0,52,8,1,99,0,108,201,0,201,309
08/26/2007,PAE,WA,ANM,WE,Towers with Radar,3,0,46,0,49,0,0,210,0,210,3,0,256,0,259,240,0,240,499
08/27/2007,PAE,WA,ANM,WE,Towers with Radar,5,4,40,1,50,0,2,103,0,105,5,6,143,1,155,165,0,165,320
08/28/2007,PAE,WA,ANM,WE,Towers with Radar,8,5,58,3,74,0,8,341,0,349,8,13,399,3,423,416,0,416,839
08/29/2007,PAE,WA,ANM,WE,Towers with Radar,8,12,48,0,68,0,13,271,0,284,8,25,319,0,352,411,0,411,763
08/30/2007,PAE,WA,ANM,WE,Towers with Radar,11,12,43,0,66,0,1,171,0,172,11,13,214,0,238,215,0,215,453
08/31/2007,PAE,WA,ANM,WE,Towers with Radar,2,9,49,0,60,0,0,158,0,158,2,9,207,0,218,190,0,190,408
09/01/2007,PAE,WA,ANM,WE,Towers with Radar,4,0,60,0,64,0,2,220,1,223,4,2,280,1,287,178,0,178,465
09/02/2007,PAE,WA,ANM,WE,Towers with Radar,4,0,47,0,51,0,0,154,1,155,4,0,201,1,206,222,0,222,428
09/03/2007,PAE,WA,ANM,WE,Towers with Radar,2,1,22,0,25,0,0,172,0,172,2,1,194,0,197,186,0,186,383
09/04/2007,PAE,WA,ANM,WE,Towers with Radar,4,3,48,2,57,0,4,25,0,29,4,7,73,2,86,106,0,106,192
09/05/2007,PAE,WA,ANM,WE,Towers with Radar,1,4,73,0,78,0,2,135,0,137,1,6,208,0,215,245,0,245,460
09/06/2007,PAE,WA,ANM,WE,Towers with Radar,0,4,62,2,68,0,0,105,2,107,0,4,167,4,175,222,0,222,397
09/07/2007,PAE,WA,ANM,WE,Towers with Radar,12,11,33,0,56,0,8,214,0,222,12,19,247,0,278,247,0,247,525
09/08/2007,PAE,WA,ANM,WE,Towers with Radar,6,1,54,0,61,0,0,199,1,200,6,1,253,1,261,174,0,174,435
09/09/2007,PAE,WA,ANM,WE,Towers with Radar,5,0,32,0,37,0,0,254,0,254,5,0,286,0,291,209,0,209,500
09/10/2007,PAE,WA,ANM,WE,Towers with Radar,3,10,25,2,40,1,4,162,0,167,4,14,187,2,207,194,0,194,401
09/11/2007,PAE,WA,ANM,WE,Towers with Radar,10,5,43,1,59,0,5,205,3,213,10,10,248,4,272,350,0,350,622
09/12/2007,PAE,WA,ANM,WE,Towers with Radar,4,7,52,0,63,2,4,96,0,102,6,11,148,0,165,211,0,211,376
09/13/2007,PAE,WA,ANM,WE,Towers with Radar,6,13,45,0,64,0,0,132,0,132,6,13,177,0,196,212,0,212,408
09/14/2007,PAE,WA,ANM,WE,Towers with Radar,15,9,32,0,56,5,0,92,1,98,20,9,124,1,154,154,1,155,309
09/15/2007,PAE,WA,ANM,WE,Towers with Radar,2,0,70,0,72,0,0,160,0,160,2,0,230,0,232,275,0,275,507
09/16/2007,PAE,WA,ANM,WE,Towers with Radar,2,0,47,0,49,18,0,17,0,35,20,0,64,0,84,10,0,10,94
09/17/2007,PAE,WA,ANM,WE,Towers with Radar,5,12,48,0,65,0,3,51,2,56,5,15,99,2,121,110,0,110,231
09/18/2007,PAE,WA,ANM,WE,Towers with Radar,4,12,57,8,81,0,2,150,0,152,4,14,207,8,233,223,2,225,458
09/19/2007,PAE,WA,ANM,WE,Towers with Radar,10,5,48,0,63,2,3,127,0,132,12,8,175,0,195,126,0,126,321
09/20/2007,PAE,WA,ANM,WE,Towers with Radar,7,9,73,0,89,0,2,104,1,107,7,11,177,1,196,294,0,294,490
09/21/2007,PAE,WA,ANM,WE,Towers with Radar,10,22,62,0,94,0,1,106,0,107,10,23,168,0,201,110,0,110,311
09/22/2007,PAE,WA,ANM,WE,Towers with Radar,4,0,62,0,66,0,1,112,0,113,4,1,174,0,179,306,0,306,485
09/23/2007,PAE,WA,ANM,WE,Towers with Radar,8,1,67,2,78,0,1,165,0,166,8,2,232,2,244,223,0,223,467
09/24/2007,PAE,WA,ANM,WE,Towers with Radar,8,25,35,0,68,2,4,158,0,164,10,29,193,0,232,214,0,214,446
09/25/2007,PAE,WA,ANM,WE,Towers with Radar,9,7,41,0,57,0,6,57,1,64,9,13,98,1,121,140,0,140,261
09/26/2007,PAE,WA,ANM,WE,Towers with Radar,4,8,38,0,50,0,18,176,0,194,4,26,214,0,244,298,0,298,542
09/27/2007,PAE,WA,ANM,WE,Towers with Radar,9,13,42,0,64,0,10,97,0,107,9,23,139,0,171,219,0,219,390
09/28/2007,PAE,WA,ANM,WE,Towers with Radar,12,8,68,2,90,2,2,129,2,135,14,10,197,4,225,195,0,195,420
09/29/2007,PAE,WA,ANM,WE,Towers with Radar,1,1,65,2,69,0,0,75,1,76,1,1,140,3,145,190,0,190,335
09/30/2007,PAE,WA,ANM,WE,Towers with Radar,2,3,58,0,63,0,0,11,1,12,2,3,69,1,75,49,0,49,124
10/01/2007,PAE,WA,ANM,WE,Towers with Radar,9,27,36,0,72,1,3,73,1,78,10,30,109,1,150,143,0,143,293
10/02/2007,PAE,WA,ANM,WE,Towers with Radar,3,8,35,1,47,3,0,20,0,23,6,8,55,1,70,34,0,34,104
10/03/2007,PAE,WA,ANM,WE,Towers with Radar,6,5,15,3,29,2,0,41,1,44,8,5,56,4,73,118,0,118,191
10/04/2007,PAE,WA,ANM,WE,Towers with Radar,3,4,47,0,54,0,2,51,0,53,3,6,98,0,107,124,0,124,231
10/05/2007,PAE,WA,ANM,WE,Towers with Radar,13,2,42,2,59,1,0,158,0,159,14,2,200,2,218,364,1,365,583
10/06/2007,PAE,WA,ANM,WE,Towers with Radar,7,3,31,1,42,0,0,66,0,66,7,3,97,1,108,92,0,92,200
10/07/2007,PAE,WA,ANM,WE,Towers with Radar,1,3,32,0,36,0,0,0,0,0,1,3,32,0,36,26,0,26,62
10/08/2007,PAE,WA,ANM,WE,Towers with Radar,9,0,68,0,77,0,2,176,1,179,9,2,244,1,256,261,0,261,517
10/09/2007,PAE,WA,ANM,WE,Towers with Radar,5,10,49,3,67,3,5,100,5,113,8,15,149,8,180,168,0,168,348
10/10/2007,PAE,WA,ANM,WE,Towers with Radar,3,6,32,0,41,0,0,71,0,71,3,6,103,0,112,192,0,192,304
10/11/2007,PAE,WA,ANM,WE,Towers with Radar,6,6,50,0,62,5,0,140,0,145,11,6,190,0,207,287,0,287,494
10/12/2007,PAE,WA,ANM,WE,Towers with Radar,11,7,62,0,80,0,5,208,1,214,11,12,270,1,294,252,0,252,546
10/13/2007,PAE,WA,ANM,WE,Towers with Radar,4,5,56,2,67,0,3,237,0,240,4,8,293,2,307,396,0,396,703
10/14/2007,PAE,WA,ANM,WE,Towers with Radar,7,3,52,2,64,0,4,240,0,244,7,7,292,2,308,285,2,287,595
10/15/2007,PAE,WA,ANM,WE,Towers with Radar,2,11,39,0,52,0,4,18,1,23,2,15,57,1,75,62,0,62,137
10/16/2007,PAE,WA,ANM,WE,Towers with Radar,4,9,33,0,46,1,1,89,4,95,5,10,122,4,141,135,0,135,276
10/17/2007,PAE,WA,ANM,WE,Towers with Radar,6,7,25,0,38,0,1,30,0,31,6,8,55,0,69,148,0,148,217
10/18/2007,PAE,WA,ANM,WE,Towers with Radar,4,10,11,0,25,0,1,24,0,25,4,11,35,0,50,17,0,17,67
10/19/2007,PAE,WA,ANM,WE,Towers with Radar,14,7,10,0,31,0,2,20,0,22,14,9,30,0,53,15,0,15,68
10/20/2007,PAE,WA,ANM,WE,Towers with Radar,7,1,57,0,65,1,0,48,0,49,8,1,105,0,114,75,0,75,189
10/21/2007,PAE,WA,ANM,WE,Towers with Radar,8,5,49,0,62,0,5,106,0,111,8,10,155,0,173,68,2,70,243
10/22/2007,PAE,WA,ANM,WE,Towers with Radar,5,3,56,0,64,1,4,106,0,111,6,7,162,0,175,142,0,142,317
10/23/2007,PAE,WA,ANM,WE,Towers with Radar,17,3,57,10,87,0,0,319,1,320,17,3,376,11,407,352,0,352,759
10/24/2007,PAE,WA,ANM,WE,Towers with Radar,10,8,36,0,54,2,2,21,1,26,12,10,57,1,80,32,0,32,112
10/25/2007,PAE,WA,ANM,WE,Towers with Radar,11,18,55,0,84,0,15,136,0,151,11,33,191,0,235,467,0,467,702
10/26/2007,PAE,WA,ANM,WE,Towers with Radar,8,8,54,0,70,0,10,181,0,191,8,18,235,0,261,391,1,392,653
10/27/2007,PAE,WA,ANM,WE,Towers with Radar,8,3,57,2,70,4,3,352,0,359,12,6,409,2,429,376,2,378,807
10/28/2007,PAE,WA,ANM,WE,Towers with Radar,9,4,53,0,66,0,0,175,0,175,9,4,228,0,241,228,0,228,469
10/29/2007,PAE,WA,ANM,WE,Towers with Radar,4,4,46,3,57,2,2,34,0,38,6,6,80,3,95,52,0,52,147
10/30/2007,PAE,WA,ANM,WE,Towers with Radar,5,10,30,2,47,5,3,164,3,175,10,13,194,5,222,315,0,315,537
10/31/2007,PAE,WA,ANM,WE,Towers with Radar,3,4,40,3,50,0,2,83,0,85,3,6,123,3,135,134,0,134,269
11/01/2007,PAE,WA,ANM,WE,Towers with Radar,8,6,55,0,69,0,0,110,0,110,8,6,165,0,179,269,0,269,448
11/02/2007,PAE,WA,ANM,WE,Towers with Radar,5,5,55,0,65,0,0,160,1,161,5,5,215,1,226,300,1,301,527
11/03/2007,PAE,WA,ANM,WE,Towers with Radar,1,1,61,2,65,0,0,54,3,57,1,1,115,5,122,266,1,267,389
11/04/2007,PAE,WA,ANM,WE,Towers with Radar,2,0,57,2,61,1,0,147,5,153,3,0,204,7,214,275,0,275,489
11/05/2007,PAE,WA,ANM,WE,Towers with Radar,8,6,54,6,74,0,1,151,0,152,8,7,205,6,226,212,0,212,438
11/06/2007,PAE,WA,ANM,WE,Towers with Radar,2,15,59,4,80,4,4,88,0,96,6,19,147,4,176,206,0,206,382
11/07/2007,PAE,WA,ANM,WE,Towers with Radar,3,10,43,5,61,3,6,66,0,75,6,16,109,5,136,200,2,202,338
11/08/2007,PAE,WA,ANM,WE,Towers with Radar,5,5,32,0,42,0,3,20,0,23,5,8,52,0,65,22,0,22,87
11/09/2007,PAE,WA,ANM,WE,Towers with Radar,4,14,45,0,63,0,3,76,0,79,4,17,121,0,142,152,0,152,294
11/10/2007,PAE,WA,ANM,WE,Towers with Radar,1,2,41,10,54,1,1,112,0,114,2,3,153,10,168,323,0,323,491
11/11/2007,PAE,WA,ANM,WE,Towers with Radar,1,0,29,4,34,1,0,65,11,77,2,0,94,15,111,116,0,116,227
11/12/2007,PAE,WA,ANM,WE,Towers with Radar,4,2,3,0,9,0,0,6,0,6,4,2,9,0,15,0,0,0,15
11/13/2007,PAE,WA,ANM,WE,Towers with Radar,2,2,57,0,61,0,5,130,6,141,2,7,187,6,202,298,0,298,500
11/14/2007,PAE,WA,ANM,WE,Towers with Radar,6,15,37,1,59,3,2,89,0,94,9,17,126,1,153,146,0,146,299
11/15/2007,PAE,WA,ANM,WE,Towers with Radar,11,9,47,3,70,3,2,18,0,23,14,11,65,3,93,6,0,6,99
11/16/2007,PAE,WA,ANM,WE,Towers with Radar,4,5,67,1,77,2,2,14,0,18,6,7,81,1,95,86,0,86,181
11/17/2007,PAE,WA,ANM,WE,Towers with Radar,3,4,48,1,56,0,0,31,0,31,3,4,79,1,87,52,0,52,139
11/18/2007,PAE,WA,ANM,WE,Towers with Radar,0,0,79,0,79,0,0,106,0,106,0,0,185,0,185,287,0,287,472
11/19/2007,PAE,WA,ANM,WE,Towers with Radar,4,11,51,0,66,1,5,17,0,23,5,16,68,0,89,6,0,6,95
11/20/2007,PAE,WA,ANM,WE,Towers with Radar,11,16,30,1,58,0,0,116,0,116,11,16,146,1,174,265,0,265,439
11/21/2007,PAE,WA,ANM,WE,Towers with Radar,14,6,46,0,66,0,12,225,0,237,14,18,271,0,303,308,0,308,611
11/22/2007,PAE,WA,ANM,WE,Towers with Radar,0,0,17,0,17,0,0,82,0,82,0,0,99,0,99,91,0,91,190
11/23/2007,PAE,WA,ANM,WE,Towers with Radar,5,3,52,0,60,0,4,280,4,288,5,7,332,4,348,170,0,170,518
11/24/2007,PAE,WA,ANM,WE,Towers with Radar,4,0,51,2,57,0,0,187,0,187,4,0,238,2,244,293,0,293,537
11/25/2007,PAE,WA,ANM,WE,Towers with Radar,2,0,40,0,42,0,0,324,0,324,2,0,364,0,366,232,0,232,598
11/26/2007,PAE,WA,ANM,WE,Towers with Radar,12,10,17,0,39,0,1,67,0,68,12,11,84,0,107,101,0,101,208
11/27/2007,PAE,WA,ANM,WE,Towers with Radar,12,3,42,1,58,1,10,124,0,135,13,13,166,1,193,198,0,198,391
11/28/2007,PAE,WA,ANM,WE,Towers with Radar,6,5,22,3,36,0,0,38,0,38,6,5,60,3,74,78,0,78,152
11/29/2007,PAE,WA,ANM,WE,Towers with Radar,12,11,37,1,61,1,0,68,0,69,13,11,105,1,130,225,1,226,356
11/30/2007,PAE,WA,ANM,WE,Towers with Radar,11,6,61,5,83,0,1,149,2,152,11,7,210,7,235,151,0,151,386
12/01/2007,PAE,WA,ANM,WE,Towers with Radar,1,0,12,2,15,0,0,42,0,42,1,0,54,2,57,134,20,154,211
12/02/2007,PAE,WA,ANM,WE,Towers with Radar,2,0,5,1,8,0,0,4,0,4,2,0,9,1,12,0,0,0,12
12/03/2007,PAE,WA,ANM,WE,Towers with Radar,8,5,9,0,22,0,1,0,0,1,8,6,9,0,23,0,0,0,23
12/04/2007,PAE,WA,ANM,WE,Towers with Radar,8,5,17,0,30,0,3,24,0,27,8,8,41,0,57,6,0,6,63
12/05/2007,PAE,WA,ANM,WE,Towers with Radar,6,6,70,0,82,0,0,57,0,57,6,6,127,0,139,136,0,136,275
12/06/2007,PAE,WA,ANM,WE,Towers with Radar,1,4,53,2,60,1,1,65,0,67,2,5,118,2,127,124,0,124,251
12/07/2007,PAE,WA,ANM,WE,Towers with Radar,3,6,56,3,68,0,0,202,0,202,3,6,258,3,270,208,8,216,486
12/08/2007,PAE,WA,ANM,WE,Towers with Radar,5,2,348,0,355,0,0,0,0,0,5,2,348,0,355,464,0,464,819
12/09/2007,PAE,WA,ANM,WE,Towers with Radar,5,0,24,5,34,0,0,38,0,38,5,0,62,5,72,129,0,129,201
12/10/2007,PAE,WA,ANM,WE,Towers with Radar,2,9,28,2,41,0,1,4,0,5,2,10,32,2,46,0,0,0,46
12/11/2007,PAE,WA,ANM,WE,Towers with Radar,9,7,73,0,89,0,0,127,0,127,9,7,200,0,216,149,0,149,365
12/12/2007,PAE,WA,ANM,WE,Towers with Radar,13,4,24,0,41,2,1,53,0,56,15,5,77,0,97,117,0,117,214
12/13/2007,PAE,WA,ANM,WE,Towers with Radar,23,10,18,0,51,0,0,35,1,36,23,10,53,1,87,44,0,44,131
12/14/2007,PAE,WA,ANM,WE,Towers with Radar,8,4,56,2,70,0,4,106,0,110,8,8,162,2,180,230,0,230,410
12/15/2007,PAE,WA,ANM,WE,Towers with Radar,6,1,13,4,24,0,1,19,2,22,6,2,32,6,46,18,0,18,64
12/16/2007,PAE,WA,ANM,WE,Towers with Radar,6,1,40,0,47,0,0,132,4,136,6,1,172,4,183,232,0,232,415
12/17/2007,PAE,WA,ANM,WE,Towers with Radar,23,9,37,0,69,0,4,32,0,36,23,13,69,0,105,120,0,120,225
12/18/2007,PAE,WA,ANM,WE,Towers with Radar,4,6,21,0,31,0,0,13,0,13,4,6,34,0,44,20,0,20,64
12/19/2007,PAE,WA,ANM,WE,Towers with Radar,3,8,14,3,28,0,0,14,0,14,3,8,28,3,42,28,0,28,70
12/20/2007,PAE,WA,ANM,WE,Towers with Radar,15,9,43,2,69,0,1,59,0,60,15,10,102,2,129,70,0,70,199
12/21/2007,PAE,WA,ANM,WE,Towers with Radar,8,4,56,0,68,0,2,174,0,176,8,6,230,0,244,194,0,194,438
12/22/2007,PAE,WA,ANM,WE,Towers with Radar,3,2,17,0,22,0,0,0,0,0,3,2,17,0,22,0,0,0,22
12/23/2007,PAE,WA,ANM,WE,Towers with Radar,2,0,9,0,11,1,0,15,0,16,3,0,24,0,27,30,0,30,57
12/24/2007,PAE,WA,ANM,WE,Towers with Radar,0,3,11,0,14,0,2,76,0,78,0,5,87,0,92,135,0,135,227
12/25/2007,PAE,WA,ANM,WE,Towers with Radar,0,0,4,0,4,0,0,5,0,5,0,0,9,0,9,2,0,2,11
12/26/2007,PAE,WA,ANM,WE,Towers with Radar,0,3,36,0,39,0,5,60,0,65,0,8,96,0,104,134,0,134,238
12/27/2007,PAE,WA,ANM,WE,Towers with Radar,5,6,8,2,21,0,0,1,1,2,5,6,9,3,23,0,2,2,25
12/28/2007,PAE,WA,ANM,WE,Towers with Radar,0,6,26,0,32,0,1,21,2,24,0,7,47,2,56,34,0,34,90
12/29/2007,PAE,WA,ANM,WE,Towers with Radar,1,0,34,0,35,0,0,46,0,46,1,0,80,0,81,102,0,102,183
12/30/2007,PAE,WA,ANM,WE,Towers with Radar,0,0,17,0,17,0,0,36,0,36,0,0,53,0,53,58,0,58,111
12/31/2007,PAE,WA,ANM,WE,Towers with Radar,2,2,66,0,70,0,3,155,0,158,2,5,221,0,228,236,0,236,464
01/01/2008,PAE,WA,ANM,WE,Towers with Radar,0,0,28,1,29,0,0,180,0,180,0,0,208,1,209,96,8,104,313
01/02/2008,PAE,WA,ANM,WE,Towers with Radar,5,5,45,2,57,1,3,22,0,26,6,8,67,2,83,34,0,34,117
01/03/2008,PAE,WA,ANM,WE,Towers with Radar,11,14,23,1,49,0,1,6,0,7,11,15,29,1,56,22,0,22,78
01/04/2008,PAE,WA,ANM,WE,Towers with Radar,8,10,28,0,46,0,2,28,0,30,8,12,56,0,76,48,0,48,124
01/05/2008,PAE,WA,ANM,WE,Towers with Radar,3,0,16,0,19,3,0,9,0,12,6,0,25,0,31,4,0,4,35
01/06/2008,PAE,WA,ANM,WE,Towers with Radar,2,0,33,0,35,0,0,27,0,27,2,0,60,0,62,66,0,66,128
01/07/2008,PAE,WA,ANM,WE,Towers with Radar,3,6,26,0,35,2,4,66,0,72,5,10,92,0,107,69,0,69,176
01/08/2008,PAE,WA,ANM,WE,Towers with Radar,4,7,27,1,39,4,2,42,0,48,8,9,69,1,87,82,2,84,171
01/09/2008,PAE,WA,ANM,WE,Towers with Radar,6,7,47,0,60,0,1,65,0,66,6,8,112,0,126,154,0,154,280
01/10/2008,PAE,WA,ANM,WE,Towers with Radar,12,8,40,0,60,0,1,29,0,30,12,9,69,0,90,13,0,13,103
01/11/2008,PAE,WA,ANM,WE,Towers with Radar,15,4,63,3,85,0,3,68,3,74,15,7,131,6,159,105,10,115,274
01/12/2008,PAE,WA,ANM,WE,Towers with Radar,7,0,14,1,22,1,0,38,0,39,8,0,52,1,61,31,0,31,92
01/13/2008,PAE,WA,ANM,WE,Towers with Radar,0,0,95,0,95,0,0,296,2,298,0,0,391,2,393,360,0,360,753
01/14/2008,PAE,WA,ANM,WE,Towers with Radar,17,16,16,2,51,0,3,26,1,30,17,19,42,3,81,10,0,10,91
01/15/2008,PAE,WA,ANM,WE,Towers with Radar,1,13,71,2,87,0,1,67,0,68,1,14,138,2,155,174,0,174,329
01/16/2008,PAE,WA,ANM,WE,Towers with Radar,11,11,73,3,98,4,1,116,1,122,15,12,189,4,220,186,0,186,406
01/17/2008,PAE,WA,ANM,WE,Towers with Radar,22,6,69,2,99,0,4,109,0,113,22,10,178,2,212,170,0,170,382
01/18/2008,PAE,WA,ANM,WE,Towers with Radar,3,7,76,0,86,0,5,105,0,110,3,12,181,0,196,212,0,212,408
01/19/2008,PAE,WA,ANM,WE,Towers with Radar,0,0,16,0,16,0,0,2,0,2,0,0,18,0,18,0,0,0,18
01/20/2008,PAE,WA,ANM,WE,Towers with Radar,0,9,45,0,54,1,0,28,0,29,1,9,73,0,83,28,0,28,111
01/21/2008,PAE,WA,ANM,WE,Towers with Radar,20,6,85,2,113,0,9,201,0,210,20,15,286,2,323,284,0,284,607
01/22/2008,PAE,WA,ANM,WE,Towers with Radar,6,7,74,1,88,2,1,164,1,168,8,8,238,2,256,320,0,320,576
01/23/2008,PAE,WA,ANM,WE,Towers with Radar,3,7,83,0,93,1,3,229,0,233,4,10,312,0,326,290,0,290,616
01/24/2008,PAE,WA,ANM,WE,Towers with Radar,25,6,83,0,114,0,3,97,2,102,25,9,180,2,216,128,0,128,344
01/25/2008,PAE,WA,ANM,WE,Towers with Radar,5,26,68,0,99,1,10,198,4,213,6,36,266,4,312,320,0,320,632
01/26/2008,PAE,WA,ANM,WE,Towers with Radar,6,0,27,0,33,0,0,92,9,101,6,0,119,9,134,154,0,154,288
01/27/2008,PAE,WA,ANM,WE,Towers with Radar,8,0,41,0,49,0,0,60,0,60,8,0,101,0,109,174,0,174,283
01/28/2008,PAE,WA,ANM,WE,Towers with Radar,6,7,15,3,31,0,6,12,0,18,6,13,27,3,49,12,0,12,61
01/29/2008,PAE,WA,ANM,WE,Towers with Radar,2,6,8,0,16,0,2,17,0,19,2,8,25,0,35,54,0,54,89
01/30/2008,PAE,WA,ANM,WE,Towers with Radar,7,9,16,0,32,2,1,12,0,15,9,10,28,0,47,36,0,36,83
01/31/2008,PAE,WA,ANM,WE,Towers with Radar,8,8,40,0,56,2,0,31,0,33,10,8,71,0,89,50,0,50,139
02/01/2008,PAE,WA,ANM,WE,Towers with Radar,13,3,22,0,38,8,3,28,0,39,21,6,50,0,77,64,0,64,141
02/02/2008,PAE,WA,ANM,WE,Towers with Radar,6,0,90,0,96,0,0,146,0,146,6,0,236,0,242,240,0,240,482
02/03/2008,PAE,WA,ANM,WE,Towers with Radar,1,0,40,3,44,0,0,60,0,60,1,0,100,3,104,127,3,130,234
02/04/2008,PAE,WA,ANM,WE,Towers with Radar,7,15,39,0,61,0,2,40,0,42,7,17,79,0,103,103,0,103,206
02/05/2008,PAE,WA,ANM,WE,Towers with Radar,12,7,16,0,35,2,1,4,0,7,14,8,20,0,42,4,0,4,46
02/06/2008,PAE,WA,ANM,WE,Towers with Radar,10,7,32,0,49,0,0,33,0,33,10,7,65,0,82,50,0,50,132
02/07/2008,PAE,WA,ANM,WE,Towers with Radar,13,5,39,0,57,0,3,54,0,57,13,8,93,0,114,68,0,68,182
02/08/2008,PAE,WA,ANM,WE,Towers with Radar,6,20,41,0,67,2,3,28,0,33,8,23,69,0,100,65,0,65,165
02/09/2008,PAE,WA,ANM,WE,Towers with Radar,7,3,53,1,64,0,0,20,0,20,7,3,73,1,84,24,0,24,108
02/10/2008,PAE,WA,ANM,WE,Towers with Radar,12,0,43,0,55,0,0,14,2,16,12,0,57,2,71,34,0,34,105
02/11/2008,PAE,WA,ANM,WE,Towers with Radar,15,8,44,0,67,0,3,5,0,8,15,11,49,0,75,18,0,18,93
02/12/2008,PAE,WA,ANM,WE,Towers with Radar,3,4,47,2,56,0,1,28,0,29,3,5,75,2,85,62,0,62,147
02/13/2008,PAE,WA,ANM,WE,Towers with Radar,1,7,87,2,97,0,4,107,0,111,1,11,194,2,208,272,0,272,480
02/14/2008,PAE,WA,ANM,WE,Towers with Radar,12,6,66,0,84,0,1,124,0,125,12,7,190,0,209,160,0,160,369
02/15/2008,PAE,WA,ANM,WE,Towers with Radar,4,3,55,2,64,1,2,60,0,63,5,5,115,2,127,138,2,140,267
02/16/2008,PAE,WA,ANM,WE,Towers with Radar,0,7,54,0,61,0,0,124,0,124,0,7,178,0,185,194,0,194,379
02/17/2008,PAE,WA,ANM,WE,Towers with Radar,0,0,57,0,57,0,0,436,0,436,0,0,493,0,493,410,0,410,903
02/18/2008,PAE,WA,ANM,WE,Towers with Radar,6,2,53,0,61,0,6,331,0,337,6,8,384,0,398,303,0,303,701
02/19/2008,PAE,WA,ANM,WE,Towers with Radar,12,9,34,0,55,2,0,109,0,111,14,9,143,0,166,273,0,273,439
02/20/2008,PAE,WA,ANM,WE,Towers with Radar,8,4,44,0,56,0,3,110,0,113,8,7,154,0,169,192,0,192,361
02/21/2008,PAE,WA,ANM,WE,Towers with Radar,11,9,48,0,68,0,3,153,2,158,11,12,201,2,226,207,0,207,433
02/22/2008,PAE,WA,ANM,WE,Towers with Radar,4,9,42,0,55,5,2,171,0,178,9,11,213,0,233,252,0,252,485
02/23/2008,PAE,WA,ANM,WE,Towers with Radar,3,0,42,0,45,0,0,215,1,216,3,0,257,1,261,314,0,314,575
02/24/2008,PAE,WA,ANM,WE,Towers with Radar,5,3,68,0,76,0,0,190,1,191,5,3,258,1,267,257,0,257,524
02/25/2008,PAE,WA,ANM,WE,Towers with Radar,12,2,53,2,69,0,3,102,1,106,12,5,155,3,175,180,0,180,355
02/26/2008,PAE,WA,ANM,WE,Towers with Radar,7,8,50,6,71,2,5,180,2,189,9,13,230,8,260,276,0,276,536
02/27/2008,PAE,WA,ANM,WE,Towers with Radar,6,9,44,2,61,2,4,114,1,121,8,13,158,3,182,264,0,264,446
02/28/2008,PAE,WA,ANM,WE,Towers with Radar,15,10,64,1,90,0,5,75,0,80,15,15,139,1,170,174,0,174,344
02/29/2008,PAE,WA,ANM,WE,Towers with Radar,9,4,27,0,40,0,3,54,0,57,9,7,81,0,97,144,0,144,241
03/01/2008,PAE,WA,ANM,WE,Towers with Radar,4,0,33,2,39,0,0,85,0,85,4,0,118,2,124,150,0,150,274
03/02/2008,PAE,WA,ANM,WE,Towers with Radar,0,2,84,3,89,0,0,218,4,222,0,2,302,7,311,389,0,389,700
03/03/2008,PAE,WA,ANM,WE,Towers with Radar,4,3,20,0,27,0,3,20,0,23,4,6,40,0,50,6,0,6,56
03/04/2008,PAE,WA,ANM,WE,Towers with Radar,4,4,54,4,66,0,2,108,0,110,4,6,162,4,176,194,0,194,370
03/05/2008,PAE,WA,ANM,WE,Towers with Radar,6,7,56,0,69,0,6,190,0,196,6,13,246,0,265,280,0,280,545
03/06/2008,PAE,WA,ANM,WE,Towers with Radar,17,6,83,0,106,0,0,137,0,137,17,6,220,0,243,252,0,252,495
03/07/2008,PAE,WA,ANM,WE,Towers with Radar,4,5,56,6,71,0,1,121,0,122,4,6,177,6,193,188,0,188,381
03/08/2008,PAE,WA,ANM,WE,Towers with Radar,6,1,79,0,86,0,0,89,2,91,6,1,168,2,177,178,0,178,355
03/09/2008,PAE,WA,ANM,WE,Towers with Radar,9,0,45,0,54,0,0,219,0,219,9,0,264,0,273,318,0,318,591
03/10/2008,PAE,WA,ANM,WE,Towers with Radar,14,10,59,2,85,0,1,46,0,47,14,11,105,2,132,164,2,166,298
03/11/2008,PAE,WA,ANM,WE,Towers with Radar,4,12,21,3,40,0,3,55,0,58,4,15,76,3,98,6,0,6,104
03/12/2008,PAE,WA,ANM,WE,Towers with Radar,4,11,47,2,64,0,3,173,0,176,4,14,220,2,240,400,0,400,640
03/13/2008,PAE,WA,ANM,WE,Towers with Radar,9,13,56,1,79,0,1,19,0,20,9,14,75,1,99,0,24,24,123
03/14/2008,PAE,WA,ANM,WE,Towers with Radar,10,8,61,0,79,0,2,14,0,16,10,10,75,0,95,34,0,34,129
03/15/2008,PAE,WA,ANM,WE,Towers with Radar,3,0,52,0,55,0,2,42,0,44,3,2,94,0,99,56,0,56,155
03/16/2008,PAE,WA,ANM,WE,Towers with Radar,5,0,59,0,64,0,0,155,0,155,5,0,214,0,219,427,0,427,646
03/17/2008,PAE,WA,ANM,WE,Towers with Radar,12,13,54,2,81,0,0,50,0,50,12,13,104,2,131,121,0,121,252
03/18/2008,PAE,WA,ANM,WE,Towers with Radar,6,8,74,0,88,1,0,95,0,96,7,8,169,0,184,288,0,288,472
03/19/2008,PAE,WA,ANM,WE,Towers with Radar,3,7,77,16,103,0,6,115,0,121,3,13,192,16,224,206,0,206,430
03/20/2008,PAE,WA,ANM,WE,Towers with Radar,9,4,70,0,83,2,1,51,0,54,11,5,121,0,137,165,0,165,302
03/21/2008,PAE,WA,ANM,WE,Towers with Radar,8,7,57,0,72,0,0,104,1,105,8,7,161,1,177,254,0,254,431
03/22/2008,PAE,WA,ANM,WE,Towers with Radar,0,1,95,0,96,0,0,317,9,326,0,1,412,9,422,340,0,340,762
03/23/2008,PAE,WA,ANM,WE,Towers with Radar,1,0,5,0,6,0,1,12,0,13,1,1,17,0,19,6,0,6,25
03/24/2008,PAE,WA,ANM,WE,Towers with Radar,12,4,48,0,64,0,4,108,0,112,12,8,156,0,176,224,0,224,400
03/25/2008,PAE,WA,ANM,WE,Towers with Radar,11,10,28,12,61,0,4,58,0,62,11,14,86,12,123,174,0,174,297
03/26/2008,PAE,WA,ANM,WE,Towers with Radar,4,12,32,0,48,0,3,37,0,40,4,15,69,0,88,119,0,119,207
03/27/2008,PAE,WA,ANM,WE,Towers with Radar,9,8,52,3,72,1,1,62,0,64,10,9,114,3,136,125,2,127,263
03/28/2008,PAE,WA,ANM,WE,Towers with Radar,22,6,15,0,43,5,1,0,0,6,27,7,15,0,49,0,0,0,49
03/29/2008,PAE,WA,ANM,WE,Towers with Radar,10,1,84,0,95,1,0,19,0,20,11,1,103,0,115,84,0,84,199
03/30/2008,PAE,WA,ANM,WE,Towers with Radar,8,0,24,0,32,0,0,59,0,59,8,0,83,0,91,200,0,200,291
03/31/2008,PAE,WA,ANM,WE,Towers with Radar,10,3,46,0,59,0,2,95,0,97,10,5,141,0,156,118,0,118,274
04/01/2008,PAE,WA,ANM,WE,Towers with Radar,11,4,103,0,118,1,6,123,2,132,12,10,226,2,250,280,0,280,530
04/02/2008,PAE,WA,ANM,WE,Towers with Radar,12,13,102,0,127,0,6,309,0,315,12,19,411,0,442,302,0,302,744
04/03/2008,PAE,WA,ANM,WE,Towers with Radar,4,6,100,0,110,1,5,211,0,217,5,11,311,0,327,237,0,237,564
04/04/2008,PAE,WA,ANM,WE,Towers with Radar,6,9,43,1,59,0,4,24,0,28,6,13,67,1,87,44,0,44,131
04/05/2008,PAE,WA,ANM,WE,Towers with Radar,5,0,79,0,84,1,0,83,2,86,6,0,162,2,170,206,0,206,376
04/06/2008,PAE,WA,ANM,WE,Towers with Radar,5,0,22,0,27,0,0,85,0,85,5,0,107,0,112,190,0,190,302
04/07/2008,PAE,WA,ANM,WE,Towers with Radar,14,14,90,2,120,2,0,0,0,2,16,14,90,2,122,108,0,108,230
04/08/2008,PAE,WA,ANM,WE,Towers with Radar,17,17,39,0,73,0,3,83,0,86,17,20,122,0,159,180,0,180,339
04/09/2008,PAE,WA,ANM,WE,Towers with Radar,13,8,83,0,104,0,3,105,0,108,13,11,188,0,212,252,0,252,464
04/10/2008,PAE,WA,ANM,WE,Towers with Radar,5,2,78,0,85,0,4,127,0,131,5,6,205,0,216,212,0,212,428
04/11/2008,PAE,WA,ANM,WE,Towers with Radar,2,0,58,0,60,1,4,271,2,278,3,4,329,2,338,372,0,372,710
04/12/2008,PAE,WA,ANM,WE,Towers with Radar,7,0,61,0,68,0,0,384,1,385,7,0,445,1,453,362,0,362,815
04/13/2008,PAE,WA,ANM,WE,Towers with Radar,1,0,43,0,44,0,0,109,0,109,1,0,152,0,153,247,0,247,400
04/14/2008,PAE,WA,ANM,WE,Towers with Radar,13,3,39,2,57,0,10,28,0,38,13,13,67,2,95,160,0,160,255
04/15/2008,PAE,WA,ANM,WE,Towers with Radar,14,10,58,4,86,0,1,46,0,47,14,11,104,4,133,254,0,254,387
04/16/2008,PAE,WA,ANM,WE,Towers with Radar,15,10,96,0,121,0,5,107,3,115,15,15,203,3,236,240,14,254,490
04/17/2008,PAE,WA,ANM,WE,Towers with Radar,2,8,84,0,94,0,3,98,3,104,2,11,182,3,198,189,4,193,391
04/18/2008,PAE,WA,ANM,WE,Towers with Radar,12,7,22,0,41,0,0,4,0,4,12,7,26,0,45,0,0,0,45
04/19/2008,PAE,WA,ANM,WE,Towers with Radar,5,0,14,0,19,0,0,6,0,6,5,0,20,0,25,6,0,6,31
04/20/2008,PAE,WA,ANM,WE,Towers with Radar,4,0,22,0,26,0,0,85,0,85,4,0,107,0,111,266,0,266,377
04/21/2008,PAE,WA,ANM,WE,Towers with Radar,6,2,63,4,75,0,6,108,0,114,6,8,171,4,189,210,0,210,399
04/22/2008,PAE,WA,ANM,WE,Towers with Radar,10,4,58,1,73,0,2,154,0,156,10,6,212,1,229,263,0,263,492
04/23/2008,PAE,WA,ANM,WE,Towers with Radar,7,8,84,0,99,0,3,114,0,117,7,11,198,0,216,226,0,226,442
04/24/2008,PAE,WA,ANM,WE,Towers with Radar,14,2,51,9,76,6,2,89,2,99,20,4,140,11,175,166,0,166,341
04/25/2008,PAE,WA,ANM,WE,Towers with Radar,4,6,98,0,108,2,0,187,0,189,6,6,285,0,297,222,2,224,521
04/26/2008,PAE,WA,ANM,WE,Towers with Radar,6,1,29,4,40,0,1,366,2,369,6,2,395,6,409,478,0,478,887
04/27/2008,PAE,WA,ANM,WE,Towers with Radar,2,0,50,4,56,0,2,184,5,191,2,2,234,9,247,354,0,354,601
04/28/2008,PAE,WA,ANM,WE,Towers with Radar,5,1,44,4,54,0,4,45,0,49,5,5,89,4,103,44,0,44,147
04/29/2008,PAE,WA,ANM,WE,Towers with Radar,12,2,43,2,59,0,3,75,0,78,12,5,118,2,137,210,0,210,347
04/30/2008,PAE,WA,ANM,WE,Towers with Radar,3,2,35,2,42,0,5,150,0,155,3,7,185,2,197,212,0,212,409
05/01/2008,PAE,WA,ANM,WE,Towers with Radar,6,3,57,0,66,0,8,150,0,158,6,11,207,0,224,256,0,256,480
05/02/2008,PAE,WA,ANM,WE,Towers with Radar,3,1,64,0,68,0,5,148,0,153,3,6,212,0,221,290,0,290,511
05/03/2008,PAE,WA,ANM,WE,Towers with Radar,2,0,46,2,50,0,0,4,0,4,2,0,50,2,54,16,0,16,70
05/04/2008,PAE,WA,ANM,WE,Towers with Radar,4,0,49,1,54,0,0,308,1,309,4,0,357,2,363,432,0,432,795
05/05/2008,PAE,WA,ANM,WE,Towers with Radar,17,5,69,0,91,0,6,215,5,226,17,11,284,5,317,414,0,414,731
05/06/2008,PAE,WA,ANM,WE,Towers with Radar,14,10,77,2,103,0,2,41,0,43,14,12,118,2,146,168,0,168,314
05/07/2008,PAE,WA,ANM,WE,Towers with Radar,6,11,76,0,93,1,2,47,0,50,7,13,123,0,143,114,0,114,257
05/08/2008,PAE,WA,ANM,WE,Towers with Radar,9,3,81,2,95,2,4,143,1,150,11,7,224,3,245,218,0,218,463
05/09/2008,PAE,WA,ANM,WE,Towers with Radar,8,4,80,0,92,1,8,191,2,202,9,12,271,2,294,472,8,480,774
05/10/2008,PAE,WA,ANM,WE,Towers with Radar,3,0,63,1,67,1,0,160,1,162,4,0,223,2,229,248,0,248,477
05/11/2008,PAE,WA,ANM,WE,Towers with Radar,1,1,17,3,22,0,0,51,0,51,1,1,68,3,73,162,0,162,235
05/12/2008,PAE,WA,ANM,WE,Towers with Radar,8,3,60,1,72,0,4,160,3,167,8,7,220,4,239,202,2,204,443
05/13/2008,PAE,WA,ANM,WE,Towers with Radar,21,6,90,2,119,0,0,22,0,22,21,6,112,2,141,10,0,10,151
05/14/2008,PAE,WA,ANM,WE,Towers with Radar,15,8,68,2,93,2,0,53,0,55,17,8,121,2,148,134,4,138,286
05/15/2008,PAE,WA,ANM,WE,Towers with Radar,5,1,54,5,65,0,5,235,0,240,5,6,289,5,305,282,0,282,587
05/16/2008,PAE,WA,ANM,WE,Towers with Radar,12,2,58,0,72,0,7,331,0,338,12,9,389,0,410,326,0,326,736
05/17/2008,PAE,WA,ANM,WE,Towers with Radar,5,0,30,0,35,2,1,573,0,576,7,1,603,0,611,214,0,214,825
05/18/2008,PAE,WA,ANM,WE,Towers with Radar,4,0,46,4,54,0,0,310,0,310,4,0,356,4,364,356,0,356,720
05/19/2008,PAE,WA,ANM,WE,Towers with Radar,5,8,49,0,62,0,8,117,0,125,5,16,166,0,187,240,0,240,427
05/20/2008,PAE,WA,ANM,WE,Towers with Radar,24,2,51,0,77,0,5,39,0,44,24,7,90,0,121,222,0,222,343
05/21/2008,PAE,WA,ANM,WE,Towers with Radar,24,11,72,2,109,0,0,103,0,103,24,11,175,2,212,268,0,268,480
05/22/2008,PAE,WA,ANM,WE,Towers with Radar,5,7,71,5,88,1,2,61,0,64,6,9,132,5,152,246,0,246,398
05/23/2008,PAE,WA,ANM,WE,Towers with Radar,11,7,84,0,102,0,8,133,0,141,11,15,217,0,243,118,0,118,361
05/24/2008,PAE,WA,ANM,WE,Towers with Radar,5,0,23,0,28,2,0,302,1,305,7,0,325,1,333,400,0,400,733
05/25/2008,PAE,WA,ANM,WE,Towers with Radar,2,0,46,0,48,0,0,138,0,138,2,0,184,0,186,240,0,240,426
05/26/2008,PAE,WA,ANM,WE,Towers with Radar,4,0,91,0,95,0,0,129,0,129,4,0,220,0,224,342,0,342,566
05/27/2008,PAE,WA,ANM,WE,Towers with Radar,10,2,52,0,64,0,6,132,2,140,10,8,184,2,204,230,0,230,434
05/28/2008,PAE,WA,ANM,WE,Towers with Radar,5,4,83,0,92,0,1,125,0,126,5,5,208,0,218,238,0,238,456
05/29/2008,PAE,WA,ANM,WE,Towers with Radar,9,6,94,0,109,2,2,115,0,119,11,8,209,0,228,362,0,362,590
05/30/2008,PAE,WA,ANM,WE,Towers with Radar,17,2,57,0,76,2,0,241,0,243,19,2,298,0,319,310,0,310,629
05/31/2008,PAE,WA,ANM,WE,Towers with Radar,8,0,78,1,87,1,3,251,0,255,9,3,329,1,342,314,0,314,656
06/01/2008,PAE,WA,ANM,WE,Towers with Radar,1,0,104,1,106,0,1,80,0,81,1,1,184,1,187,358,0,358,545
06/02/2008,PAE,WA,ANM,WE,Towers with Radar,3,7,70,0,80,0,2,117,0,119,3,9,187,0,199,212,0,212,411
06/03/2008,PAE,WA,ANM,WE,Towers with Radar,7,7,44,0,58,0,1,10,0,11,7,8,54,0,69,6,0,6,75
06/04/2008,PAE,WA,ANM,WE,Towers with Radar,4,5,115,0,124,0,0,88,2,90,4,5,203,2,214,190,0,190,404
06/05/2008,PAE,WA,ANM,WE,Towers with Radar,9,8,68,0,85,0,1,61,0,62,9,9,129,0,147,68,0,68,215
06/06/2008,PAE,WA,ANM,WE,Towers with Radar,8,9,77,1,95,0,5,13,0,18,8,14,90,1,113,18,0,18,131
06/07/2008,PAE,WA,ANM,WE,Towers with Radar,5,0,82,0,87,0,0,48,0,48,5,0,130,0,135,94,0,94,229
06/08/2008,PAE,WA,ANM,WE,Towers with Radar,0,0,126,0,126,0,0,174,0,174,0,0,300,0,300,249,0,249,549
06/09/2008,PAE,WA,ANM,WE,Towers with Radar,4,6,48,5,63,1,4,28,0,33,5,10,76,5,96,46,0,46,142
06/10/2008,PAE,WA,ANM,WE,Towers with Radar,11,7,62,0,80,1,0,55,1,57,12,7,117,1,137,126,0,126,263
06/11/2008,PAE,WA,ANM,WE,Towers with Radar,6,5,80,0,91,0,4,24,2,30,6,9,104,2,121,74,0,74,195
06/12/2008,PAE,WA,ANM,WE,Towers with Radar,9,7,91,9,116,0,0,124,1,125,9,7,215,10,241,228,0,228,469
06/13/2008,PAE,WA,ANM,WE,Towers with Radar,10,4,106,0,120,0,1,32,0,33,10,5,138,0,153,38,0,38,191
06/14/2008,PAE,WA,ANM,WE,Towers with Radar,14,1,58,0,73,0,0,250,0,250,14,1,308,0,323,394,0,394,717
06/15/2008,PAE,WA,ANM,WE,Towers with Radar,8,2,22,0,32,0,0,292,0,292,8,2,314,0,324,289,0,289,613
06/16/2008,PAE,WA,ANM,WE,Towers with Radar,6,2,73,0,81,1,7,161,0,169,7,9,234,0,250,200,0,200,450
06/17/2008,PAE,WA,ANM,WE,Towers with Radar,20,3,102,0,125,0,9,122,0,131,20,12,224,0,256,224,0,224,480
06/18/2008,PAE,WA,ANM,WE,Towers with Radar,3,2,81,0,86,0,4,129,0,133,3,6,210,0,219,372,0,372,591
06/19/2008,PAE,WA,ANM,WE,Towers with Radar,12,5,65,0,82,1,0,209,1,211,13,5,274,1,293,348,0,348,641
06/20/2008,PAE,WA,ANM,WE,Towers with Radar,7,3,336,2,348,0,1,0,0,1,7,4,336,2,349,218,0,218,567
06/21/2008,PAE,WA,ANM,WE,Towers with Radar,2,2,51,0,55,0,0,201,0,201,2,2,252,0,256,229,0,229,485
06/22/2008,PAE,WA,ANM,WE,Towers with Radar,4,0,53,2,59,0,2,147,0,149,4,2,200,2,208,287,0,287,495
06/23/2008,PAE,WA,ANM,WE,Towers with Radar,6,8,69,0,83,0,3,223,0,226,6,11,292,0,309,360,0,360,669
06/24/2008,PAE,WA,ANM,WE,Towers with Radar,14,4,42,0,60,0,1,219,3,223,14,5,261,3,283,304,0,304,587
06/25/2008,PAE,WA,ANM,WE,Towers with Radar,18,4,69,0,91,0,1,263,0,264,18,5,332,0,355,414,0,414,769
06/26/2008,PAE,WA,ANM,WE,Towers with Radar,5,6,77,0,88,3,3,163,4,173,8,9,240,4,261,412,1,413,674
06/27/2008,PAE,WA,ANM,WE,Towers with Radar,2,3,56,0,61,0,5,262,1,268,2,8,318,1,329,336,0,336,665
06/28/2008,PAE,WA,ANM,WE,Towers with Radar,0,0,33,0,33,0,0,279,0,279,0,0,312,0,312,318,0,318,630
06/29/2008,PAE,WA,ANM,WE,Towers with Radar,4,0,29,0,33,0,2,274,0,276,4,2,303,0,309,245,0,245,554
06/30/2008,PAE,WA,ANM,WE,Towers with Radar,9,3,27,2,41,0,0,194,2,196,9,3,221,4,237,200,0,200,437
07/01/2008,PAE,WA,ANM,WE,Towers with Radar,11,6,45,2,64,11,8,167,3,189,22,14,212,5,253,408,0,408,661
07/02/2008,PAE,WA,ANM,WE,Towers with Radar,2,3,35,0,40,4,4,212,0,220,6,7,247,0,260,244,0,244,504
07/03/2008,PAE,WA,ANM,WE,Towers with Radar,10,10,37,0,57,9,8,82,0,99,19,18,119,0,156,64,0,64,220
07/04/2008,PAE,WA,ANM,WE,Towers with Radar,0,0,17,0,17,0,0,89,0,89,0,0,106,0,106,162,0,162,268
07/05/2008,PAE,WA,ANM,WE,Towers with Radar,0,0,64,1,65,0,1,76,2,79,0,1,140,3,144,96,6,102,246
07/06/2008,PAE,WA,ANM,WE,Towers with Radar,1,0,37,0,38,0,0,187,0,187,1,0,224,0,225,305,0,305,530
07/07/2008,PAE,WA,ANM,WE,Towers with Radar,15,9,47,0,71,0,4,179,1,184,15,13,226,1,255,251,0,251,506
07/08/2008,PAE,WA,ANM,WE,Towers with Radar,1,4,50,1,56,0,1,222,0,223,1,5,272,1,279,392,0,392,671
07/09/2008,PAE,WA,ANM,WE,Towers with Radar,6,2,57,6,71,0,2,244,0,246,6,4,301,6,317,307,0,307,624
07/10/2008,PAE,WA,ANM,WE,Towers with Radar,7,1,63,2,73,1,3,200,8,212,8,4,263,10,285,306,0,306,591
07/11/2008,PAE,WA,ANM,WE,Towers with Radar,16,13,50,0,79,0,0,262,0,262,16,13,312,0,341,258,0,258,599
07/12/2008,PAE,WA,ANM,WE,Towers with Radar,1,0,20,7,28,0,2,232,5,239,1,2,252,12,267,312,4,316,583
07/13/2008,PAE,WA,ANM,WE,Towers with Radar,0,1,59,1,61,0,1,238,0,239,0,2,297,1,300,236,1,237,537
07/14/2008,PAE,WA,ANM,WE,Towers with Radar,19,9,57,0,85,0,7,246,0,253,19,16,303,0,338,306,0,306,644
07/15/2008,PAE,WA,ANM,WE,Towers with Radar,8,6,56,0,70,2,2,183,0,187,10,8,239,0,257,211,0,211,468
07/16/2008,PAE,WA,ANM,WE,Towers with Radar,2,4,44,0,50,0,6,189,2,197,2,10,233,2,247,320,0,320,567
07/17/2008,PAE,WA,ANM,WE,Towers with Radar,10,2,67,0,79,0,4,122,0,126,10,6,189,0,205,194,0,194,399
07/18/2008,PAE,WA,ANM,WE,Towers with Radar,6,5,68,0,79,0,2,119,2,123,6,7,187,2,202,171,0,171,373
07/19/2008,PAE,WA,ANM,WE,Towers with Radar,2,2,46,1,51,0,1,350,0,351,2,3,396,1,402,234,0,234,636
07/20/2008,PAE,WA,ANM,WE,Towers with Radar,0,1,47,0,48,0,1,275,1,277,0,2,322,1,325,334,0,334,659
07/21/2008,PAE,WA,ANM,WE,Towers with Radar,7,2,65,2,76,0,6,131,3,140,7,8,196,5,216,300,0,300,516
07/22/2008,PAE,WA,ANM,WE,Towers with Radar,3,8,79,0,90,0,7,103,4,114,3,15,182,4,204,338,0,338,542
07/23/2008,PAE,WA,ANM,WE,Towers with Radar,12,3,74,0,89,0,7,138,0,145,12,10,212,0,234,222,0,222,456
07/24/2008,PAE,WA,ANM,WE,Towers with Radar,8,6,73,0,87,0,3,184,0,187,8,9,257,0,274,255,0,255,529
07/25/2008,PAE,WA,ANM,WE,Towers with Radar,14,2,51,0,67,0,4,264,0,268,14,6,315,0,335,284,0,284,619
07/26/2008,PAE,WA,ANM,WE,Towers with Radar,2,0,46,0,48,0,0,212,1,213,2,0,258,1,261,236,0,236,497
07/27/2008,PAE,WA,ANM,WE,Towers with Radar,3,1,62,0,66,0,0,6,0,6,3,1,68,0,72,0,0,0,72
07/28/2008,PAE,WA,ANM,WE,Towers with Radar,14,5,68,0,87,0,6,188,1,195,14,11,256,1,282,333,0,333,615
07/29/2008,PAE,WA,ANM,WE,Towers with Radar,5,5,49,1,60,0,3,68,1,72,5,8,117,2,132,185,0,185,317
07/30/2008,PAE,WA,ANM,WE,Towers with Radar,6,6,75,0,87,0,2,182,0,184,6,8,257,0,271,341,0,341,612
07/31/2008,PAE,WA,ANM,WE,Towers with Radar,6,9,72,0,87,2,4,187,0,193,8,13,259,0,280,298,0,298,578
08/01/2008,PAE,WA,ANM,WE,Towers with Radar,10,2,47,4,63,2,1,141,0,144,12,3,188,4,207,139,0,139,346
08/02/2008,PAE,WA,ANM,WE,Towers with Radar,2,0,60,0,62,0,0,163,0,163,2,0,223,0,225,207,0,207,432
08/03/2008,PAE,WA,ANM,WE,Towers with Radar,4,3,48,0,55,0,0,149,0,149,4,3,197,0,204,156,0,156,360
08/04/2008,PAE,WA,ANM,WE,Towers with Radar,10,4,48,0,62,1,4,213,0,218,11,8,261,0,280,317,0,317,597
08/05/2008,PAE,WA,ANM,WE,Towers with Radar,19,6,36,1,62,0,1,212,0,213,19,7,248,1,275,310,0,310,585
08/06/2008,PAE,WA,ANM,WE,Towers with Radar,3,4,59,0,66,0,4,210,0,214,3,8,269,0,280,198,0,198,478
08/07/2008,PAE,WA,ANM,WE,Towers with Radar,6,2,32,1,41,0,5,203,2,210,6,7,235,3,251,277,0,277,528
08/08/2008,PAE,WA,ANM,WE,Towers with Radar,9,1,51,0,61,0,7,185,0,192,9,8,236,0,253,318,0,318,571
08/09/2008,PAE,WA,ANM,WE,Towers with Radar,13,7,49,1,70,0,3,59,0,62,13,10,108,1,132,98,0,98,230
08/10/2008,PAE,WA,ANM,WE,Towers with Radar,8,3,51,5,67,0,0,157,0,157,8,3,208,5,224,246,0,246,470
08/11/2008,PAE,WA,ANM,WE,Towers with Radar,6,3,75,3,87,0,5,191,3,199,6,8,266,6,286,279,0,279,565
08/12/2008,PAE,WA,ANM,WE,Towers with Radar,15,5,52,0,72,3,4,195,1,203,18,9,247,1,275,335,0,335,610
08/13/2008,PAE,WA,ANM,WE,Towers with Radar,3,2,54,0,59,0,0,250,0,250,3,2,304,0,309,383,0,383,692
08/14/2008,PAE,WA,ANM,WE,Towers with Radar,4,2,43,2,51,0,4,263,2,269,4,6,306,4,320,299,0,299,619
08/15/2008,PAE,WA,ANM,WE,Towers with Radar,6,2,62,5,75,0,3,239,2,244,6,5,301,7,319,300,0,300,619
08/16/2008,PAE,WA,ANM,WE,Towers with Radar,4,0,39,0,43,0,0,207,0,207,4,0,246,0,250,323,0,323,573
08/17/2008,PAE,WA,ANM,WE,Towers with Radar,4,4,71,1,80,0,0,247,0,247,4,4,318,1,327,206,0,206,533
08/18/2008,PAE,WA,ANM,WE,Towers with Radar,8,8,29,0,45,0,4,37,0,41,8,12,66,0,86,48,0,48,134
08/19/2008,PAE,WA,ANM,WE,Towers with Radar,7,2,44,1,54,0,4,107,3,114,7,6,151,4,168,193,10,203,371
08/20/2008,PAE,WA,ANM,WE,Towers with Radar,13,5,46,1,65,0,2,40,1,43,13,7,86,2,108,45,0,45,153
08/21/2008,PAE,WA,ANM,WE,Towers with Radar,8,11,91,0,110,0,4,143,0,147,8,15,234,0,257,238,0,238,495
08/22/2008,PAE,WA,ANM,WE,Towers with Radar,13,3,62,0,78,0,2,265,0,267,13,5,327,0,345,309,0,309,654
08/23/2008,PAE,WA,ANM,WE,Towers with Radar,7,5,26,0,38,0,1,362,0,363,7,6,388,0,401,383,0,383,784
08/24/2008,PAE,WA,ANM,WE,Towers with Radar,6,0,52,1,59,0,0,78,1,79,6,0,130,2,138,42,0,42,180
08/25/2008,PAE,WA,ANM,WE,Towers with Radar,13,7,48,0,68,0,1,90,0,91,13,8,138,0,159,174,0,174,333
08/26/2008,PAE,WA,ANM,WE,Towers with Radar,17,4,60,0,81,0,17,162,0,179,17,21,222,0,260,299,0,299,559
08/27/2008,PAE,WA,ANM,WE,Towers with Radar,8,7,67,0,82,0,4,84,0,88,8,11,151,0,170,263,0,263,433
08/28/2008,PAE,WA,ANM,WE,Towers with Radar,7,10,75,0,92,0,7,138,0,145,7,17,213,0,237,249,0,249,486
08/29/2008,PAE,WA,ANM,WE,Towers with Radar,8,11,95,0,114,1,3,65,0,69,9,14,160,0,183,71,0,71,254
08/30/2008,PAE,WA,ANM,WE,Towers with Radar,4,1,64,0,69,0,0,204,0,204,4,1,268,0,273,254,0,254,527
08/31/2008,PAE,WA,ANM,WE,Towers with Radar,3,13,34,0,50,0,4,142,0,146,3,17,176,0,196,145,0,145,341
09/01/2008,PAE,WA,ANM,WE,Towers with Radar,1,8,87,0,96,0,3,136,0,139,1,11,223,0,235,115,0,115,350
09/02/2008,PAE,WA,ANM,WE,Towers with Radar,6,7,69,0,82,0,3,154,0,157,6,10,223,0,239,305,0,305,544
09/03/2008,PAE,WA,ANM,WE,Towers with Radar,0,28,65,1,94,2,4,223,1,230,2,32,288,2,324,330,0,330,654
09/04/2008,PAE,WA,ANM,WE,Towers with Radar,7,14,104,0,125,0,17,243,0,260,7,31,347,0,385,273,0,273,658
09/05/2008,PAE,WA,ANM,WE,Towers with Radar,8,6,60,0,74,1,1,185,0,187,9,7,245,0,261,326,6,332,593
09/06/2008,PAE,WA,ANM,WE,Towers with Radar,1,1,61,0,63,0,0,230,0,230,1,1,291,0,293,265,0,265,558
09/07/2008,PAE,WA,ANM,WE,Towers with Radar,1,0,51,0,52,0,0,159,0,159,1,0,210,0,211,149,0,149,360
09/08/2008,PAE,WA,ANM,WE,Towers with Radar,0,7,51,0,58,0,8,159,0,167,0,15,210,0,225,217,0,217,442
09/09/2008,PAE,WA,ANM,WE,Towers with Radar,0,11,61,1,73,0,4,181,0,185,0,15,242,1,258,223,0,223,481
09/10/2008,PAE,WA,ANM,WE,Towers with Radar,4,11,55,2,72,0,3,186,1,190,4,14,241,3,262,243,0,243,505
09/11/2008,PAE,WA,ANM,WE,Towers with Radar,3,9,24,4,40,0,5,181,0,186,3,14,205,4,226,198,0,198,424
09/12/2008,PAE,WA,ANM,WE,Towers with Radar,4,2,60,0,66,0,2,204,0,206,4,4,264,0,272,223,0,223,495
09/13/2008,PAE,WA,ANM,WE,Towers with Radar,1,3,25,0,29,0,0,218,0,218,1,3,243,0,247,170,0,170,417
09/14/2008,PAE,WA,ANM,WE,Towers with Radar,3,0,39,0,42,0,0,265,0,265,3,0,304,0,307,226,0,226,533
09/15/2008,PAE,WA,ANM,WE,Towers with Radar,2,5,24,0,31,0,1,174,0,175,2,6,198,0,206,217,0,217,423
09/16/2008,PAE,WA,ANM,WE,Towers with Radar,1,13,45,0,59,0,4,169,2,175,1,17,214,2,234,254,12,266,500
09/17/2008,PAE,WA,ANM,WE,Towers with Radar,2,11,48,0,61,0,3,219,0,222,2,14,267,0,283,306,0,306,589
09/18/2008,PAE,WA,ANM,WE,Towers with Radar,5,13,77,1,96,0,0,26,0,26,5,13,103,1,122,54,0,54,176
09/19/2008,PAE,WA,ANM,WE,Towers with Radar,0,18,88,0,106,0,1,33,1,35,0,19,121,1,141,35,0,35,176
09/20/2008,PAE,WA,ANM,WE,Towers with Radar,0,3,47,0,50,0,0,16,0,16,0,3,63,0,66,79,0,79,145
09/21/2008,PAE,WA,ANM,WE,Towers with Radar,4,1,77,0,82,0,0,70,0,70,4,1,147,0,152,141,0,141,293
09/22/2008,PAE,WA,ANM,WE,Towers with Radar,0,4,70,0,74,0,5,125,0,130,0,9,195,0,204,192,0,192,396
09/23/2008,PAE,WA,ANM,WE,Towers with Radar,4,7,98,0,109,0,2,216,1,219,4,9,314,1,328,227,18,245,573
09/24/2008,PAE,WA,ANM,WE,Towers with Radar,1,13,61,0,75,0,6,87,2,95,1,19,148,2,170,109,0,109,279
09/25/2008,PAE,WA,ANM,WE,Towers with Radar,6,12,51,0,69,0,2,38,0,40,6,14,89,0,109,76,0,76,185
09/26/2008,PAE,WA,ANM,WE,Towers with Radar,3,1,63,0,67,0,2,158,0,160,3,3,221,0,227,315,0,315,542
09/27/2008,PAE,WA,ANM,WE,Towers with Radar,4,7,77,0,88,0,0,338,3,341,4,7,415,3,429,368,0,368,797
09/28/2008,PAE,WA,ANM,WE,Towers with Radar,1,0,45,0,46,0,10,373,0,383,1,10,418,0,429,285,0,285,714
09/29/2008,PAE,WA,ANM,WE,Towers with Radar,0,6,26,0,32,0,4,169,1,174,0,10,195,1,206,180,0,180,386
09/30/2008,PAE,WA,ANM,WE,Towers with Radar,4,6,40,2,52,0,1,242,3,246,4,7,282,5,298,216,0,216,514
10/01/2008,PAE,WA,ANM,WE,Towers with Radar,2,3,57,0,62,0,0,126,0,126,2,3,183,0,188,128,0,128,316
10/02/2008,PAE,WA,ANM,WE,Towers with Radar,0,2,52,4,58,0,1,82,0,83,0,3,134,4,141,197,0,197,338
10/03/2008,PAE,WA,ANM,WE,Towers with Radar,1,16,39,13,69,0,1,55,2,58,1,17,94,15,127,152,0,152,279
10/04/2008,PAE,WA,ANM,WE,Towers with Radar,1,0,40,0,41,0,0,11,0,11,1,0,51,0,52,34,0,34,86
10/05/2008,PAE,WA,ANM,WE,Towers with Radar,3,0,68,0,71,0,0,115,0,115,3,0,183,0,186,210,0,210,396
10/06/2008,PAE,WA,ANM,WE,Towers with Radar,2,11,49,0,62,0,1,37,0,38,2,12,86,0,100,49,0,49,149
10/07/2008,PAE,WA,ANM,WE,Towers with Radar,2,6,34,2,44,0,3,96,0,99,2,9,130,2,143,182,0,182,325
10/08/2008,PAE,WA,ANM,WE,Towers with Radar,0,11,80,2,93,0,1,94,0,95,0,12,174,2,188,128,2,130,318
10/09/2008,PAE,WA,ANM,WE,Towers with Radar,3,12,47,0,62,0,4,85,0,89,3,16,132,0,151,145,1,146,297
10/10/2008,PAE,WA,ANM,WE,Towers with Radar,2,4,74,0,80,3,1,169,0,173,5,5,243,0,253,158,0,158,411
10/11/2008,PAE,WA,ANM,WE,Towers with Radar,1,13,56,0,70,0,8,289,1,298,1,21,345,1,368,317,0,317,685
10/12/2008,PAE,WA,ANM,WE,Towers with Radar,1,0,48,0,49,0,0,228,1,229,1,0,276,1,278,267,0,267,545
10/13/2008,PAE,WA,ANM,WE,Towers with Radar,0,4,39,0,43,0,0,13,0,13,0,4,52,0,56,8,0,8,64
10/14/2008,PAE,WA,ANM,WE,Towers with Radar,4,3,65,0,72,0,3,156,0,159,4,6,221,0,231,169,0,169,400
10/15/2008,PAE,WA,ANM,WE,Towers with Radar,6,3,59,2,70,0,3,66,0,69,6,6,125,2,139,97,0,97,236
10/16/2008,PAE,WA,ANM,WE,Towers with Radar,5,2,71,0,78,0,1,30,0,31,5,3,101,0,109,39,0,39,148
10/17/2008,PAE,WA,ANM,WE,Towers with Radar,6,7,67,0,80,0,2,58,0,60,6,9,125,0,140,78,0,78,218
10/18/2008,PAE,WA,ANM,WE,Towers with Radar,0,0,65,0,65,0,0,242,0,242,0,0,307,0,307,330,2,332,639
10/19/2008,PAE,WA,ANM,WE,Towers with Radar,2,0,41,0,43,0,0,241,1,242,2,0,282,1,285,186,0,186,471
10/20/2008,PAE,WA,ANM,WE,Towers with Radar,5,5,36,1,47,0,2,38,1,41,5,7,74,2,88,41,0,41,129
10/21/2008,PAE,WA,ANM,WE,Towers with Radar,1,15,100,0,116,0,4,161,0,165,1,19,261,0,281,242,0,242,523
10/22/2008,PAE,WA,ANM,WE,Towers with Radar,4,11,65,0,80,0,8,218,0,226,4,19,283,0,306,309,0,309,615
10/23/2008,PAE,WA,ANM,WE,Towers with Radar,1,11,41,2,55,0,1,99,0,100,1,12,140,2,155,136,0,136,291
10/24/2008,PAE,WA,ANM,WE,Towers with Radar,1,1,70,0,72,0,3,107,0,110,1,4,177,0,182,108,0,108,290
10/25/2008,PAE,WA,ANM,WE,Towers with Radar,2,2,53,0,57,0,4,183,0,187,2,6,236,0,244,312,0,312,556
10/26/2008,PAE,WA,ANM,WE,Towers with Radar,6,6,83,1,96,0,0,244,0,244,6,6,327,1,340,217,0,217,557
10/27/2008,PAE,WA,ANM,WE,Towers with Radar,11,3,39,1,54,0,6,190,0,196,11,9,229,1,250,174,0,174,424
10/28/2008,PAE,WA,ANM,WE,Towers with Radar,5,6,43,0,54,0,1,98,0,99,5,7,141,0,153,174,0,174,327
10/29/2008,PAE,WA,ANM,WE,Towers with Radar,0,9,64,0,73,1,2,125,0,128,1,11,189,0,201,254,0,254,455
10/30/2008,PAE,WA,ANM,WE,Towers with Radar,8,6,51,0,65,0,3,52,0,55,8,9,103,0,120,158,0,158,278
10/31/2008,PAE,WA,ANM,WE,Towers with Radar,0,1,32,0,33,0,3,15,0,18,0,4,47,0,51,26,0,26,77
11/01/2008,PAE,WA,ANM,WE,Towers with Radar,5,6,62,0,73,0,2,96,6,104,5,8,158,6,177,245,0,245,422
11/02/2008,PAE,WA,ANM,WE,Towers with Radar,7,0,35,0,42,0,0,50,0,50,7,0,85,0,92,65,0,65,157
11/03/2008,PAE,WA,ANM,WE,Towers with Radar,2,6,46,0,54,0,0,52,0,52,2,6,98,0,106,52,0,52,158
11/04/2008,PAE,WA,ANM,WE,Towers with Radar,5,5,29,0,39,0,4,32,1,37,5,9,61,1,76,62,0,62,138
11/05/2008,PAE,WA,ANM,WE,Towers with Radar,0,7,69,4,80,0,7,137,1,145,0,14,206,5,225,208,0,208,433
11/06/2008,PAE,WA,ANM,WE,Towers with Radar,0,11,35,0,46,0,0,6,0,6,0,11,41,0,52,2,0,2,54
11/07/2008,PAE,WA,ANM,WE,Towers with Radar,3,10,41,0,54,0,3,12,0,15,3,13,53,0,69,4,0,4,73
11/08/2008,PAE,WA,ANM,WE,Towers with Radar,2,0,29,0,31,0,0,72,2,74,2,0,101,2,105,250,0,250,355
11/09/2008,PAE,WA,ANM,WE,Towers with Radar,2,4,75,3,84,0,0,58,0,58,2,4,133,3,142,122,0,122,264
11/10/2008,PAE,WA,ANM,WE,Towers with Radar,2,8,61,1,72,0,4,56,0,60,2,12,117,1,132,197,0,197,329
11/11/2008,PAE,WA,ANM,WE,Towers with Radar,6,2,30,0,38,0,0,5,0,5,6,2,35,0,43,6,0,6,49
11/12/2008,PAE,WA,ANM,WE,Towers with Radar,4,7,23,0,34,0,0,2,0,2,4,7,25,0,36,3,0,3,39
11/13/2008,PAE,WA,ANM,WE,Towers with Radar,5,6,51,4,66,2,13,109,13,137,7,19,160,17,203,190,1,191,394
11/14/2008,PAE,WA,ANM,WE,Towers with Radar,5,5,35,0,45,0,4,165,1,170,5,9,200,1,215,176,0,176,391
11/15/2008,PAE,WA,ANM,WE,Towers with Radar,4,0,95,0,99,0,0,362,4,366,4,0,457,4,465,436,0,436,901
11/16/2008,PAE,WA,ANM,WE,Towers with Radar,1,0,41,2,44,0,0,215,1,216,1,0,256,3,260,190,0,190,450
11/17/2008,PAE,WA,ANM,WE,Towers with Radar,4,18,70,1,93,0,5,122,0,127,4,23,192,1,220,244,0,244,464
11/18/2008,PAE,WA,ANM,WE,Towers with Radar,10,5,46,5,66,0,6,98,1,105,10,11,144,6,171,156,0,156,327
11/19/2008,PAE,WA,ANM,WE,Towers with Radar,5,5,37,0,47,0,2,218,1,221,5,7,255,1,268,183,0,183,451
11/20/2008,PAE,WA,ANM,WE,Towers with Radar,7,9,23,0,39,0,0,22,0,22,7,9,45,0,61,16,0,16,77
11/21/2008,PAE,WA,ANM,WE,Towers with Radar,3,6,66,0,75,0,4,56,0,60,3,10,122,0,135,111,0,111,246
11/22/2008,PAE,WA,ANM,WE,Towers with Radar,1,6,83,2,92,0,2,126,4,132,1,8,209,6,224,228,0,228,452
11/23/2008,PAE,WA,ANM,WE,Towers with Radar,7,0,72,1,80,0,0,284,2,286,7,0,356,3,366,243,0,243,609
11/24/2008,PAE,WA,ANM,WE,Towers with Radar,10,6,66,0,82,0,4,119,0,123,10,10,185,0,205,164,0,164,369
11/25/2008,PAE,WA,ANM,WE,Towers with Radar,10,9,60,0,79,0,0,29,0,29,10,9,89,0,108,8,0,8,116
11/26/2008,PAE,WA,ANM,WE,Towers with Radar,8,4,62,3,77,0,2,115,3,120,8,6,177,6,197,153,0,153,350
11/27/2008,PAE,WA,ANM,WE,Towers with Radar,0,0,4,0,4,0,0,28,1,29,0,0,32,1,33,31,8,39,72
11/28/2008,PAE,WA,ANM,WE,Towers with Radar,8,9,34,0,51,0,0,8,0,8,8,9,42,0,59,6,0,6,65
11/29/2008,PAE,WA,ANM,WE,Towers with Radar,0,0,40,0,40,0,0,1,0,1,0,0,41,0,41,0,0,0,41
11/30/2008,PAE,WA,ANM,WE,Towers with Radar,3,0,46,1,50,0,0,75,0,75,3,0,121,1,125,75,0,75,200
12/01/2008,PAE,WA,ANM,WE,Towers with Radar,5,12,36,0,53,0,0,52,0,52,5,12,88,0,105,73,0,73,178
12/02/2008,PAE,WA,ANM,WE,Towers with Radar,4,14,49,1,68,0,0,24,0,24,4,14,73,1,92,133,0,133,225
12/03/2008,PAE,WA,ANM,WE,Towers with Radar,6,7,32,0,45,0,2,73,0,75,6,9,105,0,120,159,0,159,279
12/04/2008,PAE,WA,ANM,WE,Towers with Radar,8,5,81,0,94,0,2,144,0,146,8,7,225,0,240,126,0,126,366
12/05/2008,PAE,WA,ANM,WE,Towers with Radar,4,8,51,0,63,0,4,136,0,140,4,12,187,0,203,169,0,169,372
12/06/2008,PAE,WA,ANM,WE,Towers with Radar,12,0,58,0,70,0,0,207,0,207,12,0,265,0,277,177,0,177,454
12/07/2008,PAE,WA,ANM,WE,Towers with Radar,0,20,4,0,24,0,0,24,0,24,0,20,28,0,48,18,0,18,66
12/08/2008,PAE,WA,ANM,WE,Towers with Radar,1,4,49,0,54,0,2,36,0,38,1,6,85,0,92,92,0,92,184
12/09/2008,PAE,WA,ANM,WE,Towers with Radar,12,5,46,1,64,0,2,23,0,25,12,7,69,1,89,52,0,52,141
12/10/2008,PAE,WA,ANM,WE,Towers with Radar,12,6,45,0,63,0,0,15,0,15,12,6,60,0,78,77,0,77,155
12/11/2008,PAE,WA,ANM,WE,Towers with Radar,7,4,45,0,56,1,0,35,0,36,8,4,80,0,92,81,0,81,173
12/12/2008,PAE,WA,ANM,WE,Towers with Radar,5,4,10,0,19,0,0,0,0,0,5,4,10,0,19,0,0,0,19
12/13/2008,PAE,WA,ANM,WE,Towers with Radar,25,0,4,2,31,1,0,24,0,25,26,0,28,2,56,58,0,58,114
12/14/2008,PAE,WA,ANM,WE,Towers with Radar,3,0,3,0,6,0,0,25,0,25,3,0,28,0,31,20,0,20,51
12/15/2008,PAE,WA,ANM,WE,Towers with Radar,8,4,31,0,43,0,1,46,0,47,8,5,77,0,90,54,0,54,144
12/16/2008,PAE,WA,ANM,WE,Towers with Radar,17,6,51,0,74,1,1,82,1,85,18,7,133,1,159,121,0,121,280
12/17/2008,PAE,WA,ANM,WE,Towers with Radar,19,2,5,0,26,0,0,0,0,0,19,2,5,0,26,3,0,3,29
12/18/2008,PAE,WA,ANM,WE,Towers with Radar,0,1,4,0,5,0,1,1,0,2,0,2,5,0,7,0,0,0,7
12/19/2008,PAE,WA,ANM,WE,Towers with Radar,8,2,22,0,32,0,3,24,0,27,8,5,46,0,59,0,0,0,59
12/20/2008,PAE,WA,ANM,WE,Towers with Radar,0,2,8,0,10,0,0,24,1,25,0,2,32,1,35,0,0,0,35
12/21/2008,PAE,WA,ANM,WE,Towers with Radar,0,0,1,0,1,0,0,0,0,0,0,0,1,0,1,0,0,0,1
12/22/2008,PAE,WA,ANM,WE,Towers with Radar,1,1,0,0,2,0,0,0,0,0,1,1,0,0,2,0,0,0,2
12/23/2008,PAE,WA,ANM,WE,Towers with Radar,2,2,7,0,11,0,2,7,0,9,2,4,14,0,20,0,0,0,20
12/24/2008,PAE,WA,ANM,WE,Towers with Radar,0,2,2,0,4,0,0,0,0,0,0,2,2,0,4,0,0,0,4
12/25/2008,PAE,WA,ANM,WE,Towers with Radar,0,0,0,0,0,0,0,0,0,0,0,0,0,0,0,0,0,0,0
12/26/2008,PAE,WA,ANM,WE,Towers with Radar,9,2,11,0,22,1,0,0,0,1,10,2,11,0,23,0,0,0,23
12/27/2008,PAE,WA,ANM,WE,Towers with Radar,10,0,8,0,18,0,0,0,0,0,10,0,8,0,18,0,0,0,18
12/28/2008,PAE,WA,ANM,WE,Towers with Radar,19,0,17,0,36,0,0,9,0,9,19,0,26,0,45,20,0,20,65
12/29/2008,PAE,WA,ANM,WE,Towers with Radar,13,3,6,0,22,0,4,12,0,16,13,7,18,0,38,19,0,19,57
12/30/2008,PAE,WA,ANM,WE,Towers with Radar,3,8,31,0,42,0,0,84,0,84,3,8,115,0,126,129,0,129,255
12/31/2008,PAE,WA,ANM,WE,Towers with Radar,6,17,8,4,35,0,0,22,2,24,6,17,30,6,59,40,0,40,99
01/01/2009,PAE,WA,ANM,WE,Towers with Radar,1,0,0,0,1,0,0,0,0,0,1,0,0,0,1,0,0,0,1
01/02/2009,PAE,WA,ANM,WE,Towers with Radar,4,5,27,2,38,0,4,95,0,99,4,9,122,2,137,170,0,170,307
01/03/2009,PAE,WA,ANM,WE,Towers with Radar,1,0,14,2,17,0,0,36,0,36,1,0,50,2,53,81,1,82,135
01/04/2009,PAE,WA,ANM,WE,Towers with Radar,4,4,29,1,38,0,0,73,0,73,4,4,102,1,111,86,0,86,197
01/05/2009,PAE,WA,ANM,WE,Towers with Radar,1,8,9,0,18,0,1,7,0,8,1,9,16,0,26,10,0,10,36
01/06/2009,PAE,WA,ANM,WE,Towers with Radar,3,16,10,0,29,0,0,5,0,5,3,16,15,0,34,0,0,0,34
01/07/2009,PAE,WA,ANM,WE,Towers with Radar,2,10,21,5,38,0,2,6,2,10,2,12,27,7,48,2,0,2,50
01/08/2009,PAE,WA,ANM,WE,Towers with Radar,8,17,28,1,54,9,4,35,0,48,17,21,63,1,102,33,0,33,135
01/09/2009,PAE,WA,ANM,WE,Towers with Radar,14,11,60,0,85,0,12,134,2,148,14,23,194,2,233,125,0,125,358
01/10/2009,PAE,WA,ANM,WE,Towers with Radar,4,1,37,1,43,0,0,45,0,45,4,1,82,1,88,181,0,181,269
01/11/2009,PAE,WA,ANM,WE,Towers with Radar,6,0,15,0,21,0,0,0,0,0,6,0,15,0,21,0,0,0,21
01/12/2009,PAE,WA,ANM,WE,Towers with Radar,6,11,21,0,38,0,0,0,0,0,6,11,21,0,38,0,0,0,38
01/13/2009,PAE,WA,ANM,WE,Towers with Radar,14,6,62,1,83,0,0,32,0,32,14,6,94,1,115,84,0,84,199
01/14/2009,PAE,WA,ANM,WE,Towers with Radar,7,6,46,0,59,0,0,0,0,0,7,6,46,0,59,0,0,0,59
01/15/2009,PAE,WA,ANM,WE,Towers with Radar,0,2,5,2,9,0,0,0,0,0,0,2,5,2,9,0,0,0,9
01/16/2009,PAE,WA,ANM,WE,Towers with Radar,2,0,8,0,10,0,0,0,0,0,2,0,8,0,10,0,0,0,10
01/17/2009,PAE,WA,ANM,WE,Towers with Radar,6,0,35,0,41,0,0,106,0,106,6,0,141,0,147,99,0,99,246
01/18/2009,PAE,WA,ANM,WE,Towers with Radar,15,0,105,0,120,0,0,367,0,367,15,0,472,0,487,268,0,268,755
01/19/2009,PAE,WA,ANM,WE,Towers with Radar,23,3,43,0,69,1,2,254,0,257,24,5,297,0,326,260,0,260,586
01/20/2009,PAE,WA,ANM,WE,Towers with Radar,27,11,48,0,86,0,8,106,0,114,27,19,154,0,200,168,0,168,368
01/21/2009,PAE,WA,ANM,WE,Towers with Radar,10,8,23,0,41,0,0,6,0,6,10,8,29,0,47,10,0,10,57
01/22/2009,PAE,WA,ANM,WE,Towers with Radar,5,1,23,0,29,0,0,0,0,0,5,1,23,0,29,0,0,0,29
01/23/2009,PAE,WA,ANM,WE,Towers with Radar,11,8,41,2,62,0,5,96,0,101,11,13,137,2,163,170,0,170,333
01/24/2009,PAE,WA,ANM,WE,Towers with Radar,9,1,73,0,83,0,0,202,6,208,9,1,275,6,291,210,0,210,501
01/25/2009,PAE,WA,ANM,WE,Towers with Radar,19,1,5,0,25,0,0,6,0,6,19,1,11,0,31,0,0,0,31
01/26/2009,PAE,WA,ANM,WE,Towers with Radar,23,17,63,1,104,0,9,177,0,186,23,26,240,1,290,210,0,210,500
01/27/2009,PAE,WA,ANM,WE,Towers with Radar,7,12,7,2,28,0,0,2,0,2,7,12,9,2,30,0,2,2,32
01/28/2009,PAE,WA,ANM,WE,Towers with Radar,17,5,60,5,87,3,3,71,1,78,20,8,131,6,165,90,0,90,255
01/29/2009,PAE,WA,ANM,WE,Towers with Radar,17,10,74,0,101,0,5,36,0,41,17,15,110,0,142,120,0,120,262
01/30/2009,PAE,WA,ANM,WE,Towers with Radar,13,10,68,2,93,0,3,51,0,54,13,13,119,2,147,89,1,90,237
01/31/2009,PAE,WA,ANM,WE,Towers with Radar,10,1,73,0,84,0,0,195,2,197,10,1,268,2,281,214,0,214,495
02/01/2009,PAE,WA,ANM,WE,Towers with Radar,3,8,37,0,48,0,0,132,0,132,3,8,169,0,180,127,0,127,307
02/02/2009,PAE,WA,ANM,WE,Towers with Radar,17,14,41,0,72,0,6,104,0,110,17,20,145,0,182,103,0,103,285
02/03/2009,PAE,WA,ANM,WE,Towers with Radar,6,13,50,0,69,0,8,145,0,153,6,21,195,0,222,98,0,98,320
02/04/2009,PAE,WA,ANM,WE,Towers with Radar,15,9,45,0,69,1,2,143,0,146,16,11,188,0,215,161,0,161,376
02/05/2009,PAE,WA,ANM,WE,Towers with Radar,10,12,52,1,75,0,16,90,0,106,10,28,142,1,181,157,4,161,342
02/06/2009,PAE,WA,ANM,WE,Towers with Radar,9,8,24,0,41,0,3,8,0,11,9,11,32,0,52,12,0,12,64
02/07/2009,PAE,WA,ANM,WE,Towers with Radar,8,6,66,1,81,0,0,76,1,77,8,6,142,2,158,113,0,113,271
02/08/2009,PAE,WA,ANM,WE,Towers with Radar,0,0,46,0,46,0,0,185,1,186,0,0,231,1,232,172,0,172,404
02/09/2009,PAE,WA,ANM,WE,Towers with Radar,11,5,22,1,39,0,5,41,0,46,11,10,63,1,85,115,0,115,200
02/10/2009,PAE,WA,ANM,WE,Towers with Radar,11,5,6,5,27,0,0,7,0,7,11,5,13,5,34,10,0,10,44
02/11/2009,PAE,WA,ANM,WE,Towers with Radar,7,4,48,4,63,0,0,123,0,123,7,4,171,4,186,160,0,160,346
02/12/2009,PAE,WA,ANM,WE,Towers with Radar,15,6,50,0,71,0,3,109,0,112,15,9,159,0,183,140,0,140,323
02/13/2009,PAE,WA,ANM,WE,Towers with Radar,6,8,34,1,49,0,2,132,9,143,6,10,166,10,192,238,0,238,430
02/14/2009,PAE,WA,ANM,WE,Towers with Radar,5,6,69,0,80,0,1,164,0,165,5,7,233,0,245,252,0,252,497
02/15/2009,PAE,WA,ANM,WE,Towers with Radar,10,0,30,0,40,0,0,146,0,146,10,0,176,0,186,228,0,228,414
02/16/2009,PAE,WA,ANM,WE,Towers with Radar,10,0,33,0,43,0,2,133,0,135,10,2,166,0,178,185,0,185,363
02/17/2009,PAE,WA,ANM,WE,Towers with Radar,3,6,54,0,63,0,2,58,0,60,3,8,112,0,123,193,0,193,316
02/18/2009,PAE,WA,ANM,WE,Towers with Radar,1,8,43,0,52,0,4,101,0,105,1,12,144,0,157,158,0,158,315
02/19/2009,PAE,WA,ANM,WE,Towers with Radar,9,6,72,1,88,0,1,164,1,166,9,7,236,2,254,152,8,160,414
02/20/2009,PAE,WA,ANM,WE,Towers with Radar,10,11,34,0,55,0,3,228,1,232,10,14,262,1,287,260,0,260,547
02/21/2009,PAE,WA,ANM,WE,Towers with Radar,12,0,64,0,76,0,0,236,0,236,12,0,300,0,312,250,0,250,562
02/22/2009,PAE,WA,ANM,WE,Towers with Radar,8,0,46,0,54,0,0,86,0,86,8,0,132,0,140,129,0,129,269
02/23/2009,PAE,WA,ANM,WE,Towers with Radar,8,3,41,0,52,0,3,54,0,57,8,6,95,0,109,182,2,184,293
02/24/2009,PAE,WA,ANM,WE,Towers with Radar,15,7,20,0,42,2,1,14,4,21,17,8,34,4,63,18,0,18,81
02/25/2009,PAE,WA,ANM,WE,Towers with Radar,11,3,19,0,33,0,1,22,0,23,11,4,41,0,56,0,0,0,56
02/26/2009,PAE,WA,ANM,WE,Towers with Radar,6,7,32,0,45,0,1,40,4,45,6,8,72,4,90,75,0,75,165
02/27/2009,PAE,WA,ANM,WE,Towers with Radar,8,3,56,4,71,0,4,220,3,227,8,7,276,7,298,149,1,150,448
02/28/2009,PAE,WA,ANM,WE,Towers with Radar,1,0,47,0,48,0,0,213,0,213,1,0,260,0,261,394,0,394,655
03/01/2009,PAE,WA,ANM,WE,Towers with Radar,7,1,27,0,35,0,0,48,1,49,7,1,75,1,84,62,0,62,146
03/02/2009,PAE,WA,ANM,WE,Towers with Radar,19,5,12,0,36,0,4,62,0,66,19,9,74,0,102,124,0,124,226
03/03/2009,PAE,WA,ANM,WE,Towers with Radar,15,6,23,2,46,0,3,86,0,89,15,9,109,2,135,149,0,149,284
03/04/2009,PAE,WA,ANM,WE,Towers with Radar,17,8,23,1,49,0,20,42,0,62,17,28,65,1,111,177,0,177,288
03/05/2009,PAE,WA,ANM,WE,Towers with Radar,17,16,30,0,63,0,2,45,0,47,17,18,75,0,110,61,0,61,171
03/06/2009,PAE,WA,ANM,WE,Towers with Radar,5,2,71,0,78,0,2,219,0,221,5,4,290,0,299,205,0,205,504
03/07/2009,PAE,WA,ANM,WE,Towers with Radar,2,0,4,2,8,0,1,15,0,16,2,1,19,2,24,26,0,26,50
03/08/2009,PAE,WA,ANM,WE,Towers with Radar,10,0,14,0,24,0,0,86,0,86,10,0,100,0,110,166,0,166,276
03/09/2009,PAE,WA,ANM,WE,Towers with Radar,6,1,6,0,13,0,1,6,0,7,6,2,12,0,20,0,0,0,20
03/10/2009,PAE,WA,ANM,WE,Towers with Radar,15,11,50,1,77,0,0,92,0,92,15,11,142,1,169,110,0,110,279
03/11/2009,PAE,WA,ANM,WE,Towers with Radar,0,12,38,0,50,0,2,134,1,137,0,14,172,1,187,139,1,140,327
03/12/2009,PAE,WA,ANM,WE,Towers with Radar,9,4,74,0,87,0,2,163,0,165,9,6,237,0,252,292,0,292,544
03/13/2009,PAE,WA,ANM,WE,Towers with Radar,5,4,57,2,68,0,3,174,0,177,5,7,231,2,245,256,0,256,501
03/14/2009,PAE,WA,ANM,WE,Towers with Radar,4,2,12,0,18,0,0,7,0,7,4,2,19,0,25,2,0,2,27
03/15/2009,PAE,WA,ANM,WE,Towers with Radar,5,4,6,0,15,0,0,10,0,10,5,4,16,0,25,0,0,0,25
03/16/2009,PAE,WA,ANM,WE,Towers with Radar,9,3,30,0,42,0,2,26,3,31,9,5,56,3,73,16,0,16,89
03/17/2009,PAE,WA,ANM,WE,Towers with Radar,7,6,37,0,50,0,3,67,0,70,7,9,104,0,120,58,0,58,178
03/18/2009,PAE,WA,ANM,WE,Towers with Radar,14,10,48,0,72,1,6,87,0,94,15,16,135,0,166,161,0,161,327
03/19/2009,PAE,WA,ANM,WE,Towers with Radar,8,8,66,0,82,0,8,17,0,25,8,16,83,0,107,46,0,46,153
03/20/2009,PAE,WA,ANM,WE,Towers with Radar,6,8,27,0,41,0,2,13,0,15,6,10,40,0,56,12,0,12,68
03/21/2009,PAE,WA,ANM,WE,Towers with Radar,10,1,73,5,89,0,1,206,4,211,10,2,279,9,300,210,0,210,510
03/22/2009,PAE,WA,ANM,WE,Towers with Radar,1,1,44,4,50,0,0,51,1,52,1,1,95,5,102,99,0,99,201
03/23/2009,PAE,WA,ANM,WE,Towers with Radar,10,9,19,0,38,0,7,25,0,32,10,16,44,0,70,14,0,14,84
03/24/2009,PAE,WA,ANM,WE,Towers with Radar,11,4,31,1,47,0,2,19,0,21,11,6,50,1,68,80,0,80,148
03/25/2009,PAE,WA,ANM,WE,Towers with Radar,4,4,15,3,26,0,2,35,0,37,4,6,50,3,63,97,0,97,160
03/26/2009,PAE,WA,ANM,WE,Towers with Radar,9,10,94,1,114,2,3,178,0,183,11,13,272,1,297,272,0,272,569
03/27/2009,PAE,WA,ANM,WE,Towers with Radar,9,4,40,2,55,0,1,29,0,30,9,5,69,2,85,54,0,54,139
03/28/2009,PAE,WA,ANM,WE,Towers with Radar,3,0,6,2,11,0,0,0,0,0,3,0,6,2,11,2,0,2,13
03/29/2009,PAE,WA,ANM,WE,Towers with Radar,4,0,59,0,63,0,0,161,1,162,4,0,220,1,225,281,0,281,506
03/30/2009,PAE,WA,ANM,WE,Towers with Radar,11,9,17,0,37,0,4,95,0,99,11,13,112,0,136,207,2,209,345
03/31/2009,PAE,WA,ANM,WE,Towers with Radar,9,13,24,2,48,0,3,56,0,59,9,16,80,2,107,62,0,62,169
04/01/2009,PAE,WA,ANM,WE,Towers with Radar,8,10,22,2,42,0,0,3,0,3,8,10,25,2,45,0,0,0,45
04/02/2009,PAE,WA,ANM,WE,Towers with Radar,14,10,6,6,36,0,1,12,0,13,14,11,18,6,49,15,0,15,64
04/03/2009,PAE,WA,ANM,WE,Towers with Radar,6,4,45,0,55,0,2,177,0,179,6,6,222,0,234,199,0,199,433
04/04/2009,PAE,WA,ANM,WE,Towers with Radar,9,1,41,1,52,0,1,296,0,297,9,2,337,1,349,409,0,409,758
04/05/2009,PAE,WA,ANM,WE,Towers with Radar,2,3,36,0,41,0,0,262,0,262,2,3,298,0,303,250,2,252,555
04/06/2009,PAE,WA,ANM,WE,Towers with Radar,17,4,33,2,56,1,6,147,0,154,18,10,180,2,210,183,0,183,393
04/07/2009,PAE,WA,ANM,WE,Towers with Radar,14,1,32,10,57,0,5,157,2,164,14,6,189,12,221,265,0,265,486
04/08/2009,PAE,WA,ANM,WE,Towers with Radar,10,11,41,1,63,0,2,39,0,41,10,13,80,1,104,66,0,66,170
04/09/2009,PAE,WA,ANM,WE,Towers with Radar,10,7,12,0,29,0,5,50,0,55,10,12,62,0,84,114,0,114,198
04/10/2009,PAE,WA,ANM,WE,Towers with Radar,13,10,73,0,96,0,2,31,1,34,13,12,104,1,130,49,0,49,179
04/11/2009,PAE,WA,ANM,WE,Towers with Radar,10,0,34,0,44,0,2,85,0,87,10,2,119,0,131,160,0,160,291
04/12/2009,PAE,WA,ANM,WE,Towers with Radar,5,0,14,0,19,0,0,9,0,9,5,0,23,0,28,8,0,8,36
04/13/2009,PAE,WA,ANM,WE,Towers with Radar,11,15,9,1,36,0,3,21,0,24,11,18,30,1,60,75,0,75,135
04/14/2009,PAE,WA,ANM,WE,Towers with Radar,10,17,51,0,78,0,3,82,0,85,10,20,133,0,163,135,0,135,298
04/15/2009,PAE,WA,ANM,WE,Towers with Radar,14,10,74,2,100,0,1,161,0,162,14,11,235,2,262,273,0,273,535
04/16/2009,PAE,WA,ANM,WE,Towers with Radar,19,7,62,0,88,0,0,141,0,141,19,7,203,0,229,173,0,173,402
04/17/2009,PAE,WA,ANM,WE,Towers with Radar,8,4,27,0,39,0,5,38,3,46,8,9,65,3,85,61,0,61,146
04/18/2009,PAE,WA,ANM,WE,Towers with Radar,1,0,37,0,38,0,0,255,2,257,1,0,292,2,295,340,0,340,635
04/19/2009,PAE,WA,ANM,WE,Towers with Radar,2,0,40,1,43,0,2,232,3,237,2,2,272,4,280,288,0,288,568
04/20/2009,PAE,WA,ANM,WE,Towers with Radar,8,2,45,0,55,0,3,194,0,197,8,5,239,0,252,261,1,262,514
04/21/2009,PAE,WA,ANM,WE,Towers with Radar,12,9,44,3,68,0,4,190,0,194,12,13,234,3,262,348,0,348,610
04/22/2009,PAE,WA,ANM,WE,Towers with Radar,9,10,41,0,60,0,0,45,0,45,9,10,86,0,105,130,0,130,235
04/23/2009,PAE,WA,ANM,WE,Towers with Radar,19,13,45,3,80,0,2,55,0,57,19,15,100,3,137,82,2,84,221
04/24/2009,PAE,WA,ANM,WE,Towers with Radar,13,9,56,0,78,1,3,221,0,225,14,12,277,0,303,241,0,241,544
04/25/2009,PAE,WA,ANM,WE,Towers with Radar,6,10,63,0,79,0,0,118,1,119,6,10,181,1,198,227,0,227,425
04/26/2009,PAE,WA,ANM,WE,Towers with Radar,0,0,32,0,32,0,0,184,0,184,0,0,216,0,216,205,0,205,421
04/27/2009,PAE,WA,ANM,WE,Towers with Radar,6,18,55,0,79,0,6,95,0,101,6,24,150,0,180,170,0,170,350
04/28/2009,PAE,WA,ANM,WE,Towers with Radar,6,2,48,0,56,0,3,82,0,85,6,5,130,0,141,152,0,152,293
04/29/2009,PAE,WA,ANM,WE,Towers with Radar,4,14,50,2,70,0,4,110,0,114,4,18,160,2,184,141,0,141,325
04/30/2009,PAE,WA,ANM,WE,Towers with Radar,5,4,41,0,50,0,3,146,0,149,5,7,187,0,199,133,0,133,332
05/01/2009,PAE,WA,ANM,WE,Towers with Radar,11,1,44,0,56,0,4,264,0,268,11,5,308,0,324,151,3,154,478
05/02/2009,PAE,WA,ANM,WE,Towers with Radar,7,0,48,0,55,0,0,122,0,122,7,0,170,0,177,262,0,262,439
05/03/2009,PAE,WA,ANM,WE,Towers with Radar,12,1,28,0,41,0,0,147,1,148,12,1,175,1,189,145,0,145,334
05/04/2009,PAE,WA,ANM,WE,Towers with Radar,13,5,40,0,58,0,0,59,0,59,13,5,99,0,117,120,0,120,237
05/05/2009,PAE,WA,ANM,WE,Towers with Radar,17,5,11,3,36,0,1,18,0,19,17,6,29,3,55,15,0,15,70
05/06/2009,PAE,WA,ANM,WE,Towers with Radar,9,9,45,6,69,0,5,32,2,39,9,14,77,8,108,18,0,18,126
05/07/2009,PAE,WA,ANM,WE,Towers with Radar,14,10,76,4,104,0,1,83,1,85,14,11,159,5,189,177,0,177,366
05/08/2009,PAE,WA,ANM,WE,Towers with Radar,18,4,59,1,82,0,4,137,0,141,18,8,196,1,223,185,0,185,408
05/09/2009,PAE,WA,ANM,WE,Towers with Radar,1,6,67,0,74,0,0,251,1,252,1,6,318,1,326,222,0,222,548
05/10/2009,PAE,WA,ANM,WE,Towers with Radar,0,0,31,0,31,0,0,169,0,169,0,0,200,0,200,227,0,227,427
05/11/2009,PAE,WA,ANM,WE,Towers with Radar,20,3,24,0,47,0,3,39,0,42,20,6,63,0,89,69,0,69,158
05/12/2009,PAE,WA,ANM,WE,Towers with Radar,8,5,48,1,62,0,6,80,0,86,8,11,128,1,148,152,1,153,301
05/13/2009,PAE,WA,ANM,WE,Towers with Radar,12,16,48,0,76,0,0,72,0,72,12,16,120,0,148,150,0,150,298
05/14/2009,PAE,WA,ANM,WE,Towers with Radar,18,2,42,2,64,0,4,62,0,66,18,6,104,2,130,142,0,142,272
05/15/2009,PAE,WA,ANM,WE,Towers with Radar,10,0,56,0,66,0,6,161,0,167,10,6,217,0,233,156,0,156,389
05/16/2009,PAE,WA,ANM,WE,Towers with Radar,10,7,18,0,35,0,0,640,0,640,10,7,658,0,675,289,0,289,964
05/17/2009,PAE,WA,ANM,WE,Towers with Radar,4,0,47,0,51,0,0,211,0,211,4,0,258,0,262,235,0,235,497
05/18/2009,PAE,WA,ANM,WE,Towers with Radar,15,5,51,3,74,74,4,0,0,78,89,9,51,3,152,64,0,64,216
05/19/2009,PAE,WA,ANM,WE,Towers with Radar,26,8,38,0,72,4,1,13,3,21,30,9,51,3,93,0,3,3,96
05/20/2009,PAE,WA,ANM,WE,Towers with Radar,18,7,40,2,67,0,5,99,0,104,18,12,139,2,171,166,0,166,337
05/21/2009,PAE,WA,ANM,WE,Towers with Radar,3,0,67,0,70,0,4,149,2,155,3,4,216,2,225,139,5,144,369
05/22/2009,PAE,WA,ANM,WE,Towers with Radar,12,0,32,2,46,0,5,219,1,225,12,5,251,3,271,255,10,265,536
05/23/2009,PAE,WA,ANM,WE,Towers with Radar,4,0,52,0,56,0,0,295,0,295,4,0,347,0,351,257,0,257,608
05/24/2009,PAE,WA,ANM,WE,Towers with Radar,0,6,30,0,36,0,0,192,1,193,0,6,222,1,229,119,0,119,348
05/25/2009,PAE,WA,ANM,WE,Towers with Radar,2,0,29,0,31,0,2,235,0,237,2,2,264,0,268,165,0,165,433
05/26/2009,PAE,WA,ANM,WE,Towers with Radar,11,7,38,0,56,0,3,103,4,110,11,10,141,4,166,121,6,127,293
05/27/2009,PAE,WA,ANM,WE,Towers with Radar,12,10,46,0,68,0,6,123,0,129,12,16,169,0,197,149,0,149,346
05/28/2009,PAE,WA,ANM,WE,Towers with Radar,10,2,52,0,64,0,9,154,2,165,10,11,206,2,229,308,2,310,539
05/29/2009,PAE,WA,ANM,WE,Towers with Radar,8,0,32,0,40,0,7,284,0,291,8,7,316,0,331,305,0,305,636
05/30/2009,PAE,WA,ANM,WE,Towers with Radar,3,0,41,1,45,0,0,245,3,248,3,0,286,4,293,215,0,215,508
05/31/2009,PAE,WA,ANM,WE,Towers with Radar,0,0,16,1,17,0,1,220,0,221,0,1,236,1,238,159,0,159,397
06/01/2009,PAE,WA,ANM,WE,Towers with Radar,3,3,30,0,36,0,7,149,0,156,3,10,179,0,192,170,0,170,362
06/02/2009,PAE,WA,ANM,WE,Towers with Radar,27,3,40,5,75,2,4,113,6,125,29,7,153,11,200,173,4,177,377
06/03/2009,PAE,WA,ANM,WE,Towers with Radar,7,2,27,0,36,4,5,126,1,136,11,7,153,1,172,190,0,190,362
06/04/2009,PAE,WA,ANM,WE,Towers with Radar,0,7,55,0,62,0,1,126,0,127,0,8,181,0,189,172,0,172,361
06/05/2009,PAE,WA,ANM,WE,Towers with Radar,17,1,26,0,44,1,2,117,0,120,18,3,143,0,164,139,0,139,303
06/06/2009,PAE,WA,ANM,WE,Towers with Radar,8,1,47,1,57,0,1,132,4,137,8,2,179,5,194,225,0,225,419
06/07/2009,PAE,WA,ANM,WE,Towers with Radar,5,0,33,0,38,0,0,151,0,151,5,0,184,0,189,130,0,130,319
06/08/2009,PAE,WA,ANM,WE,Towers with Radar,3,5,24,0,32,0,6,178,0,184,3,11,202,0,216,179,0,179,395
06/09/2009,PAE,WA,ANM,WE,Towers with Radar,3,5,48,1,57,0,4,149,0,153,3,9,197,1,210,224,0,224,434
06/10/2009,PAE,WA,ANM,WE,Towers with Radar,7,3,45,0,55,0,3,141,4,148,7,6,186,4,203,249,0,249,452
06/11/2009,PAE,WA,ANM,WE,Towers with Radar,20,7,46,0,73,0,5,167,0,172,20,12,213,0,245,281,14,295,540
06/12/2009,PAE,WA,ANM,WE,Towers with Radar,16,2,48,0,66,0,6,155,0,161,16,8,203,0,227,108,0,108,335
06/13/2009,PAE,WA,ANM,WE,Towers with Radar,9,0,43,0,52,0,0,153,1,154,9,0,196,1,206,158,0,158,364
06/14/2009,PAE,WA,ANM,WE,Towers with Radar,3,0,59,4,66,0,0,120,1,121,3,0,179,5,187,168,0,168,355
06/15/2009,PAE,WA,ANM,WE,Towers with Radar,8,5,55,2,70,1,10,103,2,116,9,15,158,4,186,209,0,209,395
06/16/2009,PAE,WA,ANM,WE,Towers with Radar,8,6,53,3,70,0,3,135,0,138,8,9,188,3,208,327,0,327,535
06/17/2009,PAE,WA,ANM,WE,Towers with Radar,15,11,43,0,69,0,1,71,0,72,15,12,114,0,141,238,0,238,379
06/18/2009,PAE,WA,ANM,WE,Towers with Radar,9,2,31,5,47,0,3,99,3,105,9,5,130,8,152,201,0,201,353
06/19/2009,PAE,WA,ANM,WE,Towers with Radar,23,7,48,0,78,0,2,35,0,37,23,9,83,0,115,34,0,34,149
06/20/2009,PAE,WA,ANM,WE,Towers with Radar,9,1,89,1,100,0,0,236,1,237,9,1,325,2,337,206,0,206,543
06/21/2009,PAE,WA,ANM,WE,Towers with Radar,9,1,36,0,46,0,0,129,0,129,9,1,165,0,175,136,0,136,311
06/22/2009,PAE,WA,ANM,WE,Towers with Radar,10,2,44,1,57,0,6,92,3,101,10,8,136,4,158,90,22,112,270
06/23/2009,PAE,WA,ANM,WE,Towers with Radar,16,9,36,0,61,0,2,176,1,179,16,11,212,1,240,180,0,180,420
06/24/2009,PAE,WA,ANM,WE,Towers with Radar,5,9,28,0,42,9,5,44,2,60,14,14,72,2,102,90,2,92,194
06/25/2009,PAE,WA,ANM,WE,Towers with Radar,3,2,51,0,56,0,3,64,0,67,3,5,115,0,123,157,0,157,280
06/26/2009,PAE,WA,ANM,WE,Towers with Radar,15,3,36,1,55,0,6,234,2,242,15,9,270,3,297,210,0,210,507
06/27/2009,PAE,WA,ANM,WE,Towers with Radar,4,1,45,0,50,0,0,269,4,273,4,1,314,4,323,237,0,237,560
06/28/2009,PAE,WA,ANM,WE,Towers with Radar,5,0,46,0,51,0,0,195,2,197,5,0,241,2,248,132,0,132,380
06/29/2009,PAE,WA,ANM,WE,Towers with Radar,4,0,49,1,54,0,12,152,0,164,4,12,201,1,218,149,0,149,367
06/30/2009,PAE,WA,ANM,WE,Towers with Radar,10,1,41,0,52,0,3,177,2,182,10,4,218,2,234,211,0,211,445
07/01/2009,PAE,WA,ANM,WE,Towers with Radar,12,5,33,0,50,0,4,153,4,161,12,9,186,4,211,180,4,184,395
07/02/2009,PAE,WA,ANM,WE,Towers with Radar,6,1,49,0,56,0,10,177,1,188,6,11,226,1,244,282,0,282,526
07/03/2009,PAE,WA,ANM,WE,Towers with Radar,6,0,55,0,61,0,6,276,1,283,6,6,331,1,344,199,0,199,543
07/04/2009,PAE,WA,ANM,WE,Towers with Radar,0,0,33,0,33,0,0,137,1,138,0,0,170,1,171,62,0,62,233
07/05/2009,PAE,WA,ANM,WE,Towers with Radar,1,0,17,0,18,0,3,176,1,180,1,3,193,1,198,88,0,88,286
07/06/2009,PAE,WA,ANM,WE,Towers with Radar,6,2,25,0,33,0,9,50,1,60,6,11,75,1,93,147,1,148,241
07/07/2009,PAE,WA,ANM,WE,Towers with Radar,12,5,60,1,78,0,7,86,9,102,12,12,146,10,180,201,6,207,387
07/08/2009,PAE,WA,ANM,WE,Towers with Radar,10,3,61,2,76,3,5,73,1,82,13,8,134,3,158,241,0,241,399
07/09/2009,PAE,WA,ANM,WE,Towers with Radar,16,8,48,0,72,0,10,149,0,159,16,18,197,0,231,228,0,228,459
07/10/2009,PAE,WA,ANM,WE,Towers with Radar,9,1,27,0,37,2,6,251,1,260,11,7,278,1,297,247,0,247,544
07/11/2009,PAE,WA,ANM,WE,Towers with Radar,13,0,26,0,39,0,2,204,2,208,13,2,230,2,247,186,0,186,433
07/12/2009,PAE,WA,ANM,WE,Towers with Radar,0,0,27,1,28,0,0,58,0,58,0,0,85,1,86,22,0,22,108
07/13/2009,PAE,WA,ANM,WE,Towers with Radar,1,1,56,3,61,0,3,57,0,60,1,4,113,3,121,70,0,70,191
07/14/2009,PAE,WA,ANM,WE,Towers with Radar,4,2,53,1,60,0,8,111,0,119,4,10,164,1,179,188,0,188,367
07/15/2009,PAE,WA,ANM,WE,Towers with Radar,16,3,76,1,96,0,5,158,1,164,16,8,234,2,260,218,0,218,478
07/16/2009,PAE,WA,ANM,WE,Towers with Radar,4,2,48,2,56,1,6,170,1,178,5,8,218,3,234,225,13,238,472
07/17/2009,PAE,WA,ANM,WE,Towers with Radar,13,1,46,2,62,0,2,208,1,211,13,3,254,3,273,203,0,203,476
07/18/2009,PAE,WA,ANM,WE,Towers with Radar,3,0,61,0,64,0,0,535,2,537,3,0,596,2,601,193,0,193,794
07/19/2009,PAE,WA,ANM,WE,Towers with Radar,4,0,36,1,41,0,0,210,0,210,4,0,246,1,251,203,0,203,454
07/20/2009,PAE,WA,ANM,WE,Towers with Radar,7,1,23,0,31,0,7,190,3,200,7,8,213,3,231,178,0,178,409
07/21/2009,PAE,WA,ANM,WE,Towers with Radar,11,2,38,2,53,1,6,195,0,202,12,8,233,2,255,247,0,247,502
07/22/2009,PAE,WA,ANM,WE,Towers with Radar,6,13,42,0,61,0,4,152,2,158,6,17,194,2,219,153,0,153,372
07/23/2009,PAE,WA,ANM,WE,Towers with Radar,12,0,68,0,80,0,4,126,0,130,12,4,194,0,210,134,0,134,344
07/24/2009,PAE,WA,ANM,WE,Towers with Radar,11,0,60,4,75,4,4,163,2,173,15,4,223,6,248,150,0,150,398
07/25/2009,PAE,WA,ANM,WE,Towers with Radar,8,0,47,0,55,0,0,212,0,212,8,0,259,0,267,193,0,193,460
07/26/2009,PAE,WA,ANM,WE,Towers with Radar,6,0,20,0,26,0,4,164,1,169,6,4,184,1,195,158,2,160,355
07/27/2009,PAE,WA,ANM,WE,Towers with Radar,7,1,33,2,43,0,5,113,8,126,7,6,146,10,169,146,0,146,315
07/28/2009,PAE,WA,ANM,WE,Towers with Radar,4,2,30,1,37,0,3,135,5,143,4,5,165,6,180,154,0,154,334
07/29/2009,PAE,WA,ANM,WE,Towers with Radar,7,13,43,1,64,0,10,80,4,94,7,23,123,5,158,130,0,130,288
07/30/2009,PAE,WA,ANM,WE,Towers with Radar,11,5,28,2,46,0,8,131,0,139,11,13,159,2,185,143,0,143,328
07/31/2009,PAE,WA,ANM,WE,Towers with Radar,12,1,33,1,47,0,8,117,0,125,12,9,150,1,172,160,0,160,332
08/01/2009,PAE,WA,ANM,WE,Towers with Radar,0,0,10,0,10,0,0,202,0,202,0,0,212,0,212,164,0,164,376
08/02/2009,PAE,WA,ANM,WE,Towers with Radar,0,0,3,0,3,0,0,151,0,151,0,0,154,0,154,103,0,103,257
08/03/2009,PAE,WA,ANM,WE,Towers with Radar,0,0,11,0,11,0,7,148,0,155,0,7,159,0,166,150,0,150,316
08/04/2009,PAE,WA,ANM,WE,Towers with Radar,0,2,15,0,17,0,5,105,1,111,0,7,120,1,128,141,0,141,269
08/05/2009,PAE,WA,ANM,WE,Towers with Radar,0,2,17,0,19,0,5,70,0,75,0,7,87,0,94,187,0,187,281
08/06/2009,PAE,WA,ANM,WE,Towers with Radar,7,2,28,0,37,0,4,112,0,116,7,6,140,0,153,236,0,236,389
08/07/2009,PAE,WA,ANM,WE,Towers with Radar,6,4,42,0,52,0,0,65,0,65,6,4,107,0,117,88,0,88,205
08/08/2009,PAE,WA,ANM,WE,Towers with Radar,3,4,24,0,31,0,1,84,0,85,3,5,108,0,116,219,0,219,335
08/09/2009,PAE,WA,ANM,WE,Towers with Radar,1,2,35,0,38,0,0,96,0,96,1,2,131,0,134,110,0,110,244
08/10/2009,PAE,WA,ANM,WE,Towers with Radar,2,3,24,0,29,0,3,62,0,65,2,6,86,0,94,99,0,99,193
08/11/2009,PAE,WA,ANM,WE,Towers with Radar,5,4,43,2,54,0,9,87,0,96,5,13,130,2,150,110,0,110,260
08/12/2009,PAE,WA,ANM,WE,Towers with Radar,4,4,47,0,55,0,4,133,0,137,4,8,180,0,192,189,0,189,381
08/13/2009,PAE,WA,ANM,WE,Towers with Radar,4,2,35,1,42,0,6,71,2,79,4,8,106,3,121,139,1,140,261
08/14/2009,PAE,WA,ANM,WE,Towers with Radar,10,2,48,0,60,0,2,88,0,90,10,4,136,0,150,80,0,80,230
08/15/2009,PAE,WA,ANM,WE,Towers with Radar,3,0,23,0,26,0,1,173,1,175,3,1,196,1,201,193,0,193,394
08/16/2009,PAE,WA,ANM,WE,Towers with Radar,0,0,21,0,21,0,0,219,0,219,0,0,240,0,240,168,0,168,408
08/17/2009,PAE,WA,ANM,WE,Towers with Radar,7,1,11,3,22,0,6,176,2,184,7,7,187,5,206,170,1,171,377
08/18/2009,PAE,WA,ANM,WE,Towers with Radar,8,8,31,2,49,0,10,232,3,245,8,18,263,5,294,211,0,211,505
08/19/2009,PAE,WA,ANM,WE,Towers with Radar,2,6,35,3,46,3,3,175,0,181,5,9,210,3,227,208,0,208,435
08/20/2009,PAE,WA,ANM,WE,Towers with Radar,11,4,42,2,59,0,3,182,5,190,11,7,224,7,249,177,4,181,430
08/21/2009,PAE,WA,ANM,WE,Towers with Radar,9,1,63,0,73,0,5,144,0,149,9,6,207,0,222,107,0,107,329
08/22/2009,PAE,WA,ANM,WE,Towers with Radar,13,1,30,0,44,0,0,207,0,207,13,1,237,0,251,213,0,213,464
08/23/2009,PAE,WA,ANM,WE,Towers with Radar,4,1,32,2,39,0,0,214,1,215,4,1,246,3,254,118,0,118,372
08/24/2009,PAE,WA,ANM,WE,Towers with Radar,14,3,36,0,53,0,6,191,0,197,14,9,227,0,250,201,0,201,451
08/25/2009,PAE,WA,ANM,WE,Towers with Radar,10,3,58,0,71,0,5,110,5,120,10,8,168,5,191,168,4,172,363
08/26/2009,PAE,WA,ANM,WE,Towers with Radar,8,2,42,0,52,0,7,227,3,237,8,9,269,3,289,173,0,173,462
08/27/2009,PAE,WA,ANM,WE,Towers with Radar,2,2,43,1,48,0,6,214,0,220,2,8,257,1,268,191,0,191,459
08/28/2009,PAE,WA,ANM,WE,Towers with Radar,1,2,27,0,30,1,4,166,1,172,2,6,193,1,202,175,0,175,377
08/29/2009,PAE,WA,ANM,WE,Towers with Radar,7,3,10,0,20,0,0,129,1,130,7,3,139,1,150,235,0,235,385
08/30/2009,PAE,WA,ANM,WE,Towers with Radar,0,0,16,0,16,0,0,176,0,176,0,0,192,0,192,114,2,116,308
08/31/2009,PAE,WA,ANM,WE,Towers with Radar,8,0,25,0,33,0,5,99,2,106,8,5,124,2,139,161,0,161,300
09/01/2009,PAE,WA,ANM,WE,Towers with Radar,6,4,54,0,64,0,3,119,3,125,6,7,173,3,189,243,20,263,452
09/02/2009,PAE,WA,ANM,WE,Towers with Radar,6,2,31,0,39,0,0,130,4,134,6,2,161,4,173,209,1,210,383
09/03/2009,PAE,WA,ANM,WE,Towers with Radar,5,4,43,0,52,0,2,111,0,113,5,6,154,0,165,192,0,192,357
09/04/2009,PAE,WA,ANM,WE,Towers with Radar,0,3,40,0,43,0,3,254,0,257,0,6,294,0,300,185,0,185,485
09/05/2009,PAE,WA,ANM,WE,Towers with Radar,0,0,12,0,12,0,1,36,0,37,0,1,48,0,49,49,0,49,98
09/06/2009,PAE,WA,ANM,WE,Towers with Radar,0,0,10,0,10,0,0,23,0,23,0,0,33,0,33,37,0,37,70
09/07/2009,PAE,WA,ANM,WE,Towers with Radar,0,0,33,0,33,0,0,73,2,75,0,0,106,2,108,135,0,135,243
09/08/2009,PAE,WA,ANM,WE,Towers with Radar,0,0,30,0,30,0,4,113,0,117,0,4,143,0,147,143,0,143,290
09/09/2009,PAE,WA,ANM,WE,Towers with Radar,0,4,32,0,36,0,3,80,3,86,0,7,112,3,122,48,0,48,170
09/10/2009,PAE,WA,ANM,WE,Towers with Radar,0,2,43,0,45,0,7,156,0,163,0,9,199,0,208,162,0,162,370
09/11/2009,PAE,WA,ANM,WE,Towers with Radar,7,3,14,0,24,0,3,246,3,252,7,6,260,3,276,279,0,279,555
09/12/2009,PAE,WA,ANM,WE,Towers with Radar,10,0,23,0,33,0,0,259,2,261,10,0,282,2,294,165,0,165,459
09/13/2009,PAE,WA,ANM,WE,Towers with Radar,9,0,14,0,23,0,0,236,0,236,9,0,250,0,259,179,0,179,438
09/14/2009,PAE,WA,ANM,WE,Towers with Radar,4,0,30,1,35,6,60,0,0,66,10,60,30,1,101,127,0,127,228
09/15/2009,PAE,WA,ANM,WE,Towers with Radar,7,4,30,0,41,0,4,150,0,154,7,8,180,0,195,193,0,193,388
09/16/2009,PAE,WA,ANM,WE,Towers with Radar,4,17,30,1,52,0,3,100,0,103,4,20,130,1,155,111,0,111,266
09/17/2009,PAE,WA,ANM,WE,Towers with Radar,9,1,45,0,55,0,6,148,0,154,9,7,193,0,209,316,0,316,525
09/18/2009,PAE,WA,ANM,WE,Towers with Radar,3,0,21,1,25,0,5,180,0,185,3,5,201,1,210,230,0,230,440
09/19/2009,PAE,WA,ANM,WE,Towers with Radar,11,2,20,1,34,0,0,39,1,40,11,2,59,2,74,109,0,109,183
09/20/2009,PAE,WA,ANM,WE,Towers with Radar,3,0,21,0,24,0,1,141,2,144,3,1,162,2,168,217,0,217,385
09/21/2009,PAE,WA,ANM,WE,Towers with Radar,9,2,14,0,25,0,5,102,2,109,9,7,116,2,134,111,0,111,245
09/22/2009,PAE,WA,ANM,WE,Towers with Radar,8,0,35,0,43,0,2,230,1,233,8,2,265,1,276,244,0,244,520
09/23/2009,PAE,WA,ANM,WE,Towers with Radar,6,0,27,0,33,2,4,194,0,200,8,4,221,0,233,223,0,223,456
09/24/2009,PAE,WA,ANM,WE,Towers with Radar,20,0,31,0,51,0,4,100,0,104,20,4,131,0,155,176,0,176,331
09/25/2009,PAE,WA,ANM,WE,Towers with Radar,10,1,39,0,50,1,6,259,0,266,11,7,298,0,316,236,0,236,552
09/26/2009,PAE,WA,ANM,WE,Towers with Radar,1,0,31,0,32,0,0,299,0,299,1,0,330,0,331,322,0,322,653
09/27/2009,PAE,WA,ANM,WE,Towers with Radar,0,0,31,0,31,0,0,305,0,305,0,0,336,0,336,303,0,303,639
09/28/2009,PAE,WA,ANM,WE,Towers with Radar,3,3,20,2,28,0,12,66,0,78,3,15,86,2,106,91,0,91,197
09/29/2009,PAE,WA,ANM,WE,Towers with Radar,9,4,10,2,25,0,0,28,1,29,9,4,38,3,54,30,0,30,84
09/30/2009,PAE,WA,ANM,WE,Towers with Radar,9,3,21,0,33,0,1,124,0,125,9,4,145,0,158,258,0,258,416
10/01/2009,PAE,WA,ANM,WE,Towers with Radar,10,7,59,2,78,0,0,30,0,30,10,7,89,2,108,76,0,76,184
10/02/2009,PAE,WA,ANM,WE,Towers with Radar,5,1,44,1,51,0,1,86,0,87,5,2,130,1,138,153,0,153,291
10/03/2009,PAE,WA,ANM,WE,Towers with Radar,5,0,34,0,39,0,0,104,0,104,5,0,138,0,143,70,0,70,213
10/04/2009,PAE,WA,ANM,WE,Towers with Radar,1,0,33,0,34,0,0,173,1,174,1,0,206,1,208,139,0,139,347
10/05/2009,PAE,WA,ANM,WE,Towers with Radar,8,1,29,0,38,1,6,144,0,151,9,7,173,0,189,204,0,204,393
10/06/2009,PAE,WA,ANM,WE,Towers with Radar,3,1,28,0,32,1,2,154,2,159,4,3,182,2,191,187,0,187,378
10/07/2009,PAE,WA,ANM,WE,Towers with Radar,3,2,39,0,44,0,0,145,0,145,3,2,184,0,189,182,0,182,371
10/08/2009,PAE,WA,ANM,WE,Towers with Radar,11,11,44,0,66,0,3,137,0,140,11,14,181,0,206,226,0,226,432
10/09/2009,PAE,WA,ANM,WE,Towers with Radar,2,4,67,0,73,0,1,195,0,196,2,5,262,0,269,190,0,190,459
10/10/2009,PAE,WA,ANM,WE,Towers with Radar,11,0,50,0,61,2,0,224,2,228,13,0,274,2,289,239,0,239,528
10/11/2009,PAE,WA,ANM,WE,Towers with Radar,1,0,30,0,31,0,0,197,2,199,1,0,227,2,230,153,0,153,383
10/12/2009,PAE,WA,ANM,WE,Towers with Radar,7,6,35,0,48,0,9,97,2,108,7,15,132,2,156,70,0,70,226
10/13/2009,PAE,WA,ANM,WE,Towers with Radar,3,2,27,0,32,0,4,38,1,43,3,6,65,1,75,90,0,90,165
10/14/2009,PAE,WA,ANM,WE,Towers with Radar,8,18,19,0,45,0,0,7,0,7,8,18,26,0,52,38,0,38,90
10/15/2009,PAE,WA,ANM,WE,Towers with Radar,9,3,64,1,77,0,4,81,0,85,9,7,145,1,162,193,0,193,355
10/16/2009,PAE,WA,ANM,WE,Towers with Radar,11,4,24,1,40,0,0,7,1,8,11,4,31,2,48,10,0,10,58
10/17/2009,PAE,WA,ANM,WE,Towers with Radar,8,6,18,0,32,0,0,3,1,4,8,6,21,1,36,0,0,0,36
10/18/2009,PAE,WA,ANM,WE,Towers with Radar,5,0,71,0,76,0,0,101,1,102,5,0,172,1,178,110,0,110,288
10/19/2009,PAE,WA,ANM,WE,Towers with Radar,7,1,40,2,50,0,4,53,0,57,7,5,93,2,107,123,0,123,230
10/20/2009,PAE,WA,ANM,WE,Towers with Radar,12,5,95,4,116,0,6,85,0,91,12,11,180,4,207,110,0,110,317
10/21/2009,PAE,WA,ANM,WE,Towers with Radar,15,3,62,1,81,0,2,44,1,47,15,5,106,2,128,124,1,125,253
10/22/2009,PAE,WA,ANM,WE,Towers with Radar,11,8,76,2,97,0,3,52,0,55,11,11,128,2,152,48,0,48,200
10/23/2009,PAE,WA,ANM,WE,Towers with Radar,13,7,36,1,57,0,2,2,0,4,13,9,38,1,61,2,0,2,63
10/24/2009,PAE,WA,ANM,WE,Towers with Radar,6,6,49,0,61,0,0,213,0,213,6,6,262,0,274,402,0,402,676
10/25/2009,PAE,WA,ANM,WE,Towers with Radar,0,0,32,0,32,0,0,74,0,74,0,0,106,0,106,139,0,139,245
10/26/2009,PAE,WA,ANM,WE,Towers with Radar,6,8,33,0,47,0,5,38,1,44,6,13,71,1,91,103,0,103,194
10/27/2009,PAE,WA,ANM,WE,Towers with Radar,8,8,35,2,53,0,9,85,0,94,8,17,120,2,147,179,12,191,338
10/28/2009,PAE,WA,ANM,WE,Towers with Radar,14,2,58,1,75,0,0,122,0,122,14,2,180,1,197,183,0,183,380
10/29/2009,PAE,WA,ANM,WE,Towers with Radar,1,4,16,0,21,0,0,0,0,0,1,4,16,0,21,0,0,0,21
10/30/2009,PAE,WA,ANM,WE,Towers with Radar,19,4,18,0,41,0,0,17,0,17,19,4,35,0,58,2,0,2,60
10/31/2009,PAE,WA,ANM,WE,Towers with Radar,3,0,54,0,57,0,0,55,0,55,3,0,109,0,112,166,0,166,278
11/01/2009,PAE,WA,ANM,WE,Towers with Radar,1,3,50,0,54,0,2,282,2,286,1,5,332,2,340,261,0,261,601
11/02/2009,PAE,WA,ANM,WE,Towers with Radar,8,12,37,0,57,0,3,89,1,93,8,15,126,1,150,189,0,189,339
11/03/2009,PAE,WA,ANM,WE,Towers with Radar,8,3,43,0,54,0,4,152,0,156,8,7,195,0,210,214,0,214,424
11/04/2009,PAE,WA,ANM,WE,Towers with Radar,11,6,72,0,89,0,2,122,0,124,11,8,194,0,213,127,0,127,340
11/05/2009,PAE,WA,ANM,WE,Towers with Radar,14,2,12,0,28,0,0,9,0,9,14,2,21,0,37,43,0,43,80
11/06/2009,PAE,WA,ANM,WE,Towers with Radar,12,8,24,0,44,6,0,24,1,31,18,8,48,1,75,42,0,42,117
11/07/2009,PAE,WA,ANM,WE,Towers with Radar,1,0,7,2,10,0,0,9,1,10,1,0,16,3,20,10,12,22,42
11/08/2009,PAE,WA,ANM,WE,Towers with Radar,6,0,41,0,47,0,0,75,2,77,6,0,116,2,124,124,0,124,248
11/09/2009,PAE,WA,ANM,WE,Towers with Radar,9,5,17,0,31,0,3,9,0,12,9,8,26,0,43,50,0,50,93
11/10/2009,PAE,WA,ANM,WE,Towers with Radar,9,3,46,1,59,0,2,38,0,40,9,5,84,1,99,69,2,71,170
11/11/2009,PAE,WA,ANM,WE,Towers with Radar,8,9,25,0,42,0,2,88,0,90,8,11,113,0,132,194,0,194,326
11/12/2009,PAE,WA,ANM,WE,Towers with Radar,13,4,87,0,104,0,4,170,0,174,13,8,257,0,278,231,0,231,509
11/13/2009,PAE,WA,ANM,WE,Towers with Radar,19,3,5,0,27,0,2,55,1,58,19,5,60,1,85,83,0,83,168
11/14/2009,PAE,WA,ANM,WE,Towers with Radar,7,0,46,0,53,0,0,169,0,169,7,0,215,0,222,368,0,368,590
11/15/2009,PAE,WA,ANM,WE,Towers with Radar,7,0,21,0,28,0,0,4,0,4,7,0,25,0,32,0,0,0,32
11/16/2009,PAE,WA,ANM,WE,Towers with Radar,10,11,12,0,33,0,1,0,0,1,10,12,12,0,34,0,0,0,34
11/17/2009,PAE,WA,ANM,WE,Towers with Radar,27,5,30,0,62,1,1,63,0,65,28,6,93,0,127,66,0,66,193
11/18/2009,PAE,WA,ANM,WE,Towers with Radar,6,2,27,0,35,0,0,31,1,32,6,2,58,1,67,58,0,58,125
11/19/2009,PAE,WA,ANM,WE,Towers with Radar,21,10,13,5,49,0,2,6,1,9,21,12,19,6,58,17,2,19,77
11/20/2009,PAE,WA,ANM,WE,Towers with Radar,17,4,36,0,57,3,1,39,0,43,20,5,75,0,100,53,0,53,153
11/21/2009,PAE,WA,ANM,WE,Towers with Radar,2,0,22,0,24,0,0,36,2,38,2,0,58,2,62,54,0,54,116
11/22/2009,PAE,WA,ANM,WE,Towers with Radar,3,0,24,0,27,0,0,32,0,32,3,0,56,0,59,70,0,70,129
11/23/2009,PAE,WA,ANM,WE,Towers with Radar,7,9,49,1,66,0,3,39,1,43,7,12,88,2,109,82,0,82,191
11/24/2009,PAE,WA,ANM,WE,Towers with Radar,5,6,25,0,36,0,0,0,0,0,5,6,25,0,36,0,0,0,36
11/25/2009,PAE,WA,ANM,WE,Towers with Radar,10,12,52,0,74,1,1,132,0,134,11,13,184,0,208,190,0,190,398
11/26/2009,PAE,WA,ANM,WE,Towers with Radar,0,0,4,0,4,0,0,5,0,5,0,0,9,0,9,4,0,4,13
11/27/2009,PAE,WA,ANM,WE,Towers with Radar,1,12,31,0,44,0,2,209,0,211,1,14,240,0,255,193,0,193,448
11/28/2009,PAE,WA,ANM,WE,Towers with Radar,3,4,36,0,43,0,2,16,0,18,3,6,52,0,61,76,0,76,137
11/29/2009,PAE,WA,ANM,WE,Towers with Radar,1,2,57,5,65,0,0,13,0,13,1,2,70,5,78,10,0,10,88
11/30/2009,PAE,WA,ANM,WE,Towers with Radar,13,3,38,2,56,0,2,20,0,22,13,5,58,2,78,40,0,40,118
12/01/2009,PAE,WA,ANM,WE,Towers with Radar,7,6,67,0,80,0,3,113,0,116,7,9,180,0,196,138,0,138,334
12/02/2009,PAE,WA,ANM,WE,Towers with Radar,26,2,59,5,92,0,1,174,4,179,26,3,233,9,271,295,8,303,574
12/03/2009,PAE,WA,ANM,WE,Towers with Radar,16,11,54,2,83,0,5,119,0,124,16,16,173,2,207,162,0,162,369
12/04/2009,PAE,WA,ANM,WE,Towers with Radar,14,4,59,1,78,0,2,66,0,68,14,6,125,1,146,92,5,97,243
12/05/2009,PAE,WA,ANM,WE,Towers with Radar,10,2,66,0,78,0,0,265,7,272,10,2,331,7,350,224,0,224,574
12/06/2009,PAE,WA,ANM,WE,Towers with Radar,7,0,24,0,31,0,1,93,3,97,7,1,117,3,128,186,0,186,314
12/07/2009,PAE,WA,ANM,WE,Towers with Radar,6,2,46,0,54,0,5,98,0,103,6,7,144,0,157,113,0,113,270
12/08/2009,PAE,WA,ANM,WE,Towers with Radar,15,2,41,0,58,0,2,96,0,98,15,4,137,0,156,127,0,127,283
12/09/2009,PAE,WA,ANM,WE,Towers with Radar,13,5,59,0,77,0,7,73,1,81,13,12,132,1,158,111,0,111,269
12/10/2009,PAE,WA,ANM,WE,Towers with Radar,18,1,51,0,70,0,2,84,1,87,18,3,135,1,157,146,18,164,321
12/11/2009,PAE,WA,ANM,WE,Towers with Radar,13,3,33,0,49,0,4,99,1,104,13,7,132,1,153,151,0,151,304
12/12/2009,PAE,WA,ANM,WE,Towers with Radar,10,6,50,0,66,0,0,107,0,107,10,6,157,0,173,160,0,160,333
12/13/2009,PAE,WA,ANM,WE,Towers with Radar,3,0,7,0,10,0,0,18,0,18,3,0,25,0,28,97,0,97,125
12/14/2009,PAE,WA,ANM,WE,Towers with Radar,9,5,8,0,22,0,0,2,0,2,9,5,10,0,24,0,0,0,24
12/15/2009,PAE,WA,ANM,WE,Towers with Radar,11,4,25,0,40,0,4,37,0,41,11,8,62,0,81,1,0,1,82
12/16/2009,PAE,WA,ANM,WE,Towers with Radar,6,4,21,0,31,0,0,17,1,18,6,4,38,1,49,30,8,38,87
12/17/2009,PAE,WA,ANM,WE,Towers with Radar,33,5,50,0,88,0,2,78,1,81,33,7,128,1,169,170,0,170,339
12/18/2009,PAE,WA,ANM,WE,Towers with Radar,29,4,23,0,56,0,0,73,1,74,29,4,96,1,130,143,0,143,273
12/19/2009,PAE,WA,ANM,WE,Towers with Radar,9,0,10,0,19,0,0,0,0,0,9,0,10,0,19,0,0,0,19
12/20/2009,PAE,WA,ANM,WE,Towers with Radar,16,0,25,0,41,0,1,41,0,42,16,1,66,0,83,149,0,149,232
12/21/2009,PAE,WA,ANM,WE,Towers with Radar,21,12,5,0,38,0,1,1,0,2,21,13,6,0,40,11,0,11,51
12/22/2009,PAE,WA,ANM,WE,Towers with Radar,19,3,29,0,51,0,1,49,0,50,19,4,78,0,101,24,0,24,125
12/23/2009,PAE,WA,ANM,WE,Towers with Radar,11,7,33,2,53,0,6,101,0,107,11,13,134,2,160,140,0,140,300
12/24/2009,PAE,WA,ANM,WE,Towers with Radar,0,2,6,0,8,0,3,95,0,98,0,5,101,0,106,99,0,99,205
12/25/2009,PAE,WA,ANM,WE,Towers with Radar,0,0,1,0,1,0,0,67,0,67,0,0,68,0,68,3,0,3,71
12/26/2009,PAE,WA,ANM,WE,Towers with Radar,9,1,32,0,42,0,0,198,0,198,9,1,230,0,240,251,0,251,491
12/27/2009,PAE,WA,ANM,WE,Towers with Radar,3,0,20,0,23,0,0,200,0,200,3,0,220,0,223,176,0,176,399
12/28/2009,PAE,WA,ANM,WE,Towers with Radar,10,3,37,0,50,1,5,117,5,128,11,8,154,5,178,136,0,136,314
12/29/2009,PAE,WA,ANM,WE,Towers with Radar,0,7,35,6,48,0,0,116,0,116,0,7,151,6,164,174,0,174,338
12/30/2009,PAE,WA,ANM,WE,Towers with Radar,8,6,24,0,38,0,0,20,0,20,8,6,44,0,58,0,0,0,58
12/31/2009,PAE,WA,ANM,WE,Towers with Radar,2,4,5,0,11,0,0,23,0,23,2,4,28,0,34,42,0,42,76
01/01/2010,PAE,WA,ANM,WE,Towers with Radar,2,6,2,0,10,0,0,5,0,5,2,6,7,0,15,4,0,4,19
01/02/2010,PAE,WA,ANM,WE,Towers with Radar,1,1,23,0,25,0,1,32,0,33,1,2,55,0,58,27,0,27,85
01/03/2010,PAE,WA,ANM,WE,Towers with Radar,1,1,34,0,36,0,1,95,4,100,1,2,129,4,136,116,0,116,252
01/04/2010,PAE,WA,ANM,WE,Towers with Radar,1,5,15,0,21,0,0,1,0,1,1,5,16,0,22,6,0,6,28
01/05/2010,PAE,WA,ANM,WE,Towers with Radar,5,5,19,0,29,0,0,0,0,0,5,5,19,0,29,0,0,0,29
01/06/2010,PAE,WA,ANM,WE,Towers with Radar,9,1,34,2,46,0,0,102,3,105,9,1,136,5,151,145,4,149,300
01/07/2010,PAE,WA,ANM,WE,Towers with Radar,2,7,47,1,57,0,2,125,0,127,2,9,172,1,184,236,0,236,420
01/08/2010,PAE,WA,ANM,WE,Towers with Radar,3,5,42,2,52,0,0,28,0,28,3,5,70,2,80,36,0,36,116
01/09/2010,PAE,WA,ANM,WE,Towers with Radar,6,0,57,6,69,0,1,130,4,135,6,1,187,10,204,198,0,198,402
01/10/2010,PAE,WA,ANM,WE,Towers with Radar,3,0,48,0,51,0,0,184,0,184,3,0,232,0,235,356,0,356,591
01/11/2010,PAE,WA,ANM,WE,Towers with Radar,20,2,18,0,40,0,2,23,0,25,20,4,41,0,65,129,0,129,194
01/12/2010,PAE,WA,ANM,WE,Towers with Radar,10,7,27,0,44,0,1,4,0,5,10,8,31,0,49,0,0,0,49
01/13/2010,PAE,WA,ANM,WE,Towers with Radar,19,11,23,2,55,0,0,52,0,52,19,11,75,2,107,68,0,68,175
01/14/2010,PAE,WA,ANM,WE,Towers with Radar,16,4,26,0,46,5,6,43,0,54,21,10,69,0,100,121,1,122,222
01/15/2010,PAE,WA,ANM,WE,Towers with Radar,9,8,5,2,24,0,0,6,0,6,9,8,11,2,30,0,0,0,30
01/16/2010,PAE,WA,ANM,WE,Towers with Radar,3,4,56,0,63,0,5,178,2,185,3,9,234,2,248,300,1,301,549
01/17/2010,PAE,WA,ANM,WE,Towers with Radar,2,0,35,0,37,0,0,60,0,60,2,0,95,0,97,116,0,116,213
01/18/2010,PAE,WA,ANM,WE,Towers with Radar,8,3,32,2,45,0,0,107,1,108,8,3,139,3,153,117,0,117,270
01/19/2010,PAE,WA,ANM,WE,Towers with Radar,16,2,38,0,56,0,4,62,0,66,16,6,100,0,122,35,0,35,157
01/20/2010,PAE,WA,ANM,WE,Towers with Radar,8,6,41,0,55,0,4,116,4,124,8,10,157,4,179,160,0,160,339
01/21/2010,PAE,WA,ANM,WE,Towers with Radar,9,5,47,2,63,0,2,86,0,88,9,7,133,2,151,170,0,170,321
01/22/2010,PAE,WA,ANM,WE,Towers with Radar,7,5,40,2,54,0,2,202,0,204,7,7,242,2,258,173,0,173,431
01/23/2010,PAE,WA,ANM,WE,Towers with Radar,5,8,48,1,62,0,2,75,0,77,5,10,123,1,139,60,0,60,199
01/24/2010,PAE,WA,ANM,WE,Towers with Radar,3,7,18,0,28,0,0,63,0,63,3,7,81,0,91,226,1,227,318
01/25/2010,PAE,WA,ANM,WE,Towers with Radar,18,6,42,6,72,0,4,60,8,72,18,10,102,14,144,121,0,121,265
01/26/2010,PAE,WA,ANM,WE,Towers with Radar,13,13,57,2,85,2,0,135,0,137,15,13,192,2,222,228,0,228,450
01/27/2010,PAE,WA,ANM,WE,Towers with Radar,9,2,72,2,85,0,0,144,1,145,9,2,216,3,230,201,0,201,431
01/28/2010,PAE,WA,ANM,WE,Towers with Radar,10,7,54,0,71,0,2,103,0,105,10,9,157,0,176,144,0,144,320
01/29/2010,PAE,WA,ANM,WE,Towers with Radar,15,3,53,0,71,0,1,90,2,93,15,4,143,2,164,176,0,176,340
01/30/2010,PAE,WA,ANM,WE,Towers with Radar,6,5,75,0,86,0,0,13,0,13,6,5,88,0,99,16,0,16,115
01/31/2010,PAE,WA,ANM,WE,Towers with Radar,0,6,62,0,68,0,0,16,0,16,0,6,78,0,84,0,0,0,84
02/01/2010,PAE,WA,ANM,WE,Towers with Radar,27,3,26,3,59,0,2,82,0,84,27,5,108,3,143,86,0,86,229
02/02/2010,PAE,WA,ANM,WE,Towers with Radar,26,14,49,0,89,2,2,99,0,103,28,16,148,0,192,121,0,121,313
02/03/2010,PAE,WA,ANM,WE,Towers with Radar,18,6,57,2,83,0,2,62,0,64,18,8,119,2,147,96,0,96,243
02/04/2010,PAE,WA,ANM,WE,Towers with Radar,4,3,54,5,66,0,2,139,0,141,4,5,193,5,207,97,0,97,304
02/05/2010,PAE,WA,ANM,WE,Towers with Radar,17,3,73,0,93,0,1,94,0,95,17,4,167,0,188,147,0,147,335
02/06/2010,PAE,WA,ANM,WE,Towers with Radar,9,8,47,1,65,0,0,309,0,309,9,8,356,1,374,232,0,232,606
02/07/2010,PAE,WA,ANM,WE,Towers with Radar,3,0,53,0,56,0,0,0,0,0,3,0,53,0,56,4,0,4,60
02/08/2010,PAE,WA,ANM,WE,Towers with Radar,5,4,64,0,73,0,1,71,0,72,5,5,135,0,145,106,0,106,251
02/09/2010,PAE,WA,ANM,WE,Towers with Radar,15,2,56,0,73,0,2,141,2,145,15,4,197,2,218,260,4,264,482
02/10/2010,PAE,WA,ANM,WE,Towers with Radar,13,7,22,1,43,0,3,52,0,55,13,10,74,1,98,35,0,35,133
02/11/2010,PAE,WA,ANM,WE,Towers with Radar,4,7,32,0,43,0,2,29,0,31,4,9,61,0,74,54,0,54,128
02/12/2010,PAE,WA,ANM,WE,Towers with Radar,7,9,33,0,49,0,0,32,0,32,7,9,65,0,81,22,0,22,103
02/13/2010,PAE,WA,ANM,WE,Towers with Radar,2,0,56,1,59,0,0,87,3,90,2,0,143,4,149,189,0,189,338
02/14/2010,PAE,WA,ANM,WE,Towers with Radar,4,4,32,0,40,0,0,63,0,63,4,4,95,0,103,151,0,151,254
02/15/2010,PAE,WA,ANM,WE,Towers with Radar,22,9,40,0,71,0,6,167,0,173,22,15,207,0,244,259,0,259,503
02/16/2010,PAE,WA,ANM,WE,Towers with Radar,5,2,35,1,43,0,3,32,0,35,5,5,67,1,78,69,0,69,147
02/17/2010,PAE,WA,ANM,WE,Towers with Radar,13,6,31,0,50,0,0,135,0,135,13,6,166,0,185,114,0,114,299
02/18/2010,PAE,WA,ANM,WE,Towers with Radar,10,4,68,1,83,2,3,188,0,193,12,7,256,1,276,351,0,351,627
02/19/2010,PAE,WA,ANM,WE,Towers with Radar,10,2,75,2,89,0,4,270,0,274,10,6,345,2,363,226,0,226,589
02/20/2010,PAE,WA,ANM,WE,Towers with Radar,4,0,49,0,53,0,0,287,0,287,4,0,336,0,340,337,0,337,677
02/21/2010,PAE,WA,ANM,WE,Towers with Radar,1,0,41,0,42,0,0,303,2,305,1,0,344,2,347,359,5,364,711
02/22/2010,PAE,WA,ANM,WE,Towers with Radar,11,8,49,2,70,0,2,156,0,158,11,10,205,2,228,171,0,171,399
02/23/2010,PAE,WA,ANM,WE,Towers with Radar,22,7,47,0,76,0,1,95,2,98,22,8,142,2,174,151,0,151,325
02/24/2010,PAE,WA,ANM,WE,Towers with Radar,9,7,34,0,50,0,3,25,2,30,9,10,59,2,80,15,0,15,95
02/25/2010,PAE,WA,ANM,WE,Towers with Radar,16,2,35,6,59,0,3,72,1,76,16,5,107,7,135,176,2,178,313
02/26/2010,PAE,WA,ANM,WE,Towers with Radar,4,10,25,0,39,1,1,36,0,38,5,11,61,0,77,89,0,89,166
02/27/2010,PAE,WA,ANM,WE,Towers with Radar,12,1,55,0,68,0,0,91,0,91,12,1,146,0,159,190,0,190,349
02/28/2010,PAE,WA,ANM,WE,Towers with Radar,8,0,31,0,39,0,0,230,3,233,8,0,261,3,272,248,0,248,520
03/01/2010,PAE,WA,ANM,WE,Towers with Radar,6,2,65,0,73,0,5,143,0,148,6,7,208,0,221,202,0,202,423
03/02/2010,PAE,WA,ANM,WE,Towers with Radar,19,4,53,2,78,0,4,74,5,83,19,8,127,7,161,153,0,153,314
03/03/2010,PAE,WA,ANM,WE,Towers with Radar,13,9,54,8,84,0,2,44,0,46,13,11,98,8,130,64,0,64,194
03/04/2010,PAE,WA,ANM,WE,Towers with Radar,16,2,39,0,57,1,5,101,0,107,17,7,140,0,164,196,0,196,360
03/05/2010,PAE,WA,ANM,WE,Towers with Radar,3,4,32,0,39,0,2,157,1,160,3,6,189,1,199,165,0,165,364
03/06/2010,PAE,WA,ANM,WE,Towers with Radar,3,0,48,0,51,0,1,332,0,333,3,1,380,0,384,373,0,373,757
03/07/2010,PAE,WA,ANM,WE,Towers with Radar,1,0,33,0,34,0,0,127,1,128,1,0,160,1,162,242,0,242,404
03/08/2010,PAE,WA,ANM,WE,Towers with Radar,5,2,34,4,45,0,6,87,1,94,5,8,121,5,139,168,0,168,307
03/09/2010,PAE,WA,ANM,WE,Towers with Radar,23,6,45,2,76,0,0,102,0,102,23,6,147,2,178,140,0,140,318
03/10/2010,PAE,WA,ANM,WE,Towers with Radar,13,4,44,2,63,0,1,59,2,62,13,5,103,4,125,72,0,72,197
03/11/2010,PAE,WA,ANM,WE,Towers with Radar,6,7,6,0,19,0,1,1,0,2,6,8,7,0,21,7,0,7,28
03/12/2010,PAE,WA,ANM,WE,Towers with Radar,14,1,17,0,32,0,1,18,1,20,14,2,35,1,52,4,0,4,56
03/13/2010,PAE,WA,ANM,WE,Towers with Radar,4,2,34,2,42,0,0,122,3,125,4,2,156,5,167,230,0,230,397
03/14/2010,PAE,WA,ANM,WE,Towers with Radar,4,1,40,1,46,0,0,223,2,225,4,1,263,3,271,216,0,216,487
03/15/2010,PAE,WA,ANM,WE,Towers with Radar,8,5,26,2,41,0,2,115,0,117,8,7,141,2,158,159,0,159,317
03/16/2010,PAE,WA,ANM,WE,Towers with Radar,7,6,24,0,37,0,2,36,2,40,7,8,60,2,77,102,0,102,179
03/17/2010,PAE,WA,ANM,WE,Towers with Radar,9,3,48,0,60,0,2,105,0,107,9,5,153,0,167,167,0,167,334
03/18/2010,PAE,WA,ANM,WE,Towers with Radar,15,2,47,2,66,0,2,140,1,143,15,4,187,3,209,198,0,198,407
03/19/2010,PAE,WA,ANM,WE,Towers with Radar,23,12,43,4,82,0,3,225,3,231,23,15,268,7,313,230,0,230,543
03/20/2010,PAE,WA,ANM,WE,Towers with Radar,8,0,58,0,66,1,0,286,4,291,9,0,344,4,357,265,0,265,622
03/21/2010,PAE,WA,ANM,WE,Towers with Radar,8,1,38,0,47,0,0,39,0,39,8,1,77,0,86,20,0,20,106
03/22/2010,PAE,WA,ANM,WE,Towers with Radar,13,6,38,0,57,0,1,64,0,65,13,7,102,0,122,64,0,64,186
03/23/2010,PAE,WA,ANM,WE,Towers with Radar,13,3,63,2,81,0,2,138,2,142,13,5,201,4,223,220,1,221,444
03/24/2010,PAE,WA,ANM,WE,Towers with Radar,27,5,43,0,75,1,3,226,2,232,28,8,269,2,307,288,1,289,596
03/25/2010,PAE,WA,ANM,WE,Towers with Radar,7,4,45,1,57,0,0,11,6,17,7,4,56,7,74,59,4,63,137
03/26/2010,PAE,WA,ANM,WE,Towers with Radar,11,1,33,0,45,0,1,58,0,59,11,2,91,0,104,129,0,129,233
03/27/2010,PAE,WA,ANM,WE,Towers with Radar,0,2,51,0,53,0,0,298,1,299,0,2,349,1,352,298,0,298,650
03/28/2010,PAE,WA,ANM,WE,Towers with Radar,1,0,33,0,34,1,0,21,0,22,2,0,54,0,56,29,0,29,85
03/29/2010,PAE,WA,ANM,WE,Towers with Radar,13,5,7,2,27,0,1,2,2,5,13,6,9,4,32,1,0,1,33
03/30/2010,PAE,WA,ANM,WE,Towers with Radar,16,5,33,2,56,0,3,25,2,30,16,8,58,4,86,39,0,39,125
03/31/2010,PAE,WA,ANM,WE,Towers with Radar,13,17,41,0,71,0,7,102,1,110,13,24,143,1,181,245,0,245,426
04/01/2010,PAE,WA,ANM,WE,Towers with Radar,3,2,32,2,39,0,4,83,3,90,3,6,115,5,129,107,1,108,237
04/02/2010,PAE,WA,ANM,WE,Towers with Radar,6,2,14,0,22,0,1,3,0,4,6,3,17,0,26,0,0,0,26
04/03/2010,PAE,WA,ANM,WE,Towers with Radar,2,2,17,0,21,0,0,31,0,31,2,2,48,0,52,55,0,55,107
04/04/2010,PAE,WA,ANM,WE,Towers with Radar,1,1,19,0,21,0,0,49,1,50,1,1,68,1,71,25,0,25,96
04/05/2010,PAE,WA,ANM,WE,Towers with Radar,20,9,52,0,81,1,6,66,2,75,21,15,118,2,156,140,0,140,296
04/06/2010,PAE,WA,ANM,WE,Towers with Radar,10,1,52,0,63,0,2,82,2,86,10,3,134,2,149,210,0,210,359
04/07/2010,PAE,WA,ANM,WE,Towers with Radar,7,6,48,4,65,0,5,72,2,79,7,11,120,6,144,104,2,106,250
04/08/2010,PAE,WA,ANM,WE,Towers with Radar,3,5,14,0,22,0,4,32,0,36,3,9,46,0,58,49,0,49,107
04/09/2010,PAE,WA,ANM,WE,Towers with Radar,30,6,59,1,96,0,6,113,4,123,30,12,172,5,219,177,0,177,396
04/10/2010,PAE,WA,ANM,WE,Towers with Radar,10,2,31,0,43,5,2,252,2,261,15,4,283,2,304,267,0,267,571
04/11/2010,PAE,WA,ANM,WE,Towers with Radar,2,0,44,0,46,0,0,207,0,207,2,0,251,0,253,214,0,214,467
04/12/2010,PAE,WA,ANM,WE,Towers with Radar,11,8,20,4,43,0,4,59,4,67,11,12,79,8,110,144,0,144,254
04/13/2010,PAE,WA,ANM,WE,Towers with Radar,14,6,47,2,69,0,5,45,0,50,14,11,92,2,119,82,4,86,205
04/14/2010,PAE,WA,ANM,WE,Towers with Radar,14,0,52,2,68,1,2,170,0,173,15,2,222,2,241,257,17,274,515
04/15/2010,PAE,WA,ANM,WE,Towers with Radar,3,0,54,7,64,0,12,131,0,143,3,12,185,7,207,178,0,178,385
04/16/2010,PAE,WA,ANM,WE,Towers with Radar,8,7,57,11,83,1,6,185,0,192,9,13,242,11,275,210,0,210,485
04/17/2010,PAE,WA,ANM,WE,Towers with Radar,1,1,52,1,55,0,0,132,0,132,1,1,184,1,187,179,0,179,366
04/18/2010,PAE,WA,ANM,WE,Towers with Radar,6,0,29,0,35,0,1,248,4,253,6,1,277,4,288,211,0,211,499
04/19/2010,PAE,WA,ANM,WE,Towers with Radar,15,0,46,0,61,0,5,103,0,108,15,5,149,0,169,136,0,136,305
04/20/2010,PAE,WA,ANM,WE,Towers with Radar,6,4,46,0,56,0,0,6,0,6,6,4,52,0,62,0,0,0,62
04/21/2010,PAE,WA,ANM,WE,Towers with Radar,12,5,50,1,68,0,4,37,0,41,12,9,87,1,109,20,0,20,129
04/22/2010,PAE,WA,ANM,WE,Towers with Radar,14,0,67,3,84,0,4,124,1,129,14,4,191,4,213,190,0,190,403
04/23/2010,PAE,WA,ANM,WE,Towers with Radar,17,0,54,2,73,0,1,162,0,163,17,1,216,2,236,123,0,123,359
04/24/2010,PAE,WA,ANM,WE,Towers with Radar,12,0,31,0,43,0,0,94,2,96,12,0,125,2,139,171,0,171,310
04/25/2010,PAE,WA,ANM,WE,Towers with Radar,0,1,48,0,49,0,0,279,0,279,0,1,327,0,328,369,0,369,697
04/26/2010,PAE,WA,ANM,WE,Towers with Radar,41,9,37,0,87,0,3,61,0,64,41,12,98,0,151,35,0,35,186
04/27/2010,PAE,WA,ANM,WE,Towers with Radar,12,1,39,0,52,2,1,61,3,67,14,2,100,3,119,80,1,81,200
04/28/2010,PAE,WA,ANM,WE,Towers with Radar,25,2,34,2,63,0,9,57,0,66,25,11,91,2,129,93,0,93,222
04/29/2010,PAE,WA,ANM,WE,Towers with Radar,10,3,46,2,61,2,4,101,4,111,12,7,147,6,172,170,2,172,344
04/30/2010,PAE,WA,ANM,WE,Towers with Radar,12,5,49,3,69,0,2,115,0,117,12,7,164,3,186,97,0,97,283
05/01/2010,PAE,WA,ANM,WE,Towers with Radar,13,4,49,0,66,0,0,60,0,60,13,4,109,0,126,146,0,146,272
05/02/2010,PAE,WA,ANM,WE,Towers with Radar,1,0,85,0,86,0,0,61,0,61,1,0,146,0,147,124,0,124,271
05/03/2010,PAE,WA,ANM,WE,Towers with Radar,21,0,23,2,46,3,5,19,0,27,24,5,42,2,73,18,0,18,91
05/04/2010,PAE,WA,ANM,WE,Towers with Radar,27,4,44,0,75,0,8,71,0,79,27,12,115,0,154,96,0,96,250
05/05/2010,PAE,WA,ANM,WE,Towers with Radar,18,2,24,0,44,0,3,51,0,54,18,5,75,0,98,46,0,46,144
05/06/2010,PAE,WA,ANM,WE,Towers with Radar,14,4,62,0,80,1,4,135,2,142,15,8,197,2,222,174,1,175,397
05/07/2010,PAE,WA,ANM,WE,Towers with Radar,13,0,33,0,46,0,4,188,0,192,13,4,221,0,238,269,9,278,516
05/08/2010,PAE,WA,ANM,WE,Towers with Radar,9,0,38,0,47,0,1,270,1,272,9,1,308,1,319,254,0,254,573
05/09/2010,PAE,WA,ANM,WE,Towers with Radar,0,0,19,0,19,0,0,187,0,187,0,0,206,0,206,76,0,76,282
05/10/2010,PAE,WA,ANM,WE,Towers with Radar,10,8,33,1,52,0,5,59,0,64,10,13,92,1,116,77,0,77,193
05/11/2010,PAE,WA,ANM,WE,Towers with Radar,10,6,53,3,72,0,4,135,0,139,10,10,188,3,211,154,0,154,365
05/12/2010,PAE,WA,ANM,WE,Towers with Radar,10,0,41,2,53,0,4,119,1,124,10,4,160,3,177,152,0,152,329
05/13/2010,PAE,WA,ANM,WE,Towers with Radar,21,0,36,0,57,1,3,155,1,160,22,3,191,1,217,152,1,153,370
05/14/2010,PAE,WA,ANM,WE,Towers with Radar,10,0,36,0,46,1,4,283,3,291,11,4,319,3,337,190,0,190,527
05/15/2010,PAE,WA,ANM,WE,Towers with Radar,5,6,21,0,32,0,0,549,0,549,5,6,570,0,581,241,0,241,822
05/16/2010,PAE,WA,ANM,WE,Towers with Radar,3,0,27,2,32,0,2,140,2,144,3,2,167,4,176,117,0,117,293
05/17/2010,PAE,WA,ANM,WE,Towers with Radar,11,4,37,16,68,2,8,91,4,105,13,12,128,20,173,91,0,91,264
05/18/2010,PAE,WA,ANM,WE,Towers with Radar,8,2,33,3,46,0,4,36,5,45,8,6,69,8,91,48,0,48,139
05/19/2010,PAE,WA,ANM,WE,Towers with Radar,8,6,16,4,34,0,8,63,0,71,8,14,79,4,105,20,0,20,125
05/20/2010,PAE,WA,ANM,WE,Towers with Radar,22,1,19,0,42,10,2,48,0,60,32,3,67,0,102,75,0,75,177
05/21/2010,PAE,WA,ANM,WE,Towers with Radar,15,6,54,1,76,0,2,121,0,123,15,8,175,1,199,196,0,196,395
05/22/2010,PAE,WA,ANM,WE,Towers with Radar,0,4,58,1,63,0,0,121,0,121,0,4,179,1,184,215,0,215,399
05/23/2010,PAE,WA,ANM,WE,Towers with Radar,4,1,44,1,50,0,0,82,0,82,4,1,126,1,132,166,20,186,318
05/24/2010,PAE,WA,ANM,WE,Towers with Radar,14,12,52,0,78,0,6,146,3,155,14,18,198,3,233,114,0,114,347
05/25/2010,PAE,WA,ANM,WE,Towers with Radar,15,6,55,0,76,0,3,101,2,106,15,9,156,2,182,110,0,110,292
05/26/2010,PAE,WA,ANM,WE,Towers with Radar,7,8,27,0,42,0,2,5,0,7,7,10,32,0,49,0,0,0,49
05/27/2010,PAE,WA,ANM,WE,Towers with Radar,10,7,41,2,60,1,1,86,0,88,11,8,127,2,148,142,0,142,290
05/28/2010,PAE,WA,ANM,WE,Towers with Radar,10,4,38,0,52,0,1,2,0,3,10,5,40,0,55,0,0,0,55
05/29/2010,PAE,WA,ANM,WE,Towers with Radar,1,0,42,0,43,0,0,0,0,0,1,0,42,0,43,0,0,0,43
05/30/2010,PAE,WA,ANM,WE,Towers with Radar,0,0,29,0,29,0,0,112,0,112,0,0,141,0,141,301,0,301,442
05/31/2010,PAE,WA,ANM,WE,Towers with Radar,1,0,56,0,57,0,0,58,0,58,1,0,114,0,115,75,0,75,190
06/01/2010,PAE,WA,ANM,WE,Towers with Radar,19,2,48,0,69,0,6,99,3,108,19,8,147,3,177,85,0,85,262
06/02/2010,PAE,WA,ANM,WE,Towers with Radar,13,3,29,2,47,0,3,12,0,15,13,6,41,2,62,10,0,10,72
06/03/2010,PAE,WA,ANM,WE,Towers with Radar,6,0,58,0,64,0,3,132,0,135,6,3,190,0,199,141,0,141,340
06/04/2010,PAE,WA,ANM,WE,Towers with Radar,20,1,55,0,76,0,3,35,0,38,20,4,90,0,114,43,0,43,157
06/05/2010,PAE,WA,ANM,WE,Towers with Radar,4,0,74,1,79,0,0,351,2,353,4,0,425,3,432,284,0,284,716
06/06/2010,PAE,WA,ANM,WE,Towers with Radar,5,0,56,0,61,0,0,33,0,33,5,0,89,0,94,64,0,64,158
06/07/2010,PAE,WA,ANM,WE,Towers with Radar,7,7,27,0,41,1,6,67,0,74,8,13,94,0,115,85,0,85,200
06/08/2010,PAE,WA,ANM,WE,Towers with Radar,16,0,38,0,54,9,2,177,0,188,25,2,215,0,242,218,0,218,460
06/09/2010,PAE,WA,ANM,WE,Towers with Radar,4,2,57,4,67,0,2,35,0,37,4,4,92,4,104,62,0,62,166
06/10/2010,PAE,WA,ANM,WE,Towers with Radar,8,2,62,0,72,0,2,70,0,72,8,4,132,0,144,116,0,116,260
06/11/2010,PAE,WA,ANM,WE,Towers with Radar,27,2,81,0,110,0,2,105,1,108,27,4,186,1,218,88,0,88,306
06/12/2010,PAE,WA,ANM,WE,Towers with Radar,3,0,33,0,36,0,1,314,1,316,3,1,347,1,352,220,0,220,572
06/13/2010,PAE,WA,ANM,WE,Towers with Radar,4,0,30,1,35,0,1,194,0,195,4,1,224,1,230,133,0,133,363
06/14/2010,PAE,WA,ANM,WE,Towers with Radar,11,0,28,1,40,2,7,95,0,104,13,7,123,1,144,129,0,129,273
06/15/2010,PAE,WA,ANM,WE,Towers with Radar,0,0,33,0,33,0,5,67,0,72,0,5,100,0,105,152,0,152,257
06/16/2010,PAE,WA,ANM,WE,Towers with Radar,12,1,66,4,83,0,1,67,0,68,12,2,133,4,151,109,0,109,260
06/17/2010,PAE,WA,ANM,WE,Towers with Radar,17,5,63,1,86,0,5,41,0,46,17,10,104,1,132,192,0,192,324
06/18/2010,PAE,WA,ANM,WE,Towers with Radar,9,1,35,0,45,0,4,205,0,209,9,5,240,0,254,210,0,210,464
06/19/2010,PAE,WA,ANM,WE,Towers with Radar,0,3,40,0,43,0,1,107,1,109,0,4,147,1,152,111,0,111,263
06/20/2010,PAE,WA,ANM,WE,Towers with Radar,4,2,71,0,77,0,0,1,0,1,4,2,72,0,78,0,0,0,78
06/21/2010,PAE,WA,ANM,WE,Towers with Radar,18,1,31,0,50,4,2,51,0,57,22,3,82,0,107,98,0,98,205
06/22/2010,PAE,WA,ANM,WE,Towers with Radar,4,4,46,0,54,0,5,206,0,211,4,9,252,0,265,209,0,209,474
06/23/2010,PAE,WA,ANM,WE,Towers with Radar,29,1,42,0,72,0,7,168,2,177,29,8,210,2,249,149,0,149,398
06/24/2010,PAE,WA,ANM,WE,Towers with Radar,6,1,64,0,71,0,8,147,0,155,6,9,211,0,226,128,0,128,354
06/25/2010,PAE,WA,ANM,WE,Towers with Radar,14,8,70,3,95,0,2,82,0,84,14,10,152,3,179,99,0,99,278
06/26/2010,PAE,WA,ANM,WE,Towers with Radar,6,0,46,2,54,0,0,215,0,215,6,0,261,2,269,164,0,164,433
06/27/2010,PAE,WA,ANM,WE,Towers with Radar,5,0,56,0,61,0,0,206,1,207,5,0,262,1,268,229,0,229,497
06/28/2010,PAE,WA,ANM,WE,Towers with Radar,6,11,36,0,53,0,7,105,0,112,6,18,141,0,165,122,0,122,287
06/29/2010,PAE,WA,ANM,WE,Towers with Radar,11,1,42,0,54,0,1,130,4,135,11,2,172,4,189,154,0,154,343
06/30/2010,PAE,WA,ANM,WE,Towers with Radar,11,1,41,2,55,1,6,113,3,123,12,7,154,5,178,195,0,195,373
07/01/2010,PAE,WA,ANM,WE,Towers with Radar,13,1,40,0,54,0,2,74,1,77,13,3,114,1,131,178,0,178,309
07/02/2010,PAE,WA,ANM,WE,Towers with Radar,10,2,65,1,78,0,3,123,2,128,10,5,188,3,206,190,0,190,396
07/03/2010,PAE,WA,ANM,WE,Towers with Radar,2,0,54,0,56,0,0,163,3,166,2,0,217,3,222,236,0,236,458
07/04/2010,PAE,WA,ANM,WE,Towers with Radar,0,0,26,0,26,0,0,74,1,75,0,0,100,1,101,125,0,125,226
07/05/2010,PAE,WA,ANM,WE,Towers with Radar,2,6,57,0,65,0,0,187,0,187,2,6,244,0,252,160,0,160,412
07/06/2010,PAE,WA,ANM,WE,Towers with Radar,10,0,37,0,47,0,6,126,1,133,10,6,163,1,180,114,0,114,294
07/07/2010,PAE,WA,ANM,WE,Towers with Radar,5,0,48,3,56,0,7,156,2,165,5,7,204,5,221,227,4,231,452
07/08/2010,PAE,WA,ANM,WE,Towers with Radar,10,0,54,0,64,0,7,176,3,186,10,7,230,3,250,181,3,184,434
07/09/2010,PAE,WA,ANM,WE,Towers with Radar,25,8,33,6,72,1,5,227,3,236,26,13,260,9,308,158,0,158,466
07/10/2010,PAE,WA,ANM,WE,Towers with Radar,0,1,17,0,18,0,0,258,0,258,0,1,275,0,276,213,0,213,489
07/11/2010,PAE,WA,ANM,WE,Towers with Radar,4,0,42,0,46,0,4,145,1,150,4,4,187,1,196,92,1,93,289
07/12/2010,PAE,WA,ANM,WE,Towers with Radar,10,11,55,0,76,0,2,66,0,68,10,13,121,0,144,113,0,113,257
07/13/2010,PAE,WA,ANM,WE,Towers with Radar,27,5,20,1,53,0,6,149,1,156,27,11,169,2,209,241,0,241,450
07/14/2010,PAE,WA,ANM,WE,Towers with Radar,20,0,42,1,63,0,5,206,2,213,20,5,248,3,276,285,0,285,561
07/15/2010,PAE,WA,ANM,WE,Towers with Radar,25,0,46,2,73,0,4,162,0,166,25,4,208,2,239,206,0,206,445
07/16/2010,PAE,WA,ANM,WE,Towers with Radar,13,0,91,2,106,0,6,155,2,163,13,6,246,4,269,120,0,120,389
07/17/2010,PAE,WA,ANM,WE,Towers with Radar,1,4,51,0,56,0,0,163,3,166,1,4,214,3,222,151,0,151,373
07/18/2010,PAE,WA,ANM,WE,Towers with Radar,1,4,56,0,61,0,0,143,0,143,1,4,199,0,204,169,0,169,373
07/19/2010,PAE,WA,ANM,WE,Towers with Radar,6,7,40,0,53,0,6,124,1,131,6,13,164,1,184,211,0,211,395
07/20/2010,PAE,WA,ANM,WE,Towers with Radar,14,0,45,1,60,0,4,123,0,127,14,4,168,1,187,145,0,145,332
07/21/2010,PAE,WA,ANM,WE,Towers with Radar,11,4,48,1,64,4,9,175,0,188,15,13,223,1,252,291,0,291,543
07/22/2010,PAE,WA,ANM,WE,Towers with Radar,20,4,65,6,95,0,7,75,5,87,20,11,140,11,182,256,6,262,444
07/23/2010,PAE,WA,ANM,WE,Towers with Radar,52,3,42,1,98,0,5,200,0,205,52,8,242,1,303,241,0,241,544
07/24/2010,PAE,WA,ANM,WE,Towers with Radar,9,0,32,0,41,2,0,290,1,293,11,0,322,1,334,263,0,263,597
07/25/2010,PAE,WA,ANM,WE,Towers with Radar,9,1,28,0,38,2,0,236,0,238,11,1,264,0,276,166,0,166,442
07/26/2010,PAE,WA,ANM,WE,Towers with Radar,18,1,28,2,49,0,8,159,0,167,18,9,187,2,216,249,0,249,465
07/27/2010,PAE,WA,ANM,WE,Towers with Radar,25,7,51,2,85,0,8,121,1,130,25,15,172,3,215,235,10,245,460
07/28/2010,PAE,WA,ANM,WE,Towers with Radar,13,7,33,5,58,0,4,115,4,123,13,11,148,9,181,227,0,227,408
07/29/2010,PAE,WA,ANM,WE,Towers with Radar,4,5,38,2,49,0,4,93,2,99,4,9,131,4,148,243,1,244,392
07/30/2010,PAE,WA,ANM,WE,Towers with Radar,28,12,33,2,75,0,4,161,0,165,28,16,194,2,240,284,0,284,524
07/31/2010,PAE,WA,ANM,WE,Towers with Radar,9,1,44,0,54,0,0,126,0,126,9,1,170,0,180,131,0,131,311
08/01/2010,PAE,WA,ANM,WE,Towers with Radar,16,0,50,0,66,0,1,144,0,145,16,1,194,0,211,229,1,230,441
08/02/2010,PAE,WA,ANM,WE,Towers with Radar,11,2,40,0,53,3,4,132,0,139,14,6,172,0,192,252,0,252,444
08/03/2010,PAE,WA,ANM,WE,Towers with Radar,5,0,30,1,36,0,5,125,0,130,5,5,155,1,166,149,0,149,315
08/04/2010,PAE,WA,ANM,WE,Towers with Radar,18,0,25,0,43,0,2,161,0,163,18,2,186,0,206,307,0,307,513
08/05/2010,PAE,WA,ANM,WE,Towers with Radar,13,2,48,0,63,2,3,149,3,157,15,5,197,3,220,232,4,236,456
08/06/2010,PAE,WA,ANM,WE,Towers with Radar,4,2,59,1,66,0,3,71,1,75,4,5,130,2,141,194,0,194,335
08/07/2010,PAE,WA,ANM,WE,Towers with Radar,2,6,62,4,74,0,2,17,0,19,2,8,79,4,93,21,2,23,116
08/08/2010,PAE,WA,ANM,WE,Towers with Radar,1,1,34,0,36,0,0,41,0,41,1,1,75,0,77,56,0,56,133
08/09/2010,PAE,WA,ANM,WE,Towers with Radar,11,1,53,0,65,0,2,40,1,43,11,3,93,1,108,82,0,82,190
08/10/2010,PAE,WA,ANM,WE,Towers with Radar,13,4,43,0,60,0,4,106,2,112,13,8,149,2,172,161,2,163,335
08/11/2010,PAE,WA,ANM,WE,Towers with Radar,3,3,37,2,45,0,16,152,0,168,3,19,189,2,213,251,19,270,483
08/12/2010,PAE,WA,ANM,WE,Towers with Radar,11,2,33,0,46,0,5,159,1,165,11,7,192,1,211,189,0,189,400
08/13/2010,PAE,WA,ANM,WE,Towers with Radar,11,1,43,0,55,0,2,178,0,180,11,3,221,0,235,234,0,234,469
08/14/2010,PAE,WA,ANM,WE,Towers with Radar,6,3,29,1,39,0,0,232,1,233,6,3,261,2,272,266,0,266,538
08/15/2010,PAE,WA,ANM,WE,Towers with Radar,3,4,38,0,45,0,0,188,0,188,3,4,226,0,233,257,0,257,490
08/16/2010,PAE,WA,ANM,WE,Towers with Radar,18,1,23,0,42,0,10,135,0,145,18,11,158,0,187,253,0,253,440
08/17/2010,PAE,WA,ANM,WE,Towers with Radar,7,5,45,0,57,1,20,71,0,92,8,25,116,0,149,48,0,48,197
08/18/2010,PAE,WA,ANM,WE,Towers with Radar,14,3,47,3,67,0,8,153,0,161,14,11,200,3,228,225,1,226,454
08/19/2010,PAE,WA,ANM,WE,Towers with Radar,12,8,54,0,74,2,5,91,3,101,14,13,145,3,175,216,1,217,392
08/20/2010,PAE,WA,ANM,WE,Towers with Radar,15,3,42,0,60,0,4,211,0,215,15,7,253,0,275,137,0,137,412
08/21/2010,PAE,WA,ANM,WE,Towers with Radar,12,0,25,0,37,0,0,155,2,157,12,0,180,2,194,190,2,192,386
08/22/2010,PAE,WA,ANM,WE,Towers with Radar,5,0,34,5,44,0,0,74,0,74,5,0,108,5,118,87,0,87,205
08/23/2010,PAE,WA,ANM,WE,Towers with Radar,11,9,37,0,57,1,17,177,3,198,12,26,214,3,255,190,0,190,445
08/24/2010,PAE,WA,ANM,WE,Towers with Radar,14,0,31,0,45,1,4,202,2,209,15,4,233,2,254,151,0,151,405
08/25/2010,PAE,WA,ANM,WE,Towers with Radar,6,0,39,0,45,0,4,221,0,225,6,4,260,0,270,221,1,222,492
08/26/2010,PAE,WA,ANM,WE,Towers with Radar,13,4,53,2,72,0,0,36,0,36,13,4,89,2,108,30,1,31,139
08/27/2010,PAE,WA,ANM,WE,Towers with Radar,20,1,32,0,53,3,4,155,1,163,23,5,187,1,216,229,0,229,445
08/28/2010,PAE,WA,ANM,WE,Towers with Radar,14,1,30,0,45,6,1,225,0,232,20,2,255,0,277,178,0,178,455
08/29/2010,PAE,WA,ANM,WE,Towers with Radar,3,0,34,2,39,0,0,134,0,134,3,0,168,2,173,162,0,162,335
08/30/2010,PAE,WA,ANM,WE,Towers with Radar,5,7,21,0,33,0,4,170,1,175,5,11,191,1,208,234,0,234,442
08/31/2010,PAE,WA,ANM,WE,Towers with Radar,7,6,36,0,49,0,0,2,0,2,7,6,38,0,51,0,0,0,51
09/01/2010,PAE,WA,ANM,WE,Towers with Radar,13,5,59,2,79,0,5,74,6,85,13,10,133,8,164,106,0,106,270
09/02/2010,PAE,WA,ANM,WE,Towers with Radar,21,0,39,0,60,1,5,237,0,243,22,5,276,0,303,198,0,198,501
09/03/2010,PAE,WA,ANM,WE,Towers with Radar,12,1,40,0,53,0,6,284,1,291,12,7,324,1,344,222,0,222,566
09/04/2010,PAE,WA,ANM,WE,Towers with Radar,4,0,45,0,49,0,0,135,0,135,4,0,180,0,184,241,0,241,425
09/05/2010,PAE,WA,ANM,WE,Towers with Radar,4,0,36,0,40,0,1,206,0,207,4,1,242,0,247,206,0,206,453
09/06/2010,PAE,WA,ANM,WE,Towers with Radar,2,0,52,4,58,0,0,11,0,11,2,0,63,4,69,8,0,8,77
09/07/2010,PAE,WA,ANM,WE,Towers with Radar,3,5,50,0,58,0,5,32,0,37,3,10,82,0,95,97,0,97,192
09/08/2010,PAE,WA,ANM,WE,Towers with Radar,6,9,43,0,58,0,2,56,0,58,6,11,99,0,116,106,0,106,222
09/09/2010,PAE,WA,ANM,WE,Towers with Radar,5,5,70,2,82,2,3,81,1,87,7,8,151,3,169,146,0,146,315
09/10/2010,PAE,WA,ANM,WE,Towers with Radar,20,7,67,0,94,0,8,80,0,88,20,15,147,0,182,204,0,204,386
09/11/2010,PAE,WA,ANM,WE,Towers with Radar,10,1,53,0,64,0,0,233,1,234,10,1,286,1,298,306,0,306,604
09/12/2010,PAE,WA,ANM,WE,Towers with Radar,5,0,47,0,52,0,0,71,0,71,5,0,118,0,123,91,0,91,214
09/13/2010,PAE,WA,ANM,WE,Towers with Radar,2,2,39,0,43,0,12,104,1,117,2,14,143,1,160,261,0,261,421
09/14/2010,PAE,WA,ANM,WE,Towers with Radar,6,3,8,0,17,0,3,111,0,114,6,6,119,0,131,228,0,228,359
09/15/2010,PAE,WA,ANM,WE,Towers with Radar,9,2,45,2,58,0,2,89,1,92,9,4,134,3,150,152,0,152,302
09/16/2010,PAE,WA,ANM,WE,Towers with Radar,4,5,44,0,53,1,0,18,0,19,5,5,62,0,72,89,0,89,161
09/17/2010,PAE,WA,ANM,WE,Towers with Radar,4,5,28,0,37,0,0,9,0,9,4,5,37,0,46,16,0,16,62
09/18/2010,PAE,WA,ANM,WE,Towers with Radar,3,1,65,0,69,0,0,133,0,133,3,1,198,0,202,251,0,251,453
09/19/2010,PAE,WA,ANM,WE,Towers with Radar,10,0,22,0,32,0,0,30,0,30,10,0,52,0,62,67,0,67,129
09/20/2010,PAE,WA,ANM,WE,Towers with Radar,19,14,30,0,63,0,3,60,0,63,19,17,90,0,126,145,0,145,271
09/21/2010,PAE,WA,ANM,WE,Towers with Radar,12,7,57,0,76,0,1,121,0,122,12,8,178,0,198,210,0,210,408
09/22/2010,PAE,WA,ANM,WE,Towers with Radar,18,6,41,0,65,0,3,165,2,170,18,9,206,2,235,200,0,200,435
09/23/2010,PAE,WA,ANM,WE,Towers with Radar,7,8,40,2,57,0,1,27,0,28,7,9,67,2,85,8,0,8,93
09/24/2010,PAE,WA,ANM,WE,Towers with Radar,9,9,58,0,76,0,9,111,4,124,9,18,169,4,200,231,0,231,431
09/25/2010,PAE,WA,ANM,WE,Towers with Radar,1,0,40,0,41,0,0,303,4,307,1,0,343,4,348,337,0,337,685
09/26/2010,PAE,WA,ANM,WE,Towers with Radar,14,0,31,0,45,0,0,35,0,35,14,0,66,0,80,24,0,24,104
09/27/2010,PAE,WA,ANM,WE,Towers with Radar,25,19,50,0,94,1,4,47,0,52,26,23,97,0,146,64,0,64,210
09/28/2010,PAE,WA,ANM,WE,Towers with Radar,20,8,33,2,63,0,3,55,3,61,20,11,88,5,124,81,0,81,205
09/29/2010,PAE,WA,ANM,WE,Towers with Radar,15,20,23,0,58,0,1,76,0,77,15,21,99,0,135,102,0,102,237
09/30/2010,PAE,WA,ANM,WE,Towers with Radar,6,5,30,0,41,2,3,172,2,179,8,8,202,2,220,299,0,299,519
10/01/2010,PAE,WA,ANM,WE,Towers with Radar,8,4,41,0,53,0,0,141,2,143,8,4,182,2,196,207,1,208,404
10/02/2010,PAE,WA,ANM,WE,Towers with Radar,8,0,65,0,73,1,2,210,1,214,9,2,275,1,287,293,0,293,580
10/03/2010,PAE,WA,ANM,WE,Towers with Radar,6,4,42,0,52,0,0,69,0,69,6,4,111,0,121,279,0,279,400
10/04/2010,PAE,WA,ANM,WE,Towers with Radar,9,4,40,1,54,4,3,67,0,74,13,7,107,1,128,155,0,155,283
10/05/2010,PAE,WA,ANM,WE,Towers with Radar,4,14,57,0,75,0,6,153,1,160,4,20,210,1,235,211,0,211,446
10/06/2010,PAE,WA,ANM,WE,Towers with Radar,7,3,24,0,34,3,0,129,4,136,10,3,153,4,170,154,0,154,324
10/07/2010,PAE,WA,ANM,WE,Towers with Radar,11,9,23,1,44,0,1,99,0,100,11,10,122,1,144,110,0,110,254
10/08/2010,PAE,WA,ANM,WE,Towers with Radar,7,5,32,0,44,0,8,69,0,77,7,13,101,0,121,92,1,93,214
10/09/2010,PAE,WA,ANM,WE,Towers with Radar,4,6,41,0,51,0,0,12,0,12,4,6,53,0,63,11,0,11,74
10/10/2010,PAE,WA,ANM,WE,Towers with Radar,5,1,33,0,39,0,0,59,0,59,5,1,92,0,98,150,0,150,248
10/11/2010,PAE,WA,ANM,WE,Towers with Radar,9,7,44,0,60,0,2,106,0,108,9,9,150,0,168,180,0,180,348
10/12/2010,PAE,WA,ANM,WE,Towers with Radar,17,4,60,0,81,2,7,148,2,159,19,11,208,2,240,129,0,129,369
10/13/2010,PAE,WA,ANM,WE,Towers with Radar,7,9,26,0,42,0,2,177,0,179,7,11,203,0,221,308,0,308,529
10/14/2010,PAE,WA,ANM,WE,Towers with Radar,10,9,48,0,67,0,1,52,2,55,10,10,100,2,122,172,0,172,294
10/15/2010,PAE,WA,ANM,WE,Towers with Radar,21,0,61,0,82,0,6,124,0,130,21,6,185,0,212,131,0,131,343
10/16/2010,PAE,WA,ANM,WE,Towers with Radar,3,4,44,0,51,0,0,341,0,341,3,4,385,0,392,206,0,206,598
10/17/2010,PAE,WA,ANM,WE,Towers with Radar,6,0,22,0,28,0,0,205,0,205,6,0,227,0,233,123,0,123,356
10/18/2010,PAE,WA,ANM,WE,Towers with Radar,20,11,37,0,68,0,4,103,0,107,20,15,140,0,175,181,0,181,356
10/19/2010,PAE,WA,ANM,WE,Towers with Radar,3,3,28,0,34,0,1,107,1,109,3,4,135,1,143,104,0,104,247
10/20/2010,PAE,WA,ANM,WE,Towers with Radar,8,15,50,1,74,0,3,117,1,121,8,18,167,2,195,135,0,135,330
10/21/2010,PAE,WA,ANM,WE,Towers with Radar,17,19,46,2,84,0,7,41,2,50,17,26,87,4,134,85,0,85,219
10/22/2010,PAE,WA,ANM,WE,Towers with Radar,6,19,51,0,76,0,5,53,0,58,6,24,104,0,134,103,0,103,237
10/23/2010,PAE,WA,ANM,WE,Towers with Radar,1,12,31,0,44,0,0,67,1,68,1,12,98,1,112,105,12,117,229
10/24/2010,PAE,WA,ANM,WE,Towers with Radar,0,1,4,2,7,0,0,8,0,8,0,1,12,2,15,11,0,11,26
10/25/2010,PAE,WA,ANM,WE,Towers with Radar,18,10,10,0,38,0,3,3,0,6,18,13,13,0,44,5,0,5,49
10/26/2010,PAE,WA,ANM,WE,Towers with Radar,6,7,25,2,40,0,0,4,0,4,6,7,29,2,44,2,0,2,46
10/27/2010,PAE,WA,ANM,WE,Towers with Radar,12,6,46,0,64,0,2,128,0,130,12,8,174,0,194,324,0,324,518
10/28/2010,PAE,WA,ANM,WE,Towers with Radar,10,3,30,2,45,2,0,23,0,25,12,3,53,2,70,49,0,49,119
10/29/2010,PAE,WA,ANM,WE,Towers with Radar,16,2,42,0,60,1,2,113,0,116,17,4,155,0,176,134,0,134,310
10/30/2010,PAE,WA,ANM,WE,Towers with Radar,8,0,53,0,61,0,0,121,0,121,8,0,174,0,182,214,0,214,396
10/31/2010,PAE,WA,ANM,WE,Towers with Radar,5,0,43,0,48,4,0,125,0,129,9,0,168,0,177,189,0,189,366
11/01/2010,PAE,WA,ANM,WE,Towers with Radar,17,9,24,2,52,0,1,0,0,1,17,10,24,2,53,4,0,4,57
11/02/2010,PAE,WA,ANM,WE,Towers with Radar,8,2,50,0,60,0,2,146,0,148,8,4,196,0,208,310,0,310,518
11/03/2010,PAE,WA,ANM,WE,Towers with Radar,9,4,51,0,64,0,1,203,1,205,9,5,254,1,269,218,0,218,487
11/04/2010,PAE,WA,ANM,WE,Towers with Radar,24,8,43,4,79,0,3,193,0,196,24,11,236,4,275,276,1,277,552
11/05/2010,PAE,WA,ANM,WE,Towers with Radar,6,4,52,0,62,0,0,0,0,0,6,4,52,0,62,0,0,0,62
11/06/2010,PAE,WA,ANM,WE,Towers with Radar,14,0,56,0,70,0,0,10,0,10,14,0,66,0,80,0,0,0,80
11/07/2010,PAE,WA,ANM,WE,Towers with Radar,4,0,68,0,72,0,0,90,0,90,4,0,158,0,162,194,0,194,356
11/08/2010,PAE,WA,ANM,WE,Towers with Radar,7,7,23,0,37,0,2,53,0,55,7,9,76,0,92,49,18,67,159
11/09/2010,PAE,WA,ANM,WE,Towers with Radar,9,7,29,0,45,0,2,18,0,20,9,9,47,0,65,78,0,78,143
11/10/2010,PAE,WA,ANM,WE,Towers with Radar,32,5,55,0,92,4,4,141,0,149,36,9,196,0,241,195,0,195,436
11/11/2010,PAE,WA,ANM,WE,Towers with Radar,22,6,51,0,79,2,1,38,0,41,24,7,89,0,120,66,0,66,186
11/12/2010,PAE,WA,ANM,WE,Towers with Radar,23,8,47,2,80,0,11,126,0,137,23,19,173,2,217,153,0,153,370
11/13/2010,PAE,WA,ANM,WE,Towers with Radar,16,0,77,0,93,0,0,59,1,60,16,0,136,1,153,118,0,118,271
11/14/2010,PAE,WA,ANM,WE,Towers with Radar,4,1,14,0,19,0,0,0,0,0,4,1,14,0,19,0,0,0,19
11/15/2010,PAE,WA,ANM,WE,Towers with Radar,16,10,14,0,40,0,0,0,0,0,16,10,14,0,40,0,0,0,40
11/16/2010,PAE,WA,ANM,WE,Towers with Radar,28,7,25,0,60,0,2,41,1,44,28,9,66,1,104,73,0,73,177
11/17/2010,PAE,WA,ANM,WE,Towers with Radar,18,4,20,0,42,0,0,0,0,0,18,4,20,0,42,0,0,0,42
11/18/2010,PAE,WA,ANM,WE,Towers with Radar,12,4,13,0,29,1,2,14,0,17,13,6,27,0,46,70,0,70,116
11/19/2010,PAE,WA,ANM,WE,Towers with Radar,24,14,25,0,63,4,3,55,0,62,28,17,80,0,125,134,0,134,259
11/20/2010,PAE,WA,ANM,WE,Towers with Radar,6,1,45,0,52,0,0,118,3,121,6,1,163,3,173,225,0,225,398
11/21/2010,PAE,WA,ANM,WE,Towers with Radar,5,2,33,1,41,0,1,20,0,21,5,3,53,1,62,97,0,97,159
11/22/2010,PAE,WA,ANM,WE,Towers with Radar,1,3,11,0,15,0,0,0,0,0,1,3,11,0,15,0,0,0,15
11/23/2010,PAE,WA,ANM,WE,Towers with Radar,8,3,13,0,24,0,1,31,0,32,8,4,44,0,56,63,0,63,119
11/24/2010,PAE,WA,ANM,WE,Towers with Radar,12,9,33,0,54,0,2,45,0,47,12,11,78,0,101,106,0,106,207
11/25/2010,PAE,WA,ANM,WE,Towers with Radar,0,0,1,0,1,0,0,0,0,0,0,0,1,0,1,0,0,0,1
11/26/2010,PAE,WA,ANM,WE,Towers with Radar,1,10,27,0,38,0,0,24,0,24,1,10,51,0,62,53,0,53,115
11/27/2010,PAE,WA,ANM,WE,Towers with Radar,10,0,24,2,36,0,2,22,0,24,10,2,46,2,60,27,0,27,87
11/28/2010,PAE,WA,ANM,WE,Towers with Radar,7,2,30,2,41,0,0,90,0,90,7,2,120,2,131,135,0,135,266
11/29/2010,PAE,WA,ANM,WE,Towers with Radar,6,7,21,0,34,0,5,47,2,54,6,12,68,2,88,67,0,67,155
11/30/2010,PAE,WA,ANM,WE,Towers with Radar,3,14,19,2,38,0,3,0,0,3,3,17,19,2,41,0,0,0,41
12/01/2010,PAE,WA,ANM,WE,Towers with Radar,18,5,30,0,53,0,4,64,2,70,18,9,94,2,123,115,2,117,240
12/02/2010,PAE,WA,ANM,WE,Towers with Radar,22,4,37,1,64,0,0,36,0,36,22,4,73,1,100,98,0,98,198
12/03/2010,PAE,WA,ANM,WE,Towers with Radar,12,6,41,0,59,0,0,71,1,72,12,6,112,1,131,175,0,175,306
12/04/2010,PAE,WA,ANM,WE,Towers with Radar,4,0,42,0,46,0,0,261,1,262,4,0,303,1,308,267,1,268,576
12/05/2010,PAE,WA,ANM,WE,Towers with Radar,8,1,35,0,44,5,0,163,0,168,13,1,198,0,212,220,0,220,432
12/06/2010,PAE,WA,ANM,WE,Towers with Radar,22,1,39,0,62,0,3,83,0,86,22,4,122,0,148,112,0,112,260
12/07/2010,PAE,WA,ANM,WE,Towers with Radar,11,4,28,0,43,0,1,40,0,41,11,5,68,0,84,40,0,40,124
12/08/2010,PAE,WA,ANM,WE,Towers with Radar,15,3,8,3,29,0,2,21,0,23,15,5,29,3,52,36,4,40,92
12/09/2010,PAE,WA,ANM,WE,Towers with Radar,16,7,51,2,76,3,1,39,1,44,19,8,90,3,120,82,0,82,202
12/10/2010,PAE,WA,ANM,WE,Towers with Radar,30,7,44,0,81,0,0,62,2,64,30,7,106,2,145,93,0,93,238
12/11/2010,PAE,WA,ANM,WE,Towers with Radar,8,0,40,0,48,0,0,68,0,68,8,0,108,0,116,111,0,111,227
12/12/2010,PAE,WA,ANM,WE,Towers with Radar,7,0,26,0,33,0,0,2,0,2,7,0,28,0,35,0,0,0,35
12/13/2010,PAE,WA,ANM,WE,Towers with Radar,12,6,4,0,22,0,0,43,1,44,12,6,47,1,66,38,0,38,104
12/14/2010,PAE,WA,ANM,WE,Towers with Radar,14,6,21,0,41,0,0,11,3,14,14,6,32,3,55,23,0,23,78
12/15/2010,PAE,WA,ANM,WE,Towers with Radar,24,4,30,4,62,0,1,26,0,27,24,5,56,4,89,19,0,19,108
12/16/2010,PAE,WA,ANM,WE,Towers with Radar,15,5,18,2,40,1,2,77,0,80,16,7,95,2,120,162,2,164,284
12/17/2010,PAE,WA,ANM,WE,Towers with Radar,34,10,31,2,77,0,3,187,0,190,34,13,218,2,267,215,0,215,482
12/18/2010,PAE,WA,ANM,WE,Towers with Radar,8,2,30,6,46,0,0,14,0,14,8,2,44,6,60,41,0,41,101
12/19/2010,PAE,WA,ANM,WE,Towers with Radar,14,0,41,0,55,0,0,142,0,142,14,0,183,0,197,202,0,202,399
12/20/2010,PAE,WA,ANM,WE,Towers with Radar,21,11,13,2,47,0,5,32,1,38,21,16,45,3,85,29,0,29,114
12/21/2010,PAE,WA,ANM,WE,Towers with Radar,12,10,27,2,51,0,0,109,0,109,12,10,136,2,160,179,0,179,339
12/22/2010,PAE,WA,ANM,WE,Towers with Radar,17,6,27,0,50,0,1,75,0,76,17,7,102,0,126,80,0,80,206
12/23/2010,PAE,WA,ANM,WE,Towers with Radar,3,3,20,4,30,0,1,14,0,15,3,4,34,4,45,30,0,30,75
12/24/2010,PAE,WA,ANM,WE,Towers with Radar,6,2,9,3,20,0,6,13,1,20,6,8,22,4,40,1,0,1,41
12/25/2010,PAE,WA,ANM,WE,Towers with Radar,0,0,3,0,3,0,0,27,1,28,0,0,30,1,31,11,0,11,42
12/26/2010,PAE,WA,ANM,WE,Towers with Radar,2,0,5,0,7,0,0,14,0,14,2,0,19,0,21,26,0,26,47
12/27/2010,PAE,WA,ANM,WE,Towers with Radar,1,4,13,0,18,0,2,41,3,46,1,6,54,3,64,32,0,32,96
12/28/2010,PAE,WA,ANM,WE,Towers with Radar,0,7,2,0,9,0,2,52,0,54,0,9,54,0,63,86,0,86,149
12/29/2010,PAE,WA,ANM,WE,Towers with Radar,4,8,11,0,23,0,2,11,0,13,4,10,22,0,36,7,0,7,43
12/30/2010,PAE,WA,ANM,WE,Towers with Radar,7,5,43,2,57,0,1,129,0,130,7,6,172,2,187,91,0,91,278
12/31/2010,PAE,WA,ANM,WE,Towers with Radar,1,5,27,0,33,0,4,163,2,169,1,9,190,2,202,102,0,102,304
01/01/2011,PAE,WA,ANM,WE,Towers with Radar,0,1,22,0,23,0,0,106,0,106,0,1,128,0,129,116,0,116,245
01/02/2011,PAE,WA,ANM,WE,Towers with Radar,2,0,46,0,48,0,2,153,0,155,2,2,199,0,203,76,0,76,279
01/03/2011,PAE,WA,ANM,WE,Towers with Radar,1,5,21,0,27,1,3,111,2,117,2,8,132,2,144,117,0,117,261
01/04/2011,PAE,WA,ANM,WE,Towers with Radar,7,5,28,0,40,0,4,47,0,51,7,9,75,0,91,91,0,91,182
01/05/2011,PAE,WA,ANM,WE,Towers with Radar,9,6,15,1,31,0,0,5,0,5,9,6,20,1,36,0,0,0,36
01/06/2011,PAE,WA,ANM,WE,Towers with Radar,1,6,26,0,33,0,0,0,0,0,1,6,26,0,33,0,0,0,33
01/07/2011,PAE,WA,ANM,WE,Towers with Radar,6,12,4,4,26,1,0,1,0,2,7,12,5,4,28,0,0,0,28
01/08/2011,PAE,WA,ANM,WE,Towers with Radar,6,0,23,2,31,0,0,23,0,23,6,0,46,2,54,31,0,31,85
01/09/2011,PAE,WA,ANM,WE,Towers with Radar,1,2,1,0,4,0,0,3,0,3,1,2,4,0,7,14,0,14,21
01/10/2011,PAE,WA,ANM,WE,Towers with Radar,27,7,34,2,70,8,5,66,2,81,35,12,100,4,151,96,0,96,247
01/11/2011,PAE,WA,ANM,WE,Towers with Radar,15,6,33,0,54,2,0,88,0,90,17,6,121,0,144,65,0,65,209
01/12/2011,PAE,WA,ANM,WE,Towers with Radar,15,6,12,6,39,0,0,2,0,2,15,6,14,6,41,0,0,0,41
01/13/2011,PAE,WA,ANM,WE,Towers with Radar,20,4,8,0,32,0,0,0,0,0,20,4,8,0,32,0,0,0,32
01/14/2011,PAE,WA,ANM,WE,Towers with Radar,8,1,10,0,19,0,1,1,0,2,8,2,11,0,21,0,0,0,21
01/15/2011,PAE,WA,ANM,WE,Towers with Radar,11,0,65,1,77,0,8,46,0,54,11,8,111,1,131,19,0,19,150
01/16/2011,PAE,WA,ANM,WE,Towers with Radar,3,0,14,0,17,0,0,9,0,9,3,0,23,0,26,4,0,4,30
01/17/2011,PAE,WA,ANM,WE,Towers with Radar,26,3,21,0,50,0,0,5,0,5,26,3,26,0,55,0,0,0,55
01/18/2011,PAE,WA,ANM,WE,Towers with Radar,5,5,1,3,14,0,3,1,0,4,5,8,2,3,18,2,0,2,20
01/19/2011,PAE,WA,ANM,WE,Towers with Radar,6,12,58,5,81,0,3,149,5,157,6,15,207,10,238,198,0,198,436
01/20/2011,PAE,WA,ANM,WE,Towers with Radar,10,8,17,7,42,0,0,16,0,16,10,8,33,7,58,31,0,31,89
01/21/2011,PAE,WA,ANM,WE,Towers with Radar,31,8,12,0,51,0,0,0,0,0,31,8,12,0,51,0,0,0,51
01/22/2011,PAE,WA,ANM,WE,Towers with Radar,12,0,42,1,55,0,0,167,1,168,12,0,209,2,223,199,0,199,422
01/23/2011,PAE,WA,ANM,WE,Towers with Radar,4,4,41,2,51,0,0,81,0,81,4,4,122,2,132,267,0,267,399
01/24/2011,PAE,WA,ANM,WE,Towers with Radar,19,9,29,0,57,0,0,28,0,28,19,9,57,0,85,84,0,84,169
01/25/2011,PAE,WA,ANM,WE,Towers with Radar,19,10,27,2,58,0,4,65,0,69,19,14,92,2,127,102,0,102,229
01/26/2011,PAE,WA,ANM,WE,Towers with Radar,28,10,53,0,91,2,5,161,2,170,30,15,214,2,261,184,0,184,445
01/27/2011,PAE,WA,ANM,WE,Towers with Radar,22,6,68,0,96,0,4,118,0,122,22,10,186,0,218,246,0,246,464
01/28/2011,PAE,WA,ANM,WE,Towers with Radar,28,6,29,2,65,0,1,17,0,18,28,7,46,2,83,46,0,46,129
01/29/2011,PAE,WA,ANM,WE,Towers with Radar,12,3,43,0,58,0,0,0,0,0,12,3,43,0,58,0,0,0,58
01/30/2011,PAE,WA,ANM,WE,Towers with Radar,15,0,56,2,73,0,0,184,0,184,15,0,240,2,257,281,0,281,538
01/31/2011,PAE,WA,ANM,WE,Towers with Radar,19,5,40,0,64,0,12,89,0,101,19,17,129,0,165,176,0,176,341
02/01/2011,PAE,WA,ANM,WE,Towers with Radar,24,7,47,6,84,2,2,145,0,149,26,9,192,6,233,124,0,124,357
02/02/2011,PAE,WA,ANM,WE,Towers with Radar,12,4,29,2,47,0,3,147,1,151,12,7,176,3,198,278,0,278,476
02/03/2011,PAE,WA,ANM,WE,Towers with Radar,14,7,24,6,51,0,7,55,0,62,14,14,79,6,113,90,0,90,203
02/04/2011,PAE,WA,ANM,WE,Towers with Radar,23,4,24,0,51,0,1,0,0,1,23,5,24,0,52,0,0,0,52
02/05/2011,PAE,WA,ANM,WE,Towers with Radar,4,0,49,1,54,0,0,63,1,64,4,0,112,2,118,91,0,91,209
02/06/2011,PAE,WA,ANM,WE,Towers with Radar,0,1,2,0,3,0,0,1,0,1,0,1,3,0,4,0,0,0,4
02/07/2011,PAE,WA,ANM,WE,Towers with Radar,22,11,13,0,46,4,9,35,0,48,26,20,48,0,94,73,0,73,167
02/08/2011,PAE,WA,ANM,WE,Towers with Radar,11,1,22,0,34,1,2,88,2,93,12,3,110,2,127,144,10,154,281
02/09/2011,PAE,WA,ANM,WE,Towers with Radar,16,6,43,0,65,1,0,198,0,199,17,6,241,0,264,278,0,278,542
02/10/2011,PAE,WA,ANM,WE,Towers with Radar,19,7,32,10,68,2,0,178,0,180,21,7,210,10,248,257,0,257,505
02/11/2011,PAE,WA,ANM,WE,Towers with Radar,24,6,31,0,61,0,1,88,1,90,24,7,119,1,151,202,6,208,359
02/12/2011,PAE,WA,ANM,WE,Towers with Radar,7,1,12,1,21,0,0,16,1,17,7,1,28,2,38,14,0,14,52
02/13/2011,PAE,WA,ANM,WE,Towers with Radar,9,2,27,0,38,0,0,133,3,136,9,2,160,3,174,172,0,172,346
02/14/2011,PAE,WA,ANM,WE,Towers with Radar,5,8,8,0,21,2,2,5,0,9,7,10,13,0,30,6,0,6,36
02/15/2011,PAE,WA,ANM,WE,Towers with Radar,16,11,13,2,42,0,3,15,2,20,16,14,28,4,62,39,0,39,101
02/16/2011,PAE,WA,ANM,WE,Towers with Radar,9,5,31,0,45,0,2,51,1,54,9,7,82,1,99,37,0,37,136
02/17/2011,PAE,WA,ANM,WE,Towers with Radar,4,2,14,0,20,0,2,30,0,32,4,4,44,0,52,36,0,36,88
02/18/2011,PAE,WA,ANM,WE,Towers with Radar,31,3,24,0,58,0,3,111,3,117,31,6,135,3,175,104,0,104,279
02/19/2011,PAE,WA,ANM,WE,Towers with Radar,4,0,37,1,42,0,0,318,1,319,4,0,355,2,361,253,0,253,614
02/20/2011,PAE,WA,ANM,WE,Towers with Radar,4,0,39,1,44,0,0,213,1,214,4,0,252,2,258,177,0,177,435
02/21/2011,PAE,WA,ANM,WE,Towers with Radar,18,6,23,0,47,3,2,72,0,77,21,8,95,0,124,131,0,131,255
02/22/2011,PAE,WA,ANM,WE,Towers with Radar,11,7,9,0,27,0,2,8,0,10,11,9,17,0,37,26,0,26,63
02/23/2011,PAE,WA,ANM,WE,Towers with Radar,8,3,2,0,13,0,0,0,0,0,8,3,2,0,13,0,0,0,13
02/24/2011,PAE,WA,ANM,WE,Towers with Radar,23,6,2,0,31,0,0,27,0,27,23,6,29,0,58,6,0,6,64
02/25/2011,PAE,WA,ANM,WE,Towers with Radar,6,3,45,0,54,0,4,76,1,81,6,7,121,1,135,141,0,141,276
02/26/2011,PAE,WA,ANM,WE,Towers with Radar,11,2,22,0,35,0,1,14,0,15,11,3,36,0,50,16,0,16,66
02/27/2011,PAE,WA,ANM,WE,Towers with Radar,11,2,8,0,21,0,0,3,2,5,11,2,11,2,26,0,0,0,26
02/28/2011,PAE,WA,ANM,WE,Towers with Radar,11,4,19,0,34,0,2,7,0,9,11,6,26,0,43,0,0,0,43
03/01/2011,PAE,WA,ANM,WE,Towers with Radar,25,4,13,0,42,0,0,11,0,11,25,4,24,0,53,9,0,9,62
03/02/2011,PAE,WA,ANM,WE,Towers with Radar,4,5,5,1,15,0,1,6,1,8,4,6,11,2,23,0,0,0,23
03/03/2011,PAE,WA,ANM,WE,Towers with Radar,28,8,26,0,62,0,0,34,0,34,28,8,60,0,96,54,0,54,150
03/04/2011,PAE,WA,ANM,WE,Towers with Radar,12,3,35,1,51,0,4,45,0,49,12,7,80,1,100,58,2,60,160
03/05/2011,PAE,WA,ANM,WE,Towers with Radar,10,0,57,1,68,0,0,104,1,105,10,0,161,2,173,207,0,207,380
03/06/2011,PAE,WA,ANM,WE,Towers with Radar,9,0,56,2,67,0,1,157,0,158,9,1,213,2,225,191,0,191,416
03/07/2011,PAE,WA,ANM,WE,Towers with Radar,23,3,25,5,56,0,2,101,0,103,23,5,126,5,159,106,0,106,265
03/08/2011,PAE,WA,ANM,WE,Towers with Radar,1,7,26,1,35,0,0,21,1,22,1,7,47,2,57,21,0,21,78
03/09/2011,PAE,WA,ANM,WE,Towers with Radar,12,1,21,1,35,0,0,15,2,17,12,1,36,3,52,1,0,1,53
03/10/2011,PAE,WA,ANM,WE,Towers with Radar,17,10,11,0,38,0,0,9,0,9,17,10,20,0,47,4,0,4,51
03/11/2011,PAE,WA,ANM,WE,Towers with Radar,21,5,19,1,46,0,1,87,0,88,21,6,106,1,134,176,13,189,323
03/12/2011,PAE,WA,ANM,WE,Towers with Radar,7,7,32,0,46,0,0,26,0,26,7,7,58,0,72,64,0,64,136
03/13/2011,PAE,WA,ANM,WE,Towers with Radar,5,12,19,0,36,0,1,7,0,8,5,13,26,0,44,0,0,0,44
03/14/2011,PAE,WA,ANM,WE,Towers with Radar,14,6,36,2,58,0,3,34,0,37,14,9,70,2,95,69,6,75,170
03/15/2011,PAE,WA,ANM,WE,Towers with Radar,16,6,9,0,31,0,4,6,0,10,16,10,15,0,41,7,0,7,48
03/16/2011,PAE,WA,ANM,WE,Towers with Radar,9,3,38,0,50,0,1,35,2,38,9,4,73,2,88,45,0,45,133
03/17/2011,PAE,WA,ANM,WE,Towers with Radar,34,12,22,5,73,0,2,112,0,114,34,14,134,5,187,144,0,144,331
03/18/2011,PAE,WA,ANM,WE,Towers with Radar,16,6,48,0,70,0,0,84,1,85,16,6,132,1,155,142,11,153,308
03/19/2011,PAE,WA,ANM,WE,Towers with Radar,15,0,56,2,73,0,0,181,0,181,15,0,237,2,254,225,0,225,479
03/20/2011,PAE,WA,ANM,WE,Towers with Radar,4,10,41,7,62,0,0,194,2,196,4,10,235,9,258,321,20,341,599
03/21/2011,PAE,WA,ANM,WE,Towers with Radar,12,20,33,1,66,0,0,44,0,44,12,20,77,1,110,42,0,42,152
03/22/2011,PAE,WA,ANM,WE,Towers with Radar,13,3,40,0,56,0,0,111,0,111,13,3,151,0,167,159,9,168,335
03/23/2011,PAE,WA,ANM,WE,Towers with Radar,22,3,46,0,71,1,2,201,3,207,23,5,247,3,278,210,4,214,492
03/24/2011,PAE,WA,ANM,WE,Towers with Radar,11,7,41,7,66,0,3,75,2,80,11,10,116,9,146,181,0,181,327
03/25/2011,PAE,WA,ANM,WE,Towers with Radar,10,8,32,0,50,0,2,97,0,99,10,10,129,0,149,210,0,210,359
03/26/2011,PAE,WA,ANM,WE,Towers with Radar,8,0,87,0,95,0,0,92,0,92,8,0,179,0,187,216,0,216,403
03/27/2011,PAE,WA,ANM,WE,Towers with Radar,7,1,44,0,52,0,0,48,0,48,7,1,92,0,100,98,0,98,198
03/28/2011,PAE,WA,ANM,WE,Towers with Radar,27,3,31,0,61,0,4,55,0,59,27,7,86,0,120,50,0,50,170
03/29/2011,PAE,WA,ANM,WE,Towers with Radar,14,3,42,5,64,0,2,39,1,42,14,5,81,6,106,78,0,78,184
03/30/2011,PAE,WA,ANM,WE,Towers with Radar,9,7,21,0,37,0,1,2,0,3,9,8,23,0,40,0,0,0,40
03/31/2011,PAE,WA,ANM,WE,Towers with Radar,11,4,24,11,50,0,3,11,1,15,11,7,35,12,65,3,0,3,68
04/01/2011,PAE,WA,ANM,WE,Towers with Radar,5,3,34,0,42,0,0,2,0,2,5,3,36,0,44,0,0,0,44
04/02/2011,PAE,WA,ANM,WE,Towers with Radar,20,6,40,0,66,0,0,61,0,61,20,6,101,0,127,147,0,147,274
04/03/2011,PAE,WA,ANM,WE,Towers with Radar,6,1,48,0,55,0,4,179,4,187,6,5,227,4,242,254,0,254,496
04/04/2011,PAE,WA,ANM,WE,Towers with Radar,15,3,13,0,31,0,0,6,0,6,15,3,19,0,37,10,0,10,47
04/05/2011,PAE,WA,ANM,WE,Towers with Radar,17,6,34,0,57,0,0,39,0,39,17,6,73,0,96,67,0,67,163
04/06/2011,PAE,WA,ANM,WE,Towers with Radar,19,2,17,1,39,0,1,25,0,26,19,3,42,1,65,37,0,37,102
04/07/2011,PAE,WA,ANM,WE,Towers with Radar,19,3,49,2,73,3,2,80,1,86,22,5,129,3,159,122,0,122,281
04/08/2011,PAE,WA,ANM,WE,Towers with Radar,19,18,64,0,101,1,23,243,1,268,20,41,307,1,369,353,8,361,730
04/09/2011,PAE,WA,ANM,WE,Towers with Radar,7,3,29,0,39,0,0,169,0,169,7,3,198,0,208,194,0,194,402
04/10/2011,PAE,WA,ANM,WE,Towers with Radar,6,5,24,0,35,0,0,49,1,50,6,5,73,1,85,68,0,68,153
04/11/2011,PAE,WA,ANM,WE,Towers with Radar,11,16,15,6,48,0,6,49,0,55,11,22,64,6,103,95,0,95,198
04/12/2011,PAE,WA,ANM,WE,Towers with Radar,6,8,40,0,54,0,2,131,6,139,6,10,171,6,193,167,8,175,368
04/13/2011,PAE,WA,ANM,WE,Towers with Radar,10,2,36,5,53,0,2,16,3,21,10,4,52,8,74,12,0,12,86
04/14/2011,PAE,WA,ANM,WE,Towers with Radar,21,4,13,0,38,0,0,8,0,8,21,4,21,0,46,4,0,4,50
04/15/2011,PAE,WA,ANM,WE,Towers with Radar,7,5,37,0,49,1,3,99,2,105,8,8,136,2,154,197,0,197,351
04/16/2011,PAE,WA,ANM,WE,Towers with Radar,6,4,50,0,60,0,0,23,0,23,6,4,73,0,83,61,0,61,144
04/17/2011,PAE,WA,ANM,WE,Towers with Radar,7,1,58,2,68,0,0,147,0,147,7,1,205,2,215,247,2,249,464
04/18/2011,PAE,WA,ANM,WE,Towers with Radar,8,7,37,1,53,0,8,60,1,69,8,15,97,2,122,78,2,80,202
04/19/2011,PAE,WA,ANM,WE,Towers with Radar,23,13,66,3,105,6,2,131,1,140,29,15,197,4,245,266,8,274,519
04/20/2011,PAE,WA,ANM,WE,Towers with Radar,6,4,65,0,75,0,2,155,0,157,6,6,220,0,232,154,2,156,388
04/21/2011,PAE,WA,ANM,WE,Towers with Radar,24,0,42,4,70,1,0,107,0,108,25,0,149,4,178,132,0,132,310
04/22/2011,PAE,WA,ANM,WE,Towers with Radar,25,7,55,0,87,2,1,272,2,277,27,8,327,2,364,404,0,404,768
04/23/2011,PAE,WA,ANM,WE,Towers with Radar,12,5,58,0,75,0,3,387,1,391,12,8,445,1,466,446,0,446,912
04/24/2011,PAE,WA,ANM,WE,Towers with Radar,4,1,40,4,49,0,0,38,0,38,4,1,78,4,87,40,0,40,127
04/25/2011,PAE,WA,ANM,WE,Towers with Radar,7,24,35,0,66,0,0,4,0,4,7,24,39,0,70,0,0,0,70
04/26/2011,PAE,WA,ANM,WE,Towers with Radar,30,10,37,0,77,4,2,10,0,16,34,12,47,0,93,231,0,231,324
04/27/2011,PAE,WA,ANM,WE,Towers with Radar,14,11,24,0,49,0,0,21,1,22,14,11,45,1,71,10,0,10,81
04/28/2011,PAE,WA,ANM,WE,Towers with Radar,12,5,25,0,42,0,0,38,0,38,12,5,63,0,80,104,18,122,202
04/29/2011,PAE,WA,ANM,WE,Towers with Radar,17,7,51,9,84,0,1,105,0,106,17,8,156,9,190,150,0,150,340
04/30/2011,PAE,WA,ANM,WE,Towers with Radar,7,3,74,0,84,0,0,261,36,297,7,3,335,36,381,296,20,316,697
05/01/2011,PAE,WA,ANM,WE,Towers with Radar,8,1,55,2,66,0,0,316,0,316,8,1,371,2,382,311,0,311,693
05/02/2011,PAE,WA,ANM,WE,Towers with Radar,22,15,28,0,65,0,3,25,0,28,22,18,53,0,93,37,0,37,130
05/03/2011,PAE,WA,ANM,WE,Towers with Radar,12,4,38,0,54,0,4,94,0,98,12,8,132,0,152,180,0,180,332
05/04/2011,PAE,WA,ANM,WE,Towers with Radar,9,3,88,0,100,0,3,202,2,207,9,6,290,2,307,312,4,316,623
05/05/2011,PAE,WA,ANM,WE,Towers with Radar,15,5,21,2,43,0,1,20,0,21,15,6,41,2,64,57,0,57,121
05/06/2011,PAE,WA,ANM,WE,Towers with Radar,18,6,65,0,89,0,0,34,0,34,18,6,99,0,123,52,0,52,175
05/07/2011,PAE,WA,ANM,WE,Towers with Radar,10,0,40,2,52,0,0,74,0,74,10,0,114,2,126,99,0,99,225
05/08/2011,PAE,WA,ANM,WE,Towers with Radar,5,0,61,1,67,2,0,91,1,94,7,0,152,2,161,89,0,89,250
05/09/2011,PAE,WA,ANM,WE,Towers with Radar,9,2,54,0,65,0,4,112,0,116,9,6,166,0,181,255,0,255,436
05/10/2011,PAE,WA,ANM,WE,Towers with Radar,17,4,52,2,75,1,4,120,1,126,18,8,172,3,201,147,0,147,348
05/11/2011,PAE,WA,ANM,WE,Towers with Radar,18,4,29,0,51,0,2,25,0,27,18,6,54,0,78,33,0,33,111
05/12/2011,PAE,WA,ANM,WE,Towers with Radar,16,9,32,0,57,0,1,151,2,154,16,10,183,2,211,125,0,125,336
05/13/2011,PAE,WA,ANM,WE,Towers with Radar,22,0,50,0,72,0,2,198,0,200,22,2,248,0,272,168,0,168,440
05/14/2011,PAE,WA,ANM,WE,Towers with Radar,7,7,47,1,62,0,2,225,5,232,7,9,272,6,294,313,0,313,607
05/15/2011,PAE,WA,ANM,WE,Towers with Radar,6,2,37,0,45,0,0,5,0,5,6,2,42,0,50,0,0,0,50
05/16/2011,PAE,WA,ANM,WE,Towers with Radar,21,7,43,0,71,0,3,18,0,21,21,10,61,0,92,44,0,44,136
05/17/2011,PAE,WA,ANM,WE,Towers with Radar,27,2,55,4,88,5,2,121,2,130,32,4,176,6,218,180,0,180,398
05/18/2011,PAE,WA,ANM,WE,Towers with Radar,5,9,57,0,71,0,5,185,0,190,5,14,242,0,261,217,0,217,478
05/19/2011,PAE,WA,ANM,WE,Towers with Radar,15,10,53,2,80,5,7,205,1,218,20,17,258,3,298,229,4,233,531
05/20/2011,PAE,WA,ANM,WE,Towers with Radar,26,6,33,0,65,0,0,221,0,221,26,6,254,0,286,237,0,237,523
05/21/2011,PAE,WA,ANM,WE,Towers with Radar,18,0,60,0,78,2,1,441,1,445,20,1,501,1,523,93,0,93,616
05/22/2011,PAE,WA,ANM,WE,Towers with Radar,3,1,45,0,49,0,0,70,0,70,3,1,115,0,119,51,0,51,170
05/23/2011,PAE,WA,ANM,WE,Towers with Radar,24,12,39,0,75,0,3,97,0,100,24,15,136,0,175,66,0,66,241
05/24/2011,PAE,WA,ANM,WE,Towers with Radar,10,15,55,4,84,0,4,181,2,187,10,19,236,6,271,234,8,242,513
05/25/2011,PAE,WA,ANM,WE,Towers with Radar,12,3,64,1,80,0,2,25,0,27,12,5,89,1,107,16,0,16,123
05/26/2011,PAE,WA,ANM,WE,Towers with Radar,14,1,37,0,52,0,0,68,0,68,14,1,105,0,120,81,0,81,201
05/27/2011,PAE,WA,ANM,WE,Towers with Radar,13,3,27,1,44,0,2,73,1,76,13,5,100,2,120,96,0,96,216
05/28/2011,PAE,WA,ANM,WE,Towers with Radar,2,3,41,2,48,0,1,158,0,159,2,4,199,2,207,263,0,263,470
05/29/2011,PAE,WA,ANM,WE,Towers with Radar,6,0,28,0,34,0,0,146,2,148,6,0,174,2,182,205,0,205,387
05/30/2011,PAE,WA,ANM,WE,Towers with Radar,2,2,31,0,35,0,2,228,0,230,2,4,259,0,265,261,0,261,526
05/31/2011,PAE,WA,ANM,WE,Towers with Radar,17,0,40,0,57,0,2,110,0,112,17,2,150,0,169,104,0,104,273
06/01/2011,PAE,WA,ANM,WE,Towers with Radar,16,0,33,4,53,0,1,37,0,38,16,1,70,4,91,13,0,13,104
06/02/2011,PAE,WA,ANM,WE,Towers with Radar,12,1,39,2,54,0,5,42,1,48,12,6,81,3,102,47,0,47,149
06/03/2011,PAE,WA,ANM,WE,Towers with Radar,17,1,45,1,64,0,2,178,1,181,17,3,223,2,245,262,0,262,507
06/04/2011,PAE,WA,ANM,WE,Towers with Radar,17,5,45,0,67,2,2,437,0,441,19,7,482,0,508,385,0,385,893
06/05/2011,PAE,WA,ANM,WE,Towers with Radar,8,0,23,0,31,1,0,281,3,285,9,0,304,3,316,327,0,327,643
06/06/2011,PAE,WA,ANM,WE,Towers with Radar,12,6,84,1,103,0,2,139,2,143,12,8,223,3,246,182,0,182,428
06/07/2011,PAE,WA,ANM,WE,Towers with Radar,18,2,52,8,80,0,2,34,1,37,18,4,86,9,117,22,0,22,139
06/08/2011,PAE,WA,ANM,WE,Towers with Radar,5,5,77,0,87,0,3,66,0,69,5,8,143,0,156,109,0,109,265
06/09/2011,PAE,WA,ANM,WE,Towers with Radar,28,3,36,4,71,0,0,148,1,149,28,3,184,5,220,242,0,242,462
06/10/2011,PAE,WA,ANM,WE,Towers with Radar,15,1,46,7,69,0,2,52,2,56,15,3,98,9,125,38,0,38,163
06/11/2011,PAE,WA,ANM,WE,Towers with Radar,17,1,61,4,83,1,0,168,2,171,18,1,229,6,254,212,0,212,466
06/12/2011,PAE,WA,ANM,WE,Towers with Radar,14,1,36,0,51,1,0,187,2,190,15,1,223,2,241,203,0,203,444
06/13/2011,PAE,WA,ANM,WE,Towers with Radar,7,10,35,5,57,1,7,48,0,56,8,17,83,5,113,127,2,129,242
06/14/2011,PAE,WA,ANM,WE,Towers with Radar,21,1,32,6,60,1,4,79,3,87,22,5,111,9,147,95,0,95,242
06/15/2011,PAE,WA,ANM,WE,Towers with Radar,31,2,61,0,94,0,2,12,114,128,31,4,73,114,222,157,0,157,379
06/16/2011,PAE,WA,ANM,WE,Towers with Radar,18,0,39,1,58,0,5,161,0,166,18,5,200,1,224,308,0,308,532
06/17/2011,PAE,WA,ANM,WE,Towers with Radar,2,7,39,1,49,0,2,229,0,231,2,9,268,1,280,217,0,217,497
06/18/2011,PAE,WA,ANM,WE,Towers with Radar,15,0,63,0,78,0,0,6,0,6,15,0,69,0,84,24,0,24,108
06/19/2011,PAE,WA,ANM,WE,Towers with Radar,9,2,84,0,95,1,1,97,0,99,10,3,181,0,194,46,0,46,240
06/20/2011,PAE,WA,ANM,WE,Towers with Radar,19,1,42,1,63,0,4,176,2,182,19,5,218,3,245,158,8,166,411
06/21/2011,PAE,WA,ANM,WE,Towers with Radar,9,6,54,0,69,0,4,212,1,217,9,10,266,1,286,225,0,225,511
06/22/2011,PAE,WA,ANM,WE,Towers with Radar,14,4,48,0,66,0,2,108,0,110,14,6,156,0,176,76,0,76,252
06/23/2011,PAE,WA,ANM,WE,Towers with Radar,12,2,57,0,71,0,2,75,0,77,12,4,132,0,148,215,0,215,363
06/24/2011,PAE,WA,ANM,WE,Towers with Radar,19,2,53,0,74,3,2,75,0,80,22,4,128,0,154,149,0,149,303
06/25/2011,PAE,WA,ANM,WE,Towers with Radar,17,2,49,1,69,0,0,165,1,166,17,2,214,2,235,198,0,198,433
06/26/2011,PAE,WA,ANM,WE,Towers with Radar,11,4,57,0,72,4,1,330,1,336,15,5,387,1,408,379,0,379,787
06/27/2011,PAE,WA,ANM,WE,Towers with Radar,11,1,38,2,52,0,1,155,0,156,11,2,193,2,208,297,0,297,505
06/28/2011,PAE,WA,ANM,WE,Towers with Radar,20,4,51,5,80,0,3,141,3,147,20,7,192,8,227,235,0,235,462
06/29/2011,PAE,WA,ANM,WE,Towers with Radar,11,3,60,2,76,0,2,54,0,56,11,5,114,2,132,81,0,81,213
06/30/2011,PAE,WA,ANM,WE,Towers with Radar,14,3,47,5,69,0,3,120,2,125,14,6,167,7,194,126,0,126,320
07/01/2011,PAE,WA,ANM,WE,Towers with Radar,11,1,49,1,62,0,2,285,0,287,11,3,334,1,349,306,0,306,655
07/02/2011,PAE,WA,ANM,WE,Towers with Radar,5,0,53,3,61,3,4,285,2,294,8,4,338,5,355,215,0,215,570
07/03/2011,PAE,WA,ANM,WE,Towers with Radar,13,1,71,0,85,0,2,71,3,76,13,3,142,3,161,35,2,37,198
07/04/2011,PAE,WA,ANM,WE,Towers with Radar,0,0,10,0,10,0,0,211,2,213,0,0,221,2,223,116,0,116,339
07/05/2011,PAE,WA,ANM,WE,Towers with Radar,12,1,28,0,41,0,8,205,0,213,12,9,233,0,254,252,0,252,506
07/06/2011,PAE,WA,ANM,WE,Towers with Radar,8,0,29,2,39,2,2,207,0,211,10,2,236,2,250,332,6,338,588
07/07/2011,PAE,WA,ANM,WE,Towers with Radar,17,2,54,2,75,0,0,16,0,16,17,2,70,2,91,0,0,0,91
07/08/2011,PAE,WA,ANM,WE,Towers with Radar,18,1,64,0,83,0,5,155,0,160,18,6,219,0,243,256,0,256,499
07/09/2011,PAE,WA,ANM,WE,Towers with Radar,1,0,28,0,29,0,2,305,2,309,1,2,333,2,338,297,0,297,635
07/10/2011,PAE,WA,ANM,WE,Towers with Radar,5,0,41,0,46,0,2,215,1,218,5,2,256,1,264,216,2,218,482
07/11/2011,PAE,WA,ANM,WE,Towers with Radar,15,2,29,4,50,0,3,130,2,135,15,5,159,6,185,239,0,239,424
07/12/2011,PAE,WA,ANM,WE,Towers with Radar,16,0,52,0,68,0,2,150,0,152,16,2,202,0,220,219,0,219,439
07/13/2011,PAE,WA,ANM,WE,Towers with Radar,9,7,48,2,66,1,2,79,0,82,10,9,127,2,148,161,0,161,309
07/14/2011,PAE,WA,ANM,WE,Towers with Radar,17,4,42,1,64,0,7,95,0,102,17,11,137,1,166,133,0,133,299
07/15/2011,PAE,WA,ANM,WE,Towers with Radar,16,4,48,3,71,0,0,191,0,191,16,4,239,3,262,245,0,245,507
07/16/2011,PAE,WA,ANM,WE,Towers with Radar,4,1,48,0,53,0,0,46,0,46,4,1,94,0,99,105,0,105,204
07/17/2011,PAE,WA,ANM,WE,Towers with Radar,2,0,63,3,68,0,0,109,1,110,2,0,172,4,178,174,0,174,352
07/18/2011,PAE,WA,ANM,WE,Towers with Radar,23,11,27,0,61,0,13,244,1,258,23,24,271,1,319,271,0,271,590
07/19/2011,PAE,WA,ANM,WE,Towers with Radar,16,3,31,7,57,0,0,13,0,13,16,3,44,7,70,1,0,1,71
07/20/2011,PAE,WA,ANM,WE,Towers with Radar,16,0,51,1,68,0,2,97,0,99,16,2,148,1,167,224,0,224,391
07/21/2011,PAE,WA,ANM,WE,Towers with Radar,12,3,66,2,83,0,2,53,4,59,12,5,119,6,142,101,4,105,247
07/22/2011,PAE,WA,ANM,WE,Towers with Radar,36,10,53,7,106,5,2,194,0,201,41,12,247,7,307,326,0,326,633
07/23/2011,PAE,WA,ANM,WE,Towers with Radar,14,2,36,0,52,0,5,340,0,345,14,7,376,0,397,255,0,255,652
07/24/2011,PAE,WA,ANM,WE,Towers with Radar,11,2,38,4,55,0,0,282,1,283,11,2,320,5,338,200,0,200,538
07/25/2011,PAE,WA,ANM,WE,Towers with Radar,20,4,39,4,67,0,1,38,0,39,20,5,77,4,106,93,0,93,199
07/26/2011,PAE,WA,ANM,WE,Towers with Radar,30,1,56,0,87,0,1,62,0,63,30,2,118,0,150,149,0,149,299
07/27/2011,PAE,WA,ANM,WE,Towers with Radar,18,4,39,3,64,5,5,129,3,142,23,9,168,6,206,253,4,257,463
07/28/2011,PAE,WA,ANM,WE,Towers with Radar,15,12,50,0,77,2,3,116,2,123,17,15,166,2,200,293,0,293,493
07/29/2011,PAE,WA,ANM,WE,Towers with Radar,13,0,45,0,58,0,2,214,0,216,13,2,259,0,274,293,0,293,567
07/30/2011,PAE,WA,ANM,WE,Towers with Radar,21,3,29,1,54,0,1,262,0,263,21,4,291,1,317,217,1,218,535
07/31/2011,PAE,WA,ANM,WE,Towers with Radar,6,8,53,1,68,0,0,107,3,110,6,8,160,4,178,163,9,172,350
08/01/2011,PAE,WA,ANM,WE,Towers with Radar,15,6,35,4,60,0,4,144,2,150,15,10,179,6,210,142,0,142,352
08/02/2011,PAE,WA,ANM,WE,Towers with Radar,4,0,49,5,58,0,3,117,4,124,4,3,166,9,182,244,0,244,426
08/03/2011,PAE,WA,ANM,WE,Towers with Radar,16,0,46,0,62,1,4,177,0,182,17,4,223,0,244,186,4,190,434
08/04/2011,PAE,WA,ANM,WE,Towers with Radar,10,1,54,3,68,0,4,200,1,205,10,5,254,4,273,333,0,333,606
08/05/2011,PAE,WA,ANM,WE,Towers with Radar,23,3,66,0,92,0,1,87,0,88,23,4,153,0,180,210,0,210,390
08/06/2011,PAE,WA,ANM,WE,Towers with Radar,16,3,46,0,65,0,2,209,0,211,16,5,255,0,276,284,0,284,560
08/07/2011,PAE,WA,ANM,WE,Towers with Radar,2,1,42,0,45,2,0,187,0,189,4,1,229,0,234,214,0,214,448
08/08/2011,PAE,WA,ANM,WE,Towers with Radar,33,4,52,2,91,0,1,171,2,174,33,5,223,4,265,169,0,169,434
08/09/2011,PAE,WA,ANM,WE,Towers with Radar,16,0,49,0,65,0,5,92,4,101,16,5,141,4,166,204,1,205,371
08/10/2011,PAE,WA,ANM,WE,Towers with Radar,16,1,39,0,56,0,3,119,2,124,16,4,158,2,180,157,1,158,338
08/11/2011,PAE,WA,ANM,WE,Towers with Radar,10,4,46,0,60,1,4,131,0,136,11,8,177,0,196,166,0,166,362
08/12/2011,PAE,WA,ANM,WE,Towers with Radar,28,1,67,0,96,1,0,150,2,153,29,1,217,2,249,174,0,174,423
08/13/2011,PAE,WA,ANM,WE,Towers with Radar,14,1,63,0,78,1,1,156,0,158,15,2,219,0,236,181,0,181,417
08/14/2011,PAE,WA,ANM,WE,Towers with Radar,8,2,48,0,58,0,0,139,0,139,8,2,187,0,197,139,0,139,336
08/15/2011,PAE,WA,ANM,WE,Towers with Radar,16,2,18,0,36,0,6,121,2,129,16,8,139,2,165,291,0,291,456
08/16/2011,PAE,WA,ANM,WE,Towers with Radar,25,4,41,2,72,3,11,229,4,247,28,15,270,6,319,247,2,249,568
08/17/2011,PAE,WA,ANM,WE,Towers with Radar,8,5,37,1,51,4,3,250,5,262,12,8,287,6,313,230,2,232,545
08/18/2011,PAE,WA,ANM,WE,Towers with Radar,8,7,27,0,42,0,4,199,7,210,8,11,226,7,252,290,0,290,542
08/19/2011,PAE,WA,ANM,WE,Towers with Radar,7,2,60,0,69,1,3,197,4,205,8,5,257,4,274,194,18,212,486
08/20/2011,PAE,WA,ANM,WE,Towers with Radar,1,0,39,0,40,0,2,330,5,337,1,2,369,5,377,308,0,308,685
08/21/2011,PAE,WA,ANM,WE,Towers with Radar,0,0,39,0,39,0,3,251,3,257,0,3,290,3,296,221,0,221,517
08/22/2011,PAE,WA,ANM,WE,Towers with Radar,12,11,14,0,37,0,3,41,0,44,12,14,55,0,81,67,0,67,148
08/23/2011,PAE,WA,ANM,WE,Towers with Radar,9,6,46,0,61,0,2,88,0,90,9,8,134,0,151,132,0,132,283
08/24/2011,PAE,WA,ANM,WE,Towers with Radar,8,7,39,2,56,0,5,169,2,176,8,12,208,4,232,223,8,231,463
08/25/2011,PAE,WA,ANM,WE,Towers with Radar,16,7,51,2,76,1,4,234,0,239,17,11,285,2,315,322,0,322,637
08/26/2011,PAE,WA,ANM,WE,Towers with Radar,19,9,26,0,54,3,4,244,0,251,22,13,270,0,305,212,0,212,517
08/27/2011,PAE,WA,ANM,WE,Towers with Radar,9,0,56,0,65,0,7,332,0,339,9,7,388,0,404,283,0,283,687
08/28/2011,PAE,WA,ANM,WE,Towers with Radar,3,1,38,0,42,0,1,274,0,275,3,2,312,0,317,263,6,269,586
08/29/2011,PAE,WA,ANM,WE,Towers with Radar,13,5,24,4,46,0,4,68,0,72,13,9,92,4,118,91,0,91,209
08/30/2011,PAE,WA,ANM,WE,Towers with Radar,14,4,50,2,70,2,9,109,0,120,16,13,159,2,190,122,0,122,312
08/31/2011,PAE,WA,ANM,WE,Towers with Radar,5,4,41,1,51,0,7,122,2,131,5,11,163,3,182,120,0,120,302
09/01/2011,PAE,WA,ANM,WE,Towers with Radar,18,4,23,0,45,3,2,150,1,156,21,6,173,1,201,230,29,259,460
09/02/2011,PAE,WA,ANM,WE,Towers with Radar,8,4,51,0,63,0,2,220,2,224,8,6,271,2,287,153,0,153,440
09/03/2011,PAE,WA,ANM,WE,Towers with Radar,4,0,29,0,33,0,1,384,2,387,4,1,413,2,420,436,0,436,856
09/04/2011,PAE,WA,ANM,WE,Towers with Radar,3,2,20,0,25,0,2,251,5,258,3,4,271,5,283,297,2,299,582
09/05/2011,PAE,WA,ANM,WE,Towers with Radar,0,0,25,0,25,0,0,293,8,301,0,0,318,8,326,266,0,266,592
09/06/2011,PAE,WA,ANM,WE,Towers with Radar,1,3,36,1,41,2,6,163,6,177,3,9,199,7,218,119,0,119,337
09/07/2011,PAE,WA,ANM,WE,Towers with Radar,13,3,38,0,54,3,3,165,4,175,16,6,203,4,229,225,0,225,454
09/08/2011,PAE,WA,ANM,WE,Towers with Radar,14,6,33,1,54,1,3,148,2,154,15,9,181,3,208,217,4,221,429
09/09/2011,PAE,WA,ANM,WE,Towers with Radar,25,2,37,0,64,0,1,210,4,215,25,3,247,4,279,269,0,269,548
09/10/2011,PAE,WA,ANM,WE,Towers with Radar,1,0,14,0,15,0,2,272,1,275,1,2,286,1,290,230,0,230,520
09/11/2011,PAE,WA,ANM,WE,Towers with Radar,3,2,30,0,35,0,1,231,3,235,3,3,261,3,270,196,0,196,466
09/12/2011,PAE,WA,ANM,WE,Towers with Radar,11,0,16,0,27,0,5,104,2,111,11,5,120,2,138,226,0,226,364
09/13/2011,PAE,WA,ANM,WE,Towers with Radar,15,2,48,2,67,0,2,92,2,96,15,4,140,4,163,228,0,228,391
09/14/2011,PAE,WA,ANM,WE,Towers with Radar,17,2,50,0,69,0,4,102,0,106,17,6,152,0,175,214,0,214,389
09/15/2011,PAE,WA,ANM,WE,Towers with Radar,20,7,39,0,66,0,6,81,3,90,20,13,120,3,156,182,0,182,338
09/16/2011,PAE,WA,ANM,WE,Towers with Radar,17,5,38,0,60,0,2,121,0,123,17,7,159,0,183,185,6,191,374
09/17/2011,PAE,WA,ANM,WE,Towers with Radar,8,0,36,1,45,0,2,66,0,68,8,2,102,1,113,108,0,108,221
09/18/2011,PAE,WA,ANM,WE,Towers with Radar,1,0,29,0,30,0,0,23,0,23,1,0,52,0,53,31,0,31,84
09/19/2011,PAE,WA,ANM,WE,Towers with Radar,6,0,28,0,34,0,3,128,0,131,6,3,156,0,165,167,1,168,333
09/20/2011,PAE,WA,ANM,WE,Towers with Radar,15,4,31,0,50,0,7,173,4,184,15,11,204,4,234,229,0,229,463
09/21/2011,PAE,WA,ANM,WE,Towers with Radar,14,2,17,0,33,0,0,133,6,139,14,2,150,6,172,206,6,212,384
09/22/2011,PAE,WA,ANM,WE,Towers with Radar,13,9,20,0,42,0,3,98,3,104,13,12,118,3,146,99,0,99,245
09/23/2011,PAE,WA,ANM,WE,Towers with Radar,15,5,30,0,50,0,3,90,0,93,15,8,120,0,143,106,0,106,249
09/24/2011,PAE,WA,ANM,WE,Towers with Radar,13,1,47,0,61,0,5,292,2,299,13,6,339,2,360,168,14,182,542
09/25/2011,PAE,WA,ANM,WE,Towers with Radar,14,4,31,0,49,0,4,32,0,36,14,8,63,0,85,12,0,12,97
09/26/2011,PAE,WA,ANM,WE,Towers with Radar,12,9,16,0,37,0,0,5,3,8,12,9,21,3,45,0,0,0,45
09/27/2011,PAE,WA,ANM,WE,Towers with Radar,12,2,44,0,58,0,3,69,3,75,12,5,113,3,133,161,0,161,294
09/28/2011,PAE,WA,ANM,WE,Towers with Radar,11,5,29,2,47,0,7,170,0,177,11,12,199,2,224,196,2,198,422
09/29/2011,PAE,WA,ANM,WE,Towers with Radar,14,2,22,0,38,0,2,236,0,238,14,4,258,0,276,291,0,291,567
09/30/2011,PAE,WA,ANM,WE,Towers with Radar,25,8,36,0,69,0,2,138,0,140,25,10,174,0,209,150,1,151,360
10/01/2011,PAE,WA,ANM,WE,Towers with Radar,0,0,46,0,46,0,0,43,0,43,0,0,89,0,89,114,0,114,203
10/02/2011,PAE,WA,ANM,WE,Towers with Radar,6,6,61,0,73,0,0,140,0,140,6,6,201,0,213,173,2,175,388
10/03/2011,PAE,WA,ANM,WE,Towers with Radar,7,0,46,0,53,0,4,72,0,76,7,4,118,0,129,144,0,144,273
10/04/2011,PAE,WA,ANM,WE,Towers with Radar,11,4,38,2,55,1,4,60,2,67,12,8,98,4,122,121,44,165,287
10/05/2011,PAE,WA,ANM,WE,Towers with Radar,13,2,40,4,59,0,0,29,0,29,13,2,69,4,88,47,0,47,135
10/06/2011,PAE,WA,ANM,WE,Towers with Radar,12,4,32,4,52,0,2,58,0,60,12,6,90,4,112,155,0,155,267
10/07/2011,PAE,WA,ANM,WE,Towers with Radar,11,6,60,0,77,0,1,15,0,16,11,7,75,0,93,158,0,158,251
10/08/2011,PAE,WA,ANM,WE,Towers with Radar,3,0,46,0,49,0,4,186,1,191,3,4,232,1,240,156,2,158,398
10/09/2011,PAE,WA,ANM,WE,Towers with Radar,4,2,51,0,57,0,1,136,0,137,4,3,187,0,194,226,0,226,420
10/10/2011,PAE,WA,ANM,WE,Towers with Radar,25,16,25,0,66,0,6,34,0,40,25,22,59,0,106,63,1,64,170
10/11/2011,PAE,WA,ANM,WE,Towers with Radar,19,2,30,2,53,0,1,15,1,17,19,3,45,3,70,4,0,4,74
10/12/2011,PAE,WA,ANM,WE,Towers with Radar,7,8,41,0,56,0,2,81,2,85,7,10,122,2,141,211,0,211,352
10/13/2011,PAE,WA,ANM,WE,Towers with Radar,13,10,53,3,79,0,2,178,1,181,13,12,231,4,260,294,0,294,554
10/14/2011,PAE,WA,ANM,WE,Towers with Radar,12,1,50,0,63,0,0,119,0,119,12,1,169,0,182,302,0,302,484
10/15/2011,PAE,WA,ANM,WE,Towers with Radar,9,6,46,0,61,0,0,139,0,139,9,6,185,0,200,162,0,162,362
10/16/2011,PAE,WA,ANM,WE,Towers with Radar,19,2,61,0,82,0,0,67,0,67,19,2,128,0,149,41,0,41,190
10/17/2011,PAE,WA,ANM,WE,Towers with Radar,25,0,36,0,61,7,3,163,2,175,32,3,199,2,236,179,0,179,415
10/18/2011,PAE,WA,ANM,WE,Towers with Radar,13,10,28,3,54,0,6,168,4,178,13,16,196,7,232,232,6,238,470
10/19/2011,PAE,WA,ANM,WE,Towers with Radar,27,10,37,4,78,0,0,80,0,80,27,10,117,4,158,206,0,206,364
10/20/2011,PAE,WA,ANM,WE,Towers with Radar,9,14,56,0,79,0,2,15,0,17,9,16,71,0,96,36,0,36,132
10/21/2011,PAE,WA,ANM,WE,Towers with Radar,14,6,38,0,58,0,0,15,0,15,14,6,53,0,73,54,0,54,127
10/22/2011,PAE,WA,ANM,WE,Towers with Radar,12,0,13,0,25,0,0,0,0,0,12,0,13,0,25,3,0,3,28
10/23/2011,PAE,WA,ANM,WE,Towers with Radar,8,0,91,0,99,0,3,130,1,134,8,3,221,1,233,231,0,231,464
10/24/2011,PAE,WA,ANM,WE,Towers with Radar,29,8,33,0,70,1,2,107,3,113,30,10,140,3,183,147,0,147,330
10/25/2011,PAE,WA,ANM,WE,Towers with Radar,10,8,81,2,101,0,4,137,0,141,10,12,218,2,242,244,3,247,489
10/26/2011,PAE,WA,ANM,WE,Towers with Radar,6,12,22,1,41,0,3,59,0,62,6,15,81,1,103,124,0,124,227
10/27/2011,PAE,WA,ANM,WE,Towers with Radar,19,17,55,0,91,0,13,195,1,209,19,30,250,1,300,256,0,256,556
10/28/2011,PAE,WA,ANM,WE,Towers with Radar,10,3,50,2,65,0,0,21,0,21,10,3,71,2,86,64,0,64,150
10/29/2011,PAE,WA,ANM,WE,Towers with Radar,3,1,81,0,85,0,5,193,0,198,3,6,274,0,283,264,0,264,547
10/30/2011,PAE,WA,ANM,WE,Towers with Radar,0,1,38,0,39,0,0,5,0,5,0,1,43,0,44,0,0,0,44
10/31/2011,PAE,WA,ANM,WE,Towers with Radar,22,1,17,0,40,0,9,97,0,106,22,10,114,0,146,107,4,111,257
11/01/2011,PAE,WA,ANM,WE,Towers with Radar,10,3,42,0,55,1,3,150,0,154,11,6,192,0,209,233,6,239,448
11/02/2011,PAE,WA,ANM,WE,Towers with Radar,23,6,39,0,68,0,5,87,0,92,23,11,126,0,160,91,0,91,251
11/03/2011,PAE,WA,ANM,WE,Towers with Radar,9,3,24,0,36,0,3,65,0,68,9,6,89,0,104,74,2,76,180
11/04/2011,PAE,WA,ANM,WE,Towers with Radar,2,7,37,0,46,0,0,96,0,96,2,7,133,0,142,99,2,101,243
11/05/2011,PAE,WA,ANM,WE,Towers with Radar,7,2,49,0,58,0,0,181,0,181,7,2,230,0,239,351,0,351,590
11/06/2011,PAE,WA,ANM,WE,Towers with Radar,13,4,93,0,110,0,0,195,0,195,13,4,288,0,305,134,0,134,439
11/07/2011,PAE,WA,ANM,WE,Towers with Radar,15,6,25,0,46,0,3,46,0,49,15,9,71,0,95,91,0,91,186
11/08/2011,PAE,WA,ANM,WE,Towers with Radar,15,2,25,0,42,0,4,128,2,134,15,6,153,2,176,203,0,203,379
11/09/2011,PAE,WA,ANM,WE,Towers with Radar,20,8,32,3,63,0,4,79,0,83,20,12,111,3,146,54,0,54,200
11/10/2011,PAE,WA,ANM,WE,Towers with Radar,13,8,38,2,61,0,1,253,0,254,13,9,291,2,315,246,2,248,563
11/11/2011,PAE,WA,ANM,WE,Towers with Radar,7,0,23,1,31,0,0,5,0,5,7,0,28,1,36,0,0,0,36
11/12/2011,PAE,WA,ANM,WE,Towers with Radar,3,3,56,1,63,0,4,23,1,28,3,7,79,2,91,16,0,16,107
11/13/2011,PAE,WA,ANM,WE,Towers with Radar,2,0,31,0,33,0,0,69,1,70,2,0,100,1,103,172,6,178,281
11/14/2011,PAE,WA,ANM,WE,Towers with Radar,7,1,29,0,37,7,4,66,0,77,14,5,95,0,114,60,0,60,174
11/15/2011,PAE,WA,ANM,WE,Towers with Radar,26,4,42,1,73,0,2,134,2,138,26,6,176,3,211,214,1,215,426
11/16/2011,PAE,WA,ANM,WE,Towers with Radar,26,10,9,0,45,0,2,27,0,29,26,12,36,0,74,10,0,10,84
11/17/2011,PAE,WA,ANM,WE,Towers with Radar,23,3,29,0,55,2,0,43,2,47,25,3,72,2,102,102,0,102,204
11/18/2011,PAE,WA,ANM,WE,Towers with Radar,23,4,22,0,49,0,0,38,0,38,23,4,60,0,87,108,0,108,195
11/19/2011,PAE,WA,ANM,WE,Towers with Radar,6,2,78,2,88,1,0,206,0,207,7,2,284,2,295,239,0,239,534
11/20/2011,PAE,WA,ANM,WE,Towers with Radar,3,0,54,0,57,0,0,185,0,185,3,0,239,0,242,250,0,250,492
11/21/2011,PAE,WA,ANM,WE,Towers with Radar,26,1,12,0,39,0,4,6,0,10,26,5,18,0,49,0,0,0,49
11/22/2011,PAE,WA,ANM,WE,Towers with Radar,14,5,43,1,63,0,4,108,2,114,14,9,151,3,177,174,2,176,353
11/23/2011,PAE,WA,ANM,WE,Towers with Radar,31,1,36,0,68,0,2,1,0,3,31,3,37,0,71,7,0,7,78
11/24/2011,PAE,WA,ANM,WE,Towers with Radar,0,0,2,0,2,0,0,6,0,6,0,0,8,0,8,16,0,16,24
11/25/2011,PAE,WA,ANM,WE,Towers with Radar,2,2,29,0,33,0,0,187,0,187,2,2,216,0,220,188,0,188,408
11/26/2011,PAE,WA,ANM,WE,Towers with Radar,0,6,40,0,46,0,1,71,0,72,0,7,111,0,118,151,0,151,269
11/27/2011,PAE,WA,ANM,WE,Towers with Radar,3,0,35,0,38,0,0,2,0,2,3,0,37,0,40,0,0,0,40
11/28/2011,PAE,WA,ANM,WE,Towers with Radar,14,2,21,0,37,0,2,93,0,95,14,4,114,0,132,112,1,113,245
11/29/2011,PAE,WA,ANM,WE,Towers with Radar,14,3,17,0,34,0,2,33,0,35,14,5,50,0,69,85,0,85,154
11/30/2011,PAE,WA,ANM,WE,Towers with Radar,4,2,31,1,38,0,2,68,1,71,4,4,99,2,109,136,2,138,247
12/01/2011,PAE,WA,ANM,WE,Towers with Radar,4,7,22,0,33,0,1,33,0,34,4,8,55,0,67,38,0,38,105
12/02/2011,PAE,WA,ANM,WE,Towers with Radar,11,2,28,2,43,2,3,110,2,117,13,5,138,4,160,125,0,125,285
12/03/2011,PAE,WA,ANM,WE,Towers with Radar,15,0,39,0,54,0,0,16,0,16,15,0,55,0,70,6,0,6,76
12/04/2011,PAE,WA,ANM,WE,Towers with Radar,3,2,42,0,47,1,0,212,0,213,4,2,254,0,260,181,0,181,441
12/05/2011,PAE,WA,ANM,WE,Towers with Radar,19,3,21,0,43,0,3,103,0,106,19,6,124,0,149,161,0,161,310
12/06/2011,PAE,WA,ANM,WE,Towers with Radar,10,4,52,4,70,0,0,16,0,16,10,4,68,4,86,47,0,47,133
12/07/2011,PAE,WA,ANM,WE,Towers with Radar,14,1,17,6,38,0,1,0,0,1,14,2,17,6,39,2,0,2,41
12/08/2011,PAE,WA,ANM,WE,Towers with Radar,12,11,24,2,49,0,2,53,0,55,12,13,77,2,104,118,0,118,222
12/09/2011,PAE,WA,ANM,WE,Towers with Radar,30,4,21,0,55,5,1,199,1,206,35,5,220,1,261,322,0,322,583
12/10/2011,PAE,WA,ANM,WE,Towers with Radar,16,1,22,0,39,0,0,48,0,48,16,1,70,0,87,148,0,148,235
12/11/2011,PAE,WA,ANM,WE,Towers with Radar,10,3,17,0,30,0,0,37,0,37,10,3,54,0,67,59,0,59,126
12/12/2011,PAE,WA,ANM,WE,Towers with Radar,7,1,17,0,25,0,0,122,0,122,7,1,139,0,147,130,0,130,277
12/13/2011,PAE,WA,ANM,WE,Towers with Radar,15,6,54,0,75,0,9,100,4,113,15,15,154,4,188,131,0,131,319
12/14/2011,PAE,WA,ANM,WE,Towers with Radar,6,0,39,2,47,0,4,74,1,79,6,4,113,3,126,123,0,123,249
12/15/2011,PAE,WA,ANM,WE,Towers with Radar,30,2,18,1,51,0,1,10,0,11,30,3,28,1,62,42,0,42,104
12/16/2011,PAE,WA,ANM,WE,Towers with Radar,31,4,51,1,87,0,0,72,1,73,31,4,123,2,160,94,0,94,254
12/17/2011,PAE,WA,ANM,WE,Towers with Radar,6,3,42,1,52,0,1,266,2,269,6,4,308,3,321,310,7,317,638
12/18/2011,PAE,WA,ANM,WE,Towers with Radar,1,0,25,0,26,0,0,13,0,13,1,0,38,0,39,5,0,5,44
12/19/2011,PAE,WA,ANM,WE,Towers with Radar,14,0,37,0,51,0,5,70,0,75,14,5,107,0,126,109,0,109,235
12/20/2011,PAE,WA,ANM,WE,Towers with Radar,13,2,44,2,61,0,0,1,0,1,13,2,45,2,62,4,0,4,66
12/21/2011,PAE,WA,ANM,WE,Towers with Radar,19,4,40,0,63,2,0,108,0,110,21,4,148,0,173,208,0,208,381
12/22/2011,PAE,WA,ANM,WE,Towers with Radar,5,3,50,0,58,0,0,203,0,203,5,3,253,0,261,246,0,246,507
12/23/2011,PAE,WA,ANM,WE,Towers with Radar,8,1,24,0,33,0,1,54,0,55,8,2,78,0,88,76,0,76,164
12/24/2011,PAE,WA,ANM,WE,Towers with Radar,1,4,10,0,15,0,0,34,0,34,1,4,44,0,49,34,0,34,83
12/25/2011,PAE,WA,ANM,WE,Towers with Radar,0,0,0,0,0,0,0,4,0,4,0,0,4,0,4,4,0,4,8
12/26/2011,PAE,WA,ANM,WE,Towers with Radar,6,4,16,0,26,0,0,58,0,58,6,4,74,0,84,82,0,82,166
12/27/2011,PAE,WA,ANM,WE,Towers with Radar,3,14,36,0,53,0,0,0,0,0,3,14,36,0,53,0,0,0,53
12/28/2011,PAE,WA,ANM,WE,Towers with Radar,3,4,13,0,20,0,0,3,0,3,3,4,16,0,23,0,0,0,23
12/29/2011,PAE,WA,ANM,WE,Towers with Radar,3,0,17,2,22,0,3,69,0,72,3,3,86,2,94,65,0,65,159
12/30/2011,PAE,WA,ANM,WE,Towers with Radar,11,0,22,0,33,0,1,31,0,32,11,1,53,0,65,16,0,16,81
12/31/2011,PAE,WA,ANM,WE,Towers with Radar,0,4,40,0,44,0,1,163,0,164,0,5,203,0,208,230,1,231,439
01/01/2012,PAE,WA,ANM,WE,Towers with Radar,1,2,11,1,15,0,0,106,7,113,1,2,117,8,128,110,3,113,241
01/02/2012,PAE,WA,ANM,WE,Towers with Radar,0,0,32,0,32,0,2,71,1,74,0,2,103,1,106,73,2,75,181
01/03/2012,PAE,WA,ANM,WE,Towers with Radar,4,0,48,0,52,0,5,55,0,60,4,5,103,0,112,53,0,53,165
01/04/2012,PAE,WA,ANM,WE,Towers with Radar,8,3,21,1,33,0,0,5,0,5,8,3,26,1,38,8,0,8,46
01/05/2012,PAE,WA,ANM,WE,Towers with Radar,18,0,21,3,42,0,0,44,3,47,18,0,65,6,89,40,0,40,129
01/06/2012,PAE,WA,ANM,WE,Towers with Radar,6,2,20,0,28,0,4,28,2,34,6,6,48,2,62,53,0,53,115
01/07/2012,PAE,WA,ANM,WE,Towers with Radar,13,0,13,0,26,0,0,23,0,23,13,0,36,0,49,90,0,90,139
01/08/2012,PAE,WA,ANM,WE,Towers with Radar,6,0,42,0,48,0,4,187,0,191,6,4,229,0,239,144,2,146,385
01/09/2012,PAE,WA,ANM,WE,Towers with Radar,24,6,34,2,66,0,0,15,0,15,24,6,49,2,81,32,2,34,115
01/10/2012,PAE,WA,ANM,WE,Towers with Radar,8,1,48,1,58,1,0,116,2,119,9,1,164,3,177,193,2,195,372
01/11/2012,PAE,WA,ANM,WE,Towers with Radar,13,0,42,5,60,0,2,120,5,127,13,2,162,10,187,171,4,175,362
01/12/2012,PAE,WA,ANM,WE,Towers with Radar,1,2,37,6,46,0,2,102,1,105,1,4,139,7,151,179,18,197,348
01/13/2012,PAE,WA,ANM,WE,Towers with Radar,43,2,34,2,81,0,9,109,5,123,43,11,143,7,204,237,4,241,445
01/14/2012,PAE,WA,ANM,WE,Towers with Radar,11,0,3,0,14,0,0,0,0,0,11,0,3,0,14,0,0,0,14
01/15/2012,PAE,WA,ANM,WE,Towers with Radar,2,0,6,0,8,0,0,0,0,0,2,0,6,0,8,0,0,0,8
01/16/2012,PAE,WA,ANM,WE,Towers with Radar,11,2,11,0,24,0,1,4,0,5,11,3,15,0,29,0,3,3,32
01/17/2012,PAE,WA,ANM,WE,Towers with Radar,0,4,3,0,7,0,1,1,0,2,0,5,4,0,9,0,0,0,9
01/18/2012,PAE,WA,ANM,WE,Towers with Radar,1,0,1,0,2,0,0,0,0,0,1,0,1,0,2,0,0,0,2
01/19/2012,PAE,WA,ANM,WE,Towers with Radar,0,0,1,0,1,0,0,0,0,0,0,0,1,0,1,0,0,0,1
01/20/2012,PAE,WA,ANM,WE,Towers with Radar,17,0,6,0,23,0,0,0,0,0,17,0,6,0,23,0,0,0,23
01/21/2012,PAE,WA,ANM,WE,Towers with Radar,36,0,11,0,47,0,0,6,0,6,36,0,17,0,53,44,0,44,97
01/22/2012,PAE,WA,ANM,WE,Towers with Radar,11,1,8,2,22,0,0,2,0,2,11,1,10,2,24,12,0,12,36
01/23/2012,PAE,WA,ANM,WE,Towers with Radar,20,5,23,0,48,0,9,126,1,136,20,14,149,1,184,202,0,202,386
01/24/2012,PAE,WA,ANM,WE,Towers with Radar,18,3,8,0,29,0,0,4,0,4,18,3,12,0,33,12,0,12,45
01/25/2012,PAE,WA,ANM,WE,Towers with Radar,12,2,18,4,36,0,3,26,0,29,12,5,44,4,65,10,0,10,75
01/26/2012,PAE,WA,ANM,WE,Towers with Radar,8,26,0,0,34,0,3,79,5,87,8,29,79,5,121,184,7,191,312
01/27/2012,PAE,WA,ANM,WE,Towers with Radar,13,1,66,0,80,0,1,173,0,174,13,2,239,0,254,260,6,266,520
01/28/2012,PAE,WA,ANM,WE,Towers with Radar,24,3,40,4,71,0,2,184,0,186,24,5,224,4,257,166,0,166,423
01/29/2012,PAE,WA,ANM,WE,Towers with Radar,11,0,26,0,37,0,0,4,0,4,11,0,30,0,41,0,0,0,41
01/30/2012,PAE,WA,ANM,WE,Towers with Radar,4,6,31,0,41,0,4,37,4,45,4,10,68,4,86,121,0,121,207
01/31/2012,PAE,WA,ANM,WE,Towers with Radar,10,5,26,3,44,0,2,55,4,61,10,7,81,7,105,143,0,143,248
02/01/2012,PAE,WA,ANM,WE,Towers with Radar,10,0,25,2,37,0,2,66,0,68,10,2,91,2,105,134,0,134,239
02/02/2012,PAE,WA,ANM,WE,Towers with Radar,14,1,43,0,58,3,2,150,0,155,17,3,193,0,213,303,0,303,516
02/03/2012,PAE,WA,ANM,WE,Towers with Radar,20,3,70,0,93,0,4,205,0,209,20,7,275,0,302,317,0,317,619
02/04/2012,PAE,WA,ANM,WE,Towers with Radar,6,2,54,0,62,0,0,321,2,323,6,2,375,2,385,280,0,280,665
02/05/2012,PAE,WA,ANM,WE,Towers with Radar,3,8,37,0,48,0,1,211,6,218,3,9,248,6,266,160,4,164,430
02/06/2012,PAE,WA,ANM,WE,Towers with Radar,21,0,16,2,39,1,4,135,0,140,22,4,151,2,179,229,0,229,408
02/07/2012,PAE,WA,ANM,WE,Towers with Radar,17,4,33,5,59,0,1,134,0,135,17,5,167,5,194,176,0,176,370
02/08/2012,PAE,WA,ANM,WE,Towers with Radar,21,13,36,4,74,0,6,45,0,51,21,19,81,4,125,130,0,130,255
02/09/2012,PAE,WA,ANM,WE,Towers with Radar,8,6,23,7,44,0,2,38,1,41,8,8,61,8,85,116,0,116,201
02/10/2012,PAE,WA,ANM,WE,Towers with Radar,19,1,35,1,56,4,1,38,0,43,23,2,73,1,99,107,0,107,206
02/11/2012,PAE,WA,ANM,WE,Towers with Radar,5,0,38,2,45,0,2,85,0,87,5,2,123,2,132,191,0,191,323
02/12/2012,PAE,WA,ANM,WE,Towers with Radar,13,0,52,0,65,1,0,61,0,62,14,0,113,0,127,114,0,114,241
02/13/2012,PAE,WA,ANM,WE,Towers with Radar,25,3,24,2,54,0,1,17,1,19,25,4,41,3,73,3,2,5,78
02/14/2012,PAE,WA,ANM,WE,Towers with Radar,32,3,17,2,54,0,3,30,0,33,32,6,47,2,87,78,0,78,165
02/15/2012,PAE,WA,ANM,WE,Towers with Radar,11,2,37,1,51,0,4,193,5,202,11,6,230,6,253,241,17,258,511
02/16/2012,PAE,WA,ANM,WE,Towers with Radar,12,10,33,14,69,0,2,38,0,40,12,12,71,14,109,73,0,73,182
02/17/2012,PAE,WA,ANM,WE,Towers with Radar,15,7,24,8,54,0,1,1,11,13,15,8,25,19,67,0,0,0,67
02/18/2012,PAE,WA,ANM,WE,Towers with Radar,10,0,7,0,17,0,0,2,6,8,10,0,9,6,25,0,0,0,25
02/19/2012,PAE,WA,ANM,WE,Towers with Radar,9,0,29,0,38,0,0,87,0,87,9,0,116,0,125,135,0,135,260
02/20/2012,PAE,WA,ANM,WE,Towers with Radar,26,2,24,0,52,0,2,41,0,43,26,4,65,0,95,122,0,122,217
02/21/2012,PAE,WA,ANM,WE,Towers with Radar,13,7,15,2,37,0,3,10,0,13,13,10,25,2,50,4,0,4,54
02/22/2012,PAE,WA,ANM,WE,Towers with Radar,31,0,27,4,62,3,2,57,2,64,34,2,84,6,126,77,3,80,206
02/23/2012,PAE,WA,ANM,WE,Towers with Radar,8,2,44,1,55,1,4,168,4,177,9,6,212,5,232,346,2,348,580
02/24/2012,PAE,WA,ANM,WE,Towers with Radar,7,4,16,3,30,0,1,23,4,28,7,5,39,7,58,72,0,72,130
02/25/2012,PAE,WA,ANM,WE,Towers with Radar,2,0,25,1,28,0,0,12,0,12,2,0,37,1,40,87,0,87,127
02/26/2012,PAE,WA,ANM,WE,Towers with Radar,6,2,37,0,45,0,0,97,0,97,6,2,134,0,142,216,3,219,361
02/27/2012,PAE,WA,ANM,WE,Towers with Radar,14,1,22,12,49,12,3,237,0,252,26,4,259,12,301,316,0,316,617
02/28/2012,PAE,WA,ANM,WE,Towers with Radar,7,2,33,0,42,0,0,56,0,56,7,2,89,0,98,127,0,127,225
02/29/2012,PAE,WA,ANM,WE,Towers with Radar,5,2,8,3,18,0,0,3,0,3,5,2,11,3,21,0,0,0,21
03/01/2012,PAE,WA,ANM,WE,Towers with Radar,12,5,11,0,28,0,2,15,0,17,12,7,26,0,45,12,2,14,59
03/02/2012,PAE,WA,ANM,WE,Towers with Radar,11,7,15,2,35,0,0,17,0,17,11,7,32,2,52,104,0,104,156
03/03/2012,PAE,WA,ANM,WE,Towers with Radar,6,0,28,4,38,0,0,56,0,56,6,0,84,4,94,76,0,76,170
03/04/2012,PAE,WA,ANM,WE,Towers with Radar,7,0,34,0,41,0,0,96,0,96,7,0,130,0,137,250,0,250,387
03/05/2012,PAE,WA,ANM,WE,Towers with Radar,11,1,8,0,20,0,3,18,1,22,11,4,26,1,42,48,2,50,92
03/06/2012,PAE,WA,ANM,WE,Towers with Radar,17,0,65,0,82,0,0,157,3,160,17,0,222,3,242,234,1,235,477
03/07/2012,PAE,WA,ANM,WE,Towers with Radar,8,0,34,7,49,0,2,188,5,195,8,2,222,12,244,303,6,309,553
03/08/2012,PAE,WA,ANM,WE,Towers with Radar,19,4,37,13,73,0,2,219,1,222,19,6,256,14,295,282,1,283,578
03/09/2012,PAE,WA,ANM,WE,Towers with Radar,8,3,27,0,38,0,4,38,0,42,8,7,65,0,80,75,0,75,155
03/10/2012,PAE,WA,ANM,WE,Towers with Radar,10,0,32,0,42,0,0,20,0,20,10,0,52,0,62,30,0,30,92
03/11/2012,PAE,WA,ANM,WE,Towers with Radar,12,0,24,0,36,0,0,45,0,45,12,0,69,0,81,36,0,36,117
03/12/2012,PAE,WA,ANM,WE,Towers with Radar,22,4,4,0,30,0,0,1,0,1,22,4,5,0,31,0,0,0,31
03/13/2012,PAE,WA,ANM,WE,Towers with Radar,9,0,9,0,18,0,1,12,0,13,9,1,21,0,31,6,0,6,37
03/14/2012,PAE,WA,ANM,WE,Towers with Radar,21,4,3,0,28,0,0,1,0,1,21,4,4,0,29,0,0,0,29
03/15/2012,PAE,WA,ANM,WE,Towers with Radar,2,1,10,0,13,0,1,9,0,10,2,2,19,0,23,0,0,0,23
03/16/2012,PAE,WA,ANM,WE,Towers with Radar,27,1,30,0,58,0,1,67,0,68,27,2,97,0,126,92,0,92,218
03/17/2012,PAE,WA,ANM,WE,Towers with Radar,17,0,21,0,38,0,0,38,0,38,17,0,59,0,76,102,0,102,178
03/18/2012,PAE,WA,ANM,WE,Towers with Radar,4,0,16,0,20,0,0,23,0,23,4,0,39,0,43,27,0,27,70
03/19/2012,PAE,WA,ANM,WE,Towers with Radar,13,1,29,1,44,0,4,145,2,151,13,5,174,3,195,250,2,252,447
03/20/2012,PAE,WA,ANM,WE,Towers with Radar,32,2,13,0,47,6,2,16,0,24,38,4,29,0,71,2,0,2,73
03/21/2012,PAE,WA,ANM,WE,Towers with Radar,10,0,24,0,34,0,2,132,0,134,10,2,156,0,168,296,0,296,464
03/22/2012,PAE,WA,ANM,WE,Towers with Radar,20,5,24,3,52,0,4,67,4,75,20,9,91,7,127,155,0,155,282
03/23/2012,PAE,WA,ANM,WE,Towers with Radar,14,5,42,0,61,7,0,269,2,278,21,5,311,2,339,366,1,367,706
03/24/2012,PAE,WA,ANM,WE,Towers with Radar,5,0,57,2,64,0,0,372,0,372,5,0,429,2,436,305,0,305,741
03/25/2012,PAE,WA,ANM,WE,Towers with Radar,9,1,51,1,62,0,1,204,1,206,9,2,255,2,268,209,0,209,477
03/26/2012,PAE,WA,ANM,WE,Towers with Radar,10,2,24,0,36,0,1,58,0,59,10,3,82,0,95,93,0,93,188
03/27/2012,PAE,WA,ANM,WE,Towers with Radar,20,1,48,0,69,0,2,62,0,64,20,3,110,0,133,115,0,115,248
03/28/2012,PAE,WA,ANM,WE,Towers with Radar,35,1,29,0,65,0,3,17,4,24,35,4,46,4,89,12,0,12,101
03/29/2012,PAE,WA,ANM,WE,Towers with Radar,12,2,20,4,38,0,1,1,0,2,12,3,21,4,40,0,0,0,40
03/30/2012,PAE,WA,ANM,WE,Towers with Radar,17,3,25,0,45,0,0,14,0,14,17,3,39,0,59,15,0,15,74
03/31/2012,PAE,WA,ANM,WE,Towers with Radar,4,3,20,1,28,0,0,22,0,22,4,3,42,1,50,25,0,25,75
04/01/2012,PAE,WA,ANM,WE,Towers with Radar,11,0,34,12,57,0,0,71,1,72,11,0,105,13,129,153,19,172,301
04/02/2012,PAE,WA,ANM,WE,Towers with Radar,9,0,25,0,34,0,3,107,0,110,9,3,132,0,144,213,0,213,357
04/03/2012,PAE,WA,ANM,WE,Towers with Radar,19,6,30,0,55,0,1,21,0,22,19,7,51,0,77,22,0,22,99
04/04/2012,PAE,WA,ANM,WE,Towers with Radar,4,0,28,0,32,0,3,75,4,82,4,3,103,4,114,267,0,267,381
04/05/2012,PAE,WA,ANM,WE,Towers with Radar,5,0,43,4,52,0,2,77,1,80,5,2,120,5,132,98,0,98,230
04/06/2012,PAE,WA,ANM,WE,Towers with Radar,23,3,48,2,76,0,5,99,1,105,23,8,147,3,181,210,0,210,391
04/07/2012,PAE,WA,ANM,WE,Towers with Radar,10,0,38,1,49,0,1,311,1,313,10,1,349,2,362,277,0,277,639
04/08/2012,PAE,WA,ANM,WE,Towers with Radar,8,0,38,1,47,0,0,137,0,137,8,0,175,1,184,207,0,207,391
04/09/2012,PAE,WA,ANM,WE,Towers with Radar,14,2,48,2,66,0,6,148,0,154,14,8,196,2,220,182,0,182,402
04/10/2012,PAE,WA,ANM,WE,Towers with Radar,18,0,36,0,54,1,3,117,0,121,19,3,153,0,175,91,0,91,266
04/11/2012,PAE,WA,ANM,WE,Towers with Radar,14,2,48,2,66,0,6,148,0,154,14,8,196,2,220,182,0,182,402
04/12/2012,PAE,WA,ANM,WE,Towers with Radar,5,8,28,3,44,0,1,96,7,104,5,9,124,10,148,160,2,162,310
04/13/2012,PAE,WA,ANM,WE,Towers with Radar,14,2,32,1,49,0,2,149,4,155,14,4,181,5,204,112,0,112,316
04/14/2012,PAE,WA,ANM,WE,Towers with Radar,10,2,25,0,37,0,0,268,4,272,10,2,293,4,309,298,0,298,607
04/15/2012,PAE,WA,ANM,WE,Towers with Radar,6,2,35,1,44,0,0,226,1,227,6,2,261,2,271,308,0,308,579
04/16/2012,PAE,WA,ANM,WE,Towers with Radar,28,5,24,3,60,0,1,21,0,22,28,6,45,3,82,0,0,0,82
04/17/2012,PAE,WA,ANM,WE,Towers with Radar,15,9,41,8,73,0,1,75,0,76,15,10,116,8,149,89,1,90,239
04/18/2012,PAE,WA,ANM,WE,Towers with Radar,15,2,53,0,70,0,4,60,1,65,15,6,113,1,135,49,0,49,184
04/19/2012,PAE,WA,ANM,WE,Towers with Radar,8,13,38,0,59,0,6,75,1,82,8,19,113,1,141,81,0,81,222
04/20/2012,PAE,WA,ANM,WE,Towers with Radar,11,5,27,2,45,0,1,56,2,59,11,6,83,4,104,152,0,152,256
04/21/2012,PAE,WA,ANM,WE,Towers with Radar,16,7,52,0,75,0,2,307,0,309,16,9,359,0,384,385,0,385,769
04/22/2012,PAE,WA,ANM,WE,Towers with Radar,10,4,40,0,54,0,4,265,0,269,10,8,305,0,323,286,0,286,609
04/23/2012,PAE,WA,ANM,WE,Towers with Radar,10,0,45,0,55,0,5,148,1,154,10,5,193,1,209,163,0,163,372
04/24/2012,PAE,WA,ANM,WE,Towers with Radar,13,2,29,4,48,0,0,3,0,3,13,2,32,4,51,83,0,83,134
04/25/2012,PAE,WA,ANM,WE,Towers with Radar,9,7,28,1,45,0,4,26,0,30,9,11,54,1,75,61,0,61,136
04/26/2012,PAE,WA,ANM,WE,Towers with Radar,17,5,17,2,41,1,12,31,2,46,18,17,48,4,87,32,0,32,119
04/27/2012,PAE,WA,ANM,WE,Towers with Radar,20,6,35,1,62,0,3,95,0,98,20,9,130,1,160,155,0,155,315
04/28/2012,PAE,WA,ANM,WE,Towers with Radar,8,0,29,0,37,0,0,230,2,232,8,0,259,2,269,352,0,352,621
04/29/2012,PAE,WA,ANM,WE,Towers with Radar,7,1,55,0,63,0,1,80,0,81,7,2,135,0,144,131,0,131,275
04/30/2012,PAE,WA,ANM,WE,Towers with Radar,20,1,17,4,42,0,1,4,0,5,20,2,21,4,47,0,0,0,47
05/01/2012,PAE,WA,ANM,WE,Towers with Radar,3,2,18,0,23,0,0,53,1,54,3,2,71,1,77,114,0,114,191
05/02/2012,PAE,WA,ANM,WE,Towers with Radar,9,3,27,0,39,0,1,102,2,105,9,4,129,2,144,179,4,183,327
05/03/2012,PAE,WA,ANM,WE,Towers with Radar,8,2,39,0,49,0,1,19,2,22,8,3,58,2,71,8,0,8,79
05/04/2012,PAE,WA,ANM,WE,Towers with Radar,9,2,24,0,35,0,1,49,0,50,9,3,73,0,85,72,0,72,157
05/05/2012,PAE,WA,ANM,WE,Towers with Radar,4,1,34,0,39,0,3,169,0,172,4,4,203,0,211,203,0,203,414
05/06/2012,PAE,WA,ANM,WE,Towers with Radar,6,1,22,0,29,0,2,208,0,210,6,3,230,0,239,190,0,190,429
05/07/2012,PAE,WA,ANM,WE,Towers with Radar,12,0,34,2,48,0,3,219,2,224,12,3,253,4,272,280,0,280,552
05/08/2012,PAE,WA,ANM,WE,Towers with Radar,9,0,18,9,36,0,5,98,1,104,9,5,116,10,140,162,0,162,302
05/09/2012,PAE,WA,ANM,WE,Towers with Radar,14,1,23,1,39,0,1,108,0,109,14,2,131,1,148,138,0,138,286
05/10/2012,PAE,WA,ANM,WE,Towers with Radar,21,5,38,1,65,0,12,61,2,75,21,17,99,3,140,122,0,122,262
05/11/2012,PAE,WA,ANM,WE,Towers with Radar,7,0,59,0,66,0,4,244,0,248,7,4,303,0,314,289,0,289,603
05/12/2012,PAE,WA,ANM,WE,Towers with Radar,2,2,28,0,32,0,1,263,1,265,2,3,291,1,297,230,2,232,529
05/13/2012,PAE,WA,ANM,WE,Towers with Radar,9,1,27,0,37,1,0,188,0,189,10,1,215,0,226,310,0,310,536
05/14/2012,PAE,WA,ANM,WE,Towers with Radar,15,3,24,0,42,1,5,138,2,146,16,8,162,2,188,226,0,226,414
05/15/2012,PAE,WA,ANM,WE,Towers with Radar,21,2,29,0,52,1,5,147,4,157,22,7,176,4,209,255,0,255,464
05/16/2012,PAE,WA,ANM,WE,Towers with Radar,16,2,36,2,56,1,3,145,1,150,17,5,181,3,206,280,0,280,486
05/17/2012,PAE,WA,ANM,WE,Towers with Radar,22,3,31,7,63,4,4,125,12,145,26,7,156,19,208,225,0,225,433
05/18/2012,PAE,WA,ANM,WE,Towers with Radar,16,3,25,0,44,0,5,110,0,115,16,8,135,0,159,186,0,186,345
05/19/2012,PAE,WA,ANM,WE,Towers with Radar,7,0,19,1,27,0,4,565,4,573,7,4,584,5,600,278,0,278,878
05/20/2012,PAE,WA,ANM,WE,Towers with Radar,16,0,45,0,61,0,2,60,0,62,16,2,105,0,123,65,0,65,188
05/21/2012,PAE,WA,ANM,WE,Towers with Radar,25,3,31,0,59,0,0,9,0,9,25,3,40,0,68,0,0,0,68
05/22/2012,PAE,WA,ANM,WE,Towers with Radar,24,2,22,0,48,0,0,44,0,44,24,2,66,0,92,93,0,93,185
05/23/2012,PAE,WA,ANM,WE,Towers with Radar,19,2,37,10,68,0,2,12,0,14,19,4,49,10,82,16,0,16,98
05/24/2012,PAE,WA,ANM,WE,Towers with Radar,18,4,43,1,66,4,5,102,4,115,22,9,145,5,181,188,4,192,373
05/25/2012,PAE,WA,ANM,WE,Towers with Radar,19,3,20,0,42,0,1,216,0,217,19,4,236,0,259,214,0,214,473
05/26/2012,PAE,WA,ANM,WE,Towers with Radar,6,0,19,0,25,0,1,306,2,309,6,1,325,2,334,206,0,206,540
05/27/2012,PAE,WA,ANM,WE,Towers with Radar,1,0,27,0,28,0,0,91,1,92,1,0,118,1,120,148,8,156,276
05/28/2012,PAE,WA,ANM,WE,Towers with Radar,0,0,46,1,47,0,0,121,1,122,0,0,167,2,169,160,0,160,329
05/29/2012,PAE,WA,ANM,WE,Towers with Radar,8,2,47,0,57,0,1,115,0,116,8,3,162,0,173,279,0,279,452
05/30/2012,PAE,WA,ANM,WE,Towers with Radar,14,1,35,4,54,0,1,137,1,139,14,2,172,5,193,291,0,291,484
05/31/2012,PAE,WA,ANM,WE,Towers with Radar,22,7,54,2,85,0,0,24,0,24,22,7,78,2,109,18,0,18,127
06/01/2012,PAE,WA,ANM,WE,Towers with Radar,0,3,30,0,33,0,1,33,0,34,0,4,63,0,67,82,0,82,149
06/02/2012,PAE,WA,ANM,WE,Towers with Radar,0,0,37,2,39,0,0,72,0,72,0,0,109,2,111,112,0,112,223
06/03/2012,PAE,WA,ANM,WE,Towers with Radar,0,0,7,1,8,0,0,187,1,188,0,0,194,2,196,183,0,183,379
06/04/2012,PAE,WA,ANM,WE,Towers with Radar,26,5,23,0,54,0,2,19,0,21,26,7,42,0,75,95,0,95,170
06/05/2012,PAE,WA,ANM,WE,Towers with Radar,12,5,25,4,46,0,4,19,0,23,12,9,44,4,69,47,0,47,116
06/06/2012,PAE,WA,ANM,WE,Towers with Radar,25,4,45,5,79,0,2,156,7,165,25,6,201,12,244,389,16,405,649
06/07/2012,PAE,WA,ANM,WE,Towers with Radar,16,3,23,8,50,0,2,36,0,38,16,5,59,8,88,26,0,26,114
06/08/2012,PAE,WA,ANM,WE,Towers with Radar,14,1,35,8,58,3,0,79,1,83,17,1,114,9,141,161,0,161,302
06/09/2012,PAE,WA,ANM,WE,Towers with Radar,5,0,24,4,33,2,0,143,1,146,7,0,167,5,179,216,0,216,395
06/10/2012,PAE,WA,ANM,WE,Towers with Radar,5,1,31,0,37,0,0,181,7,188,5,1,212,7,225,198,0,198,423
06/11/2012,PAE,WA,ANM,WE,Towers with Radar,12,0,24,4,40,0,2,185,1,188,12,2,209,5,228,273,0,273,501
06/12/2012,PAE,WA,ANM,WE,Towers with Radar,16,2,36,1,55,0,3,73,1,77,16,5,109,2,132,135,0,135,267
06/13/2012,PAE,WA,ANM,WE,Towers with Radar,20,7,42,0,69,0,2,51,2,55,20,9,93,2,124,170,0,170,294
06/14/2012,PAE,WA,ANM,WE,Towers with Radar,10,2,37,0,49,0,4,98,5,107,10,6,135,5,156,141,0,141,297
06/15/2012,PAE,WA,ANM,WE,Towers with Radar,12,8,40,2,62,0,2,264,0,266,12,10,304,2,328,230,0,230,558
06/16/2012,PAE,WA,ANM,WE,Towers with Radar,10,0,48,0,58,0,0,72,0,72,10,0,120,0,130,100,0,100,230
06/17/2012,PAE,WA,ANM,WE,Towers with Radar,6,2,36,1,45,0,0,21,0,21,6,2,57,1,66,8,0,8,74
06/18/2012,PAE,WA,ANM,WE,Towers with Radar,10,0,42,0,52,0,3,64,0,67,10,3,106,0,119,73,0,73,192
06/19/2012,PAE,WA,ANM,WE,Towers with Radar,24,0,34,0,58,1,2,59,0,62,25,2,93,0,120,53,0,53,173
06/20/2012,PAE,WA,ANM,WE,Towers with Radar,22,0,29,2,53,0,5,240,5,250,22,5,269,7,303,312,1,313,616
06/21/2012,PAE,WA,ANM,WE,Towers with Radar,23,1,53,2,79,0,1,264,4,269,23,2,317,6,348,280,0,280,628
06/22/2012,PAE,WA,ANM,WE,Towers with Radar,13,7,52,6,78,0,1,23,0,24,13,8,75,6,102,21,24,45,147
06/23/2012,PAE,WA,ANM,WE,Towers with Radar,7,0,41,0,48,0,0,14,0,14,7,0,55,0,62,10,0,10,72
06/24/2012,PAE,WA,ANM,WE,Towers with Radar,9,0,39,2,50,0,0,178,0,178,9,0,217,2,228,284,0,284,512
06/25/2012,PAE,WA,ANM,WE,Towers with Radar,30,2,43,0,75,0,3,152,2,157,30,5,195,2,232,170,0,170,402
06/26/2012,PAE,WA,ANM,WE,Towers with Radar,17,1,42,0,60,0,3,38,0,41,17,4,80,0,101,57,0,57,158
06/27/2012,PAE,WA,ANM,WE,Towers with Radar,16,1,34,2,53,3,1,209,3,216,19,2,243,5,269,357,0,357,626
06/28/2012,PAE,WA,ANM,WE,Towers with Radar,26,0,52,0,78,0,3,160,0,163,26,3,212,0,241,176,0,176,417
06/29/2012,PAE,WA,ANM,WE,Towers with Radar,14,6,43,0,63,0,1,67,2,70,14,7,110,2,133,135,0,135,268
06/30/2012,PAE,WA,ANM,WE,Towers with Radar,3,1,51,1,56,0,0,29,0,29,3,1,80,1,85,53,0,53,138
07/01/2012,PAE,WA,ANM,WE,Towers with Radar,3,1,44,0,48,0,0,77,0,77,3,1,121,0,125,146,6,152,277
07/02/2012,PAE,WA,ANM,WE,Towers with Radar,23,1,33,1,58,0,3,100,0,103,23,4,133,1,161,190,0,190,351
07/03/2012,PAE,WA,ANM,WE,Towers with Radar,12,2,39,0,53,0,4,63,0,67,12,6,102,0,120,112,0,112,232
07/04/2012,PAE,WA,ANM,WE,Towers with Radar,0,0,18,0,18,0,0,156,1,157,0,0,174,1,175,113,0,113,288
07/05/2012,PAE,WA,ANM,WE,Towers with Radar,0,4,16,0,20,0,6,186,0,192,0,10,202,0,212,180,0,180,392
07/06/2012,PAE,WA,ANM,WE,Towers with Radar,0,0,27,0,27,0,2,256,0,258,0,2,283,0,285,241,0,241,526
07/07/2012,PAE,WA,ANM,WE,Towers with Radar,0,0,22,0,22,0,0,219,0,219,0,0,241,0,241,259,0,259,500
07/08/2012,PAE,WA,ANM,WE,Towers with Radar,0,2,24,0,26,0,0,240,0,240,0,2,264,0,266,105,0,105,371
07/09/2012,PAE,WA,ANM,WE,Towers with Radar,17,7,21,0,45,0,3,136,0,139,17,10,157,0,184,244,0,244,428
07/10/2012,PAE,WA,ANM,WE,Towers with Radar,10,1,46,0,57,0,1,96,0,97,10,2,142,0,154,185,0,185,339
07/11/2012,PAE,WA,ANM,WE,Towers with Radar,8,0,37,0,45,0,2,159,0,161,8,2,196,0,206,253,0,253,459
07/12/2012,PAE,WA,ANM,WE,Towers with Radar,9,1,15,2,27,4,2,176,0,182,13,3,191,2,209,141,0,141,350
07/13/2012,PAE,WA,ANM,WE,Towers with Radar,4,3,32,0,39,0,2,96,0,98,4,5,128,0,137,96,0,96,233
07/14/2012,PAE,WA,ANM,WE,Towers with Radar,9,0,39,0,48,1,0,129,2,132,10,0,168,2,180,116,0,116,296
07/15/2012,PAE,WA,ANM,WE,Towers with Radar,2,0,51,0,53,0,3,64,0,67,2,3,115,0,120,75,0,75,195
07/16/2012,PAE,WA,ANM,WE,Towers with Radar,15,2,16,0,33,1,3,123,2,129,16,5,139,2,162,246,0,246,408
07/17/2012,PAE,WA,ANM,WE,Towers with Radar,12,1,19,2,34,0,2,189,13,204,12,3,208,15,238,260,19,279,517
07/18/2012,PAE,WA,ANM,WE,Towers with Radar,22,1,41,2,66,0,1,85,3,89,22,2,126,5,155,201,0,201,356
07/19/2012,PAE,WA,ANM,WE,Towers with Radar,12,3,55,2,72,0,3,187,2,192,12,6,242,4,264,190,0,190,454
07/20/2012,PAE,WA,ANM,WE,Towers with Radar,8,5,32,0,45,0,1,41,0,42,8,6,73,0,87,50,0,50,137
07/21/2012,PAE,WA,ANM,WE,Towers with Radar,8,0,58,0,66,0,2,529,0,531,8,2,587,0,597,278,0,278,875
07/22/2012,PAE,WA,ANM,WE,Towers with Radar,7,0,27,0,34,0,0,126,2,128,7,0,153,2,162,136,0,136,298
07/23/2012,PAE,WA,ANM,WE,Towers with Radar,8,6,21,2,37,0,6,93,1,100,8,12,114,3,137,161,0,161,298
07/24/2012,PAE,WA,ANM,WE,Towers with Radar,6,28,45,0,79,5,13,91,2,111,11,41,136,2,190,109,0,109,299
07/25/2012,PAE,WA,ANM,WE,Towers with Radar,11,6,43,1,61,2,2,159,0,163,13,8,202,1,224,266,0,266,490
07/26/2012,PAE,WA,ANM,WE,Towers with Radar,3,3,30,0,36,0,2,207,2,211,3,5,237,2,247,249,0,249,496
07/27/2012,PAE,WA,ANM,WE,Towers with Radar,11,5,75,0,91,0,1,64,2,67,11,6,139,2,158,146,0,146,304
07/28/2012,PAE,WA,ANM,WE,Towers with Radar,5,0,27,0,32,0,1,167,0,168,5,1,194,0,200,201,1,202,402
07/29/2012,PAE,WA,ANM,WE,Towers with Radar,2,0,25,0,27,0,0,190,0,190,2,0,215,0,217,112,0,112,329
07/30/2012,PAE,WA,ANM,WE,Towers with Radar,8,1,65,0,74,0,3,89,0,92,8,4,154,0,166,185,0,185,351
07/31/2012,PAE,WA,ANM,WE,Towers with Radar,23,0,23,0,46,2,4,132,2,140,25,4,155,2,186,367,0,367,553
08/01/2012,PAE,WA,ANM,WE,Towers with Radar,14,1,34,0,49,0,0,182,0,182,14,1,216,0,231,203,8,211,442
08/02/2012,PAE,WA,ANM,WE,Towers with Radar,12,0,28,0,40,0,1,149,1,151,12,1,177,1,191,200,0,200,391
08/03/2012,PAE,WA,ANM,WE,Towers with Radar,0,1,29,0,30,0,1,207,2,210,0,2,236,2,240,126,0,126,366
08/04/2012,PAE,WA,ANM,WE,Towers with Radar,0,0,22,0,22,0,0,225,3,228,0,0,247,3,250,137,0,137,387
08/05/2012,PAE,WA,ANM,WE,Towers with Radar,0,0,10,0,10,0,0,224,0,224,0,0,234,0,234,177,0,177,411
08/06/2012,PAE,WA,ANM,WE,Towers with Radar,12,2,38,3,55,0,3,183,4,190,12,5,221,7,245,212,0,212,457
08/07/2012,PAE,WA,ANM,WE,Towers with Radar,7,3,33,11,54,0,0,21,4,25,7,3,54,15,79,68,0,68,147
08/08/2012,PAE,WA,ANM,WE,Towers with Radar,13,0,43,0,56,0,2,136,1,139,13,2,179,1,195,240,0,240,435
08/09/2012,PAE,WA,ANM,WE,Towers with Radar,2,0,47,0,49,0,2,163,0,165,2,2,210,0,214,276,0,276,490
08/10/2012,PAE,WA,ANM,WE,Towers with Radar,11,1,37,3,52,5,3,225,2,235,16,4,262,5,287,296,2,298,585
08/11/2012,PAE,WA,ANM,WE,Towers with Radar,7,4,7,16,34,1,1,227,4,233,8,5,234,20,267,332,0,332,599
08/12/2012,PAE,WA,ANM,WE,Towers with Radar,4,1,22,3,30,5,0,244,3,252,9,1,266,6,282,277,0,277,559
08/13/2012,PAE,WA,ANM,WE,Towers with Radar,21,0,10,0,31,1,4,140,3,148,22,4,150,3,179,251,0,251,430
08/14/2012,PAE,WA,ANM,WE,Towers with Radar,13,0,17,0,30,1,3,100,0,104,14,3,117,0,134,222,0,222,356
08/15/2012,PAE,WA,ANM,WE,Towers with Radar,4,1,23,0,28,2,2,196,0,200,6,3,219,0,228,176,0,176,404
08/16/2012,PAE,WA,ANM,WE,Towers with Radar,13,0,14,1,28,2,6,161,2,171,15,6,175,3,199,170,0,170,369
08/17/2012,PAE,WA,ANM,WE,Towers with Radar,7,1,27,0,35,0,2,179,0,181,7,3,206,0,216,180,0,180,396
08/18/2012,PAE,WA,ANM,WE,Towers with Radar,13,2,40,1,56,0,0,99,0,99,13,2,139,1,155,103,0,103,258
08/19/2012,PAE,WA,ANM,WE,Towers with Radar,5,0,38,2,45,0,0,146,0,146,5,0,184,2,191,273,0,273,464
08/20/2012,PAE,WA,ANM,WE,Towers with Radar,6,2,23,3,34,0,14,157,7,178,6,16,180,10,212,189,0,189,401
08/21/2012,PAE,WA,ANM,WE,Towers with Radar,11,0,15,0,26,2,1,102,1,106,13,1,117,1,132,183,5,188,320
08/22/2012,PAE,WA,ANM,WE,Towers with Radar,6,4,25,0,35,0,1,103,0,104,6,5,128,0,139,239,0,239,378
08/23/2012,PAE,WA,ANM,WE,Towers with Radar,17,3,21,0,41,2,0,132,1,135,19,3,153,1,176,247,0,247,423
08/24/2012,PAE,WA,ANM,WE,Towers with Radar,20,1,37,0,58,1,0,195,2,198,21,1,232,2,256,178,2,180,436
08/25/2012,PAE,WA,ANM,WE,Towers with Radar,6,0,25,0,31,0,0,262,0,262,6,0,287,0,293,279,0,279,572
08/26/2012,PAE,WA,ANM,WE,Towers with Radar,6,0,47,0,53,0,0,183,4,187,6,0,230,4,240,219,0,219,459
08/27/2012,PAE,WA,ANM,WE,Towers with Radar,19,0,10,4,33,0,5,119,0,124,19,5,129,4,157,124,0,124,281
08/28/2012,PAE,WA,ANM,WE,Towers with Radar,13,0,13,2,28,0,3,130,2,135,13,3,143,4,163,263,0,263,426
08/29/2012,PAE,WA,ANM,WE,Towers with Radar,14,0,32,4,50,0,4,88,0,92,14,4,120,4,142,152,0,152,294
08/30/2012,PAE,WA,ANM,WE,Towers with Radar,10,0,21,0,31,0,5,192,0,197,10,5,213,0,228,219,0,219,447
08/31/2012,PAE,WA,ANM,WE,Towers with Radar,16,0,21,0,37,0,4,207,1,212,16,4,228,1,249,228,0,228,477
09/01/2012,PAE,WA,ANM,WE,Towers with Radar,1,3,9,0,13,0,0,309,0,309,1,3,318,0,322,276,0,276,598
09/02/2012,PAE,WA,ANM,WE,Towers with Radar,0,0,7,0,7,0,0,193,0,193,0,0,200,0,200,158,0,158,358
09/03/2012,PAE,WA,ANM,WE,Towers with Radar,6,0,12,0,18,0,1,186,0,187,6,1,198,0,205,119,0,119,324
09/04/2012,PAE,WA,ANM,WE,Towers with Radar,8,5,7,1,21,4,4,135,0,143,12,9,142,1,164,128,0,128,292
09/05/2012,PAE,WA,ANM,WE,Towers with Radar,6,9,16,0,31,0,1,190,0,191,6,10,206,0,222,306,3,309,531
09/06/2012,PAE,WA,ANM,WE,Towers with Radar,9,1,18,0,28,0,2,154,0,156,9,3,172,0,184,209,0,209,393
09/07/2012,PAE,WA,ANM,WE,Towers with Radar,13,0,15,0,28,0,4,214,0,218,13,4,229,0,246,191,0,191,437
09/08/2012,PAE,WA,ANM,WE,Towers with Radar,5,0,11,0,16,0,0,262,2,264,5,0,273,2,280,284,29,313,593
09/09/2012,PAE,WA,ANM,WE,Towers with Radar,6,0,79,1,86,0,0,70,0,70,6,0,149,1,156,86,0,86,242
09/10/2012,PAE,WA,ANM,WE,Towers with Radar,13,1,14,0,28,0,4,89,4,97,13,5,103,4,125,178,0,178,303
09/11/2012,PAE,WA,ANM,WE,Towers with Radar,4,0,19,2,25,0,1,119,0,120,4,1,138,2,145,245,0,245,390
09/12/2012,PAE,WA,ANM,WE,Towers with Radar,8,0,20,0,28,0,3,149,8,160,8,3,169,8,188,61,0,61,249
09/13/2012,PAE,WA,ANM,WE,Towers with Radar,8,0,17,2,27,0,4,158,3,165,8,4,175,5,192,250,0,250,442
09/14/2012,PAE,WA,ANM,WE,Towers with Radar,12,1,18,0,31,0,2,199,2,203,12,3,217,2,234,238,0,238,472
09/15/2012,PAE,WA,ANM,WE,Towers with Radar,2,0,18,0,20,0,1,193,1,195,2,1,211,1,215,244,0,244,459
09/16/2012,PAE,WA,ANM,WE,Towers with Radar,12,1,19,0,32,1,0,178,1,180,13,1,197,1,212,238,0,238,450
09/17/2012,PAE,WA,ANM,WE,Towers with Radar,9,3,7,0,19,0,2,113,0,115,9,5,120,0,134,292,0,292,426
09/18/2012,PAE,WA,ANM,WE,Towers with Radar,18,1,39,0,58,0,4,125,0,129,18,5,164,0,187,314,0,314,501
09/19/2012,PAE,WA,ANM,WE,Towers with Radar,13,1,17,0,31,1,2,99,0,102,14,3,116,0,133,266,0,266,399
09/20/2012,PAE,WA,ANM,WE,Towers with Radar,10,0,30,0,40,0,2,118,0,120,10,2,148,0,160,127,0,127,287
09/21/2012,PAE,WA,ANM,WE,Towers with Radar,8,2,55,0,65,1,0,11,0,12,9,2,66,0,77,14,0,14,91
09/22/2012,PAE,WA,ANM,WE,Towers with Radar,11,0,36,0,47,0,0,116,1,117,11,0,152,1,164,131,0,131,295
09/23/2012,PAE,WA,ANM,WE,Towers with Radar,10,0,33,1,44,0,0,191,6,197,10,0,224,7,241,227,2,229,470
09/24/2012,PAE,WA,ANM,WE,Towers with Radar,7,0,22,6,35,1,4,102,3,110,8,4,124,9,145,184,0,184,329
09/25/2012,PAE,WA,ANM,WE,Towers with Radar,9,1,22,0,32,0,1,55,0,56,9,2,77,0,88,98,0,98,186
09/26/2012,PAE,WA,ANM,WE,Towers with Radar,20,1,19,2,42,1,1,109,2,113,21,2,128,4,155,111,0,111,266
09/27/2012,PAE,WA,ANM,WE,Towers with Radar,14,0,44,0,58,5,1,134,1,141,19,1,178,1,199,235,0,235,434
09/28/2012,PAE,WA,ANM,WE,Towers with Radar,12,2,20,4,38,0,1,163,1,165,12,3,183,5,203,260,0,260,463
09/29/2012,PAE,WA,ANM,WE,Towers with Radar,3,0,21,0,24,0,0,178,0,178,3,0,199,0,202,196,2,198,400
09/30/2012,PAE,WA,ANM,WE,Towers with Radar,5,0,16,0,21,0,0,203,0,203,5,0,219,0,224,127,0,127,351
10/01/2012,PAE,WA,ANM,WE,Towers with Radar,12,0,16,0,28,0,5,122,0,127,12,5,138,0,155,163,0,163,318
10/02/2012,PAE,WA,ANM,WE,Towers with Radar,9,3,22,0,34,1,4,114,0,119,10,7,136,0,153,176,6,182,335
10/03/2012,PAE,WA,ANM,WE,Towers with Radar,6,2,11,0,19,0,2,106,2,110,6,4,117,2,129,142,2,144,273
10/04/2012,PAE,WA,ANM,WE,Towers with Radar,10,2,20,0,32,0,5,119,1,125,10,7,139,1,157,158,0,158,315
10/05/2012,PAE,WA,ANM,WE,Towers with Radar,9,3,27,4,43,0,1,152,1,154,9,4,179,5,197,153,0,153,350
10/06/2012,PAE,WA,ANM,WE,Towers with Radar,11,0,14,0,25,0,0,219,2,221,11,0,233,2,246,95,0,95,341
10/07/2012,PAE,WA,ANM,WE,Towers with Radar,5,0,25,0,30,0,0,195,0,195,5,0,220,0,225,214,0,214,439
10/08/2012,PAE,WA,ANM,WE,Towers with Radar,2,0,36,0,38,0,2,101,0,103,2,2,137,0,141,151,0,151,292
10/09/2012,PAE,WA,ANM,WE,Towers with Radar,13,2,29,4,48,0,2,82,0,84,13,4,111,4,132,69,0,69,201
10/10/2012,PAE,WA,ANM,WE,Towers with Radar,12,1,46,6,65,0,2,8,0,10,12,3,54,6,75,8,0,8,83
10/11/2012,PAE,WA,ANM,WE,Towers with Radar,13,6,46,2,67,0,1,12,0,13,13,7,58,2,80,0,0,0,80
10/12/2012,PAE,WA,ANM,WE,Towers with Radar,20,4,23,2,49,0,1,23,0,24,20,5,46,2,73,84,0,84,157
10/13/2012,PAE,WA,ANM,WE,Towers with Radar,8,0,36,2,46,0,0,1,0,1,8,0,37,2,47,0,0,0,47
10/14/2012,PAE,WA,ANM,WE,Towers with Radar,2,0,17,0,19,0,0,5,0,5,2,0,22,0,24,20,0,20,44
10/15/2012,PAE,WA,ANM,WE,Towers with Radar,9,11,8,0,28,0,2,15,0,17,9,13,23,0,45,58,0,58,103
10/16/2012,PAE,WA,ANM,WE,Towers with Radar,16,3,13,0,32,0,3,78,0,81,16,6,91,0,113,138,0,138,251
10/17/2012,PAE,WA,ANM,WE,Towers with Radar,12,1,12,0,25,1,2,200,0,203,13,3,212,0,228,289,0,289,517
10/18/2012,PAE,WA,ANM,WE,Towers with Radar,13,2,38,4,57,5,3,99,0,107,18,5,137,4,164,246,1,247,411
10/19/2012,PAE,WA,ANM,WE,Towers with Radar,5,7,7,0,19,0,0,0,0,0,5,7,7,0,19,0,0,0,19
10/20/2012,PAE,WA,ANM,WE,Towers with Radar,12,1,40,0,53,0,0,99,1,100,12,1,139,1,153,225,0,225,378
10/21/2012,PAE,WA,ANM,WE,Towers with Radar,5,0,29,0,34,0,0,64,0,64,5,0,93,0,98,138,0,138,236
10/22/2012,PAE,WA,ANM,WE,Towers with Radar,15,4,10,0,29,0,0,29,0,29,15,4,39,0,58,63,0,63,121
10/23/2012,PAE,WA,ANM,WE,Towers with Radar,14,0,16,0,30,0,2,32,2,36,14,2,48,2,66,67,0,67,133
10/24/2012,PAE,WA,ANM,WE,Towers with Radar,9,0,17,2,28,0,4,60,0,64,9,4,77,2,92,121,2,123,215
10/25/2012,PAE,WA,ANM,WE,Towers with Radar,19,2,46,1,68,0,2,167,0,169,19,4,213,1,237,269,1,270,507
10/26/2012,PAE,WA,ANM,WE,Towers with Radar,18,7,26,0,51,0,2,30,1,33,18,9,56,1,84,84,0,84,168
10/27/2012,PAE,WA,ANM,WE,Towers with Radar,11,5,23,0,39,0,0,1,0,1,11,5,24,0,40,0,0,0,40
10/28/2012,PAE,WA,ANM,WE,Towers with Radar,5,1,50,0,56,0,0,87,0,87,5,1,137,0,143,236,0,236,379
10/29/2012,PAE,WA,ANM,WE,Towers with Radar,8,0,12,0,20,0,5,20,0,25,8,5,32,0,45,28,0,28,73
10/30/2012,PAE,WA,ANM,WE,Towers with Radar,11,2,19,11,43,0,0,0,0,0,11,2,19,11,43,0,0,0,43
10/31/2012,PAE,WA,ANM,WE,Towers with Radar,16,2,17,5,40,0,13,21,0,34,16,15,38,5,74,78,0,78,152
11/01/2012,PAE,WA,ANM,WE,Towers with Radar,23,4,40,7,74,0,0,55,0,55,23,4,95,7,129,84,0,84,213
11/02/2012,PAE,WA,ANM,WE,Towers with Radar,18,3,41,1,63,0,0,32,0,32,18,3,73,1,95,34,0,34,129
11/03/2012,PAE,WA,ANM,WE,Towers with Radar,5,1,34,4,44,0,2,18,0,20,5,3,52,4,64,22,0,22,86
11/04/2012,PAE,WA,ANM,WE,Towers with Radar,15,1,37,2,55,0,0,22,0,22,15,1,59,2,77,36,0,36,113
11/05/2012,PAE,WA,ANM,WE,Towers with Radar,6,4,18,0,28,0,4,153,0,157,6,8,171,0,185,133,0,133,318
11/06/2012,PAE,WA,ANM,WE,Towers with Radar,8,1,25,1,35,0,1,29,1,31,8,2,54,2,66,64,0,64,130
11/07/2012,PAE,WA,ANM,WE,Towers with Radar,21,2,51,6,80,0,3,100,0,103,21,5,151,6,183,202,4,206,389
11/08/2012,PAE,WA,ANM,WE,Towers with Radar,5,0,17,0,22,0,2,126,0,128,5,2,143,0,150,230,0,230,380
11/09/2012,PAE,WA,ANM,WE,Towers with Radar,15,7,33,1,56,0,13,171,1,185,15,20,204,2,241,299,2,301,542
11/10/2012,PAE,WA,ANM,WE,Towers with Radar,10,0,18,0,28,0,4,315,0,319,10,4,333,0,347,259,2,261,608
11/11/2012,PAE,WA,ANM,WE,Towers with Radar,4,0,14,0,18,0,0,59,2,61,4,0,73,2,79,90,4,94,173
11/12/2012,PAE,WA,ANM,WE,Towers with Radar,13,0,22,0,35,0,0,13,0,13,13,0,35,0,48,4,0,4,52
11/13/2012,PAE,WA,ANM,WE,Towers with Radar,21,6,36,2,65,0,0,2,0,2,21,6,38,2,67,10,0,10,77
11/14/2012,PAE,WA,ANM,WE,Towers with Radar,10,0,25,0,35,0,1,48,0,49,10,1,73,0,84,77,0,77,161
11/15/2012,PAE,WA,ANM,WE,Towers with Radar,13,3,38,0,54,3,2,132,1,138,16,5,170,1,192,147,1,148,340
11/16/2012,PAE,WA,ANM,WE,Towers with Radar,15,6,53,0,74,0,2,85,1,88,15,8,138,1,162,131,0,131,293
11/17/2012,PAE,WA,ANM,WE,Towers with Radar,6,0,16,0,22,0,0,22,0,22,6,0,38,0,44,39,0,39,83
11/18/2012,PAE,WA,ANM,WE,Towers with Radar,5,0,2,0,7,0,0,5,1,6,5,0,7,1,13,6,0,6,19
11/19/2012,PAE,WA,ANM,WE,Towers with Radar,7,1,5,0,13,0,2,1,0,3,7,3,6,0,16,0,0,0,16
11/20/2012,PAE,WA,ANM,WE,Towers with Radar,14,0,17,0,31,0,3,22,0,25,14,3,39,0,56,88,0,88,144
11/21/2012,PAE,WA,ANM,WE,Towers with Radar,17,1,12,0,30,1,5,11,1,18,18,6,23,1,48,4,0,4,52
11/22/2012,PAE,WA,ANM,WE,Towers with Radar,1,1,10,0,12,0,0,47,0,47,1,1,57,0,59,51,0,51,110
11/23/2012,PAE,WA,ANM,WE,Towers with Radar,5,2,17,0,24,0,0,0,0,0,5,2,17,0,24,0,0,0,24
11/24/2012,PAE,WA,ANM,WE,Towers with Radar,2,0,24,0,26,0,0,138,0,138,2,0,162,0,164,154,0,154,318
11/25/2012,PAE,WA,ANM,WE,Towers with Radar,7,0,22,0,29,1,0,207,0,208,8,0,229,0,237,149,0,149,386
11/26/2012,PAE,WA,ANM,WE,Towers with Radar,13,2,18,0,33,0,4,154,0,158,13,6,172,0,191,141,0,141,332
11/27/2012,PAE,WA,ANM,WE,Towers with Radar,31,0,30,2,63,0,3,155,3,161,31,3,185,5,224,210,0,210,434
11/28/2012,PAE,WA,ANM,WE,Towers with Radar,11,7,42,0,60,2,4,61,0,67,13,11,103,0,127,108,0,108,235
11/29/2012,PAE,WA,ANM,WE,Towers with Radar,14,5,24,1,44,0,1,13,1,15,14,6,37,2,59,68,0,68,127
11/30/2012,PAE,WA,ANM,WE,Towers with Radar,22,3,33,4,62,0,0,0,0,0,22,3,33,4,62,0,0,0,62
12/01/2012,PAE,WA,ANM,WE,Towers with Radar,10,0,21,0,31,0,0,16,7,23,10,0,37,7,54,36,0,36,90
12/02/2012,PAE,WA,ANM,WE,Towers with Radar,5,0,18,0,23,0,1,6,0,7,5,1,24,0,30,0,0,0,30
12/03/2012,PAE,WA,ANM,WE,Towers with Radar,22,4,10,2,38,0,0,17,0,17,22,4,27,2,55,5,0,5,60
12/04/2012,PAE,WA,ANM,WE,Towers with Radar,26,2,22,0,50,1,0,17,0,18,27,2,39,0,68,27,0,27,95
12/05/2012,PAE,WA,ANM,WE,Towers with Radar,9,1,24,2,36,0,3,84,3,90,9,4,108,5,126,153,0,153,279
12/06/2012,PAE,WA,ANM,WE,Towers with Radar,18,5,16,0,39,0,0,8,0,8,18,5,24,0,47,41,0,41,88
12/07/2012,PAE,WA,ANM,WE,Towers with Radar,21,1,15,0,37,1,1,14,2,18,22,2,29,2,55,39,0,39,94
12/08/2012,PAE,WA,ANM,WE,Towers with Radar,14,0,56,0,70,0,0,0,0,0,14,0,56,0,70,0,0,0,70
12/09/2012,PAE,WA,ANM,WE,Towers with Radar,6,1,15,0,22,0,1,22,0,23,6,2,37,0,45,14,0,14,59
12/10/2012,PAE,WA,ANM,WE,Towers with Radar,13,6,24,0,43,0,0,0,0,0,13,6,24,0,43,0,0,0,43
12/11/2012,PAE,WA,ANM,WE,Towers with Radar,16,2,20,0,38,0,0,14,0,14,16,2,34,0,52,39,0,39,91
12/12/2012,PAE,WA,ANM,WE,Towers with Radar,12,3,44,5,64,0,0,2,0,2,12,3,46,5,66,6,0,6,72
12/13/2012,PAE,WA,ANM,WE,Towers with Radar,22,9,42,0,73,1,3,101,2,107,23,12,143,2,180,258,0,258,438
12/14/2012,PAE,WA,ANM,WE,Towers with Radar,31,9,25,0,65,3,0,91,0,94,34,9,116,0,159,204,0,204,363
12/15/2012,PAE,WA,ANM,WE,Towers with Radar,13,0,14,0,27,0,0,9,0,9,13,0,23,0,36,23,0,23,59
12/16/2012,PAE,WA,ANM,WE,Towers with Radar,16,1,29,0,46,0,0,1,0,1,16,1,30,0,47,4,0,4,51
12/17/2012,PAE,WA,ANM,WE,Towers with Radar,12,2,6,0,20,0,2,7,0,9,12,4,13,0,29,21,0,21,50
12/18/2012,PAE,WA,ANM,WE,Towers with Radar,7,2,11,0,20,0,0,20,0,20,7,2,31,0,40,31,0,31,71
12/19/2012,PAE,WA,ANM,WE,Towers with Radar,13,2,7,0,22,0,0,0,0,0,13,2,7,0,22,0,0,0,22
12/20/2012,PAE,WA,ANM,WE,Towers with Radar,23,0,11,3,37,0,2,4,0,6,23,2,15,3,43,5,0,5,48
12/21/2012,PAE,WA,ANM,WE,Towers with Radar,16,14,38,0,68,0,1,92,0,93,16,15,130,0,161,282,0,282,443
12/22/2012,PAE,WA,ANM,WE,Towers with Radar,1,1,9,0,11,0,2,52,0,54,1,3,61,0,65,139,10,149,214
12/23/2012,PAE,WA,ANM,WE,Towers with Radar,1,0,34,0,35,0,3,73,2,78,1,3,107,2,113,143,0,143,256
12/24/2012,PAE,WA,ANM,WE,Towers with Radar,0,2,7,0,9,0,0,19,0,19,0,2,26,0,28,32,0,32,60
12/25/2012,PAE,WA,ANM,WE,Towers with Radar,0,0,3,0,3,0,0,0,0,0,0,0,3,0,3,0,0,0,3
12/26/2012,PAE,WA,ANM,WE,Towers with Radar,4,3,23,0,30,0,0,5,0,5,4,3,28,0,35,0,0,0,35
12/27/2012,PAE,WA,ANM,WE,Towers with Radar,1,2,26,0,29,0,0,11,2,13,1,2,37,2,42,8,0,8,50
12/28/2012,PAE,WA,ANM,WE,Towers with Radar,3,1,34,0,38,1,1,165,0,167,4,2,199,0,205,198,0,198,403
12/29/2012,PAE,WA,ANM,WE,Towers with Radar,2,2,23,0,27,0,0,0,0,0,2,2,23,0,27,0,0,0,27
12/30/2012,PAE,WA,ANM,WE,Towers with Radar,0,0,20,0,20,0,0,6,0,6,0,0,26,0,26,24,0,24,50
12/31/2012,PAE,WA,ANM,WE,Towers with Radar,2,2,29,0,33,0,2,119,0,121,2,4,148,0,154,136,0,136,290
01/01/2013,PAE,WA,ANM,WE,Towers with Radar,1,0,24,0,25,0,0,218,1,219,1,0,242,1,244,240,2,242,486
01/02/2013,PAE,WA,ANM,WE,Towers with Radar,2,8,42,0,52,0,2,150,0,152,2,10,192,0,204,136,2,138,342
01/03/2013,PAE,WA,ANM,WE,Towers with Radar,2,4,37,2,45,0,2,109,6,117,2,6,146,8,162,235,0,235,397
01/04/2013,PAE,WA,ANM,WE,Towers with Radar,12,3,20,1,36,0,1,6,1,8,12,4,26,2,44,78,0,78,122
01/05/2013,PAE,WA,ANM,WE,Towers with Radar,8,4,28,0,40,0,1,88,6,95,8,5,116,6,135,78,8,86,221
01/06/2013,PAE,WA,ANM,WE,Towers with Radar,2,0,47,0,49,0,0,28,0,28,2,0,75,0,77,31,0,31,108
01/07/2013,PAE,WA,ANM,WE,Towers with Radar,16,4,18,0,38,0,0,3,0,3,16,4,21,0,41,0,0,0,41
01/08/2013,PAE,WA,ANM,WE,Towers with Radar,10,2,7,2,21,0,2,0,0,2,10,4,7,2,23,0,0,0,23
01/09/2013,PAE,WA,ANM,WE,Towers with Radar,12,8,7,0,27,0,0,0,0,0,12,8,7,0,27,0,0,0,27
01/10/2013,PAE,WA,ANM,WE,Towers with Radar,14,0,21,0,35,6,2,9,0,17,20,2,30,0,52,10,0,10,62
01/11/2013,PAE,WA,ANM,WE,Towers with Radar,14,1,54,0,69,0,1,83,1,85,14,2,137,1,154,163,0,163,317
01/12/2013,PAE,WA,ANM,WE,Towers with Radar,7,0,18,0,25,0,0,238,0,238,7,0,256,0,263,218,0,218,481
01/13/2013,PAE,WA,ANM,WE,Towers with Radar,7,0,18,0,25,2,0,105,1,108,9,0,123,1,133,182,0,182,315
01/14/2013,PAE,WA,ANM,WE,Towers with Radar,17,2,21,7,47,1,4,25,0,30,18,6,46,7,77,56,0,56,133
01/15/2013,PAE,WA,ANM,WE,Towers with Radar,9,1,36,0,46,0,1,86,0,87,9,2,122,0,133,160,0,160,293
01/16/2013,PAE,WA,ANM,WE,Towers with Radar,15,2,24,0,41,10,2,94,4,110,25,4,118,4,151,232,2,234,385
01/17/2013,PAE,WA,ANM,WE,Towers with Radar,16,3,29,3,51,0,1,23,0,24,16,4,52,3,75,51,0,51,126
01/18/2013,PAE,WA,ANM,WE,Towers with Radar,18,1,14,1,34,1,0,1,0,2,19,1,15,1,36,0,0,0,36
01/19/2013,PAE,WA,ANM,WE,Towers with Radar,1,1,2,0,4,0,0,0,0,0,1,1,2,0,4,0,0,0,4
01/20/2013,PAE,WA,ANM,WE,Towers with Radar,9,1,10,2,22,0,0,39,0,39,9,1,49,2,61,72,0,72,133
01/21/2013,PAE,WA,ANM,WE,Towers with Radar,3,0,2,0,5,0,0,0,0,0,3,0,2,0,5,0,0,0,5
01/22/2013,PAE,WA,ANM,WE,Towers with Radar,15,15,16,0,46,0,2,120,0,122,15,17,136,0,168,275,0,275,443
01/23/2013,PAE,WA,ANM,WE,Towers with Radar,32,7,26,0,65,0,0,44,0,44,32,7,70,0,109,83,0,83,192
01/24/2013,PAE,WA,ANM,WE,Towers with Radar,6,4,40,4,54,0,0,88,0,88,6,4,128,4,142,141,0,141,283
01/25/2013,PAE,WA,ANM,WE,Towers with Radar,29,12,30,2,73,0,1,73,0,74,29,13,103,2,147,116,0,116,263
01/26/2013,PAE,WA,ANM,WE,Towers with Radar,9,2,30,0,41,0,0,1,0,1,9,2,31,0,42,0,0,0,42
01/27/2013,PAE,WA,ANM,WE,Towers with Radar,11,0,17,0,28,0,0,9,0,9,11,0,26,0,37,48,0,48,85
01/28/2013,PAE,WA,ANM,WE,Towers with Radar,15,7,8,0,30,0,0,1,0,1,15,7,9,0,31,0,0,0,31
01/29/2013,PAE,WA,ANM,WE,Towers with Radar,21,8,10,0,39,0,0,0,0,0,21,8,10,0,39,0,0,0,39
01/30/2013,PAE,WA,ANM,WE,Towers with Radar,3,4,27,0,34,0,0,0,0,0,3,4,27,0,34,0,0,0,34
01/31/2013,PAE,WA,ANM,WE,Towers with Radar,10,4,48,2,64,0,0,17,0,17,10,4,65,2,81,64,0,64,145
02/01/2013,PAE,WA,ANM,WE,Towers with Radar,11,9,46,0,66,0,0,76,0,76,11,9,122,0,142,160,0,160,302
02/02/2013,PAE,WA,ANM,WE,Towers with Radar,3,0,42,0,45,0,1,30,0,31,3,1,72,0,76,32,0,32,108
02/03/2013,PAE,WA,ANM,WE,Towers with Radar,2,0,32,0,34,0,0,47,0,47,2,0,79,0,81,104,0,104,185
02/04/2013,PAE,WA,ANM,WE,Towers with Radar,16,0,34,2,52,3,1,118,1,123,19,1,152,3,175,183,0,183,358
02/05/2013,PAE,WA,ANM,WE,Towers with Radar,15,2,28,0,45,0,0,55,0,55,15,2,83,0,100,82,0,82,182
02/06/2013,PAE,WA,ANM,WE,Towers with Radar,14,4,17,0,35,0,0,30,0,30,14,4,47,0,65,133,2,135,200
02/07/2013,PAE,WA,ANM,WE,Towers with Radar,20,1,23,0,44,0,2,136,0,138,20,3,159,0,182,225,0,225,407
02/08/2013,PAE,WA,ANM,WE,Towers with Radar,17,2,43,0,62,8,0,158,0,166,25,2,201,0,228,361,0,361,589
02/09/2013,PAE,WA,ANM,WE,Towers with Radar,11,0,16,2,29,0,0,5,0,5,11,0,21,2,34,66,0,66,100
02/10/2013,PAE,WA,ANM,WE,Towers with Radar,14,0,37,0,51,0,3,168,0,171,14,3,205,0,222,297,1,298,520
02/11/2013,PAE,WA,ANM,WE,Towers with Radar,8,4,19,1,32,0,2,26,0,28,8,6,45,1,60,24,16,40,100
02/12/2013,PAE,WA,ANM,WE,Towers with Radar,8,5,24,2,39,0,1,19,0,20,8,6,43,2,59,14,0,14,73
02/13/2013,PAE,WA,ANM,WE,Towers with Radar,15,4,34,0,53,0,3,59,2,64,15,7,93,2,117,120,0,120,237
02/14/2013,PAE,WA,ANM,WE,Towers with Radar,15,2,44,0,61,0,0,7,0,7,15,2,51,0,68,30,0,30,98
02/15/2013,PAE,WA,ANM,WE,Towers with Radar,17,1,31,0,49,1,1,245,0,247,18,2,276,0,296,218,0,218,514
02/16/2013,PAE,WA,ANM,WE,Towers with Radar,4,0,43,0,47,0,0,15,0,15,4,0,58,0,62,8,0,8,70
02/17/2013,PAE,WA,ANM,WE,Towers with Radar,11,1,37,0,49,0,0,101,0,101,11,1,138,0,150,204,0,204,354
02/18/2013,PAE,WA,ANM,WE,Towers with Radar,10,8,30,0,48,0,2,101,0,103,10,10,131,0,151,123,0,123,274
02/19/2013,PAE,WA,ANM,WE,Towers with Radar,9,3,25,0,37,0,4,182,2,188,9,7,207,2,225,236,0,236,461
02/20/2013,PAE,WA,ANM,WE,Towers with Radar,19,2,27,2,50,1,2,61,2,66,20,4,88,4,116,105,0,105,221
02/21/2013,PAE,WA,ANM,WE,Towers with Radar,9,2,28,0,39,0,0,18,0,18,9,2,46,0,57,22,2,24,81
02/22/2013,PAE,WA,ANM,WE,Towers with Radar,14,4,19,0,37,0,0,8,0,8,14,4,27,0,45,16,0,16,61
02/23/2013,PAE,WA,ANM,WE,Towers with Radar,10,0,27,0,37,0,0,76,0,76,10,0,103,0,113,158,0,158,271
02/24/2013,PAE,WA,ANM,WE,Towers with Radar,9,0,28,0,37,2,1,47,5,55,11,1,75,5,92,55,0,55,147
02/25/2013,PAE,WA,ANM,WE,Towers with Radar,12,2,29,1,44,0,2,73,2,77,12,4,102,3,121,275,0,275,396
02/26/2013,PAE,WA,ANM,WE,Towers with Radar,15,1,22,0,38,0,0,53,0,53,15,1,75,0,91,71,0,71,162
02/27/2013,PAE,WA,ANM,WE,Towers with Radar,18,2,28,0,48,0,3,81,0,84,18,5,109,0,132,258,0,258,390
02/28/2013,PAE,WA,ANM,WE,Towers with Radar,7,5,34,9,55,0,3,15,2,20,7,8,49,11,75,15,0,15,90
03/01/2013,PAE,WA,ANM,WE,Towers with Radar,10,3,13,4,30,0,1,20,0,21,10,4,33,4,51,8,0,8,59
03/02/2013,PAE,WA,ANM,WE,Towers with Radar,4,2,23,1,30,0,0,45,0,45,4,2,68,1,75,72,0,72,147
03/03/2013,PAE,WA,ANM,WE,Towers with Radar,12,2,27,2,43,1,0,268,0,269,13,2,295,2,312,318,0,318,630
03/04/2013,PAE,WA,ANM,WE,Towers with Radar,11,9,42,0,62,0,2,212,1,215,11,11,254,1,277,365,4,369,646
03/05/2013,PAE,WA,ANM,WE,Towers with Radar,6,1,40,1,48,2,4,92,1,99,8,5,132,2,147,294,0,294,441
03/06/2013,PAE,WA,ANM,WE,Towers with Radar,12,2,27,0,41,0,1,45,3,49,12,3,72,3,90,59,8,67,157
03/07/2013,PAE,WA,ANM,WE,Towers with Radar,22,2,36,0,60,0,1,48,3,52,22,3,84,3,112,65,0,65,177
03/08/2013,PAE,WA,ANM,WE,Towers with Radar,5,1,39,0,45,0,2,242,0,244,5,3,281,0,289,409,0,409,698
03/09/2013,PAE,WA,ANM,WE,Towers with Radar,12,0,28,0,40,2,0,346,0,348,14,0,374,0,388,214,0,214,602
03/10/2013,PAE,WA,ANM,WE,Towers with Radar,7,2,33,0,42,0,1,100,1,102,7,3,133,1,144,227,0,227,371
03/11/2013,PAE,WA,ANM,WE,Towers with Radar,13,3,24,0,40,1,3,75,0,79,14,6,99,0,119,283,0,283,402
03/12/2013,PAE,WA,ANM,WE,Towers with Radar,19,6,19,0,44,0,2,10,0,12,19,8,29,0,56,17,0,17,73
03/13/2013,PAE,WA,ANM,WE,Towers with Radar,4,8,30,3,45,0,0,12,0,12,4,8,42,3,57,26,0,26,83
03/14/2013,PAE,WA,ANM,WE,Towers with Radar,11,6,37,2,56,0,3,34,0,37,11,9,71,2,93,77,0,77,170
03/15/2013,PAE,WA,ANM,WE,Towers with Radar,22,2,56,3,83,2,1,79,2,84,24,3,135,5,167,238,0,238,405
03/16/2013,PAE,WA,ANM,WE,Towers with Radar,8,0,21,0,29,0,0,23,0,23,8,0,44,0,52,20,0,20,72
03/17/2013,PAE,WA,ANM,WE,Towers with Radar,5,0,31,2,38,0,0,131,0,131,5,0,162,2,169,144,0,144,313
03/18/2013,PAE,WA,ANM,WE,Towers with Radar,10,0,18,4,32,0,4,85,4,93,10,4,103,8,125,206,9,215,340
03/19/2013,PAE,WA,ANM,WE,Towers with Radar,15,5,32,0,52,0,2,144,0,146,15,7,176,0,198,110,12,122,320
03/20/2013,PAE,WA,ANM,WE,Towers with Radar,13,0,3,0,16,1,1,15,0,17,14,1,18,0,33,14,0,14,47
03/21/2013,PAE,WA,ANM,WE,Towers with Radar,12,9,24,0,45,0,2,57,0,59,12,11,81,0,104,162,0,162,266
03/22/2013,PAE,WA,ANM,WE,Towers with Radar,4,7,26,0,37,0,0,62,0,62,4,7,88,0,99,102,0,102,201
03/23/2013,PAE,WA,ANM,WE,Towers with Radar,3,0,36,4,43,0,0,197,7,204,3,0,233,11,247,229,0,229,476
03/24/2013,PAE,WA,ANM,WE,Towers with Radar,4,0,28,0,32,0,0,243,0,243,4,0,271,0,275,292,0,292,567
03/25/2013,PAE,WA,ANM,WE,Towers with Radar,19,5,22,0,46,2,2,161,0,165,21,7,183,0,211,355,0,355,566
03/26/2013,PAE,WA,ANM,WE,Towers with Radar,16,4,45,0,65,0,3,120,0,123,16,7,165,0,188,231,0,231,419
03/27/2013,PAE,WA,ANM,WE,Towers with Radar,16,0,26,0,42,0,0,134,0,134,16,0,160,0,176,254,0,254,430
03/28/2013,PAE,WA,ANM,WE,Towers with Radar,11,1,25,4,41,0,3,103,0,106,11,4,128,4,147,160,0,160,307
03/29/2013,PAE,WA,ANM,WE,Towers with Radar,4,2,42,2,50,0,0,333,1,334,4,2,375,3,384,261,0,261,645
03/30/2013,PAE,WA,ANM,WE,Towers with Radar,5,0,29,0,34,0,1,339,0,340,5,1,368,0,374,245,0,245,619
03/31/2013,PAE,WA,ANM,WE,Towers with Radar,2,0,20,0,22,0,1,213,0,214,2,1,233,0,236,166,0,166,402
04/01/2013,PAE,WA,ANM,WE,Towers with Radar,19,2,22,2,45,0,2,74,0,76,19,4,96,2,121,151,0,151,272
04/02/2013,PAE,WA,ANM,WE,Towers with Radar,5,5,42,4,56,3,2,98,0,103,8,7,140,4,159,215,4,219,378
04/03/2013,PAE,WA,ANM,WE,Towers with Radar,5,5,31,0,41,1,9,107,18,135,6,14,138,18,176,234,0,234,410
04/04/2013,PAE,WA,ANM,WE,Towers with Radar,10,6,26,0,42,0,0,38,0,38,10,6,64,0,80,93,0,93,173
04/05/2013,PAE,WA,ANM,WE,Towers with Radar,17,2,21,0,40,0,0,28,0,28,17,2,49,0,68,23,0,23,91
04/06/2013,PAE,WA,ANM,WE,Towers with Radar,6,1,10,0,17,0,1,32,0,33,6,2,42,0,50,18,0,18,68
04/07/2013,PAE,WA,ANM,WE,Towers with Radar,4,0,32,0,36,0,0,12,0,12,4,0,44,0,48,0,0,0,48
04/08/2013,PAE,WA,ANM,WE,Towers with Radar,8,0,38,0,46,0,3,99,0,102,8,3,137,0,148,130,0,130,278
04/09/2013,PAE,WA,ANM,WE,Towers with Radar,12,2,32,0,46,0,2,102,1,105,12,4,134,1,151,154,0,154,305
04/10/2013,PAE,WA,ANM,WE,Towers with Radar,10,2,11,0,23,0,0,25,0,25,10,2,36,0,48,96,0,96,144
04/11/2013,PAE,WA,ANM,WE,Towers with Radar,7,5,32,0,44,1,2,92,8,103,8,7,124,8,147,176,12,188,335
04/12/2013,PAE,WA,ANM,WE,Towers with Radar,17,2,19,0,38,0,1,77,0,78,17,3,96,0,116,99,0,99,215
04/13/2013,PAE,WA,ANM,WE,Towers with Radar,10,1,14,0,25,0,0,13,0,13,10,1,27,0,38,32,0,32,70
04/14/2013,PAE,WA,ANM,WE,Towers with Radar,8,1,46,0,55,0,1,89,0,90,8,2,135,0,145,150,0,150,295
04/15/2013,PAE,WA,ANM,WE,Towers with Radar,6,1,24,2,33,0,5,56,2,63,6,6,80,4,96,187,0,187,283
04/16/2013,PAE,WA,ANM,WE,Towers with Radar,4,5,34,0,43,1,2,173,3,179,5,7,207,3,222,169,0,169,391
04/17/2013,PAE,WA,ANM,WE,Towers with Radar,5,0,37,1,43,2,2,154,3,161,7,2,191,4,204,206,2,208,412
04/18/2013,PAE,WA,ANM,WE,Towers with Radar,11,5,40,0,56,0,0,18,0,18,11,5,58,0,74,91,0,91,165
04/19/2013,PAE,WA,ANM,WE,Towers with Radar,6,2,41,0,49,0,0,0,0,0,6,2,41,0,49,0,0,0,49
04/20/2013,PAE,WA,ANM,WE,Towers with Radar,9,1,52,0,62,0,0,39,0,39,9,1,91,0,101,39,0,39,140
04/21/2013,PAE,WA,ANM,WE,Towers with Radar,4,0,40,0,44,0,0,90,0,90,4,0,130,0,134,229,0,229,363
04/22/2013,PAE,WA,ANM,WE,Towers with Radar,11,3,19,2,35,1,2,188,0,191,12,5,207,2,226,328,0,328,554
04/23/2013,PAE,WA,ANM,WE,Towers with Radar,5,6,45,0,56,3,2,236,1,242,8,8,281,1,298,244,11,255,553
04/24/2013,PAE,WA,ANM,WE,Towers with Radar,6,1,21,0,28,5,3,241,7,256,11,4,262,7,284,301,0,301,585
04/25/2013,PAE,WA,ANM,WE,Towers with Radar,15,5,37,0,57,2,2,159,0,163,17,7,196,0,220,266,0,266,486
04/26/2013,PAE,WA,ANM,WE,Towers with Radar,8,6,22,0,36,0,2,215,0,217,8,8,237,0,253,303,0,303,556
04/27/2013,PAE,WA,ANM,WE,Towers with Radar,9,0,30,0,39,2,2,58,5,67,11,2,88,5,106,67,0,67,173
04/28/2013,PAE,WA,ANM,WE,Towers with Radar,10,0,18,0,28,0,1,56,0,57,10,1,74,0,85,116,0,116,201
04/29/2013,PAE,WA,ANM,WE,Towers with Radar,8,1,16,5,30,0,3,62,0,65,8,4,78,5,95,102,2,104,199
04/30/2013,PAE,WA,ANM,WE,Towers with Radar,13,0,32,0,45,0,2,155,0,157,13,2,187,0,202,307,0,307,509
05/01/2013,PAE,WA,ANM,WE,Towers with Radar,10,2,35,11,58,0,2,171,7,180,10,4,206,18,238,324,6,330,568
05/02/2013,PAE,WA,ANM,WE,Towers with Radar,10,2,32,0,44,2,4,157,0,163,12,6,189,0,207,207,0,207,414
05/03/2013,PAE,WA,ANM,WE,Towers with Radar,9,4,29,2,44,4,0,209,3,216,13,4,238,5,260,357,8,365,625
05/04/2013,PAE,WA,ANM,WE,Towers with Radar,5,0,51,0,56,0,3,281,0,284,5,3,332,0,340,153,0,153,493
05/05/2013,PAE,WA,ANM,WE,Towers with Radar,7,0,35,0,42,0,0,279,1,280,7,0,314,1,322,196,0,196,518
05/06/2013,PAE,WA,ANM,WE,Towers with Radar,4,5,28,2,39,0,5,189,0,194,4,10,217,2,233,288,0,288,521
05/07/2013,PAE,WA,ANM,WE,Towers with Radar,7,5,32,8,52,0,2,113,0,115,7,7,145,8,167,229,2,231,398
05/08/2013,PAE,WA,ANM,WE,Towers with Radar,10,12,48,0,70,0,2,97,0,99,10,14,145,0,169,226,0,226,395
05/09/2013,PAE,WA,ANM,WE,Towers with Radar,11,2,22,0,35,0,0,141,0,141,11,2,163,0,176,213,2,215,391
05/10/2013,PAE,WA,ANM,WE,Towers with Radar,12,1,17,0,30,1,8,276,0,285,13,9,293,0,315,356,0,356,671
05/11/2013,PAE,WA,ANM,WE,Towers with Radar,7,0,34,0,41,1,0,233,3,237,8,0,267,3,278,253,0,253,531
05/12/2013,PAE,WA,ANM,WE,Towers with Radar,2,0,30,2,34,0,0,59,2,61,2,0,89,4,95,59,0,59,154
05/13/2013,PAE,WA,ANM,WE,Towers with Radar,11,2,19,2,34,0,5,33,0,38,11,7,52,2,72,33,0,33,105
05/14/2013,PAE,WA,ANM,WE,Towers with Radar,7,0,33,2,42,0,3,145,2,150,7,3,178,4,192,248,0,248,440
05/15/2013,PAE,WA,ANM,WE,Towers with Radar,11,0,21,2,34,0,2,98,0,100,11,2,119,2,134,146,9,155,289
05/16/2013,PAE,WA,ANM,WE,Towers with Radar,10,2,36,0,48,2,1,112,1,116,12,3,148,1,164,178,0,178,342
05/17/2013,PAE,WA,ANM,WE,Towers with Radar,16,2,22,0,40,0,2,134,0,136,16,4,156,0,176,270,0,270,446
05/18/2013,PAE,WA,ANM,WE,Towers with Radar,16,3,18,0,37,0,3,462,4,469,16,6,480,4,506,298,0,298,804
05/19/2013,PAE,WA,ANM,WE,Towers with Radar,9,1,32,0,42,0,0,98,0,98,9,1,130,0,140,148,0,148,288
05/20/2013,PAE,WA,ANM,WE,Towers with Radar,13,2,24,0,39,0,2,211,2,215,13,4,235,2,254,155,11,166,420
05/21/2013,PAE,WA,ANM,WE,Towers with Radar,7,5,25,0,37,0,1,12,0,13,7,6,37,0,50,0,0,0,50
05/22/2013,PAE,WA,ANM,WE,Towers with Radar,4,5,32,3,44,0,0,14,2,16,4,5,46,5,60,20,0,20,80
05/23/2013,PAE,WA,ANM,WE,Towers with Radar,12,0,22,3,37,0,3,74,2,79,12,3,96,5,116,166,4,170,286
05/24/2013,PAE,WA,ANM,WE,Towers with Radar,12,3,35,0,50,0,1,138,0,139,12,4,173,0,189,130,14,144,333
05/25/2013,PAE,WA,ANM,WE,Towers with Radar,12,2,25,1,40,0,1,92,2,95,12,3,117,3,135,76,0,76,211
05/26/2013,PAE,WA,ANM,WE,Towers with Radar,16,0,16,0,32,0,0,48,0,48,16,0,64,0,80,55,0,55,135
05/27/2013,PAE,WA,ANM,WE,Towers with Radar,1,0,24,0,25,0,0,90,0,90,1,0,114,0,115,72,18,90,205
05/28/2013,PAE,WA,ANM,WE,Towers with Radar,10,2,24,4,40,0,3,75,1,79,10,5,99,5,119,36,0,36,155
05/29/2013,PAE,WA,ANM,WE,Towers with Radar,3,2,45,1,51,0,0,12,0,12,3,2,57,1,63,0,0,0,63
05/30/2013,PAE,WA,ANM,WE,Towers with Radar,14,1,39,0,54,6,6,66,0,78,20,7,105,0,132,140,0,140,272
05/31/2013,PAE,WA,ANM,WE,Towers with Radar,11,1,27,2,41,0,2,241,2,245,11,3,268,4,286,184,6,190,476
06/01/2013,PAE,WA,ANM,WE,Towers with Radar,5,2,18,1,26,0,0,223,0,223,5,2,241,1,249,188,0,188,437
06/02/2013,PAE,WA,ANM,WE,Towers with Radar,12,2,27,0,41,0,0,216,0,216,12,2,243,0,257,207,0,207,464
06/03/2013,PAE,WA,ANM,WE,Towers with Radar,5,5,34,2,46,0,2,168,0,170,5,7,202,2,216,232,4,236,452
06/04/2013,PAE,WA,ANM,WE,Towers with Radar,8,0,24,0,32,0,2,210,1,213,8,2,234,1,245,149,1,150,395
06/05/2013,PAE,WA,ANM,WE,Towers with Radar,12,4,29,0,45,2,4,205,0,211,14,8,234,0,256,154,0,154,410
06/06/2013,PAE,WA,ANM,WE,Towers with Radar,9,6,29,0,44,5,7,178,6,196,14,13,207,6,240,219,0,219,459
06/07/2013,PAE,WA,ANM,WE,Towers with Radar,12,1,42,0,55,0,2,177,0,179,12,3,219,0,234,233,0,233,467
06/08/2013,PAE,WA,ANM,WE,Towers with Radar,10,1,24,0,35,0,2,189,5,196,10,3,213,5,231,111,0,111,342
06/09/2013,PAE,WA,ANM,WE,Towers with Radar,2,0,31,0,33,0,1,166,0,167,2,1,197,0,200,200,0,200,400
06/10/2013,PAE,WA,ANM,WE,Towers with Radar,15,4,34,6,59,0,5,175,2,182,15,9,209,8,241,191,0,191,432
06/11/2013,PAE,WA,ANM,WE,Towers with Radar,11,4,35,0,50,0,10,123,0,133,11,14,158,0,183,243,2,245,428
06/12/2013,PAE,WA,ANM,WE,Towers with Radar,11,4,34,1,50,0,6,86,0,92,11,10,120,1,142,141,0,141,283
06/13/2013,PAE,WA,ANM,WE,Towers with Radar,13,8,31,2,54,0,3,85,1,89,13,11,116,3,143,156,2,158,301
06/14/2013,PAE,WA,ANM,WE,Towers with Radar,21,1,52,0,74,0,1,138,0,139,21,2,190,0,213,184,0,184,397
06/15/2013,PAE,WA,ANM,WE,Towers with Radar,13,1,20,0,34,2,0,302,0,304,15,1,322,0,338,121,0,121,459
06/16/2013,PAE,WA,ANM,WE,Towers with Radar,7,0,22,0,29,0,0,228,0,228,7,0,250,0,257,135,0,135,392
06/17/2013,PAE,WA,ANM,WE,Towers with Radar,7,0,22,2,31,0,2,172,4,178,7,2,194,6,209,213,0,213,422
06/18/2013,PAE,WA,ANM,WE,Towers with Radar,5,7,44,2,58,2,1,117,2,122,7,8,161,4,180,240,0,240,420
06/19/2013,PAE,WA,ANM,WE,Towers with Radar,19,0,26,3,48,1,2,81,4,88,20,2,107,7,136,156,0,156,292
06/20/2013,PAE,WA,ANM,WE,Towers with Radar,4,6,48,0,58,0,0,0,0,0,4,6,48,0,58,0,0,0,58
06/21/2013,PAE,WA,ANM,WE,Towers with Radar,12,1,50,0,63,0,0,132,5,137,12,1,182,5,200,137,0,137,337
06/22/2013,PAE,WA,ANM,WE,Towers with Radar,11,0,18,0,29,2,3,316,0,321,13,3,334,0,350,135,0,135,485
06/23/2013,PAE,WA,ANM,WE,Towers with Radar,12,0,18,0,30,0,1,106,0,107,12,1,124,0,137,163,0,163,300
06/24/2013,PAE,WA,ANM,WE,Towers with Radar,2,1,25,0,28,0,6,69,3,78,2,7,94,3,106,83,0,83,189
06/25/2013,PAE,WA,ANM,WE,Towers with Radar,11,3,15,1,30,1,3,68,5,77,12,6,83,6,107,77,6,83,190
06/26/2013,PAE,WA,ANM,WE,Towers with Radar,3,5,22,2,32,0,3,88,2,93,3,8,110,4,125,94,0,94,219
06/27/2013,PAE,WA,ANM,WE,Towers with Radar,18,5,32,0,55,0,1,101,1,103,18,6,133,1,158,146,0,146,304
06/28/2013,PAE,WA,ANM,WE,Towers with Radar,10,1,27,6,44,1,5,274,4,284,11,6,301,10,328,157,0,157,485
06/29/2013,PAE,WA,ANM,WE,Towers with Radar,5,0,23,0,28,0,2,292,2,296,5,2,315,2,324,136,0,136,460
06/30/2013,PAE,WA,ANM,WE,Towers with Radar,8,0,23,0,31,0,1,246,0,247,8,1,269,0,278,123,7,130,408
07/01/2013,PAE,WA,ANM,WE,Towers with Radar,7,5,11,0,23,0,1,157,0,158,7,6,168,0,181,141,0,141,322
07/02/2013,PAE,WA,ANM,WE,Towers with Radar,6,5,24,0,35,0,1,143,0,144,6,6,167,0,179,161,0,161,340
07/03/2013,PAE,WA,ANM,WE,Towers with Radar,6,3,24,4,37,0,4,236,0,240,6,7,260,4,277,247,0,247,524
07/04/2013,PAE,WA,ANM,WE,Towers with Radar,0,1,18,0,19,0,0,157,0,157,0,1,175,0,176,176,0,176,352
07/05/2013,PAE,WA,ANM,WE,Towers with Radar,3,2,26,0,31,0,6,175,0,181,3,8,201,0,212,149,0,149,361
07/06/2013,PAE,WA,ANM,WE,Towers with Radar,5,1,19,0,25,0,2,257,1,260,5,3,276,1,285,127,0,127,412
07/07/2013,PAE,WA,ANM,WE,Towers with Radar,5,4,24,0,33,0,0,224,0,224,5,4,248,0,257,84,0,84,341
07/08/2013,PAE,WA,ANM,WE,Towers with Radar,10,4,21,2,37,2,2,88,1,93,12,6,109,3,130,74,0,74,204
07/09/2013,PAE,WA,ANM,WE,Towers with Radar,2,0,28,0,30,0,4,237,3,244,2,4,265,3,274,220,2,222,496
07/10/2013,PAE,WA,ANM,WE,Towers with Radar,11,0,34,2,47,0,7,186,3,196,11,7,220,5,243,317,0,317,560
07/11/2013,PAE,WA,ANM,WE,Towers with Radar,2,2,35,1,40,0,2,136,1,139,2,4,171,2,179,339,0,339,518
07/12/2013,PAE,WA,ANM,WE,Towers with Radar,9,3,28,0,40,5,3,272,0,280,14,6,300,0,320,124,0,124,444
07/13/2013,PAE,WA,ANM,WE,Towers with Radar,3,2,18,2,25,0,1,219,1,221,3,3,237,3,246,83,0,83,329
07/14/2013,PAE,WA,ANM,WE,Towers with Radar,8,0,24,0,32,2,0,259,0,261,10,0,283,0,293,162,0,162,455
07/15/2013,PAE,WA,ANM,WE,Towers with Radar,8,3,26,0,37,1,4,151,0,156,9,7,177,0,193,143,0,143,336
07/16/2013,PAE,WA,ANM,WE,Towers with Radar,7,3,21,0,31,2,3,146,1,152,9,6,167,1,183,204,0,204,387
07/17/2013,PAE,WA,ANM,WE,Towers with Radar,7,6,24,0,37,0,12,101,0,113,7,18,125,0,150,202,0,202,352
07/18/2013,PAE,WA,ANM,WE,Towers with Radar,9,0,36,0,45,0,4,184,1,189,9,4,220,1,234,228,0,228,462
07/19/2013,PAE,WA,ANM,WE,Towers with Radar,6,5,30,0,41,0,2,220,0,222,6,7,250,0,263,158,0,158,421
07/20/2013,PAE,WA,ANM,WE,Towers with Radar,7,0,22,0,29,0,0,173,0,173,7,0,195,0,202,188,0,188,390
07/21/2013,PAE,WA,ANM,WE,Towers with Radar,6,0,49,0,55,0,0,164,0,164,6,0,213,0,219,175,0,175,394
07/22/2013,PAE,WA,ANM,WE,Towers with Radar,18,0,29,1,48,0,2,94,2,98,18,2,123,3,146,147,2,149,295
07/23/2013,PAE,WA,ANM,WE,Towers with Radar,8,0,20,2,30,0,2,174,2,178,8,2,194,4,208,229,0,229,437
07/24/2013,PAE,WA,ANM,WE,Towers with Radar,7,1,23,0,31,0,4,148,3,155,7,5,171,3,186,223,3,226,412
07/25/2013,PAE,WA,ANM,WE,Towers with Radar,14,2,28,0,44,4,3,197,1,205,18,5,225,1,249,192,0,192,441
07/26/2013,PAE,WA,ANM,WE,Towers with Radar,9,3,19,2,33,0,3,266,1,270,9,6,285,3,303,219,4,223,526
07/27/2013,PAE,WA,ANM,WE,Towers with Radar,0,1,20,0,21,0,0,422,0,422,0,1,442,0,443,96,0,96,539
07/28/2013,PAE,WA,ANM,WE,Towers with Radar,11,2,28,0,41,0,0,137,0,137,11,2,165,0,178,113,0,113,291
07/29/2013,PAE,WA,ANM,WE,Towers with Radar,11,2,20,6,39,0,3,112,1,116,11,5,132,7,155,294,0,294,449
07/30/2013,PAE,WA,ANM,WE,Towers with Radar,10,3,15,2,30,0,0,130,2,132,10,3,145,4,162,201,1,202,364
07/31/2013,PAE,WA,ANM,WE,Towers with Radar,24,0,42,1,67,0,1,52,1,54,24,1,94,2,121,143,0,143,264
08/01/2013,PAE,WA,ANM,WE,Towers with Radar,13,1,45,0,59,0,1,68,0,69,13,2,113,0,128,227,0,227,355
08/02/2013,PAE,WA,ANM,WE,Towers with Radar,10,4,53,0,67,0,2,2,1,5,10,6,55,1,72,0,0,0,72
08/03/2013,PAE,WA,ANM,WE,Towers with Radar,10,0,19,0,29,0,0,145,2,147,10,0,164,2,176,74,0,74,250
08/04/2013,PAE,WA,ANM,WE,Towers with Radar,7,4,14,0,25,0,1,212,0,213,7,5,226,0,238,236,0,236,474
08/05/2013,PAE,WA,ANM,WE,Towers with Radar,4,6,12,0,22,0,4,170,0,174,4,10,182,0,196,208,0,208,404
08/06/2013,PAE,WA,ANM,WE,Towers with Radar,25,4,18,0,47,1,1,175,0,177,26,5,193,0,224,169,0,169,393
08/07/2013,PAE,WA,ANM,WE,Towers with Radar,14,0,15,0,29,0,4,187,0,191,14,4,202,0,220,200,0,200,420
08/08/2013,PAE,WA,ANM,WE,Towers with Radar,20,8,28,1,57,0,2,151,2,155,20,10,179,3,212,95,4,99,311
08/09/2013,PAE,WA,ANM,WE,Towers with Radar,12,3,16,7,38,2,0,185,0,187,14,3,201,7,225,125,0,125,350
08/10/2013,PAE,WA,ANM,WE,Towers with Radar,4,1,16,0,21,0,0,132,0,132,4,1,148,0,153,80,0,80,233
08/11/2013,PAE,WA,ANM,WE,Towers with Radar,3,0,28,0,31,0,1,167,0,168,3,1,195,0,199,133,0,133,332
08/12/2013,PAE,WA,ANM,WE,Towers with Radar,15,6,33,0,54,0,2,169,0,171,15,8,202,0,225,182,0,182,407
08/13/2013,PAE,WA,ANM,WE,Towers with Radar,7,2,14,0,23,4,4,160,4,172,11,6,174,4,195,181,0,181,376
08/14/2013,PAE,WA,ANM,WE,Towers with Radar,11,1,16,0,28,0,2,144,0,146,11,3,160,0,174,184,0,184,358
08/15/2013,PAE,WA,ANM,WE,Towers with Radar,15,5,59,0,79,0,1,36,0,37,15,6,95,0,116,73,0,73,189
08/16/2013,PAE,WA,ANM,WE,Towers with Radar,17,3,32,0,52,0,1,161,0,162,17,4,193,0,214,144,0,144,358
08/17/2013,PAE,WA,ANM,WE,Towers with Radar,8,1,30,0,39,1,1,208,2,212,9,2,238,2,251,166,0,166,417
08/18/2013,PAE,WA,ANM,WE,Towers with Radar,4,3,28,0,35,0,0,227,0,227,4,3,255,0,262,144,0,144,406
08/19/2013,PAE,WA,ANM,WE,Towers with Radar,5,5,16,0,26,0,3,119,0,122,5,8,135,0,148,177,0,177,325
08/20/2013,PAE,WA,ANM,WE,Towers with Radar,5,5,23,0,33,0,3,174,0,177,5,8,197,0,210,233,0,233,443
08/21/2013,PAE,WA,ANM,WE,Towers with Radar,15,2,25,0,42,3,4,158,4,169,18,6,183,4,211,271,0,271,482
08/22/2013,PAE,WA,ANM,WE,Towers with Radar,8,3,38,5,54,2,1,171,2,176,10,4,209,7,230,236,0,236,466
08/23/2013,PAE,WA,ANM,WE,Towers with Radar,24,5,47,4,80,0,1,186,0,187,24,6,233,4,267,140,0,140,407
08/24/2013,PAE,WA,ANM,WE,Towers with Radar,5,0,37,1,43,0,3,153,1,157,5,3,190,2,200,88,0,88,288
08/25/2013,PAE,WA,ANM,WE,Towers with Radar,9,4,33,2,48,0,1,198,5,204,9,5,231,7,252,115,0,115,367
08/26/2013,PAE,WA,ANM,WE,Towers with Radar,5,3,37,0,45,0,1,112,2,115,5,4,149,2,160,122,4,126,286
08/27/2013,PAE,WA,ANM,WE,Towers with Radar,13,2,10,4,29,4,3,124,2,133,17,5,134,6,162,155,0,155,317
08/28/2013,PAE,WA,ANM,WE,Towers with Radar,17,4,33,0,54,0,2,163,1,166,17,6,196,1,220,219,0,219,439
08/29/2013,PAE,WA,ANM,WE,Towers with Radar,16,3,49,0,68,0,1,44,0,45,16,4,93,0,113,72,0,72,185
08/30/2013,PAE,WA,ANM,WE,Towers with Radar,13,1,46,3,63,0,2,242,0,244,13,3,288,3,307,143,2,145,452
08/31/2013,PAE,WA,ANM,WE,Towers with Radar,3,3,10,0,16,0,2,408,1,411,3,5,418,1,427,238,0,238,665
09/01/2013,PAE,WA,ANM,WE,Towers with Radar,1,1,18,0,20,0,0,230,0,230,1,1,248,0,250,279,1,280,530
09/02/2013,PAE,WA,ANM,WE,Towers with Radar,7,0,9,0,16,0,1,179,0,180,7,1,188,0,196,244,0,244,440
09/03/2013,PAE,WA,ANM,WE,Towers with Radar,13,5,15,0,33,0,5,93,0,98,13,10,108,0,131,296,0,296,427
09/04/2013,PAE,WA,ANM,WE,Towers with Radar,8,1,18,0,27,0,3,57,2,62,8,4,75,2,89,182,0,182,271
09/05/2013,PAE,WA,ANM,WE,Towers with Radar,9,3,18,0,30,0,0,4,0,4,9,3,22,0,34,54,0,54,88
09/06/2013,PAE,WA,ANM,WE,Towers with Radar,16,2,22,0,40,0,1,49,0,50,16,3,71,0,90,104,0,104,194
09/07/2013,PAE,WA,ANM,WE,Towers with Radar,12,1,36,0,49,0,0,126,0,126,12,1,162,0,175,239,0,239,414
09/08/2013,PAE,WA,ANM,WE,Towers with Radar,10,0,16,0,26,0,0,189,1,190,10,0,205,1,216,180,0,180,396
09/09/2013,PAE,WA,ANM,WE,Towers with Radar,2,0,22,0,24,0,3,140,0,143,2,3,162,0,167,211,0,211,378
09/10/2013,PAE,WA,ANM,WE,Towers with Radar,4,2,13,0,19,0,4,155,2,161,4,6,168,2,180,178,0,178,358
09/11/2013,PAE,WA,ANM,WE,Towers with Radar,7,1,21,0,29,0,4,176,0,180,7,5,197,0,209,276,0,276,485
09/12/2013,PAE,WA,ANM,WE,Towers with Radar,12,2,22,0,36,8,3,189,3,203,20,5,211,3,239,328,24,352,591
09/13/2013,PAE,WA,ANM,WE,Towers with Radar,5,2,27,0,34,0,0,0,0,0,5,2,27,0,34,0,0,0,34
09/14/2013,PAE,WA,ANM,WE,Towers with Radar,5,0,23,0,28,0,0,48,0,48,5,0,71,0,76,46,0,46,122
09/15/2013,PAE,WA,ANM,WE,Towers with Radar,12,0,22,0,34,0,0,0,0,0,12,0,22,0,34,0,0,0,34
09/16/2013,PAE,WA,ANM,WE,Towers with Radar,7,9,46,1,63,0,0,12,0,12,7,9,58,1,75,30,0,30,105
09/17/2013,PAE,WA,ANM,WE,Towers with Radar,19,3,25,0,47,0,3,118,0,121,19,6,143,0,168,285,0,285,453
09/18/2013,PAE,WA,ANM,WE,Towers with Radar,12,5,34,4,55,0,2,166,1,169,12,7,200,5,224,354,6,360,584
09/19/2013,PAE,WA,ANM,WE,Towers with Radar,14,5,30,0,49,0,7,181,0,188,14,12,211,0,237,350,0,350,587
09/20/2013,PAE,WA,ANM,WE,Towers with Radar,13,4,19,0,36,0,3,235,1,239,13,7,254,1,275,283,0,283,558
09/21/2013,PAE,WA,ANM,WE,Towers with Radar,7,0,47,0,54,0,0,149,0,149,7,0,196,0,203,298,0,298,501
09/22/2013,PAE,WA,ANM,WE,Towers with Radar,10,0,7,0,17,0,0,18,0,18,10,0,25,0,35,0,0,0,35
09/23/2013,PAE,WA,ANM,WE,Towers with Radar,19,2,16,0,37,0,1,27,0,28,19,3,43,0,65,57,0,57,122
09/24/2013,PAE,WA,ANM,WE,Towers with Radar,2,2,22,4,30,0,2,86,0,88,2,4,108,4,118,184,0,184,302
09/25/2013,PAE,WA,ANM,WE,Towers with Radar,13,0,10,2,25,1,2,80,2,85,14,2,90,4,110,152,2,154,264
09/26/2013,PAE,WA,ANM,WE,Towers with Radar,11,2,46,2,61,0,0,171,1,172,11,2,217,3,233,404,0,404,637
09/27/2013,PAE,WA,ANM,WE,Towers with Radar,13,4,23,4,44,0,0,26,0,26,13,4,49,4,70,35,0,35,105
09/28/2013,PAE,WA,ANM,WE,Towers with Radar,7,0,11,0,18,0,0,1,0,1,7,0,12,0,19,0,0,0,19
09/29/2013,PAE,WA,ANM,WE,Towers with Radar,7,0,11,0,18,0,0,3,0,3,7,0,14,0,21,0,0,0,21
09/30/2013,PAE,WA,ANM,WE,Towers with Radar,18,3,16,2,39,0,1,19,0,20,18,4,35,2,59,48,0,48,107
10/01/2013,PAE,WA,ANM,WE,Towers with Radar,11,3,7,0,21,0,0,51,0,51,11,3,58,0,72,114,0,114,186
10/02/2013,PAE,WA,ANM,WE,Towers with Radar,17,2,22,0,41,0,0,47,0,47,17,2,69,0,88,88,94,182,270
10/03/2013,PAE,WA,ANM,WE,Towers with Radar,9,2,52,3,66,0,2,137,0,139,9,4,189,3,205,293,0,293,498
10/04/2013,PAE,WA,ANM,WE,Towers with Radar,18,5,26,0,49,0,1,239,0,240,18,6,265,0,289,373,0,373,662
10/05/2013,PAE,WA,ANM,WE,Towers with Radar,0,0,31,0,31,0,0,256,2,258,0,0,287,2,289,230,0,230,519
10/06/2013,PAE,WA,ANM,WE,Towers with Radar,0,0,18,0,18,0,0,199,0,199,0,0,217,0,217,186,0,186,403
10/07/2013,PAE,WA,ANM,WE,Towers with Radar,20,6,19,0,45,0,2,5,0,7,20,8,24,0,52,56,0,56,108
10/08/2013,PAE,WA,ANM,WE,Towers with Radar,19,2,24,0,45,0,3,54,0,57,19,5,78,0,102,203,2,205,307
10/09/2013,PAE,WA,ANM,WE,Towers with Radar,25,4,39,0,68,2,1,163,0,166,27,5,202,0,234,370,0,370,604
10/10/2013,PAE,WA,ANM,WE,Towers with Radar,16,2,43,0,61,0,1,78,0,79,16,3,121,0,140,204,0,204,344
10/11/2013,PAE,WA,ANM,WE,Towers with Radar,10,9,19,0,38,0,0,44,0,44,10,9,63,0,82,167,0,167,249
10/12/2013,PAE,WA,ANM,WE,Towers with Radar,3,0,46,0,49,0,0,94,0,94,3,0,140,0,143,141,0,141,284
10/13/2013,PAE,WA,ANM,WE,Towers with Radar,6,0,37,0,43,0,0,98,1,99,6,0,135,1,142,171,0,171,313
10/14/2013,PAE,WA,ANM,WE,Towers with Radar,9,2,38,0,49,2,1,146,0,149,11,3,184,0,198,179,0,179,377
10/15/2013,PAE,WA,ANM,WE,Towers with Radar,17,9,38,0,64,0,4,133,0,137,17,13,171,0,201,163,0,163,364
10/16/2013,PAE,WA,ANM,WE,Towers with Radar,5,4,21,2,32,0,0,22,0,22,5,4,43,2,54,75,0,75,129
10/17/2013,PAE,WA,ANM,WE,Towers with Radar,23,2,31,0,56,0,1,125,0,126,23,3,156,0,182,201,0,201,383
10/18/2013,PAE,WA,ANM,WE,Towers with Radar,5,3,29,0,37,0,0,153,0,153,5,3,182,0,190,239,0,239,429
10/19/2013,PAE,WA,ANM,WE,Towers with Radar,4,0,3,0,7,0,0,0,0,0,4,0,3,0,7,0,0,0,7
10/20/2013,PAE,WA,ANM,WE,Towers with Radar,2,1,5,0,8,0,0,0,0,0,2,1,5,0,8,0,0,0,8
10/21/2013,PAE,WA,ANM,WE,Towers with Radar,14,0,10,0,24,0,0,0,0,0,14,0,10,0,24,0,0,0,24
10/22/2013,PAE,WA,ANM,WE,Towers with Radar,4,0,3,0,7,0,0,0,0,0,4,0,3,0,7,0,0,0,7
10/23/2013,PAE,WA,ANM,WE,Towers with Radar,20,0,38,1,59,0,2,135,0,137,20,2,173,1,196,220,0,220,416
10/24/2013,PAE,WA,ANM,WE,Towers with Radar,24,6,3,0,33,0,0,0,0,0,24,6,3,0,33,0,0,0,33
10/25/2013,PAE,WA,ANM,WE,Towers with Radar,23,2,37,0,62,0,0,7,0,7,23,2,44,0,69,38,0,38,107
10/26/2013,PAE,WA,ANM,WE,Towers with Radar,9,1,62,0,72,0,0,29,0,29,9,1,91,0,101,80,0,80,181
10/27/2013,PAE,WA,ANM,WE,Towers with Radar,7,0,49,0,56,0,0,57,1,58,7,0,106,1,114,86,0,86,200
10/28/2013,PAE,WA,ANM,WE,Towers with Radar,14,2,35,2,53,0,3,162,0,165,14,5,197,2,218,253,0,253,471
10/29/2013,PAE,WA,ANM,WE,Towers with Radar,13,3,36,2,54,0,7,239,0,246,13,10,275,2,300,326,0,326,626
10/30/2013,PAE,WA,ANM,WE,Towers with Radar,13,7,42,1,63,0,1,55,0,56,13,8,97,1,119,256,0,256,375
10/31/2013,PAE,WA,ANM,WE,Towers with Radar,15,6,51,4,76,0,2,1,0,3,15,8,52,4,79,0,0,0,79
11/01/2013,PAE,WA,ANM,WE,Towers with Radar,16,1,45,0,62,0,1,133,0,134,16,2,178,0,196,252,0,252,448
11/02/2013,PAE,WA,ANM,WE,Towers with Radar,6,0,1,0,7,0,0,4,0,4,6,0,5,0,11,2,0,2,13
11/03/2013,PAE,WA,ANM,WE,Towers with Radar,9,0,24,0,33,0,0,173,0,173,9,0,197,0,206,232,0,232,438
11/04/2013,PAE,WA,ANM,WE,Towers with Radar,11,0,19,0,30,0,2,123,0,125,11,2,142,0,155,288,0,288,443
11/05/2013,PAE,WA,ANM,WE,Towers with Radar,12,8,23,10,53,0,0,0,0,0,12,8,23,10,53,0,0,0,53
11/06/2013,PAE,WA,ANM,WE,Towers with Radar,24,7,25,3,59,0,3,88,1,92,24,10,113,4,151,191,0,191,342
11/07/2013,PAE,WA,ANM,WE,Towers with Radar,16,2,15,0,33,0,0,4,0,4,16,2,19,0,37,0,0,0,37
11/08/2013,PAE,WA,ANM,WE,Towers with Radar,18,3,25,0,46,0,0,145,2,147,18,3,170,2,193,323,0,323,516
11/09/2013,PAE,WA,ANM,WE,Towers with Radar,4,0,40,0,44,0,0,175,0,175,4,0,215,0,219,152,0,152,371
11/10/2013,PAE,WA,ANM,WE,Towers with Radar,11,0,40,0,51,0,0,15,0,15,11,0,55,0,66,45,0,45,111
11/11/2013,PAE,WA,ANM,WE,Towers with Radar,19,4,33,0,56,9,0,188,0,197,28,4,221,0,253,288,0,288,541
11/12/2013,PAE,WA,ANM,WE,Towers with Radar,19,1,32,2,54,0,2,23,0,25,19,3,55,2,79,122,0,122,201
11/13/2013,PAE,WA,ANM,WE,Towers with Radar,27,4,36,2,69,0,0,71,0,71,27,4,107,2,140,226,0,226,366
11/14/2013,PAE,WA,ANM,WE,Towers with Radar,26,1,39,1,67,0,1,21,1,23,26,2,60,2,90,75,0,75,165
11/15/2013,PAE,WA,ANM,WE,Towers with Radar,16,4,14,0,34,0,0,8,0,8,16,4,22,0,42,12,0,12,54
11/16/2013,PAE,WA,ANM,WE,Towers with Radar,10,0,47,0,57,0,0,151,0,151,10,0,198,0,208,466,2,468,676
11/17/2013,PAE,WA,ANM,WE,Towers with Radar,6,0,20,0,26,0,0,12,2,14,6,0,32,2,40,26,0,26,66
11/18/2013,PAE,WA,ANM,WE,Towers with Radar,15,4,10,0,29,0,0,1,0,1,15,4,11,0,30,0,0,0,30
11/19/2013,PAE,WA,ANM,WE,Towers with Radar,15,5,16,0,36,1,3,47,0,51,16,8,63,0,87,108,0,108,195
11/20/2013,PAE,WA,ANM,WE,Towers with Radar,11,4,26,0,41,0,2,146,0,148,11,6,172,0,189,302,0,302,491
11/21/2013,PAE,WA,ANM,WE,Towers with Radar,21,0,22,3,46,5,1,137,4,147,26,1,159,7,193,268,2,270,463
11/22/2013,PAE,WA,ANM,WE,Towers with Radar,21,2,29,0,52,0,1,193,0,194,21,3,222,0,246,217,0,217,463
11/23/2013,PAE,WA,ANM,WE,Towers with Radar,17,6,45,0,68,0,0,325,2,327,17,6,370,2,395,281,0,281,676
11/24/2013,PAE,WA,ANM,WE,Towers with Radar,15,6,20,0,41,0,0,215,0,215,15,6,235,0,256,189,0,189,445
11/25/2013,PAE,WA,ANM,WE,Towers with Radar,19,3,26,0,48,0,0,142,0,142,19,3,168,0,190,199,0,199,389
11/26/2013,PAE,WA,ANM,WE,Towers with Radar,28,8,25,1,62,1,1,99,0,101,29,9,124,1,163,193,0,193,356
11/27/2013,PAE,WA,ANM,WE,Towers with Radar,29,6,45,0,80,0,3,174,0,177,29,9,219,0,257,292,4,296,553
11/28/2013,PAE,WA,ANM,WE,Towers with Radar,5,0,7,0,12,0,0,68,0,68,5,0,75,0,80,79,0,79,159
11/29/2013,PAE,WA,ANM,WE,Towers with Radar,3,3,13,0,19,0,0,31,0,31,3,3,44,0,50,100,0,100,150
11/30/2013,PAE,WA,ANM,WE,Towers with Radar,10,2,41,0,53,0,0,37,0,37,10,2,78,0,90,151,0,151,241
12/01/2013,PAE,WA,ANM,WE,Towers with Radar,3,0,17,0,20,0,0,12,0,12,3,0,29,0,32,0,0,0,32
12/02/2013,PAE,WA,ANM,WE,Towers with Radar,19,2,10,0,31,0,2,43,0,45,19,4,53,0,76,65,0,65,141
12/03/2013,PAE,WA,ANM,WE,Towers with Radar,4,3,33,0,40,0,5,82,5,92,4,8,115,5,132,173,6,179,311
12/04/2013,PAE,WA,ANM,WE,Towers with Radar,11,4,28,2,45,2,2,141,0,145,13,6,169,2,190,308,0,308,498
12/05/2013,PAE,WA,ANM,WE,Towers with Radar,11,0,29,0,40,0,2,87,0,89,11,2,116,0,129,206,0,206,335
12/06/2013,PAE,WA,ANM,WE,Towers with Radar,10,0,19,0,29,0,3,99,0,102,10,3,118,0,131,176,6,182,313
12/07/2013,PAE,WA,ANM,WE,Towers with Radar,11,0,42,0,53,0,0,188,2,190,11,0,230,2,243,241,0,241,484
12/08/2013,PAE,WA,ANM,WE,Towers with Radar,3,0,21,0,24,0,0,119,0,119,3,0,140,0,143,178,0,178,321
12/09/2013,PAE,WA,ANM,WE,Towers with Radar,9,1,5,1,16,0,4,35,0,39,9,5,40,1,55,91,0,91,146
12/10/2013,PAE,WA,ANM,WE,Towers with Radar,22,0,5,0,27,0,0,22,0,22,22,0,27,0,49,60,0,60,109
12/11/2013,PAE,WA,ANM,WE,Towers with Radar,10,4,18,2,34,0,7,100,0,107,10,11,118,2,141,164,0,164,305
12/12/2013,PAE,WA,ANM,WE,Towers with Radar,18,3,16,2,39,0,0,62,0,62,18,3,78,2,101,75,0,75,176
12/13/2013,PAE,WA,ANM,WE,Towers with Radar,14,3,4,0,21,0,0,0,0,0,14,3,4,0,21,0,0,0,21
12/14/2013,PAE,WA,ANM,WE,Towers with Radar,26,0,46,0,72,5,0,87,0,92,31,0,133,0,164,154,0,154,318
12/15/2013,PAE,WA,ANM,WE,Towers with Radar,18,0,29,0,47,0,0,0,0,0,18,0,29,0,47,0,0,0,47
12/16/2013,PAE,WA,ANM,WE,Towers with Radar,27,0,39,0,66,0,4,101,0,105,27,4,140,0,171,210,0,210,381
12/17/2013,PAE,WA,ANM,WE,Towers with Radar,9,2,14,0,25,0,0,0,0,0,9,2,14,0,25,0,0,0,25
12/18/2013,PAE,WA,ANM,WE,Towers with Radar,22,0,17,15,54,2,5,40,4,51,24,5,57,19,105,116,0,116,221
12/19/2013,PAE,WA,ANM,WE,Towers with Radar,11,5,22,0,38,0,2,129,0,131,11,7,151,0,169,202,0,202,371
12/20/2013,PAE,WA,ANM,WE,Towers with Radar,6,2,7,0,15,0,0,0,0,0,6,2,7,0,15,0,0,0,15
12/21/2013,PAE,WA,ANM,WE,Towers with Radar,4,1,12,0,17,0,0,0,0,0,4,1,12,0,17,0,0,0,17
12/22/2013,PAE,WA,ANM,WE,Towers with Radar,6,1,7,0,14,0,0,0,0,0,6,1,7,0,14,0,0,0,14
12/23/2013,PAE,WA,ANM,WE,Towers with Radar,15,2,9,5,31,0,6,13,0,19,15,8,22,5,50,21,0,21,71
12/24/2013,PAE,WA,ANM,WE,Towers with Radar,1,0,19,0,20,0,2,64,0,66,1,2,83,0,86,73,0,73,159
12/25/2013,PAE,WA,ANM,WE,Towers with Radar,0,0,3,0,3,0,0,41,0,41,0,0,44,0,44,39,0,39,83
12/26/2013,PAE,WA,ANM,WE,Towers with Radar,5,0,11,0,16,0,3,111,0,114,5,3,122,0,130,153,0,153,283
12/27/2013,PAE,WA,ANM,WE,Towers with Radar,1,2,20,2,25,0,2,30,0,32,1,4,50,2,57,49,0,49,106
12/28/2013,PAE,WA,ANM,WE,Towers with Radar,6,0,45,0,51,0,0,101,0,101,6,0,146,0,152,138,0,138,290
12/29/2013,PAE,WA,ANM,WE,Towers with Radar,4,0,20,0,24,0,0,2,0,2,4,0,22,0,26,0,0,0,26
12/30/2013,PAE,WA,ANM,WE,Towers with Radar,1,2,18,0,21,0,1,23,0,24,1,3,41,0,45,83,0,83,128
12/31/2013,PAE,WA,ANM,WE,Towers with Radar,0,0,27,0,27,0,1,2,0,3,0,1,29,0,30,0,0,0,30
01/01/2014,PAE,WA,ANM,WE,Towers with Radar,0,0,16,0,16,0,1,100,1,102,0,1,116,1,118,88,0,88,206
01/02/2014,PAE,WA,ANM,WE,Towers with Radar,3,1,20,0,24,0,1,45,1,47,3,2,65,1,71,66,0,66,137
01/03/2014,PAE,WA,ANM,WE,Towers with Radar,19,1,22,1,43,0,1,70,0,71,19,2,92,1,114,191,0,191,305
01/04/2014,PAE,WA,ANM,WE,Towers with Radar,6,0,64,0,70,2,0,260,0,262,8,0,324,0,332,239,0,239,571
01/05/2014,PAE,WA,ANM,WE,Towers with Radar,0,0,52,0,52,0,0,231,0,231,0,0,283,0,283,180,0,180,463
01/06/2014,PAE,WA,ANM,WE,Towers with Radar,14,4,23,0,41,0,2,60,0,62,14,6,83,0,103,70,0,70,173
01/07/2014,PAE,WA,ANM,WE,Towers with Radar,8,3,11,2,24,0,0,2,0,2,8,3,13,2,26,0,0,0,26
01/08/2014,PAE,WA,ANM,WE,Towers with Radar,15,4,9,6,34,0,0,0,0,0,15,4,9,6,34,0,0,0,34
01/09/2014,PAE,WA,ANM,WE,Towers with Radar,21,3,15,0,39,0,1,16,0,17,21,4,31,0,56,55,0,55,111
01/10/2014,PAE,WA,ANM,WE,Towers with Radar,24,6,21,4,55,0,0,14,0,14,24,6,35,4,69,14,0,14,83
01/11/2014,PAE,WA,ANM,WE,Towers with Radar,8,1,5,0,14,0,0,1,0,1,8,1,6,0,15,0,0,0,15
01/12/2014,PAE,WA,ANM,WE,Towers with Radar,3,0,13,0,16,0,0,1,0,1,3,0,14,0,17,0,0,0,17
01/13/2014,PAE,WA,ANM,WE,Towers with Radar,7,2,24,4,37,0,0,28,0,28,7,2,52,4,65,79,0,79,144
01/14/2014,PAE,WA,ANM,WE,Towers with Radar,19,4,54,0,77,0,2,33,0,35,19,6,87,0,112,30,0,30,142
01/15/2014,PAE,WA,ANM,WE,Towers with Radar,15,3,28,0,46,0,1,115,0,116,15,4,143,0,162,136,0,136,298
01/16/2014,PAE,WA,ANM,WE,Towers with Radar,4,0,9,0,13,0,0,0,0,0,4,0,9,0,13,0,0,0,13
01/17/2014,PAE,WA,ANM,WE,Towers with Radar,6,1,5,0,12,0,0,0,0,0,6,1,5,0,12,0,0,0,12
01/18/2014,PAE,WA,ANM,WE,Towers with Radar,6,1,54,0,61,0,0,44,0,44,6,1,98,0,105,140,0,140,245
01/19/2014,PAE,WA,ANM,WE,Towers with Radar,8,3,29,0,40,0,0,0,0,0,8,3,29,0,40,0,0,0,40
01/20/2014,PAE,WA,ANM,WE,Towers with Radar,17,0,32,0,49,0,0,76,3,79,17,0,108,3,128,170,3,173,301
01/21/2014,PAE,WA,ANM,WE,Towers with Radar,21,1,38,0,60,0,1,147,0,148,21,2,185,0,208,128,0,128,336
01/22/2014,PAE,WA,ANM,WE,Towers with Radar,9,5,25,0,39,0,0,0,0,0,9,5,25,0,39,0,0,0,39
01/23/2014,PAE,WA,ANM,WE,Towers with Radar,17,0,15,0,32,0,0,68,0,68,17,0,83,0,100,176,0,176,276
01/24/2014,PAE,WA,ANM,WE,Towers with Radar,16,2,58,0,76,0,1,214,0,215,16,3,272,0,291,217,0,217,508
01/25/2014,PAE,WA,ANM,WE,Towers with Radar,16,3,45,0,64,0,1,254,2,257,16,4,299,2,321,215,14,229,550
01/26/2014,PAE,WA,ANM,WE,Towers with Radar,18,0,27,0,45,1,0,114,1,116,19,0,141,1,161,146,0,146,307
01/27/2014,PAE,WA,ANM,WE,Towers with Radar,13,4,13,0,30,0,2,64,0,66,13,6,77,0,96,167,0,167,263
01/28/2014,PAE,WA,ANM,WE,Towers with Radar,8,4,20,0,32,0,1,27,0,28,8,5,47,0,60,78,0,78,138
01/29/2014,PAE,WA,ANM,WE,Towers with Radar,14,3,13,0,30,0,1,0,0,1,14,4,13,0,31,0,0,0,31
01/30/2014,PAE,WA,ANM,WE,Towers with Radar,18,5,21,0,44,2,1,32,2,37,20,6,53,2,81,120,0,120,201
01/31/2014,PAE,WA,ANM,WE,Towers with Radar,17,1,27,2,47,1,2,82,0,85,18,3,109,2,132,151,1,152,284
02/01/2014,PAE,WA,ANM,WE,Towers with Radar,14,0,30,0,44,0,0,124,0,124,14,0,154,0,168,220,0,220,388
02/02/2014,PAE,WA,ANM,WE,Towers with Radar,6,1,17,0,24,0,0,104,1,105,6,1,121,1,129,98,0,98,227
02/03/2014,PAE,WA,ANM,WE,Towers with Radar,7,0,19,2,28,2,1,114,1,118,9,1,133,3,146,113,34,147,293
02/04/2014,PAE,WA,ANM,WE,Towers with Radar,13,5,21,0,39,0,0,89,0,89,13,5,110,0,128,181,0,181,309
02/05/2014,PAE,WA,ANM,WE,Towers with Radar,17,0,41,1,59,0,1,133,2,136,17,1,174,3,195,158,0,158,353
02/06/2014,PAE,WA,ANM,WE,Towers with Radar,15,1,31,0,47,1,1,93,2,97,16,2,124,2,144,196,0,196,340
02/07/2014,PAE,WA,ANM,WE,Towers with Radar,15,7,32,2,56,0,0,129,0,129,15,7,161,2,185,269,0,269,454
02/08/2014,PAE,WA,ANM,WE,Towers with Radar,7,0,18,0,25,0,0,169,3,172,7,0,187,3,197,169,0,169,366
02/09/2014,PAE,WA,ANM,WE,Towers with Radar,2,6,3,0,11,0,1,14,0,15,2,7,17,0,26,6,0,6,32
02/10/2014,PAE,WA,ANM,WE,Towers with Radar,14,2,5,1,22,0,2,3,0,5,14,4,8,1,27,0,0,0,27
02/11/2014,PAE,WA,ANM,WE,Towers with Radar,24,5,12,6,47,0,0,23,0,23,24,5,35,6,70,131,0,131,201
02/12/2014,PAE,WA,ANM,WE,Towers with Radar,14,0,28,0,42,0,0,28,0,28,14,0,56,0,70,33,0,33,103
02/13/2014,PAE,WA,ANM,WE,Towers with Radar,20,0,13,0,33,0,1,96,0,97,20,1,109,0,130,151,0,151,281
02/14/2014,PAE,WA,ANM,WE,Towers with Radar,18,1,6,0,25,0,1,24,0,25,18,2,30,0,50,77,0,77,127
02/15/2014,PAE,WA,ANM,WE,Towers with Radar,17,2,21,0,40,0,0,71,1,72,17,2,92,1,112,106,0,106,218
02/16/2014,PAE,WA,ANM,WE,Towers with Radar,5,2,13,0,20,0,0,7,0,7,5,2,20,0,27,8,0,8,35
02/17/2014,PAE,WA,ANM,WE,Towers with Radar,10,0,20,0,30,0,3,9,0,12,10,3,29,0,42,39,0,39,81
02/18/2014,PAE,WA,ANM,WE,Towers with Radar,16,1,11,2,30,0,2,1,0,3,16,3,12,2,33,0,0,0,33
02/19/2014,PAE,WA,ANM,WE,Towers with Radar,29,3,14,0,46,0,1,64,0,65,29,4,78,0,111,170,0,170,281
02/20/2014,PAE,WA,ANM,WE,Towers with Radar,25,7,13,0,45,0,3,96,0,99,25,10,109,0,144,232,0,232,376
02/21/2014,PAE,WA,ANM,WE,Towers with Radar,11,2,29,3,45,6,2,93,2,103,17,4,122,5,148,251,2,253,401
02/22/2014,PAE,WA,ANM,WE,Towers with Radar,9,2,9,0,20,0,0,0,0,0,9,2,9,0,20,0,0,0,20
02/23/2014,PAE,WA,ANM,WE,Towers with Radar,9,0,11,0,20,0,0,0,0,0,9,0,11,0,20,0,0,0,20
02/24/2014,PAE,WA,ANM,WE,Towers with Radar,11,4,3,0,18,0,0,0,0,0,11,4,3,0,18,0,0,0,18
02/25/2014,PAE,WA,ANM,WE,Towers with Radar,16,2,33,2,53,1,2,177,5,185,17,4,210,7,238,283,0,283,521
02/26/2014,PAE,WA,ANM,WE,Towers with Radar,19,17,32,2,70,3,4,209,0,216,22,21,241,2,286,351,0,351,637
02/27/2014,PAE,WA,ANM,WE,Towers with Radar,15,1,29,0,45,1,1,94,2,98,16,2,123,2,143,230,4,234,377
02/28/2014,PAE,WA,ANM,WE,Towers with Radar,10,4,44,0,58,0,0,155,0,155,10,4,199,0,213,282,0,282,495
03/01/2014,PAE,WA,ANM,WE,Towers with Radar,12,11,21,0,44,0,0,62,0,62,12,11,83,0,106,142,0,142,248
03/02/2014,PAE,WA,ANM,WE,Towers with Radar,17,0,5,0,22,0,0,3,0,3,17,0,8,0,25,0,0,0,25
03/03/2014,PAE,WA,ANM,WE,Towers with Radar,12,5,18,2,37,0,1,7,0,8,12,6,25,2,45,21,0,21,66
03/04/2014,PAE,WA,ANM,WE,Towers with Radar,12,5,15,0,32,0,0,0,0,0,12,5,15,0,32,0,0,0,32
03/05/2014,PAE,WA,ANM,WE,Towers with Radar,10,9,19,0,38,0,2,21,1,24,10,11,40,1,62,106,6,112,174
03/06/2014,PAE,WA,ANM,WE,Towers with Radar,33,1,18,0,52,0,1,13,0,14,33,2,31,0,66,27,0,27,93
03/07/2014,PAE,WA,ANM,WE,Towers with Radar,13,5,46,0,64,0,0,136,0,136,13,5,182,0,200,226,0,226,426
03/08/2014,PAE,WA,ANM,WE,Towers with Radar,10,0,23,0,33,0,0,34,0,34,10,0,57,0,67,78,0,78,145
03/09/2014,PAE,WA,ANM,WE,Towers with Radar,7,1,36,0,44,0,0,22,0,22,7,1,58,0,66,43,0,43,109
03/10/2014,PAE,WA,ANM,WE,Towers with Radar,14,8,23,0,45,0,3,29,0,32,14,11,52,0,77,49,0,49,126
03/11/2014,PAE,WA,ANM,WE,Towers with Radar,6,2,39,0,47,0,2,160,1,163,6,4,199,1,210,269,0,269,479
03/12/2014,PAE,WA,ANM,WE,Towers with Radar,15,16,28,0,59,0,2,226,3,231,15,18,254,3,290,274,40,314,604
03/13/2014,PAE,WA,ANM,WE,Towers with Radar,16,0,23,0,39,0,4,99,0,103,16,4,122,0,142,267,32,299,441
03/14/2014,PAE,WA,ANM,WE,Towers with Radar,14,1,17,1,33,0,0,55,1,56,14,1,72,2,89,238,0,238,327
03/15/2014,PAE,WA,ANM,WE,Towers with Radar,13,0,19,0,32,0,0,88,2,90,13,0,107,2,122,131,0,131,253
03/16/2014,PAE,WA,ANM,WE,Towers with Radar,6,1,21,0,28,0,0,1,0,1,6,1,22,0,29,0,0,0,29
03/17/2014,PAE,WA,ANM,WE,Towers with Radar,12,3,27,0,42,0,2,90,0,92,12,5,117,0,134,167,0,167,301
03/18/2014,PAE,WA,ANM,WE,Towers with Radar,18,3,35,0,56,0,29,46,0,75,18,32,81,0,131,273,0,273,404
03/19/2014,PAE,WA,ANM,WE,Towers with Radar,12,2,28,0,42,0,1,13,0,14,12,3,41,0,56,7,6,13,69
03/20/2014,PAE,WA,ANM,WE,Towers with Radar,10,1,39,0,50,0,1,108,0,109,10,2,147,0,159,293,0,293,452
03/21/2014,PAE,WA,ANM,WE,Towers with Radar,12,6,31,0,49,0,2,186,0,188,12,8,217,0,237,255,0,255,492
03/22/2014,PAE,WA,ANM,WE,Towers with Radar,11,2,42,0,55,0,0,176,0,176,11,2,218,0,231,212,0,212,443
03/23/2014,PAE,WA,ANM,WE,Towers with Radar,8,0,38,0,46,0,0,238,2,240,8,0,276,2,286,355,0,355,641
03/24/2014,PAE,WA,ANM,WE,Towers with Radar,10,1,27,1,39,0,2,112,4,118,10,3,139,5,157,191,0,191,348
03/25/2014,PAE,WA,ANM,WE,Towers with Radar,19,0,28,0,47,0,2,35,0,37,19,2,63,0,84,68,0,68,152
03/26/2014,PAE,WA,ANM,WE,Towers with Radar,7,6,18,2,33,0,0,54,3,57,7,6,72,5,90,130,0,130,220
03/27/2014,PAE,WA,ANM,WE,Towers with Radar,16,0,23,0,39,0,0,44,3,47,16,0,67,3,86,152,2,154,240
03/28/2014,PAE,WA,ANM,WE,Towers with Radar,19,3,39,0,61,0,1,19,0,20,19,4,58,0,81,52,0,52,133
03/29/2014,PAE,WA,ANM,WE,Towers with Radar,19,0,11,0,30,0,0,9,1,10,19,0,20,1,40,4,0,4,44
03/30/2014,PAE,WA,ANM,WE,Towers with Radar,6,0,28,0,34,1,2,72,3,78,7,2,100,3,112,145,0,145,257
03/31/2014,PAE,WA,ANM,WE,Towers with Radar,15,8,34,0,57,0,3,185,2,190,15,11,219,2,247,307,0,307,554
04/01/2014,PAE,WA,ANM,WE,Towers with Radar,9,1,23,2,35,0,4,133,0,137,9,5,156,2,172,190,0,190,362
04/02/2014,PAE,WA,ANM,WE,Towers with Radar,6,0,38,0,44,0,2,116,0,118,6,2,154,0,162,388,0,388,550
04/03/2014,PAE,WA,ANM,WE,Towers with Radar,20,6,31,3,60,0,0,53,8,61,20,6,84,11,121,87,2,89,210
04/04/2014,PAE,WA,ANM,WE,Towers with Radar,12,2,27,0,41,0,1,62,0,63,12,3,89,0,104,196,0,196,300
04/05/2014,PAE,WA,ANM,WE,Towers with Radar,3,2,40,0,45,0,0,10,1,11,3,2,50,1,56,18,0,18,74
04/06/2014,PAE,WA,ANM,WE,Towers with Radar,5,4,38,2,49,0,0,110,7,117,5,4,148,9,166,289,0,289,455
04/07/2014,PAE,WA,ANM,WE,Towers with Radar,24,3,42,0,69,0,4,158,2,164,24,7,200,2,233,307,0,307,540
04/08/2014,PAE,WA,ANM,WE,Towers with Radar,15,9,18,0,42,1,0,32,3,36,16,9,50,3,78,150,0,150,228
04/09/2014,PAE,WA,ANM,WE,Towers with Radar,13,3,32,0,48,0,2,115,4,121,13,5,147,4,169,239,14,253,422
04/10/2014,PAE,WA,ANM,WE,Towers with Radar,17,1,33,4,55,2,0,135,2,139,19,1,168,6,194,253,0,253,447
04/11/2014,PAE,WA,ANM,WE,Towers with Radar,4,4,36,12,56,0,0,94,0,94,4,4,130,12,150,157,38,195,345
04/12/2014,PAE,WA,ANM,WE,Towers with Radar,8,0,61,1,70,0,0,197,0,197,8,0,258,1,267,134,0,134,401
04/13/2014,PAE,WA,ANM,WE,Towers with Radar,6,1,36,0,43,0,0,247,2,249,6,1,283,2,292,217,0,217,509
04/14/2014,PAE,WA,ANM,WE,Towers with Radar,9,7,21,0,37,2,2,111,0,115,11,9,132,0,152,122,0,122,274
04/15/2014,PAE,WA,ANM,WE,Towers with Radar,16,2,19,1,38,0,2,71,0,73,16,4,90,1,111,151,0,151,262
04/16/2014,PAE,WA,ANM,WE,Towers with Radar,9,2,27,1,39,0,0,13,0,13,9,2,40,1,52,14,0,14,66
04/17/2014,PAE,WA,ANM,WE,Towers with Radar,4,8,12,3,27,0,0,5,0,5,4,8,17,3,32,8,0,8,40
04/18/2014,PAE,WA,ANM,WE,Towers with Radar,25,10,45,3,83,0,1,162,0,163,25,11,207,3,246,186,0,186,432
04/19/2014,PAE,WA,ANM,WE,Towers with Radar,15,1,22,1,39,0,0,66,5,71,15,1,88,6,110,100,0,100,210
04/20/2014,PAE,WA,ANM,WE,Towers with Radar,6,0,30,0,36,0,2,118,0,120,6,2,148,0,156,185,0,185,341
04/21/2014,PAE,WA,ANM,WE,Towers with Radar,16,1,26,1,44,0,12,105,1,118,16,13,131,2,162,279,0,279,441
04/22/2014,PAE,WA,ANM,WE,Towers with Radar,12,0,16,0,28,0,2,16,2,20,12,2,32,2,48,4,0,4,52
04/23/2014,PAE,WA,ANM,WE,Towers with Radar,29,2,19,10,60,0,7,73,1,81,29,9,92,11,141,187,0,187,328
04/24/2014,PAE,WA,ANM,WE,Towers with Radar,25,1,8,2,36,0,0,2,0,2,25,1,10,2,38,0,0,0,38
04/25/2014,PAE,WA,ANM,WE,Towers with Radar,8,4,28,0,40,0,4,172,0,176,8,8,200,0,216,189,0,189,405
04/26/2014,PAE,WA,ANM,WE,Towers with Radar,12,0,21,0,33,0,0,168,0,168,12,0,189,0,201,141,0,141,342
04/27/2014,PAE,WA,ANM,WE,Towers with Radar,10,0,20,0,30,1,3,43,0,47,11,3,63,0,77,90,0,90,167
04/28/2014,PAE,WA,ANM,WE,Towers with Radar,23,5,25,0,53,0,2,113,1,116,23,7,138,1,169,202,0,202,371
04/29/2014,PAE,WA,ANM,WE,Towers with Radar,17,0,27,2,46,3,2,172,2,179,20,2,199,4,225,197,0,197,422
04/30/2014,PAE,WA,ANM,WE,Towers with Radar,19,0,32,1,52,4,4,204,3,215,23,4,236,4,267,214,0,214,481
05/01/2014,PAE,WA,ANM,WE,Towers with Radar,9,2,34,0,45,0,9,207,0,216,9,11,241,0,261,194,0,194,455
05/02/2014,PAE,WA,ANM,WE,Towers with Radar,17,1,37,0,55,0,1,147,1,149,17,2,184,1,204,218,0,218,422
05/03/2014,PAE,WA,ANM,WE,Towers with Radar,12,2,21,0,35,0,2,51,0,53,12,4,72,0,88,66,0,66,154
05/04/2014,PAE,WA,ANM,WE,Towers with Radar,6,1,21,0,28,0,0,27,0,27,6,1,48,0,55,63,0,63,118
05/05/2014,PAE,WA,ANM,WE,Towers with Radar,5,2,31,0,38,0,3,42,0,45,5,5,73,0,83,244,0,244,327
05/06/2014,PAE,WA,ANM,WE,Towers with Radar,15,0,16,0,31,4,2,114,2,122,19,2,130,2,153,198,7,205,358
05/07/2014,PAE,WA,ANM,WE,Towers with Radar,13,4,48,0,65,0,2,208,0,210,13,6,256,0,275,270,0,270,545
05/08/2014,PAE,WA,ANM,WE,Towers with Radar,17,5,31,0,53,5,4,68,0,77,22,9,99,0,130,209,0,209,339
05/09/2014,PAE,WA,ANM,WE,Towers with Radar,4,1,29,0,34,0,4,58,0,62,4,5,87,0,96,91,0,91,187
05/10/2014,PAE,WA,ANM,WE,Towers with Radar,9,0,31,0,40,0,1,91,0,92,9,1,122,0,132,151,0,151,283
05/11/2014,PAE,WA,ANM,WE,Towers with Radar,3,0,27,0,30,0,1,180,0,181,3,1,207,0,211,262,0,262,473
05/12/2014,PAE,WA,ANM,WE,Towers with Radar,1,6,51,0,58,0,3,115,5,123,1,9,166,5,181,187,0,187,368
05/13/2014,PAE,WA,ANM,WE,Towers with Radar,12,2,28,2,44,0,4,158,0,162,12,6,186,2,206,237,8,245,451
05/14/2014,PAE,WA,ANM,WE,Towers with Radar,8,12,24,0,44,0,1,206,2,209,8,13,230,2,253,248,0,248,501
05/15/2014,PAE,WA,ANM,WE,Towers with Radar,20,4,48,1,73,2,6,166,0,174,22,10,214,1,247,161,0,161,408
05/16/2014,PAE,WA,ANM,WE,Towers with Radar,26,2,24,1,53,0,4,124,3,131,26,6,148,4,184,133,0,133,317
05/17/2014,PAE,WA,ANM,WE,Towers with Radar,4,0,27,0,31,0,0,372,0,372,4,0,399,0,403,226,0,226,629
05/18/2014,PAE,WA,ANM,WE,Towers with Radar,11,0,50,0,61,0,1,136,1,138,11,1,186,1,199,246,0,246,445
05/19/2014,PAE,WA,ANM,WE,Towers with Radar,12,0,25,0,37,0,6,93,1,100,12,6,118,1,137,191,4,195,332
05/20/2014,PAE,WA,ANM,WE,Towers with Radar,16,0,38,0,54,5,3,135,2,145,21,3,173,2,199,182,0,182,381
05/21/2014,PAE,WA,ANM,WE,Towers with Radar,23,1,36,0,60,2,1,119,1,123,25,2,155,1,183,189,0,189,372
05/22/2014,PAE,WA,ANM,WE,Towers with Radar,8,2,23,0,33,0,8,171,2,181,8,10,194,2,214,203,8,211,425
05/23/2014,PAE,WA,ANM,WE,Towers with Radar,13,9,54,0,76,0,1,31,0,32,13,10,85,0,108,89,0,89,197
05/24/2014,PAE,WA,ANM,WE,Towers with Radar,5,1,39,0,45,1,1,91,0,93,6,2,130,0,138,77,0,77,215
05/25/2014,PAE,WA,ANM,WE,Towers with Radar,3,1,22,0,26,0,0,58,3,61,3,1,80,3,87,157,0,157,244
05/26/2014,PAE,WA,ANM,WE,Towers with Radar,5,2,33,0,40,0,0,76,0,76,5,2,109,0,116,137,0,137,253
05/27/2014,PAE,WA,ANM,WE,Towers with Radar,12,5,21,0,38,0,4,137,3,144,12,9,158,3,182,175,4,179,361
05/28/2014,PAE,WA,ANM,WE,Towers with Radar,13,0,17,0,30,0,0,97,0,97,13,0,114,0,127,227,0,227,354
05/29/2014,PAE,WA,ANM,WE,Towers with Radar,9,1,43,4,57,0,3,92,0,95,9,4,135,4,152,233,0,233,385
05/30/2014,PAE,WA,ANM,WE,Towers with Radar,19,2,12,0,33,0,2,239,0,241,19,4,251,0,274,170,0,170,444
05/31/2014,PAE,WA,ANM,WE,Towers with Radar,2,1,41,0,44,0,0,254,9,263,2,1,295,9,307,191,4,195,502
06/01/2014,PAE,WA,ANM,WE,Towers with Radar,4,0,23,0,27,0,1,184,2,187,4,1,207,2,214,145,0,145,359
06/02/2014,PAE,WA,ANM,WE,Towers with Radar,10,3,20,0,33,0,2,182,0,184,10,5,202,0,217,250,0,250,467
06/03/2014,PAE,WA,ANM,WE,Towers with Radar,24,0,21,0,45,0,2,91,6,99,24,2,112,6,144,162,12,174,318
06/04/2014,PAE,WA,ANM,WE,Towers with Radar,16,6,33,0,55,0,3,112,0,115,16,9,145,0,170,125,0,125,295
06/05/2014,PAE,WA,ANM,WE,Towers with Radar,29,5,26,6,66,0,3,265,3,271,29,8,291,9,337,255,7,262,599
06/06/2014,PAE,WA,ANM,WE,Towers with Radar,17,2,23,3,45,0,1,208,9,218,17,3,231,12,263,156,0,156,419
06/07/2014,PAE,WA,ANM,WE,Towers with Radar,5,3,37,0,45,0,1,240,0,241,5,4,277,0,286,188,0,188,474
06/08/2014,PAE,WA,ANM,WE,Towers with Radar,8,3,28,0,39,0,1,202,0,203,8,4,230,0,242,199,0,199,441
06/09/2014,PAE,WA,ANM,WE,Towers with Radar,13,2,31,1,47,0,2,109,2,113,13,4,140,3,160,208,0,208,368
06/10/2014,PAE,WA,ANM,WE,Towers with Radar,10,1,28,0,39,0,2,110,4,116,10,3,138,4,155,273,0,273,428
06/11/2014,PAE,WA,ANM,WE,Towers with Radar,21,3,15,5,44,2,0,208,0,210,23,3,223,5,254,245,0,245,499
06/12/2014,PAE,WA,ANM,WE,Towers with Radar,7,6,43,1,57,4,4,135,0,143,11,10,178,1,200,236,0,236,436
06/13/2014,PAE,WA,ANM,WE,Towers with Radar,24,3,34,0,61,0,1,10,0,11,24,4,44,0,72,28,0,28,100
06/14/2014,PAE,WA,ANM,WE,Towers with Radar,15,3,62,0,80,0,0,62,0,62,15,3,124,0,142,94,0,94,236
06/15/2014,PAE,WA,ANM,WE,Towers with Radar,5,1,39,0,45,0,3,72,1,76,5,4,111,1,121,118,0,118,239
06/16/2014,PAE,WA,ANM,WE,Towers with Radar,9,3,28,0,40,0,2,78,0,80,9,5,106,0,120,170,0,170,290
06/17/2014,PAE,WA,ANM,WE,Towers with Radar,8,2,35,0,45,0,0,106,0,106,8,2,141,0,151,179,0,179,330
06/18/2014,PAE,WA,ANM,WE,Towers with Radar,17,2,37,2,58,0,4,145,0,149,17,6,182,2,207,318,0,318,525
06/19/2014,PAE,WA,ANM,WE,Towers with Radar,20,1,36,0,57,0,1,168,4,173,20,2,204,4,230,244,0,244,474
06/20/2014,PAE,WA,ANM,WE,Towers with Radar,18,10,22,0,50,0,0,212,14,226,18,10,234,14,276,339,2,341,617
06/21/2014,PAE,WA,ANM,WE,Towers with Radar,3,1,28,1,33,0,1,362,3,366,3,2,390,4,399,350,0,350,749
06/22/2014,PAE,WA,ANM,WE,Towers with Radar,10,3,22,1,36,3,2,326,2,333,13,5,348,3,369,312,52,364,733
06/23/2014,PAE,WA,ANM,WE,Towers with Radar,12,6,27,0,45,0,4,152,7,163,12,10,179,7,208,252,7,259,467
06/24/2014,PAE,WA,ANM,WE,Towers with Radar,10,5,29,1,45,0,4,107,2,113,10,9,136,3,158,142,16,158,316
06/25/2014,PAE,WA,ANM,WE,Towers with Radar,8,2,25,2,37,1,6,145,0,152,9,8,170,2,189,203,0,203,392
06/26/2014,PAE,WA,ANM,WE,Towers with Radar,14,6,31,0,51,0,3,116,0,119,14,9,147,0,170,204,0,204,374
06/27/2014,PAE,WA,ANM,WE,Towers with Radar,11,12,19,2,44,0,0,73,6,79,11,12,92,8,123,173,0,173,296
06/28/2014,PAE,WA,ANM,WE,Towers with Radar,10,2,19,0,31,1,0,62,0,63,11,2,81,0,94,161,0,161,255
06/29/2014,PAE,WA,ANM,WE,Towers with Radar,6,4,26,0,36,0,1,149,9,159,6,5,175,9,195,298,12,310,505
06/30/2014,PAE,WA,ANM,WE,Towers with Radar,5,1,19,0,25,0,5,180,0,185,5,6,199,0,210,215,0,215,425
07/01/2014,PAE,WA,ANM,WE,Towers with Radar,6,0,22,0,28,0,7,180,2,189,6,7,202,2,217,151,0,151,368
07/02/2014,PAE,WA,ANM,WE,Towers with Radar,14,4,42,0,60,0,6,155,0,161,14,10,197,0,221,178,0,178,399
07/03/2014,PAE,WA,ANM,WE,Towers with Radar,35,3,23,0,61,1,1,176,0,178,36,4,199,0,239,240,0,240,479
07/04/2014,PAE,WA,ANM,WE,Towers with Radar,3,0,31,0,34,0,0,157,0,157,3,0,188,0,191,172,0,172,363
07/05/2014,PAE,WA,ANM,WE,Towers with Radar,5,1,17,0,23,0,3,145,0,148,5,4,162,0,171,112,0,112,283
07/06/2014,PAE,WA,ANM,WE,Towers with Radar,14,0,46,0,60,0,0,196,0,196,14,0,242,0,256,304,0,304,560
07/07/2014,PAE,WA,ANM,WE,Towers with Radar,4,2,17,3,26,0,1,95,0,96,4,3,112,3,122,110,2,112,234
07/08/2014,PAE,WA,ANM,WE,Towers with Radar,4,1,19,0,24,0,3,148,0,151,4,4,167,0,175,221,0,221,396
07/09/2014,PAE,WA,ANM,WE,Towers with Radar,18,0,11,0,29,2,1,182,0,185,20,1,193,0,214,239,0,239,453
07/10/2014,PAE,WA,ANM,WE,Towers with Radar,33,0,21,0,54,0,4,239,0,243,33,4,260,0,297,348,8,356,653
07/11/2014,PAE,WA,ANM,WE,Towers with Radar,7,3,25,0,35,0,4,175,0,179,7,7,200,0,214,296,0,296,510
07/12/2014,PAE,WA,ANM,WE,Towers with Radar,8,0,28,0,36,0,0,228,0,228,8,0,256,0,264,246,0,246,510
07/13/2014,PAE,WA,ANM,WE,Towers with Radar,11,1,14,0,26,0,2,183,1,186,11,3,197,1,212,175,0,175,387
07/14/2014,PAE,WA,ANM,WE,Towers with Radar,6,0,11,0,17,0,3,155,2,160,6,3,166,2,177,240,0,240,417
07/15/2014,PAE,WA,ANM,WE,Towers with Radar,18,1,22,3,44,1,2,151,1,155,19,3,173,4,199,228,4,232,431
07/16/2014,PAE,WA,ANM,WE,Towers with Radar,26,1,11,0,38,3,0,138,1,142,29,1,149,1,180,247,0,247,427
07/17/2014,PAE,WA,ANM,WE,Towers with Radar,33,1,25,0,59,0,0,153,0,153,33,1,178,0,212,209,0,209,421
07/18/2014,PAE,WA,ANM,WE,Towers with Radar,7,2,16,1,26,0,1,159,4,164,7,3,175,5,190,169,0,169,359
07/19/2014,PAE,WA,ANM,WE,Towers with Radar,18,0,38,0,56,0,0,71,0,71,18,0,109,0,127,110,0,110,237
07/20/2014,PAE,WA,ANM,WE,Towers with Radar,8,0,49,0,57,0,0,88,1,89,8,0,137,1,146,168,0,168,314
07/21/2014,PAE,WA,ANM,WE,Towers with Radar,10,2,33,0,45,0,0,132,0,132,10,2,165,0,177,120,0,120,297
07/22/2014,PAE,WA,ANM,WE,Towers with Radar,23,10,34,0,67,0,0,63,0,63,23,10,97,0,130,87,0,87,217
07/23/2014,PAE,WA,ANM,WE,Towers with Radar,25,2,17,2,46,0,0,9,2,11,25,2,26,4,57,7,0,7,64
07/24/2014,PAE,WA,ANM,WE,Towers with Radar,8,5,57,0,70,0,1,18,0,19,8,6,75,0,89,59,0,59,148
07/25/2014,PAE,WA,ANM,WE,Towers with Radar,5,1,22,0,28,0,2,201,2,205,5,3,223,2,233,385,0,385,618
07/26/2014,PAE,WA,ANM,WE,Towers with Radar,6,0,40,0,46,0,1,223,0,224,6,1,263,0,270,265,0,265,535
07/27/2014,PAE,WA,ANM,WE,Towers with Radar,4,0,19,0,23,0,1,190,0,191,4,1,209,0,214,171,0,171,385
07/28/2014,PAE,WA,ANM,WE,Towers with Radar,11,0,18,0,29,0,2,135,0,137,11,2,153,0,166,235,4,239,405
07/29/2014,PAE,WA,ANM,WE,Towers with Radar,9,0,13,0,22,0,3,139,1,143,9,3,152,1,165,257,0,257,422
07/30/2014,PAE,WA,ANM,WE,Towers with Radar,7,4,19,0,30,0,2,178,0,180,7,6,197,0,210,153,0,153,363
07/31/2014,PAE,WA,ANM,WE,Towers with Radar,11,0,7,0,18,2,1,176,0,179,13,1,183,0,197,224,0,224,421
08/01/2014,PAE,WA,ANM,WE,Towers with Radar,8,1,11,0,20,0,0,191,0,191,8,1,202,0,211,220,0,220,431
08/02/2014,PAE,WA,ANM,WE,Towers with Radar,0,1,9,0,10,0,2,161,0,163,0,3,170,0,173,153,0,153,326
08/03/2014,PAE,WA,ANM,WE,Towers with Radar,12,1,12,1,26,1,0,182,3,186,13,1,194,4,212,160,0,160,372
08/04/2014,PAE,WA,ANM,WE,Towers with Radar,9,3,7,4,23,0,2,155,2,159,9,5,162,6,182,180,0,180,362
08/05/2014,PAE,WA,ANM,WE,Towers with Radar,16,0,38,1,55,0,6,97,9,112,16,6,135,10,167,257,0,257,424
08/06/2014,PAE,WA,ANM,WE,Towers with Radar,7,1,20,0,28,0,2,122,0,124,7,3,142,0,152,225,0,225,377
08/07/2014,PAE,WA,ANM,WE,Towers with Radar,7,3,22,0,32,0,0,200,0,200,7,3,222,0,232,174,0,174,406
08/08/2014,PAE,WA,ANM,WE,Towers with Radar,12,5,18,0,35,0,2,149,0,151,12,7,167,0,186,199,0,199,385
08/09/2014,PAE,WA,ANM,WE,Towers with Radar,4,1,13,0,18,0,0,241,2,243,4,1,254,2,261,261,0,261,522
08/10/2014,PAE,WA,ANM,WE,Towers with Radar,6,0,21,0,27,0,1,217,1,219,6,1,238,1,246,231,0,231,477
08/11/2014,PAE,WA,ANM,WE,Towers with Radar,10,3,15,0,28,0,4,143,2,149,10,7,158,2,177,254,6,260,437
08/12/2014,PAE,WA,ANM,WE,Towers with Radar,10,1,24,0,35,0,0,76,0,76,10,1,100,0,111,241,0,241,352
08/13/2014,PAE,WA,ANM,WE,Towers with Radar,7,3,46,7,63,0,2,45,0,47,7,5,91,7,110,122,0,122,232
08/14/2014,PAE,WA,ANM,WE,Towers with Radar,15,8,31,5,59,0,3,85,1,89,15,11,116,6,148,212,0,212,360
08/15/2014,PAE,WA,ANM,WE,Towers with Radar,22,11,39,2,74,0,0,71,0,71,22,11,110,2,145,86,0,86,231
08/16/2014,PAE,WA,ANM,WE,Towers with Radar,10,5,46,0,61,0,0,175,0,175,10,5,221,0,236,201,0,201,437
08/17/2014,PAE,WA,ANM,WE,Towers with Radar,12,2,11,0,25,0,0,193,2,195,12,2,204,2,220,288,0,288,508
08/18/2014,PAE,WA,ANM,WE,Towers with Radar,12,0,23,0,35,0,2,167,0,169,12,2,190,0,204,193,0,193,397
08/19/2014,PAE,WA,ANM,WE,Towers with Radar,17,4,29,3,53,4,1,124,0,129,21,5,153,3,182,183,0,183,365
08/20/2014,PAE,WA,ANM,WE,Towers with Radar,19,2,39,2,62,2,2,140,2,146,21,4,179,4,208,241,0,241,449
08/21/2014,PAE,WA,ANM,WE,Towers with Radar,17,1,26,2,46,0,4,187,0,191,17,5,213,2,237,280,0,280,517
08/22/2014,PAE,WA,ANM,WE,Towers with Radar,13,1,19,0,33,10,6,215,1,232,23,7,234,1,265,120,0,120,385
08/23/2014,PAE,WA,ANM,WE,Towers with Radar,1,0,22,0,23,0,0,422,0,422,1,0,444,0,445,185,1,186,631
08/24/2014,PAE,WA,ANM,WE,Towers with Radar,6,3,22,2,33,3,1,218,0,222,9,4,240,2,255,176,0,176,431
08/25/2014,PAE,WA,ANM,WE,Towers with Radar,6,1,24,0,31,0,3,139,2,144,6,4,163,2,175,155,0,155,330
08/26/2014,PAE,WA,ANM,WE,Towers with Radar,10,2,24,1,37,0,3,153,2,158,10,5,177,3,195,272,0,272,467
08/27/2014,PAE,WA,ANM,WE,Towers with Radar,9,4,24,2,39,1,3,191,3,198,10,7,215,5,237,237,0,237,474
08/28/2014,PAE,WA,ANM,WE,Towers with Radar,6,7,53,0,66,0,2,137,0,139,6,9,190,0,205,162,0,162,367
08/29/2014,PAE,WA,ANM,WE,Towers with Radar,19,2,48,0,69,0,5,148,0,153,19,7,196,0,222,35,0,35,257
08/30/2014,PAE,WA,ANM,WE,Towers with Radar,2,1,46,0,49,0,2,85,2,89,2,3,131,2,138,242,0,242,380
08/31/2014,PAE,WA,ANM,WE,Towers with Radar,4,3,64,0,71,0,0,160,1,161,4,3,224,1,232,121,0,121,353
09/01/2014,PAE,WA,ANM,WE,Towers with Radar,0,2,48,0,50,0,0,194,0,194,0,2,242,0,244,241,0,241,485
09/02/2014,PAE,WA,ANM,WE,Towers with Radar,21,1,39,2,63,0,1,55,0,56,21,2,94,2,119,115,0,115,234
09/03/2014,PAE,WA,ANM,WE,Towers with Radar,7,6,46,3,62,0,3,128,1,132,7,9,174,4,194,274,0,274,468
09/04/2014,PAE,WA,ANM,WE,Towers with Radar,11,0,16,0,27,1,3,198,5,207,12,3,214,5,234,256,0,256,490
09/05/2014,PAE,WA,ANM,WE,Towers with Radar,3,3,20,0,26,0,3,239,2,244,3,6,259,2,270,227,0,227,497
09/06/2014,PAE,WA,ANM,WE,Towers with Radar,2,0,15,0,17,0,0,280,1,281,2,0,295,1,298,278,0,278,576
09/07/2014,PAE,WA,ANM,WE,Towers with Radar,3,1,18,0,22,0,0,213,3,216,3,1,231,3,238,268,0,268,506
09/08/2014,PAE,WA,ANM,WE,Towers with Radar,12,1,41,0,54,0,0,26,0,26,12,1,67,0,80,132,0,132,212
09/09/2014,PAE,WA,ANM,WE,Towers with Radar,8,4,50,0,62,0,3,83,0,86,8,7,133,0,148,221,20,241,389
09/10/2014,PAE,WA,ANM,WE,Towers with Radar,7,2,23,0,32,2,2,128,1,133,9,4,151,1,165,178,35,213,378
09/11/2014,PAE,WA,ANM,WE,Towers with Radar,7,5,18,0,30,0,2,190,1,193,7,7,208,1,223,277,0,277,500
09/12/2014,PAE,WA,ANM,WE,Towers with Radar,10,0,25,0,35,1,1,198,2,202,11,1,223,2,237,236,0,236,473
09/13/2014,PAE,WA,ANM,WE,Towers with Radar,10,1,14,0,25,0,0,243,0,243,10,1,257,0,268,254,0,254,522
09/14/2014,PAE,WA,ANM,WE,Towers with Radar,7,2,14,0,23,0,0,178,0,178,7,2,192,0,201,233,0,233,434
09/15/2014,PAE,WA,ANM,WE,Towers with Radar,12,0,16,0,28,0,0,110,0,110,12,0,126,0,138,223,0,223,361
09/16/2014,PAE,WA,ANM,WE,Towers with Radar,26,4,31,0,61,0,0,86,1,87,26,4,117,1,148,262,0,262,410
09/17/2014,PAE,WA,ANM,WE,Towers with Radar,11,3,23,4,41,0,0,105,0,105,11,3,128,4,146,255,0,255,401
09/18/2014,PAE,WA,ANM,WE,Towers with Radar,19,0,23,0,42,0,0,30,0,30,19,0,53,0,72,37,0,37,109
09/19/2014,PAE,WA,ANM,WE,Towers with Radar,15,0,23,7,45,0,8,119,0,127,15,8,142,7,172,181,0,181,353
09/20/2014,PAE,WA,ANM,WE,Towers with Radar,11,2,23,0,36,0,0,182,0,182,11,2,205,0,218,176,0,176,394
09/21/2014,PAE,WA,ANM,WE,Towers with Radar,17,2,19,0,38,0,0,181,1,182,17,2,200,1,220,201,2,203,423
09/22/2014,PAE,WA,ANM,WE,Towers with Radar,15,0,28,0,43,0,0,62,2,64,15,0,90,2,107,195,0,195,302
09/23/2014,PAE,WA,ANM,WE,Towers with Radar,15,2,45,0,62,0,0,55,0,55,15,2,100,0,117,122,37,159,276
09/24/2014,PAE,WA,ANM,WE,Towers with Radar,9,0,30,0,39,0,2,32,0,34,9,2,62,0,73,93,0,93,166
09/25/2014,PAE,WA,ANM,WE,Towers with Radar,14,2,40,0,56,0,3,68,0,71,14,5,108,0,127,89,0,89,216
09/26/2014,PAE,WA,ANM,WE,Towers with Radar,20,8,49,2,79,0,0,28,0,28,20,8,77,2,107,35,0,35,142
09/27/2014,PAE,WA,ANM,WE,Towers with Radar,3,0,39,0,42,0,1,152,0,153,3,1,191,0,195,134,0,134,329
09/28/2014,PAE,WA,ANM,WE,Towers with Radar,4,0,27,1,32,1,0,90,0,91,5,0,117,1,123,181,0,181,304
09/29/2014,PAE,WA,ANM,WE,Towers with Radar,12,1,19,0,32,0,0,0,0,0,12,1,19,0,32,0,0,0,32
09/30/2014,PAE,WA,ANM,WE,Towers with Radar,24,3,41,1,69,1,0,65,0,66,25,3,106,1,135,151,0,151,286
10/01/2014,PAE,WA,ANM,WE,Towers with Radar,23,2,51,1,77,1,0,93,0,94,24,2,144,1,171,279,0,279,450
10/02/2014,PAE,WA,ANM,WE,Towers with Radar,7,2,22,1,32,1,0,193,2,196,8,2,215,3,228,228,0,228,456
10/03/2014,PAE,WA,ANM,WE,Towers with Radar,18,3,51,0,72,0,0,193,0,193,18,3,244,0,265,299,0,299,564
10/04/2014,PAE,WA,ANM,WE,Towers with Radar,9,0,22,0,31,0,0,191,0,191,9,0,213,0,222,405,0,405,627
10/05/2014,PAE,WA,ANM,WE,Towers with Radar,10,0,33,0,43,0,4,248,0,252,10,4,281,0,295,293,0,293,588
10/06/2014,PAE,WA,ANM,WE,Towers with Radar,15,0,45,0,60,0,0,103,0,103,15,0,148,0,163,207,0,207,370
10/07/2014,PAE,WA,ANM,WE,Towers with Radar,10,0,11,1,22,0,0,0,0,0,10,0,11,1,22,0,0,0,22
10/08/2014,PAE,WA,ANM,WE,Towers with Radar,9,2,30,5,46,0,11,51,0,62,9,13,81,5,108,58,0,58,166
10/09/2014,PAE,WA,ANM,WE,Towers with Radar,8,0,24,3,35,0,0,96,5,101,8,0,120,8,136,227,0,227,363
10/10/2014,PAE,WA,ANM,WE,Towers with Radar,2,1,30,0,33,0,0,20,0,20,2,1,50,0,53,57,0,57,110
10/11/2014,PAE,WA,ANM,WE,Towers with Radar,9,0,38,0,47,0,0,47,0,47,9,0,85,0,94,166,0,166,260
10/12/2014,PAE,WA,ANM,WE,Towers with Radar,10,5,80,0,95,0,0,65,0,65,10,5,145,0,160,229,0,229,389
10/13/2014,PAE,WA,ANM,WE,Towers with Radar,14,2,27,0,43,0,0,34,0,34,14,2,61,0,77,108,0,108,185
10/14/2014,PAE,WA,ANM,WE,Towers with Radar,14,6,49,0,69,0,1,86,3,90,14,7,135,3,159,206,10,216,375
10/15/2014,PAE,WA,ANM,WE,Towers with Radar,17,3,21,0,41,0,2,33,0,35,17,5,54,0,76,30,0,30,106
10/16/2014,PAE,WA,ANM,WE,Towers with Radar,20,2,30,0,52,0,0,163,0,163,20,2,193,0,215,267,0,267,482
10/17/2014,PAE,WA,ANM,WE,Towers with Radar,14,1,20,1,36,0,0,38,3,41,14,1,58,4,77,54,0,54,131
10/18/2014,PAE,WA,ANM,WE,Towers with Radar,0,0,30,15,45,0,0,76,1,77,0,0,106,16,122,184,3,187,309
10/19/2014,PAE,WA,ANM,WE,Towers with Radar,8,3,30,1,42,0,1,184,2,187,8,4,214,3,229,223,21,244,473
10/20/2014,PAE,WA,ANM,WE,Towers with Radar,17,0,36,0,53,0,0,66,0,66,17,0,102,0,119,96,0,96,215
10/21/2014,PAE,WA,ANM,WE,Towers with Radar,19,0,30,2,51,0,0,27,0,27,19,0,57,2,78,24,0,24,102
10/22/2014,PAE,WA,ANM,WE,Towers with Radar,37,4,23,0,64,0,0,2,0,2,37,4,25,0,66,8,0,8,74
10/23/2014,PAE,WA,ANM,WE,Towers with Radar,15,0,27,0,42,0,0,51,0,51,15,0,78,0,93,111,0,111,204
10/24/2014,PAE,WA,ANM,WE,Towers with Radar,13,1,20,0,34,0,1,132,0,133,13,2,152,0,167,275,0,275,442
10/25/2014,PAE,WA,ANM,WE,Towers with Radar,7,0,29,0,36,0,0,39,0,39,7,0,68,0,75,91,0,91,166
10/26/2014,PAE,WA,ANM,WE,Towers with Radar,13,2,16,0,31,0,0,38,0,38,13,2,54,0,69,154,0,154,223
10/27/2014,PAE,WA,ANM,WE,Towers with Radar,11,0,31,2,44,0,0,93,0,93,11,0,124,2,137,75,0,75,212
10/28/2014,PAE,WA,ANM,WE,Towers with Radar,33,8,18,2,61,0,0,4,3,7,33,8,22,5,68,9,0,9,77
10/29/2014,PAE,WA,ANM,WE,Towers with Radar,24,8,36,0,68,0,0,96,0,96,24,8,132,0,164,244,0,244,408
10/30/2014,PAE,WA,ANM,WE,Towers with Radar,18,0,33,0,51,0,0,43,0,43,18,0,76,0,94,92,0,92,186
10/31/2014,PAE,WA,ANM,WE,Towers with Radar,14,2,33,1,50,0,0,3,0,3,14,2,36,1,53,0,0,0,53
11/01/2014,PAE,WA,ANM,WE,Towers with Radar,7,0,21,0,28,0,0,31,0,31,7,0,52,0,59,167,0,167,226
11/02/2014,PAE,WA,ANM,WE,Towers with Radar,5,1,64,0,70,0,0,53,0,53,5,1,117,0,123,66,0,66,189
11/03/2014,PAE,WA,ANM,WE,Towers with Radar,2,1,24,2,29,0,0,4,0,4,2,1,28,2,33,2,0,2,35
11/04/2014,PAE,WA,ANM,WE,Towers with Radar,14,4,21,0,39,0,0,40,0,40,14,4,61,0,79,114,0,114,193
11/05/2014,PAE,WA,ANM,WE,Towers with Radar,21,0,44,6,71,0,2,70,0,72,21,2,114,6,143,141,0,141,284
11/06/2014,PAE,WA,ANM,WE,Towers with Radar,20,3,8,0,31,0,0,7,0,7,20,3,15,0,38,43,0,43,81
11/07/2014,PAE,WA,ANM,WE,Towers with Radar,22,2,27,2,53,0,2,273,0,275,22,4,300,2,328,324,0,324,652
11/08/2014,PAE,WA,ANM,WE,Towers with Radar,16,0,42,0,58,0,0,243,0,243,16,0,285,0,301,343,0,343,644
11/09/2014,PAE,WA,ANM,WE,Towers with Radar,4,1,24,0,29,0,0,10,0,10,4,1,34,0,39,32,0,32,71
11/10/2014,PAE,WA,ANM,WE,Towers with Radar,11,2,11,0,24,0,1,96,0,97,11,3,107,0,121,205,0,205,326
11/11/2014,PAE,WA,ANM,WE,Towers with Radar,20,0,10,0,30,0,0,40,0,40,20,0,50,0,70,32,0,32,102
11/12/2014,PAE,WA,ANM,WE,Towers with Radar,20,4,36,1,61,0,2,127,0,129,20,6,163,1,190,165,0,165,355
11/13/2014,PAE,WA,ANM,WE,Towers with Radar,15,2,19,2,38,2,5,123,0,130,17,7,142,2,168,227,0,227,395
11/14/2014,PAE,WA,ANM,WE,Towers with Radar,10,1,21,0,32,0,0,139,0,139,10,1,160,0,171,241,0,241,412
11/15/2014,PAE,WA,ANM,WE,Towers with Radar,4,0,60,0,64,3,0,271,1,275,7,0,331,1,339,291,0,291,630
11/16/2014,PAE,WA,ANM,WE,Towers with Radar,5,0,19,0,24,0,0,204,0,204,5,0,223,0,228,234,0,234,462
11/17/2014,PAE,WA,ANM,WE,Towers with Radar,11,2,11,0,24,0,0,113,0,113,11,2,124,0,137,205,0,205,342
11/18/2014,PAE,WA,ANM,WE,Towers with Radar,15,2,28,5,50,0,2,152,1,155,15,4,180,6,205,257,0,257,462
11/19/2014,PAE,WA,ANM,WE,Towers with Radar,17,0,31,1,49,1,4,99,2,106,18,4,130,3,155,106,0,106,261
11/20/2014,PAE,WA,ANM,WE,Towers with Radar,18,7,45,4,74,0,0,56,0,56,18,7,101,4,130,100,0,100,230
11/21/2014,PAE,WA,ANM,WE,Towers with Radar,22,5,10,0,37,0,0,10,0,10,22,5,20,0,47,19,0,19,66
11/22/2014,PAE,WA,ANM,WE,Towers with Radar,8,0,53,0,61,0,0,60,0,60,8,0,113,0,121,165,0,165,286
11/23/2014,PAE,WA,ANM,WE,Towers with Radar,12,1,26,0,39,0,0,42,0,42,12,1,68,0,81,92,0,92,173
11/24/2014,PAE,WA,ANM,WE,Towers with Radar,23,8,16,2,49,0,0,30,3,33,23,8,46,5,82,48,0,48,130
11/25/2014,PAE,WA,ANM,WE,Towers with Radar,23,4,11,4,42,0,0,0,0,0,23,4,11,4,42,0,0,0,42
11/26/2014,PAE,WA,ANM,WE,Towers with Radar,28,0,17,2,47,0,0,19,0,19,28,0,36,2,66,0,0,0,66
11/27/2014,PAE,WA,ANM,WE,Towers with Radar,0,0,4,0,4,0,0,5,2,7,0,0,9,2,11,0,0,0,11
11/28/2014,PAE,WA,ANM,WE,Towers with Radar,4,1,4,0,9,0,0,4,0,4,4,1,8,0,13,0,0,0,13
11/29/2014,PAE,WA,ANM,WE,Towers with Radar,5,2,11,0,18,0,0,31,0,31,5,2,42,0,49,30,0,30,79
11/30/2014,PAE,WA,ANM,WE,Towers with Radar,7,3,34,0,44,0,0,131,0,131,7,3,165,0,175,89,0,89,264
12/01/2014,PAE,WA,ANM,WE,Towers with Radar,18,3,20,0,41,1,0,70,0,71,19,3,90,0,112,105,0,105,217
12/02/2014,PAE,WA,ANM,WE,Towers with Radar,12,1,8,15,36,2,10,143,4,159,14,11,151,19,195,186,0,186,381
12/03/2014,PAE,WA,ANM,WE,Towers with Radar,18,0,21,0,39,0,0,125,2,127,18,0,146,2,166,244,0,244,410
12/04/2014,PAE,WA,ANM,WE,Towers with Radar,25,4,29,1,59,0,2,31,1,34,25,6,60,2,93,86,0,86,179
12/05/2014,PAE,WA,ANM,WE,Towers with Radar,23,6,40,0,69,0,0,50,0,50,23,6,90,0,119,115,0,115,234
12/06/2014,PAE,WA,ANM,WE,Towers with Radar,7,0,52,0,59,0,0,21,0,21,7,0,73,0,80,34,0,34,114
12/07/2014,PAE,WA,ANM,WE,Towers with Radar,7,0,49,0,56,0,0,262,0,262,7,0,311,0,318,237,0,237,555
12/08/2014,PAE,WA,ANM,WE,Towers with Radar,31,0,18,0,49,0,0,42,0,42,31,0,60,0,91,125,0,125,216
12/09/2014,PAE,WA,ANM,WE,Towers with Radar,14,3,9,0,26,0,0,9,0,9,14,3,18,0,35,32,0,32,67
12/10/2014,PAE,WA,ANM,WE,Towers with Radar,14,2,8,0,24,0,0,0,2,2,14,2,8,2,26,8,0,8,34
12/11/2014,PAE,WA,ANM,WE,Towers with Radar,11,3,9,0,23,0,0,5,0,5,11,3,14,0,28,51,0,51,79
12/12/2014,PAE,WA,ANM,WE,Towers with Radar,28,2,41,1,72,0,1,74,0,75,28,3,115,1,147,127,2,129,276
12/13/2014,PAE,WA,ANM,WE,Towers with Radar,16,5,32,0,53,0,0,82,0,82,16,5,114,0,135,145,6,151,286
12/14/2014,PAE,WA,ANM,WE,Towers with Radar,16,1,17,0,34,0,0,188,0,188,16,1,205,0,222,285,0,285,507
12/15/2014,PAE,WA,ANM,WE,Towers with Radar,25,6,20,0,51,0,0,85,0,85,25,6,105,0,136,134,0,134,270
12/16/2014,PAE,WA,ANM,WE,Towers with Radar,6,4,29,0,39,0,2,71,0,73,6,6,100,0,112,154,0,154,266
12/17/2014,PAE,WA,ANM,WE,Towers with Radar,17,12,51,0,80,0,1,75,0,76,17,13,126,0,156,135,0,135,291
12/18/2014,PAE,WA,ANM,WE,Towers with Radar,26,10,27,2,65,1,2,42,0,45,27,12,69,2,110,142,0,142,252
12/19/2014,PAE,WA,ANM,WE,Towers with Radar,37,3,14,0,54,0,0,41,0,41,37,3,55,0,95,57,0,57,152
12/20/2014,PAE,WA,ANM,WE,Towers with Radar,5,0,16,0,21,0,0,9,0,9,5,0,25,0,30,29,0,29,59
12/21/2014,PAE,WA,ANM,WE,Towers with Radar,21,0,17,0,38,6,0,88,0,94,27,0,105,0,132,216,0,216,348
12/22/2014,PAE,WA,ANM,WE,Towers with Radar,9,0,29,0,38,0,0,143,0,143,9,0,172,0,181,207,0,207,388
12/23/2014,PAE,WA,ANM,WE,Towers with Radar,14,4,10,0,28,0,0,6,0,6,14,4,16,0,34,6,0,6,40
12/24/2014,PAE,WA,ANM,WE,Towers with Radar,1,2,22,0,25,0,0,11,0,11,1,2,33,0,36,3,0,3,39
12/25/2014,PAE,WA,ANM,WE,Towers with Radar,0,0,6,0,6,0,0,16,0,16,0,0,22,0,22,2,0,2,24
12/26/2014,PAE,WA,ANM,WE,Towers with Radar,2,0,26,0,28,0,0,56,0,56,2,0,82,0,84,59,0,59,143
12/27/2014,PAE,WA,ANM,WE,Towers with Radar,1,2,12,0,15,0,0,6,0,6,1,2,18,0,21,6,0,6,27
12/28/2014,PAE,WA,ANM,WE,Towers with Radar,2,1,20,0,23,0,0,21,0,21,2,1,41,0,44,26,0,26,70
12/29/2014,PAE,WA,ANM,WE,Towers with Radar,7,2,15,0,24,0,0,134,0,134,7,2,149,0,158,228,0,228,386
12/30/2014,PAE,WA,ANM,WE,Towers with Radar,3,6,33,0,42,0,0,175,1,176,3,6,208,1,218,215,0,215,433
12/31/2014,PAE,WA,ANM,WE,Towers with Radar,2,0,11,0,13,0,0,213,2,215,2,0,224,2,228,237,0,237,465
01/01/2015,PAE,WA,ANM,WE,Towers with Radar,4,6,15,0,25,0,0,195,0,195,4,6,210,0,220,162,0,162,382
01/02/2015,PAE,WA,ANM,WE,Towers with Radar,9,12,14,0,35,0,5,35,0,40,9,17,49,0,75,26,0,26,101
01/03/2015,PAE,WA,ANM,WE,Towers with Radar,2,0,26,0,28,0,0,77,0,77,2,0,103,0,105,240,0,240,345
01/04/2015,PAE,WA,ANM,WE,Towers with Radar,3,0,8,0,11,0,0,2,0,2,3,0,10,0,13,16,0,16,29
01/05/2015,PAE,WA,ANM,WE,Towers with Radar,4,0,18,2,24,0,0,0,0,0,4,0,18,2,24,0,0,0,24
01/06/2015,PAE,WA,ANM,WE,Towers with Radar,16,6,24,0,46,0,0,45,1,46,16,6,69,1,92,175,0,175,267
01/07/2015,PAE,WA,ANM,WE,Towers with Radar,6,2,9,0,17,0,1,104,1,106,6,3,113,1,123,250,0,250,373
01/08/2015,PAE,WA,ANM,WE,Towers with Radar,16,0,10,0,26,0,1,52,0,53,16,1,62,0,79,138,0,138,217
01/09/2015,PAE,WA,ANM,WE,Towers with Radar,29,6,27,0,62,0,1,126,0,127,29,7,153,0,189,95,0,95,284
01/10/2015,PAE,WA,ANM,WE,Towers with Radar,4,3,5,2,14,0,0,0,0,0,4,3,5,2,14,0,0,0,14
01/11/2015,PAE,WA,ANM,WE,Towers with Radar,4,0,7,1,12,0,0,0,0,0,4,0,7,1,12,0,0,0,12
01/12/2015,PAE,WA,ANM,WE,Towers with Radar,15,0,20,2,37,0,1,60,0,61,15,1,80,2,98,78,0,78,176
01/13/2015,PAE,WA,ANM,WE,Towers with Radar,7,2,42,4,55,0,0,39,8,47,7,2,81,12,102,52,14,66,168
01/14/2015,PAE,WA,ANM,WE,Towers with Radar,10,1,18,3,32,0,0,190,2,192,10,1,208,5,224,288,1,289,513
01/15/2015,PAE,WA,ANM,WE,Towers with Radar,33,0,23,2,58,0,0,46,0,46,33,0,69,2,104,49,0,49,153
01/16/2015,PAE,WA,ANM,WE,Towers with Radar,25,0,21,0,46,0,0,116,1,117,25,0,137,1,163,164,0,164,327
01/17/2015,PAE,WA,ANM,WE,Towers with Radar,11,1,17,0,29,0,9,21,0,30,11,10,38,0,59,112,0,112,171
01/18/2015,PAE,WA,ANM,WE,Towers with Radar,13,1,7,0,21,0,0,13,2,15,13,1,20,2,36,7,0,7,43
01/19/2015,PAE,WA,ANM,WE,Towers with Radar,14,3,42,0,59,0,0,90,1,91,14,3,132,1,150,86,0,86,236
01/20/2015,PAE,WA,ANM,WE,Towers with Radar,17,0,14,0,31,1,0,150,1,152,18,0,164,1,183,194,0,194,377
01/21/2015,PAE,WA,ANM,WE,Towers with Radar,12,3,35,0,50,0,1,137,0,138,12,4,172,0,188,228,0,228,416
01/22/2015,PAE,WA,ANM,WE,Towers with Radar,8,0,24,2,34,0,0,19,0,19,8,0,43,2,53,91,0,91,144
01/23/2015,PAE,WA,ANM,WE,Towers with Radar,21,0,9,0,30,0,0,0,0,0,21,0,9,0,30,0,0,0,30
01/24/2015,PAE,WA,ANM,WE,Towers with Radar,3,1,72,0,76,0,0,0,0,0,3,1,72,0,76,11,0,11,87
01/25/2015,PAE,WA,ANM,WE,Towers with Radar,28,1,26,1,56,17,0,259,1,277,45,1,285,2,333,314,0,314,647
01/26/2015,PAE,WA,ANM,WE,Towers with Radar,16,2,20,2,40,0,0,91,0,91,16,2,111,2,131,136,0,136,267
01/27/2015,PAE,WA,ANM,WE,Towers with Radar,24,3,27,2,56,0,0,3,0,3,24,3,30,2,59,13,0,13,72
01/28/2015,PAE,WA,ANM,WE,Towers with Radar,12,7,19,3,41,0,0,95,0,95,12,7,114,3,136,146,0,146,282
01/29/2015,PAE,WA,ANM,WE,Towers with Radar,21,5,20,3,49,0,0,162,1,163,21,5,182,4,212,254,12,266,478
01/30/2015,PAE,WA,ANM,WE,Towers with Radar,21,4,34,0,59,0,1,137,0,138,21,5,171,0,197,239,0,239,436
01/31/2015,PAE,WA,ANM,WE,Towers with Radar,13,3,16,0,32,0,0,0,0,0,13,3,16,0,32,0,0,0,32
02/01/2015,PAE,WA,ANM,WE,Towers with Radar,11,1,22,0,34,0,1,18,0,19,11,2,40,0,53,8,0,8,61
02/02/2015,PAE,WA,ANM,WE,Towers with Radar,19,2,20,0,41,0,0,5,0,5,19,2,25,0,46,0,0,0,46
02/03/2015,PAE,WA,ANM,WE,Towers with Radar,16,7,32,2,57,0,1,5,0,6,16,8,37,2,63,49,0,49,112
02/04/2015,PAE,WA,ANM,WE,Towers with Radar,3,0,29,3,35,0,0,68,2,70,3,0,97,5,105,168,35,203,308
02/05/2015,PAE,WA,ANM,WE,Towers with Radar,18,4,10,1,33,0,0,4,0,4,18,4,14,1,37,44,0,44,81
02/06/2015,PAE,WA,ANM,WE,Towers with Radar,16,0,8,0,24,0,0,9,0,9,16,0,17,0,33,0,0,0,33
02/07/2015,PAE,WA,ANM,WE,Towers with Radar,16,0,8,0,24,0,0,0,0,0,16,0,8,0,24,0,0,0,24
02/08/2015,PAE,WA,ANM,WE,Towers with Radar,9,0,52,2,63,0,0,218,0,218,9,0,270,2,281,166,0,166,447
02/09/2015,PAE,WA,ANM,WE,Towers with Radar,11,0,20,3,34,0,0,44,1,45,11,0,64,4,79,133,0,133,212
02/10/2015,PAE,WA,ANM,WE,Towers with Radar,17,8,38,4,67,0,0,29,1,30,17,8,67,5,97,59,0,59,156
02/11/2015,PAE,WA,ANM,WE,Towers with Radar,22,4,38,0,64,0,2,125,0,127,22,6,163,0,191,168,0,168,359
02/12/2015,PAE,WA,ANM,WE,Towers with Radar,19,9,24,3,55,0,0,117,0,117,19,9,141,3,172,224,0,224,396
02/13/2015,PAE,WA,ANM,WE,Towers with Radar,7,1,22,0,30,1,1,104,0,106,8,2,126,0,136,140,0,140,276
02/14/2015,PAE,WA,ANM,WE,Towers with Radar,10,5,44,0,59,0,0,76,1,77,10,5,120,1,136,139,0,139,275
02/15/2015,PAE,WA,ANM,WE,Towers with Radar,7,0,18,0,25,0,0,254,8,262,7,0,272,8,287,199,0,199,486
02/16/2015,PAE,WA,ANM,WE,Towers with Radar,10,0,21,0,31,0,3,177,0,180,10,3,198,0,211,173,0,173,384
02/17/2015,PAE,WA,ANM,WE,Towers with Radar,11,2,18,0,31,0,0,164,0,164,11,2,182,0,195,225,0,225,420
02/18/2015,PAE,WA,ANM,WE,Towers with Radar,19,4,45,2,70,0,0,65,0,65,19,4,110,2,135,89,12,101,236
02/19/2015,PAE,WA,ANM,WE,Towers with Radar,9,2,31,2,44,0,0,8,0,8,9,2,39,2,52,0,0,0,52
02/20/2015,PAE,WA,ANM,WE,Towers with Radar,14,3,32,4,53,0,0,42,0,42,14,3,74,4,95,125,0,125,220
02/21/2015,PAE,WA,ANM,WE,Towers with Radar,7,3,16,2,28,0,0,138,8,146,7,3,154,10,174,158,10,168,342
02/22/2015,PAE,WA,ANM,WE,Towers with Radar,7,3,37,0,47,0,0,212,2,214,7,3,249,2,261,227,0,227,488
02/23/2015,PAE,WA,ANM,WE,Towers with Radar,14,1,20,0,35,1,1,165,0,167,15,2,185,0,202,266,0,266,468
02/24/2015,PAE,WA,ANM,WE,Towers with Radar,29,2,33,2,66,0,0,174,0,174,29,2,207,2,240,228,0,228,468
02/25/2015,PAE,WA,ANM,WE,Towers with Radar,10,2,35,0,47,0,1,20,1,22,10,3,55,1,69,69,0,69,138
02/26/2015,PAE,WA,ANM,WE,Towers with Radar,13,4,28,0,45,1,0,22,0,23,14,4,50,0,68,55,0,55,123
02/27/2015,PAE,WA,ANM,WE,Towers with Radar,18,3,13,0,34,0,1,19,0,20,18,4,32,0,54,107,0,107,161
02/28/2015,PAE,WA,ANM,WE,Towers with Radar,6,2,30,0,38,0,1,257,0,258,6,3,287,0,296,255,0,255,551
03/01/2015,PAE,WA,ANM,WE,Towers with Radar,4,2,27,0,33,1,0,204,0,205,5,2,231,0,238,154,0,154,392
03/02/2015,PAE,WA,ANM,WE,Towers with Radar,5,1,7,0,13,0,0,61,0,61,5,1,68,0,74,129,2,131,205
03/03/2015,PAE,WA,ANM,WE,Towers with Radar,15,1,24,0,40,0,0,157,0,157,15,1,181,0,197,179,0,179,376
03/04/2015,PAE,WA,ANM,WE,Towers with Radar,5,0,43,0,48,0,2,139,0,141,5,2,182,0,189,158,0,158,347
03/05/2015,PAE,WA,ANM,WE,Towers with Radar,12,0,42,2,56,0,0,145,0,145,12,0,187,2,201,281,18,299,500
03/06/2015,PAE,WA,ANM,WE,Towers with Radar,20,0,33,0,53,0,0,140,0,140,20,0,173,0,193,249,0,249,442
03/07/2015,PAE,WA,ANM,WE,Towers with Radar,13,0,31,0,44,0,0,246,1,247,13,0,277,1,291,184,1,185,476
03/08/2015,PAE,WA,ANM,WE,Towers with Radar,3,0,23,0,26,0,0,216,0,216,3,0,239,0,242,323,0,323,565
03/09/2015,PAE,WA,ANM,WE,Towers with Radar,6,0,23,2,31,0,0,81,0,81,6,0,104,2,112,141,0,141,253
03/10/2015,PAE,WA,ANM,WE,Towers with Radar,7,0,20,2,29,0,0,93,3,96,7,0,113,5,125,188,0,188,313
03/11/2015,PAE,WA,ANM,WE,Towers with Radar,15,0,26,0,41,0,0,49,0,49,15,0,75,0,90,169,0,169,259
03/12/2015,PAE,WA,ANM,WE,Towers with Radar,11,0,43,1,55,0,0,101,0,101,11,0,144,1,156,251,1,252,408
03/13/2015,PAE,WA,ANM,WE,Towers with Radar,13,0,35,3,51,4,0,171,0,175,17,0,206,3,226,253,0,253,479
03/14/2015,PAE,WA,ANM,WE,Towers with Radar,4,0,30,0,34,0,0,7,0,7,4,0,37,0,41,55,0,55,96
03/15/2015,PAE,WA,ANM,WE,Towers with Radar,6,0,6,0,12,0,0,0,0,0,6,0,6,0,12,0,0,0,12
03/16/2015,PAE,WA,ANM,WE,Towers with Radar,9,0,24,0,33,0,0,122,0,122,9,0,146,0,155,248,0,248,403
03/17/2015,PAE,WA,ANM,WE,Towers with Radar,18,8,31,0,57,2,0,91,1,94,20,8,122,1,151,229,12,241,392
03/18/2015,PAE,WA,ANM,WE,Towers with Radar,14,5,39,2,60,0,1,144,5,150,14,6,183,7,210,226,1,227,437
03/19/2015,PAE,WA,ANM,WE,Towers with Radar,15,0,40,0,55,0,0,85,0,85,15,0,125,0,140,200,0,200,340
03/20/2015,PAE,WA,ANM,WE,Towers with Radar,18,3,28,2,51,1,1,63,0,65,19,4,91,2,116,70,1,71,187
03/21/2015,PAE,WA,ANM,WE,Towers with Radar,10,2,22,1,35,1,0,22,1,24,11,2,44,2,59,30,0,30,89
03/22/2015,PAE,WA,ANM,WE,Towers with Radar,4,1,38,1,44,0,0,133,0,133,4,1,171,1,177,259,0,259,436
03/23/2015,PAE,WA,ANM,WE,Towers with Radar,15,3,33,3,54,0,0,24,0,24,15,3,57,3,78,46,0,46,124
03/24/2015,PAE,WA,ANM,WE,Towers with Radar,25,6,40,0,71,0,0,83,0,83,25,6,123,0,154,161,0,161,315
03/25/2015,PAE,WA,ANM,WE,Towers with Radar,12,2,49,0,63,0,0,19,0,19,12,2,68,0,82,39,0,39,121
03/26/2015,PAE,WA,ANM,WE,Towers with Radar,4,2,34,0,40,0,0,206,0,206,4,2,240,0,246,335,0,335,581
03/27/2015,PAE,WA,ANM,WE,Towers with Radar,16,4,27,1,48,0,3,157,2,162,16,7,184,3,210,164,0,164,374
03/28/2015,PAE,WA,ANM,WE,Towers with Radar,8,4,31,0,43,0,0,161,0,161,8,4,192,0,204,234,0,234,438
03/29/2015,PAE,WA,ANM,WE,Towers with Radar,12,1,47,0,60,0,0,78,0,78,12,1,125,0,138,79,0,79,217
03/30/2015,PAE,WA,ANM,WE,Towers with Radar,3,2,12,5,22,0,3,77,0,80,3,5,89,5,102,161,0,161,263
03/31/2015,PAE,WA,ANM,WE,Towers with Radar,13,0,13,0,26,0,0,35,2,37,13,0,48,2,63,40,0,40,103
04/01/2015,PAE,WA,ANM,WE,Towers with Radar,11,2,34,2,49,0,0,81,0,81,11,2,115,2,130,119,0,119,249
04/02/2015,PAE,WA,ANM,WE,Towers with Radar,7,4,38,0,49,0,0,98,1,99,7,4,136,1,148,198,2,200,348
04/03/2015,PAE,WA,ANM,WE,Towers with Radar,15,4,21,0,40,0,5,46,1,52,15,9,67,1,92,60,0,60,152
04/04/2015,PAE,WA,ANM,WE,Towers with Radar,6,0,23,0,29,0,0,177,2,179,6,0,200,2,208,327,4,331,539
04/05/2015,PAE,WA,ANM,WE,Towers with Radar,1,0,22,0,23,0,0,149,0,149,1,0,171,0,172,181,0,181,353
04/06/2015,PAE,WA,ANM,WE,Towers with Radar,21,2,35,0,58,5,0,40,0,45,26,2,75,0,103,121,0,121,224
04/07/2015,PAE,WA,ANM,WE,Towers with Radar,13,0,20,2,35,0,1,132,3,136,13,1,152,5,171,208,0,208,379
04/08/2015,PAE,WA,ANM,WE,Towers with Radar,15,0,25,5,45,1,0,206,4,211,16,0,231,9,256,157,1,158,414
04/09/2015,PAE,WA,ANM,WE,Towers with Radar,22,3,30,6,61,0,0,221,2,223,22,3,251,8,284,351,0,351,635
04/10/2015,PAE,WA,ANM,WE,Towers with Radar,16,6,32,0,54,0,5,72,0,77,16,11,104,0,131,85,0,85,216
04/11/2015,PAE,WA,ANM,WE,Towers with Radar,3,0,22,0,25,0,1,59,0,60,3,1,81,0,85,133,0,133,218
04/12/2015,PAE,WA,ANM,WE,Towers with Radar,5,0,27,0,32,0,0,146,0,146,5,0,173,0,178,158,0,158,336
04/13/2015,PAE,WA,ANM,WE,Towers with Radar,10,1,12,0,23,0,3,21,0,24,10,4,33,0,47,18,0,18,65
04/14/2015,PAE,WA,ANM,WE,Towers with Radar,14,4,22,2,42,0,1,75,0,76,14,5,97,2,118,203,0,203,321
04/15/2015,PAE,WA,ANM,WE,Towers with Radar,15,0,48,0,63,0,1,161,0,162,15,1,209,0,225,232,0,232,457
04/16/2015,PAE,WA,ANM,WE,Towers with Radar,15,0,25,0,40,3,0,205,1,209,18,0,230,1,249,193,1,194,443
04/17/2015,PAE,WA,ANM,WE,Towers with Radar,26,2,20,2,50,0,0,147,1,148,26,2,167,3,198,207,0,207,405
04/18/2015,PAE,WA,ANM,WE,Towers with Radar,9,0,12,0,21,0,0,258,2,260,9,0,270,2,281,278,0,278,559
04/19/2015,PAE,WA,ANM,WE,Towers with Radar,8,2,29,0,39,3,0,255,2,260,11,2,284,2,299,297,0,297,596
04/20/2015,PAE,WA,ANM,WE,Towers with Radar,7,9,17,4,37,0,2,172,4,178,7,11,189,8,215,261,0,261,476
04/21/2015,PAE,WA,ANM,WE,Towers with Radar,21,2,39,2,64,0,0,51,0,51,21,2,90,2,115,199,0,199,314
04/22/2015,PAE,WA,ANM,WE,Towers with Radar,13,0,28,0,41,0,7,134,1,142,13,7,162,1,183,247,0,247,430
04/23/2015,PAE,WA,ANM,WE,Towers with Radar,22,2,35,0,59,0,0,42,0,42,22,2,77,0,101,92,0,92,193
04/24/2015,PAE,WA,ANM,WE,Towers with Radar,9,0,22,2,33,0,0,30,3,33,9,0,52,5,66,65,3,68,134
04/25/2015,PAE,WA,ANM,WE,Towers with Radar,6,0,23,0,29,0,0,132,0,132,6,0,155,0,161,155,0,155,316
04/26/2015,PAE,WA,ANM,WE,Towers with Radar,7,0,52,0,59,0,0,169,0,169,7,0,221,0,228,245,0,245,473
04/27/2015,PAE,WA,ANM,WE,Towers with Radar,34,0,48,0,82,0,0,135,0,135,34,0,183,0,217,306,0,306,523
04/28/2015,PAE,WA,ANM,WE,Towers with Radar,13,8,20,2,43,0,4,31,0,35,13,12,51,2,78,75,0,75,153
04/29/2015,PAE,WA,ANM,WE,Towers with Radar,14,8,45,0,67,0,0,90,0,90,14,8,135,0,157,144,0,144,301
04/30/2015,PAE,WA,ANM,WE,Towers with Radar,21,0,43,1,65,0,0,156,1,157,21,0,199,2,222,243,0,243,465
05/01/2015,PAE,WA,ANM,WE,Towers with Radar,12,3,28,5,48,0,1,133,2,136,12,4,161,7,184,114,6,120,304
05/02/2015,PAE,WA,ANM,WE,Towers with Radar,0,2,24,2,28,0,0,260,0,260,0,2,284,2,288,257,0,257,545
05/03/2015,PAE,WA,ANM,WE,Towers with Radar,2,2,19,0,23,0,0,262,0,262,2,2,281,0,285,302,0,302,587
05/04/2015,PAE,WA,ANM,WE,Towers with Radar,17,12,38,0,67,0,0,91,0,91,17,12,129,0,158,124,0,124,282
05/05/2015,PAE,WA,ANM,WE,Towers with Radar,7,0,10,0,17,0,0,18,0,18,7,0,28,0,35,35,0,35,70
05/06/2015,PAE,WA,ANM,WE,Towers with Radar,19,0,43,0,62,0,1,79,0,80,19,1,122,0,142,242,0,242,384
05/07/2015,PAE,WA,ANM,WE,Towers with Radar,28,2,23,0,53,0,0,160,0,160,28,2,183,0,213,257,0,257,470
05/08/2015,PAE,WA,ANM,WE,Towers with Radar,18,0,38,2,58,1,0,264,0,265,19,0,302,2,323,232,0,232,555
05/09/2015,PAE,WA,ANM,WE,Towers with Radar,3,2,31,0,36,0,2,312,1,315,3,4,343,1,351,267,1,268,619
05/10/2015,PAE,WA,ANM,WE,Towers with Radar,3,0,17,0,20,0,0,215,0,215,3,0,232,0,235,233,4,237,472
05/11/2015,PAE,WA,ANM,WE,Towers with Radar,13,2,60,0,75,0,2,34,0,36,13,4,94,0,111,177,0,177,288
05/12/2015,PAE,WA,ANM,WE,Towers with Radar,13,10,40,2,65,0,0,48,0,48,13,10,88,2,113,230,0,230,343
05/13/2015,PAE,WA,ANM,WE,Towers with Radar,35,4,80,1,120,0,5,10,2,17,35,9,90,3,137,2,0,2,139
05/14/2015,PAE,WA,ANM,WE,Towers with Radar,16,8,53,2,79,1,1,90,1,93,17,9,143,3,172,165,0,165,337
05/15/2015,PAE,WA,ANM,WE,Towers with Radar,17,5,40,1,63,0,2,187,2,191,17,7,227,3,254,166,1,167,421
05/16/2015,PAE,WA,ANM,WE,Towers with Radar,9,4,38,0,51,0,0,269,0,269,9,4,307,0,320,170,0,170,490
05/17/2015,PAE,WA,ANM,WE,Towers with Radar,9,1,43,0,53,0,0,113,1,114,9,1,156,1,167,269,0,269,436
05/18/2015,PAE,WA,ANM,WE,Towers with Radar,5,2,24,2,33,0,0,154,3,157,5,2,178,5,190,243,0,243,433
05/19/2015,PAE,WA,ANM,WE,Towers with Radar,11,3,23,5,42,0,1,102,0,103,11,4,125,5,145,223,0,223,368
05/20/2015,PAE,WA,ANM,WE,Towers with Radar,11,3,24,7,45,0,0,105,0,105,11,3,129,7,150,208,0,208,358
05/21/2015,PAE,WA,ANM,WE,Towers with Radar,23,15,37,3,78,0,2,179,1,182,23,17,216,4,260,212,0,212,472
05/22/2015,PAE,WA,ANM,WE,Towers with Radar,19,6,30,0,55,0,3,74,2,79,19,9,104,2,134,100,3,103,237
05/23/2015,PAE,WA,ANM,WE,Towers with Radar,6,0,71,0,77,0,6,34,0,40,6,6,105,0,117,105,0,105,222
05/24/2015,PAE,WA,ANM,WE,Towers with Radar,2,2,30,0,34,0,0,49,0,49,2,2,79,0,83,99,0,99,182
05/25/2015,PAE,WA,ANM,WE,Towers with Radar,0,2,52,0,54,0,0,99,8,107,0,2,151,8,161,126,0,126,287
05/26/2015,PAE,WA,ANM,WE,Towers with Radar,25,14,32,1,72,2,3,121,0,126,27,17,153,1,198,91,0,91,289
05/27/2015,PAE,WA,ANM,WE,Towers with Radar,17,5,48,2,72,0,2,159,0,161,17,7,207,2,233,230,0,230,463
05/28/2015,PAE,WA,ANM,WE,Towers with Radar,9,4,46,2,61,1,2,232,0,235,10,6,278,2,296,258,0,258,554
05/29/2015,PAE,WA,ANM,WE,Towers with Radar,23,7,38,1,69,0,3,185,1,189,23,10,223,2,258,189,0,189,447
05/30/2015,PAE,WA,ANM,WE,Towers with Radar,16,5,36,0,57,0,1,236,1,238,16,6,272,1,295,98,0,98,393
05/31/2015,PAE,WA,ANM,WE,Towers with Radar,5,0,28,0,33,0,1,176,0,177,5,1,204,0,210,157,0,157,367
06/01/2015,PAE,WA,ANM,WE,Towers with Radar,12,4,18,0,34,0,0,15,0,15,12,4,33,0,49,38,0,38,87
06/02/2015,PAE,WA,ANM,WE,Towers with Radar,19,0,54,0,73,0,0,30,0,30,19,0,84,0,103,134,0,134,237
06/03/2015,PAE,WA,ANM,WE,Towers with Radar,2,10,38,2,52,0,0,64,0,64,2,10,102,2,116,154,0,154,270
06/04/2015,PAE,WA,ANM,WE,Towers with Radar,5,1,44,4,54,0,1,179,0,180,5,2,223,4,234,271,0,271,505
06/05/2015,PAE,WA,ANM,WE,Towers with Radar,10,2,54,0,66,0,4,226,0,230,10,6,280,0,296,186,0,186,482
06/06/2015,PAE,WA,ANM,WE,Towers with Radar,10,0,24,0,34,2,0,284,0,286,12,0,308,0,320,186,0,186,506
06/07/2015,PAE,WA,ANM,WE,Towers with Radar,1,2,32,0,35,0,3,213,1,217,1,5,245,1,252,145,4,149,401
06/08/2015,PAE,WA,ANM,WE,Towers with Radar,7,3,26,2,38,0,1,133,2,136,7,4,159,4,174,213,0,213,387
06/09/2015,PAE,WA,ANM,WE,Towers with Radar,6,3,50,0,59,0,0,156,12,168,6,3,206,12,227,193,0,193,420
06/10/2015,PAE,WA,ANM,WE,Towers with Radar,22,2,34,2,60,0,0,149,3,152,22,2,183,5,212,212,2,214,426
06/11/2015,PAE,WA,ANM,WE,Towers with Radar,9,3,34,0,46,1,3,141,0,145,10,6,175,0,191,181,0,181,372
06/12/2015,PAE,WA,ANM,WE,Towers with Radar,13,3,29,2,47,0,0,153,0,153,13,3,182,2,200,194,0,194,394
06/13/2015,PAE,WA,ANM,WE,Towers with Radar,6,0,36,0,42,0,2,225,0,227,6,2,261,0,269,292,0,292,561
06/14/2015,PAE,WA,ANM,WE,Towers with Radar,1,2,17,1,21,0,1,233,2,236,1,3,250,3,257,223,8,231,488
06/15/2015,PAE,WA,ANM,WE,Towers with Radar,8,1,26,14,49,0,7,153,7,167,8,8,179,21,216,201,36,237,453
06/16/2015,PAE,WA,ANM,WE,Towers with Radar,27,7,41,0,75,4,0,135,3,142,31,7,176,3,217,210,0,210,427
06/17/2015,PAE,WA,ANM,WE,Towers with Radar,23,3,51,4,81,0,0,159,1,160,23,3,210,5,241,274,0,274,515
06/18/2015,PAE,WA,ANM,WE,Towers with Radar,12,5,39,2,58,0,1,160,0,161,12,6,199,2,219,238,0,238,457
06/19/2015,PAE,WA,ANM,WE,Towers with Radar,19,2,40,0,61,0,0,140,2,142,19,2,180,2,203,80,0,80,283
06/20/2015,PAE,WA,ANM,WE,Towers with Radar,4,3,32,0,39,0,0,348,1,349,4,3,380,1,388,203,0,203,591
06/21/2015,PAE,WA,ANM,WE,Towers with Radar,0,1,25,0,26,0,0,284,0,284,0,1,309,0,310,265,0,265,575
06/22/2015,PAE,WA,ANM,WE,Towers with Radar,14,9,43,3,69,0,7,140,3,150,14,16,183,6,219,141,0,141,360
06/23/2015,PAE,WA,ANM,WE,Towers with Radar,25,11,21,0,57,0,1,116,2,119,25,12,137,2,176,193,2,195,371
06/24/2015,PAE,WA,ANM,WE,Towers with Radar,5,9,34,0,48,0,1,156,0,157,5,10,190,0,205,375,0,375,580
06/25/2015,PAE,WA,ANM,WE,Towers with Radar,12,11,72,0,95,0,0,160,0,160,12,11,232,0,255,219,0,219,474
06/26/2015,PAE,WA,ANM,WE,Towers with Radar,5,4,28,4,41,0,2,143,0,145,5,6,171,4,186,170,0,170,356
06/27/2015,PAE,WA,ANM,WE,Towers with Radar,7,4,25,0,36,0,0,192,3,195,7,4,217,3,231,122,0,122,353
06/28/2015,PAE,WA,ANM,WE,Towers with Radar,5,0,34,0,39,0,0,116,1,117,5,0,150,1,156,46,0,46,202
06/29/2015,PAE,WA,ANM,WE,Towers with Radar,19,2,17,0,38,0,0,147,4,151,19,2,164,4,189,207,2,209,398
06/30/2015,PAE,WA,ANM,WE,Towers with Radar,10,3,43,2,58,2,0,162,1,165,12,3,205,3,223,213,0,213,436
07/01/2015,PAE,WA,ANM,WE,Towers with Radar,5,2,37,0,44,0,2,192,1,195,5,4,229,1,239,232,0,232,471
07/02/2015,PAE,WA,ANM,WE,Towers with Radar,7,0,34,0,41,0,1,183,0,184,7,1,217,0,225,154,0,154,379
07/03/2015,PAE,WA,ANM,WE,Towers with Radar,2,0,40,0,42,0,0,193,0,193,2,0,233,0,235,151,0,151,386
07/04/2015,PAE,WA,ANM,WE,Towers with Radar,2,0,16,0,18,0,1,120,0,121,2,1,136,0,139,89,0,89,228
07/05/2015,PAE,WA,ANM,WE,Towers with Radar,1,0,20,0,21,0,2,215,0,217,1,2,235,0,238,107,0,107,345
07/06/2015,PAE,WA,ANM,WE,Towers with Radar,6,13,35,0,54,0,2,137,0,139,6,15,172,0,193,188,0,188,381
07/07/2015,PAE,WA,ANM,WE,Towers with Radar,17,2,22,2,43,0,2,153,0,155,17,4,175,2,198,202,0,202,400
07/08/2015,PAE,WA,ANM,WE,Towers with Radar,17,3,38,0,58,0,1,222,4,227,17,4,260,4,285,249,0,249,534
07/09/2015,PAE,WA,ANM,WE,Towers with Radar,6,2,19,0,27,0,0,129,0,129,6,2,148,0,156,377,0,377,533
07/10/2015,PAE,WA,ANM,WE,Towers with Radar,21,5,76,0,102,0,1,116,1,118,21,6,192,1,220,204,1,205,425
07/11/2015,PAE,WA,ANM,WE,Towers with Radar,2,2,39,0,43,0,0,116,1,117,2,2,155,1,160,245,0,245,405
07/12/2015,PAE,WA,ANM,WE,Towers with Radar,4,0,28,0,32,0,0,152,1,153,4,0,180,1,185,337,1,338,523
07/13/2015,PAE,WA,ANM,WE,Towers with Radar,14,10,39,0,63,0,6,122,3,131,14,16,161,3,194,225,0,225,419
07/14/2015,PAE,WA,ANM,WE,Towers with Radar,7,5,42,2,56,0,0,182,0,182,7,5,224,2,238,264,0,264,502
07/15/2015,PAE,WA,ANM,WE,Towers with Radar,0,0,37,4,41,0,2,163,4,169,0,2,200,8,210,218,0,218,428
07/16/2015,PAE,WA,ANM,WE,Towers with Radar,16,4,49,1,70,0,0,131,6,137,16,4,180,7,207,244,17,261,468
07/17/2015,PAE,WA,ANM,WE,Towers with Radar,19,2,44,4,69,0,1,197,1,199,19,3,241,5,268,182,0,182,450
07/18/2015,PAE,WA,ANM,WE,Towers with Radar,0,0,16,0,16,0,1,239,1,241,0,1,255,1,257,133,0,133,390
07/19/2015,PAE,WA,ANM,WE,Towers with Radar,0,0,13,0,13,1,0,220,3,224,1,0,233,3,237,113,0,113,350
07/20/2015,PAE,WA,ANM,WE,Towers with Radar,22,6,37,2,67,0,0,85,5,90,22,6,122,7,157,74,0,74,231
07/21/2015,PAE,WA,ANM,WE,Towers with Radar,10,2,38,0,50,0,1,91,4,96,10,3,129,4,146,182,0,182,328
07/22/2015,PAE,WA,ANM,WE,Towers with Radar,7,7,23,4,41,0,1,93,1,95,7,8,116,5,136,245,0,245,381
07/23/2015,PAE,WA,ANM,WE,Towers with Radar,20,7,31,2,60,0,2,170,1,173,20,9,201,3,233,252,1,253,486
07/24/2015,PAE,WA,ANM,WE,Towers with Radar,16,7,35,1,59,0,2,70,0,72,16,9,105,1,131,43,0,43,174
07/25/2015,PAE,WA,ANM,WE,Towers with Radar,7,1,27,0,35,0,2,76,5,83,7,3,103,5,118,153,0,153,271
07/26/2015,PAE,WA,ANM,WE,Towers with Radar,4,0,47,0,51,0,0,37,0,37,4,0,84,0,88,6,0,6,94
07/27/2015,PAE,WA,ANM,WE,Towers with Radar,31,2,25,0,58,0,2,83,0,85,31,4,108,0,143,116,0,116,259
07/28/2015,PAE,WA,ANM,WE,Towers with Radar,13,1,32,0,46,0,0,174,0,174,13,1,206,0,220,248,0,248,468
07/29/2015,PAE,WA,ANM,WE,Towers with Radar,14,3,34,0,51,3,4,180,0,187,17,7,214,0,238,287,0,287,525
07/30/2015,PAE,WA,ANM,WE,Towers with Radar,12,4,33,2,51,0,0,174,0,174,12,4,207,2,225,211,0,211,436
07/31/2015,PAE,WA,ANM,WE,Towers with Radar,25,7,19,2,53,8,7,158,0,173,33,14,177,2,226,223,0,223,449
08/01/2015,PAE,WA,ANM,WE,Towers with Radar,9,4,35,0,48,0,0,211,0,211,9,4,246,0,259,225,0,225,484
08/02/2015,PAE,WA,ANM,WE,Towers with Radar,3,1,23,4,31,2,1,213,0,216,5,2,236,4,247,179,0,179,426
08/03/2015,PAE,WA,ANM,WE,Towers with Radar,7,6,37,0,50,0,4,136,0,140,7,10,173,0,190,137,0,137,327
08/04/2015,PAE,WA,ANM,WE,Towers with Radar,5,3,28,0,36,0,1,119,0,120,5,4,147,0,156,155,0,155,311
08/05/2015,PAE,WA,ANM,WE,Towers with Radar,24,3,43,2,72,0,1,131,2,134,24,4,174,4,206,130,0,130,336
08/06/2015,PAE,WA,ANM,WE,Towers with Radar,15,4,32,2,53,0,0,171,0,171,15,4,203,2,224,238,2,240,464
08/07/2015,PAE,WA,ANM,WE,Towers with Radar,4,4,17,0,25,0,1,212,1,214,4,5,229,1,239,226,0,226,465
08/08/2015,PAE,WA,ANM,WE,Towers with Radar,8,0,42,0,50,0,0,69,0,69,8,0,111,0,119,42,0,42,161
08/09/2015,PAE,WA,ANM,WE,Towers with Radar,13,2,51,1,67,0,1,200,2,203,13,3,251,3,270,205,6,211,481
08/10/2015,PAE,WA,ANM,WE,Towers with Radar,2,2,33,2,39,0,0,123,1,124,2,2,156,3,163,213,0,213,376
08/11/2015,PAE,WA,ANM,WE,Towers with Radar,7,3,31,0,41,0,0,140,4,144,7,3,171,4,185,173,9,182,367
08/12/2015,PAE,WA,ANM,WE,Towers with Radar,10,2,26,3,41,0,0,132,2,134,10,2,158,5,175,227,2,229,404
08/13/2015,PAE,WA,ANM,WE,Towers with Radar,6,7,36,3,52,0,0,168,0,168,6,7,204,3,220,222,0,222,442
08/14/2015,PAE,WA,ANM,WE,Towers with Radar,8,16,20,0,44,0,1,1,0,2,8,17,21,0,46,0,0,0,46
08/15/2015,PAE,WA,ANM,WE,Towers with Radar,13,4,66,0,83,0,1,105,0,106,13,5,171,0,189,117,0,117,306
08/16/2015,PAE,WA,ANM,WE,Towers with Radar,3,6,24,0,33,0,0,220,0,220,3,6,244,0,253,220,0,220,473
08/17/2015,PAE,WA,ANM,WE,Towers with Radar,3,0,25,0,28,17,0,145,0,162,20,0,170,0,190,178,0,178,368
08/18/2015,PAE,WA,ANM,WE,Towers with Radar,3,0,37,0,40,0,0,152,0,152,3,0,189,0,192,120,0,120,312
08/19/2015,PAE,WA,ANM,WE,Towers with Radar,7,4,41,0,52,0,1,160,5,166,7,5,201,5,218,152,0,152,370
08/20/2015,PAE,WA,ANM,WE,Towers with Radar,11,6,36,0,53,0,0,98,0,98,11,6,134,0,151,189,0,189,340
08/21/2015,PAE,WA,ANM,WE,Towers with Radar,33,7,47,0,87,2,3,156,0,161,35,10,203,0,248,192,0,192,440
08/22/2015,PAE,WA,ANM,WE,Towers with Radar,0,0,24,0,24,0,0,556,1,557,0,0,580,1,581,44,0,44,625
08/23/2015,PAE,WA,ANM,WE,Towers with Radar,0,0,15,0,15,0,0,148,0,148,0,0,163,0,163,157,0,157,320
08/24/2015,PAE,WA,ANM,WE,Towers with Radar,13,5,12,0,30,0,2,146,0,148,13,7,158,0,178,233,0,233,411
08/25/2015,PAE,WA,ANM,WE,Towers with Radar,19,1,52,2,74,4,3,182,2,191,23,4,234,4,265,265,1,266,531
08/26/2015,PAE,WA,ANM,WE,Towers with Radar,6,2,27,2,37,0,2,182,4,188,6,4,209,6,225,165,0,165,390
08/27/2015,PAE,WA,ANM,WE,Towers with Radar,13,10,21,7,51,1,0,190,2,193,14,10,211,9,244,241,0,241,485
08/28/2015,PAE,WA,ANM,WE,Towers with Radar,14,2,29,1,46,0,0,89,1,90,14,2,118,2,136,139,0,139,275
08/29/2015,PAE,WA,ANM,WE,Towers with Radar,10,2,4,7,23,0,0,0,0,0,10,2,4,7,23,0,0,0,23
08/30/2015,PAE,WA,ANM,WE,Towers with Radar,6,6,36,0,48,0,0,39,0,39,6,6,75,0,87,6,0,6,93
08/31/2015,PAE,WA,ANM,WE,Towers with Radar,8,6,7,9,30,0,0,23,1,24,8,6,30,10,54,44,0,44,98
09/01/2015,PAE,WA,ANM,WE,Towers with Radar,19,8,33,3,63,0,0,24,0,24,19,8,57,3,87,55,0,55,142
09/02/2015,PAE,WA,ANM,WE,Towers with Radar,8,3,39,10,60,0,0,81,3,84,8,3,120,13,144,150,0,150,294
09/03/2015,PAE,WA,ANM,WE,Towers with Radar,14,3,51,0,68,0,0,70,1,71,14,3,121,1,139,173,0,173,312
09/04/2015,PAE,WA,ANM,WE,Towers with Radar,10,5,33,0,48,0,2,135,0,137,10,7,168,0,185,135,0,135,320
09/05/2015,PAE,WA,ANM,WE,Towers with Radar,7,2,54,0,63,0,0,315,0,315,7,2,369,0,378,353,0,353,731
09/06/2015,PAE,WA,ANM,WE,Towers with Radar,4,2,31,0,37,0,2,39,0,41,4,4,70,0,78,57,0,57,135
09/07/2015,PAE,WA,ANM,WE,Towers with Radar,2,2,33,0,37,0,0,203,0,203,2,2,236,0,240,188,0,188,428
09/08/2015,PAE,WA,ANM,WE,Towers with Radar,12,0,47,2,61,0,0,106,0,106,12,0,153,2,167,286,0,286,453
09/09/2015,PAE,WA,ANM,WE,Towers with Radar,16,4,42,3,65,0,0,183,10,193,16,4,225,13,258,124,0,124,382
09/10/2015,PAE,WA,ANM,WE,Towers with Radar,12,3,28,4,47,1,2,155,3,161,13,5,183,7,208,165,0,165,373
09/11/2015,PAE,WA,ANM,WE,Towers with Radar,13,5,33,4,55,1,2,189,4,196,14,7,222,8,251,212,0,212,463
09/12/2015,PAE,WA,ANM,WE,Towers with Radar,8,3,13,0,24,0,1,242,0,243,8,4,255,0,267,186,0,186,453
09/13/2015,PAE,WA,ANM,WE,Towers with Radar,7,1,39,0,47,0,0,93,0,93,7,1,132,0,140,93,0,93,233
09/14/2015,PAE,WA,ANM,WE,Towers with Radar,14,9,32,0,55,0,0,83,13,96,14,9,115,13,151,105,0,105,256
09/15/2015,PAE,WA,ANM,WE,Towers with Radar,11,4,29,0,44,0,2,81,0,83,11,6,110,0,127,190,0,190,317
09/16/2015,PAE,WA,ANM,WE,Towers with Radar,12,3,40,4,59,1,0,131,1,133,13,3,171,5,192,230,2,232,424
09/17/2015,PAE,WA,ANM,WE,Towers with Radar,12,8,42,2,64,0,0,40,0,40,12,8,82,2,104,74,0,74,178
09/18/2015,PAE,WA,ANM,WE,Towers with Radar,15,5,33,0,53,0,0,94,0,94,15,5,127,0,147,83,0,83,230
09/19/2015,PAE,WA,ANM,WE,Towers with Radar,17,1,42,0,60,1,1,69,0,71,18,2,111,0,131,119,0,119,250
09/20/2015,PAE,WA,ANM,WE,Towers with Radar,5,6,12,0,23,0,2,23,0,25,5,8,35,0,48,9,0,9,57
09/21/2015,PAE,WA,ANM,WE,Towers with Radar,9,5,30,1,45,0,1,183,2,186,9,6,213,3,231,203,0,203,434
09/22/2015,PAE,WA,ANM,WE,Towers with Radar,16,4,15,2,37,3,2,196,0,201,19,6,211,2,238,269,0,269,507
09/23/2015,PAE,WA,ANM,WE,Towers with Radar,6,5,29,0,40,0,8,184,0,192,6,13,213,0,232,254,0,254,486
09/24/2015,PAE,WA,ANM,WE,Towers with Radar,21,2,36,2,61,0,0,112,0,112,21,2,148,2,173,223,0,223,396
09/25/2015,PAE,WA,ANM,WE,Towers with Radar,6,3,44,5,58,0,0,44,1,45,6,3,88,6,103,124,0,124,227
09/26/2015,PAE,WA,ANM,WE,Towers with Radar,9,0,37,0,46,0,0,167,1,168,9,0,204,1,214,244,0,244,458
09/27/2015,PAE,WA,ANM,WE,Towers with Radar,10,3,23,5,41,0,0,246,0,246,10,3,269,5,287,260,0,260,547
09/28/2015,PAE,WA,ANM,WE,Towers with Radar,9,1,17,3,30,0,2,108,0,110,9,3,125,3,140,150,0,150,290
09/29/2015,PAE,WA,ANM,WE,Towers with Radar,12,5,6,0,23,0,0,218,0,218,12,5,224,0,241,269,0,269,510
09/30/2015,PAE,WA,ANM,WE,Towers with Radar,11,6,34,2,53,0,0,82,1,83,11,6,116,3,136,138,0,138,274
10/01/2015,PAE,WA,ANM,WE,Towers with Radar,5,3,39,4,51,0,0,110,0,110,5,3,149,4,161,187,0,187,348
10/02/2015,PAE,WA,ANM,WE,Towers with Radar,10,3,22,0,35,0,0,1,0,1,10,3,23,0,36,18,0,18,54
10/03/2015,PAE,WA,ANM,WE,Towers with Radar,0,0,15,0,15,0,0,175,0,175,0,0,190,0,190,189,0,189,379
10/04/2015,PAE,WA,ANM,WE,Towers with Radar,0,0,13,0,13,0,0,233,0,233,0,0,246,0,246,219,0,219,465
10/05/2015,PAE,WA,ANM,WE,Towers with Radar,12,6,31,0,49,0,0,159,1,160,12,6,190,1,209,177,0,177,386
10/06/2015,PAE,WA,ANM,WE,Towers with Radar,17,5,68,0,90,2,0,142,2,146,19,5,210,2,236,160,2,162,398
10/07/2015,PAE,WA,ANM,WE,Towers with Radar,3,4,41,5,53,0,0,2,0,2,3,4,43,5,55,0,0,0,55
10/08/2015,PAE,WA,ANM,WE,Towers with Radar,4,2,54,2,62,0,0,112,1,113,4,2,166,3,175,192,0,192,367
10/09/2015,PAE,WA,ANM,WE,Towers with Radar,10,12,30,0,52,0,1,25,0,26,10,13,55,0,78,52,0,52,130
10/10/2015,PAE,WA,ANM,WE,Towers with Radar,4,1,12,0,17,0,1,2,0,3,4,2,14,0,20,0,0,0,20
10/11/2015,PAE,WA,ANM,WE,Towers with Radar,3,4,37,0,44,2,0,170,0,172,5,4,207,0,216,305,0,305,521
10/12/2015,PAE,WA,ANM,WE,Towers with Radar,2,6,45,0,53,0,0,64,0,64,2,6,109,0,117,112,0,112,229
10/13/2015,PAE,WA,ANM,WE,Towers with Radar,7,1,19,0,27,0,2,84,0,86,7,3,103,0,113,161,0,161,274
10/14/2015,PAE,WA,ANM,WE,Towers with Radar,18,3,25,2,48,0,0,80,0,80,18,3,105,2,128,197,0,197,325
10/15/2015,PAE,WA,ANM,WE,Towers with Radar,18,7,59,1,85,0,0,219,2,221,18,7,278,3,306,170,5,175,481
10/16/2015,PAE,WA,ANM,WE,Towers with Radar,16,15,15,2,48,1,0,191,0,192,17,15,206,2,240,269,0,269,509
10/17/2015,PAE,WA,ANM,WE,Towers with Radar,6,2,14,0,22,0,0,109,0,109,6,2,123,0,131,181,0,181,312
10/18/2015,PAE,WA,ANM,WE,Towers with Radar,2,4,18,0,24,0,0,0,0,0,2,4,18,0,24,0,0,0,24
10/19/2015,PAE,WA,ANM,WE,Towers with Radar,7,6,44,0,57,0,0,33,0,33,7,6,77,0,90,52,0,52,142
10/20/2015,PAE,WA,ANM,WE,Towers with Radar,12,2,51,0,65,0,0,79,0,79,12,2,130,0,144,144,0,144,288
10/21/2015,PAE,WA,ANM,WE,Towers with Radar,14,2,39,0,55,0,0,119,0,119,14,2,158,0,174,194,0,194,368
10/22/2015,PAE,WA,ANM,WE,Towers with Radar,18,2,31,0,51,0,0,120,0,120,18,2,151,0,171,140,0,140,311
10/23/2015,PAE,WA,ANM,WE,Towers with Radar,21,1,27,0,49,0,1,123,0,124,21,2,150,0,173,135,0,135,308
10/24/2015,PAE,WA,ANM,WE,Towers with Radar,7,0,29,0,36,0,0,125,0,125,7,0,154,0,161,196,0,196,357
10/25/2015,PAE,WA,ANM,WE,Towers with Radar,8,0,36,0,44,0,0,110,0,110,8,0,146,0,154,210,0,210,364
10/26/2015,PAE,WA,ANM,WE,Towers with Radar,13,3,25,2,43,0,0,0,0,0,13,3,25,2,43,0,0,0,43
10/27/2015,PAE,WA,ANM,WE,Towers with Radar,22,1,21,4,48,0,0,128,3,131,22,1,149,7,179,168,0,168,347
10/28/2015,PAE,WA,ANM,WE,Towers with Radar,1,2,30,10,43,0,0,20,0,20,1,2,50,10,63,53,0,53,116
10/29/2015,PAE,WA,ANM,WE,Towers with Radar,14,5,50,0,69,0,0,23,0,23,14,5,73,0,92,84,0,84,176
10/30/2015,PAE,WA,ANM,WE,Towers with Radar,19,2,12,0,33,0,1,18,0,19,19,3,30,0,52,58,0,58,110
10/31/2015,PAE,WA,ANM,WE,Towers with Radar,9,2,6,0,17,0,0,0,0,0,9,2,6,0,17,0,0,0,17
11/01/2015,PAE,WA,ANM,WE,Towers with Radar,3,1,8,0,12,0,0,7,0,7,3,1,15,0,19,2,0,2,21
11/02/2015,PAE,WA,ANM,WE,Towers with Radar,14,3,25,2,44,0,0,53,1,54,14,3,78,3,98,95,2,97,195
11/03/2015,PAE,WA,ANM,WE,Towers with Radar,6,1,19,0,26,0,0,123,3,126,6,1,142,3,152,160,0,160,312
11/04/2015,PAE,WA,ANM,WE,Towers with Radar,9,1,50,2,62,0,0,192,0,192,9,1,242,2,254,154,0,154,408
11/05/2015,PAE,WA,ANM,WE,Towers with Radar,8,1,19,1,29,0,2,6,0,8,8,3,25,1,37,29,0,29,66
11/06/2015,PAE,WA,ANM,WE,Towers with Radar,20,7,26,0,53,0,1,68,0,69,20,8,94,0,122,141,0,141,263
11/07/2015,PAE,WA,ANM,WE,Towers with Radar,15,3,25,3,46,0,0,4,6,10,15,3,29,9,56,27,0,27,83
11/08/2015,PAE,WA,ANM,WE,Towers with Radar,15,5,29,0,49,0,0,55,0,55,15,5,84,0,104,132,0,132,236
11/09/2015,PAE,WA,ANM,WE,Towers with Radar,18,7,29,0,54,0,0,21,0,21,18,7,50,0,75,39,0,39,114
11/10/2015,PAE,WA,ANM,WE,Towers with Radar,14,3,52,4,73,0,0,38,0,38,14,3,90,4,111,91,0,91,202
11/11/2015,PAE,WA,ANM,WE,Towers with Radar,9,5,40,0,54,3,0,123,0,126,12,5,163,0,180,149,0,149,329
11/12/2015,PAE,WA,ANM,WE,Towers with Radar,5,3,19,0,27,1,0,8,0,9,6,3,27,0,36,1,0,1,37
11/13/2015,PAE,WA,ANM,WE,Towers with Radar,15,4,10,3,32,0,0,0,0,0,15,4,10,3,32,0,0,0,32
11/14/2015,PAE,WA,ANM,WE,Towers with Radar,6,3,11,0,20,0,0,0,0,0,6,3,11,0,20,0,0,0,20
11/15/2015,PAE,WA,ANM,WE,Towers with Radar,9,2,38,0,49,0,0,71,0,71,9,2,109,0,120,141,0,141,261
11/16/2015,PAE,WA,ANM,WE,Towers with Radar,15,7,28,0,50,0,0,21,0,21,15,7,49,0,71,32,0,32,103
11/17/2015,PAE,WA,ANM,WE,Towers with Radar,4,0,2,0,6,0,0,0,0,0,4,0,2,0,6,0,0,0,6
11/18/2015,PAE,WA,ANM,WE,Towers with Radar,25,2,27,2,56,0,1,114,0,115,25,3,141,2,171,120,0,120,291
11/19/2015,PAE,WA,ANM,WE,Towers with Radar,6,3,26,0,35,0,0,92,0,92,6,3,118,0,127,99,0,99,226
11/20/2015,PAE,WA,ANM,WE,Towers with Radar,8,4,24,0,36,0,0,176,0,176,8,4,200,0,212,188,0,188,400
11/21/2015,PAE,WA,ANM,WE,Towers with Radar,5,0,29,0,34,0,2,341,0,343,5,2,370,0,377,264,0,264,641
11/22/2015,PAE,WA,ANM,WE,Towers with Radar,5,3,29,0,37,0,0,307,0,307,5,3,336,0,344,247,0,247,591
11/23/2015,PAE,WA,ANM,WE,Towers with Radar,25,0,29,0,54,0,0,27,0,27,25,0,56,0,81,70,0,70,151
11/24/2015,PAE,WA,ANM,WE,Towers with Radar,8,4,22,0,34,0,0,41,0,41,8,4,63,0,75,79,0,79,154
11/25/2015,PAE,WA,ANM,WE,Towers with Radar,8,3,28,0,39,5,3,171,0,179,13,6,199,0,218,174,0,174,392
11/26/2015,PAE,WA,ANM,WE,Towers with Radar,1,0,4,0,5,0,0,58,0,58,1,0,62,0,63,35,0,35,98
11/27/2015,PAE,WA,ANM,WE,Towers with Radar,1,0,14,0,15,0,0,142,0,142,1,0,156,0,157,133,0,133,290
11/28/2015,PAE,WA,ANM,WE,Towers with Radar,2,0,20,0,22,0,0,201,0,201,2,0,221,0,223,156,0,156,379
11/29/2015,PAE,WA,ANM,WE,Towers with Radar,3,4,39,4,50,0,1,95,1,97,3,5,134,5,147,100,0,100,247
11/30/2015,PAE,WA,ANM,WE,Towers with Radar,11,9,35,0,55,0,0,106,0,106,11,9,141,0,161,108,0,108,269
12/01/2015,PAE,WA,ANM,WE,Towers with Radar,16,9,48,2,75,0,2,88,0,90,16,11,136,2,165,90,0,90,255
12/02/2015,PAE,WA,ANM,WE,Towers with Radar,8,3,24,2,37,0,4,51,0,55,8,7,75,2,92,129,0,129,221
12/03/2015,PAE,WA,ANM,WE,Towers with Radar,7,2,12,0,21,0,0,5,0,5,7,2,17,0,26,0,0,0,26
12/04/2015,PAE,WA,ANM,WE,Towers with Radar,14,5,47,0,66,0,0,34,0,34,14,5,81,0,100,56,0,56,156
12/05/2015,PAE,WA,ANM,WE,Towers with Radar,6,0,7,0,13,0,2,5,0,7,6,2,12,0,20,4,0,4,24
12/06/2015,PAE,WA,ANM,WE,Towers with Radar,12,0,13,0,25,2,2,18,0,22,14,2,31,0,47,55,0,55,102
12/07/2015,PAE,WA,ANM,WE,Towers with Radar,15,3,17,4,39,0,0,7,0,7,15,3,24,4,46,0,0,0,46
12/08/2015,PAE,WA,ANM,WE,Towers with Radar,9,8,5,0,22,0,0,0,0,0,9,8,5,0,22,0,0,0,22
12/09/2015,PAE,WA,ANM,WE,Towers with Radar,13,1,48,0,62,0,1,67,0,68,13,2,115,0,130,114,0,114,244
12/10/2015,PAE,WA,ANM,WE,Towers with Radar,9,7,7,0,23,0,0,0,0,0,9,7,7,0,23,0,0,0,23
12/11/2015,PAE,WA,ANM,WE,Towers with Radar,10,1,31,0,42,0,0,103,3,106,10,1,134,3,148,217,0,217,365
12/12/2015,PAE,WA,ANM,WE,Towers with Radar,10,2,11,0,23,0,0,6,0,6,10,2,17,0,29,18,0,18,47
12/13/2015,PAE,WA,ANM,WE,Towers with Radar,7,2,31,0,40,0,0,25,0,25,7,2,56,0,65,32,0,32,97
12/14/2015,PAE,WA,ANM,WE,Towers with Radar,5,6,43,0,54,0,0,138,1,139,5,6,181,1,193,183,4,187,380
12/15/2015,PAE,WA,ANM,WE,Towers with Radar,8,4,12,2,26,0,0,8,0,8,8,4,20,2,34,20,0,20,54
12/16/2015,PAE,WA,ANM,WE,Towers with Radar,7,5,45,1,58,0,2,115,2,119,7,7,160,3,177,260,0,260,437
12/17/2015,PAE,WA,ANM,WE,Towers with Radar,11,2,12,0,25,0,3,1,0,4,11,5,13,0,29,0,0,0,29
12/18/2015,PAE,WA,ANM,WE,Towers with Radar,24,3,23,0,50,0,0,19,0,19,24,3,42,0,69,25,0,25,94
12/19/2015,PAE,WA,ANM,WE,Towers with Radar,14,3,53,3,73,1,0,144,0,145,15,3,197,3,218,133,0,133,351
12/20/2015,PAE,WA,ANM,WE,Towers with Radar,8,0,19,0,27,0,0,3,0,3,8,0,22,0,30,37,0,37,67
12/21/2015,PAE,WA,ANM,WE,Towers with Radar,5,2,14,0,21,0,0,8,0,8,5,2,22,0,29,28,0,28,57
12/22/2015,PAE,WA,ANM,WE,Towers with Radar,21,0,31,0,52,0,0,39,0,39,21,0,70,0,91,114,0,114,205
12/23/2015,PAE,WA,ANM,WE,Towers with Radar,12,9,4,2,27,0,0,5,0,5,12,9,9,2,32,0,0,0,32
12/24/2015,PAE,WA,ANM,WE,Towers with Radar,5,0,10,0,15,0,0,6,0,6,5,0,16,0,21,9,0,9,30
12/25/2015,PAE,WA,ANM,WE,Towers with Radar,0,3,1,0,4,0,0,28,0,28,0,3,29,0,32,38,0,38,70
12/26/2015,PAE,WA,ANM,WE,Towers with Radar,0,3,34,0,37,0,0,134,0,134,0,3,168,0,171,111,0,111,282
12/27/2015,PAE,WA,ANM,WE,Towers with Radar,0,2,5,0,7,0,0,2,0,2,0,2,7,0,9,0,0,0,9
12/28/2015,PAE,WA,ANM,WE,Towers with Radar,0,3,17,0,20,0,0,8,0,8,0,3,25,0,28,26,0,26,54
12/29/2015,PAE,WA,ANM,WE,Towers with Radar,1,1,33,4,39,0,0,97,0,97,1,1,130,4,136,108,0,108,244
12/30/2015,PAE,WA,ANM,WE,Towers with Radar,0,1,18,0,19,0,1,195,0,196,0,2,213,0,215,213,0,213,428
12/31/2015,PAE,WA,ANM,WE,Towers with Radar,1,0,27,0,28,0,0,186,0,186,1,0,213,0,214,216,0,216,430
01/01/2016,PAE,WA,ANM,WE,Towers with Radar,0,2,3,0,5,0,0,173,1,174,0,2,176,1,179,131,0,131,310
01/02/2016,PAE,WA,ANM,WE,Towers with Radar,3,3,25,0,31,0,1,227,0,228,3,4,252,0,259,176,0,176,435
01/03/2016,PAE,WA,ANM,WE,Towers with Radar,1,0,12,0,13,0,2,80,0,82,1,2,92,0,95,88,0,88,183
01/04/2016,PAE,WA,ANM,WE,Towers with Radar,2,6,3,0,11,0,0,0,0,0,2,6,3,0,11,0,0,0,11
01/05/2016,PAE,WA,ANM,WE,Towers with Radar,5,2,11,0,18,0,0,5,0,5,5,2,16,0,23,8,0,8,31
01/06/2016,PAE,WA,ANM,WE,Towers with Radar,9,8,25,0,42,0,6,112,0,118,9,14,137,0,160,154,0,154,314
01/07/2016,PAE,WA,ANM,WE,Towers with Radar,13,1,22,5,41,0,3,62,1,66,13,4,84,6,107,171,0,171,278
01/08/2016,PAE,WA,ANM,WE,Towers with Radar,21,3,30,0,54,2,4,94,2,102,23,7,124,2,156,113,0,113,269
01/09/2016,PAE,WA,ANM,WE,Towers with Radar,14,5,59,0,78,0,0,240,0,240,14,5,299,0,318,225,0,225,543
01/10/2016,PAE,WA,ANM,WE,Towers with Radar,7,2,19,0,28,0,1,168,0,169,7,3,187,0,197,212,0,212,409
01/11/2016,PAE,WA,ANM,WE,Towers with Radar,4,4,31,0,39,0,0,27,3,30,4,4,58,3,69,48,6,54,123
01/12/2016,PAE,WA,ANM,WE,Towers with Radar,4,4,43,1,52,0,0,16,2,18,4,4,59,3,70,45,2,47,117
01/13/2016,PAE,WA,ANM,WE,Towers with Radar,32,2,22,0,56,0,0,13,0,13,32,2,35,0,69,2,0,2,71
01/14/2016,PAE,WA,ANM,WE,Towers with Radar,5,9,43,10,67,1,0,137,4,142,6,9,180,14,209,237,1,238,447
01/15/2016,PAE,WA,ANM,WE,Towers with Radar,8,8,14,0,30,0,0,15,0,15,8,8,29,0,45,35,0,35,80
01/16/2016,PAE,WA,ANM,WE,Towers with Radar,13,1,31,0,45,0,0,45,2,47,13,1,76,2,92,32,0,32,124
01/17/2016,PAE,WA,ANM,WE,Towers with Radar,12,1,28,0,41,0,0,21,0,21,12,1,49,0,62,80,0,80,142
01/18/2016,PAE,WA,ANM,WE,Towers with Radar,10,2,38,0,50,0,5,119,3,127,10,7,157,3,177,169,7,176,353
01/19/2016,PAE,WA,ANM,WE,Towers with Radar,17,3,11,0,31,0,0,97,0,97,17,3,108,0,128,162,0,162,290
01/20/2016,PAE,WA,ANM,WE,Towers with Radar,21,4,29,2,56,1,0,63,0,64,22,4,92,2,120,145,0,145,265
01/21/2016,PAE,WA,ANM,WE,Towers with Radar,9,7,20,0,36,0,0,2,0,2,9,7,22,0,38,0,0,0,38
01/22/2016,PAE,WA,ANM,WE,Towers with Radar,16,9,21,0,46,0,0,30,2,32,16,9,51,2,78,20,7,27,105
01/23/2016,PAE,WA,ANM,WE,Towers with Radar,14,0,13,0,27,0,0,5,0,5,14,0,18,0,32,6,0,6,38
01/24/2016,PAE,WA,ANM,WE,Towers with Radar,12,1,37,0,50,0,0,143,0,143,12,1,180,0,193,243,0,243,436
01/25/2016,PAE,WA,ANM,WE,Towers with Radar,13,1,29,3,46,0,0,149,1,150,13,1,178,4,196,184,0,184,380
01/26/2016,PAE,WA,ANM,WE,Towers with Radar,3,4,7,0,14,0,0,1,0,1,3,4,8,0,15,0,0,0,15
01/27/2016,PAE,WA,ANM,WE,Towers with Radar,18,1,24,3,46,2,0,40,0,42,20,1,64,3,88,107,2,109,197
01/28/2016,PAE,WA,ANM,WE,Towers with Radar,6,1,14,0,21,0,2,13,2,17,6,3,27,2,38,12,0,12,50
01/29/2016,PAE,WA,ANM,WE,Towers with Radar,16,6,24,2,48,0,2,9,0,11,16,8,33,2,59,58,0,58,117
01/30/2016,PAE,WA,ANM,WE,Towers with Radar,11,1,50,4,66,0,0,64,0,64,11,1,114,4,130,177,0,177,307
01/31/2016,PAE,WA,ANM,WE,Towers with Radar,15,1,41,0,57,0,0,62,0,62,15,1,103,0,119,142,0,142,261
02/01/2016,PAE,WA,ANM,WE,Towers with Radar,10,3,30,0,43,4,0,37,0,41,14,3,67,0,84,101,0,101,185
02/02/2016,PAE,WA,ANM,WE,Towers with Radar,15,4,46,4,69,10,0,236,2,248,25,4,282,6,317,198,10,208,525
02/03/2016,PAE,WA,ANM,WE,Towers with Radar,8,5,30,4,47,0,0,33,0,33,8,5,63,4,80,116,24,140,220
02/04/2016,PAE,WA,ANM,WE,Towers with Radar,41,3,26,0,70,0,0,12,0,12,41,3,38,0,82,39,0,39,121
02/05/2016,PAE,WA,ANM,WE,Towers with Radar,12,9,22,0,43,0,6,48,0,54,12,15,70,0,97,131,0,131,228
02/06/2016,PAE,WA,ANM,WE,Towers with Radar,4,1,32,0,37,0,0,88,0,88,4,1,120,0,125,214,0,214,339
02/07/2016,PAE,WA,ANM,WE,Towers with Radar,0,1,32,0,33,0,0,197,0,197,0,1,229,0,230,299,0,299,529
02/08/2016,PAE,WA,ANM,WE,Towers with Radar,6,3,15,0,24,0,0,204,0,204,6,3,219,0,228,171,0,171,399
02/09/2016,PAE,WA,ANM,WE,Towers with Radar,14,3,41,0,58,0,2,234,0,236,14,5,275,0,294,250,0,250,544
02/10/2016,PAE,WA,ANM,WE,Towers with Radar,26,5,44,0,75,4,0,33,2,39,30,5,77,2,114,56,0,56,170
02/11/2016,PAE,WA,ANM,WE,Towers with Radar,21,13,32,0,66,0,0,58,0,58,21,13,90,0,124,133,0,133,257
02/12/2016,PAE,WA,ANM,WE,Towers with Radar,18,4,25,0,47,0,0,11,0,11,18,4,36,0,58,13,0,13,71
02/13/2016,PAE,WA,ANM,WE,Towers with Radar,0,0,29,0,29,0,2,28,0,30,0,2,57,0,59,35,0,35,94
02/14/2016,PAE,WA,ANM,WE,Towers with Radar,6,0,14,0,20,0,0,0,0,0,6,0,14,0,20,0,0,0,20
02/15/2016,PAE,WA,ANM,WE,Towers with Radar,3,3,9,0,15,0,0,0,0,0,3,3,9,0,15,0,0,0,15
02/16/2016,PAE,WA,ANM,WE,Towers with Radar,10,3,31,1,45,0,2,14,0,16,10,5,45,1,61,16,0,16,77
02/17/2016,PAE,WA,ANM,WE,Towers with Radar,8,5,45,2,60,0,0,82,0,82,8,5,127,2,142,151,0,151,293
02/18/2016,PAE,WA,ANM,WE,Towers with Radar,26,1,18,1,46,0,0,52,0,52,26,1,70,1,98,51,2,53,151
02/19/2016,PAE,WA,ANM,WE,Towers with Radar,16,0,20,2,38,0,0,9,0,9,16,0,29,2,47,27,0,27,74
02/20/2016,PAE,WA,ANM,WE,Towers with Radar,2,2,39,3,46,0,1,175,3,179,2,3,214,6,225,299,0,299,524
02/21/2016,PAE,WA,ANM,WE,Towers with Radar,4,1,25,0,30,0,0,47,0,47,4,1,72,0,77,49,0,49,126
02/22/2016,PAE,WA,ANM,WE,Towers with Radar,18,2,31,2,53,0,0,69,1,70,18,2,100,3,123,125,0,125,248
02/23/2016,PAE,WA,ANM,WE,Towers with Radar,10,5,27,3,45,0,0,154,2,156,10,5,181,5,201,183,0,183,384
02/24/2016,PAE,WA,ANM,WE,Towers with Radar,14,2,57,2,75,2,0,150,5,157,16,2,207,7,232,216,0,216,448
02/25/2016,PAE,WA,ANM,WE,Towers with Radar,8,1,21,4,34,10,0,246,2,258,18,1,267,6,292,188,3,191,483
02/26/2016,PAE,WA,ANM,WE,Towers with Radar,10,1,31,0,42,0,0,96,2,98,10,1,127,2,140,140,0,140,280
02/27/2016,PAE,WA,ANM,WE,Towers with Radar,0,1,46,0,47,0,0,88,0,88,0,1,134,0,135,100,0,100,235
02/28/2016,PAE,WA,ANM,WE,Towers with Radar,12,2,9,0,23,0,1,5,0,6,12,3,14,0,29,2,0,2,31
02/29/2016,PAE,WA,ANM,WE,Towers with Radar,12,2,27,0,41,0,0,61,0,61,12,2,88,0,102,95,0,95,197
03/01/2016,PAE,WA,ANM,WE,Towers with Radar,3,3,11,2,19,0,4,0,0,4,3,7,11,2,23,0,0,0,23
03/02/2016,PAE,WA,ANM,WE,Towers with Radar,9,3,36,0,48,0,0,54,1,55,9,3,90,1,103,70,0,70,173
03/03/2016,PAE,WA,ANM,WE,Towers with Radar,1,4,15,0,20,0,2,40,0,42,1,6,55,0,62,65,0,65,127
03/04/2016,PAE,WA,ANM,WE,Towers with Radar,7,5,26,0,38,0,0,55,0,55,7,5,81,0,93,99,0,99,192
03/05/2016,PAE,WA,ANM,WE,Towers with Radar,2,2,29,0,33,0,0,193,0,193,2,2,222,0,226,192,0,192,418
03/06/2016,PAE,WA,ANM,WE,Towers with Radar,4,0,8,0,12,0,0,14,0,14,4,0,22,0,26,56,0,56,82
03/07/2016,PAE,WA,ANM,WE,Towers with Radar,2,1,23,0,26,0,0,2,0,2,2,1,25,0,28,0,0,0,28
03/08/2016,PAE,WA,ANM,WE,Towers with Radar,6,5,29,4,44,0,0,94,3,97,6,5,123,7,141,96,9,105,246
03/09/2016,PAE,WA,ANM,WE,Towers with Radar,7,7,18,0,32,0,0,36,0,36,7,7,54,0,68,63,0,63,131
03/10/2016,PAE,WA,ANM,WE,Towers with Radar,11,13,6,0,30,0,0,6,0,6,11,13,12,0,36,20,2,22,58
03/11/2016,PAE,WA,ANM,WE,Towers with Radar,13,2,25,2,42,0,0,86,0,86,13,2,111,2,128,72,0,72,200
03/12/2016,PAE,WA,ANM,WE,Towers with Radar,9,2,12,0,23,0,0,6,0,6,9,2,18,0,29,7,0,7,36
03/13/2016,PAE,WA,ANM,WE,Towers with Radar,2,1,18,0,21,0,0,18,1,19,2,1,36,1,40,13,1,14,54
03/14/2016,PAE,WA,ANM,WE,Towers with Radar,11,6,13,0,30,0,0,7,0,7,11,6,20,0,37,10,0,10,47
03/15/2016,PAE,WA,ANM,WE,Towers with Radar,15,2,48,0,65,0,2,45,9,56,15,4,93,9,121,113,4,117,238
03/16/2016,PAE,WA,ANM,WE,Towers with Radar,9,3,31,2,45,1,0,109,0,110,10,3,140,2,155,159,0,159,314
03/17/2016,PAE,WA,ANM,WE,Towers with Radar,4,5,36,2,47,2,0,310,1,313,6,5,346,3,360,272,0,272,632
03/18/2016,PAE,WA,ANM,WE,Towers with Radar,20,6,27,2,55,2,0,216,0,218,22,6,243,2,273,169,0,169,442
03/19/2016,PAE,WA,ANM,WE,Towers with Radar,2,0,42,0,44,0,0,223,0,223,2,0,265,0,267,246,0,246,513
03/20/2016,PAE,WA,ANM,WE,Towers with Radar,9,3,36,0,48,0,2,68,0,70,9,5,104,0,118,241,0,241,359
03/21/2016,PAE,WA,ANM,WE,Towers with Radar,11,2,35,0,48,0,0,29,0,29,11,2,64,0,77,39,0,39,116
03/22/2016,PAE,WA,ANM,WE,Towers with Radar,22,4,32,7,65,0,1,65,0,66,22,5,97,7,131,38,0,38,169
03/23/2016,PAE,WA,ANM,WE,Towers with Radar,12,0,33,0,45,0,0,15,0,15,12,0,48,0,60,21,0,21,81
03/24/2016,PAE,WA,ANM,WE,Towers with Radar,23,6,40,0,69,0,1,42,0,43,23,7,82,0,112,94,0,94,206
03/25/2016,PAE,WA,ANM,WE,Towers with Radar,8,1,26,0,35,4,0,107,0,111,12,1,133,0,146,236,0,236,382
03/26/2016,PAE,WA,ANM,WE,Towers with Radar,1,2,16,0,19,0,2,240,3,245,1,4,256,3,264,256,0,256,520
03/27/2016,PAE,WA,ANM,WE,Towers with Radar,2,3,13,0,18,0,0,29,0,29,2,3,42,0,47,65,0,65,112
03/28/2016,PAE,WA,ANM,WE,Towers with Radar,2,5,27,0,34,0,2,68,0,70,2,7,95,0,104,75,0,75,179
03/29/2016,PAE,WA,ANM,WE,Towers with Radar,9,2,9,0,20,0,0,162,0,162,9,2,171,0,182,140,0,140,322
03/30/2016,PAE,WA,ANM,WE,Towers with Radar,5,2,24,0,31,0,0,282,3,285,5,2,306,3,316,393,7,400,716
03/31/2016,PAE,WA,ANM,WE,Towers with Radar,6,3,34,2,45,0,0,233,0,233,6,3,267,2,278,229,0,229,507
04/01/2016,PAE,WA,ANM,WE,Towers with Radar,27,7,12,0,46,24,2,218,0,244,51,9,230,0,290,229,0,229,519
04/02/2016,PAE,WA,ANM,WE,Towers with Radar,6,1,52,0,59,10,1,104,0,115,16,2,156,0,174,163,0,163,337
04/03/2016,PAE,WA,ANM,WE,Towers with Radar,2,3,12,2,19,0,0,193,7,200,2,3,205,9,219,243,4,247,466
04/04/2016,PAE,WA,ANM,WE,Towers with Radar,8,1,15,0,24,0,0,24,1,25,8,1,39,1,49,40,0,40,89
04/05/2016,PAE,WA,ANM,WE,Towers with Radar,30,6,42,0,78,0,0,58,0,58,30,6,100,0,136,55,0,55,191
04/06/2016,PAE,WA,ANM,WE,Towers with Radar,6,3,29,2,40,0,0,158,2,160,6,3,187,4,200,149,0,149,349
04/07/2016,PAE,WA,ANM,WE,Towers with Radar,2,3,32,0,37,0,0,166,0,166,2,3,198,0,203,214,0,214,417
04/08/2016,PAE,WA,ANM,WE,Towers with Radar,8,11,25,0,44,0,0,141,2,143,8,11,166,2,187,223,0,223,410
04/09/2016,PAE,WA,ANM,WE,Towers with Radar,3,2,40,0,45,0,0,223,0,223,3,2,263,0,268,314,0,314,582
04/10/2016,PAE,WA,ANM,WE,Towers with Radar,3,4,37,0,44,0,0,113,0,113,3,4,150,0,157,74,0,74,231
04/11/2016,PAE,WA,ANM,WE,Towers with Radar,30,8,37,4,79,1,0,60,2,63,31,8,97,6,142,174,0,174,316
04/12/2016,PAE,WA,ANM,WE,Towers with Radar,20,6,33,4,63,0,0,22,0,22,20,6,55,4,85,33,0,33,118
04/13/2016,PAE,WA,ANM,WE,Towers with Radar,12,6,38,1,57,1,2,88,1,92,13,8,126,2,149,142,0,142,291
04/14/2016,PAE,WA,ANM,WE,Towers with Radar,6,1,27,0,34,0,0,102,1,103,6,1,129,1,137,155,0,155,292
04/15/2016,PAE,WA,ANM,WE,Towers with Radar,22,8,31,0,61,3,0,99,4,106,25,8,130,4,167,55,7,62,229
04/16/2016,PAE,WA,ANM,WE,Towers with Radar,3,2,17,0,22,0,0,218,0,218,3,2,235,0,240,300,0,300,540
04/17/2016,PAE,WA,ANM,WE,Towers with Radar,2,2,10,0,14,0,0,239,3,242,2,2,249,3,256,152,2,154,410
04/18/2016,PAE,WA,ANM,WE,Towers with Radar,5,3,20,0,28,0,0,140,0,140,5,3,160,0,168,160,0,160,328
04/19/2016,PAE,WA,ANM,WE,Towers with Radar,16,4,34,0,54,0,0,150,0,150,16,4,184,0,204,145,0,145,349
04/20/2016,PAE,WA,ANM,WE,Towers with Radar,5,3,17,5,30,6,0,142,2,150,11,3,159,7,180,217,37,254,434
04/21/2016,PAE,WA,ANM,WE,Towers with Radar,16,3,34,0,53,0,0,118,0,118,16,3,152,0,171,159,0,159,330
04/22/2016,PAE,WA,ANM,WE,Towers with Radar,26,6,36,1,69,0,0,72,1,73,26,6,108,2,142,152,0,152,294
04/23/2016,PAE,WA,ANM,WE,Towers with Radar,10,0,31,1,42,1,3,72,0,76,11,3,103,1,118,49,0,49,167
04/24/2016,PAE,WA,ANM,WE,Towers with Radar,0,1,30,0,31,0,0,20,0,20,0,1,50,0,51,33,0,33,84
04/25/2016,PAE,WA,ANM,WE,Towers with Radar,12,7,19,0,38,0,0,70,0,70,12,7,89,0,108,155,0,155,263
04/26/2016,PAE,WA,ANM,WE,Towers with Radar,9,7,60,2,78,0,0,118,0,118,9,7,178,2,196,172,0,172,368
04/27/2016,PAE,WA,ANM,WE,Towers with Radar,6,3,39,2,50,0,3,158,0,161,6,6,197,2,211,284,0,284,495
04/28/2016,PAE,WA,ANM,WE,Towers with Radar,9,5,40,1,55,0,0,143,0,143,9,5,183,1,198,135,0,135,333
04/29/2016,PAE,WA,ANM,WE,Towers with Radar,6,10,27,0,43,0,0,75,0,75,6,10,102,0,118,181,0,181,299
04/30/2016,PAE,WA,ANM,WE,Towers with Radar,9,2,22,0,33,0,0,250,0,250,9,2,272,0,283,207,0,207,490
05/01/2016,PAE,WA,ANM,WE,Towers with Radar,5,3,21,0,29,0,0,276,1,277,5,3,297,1,306,249,0,249,555
05/02/2016,PAE,WA,ANM,WE,Towers with Radar,1,4,27,0,32,0,0,157,2,159,1,4,184,2,191,160,0,160,351
05/03/2016,PAE,WA,ANM,WE,Towers with Radar,6,8,15,2,31,0,0,148,0,148,6,8,163,2,179,174,0,174,353
05/04/2016,PAE,WA,ANM,WE,Towers with Radar,5,1,38,0,44,0,0,41,0,41,5,1,79,0,85,36,0,36,121
05/05/2016,PAE,WA,ANM,WE,Towers with Radar,13,1,41,2,57,0,0,146,4,150,13,1,187,6,207,132,0,132,339
05/06/2016,PAE,WA,ANM,WE,Towers with Radar,7,0,18,0,25,0,3,215,0,218,7,3,233,0,243,155,0,155,398
05/07/2016,PAE,WA,ANM,WE,Towers with Radar,13,2,37,0,52,0,0,258,0,258,13,2,295,0,310,175,0,175,485
05/08/2016,PAE,WA,ANM,WE,Towers with Radar,6,2,54,0,62,0,0,47,0,47,6,2,101,0,109,119,0,119,228
05/09/2016,PAE,WA,ANM,WE,Towers with Radar,6,6,36,0,48,4,1,108,0,113,10,7,144,0,161,120,0,120,281
05/10/2016,PAE,WA,ANM,WE,Towers with Radar,8,2,45,2,57,0,0,131,1,132,8,2,176,3,189,96,0,96,285
05/11/2016,PAE,WA,ANM,WE,Towers with Radar,13,4,12,0,29,0,0,155,0,155,13,4,167,0,184,188,0,188,372
05/12/2016,PAE,WA,ANM,WE,Towers with Radar,6,3,16,1,26,0,2,171,2,175,6,5,187,3,201,178,0,178,379
05/13/2016,PAE,WA,ANM,WE,Towers with Radar,8,1,12,1,22,2,0,205,2,209,10,1,217,3,231,187,0,187,418
05/14/2016,PAE,WA,ANM,WE,Towers with Radar,7,0,36,4,47,0,0,73,1,74,7,0,109,5,121,122,0,122,243
05/15/2016,PAE,WA,ANM,WE,Towers with Radar,4,6,44,1,55,0,0,0,0,0,4,6,44,1,55,0,0,0,55
05/16/2016,PAE,WA,ANM,WE,Towers with Radar,16,1,32,4,53,0,0,62,4,66,16,1,94,8,119,110,2,112,231
05/17/2016,PAE,WA,ANM,WE,Towers with Radar,8,2,34,2,46,0,0,120,2,122,8,2,154,4,168,112,0,112,280
05/18/2016,PAE,WA,ANM,WE,Towers with Radar,19,5,35,0,59,0,1,108,0,109,19,6,143,0,168,189,0,189,357
05/19/2016,PAE,WA,ANM,WE,Towers with Radar,2,3,56,2,63,0,2,39,2,43,2,5,95,4,106,67,0,67,173
05/20/2016,PAE,WA,ANM,WE,Towers with Radar,11,1,25,0,37,0,0,158,0,158,11,1,183,0,195,154,0,154,349
05/21/2016,PAE,WA,ANM,WE,Towers with Radar,12,2,56,0,70,1,0,139,2,142,13,2,195,2,212,158,0,158,370
05/22/2016,PAE,WA,ANM,WE,Towers with Radar,12,2,46,0,60,0,1,107,0,108,12,3,153,0,168,115,0,115,283
05/23/2016,PAE,WA,ANM,WE,Towers with Radar,17,3,49,0,69,0,0,110,0,110,17,3,159,0,179,179,0,179,358
05/24/2016,PAE,WA,ANM,WE,Towers with Radar,2,6,21,3,32,0,2,98,0,100,2,8,119,3,132,99,0,99,231
05/25/2016,PAE,WA,ANM,WE,Towers with Radar,4,3,47,0,54,0,6,96,0,102,4,9,143,0,156,152,0,152,308
05/26/2016,PAE,WA,ANM,WE,Towers with Radar,15,2,63,0,80,0,0,90,0,90,15,2,153,0,170,98,0,98,268
05/27/2016,PAE,WA,ANM,WE,Towers with Radar,17,1,35,0,53,0,0,92,1,93,17,1,127,1,146,146,0,146,292
05/28/2016,PAE,WA,ANM,WE,Towers with Radar,6,0,22,0,28,0,0,19,0,19,6,0,41,0,47,15,0,15,62
05/29/2016,PAE,WA,ANM,WE,Towers with Radar,5,2,48,0,55,0,0,87,0,87,5,2,135,0,142,85,0,85,227
05/30/2016,PAE,WA,ANM,WE,Towers with Radar,7,0,36,0,43,0,0,240,0,240,7,0,276,0,283,179,0,179,462
05/31/2016,PAE,WA,ANM,WE,Towers with Radar,17,4,24,0,45,0,2,166,0,168,17,6,190,0,213,178,0,178,391
06/01/2016,PAE,WA,ANM,WE,Towers with Radar,8,6,30,4,48,2,0,151,0,153,10,6,181,4,201,172,0,172,373
06/02/2016,PAE,WA,ANM,WE,Towers with Radar,10,2,64,6,82,0,0,88,0,88,10,2,152,6,170,157,6,163,333
06/03/2016,PAE,WA,ANM,WE,Towers with Radar,3,5,15,0,23,0,0,174,0,174,3,5,189,0,197,211,0,211,408
06/04/2016,PAE,WA,ANM,WE,Towers with Radar,5,1,16,0,22,0,2,266,3,271,5,3,282,3,293,150,0,150,443
06/05/2016,PAE,WA,ANM,WE,Towers with Radar,4,1,25,0,30,0,1,227,0,228,4,2,252,0,258,128,0,128,386
06/06/2016,PAE,WA,ANM,WE,Towers with Radar,7,4,24,3,38,0,0,149,1,150,7,4,173,4,188,154,1,155,343
06/07/2016,PAE,WA,ANM,WE,Towers with Radar,8,4,10,0,22,0,1,146,0,147,8,5,156,0,169,178,0,178,347
06/08/2016,PAE,WA,ANM,WE,Towers with Radar,12,4,56,2,74,1,0,102,0,103,13,4,158,2,177,134,0,134,311
06/09/2016,PAE,WA,ANM,WE,Towers with Radar,19,6,39,0,64,0,1,110,4,115,19,7,149,4,179,213,3,216,395
06/10/2016,PAE,WA,ANM,WE,Towers with Radar,22,0,35,0,57,0,0,105,0,105,22,0,140,0,162,128,0,128,290
06/11/2016,PAE,WA,ANM,WE,Towers with Radar,12,1,45,0,58,0,0,128,0,128,12,1,173,0,186,199,0,199,385
06/12/2016,PAE,WA,ANM,WE,Towers with Radar,7,3,49,0,59,0,0,175,1,176,7,3,224,1,235,221,0,221,456
06/13/2016,PAE,WA,ANM,WE,Towers with Radar,12,7,32,0,51,0,0,33,2,35,12,7,65,2,86,30,0,30,116
06/14/2016,PAE,WA,ANM,WE,Towers with Radar,14,2,24,0,40,6,0,35,0,41,20,2,59,0,81,54,0,54,135
06/15/2016,PAE,WA,ANM,WE,Towers with Radar,19,5,47,0,71,0,3,111,1,115,19,8,158,1,186,190,0,190,376
06/16/2016,PAE,WA,ANM,WE,Towers with Radar,26,5,43,0,74,0,2,144,0,146,26,7,187,0,220,197,0,197,417
06/17/2016,PAE,WA,ANM,WE,Towers with Radar,16,9,22,0,47,0,0,155,0,155,16,9,177,0,202,153,0,153,355
06/18/2016,PAE,WA,ANM,WE,Towers with Radar,6,0,22,0,28,0,0,12,0,12,6,0,34,0,40,2,0,2,42
06/19/2016,PAE,WA,ANM,WE,Towers with Radar,8,3,37,0,48,0,0,236,0,236,8,3,273,0,284,151,0,151,435
06/20/2016,PAE,WA,ANM,WE,Towers with Radar,7,10,22,2,41,0,4,137,0,141,7,14,159,2,182,147,0,147,329
06/21/2016,PAE,WA,ANM,WE,Towers with Radar,15,2,47,0,64,0,0,107,0,107,15,2,154,0,171,155,0,155,326
06/22/2016,PAE,WA,ANM,WE,Towers with Radar,20,3,44,0,67,3,2,183,1,189,23,5,227,1,256,174,0,174,430
06/23/2016,PAE,WA,ANM,WE,Towers with Radar,21,5,40,2,68,0,0,35,0,35,21,5,75,2,103,65,0,65,168
06/24/2016,PAE,WA,ANM,WE,Towers with Radar,33,6,36,0,75,1,10,23,0,34,34,16,59,0,109,32,0,32,141
06/25/2016,PAE,WA,ANM,WE,Towers with Radar,8,3,30,0,41,0,3,185,0,188,8,6,215,0,229,223,0,223,452
06/26/2016,PAE,WA,ANM,WE,Towers with Radar,0,4,40,0,44,0,0,196,0,196,0,4,236,0,240,199,0,199,439
06/27/2016,PAE,WA,ANM,WE,Towers with Radar,7,3,16,1,27,0,4,160,1,165,7,7,176,2,192,200,0,200,392
06/28/2016,PAE,WA,ANM,WE,Towers with Radar,13,5,56,0,74,0,6,124,2,132,13,11,180,2,206,101,0,101,307
06/29/2016,PAE,WA,ANM,WE,Towers with Radar,8,4,50,0,62,0,0,110,0,110,8,4,160,0,172,159,0,159,331
06/30/2016,PAE,WA,ANM,WE,Towers with Radar,15,7,61,0,83,0,3,153,0,156,15,10,214,0,239,236,0,236,475
07/01/2016,PAE,WA,ANM,WE,Towers with Radar,16,4,39,1,60,0,1,177,1,179,16,5,216,2,239,212,0,212,451
07/02/2016,PAE,WA,ANM,WE,Towers with Radar,0,1,16,0,17,0,0,132,2,134,0,1,148,2,151,159,0,159,310
07/03/2016,PAE,WA,ANM,WE,Towers with Radar,1,1,30,0,32,0,2,129,0,131,1,3,159,0,163,121,0,121,284
07/04/2016,PAE,WA,ANM,WE,Towers with Radar,0,0,33,0,33,0,0,68,2,70,0,0,101,2,103,50,0,50,153
07/05/2016,PAE,WA,ANM,WE,Towers with Radar,1,3,53,0,57,0,0,52,0,52,1,3,105,0,109,28,0,28,137
07/06/2016,PAE,WA,ANM,WE,Towers with Radar,10,2,32,0,44,0,0,208,2,210,10,2,240,2,254,274,0,274,528
07/07/2016,PAE,WA,ANM,WE,Towers with Radar,19,4,35,2,60,0,0,72,2,74,19,4,107,4,134,113,18,131,265
07/08/2016,PAE,WA,ANM,WE,Towers with Radar,29,14,54,0,97,0,0,109,0,109,29,14,163,0,206,166,0,166,372
07/09/2016,PAE,WA,ANM,WE,Towers with Radar,0,0,22,0,22,0,1,127,0,128,0,1,149,0,150,208,0,208,358
07/10/2016,PAE,WA,ANM,WE,Towers with Radar,0,1,20,0,21,0,0,177,0,177,0,1,197,0,198,127,0,127,325
07/11/2016,PAE,WA,ANM,WE,Towers with Radar,9,6,34,0,49,0,2,114,2,118,9,8,148,2,167,200,0,200,367
07/12/2016,PAE,WA,ANM,WE,Towers with Radar,15,6,48,1,70,0,0,157,6,163,15,6,205,7,233,227,6,233,466
07/13/2016,PAE,WA,ANM,WE,Towers with Radar,10,2,24,1,37,0,3,203,0,206,10,5,227,1,243,204,3,207,450
07/14/2016,PAE,WA,ANM,WE,Towers with Radar,12,4,39,0,55,0,0,247,7,254,12,4,286,7,309,215,20,235,544
07/15/2016,PAE,WA,ANM,WE,Towers with Radar,13,2,28,0,43,6,0,160,4,170,19,2,188,4,213,256,3,259,472
07/16/2016,PAE,WA,ANM,WE,Towers with Radar,8,2,57,0,67,0,1,179,0,180,8,3,236,0,247,210,0,210,457
07/17/2016,PAE,WA,ANM,WE,Towers with Radar,4,0,33,0,37,0,0,200,0,200,4,0,233,0,237,147,0,147,384
07/18/2016,PAE,WA,ANM,WE,Towers with Radar,24,9,35,0,68,0,0,85,0,85,24,9,120,0,153,183,0,183,336
07/19/2016,PAE,WA,ANM,WE,Towers with Radar,3,1,50,7,61,0,3,171,7,181,3,4,221,14,242,400,5,405,647
07/20/2016,PAE,WA,ANM,WE,Towers with Radar,15,10,28,2,55,1,8,202,2,213,16,18,230,4,268,289,0,289,557
07/21/2016,PAE,WA,ANM,WE,Towers with Radar,16,2,27,0,45,1,1,201,3,206,17,3,228,3,251,426,2,428,679
07/22/2016,PAE,WA,ANM,WE,Towers with Radar,8,7,36,2,53,0,0,23,0,23,8,7,59,2,76,10,0,10,86
07/23/2016,PAE,WA,ANM,WE,Towers with Radar,14,2,19,0,35,0,0,404,0,404,14,2,423,0,439,218,0,218,657
07/24/2016,PAE,WA,ANM,WE,Towers with Radar,8,3,21,0,32,0,0,246,0,246,8,3,267,0,278,141,0,141,419
07/25/2016,PAE,WA,ANM,WE,Towers with Radar,14,3,32,0,49,0,2,186,1,189,14,5,218,1,238,241,20,261,499
07/26/2016,PAE,WA,ANM,WE,Towers with Radar,13,8,24,6,51,0,0,113,0,113,13,8,137,6,164,137,0,137,301
07/27/2016,PAE,WA,ANM,WE,Towers with Radar,11,7,28,0,46,1,0,209,2,212,12,7,237,2,258,317,24,341,599
07/28/2016,PAE,WA,ANM,WE,Towers with Radar,2,3,20,0,25,0,1,141,4,146,2,4,161,4,171,134,28,162,333
07/29/2016,PAE,WA,ANM,WE,Towers with Radar,10,6,21,0,37,0,1,220,6,227,10,7,241,6,264,220,0,220,484
07/30/2016,PAE,WA,ANM,WE,Towers with Radar,9,2,53,1,65,0,4,227,6,237,9,6,280,7,302,233,4,237,539
07/31/2016,PAE,WA,ANM,WE,Towers with Radar,3,2,47,1,53,0,0,138,2,140,3,2,185,3,193,175,0,175,368
08/01/2016,PAE,WA,ANM,WE,Towers with Radar,4,4,19,0,27,0,4,157,0,161,4,8,176,0,188,232,0,232,420
08/02/2016,PAE,WA,ANM,WE,Towers with Radar,13,2,25,2,42,4,2,47,0,53,17,4,72,2,95,92,0,92,187
08/03/2016,PAE,WA,ANM,WE,Towers with Radar,14,2,33,0,49,0,0,142,0,142,14,2,175,0,191,308,0,308,499
08/04/2016,PAE,WA,ANM,WE,Towers with Radar,6,5,30,0,41,7,6,157,0,170,13,11,187,0,211,183,21,204,415
08/05/2016,PAE,WA,ANM,WE,Towers with Radar,5,5,30,2,42,0,4,159,6,169,5,9,189,8,211,322,0,322,533
08/06/2016,PAE,WA,ANM,WE,Towers with Radar,6,0,31,2,39,0,0,221,0,221,6,0,252,2,260,264,0,264,524
08/07/2016,PAE,WA,ANM,WE,Towers with Radar,6,6,13,0,25,0,0,130,0,130,6,6,143,0,155,246,0,246,401
08/08/2016,PAE,WA,ANM,WE,Towers with Radar,1,3,20,3,27,7,0,49,3,59,8,3,69,6,86,154,0,154,240
08/09/2016,PAE,WA,ANM,WE,Towers with Radar,7,2,39,0,48,0,2,45,0,47,7,4,84,0,95,145,0,145,240
08/10/2016,PAE,WA,ANM,WE,Towers with Radar,18,8,26,0,52,0,0,128,1,129,18,8,154,1,181,202,1,203,384
08/11/2016,PAE,WA,ANM,WE,Towers with Radar,7,5,30,0,42,0,0,176,0,176,7,5,206,0,218,266,0,266,484
08/12/2016,PAE,WA,ANM,WE,Towers with Radar,13,6,36,2,57,0,2,213,2,217,13,8,249,4,274,184,0,184,458
08/13/2016,PAE,WA,ANM,WE,Towers with Radar,3,2,30,0,35,0,0,256,2,258,3,2,286,2,293,168,0,168,461
08/14/2016,PAE,WA,ANM,WE,Towers with Radar,10,2,16,1,29,0,1,263,1,265,10,3,279,2,294,262,12,274,568
08/15/2016,PAE,WA,ANM,WE,Towers with Radar,13,5,18,0,36,1,0,136,0,137,14,5,154,0,173,274,0,274,447
08/16/2016,PAE,WA,ANM,WE,Towers with Radar,7,1,24,0,32,4,0,149,0,153,11,1,173,0,185,217,0,217,402
08/17/2016,PAE,WA,ANM,WE,Towers with Radar,12,2,22,0,36,0,0,180,3,183,12,2,202,3,219,203,11,214,433
08/18/2016,PAE,WA,ANM,WE,Towers with Radar,19,3,36,2,60,0,2,153,2,157,19,5,189,4,217,262,12,274,491
08/19/2016,PAE,WA,ANM,WE,Towers with Radar,19,2,13,0,34,0,0,200,0,200,19,2,213,0,234,164,0,164,398
08/20/2016,PAE,WA,ANM,WE,Towers with Radar,1,2,12,0,15,0,1,283,0,284,1,3,295,0,299,94,0,94,393
08/21/2016,PAE,WA,ANM,WE,Towers with Radar,0,0,24,0,24,0,0,156,0,156,0,0,180,0,180,149,0,149,329
08/22/2016,PAE,WA,ANM,WE,Towers with Radar,9,14,25,1,49,0,0,156,1,157,9,14,181,2,206,263,0,263,469
08/23/2016,PAE,WA,ANM,WE,Towers with Radar,7,2,19,2,30,0,0,208,0,208,7,2,227,2,238,283,0,283,521
08/24/2016,PAE,WA,ANM,WE,Towers with Radar,8,2,26,0,36,0,0,231,0,231,8,2,257,0,267,198,0,198,465
08/25/2016,PAE,WA,ANM,WE,Towers with Radar,10,3,28,0,41,0,2,166,4,172,10,5,194,4,213,163,11,174,387
08/26/2016,PAE,WA,ANM,WE,Towers with Radar,20,1,22,0,43,1,0,186,0,187,21,1,208,0,230,232,0,232,462
08/27/2016,PAE,WA,ANM,WE,Towers with Radar,5,0,33,0,38,0,2,132,0,134,5,2,165,0,172,140,0,140,312
08/28/2016,PAE,WA,ANM,WE,Towers with Radar,5,0,58,0,63,3,2,146,0,151,8,2,204,0,214,112,0,112,326
08/29/2016,PAE,WA,ANM,WE,Towers with Radar,4,8,30,3,45,0,0,139,2,141,4,8,169,5,186,197,11,208,394
08/30/2016,PAE,WA,ANM,WE,Towers with Radar,8,2,48,2,60,0,4,132,0,136,8,6,180,2,196,197,0,197,393
08/31/2016,PAE,WA,ANM,WE,Towers with Radar,10,0,39,2,51,0,0,62,0,62,10,0,101,2,113,119,0,119,232
09/01/2016,PAE,WA,ANM,WE,Towers with Radar,16,7,47,0,70,0,0,52,0,52,16,7,99,0,122,219,0,219,341
09/02/2016,PAE,WA,ANM,WE,Towers with Radar,9,1,22,0,32,0,0,56,0,56,9,1,78,0,88,35,0,35,123
09/03/2016,PAE,WA,ANM,WE,Towers with Radar,1,5,39,0,45,0,1,107,0,108,1,6,146,0,153,177,0,177,330
09/04/2016,PAE,WA,ANM,WE,Towers with Radar,10,2,31,0,43,0,0,219,0,219,10,2,250,0,262,132,0,132,394
09/05/2016,PAE,WA,ANM,WE,Towers with Radar,4,0,35,0,39,0,0,92,0,92,4,0,127,0,131,118,0,118,249
09/06/2016,PAE,WA,ANM,WE,Towers with Radar,9,1,25,1,36,0,0,97,0,97,9,1,122,1,133,135,0,135,268
09/07/2016,PAE,WA,ANM,WE,Towers with Radar,6,2,39,0,47,0,0,22,0,22,6,2,61,0,69,65,0,65,134
09/08/2016,PAE,WA,ANM,WE,Towers with Radar,14,3,18,8,43,0,0,151,3,154,14,3,169,11,197,251,2,253,450
09/09/2016,PAE,WA,ANM,WE,Towers with Radar,7,6,18,0,31,0,3,195,0,198,7,9,213,0,229,279,0,279,508
09/10/2016,PAE,WA,ANM,WE,Towers with Radar,13,0,31,0,44,0,1,231,3,235,13,1,262,3,279,218,0,218,497
09/11/2016,PAE,WA,ANM,WE,Towers with Radar,0,2,14,0,16,0,0,185,2,187,0,2,199,2,203,188,0,188,391
09/12/2016,PAE,WA,ANM,WE,Towers with Radar,5,3,16,0,24,0,3,180,3,186,5,6,196,3,210,239,0,239,449
09/13/2016,PAE,WA,ANM,WE,Towers with Radar,8,1,24,0,33,2,0,185,0,187,10,1,209,0,220,129,0,129,349
09/14/2016,PAE,WA,ANM,WE,Towers with Radar,4,2,28,0,34,0,0,213,0,213,4,2,241,0,247,183,0,183,430
09/15/2016,PAE,WA,ANM,WE,Towers with Radar,7,3,33,11,54,0,0,140,0,140,7,3,173,11,194,169,0,169,363
09/16/2016,PAE,WA,ANM,WE,Towers with Radar,23,2,31,2,58,0,0,191,0,191,23,2,222,2,249,148,0,148,397
09/17/2016,PAE,WA,ANM,WE,Towers with Radar,12,1,20,0,33,0,0,11,0,11,12,1,31,0,44,12,0,12,56
09/18/2016,PAE,WA,ANM,WE,Towers with Radar,17,1,36,0,54,0,0,122,0,122,17,1,158,0,176,129,0,129,305
09/19/2016,PAE,WA,ANM,WE,Towers with Radar,12,1,25,0,38,0,0,33,0,33,12,1,58,0,71,60,0,60,131
09/20/2016,PAE,WA,ANM,WE,Towers with Radar,12,1,39,0,52,0,0,157,1,158,12,1,196,1,210,132,0,132,342
09/21/2016,PAE,WA,ANM,WE,Towers with Radar,8,4,26,0,38,0,0,145,0,145,8,4,171,0,183,164,0,164,347
09/22/2016,PAE,WA,ANM,WE,Towers with Radar,12,8,47,0,67,0,3,227,1,231,12,11,274,1,298,245,0,245,543
09/23/2016,PAE,WA,ANM,WE,Towers with Radar,25,4,35,0,64,0,0,35,0,35,25,4,70,0,99,146,6,152,251
09/24/2016,PAE,WA,ANM,WE,Towers with Radar,5,2,35,0,42,0,0,200,0,200,5,2,235,0,242,201,0,201,443
09/25/2016,PAE,WA,ANM,WE,Towers with Radar,8,2,17,0,27,0,0,192,1,193,8,2,209,1,220,121,0,121,341
09/26/2016,PAE,WA,ANM,WE,Towers with Radar,19,1,31,0,51,0,0,141,0,141,19,1,172,0,192,205,0,205,397
09/27/2016,PAE,WA,ANM,WE,Towers with Radar,13,11,24,1,49,0,0,124,2,126,13,11,148,3,175,82,0,82,257
09/28/2016,PAE,WA,ANM,WE,Towers with Radar,6,1,20,4,31,0,0,134,3,137,6,1,154,7,168,203,0,203,371
09/29/2016,PAE,WA,ANM,WE,Towers with Radar,11,3,29,0,43,0,1,111,0,112,11,4,140,0,155,144,0,144,299
09/30/2016,PAE,WA,ANM,WE,Towers with Radar,13,2,29,2,46,0,1,154,0,155,13,3,183,2,201,300,0,300,501
10/01/2016,PAE,WA,ANM,WE,Towers with Radar,6,1,21,0,28,0,0,98,0,98,6,1,119,0,126,121,0,121,247
10/02/2016,PAE,WA,ANM,WE,Towers with Radar,6,3,25,0,34,2,8,155,0,165,8,11,180,0,199,111,0,111,310
10/03/2016,PAE,WA,ANM,WE,Towers with Radar,13,3,27,0,43,3,6,114,0,123,16,9,141,0,166,192,0,192,358
10/04/2016,PAE,WA,ANM,WE,Towers with Radar,4,4,33,0,41,0,0,25,0,25,4,4,58,0,66,41,0,41,107
10/05/2016,PAE,WA,ANM,WE,Towers with Radar,10,2,28,0,40,0,2,96,0,98,10,4,124,0,138,176,0,176,314
10/06/2016,PAE,WA,ANM,WE,Towers with Radar,6,4,27,4,41,0,0,66,1,67,6,4,93,5,108,142,0,142,250
10/07/2016,PAE,WA,ANM,WE,Towers with Radar,20,0,16,0,36,2,0,70,0,72,22,0,86,0,108,124,0,124,232
10/08/2016,PAE,WA,ANM,WE,Towers with Radar,5,0,31,0,36,0,0,5,0,5,5,0,36,0,41,0,0,0,41
10/09/2016,PAE,WA,ANM,WE,Towers with Radar,8,2,29,0,39,2,0,95,0,97,10,2,124,0,136,156,0,156,292
10/10/2016,PAE,WA,ANM,WE,Towers with Radar,23,4,21,0,48,0,0,132,0,132,23,4,153,0,180,250,0,250,430
10/11/2016,PAE,WA,ANM,WE,Towers with Radar,8,4,21,0,33,6,0,213,0,219,14,4,234,0,252,336,0,336,588
10/12/2016,PAE,WA,ANM,WE,Towers with Radar,9,7,30,0,46,0,1,218,3,222,9,8,248,3,268,262,0,262,530
10/13/2016,PAE,WA,ANM,WE,Towers with Radar,2,8,13,1,24,0,0,0,0,0,2,8,13,1,24,0,0,0,24
10/14/2016,PAE,WA,ANM,WE,Towers with Radar,5,1,3,0,9,0,0,0,2,2,5,1,3,2,11,0,0,0,11
10/15/2016,PAE,WA,ANM,WE,Towers with Radar,9,1,3,0,13,0,0,4,0,4,9,1,7,0,17,13,0,13,30
10/16/2016,PAE,WA,ANM,WE,Towers with Radar,5,1,13,0,19,0,2,18,0,20,5,3,31,0,39,51,0,51,90
10/17/2016,PAE,WA,ANM,WE,Towers with Radar,17,5,17,0,39,0,0,27,0,27,17,5,44,0,66,36,0,36,102
10/18/2016,PAE,WA,ANM,WE,Towers with Radar,9,5,28,2,44,3,1,37,0,41,12,6,65,2,85,49,0,49,134
10/19/2016,PAE,WA,ANM,WE,Towers with Radar,12,2,15,0,29,0,0,153,0,153,12,2,168,0,182,231,0,231,413
10/20/2016,PAE,WA,ANM,WE,Towers with Radar,4,2,11,0,17,0,0,4,0,4,4,2,15,0,21,1,0,1,22
10/21/2016,PAE,WA,ANM,WE,Towers with Radar,16,7,23,2,48,0,2,75,0,77,16,9,98,2,125,125,1,126,251
10/22/2016,PAE,WA,ANM,WE,Towers with Radar,11,2,61,0,74,0,0,246,0,246,11,2,307,0,320,278,0,278,598
10/23/2016,PAE,WA,ANM,WE,Towers with Radar,8,4,35,0,47,0,1,131,0,132,8,5,166,0,179,145,0,145,324
10/24/2016,PAE,WA,ANM,WE,Towers with Radar,6,1,24,4,35,0,0,39,1,40,6,1,63,5,75,48,0,48,123
10/25/2016,PAE,WA,ANM,WE,Towers with Radar,36,1,22,9,68,0,0,59,2,61,36,1,81,11,129,88,0,88,217
10/26/2016,PAE,WA,ANM,WE,Towers with Radar,9,4,29,2,44,0,0,6,0,6,9,4,35,2,50,2,0,2,52
10/27/2016,PAE,WA,ANM,WE,Towers with Radar,24,1,18,0,43,0,0,77,0,77,24,1,95,0,120,194,0,194,314
10/28/2016,PAE,WA,ANM,WE,Towers with Radar,31,1,57,0,89,1,0,218,0,219,32,1,275,0,308,221,0,221,529
10/29/2016,PAE,WA,ANM,WE,Towers with Radar,10,0,27,0,37,2,0,79,0,81,12,0,106,0,118,107,0,107,225
10/30/2016,PAE,WA,ANM,WE,Towers with Radar,1,4,35,0,40,0,0,142,0,142,1,4,177,0,182,126,0,126,308
10/31/2016,PAE,WA,ANM,WE,Towers with Radar,17,7,7,2,33,0,0,10,0,10,17,7,17,2,43,69,0,69,112
11/01/2016,PAE,WA,ANM,WE,Towers with Radar,14,0,31,2,47,6,0,10,0,16,20,0,41,2,63,15,0,15,78
11/02/2016,PAE,WA,ANM,WE,Towers with Radar,5,6,21,0,32,0,0,42,0,42,5,6,63,0,74,128,0,128,202
11/03/2016,PAE,WA,ANM,WE,Towers with Radar,10,3,36,5,54,0,0,221,0,221,10,3,257,5,275,299,4,303,578
11/04/2016,PAE,WA,ANM,WE,Towers with Radar,24,2,66,0,92,0,0,230,0,230,24,2,296,0,322,219,0,219,541
11/05/2016,PAE,WA,ANM,WE,Towers with Radar,4,2,14,0,20,0,0,2,0,2,4,2,16,0,22,0,0,0,22
11/06/2016,PAE,WA,ANM,WE,Towers with Radar,3,2,44,0,49,0,0,144,0,144,3,2,188,0,193,124,0,124,317
11/07/2016,PAE,WA,ANM,WE,Towers with Radar,20,3,25,4,52,0,0,67,0,67,20,3,92,4,119,115,0,115,234
11/08/2016,PAE,WA,ANM,WE,Towers with Radar,8,9,49,6,72,1,0,170,0,171,9,9,219,6,243,198,0,198,441
11/09/2016,PAE,WA,ANM,WE,Towers with Radar,15,4,33,0,52,0,0,42,0,42,15,4,75,0,94,66,0,66,160
11/10/2016,PAE,WA,ANM,WE,Towers with Radar,12,7,43,0,62,0,0,202,0,202,12,7,245,0,264,170,0,170,434
11/11/2016,PAE,WA,ANM,WE,Towers with Radar,11,0,27,0,38,4,0,135,0,139,15,0,162,0,177,243,0,243,420
11/12/2016,PAE,WA,ANM,WE,Towers with Radar,8,1,11,0,20,0,0,9,0,9,8,1,20,0,29,22,0,22,51
11/13/2016,PAE,WA,ANM,WE,Towers with Radar,5,4,20,0,29,0,0,47,0,47,5,4,67,0,76,87,0,87,163
11/14/2016,PAE,WA,ANM,WE,Towers with Radar,16,2,25,0,43,0,0,54,0,54,16,2,79,0,97,187,0,187,284
11/15/2016,PAE,WA,ANM,WE,Towers with Radar,22,6,21,0,49,0,0,18,0,18,22,6,39,0,67,0,0,0,67
11/16/2016,PAE,WA,ANM,WE,Towers with Radar,14,4,45,1,64,0,0,51,0,51,14,4,96,1,115,25,0,25,140
11/17/2016,PAE,WA,ANM,WE,Towers with Radar,17,3,33,2,55,3,0,138,0,141,20,3,171,2,196,201,0,201,397
11/18/2016,PAE,WA,ANM,WE,Towers with Radar,9,3,35,0,47,1,0,131,0,132,10,3,166,0,179,140,0,140,319
11/19/2016,PAE,WA,ANM,WE,Towers with Radar,5,0,30,0,35,0,0,82,0,82,5,0,112,0,117,185,0,185,302
11/20/2016,PAE,WA,ANM,WE,Towers with Radar,10,1,26,0,37,0,0,23,0,23,10,1,49,0,60,56,0,56,116
11/21/2016,PAE,WA,ANM,WE,Towers with Radar,11,8,18,0,37,0,0,53,0,53,11,8,71,0,90,43,0,43,133
11/22/2016,PAE,WA,ANM,WE,Towers with Radar,14,4,46,2,66,0,2,63,0,65,14,6,109,2,131,130,0,130,261
11/23/2016,PAE,WA,ANM,WE,Towers with Radar,12,0,24,0,36,0,0,36,0,36,12,0,60,0,72,39,0,39,111
11/24/2016,PAE,WA,ANM,WE,Towers with Radar,0,0,0,0,0,0,0,2,0,2,0,0,2,0,2,0,0,0,2
11/25/2016,PAE,WA,ANM,WE,Towers with Radar,2,1,22,0,25,2,2,238,0,242,4,3,260,0,267,258,0,258,525
11/26/2016,PAE,WA,ANM,WE,Towers with Radar,2,1,20,0,23,0,0,3,0,3,2,1,23,0,26,58,0,58,84
11/27/2016,PAE,WA,ANM,WE,Towers with Radar,3,0,40,0,43,0,0,12,0,12,3,0,52,0,55,0,0,0,55
11/28/2016,PAE,WA,ANM,WE,Towers with Radar,11,1,36,0,48,0,0,21,0,21,11,1,57,0,69,17,0,17,86
11/29/2016,PAE,WA,ANM,WE,Towers with Radar,7,3,39,0,49,0,0,70,0,70,7,3,109,0,119,124,0,124,243
11/30/2016,PAE,WA,ANM,WE,Towers with Radar,7,6,14,0,27,0,0,21,0,21,7,6,35,0,48,28,0,28,76
12/01/2016,PAE,WA,ANM,WE,Towers with Radar,14,1,43,0,58,0,1,88,0,89,14,2,131,0,147,132,0,132,279
12/02/2016,PAE,WA,ANM,WE,Towers with Radar,8,3,15,0,26,0,0,5,0,5,8,3,20,0,31,3,0,3,34
12/03/2016,PAE,WA,ANM,WE,Towers with Radar,7,1,36,0,44,0,0,51,0,51,7,1,87,0,95,131,0,131,226
12/04/2016,PAE,WA,ANM,WE,Towers with Radar,3,1,9,0,13,0,10,83,0,93,3,11,92,0,106,95,0,95,201
12/05/2016,PAE,WA,ANM,WE,Towers with Radar,11,3,2,0,16,0,0,0,0,0,11,3,2,0,16,0,0,0,16
12/06/2016,PAE,WA,ANM,WE,Towers with Radar,9,2,31,4,46,0,0,139,0,139,9,2,170,4,185,80,0,80,265
12/07/2016,PAE,WA,ANM,WE,Towers with Radar,15,2,30,2,49,1,0,179,0,180,16,2,209,2,229,176,0,176,405
12/08/2016,PAE,WA,ANM,WE,Towers with Radar,5,3,19,0,27,0,0,66,0,66,5,3,85,0,93,80,0,80,173
12/09/2016,PAE,WA,ANM,WE,Towers with Radar,8,4,6,0,18,0,0,1,0,1,8,4,7,0,19,0,0,0,19
12/10/2016,PAE,WA,ANM,WE,Towers with Radar,8,2,3,0,13,0,0,3,0,3,8,2,6,0,16,0,0,0,16
12/11/2016,PAE,WA,ANM,WE,Towers with Radar,12,0,18,0,30,0,0,10,0,10,12,0,28,0,40,20,0,20,60
12/12/2016,PAE,WA,ANM,WE,Towers with Radar,18,3,12,0,33,0,0,1,0,1,18,3,13,0,34,0,0,0,34
12/13/2016,PAE,WA,ANM,WE,Towers with Radar,17,0,18,5,40,1,0,96,0,97,18,0,114,5,137,212,6,218,355
12/14/2016,PAE,WA,ANM,WE,Towers with Radar,14,2,29,0,45,2,0,118,0,120,16,2,147,0,165,124,39,163,328
12/15/2016,PAE,WA,ANM,WE,Towers with Radar,22,4,21,0,47,4,0,113,0,117,26,4,134,0,164,140,0,140,304
12/16/2016,PAE,WA,ANM,WE,Towers with Radar,9,8,23,0,40,0,0,167,0,167,9,8,190,0,207,117,0,117,324
12/17/2016,PAE,WA,ANM,WE,Towers with Radar,12,0,11,0,23,0,0,44,0,44,12,0,55,0,67,44,0,44,111
12/18/2016,PAE,WA,ANM,WE,Towers with Radar,5,0,23,0,28,0,0,89,0,89,5,0,112,0,117,213,0,213,330
12/19/2016,PAE,WA,ANM,WE,Towers with Radar,11,3,11,0,25,0,0,1,0,1,11,3,12,0,26,0,0,0,26
12/20/2016,PAE,WA,ANM,WE,Towers with Radar,20,7,15,2,44,0,1,43,0,44,20,8,58,2,88,69,0,69,157
12/21/2016,PAE,WA,ANM,WE,Towers with Radar,29,10,39,2,80,1,0,145,0,146,30,10,184,2,226,218,0,218,444
12/22/2016,PAE,WA,ANM,WE,Towers with Radar,5,2,29,0,36,0,0,37,0,37,5,2,66,0,73,57,0,57,130
12/23/2016,PAE,WA,ANM,WE,Towers with Radar,2,0,5,0,7,0,0,0,0,0,2,0,5,0,7,0,0,0,7
12/24/2016,PAE,WA,ANM,WE,Towers with Radar,1,0,3,0,4,0,0,1,0,1,1,0,4,0,5,0,0,0,5
12/25/2016,PAE,WA,ANM,WE,Towers with Radar,0,0,0,0,0,0,0,10,0,10,0,0,10,0,10,6,0,6,16
12/26/2016,PAE,WA,ANM,WE,Towers with Radar,6,0,24,0,30,0,0,28,0,28,6,0,52,0,58,65,0,65,123
12/27/2016,PAE,WA,ANM,WE,Towers with Radar,6,0,6,0,12,0,0,16,0,16,6,0,22,0,28,70,0,70,98
12/28/2016,PAE,WA,ANM,WE,Towers with Radar,1,0,15,7,23,0,2,112,0,114,1,2,127,7,137,287,0,287,424
12/29/2016,PAE,WA,ANM,WE,Towers with Radar,9,0,4,0,13,0,0,14,0,14,9,0,18,0,27,44,0,44,71
12/30/2016,PAE,WA,ANM,WE,Towers with Radar,1,0,22,0,23,0,0,114,0,114,1,0,136,0,137,361,0,361,498
12/31/2016,PAE,WA,ANM,WE,Towers with Radar,3,2,2,0,7,0,0,5,0,5,3,2,7,0,12,14,0,14,26
01/01/2017,PAE,WA,ANM,WE,Towers with Radar,0,0,2,0,2,0,0,19,0,19,0,0,21,0,21,57,0,57,78
01/02/2017,PAE,WA,ANM,WE,Towers with Radar,2,0,38,0,40,0,0,146,0,146,2,0,184,0,186,0,0,0,186
01/03/2017,PAE,WA,ANM,WE,Towers with Radar,0,6,13,0,19,0,0,72,0,72,0,6,85,0,91,251,0,251,342
01/04/2017,PAE,WA,ANM,WE,Towers with Radar,5,4,21,2,32,0,0,112,0,112,5,4,133,2,144,244,0,244,388
01/05/2017,PAE,WA,ANM,WE,Towers with Radar,1,7,20,0,28,0,0,122,0,122,1,7,142,0,150,267,0,267,417
01/06/2017,PAE,WA,ANM,WE,Towers with Radar,20,3,28,0,51,0,1,88,0,89,20,4,116,0,140,121,0,121,261
01/07/2017,PAE,WA,ANM,WE,Towers with Radar,2,0,8,0,10,0,5,86,0,91,2,5,94,0,101,98,0,98,199
01/08/2017,PAE,WA,ANM,WE,Towers with Radar,9,3,8,0,20,6,0,8,0,14,15,3,16,0,34,20,0,20,54
01/09/2017,PAE,WA,ANM,WE,Towers with Radar,13,3,9,0,25,0,1,16,0,17,13,4,25,0,42,0,0,0,42
01/10/2017,PAE,WA,ANM,WE,Towers with Radar,16,2,24,11,53,2,0,32,0,34,18,2,56,11,87,83,0,83,170
01/11/2017,PAE,WA,ANM,WE,Towers with Radar,7,2,33,2,44,0,0,87,0,87,7,2,120,2,131,159,0,159,290
01/12/2017,PAE,WA,ANM,WE,Towers with Radar,9,6,40,0,55,0,2,114,1,117,9,8,154,1,172,135,0,135,307
01/13/2017,PAE,WA,ANM,WE,Towers with Radar,6,4,18,0,28,0,2,101,0,103,6,6,119,0,131,167,0,167,298
01/14/2017,PAE,WA,ANM,WE,Towers with Radar,5,1,19,0,25,0,0,132,0,132,5,1,151,0,157,174,8,182,339
01/15/2017,PAE,WA,ANM,WE,Towers with Radar,15,2,24,0,41,3,0,154,0,157,18,2,178,0,198,266,0,266,464
01/16/2017,PAE,WA,ANM,WE,Towers with Radar,23,5,31,0,59,0,0,60,0,60,23,5,91,0,119,132,0,132,251
01/17/2017,PAE,WA,ANM,WE,Towers with Radar,12,0,18,0,30,0,0,8,0,8,12,0,26,0,38,42,0,42,80
01/18/2017,PAE,WA,ANM,WE,Towers with Radar,16,5,19,2,42,0,0,0,0,0,16,5,19,2,42,32,0,32,74
01/19/2017,PAE,WA,ANM,WE,Towers with Radar,11,3,22,0,36,0,0,13,0,13,11,3,35,0,49,23,0,23,72
01/20/2017,PAE,WA,ANM,WE,Towers with Radar,20,0,30,2,52,0,0,64,0,64,20,0,94,2,116,132,0,132,248
01/21/2017,PAE,WA,ANM,WE,Towers with Radar,15,0,34,0,49,0,0,113,0,113,15,0,147,0,162,180,6,186,348
01/22/2017,PAE,WA,ANM,WE,Towers with Radar,13,0,18,0,31,0,0,32,0,32,13,0,50,0,63,101,0,101,164
01/23/2017,PAE,WA,ANM,WE,Towers with Radar,9,3,29,6,47,0,0,71,0,71,9,3,100,6,118,199,6,205,323
01/24/2017,PAE,WA,ANM,WE,Towers with Radar,13,6,17,0,36,0,0,10,0,10,13,6,27,0,46,22,0,22,68
01/25/2017,PAE,WA,ANM,WE,Towers with Radar,26,4,23,2,55,0,0,18,0,18,26,4,41,2,73,122,0,122,195
01/26/2017,PAE,WA,ANM,WE,Towers with Radar,26,6,27,0,59,0,0,43,0,43,26,6,70,0,102,45,0,45,147
01/27/2017,PAE,WA,ANM,WE,Towers with Radar,16,1,24,0,41,0,1,116,0,117,16,2,140,0,158,208,2,210,368
01/28/2017,PAE,WA,ANM,WE,Towers with Radar,12,2,39,0,53,0,0,211,1,212,12,2,250,1,265,119,0,119,384
01/29/2017,PAE,WA,ANM,WE,Towers with Radar,2,2,45,0,49,0,0,44,0,44,2,2,89,0,93,87,0,87,180
01/30/2017,PAE,WA,ANM,WE,Towers with Radar,8,3,21,0,32,0,0,40,0,40,8,3,61,0,72,36,0,36,108
01/31/2017,PAE,WA,ANM,WE,Towers with Radar,6,5,13,2,26,0,0,60,0,60,6,5,73,2,86,178,0,178,264
02/01/2017,PAE,WA,ANM,WE,Towers with Radar,3,4,25,0,32,0,0,61,0,61,3,4,86,0,93,153,0,153,246
02/02/2017,PAE,WA,ANM,WE,Towers with Radar,11,3,28,0,42,0,0,97,0,97,11,3,125,0,139,115,19,134,273
02/03/2017,PAE,WA,ANM,WE,Towers with Radar,19,3,3,0,25,0,0,2,1,3,19,3,5,1,28,3,0,3,31
02/04/2017,PAE,WA,ANM,WE,Towers with Radar,13,0,5,0,18,0,0,3,0,3,13,0,8,0,21,0,0,0,21
02/05/2017,PAE,WA,ANM,WE,Towers with Radar,0,0,14,0,14,0,0,10,0,10,0,0,24,0,24,10,0,10,34
02/06/2017,PAE,WA,ANM,WE,Towers with Radar,3,4,3,0,10,0,0,0,0,0,3,4,3,0,10,0,0,0,10
02/07/2017,PAE,WA,ANM,WE,Towers with Radar,4,1,13,4,22,0,0,41,0,41,4,1,54,4,63,86,0,86,149
02/08/2017,PAE,WA,ANM,WE,Towers with Radar,13,2,6,0,21,0,0,1,0,1,13,2,7,0,22,0,0,0,22
02/09/2017,PAE,WA,ANM,WE,Towers with Radar,18,3,5,5,31,0,0,2,0,2,18,3,7,5,33,0,0,0,33
02/10/2017,PAE,WA,ANM,WE,Towers with Radar,9,5,4,0,18,0,0,7,0,7,9,5,11,0,25,0,0,0,25
02/11/2017,PAE,WA,ANM,WE,Towers with Radar,8,0,34,0,42,0,0,98,0,98,8,0,132,0,140,123,0,123,263
02/12/2017,PAE,WA,ANM,WE,Towers with Radar,6,2,36,0,44,0,0,156,0,156,6,2,192,0,200,249,2,251,451
02/13/2017,PAE,WA,ANM,WE,Towers with Radar,6,3,38,0,47,2,2,139,0,143,8,5,177,0,190,295,0,295,485
02/14/2017,PAE,WA,ANM,WE,Towers with Radar,16,6,34,0,56,0,0,103,0,103,16,6,137,0,159,212,0,212,371
02/15/2017,PAE,WA,ANM,WE,Towers with Radar,16,0,18,0,34,0,0,0,0,0,16,0,18,0,34,0,0,0,34
02/16/2017,PAE,WA,ANM,WE,Towers with Radar,21,9,25,0,55,0,0,32,0,32,21,9,57,0,87,104,0,104,191
02/17/2017,PAE,WA,ANM,WE,Towers with Radar,9,8,32,0,49,0,2,134,0,136,9,10,166,0,185,222,0,222,407
02/18/2017,PAE,WA,ANM,WE,Towers with Radar,12,2,15,0,29,0,0,0,0,0,12,2,15,0,29,0,0,0,29
02/19/2017,PAE,WA,ANM,WE,Towers with Radar,6,0,24,0,30,0,0,23,0,23,6,0,47,0,53,34,0,34,87
02/20/2017,PAE,WA,ANM,WE,Towers with Radar,7,1,23,0,31,0,0,8,0,8,7,1,31,0,39,0,0,0,39
02/21/2017,PAE,WA,ANM,WE,Towers with Radar,3,6,18,0,27,0,0,28,0,28,3,6,46,0,55,81,0,81,136
02/22/2017,PAE,WA,ANM,WE,Towers with Radar,20,1,30,2,53,0,0,52,0,52,20,1,82,2,105,162,0,162,267
02/23/2017,PAE,WA,ANM,WE,Towers with Radar,9,3,25,1,38,0,0,42,0,42,9,3,67,1,80,114,0,114,194
02/24/2017,PAE,WA,ANM,WE,Towers with Radar,9,3,60,0,72,0,1,45,0,46,9,4,105,0,118,165,10,175,293
02/25/2017,PAE,WA,ANM,WE,Towers with Radar,11,4,61,0,76,0,0,150,0,150,11,4,211,0,226,219,0,219,445
02/26/2017,PAE,WA,ANM,WE,Towers with Radar,0,0,24,0,24,0,0,6,0,6,0,0,30,0,30,0,0,0,30
02/27/2017,PAE,WA,ANM,WE,Towers with Radar,5,4,9,0,18,0,2,0,0,2,5,6,9,0,20,0,0,0,20
02/28/2017,PAE,WA,ANM,WE,Towers with Radar,12,4,26,6,48,0,0,63,0,63,12,4,89,6,111,136,0,136,247
03/01/2017,PAE,WA,ANM,WE,Towers with Radar,11,5,23,0,39,0,0,22,0,22,11,5,45,0,61,33,2,35,96
03/02/2017,PAE,WA,ANM,WE,Towers with Radar,6,3,31,0,40,0,2,10,0,12,6,5,41,0,52,17,0,17,69
03/03/2017,PAE,WA,ANM,WE,Towers with Radar,9,2,14,0,25,0,0,3,0,3,9,2,17,0,28,16,0,16,44
03/04/2017,PAE,WA,ANM,WE,Towers with Radar,0,0,47,0,47,0,2,150,0,152,0,2,197,0,199,385,0,385,584
03/05/2017,PAE,WA,ANM,WE,Towers with Radar,0,0,5,0,5,0,0,6,0,6,0,0,11,0,11,18,0,18,29
03/06/2017,PAE,WA,ANM,WE,Towers with Radar,4,3,5,5,17,0,0,13,0,13,4,3,18,5,30,9,17,26,56
03/07/2017,PAE,WA,ANM,WE,Towers with Radar,13,2,14,0,29,0,0,0,0,0,13,2,14,0,29,0,0,0,29
03/08/2017,PAE,WA,ANM,WE,Towers with Radar,11,2,26,0,39,0,0,34,0,34,11,2,60,0,73,108,0,108,181
03/09/2017,PAE,WA,ANM,WE,Towers with Radar,13,4,17,4,38,0,0,2,0,2,13,4,19,4,40,0,0,0,40
03/10/2017,PAE,WA,ANM,WE,Towers with Radar,26,6,26,0,58,0,0,17,0,17,26,6,43,0,75,18,0,18,93
03/11/2017,PAE,WA,ANM,WE,Towers with Radar,12,1,21,0,34,0,0,18,0,18,12,1,39,0,52,5,0,5,57
03/12/2017,PAE,WA,ANM,WE,Towers with Radar,7,0,46,0,53,0,1,44,0,45,7,1,90,0,98,106,0,106,204
03/13/2017,PAE,WA,ANM,WE,Towers with Radar,1,5,32,0,38,0,0,3,0,3,1,5,35,0,41,6,0,6,47
03/14/2017,PAE,WA,ANM,WE,Towers with Radar,5,3,22,2,32,0,0,1,0,1,5,3,23,2,33,0,0,0,33
03/15/2017,PAE,WA,ANM,WE,Towers with Radar,9,1,57,2,69,0,0,4,0,4,9,1,61,2,73,0,0,0,73
03/16/2017,PAE,WA,ANM,WE,Towers with Radar,26,4,47,6,83,3,0,95,0,98,29,4,142,6,181,92,0,92,273
03/17/2017,PAE,WA,ANM,WE,Towers with Radar,39,6,39,0,84,0,2,59,0,61,39,8,98,0,145,76,0,76,221
03/18/2017,PAE,WA,ANM,WE,Towers with Radar,8,0,31,0,39,4,2,8,0,14,12,2,39,0,53,0,0,0,53
03/19/2017,PAE,WA,ANM,WE,Towers with Radar,5,0,55,0,60,12,0,288,1,301,17,0,343,1,361,387,2,389,750
03/20/2017,PAE,WA,ANM,WE,Towers with Radar,3,1,36,0,40,6,0,115,0,121,9,1,151,0,161,204,0,204,365
03/21/2017,PAE,WA,ANM,WE,Towers with Radar,11,5,42,6,64,0,0,34,0,34,11,5,76,6,98,118,0,118,216
03/22/2017,PAE,WA,ANM,WE,Towers with Radar,20,2,30,0,52,0,0,26,0,26,20,2,56,0,78,41,0,41,119
03/23/2017,PAE,WA,ANM,WE,Towers with Radar,20,9,35,0,64,0,3,120,0,123,20,12,155,0,187,242,0,242,429
03/24/2017,PAE,WA,ANM,WE,Towers with Radar,16,2,21,0,39,0,0,15,0,15,16,2,36,0,54,19,0,19,73
03/25/2017,PAE,WA,ANM,WE,Towers with Radar,1,0,32,0,33,0,0,94,0,94,1,0,126,0,127,144,0,144,271
03/26/2017,PAE,WA,ANM,WE,Towers with Radar,7,0,22,0,29,0,0,26,0,26,7,0,48,0,55,137,0,137,192
03/27/2017,PAE,WA,ANM,WE,Towers with Radar,10,3,26,0,39,0,0,29,0,29,10,3,55,0,68,0,0,0,68
03/28/2017,PAE,WA,ANM,WE,Towers with Radar,7,2,36,0,45,0,0,14,0,14,7,2,50,0,59,34,0,34,93
03/29/2017,PAE,WA,ANM,WE,Towers with Radar,15,3,33,2,53,0,0,8,0,8,15,3,41,2,61,16,2,18,79
03/30/2017,PAE,WA,ANM,WE,Towers with Radar,12,4,25,0,41,0,0,70,0,70,12,4,95,0,111,170,1,171,282
03/31/2017,PAE,WA,ANM,WE,Towers with Radar,21,9,67,4,101,0,0,183,0,183,21,9,250,4,284,169,0,169,453
04/01/2017,PAE,WA,ANM,WE,Towers with Radar,10,1,42,0,53,0,0,54,0,54,10,1,96,0,107,164,4,168,275
04/02/2017,PAE,WA,ANM,WE,Towers with Radar,1,1,39,0,41,0,0,72,0,72,1,1,111,0,113,149,0,149,262
04/03/2017,PAE,WA,ANM,WE,Towers with Radar,6,3,26,2,37,0,0,142,0,142,6,3,168,2,179,207,0,207,386
04/04/2017,PAE,WA,ANM,WE,Towers with Radar,12,3,36,0,51,0,0,91,0,91,12,3,127,0,142,133,0,133,275
04/05/2017,PAE,WA,ANM,WE,Towers with Radar,4,1,25,0,30,0,2,21,0,23,4,3,46,0,53,45,0,45,98
04/06/2017,PAE,WA,ANM,WE,Towers with Radar,5,3,24,0,32,0,0,45,0,45,5,3,69,0,77,84,0,84,161
04/07/2017,PAE,WA,ANM,WE,Towers with Radar,12,7,9,2,30,0,0,0,0,0,12,7,9,2,30,2,0,2,32
04/08/2017,PAE,WA,ANM,WE,Towers with Radar,1,0,27,0,28,0,0,46,0,46,1,0,73,0,74,73,0,73,147
04/09/2017,PAE,WA,ANM,WE,Towers with Radar,9,0,30,1,40,0,0,242,0,242,9,0,272,1,282,353,0,353,635
04/10/2017,PAE,WA,ANM,WE,Towers with Radar,12,0,13,2,27,0,0,23,0,23,12,0,36,2,50,41,0,41,91
04/11/2017,PAE,WA,ANM,WE,Towers with Radar,2,7,33,2,44,0,0,153,1,154,2,7,186,3,198,236,0,236,434
04/12/2017,PAE,WA,ANM,WE,Towers with Radar,6,4,35,4,49,0,2,17,0,19,6,6,52,4,68,35,0,35,103
04/13/2017,PAE,WA,ANM,WE,Towers with Radar,8,5,20,4,37,0,0,30,0,30,8,5,50,4,67,26,0,26,93
04/14/2017,PAE,WA,ANM,WE,Towers with Radar,24,0,29,0,53,6,0,36,0,42,30,0,65,0,95,116,0,116,211
04/15/2017,PAE,WA,ANM,WE,Towers with Radar,2,0,32,0,34,0,1,157,0,158,2,1,189,0,192,269,0,269,461
04/16/2017,PAE,WA,ANM,WE,Towers with Radar,0,1,32,0,33,0,0,170,0,170,0,1,202,0,203,112,0,112,315
04/17/2017,PAE,WA,ANM,WE,Towers with Radar,15,2,33,0,50,0,0,50,0,50,15,2,83,0,100,64,0,64,164
04/18/2017,PAE,WA,ANM,WE,Towers with Radar,20,3,26,0,49,0,0,33,0,33,20,3,59,0,82,32,0,32,114
04/19/2017,PAE,WA,ANM,WE,Towers with Radar,3,6,32,0,41,0,0,20,0,20,3,6,52,0,61,72,0,72,133
04/20/2017,PAE,WA,ANM,WE,Towers with Radar,23,4,41,8,76,0,0,37,0,37,23,4,78,8,113,128,1,129,242
04/21/2017,PAE,WA,ANM,WE,Towers with Radar,11,4,51,0,66,0,0,232,0,232,11,4,283,0,298,285,0,285,583
04/22/2017,PAE,WA,ANM,WE,Towers with Radar,8,1,26,0,35,0,0,38,0,38,8,1,64,0,73,60,0,60,133
04/23/2017,PAE,WA,ANM,WE,Towers with Radar,2,0,31,0,33,0,0,45,0,45,2,0,76,0,78,125,0,125,203
04/24/2017,PAE,WA,ANM,WE,Towers with Radar,8,2,34,2,46,0,0,181,0,181,8,2,215,2,227,0,0,0,227
04/25/2017,PAE,WA,ANM,WE,Towers with Radar,12,5,41,6,64,0,0,43,0,43,12,5,84,6,107,141,0,141,248
04/26/2017,PAE,WA,ANM,WE,Towers with Radar,16,6,29,5,56,0,0,19,0,19,16,6,48,5,75,30,0,30,105
04/27/2017,PAE,WA,ANM,WE,Towers with Radar,14,2,16,1,33,0,0,60,0,60,14,2,76,1,93,177,0,177,270
04/28/2017,PAE,WA,ANM,WE,Towers with Radar,8,1,24,0,33,0,0,183,0,183,8,1,207,0,216,231,0,231,447
04/29/2017,PAE,WA,ANM,WE,Towers with Radar,5,3,60,0,68,0,1,136,0,137,5,4,196,0,205,267,0,267,472
04/30/2017,PAE,WA,ANM,WE,Towers with Radar,6,0,29,0,35,0,0,71,0,71,6,0,100,0,106,163,0,163,269
05/01/2017,PAE,WA,ANM,WE,Towers with Radar,11,4,35,1,51,0,0,28,0,28,11,4,63,1,79,63,0,63,142
05/02/2017,PAE,WA,ANM,WE,Towers with Radar,10,4,30,0,44,0,0,99,0,99,10,4,129,0,143,266,0,266,409
05/03/2017,PAE,WA,ANM,WE,Towers with Radar,17,4,44,0,65,0,0,100,0,100,17,4,144,0,165,158,0,158,323
05/04/2017,PAE,WA,ANM,WE,Towers with Radar,6,3,29,0,38,0,1,79,0,80,6,4,108,0,118,98,4,102,220
05/05/2017,PAE,WA,ANM,WE,Towers with Radar,20,3,12,1,36,0,0,28,0,28,20,3,40,1,64,15,0,15,79
05/06/2017,PAE,WA,ANM,WE,Towers with Radar,2,0,28,0,30,0,0,150,0,150,2,0,178,0,180,178,0,178,358
05/07/2017,PAE,WA,ANM,WE,Towers with Radar,0,3,18,1,22,0,0,199,0,199,0,3,217,1,221,327,0,327,548
05/08/2017,PAE,WA,ANM,WE,Towers with Radar,5,7,28,4,44,0,0,112,0,112,5,7,140,4,156,194,10,204,360
05/09/2017,PAE,WA,ANM,WE,Towers with Radar,16,0,26,2,44,4,0,175,0,179,20,0,201,2,223,136,0,136,359
05/10/2017,PAE,WA,ANM,WE,Towers with Radar,19,0,29,1,49,0,2,185,0,187,19,2,214,1,236,251,0,251,487
05/11/2017,PAE,WA,ANM,WE,Towers with Radar,10,1,33,2,46,0,0,22,0,22,10,1,55,2,68,27,0,27,95
05/12/2017,PAE,WA,ANM,WE,Towers with Radar,6,2,29,0,37,0,0,70,0,70,6,2,99,0,107,203,0,203,310
05/13/2017,PAE,WA,ANM,WE,Towers with Radar,1,1,47,0,49,0,0,46,0,46,1,1,93,0,95,99,0,99,194
05/14/2017,PAE,WA,ANM,WE,Towers with Radar,6,0,35,0,41,0,0,39,0,39,6,0,74,0,80,85,0,85,165
05/15/2017,PAE,WA,ANM,WE,Towers with Radar,25,5,37,1,68,0,0,26,2,28,25,5,63,3,96,18,0,18,114
05/16/2017,PAE,WA,ANM,WE,Towers with Radar,14,4,18,0,36,0,0,39,0,39,14,4,57,0,75,127,0,127,202
05/17/2017,PAE,WA,ANM,WE,Towers with Radar,21,5,40,2,68,0,0,78,0,78,21,5,118,2,146,176,0,176,322
05/18/2017,PAE,WA,ANM,WE,Towers with Radar,10,6,24,2,42,1,1,132,1,135,11,7,156,3,177,166,0,166,343
05/19/2017,PAE,WA,ANM,WE,Towers with Radar,27,2,46,1,76,0,2,212,0,214,27,4,258,1,290,255,0,255,545
05/20/2017,PAE,WA,ANM,WE,Towers with Radar,2,0,13,0,15,0,0,225,0,225,2,0,238,0,240,213,0,213,453
05/21/2017,PAE,WA,ANM,WE,Towers with Radar,1,0,28,0,29,0,2,251,0,253,1,2,279,0,282,234,0,234,516
05/22/2017,PAE,WA,ANM,WE,Towers with Radar,3,7,16,0,26,0,1,138,0,139,3,8,154,0,165,150,0,150,315
05/23/2017,PAE,WA,ANM,WE,Towers with Radar,11,0,19,0,30,0,1,115,0,116,11,1,134,0,146,121,0,121,267
05/24/2017,PAE,WA,ANM,WE,Towers with Radar,12,3,40,3,58,0,1,77,0,78,12,4,117,3,136,182,0,182,318
05/25/2017,PAE,WA,ANM,WE,Towers with Radar,13,6,52,1,72,0,1,105,1,107,13,7,157,2,179,234,0,234,413
05/26/2017,PAE,WA,ANM,WE,Towers with Radar,6,1,41,0,48,2,0,128,0,130,8,1,169,0,178,216,0,216,394
05/27/2017,PAE,WA,ANM,WE,Towers with Radar,4,0,9,0,13,3,0,137,0,140,7,0,146,0,153,206,0,206,359
05/28/2017,PAE,WA,ANM,WE,Towers with Radar,3,1,15,0,19,0,0,119,0,119,3,1,134,0,138,188,0,188,326
05/29/2017,PAE,WA,ANM,WE,Towers with Radar,0,3,44,0,47,0,0,143,0,143,0,3,187,0,190,117,0,117,307
05/30/2017,PAE,WA,ANM,WE,Towers with Radar,5,13,38,0,56,0,0,10,0,10,5,13,48,0,66,24,0,24,90
05/31/2017,PAE,WA,ANM,WE,Towers with Radar,21,2,26,1,50,0,0,71,0,71,21,2,97,1,121,135,0,135,256
06/01/2017,PAE,WA,ANM,WE,Towers with Radar,22,0,22,1,45,0,0,47,0,47,22,0,69,1,92,94,0,94,186
06/02/2017,PAE,WA,ANM,WE,Towers with Radar,4,2,30,0,36,0,0,77,0,77,4,2,107,0,113,189,0,189,302
06/03/2017,PAE,WA,ANM,WE,Towers with Radar,10,5,33,0,48,0,0,86,0,86,10,5,119,0,134,250,0,250,384
06/04/2017,PAE,WA,ANM,WE,Towers with Radar,0,2,33,0,35,0,0,115,0,115,0,2,148,0,150,163,0,163,313
06/05/2017,PAE,WA,ANM,WE,Towers with Radar,12,6,29,9,56,0,0,90,0,90,12,6,119,9,146,222,0,222,368
06/06/2017,PAE,WA,ANM,WE,Towers with Radar,12,7,24,0,43,0,2,117,0,119,12,9,141,0,162,245,6,251,413
06/07/2017,PAE,WA,ANM,WE,Towers with Radar,11,1,25,0,37,0,0,108,0,108,11,1,133,0,145,160,0,160,305
06/08/2017,PAE,WA,ANM,WE,Towers with Radar,15,2,29,0,46,0,0,4,0,4,15,2,33,0,50,0,0,0,50
06/09/2017,PAE,WA,ANM,WE,Towers with Radar,22,9,42,0,73,2,4,64,0,70,24,13,106,0,143,290,0,290,433
06/10/2017,PAE,WA,ANM,WE,Towers with Radar,1,0,23,0,24,0,0,95,0,95,1,0,118,0,119,215,0,215,334
06/11/2017,PAE,WA,ANM,WE,Towers with Radar,8,2,46,0,56,0,1,121,0,122,8,3,167,0,178,161,0,161,339
06/12/2017,PAE,WA,ANM,WE,Towers with Radar,6,8,35,2,51,0,0,36,0,36,6,8,71,2,87,106,0,106,193
06/13/2017,PAE,WA,ANM,WE,Towers with Radar,13,3,20,14,50,0,1,29,1,31,13,4,49,15,81,210,0,210,291
06/14/2017,PAE,WA,ANM,WE,Towers with Radar,15,4,35,0,54,7,0,93,0,100,22,4,128,0,154,164,0,164,318
06/15/2017,PAE,WA,ANM,WE,Towers with Radar,8,4,16,2,30,0,0,9,0,9,8,4,25,2,39,16,0,16,55
06/16/2017,PAE,WA,ANM,WE,Towers with Radar,16,2,60,0,78,0,4,128,0,132,16,6,188,0,210,168,0,168,378
06/17/2017,PAE,WA,ANM,WE,Towers with Radar,10,0,33,0,43,0,0,234,0,234,10,0,267,0,277,133,0,133,410
06/18/2017,PAE,WA,ANM,WE,Towers with Radar,9,2,55,0,66,0,0,33,0,33,9,2,88,0,99,52,0,52,151
06/19/2017,PAE,WA,ANM,WE,Towers with Radar,9,4,12,0,25,0,0,143,0,143,9,4,155,0,168,173,0,173,341
06/20/2017,PAE,WA,ANM,WE,Towers with Radar,13,0,30,0,43,0,0,47,0,47,13,0,77,0,90,42,0,42,132
06/21/2017,PAE,WA,ANM,WE,Towers with Radar,12,4,38,0,54,0,2,223,2,227,12,6,261,2,281,175,0,175,456
06/22/2017,PAE,WA,ANM,WE,Towers with Radar,14,6,38,0,58,0,0,243,0,243,14,6,281,0,301,218,0,218,519
06/23/2017,PAE,WA,ANM,WE,Towers with Radar,11,3,14,0,28,0,0,220,0,220,11,3,234,0,248,172,0,172,420
06/24/2017,PAE,WA,ANM,WE,Towers with Radar,5,1,26,0,32,0,0,248,0,248,5,1,274,0,280,244,2,246,526
06/25/2017,PAE,WA,ANM,WE,Towers with Radar,2,5,25,0,32,0,6,238,1,245,2,11,263,1,277,127,0,127,404
06/26/2017,PAE,WA,ANM,WE,Towers with Radar,12,20,40,0,72,0,8,248,0,256,12,28,288,0,328,28,0,28,356
06/27/2017,PAE,WA,ANM,WE,Towers with Radar,15,3,41,0,59,0,0,127,0,127,15,3,168,0,186,140,0,140,326
06/28/2017,PAE,WA,ANM,WE,Towers with Radar,14,6,63,0,83,0,0,98,0,98,14,6,161,0,181,177,0,177,358
06/29/2017,PAE,WA,ANM,WE,Towers with Radar,11,5,32,0,48,0,0,207,0,207,11,5,239,0,255,190,0,190,445
06/30/2017,PAE,WA,ANM,WE,Towers with Radar,14,1,25,1,41,0,0,270,1,271,14,1,295,2,312,188,1,189,501
07/01/2017,PAE,WA,ANM,WE,Towers with Radar,0,0,35,0,35,0,0,148,0,148,0,0,183,0,183,142,0,142,325
07/02/2017,PAE,WA,ANM,WE,Towers with Radar,1,1,44,0,46,0,0,158,0,158,1,1,202,0,204,132,0,132,336
07/03/2017,PAE,WA,ANM,WE,Towers with Radar,3,2,25,0,30,0,0,326,0,326,3,2,351,0,356,12,0,12,368
07/04/2017,PAE,WA,ANM,WE,Towers with Radar,0,0,9,0,9,0,0,249,0,249,0,0,258,0,258,23,0,23,281
07/05/2017,PAE,WA,ANM,WE,Towers with Radar,2,3,22,0,27,0,0,188,0,188,2,3,210,0,215,160,0,160,375
07/06/2017,PAE,WA,ANM,WE,Towers with Radar,8,6,16,0,30,0,2,185,0,187,8,8,201,0,217,270,0,270,487
07/07/2017,PAE,WA,ANM,WE,Towers with Radar,7,2,28,0,37,0,0,220,0,220,7,2,248,0,257,260,0,260,517
07/08/2017,PAE,WA,ANM,WE,Towers with Radar,7,2,14,0,23,0,0,252,0,252,7,2,266,0,275,347,0,347,622
07/09/2017,PAE,WA,ANM,WE,Towers with Radar,1,1,18,0,20,0,0,247,0,247,1,1,265,0,267,208,0,208,475
07/10/2017,PAE,WA,ANM,WE,Towers with Radar,9,4,22,0,35,0,0,168,0,168,9,4,190,0,203,297,0,297,500
07/11/2017,PAE,WA,ANM,WE,Towers with Radar,6,5,23,0,34,1,0,438,0,439,7,5,461,0,473,0,0,0,473
07/12/2017,PAE,WA,ANM,WE,Towers with Radar,3,2,24,1,30,0,0,157,0,157,3,2,181,1,187,317,0,317,504
07/13/2017,PAE,WA,ANM,WE,Towers with Radar,12,4,33,0,49,0,1,138,0,139,12,5,171,0,188,117,0,117,305
07/14/2017,PAE,WA,ANM,WE,Towers with Radar,8,2,26,0,36,0,0,268,0,268,8,2,294,0,304,202,0,202,506
07/15/2017,PAE,WA,ANM,WE,Towers with Radar,4,1,23,0,28,0,0,294,0,294,4,1,317,0,322,261,0,261,583
07/16/2017,PAE,WA,ANM,WE,Towers with Radar,10,3,40,0,53,0,0,220,0,220,10,3,260,0,273,261,0,261,534
07/17/2017,PAE,WA,ANM,WE,Towers with Radar,6,3,42,4,55,0,0,192,0,192,6,3,234,4,247,212,0,212,459
07/18/2017,PAE,WA,ANM,WE,Towers with Radar,10,1,29,3,43,0,0,169,0,169,10,1,198,3,212,212,0,212,424
07/19/2017,PAE,WA,ANM,WE,Towers with Radar,13,3,53,0,69,1,0,185,0,186,14,3,238,0,255,207,0,207,462
07/20/2017,PAE,WA,ANM,WE,Towers with Radar,10,2,44,4,60,0,0,123,0,123,10,2,167,4,183,297,0,297,480
07/21/2017,PAE,WA,ANM,WE,Towers with Radar,10,1,35,0,46,0,0,235,0,235,10,1,270,0,281,213,0,213,494
07/22/2017,PAE,WA,ANM,WE,Towers with Radar,8,0,19,0,27,0,1,241,0,242,8,1,260,0,269,278,2,280,549
07/23/2017,PAE,WA,ANM,WE,Towers with Radar,5,2,36,2,45,0,0,189,0,189,5,2,225,2,234,267,0,267,501
07/24/2017,PAE,WA,ANM,WE,Towers with Radar,6,6,17,1,30,0,0,174,0,174,6,6,191,1,204,190,0,190,394
07/25/2017,PAE,WA,ANM,WE,Towers with Radar,9,4,40,1,54,0,0,292,1,293,9,4,332,2,347,243,0,243,590
07/26/2017,PAE,WA,ANM,WE,Towers with Radar,4,2,25,1,32,2,0,165,0,167,6,2,190,1,199,208,0,208,407
07/27/2017,PAE,WA,ANM,WE,Towers with Radar,6,2,61,1,70,0,0,78,1,79,6,2,139,2,149,124,0,124,273
07/28/2017,PAE,WA,ANM,WE,Towers with Radar,3,2,21,0,26,0,2,190,0,192,3,4,211,0,218,277,0,277,495
07/29/2017,PAE,WA,ANM,WE,Towers with Radar,3,0,18,0,21,0,0,224,0,224,3,0,242,0,245,245,0,245,490
07/30/2017,PAE,WA,ANM,WE,Towers with Radar,7,0,28,0,35,0,0,214,1,215,7,0,242,1,250,209,0,209,459
07/31/2017,PAE,WA,ANM,WE,Towers with Radar,5,3,21,0,29,0,2,135,0,137,5,5,156,0,166,159,0,159,325
08/01/2017,PAE,WA,ANM,WE,Towers with Radar,7,2,33,0,42,1,0,143,0,144,8,2,176,0,186,263,0,263,449
08/02/2017,PAE,WA,ANM,WE,Towers with Radar,0,4,25,2,31,0,0,101,1,102,0,4,126,3,133,163,0,163,296
08/03/2017,PAE,WA,ANM,WE,Towers with Radar,13,4,31,0,48,0,0,64,0,64,13,4,95,0,112,88,0,88,200
08/04/2017,PAE,WA,ANM,WE,Towers with Radar,10,3,26,0,39,0,0,102,0,102,10,3,128,0,141,173,0,173,314
08/05/2017,PAE,WA,ANM,WE,Towers with Radar,3,0,42,3,48,0,3,150,0,153,3,3,192,3,201,150,10,160,361
08/06/2017,PAE,WA,ANM,WE,Towers with Radar,1,7,19,0,27,0,0,103,1,104,1,7,122,1,131,217,0,217,348
08/07/2017,PAE,WA,ANM,WE,Towers with Radar,4,3,20,0,27,0,0,90,0,90,4,3,110,0,117,285,0,285,402
08/08/2017,PAE,WA,ANM,WE,Towers with Radar,12,3,35,0,50,0,0,92,0,92,12,3,127,0,142,269,0,269,411
08/09/2017,PAE,WA,ANM,WE,Towers with Radar,15,5,31,0,51,0,0,77,0,77,15,5,108,0,128,334,0,334,462
08/10/2017,PAE,WA,ANM,WE,Towers with Radar,10,4,35,0,49,0,0,137,0,137,10,4,172,0,186,241,0,241,427
08/11/2017,PAE,WA,ANM,WE,Towers with Radar,3,4,34,4,45,6,0,175,2,183,9,4,209,6,228,167,19,186,414
08/12/2017,PAE,WA,ANM,WE,Towers with Radar,5,2,51,1,59,1,0,177,1,179,6,2,228,2,238,200,0,200,438
08/13/2017,PAE,WA,ANM,WE,Towers with Radar,0,1,42,2,45,0,0,111,0,111,0,1,153,2,156,204,1,205,361
08/14/2017,PAE,WA,ANM,WE,Towers with Radar,7,7,28,0,42,0,2,117,0,119,7,9,145,0,161,166,0,166,327
08/15/2017,PAE,WA,ANM,WE,Towers with Radar,6,5,16,0,27,0,0,213,0,213,6,5,229,0,240,305,0,305,545
08/16/2017,PAE,WA,ANM,WE,Towers with Radar,12,3,28,0,43,1,0,208,0,209,13,3,236,0,252,246,0,246,498
08/17/2017,PAE,WA,ANM,WE,Towers with Radar,12,1,48,0,61,0,0,143,0,143,12,1,191,0,204,207,0,207,411
08/18/2017,PAE,WA,ANM,WE,Towers with Radar,15,6,38,0,59,0,0,232,0,232,15,6,270,0,291,363,6,369,660
08/19/2017,PAE,WA,ANM,WE,Towers with Radar,7,1,28,0,36,0,2,281,0,283,7,3,309,0,319,275,0,275,594
08/20/2017,PAE,WA,ANM,WE,Towers with Radar,10,2,30,0,42,0,2,196,0,198,10,4,226,0,240,264,0,264,504
08/21/2017,PAE,WA,ANM,WE,Towers with Radar,3,3,29,0,35,0,0,216,0,216,3,3,245,0,251,223,0,223,474
08/22/2017,PAE,WA,ANM,WE,Towers with Radar,22,1,32,0,55,0,0,170,0,170,22,1,202,0,225,242,0,242,467
08/23/2017,PAE,WA,ANM,WE,Towers with Radar,8,3,33,0,44,0,2,151,0,153,8,5,184,0,197,224,0,224,421
08/24/2017,PAE,WA,ANM,WE,Towers with Radar,1,0,20,3,24,0,0,154,1,155,1,0,174,4,179,207,0,207,386
08/25/2017,PAE,WA,ANM,WE,Towers with Radar,7,2,21,0,30,3,2,205,0,210,10,4,226,0,240,244,0,244,484
08/26/2017,PAE,WA,ANM,WE,Towers with Radar,1,0,29,0,30,0,0,255,0,255,1,0,284,0,285,233,0,233,518
08/27/2017,PAE,WA,ANM,WE,Towers with Radar,1,2,26,0,29,0,0,259,0,259,1,2,285,0,288,207,0,207,495
08/28/2017,PAE,WA,ANM,WE,Towers with Radar,11,8,27,4,50,0,1,153,0,154,11,9,180,4,204,261,0,261,465
08/29/2017,PAE,WA,ANM,WE,Towers with Radar,20,2,29,4,55,0,0,112,0,112,20,2,141,4,167,187,0,187,354
08/30/2017,PAE,WA,ANM,WE,Towers with Radar,20,4,46,0,70,0,0,112,0,112,20,4,158,0,182,135,0,135,317
08/31/2017,PAE,WA,ANM,WE,Towers with Radar,8,0,38,1,47,0,1,179,0,180,8,1,217,1,227,229,0,229,456
09/01/2017,PAE,WA,ANM,WE,Towers with Radar,7,3,19,0,29,0,0,253,0,253,7,3,272,0,282,219,0,219,501
09/02/2017,PAE,WA,ANM,WE,Towers with Radar,2,2,11,0,15,0,0,300,0,300,2,2,311,0,315,333,0,333,648
09/03/2017,PAE,WA,ANM,WE,Towers with Radar,2,0,14,0,16,0,0,212,0,212,2,0,226,0,228,234,0,234,462
09/04/2017,PAE,WA,ANM,WE,Towers with Radar,2,0,42,0,44,0,0,188,0,188,2,0,230,0,232,205,0,205,437
09/05/2017,PAE,WA,ANM,WE,Towers with Radar,14,8,41,0,63,0,1,20,0,21,14,9,61,0,84,0,0,0,84
09/06/2017,PAE,WA,ANM,WE,Towers with Radar,15,5,32,0,52,0,0,58,0,58,15,5,90,0,110,247,0,247,357
09/07/2017,PAE,WA,ANM,WE,Towers with Radar,10,1,32,3,46,0,0,71,0,71,10,1,103,3,117,203,67,270,387
09/08/2017,PAE,WA,ANM,WE,Towers with Radar,18,2,54,0,74,0,0,49,0,49,18,2,103,0,123,151,0,151,274
09/09/2017,PAE,WA,ANM,WE,Towers with Radar,7,0,37,0,44,0,0,93,0,93,7,0,130,0,137,146,0,146,283
09/10/2017,PAE,WA,ANM,WE,Towers with Radar,4,1,22,0,27,0,0,209,0,209,4,1,231,0,236,188,0,188,424
09/11/2017,PAE,WA,ANM,WE,Towers with Radar,9,1,21,0,31,0,0,140,0,140,9,1,161,0,171,171,0,171,342
09/12/2017,PAE,WA,ANM,WE,Towers with Radar,9,2,26,4,41,5,0,134,0,139,14,2,160,4,180,188,0,188,368
09/13/2017,PAE,WA,ANM,WE,Towers with Radar,12,4,39,0,55,0,0,143,0,143,12,4,182,0,198,238,0,238,436
09/14/2017,PAE,WA,ANM,WE,Towers with Radar,3,4,32,3,42,0,0,170,0,170,3,4,202,3,212,181,0,181,393
09/15/2017,PAE,WA,ANM,WE,Towers with Radar,11,2,24,0,37,1,0,185,0,186,12,2,209,0,223,207,0,207,430
09/16/2017,PAE,WA,ANM,WE,Towers with Radar,11,3,27,0,41,0,0,231,0,231,11,3,258,0,272,232,0,232,504
09/17/2017,PAE,WA,ANM,WE,Towers with Radar,4,0,14,0,18,0,0,42,0,42,4,0,56,0,60,54,0,54,114
09/18/2017,PAE,WA,ANM,WE,Towers with Radar,21,4,38,3,66,0,0,27,0,27,21,4,65,3,93,44,0,44,137
09/19/2017,PAE,WA,ANM,WE,Towers with Radar,24,4,17,0,45,0,0,30,0,30,24,4,47,0,75,76,0,76,151
09/20/2017,PAE,WA,ANM,WE,Towers with Radar,10,2,36,3,51,0,0,56,2,58,10,2,92,5,109,198,2,200,309
09/21/2017,PAE,WA,ANM,WE,Towers with Radar,13,4,46,0,63,0,0,71,0,71,13,4,117,0,134,104,0,104,238
09/22/2017,PAE,WA,ANM,WE,Towers with Radar,16,3,36,0,55,0,0,200,0,200,16,3,236,0,255,267,0,267,522
09/23/2017,PAE,WA,ANM,WE,Towers with Radar,8,0,25,0,33,0,0,261,0,261,8,0,286,0,294,229,0,229,523
09/24/2017,PAE,WA,ANM,WE,Towers with Radar,11,2,39,0,52,0,0,199,0,199,11,2,238,0,251,214,8,222,473
09/25/2017,PAE,WA,ANM,WE,Towers with Radar,31,2,48,2,83,0,0,69,0,69,31,2,117,2,152,191,0,191,343
09/26/2017,PAE,WA,ANM,WE,Towers with Radar,27,4,39,2,72,0,0,116,9,125,27,4,155,11,197,194,0,194,391
09/27/2017,PAE,WA,ANM,WE,Towers with Radar,11,1,42,0,54,0,1,194,0,195,11,2,236,0,249,252,0,252,501
09/28/2017,PAE,WA,ANM,WE,Towers with Radar,9,6,35,0,50,0,0,212,0,212,9,6,247,0,262,208,0,208,470
09/29/2017,PAE,WA,ANM,WE,Towers with Radar,20,5,57,0,82,0,0,46,0,46,20,5,103,0,128,95,0,95,223
09/30/2017,PAE,WA,ANM,WE,Towers with Radar,14,1,44,0,59,0,0,121,0,121,14,1,165,0,180,186,0,186,366
10/01/2017,PAE,WA,ANM,WE,Towers with Radar,6,1,47,0,54,0,0,94,0,94,6,1,141,0,148,87,0,87,235
10/02/2017,PAE,WA,ANM,WE,Towers with Radar,1,7,14,0,22,0,0,93,0,93,1,7,107,0,115,216,0,216,331
10/03/2017,PAE,WA,ANM,WE,Towers with Radar,2,7,16,0,25,0,0,178,0,178,2,7,194,0,203,222,0,222,425
10/04/2017,PAE,WA,ANM,WE,Towers with Radar,5,2,8,0,15,0,1,198,2,201,5,3,206,2,216,275,0,275,491
10/05/2017,PAE,WA,ANM,WE,Towers with Radar,10,3,14,2,29,0,1,190,0,191,10,4,204,2,220,295,0,295,515
10/06/2017,PAE,WA,ANM,WE,Towers with Radar,13,13,20,0,46,0,2,112,0,114,13,15,132,0,160,177,1,178,338
10/07/2017,PAE,WA,ANM,WE,Towers with Radar,11,0,17,0,28,0,0,55,0,55,11,0,72,0,83,108,0,108,191
10/08/2017,PAE,WA,ANM,WE,Towers with Radar,5,1,29,0,35,0,0,207,0,207,5,1,236,0,242,205,0,205,447
10/09/2017,PAE,WA,ANM,WE,Towers with Radar,7,7,30,0,44,0,1,185,0,186,7,8,215,0,230,254,0,254,484
10/10/2017,PAE,WA,ANM,WE,Towers with Radar,15,0,42,0,57,0,0,29,0,29,15,0,71,0,86,100,0,100,186
10/11/2017,PAE,WA,ANM,WE,Towers with Radar,20,1,35,0,56,0,0,97,0,97,20,1,132,0,153,330,0,330,483
10/12/2017,PAE,WA,ANM,WE,Towers with Radar,12,5,33,0,50,0,0,16,0,16,12,5,49,0,66,0,0,0,66
10/13/2017,PAE,WA,ANM,WE,Towers with Radar,8,3,37,0,48,0,0,72,0,72,8,3,109,0,120,238,0,238,358
10/14/2017,PAE,WA,ANM,WE,Towers with Radar,8,4,32,0,44,0,4,201,0,205,8,8,233,0,249,268,0,268,517
10/15/2017,PAE,WA,ANM,WE,Towers with Radar,15,0,15,0,30,1,0,275,0,276,16,0,290,0,306,304,0,304,610
10/16/2017,PAE,WA,ANM,WE,Towers with Radar,13,3,40,2,58,0,0,79,2,81,13,3,119,4,139,135,0,135,274
10/17/2017,PAE,WA,ANM,WE,Towers with Radar,20,2,23,0,45,0,0,24,0,24,20,2,47,0,69,76,0,76,145
10/18/2017,PAE,WA,ANM,WE,Towers with Radar,7,2,13,0,22,0,0,8,0,8,7,2,21,0,30,6,0,6,36
10/19/2017,PAE,WA,ANM,WE,Towers with Radar,11,0,47,2,60,0,6,26,0,32,11,6,73,2,92,6,0,6,98
10/20/2017,PAE,WA,ANM,WE,Towers with Radar,2,2,44,2,50,0,0,14,0,14,2,2,58,2,64,4,0,4,68
10/21/2017,PAE,WA,ANM,WE,Towers with Radar,11,2,22,0,35,0,0,5,0,5,11,2,27,0,40,5,0,5,45
10/22/2017,PAE,WA,ANM,WE,Towers with Radar,2,0,47,0,49,0,0,127,0,127,2,0,174,0,176,240,0,240,416
10/23/2017,PAE,WA,ANM,WE,Towers with Radar,7,3,36,0,46,0,0,135,0,135,7,3,171,0,181,354,0,354,535
10/24/2017,PAE,WA,ANM,WE,Towers with Radar,13,2,33,0,48,0,0,169,0,169,13,2,202,0,217,415,0,415,632
10/25/2017,PAE,WA,ANM,WE,Towers with Radar,16,5,21,0,42,0,0,19,0,19,16,5,40,0,61,20,0,20,81
10/26/2017,PAE,WA,ANM,WE,Towers with Radar,12,9,37,0,58,0,0,132,0,132,12,9,169,0,190,110,2,112,302
10/27/2017,PAE,WA,ANM,WE,Towers with Radar,8,1,36,0,45,0,3,209,0,212,8,4,245,0,257,292,0,292,549
10/28/2017,PAE,WA,ANM,WE,Towers with Radar,6,1,34,0,41,0,0,296,0,296,6,1,330,0,337,298,0,298,635
10/29/2017,PAE,WA,ANM,WE,Towers with Radar,5,3,26,0,34,1,0,110,0,111,6,3,136,0,145,155,0,155,300
10/30/2017,PAE,WA,ANM,WE,Towers with Radar,9,4,26,2,41,0,4,166,1,171,9,8,192,3,212,285,8,293,505
10/31/2017,PAE,WA,ANM,WE,Towers with Radar,13,2,26,0,41,0,0,196,0,196,13,2,222,0,237,288,0,288,525
11/01/2017,PAE,WA,ANM,WE,Towers with Radar,10,4,32,0,46,0,0,43,0,43,10,4,75,0,89,172,0,172,261
11/02/2017,PAE,WA,ANM,WE,Towers with Radar,12,9,21,0,42,1,0,12,0,13,13,9,33,0,55,6,0,6,61
11/03/2017,PAE,WA,ANM,WE,Towers with Radar,9,2,23,1,35,0,0,15,0,15,9,2,38,1,50,40,0,40,90
11/04/2017,PAE,WA,ANM,WE,Towers with Radar,17,0,27,0,44,0,0,52,0,52,17,0,79,0,96,65,0,65,161
11/05/2017,PAE,WA,ANM,WE,Towers with Radar,0,2,13,0,15,0,0,15,0,15,0,2,28,0,30,32,1,33,63
11/06/2017,PAE,WA,ANM,WE,Towers with Radar,16,2,35,0,53,0,0,196,0,196,16,2,231,0,249,339,0,339,588
11/07/2017,PAE,WA,ANM,WE,Towers with Radar,16,4,50,0,70,0,0,119,0,119,16,4,169,0,189,266,0,266,455
11/08/2017,PAE,WA,ANM,WE,Towers with Radar,5,3,23,0,31,0,0,87,0,87,5,3,110,0,118,165,0,165,283
11/09/2017,PAE,WA,ANM,WE,Towers with Radar,13,3,36,0,52,0,0,16,0,16,13,3,52,0,68,45,0,45,113
11/10/2017,PAE,WA,ANM,WE,Towers with Radar,6,5,15,0,26,1,0,116,0,117,7,5,131,0,143,138,0,138,281
11/11/2017,PAE,WA,ANM,WE,Towers with Radar,13,2,26,0,41,0,0,75,0,75,13,2,101,0,116,178,0,178,294
11/12/2017,PAE,WA,ANM,WE,Towers with Radar,9,3,36,0,48,0,0,63,0,63,9,3,99,0,111,104,0,104,215
11/13/2017,PAE,WA,ANM,WE,Towers with Radar,5,3,6,0,14,0,0,1,0,1,5,3,7,0,15,0,0,0,15
11/14/2017,PAE,WA,ANM,WE,Towers with Radar,15,4,7,0,26,0,0,6,0,6,15,4,13,0,32,0,0,0,32
11/15/2017,PAE,WA,ANM,WE,Towers with Radar,7,7,18,4,36,0,0,18,0,18,7,7,36,4,54,17,0,17,71
11/16/2017,PAE,WA,ANM,WE,Towers with Radar,9,7,27,28,71,0,2,12,0,14,9,9,39,28,85,0,0,0,85
11/17/2017,PAE,WA,ANM,WE,Towers with Radar,25,2,43,4,74,0,0,153,0,153,25,2,196,4,227,263,0,263,490
11/18/2017,PAE,WA,ANM,WE,Towers with Radar,0,1,34,0,35,0,0,247,0,247,0,1,281,0,282,387,0,387,669
11/19/2017,PAE,WA,ANM,WE,Towers with Radar,15,1,13,0,29,0,0,15,0,15,15,1,28,0,44,4,0,4,48
11/20/2017,PAE,WA,ANM,WE,Towers with Radar,12,10,24,0,46,0,0,12,0,12,12,10,36,0,58,114,0,114,172
11/21/2017,PAE,WA,ANM,WE,Towers with Radar,4,1,25,2,32,0,0,1,0,1,4,1,26,2,33,0,0,0,33
11/22/2017,PAE,WA,ANM,WE,Towers with Radar,20,2,22,0,44,0,0,24,0,24,20,2,46,0,68,49,0,49,117
11/23/2017,PAE,WA,ANM,WE,Towers with Radar,0,0,9,0,9,0,0,5,0,5,0,0,14,0,14,2,0,2,16
11/24/2017,PAE,WA,ANM,WE,Towers with Radar,2,3,17,0,22,0,0,62,0,62,2,3,79,0,84,84,0,84,168
11/25/2017,PAE,WA,ANM,WE,Towers with Radar,9,1,17,2,29,0,2,186,2,190,9,3,203,4,219,141,0,141,360
11/26/2017,PAE,WA,ANM,WE,Towers with Radar,7,1,18,0,26,0,0,0,0,0,7,1,18,0,26,0,0,0,26
11/27/2017,PAE,WA,ANM,WE,Towers with Radar,19,5,43,0,67,0,0,99,0,99,19,5,142,0,166,267,0,267,433
11/28/2017,PAE,WA,ANM,WE,Towers with Radar,4,6,10,0,20,0,0,6,0,6,4,6,16,0,26,7,0,7,33
11/29/2017,PAE,WA,ANM,WE,Towers with Radar,7,1,43,0,51,0,0,97,0,97,7,1,140,0,148,216,0,216,364
11/30/2017,PAE,WA,ANM,WE,Towers with Radar,5,5,16,0,26,0,0,12,0,12,5,5,28,0,38,5,0,5,43
12/01/2017,PAE,WA,ANM,WE,Towers with Radar,23,5,17,0,45,4,0,23,0,27,27,5,40,0,72,33,0,33,105
12/02/2017,PAE,WA,ANM,WE,Towers with Radar,13,2,13,0,28,0,0,11,0,11,13,2,24,0,39,54,0,54,93
12/03/2017,PAE,WA,ANM,WE,Towers with Radar,8,4,28,0,40,0,2,63,0,65,8,6,91,0,105,284,0,284,389
12/04/2017,PAE,WA,ANM,WE,Towers with Radar,7,7,41,0,55,0,1,68,0,69,7,8,109,0,124,222,0,222,346
12/05/2017,PAE,WA,ANM,WE,Towers with Radar,12,4,23,0,39,0,0,163,0,163,12,4,186,0,202,277,0,277,479
12/06/2017,PAE,WA,ANM,WE,Towers with Radar,9,3,34,5,51,0,0,169,0,169,9,3,203,5,220,246,0,246,466
12/07/2017,PAE,WA,ANM,WE,Towers with Radar,1,3,36,0,40,0,2,187,1,190,1,5,223,1,230,219,0,219,449
12/08/2017,PAE,WA,ANM,WE,Towers with Radar,19,12,37,2,70,0,0,156,0,156,19,12,193,2,226,146,0,146,372
12/09/2017,PAE,WA,ANM,WE,Towers with Radar,14,6,17,0,37,0,0,195,0,195,14,6,212,0,232,120,0,120,352
12/10/2017,PAE,WA,ANM,WE,Towers with Radar,24,2,21,1,48,0,0,171,0,171,24,2,192,1,219,150,0,150,369
12/11/2017,PAE,WA,ANM,WE,Towers with Radar,5,7,46,0,58,0,0,112,0,112,5,7,158,0,170,233,0,233,403
12/12/2017,PAE,WA,ANM,WE,Towers with Radar,19,1,58,0,78,0,0,124,0,124,19,1,182,0,202,340,0,340,542
12/13/2017,PAE,WA,ANM,WE,Towers with Radar,19,0,33,0,52,0,0,129,0,129,19,0,162,0,181,245,0,245,426
12/14/2017,PAE,WA,ANM,WE,Towers with Radar,9,1,49,2,61,0,0,138,0,138,9,1,187,2,199,212,30,242,441
12/15/2017,PAE,WA,ANM,WE,Towers with Radar,36,0,20,0,56,0,0,50,0,50,36,0,70,0,106,169,0,169,275
12/16/2017,PAE,WA,ANM,WE,Towers with Radar,20,2,47,0,69,0,0,98,0,98,20,2,145,0,167,169,0,169,336
12/17/2017,PAE,WA,ANM,WE,Towers with Radar,7,2,18,0,27,0,0,4,0,4,7,2,22,0,31,0,0,0,31
12/18/2017,PAE,WA,ANM,WE,Towers with Radar,11,2,19,0,32,2,0,10,0,12,13,2,29,0,44,20,0,20,64
12/19/2017,PAE,WA,ANM,WE,Towers with Radar,22,0,6,0,28,0,2,1,0,3,22,2,7,0,31,0,0,0,31
12/20/2017,PAE,WA,ANM,WE,Towers with Radar,9,2,27,0,38,0,5,153,0,158,9,7,180,0,196,235,1,236,432
12/21/2017,PAE,WA,ANM,WE,Towers with Radar,16,4,16,1,37,0,2,143,0,145,16,6,159,1,182,194,0,194,376
12/22/2017,PAE,WA,ANM,WE,Towers with Radar,12,2,5,0,19,0,0,48,0,48,12,2,53,0,67,101,0,101,168
12/23/2017,PAE,WA,ANM,WE,Towers with Radar,6,0,23,0,29,0,1,199,1,201,6,1,222,1,230,253,0,253,483
12/24/2017,PAE,WA,ANM,WE,Towers with Radar,4,0,4,0,8,0,0,22,0,22,4,0,26,0,30,31,0,31,61
12/25/2017,PAE,WA,ANM,WE,Towers with Radar,0,0,1,0,1,0,0,2,0,2,0,0,3,0,3,2,0,2,5
12/26/2017,PAE,WA,ANM,WE,Towers with Radar,4,0,36,0,40,0,0,81,0,81,4,0,117,0,121,136,0,136,257
12/27/2017,PAE,WA,ANM,WE,Towers with Radar,11,0,39,4,54,2,0,44,0,46,13,0,83,4,100,129,0,129,229
12/28/2017,PAE,WA,ANM,WE,Towers with Radar,7,1,18,2,28,0,0,1,0,1,7,1,19,2,29,0,0,0,29
12/29/2017,PAE,WA,ANM,WE,Towers with Radar,0,1,15,0,16,0,0,2,0,2,0,1,17,0,18,0,0,0,18
12/30/2017,PAE,WA,ANM,WE,Towers with Radar,2,5,25,0,32,0,0,28,0,28,2,5,53,0,60,74,0,74,134
12/31/2017,PAE,WA,ANM,WE,Towers with Radar,6,1,17,0,24,0,0,129,0,129,6,1,146,0,153,131,0,131,284
01/01/2018,PAE,WA,ANM,WE,Towers with Radar,2,0,7,0,9,0,0,175,0,175,2,0,182,0,184,84,0,84,268
01/02/2018,PAE,WA,ANM,WE,Towers with Radar,0,0,27,0,27,0,2,96,0,98,0,2,123,0,125,116,0,116,241
01/03/2018,PAE,WA,ANM,WE,Towers with Radar,2,2,37,0,41,0,0,162,0,162,2,2,199,0,203,210,0,210,413
01/04/2018,PAE,WA,ANM,WE,Towers with Radar,16,6,32,2,56,3,0,70,0,73,19,6,102,2,129,135,0,135,264
01/05/2018,PAE,WA,ANM,WE,Towers with Radar,2,0,34,0,36,0,0,43,0,43,2,0,77,0,79,70,0,70,149
01/06/2018,PAE,WA,ANM,WE,Towers with Radar,10,0,28,0,38,0,0,6,0,6,10,0,34,0,44,6,0,6,50
01/07/2018,PAE,WA,ANM,WE,Towers with Radar,6,3,10,0,19,0,0,44,0,44,6,3,54,0,63,109,0,109,172
01/08/2018,PAE,WA,ANM,WE,Towers with Radar,17,3,30,13,63,0,0,89,1,90,17,3,119,14,153,140,2,142,295
01/09/2018,PAE,WA,ANM,WE,Towers with Radar,2,3,27,3,35,0,0,14,0,14,2,3,41,3,49,56,0,56,105
01/10/2018,PAE,WA,ANM,WE,Towers with Radar,6,4,43,0,53,0,0,29,0,29,6,4,72,0,82,24,0,24,106
01/11/2018,PAE,WA,ANM,WE,Towers with Radar,11,1,29,0,41,0,0,1,0,1,11,1,30,0,42,2,0,2,44
01/12/2018,PAE,WA,ANM,WE,Towers with Radar,14,1,18,0,33,0,0,13,0,13,14,1,31,0,46,24,0,24,70
01/13/2018,PAE,WA,ANM,WE,Towers with Radar,5,0,51,0,56,0,0,42,2,44,5,0,93,2,100,92,0,92,192
01/14/2018,PAE,WA,ANM,WE,Towers with Radar,3,5,42,0,50,0,4,314,0,318,3,9,356,0,368,287,0,287,655
01/15/2018,PAE,WA,ANM,WE,Towers with Radar,6,0,33,0,39,1,0,169,0,170,7,0,202,0,209,222,0,222,431
01/16/2018,PAE,WA,ANM,WE,Towers with Radar,16,0,32,0,48,0,2,56,0,58,16,2,88,0,106,98,0,98,204
01/17/2018,PAE,WA,ANM,WE,Towers with Radar,18,2,24,6,50,0,0,33,0,33,18,2,57,6,83,58,0,58,141
01/18/2018,PAE,WA,ANM,WE,Towers with Radar,11,3,28,1,43,0,0,27,0,27,11,3,55,1,70,16,0,16,86
01/19/2018,PAE,WA,ANM,WE,Towers with Radar,8,4,30,1,43,0,2,34,0,36,8,6,64,1,79,46,2,48,127
01/20/2018,PAE,WA,ANM,WE,Towers with Radar,8,0,26,0,34,0,0,47,0,47,8,0,73,0,81,80,0,80,161
01/21/2018,PAE,WA,ANM,WE,Towers with Radar,0,0,12,0,12,0,0,14,0,14,0,0,26,0,26,15,0,15,41
01/22/2018,PAE,WA,ANM,WE,Towers with Radar,10,5,38,0,53,0,0,37,0,37,10,5,75,0,90,134,0,134,224
01/23/2018,PAE,WA,ANM,WE,Towers with Radar,14,5,25,0,44,0,0,5,0,5,14,5,30,0,49,22,0,22,71
01/24/2018,PAE,WA,ANM,WE,Towers with Radar,16,4,29,0,49,0,0,109,0,109,16,4,138,0,158,0,0,0,158
01/25/2018,PAE,WA,ANM,WE,Towers with Radar,11,2,13,0,26,0,1,15,0,16,11,3,28,0,42,31,0,31,73
01/26/2018,PAE,WA,ANM,WE,Towers with Radar,15,5,25,0,45,0,0,14,0,14,15,5,39,0,59,6,0,6,65
01/27/2018,PAE,WA,ANM,WE,Towers with Radar,7,0,9,0,16,0,0,13,0,13,7,0,22,0,29,30,0,30,59
01/28/2018,PAE,WA,ANM,WE,Towers with Radar,8,0,23,0,31,0,0,17,2,19,8,0,40,2,50,32,0,32,82
01/29/2018,PAE,WA,ANM,WE,Towers with Radar,9,11,23,0,43,0,0,9,0,9,9,11,32,0,52,36,0,36,88
01/30/2018,PAE,WA,ANM,WE,Towers with Radar,5,3,29,6,43,0,0,85,0,85,5,3,114,6,128,166,0,166,294
01/31/2018,PAE,WA,ANM,WE,Towers with Radar,10,3,59,0,72,0,0,18,0,18,10,3,77,0,90,136,0,136,226
02/01/2018,PAE,WA,ANM,WE,Towers with Radar,9,4,32,0,45,0,0,4,0,4,9,4,36,0,49,0,0,0,49
02/02/2018,PAE,WA,ANM,WE,Towers with Radar,6,1,22,2,31,0,0,5,0,5,6,1,27,2,36,8,0,8,44
02/03/2018,PAE,WA,ANM,WE,Towers with Radar,1,4,23,0,28,0,0,1,0,1,1,4,24,0,29,0,0,0,29
02/04/2018,PAE,WA,ANM,WE,Towers with Radar,2,2,26,0,30,0,0,6,0,6,2,2,32,0,36,21,0,21,57
02/05/2018,PAE,WA,ANM,WE,Towers with Radar,8,2,43,2,55,0,0,17,0,17,8,2,60,2,72,54,0,54,126
02/06/2018,PAE,WA,ANM,WE,Towers with Radar,11,2,31,4,48,0,0,9,0,9,11,2,40,4,57,30,0,30,87
02/07/2018,PAE,WA,ANM,WE,Towers with Radar,10,4,42,6,62,0,0,27,0,27,10,4,69,6,89,50,6,56,145
02/08/2018,PAE,WA,ANM,WE,Towers with Radar,9,2,27,0,38,0,0,5,0,5,9,2,32,0,43,0,0,0,43
02/09/2018,PAE,WA,ANM,WE,Towers with Radar,7,2,40,2,51,0,0,89,0,89,7,2,129,2,140,126,0,126,266
02/10/2018,PAE,WA,ANM,WE,Towers with Radar,5,2,33,0,40,0,0,351,0,351,5,2,384,0,391,381,0,381,772
02/11/2018,PAE,WA,ANM,WE,Towers with Radar,3,0,23,0,26,0,0,172,0,172,3,0,195,0,198,234,0,234,432
02/12/2018,PAE,WA,ANM,WE,Towers with Radar,2,4,51,0,57,4,0,176,0,180,6,4,227,0,237,238,0,238,475
02/13/2018,PAE,WA,ANM,WE,Towers with Radar,10,1,42,0,53,0,0,136,0,136,10,1,178,0,189,133,0,133,322
02/14/2018,PAE,WA,ANM,WE,Towers with Radar,8,1,19,0,28,0,2,1,0,3,8,3,20,0,31,0,0,0,31
02/15/2018,PAE,WA,ANM,WE,Towers with Radar,16,2,18,0,36,2,0,51,0,53,18,2,69,0,89,232,0,232,321
02/16/2018,PAE,WA,ANM,WE,Towers with Radar,8,0,16,3,27,0,2,8,1,11,8,2,24,4,38,7,0,7,45
02/17/2018,PAE,WA,ANM,WE,Towers with Radar,5,0,7,0,12,0,2,11,0,13,5,2,18,0,25,21,0,21,46
02/18/2018,PAE,WA,ANM,WE,Towers with Radar,0,1,13,0,14,0,0,22,0,22,0,1,35,0,36,22,0,22,58
02/19/2018,PAE,WA,ANM,WE,Towers with Radar,5,5,28,0,38,0,0,197,0,197,5,5,225,0,235,231,0,231,466
02/20/2018,PAE,WA,ANM,WE,Towers with Radar,11,1,44,0,56,0,0,104,0,104,11,1,148,0,160,350,0,350,510
02/21/2018,PAE,WA,ANM,WE,Towers with Radar,20,1,38,1,60,2,3,75,0,80,22,4,113,1,140,163,0,163,303
02/22/2018,PAE,WA,ANM,WE,Towers with Radar,11,6,32,1,50,0,0,118,2,120,11,6,150,3,170,150,2,152,322
02/23/2018,PAE,WA,ANM,WE,Towers with Radar,9,2,9,0,20,0,0,42,0,42,9,2,51,0,62,28,0,28,90
02/24/2018,PAE,WA,ANM,WE,Towers with Radar,3,1,24,0,28,0,2,81,0,83,3,3,105,0,111,97,0,97,208
02/25/2018,PAE,WA,ANM,WE,Towers with Radar,1,4,17,0,22,0,0,20,0,20,1,4,37,0,42,48,0,48,90
02/26/2018,PAE,WA,ANM,WE,Towers with Radar,17,1,41,0,59,0,0,115,0,115,17,1,156,0,174,228,0,228,402
02/27/2018,PAE,WA,ANM,WE,Towers with Radar,1,0,40,0,41,0,2,19,0,21,1,2,59,0,62,47,0,47,109
02/28/2018,PAE,WA,ANM,WE,Towers with Radar,2,2,23,0,27,0,2,24,0,26,2,4,47,0,53,51,0,51,104
03/01/2018,PAE,WA,ANM,WE,Towers with Radar,15,1,40,7,63,0,0,138,0,138,15,1,178,7,201,279,16,295,496
03/02/2018,PAE,WA,ANM,WE,Towers with Radar,8,2,29,0,39,0,0,83,0,83,8,2,112,0,122,180,0,180,302
03/03/2018,PAE,WA,ANM,WE,Towers with Radar,2,2,16,0,20,0,0,294,0,294,2,2,310,0,314,351,0,351,665
03/04/2018,PAE,WA,ANM,WE,Towers with Radar,1,0,40,0,41,0,0,101,0,101,1,0,141,0,142,177,0,177,319
03/05/2018,PAE,WA,ANM,WE,Towers with Radar,16,1,32,0,49,0,0,53,0,53,16,1,85,0,102,219,0,219,321
03/06/2018,PAE,WA,ANM,WE,Towers with Radar,8,0,43,7,58,0,0,226,0,226,8,0,269,7,284,208,8,216,500
03/07/2018,PAE,WA,ANM,WE,Towers with Radar,3,3,33,0,39,0,0,115,0,115,3,3,148,0,154,188,0,188,342
03/08/2018,PAE,WA,ANM,WE,Towers with Radar,11,5,30,2,48,0,0,7,0,7,11,5,37,2,55,8,0,8,63
03/09/2018,PAE,WA,ANM,WE,Towers with Radar,12,2,37,0,51,0,0,147,0,147,12,2,184,0,198,137,0,137,335
03/10/2018,PAE,WA,ANM,WE,Towers with Radar,7,1,40,0,48,0,0,310,0,310,7,1,350,0,358,256,0,256,614
03/11/2018,PAE,WA,ANM,WE,Towers with Radar,4,0,47,0,51,0,0,297,2,299,4,0,344,2,350,176,0,176,526
03/12/2018,PAE,WA,ANM,WE,Towers with Radar,3,5,35,0,43,0,0,158,0,158,3,5,193,0,201,109,0,109,310
03/13/2018,PAE,WA,ANM,WE,Towers with Radar,10,3,30,1,44,0,0,42,0,42,10,3,72,1,86,23,2,25,111
03/14/2018,PAE,WA,ANM,WE,Towers with Radar,14,6,26,2,48,0,0,42,0,42,14,6,68,2,90,56,0,56,146
03/15/2018,PAE,WA,ANM,WE,Towers with Radar,12,0,33,0,45,0,0,199,0,199,12,0,232,0,244,311,0,311,555
03/16/2018,PAE,WA,ANM,WE,Towers with Radar,8,2,48,0,58,0,0,199,0,199,8,2,247,0,257,190,0,190,447
03/17/2018,PAE,WA,ANM,WE,Towers with Radar,7,0,72,2,81,0,0,90,0,90,7,0,162,2,171,169,0,169,340
03/18/2018,PAE,WA,ANM,WE,Towers with Radar,8,0,26,0,34,0,0,159,0,159,8,0,185,0,193,186,0,186,379
03/19/2018,PAE,WA,ANM,WE,Towers with Radar,12,0,57,2,71,0,0,117,0,117,12,0,174,2,188,265,0,265,453
03/20/2018,PAE,WA,ANM,WE,Towers with Radar,12,10,30,1,53,0,0,186,0,186,12,10,216,1,239,354,0,354,593
03/21/2018,PAE,WA,ANM,WE,Towers with Radar,5,2,48,0,55,0,0,161,0,161,5,2,209,0,216,222,4,226,442
03/22/2018,PAE,WA,ANM,WE,Towers with Radar,13,4,9,0,26,0,0,16,0,16,13,4,25,0,42,22,0,22,64
03/23/2018,PAE,WA,ANM,WE,Towers with Radar,7,7,14,0,28,0,0,16,0,16,7,7,30,0,44,13,0,13,57
03/24/2018,PAE,WA,ANM,WE,Towers with Radar,10,1,33,0,44,0,0,78,0,78,10,1,111,0,122,145,0,145,267
03/25/2018,PAE,WA,ANM,WE,Towers with Radar,4,1,60,0,65,0,0,149,0,149,4,1,209,0,214,270,0,270,484
03/26/2018,PAE,WA,ANM,WE,Towers with Radar,4,1,25,0,30,0,0,5,0,5,4,1,30,0,35,0,0,0,35
03/27/2018,PAE,WA,ANM,WE,Towers with Radar,12,8,22,3,45,0,0,18,0,18,12,8,40,3,63,0,0,0,63
03/28/2018,PAE,WA,ANM,WE,Towers with Radar,8,2,23,4,37,0,2,84,0,86,8,4,107,4,123,330,0,330,453
03/29/2018,PAE,WA,ANM,WE,Towers with Radar,6,11,44,8,69,0,0,62,1,63,6,11,106,9,132,199,6,205,337
03/30/2018,PAE,WA,ANM,WE,Towers with Radar,20,10,29,2,61,0,0,85,0,85,20,10,114,2,146,181,0,181,327
03/31/2018,PAE,WA,ANM,WE,Towers with Radar,4,4,42,0,50,0,0,230,0,230,4,4,272,0,280,152,0,152,432
04/01/2018,PAE,WA,ANM,WE,Towers with Radar,2,2,8,0,12,0,0,10,0,10,2,2,18,0,22,13,0,13,35
04/02/2018,PAE,WA,ANM,WE,Towers with Radar,1,6,37,0,44,0,0,128,0,128,1,6,165,0,172,230,0,230,402
04/03/2018,PAE,WA,ANM,WE,Towers with Radar,4,3,26,4,37,0,0,152,0,152,4,3,178,4,189,195,0,195,384
04/04/2018,PAE,WA,ANM,WE,Towers with Radar,4,0,55,2,61,0,0,15,0,15,4,0,70,2,76,8,0,8,84
04/05/2018,PAE,WA,ANM,WE,Towers with Radar,4,2,14,0,20,0,0,14,0,14,4,2,28,0,34,7,0,7,41
04/06/2018,PAE,WA,ANM,WE,Towers with Radar,4,4,42,1,51,0,0,128,1,129,4,4,170,2,180,99,0,99,279
04/07/2018,PAE,WA,ANM,WE,Towers with Radar,5,2,12,0,19,0,0,1,0,1,5,2,13,0,20,24,0,24,44
04/08/2018,PAE,WA,ANM,WE,Towers with Radar,3,0,21,0,24,0,0,12,0,12,3,0,33,0,36,13,0,13,49
04/09/2018,PAE,WA,ANM,WE,Towers with Radar,4,1,58,0,63,0,2,285,0,287,4,3,343,0,350,287,0,287,637
04/10/2018,PAE,WA,ANM,WE,Towers with Radar,15,0,18,27,60,0,2,20,0,22,15,2,38,27,82,42,22,64,146
04/11/2018,PAE,WA,ANM,WE,Towers with Radar,1,3,7,0,11,0,1,36,0,37,1,4,43,0,48,88,0,88,136
04/12/2018,PAE,WA,ANM,WE,Towers with Radar,1,2,40,0,43,0,0,35,0,35,1,2,75,0,78,60,0,60,138
04/13/2018,PAE,WA,ANM,WE,Towers with Radar,16,0,15,0,31,0,0,9,0,9,16,0,24,0,40,7,0,7,47
04/14/2018,PAE,WA,ANM,WE,Towers with Radar,4,0,30,0,34,0,0,9,0,9,4,0,39,0,43,0,0,0,43
04/15/2018,PAE,WA,ANM,WE,Towers with Radar,4,1,36,0,41,0,0,81,0,81,4,1,117,0,122,147,0,147,269
04/16/2018,PAE,WA,ANM,WE,Towers with Radar,9,1,24,0,34,0,0,5,0,5,9,1,29,0,39,2,0,2,41
04/17/2018,PAE,WA,ANM,WE,Towers with Radar,9,0,45,0,54,0,0,49,0,49,9,0,94,0,103,121,0,121,224
04/18/2018,PAE,WA,ANM,WE,Towers with Radar,9,5,22,0,36,0,0,159,0,159,9,5,181,0,195,268,0,268,463
04/19/2018,PAE,WA,ANM,WE,Towers with Radar,14,3,40,0,57,3,0,290,0,293,17,3,330,0,350,277,0,277,627
04/20/2018,PAE,WA,ANM,WE,Towers with Radar,5,2,77,2,86,0,0,216,0,216,5,2,293,2,302,222,12,234,536
04/21/2018,PAE,WA,ANM,WE,Towers with Radar,9,0,34,0,43,0,0,132,0,132,9,0,166,0,175,173,0,173,348
04/22/2018,PAE,WA,ANM,WE,Towers with Radar,0,0,41,0,41,0,0,211,0,211,0,0,252,0,252,200,0,200,452
04/23/2018,PAE,WA,ANM,WE,Towers with Radar,7,2,34,0,43,0,0,205,0,205,7,2,239,0,248,224,0,224,472
04/24/2018,PAE,WA,ANM,WE,Towers with Radar,5,6,22,7,40,0,0,200,1,201,5,6,222,8,241,219,50,269,510
04/25/2018,PAE,WA,ANM,WE,Towers with Radar,14,1,28,0,43,5,0,229,0,234,19,1,257,0,277,301,0,301,578
04/26/2018,PAE,WA,ANM,WE,Towers with Radar,7,1,42,0,50,0,0,209,0,209,7,1,251,0,259,306,0,306,565
04/27/2018,PAE,WA,ANM,WE,Towers with Radar,10,3,39,0,52,0,2,43,0,45,10,5,82,0,97,60,0,60,157
04/28/2018,PAE,WA,ANM,WE,Towers with Radar,3,3,71,0,77,0,0,6,0,6,3,3,77,0,83,0,0,0,83
04/29/2018,PAE,WA,ANM,WE,Towers with Radar,8,2,51,0,61,0,0,72,0,72,8,2,123,0,133,120,0,120,253
04/30/2018,PAE,WA,ANM,WE,Towers with Radar,13,3,34,0,50,0,0,76,0,76,13,3,110,0,126,174,0,174,300
05/01/2018,PAE,WA,ANM,WE,Towers with Radar,11,1,42,2,56,0,0,137,0,137,11,1,179,2,193,282,22,304,497
05/02/2018,PAE,WA,ANM,WE,Towers with Radar,9,1,35,0,45,0,0,242,0,242,9,1,277,0,287,269,0,269,556
05/03/2018,PAE,WA,ANM,WE,Towers with Radar,8,1,43,0,52,2,1,198,0,201,10,2,241,0,253,262,0,262,515
05/04/2018,PAE,WA,ANM,WE,Towers with Radar,17,5,47,0,69,0,0,138,0,138,17,5,185,0,207,244,0,244,451
05/05/2018,PAE,WA,ANM,WE,Towers with Radar,6,0,15,0,21,0,0,278,0,278,6,0,293,0,299,246,0,246,545
05/06/2018,PAE,WA,ANM,WE,Towers with Radar,0,0,32,0,32,0,0,211,0,211,0,0,243,0,243,253,0,253,496
05/07/2018,PAE,WA,ANM,WE,Towers with Radar,14,4,53,0,71,0,2,95,0,97,14,6,148,0,168,223,2,225,393
05/08/2018,PAE,WA,ANM,WE,Towers with Radar,2,3,30,0,35,0,2,143,0,145,2,5,173,0,180,182,0,182,362
05/09/2018,PAE,WA,ANM,WE,Towers with Radar,4,7,33,2,46,0,0,108,0,108,4,7,141,2,154,122,0,122,276
05/10/2018,PAE,WA,ANM,WE,Towers with Radar,9,2,35,0,46,0,2,68,0,70,9,4,103,0,116,90,0,90,206
05/11/2018,PAE,WA,ANM,WE,Towers with Radar,8,2,29,0,39,0,0,174,0,174,8,2,203,0,213,232,0,232,445
05/12/2018,PAE,WA,ANM,WE,Towers with Radar,9,7,24,0,40,0,0,286,0,286,9,7,310,0,326,198,0,198,524
05/13/2018,PAE,WA,ANM,WE,Towers with Radar,7,1,30,0,38,0,0,212,0,212,7,1,242,0,250,115,0,115,365
05/14/2018,PAE,WA,ANM,WE,Towers with Radar,13,3,46,0,62,0,0,190,0,190,13,3,236,0,252,168,0,168,420
05/15/2018,PAE,WA,ANM,WE,Towers with Radar,11,1,56,0,68,0,0,135,0,135,11,1,191,0,203,139,0,139,342
05/16/2018,PAE,WA,ANM,WE,Towers with Radar,10,3,52,0,65,0,0,145,1,146,10,3,197,1,211,259,0,259,470
05/17/2018,PAE,WA,ANM,WE,Towers with Radar,15,3,49,0,67,0,0,152,1,153,15,3,201,1,220,286,0,286,506
05/18/2018,PAE,WA,ANM,WE,Towers with Radar,4,1,57,0,62,0,2,65,0,67,4,3,122,0,129,123,0,123,252
05/19/2018,PAE,WA,ANM,WE,Towers with Radar,10,0,25,0,35,0,0,217,0,217,10,0,242,0,252,189,0,189,441
05/20/2018,PAE,WA,ANM,WE,Towers with Radar,5,0,56,0,61,0,0,78,0,78,5,0,134,0,139,106,0,106,245
05/21/2018,PAE,WA,ANM,WE,Towers with Radar,11,0,33,0,44,0,0,180,0,180,11,0,213,0,224,275,0,275,499
05/22/2018,PAE,WA,ANM,WE,Towers with Radar,9,4,25,0,38,0,0,174,0,174,9,4,199,0,212,291,0,291,503
05/23/2018,PAE,WA,ANM,WE,Towers with Radar,6,5,26,0,37,0,0,188,0,188,6,5,214,0,225,242,0,242,467
05/24/2018,PAE,WA,ANM,WE,Towers with Radar,22,0,26,0,48,0,0,104,0,104,22,0,130,0,152,179,0,179,331
05/25/2018,PAE,WA,ANM,WE,Towers with Radar,7,4,28,0,39,0,0,157,0,157,7,4,185,0,196,277,0,277,473
05/26/2018,PAE,WA,ANM,WE,Towers with Radar,8,0,39,0,47,0,0,158,0,158,8,0,197,0,205,202,0,202,407
05/27/2018,PAE,WA,ANM,WE,Towers with Radar,1,0,26,0,27,0,0,254,0,254,1,0,280,0,281,178,0,178,459
05/28/2018,PAE,WA,ANM,WE,Towers with Radar,0,0,34,0,34,0,0,180,0,180,0,0,214,0,214,163,0,163,377
05/29/2018,PAE,WA,ANM,WE,Towers with Radar,3,5,31,6,45,0,0,97,0,97,3,5,128,6,142,162,0,162,304
05/30/2018,PAE,WA,ANM,WE,Towers with Radar,8,4,23,0,35,0,0,141,0,141,8,4,164,0,176,274,0,274,450
05/31/2018,PAE,WA,ANM,WE,Towers with Radar,6,7,38,4,55,0,0,120,4,124,6,7,158,8,179,171,16,187,366
06/01/2018,PAE,WA,ANM,WE,Towers with Radar,8,2,68,1,79,0,0,117,0,117,8,2,185,1,196,178,0,178,374
06/02/2018,PAE,WA,ANM,WE,Towers with Radar,1,1,24,0,26,0,0,255,0,255,1,1,279,0,281,252,0,252,533
06/03/2018,PAE,WA,ANM,WE,Towers with Radar,5,0,51,1,57,0,0,74,0,74,5,0,125,1,131,88,0,88,219
06/04/2018,PAE,WA,ANM,WE,Towers with Radar,4,0,50,0,54,0,2,71,0,73,4,2,121,0,127,59,0,59,186
06/05/2018,PAE,WA,ANM,WE,Towers with Radar,16,3,24,2,45,0,0,129,0,129,16,3,153,2,174,126,0,126,300
06/06/2018,PAE,WA,ANM,WE,Towers with Radar,9,4,32,0,45,0,0,218,0,218,9,4,250,0,263,178,0,178,441
06/07/2018,PAE,WA,ANM,WE,Towers with Radar,15,3,63,0,81,0,0,136,0,136,15,3,199,0,217,180,0,180,397
06/08/2018,PAE,WA,ANM,WE,Towers with Radar,12,3,32,2,49,0,0,59,0,59,12,3,91,2,108,129,0,129,237
06/09/2018,PAE,WA,ANM,WE,Towers with Radar,0,1,36,0,37,0,0,63,0,63,0,1,99,0,100,149,2,151,251
06/10/2018,PAE,WA,ANM,WE,Towers with Radar,9,0,36,0,45,0,3,43,0,46,9,3,79,0,91,77,0,77,168
06/11/2018,PAE,WA,ANM,WE,Towers with Radar,3,2,20,0,25,0,0,168,0,168,3,2,188,0,193,224,0,224,417
06/12/2018,PAE,WA,ANM,WE,Towers with Radar,4,1,28,2,35,0,0,144,0,144,4,1,172,2,179,228,0,228,407
06/13/2018,PAE,WA,ANM,WE,Towers with Radar,10,5,35,0,50,0,0,21,0,21,10,5,56,0,71,9,0,9,80
06/14/2018,PAE,WA,ANM,WE,Towers with Radar,9,8,59,0,76,0,0,151,0,151,9,8,210,0,227,257,0,257,484
06/15/2018,PAE,WA,ANM,WE,Towers with Radar,8,6,47,8,69,0,0,207,0,207,8,6,254,8,276,168,0,168,444
06/16/2018,PAE,WA,ANM,WE,Towers with Radar,7,4,36,0,47,0,0,198,0,198,7,4,234,0,245,148,0,148,393
06/17/2018,PAE,WA,ANM,WE,Towers with Radar,3,8,19,0,30,0,0,259,0,259,3,8,278,0,289,224,0,224,513
06/18/2018,PAE,WA,ANM,WE,Towers with Radar,5,5,44,0,54,0,4,140,0,144,5,9,184,0,198,225,0,225,423
06/19/2018,PAE,WA,ANM,WE,Towers with Radar,14,5,26,0,45,0,0,171,0,171,14,5,197,0,216,303,0,303,519
06/20/2018,PAE,WA,ANM,WE,Towers with Radar,14,3,36,0,53,1,1,207,0,209,15,4,243,0,262,274,0,274,536
06/21/2018,PAE,WA,ANM,WE,Towers with Radar,16,3,47,0,66,0,0,103,0,103,16,3,150,0,169,184,0,184,353
06/22/2018,PAE,WA,ANM,WE,Towers with Radar,4,2,47,4,57,0,0,100,0,100,4,2,147,4,157,84,0,84,241
06/23/2018,PAE,WA,ANM,WE,Towers with Radar,2,2,45,0,49,0,0,136,0,136,2,2,181,0,185,76,0,76,261
06/24/2018,PAE,WA,ANM,WE,Towers with Radar,7,1,23,0,31,0,0,223,0,223,7,1,246,0,254,160,0,160,414
06/25/2018,PAE,WA,ANM,WE,Towers with Radar,14,9,22,0,45,0,1,50,0,51,14,10,72,0,96,115,0,115,211
06/26/2018,PAE,WA,ANM,WE,Towers with Radar,7,6,18,0,31,0,2,153,0,155,7,8,171,0,186,285,0,285,471
06/27/2018,PAE,WA,ANM,WE,Towers with Radar,6,5,26,1,38,0,0,184,0,184,6,5,210,1,222,273,0,273,495
06/28/2018,PAE,WA,ANM,WE,Towers with Radar,13,7,46,1,67,0,2,125,3,130,13,9,171,4,197,135,7,142,339
06/29/2018,PAE,WA,ANM,WE,Towers with Radar,22,4,53,0,79,0,2,117,0,119,22,6,170,0,198,293,0,293,491
06/30/2018,PAE,WA,ANM,WE,Towers with Radar,12,5,50,0,67,0,0,25,0,25,12,5,75,0,92,58,0,58,150
07/01/2018,PAE,WA,ANM,WE,Towers with Radar,0,0,29,0,29,0,0,43,0,43,0,0,72,0,72,34,0,34,106
07/02/2018,PAE,WA,ANM,WE,Towers with Radar,0,0,13,0,13,0,2,116,0,118,0,2,129,0,131,121,0,121,252
07/03/2018,PAE,WA,ANM,WE,Towers with Radar,0,0,13,0,13,0,4,203,0,207,0,4,216,0,220,104,0,104,324
07/04/2018,PAE,WA,ANM,WE,Towers with Radar,0,0,7,0,7,0,2,166,0,168,0,2,173,0,175,67,0,67,242
07/05/2018,PAE,WA,ANM,WE,Towers with Radar,0,0,14,0,14,0,1,201,0,202,0,1,215,0,216,126,0,126,342
07/06/2018,PAE,WA,ANM,WE,Towers with Radar,0,2,6,0,8,0,1,149,0,150,0,3,155,0,158,89,0,89,247
07/07/2018,PAE,WA,ANM,WE,Towers with Radar,0,1,13,0,14,0,0,163,0,163,0,1,176,0,177,198,0,198,375
07/08/2018,PAE,WA,ANM,WE,Towers with Radar,0,0,15,0,15,0,1,242,0,243,0,1,257,0,258,158,0,158,416
07/09/2018,PAE,WA,ANM,WE,Towers with Radar,0,0,29,4,33,0,1,121,1,123,0,1,150,5,156,254,8,262,418
07/10/2018,PAE,WA,ANM,WE,Towers with Radar,8,3,31,0,42,0,0,131,0,131,8,3,162,0,173,151,0,151,324
07/11/2018,PAE,WA,ANM,WE,Towers with Radar,1,4,29,0,34,0,0,199,0,199,1,4,228,0,233,135,0,135,368
07/12/2018,PAE,WA,ANM,WE,Towers with Radar,2,3,37,0,42,0,2,215,0,217,2,5,252,0,259,200,0,200,459
07/13/2018,PAE,WA,ANM,WE,Towers with Radar,5,3,21,0,29,0,1,241,2,244,5,4,262,2,273,180,0,180,453
07/14/2018,PAE,WA,ANM,WE,Towers with Radar,1,1,21,0,23,0,0,266,0,266,1,1,287,0,289,185,0,185,474
07/15/2018,PAE,WA,ANM,WE,Towers with Radar,1,1,33,0,35,0,2,205,0,207,1,3,238,0,242,111,0,111,353
07/16/2018,PAE,WA,ANM,WE,Towers with Radar,0,1,17,0,18,0,1,160,0,161,0,2,177,0,179,152,0,152,331
07/17/2018,PAE,WA,ANM,WE,Towers with Radar,8,4,56,0,68,2,1,178,0,181,10,5,234,0,249,304,0,304,553
07/18/2018,PAE,WA,ANM,WE,Towers with Radar,7,2,47,0,56,0,2,137,1,140,7,4,184,1,196,346,0,346,542
07/19/2018,PAE,WA,ANM,WE,Towers with Radar,17,6,46,0,69,0,0,101,0,101,17,6,147,0,170,277,0,277,447
07/20/2018,PAE,WA,ANM,WE,Towers with Radar,8,5,56,4,73,0,0,185,0,185,8,5,241,4,258,151,0,151,409
07/21/2018,PAE,WA,ANM,WE,Towers with Radar,3,0,25,0,28,0,0,244,2,246,3,0,269,2,274,246,0,246,520
07/22/2018,PAE,WA,ANM,WE,Towers with Radar,4,0,20,0,24,0,1,224,0,225,4,1,244,0,249,175,0,175,424
07/23/2018,PAE,WA,ANM,WE,Towers with Radar,5,4,22,2,33,0,0,165,0,165,5,4,187,2,198,461,0,461,659
07/24/2018,PAE,WA,ANM,WE,Towers with Radar,11,3,41,2,57,0,1,147,0,148,11,4,188,2,205,171,5,176,381
07/25/2018,PAE,WA,ANM,WE,Towers with Radar,7,4,20,2,33,2,1,185,1,189,9,5,205,3,222,393,0,393,615
07/26/2018,PAE,WA,ANM,WE,Towers with Radar,5,5,33,0,43,0,0,198,0,198,5,5,231,0,241,221,0,221,462
07/27/2018,PAE,WA,ANM,WE,Towers with Radar,8,5,28,0,41,0,0,194,0,194,8,5,222,0,235,208,0,208,443
07/28/2018,PAE,WA,ANM,WE,Towers with Radar,3,0,15,0,18,0,0,238,0,238,3,0,253,0,256,165,0,165,421
07/29/2018,PAE,WA,ANM,WE,Towers with Radar,1,1,22,0,24,0,0,232,0,232,1,1,254,0,256,161,0,161,417
07/30/2018,PAE,WA,ANM,WE,Towers with Radar,7,2,29,0,38,0,0,159,2,161,7,2,188,2,199,181,0,181,380
07/31/2018,PAE,WA,ANM,WE,Towers with Radar,5,2,32,5,44,0,0,178,0,178,5,2,210,5,222,256,0,256,478
08/01/2018,PAE,WA,ANM,WE,Towers with Radar,12,2,37,0,51,0,0,122,0,122,12,2,159,0,173,237,0,237,410
08/02/2018,PAE,WA,ANM,WE,Towers with Radar,3,11,54,2,70,0,0,48,0,48,3,11,102,2,118,42,0,42,160
08/03/2018,PAE,WA,ANM,WE,Towers with Radar,11,5,46,1,63,0,0,108,0,108,11,5,154,1,171,68,0,68,239
08/04/2018,PAE,WA,ANM,WE,Towers with Radar,2,1,9,0,12,0,0,197,1,198,2,1,206,1,210,118,0,118,328
08/05/2018,PAE,WA,ANM,WE,Towers with Radar,0,4,17,0,21,0,0,220,1,221,0,4,237,1,242,120,0,120,362
08/06/2018,PAE,WA,ANM,WE,Towers with Radar,2,4,20,3,29,0,0,175,0,175,2,4,195,3,204,274,0,274,478
08/07/2018,PAE,WA,ANM,WE,Towers with Radar,4,4,19,1,28,0,0,167,0,167,4,4,186,1,195,195,0,195,390
08/08/2018,PAE,WA,ANM,WE,Towers with Radar,2,8,23,2,35,0,0,249,0,249,2,8,272,2,284,281,0,281,565
08/09/2018,PAE,WA,ANM,WE,Towers with Radar,11,4,30,0,45,0,0,181,0,181,11,4,211,0,226,336,8,344,570
08/10/2018,PAE,WA,ANM,WE,Towers with Radar,12,3,34,4,53,0,0,238,0,238,12,3,272,4,291,237,0,237,528
08/11/2018,PAE,WA,ANM,WE,Towers with Radar,10,2,37,0,49,0,0,41,0,41,10,2,78,0,90,55,0,55,145
08/12/2018,PAE,WA,ANM,WE,Towers with Radar,1,3,44,0,48,0,0,141,0,141,1,3,185,0,189,119,0,119,308
08/13/2018,PAE,WA,ANM,WE,Towers with Radar,8,6,51,0,65,0,0,74,0,74,8,6,125,0,139,124,0,124,263
08/14/2018,PAE,WA,ANM,WE,Towers with Radar,6,3,46,0,55,0,0,47,0,47,6,3,93,0,102,181,0,181,283
08/15/2018,PAE,WA,ANM,WE,Towers with Radar,9,4,39,0,52,0,0,62,0,62,9,4,101,0,114,192,4,196,310
08/16/2018,PAE,WA,ANM,WE,Towers with Radar,14,0,41,0,55,0,0,75,0,75,14,0,116,0,130,205,0,205,335
08/17/2018,PAE,WA,ANM,WE,Towers with Radar,8,0,31,0,39,0,0,162,0,162,8,0,193,0,201,260,0,260,461
08/18/2018,PAE,WA,ANM,WE,Towers with Radar,2,2,22,1,27,0,0,201,1,202,2,2,223,2,229,193,0,193,422
08/19/2018,PAE,WA,ANM,WE,Towers with Radar,6,2,27,1,36,1,0,142,0,143,7,2,169,1,179,255,0,255,434
08/20/2018,PAE,WA,ANM,WE,Towers with Radar,2,6,49,0,57,0,0,4,0,4,2,6,53,0,61,0,0,0,61
08/21/2018,PAE,WA,ANM,WE,Towers with Radar,1,4,39,2,46,0,0,6,0,6,1,4,45,2,52,8,0,8,60
08/22/2018,PAE,WA,ANM,WE,Towers with Radar,16,5,62,2,85,0,0,7,0,7,16,5,69,2,92,0,0,0,92
08/23/2018,PAE,WA,ANM,WE,Towers with Radar,15,0,52,0,67,0,0,114,0,114,15,0,166,0,181,162,0,162,343
08/24/2018,PAE,WA,ANM,WE,Towers with Radar,25,1,61,6,93,0,0,167,0,167,25,1,228,6,260,263,8,271,531
08/25/2018,PAE,WA,ANM,WE,Towers with Radar,8,1,45,0,54,0,0,27,0,27,8,1,72,0,81,34,0,34,115
08/26/2018,PAE,WA,ANM,WE,Towers with Radar,2,2,57,0,61,0,0,52,0,52,2,2,109,0,113,92,0,92,205
08/27/2018,PAE,WA,ANM,WE,Towers with Radar,8,1,30,0,39,0,0,157,0,157,8,1,187,0,196,174,0,174,370
08/28/2018,PAE,WA,ANM,WE,Towers with Radar,15,1,33,1,50,0,0,240,0,240,15,1,273,1,290,226,0,226,516
08/29/2018,PAE,WA,ANM,WE,Towers with Radar,9,2,29,3,43,0,1,215,0,216,9,3,244,3,259,262,5,267,526
08/30/2018,PAE,WA,ANM,WE,Towers with Radar,6,2,33,1,42,0,2,88,0,90,6,4,121,1,132,285,0,285,417
08/31/2018,PAE,WA,ANM,WE,Towers with Radar,9,3,27,0,39,0,0,172,0,172,9,3,199,0,211,333,0,333,544
09/01/2018,PAE,WA,ANM,WE,Towers with Radar,9,2,29,0,40,0,0,171,0,171,9,2,200,0,211,276,0,276,487
09/02/2018,PAE,WA,ANM,WE,Towers with Radar,2,0,29,0,31,0,0,247,0,247,2,0,276,0,278,271,0,271,549
09/03/2018,PAE,WA,ANM,WE,Towers with Radar,4,2,32,0,38,4,0,168,0,172,8,2,200,0,210,154,0,154,364
09/04/2018,PAE,WA,ANM,WE,Towers with Radar,2,4,39,0,45,0,0,185,0,185,2,4,224,0,230,255,0,255,485
09/05/2018,PAE,WA,ANM,WE,Towers with Radar,14,7,36,0,57,0,0,205,0,205,14,7,241,0,262,260,0,260,522
09/06/2018,PAE,WA,ANM,WE,Towers with Radar,8,3,35,1,47,0,0,195,0,195,8,3,230,1,242,363,0,363,605
09/07/2018,PAE,WA,ANM,WE,Towers with Radar,6,5,31,3,45,0,0,144,1,145,6,5,175,4,190,283,0,283,473
09/08/2018,PAE,WA,ANM,WE,Towers with Radar,7,0,52,0,59,0,0,83,0,83,7,0,135,0,142,55,0,55,197
09/09/2018,PAE,WA,ANM,WE,Towers with Radar,9,0,47,0,56,0,2,119,0,121,9,2,166,0,177,93,0,93,270
09/10/2018,PAE,WA,ANM,WE,Towers with Radar,12,4,37,0,53,0,0,60,0,60,12,4,97,0,113,67,0,67,180
09/11/2018,PAE,WA,ANM,WE,Towers with Radar,24,2,32,0,58,0,0,50,0,50,24,2,82,0,108,96,0,96,204
09/12/2018,PAE,WA,ANM,WE,Towers with Radar,12,2,34,0,48,0,0,82,0,82,12,2,116,0,130,247,4,251,381
09/13/2018,PAE,WA,ANM,WE,Towers with Radar,21,4,57,1,83,0,0,73,0,73,21,4,130,1,156,228,0,228,384
09/14/2018,PAE,WA,ANM,WE,Towers with Radar,20,5,46,0,71,0,0,80,0,80,20,5,126,0,151,204,0,204,355
09/15/2018,PAE,WA,ANM,WE,Towers with Radar,11,2,38,0,51,0,0,122,0,122,11,2,160,0,173,270,0,270,443
09/16/2018,PAE,WA,ANM,WE,Towers with Radar,1,0,24,0,25,0,0,53,0,53,1,0,77,0,78,38,0,38,116
09/17/2018,PAE,WA,ANM,WE,Towers with Radar,2,6,33,0,41,0,0,183,0,183,2,6,216,0,224,266,0,266,490
09/18/2018,PAE,WA,ANM,WE,Towers with Radar,12,7,38,0,57,0,0,182,0,182,12,7,220,0,239,355,0,355,594
09/19/2018,PAE,WA,ANM,WE,Towers with Radar,14,9,41,0,64,0,0,183,1,184,14,9,224,1,248,282,6,288,536
09/20/2018,PAE,WA,ANM,WE,Towers with Radar,14,1,40,2,57,0,0,98,0,98,14,1,138,2,155,232,0,232,387
09/21/2018,PAE,WA,ANM,WE,Towers with Radar,12,10,40,0,62,2,0,97,0,99,14,10,137,0,161,185,0,185,346
09/22/2018,PAE,WA,ANM,WE,Towers with Radar,0,3,48,0,51,0,0,25,0,25,0,3,73,0,76,22,0,22,98
09/23/2018,PAE,WA,ANM,WE,Towers with Radar,0,8,51,0,59,0,2,134,0,136,0,10,185,0,195,183,0,183,378
09/24/2018,PAE,WA,ANM,WE,Towers with Radar,11,3,27,0,41,0,0,160,0,160,11,3,187,0,201,348,2,350,551
09/25/2018,PAE,WA,ANM,WE,Towers with Radar,5,4,25,0,34,0,0,185,0,185,5,4,210,0,219,286,0,286,505
09/26/2018,PAE,WA,ANM,WE,Towers with Radar,7,1,43,14,65,0,0,119,0,119,7,1,162,14,184,303,0,303,487
09/27/2018,PAE,WA,ANM,WE,Towers with Radar,8,6,20,0,34,0,0,173,0,173,8,6,193,0,207,233,0,233,440
09/28/2018,PAE,WA,ANM,WE,Towers with Radar,2,4,23,0,29,0,0,234,0,234,2,4,257,0,263,272,0,272,535
09/29/2018,PAE,WA,ANM,WE,Towers with Radar,3,3,29,0,35,0,0,271,0,271,3,3,300,0,306,324,0,324,630
09/30/2018,PAE,WA,ANM,WE,Towers with Radar,14,0,41,0,55,0,0,125,0,125,14,0,166,0,180,204,0,204,384
10/01/2018,PAE,WA,ANM,WE,Towers with Radar,13,1,32,2,48,0,0,7,0,7,13,1,39,2,55,6,0,6,61
10/02/2018,PAE,WA,ANM,WE,Towers with Radar,0,0,14,0,14,0,1,24,0,25,0,1,38,0,39,63,5,68,107
10/03/2018,PAE,WA,ANM,WE,Towers with Radar,0,0,23,0,23,0,0,178,0,178,0,0,201,0,201,211,0,211,412
10/04/2018,PAE,WA,ANM,WE,Towers with Radar,0,0,32,0,32,0,0,191,0,191,0,0,223,0,223,171,0,171,394
10/05/2018,PAE,WA,ANM,WE,Towers with Radar,0,0,31,0,31,0,0,29,0,29,0,0,60,0,60,130,0,130,190
10/06/2018,PAE,WA,ANM,WE,Towers with Radar,0,0,41,0,41,0,0,117,0,117,0,0,158,0,158,89,0,89,247
10/07/2018,PAE,WA,ANM,WE,Towers with Radar,0,0,25,0,25,0,0,66,0,66,0,0,91,0,91,171,0,171,262
10/08/2018,PAE,WA,ANM,WE,Towers with Radar,2,1,7,0,10,0,0,0,0,0,2,1,7,0,10,0,0,0,10
10/09/2018,PAE,WA,ANM,WE,Towers with Radar,11,3,37,0,51,0,0,47,0,47,11,3,84,0,98,204,0,204,302
10/10/2018,PAE,WA,ANM,WE,Towers with Radar,23,3,55,4,85,1,0,147,0,148,24,3,202,4,233,343,0,343,576
10/11/2018,PAE,WA,ANM,WE,Towers with Radar,4,1,42,1,48,10,0,164,2,176,14,1,206,3,224,320,0,320,544
10/12/2018,PAE,WA,ANM,WE,Towers with Radar,18,5,43,0,66,0,0,197,0,197,18,5,240,0,263,291,0,291,554
10/13/2018,PAE,WA,ANM,WE,Towers with Radar,4,5,36,0,45,0,0,207,0,207,4,5,243,0,252,172,0,172,424
10/14/2018,PAE,WA,ANM,WE,Towers with Radar,3,2,31,0,36,0,2,235,0,237,3,4,266,0,273,211,0,211,484
10/15/2018,PAE,WA,ANM,WE,Towers with Radar,10,8,22,0,40,0,6,143,0,149,10,14,165,0,189,257,0,257,446
10/16/2018,PAE,WA,ANM,WE,Towers with Radar,4,2,26,0,32,0,0,182,0,182,4,2,208,0,214,281,0,281,495
10/17/2018,PAE,WA,ANM,WE,Towers with Radar,8,5,26,2,41,0,0,201,0,201,8,5,227,2,242,269,0,269,511
10/18/2018,PAE,WA,ANM,WE,Towers with Radar,17,3,38,0,58,0,0,201,0,201,17,3,239,0,259,192,0,192,451
10/19/2018,PAE,WA,ANM,WE,Towers with Radar,6,4,44,0,54,0,0,196,0,196,6,4,240,0,250,342,0,342,592
10/20/2018,PAE,WA,ANM,WE,Towers with Radar,2,4,20,0,26,0,0,55,0,55,2,4,75,0,81,107,0,107,188
10/21/2018,PAE,WA,ANM,WE,Towers with Radar,4,2,10,0,16,0,0,101,0,101,4,2,111,0,117,126,0,126,243
10/22/2018,PAE,WA,ANM,WE,Towers with Radar,4,8,34,1,47,2,0,86,0,88,6,8,120,1,135,164,0,164,299
10/23/2018,PAE,WA,ANM,WE,Towers with Radar,16,3,36,1,56,0,1,52,0,53,16,4,88,1,109,168,0,168,277
10/24/2018,PAE,WA,ANM,WE,Towers with Radar,16,9,44,2,71,0,0,107,0,107,16,9,151,2,178,190,8,198,376
10/25/2018,PAE,WA,ANM,WE,Towers with Radar,12,6,41,0,59,0,0,3,0,3,12,6,44,0,62,6,0,6,68
10/26/2018,PAE,WA,ANM,WE,Towers with Radar,17,0,29,0,46,0,0,37,0,37,17,0,66,0,83,37,0,37,120
10/27/2018,PAE,WA,ANM,WE,Towers with Radar,12,1,43,0,56,0,0,231,0,231,12,1,274,0,287,225,0,225,512
10/28/2018,PAE,WA,ANM,WE,Towers with Radar,5,2,26,0,33,0,0,26,0,26,5,2,52,0,59,51,0,51,110
10/29/2018,PAE,WA,ANM,WE,Towers with Radar,5,3,40,0,48,0,0,38,0,38,5,3,78,0,86,24,0,24,110
10/30/2018,PAE,WA,ANM,WE,Towers with Radar,6,1,66,4,77,0,0,68,0,68,6,1,134,4,145,231,0,231,376
10/31/2018,PAE,WA,ANM,WE,Towers with Radar,9,2,16,0,27,0,0,1,0,1,9,2,17,0,28,3,0,3,31
11/01/2018,PAE,WA,ANM,WE,Towers with Radar,6,5,22,0,33,0,0,4,0,4,6,5,26,0,37,0,0,0,37
11/02/2018,PAE,WA,ANM,WE,Towers with Radar,3,6,51,1,61,0,0,84,0,84,3,6,135,1,145,161,0,161,306
11/03/2018,PAE,WA,ANM,WE,Towers with Radar,5,0,41,0,46,0,0,4,0,4,5,0,45,0,50,0,0,0,50
11/04/2018,PAE,WA,ANM,WE,Towers with Radar,6,0,30,0,36,0,0,157,0,157,6,0,187,0,193,158,0,158,351
11/05/2018,PAE,WA,ANM,WE,Towers with Radar,4,3,26,2,35,0,0,47,0,47,4,3,73,2,82,58,0,58,140
11/06/2018,PAE,WA,ANM,WE,Towers with Radar,7,5,43,8,63,0,2,104,0,106,7,7,147,8,169,277,36,313,482
11/07/2018,PAE,WA,ANM,WE,Towers with Radar,14,1,48,0,63,0,0,136,0,136,14,1,184,0,199,210,0,210,409
11/08/2018,PAE,WA,ANM,WE,Towers with Radar,11,2,31,2,46,0,0,214,0,214,11,2,245,2,260,255,0,255,515
11/09/2018,PAE,WA,ANM,WE,Towers with Radar,13,1,27,0,41,0,0,40,0,40,13,1,67,0,81,178,0,178,259
11/10/2018,PAE,WA,ANM,WE,Towers with Radar,6,3,56,0,65,0,0,108,0,108,6,3,164,0,173,124,0,124,297
11/11/2018,PAE,WA,ANM,WE,Towers with Radar,1,0,31,0,32,0,0,233,0,233,1,0,264,0,265,341,0,341,606
11/12/2018,PAE,WA,ANM,WE,Towers with Radar,11,2,24,0,37,0,0,154,0,154,11,2,178,0,191,172,0,172,363
11/13/2018,PAE,WA,ANM,WE,Towers with Radar,14,4,24,2,44,0,0,110,1,111,14,4,134,3,155,137,10,147,302
11/14/2018,PAE,WA,ANM,WE,Towers with Radar,23,1,19,0,43,0,0,7,0,7,23,1,26,0,50,3,0,3,53
11/15/2018,PAE,WA,ANM,WE,Towers with Radar,15,1,47,1,64,4,0,51,0,55,19,1,98,1,119,151,4,155,274
11/16/2018,PAE,WA,ANM,WE,Towers with Radar,22,4,51,0,77,0,0,21,0,21,22,4,72,0,98,8,0,8,106
11/17/2018,PAE,WA,ANM,WE,Towers with Radar,3,0,14,0,17,0,0,267,0,267,3,0,281,0,284,139,0,139,423
11/18/2018,PAE,WA,ANM,WE,Towers with Radar,0,0,24,0,24,0,0,224,0,224,0,0,248,0,248,156,0,156,404
11/19/2018,PAE,WA,ANM,WE,Towers with Radar,11,10,25,1,47,2,0,151,1,154,13,10,176,2,201,145,0,145,346
11/20/2018,PAE,WA,ANM,WE,Towers with Radar,17,11,47,0,75,0,2,174,0,176,17,13,221,0,251,120,0,120,371
11/21/2018,PAE,WA,ANM,WE,Towers with Radar,7,8,30,0,45,0,3,69,0,72,7,11,99,0,117,178,0,178,295
11/22/2018,PAE,WA,ANM,WE,Towers with Radar,0,0,2,0,2,0,0,11,0,11,0,0,13,0,13,0,0,0,13
11/23/2018,PAE,WA,ANM,WE,Towers with Radar,5,0,10,0,15,0,0,8,0,8,5,0,18,0,23,0,0,0,23
11/24/2018,PAE,WA,ANM,WE,Towers with Radar,9,2,37,0,48,0,0,120,0,120,9,2,157,0,168,186,0,186,354
11/25/2018,PAE,WA,ANM,WE,Towers with Radar,8,2,42,0,52,0,0,172,0,172,8,2,214,0,224,237,0,237,461
11/26/2018,PAE,WA,ANM,WE,Towers with Radar,16,3,10,8,37,0,0,3,0,3,16,3,13,8,40,1,0,1,41
11/27/2018,PAE,WA,ANM,WE,Towers with Radar,12,2,37,7,58,0,2,34,0,36,12,4,71,7,94,80,0,80,174
11/28/2018,PAE,WA,ANM,WE,Towers with Radar,9,1,53,0,63,0,1,33,0,34,9,2,86,0,97,198,0,198,295
11/29/2018,PAE,WA,ANM,WE,Towers with Radar,8,6,51,2,67,0,0,16,0,16,8,6,67,2,83,0,0,0,83
11/30/2018,PAE,WA,ANM,WE,Towers with Radar,8,4,30,0,42,0,0,23,0,23,8,4,53,0,65,107,0,107,172
12/01/2018,PAE,WA,ANM,WE,Towers with Radar,12,1,31,0,44,0,2,125,0,127,12,3,156,0,171,240,0,240,411
12/02/2018,PAE,WA,ANM,WE,Towers with Radar,4,0,49,0,53,0,0,26,0,26,4,0,75,0,79,25,0,25,104
12/03/2018,PAE,WA,ANM,WE,Towers with Radar,10,3,34,0,47,0,0,148,0,148,10,3,182,0,195,155,0,155,350
12/04/2018,PAE,WA,ANM,WE,Towers with Radar,13,3,34,3,53,0,0,171,0,171,13,3,205,3,224,225,0,225,449
12/05/2018,PAE,WA,ANM,WE,Towers with Radar,6,2,32,0,40,1,0,194,0,195,7,2,226,0,235,365,0,365,600
12/06/2018,PAE,WA,ANM,WE,Towers with Radar,14,4,23,2,43,0,0,175,0,175,14,4,198,2,218,229,0,229,447
12/07/2018,PAE,WA,ANM,WE,Towers with Radar,10,3,40,5,58,0,0,143,2,145,10,3,183,7,203,185,0,185,388
12/08/2018,PAE,WA,ANM,WE,Towers with Radar,11,1,47,3,62,0,2,144,0,146,11,3,191,3,208,215,0,215,423
12/09/2018,PAE,WA,ANM,WE,Towers with Radar,4,0,21,1,26,0,0,25,0,25,4,0,46,1,51,66,14,80,131
12/10/2018,PAE,WA,ANM,WE,Towers with Radar,22,4,32,0,58,0,0,20,0,20,22,4,52,0,78,9,0,9,87
12/11/2018,PAE,WA,ANM,WE,Towers with Radar,34,1,15,0,50,0,0,2,0,2,34,1,17,0,52,0,0,0,52
12/12/2018,PAE,WA,ANM,WE,Towers with Radar,14,3,37,12,66,0,1,83,1,85,14,4,120,13,151,119,9,128,279
12/13/2018,PAE,WA,ANM,WE,Towers with Radar,11,4,17,4,36,0,0,7,0,7,11,4,24,4,43,40,0,40,83
12/14/2018,PAE,WA,ANM,WE,Towers with Radar,12,1,12,0,25,0,0,29,0,29,12,1,41,0,54,31,0,31,85
12/15/2018,PAE,WA,ANM,WE,Towers with Radar,7,0,75,1,83,0,0,233,0,233,7,0,308,1,316,261,0,261,577
12/16/2018,PAE,WA,ANM,WE,Towers with Radar,0,1,31,1,33,0,1,20,0,21,0,2,51,1,54,94,0,94,148
12/17/2018,PAE,WA,ANM,WE,Towers with Radar,15,1,14,2,32,6,0,44,0,50,21,1,58,2,82,106,0,106,188
12/18/2018,PAE,WA,ANM,WE,Towers with Radar,10,5,17,1,33,0,0,6,0,6,10,5,23,1,39,0,0,0,39
12/19/2018,PAE,WA,ANM,WE,Towers with Radar,4,7,26,1,38,0,2,85,0,87,4,9,111,1,125,223,0,223,348
12/20/2018,PAE,WA,ANM,WE,Towers with Radar,7,6,5,0,18,0,0,2,0,2,7,6,7,0,20,0,0,0,20
12/21/2018,PAE,WA,ANM,WE,Towers with Radar,10,10,60,5,85,0,0,162,1,163,10,10,222,6,248,270,0,270,518
12/22/2018,PAE,WA,ANM,WE,Towers with Radar,6,0,29,0,35,0,0,107,0,107,6,0,136,0,142,136,0,136,278
12/23/2018,PAE,WA,ANM,WE,Towers with Radar,6,1,23,0,30,0,0,5,0,5,6,1,28,0,35,18,0,18,53
12/24/2018,PAE,WA,ANM,WE,Towers with Radar,3,0,18,0,21,0,0,113,0,113,3,0,131,0,134,78,0,78,212
12/25/2018,PAE,WA,ANM,WE,Towers with Radar,0,0,4,0,4,0,0,29,0,29,0,0,33,0,33,29,0,29,62
12/26/2018,PAE,WA,ANM,WE,Towers with Radar,13,0,7,0,20,0,0,15,0,15,13,0,22,0,35,48,0,48,83
12/27/2018,PAE,WA,ANM,WE,Towers with Radar,6,0,33,0,39,0,0,21,0,21,6,0,54,0,60,85,0,85,145
12/28/2018,PAE,WA,ANM,WE,Towers with Radar,14,4,9,0,27,0,0,6,0,6,14,4,15,0,33,4,0,4,37
12/29/2018,PAE,WA,ANM,WE,Towers with Radar,4,0,5,0,9,0,0,1,0,1,4,0,6,0,10,0,0,0,10
12/30/2018,PAE,WA,ANM,WE,Towers with Radar,5,2,30,0,37,0,0,142,0,142,5,2,172,0,179,152,0,152,331
12/31/2018,PAE,WA,ANM,WE,Towers with Radar,3,0,48,0,51,0,2,190,0,192,3,2,238,0,243,142,0,142,385
01/01/2019,PAE,WA,ANM,WE,Towers with Radar,0,1,19,0,20,2,0,157,0,159,2,1,176,0,179,229,0,229,408
01/02/2019,PAE,WA,ANM,WE,Towers with Radar,10,0,23,0,33,0,0,73,0,73,10,0,96,0,106,104,0,104,210
01/03/2019,PAE,WA,ANM,WE,Towers with Radar,3,4,7,0,14,0,0,0,0,0,3,4,7,0,14,0,0,0,14
01/04/2019,PAE,WA,ANM,WE,Towers with Radar,3,5,23,0,31,0,0,26,0,26,3,5,49,0,57,56,0,56,113
01/05/2019,PAE,WA,ANM,WE,Towers with Radar,2,1,44,0,47,0,0,184,0,184,2,1,228,0,231,177,0,177,408
01/06/2019,PAE,WA,ANM,WE,Towers with Radar,1,1,18,0,20,0,0,25,0,25,1,1,43,0,45,26,0,26,71
01/07/2019,PAE,WA,ANM,WE,Towers with Radar,3,2,28,9,42,0,0,100,0,100,3,2,128,9,142,210,0,210,352
01/08/2019,PAE,WA,ANM,WE,Towers with Radar,5,4,12,0,21,0,2,42,0,44,5,6,54,0,65,119,0,119,184
01/09/2019,PAE,WA,ANM,WE,Towers with Radar,9,1,19,2,31,0,0,49,0,49,9,1,68,2,80,121,0,121,201
01/10/2019,PAE,WA,ANM,WE,Towers with Radar,3,7,37,2,49,0,0,49,0,49,3,7,86,2,98,44,0,44,142
01/11/2019,PAE,WA,ANM,WE,Towers with Radar,8,4,45,0,57,0,0,194,0,194,8,4,239,0,251,223,0,223,474
01/12/2019,PAE,WA,ANM,WE,Towers with Radar,2,6,40,0,48,0,0,286,0,286,2,6,326,0,334,230,0,230,564
01/13/2019,PAE,WA,ANM,WE,Towers with Radar,2,0,24,0,26,0,0,267,0,267,2,0,291,0,293,297,0,297,590
01/14/2019,PAE,WA,ANM,WE,Towers with Radar,4,9,21,0,34,0,0,126,0,126,4,9,147,0,160,229,0,229,389
01/15/2019,PAE,WA,ANM,WE,Towers with Radar,7,3,27,2,39,0,8,154,0,162,7,11,181,2,201,173,14,187,388
01/16/2019,PAE,WA,ANM,WE,Towers with Radar,4,4,42,1,51,1,3,126,0,130,5,7,168,1,181,211,0,211,392
01/17/2019,PAE,WA,ANM,WE,Towers with Radar,24,1,35,0,60,0,0,46,0,46,24,1,81,0,106,78,0,78,184
01/18/2019,PAE,WA,ANM,WE,Towers with Radar,6,3,25,0,34,0,0,57,0,57,6,3,82,0,91,50,0,50,141
01/19/2019,PAE,WA,ANM,WE,Towers with Radar,10,0,35,0,45,0,1,93,0,94,10,1,128,0,139,115,0,115,254
01/20/2019,PAE,WA,ANM,WE,Towers with Radar,8,0,13,0,21,0,0,47,0,47,8,0,60,0,68,19,0,19,87
01/21/2019,PAE,WA,ANM,WE,Towers with Radar,6,12,42,0,60,0,2,105,0,107,6,14,147,0,167,215,0,215,382
01/22/2019,PAE,WA,ANM,WE,Towers with Radar,11,2,20,0,33,0,0,9,0,9,11,2,29,0,42,11,0,11,53
01/23/2019,PAE,WA,ANM,WE,Towers with Radar,14,7,62,0,83,0,0,9,0,9,14,7,71,0,92,0,0,0,92
01/24/2019,PAE,WA,ANM,WE,Towers with Radar,11,3,53,7,74,0,1,20,0,21,11,4,73,7,95,35,0,35,130
01/25/2019,PAE,WA,ANM,WE,Towers with Radar,8,10,35,2,55,0,2,149,0,151,8,12,184,2,206,263,0,263,469
01/26/2019,PAE,WA,ANM,WE,Towers with Radar,11,2,25,1,39,0,0,250,0,250,11,2,275,1,289,284,0,284,573
01/27/2019,PAE,WA,ANM,WE,Towers with Radar,2,0,15,1,18,0,0,7,0,7,2,0,22,1,25,0,0,0,25
01/28/2019,PAE,WA,ANM,WE,Towers with Radar,13,3,32,5,53,0,0,171,0,171,13,3,203,5,224,253,0,253,477
01/29/2019,PAE,WA,ANM,WE,Towers with Radar,10,4,27,7,48,0,0,188,0,188,10,4,215,7,236,300,26,326,562
01/30/2019,PAE,WA,ANM,WE,Towers with Radar,3,1,43,0,47,0,2,142,0,144,3,3,185,0,191,258,0,258,449
01/31/2019,PAE,WA,ANM,WE,Towers with Radar,15,4,36,1,56,0,0,128,0,128,15,4,164,1,184,173,0,173,357
02/01/2019,PAE,WA,ANM,WE,Towers with Radar,2,3,23,0,28,0,0,4,0,4,2,3,27,0,32,0,0,0,32
02/02/2019,PAE,WA,ANM,WE,Towers with Radar,2,0,67,0,69,0,0,28,0,28,2,0,95,0,97,49,0,49,146
02/03/2019,PAE,WA,ANM,WE,Towers with Radar,14,0,4,0,18,0,0,3,0,3,14,0,7,0,21,30,0,30,51
02/04/2019,PAE,WA,ANM,WE,Towers with Radar,0,0,1,0,1,0,0,4,0,4,0,0,5,0,5,0,0,0,5
02/05/2019,PAE,WA,ANM,WE,Towers with Radar,4,4,13,0,21,0,0,29,0,29,4,4,42,0,50,30,0,30,80
02/06/2019,PAE,WA,ANM,WE,Towers with Radar,9,0,26,0,35,0,0,76,0,76,9,0,102,0,111,66,0,66,177
02/07/2019,PAE,WA,ANM,WE,Towers with Radar,4,3,34,9,50,0,0,91,0,91,4,3,125,9,141,50,0,50,191
02/08/2019,PAE,WA,ANM,WE,Towers with Radar,12,3,3,0,18,0,0,10,0,10,12,3,13,0,28,7,0,7,35
02/09/2019,PAE,WA,ANM,WE,Towers with Radar,0,0,2,0,2,0,0,9,0,9,0,0,11,0,11,6,0,6,17
02/10/2019,PAE,WA,ANM,WE,Towers with Radar,2,0,6,0,8,0,0,17,0,17,2,0,23,0,25,17,0,17,42
02/11/2019,PAE,WA,ANM,WE,Towers with Radar,1,0,2,0,3,0,0,0,0,0,1,0,2,0,3,0,0,0,3
02/12/2019,PAE,WA,ANM,WE,Towers with Radar,9,1,1,0,11,0,0,0,0,0,9,1,1,0,11,0,0,0,11
02/13/2019,PAE,WA,ANM,WE,Towers with Radar,16,3,10,4,33,0,0,10,0,10,16,3,20,4,43,21,0,21,64
02/14/2019,PAE,WA,ANM,WE,Towers with Radar,8,0,8,2,18,16,0,29,0,45,24,0,37,2,63,61,0,61,124
02/15/2019,PAE,WA,ANM,WE,Towers with Radar,16,3,27,0,46,0,0,47,0,47,16,3,74,0,93,78,0,78,171
02/16/2019,PAE,WA,ANM,WE,Towers with Radar,2,0,49,0,51,0,1,10,0,11,2,1,59,0,62,22,0,22,84
02/17/2019,PAE,WA,ANM,WE,Towers with Radar,10,0,25,2,37,0,1,73,0,74,10,1,98,2,111,190,0,190,301
02/18/2019,PAE,WA,ANM,WE,Towers with Radar,7,8,34,0,49,0,0,67,0,67,7,8,101,0,116,194,0,194,310
02/19/2019,PAE,WA,ANM,WE,Towers with Radar,11,0,17,1,29,0,0,9,1,10,11,0,26,2,39,2,0,2,41
02/20/2019,PAE,WA,ANM,WE,Towers with Radar,10,3,26,0,39,0,0,53,0,53,10,3,79,0,92,85,0,85,177
02/21/2019,PAE,WA,ANM,WE,Towers with Radar,8,2,43,0,53,0,1,266,0,267,8,3,309,0,320,175,0,175,495
02/22/2019,PAE,WA,ANM,WE,Towers with Radar,6,7,7,0,20,0,0,6,0,6,6,7,13,0,26,9,0,9,35
02/23/2019,PAE,WA,ANM,WE,Towers with Radar,13,0,16,0,29,0,0,44,0,44,13,0,60,0,73,168,0,168,241
02/24/2019,PAE,WA,ANM,WE,Towers with Radar,3,2,22,0,27,0,0,102,0,102,3,2,124,0,129,99,0,99,228
02/25/2019,PAE,WA,ANM,WE,Towers with Radar,3,7,33,0,43,0,0,95,0,95,3,7,128,0,138,190,0,190,328
02/26/2019,PAE,WA,ANM,WE,Towers with Radar,4,4,31,0,39,0,0,152,0,152,4,4,183,0,191,214,0,214,405
02/27/2019,PAE,WA,ANM,WE,Towers with Radar,17,9,40,20,86,1,0,90,0,91,18,9,130,20,177,241,2,243,420
02/28/2019,PAE,WA,ANM,WE,Towers with Radar,13,3,55,0,71,14,1,136,0,151,27,4,191,0,222,259,0,259,481
03/01/2019,PAE,WA,ANM,WE,Towers with Radar,8,6,23,2,39,2,0,179,0,181,10,6,202,2,220,184,0,184,404
03/02/2019,PAE,WA,ANM,WE,Towers with Radar,3,0,31,0,34,0,1,245,0,246,3,1,276,0,280,263,0,263,543
03/03/2019,PAE,WA,ANM,WE,Towers with Radar,7,0,31,0,38,0,0,223,0,223,7,0,254,0,261,166,0,166,427
03/04/2019,PAE,WA,ANM,WE,Towers with Radar,17,2,26,0,45,0,0,139,0,139,17,2,165,0,184,121,0,121,305
03/05/2019,PAE,WA,ANM,WE,Towers with Radar,25,1,34,6,66,2,0,163,0,165,27,1,197,6,231,191,0,191,422
03/06/2019,PAE,WA,ANM,WE,Towers with Radar,30,0,18,3,51,0,0,23,0,23,30,0,41,3,74,91,0,91,165
03/07/2019,PAE,WA,ANM,WE,Towers with Radar,38,1,15,0,54,0,0,13,0,13,38,1,28,0,67,30,0,30,97
03/08/2019,PAE,WA,ANM,WE,Towers with Radar,35,7,18,0,60,0,0,55,0,55,35,7,73,0,115,88,0,88,203
03/09/2019,PAE,WA,ANM,WE,Towers with Radar,21,1,36,1,59,0,0,254,0,254,21,1,290,1,313,276,0,276,589
03/10/2019,PAE,WA,ANM,WE,Towers with Radar,34,0,20,1,55,0,0,192,0,192,34,0,212,1,247,231,0,231,478
03/11/2019,PAE,WA,ANM,WE,Towers with Radar,51,4,31,3,89,0,0,62,0,62,51,4,93,3,151,76,0,76,227
03/12/2019,PAE,WA,ANM,WE,Towers with Radar,43,6,7,0,56,0,2,11,0,13,43,8,18,0,69,11,0,11,80
03/13/2019,PAE,WA,ANM,WE,Towers with Radar,49,10,32,0,91,0,0,86,0,86,49,10,118,0,177,126,0,126,303
03/14/2019,PAE,WA,ANM,WE,Towers with Radar,47,7,43,7,104,0,0,140,0,140,47,7,183,7,244,271,8,279,523
03/15/2019,PAE,WA,ANM,WE,Towers with Radar,37,2,30,0,69,0,0,154,0,154,37,2,184,0,223,302,0,302,525
03/16/2019,PAE,WA,ANM,WE,Towers with Radar,35,1,22,0,58,0,0,182,0,182,35,1,204,0,240,260,0,260,500
03/17/2019,PAE,WA,ANM,WE,Towers with Radar,35,0,20,0,55,0,0,196,0,196,35,0,216,0,251,155,0,155,406
03/18/2019,PAE,WA,ANM,WE,Towers with Radar,33,4,10,0,47,0,0,143,0,143,33,4,153,0,190,155,0,155,345
03/19/2019,PAE,WA,ANM,WE,Towers with Radar,40,1,31,0,72,0,1,157,0,158,40,2,188,0,230,217,0,217,447
03/20/2019,PAE,WA,ANM,WE,Towers with Radar,39,2,40,10,91,0,0,202,0,202,39,2,242,10,293,227,72,299,592
03/21/2019,PAE,WA,ANM,WE,Towers with Radar,52,2,34,1,89,0,0,156,0,156,52,2,190,1,245,196,0,196,441
03/22/2019,PAE,WA,ANM,WE,Towers with Radar,43,3,42,0,88,0,1,116,0,117,43,4,158,0,205,244,0,244,449
03/23/2019,PAE,WA,ANM,WE,Towers with Radar,42,3,27,0,72,0,1,177,0,178,42,4,204,0,250,344,0,344,594
03/24/2019,PAE,WA,ANM,WE,Towers with Radar,40,1,63,0,104,0,0,149,0,149,40,1,212,0,253,161,0,161,414
03/25/2019,PAE,WA,ANM,WE,Towers with Radar,44,6,35,2,87,0,0,70,0,70,44,6,105,2,157,74,0,74,231
03/26/2019,PAE,WA,ANM,WE,Towers with Radar,38,4,37,1,80,2,0,111,0,113,40,4,148,1,193,126,0,126,319
03/27/2019,PAE,WA,ANM,WE,Towers with Radar,40,3,35,0,78,0,1,159,0,160,40,4,194,0,238,239,0,239,477
03/28/2019,PAE,WA,ANM,WE,Towers with Radar,45,5,33,0,83,16,3,145,0,164,61,8,178,0,247,245,0,245,492
03/29/2019,PAE,WA,ANM,WE,Towers with Radar,40,2,49,9,100,0,0,177,1,178,40,2,226,10,278,221,20,241,519
03/30/2019,PAE,WA,ANM,WE,Towers with Radar,38,0,36,0,74,0,0,265,0,265,38,0,301,0,339,234,0,234,573
03/31/2019,PAE,WA,ANM,WE,Towers with Radar,42,0,40,0,82,0,0,199,0,199,42,0,239,0,281,151,0,151,432
04/01/2019,PAE,WA,ANM,WE,Towers with Radar,49,4,27,0,80,0,0,138,0,138,49,4,165,0,218,185,0,185,403
04/02/2019,PAE,WA,ANM,WE,Towers with Radar,47,5,28,2,82,2,2,105,0,109,49,7,133,2,191,129,0,129,320
04/03/2019,PAE,WA,ANM,WE,Towers with Radar,55,6,15,0,76,0,2,16,0,18,55,8,31,0,94,9,0,9,103
04/04/2019,PAE,WA,ANM,WE,Towers with Radar,44,5,32,0,81,0,0,179,0,179,44,5,211,0,260,209,11,220,480
04/05/2019,PAE,WA,ANM,WE,Towers with Radar,41,12,29,0,82,0,0,37,0,37,41,12,66,0,119,65,0,65,184
04/06/2019,PAE,WA,ANM,WE,Towers with Radar,41,0,10,0,51,0,2,15,0,17,41,2,25,0,68,19,0,19,87
04/07/2019,PAE,WA,ANM,WE,Towers with Radar,40,4,50,0,94,0,0,72,0,72,40,4,122,0,166,115,0,115,281
04/08/2019,PAE,WA,ANM,WE,Towers with Radar,45,2,34,1,82,0,0,31,0,31,45,2,65,1,113,73,0,73,186
04/09/2019,PAE,WA,ANM,WE,Towers with Radar,43,4,23,0,70,0,0,63,0,63,43,4,86,0,133,140,0,140,273
04/10/2019,PAE,WA,ANM,WE,Towers with Radar,46,3,27,2,78,0,0,11,0,11,46,3,38,2,89,13,0,13,102
04/11/2019,PAE,WA,ANM,WE,Towers with Radar,44,4,40,0,88,0,2,12,0,14,44,6,52,0,102,16,0,16,118
04/12/2019,PAE,WA,ANM,WE,Towers with Radar,45,4,41,2,92,2,0,158,0,160,47,4,199,2,252,132,0,132,384
04/13/2019,PAE,WA,ANM,WE,Towers with Radar,38,0,37,0,75,0,0,8,0,8,38,0,45,0,83,0,0,0,83
04/14/2019,PAE,WA,ANM,WE,Towers with Radar,40,1,38,0,79,0,0,51,0,51,40,1,89,0,130,139,0,139,269
04/15/2019,PAE,WA,ANM,WE,Towers with Radar,45,7,30,0,82,0,0,156,0,156,45,7,186,0,238,135,0,135,373
04/16/2019,PAE,WA,ANM,WE,Towers with Radar,49,5,44,0,98,0,0,49,0,49,49,5,93,0,147,73,0,73,220
04/17/2019,PAE,WA,ANM,WE,Towers with Radar,48,3,44,0,95,0,0,90,0,90,48,3,134,0,185,96,0,96,281
04/18/2019,PAE,WA,ANM,WE,Towers with Radar,43,3,69,2,117,0,2,85,0,87,43,5,154,2,204,127,0,127,331
04/19/2019,PAE,WA,ANM,WE,Towers with Radar,48,3,55,2,108,0,0,18,0,18,48,3,73,2,126,57,0,57,183
04/20/2019,PAE,WA,ANM,WE,Towers with Radar,44,0,53,0,97,0,0,244,0,244,44,0,297,0,341,165,0,165,506
04/21/2019,PAE,WA,ANM,WE,Towers with Radar,43,0,59,0,102,0,0,148,0,148,43,0,207,0,250,166,0,166,416
04/22/2019,PAE,WA,ANM,WE,Towers with Radar,41,3,50,0,94,0,4,64,0,68,41,7,114,0,162,74,0,74,236
04/23/2019,PAE,WA,ANM,WE,Towers with Radar,47,1,58,0,106,0,0,42,0,42,47,1,100,0,148,145,0,145,293
04/24/2019,PAE,WA,ANM,WE,Towers with Radar,44,2,38,2,86,0,0,255,0,255,44,2,293,2,341,282,0,282,623
04/25/2019,PAE,WA,ANM,WE,Towers with Radar,58,3,34,0,95,0,0,185,0,185,58,3,219,0,280,178,0,178,458
04/26/2019,PAE,WA,ANM,WE,Towers with Radar,43,4,36,2,85,0,0,162,0,162,43,4,198,2,247,223,0,223,470
04/27/2019,PAE,WA,ANM,WE,Towers with Radar,41,1,24,0,66,0,0,153,0,153,41,1,177,0,219,175,0,175,394
04/28/2019,PAE,WA,ANM,WE,Towers with Radar,45,0,45,0,90,0,0,246,0,246,45,0,291,0,336,214,0,214,550
04/29/2019,PAE,WA,ANM,WE,Towers with Radar,42,1,28,0,71,0,1,158,0,159,42,2,186,0,230,156,0,156,386
04/30/2019,PAE,WA,ANM,WE,Towers with Radar,49,4,37,0,90,0,0,210,0,210,49,4,247,0,300,192,0,192,492
05/01/2019,PAE,WA,ANM,WE,Towers with Radar,42,4,39,0,85,0,1,160,0,161,42,5,199,0,246,248,0,248,494
05/02/2019,PAE,WA,ANM,WE,Towers with Radar,51,6,64,0,121,2,1,126,0,129,53,7,190,0,250,179,0,179,429
05/03/2019,PAE,WA,ANM,WE,Towers with Radar,44,4,52,3,103,0,2,157,0,159,44,6,209,3,262,238,0,238,500
05/04/2019,PAE,WA,ANM,WE,Towers with Radar,45,0,28,0,73,0,0,228,0,228,45,0,256,0,301,123,0,123,424
05/05/2019,PAE,WA,ANM,WE,Towers with Radar,43,5,21,0,69,0,0,241,0,241,43,5,262,0,310,188,0,188,498
05/06/2019,PAE,WA,ANM,WE,Towers with Radar,47,8,31,0,86,0,1,155,0,156,47,9,186,0,242,139,1,140,382
05/07/2019,PAE,WA,ANM,WE,Towers with Radar,43,7,21,0,71,2,0,185,0,187,45,7,206,0,258,215,0,215,473
05/08/2019,PAE,WA,ANM,WE,Towers with Radar,42,1,29,0,72,0,0,192,0,192,42,1,221,0,264,191,0,191,455
05/09/2019,PAE,WA,ANM,WE,Towers with Radar,43,5,27,0,75,0,0,191,1,192,43,5,218,1,267,256,0,256,523
05/10/2019,PAE,WA,ANM,WE,Towers with Radar,43,2,31,0,76,2,0,217,0,219,45,2,248,0,295,197,0,197,492
05/11/2019,PAE,WA,ANM,WE,Towers with Radar,47,2,28,0,77,0,0,315,0,315,47,2,343,0,392,177,1,178,570
05/12/2019,PAE,WA,ANM,WE,Towers with Radar,44,2,45,0,91,0,0,96,0,96,44,2,141,0,187,155,0,155,342
05/13/2019,PAE,WA,ANM,WE,Towers with Radar,46,4,44,0,94,0,0,100,0,100,46,4,144,0,194,107,0,107,301
05/14/2019,PAE,WA,ANM,WE,Towers with Radar,41,3,28,0,72,0,0,33,0,33,41,3,61,0,105,73,0,73,178
05/15/2019,PAE,WA,ANM,WE,Towers with Radar,46,5,32,0,83,0,2,166,0,168,46,7,198,0,251,349,13,362,613
05/16/2019,PAE,WA,ANM,WE,Towers with Radar,46,3,45,2,96,0,0,60,0,60,46,3,105,2,156,182,0,182,338
05/17/2019,PAE,WA,ANM,WE,Towers with Radar,47,3,30,0,80,1,0,44,0,45,48,3,74,0,125,117,0,117,242
05/18/2019,PAE,WA,ANM,WE,Towers with Radar,40,2,21,0,63,0,0,251,0,251,40,2,272,0,314,258,0,258,572
05/19/2019,PAE,WA,ANM,WE,Towers with Radar,48,1,20,0,69,0,0,149,0,149,48,1,169,0,218,224,0,224,442
05/20/2019,PAE,WA,ANM,WE,Towers with Radar,44,1,57,0,102,0,2,20,0,22,44,3,77,0,124,45,0,45,169
05/21/2019,PAE,WA,ANM,WE,Towers with Radar,45,1,38,0,84,0,0,57,0,57,45,1,95,0,141,184,0,184,325
05/22/2019,PAE,WA,ANM,WE,Towers with Radar,44,5,32,2,83,0,0,185,0,185,44,5,217,2,268,247,0,247,515
05/23/2019,PAE,WA,ANM,WE,Towers with Radar,47,2,32,0,81,5,2,252,0,259,52,4,284,0,340,304,0,304,644
05/24/2019,PAE,WA,ANM,WE,Towers with Radar,51,8,53,0,112,0,0,25,0,25,51,8,78,0,137,22,0,22,159
05/25/2019,PAE,WA,ANM,WE,Towers with Radar,42,1,51,0,94,0,0,26,0,26,42,1,77,0,120,39,0,39,159
05/26/2019,PAE,WA,ANM,WE,Towers with Radar,42,0,22,0,64,0,0,104,0,104,42,0,126,0,168,180,0,180,348
05/27/2019,PAE,WA,ANM,WE,Towers with Radar,38,0,37,0,75,0,0,295,0,295,38,0,332,0,370,201,8,209,579
05/28/2019,PAE,WA,ANM,WE,Towers with Radar,44,3,40,0,87,0,0,81,0,81,44,3,121,0,168,200,0,200,368
05/29/2019,PAE,WA,ANM,WE,Towers with Radar,51,7,65,13,136,0,1,119,0,120,51,8,184,13,256,215,0,215,471
05/30/2019,PAE,WA,ANM,WE,Towers with Radar,52,3,32,8,95,0,0,154,0,154,52,3,186,8,249,233,0,233,482
05/31/2019,PAE,WA,ANM,WE,Towers with Radar,48,4,35,0,87,0,0,151,0,151,48,4,186,0,238,175,0,175,413
06/01/2019,PAE,WA,ANM,WE,Towers with Radar,42,1,30,0,73,0,0,240,0,240,42,1,270,0,313,239,0,239,552
06/02/2019,PAE,WA,ANM,WE,Towers with Radar,47,0,35,0,82,0,0,195,0,195,47,0,230,0,277,203,0,203,480
06/03/2019,PAE,WA,ANM,WE,Towers with Radar,52,6,56,2,116,0,0,133,0,133,52,6,189,2,249,215,0,215,464
06/04/2019,PAE,WA,ANM,WE,Towers with Radar,41,3,35,0,79,0,0,170,0,170,41,3,205,0,249,361,0,361,610
06/05/2019,PAE,WA,ANM,WE,Towers with Radar,47,4,52,5,108,0,0,133,4,137,47,4,185,9,245,107,0,107,352
06/06/2019,PAE,WA,ANM,WE,Towers with Radar,43,2,26,0,71,0,0,111,0,111,43,2,137,0,182,216,0,216,398
06/07/2019,PAE,WA,ANM,WE,Towers with Radar,49,4,43,0,96,0,0,35,0,35,49,4,78,0,131,21,0,21,152
06/08/2019,PAE,WA,ANM,WE,Towers with Radar,47,4,39,0,90,0,0,203,0,203,47,4,242,0,293,347,0,347,640
06/09/2019,PAE,WA,ANM,WE,Towers with Radar,41,0,24,0,65,0,0,255,0,255,41,0,279,0,320,232,0,232,552
06/10/2019,PAE,WA,ANM,WE,Towers with Radar,50,3,35,0,88,0,0,176,0,176,50,3,211,0,264,193,0,193,457
06/11/2019,PAE,WA,ANM,WE,Towers with Radar,47,6,31,1,85,2,0,164,0,166,49,6,195,1,251,257,0,257,508
06/12/2019,PAE,WA,ANM,WE,Towers with Radar,42,1,16,4,63,0,0,162,1,163,42,1,178,5,226,314,14,328,554
06/13/2019,PAE,WA,ANM,WE,Towers with Radar,44,4,18,0,66,0,0,186,0,186,44,4,204,0,252,220,0,220,472
06/14/2019,PAE,WA,ANM,WE,Towers with Radar,44,3,62,4,113,2,0,145,0,147,46,3,207,4,260,172,0,172,432
06/15/2019,PAE,WA,ANM,WE,Towers with Radar,43,2,47,0,92,0,0,158,0,158,43,2,205,0,250,116,0,116,366
06/16/2019,PAE,WA,ANM,WE,Towers with Radar,41,0,28,0,69,0,0,212,0,212,41,0,240,0,281,221,0,221,502
06/17/2019,PAE,WA,ANM,WE,Towers with Radar,40,2,23,4,69,0,0,143,0,143,40,2,166,4,212,303,14,317,529
06/18/2019,PAE,WA,ANM,WE,Towers with Radar,46,4,38,4,92,0,4,50,0,54,46,8,88,4,146,117,0,117,263
06/19/2019,PAE,WA,ANM,WE,Towers with Radar,54,2,42,4,102,0,0,142,2,144,54,2,184,6,246,206,8,214,460
06/20/2019,PAE,WA,ANM,WE,Towers with Radar,52,4,44,0,100,0,0,127,0,127,52,4,171,0,227,319,0,319,546
06/21/2019,PAE,WA,ANM,WE,Towers with Radar,57,5,55,2,119,2,0,206,0,208,59,5,261,2,327,242,0,242,569
06/22/2019,PAE,WA,ANM,WE,Towers with Radar,42,4,46,4,96,0,0,107,0,107,42,4,153,4,203,134,45,179,382
06/23/2019,PAE,WA,ANM,WE,Towers with Radar,42,6,71,0,119,0,0,56,0,56,42,6,127,0,175,33,0,33,208
06/24/2019,PAE,WA,ANM,WE,Towers with Radar,49,10,54,0,113,0,1,126,1,128,49,11,180,1,241,228,4,232,473
06/25/2019,PAE,WA,ANM,WE,Towers with Radar,56,5,36,0,97,2,0,227,0,229,58,5,263,0,326,293,2,295,621
06/26/2019,PAE,WA,ANM,WE,Towers with Radar,46,4,20,0,70,0,1,148,0,149,46,5,168,0,219,262,0,262,481
06/27/2019,PAE,WA,ANM,WE,Towers with Radar,41,15,66,0,122,0,0,87,0,87,41,15,153,0,209,140,0,140,349
06/28/2019,PAE,WA,ANM,WE,Towers with Radar,44,3,55,2,104,0,0,179,1,180,44,3,234,3,284,192,0,192,476
06/29/2019,PAE,WA,ANM,WE,Towers with Radar,40,0,20,0,60,0,0,247,0,247,40,0,267,0,307,237,0,237,544
06/30/2019,PAE,WA,ANM,WE,Towers with Radar,41,1,25,0,67,0,0,254,1,255,41,1,279,1,322,170,0,170,492
07/01/2019,PAE,WA,ANM,WE,Towers with Radar,51,7,32,0,90,3,2,161,0,166,54,9,193,0,256,130,3,133,389
07/02/2019,PAE,WA,ANM,WE,Towers with Radar,46,4,60,0,110,0,0,20,0,20,46,4,80,0,130,4,0,4,134
07/03/2019,PAE,WA,ANM,WE,Towers with Radar,41,4,55,0,100,0,0,92,0,92,41,4,147,0,192,96,0,96,288
07/04/2019,PAE,WA,ANM,WE,Towers with Radar,38,2,42,0,82,0,4,94,0,98,38,6,136,0,180,109,0,109,289
07/05/2019,PAE,WA,ANM,WE,Towers with Radar,61,0,59,0,120,0,1,106,0,107,61,1,165,0,227,188,0,188,415
07/06/2019,PAE,WA,ANM,WE,Towers with Radar,43,0,30,0,73,0,0,197,1,198,43,0,227,1,271,150,0,150,421
07/07/2019,PAE,WA,ANM,WE,Towers with Radar,41,1,71,0,113,0,0,120,0,120,41,1,191,0,233,188,1,189,422
07/08/2019,PAE,WA,ANM,WE,Towers with Radar,42,3,34,4,83,0,0,148,0,148,42,3,182,4,231,202,0,202,433
07/09/2019,PAE,WA,ANM,WE,Towers with Radar,40,0,52,2,94,0,0,164,0,164,40,0,216,2,258,267,0,267,525
07/10/2019,PAE,WA,ANM,WE,Towers with Radar,47,2,46,6,101,0,0,36,0,36,47,2,82,6,137,27,0,27,164
07/11/2019,PAE,WA,ANM,WE,Towers with Radar,47,3,46,0,96,4,0,162,2,168,51,3,208,2,264,242,0,242,506
07/12/2019,PAE,WA,ANM,WE,Towers with Radar,43,6,27,2,78,0,0,239,0,239,43,6,266,2,317,273,0,273,590
07/13/2019,PAE,WA,ANM,WE,Towers with Radar,41,0,36,0,77,1,0,289,0,290,42,0,325,0,367,262,0,262,629
07/14/2019,PAE,WA,ANM,WE,Towers with Radar,42,0,27,0,69,0,1,215,0,216,42,1,242,0,285,168,0,168,453
07/15/2019,PAE,WA,ANM,WE,Towers with Radar,47,7,37,0,91,0,0,136,0,136,47,7,173,0,227,193,0,193,420
07/16/2019,PAE,WA,ANM,WE,Towers with Radar,47,2,35,0,84,0,1,180,0,181,47,3,215,0,265,252,0,252,517
07/17/2019,PAE,WA,ANM,WE,Towers with Radar,42,4,27,0,73,0,1,24,0,25,42,5,51,0,98,15,0,15,113
07/18/2019,PAE,WA,ANM,WE,Towers with Radar,48,5,39,2,94,1,0,130,0,131,49,5,169,2,225,211,0,211,436
07/19/2019,PAE,WA,ANM,WE,Towers with Radar,46,1,37,0,84,0,0,199,2,201,46,1,236,2,285,194,0,194,479
07/20/2019,PAE,WA,ANM,WE,Towers with Radar,44,6,17,0,67,0,0,268,0,268,44,6,285,0,335,277,0,277,612
07/21/2019,PAE,WA,ANM,WE,Towers with Radar,44,0,23,0,67,0,2,252,0,254,44,2,275,0,321,149,0,149,470
07/22/2019,PAE,WA,ANM,WE,Towers with Radar,54,4,30,0,88,0,0,198,0,198,54,4,228,0,286,224,0,224,510
07/23/2019,PAE,WA,ANM,WE,Towers with Radar,46,5,49,0,100,0,0,75,0,75,46,5,124,0,175,287,0,287,462
07/24/2019,PAE,WA,ANM,WE,Towers with Radar,42,1,39,0,82,0,0,205,0,205,42,1,244,0,287,309,0,309,596
07/25/2019,PAE,WA,ANM,WE,Towers with Radar,42,4,28,0,74,0,0,191,0,191,42,4,219,0,265,248,0,248,513
07/26/2019,PAE,WA,ANM,WE,Towers with Radar,46,7,22,0,75,0,0,241,0,241,46,7,263,0,316,131,0,131,447
07/27/2019,PAE,WA,ANM,WE,Towers with Radar,40,1,28,0,69,0,0,107,0,107,40,1,135,0,176,219,0,219,395
07/28/2019,PAE,WA,ANM,WE,Towers with Radar,46,2,33,0,81,0,0,454,0,454,46,2,487,0,535,57,0,57,592
07/29/2019,PAE,WA,ANM,WE,Towers with Radar,43,3,30,3,79,0,0,195,0,195,43,3,225,3,274,141,11,152,426
07/30/2019,PAE,WA,ANM,WE,Towers with Radar,44,8,62,0,114,0,0,175,0,175,44,8,237,0,289,296,0,296,585
07/31/2019,PAE,WA,ANM,WE,Towers with Radar,40,5,45,5,95,0,0,204,0,204,40,5,249,5,299,249,0,249,548
08/01/2019,PAE,WA,ANM,WE,Towers with Radar,45,4,37,0,86,0,0,166,0,166,45,4,203,0,252,150,0,150,402
08/02/2019,PAE,WA,ANM,WE,Towers with Radar,51,8,51,0,110,0,0,113,0,113,51,8,164,0,223,186,0,186,409
08/03/2019,PAE,WA,ANM,WE,Towers with Radar,49,1,33,0,83,0,0,278,0,278,49,1,311,0,361,297,0,297,658
08/04/2019,PAE,WA,ANM,WE,Towers with Radar,42,3,28,0,73,1,0,225,0,226,43,3,253,0,299,230,0,230,529
08/05/2019,PAE,WA,ANM,WE,Towers with Radar,46,3,28,11,88,0,2,196,0,198,46,5,224,11,286,321,6,327,613
08/06/2019,PAE,WA,ANM,WE,Towers with Radar,48,1,33,0,82,0,0,179,0,179,48,1,212,0,261,230,0,230,491
08/07/2019,PAE,WA,ANM,WE,Towers with Radar,48,3,60,1,112,0,2,144,0,146,48,5,204,1,258,253,0,253,511
08/08/2019,PAE,WA,ANM,WE,Towers with Radar,47,5,58,0,110,0,2,94,0,96,47,7,152,0,206,254,0,254,460
08/09/2019,PAE,WA,ANM,WE,Towers with Radar,47,7,50,0,104,0,0,132,0,132,47,7,182,0,236,326,0,326,562
08/10/2019,PAE,WA,ANM,WE,Towers with Radar,42,5,34,0,81,0,1,78,0,79,42,6,112,0,160,66,0,66,226
08/11/2019,PAE,WA,ANM,WE,Towers with Radar,38,6,73,0,117,0,1,159,0,160,38,7,232,0,277,144,0,144,421
08/12/2019,PAE,WA,ANM,WE,Towers with Radar,43,4,39,0,86,0,1,174,0,175,43,5,213,0,261,191,0,191,452
08/13/2019,PAE,WA,ANM,WE,Towers with Radar,46,3,46,2,97,0,0,189,0,189,46,3,235,2,286,323,0,323,609
08/14/2019,PAE,WA,ANM,WE,Towers with Radar,46,4,38,0,88,0,0,205,0,205,46,4,243,0,293,268,0,268,561
08/15/2019,PAE,WA,ANM,WE,Towers with Radar,50,1,37,0,88,0,1,243,0,244,50,2,280,0,332,311,0,311,643
08/16/2019,PAE,WA,ANM,WE,Towers with Radar,55,3,51,0,109,0,0,160,0,160,55,3,211,0,269,169,0,169,438
08/17/2019,PAE,WA,ANM,WE,Towers with Radar,41,6,30,0,77,0,0,169,0,169,41,6,199,0,246,243,0,243,489
08/18/2019,PAE,WA,ANM,WE,Towers with Radar,47,0,40,0,87,5,0,179,0,184,52,0,219,0,271,85,0,85,356
08/19/2019,PAE,WA,ANM,WE,Towers with Radar,40,7,32,0,79,0,0,166,0,166,40,7,198,0,245,386,0,386,631
08/20/2019,PAE,WA,ANM,WE,Towers with Radar,45,3,52,4,104,0,2,223,2,227,45,5,275,6,331,370,10,380,711
08/21/2019,PAE,WA,ANM,WE,Towers with Radar,47,1,51,8,107,0,0,20,0,20,47,1,71,8,127,33,0,33,160
08/22/2019,PAE,WA,ANM,WE,Towers with Radar,42,8,52,0,102,0,0,179,0,179,42,8,231,0,281,340,0,340,621
08/23/2019,PAE,WA,ANM,WE,Towers with Radar,48,3,31,0,82,7,0,196,0,203,55,3,227,0,285,282,0,282,567
08/24/2019,PAE,WA,ANM,WE,Towers with Radar,48,1,28,0,77,0,0,229,0,229,48,1,257,0,306,249,0,249,555
08/25/2019,PAE,WA,ANM,WE,Towers with Radar,49,7,43,0,99,0,0,218,0,218,49,7,261,0,317,171,0,171,488
08/26/2019,PAE,WA,ANM,WE,Towers with Radar,47,9,48,0,104,0,0,202,0,202,47,9,250,0,306,211,0,211,517
08/27/2019,PAE,WA,ANM,WE,Towers with Radar,41,3,24,0,68,12,0,179,0,191,53,3,203,0,259,288,0,288,547
08/28/2019,PAE,WA,ANM,WE,Towers with Radar,48,5,30,0,83,0,0,205,0,205,48,5,235,0,288,338,0,338,626
08/29/2019,PAE,WA,ANM,WE,Towers with Radar,47,4,39,0,90,8,0,165,0,173,55,4,204,0,263,288,0,288,551
08/30/2019,PAE,WA,ANM,WE,Towers with Radar,45,2,40,0,87,0,1,150,0,151,45,3,190,0,238,259,0,259,497
08/31/2019,PAE,WA,ANM,WE,Towers with Radar,46,1,52,0,99,0,0,187,0,187,46,1,239,0,286,206,0,206,492
09/01/2019,PAE,WA,ANM,WE,Towers with Radar,43,3,36,0,82,3,0,183,0,186,46,3,219,0,268,115,0,115,383
09/02/2019,PAE,WA,ANM,WE,Towers with Radar,45,2,36,0,83,0,0,190,0,190,45,2,226,0,273,144,0,144,417
09/03/2019,PAE,WA,ANM,WE,Towers with Radar,46,3,12,1,62,0,0,170,1,171,46,3,182,2,233,252,0,252,485
09/04/2019,PAE,WA,ANM,WE,Towers with Radar,42,3,44,0,89,0,0,139,0,139,42,3,183,0,228,275,0,275,503
09/05/2019,PAE,WA,ANM,WE,Towers with Radar,47,3,20,0,70,0,1,201,0,202,47,4,221,0,272,288,2,290,562
09/06/2019,PAE,WA,ANM,WE,Towers with Radar,48,5,35,0,88,0,0,210,0,210,48,5,245,0,298,230,0,230,528
09/07/2019,PAE,WA,ANM,WE,Towers with Radar,39,4,48,0,91,0,0,42,0,42,39,4,90,0,133,27,0,27,160
09/08/2019,PAE,WA,ANM,WE,Towers with Radar,36,2,50,0,88,0,0,32,0,32,36,2,82,0,120,2,0,2,122
09/09/2019,PAE,WA,ANM,WE,Towers with Radar,42,5,35,0,82,0,0,12,0,12,42,5,47,0,94,2,0,2,96
09/10/2019,PAE,WA,ANM,WE,Towers with Radar,43,3,49,0,95,0,0,69,0,69,43,3,118,0,164,265,0,265,429
09/11/2019,PAE,WA,ANM,WE,Towers with Radar,42,1,42,0,85,0,0,138,0,138,42,1,180,0,223,302,0,302,525
09/12/2019,PAE,WA,ANM,WE,Towers with Radar,47,2,36,2,87,0,0,159,0,159,47,2,195,2,246,190,4,194,440
09/13/2019,PAE,WA,ANM,WE,Towers with Radar,44,2,37,1,84,0,0,71,0,71,44,2,108,1,155,266,2,268,423
09/14/2019,PAE,WA,ANM,WE,Towers with Radar,45,2,45,0,92,0,0,102,0,102,45,2,147,0,194,132,0,132,326
09/15/2019,PAE,WA,ANM,WE,Towers with Radar,44,1,26,1,72,0,0,12,0,12,44,1,38,1,84,0,0,0,84
09/16/2019,PAE,WA,ANM,WE,Towers with Radar,45,4,32,0,81,0,0,91,0,91,45,4,123,0,172,316,0,316,488
09/17/2019,PAE,WA,ANM,WE,Towers with Radar,49,1,19,0,69,0,0,21,0,21,49,1,40,0,90,43,0,43,133
09/18/2019,PAE,WA,ANM,WE,Towers with Radar,46,1,34,12,93,0,0,132,0,132,46,1,166,12,225,510,35,545,770
09/19/2019,PAE,WA,ANM,WE,Towers with Radar,41,3,52,0,96,0,0,203,0,203,41,3,255,0,299,371,0,371,670
09/20/2019,PAE,WA,ANM,WE,Towers with Radar,42,6,84,0,132,0,1,116,0,117,42,7,200,0,249,254,0,254,503
09/21/2019,PAE,WA,ANM,WE,Towers with Radar,47,3,83,2,135,0,0,153,0,153,47,3,236,2,288,106,0,106,394
09/22/2019,PAE,WA,ANM,WE,Towers with Radar,43,2,38,0,83,0,1,13,0,14,43,3,51,0,97,15,0,15,112
09/23/2019,PAE,WA,ANM,WE,Towers with Radar,43,0,51,0,94,0,0,33,0,33,43,0,84,0,127,107,0,107,234
09/24/2019,PAE,WA,ANM,WE,Towers with Radar,53,4,26,0,83,0,0,112,0,112,53,4,138,0,195,347,0,347,542
09/25/2019,PAE,WA,ANM,WE,Towers with Radar,46,10,46,0,102,0,0,248,0,248,46,10,294,0,350,403,12,415,765
09/26/2019,PAE,WA,ANM,WE,Towers with Radar,51,5,22,0,78,0,0,68,0,68,51,5,90,0,146,200,0,200,346
09/27/2019,PAE,WA,ANM,WE,Towers with Radar,41,6,35,0,82,0,0,45,0,45,41,6,80,0,127,85,0,85,212
09/28/2019,PAE,WA,ANM,WE,Towers with Radar,42,4,29,0,75,0,0,192,0,192,42,4,221,0,267,199,10,209,476
09/29/2019,PAE,WA,ANM,WE,Towers with Radar,53,3,24,0,80,0,0,169,2,171,53,3,193,2,251,236,2,238,489
09/30/2019,PAE,WA,ANM,WE,Towers with Radar,43,7,12,0,62,0,0,204,0,204,43,7,216,0,266,320,0,320,586
10/01/2019,PAE,WA,ANM,WE,Towers with Radar,50,0,41,2,93,0,0,253,0,253,50,0,294,2,346,286,0,286,632
10/02/2019,PAE,WA,ANM,WE,Towers with Radar,42,5,51,0,98,0,0,145,0,145,42,5,196,0,243,270,0,270,513
10/03/2019,PAE,WA,ANM,WE,Towers with Radar,45,4,29,2,80,0,0,55,0,55,45,4,84,2,135,56,0,56,191
10/04/2019,PAE,WA,ANM,WE,Towers with Radar,42,3,42,0,87,0,0,61,0,61,42,3,103,0,148,117,0,117,265
10/05/2019,PAE,WA,ANM,WE,Towers with Radar,40,3,45,0,88,0,0,103,0,103,40,3,148,0,191,125,0,125,316
10/06/2019,PAE,WA,ANM,WE,Towers with Radar,43,5,36,0,84,0,0,207,0,207,43,5,243,0,291,261,0,261,552
10/07/2019,PAE,WA,ANM,WE,Towers with Radar,40,3,21,0,64,0,0,15,0,15,40,3,36,0,79,9,0,9,88
10/08/2019,PAE,WA,ANM,WE,Towers with Radar,49,1,9,0,59,0,0,39,0,39,49,1,48,0,98,125,0,125,223
10/09/2019,PAE,WA,ANM,WE,Towers with Radar,44,6,56,0,106,0,0,183,0,183,44,6,239,0,289,212,0,212,501
10/10/2019,PAE,WA,ANM,WE,Towers with Radar,45,9,25,0,79,0,0,218,0,218,45,9,243,0,297,262,0,262,559
10/11/2019,PAE,WA,ANM,WE,Towers with Radar,47,7,29,0,83,0,0,231,0,231,47,7,260,0,314,255,0,255,569
10/12/2019,PAE,WA,ANM,WE,Towers with Radar,48,2,34,0,84,0,0,176,0,176,48,2,210,0,260,199,0,199,459
10/13/2019,PAE,WA,ANM,WE,Towers with Radar,44,1,36,0,81,0,0,105,0,105,44,1,141,0,186,87,0,87,273
10/14/2019,PAE,WA,ANM,WE,Towers with Radar,46,4,52,0,102,1,0,133,0,134,47,4,185,0,236,133,0,133,369
10/15/2019,PAE,WA,ANM,WE,Towers with Radar,42,5,62,2,111,1,0,112,0,113,43,5,174,2,224,192,0,192,416
10/16/2019,PAE,WA,ANM,WE,Towers with Radar,52,6,28,4,90,0,0,22,1,23,52,6,50,5,113,55,22,77,190
10/17/2019,PAE,WA,ANM,WE,Towers with Radar,52,4,24,0,80,1,0,10,0,11,53,4,34,0,91,4,0,4,95
10/18/2019,PAE,WA,ANM,WE,Towers with Radar,50,1,46,0,97,0,0,25,0,25,50,1,71,0,122,101,0,101,223
10/19/2019,PAE,WA,ANM,WE,Towers with Radar,43,1,33,0,77,0,0,4,0,4,43,1,37,0,81,9,0,9,90
10/20/2019,PAE,WA,ANM,WE,Towers with Radar,41,0,40,0,81,0,0,19,0,19,41,0,59,0,100,57,0,57,157
10/21/2019,PAE,WA,ANM,WE,Towers with Radar,49,2,23,3,77,0,0,5,0,5,49,2,28,3,82,0,0,0,82
10/22/2019,PAE,WA,ANM,WE,Towers with Radar,52,8,42,0,102,0,4,52,0,56,52,12,94,0,158,243,0,243,401
10/23/2019,PAE,WA,ANM,WE,Towers with Radar,43,3,34,0,80,0,0,179,0,179,43,3,213,0,259,386,1,387,646
10/24/2019,PAE,WA,ANM,WE,Towers with Radar,48,4,59,0,111,0,0,195,0,195,48,4,254,0,306,454,0,454,760
10/25/2019,PAE,WA,ANM,WE,Towers with Radar,51,3,28,6,88,0,0,49,0,49,51,3,77,6,137,127,0,127,264
10/26/2019,PAE,WA,ANM,WE,Towers with Radar,45,2,30,0,77,0,0,156,0,156,45,2,186,0,233,157,0,157,390
10/27/2019,PAE,WA,ANM,WE,Towers with Radar,46,2,34,0,82,0,0,302,0,302,46,2,336,0,384,244,0,244,628
10/28/2019,PAE,WA,ANM,WE,Towers with Radar,43,3,36,2,84,0,0,149,0,149,43,3,185,2,233,283,0,283,516
10/29/2019,PAE,WA,ANM,WE,Towers with Radar,47,3,45,0,95,0,0,167,0,167,47,3,212,0,262,292,0,292,554
10/30/2019,PAE,WA,ANM,WE,Towers with Radar,44,5,24,0,73,0,0,201,0,201,44,5,225,0,274,342,0,342,616
10/31/2019,PAE,WA,ANM,WE,Towers with Radar,36,9,26,0,71,0,0,141,0,141,36,9,167,0,212,283,0,283,495
11/01/2019,PAE,WA,ANM,WE,Towers with Radar,47,8,43,0,98,0,0,184,0,184,47,8,227,0,282,261,0,261,543
11/02/2019,PAE,WA,ANM,WE,Towers with Radar,40,0,50,0,90,0,0,248,0,248,40,0,298,0,338,261,0,261,599
11/03/2019,PAE,WA,ANM,WE,Towers with Radar,43,0,22,0,65,0,0,177,0,177,43,0,199,0,242,247,0,247,489
11/04/2019,PAE,WA,ANM,WE,Towers with Radar,49,2,42,1,94,0,0,81,0,81,49,2,123,1,175,291,0,291,466
11/05/2019,PAE,WA,ANM,WE,Towers with Radar,43,4,41,4,92,0,0,87,1,88,43,4,128,5,180,199,10,209,389
11/06/2019,PAE,WA,ANM,WE,Towers with Radar,39,6,39,2,86,0,1,119,0,120,39,7,158,2,206,361,0,361,567
11/07/2019,PAE,WA,ANM,WE,Towers with Radar,45,2,41,1,89,2,0,149,2,153,47,2,190,3,242,225,6,231,473
11/08/2019,PAE,WA,ANM,WE,Towers with Radar,50,7,59,2,118,0,2,184,1,187,50,9,243,3,305,259,0,259,564
11/09/2019,PAE,WA,ANM,WE,Towers with Radar,39,1,49,0,89,0,0,0,0,0,39,1,49,0,89,0,0,0,89
11/10/2019,PAE,WA,ANM,WE,Towers with Radar,50,0,24,0,74,0,0,4,0,4,50,0,28,0,78,0,0,0,78
11/11/2019,PAE,WA,ANM,WE,Towers with Radar,48,1,39,0,88,0,1,142,0,143,48,2,181,0,231,210,0,210,441
11/12/2019,PAE,WA,ANM,WE,Towers with Radar,40,6,55,0,101,0,0,6,0,6,40,6,61,0,107,0,0,0,107
11/13/2019,PAE,WA,ANM,WE,Towers with Radar,44,4,42,12,102,0,0,31,0,31,44,4,73,12,133,14,0,14,147
11/14/2019,PAE,WA,ANM,WE,Towers with Radar,44,1,52,7,104,0,0,132,0,132,44,1,184,7,236,167,0,167,403
11/15/2019,PAE,WA,ANM,WE,Towers with Radar,46,4,44,8,102,0,0,20,0,20,46,4,64,8,122,74,0,74,196
11/16/2019,PAE,WA,ANM,WE,Towers with Radar,44,2,24,0,70,0,0,111,0,111,44,2,135,0,181,202,0,202,383
11/17/2019,PAE,WA,ANM,WE,Towers with Radar,41,0,28,0,69,0,0,9,0,9,41,0,37,0,78,15,0,15,93
11/18/2019,PAE,WA,ANM,WE,Towers with Radar,43,2,22,0,67,0,0,15,0,15,43,2,37,0,82,55,0,55,137
11/19/2019,PAE,WA,ANM,WE,Towers with Radar,45,4,26,2,77,0,0,24,0,24,45,4,50,2,101,105,0,105,206
11/20/2019,PAE,WA,ANM,WE,Towers with Radar,44,6,23,0,73,0,0,252,0,252,44,6,275,0,325,312,0,312,637
11/21/2019,PAE,WA,ANM,WE,Towers with Radar,51,7,16,1,75,0,0,231,0,231,51,7,247,1,306,280,0,280,586
11/22/2019,PAE,WA,ANM,WE,Towers with Radar,48,3,62,10,123,0,0,39,0,39,48,3,101,10,162,16,0,16,178
11/23/2019,PAE,WA,ANM,WE,Towers with Radar,55,1,66,0,122,0,0,81,0,81,55,1,147,0,203,141,0,141,344
11/24/2019,PAE,WA,ANM,WE,Towers with Radar,45,1,38,0,84,0,0,129,0,129,45,1,167,0,213,197,0,197,410
11/25/2019,PAE,WA,ANM,WE,Towers with Radar,44,2,15,0,61,0,0,36,0,36,44,2,51,0,97,81,0,81,178
11/26/2019,PAE,WA,ANM,WE,Towers with Radar,44,10,21,2,77,0,0,112,2,114,44,10,133,4,191,236,0,236,427
11/27/2019,PAE,WA,ANM,WE,Towers with Radar,49,4,31,0,84,0,0,106,0,106,49,4,137,0,190,160,0,160,350
11/28/2019,PAE,WA,ANM,WE,Towers with Radar,33,0,4,0,37,0,0,91,0,91,33,0,95,0,128,82,0,82,210
11/29/2019,PAE,WA,ANM,WE,Towers with Radar,38,2,17,0,57,0,0,175,0,175,38,2,192,0,232,140,0,140,372
11/30/2019,PAE,WA,ANM,WE,Towers with Radar,48,1,30,0,79,0,2,253,0,255,48,3,283,0,334,293,0,293,627
12/01/2019,PAE,WA,ANM,WE,Towers with Radar,38,1,28,0,67,0,2,63,0,65,38,3,91,0,132,192,0,192,324
12/02/2019,PAE,WA,ANM,WE,Towers with Radar,33,3,36,0,72,0,0,125,0,125,33,3,161,0,197,307,0,307,504
12/03/2019,PAE,WA,ANM,WE,Towers with Radar,38,3,32,17,90,0,0,54,0,54,38,3,86,17,144,184,12,196,340
12/04/2019,PAE,WA,ANM,WE,Towers with Radar,47,5,38,4,94,0,0,2,0,2,47,5,40,4,96,0,0,0,96
12/05/2019,PAE,WA,ANM,WE,Towers with Radar,49,3,37,0,89,0,0,22,0,22,49,3,59,0,111,29,0,29,140
12/06/2019,PAE,WA,ANM,WE,Towers with Radar,45,3,57,0,105,0,0,98,0,98,45,3,155,0,203,168,0,168,371
12/07/2019,PAE,WA,ANM,WE,Towers with Radar,44,0,37,0,81,0,0,3,0,3,44,0,40,0,84,0,0,0,84
12/08/2019,PAE,WA,ANM,WE,Towers with Radar,38,0,36,0,74,0,0,14,0,14,38,0,50,0,88,2,0,2,90
12/09/2019,PAE,WA,ANM,WE,Towers with Radar,39,9,19,2,69,0,0,0,0,0,39,9,19,2,69,0,0,0,69
12/10/2019,PAE,WA,ANM,WE,Towers with Radar,39,6,35,2,82,0,0,9,0,9,39,6,44,2,91,10,0,10,101
12/11/2019,PAE,WA,ANM,WE,Towers with Radar,50,1,30,15,96,0,0,25,0,25,50,1,55,15,121,19,18,37,158
12/12/2019,PAE,WA,ANM,WE,Towers with Radar,63,8,8,2,81,0,0,3,0,3,63,8,11,2,84,0,0,0,84
12/13/2019,PAE,WA,ANM,WE,Towers with Radar,48,2,46,2,98,0,0,57,0,57,48,2,103,2,155,138,0,138,293
12/14/2019,PAE,WA,ANM,WE,Towers with Radar,46,0,50,1,97,0,0,6,0,6,46,0,56,1,103,0,0,0,103
12/15/2019,PAE,WA,ANM,WE,Towers with Radar,44,2,53,1,100,0,2,54,0,56,44,4,107,1,156,62,0,62,218
12/16/2019,PAE,WA,ANM,WE,Towers with Radar,56,1,46,1,104,0,0,82,0,82,56,1,128,1,186,115,0,115,301
12/17/2019,PAE,WA,ANM,WE,Towers with Radar,67,5,52,6,130,0,0,157,0,157,67,5,209,6,287,283,0,283,570
12/18/2019,PAE,WA,ANM,WE,Towers with Radar,52,10,30,0,92,0,0,106,0,106,52,10,136,0,198,202,0,202,400
12/19/2019,PAE,WA,ANM,WE,Towers with Radar,48,1,21,0,70,0,1,41,0,42,48,2,62,0,112,30,0,30,142
12/20/2019,PAE,WA,ANM,WE,Towers with Radar,54,6,9,0,69,0,0,1,0,1,54,6,10,0,70,1,0,1,71
12/21/2019,PAE,WA,ANM,WE,Towers with Radar,43,5,32,0,80,0,0,9,0,9,43,5,41,0,89,40,0,40,129
12/22/2019,PAE,WA,ANM,WE,Towers with Radar,41,5,26,0,72,0,0,77,0,77,41,5,103,0,149,89,7,96,245
12/23/2019,PAE,WA,ANM,WE,Towers with Radar,49,6,33,0,88,0,0,17,0,17,49,6,50,0,105,0,0,0,105
12/24/2019,PAE,WA,ANM,WE,Towers with Radar,43,2,10,0,55,0,0,68,0,68,43,2,78,0,123,222,0,222,345
12/25/2019,PAE,WA,ANM,WE,Towers with Radar,36,0,0,0,36,0,0,38,0,38,36,0,38,0,74,17,0,17,91
12/26/2019,PAE,WA,ANM,WE,Towers with Radar,38,0,29,0,67,0,0,51,0,51,38,0,80,0,118,23,0,23,141
12/27/2019,PAE,WA,ANM,WE,Towers with Radar,47,1,19,0,67,0,0,15,0,15,47,1,34,0,82,0,0,0,82
12/28/2019,PAE,WA,ANM,WE,Towers with Radar,40,2,32,0,74,0,0,167,0,167,40,2,199,0,241,154,0,154,395
12/29/2019,PAE,WA,ANM,WE,Towers with Radar,38,1,35,0,74,0,0,184,0,184,38,1,219,0,258,165,0,165,423
12/30/2019,PAE,WA,ANM,WE,Towers with Radar,41,3,17,0,61,0,0,2,0,2,41,3,19,0,63,12,0,12,75
12/31/2019,PAE,WA,ANM,WE,Towers with Radar,36,0,9,0,45,0,0,3,0,3,36,0,12,0,48,12,0,12,60
01/01/2020,PAE,WA,ANM,WE,Towers with Radar,36,0,23,0,59,0,0,61,0,61,36,0,84,0,120,90,0,90,210
01/02/2020,PAE,WA,ANM,WE,Towers with Radar,39,0,27,0,66,0,0,25,0,25,39,0,52,0,91,83,0,83,174
01/03/2020,PAE,WA,ANM,WE,Towers with Radar,38,2,12,2,54,0,0,66,0,66,38,2,78,2,120,38,0,38,158
01/04/2020,PAE,WA,ANM,WE,Towers with Radar,40,0,47,0,87,0,0,74,0,74,40,0,121,0,161,74,0,74,235
01/05/2020,PAE,WA,ANM,WE,Towers with Radar,37,0,11,0,48,0,2,9,0,11,37,2,20,0,59,3,0,3,62
01/06/2020,PAE,WA,ANM,WE,Towers with Radar,39,6,6,14,65,0,0,0,0,0,39,6,6,14,65,0,0,0,65
01/07/2020,PAE,WA,ANM,WE,Towers with Radar,36,4,14,0,54,0,0,11,0,11,36,4,25,0,65,12,0,12,77
01/08/2020,PAE,WA,ANM,WE,Towers with Radar,37,0,24,5,66,0,0,34,0,34,37,0,58,5,100,27,0,27,127
01/09/2020,PAE,WA,ANM,WE,Towers with Radar,47,11,19,0,77,0,0,51,0,51,47,11,70,0,128,79,0,79,207
01/10/2020,PAE,WA,ANM,WE,Towers with Radar,43,3,13,0,59,0,0,6,0,6,43,3,19,0,65,4,0,4,69
01/11/2020,PAE,WA,ANM,WE,Towers with Radar,41,3,22,0,66,0,0,2,0,2,41,3,24,0,68,32,0,32,100
01/12/2020,PAE,WA,ANM,WE,Towers with Radar,27,0,9,0,36,0,0,3,0,3,27,0,12,0,39,4,0,4,43
01/13/2020,PAE,WA,ANM,WE,Towers with Radar,40,4,7,0,51,0,0,0,0,0,40,4,7,0,51,0,0,0,51
01/14/2020,PAE,WA,ANM,WE,Towers with Radar,26,6,7,0,39,0,0,5,0,5,26,6,12,0,44,0,0,0,44
01/15/2020,PAE,WA,ANM,WE,Towers with Radar,36,2,18,0,56,0,0,21,0,21,36,2,39,0,77,0,0,0,77
01/16/2020,PAE,WA,ANM,WE,Towers with Radar,43,5,24,2,74,0,0,66,0,66,43,5,90,2,140,6,0,6,146
01/17/2020,PAE,WA,ANM,WE,Towers with Radar,37,6,35,0,78,4,0,83,0,87,41,6,118,0,165,38,0,38,203
01/18/2020,PAE,WA,ANM,WE,Towers with Radar,37,0,34,0,71,0,0,54,0,54,37,0,88,0,125,103,0,103,228
01/19/2020,PAE,WA,ANM,WE,Towers with Radar,41,0,39,0,80,0,0,99,0,99,41,0,138,0,179,198,0,198,377
01/20/2020,PAE,WA,ANM,WE,Towers with Radar,45,4,67,0,116,0,3,122,0,125,45,7,189,0,241,277,0,277,518
01/21/2020,PAE,WA,ANM,WE,Towers with Radar,49,6,25,3,83,13,0,24,1,38,62,6,49,4,121,21,0,21,142
01/22/2020,PAE,WA,ANM,WE,Towers with Radar,40,2,21,16,79,0,2,30,0,32,40,4,51,16,111,19,0,19,130
01/23/2020,PAE,WA,ANM,WE,Towers with Radar,40,9,15,0,64,0,0,3,0,3,40,9,18,0,67,0,0,0,67
01/24/2020,PAE,WA,ANM,WE,Towers with Radar,56,6,35,0,97,0,0,39,0,39,56,6,74,0,136,39,0,39,175
01/25/2020,PAE,WA,ANM,WE,Towers with Radar,38,1,58,0,97,0,0,24,0,24,38,1,82,0,121,4,0,4,125
01/26/2020,PAE,WA,ANM,WE,Towers with Radar,43,3,31,0,77,0,0,54,0,54,43,3,85,0,131,67,0,67,198
01/27/2020,PAE,WA,ANM,WE,Towers with Radar,48,8,33,5,94,0,2,119,0,121,48,10,152,5,215,248,0,248,463
01/28/2020,PAE,WA,ANM,WE,Towers with Radar,39,4,30,4,77,0,0,28,0,28,39,4,58,4,105,73,0,73,178
01/29/2020,PAE,WA,ANM,WE,Towers with Radar,42,2,39,13,96,0,0,26,0,26,42,2,65,13,122,16,0,16,138
01/30/2020,PAE,WA,ANM,WE,Towers with Radar,49,9,31,2,91,0,1,129,0,130,49,10,160,2,221,173,0,173,394
01/31/2020,PAE,WA,ANM,WE,Towers with Radar,33,7,13,2,55,0,0,2,0,2,33,7,15,2,57,0,0,0,57
02/01/2020,PAE,WA,ANM,WE,Towers with Radar,54,2,20,0,76,0,0,10,0,10,54,2,30,0,86,17,0,17,103
02/02/2020,PAE,WA,ANM,WE,Towers with Radar,37,3,58,0,98,0,0,98,0,98,37,3,156,0,196,130,0,130,326
02/03/2020,PAE,WA,ANM,WE,Towers with Radar,42,6,29,2,79,0,0,116,0,116,42,6,145,2,195,186,10,196,391
02/04/2020,PAE,WA,ANM,WE,Towers with Radar,34,10,13,4,61,0,0,13,0,13,34,10,26,4,74,72,0,72,146
02/05/2020,PAE,WA,ANM,WE,Towers with Radar,40,2,12,2,56,0,0,0,0,0,40,2,12,2,56,0,0,0,56
02/06/2020,PAE,WA,ANM,WE,Towers with Radar,48,3,17,0,68,0,0,0,0,0,48,3,17,0,68,0,0,0,68
02/07/2020,PAE,WA,ANM,WE,Towers with Radar,44,4,25,0,73,0,0,2,0,2,44,4,27,0,75,1,0,1,76
02/08/2020,PAE,WA,ANM,WE,Towers with Radar,42,0,41,0,83,0,0,94,0,94,42,0,135,0,177,143,0,143,320
02/09/2020,PAE,WA,ANM,WE,Towers with Radar,39,2,38,0,79,0,0,218,0,218,39,2,256,0,297,244,0,244,541
02/10/2020,PAE,WA,ANM,WE,Towers with Radar,40,6,30,2,78,0,0,185,0,185,40,6,215,2,263,356,0,356,619
02/11/2020,PAE,WA,ANM,WE,Towers with Radar,56,11,50,3,120,0,0,26,0,26,56,11,76,3,146,79,0,79,225
02/12/2020,PAE,WA,ANM,WE,Towers with Radar,41,6,33,2,82,0,0,90,0,90,41,6,123,2,172,186,0,186,358
02/13/2020,PAE,WA,ANM,WE,Towers with Radar,57,0,40,0,97,0,2,13,0,15,57,2,53,0,112,30,0,30,142
02/14/2020,PAE,WA,ANM,WE,Towers with Radar,44,3,56,0,103,0,0,95,0,95,44,3,151,0,198,115,0,115,313
02/15/2020,PAE,WA,ANM,WE,Towers with Radar,42,0,20,0,62,0,0,17,0,17,42,0,37,0,79,20,0,20,99
02/16/2020,PAE,WA,ANM,WE,Towers with Radar,48,0,47,0,95,0,0,66,0,66,48,0,113,0,161,120,0,120,281
02/17/2020,PAE,WA,ANM,WE,Towers with Radar,45,0,35,0,80,0,0,116,0,116,45,0,151,0,196,193,0,193,389
02/18/2020,PAE,WA,ANM,WE,Towers with Radar,44,4,37,0,85,0,0,198,0,198,44,4,235,0,283,168,0,168,451
02/19/2020,PAE,WA,ANM,WE,Towers with Radar,45,3,36,5,89,0,0,263,0,263,45,3,299,5,352,204,0,204,556
02/20/2020,PAE,WA,ANM,WE,Towers with Radar,42,4,38,0,84,0,0,209,0,209,42,4,247,0,293,256,0,256,549
02/21/2020,PAE,WA,ANM,WE,Towers with Radar,46,6,70,3,125,0,0,171,1,172,46,6,241,4,297,180,6,186,483
02/22/2020,PAE,WA,ANM,WE,Towers with Radar,44,1,37,0,82,1,0,50,0,51,45,1,87,0,133,181,0,181,314
02/23/2020,PAE,WA,ANM,WE,Towers with Radar,42,2,22,0,66,0,0,12,0,12,42,2,34,0,78,6,0,6,84
02/24/2020,PAE,WA,ANM,WE,Towers with Radar,47,11,36,0,94,0,0,102,0,102,47,11,138,0,196,209,0,209,405
02/25/2020,PAE,WA,ANM,WE,Towers with Radar,51,5,55,2,113,0,0,123,0,123,51,5,178,2,236,248,0,248,484
02/26/2020,PAE,WA,ANM,WE,Towers with Radar,45,3,35,2,85,0,4,97,2,103,45,7,132,4,188,196,0,196,384
02/27/2020,PAE,WA,ANM,WE,Towers with Radar,38,6,36,0,80,0,1,208,0,209,38,7,244,0,289,192,8,200,489
02/28/2020,PAE,WA,ANM,WE,Towers with Radar,45,6,27,0,78,0,0,19,0,19,45,6,46,0,97,7,0,7,104
02/29/2020,PAE,WA,ANM,WE,Towers with Radar,38,1,27,0,66,0,0,90,0,90,38,1,117,0,156,178,0,178,334
03/01/2020,PAE,WA,ANM,WE,Towers with Radar,45,0,71,0,116,0,0,102,0,102,45,0,173,0,218,190,0,190,408
03/02/2020,PAE,WA,ANM,WE,Towers with Radar,39,4,13,0,56,0,0,0,0,0,39,4,13,0,56,0,0,0,56
03/03/2020,PAE,WA,ANM,WE,Towers with Radar,41,4,36,0,81,0,0,16,0,16,41,4,52,0,97,2,0,2,99
03/04/2020,PAE,WA,ANM,WE,Towers with Radar,41,3,70,10,124,0,0,194,2,196,41,3,264,12,320,414,0,414,734
03/05/2020,PAE,WA,ANM,WE,Towers with Radar,45,12,59,1,117,0,0,76,0,76,45,12,135,1,193,77,0,77,270
03/06/2020,PAE,WA,ANM,WE,Towers with Radar,32,2,53,0,87,0,0,36,0,36,32,2,89,0,123,157,0,157,280
03/07/2020,PAE,WA,ANM,WE,Towers with Radar,40,0,38,0,78,0,0,43,0,43,40,0,81,0,121,87,0,87,208
03/08/2020,PAE,WA,ANM,WE,Towers with Radar,40,2,27,0,69,0,0,134,0,134,40,2,161,0,203,198,0,198,401
03/09/2020,PAE,WA,ANM,WE,Towers with Radar,44,9,27,2,82,2,0,186,0,188,46,9,213,2,270,274,0,274,544
03/10/2020,PAE,WA,ANM,WE,Towers with Radar,31,2,66,14,113,0,0,87,0,87,31,2,153,14,200,171,0,171,371
03/11/2020,PAE,WA,ANM,WE,Towers with Radar,41,7,36,5,89,0,0,96,2,98,41,7,132,7,187,144,26,170,357
03/12/2020,PAE,WA,ANM,WE,Towers with Radar,39,5,32,2,78,0,0,109,0,109,39,5,141,2,187,161,6,167,354
03/13/2020,PAE,WA,ANM,WE,Towers with Radar,41,6,7,0,54,0,0,3,0,3,41,6,10,0,57,0,0,0,57
03/14/2020,PAE,WA,ANM,WE,Towers with Radar,30,2,18,0,50,0,0,95,0,95,30,2,113,0,145,125,0,125,270
03/15/2020,PAE,WA,ANM,WE,Towers with Radar,36,0,26,0,62,0,0,185,0,185,36,0,211,0,247,159,0,159,406
03/16/2020,PAE,WA,ANM,WE,Towers with Radar,36,3,23,5,67,0,0,162,2,164,36,3,185,7,231,313,9,322,553
03/17/2020,PAE,WA,ANM,WE,Towers with Radar,42,3,22,0,67,0,0,125,0,125,42,3,147,0,192,354,0,354,546
03/18/2020,PAE,WA,ANM,WE,Towers with Radar,45,3,40,7,95,0,0,145,0,145,45,3,185,7,240,213,0,213,453
03/19/2020,PAE,WA,ANM,WE,Towers with Radar,35,2,20,0,57,1,0,160,0,161,36,2,180,0,218,329,4,333,551
03/20/2020,PAE,WA,ANM,WE,Towers with Radar,40,6,15,2,63,0,0,162,0,162,40,6,177,2,225,144,0,144,369
03/21/2020,PAE,WA,ANM,WE,Towers with Radar,28,3,51,0,82,0,1,165,0,166,28,4,216,0,248,130,0,130,378
03/22/2020,PAE,WA,ANM,WE,Towers with Radar,32,1,25,0,58,0,0,117,0,117,32,1,142,0,175,106,0,106,281
03/23/2020,PAE,WA,ANM,WE,Towers with Radar,41,10,6,2,59,0,2,23,0,25,41,12,29,2,84,48,0,48,132
03/24/2020,PAE,WA,ANM,WE,Towers with Radar,38,3,24,0,65,4,0,24,0,28,42,3,48,0,93,31,0,31,124
03/25/2020,PAE,WA,ANM,WE,Towers with Radar,30,5,2,0,37,0,0,37,0,37,30,5,39,0,74,30,0,30,104
03/26/2020,PAE,WA,ANM,WE,Towers with Radar,37,3,10,2,52,0,0,27,0,27,37,3,37,2,79,52,0,52,131
03/27/2020,PAE,WA,ANM,WE,Towers with Radar,41,0,8,0,49,0,0,9,0,9,41,0,17,0,58,4,0,4,62
03/28/2020,PAE,WA,ANM,WE,Towers with Radar,24,2,3,0,29,0,2,4,0,6,24,4,7,0,35,0,0,0,35
03/29/2020,PAE,WA,ANM,WE,Towers with Radar,17,0,10,0,27,0,0,25,0,25,17,0,35,0,52,0,0,0,52
03/30/2020,PAE,WA,ANM,WE,Towers with Radar,27,6,3,0,36,3,0,6,0,9,30,6,9,0,45,0,0,0,45
03/31/2020,PAE,WA,ANM,WE,Towers with Radar,32,0,5,0,37,0,0,31,0,31,32,0,36,0,68,50,0,50,118
04/01/2020,PAE,WA,ANM,WE,Towers with Radar,21,0,1,2,24,0,0,45,0,45,21,0,46,2,69,13,0,13,82
04/02/2020,PAE,WA,ANM,WE,Towers with Radar,22,4,8,0,34,0,0,29,0,29,22,4,37,0,63,39,0,39,102
04/03/2020,PAE,WA,ANM,WE,Towers with Radar,14,2,3,0,19,0,0,20,0,20,14,2,23,0,39,8,0,8,47
04/04/2020,PAE,WA,ANM,WE,Towers with Radar,12,0,8,0,20,0,0,139,0,139,12,0,147,0,159,72,0,72,231
04/05/2020,PAE,WA,ANM,WE,Towers with Radar,16,2,17,0,35,0,0,69,0,69,16,2,86,0,104,60,0,60,164
04/06/2020,PAE,WA,ANM,WE,Towers with Radar,9,5,12,2,28,0,1,89,0,90,9,6,101,2,118,32,24,56,174
04/07/2020,PAE,WA,ANM,WE,Towers with Radar,11,1,5,18,35,0,0,57,1,58,11,1,62,19,93,36,49,85,178
04/08/2020,PAE,WA,ANM,WE,Towers with Radar,12,2,12,12,38,0,0,119,0,119,12,2,131,12,157,54,22,76,233
04/09/2020,PAE,WA,ANM,WE,Towers with Radar,14,1,12,0,27,2,0,130,0,132,16,1,142,0,159,38,2,40,199
04/10/2020,PAE,WA,ANM,WE,Towers with Radar,6,2,4,0,12,12,0,95,0,107,18,2,99,0,119,15,0,15,134
04/11/2020,PAE,WA,ANM,WE,Towers with Radar,11,2,21,0,34,0,0,45,0,45,11,2,66,0,79,10,0,10,89
04/12/2020,PAE,WA,ANM,WE,Towers with Radar,3,0,6,0,9,0,0,124,0,124,3,0,130,0,133,33,0,33,166
04/13/2020,PAE,WA,ANM,WE,Towers with Radar,2,0,8,0,10,0,0,61,0,61,2,0,69,0,71,21,0,21,92
04/14/2020,PAE,WA,ANM,WE,Towers with Radar,9,1,6,6,22,0,0,57,0,57,9,1,63,6,79,25,11,36,115
04/15/2020,PAE,WA,ANM,WE,Towers with Radar,8,0,26,0,34,0,0,57,0,57,8,0,83,0,91,37,0,37,128
04/16/2020,PAE,WA,ANM,WE,Towers with Radar,20,0,12,0,32,0,0,140,0,140,20,0,152,0,172,63,0,63,235
04/17/2020,PAE,WA,ANM,WE,Towers with Radar,6,4,9,0,19,0,0,99,0,99,6,4,108,0,118,23,0,23,141
04/18/2020,PAE,WA,ANM,WE,Towers with Radar,7,0,15,0,22,0,0,32,0,32,7,0,47,0,54,25,0,25,79
04/19/2020,PAE,WA,ANM,WE,Towers with Radar,6,2,22,0,30,0,0,122,0,122,6,2,144,0,152,106,0,106,258
04/20/2020,PAE,WA,ANM,WE,Towers with Radar,5,2,10,0,17,0,0,123,0,123,5,2,133,0,140,53,0,53,193
04/21/2020,PAE,WA,ANM,WE,Towers with Radar,8,2,17,6,33,0,0,25,0,25,8,2,42,6,58,30,0,30,88
04/22/2020,PAE,WA,ANM,WE,Towers with Radar,8,4,10,2,24,0,0,0,0,0,8,4,10,2,24,0,0,0,24
04/23/2020,PAE,WA,ANM,WE,Towers with Radar,16,3,21,0,40,0,0,18,0,18,16,3,39,0,58,12,0,12,70
04/24/2020,PAE,WA,ANM,WE,Towers with Radar,4,2,27,0,33,0,0,133,0,133,4,2,160,0,166,112,0,112,278
04/25/2020,PAE,WA,ANM,WE,Towers with Radar,4,2,7,0,13,0,0,10,0,10,4,2,17,0,23,22,0,22,45
04/26/2020,PAE,WA,ANM,WE,Towers with Radar,4,3,30,0,37,0,0,90,0,90,4,3,120,0,127,108,0,108,235
04/27/2020,PAE,WA,ANM,WE,Towers with Radar,6,0,4,4,14,0,0,23,0,23,6,0,27,4,37,4,0,4,41
04/28/2020,PAE,WA,ANM,WE,Towers with Radar,8,0,25,11,44,0,0,111,0,111,8,0,136,11,155,78,16,94,249
04/29/2020,PAE,WA,ANM,WE,Towers with Radar,10,0,17,0,27,0,0,78,0,78,10,0,95,0,105,52,0,52,157
04/30/2020,PAE,WA,ANM,WE,Towers with Radar,6,3,33,2,44,0,2,46,0,48,6,5,79,2,92,13,0,13,105
05/01/2020,PAE,WA,ANM,WE,Towers with Radar,27,10,17,0,54,14,0,208,0,222,41,10,225,0,276,87,0,87,363
05/02/2020,PAE,WA,ANM,WE,Towers with Radar,8,0,6,0,14,0,0,26,0,26,8,0,32,0,40,8,0,8,48
05/03/2020,PAE,WA,ANM,WE,Towers with Radar,4,1,13,0,18,0,2,49,0,51,4,3,62,0,69,52,0,52,121
05/04/2020,PAE,WA,ANM,WE,Towers with Radar,13,3,8,2,26,13,0,96,0,109,26,3,104,2,135,48,0,48,183
05/05/2020,PAE,WA,ANM,WE,Towers with Radar,6,1,15,1,23,0,6,101,0,107,6,7,116,1,130,48,8,56,186
05/06/2020,PAE,WA,ANM,WE,Towers with Radar,20,3,13,6,42,0,0,27,0,27,20,3,40,6,69,59,18,77,146
05/07/2020,PAE,WA,ANM,WE,Towers with Radar,5,0,24,12,41,0,0,176,0,176,5,0,200,12,217,110,13,123,340
05/08/2020,PAE,WA,ANM,WE,Towers with Radar,7,2,13,10,32,0,0,211,2,213,7,2,224,12,245,125,16,141,386
05/09/2020,PAE,WA,ANM,WE,Towers with Radar,4,2,14,0,20,0,0,210,0,210,4,2,224,0,230,100,0,100,330
05/10/2020,PAE,WA,ANM,WE,Towers with Radar,2,1,15,0,18,0,0,157,0,157,2,1,172,0,175,165,0,165,340
05/11/2020,PAE,WA,ANM,WE,Towers with Radar,5,1,25,2,33,0,2,103,0,105,5,3,128,2,138,75,0,75,213
05/12/2020,PAE,WA,ANM,WE,Towers with Radar,15,3,26,14,58,8,0,44,0,52,23,3,70,14,110,46,0,46,156
05/13/2020,PAE,WA,ANM,WE,Towers with Radar,25,4,22,2,53,6,0,79,0,85,31,4,101,2,138,114,0,114,252
05/14/2020,PAE,WA,ANM,WE,Towers with Radar,16,4,32,2,54,0,0,56,2,58,16,4,88,4,112,154,0,154,266
05/15/2020,PAE,WA,ANM,WE,Towers with Radar,10,4,36,2,52,0,0,189,3,192,10,4,225,5,244,106,12,118,362
05/16/2020,PAE,WA,ANM,WE,Towers with Radar,3,1,30,0,34,0,0,67,0,67,3,1,97,0,101,84,0,84,185
05/17/2020,PAE,WA,ANM,WE,Towers with Radar,4,4,29,0,37,0,0,88,0,88,4,4,117,0,125,161,0,161,286
05/18/2020,PAE,WA,ANM,WE,Towers with Radar,12,4,19,0,35,4,0,115,0,119,16,4,134,0,154,243,0,243,397
05/19/2020,PAE,WA,ANM,WE,Towers with Radar,34,6,37,0,77,0,0,69,2,71,34,6,106,2,148,166,0,166,314
05/20/2020,PAE,WA,ANM,WE,Towers with Radar,11,10,49,0,70,0,0,21,0,21,11,10,70,0,91,145,0,145,236
05/21/2020,PAE,WA,ANM,WE,Towers with Radar,5,5,28,1,39,0,0,39,0,39,5,5,67,1,78,149,55,204,282
05/22/2020,PAE,WA,ANM,WE,Towers with Radar,7,6,40,0,53,0,0,90,0,90,7,6,130,0,143,295,0,295,438
05/23/2020,PAE,WA,ANM,WE,Towers with Radar,0,9,43,0,52,0,0,130,0,130,0,9,173,0,182,140,0,140,322
05/24/2020,PAE,WA,ANM,WE,Towers with Radar,0,4,25,0,29,0,0,155,0,155,0,4,180,0,184,162,0,162,346
05/25/2020,PAE,WA,ANM,WE,Towers with Radar,0,0,66,0,66,0,0,5,0,5,0,0,71,0,71,0,0,0,71
05/26/2020,PAE,WA,ANM,WE,Towers with Radar,0,13,34,2,49,0,0,91,1,92,0,13,125,3,141,183,6,189,330
05/27/2020,PAE,WA,ANM,WE,Towers with Radar,4,9,13,0,26,0,0,193,0,193,4,9,206,0,219,233,2,235,454
05/28/2020,PAE,WA,ANM,WE,Towers with Radar,4,11,30,0,45,5,0,177,0,182,9,11,207,0,227,304,0,304,531
05/29/2020,PAE,WA,ANM,WE,Towers with Radar,1,15,19,4,39,0,5,205,0,210,1,20,224,4,249,285,0,285,534
05/30/2020,PAE,WA,ANM,WE,Towers with Radar,0,4,11,0,15,0,0,13,0,13,0,4,24,0,28,20,0,20,48
05/31/2020,PAE,WA,ANM,WE,Towers with Radar,0,2,46,0,48,0,0,48,0,48,0,2,94,0,96,80,0,80,176
06/01/2020,PAE,WA,ANM,WE,Towers with Radar,16,4,22,0,42,6,1,134,1,142,22,5,156,1,184,384,0,384,568
06/02/2020,PAE,WA,ANM,WE,Towers with Radar,3,4,34,0,41,0,0,132,2,134,3,4,166,2,175,382,10,392,567
06/03/2020,PAE,WA,ANM,WE,Towers with Radar,11,5,28,3,47,0,0,165,0,165,11,5,193,3,212,333,6,339,551
06/04/2020,PAE,WA,ANM,WE,Towers with Radar,3,10,43,0,56,0,0,200,0,200,3,10,243,0,256,416,0,416,672
06/05/2020,PAE,WA,ANM,WE,Towers with Radar,13,4,39,1,57,4,2,162,0,168,17,6,201,1,225,210,0,210,435
06/06/2020,PAE,WA,ANM,WE,Towers with Radar,0,5,12,0,17,0,0,68,0,68,0,5,80,0,85,216,0,216,301
06/07/2020,PAE,WA,ANM,WE,Towers with Radar,2,4,43,0,49,0,0,90,0,90,2,4,133,0,139,188,0,188,327
06/08/2020,PAE,WA,ANM,WE,Towers with Radar,7,6,48,0,61,3,0,80,0,83,10,6,128,0,144,203,4,207,351
06/09/2020,PAE,WA,ANM,WE,Towers with Radar,2,7,41,0,50,0,0,5,0,5,2,7,46,0,55,18,0,18,73
06/10/2020,PAE,WA,ANM,WE,Towers with Radar,8,5,29,0,42,10,0,128,0,138,18,5,157,0,180,159,0,159,339
06/11/2020,PAE,WA,ANM,WE,Towers with Radar,9,4,19,0,32,0,0,135,0,135,9,4,154,0,167,374,0,374,541
06/12/2020,PAE,WA,ANM,WE,Towers with Radar,9,10,56,4,79,0,0,20,0,20,9,10,76,4,99,0,0,0,99
06/13/2020,PAE,WA,ANM,WE,Towers with Radar,0,2,49,0,51,0,0,36,0,36,0,2,85,0,87,154,0,154,241
06/14/2020,PAE,WA,ANM,WE,Towers with Radar,0,3,24,0,27,0,0,176,0,176,0,3,200,0,203,221,0,221,424
06/15/2020,PAE,WA,ANM,WE,Towers with Radar,1,10,39,9,59,0,0,23,0,23,1,10,62,9,82,29,0,29,111
06/16/2020,PAE,WA,ANM,WE,Towers with Radar,10,8,32,0,50,0,0,80,0,80,10,8,112,0,130,158,0,158,288
06/17/2020,PAE,WA,ANM,WE,Towers with Radar,3,6,50,4,63,0,0,246,0,246,3,6,296,4,309,423,21,444,753
06/18/2020,PAE,WA,ANM,WE,Towers with Radar,7,6,28,0,41,0,0,259,0,259,7,6,287,0,300,448,0,448,748
06/19/2020,PAE,WA,ANM,WE,Towers with Radar,3,7,26,7,43,0,1,239,0,240,3,8,265,7,283,305,31,336,619
06/20/2020,PAE,WA,ANM,WE,Towers with Radar,1,14,14,0,29,0,0,65,0,65,1,14,79,0,94,111,0,111,205
06/21/2020,PAE,WA,ANM,WE,Towers with Radar,4,1,38,0,43,0,0,89,0,89,4,1,127,0,132,75,0,75,207
06/22/2020,PAE,WA,ANM,WE,Towers with Radar,6,9,38,1,54,0,0,185,1,186,6,9,223,2,240,396,0,396,636
06/23/2020,PAE,WA,ANM,WE,Towers with Radar,2,5,30,0,37,0,0,184,0,184,2,5,214,0,221,357,0,357,578
06/24/2020,PAE,WA,ANM,WE,Towers with Radar,11,7,47,19,84,60,0,117,0,177,71,7,164,19,261,382,0,382,643
06/25/2020,PAE,WA,ANM,WE,Towers with Radar,10,4,35,3,52,0,0,214,2,216,10,4,249,5,268,478,24,502,770
06/26/2020,PAE,WA,ANM,WE,Towers with Radar,4,13,32,1,50,9,0,265,0,274,13,13,297,1,324,473,0,473,797
06/27/2020,PAE,WA,ANM,WE,Towers with Radar,5,4,63,0,72,0,0,18,0,18,5,4,81,0,90,2,0,2,92
06/28/2020,PAE,WA,ANM,WE,Towers with Radar,0,0,43,0,43,0,0,128,0,128,0,0,171,0,171,127,0,127,298
06/29/2020,PAE,WA,ANM,WE,Towers with Radar,1,4,26,0,31,0,0,116,0,116,1,4,142,0,147,431,0,431,578
06/30/2020,PAE,WA,ANM,WE,Towers with Radar,1,4,53,0,58,0,0,51,0,51,1,4,104,0,109,159,0,159,268
07/01/2020,PAE,WA,ANM,WE,Towers with Radar,6,6,57,2,71,0,0,52,0,52,6,6,109,2,123,245,0,245,368
07/02/2020,PAE,WA,ANM,WE,Towers with Radar,1,5,69,0,75,0,0,128,0,128,1,5,197,0,203,280,0,280,483
07/03/2020,PAE,WA,ANM,WE,Towers with Radar,0,4,35,0,39,0,0,144,0,144,0,4,179,0,183,444,0,444,627
07/04/2020,PAE,WA,ANM,WE,Towers with Radar,0,0,18,0,18,0,0,148,0,148,0,0,166,0,166,114,0,114,280
07/05/2020,PAE,WA,ANM,WE,Towers with Radar,0,3,28,0,31,0,0,256,0,256,0,3,284,0,287,140,0,140,427
07/06/2020,PAE,WA,ANM,WE,Towers with Radar,4,6,32,16,58,0,0,191,0,191,4,6,223,16,249,311,0,311,560
07/07/2020,PAE,WA,ANM,WE,Towers with Radar,5,9,26,0,40,0,0,34,0,34,5,9,60,0,74,118,0,118,192
07/08/2020,PAE,WA,ANM,WE,Towers with Radar,5,5,30,4,44,0,0,131,0,131,5,5,161,4,175,436,0,436,611
07/09/2020,PAE,WA,ANM,WE,Towers with Radar,1,8,44,5,58,0,2,65,0,67,1,10,109,5,125,305,9,314,439
07/10/2020,PAE,WA,ANM,WE,Towers with Radar,1,10,44,0,55,0,1,194,0,195,1,11,238,0,250,360,0,360,610
07/11/2020,PAE,WA,ANM,WE,Towers with Radar,3,2,33,0,38,0,1,206,0,207,3,3,239,0,245,272,0,272,517
07/12/2020,PAE,WA,ANM,WE,Towers with Radar,3,0,15,2,20,0,0,112,0,112,3,0,127,2,132,96,0,96,228
07/13/2020,PAE,WA,ANM,WE,Towers with Radar,3,5,23,0,31,0,2,155,0,157,3,7,178,0,188,458,0,458,646
07/14/2020,PAE,WA,ANM,WE,Towers with Radar,10,6,21,2,39,18,1,173,0,192,28,7,194,2,231,407,0,407,638
07/15/2020,PAE,WA,ANM,WE,Towers with Radar,11,9,37,0,57,6,3,186,0,195,17,12,223,0,252,560,0,560,812
07/16/2020,PAE,WA,ANM,WE,Towers with Radar,7,8,25,0,40,7,2,154,0,163,14,10,179,0,203,377,0,377,580
07/17/2020,PAE,WA,ANM,WE,Towers with Radar,9,14,23,0,46,0,1,108,0,109,9,15,131,0,155,265,0,265,420
07/18/2020,PAE,WA,ANM,WE,Towers with Radar,0,3,12,0,15,0,0,237,0,237,0,3,249,0,252,207,0,207,459
07/19/2020,PAE,WA,ANM,WE,Towers with Radar,1,3,15,0,19,0,1,219,0,220,1,4,234,0,239,112,0,112,351
07/20/2020,PAE,WA,ANM,WE,Towers with Radar,7,5,21,0,33,0,0,180,1,181,7,5,201,1,214,246,0,246,460
07/21/2020,PAE,WA,ANM,WE,Towers with Radar,6,6,35,1,48,0,0,202,0,202,6,6,237,1,250,315,0,315,565
07/22/2020,PAE,WA,ANM,WE,Towers with Radar,2,8,30,0,40,0,0,54,0,54,2,8,84,0,94,118,0,118,212
07/23/2020,PAE,WA,ANM,WE,Towers with Radar,13,8,25,1,47,0,2,70,0,72,13,10,95,1,119,273,0,273,392
07/24/2020,PAE,WA,ANM,WE,Towers with Radar,8,8,23,2,41,0,0,129,0,129,8,8,152,2,170,253,0,253,423
07/25/2020,PAE,WA,ANM,WE,Towers with Radar,0,7,32,1,40,0,0,258,0,258,0,7,290,1,298,160,0,160,458
07/26/2020,PAE,WA,ANM,WE,Towers with Radar,4,0,15,0,19,0,0,230,0,230,4,0,245,0,249,180,0,180,429
07/27/2020,PAE,WA,ANM,WE,Towers with Radar,2,10,22,2,36,0,1,205,0,206,2,11,227,2,242,293,0,293,535
07/28/2020,PAE,WA,ANM,WE,Towers with Radar,7,10,39,2,58,0,0,179,0,179,7,10,218,2,237,281,0,281,518
07/29/2020,PAE,WA,ANM,WE,Towers with Radar,4,5,30,0,39,0,0,228,0,228,4,5,258,0,267,400,0,400,667
07/30/2020,PAE,WA,ANM,WE,Towers with Radar,15,9,23,2,49,0,0,226,0,226,15,9,249,2,275,332,0,332,607
07/31/2020,PAE,WA,ANM,WE,Towers with Radar,4,5,36,2,47,0,0,224,0,224,4,5,260,2,271,323,8,331,602
08/01/2020,PAE,WA,ANM,WE,Towers with Radar,15,5,59,0,79,0,1,145,0,146,15,6,204,0,225,136,0,136,361
08/02/2020,PAE,WA,ANM,WE,Towers with Radar,12,2,37,0,51,0,0,211,0,211,12,2,248,0,262,253,0,253,515
08/03/2020,PAE,WA,ANM,WE,Towers with Radar,12,6,26,0,44,1,0,130,1,132,13,6,156,1,176,139,10,149,325
08/04/2020,PAE,WA,ANM,WE,Towers with Radar,8,6,38,0,52,0,0,142,2,144,8,6,180,2,196,248,6,254,450
08/05/2020,PAE,WA,ANM,WE,Towers with Radar,9,6,25,0,40,0,1,207,0,208,9,7,232,0,248,350,0,350,598
08/06/2020,PAE,WA,ANM,WE,Towers with Radar,16,4,40,0,60,0,0,49,0,49,16,4,89,0,109,99,0,99,208
08/07/2020,PAE,WA,ANM,WE,Towers with Radar,10,8,36,2,56,0,0,182,0,182,10,8,218,2,238,329,16,345,583
08/08/2020,PAE,WA,ANM,WE,Towers with Radar,7,6,55,0,68,0,0,73,0,73,7,6,128,0,141,174,0,174,315
08/09/2020,PAE,WA,ANM,WE,Towers with Radar,11,0,15,0,26,0,0,261,0,261,11,0,276,0,287,161,0,161,448
08/10/2020,PAE,WA,ANM,WE,Towers with Radar,12,6,25,0,43,6,0,197,0,203,18,6,222,0,246,288,0,288,534
08/11/2020,PAE,WA,ANM,WE,Towers with Radar,6,3,41,2,52,0,0,131,0,131,6,3,172,2,183,235,4,239,422
08/12/2020,PAE,WA,ANM,WE,Towers with Radar,8,10,37,2,57,5,0,169,0,174,13,10,206,2,231,328,0,328,559
08/13/2020,PAE,WA,ANM,WE,Towers with Radar,13,10,44,0,67,2,1,185,0,188,15,11,229,0,255,397,0,397,652
08/14/2020,PAE,WA,ANM,WE,Towers with Radar,13,8,26,2,49,0,0,218,0,218,13,8,244,2,267,390,0,390,657
08/15/2020,PAE,WA,ANM,WE,Towers with Radar,10,7,20,0,37,0,0,238,0,238,10,7,258,0,275,302,0,302,577
08/16/2020,PAE,WA,ANM,WE,Towers with Radar,5,3,27,0,35,0,0,209,0,209,5,3,236,0,244,241,0,241,485
08/17/2020,PAE,WA,ANM,WE,Towers with Radar,8,8,55,0,71,0,0,183,0,183,8,8,238,0,254,304,0,304,558
08/18/2020,PAE,WA,ANM,WE,Towers with Radar,21,8,54,1,84,0,0,164,0,164,21,8,218,1,248,424,2,426,674
08/19/2020,PAE,WA,ANM,WE,Towers with Radar,13,5,45,3,66,2,0,197,0,199,15,5,242,3,265,375,0,375,640
08/20/2020,PAE,WA,ANM,WE,Towers with Radar,13,11,58,7,89,0,2,141,0,143,13,13,199,7,232,400,0,400,632
08/21/2020,PAE,WA,ANM,WE,Towers with Radar,17,6,53,2,78,0,0,46,0,46,17,6,99,2,124,26,2,28,152
08/22/2020,PAE,WA,ANM,WE,Towers with Radar,10,6,32,0,48,0,0,189,0,189,10,6,221,0,237,317,8,325,562
08/23/2020,PAE,WA,ANM,WE,Towers with Radar,10,1,39,0,50,0,0,205,0,205,10,1,244,0,255,229,8,237,492
08/24/2020,PAE,WA,ANM,WE,Towers with Radar,18,12,24,6,60,5,0,192,0,197,23,12,216,6,257,365,0,365,622
08/25/2020,PAE,WA,ANM,WE,Towers with Radar,9,4,27,0,40,0,0,221,0,221,9,4,248,0,261,432,0,432,693
08/26/2020,PAE,WA,ANM,WE,Towers with Radar,14,11,47,0,72,0,1,214,0,215,14,12,261,0,287,324,0,324,611
08/27/2020,PAE,WA,ANM,WE,Towers with Radar,12,4,26,1,43,0,1,197,0,198,12,5,223,1,241,422,26,448,689
08/28/2020,PAE,WA,ANM,WE,Towers with Radar,12,6,41,0,59,0,0,189,1,190,12,6,230,1,249,249,12,261,510
08/29/2020,PAE,WA,ANM,WE,Towers with Radar,8,3,32,0,43,0,0,189,0,189,8,3,221,0,232,313,0,313,545
08/30/2020,PAE,WA,ANM,WE,Towers with Radar,7,2,30,0,39,0,0,220,0,220,7,2,250,0,259,288,0,288,547
08/31/2020,PAE,WA,ANM,WE,Towers with Radar,9,3,31,0,43,7,0,92,0,99,16,3,123,0,142,268,0,268,410
09/01/2020,PAE,WA,ANM,WE,Towers with Radar,5,6,41,1,53,0,0,194,1,195,5,6,235,2,248,415,0,415,663
09/02/2020,PAE,WA,ANM,WE,Towers with Radar,13,2,26,0,41,0,2,164,1,167,13,4,190,1,208,211,6,217,425
09/03/2020,PAE,WA,ANM,WE,Towers with Radar,7,4,37,0,48,0,0,201,0,201,7,4,238,0,249,284,0,284,533
09/04/2020,PAE,WA,ANM,WE,Towers with Radar,11,4,35,2,52,3,1,221,0,225,14,5,256,2,277,336,0,336,613
09/05/2020,PAE,WA,ANM,WE,Towers with Radar,6,0,41,0,47,0,2,135,0,137,6,2,176,0,184,311,0,311,495
09/06/2020,PAE,WA,ANM,WE,Towers with Radar,6,1,16,0,23,0,1,163,0,164,6,2,179,0,187,172,0,172,359
09/07/2020,PAE,WA,ANM,WE,Towers with Radar,6,1,29,0,36,0,0,68,0,68,6,1,97,0,104,23,0,23,127
09/08/2020,PAE,WA,ANM,WE,Towers with Radar,9,6,40,4,59,0,0,107,0,107,9,6,147,4,166,263,0,263,429
09/09/2020,PAE,WA,ANM,WE,Towers with Radar,13,5,37,0,55,0,0,147,0,147,13,5,184,0,202,409,0,409,611
09/10/2020,PAE,WA,ANM,WE,Towers with Radar,13,8,38,0,59,1,0,128,0,129,14,8,166,0,188,356,0,356,544
09/11/2020,PAE,WA,ANM,WE,Towers with Radar,7,6,52,6,71,0,0,4,0,4,7,6,56,6,75,2,0,2,77
09/12/2020,PAE,WA,ANM,WE,Towers with Radar,8,1,4,0,13,0,0,0,0,0,8,1,4,0,13,0,0,0,13
09/13/2020,PAE,WA,ANM,WE,Towers with Radar,4,0,10,0,14,0,0,0,0,0,4,0,10,0,14,0,0,0,14
09/14/2020,PAE,WA,ANM,WE,Towers with Radar,9,8,15,0,32,0,0,0,0,0,9,8,15,0,32,0,0,0,32
09/15/2020,PAE,WA,ANM,WE,Towers with Radar,9,3,1,1,14,0,0,0,0,0,9,3,1,1,14,0,0,0,14
09/16/2020,PAE,WA,ANM,WE,Towers with Radar,8,4,13,0,25,0,0,2,0,2,8,4,15,0,27,0,0,0,27
09/17/2020,PAE,WA,ANM,WE,Towers with Radar,14,3,30,0,47,0,0,12,0,12,14,3,42,0,59,73,0,73,132
09/18/2020,PAE,WA,ANM,WE,Towers with Radar,10,7,17,4,38,0,0,2,0,2,10,7,19,4,40,0,0,0,40
09/19/2020,PAE,WA,ANM,WE,Towers with Radar,9,5,88,0,102,0,0,21,0,21,9,5,109,0,123,13,0,13,136
09/20/2020,PAE,WA,ANM,WE,Towers with Radar,14,9,60,0,83,0,0,162,0,162,14,9,222,0,245,256,0,256,501
09/21/2020,PAE,WA,ANM,WE,Towers with Radar,10,10,68,0,88,0,0,186,1,187,10,10,254,1,275,414,8,422,697
09/22/2020,PAE,WA,ANM,WE,Towers with Radar,17,7,68,2,94,0,0,176,0,176,17,7,244,2,270,305,0,305,575
09/23/2020,PAE,WA,ANM,WE,Towers with Radar,8,4,30,0,42,0,0,1,0,1,8,4,31,0,43,0,0,0,43
09/24/2020,PAE,WA,ANM,WE,Towers with Radar,10,5,30,8,53,0,0,40,0,40,10,5,70,8,93,87,0,87,180
09/25/2020,PAE,WA,ANM,WE,Towers with Radar,19,7,28,0,54,0,1,17,0,18,19,8,45,0,72,22,0,22,94
09/26/2020,PAE,WA,ANM,WE,Towers with Radar,10,0,46,1,57,0,0,65,0,65,10,0,111,1,122,207,6,213,335
09/27/2020,PAE,WA,ANM,WE,Towers with Radar,15,2,30,0,47,0,0,243,0,243,15,2,273,0,290,367,2,369,659
09/28/2020,PAE,WA,ANM,WE,Towers with Radar,12,11,36,3,62,0,1,223,5,229,12,12,259,8,291,361,6,367,658
09/29/2020,PAE,WA,ANM,WE,Towers with Radar,9,2,36,11,58,0,0,234,1,235,9,2,270,12,293,428,6,434,727
09/30/2020,PAE,WA,ANM,WE,Towers with Radar,13,4,44,0,61,0,0,227,0,227,13,4,271,0,288,581,0,581,869
10/01/2020,PAE,WA,ANM,WE,Towers with Radar,7,4,27,3,41,0,1,137,0,138,7,5,164,3,179,449,6,455,634
10/02/2020,PAE,WA,ANM,WE,Towers with Radar,8,10,27,0,45,0,0,165,0,165,8,10,192,0,210,355,0,355,565
10/03/2020,PAE,WA,ANM,WE,Towers with Radar,4,6,18,0,28,0,0,0,0,0,4,6,18,0,28,0,0,0,28
10/04/2020,PAE,WA,ANM,WE,Towers with Radar,10,5,46,0,61,0,1,24,0,25,10,6,70,0,86,1,0,1,87
10/05/2020,PAE,WA,ANM,WE,Towers with Radar,10,10,27,3,50,0,0,138,0,138,10,10,165,3,188,275,0,275,463
10/06/2020,PAE,WA,ANM,WE,Towers with Radar,12,4,45,9,70,0,0,212,2,214,12,4,257,11,284,364,27,391,675
10/07/2020,PAE,WA,ANM,WE,Towers with Radar,12,5,38,0,55,0,0,30,0,30,12,5,68,0,85,82,0,82,167
10/08/2020,PAE,WA,ANM,WE,Towers with Radar,19,7,62,0,88,0,0,76,0,76,19,7,138,0,164,465,0,465,629
10/09/2020,PAE,WA,ANM,WE,Towers with Radar,11,2,44,0,57,3,0,92,0,95,14,2,136,0,152,208,0,208,360
10/10/2020,PAE,WA,ANM,WE,Towers with Radar,9,1,13,0,23,1,0,23,0,24,10,1,36,0,47,79,0,79,126
10/11/2020,PAE,WA,ANM,WE,Towers with Radar,8,3,27,0,38,0,0,24,0,24,8,3,51,0,62,134,0,134,196
10/12/2020,PAE,WA,ANM,WE,Towers with Radar,16,8,65,0,89,0,0,119,0,119,16,8,184,0,208,376,0,376,584
10/13/2020,PAE,WA,ANM,WE,Towers with Radar,19,7,11,0,37,0,0,3,0,3,19,7,14,0,40,2,0,2,42
10/14/2020,PAE,WA,ANM,WE,Towers with Radar,22,11,45,0,78,0,2,134,0,136,22,13,179,0,214,441,0,441,655
10/15/2020,PAE,WA,ANM,WE,Towers with Radar,15,7,56,0,78,0,0,286,0,286,15,7,342,0,364,527,0,527,891
10/16/2020,PAE,WA,ANM,WE,Towers with Radar,22,2,41,0,65,1,0,10,0,11,23,2,51,0,76,32,0,32,108
10/17/2020,PAE,WA,ANM,WE,Towers with Radar,12,1,60,0,73,2,0,21,0,23,14,1,81,0,96,130,0,130,226
10/18/2020,PAE,WA,ANM,WE,Towers with Radar,14,4,34,1,53,0,0,8,0,8,14,4,42,1,61,2,0,2,63
10/19/2020,PAE,WA,ANM,WE,Towers with Radar,15,6,35,0,56,0,0,29,0,29,15,6,64,0,85,213,0,213,298
10/20/2020,PAE,WA,ANM,WE,Towers with Radar,9,3,43,0,55,0,0,161,0,161,9,3,204,0,216,457,0,457,673
10/21/2020,PAE,WA,ANM,WE,Towers with Radar,21,2,42,0,65,3,0,104,0,107,24,2,146,0,172,323,0,323,495
10/22/2020,PAE,WA,ANM,WE,Towers with Radar,14,4,33,0,51,0,0,184,0,184,14,4,217,0,235,400,0,400,635
10/23/2020,PAE,WA,ANM,WE,Towers with Radar,16,4,30,2,52,0,0,23,0,23,16,4,53,2,75,59,0,59,134
10/24/2020,PAE,WA,ANM,WE,Towers with Radar,8,4,25,0,37,0,0,212,0,212,8,4,237,0,249,420,0,420,669
10/25/2020,PAE,WA,ANM,WE,Towers with Radar,11,4,32,0,47,0,2,314,0,316,11,6,346,0,363,515,0,515,878
10/26/2020,PAE,WA,ANM,WE,Towers with Radar,17,5,54,1,77,0,0,156,0,156,17,5,210,1,233,534,0,534,767
10/27/2020,PAE,WA,ANM,WE,Towers with Radar,12,5,72,0,89,0,1,137,0,138,12,6,209,0,227,285,0,285,512
10/28/2020,PAE,WA,ANM,WE,Towers with Radar,12,6,79,7,104,0,0,75,0,75,12,6,154,7,179,150,0,150,329
10/29/2020,PAE,WA,ANM,WE,Towers with Radar,17,10,63,3,93,0,0,111,0,111,17,10,174,3,204,184,8,192,396
10/30/2020,PAE,WA,ANM,WE,Towers with Radar,12,1,51,0,64,0,0,108,0,108,12,1,159,0,172,288,0,288,460
10/31/2020,PAE,WA,ANM,WE,Towers with Radar,8,2,35,0,45,0,0,307,0,307,8,2,342,0,352,415,0,415,767
11/01/2020,PAE,WA,ANM,WE,Towers with Radar,10,4,51,0,65,0,0,279,0,279,10,4,330,0,344,374,0,374,718
11/02/2020,PAE,WA,ANM,WE,Towers with Radar,6,9,34,0,49,0,1,210,0,211,6,10,244,0,260,279,0,279,539
11/03/2020,PAE,WA,ANM,WE,Towers with Radar,7,8,12,0,27,0,0,0,0,0,7,8,12,0,27,0,0,0,27
11/04/2020,PAE,WA,ANM,WE,Towers with Radar,12,3,12,0,27,0,2,5,0,7,12,5,17,0,34,0,0,0,34
11/05/2020,PAE,WA,ANM,WE,Towers with Radar,14,5,26,2,47,0,0,17,0,17,14,5,43,2,64,108,0,108,172
11/06/2020,PAE,WA,ANM,WE,Towers with Radar,19,5,36,4,64,0,0,129,0,129,19,5,165,4,193,276,0,276,469
11/07/2020,PAE,WA,ANM,WE,Towers with Radar,11,3,22,0,36,2,0,96,0,98,13,3,118,0,134,353,0,353,487
11/08/2020,PAE,WA,ANM,WE,Towers with Radar,14,0,41,1,56,0,0,279,1,280,14,0,320,2,336,255,2,257,593
11/09/2020,PAE,WA,ANM,WE,Towers with Radar,16,8,28,0,52,0,0,94,0,94,16,8,122,0,146,286,0,286,432
11/10/2020,PAE,WA,ANM,WE,Towers with Radar,18,2,35,0,55,0,0,13,0,13,18,2,48,0,68,0,0,0,68
11/11/2020,PAE,WA,ANM,WE,Towers with Radar,17,4,55,0,76,0,0,149,0,149,17,4,204,0,225,552,2,554,779
11/12/2020,PAE,WA,ANM,WE,Towers with Radar,18,5,15,0,38,0,0,52,0,52,18,5,67,0,90,177,0,177,267
11/13/2020,PAE,WA,ANM,WE,Towers with Radar,18,6,12,0,36,0,0,23,0,23,18,6,35,0,59,119,0,119,178
11/14/2020,PAE,WA,ANM,WE,Towers with Radar,17,7,66,0,90,0,0,76,0,76,17,7,142,0,166,219,0,219,385
11/15/2020,PAE,WA,ANM,WE,Towers with Radar,15,7,22,0,44,0,0,61,0,61,15,7,83,0,105,111,0,111,216
11/16/2020,PAE,WA,ANM,WE,Towers with Radar,14,9,30,0,53,0,0,10,0,10,14,9,40,0,63,50,0,50,113
11/17/2020,PAE,WA,ANM,WE,Towers with Radar,17,5,18,0,40,0,0,10,0,10,17,5,28,0,50,3,0,3,53
11/18/2020,PAE,WA,ANM,WE,Towers with Radar,10,3,36,0,49,0,0,12,0,12,10,3,48,0,61,24,0,24,85
11/19/2020,PAE,WA,ANM,WE,Towers with Radar,19,4,26,0,49,0,0,51,0,51,19,4,77,0,100,141,0,141,241
11/20/2020,PAE,WA,ANM,WE,Towers with Radar,17,4,40,4,65,0,0,98,0,98,17,4,138,4,163,191,13,204,367
11/21/2020,PAE,WA,ANM,WE,Towers with Radar,16,8,54,0,78,0,0,267,0,267,16,8,321,0,345,359,0,359,704
11/22/2020,PAE,WA,ANM,WE,Towers with Radar,14,4,38,0,56,0,0,85,0,85,14,4,123,0,141,408,0,408,549
11/23/2020,PAE,WA,ANM,WE,Towers with Radar,11,5,32,0,48,0,0,19,1,20,11,5,51,1,68,98,6,104,172
11/24/2020,PAE,WA,ANM,WE,Towers with Radar,28,8,7,5,48,0,0,2,0,2,28,8,9,5,50,12,2,14,64
11/25/2020,PAE,WA,ANM,WE,Towers with Radar,27,3,56,0,86,2,0,87,0,89,29,3,143,0,175,201,0,201,376
11/26/2020,PAE,WA,ANM,WE,Towers with Radar,0,0,6,0,6,0,0,2,0,2,0,0,8,0,8,0,0,0,8
11/27/2020,PAE,WA,ANM,WE,Towers with Radar,14,5,30,0,49,0,0,164,0,164,14,5,194,0,213,178,0,178,391
11/28/2020,PAE,WA,ANM,WE,Towers with Radar,23,4,36,0,63,0,0,61,0,61,23,4,97,0,124,254,0,254,378
11/29/2020,PAE,WA,ANM,WE,Towers with Radar,23,20,58,0,101,0,1,198,0,199,23,21,256,0,300,296,0,296,596
11/30/2020,PAE,WA,ANM,WE,Towers with Radar,22,12,39,0,73,0,1,73,0,74,22,13,112,0,147,149,0,149,296
12/01/2020,PAE,WA,ANM,WE,Towers with Radar,27,6,25,10,68,0,0,220,2,222,27,6,245,12,290,377,10,387,677
12/02/2020,PAE,WA,ANM,WE,Towers with Radar,25,6,57,2,90,0,1,232,0,233,25,7,289,2,323,284,0,284,607
12/03/2020,PAE,WA,ANM,WE,Towers with Radar,19,7,42,12,80,0,0,173,2,175,19,7,215,14,255,442,38,480,735
12/04/2020,PAE,WA,ANM,WE,Towers with Radar,19,4,18,0,41,0,2,258,3,263,19,6,276,3,304,329,21,350,654
12/05/2020,PAE,WA,ANM,WE,Towers with Radar,14,2,48,0,64,0,1,264,0,265,14,3,312,0,329,291,0,291,620
12/06/2020,PAE,WA,ANM,WE,Towers with Radar,13,3,38,4,58,0,0,41,0,41,13,3,79,4,99,46,0,46,145
12/07/2020,PAE,WA,ANM,WE,Towers with Radar,18,0,31,4,53,0,0,86,3,89,18,0,117,7,142,307,34,341,483
12/08/2020,PAE,WA,ANM,WE,Towers with Radar,20,3,29,4,56,0,0,0,0,0,20,3,29,4,56,0,0,0,56
12/09/2020,PAE,WA,ANM,WE,Towers with Radar,23,0,28,16,67,0,0,22,0,22,23,0,50,16,89,44,0,44,133
12/10/2020,PAE,WA,ANM,WE,Towers with Radar,21,10,35,28,94,0,0,131,0,131,21,10,166,28,225,301,0,301,526
12/11/2020,PAE,WA,ANM,WE,Towers with Radar,19,8,30,1,58,0,0,42,0,42,19,8,72,1,100,96,0,96,196
12/12/2020,PAE,WA,ANM,WE,Towers with Radar,12,0,48,0,60,0,0,245,1,246,12,0,293,1,306,406,0,406,712
12/13/2020,PAE,WA,ANM,WE,Towers with Radar,16,0,17,4,37,0,0,11,0,11,16,0,28,4,48,48,0,48,96
12/14/2020,PAE,WA,ANM,WE,Towers with Radar,20,4,13,6,43,0,0,4,0,4,20,4,17,6,47,23,0,23,70
12/15/2020,PAE,WA,ANM,WE,Towers with Radar,22,2,6,0,30,0,0,2,0,2,22,2,8,0,32,0,0,0,32
12/16/2020,PAE,WA,ANM,WE,Towers with Radar,14,7,25,0,46,0,1,31,0,32,14,8,56,0,78,121,0,121,199
12/17/2020,PAE,WA,ANM,WE,Towers with Radar,17,7,19,1,44,0,0,31,1,32,17,7,50,2,76,103,0,103,179
12/18/2020,PAE,WA,ANM,WE,Towers with Radar,20,1,12,10,43,0,0,15,0,15,20,1,27,10,58,28,0,28,86
12/19/2020,PAE,WA,ANM,WE,Towers with Radar,19,3,31,0,53,2,0,18,0,20,21,3,49,0,73,20,0,20,93
12/20/2020,PAE,WA,ANM,WE,Towers with Radar,25,8,34,0,67,0,0,29,0,29,25,8,63,0,96,101,0,101,197
12/21/2020,PAE,WA,ANM,WE,Towers with Radar,15,2,2,0,19,0,0,0,0,0,15,2,2,0,19,0,0,0,19
12/22/2020,PAE,WA,ANM,WE,Towers with Radar,19,3,28,0,50,0,0,216,0,216,19,3,244,0,266,245,0,245,511
12/23/2020,PAE,WA,ANM,WE,Towers with Radar,22,1,15,0,38,0,0,206,0,206,22,1,221,0,244,263,0,263,507
12/24/2020,PAE,WA,ANM,WE,Towers with Radar,14,8,17,0,39,2,0,165,0,167,16,8,182,0,206,168,0,168,374
12/25/2020,PAE,WA,ANM,WE,Towers with Radar,11,3,1,0,15,0,0,11,0,11,11,3,12,0,26,7,0,7,33
12/26/2020,PAE,WA,ANM,WE,Towers with Radar,15,2,14,0,31,0,3,14,0,17,15,5,28,0,48,6,0,6,54
12/27/2020,PAE,WA,ANM,WE,Towers with Radar,18,3,40,0,61,0,0,78,0,78,18,3,118,0,139,248,0,248,387
12/28/2020,PAE,WA,ANM,WE,Towers with Radar,12,7,37,2,58,0,0,195,2,197,12,7,232,4,255,237,0,237,492
12/29/2020,PAE,WA,ANM,WE,Towers with Radar,19,2,16,0,37,0,2,46,2,50,19,4,62,2,87,173,0,173,260
12/30/2020,PAE,WA,ANM,WE,Towers with Radar,13,3,18,0,34,0,0,5,0,5,13,3,23,0,39,0,0,0,39
12/31/2020,PAE,WA,ANM,WE,Towers with Radar,13,0,27,0,40,0,0,0,0,0,13,0,27,0,40,8,0,8,48
01/01/2021,PAE,WA,ANM,WE,Towers with Radar,12,3,11,0,26,0,0,6,0,6,12,3,17,0,32,12,0,12,44
01/02/2021,PAE,WA,ANM,WE,Towers with Radar,11,5,10,0,26,0,0,2,0,2,11,5,12,0,28,0,0,0,28
01/03/2021,PAE,WA,ANM,WE,Towers with Radar,11,1,36,0,48,0,0,23,0,23,11,1,59,0,71,5,0,5,76
01/04/2021,PAE,WA,ANM,WE,Towers with Radar,12,7,16,0,35,0,0,1,2,3,12,7,17,2,38,0,0,0,38
01/05/2021,PAE,WA,ANM,WE,Towers with Radar,18,0,15,1,34,3,0,21,0,24,21,0,36,1,58,21,17,38,96
01/06/2021,PAE,WA,ANM,WE,Towers with Radar,23,0,31,14,68,0,0,76,0,76,23,0,107,14,144,146,0,146,290
01/07/2021,PAE,WA,ANM,WE,Towers with Radar,25,1,44,2,72,0,0,222,0,222,25,1,266,2,294,354,0,354,648
01/08/2021,PAE,WA,ANM,WE,Towers with Radar,19,2,33,0,54,0,0,15,0,15,19,2,48,0,69,56,0,56,125
01/09/2021,PAE,WA,ANM,WE,Towers with Radar,14,5,71,0,90,0,0,203,0,203,14,5,274,0,293,303,0,303,596
01/10/2021,PAE,WA,ANM,WE,Towers with Radar,13,0,49,0,62,0,2,79,0,81,13,2,128,0,143,186,0,186,329
01/11/2021,PAE,WA,ANM,WE,Towers with Radar,12,1,18,1,32,0,0,5,0,5,12,1,23,1,37,11,0,11,48
01/12/2021,PAE,WA,ANM,WE,Towers with Radar,10,4,19,6,39,0,0,0,0,0,10,4,19,6,39,0,0,0,39
01/13/2021,PAE,WA,ANM,WE,Towers with Radar,19,4,40,6,69,0,0,146,1,147,19,4,186,7,216,402,0,402,618
01/14/2021,PAE,WA,ANM,WE,Towers with Radar,11,3,44,13,71,0,0,197,1,198,11,3,241,14,269,244,0,244,513
01/15/2021,PAE,WA,ANM,WE,Towers with Radar,14,1,36,0,51,0,0,72,0,72,14,1,108,0,123,200,0,200,323
01/16/2021,PAE,WA,ANM,WE,Towers with Radar,13,0,53,0,66,0,0,132,0,132,13,0,185,0,198,272,0,272,470
01/17/2021,PAE,WA,ANM,WE,Towers with Radar,12,4,47,0,63,0,0,20,0,20,12,4,67,0,83,94,0,94,177
01/18/2021,PAE,WA,ANM,WE,Towers with Radar,17,1,33,0,51,0,0,85,0,85,17,1,118,0,136,180,0,180,316
01/19/2021,PAE,WA,ANM,WE,Towers with Radar,13,3,41,2,59,0,0,92,1,93,13,3,133,3,152,213,15,228,380
01/20/2021,PAE,WA,ANM,WE,Towers with Radar,15,1,26,6,48,2,0,122,3,127,17,1,148,9,175,244,0,244,419
01/21/2021,PAE,WA,ANM,WE,Towers with Radar,12,10,24,6,52,0,0,34,0,34,12,10,58,6,86,70,0,70,156
01/22/2021,PAE,WA,ANM,WE,Towers with Radar,25,5,24,1,55,5,0,255,0,260,30,5,279,1,315,276,0,276,591
01/23/2021,PAE,WA,ANM,WE,Towers with Radar,13,2,62,0,77,0,0,180,0,180,13,2,242,0,257,144,0,144,401
01/24/2021,PAE,WA,ANM,WE,Towers with Radar,12,4,21,0,37,0,0,3,0,3,12,4,24,0,40,20,0,20,60
01/25/2021,PAE,WA,ANM,WE,Towers with Radar,24,3,17,0,44,0,0,47,0,47,24,3,64,0,91,127,0,127,218
01/26/2021,PAE,WA,ANM,WE,Towers with Radar,17,7,32,2,58,0,2,96,0,98,17,9,128,2,156,74,0,74,230
01/27/2021,PAE,WA,ANM,WE,Towers with Radar,24,1,32,8,65,0,0,79,0,79,24,1,111,8,144,140,0,140,284
01/28/2021,PAE,WA,ANM,WE,Towers with Radar,25,2,29,0,56,0,0,55,0,55,25,2,84,0,111,166,0,166,277
01/29/2021,PAE,WA,ANM,WE,Towers with Radar,18,5,24,0,47,0,0,89,0,89,18,5,113,0,136,137,0,137,273
01/30/2021,PAE,WA,ANM,WE,Towers with Radar,9,3,46,0,58,0,0,58,0,58,9,3,104,0,116,173,0,173,289
01/31/2021,PAE,WA,ANM,WE,Towers with Radar,24,2,25,0,51,0,0,15,0,15,24,2,40,0,66,7,0,7,73
02/01/2021,PAE,WA,ANM,WE,Towers with Radar,18,5,31,0,54,0,0,6,0,6,18,5,37,0,60,58,0,58,118
02/02/2021,PAE,WA,ANM,WE,Towers with Radar,11,0,24,0,35,0,0,5,0,5,11,0,29,0,40,2,0,2,42
02/03/2021,PAE,WA,ANM,WE,Towers with Radar,15,8,24,18,65,0,1,182,0,183,15,9,206,18,248,372,0,372,620
02/04/2021,PAE,WA,ANM,WE,Towers with Radar,13,2,17,2,34,0,0,0,0,0,13,2,17,2,34,0,0,0,34
02/05/2021,PAE,WA,ANM,WE,Towers with Radar,10,8,46,0,64,0,0,15,0,15,10,8,61,0,79,0,0,0,79
02/06/2021,PAE,WA,ANM,WE,Towers with Radar,18,2,20,0,40,0,0,19,0,19,18,2,39,0,59,35,0,35,94
02/07/2021,PAE,WA,ANM,WE,Towers with Radar,8,2,17,0,27,0,0,159,0,159,8,2,176,0,186,363,0,363,549
02/08/2021,PAE,WA,ANM,WE,Towers with Radar,11,0,16,4,31,0,1,44,0,45,11,1,60,4,76,169,0,169,245
02/09/2021,PAE,WA,ANM,WE,Towers with Radar,9,1,22,1,33,4,1,176,0,181,13,2,198,1,214,358,0,358,572
02/10/2021,PAE,WA,ANM,WE,Towers with Radar,8,1,26,0,35,2,0,122,1,125,10,1,148,1,160,336,8,344,504
02/11/2021,PAE,WA,ANM,WE,Towers with Radar,10,7,18,0,35,0,0,44,0,44,10,7,62,0,79,97,0,97,176
02/12/2021,PAE,WA,ANM,WE,Towers with Radar,10,5,21,0,36,0,0,41,0,41,10,5,62,0,77,73,0,73,150
02/13/2021,PAE,WA,ANM,WE,Towers with Radar,5,1,3,0,9,0,0,0,0,0,5,1,3,0,9,0,0,0,9
02/14/2021,PAE,WA,ANM,WE,Towers with Radar,4,4,2,0,10,0,0,0,0,0,4,4,2,0,10,0,0,0,10
02/15/2021,PAE,WA,ANM,WE,Towers with Radar,14,2,6,0,22,0,0,0,0,0,14,2,6,0,22,0,0,0,22
02/16/2021,PAE,WA,ANM,WE,Towers with Radar,13,0,12,2,27,0,0,38,0,38,13,0,50,2,65,117,0,117,182
02/17/2021,PAE,WA,ANM,WE,Towers with Radar,8,3,37,6,54,0,0,217,0,217,8,3,254,6,271,393,0,393,664
02/18/2021,PAE,WA,ANM,WE,Towers with Radar,17,2,14,2,35,0,0,35,0,35,17,2,49,2,70,122,0,122,192
02/19/2021,PAE,WA,ANM,WE,Towers with Radar,8,3,52,0,63,0,0,42,0,42,8,3,94,0,105,142,0,142,247
02/20/2021,PAE,WA,ANM,WE,Towers with Radar,6,2,57,0,65,0,0,128,0,128,6,2,185,0,193,179,0,179,372
02/21/2021,PAE,WA,ANM,WE,Towers with Radar,7,2,8,0,17,0,0,6,0,6,7,2,14,0,23,0,0,0,23
02/22/2021,PAE,WA,ANM,WE,Towers with Radar,7,3,13,0,23,0,0,5,0,5,7,3,18,0,28,0,0,0,28
02/23/2021,PAE,WA,ANM,WE,Towers with Radar,8,1,22,10,41,4,0,57,0,61,12,1,79,10,102,182,0,182,284
02/24/2021,PAE,WA,ANM,WE,Towers with Radar,14,3,54,2,73,0,0,196,0,196,14,3,250,2,269,270,0,270,539
02/25/2021,PAE,WA,ANM,WE,Towers with Radar,12,4,13,0,29,0,0,9,0,9,12,4,22,0,38,60,0,60,98
02/26/2021,PAE,WA,ANM,WE,Towers with Radar,11,3,14,4,32,3,0,64,0,67,14,3,78,4,99,128,4,132,231
02/27/2021,PAE,WA,ANM,WE,Towers with Radar,5,0,42,2,49,0,0,303,0,303,5,0,345,2,352,271,0,271,623
02/28/2021,PAE,WA,ANM,WE,Towers with Radar,7,0,53,0,60,0,0,14,0,14,7,0,67,0,74,22,0,22,96
03/01/2021,PAE,WA,ANM,WE,Towers with Radar,8,4,34,13,59,0,1,139,0,140,8,5,173,13,199,360,0,360,559
03/02/2021,PAE,WA,ANM,WE,Towers with Radar,6,7,23,9,45,0,0,61,0,61,6,7,84,9,106,194,20,214,320
03/03/2021,PAE,WA,ANM,WE,Towers with Radar,11,3,53,2,69,0,0,261,0,261,11,3,314,2,330,408,0,408,738
03/04/2021,PAE,WA,ANM,WE,Towers with Radar,13,3,36,0,52,0,0,65,0,65,13,3,101,0,117,157,0,157,274
03/05/2021,PAE,WA,ANM,WE,Towers with Radar,11,0,19,0,30,0,0,13,0,13,11,0,32,0,43,40,0,40,83
03/06/2021,PAE,WA,ANM,WE,Towers with Radar,11,1,43,0,55,0,0,65,0,65,11,1,108,0,120,139,0,139,259
03/07/2021,PAE,WA,ANM,WE,Towers with Radar,14,1,14,0,29,0,0,21,0,21,14,1,35,0,50,0,0,0,50
03/08/2021,PAE,WA,ANM,WE,Towers with Radar,12,1,57,6,76,0,0,189,0,189,12,1,246,6,265,245,0,245,510
03/09/2021,PAE,WA,ANM,WE,Towers with Radar,15,0,35,1,51,0,0,141,1,142,15,0,176,2,193,247,2,249,442
03/10/2021,PAE,WA,ANM,WE,Towers with Radar,14,2,49,2,67,0,0,204,0,204,14,2,253,2,271,207,0,207,478
03/11/2021,PAE,WA,ANM,WE,Towers with Radar,10,3,40,4,57,7,2,242,0,251,17,5,282,4,308,247,18,265,573
03/12/2021,PAE,WA,ANM,WE,Towers with Radar,13,6,59,8,86,6,0,192,1,199,19,6,251,9,285,300,22,322,607
03/13/2021,PAE,WA,ANM,WE,Towers with Radar,7,5,48,0,60,0,0,289,0,289,7,5,337,0,349,188,0,188,537
03/14/2021,PAE,WA,ANM,WE,Towers with Radar,8,1,31,0,40,0,0,23,0,23,8,1,54,0,63,82,0,82,145
03/15/2021,PAE,WA,ANM,WE,Towers with Radar,8,3,18,0,29,0,1,123,0,124,8,4,141,0,153,247,0,247,400
03/16/2021,PAE,WA,ANM,WE,Towers with Radar,14,0,28,2,44,6,0,175,0,181,20,0,203,2,225,237,0,237,462
03/17/2021,PAE,WA,ANM,WE,Towers with Radar,8,1,59,4,72,0,0,212,0,212,8,1,271,4,284,404,2,406,690
03/18/2021,PAE,WA,ANM,WE,Towers with Radar,15,1,20,0,36,0,0,44,0,44,15,1,64,0,80,21,0,21,101
03/19/2021,PAE,WA,ANM,WE,Towers with Radar,23,0,22,0,45,0,0,35,2,37,23,0,57,2,82,40,0,40,122
03/20/2021,PAE,WA,ANM,WE,Towers with Radar,11,3,34,0,48,0,0,19,0,19,11,3,53,0,67,14,0,14,81
03/21/2021,PAE,WA,ANM,WE,Towers with Radar,14,3,21,0,38,0,0,17,0,17,14,3,38,0,55,5,2,7,62
03/22/2021,PAE,WA,ANM,WE,Towers with Radar,18,2,18,0,38,0,3,94,1,98,18,5,112,1,136,175,0,175,311
03/23/2021,PAE,WA,ANM,WE,Towers with Radar,17,0,40,0,57,0,0,185,0,185,17,0,225,0,242,321,17,338,580
03/24/2021,PAE,WA,ANM,WE,Towers with Radar,10,2,23,0,35,0,0,0,0,0,10,2,23,0,35,0,0,0,35
03/25/2021,PAE,WA,ANM,WE,Towers with Radar,21,2,27,0,50,0,0,64,0,64,21,2,91,0,114,165,0,165,279
03/26/2021,PAE,WA,ANM,WE,Towers with Radar,19,1,101,8,129,0,0,97,0,97,19,1,198,8,226,138,0,138,364
03/27/2021,PAE,WA,ANM,WE,Towers with Radar,14,2,54,0,70,0,1,162,0,163,14,3,216,0,233,363,0,363,596
03/28/2021,PAE,WA,ANM,WE,Towers with Radar,11,3,10,0,24,0,0,6,0,6,11,3,16,0,30,0,0,0,30
03/29/2021,PAE,WA,ANM,WE,Towers with Radar,11,10,33,1,55,0,1,173,0,174,11,11,206,1,229,224,0,224,453
03/30/2021,PAE,WA,ANM,WE,Towers with Radar,11,2,55,3,71,0,0,227,0,227,11,2,282,3,298,297,6,303,601
03/31/2021,PAE,WA,ANM,WE,Towers with Radar,20,2,45,0,67,0,0,222,0,222,20,2,267,0,289,355,0,355,644
04/01/2021,PAE,WA,ANM,WE,Towers with Radar,13,3,26,0,42,0,0,167,0,167,13,3,193,0,209,322,0,322,531
04/02/2021,PAE,WA,ANM,WE,Towers with Radar,16,5,57,0,78,0,0,110,0,110,16,5,167,0,188,203,0,203,391
04/03/2021,PAE,WA,ANM,WE,Towers with Radar,11,0,33,0,44,0,1,193,0,194,11,1,226,0,238,272,0,272,510
04/04/2021,PAE,WA,ANM,WE,Towers with Radar,11,0,16,0,27,0,0,92,0,92,11,0,108,0,119,169,0,169,288
04/05/2021,PAE,WA,ANM,WE,Towers with Radar,14,2,38,6,60,0,0,211,0,211,14,2,249,6,271,262,0,262,533
04/06/2021,PAE,WA,ANM,WE,Towers with Radar,14,5,46,1,66,0,0,237,0,237,14,5,283,1,303,300,0,300,603
04/07/2021,PAE,WA,ANM,WE,Towers with Radar,16,1,42,1,60,0,0,18,0,18,16,1,60,1,78,10,0,10,88
04/08/2021,PAE,WA,ANM,WE,Towers with Radar,16,3,41,0,60,0,0,142,0,142,16,3,183,0,202,209,0,209,411
04/09/2021,PAE,WA,ANM,WE,Towers with Radar,20,2,30,16,68,0,0,60,0,60,20,2,90,16,128,90,0,90,218
04/10/2021,PAE,WA,ANM,WE,Towers with Radar,9,5,14,0,28,0,1,115,0,116,9,6,129,0,144,105,0,105,249
04/11/2021,PAE,WA,ANM,WE,Towers with Radar,9,0,27,0,36,0,0,208,0,208,9,0,235,0,244,262,0,262,506
04/12/2021,PAE,WA,ANM,WE,Towers with Radar,12,4,27,0,43,0,2,170,0,172,12,6,197,0,215,206,2,208,423
04/13/2021,PAE,WA,ANM,WE,Towers with Radar,14,3,35,0,52,6,0,130,0,136,20,3,165,0,188,235,0,235,423
04/14/2021,PAE,WA,ANM,WE,Towers with Radar,10,0,25,0,35,0,0,202,0,202,10,0,227,0,237,186,0,186,423
04/15/2021,PAE,WA,ANM,WE,Towers with Radar,12,6,33,0,51,8,2,215,0,225,20,8,248,0,276,354,0,354,630
04/16/2021,PAE,WA,ANM,WE,Towers with Radar,17,0,33,0,50,8,0,226,0,234,25,0,259,0,284,407,0,407,691
04/17/2021,PAE,WA,ANM,WE,Towers with Radar,11,1,21,0,33,0,0,266,0,266,11,1,287,0,299,258,0,258,557
04/18/2021,PAE,WA,ANM,WE,Towers with Radar,13,4,27,0,44,0,0,245,2,247,13,4,272,2,291,329,2,331,622
04/19/2021,PAE,WA,ANM,WE,Towers with Radar,24,2,46,2,74,0,0,154,1,155,24,2,200,3,229,276,0,276,505
04/20/2021,PAE,WA,ANM,WE,Towers with Radar,13,1,59,1,74,2,1,168,0,171,15,2,227,1,245,375,14,389,634
04/21/2021,PAE,WA,ANM,WE,Towers with Radar,15,2,31,2,50,0,0,223,0,223,15,2,254,2,273,425,0,425,698
04/22/2021,PAE,WA,ANM,WE,Towers with Radar,21,5,71,2,99,0,0,97,1,98,21,5,168,3,197,204,0,204,401
04/23/2021,PAE,WA,ANM,WE,Towers with Radar,17,7,34,0,58,0,1,123,0,124,17,8,157,0,182,280,0,280,462
04/24/2021,PAE,WA,ANM,WE,Towers with Radar,8,3,49,0,60,0,0,7,0,7,8,3,56,0,67,0,0,0,67
04/25/2021,PAE,WA,ANM,WE,Towers with Radar,12,2,48,0,62,0,2,45,0,47,12,4,93,0,109,106,0,106,215
04/26/2021,PAE,WA,ANM,WE,Towers with Radar,17,5,50,0,72,0,0,83,0,83,17,5,133,0,155,315,0,315,470
04/27/2021,PAE,WA,ANM,WE,Towers with Radar,10,1,68,0,79,0,1,98,0,99,10,2,166,0,178,197,0,197,375
04/28/2021,PAE,WA,ANM,WE,Towers with Radar,13,4,42,3,62,0,2,189,0,191,13,6,231,3,253,376,0,376,629
04/29/2021,PAE,WA,ANM,WE,Towers with Radar,19,0,37,3,59,0,0,187,0,187,19,0,224,3,246,235,0,235,481
04/30/2021,PAE,WA,ANM,WE,Towers with Radar,19,6,32,0,57,4,0,30,0,34,23,6,62,0,91,134,0,134,225
05/01/2021,PAE,WA,ANM,WE,Towers with Radar,10,1,61,0,72,0,0,85,0,85,10,1,146,0,157,79,0,79,236
05/02/2021,PAE,WA,ANM,WE,Towers with Radar,12,1,30,0,43,0,0,208,0,208,12,1,238,0,251,258,6,264,515
05/03/2021,PAE,WA,ANM,WE,Towers with Radar,15,5,50,2,72,0,0,53,0,53,15,5,103,2,125,205,8,213,338
05/04/2021,PAE,WA,ANM,WE,Towers with Radar,12,5,32,0,49,0,1,126,0,127,12,6,158,0,176,274,0,274,450
05/05/2021,PAE,WA,ANM,WE,Towers with Radar,18,6,25,0,49,0,0,191,0,191,18,6,216,0,240,290,0,290,530
05/06/2021,PAE,WA,ANM,WE,Towers with Radar,29,3,30,0,62,0,0,50,0,50,29,3,80,0,112,52,0,52,164
05/07/2021,PAE,WA,ANM,WE,Towers with Radar,13,8,25,3,49,0,0,75,0,75,13,8,100,3,124,178,5,183,307
05/08/2021,PAE,WA,ANM,WE,Towers with Radar,15,3,71,0,89,2,2,112,0,116,17,5,183,0,205,128,0,128,333
05/09/2021,PAE,WA,ANM,WE,Towers with Radar,10,0,30,0,40,2,0,114,0,116,12,0,144,0,156,66,0,66,222
05/10/2021,PAE,WA,ANM,WE,Towers with Radar,16,5,37,3,61,0,0,142,0,142,16,5,179,3,203,302,13,315,518
05/11/2021,PAE,WA,ANM,WE,Towers with Radar,9,5,25,5,44,0,0,168,2,170,9,5,193,7,214,349,44,393,607
05/12/2021,PAE,WA,ANM,WE,Towers with Radar,17,5,37,3,62,10,6,176,0,192,27,11,213,3,254,409,4,413,667
05/13/2021,PAE,WA,ANM,WE,Towers with Radar,16,12,26,0,54,10,0,173,0,183,26,12,199,0,237,209,0,209,446
05/14/2021,PAE,WA,ANM,WE,Towers with Radar,16,4,32,0,52,5,0,202,1,208,21,4,234,1,260,256,51,307,567
05/15/2021,PAE,WA,ANM,WE,Towers with Radar,17,6,22,0,45,0,0,231,0,231,17,6,253,0,276,240,0,240,516
05/16/2021,PAE,WA,ANM,WE,Towers with Radar,8,2,34,1,45,0,0,214,3,217,8,2,248,4,262,199,24,223,485
05/17/2021,PAE,WA,ANM,WE,Towers with Radar,14,7,50,2,73,0,4,35,1,40,14,11,85,3,113,88,0,88,201
05/18/2021,PAE,WA,ANM,WE,Towers with Radar,15,0,13,0,28,0,0,34,0,34,15,0,47,0,62,224,15,239,301
05/19/2021,PAE,WA,ANM,WE,Towers with Radar,13,2,32,0,47,0,0,92,0,92,13,2,124,0,139,264,0,264,403
05/20/2021,PAE,WA,ANM,WE,Towers with Radar,16,3,36,1,56,6,0,115,0,121,22,3,151,1,177,377,0,377,554
05/21/2021,PAE,WA,ANM,WE,Towers with Radar,22,1,59,0,82,4,1,158,0,163,26,2,217,0,245,365,0,365,610
05/22/2021,PAE,WA,ANM,WE,Towers with Radar,12,1,51,0,64,0,2,143,0,145,12,3,194,0,209,169,0,169,378
05/23/2021,PAE,WA,ANM,WE,Towers with Radar,10,5,54,1,70,0,0,32,0,32,10,5,86,1,102,42,0,42,144
05/24/2021,PAE,WA,ANM,WE,Towers with Radar,10,16,40,2,68,0,0,9,0,9,10,16,49,2,77,16,0,16,93
05/25/2021,PAE,WA,ANM,WE,Towers with Radar,13,8,32,0,53,6,2,62,0,70,19,10,94,0,123,282,0,282,405
05/26/2021,PAE,WA,ANM,WE,Towers with Radar,13,5,60,0,78,5,0,183,0,188,18,5,243,0,266,286,0,286,552
05/27/2021,PAE,WA,ANM,WE,Towers with Radar,18,19,12,1,50,1,3,17,1,22,19,22,29,2,72,6,0,6,78
05/28/2021,PAE,WA,ANM,WE,Towers with Radar,16,3,43,0,62,0,3,141,0,144,16,6,184,0,206,275,0,275,481
05/29/2021,PAE,WA,ANM,WE,Towers with Radar,8,1,31,0,40,0,2,275,0,277,8,3,306,0,317,343,0,343,660
05/30/2021,PAE,WA,ANM,WE,Towers with Radar,10,4,20,0,34,0,0,183,0,183,10,4,203,0,217,178,0,178,395
05/31/2021,PAE,WA,ANM,WE,Towers with Radar,10,3,28,0,41,0,0,261,0,261,10,3,289,0,302,379,0,379,681
06/01/2021,PAE,WA,ANM,WE,Towers with Radar,11,4,31,1,47,6,0,174,0,180,17,4,205,1,227,192,6,198,425
06/02/2021,PAE,WA,ANM,WE,Towers with Radar,10,3,27,3,43,0,0,206,3,209,10,3,233,6,252,201,8,209,461
06/03/2021,PAE,WA,ANM,WE,Towers with Radar,13,4,29,0,46,0,0,192,0,192,13,4,221,0,238,261,0,261,499
06/04/2021,PAE,WA,ANM,WE,Towers with Radar,12,4,38,2,56,0,1,165,0,166,12,5,203,2,222,396,0,396,618
06/05/2021,PAE,WA,ANM,WE,Towers with Radar,10,0,14,0,24,0,0,35,0,35,10,0,49,0,59,34,0,34,93
06/06/2021,PAE,WA,ANM,WE,Towers with Radar,8,5,46,0,59,0,1,38,0,39,8,6,84,0,98,88,0,88,186
06/07/2021,PAE,WA,ANM,WE,Towers with Radar,8,2,36,0,46,0,0,136,0,136,8,2,172,0,182,415,0,415,597
06/08/2021,PAE,WA,ANM,WE,Towers with Radar,22,5,39,0,66,9,1,168,0,178,31,6,207,0,244,384,0,384,628
06/09/2021,PAE,WA,ANM,WE,Towers with Radar,21,5,52,0,78,0,0,194,0,194,21,5,246,0,272,412,0,412,684
06/10/2021,PAE,WA,ANM,WE,Towers with Radar,18,3,53,2,76,0,0,172,0,172,18,3,225,2,248,356,0,356,604
06/11/2021,PAE,WA,ANM,WE,Towers with Radar,16,5,69,0,90,0,1,93,0,94,16,6,162,0,184,138,0,138,322
06/12/2021,PAE,WA,ANM,WE,Towers with Radar,7,2,59,0,68,4,1,259,0,264,11,3,318,0,332,248,0,248,580
06/13/2021,PAE,WA,ANM,WE,Towers with Radar,8,3,48,1,60,0,1,14,0,15,8,4,62,1,75,97,0,97,172
06/14/2021,PAE,WA,ANM,WE,Towers with Radar,18,9,34,3,64,3,0,42,0,45,21,9,76,3,109,41,0,41,150
06/15/2021,PAE,WA,ANM,WE,Towers with Radar,14,6,33,0,53,0,0,99,0,99,14,6,132,0,152,263,0,263,415
06/16/2021,PAE,WA,ANM,WE,Towers with Radar,13,7,48,2,70,0,2,213,0,215,13,9,261,2,285,493,0,493,778
06/17/2021,PAE,WA,ANM,WE,Towers with Radar,9,3,26,3,41,0,0,232,0,232,9,3,258,3,273,331,2,333,606
06/18/2021,PAE,WA,ANM,WE,Towers with Radar,10,0,27,0,37,0,0,221,0,221,10,0,248,0,258,290,0,290,548
06/19/2021,PAE,WA,ANM,WE,Towers with Radar,11,0,21,0,32,0,0,249,0,249,11,0,270,0,281,323,0,323,604
06/20/2021,PAE,WA,ANM,WE,Towers with Radar,7,2,19,0,28,0,0,204,0,204,7,2,223,0,232,222,0,222,454
06/21/2021,PAE,WA,ANM,WE,Towers with Radar,18,6,25,0,49,2,0,166,0,168,20,6,191,0,217,241,0,241,458
06/22/2021,PAE,WA,ANM,WE,Towers with Radar,19,7,64,0,90,0,0,200,1,201,19,7,264,1,291,323,8,331,622
06/23/2021,PAE,WA,ANM,WE,Towers with Radar,10,3,36,5,54,0,0,121,0,121,10,3,157,5,175,328,0,328,503
06/24/2021,PAE,WA,ANM,WE,Towers with Radar,19,6,33,0,58,0,1,181,2,184,19,7,214,2,242,394,6,400,642
06/25/2021,PAE,WA,ANM,WE,Towers with Radar,15,4,21,0,40,0,0,186,0,186,15,4,207,0,226,187,0,187,413
06/26/2021,PAE,WA,ANM,WE,Towers with Radar,8,0,17,0,25,0,0,160,0,160,8,0,177,0,185,146,0,146,331
06/27/2021,PAE,WA,ANM,WE,Towers with Radar,9,4,17,0,30,0,0,151,0,151,9,4,168,0,181,111,0,111,292
06/28/2021,PAE,WA,ANM,WE,Towers with Radar,9,4,19,1,33,0,1,74,0,75,9,5,93,1,108,83,0,83,191
06/29/2021,PAE,WA,ANM,WE,Towers with Radar,14,10,33,0,57,4,1,148,0,153,18,11,181,0,210,268,0,268,478
06/30/2021,PAE,WA,ANM,WE,Towers with Radar,14,7,80,4,105,0,1,149,0,150,14,8,229,4,255,307,0,307,562
07/01/2021,PAE,WA,ANM,WE,Towers with Radar,10,6,61,0,77,0,2,120,0,122,10,8,181,0,199,310,0,310,509
07/02/2021,PAE,WA,ANM,WE,Towers with Radar,17,8,33,0,58,0,0,169,0,169,17,8,202,0,227,449,0,449,676
07/03/2021,PAE,WA,ANM,WE,Towers with Radar,11,0,24,0,35,0,0,190,0,190,11,0,214,0,225,196,0,196,421
07/04/2021,PAE,WA,ANM,WE,Towers with Radar,7,3,22,0,32,0,0,116,0,116,7,3,138,0,148,112,0,112,260
07/05/2021,PAE,WA,ANM,WE,Towers with Radar,7,8,66,0,81,0,1,129,0,130,7,9,195,0,211,104,0,104,315
07/06/2021,PAE,WA,ANM,WE,Towers with Radar,9,5,21,1,36,0,0,136,0,136,9,5,157,1,172,261,0,261,433
07/07/2021,PAE,WA,ANM,WE,Towers with Radar,16,4,55,17,92,3,1,69,0,73,19,5,124,17,165,227,27,254,419
07/08/2021,PAE,WA,ANM,WE,Towers with Radar,16,1,73,2,92,0,2,166,0,168,16,3,239,2,260,507,0,507,767
07/09/2021,PAE,WA,ANM,WE,Towers with Radar,18,1,27,0,46,0,0,227,0,227,18,1,254,0,273,365,0,365,638
07/10/2021,PAE,WA,ANM,WE,Towers with Radar,8,4,16,0,28,0,0,197,0,197,8,4,213,0,225,260,0,260,485
07/11/2021,PAE,WA,ANM,WE,Towers with Radar,11,3,17,0,31,0,0,208,0,208,11,3,225,0,239,201,0,201,440
07/12/2021,PAE,WA,ANM,WE,Towers with Radar,12,5,25,0,42,0,0,194,0,194,12,5,219,0,236,205,0,205,441
07/13/2021,PAE,WA,ANM,WE,Towers with Radar,8,4,35,0,47,0,1,206,0,207,8,5,241,0,254,322,14,336,590
07/14/2021,PAE,WA,ANM,WE,Towers with Radar,10,5,41,1,57,2,1,159,0,162,12,6,200,1,219,300,0,300,519
07/15/2021,PAE,WA,ANM,WE,Towers with Radar,12,2,45,0,59,0,0,100,0,100,12,2,145,0,159,217,0,217,376
07/16/2021,PAE,WA,ANM,WE,Towers with Radar,9,5,50,3,67,0,0,93,0,93,9,5,143,3,160,226,0,226,386
07/17/2021,PAE,WA,ANM,WE,Towers with Radar,9,3,31,0,43,0,0,245,0,245,9,3,276,0,288,413,0,413,701
07/18/2021,PAE,WA,ANM,WE,Towers with Radar,15,5,34,0,54,3,0,200,0,203,18,5,234,0,257,321,0,321,578
07/19/2021,PAE,WA,ANM,WE,Towers with Radar,9,4,32,0,45,8,0,183,0,191,17,4,215,0,236,298,0,298,534
07/20/2021,PAE,WA,ANM,WE,Towers with Radar,16,8,39,0,63,0,0,65,0,65,16,8,104,0,128,229,0,229,357
07/21/2021,PAE,WA,ANM,WE,Towers with Radar,10,7,39,0,56,0,1,130,0,131,10,8,169,0,187,302,0,302,489
07/22/2021,PAE,WA,ANM,WE,Towers with Radar,12,3,52,0,67,0,1,182,0,183,12,4,234,0,250,383,3,386,636
07/23/2021,PAE,WA,ANM,WE,Towers with Radar,11,9,27,0,47,0,1,216,0,217,11,10,243,0,264,300,0,300,564
07/24/2021,PAE,WA,ANM,WE,Towers with Radar,10,4,36,0,50,0,0,236,0,236,10,4,272,0,286,229,0,229,515
07/25/2021,PAE,WA,ANM,WE,Towers with Radar,9,3,19,0,31,0,2,159,0,161,9,5,178,0,192,220,0,220,412
07/26/2021,PAE,WA,ANM,WE,Towers with Radar,9,5,27,0,41,0,0,173,0,173,9,5,200,0,214,238,0,238,452
07/27/2021,PAE,WA,ANM,WE,Towers with Radar,9,2,23,0,34,0,2,197,0,199,9,4,220,0,233,416,0,416,649
07/28/2021,PAE,WA,ANM,WE,Towers with Radar,16,0,24,0,40,0,1,181,1,183,16,1,205,1,223,302,15,317,540
07/29/2021,PAE,WA,ANM,WE,Towers with Radar,13,1,15,2,31,0,0,176,1,177,13,1,191,3,208,272,1,273,481
07/30/2021,PAE,WA,ANM,WE,Towers with Radar,14,1,26,0,41,3,0,202,1,206,17,1,228,1,247,254,0,254,501
07/31/2021,PAE,WA,ANM,WE,Towers with Radar,12,6,34,0,52,0,0,191,0,191,12,6,225,0,243,265,0,265,508
08/01/2021,PAE,WA,ANM,WE,Towers with Radar,7,1,39,0,47,0,0,167,0,167,7,1,206,0,214,282,0,282,496
08/02/2021,PAE,WA,ANM,WE,Towers with Radar,12,7,23,0,42,2,1,145,0,148,14,8,168,0,190,267,26,293,483
08/03/2021,PAE,WA,ANM,WE,Towers with Radar,13,5,28,0,46,4,1,148,0,153,17,6,176,0,199,262,0,262,461
08/04/2021,PAE,WA,ANM,WE,Towers with Radar,7,3,16,10,36,0,4,194,0,198,7,7,210,10,234,296,20,316,550
08/05/2021,PAE,WA,ANM,WE,Towers with Radar,19,9,26,2,56,0,0,207,0,207,19,9,233,2,263,373,0,373,636
08/06/2021,PAE,WA,ANM,WE,Towers with Radar,8,7,54,0,69,0,1,66,0,67,8,8,120,0,136,131,0,131,267
08/07/2021,PAE,WA,ANM,WE,Towers with Radar,8,4,62,0,74,0,0,31,0,31,8,4,93,0,105,24,0,24,129
08/08/2021,PAE,WA,ANM,WE,Towers with Radar,9,5,60,0,74,0,2,148,0,150,9,7,208,0,224,218,0,218,442
08/09/2021,PAE,WA,ANM,WE,Towers with Radar,8,6,25,6,45,0,1,169,2,172,8,7,194,8,217,274,9,283,500
08/10/2021,PAE,WA,ANM,WE,Towers with Radar,12,3,13,2,30,0,0,200,0,200,12,3,213,2,230,421,12,433,663
08/11/2021,PAE,WA,ANM,WE,Towers with Radar,10,2,34,5,51,4,0,214,1,219,14,2,248,6,270,296,0,296,566
08/12/2021,PAE,WA,ANM,WE,Towers with Radar,12,4,30,0,46,0,0,119,0,119,12,4,149,0,165,367,0,367,532
08/13/2021,PAE,WA,ANM,WE,Towers with Radar,10,12,30,0,52,0,0,101,2,103,10,12,131,2,155,177,0,177,332
08/14/2021,PAE,WA,ANM,WE,Towers with Radar,7,2,52,0,61,0,0,169,0,169,7,2,221,0,230,189,0,189,419
08/15/2021,PAE,WA,ANM,WE,Towers with Radar,8,2,41,0,51,0,0,164,0,164,8,2,205,0,215,112,0,112,327
08/16/2021,PAE,WA,ANM,WE,Towers with Radar,7,6,60,0,73,0,0,29,0,29,7,6,89,0,102,31,0,31,133
08/17/2021,PAE,WA,ANM,WE,Towers with Radar,11,3,69,4,87,0,0,73,1,74,11,3,142,5,161,227,0,227,388
08/18/2021,PAE,WA,ANM,WE,Towers with Radar,9,4,24,1,38,0,5,246,1,252,9,9,270,2,290,406,12,418,708
08/19/2021,PAE,WA,ANM,WE,Towers with Radar,13,2,33,0,48,0,1,205,0,206,13,3,238,0,254,336,0,336,590
08/20/2021,PAE,WA,ANM,WE,Towers with Radar,11,5,42,0,58,0,0,77,0,77,11,5,119,0,135,183,0,183,318
08/21/2021,PAE,WA,ANM,WE,Towers with Radar,10,1,79,0,90,0,0,128,0,128,10,1,207,0,218,293,0,293,511
08/22/2021,PAE,WA,ANM,WE,Towers with Radar,9,2,39,0,50,0,1,64,0,65,9,3,103,0,115,50,0,50,165
08/23/2021,PAE,WA,ANM,WE,Towers with Radar,14,3,37,3,57,0,0,148,0,148,14,3,185,3,205,288,10,298,503
08/24/2021,PAE,WA,ANM,WE,Towers with Radar,7,2,25,0,34,0,0,257,0,257,7,2,282,0,291,288,0,288,579
08/25/2021,PAE,WA,ANM,WE,Towers with Radar,11,3,46,2,62,0,0,210,1,211,11,3,256,3,273,246,0,246,519
08/26/2021,PAE,WA,ANM,WE,Towers with Radar,15,8,53,0,76,0,0,71,0,71,15,8,124,0,147,138,10,148,295
08/27/2021,PAE,WA,ANM,WE,Towers with Radar,11,8,48,0,67,1,0,79,0,80,12,8,127,0,147,128,0,128,275
08/28/2021,PAE,WA,ANM,WE,Towers with Radar,11,0,27,0,38,0,2,277,0,279,11,2,304,0,317,311,28,339,656
08/29/2021,PAE,WA,ANM,WE,Towers with Radar,12,6,17,0,35,0,1,226,0,227,12,7,243,0,262,265,0,265,527
08/30/2021,PAE,WA,ANM,WE,Towers with Radar,9,4,29,0,42,0,3,80,0,83,9,7,109,0,125,294,0,294,419
08/31/2021,PAE,WA,ANM,WE,Towers with Radar,18,5,52,0,75,0,0,117,0,117,18,5,169,0,192,257,0,257,449
09/01/2021,PAE,WA,ANM,WE,Towers with Radar,9,3,38,0,50,4,0,196,0,200,13,3,234,0,250,376,0,376,626
09/02/2021,PAE,WA,ANM,WE,Towers with Radar,13,2,36,0,51,6,0,227,0,233,19,2,263,0,284,493,12,505,789
09/03/2021,PAE,WA,ANM,WE,Towers with Radar,14,2,28,0,44,0,1,227,0,228,14,3,255,0,272,301,0,301,573
09/04/2021,PAE,WA,ANM,WE,Towers with Radar,11,2,19,0,32,2,0,167,0,169,13,2,186,0,201,173,0,173,374
09/05/2021,PAE,WA,ANM,WE,Towers with Radar,7,5,40,0,52,0,0,106,0,106,7,5,146,0,158,95,0,95,253
09/06/2021,PAE,WA,ANM,WE,Towers with Radar,7,6,35,0,48,0,0,219,0,219,7,6,254,0,267,388,0,388,655
09/07/2021,PAE,WA,ANM,WE,Towers with Radar,11,0,21,0,32,1,1,183,0,185,12,1,204,0,217,396,0,396,613
09/08/2021,PAE,WA,ANM,WE,Towers with Radar,16,6,40,0,62,0,2,164,0,166,16,8,204,0,228,283,0,283,511
09/09/2021,PAE,WA,ANM,WE,Towers with Radar,18,6,32,0,56,0,0,213,1,214,18,6,245,1,270,363,1,364,634
09/10/2021,PAE,WA,ANM,WE,Towers with Radar,22,9,46,4,81,0,1,70,0,71,22,10,116,4,152,196,0,196,348
09/11/2021,PAE,WA,ANM,WE,Towers with Radar,10,3,57,0,70,0,2,152,0,154,10,5,209,0,224,232,0,232,456
09/12/2021,PAE,WA,ANM,WE,Towers with Radar,16,3,25,0,44,0,2,92,0,94,16,5,117,0,138,164,0,164,302
09/13/2021,PAE,WA,ANM,WE,Towers with Radar,14,4,31,0,49,0,1,175,0,176,14,5,206,0,225,444,0,444,669
09/14/2021,PAE,WA,ANM,WE,Towers with Radar,19,3,28,0,50,10,3,151,0,164,29,6,179,0,214,441,0,441,655
09/15/2021,PAE,WA,ANM,WE,Towers with Radar,17,4,32,2,55,6,2,184,0,192,23,6,216,2,247,407,0,407,654
09/16/2021,PAE,WA,ANM,WE,Towers with Radar,22,1,40,0,63,0,2,260,0,262,22,3,300,0,325,426,0,426,751
09/17/2021,PAE,WA,ANM,WE,Towers with Radar,17,3,26,0,46,0,1,17,0,18,17,4,43,0,64,6,0,6,70
09/18/2021,PAE,WA,ANM,WE,Towers with Radar,13,1,24,0,38,0,0,30,0,30,13,1,54,0,68,65,0,65,133
09/19/2021,PAE,WA,ANM,WE,Towers with Radar,15,1,58,0,74,0,0,16,0,16,15,1,74,0,90,4,0,4,94
09/20/2021,PAE,WA,ANM,WE,Towers with Radar,15,3,49,0,67,0,0,143,0,143,15,3,192,0,210,417,0,417,627
09/21/2021,PAE,WA,ANM,WE,Towers with Radar,12,5,41,1,59,0,0,265,0,265,12,5,306,1,324,524,4,528,852
09/22/2021,PAE,WA,ANM,WE,Towers with Radar,14,4,30,3,51,0,1,130,0,131,14,5,160,3,182,397,0,397,579
09/23/2021,PAE,WA,ANM,WE,Towers with Radar,21,6,41,0,68,0,0,202,0,202,21,6,243,0,270,472,0,472,742
09/24/2021,PAE,WA,ANM,WE,Towers with Radar,23,6,40,0,69,0,1,242,0,243,23,7,282,0,312,280,0,280,592
09/25/2021,PAE,WA,ANM,WE,Towers with Radar,14,1,39,0,54,0,0,289,0,289,14,1,328,0,343,478,10,488,831
09/26/2021,PAE,WA,ANM,WE,Towers with Radar,15,6,52,0,73,0,2,42,0,44,15,8,94,0,117,60,0,60,177
09/27/2021,PAE,WA,ANM,WE,Towers with Radar,18,0,21,0,39,0,3,23,0,26,18,3,44,0,65,47,0,47,112
09/28/2021,PAE,WA,ANM,WE,Towers with Radar,24,1,58,0,83,0,0,22,0,22,24,1,80,0,105,92,0,92,197
09/29/2021,PAE,WA,ANM,WE,Towers with Radar,13,4,67,0,84,0,1,65,0,66,13,5,132,0,150,307,0,307,457
09/30/2021,PAE,WA,ANM,WE,Towers with Radar,22,10,34,0,66,0,0,7,0,7,22,10,41,0,73,26,0,26,99
10/01/2021,PAE,WA,ANM,WE,Towers with Radar,17,5,46,4,72,0,0,200,0,200,17,5,246,4,272,446,0,446,718
10/02/2021,PAE,WA,ANM,WE,Towers with Radar,11,1,27,0,39,0,0,116,0,116,11,1,143,0,155,50,0,50,205
10/03/2021,PAE,WA,ANM,WE,Towers with Radar,16,0,44,0,60,0,0,59,0,59,16,0,103,0,119,168,0,168,287
10/04/2021,PAE,WA,ANM,WE,Towers with Radar,14,3,35,0,52,0,1,152,0,153,14,4,187,0,205,491,0,491,696
10/05/2021,PAE,WA,ANM,WE,Towers with Radar,15,3,16,0,34,0,0,17,0,17,15,3,33,0,51,28,0,28,79
10/06/2021,PAE,WA,ANM,WE,Towers with Radar,17,3,33,2,55,0,1,80,0,81,17,4,113,2,136,311,0,311,447
10/07/2021,PAE,WA,ANM,WE,Towers with Radar,24,2,30,0,56,3,0,179,0,182,27,2,209,0,238,312,7,319,557
10/08/2021,PAE,WA,ANM,WE,Towers with Radar,16,9,40,0,65,0,1,188,0,189,16,10,228,0,254,246,0,246,500
10/09/2021,PAE,WA,ANM,WE,Towers with Radar,19,5,21,0,45,0,0,99,0,99,19,5,120,0,144,209,0,209,353
10/10/2021,PAE,WA,ANM,WE,Towers with Radar,11,7,30,0,48,0,0,69,0,69,11,7,99,0,117,174,0,174,291
10/11/2021,PAE,WA,ANM,WE,Towers with Radar,19,6,30,0,55,0,0,157,0,157,19,6,187,0,212,508,0,508,720
10/12/2021,PAE,WA,ANM,WE,Towers with Radar,20,4,38,6,68,0,0,110,0,110,20,4,148,6,178,261,7,268,446
10/13/2021,PAE,WA,ANM,WE,Towers with Radar,21,2,38,0,61,1,0,82,0,83,22,2,120,0,144,443,0,443,587
10/14/2021,PAE,WA,ANM,WE,Towers with Radar,20,5,51,0,76,0,0,27,0,27,20,5,78,0,103,144,0,144,247
10/15/2021,PAE,WA,ANM,WE,Towers with Radar,23,4,31,0,58,0,0,51,0,51,23,4,82,0,109,167,0,167,276
10/16/2021,PAE,WA,ANM,WE,Towers with Radar,16,1,60,2,79,0,1,113,0,114,16,2,173,2,193,131,0,131,324
10/17/2021,PAE,WA,ANM,WE,Towers with Radar,10,3,63,0,76,0,0,37,0,37,10,3,100,0,113,20,0,20,133
10/18/2021,PAE,WA,ANM,WE,Towers with Radar,18,0,36,0,54,0,0,146,0,146,18,0,182,0,200,370,0,370,570
10/19/2021,PAE,WA,ANM,WE,Towers with Radar,19,4,43,2,68,0,2,258,0,260,19,6,301,2,328,526,0,526,854
10/20/2021,PAE,WA,ANM,WE,Towers with Radar,16,4,26,2,48,0,2,38,0,40,16,6,64,2,88,84,0,84,172
10/21/2021,PAE,WA,ANM,WE,Towers with Radar,21,0,31,0,52,3,0,87,0,90,24,0,118,0,142,140,0,140,282
10/22/2021,PAE,WA,ANM,WE,Towers with Radar,20,3,54,2,79,0,0,26,0,26,20,3,80,2,105,213,0,213,318
10/23/2021,PAE,WA,ANM,WE,Towers with Radar,15,0,42,0,57,0,0,71,0,71,15,0,113,0,128,344,0,344,472
10/24/2021,PAE,WA,ANM,WE,Towers with Radar,22,3,17,0,42,0,0,16,0,16,22,3,33,0,58,6,0,6,64
10/25/2021,PAE,WA,ANM,WE,Towers with Radar,18,6,13,0,37,0,0,6,0,6,18,6,19,0,43,4,2,6,49
10/26/2021,PAE,WA,ANM,WE,Towers with Radar,18,3,22,2,45,4,0,17,0,21,22,3,39,2,66,157,0,157,223
10/27/2021,PAE,WA,ANM,WE,Towers with Radar,22,3,35,1,61,6,0,54,1,61,28,3,89,2,122,220,1,221,343
10/28/2021,PAE,WA,ANM,WE,Towers with Radar,21,8,20,4,53,0,0,1,0,1,21,8,21,4,54,0,0,0,54
10/29/2021,PAE,WA,ANM,WE,Towers with Radar,23,4,28,0,55,4,0,106,0,110,27,4,134,0,165,362,0,362,527
10/30/2021,PAE,WA,ANM,WE,Towers with Radar,11,4,29,0,44,0,0,309,0,309,11,4,338,0,353,471,0,471,824
10/31/2021,PAE,WA,ANM,WE,Towers with Radar,11,5,27,0,43,0,0,270,2,272,11,5,297,2,315,456,0,456,771
11/01/2021,PAE,WA,ANM,WE,Towers with Radar,12,2,50,0,64,0,0,88,0,88,12,2,138,0,152,181,4,185,337
11/02/2021,PAE,WA,ANM,WE,Towers with Radar,17,5,71,0,93,0,0,58,0,58,17,5,129,0,151,234,0,234,385
11/03/2021,PAE,WA,ANM,WE,Towers with Radar,19,4,63,11,97,0,0,123,0,123,19,4,186,11,220,286,10,296,516
11/04/2021,PAE,WA,ANM,WE,Towers with Radar,12,6,28,0,46,0,0,4,0,4,12,6,32,0,50,12,0,12,62
11/05/2021,PAE,WA,ANM,WE,Towers with Radar,17,6,41,0,64,0,0,76,0,76,17,6,117,0,140,0,0,0,140
11/06/2021,PAE,WA,ANM,WE,Towers with Radar,10,2,17,0,29,0,0,9,0,9,10,2,26,0,38,63,0,63,101
11/07/2021,PAE,WA,ANM,WE,Towers with Radar,10,2,35,0,47,0,0,8,0,8,10,2,43,0,55,2,0,2,57
11/08/2021,PAE,WA,ANM,WE,Towers with Radar,15,8,55,2,80,3,0,191,0,194,18,8,246,2,274,315,0,315,589
11/09/2021,PAE,WA,ANM,WE,Towers with Radar,14,1,9,0,24,0,0,9,0,9,14,1,18,0,33,20,0,20,53
11/10/2021,PAE,WA,ANM,WE,Towers with Radar,11,5,36,0,52,0,0,156,0,156,11,5,192,0,208,641,0,641,849
11/11/2021,PAE,WA,ANM,WE,Towers with Radar,19,1,12,0,32,0,0,0,0,0,19,1,12,0,32,0,0,0,32
11/12/2021,PAE,WA,ANM,WE,Towers with Radar,13,2,41,0,56,0,0,5,0,5,13,2,46,0,61,6,0,6,67
11/13/2021,PAE,WA,ANM,WE,Towers with Radar,8,0,45,0,53,0,0,117,0,117,8,0,162,0,170,325,0,325,495
11/14/2021,PAE,WA,ANM,WE,Towers with Radar,11,0,11,0,22,0,0,0,0,0,11,0,11,0,22,0,0,0,22
11/15/2021,PAE,WA,ANM,WE,Towers with Radar,16,5,16,0,37,0,0,4,0,4,16,5,20,0,41,0,0,0,41
11/16/2021,PAE,WA,ANM,WE,Towers with Radar,13,3,32,2,50,6,0,177,0,183,19,3,209,2,233,473,0,473,706
11/17/2021,PAE,WA,ANM,WE,Towers with Radar,16,0,36,2,54,0,0,239,1,240,16,0,275,3,294,449,0,449,743
11/18/2021,PAE,WA,ANM,WE,Towers with Radar,12,4,46,2,64,0,1,52,0,53,12,5,98,2,117,141,0,141,258
11/19/2021,PAE,WA,ANM,WE,Towers with Radar,19,6,36,10,71,4,1,79,0,84,23,7,115,10,155,205,0,205,360
11/20/2021,PAE,WA,ANM,WE,Towers with Radar,15,7,62,0,84,0,0,141,0,141,15,7,203,0,225,376,0,376,601
11/21/2021,PAE,WA,ANM,WE,Towers with Radar,13,1,33,2,49,0,1,208,0,209,13,2,241,2,258,424,0,424,682
11/22/2021,PAE,WA,ANM,WE,Towers with Radar,16,1,26,0,43,0,1,38,0,39,16,2,64,0,82,64,0,64,146
11/23/2021,PAE,WA,ANM,WE,Towers with Radar,20,2,34,0,56,2,2,81,0,85,22,4,115,0,141,232,0,232,373
11/24/2021,PAE,WA,ANM,WE,Towers with Radar,22,2,49,0,73,0,2,143,0,145,22,4,192,0,218,353,0,353,571
11/25/2021,PAE,WA,ANM,WE,Towers with Radar,0,1,5,0,6,0,0,8,0,8,0,1,13,0,14,3,0,3,17
11/26/2021,PAE,WA,ANM,WE,Towers with Radar,14,0,26,0,40,0,0,5,0,5,14,0,31,0,45,35,0,35,80
11/27/2021,PAE,WA,ANM,WE,Towers with Radar,10,7,44,0,61,0,0,7,0,7,10,7,51,0,68,43,0,43,111
11/28/2021,PAE,WA,ANM,WE,Towers with Radar,12,5,34,0,51,0,0,1,0,1,12,5,35,0,52,1,0,1,53
11/29/2021,PAE,WA,ANM,WE,Towers with Radar,15,9,51,0,75,0,0,47,0,47,15,9,98,0,122,166,0,166,288
11/30/2021,PAE,WA,ANM,WE,Towers with Radar,15,5,14,2,36,8,0,9,0,17,23,5,23,2,53,30,0,30,83
12/01/2021,PAE,WA,ANM,WE,Towers with Radar,16,6,31,2,55,0,0,25,0,25,16,6,56,2,80,105,0,105,185
12/02/2021,PAE,WA,ANM,WE,Towers with Radar,20,0,30,0,50,0,0,99,0,99,20,0,129,0,149,311,0,311,460
12/03/2021,PAE,WA,ANM,WE,Towers with Radar,15,2,40,0,57,0,0,135,0,135,15,2,175,0,192,244,0,244,436
12/04/2021,PAE,WA,ANM,WE,Towers with Radar,14,1,7,0,22,0,0,4,0,4,14,1,11,0,26,0,0,0,26
12/05/2021,PAE,WA,ANM,WE,Towers with Radar,12,3,50,0,65,0,3,191,0,194,12,6,241,0,259,378,0,378,637
12/06/2021,PAE,WA,ANM,WE,Towers with Radar,15,3,15,0,33,0,0,0,0,0,15,3,15,0,33,0,0,0,33
12/07/2021,PAE,WA,ANM,WE,Towers with Radar,19,9,13,0,41,0,0,0,0,0,19,9,13,0,41,0,0,0,41
12/08/2021,PAE,WA,ANM,WE,Towers with Radar,12,6,34,0,52,0,1,104,0,105,12,7,138,0,157,305,0,305,462
12/09/2021,PAE,WA,ANM,WE,Towers with Radar,15,4,11,0,30,0,0,34,0,34,15,4,45,0,64,121,0,121,185
12/10/2021,PAE,WA,ANM,WE,Towers with Radar,16,8,24,0,48,0,0,9,0,9,16,8,33,0,57,146,0,146,203
12/11/2021,PAE,WA,ANM,WE,Towers with Radar,14,3,15,0,32,0,0,25,0,25,14,3,40,0,57,12,0,12,69
12/12/2021,PAE,WA,ANM,WE,Towers with Radar,14,5,14,0,33,2,0,19,0,21,16,5,33,0,54,38,0,38,92
12/13/2021,PAE,WA,ANM,WE,Towers with Radar,17,10,45,4,76,4,0,81,0,85,21,10,126,4,161,343,0,343,504
12/14/2021,PAE,WA,ANM,WE,Towers with Radar,20,5,42,0,67,0,0,26,0,26,20,5,68,0,93,65,0,65,158
12/15/2021,PAE,WA,ANM,WE,Towers with Radar,15,2,19,0,36,0,0,81,0,81,15,2,100,0,117,169,0,169,286
12/16/2021,PAE,WA,ANM,WE,Towers with Radar,14,6,8,0,28,0,0,6,0,6,14,6,14,0,34,29,0,29,63
12/17/2021,PAE,WA,ANM,WE,Towers with Radar,18,5,75,0,98,3,0,130,0,133,21,5,205,0,231,224,0,224,455
12/18/2021,PAE,WA,ANM,WE,Towers with Radar,10,4,8,0,22,0,0,1,0,1,10,4,9,0,23,2,0,2,25
12/19/2021,PAE,WA,ANM,WE,Towers with Radar,15,5,46,0,66,0,0,264,0,264,15,5,310,0,330,260,0,260,590
12/20/2021,PAE,WA,ANM,WE,Towers with Radar,18,4,12,0,34,0,0,75,0,75,18,4,87,0,109,190,0,190,299
12/21/2021,PAE,WA,ANM,WE,Towers with Radar,21,3,19,2,45,0,0,13,0,13,21,3,32,2,58,0,0,0,58
12/22/2021,PAE,WA,ANM,WE,Towers with Radar,31,6,34,0,71,0,0,16,0,16,31,6,50,0,87,22,0,22,109
12/23/2021,PAE,WA,ANM,WE,Towers with Radar,17,3,26,0,46,0,0,54,0,54,17,3,80,0,100,102,0,102,202
12/24/2021,PAE,WA,ANM,WE,Towers with Radar,8,2,1,0,11,0,0,14,0,14,8,2,15,0,25,30,0,30,55
12/25/2021,PAE,WA,ANM,WE,Towers with Radar,8,0,2,0,10,0,0,5,0,5,8,0,7,0,15,10,0,10,25
12/26/2021,PAE,WA,ANM,WE,Towers with Radar,4,2,1,0,7,0,0,0,0,0,4,2,1,0,7,0,0,0,7
12/27/2021,PAE,WA,ANM,WE,Towers with Radar,5,9,22,0,36,0,0,6,0,6,5,9,28,0,42,0,0,0,42
12/28/2021,PAE,WA,ANM,WE,Towers with Radar,11,5,12,0,28,0,0,19,0,19,11,5,31,0,47,0,0,0,47
12/29/2021,PAE,WA,ANM,WE,Towers with Radar,8,5,27,0,40,0,0,76,0,76,8,5,103,0,116,95,0,95,211
12/30/2021,PAE,WA,ANM,WE,Towers with Radar,15,5,5,0,25,0,0,6,0,6,15,5,11,0,31,8,0,8,39
12/31/2021,PAE,WA,ANM,WE,Towers with Radar,15,2,9,0,26,0,0,52,0,52,15,2,61,0,78,99,0,99,177
01/01/2022,PAE,WA,ANM,WE,Towers with Radar,7,2,17,0,26,0,0,39,0,39,7,2,56,0,65,46,0,46,111
01/02/2022,PAE,WA,ANM,WE,Towers with Radar,13,2,20,0,35,0,1,3,0,4,13,3,23,0,39,1,0,1,40
01/03/2022,PAE,WA,ANM,WE,Towers with Radar,10,7,9,0,26,0,1,11,0,12,10,8,20,0,38,22,0,22,60
01/04/2022,PAE,WA,ANM,WE,Towers with Radar,13,5,18,0,36,0,0,7,0,7,13,5,25,0,43,24,0,24,67
01/05/2022,PAE,WA,ANM,WE,Towers with Radar,15,7,19,0,41,0,0,5,0,5,15,7,24,0,46,26,0,26,72
01/06/2022,PAE,WA,ANM,WE,Towers with Radar,22,7,26,0,55,0,0,0,0,0,22,7,26,0,55,0,0,0,55
01/07/2022,PAE,WA,ANM,WE,Towers with Radar,32,7,7,10,56,0,0,6,0,6,32,7,13,10,62,0,0,0,62
01/08/2022,PAE,WA,ANM,WE,Towers with Radar,21,3,27,0,51,1,0,81,0,82,22,3,108,0,133,68,0,68,201
01/09/2022,PAE,WA,ANM,WE,Towers with Radar,27,0,43,0,70,5,1,391,0,397,32,1,434,0,467,452,0,452,919
01/10/2022,PAE,WA,ANM,WE,Towers with Radar,25,5,25,0,55,0,0,15,0,15,25,5,40,0,70,71,0,71,141
01/11/2022,PAE,WA,ANM,WE,Towers with Radar,9,3,21,0,33,0,0,0,0,0,9,3,21,0,33,0,0,0,33
01/12/2022,PAE,WA,ANM,WE,Towers with Radar,14,9,23,0,46,0,2,31,0,33,14,11,54,0,79,122,0,122,201
01/13/2022,PAE,WA,ANM,WE,Towers with Radar,27,1,27,1,56,0,0,81,0,81,27,1,108,1,137,258,0,258,395
01/14/2022,PAE,WA,ANM,WE,Towers with Radar,31,1,52,2,86,1,4,215,0,220,32,5,267,2,306,292,0,292,598
01/15/2022,PAE,WA,ANM,WE,Towers with Radar,8,1,20,0,29,0,0,20,0,20,8,1,40,0,49,60,0,60,109
01/16/2022,PAE,WA,ANM,WE,Towers with Radar,18,2,19,0,39,0,0,0,0,0,18,2,19,0,39,0,0,0,39
01/17/2022,PAE,WA,ANM,WE,Towers with Radar,18,0,39,0,57,0,0,33,0,33,18,0,72,0,90,40,0,40,130
01/18/2022,PAE,WA,ANM,WE,Towers with Radar,16,3,29,10,58,0,0,0,0,0,16,3,29,10,58,0,0,0,58
01/19/2022,PAE,WA,ANM,WE,Towers with Radar,11,2,60,2,75,0,0,69,0,69,11,2,129,2,144,225,0,225,369
01/20/2022,PAE,WA,ANM,WE,Towers with Radar,23,5,13,0,41,0,0,6,0,6,23,5,19,0,47,0,0,0,47
01/21/2022,PAE,WA,ANM,WE,Towers with Radar,30,4,47,0,81,0,0,121,0,121,30,4,168,0,202,333,0,333,535
01/22/2022,PAE,WA,ANM,WE,Towers with Radar,17,1,40,0,58,0,0,163,0,163,17,1,203,0,221,276,0,276,497
01/23/2022,PAE,WA,ANM,WE,Towers with Radar,6,0,6,0,12,0,0,0,0,0,6,0,6,0,12,0,0,0,12
01/24/2022,PAE,WA,ANM,WE,Towers with Radar,1,1,5,0,7,0,0,0,0,0,1,1,5,0,7,0,0,0,7
01/25/2022,PAE,WA,ANM,WE,Towers with Radar,6,4,10,2,22,0,0,0,0,0,6,4,10,2,22,0,0,0,22
01/26/2022,PAE,WA,ANM,WE,Towers with Radar,12,3,20,0,35,0,0,25,0,25,12,3,45,0,60,94,0,94,154
01/27/2022,PAE,WA,ANM,WE,Towers with Radar,19,10,31,2,62,0,0,148,0,148,19,10,179,2,210,348,0,348,558
01/28/2022,PAE,WA,ANM,WE,Towers with Radar,24,1,56,0,81,0,0,241,0,241,24,1,297,0,322,317,0,317,639
01/29/2022,PAE,WA,ANM,WE,Towers with Radar,9,1,50,0,60,0,0,274,0,274,9,1,324,0,334,404,0,404,738
01/30/2022,PAE,WA,ANM,WE,Towers with Radar,24,0,26,0,50,0,0,5,0,5,24,0,31,0,55,6,0,6,61
01/31/2022,PAE,WA,ANM,WE,Towers with Radar,25,0,35,1,61,0,0,60,0,60,25,0,95,1,121,251,0,251,372
02/01/2022,PAE,WA,ANM,WE,Towers with Radar,19,4,20,2,45,0,2,39,1,42,19,6,59,3,87,232,18,250,337
02/02/2022,PAE,WA,ANM,WE,Towers with Radar,28,0,26,1,55,0,0,35,0,35,28,0,61,1,90,169,0,169,259
02/03/2022,PAE,WA,ANM,WE,Towers with Radar,22,2,38,0,62,0,0,0,0,0,22,2,38,0,62,0,0,0,62
02/04/2022,PAE,WA,ANM,WE,Towers with Radar,25,1,40,0,66,0,2,25,0,27,25,3,65,0,93,8,0,8,101
02/05/2022,PAE,WA,ANM,WE,Towers with Radar,20,2,65,0,87,0,0,34,0,34,20,2,99,0,121,46,0,46,167
02/06/2022,PAE,WA,ANM,WE,Towers with Radar,23,1,38,0,62,0,0,238,0,238,23,1,276,0,300,419,0,419,719
02/07/2022,PAE,WA,ANM,WE,Towers with Radar,28,3,37,0,68,0,0,18,0,18,28,3,55,0,86,8,2,10,96
02/08/2022,PAE,WA,ANM,WE,Towers with Radar,14,4,66,5,89,0,1,99,0,100,14,5,165,5,189,289,16,305,494
02/09/2022,PAE,WA,ANM,WE,Towers with Radar,11,2,47,2,62,0,0,89,1,90,11,2,136,3,152,344,0,344,496
02/10/2022,PAE,WA,ANM,WE,Towers with Radar,18,2,30,0,50,0,0,8,0,8,18,2,38,0,58,6,0,6,64
02/11/2022,PAE,WA,ANM,WE,Towers with Radar,31,4,42,0,77,0,2,156,0,158,31,6,198,0,235,238,0,238,473
02/12/2022,PAE,WA,ANM,WE,Towers with Radar,10,2,32,0,44,0,0,330,0,330,10,2,362,0,374,370,0,370,744
02/13/2022,PAE,WA,ANM,WE,Towers with Radar,24,2,37,0,63,0,0,173,0,173,24,2,210,0,236,343,21,364,600
02/14/2022,PAE,WA,ANM,WE,Towers with Radar,24,1,12,3,40,0,0,14,0,14,24,1,26,3,54,47,0,47,101
02/15/2022,PAE,WA,ANM,WE,Towers with Radar,9,2,45,0,56,0,0,56,1,57,9,2,101,1,113,252,8,260,373
02/16/2022,PAE,WA,ANM,WE,Towers with Radar,9,7,47,0,63,0,0,118,0,118,9,7,165,0,181,418,0,418,599
02/17/2022,PAE,WA,ANM,WE,Towers with Radar,26,6,17,0,49,0,0,32,0,32,26,6,49,0,81,58,0,58,139
02/18/2022,PAE,WA,ANM,WE,Towers with Radar,28,1,47,0,76,0,1,142,0,143,28,2,189,0,219,264,0,264,483
02/19/2022,PAE,WA,ANM,WE,Towers with Radar,16,4,23,0,43,0,0,2,0,2,16,4,25,0,45,0,0,0,45
02/20/2022,PAE,WA,ANM,WE,Towers with Radar,24,3,20,0,47,0,3,29,0,32,24,6,49,0,79,113,0,113,192
02/21/2022,PAE,WA,ANM,WE,Towers with Radar,30,2,16,0,48,0,0,24,0,24,30,2,40,0,72,88,0,88,160
02/22/2022,PAE,WA,ANM,WE,Towers with Radar,12,6,17,0,35,0,1,81,0,82,12,7,98,0,117,216,0,216,333
02/23/2022,PAE,WA,ANM,WE,Towers with Radar,11,0,61,2,74,0,0,184,0,184,11,0,245,2,258,471,0,471,729
02/24/2022,PAE,WA,ANM,WE,Towers with Radar,27,0,27,0,54,0,1,117,0,118,27,1,144,0,172,246,0,246,418
02/25/2022,PAE,WA,ANM,WE,Towers with Radar,25,3,43,0,71,0,0,286,0,286,25,3,329,0,357,368,0,368,725
02/26/2022,PAE,WA,ANM,WE,Towers with Radar,11,3,33,0,47,0,0,96,0,96,11,3,129,0,143,175,0,175,318
02/27/2022,PAE,WA,ANM,WE,Towers with Radar,30,1,20,1,52,0,0,9,0,9,30,1,29,1,61,0,0,0,61
02/28/2022,PAE,WA,ANM,WE,Towers with Radar,31,6,17,0,54,0,0,2,0,2,31,6,19,0,56,0,0,0,56
03/01/2022,PAE,WA,ANM,WE,Towers with Radar,9,3,34,0,46,0,0,39,0,39,9,3,73,0,85,67,0,67,152
03/02/2022,PAE,WA,ANM,WE,Towers with Radar,14,5,37,5,61,0,0,19,0,19,14,5,56,5,80,54,0,54,134
03/03/2022,PAE,WA,ANM,WE,Towers with Radar,31,4,44,0,79,0,0,33,0,33,31,4,77,0,112,77,0,77,189
03/04/2022,PAE,WA,ANM,WE,Towers with Radar,27,2,22,0,51,0,0,98,0,98,27,2,120,0,149,166,0,166,315
03/05/2022,PAE,WA,ANM,WE,Towers with Radar,12,3,75,0,90,0,0,190,0,190,12,3,265,0,280,405,0,405,685
03/06/2022,PAE,WA,ANM,WE,Towers with Radar,24,5,31,0,60,0,0,170,0,170,24,5,201,0,230,361,18,379,609
03/07/2022,PAE,WA,ANM,WE,Towers with Radar,27,1,41,0,69,0,0,40,1,41,27,1,81,1,110,115,0,115,225
03/08/2022,PAE,WA,ANM,WE,Towers with Radar,17,7,27,0,51,0,0,17,0,17,17,7,44,0,68,11,0,11,79
03/09/2022,PAE,WA,ANM,WE,Towers with Radar,26,6,44,0,76,8,0,214,1,223,34,6,258,1,299,310,0,310,609
03/10/2022,PAE,WA,ANM,WE,Towers with Radar,29,4,59,0,92,0,2,180,0,182,29,6,239,0,274,454,0,454,728
03/11/2022,PAE,WA,ANM,WE,Towers with Radar,25,3,51,0,79,0,1,130,0,131,25,4,181,0,210,362,0,362,572
03/12/2022,PAE,WA,ANM,WE,Towers with Radar,14,1,60,0,75,0,0,137,0,137,14,1,197,0,212,148,0,148,360
03/13/2022,PAE,WA,ANM,WE,Towers with Radar,23,5,31,0,59,0,0,89,0,89,23,5,120,0,148,194,0,194,342
03/14/2022,PAE,WA,ANM,WE,Towers with Radar,24,1,12,2,39,0,0,4,0,4,24,1,16,2,43,0,0,0,43
03/15/2022,PAE,WA,ANM,WE,Towers with Radar,9,2,22,0,33,0,0,15,0,15,9,2,37,0,48,19,0,19,67
03/16/2022,PAE,WA,ANM,WE,Towers with Radar,21,5,45,2,73,0,0,88,1,89,21,5,133,3,162,337,0,337,499
03/17/2022,PAE,WA,ANM,WE,Towers with Radar,36,5,50,2,93,0,0,41,0,41,36,5,91,2,134,212,0,212,346
03/18/2022,PAE,WA,ANM,WE,Towers with Radar,34,2,62,0,98,0,1,100,0,101,34,3,162,0,199,360,0,360,559
03/19/2022,PAE,WA,ANM,WE,Towers with Radar,24,3,8,0,35,0,0,0,0,0,24,3,8,0,35,0,0,0,35
03/20/2022,PAE,WA,ANM,WE,Towers with Radar,27,2,32,0,61,2,0,31,0,33,29,2,63,0,94,68,0,68,162
03/21/2022,PAE,WA,ANM,WE,Towers with Radar,28,2,23,0,53,0,0,5,0,5,28,2,28,0,58,0,0,0,58
03/22/2022,PAE,WA,ANM,WE,Towers with Radar,32,4,60,0,96,0,0,66,0,66,32,4,126,0,162,168,0,168,330
03/23/2022,PAE,WA,ANM,WE,Towers with Radar,39,8,29,0,76,0,0,10,0,10,39,8,39,0,86,50,0,50,136
03/24/2022,PAE,WA,ANM,WE,Towers with Radar,40,5,44,0,89,0,2,195,0,197,40,7,239,0,286,341,0,341,627
03/25/2022,PAE,WA,ANM,WE,Towers with Radar,33,1,44,1,79,0,1,182,0,183,33,2,226,1,262,381,0,381,643
03/26/2022,PAE,WA,ANM,WE,Towers with Radar,33,0,49,1,83,0,0,147,0,147,33,0,196,1,230,354,0,354,584
03/27/2022,PAE,WA,ANM,WE,Towers with Radar,30,4,52,0,86,0,0,152,0,152,30,4,204,0,238,224,0,224,462
03/28/2022,PAE,WA,ANM,WE,Towers with Radar,28,10,22,0,60,0,0,2,0,2,28,10,24,0,62,0,0,0,62
03/29/2022,PAE,WA,ANM,WE,Towers with Radar,29,0,59,0,88,0,0,102,0,102,29,0,161,0,190,288,0,288,478
03/30/2022,PAE,WA,ANM,WE,Towers with Radar,31,3,34,0,68,0,0,33,0,33,31,3,67,0,101,171,0,171,272
03/31/2022,PAE,WA,ANM,WE,Towers with Radar,41,13,45,0,99,2,0,110,0,112,43,13,155,0,211,260,0,260,471
04/01/2022,PAE,WA,ANM,WE,Towers with Radar,33,0,55,0,88,0,0,132,0,132,33,0,187,0,220,347,0,347,567
04/02/2022,PAE,WA,ANM,WE,Towers with Radar,30,1,55,0,86,5,1,118,0,124,35,2,173,0,210,255,0,255,465
04/03/2022,PAE,WA,ANM,WE,Towers with Radar,27,1,19,0,47,0,0,22,0,22,27,1,41,0,69,27,4,31,100
04/04/2022,PAE,WA,ANM,WE,Towers with Radar,34,2,9,0,45,0,0,4,0,4,34,2,13,0,49,10,0,10,59
04/05/2022,PAE,WA,ANM,WE,Towers with Radar,30,1,28,0,59,0,3,88,0,91,30,4,116,0,150,172,2,174,324
04/06/2022,PAE,WA,ANM,WE,Towers with Radar,28,1,45,0,74,0,0,227,0,227,28,1,272,0,301,222,0,222,523
04/07/2022,PAE,WA,ANM,WE,Towers with Radar,29,4,43,2,78,0,0,246,0,246,29,4,289,2,324,266,0,266,590
04/08/2022,PAE,WA,ANM,WE,Towers with Radar,38,5,24,1,68,3,0,12,0,15,41,5,36,1,83,31,0,31,114
04/09/2022,PAE,WA,ANM,WE,Towers with Radar,29,1,29,0,59,4,1,81,0,86,33,2,110,0,145,104,0,104,249
04/10/2022,PAE,WA,ANM,WE,Towers with Radar,28,4,20,1,53,0,0,23,0,23,28,4,43,1,76,14,0,14,90
04/11/2022,PAE,WA,ANM,WE,Towers with Radar,36,2,17,0,55,4,0,106,0,110,40,2,123,0,165,140,0,140,305
04/12/2022,PAE,WA,ANM,WE,Towers with Radar,28,2,10,0,40,0,0,12,0,12,28,2,22,0,52,0,0,0,52
04/13/2022,PAE,WA,ANM,WE,Towers with Radar,26,3,50,1,80,0,0,130,1,131,26,3,180,2,211,158,2,160,371
04/14/2022,PAE,WA,ANM,WE,Towers with Radar,33,2,23,0,58,0,0,84,0,84,33,2,107,0,142,219,2,221,363
04/15/2022,PAE,WA,ANM,WE,Towers with Radar,34,1,46,0,81,8,0,164,0,172,42,1,210,0,253,299,0,299,552
04/16/2022,PAE,WA,ANM,WE,Towers with Radar,25,4,32,0,61,0,0,149,0,149,25,4,181,0,210,260,0,260,470
04/17/2022,PAE,WA,ANM,WE,Towers with Radar,28,1,21,0,50,0,0,191,0,191,28,1,212,0,241,142,0,142,383
04/18/2022,PAE,WA,ANM,WE,Towers with Radar,29,5,25,0,59,0,0,25,0,25,29,5,50,0,84,65,0,65,149
04/19/2022,PAE,WA,ANM,WE,Towers with Radar,29,4,23,4,60,0,0,69,0,69,29,4,92,4,129,169,0,169,298
04/20/2022,PAE,WA,ANM,WE,Towers with Radar,28,3,28,0,59,2,3,68,0,73,30,6,96,0,132,80,0,80,212
04/21/2022,PAE,WA,ANM,WE,Towers with Radar,29,4,30,0,63,0,0,10,0,10,29,4,40,0,73,43,0,43,116
04/22/2022,PAE,WA,ANM,WE,Towers with Radar,41,19,40,0,100,0,3,55,0,58,41,22,95,0,158,85,0,85,243
04/23/2022,PAE,WA,ANM,WE,Towers with Radar,27,2,59,0,88,0,0,201,0,201,27,2,260,0,289,312,0,312,601
04/24/2022,PAE,WA,ANM,WE,Towers with Radar,29,3,46,0,78,0,1,222,0,223,29,4,268,0,301,177,0,177,478
04/25/2022,PAE,WA,ANM,WE,Towers with Radar,38,6,41,0,85,0,1,75,0,76,38,7,116,0,161,177,0,177,338
04/26/2022,PAE,WA,ANM,WE,Towers with Radar,31,3,22,1,57,0,0,28,0,28,31,3,50,1,85,99,0,99,184
04/27/2022,PAE,WA,ANM,WE,Towers with Radar,26,7,38,0,71,0,0,138,0,138,26,7,176,0,209,329,0,329,538
04/28/2022,PAE,WA,ANM,WE,Towers with Radar,30,4,30,0,64,0,0,99,1,100,30,4,129,1,164,291,0,291,455
04/29/2022,PAE,WA,ANM,WE,Towers with Radar,38,2,47,0,87,0,1,181,0,182,38,3,228,0,269,350,0,350,619
04/30/2022,PAE,WA,ANM,WE,Towers with Radar,27,2,36,0,65,0,0,102,0,102,27,2,138,0,167,290,0,290,457
05/01/2022,PAE,WA,ANM,WE,Towers with Radar,23,3,51,0,77,0,2,181,0,183,23,5,232,0,260,403,0,403,663
05/02/2022,PAE,WA,ANM,WE,Towers with Radar,28,6,27,0,61,0,0,16,0,16,28,6,43,0,77,77,0,77,154
05/03/2022,PAE,WA,ANM,WE,Towers with Radar,26,4,56,4,90,0,0,21,0,21,26,4,77,4,111,8,0,8,119
05/04/2022,PAE,WA,ANM,WE,Towers with Radar,22,4,41,0,67,0,1,178,0,179,22,5,219,0,246,336,0,336,582
05/05/2022,PAE,WA,ANM,WE,Towers with Radar,29,1,32,6,68,0,0,8,0,8,29,1,40,6,76,9,0,9,85
05/06/2022,PAE,WA,ANM,WE,Towers with Radar,31,6,40,0,77,0,0,24,0,24,31,6,64,0,101,39,0,39,140
05/07/2022,PAE,WA,ANM,WE,Towers with Radar,23,2,14,0,39,0,0,14,0,14,23,2,28,0,53,17,0,17,70
05/08/2022,PAE,WA,ANM,WE,Towers with Radar,30,1,30,0,61,0,1,96,0,97,30,2,126,0,158,199,0,199,357
05/09/2022,PAE,WA,ANM,WE,Towers with Radar,27,15,32,2,76,0,1,109,0,110,27,16,141,2,186,325,0,325,511
05/10/2022,PAE,WA,ANM,WE,Towers with Radar,27,1,56,0,84,0,1,130,2,133,27,2,186,2,217,237,8,245,462
05/11/2022,PAE,WA,ANM,WE,Towers with Radar,30,2,58,0,90,2,0,170,0,172,32,2,228,0,262,164,0,164,426
05/12/2022,PAE,WA,ANM,WE,Towers with Radar,34,7,37,0,78,0,4,7,0,11,34,11,44,0,89,19,0,19,108
05/13/2022,PAE,WA,ANM,WE,Towers with Radar,30,3,42,0,75,0,1,165,0,166,30,4,207,0,241,398,0,398,639
05/14/2022,PAE,WA,ANM,WE,Towers with Radar,26,4,30,0,60,2,0,42,0,44,28,4,72,0,104,22,0,22,126
05/15/2022,PAE,WA,ANM,WE,Towers with Radar,35,2,33,0,70,0,2,6,0,8,35,4,39,0,78,30,0,30,108
05/16/2022,PAE,WA,ANM,WE,Towers with Radar,27,4,46,0,77,0,1,100,0,101,27,5,146,0,178,320,0,320,498
05/17/2022,PAE,WA,ANM,WE,Towers with Radar,22,3,50,0,75,0,1,137,0,138,22,4,187,0,213,382,0,382,595
05/18/2022,PAE,WA,ANM,WE,Towers with Radar,30,6,8,0,44,0,0,5,0,5,30,6,13,0,49,0,0,0,49
05/19/2022,PAE,WA,ANM,WE,Towers with Radar,32,3,46,0,81,0,0,164,1,165,32,3,210,1,246,428,2,430,676
05/20/2022,PAE,WA,ANM,WE,Towers with Radar,34,0,24,0,58,0,0,196,0,196,34,0,220,0,254,322,0,322,576
05/21/2022,PAE,WA,ANM,WE,Towers with Radar,22,0,33,0,55,0,0,231,0,231,22,0,264,0,286,245,0,245,531
05/22/2022,PAE,WA,ANM,WE,Towers with Radar,27,1,31,0,59,0,0,269,0,269,27,1,300,0,328,359,0,359,687
05/23/2022,PAE,WA,ANM,WE,Towers with Radar,33,5,24,2,64,0,0,136,0,136,33,5,160,2,200,492,0,492,692
05/24/2022,PAE,WA,ANM,WE,Towers with Radar,24,4,33,0,61,0,0,118,0,118,24,4,151,0,179,450,0,450,629
05/25/2022,PAE,WA,ANM,WE,Towers with Radar,29,5,22,2,58,0,1,124,2,127,29,6,146,4,185,311,0,311,496
05/26/2022,PAE,WA,ANM,WE,Towers with Radar,28,6,37,1,72,0,0,118,0,118,28,6,155,1,190,400,0,400,590
05/27/2022,PAE,WA,ANM,WE,Towers with Radar,40,4,36,0,80,0,2,50,0,52,40,6,86,0,132,27,0,27,159
05/28/2022,PAE,WA,ANM,WE,Towers with Radar,25,2,17,0,44,0,0,84,0,84,25,2,101,0,128,206,0,206,334
05/29/2022,PAE,WA,ANM,WE,Towers with Radar,22,0,29,0,51,0,1,28,0,29,22,1,57,0,80,17,0,17,97
05/30/2022,PAE,WA,ANM,WE,Towers with Radar,27,3,50,0,80,0,0,127,0,127,27,3,177,0,207,303,0,303,510
05/31/2022,PAE,WA,ANM,WE,Towers with Radar,30,6,30,2,68,0,0,246,0,246,30,6,276,2,314,374,0,374,688
06/01/2022,PAE,WA,ANM,WE,Towers with Radar,25,1,21,2,49,0,0,192,0,192,25,1,213,2,241,537,0,537,778
06/02/2022,PAE,WA,ANM,WE,Towers with Radar,31,2,27,0,60,0,0,122,0,122,31,2,149,0,182,180,0,180,362
06/03/2022,PAE,WA,ANM,WE,Towers with Radar,37,2,23,2,64,0,0,50,0,50,37,2,73,2,114,100,0,100,214
06/04/2022,PAE,WA,ANM,WE,Towers with Radar,17,3,35,0,55,0,0,168,0,168,17,3,203,0,223,317,0,317,540
06/05/2022,PAE,WA,ANM,WE,Towers with Radar,28,1,28,0,57,0,0,18,0,18,28,1,46,0,75,24,0,24,99
06/06/2022,PAE,WA,ANM,WE,Towers with Radar,29,1,26,0,56,0,0,142,0,142,29,1,168,0,198,408,0,408,606
06/07/2022,PAE,WA,ANM,WE,Towers with Radar,20,0,18,1,39,2,0,228,0,230,22,0,246,1,269,456,0,456,725
06/08/2022,PAE,WA,ANM,WE,Towers with Radar,28,1,48,1,78,0,0,180,0,180,28,1,228,1,258,256,0,256,514
06/09/2022,PAE,WA,ANM,WE,Towers with Radar,30,6,42,0,78,0,0,1,0,1,30,6,43,0,79,0,0,0,79
06/10/2022,PAE,WA,ANM,WE,Towers with Radar,28,1,39,0,68,0,1,62,0,63,28,2,101,0,131,132,0,132,263
06/11/2022,PAE,WA,ANM,WE,Towers with Radar,15,0,48,0,63,0,0,139,0,139,15,0,187,0,202,259,0,259,461
06/12/2022,PAE,WA,ANM,WE,Towers with Radar,24,3,23,0,50,0,1,110,0,111,24,4,133,0,161,348,0,348,509
06/13/2022,PAE,WA,ANM,WE,Towers with Radar,28,4,34,0,66,2,0,45,0,47,30,4,79,0,113,92,0,92,205
06/14/2022,PAE,WA,ANM,WE,Towers with Radar,19,3,39,0,61,0,0,122,0,122,19,3,161,0,183,479,0,479,662
06/15/2022,PAE,WA,ANM,WE,Towers with Radar,26,2,43,5,76,0,2,222,0,224,26,4,265,5,300,366,8,374,674
06/16/2022,PAE,WA,ANM,WE,Towers with Radar,33,2,56,1,92,2,0,203,1,206,35,2,259,2,298,315,0,315,613
06/17/2022,PAE,WA,ANM,WE,Towers with Radar,34,5,48,0,87,0,0,25,0,25,34,5,73,0,112,50,1,51,163
06/18/2022,PAE,WA,ANM,WE,Towers with Radar,19,8,57,0,84,0,0,29,0,29,19,8,86,0,113,0,0,0,113
06/19/2022,PAE,WA,ANM,WE,Towers with Radar,31,4,44,0,79,7,0,121,0,128,38,4,165,0,207,238,0,238,445
06/20/2022,PAE,WA,ANM,WE,Towers with Radar,32,2,51,0,85,0,0,145,0,145,32,2,196,0,230,327,0,327,557
06/21/2022,PAE,WA,ANM,WE,Towers with Radar,25,7,23,2,57,0,1,170,0,171,25,8,193,2,228,396,0,396,624
06/22/2022,PAE,WA,ANM,WE,Towers with Radar,35,2,15,0,52,0,0,99,0,99,35,2,114,0,151,221,0,221,372
06/23/2022,PAE,WA,ANM,WE,Towers with Radar,34,5,32,0,71,0,0,225,2,227,34,5,257,2,298,451,6,457,755
06/24/2022,PAE,WA,ANM,WE,Towers with Radar,41,1,15,0,57,0,0,222,0,222,41,1,237,0,279,319,7,326,605
06/25/2022,PAE,WA,ANM,WE,Towers with Radar,27,3,24,0,54,0,0,245,0,245,27,3,269,0,299,260,0,260,559
06/26/2022,PAE,WA,ANM,WE,Towers with Radar,35,6,28,0,69,0,0,199,0,199,35,6,227,0,268,226,0,226,494
06/27/2022,PAE,WA,ANM,WE,Towers with Radar,33,6,9,0,48,0,1,182,0,183,33,7,191,0,231,292,0,292,523
06/28/2022,PAE,WA,ANM,WE,Towers with Radar,34,4,23,0,61,0,0,47,0,47,34,4,70,0,108,98,2,100,208
06/29/2022,PAE,WA,ANM,WE,Towers with Radar,31,2,40,0,73,0,0,132,0,132,31,2,172,0,205,375,0,375,580
06/30/2022,PAE,WA,ANM,WE,Towers with Radar,33,5,29,0,67,0,2,207,0,209,33,7,236,0,276,249,0,249,525
07/01/2022,PAE,WA,ANM,WE,Towers with Radar,39,7,26,0,72,0,0,233,0,233,39,7,259,0,305,259,0,259,564
07/02/2022,PAE,WA,ANM,WE,Towers with Radar,17,2,33,0,52,0,0,113,0,113,17,2,146,0,165,163,0,163,328
07/03/2022,PAE,WA,ANM,WE,Towers with Radar,31,8,24,0,63,0,0,4,0,4,31,8,28,0,67,0,0,0,67
07/04/2022,PAE,WA,ANM,WE,Towers with Radar,29,0,21,2,52,0,0,107,0,107,29,0,128,2,159,209,0,209,368
07/05/2022,PAE,WA,ANM,WE,Towers with Radar,18,0,45,0,63,0,1,182,0,183,18,1,227,0,246,373,0,373,619
07/06/2022,PAE,WA,ANM,WE,Towers with Radar,19,1,27,4,51,0,0,160,0,160,19,1,187,4,211,428,6,434,645
07/07/2022,PAE,WA,ANM,WE,Towers with Radar,34,3,24,4,65,4,0,183,0,187,38,3,207,4,252,531,0,531,783
07/08/2022,PAE,WA,ANM,WE,Towers with Radar,33,4,29,3,69,0,0,231,0,231,33,4,260,3,300,404,20,424,724
07/09/2022,PAE,WA,ANM,WE,Towers with Radar,16,1,34,0,51,0,0,240,0,240,16,1,274,0,291,279,0,279,570
07/10/2022,PAE,WA,ANM,WE,Towers with Radar,29,4,35,0,68,0,0,196,0,196,29,4,231,0,264,337,0,337,601
07/11/2022,PAE,WA,ANM,WE,Towers with Radar,35,2,25,0,62,12,0,230,0,242,47,2,255,0,304,320,2,322,626
07/12/2022,PAE,WA,ANM,WE,Towers with Radar,29,3,31,0,63,0,1,167,0,168,29,4,198,0,231,162,0,162,393
07/13/2022,PAE,WA,ANM,WE,Towers with Radar,20,5,40,1,66,0,0,216,0,216,20,5,256,1,282,409,0,409,691
07/14/2022,PAE,WA,ANM,WE,Towers with Radar,31,1,17,0,49,0,3,232,0,235,31,4,249,0,284,260,0,260,544
07/15/2022,PAE,WA,ANM,WE,Towers with Radar,37,3,55,0,95,4,2,229,0,235,41,5,284,0,330,324,0,324,654
07/16/2022,PAE,WA,ANM,WE,Towers with Radar,16,6,29,0,51,0,1,111,0,112,16,7,140,0,163,198,0,198,361
07/17/2022,PAE,WA,ANM,WE,Towers with Radar,35,0,45,0,80,0,2,165,0,167,35,2,210,0,247,349,0,349,596
07/18/2022,PAE,WA,ANM,WE,Towers with Radar,36,5,42,2,85,0,2,106,0,108,36,7,148,2,193,309,0,309,502
07/19/2022,PAE,WA,ANM,WE,Towers with Radar,23,3,19,0,45,0,5,205,0,210,23,8,224,0,255,404,0,404,659
07/20/2022,PAE,WA,ANM,WE,Towers with Radar,29,2,27,0,58,0,0,232,0,232,29,2,259,0,290,367,0,367,657
07/21/2022,PAE,WA,ANM,WE,Towers with Radar,39,2,29,0,70,0,3,203,0,206,39,5,232,0,276,354,2,356,632
07/22/2022,PAE,WA,ANM,WE,Towers with Radar,41,8,44,0,93,0,2,147,0,149,41,10,191,0,242,306,0,306,548
07/23/2022,PAE,WA,ANM,WE,Towers with Radar,18,8,34,0,60,0,0,124,0,124,18,8,158,0,184,265,0,265,449
07/24/2022,PAE,WA,ANM,WE,Towers with Radar,33,1,24,0,58,0,3,210,0,213,33,4,234,0,271,429,0,429,700
07/25/2022,PAE,WA,ANM,WE,Towers with Radar,31,0,37,0,68,0,2,210,0,212,31,2,247,0,280,402,0,402,682
07/26/2022,PAE,WA,ANM,WE,Towers with Radar,25,4,16,0,45,0,2,196,0,198,25,6,212,0,243,424,4,428,671
07/27/2022,PAE,WA,ANM,WE,Towers with Radar,25,4,15,0,44,0,2,216,0,218,25,6,231,0,262,465,7,472,734
07/28/2022,PAE,WA,ANM,WE,Towers with Radar,36,3,15,2,56,0,6,186,0,192,36,9,201,2,248,369,0,369,617
07/29/2022,PAE,WA,ANM,WE,Towers with Radar,42,6,13,0,61,0,9,173,0,182,42,15,186,0,243,268,0,268,511
07/30/2022,PAE,WA,ANM,WE,Towers with Radar,18,0,13,0,31,0,3,210,0,213,18,3,223,0,244,299,0,299,543
07/31/2022,PAE,WA,ANM,WE,Towers with Radar,29,8,8,0,45,0,7,228,0,235,29,15,236,0,280,485,0,485,765
08/01/2022,PAE,WA,ANM,WE,Towers with Radar,38,2,33,0,73,0,3,181,0,184,38,5,214,0,257,227,0,227,484
08/02/2022,PAE,WA,ANM,WE,Towers with Radar,17,8,39,0,64,0,0,112,0,112,17,8,151,0,176,252,0,252,428
08/03/2022,PAE,WA,ANM,WE,Towers with Radar,20,5,32,10,67,0,3,210,0,213,20,8,242,10,280,440,0,440,720
08/04/2022,PAE,WA,ANM,WE,Towers with Radar,30,8,33,1,72,0,5,75,0,80,30,13,108,1,152,351,0,351,503
08/05/2022,PAE,WA,ANM,WE,Towers with Radar,32,6,30,2,70,0,7,171,0,178,32,13,201,2,248,211,0,211,459
08/06/2022,PAE,WA,ANM,WE,Towers with Radar,0,1,11,0,12,0,1,200,0,201,0,2,211,0,213,225,0,225,438
08/07/2022,PAE,WA,ANM,WE,Towers with Radar,33,2,24,0,59,0,8,207,0,215,33,10,231,0,274,219,0,219,493
08/08/2022,PAE,WA,ANM,WE,Towers with Radar,31,1,18,0,50,0,1,169,0,170,31,2,187,0,220,499,8,507,727
08/09/2022,PAE,WA,ANM,WE,Towers with Radar,17,5,23,2,47,0,0,139,0,139,17,5,162,2,186,145,0,145,331
08/10/2022,PAE,WA,ANM,WE,Towers with Radar,24,1,16,0,41,0,0,57,0,57,24,1,73,0,98,188,0,188,286
08/11/2022,PAE,WA,ANM,WE,Towers with Radar,29,2,35,0,66,0,7,217,0,224,29,9,252,0,290,345,8,353,643
08/12/2022,PAE,WA,ANM,WE,Towers with Radar,35,8,31,2,76,0,8,263,0,271,35,16,294,2,347,336,0,336,683
08/13/2022,PAE,WA,ANM,WE,Towers with Radar,20,9,40,1,70,0,4,209,0,213,20,13,249,1,283,353,0,353,636
08/14/2022,PAE,WA,ANM,WE,Towers with Radar,35,5,31,0,71,6,8,264,0,278,41,13,295,0,349,384,0,384,733
08/15/2022,PAE,WA,ANM,WE,Towers with Radar,34,0,40,0,74,0,6,221,0,227,34,6,261,0,301,468,0,468,769
08/16/2022,PAE,WA,ANM,WE,Towers with Radar,22,1,24,0,47,0,3,202,0,205,22,4,226,0,252,459,4,463,715
08/17/2022,PAE,WA,ANM,WE,Towers with Radar,19,0,38,0,57,0,4,206,0,210,19,4,244,0,267,398,0,398,665
08/18/2022,PAE,WA,ANM,WE,Towers with Radar,29,2,33,3,67,0,1,187,0,188,29,3,220,3,255,531,0,531,786
08/19/2022,PAE,WA,ANM,WE,Towers with Radar,40,9,30,2,81,4,3,177,0,184,44,12,207,2,265,281,0,281,546
08/20/2022,PAE,WA,ANM,WE,Towers with Radar,13,1,31,0,45,0,3,192,0,195,13,4,223,0,240,392,0,392,632
08/21/2022,PAE,WA,ANM,WE,Towers with Radar,34,2,54,0,90,0,5,180,0,185,34,7,234,0,275,218,0,218,493
08/22/2022,PAE,WA,ANM,WE,Towers with Radar,32,7,19,1,59,0,3,200,0,203,32,10,219,1,262,343,2,345,607
08/23/2022,PAE,WA,ANM,WE,Towers with Radar,19,0,29,2,50,0,1,187,1,189,19,1,216,3,239,539,10,549,788
08/24/2022,PAE,WA,ANM,WE,Towers with Radar,23,3,30,0,56,0,4,220,0,224,23,7,250,0,280,482,0,482,762
08/25/2022,PAE,WA,ANM,WE,Towers with Radar,36,3,32,0,71,0,7,229,0,236,36,10,261,0,307,391,2,393,700
08/26/2022,PAE,WA,ANM,WE,Towers with Radar,36,6,41,0,83,0,1,91,0,92,36,7,132,0,175,249,0,249,424
08/27/2022,PAE,WA,ANM,WE,Towers with Radar,17,11,70,0,98,0,1,82,0,83,17,12,152,0,181,197,0,197,378
08/28/2022,PAE,WA,ANM,WE,Towers with Radar,31,4,38,0,73,0,5,249,0,254,31,9,287,0,327,386,0,386,713
08/29/2022,PAE,WA,ANM,WE,Towers with Radar,32,1,26,2,61,0,3,191,0,194,32,4,217,2,255,336,0,336,591
08/30/2022,PAE,WA,ANM,WE,Towers with Radar,25,0,38,8,71,0,4,215,0,219,25,4,253,8,290,512,0,512,802
08/31/2022,PAE,WA,ANM,WE,Towers with Radar,21,2,31,12,66,0,0,219,1,220,21,2,250,13,286,418,18,436,722
09/01/2022,PAE,WA,ANM,WE,Towers with Radar,33,7,31,0,71,0,3,124,0,127,33,10,155,0,198,308,0,308,506
09/02/2022,PAE,WA,ANM,WE,Towers with Radar,37,14,30,0,81,0,4,197,0,201,37,18,227,0,282,405,0,405,687
09/03/2022,PAE,WA,ANM,WE,Towers with Radar,15,7,40,1,63,0,0,56,0,56,15,7,96,1,119,108,0,108,227
09/04/2022,PAE,WA,ANM,WE,Towers with Radar,34,2,23,0,59,0,3,121,0,124,34,5,144,0,183,115,0,115,298
09/05/2022,PAE,WA,ANM,WE,Towers with Radar,28,3,46,0,77,0,0,230,0,230,28,3,276,0,307,481,0,481,788
09/06/2022,PAE,WA,ANM,WE,Towers with Radar,17,4,26,0,47,0,4,189,0,193,17,8,215,0,240,255,0,255,495
09/07/2022,PAE,WA,ANM,WE,Towers with Radar,16,3,31,0,50,0,3,194,0,197,16,6,225,0,247,472,0,472,719
09/08/2022,PAE,WA,ANM,WE,Towers with Radar,20,3,22,0,45,4,6,210,0,220,24,9,232,0,265,467,0,467,732
09/09/2022,PAE,WA,ANM,WE,Towers with Radar,28,1,26,1,56,0,0,201,1,202,28,1,227,2,258,417,0,417,675
09/10/2022,PAE,WA,ANM,WE,Towers with Radar,17,2,28,0,47,0,0,75,0,75,17,2,103,0,122,364,0,364,486
09/11/2022,PAE,WA,ANM,WE,Towers with Radar,23,3,34,0,60,0,0,87,0,87,23,3,121,0,147,177,0,177,324
09/12/2022,PAE,WA,ANM,WE,Towers with Radar,24,4,42,0,70,0,0,77,0,77,24,4,119,0,147,332,0,332,479
09/13/2022,PAE,WA,ANM,WE,Towers with Radar,16,9,28,1,54,0,2,126,0,128,16,11,154,1,182,474,0,474,656
09/14/2022,PAE,WA,ANM,WE,Towers with Radar,22,2,41,2,67,2,5,173,0,180,24,7,214,2,247,437,0,437,684
09/15/2022,PAE,WA,ANM,WE,Towers with Radar,28,6,49,0,83,0,1,139,0,140,28,7,188,0,223,427,0,427,650
09/16/2022,PAE,WA,ANM,WE,Towers with Radar,28,5,40,0,73,0,4,131,0,135,28,9,171,0,208,389,0,389,597
09/17/2022,PAE,WA,ANM,WE,Towers with Radar,18,4,25,0,47,0,4,240,0,244,18,8,265,0,291,375,0,375,666
09/18/2022,PAE,WA,ANM,WE,Towers with Radar,23,0,21,0,44,0,2,233,0,235,23,2,254,0,279,268,0,268,547
09/19/2022,PAE,WA,ANM,WE,Towers with Radar,25,6,23,1,55,0,6,201,1,208,25,12,224,2,263,416,0,416,679
09/20/2022,PAE,WA,ANM,WE,Towers with Radar,17,0,30,2,49,0,5,167,0,172,17,5,197,2,221,342,0,342,563
09/21/2022,PAE,WA,ANM,WE,Towers with Radar,22,0,28,0,50,0,4,120,0,124,22,4,148,0,174,373,0,373,547
09/22/2022,PAE,WA,ANM,WE,Towers with Radar,22,4,40,2,68,0,0,91,0,91,22,4,131,2,159,307,0,307,466
09/23/2022,PAE,WA,ANM,WE,Towers with Radar,29,7,30,0,66,0,2,133,0,135,29,9,163,0,201,210,0,210,411
09/24/2022,PAE,WA,ANM,WE,Towers with Radar,18,3,21,0,42,0,3,199,0,202,18,6,220,0,244,319,0,319,563
09/25/2022,PAE,WA,ANM,WE,Towers with Radar,27,3,18,0,48,0,2,212,0,214,27,5,230,0,262,380,0,380,642
09/26/2022,PAE,WA,ANM,WE,Towers with Radar,24,2,24,0,50,0,2,174,0,176,24,4,198,0,226,333,0,333,559
09/27/2022,PAE,WA,ANM,WE,Towers with Radar,18,2,58,2,80,0,1,161,0,162,18,3,219,2,242,430,4,434,676
09/28/2022,PAE,WA,ANM,WE,Towers with Radar,20,5,32,0,57,2,1,97,0,100,22,6,129,0,157,331,0,331,488
09/29/2022,PAE,WA,ANM,WE,Towers with Radar,30,3,22,0,55,0,0,128,0,128,30,3,150,0,183,347,0,347,530
09/30/2022,PAE,WA,ANM,WE,Towers with Radar,29,3,44,0,76,0,1,121,0,122,29,4,165,0,198,170,0,170,368
10/01/2022,PAE,WA,ANM,WE,Towers with Radar,18,1,29,0,48,0,1,217,0,218,18,2,246,0,266,477,0,477,743
10/02/2022,PAE,WA,ANM,WE,Towers with Radar,23,1,28,0,52,0,2,159,0,161,23,3,187,0,213,332,0,332,545
10/03/2022,PAE,WA,ANM,WE,Towers with Radar,23,2,24,0,49,0,0,131,0,131,23,2,155,0,180,424,0,424,604
10/04/2022,PAE,WA,ANM,WE,Towers with Radar,15,3,26,0,44,0,0,8,0,8,15,3,34,0,52,21,0,21,73
10/05/2022,PAE,WA,ANM,WE,Towers with Radar,9,7,43,0,59,0,1,60,0,61,9,8,103,0,120,64,0,64,184
10/06/2022,PAE,WA,ANM,WE,Towers with Radar,19,6,46,4,75,0,1,103,0,104,19,7,149,4,179,281,0,281,460
10/07/2022,PAE,WA,ANM,WE,Towers with Radar,34,7,29,0,70,2,3,144,1,150,36,10,173,1,220,367,0,367,587
10/08/2022,PAE,WA,ANM,WE,Towers with Radar,8,2,45,0,55,0,0,179,0,179,8,2,224,0,234,395,0,395,629
10/09/2022,PAE,WA,ANM,WE,Towers with Radar,19,5,31,0,55,0,0,167,0,167,19,5,198,0,222,518,0,518,740
10/10/2022,PAE,WA,ANM,WE,Towers with Radar,28,2,46,0,76,0,3,107,0,110,28,5,153,0,186,342,0,342,528
10/11/2022,PAE,WA,ANM,WE,Towers with Radar,10,2,22,0,34,0,1,176,0,177,10,3,198,0,211,391,0,391,602
10/12/2022,PAE,WA,ANM,WE,Towers with Radar,8,3,29,1,41,0,1,173,0,174,8,4,202,1,215,427,12,439,654
10/13/2022,PAE,WA,ANM,WE,Towers with Radar,21,3,19,2,45,0,1,116,0,117,21,4,135,2,162,337,0,337,499
10/14/2022,PAE,WA,ANM,WE,Towers with Radar,22,2,21,0,45,0,1,125,0,126,22,3,146,0,171,206,0,206,377
10/15/2022,PAE,WA,ANM,WE,Towers with Radar,9,3,45,0,57,0,0,38,0,38,9,3,83,0,95,27,8,35,130
10/16/2022,PAE,WA,ANM,WE,Towers with Radar,20,3,26,0,49,0,4,131,1,136,20,7,157,1,185,324,0,324,509
10/17/2022,PAE,WA,ANM,WE,Towers with Radar,22,10,29,2,63,0,3,107,0,110,22,13,136,2,173,490,0,490,663
10/18/2022,PAE,WA,ANM,WE,Towers with Radar,10,11,30,2,53,0,0,39,1,40,10,11,69,3,93,57,0,57,150
10/19/2022,PAE,WA,ANM,WE,Towers with Radar,2,19,38,0,59,0,0,6,0,6,2,19,44,0,65,0,0,0,65
10/20/2022,PAE,WA,ANM,WE,Towers with Radar,20,16,45,0,81,1,0,16,0,17,21,16,61,0,98,30,0,30,128
10/21/2022,PAE,WA,ANM,WE,Towers with Radar,27,8,45,0,80,0,1,30,0,31,27,9,75,0,111,87,0,87,198
10/22/2022,PAE,WA,ANM,WE,Towers with Radar,6,5,33,0,44,0,3,41,0,44,6,8,74,0,88,146,0,146,234
10/23/2022,PAE,WA,ANM,WE,Towers with Radar,18,7,59,0,84,0,0,87,0,87,18,7,146,0,171,189,0,189,360
10/24/2022,PAE,WA,ANM,WE,Towers with Radar,21,6,37,0,64,0,0,19,0,19,21,6,56,0,83,88,0,88,171
10/25/2022,PAE,WA,ANM,WE,Towers with Radar,11,2,23,2,38,0,0,10,0,10,11,2,33,2,48,136,0,136,184
10/26/2022,PAE,WA,ANM,WE,Towers with Radar,8,3,34,0,45,0,2,91,0,93,8,5,125,0,138,402,0,402,540
10/27/2022,PAE,WA,ANM,WE,Towers with Radar,26,2,20,1,49,0,3,24,0,27,26,5,44,1,76,28,0,28,104
10/28/2022,PAE,WA,ANM,WE,Towers with Radar,27,10,52,0,89,0,2,68,0,70,27,12,120,0,159,139,0,139,298
10/29/2022,PAE,WA,ANM,WE,Towers with Radar,8,5,54,0,67,0,0,137,0,137,8,5,191,0,204,297,0,297,501
10/30/2022,PAE,WA,ANM,WE,Towers with Radar,25,0,17,0,42,0,0,4,0,4,25,0,21,0,46,0,0,0,46
10/31/2022,PAE,WA,ANM,WE,Towers with Radar,20,2,26,0,48,0,0,15,0,15,20,2,41,0,63,55,0,55,118
11/01/2022,PAE,WA,ANM,WE,Towers with Radar,5,8,22,0,35,0,0,184,0,184,5,8,206,0,219,614,0,614,833
11/02/2022,PAE,WA,ANM,WE,Towers with Radar,5,7,22,0,34,0,1,49,0,50,5,8,71,0,84,132,0,132,216
11/03/2022,PAE,WA,ANM,WE,Towers with Radar,29,7,30,0,66,0,0,32,0,32,29,7,62,0,98,170,0,170,268
11/04/2022,PAE,WA,ANM,WE,Towers with Radar,28,3,12,0,43,0,0,0,0,0,28,3,12,0,43,0,0,0,43
11/05/2022,PAE,WA,ANM,WE,Towers with Radar,9,2,20,0,31,0,0,135,0,135,9,2,155,0,166,353,0,353,519
11/06/2022,PAE,WA,ANM,WE,Towers with Radar,21,1,12,0,34,0,0,49,0,49,21,1,61,0,83,188,0,188,271
11/07/2022,PAE,WA,ANM,WE,Towers with Radar,23,5,15,7,50,0,0,10,0,10,23,5,25,7,60,0,0,0,60
11/08/2022,PAE,WA,ANM,WE,Towers with Radar,6,2,31,6,45,0,0,127,0,127,6,2,158,6,172,293,0,293,465
11/09/2022,PAE,WA,ANM,WE,Towers with Radar,17,2,26,2,47,2,0,241,1,244,19,2,267,3,291,381,7,388,679
11/10/2022,PAE,WA,ANM,WE,Towers with Radar,27,10,40,0,77,0,1,184,0,185,27,11,224,0,262,321,0,321,583
11/11/2022,PAE,WA,ANM,WE,Towers with Radar,24,2,22,0,48,0,0,154,0,154,24,2,176,0,202,487,0,487,689
11/12/2022,PAE,WA,ANM,WE,Towers with Radar,3,0,21,0,24,0,0,279,0,279,3,0,300,0,303,396,0,396,699
11/13/2022,PAE,WA,ANM,WE,Towers with Radar,20,4,21,0,45,0,2,179,0,181,20,6,200,0,226,281,0,281,507
11/14/2022,PAE,WA,ANM,WE,Towers with Radar,26,6,21,1,54,0,0,127,0,127,26,6,148,1,181,334,0,334,515
11/15/2022,PAE,WA,ANM,WE,Towers with Radar,11,0,28,0,39,0,3,159,0,162,11,3,187,0,201,300,0,300,501
11/16/2022,PAE,WA,ANM,WE,Towers with Radar,13,5,10,15,43,0,2,137,0,139,13,7,147,15,182,327,4,331,513
11/17/2022,PAE,WA,ANM,WE,Towers with Radar,32,3,20,0,55,0,0,111,0,111,32,3,131,0,166,125,0,125,291
11/18/2022,PAE,WA,ANM,WE,Towers with Radar,21,8,44,2,75,0,1,232,0,233,21,9,276,2,308,484,0,484,792
11/19/2022,PAE,WA,ANM,WE,Towers with Radar,25,4,29,0,58,0,0,264,0,264,25,4,293,0,322,411,0,411,733
11/20/2022,PAE,WA,ANM,WE,Towers with Radar,27,7,50,0,84,0,0,198,0,198,27,7,248,0,282,300,0,300,582
11/21/2022,PAE,WA,ANM,WE,Towers with Radar,30,2,27,2,61,0,2,104,0,106,30,4,131,2,167,312,0,312,479
11/22/2022,PAE,WA,ANM,WE,Towers with Radar,25,1,23,0,49,0,0,0,0,0,25,1,23,0,49,0,0,0,49
11/23/2022,PAE,WA,ANM,WE,Towers with Radar,31,7,43,1,82,0,1,76,0,77,31,8,119,1,159,237,0,237,396
11/24/2022,PAE,WA,ANM,WE,Towers with Radar,14,1,9,1,25,0,0,89,0,89,14,1,98,1,114,44,0,44,158
11/25/2022,PAE,WA,ANM,WE,Towers with Radar,20,3,16,0,39,0,0,2,0,2,20,3,18,0,41,4,0,4,45
11/26/2022,PAE,WA,ANM,WE,Towers with Radar,28,7,39,0,74,0,0,18,0,18,28,7,57,0,92,5,0,5,97
11/27/2022,PAE,WA,ANM,WE,Towers with Radar,22,7,15,0,44,0,1,111,0,112,22,8,126,0,156,255,0,255,411
11/28/2022,PAE,WA,ANM,WE,Towers with Radar,23,4,22,4,53,0,1,93,0,94,23,5,115,4,147,297,10,307,454
11/29/2022,PAE,WA,ANM,WE,Towers with Radar,20,2,6,0,28,0,0,1,0,1,20,2,7,0,29,0,0,0,29
11/30/2022,PAE,WA,ANM,WE,Towers with Radar,18,7,15,0,40,0,0,8,0,8,18,7,23,0,48,18,0,18,66
12/01/2022,PAE,WA,ANM,WE,Towers with Radar,25,6,9,0,40,0,0,35,0,35,25,6,44,0,75,89,2,91,166
12/02/2022,PAE,WA,ANM,WE,Towers with Radar,29,3,17,3,52,0,0,36,1,37,29,3,53,4,89,106,0,106,195
12/03/2022,PAE,WA,ANM,WE,Towers with Radar,12,0,39,0,51,0,0,125,0,125,12,0,164,0,176,129,0,129,305
12/04/2022,PAE,WA,ANM,WE,Towers with Radar,24,2,8,0,34,0,2,76,0,78,24,4,84,0,112,153,0,153,265
12/05/2022,PAE,WA,ANM,WE,Towers with Radar,23,1,27,0,51,0,0,63,0,63,23,1,90,0,114,131,0,131,245
12/06/2022,PAE,WA,ANM,WE,Towers with Radar,30,2,9,10,51,0,0,10,1,11,30,2,19,11,62,0,0,0,62
12/07/2022,PAE,WA,ANM,WE,Towers with Radar,17,0,33,6,56,0,0,88,0,88,17,0,121,6,144,315,2,317,461
12/08/2022,PAE,WA,ANM,WE,Towers with Radar,32,3,19,0,54,0,0,4,0,4,32,3,23,0,58,0,0,0,58
12/09/2022,PAE,WA,ANM,WE,Towers with Radar,38,6,22,4,70,0,0,38,0,38,38,6,60,4,108,106,0,106,214
12/10/2022,PAE,WA,ANM,WE,Towers with Radar,19,7,16,0,42,0,0,21,0,21,19,7,37,0,63,142,0,142,205
12/11/2022,PAE,WA,ANM,WE,Towers with Radar,37,0,18,0,55,0,0,0,0,0,37,0,18,0,55,0,0,0,55
12/12/2022,PAE,WA,ANM,WE,Towers with Radar,26,5,13,3,47,0,0,65,0,65,26,5,78,3,112,226,10,236,348
12/13/2022,PAE,WA,ANM,WE,Towers with Radar,16,5,26,0,47,0,0,79,0,79,16,5,105,0,126,384,0,384,510
12/14/2022,PAE,WA,ANM,WE,Towers with Radar,12,8,39,0,59,0,1,117,0,118,12,9,156,0,177,404,0,404,581
12/15/2022,PAE,WA,ANM,WE,Towers with Radar,18,7,21,0,46,0,0,153,0,153,18,7,174,0,199,442,0,442,641
12/16/2022,PAE,WA,ANM,WE,Towers with Radar,31,7,28,0,66,0,1,179,0,180,31,8,207,0,246,253,1,254,500
12/17/2022,PAE,WA,ANM,WE,Towers with Radar,15,4,7,0,26,0,0,1,0,1,15,4,8,0,27,0,0,0,27
12/18/2022,PAE,WA,ANM,WE,Towers with Radar,20,3,5,0,28,0,0,2,0,2,20,3,7,0,30,0,0,0,30
12/19/2022,PAE,WA,ANM,WE,Towers with Radar,17,1,8,0,26,0,0,3,0,3,17,1,11,0,29,0,0,0,29
12/20/2022,PAE,WA,ANM,WE,Towers with Radar,19,4,0,0,23,0,0,0,0,0,19,4,0,0,23,0,0,0,23
12/21/2022,PAE,WA,ANM,WE,Towers with Radar,16,3,11,0,30,0,1,43,0,44,16,4,54,0,74,96,0,96,170
12/22/2022,PAE,WA,ANM,WE,Towers with Radar,21,6,16,0,43,0,1,29,0,30,21,7,45,0,73,44,0,44,117
12/23/2022,PAE,WA,ANM,WE,Towers with Radar,13,3,4,0,20,0,0,0,0,0,13,3,4,0,20,0,0,0,20
12/24/2022,PAE,WA,ANM,WE,Towers with Radar,12,3,4,0,19,0,0,1,0,1,12,3,5,0,20,0,0,0,20
12/25/2022,PAE,WA,ANM,WE,Towers with Radar,15,5,6,0,26,0,3,12,0,15,15,8,18,0,41,19,0,19,60
12/26/2022,PAE,WA,ANM,WE,Towers with Radar,14,2,17,0,33,0,0,15,0,15,14,2,32,0,48,59,0,59,107
12/27/2022,PAE,WA,ANM,WE,Towers with Radar,15,2,16,0,33,0,0,5,0,5,15,2,21,0,38,22,0,22,60
12/28/2022,PAE,WA,ANM,WE,Towers with Radar,16,1,51,0,68,0,0,81,0,81,16,1,132,0,149,398,0,398,547
12/29/2022,PAE,WA,ANM,WE,Towers with Radar,18,2,24,0,44,0,0,49,0,49,18,2,73,0,93,184,0,184,277
12/30/2022,PAE,WA,ANM,WE,Towers with Radar,16,5,21,0,42,0,0,9,0,9,16,5,30,0,51,14,0,14,65
12/31/2022,PAE,WA,ANM,WE,Towers with Radar,10,2,54,0,66,0,1,22,0,23,10,3,76,0,89,59,0,59,148
01/01/2023,PAE,WA,ANM,WE,Towers with Radar,16,6,26,0,48,0,0,63,0,63,16,6,89,0,111,71,0,71,182
01/02/2023,PAE,WA,ANM,WE,Towers with Radar,16,5,36,0,57,0,2,221,0,223,16,7,257,0,280,262,0,262,542
01/03/2023,PAE,WA,ANM,WE,Towers with Radar,14,2,20,5,41,0,0,77,0,77,14,2,97,5,118,375,10,385,503
01/04/2023,PAE,WA,ANM,WE,Towers with Radar,11,5,29,1,46,0,1,78,0,79,11,6,107,1,125,48,0,48,173
01/05/2023,PAE,WA,ANM,WE,Towers with Radar,19,2,18,4,43,0,0,28,0,28,19,2,46,4,71,26,0,26,97
01/06/2023,PAE,WA,ANM,WE,Towers with Radar,22,4,31,2,59,0,1,104,0,105,22,5,135,2,164,190,0,190,354
01/07/2023,PAE,WA,ANM,WE,Towers with Radar,12,0,37,0,49,0,0,63,0,63,12,0,100,0,112,367,5,372,484
01/08/2023,PAE,WA,ANM,WE,Towers with Radar,22,2,18,0,42,0,0,40,0,40,22,2,58,0,82,77,0,77,159
01/09/2023,PAE,WA,ANM,WE,Towers with Radar,27,0,8,2,37,0,0,18,0,18,27,0,26,2,55,20,2,22,77
01/10/2023,PAE,WA,ANM,WE,Towers with Radar,19,4,43,0,66,4,0,232,0,236,23,4,275,0,302,405,0,405,707
01/11/2023,PAE,WA,ANM,WE,Towers with Radar,19,3,36,0,58,0,0,121,0,121,19,3,157,0,179,407,0,407,586
01/12/2023,PAE,WA,ANM,WE,Towers with Radar,24,4,31,2,61,0,0,10,0,10,24,4,41,2,71,19,0,19,90
01/13/2023,PAE,WA,ANM,WE,Towers with Radar,21,2,42,0,65,0,0,11,0,11,21,2,53,0,76,20,0,20,96
01/14/2023,PAE,WA,ANM,WE,Towers with Radar,15,0,52,0,67,0,1,217,0,218,15,1,269,0,285,371,0,371,656
01/15/2023,PAE,WA,ANM,WE,Towers with Radar,18,1,20,0,39,0,0,51,0,51,18,1,71,0,90,213,0,213,303
01/16/2023,PAE,WA,ANM,WE,Towers with Radar,31,2,37,0,70,0,0,133,0,133,31,2,170,0,203,330,6,336,539
01/17/2023,PAE,WA,ANM,WE,Towers with Radar,16,2,33,1,52,0,0,14,0,14,16,2,47,1,66,83,0,83,149
01/18/2023,PAE,WA,ANM,WE,Towers with Radar,22,4,18,0,44,0,1,6,0,7,22,5,24,0,51,5,0,5,56
01/19/2023,PAE,WA,ANM,WE,Towers with Radar,23,5,44,1,73,0,0,48,0,48,23,5,92,1,121,90,4,94,215
01/20/2023,PAE,WA,ANM,WE,Towers with Radar,32,2,44,0,78,0,0,218,0,218,32,2,262,0,296,513,0,513,809
01/21/2023,PAE,WA,ANM,WE,Towers with Radar,15,4,5,1,25,0,0,8,0,8,15,4,13,1,33,11,0,11,44
01/22/2023,PAE,WA,ANM,WE,Towers with Radar,27,2,37,0,66,0,0,77,0,77,27,2,114,0,143,95,0,95,238
01/23/2023,PAE,WA,ANM,WE,Towers with Radar,21,3,34,0,58,0,0,105,0,105,21,3,139,0,163,361,0,361,524
01/24/2023,PAE,WA,ANM,WE,Towers with Radar,22,5,14,0,41,0,0,8,0,8,22,5,22,0,49,16,0,16,65
01/25/2023,PAE,WA,ANM,WE,Towers with Radar,16,5,19,0,40,0,0,1,0,1,16,5,20,0,41,0,0,0,41
01/26/2023,PAE,WA,ANM,WE,Towers with Radar,23,1,33,2,59,0,0,0,0,0,23,1,33,2,59,0,0,0,59
01/27/2023,PAE,WA,ANM,WE,Towers with Radar,19,1,25,0,45,0,0,15,0,15,19,1,40,0,60,33,0,33,93
01/28/2023,PAE,WA,ANM,WE,Towers with Radar,14,2,35,0,51,0,0,58,0,58,14,2,93,0,109,148,0,148,257
01/29/2023,PAE,WA,ANM,WE,Towers with Radar,20,2,40,0,62,0,0,320,0,320,20,2,360,0,382,409,0,409,791
01/30/2023,PAE,WA,ANM,WE,Towers with Radar,24,5,55,0,84,0,2,210,0,212,24,7,265,0,296,482,0,482,778
01/31/2023,PAE,WA,ANM,WE,Towers with Radar,25,12,43,0,80,0,0,76,0,76,25,12,119,0,156,283,0,283,439
02/01/2023,PAE,WA,ANM,WE,Towers with Radar,18,3,24,0,45,0,1,146,0,147,18,4,170,0,192,326,0,326,518
02/02/2023,PAE,WA,ANM,WE,Towers with Radar,21,3,33,3,60,0,0,164,0,164,21,3,197,3,224,217,12,229,453
02/03/2023,PAE,WA,ANM,WE,Towers with Radar,20,3,21,0,44,0,1,24,0,25,20,4,45,0,69,73,0,73,142
02/04/2023,PAE,WA,ANM,WE,Towers with Radar,15,5,49,0,69,0,0,76,0,76,15,5,125,0,145,204,0,204,349
02/05/2023,PAE,WA,ANM,WE,Towers with Radar,25,5,43,0,73,0,0,27,0,27,25,5,70,0,100,44,0,44,144
02/06/2023,PAE,WA,ANM,WE,Towers with Radar,20,4,17,0,41,0,0,9,0,9,20,4,26,0,50,9,0,9,59
02/07/2023,PAE,WA,ANM,WE,Towers with Radar,23,4,12,2,41,0,0,4,0,4,23,4,16,2,45,9,0,9,54
02/08/2023,PAE,WA,ANM,WE,Towers with Radar,20,0,32,2,54,0,0,163,0,163,20,0,195,2,217,386,32,418,635
02/09/2023,PAE,WA,ANM,WE,Towers with Radar,26,4,32,2,64,0,0,178,1,179,26,4,210,3,243,455,0,455,698
02/10/2023,PAE,WA,ANM,WE,Towers with Radar,22,1,52,0,75,0,0,114,0,114,22,1,166,0,189,305,4,309,498
02/11/2023,PAE,WA,ANM,WE,Towers with Radar,17,2,37,0,56,0,0,157,1,158,17,2,194,1,214,368,0,368,582
02/12/2023,PAE,WA,ANM,WE,Towers with Radar,19,0,24,1,44,0,0,158,0,158,19,0,182,1,202,240,0,240,442
02/13/2023,PAE,WA,ANM,WE,Towers with Radar,20,3,6,0,29,0,0,9,0,9,20,3,15,0,38,27,0,27,65
02/14/2023,PAE,WA,ANM,WE,Towers with Radar,17,1,24,0,42,0,0,137,0,137,17,1,161,0,179,400,0,400,579
02/15/2023,PAE,WA,ANM,WE,Towers with Radar,17,2,29,0,48,0,3,171,0,174,17,5,200,0,222,175,0,175,397
02/16/2023,PAE,WA,ANM,WE,Towers with Radar,19,1,33,0,53,0,0,128,0,128,19,1,161,0,181,260,0,260,441
02/17/2023,PAE,WA,ANM,WE,Towers with Radar,27,2,20,0,49,0,0,20,0,20,27,2,40,0,69,0,0,0,69
02/18/2023,PAE,WA,ANM,WE,Towers with Radar,17,2,25,0,44,0,0,7,0,7,17,2,32,0,51,0,0,0,51
02/19/2023,PAE,WA,ANM,WE,Towers with Radar,19,2,20,0,41,0,0,0,0,0,19,2,20,0,41,0,0,0,41
02/20/2023,PAE,WA,ANM,WE,Towers with Radar,22,3,14,0,39,0,0,1,0,1,22,3,15,0,40,0,0,0,40
02/21/2023,PAE,WA,ANM,WE,Towers with Radar,14,1,6,4,25,0,3,30,0,33,14,4,36,4,58,108,0,108,166
02/22/2023,PAE,WA,ANM,WE,Towers with Radar,20,6,13,0,39,0,0,4,0,4,20,6,17,0,43,24,0,24,67
02/23/2023,PAE,WA,ANM,WE,Towers with Radar,24,5,23,2,54,0,1,139,0,140,24,6,162,2,194,197,5,202,396
02/24/2023,PAE,WA,ANM,WE,Towers with Radar,21,4,36,0,61,0,2,253,0,255,21,6,289,0,316,624,6,630,946
02/25/2023,PAE,WA,ANM,WE,Towers with Radar,17,2,42,0,61,0,0,198,0,198,17,2,240,0,259,338,0,338,597
02/26/2023,PAE,WA,ANM,WE,Towers with Radar,18,4,15,0,37,0,0,17,0,17,18,4,32,0,54,70,0,70,124
02/27/2023,PAE,WA,ANM,WE,Towers with Radar,21,4,15,0,40,0,0,6,0,6,21,4,21,0,46,2,0,2,48
02/28/2023,PAE,WA,ANM,WE,Towers with Radar,17,3,11,0,31,0,0,13,0,13,17,3,24,0,44,13,0,13,57
03/01/2023,PAE,WA,ANM,WE,Towers with Radar,14,3,38,1,56,0,1,79,0,80,14,4,117,1,136,134,0,134,270
03/02/2023,PAE,WA,ANM,WE,Towers with Radar,25,0,19,1,45,0,2,37,0,39,25,2,56,1,84,170,10,180,264
03/03/2023,PAE,WA,ANM,WE,Towers with Radar,21,2,8,0,31,0,0,8,0,8,21,2,16,0,39,32,0,32,71
03/04/2023,PAE,WA,ANM,WE,Towers with Radar,13,2,9,0,24,0,0,12,0,12,13,2,21,0,36,8,0,8,44
03/05/2023,PAE,WA,ANM,WE,Towers with Radar,18,3,33,0,54,0,1,252,0,253,18,4,285,0,307,387,0,387,694
03/06/2023,PAE,WA,ANM,WE,Towers with Radar,24,4,43,1,72,0,1,118,0,119,24,5,161,1,191,368,0,368,559
03/07/2023,PAE,WA,ANM,WE,Towers with Radar,13,4,30,0,47,0,0,146,0,146,13,4,176,0,193,245,4,249,442
03/08/2023,PAE,WA,ANM,WE,Towers with Radar,17,0,36,0,53,0,1,96,0,97,17,1,132,0,150,160,0,160,310
03/09/2023,PAE,WA,ANM,WE,Towers with Radar,19,2,41,5,67,0,0,117,0,117,19,2,158,5,184,267,8,275,459
03/10/2023,PAE,WA,ANM,WE,Towers with Radar,19,6,21,0,46,2,0,10,0,12,21,6,31,0,58,57,0,57,115
03/11/2023,PAE,WA,ANM,WE,Towers with Radar,11,0,52,0,63,0,0,137,0,137,11,0,189,0,200,323,8,331,531
03/12/2023,PAE,WA,ANM,WE,Towers with Radar,16,5,37,0,58,0,0,124,0,124,16,5,161,0,182,306,0,306,488
03/13/2023,PAE,WA,ANM,WE,Towers with Radar,18,6,22,0,46,0,0,7,0,7,18,6,29,0,53,3,0,3,56
03/14/2023,PAE,WA,ANM,WE,Towers with Radar,23,5,45,0,73,0,0,158,0,158,23,5,203,0,231,433,0,433,664
03/15/2023,PAE,WA,ANM,WE,Towers with Radar,14,7,54,0,75,0,0,170,0,170,14,7,224,0,245,440,0,440,685
03/16/2023,PAE,WA,ANM,WE,Towers with Radar,26,0,25,0,51,0,3,245,0,248,26,3,270,0,299,499,0,499,798
03/17/2023,PAE,WA,ANM,WE,Towers with Radar,23,6,35,0,64,0,0,252,0,252,23,6,287,0,316,457,0,457,773
03/18/2023,PAE,WA,ANM,WE,Towers with Radar,19,3,41,0,63,0,0,313,0,313,19,3,354,0,376,346,0,346,722
03/19/2023,PAE,WA,ANM,WE,Towers with Radar,23,3,31,0,57,0,0,173,0,173,23,3,204,0,230,294,0,294,524
03/20/2023,PAE,WA,ANM,WE,Towers with Radar,27,6,33,0,66,0,0,18,0,18,27,6,51,0,84,150,0,150,234
03/21/2023,PAE,WA,ANM,WE,Towers with Radar,14,3,16,0,33,0,0,93,0,93,14,3,109,0,126,201,0,201,327
03/22/2023,PAE,WA,ANM,WE,Towers with Radar,17,5,42,0,64,0,1,214,0,215,17,6,256,0,279,480,0,480,759
03/23/2023,PAE,WA,ANM,WE,Towers with Radar,36,7,6,0,49,0,1,11,0,12,36,8,17,0,61,56,0,56,117
03/24/2023,PAE,WA,ANM,WE,Towers with Radar,30,4,24,0,58,0,0,8,0,8,30,4,32,0,66,59,0,59,125
03/25/2023,PAE,WA,ANM,WE,Towers with Radar,20,2,39,1,62,0,0,80,0,80,20,2,119,1,142,258,0,258,400
03/26/2023,PAE,WA,ANM,WE,Towers with Radar,22,2,51,0,75,0,1,105,0,106,22,3,156,0,181,210,0,210,391
03/27/2023,PAE,WA,ANM,WE,Towers with Radar,29,10,40,0,79,0,0,169,0,169,29,10,209,0,248,225,0,225,473
03/28/2023,PAE,WA,ANM,WE,Towers with Radar,22,5,24,1,52,0,0,68,0,68,22,5,92,1,120,14,0,14,134
03/29/2023,PAE,WA,ANM,WE,Towers with Radar,22,5,38,0,65,0,2,265,0,267,22,7,303,0,332,626,0,626,958
03/30/2023,PAE,WA,ANM,WE,Towers with Radar,26,7,42,0,75,0,0,90,0,90,26,7,132,0,165,234,0,234,399
03/31/2023,PAE,WA,ANM,WE,Towers with Radar,30,6,11,0,47,0,0,10,0,10,30,6,21,0,57,25,4,29,86
04/01/2023,PAE,WA,ANM,WE,Towers with Radar,27,3,18,0,48,0,0,16,0,16,27,3,34,0,64,0,0,0,64
04/02/2023,PAE,WA,ANM,WE,Towers with Radar,23,1,11,1,36,0,0,23,0,23,23,1,34,1,59,82,0,82,141
04/03/2023,PAE,WA,ANM,WE,Towers with Radar,26,2,9,1,38,0,1,36,0,37,26,3,45,1,75,173,0,173,248
04/04/2023,PAE,WA,ANM,WE,Towers with Radar,26,0,38,0,64,0,0,171,0,171,26,0,209,0,235,445,1,446,681
04/05/2023,PAE,WA,ANM,WE,Towers with Radar,20,12,56,1,89,0,1,202,0,203,20,13,258,1,292,384,0,384,676
04/06/2023,PAE,WA,ANM,WE,Towers with Radar,26,5,19,1,51,0,1,32,0,33,26,6,51,1,84,275,0,275,359
04/07/2023,PAE,WA,ANM,WE,Towers with Radar,21,13,36,0,70,0,1,41,0,42,21,14,77,0,112,70,0,70,182
04/08/2023,PAE,WA,ANM,WE,Towers with Radar,27,2,60,1,90,0,0,31,0,31,27,2,91,1,121,136,14,150,271
04/09/2023,PAE,WA,ANM,WE,Towers with Radar,22,4,15,2,43,0,0,0,0,0,22,4,15,2,43,0,0,0,43
04/10/2023,PAE,WA,ANM,WE,Towers with Radar,26,8,25,0,59,0,1,5,0,6,26,9,30,0,65,0,0,0,65
04/11/2023,PAE,WA,ANM,WE,Towers with Radar,31,11,15,2,59,4,2,49,0,55,35,13,64,2,114,164,0,164,278
04/12/2023,PAE,WA,ANM,WE,Towers with Radar,26,14,37,3,80,0,1,243,0,244,26,15,280,3,324,296,0,296,620
04/13/2023,PAE,WA,ANM,WE,Towers with Radar,40,6,36,1,83,0,0,123,0,123,40,6,159,1,206,450,2,452,658
04/14/2023,PAE,WA,ANM,WE,Towers with Radar,20,4,66,0,90,0,0,228,0,228,20,4,294,0,318,403,0,403,721
04/15/2023,PAE,WA,ANM,WE,Towers with Radar,23,7,39,0,69,0,0,154,0,154,23,7,193,0,223,273,0,273,496
04/16/2023,PAE,WA,ANM,WE,Towers with Radar,21,7,12,0,40,0,1,17,0,18,21,8,29,0,58,28,0,28,86
04/17/2023,PAE,WA,ANM,WE,Towers with Radar,28,11,21,2,62,0,2,73,0,75,28,13,94,2,137,110,0,110,247
04/18/2023,PAE,WA,ANM,WE,Towers with Radar,20,2,16,0,38,0,1,22,0,23,20,3,38,0,61,29,0,29,90
04/19/2023,PAE,WA,ANM,WE,Towers with Radar,26,1,40,0,67,3,3,122,0,128,29,4,162,0,195,268,0,268,463
04/20/2023,PAE,WA,ANM,WE,Towers with Radar,24,9,19,0,52,0,1,73,0,74,24,10,92,0,126,172,0,172,298
04/21/2023,PAE,WA,ANM,WE,Towers with Radar,27,13,62,0,102,0,1,96,0,97,27,14,158,0,199,469,0,469,668
04/22/2023,PAE,WA,ANM,WE,Towers with Radar,18,5,54,0,77,0,0,168,0,168,18,5,222,0,245,459,0,459,704
04/23/2023,PAE,WA,ANM,WE,Towers with Radar,24,3,40,0,67,0,2,36,0,38,24,5,76,0,105,58,0,58,163
04/24/2023,PAE,WA,ANM,WE,Towers with Radar,24,9,32,0,65,0,1,103,0,104,24,10,135,0,169,269,0,269,438
04/25/2023,PAE,WA,ANM,WE,Towers with Radar,23,14,36,0,73,0,0,164,0,164,23,14,200,0,237,279,0,279,516
04/26/2023,PAE,WA,ANM,WE,Towers with Radar,21,3,29,0,53,3,3,208,0,214,24,6,237,0,267,350,4,354,621
04/27/2023,PAE,WA,ANM,WE,Towers with Radar,27,10,30,1,68,0,1,224,0,225,27,11,254,1,293,378,0,378,671
04/28/2023,PAE,WA,ANM,WE,Towers with Radar,29,8,19,6,62,2,6,300,0,308,31,14,319,6,370,460,4,464,834
04/29/2023,PAE,WA,ANM,WE,Towers with Radar,23,8,33,1,65,0,1,315,0,316,23,9,348,1,381,351,0,351,732
04/30/2023,PAE,WA,ANM,WE,Towers with Radar,27,8,35,1,71,3,0,173,0,176,30,8,208,1,247,304,0,304,551
05/01/2023,PAE,WA,ANM,WE,Towers with Radar,25,15,36,8,84,0,1,80,0,81,25,16,116,8,165,315,0,315,480
05/02/2023,PAE,WA,ANM,WE,Towers with Radar,23,13,39,0,75,0,0,120,0,120,23,13,159,0,195,171,0,171,366
05/03/2023,PAE,WA,ANM,WE,Towers with Radar,22,4,42,3,71,0,0,273,0,273,22,4,315,3,344,378,22,400,744
05/04/2023,PAE,WA,ANM,WE,Towers with Radar,25,2,47,0,74,0,0,17,0,17,25,2,64,0,91,97,0,97,188
05/05/2023,PAE,WA,ANM,WE,Towers with Radar,30,4,60,3,97,0,0,1,0,1,30,4,61,3,98,0,0,0,98
05/06/2023,PAE,WA,ANM,WE,Towers with Radar,24,7,55,2,88,0,0,50,0,50,24,7,105,2,138,195,0,195,333
05/07/2023,PAE,WA,ANM,WE,Towers with Radar,24,3,37,1,65,0,2,129,0,131,24,5,166,1,196,212,0,212,408
05/08/2023,PAE,WA,ANM,WE,Towers with Radar,24,13,29,4,70,0,0,175,0,175,24,13,204,4,245,293,0,293,538
05/09/2023,PAE,WA,ANM,WE,Towers with Radar,28,3,47,4,82,0,1,154,0,155,28,4,201,4,237,221,2,223,460
05/10/2023,PAE,WA,ANM,WE,Towers with Radar,32,12,36,3,83,0,0,266,0,266,32,12,302,3,349,413,0,413,762
05/11/2023,PAE,WA,ANM,WE,Towers with Radar,34,14,28,2,78,0,1,255,0,256,34,15,283,2,334,475,0,475,809
05/12/2023,PAE,WA,ANM,WE,Towers with Radar,24,5,40,3,72,0,2,263,0,265,24,7,303,3,337,411,0,411,748
05/13/2023,PAE,WA,ANM,WE,Towers with Radar,22,8,24,0,54,0,1,233,0,234,22,9,257,0,288,426,0,426,714
05/14/2023,PAE,WA,ANM,WE,Towers with Radar,23,5,15,0,43,0,1,219,0,220,23,6,234,0,263,280,0,280,543
05/15/2023,PAE,WA,ANM,WE,Towers with Radar,35,2,16,0,53,0,4,146,0,150,35,6,162,0,203,454,0,454,657
05/16/2023,PAE,WA,ANM,WE,Towers with Radar,25,10,47,1,83,0,0,125,0,125,25,10,172,1,208,311,0,311,519
05/17/2023,PAE,WA,ANM,WE,Towers with Radar,27,9,21,0,57,0,0,195,0,195,27,9,216,0,252,411,0,411,663
05/18/2023,PAE,WA,ANM,WE,Towers with Radar,30,7,30,0,67,0,6,216,0,222,30,13,246,0,289,384,0,384,673
05/19/2023,PAE,WA,ANM,WE,Towers with Radar,28,13,31,1,73,0,2,210,0,212,28,15,241,1,285,314,9,323,608
05/20/2023,PAE,WA,ANM,WE,Towers with Radar,26,5,18,0,49,0,2,239,0,241,26,7,257,0,290,366,0,366,656
05/21/2023,PAE,WA,ANM,WE,Towers with Radar,33,14,30,0,77,0,0,9,0,9,33,14,39,0,86,14,0,14,100
05/22/2023,PAE,WA,ANM,WE,Towers with Radar,32,6,44,2,84,0,1,72,0,73,32,7,116,2,157,403,0,403,560
05/23/2023,PAE,WA,ANM,WE,Towers with Radar,23,7,38,0,68,0,1,185,2,188,23,8,223,2,256,411,0,411,667
05/24/2023,PAE,WA,ANM,WE,Towers with Radar,27,9,38,2,76,0,4,222,0,226,27,13,260,2,302,432,0,432,734
05/25/2023,PAE,WA,ANM,WE,Towers with Radar,26,9,31,0,66,0,4,202,0,206,26,13,233,0,272,362,0,362,634
05/26/2023,PAE,WA,ANM,WE,Towers with Radar,35,6,34,0,75,0,4,287,0,291,35,10,321,0,366,351,0,351,717
05/27/2023,PAE,WA,ANM,WE,Towers with Radar,20,2,45,0,67,0,6,155,0,161,20,8,200,0,228,131,0,131,359
05/28/2023,PAE,WA,ANM,WE,Towers with Radar,25,3,15,0,43,1,3,132,0,136,26,6,147,0,179,198,0,198,377
05/29/2023,PAE,WA,ANM,WE,Towers with Radar,22,3,57,0,82,0,2,147,0,149,22,5,204,0,231,155,10,165,396
05/30/2023,PAE,WA,ANM,WE,Towers with Radar,26,4,36,4,70,6,2,75,0,83,32,6,111,4,153,174,0,174,327
05/31/2023,PAE,WA,ANM,WE,Towers with Radar,23,5,37,0,65,0,5,208,0,213,23,10,245,0,278,438,8,446,724
06/01/2023,PAE,WA,ANM,WE,Towers with Radar,26,4,31,0,61,0,4,208,0,212,26,8,239,0,273,476,0,476,749
06/02/2023,PAE,WA,ANM,WE,Towers with Radar,28,6,25,0,59,0,2,213,0,215,28,8,238,0,274,269,0,269,543
06/03/2023,PAE,WA,ANM,WE,Towers with Radar,18,8,27,0,53,0,4,257,0,261,18,12,284,0,314,209,0,209,523
06/04/2023,PAE,WA,ANM,WE,Towers with Radar,22,8,27,0,57,0,2,220,0,222,22,10,247,0,279,199,0,199,478
06/05/2023,PAE,WA,ANM,WE,Towers with Radar,29,8,42,0,79,0,3,140,0,143,29,11,182,0,222,205,0,205,427
06/06/2023,PAE,WA,ANM,WE,Towers with Radar,22,13,39,0,74,0,2,192,0,194,22,15,231,0,268,421,0,421,689
06/07/2023,PAE,WA,ANM,WE,Towers with Radar,23,10,40,0,73,0,4,205,0,209,23,14,245,0,282,315,0,315,597
06/08/2023,PAE,WA,ANM,WE,Towers with Radar,36,6,43,4,89,0,2,245,0,247,36,8,288,4,336,335,0,335,671
06/09/2023,PAE,WA,ANM,WE,Towers with Radar,27,10,67,0,104,0,0,28,0,28,27,10,95,0,132,0,0,0,132
06/10/2023,PAE,WA,ANM,WE,Towers with Radar,18,1,64,0,83,0,2,12,0,14,18,3,76,0,97,17,0,17,114
06/11/2023,PAE,WA,ANM,WE,Towers with Radar,28,3,59,0,90,0,1,150,0,151,28,4,209,0,241,280,0,280,521
06/12/2023,PAE,WA,ANM,WE,Towers with Radar,33,7,30,0,70,0,6,255,1,262,33,13,285,1,332,340,0,340,672
06/13/2023,PAE,WA,ANM,WE,Towers with Radar,24,11,40,2,77,0,0,30,0,30,24,11,70,2,107,51,0,51,158
06/14/2023,PAE,WA,ANM,WE,Towers with Radar,28,11,54,0,93,0,0,160,0,160,28,11,214,0,253,414,1,415,668
06/15/2023,PAE,WA,ANM,WE,Towers with Radar,18,15,58,4,95,0,5,277,0,282,18,20,335,4,377,410,0,410,787
06/16/2023,PAE,WA,ANM,WE,Towers with Radar,23,12,33,0,68,0,3,131,0,134,23,15,164,0,202,359,0,359,561
06/17/2023,PAE,WA,ANM,WE,Towers with Radar,21,9,65,0,95,0,0,38,0,38,21,9,103,0,133,56,0,56,189
06/18/2023,PAE,WA,ANM,WE,Towers with Radar,18,7,27,1,53,0,0,61,0,61,18,7,88,1,114,195,0,195,309
06/19/2023,PAE,WA,ANM,WE,Towers with Radar,24,15,32,0,71,0,1,87,0,88,24,16,119,0,159,341,0,341,500
06/20/2023,PAE,WA,ANM,WE,Towers with Radar,20,9,57,0,86,0,0,18,0,18,20,9,75,0,104,87,0,87,191
06/21/2023,PAE,WA,ANM,WE,Towers with Radar,20,24,44,0,88,12,1,193,0,206,32,25,237,0,294,593,0,593,887
06/22/2023,PAE,WA,ANM,WE,Towers with Radar,27,9,33,3,72,0,2,281,0,283,27,11,314,3,355,350,2,352,707
06/23/2023,PAE,WA,ANM,WE,Towers with Radar,31,14,35,2,82,0,3,238,0,241,31,17,273,2,323,382,0,382,705
06/24/2023,PAE,WA,ANM,WE,Towers with Radar,22,11,71,0,104,0,0,164,0,164,22,11,235,0,268,262,0,262,530
06/25/2023,PAE,WA,ANM,WE,Towers with Radar,21,4,21,0,46,0,1,226,0,227,21,5,247,0,273,319,0,319,592
06/26/2023,PAE,WA,ANM,WE,Towers with Radar,28,15,46,4,93,2,3,159,0,164,30,18,205,4,257,349,39,388,645
06/27/2023,PAE,WA,ANM,WE,Towers with Radar,22,18,47,0,87,0,6,125,0,131,22,24,172,0,218,258,0,258,476
06/28/2023,PAE,WA,ANM,WE,Towers with Radar,30,13,54,0,97,0,4,208,0,212,30,17,262,0,309,366,0,366,675
06/29/2023,PAE,WA,ANM,WE,Towers with Radar,27,10,23,2,62,0,4,258,0,262,27,14,281,2,324,353,0,353,677
06/30/2023,PAE,WA,ANM,WE,Towers with Radar,23,9,32,0,64,3,3,212,0,218,26,12,244,0,282,413,0,413,695
07/01/2023,PAE,WA,ANM,WE,Towers with Radar,17,8,36,0,61,0,2,259,0,261,17,10,295,0,322,323,0,323,645
07/02/2023,PAE,WA,ANM,WE,Towers with Radar,17,4,28,1,50,0,2,213,0,215,17,6,241,1,265,294,0,294,559
07/03/2023,PAE,WA,ANM,WE,Towers with Radar,25,4,12,0,41,0,2,195,0,197,25,6,207,0,238,459,0,459,697
07/04/2023,PAE,WA,ANM,WE,Towers with Radar,18,3,17,0,38,0,1,166,0,167,18,4,183,0,205,196,0,196,401
07/05/2023,PAE,WA,ANM,WE,Towers with Radar,25,10,37,2,74,2,4,192,1,199,27,14,229,3,273,369,19,388,661
07/06/2023,PAE,WA,ANM,WE,Towers with Radar,24,5,41,1,71,0,4,240,0,244,24,9,281,1,315,443,0,443,758
07/07/2023,PAE,WA,ANM,WE,Towers with Radar,25,10,47,2,84,0,6,178,0,184,25,16,225,2,268,209,0,209,477
07/08/2023,PAE,WA,ANM,WE,Towers with Radar,22,3,56,0,81,0,1,159,0,160,22,4,215,0,241,443,0,443,684
07/09/2023,PAE,WA,ANM,WE,Towers with Radar,21,0,40,0,61,0,4,218,0,222,21,4,258,0,283,358,0,358,641
07/10/2023,PAE,WA,ANM,WE,Towers with Radar,25,22,33,1,81,0,9,105,0,114,25,31,138,1,195,391,0,391,586
07/11/2023,PAE,WA,ANM,WE,Towers with Radar,20,16,52,3,91,0,2,209,2,213,20,18,261,5,304,294,15,309,613
07/12/2023,PAE,WA,ANM,WE,Towers with Radar,23,12,43,0,78,0,2,193,0,195,23,14,236,0,273,365,0,365,638
07/13/2023,PAE,WA,ANM,WE,Towers with Radar,25,6,31,0,62,0,4,237,0,241,25,10,268,0,303,473,0,473,776
07/14/2023,PAE,WA,ANM,WE,Towers with Radar,22,9,26,0,57,0,3,258,0,261,22,12,284,0,318,450,0,450,768
07/15/2023,PAE,WA,ANM,WE,Towers with Radar,19,6,30,1,56,0,2,254,0,256,19,8,284,1,312,346,0,346,658
07/16/2023,PAE,WA,ANM,WE,Towers with Radar,18,5,16,1,40,0,3,241,0,244,18,8,257,1,284,487,0,487,771
07/17/2023,PAE,WA,ANM,WE,Towers with Radar,21,13,28,0,62,0,3,90,0,93,21,16,118,0,155,249,0,249,404
07/18/2023,PAE,WA,ANM,WE,Towers with Radar,20,17,39,0,76,0,3,231,0,234,20,20,270,0,310,444,0,444,754
07/19/2023,PAE,WA,ANM,WE,Towers with Radar,27,11,31,0,69,0,5,268,0,273,27,16,299,0,342,472,0,472,814
07/20/2023,PAE,WA,ANM,WE,Towers with Radar,25,10,12,1,48,0,2,260,0,262,25,12,272,1,310,513,3,516,826
07/21/2023,PAE,WA,ANM,WE,Towers with Radar,19,4,38,0,61,0,2,170,0,172,19,6,208,0,233,342,0,342,575
07/22/2023,PAE,WA,ANM,WE,Towers with Radar,14,11,27,0,52,0,4,184,0,188,14,15,211,0,240,339,0,339,579
07/23/2023,PAE,WA,ANM,WE,Towers with Radar,16,10,22,0,48,0,0,248,0,248,16,10,270,0,296,388,0,388,684
07/24/2023,PAE,WA,ANM,WE,Towers with Radar,22,13,27,1,63,0,3,65,0,68,22,16,92,1,131,138,0,138,269
07/25/2023,PAE,WA,ANM,WE,Towers with Radar,20,5,41,2,68,0,6,118,0,124,20,11,159,2,192,166,16,182,374
07/26/2023,PAE,WA,ANM,WE,Towers with Radar,30,10,48,0,88,0,2,177,0,179,30,12,225,0,267,219,0,219,486
07/27/2023,PAE,WA,ANM,WE,Towers with Radar,25,9,25,0,59,0,4,240,0,244,25,13,265,0,303,427,0,427,730
07/28/2023,PAE,WA,ANM,WE,Towers with Radar,19,7,21,2,49,0,4,219,0,223,19,11,240,2,272,322,2,324,596
07/29/2023,PAE,WA,ANM,WE,Towers with Radar,17,6,45,3,71,0,3,186,0,189,17,9,231,3,260,393,0,393,653
07/30/2023,PAE,WA,ANM,WE,Towers with Radar,19,10,21,0,50,0,2,194,0,196,19,12,215,0,246,466,0,466,712
07/31/2023,PAE,WA,ANM,WE,Towers with Radar,21,10,22,0,53,0,4,225,0,229,21,14,247,0,282,427,1,428,710
08/01/2023,PAE,WA,ANM,WE,Towers with Radar,22,9,25,2,58,0,5,212,0,217,22,14,237,2,275,422,25,447,722
08/02/2023,PAE,WA,ANM,WE,Towers with Radar,24,8,32,8,72,2,3,207,0,212,26,11,239,8,284,296,27,323,607
08/03/2023,PAE,WA,ANM,WE,Towers with Radar,23,18,38,1,80,0,2,216,0,218,23,20,254,1,298,379,0,379,677
08/04/2023,PAE,WA,ANM,WE,Towers with Radar,23,18,17,1,59,0,4,293,0,297,23,22,310,1,356,259,0,259,615
08/05/2023,PAE,WA,ANM,WE,Towers with Radar,16,13,13,0,42,0,2,238,0,240,16,15,251,0,282,433,0,433,715
08/06/2023,PAE,WA,ANM,WE,Towers with Radar,22,16,33,0,71,1,4,134,0,139,23,20,167,0,210,255,0,255,465
08/07/2023,PAE,WA,ANM,WE,Towers with Radar,25,13,36,1,75,0,3,79,0,82,25,16,115,1,157,256,9,265,422
08/08/2023,PAE,WA,ANM,WE,Towers with Radar,20,13,34,0,67,0,2,127,0,129,20,15,161,0,196,340,0,340,536
08/09/2023,PAE,WA,ANM,WE,Towers with Radar,17,14,26,0,57,0,4,25,0,29,17,18,51,0,86,32,6,38,124
08/10/2023,PAE,WA,ANM,WE,Towers with Radar,26,28,31,3,88,4,2,216,0,222,30,30,247,3,310,657,0,657,967
08/11/2023,PAE,WA,ANM,WE,Towers with Radar,22,11,19,0,52,0,1,273,0,274,22,12,292,0,326,479,10,489,815
08/12/2023,PAE,WA,ANM,WE,Towers with Radar,19,9,41,0,69,0,7,268,0,275,19,16,309,0,344,301,28,329,673
08/13/2023,PAE,WA,ANM,WE,Towers with Radar,20,12,19,1,52,0,9,254,0,263,20,21,273,1,315,365,0,365,680
08/14/2023,PAE,WA,ANM,WE,Towers with Radar,23,9,30,4,66,0,3,209,1,213,23,12,239,5,279,467,0,467,746
08/15/2023,PAE,WA,ANM,WE,Towers with Radar,24,11,29,2,66,0,1,226,0,227,24,12,255,2,293,481,0,481,774
08/16/2023,PAE,WA,ANM,WE,Towers with Radar,18,10,32,0,60,2,4,243,0,249,20,14,275,0,309,410,0,410,719
08/17/2023,PAE,WA,ANM,WE,Towers with Radar,22,15,31,7,75,0,2,222,0,224,22,17,253,7,299,355,14,369,668
08/18/2023,PAE,WA,ANM,WE,Towers with Radar,25,10,47,6,88,0,7,202,0,209,25,17,249,6,297,313,0,313,610
08/19/2023,PAE,WA,ANM,WE,Towers with Radar,16,8,17,0,41,0,2,213,0,215,16,10,230,0,256,344,0,344,600
08/20/2023,PAE,WA,ANM,WE,Towers with Radar,28,23,22,0,73,0,2,113,0,115,28,25,135,0,188,270,0,270,458
08/21/2023,PAE,WA,ANM,WE,Towers with Radar,22,18,28,3,71,0,6,119,0,125,22,24,147,3,196,430,15,445,641
08/22/2023,PAE,WA,ANM,WE,Towers with Radar,19,14,56,2,91,0,3,170,0,173,19,17,226,2,264,356,0,356,620
08/23/2023,PAE,WA,ANM,WE,Towers with Radar,20,17,66,1,104,0,3,173,0,176,20,20,239,1,280,395,0,395,675
08/24/2023,PAE,WA,ANM,WE,Towers with Radar,21,10,31,0,62,0,3,164,0,167,21,13,195,0,229,421,0,421,650
08/25/2023,PAE,WA,ANM,WE,Towers with Radar,25,6,33,1,65,0,5,196,0,201,25,11,229,1,266,369,0,369,635
08/26/2023,PAE,WA,ANM,WE,Towers with Radar,15,6,25,2,48,0,4,208,0,212,15,10,233,2,260,258,0,258,518
08/27/2023,PAE,WA,ANM,WE,Towers with Radar,18,9,19,0,46,0,6,198,0,204,18,15,217,0,250,299,0,299,549
08/28/2023,PAE,WA,ANM,WE,Towers with Radar,21,13,72,0,106,0,0,20,0,20,21,13,92,0,126,36,0,36,162
08/29/2023,PAE,WA,ANM,WE,Towers with Radar,22,10,29,0,61,0,0,10,0,10,22,10,39,0,71,17,0,17,88
08/30/2023,PAE,WA,ANM,WE,Towers with Radar,24,19,98,0,141,0,1,116,0,117,24,20,214,0,258,305,0,305,563
08/31/2023,PAE,WA,ANM,WE,Towers with Radar,22,9,26,0,57,0,1,102,0,103,22,10,128,0,160,279,3,282,442
