01/01/2000,PAH,KY,ASO,CE,Federal Contract Tower,0,9,8,0,17,0,3,12,0,15,0,12,20,0,32,0,0,0,32
01/02/2000,PAH,KY,ASO,CE,Federal Contract Tower,0,10,8,0,18,0,5,1,0,6,0,15,9,0,24,2,0,2,26
01/03/2000,PAH,KY,ASO,CE,Federal Contract Tower,0,15,12,0,27,0,0,3,0,3,0,15,15,0,30,0,0,0,30
01/04/2000,PAH,KY,ASO,CE,Federal Contract Tower,0,17,15,0,32,0,1,5,0,6,0,18,20,0,38,0,0,0,38
01/05/2000,PAH,KY,ASO,CE,Federal Contract Tower,0,15,13,1,29,0,8,27,2,37,0,23,40,3,66,24,0,24,90
01/06/2000,PAH,KY,ASO,CE,Federal Contract Tower,0,19,17,1,37,0,1,28,1,30,0,20,45,2,67,20,0,20,87
01/07/2000,PAH,KY,ASO,CE,Federal Contract Tower,0,18,18,1,37,0,0,25,5,30,0,18,43,6,67,8,0,8,75
01/08/2000,PAH,KY,ASO,CE,Federal Contract Tower,0,16,13,0,29,0,1,26,0,27,0,17,39,0,56,8,0,8,64
01/09/2000,PAH,KY,ASO,CE,Federal Contract Tower,0,15,13,0,28,0,0,5,0,5,0,15,18,0,33,0,0,0,33
01/10/2000,PAH,KY,ASO,CE,Federal Contract Tower,0,22,19,0,41,0,0,17,0,17,0,22,36,0,58,0,0,0,58
01/11/2000,PAH,KY,ASO,CE,Federal Contract Tower,0,14,12,0,26,0,5,31,0,36,0,19,43,0,62,26,0,26,88
01/12/2000,PAH,KY,ASO,CE,Federal Contract Tower,0,18,27,2,47,0,0,39,4,43,0,18,66,6,90,16,0,16,106
01/13/2000,PAH,KY,ASO,CE,Federal Contract Tower,0,18,21,1,40,0,0,38,3,41,0,18,59,4,81,18,0,18,99
01/14/2000,PAH,KY,ASO,CE,Federal Contract Tower,0,26,21,2,49,0,0,49,1,50,0,26,70,3,99,27,0,27,126
01/15/2000,PAH,KY,ASO,CE,Federal Contract Tower,0,14,11,1,26,0,4,20,1,25,0,18,31,2,51,18,0,18,69
01/16/2000,PAH,KY,ASO,CE,Federal Contract Tower,0,11,9,0,20,0,6,7,0,13,0,17,16,0,33,12,0,12,45
01/17/2000,PAH,KY,ASO,CE,Federal Contract Tower,0,18,14,0,32,0,2,9,0,11,0,20,23,0,43,54,0,54,97
01/18/2000,PAH,KY,ASO,CE,Federal Contract Tower,0,24,25,0,49,0,0,13,0,13,0,24,38,0,62,0,0,0,62
01/19/2000,PAH,KY,ASO,CE,Federal Contract Tower,0,18,14,0,32,0,2,20,0,22,0,20,34,0,54,34,0,34,88
01/20/2000,PAH,KY,ASO,CE,Federal Contract Tower,0,19,17,0,36,0,0,23,2,25,0,19,40,2,61,38,0,38,99
01/21/2000,PAH,KY,ASO,CE,Federal Contract Tower,0,19,15,0,34,0,1,33,2,36,0,20,48,2,70,8,6,14,84
01/22/2000,PAH,KY,ASO,CE,Federal Contract Tower,0,12,7,0,19,0,3,0,0,3,0,15,7,0,22,0,0,0,22
01/23/2000,PAH,KY,ASO,CE,Federal Contract Tower,0,11,7,0,18,0,2,0,0,2,0,13,7,0,20,0,0,0,20
01/24/2000,PAH,KY,ASO,CE,Federal Contract Tower,0,16,12,0,28,0,2,24,6,32,0,18,36,6,60,0,0,0,60
01/25/2000,PAH,KY,ASO,CE,Federal Contract Tower,0,17,18,0,35,0,0,17,4,21,0,17,35,4,56,2,0,2,58
01/26/2000,PAH,KY,ASO,CE,Federal Contract Tower,0,19,21,0,40,0,0,45,0,45,0,19,66,0,85,30,0,30,115
01/27/2000,PAH,KY,ASO,CE,Federal Contract Tower,0,17,14,0,31,0,2,13,2,17,0,19,27,2,48,4,0,4,52
01/28/2000,PAH,KY,ASO,CE,Federal Contract Tower,0,19,16,0,35,0,1,2,0,3,0,20,18,0,38,0,0,0,38
01/29/2000,PAH,KY,ASO,CE,Federal Contract Tower,0,9,5,0,14,0,1,0,0,1,0,10,5,0,15,0,0,0,15
01/30/2000,PAH,KY,ASO,CE,Federal Contract Tower,0,10,4,0,14,0,4,0,0,4,0,14,4,0,18,0,0,0,18
01/31/2000,PAH,KY,ASO,CE,Federal Contract Tower,0,12,10,0,22,0,8,9,0,17,0,20,19,0,39,14,0,14,53
02/01/2000,PAH,KY,ASO,CE,Federal Contract Tower,0,17,16,0,33,0,3,45,0,48,0,20,61,0,81,24,0,24,105
02/02/2000,PAH,KY,ASO,CE,Federal Contract Tower,0,18,18,1,37,0,2,33,1,36,0,20,51,2,73,43,0,43,116
02/03/2000,PAH,KY,ASO,CE,Federal Contract Tower,0,16,15,1,32,0,2,35,1,38,0,18,50,2,70,41,0,41,111
02/04/2000,PAH,KY,ASO,CE,Federal Contract Tower,0,15,14,1,30,0,5,6,1,12,0,20,20,2,42,4,0,4,46
02/05/2000,PAH,KY,ASO,CE,Federal Contract Tower,0,11,11,0,22,0,6,34,0,40,0,17,45,0,62,28,0,28,90
02/06/2000,PAH,KY,ASO,CE,Federal Contract Tower,0,12,11,0,23,0,1,19,0,20,0,13,30,0,43,20,0,20,63
02/07/2000,PAH,KY,ASO,CE,Federal Contract Tower,0,17,17,1,35,0,1,28,1,30,0,18,45,2,65,44,0,44,109
02/08/2000,PAH,KY,ASO,CE,Federal Contract Tower,0,20,27,2,49,0,0,44,0,44,0,20,71,2,93,14,0,14,107
02/09/2000,PAH,KY,ASO,CE,Federal Contract Tower,0,18,24,1,43,0,0,45,1,46,0,18,69,2,89,50,0,50,139
02/10/2000,PAH,KY,ASO,CE,Federal Contract Tower,0,21,21,0,42,0,0,14,0,14,0,21,35,0,56,8,0,8,64
02/11/2000,PAH,KY,ASO,CE,Federal Contract Tower,0,14,14,1,29,0,7,9,1,17,0,21,23,2,46,12,0,12,58
02/12/2000,PAH,KY,ASO,CE,Federal Contract Tower,0,13,11,0,24,0,4,0,0,4,0,17,11,0,28,0,0,0,28
02/13/2000,PAH,KY,ASO,CE,Federal Contract Tower,0,14,13,0,27,0,3,0,0,3,0,17,13,0,30,0,0,0,30
02/14/2000,PAH,KY,ASO,CE,Federal Contract Tower,0,18,18,0,36,0,0,6,0,6,0,18,24,0,42,4,0,4,46
02/15/2000,PAH,KY,ASO,CE,Federal Contract Tower,0,23,25,2,50,0,0,47,10,57,0,23,72,12,107,45,0,45,152
02/16/2000,PAH,KY,ASO,CE,Federal Contract Tower,0,18,20,0,38,0,0,28,0,28,0,18,48,0,66,16,0,16,82
02/17/2000,PAH,KY,ASO,CE,Federal Contract Tower,0,20,23,0,43,0,0,14,0,14,0,20,37,0,57,0,0,0,57
02/18/2000,PAH,KY,ASO,CE,Federal Contract Tower,0,16,16,0,32,0,0,1,0,1,0,16,17,0,33,0,0,0,33
02/19/2000,PAH,KY,ASO,CE,Federal Contract Tower,0,11,10,0,21,0,6,6,0,12,0,17,16,0,33,2,0,2,35
02/20/2000,PAH,KY,ASO,CE,Federal Contract Tower,0,15,14,0,29,0,0,42,0,42,0,15,56,0,71,14,0,14,85
02/21/2000,PAH,KY,ASO,CE,Federal Contract Tower,0,16,18,0,34,0,0,43,0,43,0,16,61,0,77,20,0,20,97
02/22/2000,PAH,KY,ASO,CE,Federal Contract Tower,0,18,17,0,35,0,2,24,0,26,0,20,41,0,61,12,0,12,73
02/23/2000,PAH,KY,ASO,CE,Federal Contract Tower,0,18,21,0,39,0,0,17,0,17,0,18,38,0,56,10,0,10,66
02/24/2000,PAH,KY,ASO,CE,Federal Contract Tower,0,18,19,0,37,0,0,13,4,17,0,18,32,4,54,0,0,0,54
02/25/2000,PAH,KY,ASO,CE,Federal Contract Tower,0,20,21,0,41,0,0,19,2,21,0,20,40,2,62,32,2,34,96
02/26/2000,PAH,KY,ASO,CE,Federal Contract Tower,0,11,5,0,16,0,6,0,0,6,0,17,5,0,22,0,0,0,22
02/27/2000,PAH,KY,ASO,CE,Federal Contract Tower,0,16,15,0,31,0,0,28,0,28,0,16,43,0,59,10,0,10,69
02/28/2000,PAH,KY,ASO,CE,Federal Contract Tower,0,14,13,0,27,0,8,33,0,41,0,22,46,0,68,24,0,24,92
02/29/2000,PAH,KY,ASO,CE,Federal Contract Tower,0,18,18,0,36,0,0,49,0,49,0,18,67,0,85,32,0,32,117
03/01/2000,PAH,KY,ASO,CE,Federal Contract Tower,0,19,19,0,38,0,0,27,0,27,0,19,46,0,65,18,0,18,83
03/02/2000,PAH,KY,ASO,CE,Federal Contract Tower,0,16,15,0,31,0,2,48,0,50,0,18,63,0,81,38,0,38,119
03/03/2000,PAH,KY,ASO,CE,Federal Contract Tower,0,16,17,0,33,0,0,16,0,16,0,16,33,0,49,2,0,2,51
03/04/2000,PAH,KY,ASO,CE,Federal Contract Tower,0,15,14,0,29,0,2,61,0,63,0,17,75,0,92,0,0,0,92
03/05/2000,PAH,KY,ASO,CE,Federal Contract Tower,0,9,8,0,17,0,6,33,0,39,0,15,41,0,56,6,0,6,62
03/06/2000,PAH,KY,ASO,CE,Federal Contract Tower,0,15,15,0,30,0,3,60,0,63,0,18,75,0,93,19,0,19,112
03/07/2000,PAH,KY,ASO,CE,Federal Contract Tower,0,18,18,1,37,0,0,48,1,49,0,18,66,2,86,4,0,4,90
03/08/2000,PAH,KY,ASO,CE,Federal Contract Tower,0,17,17,1,35,0,1,22,5,28,0,18,39,6,63,12,0,12,75
03/09/2000,PAH,KY,ASO,CE,Federal Contract Tower,0,17,17,1,35,0,3,22,1,26,0,20,39,2,61,0,0,0,61
03/10/2000,PAH,KY,ASO,CE,Federal Contract Tower,0,16,16,1,33,0,3,16,2,21,0,19,32,3,54,8,0,8,62
03/11/2000,PAH,KY,ASO,CE,Federal Contract Tower,0,9,2,0,11,0,8,0,0,8,0,17,2,0,19,0,0,0,19
03/12/2000,PAH,KY,ASO,CE,Federal Contract Tower,0,14,13,1,28,0,1,33,3,37,0,15,46,4,65,20,0,20,85
03/13/2000,PAH,KY,ASO,CE,Federal Contract Tower,0,17,17,0,34,0,1,32,0,33,0,18,49,0,67,18,0,18,85
03/14/2000,PAH,KY,ASO,CE,Federal Contract Tower,0,16,16,1,33,0,0,32,3,35,0,16,48,4,68,12,0,12,80
03/15/2000,PAH,KY,ASO,CE,Federal Contract Tower,0,17,17,1,35,0,1,51,3,55,0,18,68,4,90,22,0,22,112
03/16/2000,PAH,KY,ASO,CE,Federal Contract Tower,0,18,20,0,38,0,0,6,0,6,0,18,26,0,44,0,0,0,44
03/17/2000,PAH,KY,ASO,CE,Federal Contract Tower,0,18,18,0,36,0,0,37,0,37,0,18,55,0,73,16,0,16,89
03/18/2000,PAH,KY,ASO,CE,Federal Contract Tower,0,14,14,0,28,0,3,22,0,25,0,17,36,0,53,8,0,8,61
03/19/2000,PAH,KY,ASO,CE,Federal Contract Tower,0,11,10,0,21,0,4,2,0,6,0,15,12,0,27,0,0,0,27
03/20/2000,PAH,KY,ASO,CE,Federal Contract Tower,0,20,22,2,44,0,0,8,8,16,0,20,30,10,60,2,0,2,62
03/21/2000,PAH,KY,ASO,CE,Federal Contract Tower,0,20,25,1,46,0,0,19,3,22,0,20,44,4,68,20,0,20,88
03/22/2000,PAH,KY,ASO,CE,Federal Contract Tower,0,20,22,1,43,0,0,67,5,72,0,20,89,6,115,28,12,40,155
03/23/2000,PAH,KY,ASO,CE,Federal Contract Tower,0,19,17,0,36,0,3,47,0,50,0,22,64,0,86,4,0,4,90
03/24/2000,PAH,KY,ASO,CE,Federal Contract Tower,0,19,19,1,39,0,0,15,5,20,0,19,34,6,59,2,4,6,65
03/25/2000,PAH,KY,ASO,CE,Federal Contract Tower,0,11,10,0,21,0,8,22,0,30,0,19,32,0,51,4,0,4,55
03/26/2000,PAH,KY,ASO,CE,Federal Contract Tower,0,12,11,0,23,0,2,47,4,53,0,14,58,4,76,6,0,6,82
03/27/2000,PAH,KY,ASO,CE,Federal Contract Tower,0,16,16,0,32,0,0,30,0,30,0,16,46,0,62,12,0,12,74
03/28/2000,PAH,KY,ASO,CE,Federal Contract Tower,0,16,16,0,32,0,0,26,4,30,0,16,42,4,62,6,0,6,68
03/29/2000,PAH,KY,ASO,CE,Federal Contract Tower,0,18,20,1,39,0,0,40,1,41,0,18,60,2,80,28,0,28,108
03/30/2000,PAH,KY,ASO,CE,Federal Contract Tower,0,16,19,0,35,0,0,30,4,34,0,16,49,4,69,20,0,20,89
03/31/2000,PAH,KY,ASO,CE,Federal Contract Tower,0,16,15,0,31,0,0,59,4,63,0,16,74,4,94,12,0,12,106
04/01/2000,PAH,KY,ASO,CE,Federal Contract Tower,0,14,12,0,26,0,3,30,0,33,0,17,42,0,59,0,0,0,59
04/02/2000,PAH,KY,ASO,CE,Federal Contract Tower,0,14,13,1,28,0,0,1,0,1,0,14,14,1,29,0,0,0,29
04/03/2000,PAH,KY,ASO,CE,Federal Contract Tower,0,17,14,0,31,0,5,5,0,10,0,22,19,0,41,14,0,14,55
04/04/2000,PAH,KY,ASO,CE,Federal Contract Tower,0,18,15,1,34,0,1,32,4,37,0,19,47,5,71,2,0,2,73
04/05/2000,PAH,KY,ASO,CE,Federal Contract Tower,0,20,18,1,39,0,1,34,1,36,0,21,52,2,75,0,0,0,75
04/06/2000,PAH,KY,ASO,CE,Federal Contract Tower,0,16,14,1,31,0,4,41,3,48,0,20,55,4,79,20,0,20,99
04/07/2000,PAH,KY,ASO,CE,Federal Contract Tower,0,18,16,0,34,0,0,3,0,3,0,18,19,0,37,0,0,0,37
04/08/2000,PAH,KY,ASO,CE,Federal Contract Tower,0,16,13,0,29,0,1,5,0,6,0,17,18,0,35,6,0,6,41
04/09/2000,PAH,KY,ASO,CE,Federal Contract Tower,0,17,15,0,32,0,0,39,0,39,0,17,54,0,71,18,0,18,89
04/10/2000,PAH,KY,ASO,CE,Federal Contract Tower,0,16,13,1,30,0,2,27,1,30,0,18,40,2,60,8,0,8,68
04/11/2000,PAH,KY,ASO,CE,Federal Contract Tower,0,18,18,0,36,0,0,13,0,13,0,18,31,0,49,0,0,0,49
04/12/2000,PAH,KY,ASO,CE,Federal Contract Tower,0,19,18,1,38,0,0,31,1,32,0,19,49,2,70,40,0,40,110
04/13/2000,PAH,KY,ASO,CE,Federal Contract Tower,0,18,20,1,39,0,0,55,3,58,0,18,75,4,97,6,0,6,103
04/14/2000,PAH,KY,ASO,CE,Federal Contract Tower,0,21,19,0,40,0,0,18,0,18,0,21,37,0,58,34,0,34,92
04/15/2000,PAH,KY,ASO,CE,Federal Contract Tower,0,19,17,0,36,0,2,14,0,16,0,21,31,0,52,0,0,0,52
04/16/2000,PAH,KY,ASO,CE,Federal Contract Tower,0,18,14,1,33,0,0,10,1,11,0,18,24,2,44,0,0,0,44
04/17/2000,PAH,KY,ASO,CE,Federal Contract Tower,0,21,21,0,42,0,0,12,6,18,0,21,33,6,60,20,4,24,84
04/18/2000,PAH,KY,ASO,CE,Federal Contract Tower,0,18,15,0,33,0,1,43,4,48,0,19,58,4,81,26,0,26,107
04/19/2000,PAH,KY,ASO,CE,Federal Contract Tower,0,22,20,0,42,0,0,31,9,40,0,22,51,9,82,28,2,30,112
04/20/2000,PAH,KY,ASO,CE,Federal Contract Tower,0,19,15,0,34,0,3,0,0,3,0,22,15,0,37,0,0,0,37
04/21/2000,PAH,KY,ASO,CE,Federal Contract Tower,0,21,18,0,39,0,1,29,0,30,0,22,47,0,69,12,0,12,81
04/22/2000,PAH,KY,ASO,CE,Federal Contract Tower,0,14,11,0,25,0,3,34,0,37,0,17,45,0,62,0,0,0,62
04/23/2000,PAH,KY,ASO,CE,Federal Contract Tower,0,11,8,0,19,0,4,3,0,7,0,15,11,0,26,0,0,0,26
04/24/2000,PAH,KY,ASO,CE,Federal Contract Tower,0,20,20,0,40,0,0,4,0,4,0,20,24,0,44,0,0,0,44
04/25/2000,PAH,KY,ASO,CE,Federal Contract Tower,0,22,19,0,41,0,0,55,2,57,0,22,74,2,98,10,2,12,110
04/26/2000,PAH,KY,ASO,CE,Federal Contract Tower,0,17,14,0,31,0,3,43,0,46,0,20,57,0,77,56,0,56,133
04/27/2000,PAH,KY,ASO,CE,Federal Contract Tower,0,20,16,0,36,0,0,39,0,39,0,20,55,0,75,8,0,8,83
04/28/2000,PAH,KY,ASO,CE,Federal Contract Tower,0,22,19,0,41,0,0,51,2,53,0,22,70,2,94,20,0,20,114
04/29/2000,PAH,KY,ASO,CE,Federal Contract Tower,0,15,12,0,27,0,2,35,0,37,0,17,47,0,64,8,0,8,72
04/30/2000,PAH,KY,ASO,CE,Federal Contract Tower,0,12,9,0,21,0,3,29,0,32,0,15,38,0,53,30,0,30,83
05/01/2000,PAH,KY,ASO,CE,Federal Contract Tower,0,20,15,0,35,0,5,15,0,20,0,25,30,0,55,6,0,6,61
05/02/2000,PAH,KY,ASO,CE,Federal Contract Tower,0,24,18,0,42,0,0,26,2,28,0,24,44,2,70,24,0,24,94
05/03/2000,PAH,KY,ASO,CE,Federal Contract Tower,0,24,18,0,42,0,1,12,0,13,0,25,30,0,55,6,0,6,61
05/04/2000,PAH,KY,ASO,CE,Federal Contract Tower,0,25,20,1,46,0,0,14,5,19,0,25,34,6,65,2,0,2,67
05/05/2000,PAH,KY,ASO,CE,Federal Contract Tower,0,23,17,0,40,0,1,18,0,19,0,24,35,0,59,14,0,14,73
05/06/2000,PAH,KY,ASO,CE,Federal Contract Tower,0,17,12,0,29,0,3,11,0,14,0,20,23,0,43,10,0,10,53
05/07/2000,PAH,KY,ASO,CE,Federal Contract Tower,0,15,14,0,29,0,0,7,4,11,0,15,21,4,40,0,0,0,40
05/08/2000,PAH,KY,ASO,CE,Federal Contract Tower,0,21,16,0,37,0,2,11,2,15,0,23,27,2,52,14,0,14,66
05/09/2000,PAH,KY,ASO,CE,Federal Contract Tower,1,27,20,1,49,1,0,6,3,10,2,27,26,4,59,0,0,0,59
05/10/2000,PAH,KY,ASO,CE,Federal Contract Tower,1,27,20,0,48,2,1,53,0,56,3,28,73,0,104,22,2,24,128
05/11/2000,PAH,KY,ASO,CE,Federal Contract Tower,1,26,23,1,51,2,0,35,3,40,3,26,58,4,91,2,0,2,93
05/12/2000,PAH,KY,ASO,CE,Federal Contract Tower,0,24,20,1,45,0,0,18,5,23,0,24,38,6,68,0,0,0,68
05/13/2000,PAH,KY,ASO,CE,Federal Contract Tower,0,19,14,0,33,0,1,26,0,27,0,20,40,0,60,12,0,12,72
05/14/2000,PAH,KY,ASO,CE,Federal Contract Tower,0,9,6,0,15,0,5,12,0,17,0,14,18,0,32,6,0,6,38
05/15/2000,PAH,KY,ASO,CE,Federal Contract Tower,0,23,17,1,41,0,2,33,8,43,0,25,50,9,84,8,0,8,92
05/16/2000,PAH,KY,ASO,CE,Federal Contract Tower,0,21,16,1,38,2,9,21,1,33,2,30,37,2,71,40,0,40,111
05/17/2000,PAH,KY,ASO,CE,Federal Contract Tower,0,25,20,2,47,2,0,28,4,34,2,25,48,6,81,10,2,12,93
05/18/2000,PAH,KY,ASO,CE,Federal Contract Tower,0,28,18,0,46,0,1,11,0,12,0,29,29,0,58,0,0,0,58
05/19/2000,PAH,KY,ASO,CE,Federal Contract Tower,0,31,21,2,54,2,0,15,0,17,2,31,36,2,71,0,0,0,71
05/20/2000,PAH,KY,ASO,CE,Federal Contract Tower,0,17,11,0,28,0,1,22,0,23,0,18,33,0,51,14,0,14,65
05/21/2000,PAH,KY,ASO,CE,Federal Contract Tower,0,14,11,1,26,0,0,24,1,25,0,14,35,2,51,10,0,10,61
05/22/2000,PAH,KY,ASO,CE,Federal Contract Tower,0,22,15,1,38,0,4,37,1,42,0,26,52,2,80,16,0,16,96
05/23/2000,PAH,KY,ASO,CE,Federal Contract Tower,0,23,17,0,40,0,0,27,0,27,0,23,44,0,67,10,0,10,77
05/24/2000,PAH,KY,ASO,CE,Federal Contract Tower,0,19,12,0,31,0,5,28,0,33,0,24,40,0,64,20,0,20,84
05/25/2000,PAH,KY,ASO,CE,Federal Contract Tower,0,24,17,2,43,0,0,42,2,44,0,24,59,4,87,6,0,6,93
05/26/2000,PAH,KY,ASO,CE,Federal Contract Tower,0,19,17,0,36,0,0,14,0,14,0,19,31,0,50,0,0,0,50
05/27/2000,PAH,KY,ASO,CE,Federal Contract Tower,0,10,6,0,16,0,3,0,0,3,0,13,6,0,19,0,0,0,19
05/28/2000,PAH,KY,ASO,CE,Federal Contract Tower,0,12,8,0,20,0,1,19,0,20,0,13,27,0,40,4,0,4,44
05/29/2000,PAH,KY,ASO,CE,Federal Contract Tower,0,15,9,0,24,0,0,21,0,21,0,15,30,0,45,18,0,18,63
05/30/2000,PAH,KY,ASO,CE,Federal Contract Tower,0,24,16,0,40,0,1,73,0,74,0,25,89,0,114,34,0,34,148
05/31/2000,PAH,KY,ASO,CE,Federal Contract Tower,0,22,15,0,37,0,4,69,0,73,0,26,84,0,110,4,0,4,114
06/01/2000,PAH,KY,ASO,CE,Federal Contract Tower,0,23,19,2,44,0,3,45,0,48,0,26,64,2,92,0,0,0,92
06/02/2000,PAH,KY,ASO,CE,Federal Contract Tower,0,15,13,0,28,0,9,13,2,24,0,24,26,2,52,4,0,4,56
06/03/2000,PAH,KY,ASO,CE,Federal Contract Tower,0,11,10,0,21,0,3,33,0,36,0,14,43,0,57,12,0,12,69
06/04/2000,PAH,KY,ASO,CE,Federal Contract Tower,0,14,12,0,26,0,0,24,1,25,0,14,36,1,51,10,0,10,61
06/05/2000,PAH,KY,ASO,CE,Federal Contract Tower,0,22,18,1,41,0,2,12,0,14,0,24,30,1,55,6,0,6,61
06/06/2000,PAH,KY,ASO,CE,Federal Contract Tower,0,19,15,1,35,0,4,36,0,40,0,23,51,1,75,6,0,6,81
06/07/2000,PAH,KY,ASO,CE,Federal Contract Tower,0,22,19,1,42,0,0,41,3,44,0,22,60,4,86,2,0,2,88
06/08/2000,PAH,KY,ASO,CE,Federal Contract Tower,0,22,21,1,44,0,0,39,0,39,0,22,60,1,83,6,0,6,89
06/09/2000,PAH,KY,ASO,CE,Federal Contract Tower,0,21,18,0,39,0,1,27,0,28,0,22,45,0,67,20,0,20,87
06/10/2000,PAH,KY,ASO,CE,Federal Contract Tower,0,14,13,0,27,0,0,18,8,26,0,14,31,8,53,16,2,18,71
06/11/2000,PAH,KY,ASO,CE,Federal Contract Tower,0,9,7,0,16,0,6,6,0,12,0,15,13,0,28,2,0,2,30
06/12/2000,PAH,KY,ASO,CE,Federal Contract Tower,0,22,18,1,41,0,1,24,1,26,0,23,42,2,67,14,0,14,81
06/13/2000,PAH,KY,ASO,CE,Federal Contract Tower,0,25,20,1,46,0,1,32,1,34,0,26,52,2,80,10,12,22,102
06/14/2000,PAH,KY,ASO,CE,Federal Contract Tower,1,20,18,1,40,1,0,19,3,23,2,20,37,4,63,4,6,10,73
06/15/2000,PAH,KY,ASO,CE,Federal Contract Tower,1,23,19,0,43,3,3,29,0,35,4,26,48,0,78,10,0,10,88
06/16/2000,PAH,KY,ASO,CE,Federal Contract Tower,1,21,18,0,40,0,2,15,0,17,1,23,33,0,57,16,0,16,73
06/17/2000,PAH,KY,ASO,CE,Federal Contract Tower,0,13,6,0,19,0,3,0,2,5,0,16,6,2,24,0,0,0,24
06/18/2000,PAH,KY,ASO,CE,Federal Contract Tower,0,13,7,0,20,0,1,0,2,3,0,14,7,2,23,0,0,0,23
06/19/2000,PAH,KY,ASO,CE,Federal Contract Tower,0,27,20,2,49,0,1,22,0,23,0,28,42,2,72,8,0,8,80
06/20/2000,PAH,KY,ASO,CE,Federal Contract Tower,1,21,22,0,44,1,0,30,0,31,2,21,52,0,75,54,0,54,129
06/21/2000,PAH,KY,ASO,CE,Federal Contract Tower,0,22,16,1,39,1,1,12,0,14,1,23,28,1,53,12,4,16,69
06/22/2000,PAH,KY,ASO,CE,Federal Contract Tower,1,24,22,2,49,1,0,72,8,81,2,24,94,10,130,32,0,32,162
06/23/2000,PAH,KY,ASO,CE,Federal Contract Tower,0,18,14,2,34,1,0,45,2,48,1,18,59,4,82,20,2,22,104
06/24/2000,PAH,KY,ASO,CE,Federal Contract Tower,0,12,8,0,20,0,2,19,0,21,0,14,27,0,41,14,0,14,55
06/25/2000,PAH,KY,ASO,CE,Federal Contract Tower,0,16,11,0,27,0,0,29,0,29,0,16,40,0,56,0,0,0,56
06/26/2000,PAH,KY,ASO,CE,Federal Contract Tower,0,23,18,2,43,4,0,17,0,21,4,23,35,2,64,2,0,2,66
06/27/2000,PAH,KY,ASO,CE,Federal Contract Tower,1,31,23,2,57,0,4,23,0,27,1,35,46,2,84,0,0,0,84
06/28/2000,PAH,KY,ASO,CE,Federal Contract Tower,1,27,25,3,56,3,0,44,0,47,4,27,69,3,103,33,2,35,138
06/29/2000,PAH,KY,ASO,CE,Federal Contract Tower,0,27,20,2,49,0,1,51,2,54,0,28,71,4,103,22,0,22,125
06/30/2000,PAH,KY,ASO,CE,Federal Contract Tower,0,23,19,2,44,2,0,53,0,55,2,23,72,2,99,62,0,62,161
07/01/2000,PAH,KY,ASO,CE,Federal Contract Tower,0,11,9,0,20,0,3,27,0,30,0,14,36,0,50,16,0,16,66
07/02/2000,PAH,KY,ASO,CE,Federal Contract Tower,0,10,7,0,17,0,2,29,0,31,0,12,36,0,48,43,0,43,91
07/03/2000,PAH,KY,ASO,CE,Federal Contract Tower,0,14,11,0,25,0,5,13,0,18,0,19,24,0,43,4,0,4,47
07/04/2000,PAH,KY,ASO,CE,Federal Contract Tower,0,8,6,0,14,0,7,15,0,22,0,15,21,0,36,16,0,16,52
07/05/2000,PAH,KY,ASO,CE,Federal Contract Tower,0,17,14,1,32,0,1,22,1,24,0,18,36,2,56,10,0,10,66
07/06/2000,PAH,KY,ASO,CE,Federal Contract Tower,0,20,16,0,36,0,2,35,0,37,0,22,51,0,73,8,0,8,81
07/07/2000,PAH,KY,ASO,CE,Federal Contract Tower,0,17,13,1,31,0,4,32,5,41,0,21,45,6,72,12,0,12,84
07/08/2000,PAH,KY,ASO,CE,Federal Contract Tower,0,8,7,0,15,0,5,37,0,42,0,13,44,0,57,12,0,12,69
07/09/2000,PAH,KY,ASO,CE,Federal Contract Tower,0,10,7,0,17,0,2,21,0,23,0,12,28,0,40,24,0,24,64
07/10/2000,PAH,KY,ASO,CE,Federal Contract Tower,0,17,14,0,31,0,7,25,0,32,0,24,39,0,63,16,0,16,79
07/11/2000,PAH,KY,ASO,CE,Federal Contract Tower,0,18,14,1,33,0,6,24,3,33,0,24,38,4,66,50,0,50,116
07/12/2000,PAH,KY,ASO,CE,Federal Contract Tower,0,20,16,0,36,0,4,26,0,30,0,24,42,0,66,8,0,8,74
07/13/2000,PAH,KY,ASO,CE,Federal Contract Tower,0,22,21,1,44,2,0,51,3,56,2,22,72,4,100,24,0,24,124
07/14/2000,PAH,KY,ASO,CE,Federal Contract Tower,0,20,16,0,36,0,0,30,0,30,0,20,46,0,66,8,0,8,74
07/15/2000,PAH,KY,ASO,CE,Federal Contract Tower,0,12,8,0,20,0,4,22,0,26,0,16,30,0,46,46,0,46,92
07/16/2000,PAH,KY,ASO,CE,Federal Contract Tower,0,16,12,0,28,0,0,34,2,36,0,16,46,2,64,46,0,46,110
07/17/2000,PAH,KY,ASO,CE,Federal Contract Tower,0,24,21,0,45,0,0,28,0,28,0,24,49,0,73,6,0,6,79
07/18/2000,PAH,KY,ASO,CE,Federal Contract Tower,0,22,21,0,43,0,0,30,4,34,0,22,51,4,77,22,0,22,99
07/19/2000,PAH,KY,ASO,CE,Federal Contract Tower,0,22,21,0,43,0,0,42,0,42,0,22,63,0,85,64,0,64,149
07/20/2000,PAH,KY,ASO,CE,Federal Contract Tower,0,23,26,0,49,0,0,41,0,41,0,23,67,0,90,4,0,4,94
07/21/2000,PAH,KY,ASO,CE,Federal Contract Tower,0,21,19,0,40,0,0,34,0,34,0,21,53,0,74,6,0,6,80
07/22/2000,PAH,KY,ASO,CE,Federal Contract Tower,0,15,11,0,26,0,0,32,0,32,0,15,43,0,58,16,0,16,74
07/23/2000,PAH,KY,ASO,CE,Federal Contract Tower,0,14,10,0,24,0,0,34,0,34,0,14,44,0,58,22,0,22,80
07/24/2000,PAH,KY,ASO,CE,Federal Contract Tower,0,22,17,0,39,0,4,38,6,48,0,26,55,6,87,36,0,36,123
07/25/2000,PAH,KY,ASO,CE,Federal Contract Tower,0,21,16,0,37,0,3,25,4,32,0,24,41,4,69,8,0,8,77
07/26/2000,PAH,KY,ASO,CE,Federal Contract Tower,0,20,15,0,35,0,4,38,2,44,0,24,53,2,79,8,0,8,87
07/27/2000,PAH,KY,ASO,CE,Federal Contract Tower,0,23,19,0,42,0,0,42,2,44,0,23,61,2,86,18,0,18,104
07/28/2000,PAH,KY,ASO,CE,Federal Contract Tower,0,21,16,0,37,2,0,22,0,24,2,21,38,0,61,28,0,28,89
07/29/2000,PAH,KY,ASO,CE,Federal Contract Tower,0,11,5,0,16,0,3,0,0,3,0,14,5,0,19,0,0,0,19
07/30/2000,PAH,KY,ASO,CE,Federal Contract Tower,0,16,15,0,31,0,0,18,0,18,0,16,33,0,49,18,0,18,67
07/31/2000,PAH,KY,ASO,CE,Federal Contract Tower,0,20,18,0,38,0,0,35,0,35,0,20,53,0,73,38,0,38,111
08/01/2000,PAH,KY,ASO,CE,Federal Contract Tower,0,22,17,1,40,0,0,40,7,47,0,22,57,8,87,12,0,12,99
08/02/2000,PAH,KY,ASO,CE,Federal Contract Tower,0,24,20,1,45,0,0,49,3,52,0,24,69,4,97,4,0,4,101
08/03/2000,PAH,KY,ASO,CE,Federal Contract Tower,0,26,18,1,45,0,0,30,3,33,0,26,48,4,78,4,0,4,82
08/04/2000,PAH,KY,ASO,CE,Federal Contract Tower,0,25,17,2,44,0,0,18,0,18,0,25,35,2,62,18,0,18,80
08/05/2000,PAH,KY,ASO,CE,Federal Contract Tower,0,14,10,0,24,0,2,22,0,24,0,16,32,0,48,26,0,26,74
08/06/2000,PAH,KY,ASO,CE,Federal Contract Tower,0,12,9,0,21,0,4,19,0,23,0,16,28,0,44,6,0,6,50
08/07/2000,PAH,KY,ASO,CE,Federal Contract Tower,0,21,14,0,35,0,4,8,0,12,0,25,22,0,47,26,0,26,73
08/08/2000,PAH,KY,ASO,CE,Federal Contract Tower,0,17,12,2,31,0,8,38,2,48,0,25,50,4,79,32,0,32,111
08/09/2000,PAH,KY,ASO,CE,Federal Contract Tower,0,21,14,0,35,0,4,35,0,39,0,25,49,0,74,6,0,6,80
08/10/2000,PAH,KY,ASO,CE,Federal Contract Tower,0,19,15,0,34,0,0,43,0,43,0,19,58,0,77,16,0,16,93
08/11/2000,PAH,KY,ASO,CE,Federal Contract Tower,0,19,14,0,33,0,0,37,0,37,0,19,51,0,70,6,0,6,76
08/12/2000,PAH,KY,ASO,CE,Federal Contract Tower,0,9,7,0,16,0,5,30,0,35,0,14,37,0,51,16,0,16,67
08/13/2000,PAH,KY,ASO,CE,Federal Contract Tower,0,10,8,0,18,0,4,34,0,38,0,14,42,0,56,10,0,10,66
08/14/2000,PAH,KY,ASO,CE,Federal Contract Tower,0,24,19,2,45,0,0,22,2,24,0,24,41,4,69,6,0,6,75
08/15/2000,PAH,KY,ASO,CE,Federal Contract Tower,0,24,20,0,44,0,0,26,0,26,0,24,46,0,70,4,0,4,74
08/16/2000,PAH,KY,ASO,CE,Federal Contract Tower,0,21,13,2,36,0,4,43,0,47,0,25,56,2,83,21,0,21,104
08/17/2000,PAH,KY,ASO,CE,Federal Contract Tower,0,29,19,2,50,0,1,33,6,40,0,30,52,8,90,8,0,8,98
08/18/2000,PAH,KY,ASO,CE,Federal Contract Tower,0,22,14,2,38,0,0,15,3,18,0,22,29,5,56,26,0,26,82
08/19/2000,PAH,KY,ASO,CE,Federal Contract Tower,0,12,9,0,21,0,2,37,2,41,0,14,46,2,62,30,0,30,92
08/20/2000,PAH,KY,ASO,CE,Federal Contract Tower,0,14,12,0,26,0,0,10,2,12,0,14,22,2,38,2,0,2,40
08/21/2000,PAH,KY,ASO,CE,Federal Contract Tower,0,18,11,1,30,0,4,22,1,27,0,22,33,2,57,22,0,22,79
08/22/2000,PAH,KY,ASO,CE,Federal Contract Tower,0,27,19,1,47,0,0,22,11,33,0,27,41,12,80,50,8,58,138
08/23/2000,PAH,KY,ASO,CE,Federal Contract Tower,0,20,23,2,45,0,0,26,22,48,0,20,49,24,93,22,4,26,119
08/24/2000,PAH,KY,ASO,CE,Federal Contract Tower,0,21,14,1,36,0,5,13,7,25,0,26,27,8,61,12,0,12,73
08/25/2000,PAH,KY,ASO,CE,Federal Contract Tower,0,19,12,0,31,0,0,26,0,26,0,19,38,0,57,16,0,16,73
08/26/2000,PAH,KY,ASO,CE,Federal Contract Tower,0,14,9,0,23,0,2,7,0,9,0,16,16,0,32,8,0,8,40
08/27/2000,PAH,KY,ASO,CE,Federal Contract Tower,0,14,9,0,23,0,0,9,0,9,0,14,18,0,32,0,0,0,32
08/28/2000,PAH,KY,ASO,CE,Federal Contract Tower,0,22,19,1,42,0,0,24,5,29,0,22,43,6,71,4,0,4,75
08/29/2000,PAH,KY,ASO,CE,Federal Contract Tower,0,24,17,1,42,1,0,32,13,46,1,24,49,14,88,12,0,12,100
08/30/2000,PAH,KY,ASO,CE,Federal Contract Tower,0,24,19,1,44,2,0,29,1,32,2,24,48,2,76,2,0,2,78
08/31/2000,PAH,KY,ASO,CE,Federal Contract Tower,0,22,15,1,38,0,0,36,3,39,0,22,51,4,77,0,0,0,77
09/01/2000,PAH,KY,ASO,CE,Federal Contract Tower,0,21,19,0,40,0,1,46,2,49,0,22,65,2,89,4,0,4,93
09/02/2000,PAH,KY,ASO,CE,Federal Contract Tower,0,12,10,0,22,0,3,56,0,59,0,15,66,0,81,24,0,24,105
09/03/2000,PAH,KY,ASO,CE,Federal Contract Tower,0,9,8,0,17,0,5,6,0,11,0,14,14,0,28,2,0,2,30
09/04/2000,PAH,KY,ASO,CE,Federal Contract Tower,0,14,12,0,26,0,0,20,0,20,0,14,32,0,46,10,0,10,56
09/05/2000,PAH,KY,ASO,CE,Federal Contract Tower,0,20,22,2,44,0,0,47,0,47,0,20,69,2,91,0,2,2,93
09/06/2000,PAH,KY,ASO,CE,Federal Contract Tower,0,22,19,0,41,0,0,23,0,23,0,22,42,0,64,20,0,20,84
09/07/2000,PAH,KY,ASO,CE,Federal Contract Tower,0,22,19,1,42,0,2,36,1,39,0,24,55,2,81,36,0,36,117
09/08/2000,PAH,KY,ASO,CE,Federal Contract Tower,0,25,22,2,49,2,0,4,2,8,2,25,26,4,57,0,0,0,57
09/09/2000,PAH,KY,ASO,CE,Federal Contract Tower,0,16,15,0,31,0,0,4,0,4,0,16,19,0,35,0,0,0,35
09/10/2000,PAH,KY,ASO,CE,Federal Contract Tower,0,12,10,0,22,0,5,3,0,8,0,17,13,0,30,0,0,0,30
09/11/2000,PAH,KY,ASO,CE,Federal Contract Tower,0,20,18,0,38,0,2,22,0,24,0,22,40,0,62,10,0,10,72
09/12/2000,PAH,KY,ASO,CE,Federal Contract Tower,0,22,20,2,44,0,0,15,2,17,0,22,35,4,61,12,0,12,73
09/13/2000,PAH,KY,ASO,CE,Federal Contract Tower,0,24,19,2,45,0,1,39,2,42,0,25,58,4,87,32,0,32,119
09/14/2000,PAH,KY,ASO,CE,Federal Contract Tower,0,24,20,2,46,2,0,37,2,41,2,24,57,4,87,8,0,8,95
09/15/2000,PAH,KY,ASO,CE,Federal Contract Tower,0,23,20,0,43,0,0,69,0,69,0,23,89,0,112,10,0,10,122
09/16/2000,PAH,KY,ASO,CE,Federal Contract Tower,0,10,8,0,18,0,4,40,0,44,0,14,48,0,62,12,0,12,74
09/17/2000,PAH,KY,ASO,CE,Federal Contract Tower,0,13,12,0,25,0,3,47,0,50,0,16,59,0,75,38,0,38,113
09/18/2000,PAH,KY,ASO,CE,Federal Contract Tower,0,16,14,0,30,0,7,30,0,37,0,23,44,0,67,18,0,18,85
09/19/2000,PAH,KY,ASO,CE,Federal Contract Tower,0,21,18,1,40,0,0,35,1,36,0,21,53,2,76,6,6,12,88
09/20/2000,PAH,KY,ASO,CE,Federal Contract Tower,0,29,27,2,58,0,0,53,0,53,0,29,80,2,111,0,0,0,111
09/21/2000,PAH,KY,ASO,CE,Federal Contract Tower,0,19,15,0,34,0,4,36,0,40,0,23,51,0,74,58,0,58,132
09/22/2000,PAH,KY,ASO,CE,Federal Contract Tower,0,21,17,0,38,0,2,29,0,31,0,23,46,0,69,14,0,14,83
09/23/2000,PAH,KY,ASO,CE,Federal Contract Tower,0,10,8,0,18,0,6,2,2,10,0,16,10,2,28,8,0,8,36
09/24/2000,PAH,KY,ASO,CE,Federal Contract Tower,0,10,4,0,14,0,4,0,0,4,0,14,4,0,18,0,0,0,18
09/25/2000,PAH,KY,ASO,CE,Federal Contract Tower,0,21,17,0,38,0,2,6,0,8,0,23,23,0,46,0,0,0,46
09/26/2000,PAH,KY,ASO,CE,Federal Contract Tower,0,23,27,1,51,0,0,40,7,47,0,23,67,8,98,16,0,16,114
09/27/2000,PAH,KY,ASO,CE,Federal Contract Tower,0,25,20,0,45,0,0,36,0,36,0,25,56,0,81,25,0,25,106
09/28/2000,PAH,KY,ASO,CE,Federal Contract Tower,0,22,19,0,41,0,1,45,2,48,0,23,64,2,89,22,0,22,111
09/29/2000,PAH,KY,ASO,CE,Federal Contract Tower,0,22,22,1,45,0,0,51,3,54,0,22,73,4,99,10,0,10,109
09/30/2000,PAH,KY,ASO,CE,Federal Contract Tower,0,12,10,0,22,0,2,18,0,20,0,14,28,0,42,0,0,0,42
10/01/2000,PAH,KY,ASO,CE,Federal Contract Tower,0,14,15,0,29,0,0,32,0,32,0,14,47,0,61,10,0,10,71
10/02/2000,PAH,KY,ASO,CE,Federal Contract Tower,0,22,18,0,40,0,1,34,0,35,0,23,52,0,75,32,0,32,107
10/03/2000,PAH,KY,ASO,CE,Federal Contract Tower,0,23,19,1,43,0,0,27,1,28,0,23,46,2,71,20,0,20,91
10/04/2000,PAH,KY,ASO,CE,Federal Contract Tower,0,22,18,1,41,0,0,30,1,31,0,22,48,2,72,28,0,28,100
10/05/2000,PAH,KY,ASO,CE,Federal Contract Tower,0,22,19,0,41,0,0,16,0,16,0,22,35,0,57,4,0,4,61
10/06/2000,PAH,KY,ASO,CE,Federal Contract Tower,0,25,21,1,47,0,2,15,3,20,0,27,36,4,67,16,0,16,83
10/07/2000,PAH,KY,ASO,CE,Federal Contract Tower,0,13,11,0,24,0,4,31,0,35,0,17,42,0,59,12,0,12,71
10/08/2000,PAH,KY,ASO,CE,Federal Contract Tower,0,12,10,0,22,0,2,32,0,34,0,14,42,0,56,20,0,20,76
10/09/2000,PAH,KY,ASO,CE,Federal Contract Tower,0,12,11,0,23,0,6,40,0,46,0,18,51,0,69,39,0,39,108
10/10/2000,PAH,KY,ASO,CE,Federal Contract Tower,0,21,20,1,42,0,0,47,5,52,0,21,67,6,94,10,0,10,104
10/11/2000,PAH,KY,ASO,CE,Federal Contract Tower,0,25,22,1,48,0,0,40,0,40,0,25,62,1,88,18,0,18,106
10/12/2000,PAH,KY,ASO,CE,Federal Contract Tower,0,24,21,0,45,0,2,42,0,44,0,26,63,0,89,22,0,22,111
10/13/2000,PAH,KY,ASO,CE,Federal Contract Tower,0,17,15,1,33,0,8,39,1,48,0,25,54,2,81,6,0,6,87
10/14/2000,PAH,KY,ASO,CE,Federal Contract Tower,0,13,12,0,25,0,9,23,0,32,0,22,35,0,57,8,0,8,65
10/15/2000,PAH,KY,ASO,CE,Federal Contract Tower,0,15,12,0,27,0,0,22,0,22,0,15,34,0,49,2,0,2,51
10/16/2000,PAH,KY,ASO,CE,Federal Contract Tower,0,18,15,0,33,0,0,11,0,11,0,18,26,0,44,6,0,6,50
10/17/2000,PAH,KY,ASO,CE,Federal Contract Tower,0,24,23,0,47,0,0,14,2,16,0,24,37,2,63,4,0,4,67
10/18/2000,PAH,KY,ASO,CE,Federal Contract Tower,0,22,23,0,45,0,0,62,6,68,0,22,85,6,113,64,0,64,177
10/19/2000,PAH,KY,ASO,CE,Federal Contract Tower,0,20,22,0,42,0,0,50,2,52,0,20,72,2,94,16,0,16,110
10/20/2000,PAH,KY,ASO,CE,Federal Contract Tower,0,23,18,0,41,0,6,18,0,24,0,29,36,0,65,10,0,10,75
10/21/2000,PAH,KY,ASO,CE,Federal Contract Tower,0,14,12,0,26,0,3,28,0,31,0,17,40,0,57,18,0,18,75
10/22/2000,PAH,KY,ASO,CE,Federal Contract Tower,0,12,10,0,22,0,4,12,0,16,0,16,22,0,38,6,0,6,44
10/23/2000,PAH,KY,ASO,CE,Federal Contract Tower,0,22,19,0,41,0,0,16,2,18,0,22,35,2,59,0,0,0,59
10/24/2000,PAH,KY,ASO,CE,Federal Contract Tower,0,23,19,0,42,0,0,28,8,36,0,23,47,8,78,32,0,32,110
10/25/2000,PAH,KY,ASO,CE,Federal Contract Tower,0,26,21,0,47,0,0,30,0,30,0,26,51,0,77,24,0,24,101
10/26/2000,PAH,KY,ASO,CE,Federal Contract Tower,0,23,24,0,47,0,0,23,2,25,0,23,47,2,72,14,2,16,88
10/27/2000,PAH,KY,ASO,CE,Federal Contract Tower,0,23,23,0,46,0,0,45,0,45,0,23,68,0,91,24,0,24,115
10/28/2000,PAH,KY,ASO,CE,Federal Contract Tower,0,14,12,0,26,0,0,38,0,38,0,14,50,0,64,6,0,6,70
10/29/2000,PAH,KY,ASO,CE,Federal Contract Tower,0,14,11,0,25,0,0,20,0,20,0,14,31,0,45,2,0,2,47
10/30/2000,PAH,KY,ASO,CE,Federal Contract Tower,0,24,19,0,43,0,1,13,0,14,0,25,32,0,57,18,0,18,75
10/31/2000,PAH,KY,ASO,CE,Federal Contract Tower,0,21,18,0,39,0,4,20,2,26,0,25,38,2,65,48,0,48,113
11/01/2000,PAH,KY,ASO,CE,Federal Contract Tower,0,22,14,0,36,0,6,31,0,37,0,28,45,0,73,50,0,50,123
11/02/2000,PAH,KY,ASO,CE,Federal Contract Tower,0,24,18,0,42,0,0,27,0,27,0,24,45,0,69,22,0,22,91
11/03/2000,PAH,KY,ASO,CE,Federal Contract Tower,0,17,12,1,30,0,4,20,3,27,0,21,32,4,57,30,0,30,87
11/04/2000,PAH,KY,ASO,CE,Federal Contract Tower,0,11,8,0,19,0,1,35,0,36,0,12,43,0,55,8,0,8,63
11/05/2000,PAH,KY,ASO,CE,Federal Contract Tower,0,14,12,0,26,0,0,31,0,31,0,14,43,0,57,6,0,6,63
11/06/2000,PAH,KY,ASO,CE,Federal Contract Tower,0,22,17,0,39,0,0,11,0,11,0,22,28,0,50,8,0,8,58
11/07/2000,PAH,KY,ASO,CE,Federal Contract Tower,0,29,19,2,50,0,3,11,6,20,0,32,30,8,70,26,0,26,96
11/08/2000,PAH,KY,ASO,CE,Federal Contract Tower,0,29,19,0,48,0,0,11,0,11,0,29,30,0,59,4,0,4,63
11/09/2000,PAH,KY,ASO,CE,Federal Contract Tower,0,30,21,2,53,0,0,7,1,8,0,30,28,3,61,0,0,0,61
11/10/2000,PAH,KY,ASO,CE,Federal Contract Tower,0,23,18,1,42,0,0,30,0,30,0,23,48,1,72,8,0,8,80
11/11/2000,PAH,KY,ASO,CE,Federal Contract Tower,0,14,9,0,23,0,0,35,0,35,0,14,44,0,58,0,0,0,58
11/12/2000,PAH,KY,ASO,CE,Federal Contract Tower,0,14,12,0,26,0,0,38,0,38,0,14,50,0,64,14,0,14,78
11/13/2000,PAH,KY,ASO,CE,Federal Contract Tower,0,25,16,1,42,0,2,21,5,28,0,27,37,6,70,2,0,2,72
11/14/2000,PAH,KY,ASO,CE,Federal Contract Tower,0,22,15,1,38,0,5,15,1,21,0,27,30,2,59,22,0,22,81
11/15/2000,PAH,KY,ASO,CE,Federal Contract Tower,0,21,14,0,35,0,0,52,0,52,0,21,66,0,87,18,0,18,105
11/16/2000,PAH,KY,ASO,CE,Federal Contract Tower,0,27,16,0,43,0,4,21,0,25,0,31,37,0,68,10,0,10,78
11/17/2000,PAH,KY,ASO,CE,Federal Contract Tower,0,26,15,0,41,0,1,42,0,43,0,27,57,0,84,12,0,12,96
11/18/2000,PAH,KY,ASO,CE,Federal Contract Tower,0,15,10,0,25,0,1,44,0,45,0,16,54,0,70,4,0,4,74
11/19/2000,PAH,KY,ASO,CE,Federal Contract Tower,0,11,7,0,18,0,3,28,0,31,0,14,35,0,49,38,0,38,87
11/20/2000,PAH,KY,ASO,CE,Federal Contract Tower,0,20,12,0,32,0,4,13,2,19,0,24,25,2,51,0,0,0,51
11/21/2000,PAH,KY,ASO,CE,Federal Contract Tower,0,30,19,1,50,0,2,30,3,35,0,32,49,4,85,28,0,28,113
11/22/2000,PAH,KY,ASO,CE,Federal Contract Tower,0,19,12,0,31,0,7,36,0,43,0,26,48,0,74,34,0,34,108
11/23/2000,PAH,KY,ASO,CE,Federal Contract Tower,0,9,5,0,14,0,1,6,0,7,0,10,11,0,21,0,0,0,21
11/24/2000,PAH,KY,ASO,CE,Federal Contract Tower,0,15,10,0,25,0,3,27,0,30,0,18,37,0,55,36,0,36,91
11/25/2000,PAH,KY,ASO,CE,Federal Contract Tower,0,11,6,0,17,0,2,0,0,2,0,13,6,0,19,0,0,0,19
11/26/2000,PAH,KY,ASO,CE,Federal Contract Tower,0,12,8,0,20,0,2,12,0,14,0,14,20,0,34,24,0,24,58
11/27/2000,PAH,KY,ASO,CE,Federal Contract Tower,0,24,16,0,40,0,0,27,0,27,0,24,43,0,67,10,0,10,77
11/28/2000,PAH,KY,ASO,CE,Federal Contract Tower,0,20,12,0,32,0,5,32,2,39,0,25,44,2,71,16,0,16,87
11/29/2000,PAH,KY,ASO,CE,Federal Contract Tower,0,19,12,0,31,0,3,18,0,21,0,22,30,0,52,0,0,0,52
11/30/2000,PAH,KY,ASO,CE,Federal Contract Tower,0,23,16,0,39,0,0,36,4,40,0,23,52,4,79,30,8,38,117
12/01/2000,PAH,KY,ASO,CE,Federal Contract Tower,0,22,13,0,35,0,2,22,0,24,0,24,35,0,59,0,0,0,59
12/02/2000,PAH,KY,ASO,CE,Federal Contract Tower,0,10,3,0,13,0,4,0,2,6,0,14,3,2,19,0,0,0,19
12/03/2000,PAH,KY,ASO,CE,Federal Contract Tower,0,13,9,0,22,0,3,27,2,32,0,16,36,2,54,2,0,2,56
12/04/2000,PAH,KY,ASO,CE,Federal Contract Tower,0,24,15,0,39,0,0,9,2,11,0,24,24,2,50,8,0,8,58
12/05/2000,PAH,KY,ASO,CE,Federal Contract Tower,0,24,15,0,39,0,5,29,0,34,0,29,44,0,73,12,0,12,85
12/06/2000,PAH,KY,ASO,CE,Federal Contract Tower,0,23,15,0,38,0,0,14,0,14,0,23,29,0,52,14,0,14,66
12/07/2000,PAH,KY,ASO,CE,Federal Contract Tower,0,23,17,0,40,0,0,18,2,20,0,23,35,2,60,2,0,2,62
12/08/2000,PAH,KY,ASO,CE,Federal Contract Tower,0,25,15,0,40,0,2,19,2,23,0,27,34,2,63,0,0,0,63
12/09/2000,PAH,KY,ASO,CE,Federal Contract Tower,0,16,11,0,27,0,0,33,0,33,0,16,44,0,60,6,0,6,66
12/10/2000,PAH,KY,ASO,CE,Federal Contract Tower,0,14,10,0,24,0,0,15,0,15,0,14,25,0,39,4,0,4,43
12/11/2000,PAH,KY,ASO,CE,Federal Contract Tower,0,17,10,0,27,0,3,1,0,4,0,20,11,0,31,0,0,0,31
12/12/2000,PAH,KY,ASO,CE,Federal Contract Tower,0,25,15,0,40,0,1,10,0,11,0,26,25,0,51,18,0,18,69
12/13/2000,PAH,KY,ASO,CE,Federal Contract Tower,0,0,0,0,0,0,0,1,0,1,0,0,1,0,1,0,0,0,1
12/14/2000,PAH,KY,ASO,CE,Federal Contract Tower,0,16,9,0,25,0,2,4,0,6,0,18,13,0,31,0,0,0,31
12/15/2000,PAH,KY,ASO,CE,Federal Contract Tower,0,18,13,0,31,0,0,5,0,5,0,18,18,0,36,0,0,0,36
12/16/2000,PAH,KY,ASO,CE,Federal Contract Tower,0,5,2,0,7,0,2,0,0,2,0,7,2,0,9,0,0,0,9
12/17/2000,PAH,KY,ASO,CE,Federal Contract Tower,0,11,6,0,17,0,4,6,0,10,0,15,12,0,27,0,0,0,27
12/18/2000,PAH,KY,ASO,CE,Federal Contract Tower,0,21,12,0,33,0,0,0,0,0,0,21,12,0,33,0,0,0,33
12/19/2000,PAH,KY,ASO,CE,Federal Contract Tower,0,23,13,0,36,0,0,16,0,16,0,23,29,0,52,12,0,12,64
12/20/2000,PAH,KY,ASO,CE,Federal Contract Tower,0,23,12,0,35,0,1,37,0,38,0,24,49,0,73,10,0,10,83
12/21/2000,PAH,KY,ASO,CE,Federal Contract Tower,0,16,8,0,24,0,6,5,0,11,0,22,13,0,35,0,0,0,35
12/22/2000,PAH,KY,ASO,CE,Federal Contract Tower,0,21,12,0,33,0,4,21,0,25,0,25,33,0,58,6,0,6,64
12/23/2000,PAH,KY,ASO,CE,Federal Contract Tower,0,12,7,0,19,0,1,14,0,15,0,13,21,0,34,0,0,0,34
12/24/2000,PAH,KY,ASO,CE,Federal Contract Tower,0,10,5,0,15,0,0,18,0,18,0,10,23,0,33,4,0,4,37
12/25/2000,PAH,KY,ASO,CE,Federal Contract Tower,0,9,2,0,11,0,3,0,0,3,0,12,2,0,14,0,0,0,14
12/26/2000,PAH,KY,ASO,CE,Federal Contract Tower,0,16,9,0,25,0,4,2,0,6,0,20,11,0,31,4,0,4,35
12/27/2000,PAH,KY,ASO,CE,Federal Contract Tower,0,19,11,0,30,0,3,0,0,3,0,22,11,0,33,0,0,0,33
12/28/2000,PAH,KY,ASO,CE,Federal Contract Tower,0,23,14,0,37,0,0,29,2,31,0,23,43,2,68,14,0,14,82
12/29/2000,PAH,KY,ASO,CE,Federal Contract Tower,0,21,13,0,34,0,0,9,0,9,0,21,22,0,43,5,0,5,48
12/30/2000,PAH,KY,ASO,CE,Federal Contract Tower,0,16,11,0,27,0,0,8,0,8,0,16,19,0,35,0,0,0,35
12/31/2000,PAH,KY,ASO,CE,Federal Contract Tower,0,12,6,0,18,0,0,0,0,0,0,12,6,0,18,0,0,0,18
01/01/2001,PAH,KY,ASO,CE,Federal Contract Tower,0,9,7,0,16,0,2,9,0,11,0,11,16,0,27,6,0,6,33
01/02/2001,PAH,KY,ASO,CE,Federal Contract Tower,0,19,16,0,35,0,5,20,0,25,0,24,36,0,60,8,0,8,68
01/03/2001,PAH,KY,ASO,CE,Federal Contract Tower,0,19,14,0,33,0,4,7,0,11,0,23,21,0,44,4,0,4,48
01/04/2001,PAH,KY,ASO,CE,Federal Contract Tower,0,23,18,1,42,0,0,28,3,31,0,23,46,4,73,10,0,10,83
01/05/2001,PAH,KY,ASO,CE,Federal Contract Tower,0,21,15,0,36,0,4,30,0,34,0,25,45,0,70,0,0,0,70
01/06/2001,PAH,KY,ASO,CE,Federal Contract Tower,0,11,9,0,20,0,4,36,0,40,0,15,45,0,60,4,0,4,64
01/07/2001,PAH,KY,ASO,CE,Federal Contract Tower,0,14,10,0,24,0,4,24,0,28,0,18,34,0,52,0,0,0,52
01/08/2001,PAH,KY,ASO,CE,Federal Contract Tower,0,19,15,0,34,0,2,16,0,18,0,21,31,0,52,4,0,4,56
01/09/2001,PAH,KY,ASO,CE,Federal Contract Tower,0,24,19,1,44,0,0,32,3,35,0,24,51,4,79,14,2,16,95
01/10/2001,PAH,KY,ASO,CE,Federal Contract Tower,0,21,15,1,37,0,1,29,3,33,0,22,44,4,70,4,0,4,74
01/11/2001,PAH,KY,ASO,CE,Federal Contract Tower,0,18,16,0,34,0,0,9,0,9,0,18,25,0,43,0,0,0,43
01/12/2001,PAH,KY,ASO,CE,Federal Contract Tower,0,18,16,0,34,0,0,9,0,9,0,18,25,0,43,0,0,0,43
01/13/2001,PAH,KY,ASO,CE,Federal Contract Tower,0,14,9,0,23,0,2,0,0,2,0,16,9,0,25,4,0,4,29
01/14/2001,PAH,KY,ASO,CE,Federal Contract Tower,0,10,7,0,17,0,4,2,0,6,0,14,9,0,23,0,0,0,23
01/15/2001,PAH,KY,ASO,CE,Federal Contract Tower,0,14,11,0,25,0,1,26,0,27,0,15,37,0,52,4,0,4,56
01/16/2001,PAH,KY,ASO,CE,Federal Contract Tower,0,25,22,1,48,0,0,20,5,25,0,25,42,6,73,8,0,8,81
01/17/2001,PAH,KY,ASO,CE,Federal Contract Tower,0,24,18,1,43,0,0,11,1,12,0,24,29,2,55,4,4,8,63
01/18/2001,PAH,KY,ASO,CE,Federal Contract Tower,0,23,17,0,40,0,1,17,0,18,0,24,34,0,58,0,0,0,58
01/19/2001,PAH,KY,ASO,CE,Federal Contract Tower,0,18,13,0,31,0,0,10,0,10,0,18,23,0,41,2,0,2,43
01/20/2001,PAH,KY,ASO,CE,Federal Contract Tower,0,11,8,0,19,0,3,6,2,11,0,14,14,2,30,10,0,10,40
01/21/2001,PAH,KY,ASO,CE,Federal Contract Tower,0,10,7,0,17,0,6,23,0,29,0,16,30,0,46,18,0,18,64
01/22/2001,PAH,KY,ASO,CE,Federal Contract Tower,0,18,12,0,30,0,4,23,4,31,0,22,35,4,61,18,0,18,79
01/23/2001,PAH,KY,ASO,CE,Federal Contract Tower,0,27,22,0,49,0,0,36,2,38,0,27,58,2,87,6,0,6,93
01/24/2001,PAH,KY,ASO,CE,Federal Contract Tower,0,24,17,0,41,0,3,14,6,23,0,27,31,6,64,0,0,0,64
01/25/2001,PAH,KY,ASO,CE,Federal Contract Tower,0,22,16,0,38,0,1,36,4,41,0,23,52,4,79,8,0,8,87
01/26/2001,PAH,KY,ASO,CE,Federal Contract Tower,0,17,12,0,29,0,4,3,0,7,0,21,15,0,36,0,0,0,36
01/27/2001,PAH,KY,ASO,CE,Federal Contract Tower,0,11,8,0,19,0,4,24,0,28,0,15,32,0,47,22,0,22,69
01/28/2001,PAH,KY,ASO,CE,Federal Contract Tower,0,14,9,0,23,0,1,8,0,9,0,15,17,0,32,4,0,4,36
01/29/2001,PAH,KY,ASO,CE,Federal Contract Tower,0,23,18,0,41,0,0,7,0,7,0,23,25,0,48,0,0,0,48
01/30/2001,PAH,KY,ASO,CE,Federal Contract Tower,0,22,16,0,38,0,0,8,0,8,0,22,24,0,46,0,0,0,46
01/31/2001,PAH,KY,ASO,CE,Federal Contract Tower,0,22,17,0,39,0,0,20,0,20,0,22,37,0,59,2,0,2,61
02/01/2001,PAH,KY,ASO,CE,Federal Contract Tower,0,23,17,0,40,0,3,47,6,56,0,26,64,6,96,2,0,2,98
02/02/2001,PAH,KY,ASO,CE,Federal Contract Tower,0,22,17,0,39,0,0,41,0,41,0,22,58,0,80,18,0,18,98
02/03/2001,PAH,KY,ASO,CE,Federal Contract Tower,0,11,8,0,19,0,4,47,0,51,0,15,55,0,70,6,0,6,76
02/04/2001,PAH,KY,ASO,CE,Federal Contract Tower,0,10,8,0,18,0,1,13,2,16,0,11,21,2,34,18,0,18,52
02/05/2001,PAH,KY,ASO,CE,Federal Contract Tower,0,15,11,0,26,0,5,7,2,14,0,20,18,2,40,0,0,0,40
02/06/2001,PAH,KY,ASO,CE,Federal Contract Tower,0,22,17,0,39,0,1,22,0,23,0,23,39,0,62,18,0,18,80
02/07/2001,PAH,KY,ASO,CE,Federal Contract Tower,0,21,16,0,37,3,4,22,0,29,3,25,38,0,66,46,0,46,112
02/08/2001,PAH,KY,ASO,CE,Federal Contract Tower,0,20,15,0,35,2,7,13,0,22,2,27,28,0,57,0,0,0,57
02/09/2001,PAH,KY,ASO,CE,Federal Contract Tower,0,14,8,0,22,0,4,0,0,4,0,18,8,0,26,0,0,0,26
02/10/2001,PAH,KY,ASO,CE,Federal Contract Tower,0,16,14,0,30,0,0,22,0,22,0,16,36,0,52,12,0,12,64
02/11/2001,PAH,KY,ASO,CE,Federal Contract Tower,0,12,8,1,21,0,2,22,1,25,0,14,30,2,46,0,0,0,46
02/12/2001,PAH,KY,ASO,CE,Federal Contract Tower,0,24,17,0,41,0,0,15,0,15,0,24,32,0,56,0,0,0,56
02/13/2001,PAH,KY,ASO,CE,Federal Contract Tower,0,24,17,0,41,0,0,4,0,4,0,24,21,0,45,0,0,0,45
02/14/2001,PAH,KY,ASO,CE,Federal Contract Tower,0,20,9,1,30,0,4,0,1,5,0,24,9,2,35,0,0,0,35
02/15/2001,PAH,KY,ASO,CE,Federal Contract Tower,0,20,18,0,38,0,0,7,0,7,0,20,25,0,45,0,0,0,45
02/16/2001,PAH,KY,ASO,CE,Federal Contract Tower,0,22,16,0,38,0,0,4,0,4,0,22,20,0,42,16,0,16,58
02/17/2001,PAH,KY,ASO,CE,Federal Contract Tower,0,15,12,0,27,0,0,33,0,33,0,15,45,0,60,10,0,10,70
02/18/2001,PAH,KY,ASO,CE,Federal Contract Tower,0,10,6,0,16,0,3,38,0,41,0,13,44,0,57,10,0,10,67
02/19/2001,PAH,KY,ASO,CE,Federal Contract Tower,0,21,14,0,35,0,3,28,0,31,0,24,42,0,66,40,0,40,106
02/20/2001,PAH,KY,ASO,CE,Federal Contract Tower,0,23,17,0,40,0,2,26,2,30,0,25,43,2,70,6,0,6,76
02/21/2001,PAH,KY,ASO,CE,Federal Contract Tower,0,25,20,0,45,0,0,30,2,32,0,25,50,2,77,30,0,30,107
02/22/2001,PAH,KY,ASO,CE,Federal Contract Tower,0,25,18,0,43,0,2,1,0,3,0,27,19,0,46,0,0,0,46
02/23/2001,PAH,KY,ASO,CE,Federal Contract Tower,0,24,20,0,44,0,0,5,0,5,0,24,25,0,49,0,0,0,49
02/24/2001,PAH,KY,ASO,CE,Federal Contract Tower,0,12,9,0,21,0,3,2,0,5,0,15,11,0,26,0,0,0,26
02/25/2001,PAH,KY,ASO,CE,Federal Contract Tower,0,12,8,0,20,0,9,33,0,42,0,21,41,0,62,24,0,24,86
02/26/2001,PAH,KY,ASO,CE,Federal Contract Tower,0,19,14,0,33,0,7,54,0,61,0,26,68,0,94,50,0,50,144
02/27/2001,PAH,KY,ASO,CE,Federal Contract Tower,0,24,18,0,42,0,1,29,2,32,0,25,47,2,74,2,0,2,76
02/28/2001,PAH,KY,ASO,CE,Federal Contract Tower,0,26,21,0,47,0,0,41,2,43,0,26,62,2,90,32,2,34,124
03/01/2001,PAH,KY,ASO,CE,Federal Contract Tower,0,24,17,1,42,0,0,40,0,40,0,24,57,1,82,22,0,22,104
03/02/2001,PAH,KY,ASO,CE,Federal Contract Tower,0,21,14,1,36,0,4,22,5,31,0,25,36,6,67,24,4,28,95
03/03/2001,PAH,KY,ASO,CE,Federal Contract Tower,0,17,12,1,30,0,0,30,2,32,0,17,42,3,62,18,0,18,80
03/04/2001,PAH,KY,ASO,CE,Federal Contract Tower,0,14,9,0,23,0,1,13,0,14,0,15,22,0,37,6,0,6,43
03/05/2001,PAH,KY,ASO,CE,Federal Contract Tower,0,22,14,1,37,0,4,20,3,27,0,26,34,4,64,2,2,4,68
03/06/2001,PAH,KY,ASO,CE,Federal Contract Tower,0,18,12,1,31,0,9,43,3,55,0,27,55,4,86,10,0,10,96
03/07/2001,PAH,KY,ASO,CE,Federal Contract Tower,0,20,14,1,35,0,3,45,7,55,0,23,59,8,90,16,0,16,106
03/08/2001,PAH,KY,ASO,CE,Federal Contract Tower,0,24,15,2,41,0,3,31,2,36,0,27,46,4,77,18,0,18,95
03/09/2001,PAH,KY,ASO,CE,Federal Contract Tower,0,20,13,0,33,0,3,35,0,38,0,23,48,0,71,14,0,14,85
03/10/2001,PAH,KY,ASO,CE,Federal Contract Tower,0,11,8,0,19,0,4,21,0,25,0,15,29,0,44,0,0,0,44
03/11/2001,PAH,KY,ASO,CE,Federal Contract Tower,0,10,7,0,17,0,3,30,0,33,0,13,37,0,50,30,0,30,80
03/12/2001,PAH,KY,ASO,CE,Federal Contract Tower,0,23,15,0,38,0,0,16,0,16,0,23,31,0,54,24,0,24,78
03/13/2001,PAH,KY,ASO,CE,Federal Contract Tower,0,24,18,2,44,0,0,33,12,45,0,24,51,14,89,2,6,8,97
03/14/2001,PAH,KY,ASO,CE,Federal Contract Tower,0,20,14,1,35,0,1,26,3,30,0,21,40,4,65,50,0,50,115
03/15/2001,PAH,KY,ASO,CE,Federal Contract Tower,0,24,16,0,40,0,0,16,0,16,0,24,32,0,56,4,0,4,60
03/16/2001,PAH,KY,ASO,CE,Federal Contract Tower,0,27,17,0,44,0,0,8,0,8,0,27,25,0,52,0,0,0,52
03/17/2001,PAH,KY,ASO,CE,Federal Contract Tower,0,15,9,1,25,0,0,25,1,26,0,15,34,2,51,50,0,50,101
03/18/2001,PAH,KY,ASO,CE,Federal Contract Tower,0,12,8,0,20,0,3,17,0,20,0,15,25,0,40,4,0,4,44
03/19/2001,PAH,KY,ASO,CE,Federal Contract Tower,0,25,15,0,40,0,1,26,0,27,0,26,41,0,67,8,0,8,75
03/20/2001,PAH,KY,ASO,CE,Federal Contract Tower,0,24,17,1,42,0,0,15,1,16,0,24,32,2,58,2,6,8,66
03/21/2001,PAH,KY,ASO,CE,Federal Contract Tower,0,22,14,0,36,0,2,40,2,44,0,24,54,2,80,12,2,14,94
03/22/2001,PAH,KY,ASO,CE,Federal Contract Tower,0,25,16,0,41,0,3,18,0,21,0,28,34,0,62,14,0,14,76
03/23/2001,PAH,KY,ASO,CE,Federal Contract Tower,0,15,10,0,25,0,6,30,0,36,0,21,40,0,61,30,0,30,91
03/24/2001,PAH,KY,ASO,CE,Federal Contract Tower,0,15,10,0,25,0,0,23,0,23,0,15,33,0,48,6,0,6,54
03/25/2001,PAH,KY,ASO,CE,Federal Contract Tower,0,12,7,0,19,0,2,35,0,37,0,14,42,0,56,14,0,14,70
03/26/2001,PAH,KY,ASO,CE,Federal Contract Tower,0,20,12,0,32,0,3,28,4,35,0,23,40,4,67,10,6,16,83
03/27/2001,PAH,KY,ASO,CE,Federal Contract Tower,0,21,14,0,35,0,2,27,0,29,0,23,41,0,64,14,0,14,78
03/28/2001,PAH,KY,ASO,CE,Federal Contract Tower,0,20,12,0,32,0,3,15,0,18,0,23,27,0,50,14,0,14,64
03/29/2001,PAH,KY,ASO,CE,Federal Contract Tower,0,26,18,1,45,0,0,13,1,14,0,26,31,2,59,15,0,15,74
03/30/2001,PAH,KY,ASO,CE,Federal Contract Tower,0,25,20,0,45,0,0,12,0,12,0,25,32,0,57,11,0,11,68
03/31/2001,PAH,KY,ASO,CE,Federal Contract Tower,0,14,10,0,24,0,0,9,0,9,0,14,19,0,33,6,0,6,39
04/01/2001,PAH,KY,ASO,CE,Federal Contract Tower,0,16,5,0,21,0,1,47,0,48,0,17,52,0,69,12,0,12,81
04/02/2001,PAH,KY,ASO,CE,Federal Contract Tower,0,21,12,0,33,0,1,9,0,10,0,22,21,0,43,0,0,0,43
04/03/2001,PAH,KY,ASO,CE,Federal Contract Tower,0,23,19,0,42,0,1,2,0,3,0,24,21,0,45,0,0,0,45
04/04/2001,PAH,KY,ASO,CE,Federal Contract Tower,0,21,10,0,31,0,1,26,0,27,0,22,36,0,58,12,0,12,70
04/05/2001,PAH,KY,ASO,CE,Federal Contract Tower,0,26,22,3,51,0,1,16,1,18,0,27,38,4,69,22,0,22,91
04/06/2001,PAH,KY,ASO,CE,Federal Contract Tower,0,22,21,0,43,0,0,24,0,24,0,22,45,0,67,0,0,0,67
04/07/2001,PAH,KY,ASO,CE,Federal Contract Tower,0,12,4,0,16,0,1,10,0,11,0,13,14,0,27,4,0,4,31
04/08/2001,PAH,KY,ASO,CE,Federal Contract Tower,0,14,17,0,31,0,1,36,0,37,0,15,53,0,68,10,0,10,78
04/09/2001,PAH,KY,ASO,CE,Federal Contract Tower,0,22,12,0,34,0,5,39,0,44,0,27,51,0,78,4,0,4,82
04/10/2001,PAH,KY,ASO,CE,Federal Contract Tower,0,22,26,0,48,0,0,31,0,31,0,22,57,0,79,12,0,12,91
04/11/2001,PAH,KY,ASO,CE,Federal Contract Tower,0,22,21,0,43,0,0,20,0,20,0,22,41,0,63,0,0,0,63
04/12/2001,PAH,KY,ASO,CE,Federal Contract Tower,0,2,16,0,18,0,0,34,4,38,0,2,50,4,56,22,0,22,78
04/13/2001,PAH,KY,ASO,CE,Federal Contract Tower,0,22,10,0,32,0,2,34,0,36,0,24,44,0,68,2,0,2,70
04/14/2001,PAH,KY,ASO,CE,Federal Contract Tower,0,13,10,0,23,0,0,20,0,20,0,13,30,0,43,0,0,0,43
04/15/2001,PAH,KY,ASO,CE,Federal Contract Tower,0,15,4,0,19,0,0,12,0,12,0,15,16,0,31,2,0,2,33
04/16/2001,PAH,KY,ASO,CE,Federal Contract Tower,0,22,28,0,50,0,0,14,0,14,0,22,42,0,64,4,0,4,68
04/17/2001,PAH,KY,ASO,CE,Federal Contract Tower,0,25,23,1,49,0,0,19,1,20,0,25,42,2,69,0,0,0,69
04/18/2001,PAH,KY,ASO,CE,Federal Contract Tower,0,21,26,4,51,0,2,40,0,42,0,23,66,4,93,14,6,20,113
04/19/2001,PAH,KY,ASO,CE,Federal Contract Tower,0,23,14,0,37,0,1,28,2,31,0,24,42,2,68,0,0,0,68
04/20/2001,PAH,KY,ASO,CE,Federal Contract Tower,0,22,19,0,41,0,1,23,0,24,0,23,42,0,65,10,0,10,75
04/21/2001,PAH,KY,ASO,CE,Federal Contract Tower,0,13,12,0,25,0,2,16,0,18,0,15,28,0,43,12,0,12,55
04/22/2001,PAH,KY,ASO,CE,Federal Contract Tower,0,15,22,0,37,0,0,19,0,19,0,15,41,0,56,0,0,0,56
04/23/2001,PAH,KY,ASO,CE,Federal Contract Tower,0,23,8,0,31,0,1,10,0,11,0,24,18,0,42,0,0,0,42
04/24/2001,PAH,KY,ASO,CE,Federal Contract Tower,0,24,27,0,51,0,2,28,0,30,0,26,55,0,81,20,0,20,101
04/25/2001,PAH,KY,ASO,CE,Federal Contract Tower,0,22,22,0,44,0,2,31,0,33,0,24,53,0,77,10,0,10,87
04/26/2001,PAH,KY,ASO,CE,Federal Contract Tower,0,24,19,0,43,0,1,28,0,29,0,25,47,0,72,26,0,26,98
04/27/2001,PAH,KY,ASO,CE,Federal Contract Tower,0,22,17,1,40,0,6,48,3,57,0,28,65,4,97,40,0,40,137
04/28/2001,PAH,KY,ASO,CE,Federal Contract Tower,0,14,6,4,24,0,0,47,0,47,0,14,53,4,71,68,0,68,139
04/29/2001,PAH,KY,ASO,CE,Federal Contract Tower,0,17,15,0,32,0,0,59,0,59,0,17,74,0,91,28,0,28,119
04/30/2001,PAH,KY,ASO,CE,Federal Contract Tower,0,21,11,0,32,0,0,34,0,34,0,21,45,0,66,14,0,14,80
05/01/2001,PAH,KY,ASO,CE,Federal Contract Tower,0,20,8,0,28,0,0,29,0,29,0,20,37,0,57,10,0,10,67
05/02/2001,PAH,KY,ASO,CE,Federal Contract Tower,0,20,10,0,30,0,0,44,0,44,0,20,54,0,74,40,0,40,114
05/03/2001,PAH,KY,ASO,CE,Federal Contract Tower,0,20,14,0,34,0,3,37,0,40,0,23,51,0,74,32,0,32,106
05/04/2001,PAH,KY,ASO,CE,Federal Contract Tower,0,22,13,0,35,0,0,45,0,45,0,22,58,0,80,18,0,18,98
05/05/2001,PAH,KY,ASO,CE,Federal Contract Tower,0,12,8,0,20,0,0,28,0,28,0,12,36,0,48,28,0,28,76
05/06/2001,PAH,KY,ASO,CE,Federal Contract Tower,0,14,5,0,19,0,1,12,0,13,0,15,17,0,32,2,0,2,34
05/07/2001,PAH,KY,ASO,CE,Federal Contract Tower,0,21,17,2,40,0,2,3,0,5,0,23,20,2,45,0,0,0,45
05/08/2001,PAH,KY,ASO,CE,Federal Contract Tower,0,20,14,0,34,0,4,40,0,44,0,24,54,0,78,38,0,38,116
05/09/2001,PAH,KY,ASO,CE,Federal Contract Tower,0,22,15,4,41,0,1,19,2,22,0,23,34,6,63,10,2,12,75
05/10/2001,PAH,KY,ASO,CE,Federal Contract Tower,0,23,12,0,35,0,4,23,0,27,0,27,35,0,62,2,0,2,64
05/11/2001,PAH,KY,ASO,CE,Federal Contract Tower,0,22,6,0,28,0,0,20,0,20,0,22,26,0,48,4,0,4,52
05/12/2001,PAH,KY,ASO,CE,Federal Contract Tower,0,14,8,0,22,0,0,30,0,30,0,14,38,0,52,26,0,26,78
05/13/2001,PAH,KY,ASO,CE,Federal Contract Tower,0,14,5,1,20,0,0,26,1,27,0,14,31,2,47,50,0,50,97
05/14/2001,PAH,KY,ASO,CE,Federal Contract Tower,0,25,22,0,47,0,0,28,0,28,0,25,50,0,75,2,0,2,77
05/15/2001,PAH,KY,ASO,CE,Federal Contract Tower,0,2,29,4,35,0,0,41,0,41,0,2,70,4,76,34,2,36,112
05/16/2001,PAH,KY,ASO,CE,Federal Contract Tower,0,24,12,2,38,0,2,39,0,41,0,26,51,2,79,16,0,16,95
05/17/2001,PAH,KY,ASO,CE,Federal Contract Tower,0,22,17,0,39,0,0,20,2,22,0,22,37,2,61,22,0,22,83
05/18/2001,PAH,KY,ASO,CE,Federal Contract Tower,0,17,16,0,33,0,1,23,0,24,0,18,39,0,57,8,0,8,65
05/19/2001,PAH,KY,ASO,CE,Federal Contract Tower,0,14,16,0,30,0,0,7,0,7,0,14,23,0,37,16,0,16,53
05/20/2001,PAH,KY,ASO,CE,Federal Contract Tower,0,15,14,2,31,0,0,13,2,15,0,15,27,4,46,30,0,30,76
05/21/2001,PAH,KY,ASO,CE,Federal Contract Tower,0,18,14,0,32,0,3,4,0,7,0,21,18,0,39,10,0,10,49
05/22/2001,PAH,KY,ASO,CE,Federal Contract Tower,0,21,11,1,33,0,3,27,1,31,0,24,38,2,64,8,0,8,72
05/23/2001,PAH,KY,ASO,CE,Federal Contract Tower,0,20,16,3,39,0,0,24,1,25,0,20,40,4,64,0,0,0,64
05/24/2001,PAH,KY,ASO,CE,Federal Contract Tower,0,22,12,0,34,0,0,38,0,38,0,22,50,0,72,26,0,26,98
05/25/2001,PAH,KY,ASO,CE,Federal Contract Tower,0,19,5,0,24,0,0,31,0,31,0,19,36,0,55,34,0,34,89
05/26/2001,PAH,KY,ASO,CE,Federal Contract Tower,0,11,3,0,14,0,0,34,0,34,0,11,37,0,48,16,0,16,64
05/27/2001,PAH,KY,ASO,CE,Federal Contract Tower,0,12,5,0,17,0,0,23,0,23,0,12,28,0,40,10,0,10,50
05/28/2001,PAH,KY,ASO,CE,Federal Contract Tower,0,14,9,0,23,0,0,32,0,32,0,14,41,0,55,16,0,16,71
05/29/2001,PAH,KY,ASO,CE,Federal Contract Tower,0,20,15,0,35,0,3,17,0,20,0,23,32,0,55,12,0,12,67
05/30/2001,PAH,KY,ASO,CE,Federal Contract Tower,0,21,18,0,39,0,0,10,2,12,0,21,28,2,51,4,0,4,55
05/31/2001,PAH,KY,ASO,CE,Federal Contract Tower,0,18,18,0,36,0,0,14,0,14,0,18,32,0,50,6,0,6,56
06/01/2001,PAH,KY,ASO,CE,Federal Contract Tower,0,22,12,0,34,0,1,27,0,28,0,23,39,0,62,34,0,34,96
06/02/2001,PAH,KY,ASO,CE,Federal Contract Tower,0,12,6,0,18,0,0,21,0,21,0,12,27,0,39,32,0,32,71
06/03/2001,PAH,KY,ASO,CE,Federal Contract Tower,0,13,6,0,19,0,0,6,0,6,0,13,12,0,25,8,0,8,33
06/04/2001,PAH,KY,ASO,CE,Federal Contract Tower,0,19,12,0,31,0,2,10,0,12,0,21,22,0,43,4,0,4,47
06/05/2001,PAH,KY,ASO,CE,Federal Contract Tower,0,19,17,0,36,0,2,32,0,34,0,21,49,0,70,14,0,14,84
06/06/2001,PAH,KY,ASO,CE,Federal Contract Tower,0,25,20,2,47,0,1,19,2,22,0,26,39,4,69,20,0,20,89
06/07/2001,PAH,KY,ASO,CE,Federal Contract Tower,0,26,24,2,52,0,1,31,2,34,0,27,55,4,86,108,0,108,194
06/08/2001,PAH,KY,ASO,CE,Federal Contract Tower,0,21,14,0,35,0,4,48,0,52,0,25,62,0,87,50,0,50,137
06/09/2001,PAH,KY,ASO,CE,Federal Contract Tower,0,14,11,0,25,0,0,49,0,49,0,14,60,0,74,52,0,52,126
06/10/2001,PAH,KY,ASO,CE,Federal Contract Tower,0,15,4,0,19,0,0,47,0,47,0,15,51,0,66,90,0,90,156
06/11/2001,PAH,KY,ASO,CE,Federal Contract Tower,0,19,11,0,30,0,1,26,0,27,0,20,37,0,57,46,0,46,103
06/12/2001,PAH,KY,ASO,CE,Federal Contract Tower,0,21,8,4,33,0,2,27,0,29,0,23,35,4,62,56,2,58,120
06/13/2001,PAH,KY,ASO,CE,Federal Contract Tower,0,20,20,0,40,0,3,29,0,32,0,23,49,0,72,38,0,38,110
06/14/2001,PAH,KY,ASO,CE,Federal Contract Tower,0,19,14,0,33,0,2,42,0,44,0,21,56,0,77,28,0,28,105
06/15/2001,PAH,KY,ASO,CE,Federal Contract Tower,0,25,12,0,37,0,0,23,0,23,0,25,35,0,60,54,0,54,114
06/16/2001,PAH,KY,ASO,CE,Federal Contract Tower,0,12,9,0,21,0,1,48,0,49,0,13,57,0,70,4,0,4,74
06/17/2001,PAH,KY,ASO,CE,Federal Contract Tower,0,17,11,3,31,0,0,40,1,41,0,17,51,4,72,56,2,58,130
06/18/2001,PAH,KY,ASO,CE,Federal Contract Tower,0,22,8,0,30,0,4,29,0,33,0,26,37,0,63,12,0,12,75
06/19/2001,PAH,KY,ASO,CE,Federal Contract Tower,0,19,16,0,35,0,3,28,0,31,0,22,44,0,66,10,0,10,76
06/20/2001,PAH,KY,ASO,CE,Federal Contract Tower,0,22,7,0,29,0,0,14,0,14,0,22,21,0,43,4,0,4,47
06/21/2001,PAH,KY,ASO,CE,Federal Contract Tower,0,22,19,0,41,0,0,19,0,19,0,22,38,0,60,6,0,6,66
06/22/2001,PAH,KY,ASO,CE,Federal Contract Tower,0,24,18,2,44,0,3,19,2,24,0,27,37,4,68,18,0,18,86
06/23/2001,PAH,KY,ASO,CE,Federal Contract Tower,0,12,8,2,22,0,1,33,2,36,0,13,41,4,58,4,2,6,64
06/24/2001,PAH,KY,ASO,CE,Federal Contract Tower,0,14,6,0,20,0,0,26,0,26,0,14,32,0,46,8,0,8,54
06/25/2001,PAH,KY,ASO,CE,Federal Contract Tower,0,19,15,0,34,0,2,31,6,39,0,21,46,6,73,8,0,8,81
06/26/2001,PAH,KY,ASO,CE,Federal Contract Tower,0,21,20,0,41,0,4,30,2,36,0,25,50,2,77,28,0,28,105
06/27/2001,PAH,KY,ASO,CE,Federal Contract Tower,0,23,13,0,36,0,2,18,0,20,0,25,31,0,56,10,0,10,66
06/28/2001,PAH,KY,ASO,CE,Federal Contract Tower,0,22,17,0,39,0,2,29,0,31,0,24,46,0,70,12,0,12,82
06/29/2001,PAH,KY,ASO,CE,Federal Contract Tower,0,21,16,0,37,0,1,27,0,28,0,22,43,0,65,16,0,16,81
06/30/2001,PAH,KY,ASO,CE,Federal Contract Tower,0,12,10,0,22,0,4,36,0,40,0,16,46,0,62,40,0,40,102
07/01/2001,PAH,KY,ASO,CE,Federal Contract Tower,0,20,15,1,36,0,3,24,1,28,0,23,39,2,64,0,0,0,64
07/02/2001,PAH,KY,ASO,CE,Federal Contract Tower,0,20,7,0,27,0,0,25,2,27,0,20,32,2,54,0,0,0,54
07/03/2001,PAH,KY,ASO,CE,Federal Contract Tower,0,21,2,0,23,0,1,31,2,34,0,22,33,2,57,4,0,4,61
07/04/2001,PAH,KY,ASO,CE,Federal Contract Tower,0,13,2,0,15,0,0,24,0,24,0,13,26,0,39,12,0,12,51
07/05/2001,PAH,KY,ASO,CE,Federal Contract Tower,0,21,21,1,43,0,2,27,1,30,0,23,48,2,73,12,0,12,85
07/06/2001,PAH,KY,ASO,CE,Federal Contract Tower,0,20,7,2,29,0,8,51,0,59,0,28,58,2,88,18,0,18,106
07/07/2001,PAH,KY,ASO,CE,Federal Contract Tower,0,12,11,8,31,0,0,33,0,33,0,12,44,8,64,42,0,42,106
07/08/2001,PAH,KY,ASO,CE,Federal Contract Tower,0,16,1,0,17,0,0,19,0,19,0,16,20,0,36,76,0,76,112
07/09/2001,PAH,KY,ASO,CE,Federal Contract Tower,0,19,26,0,45,0,1,26,18,45,0,20,52,18,90,0,0,0,90
07/10/2001,PAH,KY,ASO,CE,Federal Contract Tower,0,20,16,0,36,0,2,24,0,26,0,22,40,0,62,20,0,20,82
07/11/2001,PAH,KY,ASO,CE,Federal Contract Tower,0,21,17,0,38,0,0,45,0,45,0,21,62,0,83,18,0,18,101
07/12/2001,PAH,KY,ASO,CE,Federal Contract Tower,0,21,9,2,32,0,1,17,2,20,0,22,26,4,52,14,0,14,66
07/13/2001,PAH,KY,ASO,CE,Federal Contract Tower,0,20,32,0,52,0,0,59,0,59,0,20,91,0,111,18,0,18,129
07/14/2001,PAH,KY,ASO,CE,Federal Contract Tower,0,12,5,0,17,0,0,31,0,31,0,12,36,0,48,40,0,40,88
07/15/2001,PAH,KY,ASO,CE,Federal Contract Tower,0,16,3,0,19,0,0,21,0,21,0,16,24,0,40,90,0,90,130
07/16/2001,PAH,KY,ASO,CE,Federal Contract Tower,0,22,9,0,31,0,3,37,0,40,0,25,46,0,71,0,0,0,71
07/17/2001,PAH,KY,ASO,CE,Federal Contract Tower,0,22,18,0,40,0,3,18,0,21,0,25,36,0,61,14,0,14,75
07/18/2001,PAH,KY,ASO,CE,Federal Contract Tower,0,17,25,0,42,0,0,21,0,21,0,17,46,0,63,12,0,12,75
07/19/2001,PAH,KY,ASO,CE,Federal Contract Tower,0,20,20,2,42,0,0,10,0,10,0,20,30,2,52,14,0,14,66
07/20/2001,PAH,KY,ASO,CE,Federal Contract Tower,0,20,10,3,33,0,5,19,0,24,0,25,29,3,57,0,10,10,67
07/21/2001,PAH,KY,ASO,CE,Federal Contract Tower,0,12,8,1,21,0,0,37,0,37,0,12,45,1,58,26,0,26,84
07/22/2001,PAH,KY,ASO,CE,Federal Contract Tower,0,12,7,0,19,0,0,20,4,24,0,12,27,4,43,6,4,10,53
07/23/2001,PAH,KY,ASO,CE,Federal Contract Tower,0,21,14,1,36,0,2,25,1,28,0,23,39,2,64,2,0,2,66
07/24/2001,PAH,KY,ASO,CE,Federal Contract Tower,0,20,21,0,41,0,1,10,0,11,0,21,31,0,52,4,0,4,56
07/25/2001,PAH,KY,ASO,CE,Federal Contract Tower,0,25,33,0,58,0,0,21,0,21,0,25,54,0,79,6,0,6,85
07/26/2001,PAH,KY,ASO,CE,Federal Contract Tower,0,19,18,0,37,0,2,7,0,9,0,21,25,0,46,14,0,14,60
07/27/2001,PAH,KY,ASO,CE,Federal Contract Tower,0,22,9,1,32,0,1,9,1,11,0,23,18,2,43,20,0,20,63
07/28/2001,PAH,KY,ASO,CE,Federal Contract Tower,0,12,6,1,19,0,0,9,0,9,0,12,15,1,28,2,0,2,30
07/29/2001,PAH,KY,ASO,CE,Federal Contract Tower,0,14,13,0,27,0,0,13,0,13,0,14,26,0,40,0,0,0,40
07/30/2001,PAH,KY,ASO,CE,Federal Contract Tower,0,22,15,2,39,0,1,33,0,34,0,23,48,2,73,42,0,42,115
07/31/2001,PAH,KY,ASO,CE,Federal Contract Tower,0,22,13,2,37,0,1,49,0,50,0,23,62,2,87,20,0,20,107
08/01/2001,PAH,KY,ASO,CE,Federal Contract Tower,0,19,23,4,46,0,0,41,2,43,0,19,64,6,89,16,0,16,105
08/02/2001,PAH,KY,ASO,CE,Federal Contract Tower,0,23,17,1,41,0,0,40,0,40,0,23,57,1,81,12,0,12,93
08/03/2001,PAH,KY,ASO,CE,Federal Contract Tower,0,20,16,4,40,0,0,12,0,12,0,20,28,4,52,56,0,56,108
08/04/2001,PAH,KY,ASO,CE,Federal Contract Tower,0,12,6,0,18,0,0,25,0,25,0,12,31,0,43,20,0,20,63
08/05/2001,PAH,KY,ASO,CE,Federal Contract Tower,0,14,6,2,22,0,0,27,0,27,0,14,33,2,49,34,0,34,83
08/06/2001,PAH,KY,ASO,CE,Federal Contract Tower,0,21,17,2,40,0,0,22,0,22,0,21,39,2,62,10,0,10,72
08/07/2001,PAH,KY,ASO,CE,Federal Contract Tower,0,24,19,2,45,0,1,23,2,26,0,25,42,4,71,42,0,42,113
08/08/2001,PAH,KY,ASO,CE,Federal Contract Tower,0,19,26,0,45,0,1,22,0,23,0,20,48,0,68,8,0,8,76
08/09/2001,PAH,KY,ASO,CE,Federal Contract Tower,0,20,21,1,42,0,1,27,1,29,0,21,48,2,71,24,0,24,95
08/10/2001,PAH,KY,ASO,CE,Federal Contract Tower,0,20,11,0,31,0,2,11,0,13,0,22,22,0,44,20,0,20,64
08/11/2001,PAH,KY,ASO,CE,Federal Contract Tower,0,12,11,0,23,0,0,16,2,18,0,12,27,2,41,0,0,0,41
08/12/2001,PAH,KY,ASO,CE,Federal Contract Tower,0,20,4,0,24,0,0,22,0,22,0,20,26,0,46,37,0,37,83
08/13/2001,PAH,KY,ASO,CE,Federal Contract Tower,0,22,15,4,41,0,1,33,2,36,0,23,48,6,77,22,0,22,99
08/14/2001,PAH,KY,ASO,CE,Federal Contract Tower,0,22,21,2,45,0,3,56,0,59,0,25,77,2,104,16,0,16,120
08/15/2001,PAH,KY,ASO,CE,Federal Contract Tower,0,23,20,1,44,0,0,31,1,32,0,23,51,2,76,14,0,14,90
08/16/2001,PAH,KY,ASO,CE,Federal Contract Tower,0,23,16,0,39,0,0,23,0,23,0,23,39,0,62,58,0,58,120
08/17/2001,PAH,KY,ASO,CE,Federal Contract Tower,0,22,12,0,34,0,2,20,0,22,0,24,32,0,56,32,0,32,88
08/18/2001,PAH,KY,ASO,CE,Federal Contract Tower,0,12,2,0,14,0,0,23,0,23,0,12,25,0,37,16,0,16,53
08/19/2001,PAH,KY,ASO,CE,Federal Contract Tower,0,14,7,0,21,0,0,29,2,31,0,14,36,2,52,40,0,40,92
08/20/2001,PAH,KY,ASO,CE,Federal Contract Tower,0,20,16,2,38,0,2,25,4,31,0,22,41,6,69,16,4,20,89
08/21/2001,PAH,KY,ASO,CE,Federal Contract Tower,0,22,15,0,37,0,4,43,0,47,0,26,58,0,84,34,0,34,118
08/22/2001,PAH,KY,ASO,CE,Federal Contract Tower,0,20,8,0,28,0,1,32,0,33,0,21,40,0,61,30,0,30,91
08/23/2001,PAH,KY,ASO,CE,Federal Contract Tower,0,22,25,0,47,0,0,29,0,29,0,22,54,0,76,44,0,44,120
08/24/2001,PAH,KY,ASO,CE,Federal Contract Tower,0,20,11,3,34,0,0,16,5,21,0,20,27,8,55,8,2,10,65
08/25/2001,PAH,KY,ASO,CE,Federal Contract Tower,0,18,5,0,23,0,0,13,0,13,0,18,18,0,36,72,0,72,108
08/26/2001,PAH,KY,ASO,CE,Federal Contract Tower,0,15,8,0,23,0,0,16,0,16,0,15,24,0,39,50,0,50,89
08/27/2001,PAH,KY,ASO,CE,Federal Contract Tower,0,21,11,2,34,0,1,20,2,23,0,22,31,4,57,6,0,6,63
08/28/2001,PAH,KY,ASO,CE,Federal Contract Tower,0,23,9,0,32,0,2,34,4,40,0,25,43,4,72,12,0,12,84
08/29/2001,PAH,KY,ASO,CE,Federal Contract Tower,0,21,30,2,53,0,0,67,0,67,0,21,97,2,120,40,0,40,160
08/30/2001,PAH,KY,ASO,CE,Federal Contract Tower,0,18,17,0,35,0,1,18,0,19,0,19,35,0,54,16,0,16,70
08/31/2001,PAH,KY,ASO,CE,Federal Contract Tower,0,21,11,0,32,0,0,4,0,4,0,21,15,0,36,0,0,0,36
09/01/2001,PAH,KY,ASO,CE,Federal Contract Tower,0,13,10,0,23,0,1,21,0,22,0,14,31,0,45,10,0,10,55
09/02/2001,PAH,KY,ASO,CE,Federal Contract Tower,0,16,12,0,28,0,1,18,0,19,0,17,30,0,47,16,0,16,63
09/03/2001,PAH,KY,ASO,CE,Federal Contract Tower,0,13,14,0,27,0,0,26,6,32,0,13,40,6,59,22,0,22,81
09/04/2001,PAH,KY,ASO,CE,Federal Contract Tower,0,22,20,0,42,0,0,27,0,27,0,22,47,0,69,12,0,12,81
09/05/2001,PAH,KY,ASO,CE,Federal Contract Tower,0,19,14,0,33,0,10,36,0,46,0,29,50,0,79,22,0,22,101
09/06/2001,PAH,KY,ASO,CE,Federal Contract Tower,0,11,8,0,19,0,9,43,0,52,0,20,51,0,71,40,0,40,111
09/07/2001,PAH,KY,ASO,CE,Federal Contract Tower,0,14,11,0,25,0,9,9,2,20,0,23,20,2,45,0,0,0,45
09/08/2001,PAH,KY,ASO,CE,Federal Contract Tower,0,14,11,0,25,0,0,10,0,10,0,14,21,0,35,20,0,20,55
09/09/2001,PAH,KY,ASO,CE,Federal Contract Tower,0,13,17,0,30,0,0,15,0,15,0,13,32,0,45,50,0,50,95
09/10/2001,PAH,KY,ASO,CE,Federal Contract Tower,0,17,14,0,31,0,11,30,0,41,0,28,44,0,72,16,0,16,88
09/11/2001,PAH,KY,ASO,CE,Federal Contract Tower,0,4,12,0,16,0,0,0,0,0,0,4,12,0,16,0,0,0,16
09/12/2001,PAH,KY,ASO,CE,Federal Contract Tower,0,0,0,0,0,0,0,0,0,0,0,0,0,0,0,0,0,0,0
09/13/2001,PAH,KY,ASO,CE,Federal Contract Tower,0,8,0,0,8,0,0,0,0,0,0,8,0,0,8,0,0,0,8
09/14/2001,PAH,KY,ASO,CE,Federal Contract Tower,0,22,5,0,27,0,1,0,0,1,0,23,5,0,28,0,0,0,28
09/15/2001,PAH,KY,ASO,CE,Federal Contract Tower,0,12,13,0,25,0,0,0,0,0,0,12,13,0,25,0,0,0,25
09/16/2001,PAH,KY,ASO,CE,Federal Contract Tower,0,13,7,0,20,0,0,0,0,0,0,13,7,0,20,0,0,0,20
09/17/2001,PAH,KY,ASO,CE,Federal Contract Tower,0,16,13,0,29,0,5,10,0,15,0,21,23,0,44,0,0,0,44
09/18/2001,PAH,KY,ASO,CE,Federal Contract Tower,0,20,13,0,33,0,0,0,0,0,0,20,13,0,33,0,0,0,33
09/19/2001,PAH,KY,ASO,CE,Federal Contract Tower,0,25,15,0,40,0,1,0,0,1,0,26,15,0,41,0,0,0,41
09/20/2001,PAH,KY,ASO,CE,Federal Contract Tower,0,10,7,0,17,0,15,31,0,46,0,25,38,0,63,2,0,2,65
09/21/2001,PAH,KY,ASO,CE,Federal Contract Tower,0,17,12,0,29,0,4,18,0,22,0,21,30,0,51,12,0,12,63
09/22/2001,PAH,KY,ASO,CE,Federal Contract Tower,0,11,16,0,27,0,0,19,0,19,0,11,35,0,46,24,0,24,70
09/23/2001,PAH,KY,ASO,CE,Federal Contract Tower,0,11,13,0,24,0,0,16,0,16,0,11,29,0,40,28,0,28,68
09/24/2001,PAH,KY,ASO,CE,Federal Contract Tower,0,14,9,0,23,0,5,14,0,19,0,19,23,0,42,8,0,8,50
09/25/2001,PAH,KY,ASO,CE,Federal Contract Tower,0,16,12,0,28,0,1,31,0,32,0,17,43,0,60,24,0,24,84
09/26/2001,PAH,KY,ASO,CE,Federal Contract Tower,0,18,13,0,31,2,0,42,0,44,2,18,55,0,75,26,0,26,101
09/27/2001,PAH,KY,ASO,CE,Federal Contract Tower,0,12,8,0,20,0,11,59,0,70,0,23,67,0,90,36,0,36,126
09/28/2001,PAH,KY,ASO,CE,Federal Contract Tower,0,14,10,0,24,0,4,52,0,56,0,18,62,0,80,36,0,36,116
09/29/2001,PAH,KY,ASO,CE,Federal Contract Tower,0,11,12,0,23,0,0,30,0,30,0,11,42,0,53,8,0,8,61
09/30/2001,PAH,KY,ASO,CE,Federal Contract Tower,0,11,11,0,22,0,0,59,0,59,0,11,70,0,81,40,0,40,121
10/01/2001,PAH,KY,ASO,CE,Federal Contract Tower,0,18,6,0,24,0,0,16,0,16,0,18,22,0,40,36,0,36,76
10/02/2001,PAH,KY,ASO,CE,Federal Contract Tower,0,21,8,0,29,0,0,22,0,22,0,21,30,0,51,8,0,8,59
10/03/2001,PAH,KY,ASO,CE,Federal Contract Tower,0,19,15,0,34,0,0,23,0,23,0,19,38,0,57,10,0,10,67
10/04/2001,PAH,KY,ASO,CE,Federal Contract Tower,0,18,29,0,47,0,1,35,0,36,0,19,64,0,83,12,0,12,95
10/05/2001,PAH,KY,ASO,CE,Federal Contract Tower,0,20,14,0,34,0,0,7,0,7,0,20,21,0,41,2,0,2,43
10/06/2001,PAH,KY,ASO,CE,Federal Contract Tower,0,9,11,0,20,0,0,49,0,49,0,9,60,0,69,14,0,14,83
10/07/2001,PAH,KY,ASO,CE,Federal Contract Tower,0,13,13,0,26,0,1,24,0,25,0,14,37,0,51,2,0,2,53
10/08/2001,PAH,KY,ASO,CE,Federal Contract Tower,0,16,10,0,26,0,0,11,0,11,0,16,21,0,37,28,0,28,65
10/09/2001,PAH,KY,ASO,CE,Federal Contract Tower,0,18,20,0,38,0,5,19,0,24,0,23,39,0,62,8,0,8,70
10/10/2001,PAH,KY,ASO,CE,Federal Contract Tower,0,21,10,0,31,0,0,8,0,8,0,21,18,0,39,10,0,10,49
10/11/2001,PAH,KY,ASO,CE,Federal Contract Tower,0,18,19,0,37,0,0,1,0,1,0,18,20,0,38,0,0,0,38
10/12/2001,PAH,KY,ASO,CE,Federal Contract Tower,0,14,10,0,24,0,4,26,0,30,0,18,36,0,54,0,0,0,54
10/13/2001,PAH,KY,ASO,CE,Federal Contract Tower,0,10,7,0,17,0,0,4,0,4,0,10,11,0,21,2,0,2,23
10/14/2001,PAH,KY,ASO,CE,Federal Contract Tower,0,13,15,0,28,0,0,14,0,14,0,13,29,0,42,20,0,20,62
10/15/2001,PAH,KY,ASO,CE,Federal Contract Tower,0,20,12,0,32,0,0,28,0,28,0,20,40,0,60,8,0,8,68
10/16/2001,PAH,KY,ASO,CE,Federal Contract Tower,0,17,12,0,29,0,1,23,0,24,0,18,35,0,53,0,0,0,53
10/17/2001,PAH,KY,ASO,CE,Federal Contract Tower,0,17,12,0,29,0,2,58,0,60,0,19,70,0,89,8,0,8,97
10/18/2001,PAH,KY,ASO,CE,Federal Contract Tower,0,21,20,0,41,0,2,35,0,37,0,23,55,0,78,6,0,6,84
10/19/2001,PAH,KY,ASO,CE,Federal Contract Tower,0,21,24,0,45,0,0,18,0,18,0,21,42,0,63,36,0,36,99
10/20/2001,PAH,KY,ASO,CE,Federal Contract Tower,0,11,7,0,18,0,0,38,0,38,0,11,45,0,56,6,0,6,62
10/21/2001,PAH,KY,ASO,CE,Federal Contract Tower,0,13,17,0,30,0,0,34,0,34,0,13,51,0,64,16,0,16,80
10/22/2001,PAH,KY,ASO,CE,Federal Contract Tower,0,22,16,0,38,0,0,13,0,13,0,22,29,0,51,30,0,30,81
10/23/2001,PAH,KY,ASO,CE,Federal Contract Tower,0,20,11,0,31,0,0,5,0,5,0,20,16,0,36,0,0,0,36
10/24/2001,PAH,KY,ASO,CE,Federal Contract Tower,0,12,11,0,23,0,0,2,0,2,0,12,13,0,25,0,0,0,25
10/25/2001,PAH,KY,ASO,CE,Federal Contract Tower,0,18,8,2,28,0,2,25,0,27,0,20,33,2,55,4,0,4,59
10/26/2001,PAH,KY,ASO,CE,Federal Contract Tower,2,19,8,0,29,0,0,15,0,15,2,19,23,0,44,8,0,8,52
10/27/2001,PAH,KY,ASO,CE,Federal Contract Tower,2,12,6,0,20,0,1,32,0,33,2,13,38,0,53,6,0,6,59
10/28/2001,PAH,KY,ASO,CE,Federal Contract Tower,0,12,12,0,24,0,0,49,0,49,0,12,61,0,73,32,0,32,105
10/29/2001,PAH,KY,ASO,CE,Federal Contract Tower,0,20,5,3,28,0,1,34,5,40,0,21,39,8,68,14,0,14,82
10/30/2001,PAH,KY,ASO,CE,Federal Contract Tower,4,20,3,0,27,0,0,29,0,29,4,20,32,0,56,0,0,0,56
10/31/2001,PAH,KY,ASO,CE,Federal Contract Tower,0,20,0,2,22,0,5,0,2,7,0,25,0,4,29,0,0,0,29
11/01/2001,PAH,KY,ASO,CE,Federal Contract Tower,0,26,0,2,28,0,2,0,2,4,0,28,0,4,32,0,2,2,34
11/02/2001,PAH,KY,ASO,CE,Federal Contract Tower,0,20,0,0,20,0,0,0,0,0,0,20,0,0,20,0,0,0,20
11/03/2001,PAH,KY,ASO,CE,Federal Contract Tower,0,13,0,2,15,0,0,0,2,2,0,13,0,4,17,0,0,0,17
11/04/2001,PAH,KY,ASO,CE,Federal Contract Tower,0,12,0,0,12,0,0,0,0,0,0,12,0,0,12,0,0,0,12
11/05/2001,PAH,KY,ASO,CE,Federal Contract Tower,0,0,0,0,0,0,27,0,4,31,0,27,0,4,31,0,0,0,31
11/06/2001,PAH,KY,ASO,CE,Federal Contract Tower,0,0,0,0,0,0,27,0,2,29,0,27,0,2,29,0,0,0,29
11/07/2001,PAH,KY,ASO,CE,Federal Contract Tower,0,24,16,6,46,0,0,34,8,42,0,24,50,14,88,2,0,2,90
11/08/2001,PAH,KY,ASO,CE,Federal Contract Tower,0,27,12,0,39,0,1,17,0,18,0,28,29,0,57,6,0,6,63
11/09/2001,PAH,KY,ASO,CE,Federal Contract Tower,0,18,15,0,33,0,0,35,0,35,0,18,50,0,68,42,0,42,110
11/10/2001,PAH,KY,ASO,CE,Federal Contract Tower,0,14,11,0,25,0,0,15,0,15,0,14,26,0,40,20,0,20,60
11/11/2001,PAH,KY,ASO,CE,Federal Contract Tower,0,16,7,0,23,0,0,48,0,48,0,16,55,0,71,40,0,40,111
11/12/2001,PAH,KY,ASO,CE,Federal Contract Tower,0,19,7,2,28,0,0,16,2,18,0,19,23,4,46,4,0,4,50
11/13/2001,PAH,KY,ASO,CE,Federal Contract Tower,0,21,13,0,34,0,3,18,0,21,0,24,31,0,55,0,0,0,55
11/14/2001,PAH,KY,ASO,CE,Federal Contract Tower,0,24,18,0,42,0,1,23,0,24,0,25,41,0,66,20,0,20,86
11/15/2001,PAH,KY,ASO,CE,Federal Contract Tower,0,27,20,0,47,0,2,32,0,34,0,29,52,0,81,2,0,2,83
11/16/2001,PAH,KY,ASO,CE,Federal Contract Tower,0,18,15,2,35,0,2,49,0,51,0,20,64,2,86,28,2,30,116
11/17/2001,PAH,KY,ASO,CE,Federal Contract Tower,0,12,8,0,20,0,0,33,0,33,0,12,41,0,53,12,0,12,65
11/18/2001,PAH,KY,ASO,CE,Federal Contract Tower,0,12,13,0,25,0,0,22,0,22,0,12,35,0,47,6,0,6,53
11/19/2001,PAH,KY,ASO,CE,Federal Contract Tower,0,18,8,0,26,0,2,4,0,6,0,20,12,0,32,0,0,0,32
11/20/2001,PAH,KY,ASO,CE,Federal Contract Tower,0,26,11,1,38,0,0,38,1,39,0,26,49,2,77,28,0,28,105
11/21/2001,PAH,KY,ASO,CE,Federal Contract Tower,0,15,16,0,31,0,5,31,0,36,0,20,47,0,67,8,0,8,75
11/22/2001,PAH,KY,ASO,CE,Federal Contract Tower,0,9,13,0,22,0,0,16,0,16,0,9,29,0,38,4,0,4,42
11/23/2001,PAH,KY,ASO,CE,Federal Contract Tower,0,12,6,0,18,0,0,8,0,8,0,12,14,0,26,8,0,8,34
11/24/2001,PAH,KY,ASO,CE,Federal Contract Tower,0,14,0,0,14,0,0,7,0,7,0,14,7,0,21,6,0,6,27
11/25/2001,PAH,KY,ASO,CE,Federal Contract Tower,0,14,17,0,31,0,0,35,0,35,0,14,52,0,66,22,0,22,88
11/26/2001,PAH,KY,ASO,CE,Federal Contract Tower,0,21,4,0,25,0,1,12,0,13,0,22,16,0,38,0,0,0,38
11/27/2001,PAH,KY,ASO,CE,Federal Contract Tower,0,23,11,0,34,0,0,16,0,16,0,23,27,0,50,0,0,0,50
11/28/2001,PAH,KY,ASO,CE,Federal Contract Tower,0,18,20,0,38,0,0,0,0,0,0,18,20,0,38,0,0,0,38
11/29/2001,PAH,KY,ASO,CE,Federal Contract Tower,0,17,12,0,29,0,0,0,0,0,0,17,12,0,29,0,0,0,29
11/30/2001,PAH,KY,ASO,CE,Federal Contract Tower,0,22,9,0,31,0,2,19,0,21,0,24,28,0,52,8,0,8,60
12/01/2001,PAH,KY,ASO,CE,Federal Contract Tower,0,12,11,0,23,0,0,40,0,40,0,12,51,0,63,48,0,48,111
12/02/2001,PAH,KY,ASO,CE,Federal Contract Tower,0,12,14,0,26,0,0,25,0,25,0,12,39,0,51,22,0,22,73
12/03/2001,PAH,KY,ASO,CE,Federal Contract Tower,0,22,13,0,35,0,1,45,0,46,0,23,58,0,81,8,0,8,89
12/04/2001,PAH,KY,ASO,CE,Federal Contract Tower,0,19,15,0,34,0,3,27,0,30,0,22,42,0,64,4,0,4,68
12/05/2001,PAH,KY,ASO,CE,Federal Contract Tower,0,16,19,2,37,0,1,21,2,24,0,17,40,4,61,2,0,2,63
12/06/2001,PAH,KY,ASO,CE,Federal Contract Tower,0,19,26,0,45,0,0,1,0,1,0,19,27,0,46,0,0,0,46
12/07/2001,PAH,KY,ASO,CE,Federal Contract Tower,0,19,11,0,30,0,0,10,0,10,0,19,21,0,40,10,0,10,50
12/08/2001,PAH,KY,ASO,CE,Federal Contract Tower,0,14,10,0,24,0,0,1,0,1,0,14,11,0,25,0,0,0,25
12/09/2001,PAH,KY,ASO,CE,Federal Contract Tower,0,10,8,0,18,0,0,24,0,24,0,10,32,0,42,24,0,24,66
12/10/2001,PAH,KY,ASO,CE,Federal Contract Tower,0,16,9,3,28,0,2,40,1,43,0,18,49,4,71,4,2,6,77
12/11/2001,PAH,KY,ASO,CE,Federal Contract Tower,0,16,22,0,38,0,2,28,0,30,0,18,50,0,68,8,0,8,76
12/12/2001,PAH,KY,ASO,CE,Federal Contract Tower,0,19,15,0,34,0,0,3,0,3,0,19,18,0,37,0,0,0,37
12/13/2001,PAH,KY,ASO,CE,Federal Contract Tower,0,19,25,0,44,0,0,11,0,11,0,19,36,0,55,4,0,4,59
12/14/2001,PAH,KY,ASO,CE,Federal Contract Tower,0,21,26,0,47,0,0,15,0,15,0,21,41,0,62,0,0,0,62
12/15/2001,PAH,KY,ASO,CE,Federal Contract Tower,0,10,7,0,17,0,0,26,0,26,0,10,33,0,43,6,0,6,49
12/16/2001,PAH,KY,ASO,CE,Federal Contract Tower,0,10,7,0,17,0,0,0,0,0,0,10,7,0,17,0,0,0,17
12/17/2001,PAH,KY,ASO,CE,Federal Contract Tower,0,20,7,0,27,0,2,0,0,2,0,22,7,0,29,0,0,0,29
12/18/2001,PAH,KY,ASO,CE,Federal Contract Tower,0,18,19,0,37,0,0,52,2,54,0,18,71,2,91,6,0,6,97
12/19/2001,PAH,KY,ASO,CE,Federal Contract Tower,0,16,10,0,26,0,0,21,3,24,0,16,31,3,50,4,0,4,54
12/20/2001,PAH,KY,ASO,CE,Federal Contract Tower,0,21,10,0,31,0,3,27,0,30,0,24,37,0,61,8,0,8,69
12/21/2001,PAH,KY,ASO,CE,Federal Contract Tower,0,19,5,0,24,0,2,34,0,36,0,21,39,0,60,12,0,12,72
12/22/2001,PAH,KY,ASO,CE,Federal Contract Tower,0,12,11,0,23,0,0,33,0,33,0,12,44,0,56,12,0,12,68
12/23/2001,PAH,KY,ASO,CE,Federal Contract Tower,0,12,2,0,14,0,0,23,0,23,0,12,25,0,37,8,0,8,45
12/24/2001,PAH,KY,ASO,CE,Federal Contract Tower,0,18,5,0,23,0,0,22,0,22,0,18,27,0,45,4,0,4,49
12/25/2001,PAH,KY,ASO,CE,Federal Contract Tower,0,12,0,0,12,0,2,9,0,11,0,14,9,0,23,18,0,18,41
12/26/2001,PAH,KY,ASO,CE,Federal Contract Tower,0,18,15,0,33,0,2,15,0,17,0,20,30,0,50,8,0,8,58
12/27/2001,PAH,KY,ASO,CE,Federal Contract Tower,0,17,12,0,29,0,1,15,0,16,0,18,27,0,45,4,0,4,49
12/28/2001,PAH,KY,ASO,CE,Federal Contract Tower,0,18,11,0,29,0,0,16,0,16,0,18,27,0,45,4,0,4,49
12/29/2001,PAH,KY,ASO,CE,Federal Contract Tower,0,12,11,0,23,0,0,19,0,19,0,12,30,0,42,32,0,32,74
12/30/2001,PAH,KY,ASO,CE,Federal Contract Tower,0,10,10,0,20,0,0,23,0,23,0,10,33,0,43,62,0,62,105
12/31/2001,PAH,KY,ASO,CE,Federal Contract Tower,0,15,5,0,20,0,0,13,0,13,0,15,18,0,33,6,0,6,39
01/01/2002,PAH,KY,ASO,CE,Federal Contract Tower,0,10,5,0,15,0,1,13,0,14,0,11,18,0,29,14,0,14,43
01/02/2002,PAH,KY,ASO,CE,Federal Contract Tower,0,19,10,0,29,0,3,19,0,22,0,22,29,0,51,14,0,14,65
01/03/2002,PAH,KY,ASO,CE,Federal Contract Tower,0,14,17,0,31,0,2,22,0,24,0,16,39,0,55,28,0,28,83
01/04/2002,PAH,KY,ASO,CE,Federal Contract Tower,0,20,13,0,33,0,3,21,0,24,0,23,34,0,57,0,0,0,57
01/05/2002,PAH,KY,ASO,CE,Federal Contract Tower,0,13,8,0,21,0,1,17,0,18,0,14,25,0,39,0,0,0,39
01/06/2002,PAH,KY,ASO,CE,Federal Contract Tower,0,9,3,0,12,0,1,0,0,1,0,10,3,0,13,0,0,0,13
01/07/2002,PAH,KY,ASO,CE,Federal Contract Tower,0,20,12,1,33,0,3,16,3,22,0,23,28,4,55,4,0,4,59
01/08/2002,PAH,KY,ASO,CE,Federal Contract Tower,0,19,5,0,24,0,3,32,0,35,0,22,37,0,59,18,0,18,77
01/09/2002,PAH,KY,ASO,CE,Federal Contract Tower,0,20,15,2,37,0,2,23,0,25,0,22,38,2,62,0,0,0,62
01/10/2002,PAH,KY,ASO,CE,Federal Contract Tower,0,21,18,0,39,0,4,11,0,15,0,25,29,0,54,0,0,0,54
01/11/2002,PAH,KY,ASO,CE,Federal Contract Tower,0,18,12,0,30,0,0,37,0,37,0,18,49,0,67,4,0,4,71
01/12/2002,PAH,KY,ASO,CE,Federal Contract Tower,0,12,8,0,20,0,0,24,0,24,0,12,32,0,44,46,0,46,90
01/13/2002,PAH,KY,ASO,CE,Federal Contract Tower,0,10,5,2,17,0,0,14,2,16,0,10,19,4,33,26,0,26,59
01/14/2002,PAH,KY,ASO,CE,Federal Contract Tower,2,16,10,1,29,0,7,14,1,22,2,23,24,2,51,0,6,6,57
01/15/2002,PAH,KY,ASO,CE,Federal Contract Tower,0,18,11,0,29,0,2,29,3,34,0,20,40,3,63,22,14,36,99
01/16/2002,PAH,KY,ASO,CE,Federal Contract Tower,0,16,21,0,37,0,2,39,0,41,0,18,60,0,78,8,0,8,86
01/17/2002,PAH,KY,ASO,CE,Federal Contract Tower,0,17,15,0,32,0,0,14,0,14,0,17,29,0,46,6,0,6,52
01/18/2002,PAH,KY,ASO,CE,Federal Contract Tower,0,20,16,2,38,0,0,20,2,22,0,20,36,4,60,32,8,40,100
01/19/2002,PAH,KY,ASO,CE,Federal Contract Tower,0,10,0,0,10,0,0,0,0,0,0,10,0,0,10,0,0,0,10
01/20/2002,PAH,KY,ASO,CE,Federal Contract Tower,0,13,8,0,21,0,0,7,0,7,0,13,15,0,28,30,0,30,58
01/21/2002,PAH,KY,ASO,CE,Federal Contract Tower,0,16,5,0,21,0,2,6,2,10,0,18,11,2,31,0,0,0,31
01/22/2002,PAH,KY,ASO,CE,Federal Contract Tower,4,18,23,2,47,0,4,25,1,30,4,22,48,3,77,14,0,14,91
01/23/2002,PAH,KY,ASO,CE,Federal Contract Tower,0,20,17,0,37,4,0,31,5,40,4,20,48,5,77,14,0,14,91
01/24/2002,PAH,KY,ASO,CE,Federal Contract Tower,0,18,18,0,36,0,0,9,0,9,0,18,27,0,45,0,0,0,45
01/25/2002,PAH,KY,ASO,CE,Federal Contract Tower,0,19,6,0,25,0,0,27,0,27,0,19,33,0,52,14,0,14,66
01/26/2002,PAH,KY,ASO,CE,Federal Contract Tower,0,11,8,0,19,0,0,46,0,46,0,11,54,0,65,40,0,40,105
01/27/2002,PAH,KY,ASO,CE,Federal Contract Tower,0,10,8,2,20,0,0,37,0,37,0,10,45,2,57,26,12,38,95
01/28/2002,PAH,KY,ASO,CE,Federal Contract Tower,0,16,25,4,45,0,2,22,0,24,0,18,47,4,69,6,0,6,75
01/29/2002,PAH,KY,ASO,CE,Federal Contract Tower,0,22,12,0,34,0,0,4,0,4,0,22,16,0,38,20,0,20,58
01/30/2002,PAH,KY,ASO,CE,Federal Contract Tower,4,21,20,0,45,0,0,0,0,0,4,21,20,0,45,0,0,0,45
01/31/2002,PAH,KY,ASO,CE,Federal Contract Tower,0,21,18,0,39,0,0,7,0,7,0,21,25,0,46,0,0,0,46
02/01/2002,PAH,KY,ASO,CE,Federal Contract Tower,0,19,11,0,30,0,3,9,0,12,0,22,20,0,42,0,0,0,42
02/02/2002,PAH,KY,ASO,CE,Federal Contract Tower,0,9,8,0,17,0,1,41,0,42,0,10,49,0,59,14,0,14,73
02/03/2002,PAH,KY,ASO,CE,Federal Contract Tower,0,10,8,0,18,0,1,40,0,41,0,11,48,0,59,28,0,28,87
02/04/2002,PAH,KY,ASO,CE,Federal Contract Tower,0,19,10,0,29,0,3,33,0,36,0,22,43,0,65,30,0,30,95
02/05/2002,PAH,KY,ASO,CE,Federal Contract Tower,0,18,14,0,32,0,3,33,0,36,0,21,47,0,68,4,0,4,72
02/06/2002,PAH,KY,ASO,CE,Federal Contract Tower,0,25,2,0,27,0,0,9,0,9,0,25,11,0,36,4,0,4,40
02/07/2002,PAH,KY,ASO,CE,Federal Contract Tower,0,18,15,5,38,0,2,19,3,24,0,20,34,8,62,20,0,20,82
02/08/2002,PAH,KY,ASO,CE,Federal Contract Tower,0,23,13,2,38,0,2,18,2,22,0,25,31,4,60,0,0,0,60
02/09/2002,PAH,KY,ASO,CE,Federal Contract Tower,0,10,4,0,14,0,0,31,0,31,0,10,35,0,45,8,0,8,53
02/10/2002,PAH,KY,ASO,CE,Federal Contract Tower,0,12,11,0,23,0,0,6,0,6,0,12,17,0,29,0,0,0,29
02/11/2002,PAH,KY,ASO,CE,Federal Contract Tower,0,16,18,3,37,0,2,17,1,20,0,18,35,4,57,28,0,28,85
02/12/2002,PAH,KY,ASO,CE,Federal Contract Tower,0,19,10,0,29,0,2,43,0,45,0,21,53,0,74,18,0,18,92
02/13/2002,PAH,KY,ASO,CE,Federal Contract Tower,0,16,14,0,30,0,0,23,4,27,0,16,37,4,57,4,0,4,61
02/14/2002,PAH,KY,ASO,CE,Federal Contract Tower,0,18,8,0,26,0,2,36,0,38,0,20,44,0,64,8,0,8,72
02/15/2002,PAH,KY,ASO,CE,Federal Contract Tower,0,16,17,0,33,0,1,25,0,26,0,17,42,0,59,26,0,26,85
02/16/2002,PAH,KY,ASO,CE,Federal Contract Tower,0,11,10,0,21,0,0,23,0,23,0,11,33,0,44,8,0,8,52
02/17/2002,PAH,KY,ASO,CE,Federal Contract Tower,0,11,13,0,24,0,0,34,0,34,0,11,47,0,58,26,0,26,84
02/18/2002,PAH,KY,ASO,CE,Federal Contract Tower,0,14,20,1,35,0,2,33,1,36,0,16,53,2,71,16,0,16,87
02/19/2002,PAH,KY,ASO,CE,Federal Contract Tower,0,19,16,0,35,0,0,5,0,5,0,19,21,0,40,0,0,0,40
02/20/2002,PAH,KY,ASO,CE,Federal Contract Tower,0,18,15,3,36,0,1,10,3,14,0,19,25,6,50,0,0,0,50
02/21/2002,PAH,KY,ASO,CE,Federal Contract Tower,0,20,14,4,38,0,0,30,0,30,0,20,44,4,68,0,0,0,68
02/22/2002,PAH,KY,ASO,CE,Federal Contract Tower,0,20,16,0,36,0,0,45,0,45,0,20,61,0,81,0,0,0,81
02/23/2002,PAH,KY,ASO,CE,Federal Contract Tower,0,10,22,0,32,0,0,51,0,51,0,10,73,0,83,34,0,34,117
02/24/2002,PAH,KY,ASO,CE,Federal Contract Tower,0,13,2,0,15,0,0,26,0,26,0,13,28,0,41,50,0,50,91
02/25/2002,PAH,KY,ASO,CE,Federal Contract Tower,0,17,13,0,30,0,0,8,0,8,0,17,21,0,38,0,0,0,38
02/26/2002,PAH,KY,ASO,CE,Federal Contract Tower,0,21,8,0,29,0,0,5,0,5,0,21,13,0,34,2,0,2,36
02/27/2002,PAH,KY,ASO,CE,Federal Contract Tower,0,23,14,0,37,0,2,25,0,27,0,25,39,0,64,18,0,18,82
02/28/2002,PAH,KY,ASO,CE,Federal Contract Tower,0,16,19,0,35,0,2,43,0,45,0,18,62,0,80,10,0,10,90
03/01/2002,PAH,KY,ASO,CE,Federal Contract Tower,0,17,13,0,30,0,2,20,0,22,0,19,33,0,52,0,0,0,52
03/02/2002,PAH,KY,ASO,CE,Federal Contract Tower,0,10,0,0,10,0,0,2,0,2,0,10,2,0,12,0,0,0,12
03/03/2002,PAH,KY,ASO,CE,Federal Contract Tower,0,10,5,0,15,0,0,15,0,15,0,10,20,0,30,24,0,24,54
03/04/2002,PAH,KY,ASO,CE,Federal Contract Tower,0,16,22,0,38,0,2,20,0,22,0,18,42,0,60,6,0,6,66
03/05/2002,PAH,KY,ASO,CE,Federal Contract Tower,0,19,12,0,31,0,2,49,2,53,0,21,61,2,84,24,2,26,110
03/06/2002,PAH,KY,ASO,CE,Federal Contract Tower,0,18,22,0,40,0,4,37,0,41,0,22,59,0,81,30,0,30,111
03/07/2002,PAH,KY,ASO,CE,Federal Contract Tower,0,24,20,1,45,0,1,31,1,33,0,25,51,2,78,8,0,8,86
03/08/2002,PAH,KY,ASO,CE,Federal Contract Tower,0,22,10,0,32,0,0,11,0,11,0,22,21,0,43,0,0,0,43
03/09/2002,PAH,KY,ASO,CE,Federal Contract Tower,0,10,9,0,19,0,0,7,0,7,0,10,16,0,26,4,0,4,30
03/10/2002,PAH,KY,ASO,CE,Federal Contract Tower,0,10,17,0,27,0,0,39,4,43,0,10,56,4,70,20,0,20,90
03/11/2002,PAH,KY,ASO,CE,Federal Contract Tower,0,17,11,2,30,0,0,32,2,34,0,17,43,4,64,12,0,12,76
03/12/2002,PAH,KY,ASO,CE,Federal Contract Tower,0,17,17,0,34,0,0,0,0,0,0,17,17,0,34,0,0,0,34
03/13/2002,PAH,KY,ASO,CE,Federal Contract Tower,0,20,15,4,39,0,1,41,10,52,0,21,56,14,91,18,0,18,109
03/14/2002,PAH,KY,ASO,CE,Federal Contract Tower,0,23,16,0,39,0,1,34,0,35,0,24,50,0,74,38,0,38,112
03/15/2002,PAH,KY,ASO,CE,Federal Contract Tower,0,19,3,0,22,0,0,2,0,2,0,19,5,0,24,2,0,2,26
03/16/2002,PAH,KY,ASO,CE,Federal Contract Tower,0,14,16,0,30,0,0,8,0,8,0,14,24,0,38,6,0,6,44
03/17/2002,PAH,KY,ASO,CE,Federal Contract Tower,0,12,9,0,21,0,0,5,0,5,0,12,14,0,26,4,0,4,30
03/18/2002,PAH,KY,ASO,CE,Federal Contract Tower,0,17,26,0,43,0,0,14,0,14,0,17,40,0,57,14,0,14,71
03/19/2002,PAH,KY,ASO,CE,Federal Contract Tower,0,17,11,0,28,0,0,0,0,0,0,17,11,0,28,0,0,0,28
03/20/2002,PAH,KY,ASO,CE,Federal Contract Tower,0,22,24,0,46,0,0,2,0,2,0,22,26,0,48,2,0,2,50
03/21/2002,PAH,KY,ASO,CE,Federal Contract Tower,0,16,25,1,42,0,1,17,1,19,0,17,42,2,61,8,0,8,69
03/22/2002,PAH,KY,ASO,CE,Federal Contract Tower,0,17,12,0,29,0,1,56,0,57,0,18,68,0,86,68,0,68,154
03/23/2002,PAH,KY,ASO,CE,Federal Contract Tower,0,10,9,0,19,0,0,70,0,70,0,10,79,0,89,56,0,56,145
03/24/2002,PAH,KY,ASO,CE,Federal Contract Tower,0,10,7,2,19,0,0,34,2,36,0,10,41,4,55,66,0,66,121
03/25/2002,PAH,KY,ASO,CE,Federal Contract Tower,0,14,12,0,26,0,0,0,0,0,0,14,12,0,26,0,0,0,26
03/26/2002,PAH,KY,ASO,CE,Federal Contract Tower,0,26,19,0,45,0,0,6,0,6,0,26,25,0,51,20,0,20,71
03/27/2002,PAH,KY,ASO,CE,Federal Contract Tower,0,16,15,0,31,0,2,53,2,57,0,18,68,2,88,10,0,10,98
03/28/2002,PAH,KY,ASO,CE,Federal Contract Tower,0,21,16,0,37,0,3,24,4,31,0,24,40,4,68,10,2,12,80
03/29/2002,PAH,KY,ASO,CE,Federal Contract Tower,0,16,11,0,27,0,0,17,0,17,0,16,28,0,44,8,0,8,52
03/30/2002,PAH,KY,ASO,CE,Federal Contract Tower,0,12,5,0,17,0,0,23,0,23,0,12,28,0,40,50,0,50,90
03/31/2002,PAH,KY,ASO,CE,Federal Contract Tower,0,12,3,0,15,0,0,14,0,14,0,12,17,0,29,26,0,26,55
04/01/2002,PAH,KY,ASO,CE,Federal Contract Tower,0,19,16,0,35,0,3,38,0,41,0,22,54,0,76,26,0,26,102
04/02/2002,PAH,KY,ASO,CE,Federal Contract Tower,0,19,22,0,41,0,1,20,0,21,0,20,42,0,62,2,0,2,64
04/03/2002,PAH,KY,ASO,CE,Federal Contract Tower,0,15,28,1,44,0,2,17,1,20,0,17,45,2,64,24,0,24,88
04/04/2002,PAH,KY,ASO,CE,Federal Contract Tower,0,15,19,0,34,0,3,44,0,47,0,18,63,0,81,18,0,18,99
04/05/2002,PAH,KY,ASO,CE,Federal Contract Tower,0,20,19,0,39,0,5,39,0,44,0,25,58,0,83,16,0,16,99
04/06/2002,PAH,KY,ASO,CE,Federal Contract Tower,0,9,15,0,24,0,1,55,0,56,0,10,70,0,80,62,0,62,142
04/07/2002,PAH,KY,ASO,CE,Federal Contract Tower,0,10,4,0,14,0,1,9,0,10,0,11,13,0,24,4,0,4,28
04/08/2002,PAH,KY,ASO,CE,Federal Contract Tower,0,21,9,0,30,0,2,0,0,2,0,23,9,0,32,0,0,0,32
04/09/2002,PAH,KY,ASO,CE,Federal Contract Tower,0,16,15,0,31,0,3,20,0,23,0,19,35,0,54,0,0,0,54
04/10/2002,PAH,KY,ASO,CE,Federal Contract Tower,0,15,23,0,38,0,4,59,6,69,0,19,82,6,107,28,4,32,139
04/11/2002,PAH,KY,ASO,CE,Federal Contract Tower,0,17,16,0,33,0,3,44,4,51,0,20,60,4,84,52,0,52,136
04/12/2002,PAH,KY,ASO,CE,Federal Contract Tower,0,17,20,0,37,0,1,16,6,23,0,18,36,6,60,8,0,8,68
04/13/2002,PAH,KY,ASO,CE,Federal Contract Tower,0,12,22,0,34,0,0,7,0,7,0,12,29,0,41,0,0,0,41
04/14/2002,PAH,KY,ASO,CE,Federal Contract Tower,0,14,25,0,39,0,0,8,0,8,0,14,33,0,47,16,0,16,63
04/15/2002,PAH,KY,ASO,CE,Federal Contract Tower,0,17,16,1,34,0,4,22,1,27,0,21,38,2,61,6,0,6,67
04/16/2002,PAH,KY,ASO,CE,Federal Contract Tower,0,15,19,1,35,0,2,23,1,26,0,17,42,2,61,0,20,20,81
04/17/2002,PAH,KY,ASO,CE,Federal Contract Tower,0,18,16,0,34,0,2,40,4,46,0,20,56,4,80,2,0,2,82
04/18/2002,PAH,KY,ASO,CE,Federal Contract Tower,0,16,24,0,40,0,3,39,0,42,0,19,63,0,82,6,0,6,88
04/19/2002,PAH,KY,ASO,CE,Federal Contract Tower,0,16,5,0,21,0,0,11,0,11,0,16,16,0,32,0,0,0,32
04/20/2002,PAH,KY,ASO,CE,Federal Contract Tower,0,13,6,0,19,0,0,11,0,11,0,13,17,0,30,34,0,34,64
04/21/2002,PAH,KY,ASO,CE,Federal Contract Tower,2,10,14,0,26,0,0,10,0,10,2,10,24,0,36,16,0,16,52
04/22/2002,PAH,KY,ASO,CE,Federal Contract Tower,0,17,10,2,29,0,2,31,2,35,0,19,41,4,64,15,0,15,79
04/23/2002,PAH,KY,ASO,CE,Federal Contract Tower,0,17,13,0,30,0,1,35,0,36,0,18,48,0,66,8,0,8,74
04/24/2002,PAH,KY,ASO,CE,Federal Contract Tower,0,16,23,0,39,0,0,14,0,14,0,16,37,0,53,2,0,2,55
04/25/2002,PAH,KY,ASO,CE,Federal Contract Tower,0,17,18,0,35,0,0,49,0,49,0,17,67,0,84,12,0,12,96
04/26/2002,PAH,KY,ASO,CE,Federal Contract Tower,0,19,15,0,34,0,2,8,4,14,0,21,23,4,48,32,2,34,82
04/27/2002,PAH,KY,ASO,CE,Federal Contract Tower,0,10,9,0,19,0,0,4,0,4,0,10,13,0,23,2,0,2,25
04/28/2002,PAH,KY,ASO,CE,Federal Contract Tower,0,15,19,0,34,0,0,18,0,18,0,15,37,0,52,10,0,10,62
04/29/2002,PAH,KY,ASO,CE,Federal Contract Tower,0,24,30,0,54,0,3,52,0,55,0,27,82,0,109,20,0,20,129
04/30/2002,PAH,KY,ASO,CE,Federal Contract Tower,0,19,15,0,34,0,0,23,0,23,0,19,38,0,57,10,0,10,67
05/01/2002,PAH,KY,ASO,CE,Federal Contract Tower,0,13,19,0,32,0,3,5,0,8,0,16,24,0,40,0,0,0,40
05/02/2002,PAH,KY,ASO,CE,Federal Contract Tower,0,19,9,0,28,0,2,2,0,4,0,21,11,0,32,0,0,0,32
05/03/2002,PAH,KY,ASO,CE,Federal Contract Tower,0,20,16,0,36,0,2,31,2,35,0,22,47,2,71,116,0,116,187
05/04/2002,PAH,KY,ASO,CE,Federal Contract Tower,0,12,12,0,24,0,0,43,0,43,0,12,55,0,67,88,0,88,155
05/05/2002,PAH,KY,ASO,CE,Federal Contract Tower,0,12,10,0,22,0,0,43,2,45,0,12,53,2,67,140,0,140,207
05/06/2002,PAH,KY,ASO,CE,Federal Contract Tower,0,20,8,0,28,0,0,0,0,0,0,20,8,0,28,0,0,0,28
05/07/2002,PAH,KY,ASO,CE,Federal Contract Tower,0,20,9,2,31,0,0,17,2,19,0,20,26,4,50,0,0,0,50
05/08/2002,PAH,KY,ASO,CE,Federal Contract Tower,0,18,14,0,32,0,0,10,2,12,0,18,24,2,44,0,0,0,44
05/09/2002,PAH,KY,ASO,CE,Federal Contract Tower,0,18,14,0,32,0,0,22,0,22,0,18,36,0,54,22,0,22,76
05/10/2002,PAH,KY,ASO,CE,Federal Contract Tower,0,20,18,1,39,0,3,15,3,21,0,23,33,4,60,0,0,0,60
05/11/2002,PAH,KY,ASO,CE,Federal Contract Tower,0,10,8,0,18,0,0,20,0,20,0,10,28,0,38,50,0,50,88
05/12/2002,PAH,KY,ASO,CE,Federal Contract Tower,0,10,4,0,14,0,0,8,0,8,0,10,12,0,22,8,0,8,30
05/13/2002,PAH,KY,ASO,CE,Federal Contract Tower,0,16,16,0,32,0,0,4,0,4,0,16,20,0,36,2,0,2,38
05/14/2002,PAH,KY,ASO,CE,Federal Contract Tower,0,16,14,0,30,0,0,51,0,51,0,16,65,0,81,54,0,54,135
05/15/2002,PAH,KY,ASO,CE,Federal Contract Tower,0,22,24,2,48,0,2,40,2,44,0,24,64,4,92,40,0,40,132
05/16/2002,PAH,KY,ASO,CE,Federal Contract Tower,0,22,24,0,46,0,0,25,0,25,0,22,49,0,71,38,0,38,109
05/17/2002,PAH,KY,ASO,CE,Federal Contract Tower,0,24,8,0,32,0,0,0,0,0,0,24,8,0,32,0,0,0,32
05/18/2002,PAH,KY,ASO,CE,Federal Contract Tower,0,12,15,0,27,0,0,27,2,29,0,12,42,2,56,22,0,22,78
05/19/2002,PAH,KY,ASO,CE,Federal Contract Tower,0,10,5,0,15,0,0,33,0,33,0,10,38,0,48,20,0,20,68
05/20/2002,PAH,KY,ASO,CE,Federal Contract Tower,0,16,12,0,28,0,2,30,0,32,0,18,42,0,60,52,0,52,112
05/21/2002,PAH,KY,ASO,CE,Federal Contract Tower,0,17,14,0,31,0,2,38,8,48,0,19,52,8,79,52,0,52,131
05/22/2002,PAH,KY,ASO,CE,Federal Contract Tower,0,17,19,1,37,0,2,38,1,41,0,19,57,2,78,54,0,54,132
05/23/2002,PAH,KY,ASO,CE,Federal Contract Tower,0,17,13,0,30,0,0,24,0,24,0,17,37,0,54,4,0,4,58
05/24/2002,PAH,KY,ASO,CE,Federal Contract Tower,0,21,14,0,35,0,0,38,0,38,0,21,52,0,73,60,0,60,133
05/25/2002,PAH,KY,ASO,CE,Federal Contract Tower,0,6,16,0,22,0,2,15,0,17,0,8,31,0,39,0,0,0,39
05/26/2002,PAH,KY,ASO,CE,Federal Contract Tower,0,9,11,0,20,0,0,31,0,31,0,9,42,0,51,66,0,66,117
05/27/2002,PAH,KY,ASO,CE,Federal Contract Tower,0,9,6,0,15,0,0,17,0,17,0,9,23,0,32,8,0,8,40
05/28/2002,PAH,KY,ASO,CE,Federal Contract Tower,0,17,5,1,23,0,0,15,5,20,0,17,20,6,43,12,0,12,55
05/29/2002,PAH,KY,ASO,CE,Federal Contract Tower,0,21,19,0,40,0,0,18,0,18,0,21,37,0,58,44,0,44,102
05/30/2002,PAH,KY,ASO,CE,Federal Contract Tower,0,21,18,0,39,0,0,29,0,29,0,21,47,0,68,2,0,2,70
05/31/2002,PAH,KY,ASO,CE,Federal Contract Tower,0,9,15,0,24,0,0,46,0,46,0,9,61,0,70,28,0,28,98
06/01/2002,PAH,KY,ASO,CE,Federal Contract Tower,0,12,17,0,29,0,0,40,4,44,0,12,57,4,73,16,12,28,101
06/02/2002,PAH,KY,ASO,CE,Federal Contract Tower,0,13,5,0,18,0,0,34,0,34,0,13,39,0,52,16,0,16,68
06/03/2002,PAH,KY,ASO,CE,Federal Contract Tower,0,17,16,0,33,0,2,37,0,39,0,19,53,0,72,36,0,36,108
06/04/2002,PAH,KY,ASO,CE,Federal Contract Tower,0,16,9,4,29,0,0,35,6,41,0,16,44,10,70,50,0,50,120
06/05/2002,PAH,KY,ASO,CE,Federal Contract Tower,0,23,13,0,36,0,0,21,0,21,0,23,34,0,57,4,0,4,61
06/06/2002,PAH,KY,ASO,CE,Federal Contract Tower,0,22,24,0,46,0,0,15,3,18,0,22,39,3,64,2,0,2,66
06/07/2002,PAH,KY,ASO,CE,Federal Contract Tower,0,23,9,0,32,0,0,24,0,24,0,23,33,0,56,6,0,6,62
06/08/2002,PAH,KY,ASO,CE,Federal Contract Tower,0,10,6,0,16,0,0,31,0,31,0,10,37,0,47,18,0,18,65
06/09/2002,PAH,KY,ASO,CE,Federal Contract Tower,0,16,8,0,24,0,1,36,0,37,0,17,44,0,61,14,0,14,75
06/10/2002,PAH,KY,ASO,CE,Federal Contract Tower,0,18,11,3,32,0,1,12,5,18,0,19,23,8,50,8,0,8,58
06/11/2002,PAH,KY,ASO,CE,Federal Contract Tower,0,18,15,1,34,0,1,15,3,19,0,19,30,4,53,2,0,2,55
06/12/2002,PAH,KY,ASO,CE,Federal Contract Tower,0,22,12,0,34,0,0,17,0,17,0,22,29,0,51,12,0,12,63
06/13/2002,PAH,KY,ASO,CE,Federal Contract Tower,0,21,11,0,32,0,0,32,0,32,0,21,43,0,64,18,0,18,82
06/14/2002,PAH,KY,ASO,CE,Federal Contract Tower,0,23,16,2,41,0,1,40,2,43,0,24,56,4,84,0,0,0,84
06/15/2002,PAH,KY,ASO,CE,Federal Contract Tower,0,9,8,0,17,0,0,59,2,61,0,9,67,2,78,2,0,2,80
06/16/2002,PAH,KY,ASO,CE,Federal Contract Tower,0,12,9,0,21,0,0,16,0,16,0,12,25,0,37,0,0,0,37
06/17/2002,PAH,KY,ASO,CE,Federal Contract Tower,0,19,19,1,39,0,2,41,1,44,0,21,60,2,83,8,0,8,91
06/18/2002,PAH,KY,ASO,CE,Federal Contract Tower,0,24,12,2,38,0,0,42,4,46,0,24,54,6,84,8,0,8,92
06/19/2002,PAH,KY,ASO,CE,Federal Contract Tower,0,21,16,0,37,0,2,26,4,32,0,23,42,4,69,2,2,4,73
06/20/2002,PAH,KY,ASO,CE,Federal Contract Tower,0,20,13,0,33,0,1,39,0,40,0,21,52,0,73,12,0,12,85
06/21/2002,PAH,KY,ASO,CE,Federal Contract Tower,0,19,8,0,27,0,0,32,0,32,0,19,40,0,59,10,0,10,69
06/22/2002,PAH,KY,ASO,CE,Federal Contract Tower,0,10,10,0,20,0,0,21,0,21,0,10,31,0,41,20,0,20,61
06/23/2002,PAH,KY,ASO,CE,Federal Contract Tower,0,12,12,0,24,0,0,43,0,43,0,12,55,0,67,62,0,62,129
06/24/2002,PAH,KY,ASO,CE,Federal Contract Tower,0,18,10,0,28,0,1,29,0,30,0,19,39,0,58,16,0,16,74
06/25/2002,PAH,KY,ASO,CE,Federal Contract Tower,0,25,17,0,42,0,0,12,0,12,0,25,29,0,54,12,0,12,66
06/26/2002,PAH,KY,ASO,CE,Federal Contract Tower,0,20,20,0,40,0,1,23,2,26,0,21,43,2,66,0,0,0,66
06/27/2002,PAH,KY,ASO,CE,Federal Contract Tower,0,20,20,0,40,0,1,20,0,21,0,21,40,0,61,2,0,2,63
06/28/2002,PAH,KY,ASO,CE,Federal Contract Tower,0,21,16,0,37,0,0,10,0,10,0,21,26,0,47,12,0,12,59
06/29/2002,PAH,KY,ASO,CE,Federal Contract Tower,0,12,8,2,22,0,0,21,2,23,0,12,29,4,45,8,0,8,53
06/30/2002,PAH,KY,ASO,CE,Federal Contract Tower,0,16,12,0,28,0,2,25,0,27,0,18,37,0,55,74,0,74,129
07/01/2002,PAH,KY,ASO,CE,Federal Contract Tower,0,20,17,0,37,0,0,25,0,25,0,20,42,0,62,0,0,0,62
07/02/2002,PAH,KY,ASO,CE,Federal Contract Tower,0,22,14,0,36,0,2,18,0,20,0,24,32,0,56,0,0,0,56
07/03/2002,PAH,KY,ASO,CE,Federal Contract Tower,0,21,12,0,33,0,0,23,0,23,0,21,35,0,56,6,0,6,62
07/04/2002,PAH,KY,ASO,CE,Federal Contract Tower,0,8,6,0,14,0,0,21,0,21,0,8,27,0,35,0,0,0,35
07/05/2002,PAH,KY,ASO,CE,Federal Contract Tower,0,17,10,0,27,0,0,24,0,24,0,17,34,0,51,4,0,4,55
07/06/2002,PAH,KY,ASO,CE,Federal Contract Tower,0,11,17,0,28,0,1,17,0,18,0,12,34,0,46,12,0,12,58
07/07/2002,PAH,KY,ASO,CE,Federal Contract Tower,0,12,8,0,20,0,0,18,0,18,0,12,26,0,38,2,0,2,40
07/08/2002,PAH,KY,ASO,CE,Federal Contract Tower,0,18,8,0,26,0,1,0,0,1,0,19,8,0,27,2,0,2,29
07/09/2002,PAH,KY,ASO,CE,Federal Contract Tower,1,19,9,0,29,0,0,23,0,23,1,19,32,0,52,2,0,2,54
07/10/2002,PAH,KY,ASO,CE,Federal Contract Tower,0,23,14,0,37,0,0,16,2,18,0,23,30,2,55,16,0,16,71
07/11/2002,PAH,KY,ASO,CE,Federal Contract Tower,0,20,23,2,45,0,0,16,0,16,0,20,39,2,61,0,0,0,61
07/12/2002,PAH,KY,ASO,CE,Federal Contract Tower,0,23,20,0,43,0,1,12,2,15,0,24,32,2,58,14,0,14,72
07/13/2002,PAH,KY,ASO,CE,Federal Contract Tower,0,11,17,0,28,0,0,15,0,15,0,11,32,0,43,24,0,24,67
07/14/2002,PAH,KY,ASO,CE,Federal Contract Tower,0,13,12,0,25,0,0,23,0,23,0,13,35,0,48,32,0,32,80
07/15/2002,PAH,KY,ASO,CE,Federal Contract Tower,0,23,15,0,38,0,0,25,0,25,0,23,40,0,63,24,0,24,87
07/16/2002,PAH,KY,ASO,CE,Federal Contract Tower,0,23,11,0,34,0,0,28,2,30,0,23,39,2,64,18,0,18,82
07/17/2002,PAH,KY,ASO,CE,Federal Contract Tower,0,21,17,0,38,0,0,22,4,26,0,21,39,4,64,6,8,14,78
07/18/2002,PAH,KY,ASO,CE,Federal Contract Tower,0,23,17,0,40,0,3,12,0,15,0,26,29,0,55,18,0,18,73
07/19/2002,PAH,KY,ASO,CE,Federal Contract Tower,0,25,15,0,40,0,2,10,0,12,0,27,25,0,52,0,0,0,52
07/20/2002,PAH,KY,ASO,CE,Federal Contract Tower,0,10,13,0,23,0,0,19,1,20,0,10,32,1,43,14,0,14,57
07/21/2002,PAH,KY,ASO,CE,Federal Contract Tower,0,14,13,0,27,0,2,10,1,13,0,16,23,1,40,18,2,20,60
07/22/2002,PAH,KY,ASO,CE,Federal Contract Tower,0,18,15,2,35,0,0,12,6,18,0,18,27,8,53,6,12,18,71
07/23/2002,PAH,KY,ASO,CE,Federal Contract Tower,0,22,19,0,41,0,0,27,0,27,0,22,46,0,68,6,0,6,74
07/24/2002,PAH,KY,ASO,CE,Federal Contract Tower,0,20,27,0,47,0,2,22,0,24,0,22,49,0,71,8,0,8,79
07/25/2002,PAH,KY,ASO,CE,Federal Contract Tower,0,19,19,0,38,0,5,34,0,39,0,24,53,0,77,6,0,6,83
07/26/2002,PAH,KY,ASO,CE,Federal Contract Tower,0,23,17,0,40,0,1,7,0,8,0,24,24,0,48,2,0,2,50
07/27/2002,PAH,KY,ASO,CE,Federal Contract Tower,0,10,7,0,17,0,0,19,2,21,0,10,26,2,38,0,0,0,38
07/28/2002,PAH,KY,ASO,CE,Federal Contract Tower,0,13,23,0,36,0,0,21,0,21,0,13,44,0,57,6,0,6,63
07/29/2002,PAH,KY,ASO,CE,Federal Contract Tower,0,17,17,0,34,0,1,15,0,16,0,18,32,0,50,0,0,0,50
07/30/2002,PAH,KY,ASO,CE,Federal Contract Tower,0,21,14,0,35,0,0,22,0,22,0,21,36,0,57,6,0,6,63
07/31/2002,PAH,KY,ASO,CE,Federal Contract Tower,0,24,28,0,52,0,0,20,0,20,0,24,48,0,72,16,0,16,88
08/01/2002,PAH,KY,ASO,CE,Federal Contract Tower,0,30,19,0,49,0,3,43,0,46,0,33,62,0,95,14,0,14,109
08/02/2002,PAH,KY,ASO,CE,Federal Contract Tower,0,22,8,1,31,0,1,22,0,23,0,23,30,1,54,34,0,34,88
08/03/2002,PAH,KY,ASO,CE,Federal Contract Tower,0,12,5,1,18,0,0,25,0,25,0,12,30,1,43,4,0,4,47
08/04/2002,PAH,KY,ASO,CE,Federal Contract Tower,0,14,10,0,24,0,0,24,0,24,0,14,34,0,48,34,0,34,82
08/05/2002,PAH,KY,ASO,CE,Federal Contract Tower,0,20,13,0,33,0,1,15,8,24,0,21,28,8,57,0,0,0,57
08/06/2002,PAH,KY,ASO,CE,Federal Contract Tower,0,22,16,0,38,0,1,10,0,11,0,23,26,0,49,4,0,4,53
08/07/2002,PAH,KY,ASO,CE,Federal Contract Tower,0,24,17,0,41,0,2,35,0,37,0,26,52,0,78,2,0,2,80
08/08/2002,PAH,KY,ASO,CE,Federal Contract Tower,0,22,16,0,38,0,1,45,0,46,0,23,61,0,84,14,0,14,98
08/09/2002,PAH,KY,ASO,CE,Federal Contract Tower,2,18,17,0,37,0,1,28,0,29,2,19,45,0,66,0,0,0,66
08/10/2002,PAH,KY,ASO,CE,Federal Contract Tower,0,10,6,0,16,0,0,43,0,43,0,10,49,0,59,2,0,2,61
08/11/2002,PAH,KY,ASO,CE,Federal Contract Tower,0,14,10,0,24,0,0,25,2,27,0,14,35,2,51,30,0,30,81
08/12/2002,PAH,KY,ASO,CE,Federal Contract Tower,0,21,10,0,31,0,0,26,0,26,0,21,36,0,57,10,0,10,67
08/13/2002,PAH,KY,ASO,CE,Federal Contract Tower,0,22,13,0,35,0,0,5,0,5,0,22,18,0,40,0,0,0,40
08/14/2002,PAH,KY,ASO,CE,Federal Contract Tower,2,24,26,0,52,0,1,11,0,12,2,25,37,0,64,8,0,8,72
08/15/2002,PAH,KY,ASO,CE,Federal Contract Tower,0,27,17,2,46,0,0,33,0,33,0,27,50,2,79,40,0,40,119
08/16/2002,PAH,KY,ASO,CE,Federal Contract Tower,2,20,13,0,35,0,1,10,0,11,2,21,23,0,46,2,0,2,48
08/17/2002,PAH,KY,ASO,CE,Federal Contract Tower,0,10,13,0,23,0,0,19,0,19,0,10,32,0,42,0,0,0,42
08/18/2002,PAH,KY,ASO,CE,Federal Contract Tower,0,14,6,0,20,0,0,13,0,13,0,14,19,0,33,12,0,12,45
08/19/2002,PAH,KY,ASO,CE,Federal Contract Tower,0,20,8,2,30,0,2,18,2,22,0,22,26,4,52,10,0,10,62
08/20/2002,PAH,KY,ASO,CE,Federal Contract Tower,0,22,16,0,38,0,0,25,0,25,0,22,41,0,63,6,0,6,69
08/21/2002,PAH,KY,ASO,CE,Federal Contract Tower,0,27,18,0,45,0,2,34,0,36,0,29,52,0,81,14,0,14,95
08/22/2002,PAH,KY,ASO,CE,Federal Contract Tower,0,24,18,0,42,0,2,13,2,17,0,26,31,2,59,2,0,2,61
08/23/2002,PAH,KY,ASO,CE,Federal Contract Tower,0,23,8,0,31,0,3,29,0,32,0,26,37,0,63,9,0,9,72
08/24/2002,PAH,KY,ASO,CE,Federal Contract Tower,0,10,3,0,13,0,0,22,0,22,0,10,25,0,35,38,0,38,73
08/25/2002,PAH,KY,ASO,CE,Federal Contract Tower,0,15,5,0,20,0,0,14,2,16,0,15,19,2,36,8,0,8,44
08/26/2002,PAH,KY,ASO,CE,Federal Contract Tower,0,23,14,0,37,0,0,31,0,31,0,23,45,0,68,36,0,36,104
08/27/2002,PAH,KY,ASO,CE,Federal Contract Tower,0,23,18,0,41,0,1,20,0,21,0,24,38,0,62,2,0,2,64
08/28/2002,PAH,KY,ASO,CE,Federal Contract Tower,0,21,24,0,45,0,1,25,0,26,0,22,49,0,71,16,0,16,87
08/29/2002,PAH,KY,ASO,CE,Federal Contract Tower,0,18,16,0,34,0,1,20,0,21,0,19,36,0,55,12,0,12,67
08/30/2002,PAH,KY,ASO,CE,Federal Contract Tower,0,20,11,0,31,0,2,39,0,41,0,22,50,0,72,54,0,54,126
08/31/2002,PAH,KY,ASO,CE,Federal Contract Tower,0,16,6,0,22,0,0,20,0,20,0,16,26,0,42,6,0,6,48
09/01/2002,PAH,KY,ASO,CE,Federal Contract Tower,0,10,20,0,30,0,0,4,0,4,0,10,24,0,34,18,0,18,52
09/02/2002,PAH,KY,ASO,CE,Federal Contract Tower,0,16,11,0,27,0,0,35,0,35,0,16,46,0,62,14,0,14,76
09/03/2002,PAH,KY,ASO,CE,Federal Contract Tower,0,21,15,4,40,0,0,29,2,31,0,21,44,6,71,2,0,2,73
09/04/2002,PAH,KY,ASO,CE,Federal Contract Tower,0,23,9,2,34,0,0,41,0,41,0,23,50,2,75,22,0,22,97
09/05/2002,PAH,KY,ASO,CE,Federal Contract Tower,0,20,25,1,46,0,1,46,3,50,0,21,71,4,96,0,0,0,96
09/06/2002,PAH,KY,ASO,CE,Federal Contract Tower,0,19,13,3,35,0,0,23,3,26,0,19,36,6,61,8,0,8,69
09/07/2002,PAH,KY,ASO,CE,Federal Contract Tower,0,10,4,0,14,0,0,31,0,31,0,10,35,0,45,20,0,20,65
09/08/2002,PAH,KY,ASO,CE,Federal Contract Tower,0,17,14,0,31,0,0,29,0,29,0,17,43,0,60,16,0,16,76
09/09/2002,PAH,KY,ASO,CE,Federal Contract Tower,0,18,12,0,30,0,2,20,7,29,0,20,32,7,59,18,0,18,77
09/10/2002,PAH,KY,ASO,CE,Federal Contract Tower,0,17,14,3,34,0,2,18,1,21,0,19,32,4,55,0,0,0,55
09/11/2002,PAH,KY,ASO,CE,Federal Contract Tower,0,15,18,0,33,0,0,36,0,36,0,15,54,0,69,40,0,40,109
09/12/2002,PAH,KY,ASO,CE,Federal Contract Tower,0,23,13,0,36,0,1,35,0,36,0,24,48,0,72,4,0,4,76
09/13/2002,PAH,KY,ASO,CE,Federal Contract Tower,0,22,16,0,38,0,1,43,2,46,0,23,59,2,84,22,0,22,106
09/14/2002,PAH,KY,ASO,CE,Federal Contract Tower,2,14,9,0,25,0,2,15,0,17,2,16,24,0,42,2,0,2,44
09/15/2002,PAH,KY,ASO,CE,Federal Contract Tower,0,9,5,0,14,0,2,18,0,20,0,11,23,0,34,12,0,12,46
09/16/2002,PAH,KY,ASO,CE,Federal Contract Tower,0,0,0,0,0,0,22,54,0,76,0,22,54,0,76,32,0,32,108
09/17/2002,PAH,KY,ASO,CE,Federal Contract Tower,0,23,22,0,45,0,1,12,4,17,0,24,34,4,62,0,0,0,62
09/18/2002,PAH,KY,ASO,CE,Federal Contract Tower,0,24,34,0,58,0,1,8,4,13,0,25,42,4,71,12,0,12,83
09/19/2002,PAH,KY,ASO,CE,Federal Contract Tower,0,23,18,0,41,0,1,20,0,21,0,24,38,0,62,4,0,4,66
09/20/2002,PAH,KY,ASO,CE,Federal Contract Tower,0,21,18,0,39,0,0,8,0,8,0,21,26,0,47,6,0,6,53
09/21/2002,PAH,KY,ASO,CE,Federal Contract Tower,0,10,11,0,21,0,0,13,0,13,0,10,24,0,34,40,0,40,74
09/22/2002,PAH,KY,ASO,CE,Federal Contract Tower,0,12,13,0,25,0,0,23,0,23,0,12,36,0,48,18,0,18,66
09/23/2002,PAH,KY,ASO,CE,Federal Contract Tower,0,26,9,0,35,0,1,35,0,36,0,27,44,0,71,10,0,10,81
09/24/2002,PAH,KY,ASO,CE,Federal Contract Tower,0,29,11,0,40,0,0,24,0,24,0,29,35,0,64,8,0,8,72
09/25/2002,PAH,KY,ASO,CE,Federal Contract Tower,0,21,17,0,38,0,2,16,0,18,0,23,33,0,56,2,0,2,58
09/26/2002,PAH,KY,ASO,CE,Federal Contract Tower,0,23,14,0,37,0,0,0,0,0,0,23,14,0,37,0,0,0,37
09/27/2002,PAH,KY,ASO,CE,Federal Contract Tower,0,20,29,0,49,0,2,10,0,12,0,22,39,0,61,14,0,14,75
09/28/2002,PAH,KY,ASO,CE,Federal Contract Tower,0,10,10,0,20,0,0,25,0,25,0,10,35,0,45,18,0,18,63
09/29/2002,PAH,KY,ASO,CE,Federal Contract Tower,0,12,8,0,20,0,0,15,0,15,0,12,23,0,35,70,0,70,105
09/30/2002,PAH,KY,ASO,CE,Federal Contract Tower,0,23,17,0,40,0,1,25,2,28,0,24,42,2,68,6,0,6,74
10/01/2002,PAH,KY,ASO,CE,Federal Contract Tower,0,22,25,0,47,0,1,8,0,9,0,23,33,0,56,0,0,0,56
10/02/2002,PAH,KY,ASO,CE,Federal Contract Tower,0,20,26,0,46,0,1,45,0,46,0,21,71,0,92,0,0,0,92
10/03/2002,PAH,KY,ASO,CE,Federal Contract Tower,0,26,13,2,41,0,2,17,4,23,0,28,30,6,64,0,0,0,64
10/04/2002,PAH,KY,ASO,CE,Federal Contract Tower,0,24,18,0,42,0,1,7,0,8,0,25,25,0,50,22,0,22,72
10/05/2002,PAH,KY,ASO,CE,Federal Contract Tower,0,10,2,0,12,0,0,45,0,45,0,10,47,0,57,34,0,34,91
10/06/2002,PAH,KY,ASO,CE,Federal Contract Tower,0,14,7,0,21,0,0,19,0,19,0,14,26,0,40,10,0,10,50
10/07/2002,PAH,KY,ASO,CE,Federal Contract Tower,0,22,21,2,45,0,2,25,2,29,0,24,46,4,74,66,0,66,140
10/08/2002,PAH,KY,ASO,CE,Federal Contract Tower,0,19,20,2,41,0,0,23,0,23,0,19,43,2,64,16,0,16,80
10/09/2002,PAH,KY,ASO,CE,Federal Contract Tower,0,20,26,0,46,0,1,13,0,14,0,21,39,0,60,0,0,0,60
10/10/2002,PAH,KY,ASO,CE,Federal Contract Tower,0,18,14,0,32,0,0,0,0,0,0,18,14,0,32,0,0,0,32
10/11/2002,PAH,KY,ASO,CE,Federal Contract Tower,0,25,29,0,54,0,0,0,0,0,0,25,29,0,54,0,0,0,54
10/12/2002,PAH,KY,ASO,CE,Federal Contract Tower,0,14,11,0,25,0,0,3,0,3,0,14,14,0,28,0,0,0,28
10/13/2002,PAH,KY,ASO,CE,Federal Contract Tower,0,12,8,0,20,0,0,16,0,16,0,12,24,0,36,54,0,54,90
10/14/2002,PAH,KY,ASO,CE,Federal Contract Tower,0,21,12,0,33,0,0,36,0,36,0,21,48,0,69,10,0,10,79
10/15/2002,PAH,KY,ASO,CE,Federal Contract Tower,0,19,18,0,37,0,5,15,0,20,0,24,33,0,57,6,0,6,63
10/16/2002,PAH,KY,ASO,CE,Federal Contract Tower,0,18,14,0,32,0,1,30,4,35,0,19,44,4,67,44,0,44,111
10/17/2002,PAH,KY,ASO,CE,Federal Contract Tower,2,22,30,0,54,0,0,37,2,39,2,22,67,2,93,0,0,0,93
10/18/2002,PAH,KY,ASO,CE,Federal Contract Tower,0,19,21,0,40,0,0,13,4,17,0,19,34,4,57,0,0,0,57
10/19/2002,PAH,KY,ASO,CE,Federal Contract Tower,0,11,6,0,17,0,0,0,0,0,0,11,6,0,17,0,0,0,17
10/20/2002,PAH,KY,ASO,CE,Federal Contract Tower,0,14,10,0,24,0,1,22,0,23,0,15,32,0,47,44,0,44,91
10/21/2002,PAH,KY,ASO,CE,Federal Contract Tower,0,21,35,4,60,0,0,0,4,4,0,21,35,8,64,22,0,22,86
10/22/2002,PAH,KY,ASO,CE,Federal Contract Tower,0,18,17,8,43,0,2,26,0,28,0,20,43,8,71,0,0,0,71
10/23/2002,PAH,KY,ASO,CE,Federal Contract Tower,0,20,16,0,36,0,2,36,2,40,0,22,52,2,76,68,10,78,154
10/24/2002,PAH,KY,ASO,CE,Federal Contract Tower,0,21,25,4,50,0,0,6,0,6,0,21,31,4,56,4,0,4,60
10/25/2002,PAH,KY,ASO,CE,Federal Contract Tower,0,22,10,0,32,0,0,8,0,8,0,22,18,0,40,16,0,16,56
10/26/2002,PAH,KY,ASO,CE,Federal Contract Tower,0,13,13,0,26,0,0,9,0,9,0,13,22,0,35,18,0,18,53
10/27/2002,PAH,KY,ASO,CE,Federal Contract Tower,0,14,16,2,32,0,0,15,0,15,0,14,31,2,47,20,0,20,67
10/28/2002,PAH,KY,ASO,CE,Federal Contract Tower,0,21,15,0,36,0,1,0,0,1,0,22,15,0,37,0,0,0,37
10/29/2002,PAH,KY,ASO,CE,Federal Contract Tower,0,22,19,1,42,0,0,3,1,4,0,22,22,2,46,0,0,0,46
10/30/2002,PAH,KY,ASO,CE,Federal Contract Tower,0,21,21,2,44,0,0,2,0,2,0,21,23,2,46,10,0,10,56
10/31/2002,PAH,KY,ASO,CE,Federal Contract Tower,0,19,21,0,40,0,0,14,0,14,0,19,35,0,54,0,0,0,54
11/01/2002,PAH,KY,ASO,CE,Federal Contract Tower,0,24,18,0,42,0,2,30,2,34,0,26,48,2,76,58,0,58,134
11/02/2002,PAH,KY,ASO,CE,Federal Contract Tower,0,12,12,0,24,0,0,31,0,31,0,12,43,0,55,36,0,36,91
11/03/2002,PAH,KY,ASO,CE,Federal Contract Tower,0,12,10,0,22,0,0,0,0,0,0,12,10,0,22,2,0,2,24
11/04/2002,PAH,KY,ASO,CE,Federal Contract Tower,0,22,24,0,46,0,1,16,0,17,0,23,40,0,63,0,0,0,63
11/05/2002,PAH,KY,ASO,CE,Federal Contract Tower,0,20,17,0,37,0,0,0,0,0,0,20,17,0,37,0,0,0,37
11/06/2002,PAH,KY,ASO,CE,Federal Contract Tower,0,19,19,0,38,0,0,26,0,26,0,19,45,0,64,48,0,48,112
11/07/2002,PAH,KY,ASO,CE,Federal Contract Tower,0,28,19,5,52,0,0,40,5,45,0,28,59,10,97,22,6,28,125
11/08/2002,PAH,KY,ASO,CE,Federal Contract Tower,0,19,18,0,37,0,1,27,0,28,0,20,45,0,65,12,0,12,77
11/09/2002,PAH,KY,ASO,CE,Federal Contract Tower,0,12,11,0,23,0,0,13,0,13,0,12,24,0,36,8,0,8,44
11/10/2002,PAH,KY,ASO,CE,Federal Contract Tower,0,13,6,0,19,0,0,13,0,13,0,13,19,0,32,10,0,10,42
11/11/2002,PAH,KY,ASO,CE,Federal Contract Tower,0,17,14,0,31,0,0,32,0,32,0,17,46,0,63,76,0,76,139
11/12/2002,PAH,KY,ASO,CE,Federal Contract Tower,0,18,10,0,28,0,1,18,2,21,0,19,28,2,49,0,0,0,49
11/13/2002,PAH,KY,ASO,CE,Federal Contract Tower,0,20,25,2,47,0,1,33,0,34,0,21,58,2,81,32,0,32,113
11/14/2002,PAH,KY,ASO,CE,Federal Contract Tower,0,24,33,0,57,0,0,21,0,21,0,24,54,0,78,26,0,26,104
11/15/2002,PAH,KY,ASO,CE,Federal Contract Tower,0,20,26,0,46,0,0,8,0,8,0,20,34,0,54,0,0,0,54
11/16/2002,PAH,KY,ASO,CE,Federal Contract Tower,0,14,9,0,23,0,0,19,0,19,0,14,28,0,42,62,0,62,104
11/17/2002,PAH,KY,ASO,CE,Federal Contract Tower,0,14,10,0,24,0,2,23,0,25,0,16,33,0,49,24,0,24,73
11/18/2002,PAH,KY,ASO,CE,Federal Contract Tower,0,20,22,0,42,0,1,23,10,34,0,21,45,10,76,0,0,0,76
11/19/2002,PAH,KY,ASO,CE,Federal Contract Tower,0,26,15,0,41,0,0,21,6,27,0,26,36,6,68,2,0,2,70
11/20/2002,PAH,KY,ASO,CE,Federal Contract Tower,0,19,19,2,40,0,1,25,2,28,0,20,44,4,68,56,0,56,124
11/21/2002,PAH,KY,ASO,CE,Federal Contract Tower,0,17,12,0,29,0,1,16,0,17,0,18,28,0,46,4,0,4,50
11/22/2002,PAH,KY,ASO,CE,Federal Contract Tower,0,23,14,0,37,0,0,11,4,15,0,23,25,4,52,34,0,34,86
11/23/2002,PAH,KY,ASO,CE,Federal Contract Tower,0,12,2,0,14,0,0,38,0,38,0,12,40,0,52,62,0,62,114
11/24/2002,PAH,KY,ASO,CE,Federal Contract Tower,0,12,0,0,12,0,0,23,0,23,0,12,23,0,35,8,0,8,43
11/25/2002,PAH,KY,ASO,CE,Federal Contract Tower,2,20,21,0,43,0,0,12,0,12,2,20,33,0,55,24,0,24,79
11/26/2002,PAH,KY,ASO,CE,Federal Contract Tower,0,23,16,4,43,0,0,8,1,9,0,23,24,5,52,20,0,20,72
11/27/2002,PAH,KY,ASO,CE,Federal Contract Tower,0,23,15,0,38,0,1,25,0,26,0,24,40,0,64,32,0,32,96
11/28/2002,PAH,KY,ASO,CE,Federal Contract Tower,0,11,5,0,16,0,0,13,0,13,0,11,18,0,29,0,0,0,29
11/29/2002,PAH,KY,ASO,CE,Federal Contract Tower,0,19,11,0,30,0,1,32,0,33,0,20,43,0,63,30,0,30,93
11/30/2002,PAH,KY,ASO,CE,Federal Contract Tower,0,10,10,0,20,0,0,12,0,12,0,10,22,0,32,14,0,14,46
12/01/2002,PAH,KY,ASO,CE,Federal Contract Tower,0,14,18,0,32,0,0,20,0,20,0,14,38,0,52,28,0,28,80
12/02/2002,PAH,KY,ASO,CE,Federal Contract Tower,0,18,14,0,32,0,2,15,0,17,0,20,29,0,49,12,0,12,61
12/03/2002,PAH,KY,ASO,CE,Federal Contract Tower,0,25,21,0,46,0,0,7,0,7,0,25,28,0,53,0,0,0,53
12/04/2002,PAH,KY,ASO,CE,Federal Contract Tower,0,6,9,0,15,0,0,0,0,0,0,6,9,0,15,0,0,0,15
12/05/2002,PAH,KY,ASO,CE,Federal Contract Tower,0,18,17,0,35,0,0,7,0,7,0,18,24,0,42,0,0,0,42
12/06/2002,PAH,KY,ASO,CE,Federal Contract Tower,0,31,16,4,51,0,1,27,2,30,0,32,43,6,81,4,4,8,89
12/07/2002,PAH,KY,ASO,CE,Federal Contract Tower,0,13,4,0,17,0,0,36,4,40,0,13,40,4,57,44,0,44,101
12/08/2002,PAH,KY,ASO,CE,Federal Contract Tower,0,12,6,0,18,0,1,11,0,12,0,13,17,0,30,40,0,40,70
12/09/2002,PAH,KY,ASO,CE,Federal Contract Tower,0,18,20,0,38,0,0,31,0,31,0,18,51,0,69,6,0,6,75
12/10/2002,PAH,KY,ASO,CE,Federal Contract Tower,0,24,18,0,42,0,0,8,0,8,0,24,26,0,50,0,0,0,50
12/11/2002,PAH,KY,ASO,CE,Federal Contract Tower,0,25,15,0,40,0,0,13,0,13,0,25,28,0,53,28,0,28,81
12/12/2002,PAH,KY,ASO,CE,Federal Contract Tower,0,25,31,2,58,0,0,10,0,10,0,25,41,2,68,0,0,0,68
12/13/2002,PAH,KY,ASO,CE,Federal Contract Tower,0,26,13,0,39,0,0,0,0,0,0,26,13,0,39,0,0,0,39
12/14/2002,PAH,KY,ASO,CE,Federal Contract Tower,0,14,9,0,23,0,0,20,0,20,0,14,29,0,43,18,0,18,61
12/15/2002,PAH,KY,ASO,CE,Federal Contract Tower,0,15,4,0,19,0,1,34,0,35,0,16,38,0,54,16,0,16,70
12/16/2002,PAH,KY,ASO,CE,Federal Contract Tower,0,20,21,0,41,0,0,11,2,13,0,20,32,2,54,24,0,24,78
12/17/2002,PAH,KY,ASO,CE,Federal Contract Tower,0,20,24,3,47,0,0,8,3,11,0,20,32,6,58,0,14,14,72
12/18/2002,PAH,KY,ASO,CE,Federal Contract Tower,0,27,5,0,32,0,0,1,0,1,0,27,6,0,33,0,0,0,33
12/19/2002,PAH,KY,ASO,CE,Federal Contract Tower,0,27,13,0,40,0,1,3,0,4,0,28,16,0,44,2,0,2,46
12/20/2002,PAH,KY,ASO,CE,Federal Contract Tower,0,23,19,0,42,0,0,47,2,49,0,23,66,2,91,38,0,38,129
12/21/2002,PAH,KY,ASO,CE,Federal Contract Tower,0,12,6,0,18,0,0,24,0,24,0,12,30,0,42,14,0,14,56
12/22/2002,PAH,KY,ASO,CE,Federal Contract Tower,0,17,7,0,24,0,0,29,0,29,0,17,36,0,53,8,0,8,61
12/23/2002,PAH,KY,ASO,CE,Federal Contract Tower,0,20,6,0,26,0,0,25,4,29,0,20,31,4,55,46,0,46,101
12/24/2002,PAH,KY,ASO,CE,Federal Contract Tower,0,14,2,0,16,0,0,0,0,0,0,14,2,0,16,0,0,0,16
12/25/2002,PAH,KY,ASO,CE,Federal Contract Tower,0,14,2,0,16,0,0,0,0,0,0,14,2,0,16,0,0,0,16
12/26/2002,PAH,KY,ASO,CE,Federal Contract Tower,0,26,11,0,37,0,2,11,4,17,0,28,22,4,54,0,0,0,54
12/27/2002,PAH,KY,ASO,CE,Federal Contract Tower,0,25,19,0,44,0,0,12,0,12,0,25,31,0,56,0,0,0,56
12/28/2002,PAH,KY,ASO,CE,Federal Contract Tower,0,11,6,0,17,0,0,23,2,25,0,11,29,2,42,2,0,2,44
12/29/2002,PAH,KY,ASO,CE,Federal Contract Tower,0,12,9,0,21,0,0,22,0,22,0,12,31,0,43,2,0,2,45
12/30/2002,PAH,KY,ASO,CE,Federal Contract Tower,0,19,21,0,40,0,0,6,0,6,0,19,27,0,46,0,0,0,46
12/31/2002,PAH,KY,ASO,CE,Federal Contract Tower,0,21,10,0,31,0,0,0,0,0,0,21,10,0,31,0,0,0,31
01/01/2003,PAH,KY,ASO,CE,Federal Contract Tower,0,12,9,0,21,0,0,0,0,0,0,12,9,0,21,0,0,0,21
01/02/2003,PAH,KY,ASO,CE,Federal Contract Tower,0,16,14,0,30,0,4,0,0,4,0,20,14,0,34,0,0,0,34
01/03/2003,PAH,KY,ASO,CE,Federal Contract Tower,0,19,24,0,43,0,1,17,0,18,0,20,41,0,61,58,0,58,119
01/04/2003,PAH,KY,ASO,CE,Federal Contract Tower,0,11,4,0,15,0,0,36,0,36,0,11,40,0,51,24,0,24,75
01/05/2003,PAH,KY,ASO,CE,Federal Contract Tower,0,12,5,0,17,0,0,4,0,4,0,12,9,0,21,12,0,12,33
01/06/2003,PAH,KY,ASO,CE,Federal Contract Tower,0,24,11,0,35,0,2,4,4,10,0,26,15,4,45,26,4,30,75
01/07/2003,PAH,KY,ASO,CE,Federal Contract Tower,0,21,11,0,32,0,3,40,0,43,0,24,51,0,75,32,0,32,107
01/08/2003,PAH,KY,ASO,CE,Federal Contract Tower,0,23,29,0,52,0,2,40,0,42,0,25,69,0,94,16,0,16,110
01/09/2003,PAH,KY,ASO,CE,Federal Contract Tower,0,20,13,2,35,0,2,42,0,44,0,22,55,2,79,36,4,40,119
01/10/2003,PAH,KY,ASO,CE,Federal Contract Tower,0,24,16,0,40,0,0,27,2,29,0,24,43,2,69,4,0,4,73
01/11/2003,PAH,KY,ASO,CE,Federal Contract Tower,0,8,10,0,18,0,0,21,0,21,0,8,31,0,39,14,0,14,53
01/12/2003,PAH,KY,ASO,CE,Federal Contract Tower,0,11,5,0,16,0,0,20,0,20,0,11,25,0,36,34,0,34,70
01/13/2003,PAH,KY,ASO,CE,Federal Contract Tower,0,0,0,0,0,0,24,35,4,63,0,24,35,4,63,14,0,14,77
01/14/2003,PAH,KY,ASO,CE,Federal Contract Tower,0,0,0,0,0,0,24,44,0,68,0,24,44,0,68,42,0,42,110
01/15/2003,PAH,KY,ASO,CE,Federal Contract Tower,0,26,19,0,45,0,0,15,4,19,0,26,34,4,64,28,0,28,92
01/16/2003,PAH,KY,ASO,CE,Federal Contract Tower,0,20,4,0,24,0,0,0,0,0,0,20,4,0,24,0,0,0,24
01/17/2003,PAH,KY,ASO,CE,Federal Contract Tower,2,24,23,0,49,0,2,12,2,16,2,26,35,2,65,6,14,20,85
01/18/2003,PAH,KY,ASO,CE,Federal Contract Tower,0,10,11,0,21,0,0,6,0,6,0,10,17,0,27,0,0,0,27
01/19/2003,PAH,KY,ASO,CE,Federal Contract Tower,0,12,8,0,20,0,0,23,0,23,0,12,31,0,43,0,0,0,43
01/20/2003,PAH,KY,ASO,CE,Federal Contract Tower,0,15,15,0,30,0,1,19,0,20,0,16,34,0,50,32,0,32,82
01/21/2003,PAH,KY,ASO,CE,Federal Contract Tower,0,25,11,0,36,0,2,22,0,24,0,27,33,0,60,12,0,12,72
01/22/2003,PAH,KY,ASO,CE,Federal Contract Tower,0,23,10,0,33,0,6,21,0,27,0,29,31,0,60,4,0,4,64
01/23/2003,PAH,KY,ASO,CE,Federal Contract Tower,0,21,7,2,30,0,2,19,4,25,0,23,26,6,55,26,0,26,81
01/24/2003,PAH,KY,ASO,CE,Federal Contract Tower,0,26,11,0,37,0,0,13,0,13,0,26,24,0,50,28,0,28,78
01/25/2003,PAH,KY,ASO,CE,Federal Contract Tower,0,13,4,0,17,0,0,30,0,30,0,13,34,0,47,24,0,24,71
01/26/2003,PAH,KY,ASO,CE,Federal Contract Tower,0,17,3,0,20,0,0,14,0,14,0,17,17,0,34,6,0,6,40
01/27/2003,PAH,KY,ASO,CE,Federal Contract Tower,0,23,16,0,39,0,5,24,0,29,0,28,40,0,68,28,0,28,96
01/28/2003,PAH,KY,ASO,CE,Federal Contract Tower,0,27,16,0,43,0,0,5,0,5,0,27,21,0,48,24,0,24,72
01/29/2003,PAH,KY,ASO,CE,Federal Contract Tower,0,23,11,0,34,0,2,1,0,3,0,25,12,0,37,4,0,4,41
01/30/2003,PAH,KY,ASO,CE,Federal Contract Tower,0,26,10,0,36,0,1,15,0,16,0,27,25,0,52,28,0,28,80
01/31/2003,PAH,KY,ASO,CE,Federal Contract Tower,0,26,6,1,33,0,0,6,1,7,0,26,12,2,40,10,0,10,50
02/01/2003,PAH,KY,ASO,CE,Federal Contract Tower,0,8,6,0,14,0,0,31,2,33,0,8,37,2,47,30,0,30,77
02/02/2003,PAH,KY,ASO,CE,Federal Contract Tower,0,12,8,0,20,0,0,34,0,34,0,12,42,0,54,32,0,32,86
02/03/2003,PAH,KY,ASO,CE,Federal Contract Tower,0,24,13,0,37,0,0,2,2,4,0,24,15,2,41,0,0,0,41
02/04/2003,PAH,KY,ASO,CE,Federal Contract Tower,0,23,4,0,27,0,2,24,0,26,0,25,28,0,53,10,0,10,63
02/05/2003,PAH,KY,ASO,CE,Federal Contract Tower,0,23,14,0,37,0,2,29,0,31,0,25,43,0,68,0,0,0,68
02/06/2003,PAH,KY,ASO,CE,Federal Contract Tower,0,26,10,0,36,0,0,0,0,0,0,26,10,0,36,0,0,0,36
02/07/2003,PAH,KY,ASO,CE,Federal Contract Tower,0,21,13,0,34,0,2,19,0,21,0,23,32,0,55,0,0,0,55
02/08/2003,PAH,KY,ASO,CE,Federal Contract Tower,0,10,12,0,22,0,0,33,0,33,0,10,45,0,55,40,0,40,95
02/09/2003,PAH,KY,ASO,CE,Federal Contract Tower,0,11,5,2,18,0,0,4,0,4,0,11,9,2,22,6,0,6,28
02/10/2003,PAH,KY,ASO,CE,Federal Contract Tower,0,24,9,0,33,0,1,17,0,18,0,25,26,0,51,18,0,18,69
02/11/2003,PAH,KY,ASO,CE,Federal Contract Tower,0,20,5,1,26,0,0,24,1,25,0,20,29,2,51,50,0,50,101
02/12/2003,PAH,KY,ASO,CE,Federal Contract Tower,0,23,11,0,34,0,2,40,0,42,0,25,51,0,76,48,0,48,124
02/13/2003,PAH,KY,ASO,CE,Federal Contract Tower,0,25,17,0,42,0,1,41,0,42,0,26,58,0,84,70,0,70,154
02/14/2003,PAH,KY,ASO,CE,Federal Contract Tower,0,22,15,0,37,0,0,2,0,2,0,22,17,0,39,0,0,0,39
02/15/2003,PAH,KY,ASO,CE,Federal Contract Tower,0,8,6,0,14,0,0,0,0,0,0,8,6,0,14,0,0,0,14
02/16/2003,PAH,KY,ASO,CE,Federal Contract Tower,0,0,1,0,1,0,0,0,0,0,0,0,1,0,1,0,0,0,1
02/17/2003,PAH,KY,ASO,CE,Federal Contract Tower,0,2,8,1,11,0,2,1,1,4,0,4,9,2,15,0,0,0,15
02/18/2003,PAH,KY,ASO,CE,Federal Contract Tower,0,15,7,0,22,0,0,24,0,24,0,15,31,0,46,0,0,0,46
02/19/2003,PAH,KY,ASO,CE,Federal Contract Tower,0,20,11,0,31,0,0,0,0,0,0,20,11,0,31,0,0,0,31
02/20/2003,PAH,KY,ASO,CE,Federal Contract Tower,0,27,11,0,38,0,0,0,0,0,0,27,11,0,38,0,0,0,38
02/21/2003,PAH,KY,ASO,CE,Federal Contract Tower,0,27,20,0,47,0,0,0,0,0,0,27,20,0,47,0,0,0,47
02/22/2003,PAH,KY,ASO,CE,Federal Contract Tower,0,8,3,0,11,0,0,0,0,0,0,8,3,0,11,0,0,0,11
02/23/2003,PAH,KY,ASO,CE,Federal Contract Tower,0,12,9,0,21,0,0,5,0,5,0,12,14,0,26,16,0,16,42
02/24/2003,PAH,KY,ASO,CE,Federal Contract Tower,0,21,13,0,34,0,1,11,0,12,0,22,24,0,46,60,0,60,106
02/25/2003,PAH,KY,ASO,CE,Federal Contract Tower,0,28,12,0,40,0,2,22,0,24,0,30,34,0,64,40,0,40,104
02/26/2003,PAH,KY,ASO,CE,Federal Contract Tower,0,23,8,0,31,0,0,0,0,0,0,23,8,0,31,0,0,0,31
02/27/2003,PAH,KY,ASO,CE,Federal Contract Tower,0,22,8,0,30,0,0,2,0,2,0,22,10,0,32,0,0,0,32
02/28/2003,PAH,KY,ASO,CE,Federal Contract Tower,0,21,18,0,39,0,0,0,0,0,0,21,18,0,39,0,0,0,39
03/01/2003,PAH,KY,ASO,CE,Federal Contract Tower,0,10,28,2,40,0,0,1,0,1,0,10,29,2,41,24,0,24,65
03/02/2003,PAH,KY,ASO,CE,Federal Contract Tower,0,12,5,0,17,0,0,8,0,8,0,12,13,0,25,28,0,28,53
03/03/2003,PAH,KY,ASO,CE,Federal Contract Tower,0,22,7,0,29,0,8,63,0,71,0,30,70,0,100,24,0,24,124
03/04/2003,PAH,KY,ASO,CE,Federal Contract Tower,0,25,11,0,36,0,0,24,0,24,0,25,35,0,60,66,0,66,126
03/05/2003,PAH,KY,ASO,CE,Federal Contract Tower,0,22,16,0,38,0,0,0,0,0,0,22,16,0,38,0,0,0,38
03/06/2003,PAH,KY,ASO,CE,Federal Contract Tower,0,23,13,0,36,0,1,29,0,30,0,24,42,0,66,26,0,26,92
03/07/2003,PAH,KY,ASO,CE,Federal Contract Tower,0,26,10,2,38,0,1,31,0,32,0,27,41,2,70,32,0,32,102
03/08/2003,PAH,KY,ASO,CE,Federal Contract Tower,0,9,6,0,15,0,0,19,0,19,0,9,25,0,34,18,0,18,52
03/09/2003,PAH,KY,ASO,CE,Federal Contract Tower,0,15,10,0,25,0,0,21,0,21,0,15,31,0,46,40,0,40,86
03/10/2003,PAH,KY,ASO,CE,Federal Contract Tower,0,23,11,0,34,0,0,41,0,41,0,23,52,0,75,66,0,66,141
03/11/2003,PAH,KY,ASO,CE,Federal Contract Tower,0,32,20,0,52,0,1,45,0,46,0,33,65,0,98,4,0,4,102
03/12/2003,PAH,KY,ASO,CE,Federal Contract Tower,0,24,21,0,45,0,1,18,0,19,0,25,39,0,64,22,0,22,86
03/13/2003,PAH,KY,ASO,CE,Federal Contract Tower,0,0,0,0,0,0,25,21,4,50,0,25,21,4,50,0,0,0,50
03/14/2003,PAH,KY,ASO,CE,Federal Contract Tower,0,26,24,4,54,0,0,7,1,8,0,26,31,5,62,19,0,19,81
03/15/2003,PAH,KY,ASO,CE,Federal Contract Tower,0,9,18,0,27,0,0,16,0,16,0,9,34,0,43,12,0,12,55
03/16/2003,PAH,KY,ASO,CE,Federal Contract Tower,0,13,7,0,20,0,0,27,8,35,0,13,34,8,55,62,0,62,117
03/17/2003,PAH,KY,ASO,CE,Federal Contract Tower,0,20,12,0,32,0,1,27,2,30,0,21,39,2,62,40,0,40,102
03/18/2003,PAH,KY,ASO,CE,Federal Contract Tower,2,24,16,0,42,0,0,7,0,7,2,24,23,0,49,0,0,0,49
03/19/2003,PAH,KY,ASO,CE,Federal Contract Tower,0,20,14,0,34,0,4,31,0,35,0,24,45,0,69,0,0,0,69
03/20/2003,PAH,KY,ASO,CE,Federal Contract Tower,0,21,11,0,32,0,0,9,0,9,0,21,20,0,41,24,0,24,65
03/21/2003,PAH,KY,ASO,CE,Federal Contract Tower,0,21,9,0,30,0,1,19,0,20,0,22,28,0,50,48,0,48,98
03/22/2003,PAH,KY,ASO,CE,Federal Contract Tower,0,11,11,0,22,0,0,39,2,41,0,11,50,2,63,6,0,6,69
03/23/2003,PAH,KY,ASO,CE,Federal Contract Tower,0,11,15,0,26,0,0,37,0,37,0,11,52,0,63,31,0,31,94
03/24/2003,PAH,KY,ASO,CE,Federal Contract Tower,0,20,15,0,35,0,2,34,0,36,0,22,49,0,71,22,0,22,93
03/25/2003,PAH,KY,ASO,CE,Federal Contract Tower,0,17,15,0,32,0,2,19,0,21,0,19,34,0,53,12,0,12,65
03/26/2003,PAH,KY,ASO,CE,Federal Contract Tower,0,17,18,0,35,0,3,44,0,47,0,20,62,0,82,54,0,54,136
03/27/2003,PAH,KY,ASO,CE,Federal Contract Tower,0,23,5,0,28,0,1,28,4,33,0,24,33,4,61,30,0,30,91
03/28/2003,PAH,KY,ASO,CE,Federal Contract Tower,0,24,10,0,34,0,0,9,0,9,0,24,19,0,43,0,0,0,43
03/29/2003,PAH,KY,ASO,CE,Federal Contract Tower,0,10,13,0,23,0,0,30,0,30,0,10,43,0,53,38,0,38,91
03/30/2003,PAH,KY,ASO,CE,Federal Contract Tower,0,14,5,0,19,0,0,38,0,38,0,14,43,0,57,30,0,30,87
03/31/2003,PAH,KY,ASO,CE,Federal Contract Tower,0,24,13,2,39,0,0,25,0,25,0,24,38,2,64,20,0,20,84
04/01/2003,PAH,KY,ASO,CE,Federal Contract Tower,0,20,7,0,27,0,2,21,0,23,0,22,28,0,50,0,0,0,50
04/02/2003,PAH,KY,ASO,CE,Federal Contract Tower,0,22,12,0,34,0,1,23,2,26,0,23,35,2,60,0,0,0,60
04/03/2003,PAH,KY,ASO,CE,Federal Contract Tower,0,21,5,0,26,0,1,22,0,23,0,22,27,0,49,18,0,18,67
04/04/2003,PAH,KY,ASO,CE,Federal Contract Tower,0,22,9,0,31,0,0,17,0,17,0,22,26,0,48,0,0,0,48
04/05/2003,PAH,KY,ASO,CE,Federal Contract Tower,0,9,11,0,20,0,0,26,0,26,0,9,37,0,46,8,0,8,54
04/06/2003,PAH,KY,ASO,CE,Federal Contract Tower,0,17,5,0,22,0,0,0,0,0,0,17,5,0,22,0,0,0,22
04/07/2003,PAH,KY,ASO,CE,Federal Contract Tower,0,26,13,0,39,0,2,15,4,21,0,28,28,4,60,18,0,18,78
04/08/2003,PAH,KY,ASO,CE,Federal Contract Tower,0,30,17,0,47,0,5,13,0,18,0,35,30,0,65,4,0,4,69
04/09/2003,PAH,KY,ASO,CE,Federal Contract Tower,0,22,18,0,40,0,2,5,0,7,0,24,23,0,47,0,0,0,47
04/10/2003,PAH,KY,ASO,CE,Federal Contract Tower,0,20,27,0,47,0,2,42,0,44,0,22,69,0,91,10,0,10,101
04/11/2003,PAH,KY,ASO,CE,Federal Contract Tower,0,21,18,0,39,0,0,48,4,52,0,21,66,4,91,6,0,6,97
04/12/2003,PAH,KY,ASO,CE,Federal Contract Tower,0,8,9,0,17,0,0,49,0,49,0,8,58,0,66,42,0,42,108
04/13/2003,PAH,KY,ASO,CE,Federal Contract Tower,0,12,11,0,23,0,0,50,0,50,0,12,61,0,73,38,0,38,111
04/14/2003,PAH,KY,ASO,CE,Federal Contract Tower,0,21,11,0,32,0,5,29,0,34,0,26,40,0,66,24,0,24,90
04/15/2003,PAH,KY,ASO,CE,Federal Contract Tower,0,21,16,0,37,0,1,41,0,42,0,22,57,0,79,36,0,36,115
04/16/2003,PAH,KY,ASO,CE,Federal Contract Tower,0,22,14,0,36,0,0,18,0,18,0,22,32,0,54,0,0,0,54
04/17/2003,PAH,KY,ASO,CE,Federal Contract Tower,0,22,19,0,41,0,0,12,0,12,0,22,31,0,53,0,0,0,53
04/18/2003,PAH,KY,ASO,CE,Federal Contract Tower,0,25,10,0,35,0,0,25,2,27,0,25,35,2,62,8,4,12,74
04/19/2003,PAH,KY,ASO,CE,Federal Contract Tower,0,10,10,0,20,0,0,31,0,31,0,10,41,0,51,8,0,8,59
04/20/2003,PAH,KY,ASO,CE,Federal Contract Tower,0,16,3,0,19,0,0,17,0,17,0,16,20,0,36,8,0,8,44
04/21/2003,PAH,KY,ASO,CE,Federal Contract Tower,0,18,24,0,42,0,2,29,2,33,0,20,53,2,75,32,0,32,107
04/22/2003,PAH,KY,ASO,CE,Federal Contract Tower,0,22,18,0,40,0,0,46,0,46,0,22,64,0,86,40,0,40,126
04/23/2003,PAH,KY,ASO,CE,Federal Contract Tower,0,26,12,0,38,0,0,48,2,50,0,26,60,2,88,72,0,72,160
04/24/2003,PAH,KY,ASO,CE,Federal Contract Tower,0,25,1,0,26,0,0,2,0,2,0,25,3,0,28,8,0,8,36
04/25/2003,PAH,KY,ASO,CE,Federal Contract Tower,0,28,16,0,44,0,0,4,0,4,0,28,20,0,48,14,0,14,62
04/26/2003,PAH,KY,ASO,CE,Federal Contract Tower,0,8,15,0,23,0,0,40,0,40,0,8,55,0,63,2,0,2,65
04/27/2003,PAH,KY,ASO,CE,Federal Contract Tower,0,18,9,0,27,0,0,31,0,31,0,18,40,0,58,30,0,30,88
04/28/2003,PAH,KY,ASO,CE,Federal Contract Tower,0,25,18,0,43,0,0,26,0,26,0,25,44,0,69,62,0,62,131
04/29/2003,PAH,KY,ASO,CE,Federal Contract Tower,0,17,10,2,29,0,2,31,0,33,0,19,41,2,62,54,0,54,116
04/30/2003,PAH,KY,ASO,CE,Federal Contract Tower,0,19,12,0,31,0,0,47,0,47,0,19,59,0,78,58,0,58,136
05/01/2003,PAH,KY,ASO,CE,Federal Contract Tower,0,22,11,0,33,0,0,9,0,9,0,22,20,0,42,0,0,0,42
05/02/2003,PAH,KY,ASO,CE,Federal Contract Tower,0,19,12,2,33,0,0,13,0,13,0,19,25,2,46,8,0,8,54
05/03/2003,PAH,KY,ASO,CE,Federal Contract Tower,0,10,7,0,17,0,0,30,0,30,0,10,37,0,47,40,0,40,87
05/04/2003,PAH,KY,ASO,CE,Federal Contract Tower,0,11,8,0,19,0,4,4,0,8,0,15,12,0,27,0,0,0,27
05/05/2003,PAH,KY,ASO,CE,Federal Contract Tower,0,21,9,0,30,0,0,10,0,10,0,21,19,0,40,26,0,26,66
05/06/2003,PAH,KY,ASO,CE,Federal Contract Tower,0,24,16,0,40,0,0,13,0,13,0,24,29,0,53,24,0,24,77
05/07/2003,PAH,KY,ASO,CE,Federal Contract Tower,0,22,17,0,39,0,0,21,2,23,0,22,38,2,62,70,0,70,132
05/08/2003,PAH,KY,ASO,CE,Federal Contract Tower,0,21,10,0,31,0,2,5,0,7,0,23,15,0,38,34,0,34,72
05/09/2003,PAH,KY,ASO,CE,Federal Contract Tower,0,20,11,4,35,0,2,37,4,43,0,22,48,8,78,14,0,14,92
05/10/2003,PAH,KY,ASO,CE,Federal Contract Tower,0,14,6,0,20,0,0,16,0,16,0,14,22,0,36,8,0,8,44
05/11/2003,PAH,KY,ASO,CE,Federal Contract Tower,0,16,7,0,23,0,0,14,0,14,0,16,21,0,37,14,0,14,51
05/12/2003,PAH,KY,ASO,CE,Federal Contract Tower,0,19,13,2,34,0,2,35,0,37,0,21,48,2,71,16,0,16,87
05/13/2003,PAH,KY,ASO,CE,Federal Contract Tower,0,20,12,0,32,0,0,49,0,49,0,20,61,0,81,40,0,40,121
05/14/2003,PAH,KY,ASO,CE,Federal Contract Tower,0,20,16,2,38,0,0,17,0,17,0,20,33,2,55,0,0,0,55
05/15/2003,PAH,KY,ASO,CE,Federal Contract Tower,0,24,19,0,43,0,0,17,1,18,0,24,36,1,61,36,0,36,97
05/16/2003,PAH,KY,ASO,CE,Federal Contract Tower,0,19,12,0,31,0,2,12,2,16,0,21,24,2,47,0,0,0,47
05/17/2003,PAH,KY,ASO,CE,Federal Contract Tower,0,13,11,0,24,0,0,9,0,9,0,13,20,0,33,4,0,4,37
05/18/2003,PAH,KY,ASO,CE,Federal Contract Tower,0,10,9,2,21,0,0,10,0,10,0,10,19,2,31,56,0,56,87
05/19/2003,PAH,KY,ASO,CE,Federal Contract Tower,0,23,20,0,43,0,1,16,0,17,0,24,36,0,60,96,0,96,156
05/20/2003,PAH,KY,ASO,CE,Federal Contract Tower,0,25,22,0,47,0,0,2,0,2,0,25,24,0,49,0,0,0,49
05/21/2003,PAH,KY,ASO,CE,Federal Contract Tower,0,22,17,6,45,0,2,34,0,36,0,24,51,6,81,22,0,22,103
05/22/2003,PAH,KY,ASO,CE,Federal Contract Tower,0,22,20,0,42,0,0,38,0,38,0,22,58,0,80,32,0,32,112
05/23/2003,PAH,KY,ASO,CE,Federal Contract Tower,0,19,11,0,30,0,2,27,0,29,0,21,38,0,59,30,0,30,89
05/24/2003,PAH,KY,ASO,CE,Federal Contract Tower,0,10,10,0,20,0,0,40,0,40,0,10,50,0,60,32,0,32,92
05/25/2003,PAH,KY,ASO,CE,Federal Contract Tower,0,13,3,0,16,0,0,12,0,12,0,13,15,0,28,14,0,14,42
05/26/2003,PAH,KY,ASO,CE,Federal Contract Tower,1,14,7,0,22,0,0,42,0,42,1,14,49,0,64,50,0,50,114
05/27/2003,PAH,KY,ASO,CE,Federal Contract Tower,0,18,12,0,30,0,1,37,0,38,0,19,49,0,68,22,0,22,90
05/28/2003,PAH,KY,ASO,CE,Federal Contract Tower,0,19,31,0,50,0,3,29,0,32,0,22,60,0,82,16,0,16,98
05/29/2003,PAH,KY,ASO,CE,Federal Contract Tower,0,15,15,0,30,0,7,32,4,43,0,22,47,4,73,64,0,64,137
05/30/2003,PAH,KY,ASO,CE,Federal Contract Tower,0,19,10,0,29,0,1,17,0,18,0,20,27,0,47,6,0,6,53
05/31/2003,PAH,KY,ASO,CE,Federal Contract Tower,0,12,8,0,20,0,0,14,0,14,0,12,22,0,34,10,0,10,44
06/01/2003,PAH,KY,ASO,CE,Federal Contract Tower,0,16,13,0,29,0,0,33,0,33,0,16,46,0,62,46,0,46,108
06/02/2003,PAH,KY,ASO,CE,Federal Contract Tower,0,19,13,0,32,0,2,40,0,42,0,21,53,0,74,38,0,38,112
06/03/2003,PAH,KY,ASO,CE,Federal Contract Tower,0,25,11,0,36,0,1,7,0,8,0,26,18,0,44,42,0,42,86
06/04/2003,PAH,KY,ASO,CE,Federal Contract Tower,0,21,11,0,32,0,0,25,0,25,0,21,36,0,57,36,0,36,93
06/05/2003,PAH,KY,ASO,CE,Federal Contract Tower,0,19,23,2,44,0,2,33,0,35,0,21,56,2,79,68,4,72,151
06/06/2003,PAH,KY,ASO,CE,Federal Contract Tower,0,18,16,0,34,0,2,14,0,16,0,20,30,0,50,52,0,52,102
06/07/2003,PAH,KY,ASO,CE,Federal Contract Tower,0,15,8,0,23,0,2,11,0,13,0,17,19,0,36,0,0,0,36
06/08/2003,PAH,KY,ASO,CE,Federal Contract Tower,0,14,11,0,25,0,0,13,0,13,0,14,24,0,38,6,0,6,44
06/09/2003,PAH,KY,ASO,CE,Federal Contract Tower,0,18,12,0,30,0,2,50,0,52,0,20,62,0,82,136,0,136,218
06/10/2003,PAH,KY,ASO,CE,Federal Contract Tower,0,25,14,0,39,0,2,4,0,6,0,27,18,0,45,40,0,40,85
06/11/2003,PAH,KY,ASO,CE,Federal Contract Tower,0,21,9,0,30,0,0,1,0,1,0,21,10,0,31,0,0,0,31
06/12/2003,PAH,KY,ASO,CE,Federal Contract Tower,0,20,20,0,40,0,0,9,0,9,0,20,29,0,49,58,0,58,107
06/13/2003,PAH,KY,ASO,CE,Federal Contract Tower,0,19,11,0,30,0,0,23,0,23,0,19,34,0,53,50,0,50,103
06/14/2003,PAH,KY,ASO,CE,Federal Contract Tower,0,11,5,0,16,0,0,20,0,20,0,11,25,0,36,42,0,42,78
06/15/2003,PAH,KY,ASO,CE,Federal Contract Tower,0,0,0,0,0,0,15,26,0,41,0,15,26,0,41,2,0,2,43
06/16/2003,PAH,KY,ASO,CE,Federal Contract Tower,0,22,12,5,39,0,0,21,0,21,0,22,33,5,60,8,0,8,68
06/17/2003,PAH,KY,ASO,CE,Federal Contract Tower,0,20,17,0,37,0,1,11,0,12,0,21,28,0,49,24,0,24,73
06/18/2003,PAH,KY,ASO,CE,Federal Contract Tower,0,26,26,1,53,0,1,8,1,10,0,27,34,2,63,8,0,8,71
06/19/2003,PAH,KY,ASO,CE,Federal Contract Tower,0,21,21,0,42,0,2,16,0,18,0,23,37,0,60,22,0,22,82
06/20/2003,PAH,KY,ASO,CE,Federal Contract Tower,0,23,17,0,40,0,2,39,0,41,0,25,56,0,81,20,0,20,101
06/21/2003,PAH,KY,ASO,CE,Federal Contract Tower,0,11,6,0,17,0,0,53,0,53,0,11,59,0,70,16,0,16,86
06/22/2003,PAH,KY,ASO,CE,Federal Contract Tower,0,14,15,0,29,0,0,58,0,58,0,14,73,0,87,0,0,0,87
06/23/2003,PAH,KY,ASO,CE,Federal Contract Tower,0,18,19,0,37,0,2,35,0,37,0,20,54,0,74,14,0,14,88
06/24/2003,PAH,KY,ASO,CE,Federal Contract Tower,0,22,9,2,33,0,2,31,0,33,0,24,40,2,66,2,0,2,68
06/25/2003,PAH,KY,ASO,CE,Federal Contract Tower,0,20,22,0,42,0,2,18,0,20,0,22,40,0,62,12,0,12,74
06/26/2003,PAH,KY,ASO,CE,Federal Contract Tower,0,26,12,0,38,0,0,7,0,7,0,26,19,0,45,4,0,4,49
06/27/2003,PAH,KY,ASO,CE,Federal Contract Tower,0,21,14,0,35,0,2,55,2,59,0,23,69,2,94,24,0,24,118
06/28/2003,PAH,KY,ASO,CE,Federal Contract Tower,0,13,2,0,15,0,0,33,0,33,0,13,35,0,48,20,0,20,68
06/29/2003,PAH,KY,ASO,CE,Federal Contract Tower,0,16,13,4,33,0,0,28,4,32,0,16,41,8,65,8,0,8,73
06/30/2003,PAH,KY,ASO,CE,Federal Contract Tower,0,25,12,0,37,0,0,8,2,10,0,25,20,2,47,22,0,22,69
07/01/2003,PAH,KY,ASO,CE,Federal Contract Tower,0,19,10,0,29,0,0,6,0,6,0,19,16,0,35,50,0,50,85
07/02/2003,PAH,KY,ASO,CE,Federal Contract Tower,0,18,19,2,39,0,2,42,0,44,0,20,61,2,83,48,0,48,131
07/03/2003,PAH,KY,ASO,CE,Federal Contract Tower,0,23,8,0,31,0,2,36,0,38,0,25,44,0,69,42,0,42,111
07/04/2003,PAH,KY,ASO,CE,Federal Contract Tower,0,12,5,0,17,0,0,20,2,22,0,12,25,2,39,10,0,10,49
07/05/2003,PAH,KY,ASO,CE,Federal Contract Tower,0,12,2,0,14,0,0,13,0,13,0,12,15,0,27,8,0,8,35
07/06/2003,PAH,KY,ASO,CE,Federal Contract Tower,0,12,7,0,19,0,1,23,0,24,0,13,30,0,43,0,0,0,43
07/07/2003,PAH,KY,ASO,CE,Federal Contract Tower,0,22,14,0,36,0,0,17,0,17,0,22,31,0,53,10,0,10,63
07/08/2003,PAH,KY,ASO,CE,Federal Contract Tower,0,25,21,1,47,0,0,19,1,20,0,25,40,2,67,16,0,16,83
07/09/2003,PAH,KY,ASO,CE,Federal Contract Tower,0,22,15,4,41,0,1,14,4,19,0,23,29,8,60,2,10,12,72
07/10/2003,PAH,KY,ASO,CE,Federal Contract Tower,0,28,20,0,48,0,1,22,0,23,0,29,42,0,71,26,0,26,97
07/11/2003,PAH,KY,ASO,CE,Federal Contract Tower,0,18,22,4,44,0,1,36,1,38,0,19,58,5,82,30,0,30,112
07/12/2003,PAH,KY,ASO,CE,Federal Contract Tower,0,11,20,0,31,0,0,39,0,39,0,11,59,0,70,28,0,28,98
07/13/2003,PAH,KY,ASO,CE,Federal Contract Tower,0,15,11,0,26,0,2,33,0,35,0,17,44,0,61,10,0,10,71
07/14/2003,PAH,KY,ASO,CE,Federal Contract Tower,0,21,10,2,33,0,3,30,0,33,0,24,40,2,66,22,32,54,120
07/15/2003,PAH,KY,ASO,CE,Federal Contract Tower,0,26,14,0,40,0,0,20,0,20,0,26,34,0,60,44,0,44,104
07/16/2003,PAH,KY,ASO,CE,Federal Contract Tower,0,27,15,0,42,0,4,20,0,24,0,31,35,0,66,10,0,10,76
07/17/2003,PAH,KY,ASO,CE,Federal Contract Tower,2,16,17,0,35,0,4,28,0,32,2,20,45,0,67,18,0,18,85
07/18/2003,PAH,KY,ASO,CE,Federal Contract Tower,0,24,6,0,30,0,1,7,0,8,0,25,13,0,38,0,0,0,38
07/19/2003,PAH,KY,ASO,CE,Federal Contract Tower,0,12,14,0,26,0,0,9,0,9,0,12,23,0,35,6,0,6,41
07/20/2003,PAH,KY,ASO,CE,Federal Contract Tower,0,14,12,0,26,0,0,18,0,18,0,14,30,0,44,2,0,2,46
07/21/2003,PAH,KY,ASO,CE,Federal Contract Tower,0,20,13,0,33,0,1,17,0,18,0,21,30,0,51,16,0,16,67
07/22/2003,PAH,KY,ASO,CE,Federal Contract Tower,0,13,13,0,26,0,1,19,4,24,0,14,32,4,50,6,0,6,56
07/23/2003,PAH,KY,ASO,CE,Federal Contract Tower,0,25,26,0,51,0,0,21,0,21,0,25,47,0,72,10,0,10,82
07/24/2003,PAH,KY,ASO,CE,Federal Contract Tower,0,28,14,0,42,0,0,59,0,59,0,28,73,0,101,46,0,46,147
07/25/2003,PAH,KY,ASO,CE,Federal Contract Tower,0,22,9,0,31,0,0,47,0,47,0,22,56,0,78,46,0,46,124
07/26/2003,PAH,KY,ASO,CE,Federal Contract Tower,0,14,3,0,17,0,0,47,0,47,0,14,50,0,64,20,0,20,84
07/27/2003,PAH,KY,ASO,CE,Federal Contract Tower,0,13,7,0,20,0,0,21,0,21,0,13,28,0,41,18,0,18,59
07/28/2003,PAH,KY,ASO,CE,Federal Contract Tower,0,19,6,0,25,0,2,12,0,14,0,21,18,0,39,32,0,32,71
07/29/2003,PAH,KY,ASO,CE,Federal Contract Tower,0,23,15,1,39,0,0,14,2,16,0,23,29,3,55,22,0,22,77
07/30/2003,PAH,KY,ASO,CE,Federal Contract Tower,0,19,9,1,29,0,0,29,0,29,0,19,38,1,58,6,0,6,64
07/31/2003,PAH,KY,ASO,CE,Federal Contract Tower,0,24,10,0,34,0,1,34,0,35,0,25,44,0,69,34,0,34,103
08/01/2003,PAH,KY,ASO,CE,Federal Contract Tower,0,19,22,0,41,0,1,30,0,31,0,20,52,0,72,54,0,54,126
08/02/2003,PAH,KY,ASO,CE,Federal Contract Tower,0,11,6,0,17,0,0,19,0,19,0,11,25,0,36,24,0,24,60
08/03/2003,PAH,KY,ASO,CE,Federal Contract Tower,0,16,17,0,33,0,2,16,0,18,0,18,33,0,51,0,0,0,51
08/04/2003,PAH,KY,ASO,CE,Federal Contract Tower,0,22,20,0,42,0,0,17,0,17,0,22,37,0,59,18,0,18,77
08/05/2003,PAH,KY,ASO,CE,Federal Contract Tower,0,23,13,0,36,0,0,27,0,27,0,23,40,0,63,36,0,36,99
08/06/2003,PAH,KY,ASO,CE,Federal Contract Tower,0,25,11,0,36,0,0,39,2,41,0,25,50,2,77,24,0,24,101
08/07/2003,PAH,KY,ASO,CE,Federal Contract Tower,0,21,4,0,25,0,0,18,0,18,0,21,22,0,43,34,0,34,77
08/08/2003,PAH,KY,ASO,CE,Federal Contract Tower,0,26,13,0,39,0,0,61,5,66,0,26,74,5,105,42,0,42,147
08/09/2003,PAH,KY,ASO,CE,Federal Contract Tower,0,10,12,0,22,0,0,22,0,22,0,10,34,0,44,52,0,52,96
08/10/2003,PAH,KY,ASO,CE,Federal Contract Tower,0,12,8,0,20,0,0,34,0,34,0,12,42,0,54,20,0,20,74
08/11/2003,PAH,KY,ASO,CE,Federal Contract Tower,0,21,13,0,34,0,1,15,2,18,0,22,28,2,52,8,0,8,60
08/12/2003,PAH,KY,ASO,CE,Federal Contract Tower,0,21,21,0,42,0,1,24,0,25,0,22,45,0,67,6,0,6,73
08/13/2003,PAH,KY,ASO,CE,Federal Contract Tower,0,21,13,0,34,0,1,36,0,37,0,22,49,0,71,52,0,52,123
08/14/2003,PAH,KY,ASO,CE,Federal Contract Tower,0,25,16,0,41,0,1,40,0,41,0,26,56,0,82,46,0,46,128
08/15/2003,PAH,KY,ASO,CE,Federal Contract Tower,0,19,21,0,40,0,0,40,2,42,0,19,61,2,82,16,0,16,98
08/16/2003,PAH,KY,ASO,CE,Federal Contract Tower,0,12,3,0,15,0,1,22,0,23,0,13,25,0,38,6,0,6,44
08/17/2003,PAH,KY,ASO,CE,Federal Contract Tower,0,12,14,0,26,0,0,40,0,40,0,12,54,0,66,12,0,12,78
08/18/2003,PAH,KY,ASO,CE,Federal Contract Tower,0,24,10,0,34,0,1,24,0,25,0,25,34,0,59,8,0,8,67
08/19/2003,PAH,KY,ASO,CE,Federal Contract Tower,0,29,10,0,39,0,0,34,0,34,0,29,44,0,73,14,0,14,87
08/20/2003,PAH,KY,ASO,CE,Federal Contract Tower,0,27,13,0,40,0,0,23,0,23,0,27,36,0,63,36,0,36,99
08/21/2003,PAH,KY,ASO,CE,Federal Contract Tower,0,25,6,0,31,0,0,22,0,22,0,25,28,0,53,14,0,14,67
08/22/2003,PAH,KY,ASO,CE,Federal Contract Tower,0,23,17,2,42,0,0,14,0,14,0,23,31,2,56,12,0,12,68
08/23/2003,PAH,KY,ASO,CE,Federal Contract Tower,0,12,6,0,18,0,2,30,0,32,0,14,36,0,50,6,0,6,56
08/24/2003,PAH,KY,ASO,CE,Federal Contract Tower,0,15,2,0,17,0,0,15,0,15,0,15,17,0,32,10,0,10,42
08/25/2003,PAH,KY,ASO,CE,Federal Contract Tower,0,29,26,0,55,0,1,20,0,21,0,30,46,0,76,4,0,4,80
08/26/2003,PAH,KY,ASO,CE,Federal Contract Tower,0,21,23,0,44,0,1,12,0,13,0,22,35,0,57,20,0,20,77
08/27/2003,PAH,KY,ASO,CE,Federal Contract Tower,0,24,16,0,40,0,1,29,0,30,0,25,45,0,70,8,0,8,78
08/28/2003,PAH,KY,ASO,CE,Federal Contract Tower,0,24,14,0,38,0,1,31,0,32,0,25,45,0,70,10,0,10,80
08/29/2003,PAH,KY,ASO,CE,Federal Contract Tower,0,18,18,0,36,0,1,26,0,27,0,19,44,0,63,0,0,0,63
08/30/2003,PAH,KY,ASO,CE,Federal Contract Tower,0,14,7,0,21,0,0,8,0,8,0,14,15,0,29,0,0,0,29
08/31/2003,PAH,KY,ASO,CE,Federal Contract Tower,0,14,5,0,19,0,0,12,0,12,0,14,17,0,31,0,0,0,31
09/01/2003,PAH,KY,ASO,CE,Federal Contract Tower,0,10,13,0,23,0,1,10,0,11,0,11,23,0,34,20,0,20,54
09/02/2003,PAH,KY,ASO,CE,Federal Contract Tower,0,27,9,0,36,0,1,0,0,1,0,28,9,0,37,0,0,0,37
09/03/2003,PAH,KY,ASO,CE,Federal Contract Tower,0,28,18,3,49,0,1,6,1,8,0,29,24,4,57,2,2,4,61
09/04/2003,PAH,KY,ASO,CE,Federal Contract Tower,0,26,21,2,49,0,10,51,2,63,0,36,72,4,112,0,0,0,112
09/05/2003,PAH,KY,ASO,CE,Federal Contract Tower,0,19,13,0,32,0,3,42,4,49,0,22,55,4,81,30,0,30,111
09/06/2003,PAH,KY,ASO,CE,Federal Contract Tower,0,7,11,0,18,0,1,31,0,32,0,8,42,0,50,10,0,10,60
09/07/2003,PAH,KY,ASO,CE,Federal Contract Tower,2,11,5,2,20,0,1,20,2,23,2,12,25,4,43,8,0,8,51
09/08/2003,PAH,KY,ASO,CE,Federal Contract Tower,0,17,17,0,34,0,3,24,0,27,0,20,41,0,61,14,0,14,75
09/09/2003,PAH,KY,ASO,CE,Federal Contract Tower,0,21,31,2,54,0,2,35,0,37,0,23,66,2,91,20,0,20,111
09/10/2003,PAH,KY,ASO,CE,Federal Contract Tower,0,20,12,0,32,0,2,31,0,33,0,22,43,0,65,48,0,48,113
09/11/2003,PAH,KY,ASO,CE,Federal Contract Tower,0,21,16,0,37,0,1,26,0,27,0,22,42,0,64,6,0,6,70
09/12/2003,PAH,KY,ASO,CE,Federal Contract Tower,0,21,10,2,33,0,2,33,2,37,0,23,43,4,70,14,0,14,84
09/13/2003,PAH,KY,ASO,CE,Federal Contract Tower,0,11,15,0,26,0,0,9,0,9,0,11,24,0,35,6,0,6,41
09/14/2003,PAH,KY,ASO,CE,Federal Contract Tower,0,11,9,0,20,0,1,13,0,14,0,12,22,0,34,14,0,14,48
09/15/2003,PAH,KY,ASO,CE,Federal Contract Tower,0,27,13,0,40,0,0,12,1,13,0,27,25,1,53,10,0,10,63
09/16/2003,PAH,KY,ASO,CE,Federal Contract Tower,0,20,8,0,28,0,1,41,3,45,0,21,49,3,73,22,0,22,95
09/17/2003,PAH,KY,ASO,CE,Federal Contract Tower,0,22,16,0,38,0,2,26,0,28,0,24,42,0,66,8,0,8,74
09/18/2003,PAH,KY,ASO,CE,Federal Contract Tower,0,23,25,0,48,0,1,59,4,64,0,24,84,4,112,48,0,48,160
09/19/2003,PAH,KY,ASO,CE,Federal Contract Tower,0,24,11,0,35,0,1,12,0,13,0,25,23,0,48,26,0,26,74
09/20/2003,PAH,KY,ASO,CE,Federal Contract Tower,0,10,9,0,19,0,0,33,1,34,0,10,42,1,53,32,0,32,85
09/21/2003,PAH,KY,ASO,CE,Federal Contract Tower,0,12,13,2,27,0,0,20,1,21,0,12,33,3,48,20,0,20,68
09/22/2003,PAH,KY,ASO,CE,Federal Contract Tower,0,22,15,2,39,0,1,18,0,19,0,23,33,2,58,14,0,14,72
09/23/2003,PAH,KY,ASO,CE,Federal Contract Tower,0,21,10,0,31,0,3,46,0,49,0,24,56,0,80,34,0,34,114
09/24/2003,PAH,KY,ASO,CE,Federal Contract Tower,0,19,8,6,33,0,3,36,2,41,0,22,44,8,74,36,0,36,110
09/25/2003,PAH,KY,ASO,CE,Federal Contract Tower,0,25,17,0,42,0,1,50,0,51,0,26,67,0,93,46,0,46,139
09/26/2003,PAH,KY,ASO,CE,Federal Contract Tower,0,20,17,0,37,0,1,35,2,38,0,21,52,2,75,64,0,64,139
09/27/2003,PAH,KY,ASO,CE,Federal Contract Tower,0,11,10,0,21,0,0,46,0,46,0,11,56,0,67,14,0,14,81
09/28/2003,PAH,KY,ASO,CE,Federal Contract Tower,0,16,11,0,27,0,0,21,0,21,0,16,32,0,48,6,0,6,54
09/29/2003,PAH,KY,ASO,CE,Federal Contract Tower,0,22,15,0,37,0,2,19,2,23,0,24,34,2,60,0,0,0,60
09/30/2003,PAH,KY,ASO,CE,Federal Contract Tower,0,25,15,2,42,0,1,24,0,25,0,26,39,2,67,36,0,36,103
10/01/2003,PAH,KY,ASO,CE,Federal Contract Tower,1,22,20,0,43,1,2,35,4,42,2,24,55,4,85,2,0,2,87
10/02/2003,PAH,KY,ASO,CE,Federal Contract Tower,0,23,25,0,48,0,0,40,0,40,0,23,65,0,88,42,0,42,130
10/03/2003,PAH,KY,ASO,CE,Federal Contract Tower,0,23,20,0,43,0,4,34,0,38,0,27,54,0,81,8,0,8,89
10/04/2003,PAH,KY,ASO,CE,Federal Contract Tower,0,7,7,0,14,0,1,26,0,27,0,8,33,0,41,14,0,14,55
10/05/2003,PAH,KY,ASO,CE,Federal Contract Tower,0,10,11,0,21,0,0,40,0,40,0,10,51,0,61,12,0,12,73
10/06/2003,PAH,KY,ASO,CE,Federal Contract Tower,0,18,16,0,34,0,11,27,0,38,0,29,43,0,72,14,0,14,86
10/07/2003,PAH,KY,ASO,CE,Federal Contract Tower,0,17,16,1,34,0,7,39,1,47,0,24,55,2,81,20,2,22,103
10/08/2003,PAH,KY,ASO,CE,Federal Contract Tower,0,21,19,0,40,0,1,28,0,29,0,22,47,0,69,10,0,10,79
10/09/2003,PAH,KY,ASO,CE,Federal Contract Tower,0,21,19,0,40,0,1,11,0,12,0,22,30,0,52,6,0,6,58
10/10/2003,PAH,KY,ASO,CE,Federal Contract Tower,0,16,15,0,31,0,6,12,0,18,0,22,27,0,49,34,0,34,83
10/11/2003,PAH,KY,ASO,CE,Federal Contract Tower,0,8,10,0,18,0,0,22,0,22,0,8,32,0,40,16,0,16,56
10/12/2003,PAH,KY,ASO,CE,Federal Contract Tower,0,9,8,0,17,0,1,25,0,26,0,10,33,0,43,0,0,0,43
10/13/2003,PAH,KY,ASO,CE,Federal Contract Tower,0,16,18,0,34,0,0,20,0,20,0,16,38,0,54,10,0,10,64
10/14/2003,PAH,KY,ASO,CE,Federal Contract Tower,0,23,20,0,43,0,3,16,0,19,0,26,36,0,62,0,0,0,62
10/15/2003,PAH,KY,ASO,CE,Federal Contract Tower,0,22,20,1,43,0,6,35,0,41,0,28,55,1,84,6,0,6,90
10/16/2003,PAH,KY,ASO,CE,Federal Contract Tower,0,21,17,1,39,0,2,35,5,42,0,23,52,6,81,22,0,22,103
10/17/2003,PAH,KY,ASO,CE,Federal Contract Tower,0,23,21,0,44,0,0,10,0,10,0,23,31,0,54,0,0,0,54
10/18/2003,PAH,KY,ASO,CE,Federal Contract Tower,0,8,9,0,17,0,0,29,0,29,0,8,38,0,46,18,0,18,64
10/19/2003,PAH,KY,ASO,CE,Federal Contract Tower,0,11,11,0,22,0,0,23,0,23,0,11,34,0,45,12,0,12,57
10/20/2003,PAH,KY,ASO,CE,Federal Contract Tower,0,24,20,1,45,0,3,19,1,23,0,27,39,2,68,10,0,10,78
10/21/2003,PAH,KY,ASO,CE,Federal Contract Tower,0,22,17,1,40,0,3,23,1,27,0,25,40,2,67,12,0,12,79
10/22/2003,PAH,KY,ASO,CE,Federal Contract Tower,0,26,22,0,48,0,1,36,4,41,0,27,58,4,89,24,0,24,113
10/23/2003,PAH,KY,ASO,CE,Federal Contract Tower,0,28,25,0,53,0,1,20,2,23,0,29,45,2,76,6,0,6,82
10/24/2003,PAH,KY,ASO,CE,Federal Contract Tower,0,22,19,0,41,0,3,24,0,27,0,25,43,0,68,26,0,26,94
10/25/2003,PAH,KY,ASO,CE,Federal Contract Tower,0,11,9,0,20,0,0,2,0,2,0,11,11,0,22,0,0,0,22
10/26/2003,PAH,KY,ASO,CE,Federal Contract Tower,0,12,11,0,23,0,0,24,2,26,0,12,35,2,49,2,0,2,51
10/27/2003,PAH,KY,ASO,CE,Federal Contract Tower,0,23,20,0,43,0,5,18,4,27,0,28,38,4,70,2,0,2,72
10/28/2003,PAH,KY,ASO,CE,Federal Contract Tower,0,25,21,0,46,0,0,13,2,15,0,25,34,2,61,0,20,20,81
10/29/2003,PAH,KY,ASO,CE,Federal Contract Tower,0,25,22,0,47,0,5,25,4,34,0,30,47,4,81,10,6,16,97
10/30/2003,PAH,KY,ASO,CE,Federal Contract Tower,0,20,17,0,37,0,3,36,0,39,0,23,53,0,76,8,0,8,84
10/31/2003,PAH,KY,ASO,CE,Federal Contract Tower,0,19,16,0,35,0,2,12,5,19,0,21,28,5,54,22,12,34,88
11/01/2003,PAH,KY,ASO,CE,Federal Contract Tower,1,10,12,0,23,1,0,18,5,24,2,10,30,5,47,6,0,6,53
11/02/2003,PAH,KY,ASO,CE,Federal Contract Tower,0,10,7,0,17,0,3,5,3,11,0,13,12,3,28,12,0,12,40
11/03/2003,PAH,KY,ASO,CE,Federal Contract Tower,0,21,15,1,37,0,2,33,7,42,0,23,48,8,79,24,0,24,103
11/04/2003,PAH,KY,ASO,CE,Federal Contract Tower,0,17,13,0,30,0,7,20,0,27,0,24,33,0,57,26,0,26,83
11/05/2003,PAH,KY,ASO,CE,Federal Contract Tower,0,22,16,0,38,0,0,6,0,6,0,22,22,0,44,16,0,16,60
11/06/2003,PAH,KY,ASO,CE,Federal Contract Tower,0,21,19,2,42,0,0,5,0,5,0,21,24,2,47,2,0,2,49
11/07/2003,PAH,KY,ASO,CE,Federal Contract Tower,0,19,15,1,35,0,3,24,1,28,0,22,39,2,63,22,0,22,85
11/08/2003,PAH,KY,ASO,CE,Federal Contract Tower,0,10,7,0,17,0,0,19,0,19,0,10,26,0,36,32,0,32,68
11/09/2003,PAH,KY,ASO,CE,Federal Contract Tower,0,13,9,0,22,0,0,39,0,39,0,13,48,0,61,16,0,16,77
11/10/2003,PAH,KY,ASO,CE,Federal Contract Tower,0,20,15,0,35,0,9,3,0,12,0,29,18,0,47,0,0,0,47
11/11/2003,PAH,KY,ASO,CE,Federal Contract Tower,0,15,12,0,27,0,0,2,0,2,0,15,14,0,29,0,0,0,29
11/12/2003,PAH,KY,ASO,CE,Federal Contract Tower,0,15,12,1,28,0,9,5,3,17,0,24,17,4,45,6,0,6,51
11/13/2003,PAH,KY,ASO,CE,Federal Contract Tower,0,26,18,0,44,0,6,36,0,42,0,32,54,0,86,18,0,18,104
11/14/2003,PAH,KY,ASO,CE,Federal Contract Tower,0,21,15,0,36,0,5,26,0,31,0,26,41,0,67,30,0,30,97
11/15/2003,PAH,KY,ASO,CE,Federal Contract Tower,0,5,1,0,6,0,3,0,0,3,0,8,1,0,9,0,0,0,9
11/16/2003,PAH,KY,ASO,CE,Federal Contract Tower,0,15,11,0,26,0,0,1,0,1,0,15,12,0,27,0,0,0,27
11/17/2003,PAH,KY,ASO,CE,Federal Contract Tower,0,22,17,2,41,0,0,8,2,10,0,22,25,4,51,8,0,8,59
11/18/2003,PAH,KY,ASO,CE,Federal Contract Tower,0,13,6,0,19,0,7,0,0,7,0,20,6,0,26,0,0,0,26
11/19/2003,PAH,KY,ASO,CE,Federal Contract Tower,0,22,15,0,37,0,0,37,0,37,0,22,52,0,74,8,0,8,82
11/20/2003,PAH,KY,ASO,CE,Federal Contract Tower,0,20,15,1,36,0,0,37,1,38,0,20,52,2,74,18,0,18,92
11/21/2003,PAH,KY,ASO,CE,Federal Contract Tower,0,23,17,1,41,0,0,40,1,41,0,23,57,2,82,56,2,58,140
11/22/2003,PAH,KY,ASO,CE,Federal Contract Tower,0,8,10,0,18,0,0,36,0,36,0,8,46,0,54,16,0,16,70
11/23/2003,PAH,KY,ASO,CE,Federal Contract Tower,0,12,12,0,24,0,0,5,0,5,0,12,17,0,29,0,0,0,29
11/24/2003,PAH,KY,ASO,CE,Federal Contract Tower,0,21,16,0,37,0,0,9,8,17,0,21,25,8,54,6,0,6,60
11/25/2003,PAH,KY,ASO,CE,Federal Contract Tower,0,20,15,0,35,0,3,13,0,16,0,23,28,0,51,14,0,14,65
11/26/2003,PAH,KY,ASO,CE,Federal Contract Tower,0,22,16,0,38,0,1,29,0,30,0,23,45,0,68,44,0,44,112
11/27/2003,PAH,KY,ASO,CE,Federal Contract Tower,0,8,6,0,14,0,0,2,0,2,0,8,8,0,16,0,0,0,16
11/28/2003,PAH,KY,ASO,CE,Federal Contract Tower,0,17,12,0,29,0,3,8,0,11,0,20,20,0,40,8,0,8,48
11/29/2003,PAH,KY,ASO,CE,Federal Contract Tower,0,11,7,0,18,0,0,13,0,13,0,11,20,0,31,0,0,0,31
11/30/2003,PAH,KY,ASO,CE,Federal Contract Tower,0,16,15,0,31,0,0,26,0,26,0,16,41,0,57,0,0,0,57
12/01/2003,PAH,KY,ASO,CE,Federal Contract Tower,0,16,10,0,26,0,5,14,0,19,0,21,24,0,45,0,0,0,45
12/02/2003,PAH,KY,ASO,CE,Federal Contract Tower,0,19,11,0,30,0,3,20,0,23,0,22,31,0,53,26,0,26,79
12/03/2003,PAH,KY,ASO,CE,Federal Contract Tower,0,14,8,0,22,0,5,11,0,16,0,19,19,0,38,74,0,74,112
12/04/2003,PAH,KY,ASO,CE,Federal Contract Tower,0,25,17,0,42,0,0,5,0,5,0,25,22,0,47,4,0,4,51
12/05/2003,PAH,KY,ASO,CE,Federal Contract Tower,0,21,12,0,33,0,4,6,0,10,0,25,18,0,43,0,0,0,43
12/06/2003,PAH,KY,ASO,CE,Federal Contract Tower,0,8,7,0,15,0,0,28,2,30,0,8,35,2,45,28,0,28,73
12/07/2003,PAH,KY,ASO,CE,Federal Contract Tower,0,12,8,0,20,0,0,29,0,29,0,12,37,0,49,14,0,14,63
12/08/2003,PAH,KY,ASO,CE,Federal Contract Tower,0,22,12,0,34,0,1,27,0,28,0,23,39,0,62,10,0,10,72
12/09/2003,PAH,KY,ASO,CE,Federal Contract Tower,0,27,15,0,42,0,0,7,0,7,0,27,22,0,49,16,0,16,65
12/10/2003,PAH,KY,ASO,CE,Federal Contract Tower,0,32,17,0,49,0,3,3,0,6,0,35,20,0,55,6,0,6,61
12/11/2003,PAH,KY,ASO,CE,Federal Contract Tower,0,28,17,0,45,0,0,38,0,38,0,28,55,0,83,10,0,10,93
12/12/2003,PAH,KY,ASO,CE,Federal Contract Tower,0,23,13,0,36,0,4,39,0,43,0,27,52,0,79,44,0,44,123
12/13/2003,PAH,KY,ASO,CE,Federal Contract Tower,0,5,4,0,9,0,1,1,0,2,0,6,5,0,11,6,0,6,17
12/14/2003,PAH,KY,ASO,CE,Federal Contract Tower,0,11,7,0,18,0,0,13,0,13,0,11,20,0,31,6,0,6,37
12/15/2003,PAH,KY,ASO,CE,Federal Contract Tower,0,25,14,0,39,0,0,23,0,23,0,25,37,0,62,4,0,4,66
12/16/2003,PAH,KY,ASO,CE,Federal Contract Tower,0,26,14,0,40,0,0,10,0,10,0,26,24,0,50,0,0,0,50
12/17/2003,PAH,KY,ASO,CE,Federal Contract Tower,0,22,11,1,34,0,0,25,1,26,0,22,36,2,60,18,0,18,78
12/18/2003,PAH,KY,ASO,CE,Federal Contract Tower,0,23,10,0,33,0,7,0,0,7,0,30,10,0,40,30,0,30,70
12/19/2003,PAH,KY,ASO,CE,Federal Contract Tower,0,12,5,0,17,0,3,11,0,14,0,15,16,0,31,0,0,0,31
12/20/2003,PAH,KY,ASO,CE,Federal Contract Tower,0,3,4,0,7,0,0,23,0,23,0,3,27,0,30,4,0,4,34
12/21/2003,PAH,KY,ASO,CE,Federal Contract Tower,0,13,6,0,19,0,4,7,0,11,0,17,13,0,30,0,0,0,30
12/22/2003,PAH,KY,ASO,CE,Federal Contract Tower,0,23,11,0,34,0,3,6,0,9,0,26,17,0,43,6,0,6,49
12/23/2003,PAH,KY,ASO,CE,Federal Contract Tower,0,23,12,0,35,0,3,2,2,7,0,26,14,2,42,4,0,4,46
12/24/2003,PAH,KY,ASO,CE,Federal Contract Tower,0,14,6,0,20,0,2,20,0,22,0,16,26,0,42,0,0,0,42
12/25/2003,PAH,KY,ASO,CE,Federal Contract Tower,0,6,3,0,9,0,0,12,0,12,0,6,15,0,21,10,0,10,31
12/26/2003,PAH,KY,ASO,CE,Federal Contract Tower,0,19,9,0,28,0,3,26,0,29,0,22,35,0,57,10,0,10,67
12/27/2003,PAH,KY,ASO,CE,Federal Contract Tower,0,9,5,0,14,0,0,32,0,32,0,9,37,0,46,14,0,14,60
12/28/2003,PAH,KY,ASO,CE,Federal Contract Tower,0,14,7,0,21,0,2,13,0,15,0,16,20,0,36,4,0,4,40
12/29/2003,PAH,KY,ASO,CE,Federal Contract Tower,0,16,8,0,24,0,6,0,0,6,0,22,8,0,30,0,0,0,30
12/30/2003,PAH,KY,ASO,CE,Federal Contract Tower,0,24,12,0,36,0,0,35,0,35,0,24,47,0,71,40,0,40,111
12/31/2003,PAH,KY,ASO,CE,Federal Contract Tower,0,16,7,0,23,0,4,33,0,37,0,20,40,0,60,30,0,30,90
01/01/2004,PAH,KY,ASO,CE,Federal Contract Tower,0,11,6,0,17,0,1,4,0,5,0,12,10,0,22,6,0,6,28
01/02/2004,PAH,KY,ASO,CE,Federal Contract Tower,0,18,6,0,24,0,8,0,0,8,0,26,6,0,32,2,0,2,34
01/03/2004,PAH,KY,ASO,CE,Federal Contract Tower,0,8,6,0,14,0,0,6,3,9,0,8,12,3,23,0,0,0,23
01/04/2004,PAH,KY,ASO,CE,Federal Contract Tower,0,11,5,0,16,0,2,0,0,2,0,13,5,0,18,0,0,0,18
01/05/2004,PAH,KY,ASO,CE,Federal Contract Tower,0,18,12,0,30,0,2,0,0,2,0,20,12,0,32,0,0,0,32
01/06/2004,PAH,KY,ASO,CE,Federal Contract Tower,0,17,11,0,28,0,6,12,0,18,0,23,23,0,46,20,0,20,66
01/07/2004,PAH,KY,ASO,CE,Federal Contract Tower,0,19,12,0,31,0,6,18,0,24,0,25,30,0,55,4,0,4,59
01/08/2004,PAH,KY,ASO,CE,Federal Contract Tower,0,21,13,0,34,0,1,10,0,11,0,22,23,0,45,20,0,20,65
01/09/2004,PAH,KY,ASO,CE,Federal Contract Tower,0,18,11,0,29,0,5,10,0,15,0,23,21,0,44,14,0,14,58
01/10/2004,PAH,KY,ASO,CE,Federal Contract Tower,0,7,7,0,14,0,0,32,0,32,0,7,39,0,46,8,0,8,54
01/11/2004,PAH,KY,ASO,CE,Federal Contract Tower,0,13,11,0,24,0,0,21,0,21,0,13,32,0,45,0,0,0,45
01/12/2004,PAH,KY,ASO,CE,Federal Contract Tower,0,19,12,0,31,0,0,18,0,18,0,19,30,0,49,0,0,0,49
01/13/2004,PAH,KY,ASO,CE,Federal Contract Tower,0,16,11,0,27,0,5,35,0,40,0,21,46,0,67,24,0,24,91
01/14/2004,PAH,KY,ASO,CE,Federal Contract Tower,0,22,14,0,36,0,0,22,0,22,0,22,36,0,58,6,0,6,64
01/15/2004,PAH,KY,ASO,CE,Federal Contract Tower,0,18,11,0,29,0,2,31,0,33,0,20,42,0,62,64,0,64,126
01/16/2004,PAH,KY,ASO,CE,Federal Contract Tower,0,23,14,0,37,0,3,19,0,22,0,26,33,0,59,20,0,20,79
01/17/2004,PAH,KY,ASO,CE,Federal Contract Tower,0,10,8,0,18,0,0,1,0,1,0,10,9,0,19,0,0,0,19
01/18/2004,PAH,KY,ASO,CE,Federal Contract Tower,0,13,8,0,21,0,0,2,0,2,0,13,10,0,23,0,0,0,23
01/19/2004,PAH,KY,ASO,CE,Federal Contract Tower,0,14,8,0,22,0,1,22,0,23,0,15,30,0,45,6,0,6,51
01/20/2004,PAH,KY,ASO,CE,Federal Contract Tower,0,21,20,0,41,0,0,14,0,14,0,21,34,0,55,26,0,26,81
01/21/2004,PAH,KY,ASO,CE,Federal Contract Tower,0,19,11,0,30,0,3,23,2,28,0,22,34,2,58,6,0,6,64
01/22/2004,PAH,KY,ASO,CE,Federal Contract Tower,0,20,12,0,32,0,0,31,0,31,0,20,43,0,63,68,0,68,131
01/23/2004,PAH,KY,ASO,CE,Federal Contract Tower,0,17,9,0,26,0,6,28,2,36,0,23,37,2,62,20,0,20,82
01/24/2004,PAH,KY,ASO,CE,Federal Contract Tower,0,13,7,0,20,0,0,44,2,46,0,13,51,2,66,48,8,56,122
01/25/2004,PAH,KY,ASO,CE,Federal Contract Tower,0,4,0,0,4,0,2,0,0,2,0,6,0,0,6,0,0,0,6
01/26/2004,PAH,KY,ASO,CE,Federal Contract Tower,0,10,2,0,12,2,1,0,0,3,2,11,2,0,15,0,0,0,15
01/27/2004,PAH,KY,ASO,CE,Federal Contract Tower,0,20,11,0,31,0,2,2,10,14,0,22,13,10,45,8,0,8,53
01/28/2004,PAH,KY,ASO,CE,Federal Contract Tower,0,16,9,0,25,0,6,37,0,43,0,22,46,0,68,8,0,8,76
01/29/2004,PAH,KY,ASO,CE,Federal Contract Tower,0,20,13,0,33,0,0,20,0,20,0,20,33,0,53,30,0,30,83
01/30/2004,PAH,KY,ASO,CE,Federal Contract Tower,0,19,11,0,30,0,1,42,0,43,0,20,53,0,73,4,0,4,77
01/31/2004,PAH,KY,ASO,CE,Federal Contract Tower,0,20,12,0,32,0,0,41,0,41,0,20,53,0,73,4,0,4,77
02/01/2004,PAH,KY,ASO,CE,Federal Contract Tower,0,13,8,0,21,0,2,24,0,26,0,15,32,0,47,14,0,14,61
02/02/2004,PAH,KY,ASO,CE,Federal Contract Tower,0,20,12,0,32,0,1,4,0,5,0,21,16,0,37,0,0,0,37
02/03/2004,PAH,KY,ASO,CE,Federal Contract Tower,0,18,12,0,30,0,4,25,2,31,0,22,37,2,61,32,4,36,97
02/04/2004,PAH,KY,ASO,CE,Federal Contract Tower,0,26,17,0,43,0,1,46,2,49,0,27,63,2,92,32,0,32,124
02/05/2004,PAH,KY,ASO,CE,Federal Contract Tower,0,8,0,0,8,0,6,0,0,6,0,14,0,0,14,0,0,0,14
02/06/2004,PAH,KY,ASO,CE,Federal Contract Tower,0,18,11,0,29,0,1,12,0,13,0,19,23,0,42,52,0,52,94
02/07/2004,PAH,KY,ASO,CE,Federal Contract Tower,0,7,5,0,12,0,2,7,0,9,0,9,12,0,21,0,0,0,21
02/08/2004,PAH,KY,ASO,CE,Federal Contract Tower,0,11,7,0,18,0,0,27,0,27,0,11,34,0,45,18,0,18,63
02/09/2004,PAH,KY,ASO,CE,Federal Contract Tower,0,21,14,0,35,0,0,6,0,6,0,21,20,0,41,22,0,22,63
02/10/2004,PAH,KY,ASO,CE,Federal Contract Tower,0,20,13,0,33,0,0,38,0,38,0,20,51,0,71,68,0,68,139
02/11/2004,PAH,KY,ASO,CE,Federal Contract Tower,0,23,16,0,39,0,0,25,2,27,0,23,41,2,66,42,0,42,108
02/12/2004,PAH,KY,ASO,CE,Federal Contract Tower,0,20,12,0,32,0,4,17,2,23,0,24,29,2,55,38,0,38,93
02/13/2004,PAH,KY,ASO,CE,Federal Contract Tower,0,26,15,0,41,0,5,41,0,46,0,31,56,0,87,32,0,32,119
02/14/2004,PAH,KY,ASO,CE,Federal Contract Tower,0,10,5,0,15,0,2,29,0,31,0,12,34,0,46,30,0,30,76
02/15/2004,PAH,KY,ASO,CE,Federal Contract Tower,0,12,8,0,20,0,0,17,0,17,0,12,25,0,37,20,0,20,57
02/16/2004,PAH,KY,ASO,CE,Federal Contract Tower,0,18,10,0,28,0,0,31,0,31,0,18,41,0,59,54,0,54,113
02/17/2004,PAH,KY,ASO,CE,Federal Contract Tower,0,17,10,0,27,0,5,37,0,42,0,22,47,0,69,56,0,56,125
02/18/2004,PAH,KY,ASO,CE,Federal Contract Tower,0,20,13,0,33,2,0,38,0,40,2,20,51,0,73,32,0,32,105
02/19/2004,PAH,KY,ASO,CE,Federal Contract Tower,0,24,13,0,37,0,2,38,0,40,0,26,51,0,77,18,0,18,95
02/20/2004,PAH,KY,ASO,CE,Federal Contract Tower,0,19,11,0,30,0,6,19,0,25,0,25,30,0,55,0,0,0,55
02/21/2004,PAH,KY,ASO,CE,Federal Contract Tower,0,8,4,0,12,0,0,31,0,31,0,8,35,0,43,66,0,66,109
02/22/2004,PAH,KY,ASO,CE,Federal Contract Tower,0,12,7,0,19,0,0,25,8,33,0,12,32,8,52,52,0,52,104
02/23/2004,PAH,KY,ASO,CE,Federal Contract Tower,0,19,11,0,30,0,8,11,2,21,0,27,22,2,51,26,0,26,77
02/24/2004,PAH,KY,ASO,CE,Federal Contract Tower,0,27,16,0,43,0,0,14,0,14,0,27,30,0,57,0,0,0,57
02/25/2004,PAH,KY,ASO,CE,Federal Contract Tower,0,25,14,0,39,0,0,23,6,29,0,25,37,6,68,30,2,32,100
02/26/2004,PAH,KY,ASO,CE,Federal Contract Tower,0,22,14,0,36,0,0,33,0,33,0,22,47,0,69,44,0,44,113
02/27/2004,PAH,KY,ASO,CE,Federal Contract Tower,0,27,15,0,42,0,8,62,0,70,0,35,77,0,112,72,0,72,184
02/28/2004,PAH,KY,ASO,CE,Federal Contract Tower,0,14,9,0,23,0,0,35,0,35,0,14,44,0,58,22,0,22,80
02/29/2004,PAH,KY,ASO,CE,Federal Contract Tower,0,12,6,0,18,0,4,19,0,23,0,16,25,0,41,8,0,8,49
03/01/2004,PAH,KY,ASO,CE,Federal Contract Tower,0,21,12,0,33,0,6,12,0,18,0,27,24,0,51,0,0,0,51
03/02/2004,PAH,KY,ASO,CE,Federal Contract Tower,0,18,10,0,28,0,1,41,0,42,0,19,51,0,70,36,0,36,106
03/03/2004,PAH,KY,ASO,CE,Federal Contract Tower,0,19,12,0,31,0,0,12,0,12,0,19,24,0,43,0,0,0,43
03/04/2004,PAH,KY,ASO,CE,Federal Contract Tower,0,17,10,0,27,0,5,21,2,28,0,22,31,2,55,38,0,38,93
03/05/2004,PAH,KY,ASO,CE,Federal Contract Tower,0,18,11,0,29,0,6,0,0,6,0,24,11,0,35,0,0,0,35
03/06/2004,PAH,KY,ASO,CE,Federal Contract Tower,0,12,9,0,21,0,0,37,0,37,0,12,46,0,58,14,0,14,72
03/07/2004,PAH,KY,ASO,CE,Federal Contract Tower,0,11,7,0,18,0,0,7,0,7,0,11,14,0,25,0,0,0,25
03/08/2004,PAH,KY,ASO,CE,Federal Contract Tower,0,15,9,0,24,0,3,37,0,40,0,18,46,0,64,44,0,44,108
03/09/2004,PAH,KY,ASO,CE,Federal Contract Tower,0,18,12,0,30,0,2,32,0,34,0,20,44,0,64,38,0,38,102
03/10/2004,PAH,KY,ASO,CE,Federal Contract Tower,0,23,14,0,37,0,4,40,6,50,0,27,54,6,87,102,2,104,191
03/11/2004,PAH,KY,ASO,CE,Federal Contract Tower,0,25,14,0,39,0,3,23,0,26,0,28,37,0,65,58,0,58,123
03/12/2004,PAH,KY,ASO,CE,Federal Contract Tower,0,21,12,1,34,0,0,34,1,35,0,21,46,2,69,54,0,54,123
03/13/2004,PAH,KY,ASO,CE,Federal Contract Tower,0,9,5,0,14,0,1,30,0,31,0,10,35,0,45,22,0,22,67
03/14/2004,PAH,KY,ASO,CE,Federal Contract Tower,0,10,5,0,15,0,0,12,0,12,0,10,17,0,27,0,0,0,27
03/15/2004,PAH,KY,ASO,CE,Federal Contract Tower,0,16,10,0,26,0,6,17,0,23,0,22,27,0,49,4,0,4,53
03/16/2004,PAH,KY,ASO,CE,Federal Contract Tower,0,18,10,0,28,0,4,11,0,15,0,22,21,0,43,4,0,4,47
03/17/2004,PAH,KY,ASO,CE,Federal Contract Tower,0,22,13,0,35,2,0,42,0,44,2,22,55,0,79,62,0,62,141
03/18/2004,PAH,KY,ASO,CE,Federal Contract Tower,0,19,11,0,30,0,4,9,0,13,0,23,20,0,43,0,0,0,43
03/19/2004,PAH,KY,ASO,CE,Federal Contract Tower,0,16,9,0,25,0,6,29,0,35,0,22,38,0,60,18,0,18,78
03/20/2004,PAH,KY,ASO,CE,Federal Contract Tower,0,8,6,0,14,2,0,4,0,6,2,8,10,0,20,0,0,0,20
03/21/2004,PAH,KY,ASO,CE,Federal Contract Tower,0,16,11,0,27,0,0,49,0,49,0,16,60,0,76,54,0,54,130
03/22/2004,PAH,KY,ASO,CE,Federal Contract Tower,0,21,12,0,33,0,8,39,2,49,0,29,51,2,82,26,0,26,108
03/23/2004,PAH,KY,ASO,CE,Federal Contract Tower,0,22,12,0,34,0,0,44,0,44,0,22,56,0,78,48,0,48,126
03/24/2004,PAH,KY,ASO,CE,Federal Contract Tower,0,22,14,0,36,0,0,43,2,45,0,22,57,2,81,46,0,46,127
03/25/2004,PAH,KY,ASO,CE,Federal Contract Tower,0,19,11,0,30,0,3,13,2,18,0,22,24,2,48,14,0,14,62
03/26/2004,PAH,KY,ASO,CE,Federal Contract Tower,0,22,13,0,35,0,0,19,0,19,0,22,32,0,54,2,0,2,56
03/27/2004,PAH,KY,ASO,CE,Federal Contract Tower,0,8,5,0,13,0,0,12,0,12,0,8,17,0,25,18,0,18,43
03/28/2004,PAH,KY,ASO,CE,Federal Contract Tower,0,12,8,0,20,0,0,16,4,20,0,12,24,4,40,8,0,8,48
03/29/2004,PAH,KY,ASO,CE,Federal Contract Tower,0,19,11,0,30,0,0,52,2,54,0,19,63,2,84,32,0,32,116
03/30/2004,PAH,KY,ASO,CE,Federal Contract Tower,0,19,10,0,29,0,3,33,18,54,0,22,43,18,83,34,14,48,131
03/31/2004,PAH,KY,ASO,CE,Federal Contract Tower,0,22,13,0,35,0,1,8,0,9,0,23,21,0,44,0,0,0,44
04/01/2004,PAH,KY,ASO,CE,Federal Contract Tower,0,25,20,1,46,0,0,42,3,45,0,25,62,4,91,16,4,20,111
04/02/2004,PAH,KY,ASO,CE,Federal Contract Tower,0,14,10,0,24,0,9,21,0,30,0,23,31,0,54,0,0,0,54
04/03/2004,PAH,KY,ASO,CE,Federal Contract Tower,0,8,6,0,14,0,2,48,0,50,0,10,54,0,64,46,0,46,110
04/04/2004,PAH,KY,ASO,CE,Federal Contract Tower,0,10,9,1,20,0,0,44,3,47,0,10,53,4,67,34,0,34,101
04/05/2004,PAH,KY,ASO,CE,Federal Contract Tower,0,19,13,0,32,0,5,32,0,37,0,24,45,0,69,32,0,32,101
04/06/2004,PAH,KY,ASO,CE,Federal Contract Tower,0,20,14,1,35,0,7,27,5,39,0,27,41,6,74,46,0,46,120
04/07/2004,PAH,KY,ASO,CE,Federal Contract Tower,0,21,14,0,35,0,3,24,0,27,0,24,38,0,62,30,0,30,92
04/08/2004,PAH,KY,ASO,CE,Federal Contract Tower,0,16,11,1,28,0,5,38,1,44,0,21,49,2,72,28,0,28,100
04/09/2004,PAH,KY,ASO,CE,Federal Contract Tower,0,14,9,0,23,0,3,29,0,32,0,17,38,0,55,28,0,28,83
04/10/2004,PAH,KY,ASO,CE,Federal Contract Tower,0,10,7,0,17,0,0,22,0,22,0,10,29,0,39,14,0,14,53
04/11/2004,PAH,KY,ASO,CE,Federal Contract Tower,0,8,6,0,14,0,2,25,0,27,0,10,31,0,41,8,0,8,49
04/12/2004,PAH,KY,ASO,CE,Federal Contract Tower,0,19,14,0,33,0,3,20,0,23,0,22,34,0,56,20,0,20,76
04/13/2004,PAH,KY,ASO,CE,Federal Contract Tower,0,18,13,0,31,0,7,28,0,35,0,25,41,0,66,44,0,44,110
04/14/2004,PAH,KY,ASO,CE,Federal Contract Tower,0,22,16,1,39,0,2,61,13,76,0,24,77,14,115,32,20,52,167
04/15/2004,PAH,KY,ASO,CE,Federal Contract Tower,0,26,19,1,46,0,0,52,5,57,0,26,71,6,103,80,4,84,187
04/16/2004,PAH,KY,ASO,CE,Federal Contract Tower,0,18,11,1,30,0,4,56,1,61,0,22,67,2,91,54,2,56,147
04/17/2004,PAH,KY,ASO,CE,Federal Contract Tower,0,10,8,0,18,0,0,37,0,37,0,10,45,0,55,18,0,18,73
04/18/2004,PAH,KY,ASO,CE,Federal Contract Tower,0,10,7,0,17,0,0,20,0,20,0,10,27,0,37,0,0,0,37
04/19/2004,PAH,KY,ASO,CE,Federal Contract Tower,0,20,13,0,33,0,6,23,0,29,0,26,36,0,62,20,0,20,82
04/20/2004,PAH,KY,ASO,CE,Federal Contract Tower,0,19,12,0,31,0,3,26,8,37,0,22,38,8,68,24,0,24,92
04/21/2004,PAH,KY,ASO,CE,Federal Contract Tower,0,22,14,0,36,0,2,40,8,50,0,24,54,8,86,36,0,36,122
04/22/2004,PAH,KY,ASO,CE,Federal Contract Tower,0,17,15,0,32,0,0,29,0,29,0,17,44,0,61,34,0,34,95
04/23/2004,PAH,KY,ASO,CE,Federal Contract Tower,0,21,17,0,38,0,0,9,0,9,0,21,26,0,47,0,0,0,47
04/24/2004,PAH,KY,ASO,CE,Federal Contract Tower,0,9,8,0,17,0,0,5,0,5,0,9,13,0,22,0,0,0,22
04/25/2004,PAH,KY,ASO,CE,Federal Contract Tower,0,10,6,0,16,0,3,33,3,39,0,13,39,3,55,38,0,38,93
04/26/2004,PAH,KY,ASO,CE,Federal Contract Tower,0,18,11,0,29,0,6,50,12,68,0,24,61,12,97,88,6,94,191
04/27/2004,PAH,KY,ASO,CE,Federal Contract Tower,0,21,17,0,38,0,0,44,8,52,0,21,61,8,90,48,2,50,140
04/28/2004,PAH,KY,ASO,CE,Federal Contract Tower,0,21,17,0,38,0,0,40,10,50,0,21,57,10,88,32,2,34,122
04/29/2004,PAH,KY,ASO,CE,Federal Contract Tower,0,18,11,0,29,0,2,36,2,40,0,20,47,2,69,32,2,34,103
04/30/2004,PAH,KY,ASO,CE,Federal Contract Tower,0,14,9,0,23,0,4,3,0,7,0,18,12,0,30,6,0,6,36
05/01/2004,PAH,KY,ASO,CE,Federal Contract Tower,0,9,5,0,14,0,0,6,0,6,0,9,11,0,20,0,0,0,20
05/02/2004,PAH,KY,ASO,CE,Federal Contract Tower,0,12,8,0,20,0,3,35,0,38,0,15,43,0,58,44,0,44,102
05/03/2004,PAH,KY,ASO,CE,Federal Contract Tower,0,22,15,1,38,0,1,44,1,46,0,23,59,2,84,70,0,70,154
05/04/2004,PAH,KY,ASO,CE,Federal Contract Tower,0,21,13,1,35,0,4,34,7,45,0,25,47,8,80,24,0,24,104
05/05/2004,PAH,KY,ASO,CE,Federal Contract Tower,0,19,12,1,32,0,2,39,1,42,0,21,51,2,74,42,0,42,116
05/06/2004,PAH,KY,ASO,CE,Federal Contract Tower,0,18,11,0,29,0,2,44,0,46,0,20,55,0,75,34,0,34,109
05/07/2004,PAH,KY,ASO,CE,Federal Contract Tower,0,19,14,1,34,0,0,72,3,75,0,19,86,4,109,54,0,54,163
05/08/2004,PAH,KY,ASO,CE,Federal Contract Tower,0,8,7,0,15,0,0,29,0,29,0,8,36,0,44,18,0,18,62
05/09/2004,PAH,KY,ASO,CE,Federal Contract Tower,0,9,6,0,15,0,4,35,0,39,0,13,41,0,54,16,0,16,70
05/10/2004,PAH,KY,ASO,CE,Federal Contract Tower,0,16,11,1,28,0,4,60,5,69,0,20,71,6,97,32,0,32,129
05/11/2004,PAH,KY,ASO,CE,Federal Contract Tower,0,19,13,0,32,0,3,16,0,19,0,22,29,0,51,42,0,42,93
05/12/2004,PAH,KY,ASO,CE,Federal Contract Tower,0,20,13,1,34,0,4,19,3,26,0,24,32,4,60,22,4,26,86
05/13/2004,PAH,KY,ASO,CE,Federal Contract Tower,0,23,15,1,39,0,0,20,1,21,0,23,35,2,60,16,0,16,76
05/14/2004,PAH,KY,ASO,CE,Federal Contract Tower,0,19,12,1,32,0,2,17,7,26,0,21,29,8,58,40,0,40,98
05/15/2004,PAH,KY,ASO,CE,Federal Contract Tower,0,12,10,1,23,0,0,1,7,8,0,12,11,8,31,0,0,0,31
05/16/2004,PAH,KY,ASO,CE,Federal Contract Tower,0,16,9,1,26,2,0,20,1,23,2,16,29,2,49,22,0,22,71
05/17/2004,PAH,KY,ASO,CE,Federal Contract Tower,0,20,11,1,32,0,5,33,2,40,0,25,44,3,72,6,0,6,78
05/18/2004,PAH,KY,ASO,CE,Federal Contract Tower,0,23,14,1,38,0,0,16,6,22,0,23,30,7,60,28,0,28,88
05/19/2004,PAH,KY,ASO,CE,Federal Contract Tower,0,23,14,1,38,0,2,40,1,43,0,25,54,2,81,32,2,34,115
05/20/2004,PAH,KY,ASO,CE,Federal Contract Tower,0,28,16,1,45,0,2,55,3,60,0,30,71,4,105,42,0,42,147
05/21/2004,PAH,KY,ASO,CE,Federal Contract Tower,0,18,10,0,28,0,3,35,0,38,0,21,45,0,66,22,0,22,88
05/22/2004,PAH,KY,ASO,CE,Federal Contract Tower,0,8,5,0,13,0,0,40,4,44,0,8,45,4,57,28,8,36,93
05/23/2004,PAH,KY,ASO,CE,Federal Contract Tower,0,12,10,0,22,0,0,24,0,24,0,12,34,0,46,8,0,8,54
05/24/2004,PAH,KY,ASO,CE,Federal Contract Tower,0,17,11,0,28,0,8,30,0,38,0,25,41,0,66,30,0,30,96
05/25/2004,PAH,KY,ASO,CE,Federal Contract Tower,0,20,13,0,33,0,1,41,2,44,0,21,54,2,77,44,0,44,121
05/26/2004,PAH,KY,ASO,CE,Federal Contract Tower,0,22,16,0,38,0,0,36,0,36,0,22,52,0,74,30,0,30,104
05/27/2004,PAH,KY,ASO,CE,Federal Contract Tower,0,23,15,0,38,0,4,32,2,38,0,27,47,2,76,20,4,24,100
05/28/2004,PAH,KY,ASO,CE,Federal Contract Tower,0,21,13,0,34,0,2,27,0,29,0,23,40,0,63,58,0,58,121
05/29/2004,PAH,KY,ASO,CE,Federal Contract Tower,0,13,7,0,20,0,0,25,0,25,0,13,32,0,45,24,0,24,69
05/30/2004,PAH,KY,ASO,CE,Federal Contract Tower,0,10,7,0,17,0,0,35,0,35,0,10,42,0,52,62,0,62,114
05/31/2004,PAH,KY,ASO,CE,Federal Contract Tower,0,14,9,0,23,0,2,24,2,28,0,16,33,2,51,56,0,56,107
06/01/2004,PAH,KY,ASO,CE,Federal Contract Tower,0,22,18,0,40,0,1,37,6,44,0,23,55,6,84,58,10,68,152
06/02/2004,PAH,KY,ASO,CE,Federal Contract Tower,0,17,14,0,31,0,5,32,0,37,0,22,46,0,68,56,0,56,124
06/03/2004,PAH,KY,ASO,CE,Federal Contract Tower,0,14,12,0,26,0,5,23,0,28,0,19,35,0,54,48,0,48,102
06/04/2004,PAH,KY,ASO,CE,Federal Contract Tower,0,20,16,0,36,0,1,46,4,51,0,21,62,4,87,72,0,72,159
06/05/2004,PAH,KY,ASO,CE,Federal Contract Tower,0,10,8,0,18,0,0,38,0,38,0,10,46,0,56,74,0,74,130
06/06/2004,PAH,KY,ASO,CE,Federal Contract Tower,0,11,8,1,20,0,1,39,5,45,0,12,47,6,65,64,4,68,133
06/07/2004,PAH,KY,ASO,CE,Federal Contract Tower,0,17,12,1,30,0,3,25,1,29,0,20,37,2,59,36,0,36,95
06/08/2004,PAH,KY,ASO,CE,Federal Contract Tower,0,22,19,1,42,0,0,22,7,29,0,22,41,8,71,34,2,36,107
06/09/2004,PAH,KY,ASO,CE,Federal Contract Tower,0,19,15,1,35,0,7,6,1,14,0,26,21,2,49,16,0,16,65
06/10/2004,PAH,KY,ASO,CE,Federal Contract Tower,0,17,12,1,30,0,3,26,1,30,0,20,38,2,60,62,0,62,122
06/11/2004,PAH,KY,ASO,CE,Federal Contract Tower,0,21,16,0,37,0,1,26,0,27,0,22,42,0,64,24,0,24,88
06/12/2004,PAH,KY,ASO,CE,Federal Contract Tower,0,10,8,0,18,0,1,17,0,18,0,11,25,0,36,22,0,22,58
06/13/2004,PAH,KY,ASO,CE,Federal Contract Tower,0,8,9,0,17,0,0,23,0,23,0,8,32,0,40,12,0,12,52
06/14/2004,PAH,KY,ASO,CE,Federal Contract Tower,0,20,16,0,36,0,3,27,0,30,0,23,43,0,66,48,0,48,114
06/15/2004,PAH,KY,ASO,CE,Federal Contract Tower,0,18,13,1,32,0,3,34,3,40,0,21,47,4,72,36,0,36,108
06/16/2004,PAH,KY,ASO,CE,Federal Contract Tower,0,19,13,0,32,0,4,25,2,31,0,23,38,2,63,32,0,32,95
06/17/2004,PAH,KY,ASO,CE,Federal Contract Tower,0,15,10,0,25,0,5,27,4,36,0,20,37,4,61,82,0,82,143
06/18/2004,PAH,KY,ASO,CE,Federal Contract Tower,0,21,15,0,36,0,1,26,0,27,0,22,41,0,63,66,0,66,129
06/19/2004,PAH,KY,ASO,CE,Federal Contract Tower,0,8,6,0,14,0,0,35,8,43,0,8,41,8,57,62,6,68,125
06/20/2004,PAH,KY,ASO,CE,Federal Contract Tower,0,11,7,0,18,0,3,34,4,41,0,14,41,4,59,58,0,58,117
06/21/2004,PAH,KY,ASO,CE,Federal Contract Tower,0,15,11,0,26,0,3,29,8,40,0,18,40,8,66,72,0,72,138
06/22/2004,PAH,KY,ASO,CE,Federal Contract Tower,0,23,16,0,39,0,5,17,4,26,0,28,33,4,65,40,0,40,105
06/23/2004,PAH,KY,ASO,CE,Federal Contract Tower,0,27,19,0,46,0,1,42,8,51,0,28,61,8,97,94,0,94,191
06/24/2004,PAH,KY,ASO,CE,Federal Contract Tower,0,21,16,0,37,0,1,72,4,77,0,22,88,4,114,118,0,118,232
06/25/2004,PAH,KY,ASO,CE,Federal Contract Tower,0,26,19,0,45,0,2,42,0,44,0,28,61,0,89,62,0,62,151
06/26/2004,PAH,KY,ASO,CE,Federal Contract Tower,0,8,6,0,14,0,0,42,4,46,0,8,48,4,60,64,0,64,124
06/27/2004,PAH,KY,ASO,CE,Federal Contract Tower,0,11,10,0,21,0,0,40,2,42,0,11,50,2,63,62,0,62,125
06/28/2004,PAH,KY,ASO,CE,Federal Contract Tower,0,20,15,0,35,0,1,31,6,38,0,21,46,6,73,34,0,34,107
06/29/2004,PAH,KY,ASO,CE,Federal Contract Tower,0,20,15,0,35,0,4,33,0,37,0,24,48,0,72,42,0,42,114
06/30/2004,PAH,KY,ASO,CE,Federal Contract Tower,0,19,15,0,34,0,0,56,0,56,0,19,71,0,90,44,0,44,134
07/01/2004,PAH,KY,ASO,CE,Federal Contract Tower,0,15,12,0,27,0,6,16,0,22,0,21,28,0,49,16,0,16,65
07/02/2004,PAH,KY,ASO,CE,Federal Contract Tower,0,17,12,0,29,0,9,25,0,34,0,26,37,0,63,56,0,56,119
07/03/2004,PAH,KY,ASO,CE,Federal Contract Tower,0,6,5,0,11,0,4,27,0,31,0,10,32,0,42,40,0,40,82
07/04/2004,PAH,KY,ASO,CE,Federal Contract Tower,0,10,8,0,18,0,2,23,0,25,0,12,31,0,43,38,0,38,81
07/05/2004,PAH,KY,ASO,CE,Federal Contract Tower,0,20,16,0,36,0,0,33,0,33,0,20,49,0,69,36,0,36,105
07/06/2004,PAH,KY,ASO,CE,Federal Contract Tower,0,17,14,0,31,0,0,12,0,12,0,17,26,0,43,6,0,6,49
07/07/2004,PAH,KY,ASO,CE,Federal Contract Tower,0,21,16,0,37,0,1,32,4,37,0,22,48,4,74,48,2,50,124
07/08/2004,PAH,KY,ASO,CE,Federal Contract Tower,0,23,19,0,42,0,2,31,7,40,0,25,50,7,82,76,2,78,160
07/09/2004,PAH,KY,ASO,CE,Federal Contract Tower,0,21,16,0,37,0,1,31,8,40,0,22,47,8,77,44,0,44,121
07/10/2004,PAH,KY,ASO,CE,Federal Contract Tower,0,16,12,1,29,0,2,25,3,30,0,18,37,4,59,50,2,52,111
07/11/2004,PAH,KY,ASO,CE,Federal Contract Tower,0,18,14,0,32,0,2,22,0,24,0,20,36,0,56,48,0,48,104
07/12/2004,PAH,KY,ASO,CE,Federal Contract Tower,0,20,15,1,36,0,3,27,3,33,0,23,42,4,69,46,16,62,131
07/13/2004,PAH,KY,ASO,CE,Federal Contract Tower,0,17,13,1,31,0,2,23,1,26,0,19,36,2,57,20,14,34,91
07/14/2004,PAH,KY,ASO,CE,Federal Contract Tower,0,17,12,1,30,0,3,54,3,60,0,20,66,4,90,72,0,72,162
07/15/2004,PAH,KY,ASO,CE,Federal Contract Tower,0,25,19,0,44,0,0,44,0,44,0,25,63,0,88,94,0,94,182
07/16/2004,PAH,KY,ASO,CE,Federal Contract Tower,0,16,12,0,28,0,12,29,0,41,0,28,41,0,69,28,0,28,97
07/17/2004,PAH,KY,ASO,CE,Federal Contract Tower,0,10,8,0,18,0,0,18,0,18,0,10,26,0,36,30,0,30,66
07/18/2004,PAH,KY,ASO,CE,Federal Contract Tower,0,12,9,0,21,0,1,27,0,28,0,13,36,0,49,38,0,38,87
07/19/2004,PAH,KY,ASO,CE,Federal Contract Tower,0,18,15,0,33,0,0,50,2,52,0,18,65,2,85,64,0,64,149
07/20/2004,PAH,KY,ASO,CE,Federal Contract Tower,0,19,14,0,33,0,0,54,4,58,0,19,68,4,91,36,0,36,127
07/21/2004,PAH,KY,ASO,CE,Federal Contract Tower,0,23,16,0,39,0,5,33,2,40,0,28,49,2,79,20,10,30,109
07/22/2004,PAH,KY,ASO,CE,Federal Contract Tower,0,16,12,0,28,0,3,26,8,37,0,19,38,8,65,40,26,66,131
07/23/2004,PAH,KY,ASO,CE,Federal Contract Tower,0,29,21,0,50,0,2,32,9,43,0,31,53,9,93,42,2,44,137
07/24/2004,PAH,KY,ASO,CE,Federal Contract Tower,0,15,11,0,26,0,0,36,2,38,0,15,47,2,64,38,2,40,104
07/25/2004,PAH,KY,ASO,CE,Federal Contract Tower,0,13,11,0,24,0,0,38,2,40,0,13,49,2,64,36,0,36,100
07/26/2004,PAH,KY,ASO,CE,Federal Contract Tower,0,19,17,0,36,2,0,8,8,18,2,19,25,8,54,20,0,20,74
07/27/2004,PAH,KY,ASO,CE,Federal Contract Tower,0,24,18,0,42,0,1,49,4,54,0,25,67,4,96,38,0,38,134
07/28/2004,PAH,KY,ASO,CE,Federal Contract Tower,0,17,12,0,29,0,6,31,2,39,0,23,43,2,68,42,2,44,112
07/29/2004,PAH,KY,ASO,CE,Federal Contract Tower,0,19,15,0,34,0,0,46,6,52,0,19,61,6,86,24,0,24,110
07/30/2004,PAH,KY,ASO,CE,Federal Contract Tower,0,16,11,0,27,0,7,20,0,27,0,23,31,0,54,32,0,32,86
07/31/2004,PAH,KY,ASO,CE,Federal Contract Tower,0,10,8,0,18,0,0,23,0,23,0,10,31,0,41,32,0,32,73
08/01/2004,PAH,KY,ASO,CE,Federal Contract Tower,0,10,8,1,19,0,0,29,3,32,0,10,37,4,51,42,0,42,93
08/02/2004,PAH,KY,ASO,CE,Federal Contract Tower,0,17,14,0,31,0,3,32,0,35,0,20,46,0,66,36,0,36,102
08/03/2004,PAH,KY,ASO,CE,Federal Contract Tower,0,19,15,1,35,0,9,38,4,51,0,28,53,5,86,32,0,32,118
08/04/2004,PAH,KY,ASO,CE,Federal Contract Tower,0,20,19,1,40,0,0,31,6,37,0,20,50,7,77,48,0,48,125
08/05/2004,PAH,KY,ASO,CE,Federal Contract Tower,0,21,16,1,38,0,1,27,13,41,0,22,43,14,79,38,2,40,119
08/06/2004,PAH,KY,ASO,CE,Federal Contract Tower,0,22,18,1,41,0,0,37,4,41,0,22,55,5,82,56,10,66,148
08/07/2004,PAH,KY,ASO,CE,Federal Contract Tower,0,12,12,0,24,0,0,40,0,40,0,12,52,0,64,10,0,10,74
08/08/2004,PAH,KY,ASO,CE,Federal Contract Tower,0,10,8,1,19,0,0,26,1,27,0,10,34,2,46,10,0,10,56
08/09/2004,PAH,KY,ASO,CE,Federal Contract Tower,0,16,13,0,29,0,4,23,0,27,0,20,36,0,56,20,0,20,76
08/10/2004,PAH,KY,ASO,CE,Federal Contract Tower,0,17,14,1,32,0,3,32,7,42,0,20,46,8,74,28,0,28,102
08/11/2004,PAH,KY,ASO,CE,Federal Contract Tower,0,21,16,1,38,0,0,37,5,42,0,21,53,6,80,72,0,72,152
08/12/2004,PAH,KY,ASO,CE,Federal Contract Tower,0,18,14,1,33,0,7,47,8,62,0,25,61,9,95,74,0,74,169
08/13/2004,PAH,KY,ASO,CE,Federal Contract Tower,0,20,16,1,37,0,8,53,1,62,0,28,69,2,99,60,0,60,159
08/14/2004,PAH,KY,ASO,CE,Federal Contract Tower,0,14,11,1,26,0,12,47,5,64,0,26,58,6,90,38,0,38,128
08/15/2004,PAH,KY,ASO,CE,Federal Contract Tower,0,10,8,0,18,0,2,32,0,34,0,12,40,0,52,44,0,44,96
08/16/2004,PAH,KY,ASO,CE,Federal Contract Tower,0,19,13,0,32,0,2,47,0,49,0,21,60,0,81,60,0,60,141
08/17/2004,PAH,KY,ASO,CE,Federal Contract Tower,0,15,11,0,26,0,5,45,6,56,0,20,56,6,82,50,0,50,132
08/18/2004,PAH,KY,ASO,CE,Federal Contract Tower,0,18,13,0,31,0,4,32,3,39,0,22,45,3,70,28,0,28,98
08/19/2004,PAH,KY,ASO,CE,Federal Contract Tower,0,25,20,0,45,0,0,62,9,71,0,25,82,9,116,44,0,44,160
08/20/2004,PAH,KY,ASO,CE,Federal Contract Tower,0,21,18,0,39,0,0,7,0,7,0,21,25,0,46,0,0,0,46
08/21/2004,PAH,KY,ASO,CE,Federal Contract Tower,0,9,7,0,16,0,0,18,0,18,0,9,25,0,34,14,0,14,48
08/22/2004,PAH,KY,ASO,CE,Federal Contract Tower,0,7,5,0,12,0,3,10,0,13,0,10,15,0,25,20,0,20,45
08/23/2004,PAH,KY,ASO,CE,Federal Contract Tower,0,20,15,0,35,0,0,25,0,25,0,20,40,0,60,34,0,34,94
08/24/2004,PAH,KY,ASO,CE,Federal Contract Tower,0,18,16,0,34,0,0,32,6,38,0,18,48,6,72,44,0,44,116
08/25/2004,PAH,KY,ASO,CE,Federal Contract Tower,0,18,14,0,32,0,7,37,5,49,0,25,51,5,81,20,6,26,107
08/26/2004,PAH,KY,ASO,CE,Federal Contract Tower,0,23,18,0,41,0,2,43,8,53,0,25,61,8,94,32,4,36,130
08/27/2004,PAH,KY,ASO,CE,Federal Contract Tower,0,25,21,0,46,0,0,36,0,36,0,25,57,0,82,22,0,22,104
08/28/2004,PAH,KY,ASO,CE,Federal Contract Tower,0,6,3,0,9,0,3,21,2,26,0,9,24,2,35,28,0,28,63
08/29/2004,PAH,KY,ASO,CE,Federal Contract Tower,0,11,9,0,20,0,0,8,0,8,0,11,17,0,28,24,0,24,52
08/30/2004,PAH,KY,ASO,CE,Federal Contract Tower,0,19,14,0,33,0,5,36,0,41,0,24,50,0,74,40,0,40,114
08/31/2004,PAH,KY,ASO,CE,Federal Contract Tower,0,18,14,0,32,0,4,43,4,51,0,22,57,4,83,12,8,20,103
09/01/2004,PAH,KY,ASO,CE,Federal Contract Tower,0,20,14,0,34,0,3,62,0,65,0,23,76,0,99,84,0,84,183
09/02/2004,PAH,KY,ASO,CE,Federal Contract Tower,1,24,16,0,41,1,3,43,2,49,2,27,59,2,90,68,2,70,160
09/03/2004,PAH,KY,ASO,CE,Federal Contract Tower,1,18,12,0,31,2,4,24,0,30,3,22,36,0,61,26,0,26,87
09/04/2004,PAH,KY,ASO,CE,Federal Contract Tower,1,8,5,0,14,1,0,27,0,28,2,8,32,0,42,72,0,72,114
09/05/2004,PAH,KY,ASO,CE,Federal Contract Tower,0,8,6,0,14,0,2,28,0,30,0,10,34,0,44,18,0,18,62
09/06/2004,PAH,KY,ASO,CE,Federal Contract Tower,0,9,8,0,17,0,0,24,0,24,0,9,32,0,41,32,0,32,73
09/07/2004,PAH,KY,ASO,CE,Federal Contract Tower,0,22,15,0,37,0,3,46,6,55,0,25,61,6,92,24,4,28,120
09/08/2004,PAH,KY,ASO,CE,Federal Contract Tower,0,20,14,1,35,0,4,33,9,46,0,24,47,10,81,32,6,38,119
09/09/2004,PAH,KY,ASO,CE,Federal Contract Tower,0,26,17,1,44,0,0,54,3,57,0,26,71,4,101,44,0,44,145
09/10/2004,PAH,KY,ASO,CE,Federal Contract Tower,0,17,11,0,28,0,6,47,0,53,0,23,58,0,81,28,0,28,109
09/11/2004,PAH,KY,ASO,CE,Federal Contract Tower,0,11,9,1,21,0,0,28,1,29,0,11,37,2,50,22,0,22,72
09/12/2004,PAH,KY,ASO,CE,Federal Contract Tower,0,12,10,0,22,0,0,28,0,28,0,12,38,0,50,4,0,4,54
09/13/2004,PAH,KY,ASO,CE,Federal Contract Tower,0,19,13,1,33,0,2,35,1,38,0,21,48,2,71,76,0,76,147
09/14/2004,PAH,KY,ASO,CE,Federal Contract Tower,0,25,15,1,41,0,0,32,7,39,0,25,47,8,80,16,0,16,96
09/15/2004,PAH,KY,ASO,CE,Federal Contract Tower,0,25,15,1,41,0,3,35,7,45,0,28,50,8,86,26,16,42,128
09/16/2004,PAH,KY,ASO,CE,Federal Contract Tower,0,24,14,1,39,0,5,15,5,25,0,29,29,6,64,18,0,18,82
09/17/2004,PAH,KY,ASO,CE,Federal Contract Tower,0,18,10,1,29,0,3,38,5,46,0,21,48,6,75,18,2,20,95
09/18/2004,PAH,KY,ASO,CE,Federal Contract Tower,0,10,5,0,15,0,5,43,0,48,0,15,48,0,63,16,0,16,79
09/19/2004,PAH,KY,ASO,CE,Federal Contract Tower,0,11,7,1,19,0,0,33,1,34,0,11,40,2,53,22,0,22,75
09/20/2004,PAH,KY,ASO,CE,Federal Contract Tower,0,18,10,0,28,0,6,42,0,48,0,24,52,0,76,54,0,54,130
09/21/2004,PAH,KY,ASO,CE,Federal Contract Tower,0,20,11,1,32,0,0,50,3,53,0,20,61,4,85,42,0,42,127
09/22/2004,PAH,KY,ASO,CE,Federal Contract Tower,0,23,14,0,37,0,0,37,0,37,0,23,51,0,74,42,0,42,116
09/23/2004,PAH,KY,ASO,CE,Federal Contract Tower,0,18,10,1,29,0,6,47,3,56,0,24,57,4,85,54,4,58,143
09/24/2004,PAH,KY,ASO,CE,Federal Contract Tower,0,22,13,1,36,0,1,43,1,45,0,23,56,2,81,26,0,26,107
09/25/2004,PAH,KY,ASO,CE,Federal Contract Tower,0,10,7,0,17,0,0,37,0,37,0,10,44,0,54,0,0,0,54
09/26/2004,PAH,KY,ASO,CE,Federal Contract Tower,0,11,6,0,17,0,3,33,0,36,0,14,39,0,53,16,0,16,69
09/27/2004,PAH,KY,ASO,CE,Federal Contract Tower,0,20,13,0,33,0,5,39,2,46,0,25,52,2,79,60,0,60,139
09/28/2004,PAH,KY,ASO,CE,Federal Contract Tower,0,25,15,0,40,0,1,57,0,58,0,26,72,0,98,42,0,42,140
09/29/2004,PAH,KY,ASO,CE,Federal Contract Tower,0,25,16,0,41,0,0,29,4,33,0,25,45,4,74,36,0,36,110
09/30/2004,PAH,KY,ASO,CE,Federal Contract Tower,0,21,17,0,38,0,0,52,6,58,0,21,69,6,96,44,0,44,140
10/01/2004,PAH,KY,ASO,CE,Federal Contract Tower,0,20,17,2,39,0,1,31,2,34,0,21,48,4,73,34,0,34,107
10/02/2004,PAH,KY,ASO,CE,Federal Contract Tower,0,8,8,0,16,0,0,10,0,10,0,8,18,0,26,28,0,28,54
10/03/2004,PAH,KY,ASO,CE,Federal Contract Tower,0,12,15,0,27,0,0,28,0,28,0,12,43,0,55,50,0,50,105
10/04/2004,PAH,KY,ASO,CE,Federal Contract Tower,0,22,15,0,37,0,2,26,0,28,0,24,41,0,65,22,0,22,87
10/05/2004,PAH,KY,ASO,CE,Federal Contract Tower,0,19,13,0,32,0,2,26,10,38,0,21,39,10,70,44,0,44,114
10/06/2004,PAH,KY,ASO,CE,Federal Contract Tower,0,22,25,4,51,0,2,32,4,38,0,24,57,8,89,36,10,46,135
10/07/2004,PAH,KY,ASO,CE,Federal Contract Tower,0,25,23,2,50,0,1,43,0,44,0,26,66,2,94,34,2,36,130
10/08/2004,PAH,KY,ASO,CE,Federal Contract Tower,0,22,10,0,32,0,0,22,0,22,0,22,32,0,54,26,0,26,80
10/09/2004,PAH,KY,ASO,CE,Federal Contract Tower,0,8,9,0,17,0,0,11,4,15,0,8,20,4,32,0,0,0,32
10/10/2004,PAH,KY,ASO,CE,Federal Contract Tower,0,13,6,0,19,0,2,27,0,29,0,15,33,0,48,18,0,18,66
10/11/2004,PAH,KY,ASO,CE,Federal Contract Tower,0,12,8,0,20,0,0,4,0,4,0,12,12,0,24,8,0,8,32
10/12/2004,PAH,KY,ASO,CE,Federal Contract Tower,0,29,23,2,54,0,4,17,2,23,0,33,40,4,77,12,16,28,105
10/13/2004,PAH,KY,ASO,CE,Federal Contract Tower,0,26,18,4,48,0,2,20,4,26,0,28,38,8,74,14,14,28,102
10/14/2004,PAH,KY,ASO,CE,Federal Contract Tower,0,23,18,0,41,0,1,29,6,36,0,24,47,6,77,8,2,10,87
10/15/2004,PAH,KY,ASO,CE,Federal Contract Tower,0,15,11,0,26,0,3,23,2,28,0,18,34,2,54,10,0,10,64
10/16/2004,PAH,KY,ASO,CE,Federal Contract Tower,0,13,12,0,25,0,2,26,0,28,0,15,38,0,53,4,0,4,57
10/17/2004,PAH,KY,ASO,CE,Federal Contract Tower,0,12,10,0,22,0,0,21,0,21,0,12,31,0,43,10,0,10,53
10/18/2004,PAH,KY,ASO,CE,Federal Contract Tower,0,21,6,0,27,0,0,18,4,22,0,21,24,4,49,12,0,12,61
10/19/2004,PAH,KY,ASO,CE,Federal Contract Tower,0,21,20,5,46,0,0,41,3,44,0,21,61,8,90,38,4,42,132
10/20/2004,PAH,KY,ASO,CE,Federal Contract Tower,0,18,31,5,54,0,2,40,2,44,0,20,71,7,98,16,4,20,118
10/21/2004,PAH,KY,ASO,CE,Federal Contract Tower,0,20,26,0,46,0,0,41,0,41,0,20,67,0,87,30,0,30,117
10/22/2004,PAH,KY,ASO,CE,Federal Contract Tower,0,19,8,0,27,0,0,12,0,12,0,19,20,0,39,18,0,18,57
10/23/2004,PAH,KY,ASO,CE,Federal Contract Tower,0,9,7,0,16,0,0,38,0,38,0,9,45,0,54,24,0,24,78
10/24/2004,PAH,KY,ASO,CE,Federal Contract Tower,0,11,24,0,35,0,0,55,0,55,0,11,79,0,90,26,0,26,116
10/25/2004,PAH,KY,ASO,CE,Federal Contract Tower,0,18,14,0,32,0,3,57,8,68,0,21,71,8,100,54,14,68,168
10/26/2004,PAH,KY,ASO,CE,Federal Contract Tower,0,17,12,0,29,0,1,33,2,36,0,18,45,2,65,44,2,46,111
10/27/2004,PAH,KY,ASO,CE,Federal Contract Tower,0,20,17,0,37,0,0,31,4,35,0,20,48,4,72,48,2,50,122
10/28/2004,PAH,KY,ASO,CE,Federal Contract Tower,0,25,15,2,42,0,2,39,0,41,0,27,54,2,83,44,0,44,127
10/29/2004,PAH,KY,ASO,CE,Federal Contract Tower,0,16,21,3,40,0,2,27,1,30,0,18,48,4,70,12,0,12,82
10/30/2004,PAH,KY,ASO,CE,Federal Contract Tower,0,8,6,0,14,0,1,41,0,42,0,9,47,0,56,28,0,28,84
10/31/2004,PAH,KY,ASO,CE,Federal Contract Tower,0,12,7,0,19,0,0,44,0,44,0,12,51,0,63,16,0,16,79
11/01/2004,PAH,KY,ASO,CE,Federal Contract Tower,0,20,9,0,29,0,2,22,4,28,0,22,31,4,57,28,0,28,85
11/02/2004,PAH,KY,ASO,CE,Federal Contract Tower,0,22,13,0,35,0,3,24,4,31,0,25,37,4,66,14,0,14,80
11/03/2004,PAH,KY,ASO,CE,Federal Contract Tower,0,20,9,0,29,0,4,14,4,22,0,24,23,4,51,36,0,36,87
11/04/2004,PAH,KY,ASO,CE,Federal Contract Tower,0,21,12,0,33,0,1,38,2,41,0,22,50,2,74,16,2,18,92
11/05/2004,PAH,KY,ASO,CE,Federal Contract Tower,0,19,11,0,30,0,1,46,0,47,0,20,57,0,77,16,0,16,93
11/06/2004,PAH,KY,ASO,CE,Federal Contract Tower,0,9,6,0,15,0,0,52,6,58,0,9,58,6,73,52,0,52,125
11/07/2004,PAH,KY,ASO,CE,Federal Contract Tower,0,18,10,0,28,0,1,41,2,44,0,19,51,2,72,46,0,46,118
11/08/2004,PAH,KY,ASO,CE,Federal Contract Tower,0,23,15,0,38,0,2,46,0,48,0,25,61,0,86,50,0,50,136
11/09/2004,PAH,KY,ASO,CE,Federal Contract Tower,0,23,14,2,39,0,2,47,4,53,0,25,61,6,92,42,4,46,138
11/10/2004,PAH,KY,ASO,CE,Federal Contract Tower,0,23,18,2,43,0,2,30,1,33,0,25,48,3,76,23,2,25,101
11/11/2004,PAH,KY,ASO,CE,Federal Contract Tower,0,23,16,0,39,0,0,1,0,1,0,23,17,0,40,0,0,0,40
11/12/2004,PAH,KY,ASO,CE,Federal Contract Tower,0,21,11,0,32,0,3,24,0,27,0,24,35,0,59,6,0,6,65
11/13/2004,PAH,KY,ASO,CE,Federal Contract Tower,0,8,4,0,12,0,0,41,0,41,0,8,45,0,53,30,0,30,83
11/14/2004,PAH,KY,ASO,CE,Federal Contract Tower,0,12,7,0,19,0,0,36,0,36,0,12,43,0,55,48,0,48,103
11/15/2004,PAH,KY,ASO,CE,Federal Contract Tower,0,24,13,0,37,0,3,27,4,34,0,27,40,4,71,36,0,36,107
11/16/2004,PAH,KY,ASO,CE,Federal Contract Tower,0,17,20,2,39,0,2,41,4,47,0,19,61,6,86,42,2,44,130
11/17/2004,PAH,KY,ASO,CE,Federal Contract Tower,0,16,24,0,40,0,5,37,4,46,0,21,61,4,86,20,4,24,110
11/18/2004,PAH,KY,ASO,CE,Federal Contract Tower,0,29,21,0,50,0,0,26,0,26,0,29,47,0,76,72,0,72,148
11/19/2004,PAH,KY,ASO,CE,Federal Contract Tower,0,17,24,4,45,0,0,5,0,5,0,17,29,4,50,12,0,12,62
11/20/2004,PAH,KY,ASO,CE,Federal Contract Tower,0,7,17,0,24,0,0,13,0,13,0,7,30,0,37,10,0,10,47
11/21/2004,PAH,KY,ASO,CE,Federal Contract Tower,0,13,11,0,24,0,0,22,0,22,0,13,33,0,46,42,0,42,88
11/22/2004,PAH,KY,ASO,CE,Federal Contract Tower,0,22,16,2,40,0,2,29,6,37,0,24,45,8,77,30,2,32,109
11/23/2004,PAH,KY,ASO,CE,Federal Contract Tower,0,22,16,0,38,0,0,12,2,14,0,22,28,2,52,42,0,42,94
11/24/2004,PAH,KY,ASO,CE,Federal Contract Tower,0,22,11,0,33,0,1,21,0,22,0,23,32,0,55,16,0,16,71
11/25/2004,PAH,KY,ASO,CE,Federal Contract Tower,0,11,3,0,14,0,0,21,0,21,0,11,24,0,35,0,0,0,35
11/26/2004,PAH,KY,ASO,CE,Federal Contract Tower,0,15,30,0,45,0,2,3,0,5,0,17,33,0,50,22,0,22,72
11/27/2004,PAH,KY,ASO,CE,Federal Contract Tower,0,12,3,0,15,0,0,30,0,30,0,12,33,0,45,16,0,16,61
11/28/2004,PAH,KY,ASO,CE,Federal Contract Tower,0,10,6,0,16,0,0,51,2,53,0,10,57,2,69,78,0,78,147
11/29/2004,PAH,KY,ASO,CE,Federal Contract Tower,0,19,16,0,35,0,2,25,0,27,0,21,41,0,62,12,0,12,74
11/30/2004,PAH,KY,ASO,CE,Federal Contract Tower,0,20,6,0,26,0,0,32,2,34,0,20,38,2,60,0,0,0,60
12/01/2004,PAH,KY,ASO,CE,Federal Contract Tower,0,17,19,0,36,0,3,46,0,49,0,20,65,0,85,58,0,58,143
12/02/2004,PAH,KY,ASO,CE,Federal Contract Tower,0,17,9,0,26,0,5,39,2,46,0,22,48,2,72,34,0,34,106
12/03/2004,PAH,KY,ASO,CE,Federal Contract Tower,0,18,13,0,31,0,2,26,0,28,0,20,39,0,59,52,0,52,111
12/04/2004,PAH,KY,ASO,CE,Federal Contract Tower,0,12,10,0,22,0,1,41,4,46,0,13,51,4,68,45,0,45,113
12/05/2004,PAH,KY,ASO,CE,Federal Contract Tower,0,13,11,0,24,0,0,6,0,6,0,13,17,0,30,38,0,38,68
12/06/2004,PAH,KY,ASO,CE,Federal Contract Tower,0,24,15,0,39,0,1,14,2,17,0,25,29,2,56,18,0,18,74
12/07/2004,PAH,KY,ASO,CE,Federal Contract Tower,0,19,15,0,34,0,2,34,6,42,0,21,49,6,76,20,2,22,98
12/08/2004,PAH,KY,ASO,CE,Federal Contract Tower,0,19,16,0,35,0,1,41,0,42,0,20,57,0,77,46,0,46,123
12/09/2004,PAH,KY,ASO,CE,Federal Contract Tower,0,29,29,0,58,0,1,31,0,32,0,30,60,0,90,22,0,22,112
12/10/2004,PAH,KY,ASO,CE,Federal Contract Tower,0,22,22,3,47,0,0,26,1,27,0,22,48,4,74,14,0,14,88
12/11/2004,PAH,KY,ASO,CE,Federal Contract Tower,0,7,6,0,13,0,0,19,0,19,0,7,25,0,32,22,0,22,54
12/12/2004,PAH,KY,ASO,CE,Federal Contract Tower,0,13,10,0,23,0,0,32,0,32,0,13,42,0,55,32,0,32,87
12/13/2004,PAH,KY,ASO,CE,Federal Contract Tower,0,19,7,0,26,0,5,28,7,40,0,24,35,7,66,18,2,20,86
12/14/2004,PAH,KY,ASO,CE,Federal Contract Tower,0,20,11,0,31,0,2,47,3,52,0,22,58,3,83,38,2,40,123
12/15/2004,PAH,KY,ASO,CE,Federal Contract Tower,0,23,18,0,41,0,1,34,0,35,0,24,52,0,76,66,0,66,142
12/16/2004,PAH,KY,ASO,CE,Federal Contract Tower,0,19,14,0,33,0,0,44,4,48,0,19,58,4,81,22,0,22,103
12/17/2004,PAH,KY,ASO,CE,Federal Contract Tower,0,20,11,0,31,0,3,54,0,57,0,23,65,0,88,54,0,54,142
12/18/2004,PAH,KY,ASO,CE,Federal Contract Tower,0,8,3,2,13,0,2,39,0,41,0,10,42,2,54,48,0,48,102
12/19/2004,PAH,KY,ASO,CE,Federal Contract Tower,4,14,4,0,22,0,2,25,0,27,4,16,29,0,49,42,0,42,91
12/20/2004,PAH,KY,ASO,CE,Federal Contract Tower,0,22,5,0,27,0,2,24,5,31,0,24,29,5,58,26,0,26,84
12/21/2004,PAH,KY,ASO,CE,Federal Contract Tower,0,27,10,0,37,0,1,27,0,28,0,28,37,0,65,30,0,30,95
12/22/2004,PAH,KY,ASO,CE,Federal Contract Tower,0,1,0,0,1,0,0,0,0,0,0,1,0,0,1,0,0,0,1
12/23/2004,PAH,KY,ASO,CE,Federal Contract Tower,0,0,0,0,0,0,0,3,0,3,0,0,3,0,3,0,0,0,3
12/24/2004,PAH,KY,ASO,CE,Federal Contract Tower,0,11,2,0,13,0,3,6,0,9,0,14,8,0,22,0,0,0,22
12/25/2004,PAH,KY,ASO,CE,Federal Contract Tower,0,8,1,0,9,0,0,6,0,6,0,8,7,0,15,0,0,0,15
12/26/2004,PAH,KY,ASO,CE,Federal Contract Tower,0,14,6,0,20,0,4,35,0,39,0,18,41,0,59,8,0,8,67
12/27/2004,PAH,KY,ASO,CE,Federal Contract Tower,0,16,17,0,33,0,4,34,2,40,0,20,51,2,73,18,0,18,91
12/28/2004,PAH,KY,ASO,CE,Federal Contract Tower,0,21,21,0,42,0,2,23,0,25,0,23,44,0,67,14,0,14,81
12/29/2004,PAH,KY,ASO,CE,Federal Contract Tower,0,20,10,0,30,0,2,20,0,22,0,22,30,0,52,12,0,12,64
12/30/2004,PAH,KY,ASO,CE,Federal Contract Tower,0,17,9,0,26,0,2,18,0,20,0,19,27,0,46,4,0,4,50
12/31/2004,PAH,KY,ASO,CE,Federal Contract Tower,0,23,12,0,35,0,0,24,0,24,0,23,36,0,59,12,0,12,71
01/01/2005,PAH,KY,ASO,CE,Federal Contract Tower,0,10,8,0,18,0,0,22,0,22,0,10,30,0,40,32,0,32,72
01/02/2005,PAH,KY,ASO,CE,Federal Contract Tower,0,12,18,0,30,0,2,12,0,14,0,14,30,0,44,8,0,8,52
01/03/2005,PAH,KY,ASO,CE,Federal Contract Tower,0,20,11,0,31,0,5,19,4,28,0,25,30,4,59,6,2,8,67
01/04/2005,PAH,KY,ASO,CE,Federal Contract Tower,0,28,14,0,42,0,2,5,0,7,0,30,19,0,49,0,0,0,49
01/05/2005,PAH,KY,ASO,CE,Federal Contract Tower,0,20,3,1,24,0,0,2,1,3,0,20,5,2,27,0,0,0,27
01/06/2005,PAH,KY,ASO,CE,Federal Contract Tower,0,22,13,0,35,0,1,12,1,14,0,23,25,1,49,6,0,6,55
01/07/2005,PAH,KY,ASO,CE,Federal Contract Tower,0,19,10,0,29,0,0,22,4,26,0,19,32,4,55,10,0,10,65
01/08/2005,PAH,KY,ASO,CE,Federal Contract Tower,0,14,16,0,30,0,4,32,2,38,0,18,48,2,68,56,2,58,126
01/09/2005,PAH,KY,ASO,CE,Federal Contract Tower,0,12,18,0,30,0,0,43,0,43,0,12,61,0,73,56,0,56,129
01/10/2005,PAH,KY,ASO,CE,Federal Contract Tower,0,16,11,0,27,0,1,18,5,24,0,17,29,5,51,28,0,28,79
01/11/2005,PAH,KY,ASO,CE,Federal Contract Tower,0,17,10,0,27,0,1,4,0,5,0,18,14,0,32,10,0,10,42
01/12/2005,PAH,KY,ASO,CE,Federal Contract Tower,0,17,6,0,23,0,2,9,1,12,0,19,15,1,35,12,0,12,47
01/13/2005,PAH,KY,ASO,CE,Federal Contract Tower,0,22,12,0,34,0,3,30,0,33,0,25,42,0,67,20,0,20,87
01/14/2005,PAH,KY,ASO,CE,Federal Contract Tower,0,18,20,0,38,0,3,37,8,48,0,21,57,8,86,34,2,36,122
01/15/2005,PAH,KY,ASO,CE,Federal Contract Tower,0,11,8,0,19,0,1,35,2,38,0,12,43,2,57,54,0,54,111
01/16/2005,PAH,KY,ASO,CE,Federal Contract Tower,0,11,10,0,21,0,2,22,0,24,0,13,32,0,45,22,0,22,67
01/17/2005,PAH,KY,ASO,CE,Federal Contract Tower,0,19,8,0,27,0,2,51,3,56,0,21,59,3,83,42,2,44,127
01/18/2005,PAH,KY,ASO,CE,Federal Contract Tower,0,18,13,0,31,0,3,34,0,37,0,21,47,0,68,36,0,36,104
01/19/2005,PAH,KY,ASO,CE,Federal Contract Tower,0,18,8,2,28,0,2,25,2,29,0,20,33,4,57,40,0,40,97
01/20/2005,PAH,KY,ASO,CE,Federal Contract Tower,0,17,13,0,30,0,6,39,4,49,0,23,52,4,79,22,0,22,101
01/21/2005,PAH,KY,ASO,CE,Federal Contract Tower,0,18,23,0,41,0,3,30,4,37,0,21,53,4,78,54,0,54,132
01/22/2005,PAH,KY,ASO,CE,Federal Contract Tower,0,9,2,0,11,0,2,36,0,38,0,11,38,0,49,26,0,26,75
01/23/2005,PAH,KY,ASO,CE,Federal Contract Tower,0,12,6,0,18,0,0,38,0,38,0,12,44,0,56,22,0,22,78
01/24/2005,PAH,KY,ASO,CE,Federal Contract Tower,0,16,17,0,33,0,2,30,0,32,0,18,47,0,65,4,0,4,69
01/25/2005,PAH,KY,ASO,CE,Federal Contract Tower,0,17,8,0,25,0,4,47,0,51,0,21,55,0,76,30,0,30,106
01/26/2005,PAH,KY,ASO,CE,Federal Contract Tower,0,20,26,1,47,0,2,27,1,30,0,22,53,2,77,10,0,10,87
01/27/2005,PAH,KY,ASO,CE,Federal Contract Tower,0,20,16,0,36,0,2,21,6,29,0,22,37,6,65,24,2,26,91
01/28/2005,PAH,KY,ASO,CE,Federal Contract Tower,0,22,13,0,35,0,0,31,3,34,0,22,44,3,69,26,2,28,97
01/29/2005,PAH,KY,ASO,CE,Federal Contract Tower,0,8,8,0,16,0,0,18,1,19,0,8,26,1,35,6,0,6,41
01/30/2005,PAH,KY,ASO,CE,Federal Contract Tower,0,13,8,0,21,0,1,14,0,15,0,14,22,0,36,24,0,24,60
01/31/2005,PAH,KY,ASO,CE,Federal Contract Tower,0,18,18,0,36,0,0,11,0,11,0,18,29,0,47,44,0,44,91
02/01/2005,PAH,KY,ASO,CE,Federal Contract Tower,0,19,15,0,34,0,4,25,0,29,0,23,40,0,63,18,0,18,81
02/02/2005,PAH,KY,ASO,CE,Federal Contract Tower,0,22,4,2,28,0,0,0,0,0,0,22,4,2,28,0,0,0,28
02/03/2005,PAH,KY,ASO,CE,Federal Contract Tower,0,21,25,0,46,0,0,23,0,23,0,21,48,0,69,34,0,34,103
02/04/2005,PAH,KY,ASO,CE,Federal Contract Tower,0,25,24,0,49,0,2,63,8,73,0,27,87,8,122,56,0,56,178
02/05/2005,PAH,KY,ASO,CE,Federal Contract Tower,0,9,8,0,17,0,2,55,0,57,0,11,63,0,74,64,0,64,138
02/06/2005,PAH,KY,ASO,CE,Federal Contract Tower,0,9,5,0,14,0,2,41,0,43,0,11,46,0,57,30,0,30,87
02/07/2005,PAH,KY,ASO,CE,Federal Contract Tower,0,22,10,0,32,0,0,3,0,3,0,22,13,0,35,0,0,0,35
02/08/2005,PAH,KY,ASO,CE,Federal Contract Tower,0,23,19,0,42,0,0,0,0,0,0,23,19,0,42,0,0,0,42
02/09/2005,PAH,KY,ASO,CE,Federal Contract Tower,0,18,10,2,30,0,1,15,0,16,0,19,25,2,46,10,0,10,56
02/10/2005,PAH,KY,ASO,CE,Federal Contract Tower,0,19,15,2,36,0,2,41,2,45,0,21,56,4,81,72,2,74,155
02/11/2005,PAH,KY,ASO,CE,Federal Contract Tower,0,22,7,0,29,0,2,48,4,54,0,24,55,4,83,26,6,32,115
02/12/2005,PAH,KY,ASO,CE,Federal Contract Tower,0,9,6,1,16,0,0,38,1,39,0,9,44,2,55,34,0,34,89
02/13/2005,PAH,KY,ASO,CE,Federal Contract Tower,0,13,12,0,25,0,0,17,0,17,0,13,29,0,42,4,0,4,46
02/14/2005,PAH,KY,ASO,CE,Federal Contract Tower,0,18,7,0,25,0,3,38,0,41,0,21,45,0,66,12,0,12,78
02/15/2005,PAH,KY,ASO,CE,Federal Contract Tower,0,28,14,0,42,0,1,40,0,41,0,29,54,0,83,36,0,36,119
02/16/2005,PAH,KY,ASO,CE,Federal Contract Tower,0,27,15,2,44,0,3,41,0,44,0,30,56,2,88,64,2,66,154
02/17/2005,PAH,KY,ASO,CE,Federal Contract Tower,0,23,12,4,39,0,4,29,4,37,0,27,41,8,76,42,0,42,118
02/18/2005,PAH,KY,ASO,CE,Federal Contract Tower,0,21,17,0,38,0,7,29,0,36,0,28,46,0,74,56,0,56,130
02/19/2005,PAH,KY,ASO,CE,Federal Contract Tower,0,14,8,0,22,0,6,18,0,24,0,20,26,0,46,40,0,40,86
02/20/2005,PAH,KY,ASO,CE,Federal Contract Tower,0,11,7,0,18,0,0,0,0,0,0,11,7,0,18,0,0,0,18
02/21/2005,PAH,KY,ASO,CE,Federal Contract Tower,0,16,10,0,26,0,1,12,0,13,0,17,22,0,39,8,0,8,47
02/22/2005,PAH,KY,ASO,CE,Federal Contract Tower,0,20,12,0,32,0,2,24,0,26,0,22,36,0,58,28,0,28,86
02/23/2005,PAH,KY,ASO,CE,Federal Contract Tower,0,23,18,2,43,0,1,17,4,22,0,24,35,6,65,18,0,18,83
02/24/2005,PAH,KY,ASO,CE,Federal Contract Tower,0,24,18,0,42,0,0,21,2,23,0,24,39,2,65,34,0,34,99
02/25/2005,PAH,KY,ASO,CE,Federal Contract Tower,0,21,12,0,33,0,1,55,3,59,0,22,67,3,92,56,0,56,148
02/26/2005,PAH,KY,ASO,CE,Federal Contract Tower,0,10,18,0,28,0,0,54,1,55,0,10,72,1,83,90,0,90,173
02/27/2005,PAH,KY,ASO,CE,Federal Contract Tower,0,11,10,0,21,0,0,15,0,15,0,11,25,0,36,22,0,22,58
02/28/2005,PAH,KY,ASO,CE,Federal Contract Tower,2,18,7,0,27,0,1,7,0,8,2,19,14,0,35,6,0,6,41
03/01/2005,PAH,KY,ASO,CE,Federal Contract Tower,0,21,8,0,29,0,0,31,0,31,0,21,39,0,60,22,0,22,82
03/02/2005,PAH,KY,ASO,CE,Federal Contract Tower,0,20,14,1,35,0,1,48,5,54,0,21,62,6,89,54,0,54,143
03/03/2005,PAH,KY,ASO,CE,Federal Contract Tower,0,16,18,0,34,0,3,35,5,43,0,19,53,5,77,24,0,24,101
03/04/2005,PAH,KY,ASO,CE,Federal Contract Tower,0,19,14,0,33,0,1,34,4,39,0,20,48,4,72,24,0,24,96
03/05/2005,PAH,KY,ASO,CE,Federal Contract Tower,0,10,15,0,25,0,6,40,2,48,0,16,55,2,73,42,2,44,117
03/06/2005,PAH,KY,ASO,CE,Federal Contract Tower,0,10,9,0,19,0,0,28,0,28,0,10,37,0,47,18,0,18,65
03/07/2005,PAH,KY,ASO,CE,Federal Contract Tower,0,19,4,0,23,0,1,24,0,25,0,20,28,0,48,0,0,0,48
03/08/2005,PAH,KY,ASO,CE,Federal Contract Tower,0,19,9,2,30,0,2,39,0,41,0,21,48,2,71,34,0,34,105
03/09/2005,PAH,KY,ASO,CE,Federal Contract Tower,0,24,14,0,38,0,3,19,1,23,0,27,33,1,61,38,0,38,99
03/10/2005,PAH,KY,ASO,CE,Federal Contract Tower,0,26,12,0,38,0,4,37,1,42,0,30,49,1,80,30,0,30,110
03/11/2005,PAH,KY,ASO,CE,Federal Contract Tower,0,24,13,0,37,0,0,21,2,23,0,24,34,2,60,26,4,30,90
03/12/2005,PAH,KY,ASO,CE,Federal Contract Tower,0,10,9,0,19,0,0,29,0,29,0,10,38,0,48,58,0,58,106
03/13/2005,PAH,KY,ASO,CE,Federal Contract Tower,0,9,11,0,20,0,0,20,0,20,0,9,31,0,40,8,0,8,48
03/14/2005,PAH,KY,ASO,CE,Federal Contract Tower,0,18,9,0,27,0,2,45,2,49,0,20,54,2,76,18,0,18,94
03/15/2005,PAH,KY,ASO,CE,Federal Contract Tower,0,19,4,0,23,0,5,23,0,28,0,24,27,0,51,18,0,18,69
03/16/2005,PAH,KY,ASO,CE,Federal Contract Tower,0,21,14,0,35,0,7,39,11,57,0,28,53,11,92,30,0,30,122
03/17/2005,PAH,KY,ASO,CE,Federal Contract Tower,0,22,13,0,35,0,8,49,4,61,0,30,62,4,96,80,0,80,176
03/18/2005,PAH,KY,ASO,CE,Federal Contract Tower,0,20,14,0,34,0,4,32,0,36,0,24,46,0,70,52,0,52,122
03/19/2005,PAH,KY,ASO,CE,Federal Contract Tower,0,10,3,0,13,0,0,29,0,29,0,10,32,0,42,20,0,20,62
03/20/2005,PAH,KY,ASO,CE,Federal Contract Tower,0,10,19,0,29,0,0,30,0,30,0,10,49,0,59,18,0,18,77
03/21/2005,PAH,KY,ASO,CE,Federal Contract Tower,0,17,8,0,25,0,3,27,0,30,0,20,35,0,55,50,0,50,105
03/22/2005,PAH,KY,ASO,CE,Federal Contract Tower,0,19,8,0,27,0,3,11,1,15,0,22,19,1,42,6,0,6,48
03/23/2005,PAH,KY,ASO,CE,Federal Contract Tower,0,28,12,0,40,0,2,24,7,33,0,30,36,7,73,14,4,18,91
03/24/2005,PAH,KY,ASO,CE,Federal Contract Tower,0,21,18,0,39,0,3,38,3,44,0,24,56,3,83,50,2,52,135
03/25/2005,PAH,KY,ASO,CE,Federal Contract Tower,0,20,22,0,42,0,2,34,0,36,0,22,56,0,78,28,0,28,106
03/26/2005,PAH,KY,ASO,CE,Federal Contract Tower,0,8,11,0,19,0,0,10,0,10,0,8,21,0,29,24,0,24,53
03/27/2005,PAH,KY,ASO,CE,Federal Contract Tower,0,13,1,0,14,0,0,0,0,0,0,13,1,0,14,0,0,0,14
03/28/2005,PAH,KY,ASO,CE,Federal Contract Tower,0,23,19,1,43,0,2,30,1,33,0,25,49,2,76,16,0,16,92
03/29/2005,PAH,KY,ASO,CE,Federal Contract Tower,0,24,22,0,46,0,2,38,0,40,0,26,60,0,86,32,0,32,118
03/30/2005,PAH,KY,ASO,CE,Federal Contract Tower,0,18,19,0,37,0,1,30,0,31,0,19,49,0,68,20,0,20,88
03/31/2005,PAH,KY,ASO,CE,Federal Contract Tower,0,18,22,0,40,0,0,43,2,45,0,18,65,2,85,32,4,36,121
04/01/2005,PAH,KY,ASO,CE,Federal Contract Tower,0,22,18,0,40,0,0,8,0,8,0,22,26,0,48,10,0,10,58
04/02/2005,PAH,KY,ASO,CE,Federal Contract Tower,0,8,11,0,19,0,2,27,0,29,0,10,38,0,48,16,0,16,64
04/03/2005,PAH,KY,ASO,CE,Federal Contract Tower,0,10,15,0,25,0,0,47,0,47,0,10,62,0,72,40,0,40,112
04/04/2005,PAH,KY,ASO,CE,Federal Contract Tower,0,17,10,0,27,0,3,25,2,30,0,20,35,2,57,18,0,18,75
04/05/2005,PAH,KY,ASO,CE,Federal Contract Tower,0,19,13,4,36,0,1,24,15,40,0,20,37,19,76,40,10,50,126
04/06/2005,PAH,KY,ASO,CE,Federal Contract Tower,0,20,17,0,37,0,1,12,1,14,0,21,29,1,51,20,0,20,71
04/07/2005,PAH,KY,ASO,CE,Federal Contract Tower,0,23,20,0,43,0,1,29,0,30,0,24,49,0,73,2,0,2,75
04/08/2005,PAH,KY,ASO,CE,Federal Contract Tower,0,23,11,0,34,0,2,37,3,42,0,25,48,3,76,32,0,32,108
04/09/2005,PAH,KY,ASO,CE,Federal Contract Tower,0,13,14,0,27,0,2,38,0,40,0,15,52,0,67,24,0,24,91
04/10/2005,PAH,KY,ASO,CE,Federal Contract Tower,0,12,23,1,36,0,0,43,3,46,0,12,66,4,82,16,0,16,98
04/11/2005,PAH,KY,ASO,CE,Federal Contract Tower,0,17,12,0,29,0,2,29,0,31,0,19,41,0,60,26,0,26,86
04/12/2005,PAH,KY,ASO,CE,Federal Contract Tower,0,16,17,0,33,0,3,28,0,31,0,19,45,0,64,40,0,40,104
04/13/2005,PAH,KY,ASO,CE,Federal Contract Tower,0,21,12,0,33,0,2,30,4,36,0,23,42,4,69,20,0,20,89
04/14/2005,PAH,KY,ASO,CE,Federal Contract Tower,0,22,15,0,37,0,6,40,2,48,0,28,55,2,85,26,0,26,111
04/15/2005,PAH,KY,ASO,CE,Federal Contract Tower,0,24,18,2,44,0,2,32,0,34,0,26,50,2,78,12,0,12,90
04/16/2005,PAH,KY,ASO,CE,Federal Contract Tower,0,9,12,0,21,0,0,47,0,47,0,9,59,0,68,74,0,74,142
04/17/2005,PAH,KY,ASO,CE,Federal Contract Tower,0,12,12,0,24,0,0,49,0,49,0,12,61,0,73,62,0,62,135
04/18/2005,PAH,KY,ASO,CE,Federal Contract Tower,0,21,7,0,28,0,2,29,2,33,0,23,36,2,61,38,0,38,99
04/19/2005,PAH,KY,ASO,CE,Federal Contract Tower,0,21,13,0,34,0,2,39,3,44,0,23,52,3,78,24,0,24,102
04/20/2005,PAH,KY,ASO,CE,Federal Contract Tower,0,20,17,0,37,0,0,39,2,41,0,20,56,2,78,48,0,48,126
04/21/2005,PAH,KY,ASO,CE,Federal Contract Tower,0,22,17,0,39,0,4,16,1,21,0,26,33,1,60,36,0,36,96
04/22/2005,PAH,KY,ASO,CE,Federal Contract Tower,0,21,15,0,36,0,1,10,2,13,0,22,25,2,49,10,0,10,59
04/23/2005,PAH,KY,ASO,CE,Federal Contract Tower,0,12,9,0,21,0,2,28,0,30,0,14,37,0,51,18,0,18,69
04/24/2005,PAH,KY,ASO,CE,Federal Contract Tower,0,14,13,0,27,0,0,18,0,18,0,14,31,0,45,0,0,0,45
04/25/2005,PAH,KY,ASO,CE,Federal Contract Tower,0,24,14,0,38,0,0,32,2,34,0,24,46,2,72,32,0,32,104
04/26/2005,PAH,KY,ASO,CE,Federal Contract Tower,0,17,14,1,32,0,3,33,1,37,0,20,47,2,69,32,4,36,105
04/27/2005,PAH,KY,ASO,CE,Federal Contract Tower,0,18,31,2,51,0,4,44,0,48,0,22,75,2,99,50,2,52,151
04/28/2005,PAH,KY,ASO,CE,Federal Contract Tower,0,21,9,0,30,0,4,39,2,45,0,25,48,2,75,30,0,30,105
04/29/2005,PAH,KY,ASO,CE,Federal Contract Tower,0,30,7,1,38,0,0,0,0,0,0,30,7,1,38,0,0,0,38
04/30/2005,PAH,KY,ASO,CE,Federal Contract Tower,0,10,6,0,16,0,10,31,1,42,0,20,37,1,58,12,0,12,70
05/01/2005,PAH,KY,ASO,CE,Federal Contract Tower,0,12,11,0,23,0,0,22,0,22,0,12,33,0,45,24,0,24,69
05/02/2005,PAH,KY,ASO,CE,Federal Contract Tower,0,21,12,1,34,0,1,35,3,39,0,22,47,4,73,38,2,40,113
05/03/2005,PAH,KY,ASO,CE,Federal Contract Tower,0,21,13,0,34,0,1,34,7,42,0,22,47,7,76,36,4,40,116
05/04/2005,PAH,KY,ASO,CE,Federal Contract Tower,0,16,15,2,33,0,2,79,6,87,0,18,94,8,120,46,0,46,166
05/05/2005,PAH,KY,ASO,CE,Federal Contract Tower,0,19,10,0,29,0,2,52,0,54,0,21,62,0,83,32,0,32,115
05/06/2005,PAH,KY,ASO,CE,Federal Contract Tower,0,19,9,0,28,0,0,24,0,24,0,19,33,0,52,18,0,18,70
05/07/2005,PAH,KY,ASO,CE,Federal Contract Tower,0,8,10,0,18,0,0,37,0,37,0,8,47,0,55,36,0,36,91
05/08/2005,PAH,KY,ASO,CE,Federal Contract Tower,0,12,6,2,20,0,0,14,0,14,0,12,20,2,34,22,0,22,56
05/09/2005,PAH,KY,ASO,CE,Federal Contract Tower,0,17,16,0,33,0,2,32,4,38,0,19,48,4,71,32,0,32,103
05/10/2005,PAH,KY,ASO,CE,Federal Contract Tower,0,20,12,0,32,0,3,35,2,40,0,23,47,2,72,26,4,30,102
05/11/2005,PAH,KY,ASO,CE,Federal Contract Tower,0,23,20,0,43,0,1,38,0,39,0,24,58,0,82,26,0,26,108
05/12/2005,PAH,KY,ASO,CE,Federal Contract Tower,0,22,13,0,35,0,1,45,3,49,0,23,58,3,84,34,0,34,118
05/13/2005,PAH,KY,ASO,CE,Federal Contract Tower,0,29,8,0,37,0,0,12,3,15,0,29,20,3,52,6,14,20,72
05/14/2005,PAH,KY,ASO,CE,Federal Contract Tower,0,8,3,0,11,0,0,23,4,27,0,8,26,4,38,18,0,18,56
05/15/2005,PAH,KY,ASO,CE,Federal Contract Tower,0,12,5,0,17,0,0,31,2,33,0,12,36,2,50,24,0,24,74
05/16/2005,PAH,KY,ASO,CE,Federal Contract Tower,0,28,6,0,34,0,6,41,2,49,0,34,47,2,83,32,4,36,119
05/17/2005,PAH,KY,ASO,CE,Federal Contract Tower,0,21,13,1,35,0,2,40,1,43,0,23,53,2,78,36,2,38,116
05/18/2005,PAH,KY,ASO,CE,Federal Contract Tower,0,20,9,0,29,0,1,39,1,41,0,21,48,1,70,34,0,34,104
05/19/2005,PAH,KY,ASO,CE,Federal Contract Tower,0,24,6,0,30,0,1,46,2,49,0,25,52,2,79,18,0,18,97
05/20/2005,PAH,KY,ASO,CE,Federal Contract Tower,0,20,16,0,36,0,1,11,0,12,0,21,27,0,48,0,0,0,48
05/21/2005,PAH,KY,ASO,CE,Federal Contract Tower,0,11,13,0,24,0,0,27,0,27,0,11,40,0,51,38,0,38,89
05/22/2005,PAH,KY,ASO,CE,Federal Contract Tower,0,12,8,0,20,0,2,29,2,33,0,14,37,2,53,40,0,40,93
05/23/2005,PAH,KY,ASO,CE,Federal Contract Tower,0,22,16,0,38,0,1,28,4,33,0,23,44,4,71,42,0,42,113
05/24/2005,PAH,KY,ASO,CE,Federal Contract Tower,0,23,16,2,41,0,3,39,2,44,0,26,55,4,85,36,0,36,121
05/25/2005,PAH,KY,ASO,CE,Federal Contract Tower,0,18,9,4,31,0,5,50,2,57,0,23,59,6,88,40,0,40,128
05/26/2005,PAH,KY,ASO,CE,Federal Contract Tower,0,19,12,1,32,0,3,37,3,43,0,22,49,4,75,44,0,44,119
05/27/2005,PAH,KY,ASO,CE,Federal Contract Tower,0,17,11,0,28,0,4,33,0,37,0,21,44,0,65,24,0,24,89
05/28/2005,PAH,KY,ASO,CE,Federal Contract Tower,0,8,11,0,19,0,0,26,0,26,0,8,37,0,45,14,0,14,59
05/29/2005,PAH,KY,ASO,CE,Federal Contract Tower,0,6,10,0,16,0,0,21,2,23,0,6,31,2,39,18,0,18,57
05/30/2005,PAH,KY,ASO,CE,Federal Contract Tower,0,12,12,0,24,0,1,30,0,31,0,13,42,0,55,36,0,36,91
05/31/2005,PAH,KY,ASO,CE,Federal Contract Tower,0,20,11,0,31,0,2,45,3,50,0,22,56,3,81,46,0,46,127
06/01/2005,PAH,KY,ASO,CE,Federal Contract Tower,0,19,15,2,36,0,1,33,2,36,0,20,48,4,72,28,0,28,100
06/02/2005,PAH,KY,ASO,CE,Federal Contract Tower,0,22,21,0,43,0,0,33,2,35,0,22,54,2,78,26,0,26,104
06/03/2005,PAH,KY,ASO,CE,Federal Contract Tower,0,21,19,0,40,0,0,22,0,22,0,21,41,0,62,10,0,10,72
06/04/2005,PAH,KY,ASO,CE,Federal Contract Tower,0,8,8,0,16,0,2,53,0,55,0,10,61,0,71,32,0,32,103
06/05/2005,PAH,KY,ASO,CE,Federal Contract Tower,0,10,16,0,26,0,0,30,0,30,0,10,46,0,56,48,0,48,104
06/06/2005,PAH,KY,ASO,CE,Federal Contract Tower,0,20,7,0,27,0,3,66,6,75,0,23,73,6,102,38,0,38,140
06/07/2005,PAH,KY,ASO,CE,Federal Contract Tower,0,26,19,0,45,0,3,41,2,46,0,29,60,2,91,56,0,56,147
06/08/2005,PAH,KY,ASO,CE,Federal Contract Tower,0,22,15,0,37,0,0,44,0,44,0,22,59,0,81,30,0,30,111
06/09/2005,PAH,KY,ASO,CE,Federal Contract Tower,0,21,23,2,46,0,2,28,0,30,0,23,51,2,76,18,0,18,94
06/10/2005,PAH,KY,ASO,CE,Federal Contract Tower,0,19,12,0,31,0,0,33,0,33,0,19,45,0,64,32,0,32,96
06/11/2005,PAH,KY,ASO,CE,Federal Contract Tower,0,8,15,0,23,0,0,24,2,26,0,8,39,2,49,58,0,58,107
06/12/2005,PAH,KY,ASO,CE,Federal Contract Tower,0,10,13,0,23,0,0,39,0,39,0,10,52,0,62,18,0,18,80
06/13/2005,PAH,KY,ASO,CE,Federal Contract Tower,0,21,14,0,35,0,1,51,4,56,0,22,65,4,91,48,0,48,139
06/14/2005,PAH,KY,ASO,CE,Federal Contract Tower,0,20,13,0,33,0,4,59,2,65,0,24,72,2,98,38,0,38,136
06/15/2005,PAH,KY,ASO,CE,Federal Contract Tower,0,19,20,0,39,0,1,48,2,51,0,20,68,2,90,30,0,30,120
06/16/2005,PAH,KY,ASO,CE,Federal Contract Tower,0,24,19,1,44,0,1,40,3,44,0,25,59,4,88,20,0,20,108
06/17/2005,PAH,KY,ASO,CE,Federal Contract Tower,0,19,22,0,41,0,1,36,0,37,0,20,58,0,78,50,0,50,128
06/18/2005,PAH,KY,ASO,CE,Federal Contract Tower,0,10,12,0,22,0,0,22,0,22,0,10,34,0,44,24,0,24,68
06/19/2005,PAH,KY,ASO,CE,Federal Contract Tower,0,11,11,0,22,0,0,32,0,32,0,11,43,0,54,20,0,20,74
06/20/2005,PAH,KY,ASO,CE,Federal Contract Tower,0,17,18,0,35,0,2,50,0,52,0,19,68,0,87,44,0,44,131
06/21/2005,PAH,KY,ASO,CE,Federal Contract Tower,0,17,8,3,28,0,2,48,1,51,0,19,56,4,79,82,6,88,167
06/22/2005,PAH,KY,ASO,CE,Federal Contract Tower,0,28,20,0,48,0,2,54,6,62,0,30,74,6,110,94,0,94,204
06/23/2005,PAH,KY,ASO,CE,Federal Contract Tower,0,23,18,0,41,0,2,46,0,48,0,25,64,0,89,60,0,60,149
06/24/2005,PAH,KY,ASO,CE,Federal Contract Tower,0,22,16,0,38,0,0,30,0,30,0,22,46,0,68,36,0,36,104
06/25/2005,PAH,KY,ASO,CE,Federal Contract Tower,0,9,3,0,12,0,1,33,2,36,0,10,36,2,48,48,0,48,96
06/26/2005,PAH,KY,ASO,CE,Federal Contract Tower,0,13,8,0,21,0,1,31,0,32,0,14,39,0,53,48,0,48,101
06/27/2005,PAH,KY,ASO,CE,Federal Contract Tower,0,23,19,0,42,0,4,46,5,55,0,27,65,5,97,28,2,30,127
06/28/2005,PAH,KY,ASO,CE,Federal Contract Tower,0,20,10,0,30,0,0,35,2,37,0,20,45,2,67,56,0,56,123
06/29/2005,PAH,KY,ASO,CE,Federal Contract Tower,0,19,9,0,28,0,2,38,2,42,0,21,47,2,70,38,0,38,108
06/30/2005,PAH,KY,ASO,CE,Federal Contract Tower,0,22,20,0,42,0,3,35,2,40,0,25,55,2,82,42,2,44,126
07/01/2005,PAH,KY,ASO,CE,Federal Contract Tower,0,23,9,0,32,0,2,36,0,38,0,25,45,0,70,28,0,28,98
07/02/2005,PAH,KY,ASO,CE,Federal Contract Tower,0,8,9,0,17,0,0,18,0,18,0,8,27,0,35,60,0,60,95
07/03/2005,PAH,KY,ASO,CE,Federal Contract Tower,0,11,4,0,15,0,0,48,0,48,0,11,52,0,63,58,0,58,121
07/04/2005,PAH,KY,ASO,CE,Federal Contract Tower,0,10,5,1,16,0,0,31,1,32,0,10,36,2,48,22,0,22,70
07/05/2005,PAH,KY,ASO,CE,Federal Contract Tower,0,21,14,0,35,0,0,16,0,16,0,21,30,0,51,8,0,8,59
07/06/2005,PAH,KY,ASO,CE,Federal Contract Tower,0,22,4,2,28,0,6,47,1,54,0,28,51,3,82,22,0,22,104
07/07/2005,PAH,KY,ASO,CE,Federal Contract Tower,0,20,13,0,33,0,2,46,5,53,0,22,59,5,86,24,2,26,112
07/08/2005,PAH,KY,ASO,CE,Federal Contract Tower,0,22,21,0,43,0,1,36,0,37,0,23,57,0,80,22,0,22,102
07/09/2005,PAH,KY,ASO,CE,Federal Contract Tower,0,11,14,0,25,0,1,35,2,38,0,12,49,2,63,68,0,68,131
07/10/2005,PAH,KY,ASO,CE,Federal Contract Tower,0,11,6,0,17,0,1,31,0,32,0,12,37,0,49,58,0,58,107
07/11/2005,PAH,KY,ASO,CE,Federal Contract Tower,0,24,10,0,34,0,1,18,3,22,0,25,28,3,56,8,0,8,64
07/12/2005,PAH,KY,ASO,CE,Federal Contract Tower,0,20,4,0,24,0,4,16,0,20,0,24,20,0,44,0,0,0,44
07/13/2005,PAH,KY,ASO,CE,Federal Contract Tower,0,20,9,0,29,0,3,27,0,30,0,23,36,0,59,40,0,40,99
07/14/2005,PAH,KY,ASO,CE,Federal Contract Tower,0,20,15,0,35,0,1,28,0,29,0,21,43,0,64,34,0,34,98
07/15/2005,PAH,KY,ASO,CE,Federal Contract Tower,0,19,19,0,38,0,0,19,2,21,0,19,38,2,59,4,0,4,63
07/16/2005,PAH,KY,ASO,CE,Federal Contract Tower,0,9,9,0,18,0,0,32,0,32,0,9,41,0,50,36,0,36,86
07/17/2005,PAH,KY,ASO,CE,Federal Contract Tower,0,10,7,0,17,0,1,41,0,42,0,11,48,0,59,90,0,90,149
07/18/2005,PAH,KY,ASO,CE,Federal Contract Tower,0,18,15,3,36,0,4,43,5,52,0,22,58,8,88,36,10,46,134
07/19/2005,PAH,KY,ASO,CE,Federal Contract Tower,0,17,17,0,34,0,2,30,2,34,0,19,47,2,68,42,8,50,118
07/20/2005,PAH,KY,ASO,CE,Federal Contract Tower,0,19,20,0,39,0,0,37,1,38,0,19,57,1,77,32,0,32,109
07/21/2005,PAH,KY,ASO,CE,Federal Contract Tower,0,18,15,0,33,0,2,40,4,46,0,20,55,4,79,26,0,26,105
07/22/2005,PAH,KY,ASO,CE,Federal Contract Tower,0,25,14,0,39,0,2,40,4,46,0,27,54,4,85,38,0,38,123
07/23/2005,PAH,KY,ASO,CE,Federal Contract Tower,0,10,10,0,20,0,1,42,0,43,0,11,52,0,63,56,0,56,119
07/24/2005,PAH,KY,ASO,CE,Federal Contract Tower,0,9,9,0,18,0,2,33,0,35,0,11,42,0,53,46,0,46,99
07/25/2005,PAH,KY,ASO,CE,Federal Contract Tower,0,21,12,0,33,0,1,45,4,50,0,22,57,4,83,38,8,46,129
07/26/2005,PAH,KY,ASO,CE,Federal Contract Tower,0,17,17,0,34,0,2,30,2,34,0,19,47,2,68,30,0,30,98
07/27/2005,PAH,KY,ASO,CE,Federal Contract Tower,0,20,27,0,47,0,2,26,0,28,0,22,53,0,75,28,0,28,103
07/28/2005,PAH,KY,ASO,CE,Federal Contract Tower,0,20,20,3,43,0,1,18,3,22,0,21,38,6,65,12,0,12,77
07/29/2005,PAH,KY,ASO,CE,Federal Contract Tower,0,18,14,0,32,0,3,34,4,41,0,21,48,4,73,0,42,42,115
07/30/2005,PAH,KY,ASO,CE,Federal Contract Tower,0,10,3,0,13,0,0,46,0,46,0,10,49,0,59,60,0,60,119
07/31/2005,PAH,KY,ASO,CE,Federal Contract Tower,0,10,9,0,19,0,0,40,0,40,0,10,49,0,59,62,0,62,121
08/01/2005,PAH,KY,ASO,CE,Federal Contract Tower,0,20,14,0,34,0,0,34,2,36,0,20,48,2,70,0,0,0,70
08/02/2005,PAH,KY,ASO,CE,Federal Contract Tower,0,18,24,0,42,0,2,27,0,29,0,20,51,0,71,12,0,12,83
08/03/2005,PAH,KY,ASO,CE,Federal Contract Tower,0,19,11,4,34,0,1,31,0,32,0,20,42,4,66,36,2,38,104
08/04/2005,PAH,KY,ASO,CE,Federal Contract Tower,0,21,16,2,39,0,1,50,5,56,0,22,66,7,95,38,0,38,133
08/05/2005,PAH,KY,ASO,CE,Federal Contract Tower,0,21,14,0,35,0,0,44,4,48,0,21,58,4,83,52,2,54,137
08/06/2005,PAH,KY,ASO,CE,Federal Contract Tower,0,11,12,0,23,0,0,24,2,26,0,11,36,2,49,68,0,68,117
08/07/2005,PAH,KY,ASO,CE,Federal Contract Tower,0,11,13,0,24,0,0,36,0,36,0,11,49,0,60,40,0,40,100
08/08/2005,PAH,KY,ASO,CE,Federal Contract Tower,0,18,16,0,34,0,0,33,2,35,0,18,49,2,69,52,2,54,123
08/09/2005,PAH,KY,ASO,CE,Federal Contract Tower,0,18,12,0,30,0,1,45,2,48,0,19,57,2,78,40,6,46,124
08/10/2005,PAH,KY,ASO,CE,Federal Contract Tower,0,20,16,0,36,0,1,29,0,30,0,21,45,0,66,24,0,24,90
08/11/2005,PAH,KY,ASO,CE,Federal Contract Tower,0,18,17,0,35,0,2,34,8,44,0,20,51,8,79,22,10,32,111
08/12/2005,PAH,KY,ASO,CE,Federal Contract Tower,1,18,7,0,26,1,2,48,0,51,2,20,55,0,77,38,0,38,115
08/13/2005,PAH,KY,ASO,CE,Federal Contract Tower,0,10,7,0,17,0,0,39,2,41,0,10,46,2,58,84,0,84,142
08/14/2005,PAH,KY,ASO,CE,Federal Contract Tower,0,14,11,0,25,0,0,33,0,33,0,14,44,0,58,38,0,38,96
08/15/2005,PAH,KY,ASO,CE,Federal Contract Tower,0,27,16,3,46,0,1,36,5,42,0,28,52,8,88,48,0,48,136
08/16/2005,PAH,KY,ASO,CE,Federal Contract Tower,0,18,22,2,42,0,2,25,0,27,0,20,47,2,69,30,2,32,101
08/17/2005,PAH,KY,ASO,CE,Federal Contract Tower,0,21,22,0,43,0,4,54,4,62,0,25,76,4,105,34,0,34,139
08/18/2005,PAH,KY,ASO,CE,Federal Contract Tower,0,21,14,0,35,0,1,50,9,60,0,22,64,9,95,28,0,28,123
08/19/2005,PAH,KY,ASO,CE,Federal Contract Tower,0,24,24,8,56,0,2,40,0,42,0,26,64,8,98,36,0,36,134
08/20/2005,PAH,KY,ASO,CE,Federal Contract Tower,0,9,7,0,16,0,0,37,2,39,0,9,44,2,55,42,0,42,97
08/21/2005,PAH,KY,ASO,CE,Federal Contract Tower,0,10,14,4,28,0,0,19,4,23,0,10,33,8,51,60,0,60,111
08/22/2005,PAH,KY,ASO,CE,Federal Contract Tower,0,18,23,0,41,0,0,24,0,24,0,18,47,0,65,46,0,46,111
08/23/2005,PAH,KY,ASO,CE,Federal Contract Tower,0,18,12,2,32,0,1,49,6,56,0,19,61,8,88,30,6,36,124
08/24/2005,PAH,KY,ASO,CE,Federal Contract Tower,0,19,14,0,33,0,1,48,6,55,0,20,62,6,88,44,0,44,132
08/25/2005,PAH,KY,ASO,CE,Federal Contract Tower,0,23,16,0,39,0,1,47,0,48,0,24,63,0,87,36,0,36,123
08/26/2005,PAH,KY,ASO,CE,Federal Contract Tower,0,24,14,1,39,0,2,30,3,35,0,26,44,4,74,48,0,48,122
08/27/2005,PAH,KY,ASO,CE,Federal Contract Tower,0,8,5,4,17,0,1,37,6,44,0,9,42,10,61,52,0,52,113
08/28/2005,PAH,KY,ASO,CE,Federal Contract Tower,0,14,3,1,18,0,0,34,2,36,0,14,37,3,54,38,0,38,92
08/29/2005,PAH,KY,ASO,CE,Federal Contract Tower,0,26,5,0,31,0,0,19,0,19,0,26,24,0,50,18,0,18,68
08/30/2005,PAH,KY,ASO,CE,Federal Contract Tower,2,18,1,0,21,0,3,47,0,50,2,21,48,0,71,0,0,0,71
08/31/2005,PAH,KY,ASO,CE,Federal Contract Tower,0,19,14,0,33,0,2,35,1,38,0,21,49,1,71,42,0,42,113
09/01/2005,PAH,KY,ASO,CE,Federal Contract Tower,0,19,12,0,31,0,2,55,3,60,0,21,67,3,91,28,8,36,127
09/02/2005,PAH,KY,ASO,CE,Federal Contract Tower,0,21,13,0,34,0,2,61,1,64,0,23,74,1,98,28,0,28,126
09/03/2005,PAH,KY,ASO,CE,Federal Contract Tower,0,12,8,0,20,0,0,31,0,31,0,12,39,0,51,62,0,62,113
09/04/2005,PAH,KY,ASO,CE,Federal Contract Tower,0,9,2,0,11,0,0,21,0,21,0,9,23,0,32,2,0,2,34
09/05/2005,PAH,KY,ASO,CE,Federal Contract Tower,0,9,5,1,15,0,0,31,1,32,0,9,36,2,47,20,0,20,67
09/06/2005,PAH,KY,ASO,CE,Federal Contract Tower,0,17,6,0,23,0,1,37,0,38,0,18,43,0,61,46,0,46,107
09/07/2005,PAH,KY,ASO,CE,Federal Contract Tower,0,19,11,0,30,0,3,30,2,35,0,22,41,2,65,42,0,42,107
09/08/2005,PAH,KY,ASO,CE,Federal Contract Tower,0,19,26,0,45,0,2,47,6,55,0,21,73,6,100,40,2,42,142
09/09/2005,PAH,KY,ASO,CE,Federal Contract Tower,0,20,10,0,30,0,2,51,6,59,0,22,61,6,89,34,2,36,125
09/10/2005,PAH,KY,ASO,CE,Federal Contract Tower,0,10,6,0,16,0,0,34,2,36,0,10,40,2,52,52,2,54,106
09/11/2005,PAH,KY,ASO,CE,Federal Contract Tower,0,10,9,0,19,0,0,28,0,28,0,10,37,0,47,22,0,22,69
09/12/2005,PAH,KY,ASO,CE,Federal Contract Tower,0,27,15,0,42,0,1,52,4,57,0,28,67,4,99,30,0,30,129
09/13/2005,PAH,KY,ASO,CE,Federal Contract Tower,0,21,10,0,31,0,0,38,0,38,0,21,48,0,69,12,0,12,81
09/14/2005,PAH,KY,ASO,CE,Federal Contract Tower,0,20,15,0,35,0,3,44,5,52,0,23,59,5,87,68,0,68,155
09/15/2005,PAH,KY,ASO,CE,Federal Contract Tower,0,19,15,0,34,0,3,36,3,42,0,22,51,3,76,26,4,30,106
09/16/2005,PAH,KY,ASO,CE,Federal Contract Tower,0,21,11,0,32,0,2,34,1,37,0,23,45,1,69,38,0,38,107
09/17/2005,PAH,KY,ASO,CE,Federal Contract Tower,0,10,11,0,21,0,1,18,0,19,0,11,29,0,40,62,0,62,102
09/18/2005,PAH,KY,ASO,CE,Federal Contract Tower,0,10,8,0,18,0,2,53,2,57,0,12,61,2,75,38,6,44,119
09/19/2005,PAH,KY,ASO,CE,Federal Contract Tower,0,19,15,1,35,0,2,21,1,24,0,21,36,2,59,34,0,34,93
09/20/2005,PAH,KY,ASO,CE,Federal Contract Tower,0,20,12,0,32,0,1,26,0,27,0,21,38,0,59,32,0,32,91
09/21/2005,PAH,KY,ASO,CE,Federal Contract Tower,0,20,13,0,33,0,0,34,2,36,0,20,47,2,69,36,0,36,105
09/22/2005,PAH,KY,ASO,CE,Federal Contract Tower,0,21,13,0,34,0,2,37,2,41,0,23,50,2,75,42,0,42,117
09/23/2005,PAH,KY,ASO,CE,Federal Contract Tower,0,18,7,0,25,0,6,31,2,39,0,24,38,2,64,36,0,36,100
09/24/2005,PAH,KY,ASO,CE,Federal Contract Tower,0,8,12,0,20,0,0,34,2,36,0,8,46,2,56,70,0,70,126
09/25/2005,PAH,KY,ASO,CE,Federal Contract Tower,0,13,1,0,14,0,0,1,0,1,0,13,2,0,15,0,0,0,15
09/26/2005,PAH,KY,ASO,CE,Federal Contract Tower,0,20,10,0,30,0,3,26,0,29,0,23,36,0,59,40,0,40,99
09/27/2005,PAH,KY,ASO,CE,Federal Contract Tower,0,20,18,0,38,0,2,41,6,49,0,22,59,6,87,36,0,36,123
09/28/2005,PAH,KY,ASO,CE,Federal Contract Tower,0,20,12,4,36,0,0,17,5,22,0,20,29,9,58,44,4,48,106
09/29/2005,PAH,KY,ASO,CE,Federal Contract Tower,0,23,17,0,40,0,1,29,0,30,0,24,46,0,70,18,0,18,88
09/30/2005,PAH,KY,ASO,CE,Federal Contract Tower,1,19,15,0,35,0,1,53,2,56,1,20,68,2,91,70,0,70,161
10/01/2005,PAH,KY,ASO,CE,Federal Contract Tower,0,10,10,0,20,0,0,42,0,42,0,10,52,0,62,22,0,22,84
10/02/2005,PAH,KY,ASO,CE,Federal Contract Tower,0,15,15,0,30,0,1,28,0,29,0,16,43,0,59,8,0,8,67
10/03/2005,PAH,KY,ASO,CE,Federal Contract Tower,0,19,15,0,34,0,1,56,2,59,0,20,71,2,93,54,0,54,147
10/04/2005,PAH,KY,ASO,CE,Federal Contract Tower,0,16,13,2,31,0,1,43,4,48,0,17,56,6,79,40,0,40,119
10/05/2005,PAH,KY,ASO,CE,Federal Contract Tower,0,24,32,0,56,0,2,46,2,50,0,26,78,2,106,26,0,26,132
10/06/2005,PAH,KY,ASO,CE,Federal Contract Tower,0,24,24,0,48,0,1,29,0,30,0,25,53,0,78,40,0,40,118
10/07/2005,PAH,KY,ASO,CE,Federal Contract Tower,0,20,24,1,45,0,1,30,5,36,0,21,54,6,81,38,0,38,119
10/08/2005,PAH,KY,ASO,CE,Federal Contract Tower,0,8,11,0,19,0,2,29,0,31,0,10,40,0,50,0,0,0,50
10/09/2005,PAH,KY,ASO,CE,Federal Contract Tower,0,12,10,0,22,0,0,17,0,17,0,12,27,0,39,6,0,6,45
10/10/2005,PAH,KY,ASO,CE,Federal Contract Tower,0,13,12,0,25,0,0,13,0,13,0,13,25,0,38,10,0,10,48
10/11/2005,PAH,KY,ASO,CE,Federal Contract Tower,0,15,18,0,33,0,1,30,0,31,0,16,48,0,64,32,0,32,96
10/12/2005,PAH,KY,ASO,CE,Federal Contract Tower,0,22,22,2,46,0,0,30,0,30,0,22,52,2,76,26,0,26,102
10/13/2005,PAH,KY,ASO,CE,Federal Contract Tower,0,21,12,0,33,0,2,27,0,29,0,23,39,0,62,58,0,58,120
10/14/2005,PAH,KY,ASO,CE,Federal Contract Tower,0,20,12,0,32,0,2,40,5,47,0,22,52,5,79,70,0,70,149
10/15/2005,PAH,KY,ASO,CE,Federal Contract Tower,0,10,10,0,20,0,0,42,0,42,0,10,52,0,62,8,0,8,70
10/16/2005,PAH,KY,ASO,CE,Federal Contract Tower,0,10,9,0,19,0,0,43,0,43,0,10,52,0,62,16,0,16,78
10/17/2005,PAH,KY,ASO,CE,Federal Contract Tower,0,16,15,0,31,0,1,35,4,40,0,17,50,4,71,36,0,36,107
10/18/2005,PAH,KY,ASO,CE,Federal Contract Tower,0,21,15,0,36,0,2,47,2,51,0,23,62,2,87,36,0,36,123
10/19/2005,PAH,KY,ASO,CE,Federal Contract Tower,0,22,13,0,35,0,2,29,2,33,0,24,42,2,68,44,0,44,112
10/20/2005,PAH,KY,ASO,CE,Federal Contract Tower,0,23,13,0,36,0,2,31,4,37,0,25,44,4,73,36,4,40,113
10/21/2005,PAH,KY,ASO,CE,Federal Contract Tower,0,24,21,0,45,0,0,22,2,24,0,24,43,2,69,6,0,6,75
10/22/2005,PAH,KY,ASO,CE,Federal Contract Tower,0,8,9,0,17,0,0,42,0,42,0,8,51,0,59,46,0,46,105
10/23/2005,PAH,KY,ASO,CE,Federal Contract Tower,0,13,10,0,23,0,2,3,0,5,0,15,13,0,28,4,0,4,32
10/24/2005,PAH,KY,ASO,CE,Federal Contract Tower,0,32,13,0,45,0,0,26,2,28,0,32,39,2,73,30,0,30,103
10/25/2005,PAH,KY,ASO,CE,Federal Contract Tower,0,25,12,0,37,0,1,35,1,37,0,26,47,1,74,26,0,26,100
10/26/2005,PAH,KY,ASO,CE,Federal Contract Tower,0,23,13,0,36,0,3,31,1,35,0,26,44,1,71,58,2,60,131
10/27/2005,PAH,KY,ASO,CE,Federal Contract Tower,0,21,16,0,37,0,2,39,0,41,0,23,55,0,78,30,0,30,108
10/28/2005,PAH,KY,ASO,CE,Federal Contract Tower,0,19,15,0,34,0,1,34,0,35,0,20,49,0,69,38,0,38,107
10/29/2005,PAH,KY,ASO,CE,Federal Contract Tower,0,8,13,0,21,0,2,46,2,50,0,10,59,2,71,44,0,44,115
10/30/2005,PAH,KY,ASO,CE,Federal Contract Tower,0,11,11,0,22,0,0,43,0,43,0,11,54,0,65,40,0,40,105
10/31/2005,PAH,KY,ASO,CE,Federal Contract Tower,0,14,11,0,25,0,4,36,0,40,0,18,47,0,65,42,0,42,107
11/01/2005,PAH,KY,ASO,CE,Federal Contract Tower,0,17,11,3,31,0,3,30,7,40,0,20,41,10,71,44,6,50,121
11/02/2005,PAH,KY,ASO,CE,Federal Contract Tower,0,18,16,5,39,0,5,29,5,39,0,23,45,10,78,38,6,44,122
11/03/2005,PAH,KY,ASO,CE,Federal Contract Tower,0,20,8,0,28,0,3,36,2,41,0,23,44,2,69,26,0,26,95
11/04/2005,PAH,KY,ASO,CE,Federal Contract Tower,0,19,15,0,34,0,1,23,0,24,0,20,38,0,58,0,0,0,58
11/05/2005,PAH,KY,ASO,CE,Federal Contract Tower,0,12,6,4,22,0,0,8,0,8,0,12,14,4,30,0,0,0,30
11/06/2005,PAH,KY,ASO,CE,Federal Contract Tower,0,9,9,0,18,0,0,28,0,28,0,9,37,0,46,30,0,30,76
11/07/2005,PAH,KY,ASO,CE,Federal Contract Tower,0,22,14,3,39,0,1,35,3,39,0,23,49,6,78,58,4,62,140
11/08/2005,PAH,KY,ASO,CE,Federal Contract Tower,0,20,15,0,35,0,1,54,1,56,0,21,69,1,91,40,0,40,131
11/09/2005,PAH,KY,ASO,CE,Federal Contract Tower,0,20,8,0,28,0,2,46,1,49,0,22,54,1,77,32,0,32,109
11/10/2005,PAH,KY,ASO,CE,Federal Contract Tower,0,20,10,0,30,0,2,38,3,43,0,22,48,3,73,28,2,30,103
11/11/2005,PAH,KY,ASO,CE,Federal Contract Tower,0,11,9,0,20,0,0,32,0,32,0,11,41,0,52,30,0,30,82
11/12/2005,PAH,KY,ASO,CE,Federal Contract Tower,0,10,10,0,20,0,0,47,0,47,0,10,57,0,67,36,0,36,103
11/13/2005,PAH,KY,ASO,CE,Federal Contract Tower,0,12,2,0,14,0,0,35,0,35,0,12,37,0,49,32,0,32,81
11/14/2005,PAH,KY,ASO,CE,Federal Contract Tower,0,19,14,0,33,0,2,27,2,31,0,21,41,2,64,22,0,22,86
11/15/2005,PAH,KY,ASO,CE,Federal Contract Tower,0,7,8,0,15,0,1,25,2,28,0,8,33,2,43,36,0,36,79
11/16/2005,PAH,KY,ASO,CE,Federal Contract Tower,0,22,11,0,33,0,5,36,6,47,0,27,47,6,80,48,0,48,128
11/17/2005,PAH,KY,ASO,CE,Federal Contract Tower,0,26,13,0,39,0,1,47,2,50,0,27,60,2,89,48,0,48,137
11/18/2005,PAH,KY,ASO,CE,Federal Contract Tower,0,16,14,0,30,0,2,32,0,34,0,18,46,0,64,8,0,8,72
11/19/2005,PAH,KY,ASO,CE,Federal Contract Tower,0,11,11,0,22,0,0,40,0,40,0,11,51,0,62,14,0,14,76
11/20/2005,PAH,KY,ASO,CE,Federal Contract Tower,0,8,5,0,13,0,0,21,0,21,0,8,26,0,34,28,0,28,62
11/21/2005,PAH,KY,ASO,CE,Federal Contract Tower,0,17,14,2,33,0,2,43,2,47,0,19,57,4,80,74,6,80,160
11/22/2005,PAH,KY,ASO,CE,Federal Contract Tower,2,18,12,0,32,0,4,51,3,58,2,22,63,3,90,44,4,48,138
11/23/2005,PAH,KY,ASO,CE,Federal Contract Tower,0,18,17,0,35,0,3,45,0,48,0,21,62,0,83,26,0,26,109
11/24/2005,PAH,KY,ASO,CE,Federal Contract Tower,0,12,2,0,14,0,0,7,0,7,0,12,9,0,21,0,0,0,21
11/25/2005,PAH,KY,ASO,CE,Federal Contract Tower,0,13,5,0,18,0,1,22,0,23,0,14,27,0,41,8,0,8,49
11/26/2005,PAH,KY,ASO,CE,Federal Contract Tower,0,8,8,0,16,0,0,34,0,34,0,8,42,0,50,42,0,42,92
11/27/2005,PAH,KY,ASO,CE,Federal Contract Tower,0,9,18,0,27,0,1,48,2,51,0,10,66,2,78,38,0,38,116
11/28/2005,PAH,KY,ASO,CE,Federal Contract Tower,0,15,5,0,20,0,1,49,4,54,0,16,54,4,74,28,0,28,102
11/29/2005,PAH,KY,ASO,CE,Federal Contract Tower,0,18,13,0,31,0,2,50,2,54,0,20,63,2,85,38,0,38,123
11/30/2005,PAH,KY,ASO,CE,Federal Contract Tower,0,19,8,2,29,0,2,43,2,47,0,21,51,4,76,34,2,36,112
12/01/2005,PAH,KY,ASO,CE,Federal Contract Tower,0,19,11,0,30,0,1,22,0,23,0,20,33,0,53,34,0,34,87
12/02/2005,PAH,KY,ASO,CE,Federal Contract Tower,0,16,7,0,23,0,2,23,0,25,0,18,30,0,48,26,0,26,74
12/03/2005,PAH,KY,ASO,CE,Federal Contract Tower,0,13,11,0,24,0,0,21,0,21,0,13,32,0,45,0,0,0,45
12/04/2005,PAH,KY,ASO,CE,Federal Contract Tower,0,9,14,0,23,0,2,28,0,30,0,11,42,0,53,46,0,46,99
12/05/2005,PAH,KY,ASO,CE,Federal Contract Tower,0,26,17,0,43,0,2,44,5,51,0,28,61,5,94,66,4,70,164
12/06/2005,PAH,KY,ASO,CE,Federal Contract Tower,0,16,15,2,33,0,2,52,2,56,0,18,67,4,89,38,0,38,127
12/07/2005,PAH,KY,ASO,CE,Federal Contract Tower,0,18,14,0,32,0,4,25,1,30,0,22,39,1,62,74,2,76,138
12/08/2005,PAH,KY,ASO,CE,Federal Contract Tower,0,15,14,0,29,0,0,30,0,30,0,15,44,0,59,0,0,0,59
12/09/2005,PAH,KY,ASO,CE,Federal Contract Tower,0,17,17,0,34,0,1,27,0,28,0,18,44,0,62,0,0,0,62
12/10/2005,PAH,KY,ASO,CE,Federal Contract Tower,0,9,7,0,16,0,0,37,0,37,0,9,44,0,53,44,0,44,97
12/11/2005,PAH,KY,ASO,CE,Federal Contract Tower,0,12,1,0,13,0,0,37,2,39,0,12,38,2,52,46,0,46,98
12/12/2005,PAH,KY,ASO,CE,Federal Contract Tower,0,18,20,0,38,0,2,29,4,35,0,20,49,4,73,38,0,38,111
12/13/2005,PAH,KY,ASO,CE,Federal Contract Tower,0,24,11,2,37,0,3,38,0,41,0,27,49,2,78,46,4,50,128
12/14/2005,PAH,KY,ASO,CE,Federal Contract Tower,0,23,8,0,31,0,2,29,2,33,0,25,37,2,64,42,2,44,108
12/15/2005,PAH,KY,ASO,CE,Federal Contract Tower,0,18,17,0,35,0,2,33,2,37,0,20,50,2,72,42,0,42,114
12/16/2005,PAH,KY,ASO,CE,Federal Contract Tower,0,16,22,0,38,0,1,21,0,22,0,17,43,0,60,32,0,32,92
12/17/2005,PAH,KY,ASO,CE,Federal Contract Tower,0,10,12,0,22,0,0,29,4,33,0,10,41,4,55,34,0,34,89
12/18/2005,PAH,KY,ASO,CE,Federal Contract Tower,0,12,8,0,20,0,1,35,0,36,0,13,43,0,56,54,0,54,110
12/19/2005,PAH,KY,ASO,CE,Federal Contract Tower,0,18,24,0,42,0,2,34,8,44,0,20,58,8,86,44,2,46,132
12/20/2005,PAH,KY,ASO,CE,Federal Contract Tower,0,19,18,2,39,0,4,28,0,32,0,23,46,2,71,30,2,32,103
12/21/2005,PAH,KY,ASO,CE,Federal Contract Tower,0,18,17,0,35,0,1,18,4,23,0,19,35,4,58,20,0,20,78
12/22/2005,PAH,KY,ASO,CE,Federal Contract Tower,0,15,17,0,32,0,4,32,2,38,0,19,49,2,70,28,0,28,98
12/23/2005,PAH,KY,ASO,CE,Federal Contract Tower,0,14,4,0,18,0,1,15,0,16,0,15,19,0,34,0,0,0,34
12/24/2005,PAH,KY,ASO,CE,Federal Contract Tower,0,12,3,0,15,0,1,20,0,21,0,13,23,0,36,4,0,4,40
12/25/2005,PAH,KY,ASO,CE,Federal Contract Tower,0,11,0,0,11,0,0,41,0,41,0,11,41,0,52,8,0,8,60
12/26/2005,PAH,KY,ASO,CE,Federal Contract Tower,0,13,13,0,26,0,0,43,0,43,0,13,56,0,69,44,0,44,113
12/27/2005,PAH,KY,ASO,CE,Federal Contract Tower,0,20,8,0,28,0,2,46,2,50,0,22,54,2,78,40,2,42,120
12/28/2005,PAH,KY,ASO,CE,Federal Contract Tower,0,20,15,0,35,0,0,23,2,25,0,20,38,2,60,22,0,22,82
12/29/2005,PAH,KY,ASO,CE,Federal Contract Tower,0,19,14,0,33,0,0,26,0,26,0,19,40,0,59,20,0,20,79
12/30/2005,PAH,KY,ASO,CE,Federal Contract Tower,0,18,16,0,34,0,0,26,0,26,0,18,42,0,60,22,0,22,82
12/31/2005,PAH,KY,ASO,CE,Federal Contract Tower,0,10,2,0,12,0,0,41,0,41,0,10,43,0,53,28,0,28,81
01/01/2006,PAH,KY,ASO,CE,Federal Contract Tower,0,9,12,0,21,0,2,17,0,19,0,11,29,0,40,18,0,18,58
01/02/2006,PAH,KY,ASO,CE,Federal Contract Tower,0,16,11,0,27,0,2,33,0,35,0,18,44,0,62,8,0,8,70
01/03/2006,PAH,KY,ASO,CE,Federal Contract Tower,0,18,11,0,29,0,2,56,4,62,0,20,67,4,91,44,0,44,135
01/04/2006,PAH,KY,ASO,CE,Federal Contract Tower,0,19,19,0,38,0,0,30,0,30,0,19,49,0,68,28,0,28,96
01/05/2006,PAH,KY,ASO,CE,Federal Contract Tower,0,17,11,0,28,0,1,25,0,26,0,18,36,0,54,24,0,24,78
01/06/2006,PAH,KY,ASO,CE,Federal Contract Tower,0,15,8,0,23,0,4,36,4,44,0,19,44,4,67,26,0,26,93
01/07/2006,PAH,KY,ASO,CE,Federal Contract Tower,0,10,13,0,23,0,0,35,0,35,0,10,48,0,58,36,0,36,94
01/08/2006,PAH,KY,ASO,CE,Federal Contract Tower,0,11,5,0,16,0,0,43,0,43,0,11,48,0,59,38,0,38,97
01/09/2006,PAH,KY,ASO,CE,Federal Contract Tower,0,18,10,0,28,0,4,43,4,51,0,22,53,4,79,42,2,44,123
01/10/2006,PAH,KY,ASO,CE,Federal Contract Tower,0,18,21,0,39,0,0,19,2,21,0,18,40,2,60,6,0,6,66
01/11/2006,PAH,KY,ASO,CE,Federal Contract Tower,0,14,7,0,21,0,3,40,0,43,0,17,47,0,64,32,0,32,96
01/12/2006,PAH,KY,ASO,CE,Federal Contract Tower,0,16,11,0,27,0,0,45,0,45,0,16,56,0,72,20,0,20,92
01/13/2006,PAH,KY,ASO,CE,Federal Contract Tower,0,17,10,0,27,0,0,25,0,25,0,17,35,0,52,6,0,6,58
01/14/2006,PAH,KY,ASO,CE,Federal Contract Tower,0,11,10,0,21,0,0,26,1,27,0,11,36,1,48,72,0,72,120
01/15/2006,PAH,KY,ASO,CE,Federal Contract Tower,0,11,14,2,27,0,2,32,3,37,0,13,46,5,64,42,0,42,106
01/16/2006,PAH,KY,ASO,CE,Federal Contract Tower,0,13,16,0,29,0,2,40,0,42,0,15,56,0,71,34,0,34,105
01/17/2006,PAH,KY,ASO,CE,Federal Contract Tower,0,19,9,0,28,0,1,7,0,8,0,20,16,0,36,0,0,0,36
01/18/2006,PAH,KY,ASO,CE,Federal Contract Tower,0,15,20,4,39,0,2,48,0,50,0,17,68,4,89,32,0,32,121
01/19/2006,PAH,KY,ASO,CE,Federal Contract Tower,0,16,13,2,31,0,3,25,2,30,0,19,38,4,61,18,0,18,79
01/20/2006,PAH,KY,ASO,CE,Federal Contract Tower,0,18,9,0,27,0,1,33,2,36,0,19,42,2,63,36,0,36,99
01/21/2006,PAH,KY,ASO,CE,Federal Contract Tower,0,10,12,0,22,0,1,35,0,36,0,11,47,0,58,58,0,58,116
01/22/2006,PAH,KY,ASO,CE,Federal Contract Tower,0,7,0,0,7,0,0,43,0,43,0,7,43,0,50,44,0,44,94
01/23/2006,PAH,KY,ASO,CE,Federal Contract Tower,0,17,12,0,29,0,1,48,2,51,0,18,60,2,80,40,0,40,120
01/24/2006,PAH,KY,ASO,CE,Federal Contract Tower,2,17,21,0,40,0,2,33,2,37,2,19,54,2,77,26,0,26,103
01/25/2006,PAH,KY,ASO,CE,Federal Contract Tower,0,14,9,2,25,0,3,41,2,46,0,17,50,4,71,18,0,18,89
01/26/2006,PAH,KY,ASO,CE,Federal Contract Tower,0,16,11,0,27,0,1,58,0,59,0,17,69,0,86,40,0,40,126
01/27/2006,PAH,KY,ASO,CE,Federal Contract Tower,0,19,18,2,39,0,3,39,2,44,0,22,57,4,83,38,4,42,125
01/28/2006,PAH,KY,ASO,CE,Federal Contract Tower,0,10,12,0,22,0,2,20,1,23,0,12,32,1,45,18,0,18,63
01/29/2006,PAH,KY,ASO,CE,Federal Contract Tower,0,10,12,0,22,0,2,29,0,31,0,12,41,0,53,22,0,22,75
01/30/2006,PAH,KY,ASO,CE,Federal Contract Tower,0,17,15,2,34,0,3,14,4,21,0,20,29,6,55,18,2,20,75
01/31/2006,PAH,KY,ASO,CE,Federal Contract Tower,0,11,24,0,35,0,6,44,0,50,0,17,68,0,85,32,0,32,117
02/01/2006,PAH,KY,ASO,CE,Federal Contract Tower,0,18,15,3,36,0,3,26,5,34,0,21,41,8,70,26,0,26,96
02/02/2006,PAH,KY,ASO,CE,Federal Contract Tower,0,21,7,4,32,0,0,14,0,14,0,21,21,4,46,0,0,0,46
02/03/2006,PAH,KY,ASO,CE,Federal Contract Tower,0,19,7,0,26,0,0,38,2,40,0,19,45,2,66,42,0,42,108
02/04/2006,PAH,KY,ASO,CE,Federal Contract Tower,0,9,2,0,11,0,2,46,0,48,0,11,48,0,59,54,0,54,113
02/05/2006,PAH,KY,ASO,CE,Federal Contract Tower,0,8,4,0,12,0,2,47,0,49,0,10,51,0,61,78,0,78,139
02/06/2006,PAH,KY,ASO,CE,Federal Contract Tower,0,19,14,0,33,0,2,27,0,29,0,21,41,0,62,56,0,56,118
02/07/2006,PAH,KY,ASO,CE,Federal Contract Tower,0,16,7,0,23,0,0,31,0,31,0,16,38,0,54,20,0,20,74
02/08/2006,PAH,KY,ASO,CE,Federal Contract Tower,0,22,7,0,29,0,0,20,0,20,0,22,27,0,49,0,0,0,49
02/09/2006,PAH,KY,ASO,CE,Federal Contract Tower,0,25,10,0,35,0,1,41,4,46,0,26,51,4,81,32,0,32,113
02/10/2006,PAH,KY,ASO,CE,Federal Contract Tower,0,18,17,0,35,0,1,22,5,28,0,19,39,5,63,24,2,26,89
02/11/2006,PAH,KY,ASO,CE,Federal Contract Tower,0,10,12,0,22,0,2,37,1,40,0,12,49,1,62,58,0,58,120
02/12/2006,PAH,KY,ASO,CE,Federal Contract Tower,0,13,8,0,21,0,1,36,0,37,0,14,44,0,58,22,0,22,80
02/13/2006,PAH,KY,ASO,CE,Federal Contract Tower,0,13,7,1,21,0,1,34,3,38,0,14,41,4,59,40,0,40,99
02/14/2006,PAH,KY,ASO,CE,Federal Contract Tower,0,16,13,0,29,0,3,38,2,43,0,19,51,2,72,48,0,48,120
02/15/2006,PAH,KY,ASO,CE,Federal Contract Tower,0,15,15,0,30,0,3,24,0,27,0,18,39,0,57,32,0,32,89
02/16/2006,PAH,KY,ASO,CE,Federal Contract Tower,0,18,17,0,35,0,0,20,2,22,0,18,37,2,57,20,0,20,77
02/17/2006,PAH,KY,ASO,CE,Federal Contract Tower,0,15,13,0,28,0,1,39,4,44,0,16,52,4,72,58,4,62,134
02/18/2006,PAH,KY,ASO,CE,Federal Contract Tower,0,6,10,0,16,0,1,34,4,39,0,7,44,4,55,22,0,22,77
02/19/2006,PAH,KY,ASO,CE,Federal Contract Tower,0,8,10,0,18,0,0,38,4,42,0,8,48,4,60,18,0,18,78
02/20/2006,PAH,KY,ASO,CE,Federal Contract Tower,0,12,12,0,24,0,2,28,0,30,0,14,40,0,54,0,0,0,54
02/21/2006,PAH,KY,ASO,CE,Federal Contract Tower,0,17,12,0,29,0,1,32,2,35,0,18,44,2,64,84,0,84,148
02/22/2006,PAH,KY,ASO,CE,Federal Contract Tower,0,19,6,0,25,0,1,42,0,43,0,20,48,0,68,34,0,34,102
02/23/2006,PAH,KY,ASO,CE,Federal Contract Tower,0,24,13,0,37,0,1,43,4,48,0,25,56,4,85,38,2,40,125
02/24/2006,PAH,KY,ASO,CE,Federal Contract Tower,0,20,16,2,38,0,2,43,0,45,0,22,59,2,83,60,0,60,143
02/25/2006,PAH,KY,ASO,CE,Federal Contract Tower,0,10,10,0,20,0,0,27,0,27,0,10,37,0,47,32,0,32,79
02/26/2006,PAH,KY,ASO,CE,Federal Contract Tower,0,13,8,0,21,0,0,43,0,43,0,13,51,0,64,22,0,22,86
02/27/2006,PAH,KY,ASO,CE,Federal Contract Tower,0,16,12,0,28,0,1,35,0,36,0,17,47,0,64,38,0,38,102
02/28/2006,PAH,KY,ASO,CE,Federal Contract Tower,0,17,17,2,36,0,4,41,0,45,0,21,58,2,81,52,0,52,133
03/01/2006,PAH,KY,ASO,CE,Federal Contract Tower,0,17,18,0,35,0,1,45,2,48,0,18,63,2,83,34,0,34,117
03/02/2006,PAH,KY,ASO,CE,Federal Contract Tower,0,18,19,0,37,0,2,34,10,46,0,20,53,10,83,34,0,34,117
03/03/2006,PAH,KY,ASO,CE,Federal Contract Tower,0,17,17,0,34,0,1,36,4,41,0,18,53,4,75,44,0,44,119
03/04/2006,PAH,KY,ASO,CE,Federal Contract Tower,0,8,10,0,18,0,1,53,2,56,0,9,63,2,74,58,0,58,132
03/05/2006,PAH,KY,ASO,CE,Federal Contract Tower,0,9,8,0,17,0,2,30,0,32,0,11,38,0,49,48,0,48,97
03/06/2006,PAH,KY,ASO,CE,Federal Contract Tower,0,18,14,0,32,0,2,23,0,25,0,20,37,0,57,76,0,76,133
03/07/2006,PAH,KY,ASO,CE,Federal Contract Tower,0,14,21,0,35,0,3,28,2,33,0,17,49,2,68,38,0,38,106
03/08/2006,PAH,KY,ASO,CE,Federal Contract Tower,0,14,13,0,27,0,1,11,2,14,0,15,24,2,41,8,0,8,49
03/09/2006,PAH,KY,ASO,CE,Federal Contract Tower,0,13,16,0,29,0,1,13,7,21,0,14,29,7,50,4,0,4,54
03/10/2006,PAH,KY,ASO,CE,Federal Contract Tower,0,18,18,0,36,0,2,50,2,54,0,20,68,2,90,46,2,48,138
03/11/2006,PAH,KY,ASO,CE,Federal Contract Tower,0,9,14,0,23,0,1,48,1,50,0,10,62,1,73,32,0,32,105
03/12/2006,PAH,KY,ASO,CE,Federal Contract Tower,0,10,9,0,19,0,1,39,0,40,0,11,48,0,59,32,0,32,91
03/13/2006,PAH,KY,ASO,CE,Federal Contract Tower,0,16,11,0,27,0,3,35,4,42,0,19,46,4,69,14,0,14,83
03/14/2006,PAH,KY,ASO,CE,Federal Contract Tower,0,17,19,0,36,0,2,25,4,31,0,19,44,4,67,46,0,46,113
03/15/2006,PAH,KY,ASO,CE,Federal Contract Tower,0,20,26,0,46,0,1,57,4,62,0,21,83,4,108,46,2,48,156
03/16/2006,PAH,KY,ASO,CE,Federal Contract Tower,0,16,11,2,29,0,1,42,10,53,0,17,53,12,82,38,12,50,132
03/17/2006,PAH,KY,ASO,CE,Federal Contract Tower,0,16,17,1,34,0,1,48,3,52,0,17,65,4,86,42,2,44,130
03/18/2006,PAH,KY,ASO,CE,Federal Contract Tower,0,10,8,0,18,0,2,65,6,73,0,12,73,6,91,26,0,26,117
03/19/2006,PAH,KY,ASO,CE,Federal Contract Tower,0,10,10,0,20,0,0,35,2,37,0,10,45,2,57,34,0,34,91
03/20/2006,PAH,KY,ASO,CE,Federal Contract Tower,0,16,25,0,41,0,1,6,0,7,0,17,31,0,48,10,0,10,58
03/21/2006,PAH,KY,ASO,CE,Federal Contract Tower,0,21,13,0,34,0,3,22,4,29,0,24,35,4,63,18,0,18,81
03/22/2006,PAH,KY,ASO,CE,Federal Contract Tower,0,19,23,0,42,0,2,44,2,48,0,21,67,2,90,42,0,42,132
03/23/2006,PAH,KY,ASO,CE,Federal Contract Tower,0,19,18,0,37,0,2,17,0,19,0,21,35,0,56,114,0,114,170
03/24/2006,PAH,KY,ASO,CE,Federal Contract Tower,0,17,17,0,34,0,1,23,2,26,0,18,40,2,60,16,0,16,76
03/25/2006,PAH,KY,ASO,CE,Federal Contract Tower,0,10,17,0,27,0,2,31,2,35,0,12,48,2,62,36,0,36,98
03/26/2006,PAH,KY,ASO,CE,Federal Contract Tower,0,10,13,0,23,0,0,30,0,30,0,10,43,0,53,8,0,8,61
03/27/2006,PAH,KY,ASO,CE,Federal Contract Tower,0,17,13,2,32,0,1,14,0,15,0,18,27,2,47,4,2,6,53
03/28/2006,PAH,KY,ASO,CE,Federal Contract Tower,0,16,21,0,37,0,1,41,0,42,0,17,62,0,79,74,0,74,153
03/29/2006,PAH,KY,ASO,CE,Federal Contract Tower,0,18,14,0,32,0,1,43,4,48,0,19,57,4,80,86,4,90,170
03/30/2006,PAH,KY,ASO,CE,Federal Contract Tower,0,23,11,0,34,0,1,41,2,44,0,24,52,2,78,42,0,42,120
03/31/2006,PAH,KY,ASO,CE,Federal Contract Tower,0,19,8,0,27,0,1,47,2,50,0,20,55,2,77,42,0,42,119
04/01/2006,PAH,KY,ASO,CE,Federal Contract Tower,0,12,7,0,19,0,0,51,6,57,0,12,58,6,76,32,0,32,108
04/02/2006,PAH,KY,ASO,CE,Federal Contract Tower,0,8,3,0,11,0,0,0,0,0,0,8,3,0,11,0,0,0,11
04/03/2006,PAH,KY,ASO,CE,Federal Contract Tower,0,17,11,0,28,0,1,7,0,8,0,18,18,0,36,0,0,0,36
04/04/2006,PAH,KY,ASO,CE,Federal Contract Tower,0,17,19,0,36,0,1,31,0,32,0,18,50,0,68,0,0,0,68
04/05/2006,PAH,KY,ASO,CE,Federal Contract Tower,0,20,15,0,35,0,2,49,1,52,0,22,64,1,87,32,0,32,119
04/06/2006,PAH,KY,ASO,CE,Federal Contract Tower,0,17,10,0,27,0,4,62,3,69,0,21,72,3,96,48,4,52,148
04/07/2006,PAH,KY,ASO,CE,Federal Contract Tower,0,15,16,0,31,0,3,47,1,51,0,18,63,1,82,22,0,22,104
04/08/2006,PAH,KY,ASO,CE,Federal Contract Tower,0,12,10,0,22,0,5,29,0,34,0,17,39,0,56,72,0,72,128
04/09/2006,PAH,KY,ASO,CE,Federal Contract Tower,0,9,14,0,23,0,2,43,0,45,0,11,57,0,68,24,0,24,92
04/10/2006,PAH,KY,ASO,CE,Federal Contract Tower,0,18,14,0,32,0,2,27,0,29,0,20,41,0,61,24,0,24,85
04/11/2006,PAH,KY,ASO,CE,Federal Contract Tower,0,15,17,0,32,0,2,48,2,52,0,17,65,2,84,52,0,52,136
04/12/2006,PAH,KY,ASO,CE,Federal Contract Tower,0,19,14,0,33,0,1,55,2,58,0,20,69,2,91,52,0,52,143
04/13/2006,PAH,KY,ASO,CE,Federal Contract Tower,0,22,17,4,43,0,3,66,0,69,0,25,83,4,112,52,0,52,164
04/14/2006,PAH,KY,ASO,CE,Federal Contract Tower,0,17,17,0,34,0,3,48,4,55,0,20,65,4,89,28,0,28,117
04/15/2006,PAH,KY,ASO,CE,Federal Contract Tower,0,8,6,0,14,0,0,10,0,10,0,8,16,0,24,6,0,6,30
04/16/2006,PAH,KY,ASO,CE,Federal Contract Tower,0,8,8,0,16,0,0,13,0,13,0,8,21,0,29,0,0,0,29
04/17/2006,PAH,KY,ASO,CE,Federal Contract Tower,0,16,15,0,31,0,2,54,0,56,0,18,69,0,87,40,0,40,127
04/18/2006,PAH,KY,ASO,CE,Federal Contract Tower,0,17,20,0,37,0,3,45,6,54,0,20,65,6,91,66,2,68,159
04/19/2006,PAH,KY,ASO,CE,Federal Contract Tower,0,19,24,0,43,0,4,37,1,42,0,23,61,1,85,50,0,50,135
04/20/2006,PAH,KY,ASO,CE,Federal Contract Tower,0,17,18,2,37,0,2,30,2,34,0,19,48,4,71,48,2,50,121
04/21/2006,PAH,KY,ASO,CE,Federal Contract Tower,0,17,5,0,22,0,3,37,1,41,0,20,42,1,63,44,2,46,109
04/22/2006,PAH,KY,ASO,CE,Federal Contract Tower,0,8,12,0,20,0,0,19,0,19,0,8,31,0,39,12,0,12,51
04/23/2006,PAH,KY,ASO,CE,Federal Contract Tower,0,9,11,0,20,0,0,19,0,19,0,9,30,0,39,2,0,2,41
04/24/2006,PAH,KY,ASO,CE,Federal Contract Tower,0,18,6,0,24,0,2,37,0,39,0,20,43,0,63,50,0,50,113
04/25/2006,PAH,KY,ASO,CE,Federal Contract Tower,0,19,13,0,32,0,3,54,2,59,0,22,67,2,91,52,0,52,143
04/26/2006,PAH,KY,ASO,CE,Federal Contract Tower,0,16,33,4,53,0,3,53,2,58,0,19,86,6,111,46,0,46,157
04/27/2006,PAH,KY,ASO,CE,Federal Contract Tower,0,16,16,1,33,0,3,65,1,69,0,19,81,2,102,86,0,86,188
04/28/2006,PAH,KY,ASO,CE,Federal Contract Tower,0,17,18,0,35,0,3,52,4,59,0,20,70,4,94,48,0,48,142
04/29/2006,PAH,KY,ASO,CE,Federal Contract Tower,0,10,7,0,17,0,2,7,0,9,0,12,14,0,26,0,0,0,26
04/30/2006,PAH,KY,ASO,CE,Federal Contract Tower,0,8,7,0,15,0,0,1,0,1,0,8,8,0,16,0,0,0,16
05/01/2006,PAH,KY,ASO,CE,Federal Contract Tower,0,18,9,2,29,0,0,11,0,11,0,18,20,2,40,0,0,0,40
05/02/2006,PAH,KY,ASO,CE,Federal Contract Tower,0,21,10,0,31,0,2,61,2,65,0,23,71,2,96,28,2,30,126
05/03/2006,PAH,KY,ASO,CE,Federal Contract Tower,0,19,16,0,35,0,1,33,1,35,0,20,49,1,70,56,0,56,126
05/04/2006,PAH,KY,ASO,CE,Federal Contract Tower,0,18,36,0,54,0,1,22,0,23,0,19,58,0,77,44,0,44,121
05/05/2006,PAH,KY,ASO,CE,Federal Contract Tower,0,20,13,0,33,0,3,61,4,68,0,23,74,4,101,52,2,54,155
05/06/2006,PAH,KY,ASO,CE,Federal Contract Tower,0,8,11,0,19,0,0,21,0,21,0,8,32,0,40,0,0,0,40
05/07/2006,PAH,KY,ASO,CE,Federal Contract Tower,0,8,11,0,19,0,0,13,4,17,0,8,24,4,36,26,0,26,62
05/08/2006,PAH,KY,ASO,CE,Federal Contract Tower,0,16,8,2,26,0,3,36,4,43,0,19,44,6,69,42,0,42,111
05/09/2006,PAH,KY,ASO,CE,Federal Contract Tower,0,18,13,0,31,0,1,49,6,56,0,19,62,6,87,40,2,42,129
05/10/2006,PAH,KY,ASO,CE,Federal Contract Tower,0,18,16,0,34,0,2,37,2,41,0,20,53,2,75,32,0,32,107
05/11/2006,PAH,KY,ASO,CE,Federal Contract Tower,0,17,22,0,39,0,3,21,4,28,0,20,43,4,67,38,0,38,105
05/12/2006,PAH,KY,ASO,CE,Federal Contract Tower,0,16,22,0,38,0,1,20,0,21,0,17,42,0,59,0,0,0,59
05/13/2006,PAH,KY,ASO,CE,Federal Contract Tower,0,10,12,0,22,0,0,26,0,26,0,10,38,0,48,20,0,20,68
05/14/2006,PAH,KY,ASO,CE,Federal Contract Tower,0,9,2,0,11,0,0,38,0,38,0,9,40,0,49,26,0,26,75
05/15/2006,PAH,KY,ASO,CE,Federal Contract Tower,0,18,13,0,31,0,2,39,2,43,0,20,52,2,74,38,2,40,114
05/16/2006,PAH,KY,ASO,CE,Federal Contract Tower,0,20,20,0,40,0,2,52,0,54,0,22,72,0,94,42,0,42,136
05/17/2006,PAH,KY,ASO,CE,Federal Contract Tower,0,22,18,0,40,0,3,51,8,62,0,25,69,8,102,62,2,64,166
05/18/2006,PAH,KY,ASO,CE,Federal Contract Tower,0,20,18,0,38,0,3,39,2,44,0,23,57,2,82,52,0,52,134
05/19/2006,PAH,KY,ASO,CE,Federal Contract Tower,0,22,18,0,40,0,2,20,2,24,0,24,38,2,64,2,0,2,66
05/20/2006,PAH,KY,ASO,CE,Federal Contract Tower,0,8,6,0,14,0,0,23,0,23,0,8,29,0,37,14,0,14,51
05/21/2006,PAH,KY,ASO,CE,Federal Contract Tower,0,12,3,0,15,0,0,36,0,36,0,12,39,0,51,18,0,18,69
05/22/2006,PAH,KY,ASO,CE,Federal Contract Tower,0,21,5,1,27,0,4,54,3,61,0,25,59,4,88,44,0,44,132
05/23/2006,PAH,KY,ASO,CE,Federal Contract Tower,0,20,9,0,29,0,2,60,0,62,0,22,69,0,91,52,0,52,143
05/24/2006,PAH,KY,ASO,CE,Federal Contract Tower,0,17,18,0,35,0,2,60,0,62,0,19,78,0,97,48,0,48,145
05/25/2006,PAH,KY,ASO,CE,Federal Contract Tower,0,17,10,2,29,0,2,38,4,44,0,19,48,6,73,26,6,32,105
05/26/2006,PAH,KY,ASO,CE,Federal Contract Tower,0,18,17,0,35,0,3,28,0,31,0,21,45,0,66,4,0,4,70
05/27/2006,PAH,KY,ASO,CE,Federal Contract Tower,0,8,14,0,22,0,2,14,0,16,0,10,28,0,38,10,0,10,48
05/28/2006,PAH,KY,ASO,CE,Federal Contract Tower,0,10,4,2,16,0,2,38,2,42,0,12,42,4,58,28,2,30,88
05/29/2006,PAH,KY,ASO,CE,Federal Contract Tower,0,8,16,1,25,0,2,25,5,32,0,10,41,6,57,40,2,42,99
05/30/2006,PAH,KY,ASO,CE,Federal Contract Tower,0,19,19,1,39,0,2,39,1,42,0,21,58,2,81,40,2,42,123
05/31/2006,PAH,KY,ASO,CE,Federal Contract Tower,0,17,22,0,39,0,2,47,4,53,0,19,69,4,92,42,2,44,136
06/01/2006,PAH,KY,ASO,CE,Federal Contract Tower,0,18,15,0,33,0,2,40,10,52,0,20,55,10,85,38,4,42,127
06/02/2006,PAH,KY,ASO,CE,Federal Contract Tower,0,21,18,2,41,0,2,26,0,28,0,23,44,2,69,22,0,22,91
06/03/2006,PAH,KY,ASO,CE,Federal Contract Tower,0,10,9,0,19,0,2,37,0,39,0,12,46,0,58,52,0,52,110
06/04/2006,PAH,KY,ASO,CE,Federal Contract Tower,0,10,12,0,22,0,2,24,0,26,0,12,36,0,48,42,0,42,90
06/05/2006,PAH,KY,ASO,CE,Federal Contract Tower,0,18,7,0,25,0,3,59,6,68,0,21,66,6,93,42,0,42,135
06/06/2006,PAH,KY,ASO,CE,Federal Contract Tower,0,20,17,0,37,0,5,55,2,62,0,25,72,2,99,44,0,44,143
06/07/2006,PAH,KY,ASO,CE,Federal Contract Tower,0,19,25,0,44,0,2,37,4,43,0,21,62,4,87,36,0,36,123
06/08/2006,PAH,KY,ASO,CE,Federal Contract Tower,0,20,18,0,38,0,1,54,2,57,0,21,72,2,95,30,0,30,125
06/09/2006,PAH,KY,ASO,CE,Federal Contract Tower,0,23,15,0,38,0,1,34,2,37,0,24,49,2,75,10,0,10,85
06/10/2006,PAH,KY,ASO,CE,Federal Contract Tower,0,8,11,0,19,0,0,40,0,40,0,8,51,0,59,16,0,16,75
06/11/2006,PAH,KY,ASO,CE,Federal Contract Tower,0,12,10,0,22,0,2,33,0,35,0,14,43,0,57,42,0,42,99
06/12/2006,PAH,KY,ASO,CE,Federal Contract Tower,0,15,12,0,27,0,4,36,2,42,0,19,48,2,69,48,0,48,117
06/13/2006,PAH,KY,ASO,CE,Federal Contract Tower,0,15,12,0,27,0,2,44,3,49,0,17,56,3,76,66,0,66,142
06/14/2006,PAH,KY,ASO,CE,Federal Contract Tower,0,21,10,0,31,0,3,51,0,54,0,24,61,0,85,26,0,26,111
06/15/2006,PAH,KY,ASO,CE,Federal Contract Tower,0,22,28,0,50,0,1,42,2,45,0,23,70,2,95,0,0,0,95
06/16/2006,PAH,KY,ASO,CE,Federal Contract Tower,0,22,12,0,34,0,1,31,2,34,0,23,43,2,68,42,10,52,120
06/17/2006,PAH,KY,ASO,CE,Federal Contract Tower,0,3,2,0,5,0,1,26,0,27,0,4,28,0,32,24,0,24,56
06/18/2006,PAH,KY,ASO,CE,Federal Contract Tower,0,6,5,0,11,0,2,34,0,36,0,8,39,0,47,32,0,32,79
06/19/2006,PAH,KY,ASO,CE,Federal Contract Tower,0,17,13,2,32,0,3,64,2,69,0,20,77,4,101,64,0,64,165
06/20/2006,PAH,KY,ASO,CE,Federal Contract Tower,0,20,22,0,42,0,3,59,4,66,0,23,81,4,108,58,0,58,166
06/21/2006,PAH,KY,ASO,CE,Federal Contract Tower,0,16,22,0,38,0,5,48,0,53,0,21,70,0,91,36,0,36,127
06/22/2006,PAH,KY,ASO,CE,Federal Contract Tower,0,22,11,0,33,0,2,32,4,38,0,24,43,4,71,36,0,36,107
06/23/2006,PAH,KY,ASO,CE,Federal Contract Tower,0,24,17,2,43,0,1,39,2,42,0,25,56,4,85,6,0,6,91
06/24/2006,PAH,KY,ASO,CE,Federal Contract Tower,0,8,7,0,15,0,2,46,4,52,0,10,53,4,67,34,0,34,101
06/25/2006,PAH,KY,ASO,CE,Federal Contract Tower,0,8,10,0,18,0,0,50,1,51,0,8,60,1,69,28,0,28,97
06/26/2006,PAH,KY,ASO,CE,Federal Contract Tower,0,20,17,0,37,0,3,52,4,59,0,23,69,4,96,58,2,60,156
06/27/2006,PAH,KY,ASO,CE,Federal Contract Tower,0,22,11,0,33,0,1,61,6,68,0,23,72,6,101,40,0,40,141
06/28/2006,PAH,KY,ASO,CE,Federal Contract Tower,0,17,16,0,33,0,3,55,2,60,0,20,71,2,93,22,0,22,115
06/29/2006,PAH,KY,ASO,CE,Federal Contract Tower,0,21,15,2,38,0,1,51,2,54,0,22,66,4,92,64,0,64,156
06/30/2006,PAH,KY,ASO,CE,Federal Contract Tower,0,16,21,0,37,0,1,24,0,25,0,17,45,0,62,8,0,8,70
07/01/2006,PAH,KY,ASO,CE,Federal Contract Tower,0,8,19,0,27,0,0,43,0,43,0,8,62,0,70,28,0,28,98
07/02/2006,PAH,KY,ASO,CE,Federal Contract Tower,0,10,6,0,16,0,2,52,2,56,0,12,58,2,72,36,0,36,108
07/03/2006,PAH,KY,ASO,CE,Federal Contract Tower,0,20,9,0,29,0,3,56,0,59,0,23,65,0,88,56,0,56,144
07/04/2006,PAH,KY,ASO,CE,Federal Contract Tower,0,10,5,0,15,0,2,30,2,34,0,12,35,2,49,36,6,42,91
07/05/2006,PAH,KY,ASO,CE,Federal Contract Tower,0,18,9,0,27,0,3,44,2,49,0,21,53,2,76,44,0,44,120
07/06/2006,PAH,KY,ASO,CE,Federal Contract Tower,0,15,10,0,25,0,3,58,4,65,0,18,68,4,90,36,0,36,126
07/07/2006,PAH,KY,ASO,CE,Federal Contract Tower,0,17,15,0,32,0,3,49,4,56,0,20,64,4,88,26,0,26,114
07/08/2006,PAH,KY,ASO,CE,Federal Contract Tower,0,8,9,0,17,0,0,48,0,48,0,8,57,0,65,24,0,24,89
07/09/2006,PAH,KY,ASO,CE,Federal Contract Tower,0,8,9,0,17,0,4,37,2,43,0,12,46,2,60,46,0,46,106
07/10/2006,PAH,KY,ASO,CE,Federal Contract Tower,0,12,7,0,19,0,2,45,2,49,0,14,52,2,68,28,2,30,98
07/11/2006,PAH,KY,ASO,CE,Federal Contract Tower,0,12,14,0,26,0,2,55,5,62,0,14,69,5,88,18,0,18,106
07/12/2006,PAH,KY,ASO,CE,Federal Contract Tower,0,13,12,0,25,0,1,29,2,32,0,14,41,2,57,32,0,32,89
07/13/2006,PAH,KY,ASO,CE,Federal Contract Tower,0,19,13,0,32,0,4,43,2,49,0,23,56,2,81,70,0,70,151
07/14/2006,PAH,KY,ASO,CE,Federal Contract Tower,0,16,15,0,31,0,1,24,0,25,0,17,39,0,56,46,0,46,102
07/15/2006,PAH,KY,ASO,CE,Federal Contract Tower,0,9,6,0,15,0,4,49,0,53,0,13,55,0,68,72,0,72,140
07/16/2006,PAH,KY,ASO,CE,Federal Contract Tower,0,8,9,0,17,0,2,38,0,40,0,10,47,0,57,46,0,46,103
07/17/2006,PAH,KY,ASO,CE,Federal Contract Tower,0,14,11,1,26,0,3,42,5,50,0,17,53,6,76,46,4,50,126
07/18/2006,PAH,KY,ASO,CE,Federal Contract Tower,0,14,17,0,31,0,4,60,4,68,0,18,77,4,99,24,0,24,123
07/19/2006,PAH,KY,ASO,CE,Federal Contract Tower,0,14,27,0,41,0,2,26,4,32,0,16,53,4,73,42,0,42,115
07/20/2006,PAH,KY,ASO,CE,Federal Contract Tower,0,14,31,2,47,0,4,38,4,46,0,18,69,6,93,30,0,30,123
07/21/2006,PAH,KY,ASO,CE,Federal Contract Tower,0,14,10,2,26,0,2,23,0,25,0,16,33,2,51,28,0,28,79
07/22/2006,PAH,KY,ASO,CE,Federal Contract Tower,0,11,12,0,23,0,0,39,1,40,0,11,51,1,63,48,0,48,111
07/23/2006,PAH,KY,ASO,CE,Federal Contract Tower,0,9,13,0,22,0,4,42,8,54,0,13,55,8,76,18,0,18,94
07/24/2006,PAH,KY,ASO,CE,Federal Contract Tower,0,19,9,0,28,0,3,50,4,57,0,22,59,4,85,58,2,60,145
07/25/2006,PAH,KY,ASO,CE,Federal Contract Tower,0,12,18,0,30,0,4,48,3,55,0,16,66,3,85,44,0,44,129
07/26/2006,PAH,KY,ASO,CE,Federal Contract Tower,0,19,11,0,30,0,4,39,4,47,0,23,50,4,77,36,0,36,113
07/27/2006,PAH,KY,ASO,CE,Federal Contract Tower,0,17,23,3,43,0,2,20,3,25,0,19,43,6,68,22,0,22,90
07/28/2006,PAH,KY,ASO,CE,Federal Contract Tower,0,16,11,0,27,0,1,21,0,22,0,17,32,0,49,10,0,10,59
07/29/2006,PAH,KY,ASO,CE,Federal Contract Tower,0,6,10,0,16,0,4,32,0,36,0,10,42,0,52,58,0,58,110
07/30/2006,PAH,KY,ASO,CE,Federal Contract Tower,0,8,6,0,14,0,2,25,0,27,0,10,31,0,41,52,0,52,93
07/31/2006,PAH,KY,ASO,CE,Federal Contract Tower,0,14,15,0,29,0,3,43,4,50,0,17,58,4,79,44,2,46,125
08/01/2006,PAH,KY,ASO,CE,Federal Contract Tower,0,13,11,2,26,0,1,16,2,19,0,14,27,4,45,22,0,22,67
08/02/2006,PAH,KY,ASO,CE,Federal Contract Tower,0,19,11,2,32,0,3,38,6,47,0,22,49,8,79,66,2,68,147
08/03/2006,PAH,KY,ASO,CE,Federal Contract Tower,0,15,20,0,35,0,3,37,0,40,0,18,57,0,75,48,0,48,123
08/04/2006,PAH,KY,ASO,CE,Federal Contract Tower,0,18,15,0,33,0,2,54,7,63,0,20,69,7,96,48,2,50,146
08/05/2006,PAH,KY,ASO,CE,Federal Contract Tower,0,9,13,0,22,0,2,28,2,32,0,11,41,2,54,38,0,38,92
08/06/2006,PAH,KY,ASO,CE,Federal Contract Tower,0,6,9,0,15,0,2,24,0,26,0,8,33,0,41,48,0,48,89
08/07/2006,PAH,KY,ASO,CE,Federal Contract Tower,0,12,12,0,24,0,1,65,8,74,0,13,77,8,98,38,2,40,138
08/08/2006,PAH,KY,ASO,CE,Federal Contract Tower,0,14,20,0,34,0,7,28,4,39,0,21,48,4,73,32,0,32,105
08/09/2006,PAH,KY,ASO,CE,Federal Contract Tower,0,21,21,0,42,0,3,24,2,29,0,24,45,2,71,22,0,22,93
08/10/2006,PAH,KY,ASO,CE,Federal Contract Tower,0,16,19,0,35,0,4,29,2,35,0,20,48,2,70,38,2,40,110
08/11/2006,PAH,KY,ASO,CE,Federal Contract Tower,0,12,21,0,33,0,2,43,4,49,0,14,64,4,82,24,0,24,106
08/12/2006,PAH,KY,ASO,CE,Federal Contract Tower,0,10,12,0,22,0,2,35,0,37,0,12,47,0,59,78,0,78,137
08/13/2006,PAH,KY,ASO,CE,Federal Contract Tower,0,9,16,0,25,0,0,48,0,48,0,9,64,0,73,42,0,42,115
08/14/2006,PAH,KY,ASO,CE,Federal Contract Tower,0,15,10,0,25,0,2,33,6,41,0,17,43,6,66,56,0,56,122
08/15/2006,PAH,KY,ASO,CE,Federal Contract Tower,0,14,24,0,38,0,6,45,4,55,0,20,69,4,93,48,0,48,141
08/16/2006,PAH,KY,ASO,CE,Federal Contract Tower,0,15,22,0,37,0,4,41,8,53,0,19,63,8,90,34,0,34,124
08/17/2006,PAH,KY,ASO,CE,Federal Contract Tower,0,14,8,0,22,0,1,56,2,59,0,15,64,2,81,42,0,42,123
08/18/2006,PAH,KY,ASO,CE,Federal Contract Tower,0,17,17,3,37,0,3,60,0,63,0,20,77,3,100,52,2,54,154
08/19/2006,PAH,KY,ASO,CE,Federal Contract Tower,0,8,17,0,25,0,1,45,0,46,0,9,62,0,71,44,0,44,115
08/20/2006,PAH,KY,ASO,CE,Federal Contract Tower,0,6,9,0,15,0,1,39,0,40,0,7,48,0,55,38,0,38,93
08/21/2006,PAH,KY,ASO,CE,Federal Contract Tower,0,16,13,0,29,0,4,56,6,66,0,20,69,6,95,48,2,50,145
08/22/2006,PAH,KY,ASO,CE,Federal Contract Tower,0,16,11,0,27,0,4,37,4,45,0,20,48,4,72,48,10,58,130
08/23/2006,PAH,KY,ASO,CE,Federal Contract Tower,0,15,10,0,25,0,5,43,4,52,0,20,53,4,77,56,0,56,133
08/24/2006,PAH,KY,ASO,CE,Federal Contract Tower,0,13,28,2,43,0,4,54,2,60,0,17,82,4,103,38,0,38,141
08/25/2006,PAH,KY,ASO,CE,Federal Contract Tower,0,13,17,0,30,0,3,48,0,51,0,16,65,0,81,44,0,44,125
08/26/2006,PAH,KY,ASO,CE,Federal Contract Tower,0,6,14,0,20,0,2,49,4,55,0,8,63,4,75,42,0,42,117
08/27/2006,PAH,KY,ASO,CE,Federal Contract Tower,0,6,7,0,13,0,2,36,0,38,0,8,43,0,51,32,0,32,83
08/28/2006,PAH,KY,ASO,CE,Federal Contract Tower,0,16,21,0,37,0,1,13,0,14,0,17,34,0,51,0,0,0,51
08/29/2006,PAH,KY,ASO,CE,Federal Contract Tower,0,13,19,0,32,0,0,16,0,16,0,13,35,0,48,16,0,16,64
08/30/2006,PAH,KY,ASO,CE,Federal Contract Tower,0,16,10,0,26,0,1,8,0,9,0,17,18,0,35,0,0,0,35
08/31/2006,PAH,KY,ASO,CE,Federal Contract Tower,0,11,23,0,34,0,4,54,4,62,0,15,77,4,96,48,2,50,146
09/01/2006,PAH,KY,ASO,CE,Federal Contract Tower,0,18,25,0,43,0,2,38,2,42,0,20,63,2,85,56,0,56,141
09/02/2006,PAH,KY,ASO,CE,Federal Contract Tower,0,9,12,1,22,0,3,27,1,31,0,12,39,2,53,78,0,78,131
09/03/2006,PAH,KY,ASO,CE,Federal Contract Tower,0,7,6,0,13,0,0,12,0,12,0,7,18,0,25,16,0,16,41
09/04/2006,PAH,KY,ASO,CE,Federal Contract Tower,0,4,7,2,13,0,2,31,0,33,0,6,38,2,46,46,6,52,98
09/05/2006,PAH,KY,ASO,CE,Federal Contract Tower,0,14,15,0,29,0,1,17,0,18,0,15,32,0,47,14,0,14,61
09/06/2006,PAH,KY,ASO,CE,Federal Contract Tower,0,13,13,1,27,0,4,36,1,41,0,17,49,2,68,50,0,50,118
09/07/2006,PAH,KY,ASO,CE,Federal Contract Tower,0,14,17,0,31,0,3,31,0,34,0,17,48,0,65,46,0,46,111
09/08/2006,PAH,KY,ASO,CE,Federal Contract Tower,0,14,14,6,34,0,3,47,0,50,0,17,61,6,84,38,2,40,124
09/09/2006,PAH,KY,ASO,CE,Federal Contract Tower,0,8,23,1,32,0,2,25,5,32,0,10,48,6,64,46,0,46,110
09/10/2006,PAH,KY,ASO,CE,Federal Contract Tower,0,7,9,0,16,0,0,49,2,51,0,7,58,2,67,30,0,30,97
09/11/2006,PAH,KY,ASO,CE,Federal Contract Tower,0,14,11,2,27,0,0,9,2,11,0,14,20,4,38,0,0,0,38
09/12/2006,PAH,KY,ASO,CE,Federal Contract Tower,0,16,13,0,29,0,2,36,4,42,0,18,49,4,71,44,0,44,115
09/13/2006,PAH,KY,ASO,CE,Federal Contract Tower,0,19,12,2,33,0,0,25,14,39,0,19,37,16,72,46,0,46,118
09/14/2006,PAH,KY,ASO,CE,Federal Contract Tower,0,15,13,0,28,0,3,66,6,75,0,18,79,6,103,66,2,68,171
09/15/2006,PAH,KY,ASO,CE,Federal Contract Tower,0,15,14,0,29,0,5,55,1,61,0,20,69,1,90,52,0,52,142
09/16/2006,PAH,KY,ASO,CE,Federal Contract Tower,0,7,13,0,20,0,2,34,1,37,0,9,47,1,57,58,0,58,115
09/17/2006,PAH,KY,ASO,CE,Federal Contract Tower,0,5,9,0,14,0,2,35,0,37,0,7,44,0,51,38,0,38,89
09/18/2006,PAH,KY,ASO,CE,Federal Contract Tower,0,15,6,0,21,0,2,26,2,30,0,17,32,2,51,26,0,26,77
09/19/2006,PAH,KY,ASO,CE,Federal Contract Tower,0,14,16,0,30,0,3,37,4,44,0,17,53,4,74,46,0,46,120
09/20/2006,PAH,KY,ASO,CE,Federal Contract Tower,0,13,19,0,32,0,1,30,2,33,0,14,49,2,65,28,0,28,93
09/21/2006,PAH,KY,ASO,CE,Federal Contract Tower,0,15,15,0,30,0,3,33,2,38,0,18,48,2,68,46,0,46,114
09/22/2006,PAH,KY,ASO,CE,Federal Contract Tower,0,13,11,6,30,0,3,38,0,41,0,16,49,6,71,46,2,48,119
09/23/2006,PAH,KY,ASO,CE,Federal Contract Tower,0,5,2,0,7,0,2,56,0,58,0,7,58,0,65,36,0,36,101
09/24/2006,PAH,KY,ASO,CE,Federal Contract Tower,0,8,10,0,18,0,0,36,0,36,0,8,46,0,54,32,0,32,86
09/25/2006,PAH,KY,ASO,CE,Federal Contract Tower,0,14,18,0,32,0,1,49,2,52,0,15,67,2,84,42,0,42,126
09/26/2006,PAH,KY,ASO,CE,Federal Contract Tower,0,14,10,0,24,0,4,52,2,58,0,18,62,2,82,36,0,36,118
09/27/2006,PAH,KY,ASO,CE,Federal Contract Tower,0,14,14,0,28,0,2,52,8,62,0,16,66,8,90,62,2,64,154
09/28/2006,PAH,KY,ASO,CE,Federal Contract Tower,0,17,27,0,44,0,3,52,2,57,0,20,79,2,101,44,0,44,145
09/29/2006,PAH,KY,ASO,CE,Federal Contract Tower,0,13,16,0,29,0,4,53,1,58,0,17,69,1,87,66,0,66,153
09/30/2006,PAH,KY,ASO,CE,Federal Contract Tower,0,6,1,0,7,0,4,54,2,60,0,10,55,2,67,32,0,32,99
10/01/2006,PAH,KY,ASO,CE,Federal Contract Tower,0,6,15,0,21,0,0,31,0,31,0,6,46,0,52,10,0,10,62
10/02/2006,PAH,KY,ASO,CE,Federal Contract Tower,0,11,8,0,19,0,1,39,8,48,0,12,47,8,67,56,0,56,123
10/03/2006,PAH,KY,ASO,CE,Federal Contract Tower,0,15,22,0,37,0,2,21,0,23,0,17,43,0,60,36,0,36,96
10/04/2006,PAH,KY,ASO,CE,Federal Contract Tower,0,13,22,0,35,0,2,34,4,40,0,15,56,4,75,48,0,48,123
10/05/2006,PAH,KY,ASO,CE,Federal Contract Tower,0,12,27,0,39,0,3,29,5,37,0,15,56,5,76,44,0,44,120
10/06/2006,PAH,KY,ASO,CE,Federal Contract Tower,0,18,14,0,32,0,5,53,6,64,0,23,67,6,96,58,0,58,154
10/07/2006,PAH,KY,ASO,CE,Federal Contract Tower,0,7,10,0,17,0,2,34,2,38,0,9,44,2,55,36,0,36,91
10/08/2006,PAH,KY,ASO,CE,Federal Contract Tower,0,6,15,0,21,0,2,33,0,35,0,8,48,0,56,46,0,46,102
10/09/2006,PAH,KY,ASO,CE,Federal Contract Tower,0,10,10,0,20,0,0,31,0,31,0,10,41,0,51,38,0,38,89
10/10/2006,PAH,KY,ASO,CE,Federal Contract Tower,0,18,7,0,25,0,2,39,2,43,0,20,46,2,68,30,0,30,98
10/11/2006,PAH,KY,ASO,CE,Federal Contract Tower,0,14,8,0,22,0,2,40,0,42,0,16,48,0,64,42,0,42,106
10/12/2006,PAH,KY,ASO,CE,Federal Contract Tower,0,14,5,0,19,0,2,48,2,52,0,16,53,2,71,64,0,64,135
10/13/2006,PAH,KY,ASO,CE,Federal Contract Tower,0,11,15,0,26,0,6,37,6,49,0,17,52,6,75,66,0,66,141
10/14/2006,PAH,KY,ASO,CE,Federal Contract Tower,0,6,15,0,21,0,2,33,0,35,0,8,48,0,56,46,0,46,102
10/15/2006,PAH,KY,ASO,CE,Federal Contract Tower,0,11,15,0,26,0,0,19,0,19,0,11,34,0,45,0,0,0,45
10/16/2006,PAH,KY,ASO,CE,Federal Contract Tower,0,16,6,1,23,0,2,26,3,31,0,18,32,4,54,32,0,32,86
10/17/2006,PAH,KY,ASO,CE,Federal Contract Tower,0,16,23,0,39,0,2,30,0,32,0,18,53,0,71,30,0,30,101
10/18/2006,PAH,KY,ASO,CE,Federal Contract Tower,0,14,16,0,30,0,4,55,4,63,0,18,71,4,93,76,0,76,169
10/19/2006,PAH,KY,ASO,CE,Federal Contract Tower,0,13,11,0,24,0,2,37,4,43,0,15,48,4,67,32,0,32,99
10/20/2006,PAH,KY,ASO,CE,Federal Contract Tower,0,13,21,0,34,0,3,45,8,56,0,16,66,8,90,58,0,58,148
10/21/2006,PAH,KY,ASO,CE,Federal Contract Tower,0,8,11,0,19,0,1,47,2,50,0,9,58,2,69,40,0,40,109
10/22/2006,PAH,KY,ASO,CE,Federal Contract Tower,0,5,3,0,8,0,0,21,0,21,0,5,24,0,29,0,0,0,29
10/23/2006,PAH,KY,ASO,CE,Federal Contract Tower,0,12,11,0,23,0,1,41,0,42,0,13,52,0,65,52,0,52,117
10/24/2006,PAH,KY,ASO,CE,Federal Contract Tower,0,12,16,0,28,0,5,43,6,54,0,17,59,6,82,38,8,46,128
10/25/2006,PAH,KY,ASO,CE,Federal Contract Tower,0,19,13,0,32,0,3,56,4,63,0,22,69,4,95,48,2,50,145
10/26/2006,PAH,KY,ASO,CE,Federal Contract Tower,0,17,19,0,36,0,2,60,1,63,0,19,79,1,99,22,0,22,121
10/27/2006,PAH,KY,ASO,CE,Federal Contract Tower,0,17,10,0,27,0,3,56,0,59,0,20,66,0,86,8,0,8,94
10/28/2006,PAH,KY,ASO,CE,Federal Contract Tower,0,5,12,0,17,0,0,24,0,24,0,5,36,0,41,4,0,4,45
10/29/2006,PAH,KY,ASO,CE,Federal Contract Tower,0,6,10,1,17,0,0,46,1,47,0,6,56,2,64,8,0,8,72
10/30/2006,PAH,KY,ASO,CE,Federal Contract Tower,0,17,11,0,28,0,4,32,2,38,0,21,43,2,66,42,0,42,108
10/31/2006,PAH,KY,ASO,CE,Federal Contract Tower,0,14,16,0,30,0,3,26,4,33,0,17,42,4,63,36,0,36,99
11/01/2006,PAH,KY,ASO,CE,Federal Contract Tower,0,13,15,0,28,0,3,33,8,44,0,16,48,8,72,26,10,36,108
11/02/2006,PAH,KY,ASO,CE,Federal Contract Tower,0,19,24,0,43,0,3,44,4,51,0,22,68,4,94,56,6,62,156
11/03/2006,PAH,KY,ASO,CE,Federal Contract Tower,0,15,18,0,33,0,3,39,6,48,0,18,57,6,81,36,0,36,117
11/04/2006,PAH,KY,ASO,CE,Federal Contract Tower,0,4,13,0,17,0,0,18,0,18,0,4,31,0,35,26,0,26,61
11/05/2006,PAH,KY,ASO,CE,Federal Contract Tower,0,9,8,0,17,0,0,21,0,21,0,9,29,0,38,20,0,20,58
11/06/2006,PAH,KY,ASO,CE,Federal Contract Tower,0,14,10,0,24,0,0,29,0,29,0,14,39,0,53,18,0,18,71
11/07/2006,PAH,KY,ASO,CE,Federal Contract Tower,0,15,17,0,32,0,2,57,4,63,0,17,74,4,95,12,2,14,109
11/08/2006,PAH,KY,ASO,CE,Federal Contract Tower,0,16,12,0,28,0,2,64,2,68,0,18,76,2,96,68,2,70,166
11/09/2006,PAH,KY,ASO,CE,Federal Contract Tower,0,21,20,0,41,0,2,65,4,71,0,23,85,4,112,52,2,54,166
11/10/2006,PAH,KY,ASO,CE,Federal Contract Tower,0,14,25,0,39,0,2,41,2,45,0,16,66,2,84,44,0,44,128
11/11/2006,PAH,KY,ASO,CE,Federal Contract Tower,0,6,12,0,18,0,0,18,0,18,0,6,30,0,36,10,0,10,46
11/12/2006,PAH,KY,ASO,CE,Federal Contract Tower,0,8,13,0,21,0,0,25,0,25,0,8,38,0,46,18,0,18,64
11/13/2006,PAH,KY,ASO,CE,Federal Contract Tower,0,21,16,0,37,0,5,42,8,55,0,26,58,8,92,44,0,44,136
11/14/2006,PAH,KY,ASO,CE,Federal Contract Tower,0,14,17,0,31,0,2,42,2,46,0,16,59,2,77,40,8,48,125
11/15/2006,PAH,KY,ASO,CE,Federal Contract Tower,0,12,6,0,18,0,1,43,4,48,0,13,49,4,66,18,2,20,86
11/16/2006,PAH,KY,ASO,CE,Federal Contract Tower,0,18,15,0,33,0,3,49,2,54,0,21,64,2,87,48,4,52,139
11/17/2006,PAH,KY,ASO,CE,Federal Contract Tower,0,11,22,0,33,0,2,35,2,39,0,13,57,2,72,44,0,44,116
11/18/2006,PAH,KY,ASO,CE,Federal Contract Tower,0,6,16,0,22,0,0,26,0,26,0,6,42,0,48,16,0,16,64
11/19/2006,PAH,KY,ASO,CE,Federal Contract Tower,0,7,11,0,18,0,0,16,0,16,0,7,27,0,34,0,0,0,34
11/20/2006,PAH,KY,ASO,CE,Federal Contract Tower,0,16,13,0,29,0,3,68,5,76,0,19,81,5,105,44,2,46,151
11/21/2006,PAH,KY,ASO,CE,Federal Contract Tower,0,16,19,2,37,0,2,70,0,72,0,18,89,2,109,54,0,54,163
11/22/2006,PAH,KY,ASO,CE,Federal Contract Tower,0,19,17,0,36,0,2,50,2,54,0,21,67,2,90,58,0,58,148
11/23/2006,PAH,KY,ASO,CE,Federal Contract Tower,0,6,4,0,10,0,0,34,0,34,0,6,38,0,44,28,0,28,72
11/24/2006,PAH,KY,ASO,CE,Federal Contract Tower,0,14,13,0,27,0,3,37,0,40,0,17,50,0,67,44,0,44,111
11/25/2006,PAH,KY,ASO,CE,Federal Contract Tower,0,6,5,0,11,0,0,31,0,31,0,6,36,0,42,12,0,12,54
11/26/2006,PAH,KY,ASO,CE,Federal Contract Tower,0,10,23,0,33,0,2,32,0,34,0,12,55,0,67,38,0,38,105
11/27/2006,PAH,KY,ASO,CE,Federal Contract Tower,0,21,12,6,39,0,2,42,0,44,0,23,54,6,83,42,0,42,125
11/28/2006,PAH,KY,ASO,CE,Federal Contract Tower,0,16,15,0,31,0,2,33,6,41,0,18,48,6,72,42,0,42,114
11/29/2006,PAH,KY,ASO,CE,Federal Contract Tower,0,17,18,0,35,0,2,38,4,44,0,19,56,4,79,46,0,46,125
11/30/2006,PAH,KY,ASO,CE,Federal Contract Tower,0,20,10,0,30,0,2,33,2,37,0,22,43,2,67,24,0,24,91
12/01/2006,PAH,KY,ASO,CE,Federal Contract Tower,0,14,3,0,17,0,2,11,0,13,0,16,14,0,30,0,0,0,30
12/02/2006,PAH,KY,ASO,CE,Federal Contract Tower,0,10,11,0,21,0,0,41,0,41,0,10,52,0,62,24,0,24,86
12/03/2006,PAH,KY,ASO,CE,Federal Contract Tower,0,9,7,0,16,0,0,23,0,23,0,9,30,0,39,34,0,34,73
12/04/2006,PAH,KY,ASO,CE,Federal Contract Tower,0,16,8,0,24,0,4,71,5,80,0,20,79,5,104,76,2,78,182
12/05/2006,PAH,KY,ASO,CE,Federal Contract Tower,0,18,22,0,40,0,3,50,2,55,0,21,72,2,95,58,2,60,155
12/06/2006,PAH,KY,ASO,CE,Federal Contract Tower,0,16,23,0,39,0,2,34,4,40,0,18,57,4,79,48,0,48,127
12/07/2006,PAH,KY,ASO,CE,Federal Contract Tower,0,14,22,0,36,0,3,45,0,48,0,17,67,0,84,48,0,48,132
12/08/2006,PAH,KY,ASO,CE,Federal Contract Tower,0,16,22,0,38,0,1,31,0,32,0,17,53,0,70,26,0,26,96
12/09/2006,PAH,KY,ASO,CE,Federal Contract Tower,0,10,7,0,17,0,0,37,0,37,0,10,44,0,54,4,0,4,58
12/10/2006,PAH,KY,ASO,CE,Federal Contract Tower,0,6,11,0,17,0,0,25,0,25,0,6,36,0,42,52,0,52,94
12/11/2006,PAH,KY,ASO,CE,Federal Contract Tower,0,13,19,0,32,0,2,30,4,36,0,15,49,4,68,38,0,38,106
12/12/2006,PAH,KY,ASO,CE,Federal Contract Tower,0,22,25,0,47,0,4,33,10,47,0,26,58,10,94,42,4,46,140
12/13/2006,PAH,KY,ASO,CE,Federal Contract Tower,0,19,16,0,35,0,3,31,2,36,0,22,47,2,71,46,0,46,117
12/14/2006,PAH,KY,ASO,CE,Federal Contract Tower,0,18,32,4,54,0,2,42,2,46,0,20,74,6,100,28,0,28,128
12/15/2006,PAH,KY,ASO,CE,Federal Contract Tower,0,16,22,0,38,0,1,40,0,41,0,17,62,0,79,60,0,60,139
12/16/2006,PAH,KY,ASO,CE,Federal Contract Tower,0,8,13,0,21,0,0,9,0,9,0,8,22,0,30,0,0,0,30
12/17/2006,PAH,KY,ASO,CE,Federal Contract Tower,0,7,20,0,27,0,0,11,0,11,0,7,31,0,38,16,0,16,54
12/18/2006,PAH,KY,ASO,CE,Federal Contract Tower,0,23,12,0,35,0,2,62,3,67,0,25,74,3,102,22,0,22,124
12/19/2006,PAH,KY,ASO,CE,Federal Contract Tower,0,11,8,0,19,0,2,33,2,37,0,13,41,2,56,56,0,56,112
12/20/2006,PAH,KY,ASO,CE,Federal Contract Tower,0,13,17,0,30,0,2,52,2,56,0,15,69,2,86,48,2,50,136
12/21/2006,PAH,KY,ASO,CE,Federal Contract Tower,0,17,8,2,27,0,0,30,2,32,0,17,38,4,59,32,0,32,91
12/22/2006,PAH,KY,ASO,CE,Federal Contract Tower,0,13,17,0,30,0,3,36,6,45,0,16,53,6,75,42,0,42,117
12/23/2006,PAH,KY,ASO,CE,Federal Contract Tower,0,9,20,0,29,0,2,44,2,48,0,11,64,2,77,36,0,36,113
12/24/2006,PAH,KY,ASO,CE,Federal Contract Tower,0,6,2,0,8,0,2,45,0,47,0,8,47,0,55,36,0,36,91
12/25/2006,PAH,KY,ASO,CE,Federal Contract Tower,0,6,0,0,6,0,0,44,0,44,0,6,44,0,50,18,0,18,68
12/26/2006,PAH,KY,ASO,CE,Federal Contract Tower,0,16,12,0,28,0,3,84,0,87,0,19,96,0,115,78,0,78,193
12/27/2006,PAH,KY,ASO,CE,Federal Contract Tower,0,21,12,0,33,0,3,56,2,61,0,24,68,2,94,44,0,44,138
12/28/2006,PAH,KY,ASO,CE,Federal Contract Tower,0,14,12,0,26,0,4,37,2,43,0,18,49,2,69,44,0,44,113
12/29/2006,PAH,KY,ASO,CE,Federal Contract Tower,0,15,8,2,25,0,4,39,0,43,0,19,47,2,68,38,6,44,112
12/30/2006,PAH,KY,ASO,CE,Federal Contract Tower,0,6,10,0,16,0,4,47,2,53,0,10,57,2,69,40,0,40,109
12/31/2006,PAH,KY,ASO,CE,Federal Contract Tower,0,8,1,0,9,0,1,36,0,37,0,9,37,0,46,22,0,22,68
01/01/2007,PAH,KY,ASO,CE,Federal Contract Tower,0,5,12,0,17,0,1,32,0,33,0,6,44,0,50,18,0,18,68
01/02/2007,PAH,KY,ASO,CE,Federal Contract Tower,0,17,10,0,27,0,4,67,3,74,0,21,77,3,101,44,0,44,145
01/03/2007,PAH,KY,ASO,CE,Federal Contract Tower,0,18,8,0,26,0,2,61,1,64,0,20,69,1,90,56,0,56,146
01/04/2007,PAH,KY,ASO,CE,Federal Contract Tower,0,20,10,0,30,0,2,34,2,38,0,22,44,2,68,36,0,36,104
01/05/2007,PAH,KY,ASO,CE,Federal Contract Tower,0,25,15,0,40,0,1,2,0,3,0,26,17,0,43,0,0,0,43
01/06/2007,PAH,KY,ASO,CE,Federal Contract Tower,0,8,9,0,17,0,0,8,0,8,0,8,17,0,25,80,0,80,105
01/07/2007,PAH,KY,ASO,CE,Federal Contract Tower,0,9,6,0,15,0,4,40,2,46,0,13,46,2,61,38,0,38,99
01/08/2007,PAH,KY,ASO,CE,Federal Contract Tower,0,13,13,0,26,0,6,45,2,53,0,19,58,2,79,40,0,40,119
01/09/2007,PAH,KY,ASO,CE,Federal Contract Tower,0,16,7,2,25,0,4,41,4,49,0,20,48,6,74,44,4,48,122
01/10/2007,PAH,KY,ASO,CE,Federal Contract Tower,0,13,12,6,31,0,6,50,6,62,0,19,62,12,93,46,0,46,139
01/11/2007,PAH,KY,ASO,CE,Federal Contract Tower,0,14,14,0,28,0,0,14,0,14,0,14,28,0,42,16,0,16,58
01/12/2007,PAH,KY,ASO,CE,Federal Contract Tower,0,14,2,0,16,0,0,0,0,0,0,14,2,0,16,0,0,0,16
01/13/2007,PAH,KY,ASO,CE,Federal Contract Tower,0,6,8,0,14,0,4,28,2,34,0,10,36,2,48,28,0,28,76
01/14/2007,PAH,KY,ASO,CE,Federal Contract Tower,0,6,4,0,10,0,1,39,0,40,0,7,43,0,50,36,0,36,86
01/15/2007,PAH,KY,ASO,CE,Federal Contract Tower,0,10,4,0,14,0,3,65,4,72,0,13,69,4,86,14,0,14,100
01/16/2007,PAH,KY,ASO,CE,Federal Contract Tower,0,15,10,6,31,0,3,60,2,65,0,18,70,8,96,48,18,66,162
01/17/2007,PAH,KY,ASO,CE,Federal Contract Tower,0,17,28,0,45,0,1,41,0,42,0,18,69,0,87,20,0,20,107
01/18/2007,PAH,KY,ASO,CE,Federal Contract Tower,0,15,14,0,29,0,1,38,0,39,0,16,52,0,68,42,0,42,110
01/19/2007,PAH,KY,ASO,CE,Federal Contract Tower,0,11,14,0,25,0,1,18,0,19,0,12,32,0,44,32,0,32,76
01/20/2007,PAH,KY,ASO,CE,Federal Contract Tower,0,7,13,0,20,0,2,51,2,55,0,9,64,2,75,80,0,80,155
01/21/2007,PAH,KY,ASO,CE,Federal Contract Tower,0,9,8,0,17,0,2,41,2,45,0,11,49,2,62,46,4,50,112
01/22/2007,PAH,KY,ASO,CE,Federal Contract Tower,0,13,5,0,18,0,4,39,2,45,0,17,44,2,63,78,0,78,141
01/23/2007,PAH,KY,ASO,CE,Federal Contract Tower,0,11,11,0,22,0,3,61,4,68,0,14,72,4,90,114,2,116,206
01/24/2007,PAH,KY,ASO,CE,Federal Contract Tower,0,15,6,0,21,0,1,19,2,22,0,16,25,2,43,30,2,32,75
01/25/2007,PAH,KY,ASO,CE,Federal Contract Tower,0,17,14,0,31,0,1,22,0,23,0,18,36,0,54,8,0,8,62
01/26/2007,PAH,KY,ASO,CE,Federal Contract Tower,0,19,15,0,34,0,3,29,0,32,0,22,44,0,66,64,0,64,130
01/27/2007,PAH,KY,ASO,CE,Federal Contract Tower,0,7,5,0,12,0,2,56,0,58,0,9,61,0,70,36,0,36,106
01/28/2007,PAH,KY,ASO,CE,Federal Contract Tower,0,7,11,0,18,0,2,48,2,52,0,9,59,2,70,38,2,40,110
01/29/2007,PAH,KY,ASO,CE,Federal Contract Tower,0,14,11,0,25,0,2,66,4,72,0,16,77,4,97,28,2,30,127
01/30/2007,PAH,KY,ASO,CE,Federal Contract Tower,0,13,7,0,20,0,3,70,2,75,0,16,77,2,95,54,0,54,149
01/31/2007,PAH,KY,ASO,CE,Federal Contract Tower,0,19,7,0,26,0,1,34,2,37,0,20,41,2,63,24,2,26,89
02/01/2007,PAH,KY,ASO,CE,Federal Contract Tower,0,13,8,0,21,0,1,9,0,10,0,14,17,0,31,54,0,54,85
02/02/2007,PAH,KY,ASO,CE,Federal Contract Tower,0,12,10,0,22,0,4,45,2,51,0,16,55,2,73,40,0,40,113
02/03/2007,PAH,KY,ASO,CE,Federal Contract Tower,0,6,4,0,10,0,2,43,2,47,0,8,47,2,57,40,0,40,97
02/04/2007,PAH,KY,ASO,CE,Federal Contract Tower,0,8,6,0,14,0,2,42,2,46,0,10,48,2,60,58,0,58,118
02/05/2007,PAH,KY,ASO,CE,Federal Contract Tower,0,12,5,2,19,0,4,51,8,63,0,16,56,10,82,44,16,60,142
02/06/2007,PAH,KY,ASO,CE,Federal Contract Tower,0,8,19,0,27,0,2,39,6,47,0,10,58,6,74,30,0,30,104
02/07/2007,PAH,KY,ASO,CE,Federal Contract Tower,0,14,18,0,32,0,1,23,2,26,0,15,41,2,58,46,0,46,104
02/08/2007,PAH,KY,ASO,CE,Federal Contract Tower,0,14,13,0,27,0,4,37,2,43,0,18,50,2,70,32,0,32,102
02/09/2007,PAH,KY,ASO,CE,Federal Contract Tower,0,11,16,0,27,0,2,48,4,54,0,13,64,4,81,38,0,38,119
02/10/2007,PAH,KY,ASO,CE,Federal Contract Tower,0,6,5,0,11,0,2,46,2,50,0,8,51,2,61,50,0,50,111
02/11/2007,PAH,KY,ASO,CE,Federal Contract Tower,0,8,7,0,15,0,2,42,0,44,0,10,49,0,59,78,0,78,137
02/12/2007,PAH,KY,ASO,CE,Federal Contract Tower,0,12,15,0,27,0,2,53,3,58,0,14,68,3,85,0,0,0,85
02/13/2007,PAH,KY,ASO,CE,Federal Contract Tower,0,14,8,0,22,0,0,3,0,3,0,14,11,0,25,0,0,0,25
02/14/2007,PAH,KY,ASO,CE,Federal Contract Tower,0,13,8,0,21,0,1,14,2,17,0,14,22,2,38,2,0,2,40
02/15/2007,PAH,KY,ASO,CE,Federal Contract Tower,0,12,13,0,25,0,4,48,2,54,0,16,61,2,79,38,0,38,117
02/16/2007,PAH,KY,ASO,CE,Federal Contract Tower,0,8,14,0,22,0,3,33,2,38,0,11,47,2,60,38,0,38,98
02/17/2007,PAH,KY,ASO,CE,Federal Contract Tower,0,6,3,0,9,0,4,41,2,47,0,10,44,2,56,38,0,38,94
02/18/2007,PAH,KY,ASO,CE,Federal Contract Tower,0,8,10,0,18,0,4,37,2,43,0,12,47,2,61,62,2,64,125
02/19/2007,PAH,KY,ASO,CE,Federal Contract Tower,0,18,18,0,36,0,2,29,6,37,0,20,47,6,73,34,0,34,107
02/20/2007,PAH,KY,ASO,CE,Federal Contract Tower,0,8,13,5,26,0,0,0,0,0,0,8,13,5,26,0,4,4,30
02/21/2007,PAH,KY,ASO,CE,Federal Contract Tower,0,10,16,0,26,0,1,26,2,29,0,11,42,2,55,40,0,40,95
02/22/2007,PAH,KY,ASO,CE,Federal Contract Tower,0,12,12,2,26,0,4,40,0,44,0,16,52,2,70,40,0,40,110
02/23/2007,PAH,KY,ASO,CE,Federal Contract Tower,0,12,13,0,25,0,2,64,5,71,0,14,77,5,96,52,2,54,150
02/24/2007,PAH,KY,ASO,CE,Federal Contract Tower,0,5,1,0,6,0,2,67,2,71,0,7,68,2,77,32,0,32,109
02/25/2007,PAH,KY,ASO,CE,Federal Contract Tower,0,8,7,0,15,0,2,40,0,42,0,10,47,0,57,58,0,58,115
02/26/2007,PAH,KY,ASO,CE,Federal Contract Tower,0,10,8,0,18,0,4,73,2,79,0,14,81,2,97,58,2,60,157
02/27/2007,PAH,KY,ASO,CE,Federal Contract Tower,0,11,22,0,33,0,2,38,10,50,0,13,60,10,83,20,2,22,105
02/28/2007,PAH,KY,ASO,CE,Federal Contract Tower,0,13,22,0,35,0,1,23,6,30,0,14,45,6,65,26,0,26,91
03/01/2007,PAH,KY,ASO,CE,Federal Contract Tower,0,15,12,0,27,0,3,14,0,17,0,18,26,0,44,20,0,20,64
03/02/2007,PAH,KY,ASO,CE,Federal Contract Tower,0,13,11,0,24,0,5,36,2,43,0,18,47,2,67,48,0,48,115
03/03/2007,PAH,KY,ASO,CE,Federal Contract Tower,0,9,3,0,12,0,4,26,2,32,0,13,29,2,44,40,0,40,84
03/04/2007,PAH,KY,ASO,CE,Federal Contract Tower,0,10,4,0,14,0,3,40,0,43,0,13,44,0,57,56,0,56,113
03/05/2007,PAH,KY,ASO,CE,Federal Contract Tower,0,10,7,0,17,0,2,58,4,64,0,12,65,4,81,70,0,70,151
03/06/2007,PAH,KY,ASO,CE,Federal Contract Tower,0,6,27,0,33,0,1,44,0,45,0,7,71,0,78,38,0,38,116
03/07/2007,PAH,KY,ASO,CE,Federal Contract Tower,2,10,12,0,24,0,1,53,2,56,2,11,65,2,80,38,0,38,118
03/08/2007,PAH,KY,ASO,CE,Federal Contract Tower,0,13,13,2,28,0,3,52,2,57,0,16,65,4,85,40,6,46,131
03/09/2007,PAH,KY,ASO,CE,Federal Contract Tower,0,11,13,0,24,0,3,67,5,75,0,14,80,5,99,44,0,44,143
03/10/2007,PAH,KY,ASO,CE,Federal Contract Tower,0,6,2,0,8,0,3,36,0,39,0,9,38,0,47,66,0,66,113
03/11/2007,PAH,KY,ASO,CE,Federal Contract Tower,0,11,7,0,18,0,3,34,2,39,0,14,41,2,57,52,0,52,109
03/12/2007,PAH,KY,ASO,CE,Federal Contract Tower,0,8,17,0,25,0,1,29,0,30,0,9,46,0,55,86,0,86,141
03/13/2007,PAH,KY,ASO,CE,Federal Contract Tower,0,8,17,0,25,0,1,32,4,37,0,9,49,4,62,36,0,36,98
03/14/2007,PAH,KY,ASO,CE,Federal Contract Tower,0,10,15,2,27,0,3,40,3,46,0,13,55,5,73,36,0,36,109
03/15/2007,PAH,KY,ASO,CE,Federal Contract Tower,0,16,10,0,26,0,2,71,3,76,0,18,81,3,102,36,2,38,140
03/16/2007,PAH,KY,ASO,CE,Federal Contract Tower,0,10,18,0,28,0,4,59,2,65,0,14,77,2,93,46,0,46,139
03/17/2007,PAH,KY,ASO,CE,Federal Contract Tower,0,8,14,0,22,0,2,23,0,25,0,10,37,0,47,68,0,68,115
03/18/2007,PAH,KY,ASO,CE,Federal Contract Tower,0,8,8,0,16,0,0,38,0,38,0,8,46,0,54,16,0,16,70
03/19/2007,PAH,KY,ASO,CE,Federal Contract Tower,0,11,18,0,29,0,0,11,0,11,0,11,29,0,40,0,0,0,40
03/20/2007,PAH,KY,ASO,CE,Federal Contract Tower,0,9,22,0,31,0,4,23,2,29,0,13,45,2,60,42,0,42,102
03/21/2007,PAH,KY,ASO,CE,Federal Contract Tower,0,14,19,3,36,0,2,36,3,41,0,16,55,6,77,38,8,46,123
03/22/2007,PAH,KY,ASO,CE,Federal Contract Tower,0,16,21,0,37,0,2,48,2,52,0,18,69,2,89,44,0,44,133
03/23/2007,PAH,KY,ASO,CE,Federal Contract Tower,0,17,15,0,32,0,2,56,8,66,0,19,71,8,98,88,2,90,188
03/24/2007,PAH,KY,ASO,CE,Federal Contract Tower,0,6,6,0,12,0,1,43,2,46,0,7,49,2,58,90,0,90,148
03/25/2007,PAH,KY,ASO,CE,Federal Contract Tower,0,8,3,0,11,0,2,27,0,29,0,10,30,0,40,60,0,60,100
03/26/2007,PAH,KY,ASO,CE,Federal Contract Tower,0,12,17,0,29,0,3,25,2,30,0,15,42,2,59,26,0,26,85
03/27/2007,PAH,KY,ASO,CE,Federal Contract Tower,0,11,13,0,24,0,3,35,4,42,0,14,48,4,66,58,4,62,128
03/28/2007,PAH,KY,ASO,CE,Federal Contract Tower,0,14,10,0,24,0,1,24,2,27,0,15,34,2,51,50,0,50,101
03/29/2007,PAH,KY,ASO,CE,Federal Contract Tower,0,13,11,0,24,0,1,60,10,71,0,14,71,10,95,48,2,50,145
03/30/2007,PAH,KY,ASO,CE,Federal Contract Tower,0,14,6,2,22,0,2,63,2,67,0,16,69,4,89,68,6,74,163
03/31/2007,PAH,KY,ASO,CE,Federal Contract Tower,0,6,12,0,18,0,2,35,0,37,0,8,47,0,55,38,0,38,93
04/01/2007,PAH,KY,ASO,CE,Federal Contract Tower,0,6,6,0,12,0,4,29,4,37,0,10,35,4,49,0,0,0,49
04/02/2007,PAH,KY,ASO,CE,Federal Contract Tower,0,20,17,0,37,0,4,45,2,51,0,24,62,2,88,78,0,78,166
04/03/2007,PAH,KY,ASO,CE,Federal Contract Tower,0,13,13,0,26,0,2,19,2,23,0,15,32,2,49,48,0,48,97
04/04/2007,PAH,KY,ASO,CE,Federal Contract Tower,0,15,10,0,25,0,5,37,10,52,0,20,47,10,77,104,0,104,181
04/05/2007,PAH,KY,ASO,CE,Federal Contract Tower,0,15,10,0,25,0,3,34,5,42,0,18,44,5,67,60,0,60,127
04/06/2007,PAH,KY,ASO,CE,Federal Contract Tower,0,12,13,0,25,0,11,55,5,71,0,23,68,5,96,54,0,54,150
04/07/2007,PAH,KY,ASO,CE,Federal Contract Tower,0,6,6,0,12,0,1,34,2,37,0,7,40,2,49,76,0,76,125
04/08/2007,PAH,KY,ASO,CE,Federal Contract Tower,0,6,12,0,18,0,0,30,0,30,0,6,42,0,48,40,0,40,88
04/09/2007,PAH,KY,ASO,CE,Federal Contract Tower,0,11,11,2,24,0,2,27,2,31,0,13,38,4,55,36,0,36,91
04/10/2007,PAH,KY,ASO,CE,Federal Contract Tower,0,11,19,0,30,0,4,29,4,37,0,15,48,4,67,58,0,58,125
04/11/2007,PAH,KY,ASO,CE,Federal Contract Tower,0,10,7,2,19,0,4,54,2,60,0,14,61,4,79,26,2,28,107
04/12/2007,PAH,KY,ASO,CE,Federal Contract Tower,0,10,10,0,20,0,5,69,4,78,0,15,79,4,98,68,6,74,172
04/13/2007,PAH,KY,ASO,CE,Federal Contract Tower,0,14,17,0,31,0,2,44,3,49,0,16,61,3,80,48,0,48,128
04/14/2007,PAH,KY,ASO,CE,Federal Contract Tower,0,8,9,0,17,0,0,0,0,0,0,8,9,0,17,0,0,0,17
04/15/2007,PAH,KY,ASO,CE,Federal Contract Tower,0,8,15,0,23,0,0,14,0,14,0,8,29,0,37,20,0,20,57
04/16/2007,PAH,KY,ASO,CE,Federal Contract Tower,0,11,14,0,25,0,1,38,2,41,0,12,52,2,66,36,0,36,102
04/17/2007,PAH,KY,ASO,CE,Federal Contract Tower,0,14,26,2,42,0,3,24,6,33,0,17,50,8,75,68,0,68,143
04/18/2007,PAH,KY,ASO,CE,Federal Contract Tower,1,19,17,4,41,0,1,31,2,34,1,20,48,6,75,46,0,46,121
04/19/2007,PAH,KY,ASO,CE,Federal Contract Tower,0,19,12,0,31,0,5,56,10,71,0,24,68,10,102,36,6,42,144
04/20/2007,PAH,KY,ASO,CE,Federal Contract Tower,0,18,20,0,38,0,0,50,4,54,0,18,70,4,92,44,0,44,136
04/21/2007,PAH,KY,ASO,CE,Federal Contract Tower,0,6,8,0,14,0,3,66,0,69,0,9,74,0,83,60,0,60,143
04/22/2007,PAH,KY,ASO,CE,Federal Contract Tower,0,9,15,0,24,0,0,27,0,27,0,9,42,0,51,0,0,0,51
04/23/2007,PAH,KY,ASO,CE,Federal Contract Tower,0,10,12,0,22,0,1,6,0,7,0,11,18,0,29,0,0,0,29
04/24/2007,PAH,KY,ASO,CE,Federal Contract Tower,0,18,9,0,27,0,1,15,0,16,0,19,24,0,43,22,0,22,65
04/25/2007,PAH,KY,ASO,CE,Federal Contract Tower,0,13,9,0,22,0,2,39,6,47,0,15,48,6,69,42,6,48,117
04/26/2007,PAH,KY,ASO,CE,Federal Contract Tower,0,13,10,0,23,0,4,37,4,45,0,17,47,4,68,36,4,40,108
04/27/2007,PAH,KY,ASO,CE,Federal Contract Tower,0,12,22,0,34,0,4,36,0,40,0,16,58,0,74,42,0,42,116
04/28/2007,PAH,KY,ASO,CE,Federal Contract Tower,0,10,13,0,23,0,0,44,0,44,0,10,57,0,67,26,0,26,93
04/29/2007,PAH,KY,ASO,CE,Federal Contract Tower,0,12,7,0,19,0,2,35,0,37,0,14,42,0,56,32,0,32,88
04/30/2007,PAH,KY,ASO,CE,Federal Contract Tower,0,17,11,2,30,0,5,54,0,59,0,22,65,2,89,48,0,48,137
05/01/2007,PAH,KY,ASO,CE,Federal Contract Tower,0,16,13,2,31,0,1,44,8,53,0,17,57,10,84,42,0,42,126
05/02/2007,PAH,KY,ASO,CE,Federal Contract Tower,0,13,19,0,32,0,2,21,2,25,0,15,40,2,57,46,0,46,103
05/03/2007,PAH,KY,ASO,CE,Federal Contract Tower,0,16,24,0,40,0,0,24,5,29,0,16,48,5,69,0,0,0,69
05/04/2007,PAH,KY,ASO,CE,Federal Contract Tower,0,13,16,0,29,0,4,34,13,51,0,17,50,13,80,60,0,60,140
05/05/2007,PAH,KY,ASO,CE,Federal Contract Tower,0,11,19,2,32,0,0,22,0,22,0,11,41,2,54,30,0,30,84
05/06/2007,PAH,KY,ASO,CE,Federal Contract Tower,0,13,19,0,32,0,0,15,0,15,0,13,34,0,47,0,0,0,47
05/07/2007,PAH,KY,ASO,CE,Federal Contract Tower,0,11,7,4,22,0,3,28,0,31,0,14,35,4,53,40,70,110,163
05/08/2007,PAH,KY,ASO,CE,Federal Contract Tower,0,10,13,1,24,0,2,34,1,37,0,12,47,2,61,48,0,48,109
05/09/2007,PAH,KY,ASO,CE,Federal Contract Tower,2,12,10,2,26,0,4,38,0,42,2,16,48,2,68,58,4,62,130
05/10/2007,PAH,KY,ASO,CE,Federal Contract Tower,0,14,18,0,32,0,4,45,0,49,0,18,63,0,81,44,0,44,125
05/11/2007,PAH,KY,ASO,CE,Federal Contract Tower,0,10,24,0,34,0,1,27,10,38,0,11,51,10,72,18,0,18,90
05/12/2007,PAH,KY,ASO,CE,Federal Contract Tower,0,8,4,0,12,0,0,40,0,40,0,8,44,0,52,40,0,40,92
05/13/2007,PAH,KY,ASO,CE,Federal Contract Tower,0,6,7,0,13,0,2,33,0,35,0,8,40,0,48,32,0,32,80
05/14/2007,PAH,KY,ASO,CE,Federal Contract Tower,0,13,10,0,23,0,2,58,4,64,0,15,68,4,87,40,0,40,127
05/15/2007,PAH,KY,ASO,CE,Federal Contract Tower,0,10,10,0,20,0,2,24,4,30,0,12,34,4,50,24,0,24,74
05/16/2007,PAH,KY,ASO,CE,Federal Contract Tower,0,18,12,1,31,0,2,58,9,69,0,20,70,10,100,64,22,86,186
05/17/2007,PAH,KY,ASO,CE,Federal Contract Tower,0,18,11,0,29,0,2,65,8,75,0,20,76,8,104,54,4,58,162
05/18/2007,PAH,KY,ASO,CE,Federal Contract Tower,0,11,11,1,23,0,5,47,1,53,0,16,58,2,76,30,0,30,106
05/19/2007,PAH,KY,ASO,CE,Federal Contract Tower,0,8,10,0,18,0,2,34,0,36,0,10,44,0,54,36,0,36,90
05/20/2007,PAH,KY,ASO,CE,Federal Contract Tower,0,8,14,2,24,0,0,31,0,31,0,8,45,2,55,22,0,22,77
05/21/2007,PAH,KY,ASO,CE,Federal Contract Tower,0,12,14,0,26,0,3,37,4,44,0,15,51,4,70,42,12,54,124
05/22/2007,PAH,KY,ASO,CE,Federal Contract Tower,0,13,16,4,33,0,7,72,4,83,0,20,88,8,116,72,6,78,194
05/23/2007,PAH,KY,ASO,CE,Federal Contract Tower,0,15,11,0,26,0,4,68,2,74,0,19,79,2,100,58,2,60,160
05/24/2007,PAH,KY,ASO,CE,Federal Contract Tower,0,16,24,2,42,0,4,23,2,29,0,20,47,4,71,64,4,68,139
05/25/2007,PAH,KY,ASO,CE,Federal Contract Tower,0,11,9,0,20,0,3,39,0,42,0,14,48,0,62,26,0,26,88
05/26/2007,PAH,KY,ASO,CE,Federal Contract Tower,0,7,6,2,15,0,0,14,0,14,0,7,20,2,29,8,0,8,37
05/27/2007,PAH,KY,ASO,CE,Federal Contract Tower,0,8,5,0,13,0,0,39,2,41,0,8,44,2,54,30,0,30,84
05/28/2007,PAH,KY,ASO,CE,Federal Contract Tower,0,7,6,0,13,0,0,26,0,26,0,7,32,0,39,10,0,10,49
05/29/2007,PAH,KY,ASO,CE,Federal Contract Tower,0,13,8,2,23,0,1,11,0,12,0,14,19,2,35,26,0,26,61
05/30/2007,PAH,KY,ASO,CE,Federal Contract Tower,0,14,13,0,27,0,5,33,8,46,0,19,46,8,73,50,0,50,123
05/31/2007,PAH,KY,ASO,CE,Federal Contract Tower,0,19,13,0,32,0,2,33,2,37,0,21,46,2,69,64,4,68,137
06/01/2007,PAH,KY,ASO,CE,Federal Contract Tower,0,12,11,0,23,0,0,37,2,39,0,12,48,2,62,40,0,40,102
06/02/2007,PAH,KY,ASO,CE,Federal Contract Tower,0,6,5,0,11,0,2,27,0,29,0,8,32,0,40,0,0,0,40
06/03/2007,PAH,KY,ASO,CE,Federal Contract Tower,0,8,9,0,17,0,2,36,0,38,0,10,45,0,55,0,0,0,55
06/04/2007,PAH,KY,ASO,CE,Federal Contract Tower,0,11,7,6,24,0,2,15,2,19,0,13,22,8,43,0,0,0,43
06/05/2007,PAH,KY,ASO,CE,Federal Contract Tower,0,11,7,0,18,0,3,25,0,28,0,14,32,0,46,16,0,16,62
06/06/2007,PAH,KY,ASO,CE,Federal Contract Tower,0,13,8,0,21,0,4,21,2,27,0,17,29,2,48,34,0,34,82
06/07/2007,PAH,KY,ASO,CE,Federal Contract Tower,0,16,16,0,32,0,1,10,2,13,0,17,26,2,45,6,0,6,51
06/08/2007,PAH,KY,ASO,CE,Federal Contract Tower,0,13,11,2,26,0,2,9,0,11,0,15,20,2,37,2,0,2,39
06/09/2007,PAH,KY,ASO,CE,Federal Contract Tower,0,6,5,2,13,0,5,40,0,45,0,11,45,2,58,14,0,14,72
06/10/2007,PAH,KY,ASO,CE,Federal Contract Tower,0,10,17,0,27,0,0,26,0,26,0,10,43,0,53,18,0,18,71
06/11/2007,PAH,KY,ASO,CE,Federal Contract Tower,0,10,12,0,22,0,2,26,2,30,0,12,38,2,52,46,0,46,98
06/12/2007,PAH,KY,ASO,CE,Federal Contract Tower,0,12,9,0,21,0,4,33,0,37,0,16,42,0,58,30,0,30,88
06/13/2007,PAH,KY,ASO,CE,Federal Contract Tower,0,12,13,0,25,0,0,49,12,61,0,12,62,12,86,68,0,68,154
06/14/2007,PAH,KY,ASO,CE,Federal Contract Tower,0,10,10,0,20,0,2,35,0,37,0,12,45,0,57,40,0,40,97
06/15/2007,PAH,KY,ASO,CE,Federal Contract Tower,0,9,16,0,25,0,1,30,0,31,0,10,46,0,56,52,0,52,108
06/16/2007,PAH,KY,ASO,CE,Federal Contract Tower,0,8,4,0,12,0,0,37,2,39,0,8,41,2,51,0,0,0,51
06/17/2007,PAH,KY,ASO,CE,Federal Contract Tower,0,6,5,0,11,0,2,43,2,47,0,8,48,2,58,48,0,48,106
06/18/2007,PAH,KY,ASO,CE,Federal Contract Tower,0,12,14,0,26,0,4,75,6,85,0,16,89,6,111,72,4,76,187
06/19/2007,PAH,KY,ASO,CE,Federal Contract Tower,0,12,11,4,27,0,2,79,6,87,0,14,90,10,114,78,8,86,200
06/20/2007,PAH,KY,ASO,CE,Federal Contract Tower,0,13,19,2,34,0,2,55,0,57,0,15,74,2,91,84,0,84,175
06/21/2007,PAH,KY,ASO,CE,Federal Contract Tower,0,15,9,0,24,0,2,49,7,58,0,17,58,7,82,36,0,36,118
06/22/2007,PAH,KY,ASO,CE,Federal Contract Tower,0,14,14,0,28,0,1,34,1,36,0,15,48,1,64,56,0,56,120
06/23/2007,PAH,KY,ASO,CE,Federal Contract Tower,0,8,14,4,26,0,2,34,2,38,0,10,48,6,64,42,12,54,118
06/24/2007,PAH,KY,ASO,CE,Federal Contract Tower,0,8,11,2,21,0,2,25,0,27,0,10,36,2,48,66,2,68,116
06/25/2007,PAH,KY,ASO,CE,Federal Contract Tower,0,11,13,0,24,0,3,37,4,44,0,14,50,4,68,60,0,60,128
06/26/2007,PAH,KY,ASO,CE,Federal Contract Tower,0,14,20,0,34,0,3,38,6,47,0,17,58,6,81,80,0,80,161
06/27/2007,PAH,KY,ASO,CE,Federal Contract Tower,0,14,20,0,34,0,4,58,2,64,0,18,78,2,98,70,0,70,168
06/28/2007,PAH,KY,ASO,CE,Federal Contract Tower,0,20,15,1,36,0,2,67,5,74,0,22,82,6,110,80,16,96,206
06/29/2007,PAH,KY,ASO,CE,Federal Contract Tower,0,10,17,0,27,0,1,39,6,46,0,11,56,6,73,48,4,52,125
06/30/2007,PAH,KY,ASO,CE,Federal Contract Tower,0,8,17,0,25,0,1,41,0,42,0,9,58,0,67,60,0,60,127
07/01/2007,PAH,KY,ASO,CE,Federal Contract Tower,0,6,12,0,18,0,2,33,2,37,0,8,45,2,55,46,0,46,101
07/02/2007,PAH,KY,ASO,CE,Federal Contract Tower,0,10,14,0,24,0,4,77,5,86,0,14,91,5,110,78,6,84,194
07/03/2007,PAH,KY,ASO,CE,Federal Contract Tower,0,10,4,0,14,0,0,44,8,52,0,10,48,8,66,40,0,40,106
07/04/2007,PAH,KY,ASO,CE,Federal Contract Tower,0,5,6,0,11,0,0,12,0,12,0,5,18,0,23,0,0,0,23
07/05/2007,PAH,KY,ASO,CE,Federal Contract Tower,0,14,6,0,20,0,1,26,4,31,0,15,32,4,51,8,0,8,59
07/06/2007,PAH,KY,ASO,CE,Federal Contract Tower,0,7,19,0,26,0,1,31,2,34,0,8,50,2,60,14,0,14,74
07/07/2007,PAH,KY,ASO,CE,Federal Contract Tower,0,8,7,0,15,0,4,61,2,67,0,12,68,2,82,48,0,48,130
07/08/2007,PAH,KY,ASO,CE,Federal Contract Tower,0,6,6,0,12,0,2,32,0,34,0,8,38,0,46,44,0,44,90
07/09/2007,PAH,KY,ASO,CE,Federal Contract Tower,0,16,8,0,24,0,3,54,14,71,0,19,62,14,95,38,4,42,137
07/10/2007,PAH,KY,ASO,CE,Federal Contract Tower,0,14,13,3,30,0,0,31,3,34,0,14,44,6,64,70,4,74,138
07/11/2007,PAH,KY,ASO,CE,Federal Contract Tower,0,10,14,3,27,0,4,36,3,43,0,14,50,6,70,62,4,66,136
07/12/2007,PAH,KY,ASO,CE,Federal Contract Tower,0,10,12,6,28,0,1,32,0,33,0,11,44,6,61,38,0,38,99
07/13/2007,PAH,KY,ASO,CE,Federal Contract Tower,0,15,19,1,35,0,1,31,5,37,0,16,50,6,72,12,0,12,84
07/14/2007,PAH,KY,ASO,CE,Federal Contract Tower,0,7,13,0,20,0,1,41,2,44,0,8,54,2,64,38,0,38,102
07/15/2007,PAH,KY,ASO,CE,Federal Contract Tower,0,7,10,0,17,0,3,56,2,61,0,10,66,2,78,44,0,44,122
07/16/2007,PAH,KY,ASO,CE,Federal Contract Tower,0,12,9,0,21,0,2,68,12,82,0,14,77,12,103,54,4,58,161
07/17/2007,PAH,KY,ASO,CE,Federal Contract Tower,0,12,21,0,33,0,2,68,4,74,0,14,89,4,107,46,0,46,153
07/18/2007,PAH,KY,ASO,CE,Federal Contract Tower,0,16,13,0,29,0,2,35,4,41,0,18,48,4,70,44,4,48,118
07/19/2007,PAH,KY,ASO,CE,Federal Contract Tower,0,14,15,0,29,0,2,43,2,47,0,16,58,2,76,44,0,44,120
07/20/2007,PAH,KY,ASO,CE,Federal Contract Tower,0,12,12,2,26,0,6,35,0,41,0,18,47,2,67,54,0,54,121
07/21/2007,PAH,KY,ASO,CE,Federal Contract Tower,0,6,16,0,22,0,2,29,2,33,0,8,45,2,55,50,0,50,105
07/22/2007,PAH,KY,ASO,CE,Federal Contract Tower,0,9,11,0,20,0,3,33,0,36,0,12,44,0,56,46,0,46,102
07/23/2007,PAH,KY,ASO,CE,Federal Contract Tower,0,14,10,0,24,0,0,46,16,62,0,14,56,16,86,40,6,46,132
07/24/2007,PAH,KY,ASO,CE,Federal Contract Tower,0,14,13,0,27,0,2,67,4,73,0,16,80,4,100,40,4,44,144
07/25/2007,PAH,KY,ASO,CE,Federal Contract Tower,0,13,15,0,28,0,2,25,10,37,0,15,40,10,65,30,0,30,95
07/26/2007,PAH,KY,ASO,CE,Federal Contract Tower,0,12,14,0,26,0,2,44,4,50,0,14,58,4,76,48,0,48,124
07/27/2007,PAH,KY,ASO,CE,Federal Contract Tower,0,14,9,0,23,0,0,18,2,20,0,14,27,2,43,18,0,18,61
07/28/2007,PAH,KY,ASO,CE,Federal Contract Tower,0,8,20,0,28,0,2,29,2,33,0,10,49,2,61,78,0,78,139
07/29/2007,PAH,KY,ASO,CE,Federal Contract Tower,0,9,16,0,25,0,2,40,0,42,0,11,56,0,67,66,0,66,133
07/30/2007,PAH,KY,ASO,CE,Federal Contract Tower,0,12,15,0,27,0,3,66,4,73,0,15,81,4,100,52,2,54,154
07/31/2007,PAH,KY,ASO,CE,Federal Contract Tower,0,14,17,0,31,0,4,38,4,46,0,18,55,4,77,70,10,80,157
08/01/2007,PAH,KY,ASO,CE,Federal Contract Tower,0,13,12,1,26,0,1,40,5,46,0,14,52,6,72,28,2,30,102
08/02/2007,PAH,KY,ASO,CE,Federal Contract Tower,0,10,16,0,26,0,3,33,2,38,0,13,49,2,64,32,0,32,96
08/03/2007,PAH,KY,ASO,CE,Federal Contract Tower,0,10,18,0,28,0,2,32,6,40,0,12,50,6,68,44,2,46,114
08/04/2007,PAH,KY,ASO,CE,Federal Contract Tower,0,6,7,0,13,0,0,35,0,35,0,6,42,0,48,60,0,60,108
08/05/2007,PAH,KY,ASO,CE,Federal Contract Tower,0,6,2,0,8,0,2,38,0,40,0,8,40,0,48,62,0,62,110
08/06/2007,PAH,KY,ASO,CE,Federal Contract Tower,0,12,6,0,18,0,1,50,10,61,0,13,56,10,79,40,0,40,119
08/07/2007,PAH,KY,ASO,CE,Federal Contract Tower,0,10,6,0,16,0,3,38,4,45,0,13,44,4,61,40,0,40,101
08/08/2007,PAH,KY,ASO,CE,Federal Contract Tower,0,14,15,0,29,0,2,41,2,45,0,16,56,2,74,44,0,44,118
08/09/2007,PAH,KY,ASO,CE,Federal Contract Tower,0,11,13,0,24,0,4,25,4,33,0,15,38,4,57,30,0,30,87
08/10/2007,PAH,KY,ASO,CE,Federal Contract Tower,0,14,12,0,26,0,3,41,2,46,0,17,53,2,72,34,0,34,106
08/11/2007,PAH,KY,ASO,CE,Federal Contract Tower,0,6,10,0,16,0,4,41,4,49,0,10,51,4,65,92,0,92,157
08/12/2007,PAH,KY,ASO,CE,Federal Contract Tower,0,6,6,0,12,0,2,43,0,45,0,8,49,0,57,48,0,48,105
08/13/2007,PAH,KY,ASO,CE,Federal Contract Tower,0,13,13,0,26,0,4,78,4,86,0,17,91,4,112,50,2,52,164
08/14/2007,PAH,KY,ASO,CE,Federal Contract Tower,2,10,15,0,27,0,4,27,2,33,2,14,42,2,60,40,0,40,100
08/15/2007,PAH,KY,ASO,CE,Federal Contract Tower,0,16,13,0,29,0,1,29,4,34,0,17,42,4,63,32,0,32,95
08/16/2007,PAH,KY,ASO,CE,Federal Contract Tower,0,16,13,0,29,0,0,38,10,48,0,16,51,10,77,30,0,30,107
08/17/2007,PAH,KY,ASO,CE,Federal Contract Tower,0,16,16,0,32,0,3,30,4,37,0,19,46,4,69,42,0,42,111
08/18/2007,PAH,KY,ASO,CE,Federal Contract Tower,0,18,6,0,24,0,0,40,4,44,0,18,46,4,68,68,0,68,136
08/19/2007,PAH,KY,ASO,CE,Federal Contract Tower,0,7,12,0,19,0,3,36,0,39,0,10,48,0,58,100,0,100,158
08/20/2007,PAH,KY,ASO,CE,Federal Contract Tower,0,13,12,0,25,0,1,32,4,37,0,14,44,4,62,46,0,46,108
08/21/2007,PAH,KY,ASO,CE,Federal Contract Tower,0,14,11,0,25,0,2,33,2,37,0,16,44,2,62,50,0,50,112
08/22/2007,PAH,KY,ASO,CE,Federal Contract Tower,0,13,14,0,27,0,3,30,2,35,0,16,44,2,62,30,0,30,92
08/23/2007,PAH,KY,ASO,CE,Federal Contract Tower,0,14,13,0,27,0,3,25,4,32,0,17,38,4,59,24,0,24,83
08/24/2007,PAH,KY,ASO,CE,Federal Contract Tower,0,16,12,0,28,0,4,79,3,86,0,20,91,3,114,42,2,44,158
08/25/2007,PAH,KY,ASO,CE,Federal Contract Tower,0,8,10,0,18,0,1,34,0,35,0,9,44,0,53,92,0,92,145
08/26/2007,PAH,KY,ASO,CE,Federal Contract Tower,0,11,10,0,21,0,2,34,0,36,0,13,44,0,57,50,0,50,107
08/27/2007,PAH,KY,ASO,CE,Federal Contract Tower,0,18,6,2,26,0,2,45,0,47,0,20,51,2,73,30,0,30,103
08/28/2007,PAH,KY,ASO,CE,Federal Contract Tower,0,15,13,0,28,0,4,38,4,46,0,19,51,4,74,36,0,36,110
08/29/2007,PAH,KY,ASO,CE,Federal Contract Tower,0,10,14,2,26,0,1,25,2,28,0,11,39,4,54,40,0,40,94
08/30/2007,PAH,KY,ASO,CE,Federal Contract Tower,0,13,16,2,31,0,4,47,2,53,0,17,63,4,84,52,0,52,136
08/31/2007,PAH,KY,ASO,CE,Federal Contract Tower,0,13,15,0,28,0,1,37,2,40,0,14,52,2,68,40,0,40,108
09/01/2007,PAH,KY,ASO,CE,Federal Contract Tower,0,5,8,0,13,0,0,44,0,44,0,5,52,0,57,68,0,68,125
09/02/2007,PAH,KY,ASO,CE,Federal Contract Tower,0,7,5,0,12,0,2,29,0,31,0,9,34,0,43,74,0,74,117
09/03/2007,PAH,KY,ASO,CE,Federal Contract Tower,0,4,10,0,14,0,0,30,0,30,0,4,40,0,44,0,0,0,44
09/04/2007,PAH,KY,ASO,CE,Federal Contract Tower,0,14,12,0,26,0,1,40,6,47,0,15,52,6,73,46,2,48,121
09/05/2007,PAH,KY,ASO,CE,Federal Contract Tower,0,13,30,0,43,0,2,25,6,33,0,15,55,6,76,46,0,46,122
09/06/2007,PAH,KY,ASO,CE,Federal Contract Tower,0,14,9,0,23,0,2,35,4,41,0,16,44,4,64,26,0,26,90
09/07/2007,PAH,KY,ASO,CE,Federal Contract Tower,0,15,12,0,27,0,2,67,5,74,0,17,79,5,101,56,0,56,157
09/08/2007,PAH,KY,ASO,CE,Federal Contract Tower,0,6,6,0,12,0,3,43,0,46,0,9,49,0,58,68,0,68,126
09/09/2007,PAH,KY,ASO,CE,Federal Contract Tower,0,7,30,0,37,0,0,36,0,36,0,7,66,0,73,30,0,30,103
09/10/2007,PAH,KY,ASO,CE,Federal Contract Tower,0,15,10,0,25,0,1,5,0,6,0,16,15,0,31,20,0,20,51
09/11/2007,PAH,KY,ASO,CE,Federal Contract Tower,0,13,9,0,22,0,3,44,2,49,0,16,53,2,71,56,0,56,127
09/12/2007,PAH,KY,ASO,CE,Federal Contract Tower,0,11,21,0,32,0,3,45,2,50,0,14,66,2,82,74,0,74,156
09/13/2007,PAH,KY,ASO,CE,Federal Contract Tower,0,13,23,3,39,0,3,65,8,76,0,16,88,11,115,64,2,66,181
09/14/2007,PAH,KY,ASO,CE,Federal Contract Tower,0,12,19,0,31,0,1,23,1,25,0,13,42,1,56,50,0,50,106
09/15/2007,PAH,KY,ASO,CE,Federal Contract Tower,0,7,6,0,13,0,3,50,0,53,0,10,56,0,66,80,0,80,146
09/16/2007,PAH,KY,ASO,CE,Federal Contract Tower,0,9,10,0,19,0,2,54,2,58,0,11,64,2,77,76,0,76,153
09/17/2007,PAH,KY,ASO,CE,Federal Contract Tower,0,11,18,0,29,0,0,32,2,34,0,11,50,2,63,56,6,62,125
09/18/2007,PAH,KY,ASO,CE,Federal Contract Tower,0,11,11,0,22,0,4,25,2,31,0,15,36,2,53,50,0,50,103
09/19/2007,PAH,KY,ASO,CE,Federal Contract Tower,0,14,22,0,36,0,2,25,12,39,0,16,47,12,75,38,0,38,113
09/20/2007,PAH,KY,ASO,CE,Federal Contract Tower,0,14,18,0,32,0,2,40,0,42,0,16,58,0,74,30,0,30,104
09/21/2007,PAH,KY,ASO,CE,Federal Contract Tower,0,16,21,0,37,0,2,77,5,84,0,18,98,5,121,58,0,58,179
09/22/2007,PAH,KY,ASO,CE,Federal Contract Tower,0,10,13,0,23,0,2,51,0,53,0,12,64,0,76,62,0,62,138
09/23/2007,PAH,KY,ASO,CE,Federal Contract Tower,0,8,15,0,23,0,2,33,0,35,0,10,48,0,58,48,0,48,106
09/24/2007,PAH,KY,ASO,CE,Federal Contract Tower,0,12,8,2,22,0,3,27,8,38,0,15,35,10,60,30,0,30,90
09/25/2007,PAH,KY,ASO,CE,Federal Contract Tower,0,15,20,0,35,0,0,5,2,7,0,15,25,2,42,20,0,20,62
09/26/2007,PAH,KY,ASO,CE,Federal Contract Tower,0,13,21,0,34,0,0,33,2,35,0,13,54,2,69,34,0,34,103
09/27/2007,PAH,KY,ASO,CE,Federal Contract Tower,0,14,28,0,42,0,2,32,6,40,0,16,60,6,82,40,0,40,122
09/28/2007,PAH,KY,ASO,CE,Federal Contract Tower,0,10,14,2,26,0,2,70,8,80,0,12,84,10,106,86,8,94,200
09/29/2007,PAH,KY,ASO,CE,Federal Contract Tower,0,8,9,0,17,0,0,43,2,45,0,8,52,2,62,90,0,90,152
09/30/2007,PAH,KY,ASO,CE,Federal Contract Tower,0,6,8,2,16,0,0,32,0,32,0,6,40,2,48,40,0,40,88
10/01/2007,PAH,KY,ASO,CE,Federal Contract Tower,0,18,12,0,30,0,1,26,2,29,0,19,38,2,59,36,0,36,95
10/02/2007,PAH,KY,ASO,CE,Federal Contract Tower,0,11,19,0,30,0,2,14,2,18,0,13,33,2,48,64,0,64,112
10/03/2007,PAH,KY,ASO,CE,Federal Contract Tower,0,12,13,0,25,0,1,34,4,39,0,13,47,4,64,48,0,48,112
10/04/2007,PAH,KY,ASO,CE,Federal Contract Tower,0,18,10,3,31,0,1,10,1,12,0,19,20,4,43,18,0,18,61
10/05/2007,PAH,KY,ASO,CE,Federal Contract Tower,0,16,12,0,28,0,0,59,4,63,0,16,71,4,91,66,4,70,161
10/06/2007,PAH,KY,ASO,CE,Federal Contract Tower,0,6,9,0,15,0,2,40,0,42,0,8,49,0,57,68,0,68,125
10/07/2007,PAH,KY,ASO,CE,Federal Contract Tower,0,6,13,0,19,0,2,26,0,28,0,8,39,0,47,40,0,40,87
10/08/2007,PAH,KY,ASO,CE,Federal Contract Tower,0,6,12,0,18,0,2,26,2,30,0,8,38,2,48,30,0,30,78
10/09/2007,PAH,KY,ASO,CE,Federal Contract Tower,0,16,16,0,32,0,4,31,0,35,0,20,47,0,67,40,0,40,107
10/10/2007,PAH,KY,ASO,CE,Federal Contract Tower,0,17,20,0,37,0,2,30,10,42,0,19,50,10,79,40,6,46,125
10/11/2007,PAH,KY,ASO,CE,Federal Contract Tower,0,10,11,0,21,0,0,39,0,39,0,10,50,0,60,40,0,40,100
10/12/2007,PAH,KY,ASO,CE,Federal Contract Tower,0,10,13,0,23,0,2,52,6,60,0,12,65,6,83,52,0,52,135
10/13/2007,PAH,KY,ASO,CE,Federal Contract Tower,0,6,8,0,14,0,0,32,2,34,0,6,40,2,48,46,0,46,94
10/14/2007,PAH,KY,ASO,CE,Federal Contract Tower,0,12,14,0,26,0,1,38,0,39,0,13,52,0,65,34,0,34,99
10/15/2007,PAH,KY,ASO,CE,Federal Contract Tower,0,10,7,0,17,0,2,31,0,33,0,12,38,0,50,32,0,32,82
10/16/2007,PAH,KY,ASO,CE,Federal Contract Tower,0,11,25,1,37,0,2,46,3,51,0,13,71,4,88,46,0,46,134
10/17/2007,PAH,KY,ASO,CE,Federal Contract Tower,0,13,24,2,39,0,1,34,4,39,0,14,58,6,78,40,0,40,118
10/18/2007,PAH,KY,ASO,CE,Federal Contract Tower,0,10,7,0,17,0,2,60,2,64,0,12,67,2,81,44,0,44,125
10/19/2007,PAH,KY,ASO,CE,Federal Contract Tower,0,12,9,2,23,0,3,70,8,81,0,15,79,10,104,62,4,66,170
10/20/2007,PAH,KY,ASO,CE,Federal Contract Tower,0,6,9,0,15,0,0,36,0,36,0,6,45,0,51,40,0,40,91
10/21/2007,PAH,KY,ASO,CE,Federal Contract Tower,0,6,5,0,11,0,0,29,0,29,0,6,34,0,40,6,0,6,46
10/22/2007,PAH,KY,ASO,CE,Federal Contract Tower,0,15,15,0,30,0,1,6,0,7,0,16,21,0,37,2,0,2,39
10/23/2007,PAH,KY,ASO,CE,Federal Contract Tower,0,12,11,0,23,0,2,41,4,47,0,14,52,4,70,0,0,0,70
10/24/2007,PAH,KY,ASO,CE,Federal Contract Tower,0,15,15,0,30,0,2,88,2,92,0,17,103,2,122,14,0,14,136
10/25/2007,PAH,KY,ASO,CE,Federal Contract Tower,2,9,18,2,31,0,2,29,2,33,2,11,47,4,64,34,4,38,102
10/26/2007,PAH,KY,ASO,CE,Federal Contract Tower,0,12,21,0,33,0,1,55,6,62,0,13,76,6,95,20,4,24,119
10/27/2007,PAH,KY,ASO,CE,Federal Contract Tower,0,9,7,0,16,0,9,32,0,41,0,18,39,0,57,20,0,20,77
10/28/2007,PAH,KY,ASO,CE,Federal Contract Tower,0,6,17,0,23,0,0,31,2,33,0,6,48,2,56,30,0,30,86
10/29/2007,PAH,KY,ASO,CE,Federal Contract Tower,0,10,6,5,21,0,1,42,2,45,0,11,48,7,66,46,4,50,116
10/30/2007,PAH,KY,ASO,CE,Federal Contract Tower,0,10,14,3,27,0,3,72,7,82,0,13,86,10,109,32,6,38,147
10/31/2007,PAH,KY,ASO,CE,Federal Contract Tower,0,13,12,2,27,0,6,58,4,68,0,19,70,6,95,54,4,58,153
11/01/2007,PAH,KY,ASO,CE,Federal Contract Tower,0,13,15,0,28,0,4,60,2,66,0,17,75,2,94,54,2,56,150
11/02/2007,PAH,KY,ASO,CE,Federal Contract Tower,0,10,18,0,28,0,2,44,2,48,0,12,62,2,76,44,4,48,124
11/03/2007,PAH,KY,ASO,CE,Federal Contract Tower,0,6,11,0,17,0,0,56,0,56,0,6,67,0,73,56,0,56,129
11/04/2007,PAH,KY,ASO,CE,Federal Contract Tower,0,6,9,0,15,0,0,30,0,30,0,6,39,0,45,12,0,12,57
11/05/2007,PAH,KY,ASO,CE,Federal Contract Tower,0,12,15,3,30,0,1,8,5,14,0,13,23,8,44,22,6,28,72
11/06/2007,PAH,KY,ASO,CE,Federal Contract Tower,0,12,24,2,38,0,1,44,6,51,0,13,68,8,89,48,0,48,137
11/07/2007,PAH,KY,ASO,CE,Federal Contract Tower,0,11,16,0,27,0,0,47,2,49,0,11,63,2,76,30,2,32,108
11/08/2007,PAH,KY,ASO,CE,Federal Contract Tower,0,11,10,0,21,0,0,62,10,72,0,11,72,10,93,46,2,48,141
11/09/2007,PAH,KY,ASO,CE,Federal Contract Tower,0,10,19,2,31,0,0,49,2,51,0,10,68,4,82,38,2,40,122
11/10/2007,PAH,KY,ASO,CE,Federal Contract Tower,0,4,9,0,13,0,0,32,2,34,0,4,41,2,47,0,2,2,49
11/11/2007,PAH,KY,ASO,CE,Federal Contract Tower,1,7,13,0,21,0,1,7,0,8,1,8,20,0,29,0,0,0,29
11/12/2007,PAH,KY,ASO,CE,Federal Contract Tower,0,12,28,0,40,0,1,36,4,41,0,13,64,4,81,32,0,32,113
11/13/2007,PAH,KY,ASO,CE,Federal Contract Tower,0,12,21,2,35,0,3,37,4,44,0,15,58,6,79,36,2,38,117
11/14/2007,PAH,KY,ASO,CE,Federal Contract Tower,0,10,20,0,30,0,4,41,2,47,0,14,61,2,77,40,0,40,117
11/15/2007,PAH,KY,ASO,CE,Federal Contract Tower,0,13,15,6,34,0,3,68,2,73,0,16,83,8,107,38,6,44,151
11/16/2007,PAH,KY,ASO,CE,Federal Contract Tower,0,12,20,0,32,0,3,34,2,39,0,15,54,2,71,46,0,46,117
11/17/2007,PAH,KY,ASO,CE,Federal Contract Tower,0,7,10,0,17,0,0,27,0,27,0,7,37,0,44,18,0,18,62
11/18/2007,PAH,KY,ASO,CE,Federal Contract Tower,0,11,20,0,31,0,0,30,0,30,0,11,50,0,61,26,0,26,87
11/19/2007,PAH,KY,ASO,CE,Federal Contract Tower,0,14,19,4,37,0,3,29,0,32,0,17,48,4,69,30,0,30,99
11/20/2007,PAH,KY,ASO,CE,Federal Contract Tower,0,12,16,5,33,0,2,29,3,34,0,14,45,8,67,28,2,30,97
11/21/2007,PAH,KY,ASO,CE,Federal Contract Tower,0,14,11,0,25,0,2,51,8,61,0,16,62,8,86,46,0,46,132
11/22/2007,PAH,KY,ASO,CE,Federal Contract Tower,0,4,9,0,13,0,0,15,0,15,0,4,24,0,28,0,0,0,28
11/23/2007,PAH,KY,ASO,CE,Federal Contract Tower,0,10,4,0,14,0,0,19,0,19,0,10,23,0,33,0,0,0,33
11/24/2007,PAH,KY,ASO,CE,Federal Contract Tower,0,8,5,0,13,0,0,17,0,17,0,8,22,0,30,14,0,14,44
11/25/2007,PAH,KY,ASO,CE,Federal Contract Tower,0,8,10,0,18,0,0,1,0,1,0,8,11,0,19,0,0,0,19
11/26/2007,PAH,KY,ASO,CE,Federal Contract Tower,0,10,13,0,23,0,1,20,2,23,0,11,33,2,46,14,0,14,60
11/27/2007,PAH,KY,ASO,CE,Federal Contract Tower,0,10,21,2,33,0,6,57,6,69,0,16,78,8,102,48,14,62,164
11/28/2007,PAH,KY,ASO,CE,Federal Contract Tower,0,10,21,0,31,0,6,62,12,80,0,16,83,12,111,50,14,64,175
11/29/2007,PAH,KY,ASO,CE,Federal Contract Tower,0,18,13,4,35,0,2,70,10,82,0,20,83,14,117,40,8,48,165
11/30/2007,PAH,KY,ASO,CE,Federal Contract Tower,0,12,18,2,32,0,3,30,2,35,0,15,48,4,67,70,0,70,137
12/01/2007,PAH,KY,ASO,CE,Federal Contract Tower,0,6,8,0,14,0,0,29,0,29,0,6,37,0,43,34,0,34,77
12/02/2007,PAH,KY,ASO,CE,Federal Contract Tower,0,8,7,0,15,0,0,1,0,1,0,8,8,0,16,0,0,0,16
12/03/2007,PAH,KY,ASO,CE,Federal Contract Tower,0,13,11,0,24,0,3,51,8,62,0,16,62,8,86,36,0,36,122
12/04/2007,PAH,KY,ASO,CE,Federal Contract Tower,0,17,15,1,33,0,0,43,1,44,0,17,58,2,77,44,0,44,121
12/05/2007,PAH,KY,ASO,CE,Federal Contract Tower,0,18,8,1,27,0,2,43,16,61,0,20,51,17,88,52,6,58,146
12/06/2007,PAH,KY,ASO,CE,Federal Contract Tower,0,12,7,0,19,0,2,53,4,59,0,14,60,4,78,40,2,42,120
12/07/2007,PAH,KY,ASO,CE,Federal Contract Tower,0,11,16,0,27,0,0,30,0,30,0,11,46,0,57,44,0,44,101
12/08/2007,PAH,KY,ASO,CE,Federal Contract Tower,0,6,7,0,13,0,0,0,0,0,0,6,7,0,13,0,0,0,13
12/09/2007,PAH,KY,ASO,CE,Federal Contract Tower,0,8,7,0,15,0,1,32,0,33,0,9,39,0,48,0,0,0,48
12/10/2007,PAH,KY,ASO,CE,Federal Contract Tower,0,16,13,0,29,0,2,34,6,42,0,18,47,6,71,26,2,28,99
12/11/2007,PAH,KY,ASO,CE,Federal Contract Tower,0,12,16,0,28,0,1,70,4,75,0,13,86,4,103,68,10,78,181
12/12/2007,PAH,KY,ASO,CE,Federal Contract Tower,0,10,14,0,24,0,4,55,0,59,0,14,69,0,83,60,0,60,143
12/13/2007,PAH,KY,ASO,CE,Federal Contract Tower,0,15,36,0,51,0,4,12,0,16,0,19,48,0,67,30,0,30,97
12/14/2007,PAH,KY,ASO,CE,Federal Contract Tower,2,17,20,0,39,0,1,10,0,11,2,18,30,0,50,0,0,0,50
12/15/2007,PAH,KY,ASO,CE,Federal Contract Tower,0,10,3,0,13,0,0,0,0,0,0,10,3,0,13,0,0,0,13
12/16/2007,PAH,KY,ASO,CE,Federal Contract Tower,0,7,5,0,12,0,2,45,0,47,0,9,50,0,59,6,0,6,65
12/17/2007,PAH,KY,ASO,CE,Federal Contract Tower,0,12,18,2,32,0,0,52,2,54,0,12,70,4,86,88,2,90,176
12/18/2007,PAH,KY,ASO,CE,Federal Contract Tower,0,15,8,2,25,0,2,55,8,65,0,17,63,10,90,78,12,90,180
12/19/2007,PAH,KY,ASO,CE,Federal Contract Tower,0,15,20,0,35,0,3,55,6,64,0,18,75,6,99,70,2,72,171
12/20/2007,PAH,KY,ASO,CE,Federal Contract Tower,0,16,12,0,28,0,0,13,0,13,0,16,25,0,41,40,0,40,81
12/21/2007,PAH,KY,ASO,CE,Federal Contract Tower,0,12,5,0,17,0,0,2,0,2,0,12,7,0,19,2,0,2,21
12/22/2007,PAH,KY,ASO,CE,Federal Contract Tower,0,10,15,0,25,0,0,22,0,22,0,10,37,0,47,18,0,18,65
12/23/2007,PAH,KY,ASO,CE,Federal Contract Tower,0,6,8,0,14,0,2,42,0,44,0,8,50,0,58,14,0,14,72
12/24/2007,PAH,KY,ASO,CE,Federal Contract Tower,0,11,8,0,19,0,3,69,0,72,0,14,77,0,91,72,0,72,163
12/25/2007,PAH,KY,ASO,CE,Federal Contract Tower,0,5,0,0,5,0,2,32,0,34,0,7,32,0,39,28,0,28,67
12/26/2007,PAH,KY,ASO,CE,Federal Contract Tower,0,22,20,0,42,0,1,62,2,65,0,23,82,2,107,54,0,54,161
12/27/2007,PAH,KY,ASO,CE,Federal Contract Tower,0,15,10,0,25,0,0,5,0,5,0,15,15,0,30,8,0,8,38
12/28/2007,PAH,KY,ASO,CE,Federal Contract Tower,0,13,10,0,23,0,1,2,0,3,0,14,12,0,26,14,0,14,40
12/29/2007,PAH,KY,ASO,CE,Federal Contract Tower,0,8,3,0,11,0,0,29,0,29,0,8,32,0,40,14,0,14,54
12/30/2007,PAH,KY,ASO,CE,Federal Contract Tower,0,6,7,0,13,0,0,51,0,51,0,6,58,0,64,42,0,42,106
12/31/2007,PAH,KY,ASO,CE,Federal Contract Tower,0,12,12,0,24,0,1,41,0,42,0,13,53,0,66,24,0,24,90
01/01/2008,PAH,KY,ASO,CE,Federal Contract Tower,0,6,5,0,11,0,0,21,0,21,0,6,26,0,32,48,0,48,80
01/02/2008,PAH,KY,ASO,CE,Federal Contract Tower,0,15,13,0,28,0,2,41,2,45,0,17,54,2,73,46,2,48,121
01/03/2008,PAH,KY,ASO,CE,Federal Contract Tower,0,15,6,0,21,0,0,32,0,32,0,15,38,0,53,50,0,50,103
01/04/2008,PAH,KY,ASO,CE,Federal Contract Tower,0,12,8,0,20,0,0,23,2,25,0,12,31,2,45,0,0,0,45
01/05/2008,PAH,KY,ASO,CE,Federal Contract Tower,0,7,6,0,13,0,0,0,0,0,0,7,6,0,13,0,0,0,13
01/06/2008,PAH,KY,ASO,CE,Federal Contract Tower,0,12,13,0,25,0,3,55,0,58,0,15,68,0,83,30,0,30,113
01/07/2008,PAH,KY,ASO,CE,Federal Contract Tower,0,13,9,2,24,0,5,76,4,85,0,18,85,6,109,36,6,42,151
01/08/2008,PAH,KY,ASO,CE,Federal Contract Tower,0,11,7,0,18,0,2,84,4,90,0,13,91,4,108,40,4,44,152
01/09/2008,PAH,KY,ASO,CE,Federal Contract Tower,0,14,13,2,29,0,1,37,2,40,0,15,50,4,69,74,2,76,145
01/10/2008,PAH,KY,ASO,CE,Federal Contract Tower,0,14,8,0,22,0,1,7,0,8,0,15,15,0,30,6,0,6,36
01/11/2008,PAH,KY,ASO,CE,Federal Contract Tower,0,15,17,0,32,0,1,23,0,24,0,16,40,0,56,0,0,0,56
01/12/2008,PAH,KY,ASO,CE,Federal Contract Tower,0,7,5,1,13,0,0,62,3,65,0,7,67,4,78,32,0,32,110
01/13/2008,PAH,KY,ASO,CE,Federal Contract Tower,0,8,16,0,24,0,2,14,0,16,0,10,30,0,40,42,0,42,82
01/14/2008,PAH,KY,ASO,CE,Federal Contract Tower,0,13,8,0,21,0,6,69,6,81,0,19,77,6,102,46,4,50,152
01/15/2008,PAH,KY,ASO,CE,Federal Contract Tower,0,12,15,0,27,0,0,39,6,45,0,12,54,6,72,32,6,38,110
01/16/2008,PAH,KY,ASO,CE,Federal Contract Tower,0,12,18,0,30,0,2,19,4,25,0,14,37,4,55,34,2,36,91
01/17/2008,PAH,KY,ASO,CE,Federal Contract Tower,0,15,3,0,18,0,1,0,0,1,0,16,3,0,19,0,0,0,19
01/18/2008,PAH,KY,ASO,CE,Federal Contract Tower,0,14,13,0,27,0,3,36,4,43,0,17,49,4,70,10,0,10,80
01/19/2008,PAH,KY,ASO,CE,Federal Contract Tower,0,6,8,0,14,0,0,55,2,57,0,6,63,2,71,28,0,28,99
01/20/2008,PAH,KY,ASO,CE,Federal Contract Tower,0,7,9,0,16,0,3,36,0,39,0,10,45,0,55,54,0,54,109
01/21/2008,PAH,KY,ASO,CE,Federal Contract Tower,0,7,10,0,17,0,4,64,8,76,0,11,74,8,93,62,8,70,163
01/22/2008,PAH,KY,ASO,CE,Federal Contract Tower,0,11,10,0,21,0,3,69,2,74,0,14,79,2,95,42,0,42,137
01/23/2008,PAH,KY,ASO,CE,Federal Contract Tower,0,12,11,0,23,0,1,22,6,29,0,13,33,6,52,62,2,64,116
01/24/2008,PAH,KY,ASO,CE,Federal Contract Tower,0,17,13,0,30,0,1,18,0,19,0,18,31,0,49,20,0,20,69
01/25/2008,PAH,KY,ASO,CE,Federal Contract Tower,0,16,12,0,28,0,1,13,0,14,0,17,25,0,42,0,0,0,42
01/26/2008,PAH,KY,ASO,CE,Federal Contract Tower,0,9,8,0,17,0,0,25,0,25,0,9,33,0,42,18,0,18,60
01/27/2008,PAH,KY,ASO,CE,Federal Contract Tower,0,5,14,0,19,0,0,24,0,24,0,5,38,0,43,60,0,60,103
01/28/2008,PAH,KY,ASO,CE,Federal Contract Tower,0,10,9,0,19,0,0,57,4,61,0,10,66,4,80,78,2,80,160
01/29/2008,PAH,KY,ASO,CE,Federal Contract Tower,0,13,7,0,20,0,0,19,0,19,0,13,26,0,39,38,0,38,77
01/30/2008,PAH,KY,ASO,CE,Federal Contract Tower,0,15,13,1,29,0,0,53,4,57,0,15,66,5,86,104,0,104,190
01/31/2008,PAH,KY,ASO,CE,Federal Contract Tower,0,12,1,0,13,0,0,0,0,0,0,12,1,0,13,0,0,0,13
02/01/2008,PAH,KY,ASO,CE,Federal Contract Tower,0,15,16,0,31,0,1,7,1,9,0,16,23,1,40,2,0,2,42
02/02/2008,PAH,KY,ASO,CE,Federal Contract Tower,0,6,11,0,17,0,0,67,10,77,0,6,78,10,94,84,0,84,178
02/03/2008,PAH,KY,ASO,CE,Federal Contract Tower,0,8,5,0,13,0,2,60,0,62,0,10,65,0,75,92,0,92,167
02/04/2008,PAH,KY,ASO,CE,Federal Contract Tower,0,13,19,0,32,0,4,55,2,61,0,17,74,2,93,70,0,70,163
02/05/2008,PAH,KY,ASO,CE,Federal Contract Tower,0,11,13,0,24,0,2,21,2,25,0,13,34,2,49,46,0,46,95
02/06/2008,PAH,KY,ASO,CE,Federal Contract Tower,0,11,15,0,26,0,1,25,0,26,0,12,40,0,52,22,0,22,74
02/07/2008,PAH,KY,ASO,CE,Federal Contract Tower,0,12,7,1,20,0,1,9,1,11,0,13,16,2,31,0,0,0,31
02/08/2008,PAH,KY,ASO,CE,Federal Contract Tower,0,12,17,2,31,0,3,43,0,46,0,15,60,2,77,40,2,42,119
02/09/2008,PAH,KY,ASO,CE,Federal Contract Tower,0,10,8,0,18,0,0,51,0,51,0,10,59,0,69,56,0,56,125
02/10/2008,PAH,KY,ASO,CE,Federal Contract Tower,0,8,4,0,12,0,0,52,0,52,0,8,56,0,64,88,0,88,152
02/11/2008,PAH,KY,ASO,CE,Federal Contract Tower,0,4,4,0,8,0,0,22,4,26,0,4,26,4,34,14,8,22,56
02/12/2008,PAH,KY,ASO,CE,Federal Contract Tower,0,4,3,0,7,0,0,0,0,0,0,4,3,0,7,0,0,0,7
02/13/2008,PAH,KY,ASO,CE,Federal Contract Tower,0,11,15,1,27,0,0,3,7,10,0,11,18,8,37,8,0,8,45
02/14/2008,PAH,KY,ASO,CE,Federal Contract Tower,0,13,6,0,19,0,2,24,0,26,0,15,30,0,45,24,0,24,69
02/15/2008,PAH,KY,ASO,CE,Federal Contract Tower,0,15,16,0,31,0,3,32,2,37,0,18,48,2,68,20,2,22,90
02/16/2008,PAH,KY,ASO,CE,Federal Contract Tower,0,10,9,0,19,0,1,61,0,62,0,11,70,0,81,72,0,72,153
02/17/2008,PAH,KY,ASO,CE,Federal Contract Tower,0,6,3,0,9,0,2,58,0,60,0,8,61,0,69,62,0,62,131
02/18/2008,PAH,KY,ASO,CE,Federal Contract Tower,0,10,9,0,19,0,4,84,2,90,0,14,93,2,109,38,2,40,149
02/19/2008,PAH,KY,ASO,CE,Federal Contract Tower,0,12,20,3,35,0,3,28,3,34,0,15,48,6,69,34,6,40,109
02/20/2008,PAH,KY,ASO,CE,Federal Contract Tower,0,11,10,2,23,0,2,28,0,30,0,13,38,2,53,34,0,34,87
02/21/2008,PAH,KY,ASO,CE,Federal Contract Tower,0,4,0,0,4,0,0,0,0,0,0,4,0,0,4,0,0,0,4
02/22/2008,PAH,KY,ASO,CE,Federal Contract Tower,0,13,7,0,20,0,0,0,0,0,0,13,7,0,20,0,0,0,20
02/23/2008,PAH,KY,ASO,CE,Federal Contract Tower,0,6,4,0,10,0,0,54,0,54,0,6,58,0,64,136,0,136,200
02/24/2008,PAH,KY,ASO,CE,Federal Contract Tower,0,10,6,0,16,0,3,58,0,61,0,13,64,0,77,116,0,116,193
02/25/2008,PAH,KY,ASO,CE,Federal Contract Tower,0,12,12,0,24,0,1,33,6,40,0,13,45,6,64,76,6,82,146
02/26/2008,PAH,KY,ASO,CE,Federal Contract Tower,0,15,6,0,21,0,0,19,0,19,0,15,25,0,40,60,0,60,100
02/27/2008,PAH,KY,ASO,CE,Federal Contract Tower,0,12,18,0,30,0,1,10,0,11,0,13,28,0,41,30,0,30,71
02/28/2008,PAH,KY,ASO,CE,Federal Contract Tower,0,15,7,0,22,0,1,33,2,36,0,16,40,2,58,42,0,42,100
02/29/2008,PAH,KY,ASO,CE,Federal Contract Tower,0,16,5,0,21,0,2,44,2,48,0,18,49,2,69,20,0,20,89
03/01/2008,PAH,KY,ASO,CE,Federal Contract Tower,0,6,10,2,18,0,0,63,2,65,0,6,73,4,83,86,0,86,169
03/02/2008,PAH,KY,ASO,CE,Federal Contract Tower,0,6,8,0,14,0,2,60,0,62,0,8,68,0,76,74,0,74,150
03/03/2008,PAH,KY,ASO,CE,Federal Contract Tower,0,12,11,0,23,0,0,2,0,2,0,12,13,0,25,2,0,2,27
03/04/2008,PAH,KY,ASO,CE,Federal Contract Tower,0,10,8,0,18,0,0,4,0,4,0,10,12,0,22,0,0,0,22
03/05/2008,PAH,KY,ASO,CE,Federal Contract Tower,0,12,16,0,28,0,0,30,4,34,0,12,46,4,62,16,0,16,78
03/06/2008,PAH,KY,ASO,CE,Federal Contract Tower,0,13,5,0,18,0,0,24,2,26,0,13,29,2,44,12,4,16,60
03/07/2008,PAH,KY,ASO,CE,Federal Contract Tower,0,5,7,0,12,0,0,18,0,18,0,5,25,0,30,42,0,42,72
03/08/2008,PAH,KY,ASO,CE,Federal Contract Tower,2,8,12,0,22,0,0,51,2,53,2,8,63,2,75,86,2,88,163
03/09/2008,PAH,KY,ASO,CE,Federal Contract Tower,0,7,18,0,25,0,2,37,0,39,0,9,55,0,64,76,2,78,142
03/10/2008,PAH,KY,ASO,CE,Federal Contract Tower,0,13,9,0,22,0,2,8,0,10,0,15,17,0,32,16,0,16,48
03/11/2008,PAH,KY,ASO,CE,Federal Contract Tower,0,10,16,1,27,0,4,35,1,40,0,14,51,2,67,10,0,10,77
03/12/2008,PAH,KY,ASO,CE,Federal Contract Tower,0,13,16,0,29,0,5,48,6,59,0,18,64,6,88,54,0,54,142
03/13/2008,PAH,KY,ASO,CE,Federal Contract Tower,0,12,9,0,21,0,2,54,6,62,0,14,63,6,83,32,4,36,119
03/14/2008,PAH,KY,ASO,CE,Federal Contract Tower,0,15,13,0,28,0,2,55,6,63,0,17,68,6,91,48,0,48,139
03/15/2008,PAH,KY,ASO,CE,Federal Contract Tower,0,7,8,0,15,0,2,8,0,10,0,9,16,0,25,28,0,28,53
03/16/2008,PAH,KY,ASO,CE,Federal Contract Tower,0,6,10,0,16,0,2,71,0,73,0,8,81,0,89,68,0,68,157
03/17/2008,PAH,KY,ASO,CE,Federal Contract Tower,0,14,4,0,18,0,0,17,0,17,0,14,21,0,35,44,0,44,79
03/18/2008,PAH,KY,ASO,CE,Federal Contract Tower,0,14,9,0,23,0,0,6,0,6,0,14,15,0,29,8,0,8,37
03/19/2008,PAH,KY,ASO,CE,Federal Contract Tower,0,14,15,0,29,0,0,1,0,1,0,14,16,0,30,0,0,0,30
03/20/2008,PAH,KY,ASO,CE,Federal Contract Tower,0,18,25,0,43,0,4,51,2,57,0,22,76,2,100,56,0,56,156
03/21/2008,PAH,KY,ASO,CE,Federal Contract Tower,2,12,11,0,25,0,1,30,0,31,2,13,41,0,56,84,0,84,140
03/22/2008,PAH,KY,ASO,CE,Federal Contract Tower,0,8,6,2,16,0,3,68,2,73,0,11,74,4,89,114,0,114,203
03/23/2008,PAH,KY,ASO,CE,Federal Contract Tower,0,9,5,0,14,0,2,36,0,38,0,11,41,0,52,52,0,52,104
03/24/2008,PAH,KY,ASO,CE,Federal Contract Tower,4,10,5,0,19,0,0,25,0,25,4,10,30,0,44,32,4,36,80
03/25/2008,PAH,KY,ASO,CE,Federal Contract Tower,0,10,12,0,22,0,4,26,0,30,0,14,38,0,52,0,0,0,52
03/26/2008,PAH,KY,ASO,CE,Federal Contract Tower,0,10,11,0,21,0,0,22,4,26,0,10,33,4,47,12,0,12,59
03/27/2008,PAH,KY,ASO,CE,Federal Contract Tower,0,9,11,2,22,0,2,39,3,44,0,11,50,5,66,24,0,24,90
03/28/2008,PAH,KY,ASO,CE,Federal Contract Tower,0,11,11,0,22,0,3,54,2,59,0,14,65,2,81,54,0,54,135
03/29/2008,PAH,KY,ASO,CE,Federal Contract Tower,0,6,5,0,11,0,4,64,4,72,0,10,69,4,83,62,8,70,153
03/30/2008,PAH,KY,ASO,CE,Federal Contract Tower,0,6,7,0,13,0,2,14,2,18,0,8,21,2,31,72,0,72,103
03/31/2008,PAH,KY,ASO,CE,Federal Contract Tower,0,8,7,4,19,0,2,9,0,11,0,10,16,4,30,66,6,72,102
04/01/2008,PAH,KY,ASO,CE,Federal Contract Tower,0,12,8,2,22,0,0,19,2,21,0,12,27,4,43,34,2,36,79
04/02/2008,PAH,KY,ASO,CE,Federal Contract Tower,0,8,11,0,19,0,2,59,6,67,0,10,70,6,86,26,6,32,118
04/03/2008,PAH,KY,ASO,CE,Federal Contract Tower,0,10,6,0,16,0,0,9,0,9,0,10,15,0,25,0,0,0,25
04/04/2008,PAH,KY,ASO,CE,Federal Contract Tower,0,12,11,0,23,0,2,51,4,57,0,14,62,4,80,66,4,70,150
04/05/2008,PAH,KY,ASO,CE,Federal Contract Tower,0,6,21,0,27,0,2,79,0,81,0,8,100,0,108,104,0,104,212
04/06/2008,PAH,KY,ASO,CE,Federal Contract Tower,0,6,14,1,21,0,0,87,3,90,0,6,101,4,111,120,0,120,231
04/07/2008,PAH,KY,ASO,CE,Federal Contract Tower,0,13,9,1,23,0,0,31,0,31,0,13,40,1,54,14,0,14,68
04/08/2008,PAH,KY,ASO,CE,Federal Contract Tower,0,12,5,0,17,0,0,9,0,9,0,12,14,0,26,0,0,0,26
04/09/2008,PAH,KY,ASO,CE,Federal Contract Tower,0,8,9,0,17,0,4,39,0,43,0,12,48,0,60,10,0,10,70
04/10/2008,PAH,KY,ASO,CE,Federal Contract Tower,0,7,6,0,13,0,3,42,4,49,0,10,48,4,62,36,0,36,98
04/11/2008,PAH,KY,ASO,CE,Federal Contract Tower,0,7,10,0,17,0,3,88,12,103,0,10,98,12,120,50,4,54,174
04/12/2008,PAH,KY,ASO,CE,Federal Contract Tower,0,6,12,0,18,0,2,75,4,81,0,8,87,4,99,48,0,48,147
04/13/2008,PAH,KY,ASO,CE,Federal Contract Tower,0,11,9,0,20,0,0,16,0,16,0,11,25,0,36,46,0,46,82
04/14/2008,PAH,KY,ASO,CE,Federal Contract Tower,0,8,19,0,27,0,0,20,0,20,0,8,39,0,47,0,0,0,47
04/15/2008,PAH,KY,ASO,CE,Federal Contract Tower,0,9,18,0,27,0,0,30,0,30,0,9,48,0,57,18,0,18,75
04/16/2008,PAH,KY,ASO,CE,Federal Contract Tower,0,8,25,0,33,0,4,50,8,62,0,12,75,8,95,30,0,30,125
04/17/2008,PAH,KY,ASO,CE,Federal Contract Tower,0,12,11,0,23,0,2,35,2,39,0,14,46,2,62,44,2,46,108
04/18/2008,PAH,KY,ASO,CE,Federal Contract Tower,0,6,7,0,13,0,4,43,10,57,0,10,50,10,70,40,10,50,120
04/19/2008,PAH,KY,ASO,CE,Federal Contract Tower,0,7,8,0,15,0,4,47,2,53,0,11,55,2,68,46,0,46,114
04/20/2008,PAH,KY,ASO,CE,Federal Contract Tower,0,8,8,0,16,0,0,34,2,36,0,8,42,2,52,50,0,50,102
04/21/2008,PAH,KY,ASO,CE,Federal Contract Tower,0,10,6,0,16,0,0,29,0,29,0,10,35,0,45,4,0,4,49
04/22/2008,PAH,KY,ASO,CE,Federal Contract Tower,0,15,6,0,21,0,1,17,14,32,0,16,23,14,53,4,0,4,57
04/23/2008,PAH,KY,ASO,CE,Federal Contract Tower,0,10,10,0,20,0,2,51,6,59,0,12,61,6,79,24,0,24,103
04/24/2008,PAH,KY,ASO,CE,Federal Contract Tower,0,11,14,1,26,0,6,50,7,63,0,17,64,8,89,28,2,30,119
04/25/2008,PAH,KY,ASO,CE,Federal Contract Tower,0,13,13,0,26,0,2,60,6,68,0,15,73,6,94,54,2,56,150
04/26/2008,PAH,KY,ASO,CE,Federal Contract Tower,0,8,7,0,15,0,2,65,6,73,0,10,72,6,88,64,0,64,152
04/27/2008,PAH,KY,ASO,CE,Federal Contract Tower,0,10,1,0,11,0,0,16,0,16,0,10,17,0,27,24,0,24,51
04/28/2008,PAH,KY,ASO,CE,Federal Contract Tower,0,9,10,0,19,0,0,18,2,20,0,9,28,2,39,20,0,20,59
04/29/2008,PAH,KY,ASO,CE,Federal Contract Tower,0,12,8,4,24,0,4,44,8,56,0,16,52,12,80,46,0,46,126
04/30/2008,PAH,KY,ASO,CE,Federal Contract Tower,0,16,16,2,34,0,0,26,0,26,0,16,42,2,60,42,0,42,102
05/01/2008,PAH,KY,ASO,CE,Federal Contract Tower,0,19,24,8,51,0,4,36,7,47,0,23,60,15,98,34,4,38,136
05/02/2008,PAH,KY,ASO,CE,Federal Contract Tower,0,8,11,2,21,0,2,43,4,49,0,10,54,6,70,30,4,34,104
05/03/2008,PAH,KY,ASO,CE,Federal Contract Tower,0,6,3,0,9,0,2,35,0,37,0,8,38,0,46,54,0,54,100
05/04/2008,PAH,KY,ASO,CE,Federal Contract Tower,0,6,10,2,18,0,0,30,0,30,0,6,40,2,48,26,0,26,74
05/05/2008,PAH,KY,ASO,CE,Federal Contract Tower,0,13,8,0,21,0,2,34,2,38,0,15,42,2,59,24,0,24,83
05/06/2008,PAH,KY,ASO,CE,Federal Contract Tower,0,10,11,1,22,0,3,38,1,42,0,13,49,2,64,42,2,44,108
05/07/2008,PAH,KY,ASO,CE,Federal Contract Tower,0,13,11,0,24,0,0,60,4,64,0,13,71,4,88,22,4,26,114
05/08/2008,PAH,KY,ASO,CE,Federal Contract Tower,0,9,13,0,22,0,8,77,10,95,0,17,90,10,117,46,6,52,169
05/09/2008,PAH,KY,ASO,CE,Federal Contract Tower,0,8,28,0,36,0,3,48,4,55,0,11,76,4,91,68,0,68,159
05/10/2008,PAH,KY,ASO,CE,Federal Contract Tower,0,8,14,0,22,0,0,17,0,17,0,8,31,0,39,62,0,62,101
05/11/2008,PAH,KY,ASO,CE,Federal Contract Tower,0,7,10,0,17,0,0,14,0,14,0,7,24,0,31,0,0,0,31
05/12/2008,PAH,KY,ASO,CE,Federal Contract Tower,0,11,9,2,22,0,0,37,0,37,0,11,46,2,59,18,0,18,77
05/13/2008,PAH,KY,ASO,CE,Federal Contract Tower,0,15,10,2,27,0,0,44,4,48,0,15,54,6,75,28,0,28,103
05/14/2008,PAH,KY,ASO,CE,Federal Contract Tower,0,11,19,0,30,0,0,26,0,26,0,11,45,0,56,44,0,44,100
05/15/2008,PAH,KY,ASO,CE,Federal Contract Tower,0,16,17,0,33,0,0,24,2,26,0,16,41,2,59,42,0,42,101
05/16/2008,PAH,KY,ASO,CE,Federal Contract Tower,0,10,11,0,21,0,2,46,8,56,0,12,57,8,77,54,2,56,133
05/17/2008,PAH,KY,ASO,CE,Federal Contract Tower,0,6,13,0,19,0,0,39,2,41,0,6,52,2,60,54,0,54,114
05/18/2008,PAH,KY,ASO,CE,Federal Contract Tower,2,7,11,0,20,0,0,23,0,23,2,7,34,0,43,12,0,12,55
05/19/2008,PAH,KY,ASO,CE,Federal Contract Tower,0,15,10,0,25,0,0,9,0,9,0,15,19,0,34,0,0,0,34
05/20/2008,PAH,KY,ASO,CE,Federal Contract Tower,0,11,10,0,21,0,2,50,4,56,0,13,60,4,77,54,0,54,131
05/21/2008,PAH,KY,ASO,CE,Federal Contract Tower,0,16,21,0,37,0,2,53,4,59,0,18,74,4,96,40,0,40,136
05/22/2008,PAH,KY,ASO,CE,Federal Contract Tower,0,13,16,0,29,0,2,76,8,86,0,15,92,8,115,56,0,56,171
05/23/2008,PAH,KY,ASO,CE,Federal Contract Tower,0,12,23,0,35,0,5,59,10,74,0,17,82,10,109,70,12,82,191
05/24/2008,PAH,KY,ASO,CE,Federal Contract Tower,0,7,4,0,11,0,0,26,0,26,0,7,30,0,37,48,0,48,85
05/25/2008,PAH,KY,ASO,CE,Federal Contract Tower,0,5,11,0,16,0,0,26,0,26,0,5,37,0,42,14,0,14,56
05/26/2008,PAH,KY,ASO,CE,Federal Contract Tower,0,6,8,0,14,0,2,37,6,45,0,8,45,6,59,14,0,14,73
05/27/2008,PAH,KY,ASO,CE,Federal Contract Tower,0,12,21,0,33,0,2,29,2,33,0,14,50,2,66,34,0,34,100
05/28/2008,PAH,KY,ASO,CE,Federal Contract Tower,0,4,6,0,10,0,6,50,4,60,0,10,56,4,70,86,6,92,162
05/29/2008,PAH,KY,ASO,CE,Federal Contract Tower,0,12,17,0,29,0,2,51,8,61,0,14,68,8,90,80,2,82,172
05/30/2008,PAH,KY,ASO,CE,Federal Contract Tower,0,15,11,0,26,0,0,24,0,24,0,15,35,0,50,82,0,82,132
05/31/2008,PAH,KY,ASO,CE,Federal Contract Tower,0,8,10,0,18,0,2,45,2,49,0,10,55,2,67,24,0,24,91
06/01/2008,PAH,KY,ASO,CE,Federal Contract Tower,0,8,12,0,20,0,0,34,6,40,0,8,46,6,60,36,0,36,96
06/02/2008,PAH,KY,ASO,CE,Federal Contract Tower,0,10,11,0,21,0,2,26,5,33,0,12,37,5,54,48,0,48,102
06/03/2008,PAH,KY,ASO,CE,Federal Contract Tower,0,17,6,2,25,0,2,23,0,25,0,19,29,2,50,56,2,58,108
06/04/2008,PAH,KY,ASO,CE,Federal Contract Tower,0,10,11,0,21,0,0,28,2,30,0,10,39,2,51,64,0,64,115
06/05/2008,PAH,KY,ASO,CE,Federal Contract Tower,0,14,8,0,22,0,0,28,0,28,0,14,36,0,50,68,0,68,118
06/06/2008,PAH,KY,ASO,CE,Federal Contract Tower,0,11,19,0,30,0,0,17,0,17,0,11,36,0,47,50,0,50,97
06/07/2008,PAH,KY,ASO,CE,Federal Contract Tower,0,6,5,0,11,0,0,38,0,38,0,6,43,0,49,30,0,30,79
06/08/2008,PAH,KY,ASO,CE,Federal Contract Tower,0,9,7,0,16,0,0,24,0,24,0,9,31,0,40,24,0,24,64
06/09/2008,PAH,KY,ASO,CE,Federal Contract Tower,0,12,6,0,18,0,2,45,6,53,0,14,51,6,71,30,2,32,103
06/10/2008,PAH,KY,ASO,CE,Federal Contract Tower,0,10,23,1,34,0,1,32,3,36,0,11,55,4,70,50,0,50,120
06/11/2008,PAH,KY,ASO,CE,Federal Contract Tower,0,12,15,4,31,0,4,28,2,34,0,16,43,6,65,32,8,40,105
06/12/2008,PAH,KY,ASO,CE,Federal Contract Tower,0,12,10,0,22,0,5,49,2,56,0,17,59,2,78,76,2,78,156
06/13/2008,PAH,KY,ASO,CE,Federal Contract Tower,0,8,13,0,21,0,0,20,7,27,0,8,33,7,48,54,0,54,102
06/14/2008,PAH,KY,ASO,CE,Federal Contract Tower,0,5,7,0,12,0,0,25,0,25,0,5,32,0,37,48,0,48,85
06/15/2008,PAH,KY,ASO,CE,Federal Contract Tower,0,6,9,2,17,0,0,47,0,47,0,6,56,2,64,14,0,14,78
06/16/2008,PAH,KY,ASO,CE,Federal Contract Tower,0,10,14,2,26,0,2,56,4,62,0,12,70,6,88,40,2,42,130
06/17/2008,PAH,KY,ASO,CE,Federal Contract Tower,0,10,10,1,21,0,4,61,3,68,0,14,71,4,89,42,0,42,131
06/18/2008,PAH,KY,ASO,CE,Federal Contract Tower,0,9,11,0,20,0,4,73,8,85,0,13,84,8,105,50,4,54,159
06/19/2008,PAH,KY,ASO,CE,Federal Contract Tower,0,14,16,2,32,0,4,64,4,72,0,18,80,6,104,68,0,68,172
06/20/2008,PAH,KY,ASO,CE,Federal Contract Tower,0,10,11,1,22,0,1,14,0,15,0,11,25,1,37,24,0,24,61
06/21/2008,PAH,KY,ASO,CE,Federal Contract Tower,0,6,5,0,11,0,2,11,0,13,0,8,16,0,24,6,0,6,30
06/22/2008,PAH,KY,ASO,CE,Federal Contract Tower,0,8,10,1,19,0,0,31,0,31,0,8,41,1,50,14,0,14,64
06/23/2008,PAH,KY,ASO,CE,Federal Contract Tower,0,21,10,0,31,0,0,17,0,17,0,21,27,0,48,6,0,6,54
06/24/2008,PAH,KY,ASO,CE,Federal Contract Tower,0,16,8,0,24,0,2,38,0,40,0,18,46,0,64,76,0,76,140
06/25/2008,PAH,KY,ASO,CE,Federal Contract Tower,0,14,10,0,24,0,0,28,0,28,0,14,38,0,52,688,0,688,740
06/26/2008,PAH,KY,ASO,CE,Federal Contract Tower,0,15,13,0,28,0,0,19,2,21,0,15,32,2,49,54,2,56,105
06/27/2008,PAH,KY,ASO,CE,Federal Contract Tower,0,10,14,0,24,0,0,17,0,17,0,10,31,0,41,30,0,30,71
06/28/2008,PAH,KY,ASO,CE,Federal Contract Tower,0,7,6,0,13,0,0,13,1,14,0,7,19,1,27,0,0,0,27
06/29/2008,PAH,KY,ASO,CE,Federal Contract Tower,0,9,7,0,16,0,0,23,1,24,0,9,30,1,40,0,0,0,40
06/30/2008,PAH,KY,ASO,CE,Federal Contract Tower,0,13,16,0,29,0,4,58,4,66,0,17,74,4,95,78,4,82,177
07/01/2008,PAH,KY,ASO,CE,Federal Contract Tower,0,11,16,0,27,0,11,73,6,90,0,22,89,6,117,62,0,62,179
07/02/2008,PAH,KY,ASO,CE,Federal Contract Tower,0,8,13,0,21,0,14,75,2,91,0,22,88,2,112,72,4,76,188
07/03/2008,PAH,KY,ASO,CE,Federal Contract Tower,0,11,7,1,19,0,3,38,2,43,0,14,45,3,62,42,0,42,104
07/04/2008,PAH,KY,ASO,CE,Federal Contract Tower,0,4,2,0,6,0,3,4,0,7,0,7,6,0,13,0,0,0,13
07/05/2008,PAH,KY,ASO,CE,Federal Contract Tower,0,7,2,0,9,0,2,17,0,19,0,9,19,0,28,34,0,34,62
07/06/2008,PAH,KY,ASO,CE,Federal Contract Tower,0,6,8,0,14,0,6,56,0,62,0,12,64,0,76,44,0,44,120
07/07/2008,PAH,KY,ASO,CE,Federal Contract Tower,0,12,12,2,26,0,12,61,2,75,0,24,73,4,101,46,0,46,147
07/08/2008,PAH,KY,ASO,CE,Federal Contract Tower,0,13,15,2,30,0,15,43,4,62,0,28,58,6,92,64,2,66,158
07/09/2008,PAH,KY,ASO,CE,Federal Contract Tower,0,14,9,0,23,0,16,38,8,62,0,30,47,8,85,30,0,30,115
07/10/2008,PAH,KY,ASO,CE,Federal Contract Tower,0,12,7,0,19,0,12,27,2,41,0,24,34,2,60,46,0,46,106
07/11/2008,PAH,KY,ASO,CE,Federal Contract Tower,0,11,15,0,26,0,0,9,0,9,0,11,24,0,35,4,0,4,39
07/12/2008,PAH,KY,ASO,CE,Federal Contract Tower,0,7,11,0,18,0,0,26,0,26,0,7,37,0,44,0,0,0,44
07/13/2008,PAH,KY,ASO,CE,Federal Contract Tower,0,6,3,0,9,0,3,41,0,44,0,9,44,0,53,18,0,18,71
07/14/2008,PAH,KY,ASO,CE,Federal Contract Tower,0,13,13,0,26,0,13,67,4,84,0,26,80,4,110,50,0,50,160
07/15/2008,PAH,KY,ASO,CE,Federal Contract Tower,0,10,12,0,22,0,6,69,6,81,0,16,81,6,103,50,0,50,153
07/16/2008,PAH,KY,ASO,CE,Federal Contract Tower,0,10,9,2,21,0,4,75,10,89,0,14,84,12,110,62,2,64,174
07/17/2008,PAH,KY,ASO,CE,Federal Contract Tower,0,12,17,0,29,0,0,51,0,51,0,12,68,0,80,24,0,24,104
07/18/2008,PAH,KY,ASO,CE,Federal Contract Tower,0,12,9,0,21,0,0,25,0,25,0,12,34,0,46,4,0,4,50
07/19/2008,PAH,KY,ASO,CE,Federal Contract Tower,0,6,4,0,10,0,0,34,0,34,0,6,38,0,44,2,0,2,46
07/20/2008,PAH,KY,ASO,CE,Federal Contract Tower,0,8,11,1,20,0,7,30,0,37,0,15,41,1,57,46,0,46,103
07/21/2008,PAH,KY,ASO,CE,Federal Contract Tower,0,14,12,0,26,0,0,38,0,38,0,14,50,0,64,56,0,56,120
07/22/2008,PAH,KY,ASO,CE,Federal Contract Tower,0,11,6,2,19,0,0,33,6,39,0,11,39,8,58,46,0,46,104
07/23/2008,PAH,KY,ASO,CE,Federal Contract Tower,0,11,18,1,30,0,3,35,2,40,0,14,53,3,70,40,0,40,110
07/24/2008,PAH,KY,ASO,CE,Federal Contract Tower,0,12,9,3,24,0,0,46,3,49,0,12,55,6,73,18,0,18,91
07/25/2008,PAH,KY,ASO,CE,Federal Contract Tower,0,13,6,0,19,0,0,7,0,7,0,13,13,0,26,0,0,0,26
07/26/2008,PAH,KY,ASO,CE,Federal Contract Tower,0,6,5,0,11,0,0,36,0,36,0,6,41,0,47,18,0,18,65
07/27/2008,PAH,KY,ASO,CE,Federal Contract Tower,0,8,7,0,15,0,4,54,0,58,0,12,61,0,73,34,0,34,107
07/28/2008,PAH,KY,ASO,CE,Federal Contract Tower,0,12,2,5,19,0,4,71,5,80,0,16,73,10,99,46,2,48,147
07/29/2008,PAH,KY,ASO,CE,Federal Contract Tower,0,12,13,2,27,0,4,66,10,80,0,16,79,12,107,46,8,54,161
07/30/2008,PAH,KY,ASO,CE,Federal Contract Tower,0,14,3,1,18,0,2,49,3,54,0,16,52,4,72,40,0,40,112
07/31/2008,PAH,KY,ASO,CE,Federal Contract Tower,0,12,15,0,27,0,0,19,2,21,0,12,34,2,48,0,0,0,48
08/01/2008,PAH,KY,ASO,CE,Federal Contract Tower,0,10,8,2,20,0,0,11,2,13,0,10,19,4,33,4,0,4,37
08/02/2008,PAH,KY,ASO,CE,Federal Contract Tower,0,7,9,0,16,0,0,49,0,49,0,7,58,0,65,36,0,36,101
08/03/2008,PAH,KY,ASO,CE,Federal Contract Tower,0,8,10,2,20,0,0,37,0,37,0,8,47,2,57,42,0,42,99
08/04/2008,PAH,KY,ASO,CE,Federal Contract Tower,0,11,6,0,17,0,2,47,6,55,0,13,53,6,72,64,4,68,140
08/05/2008,PAH,KY,ASO,CE,Federal Contract Tower,0,10,9,2,21,0,4,34,4,42,0,14,43,6,63,38,12,50,113
08/06/2008,PAH,KY,ASO,CE,Federal Contract Tower,0,12,11,0,23,0,0,19,0,19,0,12,30,0,42,62,0,62,104
08/07/2008,PAH,KY,ASO,CE,Federal Contract Tower,0,19,17,0,36,0,0,31,2,33,0,19,48,2,69,62,0,62,131
08/08/2008,PAH,KY,ASO,CE,Federal Contract Tower,0,10,5,2,17,0,2,29,2,33,0,12,34,4,50,36,0,36,86
08/09/2008,PAH,KY,ASO,CE,Federal Contract Tower,0,6,11,0,17,0,0,74,4,78,0,6,85,4,95,44,0,44,139
08/10/2008,PAH,KY,ASO,CE,Federal Contract Tower,0,6,2,0,8,0,0,71,2,73,0,6,73,2,81,38,0,38,119
08/11/2008,PAH,KY,ASO,CE,Federal Contract Tower,0,10,9,0,19,0,4,66,12,82,0,14,75,12,101,48,4,52,153
08/12/2008,PAH,KY,ASO,CE,Federal Contract Tower,0,12,8,0,20,0,2,76,6,84,0,14,84,6,104,48,0,48,152
08/13/2008,PAH,KY,ASO,CE,Federal Contract Tower,0,14,13,0,27,0,0,34,0,34,0,14,47,0,61,42,0,42,103
08/14/2008,PAH,KY,ASO,CE,Federal Contract Tower,0,14,20,0,34,0,0,44,4,48,0,14,64,4,82,48,0,48,130
08/15/2008,PAH,KY,ASO,CE,Federal Contract Tower,0,14,15,0,29,0,0,7,2,9,0,14,22,2,38,4,0,4,42
08/16/2008,PAH,KY,ASO,CE,Federal Contract Tower,0,6,13,0,19,0,0,50,0,50,0,6,63,0,69,42,0,42,111
08/17/2008,PAH,KY,ASO,CE,Federal Contract Tower,0,9,12,4,25,0,0,43,2,45,0,9,55,6,70,66,0,66,136
08/18/2008,PAH,KY,ASO,CE,Federal Contract Tower,0,11,19,0,30,0,0,45,4,49,0,11,64,4,79,52,0,52,131
08/19/2008,PAH,KY,ASO,CE,Federal Contract Tower,0,10,13,0,23,0,0,36,0,36,0,10,49,0,59,80,0,80,139
08/20/2008,PAH,KY,ASO,CE,Federal Contract Tower,0,10,13,0,23,0,0,25,0,25,0,10,38,0,48,40,0,40,88
08/21/2008,PAH,KY,ASO,CE,Federal Contract Tower,0,15,13,0,28,0,0,15,0,15,0,15,28,0,43,24,0,24,67
08/22/2008,PAH,KY,ASO,CE,Federal Contract Tower,0,14,9,2,25,0,0,31,7,38,0,14,40,9,63,32,0,32,95
08/23/2008,PAH,KY,ASO,CE,Federal Contract Tower,0,6,6,2,14,0,4,59,6,69,0,10,65,8,83,44,0,44,127
08/24/2008,PAH,KY,ASO,CE,Federal Contract Tower,0,7,4,0,11,0,2,54,4,60,0,9,58,4,71,56,0,56,127
08/25/2008,PAH,KY,ASO,CE,Federal Contract Tower,0,10,8,0,18,0,4,64,6,74,0,14,72,6,92,58,0,58,150
08/26/2008,PAH,KY,ASO,CE,Federal Contract Tower,0,11,19,3,33,0,0,32,1,33,0,11,51,4,66,52,0,52,118
08/27/2008,PAH,KY,ASO,CE,Federal Contract Tower,0,13,10,5,28,0,0,17,1,18,0,13,27,6,46,68,0,68,114
08/28/2008,PAH,KY,ASO,CE,Federal Contract Tower,0,11,11,1,23,0,0,19,3,22,0,11,30,4,45,54,0,54,99
08/29/2008,PAH,KY,ASO,CE,Federal Contract Tower,0,13,5,0,18,0,2,37,2,41,0,15,42,2,59,50,0,50,109
08/30/2008,PAH,KY,ASO,CE,Federal Contract Tower,0,6,3,0,9,0,0,43,0,43,0,6,46,0,52,54,0,54,106
08/31/2008,PAH,KY,ASO,CE,Federal Contract Tower,0,5,10,0,15,0,2,67,4,73,0,7,77,4,88,98,0,98,186
09/01/2008,PAH,KY,ASO,CE,Federal Contract Tower,0,6,8,0,14,0,2,67,0,69,0,8,75,0,83,110,0,110,193
09/02/2008,PAH,KY,ASO,CE,Federal Contract Tower,0,11,4,1,16,0,0,25,1,26,0,11,29,2,42,58,0,58,100
09/03/2008,PAH,KY,ASO,CE,Federal Contract Tower,0,8,5,0,13,0,0,25,2,27,0,8,30,2,40,32,0,32,72
09/04/2008,PAH,KY,ASO,CE,Federal Contract Tower,0,8,11,2,21,0,0,14,4,18,0,8,25,6,39,16,0,16,55
09/05/2008,PAH,KY,ASO,CE,Federal Contract Tower,0,11,17,14,42,0,2,38,2,42,0,13,55,16,84,50,0,50,134
09/06/2008,PAH,KY,ASO,CE,Federal Contract Tower,0,12,13,0,25,0,0,61,0,61,0,12,74,0,86,54,0,54,140
09/07/2008,PAH,KY,ASO,CE,Federal Contract Tower,0,9,5,3,17,0,6,67,5,78,0,15,72,8,95,54,0,54,149
09/08/2008,PAH,KY,ASO,CE,Federal Contract Tower,0,8,13,2,23,0,0,61,6,67,0,8,74,8,90,48,2,50,140
09/09/2008,PAH,KY,ASO,CE,Federal Contract Tower,0,12,12,2,26,0,0,26,4,30,0,12,38,6,56,46,4,50,106
09/10/2008,PAH,KY,ASO,CE,Federal Contract Tower,0,14,10,1,25,0,0,39,5,44,0,14,49,6,69,42,0,42,111
09/11/2008,PAH,KY,ASO,CE,Federal Contract Tower,0,10,21,0,31,0,0,15,2,17,0,10,36,2,48,14,2,16,64
09/12/2008,PAH,KY,ASO,CE,Federal Contract Tower,0,11,5,0,16,0,0,47,4,51,0,11,52,4,67,62,0,62,129
09/13/2008,PAH,KY,ASO,CE,Federal Contract Tower,0,7,11,1,19,0,0,43,0,43,0,7,54,1,62,60,0,60,122
09/14/2008,PAH,KY,ASO,CE,Federal Contract Tower,0,5,5,0,10,0,0,42,0,42,0,5,47,0,52,48,0,48,100
09/15/2008,PAH,KY,ASO,CE,Federal Contract Tower,0,11,9,0,20,0,0,28,0,28,0,11,37,0,48,52,0,52,100
09/16/2008,PAH,KY,ASO,CE,Federal Contract Tower,0,10,8,2,20,0,0,27,0,27,0,10,35,2,47,2,0,2,49
09/17/2008,PAH,KY,ASO,CE,Federal Contract Tower,0,8,19,0,27,0,0,42,4,46,0,8,61,4,73,24,0,24,97
09/18/2008,PAH,KY,ASO,CE,Federal Contract Tower,0,9,14,3,26,0,4,48,6,58,0,13,62,9,84,28,4,32,116
09/19/2008,PAH,KY,ASO,CE,Federal Contract Tower,0,15,11,4,30,0,2,69,4,75,0,17,80,8,105,40,0,40,145
09/20/2008,PAH,KY,ASO,CE,Federal Contract Tower,0,8,7,0,15,0,2,69,0,71,0,10,76,0,86,74,0,74,160
09/21/2008,PAH,KY,ASO,CE,Federal Contract Tower,0,6,17,0,23,0,2,59,8,69,0,8,76,8,92,62,0,62,154
09/22/2008,PAH,KY,ASO,CE,Federal Contract Tower,0,11,3,0,14,0,0,26,2,28,0,11,29,2,42,50,0,50,92
09/23/2008,PAH,KY,ASO,CE,Federal Contract Tower,0,9,22,0,31,0,0,34,4,38,0,9,56,4,69,28,0,28,97
09/24/2008,PAH,KY,ASO,CE,Federal Contract Tower,0,12,13,0,25,0,0,27,2,29,0,12,40,2,54,12,0,12,66
09/25/2008,PAH,KY,ASO,CE,Federal Contract Tower,0,12,14,1,27,0,2,49,6,57,0,14,63,7,84,22,0,22,106
09/26/2008,PAH,KY,ASO,CE,Federal Contract Tower,0,10,20,0,30,0,0,42,0,42,0,10,62,0,72,56,0,56,128
09/27/2008,PAH,KY,ASO,CE,Federal Contract Tower,0,6,8,0,14,0,0,54,4,58,0,6,62,4,72,70,0,70,142
09/28/2008,PAH,KY,ASO,CE,Federal Contract Tower,0,6,13,0,19,0,0,59,2,61,0,6,72,2,80,66,0,66,146
09/29/2008,PAH,KY,ASO,CE,Federal Contract Tower,0,10,12,0,22,0,0,24,2,26,0,10,36,2,48,48,0,48,96
09/30/2008,PAH,KY,ASO,CE,Federal Contract Tower,0,10,7,0,17,0,0,31,0,31,0,10,38,0,48,44,0,44,92
10/01/2008,PAH,KY,ASO,CE,Federal Contract Tower,0,10,9,0,19,0,0,19,2,21,0,10,28,2,40,12,0,12,52
10/02/2008,PAH,KY,ASO,CE,Federal Contract Tower,0,8,12,0,20,0,0,59,4,63,0,8,71,4,83,40,0,40,123
10/03/2008,PAH,KY,ASO,CE,Federal Contract Tower,0,14,8,0,22,0,0,73,8,81,0,14,81,8,103,30,4,34,137
10/04/2008,PAH,KY,ASO,CE,Federal Contract Tower,0,6,5,0,11,0,2,69,2,73,0,8,74,2,84,74,0,74,158
10/05/2008,PAH,KY,ASO,CE,Federal Contract Tower,0,7,5,5,17,0,2,68,1,71,0,9,73,6,88,68,8,76,164
10/06/2008,PAH,KY,ASO,CE,Federal Contract Tower,0,9,6,0,15,0,0,21,2,23,0,9,27,2,38,12,0,12,50
10/07/2008,PAH,KY,ASO,CE,Federal Contract Tower,0,8,9,0,17,0,0,3,0,3,0,8,12,0,20,8,0,8,28
10/08/2008,PAH,KY,ASO,CE,Federal Contract Tower,0,11,12,0,23,0,0,20,0,20,0,11,32,0,43,14,0,14,57
10/09/2008,PAH,KY,ASO,CE,Federal Contract Tower,0,11,18,0,29,0,0,66,8,74,0,11,84,8,103,22,8,30,133
10/10/2008,PAH,KY,ASO,CE,Federal Contract Tower,0,9,11,0,20,0,6,74,4,84,0,15,85,4,104,76,0,76,180
10/11/2008,PAH,KY,ASO,CE,Federal Contract Tower,0,9,7,0,16,0,2,61,2,65,0,11,68,2,81,106,0,106,187
10/12/2008,PAH,KY,ASO,CE,Federal Contract Tower,0,8,5,0,13,0,0,13,0,13,0,8,18,0,26,26,0,26,52
10/13/2008,PAH,KY,ASO,CE,Federal Contract Tower,0,10,11,0,21,0,0,35,0,35,0,10,46,0,56,42,0,42,98
10/14/2008,PAH,KY,ASO,CE,Federal Contract Tower,0,12,10,0,22,0,0,27,2,29,0,12,37,2,51,40,0,40,91
10/15/2008,PAH,KY,ASO,CE,Federal Contract Tower,0,12,9,0,21,0,0,30,2,32,0,12,39,2,53,40,0,40,93
10/16/2008,PAH,KY,ASO,CE,Federal Contract Tower,0,9,10,0,19,0,2,76,12,90,0,11,86,12,109,50,12,62,171
10/17/2008,PAH,KY,ASO,CE,Federal Contract Tower,0,12,14,0,26,0,2,73,4,79,0,14,87,4,105,44,4,48,153
10/18/2008,PAH,KY,ASO,CE,Federal Contract Tower,0,6,11,0,17,0,4,67,2,73,0,10,78,2,90,92,0,92,182
10/19/2008,PAH,KY,ASO,CE,Federal Contract Tower,0,8,14,0,22,0,0,42,0,42,0,8,56,0,64,42,0,42,106
10/20/2008,PAH,KY,ASO,CE,Federal Contract Tower,0,12,7,0,19,0,0,13,0,13,0,12,20,0,32,14,0,14,46
10/21/2008,PAH,KY,ASO,CE,Federal Contract Tower,0,8,12,0,20,0,0,23,2,25,0,8,35,2,45,46,0,46,91
10/22/2008,PAH,KY,ASO,CE,Federal Contract Tower,0,13,22,0,35,0,1,48,2,51,0,14,70,2,86,18,0,18,104
10/23/2008,PAH,KY,ASO,CE,Federal Contract Tower,0,9,13,0,22,0,0,36,0,36,0,9,49,0,58,42,0,42,100
10/24/2008,PAH,KY,ASO,CE,Federal Contract Tower,0,14,11,0,25,0,2,49,0,51,0,16,60,0,76,28,0,28,104
10/25/2008,PAH,KY,ASO,CE,Federal Contract Tower,0,8,6,0,14,0,2,56,0,58,0,10,62,0,72,34,0,34,106
10/26/2008,PAH,KY,ASO,CE,Federal Contract Tower,0,10,6,0,16,0,0,24,2,26,0,10,30,2,42,60,0,60,102
10/27/2008,PAH,KY,ASO,CE,Federal Contract Tower,0,9,14,0,23,0,2,22,2,26,0,11,36,2,49,30,0,30,79
10/28/2008,PAH,KY,ASO,CE,Federal Contract Tower,0,10,20,0,30,0,2,37,0,39,0,12,57,0,69,30,0,30,99
10/29/2008,PAH,KY,ASO,CE,Federal Contract Tower,0,9,11,0,20,0,0,41,4,45,0,9,52,4,65,28,2,30,95
10/30/2008,PAH,KY,ASO,CE,Federal Contract Tower,0,13,5,2,20,0,2,67,2,71,0,15,72,4,91,38,0,38,129
10/31/2008,PAH,KY,ASO,CE,Federal Contract Tower,0,8,14,0,22,0,4,76,6,86,0,12,90,6,108,52,0,52,160
11/01/2008,PAH,KY,ASO,CE,Federal Contract Tower,0,6,10,0,16,0,0,51,2,53,0,6,61,2,69,70,0,70,139
11/02/2008,PAH,KY,ASO,CE,Federal Contract Tower,0,6,4,2,12,0,0,26,0,26,0,6,30,2,38,60,4,64,102
11/03/2008,PAH,KY,ASO,CE,Federal Contract Tower,0,8,15,0,23,0,0,26,4,30,0,8,41,4,53,50,0,50,103
11/04/2008,PAH,KY,ASO,CE,Federal Contract Tower,0,12,7,2,21,0,2,35,4,41,0,14,42,6,62,46,0,46,108
11/05/2008,PAH,KY,ASO,CE,Federal Contract Tower,0,10,10,0,20,0,0,41,2,43,0,10,51,2,63,22,0,22,85
11/06/2008,PAH,KY,ASO,CE,Federal Contract Tower,0,14,9,3,26,0,0,25,1,26,0,14,34,4,52,46,0,46,98
11/07/2008,PAH,KY,ASO,CE,Federal Contract Tower,0,9,8,0,17,0,4,45,6,55,0,13,53,6,72,62,0,62,134
11/08/2008,PAH,KY,ASO,CE,Federal Contract Tower,0,8,7,0,15,0,0,45,2,47,0,8,52,2,62,46,0,46,108
11/09/2008,PAH,KY,ASO,CE,Federal Contract Tower,2,6,9,0,17,0,0,20,0,20,2,6,29,0,37,8,0,8,45
11/10/2008,PAH,KY,ASO,CE,Federal Contract Tower,0,11,16,0,27,0,0,23,0,23,0,11,39,0,50,20,0,20,70
11/11/2008,PAH,KY,ASO,CE,Federal Contract Tower,0,12,8,0,20,0,0,35,0,35,0,12,43,0,55,20,0,20,75
11/12/2008,PAH,KY,ASO,CE,Federal Contract Tower,0,9,9,0,18,0,0,39,4,43,0,9,48,4,61,0,0,0,61
11/13/2008,PAH,KY,ASO,CE,Federal Contract Tower,0,17,15,0,32,0,4,56,9,69,0,21,71,9,101,20,4,24,125
11/14/2008,PAH,KY,ASO,CE,Federal Contract Tower,0,11,21,1,33,0,4,44,2,50,0,15,65,3,83,16,0,16,99
11/15/2008,PAH,KY,ASO,CE,Federal Contract Tower,0,6,5,0,11,0,0,2,0,2,0,6,7,0,13,0,0,0,13
11/16/2008,PAH,KY,ASO,CE,Federal Contract Tower,0,6,8,0,14,0,0,18,0,18,0,6,26,0,32,16,0,16,48
11/17/2008,PAH,KY,ASO,CE,Federal Contract Tower,0,8,13,2,23,0,0,21,6,27,0,8,34,8,50,20,4,24,74
11/18/2008,PAH,KY,ASO,CE,Federal Contract Tower,0,8,15,2,25,0,2,46,2,50,0,10,61,4,75,38,6,44,119
11/19/2008,PAH,KY,ASO,CE,Federal Contract Tower,0,10,7,3,20,0,0,40,3,43,0,10,47,6,63,34,0,34,97
11/20/2008,PAH,KY,ASO,CE,Federal Contract Tower,0,8,4,0,12,0,2,66,8,76,0,10,70,8,88,38,0,38,126
11/21/2008,PAH,KY,ASO,CE,Federal Contract Tower,0,8,12,0,20,0,4,76,4,84,0,12,88,4,104,86,0,86,190
11/22/2008,PAH,KY,ASO,CE,Federal Contract Tower,0,4,0,0,4,0,0,44,0,44,0,4,44,0,48,76,0,76,124
11/23/2008,PAH,KY,ASO,CE,Federal Contract Tower,0,6,8,0,14,0,0,13,0,13,0,6,21,0,27,8,0,8,35
11/24/2008,PAH,KY,ASO,CE,Federal Contract Tower,0,8,7,0,15,0,0,17,0,17,0,8,24,0,32,36,0,36,68
11/25/2008,PAH,KY,ASO,CE,Federal Contract Tower,0,13,18,0,31,0,2,42,2,46,0,15,60,2,77,28,0,28,105
11/26/2008,PAH,KY,ASO,CE,Federal Contract Tower,0,9,17,0,26,0,2,85,2,89,0,11,102,2,115,46,0,46,161
11/27/2008,PAH,KY,ASO,CE,Federal Contract Tower,0,6,5,0,11,0,0,40,0,40,0,6,45,0,51,48,0,48,99
11/28/2008,PAH,KY,ASO,CE,Federal Contract Tower,0,11,2,0,13,0,4,66,0,70,0,15,68,0,83,88,0,88,171
11/29/2008,PAH,KY,ASO,CE,Federal Contract Tower,0,10,8,0,18,0,0,19,0,19,0,10,27,0,37,40,0,40,77
11/30/2008,PAH,KY,ASO,CE,Federal Contract Tower,0,8,4,0,12,0,0,2,0,2,0,8,6,0,14,0,0,0,14
12/01/2008,PAH,KY,ASO,CE,Federal Contract Tower,0,10,11,0,21,0,0,13,0,13,0,10,24,0,34,8,0,8,42
12/02/2008,PAH,KY,ASO,CE,Federal Contract Tower,0,9,10,0,19,0,4,50,2,56,0,13,60,2,75,34,0,34,109
12/03/2008,PAH,KY,ASO,CE,Federal Contract Tower,0,12,6,0,18,0,0,30,0,30,0,12,36,0,48,50,0,50,98
12/04/2008,PAH,KY,ASO,CE,Federal Contract Tower,0,10,4,4,18,0,4,58,8,70,0,14,62,12,88,52,8,60,148
12/05/2008,PAH,KY,ASO,CE,Federal Contract Tower,0,12,9,0,21,0,2,59,6,67,0,14,68,6,88,58,4,62,150
12/06/2008,PAH,KY,ASO,CE,Federal Contract Tower,0,4,8,0,12,0,0,30,0,30,0,4,38,0,42,58,0,58,100
12/07/2008,PAH,KY,ASO,CE,Federal Contract Tower,0,7,5,0,12,0,0,25,0,25,0,7,30,0,37,16,0,16,53
12/08/2008,PAH,KY,ASO,CE,Federal Contract Tower,0,11,5,0,16,0,0,48,4,52,0,11,53,4,68,32,0,32,100
12/09/2008,PAH,KY,ASO,CE,Federal Contract Tower,0,14,7,0,21,0,2,44,4,50,0,16,51,4,71,4,0,4,75
12/10/2008,PAH,KY,ASO,CE,Federal Contract Tower,0,10,12,0,22,0,68,8,0,76,0,78,20,0,98,12,0,12,110
12/11/2008,PAH,KY,ASO,CE,Federal Contract Tower,0,11,28,1,40,0,0,64,6,70,0,11,92,7,110,60,2,62,172
12/12/2008,PAH,KY,ASO,CE,Federal Contract Tower,0,9,13,0,22,0,0,15,0,15,0,9,28,0,37,4,0,4,41
12/13/2008,PAH,KY,ASO,CE,Federal Contract Tower,0,4,7,0,11,0,0,24,0,24,0,4,31,0,35,12,0,12,47
12/14/2008,PAH,KY,ASO,CE,Federal Contract Tower,0,6,5,0,11,0,0,0,0,0,0,6,5,0,11,0,0,0,11
12/15/2008,PAH,KY,ASO,CE,Federal Contract Tower,0,3,9,0,12,0,2,16,2,20,0,5,25,2,32,0,0,0,32
12/16/2008,PAH,KY,ASO,CE,Federal Contract Tower,0,4,2,0,6,0,0,15,0,15,0,4,17,0,21,0,0,0,21
12/17/2008,PAH,KY,ASO,CE,Federal Contract Tower,0,7,7,2,16,0,2,44,2,48,0,9,51,4,64,30,6,36,100
12/18/2008,PAH,KY,ASO,CE,Federal Contract Tower,0,6,12,0,18,0,0,46,4,50,0,6,58,4,68,72,0,72,140
12/19/2008,PAH,KY,ASO,CE,Federal Contract Tower,0,8,15,0,23,0,0,21,0,21,0,8,36,0,44,52,0,52,96
12/20/2008,PAH,KY,ASO,CE,Federal Contract Tower,0,6,10,0,16,0,0,19,0,19,0,6,29,0,35,8,0,8,43
12/21/2008,PAH,KY,ASO,CE,Federal Contract Tower,0,8,9,0,17,0,0,15,0,15,0,8,24,0,32,6,0,6,38
12/22/2008,PAH,KY,ASO,CE,Federal Contract Tower,0,8,12,1,21,0,2,69,3,74,0,10,81,4,95,30,4,34,129
12/23/2008,PAH,KY,ASO,CE,Federal Contract Tower,0,6,5,0,11,0,0,35,0,35,0,6,40,0,46,54,0,54,100
12/24/2008,PAH,KY,ASO,CE,Federal Contract Tower,0,11,5,0,16,0,2,82,2,86,0,13,87,2,102,68,0,68,170
12/25/2008,PAH,KY,ASO,CE,Federal Contract Tower,0,7,4,0,11,0,2,44,0,46,0,9,48,0,57,28,0,28,85
12/26/2008,PAH,KY,ASO,CE,Federal Contract Tower,0,8,10,0,18,0,0,16,0,16,0,8,26,0,34,18,0,18,52
12/27/2008,PAH,KY,ASO,CE,Federal Contract Tower,0,8,4,0,12,0,0,1,0,1,0,8,5,0,13,0,0,0,13
12/28/2008,PAH,KY,ASO,CE,Federal Contract Tower,0,6,17,0,23,0,0,15,0,15,0,6,32,0,38,26,0,26,64
12/29/2008,PAH,KY,ASO,CE,Federal Contract Tower,0,8,10,2,20,0,0,52,4,56,0,8,62,6,76,28,4,32,108
12/30/2008,PAH,KY,ASO,CE,Federal Contract Tower,0,8,7,1,16,0,0,52,3,55,0,8,59,4,71,82,0,82,153
12/31/2008,PAH,KY,ASO,CE,Federal Contract Tower,0,8,12,0,20,0,4,78,6,88,0,12,90,6,108,84,0,84,192
01/01/2009,PAH,KY,ASO,CE,Federal Contract Tower,0,6,4,0,10,0,0,33,0,33,0,6,37,0,43,28,0,28,71
01/02/2009,PAH,KY,ASO,CE,Federal Contract Tower,0,8,14,0,22,0,0,27,0,27,0,8,41,0,49,52,0,52,101
01/03/2009,PAH,KY,ASO,CE,Federal Contract Tower,0,5,5,0,10,0,0,2,0,2,0,5,7,0,12,0,0,0,12
01/04/2009,PAH,KY,ASO,CE,Federal Contract Tower,0,9,3,1,13,0,0,26,0,26,0,9,29,1,39,6,0,6,45
01/05/2009,PAH,KY,ASO,CE,Federal Contract Tower,0,10,3,0,13,0,2,62,8,72,0,12,65,8,85,34,4,38,123
01/06/2009,PAH,KY,ASO,CE,Federal Contract Tower,0,8,5,0,13,0,2,59,4,65,0,10,64,4,78,44,0,44,122
01/07/2009,PAH,KY,ASO,CE,Federal Contract Tower,0,9,7,2,18,0,4,79,6,89,0,13,86,8,107,58,8,66,173
01/08/2009,PAH,KY,ASO,CE,Federal Contract Tower,0,11,3,0,14,0,0,30,6,36,0,11,33,6,50,56,0,56,106
01/09/2009,PAH,KY,ASO,CE,Federal Contract Tower,0,15,12,0,27,0,0,21,0,21,0,15,33,0,48,8,0,8,56
01/10/2009,PAH,KY,ASO,CE,Federal Contract Tower,0,6,5,0,11,0,0,0,0,0,0,6,5,0,11,0,0,0,11
01/11/2009,PAH,KY,ASO,CE,Federal Contract Tower,0,11,7,0,18,0,0,50,0,50,0,11,57,0,68,70,0,70,138
01/12/2009,PAH,KY,ASO,CE,Federal Contract Tower,0,9,5,0,14,0,2,41,0,43,0,11,46,0,57,44,0,44,101
01/13/2009,PAH,KY,ASO,CE,Federal Contract Tower,0,8,8,7,23,0,2,68,10,80,0,10,76,17,103,70,0,70,173
01/14/2009,PAH,KY,ASO,CE,Federal Contract Tower,0,8,10,0,18,0,2,64,4,70,0,10,74,4,88,58,0,58,146
01/15/2009,PAH,KY,ASO,CE,Federal Contract Tower,0,8,6,0,14,0,0,14,0,14,0,8,20,0,28,28,0,28,56
01/16/2009,PAH,KY,ASO,CE,Federal Contract Tower,0,8,9,0,17,0,0,16,0,16,0,8,25,0,33,12,0,12,45
01/17/2009,PAH,KY,ASO,CE,Federal Contract Tower,0,6,5,0,11,0,0,12,0,12,0,6,17,0,23,2,0,2,25
01/18/2009,PAH,KY,ASO,CE,Federal Contract Tower,0,6,11,0,17,0,2,42,0,44,0,8,53,0,61,34,0,34,95
01/19/2009,PAH,KY,ASO,CE,Federal Contract Tower,0,8,4,0,12,0,2,63,4,69,0,10,67,4,81,54,0,54,135
01/20/2009,PAH,KY,ASO,CE,Federal Contract Tower,0,8,12,0,20,0,4,81,8,93,0,12,93,8,113,74,4,78,191
01/21/2009,PAH,KY,ASO,CE,Federal Contract Tower,0,8,10,0,18,0,0,72,14,86,0,8,82,14,104,82,6,88,192
01/22/2009,PAH,KY,ASO,CE,Federal Contract Tower,0,10,10,0,20,0,0,55,2,57,0,10,65,2,77,56,0,56,133
01/23/2009,PAH,KY,ASO,CE,Federal Contract Tower,0,9,3,0,12,0,0,29,0,29,0,9,32,0,41,32,0,32,73
01/24/2009,PAH,KY,ASO,CE,Federal Contract Tower,0,6,6,0,12,0,0,19,0,19,0,6,25,0,31,32,0,32,63
01/25/2009,PAH,KY,ASO,CE,Federal Contract Tower,0,8,0,2,10,0,2,45,2,49,0,10,45,4,59,36,0,36,95
01/26/2009,PAH,KY,ASO,CE,Federal Contract Tower,0,9,5,0,14,0,4,86,6,96,0,13,91,6,110,82,4,86,196
01/27/2009,PAH,KY,ASO,CE,Federal Contract Tower,0,8,10,3,21,0,7,62,7,76,0,15,72,10,97,57,3,60,157
01/28/2009,PAH,KY,ASO,CE,Federal Contract Tower,0,0,0,0,0,0,0,0,0,0,0,0,0,0,0,0,0,0,0
01/29/2009,PAH,KY,ASO,CE,Federal Contract Tower,0,0,0,0,0,0,0,0,0,0,0,0,0,0,0,0,0,0,0
01/30/2009,PAH,KY,ASO,CE,Federal Contract Tower,0,0,0,0,0,0,0,2,0,2,0,0,2,0,2,0,0,0,2
01/31/2009,PAH,KY,ASO,CE,Federal Contract Tower,0,5,4,0,9,0,0,17,7,24,0,5,21,7,33,0,0,0,33
02/01/2009,PAH,KY,ASO,CE,Federal Contract Tower,0,8,4,4,16,0,0,71,13,84,0,8,75,17,100,6,6,12,112
02/02/2009,PAH,KY,ASO,CE,Federal Contract Tower,0,7,11,10,28,0,4,92,13,109,0,11,103,23,137,34,0,34,171
02/03/2009,PAH,KY,ASO,CE,Federal Contract Tower,0,10,9,11,30,0,6,85,10,101,0,16,94,21,131,40,2,42,173
02/04/2009,PAH,KY,ASO,CE,Federal Contract Tower,0,8,8,16,32,0,6,33,17,56,0,14,41,33,88,0,0,0,88
02/05/2009,PAH,KY,ASO,CE,Federal Contract Tower,0,8,9,3,20,0,1,19,13,33,0,9,28,16,53,0,0,0,53
02/06/2009,PAH,KY,ASO,CE,Federal Contract Tower,0,8,16,4,28,0,0,8,10,18,0,8,24,14,46,0,2,2,48
02/07/2009,PAH,KY,ASO,CE,Federal Contract Tower,0,8,3,5,16,0,4,52,10,66,0,12,55,15,82,38,0,38,120
02/08/2009,PAH,KY,ASO,CE,Federal Contract Tower,0,7,3,2,12,0,2,53,4,59,0,9,56,6,71,56,0,56,127
02/09/2009,PAH,KY,ASO,CE,Federal Contract Tower,0,8,5,0,13,0,2,73,8,83,0,10,78,8,96,62,0,62,158
02/10/2009,PAH,KY,ASO,CE,Federal Contract Tower,0,3,20,5,28,0,0,68,8,76,0,3,88,13,104,34,4,38,142
02/11/2009,PAH,KY,ASO,CE,Federal Contract Tower,0,9,3,0,12,0,0,0,0,0,0,9,3,0,12,0,0,0,12
02/12/2009,PAH,KY,ASO,CE,Federal Contract Tower,0,12,18,0,30,0,4,25,0,29,0,16,43,0,59,26,0,26,85
02/13/2009,PAH,KY,ASO,CE,Federal Contract Tower,0,10,6,0,16,0,2,26,0,28,0,12,32,0,44,6,0,6,50
02/14/2009,PAH,KY,ASO,CE,Federal Contract Tower,0,5,11,0,16,0,0,37,4,41,0,5,48,4,57,44,0,44,101
02/15/2009,PAH,KY,ASO,CE,Federal Contract Tower,0,6,5,0,11,0,2,63,0,65,0,8,68,0,76,54,0,54,130
02/16/2009,PAH,KY,ASO,CE,Federal Contract Tower,0,8,12,0,20,0,0,86,6,92,0,8,98,6,112,70,6,76,188
02/17/2009,PAH,KY,ASO,CE,Federal Contract Tower,0,8,10,0,18,0,2,78,9,89,0,10,88,9,107,68,12,80,187
02/18/2009,PAH,KY,ASO,CE,Federal Contract Tower,0,10,4,0,14,0,0,21,0,21,0,10,25,0,35,24,0,24,59
02/19/2009,PAH,KY,ASO,CE,Federal Contract Tower,0,10,7,2,19,0,0,14,1,15,0,10,21,3,34,26,2,28,62
02/20/2009,PAH,KY,ASO,CE,Federal Contract Tower,0,8,9,0,17,0,0,24,1,25,0,8,33,1,42,0,2,2,44
02/21/2009,PAH,KY,ASO,CE,Federal Contract Tower,0,7,4,0,11,0,0,36,0,36,0,7,40,0,47,28,0,28,75
02/22/2009,PAH,KY,ASO,CE,Federal Contract Tower,0,8,6,0,14,0,0,57,4,61,0,8,63,4,75,46,0,46,121
02/23/2009,PAH,KY,ASO,CE,Federal Contract Tower,0,8,14,0,22,0,2,56,6,64,0,10,70,6,86,52,4,56,142
02/24/2009,PAH,KY,ASO,CE,Federal Contract Tower,0,8,11,0,19,0,43,2,2,47,0,51,13,2,66,42,0,42,108
02/25/2009,PAH,KY,ASO,CE,Federal Contract Tower,0,10,13,0,23,0,0,23,0,23,0,10,36,0,46,48,0,48,94
02/26/2009,PAH,KY,ASO,CE,Federal Contract Tower,0,12,8,4,24,0,0,12,2,14,0,12,20,6,38,18,0,18,56
02/27/2009,PAH,KY,ASO,CE,Federal Contract Tower,0,8,9,2,19,0,0,3,0,3,0,8,12,2,22,34,0,34,56
02/28/2009,PAH,KY,ASO,CE,Federal Contract Tower,0,6,0,0,6,0,0,23,2,25,0,6,23,2,31,10,0,10,41
03/01/2009,PAH,KY,ASO,CE,Federal Contract Tower,0,6,13,0,19,0,0,53,4,57,0,6,66,4,76,50,0,50,126
03/02/2009,PAH,KY,ASO,CE,Federal Contract Tower,0,8,11,1,20,0,4,67,5,76,0,12,78,6,96,54,12,66,162
03/03/2009,PAH,KY,ASO,CE,Federal Contract Tower,0,8,12,2,22,0,0,31,2,33,0,8,43,4,55,20,0,20,75
03/04/2009,PAH,KY,ASO,CE,Federal Contract Tower,0,10,9,4,23,0,0,33,0,33,0,10,42,4,56,30,0,30,86
03/05/2009,PAH,KY,ASO,CE,Federal Contract Tower,0,9,3,2,14,0,2,10,0,12,0,11,13,2,26,10,2,12,38
03/06/2009,PAH,KY,ASO,CE,Federal Contract Tower,0,10,9,0,19,0,0,54,0,54,0,10,63,0,73,52,0,52,125
03/07/2009,PAH,KY,ASO,CE,Federal Contract Tower,0,6,4,0,10,0,0,32,2,34,0,6,36,2,44,56,0,56,100
03/08/2009,PAH,KY,ASO,CE,Federal Contract Tower,0,6,3,0,9,0,0,54,2,56,0,6,57,2,65,64,0,64,129
03/09/2009,PAH,KY,ASO,CE,Federal Contract Tower,0,10,10,0,20,0,4,45,6,55,0,14,55,6,75,50,4,54,129
03/10/2009,PAH,KY,ASO,CE,Federal Contract Tower,0,9,4,3,16,0,2,23,2,27,0,11,27,5,43,30,6,36,79
03/11/2009,PAH,KY,ASO,CE,Federal Contract Tower,0,11,12,0,23,0,0,23,2,25,0,11,35,2,48,26,0,26,74
03/12/2009,PAH,KY,ASO,CE,Federal Contract Tower,0,6,9,0,15,0,0,13,2,15,0,6,22,2,30,12,0,12,42
03/13/2009,PAH,KY,ASO,CE,Federal Contract Tower,0,8,9,0,17,0,0,46,2,48,0,8,55,2,65,32,0,32,97
03/14/2009,PAH,KY,ASO,CE,Federal Contract Tower,0,4,24,0,28,0,2,52,0,54,0,6,76,0,82,44,0,44,126
03/15/2009,PAH,KY,ASO,CE,Federal Contract Tower,0,6,11,0,17,0,0,51,4,55,0,6,62,4,72,40,0,40,112
03/16/2009,PAH,KY,ASO,CE,Federal Contract Tower,0,11,10,0,21,0,2,67,8,77,0,13,77,8,98,66,0,66,164
03/17/2009,PAH,KY,ASO,CE,Federal Contract Tower,0,12,19,0,31,0,2,45,2,49,0,14,64,2,80,52,0,52,132
03/18/2009,PAH,KY,ASO,CE,Federal Contract Tower,0,9,6,0,15,0,0,28,2,30,0,9,34,2,45,26,2,28,73
03/19/2009,PAH,KY,ASO,CE,Federal Contract Tower,0,9,14,0,23,0,2,22,2,26,0,11,36,2,49,18,6,24,73
03/20/2009,PAH,KY,ASO,CE,Federal Contract Tower,0,8,11,0,19,0,0,46,6,52,0,8,57,6,71,26,0,26,97
03/21/2009,PAH,KY,ASO,CE,Federal Contract Tower,0,4,10,0,14,0,0,47,0,47,0,4,57,0,61,38,0,38,99
03/22/2009,PAH,KY,ASO,CE,Federal Contract Tower,0,6,10,0,16,0,0,61,2,63,0,6,71,2,79,70,0,70,149
03/23/2009,PAH,KY,ASO,CE,Federal Contract Tower,0,8,8,0,16,0,2,61,6,69,0,10,69,6,85,50,6,56,141
03/24/2009,PAH,KY,ASO,CE,Federal Contract Tower,0,8,4,1,13,0,0,8,2,10,0,8,12,3,23,0,0,0,23
03/25/2009,PAH,KY,ASO,CE,Federal Contract Tower,0,8,8,1,17,0,0,17,0,17,0,8,25,1,34,12,0,12,46
03/26/2009,PAH,KY,ASO,CE,Federal Contract Tower,0,8,8,1,17,0,0,14,1,15,0,8,22,2,32,0,0,0,32
03/27/2009,PAH,KY,ASO,CE,Federal Contract Tower,0,8,12,0,20,0,0,43,2,45,0,8,55,2,65,26,0,26,91
03/28/2009,PAH,KY,ASO,CE,Federal Contract Tower,0,5,5,0,10,0,4,61,2,67,0,9,66,2,77,54,0,54,131
03/29/2009,PAH,KY,ASO,CE,Federal Contract Tower,0,6,5,0,11,0,0,71,2,73,0,6,76,2,84,80,0,80,164
03/30/2009,PAH,KY,ASO,CE,Federal Contract Tower,0,9,5,0,14,0,0,34,0,34,0,9,39,0,48,58,0,58,106
03/31/2009,PAH,KY,ASO,CE,Federal Contract Tower,0,12,12,0,24,0,0,18,2,20,0,12,30,2,44,32,0,32,76
04/01/2009,PAH,KY,ASO,CE,Federal Contract Tower,0,13,21,0,34,0,0,39,4,43,0,13,60,4,77,34,0,34,111
04/02/2009,PAH,KY,ASO,CE,Federal Contract Tower,0,9,4,0,13,0,0,21,0,21,0,9,25,0,34,68,0,68,102
04/03/2009,PAH,KY,ASO,CE,Federal Contract Tower,0,13,10,0,23,0,0,52,0,52,0,13,62,0,75,34,0,34,109
04/04/2009,PAH,KY,ASO,CE,Federal Contract Tower,0,4,8,0,12,0,0,58,4,62,0,4,66,4,74,74,0,74,148
04/05/2009,PAH,KY,ASO,CE,Federal Contract Tower,0,6,3,0,9,0,2,47,0,49,0,8,50,0,58,44,0,44,102
04/06/2009,PAH,KY,ASO,CE,Federal Contract Tower,0,8,7,0,15,0,0,18,0,18,0,8,25,0,33,38,0,38,71
04/07/2009,PAH,KY,ASO,CE,Federal Contract Tower,0,10,8,0,18,0,0,20,0,20,0,10,28,0,38,18,0,18,56
04/08/2009,PAH,KY,ASO,CE,Federal Contract Tower,0,8,13,2,23,0,0,25,0,25,0,8,38,2,48,20,6,26,74
04/09/2009,PAH,KY,ASO,CE,Federal Contract Tower,0,10,11,4,25,0,0,41,8,49,0,10,52,12,74,22,0,22,96
04/10/2009,PAH,KY,ASO,CE,Federal Contract Tower,0,5,4,0,9,0,0,61,4,65,0,5,65,4,74,64,0,64,138
04/11/2009,PAH,KY,ASO,CE,Federal Contract Tower,0,7,10,0,17,0,0,73,2,75,0,7,83,2,92,64,0,64,156
04/12/2009,PAH,KY,ASO,CE,Federal Contract Tower,0,8,5,0,13,0,2,54,0,56,0,10,59,0,69,30,0,30,99
04/13/2009,PAH,KY,ASO,CE,Federal Contract Tower,0,8,6,0,14,0,0,26,2,28,0,8,32,2,42,30,10,40,82
04/14/2009,PAH,KY,ASO,CE,Federal Contract Tower,0,9,3,2,14,0,1,23,4,28,0,10,26,6,42,10,2,12,54
04/15/2009,PAH,KY,ASO,CE,Federal Contract Tower,0,14,20,2,36,0,0,59,4,63,0,14,79,6,99,42,4,46,145
04/16/2009,PAH,KY,ASO,CE,Federal Contract Tower,0,10,15,5,30,0,0,32,4,36,0,10,47,9,66,6,0,6,72
04/17/2009,PAH,KY,ASO,CE,Federal Contract Tower,0,10,4,2,16,0,0,37,0,37,0,10,41,2,53,50,0,50,103
04/18/2009,PAH,KY,ASO,CE,Federal Contract Tower,0,6,16,0,22,0,2,56,0,58,0,8,72,0,80,102,0,102,182
04/19/2009,PAH,KY,ASO,CE,Federal Contract Tower,0,6,2,0,8,0,0,47,0,47,0,6,49,0,55,64,0,64,119
04/20/2009,PAH,KY,ASO,CE,Federal Contract Tower,0,7,13,0,20,0,0,27,2,29,0,7,40,2,49,48,0,48,97
04/21/2009,PAH,KY,ASO,CE,Federal Contract Tower,0,11,10,3,24,0,2,13,2,17,0,13,23,5,41,30,0,30,71
04/22/2009,PAH,KY,ASO,CE,Federal Contract Tower,0,8,7,2,17,0,0,37,2,39,0,8,44,4,56,26,0,26,82
04/23/2009,PAH,KY,ASO,CE,Federal Contract Tower,0,10,9,0,19,0,0,54,4,58,0,10,63,4,77,34,2,36,113
04/24/2009,PAH,KY,ASO,CE,Federal Contract Tower,0,10,17,0,27,0,4,63,6,73,0,14,80,6,100,44,8,52,152
04/25/2009,PAH,KY,ASO,CE,Federal Contract Tower,0,7,9,0,16,0,0,85,0,85,0,7,94,0,101,78,0,78,179
04/26/2009,PAH,KY,ASO,CE,Federal Contract Tower,0,10,6,0,16,0,2,24,0,26,0,12,30,0,42,30,0,30,72
04/27/2009,PAH,KY,ASO,CE,Federal Contract Tower,0,13,3,0,16,0,0,20,0,20,0,13,23,0,36,36,0,36,72
04/28/2009,PAH,KY,ASO,CE,Federal Contract Tower,0,8,9,0,17,0,0,17,2,19,0,8,26,2,36,22,0,22,58
04/29/2009,PAH,KY,ASO,CE,Federal Contract Tower,0,9,11,0,20,0,2,57,6,65,0,11,68,6,85,52,0,52,137
04/30/2009,PAH,KY,ASO,CE,Federal Contract Tower,0,11,7,2,20,0,2,47,0,49,0,13,54,2,69,70,0,70,139
05/01/2009,PAH,KY,ASO,CE,Federal Contract Tower,0,10,4,0,14,0,0,59,2,61,0,10,63,2,75,44,0,44,119
05/02/2009,PAH,KY,ASO,CE,Federal Contract Tower,0,4,10,0,14,0,0,56,0,56,0,4,66,0,70,70,0,70,140
05/03/2009,PAH,KY,ASO,CE,Federal Contract Tower,0,6,1,2,9,0,0,9,0,9,0,6,10,2,18,0,0,0,18
05/04/2009,PAH,KY,ASO,CE,Federal Contract Tower,0,11,4,1,16,0,4,24,3,31,0,15,28,4,47,38,6,44,91
05/05/2009,PAH,KY,ASO,CE,Federal Contract Tower,0,10,16,0,26,0,0,35,0,35,0,10,51,0,61,56,0,56,117
05/06/2009,PAH,KY,ASO,CE,Federal Contract Tower,0,8,10,2,20,0,0,49,4,53,0,8,59,6,73,20,4,24,97
05/07/2009,PAH,KY,ASO,CE,Federal Contract Tower,0,12,21,2,35,0,2,59,2,63,0,14,80,4,98,58,6,64,162
05/08/2009,PAH,KY,ASO,CE,Federal Contract Tower,0,8,2,0,10,0,4,63,10,77,0,12,65,10,87,48,6,54,141
05/09/2009,PAH,KY,ASO,CE,Federal Contract Tower,0,5,3,0,8,0,0,77,0,77,0,5,80,0,85,86,0,86,171
05/10/2009,PAH,KY,ASO,CE,Federal Contract Tower,0,6,4,8,18,0,0,15,2,17,0,6,19,10,35,6,4,10,45
05/11/2009,PAH,KY,ASO,CE,Federal Contract Tower,0,9,8,5,22,0,0,24,1,25,0,9,32,6,47,16,0,16,63
05/12/2009,PAH,KY,ASO,CE,Federal Contract Tower,0,9,7,0,16,0,0,20,0,20,0,9,27,0,36,22,0,22,58
05/13/2009,PAH,KY,ASO,CE,Federal Contract Tower,0,8,15,0,23,0,0,38,4,42,0,8,53,4,65,30,4,34,99
05/14/2009,PAH,KY,ASO,CE,Federal Contract Tower,0,8,14,0,22,0,0,39,2,41,0,8,53,2,63,36,4,40,103
05/15/2009,PAH,KY,ASO,CE,Federal Contract Tower,0,9,14,0,23,0,0,68,4,72,0,9,82,4,95,46,6,52,147
05/16/2009,PAH,KY,ASO,CE,Federal Contract Tower,0,4,3,0,7,0,0,66,2,68,0,4,69,2,75,66,0,66,141
05/17/2009,PAH,KY,ASO,CE,Federal Contract Tower,0,6,11,0,17,0,0,29,2,31,0,6,40,2,48,28,4,32,80
05/18/2009,PAH,KY,ASO,CE,Federal Contract Tower,0,8,3,0,11,0,0,26,0,26,0,8,29,0,37,10,0,10,47
05/19/2009,PAH,KY,ASO,CE,Federal Contract Tower,0,9,8,0,17,0,0,35,0,35,0,9,43,0,52,26,0,26,78
05/20/2009,PAH,KY,ASO,CE,Federal Contract Tower,0,12,6,2,20,0,0,46,4,50,0,12,52,6,70,60,0,60,130
05/21/2009,PAH,KY,ASO,CE,Federal Contract Tower,0,10,12,0,22,0,0,31,0,31,0,10,43,0,53,48,0,48,101
05/22/2009,PAH,KY,ASO,CE,Federal Contract Tower,0,8,10,0,18,0,0,38,0,38,0,8,48,0,56,42,0,42,98
05/23/2009,PAH,KY,ASO,CE,Federal Contract Tower,0,4,7,0,11,0,0,34,2,36,0,4,41,2,47,44,0,44,91
05/24/2009,PAH,KY,ASO,CE,Federal Contract Tower,0,4,3,0,7,0,0,0,0,0,0,4,3,0,7,0,0,0,7
05/25/2009,PAH,KY,ASO,CE,Federal Contract Tower,0,6,11,0,17,0,0,6,0,6,0,6,17,0,23,0,0,0,23
05/26/2009,PAH,KY,ASO,CE,Federal Contract Tower,0,10,17,0,27,0,0,15,0,15,0,10,32,0,42,44,0,44,86
05/27/2009,PAH,KY,ASO,CE,Federal Contract Tower,0,15,7,0,22,0,0,52,0,52,0,15,59,0,74,82,0,82,156
05/28/2009,PAH,KY,ASO,CE,Federal Contract Tower,0,11,15,0,26,0,0,0,0,0,0,11,15,0,26,64,8,72,98
05/29/2009,PAH,KY,ASO,CE,Federal Contract Tower,0,8,14,6,28,0,4,64,4,72,0,12,78,10,100,68,4,72,172
05/30/2009,PAH,KY,ASO,CE,Federal Contract Tower,0,4,9,1,14,0,0,42,6,48,0,4,51,7,62,66,0,66,128
05/31/2009,PAH,KY,ASO,CE,Federal Contract Tower,0,6,5,1,12,0,0,33,4,37,0,6,38,5,49,2,0,2,51
06/01/2009,PAH,KY,ASO,CE,Federal Contract Tower,0,10,13,0,23,0,0,23,2,25,0,10,36,2,48,34,0,34,82
06/02/2009,PAH,KY,ASO,CE,Federal Contract Tower,0,10,18,2,30,0,0,27,0,27,0,10,45,2,57,20,6,26,83
06/03/2009,PAH,KY,ASO,CE,Federal Contract Tower,0,11,9,2,22,0,0,29,2,31,0,11,38,4,53,30,4,34,87
06/04/2009,PAH,KY,ASO,CE,Federal Contract Tower,0,14,13,4,31,0,0,33,2,35,0,14,46,6,66,30,16,46,112
06/05/2009,PAH,KY,ASO,CE,Federal Contract Tower,0,8,12,0,20,0,2,90,16,108,0,10,102,16,128,58,12,70,198
06/06/2009,PAH,KY,ASO,CE,Federal Contract Tower,0,6,6,0,12,0,0,42,0,42,0,6,48,0,54,34,0,34,88
06/07/2009,PAH,KY,ASO,CE,Federal Contract Tower,0,6,9,0,15,0,0,18,0,18,0,6,27,0,33,4,0,4,37
06/08/2009,PAH,KY,ASO,CE,Federal Contract Tower,0,8,4,8,20,0,0,21,2,23,0,8,25,10,43,46,8,54,97
06/09/2009,PAH,KY,ASO,CE,Federal Contract Tower,0,8,16,2,26,0,0,51,4,55,0,8,67,6,81,44,2,46,127
06/10/2009,PAH,KY,ASO,CE,Federal Contract Tower,0,9,12,0,21,0,4,71,8,83,0,13,83,8,104,74,4,78,182
06/11/2009,PAH,KY,ASO,CE,Federal Contract Tower,0,8,5,0,13,0,0,73,6,79,0,8,78,6,92,64,0,64,156
06/12/2009,PAH,KY,ASO,CE,Federal Contract Tower,0,8,3,0,11,0,2,68,2,72,0,10,71,2,83,56,6,62,145
06/13/2009,PAH,KY,ASO,CE,Federal Contract Tower,0,6,7,0,13,0,0,20,0,20,0,6,27,0,33,16,0,16,49
06/14/2009,PAH,KY,ASO,CE,Federal Contract Tower,0,8,10,0,18,0,1,3,0,4,0,9,13,0,22,0,0,0,22
06/15/2009,PAH,KY,ASO,CE,Federal Contract Tower,0,9,5,0,14,0,0,11,0,11,0,9,16,0,25,20,0,20,45
06/16/2009,PAH,KY,ASO,CE,Federal Contract Tower,0,9,10,0,19,0,0,49,4,53,0,9,59,4,72,24,2,26,98
06/17/2009,PAH,KY,ASO,CE,Federal Contract Tower,0,11,15,0,26,0,2,63,2,67,0,13,78,2,93,52,0,52,145
06/18/2009,PAH,KY,ASO,CE,Federal Contract Tower,0,14,14,0,28,0,2,81,4,87,0,16,95,4,115,52,6,58,173
06/19/2009,PAH,KY,ASO,CE,Federal Contract Tower,0,7,5,0,12,0,4,81,12,97,0,11,86,12,109,62,0,62,171
06/20/2009,PAH,KY,ASO,CE,Federal Contract Tower,0,6,8,0,14,0,0,16,2,18,0,6,24,2,32,18,0,18,50
06/21/2009,PAH,KY,ASO,CE,Federal Contract Tower,0,6,7,0,13,0,0,24,0,24,0,6,31,0,37,6,0,6,43
06/22/2009,PAH,KY,ASO,CE,Federal Contract Tower,0,10,6,0,16,0,0,42,4,46,0,10,48,4,62,4,0,4,66
06/23/2009,PAH,KY,ASO,CE,Federal Contract Tower,0,14,6,0,20,0,0,31,0,31,0,14,37,0,51,26,0,26,77
06/24/2009,PAH,KY,ASO,CE,Federal Contract Tower,0,10,10,0,20,0,0,31,0,31,0,10,41,0,51,42,0,42,93
06/25/2009,PAH,KY,ASO,CE,Federal Contract Tower,0,8,11,0,19,0,2,39,2,43,0,10,50,2,62,34,6,40,102
06/26/2009,PAH,KY,ASO,CE,Federal Contract Tower,0,9,8,0,17,0,0,41,4,45,0,9,49,4,62,38,12,50,112
06/27/2009,PAH,KY,ASO,CE,Federal Contract Tower,0,5,4,0,9,0,0,20,0,20,0,5,24,0,29,10,0,10,39
06/28/2009,PAH,KY,ASO,CE,Federal Contract Tower,0,9,3,2,14,0,0,18,2,20,0,9,21,4,34,6,0,6,40
06/29/2009,PAH,KY,ASO,CE,Federal Contract Tower,0,10,10,4,24,0,2,65,6,73,0,12,75,10,97,36,0,36,133
06/30/2009,PAH,KY,ASO,CE,Federal Contract Tower,0,9,14,2,25,0,2,59,4,65,0,11,73,6,90,42,6,48,138
07/01/2009,PAH,KY,ASO,CE,Federal Contract Tower,0,8,11,2,21,0,2,92,6,100,0,10,103,8,121,58,0,58,179
07/02/2009,PAH,KY,ASO,CE,Federal Contract Tower,0,9,8,0,17,0,4,83,10,97,0,13,91,10,114,66,6,72,186
07/03/2009,PAH,KY,ASO,CE,Federal Contract Tower,0,8,8,0,16,0,0,36,4,40,0,8,44,4,56,30,2,32,88
07/04/2009,PAH,KY,ASO,CE,Federal Contract Tower,0,4,1,0,5,0,0,15,0,15,0,4,16,0,20,10,0,10,30
07/05/2009,PAH,KY,ASO,CE,Federal Contract Tower,0,8,16,0,24,0,0,2,0,2,0,8,18,0,26,0,0,0,26
07/06/2009,PAH,KY,ASO,CE,Federal Contract Tower,0,11,0,0,11,0,0,45,6,51,0,11,45,6,62,40,0,40,102
07/07/2009,PAH,KY,ASO,CE,Federal Contract Tower,0,8,7,0,15,0,0,39,4,43,0,8,46,4,58,56,0,56,114
07/08/2009,PAH,KY,ASO,CE,Federal Contract Tower,0,10,8,0,18,0,2,61,8,71,0,12,69,8,89,52,0,52,141
07/09/2009,PAH,KY,ASO,CE,Federal Contract Tower,0,8,9,2,19,0,2,57,8,67,0,10,66,10,86,46,28,74,160
07/10/2009,PAH,KY,ASO,CE,Federal Contract Tower,0,8,6,2,16,0,0,33,4,37,0,8,39,6,53,40,4,44,97
07/11/2009,PAH,KY,ASO,CE,Federal Contract Tower,0,6,5,0,11,0,0,2,1,3,0,6,7,1,14,0,0,0,14
07/12/2009,PAH,KY,ASO,CE,Federal Contract Tower,0,6,10,0,16,0,0,2,0,2,0,6,12,0,18,2,0,2,20
07/13/2009,PAH,KY,ASO,CE,Federal Contract Tower,0,8,9,0,17,0,0,50,4,54,0,8,59,4,71,38,0,38,109
07/14/2009,PAH,KY,ASO,CE,Federal Contract Tower,0,12,6,0,18,0,4,88,2,94,0,16,94,2,112,68,0,68,180
07/15/2009,PAH,KY,ASO,CE,Federal Contract Tower,0,12,9,0,21,0,2,85,6,93,0,14,94,6,114,60,6,66,180
07/16/2009,PAH,KY,ASO,CE,Federal Contract Tower,0,10,15,0,25,0,2,70,6,78,0,12,85,6,103,46,0,46,149
07/17/2009,PAH,KY,ASO,CE,Federal Contract Tower,0,16,14,0,30,0,0,38,0,38,0,16,52,0,68,48,0,48,116
07/18/2009,PAH,KY,ASO,CE,Federal Contract Tower,0,7,7,0,14,0,0,36,0,36,0,7,43,0,50,10,0,10,60
07/19/2009,PAH,KY,ASO,CE,Federal Contract Tower,0,10,5,0,15,0,1,55,2,58,0,11,60,2,73,48,0,48,121
07/20/2009,PAH,KY,ASO,CE,Federal Contract Tower,0,8,5,0,13,0,0,48,4,52,0,8,53,4,65,42,0,42,107
07/21/2009,PAH,KY,ASO,CE,Federal Contract Tower,0,10,11,0,21,0,2,59,8,69,0,12,70,8,90,34,0,34,124
07/22/2009,PAH,KY,ASO,CE,Federal Contract Tower,0,10,6,0,16,0,0,52,2,54,0,10,58,2,70,34,6,40,110
07/23/2009,PAH,KY,ASO,CE,Federal Contract Tower,0,10,6,2,18,0,0,46,4,50,0,10,52,6,68,30,4,34,102
07/24/2009,PAH,KY,ASO,CE,Federal Contract Tower,0,11,12,0,23,0,0,32,2,34,0,11,44,2,57,32,6,38,95
07/25/2009,PAH,KY,ASO,CE,Federal Contract Tower,0,6,1,0,7,0,0,45,2,47,0,6,46,2,54,28,6,34,88
07/26/2009,PAH,KY,ASO,CE,Federal Contract Tower,0,7,10,0,17,0,0,45,2,47,0,7,55,2,64,26,0,26,90
07/27/2009,PAH,KY,ASO,CE,Federal Contract Tower,8,6,4,0,18,0,2,65,6,73,8,8,69,6,91,64,2,66,157
07/28/2009,PAH,KY,ASO,CE,Federal Contract Tower,0,11,3,0,14,0,2,66,6,74,0,13,69,6,88,38,4,42,130
07/29/2009,PAH,KY,ASO,CE,Federal Contract Tower,0,11,9,0,20,0,0,65,4,69,0,11,74,4,89,50,4,54,143
07/30/2009,PAH,KY,ASO,CE,Federal Contract Tower,0,10,14,2,26,0,0,24,0,24,0,10,38,2,50,20,8,28,78
07/31/2009,PAH,KY,ASO,CE,Federal Contract Tower,0,8,19,6,33,0,0,29,3,32,0,8,48,9,65,28,0,28,93
08/01/2009,PAH,KY,ASO,CE,Federal Contract Tower,0,5,14,0,19,0,0,11,0,11,0,5,25,0,30,22,0,22,52
08/02/2009,PAH,KY,ASO,CE,Federal Contract Tower,0,9,9,6,24,0,6,47,2,55,0,15,56,8,79,58,4,62,141
08/03/2009,PAH,KY,ASO,CE,Federal Contract Tower,0,10,12,6,28,0,2,49,4,55,0,12,61,10,83,24,6,30,113
08/04/2009,PAH,KY,ASO,CE,Federal Contract Tower,0,8,2,0,10,0,0,51,8,59,0,8,53,8,69,32,2,34,103
08/05/2009,PAH,KY,ASO,CE,Federal Contract Tower,0,9,12,0,21,0,0,0,0,0,0,9,12,0,21,20,8,28,49
08/06/2009,PAH,KY,ASO,CE,Federal Contract Tower,0,14,4,0,18,0,0,35,2,37,0,14,39,2,55,26,8,34,89
08/07/2009,PAH,KY,ASO,CE,Federal Contract Tower,0,8,9,4,21,0,0,33,0,33,0,8,42,4,54,0,0,0,54
08/08/2009,PAH,KY,ASO,CE,Federal Contract Tower,0,4,3,0,7,0,0,18,0,18,0,4,21,0,25,0,0,0,25
08/09/2009,PAH,KY,ASO,CE,Federal Contract Tower,0,6,7,0,13,0,0,45,2,47,0,6,52,2,60,48,0,48,108
08/10/2009,PAH,KY,ASO,CE,Federal Contract Tower,0,8,9,2,19,0,2,63,4,69,0,10,72,6,88,58,2,60,148
08/11/2009,PAH,KY,ASO,CE,Federal Contract Tower,0,7,15,2,24,0,0,78,6,84,0,7,93,8,108,58,0,58,166
08/12/2009,PAH,KY,ASO,CE,Federal Contract Tower,2,9,6,1,18,0,0,75,3,78,2,9,81,4,96,42,2,44,140
08/13/2009,PAH,KY,ASO,CE,Federal Contract Tower,0,8,5,0,13,0,0,65,4,69,0,8,70,4,82,26,6,32,114
08/14/2009,PAH,KY,ASO,CE,Federal Contract Tower,0,11,6,8,25,0,2,27,4,33,0,13,33,12,58,26,16,42,100
08/15/2009,PAH,KY,ASO,CE,Federal Contract Tower,0,4,10,0,14,0,0,39,0,39,0,4,49,0,53,48,0,48,101
08/16/2009,PAH,KY,ASO,CE,Federal Contract Tower,0,4,3,0,7,0,0,60,2,62,0,4,63,2,69,50,2,52,121
08/17/2009,PAH,KY,ASO,CE,Federal Contract Tower,0,8,5,0,13,0,2,71,3,76,0,10,76,3,89,48,4,52,141
08/18/2009,PAH,KY,ASO,CE,Federal Contract Tower,0,7,12,0,19,0,2,61,8,71,0,9,73,8,90,26,0,26,116
08/19/2009,PAH,KY,ASO,CE,Federal Contract Tower,0,10,19,0,29,0,0,45,0,45,0,10,64,0,74,34,2,36,110
08/20/2009,PAH,KY,ASO,CE,Federal Contract Tower,0,6,9,0,15,0,0,18,0,18,0,6,27,0,33,12,0,12,45
08/21/2009,PAH,KY,ASO,CE,Federal Contract Tower,0,6,3,2,11,0,0,26,0,26,0,6,29,2,37,28,0,28,65
08/22/2009,PAH,KY,ASO,CE,Federal Contract Tower,0,6,6,0,12,0,0,44,0,44,0,6,50,0,56,38,0,38,94
08/23/2009,PAH,KY,ASO,CE,Federal Contract Tower,0,4,4,0,8,0,0,57,0,57,0,4,61,0,65,36,0,36,101
08/24/2009,PAH,KY,ASO,CE,Federal Contract Tower,0,7,6,0,13,0,4,71,13,88,0,11,77,13,101,56,6,62,163
08/25/2009,PAH,KY,ASO,CE,Federal Contract Tower,0,10,6,1,17,0,2,61,6,69,0,12,67,7,86,54,6,60,146
08/26/2009,PAH,KY,ASO,CE,Federal Contract Tower,0,6,16,0,22,0,0,35,0,35,0,6,51,0,57,36,0,36,93
08/27/2009,PAH,KY,ASO,CE,Federal Contract Tower,0,6,12,2,20,0,0,22,2,24,0,6,34,4,44,34,4,38,82
08/28/2009,PAH,KY,ASO,CE,Federal Contract Tower,0,6,17,0,23,0,0,13,0,13,0,6,30,0,36,0,0,0,36
08/29/2009,PAH,KY,ASO,CE,Federal Contract Tower,0,4,18,6,28,0,2,51,0,53,0,6,69,6,81,38,0,38,119
08/30/2009,PAH,KY,ASO,CE,Federal Contract Tower,0,4,7,0,11,0,0,59,0,59,0,4,66,0,70,24,0,24,94
08/31/2009,PAH,KY,ASO,CE,Federal Contract Tower,0,8,11,0,19,0,0,63,6,69,0,8,74,6,88,48,6,54,142
09/01/2009,PAH,KY,ASO,CE,Federal Contract Tower,0,6,8,0,14,0,2,57,4,63,0,8,65,4,77,34,2,36,113
09/02/2009,PAH,KY,ASO,CE,Federal Contract Tower,0,5,13,0,18,0,0,28,0,28,0,5,41,0,46,28,0,28,74
09/03/2009,PAH,KY,ASO,CE,Federal Contract Tower,0,7,10,0,17,0,0,34,0,34,0,7,44,0,51,22,0,22,73
09/04/2009,PAH,KY,ASO,CE,Federal Contract Tower,0,10,17,0,27,0,0,19,2,21,0,10,36,2,48,34,0,34,82
09/05/2009,PAH,KY,ASO,CE,Federal Contract Tower,0,5,4,0,9,0,0,38,0,38,0,5,42,0,47,36,0,36,83
09/06/2009,PAH,KY,ASO,CE,Federal Contract Tower,0,5,6,0,11,0,2,46,0,48,0,7,52,0,59,42,0,42,101
09/07/2009,PAH,KY,ASO,CE,Federal Contract Tower,0,8,7,0,15,0,2,60,0,62,0,10,67,0,77,54,0,54,131
09/08/2009,PAH,KY,ASO,CE,Federal Contract Tower,0,7,2,2,11,0,4,66,6,76,0,11,68,8,87,48,12,60,147
09/09/2009,PAH,KY,ASO,CE,Federal Contract Tower,0,8,12,0,20,0,0,33,6,39,0,8,45,6,59,36,4,40,99
09/10/2009,PAH,KY,ASO,CE,Federal Contract Tower,0,8,10,0,18,0,0,27,2,29,0,8,37,2,47,44,8,52,99
09/11/2009,PAH,KY,ASO,CE,Federal Contract Tower,0,11,12,2,25,0,0,23,0,23,0,11,35,2,48,0,2,2,50
09/12/2009,PAH,KY,ASO,CE,Federal Contract Tower,0,5,6,0,11,0,0,46,0,46,0,5,52,0,57,40,0,40,97
09/13/2009,PAH,KY,ASO,CE,Federal Contract Tower,0,6,11,1,18,0,0,57,4,61,0,6,68,5,79,44,2,46,125
09/14/2009,PAH,KY,ASO,CE,Federal Contract Tower,0,6,6,0,12,0,0,66,6,72,0,6,72,6,84,38,4,42,126
09/15/2009,PAH,KY,ASO,CE,Federal Contract Tower,0,6,15,7,28,0,0,41,0,41,0,6,56,7,69,34,10,44,113
09/16/2009,PAH,KY,ASO,CE,Federal Contract Tower,0,9,12,2,23,0,0,30,0,30,0,9,42,2,53,36,0,36,89
09/17/2009,PAH,KY,ASO,CE,Federal Contract Tower,0,9,2,0,11,0,2,26,0,28,0,11,28,0,39,40,0,40,79
09/18/2009,PAH,KY,ASO,CE,Federal Contract Tower,0,6,14,6,26,0,0,50,4,54,0,6,64,10,80,26,4,30,110
09/19/2009,PAH,KY,ASO,CE,Federal Contract Tower,0,4,3,0,7,0,2,59,2,63,0,6,62,2,70,50,0,50,120
09/20/2009,PAH,KY,ASO,CE,Federal Contract Tower,0,4,9,0,13,0,0,53,0,53,0,4,62,0,66,40,0,40,106
09/21/2009,PAH,KY,ASO,CE,Federal Contract Tower,0,8,9,0,17,0,0,67,6,73,0,8,76,6,90,56,8,64,154
09/22/2009,PAH,KY,ASO,CE,Federal Contract Tower,0,7,1,0,8,0,0,39,4,43,0,7,40,4,51,38,14,52,103
09/23/2009,PAH,KY,ASO,CE,Federal Contract Tower,0,6,25,2,33,0,0,14,2,16,0,6,39,4,49,4,44,48,97
09/24/2009,PAH,KY,ASO,CE,Federal Contract Tower,0,8,13,0,21,0,0,0,0,0,0,8,13,0,21,34,0,34,55
09/25/2009,PAH,KY,ASO,CE,Federal Contract Tower,0,8,18,0,26,0,0,45,4,49,0,8,63,4,75,78,0,78,153
09/26/2009,PAH,KY,ASO,CE,Federal Contract Tower,0,4,4,0,8,0,0,53,2,55,0,4,57,2,63,46,0,46,109
09/27/2009,PAH,KY,ASO,CE,Federal Contract Tower,0,8,6,2,16,0,0,76,0,76,0,8,82,2,92,40,0,40,132
09/28/2009,PAH,KY,ASO,CE,Federal Contract Tower,0,6,6,0,12,0,2,75,12,89,0,8,81,12,101,34,10,44,145
09/29/2009,PAH,KY,ASO,CE,Federal Contract Tower,0,10,5,0,15,0,0,52,9,61,0,10,57,9,76,40,4,44,120
09/30/2009,PAH,KY,ASO,CE,Federal Contract Tower,0,12,13,0,25,0,0,42,4,46,0,12,55,4,71,44,6,50,121
10/01/2009,PAH,KY,ASO,CE,Federal Contract Tower,0,10,21,0,31,0,0,37,4,41,0,10,58,4,72,38,8,46,118
10/02/2009,PAH,KY,ASO,CE,Federal Contract Tower,0,10,14,2,26,0,0,53,4,57,0,10,67,6,83,40,6,46,129
10/03/2009,PAH,KY,ASO,CE,Federal Contract Tower,0,4,12,0,16,0,2,55,2,59,0,6,67,2,75,56,2,58,133
10/04/2009,PAH,KY,ASO,CE,Federal Contract Tower,0,8,14,2,24,0,56,0,0,56,0,64,14,2,80,26,0,26,106
10/05/2009,PAH,KY,ASO,CE,Federal Contract Tower,0,6,11,2,19,0,2,62,8,72,0,8,73,10,91,62,0,62,153
10/06/2009,PAH,KY,ASO,CE,Federal Contract Tower,0,8,16,0,24,0,0,34,2,36,0,8,50,2,60,34,4,38,98
10/07/2009,PAH,KY,ASO,CE,Federal Contract Tower,0,7,6,2,15,0,1,43,2,46,0,8,49,4,61,42,4,46,107
10/08/2009,PAH,KY,ASO,CE,Federal Contract Tower,0,8,6,1,15,0,0,35,1,36,0,8,41,2,51,26,0,26,77
10/09/2009,PAH,KY,ASO,CE,Federal Contract Tower,0,10,7,0,17,0,0,34,2,36,0,10,41,2,53,20,0,20,73
10/10/2009,PAH,KY,ASO,CE,Federal Contract Tower,0,6,10,0,16,0,0,66,0,66,0,6,76,0,82,36,0,36,118
10/11/2009,PAH,KY,ASO,CE,Federal Contract Tower,0,6,10,0,16,0,0,60,0,60,0,6,70,0,76,44,0,44,120
10/12/2009,PAH,KY,ASO,CE,Federal Contract Tower,0,8,4,2,14,0,0,48,0,48,0,8,52,2,62,30,4,34,96
10/13/2009,PAH,KY,ASO,CE,Federal Contract Tower,0,7,3,0,10,0,0,23,2,25,0,7,26,2,35,30,6,36,71
10/14/2009,PAH,KY,ASO,CE,Federal Contract Tower,0,8,14,0,22,0,0,13,0,13,0,8,27,0,35,24,0,24,59
10/15/2009,PAH,KY,ASO,CE,Federal Contract Tower,0,6,7,0,13,0,0,26,0,26,0,6,33,0,39,14,0,14,53
10/16/2009,PAH,KY,ASO,CE,Federal Contract Tower,0,6,16,0,22,0,0,52,6,58,0,6,68,6,80,30,2,32,112
10/17/2009,PAH,KY,ASO,CE,Federal Contract Tower,0,6,2,0,8,0,4,55,0,59,0,10,57,0,67,70,0,70,137
10/18/2009,PAH,KY,ASO,CE,Federal Contract Tower,0,10,12,0,22,0,2,60,2,64,0,12,72,2,86,64,0,64,150
10/19/2009,PAH,KY,ASO,CE,Federal Contract Tower,0,8,11,0,19,0,2,40,0,42,0,10,51,0,61,52,0,52,113
10/20/2009,PAH,KY,ASO,CE,Federal Contract Tower,0,8,6,0,14,0,0,35,2,37,0,8,41,2,51,56,0,56,107
10/21/2009,PAH,KY,ASO,CE,Federal Contract Tower,0,6,14,0,20,0,2,30,2,34,0,8,44,2,54,42,0,42,96
10/22/2009,PAH,KY,ASO,CE,Federal Contract Tower,0,9,0,0,9,0,0,32,4,36,0,9,32,4,45,18,0,18,63
10/23/2009,PAH,KY,ASO,CE,Federal Contract Tower,0,6,5,0,11,0,0,27,0,27,0,6,32,0,38,6,0,6,44
10/24/2009,PAH,KY,ASO,CE,Federal Contract Tower,0,6,6,0,12,0,0,53,2,55,0,6,59,2,67,46,2,48,115
10/25/2009,PAH,KY,ASO,CE,Federal Contract Tower,0,3,5,0,8,0,4,71,0,75,0,7,76,0,83,50,0,50,133
10/26/2009,PAH,KY,ASO,CE,Federal Contract Tower,0,8,7,0,15,0,0,40,0,40,0,8,47,0,55,44,0,44,99
10/27/2009,PAH,KY,ASO,CE,Federal Contract Tower,0,6,15,0,21,0,0,14,0,14,0,6,29,0,35,10,0,10,45
10/28/2009,PAH,KY,ASO,CE,Federal Contract Tower,0,8,18,1,27,0,2,29,3,34,0,10,47,4,61,22,12,34,95
10/29/2009,PAH,KY,ASO,CE,Federal Contract Tower,0,10,7,2,19,0,7,42,2,51,0,17,49,4,70,18,0,18,88
10/30/2009,PAH,KY,ASO,CE,Federal Contract Tower,0,8,6,0,14,0,0,57,6,63,0,8,63,6,77,22,0,22,99
10/31/2009,PAH,KY,ASO,CE,Federal Contract Tower,0,2,4,0,6,0,4,73,0,77,0,6,77,0,83,80,0,80,163
11/01/2009,PAH,KY,ASO,CE,Federal Contract Tower,0,5,12,0,17,0,4,67,2,73,0,9,79,2,90,62,0,62,152
11/02/2009,PAH,KY,ASO,CE,Federal Contract Tower,0,7,7,0,14,0,0,33,2,35,0,7,40,2,49,12,4,16,65
11/03/2009,PAH,KY,ASO,CE,Federal Contract Tower,0,8,11,2,21,0,0,26,0,26,0,8,37,2,47,24,0,24,71
11/04/2009,PAH,KY,ASO,CE,Federal Contract Tower,0,6,14,2,22,0,0,28,2,30,0,6,42,4,52,42,8,50,102
11/05/2009,PAH,KY,ASO,CE,Federal Contract Tower,0,9,15,4,28,0,0,47,0,47,0,9,62,4,75,30,2,32,107
11/06/2009,PAH,KY,ASO,CE,Federal Contract Tower,0,7,10,0,17,0,0,45,0,45,0,7,55,0,62,20,0,20,82
11/07/2009,PAH,KY,ASO,CE,Federal Contract Tower,2,4,6,0,12,0,35,0,0,35,2,39,6,0,47,34,0,34,81
11/08/2009,PAH,KY,ASO,CE,Federal Contract Tower,0,4,7,0,11,0,0,23,0,23,0,4,30,0,34,10,0,10,44
11/09/2009,PAH,KY,ASO,CE,Federal Contract Tower,0,11,4,0,15,0,0,14,0,14,0,11,18,0,29,12,0,12,41
11/10/2009,PAH,KY,ASO,CE,Federal Contract Tower,0,7,12,0,19,0,0,32,0,32,0,7,44,0,51,40,0,40,91
11/11/2009,PAH,KY,ASO,CE,Federal Contract Tower,0,7,31,0,38,0,0,53,2,55,0,7,84,2,93,44,4,48,141
11/12/2009,PAH,KY,ASO,CE,Federal Contract Tower,0,11,14,0,25,0,0,68,6,74,0,11,82,6,99,62,2,64,163
11/13/2009,PAH,KY,ASO,CE,Federal Contract Tower,0,8,10,2,20,0,4,74,4,82,0,12,84,6,102,52,0,52,154
11/14/2009,PAH,KY,ASO,CE,Federal Contract Tower,0,6,7,0,13,0,0,65,2,67,0,6,72,2,80,62,0,62,142
11/15/2009,PAH,KY,ASO,CE,Federal Contract Tower,0,4,12,0,16,0,0,22,0,22,0,4,34,0,38,18,0,18,56
11/16/2009,PAH,KY,ASO,CE,Federal Contract Tower,0,8,5,0,13,0,0,21,0,21,0,8,26,0,34,12,0,12,46
11/17/2009,PAH,KY,ASO,CE,Federal Contract Tower,0,6,6,0,12,0,0,8,0,8,0,6,14,0,20,0,0,0,20
11/18/2009,PAH,KY,ASO,CE,Federal Contract Tower,0,6,8,0,14,0,2,30,2,34,0,8,38,2,48,26,2,28,76
11/19/2009,PAH,KY,ASO,CE,Federal Contract Tower,0,8,10,2,20,0,0,55,2,57,0,8,65,4,77,20,0,20,97
11/20/2009,PAH,KY,ASO,CE,Federal Contract Tower,0,6,23,0,29,0,2,67,6,75,0,8,90,6,104,36,0,36,140
11/21/2009,PAH,KY,ASO,CE,Federal Contract Tower,0,5,6,0,11,0,0,71,0,71,0,5,77,0,82,48,0,48,130
11/22/2009,PAH,KY,ASO,CE,Federal Contract Tower,0,5,8,0,13,0,0,37,0,37,0,5,45,0,50,14,0,14,64
11/23/2009,PAH,KY,ASO,CE,Federal Contract Tower,0,9,11,2,22,0,0,4,0,4,0,9,15,2,26,0,0,0,26
11/24/2009,PAH,KY,ASO,CE,Federal Contract Tower,0,6,16,0,22,0,0,27,0,27,0,6,43,0,49,34,0,34,83
11/25/2009,PAH,KY,ASO,CE,Federal Contract Tower,0,8,21,0,29,0,2,57,0,59,0,10,78,0,88,46,0,46,134
11/26/2009,PAH,KY,ASO,CE,Federal Contract Tower,0,4,7,0,11,0,0,43,0,43,0,4,50,0,54,24,0,24,78
11/27/2009,PAH,KY,ASO,CE,Federal Contract Tower,0,9,9,0,18,0,4,65,0,69,0,13,74,0,87,72,0,72,159
11/28/2009,PAH,KY,ASO,CE,Federal Contract Tower,0,4,4,0,8,0,2,69,0,71,0,6,73,0,79,90,0,90,169
11/29/2009,PAH,KY,ASO,CE,Federal Contract Tower,0,5,14,0,19,0,0,17,0,17,0,5,31,0,36,0,0,0,36
11/30/2009,PAH,KY,ASO,CE,Federal Contract Tower,0,6,7,4,17,0,0,40,2,42,0,6,47,6,59,48,4,52,111
12/01/2009,PAH,KY,ASO,CE,Federal Contract Tower,0,6,10,0,16,0,0,35,2,37,0,6,45,2,53,40,2,42,95
12/02/2009,PAH,KY,ASO,CE,Federal Contract Tower,0,7,6,0,13,0,0,33,0,33,0,7,39,0,46,30,0,30,76
12/03/2009,PAH,KY,ASO,CE,Federal Contract Tower,0,9,7,0,16,0,0,64,4,68,0,9,71,4,84,56,4,60,144
12/04/2009,PAH,KY,ASO,CE,Federal Contract Tower,0,6,15,0,21,0,2,64,8,74,0,8,79,8,95,54,0,54,149
12/05/2009,PAH,KY,ASO,CE,Federal Contract Tower,0,4,9,0,13,0,0,63,2,65,0,4,72,2,78,48,0,48,126
12/06/2009,PAH,KY,ASO,CE,Federal Contract Tower,0,5,9,2,16,0,0,13,4,17,0,5,22,6,33,0,0,0,33
12/07/2009,PAH,KY,ASO,CE,Federal Contract Tower,0,10,8,0,18,0,0,7,0,7,0,10,15,0,25,0,0,0,25
12/08/2009,PAH,KY,ASO,CE,Federal Contract Tower,0,6,7,0,13,0,0,31,0,31,0,6,38,0,44,0,0,0,44
12/09/2009,PAH,KY,ASO,CE,Federal Contract Tower,0,6,6,0,12,0,2,61,4,67,0,8,67,4,79,86,0,86,165
12/10/2009,PAH,KY,ASO,CE,Federal Contract Tower,0,15,18,0,33,0,3,70,6,79,0,18,88,6,112,64,6,70,182
12/11/2009,PAH,KY,ASO,CE,Federal Contract Tower,0,13,12,0,25,0,0,74,8,82,0,13,86,8,107,42,6,48,155
12/12/2009,PAH,KY,ASO,CE,Federal Contract Tower,0,4,7,0,11,0,0,51,0,51,0,4,58,0,62,48,0,48,110
12/13/2009,PAH,KY,ASO,CE,Federal Contract Tower,0,4,15,2,21,0,0,41,2,43,0,4,56,4,64,44,6,50,114
12/14/2009,PAH,KY,ASO,CE,Federal Contract Tower,0,8,11,0,19,0,0,23,0,23,0,8,34,0,42,40,0,40,82
12/15/2009,PAH,KY,ASO,CE,Federal Contract Tower,0,8,15,0,23,0,2,39,4,45,0,10,54,4,68,68,0,68,136
12/16/2009,PAH,KY,ASO,CE,Federal Contract Tower,0,7,4,0,11,0,2,38,2,42,0,9,42,2,53,26,0,26,79
12/17/2009,PAH,KY,ASO,CE,Federal Contract Tower,0,8,7,0,15,0,0,72,8,80,0,8,79,8,95,46,4,50,145
12/18/2009,PAH,KY,ASO,CE,Federal Contract Tower,0,6,8,0,14,0,0,62,6,68,0,6,70,6,82,42,0,42,124
12/19/2009,PAH,KY,ASO,CE,Federal Contract Tower,0,6,3,0,9,0,0,3,0,3,0,6,6,0,12,0,0,0,12
12/20/2009,PAH,KY,ASO,CE,Federal Contract Tower,0,4,3,0,7,0,0,0,0,0,0,4,3,0,7,0,0,0,7
12/21/2009,PAH,KY,ASO,CE,Federal Contract Tower,0,6,2,0,8,0,0,12,0,12,0,6,14,0,20,8,0,8,28
12/22/2009,PAH,KY,ASO,CE,Federal Contract Tower,0,8,15,0,23,0,0,50,2,52,0,8,65,2,75,44,0,44,119
12/23/2009,PAH,KY,ASO,CE,Federal Contract Tower,0,8,3,0,11,0,4,87,0,91,0,12,90,0,102,82,0,82,184
12/24/2009,PAH,KY,ASO,CE,Federal Contract Tower,0,4,6,0,10,0,2,67,0,69,0,6,73,0,79,64,0,64,143
12/25/2009,PAH,KY,ASO,CE,Federal Contract Tower,0,6,3,0,9,0,0,53,0,53,0,6,56,0,62,34,0,34,96
12/26/2009,PAH,KY,ASO,CE,Federal Contract Tower,0,6,5,0,11,0,0,5,0,5,0,6,10,0,16,0,0,0,16
12/27/2009,PAH,KY,ASO,CE,Federal Contract Tower,0,4,3,0,7,0,0,8,0,8,0,4,11,0,15,8,0,8,23
12/28/2009,PAH,KY,ASO,CE,Federal Contract Tower,0,6,5,0,11,0,0,27,0,27,0,6,32,0,38,46,0,46,84
12/29/2009,PAH,KY,ASO,CE,Federal Contract Tower,0,11,5,0,16,0,2,70,7,79,0,13,75,7,95,66,2,68,163
12/30/2009,PAH,KY,ASO,CE,Federal Contract Tower,0,6,6,0,12,0,0,67,2,69,0,6,73,2,81,66,0,66,147
12/31/2009,PAH,KY,ASO,CE,Federal Contract Tower,0,12,6,0,18,0,0,47,0,47,0,12,53,0,65,38,0,38,103
01/01/2010,PAH,KY,ASO,CE,Federal Contract Tower,0,4,10,0,14,0,0,43,0,43,0,4,53,0,57,52,0,52,109
01/02/2010,PAH,KY,ASO,CE,Federal Contract Tower,0,4,10,0,14,0,0,20,0,20,0,4,30,0,34,18,0,18,52
01/03/2010,PAH,KY,ASO,CE,Federal Contract Tower,0,6,9,0,15,0,0,7,0,7,0,6,16,0,22,0,0,0,22
01/04/2010,PAH,KY,ASO,CE,Federal Contract Tower,0,9,8,0,17,0,2,48,4,54,0,11,56,4,71,44,0,44,115
01/05/2010,PAH,KY,ASO,CE,Federal Contract Tower,0,6,10,0,16,0,2,52,8,62,0,8,62,8,78,90,0,90,168
01/06/2010,PAH,KY,ASO,CE,Federal Contract Tower,0,6,18,0,24,0,2,63,5,70,0,8,81,5,94,70,4,74,168
01/07/2010,PAH,KY,ASO,CE,Federal Contract Tower,0,4,0,0,4,0,0,53,4,57,0,4,53,4,61,36,0,36,97
01/08/2010,PAH,KY,ASO,CE,Federal Contract Tower,0,6,5,0,11,0,0,7,0,7,0,6,12,0,18,0,0,0,18
01/09/2010,PAH,KY,ASO,CE,Federal Contract Tower,0,4,4,0,8,0,2,4,0,6,0,6,8,0,14,0,0,0,14
01/10/2010,PAH,KY,ASO,CE,Federal Contract Tower,0,4,6,0,10,0,0,7,0,7,0,4,13,0,17,0,0,0,17
01/11/2010,PAH,KY,ASO,CE,Federal Contract Tower,0,6,8,0,14,0,0,39,5,44,0,6,47,5,58,68,0,68,126
01/12/2010,PAH,KY,ASO,CE,Federal Contract Tower,0,8,10,0,18,0,4,57,2,63,0,12,67,2,81,66,0,66,147
01/13/2010,PAH,KY,ASO,CE,Federal Contract Tower,0,8,15,0,23,0,2,61,8,71,0,10,76,8,94,78,6,84,178
01/14/2010,PAH,KY,ASO,CE,Federal Contract Tower,0,7,14,0,21,0,0,62,2,64,0,7,76,2,85,60,0,60,145
01/15/2010,PAH,KY,ASO,CE,Federal Contract Tower,0,8,14,1,23,0,0,35,3,38,0,8,49,4,61,12,0,12,73
01/16/2010,PAH,KY,ASO,CE,Federal Contract Tower,0,6,7,0,13,0,0,13,0,13,0,6,20,0,26,10,0,10,36
01/17/2010,PAH,KY,ASO,CE,Federal Contract Tower,0,4,11,0,15,0,0,5,0,5,0,4,16,0,20,0,0,0,20
01/18/2010,PAH,KY,ASO,CE,Federal Contract Tower,0,6,13,0,19,0,0,58,6,64,0,6,71,6,83,72,0,72,155
01/19/2010,PAH,KY,ASO,CE,Federal Contract Tower,0,6,15,4,25,0,2,65,12,79,0,8,80,16,104,60,0,60,164
01/20/2010,PAH,KY,ASO,CE,Federal Contract Tower,0,9,14,0,23,0,0,59,2,61,0,9,73,2,84,66,4,70,154
01/21/2010,PAH,KY,ASO,CE,Federal Contract Tower,0,8,17,0,25,0,0,56,2,58,0,8,73,2,83,60,0,60,143
01/22/2010,PAH,KY,ASO,CE,Federal Contract Tower,0,6,11,0,17,0,0,5,0,5,0,6,16,0,22,0,0,0,22
01/23/2010,PAH,KY,ASO,CE,Federal Contract Tower,0,7,7,2,16,0,0,11,0,11,0,7,18,2,27,22,0,22,49
01/24/2010,PAH,KY,ASO,CE,Federal Contract Tower,0,6,1,0,7,0,0,0,0,0,0,6,1,0,7,0,0,0,7
01/25/2010,PAH,KY,ASO,CE,Federal Contract Tower,0,8,6,0,14,0,0,48,6,54,0,8,54,6,68,48,6,54,122
01/26/2010,PAH,KY,ASO,CE,Federal Contract Tower,0,9,6,0,15,0,0,47,2,49,0,9,53,2,64,32,2,34,98
01/27/2010,PAH,KY,ASO,CE,Federal Contract Tower,0,11,12,0,23,0,2,71,10,83,0,13,83,10,106,56,4,60,166
01/28/2010,PAH,KY,ASO,CE,Federal Contract Tower,0,11,19,0,30,0,2,64,2,68,0,13,83,2,98,64,2,66,164
01/29/2010,PAH,KY,ASO,CE,Federal Contract Tower,0,0,6,0,6,0,0,2,0,2,0,0,8,0,8,8,0,8,16
01/30/2010,PAH,KY,ASO,CE,Federal Contract Tower,0,6,7,0,13,0,0,2,0,2,0,6,9,0,15,0,0,0,15
01/31/2010,PAH,KY,ASO,CE,Federal Contract Tower,0,8,8,0,16,0,0,4,0,4,0,8,12,0,20,0,0,0,20
02/01/2010,PAH,KY,ASO,CE,Federal Contract Tower,0,6,9,0,15,0,0,52,4,56,0,6,61,4,71,50,8,58,129
02/02/2010,PAH,KY,ASO,CE,Federal Contract Tower,0,6,7,0,13,0,2,46,8,56,0,8,53,8,69,56,2,58,127
02/03/2010,PAH,KY,ASO,CE,Federal Contract Tower,0,8,11,0,19,0,2,56,5,63,0,10,67,5,82,34,6,40,122
02/04/2010,PAH,KY,ASO,CE,Federal Contract Tower,0,6,9,1,16,0,0,33,3,36,0,6,42,4,52,26,2,28,80
02/05/2010,PAH,KY,ASO,CE,Federal Contract Tower,0,10,3,0,13,0,0,0,0,0,0,10,3,0,13,0,0,0,13
02/06/2010,PAH,KY,ASO,CE,Federal Contract Tower,0,4,3,0,7,0,2,5,0,7,0,6,8,0,14,0,0,0,14
02/07/2010,PAH,KY,ASO,CE,Federal Contract Tower,0,6,7,0,13,0,0,57,0,57,0,6,64,0,70,54,0,54,124
02/08/2010,PAH,KY,ASO,CE,Federal Contract Tower,0,4,4,0,8,0,0,40,0,40,0,4,44,0,48,46,0,46,94
02/09/2010,PAH,KY,ASO,CE,Federal Contract Tower,0,8,4,0,12,0,2,40,0,42,0,10,44,0,54,32,6,38,92
02/10/2010,PAH,KY,ASO,CE,Federal Contract Tower,0,6,11,0,17,0,2,58,6,66,0,8,69,6,83,58,0,58,141
02/11/2010,PAH,KY,ASO,CE,Federal Contract Tower,0,8,19,0,27,0,0,46,2,48,0,8,65,2,75,46,0,46,121
02/12/2010,PAH,KY,ASO,CE,Federal Contract Tower,0,7,10,0,17,0,0,21,6,27,0,7,31,6,44,0,4,4,48
02/13/2010,PAH,KY,ASO,CE,Federal Contract Tower,0,5,0,0,5,0,0,19,1,20,0,5,19,1,25,0,0,0,25
02/14/2010,PAH,KY,ASO,CE,Federal Contract Tower,0,6,0,0,6,0,0,39,0,39,0,6,39,0,45,42,0,42,87
02/15/2010,PAH,KY,ASO,CE,Federal Contract Tower,0,5,4,1,10,0,2,36,2,40,0,7,40,3,50,28,2,30,80
02/16/2010,PAH,KY,ASO,CE,Federal Contract Tower,0,6,13,0,19,0,0,46,7,53,0,6,59,7,72,46,6,52,124
02/17/2010,PAH,KY,ASO,CE,Federal Contract Tower,0,11,10,0,21,0,0,45,2,47,0,11,55,2,68,48,0,48,116
02/18/2010,PAH,KY,ASO,CE,Federal Contract Tower,0,9,11,0,20,0,2,55,4,61,0,11,66,4,81,34,6,40,121
02/19/2010,PAH,KY,ASO,CE,Federal Contract Tower,0,10,5,0,15,0,0,29,0,29,0,10,34,0,44,6,0,6,50
02/20/2010,PAH,KY,ASO,CE,Federal Contract Tower,0,6,8,0,14,0,2,27,0,29,0,8,35,0,43,6,0,6,49
02/21/2010,PAH,KY,ASO,CE,Federal Contract Tower,0,5,5,0,10,0,2,49,0,51,0,7,54,0,61,44,0,44,105
02/22/2010,PAH,KY,ASO,CE,Federal Contract Tower,0,8,7,0,15,0,0,54,0,54,0,8,61,0,69,42,0,42,111
02/23/2010,PAH,KY,ASO,CE,Federal Contract Tower,0,6,6,0,12,0,0,48,6,54,0,6,54,6,66,58,4,62,128
02/24/2010,PAH,KY,ASO,CE,Federal Contract Tower,0,4,6,0,10,0,2,54,4,60,0,6,60,4,70,48,0,48,118
02/25/2010,PAH,KY,ASO,CE,Federal Contract Tower,0,6,3,0,9,0,2,43,2,47,0,8,46,2,56,48,4,52,108
02/26/2010,PAH,KY,ASO,CE,Federal Contract Tower,0,6,0,0,6,0,0,29,0,29,0,6,29,0,35,16,0,16,51
02/27/2010,PAH,KY,ASO,CE,Federal Contract Tower,0,10,4,0,14,0,0,31,0,31,0,10,35,0,45,12,0,12,57
02/28/2010,PAH,KY,ASO,CE,Federal Contract Tower,0,6,8,0,14,0,0,50,0,50,0,6,58,0,64,52,0,52,116
03/01/2010,PAH,KY,ASO,CE,Federal Contract Tower,0,6,5,0,11,0,2,55,2,59,0,8,60,2,70,42,0,42,112
03/02/2010,PAH,KY,ASO,CE,Federal Contract Tower,0,11,11,0,22,0,0,45,4,49,0,11,56,4,71,54,8,62,133
03/03/2010,PAH,KY,ASO,CE,Federal Contract Tower,0,6,13,0,19,0,0,34,4,38,0,6,47,4,57,26,0,26,83
03/04/2010,PAH,KY,ASO,CE,Federal Contract Tower,0,7,9,0,16,0,2,53,2,57,0,9,62,2,73,30,4,34,107
03/05/2010,PAH,KY,ASO,CE,Federal Contract Tower,0,6,10,0,16,0,0,38,2,40,0,6,48,2,56,6,0,6,62
03/06/2010,PAH,KY,ASO,CE,Federal Contract Tower,0,4,5,0,9,0,0,0,0,0,0,4,5,0,9,32,0,32,41
03/07/2010,PAH,KY,ASO,CE,Federal Contract Tower,0,4,5,0,9,0,0,47,0,47,0,4,52,0,56,52,0,52,108
03/08/2010,PAH,KY,ASO,CE,Federal Contract Tower,0,6,6,0,12,0,2,37,2,41,0,8,43,2,53,46,0,46,99
03/09/2010,PAH,KY,ASO,CE,Federal Contract Tower,0,6,10,0,16,0,0,34,2,36,0,6,44,2,52,34,4,38,90
03/10/2010,PAH,KY,ASO,CE,Federal Contract Tower,0,6,9,0,15,0,0,42,4,46,0,6,51,4,61,24,0,24,85
03/11/2010,PAH,KY,ASO,CE,Federal Contract Tower,0,7,12,1,20,0,2,36,1,39,0,9,48,2,59,14,0,14,73
03/12/2010,PAH,KY,ASO,CE,Federal Contract Tower,0,6,7,0,13,0,0,0,0,0,0,6,7,0,13,0,0,0,13
03/13/2010,PAH,KY,ASO,CE,Federal Contract Tower,0,9,2,0,11,0,0,2,0,2,0,9,4,0,13,0,0,0,13
03/14/2010,PAH,KY,ASO,CE,Federal Contract Tower,0,7,8,0,15,0,0,5,0,5,0,7,13,0,20,0,0,0,20
03/15/2010,PAH,KY,ASO,CE,Federal Contract Tower,0,8,18,0,26,0,2,20,0,22,0,10,38,0,48,10,0,10,58
03/16/2010,PAH,KY,ASO,CE,Federal Contract Tower,2,10,11,1,24,0,0,43,9,52,2,10,54,10,76,34,6,40,116
03/17/2010,PAH,KY,ASO,CE,Federal Contract Tower,0,6,17,0,23,0,2,63,4,69,0,8,80,4,92,34,2,36,128
03/18/2010,PAH,KY,ASO,CE,Federal Contract Tower,0,6,16,0,22,0,0,64,4,68,0,6,80,4,90,58,0,58,148
03/19/2010,PAH,KY,ASO,CE,Federal Contract Tower,0,8,10,0,18,0,0,33,0,33,0,8,43,0,51,20,0,20,71
03/20/2010,PAH,KY,ASO,CE,Federal Contract Tower,0,3,10,0,13,0,0,17,0,17,0,3,27,0,30,28,0,28,58
03/21/2010,PAH,KY,ASO,CE,Federal Contract Tower,0,7,6,0,13,0,2,15,0,17,0,9,21,0,30,0,0,0,30
03/22/2010,PAH,KY,ASO,CE,Federal Contract Tower,0,7,8,0,15,0,2,30,2,34,0,9,38,2,49,24,2,26,75
03/23/2010,PAH,KY,ASO,CE,Federal Contract Tower,0,6,15,0,21,0,0,48,3,51,0,6,63,3,72,46,0,46,118
03/24/2010,PAH,KY,ASO,CE,Federal Contract Tower,0,5,11,2,18,0,0,59,4,63,0,5,70,6,81,48,4,52,133
03/25/2010,PAH,KY,ASO,CE,Federal Contract Tower,0,8,4,0,12,0,2,19,0,21,0,10,23,0,33,20,0,20,53
03/26/2010,PAH,KY,ASO,CE,Federal Contract Tower,0,7,11,0,18,0,0,36,1,37,0,7,47,1,55,12,0,12,67
03/27/2010,PAH,KY,ASO,CE,Federal Contract Tower,0,6,8,0,14,0,0,15,1,16,0,6,23,1,30,14,0,14,44
03/28/2010,PAH,KY,ASO,CE,Federal Contract Tower,0,4,2,0,6,0,0,6,0,6,0,4,8,0,12,0,0,0,12
03/29/2010,PAH,KY,ASO,CE,Federal Contract Tower,0,9,13,0,22,0,0,33,0,33,0,9,46,0,55,12,0,12,67
03/30/2010,PAH,KY,ASO,CE,Federal Contract Tower,0,9,15,0,24,0,0,57,0,57,0,9,72,0,81,36,0,36,117
03/31/2010,PAH,KY,ASO,CE,Federal Contract Tower,0,8,10,0,18,0,0,30,2,32,0,8,40,2,50,26,0,26,76
04/01/2010,PAH,KY,ASO,CE,Federal Contract Tower,0,8,18,0,26,0,0,32,0,32,0,8,50,0,58,12,0,12,70
04/02/2010,PAH,KY,ASO,CE,Federal Contract Tower,0,6,14,0,20,0,0,17,0,17,0,6,31,0,37,8,0,8,45
04/03/2010,PAH,KY,ASO,CE,Federal Contract Tower,0,5,3,0,8,0,0,12,0,12,0,5,15,0,20,2,0,2,22
04/04/2010,PAH,KY,ASO,CE,Federal Contract Tower,0,6,6,0,12,0,0,31,2,33,0,6,37,2,45,36,0,36,81
04/05/2010,PAH,KY,ASO,CE,Federal Contract Tower,0,5,14,0,19,0,0,48,6,54,0,5,62,6,73,54,6,60,133
04/06/2010,PAH,KY,ASO,CE,Federal Contract Tower,0,9,3,0,12,0,0,50,2,52,0,9,53,2,64,48,0,48,112
04/07/2010,PAH,KY,ASO,CE,Federal Contract Tower,0,5,6,0,11,0,2,49,2,53,0,7,55,2,64,32,0,32,96
04/08/2010,PAH,KY,ASO,CE,Federal Contract Tower,0,7,8,0,15,0,2,50,2,54,0,9,58,2,69,36,4,40,109
04/09/2010,PAH,KY,ASO,CE,Federal Contract Tower,0,6,10,0,16,0,0,42,0,42,0,6,52,0,58,1,1,2,60
04/10/2010,PAH,KY,ASO,CE,Federal Contract Tower,0,5,5,0,10,0,0,19,0,19,0,5,24,0,29,2,0,2,31
04/11/2010,PAH,KY,ASO,CE,Federal Contract Tower,0,8,10,4,22,0,4,43,0,47,0,12,53,4,69,52,0,52,121
04/12/2010,PAH,KY,ASO,CE,Federal Contract Tower,0,7,5,5,17,0,0,48,3,51,0,7,53,8,68,50,2,52,120
04/13/2010,PAH,KY,ASO,CE,Federal Contract Tower,0,6,7,2,15,0,0,58,4,62,0,6,65,6,77,44,0,44,121
04/14/2010,PAH,KY,ASO,CE,Federal Contract Tower,0,6,11,0,17,0,2,59,2,63,0,8,70,2,80,38,0,38,118
04/15/2010,PAH,KY,ASO,CE,Federal Contract Tower,0,6,5,0,11,0,0,44,6,50,0,6,49,6,61,40,0,40,101
04/16/2010,PAH,KY,ASO,CE,Federal Contract Tower,0,8,11,0,19,0,0,29,0,29,0,8,40,0,48,20,0,20,68
04/17/2010,PAH,KY,ASO,CE,Federal Contract Tower,0,4,17,0,21,0,0,14,0,14,0,4,31,0,35,0,0,0,35
04/18/2010,PAH,KY,ASO,CE,Federal Contract Tower,0,4,12,0,16,0,2,47,2,51,0,6,59,2,67,54,0,54,121
04/19/2010,PAH,KY,ASO,CE,Federal Contract Tower,0,6,9,0,15,0,2,45,2,49,0,8,54,2,64,32,2,34,98
04/20/2010,PAH,KY,ASO,CE,Federal Contract Tower,0,6,6,0,12,0,0,46,4,50,0,6,52,4,62,26,4,30,92
04/21/2010,PAH,KY,ASO,CE,Federal Contract Tower,0,8,2,0,10,0,0,56,4,60,0,8,58,4,70,34,0,34,104
04/22/2010,PAH,KY,ASO,CE,Federal Contract Tower,2,5,14,0,21,0,2,45,4,51,2,7,59,4,72,42,0,42,114
04/23/2010,PAH,KY,ASO,CE,Federal Contract Tower,2,6,11,0,19,0,0,36,0,36,2,6,47,0,55,22,0,22,77
04/24/2010,PAH,KY,ASO,CE,Federal Contract Tower,2,2,8,0,12,0,0,2,0,2,2,2,10,0,14,0,0,0,14
04/25/2010,PAH,KY,ASO,CE,Federal Contract Tower,0,4,3,0,7,0,0,21,0,21,0,4,24,0,28,18,0,18,46
04/26/2010,PAH,KY,ASO,CE,Federal Contract Tower,0,6,5,2,13,0,2,43,0,45,0,8,48,2,58,38,0,38,96
04/27/2010,PAH,KY,ASO,CE,Federal Contract Tower,0,8,8,4,20,0,0,42,2,44,0,8,50,6,64,36,0,36,100
04/28/2010,PAH,KY,ASO,CE,Federal Contract Tower,0,6,11,2,19,0,0,60,12,72,0,6,71,14,91,26,0,26,117
04/29/2010,PAH,KY,ASO,CE,Federal Contract Tower,1,9,4,2,16,0,0,18,10,28,1,9,22,12,44,14,0,14,58
04/30/2010,PAH,KY,ASO,CE,Federal Contract Tower,0,8,3,0,11,0,0,11,2,13,0,8,14,2,24,0,0,0,24
05/01/2010,PAH,KY,ASO,CE,Federal Contract Tower,0,4,0,0,4,0,0,0,0,0,0,4,0,0,4,0,0,0,4
05/02/2010,PAH,KY,ASO,CE,Federal Contract Tower,0,9,5,3,17,0,0,0,0,0,0,9,5,3,17,0,0,0,17
05/03/2010,PAH,KY,ASO,CE,Federal Contract Tower,0,7,4,0,11,0,0,30,0,30,0,7,34,0,41,10,0,10,51
05/04/2010,PAH,KY,ASO,CE,Federal Contract Tower,0,6,2,4,12,0,0,18,0,18,0,6,20,4,30,8,0,8,38
05/05/2010,PAH,KY,ASO,CE,Federal Contract Tower,0,6,11,0,17,0,2,21,0,23,0,8,32,0,40,14,0,14,54
05/06/2010,PAH,KY,ASO,CE,Federal Contract Tower,0,6,9,1,16,0,0,23,8,31,0,6,32,9,47,0,0,0,47
05/07/2010,PAH,KY,ASO,CE,Federal Contract Tower,0,7,6,0,13,0,0,15,0,15,0,7,21,0,28,26,0,26,54
05/08/2010,PAH,KY,ASO,CE,Federal Contract Tower,0,4,10,0,14,0,0,13,0,13,0,4,23,0,27,2,0,2,29
05/09/2010,PAH,KY,ASO,CE,Federal Contract Tower,0,4,8,0,12,0,2,16,0,18,0,6,24,0,30,10,0,10,40
05/10/2010,PAH,KY,ASO,CE,Federal Contract Tower,0,6,5,0,11,0,0,2,0,2,0,6,7,0,13,0,0,0,13
05/11/2010,PAH,KY,ASO,CE,Federal Contract Tower,0,6,9,0,15,0,0,11,0,11,0,6,20,0,26,10,0,10,36
05/12/2010,PAH,KY,ASO,CE,Federal Contract Tower,0,6,19,0,25,0,0,33,0,33,0,6,52,0,58,56,0,56,114
05/13/2010,PAH,KY,ASO,CE,Federal Contract Tower,0,7,5,0,12,0,0,6,0,6,0,7,11,0,18,10,0,10,28
05/14/2010,PAH,KY,ASO,CE,Federal Contract Tower,0,8,16,0,24,0,0,14,0,14,0,8,30,0,38,4,0,4,42
05/15/2010,PAH,KY,ASO,CE,Federal Contract Tower,0,6,5,0,11,0,0,10,0,10,0,6,15,0,21,4,0,4,25
05/16/2010,PAH,KY,ASO,CE,Federal Contract Tower,0,7,5,0,12,0,0,0,0,0,0,7,5,0,12,4,0,4,16
05/17/2010,PAH,KY,ASO,CE,Federal Contract Tower,0,8,6,0,14,0,0,6,0,6,0,8,12,0,20,2,0,2,22
05/18/2010,PAH,KY,ASO,CE,Federal Contract Tower,0,10,13,0,23,0,0,31,0,31,0,10,44,0,54,0,0,0,54
05/19/2010,PAH,KY,ASO,CE,Federal Contract Tower,0,5,14,0,19,0,0,17,0,17,0,5,31,0,36,6,0,6,42
05/20/2010,PAH,KY,ASO,CE,Federal Contract Tower,0,8,5,0,13,0,0,1,0,1,0,8,6,0,14,0,0,0,14
05/21/2010,PAH,KY,ASO,CE,Federal Contract Tower,0,6,14,0,20,0,0,10,2,12,0,6,24,2,32,0,4,4,36
05/22/2010,PAH,KY,ASO,CE,Federal Contract Tower,0,7,10,0,17,0,0,27,0,27,0,7,37,0,44,6,0,6,50
05/23/2010,PAH,KY,ASO,CE,Federal Contract Tower,0,6,3,0,9,0,0,30,0,30,0,6,33,0,39,14,0,14,53
05/24/2010,PAH,KY,ASO,CE,Federal Contract Tower,0,8,4,2,14,0,0,7,2,9,0,8,11,4,23,14,2,16,39
05/25/2010,PAH,KY,ASO,CE,Federal Contract Tower,0,7,12,4,23,0,0,35,0,35,0,7,47,4,58,8,0,8,66
05/26/2010,PAH,KY,ASO,CE,Federal Contract Tower,0,5,16,0,21,0,2,35,0,37,0,7,51,0,58,0,0,0,58
05/27/2010,PAH,KY,ASO,CE,Federal Contract Tower,0,9,10,0,19,0,1,10,4,15,0,10,20,4,34,12,0,12,46
05/28/2010,PAH,KY,ASO,CE,Federal Contract Tower,0,6,14,0,20,0,0,13,0,13,0,6,27,0,33,0,0,0,33
05/29/2010,PAH,KY,ASO,CE,Federal Contract Tower,0,2,5,0,7,0,0,18,0,18,0,2,23,0,25,14,0,14,39
05/30/2010,PAH,KY,ASO,CE,Federal Contract Tower,0,3,9,0,12,0,0,11,0,11,0,3,20,0,23,0,0,0,23
05/31/2010,PAH,KY,ASO,CE,Federal Contract Tower,0,3,8,0,11,0,0,8,0,8,0,3,16,0,19,0,0,0,19
06/01/2010,PAH,KY,ASO,CE,Federal Contract Tower,0,5,13,0,18,0,0,18,0,18,0,5,31,0,36,0,0,0,36
06/02/2010,PAH,KY,ASO,CE,Federal Contract Tower,0,5,5,0,10,0,0,10,0,10,0,5,15,0,20,0,0,0,20
06/03/2010,PAH,KY,ASO,CE,Federal Contract Tower,0,6,7,0,13,0,0,22,0,22,0,6,29,0,35,4,0,4,39
06/04/2010,PAH,KY,ASO,CE,Federal Contract Tower,0,8,13,2,23,0,0,23,0,23,0,8,36,2,46,0,0,0,46
06/05/2010,PAH,KY,ASO,CE,Federal Contract Tower,0,4,3,0,7,0,0,18,0,18,0,4,21,0,25,16,0,16,41
06/06/2010,PAH,KY,ASO,CE,Federal Contract Tower,0,4,17,0,21,0,0,9,0,9,0,4,26,0,30,0,0,0,30
06/07/2010,PAH,KY,ASO,CE,Federal Contract Tower,2,5,12,0,19,0,0,35,0,35,2,5,47,0,54,8,0,8,62
06/08/2010,PAH,KY,ASO,CE,Federal Contract Tower,0,6,8,0,14,0,0,14,0,14,0,6,22,0,28,0,0,0,28
06/09/2010,PAH,KY,ASO,CE,Federal Contract Tower,0,5,10,0,15,0,2,7,2,11,0,7,17,2,26,0,0,0,26
06/10/2010,PAH,KY,ASO,CE,Federal Contract Tower,0,9,10,2,21,0,5,12,1,18,0,14,22,3,39,0,0,0,39
06/11/2010,PAH,KY,ASO,CE,Federal Contract Tower,0,6,7,0,13,0,0,12,2,14,0,6,19,2,27,0,0,0,27
06/12/2010,PAH,KY,ASO,CE,Federal Contract Tower,0,4,2,2,8,0,0,26,0,26,0,4,28,2,34,22,0,22,56
06/13/2010,PAH,KY,ASO,CE,Federal Contract Tower,0,3,6,1,10,0,0,15,0,15,0,3,21,1,25,28,0,28,53
06/14/2010,PAH,KY,ASO,CE,Federal Contract Tower,0,3,6,0,9,0,5,11,0,16,0,8,17,0,25,10,0,10,35
06/15/2010,PAH,KY,ASO,CE,Federal Contract Tower,0,6,5,2,13,0,0,14,0,14,0,6,19,2,27,4,2,6,33
06/16/2010,PAH,KY,ASO,CE,Federal Contract Tower,0,7,12,0,19,0,2,32,0,34,0,9,44,0,53,20,0,20,73
06/17/2010,PAH,KY,ASO,CE,Federal Contract Tower,0,7,6,2,15,0,0,21,0,21,0,7,27,2,36,2,0,2,38
06/18/2010,PAH,KY,ASO,CE,Federal Contract Tower,0,4,8,2,14,0,2,24,0,26,0,6,32,2,40,6,0,6,46
06/19/2010,PAH,KY,ASO,CE,Federal Contract Tower,0,4,14,0,18,0,1,16,0,17,0,5,30,0,35,34,0,34,69
06/20/2010,PAH,KY,ASO,CE,Federal Contract Tower,0,5,7,1,13,0,0,32,3,35,0,5,39,4,48,0,0,0,48
06/21/2010,PAH,KY,ASO,CE,Federal Contract Tower,0,3,10,4,17,0,0,13,0,13,0,3,23,4,30,2,0,2,32
06/22/2010,PAH,KY,ASO,CE,Federal Contract Tower,0,7,17,0,24,0,0,20,0,20,0,7,37,0,44,2,0,2,46
06/23/2010,PAH,KY,ASO,CE,Federal Contract Tower,0,8,7,1,16,0,0,27,1,28,0,8,34,2,44,0,0,0,44
06/24/2010,PAH,KY,ASO,CE,Federal Contract Tower,0,9,16,2,27,0,0,13,2,15,0,9,29,4,42,6,0,6,48
06/25/2010,PAH,KY,ASO,CE,Federal Contract Tower,0,12,14,0,26,0,0,24,0,24,0,12,38,0,50,8,0,8,58
06/26/2010,PAH,KY,ASO,CE,Federal Contract Tower,0,4,6,0,10,0,2,10,0,12,0,6,16,0,22,14,0,14,36
06/27/2010,PAH,KY,ASO,CE,Federal Contract Tower,0,3,2,0,5,0,0,26,0,26,0,3,28,0,31,38,0,38,69
06/28/2010,PAH,KY,ASO,CE,Federal Contract Tower,0,6,6,0,12,0,0,15,0,15,0,6,21,0,27,0,0,0,27
06/29/2010,PAH,KY,ASO,CE,Federal Contract Tower,0,6,8,2,16,0,2,23,0,25,0,8,31,2,41,2,0,2,43
06/30/2010,PAH,KY,ASO,CE,Federal Contract Tower,0,6,5,1,12,0,0,31,1,32,0,6,36,2,44,4,0,4,48
07/01/2010,PAH,KY,ASO,CE,Federal Contract Tower,0,6,5,0,11,0,0,35,0,35,0,6,40,0,46,30,0,30,76
07/02/2010,PAH,KY,ASO,CE,Federal Contract Tower,0,6,12,0,18,0,0,35,0,35,0,6,47,0,53,6,0,6,59
07/03/2010,PAH,KY,ASO,CE,Federal Contract Tower,0,4,6,0,10,0,0,20,0,20,0,4,26,0,30,28,0,28,58
07/04/2010,PAH,KY,ASO,CE,Federal Contract Tower,0,4,1,0,5,0,2,18,0,20,0,6,19,0,25,2,0,2,27
07/05/2010,PAH,KY,ASO,CE,Federal Contract Tower,0,5,13,2,20,0,0,15,0,15,0,5,28,2,35,0,0,0,35
07/06/2010,PAH,KY,ASO,CE,Federal Contract Tower,0,5,11,4,20,0,0,27,2,29,0,5,38,6,49,0,0,0,49
07/07/2010,PAH,KY,ASO,CE,Federal Contract Tower,0,6,12,4,22,0,0,22,8,30,0,6,34,12,52,6,4,10,62
07/08/2010,PAH,KY,ASO,CE,Federal Contract Tower,0,6,10,0,16,0,0,23,0,23,0,6,33,0,39,28,0,28,67
07/09/2010,PAH,KY,ASO,CE,Federal Contract Tower,0,8,3,4,15,0,0,3,0,3,0,8,6,4,18,0,0,0,18
07/10/2010,PAH,KY,ASO,CE,Federal Contract Tower,0,4,6,0,10,0,0,18,0,18,0,4,24,0,28,20,0,20,48
07/11/2010,PAH,KY,ASO,CE,Federal Contract Tower,0,4,7,0,11,0,0,6,0,6,0,4,13,0,17,0,0,0,17
07/12/2010,PAH,KY,ASO,CE,Federal Contract Tower,0,6,15,0,21,0,0,19,0,19,0,6,34,0,40,0,0,0,40
07/13/2010,PAH,KY,ASO,CE,Federal Contract Tower,0,6,5,2,13,0,0,22,0,22,0,6,27,2,35,10,0,10,45
07/14/2010,PAH,KY,ASO,CE,Federal Contract Tower,0,6,8,0,14,0,2,33,2,37,0,8,41,2,51,2,0,2,53
07/15/2010,PAH,KY,ASO,CE,Federal Contract Tower,0,7,12,0,19,0,0,16,0,16,0,7,28,0,35,0,0,0,35
07/16/2010,PAH,KY,ASO,CE,Federal Contract Tower,0,8,10,2,20,0,0,4,0,4,0,8,14,2,24,0,0,0,24
07/17/2010,PAH,KY,ASO,CE,Federal Contract Tower,0,5,7,0,12,0,0,6,0,6,0,5,13,0,18,0,0,0,18
07/18/2010,PAH,KY,ASO,CE,Federal Contract Tower,0,5,15,0,20,0,0,20,0,20,0,5,35,0,40,0,0,0,40
07/19/2010,PAH,KY,ASO,CE,Federal Contract Tower,0,7,6,0,13,0,0,31,0,31,0,7,37,0,44,0,0,0,44
07/20/2010,PAH,KY,ASO,CE,Federal Contract Tower,0,6,6,0,12,0,0,37,0,37,0,6,43,0,49,12,0,12,61
07/21/2010,PAH,KY,ASO,CE,Federal Contract Tower,0,5,10,0,15,0,2,32,0,34,0,7,42,0,49,22,0,22,71
07/22/2010,PAH,KY,ASO,CE,Federal Contract Tower,0,7,8,0,15,0,2,38,0,40,0,9,46,0,55,10,0,10,65
07/23/2010,PAH,KY,ASO,CE,Federal Contract Tower,0,5,6,0,11,0,0,23,2,25,0,5,29,2,36,2,0,2,38
07/24/2010,PAH,KY,ASO,CE,Federal Contract Tower,0,4,4,0,8,0,2,30,0,32,0,6,34,0,40,8,0,8,48
07/25/2010,PAH,KY,ASO,CE,Federal Contract Tower,0,6,1,0,7,0,2,32,0,34,0,8,33,0,41,18,0,18,59
07/26/2010,PAH,KY,ASO,CE,Federal Contract Tower,0,6,7,0,13,0,0,31,2,33,0,6,38,2,46,22,0,22,68
07/27/2010,PAH,KY,ASO,CE,Federal Contract Tower,0,8,12,0,20,0,0,38,2,40,0,8,50,2,60,42,0,42,102
07/28/2010,PAH,KY,ASO,CE,Federal Contract Tower,0,6,12,4,22,0,1,31,2,34,0,7,43,6,56,20,0,20,76
07/29/2010,PAH,KY,ASO,CE,Federal Contract Tower,0,7,13,0,20,0,2,27,0,29,0,9,40,0,49,22,0,22,71
07/30/2010,PAH,KY,ASO,CE,Federal Contract Tower,0,6,8,0,14,0,0,23,0,23,0,6,31,0,37,14,0,14,51
07/31/2010,PAH,KY,ASO,CE,Federal Contract Tower,0,5,9,0,14,0,0,10,0,10,0,5,19,0,24,2,0,2,26
08/01/2010,PAH,KY,ASO,CE,Federal Contract Tower,0,5,5,0,10,0,0,38,0,38,0,5,43,0,48,26,0,26,74
08/02/2010,PAH,KY,ASO,CE,Federal Contract Tower,0,7,10,0,17,0,0,28,2,30,0,7,38,2,47,14,0,14,61
08/03/2010,PAH,KY,ASO,CE,Federal Contract Tower,0,9,5,0,14,0,0,29,0,29,0,9,34,0,43,14,0,14,57
08/04/2010,PAH,KY,ASO,CE,Federal Contract Tower,0,5,3,0,8,0,0,26,0,26,0,5,29,0,34,0,0,0,34
08/05/2010,PAH,KY,ASO,CE,Federal Contract Tower,0,5,10,0,15,0,0,24,2,26,0,5,34,2,41,8,0,8,49
08/06/2010,PAH,KY,ASO,CE,Federal Contract Tower,0,6,11,0,17,0,0,37,0,37,0,6,48,0,54,8,0,8,62
08/07/2010,PAH,KY,ASO,CE,Federal Contract Tower,0,4,8,0,12,0,0,39,4,43,0,4,47,4,55,36,0,36,91
08/08/2010,PAH,KY,ASO,CE,Federal Contract Tower,0,4,6,0,10,0,0,0,0,0,0,4,6,0,10,20,0,20,30
08/09/2010,PAH,KY,ASO,CE,Federal Contract Tower,0,5,6,0,11,0,0,22,0,22,0,5,28,0,33,14,0,14,47
08/10/2010,PAH,KY,ASO,CE,Federal Contract Tower,0,11,17,0,28,0,0,27,0,27,0,11,44,0,55,14,0,14,69
08/11/2010,PAH,KY,ASO,CE,Federal Contract Tower,0,6,6,0,12,0,0,25,0,25,0,6,31,0,37,12,0,12,49
08/12/2010,PAH,KY,ASO,CE,Federal Contract Tower,0,7,3,0,10,0,0,21,0,21,0,7,24,0,31,6,0,6,37
08/13/2010,PAH,KY,ASO,CE,Federal Contract Tower,0,7,6,0,13,0,0,34,0,34,0,7,40,0,47,16,0,16,63
08/14/2010,PAH,KY,ASO,CE,Federal Contract Tower,0,4,10,0,14,0,0,18,0,18,0,4,28,0,32,30,0,30,62
08/15/2010,PAH,KY,ASO,CE,Federal Contract Tower,0,4,8,0,12,0,0,19,0,19,0,4,27,0,31,12,0,12,43
08/16/2010,PAH,KY,ASO,CE,Federal Contract Tower,0,8,8,0,16,0,0,36,8,44,0,8,44,8,60,10,0,10,70
08/17/2010,PAH,KY,ASO,CE,Federal Contract Tower,0,5,9,9,23,0,0,34,7,41,0,5,43,16,64,10,4,14,78
08/18/2010,PAH,KY,ASO,CE,Federal Contract Tower,0,12,17,2,31,0,0,14,3,17,0,12,31,5,48,4,0,4,52
08/19/2010,PAH,KY,ASO,CE,Federal Contract Tower,0,6,12,0,18,0,0,33,2,35,0,6,45,2,53,14,0,14,67
08/20/2010,PAH,KY,ASO,CE,Federal Contract Tower,0,6,16,0,22,0,0,44,0,44,0,6,60,0,66,12,0,12,78
08/21/2010,PAH,KY,ASO,CE,Federal Contract Tower,0,3,4,0,7,0,0,36,2,38,0,3,40,2,45,20,0,20,65
08/22/2010,PAH,KY,ASO,CE,Federal Contract Tower,0,4,13,0,17,0,2,40,0,42,0,6,53,0,59,22,0,22,81
08/23/2010,PAH,KY,ASO,CE,Federal Contract Tower,0,9,4,1,14,0,0,46,3,49,0,9,50,4,63,8,0,8,71
08/24/2010,PAH,KY,ASO,CE,Federal Contract Tower,0,10,11,0,21,0,0,41,0,41,0,10,52,0,62,20,0,20,82
08/25/2010,PAH,KY,ASO,CE,Federal Contract Tower,0,7,17,2,26,0,0,22,2,24,0,7,39,4,50,8,2,10,60
08/26/2010,PAH,KY,ASO,CE,Federal Contract Tower,0,9,8,0,17,0,0,33,0,33,0,9,41,0,50,6,0,6,56
08/27/2010,PAH,KY,ASO,CE,Federal Contract Tower,0,6,5,0,11,0,0,51,4,55,0,6,56,4,66,16,0,16,82
08/28/2010,PAH,KY,ASO,CE,Federal Contract Tower,0,3,4,3,10,0,0,44,12,56,0,3,48,15,66,26,0,26,92
08/29/2010,PAH,KY,ASO,CE,Federal Contract Tower,0,4,4,0,8,0,0,42,0,42,0,4,46,0,50,30,0,30,80
08/30/2010,PAH,KY,ASO,CE,Federal Contract Tower,0,6,10,0,16,0,0,35,2,37,0,6,45,2,53,18,0,18,71
08/31/2010,PAH,KY,ASO,CE,Federal Contract Tower,0,6,7,0,13,0,2,39,0,41,0,8,46,0,54,10,0,10,64
09/01/2010,PAH,KY,ASO,CE,Federal Contract Tower,0,8,18,0,26,0,0,30,0,30,0,8,48,0,56,14,0,14,70
09/02/2010,PAH,KY,ASO,CE,Federal Contract Tower,0,6,10,0,16,0,1,29,2,32,0,7,39,2,48,8,0,8,56
09/03/2010,PAH,KY,ASO,CE,Federal Contract Tower,0,8,3,0,11,0,2,45,2,49,0,10,48,2,60,20,0,20,80
09/04/2010,PAH,KY,ASO,CE,Federal Contract Tower,0,4,5,0,9,0,0,39,10,49,0,4,44,10,58,48,0,48,106
09/05/2010,PAH,KY,ASO,CE,Federal Contract Tower,0,6,3,0,9,0,0,42,0,42,0,6,45,0,51,42,0,42,93
09/06/2010,PAH,KY,ASO,CE,Federal Contract Tower,0,4,6,0,10,0,0,36,0,36,0,4,42,0,46,14,0,14,60
09/07/2010,PAH,KY,ASO,CE,Federal Contract Tower,0,7,5,2,14,0,0,44,0,44,0,7,49,2,58,0,0,0,58
09/08/2010,PAH,KY,ASO,CE,Federal Contract Tower,0,8,9,0,17,0,2,35,0,37,0,10,44,0,54,12,0,12,66
09/09/2010,PAH,KY,ASO,CE,Federal Contract Tower,0,6,10,0,16,0,0,16,0,16,0,6,26,0,32,0,0,0,32
09/10/2010,PAH,KY,ASO,CE,Federal Contract Tower,0,10,8,0,18,0,0,0,0,0,0,10,8,0,18,0,0,0,18
09/11/2010,PAH,KY,ASO,CE,Federal Contract Tower,0,4,5,0,9,0,0,35,0,35,0,4,40,0,44,22,0,22,66
09/12/2010,PAH,KY,ASO,CE,Federal Contract Tower,0,4,5,0,9,0,0,45,12,57,0,4,50,12,66,44,0,44,110
09/13/2010,PAH,KY,ASO,CE,Federal Contract Tower,0,6,5,0,11,0,0,40,6,46,0,6,45,6,57,24,0,24,81
09/14/2010,PAH,KY,ASO,CE,Federal Contract Tower,0,16,7,0,23,0,0,43,0,43,0,16,50,0,66,10,0,10,76
09/15/2010,PAH,KY,ASO,CE,Federal Contract Tower,0,10,11,0,21,0,0,30,0,30,0,10,41,0,51,26,0,26,77
09/16/2010,PAH,KY,ASO,CE,Federal Contract Tower,0,8,9,0,17,0,0,32,0,32,0,8,41,0,49,24,0,24,73
09/17/2010,PAH,KY,ASO,CE,Federal Contract Tower,0,7,15,0,22,0,0,51,0,51,0,7,66,0,73,28,0,28,101
09/18/2010,PAH,KY,ASO,CE,Federal Contract Tower,0,4,11,0,15,0,0,43,0,43,0,4,54,0,58,50,0,50,108
09/19/2010,PAH,KY,ASO,CE,Federal Contract Tower,0,9,9,0,18,0,2,43,2,47,0,11,52,2,65,34,0,34,99
09/20/2010,PAH,KY,ASO,CE,Federal Contract Tower,0,7,11,0,18,0,0,44,4,48,0,7,55,4,66,24,2,26,92
09/21/2010,PAH,KY,ASO,CE,Federal Contract Tower,0,9,11,2,22,0,0,38,0,38,0,9,49,2,60,22,0,22,82
09/22/2010,PAH,KY,ASO,CE,Federal Contract Tower,0,6,13,0,19,0,0,37,0,37,0,6,50,0,56,24,0,24,80
09/23/2010,PAH,KY,ASO,CE,Federal Contract Tower,0,8,11,0,19,0,2,34,0,36,0,10,45,0,55,26,0,26,81
09/24/2010,PAH,KY,ASO,CE,Federal Contract Tower,0,6,7,0,13,0,0,48,0,48,0,6,55,0,61,52,0,52,113
09/25/2010,PAH,KY,ASO,CE,Federal Contract Tower,0,6,8,0,14,0,4,47,0,51,0,10,55,0,65,36,0,36,101
09/26/2010,PAH,KY,ASO,CE,Federal Contract Tower,0,4,8,0,12,0,0,38,0,38,0,4,46,0,50,48,0,48,98
09/27/2010,PAH,KY,ASO,CE,Federal Contract Tower,0,4,14,0,18,0,0,41,4,45,0,4,55,4,63,50,14,64,127
09/28/2010,PAH,KY,ASO,CE,Federal Contract Tower,0,8,9,0,17,0,1,67,0,68,0,9,76,0,85,8,4,12,97
09/29/2010,PAH,KY,ASO,CE,Federal Contract Tower,2,10,13,0,25,0,0,38,0,38,2,10,51,0,63,38,0,38,101
09/30/2010,PAH,KY,ASO,CE,Federal Contract Tower,0,8,4,0,12,0,0,43,2,45,0,8,47,2,57,28,0,28,85
10/01/2010,PAH,KY,ASO,CE,Federal Contract Tower,0,9,19,0,28,0,2,50,4,56,0,11,69,4,84,32,4,36,120
10/02/2010,PAH,KY,ASO,CE,Federal Contract Tower,0,5,6,0,11,0,0,56,2,58,0,5,62,2,69,26,0,26,95
10/03/2010,PAH,KY,ASO,CE,Federal Contract Tower,0,7,9,0,16,0,0,47,0,47,0,7,56,0,63,36,0,36,99
10/04/2010,PAH,KY,ASO,CE,Federal Contract Tower,0,10,11,2,23,0,0,41,4,45,0,10,52,6,68,34,4,38,106
10/05/2010,PAH,KY,ASO,CE,Federal Contract Tower,0,6,5,0,11,0,0,45,0,45,0,6,50,0,56,10,0,10,66
10/06/2010,PAH,KY,ASO,CE,Federal Contract Tower,0,6,14,0,20,0,0,49,0,49,0,6,63,0,69,22,0,22,91
10/07/2010,PAH,KY,ASO,CE,Federal Contract Tower,0,9,10,0,19,0,0,49,0,49,0,9,59,0,68,34,0,34,102
10/08/2010,PAH,KY,ASO,CE,Federal Contract Tower,0,6,10,0,16,0,0,50,4,54,0,6,60,4,70,34,0,34,104
10/09/2010,PAH,KY,ASO,CE,Federal Contract Tower,0,7,6,0,13,0,0,56,0,56,0,7,62,0,69,42,0,42,111
10/10/2010,PAH,KY,ASO,CE,Federal Contract Tower,0,6,6,0,12,0,2,38,2,42,0,8,44,2,54,50,0,50,104
10/11/2010,PAH,KY,ASO,CE,Federal Contract Tower,0,6,13,0,19,0,0,43,0,43,0,6,56,0,62,16,0,16,78
10/12/2010,PAH,KY,ASO,CE,Federal Contract Tower,0,6,6,0,12,0,2,40,0,42,0,8,46,0,54,30,0,30,84
10/13/2010,PAH,KY,ASO,CE,Federal Contract Tower,0,8,16,0,24,0,0,37,0,37,0,8,53,0,61,24,0,24,85
10/14/2010,PAH,KY,ASO,CE,Federal Contract Tower,0,11,12,0,23,0,0,47,0,47,0,11,59,0,70,22,0,22,92
10/15/2010,PAH,KY,ASO,CE,Federal Contract Tower,15,9,0,0,24,0,0,60,6,66,15,9,60,6,90,28,2,30,120
10/16/2010,PAH,KY,ASO,CE,Federal Contract Tower,0,8,9,0,17,0,6,45,0,51,0,14,54,0,68,38,0,38,106
10/17/2010,PAH,KY,ASO,CE,Federal Contract Tower,0,4,9,1,14,0,0,53,1,54,0,4,62,2,68,34,0,34,102
10/18/2010,PAH,KY,ASO,CE,Federal Contract Tower,0,6,4,0,10,0,0,51,4,55,0,6,55,4,65,8,0,8,73
10/19/2010,PAH,KY,ASO,CE,Federal Contract Tower,0,9,3,2,14,0,0,32,0,32,0,9,35,2,46,6,0,6,52
10/20/2010,PAH,KY,ASO,CE,Federal Contract Tower,0,9,10,2,21,0,0,46,1,47,0,9,56,3,68,34,0,34,102
10/21/2010,PAH,KY,ASO,CE,Federal Contract Tower,0,6,7,5,18,0,0,41,3,44,0,6,48,8,62,20,14,34,96
10/22/2010,PAH,KY,ASO,CE,Federal Contract Tower,0,8,17,2,27,0,0,48,4,52,0,8,65,6,79,42,2,44,123
10/23/2010,PAH,KY,ASO,CE,Federal Contract Tower,0,6,2,0,8,0,0,84,0,84,0,6,86,0,92,44,0,44,136
10/24/2010,PAH,KY,ASO,CE,Federal Contract Tower,0,7,14,0,21,0,0,40,2,42,0,7,54,2,63,46,2,48,111
10/25/2010,PAH,KY,ASO,CE,Federal Contract Tower,0,6,10,4,20,0,0,24,4,28,0,6,34,8,48,20,4,24,72
10/26/2010,PAH,KY,ASO,CE,Federal Contract Tower,0,6,2,4,12,0,0,9,0,9,0,6,11,4,21,0,0,0,21
10/27/2010,PAH,KY,ASO,CE,Federal Contract Tower,0,8,4,6,18,0,0,38,0,38,0,8,42,6,56,28,0,28,84
10/28/2010,PAH,KY,ASO,CE,Federal Contract Tower,0,6,12,2,20,0,2,51,2,55,0,8,63,4,75,32,0,32,107
10/29/2010,PAH,KY,ASO,CE,Federal Contract Tower,0,8,10,0,18,0,0,41,4,45,0,8,51,4,63,20,0,20,83
10/30/2010,PAH,KY,ASO,CE,Federal Contract Tower,0,5,5,0,10,0,1,48,0,49,0,6,53,0,59,48,0,48,107
10/31/2010,PAH,KY,ASO,CE,Federal Contract Tower,0,4,3,0,7,0,2,52,2,56,0,6,55,2,63,60,0,60,123
11/01/2010,PAH,KY,ASO,CE,Federal Contract Tower,0,6,13,0,19,0,2,58,4,64,0,8,71,4,83,36,4,40,123
11/02/2010,PAH,KY,ASO,CE,Federal Contract Tower,0,6,9,2,17,0,0,60,4,64,0,6,69,6,81,44,0,44,125
11/03/2010,PAH,KY,ASO,CE,Federal Contract Tower,0,7,12,2,21,0,0,44,0,44,0,7,56,2,65,14,0,14,79
11/04/2010,PAH,KY,ASO,CE,Federal Contract Tower,0,7,8,0,15,0,0,54,2,56,0,7,62,2,71,24,0,24,95
11/05/2010,PAH,KY,ASO,CE,Federal Contract Tower,0,6,7,0,13,0,0,32,0,32,0,6,39,0,45,10,0,10,55
11/06/2010,PAH,KY,ASO,CE,Federal Contract Tower,0,4,3,1,8,0,0,47,6,53,0,4,50,7,61,20,0,20,81
11/07/2010,PAH,KY,ASO,CE,Federal Contract Tower,0,3,7,0,10,0,0,62,0,62,0,3,69,0,72,34,0,34,106
11/08/2010,PAH,KY,ASO,CE,Federal Contract Tower,0,9,7,0,16,0,0,55,5,60,0,9,62,5,76,32,4,36,112
11/09/2010,PAH,KY,ASO,CE,Federal Contract Tower,0,7,5,2,14,0,0,48,4,52,0,7,53,6,66,34,0,34,100
11/10/2010,PAH,KY,ASO,CE,Federal Contract Tower,0,8,14,1,23,0,0,59,2,61,0,8,73,3,84,22,2,24,108
11/11/2010,PAH,KY,ASO,CE,Federal Contract Tower,0,8,17,0,25,0,0,57,0,57,0,8,74,0,82,34,0,34,116
11/12/2010,PAH,KY,ASO,CE,Federal Contract Tower,0,6,9,0,15,0,0,33,0,33,0,6,42,0,48,10,0,10,58
11/13/2010,PAH,KY,ASO,CE,Federal Contract Tower,0,4,7,0,11,0,0,10,0,10,0,4,17,0,21,0,0,0,21
11/14/2010,PAH,KY,ASO,CE,Federal Contract Tower,0,4,9,0,13,0,0,66,0,66,0,4,75,0,79,42,0,42,121
11/15/2010,PAH,KY,ASO,CE,Federal Contract Tower,0,7,11,0,18,0,1,55,4,60,0,8,66,4,78,32,6,38,116
11/16/2010,PAH,KY,ASO,CE,Federal Contract Tower,0,6,18,0,24,0,2,36,0,38,0,8,54,0,62,6,0,6,68
11/17/2010,PAH,KY,ASO,CE,Federal Contract Tower,0,6,13,2,21,0,0,29,4,33,0,6,42,6,54,10,0,10,64
11/18/2010,PAH,KY,ASO,CE,Federal Contract Tower,0,8,15,1,24,0,0,30,1,31,0,8,45,2,55,34,0,34,89
11/19/2010,PAH,KY,ASO,CE,Federal Contract Tower,0,7,21,0,28,0,0,33,2,35,0,7,54,2,63,0,0,0,63
11/20/2010,PAH,KY,ASO,CE,Federal Contract Tower,0,6,11,0,17,0,0,20,0,20,0,6,31,0,37,6,0,6,43
11/21/2010,PAH,KY,ASO,CE,Federal Contract Tower,0,4,3,0,7,0,0,49,0,49,0,4,52,0,56,32,0,32,88
11/22/2010,PAH,KY,ASO,CE,Federal Contract Tower,0,5,6,2,13,0,2,59,6,67,0,7,65,8,80,40,8,48,128
11/23/2010,PAH,KY,ASO,CE,Federal Contract Tower,0,6,15,0,21,0,0,55,2,57,0,6,70,2,78,34,0,34,112
11/24/2010,PAH,KY,ASO,CE,Federal Contract Tower,0,9,4,0,13,0,0,41,0,41,0,9,45,0,54,12,0,12,66
11/25/2010,PAH,KY,ASO,CE,Federal Contract Tower,0,2,1,0,3,0,0,14,0,14,0,2,15,0,17,0,0,0,17
11/26/2010,PAH,KY,ASO,CE,Federal Contract Tower,0,6,7,0,13,0,0,41,0,41,0,6,48,0,54,18,0,18,72
11/27/2010,PAH,KY,ASO,CE,Federal Contract Tower,0,6,1,0,7,0,0,31,0,31,0,6,32,0,38,14,0,14,52
11/28/2010,PAH,KY,ASO,CE,Federal Contract Tower,0,4,13,0,17,0,0,63,0,63,0,4,76,0,80,56,0,56,136
11/29/2010,PAH,KY,ASO,CE,Federal Contract Tower,0,4,6,4,14,0,0,55,6,61,0,4,61,10,75,38,4,42,117
11/30/2010,PAH,KY,ASO,CE,Federal Contract Tower,0,9,11,0,20,0,2,52,2,56,0,11,63,2,76,34,0,34,110
12/01/2010,PAH,KY,ASO,CE,Federal Contract Tower,0,8,11,1,20,0,0,58,5,63,0,8,69,6,83,28,0,28,111
12/02/2010,PAH,KY,ASO,CE,Federal Contract Tower,0,7,9,3,19,0,0,61,13,74,0,7,70,16,93,20,2,22,115
12/03/2010,PAH,KY,ASO,CE,Federal Contract Tower,0,15,11,0,26,0,0,39,4,43,0,15,50,4,69,18,2,20,89
12/04/2010,PAH,KY,ASO,CE,Federal Contract Tower,0,5,6,0,11,0,0,23,0,23,0,5,29,0,34,0,0,0,34
12/05/2010,PAH,KY,ASO,CE,Federal Contract Tower,0,6,16,0,22,0,0,46,0,46,0,6,62,0,68,22,0,22,90
12/06/2010,PAH,KY,ASO,CE,Federal Contract Tower,0,12,9,0,21,0,2,56,6,64,0,14,65,6,85,38,2,40,125
12/07/2010,PAH,KY,ASO,CE,Federal Contract Tower,0,10,11,0,21,0,2,48,4,54,0,12,59,4,75,46,0,46,121
12/08/2010,PAH,KY,ASO,CE,Federal Contract Tower,0,6,6,0,12,0,2,56,2,60,0,8,62,2,72,34,0,34,106
12/09/2010,PAH,KY,ASO,CE,Federal Contract Tower,0,5,24,0,29,0,12,57,6,75,0,17,81,6,104,32,6,38,142
12/10/2010,PAH,KY,ASO,CE,Federal Contract Tower,0,8,14,0,22,0,0,41,0,41,0,8,55,0,63,18,0,18,81
12/11/2010,PAH,KY,ASO,CE,Federal Contract Tower,0,4,3,0,7,0,0,0,0,0,0,4,3,0,7,0,0,0,7
12/12/2010,PAH,KY,ASO,CE,Federal Contract Tower,0,3,4,0,7,0,0,23,0,23,0,3,27,0,30,0,0,0,30
12/13/2010,PAH,KY,ASO,CE,Federal Contract Tower,0,6,13,0,19,0,2,60,2,64,0,8,73,2,83,48,0,48,131
12/14/2010,PAH,KY,ASO,CE,Federal Contract Tower,0,8,13,1,22,0,0,55,7,62,0,8,68,8,84,36,6,42,126
12/15/2010,PAH,KY,ASO,CE,Federal Contract Tower,0,6,2,0,8,0,2,51,2,55,0,8,53,2,63,30,0,30,93
12/16/2010,PAH,KY,ASO,CE,Federal Contract Tower,0,9,13,0,22,0,0,26,0,26,0,9,39,0,48,14,0,14,62
12/17/2010,PAH,KY,ASO,CE,Federal Contract Tower,0,10,11,0,21,0,0,31,0,31,0,10,42,0,52,4,0,4,56
12/18/2010,PAH,KY,ASO,CE,Federal Contract Tower,0,5,9,0,14,0,0,50,0,50,0,5,59,0,64,18,0,18,82
12/19/2010,PAH,KY,ASO,CE,Federal Contract Tower,0,6,8,0,14,0,2,61,0,63,0,8,69,0,77,52,0,52,129
12/20/2010,PAH,KY,ASO,CE,Federal Contract Tower,0,7,11,0,18,0,0,57,4,61,0,7,68,4,79,34,0,34,113
12/21/2010,PAH,KY,ASO,CE,Federal Contract Tower,0,6,16,4,26,0,2,40,2,44,0,8,56,6,70,44,0,44,114
12/22/2010,PAH,KY,ASO,CE,Federal Contract Tower,0,5,16,0,21,0,0,55,4,59,0,5,71,4,80,32,0,32,112
12/23/2010,PAH,KY,ASO,CE,Federal Contract Tower,6,2,0,0,8,0,0,55,2,57,6,2,55,2,65,46,4,50,115
12/24/2010,PAH,KY,ASO,CE,Federal Contract Tower,0,4,0,0,4,0,0,27,0,27,0,4,27,0,31,16,0,16,47
12/25/2010,PAH,KY,ASO,CE,Federal Contract Tower,0,5,4,0,9,0,0,13,0,13,0,5,17,0,22,0,0,0,22
12/26/2010,PAH,KY,ASO,CE,Federal Contract Tower,0,8,5,0,13,0,0,45,0,45,0,8,50,0,58,20,0,20,78
12/27/2010,PAH,KY,ASO,CE,Federal Contract Tower,0,8,2,0,10,0,2,48,0,50,0,10,50,0,60,40,0,40,100
12/28/2010,PAH,KY,ASO,CE,Federal Contract Tower,0,8,8,0,16,0,2,59,0,61,0,10,67,0,77,60,0,60,137
12/29/2010,PAH,KY,ASO,CE,Federal Contract Tower,0,12,7,0,19,0,0,45,2,47,0,12,52,2,66,26,0,26,92
12/30/2010,PAH,KY,ASO,CE,Federal Contract Tower,0,6,5,0,11,0,2,39,0,41,0,8,44,0,52,34,0,34,86
12/31/2010,PAH,KY,ASO,CE,Federal Contract Tower,0,8,6,0,14,0,0,14,0,14,0,8,20,0,28,0,0,0,28
01/01/2011,PAH,KY,ASO,CE,Federal Contract Tower,0,8,2,0,10,0,0,12,0,12,0,8,14,0,22,0,0,0,22
01/02/2011,PAH,KY,ASO,CE,Federal Contract Tower,0,5,5,0,10,0,0,61,0,61,0,5,66,0,71,46,0,46,117
01/03/2011,PAH,KY,ASO,CE,Federal Contract Tower,0,11,19,0,30,0,0,59,2,61,0,11,78,2,91,48,0,48,139
01/04/2011,PAH,KY,ASO,CE,Federal Contract Tower,0,7,5,0,12,0,0,56,4,60,0,7,61,4,72,42,4,46,118
01/05/2011,PAH,KY,ASO,CE,Federal Contract Tower,0,6,12,3,21,0,2,62,1,65,0,8,74,4,86,36,0,36,122
01/06/2011,PAH,KY,ASO,CE,Federal Contract Tower,0,6,12,0,18,0,2,53,4,59,0,8,65,4,77,40,0,40,117
01/07/2011,PAH,KY,ASO,CE,Federal Contract Tower,0,8,14,0,22,0,5,32,2,39,0,13,46,2,61,22,0,22,83
01/08/2011,PAH,KY,ASO,CE,Federal Contract Tower,0,6,5,0,11,0,0,37,0,37,0,6,42,0,48,16,0,16,64
01/09/2011,PAH,KY,ASO,CE,Federal Contract Tower,0,4,10,0,14,0,0,45,0,45,0,4,55,0,59,28,0,28,87
01/10/2011,PAH,KY,ASO,CE,Federal Contract Tower,0,8,6,0,14,0,0,54,2,56,0,8,60,2,70,36,6,42,112
01/11/2011,PAH,KY,ASO,CE,Federal Contract Tower,0,5,2,0,7,0,0,28,0,28,0,5,30,0,35,20,0,20,55
01/12/2011,PAH,KY,ASO,CE,Federal Contract Tower,0,6,3,0,9,0,0,48,0,48,0,6,51,0,57,46,0,46,103
01/13/2011,PAH,KY,ASO,CE,Federal Contract Tower,0,6,9,0,15,0,0,61,0,61,0,6,70,0,76,30,0,30,106
01/14/2011,PAH,KY,ASO,CE,Federal Contract Tower,0,6,13,0,19,0,0,42,0,42,0,6,55,0,61,38,0,38,99
01/15/2011,PAH,KY,ASO,CE,Federal Contract Tower,0,6,6,0,12,0,0,45,0,45,0,6,51,0,57,18,0,18,75
01/16/2011,PAH,KY,ASO,CE,Federal Contract Tower,0,4,6,0,10,0,0,46,0,46,0,4,52,0,56,36,0,36,92
01/17/2011,PAH,KY,ASO,CE,Federal Contract Tower,0,5,7,0,12,0,0,27,4,31,0,5,34,4,43,12,4,16,59
01/18/2011,PAH,KY,ASO,CE,Federal Contract Tower,0,7,9,0,16,0,0,26,2,28,0,7,35,2,44,8,0,8,52
01/19/2011,PAH,KY,ASO,CE,Federal Contract Tower,0,8,9,0,17,0,0,38,2,40,0,8,47,2,57,28,0,28,85
01/20/2011,PAH,KY,ASO,CE,Federal Contract Tower,0,6,5,0,11,0,0,10,0,10,0,6,15,0,21,0,0,0,21
01/21/2011,PAH,KY,ASO,CE,Federal Contract Tower,0,9,8,0,17,0,0,22,0,22,0,9,30,0,39,14,0,14,53
01/22/2011,PAH,KY,ASO,CE,Federal Contract Tower,0,6,5,0,11,0,0,32,0,32,0,6,37,0,43,14,0,14,57
01/23/2011,PAH,KY,ASO,CE,Federal Contract Tower,0,8,2,0,10,0,0,52,0,52,0,8,54,0,62,42,0,42,104
01/24/2011,PAH,KY,ASO,CE,Federal Contract Tower,0,8,10,0,18,0,0,40,4,44,0,8,50,4,62,20,0,20,82
01/25/2011,PAH,KY,ASO,CE,Federal Contract Tower,0,7,15,0,22,0,0,31,0,31,0,7,46,0,53,16,0,16,69
01/26/2011,PAH,KY,ASO,CE,Federal Contract Tower,0,5,13,0,18,0,0,46,0,46,0,5,59,0,64,14,0,14,78
01/27/2011,PAH,KY,ASO,CE,Federal Contract Tower,0,8,9,0,17,0,1,61,4,66,0,9,70,4,83,30,0,30,113
01/28/2011,PAH,KY,ASO,CE,Federal Contract Tower,0,11,17,0,28,0,0,57,0,57,0,11,74,0,85,22,0,22,107
01/29/2011,PAH,KY,ASO,CE,Federal Contract Tower,0,7,8,0,15,0,0,60,0,60,0,7,68,0,75,14,0,14,89
01/30/2011,PAH,KY,ASO,CE,Federal Contract Tower,0,10,10,0,20,0,0,47,0,47,0,10,57,0,67,48,0,48,115
01/31/2011,PAH,KY,ASO,CE,Federal Contract Tower,0,7,3,0,10,0,0,39,4,43,0,7,42,4,53,38,0,38,91
02/01/2011,PAH,KY,ASO,CE,Federal Contract Tower,0,5,2,0,7,0,0,10,0,10,0,5,12,0,17,0,0,0,17
02/02/2011,PAH,KY,ASO,CE,Federal Contract Tower,0,5,2,0,7,0,0,15,2,17,0,5,17,2,24,0,0,0,24
02/03/2011,PAH,KY,ASO,CE,Federal Contract Tower,0,8,8,4,20,0,0,55,2,57,0,8,63,6,77,46,0,46,123
02/04/2011,PAH,KY,ASO,CE,Federal Contract Tower,0,11,10,0,21,0,0,54,0,54,0,11,64,0,75,38,0,38,113
02/05/2011,PAH,KY,ASO,CE,Federal Contract Tower,0,4,1,0,5,0,0,13,0,13,0,4,14,0,18,0,0,0,18
02/06/2011,PAH,KY,ASO,CE,Federal Contract Tower,0,5,7,0,12,0,0,42,0,42,0,5,49,0,54,34,0,34,88
02/07/2011,PAH,KY,ASO,CE,Federal Contract Tower,0,3,4,0,7,0,0,11,0,11,0,3,15,0,18,0,0,0,18
02/08/2011,PAH,KY,ASO,CE,Federal Contract Tower,0,10,7,0,17,0,0,28,0,28,0,10,35,0,45,12,0,12,57
02/09/2011,PAH,KY,ASO,CE,Federal Contract Tower,0,3,2,0,5,0,0,0,0,0,0,3,2,0,5,0,0,0,5
02/10/2011,PAH,KY,ASO,CE,Federal Contract Tower,0,7,16,0,23,0,0,40,0,40,0,7,56,0,63,8,0,8,71
02/11/2011,PAH,KY,ASO,CE,Federal Contract Tower,0,8,8,0,16,0,0,60,0,60,0,8,68,0,76,44,0,44,120
02/12/2011,PAH,KY,ASO,CE,Federal Contract Tower,0,4,4,0,8,0,0,48,0,48,0,4,52,0,56,32,0,32,88
02/13/2011,PAH,KY,ASO,CE,Federal Contract Tower,0,3,4,0,7,0,0,55,0,55,0,3,59,0,62,48,0,48,110
02/14/2011,PAH,KY,ASO,CE,Federal Contract Tower,0,6,5,4,15,0,2,58,2,62,0,8,63,6,77,24,0,24,101
02/15/2011,PAH,KY,ASO,CE,Federal Contract Tower,0,6,15,4,25,0,0,57,0,57,0,6,72,4,82,0,24,24,106
02/16/2011,PAH,KY,ASO,CE,Federal Contract Tower,0,5,9,2,16,0,0,35,0,35,0,5,44,2,51,20,0,20,71
02/17/2011,PAH,KY,ASO,CE,Federal Contract Tower,0,6,12,6,24,0,0,23,0,23,0,6,35,6,47,14,0,14,61
02/18/2011,PAH,KY,ASO,CE,Federal Contract Tower,0,10,12,0,22,0,2,49,2,53,0,12,61,2,75,38,0,38,113
02/19/2011,PAH,KY,ASO,CE,Federal Contract Tower,0,6,2,0,8,0,0,45,0,45,0,6,47,0,53,42,0,42,95
02/20/2011,PAH,KY,ASO,CE,Federal Contract Tower,0,3,3,0,6,0,0,39,0,39,0,3,42,0,45,54,0,54,99
02/21/2011,PAH,KY,ASO,CE,Federal Contract Tower,0,7,6,0,13,0,0,28,2,30,0,7,34,2,43,14,0,14,57
02/22/2011,PAH,KY,ASO,CE,Federal Contract Tower,0,8,6,0,14,0,0,44,0,44,0,8,50,0,58,24,0,24,82
02/23/2011,PAH,KY,ASO,CE,Federal Contract Tower,0,9,8,3,20,0,0,28,0,28,0,9,36,3,48,14,0,14,62
02/24/2011,PAH,KY,ASO,CE,Federal Contract Tower,0,7,9,0,16,0,0,0,0,0,0,7,9,0,16,0,0,0,16
02/25/2011,PAH,KY,ASO,CE,Federal Contract Tower,0,10,6,2,18,0,2,43,4,49,0,12,49,6,67,38,6,44,111
02/26/2011,PAH,KY,ASO,CE,Federal Contract Tower,0,6,7,0,13,0,2,54,0,56,0,8,61,0,69,52,0,52,121
02/27/2011,PAH,KY,ASO,CE,Federal Contract Tower,0,1,4,1,6,0,0,43,0,43,0,1,47,1,49,42,0,42,91
02/28/2011,PAH,KY,ASO,CE,Federal Contract Tower,0,6,6,0,12,0,0,30,0,30,0,6,36,0,42,24,0,24,66
03/01/2011,PAH,KY,ASO,CE,Federal Contract Tower,0,6,7,0,13,0,2,53,0,55,0,8,60,0,68,28,0,28,96
03/02/2011,PAH,KY,ASO,CE,Federal Contract Tower,0,6,9,0,15,0,0,56,0,56,0,6,65,0,71,26,0,26,97
03/03/2011,PAH,KY,ASO,CE,Federal Contract Tower,0,6,6,2,14,0,0,37,0,37,0,6,43,2,51,32,0,32,83
03/04/2011,PAH,KY,ASO,CE,Federal Contract Tower,0,6,3,0,9,0,0,40,4,44,0,6,43,4,53,38,6,44,97
03/05/2011,PAH,KY,ASO,CE,Federal Contract Tower,0,4,6,0,10,0,2,32,0,34,0,6,38,0,44,14,0,14,58
03/06/2011,PAH,KY,ASO,CE,Federal Contract Tower,0,3,4,0,7,0,0,40,0,40,0,3,44,0,47,34,0,34,81
03/07/2011,PAH,KY,ASO,CE,Federal Contract Tower,0,6,4,0,10,0,0,54,6,60,0,6,58,6,70,32,6,38,108
03/08/2011,PAH,KY,ASO,CE,Federal Contract Tower,0,4,5,0,9,0,2,22,2,26,0,6,27,2,35,8,0,8,43
03/09/2011,PAH,KY,ASO,CE,Federal Contract Tower,0,6,12,2,20,0,0,14,0,14,0,6,26,2,34,0,0,0,34
03/10/2011,PAH,KY,ASO,CE,Federal Contract Tower,0,6,7,0,13,0,0,18,0,18,0,6,25,0,31,12,0,12,43
03/11/2011,PAH,KY,ASO,CE,Federal Contract Tower,0,8,5,0,13,0,0,65,4,69,0,8,70,4,82,40,0,40,122
03/12/2011,PAH,KY,ASO,CE,Federal Contract Tower,0,4,4,0,8,0,0,54,12,66,0,4,58,12,74,54,2,56,130
03/13/2011,PAH,KY,ASO,CE,Federal Contract Tower,0,5,7,0,12,0,0,38,0,38,0,5,45,0,50,56,0,56,106
03/14/2011,PAH,KY,ASO,CE,Federal Contract Tower,0,6,3,0,9,0,0,17,2,19,0,6,20,2,28,4,0,4,32
03/15/2011,PAH,KY,ASO,CE,Federal Contract Tower,0,8,8,0,16,0,0,3,0,3,0,8,11,0,19,0,0,0,19
03/16/2011,PAH,KY,ASO,CE,Federal Contract Tower,0,11,10,0,21,0,0,34,0,34,0,11,44,0,55,26,0,26,81
03/17/2011,PAH,KY,ASO,CE,Federal Contract Tower,2,12,7,0,21,0,0,32,2,34,2,12,39,2,55,28,0,28,83
03/18/2011,PAH,KY,ASO,CE,Federal Contract Tower,0,10,4,7,21,0,2,44,2,48,0,12,48,9,69,44,0,44,113
03/19/2011,PAH,KY,ASO,CE,Federal Contract Tower,0,4,8,0,12,0,4,47,2,53,0,8,55,2,65,42,0,42,107
03/20/2011,PAH,KY,ASO,CE,Federal Contract Tower,2,7,3,2,14,0,0,52,2,54,2,7,55,4,68,40,2,42,110
03/21/2011,PAH,KY,ASO,CE,Federal Contract Tower,0,5,10,0,15,0,2,47,2,51,0,7,57,2,66,24,4,28,94
03/22/2011,PAH,KY,ASO,CE,Federal Contract Tower,0,10,2,0,12,0,0,48,0,48,0,10,50,0,60,12,0,12,72
03/23/2011,PAH,KY,ASO,CE,Federal Contract Tower,0,8,2,0,10,0,0,41,4,45,0,8,43,4,55,28,0,28,83
03/24/2011,PAH,KY,ASO,CE,Federal Contract Tower,1,9,8,0,18,0,0,51,2,53,1,9,59,2,71,18,10,28,99
03/25/2011,PAH,KY,ASO,CE,Federal Contract Tower,0,7,17,0,24,0,0,31,2,33,0,7,48,2,57,4,0,4,61
03/26/2011,PAH,KY,ASO,CE,Federal Contract Tower,0,6,0,0,6,0,0,25,0,25,0,6,25,0,31,0,0,0,31
03/27/2011,PAH,KY,ASO,CE,Federal Contract Tower,0,7,2,0,9,0,2,43,0,45,0,9,45,0,54,38,0,38,92
03/28/2011,PAH,KY,ASO,CE,Federal Contract Tower,0,11,6,0,17,0,0,43,4,47,0,11,49,4,64,20,2,22,86
03/29/2011,PAH,KY,ASO,CE,Federal Contract Tower,0,12,9,0,21,0,0,29,0,29,0,12,38,0,50,8,0,8,58
03/30/2011,PAH,KY,ASO,CE,Federal Contract Tower,0,8,7,4,19,0,0,30,0,30,0,8,37,4,49,26,0,26,75
03/31/2011,PAH,KY,ASO,CE,Federal Contract Tower,0,13,4,2,19,0,0,45,2,47,0,13,49,4,66,36,0,36,102
04/01/2011,PAH,KY,ASO,CE,Federal Contract Tower,0,9,20,0,29,0,0,47,2,49,0,9,67,2,78,38,0,38,116
04/02/2011,PAH,KY,ASO,CE,Federal Contract Tower,0,4,15,0,19,0,2,65,0,67,0,6,80,0,86,46,0,46,132
04/03/2011,PAH,KY,ASO,CE,Federal Contract Tower,0,6,4,0,10,0,0,42,0,42,0,6,46,0,52,26,0,26,78
04/04/2011,PAH,KY,ASO,CE,Federal Contract Tower,0,5,0,0,5,0,0,2,0,2,0,5,2,0,7,0,0,0,7
04/05/2011,PAH,KY,ASO,CE,Federal Contract Tower,0,6,9,0,15,0,0,42,0,42,0,6,51,0,57,30,0,30,87
04/06/2011,PAH,KY,ASO,CE,Federal Contract Tower,0,8,7,0,15,0,0,29,0,29,0,8,36,0,44,20,0,20,64
04/07/2011,PAH,KY,ASO,CE,Federal Contract Tower,0,8,5,2,15,0,0,36,2,38,0,8,41,4,53,32,4,36,89
04/08/2011,PAH,KY,ASO,CE,Federal Contract Tower,0,6,11,0,17,0,2,56,8,66,0,8,67,8,83,54,4,58,141
04/09/2011,PAH,KY,ASO,CE,Federal Contract Tower,5,6,0,0,11,0,2,54,0,56,5,8,54,0,67,54,0,54,121
04/10/2011,PAH,KY,ASO,CE,Federal Contract Tower,0,7,7,0,14,0,0,50,0,50,0,7,57,0,64,32,0,32,96
04/11/2011,PAH,KY,ASO,CE,Federal Contract Tower,0,7,8,0,15,0,0,20,2,22,0,7,28,2,37,14,4,18,55
04/12/2011,PAH,KY,ASO,CE,Federal Contract Tower,0,6,21,0,27,0,2,48,0,50,0,8,69,0,77,10,0,10,87
04/13/2011,PAH,KY,ASO,CE,Federal Contract Tower,0,5,9,0,14,0,2,41,0,43,0,7,50,0,57,32,0,32,89
04/14/2011,PAH,KY,ASO,CE,Federal Contract Tower,0,6,10,0,16,0,0,44,0,44,0,6,54,0,60,30,0,30,90
04/15/2011,PAH,KY,ASO,CE,Federal Contract Tower,0,6,3,0,9,0,0,40,0,40,0,6,43,0,49,14,0,14,63
04/16/2011,PAH,KY,ASO,CE,Federal Contract Tower,0,6,9,0,15,0,0,42,0,42,0,6,51,0,57,30,0,30,87
04/17/2011,PAH,KY,ASO,CE,Federal Contract Tower,0,6,4,0,10,0,0,64,2,66,0,6,68,2,76,50,0,50,126
04/18/2011,PAH,KY,ASO,CE,Federal Contract Tower,0,11,15,0,26,0,0,41,4,45,0,11,56,4,71,18,0,18,89
04/19/2011,PAH,KY,ASO,CE,Federal Contract Tower,0,6,3,0,9,0,2,26,0,28,0,8,29,0,37,6,0,6,43
04/20/2011,PAH,KY,ASO,CE,Federal Contract Tower,0,10,8,0,18,0,0,21,0,21,0,10,29,0,39,8,0,8,47
04/21/2011,PAH,KY,ASO,CE,Federal Contract Tower,0,8,6,0,14,0,0,40,0,40,0,8,46,0,54,14,0,14,68
04/22/2011,PAH,KY,ASO,CE,Federal Contract Tower,0,5,3,0,8,0,0,12,0,12,0,5,15,0,20,0,0,0,20
04/23/2011,PAH,KY,ASO,CE,Federal Contract Tower,0,3,1,0,4,0,0,29,0,29,0,3,30,0,33,14,0,14,47
04/24/2011,PAH,KY,ASO,CE,Federal Contract Tower,0,3,1,0,4,0,0,27,0,27,0,3,28,0,31,18,0,18,49
04/25/2011,PAH,KY,ASO,CE,Federal Contract Tower,0,7,5,0,12,0,0,35,2,37,0,7,40,2,49,6,0,6,55
04/26/2011,PAH,KY,ASO,CE,Federal Contract Tower,0,6,6,2,14,0,0,43,1,44,0,6,49,3,58,4,0,4,62
04/27/2011,PAH,KY,ASO,CE,Federal Contract Tower,0,5,9,2,16,0,0,9,5,14,0,5,18,7,30,0,0,0,30
04/28/2011,PAH,KY,ASO,CE,Federal Contract Tower,0,8,13,4,25,0,0,61,8,69,0,8,74,12,94,66,2,68,162
04/29/2011,PAH,KY,ASO,CE,Federal Contract Tower,0,8,14,5,27,0,1,68,9,78,0,9,82,14,105,76,4,80,185
04/30/2011,PAH,KY,ASO,CE,Federal Contract Tower,0,4,8,0,12,0,0,49,8,57,0,4,57,8,69,54,6,60,129
05/01/2011,PAH,KY,ASO,CE,Federal Contract Tower,7,5,0,0,12,0,0,24,0,24,7,5,24,0,36,2,0,2,38
05/02/2011,PAH,KY,ASO,CE,Federal Contract Tower,0,6,6,1,13,0,0,18,4,22,0,6,24,5,35,0,0,0,35
05/03/2011,PAH,KY,ASO,CE,Federal Contract Tower,0,8,7,3,18,0,0,59,15,74,0,8,66,18,92,34,0,34,126
05/04/2011,PAH,KY,ASO,CE,Federal Contract Tower,0,8,10,0,18,6,104,9,0,119,6,112,19,0,137,34,0,34,171
05/05/2011,PAH,KY,ASO,CE,Federal Contract Tower,0,7,10,0,17,0,4,84,11,99,0,11,94,11,116,22,0,22,138
05/06/2011,PAH,KY,ASO,CE,Federal Contract Tower,0,6,10,1,17,0,0,41,1,42,0,6,51,2,59,14,0,14,73
05/07/2011,PAH,KY,ASO,CE,Federal Contract Tower,0,4,4,0,8,0,0,41,0,41,0,4,45,0,49,14,0,14,63
05/08/2011,PAH,KY,ASO,CE,Federal Contract Tower,0,6,5,2,13,0,6,65,0,71,0,12,70,2,84,50,0,50,134
05/09/2011,PAH,KY,ASO,CE,Federal Contract Tower,1,6,9,7,23,0,2,65,2,69,1,8,74,9,92,42,2,44,136
05/10/2011,PAH,KY,ASO,CE,Federal Contract Tower,1,6,10,4,21,0,0,58,4,62,1,6,68,8,83,24,0,24,107
05/11/2011,PAH,KY,ASO,CE,Federal Contract Tower,2,5,6,0,13,0,2,57,4,63,2,7,63,4,76,22,0,22,98
05/12/2011,PAH,KY,ASO,CE,Federal Contract Tower,0,5,7,0,12,0,2,41,4,47,0,7,48,4,59,24,0,24,83
05/13/2011,PAH,KY,ASO,CE,Federal Contract Tower,0,5,13,4,22,0,0,15,0,15,0,5,28,4,37,0,0,0,37
05/14/2011,PAH,KY,ASO,CE,Federal Contract Tower,0,4,5,0,9,0,0,4,0,4,0,4,9,0,13,0,0,0,13
05/15/2011,PAH,KY,ASO,CE,Federal Contract Tower,0,4,18,0,22,0,2,44,0,46,0,6,62,0,68,32,0,32,100
05/16/2011,PAH,KY,ASO,CE,Federal Contract Tower,0,8,5,0,13,0,0,52,4,56,0,8,57,4,69,42,0,42,111
05/17/2011,PAH,KY,ASO,CE,Federal Contract Tower,0,6,10,0,16,0,2,56,6,64,0,8,66,6,80,34,0,34,114
05/18/2011,PAH,KY,ASO,CE,Federal Contract Tower,0,5,14,0,19,0,0,55,2,57,0,5,69,2,76,20,4,24,100
05/19/2011,PAH,KY,ASO,CE,Federal Contract Tower,0,6,13,0,19,0,0,45,6,51,0,6,58,6,70,24,0,24,94
05/20/2011,PAH,KY,ASO,CE,Federal Contract Tower,0,6,12,0,18,0,0,51,0,51,0,6,63,0,69,9,0,9,78
05/21/2011,PAH,KY,ASO,CE,Federal Contract Tower,0,4,7,0,11,0,0,41,0,41,0,4,48,0,52,24,0,24,76
05/22/2011,PAH,KY,ASO,CE,Federal Contract Tower,0,8,1,0,9,0,2,62,0,64,0,10,63,0,73,40,0,40,113
05/23/2011,PAH,KY,ASO,CE,Federal Contract Tower,2,6,1,0,9,0,0,46,12,58,2,6,47,12,67,34,0,34,101
05/24/2011,PAH,KY,ASO,CE,Federal Contract Tower,0,9,13,0,22,0,0,45,2,47,0,9,58,2,69,38,0,38,107
05/25/2011,PAH,KY,ASO,CE,Federal Contract Tower,0,3,0,2,5,0,0,31,4,35,0,3,31,6,40,32,0,32,72
05/26/2011,PAH,KY,ASO,CE,Federal Contract Tower,0,9,13,0,22,0,2,16,0,18,0,11,29,0,40,2,0,2,42
05/27/2011,PAH,KY,ASO,CE,Federal Contract Tower,0,6,20,0,26,0,0,34,0,34,0,6,54,0,60,0,0,0,60
05/28/2011,PAH,KY,ASO,CE,Federal Contract Tower,0,6,1,0,7,0,0,46,12,58,0,6,47,12,65,8,0,8,73
05/29/2011,PAH,KY,ASO,CE,Federal Contract Tower,0,3,2,0,5,0,0,49,0,49,0,3,51,0,54,16,0,16,70
05/30/2011,PAH,KY,ASO,CE,Federal Contract Tower,0,4,15,0,19,0,0,37,0,37,0,4,52,0,56,14,0,14,70
05/31/2011,PAH,KY,ASO,CE,Federal Contract Tower,0,5,8,0,13,0,0,30,0,30,0,5,38,0,43,14,0,14,57
06/01/2011,PAH,KY,ASO,CE,Federal Contract Tower,0,8,8,6,22,0,4,61,0,65,0,12,69,6,87,32,0,32,119
06/02/2011,PAH,KY,ASO,CE,Federal Contract Tower,0,6,3,0,9,0,0,55,4,59,0,6,58,4,68,22,4,26,94
06/03/2011,PAH,KY,ASO,CE,Federal Contract Tower,0,6,9,4,19,0,4,46,0,50,0,10,55,4,69,12,0,12,81
06/04/2011,PAH,KY,ASO,CE,Federal Contract Tower,0,3,2,0,5,0,0,49,0,49,0,3,51,0,54,12,0,12,66
06/05/2011,PAH,KY,ASO,CE,Federal Contract Tower,0,4,5,0,9,0,0,61,0,61,0,4,66,0,70,46,0,46,116
06/06/2011,PAH,KY,ASO,CE,Federal Contract Tower,0,6,4,4,14,0,2,58,4,64,0,8,62,8,78,42,4,46,124
06/07/2011,PAH,KY,ASO,CE,Federal Contract Tower,0,6,7,2,15,0,0,45,4,49,0,6,52,6,64,26,0,26,90
06/08/2011,PAH,KY,ASO,CE,Federal Contract Tower,0,8,6,4,18,0,4,59,2,65,0,12,65,6,83,18,0,18,101
06/09/2011,PAH,KY,ASO,CE,Federal Contract Tower,0,10,6,2,18,0,0,44,0,44,0,10,50,2,62,32,0,32,94
06/10/2011,PAH,KY,ASO,CE,Federal Contract Tower,0,10,5,0,15,0,0,48,0,48,0,10,53,0,63,18,0,18,81
06/11/2011,PAH,KY,ASO,CE,Federal Contract Tower,0,3,4,0,7,0,0,45,0,45,0,3,49,0,52,32,0,32,84
06/12/2011,PAH,KY,ASO,CE,Federal Contract Tower,0,5,7,0,12,0,2,44,0,46,0,7,51,0,58,38,0,38,96
06/13/2011,PAH,KY,ASO,CE,Federal Contract Tower,0,5,13,0,18,0,2,57,6,65,0,7,70,6,83,36,0,36,119
06/14/2011,PAH,KY,ASO,CE,Federal Contract Tower,0,8,4,0,12,0,0,50,2,52,0,8,54,2,64,38,0,38,102
06/15/2011,PAH,KY,ASO,CE,Federal Contract Tower,0,5,13,0,18,0,2,51,4,57,0,7,64,4,75,30,0,30,105
06/16/2011,PAH,KY,ASO,CE,Federal Contract Tower,0,3,17,2,22,0,0,55,6,61,0,3,72,8,83,42,0,42,125
06/17/2011,PAH,KY,ASO,CE,Federal Contract Tower,0,4,0,2,6,0,0,27,0,27,0,4,27,2,33,12,0,12,45
06/18/2011,PAH,KY,ASO,CE,Federal Contract Tower,0,4,1,0,5,0,0,23,0,23,0,4,24,0,28,0,0,0,28
06/19/2011,PAH,KY,ASO,CE,Federal Contract Tower,0,2,4,0,6,0,0,49,0,49,0,2,53,0,55,36,0,36,91
06/20/2011,PAH,KY,ASO,CE,Federal Contract Tower,0,9,4,2,15,0,2,57,4,63,0,11,61,6,78,40,0,40,118
06/21/2011,PAH,KY,ASO,CE,Federal Contract Tower,0,5,13,0,18,0,0,50,6,56,0,5,63,6,74,34,0,34,108
06/22/2011,PAH,KY,ASO,CE,Federal Contract Tower,0,13,11,0,24,0,2,54,2,58,0,15,65,2,82,40,0,40,122
06/23/2011,PAH,KY,ASO,CE,Federal Contract Tower,0,8,7,0,15,0,2,55,2,59,0,10,62,2,74,36,0,36,110
06/24/2011,PAH,KY,ASO,CE,Federal Contract Tower,0,4,3,0,7,0,0,42,2,44,0,4,45,2,51,16,0,16,67
06/25/2011,PAH,KY,ASO,CE,Federal Contract Tower,0,3,6,0,9,0,0,30,0,30,0,3,36,0,39,2,0,2,41
06/26/2011,PAH,KY,ASO,CE,Federal Contract Tower,0,6,4,0,10,0,0,26,0,26,0,6,30,0,36,20,0,20,56
06/27/2011,PAH,KY,ASO,CE,Federal Contract Tower,2,4,7,0,13,0,0,32,0,32,2,4,39,0,45,34,0,34,79
06/28/2011,PAH,KY,ASO,CE,Federal Contract Tower,0,4,9,0,13,0,0,27,4,31,0,4,36,4,44,22,4,26,70
06/29/2011,PAH,KY,ASO,CE,Federal Contract Tower,0,9,5,0,14,0,0,48,0,48,0,9,53,0,62,28,0,28,90
06/30/2011,PAH,KY,ASO,CE,Federal Contract Tower,0,8,12,4,24,0,0,43,0,43,0,8,55,4,67,26,0,26,93
07/01/2011,PAH,KY,ASO,CE,Federal Contract Tower,0,6,16,0,22,0,0,55,0,55,0,6,71,0,77,22,0,22,99
07/02/2011,PAH,KY,ASO,CE,Federal Contract Tower,0,3,6,0,9,0,0,51,0,51,0,3,57,0,60,46,0,46,106
07/03/2011,PAH,KY,ASO,CE,Federal Contract Tower,0,3,6,0,9,0,0,45,0,45,0,3,51,0,54,26,0,26,80
07/04/2011,PAH,KY,ASO,CE,Federal Contract Tower,0,4,2,0,6,0,0,20,0,20,0,4,22,0,26,16,0,16,42
07/05/2011,PAH,KY,ASO,CE,Federal Contract Tower,0,4,4,0,8,0,0,25,2,27,0,4,29,2,35,10,6,16,51
07/06/2011,PAH,KY,ASO,CE,Federal Contract Tower,0,6,7,0,13,0,0,43,0,43,0,6,50,0,56,24,0,24,80
07/07/2011,PAH,KY,ASO,CE,Federal Contract Tower,0,6,10,0,16,0,0,21,0,21,0,6,31,0,37,6,0,6,43
07/08/2011,PAH,KY,ASO,CE,Federal Contract Tower,0,7,19,0,26,0,0,49,0,49,0,7,68,0,75,12,0,12,87
07/09/2011,PAH,KY,ASO,CE,Federal Contract Tower,0,3,8,0,11,0,0,64,0,64,0,3,72,0,75,42,0,42,117
07/10/2011,PAH,KY,ASO,CE,Federal Contract Tower,0,4,5,0,9,0,0,62,0,62,0,4,67,0,71,54,0,54,125
07/11/2011,PAH,KY,ASO,CE,Federal Contract Tower,0,5,9,2,16,0,0,61,6,67,0,5,70,8,83,46,6,52,135
07/12/2011,PAH,KY,ASO,CE,Federal Contract Tower,0,3,8,0,11,0,0,51,10,61,0,3,59,10,72,28,6,34,106
07/13/2011,PAH,KY,ASO,CE,Federal Contract Tower,0,7,6,0,13,0,0,52,2,54,0,7,58,2,67,24,0,24,91
07/14/2011,PAH,KY,ASO,CE,Federal Contract Tower,0,9,13,3,25,0,8,61,0,69,0,17,74,3,94,28,0,28,122
07/15/2011,PAH,KY,ASO,CE,Federal Contract Tower,0,8,14,0,22,0,0,44,0,44,0,8,58,0,66,10,0,10,76
07/16/2011,PAH,KY,ASO,CE,Federal Contract Tower,0,4,6,0,10,0,0,47,0,47,0,4,53,0,57,24,0,24,81
07/17/2011,PAH,KY,ASO,CE,Federal Contract Tower,0,4,10,0,14,0,0,63,0,63,0,4,73,0,77,44,0,44,121
07/18/2011,PAH,KY,ASO,CE,Federal Contract Tower,0,6,13,0,19,0,0,56,8,64,0,6,69,8,83,28,8,36,119
07/19/2011,PAH,KY,ASO,CE,Federal Contract Tower,0,10,8,2,20,0,4,50,4,58,0,14,58,6,78,52,2,54,132
07/20/2011,PAH,KY,ASO,CE,Federal Contract Tower,0,3,7,0,10,0,2,70,5,77,0,5,77,5,87,24,0,24,111
07/21/2011,PAH,KY,ASO,CE,Federal Contract Tower,0,5,6,0,11,0,2,65,4,71,0,7,71,4,82,42,0,42,124
07/22/2011,PAH,KY,ASO,CE,Federal Contract Tower,0,7,5,0,12,0,0,30,2,32,0,7,35,2,44,20,20,40,84
07/23/2011,PAH,KY,ASO,CE,Federal Contract Tower,0,3,3,0,6,0,0,45,0,45,0,3,48,0,51,36,2,38,89
07/24/2011,PAH,KY,ASO,CE,Federal Contract Tower,0,4,4,0,8,0,0,62,0,62,0,4,66,0,70,40,0,40,110
07/25/2011,PAH,KY,ASO,CE,Federal Contract Tower,0,6,10,3,19,0,2,61,2,65,0,8,71,5,84,34,16,50,134
07/26/2011,PAH,KY,ASO,CE,Federal Contract Tower,0,7,12,2,21,0,4,53,0,57,0,11,65,2,78,38,0,38,116
07/27/2011,PAH,KY,ASO,CE,Federal Contract Tower,0,7,12,5,24,0,0,58,6,64,0,7,70,11,88,24,0,24,112
07/28/2011,PAH,KY,ASO,CE,Federal Contract Tower,0,7,20,7,34,0,0,53,6,59,0,7,73,13,93,28,4,32,125
07/29/2011,PAH,KY,ASO,CE,Federal Contract Tower,0,5,6,2,13,0,4,24,3,31,0,9,30,5,44,34,0,34,78
07/30/2011,PAH,KY,ASO,CE,Federal Contract Tower,0,5,1,0,6,0,0,23,2,25,0,5,24,2,31,20,8,28,59
07/31/2011,PAH,KY,ASO,CE,Federal Contract Tower,0,7,5,9,21,0,4,43,4,51,0,11,48,13,72,38,12,50,122
08/01/2011,PAH,KY,ASO,CE,Federal Contract Tower,0,4,3,0,7,0,0,41,8,49,0,4,44,8,56,40,0,40,96
08/02/2011,PAH,KY,ASO,CE,Federal Contract Tower,0,8,9,0,17,0,2,37,4,43,0,10,46,4,60,14,0,14,74
08/03/2011,PAH,KY,ASO,CE,Federal Contract Tower,0,6,5,0,11,0,0,52,2,54,0,6,57,2,65,28,2,30,95
08/04/2011,PAH,KY,ASO,CE,Federal Contract Tower,0,10,7,2,19,0,3,65,6,74,0,13,72,8,93,30,4,34,127
08/05/2011,PAH,KY,ASO,CE,Federal Contract Tower,0,7,4,0,11,0,0,15,0,15,0,7,19,0,26,12,0,12,38
08/06/2011,PAH,KY,ASO,CE,Federal Contract Tower,0,6,1,0,7,0,4,58,0,62,0,10,59,0,69,46,0,46,115
08/07/2011,PAH,KY,ASO,CE,Federal Contract Tower,0,3,5,0,8,0,2,46,4,52,0,5,51,4,60,56,0,56,116
08/08/2011,PAH,KY,ASO,CE,Federal Contract Tower,0,6,5,2,13,0,0,49,4,53,0,6,54,6,66,30,0,30,96
08/09/2011,PAH,KY,ASO,CE,Federal Contract Tower,0,5,2,0,7,0,2,33,0,35,0,7,35,0,42,26,0,26,68
08/10/2011,PAH,KY,ASO,CE,Federal Contract Tower,0,5,7,4,16,0,0,28,4,32,0,5,35,8,48,6,0,6,54
08/11/2011,PAH,KY,ASO,CE,Federal Contract Tower,0,6,10,2,18,0,0,37,0,37,0,6,47,2,55,16,0,16,71
08/12/2011,PAH,KY,ASO,CE,Federal Contract Tower,0,8,7,4,19,0,0,69,4,73,0,8,76,8,92,46,2,48,140
08/13/2011,PAH,KY,ASO,CE,Federal Contract Tower,0,8,7,0,15,0,0,23,0,23,0,8,30,0,38,38,0,38,76
08/14/2011,PAH,KY,ASO,CE,Federal Contract Tower,0,3,4,0,7,0,0,26,0,26,0,3,30,0,33,30,0,30,63
08/15/2011,PAH,KY,ASO,CE,Federal Contract Tower,0,6,7,2,15,0,0,36,0,36,0,6,43,2,51,16,0,16,67
08/16/2011,PAH,KY,ASO,CE,Federal Contract Tower,0,6,12,0,18,0,0,33,0,33,0,6,45,0,51,4,0,4,55
08/17/2011,PAH,KY,ASO,CE,Federal Contract Tower,0,5,12,0,17,0,0,39,0,39,0,5,51,0,56,22,0,22,78
08/18/2011,PAH,KY,ASO,CE,Federal Contract Tower,0,12,11,0,23,0,0,46,2,48,0,12,57,2,71,32,0,32,103
08/19/2011,PAH,KY,ASO,CE,Federal Contract Tower,0,6,4,0,10,0,0,38,2,40,0,6,42,2,50,20,2,22,72
08/20/2011,PAH,KY,ASO,CE,Federal Contract Tower,0,6,6,0,12,0,6,46,0,52,0,12,52,0,64,70,0,70,134
08/21/2011,PAH,KY,ASO,CE,Federal Contract Tower,0,10,15,0,25,0,0,57,0,57,0,10,72,0,82,46,0,46,128
08/22/2011,PAH,KY,ASO,CE,Federal Contract Tower,0,4,2,0,6,0,0,41,6,47,0,4,43,6,53,22,10,32,85
08/23/2011,PAH,KY,ASO,CE,Federal Contract Tower,0,8,14,4,26,0,0,48,4,52,0,8,62,8,78,22,0,22,100
08/24/2011,PAH,KY,ASO,CE,Federal Contract Tower,0,7,17,4,28,0,1,53,0,54,0,8,70,4,82,18,0,18,100
08/25/2011,PAH,KY,ASO,CE,Federal Contract Tower,0,4,20,0,24,0,0,42,0,42,0,4,62,0,66,24,0,24,90
08/26/2011,PAH,KY,ASO,CE,Federal Contract Tower,0,8,11,0,19,0,0,55,0,55,0,8,66,0,74,60,0,60,134
08/27/2011,PAH,KY,ASO,CE,Federal Contract Tower,0,8,8,4,20,0,0,55,0,55,0,8,63,4,75,66,0,66,141
08/28/2011,PAH,KY,ASO,CE,Federal Contract Tower,0,5,6,0,11,0,0,60,2,62,0,5,66,2,73,54,0,54,127
08/29/2011,PAH,KY,ASO,CE,Federal Contract Tower,0,6,4,0,10,0,0,56,5,61,0,6,60,5,71,24,4,28,99
08/30/2011,PAH,KY,ASO,CE,Federal Contract Tower,0,11,14,2,27,0,0,41,0,41,0,11,55,2,68,14,0,14,82
08/31/2011,PAH,KY,ASO,CE,Federal Contract Tower,0,6,12,0,18,0,0,32,0,32,0,6,44,0,50,32,0,32,82
09/01/2011,PAH,KY,ASO,CE,Federal Contract Tower,0,7,6,0,13,0,0,34,0,34,0,7,40,0,47,22,0,22,69
09/02/2011,PAH,KY,ASO,CE,Federal Contract Tower,0,5,15,0,20,0,0,26,0,26,0,5,41,0,46,26,0,26,72
09/03/2011,PAH,KY,ASO,CE,Federal Contract Tower,0,4,7,0,11,0,0,58,0,58,0,4,65,0,69,58,0,58,127
09/04/2011,PAH,KY,ASO,CE,Federal Contract Tower,0,4,4,0,8,0,0,45,2,47,0,4,49,2,55,34,0,34,89
09/05/2011,PAH,KY,ASO,CE,Federal Contract Tower,0,6,5,0,11,0,2,24,0,26,0,8,29,0,37,18,0,18,55
09/06/2011,PAH,KY,ASO,CE,Federal Contract Tower,0,8,9,0,17,0,0,38,2,40,0,8,47,2,57,20,0,20,77
09/07/2011,PAH,KY,ASO,CE,Federal Contract Tower,0,9,4,7,20,0,0,38,6,44,0,9,42,13,64,12,0,12,76
09/08/2011,PAH,KY,ASO,CE,Federal Contract Tower,0,6,12,4,22,0,0,40,4,44,0,6,52,8,66,14,0,14,80
09/09/2011,PAH,KY,ASO,CE,Federal Contract Tower,0,6,6,0,12,0,0,50,8,58,0,6,56,8,70,48,4,52,122
09/10/2011,PAH,KY,ASO,CE,Federal Contract Tower,0,4,9,0,13,0,0,44,0,44,0,4,53,0,57,60,0,60,117
09/11/2011,PAH,KY,ASO,CE,Federal Contract Tower,0,4,6,0,10,0,2,45,0,47,0,6,51,0,57,28,0,28,85
09/12/2011,PAH,KY,ASO,CE,Federal Contract Tower,0,4,7,1,12,0,0,38,6,44,0,4,45,7,56,24,0,24,80
09/13/2011,PAH,KY,ASO,CE,Federal Contract Tower,0,6,10,0,16,0,0,28,2,30,0,6,38,2,46,20,0,20,66
09/14/2011,PAH,KY,ASO,CE,Federal Contract Tower,0,7,15,0,22,0,0,15,0,15,0,7,30,0,37,12,0,12,49
09/15/2011,PAH,KY,ASO,CE,Federal Contract Tower,0,9,10,0,19,0,0,27,0,27,0,9,37,0,46,32,0,32,78
09/16/2011,PAH,KY,ASO,CE,Federal Contract Tower,0,6,9,0,15,0,0,54,4,58,0,6,63,4,73,56,8,64,137
09/17/2011,PAH,KY,ASO,CE,Federal Contract Tower,0,5,10,0,15,0,0,56,0,56,0,5,66,0,71,54,0,54,125
09/18/2011,PAH,KY,ASO,CE,Federal Contract Tower,0,6,2,0,8,0,2,39,0,41,0,8,41,0,49,54,0,54,103
09/19/2011,PAH,KY,ASO,CE,Federal Contract Tower,0,6,15,1,22,0,0,36,3,39,0,6,51,4,61,22,0,22,83
09/20/2011,PAH,KY,ASO,CE,Federal Contract Tower,0,5,11,2,18,0,0,18,0,18,0,5,29,2,36,0,0,0,36
09/21/2011,PAH,KY,ASO,CE,Federal Contract Tower,0,10,11,1,22,0,2,31,2,35,0,12,42,3,57,28,0,28,85
09/22/2011,PAH,KY,ASO,CE,Federal Contract Tower,0,11,18,0,29,0,2,39,6,47,0,13,57,6,76,8,34,42,118
09/23/2011,PAH,KY,ASO,CE,Federal Contract Tower,0,5,12,8,25,0,0,68,2,70,0,5,80,10,95,36,12,48,143
09/24/2011,PAH,KY,ASO,CE,Federal Contract Tower,0,6,3,0,9,0,2,59,0,61,0,8,62,0,70,56,0,56,126
09/25/2011,PAH,KY,ASO,CE,Federal Contract Tower,0,6,6,0,12,0,0,26,0,26,0,6,32,0,38,6,0,6,44
09/26/2011,PAH,KY,ASO,CE,Federal Contract Tower,0,4,9,0,13,0,0,49,9,58,0,4,58,9,71,26,6,32,103
09/27/2011,PAH,KY,ASO,CE,Federal Contract Tower,0,6,13,0,19,0,2,52,0,54,0,8,65,0,73,20,0,20,93
09/28/2011,PAH,KY,ASO,CE,Federal Contract Tower,0,5,6,5,16,0,0,53,3,56,0,5,59,8,72,28,2,30,102
09/29/2011,PAH,KY,ASO,CE,Federal Contract Tower,0,9,4,0,13,0,0,43,0,43,0,9,47,0,56,40,0,40,96
09/30/2011,PAH,KY,ASO,CE,Federal Contract Tower,0,7,12,2,21,0,4,68,0,72,0,11,80,2,93,42,4,46,139
10/01/2011,PAH,KY,ASO,CE,Federal Contract Tower,0,4,10,0,14,0,0,70,0,70,0,4,80,0,84,62,0,62,146
10/02/2011,PAH,KY,ASO,CE,Federal Contract Tower,0,4,6,0,10,0,0,48,2,50,0,4,54,2,60,52,0,52,112
10/03/2011,PAH,KY,ASO,CE,Federal Contract Tower,0,6,4,0,10,0,0,40,2,42,0,6,44,2,52,18,0,18,70
10/04/2011,PAH,KY,ASO,CE,Federal Contract Tower,0,9,8,0,17,0,0,53,2,55,0,9,61,2,72,34,0,34,106
10/05/2011,PAH,KY,ASO,CE,Federal Contract Tower,0,5,12,8,25,0,0,40,4,44,0,5,52,12,69,26,4,30,99
10/06/2011,PAH,KY,ASO,CE,Federal Contract Tower,0,4,5,0,9,0,0,31,0,31,0,4,36,0,40,26,0,26,66
10/07/2011,PAH,KY,ASO,CE,Federal Contract Tower,0,7,11,0,18,0,1,46,0,47,0,8,57,0,65,38,0,38,103
10/08/2011,PAH,KY,ASO,CE,Federal Contract Tower,0,4,1,0,5,0,0,50,0,50,0,4,51,0,55,58,0,58,113
10/09/2011,PAH,KY,ASO,CE,Federal Contract Tower,0,4,7,0,11,0,2,57,0,59,0,6,64,0,70,56,0,56,126
10/10/2011,PAH,KY,ASO,CE,Federal Contract Tower,0,6,4,0,10,0,0,34,4,38,0,6,38,4,48,12,4,16,64
10/11/2011,PAH,KY,ASO,CE,Federal Contract Tower,0,6,11,5,22,0,0,33,3,36,0,6,44,8,58,30,0,30,88
10/12/2011,PAH,KY,ASO,CE,Federal Contract Tower,0,9,14,0,23,0,0,32,6,38,0,9,46,6,61,38,8,46,107
10/13/2011,PAH,KY,ASO,CE,Federal Contract Tower,0,7,13,13,33,0,0,25,1,26,0,7,38,14,59,28,0,28,87
10/14/2011,PAH,KY,ASO,CE,Federal Contract Tower,0,9,12,4,25,0,0,51,2,53,0,9,63,6,78,58,0,58,136
10/15/2011,PAH,KY,ASO,CE,Federal Contract Tower,0,5,2,0,7,0,0,57,2,59,0,5,59,2,66,58,0,58,124
10/16/2011,PAH,KY,ASO,CE,Federal Contract Tower,0,4,10,0,14,0,0,64,0,64,0,4,74,0,78,30,0,30,108
10/17/2011,PAH,KY,ASO,CE,Federal Contract Tower,0,7,2,0,9,0,0,38,6,44,0,7,40,6,53,20,4,24,77
10/18/2011,PAH,KY,ASO,CE,Federal Contract Tower,0,7,8,1,16,0,0,24,0,24,0,7,32,1,40,0,0,0,40
10/19/2011,PAH,KY,ASO,CE,Federal Contract Tower,0,5,21,0,26,0,0,21,0,21,0,5,42,0,47,0,0,0,47
10/20/2011,PAH,KY,ASO,CE,Federal Contract Tower,0,5,15,0,20,0,0,38,0,38,0,5,53,0,58,14,0,14,72
10/21/2011,PAH,KY,ASO,CE,Federal Contract Tower,0,5,9,0,14,0,0,37,0,37,0,5,46,0,51,46,0,46,97
10/22/2011,PAH,KY,ASO,CE,Federal Contract Tower,0,8,1,0,9,0,0,64,0,64,0,8,65,0,73,58,0,58,131
10/23/2011,PAH,KY,ASO,CE,Federal Contract Tower,0,2,6,0,8,0,0,0,0,0,0,2,6,0,8,46,0,46,54
10/24/2011,PAH,KY,ASO,CE,Federal Contract Tower,0,6,12,0,18,0,0,47,5,52,0,6,59,5,70,26,6,32,102
10/25/2011,PAH,KY,ASO,CE,Federal Contract Tower,0,5,9,1,15,0,0,29,1,30,0,5,38,2,45,12,0,12,57
10/26/2011,PAH,KY,ASO,CE,Federal Contract Tower,0,5,10,0,15,0,0,23,0,23,0,5,33,0,38,4,0,4,42
10/27/2011,PAH,KY,ASO,CE,Federal Contract Tower,0,11,12,0,23,0,0,13,0,13,0,11,25,0,36,4,0,4,40
10/28/2011,PAH,KY,ASO,CE,Federal Contract Tower,0,5,17,0,22,0,0,53,8,61,0,5,70,8,83,48,4,52,135
10/29/2011,PAH,KY,ASO,CE,Federal Contract Tower,0,4,5,0,9,0,0,59,0,59,0,4,64,0,68,38,0,38,106
10/30/2011,PAH,KY,ASO,CE,Federal Contract Tower,0,9,10,0,19,0,0,46,0,46,0,9,56,0,65,42,0,42,107
10/31/2011,PAH,KY,ASO,CE,Federal Contract Tower,0,6,6,0,12,0,2,61,6,69,0,8,67,6,81,32,6,38,119
11/01/2011,PAH,KY,ASO,CE,Federal Contract Tower,0,6,4,3,13,0,0,56,5,61,0,6,60,8,74,50,0,50,124
11/02/2011,PAH,KY,ASO,CE,Federal Contract Tower,0,6,3,4,13,0,0,46,4,50,0,6,49,8,63,34,4,38,101
11/03/2011,PAH,KY,ASO,CE,Federal Contract Tower,0,7,9,6,22,0,0,4,0,4,0,7,13,6,26,4,0,4,30
11/04/2011,PAH,KY,ASO,CE,Federal Contract Tower,0,6,14,0,20,0,0,3,0,3,0,6,17,0,23,0,0,0,23
11/05/2011,PAH,KY,ASO,CE,Federal Contract Tower,0,4,4,0,8,0,0,22,0,22,0,4,26,0,30,0,0,0,30
11/06/2011,PAH,KY,ASO,CE,Federal Contract Tower,0,5,11,0,16,0,2,57,0,59,0,7,68,0,75,24,0,24,99
11/07/2011,PAH,KY,ASO,CE,Federal Contract Tower,0,7,16,0,23,0,0,65,6,71,0,7,81,6,94,40,4,44,138
11/08/2011,PAH,KY,ASO,CE,Federal Contract Tower,0,6,10,1,17,0,2,46,3,51,0,8,56,4,68,42,0,42,110
11/09/2011,PAH,KY,ASO,CE,Federal Contract Tower,0,6,10,0,16,0,0,39,2,41,0,6,49,2,57,30,0,30,87
11/10/2011,PAH,KY,ASO,CE,Federal Contract Tower,0,6,10,0,16,0,0,42,6,48,0,6,52,6,64,28,6,34,98
11/11/2011,PAH,KY,ASO,CE,Federal Contract Tower,0,9,6,0,15,0,0,17,0,17,0,9,23,0,32,14,0,14,46
11/12/2011,PAH,KY,ASO,CE,Federal Contract Tower,0,6,5,0,11,0,0,12,0,12,0,6,17,0,23,0,0,0,23
11/13/2011,PAH,KY,ASO,CE,Federal Contract Tower,0,5,3,0,8,0,2,33,0,35,0,7,36,0,43,16,0,16,59
11/14/2011,PAH,KY,ASO,CE,Federal Contract Tower,0,8,3,0,11,0,0,40,8,48,0,8,43,8,59,28,12,40,99
11/15/2011,PAH,KY,ASO,CE,Federal Contract Tower,0,7,7,0,14,0,0,27,2,29,0,7,34,2,43,14,0,14,57
11/16/2011,PAH,KY,ASO,CE,Federal Contract Tower,0,8,14,14,36,0,0,40,2,42,0,8,54,16,78,22,14,36,114
11/17/2011,PAH,KY,ASO,CE,Federal Contract Tower,0,6,16,0,22,0,0,35,0,35,0,6,51,0,57,32,0,32,89
11/18/2011,PAH,KY,ASO,CE,Federal Contract Tower,0,12,14,0,26,0,0,43,0,43,0,12,57,0,69,10,0,10,79
11/19/2011,PAH,KY,ASO,CE,Federal Contract Tower,0,4,7,0,11,0,0,18,1,19,0,4,25,1,30,0,0,0,30
11/20/2011,PAH,KY,ASO,CE,Federal Contract Tower,0,4,15,0,19,0,0,13,0,13,0,4,28,0,32,0,0,0,32
11/21/2011,PAH,KY,ASO,CE,Federal Contract Tower,0,3,9,0,12,0,0,0,0,0,0,3,9,0,12,0,0,0,12
11/22/2011,PAH,KY,ASO,CE,Federal Contract Tower,0,7,11,0,18,0,0,17,0,17,0,7,28,0,35,4,0,4,39
11/23/2011,PAH,KY,ASO,CE,Federal Contract Tower,0,8,15,0,23,0,0,46,2,48,0,8,61,2,71,56,0,56,127
11/24/2011,PAH,KY,ASO,CE,Federal Contract Tower,0,6,6,0,12,0,0,18,0,18,0,6,24,0,30,6,0,6,36
11/25/2011,PAH,KY,ASO,CE,Federal Contract Tower,0,3,13,2,18,0,0,40,0,40,0,3,53,2,58,22,0,22,80
11/26/2011,PAH,KY,ASO,CE,Federal Contract Tower,0,6,3,0,9,0,0,18,0,18,0,6,21,0,27,18,0,18,45
11/27/2011,PAH,KY,ASO,CE,Federal Contract Tower,0,6,8,0,14,0,0,33,0,33,0,6,41,0,47,0,0,0,47
11/28/2011,PAH,KY,ASO,CE,Federal Contract Tower,0,8,6,0,14,0,0,36,4,40,0,8,42,4,54,16,2,18,72
11/29/2011,PAH,KY,ASO,CE,Federal Contract Tower,0,12,16,0,28,0,0,31,2,33,0,12,47,2,61,28,0,28,89
11/30/2011,PAH,KY,ASO,CE,Federal Contract Tower,0,9,17,0,26,0,0,46,4,50,0,9,63,4,76,32,6,38,114
12/01/2011,PAH,KY,ASO,CE,Federal Contract Tower,0,12,18,4,34,0,0,42,6,48,0,12,60,10,82,38,6,44,126
12/02/2011,PAH,KY,ASO,CE,Federal Contract Tower,0,6,13,0,19,0,0,53,0,53,0,6,66,0,72,16,0,16,88
12/03/2011,PAH,KY,ASO,CE,Federal Contract Tower,0,7,4,0,11,0,0,39,0,39,0,7,43,0,50,0,0,0,50
12/04/2011,PAH,KY,ASO,CE,Federal Contract Tower,0,8,16,0,24,0,0,20,0,20,0,8,36,0,44,0,0,0,44
12/05/2011,PAH,KY,ASO,CE,Federal Contract Tower,0,8,11,0,19,0,0,37,2,39,0,8,48,2,58,14,0,14,72
12/06/2011,PAH,KY,ASO,CE,Federal Contract Tower,0,8,11,0,19,0,0,24,6,30,0,8,35,6,49,16,6,22,71
12/07/2011,PAH,KY,ASO,CE,Federal Contract Tower,0,14,8,0,22,0,0,47,3,50,0,14,55,3,72,46,0,46,118
12/08/2011,PAH,KY,ASO,CE,Federal Contract Tower,0,10,20,0,30,0,0,44,2,46,0,10,64,2,76,38,0,38,114
12/09/2011,PAH,KY,ASO,CE,Federal Contract Tower,0,7,10,0,17,0,0,36,0,36,0,7,46,0,53,20,0,20,73
12/10/2011,PAH,KY,ASO,CE,Federal Contract Tower,0,6,7,0,13,0,0,22,0,22,0,6,29,0,35,5,0,5,40
12/11/2011,PAH,KY,ASO,CE,Federal Contract Tower,0,4,14,0,18,0,2,68,0,70,0,6,82,0,88,40,0,40,128
12/12/2011,PAH,KY,ASO,CE,Federal Contract Tower,0,8,11,0,19,0,0,71,8,79,0,8,82,8,98,42,8,50,148
12/13/2011,PAH,KY,ASO,CE,Federal Contract Tower,0,7,7,0,14,0,2,33,4,39,0,9,40,4,53,14,0,14,67
12/14/2011,PAH,KY,ASO,CE,Federal Contract Tower,0,5,15,2,22,0,0,26,2,28,0,5,41,4,50,18,0,18,68
12/15/2011,PAH,KY,ASO,CE,Federal Contract Tower,0,7,8,0,15,0,0,27,0,27,0,7,35,0,42,20,0,20,62
12/16/2011,PAH,KY,ASO,CE,Federal Contract Tower,0,4,12,0,16,0,0,22,0,22,0,4,34,0,38,16,0,16,54
12/17/2011,PAH,KY,ASO,CE,Federal Contract Tower,0,8,15,0,23,0,0,20,2,22,0,8,35,2,45,0,0,0,45
12/18/2011,PAH,KY,ASO,CE,Federal Contract Tower,0,7,13,0,20,0,2,54,0,56,0,9,67,0,76,40,0,40,116
12/19/2011,PAH,KY,ASO,CE,Federal Contract Tower,0,8,4,4,16,0,4,66,8,78,0,12,70,12,94,34,6,40,134
12/20/2011,PAH,KY,ASO,CE,Federal Contract Tower,0,6,11,0,17,0,0,26,2,28,0,6,37,2,45,26,0,26,71
12/21/2011,PAH,KY,ASO,CE,Federal Contract Tower,0,6,9,2,17,0,2,50,2,54,0,8,59,4,71,28,0,28,99
12/22/2011,PAH,KY,ASO,CE,Federal Contract Tower,0,6,10,0,16,0,2,43,6,51,0,8,53,6,67,38,6,44,111
12/23/2011,PAH,KY,ASO,CE,Federal Contract Tower,0,10,10,0,20,0,0,4,0,4,0,10,14,0,24,0,0,0,24
12/24/2011,PAH,KY,ASO,CE,Federal Contract Tower,0,6,3,0,9,0,0,17,0,17,0,6,20,0,26,0,0,0,26
12/25/2011,PAH,KY,ASO,CE,Federal Contract Tower,0,6,5,0,11,0,0,27,0,27,0,6,32,0,38,10,0,10,48
12/26/2011,PAH,KY,ASO,CE,Federal Contract Tower,0,6,7,0,13,0,2,52,0,54,0,8,59,0,67,38,0,38,105
12/27/2011,PAH,KY,ASO,CE,Federal Contract Tower,0,8,6,0,14,0,0,41,0,41,0,8,47,0,55,40,0,40,95
12/28/2011,PAH,KY,ASO,CE,Federal Contract Tower,0,4,5,0,9,0,2,63,2,67,0,6,68,2,76,38,0,38,114
12/29/2011,PAH,KY,ASO,CE,Federal Contract Tower,0,6,4,0,10,0,2,35,2,39,0,8,39,2,49,30,0,30,79
12/30/2011,PAH,KY,ASO,CE,Federal Contract Tower,0,8,1,0,9,0,0,15,0,15,0,8,16,0,24,12,0,12,36
12/31/2011,PAH,KY,ASO,CE,Federal Contract Tower,0,7,9,0,16,0,0,35,0,35,0,7,44,0,51,12,0,12,63
01/01/2012,PAH,KY,ASO,CE,Federal Contract Tower,0,4,4,0,8,0,0,39,0,39,0,4,43,0,47,14,0,14,61
01/02/2012,PAH,KY,ASO,CE,Federal Contract Tower,0,8,2,0,10,0,2,61,4,67,0,10,63,4,77,36,0,36,113
01/03/2012,PAH,KY,ASO,CE,Federal Contract Tower,0,6,6,0,12,0,0,57,8,65,0,6,63,8,77,50,6,56,133
01/04/2012,PAH,KY,ASO,CE,Federal Contract Tower,0,6,10,0,16,0,0,44,4,48,0,6,54,4,64,30,6,36,100
01/05/2012,PAH,KY,ASO,CE,Federal Contract Tower,0,6,2,4,12,0,0,51,2,53,0,6,53,6,65,40,0,40,105
01/06/2012,PAH,KY,ASO,CE,Federal Contract Tower,0,5,4,0,9,0,0,25,0,25,0,5,29,0,34,12,0,12,46
01/07/2012,PAH,KY,ASO,CE,Federal Contract Tower,0,4,7,0,11,0,0,20,0,20,0,4,27,0,31,10,0,10,41
01/08/2012,PAH,KY,ASO,CE,Federal Contract Tower,0,6,6,0,12,0,0,48,2,50,0,6,54,2,62,30,0,30,92
01/09/2012,PAH,KY,ASO,CE,Federal Contract Tower,0,6,3,6,15,0,2,59,6,67,0,8,62,12,82,46,6,52,134
01/10/2012,PAH,KY,ASO,CE,Federal Contract Tower,0,5,10,2,17,0,0,62,4,66,0,5,72,6,83,44,6,50,133
01/11/2012,PAH,KY,ASO,CE,Federal Contract Tower,0,6,15,4,25,0,0,5,1,6,0,6,20,5,31,0,0,0,31
01/12/2012,PAH,KY,ASO,CE,Federal Contract Tower,0,5,4,0,9,0,0,12,0,12,0,5,16,0,21,0,0,0,21
01/13/2012,PAH,KY,ASO,CE,Federal Contract Tower,0,5,11,0,16,0,0,20,0,20,0,5,31,0,36,6,0,6,42
01/14/2012,PAH,KY,ASO,CE,Federal Contract Tower,0,5,4,0,9,0,0,22,0,22,0,5,26,0,31,0,0,0,31
01/15/2012,PAH,KY,ASO,CE,Federal Contract Tower,0,4,14,0,18,0,4,48,0,52,0,8,62,0,70,34,0,34,104
01/16/2012,PAH,KY,ASO,CE,Federal Contract Tower,0,6,4,0,10,0,0,58,6,64,0,6,62,6,74,34,6,40,114
01/17/2012,PAH,KY,ASO,CE,Federal Contract Tower,0,10,3,0,13,0,0,50,2,52,0,10,53,2,65,44,0,44,109
01/18/2012,PAH,KY,ASO,CE,Federal Contract Tower,0,7,11,0,18,0,0,47,4,51,0,7,58,4,69,34,0,34,103
01/19/2012,PAH,KY,ASO,CE,Federal Contract Tower,0,7,7,0,14,0,0,38,7,45,0,7,45,7,59,34,6,40,99
01/20/2012,PAH,KY,ASO,CE,Federal Contract Tower,0,7,9,0,16,0,0,14,0,14,0,7,23,0,30,4,0,4,34
01/21/2012,PAH,KY,ASO,CE,Federal Contract Tower,0,4,7,0,11,0,0,2,0,2,0,4,9,0,13,0,0,0,13
01/22/2012,PAH,KY,ASO,CE,Federal Contract Tower,0,3,9,0,12,0,0,22,0,22,0,3,31,0,34,0,0,0,34
01/23/2012,PAH,KY,ASO,CE,Federal Contract Tower,0,6,13,0,19,0,0,60,4,64,0,6,73,4,83,46,6,52,135
01/24/2012,PAH,KY,ASO,CE,Federal Contract Tower,0,11,16,0,27,0,0,55,6,61,0,11,71,6,88,58,4,62,150
01/25/2012,PAH,KY,ASO,CE,Federal Contract Tower,0,8,7,0,15,0,0,21,2,23,0,8,28,2,38,26,0,26,64
01/26/2012,PAH,KY,ASO,CE,Federal Contract Tower,0,8,9,0,17,0,0,3,0,3,0,8,12,0,20,0,0,0,20
01/27/2012,PAH,KY,ASO,CE,Federal Contract Tower,0,10,6,0,16,0,0,23,0,23,0,10,29,0,39,56,0,56,95
01/28/2012,PAH,KY,ASO,CE,Federal Contract Tower,0,11,3,0,14,0,0,24,0,24,0,11,27,0,38,18,0,18,56
01/29/2012,PAH,KY,ASO,CE,Federal Contract Tower,0,9,7,0,16,0,2,50,0,52,0,11,57,0,68,44,0,44,112
01/30/2012,PAH,KY,ASO,CE,Federal Contract Tower,0,8,6,0,14,0,0,62,6,68,0,8,68,6,82,50,10,60,142
01/31/2012,PAH,KY,ASO,CE,Federal Contract Tower,0,7,14,0,21,0,0,57,8,65,0,7,71,8,86,38,6,44,130
02/01/2012,PAH,KY,ASO,CE,Federal Contract Tower,0,9,24,0,33,0,0,32,2,34,0,9,56,2,67,50,0,50,117
02/02/2012,PAH,KY,ASO,CE,Federal Contract Tower,0,6,16,0,22,0,0,50,6,56,0,6,66,6,78,34,2,36,114
02/03/2012,PAH,KY,ASO,CE,Federal Contract Tower,0,7,13,0,20,0,0,20,0,20,0,7,33,0,40,14,0,14,54
02/04/2012,PAH,KY,ASO,CE,Federal Contract Tower,0,4,7,0,11,0,0,0,0,0,0,4,7,0,11,0,0,0,11
02/05/2012,PAH,KY,ASO,CE,Federal Contract Tower,0,5,3,0,8,0,0,37,10,47,0,5,40,10,55,38,0,38,93
02/06/2012,PAH,KY,ASO,CE,Federal Contract Tower,0,6,4,1,11,0,0,51,5,56,0,6,55,6,67,26,0,26,93
02/07/2012,PAH,KY,ASO,CE,Federal Contract Tower,0,10,10,0,20,0,0,32,2,34,0,10,42,2,54,36,0,36,90
02/08/2012,PAH,KY,ASO,CE,Federal Contract Tower,0,8,9,0,17,0,0,29,0,29,0,8,38,0,46,38,0,38,84
02/09/2012,PAH,KY,ASO,CE,Federal Contract Tower,0,6,9,1,16,0,0,41,1,42,0,6,50,2,58,44,2,46,104
02/10/2012,PAH,KY,ASO,CE,Federal Contract Tower,0,10,7,0,17,0,0,33,6,39,0,10,40,6,56,22,0,22,78
02/11/2012,PAH,KY,ASO,CE,Federal Contract Tower,0,4,4,0,8,0,0,64,2,66,0,4,68,2,74,50,2,52,126
02/12/2012,PAH,KY,ASO,CE,Federal Contract Tower,0,4,4,0,8,0,6,63,0,69,0,10,67,0,77,32,0,32,109
02/13/2012,PAH,KY,ASO,CE,Federal Contract Tower,0,5,2,0,7,0,0,23,4,27,0,5,25,4,34,18,0,18,52
02/14/2012,PAH,KY,ASO,CE,Federal Contract Tower,0,6,4,0,10,0,0,6,0,6,0,6,10,0,16,10,0,10,26
02/15/2012,PAH,KY,ASO,CE,Federal Contract Tower,0,8,6,0,14,0,0,13,0,13,0,8,19,0,27,8,0,8,35
02/16/2012,PAH,KY,ASO,CE,Federal Contract Tower,0,8,10,0,18,0,0,13,2,15,0,8,23,2,33,12,0,12,45
02/17/2012,PAH,KY,ASO,CE,Federal Contract Tower,0,6,13,8,27,0,0,66,3,69,0,6,79,11,96,62,0,62,158
02/18/2012,PAH,KY,ASO,CE,Federal Contract Tower,0,4,2,0,6,0,0,30,0,30,0,4,32,0,36,18,0,18,54
02/19/2012,PAH,KY,ASO,CE,Federal Contract Tower,0,4,1,0,5,0,0,62,0,62,0,4,63,0,67,36,0,36,103
02/20/2012,PAH,KY,ASO,CE,Federal Contract Tower,0,5,6,0,11,0,0,49,5,54,0,5,55,5,65,26,0,26,91
02/21/2012,PAH,KY,ASO,CE,Federal Contract Tower,0,7,4,0,11,0,0,33,8,41,0,7,37,8,52,22,0,22,74
02/22/2012,PAH,KY,ASO,CE,Federal Contract Tower,0,10,12,6,28,0,0,43,0,43,0,10,55,6,71,34,0,34,105
02/23/2012,PAH,KY,ASO,CE,Federal Contract Tower,0,6,14,0,20,0,0,38,6,44,0,6,52,6,64,24,4,28,92
02/24/2012,PAH,KY,ASO,CE,Federal Contract Tower,7,8,0,0,15,0,2,58,4,64,7,10,58,4,79,48,2,50,129
02/25/2012,PAH,KY,ASO,CE,Federal Contract Tower,0,6,5,0,11,0,0,75,5,80,0,6,80,5,91,56,0,56,147
02/26/2012,PAH,KY,ASO,CE,Federal Contract Tower,0,4,9,0,13,0,0,69,4,73,0,4,78,4,86,40,0,40,126
02/27/2012,PAH,KY,ASO,CE,Federal Contract Tower,0,7,8,1,16,0,0,43,9,52,0,7,51,10,68,30,4,34,102
02/28/2012,PAH,KY,ASO,CE,Federal Contract Tower,0,11,10,0,21,0,0,40,2,42,0,11,50,2,63,24,0,24,87
02/29/2012,PAH,KY,ASO,CE,Federal Contract Tower,0,6,6,0,12,0,0,23,2,25,0,6,29,2,37,8,0,8,45
03/01/2012,PAH,KY,ASO,CE,Federal Contract Tower,0,8,11,8,27,0,0,48,0,48,0,8,59,8,75,32,0,32,107
03/02/2012,PAH,KY,ASO,CE,Federal Contract Tower,13,4,0,0,17,0,4,34,2,40,13,8,34,2,57,0,0,0,57
03/03/2012,PAH,KY,ASO,CE,Federal Contract Tower,4,7,0,0,11,0,0,55,2,57,4,7,55,2,68,70,0,70,138
03/04/2012,PAH,KY,ASO,CE,Federal Contract Tower,0,3,2,0,5,0,0,54,0,54,0,3,56,0,59,36,0,36,95
03/05/2012,PAH,KY,ASO,CE,Federal Contract Tower,0,8,3,5,16,0,2,48,5,55,0,10,51,10,71,28,0,28,99
03/06/2012,PAH,KY,ASO,CE,Federal Contract Tower,0,9,9,2,20,0,0,0,0,0,0,9,9,2,20,14,0,14,34
03/07/2012,PAH,KY,ASO,CE,Federal Contract Tower,0,7,6,1,14,0,0,27,3,30,0,7,33,4,44,14,4,18,62
03/08/2012,PAH,KY,ASO,CE,Federal Contract Tower,0,8,5,0,13,0,0,6,0,6,0,8,11,0,19,0,0,0,19
03/09/2012,PAH,KY,ASO,CE,Federal Contract Tower,0,7,10,0,17,0,0,54,4,58,0,7,64,4,75,48,0,48,123
03/10/2012,PAH,KY,ASO,CE,Federal Contract Tower,0,6,9,0,15,0,0,70,2,72,0,6,79,2,87,50,0,50,137
03/11/2012,PAH,KY,ASO,CE,Federal Contract Tower,0,4,3,0,7,0,0,43,0,43,0,4,46,0,50,36,0,36,86
03/12/2012,PAH,KY,ASO,CE,Federal Contract Tower,0,7,9,0,16,0,0,24,2,26,0,7,33,2,42,14,0,14,56
03/13/2012,PAH,KY,ASO,CE,Federal Contract Tower,0,8,8,4,20,0,0,34,4,38,0,8,42,8,58,22,0,22,80
03/14/2012,PAH,KY,ASO,CE,Federal Contract Tower,0,11,2,1,14,0,0,23,3,26,0,11,25,4,40,34,0,34,74
03/15/2012,PAH,KY,ASO,CE,Federal Contract Tower,2,8,9,0,19,0,0,17,0,17,2,8,26,0,36,14,0,14,50
03/16/2012,PAH,KY,ASO,CE,Federal Contract Tower,0,10,11,0,21,0,2,52,6,60,0,12,63,6,81,40,6,46,127
03/17/2012,PAH,KY,ASO,CE,Federal Contract Tower,0,9,2,0,11,0,0,75,6,81,0,9,77,6,92,50,0,50,142
03/18/2012,PAH,KY,ASO,CE,Federal Contract Tower,0,6,12,0,18,0,0,50,4,54,0,6,62,4,72,32,0,32,104
03/19/2012,PAH,KY,ASO,CE,Federal Contract Tower,0,7,1,0,8,0,0,28,0,28,0,7,29,0,36,18,0,18,54
03/20/2012,PAH,KY,ASO,CE,Federal Contract Tower,0,9,10,0,19,0,0,33,2,35,0,9,43,2,54,18,0,18,72
03/21/2012,PAH,KY,ASO,CE,Federal Contract Tower,0,7,7,8,22,0,0,30,4,34,0,7,37,12,56,28,0,28,84
03/22/2012,PAH,KY,ASO,CE,Federal Contract Tower,0,6,5,0,11,0,0,4,0,4,0,6,9,0,15,0,0,0,15
03/23/2012,PAH,KY,ASO,CE,Federal Contract Tower,0,9,2,0,11,0,0,50,4,54,0,9,52,4,65,42,0,42,107
03/24/2012,PAH,KY,ASO,CE,Federal Contract Tower,0,4,10,0,14,0,2,57,2,61,0,6,67,2,75,44,0,44,119
03/25/2012,PAH,KY,ASO,CE,Federal Contract Tower,0,5,3,0,8,0,0,43,0,43,0,5,46,0,51,40,0,40,91
03/26/2012,PAH,KY,ASO,CE,Federal Contract Tower,0,6,11,0,17,0,2,32,6,40,0,8,43,6,57,18,0,18,75
03/27/2012,PAH,KY,ASO,CE,Federal Contract Tower,0,9,11,0,20,0,0,47,6,53,0,9,58,6,73,22,0,22,95
03/28/2012,PAH,KY,ASO,CE,Federal Contract Tower,0,8,12,0,20,0,0,42,0,42,0,8,54,0,62,24,0,24,86
03/29/2012,PAH,KY,ASO,CE,Federal Contract Tower,0,6,7,6,19,0,0,43,0,43,0,6,50,6,62,24,4,28,90
03/30/2012,PAH,KY,ASO,CE,Federal Contract Tower,0,5,17,0,22,0,2,57,4,63,0,7,74,4,85,34,4,38,123
03/31/2012,PAH,KY,ASO,CE,Federal Contract Tower,0,10,11,0,21,0,0,64,0,64,0,10,75,0,85,42,0,42,127
04/01/2012,PAH,KY,ASO,CE,Federal Contract Tower,0,4,9,0,13,0,0,45,0,45,0,4,54,0,58,24,0,24,82
04/02/2012,PAH,KY,ASO,CE,Federal Contract Tower,0,7,3,1,11,0,0,25,0,25,0,7,28,1,36,0,10,10,46
04/03/2012,PAH,KY,ASO,CE,Federal Contract Tower,0,6,9,0,15,0,0,42,4,46,0,6,51,4,61,20,0,20,81
04/04/2012,PAH,KY,ASO,CE,Federal Contract Tower,0,6,6,0,12,0,0,14,4,18,0,6,20,4,30,12,0,12,42
04/05/2012,PAH,KY,ASO,CE,Federal Contract Tower,0,9,14,0,23,0,0,1,0,1,0,9,15,0,24,4,0,4,28
04/06/2012,PAH,KY,ASO,CE,Federal Contract Tower,0,7,7,0,14,0,0,23,2,25,0,7,30,2,39,12,0,12,51
04/07/2012,PAH,KY,ASO,CE,Federal Contract Tower,0,6,8,0,14,0,0,36,4,40,0,6,44,4,54,26,0,26,80
04/08/2012,PAH,KY,ASO,CE,Federal Contract Tower,0,4,3,0,7,0,0,46,0,46,0,4,49,0,53,30,0,30,83
04/09/2012,PAH,KY,ASO,CE,Federal Contract Tower,0,6,12,0,18,0,0,49,4,53,0,6,61,4,71,38,0,38,109
04/10/2012,PAH,KY,ASO,CE,Federal Contract Tower,0,7,6,0,13,0,0,37,2,39,0,7,43,2,52,24,0,24,76
04/11/2012,PAH,KY,ASO,CE,Federal Contract Tower,0,7,12,0,19,0,0,34,3,37,0,7,46,3,56,46,0,46,102
04/12/2012,PAH,KY,ASO,CE,Federal Contract Tower,0,7,13,0,20,0,0,34,2,36,0,7,47,2,56,28,0,28,84
04/13/2012,PAH,KY,ASO,CE,Federal Contract Tower,0,14,12,0,26,0,0,47,2,49,0,14,59,2,75,60,0,60,135
04/14/2012,PAH,KY,ASO,CE,Federal Contract Tower,0,7,4,0,11,0,0,75,0,75,0,7,79,0,86,56,0,56,142
04/15/2012,PAH,KY,ASO,CE,Federal Contract Tower,0,3,9,0,12,0,0,61,2,63,0,3,70,2,75,40,0,40,115
04/16/2012,PAH,KY,ASO,CE,Federal Contract Tower,0,6,8,0,14,0,0,35,6,41,0,6,43,6,55,24,0,24,79
04/17/2012,PAH,KY,ASO,CE,Federal Contract Tower,0,11,13,2,26,0,0,26,12,38,0,11,39,14,64,20,0,20,84
04/18/2012,PAH,KY,ASO,CE,Federal Contract Tower,0,10,8,0,18,0,0,21,0,21,0,10,29,0,39,12,0,12,51
04/19/2012,PAH,KY,ASO,CE,Federal Contract Tower,0,10,8,0,18,0,2,31,2,35,0,12,39,2,53,46,0,46,99
04/20/2012,PAH,KY,ASO,CE,Federal Contract Tower,0,11,9,0,20,0,0,59,4,63,0,11,68,4,83,22,6,28,111
04/21/2012,PAH,KY,ASO,CE,Federal Contract Tower,0,8,7,0,15,0,0,55,0,55,0,8,62,0,70,38,0,38,108
04/22/2012,PAH,KY,ASO,CE,Federal Contract Tower,0,8,4,0,12,0,0,46,0,46,0,8,50,0,58,38,0,38,96
04/23/2012,PAH,KY,ASO,CE,Federal Contract Tower,0,8,7,0,15,0,2,43,6,51,0,10,50,6,66,28,4,32,98
04/24/2012,PAH,KY,ASO,CE,Federal Contract Tower,0,7,13,0,20,0,2,35,2,39,0,9,48,2,59,18,0,18,77
04/25/2012,PAH,KY,ASO,CE,Federal Contract Tower,0,14,6,4,24,0,2,30,2,34,0,16,36,6,58,22,4,26,84
04/26/2012,PAH,KY,ASO,CE,Federal Contract Tower,0,6,11,0,17,0,0,38,0,38,0,6,49,0,55,28,0,28,83
04/27/2012,PAH,KY,ASO,CE,Federal Contract Tower,0,10,12,0,22,0,0,58,8,66,0,10,70,8,88,34,0,34,122
04/28/2012,PAH,KY,ASO,CE,Federal Contract Tower,0,5,5,0,10,0,0,57,0,57,0,5,62,0,67,36,0,36,103
04/29/2012,PAH,KY,ASO,CE,Federal Contract Tower,0,5,4,1,10,0,2,52,2,56,0,7,56,3,66,38,0,38,104
04/30/2012,PAH,KY,ASO,CE,Federal Contract Tower,0,6,7,2,15,0,0,29,4,33,0,6,36,6,48,20,4,24,72
05/01/2012,PAH,KY,ASO,CE,Federal Contract Tower,0,7,2,8,17,0,0,40,2,42,0,7,42,10,59,30,0,30,89
05/02/2012,PAH,KY,ASO,CE,Federal Contract Tower,0,5,0,8,13,0,0,33,0,33,0,5,33,8,46,28,2,30,76
05/03/2012,PAH,KY,ASO,CE,Federal Contract Tower,0,5,17,2,24,0,0,35,2,37,0,5,52,4,61,28,0,28,89
05/04/2012,PAH,KY,ASO,CE,Federal Contract Tower,0,12,4,0,16,0,0,54,6,60,0,12,58,6,76,54,0,54,130
05/05/2012,PAH,KY,ASO,CE,Federal Contract Tower,0,5,8,0,13,0,0,50,0,50,0,5,58,0,63,48,0,48,111
05/06/2012,PAH,KY,ASO,CE,Federal Contract Tower,0,3,5,0,8,0,2,45,0,47,0,5,50,0,55,44,0,44,99
05/07/2012,PAH,KY,ASO,CE,Federal Contract Tower,0,7,0,0,7,0,0,32,4,36,0,7,32,4,43,20,6,26,69
05/08/2012,PAH,KY,ASO,CE,Federal Contract Tower,0,9,7,0,16,0,0,32,6,38,0,9,39,6,54,16,0,16,70
05/09/2012,PAH,KY,ASO,CE,Federal Contract Tower,0,8,5,0,13,0,0,38,2,40,0,8,43,2,53,44,0,44,97
05/10/2012,PAH,KY,ASO,CE,Federal Contract Tower,0,8,13,0,21,0,0,37,0,37,0,8,50,0,58,30,0,30,88
05/11/2012,PAH,KY,ASO,CE,Federal Contract Tower,0,7,8,6,21,0,0,49,0,49,0,7,57,6,70,42,0,42,112
05/12/2012,PAH,KY,ASO,CE,Federal Contract Tower,0,8,5,0,13,0,0,52,0,52,0,8,57,0,65,52,0,52,117
05/13/2012,PAH,KY,ASO,CE,Federal Contract Tower,0,4,7,0,11,0,2,50,2,54,0,6,57,2,65,28,0,28,93
05/14/2012,PAH,KY,ASO,CE,Federal Contract Tower,0,6,4,5,15,0,0,60,8,68,0,6,64,13,83,32,4,36,119
05/15/2012,PAH,KY,ASO,CE,Federal Contract Tower,0,7,7,0,14,0,0,0,0,0,0,7,7,0,14,38,0,38,52
05/16/2012,PAH,KY,ASO,CE,Federal Contract Tower,0,6,6,3,15,0,0,42,5,47,0,6,48,8,62,42,2,44,106
05/17/2012,PAH,KY,ASO,CE,Federal Contract Tower,0,7,11,0,18,0,0,50,4,54,0,7,61,4,72,46,0,46,118
05/18/2012,PAH,KY,ASO,CE,Federal Contract Tower,0,7,8,0,15,0,0,36,2,38,0,7,44,2,53,54,0,54,107
05/19/2012,PAH,KY,ASO,CE,Federal Contract Tower,0,4,1,0,5,0,0,31,0,31,0,4,32,0,36,6,0,6,42
05/20/2012,PAH,KY,ASO,CE,Federal Contract Tower,0,7,9,0,16,0,0,48,0,48,0,7,57,0,64,60,0,60,124
05/21/2012,PAH,KY,ASO,CE,Federal Contract Tower,0,6,10,4,20,0,0,58,8,66,0,6,68,12,86,40,8,48,134
05/22/2012,PAH,KY,ASO,CE,Federal Contract Tower,0,8,7,3,18,0,0,49,5,54,0,8,56,8,72,38,0,38,110
05/23/2012,PAH,KY,ASO,CE,Federal Contract Tower,0,9,15,2,26,0,0,41,2,43,0,9,56,4,69,44,0,44,113
05/24/2012,PAH,KY,ASO,CE,Federal Contract Tower,0,6,15,0,21,0,0,28,2,30,0,6,43,2,51,14,0,14,65
05/25/2012,PAH,KY,ASO,CE,Federal Contract Tower,0,8,9,0,17,0,0,43,0,43,0,8,52,0,60,20,0,20,80
05/26/2012,PAH,KY,ASO,CE,Federal Contract Tower,0,4,1,0,5,0,0,24,0,24,0,4,25,0,29,0,0,0,29
05/27/2012,PAH,KY,ASO,CE,Federal Contract Tower,0,4,5,0,9,0,0,24,0,24,0,4,29,0,33,24,0,24,57
05/28/2012,PAH,KY,ASO,CE,Federal Contract Tower,0,3,6,1,10,0,0,27,5,32,0,3,33,6,42,30,12,42,84
05/29/2012,PAH,KY,ASO,CE,Federal Contract Tower,0,6,16,6,28,0,0,30,4,34,0,6,46,10,62,24,6,30,92
05/30/2012,PAH,KY,ASO,CE,Federal Contract Tower,0,10,13,5,28,0,0,42,9,51,0,10,55,14,79,26,4,30,109
05/31/2012,PAH,KY,ASO,CE,Federal Contract Tower,0,6,12,0,18,0,0,31,4,35,0,6,43,4,53,40,0,40,93
06/01/2012,PAH,KY,ASO,CE,Federal Contract Tower,0,12,11,0,23,0,0,28,0,28,0,12,39,0,51,14,0,14,65
06/02/2012,PAH,KY,ASO,CE,Federal Contract Tower,0,4,9,0,13,0,0,25,0,25,0,4,34,0,38,36,0,36,74
06/03/2012,PAH,KY,ASO,CE,Federal Contract Tower,0,4,4,0,8,0,0,53,2,55,0,4,57,2,63,52,0,52,115
06/04/2012,PAH,KY,ASO,CE,Federal Contract Tower,0,7,2,0,9,0,0,49,6,55,0,7,51,6,64,32,6,38,102
06/05/2012,PAH,KY,ASO,CE,Federal Contract Tower,0,6,14,3,23,0,0,45,9,54,0,6,59,12,77,54,0,54,131
06/06/2012,PAH,KY,ASO,CE,Federal Contract Tower,0,8,12,4,24,0,0,52,5,57,0,8,64,9,81,30,0,30,111
06/07/2012,PAH,KY,ASO,CE,Federal Contract Tower,0,6,8,1,15,0,0,49,4,53,0,6,57,5,68,44,0,44,112
06/08/2012,PAH,KY,ASO,CE,Federal Contract Tower,0,6,10,0,16,0,0,30,0,30,0,6,40,0,46,34,0,34,80
06/09/2012,PAH,KY,ASO,CE,Federal Contract Tower,0,4,4,0,8,0,0,32,2,34,0,4,36,2,42,38,0,38,80
06/10/2012,PAH,KY,ASO,CE,Federal Contract Tower,0,4,2,0,6,0,2,43,0,45,0,6,45,0,51,44,0,44,95
06/11/2012,PAH,KY,ASO,CE,Federal Contract Tower,0,6,5,0,11,0,2,46,6,54,0,8,51,6,65,42,0,42,107
06/12/2012,PAH,KY,ASO,CE,Federal Contract Tower,0,5,13,4,22,0,0,53,8,61,0,5,66,12,83,30,6,36,119
06/13/2012,PAH,KY,ASO,CE,Federal Contract Tower,0,6,16,0,22,0,2,55,2,59,0,8,71,2,81,48,0,48,129
06/14/2012,PAH,KY,ASO,CE,Federal Contract Tower,0,8,13,2,23,0,0,43,4,47,0,8,56,6,70,30,4,34,104
06/15/2012,PAH,KY,ASO,CE,Federal Contract Tower,0,5,11,0,16,0,0,28,0,28,0,5,39,0,44,18,0,18,62
06/16/2012,PAH,KY,ASO,CE,Federal Contract Tower,0,3,7,0,10,0,0,11,0,11,0,3,18,0,21,14,0,14,35
06/17/2012,PAH,KY,ASO,CE,Federal Contract Tower,0,5,5,0,10,0,0,0,0,0,0,5,5,0,10,14,0,14,24
06/18/2012,PAH,KY,ASO,CE,Federal Contract Tower,0,7,7,1,15,0,0,25,1,26,0,7,32,2,41,14,4,18,59
06/19/2012,PAH,KY,ASO,CE,Federal Contract Tower,0,7,11,2,20,0,0,46,2,48,0,7,57,4,68,20,0,20,88
06/20/2012,PAH,KY,ASO,CE,Federal Contract Tower,0,12,21,0,33,0,0,44,4,48,0,12,65,4,81,26,6,32,113
06/21/2012,PAH,KY,ASO,CE,Federal Contract Tower,0,10,4,5,19,0,0,38,2,40,0,10,42,7,59,24,0,24,83
06/22/2012,PAH,KY,ASO,CE,Federal Contract Tower,0,5,9,4,18,0,2,28,0,30,0,7,37,4,48,6,0,6,54
06/23/2012,PAH,KY,ASO,CE,Federal Contract Tower,0,4,6,0,10,0,0,30,0,30,0,4,36,0,40,0,0,0,40
06/24/2012,PAH,KY,ASO,CE,Federal Contract Tower,0,3,5,0,8,0,0,17,0,17,0,3,22,0,25,34,0,34,59
06/25/2012,PAH,KY,ASO,CE,Federal Contract Tower,0,5,6,0,11,0,0,36,0,36,0,5,42,0,47,16,0,16,63
06/26/2012,PAH,KY,ASO,CE,Federal Contract Tower,0,10,4,0,14,0,0,30,0,30,0,10,34,0,44,26,0,26,70
06/27/2012,PAH,KY,ASO,CE,Federal Contract Tower,0,6,19,0,25,0,0,39,0,39,0,6,58,0,64,18,0,18,82
06/28/2012,PAH,KY,ASO,CE,Federal Contract Tower,0,8,14,0,22,0,0,29,6,35,0,8,43,6,57,10,0,10,67
06/29/2012,PAH,KY,ASO,CE,Federal Contract Tower,0,6,3,0,9,0,0,19,0,19,0,6,22,0,28,8,0,8,36
06/30/2012,PAH,KY,ASO,CE,Federal Contract Tower,0,3,3,0,6,0,0,11,0,11,0,3,14,0,17,0,0,0,17
07/01/2012,PAH,KY,ASO,CE,Federal Contract Tower,0,3,4,0,7,0,0,44,0,44,0,3,48,0,51,36,0,36,87
07/02/2012,PAH,KY,ASO,CE,Federal Contract Tower,0,6,5,0,11,0,0,59,6,65,0,6,64,6,76,34,6,40,116
07/03/2012,PAH,KY,ASO,CE,Federal Contract Tower,0,6,2,0,8,0,2,47,8,57,0,8,49,8,65,32,6,38,103
07/04/2012,PAH,KY,ASO,CE,Federal Contract Tower,0,4,2,0,6,0,0,32,0,32,0,4,34,0,38,42,0,42,80
07/05/2012,PAH,KY,ASO,CE,Federal Contract Tower,0,7,8,0,15,0,0,32,3,35,0,7,40,3,50,34,0,34,84
07/06/2012,PAH,KY,ASO,CE,Federal Contract Tower,0,7,7,0,14,0,0,19,0,19,0,7,26,0,33,6,0,6,39
07/07/2012,PAH,KY,ASO,CE,Federal Contract Tower,0,4,5,0,9,0,0,8,0,8,0,4,13,0,17,26,0,26,43
07/08/2012,PAH,KY,ASO,CE,Federal Contract Tower,0,3,4,0,7,0,0,44,8,52,0,3,48,8,59,36,0,36,95
07/09/2012,PAH,KY,ASO,CE,Federal Contract Tower,0,7,4,0,11,0,0,50,6,56,0,7,54,6,67,44,2,46,113
07/10/2012,PAH,KY,ASO,CE,Federal Contract Tower,0,5,3,2,10,0,2,42,4,48,0,7,45,6,58,54,0,54,112
07/11/2012,PAH,KY,ASO,CE,Federal Contract Tower,0,13,5,0,18,0,2,33,4,39,0,15,38,4,57,38,4,42,99
07/12/2012,PAH,KY,ASO,CE,Federal Contract Tower,0,9,17,0,26,0,0,45,2,47,0,9,62,2,73,82,0,82,155
07/13/2012,PAH,KY,ASO,CE,Federal Contract Tower,0,7,5,0,12,0,0,14,0,14,0,7,19,0,26,6,0,6,32
07/14/2012,PAH,KY,ASO,CE,Federal Contract Tower,0,6,6,0,12,0,0,14,4,18,0,6,20,4,30,22,0,22,52
07/15/2012,PAH,KY,ASO,CE,Federal Contract Tower,0,6,6,0,12,0,0,43,0,43,0,6,49,0,55,34,0,34,89
07/16/2012,PAH,KY,ASO,CE,Federal Contract Tower,0,5,0,0,5,0,0,49,10,59,0,5,49,10,64,32,6,38,102
07/17/2012,PAH,KY,ASO,CE,Federal Contract Tower,0,7,9,0,16,0,0,38,2,40,0,7,47,2,56,36,2,38,94
07/18/2012,PAH,KY,ASO,CE,Federal Contract Tower,0,7,14,0,21,0,2,38,4,44,0,9,52,4,65,30,0,30,95
07/19/2012,PAH,KY,ASO,CE,Federal Contract Tower,0,6,9,0,15,0,2,31,4,37,0,8,40,4,52,30,0,30,82
07/20/2012,PAH,KY,ASO,CE,Federal Contract Tower,0,5,11,3,19,0,0,30,1,31,0,5,41,4,50,8,0,8,58
07/21/2012,PAH,KY,ASO,CE,Federal Contract Tower,0,5,2,0,7,0,0,26,0,26,0,5,28,0,33,44,0,44,77
07/22/2012,PAH,KY,ASO,CE,Federal Contract Tower,0,5,3,0,8,0,0,42,0,42,0,5,45,0,50,52,0,52,102
07/23/2012,PAH,KY,ASO,CE,Federal Contract Tower,0,6,4,0,10,0,0,61,4,65,0,6,65,4,75,42,2,44,119
07/24/2012,PAH,KY,ASO,CE,Federal Contract Tower,0,11,7,4,22,0,2,45,6,53,0,13,52,10,75,40,4,44,119
07/25/2012,PAH,KY,ASO,CE,Federal Contract Tower,0,8,12,4,24,0,2,41,4,47,0,10,53,8,71,30,0,30,101
07/26/2012,PAH,KY,ASO,CE,Federal Contract Tower,2,2,6,0,10,0,0,40,4,44,2,2,46,4,54,40,0,40,94
07/27/2012,PAH,KY,ASO,CE,Federal Contract Tower,0,10,10,1,21,0,0,30,0,30,0,10,40,1,51,26,0,26,77
07/28/2012,PAH,KY,ASO,CE,Federal Contract Tower,0,5,3,0,8,0,0,30,0,30,0,5,33,0,38,6,0,6,44
07/29/2012,PAH,KY,ASO,CE,Federal Contract Tower,0,5,11,1,17,0,2,47,0,49,0,7,58,1,66,28,0,28,94
07/30/2012,PAH,KY,ASO,CE,Federal Contract Tower,0,6,11,0,17,0,0,52,6,58,0,6,63,6,75,30,12,42,117
07/31/2012,PAH,KY,ASO,CE,Federal Contract Tower,0,8,8,1,17,0,1,38,4,43,0,9,46,5,60,31,1,32,92
08/01/2012,PAH,KY,ASO,CE,Federal Contract Tower,0,8,7,0,15,0,2,46,5,53,0,10,53,5,68,34,0,34,102
08/02/2012,PAH,KY,ASO,CE,Federal Contract Tower,0,7,12,0,19,0,0,42,6,48,0,7,54,6,67,24,6,30,97
08/03/2012,PAH,KY,ASO,CE,Federal Contract Tower,0,11,4,1,16,0,0,28,1,29,0,11,32,2,45,12,3,15,60
08/04/2012,PAH,KY,ASO,CE,Federal Contract Tower,0,5,3,0,8,0,0,11,0,11,0,5,14,0,19,0,2,2,21
08/05/2012,PAH,KY,ASO,CE,Federal Contract Tower,2,4,1,0,7,0,0,49,0,49,2,4,50,0,56,46,0,46,102
08/06/2012,PAH,KY,ASO,CE,Federal Contract Tower,0,6,7,0,13,0,2,33,2,37,0,8,40,2,50,24,2,26,76
08/07/2012,PAH,KY,ASO,CE,Federal Contract Tower,0,7,4,0,11,0,0,31,4,35,0,7,35,4,46,24,0,24,70
08/08/2012,PAH,KY,ASO,CE,Federal Contract Tower,0,5,7,0,12,0,0,38,2,40,0,5,45,2,52,30,0,30,82
08/09/2012,PAH,KY,ASO,CE,Federal Contract Tower,0,7,3,0,10,0,0,36,2,38,0,7,39,2,48,40,0,40,88
08/10/2012,PAH,KY,ASO,CE,Federal Contract Tower,0,8,5,0,13,0,0,53,6,59,0,8,58,6,72,44,6,50,122
08/11/2012,PAH,KY,ASO,CE,Federal Contract Tower,0,5,5,0,10,0,0,52,0,52,0,5,57,0,62,62,0,62,124
08/12/2012,PAH,KY,ASO,CE,Federal Contract Tower,0,3,4,0,7,0,0,42,6,48,0,3,46,6,55,38,0,38,93
08/13/2012,PAH,KY,ASO,CE,Federal Contract Tower,0,8,8,0,16,0,0,34,2,36,0,8,42,2,52,26,4,30,82
08/14/2012,PAH,KY,ASO,CE,Federal Contract Tower,0,7,23,0,30,0,0,28,2,30,0,7,51,2,60,18,0,18,78
08/15/2012,PAH,KY,ASO,CE,Federal Contract Tower,0,6,6,0,12,0,0,37,0,37,0,6,43,0,49,48,0,48,97
08/16/2012,PAH,KY,ASO,CE,Federal Contract Tower,0,6,8,0,14,0,0,27,0,27,0,6,35,0,41,32,0,32,73
08/17/2012,PAH,KY,ASO,CE,Federal Contract Tower,0,10,8,0,18,0,0,53,6,59,0,10,61,6,77,30,0,30,107
08/18/2012,PAH,KY,ASO,CE,Federal Contract Tower,0,5,4,0,9,0,0,66,0,66,0,5,70,0,75,50,0,50,125
08/19/2012,PAH,KY,ASO,CE,Federal Contract Tower,0,5,3,0,8,0,0,58,0,58,0,5,61,0,66,44,0,44,110
08/20/2012,PAH,KY,ASO,CE,Federal Contract Tower,0,8,10,2,20,0,0,43,4,47,0,8,53,6,67,30,4,34,101
08/21/2012,PAH,KY,ASO,CE,Federal Contract Tower,0,11,6,2,19,0,2,37,0,39,0,13,43,2,58,18,0,18,76
08/22/2012,PAH,KY,ASO,CE,Federal Contract Tower,0,7,21,0,28,0,0,38,2,40,0,7,59,2,68,26,0,26,94
08/23/2012,PAH,KY,ASO,CE,Federal Contract Tower,0,6,12,2,20,0,0,41,0,41,0,6,53,2,61,28,0,28,89
08/24/2012,PAH,KY,ASO,CE,Federal Contract Tower,0,9,10,1,20,0,0,58,5,63,0,9,68,6,83,52,0,52,135
08/25/2012,PAH,KY,ASO,CE,Federal Contract Tower,0,5,8,0,13,0,0,61,2,63,0,5,69,2,76,56,0,56,132
08/26/2012,PAH,KY,ASO,CE,Federal Contract Tower,0,3,12,0,15,0,0,47,0,47,0,3,59,0,62,38,0,38,100
08/27/2012,PAH,KY,ASO,CE,Federal Contract Tower,0,6,11,0,17,0,2,35,4,41,0,8,46,4,58,20,0,20,78
08/28/2012,PAH,KY,ASO,CE,Federal Contract Tower,0,10,5,6,21,0,0,46,2,48,0,10,51,8,69,16,0,16,85
08/29/2012,PAH,KY,ASO,CE,Federal Contract Tower,0,5,10,0,15,0,0,31,0,31,0,5,41,0,46,42,0,42,88
08/30/2012,PAH,KY,ASO,CE,Federal Contract Tower,0,10,19,0,29,0,0,38,0,38,0,10,57,0,67,28,0,28,95
08/31/2012,PAH,KY,ASO,CE,Federal Contract Tower,0,2,7,0,9,0,0,40,2,42,0,2,47,2,51,22,0,22,73
09/01/2012,PAH,KY,ASO,CE,Federal Contract Tower,0,4,3,0,7,0,0,51,0,51,0,4,54,0,58,36,0,36,94
09/02/2012,PAH,KY,ASO,CE,Federal Contract Tower,0,3,4,0,7,0,2,35,0,37,0,5,39,0,44,22,0,22,66
09/03/2012,PAH,KY,ASO,CE,Federal Contract Tower,0,4,5,3,12,0,0,25,1,26,0,4,30,4,38,6,0,6,44
09/04/2012,PAH,KY,ASO,CE,Federal Contract Tower,0,6,5,0,11,0,2,36,2,40,0,8,41,2,51,22,0,22,73
09/05/2012,PAH,KY,ASO,CE,Federal Contract Tower,0,7,18,0,25,0,0,39,4,43,0,7,57,4,68,16,0,16,84
09/06/2012,PAH,KY,ASO,CE,Federal Contract Tower,0,5,18,0,23,0,0,25,0,25,0,5,43,0,48,16,0,16,64
09/07/2012,PAH,KY,ASO,CE,Federal Contract Tower,0,10,10,6,26,0,0,51,6,57,0,10,61,12,83,38,8,46,129
09/08/2012,PAH,KY,ASO,CE,Federal Contract Tower,0,4,9,0,13,0,0,59,2,61,0,4,68,2,74,52,0,52,126
09/09/2012,PAH,KY,ASO,CE,Federal Contract Tower,0,4,5,0,9,0,0,50,0,50,0,4,55,0,59,42,0,42,101
09/10/2012,PAH,KY,ASO,CE,Federal Contract Tower,0,13,7,0,20,0,2,33,6,41,0,15,40,6,61,22,18,40,101
09/11/2012,PAH,KY,ASO,CE,Federal Contract Tower,0,7,5,2,14,0,0,40,4,44,0,7,45,6,58,42,4,46,104
09/12/2012,PAH,KY,ASO,CE,Federal Contract Tower,0,10,9,0,19,0,0,33,2,35,0,10,42,2,54,34,0,34,88
09/13/2012,PAH,KY,ASO,CE,Federal Contract Tower,0,7,8,0,15,0,0,34,0,34,0,7,42,0,49,32,0,32,81
09/14/2012,PAH,KY,ASO,CE,Federal Contract Tower,0,6,7,0,13,0,0,44,4,48,0,6,51,4,61,44,0,44,105
09/15/2012,PAH,KY,ASO,CE,Federal Contract Tower,0,4,2,0,6,0,0,47,0,47,0,4,49,0,53,48,0,48,101
09/16/2012,PAH,KY,ASO,CE,Federal Contract Tower,0,5,6,0,11,0,0,45,0,45,0,5,51,0,56,26,0,26,82
09/17/2012,PAH,KY,ASO,CE,Federal Contract Tower,0,6,9,0,15,0,0,22,4,26,0,6,31,4,41,8,0,8,49
09/18/2012,PAH,KY,ASO,CE,Federal Contract Tower,0,10,17,0,27,0,0,30,2,32,0,10,47,2,59,18,0,18,77
09/19/2012,PAH,KY,ASO,CE,Federal Contract Tower,0,4,11,5,20,0,0,37,3,40,0,4,48,8,60,28,0,28,88
09/20/2012,PAH,KY,ASO,CE,Federal Contract Tower,0,8,21,4,33,0,0,34,0,34,0,8,55,4,67,14,0,14,81
09/21/2012,PAH,KY,ASO,CE,Federal Contract Tower,0,9,15,0,24,0,2,43,4,49,0,11,58,4,73,36,0,36,109
09/22/2012,PAH,KY,ASO,CE,Federal Contract Tower,0,5,5,0,10,0,4,52,0,56,0,9,57,0,66,68,0,68,134
09/23/2012,PAH,KY,ASO,CE,Federal Contract Tower,0,7,1,0,8,0,0,50,8,58,0,7,51,8,66,36,0,36,102
09/24/2012,PAH,KY,ASO,CE,Federal Contract Tower,0,10,6,0,16,0,0,50,8,58,0,10,56,8,74,24,0,24,98
09/25/2012,PAH,KY,ASO,CE,Federal Contract Tower,0,10,9,0,19,0,0,0,0,0,0,10,9,0,19,16,0,16,35
09/26/2012,PAH,KY,ASO,CE,Federal Contract Tower,0,6,12,4,22,0,0,32,0,32,0,6,44,4,54,24,0,24,78
09/27/2012,PAH,KY,ASO,CE,Federal Contract Tower,0,5,9,0,14,0,0,33,1,34,0,5,42,1,48,22,0,22,70
09/28/2012,PAH,KY,ASO,CE,Federal Contract Tower,0,7,23,1,31,0,0,37,2,39,0,7,60,3,70,28,0,28,98
09/29/2012,PAH,KY,ASO,CE,Federal Contract Tower,0,6,6,0,12,0,0,55,0,55,0,6,61,0,67,60,0,60,127
09/30/2012,PAH,KY,ASO,CE,Federal Contract Tower,0,5,8,0,13,0,0,37,0,37,0,5,45,0,50,40,0,40,90
10/01/2012,PAH,KY,ASO,CE,Federal Contract Tower,0,8,7,0,15,0,0,26,2,28,0,8,33,2,43,14,0,14,57
10/02/2012,PAH,KY,ASO,CE,Federal Contract Tower,0,13,6,0,19,0,0,33,4,37,0,13,39,4,56,18,8,26,82
10/03/2012,PAH,KY,ASO,CE,Federal Contract Tower,0,10,18,0,28,0,0,36,0,36,0,10,54,0,64,38,0,38,102
10/04/2012,PAH,KY,ASO,CE,Federal Contract Tower,0,9,9,2,20,0,0,29,2,31,0,9,38,4,51,40,0,40,91
10/05/2012,PAH,KY,ASO,CE,Federal Contract Tower,0,8,16,0,24,0,0,46,0,46,0,8,62,0,70,30,0,30,100
10/06/2012,PAH,KY,ASO,CE,Federal Contract Tower,0,4,8,0,12,0,2,39,0,41,0,6,47,0,53,42,0,42,95
10/07/2012,PAH,KY,ASO,CE,Federal Contract Tower,0,4,12,0,16,0,2,48,2,52,0,6,60,2,68,48,0,48,116
10/08/2012,PAH,KY,ASO,CE,Federal Contract Tower,0,5,13,0,18,0,3,44,4,51,0,8,57,4,69,22,6,28,97
10/09/2012,PAH,KY,ASO,CE,Federal Contract Tower,0,5,8,0,13,0,2,34,2,38,0,7,42,2,51,22,0,22,73
10/10/2012,PAH,KY,ASO,CE,Federal Contract Tower,0,11,10,0,21,0,2,34,0,36,0,13,44,0,57,34,0,34,91
10/11/2012,PAH,KY,ASO,CE,Federal Contract Tower,0,6,13,0,19,0,2,31,0,33,0,8,44,0,52,36,0,36,88
10/12/2012,PAH,KY,ASO,CE,Federal Contract Tower,0,7,13,0,20,0,0,51,3,54,0,7,64,3,74,52,0,52,126
10/13/2012,PAH,KY,ASO,CE,Federal Contract Tower,0,6,3,2,11,0,0,55,0,55,0,6,58,2,66,48,0,48,114
10/14/2012,PAH,KY,ASO,CE,Federal Contract Tower,0,4,4,0,8,0,2,39,0,41,0,6,43,0,49,34,0,34,83
10/15/2012,PAH,KY,ASO,CE,Federal Contract Tower,0,8,4,0,12,0,0,28,0,28,0,8,32,0,40,6,0,6,46
10/16/2012,PAH,KY,ASO,CE,Federal Contract Tower,0,6,9,0,15,0,0,16,0,16,0,6,25,0,31,2,0,2,33
10/17/2012,PAH,KY,ASO,CE,Federal Contract Tower,0,7,12,2,21,0,0,24,2,26,0,7,36,4,47,10,2,12,59
10/18/2012,PAH,KY,ASO,CE,Federal Contract Tower,0,9,14,0,23,0,2,38,0,40,0,11,52,0,63,24,0,24,87
10/19/2012,PAH,KY,ASO,CE,Federal Contract Tower,0,7,16,0,23,0,2,43,4,49,0,9,59,4,72,20,0,20,92
10/20/2012,PAH,KY,ASO,CE,Federal Contract Tower,0,5,1,0,6,0,4,60,0,64,0,9,61,0,70,54,0,54,124
10/21/2012,PAH,KY,ASO,CE,Federal Contract Tower,0,6,10,0,16,0,0,59,2,61,0,6,69,2,77,32,0,32,109
10/22/2012,PAH,KY,ASO,CE,Federal Contract Tower,0,6,9,4,19,0,3,35,4,42,0,9,44,8,61,20,6,26,87
10/23/2012,PAH,KY,ASO,CE,Federal Contract Tower,0,7,7,0,14,0,0,31,4,35,0,7,38,4,49,18,0,18,67
10/24/2012,PAH,KY,ASO,CE,Federal Contract Tower,0,8,8,4,20,0,2,45,0,47,0,10,53,4,67,24,0,24,91
10/25/2012,PAH,KY,ASO,CE,Federal Contract Tower,0,6,10,1,17,0,0,31,0,31,0,6,41,1,48,26,0,26,74
10/26/2012,PAH,KY,ASO,CE,Federal Contract Tower,0,10,7,0,17,0,0,41,0,41,0,10,48,0,58,10,0,10,68
10/27/2012,PAH,KY,ASO,CE,Federal Contract Tower,0,5,3,0,8,0,0,53,0,53,0,5,56,0,61,54,0,54,115
10/28/2012,PAH,KY,ASO,CE,Federal Contract Tower,0,5,8,0,13,0,0,43,0,43,0,5,51,0,56,38,0,38,94
10/29/2012,PAH,KY,ASO,CE,Federal Contract Tower,0,6,3,4,13,0,1,34,5,40,0,7,37,9,53,14,10,24,77
10/30/2012,PAH,KY,ASO,CE,Federal Contract Tower,0,7,8,0,15,0,0,24,2,26,0,7,32,2,41,16,0,16,57
10/31/2012,PAH,KY,ASO,CE,Federal Contract Tower,0,8,2,4,14,0,0,32,0,32,0,8,34,4,46,22,0,22,68
11/01/2012,PAH,KY,ASO,CE,Federal Contract Tower,0,10,12,4,26,0,0,24,8,32,0,10,36,12,58,26,0,26,84
11/02/2012,PAH,KY,ASO,CE,Federal Contract Tower,0,11,11,1,23,0,2,56,2,60,0,13,67,3,83,32,4,36,119
11/03/2012,PAH,KY,ASO,CE,Federal Contract Tower,0,4,0,0,4,0,3,45,0,48,0,7,45,0,52,60,0,60,112
11/04/2012,PAH,KY,ASO,CE,Federal Contract Tower,0,4,7,0,11,0,2,52,0,54,0,6,59,0,65,42,0,42,107
11/05/2012,PAH,KY,ASO,CE,Federal Contract Tower,1,4,8,2,15,0,3,23,2,28,1,7,31,4,43,14,0,14,57
11/06/2012,PAH,KY,ASO,CE,Federal Contract Tower,0,8,15,0,23,0,2,19,2,23,0,10,34,2,46,8,0,8,54
11/07/2012,PAH,KY,ASO,CE,Federal Contract Tower,0,5,12,2,19,0,0,23,2,25,0,5,35,4,44,18,0,18,62
11/08/2012,PAH,KY,ASO,CE,Federal Contract Tower,0,7,12,0,19,0,0,23,0,23,0,7,35,0,42,16,0,16,58
11/09/2012,PAH,KY,ASO,CE,Federal Contract Tower,0,6,8,3,17,0,0,32,2,34,0,6,40,5,51,24,16,40,91
11/10/2012,PAH,KY,ASO,CE,Federal Contract Tower,0,4,8,0,12,0,0,32,0,32,0,4,40,0,44,22,0,22,66
11/11/2012,PAH,KY,ASO,CE,Federal Contract Tower,0,8,2,0,10,0,0,39,0,39,0,8,41,0,49,10,0,10,59
11/12/2012,PAH,KY,ASO,CE,Federal Contract Tower,0,8,5,0,13,0,4,54,6,64,0,12,59,6,77,44,0,44,121
11/13/2012,PAH,KY,ASO,CE,Federal Contract Tower,0,11,8,1,20,0,2,53,11,66,0,13,61,12,86,46,6,52,138
11/14/2012,PAH,KY,ASO,CE,Federal Contract Tower,0,8,11,0,19,0,2,39,2,43,0,10,50,2,62,36,0,36,98
11/15/2012,PAH,KY,ASO,CE,Federal Contract Tower,0,6,10,0,16,0,0,44,4,48,0,6,54,4,64,22,0,22,86
11/16/2012,PAH,KY,ASO,CE,Federal Contract Tower,0,6,11,2,19,0,0,28,0,28,0,6,39,2,47,0,0,0,47
11/17/2012,PAH,KY,ASO,CE,Federal Contract Tower,1,5,1,0,7,0,2,29,3,34,1,7,30,3,41,4,0,4,45
11/18/2012,PAH,KY,ASO,CE,Federal Contract Tower,1,3,3,0,7,0,0,49,1,50,1,3,52,1,57,30,0,30,87
11/19/2012,PAH,KY,ASO,CE,Federal Contract Tower,0,9,8,6,23,0,3,58,6,67,0,12,66,12,90,42,0,42,132
11/20/2012,PAH,KY,ASO,CE,Federal Contract Tower,0,7,13,6,26,0,0,48,4,52,0,7,61,10,78,28,6,34,112
11/21/2012,PAH,KY,ASO,CE,Federal Contract Tower,0,6,4,2,12,0,0,31,0,31,0,6,35,2,43,30,0,30,73
11/22/2012,PAH,KY,ASO,CE,Federal Contract Tower,0,4,5,0,9,0,0,22,0,22,0,4,27,0,31,22,0,22,53
11/23/2012,PAH,KY,ASO,CE,Federal Contract Tower,0,10,2,0,12,0,0,19,0,19,0,10,21,0,31,0,0,0,31
11/24/2012,PAH,KY,ASO,CE,Federal Contract Tower,0,7,2,0,9,0,0,18,0,18,0,7,20,0,27,8,0,8,35
11/25/2012,PAH,KY,ASO,CE,Federal Contract Tower,0,5,3,0,8,0,0,43,0,43,0,5,46,0,51,22,0,22,73
11/26/2012,PAH,KY,ASO,CE,Federal Contract Tower,0,6,7,0,13,0,0,51,2,53,0,6,58,2,66,36,0,36,102
11/27/2012,PAH,KY,ASO,CE,Federal Contract Tower,0,6,11,8,25,0,0,32,2,34,0,6,43,10,59,34,0,34,93
11/28/2012,PAH,KY,ASO,CE,Federal Contract Tower,0,6,10,2,18,0,0,37,5,42,0,6,47,7,60,36,0,36,96
11/29/2012,PAH,KY,ASO,CE,Federal Contract Tower,0,8,10,0,18,0,0,29,2,31,0,8,39,2,49,10,0,10,59
11/30/2012,PAH,KY,ASO,CE,Federal Contract Tower,0,7,11,0,18,0,2,26,2,30,0,9,37,2,48,16,0,16,64
12/01/2012,PAH,KY,ASO,CE,Federal Contract Tower,0,3,4,0,7,0,2,21,0,23,0,5,25,0,30,4,0,4,34
12/02/2012,PAH,KY,ASO,CE,Federal Contract Tower,0,6,4,0,10,0,0,35,0,35,0,6,39,0,45,20,0,20,65
12/03/2012,PAH,KY,ASO,CE,Federal Contract Tower,0,6,10,4,20,0,0,54,6,60,0,6,64,10,80,48,6,54,134
12/04/2012,PAH,KY,ASO,CE,Federal Contract Tower,0,13,13,0,26,0,0,31,2,33,0,13,44,2,59,40,0,40,99
12/05/2012,PAH,KY,ASO,CE,Federal Contract Tower,0,6,8,0,14,0,0,33,5,38,0,6,41,5,52,40,0,40,92
12/06/2012,PAH,KY,ASO,CE,Federal Contract Tower,0,8,8,6,22,0,2,26,2,30,0,10,34,8,52,42,0,42,94
12/07/2012,PAH,KY,ASO,CE,Federal Contract Tower,0,9,14,4,27,0,0,1,0,1,0,9,15,4,28,0,0,0,28
12/08/2012,PAH,KY,ASO,CE,Federal Contract Tower,0,4,22,0,26,0,0,1,0,1,0,4,23,0,27,0,0,0,27
12/09/2012,PAH,KY,ASO,CE,Federal Contract Tower,0,4,4,0,8,0,0,34,2,36,0,4,38,2,44,8,0,8,52
12/10/2012,PAH,KY,ASO,CE,Federal Contract Tower,0,11,14,0,25,0,2,45,6,53,0,13,59,6,78,44,0,44,122
12/11/2012,PAH,KY,ASO,CE,Federal Contract Tower,0,9,13,0,22,0,2,50,2,54,0,11,63,2,76,40,4,44,120
12/12/2012,PAH,KY,ASO,CE,Federal Contract Tower,0,10,20,0,30,0,2,38,2,42,0,12,58,2,72,20,0,20,92
12/13/2012,PAH,KY,ASO,CE,Federal Contract Tower,0,16,19,0,35,0,0,39,4,43,0,16,58,4,78,28,0,28,106
12/14/2012,PAH,KY,ASO,CE,Federal Contract Tower,0,7,13,0,20,0,0,16,2,18,0,7,29,2,38,38,0,38,76
12/15/2012,PAH,KY,ASO,CE,Federal Contract Tower,0,4,4,0,8,0,0,0,0,0,0,4,4,0,8,0,0,0,8
12/16/2012,PAH,KY,ASO,CE,Federal Contract Tower,0,7,14,0,21,0,0,43,0,43,0,7,57,0,64,28,0,28,92
12/17/2012,PAH,KY,ASO,CE,Federal Contract Tower,0,12,6,0,18,0,2,48,4,54,0,14,54,4,72,30,0,30,102
12/18/2012,PAH,KY,ASO,CE,Federal Contract Tower,0,11,11,0,22,0,0,43,4,47,0,11,54,4,69,32,12,44,113
12/19/2012,PAH,KY,ASO,CE,Federal Contract Tower,0,6,11,3,20,0,1,23,3,27,0,7,34,6,47,22,0,22,69
12/20/2012,PAH,KY,ASO,CE,Federal Contract Tower,0,4,2,0,6,0,0,3,0,3,0,4,5,0,9,0,0,0,9
12/21/2012,PAH,KY,ASO,CE,Federal Contract Tower,0,8,13,0,21,0,0,23,0,23,0,8,36,0,44,0,0,0,44
12/22/2012,PAH,KY,ASO,CE,Federal Contract Tower,0,4,11,0,15,0,0,39,0,39,0,4,50,0,54,4,0,4,58
12/23/2012,PAH,KY,ASO,CE,Federal Contract Tower,0,7,3,0,10,0,2,46,0,48,0,9,49,0,58,42,0,42,100
12/24/2012,PAH,KY,ASO,CE,Federal Contract Tower,0,7,5,0,12,0,0,35,0,35,0,7,40,0,47,18,0,18,65
12/25/2012,PAH,KY,ASO,CE,Federal Contract Tower,0,6,2,0,8,0,0,21,0,21,0,6,23,0,29,0,0,0,29
12/26/2012,PAH,KY,ASO,CE,Federal Contract Tower,0,5,4,0,9,0,0,1,0,1,0,5,5,0,10,0,0,0,10
12/27/2012,PAH,KY,ASO,CE,Federal Contract Tower,0,11,9,2,22,0,0,21,2,23,0,11,30,4,45,18,0,18,63
12/28/2012,PAH,KY,ASO,CE,Federal Contract Tower,0,5,6,0,11,0,0,10,0,10,0,5,16,0,21,14,0,14,35
12/29/2012,PAH,KY,ASO,CE,Federal Contract Tower,0,4,1,0,5,0,0,0,0,0,0,4,1,0,5,0,0,0,5
12/30/2012,PAH,KY,ASO,CE,Federal Contract Tower,0,6,7,0,13,0,2,39,0,41,0,8,46,0,54,22,0,22,76
12/31/2012,PAH,KY,ASO,CE,Federal Contract Tower,0,6,0,0,6,0,0,40,0,40,0,6,40,0,46,48,0,48,94
01/01/2013,PAH,KY,ASO,CE,Federal Contract Tower,0,6,2,0,8,0,0,10,0,10,0,6,12,0,18,0,0,0,18
01/02/2013,PAH,KY,ASO,CE,Federal Contract Tower,0,10,13,0,23,0,0,29,2,31,0,10,42,2,54,26,0,26,80
01/03/2013,PAH,KY,ASO,CE,Federal Contract Tower,0,10,2,2,14,0,0,31,8,39,0,10,33,10,53,24,2,26,79
01/04/2013,PAH,KY,ASO,CE,Federal Contract Tower,0,6,3,0,9,0,0,21,2,23,0,6,24,2,32,0,0,0,32
01/05/2013,PAH,KY,ASO,CE,Federal Contract Tower,0,4,2,0,6,0,0,25,0,25,0,4,27,0,31,8,0,8,39
01/06/2013,PAH,KY,ASO,CE,Federal Contract Tower,0,7,0,0,7,0,2,44,0,46,0,9,44,0,53,46,0,46,99
01/07/2013,PAH,KY,ASO,CE,Federal Contract Tower,0,5,5,2,12,0,0,57,6,63,0,5,62,8,75,58,2,60,135
01/08/2013,PAH,KY,ASO,CE,Federal Contract Tower,0,6,3,3,12,0,0,45,7,52,0,6,48,10,64,52,2,54,118
01/09/2013,PAH,KY,ASO,CE,Federal Contract Tower,0,11,8,2,21,0,2,33,6,41,0,13,41,8,62,16,0,16,78
01/10/2013,PAH,KY,ASO,CE,Federal Contract Tower,0,8,1,0,9,0,0,3,0,3,0,8,4,0,12,0,0,0,12
01/11/2013,PAH,KY,ASO,CE,Federal Contract Tower,0,8,2,0,10,0,0,24,0,24,0,8,26,0,34,0,0,0,34
01/12/2013,PAH,KY,ASO,CE,Federal Contract Tower,0,3,3,0,6,0,0,0,0,0,0,3,3,0,6,0,0,0,6
01/13/2013,PAH,KY,ASO,CE,Federal Contract Tower,0,6,2,0,8,0,2,28,0,30,0,8,30,0,38,6,0,6,44
01/14/2013,PAH,KY,ASO,CE,Federal Contract Tower,0,6,1,0,7,0,0,46,6,52,0,6,47,6,59,54,0,54,113
01/15/2013,PAH,KY,ASO,CE,Federal Contract Tower,0,5,9,0,14,0,4,35,6,45,0,9,44,6,59,34,0,34,93
01/16/2013,PAH,KY,ASO,CE,Federal Contract Tower,0,9,4,2,15,0,2,23,4,29,0,11,27,6,44,30,0,30,74
01/17/2013,PAH,KY,ASO,CE,Federal Contract Tower,0,7,6,2,15,0,0,30,3,33,0,7,36,5,48,24,4,28,76
01/18/2013,PAH,KY,ASO,CE,Federal Contract Tower,0,13,8,0,21,0,0,43,0,43,0,13,51,0,64,18,0,18,82
01/19/2013,PAH,KY,ASO,CE,Federal Contract Tower,0,5,8,0,13,0,0,21,0,21,0,5,29,0,34,10,0,10,44
01/20/2013,PAH,KY,ASO,CE,Federal Contract Tower,0,10,3,0,13,0,0,53,8,61,0,10,56,8,74,54,0,54,128
01/21/2013,PAH,KY,ASO,CE,Federal Contract Tower,0,16,13,0,29,0,0,52,4,56,0,16,65,4,85,36,0,36,121
01/22/2013,PAH,KY,ASO,CE,Federal Contract Tower,0,6,12,2,20,0,0,39,6,45,0,6,51,8,65,26,4,30,95
01/23/2013,PAH,KY,ASO,CE,Federal Contract Tower,0,8,9,2,19,0,0,35,4,39,0,8,44,6,58,26,2,28,86
01/24/2013,PAH,KY,ASO,CE,Federal Contract Tower,0,10,8,0,18,0,0,40,4,44,0,10,48,4,62,32,0,32,94
01/25/2013,PAH,KY,ASO,CE,Federal Contract Tower,0,13,6,0,19,0,0,12,0,12,0,13,18,0,31,8,0,8,39
01/26/2013,PAH,KY,ASO,CE,Federal Contract Tower,0,4,6,0,10,0,0,24,6,30,0,4,30,6,40,16,0,16,56
01/27/2013,PAH,KY,ASO,CE,Federal Contract Tower,0,10,3,0,13,0,0,26,0,26,0,10,29,0,39,10,0,10,49
01/28/2013,PAH,KY,ASO,CE,Federal Contract Tower,0,6,6,4,16,0,0,37,6,43,0,6,43,10,59,22,0,22,81
01/29/2013,PAH,KY,ASO,CE,Federal Contract Tower,0,4,8,4,16,0,2,34,4,40,0,6,42,8,56,24,2,26,82
01/30/2013,PAH,KY,ASO,CE,Federal Contract Tower,0,9,6,2,17,0,0,21,2,23,0,9,27,4,40,20,0,20,60
01/31/2013,PAH,KY,ASO,CE,Federal Contract Tower,0,6,2,3,11,0,0,33,5,38,0,6,35,8,49,26,0,26,75
02/01/2013,PAH,KY,ASO,CE,Federal Contract Tower,0,7,14,0,21,0,2,24,2,28,0,9,38,2,49,4,0,4,53
02/02/2013,PAH,KY,ASO,CE,Federal Contract Tower,0,7,5,0,12,0,0,20,0,20,0,7,25,0,32,12,0,12,44
02/03/2013,PAH,KY,ASO,CE,Federal Contract Tower,0,5,1,0,6,0,2,42,0,44,0,7,43,0,50,38,0,38,88
02/04/2013,PAH,KY,ASO,CE,Federal Contract Tower,0,7,10,0,17,0,2,32,6,40,0,9,42,6,57,20,4,24,81
02/05/2013,PAH,KY,ASO,CE,Federal Contract Tower,0,8,13,0,21,0,0,16,0,16,0,8,29,0,37,20,0,20,57
02/06/2013,PAH,KY,ASO,CE,Federal Contract Tower,0,11,10,0,21,0,0,40,0,40,0,11,50,0,61,32,0,32,93
02/07/2013,PAH,KY,ASO,CE,Federal Contract Tower,0,7,6,2,15,0,0,37,2,39,0,7,43,4,54,18,0,18,72
02/08/2013,PAH,KY,ASO,CE,Federal Contract Tower,0,12,9,4,25,0,2,35,6,43,0,14,44,10,68,24,0,24,92
02/09/2013,PAH,KY,ASO,CE,Federal Contract Tower,0,4,6,0,10,0,0,53,0,53,0,4,59,0,63,60,0,60,123
02/10/2013,PAH,KY,ASO,CE,Federal Contract Tower,0,4,1,0,5,0,0,27,0,27,0,4,28,0,32,22,0,22,54
02/11/2013,PAH,KY,ASO,CE,Federal Contract Tower,0,6,6,0,12,0,2,43,4,49,0,8,49,4,61,22,0,22,83
02/12/2013,PAH,KY,ASO,CE,Federal Contract Tower,0,6,9,2,17,0,0,43,2,45,0,6,52,4,62,26,0,26,88
02/13/2013,PAH,KY,ASO,CE,Federal Contract Tower,0,7,11,0,18,0,0,24,0,24,0,7,35,0,42,22,0,22,64
02/14/2013,PAH,KY,ASO,CE,Federal Contract Tower,0,7,6,0,13,0,0,41,0,41,0,7,47,0,54,22,0,22,76
02/15/2013,PAH,KY,ASO,CE,Federal Contract Tower,0,11,7,0,18,0,2,45,4,51,0,13,52,4,69,54,0,54,123
02/16/2013,PAH,KY,ASO,CE,Federal Contract Tower,0,7,3,0,10,0,0,50,2,52,0,7,53,2,62,48,0,48,110
02/17/2013,PAH,KY,ASO,CE,Federal Contract Tower,0,4,2,0,6,0,2,50,0,52,0,6,52,0,58,28,0,28,86
02/18/2013,PAH,KY,ASO,CE,Federal Contract Tower,0,5,7,3,15,0,0,21,4,25,0,5,28,7,40,12,8,20,60
02/19/2013,PAH,KY,ASO,CE,Federal Contract Tower,0,9,4,0,13,0,0,34,2,36,0,9,38,2,49,14,0,14,63
02/20/2013,PAH,KY,ASO,CE,Federal Contract Tower,0,5,14,2,21,0,0,33,0,33,0,5,47,2,54,24,0,24,78
02/21/2013,PAH,KY,ASO,CE,Federal Contract Tower,0,6,7,0,13,0,0,2,0,2,0,6,9,0,15,4,0,4,19
02/22/2013,PAH,KY,ASO,CE,Federal Contract Tower,0,9,12,0,21,0,4,50,4,58,0,13,62,4,79,42,4,46,125
02/23/2013,PAH,KY,ASO,CE,Federal Contract Tower,0,5,5,0,10,0,2,50,2,54,0,7,55,2,64,56,0,56,120
02/24/2013,PAH,KY,ASO,CE,Federal Contract Tower,0,4,3,0,7,0,0,54,0,54,0,4,57,0,61,40,0,40,101
02/25/2013,PAH,KY,ASO,CE,Federal Contract Tower,1,10,4,7,22,0,4,39,3,46,1,14,43,10,68,26,0,26,94
02/26/2013,PAH,KY,ASO,CE,Federal Contract Tower,0,5,5,0,10,0,0,18,2,20,0,5,23,2,30,6,0,6,36
02/27/2013,PAH,KY,ASO,CE,Federal Contract Tower,0,13,7,4,24,0,0,6,0,6,0,13,13,4,30,10,0,10,40
02/28/2013,PAH,KY,ASO,CE,Federal Contract Tower,0,8,5,6,19,0,1,10,0,11,0,9,15,6,30,2,0,2,32
03/01/2013,PAH,KY,ASO,CE,Federal Contract Tower,2,4,3,0,9,0,4,22,2,28,2,8,25,2,37,0,0,0,37
03/02/2013,PAH,KY,ASO,CE,Federal Contract Tower,0,4,4,2,10,0,2,43,4,49,0,6,47,6,59,12,0,12,71
03/03/2013,PAH,KY,ASO,CE,Federal Contract Tower,0,8,9,0,17,0,0,51,0,51,0,8,60,0,68,28,0,28,96
03/04/2013,PAH,KY,ASO,CE,Federal Contract Tower,0,9,6,12,27,0,3,40,6,49,0,12,46,18,76,24,6,30,106
03/05/2013,PAH,KY,ASO,CE,Federal Contract Tower,0,4,12,0,16,0,2,19,2,23,0,6,31,2,39,10,0,10,49
03/06/2013,PAH,KY,ASO,CE,Federal Contract Tower,0,5,8,0,13,0,0,33,0,33,0,5,41,0,46,24,0,24,70
03/07/2013,PAH,KY,ASO,CE,Federal Contract Tower,0,7,4,2,13,0,0,38,4,42,0,7,42,6,55,28,0,28,83
03/08/2013,PAH,KY,ASO,CE,Federal Contract Tower,0,8,9,2,19,0,2,65,2,69,0,10,74,4,88,40,0,40,128
03/09/2013,PAH,KY,ASO,CE,Federal Contract Tower,0,4,7,0,11,0,2,52,0,54,0,6,59,0,65,48,0,48,113
03/10/2013,PAH,KY,ASO,CE,Federal Contract Tower,0,5,5,0,10,0,1,31,0,32,0,6,36,0,42,18,0,18,60
03/11/2013,PAH,KY,ASO,CE,Federal Contract Tower,0,10,4,0,14,0,0,29,6,35,0,10,33,6,49,14,4,18,67
03/12/2013,PAH,KY,ASO,CE,Federal Contract Tower,0,5,9,1,15,0,2,28,2,32,0,7,37,3,47,10,0,10,57
03/13/2013,PAH,KY,ASO,CE,Federal Contract Tower,0,8,8,1,17,0,0,26,0,26,0,8,34,1,43,20,0,20,63
03/14/2013,PAH,KY,ASO,CE,Federal Contract Tower,0,12,11,2,25,0,0,38,0,38,0,12,49,2,63,28,0,28,91
03/15/2013,PAH,KY,ASO,CE,Federal Contract Tower,0,11,7,0,18,0,2,48,4,54,0,13,55,4,72,34,8,42,114
03/16/2013,PAH,KY,ASO,CE,Federal Contract Tower,0,4,3,0,7,0,4,48,0,52,0,8,51,0,59,42,0,42,101
03/17/2013,PAH,KY,ASO,CE,Federal Contract Tower,0,4,10,0,14,0,2,20,0,22,0,6,30,0,36,8,0,8,44
03/18/2013,PAH,KY,ASO,CE,Federal Contract Tower,0,6,5,2,13,0,0,25,2,27,0,6,30,4,40,6,0,6,46
03/19/2013,PAH,KY,ASO,CE,Federal Contract Tower,0,6,6,4,16,0,4,36,8,48,0,10,42,12,64,20,0,20,84
03/20/2013,PAH,KY,ASO,CE,Federal Contract Tower,0,7,9,1,17,0,0,29,0,29,0,7,38,1,46,22,0,22,68
03/21/2013,PAH,KY,ASO,CE,Federal Contract Tower,0,6,8,0,14,0,0,32,0,32,0,6,40,0,46,28,0,28,74
03/22/2013,PAH,KY,ASO,CE,Federal Contract Tower,2,6,8,6,22,0,2,9,0,11,2,8,17,6,33,2,0,2,35
03/23/2013,PAH,KY,ASO,CE,Federal Contract Tower,0,5,7,0,12,0,2,25,0,27,0,7,32,0,39,6,0,6,45
03/24/2013,PAH,KY,ASO,CE,Federal Contract Tower,0,4,2,0,6,0,0,0,0,0,0,4,2,0,6,0,0,0,6
03/25/2013,PAH,KY,ASO,CE,Federal Contract Tower,2,17,11,0,30,0,0,3,0,3,2,17,14,0,33,0,0,0,33
03/26/2013,PAH,KY,ASO,CE,Federal Contract Tower,0,10,11,0,21,0,2,22,0,24,0,12,33,0,45,0,0,0,45
03/27/2013,PAH,KY,ASO,CE,Federal Contract Tower,0,6,5,0,11,0,0,39,0,39,0,6,44,0,50,22,0,22,72
03/28/2013,PAH,KY,ASO,CE,Federal Contract Tower,0,8,8,0,16,0,0,52,0,52,0,8,60,0,68,28,0,28,96
03/29/2013,PAH,KY,ASO,CE,Federal Contract Tower,0,10,12,2,24,0,0,5,2,7,0,10,17,4,31,2,0,2,33
03/30/2013,PAH,KY,ASO,CE,Federal Contract Tower,0,6,6,0,12,0,0,7,0,7,0,6,13,0,19,0,0,0,19
03/31/2013,PAH,KY,ASO,CE,Federal Contract Tower,0,4,3,0,7,0,0,18,0,18,0,4,21,0,25,4,0,4,29
04/01/2013,PAH,KY,ASO,CE,Federal Contract Tower,0,7,8,0,15,0,0,18,6,24,0,7,26,6,39,22,0,22,61
04/02/2013,PAH,KY,ASO,CE,Federal Contract Tower,0,6,7,2,15,0,0,15,0,15,0,6,22,2,30,14,0,14,44
04/03/2013,PAH,KY,ASO,CE,Federal Contract Tower,0,8,9,0,17,0,2,34,0,36,0,10,43,0,53,22,0,22,75
04/04/2013,PAH,KY,ASO,CE,Federal Contract Tower,0,10,11,0,21,0,3,14,2,19,0,13,25,2,40,14,0,14,54
04/05/2013,PAH,KY,ASO,CE,Federal Contract Tower,0,6,4,0,10,0,1,47,0,48,0,7,51,0,58,20,0,20,78
04/06/2013,PAH,KY,ASO,CE,Federal Contract Tower,0,5,4,0,9,0,1,31,0,32,0,6,35,0,41,22,0,22,63
04/07/2013,PAH,KY,ASO,CE,Federal Contract Tower,0,6,12,0,18,0,1,26,0,27,0,7,38,0,45,16,0,16,61
04/08/2013,PAH,KY,ASO,CE,Federal Contract Tower,0,9,3,3,15,0,5,2,0,7,0,14,5,3,22,0,0,0,22
04/09/2013,PAH,KY,ASO,CE,Federal Contract Tower,0,5,11,3,19,0,0,16,0,16,0,5,27,3,35,24,0,24,59
04/10/2013,PAH,KY,ASO,CE,Federal Contract Tower,0,5,5,0,10,0,0,1,0,1,0,5,6,0,11,0,0,0,11
04/11/2013,PAH,KY,ASO,CE,Federal Contract Tower,0,3,8,0,11,0,0,2,0,2,0,3,10,0,13,0,0,0,13
04/12/2013,PAH,KY,ASO,CE,Federal Contract Tower,0,6,5,0,11,0,5,29,4,38,0,11,34,4,49,4,0,4,53
04/13/2013,PAH,KY,ASO,CE,Federal Contract Tower,0,4,10,0,14,0,1,45,0,46,0,5,55,0,60,22,0,22,82
04/14/2013,PAH,KY,ASO,CE,Federal Contract Tower,0,6,6,0,12,0,1,19,0,20,0,7,25,0,32,4,0,4,36
04/15/2013,PAH,KY,ASO,CE,Federal Contract Tower,0,5,7,0,12,0,0,16,0,16,0,5,23,0,28,48,0,48,76
04/16/2013,PAH,KY,ASO,CE,Federal Contract Tower,0,6,6,0,12,0,0,14,2,16,0,6,20,2,28,12,0,12,40
04/17/2013,PAH,KY,ASO,CE,Federal Contract Tower,0,3,6,6,15,0,0,13,0,13,0,3,19,6,28,4,0,4,32
04/18/2013,PAH,KY,ASO,CE,Federal Contract Tower,0,4,6,0,10,0,4,3,0,7,0,8,9,0,17,2,0,2,19
04/19/2013,PAH,KY,ASO,CE,Federal Contract Tower,0,8,7,7,22,0,0,19,4,23,0,8,26,11,45,4,8,12,57
04/20/2013,PAH,KY,ASO,CE,Federal Contract Tower,0,6,6,0,12,0,1,32,0,33,0,7,38,0,45,18,0,18,63
04/21/2013,PAH,KY,ASO,CE,Federal Contract Tower,0,4,9,0,13,0,0,29,0,29,0,4,38,0,42,12,0,12,54
04/22/2013,PAH,KY,ASO,CE,Federal Contract Tower,0,8,4,0,12,0,4,19,2,25,0,12,23,2,37,18,8,26,63
04/23/2013,PAH,KY,ASO,CE,Federal Contract Tower,0,9,19,0,28,0,0,16,0,16,0,9,35,0,44,8,0,8,52
04/24/2013,PAH,KY,ASO,CE,Federal Contract Tower,0,6,4,2,12,0,0,29,0,29,0,6,33,2,41,18,0,18,59
04/25/2013,PAH,KY,ASO,CE,Federal Contract Tower,0,6,12,0,18,0,0,37,0,37,0,6,49,0,55,36,0,36,91
04/26/2013,PAH,KY,ASO,CE,Federal Contract Tower,0,7,22,0,29,0,0,15,0,15,0,7,37,0,44,6,0,6,50
04/27/2013,PAH,KY,ASO,CE,Federal Contract Tower,0,6,10,0,16,0,0,0,0,0,0,6,10,0,16,0,0,0,16
04/28/2013,PAH,KY,ASO,CE,Federal Contract Tower,0,6,16,0,22,0,0,11,0,11,0,6,27,0,33,0,0,0,33
04/29/2013,PAH,KY,ASO,CE,Federal Contract Tower,0,7,9,0,16,0,0,38,2,40,0,7,47,2,56,26,4,30,86
04/30/2013,PAH,KY,ASO,CE,Federal Contract Tower,0,6,6,0,12,0,0,49,0,49,0,6,55,0,61,22,0,22,83
05/01/2013,PAH,KY,ASO,CE,Federal Contract Tower,0,7,13,0,20,0,0,27,0,27,0,7,40,0,47,24,0,24,71
05/02/2013,PAH,KY,ASO,CE,Federal Contract Tower,0,8,12,6,26,0,0,16,0,16,0,8,28,6,42,6,12,18,60
05/03/2013,PAH,KY,ASO,CE,Federal Contract Tower,0,4,9,0,13,0,0,15,0,15,0,4,24,0,28,6,0,6,34
05/04/2013,PAH,KY,ASO,CE,Federal Contract Tower,0,3,7,0,10,0,0,8,0,8,0,3,15,0,18,6,0,6,24
05/05/2013,PAH,KY,ASO,CE,Federal Contract Tower,0,6,12,0,18,0,0,9,0,9,0,6,21,0,27,8,0,8,35
05/06/2013,PAH,KY,ASO,CE,Federal Contract Tower,0,8,9,0,17,0,0,17,0,17,0,8,26,0,34,8,0,8,42
05/07/2013,PAH,KY,ASO,CE,Federal Contract Tower,0,9,5,6,20,0,0,29,0,29,0,9,34,6,49,28,0,28,77
05/08/2013,PAH,KY,ASO,CE,Federal Contract Tower,0,5,3,2,10,0,1,51,1,53,0,6,54,3,63,22,0,22,85
05/09/2013,PAH,KY,ASO,CE,Federal Contract Tower,0,7,1,4,12,0,0,30,0,30,0,7,31,4,42,12,0,12,54
05/10/2013,PAH,KY,ASO,CE,Federal Contract Tower,0,12,12,4,28,0,0,21,0,21,0,12,33,4,49,12,8,20,69
05/11/2013,PAH,KY,ASO,CE,Federal Contract Tower,2,2,9,0,13,0,0,25,0,25,2,2,34,0,38,26,0,26,64
05/12/2013,PAH,KY,ASO,CE,Federal Contract Tower,0,3,6,0,9,0,0,23,0,23,0,3,29,0,32,4,0,4,36
05/13/2013,PAH,KY,ASO,CE,Federal Contract Tower,0,7,9,0,16,0,1,30,0,31,0,8,39,0,47,40,0,40,87
05/14/2013,PAH,KY,ASO,CE,Federal Contract Tower,0,14,5,0,19,0,5,36,2,43,0,19,41,2,62,2,0,2,64
05/15/2013,PAH,KY,ASO,CE,Federal Contract Tower,0,6,10,0,16,0,0,34,2,36,0,6,44,2,52,14,4,18,70
05/16/2013,PAH,KY,ASO,CE,Federal Contract Tower,0,12,11,0,23,0,1,27,0,28,0,13,38,0,51,16,0,16,67
05/17/2013,PAH,KY,ASO,CE,Federal Contract Tower,0,6,13,0,19,0,0,19,0,19,0,6,32,0,38,14,0,14,52
05/18/2013,PAH,KY,ASO,CE,Federal Contract Tower,0,4,8,0,12,0,0,13,0,13,0,4,21,0,25,12,0,12,37
05/19/2013,PAH,KY,ASO,CE,Federal Contract Tower,0,3,9,2,14,0,0,21,0,21,0,3,30,2,35,6,0,6,41
05/20/2013,PAH,KY,ASO,CE,Federal Contract Tower,0,6,3,0,9,0,0,30,0,30,0,6,33,0,39,24,0,24,63
05/21/2013,PAH,KY,ASO,CE,Federal Contract Tower,0,8,15,0,23,0,0,19,2,21,0,8,34,2,44,14,4,18,62
05/22/2013,PAH,KY,ASO,CE,Federal Contract Tower,0,5,22,0,27,0,0,28,0,28,0,5,50,0,55,14,0,14,69
05/23/2013,PAH,KY,ASO,CE,Federal Contract Tower,2,6,6,0,14,0,0,28,0,28,2,6,34,0,42,14,0,14,56
05/24/2013,PAH,KY,ASO,CE,Federal Contract Tower,0,9,8,0,17,0,0,28,0,28,0,9,36,0,45,2,0,2,47
05/25/2013,PAH,KY,ASO,CE,Federal Contract Tower,0,4,2,0,6,0,1,25,0,26,0,5,27,0,32,0,0,0,32
05/26/2013,PAH,KY,ASO,CE,Federal Contract Tower,0,4,4,0,8,0,0,27,0,27,0,4,31,0,35,32,0,32,67
05/27/2013,PAH,KY,ASO,CE,Federal Contract Tower,0,5,0,0,5,0,0,27,0,27,0,5,27,0,32,34,0,34,66
05/28/2013,PAH,KY,ASO,CE,Federal Contract Tower,0,7,11,0,18,0,0,30,1,31,0,7,41,1,49,16,0,16,65
05/29/2013,PAH,KY,ASO,CE,Federal Contract Tower,2,7,9,0,18,0,0,24,0,24,2,7,33,0,42,4,0,4,46
05/30/2013,PAH,KY,ASO,CE,Federal Contract Tower,0,8,11,0,19,0,0,29,0,29,0,8,40,0,48,0,0,0,48
05/31/2013,PAH,KY,ASO,CE,Federal Contract Tower,0,7,11,1,19,0,0,24,1,25,0,7,35,2,44,10,2,12,56
06/01/2013,PAH,KY,ASO,CE,Federal Contract Tower,0,4,0,0,4,0,0,0,0,0,0,4,0,0,4,0,0,0,4
06/02/2013,PAH,KY,ASO,CE,Federal Contract Tower,0,3,3,0,6,0,0,20,0,20,0,3,23,0,26,10,0,10,36
06/03/2013,PAH,KY,ASO,CE,Federal Contract Tower,0,8,11,0,19,0,4,44,0,48,0,12,55,0,67,8,0,8,75
06/04/2013,PAH,KY,ASO,CE,Federal Contract Tower,0,5,11,8,24,0,0,35,2,37,0,5,46,10,61,8,6,14,75
06/05/2013,PAH,KY,ASO,CE,Federal Contract Tower,0,6,7,0,13,0,0,24,0,24,0,6,31,0,37,12,0,12,49
06/06/2013,PAH,KY,ASO,CE,Federal Contract Tower,0,12,10,0,22,0,2,30,4,36,0,14,40,4,58,28,4,32,90
06/07/2013,PAH,KY,ASO,CE,Federal Contract Tower,0,5,5,0,10,0,0,31,0,31,0,5,36,0,41,12,0,12,53
06/08/2013,PAH,KY,ASO,CE,Federal Contract Tower,0,5,7,0,12,0,1,22,0,23,0,6,29,0,35,0,0,0,35
06/09/2013,PAH,KY,ASO,CE,Federal Contract Tower,0,4,2,0,6,0,0,30,2,32,0,4,32,2,38,36,0,36,74
06/10/2013,PAH,KY,ASO,CE,Federal Contract Tower,0,4,9,3,16,0,4,49,7,60,0,8,58,10,76,32,8,40,116
06/11/2013,PAH,KY,ASO,CE,Federal Contract Tower,0,6,8,9,23,0,2,45,4,51,0,8,53,13,74,38,2,40,114
06/12/2013,PAH,KY,ASO,CE,Federal Contract Tower,0,6,10,6,22,0,0,38,4,42,0,6,48,10,64,32,0,32,96
06/13/2013,PAH,KY,ASO,CE,Federal Contract Tower,0,7,9,0,16,0,0,36,4,40,0,7,45,4,56,26,4,30,86
06/14/2013,PAH,KY,ASO,CE,Federal Contract Tower,0,7,8,0,15,0,0,45,0,45,0,7,53,0,60,26,0,26,86
06/15/2013,PAH,KY,ASO,CE,Federal Contract Tower,0,4,1,0,5,0,1,8,0,9,0,5,9,0,14,0,0,0,14
06/16/2013,PAH,KY,ASO,CE,Federal Contract Tower,0,5,4,0,9,0,0,35,0,35,0,5,39,0,44,36,0,36,80
06/17/2013,PAH,KY,ASO,CE,Federal Contract Tower,0,9,11,0,20,0,1,37,6,44,0,10,48,6,64,42,6,48,112
06/18/2013,PAH,KY,ASO,CE,Federal Contract Tower,0,6,8,3,17,0,0,53,5,58,0,6,61,8,75,32,2,34,109
06/19/2013,PAH,KY,ASO,CE,Federal Contract Tower,0,10,12,1,23,0,2,41,4,47,0,12,53,5,70,32,0,32,102
06/20/2013,PAH,KY,ASO,CE,Federal Contract Tower,0,11,11,2,24,0,2,30,2,34,0,13,41,4,58,20,0,20,78
06/21/2013,PAH,KY,ASO,CE,Federal Contract Tower,0,6,10,0,16,0,3,30,0,33,0,9,40,0,49,6,0,6,55
06/22/2013,PAH,KY,ASO,CE,Federal Contract Tower,0,4,1,0,5,0,2,22,0,24,0,6,23,0,29,4,0,4,33
06/23/2013,PAH,KY,ASO,CE,Federal Contract Tower,0,7,8,0,15,0,0,20,0,20,0,7,28,0,35,26,0,26,61
06/24/2013,PAH,KY,ASO,CE,Federal Contract Tower,0,4,5,0,9,0,0,37,4,41,0,4,42,4,50,22,0,22,72
06/25/2013,PAH,KY,ASO,CE,Federal Contract Tower,0,6,11,0,17,0,0,24,0,24,0,6,35,0,41,20,0,20,61
06/26/2013,PAH,KY,ASO,CE,Federal Contract Tower,0,10,9,0,19,0,0,36,0,36,0,10,45,0,55,16,0,16,71
06/27/2013,PAH,KY,ASO,CE,Federal Contract Tower,0,9,13,0,22,0,0,41,0,41,0,9,54,0,63,16,0,16,79
06/28/2013,PAH,KY,ASO,CE,Federal Contract Tower,0,9,5,0,14,0,0,19,0,19,0,9,24,0,33,6,0,6,39
06/29/2013,PAH,KY,ASO,CE,Federal Contract Tower,0,2,2,0,4,0,1,19,0,20,0,3,21,0,24,0,0,0,24
06/30/2013,PAH,KY,ASO,CE,Federal Contract Tower,0,5,5,0,10,0,2,41,0,43,0,7,46,0,53,34,0,34,87
07/01/2013,PAH,KY,ASO,CE,Federal Contract Tower,0,7,10,0,17,0,0,61,6,67,0,7,71,6,84,30,6,36,120
07/02/2013,PAH,KY,ASO,CE,Federal Contract Tower,0,6,20,0,26,0,2,2,39,43,0,8,22,39,69,32,2,34,103
07/03/2013,PAH,KY,ASO,CE,Federal Contract Tower,0,7,8,0,15,0,0,41,8,49,0,7,49,8,64,30,2,32,96
07/04/2013,PAH,KY,ASO,CE,Federal Contract Tower,0,4,0,0,4,0,0,28,0,28,0,4,28,0,32,28,0,28,60
07/05/2013,PAH,KY,ASO,CE,Federal Contract Tower,0,6,5,0,11,0,0,15,0,15,0,6,20,0,26,0,0,0,26
07/06/2013,PAH,KY,ASO,CE,Federal Contract Tower,0,3,3,0,6,0,0,9,0,9,0,3,12,0,15,16,0,16,31
07/07/2013,PAH,KY,ASO,CE,Federal Contract Tower,0,4,14,0,18,0,2,48,0,50,0,6,62,0,68,28,0,28,96
07/08/2013,PAH,KY,ASO,CE,Federal Contract Tower,0,6,6,2,14,0,0,54,6,60,0,6,60,8,74,42,2,44,118
07/09/2013,PAH,KY,ASO,CE,Federal Contract Tower,0,4,15,0,19,0,0,42,4,46,0,4,57,4,65,38,0,38,103
07/10/2013,PAH,KY,ASO,CE,Federal Contract Tower,0,6,8,0,14,0,2,35,4,41,0,8,43,4,55,26,0,26,81
07/11/2013,PAH,KY,ASO,CE,Federal Contract Tower,0,9,10,0,19,0,4,51,6,61,0,13,61,6,80,38,0,38,118
07/12/2013,PAH,KY,ASO,CE,Federal Contract Tower,0,11,12,0,23,0,0,26,0,26,0,11,38,0,49,12,0,12,61
07/13/2013,PAH,KY,ASO,CE,Federal Contract Tower,0,5,7,0,12,0,0,37,2,39,0,5,44,2,51,8,16,24,75
07/14/2013,PAH,KY,ASO,CE,Federal Contract Tower,0,6,3,0,9,0,2,40,0,42,0,8,43,0,51,40,0,40,91
07/15/2013,PAH,KY,ASO,CE,Federal Contract Tower,0,11,7,4,22,0,0,52,2,54,0,11,59,6,76,38,2,40,116
07/16/2013,PAH,KY,ASO,CE,Federal Contract Tower,0,8,6,1,15,0,0,59,6,65,0,8,65,7,80,28,8,36,116
07/17/2013,PAH,KY,ASO,CE,Federal Contract Tower,0,10,13,0,23,0,0,35,2,37,0,10,48,2,60,32,0,32,92
07/18/2013,PAH,KY,ASO,CE,Federal Contract Tower,0,8,13,0,21,0,0,40,4,44,0,8,53,4,65,26,0,26,91
07/19/2013,PAH,KY,ASO,CE,Federal Contract Tower,0,7,6,6,19,0,0,40,0,40,0,7,46,6,59,10,0,10,69
07/20/2013,PAH,KY,ASO,CE,Federal Contract Tower,0,2,1,0,3,0,0,16,0,16,0,2,17,0,19,2,0,2,21
07/21/2013,PAH,KY,ASO,CE,Federal Contract Tower,2,4,3,0,9,0,0,18,0,18,2,4,21,0,27,18,0,18,45
07/22/2013,PAH,KY,ASO,CE,Federal Contract Tower,0,10,11,0,21,0,2,56,6,64,0,12,67,6,85,30,0,30,115
07/23/2013,PAH,KY,ASO,CE,Federal Contract Tower,0,5,5,0,10,0,2,49,4,55,0,7,54,4,65,36,4,40,105
07/24/2013,PAH,KY,ASO,CE,Federal Contract Tower,0,9,11,0,20,0,2,38,4,44,0,11,49,4,64,26,0,26,90
07/25/2013,PAH,KY,ASO,CE,Federal Contract Tower,0,7,10,0,17,0,2,40,4,46,0,9,50,4,63,24,6,30,93
07/26/2013,PAH,KY,ASO,CE,Federal Contract Tower,0,6,11,0,17,0,0,21,0,21,0,6,32,0,38,10,0,10,48
07/27/2013,PAH,KY,ASO,CE,Federal Contract Tower,0,4,8,0,12,0,0,13,0,13,0,4,21,0,25,8,0,8,33
07/28/2013,PAH,KY,ASO,CE,Federal Contract Tower,0,4,12,0,16,0,2,39,4,45,0,6,51,4,61,26,6,32,93
07/29/2013,PAH,KY,ASO,CE,Federal Contract Tower,0,7,9,12,28,0,5,59,2,66,0,12,68,14,94,38,2,40,134
07/30/2013,PAH,KY,ASO,CE,Federal Contract Tower,0,6,7,2,15,0,0,24,2,26,0,6,31,4,41,12,0,12,53
07/31/2013,PAH,KY,ASO,CE,Federal Contract Tower,0,6,9,6,21,0,4,35,2,41,0,10,44,8,62,14,0,14,76
08/01/2013,PAH,KY,ASO,CE,Federal Contract Tower,0,6,16,4,26,0,0,37,6,43,0,6,53,10,69,20,12,32,101
08/02/2013,PAH,KY,ASO,CE,Federal Contract Tower,0,5,14,10,29,0,0,33,2,35,0,5,47,12,64,28,8,36,100
08/03/2013,PAH,KY,ASO,CE,Federal Contract Tower,0,3,4,2,9,0,0,16,0,16,0,3,20,2,25,10,0,10,35
08/04/2013,PAH,KY,ASO,CE,Federal Contract Tower,0,6,8,0,14,0,0,70,0,70,0,6,78,0,84,48,0,48,132
08/05/2013,PAH,KY,ASO,CE,Federal Contract Tower,0,6,7,0,13,0,2,26,2,30,0,8,33,2,43,14,4,18,61
08/06/2013,PAH,KY,ASO,CE,Federal Contract Tower,0,10,9,0,19,0,0,32,2,34,0,10,41,2,53,26,0,26,79
08/07/2013,PAH,KY,ASO,CE,Federal Contract Tower,0,6,7,6,19,0,0,26,0,26,0,6,33,6,45,18,0,18,63
08/08/2013,PAH,KY,ASO,CE,Federal Contract Tower,0,8,17,0,25,0,0,37,0,37,0,8,54,0,62,28,0,28,90
08/09/2013,PAH,KY,ASO,CE,Federal Contract Tower,0,6,8,0,14,0,0,49,4,53,0,6,57,4,67,50,0,50,117
08/10/2013,PAH,KY,ASO,CE,Federal Contract Tower,0,4,7,0,11,0,6,42,0,48,0,10,49,0,59,66,0,66,125
08/11/2013,PAH,KY,ASO,CE,Federal Contract Tower,0,6,2,0,8,0,6,42,0,48,0,12,44,0,56,38,0,38,94
08/12/2013,PAH,KY,ASO,CE,Federal Contract Tower,0,6,5,0,11,0,2,25,3,30,0,8,30,3,41,32,0,32,73
08/13/2013,PAH,KY,ASO,CE,Federal Contract Tower,0,12,7,0,19,0,1,30,5,36,0,13,37,5,55,18,0,18,73
08/14/2013,PAH,KY,ASO,CE,Federal Contract Tower,0,6,17,0,23,0,0,40,3,43,0,6,57,3,66,28,0,28,94
08/15/2013,PAH,KY,ASO,CE,Federal Contract Tower,0,12,12,0,24,0,0,38,4,42,0,12,50,4,66,22,0,22,88
08/16/2013,PAH,KY,ASO,CE,Federal Contract Tower,0,7,18,0,25,0,6,45,3,54,0,13,63,3,79,42,0,42,121
08/17/2013,PAH,KY,ASO,CE,Federal Contract Tower,0,4,5,0,9,0,2,40,0,42,0,6,45,0,51,44,0,44,95
08/18/2013,PAH,KY,ASO,CE,Federal Contract Tower,0,6,0,0,6,0,2,38,0,40,0,8,38,0,46,50,0,50,96
08/19/2013,PAH,KY,ASO,CE,Federal Contract Tower,0,8,11,0,19,0,0,44,4,48,0,8,55,4,67,24,4,28,95
08/20/2013,PAH,KY,ASO,CE,Federal Contract Tower,0,8,7,3,18,0,2,42,6,50,0,10,49,9,68,26,2,28,96
08/21/2013,PAH,KY,ASO,CE,Federal Contract Tower,0,7,14,2,23,0,0,32,1,33,0,7,46,3,56,20,0,20,76
08/22/2013,PAH,KY,ASO,CE,Federal Contract Tower,0,8,14,1,23,0,0,34,2,36,0,8,48,3,59,20,0,20,79
08/23/2013,PAH,KY,ASO,CE,Federal Contract Tower,0,9,12,0,21,0,0,47,8,55,0,9,59,8,76,36,6,42,118
08/24/2013,PAH,KY,ASO,CE,Federal Contract Tower,0,4,8,0,12,0,0,49,0,49,0,4,57,0,61,54,0,54,115
08/25/2013,PAH,KY,ASO,CE,Federal Contract Tower,0,4,5,0,9,0,2,43,0,45,0,6,48,0,54,30,0,30,84
08/26/2013,PAH,KY,ASO,CE,Federal Contract Tower,0,6,24,2,32,0,2,32,8,42,0,8,56,10,74,48,10,58,132
08/27/2013,PAH,KY,ASO,CE,Federal Contract Tower,0,7,9,4,20,0,0,29,4,33,0,7,38,8,53,16,0,16,69
08/28/2013,PAH,KY,ASO,CE,Federal Contract Tower,0,8,10,2,20,0,0,38,4,42,0,8,48,6,62,26,0,26,88
08/29/2013,PAH,KY,ASO,CE,Federal Contract Tower,0,5,8,0,13,0,0,38,0,38,0,5,46,0,51,18,0,18,69
08/30/2013,PAH,KY,ASO,CE,Federal Contract Tower,0,6,13,0,19,0,2,47,4,53,0,8,60,4,72,36,2,38,110
08/31/2013,PAH,KY,ASO,CE,Federal Contract Tower,0,4,4,0,8,0,2,52,0,54,0,6,56,0,62,64,0,64,126
09/01/2013,PAH,KY,ASO,CE,Federal Contract Tower,0,4,7,0,11,0,2,44,0,46,0,6,51,0,57,28,0,28,85
09/02/2013,PAH,KY,ASO,CE,Federal Contract Tower,0,5,13,0,18,0,1,21,0,22,0,6,34,0,40,28,0,28,68
09/03/2013,PAH,KY,ASO,CE,Federal Contract Tower,0,8,9,1,18,0,0,34,2,36,0,8,43,3,54,34,0,34,88
09/04/2013,PAH,KY,ASO,CE,Federal Contract Tower,0,7,4,1,12,0,4,36,1,41,0,11,40,2,53,26,0,26,79
09/05/2013,PAH,KY,ASO,CE,Federal Contract Tower,0,9,12,1,22,0,0,32,3,35,0,9,44,4,57,42,0,42,99
09/06/2013,PAH,KY,ASO,CE,Federal Contract Tower,0,5,19,0,24,0,4,53,6,63,0,9,72,6,87,40,2,42,129
09/07/2013,PAH,KY,ASO,CE,Federal Contract Tower,0,3,2,0,5,0,2,49,0,51,0,5,51,0,56,62,0,62,118
09/08/2013,PAH,KY,ASO,CE,Federal Contract Tower,0,4,6,0,10,0,0,45,0,45,0,4,51,0,55,52,0,52,107
09/09/2013,PAH,KY,ASO,CE,Federal Contract Tower,0,8,6,3,17,0,0,35,11,46,0,8,41,14,63,32,6,38,101
09/10/2013,PAH,KY,ASO,CE,Federal Contract Tower,0,6,13,4,23,0,2,39,4,45,0,8,52,8,68,22,4,26,94
09/11/2013,PAH,KY,ASO,CE,Federal Contract Tower,0,8,8,2,18,0,0,30,1,31,0,8,38,3,49,26,0,26,75
09/12/2013,PAH,KY,ASO,CE,Federal Contract Tower,0,6,7,0,13,0,1,37,2,40,0,7,44,2,53,30,0,30,83
09/13/2013,PAH,KY,ASO,CE,Federal Contract Tower,0,6,8,4,18,0,0,44,8,52,0,6,52,12,70,36,6,42,112
09/14/2013,PAH,KY,ASO,CE,Federal Contract Tower,0,4,3,0,7,0,2,49,2,53,0,6,52,2,60,42,0,42,102
09/15/2013,PAH,KY,ASO,CE,Federal Contract Tower,0,4,4,0,8,0,1,50,0,51,0,5,54,0,59,48,0,48,107
09/16/2013,PAH,KY,ASO,CE,Federal Contract Tower,0,6,10,0,16,0,2,30,2,34,0,8,40,2,50,16,0,16,66
09/17/2013,PAH,KY,ASO,CE,Federal Contract Tower,0,6,14,4,24,0,0,36,4,40,0,6,50,8,64,14,2,16,80
09/18/2013,PAH,KY,ASO,CE,Federal Contract Tower,0,6,12,0,18,0,0,38,0,38,0,6,50,0,56,28,0,28,84
09/19/2013,PAH,KY,ASO,CE,Federal Contract Tower,0,5,15,0,20,0,0,32,0,32,0,5,47,0,52,26,0,26,78
09/20/2013,PAH,KY,ASO,CE,Federal Contract Tower,2,6,5,6,19,0,2,34,6,42,2,8,39,12,61,22,0,22,83
09/21/2013,PAH,KY,ASO,CE,Federal Contract Tower,2,8,4,0,14,0,0,56,0,56,2,8,60,0,70,60,0,60,130
09/22/2013,PAH,KY,ASO,CE,Federal Contract Tower,0,6,4,0,10,0,0,42,0,42,0,6,46,0,52,54,0,54,106
09/23/2013,PAH,KY,ASO,CE,Federal Contract Tower,0,8,5,8,21,0,2,40,4,46,0,10,45,12,67,24,0,24,91
09/24/2013,PAH,KY,ASO,CE,Federal Contract Tower,0,9,16,0,25,0,0,22,2,24,0,9,38,2,49,18,0,18,67
09/25/2013,PAH,KY,ASO,CE,Federal Contract Tower,0,11,11,2,24,0,0,28,2,30,0,11,39,4,54,16,0,16,70
09/26/2013,PAH,KY,ASO,CE,Federal Contract Tower,0,7,10,6,23,0,0,30,2,32,0,7,40,8,55,28,0,28,83
09/27/2013,PAH,KY,ASO,CE,Federal Contract Tower,0,8,16,0,24,0,2,56,4,62,0,10,72,4,86,42,0,42,128
09/28/2013,PAH,KY,ASO,CE,Federal Contract Tower,0,4,6,0,10,0,2,49,0,51,0,6,55,0,61,68,0,68,129
09/29/2013,PAH,KY,ASO,CE,Federal Contract Tower,0,6,12,0,18,0,0,21,0,21,0,6,33,0,39,6,0,6,45
09/30/2013,PAH,KY,ASO,CE,Federal Contract Tower,0,9,9,0,18,0,0,29,4,33,0,9,38,4,51,16,0,16,67
10/01/2013,PAH,KY,ASO,CE,Federal Contract Tower,0,7,13,0,20,0,0,26,2,28,0,7,39,2,48,22,0,22,70
10/02/2013,PAH,KY,ASO,CE,Federal Contract Tower,0,5,7,0,12,0,0,20,0,20,0,5,27,0,32,16,0,16,48
10/03/2013,PAH,KY,ASO,CE,Federal Contract Tower,0,4,15,0,19,0,0,33,0,33,0,4,48,0,52,28,0,28,80
10/04/2013,PAH,KY,ASO,CE,Federal Contract Tower,0,13,22,0,35,0,0,37,0,37,0,13,59,0,72,38,0,38,110
10/05/2013,PAH,KY,ASO,CE,Federal Contract Tower,0,5,4,0,9,0,0,43,0,43,0,5,47,0,52,42,0,42,94
10/06/2013,PAH,KY,ASO,CE,Federal Contract Tower,0,4,5,0,9,0,0,35,0,35,0,4,40,0,44,44,0,44,88
10/07/2013,PAH,KY,ASO,CE,Federal Contract Tower,0,8,13,0,21,0,2,34,4,40,0,10,47,4,61,38,6,44,105
10/08/2013,PAH,KY,ASO,CE,Federal Contract Tower,0,9,11,0,20,0,0,17,0,17,0,9,28,0,37,10,0,10,47
10/09/2013,PAH,KY,ASO,CE,Federal Contract Tower,0,5,7,0,12,0,1,34,0,35,0,6,41,0,47,16,0,16,63
10/10/2013,PAH,KY,ASO,CE,Federal Contract Tower,0,5,11,2,18,0,0,32,0,32,0,5,43,2,50,26,0,26,76
10/11/2013,PAH,KY,ASO,CE,Federal Contract Tower,0,8,16,0,24,0,2,56,5,63,0,10,72,5,87,34,6,40,127
10/12/2013,PAH,KY,ASO,CE,Federal Contract Tower,1,4,6,0,11,0,0,45,0,45,1,4,51,0,56,56,0,56,112
10/13/2013,PAH,KY,ASO,CE,Federal Contract Tower,0,4,11,0,15,0,0,44,0,44,0,4,55,0,59,58,0,58,117
10/14/2013,PAH,KY,ASO,CE,Federal Contract Tower,0,5,4,0,9,0,2,50,0,52,0,7,54,0,61,34,0,34,95
10/15/2013,PAH,KY,ASO,CE,Federal Contract Tower,0,6,4,0,10,0,0,19,2,21,0,6,23,2,31,16,0,16,47
10/16/2013,PAH,KY,ASO,CE,Federal Contract Tower,0,7,11,4,22,0,0,35,0,35,0,7,46,4,57,26,0,26,83
10/17/2013,PAH,KY,ASO,CE,Federal Contract Tower,0,8,13,0,21,0,0,37,0,37,0,8,50,0,58,26,0,26,84
10/18/2013,PAH,KY,ASO,CE,Federal Contract Tower,0,6,13,0,19,0,0,48,0,48,0,6,61,0,67,44,0,44,111
10/19/2013,PAH,KY,ASO,CE,Federal Contract Tower,8,22,0,0,30,0,4,43,0,47,8,26,43,0,77,22,0,22,99
10/20/2013,PAH,KY,ASO,CE,Federal Contract Tower,0,4,7,0,11,0,0,47,0,47,0,4,54,0,58,46,0,46,104
10/21/2013,PAH,KY,ASO,CE,Federal Contract Tower,0,9,12,2,23,0,2,42,4,48,0,11,54,6,71,16,4,20,91
10/22/2013,PAH,KY,ASO,CE,Federal Contract Tower,0,7,2,2,11,0,2,35,2,39,0,9,37,4,50,18,2,20,70
10/23/2013,PAH,KY,ASO,CE,Federal Contract Tower,0,5,11,4,20,0,0,34,0,34,0,5,45,4,54,22,0,22,76
10/24/2013,PAH,KY,ASO,CE,Federal Contract Tower,0,7,14,4,25,0,0,32,4,36,0,7,46,8,61,22,0,22,83
10/25/2013,PAH,KY,ASO,CE,Federal Contract Tower,0,10,15,0,25,0,0,48,8,56,0,10,63,8,81,44,6,50,131
10/26/2013,PAH,KY,ASO,CE,Federal Contract Tower,0,4,4,0,8,0,0,52,0,52,0,4,56,0,60,36,0,36,96
10/27/2013,PAH,KY,ASO,CE,Federal Contract Tower,0,6,6,0,12,0,0,58,0,58,0,6,64,0,70,56,0,56,126
10/28/2013,PAH,KY,ASO,CE,Federal Contract Tower,0,7,5,0,12,0,2,49,8,59,0,9,54,8,71,26,0,26,97
10/29/2013,PAH,KY,ASO,CE,Federal Contract Tower,0,8,12,0,20,0,0,24,2,26,0,8,36,2,46,16,0,16,62
10/30/2013,PAH,KY,ASO,CE,Federal Contract Tower,0,13,13,1,27,0,0,41,5,46,0,13,54,6,73,12,0,12,85
10/31/2013,PAH,KY,ASO,CE,Federal Contract Tower,0,5,14,0,19,0,0,2,0,2,0,5,16,0,21,0,0,0,21
11/01/2013,PAH,KY,ASO,CE,Federal Contract Tower,0,6,15,0,21,0,4,55,2,61,0,10,70,2,82,40,2,42,124
11/02/2013,PAH,KY,ASO,CE,Federal Contract Tower,0,4,4,0,8,0,0,50,0,50,0,4,54,0,58,66,0,66,124
11/03/2013,PAH,KY,ASO,CE,Federal Contract Tower,0,4,6,0,10,0,0,50,0,50,0,4,56,0,60,60,0,60,120
11/04/2013,PAH,KY,ASO,CE,Federal Contract Tower,0,6,15,0,21,0,4,28,2,34,0,10,43,2,55,22,0,22,77
11/05/2013,PAH,KY,ASO,CE,Federal Contract Tower,0,8,8,6,22,0,0,24,2,26,0,8,32,8,48,8,0,8,56
11/06/2013,PAH,KY,ASO,CE,Federal Contract Tower,0,5,7,2,14,0,0,11,0,11,0,5,18,2,25,0,0,0,25
11/07/2013,PAH,KY,ASO,CE,Federal Contract Tower,0,10,6,2,18,0,0,36,0,36,0,10,42,2,54,14,0,14,68
11/08/2013,PAH,KY,ASO,CE,Federal Contract Tower,0,6,13,0,19,0,0,36,0,36,0,6,49,0,55,24,0,24,79
11/09/2013,PAH,KY,ASO,CE,Federal Contract Tower,0,4,8,0,12,0,0,58,0,58,0,4,66,0,70,60,0,60,130
11/10/2013,PAH,KY,ASO,CE,Federal Contract Tower,0,4,3,0,7,0,0,49,0,49,0,4,52,0,56,52,0,52,108
11/11/2013,PAH,KY,ASO,CE,Federal Contract Tower,0,7,9,0,16,0,0,62,8,70,0,7,71,8,86,40,4,44,130
11/12/2013,PAH,KY,ASO,CE,Federal Contract Tower,0,4,5,0,9,0,2,53,6,61,0,6,58,6,70,34,2,36,106
11/13/2013,PAH,KY,ASO,CE,Federal Contract Tower,14,7,22,8,51,0,0,38,6,44,14,7,60,14,95,22,2,24,119
11/14/2013,PAH,KY,ASO,CE,Federal Contract Tower,0,9,15,1,25,0,0,26,3,29,0,9,41,4,54,8,0,8,62
11/15/2013,PAH,KY,ASO,CE,Federal Contract Tower,0,8,6,0,14,0,0,22,2,24,0,8,28,2,38,14,0,14,52
11/16/2013,PAH,KY,ASO,CE,Federal Contract Tower,0,3,5,0,8,0,0,3,0,3,0,3,8,0,11,0,0,0,11
11/17/2013,PAH,KY,ASO,CE,Federal Contract Tower,0,4,2,0,6,0,9,33,0,42,0,13,35,0,48,6,0,6,54
11/18/2013,PAH,KY,ASO,CE,Federal Contract Tower,0,9,4,9,22,0,4,44,4,52,0,13,48,13,74,38,6,44,118
11/19/2013,PAH,KY,ASO,CE,Federal Contract Tower,0,13,7,0,20,0,0,43,8,51,0,13,50,8,71,38,0,38,109
11/20/2013,PAH,KY,ASO,CE,Federal Contract Tower,0,7,6,0,13,0,2,39,2,43,0,9,45,2,56,26,4,30,86
11/21/2013,PAH,KY,ASO,CE,Federal Contract Tower,0,7,9,0,16,0,0,23,2,25,0,7,32,2,41,38,0,38,79
11/22/2013,PAH,KY,ASO,CE,Federal Contract Tower,0,7,10,0,17,0,2,0,0,2,0,9,10,0,19,0,0,0,19
11/23/2013,PAH,KY,ASO,CE,Federal Contract Tower,0,3,6,0,9,0,0,20,0,20,0,3,26,0,29,2,0,2,31
11/24/2013,PAH,KY,ASO,CE,Federal Contract Tower,0,4,2,0,6,0,4,48,0,52,0,8,50,0,58,38,0,38,96
11/25/2013,PAH,KY,ASO,CE,Federal Contract Tower,0,6,11,0,17,0,0,55,10,65,0,6,66,10,82,38,6,44,126
11/26/2013,PAH,KY,ASO,CE,Federal Contract Tower,0,6,6,0,12,0,1,43,0,44,0,7,49,0,56,22,0,22,78
11/27/2013,PAH,KY,ASO,CE,Federal Contract Tower,0,10,7,0,17,0,2,35,0,37,0,12,42,0,54,22,0,22,76
11/28/2013,PAH,KY,ASO,CE,Federal Contract Tower,0,4,3,0,7,0,0,19,0,19,0,4,22,0,26,20,0,20,46
11/29/2013,PAH,KY,ASO,CE,Federal Contract Tower,0,9,4,0,13,0,0,26,0,26,0,9,30,0,39,0,0,0,39
11/30/2013,PAH,KY,ASO,CE,Federal Contract Tower,0,5,4,0,9,0,2,24,0,26,0,7,28,0,35,28,0,28,63
12/01/2013,PAH,KY,ASO,CE,Federal Contract Tower,0,4,4,0,8,0,0,42,14,56,0,4,46,14,64,44,0,44,108
12/02/2013,PAH,KY,ASO,CE,Federal Contract Tower,0,5,10,2,17,0,4,59,4,67,0,9,69,6,84,52,2,54,138
12/03/2013,PAH,KY,ASO,CE,Federal Contract Tower,0,6,15,0,21,0,0,46,4,50,0,6,61,4,71,30,4,34,105
12/04/2013,PAH,KY,ASO,CE,Federal Contract Tower,0,8,11,6,25,0,0,29,2,31,0,8,40,8,56,16,8,24,80
12/05/2013,PAH,KY,ASO,CE,Federal Contract Tower,0,5,6,0,11,0,0,22,2,24,0,5,28,2,35,4,8,12,47
12/06/2013,PAH,KY,ASO,CE,Federal Contract Tower,0,2,0,0,2,0,0,0,0,0,0,2,0,0,2,0,0,0,2
12/07/2013,PAH,KY,ASO,CE,Federal Contract Tower,0,1,3,0,4,0,0,0,0,0,0,1,3,0,4,0,0,0,4
12/08/2013,PAH,KY,ASO,CE,Federal Contract Tower,0,9,3,0,12,0,0,0,0,0,0,9,3,0,12,0,0,0,12
12/09/2013,PAH,KY,ASO,CE,Federal Contract Tower,0,6,6,2,14,0,6,19,6,31,0,12,25,8,45,0,8,8,53
12/10/2013,PAH,KY,ASO,CE,Federal Contract Tower,0,6,5,0,11,0,2,36,4,42,0,8,41,4,53,22,6,28,81
12/11/2013,PAH,KY,ASO,CE,Federal Contract Tower,0,12,15,0,27,0,4,32,8,44,0,16,47,8,71,36,2,38,109
12/12/2013,PAH,KY,ASO,CE,Federal Contract Tower,0,13,20,0,33,0,0,47,4,51,0,13,67,4,84,30,0,30,114
12/13/2013,PAH,KY,ASO,CE,Federal Contract Tower,0,6,13,4,23,0,0,5,0,5,0,6,18,4,28,0,6,6,34
12/14/2013,PAH,KY,ASO,CE,Federal Contract Tower,0,6,7,0,13,0,0,0,0,0,0,6,7,0,13,0,0,0,13
12/15/2013,PAH,KY,ASO,CE,Federal Contract Tower,0,4,13,0,17,0,2,33,0,35,0,6,46,0,52,34,0,34,86
12/16/2013,PAH,KY,ASO,CE,Federal Contract Tower,0,10,8,2,20,0,0,73,4,77,0,10,81,6,97,32,4,36,133
12/17/2013,PAH,KY,ASO,CE,Federal Contract Tower,0,10,10,4,24,0,0,46,9,55,0,10,56,13,79,32,4,36,115
12/18/2013,PAH,KY,ASO,CE,Federal Contract Tower,0,12,11,4,27,0,2,40,2,44,0,14,51,6,71,20,4,24,95
12/19/2013,PAH,KY,ASO,CE,Federal Contract Tower,0,8,7,0,15,0,2,44,6,52,0,10,51,6,67,22,6,28,95
12/20/2013,PAH,KY,ASO,CE,Federal Contract Tower,0,8,18,0,26,0,0,2,0,2,0,8,20,0,28,0,0,0,28
12/21/2013,PAH,KY,ASO,CE,Federal Contract Tower,0,2,1,0,3,0,0,0,0,0,0,2,1,0,3,0,0,0,3
12/22/2013,PAH,KY,ASO,CE,Federal Contract Tower,0,2,7,0,9,0,0,31,0,31,0,2,38,0,40,20,0,20,60
12/23/2013,PAH,KY,ASO,CE,Federal Contract Tower,0,8,3,0,11,0,0,59,2,61,0,8,62,2,72,54,0,54,126
12/24/2013,PAH,KY,ASO,CE,Federal Contract Tower,0,6,2,0,8,0,0,46,0,46,0,6,48,0,54,38,0,38,92
12/25/2013,PAH,KY,ASO,CE,Federal Contract Tower,0,4,0,0,4,0,0,11,0,11,0,4,11,0,15,0,0,0,15
12/26/2013,PAH,KY,ASO,CE,Federal Contract Tower,0,8,11,0,19,0,2,41,0,43,0,10,52,0,62,32,0,32,94
12/27/2013,PAH,KY,ASO,CE,Federal Contract Tower,0,6,9,0,15,0,0,29,0,29,0,6,38,0,44,26,0,26,70
12/28/2013,PAH,KY,ASO,CE,Federal Contract Tower,0,4,16,0,20,0,2,18,0,20,0,6,34,0,40,0,0,0,40
12/29/2013,PAH,KY,ASO,CE,Federal Contract Tower,0,6,9,0,15,0,0,35,0,35,0,6,44,0,50,42,0,42,92
12/30/2013,PAH,KY,ASO,CE,Federal Contract Tower,0,7,4,0,11,0,0,64,2,66,0,7,68,2,77,50,2,52,129
12/31/2013,PAH,KY,ASO,CE,Federal Contract Tower,0,5,6,0,11,0,4,49,2,55,0,9,55,2,66,34,0,34,100
01/01/2014,PAH,KY,ASO,CE,Federal Contract Tower,0,1,5,0,6,0,0,22,0,22,0,1,27,0,28,28,0,28,56
01/02/2014,PAH,KY,ASO,CE,Federal Contract Tower,0,7,6,0,13,0,0,8,0,8,0,7,14,0,21,0,0,0,21
01/03/2014,PAH,KY,ASO,CE,Federal Contract Tower,0,6,7,0,13,0,1,39,0,40,0,7,46,0,53,12,0,12,65
01/04/2014,PAH,KY,ASO,CE,Federal Contract Tower,0,5,4,0,9,0,0,4,0,4,0,5,8,0,13,0,0,0,13
01/05/2014,PAH,KY,ASO,CE,Federal Contract Tower,0,0,1,0,1,0,0,0,0,0,0,0,1,0,1,0,0,0,1
01/06/2014,PAH,KY,ASO,CE,Federal Contract Tower,0,2,8,0,10,0,0,19,2,21,0,2,27,2,31,0,0,0,31
01/07/2014,PAH,KY,ASO,CE,Federal Contract Tower,0,4,6,0,10,0,0,28,0,28,0,4,34,0,38,20,0,20,58
01/08/2014,PAH,KY,ASO,CE,Federal Contract Tower,0,7,9,0,16,0,0,39,4,43,0,7,48,4,59,24,6,30,89
01/09/2014,PAH,KY,ASO,CE,Federal Contract Tower,0,6,12,0,18,0,0,29,4,33,0,6,41,4,51,24,4,28,79
01/10/2014,PAH,KY,ASO,CE,Federal Contract Tower,0,10,10,1,21,0,0,7,0,7,0,10,17,1,28,16,0,16,44
01/11/2014,PAH,KY,ASO,CE,Federal Contract Tower,0,3,10,0,13,0,0,15,0,15,0,3,25,0,28,16,0,16,44
01/12/2014,PAH,KY,ASO,CE,Federal Contract Tower,0,7,7,0,14,0,4,43,0,47,0,11,50,0,61,50,0,50,111
01/13/2014,PAH,KY,ASO,CE,Federal Contract Tower,0,8,6,1,15,0,4,57,4,65,0,12,63,5,80,34,6,40,120
01/14/2014,PAH,KY,ASO,CE,Federal Contract Tower,0,12,9,0,21,0,4,49,6,59,0,16,58,6,80,36,6,42,122
01/15/2014,PAH,KY,ASO,CE,Federal Contract Tower,0,9,12,0,21,0,0,30,7,37,0,9,42,7,58,20,4,24,82
01/16/2014,PAH,KY,ASO,CE,Federal Contract Tower,0,14,13,0,27,0,0,32,2,34,0,14,45,2,61,28,0,28,89
01/17/2014,PAH,KY,ASO,CE,Federal Contract Tower,0,9,4,0,13,0,0,16,0,16,0,9,20,0,29,0,0,0,29
01/18/2014,PAH,KY,ASO,CE,Federal Contract Tower,0,2,7,0,9,0,0,6,0,6,0,2,13,0,15,2,0,2,17
01/19/2014,PAH,KY,ASO,CE,Federal Contract Tower,0,4,3,0,7,0,2,51,0,53,0,6,54,0,60,52,0,52,112
01/20/2014,PAH,KY,ASO,CE,Federal Contract Tower,0,6,7,0,13,0,0,60,4,64,0,6,67,4,77,32,8,40,117
01/21/2014,PAH,KY,ASO,CE,Federal Contract Tower,0,8,10,5,23,0,0,34,3,37,0,8,44,8,60,28,0,28,88
01/22/2014,PAH,KY,ASO,CE,Federal Contract Tower,0,6,13,6,25,0,2,38,2,42,0,8,51,8,67,18,2,20,87
01/23/2014,PAH,KY,ASO,CE,Federal Contract Tower,0,8,4,0,12,0,2,26,8,36,0,10,30,8,48,24,6,30,78
01/24/2014,PAH,KY,ASO,CE,Federal Contract Tower,0,4,6,0,10,0,0,18,0,18,0,4,24,0,28,4,0,4,32
01/25/2014,PAH,KY,ASO,CE,Federal Contract Tower,0,5,7,0,12,0,0,5,0,5,0,5,12,0,17,0,0,0,17
01/26/2014,PAH,KY,ASO,CE,Federal Contract Tower,0,9,7,0,16,0,0,39,0,39,0,9,46,0,55,58,0,58,113
01/27/2014,PAH,KY,ASO,CE,Federal Contract Tower,0,4,14,0,18,0,0,58,4,62,0,4,72,4,80,48,0,48,128
01/28/2014,PAH,KY,ASO,CE,Federal Contract Tower,0,4,10,0,14,0,0,38,8,46,0,4,48,8,60,42,4,46,106
01/29/2014,PAH,KY,ASO,CE,Federal Contract Tower,0,10,7,0,17,0,0,31,4,35,0,10,38,4,52,26,2,28,80
01/30/2014,PAH,KY,ASO,CE,Federal Contract Tower,0,10,6,0,16,0,2,32,4,38,0,12,38,4,54,26,0,26,80
01/31/2014,PAH,KY,ASO,CE,Federal Contract Tower,0,6,3,0,9,0,0,19,0,19,0,6,22,0,28,16,0,16,44
02/01/2014,PAH,KY,ASO,CE,Federal Contract Tower,0,2,3,0,5,0,0,1,0,1,0,2,4,0,6,0,0,0,6
02/02/2014,PAH,KY,ASO,CE,Federal Contract Tower,0,3,3,0,6,0,2,26,0,28,0,5,29,0,34,0,0,0,34
02/03/2014,PAH,KY,ASO,CE,Federal Contract Tower,2,3,7,0,12,0,0,12,0,12,2,3,19,0,24,0,0,0,24
02/04/2014,PAH,KY,ASO,CE,Federal Contract Tower,0,8,1,0,9,0,2,6,0,8,0,10,7,0,17,0,0,0,17
02/05/2014,PAH,KY,ASO,CE,Federal Contract Tower,0,6,5,0,11,0,0,0,0,0,0,6,5,0,11,0,0,0,11
02/06/2014,PAH,KY,ASO,CE,Federal Contract Tower,0,8,8,0,16,0,0,4,0,4,0,8,12,0,20,0,0,0,20
02/07/2014,PAH,KY,ASO,CE,Federal Contract Tower,0,6,7,2,15,0,0,35,6,41,0,6,42,8,56,16,4,20,76
02/08/2014,PAH,KY,ASO,CE,Federal Contract Tower,0,5,7,0,12,0,4,39,0,43,0,9,46,0,55,24,0,24,79
02/09/2014,PAH,KY,ASO,CE,Federal Contract Tower,0,3,3,0,6,0,0,33,0,33,0,3,36,0,39,14,0,14,53
02/10/2014,PAH,KY,ASO,CE,Federal Contract Tower,0,6,8,2,16,0,0,32,4,36,0,6,40,6,52,12,0,12,64
02/11/2014,PAH,KY,ASO,CE,Federal Contract Tower,0,6,6,7,19,0,0,38,1,39,0,6,44,8,58,12,0,12,70
02/12/2014,PAH,KY,ASO,CE,Federal Contract Tower,0,8,11,0,19,0,0,23,4,27,0,8,34,4,46,2,6,8,54
02/13/2014,PAH,KY,ASO,CE,Federal Contract Tower,0,9,13,0,22,0,0,30,0,30,0,9,43,0,52,12,0,12,64
02/14/2014,PAH,KY,ASO,CE,Federal Contract Tower,0,6,8,0,14,0,0,30,6,36,0,6,38,6,50,34,0,34,84
02/15/2014,PAH,KY,ASO,CE,Federal Contract Tower,0,4,3,0,7,0,0,46,0,46,0,4,49,0,53,26,0,26,79
02/16/2014,PAH,KY,ASO,CE,Federal Contract Tower,0,5,0,0,5,0,0,31,0,31,0,5,31,0,36,46,0,46,82
02/17/2014,PAH,KY,ASO,CE,Federal Contract Tower,0,8,5,0,13,0,2,27,4,33,0,10,32,4,46,22,6,28,74
02/18/2014,PAH,KY,ASO,CE,Federal Contract Tower,0,10,13,6,29,0,2,33,2,37,0,12,46,8,66,16,6,22,88
02/19/2014,PAH,KY,ASO,CE,Federal Contract Tower,0,5,11,2,18,0,0,38,2,40,0,5,49,4,58,20,0,20,78
02/20/2014,PAH,KY,ASO,CE,Federal Contract Tower,0,6,3,2,11,0,0,3,0,3,0,6,6,2,14,0,0,0,14
02/21/2014,PAH,KY,ASO,CE,Federal Contract Tower,0,6,9,0,15,0,4,50,6,60,0,10,59,6,75,30,8,38,113
02/22/2014,PAH,KY,ASO,CE,Federal Contract Tower,0,6,4,0,10,0,0,66,0,66,0,6,70,0,76,46,0,46,122
02/23/2014,PAH,KY,ASO,CE,Federal Contract Tower,0,5,5,0,10,0,2,35,2,39,0,7,40,2,49,38,0,38,87
02/24/2014,PAH,KY,ASO,CE,Federal Contract Tower,0,6,7,0,13,0,0,48,10,58,0,6,55,10,71,24,6,30,101
02/25/2014,PAH,KY,ASO,CE,Federal Contract Tower,0,9,14,1,24,0,2,31,3,36,0,11,45,4,60,24,0,24,84
02/26/2014,PAH,KY,ASO,CE,Federal Contract Tower,0,6,8,3,17,0,0,27,3,30,0,6,35,6,47,14,2,16,63
02/27/2014,PAH,KY,ASO,CE,Federal Contract Tower,0,8,9,0,17,0,5,31,2,38,0,13,40,2,55,22,0,22,77
02/28/2014,PAH,KY,ASO,CE,Federal Contract Tower,0,6,7,0,13,0,0,54,6,60,0,6,61,6,73,34,0,34,107
03/01/2014,PAH,KY,ASO,CE,Federal Contract Tower,0,4,8,0,12,0,0,58,2,60,0,4,66,2,72,58,0,58,130
03/02/2014,PAH,KY,ASO,CE,Federal Contract Tower,0,0,0,0,0,0,0,4,0,4,0,0,4,0,4,0,0,0,4
03/03/2014,PAH,KY,ASO,CE,Federal Contract Tower,0,3,0,0,3,0,0,2,0,2,0,3,2,0,5,0,0,0,5
03/04/2014,PAH,KY,ASO,CE,Federal Contract Tower,0,6,7,0,13,0,0,6,0,6,0,6,13,0,19,0,0,0,19
03/05/2014,PAH,KY,ASO,CE,Federal Contract Tower,0,8,11,0,19,0,0,2,0,2,0,8,13,0,21,0,0,0,21
03/06/2014,PAH,KY,ASO,CE,Federal Contract Tower,0,6,8,0,14,0,0,21,2,23,0,6,29,2,37,16,0,16,53
03/07/2014,PAH,KY,ASO,CE,Federal Contract Tower,0,6,7,0,13,0,1,53,0,54,0,7,60,0,67,32,0,32,99
03/08/2014,PAH,KY,ASO,CE,Federal Contract Tower,0,4,10,0,14,0,6,53,0,59,0,10,63,0,73,46,0,46,119
03/09/2014,PAH,KY,ASO,CE,Federal Contract Tower,0,4,15,0,19,0,2,46,0,48,0,6,61,0,67,42,0,42,109
03/10/2014,PAH,KY,ASO,CE,Federal Contract Tower,0,6,10,0,16,0,0,41,4,45,0,6,51,4,61,22,0,22,83
03/11/2014,PAH,KY,ASO,CE,Federal Contract Tower,0,6,10,0,16,0,2,32,2,36,0,8,42,2,52,36,12,48,100
03/12/2014,PAH,KY,ASO,CE,Federal Contract Tower,0,5,3,0,8,0,0,17,0,17,0,5,20,0,25,12,0,12,37
03/13/2014,PAH,KY,ASO,CE,Federal Contract Tower,0,10,16,0,26,0,0,48,0,48,0,10,64,0,74,32,0,32,106
03/14/2014,PAH,KY,ASO,CE,Federal Contract Tower,0,10,6,6,22,0,0,42,16,58,0,10,48,22,80,20,12,32,112
03/15/2014,PAH,KY,ASO,CE,Federal Contract Tower,0,3,1,0,4,0,0,52,2,54,0,3,53,2,58,40,4,44,102
03/16/2014,PAH,KY,ASO,CE,Federal Contract Tower,0,6,6,0,12,0,0,19,0,19,0,6,25,0,31,10,0,10,41
03/17/2014,PAH,KY,ASO,CE,Federal Contract Tower,0,8,8,6,22,0,4,31,2,37,0,12,39,8,59,30,12,42,101
03/18/2014,PAH,KY,ASO,CE,Federal Contract Tower,0,7,17,16,40,0,3,29,4,36,0,10,46,20,76,20,12,32,108
03/19/2014,PAH,KY,ASO,CE,Federal Contract Tower,0,10,9,0,19,0,0,44,6,50,0,10,53,6,69,22,20,42,111
03/20/2014,PAH,KY,ASO,CE,Federal Contract Tower,2,9,8,1,20,0,1,48,7,56,2,10,56,8,76,30,0,30,106
03/21/2014,PAH,KY,ASO,CE,Federal Contract Tower,1,9,6,0,16,0,5,55,5,65,1,14,61,5,81,32,0,32,113
03/22/2014,PAH,KY,ASO,CE,Federal Contract Tower,0,5,6,0,11,0,0,66,0,66,0,5,72,0,77,50,0,50,127
03/23/2014,PAH,KY,ASO,CE,Federal Contract Tower,0,4,11,0,15,0,4,49,0,53,0,8,60,0,68,36,0,36,104
03/24/2014,PAH,KY,ASO,CE,Federal Contract Tower,1,6,4,0,11,0,0,37,6,43,1,6,41,6,54,22,4,26,80
03/25/2014,PAH,KY,ASO,CE,Federal Contract Tower,0,7,6,0,13,0,0,31,3,34,0,7,37,3,47,22,4,26,73
03/26/2014,PAH,KY,ASO,CE,Federal Contract Tower,0,7,16,0,23,0,0,47,0,47,0,7,63,0,70,14,0,14,84
03/27/2014,PAH,KY,ASO,CE,Federal Contract Tower,0,5,9,0,14,0,0,7,0,7,0,5,16,0,21,0,0,0,21
03/28/2014,PAH,KY,ASO,CE,Federal Contract Tower,0,9,18,0,27,0,2,42,4,48,0,11,60,4,75,18,4,22,97
03/29/2014,PAH,KY,ASO,CE,Federal Contract Tower,0,6,5,0,11,0,4,37,0,41,0,10,42,0,52,36,0,36,88
03/30/2014,PAH,KY,ASO,CE,Federal Contract Tower,0,4,9,3,16,0,4,53,0,57,0,8,62,3,73,30,0,30,103
03/31/2014,PAH,KY,ASO,CE,Federal Contract Tower,0,11,5,0,16,0,0,35,4,39,0,11,40,4,55,24,4,28,83
04/01/2014,PAH,KY,ASO,CE,Federal Contract Tower,0,7,11,0,18,0,0,29,0,29,0,7,40,0,47,18,0,18,65
04/02/2014,PAH,KY,ASO,CE,Federal Contract Tower,0,5,6,4,15,0,0,7,0,7,0,5,13,4,22,0,0,0,22
04/03/2014,PAH,KY,ASO,CE,Federal Contract Tower,0,8,3,0,11,0,0,0,0,0,0,8,3,0,11,0,0,0,11
04/04/2014,PAH,KY,ASO,CE,Federal Contract Tower,0,8,9,0,17,0,4,62,2,68,0,12,71,2,85,36,0,36,121
04/05/2014,PAH,KY,ASO,CE,Federal Contract Tower,0,9,11,0,20,0,0,47,0,47,0,9,58,0,67,52,0,52,119
04/06/2014,PAH,KY,ASO,CE,Federal Contract Tower,0,5,4,0,9,0,0,56,0,56,0,5,60,0,65,36,0,36,101
04/07/2014,PAH,KY,ASO,CE,Federal Contract Tower,0,10,9,0,19,0,0,18,2,20,0,10,27,2,39,18,8,26,65
04/08/2014,PAH,KY,ASO,CE,Federal Contract Tower,0,11,5,0,16,0,0,21,2,23,0,11,26,2,39,20,0,20,59
04/09/2014,PAH,KY,ASO,CE,Federal Contract Tower,0,7,9,4,20,0,0,37,0,37,0,7,46,4,57,26,0,26,83
04/10/2014,PAH,KY,ASO,CE,Federal Contract Tower,0,5,12,0,17,0,2,22,0,24,0,7,34,0,41,16,0,16,57
04/11/2014,PAH,KY,ASO,CE,Federal Contract Tower,0,6,6,0,12,0,0,57,8,65,0,6,63,8,77,30,4,34,111
04/12/2014,PAH,KY,ASO,CE,Federal Contract Tower,0,8,11,0,19,0,0,66,2,68,0,8,77,2,87,46,0,46,133
04/13/2014,PAH,KY,ASO,CE,Federal Contract Tower,0,3,7,0,10,0,0,44,0,44,0,3,51,0,54,28,0,28,82
04/14/2014,PAH,KY,ASO,CE,Federal Contract Tower,0,6,2,0,8,0,2,20,0,22,0,8,22,0,30,24,0,24,54
04/15/2014,PAH,KY,ASO,CE,Federal Contract Tower,0,7,5,4,16,0,0,30,6,36,0,7,35,10,52,20,14,34,86
04/16/2014,PAH,KY,ASO,CE,Federal Contract Tower,0,8,11,0,19,0,0,41,0,41,0,8,52,0,60,22,0,22,82
04/17/2014,PAH,KY,ASO,CE,Federal Contract Tower,0,5,11,2,18,0,2,27,0,29,0,7,38,2,47,34,0,34,81
04/18/2014,PAH,KY,ASO,CE,Federal Contract Tower,0,3,12,3,18,0,0,57,4,61,0,3,69,7,79,32,6,38,117
04/19/2014,PAH,KY,ASO,CE,Federal Contract Tower,0,10,5,0,15,0,4,55,0,59,0,14,60,0,74,50,0,50,124
04/20/2014,PAH,KY,ASO,CE,Federal Contract Tower,0,6,1,0,7,0,2,49,2,53,0,8,50,2,60,36,0,36,96
04/21/2014,PAH,KY,ASO,CE,Federal Contract Tower,0,6,1,0,7,0,2,36,2,40,0,8,37,2,47,26,2,28,75
04/22/2014,PAH,KY,ASO,CE,Federal Contract Tower,0,9,12,0,21,0,0,36,6,42,0,9,48,6,63,20,6,26,89
04/23/2014,PAH,KY,ASO,CE,Federal Contract Tower,0,5,11,0,16,0,0,31,0,31,0,5,42,0,47,24,0,24,71
04/24/2014,PAH,KY,ASO,CE,Federal Contract Tower,0,9,6,3,18,0,0,28,5,33,0,9,34,8,51,12,2,14,65
04/25/2014,PAH,KY,ASO,CE,Federal Contract Tower,0,10,7,0,17,0,0,59,4,63,0,10,66,4,80,34,0,34,114
04/26/2014,PAH,KY,ASO,CE,Federal Contract Tower,0,4,10,0,14,0,4,58,0,62,0,8,68,0,76,52,0,52,128
04/27/2014,PAH,KY,ASO,CE,Federal Contract Tower,0,5,3,0,8,0,2,39,0,41,0,7,42,0,49,24,0,24,73
04/28/2014,PAH,KY,ASO,CE,Federal Contract Tower,0,7,7,0,14,0,1,24,6,31,0,8,31,6,45,14,0,14,59
04/29/2014,PAH,KY,ASO,CE,Federal Contract Tower,0,9,8,0,17,0,0,26,4,30,0,9,34,4,47,18,0,18,65
04/30/2014,PAH,KY,ASO,CE,Federal Contract Tower,0,7,16,6,29,0,0,27,0,27,0,7,43,6,56,14,0,14,70
05/01/2014,PAH,KY,ASO,CE,Federal Contract Tower,0,11,16,0,27,0,0,32,1,33,0,11,48,1,60,20,0,20,80
05/02/2014,PAH,KY,ASO,CE,Federal Contract Tower,0,8,9,6,23,0,2,45,4,51,0,10,54,10,74,54,4,58,132
05/03/2014,PAH,KY,ASO,CE,Federal Contract Tower,0,4,11,0,15,0,0,58,0,58,0,4,69,0,73,60,0,60,133
05/04/2014,PAH,KY,ASO,CE,Federal Contract Tower,0,4,5,0,9,0,0,23,0,23,0,4,28,0,32,16,0,16,48
05/05/2014,PAH,KY,ASO,CE,Federal Contract Tower,0,7,11,0,18,0,0,41,0,41,0,7,52,0,59,30,0,30,89
05/06/2014,PAH,KY,ASO,CE,Federal Contract Tower,0,7,14,0,21,0,0,32,2,34,0,7,46,2,55,32,0,32,87
05/07/2014,PAH,KY,ASO,CE,Federal Contract Tower,0,9,12,2,23,0,0,29,2,31,0,9,41,4,54,30,0,30,84
05/08/2014,PAH,KY,ASO,CE,Federal Contract Tower,0,9,13,0,22,0,0,28,0,28,0,9,41,0,50,0,0,0,50
05/09/2014,PAH,KY,ASO,CE,Federal Contract Tower,0,5,4,0,9,0,0,6,0,6,0,5,10,0,15,0,0,0,15
05/10/2014,PAH,KY,ASO,CE,Federal Contract Tower,0,4,5,0,9,0,1,2,0,3,0,5,7,0,12,0,0,0,12
05/11/2014,PAH,KY,ASO,CE,Federal Contract Tower,0,5,7,0,12,0,0,17,0,17,0,5,24,0,29,16,0,16,45
05/12/2014,PAH,KY,ASO,CE,Federal Contract Tower,0,3,4,0,7,0,2,46,2,50,0,5,50,2,57,34,0,34,91
05/13/2014,PAH,KY,ASO,CE,Federal Contract Tower,0,2,11,0,13,0,0,47,10,57,0,2,58,10,70,32,10,42,112
05/14/2014,PAH,KY,ASO,CE,Federal Contract Tower,0,7,6,0,13,0,2,11,2,15,0,9,17,2,28,0,2,2,30
05/15/2014,PAH,KY,ASO,CE,Federal Contract Tower,0,6,18,2,26,0,0,35,2,37,0,6,53,4,63,24,2,26,89
05/16/2014,PAH,KY,ASO,CE,Federal Contract Tower,0,6,15,0,21,0,0,37,0,37,0,6,52,0,58,36,0,36,94
05/17/2014,PAH,KY,ASO,CE,Federal Contract Tower,0,4,7,0,11,0,0,39,0,39,0,4,46,0,50,18,0,18,68
05/18/2014,PAH,KY,ASO,CE,Federal Contract Tower,0,6,4,0,10,0,2,41,0,43,0,8,45,0,53,40,0,40,93
05/19/2014,PAH,KY,ASO,CE,Federal Contract Tower,0,6,13,0,19,0,0,53,6,59,0,6,66,6,78,58,10,68,146
05/20/2014,PAH,KY,ASO,CE,Federal Contract Tower,0,9,17,2,28,0,1,45,6,52,0,10,62,8,80,30,4,34,114
05/21/2014,PAH,KY,ASO,CE,Federal Contract Tower,0,10,5,6,21,0,0,35,0,35,0,10,40,6,56,20,0,20,76
05/22/2014,PAH,KY,ASO,CE,Federal Contract Tower,0,6,7,0,13,0,0,27,0,27,0,6,34,0,40,12,0,12,52
05/23/2014,PAH,KY,ASO,CE,Federal Contract Tower,0,7,13,0,20,0,0,38,0,38,0,7,51,0,58,18,0,18,76
05/24/2014,PAH,KY,ASO,CE,Federal Contract Tower,0,4,7,0,11,0,0,21,0,21,0,4,28,0,32,6,0,6,38
05/25/2014,PAH,KY,ASO,CE,Federal Contract Tower,0,5,1,0,6,0,1,18,0,19,0,6,19,0,25,0,0,0,25
05/26/2014,PAH,KY,ASO,CE,Federal Contract Tower,0,3,2,0,5,0,0,25,0,25,0,3,27,0,30,20,0,20,50
05/27/2014,PAH,KY,ASO,CE,Federal Contract Tower,0,5,11,2,18,0,0,52,4,56,0,5,63,6,74,20,4,24,98
05/28/2014,PAH,KY,ASO,CE,Federal Contract Tower,0,6,16,0,22,0,0,39,8,47,0,6,55,8,69,26,4,30,99
05/29/2014,PAH,KY,ASO,CE,Federal Contract Tower,0,8,15,0,23,0,2,37,4,43,0,10,52,4,66,18,0,18,84
05/30/2014,PAH,KY,ASO,CE,Federal Contract Tower,0,7,1,1,9,0,0,26,0,26,0,7,27,1,35,6,0,6,41
05/31/2014,PAH,KY,ASO,CE,Federal Contract Tower,0,4,6,2,12,0,0,34,9,43,0,4,40,11,55,24,0,24,79
06/01/2014,PAH,KY,ASO,CE,Federal Contract Tower,0,8,5,2,15,0,0,38,13,51,0,8,43,15,66,20,14,34,100
06/02/2014,PAH,KY,ASO,CE,Federal Contract Tower,0,7,4,0,11,0,0,23,0,23,0,7,27,0,34,10,0,10,44
06/03/2014,PAH,KY,ASO,CE,Federal Contract Tower,0,6,8,0,14,0,4,46,6,56,0,10,54,6,70,32,6,38,108
06/04/2014,PAH,KY,ASO,CE,Federal Contract Tower,0,4,7,0,11,0,1,45,4,50,0,5,52,4,61,28,4,32,93
06/05/2014,PAH,KY,ASO,CE,Federal Contract Tower,0,8,7,0,15,0,0,14,6,20,0,8,21,6,35,0,0,0,35
06/06/2014,PAH,KY,ASO,CE,Federal Contract Tower,0,5,24,0,29,0,0,9,0,9,0,5,33,0,38,4,0,4,42
06/07/2014,PAH,KY,ASO,CE,Federal Contract Tower,0,4,7,0,11,0,2,12,0,14,0,6,19,0,25,12,0,12,37
06/08/2014,PAH,KY,ASO,CE,Federal Contract Tower,0,4,12,4,20,0,1,51,6,58,0,5,63,10,78,38,4,42,120
06/09/2014,PAH,KY,ASO,CE,Federal Contract Tower,0,8,15,0,23,0,4,51,8,63,0,12,66,8,86,42,4,46,132
06/10/2014,PAH,KY,ASO,CE,Federal Contract Tower,0,7,7,0,14,0,2,45,8,55,0,9,52,8,69,24,6,30,99
06/11/2014,PAH,KY,ASO,CE,Federal Contract Tower,0,13,9,2,24,0,0,38,6,44,0,13,47,8,68,18,6,24,92
06/12/2014,PAH,KY,ASO,CE,Federal Contract Tower,0,6,11,2,19,0,2,42,4,48,0,8,53,6,67,30,4,34,101
06/13/2014,PAH,KY,ASO,CE,Federal Contract Tower,0,5,3,0,8,0,2,27,0,29,0,7,30,0,37,14,0,14,51
06/14/2014,PAH,KY,ASO,CE,Federal Contract Tower,0,4,5,0,9,0,2,23,0,25,0,6,28,0,34,8,0,8,42
06/15/2014,PAH,KY,ASO,CE,Federal Contract Tower,0,6,9,2,17,0,0,36,5,41,0,6,45,7,58,20,0,20,78
06/16/2014,PAH,KY,ASO,CE,Federal Contract Tower,0,10,6,0,16,0,4,48,4,56,0,14,54,4,72,28,6,34,106
06/17/2014,PAH,KY,ASO,CE,Federal Contract Tower,0,6,20,6,32,0,0,51,2,53,0,6,71,8,85,36,2,38,123
06/18/2014,PAH,KY,ASO,CE,Federal Contract Tower,0,8,18,3,29,0,0,37,5,42,0,8,55,8,71,22,4,26,97
06/19/2014,PAH,KY,ASO,CE,Federal Contract Tower,0,6,8,0,14,0,0,41,4,45,0,6,49,4,59,42,4,46,105
06/20/2014,PAH,KY,ASO,CE,Federal Contract Tower,0,5,11,0,16,0,0,30,0,30,0,5,41,0,46,22,0,22,68
06/21/2014,PAH,KY,ASO,CE,Federal Contract Tower,0,4,8,0,12,0,0,23,0,23,0,4,31,0,35,2,0,2,37
06/22/2014,PAH,KY,ASO,CE,Federal Contract Tower,0,6,11,0,17,0,2,39,2,43,0,8,50,2,60,34,0,34,94
06/23/2014,PAH,KY,ASO,CE,Federal Contract Tower,0,7,11,10,28,0,0,50,6,56,0,7,61,16,84,44,0,44,128
06/24/2014,PAH,KY,ASO,CE,Federal Contract Tower,0,6,10,6,22,0,1,26,2,29,0,7,36,8,51,26,4,30,81
06/25/2014,PAH,KY,ASO,CE,Federal Contract Tower,0,6,9,6,21,0,2,44,6,52,0,8,53,12,73,38,6,44,117
06/26/2014,PAH,KY,ASO,CE,Federal Contract Tower,0,11,7,0,18,0,0,29,2,31,0,11,36,2,49,24,4,28,77
06/27/2014,PAH,KY,ASO,CE,Federal Contract Tower,0,7,7,0,14,0,1,27,0,28,0,8,34,0,42,10,0,10,52
06/28/2014,PAH,KY,ASO,CE,Federal Contract Tower,0,6,4,0,10,0,1,22,0,23,0,7,26,0,33,12,0,12,45
06/29/2014,PAH,KY,ASO,CE,Federal Contract Tower,0,4,6,0,10,0,4,33,2,39,0,8,39,2,49,30,0,30,79
06/30/2014,PAH,KY,ASO,CE,Federal Contract Tower,0,8,14,0,22,0,40,9,0,49,0,48,23,0,71,42,6,48,119
07/01/2014,PAH,KY,ASO,CE,Federal Contract Tower,0,8,9,2,19,0,2,41,6,49,0,10,50,8,68,24,6,30,98
07/02/2014,PAH,KY,ASO,CE,Federal Contract Tower,0,8,7,2,17,0,0,39,2,41,0,8,46,4,58,28,0,28,86
07/03/2014,PAH,KY,ASO,CE,Federal Contract Tower,0,6,21,0,27,0,0,46,4,50,0,6,67,4,77,10,6,16,93
07/04/2014,PAH,KY,ASO,CE,Federal Contract Tower,0,4,0,0,4,0,0,9,0,9,0,4,9,0,13,14,0,14,27
07/05/2014,PAH,KY,ASO,CE,Federal Contract Tower,0,6,5,0,11,0,0,13,0,13,0,6,18,0,24,0,0,0,24
07/06/2014,PAH,KY,ASO,CE,Federal Contract Tower,0,4,7,0,11,0,4,37,0,41,0,8,44,0,52,44,0,44,96
07/07/2014,PAH,KY,ASO,CE,Federal Contract Tower,0,9,10,0,19,0,2,59,5,66,0,11,69,5,85,34,6,40,125
07/08/2014,PAH,KY,ASO,CE,Federal Contract Tower,0,11,6,2,19,0,0,34,4,38,0,11,40,6,57,22,6,28,85
07/09/2014,PAH,KY,ASO,CE,Federal Contract Tower,2,10,16,3,31,0,3,42,3,48,2,13,58,6,79,10,2,12,91
07/10/2014,PAH,KY,ASO,CE,Federal Contract Tower,0,9,23,0,32,0,1,44,4,49,0,10,67,4,81,10,6,16,97
07/11/2014,PAH,KY,ASO,CE,Federal Contract Tower,0,9,5,0,14,0,0,29,0,29,0,9,34,0,43,20,0,20,63
07/12/2014,PAH,KY,ASO,CE,Federal Contract Tower,0,4,9,0,13,0,0,22,0,22,0,4,31,0,35,2,0,2,37
07/13/2014,PAH,KY,ASO,CE,Federal Contract Tower,0,3,0,0,3,0,4,36,0,40,0,7,36,0,43,26,0,26,69
07/14/2014,PAH,KY,ASO,CE,Federal Contract Tower,0,5,9,0,14,0,2,49,3,54,0,7,58,3,68,34,0,34,102
07/15/2014,PAH,KY,ASO,CE,Federal Contract Tower,0,6,13,2,21,0,0,57,4,61,0,6,70,6,82,38,6,44,126
07/16/2014,PAH,KY,ASO,CE,Federal Contract Tower,0,7,11,2,20,0,0,42,4,46,0,7,53,6,66,26,6,32,98
07/17/2014,PAH,KY,ASO,CE,Federal Contract Tower,0,10,11,0,21,0,0,46,5,51,0,10,57,5,72,40,10,50,122
07/18/2014,PAH,KY,ASO,CE,Federal Contract Tower,0,6,15,0,21,0,0,18,0,18,0,6,33,0,39,4,0,4,43
07/19/2014,PAH,KY,ASO,CE,Federal Contract Tower,0,3,9,0,12,0,0,9,0,9,0,3,18,0,21,6,0,6,27
07/20/2014,PAH,KY,ASO,CE,Federal Contract Tower,0,6,18,0,24,0,2,37,0,39,0,8,55,0,63,40,0,40,103
07/21/2014,PAH,KY,ASO,CE,Federal Contract Tower,0,8,8,0,16,0,0,64,8,72,0,8,72,8,88,42,12,54,142
07/22/2014,PAH,KY,ASO,CE,Federal Contract Tower,0,6,16,2,24,0,2,43,4,49,0,8,59,6,73,38,2,40,113
07/23/2014,PAH,KY,ASO,CE,Federal Contract Tower,0,6,11,0,17,0,0,54,4,58,0,6,65,4,75,18,2,20,95
07/24/2014,PAH,KY,ASO,CE,Federal Contract Tower,0,7,14,0,21,0,2,41,2,45,0,9,55,2,66,14,0,14,80
07/25/2014,PAH,KY,ASO,CE,Federal Contract Tower,0,13,5,0,18,0,0,28,0,28,0,13,33,0,46,12,0,12,58
07/26/2014,PAH,KY,ASO,CE,Federal Contract Tower,0,4,4,0,8,0,0,15,0,15,0,4,19,0,23,6,0,6,29
07/27/2014,PAH,KY,ASO,CE,Federal Contract Tower,0,6,8,0,14,0,0,19,0,19,0,6,27,0,33,14,0,14,47
07/28/2014,PAH,KY,ASO,CE,Federal Contract Tower,0,8,6,0,14,0,0,39,0,39,0,8,45,0,53,50,0,50,103
07/29/2014,PAH,KY,ASO,CE,Federal Contract Tower,0,12,9,0,21,0,0,34,2,36,0,12,43,2,57,24,2,26,83
07/30/2014,PAH,KY,ASO,CE,Federal Contract Tower,0,12,7,0,19,0,0,67,4,71,0,12,74,4,90,16,8,24,114
07/31/2014,PAH,KY,ASO,CE,Federal Contract Tower,0,16,15,0,31,0,1,37,0,38,0,17,52,0,69,14,0,14,83
08/01/2014,PAH,KY,ASO,CE,Federal Contract Tower,0,3,8,2,13,0,0,23,2,25,0,3,31,4,38,32,0,32,70
08/02/2014,PAH,KY,ASO,CE,Federal Contract Tower,0,3,1,0,4,0,0,24,0,24,0,3,25,0,28,28,0,28,56
08/03/2014,PAH,KY,ASO,CE,Federal Contract Tower,0,4,6,2,12,0,0,54,12,66,0,4,60,14,78,38,0,38,116
08/04/2014,PAH,KY,ASO,CE,Federal Contract Tower,0,7,5,9,21,0,3,41,4,48,0,10,46,13,69,24,14,38,107
08/05/2014,PAH,KY,ASO,CE,Federal Contract Tower,0,6,5,0,11,0,2,29,2,33,0,8,34,2,44,18,0,18,62
08/06/2014,PAH,KY,ASO,CE,Federal Contract Tower,0,9,5,10,24,0,0,21,2,23,0,9,26,12,47,8,0,8,55
08/07/2014,PAH,KY,ASO,CE,Federal Contract Tower,0,7,3,0,10,0,0,8,0,8,0,7,11,0,18,0,0,0,18
08/08/2014,PAH,KY,ASO,CE,Federal Contract Tower,0,9,9,0,18,0,0,12,0,12,0,9,21,0,30,0,0,0,30
08/09/2014,PAH,KY,ASO,CE,Federal Contract Tower,0,7,6,0,13,0,0,15,0,15,0,7,21,0,28,0,0,0,28
08/10/2014,PAH,KY,ASO,CE,Federal Contract Tower,0,4,12,0,16,0,0,26,0,26,0,4,38,0,42,4,0,4,46
08/11/2014,PAH,KY,ASO,CE,Federal Contract Tower,0,10,11,4,25,0,0,13,10,23,0,10,24,14,48,0,0,0,48
08/12/2014,PAH,KY,ASO,CE,Federal Contract Tower,0,7,7,7,21,0,0,28,1,29,0,7,35,8,50,6,0,6,56
08/13/2014,PAH,KY,ASO,CE,Federal Contract Tower,0,8,12,6,26,0,1,21,0,22,0,9,33,6,48,0,0,0,48
08/14/2014,PAH,KY,ASO,CE,Federal Contract Tower,0,8,9,6,23,0,0,41,4,45,0,8,50,10,68,16,0,16,84
08/15/2014,PAH,KY,ASO,CE,Federal Contract Tower,0,8,16,2,26,0,1,37,0,38,0,9,53,2,64,22,0,22,86
08/16/2014,PAH,KY,ASO,CE,Federal Contract Tower,0,4,2,0,6,0,0,18,0,18,0,4,20,0,24,0,0,0,24
08/17/2014,PAH,KY,ASO,CE,Federal Contract Tower,0,7,10,0,17,0,0,9,0,9,0,7,19,0,26,0,0,0,26
08/18/2014,PAH,KY,ASO,CE,Federal Contract Tower,0,6,18,1,25,0,0,16,2,18,0,6,34,3,43,0,0,0,43
08/19/2014,PAH,KY,ASO,CE,Federal Contract Tower,0,4,7,0,11,0,0,12,2,14,0,4,19,2,25,0,0,0,25
08/20/2014,PAH,KY,ASO,CE,Federal Contract Tower,0,8,17,0,25,0,0,32,6,38,0,8,49,6,63,12,0,12,75
08/21/2014,PAH,KY,ASO,CE,Federal Contract Tower,0,7,11,0,18,0,0,28,2,30,0,7,39,2,48,14,0,14,62
08/22/2014,PAH,KY,ASO,CE,Federal Contract Tower,0,6,7,11,24,0,2,41,1,44,0,8,48,12,68,46,0,46,114
08/23/2014,PAH,KY,ASO,CE,Federal Contract Tower,0,4,8,0,12,0,0,51,0,51,0,4,59,0,63,36,0,36,99
08/24/2014,PAH,KY,ASO,CE,Federal Contract Tower,0,6,5,0,11,0,4,44,2,50,0,10,49,2,61,36,0,36,97
08/25/2014,PAH,KY,ASO,CE,Federal Contract Tower,0,6,15,6,27,0,0,43,10,53,0,6,58,16,80,24,2,26,106
08/26/2014,PAH,KY,ASO,CE,Federal Contract Tower,0,6,10,10,26,0,3,55,8,66,0,9,65,18,92,26,0,26,118
08/27/2014,PAH,KY,ASO,CE,Federal Contract Tower,0,7,9,1,17,0,0,33,3,36,0,7,42,4,53,6,0,6,59
08/28/2014,PAH,KY,ASO,CE,Federal Contract Tower,0,7,18,0,25,0,0,22,1,23,0,7,40,1,48,20,0,20,68
08/29/2014,PAH,KY,ASO,CE,Federal Contract Tower,0,6,7,0,13,0,0,50,4,54,0,6,57,4,67,42,4,46,113
08/30/2014,PAH,KY,ASO,CE,Federal Contract Tower,0,4,3,0,7,0,0,37,2,39,0,4,40,2,46,38,0,38,84
08/31/2014,PAH,KY,ASO,CE,Federal Contract Tower,0,4,3,0,7,0,1,33,0,34,0,5,36,0,41,32,0,32,73
09/01/2014,PAH,KY,ASO,CE,Federal Contract Tower,0,4,11,0,15,0,0,19,0,19,0,4,30,0,34,20,0,20,54
09/02/2014,PAH,KY,ASO,CE,Federal Contract Tower,0,4,11,0,15,0,0,4,0,4,0,4,15,0,19,0,0,0,19
09/03/2014,PAH,KY,ASO,CE,Federal Contract Tower,0,7,9,6,22,0,0,30,0,30,0,7,39,6,52,14,0,14,66
09/04/2014,PAH,KY,ASO,CE,Federal Contract Tower,0,8,12,0,20,0,0,34,0,34,0,8,46,0,54,14,0,14,68
09/05/2014,PAH,KY,ASO,CE,Federal Contract Tower,0,5,18,6,29,0,0,31,0,31,0,5,49,6,60,14,0,14,74
09/06/2014,PAH,KY,ASO,CE,Federal Contract Tower,0,4,10,0,14,0,3,35,0,38,0,7,45,0,52,42,0,42,94
09/07/2014,PAH,KY,ASO,CE,Federal Contract Tower,0,4,8,0,12,0,1,43,0,44,0,5,51,0,56,48,0,48,104
09/08/2014,PAH,KY,ASO,CE,Federal Contract Tower,0,6,16,1,23,0,1,39,5,45,0,7,55,6,68,24,8,32,100
09/09/2014,PAH,KY,ASO,CE,Federal Contract Tower,0,7,1,0,8,0,0,25,0,25,0,7,26,0,33,12,0,12,45
09/10/2014,PAH,KY,ASO,CE,Federal Contract Tower,0,7,10,0,17,0,0,14,2,16,0,7,24,2,33,8,0,8,41
09/11/2014,PAH,KY,ASO,CE,Federal Contract Tower,0,6,11,2,19,0,0,6,0,6,0,6,17,2,25,0,0,0,25
09/12/2014,PAH,KY,ASO,CE,Federal Contract Tower,0,8,9,0,17,0,4,34,6,44,0,12,43,6,61,16,18,34,95
09/13/2014,PAH,KY,ASO,CE,Federal Contract Tower,0,4,5,0,9,0,2,69,0,71,0,6,74,0,80,48,0,48,128
09/14/2014,PAH,KY,ASO,CE,Federal Contract Tower,0,4,8,0,12,0,0,57,2,59,0,4,65,2,71,42,0,42,113
09/15/2014,PAH,KY,ASO,CE,Federal Contract Tower,0,8,4,0,12,0,0,43,4,47,0,8,47,4,59,16,6,22,81
09/16/2014,PAH,KY,ASO,CE,Federal Contract Tower,0,9,19,0,28,0,0,23,2,25,0,9,42,2,53,16,0,16,69
09/17/2014,PAH,KY,ASO,CE,Federal Contract Tower,0,7,11,0,18,0,0,25,4,29,0,7,36,4,47,10,0,10,57
09/18/2014,PAH,KY,ASO,CE,Federal Contract Tower,0,7,13,0,20,0,0,28,0,28,0,7,41,0,48,14,0,14,62
09/19/2014,PAH,KY,ASO,CE,Federal Contract Tower,0,8,12,8,28,0,2,50,6,58,0,10,62,14,86,32,6,38,124
09/20/2014,PAH,KY,ASO,CE,Federal Contract Tower,3,8,8,0,19,0,0,54,0,54,3,8,62,0,73,44,0,44,117
09/21/2014,PAH,KY,ASO,CE,Federal Contract Tower,0,8,10,0,18,0,1,54,0,55,0,9,64,0,73,40,0,40,113
09/22/2014,PAH,KY,ASO,CE,Federal Contract Tower,0,6,7,12,25,0,2,45,4,51,0,8,52,16,76,22,8,30,106
09/23/2014,PAH,KY,ASO,CE,Federal Contract Tower,0,7,9,11,27,0,1,23,4,28,0,8,32,15,55,8,4,12,67
09/24/2014,PAH,KY,ASO,CE,Federal Contract Tower,2,5,11,0,18,0,0,26,0,26,2,5,37,0,44,8,0,8,52
09/25/2014,PAH,KY,ASO,CE,Federal Contract Tower,0,8,2,0,10,0,2,8,0,10,0,10,10,0,20,0,0,0,20
09/26/2014,PAH,KY,ASO,CE,Federal Contract Tower,0,5,9,0,14,0,0,19,0,19,0,5,28,0,33,2,0,2,35
09/27/2014,PAH,KY,ASO,CE,Federal Contract Tower,0,6,5,0,11,0,0,58,2,60,0,6,63,2,71,48,0,48,119
09/28/2014,PAH,KY,ASO,CE,Federal Contract Tower,0,3,9,0,12,0,0,39,2,41,0,3,48,2,53,36,0,36,89
09/29/2014,PAH,KY,ASO,CE,Federal Contract Tower,0,11,6,2,19,0,2,31,4,37,0,13,37,6,56,20,4,24,80
09/30/2014,PAH,KY,ASO,CE,Federal Contract Tower,0,5,14,2,21,0,2,28,2,32,0,7,42,4,53,16,0,16,69
10/01/2014,PAH,KY,ASO,CE,Federal Contract Tower,0,8,15,2,25,0,0,30,0,30,0,8,45,2,55,12,0,12,67
10/02/2014,PAH,KY,ASO,CE,Federal Contract Tower,0,5,12,0,17,0,0,19,0,19,0,5,31,0,36,0,0,0,36
10/03/2014,PAH,KY,ASO,CE,Federal Contract Tower,0,13,8,0,21,0,4,44,4,52,0,17,52,4,73,40,0,40,113
10/04/2014,PAH,KY,ASO,CE,Federal Contract Tower,0,5,11,0,16,0,0,53,2,55,0,5,64,2,71,42,0,42,113
10/05/2014,PAH,KY,ASO,CE,Federal Contract Tower,0,4,9,0,13,0,2,51,2,55,0,6,60,2,68,36,0,36,104
10/06/2014,PAH,KY,ASO,CE,Federal Contract Tower,0,7,6,4,17,0,0,31,4,35,0,7,37,8,52,16,10,26,78
10/07/2014,PAH,KY,ASO,CE,Federal Contract Tower,0,10,6,8,24,0,0,30,4,34,0,10,36,12,58,24,6,30,88
10/08/2014,PAH,KY,ASO,CE,Federal Contract Tower,0,5,8,1,14,0,2,31,3,36,0,7,39,4,50,24,0,24,74
10/09/2014,PAH,KY,ASO,CE,Federal Contract Tower,0,5,6,0,11,0,0,15,0,15,0,5,21,0,26,6,0,6,32
10/10/2014,PAH,KY,ASO,CE,Federal Contract Tower,0,6,7,0,13,0,4,16,4,24,0,10,23,4,37,0,4,4,41
10/11/2014,PAH,KY,ASO,CE,Federal Contract Tower,0,6,13,5,24,0,0,26,1,27,0,6,39,6,51,8,4,12,63
10/12/2014,PAH,KY,ASO,CE,Federal Contract Tower,0,3,17,0,20,0,0,29,0,29,0,3,46,0,49,20,0,20,69
10/13/2014,PAH,KY,ASO,CE,Federal Contract Tower,0,6,5,0,11,0,0,26,6,32,0,6,31,6,43,26,0,26,69
10/14/2014,PAH,KY,ASO,CE,Federal Contract Tower,0,6,9,0,15,0,1,13,2,16,0,7,22,2,31,16,0,16,47
10/15/2014,PAH,KY,ASO,CE,Federal Contract Tower,0,5,24,0,29,0,0,4,0,4,0,5,28,0,33,0,0,0,33
10/16/2014,PAH,KY,ASO,CE,Federal Contract Tower,0,7,22,0,29,0,2,23,2,27,0,9,45,2,56,20,0,20,76
10/17/2014,PAH,KY,ASO,CE,Federal Contract Tower,0,9,15,0,24,0,0,58,8,66,0,9,73,8,90,40,0,40,130
10/18/2014,PAH,KY,ASO,CE,Federal Contract Tower,0,4,11,0,15,0,2,67,2,71,0,6,78,2,86,44,0,44,130
10/19/2014,PAH,KY,ASO,CE,Federal Contract Tower,0,4,7,0,11,0,3,39,4,46,0,7,46,4,57,44,0,44,101
10/20/2014,PAH,KY,ASO,CE,Federal Contract Tower,0,10,5,3,18,0,0,43,4,47,0,10,48,7,65,24,4,28,93
10/21/2014,PAH,KY,ASO,CE,Federal Contract Tower,0,11,14,0,25,0,1,41,0,42,0,12,55,0,67,10,0,10,77
10/22/2014,PAH,KY,ASO,CE,Federal Contract Tower,0,10,8,2,20,0,1,35,0,36,0,11,43,2,56,16,0,16,72
10/23/2014,PAH,KY,ASO,CE,Federal Contract Tower,0,8,15,0,23,0,0,35,2,37,0,8,50,2,60,24,2,26,86
10/24/2014,PAH,KY,ASO,CE,Federal Contract Tower,0,8,10,0,18,0,0,32,0,32,0,8,42,0,50,20,0,20,70
10/25/2014,PAH,KY,ASO,CE,Federal Contract Tower,0,4,6,0,10,0,0,58,2,60,0,4,64,2,70,42,0,42,112
10/26/2014,PAH,KY,ASO,CE,Federal Contract Tower,0,4,6,0,10,0,0,58,0,58,0,4,64,0,68,34,0,34,102
10/27/2014,PAH,KY,ASO,CE,Federal Contract Tower,0,9,9,10,28,0,3,41,7,51,0,12,50,17,79,18,4,22,101
10/28/2014,PAH,KY,ASO,CE,Federal Contract Tower,0,9,2,5,16,0,0,16,3,19,0,9,18,8,35,12,0,12,47
10/29/2014,PAH,KY,ASO,CE,Federal Contract Tower,0,7,9,9,25,0,0,27,0,27,0,7,36,9,52,18,0,18,70
10/30/2014,PAH,KY,ASO,CE,Federal Contract Tower,0,5,8,0,13,0,0,20,2,22,0,5,28,2,35,16,0,16,51
10/31/2014,PAH,KY,ASO,CE,Federal Contract Tower,0,7,10,0,17,0,5,42,7,54,0,12,52,7,71,22,12,34,105
11/01/2014,PAH,KY,ASO,CE,Federal Contract Tower,0,5,12,3,20,0,2,65,4,71,0,7,77,7,91,38,0,38,129
11/02/2014,PAH,KY,ASO,CE,Federal Contract Tower,0,8,4,0,12,0,4,35,2,41,0,12,39,2,53,30,0,30,83
11/03/2014,PAH,KY,ASO,CE,Federal Contract Tower,0,10,15,0,25,0,0,49,9,58,0,10,64,9,83,46,6,52,135
11/04/2014,PAH,KY,ASO,CE,Federal Contract Tower,0,11,8,2,21,0,0,11,0,11,0,11,19,2,32,8,0,8,40
11/05/2014,PAH,KY,ASO,CE,Federal Contract Tower,0,13,5,0,18,0,0,15,2,17,0,13,20,2,35,12,4,16,51
11/06/2014,PAH,KY,ASO,CE,Federal Contract Tower,0,8,11,2,21,0,2,23,4,29,0,10,34,6,50,8,4,12,62
11/07/2014,PAH,KY,ASO,CE,Federal Contract Tower,0,6,13,0,19,0,0,28,0,28,0,6,41,0,47,18,0,18,65
11/08/2014,PAH,KY,ASO,CE,Federal Contract Tower,0,7,7,0,14,0,0,25,0,25,0,7,32,0,39,30,0,30,69
11/09/2014,PAH,KY,ASO,CE,Federal Contract Tower,0,6,9,0,15,0,6,50,0,56,0,12,59,0,71,24,0,24,95
11/10/2014,PAH,KY,ASO,CE,Federal Contract Tower,0,10,9,2,21,0,0,26,2,28,0,10,35,4,49,18,8,26,75
11/11/2014,PAH,KY,ASO,CE,Federal Contract Tower,0,7,4,0,11,0,0,14,0,14,0,7,18,0,25,0,0,0,25
11/12/2014,PAH,KY,ASO,CE,Federal Contract Tower,0,10,18,0,28,0,0,30,2,32,0,10,48,2,60,14,4,18,78
11/13/2014,PAH,KY,ASO,CE,Federal Contract Tower,0,9,0,8,17,0,0,22,6,28,0,9,22,14,45,0,0,0,45
11/14/2014,PAH,KY,ASO,CE,Federal Contract Tower,0,7,9,0,16,0,0,0,0,0,0,7,9,0,16,6,0,6,22
11/15/2014,PAH,KY,ASO,CE,Federal Contract Tower,0,4,0,0,4,0,0,30,0,30,0,4,30,0,34,10,0,10,44
11/16/2014,PAH,KY,ASO,CE,Federal Contract Tower,0,4,4,0,8,0,2,23,0,25,0,6,27,0,33,2,0,2,35
11/17/2014,PAH,KY,ASO,CE,Federal Contract Tower,0,6,10,2,18,0,0,26,6,32,0,6,36,8,50,22,6,28,78
11/18/2014,PAH,KY,ASO,CE,Federal Contract Tower,0,8,8,5,21,0,1,29,6,36,0,9,37,11,57,12,4,16,73
11/19/2014,PAH,KY,ASO,CE,Federal Contract Tower,0,9,9,4,22,0,2,39,4,45,0,11,48,8,67,24,0,24,91
11/20/2014,PAH,KY,ASO,CE,Federal Contract Tower,0,13,16,4,33,0,0,29,4,33,0,13,45,8,66,22,2,24,90
11/21/2014,PAH,KY,ASO,CE,Federal Contract Tower,0,6,7,4,17,0,2,14,0,16,0,8,21,4,33,2,0,2,35
11/22/2014,PAH,KY,ASO,CE,Federal Contract Tower,0,4,3,0,7,0,0,15,0,15,0,4,18,0,22,4,0,4,26
11/23/2014,PAH,KY,ASO,CE,Federal Contract Tower,0,6,5,0,11,0,2,15,0,17,0,8,20,0,28,0,0,0,28
11/24/2014,PAH,KY,ASO,CE,Federal Contract Tower,0,6,3,2,11,0,0,38,4,42,0,6,41,6,53,30,2,32,85
11/25/2014,PAH,KY,ASO,CE,Federal Contract Tower,0,8,12,2,22,0,0,54,9,63,0,8,66,11,85,40,6,46,131
11/26/2014,PAH,KY,ASO,CE,Federal Contract Tower,0,4,13,3,20,0,3,45,5,53,0,7,58,8,73,20,4,24,97
11/27/2014,PAH,KY,ASO,CE,Federal Contract Tower,0,4,3,0,7,0,0,17,0,17,0,4,20,0,24,8,0,8,32
11/28/2014,PAH,KY,ASO,CE,Federal Contract Tower,0,6,6,0,12,0,2,13,0,15,0,8,19,0,27,2,0,2,29
11/29/2014,PAH,KY,ASO,CE,Federal Contract Tower,0,4,6,0,10,0,0,2,0,2,0,4,8,0,12,0,0,0,12
11/30/2014,PAH,KY,ASO,CE,Federal Contract Tower,0,4,7,0,11,0,0,45,0,45,0,4,52,0,56,32,0,32,88
12/02/2014,PAH,KY,ASO,CE,Federal Contract Tower,0,12,24,0,36,0,3,11,4,18,0,15,35,4,54,0,10,10,64
12/03/2014,PAH,KY,ASO,CE,Federal Contract Tower,0,9,11,7,27,0,1,27,3,31,0,10,38,10,58,24,2,26,84
12/04/2014,PAH,KY,ASO,CE,Federal Contract Tower,0,9,6,0,15,0,0,1,0,1,0,9,7,0,16,0,0,0,16
12/05/2014,PAH,KY,ASO,CE,Federal Contract Tower,0,8,8,0,16,0,0,0,0,0,0,8,8,0,16,0,0,0,16
12/06/2014,PAH,KY,ASO,CE,Federal Contract Tower,0,7,14,0,21,0,0,5,2,7,0,7,19,2,28,0,0,0,28
12/07/2014,PAH,KY,ASO,CE,Federal Contract Tower,0,4,8,0,12,0,0,36,2,38,0,4,44,2,50,48,0,48,98
12/08/2014,PAH,KY,ASO,CE,Federal Contract Tower,0,8,15,4,27,0,3,55,6,64,0,11,70,10,91,32,6,38,129
12/09/2014,PAH,KY,ASO,CE,Federal Contract Tower,0,6,12,3,21,0,2,49,5,56,0,8,61,8,77,26,2,28,105
12/10/2014,PAH,KY,ASO,CE,Federal Contract Tower,0,10,19,4,33,0,0,37,7,44,0,10,56,11,77,32,8,40,117
12/11/2014,PAH,KY,ASO,CE,Federal Contract Tower,0,10,29,2,41,0,0,28,0,28,0,10,57,2,69,8,0,8,77
12/12/2014,PAH,KY,ASO,CE,Federal Contract Tower,0,11,15,0,26,0,0,21,0,21,0,11,36,0,47,10,0,10,57
12/13/2014,PAH,KY,ASO,CE,Federal Contract Tower,0,11,14,0,25,0,0,19,0,19,0,11,33,0,44,12,0,12,56
12/14/2014,PAH,KY,ASO,CE,Federal Contract Tower,0,5,7,0,12,0,4,35,2,41,0,9,42,2,53,34,0,34,87
12/15/2014,PAH,KY,ASO,CE,Federal Contract Tower,0,9,15,2,26,0,0,20,6,26,0,9,35,8,52,0,6,6,58
12/16/2014,PAH,KY,ASO,CE,Federal Contract Tower,0,8,10,0,18,0,4,29,9,42,0,12,39,9,60,20,6,26,86
12/17/2014,PAH,KY,ASO,CE,Federal Contract Tower,0,10,23,12,45,0,0,40,2,42,0,10,63,14,87,26,4,30,117
12/18/2014,PAH,KY,ASO,CE,Federal Contract Tower,0,11,8,8,27,0,0,6,0,6,0,11,14,8,33,0,0,0,33
12/19/2014,PAH,KY,ASO,CE,Federal Contract Tower,0,6,15,0,21,0,0,20,0,20,0,6,35,0,41,14,0,14,55
12/20/2014,PAH,KY,ASO,CE,Federal Contract Tower,0,8,10,0,18,0,0,28,0,28,0,8,38,0,46,12,0,12,58
12/21/2014,PAH,KY,ASO,CE,Federal Contract Tower,0,4,7,0,11,0,4,43,2,49,0,8,50,2,60,34,0,34,94
12/22/2014,PAH,KY,ASO,CE,Federal Contract Tower,0,7,6,0,13,0,2,27,4,33,0,9,33,4,46,22,0,22,68
12/23/2014,PAH,KY,ASO,CE,Federal Contract Tower,0,7,7,0,14,0,0,20,0,20,0,7,27,0,34,14,0,14,48
12/24/2014,PAH,KY,ASO,CE,Federal Contract Tower,0,6,3,0,9,0,0,16,0,16,0,6,19,0,25,6,0,6,31
12/25/2014,PAH,KY,ASO,CE,Federal Contract Tower,0,3,0,0,3,0,0,5,0,5,0,3,5,0,8,0,0,0,8
12/26/2014,PAH,KY,ASO,CE,Federal Contract Tower,0,9,14,0,23,0,0,19,0,19,0,9,33,0,42,4,0,4,46
12/27/2014,PAH,KY,ASO,CE,Federal Contract Tower,0,4,15,0,19,0,0,0,0,0,0,4,15,0,19,0,0,0,19
12/28/2014,PAH,KY,ASO,CE,Federal Contract Tower,0,4,11,0,15,0,4,37,0,41,0,8,48,0,56,38,0,38,94
12/29/2014,PAH,KY,ASO,CE,Federal Contract Tower,0,12,6,0,18,0,4,56,2,62,0,16,62,2,80,40,0,40,120
12/30/2014,PAH,KY,ASO,CE,Federal Contract Tower,0,7,5,0,12,0,0,0,2,2,0,7,5,2,14,28,0,28,42
12/31/2014,PAH,KY,ASO,CE,Federal Contract Tower,0,7,10,0,17,0,4,37,0,41,0,11,47,0,58,22,0,22,80
01/01/2015,PAH,KY,ASO,CE,Federal Contract Tower,0,4,2,0,6,0,2,17,2,21,0,6,19,2,27,16,0,16,43
01/02/2015,PAH,KY,ASO,CE,Federal Contract Tower,0,6,7,0,13,0,0,0,0,0,0,6,7,0,13,0,0,0,13
01/03/2015,PAH,KY,ASO,CE,Federal Contract Tower,0,3,1,0,4,0,0,4,0,4,0,3,5,0,8,0,0,0,8
01/04/2015,PAH,KY,ASO,CE,Federal Contract Tower,0,7,8,0,15,0,6,37,0,43,0,13,45,0,58,32,0,32,90
01/05/2015,PAH,KY,ASO,CE,Federal Contract Tower,2,5,6,0,13,0,3,48,7,58,2,8,54,7,71,22,14,36,107
01/06/2015,PAH,KY,ASO,CE,Federal Contract Tower,0,6,9,2,17,0,0,42,4,46,0,6,51,6,63,20,12,32,95
01/07/2015,PAH,KY,ASO,CE,Federal Contract Tower,0,10,14,0,24,0,0,17,0,17,0,10,31,0,41,4,0,4,45
01/08/2015,PAH,KY,ASO,CE,Federal Contract Tower,0,7,13,0,20,0,2,25,9,36,0,9,38,9,56,8,0,8,64
01/09/2015,PAH,KY,ASO,CE,Federal Contract Tower,0,4,9,0,13,0,0,12,0,12,0,4,21,0,25,12,0,12,37
01/10/2015,PAH,KY,ASO,CE,Federal Contract Tower,0,3,14,0,17,0,0,37,0,37,0,3,51,0,54,8,0,8,62
01/11/2015,PAH,KY,ASO,CE,Federal Contract Tower,0,7,2,0,9,0,2,26,0,28,0,9,28,0,37,0,0,0,37
01/12/2015,PAH,KY,ASO,CE,Federal Contract Tower,0,8,0,0,8,0,0,22,8,30,0,8,22,8,38,16,8,24,62
01/13/2015,PAH,KY,ASO,CE,Federal Contract Tower,0,13,9,0,22,0,1,34,4,39,0,14,43,4,61,20,8,28,89
01/14/2015,PAH,KY,ASO,CE,Federal Contract Tower,0,13,10,0,23,0,1,22,0,23,0,14,32,0,46,20,0,20,66
01/15/2015,PAH,KY,ASO,CE,Federal Contract Tower,0,8,12,6,26,0,0,1,2,3,0,8,13,8,29,0,0,0,29
01/16/2015,PAH,KY,ASO,CE,Federal Contract Tower,0,6,11,5,22,0,1,19,6,26,0,7,30,11,48,18,12,30,78
01/17/2015,PAH,KY,ASO,CE,Federal Contract Tower,0,3,14,0,17,0,1,22,0,23,0,4,36,0,40,14,0,14,54
01/18/2015,PAH,KY,ASO,CE,Federal Contract Tower,0,4,7,0,11,0,0,40,0,40,0,4,47,0,51,34,0,34,85
01/19/2015,PAH,KY,ASO,CE,Federal Contract Tower,0,8,14,0,22,0,4,54,6,64,0,12,68,6,86,30,6,36,122
01/20/2015,PAH,KY,ASO,CE,Federal Contract Tower,0,6,4,6,16,0,0,31,6,37,0,6,35,12,53,20,12,32,85
01/21/2015,PAH,KY,ASO,CE,Federal Contract Tower,0,7,8,0,15,0,4,35,2,41,0,11,43,2,56,20,4,24,80
01/22/2015,PAH,KY,ASO,CE,Federal Contract Tower,0,6,9,1,16,0,0,4,1,5,0,6,13,2,21,0,0,0,21
01/23/2015,PAH,KY,ASO,CE,Federal Contract Tower,0,10,12,0,22,0,0,3,0,3,0,10,15,0,25,0,0,0,25
01/24/2015,PAH,KY,ASO,CE,Federal Contract Tower,0,7,3,0,10,0,0,37,0,37,0,7,40,0,47,24,0,24,71
01/25/2015,PAH,KY,ASO,CE,Federal Contract Tower,0,6,11,0,17,0,4,16,0,20,0,10,27,0,37,0,0,0,37
01/26/2015,PAH,KY,ASO,CE,Federal Contract Tower,0,8,3,6,17,0,4,36,8,48,0,12,39,14,65,30,0,30,95
01/27/2015,PAH,KY,ASO,CE,Federal Contract Tower,0,8,21,6,35,0,2,32,4,38,0,10,53,10,73,18,0,18,91
01/28/2015,PAH,KY,ASO,CE,Federal Contract Tower,0,10,3,19,32,0,2,39,7,48,0,12,42,26,80,32,6,38,118
01/29/2015,PAH,KY,ASO,CE,Federal Contract Tower,0,10,12,0,22,0,0,25,6,31,0,10,37,6,53,24,2,26,79
01/30/2015,PAH,KY,ASO,CE,Federal Contract Tower,0,6,12,18,36,0,2,25,0,27,0,8,37,18,63,18,0,18,81
01/31/2015,PAH,KY,ASO,CE,Federal Contract Tower,0,4,8,0,12,0,0,22,0,22,0,4,30,0,34,12,0,12,46
02/01/2015,PAH,KY,ASO,CE,Federal Contract Tower,0,0,0,0,0,0,4,8,0,12,0,4,8,0,12,0,0,0,12
02/02/2015,PAH,KY,ASO,CE,Federal Contract Tower,0,7,14,5,26,0,2,23,12,37,0,9,37,17,63,26,0,26,89
02/03/2015,PAH,KY,ASO,CE,Federal Contract Tower,0,5,8,0,13,0,3,39,5,47,0,8,47,5,60,16,6,22,82
02/07/2015,PAH,KY,ASO,CE,Federal Contract Tower,0,6,7,0,13,0,2,46,2,50,0,8,53,2,63,32,0,32,95
02/08/2015,PAH,KY,ASO,CE,Federal Contract Tower,0,7,8,0,15,0,2,39,2,43,0,9,47,2,58,38,0,38,96
02/09/2015,PAH,KY,ASO,CE,Federal Contract Tower,0,6,3,0,9,0,0,31,7,38,0,6,34,7,47,16,2,18,65
02/10/2015,PAH,KY,ASO,CE,Federal Contract Tower,0,6,15,0,21,0,0,36,4,40,0,6,51,4,61,12,0,12,73
02/11/2015,PAH,KY,ASO,CE,Federal Contract Tower,0,6,9,2,17,0,0,19,0,19,0,6,28,2,36,6,2,8,44
02/12/2015,PAH,KY,ASO,CE,Federal Contract Tower,0,10,8,2,20,0,0,9,0,9,0,10,17,2,29,8,0,8,37
02/13/2015,PAH,KY,ASO,CE,Federal Contract Tower,0,9,7,0,16,0,4,46,0,50,0,13,53,0,66,36,0,36,102
02/14/2015,PAH,KY,ASO,CE,Federal Contract Tower,0,8,4,0,12,0,0,42,2,44,0,8,46,2,56,30,0,30,86
02/15/2015,PAH,KY,ASO,CE,Federal Contract Tower,0,3,11,0,14,0,2,25,2,29,0,5,36,2,43,16,0,16,59
02/16/2015,PAH,KY,ASO,CE,Federal Contract Tower,0,0,0,0,0,0,0,0,0,0,0,0,0,0,0,0,0,0,0
02/17/2015,PAH,KY,ASO,CE,Federal Contract Tower,0,8,5,0,13,0,0,4,0,4,0,8,9,0,17,0,0,0,17
02/18/2015,PAH,KY,ASO,CE,Federal Contract Tower,0,11,1,0,12,0,0,2,0,2,0,11,3,0,14,0,0,0,14
02/19/2015,PAH,KY,ASO,CE,Federal Contract Tower,0,7,13,0,20,0,0,23,0,23,0,7,36,0,43,2,0,2,45
02/20/2015,PAH,KY,ASO,CE,Federal Contract Tower,0,3,0,0,3,0,0,2,0,2,0,3,2,0,5,2,0,2,7
02/21/2015,PAH,KY,ASO,CE,Federal Contract Tower,0,1,0,0,1,0,0,0,0,0,0,1,0,0,1,0,0,0,1
02/22/2015,PAH,KY,ASO,CE,Federal Contract Tower,0,6,5,0,11,0,4,10,0,14,0,10,15,0,25,0,0,0,25
02/23/2015,PAH,KY,ASO,CE,Federal Contract Tower,0,5,12,0,17,0,4,25,4,33,0,9,37,4,50,8,6,14,64
02/24/2015,PAH,KY,ASO,CE,Federal Contract Tower,0,5,10,4,19,0,0,15,4,19,0,5,25,8,38,4,0,4,42
02/25/2015,PAH,KY,ASO,CE,Federal Contract Tower,0,11,16,8,35,0,0,8,4,12,0,11,24,12,47,4,4,8,55
02/26/2015,PAH,KY,ASO,CE,Federal Contract Tower,0,5,7,4,16,0,0,0,0,0,0,5,7,4,16,0,0,0,16
02/27/2015,PAH,KY,ASO,CE,Federal Contract Tower,0,6,11,11,28,0,3,29,8,40,0,9,40,19,68,22,0,22,90
02/28/2015,PAH,KY,ASO,CE,Federal Contract Tower,0,4,9,0,13,0,4,48,2,54,0,8,57,2,67,28,2,30,97
03/01/2015,PAH,KY,ASO,CE,Federal Contract Tower,0,6,3,0,9,0,0,26,2,28,0,6,29,2,37,20,0,20,57
03/02/2015,PAH,KY,ASO,CE,Federal Contract Tower,0,5,10,2,17,0,0,29,5,34,0,5,39,7,51,16,6,22,73
03/03/2015,PAH,KY,ASO,CE,Federal Contract Tower,0,3,6,0,9,0,0,0,0,0,0,3,6,0,9,0,0,0,9
03/04/2015,PAH,KY,ASO,CE,Federal Contract Tower,0,1,0,0,1,0,0,0,0,0,0,1,0,0,1,0,0,0,1
03/05/2015,PAH,KY,ASO,CE,Federal Contract Tower,0,0,0,0,0,0,0,0,0,0,0,0,0,0,0,0,0,0,0
03/06/2015,PAH,KY,ASO,CE,Federal Contract Tower,0,3,13,0,16,0,4,26,2,32,0,7,39,2,48,0,2,2,50
03/07/2015,PAH,KY,ASO,CE,Federal Contract Tower,0,5,6,0,11,0,4,32,2,38,0,9,38,2,49,26,0,26,75
03/08/2015,PAH,KY,ASO,CE,Federal Contract Tower,0,4,7,0,11,0,4,32,2,38,0,8,39,2,49,20,0,20,69
03/09/2015,PAH,KY,ASO,CE,Federal Contract Tower,0,5,14,0,19,0,0,17,4,21,0,5,31,4,40,10,6,16,56
03/10/2015,PAH,KY,ASO,CE,Federal Contract Tower,0,7,8,0,15,0,0,0,0,0,0,7,8,0,15,0,0,0,15
03/11/2015,PAH,KY,ASO,CE,Federal Contract Tower,0,5,27,2,34,0,0,15,4,19,0,5,42,6,53,0,0,0,53
03/13/2015,PAH,KY,ASO,CE,Federal Contract Tower,0,11,9,0,20,0,2,14,4,20,0,13,23,4,40,0,0,0,40
03/14/2015,PAH,KY,ASO,CE,Federal Contract Tower,0,6,1,0,7,0,0,0,0,0,0,6,1,0,7,0,0,0,7
03/15/2015,PAH,KY,ASO,CE,Federal Contract Tower,0,4,8,0,12,0,0,34,0,34,0,4,42,0,46,28,0,28,74
03/16/2015,PAH,KY,ASO,CE,Federal Contract Tower,0,5,5,0,10,0,0,23,2,25,0,5,28,2,35,4,0,4,39
03/17/2015,PAH,KY,ASO,CE,Federal Contract Tower,0,7,2,6,15,0,0,21,0,21,0,7,23,6,36,14,0,14,50
03/18/2015,PAH,KY,ASO,CE,Federal Contract Tower,2,7,16,0,25,0,2,23,2,27,2,9,39,2,52,0,4,4,56
03/19/2015,PAH,KY,ASO,CE,Federal Contract Tower,0,8,13,6,27,0,0,9,0,9,0,8,22,6,36,0,0,0,36
03/20/2015,PAH,KY,ASO,CE,Federal Contract Tower,0,10,14,6,30,0,3,32,7,42,0,13,46,13,72,16,18,34,106
03/21/2015,PAH,KY,ASO,CE,Federal Contract Tower,0,6,11,1,18,0,0,48,1,49,0,6,59,2,67,50,0,50,117
03/22/2015,PAH,KY,ASO,CE,Federal Contract Tower,0,5,10,0,15,0,0,41,2,43,0,5,51,2,58,28,0,28,86
03/23/2015,PAH,KY,ASO,CE,Federal Contract Tower,0,13,18,2,33,0,3,27,4,34,0,16,45,6,67,22,14,36,103
03/24/2015,PAH,KY,ASO,CE,Federal Contract Tower,0,7,12,0,19,0,0,33,4,37,0,7,45,4,56,4,2,6,62
03/25/2015,PAH,KY,ASO,CE,Federal Contract Tower,0,8,12,10,30,0,0,16,0,16,0,8,28,10,46,10,0,10,56
03/26/2015,PAH,KY,ASO,CE,Federal Contract Tower,0,7,6,0,13,0,0,1,0,1,0,7,7,0,14,0,0,0,14
03/27/2015,PAH,KY,ASO,CE,Federal Contract Tower,0,8,8,0,16,0,4,33,4,41,0,12,41,4,57,32,0,32,89
03/28/2015,PAH,KY,ASO,CE,Federal Contract Tower,0,4,5,0,9,0,0,43,0,43,0,4,48,0,52,44,0,44,96
03/29/2015,PAH,KY,ASO,CE,Federal Contract Tower,0,4,0,0,4,0,2,38,0,40,0,6,38,0,44,32,0,32,76
03/30/2015,PAH,KY,ASO,CE,Federal Contract Tower,0,10,10,5,25,0,4,52,6,62,0,14,62,11,87,22,10,32,119
03/31/2015,PAH,KY,ASO,CE,Federal Contract Tower,0,8,9,5,22,0,2,42,5,49,0,10,51,10,71,16,4,20,91
04/01/2015,PAH,KY,ASO,CE,Federal Contract Tower,0,8,11,0,19,0,0,27,0,27,0,8,38,0,46,10,0,10,56
04/02/2015,PAH,KY,ASO,CE,Federal Contract Tower,0,8,5,0,13,0,0,1,0,1,0,8,6,0,14,0,0,0,14
04/03/2015,PAH,KY,ASO,CE,Federal Contract Tower,0,6,8,0,14,0,4,16,4,24,0,10,24,4,38,10,6,16,54
04/04/2015,PAH,KY,ASO,CE,Federal Contract Tower,0,7,6,0,13,0,2,37,0,39,0,9,43,0,52,46,0,46,98
04/05/2015,PAH,KY,ASO,CE,Federal Contract Tower,0,5,7,0,12,0,0,36,0,36,0,5,43,0,48,30,0,30,78
04/06/2015,PAH,KY,ASO,CE,Federal Contract Tower,0,7,10,0,17,0,0,14,4,18,0,7,24,4,35,6,6,12,47
04/07/2015,PAH,KY,ASO,CE,Federal Contract Tower,0,8,14,2,24,0,0,14,0,14,0,8,28,2,38,0,0,0,38
04/08/2015,PAH,KY,ASO,CE,Federal Contract Tower,0,8,10,2,20,0,0,10,0,10,0,8,20,2,30,0,0,0,30
04/09/2015,PAH,KY,ASO,CE,Federal Contract Tower,0,7,7,0,14,0,0,4,0,4,0,7,11,0,18,0,0,0,18
04/10/2015,PAH,KY,ASO,CE,Federal Contract Tower,0,7,11,0,18,0,0,18,0,18,0,7,29,0,36,14,0,14,50
04/11/2015,PAH,KY,ASO,CE,Federal Contract Tower,0,5,10,0,15,0,2,50,0,52,0,7,60,0,67,32,0,32,99
04/13/2015,PAH,KY,ASO,CE,Federal Contract Tower,0,8,13,0,21,0,0,21,4,25,0,8,34,4,46,16,6,22,68
04/14/2015,PAH,KY,ASO,CE,Federal Contract Tower,0,6,16,1,23,0,2,25,9,36,0,8,41,10,59,16,6,22,81
04/15/2015,PAH,KY,ASO,CE,Federal Contract Tower,0,10,13,0,23,0,0,8,0,8,0,10,21,0,31,4,0,4,35
04/16/2015,PAH,KY,ASO,CE,Federal Contract Tower,0,6,16,0,22,0,0,10,0,10,0,6,26,0,32,0,0,0,32
04/17/2015,PAH,KY,ASO,CE,Federal Contract Tower,0,6,8,2,16,0,0,37,8,45,0,6,45,10,61,40,0,40,101
04/18/2015,PAH,KY,ASO,CE,Federal Contract Tower,0,4,10,0,14,0,4,35,0,39,0,8,45,0,53,56,0,56,109
04/19/2015,PAH,KY,ASO,CE,Federal Contract Tower,0,3,0,0,3,0,4,25,0,29,0,7,25,0,32,16,0,16,48
04/20/2015,PAH,KY,ASO,CE,Federal Contract Tower,0,6,11,0,17,0,2,26,4,32,0,8,37,4,49,14,8,22,71
04/21/2015,PAH,KY,ASO,CE,Federal Contract Tower,0,10,9,0,19,0,2,34,4,40,0,12,43,4,59,28,2,30,89
04/22/2015,PAH,KY,ASO,CE,Federal Contract Tower,0,14,20,2,36,0,0,32,2,34,0,14,52,4,70,12,0,12,82
04/23/2015,PAH,KY,ASO,CE,Federal Contract Tower,0,10,11,2,23,0,0,17,0,17,0,10,28,2,40,10,0,10,50
04/24/2015,PAH,KY,ASO,CE,Federal Contract Tower,0,6,9,0,15,0,3,36,2,41,0,9,45,2,56,18,0,18,74
04/25/2015,PAH,KY,ASO,CE,Federal Contract Tower,0,4,5,1,10,0,0,34,4,38,0,4,39,5,48,26,0,26,74
04/26/2015,PAH,KY,ASO,CE,Federal Contract Tower,0,12,5,0,17,0,0,50,0,50,0,12,55,0,67,18,0,18,85
04/27/2015,PAH,KY,ASO,CE,Federal Contract Tower,0,6,14,0,20,0,0,28,6,34,0,6,42,6,54,20,0,20,74
04/28/2015,PAH,KY,ASO,CE,Federal Contract Tower,0,7,11,0,18,0,2,38,2,42,0,9,49,2,60,14,4,18,78
04/29/2015,PAH,KY,ASO,CE,Federal Contract Tower,0,11,13,0,24,0,6,34,4,44,0,17,47,4,68,22,0,22,90
04/30/2015,PAH,KY,ASO,CE,Federal Contract Tower,0,10,7,2,19,0,4,12,0,16,0,14,19,2,35,4,0,4,39
05/01/2015,PAH,KY,ASO,CE,Federal Contract Tower,0,8,12,0,20,0,4,38,0,42,0,12,50,0,62,24,0,24,86
05/02/2015,PAH,KY,ASO,CE,Federal Contract Tower,0,4,5,0,9,0,0,20,0,20,0,4,25,0,29,6,0,6,35
05/03/2015,PAH,KY,ASO,CE,Federal Contract Tower,0,5,8,0,13,0,0,43,0,43,0,5,51,0,56,26,0,26,82
05/04/2015,PAH,KY,ASO,CE,Federal Contract Tower,0,6,7,4,17,0,2,40,2,44,0,8,47,6,61,20,0,20,81
05/05/2015,PAH,KY,ASO,CE,Federal Contract Tower,0,7,8,0,15,0,4,34,4,42,0,11,42,4,57,20,2,22,79
05/06/2015,PAH,KY,ASO,CE,Federal Contract Tower,0,6,8,0,14,0,0,36,4,40,0,6,44,4,54,16,6,22,76
05/07/2015,PAH,KY,ASO,CE,Federal Contract Tower,0,7,12,0,19,0,2,27,2,31,0,9,39,2,50,16,4,20,70
05/08/2015,PAH,KY,ASO,CE,Federal Contract Tower,0,6,9,0,15,0,0,12,0,12,0,6,21,0,27,6,0,6,33
05/09/2015,PAH,KY,ASO,CE,Federal Contract Tower,0,4,5,0,9,0,0,8,0,8,0,4,13,0,17,2,0,2,19
05/10/2015,PAH,KY,ASO,CE,Federal Contract Tower,0,3,9,0,12,0,0,33,0,33,0,3,42,0,45,22,0,22,67
05/11/2015,PAH,KY,ASO,CE,Federal Contract Tower,0,6,3,0,9,0,0,41,3,44,0,6,44,3,53,28,6,34,87
05/12/2015,PAH,KY,ASO,CE,Federal Contract Tower,0,6,6,0,12,0,2,49,4,55,0,8,55,4,67,30,0,30,97
05/13/2015,PAH,KY,ASO,CE,Federal Contract Tower,0,14,11,5,30,0,0,30,6,36,0,14,41,11,66,12,0,12,78
05/14/2015,PAH,KY,ASO,CE,Federal Contract Tower,0,7,11,2,20,0,0,28,3,31,0,7,39,5,51,14,4,18,69
05/15/2015,PAH,KY,ASO,CE,Federal Contract Tower,0,7,16,0,23,0,0,11,0,11,0,7,27,0,34,10,0,10,44
05/16/2015,PAH,KY,ASO,CE,Federal Contract Tower,0,7,5,0,12,0,0,0,0,0,0,7,5,0,12,0,0,0,12
05/17/2015,PAH,KY,ASO,CE,Federal Contract Tower,0,4,2,0,6,0,0,28,0,28,0,4,30,0,34,24,0,24,58
05/18/2015,PAH,KY,ASO,CE,Federal Contract Tower,0,8,8,0,16,0,2,38,6,46,0,10,46,6,62,18,0,18,80
05/19/2015,PAH,KY,ASO,CE,Federal Contract Tower,0,9,11,2,22,0,0,37,2,39,0,9,48,4,61,34,0,34,95
05/20/2015,PAH,KY,ASO,CE,Federal Contract Tower,0,9,9,0,18,0,0,25,2,27,0,9,34,2,45,12,4,16,61
05/21/2015,PAH,KY,ASO,CE,Federal Contract Tower,0,6,16,0,22,0,2,20,0,22,0,8,36,0,44,12,0,12,56
05/22/2015,PAH,KY,ASO,CE,Federal Contract Tower,0,6,9,0,15,0,0,20,0,20,0,6,29,0,35,4,0,4,39
05/23/2015,PAH,KY,ASO,CE,Federal Contract Tower,0,4,4,0,8,0,0,28,0,28,0,4,32,0,36,0,0,0,36
05/25/2015,PAH,KY,ASO,CE,Federal Contract Tower,0,4,9,0,13,0,4,36,0,40,0,8,45,0,53,20,0,20,73
05/26/2015,PAH,KY,ASO,CE,Federal Contract Tower,0,6,9,0,15,0,0,40,2,42,0,6,49,2,57,16,0,16,73
05/27/2015,PAH,KY,ASO,CE,Federal Contract Tower,0,8,12,0,20,0,1,40,2,43,0,9,52,2,63,14,0,14,77
05/28/2015,PAH,KY,ASO,CE,Federal Contract Tower,0,9,20,0,29,0,0,36,4,40,0,9,56,4,69,26,4,30,99
05/29/2015,PAH,KY,ASO,CE,Federal Contract Tower,0,8,13,1,22,0,0,21,4,25,0,8,34,5,47,18,0,18,65
05/30/2015,PAH,KY,ASO,CE,Federal Contract Tower,0,4,3,0,7,0,0,10,0,10,0,4,13,0,17,6,0,6,23
05/31/2015,PAH,KY,ASO,CE,Federal Contract Tower,0,5,7,0,12,0,0,29,0,29,0,5,36,0,41,12,0,12,53
06/01/2015,PAH,KY,ASO,CE,Federal Contract Tower,0,6,6,0,12,0,2,29,6,37,0,8,35,6,49,26,0,26,75
06/02/2015,PAH,KY,ASO,CE,Federal Contract Tower,0,6,11,7,24,0,0,37,5,42,0,6,48,12,66,12,6,18,84
06/03/2015,PAH,KY,ASO,CE,Federal Contract Tower,0,7,12,0,19,0,2,36,4,42,0,9,48,4,61,26,4,30,91
06/04/2015,PAH,KY,ASO,CE,Federal Contract Tower,0,5,10,2,17,0,2,26,2,30,0,7,36,4,47,14,0,14,61
06/05/2015,PAH,KY,ASO,CE,Federal Contract Tower,0,5,3,4,12,0,0,10,0,10,0,5,13,4,22,0,0,0,22
06/06/2015,PAH,KY,ASO,CE,Federal Contract Tower,0,4,4,0,8,0,0,16,0,16,0,4,20,0,24,6,0,6,30
06/07/2015,PAH,KY,ASO,CE,Federal Contract Tower,0,3,8,0,11,0,2,31,2,35,0,5,39,2,46,26,0,26,72
06/08/2015,PAH,KY,ASO,CE,Federal Contract Tower,0,7,9,0,16,0,2,36,0,38,0,9,45,0,54,26,0,26,80
06/09/2015,PAH,KY,ASO,CE,Federal Contract Tower,0,5,8,2,15,0,1,40,6,47,0,6,48,8,62,22,12,34,96
06/10/2015,PAH,KY,ASO,CE,Federal Contract Tower,0,7,11,2,20,0,4,43,4,51,0,11,54,6,71,24,4,28,99
06/11/2015,PAH,KY,ASO,CE,Federal Contract Tower,0,5,20,3,28,0,2,39,3,44,0,7,59,6,72,20,4,24,96
06/12/2015,PAH,KY,ASO,CE,Federal Contract Tower,0,4,19,0,23,0,0,21,0,21,0,4,40,0,44,4,0,4,48
06/13/2015,PAH,KY,ASO,CE,Federal Contract Tower,0,2,1,0,3,0,0,17,0,17,0,2,18,0,20,12,0,12,32
06/14/2015,PAH,KY,ASO,CE,Federal Contract Tower,0,2,11,0,13,0,2,38,2,42,0,4,49,2,55,24,0,24,79
06/15/2015,PAH,KY,ASO,CE,Federal Contract Tower,0,5,10,2,17,0,0,41,6,47,0,5,51,8,64,34,2,36,100
06/17/2015,PAH,KY,ASO,CE,Federal Contract Tower,0,8,16,2,26,0,4,39,6,49,0,12,55,8,75,12,4,16,91
06/18/2015,PAH,KY,ASO,CE,Federal Contract Tower,0,6,11,0,17,0,0,26,2,28,0,6,37,2,45,12,0,12,57
06/19/2015,PAH,KY,ASO,CE,Federal Contract Tower,0,7,3,0,10,0,1,0,0,1,0,8,3,0,11,0,0,0,11
06/20/2015,PAH,KY,ASO,CE,Federal Contract Tower,0,3,2,0,5,0,0,15,0,15,0,3,17,0,20,0,0,0,20
06/21/2015,PAH,KY,ASO,CE,Federal Contract Tower,0,3,7,0,10,0,0,24,0,24,0,3,31,0,34,12,0,12,46
06/22/2015,PAH,KY,ASO,CE,Federal Contract Tower,0,7,9,0,16,0,2,25,4,31,0,9,34,4,47,10,0,10,57
06/23/2015,PAH,KY,ASO,CE,Federal Contract Tower,0,7,13,0,20,0,0,21,2,23,0,7,34,2,43,0,16,16,59
06/24/2015,PAH,KY,ASO,CE,Federal Contract Tower,0,7,3,0,10,0,0,12,6,18,0,7,15,6,28,0,0,0,28
06/25/2015,PAH,KY,ASO,CE,Federal Contract Tower,0,8,18,0,26,0,2,22,0,24,0,10,40,0,50,16,0,16,66
06/26/2015,PAH,KY,ASO,CE,Federal Contract Tower,0,4,16,0,20,0,0,6,0,6,0,4,22,0,26,2,0,2,28
06/27/2015,PAH,KY,ASO,CE,Federal Contract Tower,0,2,8,0,10,0,0,16,0,16,0,2,24,0,26,0,0,0,26
06/28/2015,PAH,KY,ASO,CE,Federal Contract Tower,0,5,12,0,17,0,0,24,0,24,0,5,36,0,41,28,0,28,69
06/29/2015,PAH,KY,ASO,CE,Federal Contract Tower,0,10,9,0,19,0,4,42,0,46,0,14,51,0,65,32,0,32,97
06/30/2015,PAH,KY,ASO,CE,Federal Contract Tower,0,7,11,0,18,0,2,31,2,35,0,9,42,2,53,18,0,18,71
07/01/2015,PAH,KY,ASO,CE,Federal Contract Tower,0,5,18,4,27,0,0,41,6,47,0,5,59,10,74,20,6,26,100
07/02/2015,PAH,KY,ASO,CE,Federal Contract Tower,0,9,15,0,24,0,1,26,4,31,0,10,41,4,55,54,6,60,115
07/03/2015,PAH,KY,ASO,CE,Federal Contract Tower,0,7,4,0,11,0,0,5,0,5,0,7,9,0,16,0,0,0,16
07/04/2015,PAH,KY,ASO,CE,Federal Contract Tower,0,4,7,0,11,0,0,4,0,4,0,4,11,0,15,0,0,0,15
07/05/2015,PAH,KY,ASO,CE,Federal Contract Tower,0,6,12,0,18,0,6,34,0,40,0,12,46,0,58,22,0,22,80
07/06/2015,PAH,KY,ASO,CE,Federal Contract Tower,0,7,13,0,20,0,0,47,6,53,0,7,60,6,73,20,8,28,101
07/07/2015,PAH,KY,ASO,CE,Federal Contract Tower,0,5,10,0,15,0,4,33,2,39,0,9,43,2,54,12,4,16,70
07/08/2015,PAH,KY,ASO,CE,Federal Contract Tower,0,6,11,8,25,0,0,29,6,35,0,6,40,14,60,24,4,28,88
07/09/2015,PAH,KY,ASO,CE,Federal Contract Tower,0,8,17,0,25,0,4,36,4,44,0,12,53,4,69,14,4,18,87
07/10/2015,PAH,KY,ASO,CE,Federal Contract Tower,0,9,9,0,18,0,0,17,0,17,0,9,26,0,35,4,0,4,39
07/11/2015,PAH,KY,ASO,CE,Federal Contract Tower,0,5,8,0,13,0,2,9,0,11,0,7,17,0,24,4,0,4,28
07/12/2015,PAH,KY,ASO,CE,Federal Contract Tower,0,4,7,12,23,0,3,34,0,37,0,7,41,12,60,28,0,28,88
07/13/2015,PAH,KY,ASO,CE,Federal Contract Tower,0,9,10,0,19,0,4,51,6,61,0,13,61,6,80,28,2,30,110
07/14/2015,PAH,KY,ASO,CE,Federal Contract Tower,0,10,10,2,22,0,46,6,0,52,0,56,16,2,74,22,12,34,108
07/15/2015,PAH,KY,ASO,CE,Federal Contract Tower,0,10,14,10,34,0,4,51,6,61,0,14,65,16,95,22,6,28,123
07/16/2015,PAH,KY,ASO,CE,Federal Contract Tower,0,6,18,2,26,0,2,43,4,49,0,8,61,6,75,20,2,22,97
07/17/2015,PAH,KY,ASO,CE,Federal Contract Tower,0,8,20,2,30,0,2,29,0,31,0,10,49,2,61,10,0,10,71
07/18/2015,PAH,KY,ASO,CE,Federal Contract Tower,0,4,9,2,15,0,0,17,0,17,0,4,26,2,32,18,0,18,50
07/19/2015,PAH,KY,ASO,CE,Federal Contract Tower,0,6,14,0,20,0,0,40,2,42,0,6,54,2,62,22,0,22,84
07/20/2015,PAH,KY,ASO,CE,Federal Contract Tower,0,9,8,4,21,0,0,47,6,53,0,9,55,10,74,30,2,32,106
07/21/2015,PAH,KY,ASO,CE,Federal Contract Tower,0,9,12,6,27,0,0,49,1,50,0,9,61,7,77,28,6,34,111
07/22/2015,PAH,KY,ASO,CE,Federal Contract Tower,0,6,14,4,24,0,0,50,4,54,0,6,64,8,78,18,4,22,100
07/23/2015,PAH,KY,ASO,CE,Federal Contract Tower,0,6,17,3,26,0,0,16,0,16,0,6,33,3,42,6,0,6,48
07/24/2015,PAH,KY,ASO,CE,Federal Contract Tower,0,6,10,0,16,0,3,41,2,46,0,9,51,2,62,22,4,26,88
07/25/2015,PAH,KY,ASO,CE,Federal Contract Tower,0,6,10,0,16,0,0,22,0,22,0,6,32,0,38,10,0,10,48
07/26/2015,PAH,KY,ASO,CE,Federal Contract Tower,0,4,10,0,14,0,2,41,0,43,0,6,51,0,57,18,0,18,75
07/27/2015,PAH,KY,ASO,CE,Federal Contract Tower,0,6,12,0,18,0,2,49,6,57,0,8,61,6,75,26,4,30,105
07/28/2015,PAH,KY,ASO,CE,Federal Contract Tower,0,7,12,0,19,0,2,43,3,48,0,9,55,3,67,24,4,28,95
07/29/2015,PAH,KY,ASO,CE,Federal Contract Tower,0,7,6,2,15,0,0,34,2,36,0,7,40,4,51,16,0,16,67
07/31/2015,PAH,KY,ASO,CE,Federal Contract Tower,0,9,14,0,23,0,2,21,0,23,0,11,35,0,46,10,0,10,56
08/01/2015,PAH,KY,ASO,CE,Federal Contract Tower,0,4,4,0,8,0,0,26,0,26,0,4,30,0,34,20,0,20,54
08/02/2015,PAH,KY,ASO,CE,Federal Contract Tower,0,5,3,0,8,0,2,30,0,32,0,7,33,0,40,20,0,20,60
08/03/2015,PAH,KY,ASO,CE,Federal Contract Tower,0,6,13,0,19,0,2,46,4,52,0,8,59,4,71,28,4,32,103
08/04/2015,PAH,KY,ASO,CE,Federal Contract Tower,0,7,13,6,26,0,4,51,4,59,0,11,64,10,85,32,8,40,125
08/05/2015,PAH,KY,ASO,CE,Federal Contract Tower,0,6,8,0,14,0,0,21,2,23,0,6,29,2,37,10,0,10,47
08/06/2015,PAH,KY,ASO,CE,Federal Contract Tower,0,11,15,1,27,0,2,21,5,28,0,13,36,6,55,6,6,12,67
08/07/2015,PAH,KY,ASO,CE,Federal Contract Tower,0,6,7,7,20,0,0,17,1,18,0,6,24,8,38,4,0,4,42
08/08/2015,PAH,KY,ASO,CE,Federal Contract Tower,0,6,5,0,11,0,0,19,0,19,0,6,24,0,30,8,0,8,38
08/09/2015,PAH,KY,ASO,CE,Federal Contract Tower,0,4,7,0,11,0,2,45,0,47,0,6,52,0,58,32,0,32,90
08/10/2015,PAH,KY,ASO,CE,Federal Contract Tower,0,4,11,0,15,0,4,38,6,48,0,8,49,6,63,30,8,38,101
08/11/2015,PAH,KY,ASO,CE,Federal Contract Tower,0,6,9,0,15,0,0,50,4,54,0,6,59,4,69,26,6,32,101
08/12/2015,PAH,KY,ASO,CE,Federal Contract Tower,0,6,8,0,14,0,2,43,4,49,0,8,51,4,63,20,0,20,83
08/13/2015,PAH,KY,ASO,CE,Federal Contract Tower,0,6,14,0,20,0,2,36,4,42,0,8,50,4,62,16,4,20,82
08/14/2015,PAH,KY,ASO,CE,Federal Contract Tower,0,9,3,0,12,0,0,21,0,21,0,9,24,0,33,0,0,0,33
08/15/2015,PAH,KY,ASO,CE,Federal Contract Tower,0,5,11,0,16,0,0,20,0,20,0,5,31,0,36,6,0,6,42
08/16/2015,PAH,KY,ASO,CE,Federal Contract Tower,0,4,2,0,6,0,6,47,0,53,0,10,49,0,59,30,0,30,89
08/17/2015,PAH,KY,ASO,CE,Federal Contract Tower,0,7,10,0,17,0,2,46,4,52,0,9,56,4,69,28,4,32,101
08/18/2015,PAH,KY,ASO,CE,Federal Contract Tower,0,5,12,0,17,0,4,43,0,47,0,9,55,0,64,38,0,38,102
08/19/2015,PAH,KY,ASO,CE,Federal Contract Tower,0,6,10,0,16,0,2,40,6,48,0,8,50,6,64,18,2,20,84
08/20/2015,PAH,KY,ASO,CE,Federal Contract Tower,0,8,9,0,17,0,0,36,2,38,0,8,45,2,55,16,0,16,71
08/21/2015,PAH,KY,ASO,CE,Federal Contract Tower,0,9,5,10,24,0,0,23,2,25,0,9,28,12,49,12,0,12,61
08/22/2015,PAH,KY,ASO,CE,Federal Contract Tower,0,4,4,0,8,0,0,13,0,13,0,4,17,0,21,6,0,6,27
08/23/2015,PAH,KY,ASO,CE,Federal Contract Tower,0,6,7,0,13,0,2,27,0,29,0,8,34,0,42,10,0,10,52
08/24/2015,PAH,KY,ASO,CE,Federal Contract Tower,2,8,8,0,18,0,2,49,0,51,2,10,57,0,69,30,0,30,99
08/25/2015,PAH,KY,ASO,CE,Federal Contract Tower,0,5,6,0,11,0,4,44,4,52,0,9,50,4,63,24,2,26,89
08/26/2015,PAH,KY,ASO,CE,Federal Contract Tower,0,8,11,8,27,0,2,37,4,43,0,10,48,12,70,16,8,24,94
08/27/2015,PAH,KY,ASO,CE,Federal Contract Tower,0,6,8,6,20,0,1,31,2,34,0,7,39,8,54,20,4,24,78
08/28/2015,PAH,KY,ASO,CE,Federal Contract Tower,0,10,10,0,20,0,1,17,0,18,0,11,27,0,38,16,0,16,54
08/29/2015,PAH,KY,ASO,CE,Federal Contract Tower,0,5,0,0,5,0,0,16,0,16,0,5,16,0,21,12,0,12,33
08/30/2015,PAH,KY,ASO,CE,Federal Contract Tower,0,3,6,0,9,0,3,36,0,39,0,6,42,0,48,30,0,30,78
08/31/2015,PAH,KY,ASO,CE,Federal Contract Tower,0,7,12,8,27,0,2,49,3,54,0,9,61,11,81,26,14,40,121
09/01/2015,PAH,KY,ASO,CE,Federal Contract Tower,0,8,9,0,17,0,4,46,6,56,0,12,55,6,73,26,4,30,103
09/02/2015,PAH,KY,ASO,CE,Federal Contract Tower,0,9,15,2,26,0,2,51,2,55,0,11,66,4,81,20,0,20,101
09/03/2015,PAH,KY,ASO,CE,Federal Contract Tower,0,9,12,0,21,0,0,30,6,36,0,9,42,6,57,14,4,18,75
09/04/2015,PAH,KY,ASO,CE,Federal Contract Tower,0,12,15,0,27,0,2,18,0,20,0,14,33,0,47,6,0,6,53
09/05/2015,PAH,KY,ASO,CE,Federal Contract Tower,0,8,5,0,13,0,0,33,0,33,0,8,38,0,46,22,0,22,68
09/06/2015,PAH,KY,ASO,CE,Federal Contract Tower,0,4,4,0,8,0,4,43,0,47,0,8,47,0,55,34,0,34,89
09/07/2015,PAH,KY,ASO,CE,Federal Contract Tower,0,4,6,0,10,0,0,24,0,24,0,4,30,0,34,8,0,8,42
09/08/2015,PAH,KY,ASO,CE,Federal Contract Tower,0,5,12,0,17,0,0,21,2,23,0,5,33,2,40,6,0,6,46
09/09/2015,PAH,KY,ASO,CE,Federal Contract Tower,0,6,11,4,21,0,0,9,0,9,0,6,20,4,30,0,0,0,30
09/10/2015,PAH,KY,ASO,CE,Federal Contract Tower,0,6,20,0,26,0,0,26,0,26,0,6,46,0,52,12,0,12,64
09/11/2015,PAH,KY,ASO,CE,Federal Contract Tower,0,8,12,0,20,0,0,9,0,9,0,8,21,0,29,0,0,0,29
09/12/2015,PAH,KY,ASO,CE,Federal Contract Tower,0,7,4,0,11,0,2,16,0,18,0,9,20,0,29,14,0,14,43
09/13/2015,PAH,KY,ASO,CE,Federal Contract Tower,0,5,14,0,19,0,0,47,0,47,0,5,61,0,66,28,0,28,94
09/14/2015,PAH,KY,ASO,CE,Federal Contract Tower,0,10,12,4,26,0,1,55,4,60,0,11,67,8,86,32,0,32,118
09/15/2015,PAH,KY,ASO,CE,Federal Contract Tower,0,16,6,4,26,0,2,44,4,50,0,18,50,8,76,24,0,24,100
09/16/2015,PAH,KY,ASO,CE,Federal Contract Tower,0,8,17,4,29,0,0,35,4,39,0,8,52,8,68,16,0,16,84
09/17/2015,PAH,KY,ASO,CE,Federal Contract Tower,0,5,25,0,30,0,2,41,2,45,0,7,66,2,75,16,4,20,95
09/18/2015,PAH,KY,ASO,CE,Federal Contract Tower,2,5,14,0,21,0,0,28,1,29,2,5,42,1,50,2,0,2,52
09/19/2015,PAH,KY,ASO,CE,Federal Contract Tower,0,6,7,0,13,0,0,13,0,13,0,6,20,0,26,0,0,0,26
09/20/2015,PAH,KY,ASO,CE,Federal Contract Tower,0,6,9,0,15,0,0,60,0,60,0,6,69,0,75,8,0,8,83
09/21/2015,PAH,KY,ASO,CE,Federal Contract Tower,0,11,12,0,23,0,0,22,0,22,0,11,34,0,45,12,0,12,57
09/22/2015,PAH,KY,ASO,CE,Federal Contract Tower,0,8,11,1,20,0,0,18,2,20,0,8,29,3,40,20,0,20,60
09/23/2015,PAH,KY,ASO,CE,Federal Contract Tower,0,6,16,0,22,0,2,30,2,34,0,8,46,2,56,18,0,18,74
09/24/2015,PAH,KY,ASO,CE,Federal Contract Tower,0,6,17,0,23,0,2,10,0,12,0,8,27,0,35,10,0,10,45
09/25/2015,PAH,KY,ASO,CE,Federal Contract Tower,0,9,14,0,23,0,1,10,0,11,0,10,24,0,34,0,0,0,34
09/26/2015,PAH,KY,ASO,CE,Federal Contract Tower,0,5,14,0,19,0,0,2,0,2,0,5,16,0,21,0,0,0,21
09/27/2015,PAH,KY,ASO,CE,Federal Contract Tower,0,4,9,0,13,0,0,34,2,36,0,4,43,2,49,36,0,36,85
09/28/2015,PAH,KY,ASO,CE,Federal Contract Tower,0,6,16,0,22,0,4,44,6,54,0,10,60,6,76,32,2,34,110
09/29/2015,PAH,KY,ASO,CE,Federal Contract Tower,0,10,8,3,21,0,39,8,0,47,0,49,16,3,68,20,8,28,96
09/30/2015,PAH,KY,ASO,CE,Federal Contract Tower,0,7,12,0,19,0,2,34,2,38,0,9,46,2,57,12,2,14,71
10/01/2015,PAH,KY,ASO,CE,Federal Contract Tower,0,6,16,3,25,0,0,44,3,47,0,6,60,6,72,24,2,26,98
10/02/2015,PAH,KY,ASO,CE,Federal Contract Tower,0,6,8,5,19,0,0,5,1,6,0,6,13,6,25,0,8,8,33
10/03/2015,PAH,KY,ASO,CE,Federal Contract Tower,0,9,5,0,14,0,0,2,0,2,0,9,7,0,16,0,0,0,16
10/04/2015,PAH,KY,ASO,CE,Federal Contract Tower,0,6,9,7,22,0,2,30,0,32,0,8,39,7,54,20,0,20,74
10/05/2015,PAH,KY,ASO,CE,Federal Contract Tower,0,8,8,0,16,0,2,44,6,52,0,10,52,6,68,26,0,26,94
10/06/2015,PAH,KY,ASO,CE,Federal Contract Tower,0,6,14,10,30,0,1,38,4,43,0,7,52,14,73,26,4,30,103
10/07/2015,PAH,KY,ASO,CE,Federal Contract Tower,0,9,33,0,42,0,2,39,2,43,0,11,72,2,85,24,0,24,109
10/08/2015,PAH,KY,ASO,CE,Federal Contract Tower,0,9,11,0,20,0,0,19,0,19,0,9,30,0,39,0,0,0,39
10/09/2015,PAH,KY,ASO,CE,Federal Contract Tower,0,8,14,0,22,0,4,5,0,9,0,12,19,0,31,0,0,0,31
10/10/2015,PAH,KY,ASO,CE,Federal Contract Tower,0,11,9,0,20,0,2,18,0,20,0,13,27,0,40,4,0,4,44
10/11/2015,PAH,KY,ASO,CE,Federal Contract Tower,0,6,13,0,19,0,0,46,0,46,0,6,59,0,65,34,0,34,99
10/12/2015,PAH,KY,ASO,CE,Federal Contract Tower,0,9,11,7,27,0,0,42,4,46,0,9,53,11,73,22,0,22,95
10/13/2015,PAH,KY,ASO,CE,Federal Contract Tower,0,7,7,0,14,0,2,42,6,50,0,9,49,6,64,22,8,30,94
10/14/2015,PAH,KY,ASO,CE,Federal Contract Tower,0,7,13,6,26,0,0,31,4,35,0,7,44,10,61,14,6,20,81
10/15/2015,PAH,KY,ASO,CE,Federal Contract Tower,0,8,5,4,17,0,2,30,2,34,0,10,35,6,51,18,0,18,69
10/16/2015,PAH,KY,ASO,CE,Federal Contract Tower,0,6,9,10,25,0,1,31,8,40,0,7,40,18,65,14,0,14,79
10/17/2015,PAH,KY,ASO,CE,Federal Contract Tower,0,3,2,0,5,0,0,15,0,15,0,3,17,0,20,6,0,6,26
10/18/2015,PAH,KY,ASO,CE,Federal Contract Tower,0,6,7,0,13,0,1,44,0,45,0,7,51,0,58,30,0,30,88
10/19/2015,PAH,KY,ASO,CE,Federal Contract Tower,0,6,12,0,18,0,0,51,6,57,0,6,63,6,75,18,10,28,103
10/20/2015,PAH,KY,ASO,CE,Federal Contract Tower,0,10,24,8,42,0,2,50,2,54,0,12,74,10,96,26,2,28,124
10/21/2015,PAH,KY,ASO,CE,Federal Contract Tower,0,6,10,2,18,0,0,36,5,41,0,6,46,7,59,18,3,21,80
10/22/2015,PAH,KY,ASO,CE,Federal Contract Tower,0,9,3,2,14,0,1,11,1,13,0,10,14,3,27,0,0,0,27
10/23/2015,PAH,KY,ASO,CE,Federal Contract Tower,0,13,14,2,29,0,0,15,0,15,0,13,29,2,44,0,0,0,44
10/24/2015,PAH,KY,ASO,CE,Federal Contract Tower,0,4,5,0,9,0,0,2,0,2,0,4,7,0,11,0,0,0,11
10/25/2015,PAH,KY,ASO,CE,Federal Contract Tower,0,10,3,0,13,0,4,28,0,32,0,14,31,0,45,8,0,8,53
10/26/2015,PAH,KY,ASO,CE,Federal Contract Tower,0,7,13,0,20,0,4,23,4,31,0,11,36,4,51,0,0,0,51
10/27/2015,PAH,KY,ASO,CE,Federal Contract Tower,0,8,11,0,19,0,0,7,0,7,0,8,18,0,26,0,0,0,26
10/28/2015,PAH,KY,ASO,CE,Federal Contract Tower,0,8,13,10,31,0,0,17,2,19,0,8,30,12,50,0,4,4,54
10/29/2015,PAH,KY,ASO,CE,Federal Contract Tower,0,9,4,0,13,0,6,38,4,48,0,15,42,4,61,8,8,16,77
10/30/2015,PAH,KY,ASO,CE,Federal Contract Tower,0,6,12,0,18,0,2,24,0,26,0,8,36,0,44,0,0,0,44
10/31/2015,PAH,KY,ASO,CE,Federal Contract Tower,0,4,0,0,4,0,0,2,0,2,0,4,2,0,6,0,0,0,6
11/01/2015,PAH,KY,ASO,CE,Federal Contract Tower,0,5,10,0,15,0,4,21,0,25,0,9,31,0,40,0,0,0,40
11/02/2015,PAH,KY,ASO,CE,Federal Contract Tower,0,5,13,0,18,0,2,30,0,32,0,7,43,0,50,16,0,16,66
11/03/2015,PAH,KY,ASO,CE,Federal Contract Tower,0,7,9,0,16,0,0,28,4,32,0,7,37,4,48,8,8,16,64
11/04/2015,PAH,KY,ASO,CE,Federal Contract Tower,0,6,25,0,31,0,0,47,2,49,0,6,72,2,80,24,0,24,104
11/05/2015,PAH,KY,ASO,CE,Federal Contract Tower,0,8,7,2,17,0,0,25,6,31,0,8,32,8,48,12,0,12,60
11/06/2015,PAH,KY,ASO,CE,Federal Contract Tower,0,7,7,0,14,0,0,13,0,13,0,7,20,0,27,0,0,0,27
11/07/2015,PAH,KY,ASO,CE,Federal Contract Tower,0,11,7,0,18,0,4,31,0,35,0,15,38,0,53,0,0,0,53
11/08/2015,PAH,KY,ASO,CE,Federal Contract Tower,0,4,11,0,15,0,2,31,0,33,0,6,42,0,48,12,0,12,60
11/09/2015,PAH,KY,ASO,CE,Federal Contract Tower,0,8,16,3,27,0,0,40,6,46,0,8,56,9,73,22,8,30,103
11/10/2015,PAH,KY,ASO,CE,Federal Contract Tower,0,8,19,2,29,0,2,36,4,42,0,10,55,6,71,24,2,26,97
11/11/2015,PAH,KY,ASO,CE,Federal Contract Tower,0,6,16,0,22,0,2,26,2,30,0,8,42,2,52,22,0,22,74
11/12/2015,PAH,KY,ASO,CE,Federal Contract Tower,0,8,17,0,25,0,2,27,0,29,0,10,44,0,54,4,0,4,58
11/13/2015,PAH,KY,ASO,CE,Federal Contract Tower,0,7,14,0,21,0,3,19,1,23,0,10,33,1,44,12,0,12,56
11/14/2015,PAH,KY,ASO,CE,Federal Contract Tower,0,4,4,0,8,0,0,11,0,11,0,4,15,0,19,6,0,6,25
11/15/2015,PAH,KY,ASO,CE,Federal Contract Tower,0,4,7,0,11,0,1,39,0,40,0,5,46,0,51,16,0,16,67
11/16/2015,PAH,KY,ASO,CE,Federal Contract Tower,0,6,8,4,18,0,0,36,6,42,0,6,44,10,60,14,12,26,86
11/17/2015,PAH,KY,ASO,CE,Federal Contract Tower,0,6,5,0,11,0,0,37,6,43,0,6,42,6,54,20,0,20,74
11/18/2015,PAH,KY,ASO,CE,Federal Contract Tower,0,4,5,2,11,0,0,19,2,21,0,4,24,4,32,2,4,6,38
11/19/2015,PAH,KY,ASO,CE,Federal Contract Tower,0,6,16,2,24,0,3,24,2,29,0,9,40,4,53,14,0,14,67
11/20/2015,PAH,KY,ASO,CE,Federal Contract Tower,0,8,7,0,15,0,0,27,0,27,0,8,34,0,42,4,0,4,46
11/21/2015,PAH,KY,ASO,CE,Federal Contract Tower,0,0,6,0,6,0,0,5,0,5,0,0,11,0,11,2,0,2,13
11/22/2015,PAH,KY,ASO,CE,Federal Contract Tower,0,6,4,0,10,0,0,37,0,37,0,6,41,0,47,28,0,28,75
11/23/2015,PAH,KY,ASO,CE,Federal Contract Tower,0,11,17,6,34,0,0,54,0,54,0,11,71,6,88,28,0,28,116
11/24/2015,PAH,KY,ASO,CE,Federal Contract Tower,0,8,14,0,22,0,1,44,4,49,0,9,58,4,71,36,0,36,107
11/26/2015,PAH,KY,ASO,CE,Federal Contract Tower,0,5,2,0,7,0,0,6,0,6,0,5,8,0,13,0,0,0,13
11/27/2015,PAH,KY,ASO,CE,Federal Contract Tower,0,7,5,0,12,0,0,1,0,1,0,7,6,0,13,0,0,0,13
11/28/2015,PAH,KY,ASO,CE,Federal Contract Tower,0,4,7,0,11,0,0,0,0,0,0,4,7,0,11,0,0,0,11
11/29/2015,PAH,KY,ASO,CE,Federal Contract Tower,0,4,3,0,7,0,0,0,0,0,0,4,3,0,7,0,0,0,7
11/30/2015,PAH,KY,ASO,CE,Federal Contract Tower,0,8,6,0,14,0,0,0,0,0,0,8,6,0,14,0,0,0,14
12/01/2015,PAH,KY,ASO,CE,Federal Contract Tower,0,16,11,0,27,0,0,47,2,49,0,16,58,2,76,30,4,34,110
12/02/2015,PAH,KY,ASO,CE,Federal Contract Tower,0,6,10,0,16,0,0,0,0,0,0,6,10,0,16,8,8,16,32
12/03/2015,PAH,KY,ASO,CE,Federal Contract Tower,0,8,7,0,15,0,0,19,2,21,0,8,26,2,36,4,0,4,40
12/04/2015,PAH,KY,ASO,CE,Federal Contract Tower,0,7,12,0,19,0,0,26,0,26,0,7,38,0,45,0,0,0,45
12/05/2015,PAH,KY,ASO,CE,Federal Contract Tower,0,8,6,0,14,0,0,19,0,19,0,8,25,0,33,6,0,6,39
12/06/2015,PAH,KY,ASO,CE,Federal Contract Tower,0,4,7,0,11,0,0,25,0,25,0,4,32,0,36,24,0,24,60
12/07/2015,PAH,KY,ASO,CE,Federal Contract Tower,0,10,14,0,24,0,2,37,4,43,0,12,51,4,67,28,0,28,95
12/08/2015,PAH,KY,ASO,CE,Federal Contract Tower,0,10,12,0,22,0,2,40,6,48,0,12,52,6,70,26,6,32,102
12/09/2015,PAH,KY,ASO,CE,Federal Contract Tower,0,11,16,6,33,0,4,42,6,52,0,15,58,12,85,28,8,36,121
12/10/2015,PAH,KY,ASO,CE,Federal Contract Tower,0,14,30,6,50,0,0,22,2,24,0,14,52,8,74,12,0,12,86
12/11/2015,PAH,KY,ASO,CE,Federal Contract Tower,0,8,12,0,20,0,0,0,0,0,0,8,12,0,20,0,0,0,20
12/12/2015,PAH,KY,ASO,CE,Federal Contract Tower,0,4,11,0,15,0,0,1,0,1,0,4,12,0,16,0,0,0,16
12/13/2015,PAH,KY,ASO,CE,Federal Contract Tower,0,4,2,0,6,0,2,27,0,29,0,6,29,0,35,0,0,0,35
12/14/2015,PAH,KY,ASO,CE,Federal Contract Tower,0,12,10,2,24,0,0,43,4,47,0,12,53,6,71,16,0,16,87
12/15/2015,PAH,KY,ASO,CE,Federal Contract Tower,0,6,17,0,23,0,0,47,6,53,0,6,64,6,76,16,10,26,102
12/16/2015,PAH,KY,ASO,CE,Federal Contract Tower,0,15,9,0,24,0,2,29,2,33,0,17,38,2,57,8,0,8,65
12/17/2015,PAH,KY,ASO,CE,Federal Contract Tower,0,6,20,2,28,0,2,22,6,30,0,8,42,8,58,10,2,12,70
12/18/2015,PAH,KY,ASO,CE,Federal Contract Tower,0,8,9,3,20,0,0,20,1,21,0,8,29,4,41,2,0,2,43
12/19/2015,PAH,KY,ASO,CE,Federal Contract Tower,0,6,6,0,12,0,0,30,0,30,0,6,36,0,42,16,0,16,58
12/20/2015,PAH,KY,ASO,CE,Federal Contract Tower,0,4,6,0,10,0,4,34,0,38,0,8,40,0,48,26,0,26,74
12/21/2015,PAH,KY,ASO,CE,Federal Contract Tower,0,8,11,4,23,0,0,0,0,0,0,8,11,4,23,0,0,0,23
12/22/2015,PAH,KY,ASO,CE,Federal Contract Tower,0,1,6,0,7,0,0,0,0,0,0,1,6,0,7,0,0,0,7
12/23/2015,PAH,KY,ASO,CE,Federal Contract Tower,0,3,3,0,6,0,2,15,0,17,0,5,18,0,23,0,0,0,23
12/24/2015,PAH,KY,ASO,CE,Federal Contract Tower,0,5,2,0,7,0,0,29,0,29,0,5,31,0,36,8,0,8,44
12/25/2015,PAH,KY,ASO,CE,Federal Contract Tower,0,3,3,0,6,0,0,1,0,1,0,3,4,0,7,0,0,0,7
12/26/2015,PAH,KY,ASO,CE,Federal Contract Tower,0,8,12,0,20,0,0,3,0,3,0,8,15,0,23,0,0,0,23
12/27/2015,PAH,KY,ASO,CE,Federal Contract Tower,0,3,4,0,7,0,0,0,0,0,0,3,4,0,7,0,0,0,7
12/28/2015,PAH,KY,ASO,CE,Federal Contract Tower,0,3,2,0,5,0,2,21,0,23,0,5,23,0,28,0,0,0,28
12/29/2015,PAH,KY,ASO,CE,Federal Contract Tower,0,6,11,2,19,0,0,40,2,42,0,6,51,4,61,28,0,28,89
12/30/2015,PAH,KY,ASO,CE,Federal Contract Tower,0,7,5,0,12,0,0,14,0,14,0,7,19,0,26,10,0,10,36
12/31/2015,PAH,KY,ASO,CE,Federal Contract Tower,0,9,6,4,19,0,0,29,2,31,0,9,35,6,50,6,0,6,56
01/01/2016,PAH,KY,ASO,CE,Federal Contract Tower,0,5,4,4,13,0,0,22,6,28,0,5,26,10,41,30,0,30,71
01/02/2016,PAH,KY,ASO,CE,Federal Contract Tower,0,4,13,1,18,0,0,36,3,39,0,4,49,4,57,26,0,26,83
01/03/2016,PAH,KY,ASO,CE,Federal Contract Tower,0,4,10,1,15,0,2,51,2,55,0,6,61,3,70,30,0,30,100
01/04/2016,PAH,KY,ASO,CE,Federal Contract Tower,0,9,19,2,30,0,0,49,6,55,0,9,68,8,85,20,0,20,105
01/05/2016,PAH,KY,ASO,CE,Federal Contract Tower,0,9,8,2,19,0,0,49,0,49,0,9,57,2,68,46,0,46,114
01/06/2016,PAH,KY,ASO,CE,Federal Contract Tower,0,6,9,2,17,0,0,37,2,39,0,6,46,4,56,30,4,34,90
01/07/2016,PAH,KY,ASO,CE,Federal Contract Tower,0,6,12,0,18,0,2,24,0,26,0,8,36,0,44,12,0,12,56
01/08/2016,PAH,KY,ASO,CE,Federal Contract Tower,0,12,13,0,25,0,0,0,0,0,0,12,13,0,25,0,0,0,25
01/09/2016,PAH,KY,ASO,CE,Federal Contract Tower,0,3,2,0,5,0,0,0,0,0,0,3,2,0,5,0,0,0,5
01/10/2016,PAH,KY,ASO,CE,Federal Contract Tower,0,3,5,0,8,0,2,32,0,34,0,5,37,0,42,12,0,12,54
01/11/2016,PAH,KY,ASO,CE,Federal Contract Tower,0,7,15,0,22,0,2,48,4,54,0,9,63,4,76,16,0,16,92
01/12/2016,PAH,KY,ASO,CE,Federal Contract Tower,0,11,8,0,19,0,0,48,4,52,0,11,56,4,71,28,2,30,101
01/13/2016,PAH,KY,ASO,CE,Federal Contract Tower,0,0,6,12,18,0,0,29,4,33,0,0,35,16,51,24,0,24,75
01/14/2016,PAH,KY,ASO,CE,Federal Contract Tower,0,10,27,0,37,0,0,22,2,24,0,10,49,2,61,16,0,16,77
01/15/2016,PAH,KY,ASO,CE,Federal Contract Tower,0,12,12,0,24,0,0,0,0,0,0,12,12,0,24,0,0,0,24
01/16/2016,PAH,KY,ASO,CE,Federal Contract Tower,0,4,5,0,9,0,0,13,0,13,0,4,18,0,22,6,0,6,28
01/17/2016,PAH,KY,ASO,CE,Federal Contract Tower,0,4,4,0,8,0,0,36,0,36,0,4,40,0,44,26,0,26,70
01/18/2016,PAH,KY,ASO,CE,Federal Contract Tower,0,10,6,0,16,0,0,48,6,54,0,10,54,6,70,28,6,34,104
01/19/2016,PAH,KY,ASO,CE,Federal Contract Tower,0,12,10,2,24,0,2,43,4,49,0,14,53,6,73,28,0,28,101
01/20/2016,PAH,KY,ASO,CE,Federal Contract Tower,0,6,5,0,11,0,0,1,0,1,0,6,6,0,12,0,0,0,12
01/21/2016,PAH,KY,ASO,CE,Federal Contract Tower,0,9,6,0,15,0,0,7,0,7,0,9,13,0,22,0,0,0,22
01/22/2016,PAH,KY,ASO,CE,Federal Contract Tower,0,2,0,0,2,0,0,0,0,0,0,2,0,0,2,0,0,0,2
01/23/2016,PAH,KY,ASO,CE,Federal Contract Tower,0,5,10,0,15,0,0,20,0,20,0,5,30,0,35,2,0,2,37
01/24/2016,PAH,KY,ASO,CE,Federal Contract Tower,0,10,8,0,18,0,4,41,0,45,0,14,49,0,63,24,0,24,87
01/25/2016,PAH,KY,ASO,CE,Federal Contract Tower,0,11,12,0,23,0,0,42,6,48,0,11,54,6,71,30,0,30,101
01/26/2016,PAH,KY,ASO,CE,Federal Contract Tower,0,11,8,0,19,0,0,47,6,53,0,11,55,6,72,18,8,26,98
01/27/2016,PAH,KY,ASO,CE,Federal Contract Tower,0,10,17,0,27,0,2,36,8,46,0,12,53,8,73,26,6,32,105
01/28/2016,PAH,KY,ASO,CE,Federal Contract Tower,0,7,13,0,20,0,0,29,2,31,0,7,42,2,51,10,0,10,61
01/29/2016,PAH,KY,ASO,CE,Federal Contract Tower,0,10,18,0,28,0,0,18,0,18,0,10,36,0,46,14,0,14,60
01/30/2016,PAH,KY,ASO,CE,Federal Contract Tower,0,8,6,0,14,0,0,23,0,23,0,8,29,0,37,14,0,14,51
01/31/2016,PAH,KY,ASO,CE,Federal Contract Tower,0,4,10,0,14,0,2,33,0,35,0,6,43,0,49,22,0,22,71
02/01/2016,PAH,KY,ASO,CE,Federal Contract Tower,0,6,14,0,20,0,3,41,8,52,0,9,55,8,72,16,12,28,100
02/02/2016,PAH,KY,ASO,CE,Federal Contract Tower,0,6,2,0,8,0,0,28,4,32,0,6,30,4,40,6,0,6,46
02/03/2016,PAH,KY,ASO,CE,Federal Contract Tower,0,8,8,4,20,0,0,30,6,36,0,8,38,10,56,18,4,22,78
02/04/2016,PAH,KY,ASO,CE,Federal Contract Tower,0,10,7,5,22,0,4,26,1,31,0,14,33,6,53,12,0,12,65
02/05/2016,PAH,KY,ASO,CE,Federal Contract Tower,0,8,14,0,22,0,2,12,0,14,0,10,26,0,36,0,0,0,36
02/06/2016,PAH,KY,ASO,CE,Federal Contract Tower,0,12,3,0,15,0,2,20,0,22,0,14,23,0,37,0,0,0,37
02/07/2016,PAH,KY,ASO,CE,Federal Contract Tower,0,8,8,0,16,0,4,34,0,38,0,12,42,0,54,12,0,12,66
02/08/2016,PAH,KY,ASO,CE,Federal Contract Tower,0,10,8,0,18,0,2,39,2,43,0,12,47,2,61,22,0,22,83
02/09/2016,PAH,KY,ASO,CE,Federal Contract Tower,0,9,8,0,17,0,2,21,2,25,0,11,29,2,42,0,0,0,42
02/10/2016,PAH,KY,ASO,CE,Federal Contract Tower,0,5,14,0,19,0,2,21,2,25,0,7,35,2,44,12,8,20,64
02/11/2016,PAH,KY,ASO,CE,Federal Contract Tower,0,8,15,7,30,0,3,28,3,34,0,11,43,10,64,14,0,14,78
02/12/2016,PAH,KY,ASO,CE,Federal Contract Tower,0,11,11,0,22,0,0,6,0,6,0,11,17,0,28,0,0,0,28
02/13/2016,PAH,KY,ASO,CE,Federal Contract Tower,0,2,6,0,8,0,0,18,1,19,0,2,24,1,27,12,0,12,39
02/14/2016,PAH,KY,ASO,CE,Federal Contract Tower,0,3,0,0,3,0,0,0,1,1,0,3,0,1,4,0,0,0,4
02/15/2016,PAH,KY,ASO,CE,Federal Contract Tower,0,9,4,0,13,0,4,21,2,27,0,13,25,2,40,0,2,2,42
02/16/2016,PAH,KY,ASO,CE,Federal Contract Tower,0,6,4,0,10,0,0,0,0,0,0,6,4,0,10,0,0,0,10
02/17/2016,PAH,KY,ASO,CE,Federal Contract Tower,0,9,18,2,29,0,2,41,8,51,0,11,59,10,80,24,4,28,108
02/18/2016,PAH,KY,ASO,CE,Federal Contract Tower,0,13,20,4,37,0,6,33,2,41,0,19,53,6,78,14,0,14,92
02/19/2016,PAH,KY,ASO,CE,Federal Contract Tower,0,11,9,4,24,0,0,1,0,1,0,11,10,4,25,0,0,0,25
02/20/2016,PAH,KY,ASO,CE,Federal Contract Tower,0,4,1,0,5,0,4,16,0,20,0,8,17,0,25,0,0,0,25
02/21/2016,PAH,KY,ASO,CE,Federal Contract Tower,0,8,2,0,10,0,0,34,0,34,0,8,36,0,44,24,0,24,68
02/22/2016,PAH,KY,ASO,CE,Federal Contract Tower,0,8,8,0,16,0,1,51,4,56,0,9,59,4,72,38,6,44,116
02/23/2016,PAH,KY,ASO,CE,Federal Contract Tower,0,5,3,0,8,0,0,47,6,53,0,5,50,6,61,26,0,26,87
02/24/2016,PAH,KY,ASO,CE,Federal Contract Tower,0,3,2,0,5,0,2,8,0,10,0,5,10,0,15,0,0,0,15
02/25/2016,PAH,KY,ASO,CE,Federal Contract Tower,0,5,8,0,13,0,0,23,2,25,0,5,31,2,38,16,0,16,54
02/26/2016,PAH,KY,ASO,CE,Federal Contract Tower,0,8,3,0,11,0,0,19,0,19,0,8,22,0,30,10,0,10,40
02/27/2016,PAH,KY,ASO,CE,Federal Contract Tower,0,3,16,0,19,0,4,20,0,24,0,7,36,0,43,2,0,2,45
02/28/2016,PAH,KY,ASO,CE,Federal Contract Tower,0,6,5,0,11,0,0,30,0,30,0,6,35,0,41,18,0,18,59
02/29/2016,PAH,KY,ASO,CE,Federal Contract Tower,0,7,15,1,23,0,2,44,6,52,0,9,59,7,75,20,4,24,99
03/01/2016,PAH,KY,ASO,CE,Federal Contract Tower,0,4,8,0,12,0,0,34,7,41,0,4,42,7,53,14,8,22,75
03/02/2016,PAH,KY,ASO,CE,Federal Contract Tower,0,6,7,0,13,0,4,55,4,63,0,10,62,4,76,30,2,32,108
03/03/2016,PAH,KY,ASO,CE,Federal Contract Tower,0,8,12,0,20,0,0,12,4,16,0,8,24,4,36,0,6,6,42
03/04/2016,PAH,KY,ASO,CE,Federal Contract Tower,0,10,19,0,29,0,0,1,0,1,0,10,20,0,30,0,0,0,30
03/05/2016,PAH,KY,ASO,CE,Federal Contract Tower,0,2,5,0,7,0,4,21,0,25,0,6,26,0,32,4,0,4,36
03/06/2016,PAH,KY,ASO,CE,Federal Contract Tower,0,7,4,0,11,0,6,36,0,42,0,13,40,0,53,36,0,36,89
03/07/2016,PAH,KY,ASO,CE,Federal Contract Tower,0,6,13,0,19,0,0,20,0,20,0,6,33,0,39,12,0,12,51
03/08/2016,PAH,KY,ASO,CE,Federal Contract Tower,0,6,9,0,15,0,0,19,0,19,0,6,28,0,34,12,0,12,46
03/09/2016,PAH,KY,ASO,CE,Federal Contract Tower,0,8,7,1,16,0,2,19,7,28,0,10,26,8,44,6,12,18,62
03/10/2016,PAH,KY,ASO,CE,Federal Contract Tower,0,9,6,3,18,0,0,0,0,0,0,9,6,3,18,0,0,0,18
03/11/2016,PAH,KY,ASO,CE,Federal Contract Tower,0,8,21,1,30,0,2,6,1,9,0,10,27,2,39,0,0,0,39
03/12/2016,PAH,KY,ASO,CE,Federal Contract Tower,0,6,7,0,13,0,0,0,0,0,0,6,7,0,13,0,0,0,13
03/13/2016,PAH,KY,ASO,CE,Federal Contract Tower,0,7,5,0,12,0,2,42,0,44,0,9,47,0,56,20,0,20,76
03/14/2016,PAH,KY,ASO,CE,Federal Contract Tower,0,11,9,4,24,0,0,41,2,43,0,11,50,6,67,30,6,36,103
03/15/2016,PAH,KY,ASO,CE,Federal Contract Tower,0,7,9,2,18,0,0,46,4,50,0,7,55,6,68,24,2,26,94
03/16/2016,PAH,KY,ASO,CE,Federal Contract Tower,0,9,10,3,22,0,0,36,3,39,0,9,46,6,61,28,2,30,91
03/17/2016,PAH,KY,ASO,CE,Federal Contract Tower,0,6,11,1,18,0,2,35,3,40,0,8,46,4,58,26,2,28,86
03/18/2016,PAH,KY,ASO,CE,Federal Contract Tower,0,13,13,0,26,0,0,17,0,17,0,13,30,0,43,8,0,8,51
03/19/2016,PAH,KY,ASO,CE,Federal Contract Tower,0,3,6,0,9,0,0,9,0,9,0,3,15,0,18,8,0,8,26
03/20/2016,PAH,KY,ASO,CE,Federal Contract Tower,0,6,10,0,16,0,0,31,0,31,0,6,41,0,47,24,0,24,71
03/21/2016,PAH,KY,ASO,CE,Federal Contract Tower,0,8,7,0,15,0,2,48,6,56,0,10,55,6,71,26,2,28,99
03/22/2016,PAH,KY,ASO,CE,Federal Contract Tower,0,8,9,5,22,0,0,46,7,53,0,8,55,12,75,18,8,26,101
03/23/2016,PAH,KY,ASO,CE,Federal Contract Tower,0,6,9,2,17,0,4,39,4,47,0,10,48,6,64,14,4,18,82
03/24/2016,PAH,KY,ASO,CE,Federal Contract Tower,0,9,8,0,17,0,0,14,0,14,0,9,22,0,31,0,0,0,31
03/25/2016,PAH,KY,ASO,CE,Federal Contract Tower,0,16,10,0,26,0,2,15,0,17,0,18,25,0,43,8,0,8,51
03/26/2016,PAH,KY,ASO,CE,Federal Contract Tower,0,2,1,0,3,0,0,29,0,29,0,2,30,0,32,0,0,0,32
03/27/2016,PAH,KY,ASO,CE,Federal Contract Tower,0,3,2,0,5,0,0,25,0,25,0,3,27,0,30,10,0,10,40
03/28/2016,PAH,KY,ASO,CE,Federal Contract Tower,0,6,16,0,22,0,2,44,4,50,0,8,60,4,72,26,2,28,100
03/29/2016,PAH,KY,ASO,CE,Federal Contract Tower,0,15,15,0,30,0,0,56,2,58,0,15,71,2,88,32,0,32,120
03/30/2016,PAH,KY,ASO,CE,Federal Contract Tower,0,5,8,0,13,0,0,23,2,25,0,5,31,2,38,8,2,10,48
03/31/2016,PAH,KY,ASO,CE,Federal Contract Tower,0,12,6,0,18,0,0,0,0,0,0,12,6,0,18,0,0,0,18
04/01/2016,PAH,KY,ASO,CE,Federal Contract Tower,0,15,21,0,36,0,4,24,0,28,0,19,45,0,64,6,0,6,70
04/02/2016,PAH,KY,ASO,CE,Federal Contract Tower,0,3,4,0,7,0,0,8,0,8,0,3,12,0,15,4,0,4,19
04/03/2016,PAH,KY,ASO,CE,Federal Contract Tower,0,6,7,0,13,0,4,38,0,42,0,10,45,0,55,20,0,20,75
04/04/2016,PAH,KY,ASO,CE,Federal Contract Tower,1,4,4,0,9,0,0,46,6,52,1,4,50,6,61,22,0,22,83
04/05/2016,PAH,KY,ASO,CE,Federal Contract Tower,0,9,10,7,26,0,0,40,2,42,0,9,50,9,68,20,4,24,92
04/06/2016,PAH,KY,ASO,CE,Federal Contract Tower,0,8,8,0,16,0,4,26,2,32,0,12,34,2,48,20,0,20,68
04/07/2016,PAH,KY,ASO,CE,Federal Contract Tower,0,8,9,8,25,0,2,33,2,37,0,10,42,10,62,24,0,24,86
04/08/2016,PAH,KY,ASO,CE,Federal Contract Tower,0,8,16,2,26,0,0,9,2,11,0,8,25,4,37,14,0,14,51
04/09/2016,PAH,KY,ASO,CE,Federal Contract Tower,0,4,2,0,6,0,7,25,8,40,0,11,27,8,46,2,0,2,48
04/10/2016,PAH,KY,ASO,CE,Federal Contract Tower,0,10,8,0,18,0,2,40,0,42,0,12,48,0,60,16,0,16,76
04/12/2016,PAH,KY,ASO,CE,Federal Contract Tower,0,6,9,2,17,0,6,43,4,53,0,12,52,6,70,28,0,28,98
04/13/2016,PAH,KY,ASO,CE,Federal Contract Tower,0,8,7,0,15,0,6,26,4,36,0,14,33,4,51,16,2,18,69
04/14/2016,PAH,KY,ASO,CE,Federal Contract Tower,0,6,13,0,19,0,2,31,2,35,0,8,44,2,54,26,0,26,80
04/15/2016,PAH,KY,ASO,CE,Federal Contract Tower,0,11,2,4,17,0,0,27,0,27,0,11,29,4,44,4,0,4,48
04/16/2016,PAH,KY,ASO,CE,Federal Contract Tower,0,4,6,0,10,0,0,37,0,37,0,4,43,0,47,8,0,8,55
04/17/2016,PAH,KY,ASO,CE,Federal Contract Tower,0,5,11,0,16,0,0,34,0,34,0,5,45,0,50,20,0,20,70
04/18/2016,PAH,KY,ASO,CE,Federal Contract Tower,0,13,11,2,26,0,4,53,2,59,0,17,64,4,85,28,2,30,115
04/19/2016,PAH,KY,ASO,CE,Federal Contract Tower,0,6,7,2,15,0,0,48,8,56,0,6,55,10,71,26,0,26,97
04/20/2016,PAH,KY,ASO,CE,Federal Contract Tower,0,8,9,0,17,0,2,22,2,26,0,10,31,2,43,22,0,22,65
04/21/2016,PAH,KY,ASO,CE,Federal Contract Tower,0,8,11,0,19,0,0,21,2,23,0,8,32,2,42,12,2,14,56
04/22/2016,PAH,KY,ASO,CE,Federal Contract Tower,0,10,13,1,24,0,0,24,1,25,0,10,37,2,49,6,0,6,55
04/23/2016,PAH,KY,ASO,CE,Federal Contract Tower,0,5,6,0,11,0,0,5,0,5,0,5,11,0,16,0,0,0,16
04/24/2016,PAH,KY,ASO,CE,Federal Contract Tower,0,5,14,0,19,0,2,50,0,52,0,7,64,0,71,32,0,32,103
04/25/2016,PAH,KY,ASO,CE,Federal Contract Tower,0,13,10,2,25,0,1,38,8,47,0,14,48,10,72,16,10,26,98
04/26/2016,PAH,KY,ASO,CE,Federal Contract Tower,0,9,9,0,18,0,0,44,4,48,0,9,53,4,66,24,4,28,94
04/27/2016,PAH,KY,ASO,CE,Federal Contract Tower,0,6,9,0,15,0,2,21,0,23,0,8,30,0,38,14,0,14,52
04/28/2016,PAH,KY,ASO,CE,Federal Contract Tower,0,8,10,4,22,0,2,43,0,45,0,10,53,4,67,0,0,0,67
04/29/2016,PAH,KY,ASO,CE,Federal Contract Tower,0,9,14,0,23,0,0,23,0,23,0,9,37,0,46,0,0,0,46
04/30/2016,PAH,KY,ASO,CE,Federal Contract Tower,0,2,3,0,5,0,0,4,0,4,0,2,7,0,9,0,0,0,9
05/01/2016,PAH,KY,ASO,CE,Federal Contract Tower,0,4,6,0,10,0,2,34,0,36,0,6,40,0,46,24,0,24,70
05/02/2016,PAH,KY,ASO,CE,Federal Contract Tower,0,10,8,3,21,0,0,38,8,46,0,10,46,11,67,22,0,22,89
05/03/2016,PAH,KY,ASO,CE,Federal Contract Tower,0,9,12,0,21,0,6,40,2,48,0,15,52,2,69,28,4,32,101
05/04/2016,PAH,KY,ASO,CE,Federal Contract Tower,0,7,9,3,19,0,0,21,9,30,0,7,30,12,49,20,2,22,71
05/05/2016,PAH,KY,ASO,CE,Federal Contract Tower,0,8,9,0,17,0,3,33,2,38,0,11,42,2,55,20,0,20,75
05/06/2016,PAH,KY,ASO,CE,Federal Contract Tower,0,9,4,2,15,0,0,14,0,14,0,9,18,2,29,4,0,4,33
05/07/2016,PAH,KY,ASO,CE,Federal Contract Tower,0,4,3,0,7,0,0,19,0,19,0,4,22,0,26,12,0,12,38
05/08/2016,PAH,KY,ASO,CE,Federal Contract Tower,0,4,8,0,12,0,0,22,0,22,0,4,30,0,34,14,0,14,48
05/09/2016,PAH,KY,ASO,CE,Federal Contract Tower,0,5,7,0,12,0,0,11,0,11,0,5,18,0,23,8,0,8,31
05/10/2016,PAH,KY,ASO,CE,Federal Contract Tower,0,6,9,0,15,0,0,10,0,10,0,6,19,0,25,0,0,0,25
05/11/2016,PAH,KY,ASO,CE,Federal Contract Tower,0,6,15,2,23,0,0,10,2,12,0,6,25,4,35,12,0,12,47
05/12/2016,PAH,KY,ASO,CE,Federal Contract Tower,0,10,15,0,25,0,0,8,0,8,0,10,23,0,33,0,0,0,33
05/13/2016,PAH,KY,ASO,CE,Federal Contract Tower,0,6,16,0,22,0,8,46,0,54,0,14,62,0,76,0,0,0,76
05/14/2016,PAH,KY,ASO,CE,Federal Contract Tower,0,6,5,0,11,0,10,16,0,26,0,16,21,0,37,6,0,6,43
05/15/2016,PAH,KY,ASO,CE,Federal Contract Tower,0,8,13,0,21,0,4,107,0,111,0,12,120,0,132,20,0,20,152
05/16/2016,PAH,KY,ASO,CE,Federal Contract Tower,0,11,13,2,26,0,0,46,0,46,0,11,59,2,72,20,0,20,92
05/17/2016,PAH,KY,ASO,CE,Federal Contract Tower,0,7,8,0,15,0,4,17,0,21,0,11,25,0,36,0,0,0,36
05/18/2016,PAH,KY,ASO,CE,Federal Contract Tower,0,6,11,0,17,0,0,27,6,33,0,6,38,6,50,14,6,20,70
05/19/2016,PAH,KY,ASO,CE,Federal Contract Tower,0,6,11,0,17,0,8,26,4,38,0,14,37,4,55,22,2,24,79
05/20/2016,PAH,KY,ASO,CE,Federal Contract Tower,0,10,10,10,30,0,7,20,0,27,0,17,30,10,57,8,8,16,73
05/21/2016,PAH,KY,ASO,CE,Federal Contract Tower,0,2,5,0,7,0,2,19,2,23,0,4,24,2,30,16,8,24,54
05/23/2016,PAH,KY,ASO,CE,Federal Contract Tower,8,13,0,0,21,0,2,59,4,65,8,15,59,4,86,32,0,32,118
05/24/2016,PAH,KY,ASO,CE,Federal Contract Tower,0,8,5,7,20,0,2,42,8,52,0,10,47,15,72,20,8,28,100
05/25/2016,PAH,KY,ASO,CE,Federal Contract Tower,0,8,15,0,23,0,2,22,0,24,0,10,37,0,47,14,0,14,61
05/26/2016,PAH,KY,ASO,CE,Federal Contract Tower,0,7,11,0,18,0,2,12,0,14,0,9,23,0,32,14,0,14,46
05/27/2016,PAH,KY,ASO,CE,Federal Contract Tower,0,11,3,2,16,0,0,13,0,13,0,11,16,2,29,0,0,0,29
05/28/2016,PAH,KY,ASO,CE,Federal Contract Tower,0,4,1,0,5,0,0,8,0,8,0,4,9,0,13,0,0,0,13
05/29/2016,PAH,KY,ASO,CE,Federal Contract Tower,0,6,3,0,9,0,0,40,0,40,0,6,43,0,49,36,0,36,85
05/30/2016,PAH,KY,ASO,CE,Federal Contract Tower,0,4,1,0,5,0,0,54,0,54,0,4,55,0,59,42,0,42,101
05/31/2016,PAH,KY,ASO,CE,Federal Contract Tower,0,9,14,2,25,0,4,60,2,66,0,13,74,4,91,38,6,44,135
06/01/2016,PAH,KY,ASO,CE,Federal Contract Tower,0,10,10,0,20,0,8,39,2,49,0,18,49,2,69,20,0,20,89
06/02/2016,PAH,KY,ASO,CE,Federal Contract Tower,0,12,13,0,25,0,0,21,0,21,0,12,34,0,46,8,0,8,54
06/03/2016,PAH,KY,ASO,CE,Federal Contract Tower,0,11,12,0,23,0,2,14,0,16,0,13,26,0,39,0,0,0,39
06/04/2016,PAH,KY,ASO,CE,Federal Contract Tower,0,2,8,0,10,0,2,10,0,12,0,4,18,0,22,8,0,8,30
06/05/2016,PAH,KY,ASO,CE,Federal Contract Tower,0,8,7,0,15,0,4,51,6,61,0,12,58,6,76,28,0,28,104
06/06/2016,PAH,KY,ASO,CE,Federal Contract Tower,0,9,13,0,22,0,2,50,4,56,0,11,63,4,78,26,2,28,106
06/07/2016,PAH,KY,ASO,CE,Federal Contract Tower,0,8,7,4,19,0,4,52,6,62,0,12,59,10,81,38,2,40,121
06/08/2016,PAH,KY,ASO,CE,Federal Contract Tower,0,9,16,0,25,0,8,27,0,35,0,17,43,0,60,32,0,32,92
06/09/2016,PAH,KY,ASO,CE,Federal Contract Tower,0,8,5,0,13,0,7,24,0,31,0,15,29,0,44,24,0,24,68
06/10/2016,PAH,KY,ASO,CE,Federal Contract Tower,0,6,9,0,15,0,14,24,0,38,0,20,33,0,53,16,0,16,69
06/11/2016,PAH,KY,ASO,CE,Federal Contract Tower,0,2,4,4,10,0,5,19,0,24,0,7,23,4,34,4,0,4,38
06/12/2016,PAH,KY,ASO,CE,Federal Contract Tower,0,10,10,0,20,0,4,38,0,42,0,14,48,0,62,44,0,44,106
06/13/2016,PAH,KY,ASO,CE,Federal Contract Tower,0,8,10,2,20,0,4,51,6,61,0,12,61,8,81,30,4,34,115
06/14/2016,PAH,KY,ASO,CE,Federal Contract Tower,0,12,8,1,21,0,6,40,3,49,0,18,48,4,70,30,2,32,102
06/15/2016,PAH,KY,ASO,CE,Federal Contract Tower,0,15,8,0,23,0,0,15,2,17,0,15,23,2,40,0,4,4,44
06/16/2016,PAH,KY,ASO,CE,Federal Contract Tower,0,12,19,0,31,0,4,27,0,31,0,16,46,0,62,24,0,24,86
06/17/2016,PAH,KY,ASO,CE,Federal Contract Tower,0,8,7,0,15,0,2,18,0,20,0,10,25,0,35,20,0,20,55
06/18/2016,PAH,KY,ASO,CE,Federal Contract Tower,0,3,4,0,7,0,5,26,0,31,0,8,30,0,38,20,0,20,58
06/19/2016,PAH,KY,ASO,CE,Federal Contract Tower,0,4,9,3,16,0,10,38,0,48,0,14,47,3,64,32,0,32,96
06/20/2016,PAH,KY,ASO,CE,Federal Contract Tower,0,8,7,2,17,0,5,38,2,45,0,13,45,4,62,32,4,36,98
06/21/2016,PAH,KY,ASO,CE,Federal Contract Tower,2,6,8,0,16,0,0,40,6,46,2,6,48,6,62,16,8,24,86
06/22/2016,PAH,KY,ASO,CE,Federal Contract Tower,0,7,10,2,19,0,2,21,4,27,0,9,31,6,46,22,0,22,68
06/23/2016,PAH,KY,ASO,CE,Federal Contract Tower,0,6,10,0,16,0,5,22,2,29,0,11,32,2,45,16,0,16,61
06/24/2016,PAH,KY,ASO,CE,Federal Contract Tower,0,8,12,0,20,0,4,19,0,23,0,12,31,0,43,4,0,4,47
06/25/2016,PAH,KY,ASO,CE,Federal Contract Tower,0,4,13,0,17,0,0,12,0,12,0,4,25,0,29,12,0,12,41
06/27/2016,PAH,KY,ASO,CE,Federal Contract Tower,0,7,11,0,18,0,4,47,6,57,0,11,58,6,75,28,0,28,103
06/28/2016,PAH,KY,ASO,CE,Federal Contract Tower,0,13,13,2,28,0,2,39,10,51,0,15,52,12,79,28,6,34,113
06/29/2016,PAH,KY,ASO,CE,Federal Contract Tower,0,10,26,0,36,0,7,38,6,51,0,17,64,6,87,28,2,30,117
07/01/2016,PAH,KY,ASO,CE,Federal Contract Tower,0,9,17,0,26,0,0,15,0,15,0,9,32,0,41,4,0,4,45
07/02/2016,PAH,KY,ASO,CE,Federal Contract Tower,0,3,5,0,8,0,0,4,0,4,0,3,9,0,12,0,0,0,12
07/03/2016,PAH,KY,ASO,CE,Federal Contract Tower,0,4,5,0,9,0,6,33,0,39,0,10,38,0,48,26,0,26,74
07/04/2016,PAH,KY,ASO,CE,Federal Contract Tower,0,6,3,0,9,0,0,42,0,42,0,6,45,0,51,0,0,0,51
07/05/2016,PAH,KY,ASO,CE,Federal Contract Tower,0,8,13,0,21,0,6,42,0,48,0,14,55,0,69,18,0,18,87
07/06/2016,PAH,KY,ASO,CE,Federal Contract Tower,0,6,5,0,11,0,2,25,4,31,0,8,30,4,42,12,4,16,58
07/07/2016,PAH,KY,ASO,CE,Federal Contract Tower,0,6,14,4,24,0,0,8,1,9,0,6,22,5,33,2,4,6,39
07/08/2016,PAH,KY,ASO,CE,Federal Contract Tower,0,9,7,2,18,0,3,9,1,13,0,12,16,3,31,12,0,12,43
07/09/2016,PAH,KY,ASO,CE,Federal Contract Tower,0,3,7,0,10,0,2,48,0,50,0,5,55,0,60,4,0,4,64
07/10/2016,PAH,KY,ASO,CE,Federal Contract Tower,0,6,9,0,15,0,4,45,0,49,0,10,54,0,64,37,0,37,101
07/11/2016,PAH,KY,ASO,CE,Federal Contract Tower,0,7,10,0,17,0,0,38,8,46,0,7,48,8,63,26,6,32,95
07/12/2016,PAH,KY,ASO,CE,Federal Contract Tower,2,11,7,0,20,0,0,43,4,47,2,11,50,4,67,22,8,30,97
07/13/2016,PAH,KY,ASO,CE,Federal Contract Tower,0,7,15,5,27,0,2,27,7,36,0,9,42,12,63,16,0,16,79
07/14/2016,PAH,KY,ASO,CE,Federal Contract Tower,0,9,11,0,20,0,1,27,0,28,0,10,38,0,48,14,0,14,62
07/15/2016,PAH,KY,ASO,CE,Federal Contract Tower,0,8,6,0,14,0,8,14,0,22,0,16,20,0,36,12,0,12,48
07/16/2016,PAH,KY,ASO,CE,Federal Contract Tower,0,4,9,0,13,0,0,11,0,11,0,4,20,0,24,12,0,12,36
07/17/2016,PAH,KY,ASO,CE,Federal Contract Tower,0,4,5,0,9,0,4,33,4,41,0,8,38,4,50,28,0,28,78
07/18/2016,PAH,KY,ASO,CE,Federal Contract Tower,0,9,8,1,18,0,0,51,6,57,0,9,59,7,75,30,4,34,109
07/19/2016,PAH,KY,ASO,CE,Federal Contract Tower,0,10,13,0,23,0,2,39,4,45,0,12,52,4,68,18,4,22,90
07/20/2016,PAH,KY,ASO,CE,Federal Contract Tower,0,8,10,2,20,0,2,26,0,28,0,10,36,2,48,14,0,14,62
07/21/2016,PAH,KY,ASO,CE,Federal Contract Tower,0,9,15,0,24,0,4,33,0,37,0,13,48,0,61,12,0,12,73
07/22/2016,PAH,KY,ASO,CE,Federal Contract Tower,0,12,5,2,19,0,0,11,0,11,0,12,16,2,30,6,0,6,36
07/23/2016,PAH,KY,ASO,CE,Federal Contract Tower,0,7,2,0,9,0,0,5,0,5,0,7,7,0,14,0,0,0,14
07/24/2016,PAH,KY,ASO,CE,Federal Contract Tower,0,2,3,0,5,0,4,32,0,36,0,6,35,0,41,22,0,22,63
07/25/2016,PAH,KY,ASO,CE,Federal Contract Tower,0,8,4,4,16,0,4,44,4,52,0,12,48,8,68,24,0,24,92
07/26/2016,PAH,KY,ASO,CE,Federal Contract Tower,0,10,9,2,21,0,2,42,4,48,0,12,51,6,69,28,10,38,107
07/27/2016,PAH,KY,ASO,CE,Federal Contract Tower,0,10,8,3,21,0,6,33,5,44,0,16,41,8,65,24,2,26,91
07/28/2016,PAH,KY,ASO,CE,Federal Contract Tower,0,4,15,6,25,0,0,23,2,25,0,4,38,8,50,10,4,14,64
07/29/2016,PAH,KY,ASO,CE,Federal Contract Tower,0,5,15,0,20,0,0,9,2,11,0,5,24,2,31,0,0,0,31
07/30/2016,PAH,KY,ASO,CE,Federal Contract Tower,0,3,6,0,9,0,0,14,0,14,0,3,20,0,23,0,0,0,23
07/31/2016,PAH,KY,ASO,CE,Federal Contract Tower,0,5,10,0,15,0,4,44,2,50,0,9,54,2,65,24,0,24,89
08/01/2016,PAH,KY,ASO,CE,Federal Contract Tower,0,6,8,0,14,0,4,29,0,33,0,10,37,0,47,0,0,0,47
08/02/2016,PAH,KY,ASO,CE,Federal Contract Tower,0,10,11,0,21,0,4,49,4,57,0,14,60,4,78,20,0,20,98
08/03/2016,PAH,KY,ASO,CE,Federal Contract Tower,0,6,5,0,11,0,4,25,4,33,0,10,30,4,44,10,6,16,60
08/04/2016,PAH,KY,ASO,CE,Federal Contract Tower,0,8,7,0,15,0,2,33,10,45,0,10,40,10,60,16,0,16,76
08/05/2016,PAH,KY,ASO,CE,Federal Contract Tower,0,8,12,2,22,0,0,16,2,18,0,8,28,4,40,16,0,16,56
08/06/2016,PAH,KY,ASO,CE,Federal Contract Tower,0,2,1,0,3,0,0,7,0,7,0,2,8,0,10,0,0,0,10
08/07/2016,PAH,KY,ASO,CE,Federal Contract Tower,0,5,11,0,16,0,2,42,4,48,0,7,53,4,64,38,0,38,102
08/08/2016,PAH,KY,ASO,CE,Federal Contract Tower,0,8,13,4,25,0,0,59,14,73,0,8,72,18,98,26,0,26,124
08/09/2016,PAH,KY,ASO,CE,Federal Contract Tower,0,6,7,3,16,0,3,47,6,56,0,9,54,9,72,34,4,38,110
08/10/2016,PAH,KY,ASO,CE,Federal Contract Tower,0,10,9,1,20,0,3,33,5,41,0,13,42,6,61,20,0,20,81
08/11/2016,PAH,KY,ASO,CE,Federal Contract Tower,0,8,19,2,29,0,6,36,6,48,0,14,55,8,77,20,0,20,97
08/12/2016,PAH,KY,ASO,CE,Federal Contract Tower,0,6,5,0,11,0,0,6,0,6,0,6,11,0,17,0,0,0,17
08/13/2016,PAH,KY,ASO,CE,Federal Contract Tower,0,4,3,0,7,0,0,4,0,4,0,4,7,0,11,0,0,0,11
08/14/2016,PAH,KY,ASO,CE,Federal Contract Tower,0,5,5,0,10,0,0,8,0,8,0,5,13,0,18,0,0,0,18
08/15/2016,PAH,KY,ASO,CE,Federal Contract Tower,0,7,10,7,24,0,0,10,1,11,0,7,20,8,35,6,0,6,41
08/16/2016,PAH,KY,ASO,CE,Federal Contract Tower,0,6,7,0,13,0,0,0,0,0,0,6,7,0,13,0,0,0,13
08/17/2016,PAH,KY,ASO,CE,Federal Contract Tower,0,8,14,0,22,0,0,0,0,0,0,8,14,0,22,0,0,0,22
08/18/2016,PAH,KY,ASO,CE,Federal Contract Tower,0,7,15,4,26,0,0,9,0,9,0,7,24,4,35,4,2,6,41
08/19/2016,PAH,KY,ASO,CE,Federal Contract Tower,0,6,13,0,19,0,0,10,0,10,0,6,23,0,29,0,0,0,29
08/20/2016,PAH,KY,ASO,CE,Federal Contract Tower,0,6,7,0,13,0,0,0,0,0,0,6,7,0,13,0,0,0,13
08/21/2016,PAH,KY,ASO,CE,Federal Contract Tower,0,4,6,0,10,0,1,47,0,48,0,5,53,0,58,28,0,28,86
08/22/2016,PAH,KY,ASO,CE,Federal Contract Tower,0,7,13,4,24,0,3,46,6,55,0,10,59,10,79,24,8,32,111
08/23/2016,PAH,KY,ASO,CE,Federal Contract Tower,0,10,9,2,21,0,6,47,8,61,0,16,56,10,82,26,8,34,116
08/24/2016,PAH,KY,ASO,CE,Federal Contract Tower,0,4,18,2,24,0,2,52,6,60,0,6,70,8,84,24,0,24,108
08/25/2016,PAH,KY,ASO,CE,Federal Contract Tower,0,6,8,2,16,0,17,36,0,53,0,23,44,2,69,24,0,24,93
08/26/2016,PAH,KY,ASO,CE,Federal Contract Tower,0,5,9,2,16,0,0,12,0,12,0,5,21,2,28,4,0,4,32
08/27/2016,PAH,KY,ASO,CE,Federal Contract Tower,0,4,4,0,8,0,2,25,0,27,0,6,29,0,35,4,0,4,39
08/28/2016,PAH,KY,ASO,CE,Federal Contract Tower,0,5,5,0,10,0,2,52,0,54,0,7,57,0,64,34,0,34,98
08/29/2016,PAH,KY,ASO,CE,Federal Contract Tower,0,6,11,0,17,0,2,45,8,55,0,8,56,8,72,36,6,42,114
08/30/2016,PAH,KY,ASO,CE,Federal Contract Tower,0,10,9,4,23,0,4,43,6,53,0,14,52,10,76,24,6,30,106
08/31/2016,PAH,KY,ASO,CE,Federal Contract Tower,0,6,8,0,14,0,0,30,8,38,0,6,38,8,52,14,6,20,72
09/01/2016,PAH,KY,ASO,CE,Federal Contract Tower,0,10,17,0,27,0,4,35,0,39,0,14,52,0,66,18,0,18,84
09/02/2016,PAH,KY,ASO,CE,Federal Contract Tower,0,7,18,0,25,0,0,24,0,24,0,7,42,0,49,6,0,6,55
09/03/2016,PAH,KY,ASO,CE,Federal Contract Tower,0,2,6,0,8,0,0,26,0,26,0,2,32,0,34,6,0,6,40
09/04/2016,PAH,KY,ASO,CE,Federal Contract Tower,0,6,4,0,10,0,2,34,0,36,0,8,38,0,46,24,0,24,70
09/05/2016,PAH,KY,ASO,CE,Federal Contract Tower,0,4,3,0,7,0,2,52,0,54,0,6,55,0,61,0,0,0,61
09/06/2016,PAH,KY,ASO,CE,Federal Contract Tower,0,7,7,4,18,0,0,43,10,53,0,7,50,14,71,32,12,44,115
09/07/2016,PAH,KY,ASO,CE,Federal Contract Tower,0,9,19,0,28,0,13,37,2,52,0,22,56,2,80,40,0,40,120
09/08/2016,PAH,KY,ASO,CE,Federal Contract Tower,0,6,15,0,21,0,2,17,0,19,0,8,32,0,40,8,0,8,48
09/09/2016,PAH,KY,ASO,CE,Federal Contract Tower,0,13,21,4,38,0,0,22,0,22,0,13,43,4,60,10,0,10,70
09/10/2016,PAH,KY,ASO,CE,Federal Contract Tower,0,5,5,0,10,0,0,6,0,6,0,5,11,0,16,0,0,0,16
09/11/2016,PAH,KY,ASO,CE,Federal Contract Tower,0,6,11,0,17,0,8,35,0,43,0,14,46,0,60,26,0,26,86
09/12/2016,PAH,KY,ASO,CE,Federal Contract Tower,0,10,11,0,21,0,0,48,8,56,0,10,59,8,77,20,4,24,101
09/13/2016,PAH,KY,ASO,CE,Federal Contract Tower,0,12,11,3,26,0,6,52,5,63,0,18,63,8,89,30,0,30,119
09/14/2016,PAH,KY,ASO,CE,Federal Contract Tower,0,9,7,4,20,0,4,35,2,41,0,13,42,6,61,18,0,18,79
09/15/2016,PAH,KY,ASO,CE,Federal Contract Tower,0,10,9,9,28,0,0,19,1,20,0,10,28,10,48,6,0,6,54
09/16/2016,PAH,KY,ASO,CE,Federal Contract Tower,0,6,13,4,23,0,0,14,0,14,0,6,27,4,37,6,0,6,43
09/17/2016,PAH,KY,ASO,CE,Federal Contract Tower,0,3,7,0,10,0,0,9,6,15,0,3,16,6,25,0,0,0,25
09/18/2016,PAH,KY,ASO,CE,Federal Contract Tower,0,6,9,0,15,0,2,41,6,49,0,8,50,6,64,18,0,18,82
09/19/2016,PAH,KY,ASO,CE,Federal Contract Tower,0,6,5,4,15,0,6,44,9,59,0,12,49,13,74,44,0,44,118
09/20/2016,PAH,KY,ASO,CE,Federal Contract Tower,0,10,16,1,27,0,4,41,3,48,0,14,57,4,75,32,0,32,107
09/21/2016,PAH,KY,ASO,CE,Federal Contract Tower,0,5,9,0,14,0,6,42,4,52,0,11,51,4,66,16,6,22,88
09/22/2016,PAH,KY,ASO,CE,Federal Contract Tower,0,10,18,0,28,0,0,27,0,27,0,10,45,0,55,8,0,8,63
09/23/2016,PAH,KY,ASO,CE,Federal Contract Tower,0,10,14,0,24,0,8,30,0,38,0,18,44,0,62,4,0,4,66
09/24/2016,PAH,KY,ASO,CE,Federal Contract Tower,0,3,4,0,7,0,5,23,2,30,0,8,27,2,37,0,0,0,37
09/25/2016,PAH,KY,ASO,CE,Federal Contract Tower,0,8,13,0,21,0,0,46,0,46,0,8,59,0,67,28,0,28,95
09/26/2016,PAH,KY,ASO,CE,Federal Contract Tower,0,6,11,0,17,0,4,38,6,48,0,10,49,6,65,4,0,4,69
09/27/2016,PAH,KY,ASO,CE,Federal Contract Tower,0,10,7,0,17,0,4,39,4,47,0,14,46,4,64,30,4,34,98
09/28/2016,PAH,KY,ASO,CE,Federal Contract Tower,0,14,15,1,30,0,4,26,1,31,0,18,41,2,61,18,0,18,79
09/29/2016,PAH,KY,ASO,CE,Federal Contract Tower,0,12,12,0,24,0,4,22,0,26,0,16,34,0,50,12,0,12,62
09/30/2016,PAH,KY,ASO,CE,Federal Contract Tower,0,8,16,0,24,0,0,8,1,9,0,8,24,1,33,0,0,0,33
10/01/2016,PAH,KY,ASO,CE,Federal Contract Tower,0,2,8,0,10,0,0,8,0,8,0,2,16,0,18,0,0,0,18
10/02/2016,PAH,KY,ASO,CE,Federal Contract Tower,0,6,5,0,11,0,0,37,0,37,0,6,42,0,48,32,0,32,80
10/03/2016,PAH,KY,ASO,CE,Federal Contract Tower,0,6,16,2,24,0,4,41,4,49,0,10,57,6,73,22,0,22,95
10/04/2016,PAH,KY,ASO,CE,Federal Contract Tower,0,5,18,8,31,0,4,36,6,46,0,9,54,14,77,22,0,22,99
10/05/2016,PAH,KY,ASO,CE,Federal Contract Tower,0,8,12,12,32,0,4,41,4,49,0,12,53,16,81,22,8,30,111
10/06/2016,PAH,KY,ASO,CE,Federal Contract Tower,0,6,8,0,14,0,8,34,0,42,0,14,42,0,56,24,0,24,80
10/07/2016,PAH,KY,ASO,CE,Federal Contract Tower,0,6,5,0,11,0,0,22,0,22,0,6,27,0,33,12,0,12,45
10/08/2016,PAH,KY,ASO,CE,Federal Contract Tower,0,6,3,1,10,0,0,10,1,11,0,6,13,2,21,14,0,14,35
10/09/2016,PAH,KY,ASO,CE,Federal Contract Tower,0,6,12,0,18,0,2,32,0,34,0,8,44,0,52,30,0,30,82
10/10/2016,PAH,KY,ASO,CE,Federal Contract Tower,0,6,16,0,22,0,2,48,6,56,0,8,64,6,78,14,12,26,104
10/11/2016,PAH,KY,ASO,CE,Federal Contract Tower,0,7,11,1,19,0,5,43,5,53,0,12,54,6,72,38,0,38,110
10/12/2016,PAH,KY,ASO,CE,Federal Contract Tower,0,6,20,2,28,0,4,34,2,40,0,10,54,4,68,22,0,22,90
10/13/2016,PAH,KY,ASO,CE,Federal Contract Tower,0,8,15,2,25,0,0,15,0,15,0,8,30,2,40,10,0,10,50
10/14/2016,PAH,KY,ASO,CE,Federal Contract Tower,0,9,13,0,22,0,0,5,0,5,0,9,18,0,27,4,0,4,31
10/15/2016,PAH,KY,ASO,CE,Federal Contract Tower,0,9,4,0,13,0,0,17,0,17,0,9,21,0,30,14,0,14,44
10/16/2016,PAH,KY,ASO,CE,Federal Contract Tower,0,9,9,4,22,0,1,37,0,38,0,10,46,4,60,14,0,14,74
10/17/2016,PAH,KY,ASO,CE,Federal Contract Tower,0,8,17,2,27,0,2,17,0,19,0,10,34,2,46,12,2,14,60
10/18/2016,PAH,KY,ASO,CE,Federal Contract Tower,0,6,8,1,15,0,4,44,2,50,0,10,52,3,65,12,4,16,81
10/19/2016,PAH,KY,ASO,CE,Federal Contract Tower,0,9,10,0,19,0,0,43,4,47,0,9,53,4,66,32,0,32,98
10/20/2016,PAH,KY,ASO,CE,Federal Contract Tower,0,8,9,0,17,0,2,13,0,15,0,10,22,0,32,4,0,4,36
10/21/2016,PAH,KY,ASO,CE,Federal Contract Tower,0,7,10,0,17,0,0,18,0,18,0,7,28,0,35,2,0,2,37
10/22/2016,PAH,KY,ASO,CE,Federal Contract Tower,0,3,5,1,9,0,4,17,0,21,0,7,22,1,30,0,0,0,30
10/23/2016,PAH,KY,ASO,CE,Federal Contract Tower,0,5,6,0,11,0,6,35,0,41,0,11,41,0,52,26,0,26,78
10/24/2016,PAH,KY,ASO,CE,Federal Contract Tower,0,9,12,6,27,0,7,45,6,58,0,16,57,12,85,22,12,34,119
10/25/2016,PAH,KY,ASO,CE,Federal Contract Tower,0,9,7,0,16,0,5,50,4,59,0,14,57,4,75,14,6,20,95
10/26/2016,PAH,KY,ASO,CE,Federal Contract Tower,0,8,8,1,17,0,2,42,3,47,0,10,50,4,64,16,0,16,80
10/27/2016,PAH,KY,ASO,CE,Federal Contract Tower,0,6,13,0,19,0,4,29,0,33,0,10,42,0,52,22,0,22,74
10/28/2016,PAH,KY,ASO,CE,Federal Contract Tower,0,10,21,0,31,0,3,20,0,23,0,13,41,0,54,6,0,6,60
10/29/2016,PAH,KY,ASO,CE,Federal Contract Tower,0,2,3,2,7,0,0,17,2,19,0,2,20,4,26,4,10,14,40
10/30/2016,PAH,KY,ASO,CE,Federal Contract Tower,0,7,9,6,22,0,0,45,0,45,0,7,54,6,67,40,0,40,107
10/31/2016,PAH,KY,ASO,CE,Federal Contract Tower,0,6,3,0,9,0,4,45,8,57,0,10,48,8,66,24,8,32,98
11/01/2016,PAH,KY,ASO,CE,Federal Contract Tower,0,6,16,4,26,0,2,45,2,49,0,8,61,6,75,26,0,26,101
11/02/2016,PAH,KY,ASO,CE,Federal Contract Tower,0,11,16,2,29,0,0,29,4,33,0,11,45,6,62,26,0,26,88
11/03/2016,PAH,KY,ASO,CE,Federal Contract Tower,0,6,17,7,30,0,0,11,4,15,0,6,28,11,45,0,0,0,45
11/04/2016,PAH,KY,ASO,CE,Federal Contract Tower,0,7,8,4,19,0,8,25,0,33,0,15,33,4,52,0,0,0,52
11/05/2016,PAH,KY,ASO,CE,Federal Contract Tower,0,2,8,0,10,0,0,13,0,13,0,2,21,0,23,6,0,6,29
11/06/2016,PAH,KY,ASO,CE,Federal Contract Tower,0,5,10,0,15,0,0,36,2,38,0,5,46,2,53,28,0,28,81
11/07/2016,PAH,KY,ASO,CE,Federal Contract Tower,0,8,10,2,20,0,4,51,4,59,0,12,61,6,79,26,0,26,105
11/08/2016,PAH,KY,ASO,CE,Federal Contract Tower,0,7,1,2,10,0,4,39,2,45,0,11,40,4,55,14,0,14,69
11/09/2016,PAH,KY,ASO,CE,Federal Contract Tower,0,11,7,0,18,0,4,40,0,44,0,15,47,0,62,14,0,14,76
11/10/2016,PAH,KY,ASO,CE,Federal Contract Tower,0,10,20,0,30,0,2,28,4,34,0,12,48,4,64,10,2,12,76
11/11/2016,PAH,KY,ASO,CE,Federal Contract Tower,0,6,5,0,11,0,0,23,2,25,0,6,28,2,36,12,0,12,48
11/12/2016,PAH,KY,ASO,CE,Federal Contract Tower,0,3,4,0,7,0,1,14,0,15,0,4,18,0,22,6,0,6,28
11/13/2016,PAH,KY,ASO,CE,Federal Contract Tower,0,7,8,0,15,0,2,42,0,44,0,9,50,0,59,18,0,18,77
11/14/2016,PAH,KY,ASO,CE,Federal Contract Tower,0,8,10,0,18,0,4,37,6,47,0,12,47,6,65,24,8,32,97
11/15/2016,PAH,KY,ASO,CE,Federal Contract Tower,0,9,8,0,17,0,2,46,4,52,0,11,54,4,69,22,2,24,93
11/16/2016,PAH,KY,ASO,CE,Federal Contract Tower,0,6,12,0,18,0,0,29,0,29,0,6,41,0,47,26,0,26,73
11/17/2016,PAH,KY,ASO,CE,Federal Contract Tower,0,9,13,0,22,0,4,26,0,30,0,13,39,0,52,14,0,14,66
11/18/2016,PAH,KY,ASO,CE,Federal Contract Tower,0,7,5,0,12,0,0,7,0,7,0,7,12,0,19,0,0,0,19
11/19/2016,PAH,KY,ASO,CE,Federal Contract Tower,0,2,3,0,5,0,0,3,0,3,0,2,6,0,8,0,0,0,8
11/20/2016,PAH,KY,ASO,CE,Federal Contract Tower,0,4,4,0,8,0,2,36,2,40,0,6,40,2,48,22,0,22,70
11/21/2016,PAH,KY,ASO,CE,Federal Contract Tower,0,7,12,8,27,0,2,48,8,58,0,9,60,16,85,32,0,32,117
11/22/2016,PAH,KY,ASO,CE,Federal Contract Tower,0,8,1,0,9,0,8,48,4,60,0,16,49,4,69,32,0,32,101
11/23/2016,PAH,KY,ASO,CE,Federal Contract Tower,0,5,6,0,11,0,4,8,0,12,0,9,14,0,23,0,0,0,23
11/24/2016,PAH,KY,ASO,CE,Federal Contract Tower,0,6,4,0,10,0,0,6,0,6,0,6,10,0,16,0,0,0,16
11/25/2016,PAH,KY,ASO,CE,Federal Contract Tower,0,7,10,0,17,0,0,15,0,15,0,7,25,0,32,26,0,26,58
11/26/2016,PAH,KY,ASO,CE,Federal Contract Tower,0,3,16,2,21,0,0,22,0,22,0,3,38,2,43,4,0,4,47
11/27/2016,PAH,KY,ASO,CE,Federal Contract Tower,0,11,6,0,17,0,4,34,0,38,0,15,40,0,55,20,0,20,75
11/28/2016,PAH,KY,ASO,CE,Federal Contract Tower,0,4,12,0,16,0,5,11,0,16,0,9,23,0,32,0,0,0,32
11/29/2016,PAH,KY,ASO,CE,Federal Contract Tower,0,11,16,2,29,0,4,36,6,46,0,15,52,8,75,24,6,30,105
11/30/2016,PAH,KY,ASO,CE,Federal Contract Tower,0,6,16,6,28,0,6,39,6,51,0,12,55,12,79,20,0,20,99
12/01/2016,PAH,KY,ASO,CE,Federal Contract Tower,0,10,23,2,35,0,6,31,2,39,0,16,54,4,74,18,0,18,92
12/02/2016,PAH,KY,ASO,CE,Federal Contract Tower,0,11,17,0,28,0,0,19,0,19,0,11,36,0,47,0,0,0,47
12/03/2016,PAH,KY,ASO,CE,Federal Contract Tower,0,5,5,0,10,0,0,15,0,15,0,5,20,0,25,6,0,6,31
12/04/2016,PAH,KY,ASO,CE,Federal Contract Tower,0,6,6,0,12,0,4,16,0,20,0,10,22,0,32,0,0,0,32
12/05/2016,PAH,KY,ASO,CE,Federal Contract Tower,0,5,14,2,21,0,0,36,6,42,0,5,50,8,63,44,6,50,113
12/06/2016,PAH,KY,ASO,CE,Federal Contract Tower,0,8,7,0,15,0,4,31,4,39,0,12,38,4,54,10,4,14,68
12/07/2016,PAH,KY,ASO,CE,Federal Contract Tower,0,12,12,0,24,0,2,31,0,33,0,14,43,0,57,18,0,18,75
12/08/2016,PAH,KY,ASO,CE,Federal Contract Tower,0,15,18,2,35,0,6,24,4,34,0,21,42,6,69,12,18,30,99
12/09/2016,PAH,KY,ASO,CE,Federal Contract Tower,2,4,18,0,24,0,18,24,0,42,2,22,42,0,66,6,0,6,72
12/10/2016,PAH,KY,ASO,CE,Federal Contract Tower,0,1,5,3,9,0,2,21,0,23,0,3,26,3,32,0,0,0,32
12/11/2016,PAH,KY,ASO,CE,Federal Contract Tower,0,2,7,0,9,0,4,14,0,18,0,6,21,0,27,0,0,0,27
12/12/2016,PAH,KY,ASO,CE,Federal Contract Tower,0,9,15,4,28,0,3,50,0,53,0,12,65,4,81,50,10,60,141
12/13/2016,PAH,KY,ASO,CE,Federal Contract Tower,2,6,13,5,26,0,0,41,5,46,2,6,54,10,72,36,4,40,112
12/14/2016,PAH,KY,ASO,CE,Federal Contract Tower,0,10,15,1,26,0,8,36,8,52,0,18,51,9,78,22,6,28,106
12/15/2016,PAH,KY,ASO,CE,Federal Contract Tower,0,12,14,0,26,0,11,29,0,40,0,23,43,0,66,4,0,4,70
12/16/2016,PAH,KY,ASO,CE,Federal Contract Tower,0,5,8,0,13,0,3,5,0,8,0,8,13,0,21,0,0,0,21
12/17/2016,PAH,KY,ASO,CE,Federal Contract Tower,0,1,3,0,4,0,0,0,0,0,0,1,3,0,4,0,0,0,4
12/18/2016,PAH,KY,ASO,CE,Federal Contract Tower,0,2,10,0,12,0,4,31,2,37,0,6,41,2,49,0,0,0,49
12/19/2016,PAH,KY,ASO,CE,Federal Contract Tower,0,11,11,2,24,0,3,37,9,49,0,14,48,11,73,26,6,32,105
12/20/2016,PAH,KY,ASO,CE,Federal Contract Tower,0,8,15,0,23,0,13,45,0,58,0,21,60,0,81,28,0,28,109
12/21/2016,PAH,KY,ASO,CE,Federal Contract Tower,0,8,5,0,13,0,4,36,6,46,0,12,41,6,59,28,0,28,87
12/22/2016,PAH,KY,ASO,CE,Federal Contract Tower,0,8,10,0,18,0,2,22,0,24,0,10,32,0,42,20,0,20,62
12/23/2016,PAH,KY,ASO,CE,Federal Contract Tower,0,6,9,0,15,0,0,10,0,10,0,6,19,0,25,0,0,0,25
12/24/2016,PAH,KY,ASO,CE,Federal Contract Tower,0,3,4,0,7,0,0,1,0,1,0,3,5,0,8,0,0,0,8
12/25/2016,PAH,KY,ASO,CE,Federal Contract Tower,0,7,1,0,8,0,0,10,0,10,0,7,11,0,18,0,0,0,18
12/26/2016,PAH,KY,ASO,CE,Federal Contract Tower,0,7,8,0,15,0,6,18,0,24,0,13,26,0,39,0,0,0,39
12/27/2016,PAH,KY,ASO,CE,Federal Contract Tower,0,13,17,0,30,0,4,47,0,51,0,17,64,0,81,36,0,36,117
12/28/2016,PAH,KY,ASO,CE,Federal Contract Tower,0,7,4,0,11,0,4,41,0,45,0,11,45,0,56,28,0,28,84
12/29/2016,PAH,KY,ASO,CE,Federal Contract Tower,0,8,10,0,18,0,0,26,0,26,0,8,36,0,44,16,0,16,60
12/30/2016,PAH,KY,ASO,CE,Federal Contract Tower,0,7,14,0,21,0,0,25,0,25,0,7,39,0,46,0,0,0,46
12/31/2016,PAH,KY,ASO,CE,Federal Contract Tower,0,2,0,0,2,0,0,3,0,3,0,2,3,0,5,0,0,0,5
01/01/2017,PAH,KY,ASO,CE,Federal Contract Tower,0,5,1,0,6,0,4,11,0,15,0,9,12,0,21,0,0,0,21
01/02/2017,PAH,KY,ASO,CE,Federal Contract Tower,0,4,1,0,5,0,0,0,0,0,0,4,1,0,5,0,0,0,5
01/03/2017,PAH,KY,ASO,CE,Federal Contract Tower,0,8,12,0,20,0,0,0,0,0,0,8,12,0,20,0,0,0,20
01/04/2017,PAH,KY,ASO,CE,Federal Contract Tower,0,10,15,1,26,0,3,31,1,35,0,13,46,2,61,24,0,24,85
01/05/2017,PAH,KY,ASO,CE,Federal Contract Tower,0,8,11,0,19,0,0,2,0,2,0,8,13,0,21,0,0,0,21
01/06/2017,PAH,KY,ASO,CE,Federal Contract Tower,0,15,8,4,27,0,0,7,0,7,0,15,15,4,34,0,0,0,34
01/07/2017,PAH,KY,ASO,CE,Federal Contract Tower,0,5,8,0,13,0,3,18,0,21,0,8,26,0,34,12,0,12,46
01/08/2017,PAH,KY,ASO,CE,Federal Contract Tower,0,4,6,0,10,0,1,24,0,25,0,5,30,0,35,16,0,16,51
01/09/2017,PAH,KY,ASO,CE,Federal Contract Tower,0,7,11,2,20,0,4,42,8,54,0,11,53,10,74,16,2,18,92
01/10/2017,PAH,KY,ASO,CE,Federal Contract Tower,0,6,4,0,10,0,4,20,0,24,0,10,24,0,34,0,0,0,34
01/11/2017,PAH,KY,ASO,CE,Federal Contract Tower,0,15,18,1,34,0,0,0,0,0,0,15,18,1,34,14,8,22,56
01/12/2017,PAH,KY,ASO,CE,Federal Contract Tower,0,10,6,7,23,0,2,14,0,16,0,12,20,7,39,18,0,18,57
01/13/2017,PAH,KY,ASO,CE,Federal Contract Tower,0,12,4,0,16,0,0,0,0,0,0,12,4,0,16,0,0,0,16
01/14/2017,PAH,KY,ASO,CE,Federal Contract Tower,0,2,1,0,3,0,0,0,0,0,0,2,1,0,3,0,0,0,3
01/15/2017,PAH,KY,ASO,CE,Federal Contract Tower,0,7,1,0,8,0,0,0,0,0,0,7,1,0,8,0,0,0,8
01/16/2017,PAH,KY,ASO,CE,Federal Contract Tower,0,5,9,0,14,0,4,17,0,21,0,9,26,0,35,0,0,0,35
01/17/2017,PAH,KY,ASO,CE,Federal Contract Tower,0,8,14,7,29,0,4,38,2,44,0,12,52,9,73,44,6,50,123
01/18/2017,PAH,KY,ASO,CE,Federal Contract Tower,0,6,12,0,18,0,2,33,4,39,0,8,45,4,57,24,8,32,89
01/19/2017,PAH,KY,ASO,CE,Federal Contract Tower,0,7,6,0,13,0,1,1,0,2,0,8,7,0,15,0,0,0,15
01/20/2017,PAH,KY,ASO,CE,Federal Contract Tower,0,12,10,1,23,0,0,8,1,9,0,12,18,2,32,0,0,0,32
01/21/2017,PAH,KY,ASO,CE,Federal Contract Tower,0,3,16,0,19,0,0,20,0,20,0,3,36,0,39,6,0,6,45
01/22/2017,PAH,KY,ASO,CE,Federal Contract Tower,0,5,6,0,11,0,4,24,0,28,0,9,30,0,39,26,0,26,65
01/23/2017,PAH,KY,ASO,CE,Federal Contract Tower,0,9,10,1,20,0,4,35,7,46,0,13,45,8,66,32,4,36,102
01/24/2017,PAH,KY,ASO,CE,Federal Contract Tower,0,8,8,0,16,0,19,41,2,62,0,27,49,2,78,50,0,50,128
01/25/2017,PAH,KY,ASO,CE,Federal Contract Tower,0,10,18,0,28,0,10,35,4,49,0,20,53,4,77,48,0,48,125
01/26/2017,PAH,KY,ASO,CE,Federal Contract Tower,0,11,14,2,27,0,4,22,0,26,0,15,36,2,53,14,0,14,67
01/27/2017,PAH,KY,ASO,CE,Federal Contract Tower,0,7,13,2,22,0,9,17,0,26,0,16,30,2,48,56,12,68,116
01/28/2017,PAH,KY,ASO,CE,Federal Contract Tower,0,2,4,0,6,0,6,18,0,24,0,8,22,0,30,6,0,6,36
01/29/2017,PAH,KY,ASO,CE,Federal Contract Tower,0,4,15,1,20,0,0,26,0,26,0,4,41,1,46,24,0,24,70
01/30/2017,PAH,KY,ASO,CE,Federal Contract Tower,0,7,9,2,18,0,6,40,2,48,0,13,49,4,66,28,2,30,96
01/31/2017,PAH,KY,ASO,CE,Federal Contract Tower,0,9,15,0,24,0,9,38,6,53,0,18,53,6,77,22,4,26,103
02/01/2017,PAH,KY,ASO,CE,Federal Contract Tower,0,10,12,4,26,0,5,25,0,30,0,15,37,4,56,28,0,28,84
02/02/2017,PAH,KY,ASO,CE,Federal Contract Tower,0,6,13,2,21,0,2,14,4,20,0,8,27,6,41,0,2,2,43
02/03/2017,PAH,KY,ASO,CE,Federal Contract Tower,0,6,11,0,17,0,7,19,2,28,0,13,30,2,45,14,0,14,59
02/04/2017,PAH,KY,ASO,CE,Federal Contract Tower,0,2,5,0,7,0,6,31,0,37,0,8,36,0,44,0,0,0,44
02/05/2017,PAH,KY,ASO,CE,Federal Contract Tower,0,6,3,0,9,0,4,37,0,41,0,10,40,0,50,38,0,38,88
02/06/2017,PAH,KY,ASO,CE,Federal Contract Tower,0,8,6,4,18,0,5,18,8,31,0,13,24,12,49,0,0,0,49
02/07/2017,PAH,KY,ASO,CE,Federal Contract Tower,0,6,9,0,15,0,4,36,2,42,0,10,45,2,57,30,4,34,91
02/08/2017,PAH,KY,ASO,CE,Federal Contract Tower,0,10,10,4,24,0,2,12,0,14,0,12,22,4,38,8,0,8,46
02/09/2017,PAH,KY,ASO,CE,Federal Contract Tower,0,4,15,6,25,0,17,29,0,46,0,21,44,6,71,8,0,8,79
02/10/2017,PAH,KY,ASO,CE,Federal Contract Tower,0,6,4,0,10,0,0,6,0,6,0,6,10,0,16,0,0,0,16
02/11/2017,PAH,KY,ASO,CE,Federal Contract Tower,0,2,12,0,14,0,0,9,0,9,0,2,21,0,23,0,0,0,23
02/12/2017,PAH,KY,ASO,CE,Federal Contract Tower,0,3,4,0,7,0,0,31,0,31,0,3,35,0,38,28,0,28,66
02/13/2017,PAH,KY,ASO,CE,Federal Contract Tower,0,6,11,0,17,0,4,40,8,52,0,10,51,8,69,30,4,34,103
02/14/2017,PAH,KY,ASO,CE,Federal Contract Tower,0,6,11,0,17,0,6,38,4,48,0,12,49,4,65,28,0,28,93
02/15/2017,PAH,KY,ASO,CE,Federal Contract Tower,0,8,13,0,21,0,13,26,2,41,0,21,39,2,62,30,0,30,92
02/16/2017,PAH,KY,ASO,CE,Federal Contract Tower,0,8,15,0,23,0,6,32,2,40,0,14,47,2,63,6,0,6,69
02/17/2017,PAH,KY,ASO,CE,Federal Contract Tower,0,8,16,0,24,0,43,29,0,72,0,51,45,0,96,8,0,8,104
02/18/2017,PAH,KY,ASO,CE,Federal Contract Tower,0,4,13,0,17,0,0,2,0,2,0,4,15,0,19,0,0,0,19
02/19/2017,PAH,KY,ASO,CE,Federal Contract Tower,0,8,6,0,14,0,2,36,0,38,0,10,42,0,52,30,0,30,82
02/20/2017,PAH,KY,ASO,CE,Federal Contract Tower,0,7,6,0,13,0,2,47,6,55,0,9,53,6,68,46,2,48,116
02/21/2017,PAH,KY,ASO,CE,Federal Contract Tower,0,8,23,0,31,0,8,35,4,47,0,16,58,4,78,24,0,24,102
02/22/2017,PAH,KY,ASO,CE,Federal Contract Tower,0,10,13,0,23,0,1,26,0,27,0,11,39,0,50,24,0,24,74
02/23/2017,PAH,KY,ASO,CE,Federal Contract Tower,0,8,15,0,23,0,3,27,4,34,0,11,42,4,57,12,0,12,69
02/24/2017,PAH,KY,ASO,CE,Federal Contract Tower,0,11,10,0,21,0,0,1,0,1,0,11,11,0,22,0,0,0,22
02/25/2017,PAH,KY,ASO,CE,Federal Contract Tower,0,3,7,3,13,0,4,18,1,23,0,7,25,4,36,6,0,6,42
02/26/2017,PAH,KY,ASO,CE,Federal Contract Tower,0,4,11,0,15,0,6,55,0,61,0,10,66,0,76,38,0,38,114
02/27/2017,PAH,KY,ASO,CE,Federal Contract Tower,0,6,9,2,17,0,4,54,6,64,0,10,63,8,81,30,2,32,113
02/28/2017,PAH,KY,ASO,CE,Federal Contract Tower,0,4,4,0,8,0,0,7,0,7,0,4,11,0,15,0,0,0,15
03/01/2017,PAH,KY,ASO,CE,Federal Contract Tower,0,13,6,0,19,0,2,23,4,29,0,15,29,4,48,10,2,12,60
03/02/2017,PAH,KY,ASO,CE,Federal Contract Tower,0,10,9,0,19,0,6,31,0,37,0,16,40,0,56,24,0,24,80
03/03/2017,PAH,KY,ASO,CE,Federal Contract Tower,0,6,4,6,16,0,0,27,0,27,0,6,31,6,43,12,0,12,55
03/04/2017,PAH,KY,ASO,CE,Federal Contract Tower,0,4,7,0,11,0,2,16,0,18,0,6,23,0,29,20,0,20,49
03/05/2017,PAH,KY,ASO,CE,Federal Contract Tower,0,4,6,0,10,0,2,35,0,37,0,6,41,0,47,14,0,14,61
03/06/2017,PAH,KY,ASO,CE,Federal Contract Tower,0,8,6,2,16,0,4,41,6,51,0,12,47,8,67,14,0,14,81
03/07/2017,PAH,KY,ASO,CE,Federal Contract Tower,0,9,5,4,18,0,0,41,4,45,0,9,46,8,63,36,4,40,103
03/08/2017,PAH,KY,ASO,CE,Federal Contract Tower,0,10,8,0,18,0,4,47,0,51,0,14,55,0,69,30,0,30,99
03/09/2017,PAH,KY,ASO,CE,Federal Contract Tower,0,6,15,3,24,0,2,39,4,45,0,8,54,7,69,22,0,22,91
03/10/2017,PAH,KY,ASO,CE,Federal Contract Tower,0,9,9,2,20,0,2,19,2,23,0,11,28,4,43,8,0,8,51
03/11/2017,PAH,KY,ASO,CE,Federal Contract Tower,0,4,1,0,5,0,0,6,0,6,0,4,7,0,11,2,0,2,13
03/12/2017,PAH,KY,ASO,CE,Federal Contract Tower,0,4,7,0,11,0,4,48,0,52,0,8,55,0,63,34,0,34,97
03/13/2017,PAH,KY,ASO,CE,Federal Contract Tower,0,8,10,0,18,0,2,10,0,12,0,10,20,0,30,0,0,0,30
03/14/2017,PAH,KY,ASO,CE,Federal Contract Tower,0,9,6,0,15,0,4,38,6,48,0,13,44,6,63,26,2,28,91
03/15/2017,PAH,KY,ASO,CE,Federal Contract Tower,0,8,21,0,29,0,4,42,4,50,0,12,63,4,79,14,4,18,97
03/16/2017,PAH,KY,ASO,CE,Federal Contract Tower,0,6,9,5,20,0,2,27,1,30,0,8,36,6,50,10,0,10,60
03/17/2017,PAH,KY,ASO,CE,Federal Contract Tower,0,7,23,0,30,0,0,5,0,5,0,7,28,0,35,0,0,0,35
03/18/2017,PAH,KY,ASO,CE,Federal Contract Tower,0,4,8,0,12,0,1,12,0,13,0,5,20,0,25,4,0,4,29
03/19/2017,PAH,KY,ASO,CE,Federal Contract Tower,0,5,14,0,19,0,1,55,0,56,0,6,69,0,75,24,0,24,99
03/20/2017,PAH,KY,ASO,CE,Federal Contract Tower,0,8,15,2,25,0,2,45,6,53,0,10,60,8,78,32,6,38,116
03/21/2017,PAH,KY,ASO,CE,Federal Contract Tower,0,8,15,0,23,0,0,31,6,37,0,8,46,6,60,20,4,24,84
03/22/2017,PAH,KY,ASO,CE,Federal Contract Tower,0,12,10,0,22,0,2,42,0,44,0,14,52,0,66,16,0,16,82
03/23/2017,PAH,KY,ASO,CE,Federal Contract Tower,0,11,10,0,21,0,2,23,0,25,0,13,33,0,46,6,0,6,52
03/24/2017,PAH,KY,ASO,CE,Federal Contract Tower,0,4,8,0,12,0,0,10,0,10,0,4,18,0,22,4,0,4,26
03/25/2017,PAH,KY,ASO,CE,Federal Contract Tower,0,3,7,0,10,0,0,2,0,2,0,3,9,0,12,0,0,0,12
03/26/2017,PAH,KY,ASO,CE,Federal Contract Tower,0,14,9,0,23,0,4,39,0,43,0,18,48,0,66,28,0,28,94
03/27/2017,PAH,KY,ASO,CE,Federal Contract Tower,0,6,3,0,9,0,0,35,6,41,0,6,38,6,50,18,6,24,74
03/28/2017,PAH,KY,ASO,CE,Federal Contract Tower,0,9,32,4,45,0,0,29,6,35,0,9,61,10,80,16,6,22,102
03/29/2017,PAH,KY,ASO,CE,Federal Contract Tower,0,11,8,0,19,0,0,31,1,32,0,11,39,1,51,20,0,20,71
03/30/2017,PAH,KY,ASO,CE,Federal Contract Tower,0,5,8,0,13,0,1,12,0,13,0,6,20,0,26,6,0,6,32
04/02/2017,PAH,KY,ASO,CE,Federal Contract Tower,0,7,7,0,14,0,0,50,2,52,0,7,57,2,66,36,0,36,102
04/03/2017,PAH,KY,ASO,CE,Federal Contract Tower,0,6,9,0,15,0,4,32,4,40,0,10,41,4,55,18,0,18,73
04/04/2017,PAH,KY,ASO,CE,Federal Contract Tower,0,8,17,0,25,0,4,63,0,67,0,12,80,0,92,50,0,50,142
04/05/2017,PAH,KY,ASO,CE,Federal Contract Tower,0,7,11,0,18,0,2,12,0,14,0,9,23,0,32,10,0,10,42
04/06/2017,PAH,KY,ASO,CE,Federal Contract Tower,0,11,17,0,28,0,4,21,0,25,0,15,38,0,53,4,0,4,57
04/07/2017,PAH,KY,ASO,CE,Federal Contract Tower,0,9,6,3,18,0,0,37,0,37,0,9,43,3,55,10,4,14,69
04/08/2017,PAH,KY,ASO,CE,Federal Contract Tower,0,2,7,0,9,0,0,54,0,54,0,2,61,0,63,16,0,16,79
04/09/2017,PAH,KY,ASO,CE,Federal Contract Tower,0,11,14,0,25,0,6,45,0,51,0,17,59,0,76,20,0,20,96
04/10/2017,PAH,KY,ASO,CE,Federal Contract Tower,0,6,9,2,17,0,2,39,8,49,0,8,48,10,66,18,6,24,90
04/11/2017,PAH,KY,ASO,CE,Federal Contract Tower,0,8,7,1,16,0,2,32,5,39,0,10,39,6,55,12,2,14,69
04/12/2017,PAH,KY,ASO,CE,Federal Contract Tower,0,6,13,3,22,0,8,31,1,40,0,14,44,4,62,16,0,16,78
04/13/2017,PAH,KY,ASO,CE,Federal Contract Tower,0,5,17,2,24,0,2,14,10,26,0,7,31,12,50,6,0,6,56
04/14/2017,PAH,KY,ASO,CE,Federal Contract Tower,0,8,4,0,12,0,0,43,0,43,0,8,47,0,55,12,0,12,67
04/15/2017,PAH,KY,ASO,CE,Federal Contract Tower,0,2,3,0,5,0,0,18,0,18,0,2,21,0,23,0,0,0,23
04/16/2017,PAH,KY,ASO,CE,Federal Contract Tower,0,5,1,0,6,0,4,29,0,33,0,9,30,0,39,0,0,0,39
04/17/2017,PAH,KY,ASO,CE,Federal Contract Tower,0,6,9,0,15,0,0,20,2,22,0,6,29,2,37,8,0,8,45
04/18/2017,PAH,KY,ASO,CE,Federal Contract Tower,0,9,16,4,29,0,4,37,5,46,0,13,53,9,75,22,0,22,97
04/19/2017,PAH,KY,ASO,CE,Federal Contract Tower,0,14,11,0,25,0,4,44,2,50,0,18,55,2,75,30,0,30,105
04/20/2017,PAH,KY,ASO,CE,Federal Contract Tower,0,6,9,2,17,0,3,21,2,26,0,9,30,4,43,10,0,10,53
04/21/2017,PAH,KY,ASO,CE,Federal Contract Tower,0,6,12,2,20,0,0,0,0,0,0,6,12,2,20,0,0,0,20
04/22/2017,PAH,KY,ASO,CE,Federal Contract Tower,0,3,11,0,14,0,0,2,0,2,0,3,13,0,16,0,0,0,16
04/23/2017,PAH,KY,ASO,CE,Federal Contract Tower,0,12,8,0,20,0,0,37,1,38,0,12,45,1,58,20,0,20,78
04/24/2017,PAH,KY,ASO,CE,Federal Contract Tower,0,9,7,8,24,0,6,43,6,55,0,15,50,14,79,26,6,32,111
04/25/2017,PAH,KY,ASO,CE,Federal Contract Tower,0,6,12,4,22,0,0,48,6,54,0,6,60,10,76,30,2,32,108
04/26/2017,PAH,KY,ASO,CE,Federal Contract Tower,0,7,15,0,22,0,4,39,0,43,0,11,54,0,65,18,0,18,83
04/27/2017,PAH,KY,ASO,CE,Federal Contract Tower,0,9,22,0,31,0,0,34,4,38,0,9,56,4,69,4,2,6,75
04/28/2017,PAH,KY,ASO,CE,Federal Contract Tower,0,10,6,0,16,0,0,17,0,17,0,10,23,0,33,0,0,0,33
04/29/2017,PAH,KY,ASO,CE,Federal Contract Tower,0,1,7,0,8,0,0,5,0,5,0,1,12,0,13,0,0,0,13
04/30/2017,PAH,KY,ASO,CE,Federal Contract Tower,0,8,2,0,10,0,2,26,0,28,0,10,28,0,38,0,0,0,38
05/01/2017,PAH,KY,ASO,CE,Federal Contract Tower,0,6,11,0,17,0,0,33,6,39,0,6,44,6,56,10,4,14,70
05/02/2017,PAH,KY,ASO,CE,Federal Contract Tower,0,6,14,6,26,0,4,52,8,64,0,10,66,14,90,22,2,24,114
05/03/2017,PAH,KY,ASO,CE,Federal Contract Tower,0,9,18,0,27,0,0,27,2,29,0,9,45,2,56,16,0,16,72
05/04/2017,PAH,KY,ASO,CE,Federal Contract Tower,0,9,5,0,14,0,0,0,0,0,0,9,5,0,14,0,0,0,14
05/05/2017,PAH,KY,ASO,CE,Federal Contract Tower,0,13,10,0,23,0,0,7,0,7,0,13,17,0,30,0,0,0,30
05/06/2017,PAH,KY,ASO,CE,Federal Contract Tower,0,4,11,2,17,0,0,20,0,20,0,4,31,2,37,0,0,0,37
05/07/2017,PAH,KY,ASO,CE,Federal Contract Tower,0,10,4,0,14,0,2,54,0,56,0,12,58,0,70,32,0,32,102
05/08/2017,PAH,KY,ASO,CE,Federal Contract Tower,0,8,10,1,19,0,4,49,7,60,0,12,59,8,79,32,0,32,111
05/09/2017,PAH,KY,ASO,CE,Federal Contract Tower,0,6,10,0,16,0,6,41,2,49,0,12,51,2,65,26,0,26,91
05/10/2017,PAH,KY,ASO,CE,Federal Contract Tower,0,11,14,0,25,0,7,44,4,55,0,18,58,4,80,20,0,20,100
05/11/2017,PAH,KY,ASO,CE,Federal Contract Tower,0,7,6,0,13,0,0,13,0,13,0,7,19,0,26,0,0,0,26
05/12/2017,PAH,KY,ASO,CE,Federal Contract Tower,0,9,9,0,18,0,0,10,0,10,0,9,19,0,28,0,0,0,28
05/13/2017,PAH,KY,ASO,CE,Federal Contract Tower,0,8,6,0,14,0,0,42,0,42,0,8,48,0,56,0,0,0,56
05/14/2017,PAH,KY,ASO,CE,Federal Contract Tower,0,10,1,0,11,0,0,37,0,37,0,10,38,0,48,18,0,18,66
05/15/2017,PAH,KY,ASO,CE,Federal Contract Tower,0,9,8,1,18,0,6,57,5,68,0,15,65,6,86,34,2,36,122
05/16/2017,PAH,KY,ASO,CE,Federal Contract Tower,0,8,9,0,17,0,6,48,4,58,0,14,57,4,75,28,0,28,103
05/17/2017,PAH,KY,ASO,CE,Federal Contract Tower,0,9,8,0,17,0,2,35,2,39,0,11,43,2,56,20,4,24,80
05/18/2017,PAH,KY,ASO,CE,Federal Contract Tower,0,8,12,0,20,0,2,14,0,16,0,10,26,0,36,12,0,12,48
05/19/2017,PAH,KY,ASO,CE,Federal Contract Tower,0,5,7,0,12,0,0,8,0,8,0,5,15,0,20,0,0,0,20
05/20/2017,PAH,KY,ASO,CE,Federal Contract Tower,0,4,7,0,11,0,0,1,0,1,0,4,8,0,12,0,0,0,12
05/21/2017,PAH,KY,ASO,CE,Federal Contract Tower,0,5,7,2,14,0,6,41,4,51,0,11,48,6,65,28,0,28,93
05/22/2017,PAH,KY,ASO,CE,Federal Contract Tower,0,6,10,1,17,0,4,56,7,67,0,10,66,8,84,30,0,30,114
05/23/2017,PAH,KY,ASO,CE,Federal Contract Tower,0,9,23,0,32,0,4,43,2,49,0,13,66,2,81,14,0,14,95
05/24/2017,PAH,KY,ASO,CE,Federal Contract Tower,0,6,13,8,27,0,2,31,4,37,0,8,44,12,64,22,0,22,86
05/25/2017,PAH,KY,ASO,CE,Federal Contract Tower,0,11,12,0,23,0,4,40,0,44,0,15,52,0,67,28,0,28,95
05/26/2017,PAH,KY,ASO,CE,Federal Contract Tower,0,9,12,0,21,0,4,26,0,30,0,13,38,0,51,4,0,4,55
05/27/2017,PAH,KY,ASO,CE,Federal Contract Tower,0,2,0,0,2,0,0,3,0,3,0,2,3,0,5,0,0,0,5
05/28/2017,PAH,KY,ASO,CE,Federal Contract Tower,0,6,2,0,8,0,2,32,0,34,0,8,34,0,42,18,0,18,60
05/29/2017,PAH,KY,ASO,CE,Federal Contract Tower,0,8,3,0,11,0,0,35,0,35,0,8,38,0,46,32,0,32,78
05/30/2017,PAH,KY,ASO,CE,Federal Contract Tower,0,6,7,0,13,0,4,48,6,58,0,10,55,6,71,14,8,22,93
05/31/2017,PAH,KY,ASO,CE,Federal Contract Tower,0,6,9,0,15,0,2,42,0,44,0,8,51,0,59,22,0,22,81
06/01/2017,PAH,KY,ASO,CE,Federal Contract Tower,0,12,23,0,35,0,2,29,0,31,0,14,52,0,66,10,0,10,76
06/02/2017,PAH,KY,ASO,CE,Federal Contract Tower,0,8,6,0,14,0,0,29,0,29,0,8,35,0,43,6,0,6,49
06/03/2017,PAH,KY,ASO,CE,Federal Contract Tower,0,2,4,0,6,0,0,15,0,15,0,2,19,0,21,14,0,14,35
06/04/2017,PAH,KY,ASO,CE,Federal Contract Tower,0,5,4,0,9,0,4,33,0,37,0,9,37,0,46,14,0,14,60
06/05/2017,PAH,KY,ASO,CE,Federal Contract Tower,0,10,9,0,19,0,2,46,4,52,0,12,55,4,71,28,0,28,99
06/06/2017,PAH,KY,ASO,CE,Federal Contract Tower,0,5,10,1,16,0,2,43,1,46,0,7,53,2,62,20,0,20,82
06/07/2017,PAH,KY,ASO,CE,Federal Contract Tower,0,8,10,0,18,0,8,42,2,52,0,16,52,2,70,34,2,36,106
06/08/2017,PAH,KY,ASO,CE,Federal Contract Tower,0,9,10,0,19,0,4,25,0,29,0,13,35,0,48,8,0,8,56
06/09/2017,PAH,KY,ASO,CE,Federal Contract Tower,0,9,11,4,24,0,0,31,0,31,0,9,42,4,55,0,0,0,55
06/10/2017,PAH,KY,ASO,CE,Federal Contract Tower,0,3,6,0,9,0,0,40,4,44,0,3,46,4,53,10,2,12,65
06/11/2017,PAH,KY,ASO,CE,Federal Contract Tower,0,4,7,0,11,0,4,57,2,63,0,8,64,2,74,46,0,46,120
06/12/2017,PAH,KY,ASO,CE,Federal Contract Tower,0,6,11,0,17,0,2,55,8,65,0,8,66,8,82,30,8,38,120
06/13/2017,PAH,KY,ASO,CE,Federal Contract Tower,0,5,7,0,12,0,4,39,2,45,0,9,46,2,57,24,2,26,83
06/14/2017,PAH,KY,ASO,CE,Federal Contract Tower,0,13,17,0,30,0,1,28,2,31,0,14,45,2,61,12,0,12,73
06/15/2017,PAH,KY,ASO,CE,Federal Contract Tower,0,6,12,6,24,0,5,2,0,7,0,11,14,6,31,0,0,0,31
06/16/2017,PAH,KY,ASO,CE,Federal Contract Tower,0,6,16,0,22,0,0,18,0,18,0,6,34,0,40,8,0,8,48
06/17/2017,PAH,KY,ASO,CE,Federal Contract Tower,0,5,7,0,12,0,0,28,6,34,0,5,35,6,46,8,0,8,54
06/18/2017,PAH,KY,ASO,CE,Federal Contract Tower,0,5,1,0,6,0,0,1,0,1,0,5,2,0,7,0,0,0,7
06/19/2017,PAH,KY,ASO,CE,Federal Contract Tower,0,6,12,0,18,0,0,18,0,18,0,6,30,0,36,6,0,6,42
06/20/2017,PAH,KY,ASO,CE,Federal Contract Tower,0,6,6,0,12,0,0,20,2,22,0,6,26,2,34,10,0,10,44
06/21/2017,PAH,KY,ASO,CE,Federal Contract Tower,0,6,14,4,24,0,0,34,0,34,0,6,48,4,58,16,0,16,74
06/22/2017,PAH,KY,ASO,CE,Federal Contract Tower,0,8,10,0,18,0,0,11,0,11,0,8,21,0,29,8,0,8,37
06/23/2017,PAH,KY,ASO,CE,Federal Contract Tower,0,10,1,0,11,0,0,7,0,7,0,10,8,0,18,0,0,0,18
06/24/2017,PAH,KY,ASO,CE,Federal Contract Tower,0,11,8,0,19,0,0,26,0,26,0,11,34,0,45,6,0,6,51
06/25/2017,PAH,KY,ASO,CE,Federal Contract Tower,0,5,10,0,15,0,0,23,0,23,0,5,33,0,38,14,0,14,52
06/26/2017,PAH,KY,ASO,CE,Federal Contract Tower,0,9,15,0,24,0,0,30,0,30,0,9,45,0,54,20,0,20,74
06/27/2017,PAH,KY,ASO,CE,Federal Contract Tower,0,8,14,2,24,0,0,23,6,29,0,8,37,8,53,10,0,10,63
06/28/2017,PAH,KY,ASO,CE,Federal Contract Tower,0,15,10,0,25,0,5,37,0,42,0,20,47,0,67,16,0,16,83
06/29/2017,PAH,KY,ASO,CE,Federal Contract Tower,0,8,19,0,27,0,0,14,5,19,0,8,33,5,46,14,0,14,60
06/30/2017,PAH,KY,ASO,CE,Federal Contract Tower,0,10,8,0,18,0,0,6,0,6,0,10,14,0,24,8,0,8,32
07/01/2017,PAH,KY,ASO,CE,Federal Contract Tower,0,6,16,0,22,0,0,25,0,25,0,6,41,0,47,0,0,0,47
07/02/2017,PAH,KY,ASO,CE,Federal Contract Tower,0,6,7,0,13,0,2,50,0,52,0,8,57,0,65,28,0,28,93
07/03/2017,PAH,KY,ASO,CE,Federal Contract Tower,0,9,11,0,20,0,6,41,0,47,0,15,52,0,67,20,0,20,87
07/04/2017,PAH,KY,ASO,CE,Federal Contract Tower,0,6,6,0,12,0,4,32,0,36,0,10,38,0,48,16,0,16,64
07/05/2017,PAH,KY,ASO,CE,Federal Contract Tower,0,6,15,0,21,0,0,33,0,33,0,6,48,0,54,12,0,12,66
07/06/2017,PAH,KY,ASO,CE,Federal Contract Tower,0,6,19,0,25,0,0,14,2,16,0,6,33,2,41,0,2,2,43
07/07/2017,PAH,KY,ASO,CE,Federal Contract Tower,0,8,12,0,20,0,0,25,0,25,0,8,37,0,45,4,0,4,49
07/08/2017,PAH,KY,ASO,CE,Federal Contract Tower,0,2,6,0,8,0,0,41,0,41,0,2,47,0,49,0,0,0,49
07/09/2017,PAH,KY,ASO,CE,Federal Contract Tower,0,4,8,2,14,0,0,50,2,52,0,4,58,4,66,34,0,34,100
07/10/2017,PAH,KY,ASO,CE,Federal Contract Tower,0,7,13,0,20,0,7,60,6,73,0,14,73,6,93,28,2,30,123
07/12/2017,PAH,KY,ASO,CE,Federal Contract Tower,0,6,16,0,22,0,2,37,2,41,0,8,53,2,63,20,2,22,85
07/13/2017,PAH,KY,ASO,CE,Federal Contract Tower,0,14,8,2,24,0,2,36,0,38,0,16,44,2,62,14,0,14,76
07/15/2017,PAH,KY,ASO,CE,Federal Contract Tower,0,4,4,0,8,0,0,29,0,29,0,4,33,0,37,12,0,12,49
07/16/2017,PAH,KY,ASO,CE,Federal Contract Tower,0,5,6,0,11,0,0,49,0,49,0,5,55,0,60,52,0,52,112
07/17/2017,PAH,KY,ASO,CE,Federal Contract Tower,0,6,17,3,26,0,59,6,0,65,0,65,23,3,91,30,4,34,125
07/18/2017,PAH,KY,ASO,CE,Federal Contract Tower,0,12,10,4,26,0,4,42,2,48,0,16,52,6,74,22,0,22,96
07/19/2017,PAH,KY,ASO,CE,Federal Contract Tower,0,6,17,1,24,0,4,50,5,59,0,10,67,6,83,26,0,26,109
07/20/2017,PAH,KY,ASO,CE,Federal Contract Tower,0,11,11,2,24,0,7,27,0,34,0,18,38,2,58,8,0,8,66
07/21/2017,PAH,KY,ASO,CE,Federal Contract Tower,0,6,7,0,13,0,0,13,2,15,0,6,20,2,28,0,0,0,28
07/22/2017,PAH,KY,ASO,CE,Federal Contract Tower,0,1,4,0,5,0,2,42,0,44,0,3,46,0,49,4,0,4,53
07/23/2017,PAH,KY,ASO,CE,Federal Contract Tower,0,5,8,0,13,0,0,47,0,47,0,5,55,0,60,16,0,16,76
07/24/2017,PAH,KY,ASO,CE,Federal Contract Tower,0,14,10,0,24,0,8,52,0,60,0,22,62,0,84,24,0,24,108
07/25/2017,PAH,KY,ASO,CE,Federal Contract Tower,0,13,15,0,28,0,2,38,4,44,0,15,53,4,72,20,0,20,92
07/26/2017,PAH,KY,ASO,CE,Federal Contract Tower,0,9,21,3,33,0,4,31,1,36,0,13,52,4,69,14,0,14,83
07/27/2017,PAH,KY,ASO,CE,Federal Contract Tower,0,11,12,0,23,0,0,20,2,22,0,11,32,2,45,6,4,10,55
07/28/2017,PAH,KY,ASO,CE,Federal Contract Tower,0,8,13,0,21,0,0,21,0,21,0,8,34,0,42,8,0,8,50
07/29/2017,PAH,KY,ASO,CE,Federal Contract Tower,0,2,3,0,5,0,0,29,0,29,0,2,32,0,34,20,0,20,54
07/30/2017,PAH,KY,ASO,CE,Federal Contract Tower,0,3,8,0,11,0,2,52,0,54,0,5,60,0,65,26,0,26,91
07/31/2017,PAH,KY,ASO,CE,Federal Contract Tower,0,7,12,0,19,0,4,47,6,57,0,11,59,6,76,28,4,32,108
08/01/2017,PAH,KY,ASO,CE,Federal Contract Tower,0,6,11,0,17,0,4,43,2,49,0,10,54,2,66,22,0,22,88
08/02/2017,PAH,KY,ASO,CE,Federal Contract Tower,0,6,1,1,8,0,2,48,5,55,0,8,49,6,63,20,0,20,83
08/03/2017,PAH,KY,ASO,CE,Federal Contract Tower,0,5,5,0,10,0,2,24,0,26,0,7,29,0,36,12,0,12,48
08/04/2017,PAH,KY,ASO,CE,Federal Contract Tower,0,5,6,4,15,0,0,37,0,37,0,5,43,4,52,8,0,8,60
08/05/2017,PAH,KY,ASO,CE,Federal Contract Tower,0,2,1,0,3,0,0,22,0,22,0,2,23,0,25,0,0,0,25
08/06/2017,PAH,KY,ASO,CE,Federal Contract Tower,0,4,7,0,11,0,2,35,0,37,0,6,42,0,48,0,0,0,48
08/07/2017,PAH,KY,ASO,CE,Federal Contract Tower,0,6,4,0,10,0,2,41,4,47,0,8,45,4,57,24,4,28,85
08/08/2017,PAH,KY,ASO,CE,Federal Contract Tower,0,6,11,4,21,0,2,44,6,52,0,8,55,10,73,8,8,16,89
08/09/2017,PAH,KY,ASO,CE,Federal Contract Tower,0,6,16,4,26,0,0,39,2,41,0,6,55,6,67,16,2,18,85
08/10/2017,PAH,KY,ASO,CE,Federal Contract Tower,0,6,14,4,24,0,2,30,0,32,0,8,44,4,56,10,0,10,66
08/11/2017,PAH,KY,ASO,CE,Federal Contract Tower,0,9,11,0,20,0,0,22,0,22,0,9,33,0,42,12,0,12,54
08/12/2017,PAH,KY,ASO,CE,Federal Contract Tower,0,3,2,0,5,0,0,27,0,27,0,3,29,0,32,0,0,0,32
08/13/2017,PAH,KY,ASO,CE,Federal Contract Tower,0,4,10,0,14,0,4,42,0,46,0,8,52,0,60,38,0,38,98
08/14/2017,PAH,KY,ASO,CE,Federal Contract Tower,0,6,6,0,12,0,4,27,0,31,0,10,33,0,43,0,0,0,43
08/15/2017,PAH,KY,ASO,CE,Federal Contract Tower,0,6,11,4,21,0,4,26,3,33,0,10,37,7,54,6,4,10,64
08/16/2017,PAH,KY,ASO,CE,Federal Contract Tower,0,8,11,4,23,0,2,25,2,29,0,10,36,6,52,12,10,22,74
08/17/2017,PAH,KY,ASO,CE,Federal Contract Tower,0,7,14,3,24,0,2,21,7,30,0,9,35,10,54,12,2,14,68
08/18/2017,PAH,KY,ASO,CE,Federal Contract Tower,0,9,8,0,17,0,0,27,0,27,0,9,35,0,44,18,0,18,62
08/19/2017,PAH,KY,ASO,CE,Federal Contract Tower,0,2,5,0,7,0,2,20,0,22,0,4,25,0,29,10,0,10,39
08/20/2017,PAH,KY,ASO,CE,Federal Contract Tower,0,7,8,0,15,0,0,44,0,44,0,7,52,0,59,26,0,26,85
08/21/2017,PAH,KY,ASO,CE,Federal Contract Tower,0,17,70,0,87,0,0,106,0,106,0,17,176,0,193,2,0,2,195
08/22/2017,PAH,KY,ASO,CE,Federal Contract Tower,0,6,11,1,18,0,2,37,3,42,0,8,48,4,60,14,2,16,76
08/23/2017,PAH,KY,ASO,CE,Federal Contract Tower,0,12,17,3,32,0,2,38,7,47,0,14,55,10,79,16,4,20,99
08/24/2017,PAH,KY,ASO,CE,Federal Contract Tower,0,12,18,0,30,0,2,26,2,30,0,14,44,2,60,14,2,16,76
08/25/2017,PAH,KY,ASO,CE,Federal Contract Tower,0,9,1,2,12,0,0,26,0,26,0,9,27,2,38,6,0,6,44
08/26/2017,PAH,KY,ASO,CE,Federal Contract Tower,0,3,12,0,15,0,2,26,0,28,0,5,38,0,43,0,0,0,43
08/27/2017,PAH,KY,ASO,CE,Federal Contract Tower,0,8,9,0,17,0,1,45,0,46,0,9,54,0,63,26,0,26,89
08/28/2017,PAH,KY,ASO,CE,Federal Contract Tower,0,6,3,0,9,0,4,44,6,54,0,10,47,6,63,20,8,28,91
08/29/2017,PAH,KY,ASO,CE,Federal Contract Tower,0,8,21,3,32,0,2,43,8,53,0,10,64,11,85,16,2,18,103
08/30/2017,PAH,KY,ASO,CE,Federal Contract Tower,0,7,14,3,24,0,4,32,7,43,0,11,46,10,67,14,0,14,81
08/31/2017,PAH,KY,ASO,CE,Federal Contract Tower,0,7,2,0,9,0,0,13,6,19,0,7,15,6,28,0,4,4,32
09/01/2017,PAH,KY,ASO,CE,Federal Contract Tower,0,6,7,0,13,0,0,7,0,7,0,6,14,0,20,0,0,0,20
09/02/2017,PAH,KY,ASO,CE,Federal Contract Tower,0,2,5,0,7,0,0,47,0,47,0,2,52,0,54,14,0,14,68
09/03/2017,PAH,KY,ASO,CE,Federal Contract Tower,0,9,2,0,11,0,0,43,0,43,0,9,45,0,54,28,0,28,82
09/04/2017,PAH,KY,ASO,CE,Federal Contract Tower,0,6,4,0,10,0,2,44,0,46,0,8,48,0,56,16,0,16,72
09/05/2017,PAH,KY,ASO,CE,Federal Contract Tower,0,6,10,2,18,0,0,36,6,42,0,6,46,8,60,18,2,20,80
09/06/2017,PAH,KY,ASO,CE,Federal Contract Tower,0,9,16,0,25,0,2,26,0,28,0,11,42,0,53,16,0,16,69
09/07/2017,PAH,KY,ASO,CE,Federal Contract Tower,0,8,10,0,18,0,0,24,0,24,0,8,34,0,42,2,0,2,44
09/08/2017,PAH,KY,ASO,CE,Federal Contract Tower,0,6,9,0,15,0,0,37,0,37,0,6,46,0,52,12,0,12,64
09/09/2017,PAH,KY,ASO,CE,Federal Contract Tower,0,4,3,0,7,0,0,33,0,33,0,4,36,0,40,22,0,22,62
09/10/2017,PAH,KY,ASO,CE,Federal Contract Tower,0,8,13,0,21,0,0,24,0,24,0,8,37,0,45,8,0,8,53
09/11/2017,PAH,KY,ASO,CE,Federal Contract Tower,0,7,9,0,16,0,4,48,4,56,0,11,57,4,72,26,2,28,100
09/12/2017,PAH,KY,ASO,CE,Federal Contract Tower,0,6,6,0,12,0,2,17,2,21,0,8,23,2,33,0,6,6,39
09/13/2017,PAH,KY,ASO,CE,Federal Contract Tower,0,6,4,0,10,0,0,19,6,25,0,6,23,6,35,14,2,16,51
09/14/2017,PAH,KY,ASO,CE,Federal Contract Tower,0,8,10,1,19,0,1,46,18,65,0,9,56,19,84,8,0,8,92
09/15/2017,PAH,KY,ASO,CE,Federal Contract Tower,0,6,16,0,22,0,0,34,0,34,0,6,50,0,56,8,0,8,64
09/16/2017,PAH,KY,ASO,CE,Federal Contract Tower,0,4,8,0,12,0,2,23,4,29,0,6,31,4,41,12,14,26,67
09/17/2017,PAH,KY,ASO,CE,Federal Contract Tower,0,10,8,0,18,0,0,43,0,43,0,10,51,0,61,36,0,36,97
09/18/2017,PAH,KY,ASO,CE,Federal Contract Tower,0,6,6,0,12,0,6,44,6,56,0,12,50,6,68,32,6,38,106
09/19/2017,PAH,KY,ASO,CE,Federal Contract Tower,0,8,10,0,18,0,2,33,2,37,0,10,43,2,55,22,0,22,77
09/20/2017,PAH,KY,ASO,CE,Federal Contract Tower,0,9,17,0,26,0,5,33,4,42,0,14,50,4,68,12,0,12,80
09/21/2017,PAH,KY,ASO,CE,Federal Contract Tower,0,9,12,5,26,0,4,32,3,39,0,13,44,8,65,10,10,20,85
09/22/2017,PAH,KY,ASO,CE,Federal Contract Tower,0,10,10,0,20,0,0,20,0,20,0,10,30,0,40,10,0,10,50
09/23/2017,PAH,KY,ASO,CE,Federal Contract Tower,0,4,4,0,8,0,0,22,0,22,0,4,26,0,30,0,0,0,30
09/24/2017,PAH,KY,ASO,CE,Federal Contract Tower,0,5,7,0,12,0,2,35,0,37,0,7,42,0,49,12,0,12,61
09/25/2017,PAH,KY,ASO,CE,Federal Contract Tower,0,6,7,2,15,0,6,41,4,51,0,12,48,6,66,38,6,44,110
09/26/2017,PAH,KY,ASO,CE,Federal Contract Tower,0,12,9,6,27,0,0,37,4,41,0,12,46,10,68,12,10,22,90
09/27/2017,PAH,KY,ASO,CE,Federal Contract Tower,0,8,14,0,22,0,2,34,0,36,0,10,48,0,58,22,0,22,80
09/28/2017,PAH,KY,ASO,CE,Federal Contract Tower,0,10,11,7,28,0,10,27,1,38,0,20,38,8,66,14,0,14,80
09/29/2017,PAH,KY,ASO,CE,Federal Contract Tower,0,10,15,0,25,0,2,38,0,40,0,12,53,0,65,10,0,10,75
09/30/2017,PAH,KY,ASO,CE,Federal Contract Tower,0,2,8,0,10,0,0,16,0,16,0,2,24,0,26,0,0,0,26
10/01/2017,PAH,KY,ASO,CE,Federal Contract Tower,0,6,19,0,25,0,4,46,0,50,0,10,65,0,75,32,0,32,107
10/02/2017,PAH,KY,ASO,CE,Federal Contract Tower,0,6,9,0,15,0,4,56,6,66,0,10,65,6,81,32,4,36,117
10/03/2017,PAH,KY,ASO,CE,Federal Contract Tower,0,15,13,2,30,0,4,41,4,49,0,19,54,6,79,24,0,24,103
10/04/2017,PAH,KY,ASO,CE,Federal Contract Tower,0,8,25,0,33,0,5,45,4,54,0,13,70,4,87,10,0,10,97
10/05/2017,PAH,KY,ASO,CE,Federal Contract Tower,0,8,8,0,16,0,0,21,6,27,0,8,29,6,43,0,0,0,43
10/06/2017,PAH,KY,ASO,CE,Federal Contract Tower,0,5,17,0,22,0,2,42,6,50,0,7,59,6,72,18,0,18,90
10/07/2017,PAH,KY,ASO,CE,Federal Contract Tower,0,4,3,0,7,0,0,0,0,0,0,4,3,0,7,0,0,0,7
10/08/2017,PAH,KY,ASO,CE,Federal Contract Tower,0,8,6,0,14,0,0,20,0,20,0,8,26,0,34,0,0,0,34
10/10/2017,PAH,KY,ASO,CE,Federal Contract Tower,0,8,7,0,15,0,4,36,4,44,0,12,43,4,59,0,8,8,67
10/11/2017,PAH,KY,ASO,CE,Federal Contract Tower,0,8,13,2,23,0,2,24,2,28,0,10,37,4,51,10,4,14,65
10/12/2017,PAH,KY,ASO,CE,Federal Contract Tower,0,6,17,2,25,0,2,23,0,25,0,8,40,2,50,14,0,14,64
10/13/2017,PAH,KY,ASO,CE,Federal Contract Tower,0,13,12,0,25,0,4,24,0,28,0,17,36,0,53,8,0,8,61
10/14/2017,PAH,KY,ASO,CE,Federal Contract Tower,0,3,7,0,10,0,1,26,0,27,0,4,33,0,37,12,0,12,49
10/15/2017,PAH,KY,ASO,CE,Federal Contract Tower,0,6,6,0,12,0,4,37,0,41,0,10,43,0,53,20,0,20,73
10/16/2017,PAH,KY,ASO,CE,Federal Contract Tower,0,8,7,0,15,0,2,45,6,53,0,10,52,6,68,28,4,32,100
10/17/2017,PAH,KY,ASO,CE,Federal Contract Tower,0,9,11,0,20,0,4,32,0,36,0,13,43,0,56,18,0,18,74
10/18/2017,PAH,KY,ASO,CE,Federal Contract Tower,0,9,22,2,33,0,0,27,2,29,0,9,49,4,62,16,8,24,86
10/19/2017,PAH,KY,ASO,CE,Federal Contract Tower,0,11,12,2,25,0,0,9,5,14,0,11,21,7,39,0,0,0,39
10/20/2017,PAH,KY,ASO,CE,Federal Contract Tower,0,10,7,0,17,0,0,23,0,23,0,10,30,0,40,14,0,14,54
10/21/2017,PAH,KY,ASO,CE,Federal Contract Tower,0,2,15,0,17,0,2,46,0,48,0,4,61,0,65,0,0,0,65
10/22/2017,PAH,KY,ASO,CE,Federal Contract Tower,0,7,7,1,15,0,0,3,1,4,0,7,10,2,19,0,0,0,19
10/23/2017,PAH,KY,ASO,CE,Federal Contract Tower,0,8,13,9,30,0,0,12,1,13,0,8,25,10,43,0,0,0,43
10/24/2017,PAH,KY,ASO,CE,Federal Contract Tower,0,9,5,0,14,0,3,6,0,9,0,12,11,0,23,0,0,0,23
10/25/2017,PAH,KY,ASO,CE,Federal Contract Tower,0,9,9,4,22,0,0,5,2,7,0,9,14,6,29,0,0,0,29
10/26/2017,PAH,KY,ASO,CE,Federal Contract Tower,0,12,19,2,33,0,2,19,2,23,0,14,38,4,56,4,0,4,60
10/27/2017,PAH,KY,ASO,CE,Federal Contract Tower,0,6,4,0,10,0,0,6,0,6,0,6,10,0,16,0,0,0,16
10/28/2017,PAH,KY,ASO,CE,Federal Contract Tower,0,4,6,0,10,0,0,21,0,21,0,4,27,0,31,0,0,0,31
10/29/2017,PAH,KY,ASO,CE,Federal Contract Tower,0,8,8,0,16,0,1,13,0,14,0,9,21,0,30,0,0,0,30
10/30/2017,PAH,KY,ASO,CE,Federal Contract Tower,0,9,6,4,19,0,2,34,2,38,0,11,40,6,57,26,0,26,83
10/31/2017,PAH,KY,ASO,CE,Federal Contract Tower,0,5,5,1,11,0,2,23,0,25,0,7,28,1,36,22,0,22,58
11/01/2017,PAH,KY,ASO,CE,Federal Contract Tower,0,11,11,0,22,0,0,0,0,0,0,11,11,0,22,0,0,0,22
11/02/2017,PAH,KY,ASO,CE,Federal Contract Tower,0,9,14,0,23,0,0,5,0,5,0,9,19,0,28,0,0,0,28
11/03/2017,PAH,KY,ASO,CE,Federal Contract Tower,0,8,18,0,26,0,0,0,0,0,0,8,18,0,26,0,0,0,26
11/04/2017,PAH,KY,ASO,CE,Federal Contract Tower,0,4,6,0,10,0,0,2,0,2,0,4,8,0,12,2,0,2,14
11/05/2017,PAH,KY,ASO,CE,Federal Contract Tower,0,1,10,0,11,0,0,16,0,16,0,1,26,0,27,0,0,0,27
11/06/2017,PAH,KY,ASO,CE,Federal Contract Tower,0,8,2,2,12,0,2,13,4,19,0,10,15,6,31,0,0,0,31
11/07/2017,PAH,KY,ASO,CE,Federal Contract Tower,0,6,15,2,23,0,0,11,0,11,0,6,26,2,34,0,0,0,34
11/08/2017,PAH,KY,ASO,CE,Federal Contract Tower,0,8,19,1,28,0,4,32,1,37,0,12,51,2,65,10,8,18,83
11/09/2017,PAH,KY,ASO,CE,Federal Contract Tower,0,10,12,1,23,0,0,29,1,30,0,10,41,2,53,0,0,0,53
11/10/2017,PAH,KY,ASO,CE,Federal Contract Tower,0,7,13,0,20,0,0,32,0,32,0,7,45,0,52,8,0,8,60
11/11/2017,PAH,KY,ASO,CE,Federal Contract Tower,0,2,8,0,10,0,2,36,0,38,0,4,44,0,48,26,0,26,74
11/12/2017,PAH,KY,ASO,CE,Federal Contract Tower,0,7,13,0,20,0,0,30,0,30,0,7,43,0,50,18,0,18,68
11/13/2017,PAH,KY,ASO,CE,Federal Contract Tower,0,8,8,4,20,0,2,36,4,42,0,10,44,8,62,22,2,24,86
11/14/2017,PAH,KY,ASO,CE,Federal Contract Tower,0,6,12,0,18,0,6,36,3,45,0,12,48,3,63,28,0,28,91
11/15/2017,PAH,KY,ASO,CE,Federal Contract Tower,0,6,15,6,27,0,0,13,2,15,0,6,28,8,42,4,0,4,46
11/16/2017,PAH,KY,ASO,CE,Federal Contract Tower,0,8,17,6,31,0,3,33,4,40,0,11,50,10,71,16,0,16,87
11/17/2017,PAH,KY,ASO,CE,Federal Contract Tower,0,12,18,0,30,0,0,15,0,15,0,12,33,0,45,4,0,4,49
11/18/2017,PAH,KY,ASO,CE,Federal Contract Tower,0,10,6,0,16,0,0,0,0,0,0,10,6,0,16,0,0,0,16
11/19/2017,PAH,KY,ASO,CE,Federal Contract Tower,0,10,12,0,22,0,0,48,0,48,0,10,60,0,70,28,0,28,98
11/20/2017,PAH,KY,ASO,CE,Federal Contract Tower,0,8,9,2,19,0,0,45,6,51,0,8,54,8,70,26,8,34,104
11/21/2017,PAH,KY,ASO,CE,Federal Contract Tower,0,11,10,2,23,0,4,35,2,41,0,15,45,4,64,16,4,20,84
11/22/2017,PAH,KY,ASO,CE,Federal Contract Tower,0,6,14,0,20,0,2,48,0,50,0,8,62,0,70,22,0,22,92
11/23/2017,PAH,KY,ASO,CE,Federal Contract Tower,0,4,1,0,5,0,1,12,0,13,0,5,13,0,18,0,0,0,18
11/24/2017,PAH,KY,ASO,CE,Federal Contract Tower,0,5,7,0,12,0,0,13,0,13,0,5,20,0,25,0,0,0,25
11/25/2017,PAH,KY,ASO,CE,Federal Contract Tower,0,6,8,0,14,0,14,9,0,23,0,20,17,0,37,6,0,6,43
11/26/2017,PAH,KY,ASO,CE,Federal Contract Tower,0,6,23,0,29,0,0,47,6,53,0,6,70,6,82,32,0,32,114
11/27/2017,PAH,KY,ASO,CE,Federal Contract Tower,0,8,2,4,14,0,2,53,4,59,0,10,55,8,73,34,2,36,109
11/28/2017,PAH,KY,ASO,CE,Federal Contract Tower,0,10,8,2,20,0,4,42,2,48,0,14,50,4,68,22,0,22,90
11/29/2017,PAH,KY,ASO,CE,Federal Contract Tower,0,6,10,0,16,0,4,41,2,47,0,10,51,2,63,20,2,22,85
11/30/2017,PAH,KY,ASO,CE,Federal Contract Tower,0,15,20,6,41,0,4,0,0,4,0,19,20,6,45,0,0,0,45
12/01/2017,PAH,KY,ASO,CE,Federal Contract Tower,0,7,20,0,27,0,0,49,0,49,0,7,69,0,76,6,0,6,82
12/02/2017,PAH,KY,ASO,CE,Federal Contract Tower,0,6,6,0,12,0,3,22,0,25,0,9,28,0,37,22,0,22,59
12/03/2017,PAH,KY,ASO,CE,Federal Contract Tower,0,4,16,0,20,0,4,43,2,49,0,8,59,2,69,32,0,32,101
12/04/2017,PAH,KY,ASO,CE,Federal Contract Tower,0,12,5,0,17,0,2,47,7,56,0,14,52,7,73,22,4,26,99
12/05/2017,PAH,KY,ASO,CE,Federal Contract Tower,0,7,10,0,17,0,2,27,2,31,0,9,37,2,48,12,0,12,60
12/06/2017,PAH,KY,ASO,CE,Federal Contract Tower,0,11,14,0,25,0,2,37,1,40,0,13,51,1,65,18,0,18,83
12/07/2017,PAH,KY,ASO,CE,Federal Contract Tower,0,13,23,0,36,0,0,24,0,24,0,13,47,0,60,0,0,0,60
12/08/2017,PAH,KY,ASO,CE,Federal Contract Tower,0,7,9,4,20,0,0,25,0,25,0,7,34,4,45,6,0,6,51
12/09/2017,PAH,KY,ASO,CE,Federal Contract Tower,0,5,5,0,10,0,0,12,0,12,0,5,17,0,22,2,0,2,24
12/10/2017,PAH,KY,ASO,CE,Federal Contract Tower,0,10,3,0,13,0,4,49,0,53,0,14,52,0,66,22,0,22,88
12/11/2017,PAH,KY,ASO,CE,Federal Contract Tower,0,10,4,2,16,0,2,43,6,51,0,12,47,8,67,20,8,28,95
12/12/2017,PAH,KY,ASO,CE,Federal Contract Tower,0,9,11,2,22,0,2,40,4,46,0,11,51,6,68,10,6,16,84
12/13/2017,PAH,KY,ASO,CE,Federal Contract Tower,0,16,23,0,39,0,2,33,0,35,0,18,56,0,74,8,0,8,82
12/14/2017,PAH,KY,ASO,CE,Federal Contract Tower,0,8,10,0,18,0,2,15,0,17,0,10,25,0,35,6,0,6,41
12/15/2017,PAH,KY,ASO,CE,Federal Contract Tower,0,14,19,0,33,0,0,39,0,39,0,14,58,0,72,4,0,4,76
12/16/2017,PAH,KY,ASO,CE,Federal Contract Tower,0,4,8,0,12,0,0,15,0,15,0,4,23,0,27,0,0,0,27
12/17/2017,PAH,KY,ASO,CE,Federal Contract Tower,0,6,4,0,10,0,4,19,0,23,0,10,23,0,33,20,0,20,53
12/18/2017,PAH,KY,ASO,CE,Federal Contract Tower,0,10,13,0,23,0,0,38,6,44,0,10,51,6,67,22,4,26,93
12/19/2017,PAH,KY,ASO,CE,Federal Contract Tower,0,10,11,2,23,0,0,5,2,7,0,10,16,4,30,0,0,0,30
12/20/2017,PAH,KY,ASO,CE,Federal Contract Tower,0,6,10,0,16,0,0,25,4,29,0,6,35,4,45,32,0,32,77
12/21/2017,PAH,KY,ASO,CE,Federal Contract Tower,0,6,18,2,26,0,5,18,0,23,0,11,36,2,49,8,0,8,57
12/22/2017,PAH,KY,ASO,CE,Federal Contract Tower,0,6,9,0,15,0,0,0,0,0,0,6,9,0,15,0,0,0,15
12/23/2017,PAH,KY,ASO,CE,Federal Contract Tower,0,4,9,0,13,0,0,0,0,0,0,4,9,0,13,0,0,0,13
12/24/2017,PAH,KY,ASO,CE,Federal Contract Tower,0,4,2,0,6,0,0,20,0,20,0,4,22,0,26,0,0,0,26
12/25/2017,PAH,KY,ASO,CE,Federal Contract Tower,0,2,1,0,3,0,0,17,0,17,0,2,18,0,20,0,0,0,20
12/26/2017,PAH,KY,ASO,CE,Federal Contract Tower,0,9,14,0,23,0,2,29,0,31,0,11,43,0,54,4,0,4,58
12/27/2017,PAH,KY,ASO,CE,Federal Contract Tower,0,10,15,0,25,0,0,31,0,31,0,10,46,0,56,28,0,28,84
12/28/2017,PAH,KY,ASO,CE,Federal Contract Tower,0,6,4,0,10,0,0,14,0,14,0,6,18,0,24,8,0,8,32
12/29/2017,PAH,KY,ASO,CE,Federal Contract Tower,0,6,8,0,14,0,0,23,0,23,0,6,31,0,37,0,0,0,37
12/30/2017,PAH,KY,ASO,CE,Federal Contract Tower,0,4,12,0,16,0,0,0,0,0,0,4,12,0,16,0,0,0,16
12/31/2017,PAH,KY,ASO,CE,Federal Contract Tower,0,3,7,0,10,0,0,20,0,20,0,3,27,0,30,10,0,10,40
01/01/2018,PAH,KY,ASO,CE,Federal Contract Tower,0,1,17,0,18,0,0,20,0,20,0,1,37,0,38,20,0,20,58
01/02/2018,PAH,KY,ASO,CE,Federal Contract Tower,0,9,10,1,20,0,2,29,5,36,0,11,39,6,56,12,2,14,70
01/03/2018,PAH,KY,ASO,CE,Federal Contract Tower,0,11,9,0,20,0,4,34,2,40,0,15,43,2,60,18,2,20,80
01/04/2018,PAH,KY,ASO,CE,Federal Contract Tower,0,8,13,3,24,0,1,31,1,33,0,9,44,4,57,8,0,8,65
01/05/2018,PAH,KY,ASO,CE,Federal Contract Tower,0,8,14,0,22,0,0,24,0,24,0,8,38,0,46,0,0,0,46
01/06/2018,PAH,KY,ASO,CE,Federal Contract Tower,0,4,8,1,13,0,0,19,1,20,0,4,27,2,33,14,0,14,47
01/07/2018,PAH,KY,ASO,CE,Federal Contract Tower,0,4,14,0,18,0,0,26,1,27,0,4,40,1,45,12,0,12,57
01/08/2018,PAH,KY,ASO,CE,Federal Contract Tower,0,10,5,0,15,0,4,11,2,17,0,14,16,2,32,0,0,0,32
01/09/2018,PAH,KY,ASO,CE,Federal Contract Tower,0,6,14,0,20,0,0,2,0,2,0,6,16,0,22,0,0,0,22
01/10/2018,PAH,KY,ASO,CE,Federal Contract Tower,0,10,12,0,22,0,0,9,0,9,0,10,21,0,31,0,0,0,31
01/11/2018,PAH,KY,ASO,CE,Federal Contract Tower,0,11,22,3,36,0,0,16,0,16,0,11,38,3,52,12,0,12,64
01/12/2018,PAH,KY,ASO,CE,Federal Contract Tower,0,0,0,0,0,0,0,0,0,0,0,0,0,0,0,0,0,0,0
01/13/2018,PAH,KY,ASO,CE,Federal Contract Tower,0,7,9,0,16,0,0,2,0,2,0,7,11,0,18,0,0,0,18
01/14/2018,PAH,KY,ASO,CE,Federal Contract Tower,0,7,6,0,13,0,4,18,0,22,0,11,24,0,35,0,0,0,35
01/15/2018,PAH,KY,ASO,CE,Federal Contract Tower,0,2,8,0,10,0,0,0,0,0,0,2,8,0,10,0,0,0,10
01/16/2018,PAH,KY,ASO,CE,Federal Contract Tower,0,5,3,0,8,0,4,3,0,7,0,9,6,0,15,0,0,0,15
01/17/2018,PAH,KY,ASO,CE,Federal Contract Tower,0,13,5,0,18,0,2,7,0,9,0,15,12,0,27,0,0,0,27
01/18/2018,PAH,KY,ASO,CE,Federal Contract Tower,0,10,12,0,22,0,3,8,0,11,0,13,20,0,33,0,0,0,33
01/19/2018,PAH,KY,ASO,CE,Federal Contract Tower,0,11,12,0,23,0,0,19,0,19,0,11,31,0,42,0,0,0,42
01/20/2018,PAH,KY,ASO,CE,Federal Contract Tower,0,6,15,0,21,0,0,9,0,9,0,6,24,0,30,32,0,32,62
01/21/2018,PAH,KY,ASO,CE,Federal Contract Tower,0,4,7,0,11,0,2,28,0,30,0,6,35,0,41,28,0,28,69
01/22/2018,PAH,KY,ASO,CE,Federal Contract Tower,0,8,4,0,12,0,0,39,4,43,0,8,43,4,55,34,8,42,97
01/23/2018,PAH,KY,ASO,CE,Federal Contract Tower,0,11,14,0,25,0,2,28,4,34,0,13,42,4,59,18,4,22,81
01/24/2018,PAH,KY,ASO,CE,Federal Contract Tower,0,11,18,4,33,0,2,38,4,44,0,13,56,8,77,20,2,22,99
01/25/2018,PAH,KY,ASO,CE,Federal Contract Tower,0,9,13,0,22,0,5,30,0,35,0,14,43,0,57,14,0,14,71
01/26/2018,PAH,KY,ASO,CE,Federal Contract Tower,0,12,13,6,31,0,0,22,0,22,0,12,35,6,53,6,0,6,59
01/27/2018,PAH,KY,ASO,CE,Federal Contract Tower,0,2,7,0,9,0,0,0,0,0,0,2,7,0,9,0,0,0,9
01/28/2018,PAH,KY,ASO,CE,Federal Contract Tower,0,7,16,0,23,0,3,45,0,48,0,10,61,0,71,38,2,40,111
01/29/2018,PAH,KY,ASO,CE,Federal Contract Tower,0,6,5,0,11,0,4,31,4,39,0,10,36,4,50,8,4,12,62
01/30/2018,PAH,KY,ASO,CE,Federal Contract Tower,0,8,12,0,20,0,2,36,6,44,0,10,48,6,64,24,4,28,92
01/31/2018,PAH,KY,ASO,CE,Federal Contract Tower,0,15,9,0,24,0,3,25,2,30,0,18,34,2,54,20,0,20,74
02/01/2018,PAH,KY,ASO,CE,Federal Contract Tower,0,9,5,0,14,0,0,7,2,9,0,9,12,2,23,0,4,4,27
02/02/2018,PAH,KY,ASO,CE,Federal Contract Tower,0,6,10,0,16,0,3,19,0,22,0,9,29,0,38,28,0,28,66
02/03/2018,PAH,KY,ASO,CE,Federal Contract Tower,0,5,3,0,8,0,4,18,0,22,0,9,21,0,30,26,0,26,56
02/04/2018,PAH,KY,ASO,CE,Federal Contract Tower,0,6,3,0,9,0,2,12,2,16,0,8,15,2,25,10,2,12,37
02/05/2018,PAH,KY,ASO,CE,Federal Contract Tower,0,3,11,0,14,0,0,25,6,31,0,3,36,6,45,20,6,26,71
02/06/2018,PAH,KY,ASO,CE,Federal Contract Tower,0,4,11,2,17,0,0,12,4,16,0,4,23,6,33,4,8,12,45
02/07/2018,PAH,KY,ASO,CE,Federal Contract Tower,0,5,5,0,10,0,2,3,0,5,0,7,8,0,15,0,0,0,15
02/08/2018,PAH,KY,ASO,CE,Federal Contract Tower,0,8,12,2,22,0,2,25,2,29,0,10,37,4,51,4,0,4,55
02/09/2018,PAH,KY,ASO,CE,Federal Contract Tower,0,4,15,0,19,0,4,29,2,35,0,8,44,2,54,12,0,12,66
02/10/2018,PAH,KY,ASO,CE,Federal Contract Tower,0,6,4,0,10,0,0,0,0,0,0,6,4,0,10,0,0,0,10
02/11/2018,PAH,KY,ASO,CE,Federal Contract Tower,0,5,5,0,10,0,2,9,0,11,0,7,14,0,21,4,0,4,25
02/12/2018,PAH,KY,ASO,CE,Federal Contract Tower,0,10,13,4,27,0,5,30,6,41,0,15,43,10,68,8,6,14,82
02/13/2018,PAH,KY,ASO,CE,Federal Contract Tower,0,7,8,2,17,0,6,22,4,32,0,13,30,6,49,20,4,24,73
02/14/2018,PAH,KY,ASO,CE,Federal Contract Tower,0,8,5,2,15,0,0,0,0,0,0,8,5,2,15,0,0,0,15
02/15/2018,PAH,KY,ASO,CE,Federal Contract Tower,0,9,10,0,19,0,2,6,0,8,0,11,16,0,27,0,0,0,27
02/16/2018,PAH,KY,ASO,CE,Federal Contract Tower,0,8,8,0,16,0,0,4,0,4,0,8,12,0,20,0,0,0,20
02/17/2018,PAH,KY,ASO,CE,Federal Contract Tower,0,8,1,0,9,0,0,0,0,0,0,8,1,0,9,0,0,0,9
02/18/2018,PAH,KY,ASO,CE,Federal Contract Tower,0,7,13,0,20,0,0,35,0,35,0,7,48,0,55,34,0,34,89
02/19/2018,PAH,KY,ASO,CE,Federal Contract Tower,0,14,5,0,19,0,7,21,6,34,0,21,26,6,53,10,8,18,71
02/20/2018,PAH,KY,ASO,CE,Federal Contract Tower,0,9,16,0,25,0,2,15,4,21,0,11,31,4,46,12,0,12,58
02/21/2018,PAH,KY,ASO,CE,Federal Contract Tower,0,10,10,0,20,0,0,0,0,0,0,10,10,0,20,0,0,0,20
02/22/2018,PAH,KY,ASO,CE,Federal Contract Tower,0,6,3,0,9,0,0,0,0,0,0,6,3,0,9,0,0,0,9
02/23/2018,PAH,KY,ASO,CE,Federal Contract Tower,0,8,7,0,15,0,0,0,0,0,0,8,7,0,15,0,0,0,15
02/24/2018,PAH,KY,ASO,CE,Federal Contract Tower,0,4,3,0,7,0,0,0,0,0,0,4,3,0,7,0,0,0,7
02/25/2018,PAH,KY,ASO,CE,Federal Contract Tower,0,4,6,0,10,0,5,43,6,54,0,9,49,6,64,44,0,44,108
02/26/2018,PAH,KY,ASO,CE,Federal Contract Tower,0,8,7,3,18,0,2,36,4,42,0,10,43,7,60,18,14,32,92
02/27/2018,PAH,KY,ASO,CE,Federal Contract Tower,0,11,13,2,26,0,5,40,4,49,0,16,53,6,75,14,6,20,95
02/28/2018,PAH,KY,ASO,CE,Federal Contract Tower,0,7,12,0,19,0,0,0,0,0,0,7,12,0,19,0,0,0,19
03/01/2018,PAH,KY,ASO,CE,Federal Contract Tower,0,8,4,2,14,0,2,4,2,8,0,10,8,4,22,0,4,4,26
03/02/2018,PAH,KY,ASO,CE,Federal Contract Tower,0,9,10,0,19,0,4,30,0,34,0,13,40,0,53,4,0,4,57
03/03/2018,PAH,KY,ASO,CE,Federal Contract Tower,0,4,7,0,11,0,10,34,0,44,0,14,41,0,55,4,0,4,59
03/04/2018,PAH,KY,ASO,CE,Federal Contract Tower,0,5,8,0,13,0,2,37,0,39,0,7,45,0,52,32,0,32,84
03/05/2018,PAH,KY,ASO,CE,Federal Contract Tower,0,7,6,0,13,0,3,12,5,20,0,10,18,5,33,0,6,6,39
03/06/2018,PAH,KY,ASO,CE,Federal Contract Tower,0,14,7,2,23,0,4,16,4,24,0,18,23,6,47,8,4,12,59
03/07/2018,PAH,KY,ASO,CE,Federal Contract Tower,0,17,8,2,27,0,0,26,2,28,0,17,34,4,55,58,4,62,117
03/08/2018,PAH,KY,ASO,CE,Federal Contract Tower,0,10,7,0,17,0,2,24,0,26,0,12,31,0,43,8,0,8,51
03/09/2018,PAH,KY,ASO,CE,Federal Contract Tower,0,6,15,0,21,0,0,9,0,9,0,6,24,0,30,0,0,0,30
03/10/2018,PAH,KY,ASO,CE,Federal Contract Tower,0,5,0,0,5,0,0,20,0,20,0,5,20,0,25,20,0,20,45
03/11/2018,PAH,KY,ASO,CE,Federal Contract Tower,0,7,5,0,12,0,2,12,0,14,0,9,17,0,26,6,0,6,32
03/12/2018,PAH,KY,ASO,CE,Federal Contract Tower,0,11,10,2,23,0,0,31,6,37,0,11,41,8,60,22,8,30,90
03/13/2018,PAH,KY,ASO,CE,Federal Contract Tower,0,9,9,0,18,0,4,26,4,34,0,13,35,4,52,14,4,18,70
03/14/2018,PAH,KY,ASO,CE,Federal Contract Tower,2,7,5,6,20,0,2,27,6,35,2,9,32,12,55,14,4,18,73
03/15/2018,PAH,KY,ASO,CE,Federal Contract Tower,0,13,15,2,30,0,0,32,5,37,0,13,47,7,67,14,2,16,83
03/16/2018,PAH,KY,ASO,CE,Federal Contract Tower,0,6,14,0,20,0,0,26,0,26,0,6,40,0,46,2,0,2,48
03/17/2018,PAH,KY,ASO,CE,Federal Contract Tower,0,6,4,0,10,0,0,7,0,7,0,6,11,0,17,0,6,6,23
03/18/2018,PAH,KY,ASO,CE,Federal Contract Tower,0,6,13,0,19,0,0,1,0,1,0,6,14,0,20,0,0,0,20
03/19/2018,PAH,KY,ASO,CE,Federal Contract Tower,0,6,6,2,14,0,2,22,8,32,0,8,28,10,46,8,8,16,62
03/20/2018,PAH,KY,ASO,CE,Federal Contract Tower,0,10,7,0,17,0,0,5,0,5,0,10,12,0,22,0,0,0,22
03/21/2018,PAH,KY,ASO,CE,Federal Contract Tower,0,6,18,2,26,0,4,24,6,34,0,10,42,8,60,8,8,16,76
03/22/2018,PAH,KY,ASO,CE,Federal Contract Tower,0,12,22,0,34,0,2,28,4,34,0,14,50,4,68,8,6,14,82
03/23/2018,PAH,KY,ASO,CE,Federal Contract Tower,0,8,8,0,16,0,2,9,0,11,0,10,17,0,27,0,0,0,27
03/24/2018,PAH,KY,ASO,CE,Federal Contract Tower,0,4,7,0,11,0,0,1,0,1,0,4,8,0,12,0,0,0,12
03/25/2018,PAH,KY,ASO,CE,Federal Contract Tower,0,4,16,0,20,0,2,30,0,32,0,6,46,0,52,22,0,22,74
03/26/2018,PAH,KY,ASO,CE,Federal Contract Tower,0,8,8,0,16,0,3,13,7,23,0,11,21,7,39,6,4,10,49
03/27/2018,PAH,KY,ASO,CE,Federal Contract Tower,0,14,21,2,37,0,2,18,4,24,0,16,39,6,61,6,2,8,69
03/28/2018,PAH,KY,ASO,CE,Federal Contract Tower,0,16,8,0,24,0,0,0,0,0,0,16,8,0,24,0,0,0,24
03/29/2018,PAH,KY,ASO,CE,Federal Contract Tower,0,6,4,4,14,0,2,5,0,7,0,8,9,4,21,0,0,0,21
03/30/2018,PAH,KY,ASO,CE,Federal Contract Tower,0,7,11,0,18,0,0,36,0,36,0,7,47,0,54,28,0,28,82
03/31/2018,PAH,KY,ASO,CE,Federal Contract Tower,0,6,7,0,13,0,0,17,0,17,0,6,24,0,30,8,0,8,38
04/01/2018,PAH,KY,ASO,CE,Federal Contract Tower,0,4,4,0,8,0,2,14,2,18,0,6,18,2,26,0,0,0,26
04/02/2018,PAH,KY,ASO,CE,Federal Contract Tower,0,10,11,0,21,0,0,15,4,19,0,10,26,4,40,8,6,14,54
04/03/2018,PAH,KY,ASO,CE,Federal Contract Tower,0,6,6,0,12,0,1,8,4,13,0,7,14,4,25,4,4,8,33
04/04/2018,PAH,KY,ASO,CE,Federal Contract Tower,0,9,11,2,22,0,7,43,4,54,0,16,54,6,76,16,2,18,94
04/05/2018,PAH,KY,ASO,CE,Federal Contract Tower,0,7,8,0,15,0,6,23,2,31,0,13,31,2,46,14,0,14,60
04/06/2018,PAH,KY,ASO,CE,Federal Contract Tower,0,9,12,0,21,0,2,30,0,32,0,11,42,0,53,12,0,12,65
04/07/2018,PAH,KY,ASO,CE,Federal Contract Tower,0,8,5,2,15,0,0,15,0,15,0,8,20,2,30,6,0,6,36
04/08/2018,PAH,KY,ASO,CE,Federal Contract Tower,0,10,12,0,22,0,6,42,0,48,0,16,54,0,70,34,0,34,104
04/09/2018,PAH,KY,ASO,CE,Federal Contract Tower,0,11,13,0,24,0,2,34,8,44,0,13,47,8,68,22,6,28,96
04/10/2018,PAH,KY,ASO,CE,Federal Contract Tower,0,8,8,4,20,0,2,16,4,22,0,10,24,8,42,8,4,12,54
04/11/2018,PAH,KY,ASO,CE,Federal Contract Tower,0,8,16,0,24,0,4,19,2,25,0,12,35,2,49,12,6,18,67
04/12/2018,PAH,KY,ASO,CE,Federal Contract Tower,0,7,9,0,16,0,0,11,2,13,0,7,20,2,29,10,2,12,41
04/13/2018,PAH,KY,ASO,CE,Federal Contract Tower,0,6,8,0,14,0,0,1,0,1,0,6,9,0,15,0,0,0,15
04/14/2018,PAH,KY,ASO,CE,Federal Contract Tower,0,4,2,0,6,0,0,0,0,0,0,4,2,0,6,0,0,0,6
04/15/2018,PAH,KY,ASO,CE,Federal Contract Tower,0,4,12,0,16,0,4,14,0,18,0,8,26,0,34,12,0,12,46
04/16/2018,PAH,KY,ASO,CE,Federal Contract Tower,0,6,4,0,10,0,5,28,8,41,0,11,32,8,51,18,6,24,75
04/17/2018,PAH,KY,ASO,CE,Federal Contract Tower,0,10,8,2,20,0,0,45,4,49,0,10,53,6,69,14,8,22,91
04/18/2018,PAH,KY,ASO,CE,Federal Contract Tower,0,11,5,0,16,0,4,29,0,33,0,15,34,0,49,16,0,16,65
04/19/2018,PAH,KY,ASO,CE,Federal Contract Tower,0,8,17,2,27,0,2,13,0,15,0,10,30,2,42,6,0,6,48
04/20/2018,PAH,KY,ASO,CE,Federal Contract Tower,0,7,13,17,37,0,0,40,3,43,0,7,53,20,80,20,10,30,110
04/21/2018,PAH,KY,ASO,CE,Federal Contract Tower,0,5,6,0,11,0,0,22,0,22,0,5,28,0,33,16,0,16,49
04/22/2018,PAH,KY,ASO,CE,Federal Contract Tower,0,5,4,0,9,0,0,1,0,1,0,5,5,0,10,0,0,0,10
04/23/2018,PAH,KY,ASO,CE,Federal Contract Tower,0,6,7,0,13,0,0,0,0,0,0,6,7,0,13,0,0,0,13
04/24/2018,PAH,KY,ASO,CE,Federal Contract Tower,0,14,11,5,30,0,0,16,1,17,0,14,27,6,47,72,0,72,119
04/25/2018,PAH,KY,ASO,CE,Federal Contract Tower,0,9,6,5,20,0,2,13,1,16,0,11,19,6,36,18,0,18,54
04/26/2018,PAH,KY,ASO,CE,Federal Contract Tower,0,8,12,0,20,0,0,25,0,25,0,8,37,0,45,38,0,38,83
04/27/2018,PAH,KY,ASO,CE,Federal Contract Tower,0,7,16,2,25,0,0,46,0,46,0,7,62,2,71,4,0,4,75
04/28/2018,PAH,KY,ASO,CE,Federal Contract Tower,0,4,3,0,7,0,1,23,0,24,0,5,26,0,31,8,0,8,39
04/29/2018,PAH,KY,ASO,CE,Federal Contract Tower,0,4,13,0,17,0,0,41,0,41,0,4,54,0,58,22,0,22,80
04/30/2018,PAH,KY,ASO,CE,Federal Contract Tower,0,6,5,0,11,0,2,34,8,44,0,8,39,8,55,20,6,26,81
05/01/2018,PAH,KY,ASO,CE,Federal Contract Tower,0,6,5,0,11,0,3,17,2,22,0,9,22,2,33,32,2,34,67
05/02/2018,PAH,KY,ASO,CE,Federal Contract Tower,0,5,20,0,25,0,2,17,0,19,0,7,37,0,44,20,0,20,64
05/03/2018,PAH,KY,ASO,CE,Federal Contract Tower,0,9,12,0,21,0,0,5,0,5,0,9,17,0,26,0,0,0,26
05/04/2018,PAH,KY,ASO,CE,Federal Contract Tower,0,6,8,0,14,0,0,12,0,12,0,6,20,0,26,2,0,2,28
05/05/2018,PAH,KY,ASO,CE,Federal Contract Tower,0,8,11,2,21,0,2,29,4,35,0,10,40,6,56,24,0,24,80
05/06/2018,PAH,KY,ASO,CE,Federal Contract Tower,0,7,7,0,14,0,2,31,0,33,0,9,38,0,47,34,0,34,81
05/07/2018,PAH,KY,ASO,CE,Federal Contract Tower,0,6,7,4,17,0,6,22,6,34,0,12,29,10,51,24,4,28,79
05/08/2018,PAH,KY,ASO,CE,Federal Contract Tower,0,8,9,0,17,0,4,34,2,40,0,12,43,2,57,20,2,22,79
05/09/2018,PAH,KY,ASO,CE,Federal Contract Tower,0,9,20,0,29,0,0,14,0,14,0,9,34,0,43,10,0,10,53
05/10/2018,PAH,KY,ASO,CE,Federal Contract Tower,0,9,7,2,18,0,0,17,0,17,0,9,24,2,35,6,0,6,41
05/11/2018,PAH,KY,ASO,CE,Federal Contract Tower,0,10,7,0,17,0,0,12,0,12,0,10,19,0,29,4,0,4,33
05/12/2018,PAH,KY,ASO,CE,Federal Contract Tower,0,6,3,0,9,0,2,29,0,31,0,8,32,0,40,6,0,6,46
05/13/2018,PAH,KY,ASO,CE,Federal Contract Tower,0,4,11,0,15,0,2,19,0,21,0,6,30,0,36,18,0,18,54
05/14/2018,PAH,KY,ASO,CE,Federal Contract Tower,0,6,6,0,12,0,2,31,5,38,0,8,37,5,50,18,4,22,72
05/15/2018,PAH,KY,ASO,CE,Federal Contract Tower,0,9,16,0,25,0,2,39,5,46,0,11,55,5,71,20,4,24,95
05/16/2018,PAH,KY,ASO,CE,Federal Contract Tower,0,7,23,0,30,0,6,31,2,39,0,13,54,2,69,8,4,12,81
05/17/2018,PAH,KY,ASO,CE,Federal Contract Tower,0,6,9,0,15,0,0,9,0,9,0,6,18,0,24,6,0,6,30
05/18/2018,PAH,KY,ASO,CE,Federal Contract Tower,0,6,9,0,15,0,0,1,0,1,0,6,10,0,16,0,0,0,16
05/19/2018,PAH,KY,ASO,CE,Federal Contract Tower,0,5,11,0,16,0,4,33,2,39,0,9,44,2,55,22,0,22,77
05/20/2018,PAH,KY,ASO,CE,Federal Contract Tower,0,4,8,0,12,0,0,26,0,26,0,4,34,0,38,18,0,18,56
05/21/2018,PAH,KY,ASO,CE,Federal Contract Tower,0,6,13,0,19,0,2,24,6,32,0,8,37,6,51,28,6,34,85
05/22/2018,PAH,KY,ASO,CE,Federal Contract Tower,0,8,10,2,20,0,4,35,6,45,0,12,45,8,65,28,4,32,97
05/23/2018,PAH,KY,ASO,CE,Federal Contract Tower,0,8,16,0,24,0,3,45,4,52,0,11,61,4,76,26,0,26,102
05/24/2018,PAH,KY,ASO,CE,Federal Contract Tower,0,10,12,0,22,0,2,20,0,22,0,12,32,0,44,16,0,16,60
05/25/2018,PAH,KY,ASO,CE,Federal Contract Tower,0,8,16,0,24,0,0,21,0,21,0,8,37,0,45,10,0,10,55
05/26/2018,PAH,KY,ASO,CE,Federal Contract Tower,0,4,14,0,18,0,1,15,0,16,0,5,29,0,34,10,0,10,44
05/27/2018,PAH,KY,ASO,CE,Federal Contract Tower,0,3,3,0,6,0,2,21,0,23,0,5,24,0,29,22,0,22,51
05/28/2018,PAH,KY,ASO,CE,Federal Contract Tower,0,4,5,0,9,0,2,15,0,17,0,6,20,0,26,14,0,14,40
05/29/2018,PAH,KY,ASO,CE,Federal Contract Tower,0,9,6,0,15,0,0,10,0,10,0,9,16,0,25,0,0,0,25
05/30/2018,PAH,KY,ASO,CE,Federal Contract Tower,0,10,9,0,19,0,0,30,4,34,0,10,39,4,53,30,2,32,85
05/31/2018,PAH,KY,ASO,CE,Federal Contract Tower,0,5,8,0,13,0,0,17,0,17,0,5,25,0,30,18,0,18,48
06/01/2018,PAH,KY,ASO,CE,Federal Contract Tower,0,7,11,0,18,0,1,24,0,25,0,8,35,0,43,36,0,36,79
06/02/2018,PAH,KY,ASO,CE,Federal Contract Tower,0,6,4,0,10,0,0,21,0,21,0,6,25,0,31,18,0,18,49
06/03/2018,PAH,KY,ASO,CE,Federal Contract Tower,0,6,12,0,18,0,4,41,0,45,0,10,53,0,63,32,0,32,95
06/04/2018,PAH,KY,ASO,CE,Federal Contract Tower,0,7,14,0,21,0,4,34,6,44,0,11,48,6,65,44,4,48,113
06/05/2018,PAH,KY,ASO,CE,Federal Contract Tower,0,9,13,0,22,0,2,34,2,38,0,11,47,2,60,20,4,24,84
06/06/2018,PAH,KY,ASO,CE,Federal Contract Tower,0,11,15,0,26,0,6,33,2,41,0,17,48,2,67,24,2,26,93
06/07/2018,PAH,KY,ASO,CE,Federal Contract Tower,0,11,18,0,29,0,0,38,0,38,0,11,56,0,67,0,0,0,67
06/08/2018,PAH,KY,ASO,CE,Federal Contract Tower,0,5,10,0,15,0,4,26,0,30,0,9,36,0,45,10,0,10,55
06/09/2018,PAH,KY,ASO,CE,Federal Contract Tower,0,4,5,0,9,0,0,25,0,25,0,4,30,0,34,20,0,20,54
06/10/2018,PAH,KY,ASO,CE,Federal Contract Tower,0,4,5,0,9,0,0,27,0,27,0,4,32,0,36,12,0,12,48
06/11/2018,PAH,KY,ASO,CE,Federal Contract Tower,0,8,15,2,25,0,2,19,0,21,0,10,34,2,46,10,0,10,56
06/12/2018,PAH,KY,ASO,CE,Federal Contract Tower,0,12,10,0,22,0,0,8,0,8,0,12,18,0,30,6,0,6,36
06/13/2018,PAH,KY,ASO,CE,Federal Contract Tower,0,6,5,0,11,0,0,16,4,20,0,6,21,4,31,8,0,8,39
06/14/2018,PAH,KY,ASO,CE,Federal Contract Tower,0,8,9,0,17,0,0,7,2,9,0,8,16,2,26,6,0,6,32
06/15/2018,PAH,KY,ASO,CE,Federal Contract Tower,0,6,4,0,10,0,0,42,0,42,0,6,46,0,52,6,0,6,58
06/16/2018,PAH,KY,ASO,CE,Federal Contract Tower,0,7,1,0,8,0,2,34,0,36,0,9,35,0,44,12,0,12,56
06/17/2018,PAH,KY,ASO,CE,Federal Contract Tower,0,4,11,0,15,0,0,39,0,39,0,4,50,0,54,34,4,38,92
06/18/2018,PAH,KY,ASO,CE,Federal Contract Tower,0,11,13,0,24,0,0,41,6,47,0,11,54,6,71,34,4,38,109
06/19/2018,PAH,KY,ASO,CE,Federal Contract Tower,0,3,12,2,17,0,4,33,4,41,0,7,45,6,58,26,2,28,86
06/20/2018,PAH,KY,ASO,CE,Federal Contract Tower,0,3,9,3,15,0,4,33,0,37,0,7,42,3,52,20,0,20,72
06/21/2018,PAH,KY,ASO,CE,Federal Contract Tower,0,7,11,0,18,0,0,9,0,9,0,7,20,0,27,6,0,6,33
06/22/2018,PAH,KY,ASO,CE,Federal Contract Tower,0,7,13,0,20,0,0,6,0,6,0,7,19,0,26,0,0,0,26
06/23/2018,PAH,KY,ASO,CE,Federal Contract Tower,0,4,3,0,7,0,0,22,0,22,0,4,25,0,29,16,0,16,45
06/24/2018,PAH,KY,ASO,CE,Federal Contract Tower,0,8,9,0,17,0,2,37,1,40,0,10,46,1,57,20,0,20,77
06/25/2018,PAH,KY,ASO,CE,Federal Contract Tower,0,8,11,0,19,0,0,23,0,23,0,8,34,0,42,12,0,12,54
06/26/2018,PAH,KY,ASO,CE,Federal Contract Tower,0,6,12,0,18,0,0,9,0,9,0,6,21,0,27,6,0,6,33
06/27/2018,PAH,KY,ASO,CE,Federal Contract Tower,0,13,16,8,37,0,0,19,2,21,0,13,35,10,58,4,2,6,64
06/28/2018,PAH,KY,ASO,CE,Federal Contract Tower,0,5,7,0,12,0,0,11,2,13,0,5,18,2,25,0,4,4,29
06/29/2018,PAH,KY,ASO,CE,Federal Contract Tower,0,7,16,0,23,0,2,42,0,44,0,9,58,0,67,28,0,28,95
06/30/2018,PAH,KY,ASO,CE,Federal Contract Tower,0,6,8,0,14,0,3,26,0,29,0,9,34,0,43,4,0,4,47
07/01/2018,PAH,KY,ASO,CE,Federal Contract Tower,0,4,8,0,12,0,2,29,2,33,0,6,37,2,45,44,0,44,89
07/02/2018,PAH,KY,ASO,CE,Federal Contract Tower,0,9,3,0,12,0,2,36,4,42,0,11,39,4,54,22,8,30,84
07/03/2018,PAH,KY,ASO,CE,Federal Contract Tower,0,9,10,0,19,0,2,35,4,41,0,11,45,4,60,20,4,24,84
07/04/2018,PAH,KY,ASO,CE,Federal Contract Tower,0,5,0,0,5,0,0,21,0,21,0,5,21,0,26,18,0,18,44
07/05/2018,PAH,KY,ASO,CE,Federal Contract Tower,0,7,6,0,13,0,2,24,2,28,0,9,30,2,41,18,0,18,59
07/06/2018,PAH,KY,ASO,CE,Federal Contract Tower,0,9,8,0,17,0,0,22,0,22,0,9,30,0,39,24,0,24,63
07/07/2018,PAH,KY,ASO,CE,Federal Contract Tower,0,7,6,0,13,0,4,51,0,55,0,11,57,0,68,6,0,6,74
07/09/2018,PAH,KY,ASO,CE,Federal Contract Tower,0,6,19,0,25,0,2,41,4,47,0,8,60,4,72,44,0,44,116
07/10/2018,PAH,KY,ASO,CE,Federal Contract Tower,0,8,11,1,20,0,2,39,4,45,0,10,50,5,65,32,4,36,101
07/11/2018,PAH,KY,ASO,CE,Federal Contract Tower,0,6,11,0,17,0,4,47,2,53,0,10,58,2,70,24,2,26,96
07/12/2018,PAH,KY,ASO,CE,Federal Contract Tower,0,9,10,2,21,0,2,49,4,55,0,11,59,6,76,22,2,24,100
07/14/2018,PAH,KY,ASO,CE,Federal Contract Tower,0,7,1,1,9,0,0,29,1,30,0,7,30,2,39,26,0,26,65
07/15/2018,PAH,KY,ASO,CE,Federal Contract Tower,0,6,11,0,17,0,0,29,0,29,0,6,40,0,46,54,0,54,100
07/16/2018,PAH,KY,ASO,CE,Federal Contract Tower,0,10,7,0,17,0,6,39,6,51,0,16,46,6,68,28,0,28,96
07/17/2018,PAH,KY,ASO,CE,Federal Contract Tower,0,10,13,0,23,0,4,38,4,46,0,14,51,4,69,22,2,24,93
07/18/2018,PAH,KY,ASO,CE,Federal Contract Tower,0,10,12,2,24,0,0,52,0,52,0,10,64,2,76,18,0,18,94
07/19/2018,PAH,KY,ASO,CE,Federal Contract Tower,0,6,21,0,27,0,2,45,0,47,0,8,66,0,74,18,0,18,92
07/20/2018,PAH,KY,ASO,CE,Federal Contract Tower,0,6,9,2,17,0,0,46,0,46,0,6,55,2,63,26,0,26,89
07/21/2018,PAH,KY,ASO,CE,Federal Contract Tower,0,6,14,0,20,0,2,24,0,26,0,8,38,0,46,12,0,12,58
07/22/2018,PAH,KY,ASO,CE,Federal Contract Tower,0,3,13,0,16,0,0,43,0,43,0,3,56,0,59,38,0,38,97
07/23/2018,PAH,KY,ASO,CE,Federal Contract Tower,0,5,12,0,17,0,2,32,6,40,0,7,44,6,57,34,8,42,99
07/25/2018,PAH,KY,ASO,CE,Federal Contract Tower,0,7,17,0,24,0,2,41,0,43,0,9,58,0,67,24,0,24,91
07/26/2018,PAH,KY,ASO,CE,Federal Contract Tower,0,8,12,0,20,0,2,39,0,41,0,10,51,0,61,4,0,4,65
07/27/2018,PAH,KY,ASO,CE,Federal Contract Tower,0,10,10,2,22,0,0,36,0,36,0,10,46,2,58,16,0,16,74
07/29/2018,PAH,KY,ASO,CE,Federal Contract Tower,0,5,6,0,11,0,2,38,0,40,0,7,44,0,51,52,0,52,103
07/30/2018,PAH,KY,ASO,CE,Federal Contract Tower,0,7,10,0,17,0,4,37,6,47,0,11,47,6,64,28,6,34,98
07/31/2018,PAH,KY,ASO,CE,Federal Contract Tower,0,9,9,0,18,0,4,42,2,48,0,13,51,2,66,30,4,34,100
08/01/2018,PAH,KY,ASO,CE,Federal Contract Tower,0,5,12,2,19,0,0,24,0,24,0,5,36,2,43,16,0,16,59
08/02/2018,PAH,KY,ASO,CE,Federal Contract Tower,0,7,6,0,13,0,0,17,0,17,0,7,23,0,30,10,0,10,40
08/03/2018,PAH,KY,ASO,CE,Federal Contract Tower,0,9,8,1,18,0,0,31,0,31,0,9,39,1,49,26,0,26,75
08/04/2018,PAH,KY,ASO,CE,Federal Contract Tower,0,5,9,0,14,0,2,38,0,40,0,7,47,0,54,40,0,40,94
08/05/2018,PAH,KY,ASO,CE,Federal Contract Tower,0,5,6,0,11,0,0,38,0,38,0,5,44,0,49,62,0,62,111
08/06/2018,PAH,KY,ASO,CE,Federal Contract Tower,0,9,7,0,16,0,5,44,2,51,0,14,51,2,67,38,4,42,109
08/07/2018,PAH,KY,ASO,CE,Federal Contract Tower,0,9,7,0,16,0,2,34,4,40,0,11,41,4,56,26,4,30,86
08/08/2018,PAH,KY,ASO,CE,Federal Contract Tower,0,10,6,0,16,0,0,35,0,35,0,10,41,0,51,22,0,22,73
08/09/2018,PAH,KY,ASO,CE,Federal Contract Tower,0,3,9,0,12,0,0,5,0,5,0,3,14,0,17,0,0,0,17
08/10/2018,PAH,KY,ASO,CE,Federal Contract Tower,0,8,4,0,12,0,1,22,0,23,0,9,26,0,35,0,0,0,35
08/11/2018,PAH,KY,ASO,CE,Federal Contract Tower,0,4,1,0,5,0,0,19,0,19,0,4,20,0,24,20,0,20,44
08/12/2018,PAH,KY,ASO,CE,Federal Contract Tower,0,4,0,0,4,0,2,40,2,44,0,6,40,2,48,44,0,44,92
08/13/2018,PAH,KY,ASO,CE,Federal Contract Tower,0,7,10,0,17,0,4,57,6,67,0,11,67,6,84,38,0,38,122
08/14/2018,PAH,KY,ASO,CE,Federal Contract Tower,0,7,10,0,17,0,2,30,4,36,0,9,40,4,53,28,4,32,85
08/15/2018,PAH,KY,ASO,CE,Federal Contract Tower,0,9,11,0,20,0,4,31,2,37,0,13,42,2,57,20,4,24,81
08/16/2018,PAH,KY,ASO,CE,Federal Contract Tower,0,5,18,5,28,0,0,23,1,24,0,5,41,6,52,16,0,16,68
08/17/2018,PAH,KY,ASO,CE,Federal Contract Tower,0,6,4,8,18,0,0,30,2,32,0,6,34,10,50,10,0,10,60
08/18/2018,PAH,KY,ASO,CE,Federal Contract Tower,0,4,12,0,16,0,0,13,0,13,0,4,25,0,29,10,0,10,39
08/19/2018,PAH,KY,ASO,CE,Federal Contract Tower,0,4,9,0,13,0,2,44,0,46,0,6,53,0,59,40,0,40,99
08/20/2018,PAH,KY,ASO,CE,Federal Contract Tower,0,3,12,2,17,0,2,41,6,49,0,5,53,8,66,24,4,28,94
08/21/2018,PAH,KY,ASO,CE,Federal Contract Tower,0,3,12,3,18,0,0,25,3,28,0,3,37,6,46,16,2,18,64
08/22/2018,PAH,KY,ASO,CE,Federal Contract Tower,0,9,22,0,31,0,10,46,1,57,0,19,68,1,88,26,0,26,114
08/23/2018,PAH,KY,ASO,CE,Federal Contract Tower,0,6,13,2,21,0,0,39,2,41,0,6,52,4,62,32,0,32,94
08/24/2018,PAH,KY,ASO,CE,Federal Contract Tower,0,8,15,0,23,0,0,32,0,32,0,8,47,0,55,0,0,0,55
08/25/2018,PAH,KY,ASO,CE,Federal Contract Tower,0,5,10,0,15,0,0,14,0,14,0,5,24,0,29,10,0,10,39
08/26/2018,PAH,KY,ASO,CE,Federal Contract Tower,0,6,4,0,10,0,0,42,0,42,0,6,46,0,52,40,0,40,92
08/27/2018,PAH,KY,ASO,CE,Federal Contract Tower,0,8,4,0,12,0,2,53,4,59,0,10,57,4,71,34,4,38,109
08/28/2018,PAH,KY,ASO,CE,Federal Contract Tower,0,11,15,2,28,0,0,43,4,47,0,11,58,6,75,22,6,28,103
08/29/2018,PAH,KY,ASO,CE,Federal Contract Tower,0,9,12,0,21,0,2,26,11,39,0,11,38,11,60,14,0,14,74
08/30/2018,PAH,KY,ASO,CE,Federal Contract Tower,0,8,11,4,23,0,4,27,4,35,0,12,38,8,58,16,0,16,74
08/31/2018,PAH,KY,ASO,CE,Federal Contract Tower,0,5,19,0,24,0,0,26,0,26,0,5,45,0,50,12,0,12,62
09/01/2018,PAH,KY,ASO,CE,Federal Contract Tower,0,5,8,0,13,0,0,17,0,17,0,5,25,0,30,8,0,8,38
09/02/2018,PAH,KY,ASO,CE,Federal Contract Tower,0,4,5,0,9,0,0,45,0,45,0,4,50,0,54,32,0,32,86
09/03/2018,PAH,KY,ASO,CE,Federal Contract Tower,0,3,11,0,14,0,4,37,0,41,0,7,48,0,55,20,0,20,75
09/04/2018,PAH,KY,ASO,CE,Federal Contract Tower,0,8,10,0,18,0,2,45,4,51,0,10,55,4,69,28,0,28,97
09/05/2018,PAH,KY,ASO,CE,Federal Contract Tower,0,6,8,4,18,0,4,34,1,39,0,10,42,5,57,18,0,18,75
09/06/2018,PAH,KY,ASO,CE,Federal Contract Tower,0,8,13,0,21,0,2,23,0,25,0,10,36,0,46,14,0,14,60
09/07/2018,PAH,KY,ASO,CE,Federal Contract Tower,0,9,7,3,19,0,1,20,4,25,0,10,27,7,44,0,0,0,44
09/08/2018,PAH,KY,ASO,CE,Federal Contract Tower,0,4,4,0,8,0,0,0,0,0,0,4,4,0,8,0,0,0,8
09/09/2018,PAH,KY,ASO,CE,Federal Contract Tower,0,4,11,0,15,0,0,22,2,24,0,4,33,2,39,14,0,14,53
09/10/2018,PAH,KY,ASO,CE,Federal Contract Tower,0,7,7,0,14,0,6,40,4,50,0,13,47,4,64,40,6,46,110
09/11/2018,PAH,KY,ASO,CE,Federal Contract Tower,0,6,9,0,15,0,4,38,2,44,0,10,47,2,59,20,2,22,81
09/12/2018,PAH,KY,ASO,CE,Federal Contract Tower,0,7,14,0,21,0,4,36,0,40,0,11,50,0,61,26,0,26,87
09/13/2018,PAH,KY,ASO,CE,Federal Contract Tower,0,6,9,1,16,0,2,40,1,43,0,8,49,2,59,12,0,12,71
09/14/2018,PAH,KY,ASO,CE,Federal Contract Tower,0,10,18,4,32,0,3,60,0,63,0,13,78,4,95,48,0,48,143
09/15/2018,PAH,KY,ASO,CE,Federal Contract Tower,0,6,4,0,10,0,4,45,0,49,0,10,49,0,59,14,0,14,73
09/16/2018,PAH,KY,ASO,CE,Federal Contract Tower,0,6,5,6,17,0,6,69,2,77,0,12,74,8,94,50,6,56,150
09/17/2018,PAH,KY,ASO,CE,Federal Contract Tower,0,11,13,0,24,0,49,8,0,57,0,60,21,0,81,32,6,38,119
09/18/2018,PAH,KY,ASO,CE,Federal Contract Tower,0,6,15,2,23,0,2,40,2,44,0,8,55,4,67,34,0,34,101
09/19/2018,PAH,KY,ASO,CE,Federal Contract Tower,0,6,25,0,31,0,6,39,4,49,0,12,64,4,80,16,2,18,98
09/20/2018,PAH,KY,ASO,CE,Federal Contract Tower,0,6,17,0,23,0,5,42,0,47,0,11,59,0,70,26,0,26,96
09/21/2018,PAH,KY,ASO,CE,Federal Contract Tower,0,6,7,4,17,0,0,14,0,14,0,6,21,4,31,18,0,18,49
09/22/2018,PAH,KY,ASO,CE,Federal Contract Tower,0,4,9,0,13,0,0,0,0,0,0,4,9,0,13,0,0,0,13
09/23/2018,PAH,KY,ASO,CE,Federal Contract Tower,0,4,14,0,18,0,0,16,0,16,0,4,30,0,34,8,0,8,42
09/24/2018,PAH,KY,ASO,CE,Federal Contract Tower,0,12,18,0,30,0,0,34,4,38,0,12,52,4,68,24,4,28,96
09/25/2018,PAH,KY,ASO,CE,Federal Contract Tower,0,12,7,0,19,0,2,15,4,21,0,14,22,4,40,10,8,18,58
09/26/2018,PAH,KY,ASO,CE,Federal Contract Tower,0,13,12,0,25,0,0,17,0,17,0,13,29,0,42,18,0,18,60
09/27/2018,PAH,KY,ASO,CE,Federal Contract Tower,0,7,19,2,28,0,0,39,2,41,0,7,58,4,69,22,2,24,93
09/28/2018,PAH,KY,ASO,CE,Federal Contract Tower,0,6,15,0,21,0,0,23,0,23,0,6,38,0,44,28,0,28,72
09/29/2018,PAH,KY,ASO,CE,Federal Contract Tower,0,5,15,0,20,0,0,31,0,31,0,5,46,0,51,18,0,18,69
09/30/2018,PAH,KY,ASO,CE,Federal Contract Tower,0,4,15,0,19,0,2,45,0,47,0,6,60,0,66,54,0,54,120
10/01/2018,PAH,KY,ASO,CE,Federal Contract Tower,0,10,3,2,15,0,4,46,12,62,0,14,49,14,77,28,6,34,111
10/02/2018,PAH,KY,ASO,CE,Federal Contract Tower,0,6,19,0,25,0,3,38,4,45,0,9,57,4,70,28,2,30,100
10/03/2018,PAH,KY,ASO,CE,Federal Contract Tower,0,9,11,0,20,0,2,36,4,42,0,11,47,4,62,14,4,18,80
10/04/2018,PAH,KY,ASO,CE,Federal Contract Tower,0,7,8,0,15,0,4,29,4,37,0,11,37,4,52,18,0,18,70
10/05/2018,PAH,KY,ASO,CE,Federal Contract Tower,0,8,20,0,28,0,0,25,0,25,0,8,45,0,53,18,0,18,71
10/06/2018,PAH,KY,ASO,CE,Federal Contract Tower,0,6,2,0,8,0,0,27,0,27,0,6,29,0,35,0,0,0,35
10/07/2018,PAH,KY,ASO,CE,Federal Contract Tower,0,5,15,5,25,0,0,41,3,44,0,5,56,8,69,38,28,66,135
10/08/2018,PAH,KY,ASO,CE,Federal Contract Tower,0,7,2,0,9,0,4,41,6,51,0,11,43,6,60,40,4,44,104
10/09/2018,PAH,KY,ASO,CE,Federal Contract Tower,0,10,10,12,32,0,4,42,6,52,0,14,52,18,84,28,2,30,114
10/10/2018,PAH,KY,ASO,CE,Federal Contract Tower,0,12,6,0,18,0,2,26,0,28,0,14,32,0,46,16,0,16,62
10/11/2018,PAH,KY,ASO,CE,Federal Contract Tower,0,11,14,5,30,0,2,23,2,27,0,13,37,7,57,8,2,10,67
10/12/2018,PAH,KY,ASO,CE,Federal Contract Tower,0,5,9,0,14,0,0,12,2,14,0,5,21,2,28,0,0,0,28
10/13/2018,PAH,KY,ASO,CE,Federal Contract Tower,0,9,3,0,12,0,0,4,0,4,0,9,7,0,16,0,0,0,16
10/14/2018,PAH,KY,ASO,CE,Federal Contract Tower,0,3,6,0,9,0,2,18,2,22,0,5,24,2,31,4,4,8,39
10/15/2018,PAH,KY,ASO,CE,Federal Contract Tower,0,9,1,0,10,0,3,25,8,36,0,12,26,8,46,14,8,22,68
10/16/2018,PAH,KY,ASO,CE,Federal Contract Tower,0,5,11,2,18,0,4,36,2,42,0,9,47,4,60,16,2,18,78
10/17/2018,PAH,KY,ASO,CE,Federal Contract Tower,0,6,8,3,17,0,6,32,11,49,0,12,40,14,66,12,8,20,86
10/18/2018,PAH,KY,ASO,CE,Federal Contract Tower,0,7,14,0,21,0,0,24,0,24,0,7,38,0,45,6,0,6,51
10/19/2018,PAH,KY,ASO,CE,Federal Contract Tower,0,7,8,0,15,0,2,8,0,10,0,9,16,0,25,10,0,10,35
10/20/2018,PAH,KY,ASO,CE,Federal Contract Tower,0,10,8,0,18,0,0,15,0,15,0,10,23,0,33,18,0,18,51
10/21/2018,PAH,KY,ASO,CE,Federal Contract Tower,0,14,3,0,17,0,0,47,0,47,0,14,50,0,64,38,0,38,102
10/22/2018,PAH,KY,ASO,CE,Federal Contract Tower,0,12,9,0,21,0,5,40,6,51,0,17,49,6,72,46,0,46,118
10/23/2018,PAH,KY,ASO,CE,Federal Contract Tower,0,9,6,0,15,0,2,37,4,43,0,11,43,4,58,16,6,22,80
10/24/2018,PAH,KY,ASO,CE,Federal Contract Tower,0,6,9,0,15,0,4,39,2,45,0,10,48,2,60,12,2,14,74
10/25/2018,PAH,KY,ASO,CE,Federal Contract Tower,0,5,7,0,12,0,2,16,0,18,0,7,23,0,30,14,0,14,44
10/26/2018,PAH,KY,ASO,CE,Federal Contract Tower,0,11,6,0,17,0,0,0,0,0,0,11,6,0,17,0,0,0,17
10/27/2018,PAH,KY,ASO,CE,Federal Contract Tower,1,5,11,0,17,0,0,8,0,8,1,5,19,0,25,0,0,0,25
10/28/2018,PAH,KY,ASO,CE,Federal Contract Tower,0,6,11,0,17,0,4,40,2,46,0,10,51,2,63,30,0,30,93
10/29/2018,PAH,KY,ASO,CE,Federal Contract Tower,0,5,5,1,11,0,6,41,6,53,0,11,46,7,64,36,4,40,104
10/30/2018,PAH,KY,ASO,CE,Federal Contract Tower,0,6,7,2,15,0,4,35,2,41,0,10,42,4,56,26,4,30,86
11/01/2018,PAH,KY,ASO,CE,Federal Contract Tower,0,8,9,0,17,0,0,2,0,2,0,8,11,0,19,0,0,0,19
11/02/2018,PAH,KY,ASO,CE,Federal Contract Tower,0,10,15,1,26,0,0,28,2,30,0,10,43,3,56,16,0,16,72
11/03/2018,PAH,KY,ASO,CE,Federal Contract Tower,0,5,3,0,8,0,0,40,2,42,0,5,43,2,50,18,0,18,68
11/04/2018,PAH,KY,ASO,CE,Federal Contract Tower,0,5,9,0,14,0,0,24,0,24,0,5,33,0,38,24,0,24,62
11/05/2018,PAH,KY,ASO,CE,Federal Contract Tower,0,9,7,2,18,0,3,28,4,35,0,12,35,6,53,16,6,22,75
11/06/2018,PAH,KY,ASO,CE,Federal Contract Tower,0,10,17,3,30,0,4,48,4,56,0,14,65,7,86,24,2,26,112
11/07/2018,PAH,KY,ASO,CE,Federal Contract Tower,0,6,10,2,18,0,6,34,2,42,0,12,44,4,60,34,2,36,96
11/08/2018,PAH,KY,ASO,CE,Federal Contract Tower,0,6,13,0,19,0,2,24,0,26,0,8,37,0,45,14,0,14,59
11/09/2018,PAH,KY,ASO,CE,Federal Contract Tower,0,7,5,0,12,0,0,15,0,15,0,7,20,0,27,4,0,4,31
11/10/2018,PAH,KY,ASO,CE,Federal Contract Tower,0,4,4,0,8,0,0,37,6,43,0,4,41,6,51,10,0,10,61
11/11/2018,PAH,KY,ASO,CE,Federal Contract Tower,0,7,12,0,19,0,0,54,0,54,0,7,66,0,73,50,0,50,123
11/12/2018,PAH,KY,ASO,CE,Federal Contract Tower,0,6,13,0,19,0,4,25,7,36,0,10,38,7,55,0,6,6,61
11/13/2018,PAH,KY,ASO,CE,Federal Contract Tower,0,18,6,0,24,0,2,21,4,27,0,20,27,4,51,4,6,10,61
11/14/2018,PAH,KY,ASO,CE,Federal Contract Tower,0,5,13,0,18,0,0,24,4,28,0,5,37,4,46,6,2,8,54
11/15/2018,PAH,KY,ASO,CE,Federal Contract Tower,0,8,7,0,15,0,0,0,0,0,0,8,7,0,15,0,0,0,15
11/16/2018,PAH,KY,ASO,CE,Federal Contract Tower,0,6,8,0,14,0,0,39,0,39,0,6,47,0,53,4,0,4,57
11/17/2018,PAH,KY,ASO,CE,Federal Contract Tower,0,5,10,0,15,0,2,36,0,38,0,7,46,0,53,8,0,8,61
11/18/2018,PAH,KY,ASO,CE,Federal Contract Tower,0,4,3,0,7,0,2,20,0,22,0,6,23,0,29,12,0,12,41
11/19/2018,PAH,KY,ASO,CE,Federal Contract Tower,0,6,12,0,18,0,4,25,6,35,0,10,37,6,53,20,8,28,81
11/20/2018,PAH,KY,ASO,CE,Federal Contract Tower,0,4,11,0,15,0,2,33,4,39,0,6,44,4,54,20,2,22,76
11/21/2018,PAH,KY,ASO,CE,Federal Contract Tower,0,7,7,4,18,0,2,48,6,56,0,9,55,10,74,26,2,28,102
11/22/2018,PAH,KY,ASO,CE,Federal Contract Tower,0,3,2,0,5,0,0,14,0,14,0,3,16,0,19,10,0,10,29
11/23/2018,PAH,KY,ASO,CE,Federal Contract Tower,0,9,3,0,12,0,0,2,0,2,0,9,5,0,14,0,0,0,14
11/24/2018,PAH,KY,ASO,CE,Federal Contract Tower,0,5,9,0,14,0,0,32,0,32,0,5,41,0,46,12,0,12,58
11/25/2018,PAH,KY,ASO,CE,Federal Contract Tower,0,1,13,0,14,0,2,37,0,39,0,3,50,0,53,20,0,20,73
11/26/2018,PAH,KY,ASO,CE,Federal Contract Tower,0,0,8,0,8,0,4,44,0,48,0,4,52,0,56,30,0,30,86
11/27/2018,PAH,KY,ASO,CE,Federal Contract Tower,0,9,7,2,18,0,2,36,4,42,0,11,43,6,60,26,4,30,90
11/28/2018,PAH,KY,ASO,CE,Federal Contract Tower,0,4,10,2,16,0,2,41,4,47,0,6,51,6,63,22,8,30,93
11/29/2018,PAH,KY,ASO,CE,Federal Contract Tower,0,10,12,0,22,0,0,18,2,20,0,10,30,2,42,12,4,16,58
11/30/2018,PAH,KY,ASO,CE,Federal Contract Tower,0,8,5,0,13,0,0,0,0,0,0,8,5,0,13,0,0,0,13
12/01/2018,PAH,KY,ASO,CE,Federal Contract Tower,2,3,3,0,8,0,0,0,0,0,2,3,3,0,8,0,0,0,8
12/02/2018,PAH,KY,ASO,CE,Federal Contract Tower,0,6,8,0,14,0,2,36,2,40,0,8,44,2,54,30,0,30,84
12/03/2018,PAH,KY,ASO,CE,Federal Contract Tower,0,11,3,4,18,0,4,40,8,52,0,15,43,12,70,18,8,26,96
12/04/2018,PAH,KY,ASO,CE,Federal Contract Tower,0,19,14,6,39,0,5,23,4,32,0,24,37,10,71,16,8,24,95
12/05/2018,PAH,KY,ASO,CE,Federal Contract Tower,0,10,7,0,17,0,4,38,2,44,0,14,45,2,61,24,4,28,89
12/06/2018,PAH,KY,ASO,CE,Federal Contract Tower,0,9,29,1,39,0,2,21,0,23,0,11,50,1,62,14,0,14,76
12/07/2018,PAH,KY,ASO,CE,Federal Contract Tower,0,6,5,0,11,0,0,3,0,3,0,6,8,0,14,8,0,8,22
12/08/2018,PAH,KY,ASO,CE,Federal Contract Tower,0,5,12,0,17,0,2,18,0,20,0,7,30,0,37,0,0,0,37
12/09/2018,PAH,KY,ASO,CE,Federal Contract Tower,0,3,9,0,12,0,4,47,4,55,0,7,56,4,67,42,2,44,111
12/10/2018,PAH,KY,ASO,CE,Federal Contract Tower,0,9,9,3,21,0,5,38,7,50,0,14,47,10,71,38,4,42,113
12/11/2018,PAH,KY,ASO,CE,Federal Contract Tower,0,8,8,6,22,0,8,51,2,61,0,16,59,8,83,36,0,36,119
12/12/2018,PAH,KY,ASO,CE,Federal Contract Tower,0,8,12,8,28,0,2,28,2,32,0,10,40,10,60,28,2,30,90
12/13/2018,PAH,KY,ASO,CE,Federal Contract Tower,0,12,9,0,21,0,2,14,2,18,0,14,23,2,39,6,0,6,45
12/14/2018,PAH,KY,ASO,CE,Federal Contract Tower,0,7,0,0,7,0,0,0,0,0,0,7,0,0,7,0,0,0,7
12/15/2018,PAH,KY,ASO,CE,Federal Contract Tower,0,6,7,0,13,0,0,0,0,0,0,6,7,0,13,0,0,0,13
12/16/2018,PAH,KY,ASO,CE,Federal Contract Tower,0,6,3,0,9,0,0,52,0,52,0,6,55,0,61,44,0,44,105
12/17/2018,PAH,KY,ASO,CE,Federal Contract Tower,0,7,13,0,20,0,4,44,6,54,0,11,57,6,74,36,6,42,116
12/18/2018,PAH,KY,ASO,CE,Federal Contract Tower,0,6,6,3,15,0,4,52,15,71,0,10,58,18,86,28,0,28,114
12/19/2018,PAH,KY,ASO,CE,Federal Contract Tower,0,5,10,2,17,0,0,35,6,41,0,5,45,8,58,28,2,30,88
12/20/2018,PAH,KY,ASO,CE,Federal Contract Tower,0,12,12,0,24,0,2,16,2,20,0,14,28,2,44,8,4,12,56
12/21/2018,PAH,KY,ASO,CE,Federal Contract Tower,0,6,5,0,11,0,0,7,0,7,0,6,12,0,18,0,0,0,18
12/22/2018,PAH,KY,ASO,CE,Federal Contract Tower,0,8,11,0,19,0,0,37,0,37,0,8,48,0,56,10,0,10,66
12/23/2018,PAH,KY,ASO,CE,Federal Contract Tower,0,7,4,0,11,0,0,39,0,39,0,7,43,0,50,30,0,30,80
12/24/2018,PAH,KY,ASO,CE,Federal Contract Tower,0,5,4,0,9,0,0,48,0,48,0,5,52,0,57,26,0,26,83
12/25/2018,PAH,KY,ASO,CE,Federal Contract Tower,0,3,0,0,3,0,2,18,0,20,0,5,18,0,23,10,0,10,33
12/26/2018,PAH,KY,ASO,CE,Federal Contract Tower,0,6,13,0,19,0,1,22,0,23,0,7,35,0,42,14,0,14,56
12/27/2018,PAH,KY,ASO,CE,Federal Contract Tower,0,9,9,0,18,0,0,0,0,0,0,9,9,0,18,0,0,0,18
12/28/2018,PAH,KY,ASO,CE,Federal Contract Tower,0,4,4,0,8,0,0,13,0,13,0,4,17,0,21,2,0,2,23
12/29/2018,PAH,KY,ASO,CE,Federal Contract Tower,0,4,14,0,18,0,0,16,0,16,0,4,30,0,34,0,0,0,34
12/30/2018,PAH,KY,ASO,CE,Federal Contract Tower,0,8,13,0,21,0,0,41,2,43,0,8,54,2,64,38,0,38,102
12/31/2018,PAH,KY,ASO,CE,Federal Contract Tower,0,5,3,0,8,0,7,26,0,33,0,12,29,0,41,0,0,0,41
01/01/2019,PAH,KY,ASO,CE,Federal Contract Tower,0,5,7,0,12,0,4,18,0,22,0,9,25,0,34,2,0,2,36
01/02/2019,PAH,KY,ASO,CE,Federal Contract Tower,0,8,11,0,19,0,2,9,0,11,0,10,20,0,30,0,0,0,30
01/03/2019,PAH,KY,ASO,CE,Federal Contract Tower,0,9,7,0,16,0,8,20,2,30,0,17,27,2,46,14,0,14,60
01/04/2019,PAH,KY,ASO,CE,Federal Contract Tower,0,8,1,0,9,0,0,0,0,0,0,8,1,0,9,0,0,0,9
01/05/2019,PAH,KY,ASO,CE,Federal Contract Tower,0,3,10,0,13,0,0,54,0,54,0,3,64,0,67,26,0,26,93
01/06/2019,PAH,KY,ASO,CE,Federal Contract Tower,0,7,11,0,18,0,2,46,0,48,0,9,57,0,66,38,0,38,104
01/07/2019,PAH,KY,ASO,CE,Federal Contract Tower,0,12,7,0,19,0,4,32,0,36,0,16,39,0,55,12,0,12,67
01/08/2019,PAH,KY,ASO,CE,Federal Contract Tower,0,11,6,2,19,0,0,29,4,33,0,11,35,6,52,20,8,28,80
01/09/2019,PAH,KY,ASO,CE,Federal Contract Tower,0,10,3,0,13,0,4,36,4,44,0,14,39,4,57,28,0,28,85
01/10/2019,PAH,KY,ASO,CE,Federal Contract Tower,0,9,21,0,30,0,2,32,2,36,0,11,53,2,66,14,0,14,80
01/11/2019,PAH,KY,ASO,CE,Federal Contract Tower,0,9,11,0,20,0,0,8,0,8,0,9,19,0,28,0,0,0,28
01/12/2019,PAH,KY,ASO,CE,Federal Contract Tower,0,4,2,0,6,0,0,0,0,0,0,4,2,0,6,0,0,0,6
01/13/2019,PAH,KY,ASO,CE,Federal Contract Tower,0,5,6,0,11,0,2,12,0,14,0,7,18,0,25,0,0,0,25
01/14/2019,PAH,KY,ASO,CE,Federal Contract Tower,0,11,2,0,13,0,6,27,6,39,0,17,29,6,52,8,6,14,66
01/15/2019,PAH,KY,ASO,CE,Federal Contract Tower,0,11,4,0,15,0,0,20,6,26,0,11,24,6,41,16,6,22,63
01/16/2019,PAH,KY,ASO,CE,Federal Contract Tower,0,10,14,0,24,0,4,30,2,36,0,14,44,2,60,20,0,20,80
01/17/2019,PAH,KY,ASO,CE,Federal Contract Tower,0,9,7,0,16,0,0,1,0,1,0,9,8,0,17,0,0,0,17
01/18/2019,PAH,KY,ASO,CE,Federal Contract Tower,0,15,14,0,29,0,0,0,0,0,0,15,14,0,29,0,0,0,29
01/19/2019,PAH,KY,ASO,CE,Federal Contract Tower,0,2,0,0,2,0,0,0,0,0,0,2,0,0,2,0,0,0,2
01/20/2019,PAH,KY,ASO,CE,Federal Contract Tower,0,9,9,1,19,0,0,23,0,23,0,9,32,1,42,10,0,10,52
01/21/2019,PAH,KY,ASO,CE,Federal Contract Tower,0,15,12,0,27,0,2,45,0,47,0,17,57,0,74,36,0,36,110
01/22/2019,PAH,KY,ASO,CE,Federal Contract Tower,0,15,6,0,21,0,0,25,0,25,0,15,31,0,46,24,0,24,70
01/23/2019,PAH,KY,ASO,CE,Federal Contract Tower,0,6,7,0,13,0,4,16,0,20,0,10,23,0,33,0,0,0,33
01/24/2019,PAH,KY,ASO,CE,Federal Contract Tower,0,10,11,0,21,0,2,35,2,39,0,12,46,2,60,16,0,16,76
01/25/2019,PAH,KY,ASO,CE,Federal Contract Tower,0,10,11,0,21,0,0,14,0,14,0,10,25,0,35,4,0,4,39
01/26/2019,PAH,KY,ASO,CE,Federal Contract Tower,0,8,9,0,17,0,0,26,0,26,0,8,35,0,43,2,0,2,45
01/27/2019,PAH,KY,ASO,CE,Federal Contract Tower,0,4,9,0,13,0,0,48,0,48,0,4,57,0,61,42,0,42,103
01/28/2019,PAH,KY,ASO,CE,Federal Contract Tower,0,6,4,0,10,0,7,37,4,48,0,13,41,4,58,24,6,30,88
01/29/2019,PAH,KY,ASO,CE,Federal Contract Tower,0,9,7,3,19,0,2,36,3,41,0,11,43,6,60,22,2,24,84
01/30/2019,PAH,KY,ASO,CE,Federal Contract Tower,0,1,7,0,8,0,5,16,4,25,0,6,23,4,33,10,2,12,45
01/31/2019,PAH,KY,ASO,CE,Federal Contract Tower,0,4,9,0,13,0,0,26,0,26,0,4,35,0,39,16,0,16,55
02/01/2019,PAH,KY,ASO,CE,Federal Contract Tower,0,12,7,0,19,0,0,6,0,6,0,12,13,0,25,6,0,6,31
02/02/2019,PAH,KY,ASO,CE,Federal Contract Tower,0,5,5,0,10,0,0,20,4,24,0,5,25,4,34,2,0,2,36
02/03/2019,PAH,KY,ASO,CE,Federal Contract Tower,0,6,6,0,12,0,4,36,0,40,0,10,42,0,52,34,0,34,86
02/04/2019,PAH,KY,ASO,CE,Federal Contract Tower,0,15,9,4,28,0,4,28,4,36,0,19,37,8,64,12,8,20,84
02/05/2019,PAH,KY,ASO,CE,Federal Contract Tower,0,10,3,0,13,0,0,0,0,0,0,10,3,0,13,0,0,0,13
02/06/2019,PAH,KY,ASO,CE,Federal Contract Tower,0,10,0,0,10,0,2,12,2,16,0,12,12,2,26,8,4,12,38
02/07/2019,PAH,KY,ASO,CE,Federal Contract Tower,0,9,1,0,10,0,2,13,1,16,0,11,14,1,26,4,0,4,30
02/08/2019,PAH,KY,ASO,CE,Federal Contract Tower,0,11,13,0,24,0,0,27,0,27,0,11,40,0,51,28,0,28,79
02/09/2019,PAH,KY,ASO,CE,Federal Contract Tower,0,8,7,0,15,0,1,29,0,30,0,9,36,0,45,6,0,6,51
02/10/2019,PAH,KY,ASO,CE,Federal Contract Tower,0,4,2,0,6,0,4,22,0,26,0,8,24,0,32,8,0,8,40
02/11/2019,PAH,KY,ASO,CE,Federal Contract Tower,0,10,5,0,15,0,2,19,6,27,0,12,24,6,42,0,4,4,46
02/12/2019,PAH,KY,ASO,CE,Federal Contract Tower,0,7,8,4,19,0,0,21,4,25,0,7,29,8,44,14,8,22,66
02/13/2019,PAH,KY,ASO,CE,Federal Contract Tower,0,10,14,0,24,0,8,44,4,56,0,18,58,4,80,30,2,32,112
02/14/2019,PAH,KY,ASO,CE,Federal Contract Tower,0,11,12,6,29,0,2,18,3,23,0,13,30,9,52,18,0,18,70
02/15/2019,PAH,KY,ASO,CE,Federal Contract Tower,0,9,10,0,19,0,0,2,0,2,0,9,12,0,21,0,0,0,21
02/16/2019,PAH,KY,ASO,CE,Federal Contract Tower,0,1,3,0,4,0,0,1,12,13,0,1,4,12,17,0,0,0,17
02/17/2019,PAH,KY,ASO,CE,Federal Contract Tower,0,8,2,0,10,0,2,27,0,29,0,10,29,0,39,18,0,18,57
02/18/2019,PAH,KY,ASO,CE,Federal Contract Tower,0,10,11,0,21,0,4,36,0,40,0,14,47,0,61,42,0,42,103
02/19/2019,PAH,KY,ASO,CE,Federal Contract Tower,0,11,7,0,18,0,4,29,4,37,0,15,36,4,55,34,2,36,91
02/20/2019,PAH,KY,ASO,CE,Federal Contract Tower,0,15,3,0,18,0,2,14,2,18,0,17,17,2,36,0,4,4,40
02/21/2019,PAH,KY,ASO,CE,Federal Contract Tower,0,10,2,0,12,0,4,29,2,35,0,14,31,2,47,18,4,22,69
02/22/2019,PAH,KY,ASO,CE,Federal Contract Tower,0,9,8,0,17,0,0,5,0,5,0,9,13,0,22,0,0,0,22
02/23/2019,PAH,KY,ASO,CE,Federal Contract Tower,0,5,3,0,8,0,0,0,0,0,0,5,3,0,8,0,0,0,8
02/24/2019,PAH,KY,ASO,CE,Federal Contract Tower,0,4,3,0,7,0,0,42,0,42,0,4,45,0,49,38,0,38,87
02/25/2019,PAH,KY,ASO,CE,Federal Contract Tower,0,12,5,0,17,0,2,59,6,67,0,14,64,6,84,48,4,52,136
02/26/2019,PAH,KY,ASO,CE,Federal Contract Tower,0,13,13,0,26,0,2,79,4,85,0,15,92,4,111,14,0,14,125
02/27/2019,PAH,KY,ASO,CE,Federal Contract Tower,0,11,16,2,29,0,0,35,4,39,0,11,51,6,68,22,0,22,90
02/28/2019,PAH,KY,ASO,CE,Federal Contract Tower,0,12,18,0,30,0,4,10,2,16,0,16,28,2,46,2,4,6,52
03/01/2019,PAH,KY,ASO,CE,Federal Contract Tower,0,12,14,0,26,0,0,1,0,1,0,12,15,0,27,0,0,0,27
03/02/2019,PAH,KY,ASO,CE,Federal Contract Tower,0,5,12,0,17,0,0,8,0,8,0,5,20,0,25,2,0,2,27
03/03/2019,PAH,KY,ASO,CE,Federal Contract Tower,0,6,5,0,11,0,2,24,0,26,0,8,29,0,37,14,0,14,51
03/04/2019,PAH,KY,ASO,CE,Federal Contract Tower,0,11,11,0,22,0,0,49,6,55,0,11,60,6,77,34,4,38,115
03/05/2019,PAH,KY,ASO,CE,Federal Contract Tower,0,11,10,0,21,0,4,36,4,44,0,15,46,4,65,18,6,24,89
03/06/2019,PAH,KY,ASO,CE,Federal Contract Tower,0,11,14,0,25,0,8,44,2,54,0,19,58,2,79,26,2,28,107
03/07/2019,PAH,KY,ASO,CE,Federal Contract Tower,0,11,23,1,35,0,2,25,1,28,0,13,48,2,63,14,0,14,77
03/08/2019,PAH,KY,ASO,CE,Federal Contract Tower,0,7,5,0,12,0,0,0,0,0,0,7,5,0,12,0,0,0,12
03/09/2019,PAH,KY,ASO,CE,Federal Contract Tower,0,3,2,0,5,0,0,0,0,0,0,3,2,0,5,0,0,0,5
03/10/2019,PAH,KY,ASO,CE,Federal Contract Tower,0,5,7,0,12,0,4,48,0,52,0,9,55,0,64,40,0,40,104
03/11/2019,PAH,KY,ASO,CE,Federal Contract Tower,0,10,12,2,24,0,2,47,7,56,0,12,59,9,80,38,8,46,126
03/12/2019,PAH,KY,ASO,CE,Federal Contract Tower,0,10,10,0,20,0,2,49,2,53,0,12,59,2,73,28,0,28,101
03/14/2019,PAH,KY,ASO,CE,Federal Contract Tower,0,4,3,0,7,0,0,5,0,5,0,4,8,0,12,0,0,0,12
03/15/2019,PAH,KY,ASO,CE,Federal Contract Tower,0,11,3,0,14,0,0,15,0,15,0,11,18,0,29,6,0,6,35
03/16/2019,PAH,KY,ASO,CE,Federal Contract Tower,0,7,8,0,15,0,0,48,0,48,0,7,56,0,63,32,0,32,95
03/17/2019,PAH,KY,ASO,CE,Federal Contract Tower,0,7,4,0,11,0,0,51,0,51,0,7,55,0,62,56,0,56,118
03/18/2019,PAH,KY,ASO,CE,Federal Contract Tower,0,14,12,0,26,0,4,57,2,63,0,18,69,2,89,48,0,48,137
03/19/2019,PAH,KY,ASO,CE,Federal Contract Tower,0,10,15,2,27,0,0,59,4,63,0,10,74,6,90,38,6,44,134
03/20/2019,PAH,KY,ASO,CE,Federal Contract Tower,0,10,4,0,14,0,6,30,4,40,0,16,34,4,54,18,2,20,74
03/21/2019,PAH,KY,ASO,CE,Federal Contract Tower,0,13,7,0,20,0,2,35,0,37,0,15,42,0,57,16,0,16,73
03/22/2019,PAH,KY,ASO,CE,Federal Contract Tower,0,12,13,2,27,0,0,40,1,41,0,12,53,3,68,14,0,14,82
03/23/2019,PAH,KY,ASO,CE,Federal Contract Tower,0,5,15,0,20,0,4,35,0,39,0,9,50,0,59,12,0,12,71
03/24/2019,PAH,KY,ASO,CE,Federal Contract Tower,0,6,5,0,11,0,0,39,0,39,0,6,44,0,50,36,0,36,86
03/25/2019,PAH,KY,ASO,CE,Federal Contract Tower,0,12,6,0,18,0,6,33,6,45,0,18,39,6,63,24,8,32,95
03/26/2019,PAH,KY,ASO,CE,Federal Contract Tower,0,13,15,0,28,0,0,50,8,58,0,13,65,8,86,36,0,36,122
03/27/2019,PAH,KY,ASO,CE,Federal Contract Tower,0,14,17,0,31,0,4,49,4,57,0,18,66,4,88,30,0,30,118
03/28/2019,PAH,KY,ASO,CE,Federal Contract Tower,0,14,13,0,27,0,4,33,0,37,0,18,46,0,64,22,0,22,86
03/29/2019,PAH,KY,ASO,CE,Federal Contract Tower,0,10,14,2,26,0,0,15,3,18,0,10,29,5,44,0,0,0,44
03/30/2019,PAH,KY,ASO,CE,Federal Contract Tower,0,8,5,0,13,0,0,0,0,0,0,8,5,0,13,0,0,0,13
03/31/2019,PAH,KY,ASO,CE,Federal Contract Tower,0,6,4,2,12,0,0,56,1,57,0,6,60,3,69,38,0,38,107
04/01/2019,PAH,KY,ASO,CE,Federal Contract Tower,0,10,8,6,24,0,4,53,5,62,0,14,61,11,86,32,8,40,126
04/02/2019,PAH,KY,ASO,CE,Federal Contract Tower,0,10,6,8,24,0,8,38,2,48,0,18,44,10,72,24,2,26,98
04/03/2019,PAH,KY,ASO,CE,Federal Contract Tower,0,12,11,8,31,0,5,35,2,42,0,17,46,10,73,20,2,22,95
04/04/2019,PAH,KY,ASO,CE,Federal Contract Tower,0,12,18,0,30,0,2,18,0,20,0,14,36,0,50,10,0,10,60
04/05/2019,PAH,KY,ASO,CE,Federal Contract Tower,0,8,9,3,20,0,0,14,3,17,0,8,23,6,37,0,0,0,37
04/06/2019,PAH,KY,ASO,CE,Federal Contract Tower,0,5,2,0,7,0,0,22,12,34,0,5,24,12,41,20,0,20,61
04/07/2019,PAH,KY,ASO,CE,Federal Contract Tower,0,5,11,0,16,0,0,32,0,32,0,5,43,0,48,20,0,20,68
04/08/2019,PAH,KY,ASO,CE,Federal Contract Tower,0,15,4,0,19,0,6,38,8,52,0,21,42,8,71,36,6,42,113
04/09/2019,PAH,KY,ASO,CE,Federal Contract Tower,0,9,21,0,30,0,4,44,4,52,0,13,65,4,82,26,2,28,110
04/10/2019,PAH,KY,ASO,CE,Federal Contract Tower,0,13,14,0,27,0,4,45,0,49,0,17,59,0,76,30,0,30,106
04/11/2019,PAH,KY,ASO,CE,Federal Contract Tower,0,8,12,0,20,0,0,6,0,6,0,8,18,0,26,0,0,0,26
04/12/2019,PAH,KY,ASO,CE,Federal Contract Tower,0,9,10,0,19,0,0,24,0,24,0,9,34,0,43,10,0,10,53
04/13/2019,PAH,KY,ASO,CE,Federal Contract Tower,0,6,2,0,8,0,2,8,0,10,0,8,10,0,18,2,0,2,20
04/14/2019,PAH,KY,ASO,CE,Federal Contract Tower,0,6,5,0,11,0,0,22,0,22,0,6,27,0,33,8,0,8,41
04/15/2019,PAH,KY,ASO,CE,Federal Contract Tower,0,11,15,0,26,0,4,53,4,61,0,15,68,4,87,28,2,30,117
04/16/2019,PAH,KY,ASO,CE,Federal Contract Tower,0,13,10,1,24,0,5,33,7,45,0,18,43,8,69,22,0,22,91
04/17/2019,PAH,KY,ASO,CE,Federal Contract Tower,0,9,14,5,28,0,4,42,1,47,0,13,56,6,75,16,4,20,95
04/18/2019,PAH,KY,ASO,CE,Federal Contract Tower,0,12,10,0,22,0,0,0,0,0,0,12,10,0,22,0,0,0,22
04/19/2019,PAH,KY,ASO,CE,Federal Contract Tower,0,10,6,0,16,0,0,2,0,2,0,10,8,0,18,0,0,0,18
04/20/2019,PAH,KY,ASO,CE,Federal Contract Tower,0,6,3,0,9,0,0,7,0,7,0,6,10,0,16,0,0,0,16
04/21/2019,PAH,KY,ASO,CE,Federal Contract Tower,0,8,5,0,13,0,2,44,0,46,0,10,49,0,59,42,0,42,101
04/22/2019,PAH,KY,ASO,CE,Federal Contract Tower,0,12,4,0,16,0,6,45,4,55,0,18,49,4,71,46,4,50,121
04/23/2019,PAH,KY,ASO,CE,Federal Contract Tower,0,9,19,0,28,0,4,40,2,46,0,13,59,2,74,34,0,34,108
04/24/2019,PAH,KY,ASO,CE,Federal Contract Tower,0,10,9,0,19,0,4,33,4,41,0,14,42,4,60,30,0,30,90
04/25/2019,PAH,KY,ASO,CE,Federal Contract Tower,0,12,9,0,21,0,0,12,2,14,0,12,21,2,35,12,4,16,51
04/26/2019,PAH,KY,ASO,CE,Federal Contract Tower,0,12,16,0,28,0,2,24,0,26,0,14,40,0,54,12,0,12,66
04/27/2019,PAH,KY,ASO,CE,Federal Contract Tower,0,3,15,0,18,0,0,15,0,15,0,3,30,0,33,8,0,8,41
04/28/2019,PAH,KY,ASO,CE,Federal Contract Tower,0,6,8,0,14,0,1,41,5,47,0,7,49,5,61,40,0,40,101
04/29/2019,PAH,KY,ASO,CE,Federal Contract Tower,0,13,2,0,15,0,4,49,6,59,0,17,51,6,74,36,8,44,118
04/30/2019,PAH,KY,ASO,CE,Federal Contract Tower,0,8,18,0,26,0,4,30,0,34,0,12,48,0,60,22,4,26,86
05/01/2019,PAH,KY,ASO,CE,Federal Contract Tower,0,10,17,0,27,0,4,30,2,36,0,14,47,2,63,24,2,26,89
05/02/2019,PAH,KY,ASO,CE,Federal Contract Tower,0,8,6,0,14,0,0,5,0,5,0,8,11,0,19,0,0,0,19
05/03/2019,PAH,KY,ASO,CE,Federal Contract Tower,0,14,14,0,28,0,0,2,0,2,0,14,16,0,30,0,0,0,30
05/04/2019,PAH,KY,ASO,CE,Federal Contract Tower,0,7,11,0,18,0,0,0,0,0,0,7,11,0,18,0,0,0,18
05/05/2019,PAH,KY,ASO,CE,Federal Contract Tower,0,11,8,0,19,0,0,49,0,49,0,11,57,0,68,42,0,42,110
05/06/2019,PAH,KY,ASO,CE,Federal Contract Tower,0,12,3,0,15,0,0,55,28,83,0,12,58,28,98,50,0,50,148
05/07/2019,PAH,KY,ASO,CE,Federal Contract Tower,0,10,11,2,23,0,2,37,4,43,0,12,48,6,66,28,8,36,102
05/08/2019,PAH,KY,ASO,CE,Federal Contract Tower,0,12,13,0,25,0,4,30,2,36,0,16,43,2,61,20,2,22,83
05/09/2019,PAH,KY,ASO,CE,Federal Contract Tower,0,10,15,0,25,0,0,3,0,3,0,10,18,0,28,4,0,4,32
05/10/2019,PAH,KY,ASO,CE,Federal Contract Tower,0,11,11,0,22,0,0,15,0,15,0,11,26,0,37,14,0,14,51
05/11/2019,PAH,KY,ASO,CE,Federal Contract Tower,0,5,5,0,10,0,0,0,0,0,0,5,5,0,10,0,0,0,10
05/12/2019,PAH,KY,ASO,CE,Federal Contract Tower,0,5,9,0,14,0,2,31,0,33,0,7,40,0,47,20,0,20,67
05/13/2019,PAH,KY,ASO,CE,Federal Contract Tower,0,10,20,0,30,0,6,45,8,59,0,16,65,8,89,38,2,40,129
05/14/2019,PAH,KY,ASO,CE,Federal Contract Tower,0,10,8,0,18,0,2,45,2,49,0,12,53,2,67,32,4,36,103
05/15/2019,PAH,KY,ASO,CE,Federal Contract Tower,0,12,6,4,22,0,0,19,0,19,0,12,25,4,41,14,4,18,59
05/16/2019,PAH,KY,ASO,CE,Federal Contract Tower,0,9,16,2,27,0,2,35,0,37,0,11,51,2,64,20,0,20,84
05/17/2019,PAH,KY,ASO,CE,Federal Contract Tower,0,10,10,4,24,0,1,34,0,35,0,11,44,4,59,0,0,0,59
05/18/2019,PAH,KY,ASO,CE,Federal Contract Tower,0,5,1,0,6,0,0,20,0,20,0,5,21,0,26,0,0,0,26
05/19/2019,PAH,KY,ASO,CE,Federal Contract Tower,0,4,1,0,5,0,0,34,0,34,0,4,35,0,39,24,0,24,63
05/20/2019,PAH,KY,ASO,CE,Federal Contract Tower,0,10,9,4,23,0,8,42,4,54,0,18,51,8,77,50,0,50,127
05/21/2019,PAH,KY,ASO,CE,Federal Contract Tower,0,9,9,4,22,0,0,31,4,35,0,9,40,8,57,24,4,28,85
05/22/2019,PAH,KY,ASO,CE,Federal Contract Tower,0,8,8,0,16,0,0,6,0,6,0,8,14,0,22,0,0,0,22
05/23/2019,PAH,KY,ASO,CE,Federal Contract Tower,0,10,20,2,32,0,0,20,4,24,0,10,40,6,56,10,1,11,67
05/24/2019,PAH,KY,ASO,CE,Federal Contract Tower,0,8,10,0,18,0,4,22,0,26,0,12,32,0,44,20,0,20,64
05/25/2019,PAH,KY,ASO,CE,Federal Contract Tower,0,6,4,0,10,0,3,19,0,22,0,9,23,0,32,6,0,6,38
05/26/2019,PAH,KY,ASO,CE,Federal Contract Tower,0,6,3,0,9,0,0,3,0,3,0,6,6,0,12,0,0,0,12
05/27/2019,PAH,KY,ASO,CE,Federal Contract Tower,0,4,11,0,15,0,2,37,1,40,0,6,48,1,55,10,6,16,71
05/28/2019,PAH,KY,ASO,CE,Federal Contract Tower,0,8,16,0,24,0,8,31,4,43,0,16,47,4,67,34,4,38,105
05/29/2019,PAH,KY,ASO,CE,Federal Contract Tower,0,8,6,0,14,0,1,19,0,20,0,9,25,0,34,18,0,18,52
05/30/2019,PAH,KY,ASO,CE,Federal Contract Tower,0,11,4,2,17,0,4,21,2,27,0,15,25,4,44,2,4,6,50
05/31/2019,PAH,KY,ASO,CE,Federal Contract Tower,0,12,8,0,20,0,0,26,0,26,0,12,34,0,46,12,0,12,58
06/01/2019,PAH,KY,ASO,CE,Federal Contract Tower,0,6,3,0,9,0,1,40,0,41,0,7,43,0,50,28,0,28,78
06/02/2019,PAH,KY,ASO,CE,Federal Contract Tower,0,5,4,0,9,0,4,42,0,46,0,9,46,0,55,52,0,52,107
06/03/2019,PAH,KY,ASO,CE,Federal Contract Tower,0,10,8,3,21,0,7,43,4,54,0,17,51,7,75,30,12,42,117
06/04/2019,PAH,KY,ASO,CE,Federal Contract Tower,0,14,20,0,34,0,7,35,4,46,0,21,55,4,80,24,4,28,108
06/05/2019,PAH,KY,ASO,CE,Federal Contract Tower,0,8,12,2,22,0,8,41,7,56,0,16,53,9,78,36,2,38,116
06/06/2019,PAH,KY,ASO,CE,Federal Contract Tower,0,13,6,0,19,0,5,16,0,21,0,18,22,0,40,20,0,20,60
06/07/2019,PAH,KY,ASO,CE,Federal Contract Tower,0,11,4,0,15,0,0,6,0,6,0,11,10,0,21,0,0,0,21
06/08/2019,PAH,KY,ASO,CE,Federal Contract Tower,0,6,0,0,6,0,0,1,0,1,0,6,1,0,7,0,0,0,7
06/09/2019,PAH,KY,ASO,CE,Federal Contract Tower,0,10,9,0,19,0,2,29,0,31,0,12,38,0,50,28,0,28,78
06/10/2019,PAH,KY,ASO,CE,Federal Contract Tower,0,11,2,0,13,0,2,38,4,44,0,13,40,4,57,38,4,42,99
06/11/2019,PAH,KY,ASO,CE,Federal Contract Tower,0,10,14,0,24,0,4,40,4,48,0,14,54,4,72,22,2,24,96
06/12/2019,PAH,KY,ASO,CE,Federal Contract Tower,0,12,12,2,26,0,2,42,4,48,0,14,54,6,74,23,4,27,101
06/13/2019,PAH,KY,ASO,CE,Federal Contract Tower,0,12,14,2,28,0,0,37,0,37,0,12,51,2,65,32,0,32,97
06/14/2019,PAH,KY,ASO,CE,Federal Contract Tower,0,10,14,0,24,0,0,33,2,35,0,10,47,2,59,22,0,22,81
06/15/2019,PAH,KY,ASO,CE,Federal Contract Tower,0,8,5,0,13,0,0,9,0,9,0,8,14,0,22,0,0,0,22
06/16/2019,PAH,KY,ASO,CE,Federal Contract Tower,0,5,5,0,10,0,2,33,0,35,0,7,38,0,45,34,0,34,79
06/17/2019,PAH,KY,ASO,CE,Federal Contract Tower,0,10,12,0,22,0,4,42,8,54,0,14,54,8,76,22,14,36,112
06/18/2019,PAH,KY,ASO,CE,Federal Contract Tower,0,10,9,9,28,0,0,84,1,85,0,10,93,10,113,12,10,22,135
06/19/2019,PAH,KY,ASO,CE,Federal Contract Tower,0,6,13,0,19,0,2,20,2,24,0,8,33,2,43,18,0,18,61
06/20/2019,PAH,KY,ASO,CE,Federal Contract Tower,0,9,13,3,25,0,6,22,3,31,0,15,35,6,56,18,0,18,74
06/22/2019,PAH,KY,ASO,CE,Federal Contract Tower,0,4,1,0,5,0,0,5,0,5,0,4,6,0,10,28,0,28,38
06/23/2019,PAH,KY,ASO,CE,Federal Contract Tower,0,7,4,0,11,0,0,1,0,1,0,7,5,0,12,0,0,0,12
06/24/2019,PAH,KY,ASO,CE,Federal Contract Tower,0,11,4,0,15,0,0,6,0,6,0,11,10,0,21,0,0,0,21
06/25/2019,PAH,KY,ASO,CE,Federal Contract Tower,0,18,13,0,31,0,6,38,0,44,0,24,51,0,75,20,10,30,105
06/26/2019,PAH,KY,ASO,CE,Federal Contract Tower,0,7,20,0,27,0,3,69,0,72,0,10,89,0,99,0,0,0,99
06/27/2019,PAH,KY,ASO,CE,Federal Contract Tower,0,11,9,0,20,0,1,13,0,14,0,12,22,0,34,0,0,0,34
06/28/2019,PAH,KY,ASO,CE,Federal Contract Tower,0,10,14,0,24,0,2,39,0,41,0,12,53,0,65,40,0,40,105
06/29/2019,PAH,KY,ASO,CE,Federal Contract Tower,0,6,5,0,11,0,2,22,0,24,0,8,27,0,35,0,0,0,35
06/30/2019,PAH,KY,ASO,CE,Federal Contract Tower,0,3,6,0,9,0,1,18,0,19,0,4,24,0,28,8,0,8,36
07/01/2019,PAH,KY,ASO,CE,Federal Contract Tower,0,11,11,0,22,0,2,33,8,43,0,13,44,8,65,26,4,30,95
07/02/2019,PAH,KY,ASO,CE,Federal Contract Tower,0,8,8,0,16,0,4,27,0,31,0,12,35,0,47,28,0,28,75
07/03/2019,PAH,KY,ASO,CE,Federal Contract Tower,0,11,9,0,20,0,0,52,0,52,0,11,61,0,72,24,0,24,96
07/04/2019,PAH,KY,ASO,CE,Federal Contract Tower,0,12,2,0,14,0,3,13,0,16,0,15,15,0,30,12,0,12,42
07/05/2019,PAH,KY,ASO,CE,Federal Contract Tower,0,9,2,0,11,0,0,12,0,12,0,9,14,0,23,0,0,0,23
07/06/2019,PAH,KY,ASO,CE,Federal Contract Tower,0,6,6,0,12,0,0,2,0,2,0,6,8,0,14,0,0,0,14
07/07/2019,PAH,KY,ASO,CE,Federal Contract Tower,0,9,10,0,19,0,0,49,0,49,0,9,59,0,68,34,0,34,102
07/08/2019,PAH,KY,ASO,CE,Federal Contract Tower,0,11,7,0,18,0,10,42,4,56,0,21,49,4,74,42,6,48,122
07/09/2019,PAH,KY,ASO,CE,Federal Contract Tower,0,13,14,2,29,0,4,54,8,66,0,17,68,10,95,30,4,34,129
07/10/2019,PAH,KY,ASO,CE,Federal Contract Tower,0,11,15,0,26,0,4,38,4,46,0,15,53,4,72,22,0,22,94
07/11/2019,PAH,KY,ASO,CE,Federal Contract Tower,0,10,14,2,26,0,0,60,0,60,0,10,74,2,86,18,0,18,104
07/12/2019,PAH,KY,ASO,CE,Federal Contract Tower,0,12,13,6,31,0,0,37,0,37,0,12,50,6,68,8,0,8,76
07/13/2019,PAH,KY,ASO,CE,Federal Contract Tower,0,7,11,0,18,0,0,9,0,9,0,7,20,0,27,6,0,6,33
07/14/2019,PAH,KY,ASO,CE,Federal Contract Tower,0,6,6,0,12,0,4,41,0,45,0,10,47,0,57,46,0,46,103
07/15/2019,PAH,KY,ASO,CE,Federal Contract Tower,0,13,4,3,20,0,6,23,4,33,0,19,27,7,53,10,2,12,65
07/16/2019,PAH,KY,ASO,CE,Federal Contract Tower,0,10,13,0,23,0,4,25,2,31,0,14,38,2,54,0,4,4,58
07/17/2019,PAH,KY,ASO,CE,Federal Contract Tower,0,8,15,1,24,0,1,33,1,35,0,9,48,2,59,20,0,20,79
07/18/2019,PAH,KY,ASO,CE,Federal Contract Tower,0,8,14,0,22,0,0,14,0,14,0,8,28,0,36,18,0,18,54
07/19/2019,PAH,KY,ASO,CE,Federal Contract Tower,0,13,13,0,26,0,0,40,0,40,0,13,53,0,66,8,0,8,74
07/20/2019,PAH,KY,ASO,CE,Federal Contract Tower,0,6,2,0,8,0,1,22,0,23,0,7,24,0,31,16,0,16,47
07/21/2019,PAH,KY,ASO,CE,Federal Contract Tower,0,5,4,0,9,0,0,39,0,39,0,5,43,0,48,32,0,32,80
07/22/2019,PAH,KY,ASO,CE,Federal Contract Tower,0,7,8,0,15,0,3,36,4,43,0,10,44,4,58,36,6,42,100
07/23/2019,PAH,KY,ASO,CE,Federal Contract Tower,0,9,15,2,26,0,3,41,7,51,0,12,56,9,77,22,6,28,105
07/24/2019,PAH,KY,ASO,CE,Federal Contract Tower,0,10,8,0,18,0,5,53,2,60,0,15,61,2,78,54,0,54,132
07/25/2019,PAH,KY,ASO,CE,Federal Contract Tower,0,10,8,0,18,0,1,39,0,40,0,11,47,0,58,22,0,22,80
07/26/2019,PAH,KY,ASO,CE,Federal Contract Tower,0,10,3,0,13,0,0,33,0,33,0,10,36,0,46,10,0,10,56
07/27/2019,PAH,KY,ASO,CE,Federal Contract Tower,0,6,2,0,8,0,2,12,0,14,0,8,14,0,22,0,0,0,22
07/28/2019,PAH,KY,ASO,CE,Federal Contract Tower,0,5,8,0,13,0,2,40,0,42,0,7,48,0,55,36,0,36,91
07/29/2019,PAH,KY,ASO,CE,Federal Contract Tower,0,9,3,2,14,0,6,38,2,46,0,15,41,4,60,40,2,42,102
07/30/2019,PAH,KY,ASO,CE,Federal Contract Tower,0,11,2,0,13,0,4,31,6,41,0,15,33,6,54,24,0,24,78
07/31/2019,PAH,KY,ASO,CE,Federal Contract Tower,0,13,11,0,24,0,4,39,6,49,0,17,50,6,73,28,8,36,109
08/01/2019,PAH,KY,ASO,CE,Federal Contract Tower,0,9,9,2,20,0,2,25,0,27,0,11,34,2,47,14,0,14,61
08/02/2019,PAH,KY,ASO,CE,Federal Contract Tower,0,9,7,4,20,0,0,28,1,29,0,9,35,5,49,0,0,0,49
08/03/2019,PAH,KY,ASO,CE,Federal Contract Tower,0,4,6,0,10,0,2,8,0,10,0,6,14,0,20,2,0,2,22
08/04/2019,PAH,KY,ASO,CE,Federal Contract Tower,0,6,4,0,10,0,2,34,2,38,0,8,38,2,48,28,0,28,76
08/05/2019,PAH,KY,ASO,CE,Federal Contract Tower,0,10,8,2,20,0,4,42,8,54,0,14,50,10,74,54,8,62,136
08/06/2019,PAH,KY,ASO,CE,Federal Contract Tower,0,14,12,2,28,0,0,41,2,43,0,14,53,4,71,26,0,26,97
08/07/2019,PAH,KY,ASO,CE,Federal Contract Tower,0,10,15,5,30,0,2,31,1,34,0,12,46,6,64,18,0,18,82
08/08/2019,PAH,KY,ASO,CE,Federal Contract Tower,0,8,5,0,13,0,0,9,8,17,0,8,14,8,30,4,0,4,34
08/09/2019,PAH,KY,ASO,CE,Federal Contract Tower,0,11,8,0,19,0,0,32,0,32,0,11,40,0,51,6,0,6,57
08/10/2019,PAH,KY,ASO,CE,Federal Contract Tower,0,6,8,0,14,0,0,23,0,23,0,6,31,0,37,16,0,16,53
08/11/2019,PAH,KY,ASO,CE,Federal Contract Tower,0,6,10,0,16,0,2,43,0,45,0,8,53,0,61,48,0,48,109
08/12/2019,PAH,KY,ASO,CE,Federal Contract Tower,0,12,7,0,19,0,8,37,6,51,0,20,44,6,70,40,0,40,110
08/13/2019,PAH,KY,ASO,CE,Federal Contract Tower,0,12,7,0,19,0,2,33,6,41,0,14,40,6,60,24,8,32,92
08/14/2019,PAH,KY,ASO,CE,Federal Contract Tower,0,9,24,4,37,0,0,46,2,48,0,9,70,6,85,40,0,40,125
08/15/2019,PAH,KY,ASO,CE,Federal Contract Tower,0,12,17,0,29,0,3,32,0,35,0,15,49,0,64,32,0,32,96
08/16/2019,PAH,KY,ASO,CE,Federal Contract Tower,0,9,2,2,13,0,2,27,2,31,0,11,29,4,44,14,0,14,58
08/17/2019,PAH,KY,ASO,CE,Federal Contract Tower,0,7,5,0,12,0,1,25,0,26,0,8,30,0,38,18,0,18,56
08/18/2019,PAH,KY,ASO,CE,Federal Contract Tower,0,2,8,0,10,0,2,44,0,46,0,4,52,0,56,38,0,38,94
08/19/2019,PAH,KY,ASO,CE,Federal Contract Tower,0,12,4,0,16,0,8,43,6,57,0,20,47,6,73,44,4,48,121
08/20/2019,PAH,KY,ASO,CE,Federal Contract Tower,0,8,7,0,15,0,4,26,4,34,0,12,33,4,49,22,4,26,75
08/21/2019,PAH,KY,ASO,CE,Federal Contract Tower,0,9,17,0,26,0,2,25,0,27,0,11,42,0,53,12,0,12,65
08/22/2019,PAH,KY,ASO,CE,Federal Contract Tower,0,13,3,0,16,0,0,1,0,1,0,13,4,0,17,0,0,0,17
08/23/2019,PAH,KY,ASO,CE,Federal Contract Tower,0,11,6,3,20,0,2,7,1,10,0,13,13,4,30,0,0,0,30
08/24/2019,PAH,KY,ASO,CE,Federal Contract Tower,0,7,6,0,13,0,1,14,0,15,0,8,20,0,28,4,0,4,32
08/25/2019,PAH,KY,ASO,CE,Federal Contract Tower,0,9,3,0,12,0,0,33,0,33,0,9,36,0,45,28,0,28,73
08/26/2019,PAH,KY,ASO,CE,Federal Contract Tower,0,11,9,0,20,0,4,30,4,38,0,15,39,4,58,14,4,18,76
08/27/2019,PAH,KY,ASO,CE,Federal Contract Tower,0,10,20,1,31,0,4,32,3,39,0,14,52,4,70,16,4,20,90
08/28/2019,PAH,KY,ASO,CE,Federal Contract Tower,0,12,13,2,27,0,4,43,0,47,0,16,56,2,74,18,0,18,92
08/29/2019,PAH,KY,ASO,CE,Federal Contract Tower,0,15,20,0,35,0,0,16,2,18,0,15,36,2,53,0,0,0,53
08/30/2019,PAH,KY,ASO,CE,Federal Contract Tower,0,10,15,0,25,0,0,40,0,40,0,10,55,0,65,8,0,8,73
08/31/2019,PAH,KY,ASO,CE,Federal Contract Tower,0,6,8,0,14,0,2,22,0,24,0,8,30,0,38,16,0,16,54
09/01/2019,PAH,KY,ASO,CE,Federal Contract Tower,0,4,5,0,9,0,0,45,0,45,0,4,50,0,54,36,0,36,90
09/02/2019,PAH,KY,ASO,CE,Federal Contract Tower,0,8,5,0,13,0,4,41,0,45,0,12,46,0,58,34,0,34,92
09/03/2019,PAH,KY,ASO,CE,Federal Contract Tower,0,8,14,10,32,0,8,35,4,47,0,16,49,14,79,24,0,24,103
09/04/2019,PAH,KY,ASO,CE,Federal Contract Tower,0,12,10,1,23,0,0,39,7,46,0,12,49,8,69,20,2,22,91
09/05/2019,PAH,KY,ASO,CE,Federal Contract Tower,0,16,13,7,36,0,4,21,1,26,0,20,34,8,62,14,0,14,76
09/06/2019,PAH,KY,ASO,CE,Federal Contract Tower,0,13,11,0,24,0,0,25,0,25,0,13,36,0,49,0,0,0,49
09/07/2019,PAH,KY,ASO,CE,Federal Contract Tower,0,11,8,1,20,0,4,18,0,22,0,15,26,1,42,0,0,0,42
09/08/2019,PAH,KY,ASO,CE,Federal Contract Tower,0,7,4,0,11,0,0,40,0,40,0,7,44,0,51,32,0,32,83
09/09/2019,PAH,KY,ASO,CE,Federal Contract Tower,10,12,2,0,24,0,6,38,6,50,10,18,40,6,74,28,4,32,106
09/10/2019,PAH,KY,ASO,CE,Federal Contract Tower,0,10,6,0,16,0,4,27,2,33,0,14,33,2,49,22,2,24,73
09/11/2019,PAH,KY,ASO,CE,Federal Contract Tower,0,11,4,0,15,0,6,34,4,44,0,17,38,4,59,14,6,20,79
09/12/2019,PAH,KY,ASO,CE,Federal Contract Tower,0,11,7,2,20,0,5,19,0,24,0,16,26,2,44,20,0,20,64
09/13/2019,PAH,KY,ASO,CE,Federal Contract Tower,0,10,9,0,19,0,2,13,0,15,0,12,22,0,34,6,0,6,40
09/14/2019,PAH,KY,ASO,CE,Federal Contract Tower,0,10,4,1,15,0,3,4,0,7,0,13,8,1,22,0,0,0,22
09/15/2019,PAH,KY,ASO,CE,Federal Contract Tower,0,7,9,0,16,0,4,44,0,48,0,11,53,0,64,38,0,38,102
09/16/2019,PAH,KY,ASO,CE,Federal Contract Tower,0,10,8,2,20,0,2,41,6,49,0,12,49,8,69,36,4,40,109
09/17/2019,PAH,KY,ASO,CE,Federal Contract Tower,0,16,6,2,24,0,6,35,2,43,0,22,41,4,67,20,0,20,87
09/18/2019,PAH,KY,ASO,CE,Federal Contract Tower,0,17,11,0,28,0,7,28,0,35,0,24,39,0,63,16,0,16,79
09/19/2019,PAH,KY,ASO,CE,Federal Contract Tower,0,10,14,6,30,0,1,16,0,17,0,11,30,6,47,2,0,2,49
09/20/2019,PAH,KY,ASO,CE,Federal Contract Tower,0,10,10,2,22,0,2,19,2,23,0,12,29,4,45,10,0,10,55
09/21/2019,PAH,KY,ASO,CE,Federal Contract Tower,0,7,2,0,9,0,1,9,0,10,0,8,11,0,19,2,0,2,21
09/22/2019,PAH,KY,ASO,CE,Federal Contract Tower,0,7,9,0,16,0,2,40,0,42,0,9,49,0,58,26,0,26,84
09/23/2019,PAH,KY,ASO,CE,Federal Contract Tower,0,14,7,0,21,0,6,46,6,58,0,20,53,6,79,34,6,40,119
09/24/2019,PAH,KY,ASO,CE,Federal Contract Tower,0,8,11,2,21,0,5,31,4,40,0,13,42,6,61,22,2,24,85
09/25/2019,PAH,KY,ASO,CE,Federal Contract Tower,0,10,11,2,23,0,2,25,6,33,0,12,36,8,56,14,2,16,72
09/26/2019,PAH,KY,ASO,CE,Federal Contract Tower,0,12,11,3,26,0,0,20,0,20,0,12,31,3,46,0,0,0,46
09/27/2019,PAH,KY,ASO,CE,Federal Contract Tower,0,8,8,1,17,0,0,24,0,24,0,8,32,1,41,0,0,0,41
09/28/2019,PAH,KY,ASO,CE,Federal Contract Tower,0,7,11,0,18,0,0,26,0,26,0,7,37,0,44,6,0,6,50
09/29/2019,PAH,KY,ASO,CE,Federal Contract Tower,0,9,5,0,14,0,2,42,2,46,0,11,47,2,60,34,0,34,94
09/30/2019,PAH,KY,ASO,CE,Federal Contract Tower,0,14,15,1,30,0,6,43,4,53,0,20,58,5,83,38,6,44,127
10/01/2019,PAH,KY,ASO,CE,Federal Contract Tower,0,11,13,0,24,0,4,36,9,49,0,15,49,9,73,24,4,28,101
10/02/2019,PAH,KY,ASO,CE,Federal Contract Tower,0,16,24,3,43,0,4,37,3,44,0,20,61,6,87,16,2,18,105
10/03/2019,PAH,KY,ASO,CE,Federal Contract Tower,0,16,15,0,31,0,2,33,2,37,0,18,48,2,68,14,0,14,82
10/04/2019,PAH,KY,ASO,CE,Federal Contract Tower,0,9,13,0,22,0,1,22,12,35,0,10,35,12,57,0,0,0,57
10/05/2019,PAH,KY,ASO,CE,Federal Contract Tower,0,10,10,0,20,0,3,20,0,23,0,13,30,0,43,0,0,0,43
10/06/2019,PAH,KY,ASO,CE,Federal Contract Tower,0,5,10,0,15,0,4,28,0,32,0,9,38,0,47,18,0,18,65
10/07/2019,PAH,KY,ASO,CE,Federal Contract Tower,0,12,6,0,18,0,7,36,4,47,0,19,42,4,65,42,0,42,107
10/08/2019,PAH,KY,ASO,CE,Federal Contract Tower,0,17,12,2,31,0,4,43,4,51,0,21,55,6,82,14,2,16,98
10/09/2019,PAH,KY,ASO,CE,Federal Contract Tower,0,14,10,0,24,0,2,45,4,51,0,16,55,4,75,20,4,24,99
10/10/2019,PAH,KY,ASO,CE,Federal Contract Tower,0,10,4,2,16,0,4,26,0,30,0,14,30,2,46,10,0,10,56
10/11/2019,PAH,KY,ASO,CE,Federal Contract Tower,0,10,10,0,20,0,0,0,0,0,0,10,10,0,20,0,0,0,20
10/12/2019,PAH,KY,ASO,CE,Federal Contract Tower,0,12,9,0,21,0,2,37,0,39,0,14,46,0,60,20,0,20,80
10/13/2019,PAH,KY,ASO,CE,Federal Contract Tower,0,9,7,0,16,0,8,51,0,59,0,17,58,0,75,36,0,36,111
10/14/2019,PAH,KY,ASO,CE,Federal Contract Tower,0,12,7,0,19,0,4,41,4,49,0,16,48,4,68,26,0,26,94
10/15/2019,PAH,KY,ASO,CE,Federal Contract Tower,0,12,17,0,29,0,7,34,4,45,0,19,51,4,74,20,0,20,94
10/16/2019,PAH,KY,ASO,CE,Federal Contract Tower,0,12,12,6,30,0,6,32,0,38,0,18,44,6,68,16,0,16,84
10/17/2019,PAH,KY,ASO,CE,Federal Contract Tower,0,11,11,2,24,0,3,25,0,28,0,14,36,2,52,14,0,14,66
10/18/2019,PAH,KY,ASO,CE,Federal Contract Tower,0,13,8,0,21,0,0,38,6,44,0,13,46,6,65,14,0,14,79
10/19/2019,PAH,KY,ASO,CE,Federal Contract Tower,0,9,3,10,22,0,0,30,10,40,0,9,33,20,62,12,0,12,74
10/20/2019,PAH,KY,ASO,CE,Federal Contract Tower,0,6,15,0,21,0,7,36,0,43,0,13,51,0,64,36,0,36,100
10/21/2019,PAH,KY,ASO,CE,Federal Contract Tower,0,10,0,2,12,0,6,30,6,42,0,16,30,8,54,22,8,30,84
10/22/2019,PAH,KY,ASO,CE,Federal Contract Tower,0,12,13,2,27,0,7,25,2,34,0,19,38,4,61,12,2,14,75
10/23/2019,PAH,KY,ASO,CE,Federal Contract Tower,0,16,11,0,27,0,0,31,4,35,0,16,42,4,62,16,0,16,78
10/24/2019,PAH,KY,ASO,CE,Federal Contract Tower,0,15,9,6,30,0,0,17,0,17,0,15,26,6,47,0,0,0,47
10/25/2019,PAH,KY,ASO,CE,Federal Contract Tower,0,11,10,0,21,0,0,17,0,17,0,11,27,0,38,0,0,0,38
10/26/2019,PAH,KY,ASO,CE,Federal Contract Tower,0,6,1,0,7,0,0,0,0,0,0,6,1,0,7,0,0,0,7
10/27/2019,PAH,KY,ASO,CE,Federal Contract Tower,0,6,3,0,9,0,4,40,0,44,0,10,43,0,53,34,0,34,87
10/28/2019,PAH,KY,ASO,CE,Federal Contract Tower,0,10,14,4,28,0,6,24,4,34,0,16,38,8,62,12,6,18,80
10/29/2019,PAH,KY,ASO,CE,Federal Contract Tower,0,12,6,0,18,0,0,17,2,19,0,12,23,2,37,2,4,6,43
10/30/2019,PAH,KY,ASO,CE,Federal Contract Tower,0,8,2,0,10,0,0,7,4,11,0,8,9,4,21,0,0,0,21
10/31/2019,PAH,KY,ASO,CE,Federal Contract Tower,0,11,4,2,17,0,2,10,2,14,0,13,14,4,31,0,0,0,31
11/01/2019,PAH,KY,ASO,CE,Federal Contract Tower,0,8,20,0,28,0,0,25,0,25,0,8,45,0,53,0,0,0,53
11/02/2019,PAH,KY,ASO,CE,Federal Contract Tower,0,7,10,0,17,0,0,31,0,31,0,7,41,0,48,14,0,14,62
11/03/2019,PAH,KY,ASO,CE,Federal Contract Tower,0,6,4,0,10,0,8,50,0,58,0,14,54,0,68,34,0,34,102
11/04/2019,PAH,KY,ASO,CE,Federal Contract Tower,0,12,12,2,26,0,8,40,6,54,0,20,52,8,80,28,4,32,112
11/05/2019,PAH,KY,ASO,CE,Federal Contract Tower,0,12,9,1,22,0,8,37,3,48,0,20,46,4,70,22,0,22,92
11/06/2019,PAH,KY,ASO,CE,Federal Contract Tower,0,11,16,4,31,0,2,28,2,32,0,13,44,6,63,8,2,10,73
11/07/2019,PAH,KY,ASO,CE,Federal Contract Tower,0,13,6,0,19,0,3,2,0,5,0,16,8,0,24,0,0,0,24
11/08/2019,PAH,KY,ASO,CE,Federal Contract Tower,0,12,8,0,20,0,1,14,0,15,0,13,22,0,35,2,0,2,37
11/09/2019,PAH,KY,ASO,CE,Federal Contract Tower,0,14,13,0,27,0,2,22,0,24,0,16,35,0,51,26,0,26,77
11/10/2019,PAH,KY,ASO,CE,Federal Contract Tower,0,4,7,0,11,0,5,43,0,48,0,9,50,0,59,28,0,28,87
11/11/2019,PAH,KY,ASO,CE,Federal Contract Tower,0,3,5,0,8,0,3,7,2,12,0,6,12,2,20,0,0,0,20
11/12/2019,PAH,KY,ASO,CE,Federal Contract Tower,0,9,7,0,16,0,6,29,4,39,0,15,36,4,55,16,6,22,77
11/13/2019,PAH,KY,ASO,CE,Federal Contract Tower,0,9,11,0,20,0,1,26,4,31,0,10,37,4,51,10,2,12,63
11/14/2019,PAH,KY,ASO,CE,Federal Contract Tower,0,10,8,2,20,0,0,20,0,20,0,10,28,2,40,0,0,0,40
11/15/2019,PAH,KY,ASO,CE,Federal Contract Tower,0,10,12,0,22,0,0,48,0,48,0,10,60,0,70,0,0,0,70
11/16/2019,PAH,KY,ASO,CE,Federal Contract Tower,0,6,6,1,13,0,2,44,1,47,0,8,50,2,60,10,0,10,70
11/17/2019,PAH,KY,ASO,CE,Federal Contract Tower,0,6,10,0,16,0,6,43,0,49,0,12,53,0,65,50,0,50,115
11/18/2019,PAH,KY,ASO,CE,Federal Contract Tower,0,12,15,2,29,0,4,47,10,61,0,16,62,12,90,34,0,34,124
11/19/2019,PAH,KY,ASO,CE,Federal Contract Tower,0,10,4,0,14,0,7,45,4,56,0,17,49,4,70,20,4,24,94
11/20/2019,PAH,KY,ASO,CE,Federal Contract Tower,0,11,8,0,19,0,6,39,4,49,0,17,47,4,68,18,0,18,86
11/21/2019,PAH,KY,ASO,CE,Federal Contract Tower,0,15,6,0,21,0,4,8,2,14,0,19,14,2,35,0,2,2,37
11/22/2019,PAH,KY,ASO,CE,Federal Contract Tower,0,11,9,0,20,0,0,5,0,5,0,11,14,0,25,0,0,0,25
11/23/2019,PAH,KY,ASO,CE,Federal Contract Tower,0,6,7,0,13,0,0,0,0,0,0,6,7,0,13,0,0,0,13
11/24/2019,PAH,KY,ASO,CE,Federal Contract Tower,0,10,9,0,19,0,9,41,0,50,0,19,50,0,69,40,0,40,109
11/25/2019,PAH,KY,ASO,CE,Federal Contract Tower,0,14,10,0,24,0,8,37,8,53,0,22,47,8,77,32,2,34,111
11/26/2019,PAH,KY,ASO,CE,Federal Contract Tower,0,11,7,0,18,0,4,21,4,29,0,15,28,4,47,8,4,12,59
11/27/2019,PAH,KY,ASO,CE,Federal Contract Tower,0,10,8,0,18,0,8,22,0,30,0,18,30,0,48,14,0,14,62
11/28/2019,PAH,KY,ASO,CE,Federal Contract Tower,0,7,4,0,11,0,2,12,0,14,0,9,16,0,25,0,0,0,25
11/29/2019,PAH,KY,ASO,CE,Federal Contract Tower,0,11,7,0,18,0,0,2,0,2,0,11,9,0,20,0,0,0,20
11/30/2019,PAH,KY,ASO,CE,Federal Contract Tower,0,8,4,0,12,0,0,0,0,0,0,8,4,0,12,0,0,0,12
12/01/2019,PAH,KY,ASO,CE,Federal Contract Tower,0,9,10,0,19,0,4,38,0,42,0,13,48,0,61,10,0,10,71
12/02/2019,PAH,KY,ASO,CE,Federal Contract Tower,0,9,8,0,17,0,8,47,10,65,0,17,55,10,82,32,10,42,124
12/03/2019,PAH,KY,ASO,CE,Federal Contract Tower,0,7,4,1,12,0,9,37,2,48,0,16,41,3,60,26,4,30,90
12/04/2019,PAH,KY,ASO,CE,Federal Contract Tower,0,6,15,0,21,0,8,46,4,58,0,14,61,4,79,14,2,16,95
12/05/2019,PAH,KY,ASO,CE,Federal Contract Tower,0,11,19,0,30,0,2,12,0,14,0,13,31,0,44,2,0,2,46
12/06/2019,PAH,KY,ASO,CE,Federal Contract Tower,0,9,11,0,20,0,0,21,0,21,0,9,32,0,41,0,0,0,41
12/07/2019,PAH,KY,ASO,CE,Federal Contract Tower,0,3,5,0,8,0,0,16,0,16,0,3,21,0,24,6,0,6,30
12/08/2019,PAH,KY,ASO,CE,Federal Contract Tower,0,8,9,0,17,0,4,39,0,43,0,12,48,0,60,18,0,18,78
12/09/2019,PAH,KY,ASO,CE,Federal Contract Tower,0,8,6,0,14,0,6,33,6,45,0,14,39,6,59,12,6,18,77
12/10/2019,PAH,KY,ASO,CE,Federal Contract Tower,0,8,9,4,21,0,7,32,4,43,0,15,41,8,64,24,2,26,90
12/11/2019,PAH,KY,ASO,CE,Federal Contract Tower,0,10,13,1,24,0,4,40,4,48,0,14,53,5,72,26,0,26,98
12/12/2019,PAH,KY,ASO,CE,Federal Contract Tower,0,16,12,0,28,0,8,36,0,44,0,24,48,0,72,14,0,14,86
12/13/2019,PAH,KY,ASO,CE,Federal Contract Tower,0,5,6,0,11,0,0,0,0,0,0,5,6,0,11,0,0,0,11
12/14/2019,PAH,KY,ASO,CE,Federal Contract Tower,0,5,6,0,11,0,0,1,0,1,0,5,7,0,12,0,0,0,12
12/15/2019,PAH,KY,ASO,CE,Federal Contract Tower,0,2,14,0,16,0,6,30,0,36,0,8,44,0,52,24,0,24,76
12/16/2019,PAH,KY,ASO,CE,Federal Contract Tower,0,6,2,0,8,0,8,11,5,24,0,14,13,5,32,0,0,0,32
12/17/2019,PAH,KY,ASO,CE,Federal Contract Tower,0,6,11,0,17,0,6,32,4,42,0,12,43,4,59,26,2,28,87
12/18/2019,PAH,KY,ASO,CE,Federal Contract Tower,0,6,17,0,23,0,2,28,4,34,0,8,45,4,57,22,2,24,81
12/19/2019,PAH,KY,ASO,CE,Federal Contract Tower,0,6,14,0,20,0,2,32,0,34,0,8,46,0,54,14,0,14,68
12/20/2019,PAH,KY,ASO,CE,Federal Contract Tower,0,6,6,0,12,0,0,17,0,17,0,6,23,0,29,0,0,0,29
12/21/2019,PAH,KY,ASO,CE,Federal Contract Tower,0,3,2,0,5,0,2,24,0,26,0,5,26,0,31,16,0,16,47
12/22/2019,PAH,KY,ASO,CE,Federal Contract Tower,0,7,3,0,10,0,30,0,0,30,0,37,3,0,40,20,0,20,60
12/23/2019,PAH,KY,ASO,CE,Federal Contract Tower,0,7,10,2,19,0,6,52,2,60,0,13,62,4,79,28,0,28,107
12/24/2019,PAH,KY,ASO,CE,Federal Contract Tower,0,8,4,0,12,0,5,24,0,29,0,13,28,0,41,18,0,18,59
12/25/2019,PAH,KY,ASO,CE,Federal Contract Tower,0,2,0,0,2,0,7,19,0,26,0,9,19,0,28,10,0,10,38
12/26/2019,PAH,KY,ASO,CE,Federal Contract Tower,0,14,6,0,20,0,2,21,0,23,0,16,27,0,43,12,0,12,55
12/27/2019,PAH,KY,ASO,CE,Federal Contract Tower,0,6,8,0,14,0,0,0,0,0,0,6,8,0,14,0,0,0,14
12/28/2019,PAH,KY,ASO,CE,Federal Contract Tower,0,4,6,0,10,0,0,2,0,2,0,4,8,0,12,0,0,0,12
12/29/2019,PAH,KY,ASO,CE,Federal Contract Tower,0,7,3,0,10,0,0,0,0,0,0,7,3,0,10,0,0,0,10
12/30/2019,PAH,KY,ASO,CE,Federal Contract Tower,0,8,5,0,13,0,8,47,0,55,0,16,52,0,68,36,0,36,104
12/31/2019,PAH,KY,ASO,CE,Federal Contract Tower,0,6,6,0,12,0,8,41,0,49,0,14,47,0,61,24,0,24,85
01/01/2020,PAH,KY,ASO,CE,Federal Contract Tower,0,1,9,0,10,0,4,32,0,36,0,5,41,0,46,22,0,22,68
01/02/2020,PAH,KY,ASO,CE,Federal Contract Tower,0,9,4,0,13,0,2,15,0,17,0,11,19,0,30,8,0,8,38
01/03/2020,PAH,KY,ASO,CE,Federal Contract Tower,0,6,8,0,14,0,0,0,0,0,0,6,8,0,14,0,0,0,14
01/04/2020,PAH,KY,ASO,CE,Federal Contract Tower,0,4,4,0,8,0,0,6,0,6,0,4,10,0,14,0,0,0,14
01/05/2020,PAH,KY,ASO,CE,Federal Contract Tower,0,8,4,0,12,0,4,49,0,53,0,12,53,0,65,38,0,38,103
01/06/2020,PAH,KY,ASO,CE,Federal Contract Tower,0,8,8,0,16,0,8,50,4,62,0,16,58,4,78,28,8,36,114
01/07/2020,PAH,KY,ASO,CE,Federal Contract Tower,0,6,10,4,20,0,9,38,4,51,0,15,48,8,71,26,0,26,97
01/08/2020,PAH,KY,ASO,CE,Federal Contract Tower,0,6,6,2,14,0,5,45,4,54,0,11,51,6,68,42,2,44,112
01/09/2020,PAH,KY,ASO,CE,Federal Contract Tower,0,8,3,0,11,0,4,22,2,28,0,12,25,2,39,14,2,16,55
01/10/2020,PAH,KY,ASO,CE,Federal Contract Tower,0,5,1,0,6,0,0,2,0,2,0,5,3,0,8,0,0,0,8
01/11/2020,PAH,KY,ASO,CE,Federal Contract Tower,0,1,0,0,1,0,0,0,0,0,0,1,0,0,1,0,0,0,1
01/12/2020,PAH,KY,ASO,CE,Federal Contract Tower,0,9,7,8,24,0,8,21,0,29,0,17,28,8,53,6,0,6,59
01/13/2020,PAH,KY,ASO,CE,Federal Contract Tower,0,6,11,2,19,0,8,41,6,55,0,14,52,8,74,40,6,46,120
01/14/2020,PAH,KY,ASO,CE,Federal Contract Tower,0,7,8,4,19,0,6,16,2,24,0,13,24,6,43,0,4,4,47
01/15/2020,PAH,KY,ASO,CE,Federal Contract Tower,0,12,12,0,24,0,4,22,4,30,0,16,34,4,54,8,2,10,64
01/16/2020,PAH,KY,ASO,CE,Federal Contract Tower,0,10,15,0,25,0,9,60,4,73,0,19,75,4,98,16,0,16,114
01/17/2020,PAH,KY,ASO,CE,Federal Contract Tower,0,10,17,0,27,0,2,0,0,2,0,12,17,0,29,0,0,0,29
01/18/2020,PAH,KY,ASO,CE,Federal Contract Tower,0,5,2,0,7,0,0,1,0,1,0,5,3,0,8,0,0,0,8
01/19/2020,PAH,KY,ASO,CE,Federal Contract Tower,0,4,8,0,12,0,6,44,2,52,0,10,52,2,64,50,0,50,114
01/20/2020,PAH,KY,ASO,CE,Federal Contract Tower,0,13,8,0,21,0,8,33,6,47,0,21,41,6,68,20,6,26,94
01/21/2020,PAH,KY,ASO,CE,Federal Contract Tower,0,6,4,0,10,0,7,38,4,49,0,13,42,4,59,30,2,32,91
01/22/2020,PAH,KY,ASO,CE,Federal Contract Tower,0,8,7,1,16,0,4,39,9,52,0,12,46,10,68,12,4,16,84
01/23/2020,PAH,KY,ASO,CE,Federal Contract Tower,0,7,13,0,20,0,7,14,0,21,0,14,27,0,41,12,0,12,53
01/24/2020,PAH,KY,ASO,CE,Federal Contract Tower,0,13,13,0,26,0,0,0,0,0,0,13,13,0,26,0,0,0,26
01/25/2020,PAH,KY,ASO,CE,Federal Contract Tower,0,5,7,0,12,0,0,2,0,2,0,5,9,0,14,0,0,0,14
01/26/2020,PAH,KY,ASO,CE,Federal Contract Tower,0,6,3,0,9,0,4,38,2,44,0,10,41,2,53,40,0,40,93
01/27/2020,PAH,KY,ASO,CE,Federal Contract Tower,0,9,13,4,26,0,8,33,6,47,0,17,46,10,73,34,2,36,109
01/28/2020,PAH,KY,ASO,CE,Federal Contract Tower,0,6,3,0,9,0,0,0,0,0,0,6,3,0,9,0,0,0,9
01/29/2020,PAH,KY,ASO,CE,Federal Contract Tower,0,6,8,0,14,0,0,0,0,0,0,6,8,0,14,0,0,0,14
01/30/2020,PAH,KY,ASO,CE,Federal Contract Tower,0,6,12,0,18,0,0,0,0,0,0,6,12,0,18,0,0,0,18
01/31/2020,PAH,KY,ASO,CE,Federal Contract Tower,0,6,6,0,12,0,0,0,0,0,0,6,6,0,12,0,0,0,12
02/01/2020,PAH,KY,ASO,ES,Federal Contract Tower,0,4,9,0,13,0,0,17,0,17,0,4,26,0,30,0,0,0,30
02/02/2020,PAH,KY,ASO,ES,Federal Contract Tower,0,8,7,0,15,0,14,40,8,62,0,22,47,8,77,64,4,68,145
02/03/2020,PAH,KY,ASO,ES,Federal Contract Tower,0,6,15,0,21,0,9,38,8,55,0,15,53,8,76,24,2,26,102
02/04/2020,PAH,KY,ASO,ES,Federal Contract Tower,0,6,5,0,11,0,0,0,0,0,0,6,5,0,11,0,0,0,11
02/05/2020,PAH,KY,ASO,ES,Federal Contract Tower,0,7,4,0,11,0,4,2,0,6,0,11,6,0,17,0,0,0,17
02/06/2020,PAH,KY,ASO,ES,Federal Contract Tower,0,6,1,0,7,0,3,6,0,9,0,9,7,0,16,2,0,2,18
02/07/2020,PAH,KY,ASO,ES,Federal Contract Tower,0,6,9,2,17,0,2,17,2,21,0,8,26,4,38,6,0,6,44
02/08/2020,PAH,KY,ASO,ES,Federal Contract Tower,0,3,3,2,8,0,0,29,0,29,0,3,32,2,37,26,0,26,63
02/09/2020,PAH,KY,ASO,ES,Federal Contract Tower,0,4,2,0,6,0,4,39,0,43,0,8,41,0,49,48,0,48,97
02/10/2020,PAH,KY,ASO,ES,Federal Contract Tower,0,9,7,2,18,0,8,17,4,29,0,17,24,6,47,0,0,0,47
02/11/2020,PAH,KY,ASO,ES,Federal Contract Tower,0,13,16,0,29,0,4,30,8,42,0,17,46,8,71,14,8,22,93
02/12/2020,PAH,KY,ASO,ES,Federal Contract Tower,0,10,3,0,13,0,4,11,4,19,0,14,14,4,32,0,8,8,40
02/13/2020,PAH,KY,ASO,ES,Federal Contract Tower,0,3,4,0,7,0,5,17,5,27,0,8,21,5,34,12,2,14,48
02/14/2020,PAH,KY,ASO,ES,Federal Contract Tower,0,6,6,0,12,0,0,20,0,20,0,6,26,0,32,4,0,4,36
02/15/2020,PAH,KY,ASO,ES,Federal Contract Tower,0,4,14,0,18,0,1,30,0,31,0,5,44,0,49,12,0,12,61
02/16/2020,PAH,KY,ASO,ES,Federal Contract Tower,0,6,5,0,11,0,6,51,2,59,0,12,56,2,70,46,0,46,116
02/17/2020,PAH,KY,ASO,ES,Federal Contract Tower,0,8,16,0,24,0,6,47,6,59,0,14,63,6,83,36,4,40,123
02/18/2020,PAH,KY,ASO,ES,Federal Contract Tower,0,7,10,1,18,0,6,21,5,32,0,13,31,6,50,18,8,26,76
02/19/2020,PAH,KY,ASO,ES,Federal Contract Tower,0,8,9,0,17,0,9,40,4,53,0,17,49,4,70,26,0,26,96
02/20/2020,PAH,KY,ASO,ES,Federal Contract Tower,0,5,8,0,13,0,4,22,4,30,0,9,30,4,43,16,0,16,59
02/21/2020,PAH,KY,ASO,ES,Federal Contract Tower,0,9,17,0,26,0,2,39,0,41,0,11,56,0,67,2,0,2,69
02/22/2020,PAH,KY,ASO,ES,Federal Contract Tower,0,7,4,0,11,0,4,35,0,39,0,11,39,0,50,26,0,26,76
02/23/2020,PAH,KY,ASO,ES,Federal Contract Tower,0,4,18,0,22,0,4,38,0,42,0,8,56,0,64,42,0,42,106
02/24/2020,PAH,KY,ASO,ES,Federal Contract Tower,0,6,6,0,12,0,6,0,4,10,0,12,6,4,22,0,0,0,22
02/25/2020,PAH,KY,ASO,ES,Federal Contract Tower,0,10,8,10,28,0,4,1,0,5,0,14,9,10,33,0,0,0,33
02/26/2020,PAH,KY,ASO,ES,Federal Contract Tower,0,13,5,10,28,0,4,16,2,22,0,17,21,12,50,4,2,6,56
02/27/2020,PAH,KY,ASO,ES,Federal Contract Tower,0,6,19,1,26,0,8,35,0,43,0,14,54,1,69,34,0,34,103
02/28/2020,PAH,KY,ASO,ES,Federal Contract Tower,0,8,13,5,26,0,0,17,0,17,0,8,30,5,43,4,0,4,47
02/29/2020,PAH,KY,ASO,ES,Federal Contract Tower,0,7,10,2,19,0,4,32,14,50,0,11,42,16,69,32,0,32,101
03/01/2020,PAH,KY,ASO,ES,Federal Contract Tower,0,6,11,0,17,0,2,42,0,44,0,8,53,0,61,48,0,48,109
03/02/2020,PAH,KY,ASO,ES,Federal Contract Tower,0,5,5,0,10,8,32,4,0,44,8,37,9,0,54,28,2,30,84
03/03/2020,PAH,KY,ASO,ES,Federal Contract Tower,0,8,10,1,19,0,10,35,4,49,0,18,45,5,68,32,0,32,100
03/04/2020,PAH,KY,ASO,ES,Federal Contract Tower,0,6,16,0,22,0,8,33,2,43,0,14,49,2,65,12,0,12,77
03/05/2020,PAH,KY,ASO,ES,Federal Contract Tower,0,6,6,0,12,0,3,26,2,31,0,9,32,2,43,2,0,2,45
03/06/2020,PAH,KY,ASO,ES,Federal Contract Tower,0,6,13,0,19,0,0,16,0,16,0,6,29,0,35,4,0,4,39
03/07/2020,PAH,KY,ASO,ES,Federal Contract Tower,0,2,6,2,10,0,1,30,1,32,0,3,36,3,42,34,4,38,80
03/08/2020,PAH,KY,ASO,ES,Federal Contract Tower,0,6,4,0,10,0,4,36,0,40,0,10,40,0,50,50,0,50,100
03/09/2020,PAH,KY,ASO,ES,Federal Contract Tower,0,8,5,0,13,0,0,13,0,13,0,8,18,0,26,0,0,0,26
03/10/2020,PAH,KY,ASO,ES,Federal Contract Tower,0,8,6,0,14,0,6,28,6,40,0,14,34,6,54,18,4,22,76
03/11/2020,PAH,KY,ASO,ES,Federal Contract Tower,0,7,5,3,15,0,4,25,3,32,0,11,30,6,47,10,4,14,61
03/12/2020,PAH,KY,ASO,ES,Federal Contract Tower,0,8,8,0,16,0,4,13,0,17,0,12,21,0,33,14,0,14,47
03/13/2020,PAH,KY,ASO,ES,Federal Contract Tower,0,7,12,2,21,0,0,30,0,30,0,7,42,2,51,14,0,14,65
03/14/2020,PAH,KY,ASO,ES,Federal Contract Tower,0,6,2,0,8,0,0,0,0,0,0,6,2,0,8,0,0,0,8
03/15/2020,PAH,KY,ASO,ES,Federal Contract Tower,0,7,8,0,15,0,6,33,0,39,0,13,41,0,54,32,0,32,86
03/16/2020,PAH,KY,ASO,ES,Federal Contract Tower,0,8,0,4,12,0,8,34,6,48,0,16,34,10,60,20,8,28,88
03/17/2020,PAH,KY,ASO,ES,Federal Contract Tower,0,8,5,0,13,0,6,30,4,40,0,14,35,4,53,32,2,34,87
03/18/2020,PAH,KY,ASO,ES,Federal Contract Tower,0,10,2,0,12,0,4,13,6,23,0,14,15,6,35,0,8,8,43
03/19/2020,PAH,KY,ASO,ES,Federal Contract Tower,0,5,2,0,7,0,2,11,2,15,0,7,13,2,22,10,0,10,32
03/20/2020,PAH,KY,ASO,ES,Federal Contract Tower,0,8,5,2,15,0,0,8,0,8,0,8,13,2,23,0,0,0,23
03/21/2020,PAH,KY,ASO,ES,Federal Contract Tower,0,1,8,0,9,0,1,25,0,26,0,2,33,0,35,14,0,14,49
03/22/2020,PAH,KY,ASO,ES,Federal Contract Tower,0,0,0,0,0,0,6,28,0,34,0,6,28,0,34,26,0,26,60
03/23/2020,PAH,KY,ASO,ES,Federal Contract Tower,0,6,6,0,12,0,11,33,6,50,0,17,39,6,62,42,4,46,108
03/24/2020,PAH,KY,ASO,ES,Federal Contract Tower,0,7,8,0,15,0,4,7,0,11,0,11,15,0,26,0,0,0,26
03/25/2020,PAH,KY,ASO,ES,Federal Contract Tower,0,6,2,4,12,0,8,19,2,29,0,14,21,6,41,8,4,12,53
03/26/2020,PAH,KY,ASO,ES,Federal Contract Tower,0,7,5,2,14,0,5,23,2,30,0,12,28,4,44,14,0,14,58
03/27/2020,PAH,KY,ASO,ES,Federal Contract Tower,0,6,5,0,11,0,3,5,0,8,0,9,10,0,19,28,0,28,47
03/28/2020,PAH,KY,ASO,ES,Federal Contract Tower,0,6,0,0,6,0,0,2,0,2,0,6,2,0,8,0,0,0,8
03/29/2020,PAH,KY,ASO,ES,Federal Contract Tower,0,4,0,0,4,0,4,40,0,44,0,8,40,0,48,40,0,40,88
03/30/2020,PAH,KY,ASO,ES,Federal Contract Tower,0,5,6,0,11,0,9,40,4,53,0,14,46,4,64,32,4,36,100
04/01/2020,PAH,KY,ASO,ES,Federal Contract Tower,0,6,3,0,9,0,8,35,0,43,0,14,38,0,52,40,0,40,92
04/02/2020,PAH,KY,ASO,ES,Federal Contract Tower,0,8,3,0,11,0,4,20,0,24,0,12,23,0,35,20,0,20,55
04/03/2020,PAH,KY,ASO,ES,Federal Contract Tower,0,8,2,0,10,0,0,13,0,13,0,8,15,0,23,0,0,0,23
04/04/2020,PAH,KY,ASO,ES,Federal Contract Tower,0,6,1,0,7,0,0,17,0,17,0,6,18,0,24,4,0,4,28
04/05/2020,PAH,KY,ASO,ES,Federal Contract Tower,0,4,3,0,7,0,6,26,0,32,0,10,29,0,39,32,0,32,71
04/06/2020,PAH,KY,ASO,ES,Federal Contract Tower,0,6,1,0,7,0,8,36,0,44,0,14,37,0,51,40,0,40,91
04/07/2020,PAH,KY,ASO,ES,Federal Contract Tower,0,6,1,0,7,0,4,28,0,32,0,10,29,0,39,26,0,26,65
04/08/2020,PAH,KY,ASO,ES,Federal Contract Tower,0,4,2,0,6,0,4,29,0,33,0,8,31,0,39,28,0,28,67
04/09/2020,PAH,KY,ASO,ES,Federal Contract Tower,0,6,5,2,13,0,12,29,0,41,0,18,34,2,54,32,0,32,86
04/10/2020,PAH,KY,ASO,ES,Federal Contract Tower,0,6,3,0,9,0,0,13,0,13,0,6,16,0,22,2,0,2,24
04/11/2020,PAH,KY,ASO,ES,Federal Contract Tower,0,4,0,0,4,0,0,12,0,12,0,4,12,0,16,0,0,0,16
04/12/2020,PAH,KY,ASO,ES,Federal Contract Tower,0,4,0,0,4,0,2,22,0,24,0,6,22,0,28,20,0,20,48
04/13/2020,PAH,KY,ASO,ES,Federal Contract Tower,0,6,3,0,9,0,6,27,0,33,0,12,30,0,42,26,0,26,68
04/14/2020,PAH,KY,ASO,ES,Federal Contract Tower,0,8,5,4,17,0,7,23,0,30,0,15,28,4,47,14,6,20,67
04/15/2020,PAH,KY,ASO,ES,Federal Contract Tower,0,6,3,1,10,0,2,19,5,26,0,8,22,6,36,12,0,12,48
04/16/2020,PAH,KY,ASO,ES,Federal Contract Tower,0,6,9,4,19,0,6,16,2,24,0,12,25,6,43,12,4,16,59
04/17/2020,PAH,KY,ASO,ES,Federal Contract Tower,0,6,2,0,8,0,0,0,0,0,0,6,2,0,8,0,0,0,8
04/18/2020,PAH,KY,ASO,ES,Federal Contract Tower,0,4,3,0,7,0,0,17,0,17,0,4,20,0,24,0,0,0,24
04/19/2020,PAH,KY,ASO,ES,Federal Contract Tower,0,4,2,0,6,0,6,28,2,36,0,10,30,2,42,24,0,24,66
04/20/2020,PAH,KY,ASO,ES,Federal Contract Tower,0,6,4,4,14,0,10,30,4,44,0,16,34,8,58,26,4,30,88
04/21/2020,PAH,KY,ASO,ES,Federal Contract Tower,0,6,4,2,12,0,5,24,4,33,0,11,28,6,45,16,2,18,63
04/22/2020,PAH,KY,ASO,ES,Federal Contract Tower,0,6,8,1,15,0,4,28,7,39,0,10,36,8,54,10,6,16,70
04/23/2020,PAH,KY,ASO,ES,Federal Contract Tower,0,6,4,0,10,0,0,4,2,6,0,6,8,2,16,0,0,0,16
04/24/2020,PAH,KY,ASO,ES,Federal Contract Tower,0,6,12,2,20,0,0,19,6,25,0,6,31,8,45,0,0,0,45
04/25/2020,PAH,KY,ASO,ES,Federal Contract Tower,0,3,0,0,3,0,0,0,0,0,0,3,0,0,3,0,0,0,3
04/26/2020,PAH,KY,ASO,ES,Federal Contract Tower,0,5,3,0,8,0,4,14,0,18,0,9,17,0,26,6,0,6,32
04/27/2020,PAH,KY,ASO,ES,Federal Contract Tower,0,7,4,0,11,0,8,12,4,24,0,15,16,4,35,14,0,14,49
04/28/2020,PAH,KY,ASO,ES,Federal Contract Tower,0,6,4,3,13,0,6,12,3,21,0,12,16,6,34,6,0,6,40
04/29/2020,PAH,KY,ASO,ES,Federal Contract Tower,0,7,5,4,16,0,2,2,2,6,0,9,7,6,22,0,2,2,24
04/30/2020,PAH,KY,ASO,ES,Federal Contract Tower,0,4,8,4,16,0,1,8,0,9,0,5,16,4,25,6,8,14,39
05/01/2020,PAH,KY,ASO,ES,Federal Contract Tower,0,4,8,0,12,0,1,36,0,37,0,5,44,0,49,10,0,10,59
05/02/2020,PAH,KY,ASO,ES,Federal Contract Tower,0,2,2,0,4,0,1,17,0,18,0,3,19,0,22,0,0,0,22
05/03/2020,PAH,KY,ASO,ES,Federal Contract Tower,0,3,3,0,6,0,6,25,2,33,0,9,28,2,39,22,2,24,63
05/04/2020,PAH,KY,ASO,ES,Federal Contract Tower,0,7,0,0,7,0,9,17,4,30,0,16,17,4,37,30,0,30,67
05/05/2020,PAH,KY,ASO,ES,Federal Contract Tower,0,4,6,0,10,0,4,13,0,17,0,8,19,0,27,8,0,8,35
05/06/2020,PAH,KY,ASO,ES,Federal Contract Tower,0,8,6,2,16,0,6,18,4,28,0,14,24,6,44,14,8,22,66
05/07/2020,PAH,KY,ASO,ES,Federal Contract Tower,0,4,2,0,6,0,4,19,2,25,0,8,21,2,31,12,2,14,45
05/08/2020,PAH,KY,ASO,ES,Federal Contract Tower,0,6,3,0,9,0,0,0,0,0,0,6,3,0,9,0,0,0,9
05/09/2020,PAH,KY,ASO,ES,Federal Contract Tower,0,2,10,0,12,0,1,25,0,26,0,3,35,0,38,12,0,12,50
05/10/2020,PAH,KY,ASO,ES,Federal Contract Tower,0,2,2,0,4,0,6,16,0,22,0,8,18,0,26,20,0,20,46
05/11/2020,PAH,KY,ASO,ES,Federal Contract Tower,0,3,4,0,7,0,8,19,6,33,0,11,23,6,40,18,4,22,62
05/12/2020,PAH,KY,ASO,ES,Federal Contract Tower,0,5,6,2,13,0,2,15,2,19,0,7,21,4,32,14,8,22,54
05/13/2020,PAH,KY,ASO,ES,Federal Contract Tower,0,8,7,0,15,0,4,3,0,7,0,12,10,0,22,0,0,0,22
05/14/2020,PAH,KY,ASO,ES,Federal Contract Tower,0,4,14,4,22,0,2,12,4,18,0,6,26,8,40,14,8,22,62
05/15/2020,PAH,KY,ASO,ES,Federal Contract Tower,0,6,15,0,21,0,0,0,0,0,0,6,15,0,21,0,0,0,21
05/16/2020,PAH,KY,ASO,ES,Federal Contract Tower,0,4,7,0,11,0,2,1,0,3,0,6,8,0,14,0,0,0,14
05/17/2020,PAH,KY,ASO,ES,Federal Contract Tower,0,3,3,0,6,0,4,24,0,28,0,7,27,0,34,24,0,24,58
05/18/2020,PAH,KY,ASO,ES,Federal Contract Tower,0,8,10,0,18,0,6,24,6,36,0,14,34,6,54,22,4,26,80
05/19/2020,PAH,KY,ASO,ES,Federal Contract Tower,0,5,7,0,12,0,8,17,2,27,0,13,24,2,39,14,2,16,55
05/20/2020,PAH,KY,ASO,ES,Federal Contract Tower,0,4,9,0,13,0,0,2,0,2,0,4,11,0,15,0,0,0,15
05/21/2020,PAH,KY,ASO,ES,Federal Contract Tower,0,4,6,0,10,0,0,10,0,10,0,4,16,0,20,2,0,2,22
05/22/2020,PAH,KY,ASO,ES,Federal Contract Tower,0,5,5,0,10,0,1,15,0,16,0,6,20,0,26,18,0,18,44
05/23/2020,PAH,KY,ASO,ES,Federal Contract Tower,0,2,7,0,9,0,0,24,0,24,0,2,31,0,33,32,0,32,65
05/24/2020,PAH,KY,ASO,ES,Federal Contract Tower,0,2,3,0,5,0,0,11,0,11,0,2,14,0,16,0,0,0,16
05/25/2020,PAH,KY,ASO,ES,Federal Contract Tower,0,2,3,0,5,0,0,7,0,7,0,2,10,0,12,0,0,0,12
05/26/2020,PAH,KY,ASO,ES,Federal Contract Tower,0,6,5,2,13,0,0,11,0,11,0,6,16,2,24,4,0,4,28
05/27/2020,PAH,KY,ASO,ES,Federal Contract Tower,0,6,6,2,14,0,0,0,0,0,0,6,6,2,14,0,0,0,14
05/28/2020,PAH,KY,ASO,ES,Federal Contract Tower,0,4,8,0,12,0,2,9,0,11,0,6,17,0,23,2,0,2,25
05/29/2020,PAH,KY,ASO,ES,Federal Contract Tower,0,7,13,0,20,0,0,9,0,9,0,7,22,0,29,2,0,2,31
05/30/2020,PAH,KY,ASO,ES,Federal Contract Tower,0,2,13,0,15,0,2,16,0,18,0,4,29,0,33,20,0,20,53
05/31/2020,PAH,KY,ASO,ES,Federal Contract Tower,0,2,8,0,10,0,6,45,0,51,0,8,53,0,61,39,0,39,100
06/01/2020,PAH,KY,ASO,ES,Federal Contract Tower,0,4,5,0,9,0,4,36,6,46,0,8,41,6,55,34,8,42,97
06/02/2020,PAH,KY,ASO,ES,Federal Contract Tower,0,6,3,0,9,0,6,34,4,44,0,12,37,4,53,28,0,28,81
06/03/2020,PAH,KY,ASO,ES,Federal Contract Tower,0,7,4,12,23,0,4,31,4,39,0,11,35,16,62,16,4,20,82
06/04/2020,PAH,KY,ASO,ES,Federal Contract Tower,0,5,7,6,18,0,2,9,2,13,0,7,16,8,31,14,4,18,49
06/05/2020,PAH,KY,ASO,ES,Federal Contract Tower,0,6,9,8,23,0,0,24,0,24,0,6,33,8,47,8,0,8,55
06/06/2020,PAH,KY,ASO,ES,Federal Contract Tower,0,2,1,0,3,0,0,24,0,24,0,2,25,0,27,2,0,2,29
06/07/2020,PAH,KY,ASO,ES,Federal Contract Tower,0,2,3,0,5,0,10,38,2,50,0,12,41,2,55,36,0,36,91
06/08/2020,PAH,KY,ASO,ES,Federal Contract Tower,0,4,5,0,9,0,8,34,6,48,0,12,39,6,57,34,6,40,97
06/09/2020,PAH,KY,ASO,ES,Federal Contract Tower,0,3,0,6,9,0,6,14,2,22,0,9,14,8,31,0,2,2,33
06/10/2020,PAH,KY,ASO,ES,Federal Contract Tower,0,3,12,0,15,0,6,16,4,26,0,9,28,4,41,4,8,12,53
06/11/2020,PAH,KY,ASO,ES,Federal Contract Tower,0,3,16,0,19,0,4,33,2,39,0,7,49,2,58,32,2,34,92
06/12/2020,PAH,KY,ASO,ES,Federal Contract Tower,0,6,4,0,10,0,0,19,4,23,0,6,23,4,33,0,0,0,33
06/13/2020,PAH,KY,ASO,ES,Federal Contract Tower,0,2,6,0,8,0,0,28,0,28,0,2,34,0,36,0,0,0,36
06/14/2020,PAH,KY,ASO,ES,Federal Contract Tower,0,2,2,0,4,0,10,33,0,43,0,12,35,0,47,36,0,36,83
06/15/2020,PAH,KY,ASO,ES,Federal Contract Tower,0,4,2,0,6,0,8,21,4,33,0,12,23,4,39,10,8,18,57
06/16/2020,PAH,KY,ASO,ES,Federal Contract Tower,0,3,9,0,12,0,9,20,2,31,0,12,29,2,43,16,2,18,61
06/17/2020,PAH,KY,ASO,ES,Federal Contract Tower,0,4,12,0,16,0,2,22,2,26,0,6,34,2,42,16,4,20,62
06/18/2020,PAH,KY,ASO,ES,Federal Contract Tower,0,8,7,0,15,0,2,14,2,18,0,10,21,2,33,8,0,8,41
06/19/2020,PAH,KY,ASO,ES,Federal Contract Tower,0,4,9,3,16,0,0,16,1,17,0,4,25,4,33,4,6,10,43
06/20/2020,PAH,KY,ASO,ES,Federal Contract Tower,0,3,11,0,14,0,0,23,0,23,0,3,34,0,37,28,0,28,65
06/21/2020,PAH,KY,ASO,ES,Federal Contract Tower,0,2,5,0,7,0,0,5,0,5,0,2,10,0,12,10,0,10,22
06/22/2020,PAH,KY,ASO,ES,Federal Contract Tower,0,4,9,0,13,0,0,8,0,8,0,4,17,0,21,6,0,6,27
06/23/2020,PAH,KY,ASO,ES,Federal Contract Tower,0,5,9,0,14,0,2,17,0,19,0,7,26,0,33,4,0,4,37
06/24/2020,PAH,KY,ASO,ES,Federal Contract Tower,0,6,7,4,17,0,0,18,0,18,0,6,25,4,35,2,6,8,43
06/25/2020,PAH,KY,ASO,ES,Federal Contract Tower,0,4,10,2,16,0,0,22,0,22,0,4,32,2,38,10,0,10,48
06/26/2020,PAH,KY,ASO,ES,Federal Contract Tower,0,6,9,4,19,0,31,0,0,31,0,37,9,4,50,2,0,2,52
06/27/2020,PAH,KY,ASO,ES,Federal Contract Tower,0,2,0,0,2,0,0,9,0,9,0,2,9,0,11,0,0,0,11
06/28/2020,PAH,KY,ASO,ES,Federal Contract Tower,0,0,2,0,2,0,6,27,2,35,0,6,29,2,37,32,0,32,69
06/29/2020,PAH,KY,ASO,ES,Federal Contract Tower,0,4,9,0,13,0,6,27,6,39,0,10,36,6,52,24,8,32,84
07/01/2020,PAH,KY,ASO,ES,Federal Contract Tower,0,5,11,2,18,0,6,23,6,35,0,11,34,8,53,16,10,26,79
07/02/2020,PAH,KY,ASO,ES,Federal Contract Tower,0,6,11,1,18,0,2,13,0,15,0,8,24,1,33,10,0,10,43
07/03/2020,PAH,KY,ASO,ES,Federal Contract Tower,0,10,4,0,14,0,0,30,16,46,0,10,34,16,60,16,0,16,76
07/04/2020,PAH,KY,ASO,ES,Federal Contract Tower,0,4,6,0,10,0,0,22,10,32,0,4,28,10,42,16,0,16,58
07/05/2020,PAH,KY,ASO,ES,Federal Contract Tower,0,3,2,0,5,0,6,31,2,39,0,9,33,2,44,40,0,40,84
07/06/2020,PAH,KY,ASO,ES,Federal Contract Tower,0,6,8,0,14,0,9,36,6,51,0,15,44,6,65,36,10,46,111
07/07/2020,PAH,KY,ASO,ES,Federal Contract Tower,0,6,5,0,11,0,4,46,6,56,0,10,51,6,67,28,4,32,99
07/08/2020,PAH,KY,ASO,ES,Federal Contract Tower,0,7,15,0,22,0,4,42,6,52,0,11,57,6,74,22,2,24,98
07/09/2020,PAH,KY,ASO,ES,Federal Contract Tower,0,7,11,0,18,0,0,35,0,35,0,7,46,0,53,18,0,18,71
07/10/2020,PAH,KY,ASO,ES,Federal Contract Tower,0,9,4,0,13,0,0,21,0,21,0,9,25,0,34,6,0,6,40
07/11/2020,PAH,KY,ASO,ES,Federal Contract Tower,0,4,4,0,8,0,0,43,0,43,0,4,47,0,51,26,0,26,77
07/12/2020,PAH,KY,ASO,ES,Federal Contract Tower,0,4,10,0,14,0,4,38,0,42,0,8,48,0,56,26,0,26,82
07/13/2020,PAH,KY,ASO,ES,Federal Contract Tower,0,6,4,0,10,0,12,46,4,62,0,18,50,4,72,36,2,38,110
07/14/2020,PAH,KY,ASO,ES,Federal Contract Tower,0,6,8,0,14,0,9,39,4,52,0,15,47,4,66,32,0,32,98
07/15/2020,PAH,KY,ASO,ES,Federal Contract Tower,0,7,11,0,18,0,9,29,6,44,0,16,40,6,62,32,4,36,98
07/16/2020,PAH,KY,ASO,ES,Federal Contract Tower,0,7,12,0,19,0,3,26,4,33,0,10,38,4,52,18,4,22,74
07/17/2020,PAH,KY,ASO,ES,Federal Contract Tower,0,6,7,0,13,0,0,5,0,5,0,6,12,0,18,4,0,4,22
07/18/2020,PAH,KY,ASO,ES,Federal Contract Tower,0,4,7,0,11,0,3,12,0,15,0,7,19,0,26,10,0,10,36
07/19/2020,PAH,KY,ASO,ES,Federal Contract Tower,0,5,4,0,9,0,6,34,0,40,0,11,38,0,49,28,0,28,77
07/20/2020,PAH,KY,ASO,ES,Federal Contract Tower,0,7,5,0,12,0,8,30,4,42,0,15,35,4,54,22,2,24,78
07/21/2020,PAH,KY,ASO,ES,Federal Contract Tower,0,7,11,0,18,0,6,37,4,47,0,13,48,4,65,54,8,62,127
07/22/2020,PAH,KY,ASO,ES,Federal Contract Tower,0,6,11,0,17,0,4,31,2,37,0,10,42,2,54,14,2,16,70
07/23/2020,PAH,KY,ASO,ES,Federal Contract Tower,0,5,6,0,11,0,4,17,2,23,0,9,23,2,34,12,2,14,48
07/24/2020,PAH,KY,ASO,ES,Federal Contract Tower,0,7,6,3,16,0,0,42,10,52,0,7,48,13,68,6,0,6,74
07/25/2020,PAH,KY,ASO,ES,Federal Contract Tower,0,4,8,0,12,0,0,41,0,41,0,4,49,0,53,0,0,0,53
07/26/2020,PAH,KY,ASO,ES,Federal Contract Tower,0,4,3,0,7,0,6,29,2,37,0,10,32,2,44,26,0,26,70
07/27/2020,PAH,KY,ASO,ES,Federal Contract Tower,0,8,10,0,18,0,12,33,4,49,0,20,43,4,67,18,2,20,87
07/28/2020,PAH,KY,ASO,ES,Federal Contract Tower,0,8,11,1,20,0,8,22,5,35,0,16,33,6,55,12,4,16,71
07/29/2020,PAH,KY,ASO,ES,Federal Contract Tower,0,6,11,0,17,0,6,20,0,26,0,12,31,0,43,10,0,10,53
07/30/2020,PAH,KY,ASO,ES,Federal Contract Tower,0,11,3,0,14,0,4,5,0,9,0,15,8,0,23,0,0,0,23
07/31/2020,PAH,KY,ASO,ES,Federal Contract Tower,0,8,11,0,19,0,0,9,0,9,0,8,20,0,28,0,0,0,28
08/01/2020,PAH,KY,ASO,ES,Federal Contract Tower,0,8,6,0,14,0,0,3,0,3,0,8,9,0,17,0,0,0,17
08/02/2020,PAH,KY,ASO,ES,Federal Contract Tower,0,6,5,0,11,0,6,42,0,48,0,12,47,0,59,30,0,30,89
08/03/2020,PAH,KY,ASO,ES,Federal Contract Tower,0,6,15,0,21,0,8,24,4,36,0,14,39,4,57,26,4,30,87
08/04/2020,PAH,KY,ASO,ES,Federal Contract Tower,0,8,10,0,18,0,4,41,4,49,0,12,51,4,67,20,0,20,87
08/05/2020,PAH,KY,ASO,ES,Federal Contract Tower,0,8,14,2,24,0,10,42,4,56,0,18,56,6,80,16,2,18,98
08/06/2020,PAH,KY,ASO,ES,Federal Contract Tower,0,7,15,0,22,0,4,26,2,32,0,11,41,2,54,14,0,14,68
08/07/2020,PAH,KY,ASO,ES,Federal Contract Tower,0,6,4,2,12,0,0,44,0,44,0,6,48,2,56,8,0,8,64
08/08/2020,PAH,KY,ASO,ES,Federal Contract Tower,0,4,6,0,10,0,0,21,0,21,0,4,27,0,31,36,0,36,67
08/09/2020,PAH,KY,ASO,ES,Federal Contract Tower,0,5,1,0,6,0,4,33,0,37,0,9,34,0,43,20,0,20,63
08/10/2020,PAH,KY,ASO,ES,Federal Contract Tower,0,6,11,0,17,0,9,29,6,44,0,15,40,6,61,20,8,28,89
08/11/2020,PAH,KY,ASO,ES,Federal Contract Tower,0,8,20,0,28,0,5,24,2,31,0,13,44,2,59,22,2,24,83
08/12/2020,PAH,KY,ASO,ES,Federal Contract Tower,0,6,14,0,20,0,4,2,0,6,0,10,16,0,26,0,0,0,26
08/13/2020,PAH,KY,ASO,ES,Federal Contract Tower,0,6,13,0,19,0,0,4,0,4,0,6,17,0,23,0,0,0,23
08/14/2020,PAH,KY,ASO,ES,Federal Contract Tower,0,6,3,0,9,0,0,5,0,5,0,6,8,0,14,6,0,6,20
08/15/2020,PAH,KY,ASO,ES,Federal Contract Tower,0,4,3,1,8,0,0,34,3,37,0,4,37,4,45,10,0,10,55
08/16/2020,PAH,KY,ASO,ES,Federal Contract Tower,0,4,7,0,11,0,6,42,0,48,0,10,49,0,59,32,0,32,91
08/17/2020,PAH,KY,ASO,ES,Federal Contract Tower,0,6,6,0,12,0,10,46,6,62,0,16,52,6,74,32,4,36,110
08/18/2020,PAH,KY,ASO,ES,Federal Contract Tower,0,6,15,0,21,0,6,39,4,49,0,12,54,4,70,22,0,22,92
08/19/2020,PAH,KY,ASO,ES,Federal Contract Tower,0,6,10,7,23,0,4,41,8,53,0,10,51,15,76,36,0,36,112
08/20/2020,PAH,KY,ASO,ES,Federal Contract Tower,0,7,7,4,18,0,8,27,0,35,0,15,34,4,53,14,0,14,67
08/21/2020,PAH,KY,ASO,ES,Federal Contract Tower,0,7,7,0,14,0,0,9,0,9,0,7,16,0,23,6,0,6,29
08/22/2020,PAH,KY,ASO,ES,Federal Contract Tower,0,6,0,0,6,0,0,10,0,10,0,6,10,0,16,12,0,12,28
08/23/2020,PAH,KY,ASO,ES,Federal Contract Tower,0,8,8,0,16,0,4,38,0,42,0,12,46,0,58,34,0,34,92
08/24/2020,PAH,KY,ASO,ES,Federal Contract Tower,0,8,4,0,12,0,8,35,6,49,0,16,39,6,61,32,4,36,97
08/25/2020,PAH,KY,ASO,ES,Federal Contract Tower,0,6,9,0,15,0,8,32,6,46,0,14,41,6,61,22,6,28,89
08/26/2020,PAH,KY,ASO,ES,Federal Contract Tower,0,4,13,0,17,0,4,18,0,22,0,8,31,0,39,18,0,18,57
08/27/2020,PAH,KY,ASO,ES,Federal Contract Tower,0,6,19,0,25,0,0,7,0,7,0,6,26,0,32,0,0,0,32
08/28/2020,PAH,KY,ASO,ES,Federal Contract Tower,0,6,6,0,12,0,2,0,0,2,0,8,6,0,14,0,0,0,14
08/29/2020,PAH,KY,ASO,ES,Federal Contract Tower,0,6,4,1,11,0,0,8,9,17,0,6,12,10,28,0,0,0,28
08/30/2020,PAH,KY,ASO,ES,Federal Contract Tower,0,4,3,0,7,0,6,14,0,20,0,10,17,0,27,10,0,10,37
08/31/2020,PAH,KY,ASO,ES,Federal Contract Tower,0,8,11,0,19,0,6,26,4,36,0,14,37,4,55,30,8,38,93
09/01/2020,PAH,KY,ASO,ES,Federal Contract Tower,0,6,0,0,6,0,4,14,2,20,0,10,14,2,26,8,4,12,38
09/02/2020,PAH,KY,ASO,ES,Federal Contract Tower,0,6,16,0,22,0,2,11,0,13,0,8,27,0,35,0,0,0,35
09/03/2020,PAH,KY,ASO,ES,Federal Contract Tower,0,10,4,0,14,0,0,12,0,12,0,10,16,0,26,0,0,0,26
09/04/2020,PAH,KY,ASO,ES,Federal Contract Tower,0,8,5,0,13,0,0,14,0,14,0,8,19,0,27,2,0,2,29
09/05/2020,PAH,KY,ASO,ES,Federal Contract Tower,0,4,7,0,11,0,2,17,0,19,0,6,24,0,30,0,0,0,30
09/06/2020,PAH,KY,ASO,ES,Federal Contract Tower,0,2,3,0,5,0,2,17,0,19,0,4,20,0,24,22,0,22,46
09/07/2020,PAH,KY,ASO,ES,Federal Contract Tower,0,10,6,0,16,0,4,27,0,31,0,14,33,0,47,32,0,32,79
09/08/2020,PAH,KY,ASO,ES,Federal Contract Tower,0,8,5,0,13,0,4,31,0,35,0,12,36,0,48,28,0,28,76
09/09/2020,PAH,KY,ASO,ES,Federal Contract Tower,0,8,4,3,15,0,6,42,5,53,0,14,46,8,68,20,6,26,94
09/10/2020,PAH,KY,ASO,ES,Federal Contract Tower,0,12,14,2,28,0,2,33,2,37,0,14,47,4,65,12,4,16,81
09/11/2020,PAH,KY,ASO,ES,Federal Contract Tower,0,7,7,4,18,0,0,14,0,14,0,7,21,4,32,14,0,14,46
09/12/2020,PAH,KY,ASO,ES,Federal Contract Tower,0,7,8,2,17,0,1,8,0,9,0,8,16,2,26,4,0,4,30
09/13/2020,PAH,KY,ASO,ES,Federal Contract Tower,0,5,15,0,20,0,5,28,0,33,0,10,43,0,53,30,0,30,83
09/14/2020,PAH,KY,ASO,ES,Federal Contract Tower,0,13,11,0,24,0,5,44,4,53,0,18,55,4,77,38,4,42,119
09/15/2020,PAH,KY,ASO,ES,Federal Contract Tower,0,8,11,8,27,0,4,40,4,48,0,12,51,12,75,26,2,28,103
09/16/2020,PAH,KY,ASO,ES,Federal Contract Tower,0,8,11,8,27,0,6,44,2,52,0,14,55,10,79,30,2,32,111
09/17/2020,PAH,KY,ASO,ES,Federal Contract Tower,0,8,14,6,28,0,2,34,2,38,0,10,48,8,66,10,7,17,83
09/18/2020,PAH,KY,ASO,ES,Federal Contract Tower,0,10,15,0,25,0,0,15,0,15,0,10,30,0,40,4,0,4,44
09/19/2020,PAH,KY,ASO,ES,Federal Contract Tower,0,8,3,0,11,0,0,29,0,29,0,8,32,0,40,16,0,16,56
09/20/2020,PAH,KY,ASO,ES,Federal Contract Tower,0,4,14,0,18,0,4,42,0,46,0,8,56,0,64,30,0,30,94
09/21/2020,PAH,KY,ASO,ES,Federal Contract Tower,0,6,4,0,10,0,6,34,8,48,0,12,38,8,58,30,4,34,92
09/22/2020,PAH,KY,ASO,ES,Federal Contract Tower,0,6,14,0,20,0,6,40,4,50,0,12,54,4,70,32,4,36,106
09/23/2020,PAH,KY,ASO,ES,Federal Contract Tower,0,8,3,0,11,0,6,37,4,47,0,14,40,4,58,24,4,28,86
09/24/2020,PAH,KY,ASO,ES,Federal Contract Tower,0,9,13,0,22,0,5,20,4,29,0,14,33,4,51,18,4,22,73
09/25/2020,PAH,KY,ASO,ES,Federal Contract Tower,0,8,16,0,24,0,0,9,0,9,0,8,25,0,33,0,0,0,33
09/26/2020,PAH,KY,ASO,ES,Federal Contract Tower,0,4,5,0,9,0,0,7,0,7,0,4,12,0,16,4,0,4,20
09/27/2020,PAH,KY,ASO,ES,Federal Contract Tower,0,3,9,0,12,0,6,35,2,43,0,9,44,2,55,30,0,30,85
09/28/2020,PAH,KY,ASO,ES,Federal Contract Tower,0,6,5,0,11,0,6,27,6,39,0,12,32,6,50,20,4,24,74
09/29/2020,PAH,KY,ASO,ES,Federal Contract Tower,0,11,12,0,23,0,4,43,4,51,0,15,55,4,74,22,4,26,100
09/30/2020,PAH,KY,ASO,ES,Federal Contract Tower,0,9,14,0,23,0,4,42,2,48,0,13,56,2,71,42,0,42,113
10/01/2020,PAH,KY,ASO,ES,Federal Contract Tower,0,10,14,0,24,0,4,24,2,30,0,14,38,2,54,14,2,16,70
10/02/2020,PAH,KY,ASO,ES,Federal Contract Tower,0,8,11,0,19,0,0,26,0,26,0,8,37,0,45,8,0,8,53
10/03/2020,PAH,KY,ASO,ES,Federal Contract Tower,0,6,4,0,10,0,2,27,0,29,0,8,31,0,39,6,0,6,45
10/04/2020,PAH,KY,ASO,ES,Federal Contract Tower,0,6,8,0,14,0,8,27,0,35,0,14,35,0,49,16,0,16,65
10/05/2020,PAH,KY,ASO,ES,Federal Contract Tower,0,8,5,0,13,0,8,43,6,57,0,16,48,6,70,44,4,48,118
10/06/2020,PAH,KY,ASO,ES,Federal Contract Tower,0,8,6,0,14,0,6,41,6,53,0,14,47,6,67,48,4,52,119
10/07/2020,PAH,KY,ASO,ES,Federal Contract Tower,0,6,10,0,16,0,5,41,4,50,0,11,51,4,66,30,4,34,100
10/08/2020,PAH,KY,ASO,ES,Federal Contract Tower,0,6,13,0,19,0,4,28,2,34,0,10,41,2,53,28,0,28,81
10/09/2020,PAH,KY,ASO,ES,Federal Contract Tower,0,8,15,0,23,0,2,16,0,18,0,10,31,0,41,0,0,0,41
10/10/2020,PAH,KY,ASO,ES,Federal Contract Tower,0,8,1,0,9,0,2,1,0,3,0,10,2,0,12,0,0,0,12
10/11/2020,PAH,KY,ASO,ES,Federal Contract Tower,0,5,15,0,20,0,6,38,0,44,0,11,53,0,64,30,0,30,94
10/12/2020,PAH,KY,ASO,ES,Federal Contract Tower,0,6,19,0,25,0,5,20,4,29,0,11,39,4,54,12,8,20,74
10/13/2020,PAH,KY,ASO,ES,Federal Contract Tower,0,9,11,2,22,0,6,39,4,49,0,15,50,6,71,20,18,38,109
10/14/2020,PAH,KY,ASO,ES,Federal Contract Tower,0,6,9,2,17,0,8,31,6,45,0,14,40,8,62,22,2,24,86
10/15/2020,PAH,KY,ASO,ES,Federal Contract Tower,0,7,9,0,16,0,1,7,0,8,0,8,16,0,24,0,0,0,24
10/16/2020,PAH,KY,ASO,ES,Federal Contract Tower,0,6,13,0,19,0,0,19,0,19,0,6,32,0,38,12,0,12,50
10/17/2020,PAH,KY,ASO,ES,Federal Contract Tower,0,4,5,0,9,0,0,17,0,17,0,4,22,0,26,22,0,22,48
10/18/2020,PAH,KY,ASO,ES,Federal Contract Tower,0,5,10,0,15,0,4,26,0,30,0,9,36,0,45,16,0,16,61
10/19/2020,PAH,KY,ASO,ES,Federal Contract Tower,0,6,2,2,10,0,6,6,0,12,0,12,8,2,22,0,0,0,22
10/20/2020,PAH,KY,ASO,ES,Federal Contract Tower,0,6,9,4,19,0,5,15,4,24,0,11,24,8,43,18,2,20,63
10/21/2020,PAH,KY,ASO,ES,Federal Contract Tower,0,10,10,0,20,0,4,14,0,18,0,14,24,0,38,4,0,4,42
10/22/2020,PAH,KY,ASO,ES,Federal Contract Tower,0,10,14,0,24,0,2,45,0,47,0,12,59,0,71,4,0,4,75
10/23/2020,PAH,KY,ASO,ES,Federal Contract Tower,0,8,12,0,20,0,0,2,0,2,0,8,14,0,22,0,0,0,22
10/24/2020,PAH,KY,ASO,ES,Federal Contract Tower,0,4,9,0,13,0,0,10,0,10,0,4,19,0,23,16,0,16,39
10/25/2020,PAH,KY,ASO,ES,Federal Contract Tower,0,4,13,0,17,0,0,16,0,16,0,4,29,0,33,12,0,12,45
10/26/2020,PAH,KY,ASO,ES,Federal Contract Tower,0,6,2,0,8,0,8,21,4,33,0,14,23,4,41,14,6,20,61
10/27/2020,PAH,KY,ASO,ES,Federal Contract Tower,0,6,4,2,12,0,0,0,0,0,0,6,4,2,12,0,0,0,12
10/28/2020,PAH,KY,ASO,ES,Federal Contract Tower,0,7,6,0,13,0,0,0,0,0,0,7,6,0,13,0,0,0,13
10/29/2020,PAH,KY,ASO,ES,Federal Contract Tower,0,11,4,2,17,0,0,0,0,0,0,11,4,2,17,0,0,0,17
10/30/2020,PAH,KY,ASO,ES,Federal Contract Tower,0,10,3,2,15,0,4,33,0,37,0,14,36,2,52,12,0,12,64
11/01/2020,PAH,KY,ASO,ES,Federal Contract Tower,0,5,5,0,10,0,5,31,2,38,0,10,36,2,48,36,0,36,84
11/02/2020,PAH,KY,ASO,ES,Federal Contract Tower,0,11,5,2,18,0,6,34,7,47,0,17,39,9,65,36,4,40,105
11/03/2020,PAH,KY,ASO,ES,Federal Contract Tower,0,6,5,1,12,0,6,37,9,52,0,12,42,10,64,28,8,36,100
11/04/2020,PAH,KY,ASO,ES,Federal Contract Tower,0,6,12,6,24,0,7,38,2,47,0,13,50,8,71,12,0,12,83
11/05/2020,PAH,KY,ASO,ES,Federal Contract Tower,0,6,4,2,12,0,6,38,6,50,0,12,42,8,62,36,4,40,102
11/06/2020,PAH,KY,ASO,ES,Federal Contract Tower,0,6,7,4,17,0,1,11,2,14,0,7,18,6,31,14,2,16,47
11/07/2020,PAH,KY,ASO,ES,Federal Contract Tower,0,6,0,0,6,0,0,19,0,19,0,6,19,0,25,4,0,4,29
11/08/2020,PAH,KY,ASO,ES,Federal Contract Tower,0,6,11,0,17,0,4,38,0,42,0,10,49,0,59,28,0,28,87
11/09/2020,PAH,KY,ASO,ES,Federal Contract Tower,0,11,11,0,22,0,4,28,6,38,0,15,39,6,60,24,8,32,92
11/10/2020,PAH,KY,ASO,ES,Federal Contract Tower,0,13,4,4,21,0,9,23,0,32,0,22,27,4,53,10,0,10,63
11/11/2020,PAH,KY,ASO,ES,Federal Contract Tower,0,8,12,0,20,0,2,15,0,17,0,10,27,0,37,8,0,8,45
11/12/2020,PAH,KY,ASO,ES,Federal Contract Tower,0,8,8,2,18,0,3,19,0,22,0,11,27,2,40,12,0,12,52
11/13/2020,PAH,KY,ASO,ES,Federal Contract Tower,0,6,9,2,17,0,0,14,0,14,0,6,23,2,31,4,0,4,35
11/14/2020,PAH,KY,ASO,ES,Federal Contract Tower,0,4,3,0,7,0,0,7,0,7,0,4,10,0,14,6,0,6,20
11/15/2020,PAH,KY,ASO,ES,Federal Contract Tower,0,4,2,0,6,0,4,24,0,28,0,8,26,0,34,20,0,20,54
11/16/2020,PAH,KY,ASO,ES,Federal Contract Tower,0,10,5,0,15,0,6,40,6,52,0,16,45,6,67,34,4,38,105
11/17/2020,PAH,KY,ASO,ES,Federal Contract Tower,0,8,12,0,20,0,9,37,4,50,0,17,49,4,70,32,2,34,104
11/18/2020,PAH,KY,ASO,ES,Federal Contract Tower,0,6,10,0,16,0,8,21,4,33,0,14,31,4,49,12,4,16,65
11/19/2020,PAH,KY,ASO,ES,Federal Contract Tower,0,9,20,2,31,0,5,22,0,27,0,14,42,2,58,8,0,8,66
11/20/2020,PAH,KY,ASO,ES,Federal Contract Tower,0,10,11,0,21,0,0,5,0,5,0,10,16,0,26,0,0,0,26
11/21/2020,PAH,KY,ASO,ES,Federal Contract Tower,0,4,10,0,14,0,0,0,0,0,0,4,10,0,14,0,0,0,14
11/22/2020,PAH,KY,ASO,ES,Federal Contract Tower,0,10,7,0,17,0,2,9,0,11,0,12,16,0,28,0,0,0,28
11/23/2020,PAH,KY,ASO,ES,Federal Contract Tower,0,6,8,3,17,0,6,33,2,41,0,12,41,5,58,18,12,30,88
11/24/2020,PAH,KY,ASO,ES,Federal Contract Tower,0,6,9,2,17,0,6,37,4,47,0,12,46,6,64,24,2,26,90
11/25/2020,PAH,KY,ASO,ES,Federal Contract Tower,0,8,2,0,10,0,6,29,0,35,0,14,31,0,45,6,0,6,51
11/26/2020,PAH,KY,ASO,ES,Federal Contract Tower,0,4,6,0,10,0,4,26,0,30,0,8,32,0,40,12,0,12,52
11/27/2020,PAH,KY,ASO,ES,Federal Contract Tower,0,8,6,0,14,0,0,21,0,21,0,8,27,0,35,16,0,16,51
11/28/2020,PAH,KY,ASO,ES,Federal Contract Tower,0,8,9,0,17,0,0,36,0,36,0,8,45,0,53,26,0,26,79
11/29/2020,PAH,KY,ASO,ES,Federal Contract Tower,0,6,7,0,13,0,6,30,0,36,0,12,37,0,49,24,0,24,73
11/30/2020,PAH,KY,ASO,ES,Federal Contract Tower,0,6,1,0,7,0,6,29,4,39,0,12,30,4,46,20,4,24,70
12/01/2020,PAH,KY,ASO,ES,Federal Contract Tower,0,7,2,8,17,0,5,36,2,43,0,12,38,10,60,22,2,24,84
12/02/2020,PAH,KY,ASO,ES,Federal Contract Tower,0,6,8,0,14,0,2,30,2,34,0,8,38,2,48,18,4,22,70
12/03/2020,PAH,KY,ASO,ES,Federal Contract Tower,0,7,0,0,7,0,0,10,0,10,0,7,10,0,17,0,0,0,17
12/04/2020,PAH,KY,ASO,ES,Federal Contract Tower,0,6,7,0,13,1,0,13,0,14,1,6,20,0,27,12,0,12,39
12/05/2020,PAH,KY,ASO,ES,Federal Contract Tower,0,9,5,4,18,0,0,36,0,36,0,9,41,4,54,12,0,12,66
12/06/2020,PAH,KY,ASO,ES,Federal Contract Tower,0,5,4,0,9,0,6,35,0,41,0,11,39,0,50,32,0,32,82
12/07/2020,PAH,KY,ASO,ES,Federal Contract Tower,0,7,8,0,15,0,10,35,0,45,0,17,43,0,60,48,0,48,108
12/08/2020,PAH,KY,ASO,ES,Federal Contract Tower,0,10,15,0,25,0,4,35,2,41,0,14,50,2,66,34,2,36,102
12/09/2020,PAH,KY,ASO,ES,Federal Contract Tower,0,7,15,2,24,0,7,42,4,53,0,14,57,6,77,18,2,20,97
12/10/2020,PAH,KY,ASO,ES,Federal Contract Tower,0,11,2,0,13,0,0,22,0,22,0,11,24,0,35,14,0,14,49
12/11/2020,PAH,KY,ASO,ES,Federal Contract Tower,0,9,3,4,16,0,2,9,0,11,0,11,12,4,27,0,0,0,27
12/12/2020,PAH,KY,ASO,ES,Federal Contract Tower,0,4,5,0,9,0,1,6,0,7,0,5,11,0,16,10,0,10,26
12/13/2020,PAH,KY,ASO,ES,Federal Contract Tower,0,7,8,0,15,0,4,22,0,26,0,11,30,0,41,54,0,54,95
12/14/2020,PAH,KY,ASO,ES,Federal Contract Tower,0,6,7,0,13,0,6,23,6,35,0,12,30,6,48,12,8,20,68
12/15/2020,PAH,KY,ASO,ES,Federal Contract Tower,0,8,8,4,20,0,6,33,2,41,0,14,41,6,61,28,4,32,93
12/16/2020,PAH,KY,ASO,ES,Federal Contract Tower,0,6,8,0,14,0,4,0,0,4,0,10,8,0,18,0,0,0,18
12/17/2020,PAH,KY,ASO,ES,Federal Contract Tower,0,7,15,2,24,0,0,30,0,30,0,7,45,2,54,9,0,9,63
12/18/2020,PAH,KY,ASO,ES,Federal Contract Tower,0,8,5,0,13,0,2,18,0,20,0,10,23,0,33,10,0,10,43
12/19/2020,PAH,KY,ASO,ES,Federal Contract Tower,0,6,9,0,15,0,0,0,0,0,0,6,9,0,15,2,0,2,17
12/20/2020,PAH,KY,ASO,ES,Federal Contract Tower,0,4,6,1,11,0,4,22,0,26,0,8,28,1,37,26,0,26,63
12/21/2020,PAH,KY,ASO,ES,Federal Contract Tower,0,8,4,0,12,0,8,40,2,50,0,16,44,2,62,22,4,26,88
12/22/2020,PAH,KY,ASO,ES,Federal Contract Tower,0,6,7,0,13,0,8,41,4,53,0,14,48,4,66,28,4,32,98
12/23/2020,PAH,KY,ASO,ES,Federal Contract Tower,0,6,3,0,9,0,4,22,0,26,0,10,25,0,35,12,0,12,47
12/24/2020,PAH,KY,ASO,ES,Federal Contract Tower,0,6,2,0,8,0,2,19,0,21,0,8,21,0,29,10,0,10,39
12/25/2020,PAH,KY,ASO,ES,Federal Contract Tower,0,4,1,0,5,0,0,0,0,0,0,4,1,0,5,0,0,0,5
12/26/2020,PAH,KY,ASO,ES,Federal Contract Tower,0,6,11,0,17,0,4,36,0,40,0,10,47,0,57,12,0,12,69
12/27/2020,PAH,KY,ASO,ES,Federal Contract Tower,0,6,3,0,9,0,3,33,0,36,0,9,36,0,45,26,0,26,71
12/28/2020,PAH,KY,ASO,ES,Federal Contract Tower,0,5,13,0,18,0,7,28,0,35,0,12,41,0,53,34,0,34,87
12/29/2020,PAH,KY,ASO,ES,Federal Contract Tower,0,5,18,0,23,0,7,39,0,46,0,12,57,0,69,24,0,24,93
12/30/2020,PAH,KY,ASO,ES,Federal Contract Tower,0,6,7,0,13,0,7,6,0,13,0,13,13,0,26,0,0,0,26
12/31/2020,PAH,KY,ASO,ES,Federal Contract Tower,0,9,1,0,10,0,2,9,0,11,0,11,10,0,21,4,0,4,25
01/01/2021,PAH,KY,ASO,ES,Federal Contract Tower,0,9,3,0,12,0,0,0,0,0,0,9,3,0,12,0,0,0,12
01/02/2021,PAH,KY,ASO,ES,Federal Contract Tower,0,5,4,0,9,0,0,0,0,0,0,5,4,0,9,0,0,0,9
01/03/2021,PAH,KY,ASO,ES,Federal Contract Tower,0,3,13,0,16,0,2,31,0,33,0,5,44,0,49,20,0,20,69
01/04/2021,PAH,KY,ASO,ES,Federal Contract Tower,0,8,3,0,11,0,6,28,4,38,0,14,31,4,49,32,4,36,85
01/05/2021,PAH,KY,ASO,ES,Federal Contract Tower,0,5,6,0,11,0,6,43,2,51,0,11,49,2,62,26,4,30,92
01/06/2021,PAH,KY,ASO,ES,Federal Contract Tower,0,8,8,0,16,0,2,25,2,29,0,10,33,2,45,16,4,20,65
01/07/2021,PAH,KY,ASO,ES,Federal Contract Tower,0,6,5,0,11,0,4,15,0,19,0,10,20,0,30,10,0,10,40
01/08/2021,PAH,KY,ASO,ES,Federal Contract Tower,0,7,11,4,22,0,1,6,0,7,0,8,17,4,29,0,0,0,29
01/09/2021,PAH,KY,ASO,ES,Federal Contract Tower,0,6,3,0,9,0,0,17,0,17,0,6,20,0,26,8,0,8,34
01/10/2021,PAH,KY,ASO,ES,Federal Contract Tower,0,3,6,0,9,0,4,17,0,21,0,7,23,0,30,24,0,24,54
01/11/2021,PAH,KY,ASO,ES,Federal Contract Tower,0,6,7,0,13,0,8,21,6,35,0,14,28,6,48,16,8,24,72
01/12/2021,PAH,KY,ASO,ES,Federal Contract Tower,0,6,12,2,20,0,6,34,4,44,0,12,46,6,64,24,6,30,94
01/13/2021,PAH,KY,ASO,ES,Federal Contract Tower,0,6,7,3,16,0,6,39,4,49,0,12,46,7,65,26,6,32,97
01/14/2021,PAH,KY,ASO,ES,Federal Contract Tower,0,6,4,6,16,0,5,21,2,28,0,11,25,8,44,14,4,18,62
01/15/2021,PAH,KY,ASO,ES,Federal Contract Tower,0,7,16,6,29,0,0,4,0,4,0,7,20,6,33,0,0,0,33
01/16/2021,PAH,KY,ASO,ES,Federal Contract Tower,0,4,7,0,11,0,0,3,0,3,0,4,10,0,14,0,0,0,14
01/17/2021,PAH,KY,ASO,ES,Federal Contract Tower,0,4,7,0,11,0,2,22,0,24,0,6,29,0,35,18,0,18,53
01/18/2021,PAH,KY,ASO,ES,Federal Contract Tower,0,8,17,0,25,0,4,23,4,31,0,12,40,4,56,34,0,34,90
01/19/2021,PAH,KY,ASO,ES,Federal Contract Tower,0,8,12,2,22,0,9,40,4,53,0,17,52,6,75,22,4,26,101
01/20/2021,PAH,KY,ASO,ES,Federal Contract Tower,0,7,6,0,13,0,6,41,6,53,0,13,47,6,66,24,6,30,96
01/21/2021,PAH,KY,ASO,ES,Federal Contract Tower,0,7,11,2,20,0,7,30,4,41,0,14,41,6,61,12,4,16,77
01/22/2021,PAH,KY,ASO,ES,Federal Contract Tower,0,9,10,2,21,0,0,29,0,29,0,9,39,2,50,16,0,16,66
01/23/2021,PAH,KY,ASO,ES,Federal Contract Tower,0,6,8,0,14,0,0,28,0,28,0,6,36,0,42,2,0,2,44
01/24/2021,PAH,KY,ASO,ES,Federal Contract Tower,0,4,5,0,9,0,4,7,0,11,0,8,12,0,20,12,0,12,32
01/25/2021,PAH,KY,ASO,ES,Federal Contract Tower,0,6,1,0,7,0,5,9,0,14,0,11,10,0,21,0,0,0,21
01/26/2021,PAH,KY,ASO,ES,Federal Contract Tower,0,9,9,0,18,0,7,30,5,42,0,16,39,5,60,22,6,28,88
01/27/2021,PAH,KY,ASO,ES,Federal Contract Tower,0,10,7,0,17,0,4,14,2,20,0,14,21,2,37,12,0,12,49
01/28/2021,PAH,KY,ASO,ES,Federal Contract Tower,0,9,13,0,22,0,2,43,4,49,0,11,56,4,71,14,0,14,85
01/29/2021,PAH,KY,ASO,ES,Federal Contract Tower,0,8,13,0,21,0,0,29,0,29,0,8,42,0,50,14,0,14,64
01/30/2021,PAH,KY,ASO,ES,Federal Contract Tower,0,3,2,0,5,0,0,3,10,13,0,3,5,10,18,8,0,8,26
01/31/2021,PAH,KY,ASO,ES,Federal Contract Tower,0,1,2,0,3,0,5,13,0,18,0,6,15,0,21,10,0,10,31
02/01/2021,PAH,KY,ASO,ES,Federal Contract Tower,0,7,2,0,9,0,9,26,6,41,0,16,28,6,50,20,4,24,74
02/02/2021,PAH,KY,ASO,ES,Federal Contract Tower,0,5,4,0,9,0,7,33,4,44,0,12,37,4,53,30,4,34,87
02/03/2021,PAH,KY,ASO,ES,Federal Contract Tower,0,9,7,0,16,0,9,31,4,44,0,18,38,4,60,22,6,28,88
02/04/2021,PAH,KY,ASO,ES,Federal Contract Tower,0,6,2,0,8,0,4,10,0,14,0,10,12,0,22,8,0,8,30
02/05/2021,PAH,KY,ASO,ES,Federal Contract Tower,0,10,8,0,18,0,0,7,0,7,0,10,15,0,25,5,0,5,30
02/06/2021,PAH,KY,ASO,ES,Federal Contract Tower,0,7,6,0,13,0,0,23,0,23,0,7,29,0,36,20,0,20,56
02/07/2021,PAH,KY,ASO,ES,Federal Contract Tower,0,3,2,0,5,0,5,35,0,40,0,8,37,0,45,28,0,28,73
02/08/2021,PAH,KY,ASO,ES,Federal Contract Tower,0,6,16,0,22,0,8,26,6,40,0,14,42,6,62,18,10,28,90
02/09/2021,PAH,KY,ASO,ES,Federal Contract Tower,0,8,1,0,9,0,4,2,0,6,0,12,3,0,15,0,0,0,15
02/10/2021,PAH,KY,ASO,ES,Federal Contract Tower,0,0,0,0,0,0,0,0,0,0,0,0,0,0,0,0,0,0,0
02/11/2021,PAH,KY,ASO,ES,Federal Contract Tower,0,0,0,0,0,0,0,0,0,0,0,0,0,0,0,0,0,0,0
02/12/2021,PAH,KY,ASO,ES,Federal Contract Tower,0,3,9,0,12,0,0,4,0,4,0,3,13,0,16,0,0,0,16
02/13/2021,PAH,KY,ASO,ES,Federal Contract Tower,0,1,7,0,8,0,0,0,0,0,0,1,7,0,8,0,0,0,8
02/14/2021,PAH,KY,ASO,ES,Federal Contract Tower,0,0,2,0,2,0,0,0,0,0,0,0,2,0,2,0,0,0,2
02/15/2021,PAH,KY,ASO,ES,Federal Contract Tower,0,0,0,0,0,0,0,0,0,0,0,0,0,0,0,0,0,0,0
02/16/2021,PAH,KY,ASO,ES,Federal Contract Tower,0,2,0,0,2,0,1,0,0,1,0,3,0,0,3,0,0,0,3
02/17/2021,PAH,KY,ASO,ES,Federal Contract Tower,0,2,2,0,4,0,0,6,2,8,0,2,8,2,12,0,0,0,12
02/18/2021,PAH,KY,ASO,ES,Federal Contract Tower,0,2,1,0,3,0,0,3,0,3,0,2,4,0,6,0,0,0,6
02/19/2021,PAH,KY,ASO,ES,Federal Contract Tower,0,4,0,0,4,0,0,13,0,13,0,4,13,0,17,2,0,2,19
02/20/2021,PAH,KY,ASO,ES,Federal Contract Tower,0,7,13,0,20,0,2,16,0,18,0,9,29,0,38,4,0,4,42
02/21/2021,PAH,KY,ASO,ES,Federal Contract Tower,0,4,9,0,13,0,5,21,0,26,0,9,30,0,39,26,0,26,65
02/22/2021,PAH,KY,ASO,ES,Federal Contract Tower,0,11,6,0,17,0,7,13,1,21,0,18,19,1,38,8,2,10,48
02/23/2021,PAH,KY,ASO,ES,Federal Contract Tower,0,10,12,8,30,0,10,46,2,58,0,20,58,10,88,28,2,30,118
02/24/2021,PAH,KY,ASO,ES,Federal Contract Tower,0,8,17,0,25,0,4,27,4,35,0,12,44,4,60,18,4,22,82
02/25/2021,PAH,KY,ASO,ES,Federal Contract Tower,0,8,14,0,22,0,2,20,4,26,0,10,34,4,48,12,4,16,64
02/26/2021,PAH,KY,ASO,ES,Federal Contract Tower,0,9,7,0,16,0,0,2,0,2,0,9,9,0,18,0,0,0,18
02/27/2021,PAH,KY,ASO,ES,Federal Contract Tower,0,12,7,0,19,0,0,9,0,9,0,12,16,0,28,10,0,10,38
02/28/2021,PAH,KY,ASO,ES,Federal Contract Tower,0,6,1,0,7,0,5,7,1,13,0,11,8,1,20,6,0,6,26
03/01/2021,PAH,KY,ASO,ES,Federal Contract Tower,0,8,8,0,16,0,8,36,4,48,0,16,44,4,64,26,6,32,96
03/02/2021,PAH,KY,ASO,ES,Federal Contract Tower,0,8,2,0,10,0,8,36,8,52,0,16,38,8,62,16,8,24,86
03/03/2021,PAH,KY,ASO,ES,Federal Contract Tower,0,8,10,0,18,0,5,30,0,35,0,13,40,0,53,14,0,14,67
03/04/2021,PAH,KY,ASO,ES,Federal Contract Tower,0,6,5,4,15,0,2,49,4,55,0,8,54,8,70,18,2,20,90
03/05/2021,PAH,KY,ASO,ES,Federal Contract Tower,0,8,8,4,20,0,2,20,0,22,0,10,28,4,42,14,0,14,56
03/06/2021,PAH,KY,ASO,ES,Federal Contract Tower,0,9,10,0,19,0,3,27,0,30,0,12,37,0,49,24,0,24,73
03/07/2021,PAH,KY,ASO,ES,Federal Contract Tower,0,7,7,0,14,0,5,50,0,55,0,12,57,0,69,32,0,32,101
03/08/2021,PAH,KY,ASO,ES,Federal Contract Tower,0,7,3,4,14,0,7,18,6,31,0,14,21,10,45,28,10,38,83
03/09/2021,PAH,KY,ASO,ES,Federal Contract Tower,0,7,6,6,19,0,6,40,4,50,0,13,46,10,69,18,4,22,91
03/10/2021,PAH,KY,ASO,ES,Federal Contract Tower,0,6,9,0,15,0,7,24,6,37,0,13,33,6,52,12,4,16,68
03/11/2021,PAH,KY,ASO,ES,Federal Contract Tower,0,6,12,14,32,0,4,16,4,24,0,10,28,18,56,6,8,14,70
03/12/2021,PAH,KY,ASO,ES,Federal Contract Tower,0,9,6,0,15,0,0,1,0,1,0,9,7,0,16,0,0,0,16
03/13/2021,PAH,KY,ASO,ES,Federal Contract Tower,0,4,9,0,13,0,2,2,0,4,0,6,11,0,17,0,0,0,17
03/14/2021,PAH,KY,ASO,ES,Federal Contract Tower,0,5,4,0,9,0,5,27,0,32,0,10,31,0,41,0,0,0,41
03/15/2021,PAH,KY,ASO,ES,Federal Contract Tower,0,8,17,0,25,0,7,35,2,44,0,15,52,2,69,26,4,30,99
03/16/2021,PAH,KY,ASO,ES,Federal Contract Tower,0,11,12,0,23,0,6,40,6,52,0,17,52,6,75,18,8,26,101
03/17/2021,PAH,KY,ASO,ES,Federal Contract Tower,0,6,4,0,10,0,2,7,0,9,0,8,11,0,19,12,0,12,31
03/18/2021,PAH,KY,ASO,ES,Federal Contract Tower,0,4,12,2,18,0,0,0,0,0,0,4,12,2,18,0,0,0,18
03/19/2021,PAH,KY,ASO,ES,Federal Contract Tower,0,6,16,2,24,0,0,22,2,24,0,6,38,4,48,0,0,0,48
03/20/2021,PAH,KY,ASO,ES,Federal Contract Tower,0,4,2,0,6,0,6,16,0,22,0,10,18,0,28,4,0,4,32
03/21/2021,PAH,KY,ASO,ES,Federal Contract Tower,0,6,3,6,15,0,6,35,2,43,0,12,38,8,58,10,14,24,82
03/22/2021,PAH,KY,ASO,ES,Federal Contract Tower,0,6,5,0,11,0,8,20,4,32,0,14,25,4,43,14,8,22,65
03/23/2021,PAH,KY,ASO,ES,Federal Contract Tower,0,11,6,0,17,0,6,25,2,33,0,17,31,2,50,12,2,14,64
03/24/2021,PAH,KY,ASO,ES,Federal Contract Tower,0,9,7,0,16,0,5,36,8,49,0,14,43,8,65,18,6,24,89
03/25/2021,PAH,KY,ASO,ES,Federal Contract Tower,0,6,4,0,10,0,3,8,0,11,0,9,12,0,21,0,0,0,21
03/26/2021,PAH,KY,ASO,ES,Federal Contract Tower,0,10,10,2,22,0,0,39,0,39,0,10,49,2,61,0,0,0,61
03/27/2021,PAH,KY,ASO,ES,Federal Contract Tower,0,4,9,0,13,0,1,22,0,23,0,5,31,0,36,6,0,6,42
03/28/2021,PAH,KY,ASO,ES,Federal Contract Tower,0,5,4,0,9,0,4,26,0,30,0,9,30,0,39,20,0,20,59
03/29/2021,PAH,KY,ASO,ES,Federal Contract Tower,0,9,13,0,22,0,9,27,4,40,0,18,40,4,62,22,8,30,92
03/30/2021,PAH,KY,ASO,ES,Federal Contract Tower,0,7,7,6,20,0,4,27,4,35,0,11,34,10,55,20,6,26,81
03/31/2021,PAH,KY,ASO,ES,Federal Contract Tower,0,10,4,0,14,0,13,41,4,58,0,23,45,4,72,22,2,24,96
04/01/2021,PAH,KY,ASO,ES,Federal Contract Tower,0,10,18,0,28,0,6,17,0,23,0,16,35,0,51,8,0,8,59
04/02/2021,PAH,KY,ASO,ES,Federal Contract Tower,0,10,8,0,18,0,0,20,0,20,0,10,28,0,38,12,0,12,50
04/03/2021,PAH,KY,ASO,ES,Federal Contract Tower,0,8,4,0,12,0,2,34,0,36,0,10,38,0,48,4,0,4,52
04/04/2021,PAH,KY,ASO,ES,Federal Contract Tower,0,5,5,0,10,0,4,19,0,23,0,9,24,0,33,8,0,8,41
04/05/2021,PAH,KY,ASO,ES,Federal Contract Tower,0,8,5,0,13,0,6,29,4,39,0,14,34,4,52,30,6,36,88
04/06/2021,PAH,KY,ASO,ES,Federal Contract Tower,0,6,10,0,16,0,15,35,4,54,0,21,45,4,70,26,4,30,100
04/07/2021,PAH,KY,ASO,ES,Federal Contract Tower,0,9,13,4,26,0,8,19,0,27,0,17,32,4,53,16,0,16,69
04/08/2021,PAH,KY,ASO,ES,Federal Contract Tower,0,10,12,2,24,0,0,8,0,8,0,10,20,2,32,2,0,2,34
04/09/2021,PAH,KY,ASO,ES,Federal Contract Tower,0,5,5,0,10,0,1,17,0,18,0,6,22,0,28,18,0,18,46
04/10/2021,PAH,KY,ASO,ES,Federal Contract Tower,0,7,5,0,12,0,0,2,0,2,0,7,7,0,14,0,0,0,14
04/11/2021,PAH,KY,ASO,ES,Federal Contract Tower,0,6,10,0,16,0,4,22,0,26,0,10,32,0,42,12,0,12,54
04/12/2021,PAH,KY,ASO,ES,Federal Contract Tower,0,7,19,4,30,0,6,35,0,41,0,13,54,4,71,32,0,32,103
04/13/2021,PAH,KY,ASO,ES,Federal Contract Tower,0,6,8,0,14,0,10,41,6,57,0,16,49,6,71,22,4,26,97
04/14/2021,PAH,KY,ASO,ES,Federal Contract Tower,0,7,11,0,18,0,4,14,4,22,0,11,25,4,40,14,4,18,58
04/15/2021,PAH,KY,ASO,ES,Federal Contract Tower,0,6,9,0,15,0,0,26,4,30,0,6,35,4,45,0,0,0,45
04/16/2021,PAH,KY,ASO,ES,Federal Contract Tower,0,6,12,0,18,0,19,0,0,19,0,25,12,0,37,12,0,12,49
04/17/2021,PAH,KY,ASO,ES,Federal Contract Tower,0,6,6,0,12,0,0,14,4,18,0,6,20,4,30,20,0,20,50
04/18/2021,PAH,KY,ASO,ES,Federal Contract Tower,0,4,7,0,11,0,8,37,0,45,0,12,44,0,56,30,0,30,86
04/19/2021,PAH,KY,ASO,ES,Federal Contract Tower,0,9,4,0,13,0,6,24,6,36,0,15,28,6,49,18,4,22,71
04/20/2021,PAH,KY,ASO,ES,Federal Contract Tower,0,7,1,0,8,0,8,27,10,45,0,15,28,10,53,18,6,24,77
04/21/2021,PAH,KY,ASO,ES,Federal Contract Tower,0,6,7,2,15,0,5,28,5,38,0,11,35,7,53,12,4,16,69
04/22/2021,PAH,KY,ASO,ES,Federal Contract Tower,0,6,4,2,12,0,2,10,0,12,0,8,14,2,24,0,0,0,24
04/23/2021,PAH,KY,ASO,ES,Federal Contract Tower,0,8,8,6,22,0,3,21,0,24,0,11,29,6,46,0,0,0,46
04/24/2021,PAH,KY,ASO,ES,Federal Contract Tower,0,5,5,0,10,0,0,1,0,1,0,5,6,0,11,0,0,0,11
04/25/2021,PAH,KY,ASO,ES,Federal Contract Tower,0,4,3,0,7,0,6,37,0,43,0,10,40,0,50,32,0,32,82
04/26/2021,PAH,KY,ASO,ES,Federal Contract Tower,0,9,2,6,17,0,8,27,2,37,0,17,29,8,54,30,4,34,88
04/27/2021,PAH,KY,ASO,ES,Federal Contract Tower,0,6,7,10,23,0,6,40,4,50,0,12,47,14,73,22,14,36,109
04/28/2021,PAH,KY,ASO,ES,Federal Contract Tower,0,6,6,0,12,0,4,12,2,18,0,10,18,2,30,14,2,16,46
04/29/2021,PAH,KY,ASO,ES,Federal Contract Tower,0,7,9,0,16,0,4,5,0,9,0,11,14,0,25,0,0,0,25
04/30/2021,PAH,KY,ASO,ES,Federal Contract Tower,0,4,19,0,23,0,0,34,0,34,0,4,53,0,57,20,0,20,77
05/01/2021,PAH,KY,ASO,ES,Federal Contract Tower,0,4,3,0,7,0,3,34,0,37,0,7,37,0,44,22,0,22,66
05/02/2021,PAH,KY,ASO,ES,Federal Contract Tower,0,4,8,0,12,0,4,21,0,25,0,8,29,0,37,54,0,54,91
05/03/2021,PAH,KY,ASO,ES,Federal Contract Tower,0,10,10,0,20,0,6,20,4,30,0,16,30,4,50,18,4,22,72
05/04/2021,PAH,KY,ASO,ES,Federal Contract Tower,0,7,14,0,21,0,8,25,6,39,0,15,39,6,60,20,4,24,84
05/05/2021,PAH,KY,ASO,ES,Federal Contract Tower,0,12,18,2,32,0,4,69,4,77,0,16,87,6,109,12,6,18,127
05/06/2021,PAH,KY,ASO,ES,Federal Contract Tower,0,11,20,0,31,0,1,26,0,27,0,12,46,0,58,0,0,0,58
05/07/2021,PAH,KY,ASO,ES,Federal Contract Tower,0,13,8,0,21,0,4,45,0,49,0,17,53,0,70,18,0,18,88
05/08/2021,PAH,KY,ASO,ES,Federal Contract Tower,0,4,6,0,10,0,0,9,0,9,0,4,15,0,19,18,0,18,37
05/09/2021,PAH,KY,ASO,ES,Federal Contract Tower,0,4,2,0,6,0,4,13,0,17,0,8,15,0,23,10,0,10,33
05/10/2021,PAH,KY,ASO,ES,Federal Contract Tower,0,8,10,0,18,0,4,49,2,55,0,12,59,2,73,18,4,22,95
05/11/2021,PAH,KY,ASO,ES,Federal Contract Tower,0,8,0,0,8,0,8,43,4,55,0,16,43,4,63,16,4,20,83
05/12/2021,PAH,KY,ASO,ES,Federal Contract Tower,0,6,10,2,18,0,4,24,2,30,0,10,34,4,48,12,0,12,60
05/13/2021,PAH,KY,ASO,ES,Federal Contract Tower,0,6,19,0,25,0,0,15,0,15,0,6,34,0,40,0,0,0,40
05/14/2021,PAH,KY,ASO,ES,Federal Contract Tower,0,6,6,0,12,0,3,23,0,26,0,9,29,0,38,18,0,18,56
05/15/2021,PAH,KY,ASO,ES,Federal Contract Tower,0,4,8,0,12,0,0,20,0,20,0,4,28,0,32,34,0,34,66
05/16/2021,PAH,KY,ASO,ES,Federal Contract Tower,0,4,3,0,7,0,5,33,0,38,0,9,36,0,45,28,0,28,73
05/17/2021,PAH,KY,ASO,ES,Federal Contract Tower,0,6,10,0,16,0,6,22,4,32,0,12,32,4,48,18,8,26,74
05/18/2021,PAH,KY,ASO,ES,Federal Contract Tower,0,7,10,0,17,0,4,32,4,40,0,11,42,4,57,20,8,28,85
05/19/2021,PAH,KY,ASO,ES,Federal Contract Tower,0,11,6,0,17,0,7,36,6,49,0,18,42,6,66,26,2,28,94
05/20/2021,PAH,KY,ASO,ES,Federal Contract Tower,0,7,8,2,17,0,4,35,2,41,0,11,43,4,58,16,2,18,76
05/21/2021,PAH,KY,ASO,ES,Federal Contract Tower,0,7,7,0,14,0,0,23,0,23,0,7,30,0,37,20,0,20,57
05/22/2021,PAH,KY,ASO,ES,Federal Contract Tower,0,8,10,0,18,0,2,24,0,26,0,10,34,0,44,16,8,24,68
05/23/2021,PAH,KY,ASO,ES,Federal Contract Tower,0,3,3,0,6,0,6,32,0,38,0,9,35,0,44,20,0,20,64
05/24/2021,PAH,KY,ASO,ES,Federal Contract Tower,0,7,12,0,19,0,6,34,0,40,0,13,46,0,59,32,0,32,91
05/25/2021,PAH,KY,ASO,ES,Federal Contract Tower,0,6,10,3,19,0,10,42,5,57,0,16,52,8,76,24,4,28,104
05/26/2021,PAH,KY,ASO,ES,Federal Contract Tower,0,6,6,2,14,0,4,17,2,23,0,10,23,4,37,12,4,16,53
05/27/2021,PAH,KY,ASO,ES,Federal Contract Tower,0,10,10,2,22,0,0,8,0,8,0,10,18,2,30,8,0,8,38
05/28/2021,PAH,KY,ASO,ES,Federal Contract Tower,0,6,5,1,12,0,0,7,0,7,0,6,12,1,19,0,0,0,19
05/29/2021,PAH,KY,ASO,ES,Federal Contract Tower,0,5,2,0,7,0,0,4,1,5,0,5,6,1,12,0,0,0,12
05/30/2021,PAH,KY,ASO,ES,Federal Contract Tower,0,8,8,0,16,0,7,40,0,47,0,15,48,0,63,24,0,24,87
05/31/2021,PAH,KY,ASO,ES,Federal Contract Tower,0,5,2,0,7,0,2,22,0,24,0,7,24,0,31,28,0,28,59
06/01/2021,PAH,KY,ASO,ES,Federal Contract Tower,0,4,4,0,8,0,8,18,4,30,0,12,22,4,38,14,8,22,60
06/02/2021,PAH,KY,ASO,ES,Federal Contract Tower,0,9,7,0,16,0,4,13,0,17,0,13,20,0,33,0,0,0,33
06/03/2021,PAH,KY,ASO,ES,Federal Contract Tower,0,9,12,0,21,0,4,24,2,30,0,13,36,2,51,18,0,18,69
06/04/2021,PAH,KY,ASO,ES,Federal Contract Tower,0,6,12,2,20,0,0,24,2,26,0,6,36,4,46,44,0,44,90
06/05/2021,PAH,KY,ASO,ES,Federal Contract Tower,0,8,6,4,18,0,0,14,0,14,0,8,20,4,32,0,0,0,32
06/06/2021,PAH,KY,ASO,ES,Federal Contract Tower,0,4,2,0,6,0,0,10,0,10,0,4,12,0,16,14,0,14,30
06/07/2021,PAH,KY,ASO,ES,Federal Contract Tower,0,6,6,0,12,0,6,16,4,26,0,12,22,4,38,6,4,10,48
06/08/2021,PAH,KY,ASO,ES,Federal Contract Tower,0,10,5,2,17,0,6,29,4,39,0,16,34,6,56,20,2,22,78
06/09/2021,PAH,KY,ASO,ES,Federal Contract Tower,0,9,4,6,19,0,2,23,4,29,0,11,27,10,48,16,4,20,68
06/10/2021,PAH,KY,ASO,ES,Federal Contract Tower,0,9,6,0,15,0,2,5,0,7,0,11,11,0,22,0,0,0,22
06/11/2021,PAH,KY,ASO,ES,Federal Contract Tower,0,7,13,0,20,0,2,41,0,43,0,9,54,0,63,24,0,24,87
06/12/2021,PAH,KY,ASO,ES,Federal Contract Tower,0,6,11,0,17,0,5,35,0,40,0,11,46,0,57,12,0,12,69
06/13/2021,PAH,KY,ASO,ES,Federal Contract Tower,0,4,10,0,14,0,4,25,0,29,0,8,35,0,43,36,0,36,79
06/14/2021,PAH,KY,ASO,ES,Federal Contract Tower,0,8,11,0,19,0,7,29,4,40,0,15,40,4,59,26,4,30,89
06/15/2021,PAH,KY,ASO,ES,Federal Contract Tower,0,8,7,12,27,0,6,41,6,53,0,14,48,18,80,30,4,34,114
06/16/2021,PAH,KY,ASO,ES,Federal Contract Tower,0,9,9,4,22,0,7,38,4,49,0,16,47,8,71,38,6,44,115
06/17/2021,PAH,KY,ASO,ES,Federal Contract Tower,0,9,6,0,15,0,4,38,2,44,0,13,44,2,59,14,2,16,75
06/18/2021,PAH,KY,ASO,ES,Federal Contract Tower,0,5,8,0,13,0,6,70,0,76,0,11,78,0,89,18,0,18,107
06/19/2021,PAH,KY,ASO,ES,Federal Contract Tower,0,5,7,0,12,0,2,68,0,70,0,7,75,0,82,26,0,26,108
06/20/2021,PAH,KY,ASO,ES,Federal Contract Tower,0,5,2,0,7,0,0,7,0,7,0,5,9,0,14,0,0,0,14
06/21/2021,PAH,KY,ASO,ES,Federal Contract Tower,0,7,6,0,13,0,0,5,0,5,0,7,11,0,18,4,0,4,22
06/22/2021,PAH,KY,ASO,ES,Federal Contract Tower,0,6,8,4,18,0,0,28,5,33,0,6,36,9,51,16,0,16,67
06/23/2021,PAH,KY,ASO,ES,Federal Contract Tower,0,12,20,0,32,0,0,33,0,33,0,12,53,0,65,16,0,16,81
06/24/2021,PAH,KY,ASO,ES,Federal Contract Tower,0,9,8,0,17,0,1,21,0,22,0,10,29,0,39,4,0,4,43
06/25/2021,PAH,KY,ASO,ES,Federal Contract Tower,0,6,17,0,23,0,1,26,0,27,0,7,43,0,50,0,0,0,50
06/26/2021,PAH,KY,ASO,ES,Federal Contract Tower,0,3,5,0,8,0,0,7,0,7,0,3,12,0,15,0,0,0,15
06/27/2021,PAH,KY,ASO,ES,Federal Contract Tower,0,3,3,0,6,0,8,30,0,38,0,11,33,0,44,24,0,24,68
06/28/2021,PAH,KY,ASO,ES,Federal Contract Tower,0,9,5,2,16,0,6,30,4,40,0,15,35,6,56,22,8,30,86
06/29/2021,PAH,KY,ASO,ES,Federal Contract Tower,0,9,18,0,27,0,9,35,4,48,0,18,53,4,75,22,2,24,99
06/30/2021,PAH,KY,ASO,ES,Federal Contract Tower,0,11,18,0,29,0,4,23,2,29,0,15,41,2,58,18,0,18,76
07/01/2021,PAH,KY,ASO,ES,Federal Contract Tower,0,8,8,0,16,0,8,11,2,21,0,16,19,2,37,6,6,12,49
07/02/2021,PAH,KY,ASO,ES,Federal Contract Tower,0,9,10,0,19,0,2,26,0,28,0,11,36,0,47,34,0,34,81
07/03/2021,PAH,KY,ASO,ES,Federal Contract Tower,0,4,6,0,10,0,0,36,0,36,0,4,42,0,46,6,0,6,52
07/04/2021,PAH,KY,ASO,ES,Federal Contract Tower,0,4,3,0,7,0,6,39,0,45,0,10,42,0,52,26,0,26,78
07/05/2021,PAH,KY,ASO,ES,Federal Contract Tower,0,8,8,0,16,0,8,34,0,42,0,16,42,0,58,38,0,38,96
07/06/2021,PAH,KY,ASO,ES,Federal Contract Tower,0,6,16,8,30,0,8,47,6,61,0,14,63,14,91,32,4,36,127
07/07/2021,PAH,KY,ASO,ES,Federal Contract Tower,0,10,5,0,15,0,6,31,6,43,0,16,36,6,58,14,2,16,74
07/08/2021,PAH,KY,ASO,ES,Federal Contract Tower,0,10,15,0,25,0,4,37,2,43,0,14,52,2,68,10,4,14,82
07/09/2021,PAH,KY,ASO,ES,Federal Contract Tower,0,9,19,2,30,0,0,33,0,33,0,9,52,2,63,0,0,0,63
07/10/2021,PAH,KY,ASO,ES,Federal Contract Tower,0,6,5,0,11,0,0,4,0,4,0,6,9,0,15,4,0,4,19
07/11/2021,PAH,KY,ASO,ES,Federal Contract Tower,0,3,11,0,14,0,4,29,0,33,0,7,40,0,47,12,0,12,59
07/12/2021,PAH,KY,ASO,ES,Federal Contract Tower,0,6,7,0,13,0,5,19,4,28,0,11,26,4,41,14,0,14,55
07/13/2021,PAH,KY,ASO,ES,Federal Contract Tower,0,6,6,0,12,0,4,29,4,37,0,10,35,4,49,22,4,26,75
07/14/2021,PAH,KY,ASO,ES,Federal Contract Tower,0,6,11,1,18,0,8,46,5,59,0,14,57,6,77,18,6,24,101
07/15/2021,PAH,KY,ASO,ES,Federal Contract Tower,0,7,10,1,18,0,5,32,7,44,0,12,42,8,62,30,1,31,93
07/16/2021,PAH,KY,ASO,ES,Federal Contract Tower,0,7,6,2,15,0,0,18,0,18,0,7,24,2,33,0,0,0,33
07/17/2021,PAH,KY,ASO,ES,Federal Contract Tower,0,5,12,0,17,0,0,12,0,12,0,5,24,0,29,0,0,0,29
07/18/2021,PAH,KY,ASO,ES,Federal Contract Tower,0,5,9,0,14,0,4,16,0,20,0,9,25,0,34,10,0,10,44
07/19/2021,PAH,KY,ASO,ES,Federal Contract Tower,0,6,6,2,14,0,6,26,2,34,0,12,32,4,48,22,2,24,72
07/20/2021,PAH,KY,ASO,ES,Federal Contract Tower,0,11,8,0,19,0,6,49,4,59,0,17,57,4,78,40,4,44,122
07/21/2021,PAH,KY,ASO,ES,Federal Contract Tower,0,14,16,0,30,0,4,39,6,49,0,18,55,6,79,32,10,42,121
07/22/2021,PAH,KY,ASO,ES,Federal Contract Tower,0,8,21,0,29,0,0,16,0,16,0,8,37,0,45,12,0,12,57
07/23/2021,PAH,KY,ASO,ES,Federal Contract Tower,0,6,9,0,15,0,0,17,0,17,0,6,26,0,32,0,0,0,32
07/24/2021,PAH,KY,ASO,ES,Federal Contract Tower,0,4,7,0,11,0,3,34,0,37,0,7,41,0,48,8,0,8,56
07/25/2021,PAH,KY,ASO,ES,Federal Contract Tower,0,3,4,0,7,0,6,27,0,33,0,9,31,0,40,20,0,20,60
07/26/2021,PAH,KY,ASO,ES,Federal Contract Tower,0,9,9,0,18,0,9,36,0,45,0,18,45,0,63,44,0,44,107
07/27/2021,PAH,KY,ASO,ES,Federal Contract Tower,0,8,6,0,14,0,6,46,4,56,0,14,52,4,70,28,4,32,102
07/28/2021,PAH,KY,ASO,ES,Federal Contract Tower,0,6,13,0,19,0,6,35,2,43,0,12,48,2,62,12,4,16,78
07/29/2021,PAH,KY,ASO,ES,Federal Contract Tower,0,9,8,0,17,0,4,40,0,44,0,13,48,0,61,26,0,26,87
07/30/2021,PAH,KY,ASO,ES,Federal Contract Tower,0,6,13,2,21,0,1,17,3,21,0,7,30,5,42,6,10,16,58
07/31/2021,PAH,KY,ASO,ES,Federal Contract Tower,0,7,2,0,9,0,0,14,0,14,0,7,16,0,23,0,0,0,23
08/01/2021,PAH,KY,ASO,ES,Federal Contract Tower,0,4,6,0,10,0,7,37,0,44,0,11,43,0,54,42,0,42,96
08/02/2021,PAH,KY,ASO,ES,Federal Contract Tower,0,5,12,4,21,0,9,31,4,44,0,14,43,8,65,26,4,30,95
08/03/2021,PAH,KY,ASO,ES,Federal Contract Tower,0,8,5,0,13,0,5,34,6,45,0,13,39,6,58,24,4,28,86
08/04/2021,PAH,KY,ASO,ES,Federal Contract Tower,0,6,9,0,15,0,4,36,0,40,0,10,45,0,55,28,0,28,83
08/05/2021,PAH,KY,ASO,ES,Federal Contract Tower,0,6,15,6,27,0,0,23,0,23,0,6,38,6,50,22,0,22,72
08/06/2021,PAH,KY,ASO,ES,Federal Contract Tower,0,6,7,2,15,0,0,16,0,16,0,6,23,2,31,0,0,0,31
08/07/2021,PAH,KY,ASO,ES,Federal Contract Tower,0,6,9,0,15,0,2,25,0,27,0,8,34,0,42,16,0,16,58
08/08/2021,PAH,KY,ASO,ES,Federal Contract Tower,0,3,10,0,13,0,6,22,0,28,0,9,32,0,41,20,0,20,61
08/09/2021,PAH,KY,ASO,ES,Federal Contract Tower,0,4,7,2,13,0,9,25,4,38,0,13,32,6,51,20,2,22,73
08/10/2021,PAH,KY,ASO,ES,Federal Contract Tower,0,2,6,3,11,0,6,38,6,50,0,8,44,9,61,18,2,20,81
08/11/2021,PAH,KY,ASO,ES,Federal Contract Tower,0,8,12,2,22,0,6,25,4,35,0,14,37,6,57,26,0,26,83
08/12/2021,PAH,KY,ASO,ES,Federal Contract Tower,0,5,12,0,17,0,0,9,0,9,0,5,21,0,26,44,0,44,70
08/13/2021,PAH,KY,ASO,ES,Federal Contract Tower,0,9,9,4,22,0,0,12,0,12,0,9,21,4,34,30,0,30,64
08/14/2021,PAH,KY,ASO,ES,Federal Contract Tower,0,3,7,0,10,0,0,5,0,5,0,3,12,0,15,14,0,14,29
08/15/2021,PAH,KY,ASO,ES,Federal Contract Tower,0,3,5,0,8,0,2,22,0,24,0,5,27,0,32,12,0,12,44
08/16/2021,PAH,KY,ASO,ES,Federal Contract Tower,0,7,6,0,13,0,5,28,0,33,0,12,34,0,46,20,0,20,66
08/17/2021,PAH,KY,ASO,ES,Federal Contract Tower,0,11,6,4,21,0,6,34,4,44,0,17,40,8,65,32,4,36,101
08/18/2021,PAH,KY,ASO,ES,Federal Contract Tower,0,11,4,0,15,0,2,20,4,26,0,13,24,4,41,18,4,22,63
08/19/2021,PAH,KY,ASO,ES,Federal Contract Tower,0,6,7,0,13,0,0,2,0,2,0,6,9,0,15,0,0,0,15
08/20/2021,PAH,KY,ASO,ES,Federal Contract Tower,0,9,4,2,15,0,0,3,0,3,0,9,7,2,18,5,0,5,23
08/21/2021,PAH,KY,ASO,ES,Federal Contract Tower,0,6,3,0,9,0,0,0,0,0,0,6,3,0,9,0,0,0,9
08/22/2021,PAH,KY,ASO,ES,Federal Contract Tower,0,6,6,0,12,0,4,22,0,26,0,10,28,0,38,22,0,22,60
08/23/2021,PAH,KY,ASO,ES,Federal Contract Tower,0,9,19,2,30,0,8,34,4,46,0,17,53,6,76,22,2,24,100
08/24/2021,PAH,KY,ASO,ES,Federal Contract Tower,0,8,9,0,17,0,6,48,6,60,0,14,57,6,77,18,8,26,103
08/25/2021,PAH,KY,ASO,ES,Federal Contract Tower,0,11,9,4,24,0,2,36,2,40,0,13,45,6,64,12,2,14,78
08/26/2021,PAH,KY,ASO,ES,Federal Contract Tower,0,6,12,0,18,0,0,14,0,14,0,6,26,0,32,16,0,16,48
08/27/2021,PAH,KY,ASO,ES,Federal Contract Tower,0,5,10,0,15,0,0,24,0,24,0,5,34,0,39,23,0,23,62
08/28/2021,PAH,KY,ASO,ES,Federal Contract Tower,0,4,5,2,11,0,2,19,2,23,0,6,24,4,34,22,0,22,56
08/29/2021,PAH,KY,ASO,ES,Federal Contract Tower,0,3,4,1,8,0,8,33,0,41,0,11,37,1,49,12,0,12,61
08/30/2021,PAH,KY,ASO,ES,Federal Contract Tower,0,6,5,2,13,0,9,20,2,31,0,15,25,4,44,12,0,12,56
08/31/2021,PAH,KY,ASO,ES,Federal Contract Tower,0,8,5,0,13,0,6,30,6,42,0,14,35,6,55,16,2,18,73
09/01/2021,PAH,KY,ASO,ES,Federal Contract Tower,0,6,1,0,7,0,4,37,5,46,0,10,38,5,53,32,4,36,89
09/02/2021,PAH,KY,ASO,ES,Federal Contract Tower,0,14,7,0,21,0,5,33,4,42,0,19,40,4,63,16,4,20,83
09/03/2021,PAH,KY,ASO,ES,Federal Contract Tower,0,9,14,0,23,0,2,23,0,25,0,11,37,0,48,18,0,18,66
09/04/2021,PAH,KY,ASO,ES,Federal Contract Tower,0,4,5,0,9,0,2,14,0,16,0,6,19,0,25,0,0,0,25
09/05/2021,PAH,KY,ASO,ES,Federal Contract Tower,0,5,5,0,10,0,2,17,0,19,0,7,22,0,29,20,0,20,49
09/06/2021,PAH,KY,ASO,ES,Federal Contract Tower,0,7,8,0,15,0,6,18,0,24,0,13,26,0,39,26,0,26,65
09/07/2021,PAH,KY,ASO,ES,Federal Contract Tower,0,6,10,2,18,0,8,34,5,47,0,14,44,7,65,26,10,36,101
09/08/2021,PAH,KY,ASO,ES,Federal Contract Tower,0,8,13,5,26,0,10,34,1,45,0,18,47,6,71,24,12,36,107
09/09/2021,PAH,KY,ASO,ES,Federal Contract Tower,0,9,11,0,20,0,9,32,4,45,0,18,43,4,65,16,4,20,85
09/10/2021,PAH,KY,ASO,ES,Federal Contract Tower,0,7,10,2,19,0,0,27,0,27,0,7,37,2,46,20,0,20,66
09/11/2021,PAH,KY,ASO,ES,Federal Contract Tower,0,5,2,0,7,0,0,11,2,13,0,5,13,2,20,0,0,0,20
09/12/2021,PAH,KY,ASO,ES,Federal Contract Tower,0,6,6,0,12,0,6,48,0,54,0,12,54,0,66,22,0,22,88
09/13/2021,PAH,KY,ASO,ES,Federal Contract Tower,0,8,5,3,16,0,6,32,4,42,0,14,37,7,58,28,0,28,86
09/14/2021,PAH,KY,ASO,ES,Federal Contract Tower,0,11,6,0,17,0,8,43,4,55,0,19,49,4,72,28,2,30,102
09/15/2021,PAH,KY,ASO,ES,Federal Contract Tower,0,13,9,0,22,0,3,19,4,26,0,16,28,4,48,12,6,18,66
09/16/2021,PAH,KY,ASO,ES,Federal Contract Tower,0,8,11,2,21,0,0,29,0,29,0,8,40,2,50,0,0,0,50
09/17/2021,PAH,KY,ASO,ES,Federal Contract Tower,0,8,21,0,29,0,0,2,0,2,0,8,23,0,31,0,0,0,31
09/18/2021,PAH,KY,ASO,ES,Federal Contract Tower,0,4,7,0,11,0,0,2,0,2,0,4,9,0,13,0,0,0,13
09/19/2021,PAH,KY,ASO,ES,Federal Contract Tower,0,2,15,3,20,0,4,16,1,21,0,6,31,4,41,12,0,12,53
09/20/2021,PAH,KY,ASO,ES,Federal Contract Tower,0,8,12,2,22,0,0,0,0,0,0,8,12,2,22,10,0,10,32
09/21/2021,PAH,KY,ASO,ES,Federal Contract Tower,0,6,5,0,11,0,4,16,4,24,0,10,21,4,35,8,4,12,47
09/22/2021,PAH,KY,ASO,ES,Federal Contract Tower,0,8,7,0,15,0,4,24,2,30,0,12,31,2,45,18,4,22,67
09/23/2021,PAH,KY,ASO,ES,Federal Contract Tower,0,10,12,0,22,0,6,47,0,53,0,16,59,0,75,30,0,30,105
09/24/2021,PAH,KY,ASO,ES,Federal Contract Tower,0,8,7,0,15,0,0,55,0,55,0,8,62,0,70,13,0,13,83
09/25/2021,PAH,KY,ASO,ES,Federal Contract Tower,0,5,8,0,13,0,0,38,0,38,0,5,46,0,51,4,0,4,55
09/26/2021,PAH,KY,ASO,ES,Federal Contract Tower,0,8,12,0,20,0,4,44,0,48,0,12,56,0,68,30,0,30,98
09/27/2021,PAH,KY,ASO,ES,Federal Contract Tower,0,8,9,10,27,0,0,13,5,18,0,8,22,15,45,16,0,16,61
09/28/2021,PAH,KY,ASO,ES,Federal Contract Tower,0,8,9,2,19,0,4,55,4,63,0,12,64,6,82,30,2,32,114
09/29/2021,PAH,KY,ASO,ES,Federal Contract Tower,0,10,11,0,21,0,6,35,2,43,0,16,46,2,64,18,2,20,84
09/30/2021,PAH,KY,ASO,ES,Federal Contract Tower,0,6,9,0,15,0,6,30,4,40,0,12,39,4,55,16,4,20,75
10/01/2021,PAH,KY,ASO,ES,Federal Contract Tower,0,5,11,0,16,0,1,13,0,14,0,6,24,0,30,0,0,0,30
10/02/2021,PAH,KY,ASO,ES,Federal Contract Tower,0,8,7,0,15,0,0,0,0,0,0,8,7,0,15,0,0,0,15
10/03/2021,PAH,KY,ASO,ES,Federal Contract Tower,0,5,5,0,10,0,4,25,0,29,0,9,30,0,39,18,0,18,57
10/04/2021,PAH,KY,ASO,ES,Federal Contract Tower,0,8,4,3,15,0,8,36,7,51,0,16,40,10,66,28,2,30,96
10/05/2021,PAH,KY,ASO,ES,Federal Contract Tower,0,6,5,2,13,0,4,33,6,43,0,10,38,8,56,22,4,26,82
10/06/2021,PAH,KY,ASO,ES,Federal Contract Tower,0,9,15,0,24,0,6,31,4,41,0,15,46,4,65,18,4,22,87
10/07/2021,PAH,KY,ASO,ES,Federal Contract Tower,0,10,8,2,20,0,0,17,0,17,0,10,25,2,37,0,0,0,37
10/08/2021,PAH,KY,ASO,ES,Federal Contract Tower,0,6,4,0,10,0,8,15,0,23,0,14,19,0,33,4,0,4,37
10/09/2021,PAH,KY,ASO,ES,Federal Contract Tower,0,4,5,0,9,0,8,13,0,21,0,12,18,0,30,0,0,0,30
10/10/2021,PAH,KY,ASO,ES,Federal Contract Tower,0,8,15,0,23,0,4,30,0,34,0,12,45,0,57,12,0,12,69
10/11/2021,PAH,KY,ASO,ES,Federal Contract Tower,0,10,8,0,18,0,5,27,2,34,0,15,35,2,52,34,0,34,86
10/12/2021,PAH,KY,ASO,ES,Federal Contract Tower,0,8,8,0,16,0,7,41,6,54,0,15,49,6,70,22,4,26,96
10/13/2021,PAH,KY,ASO,ES,Federal Contract Tower,0,8,4,0,12,0,4,22,4,30,0,12,26,4,42,14,2,16,58
10/14/2021,PAH,KY,ASO,ES,Federal Contract Tower,0,12,3,0,15,0,7,27,0,34,0,19,30,0,49,22,0,22,71
10/15/2021,PAH,KY,ASO,ES,Federal Contract Tower,0,12,6,0,18,0,0,6,0,6,0,12,12,0,24,0,0,0,24
10/16/2021,PAH,KY,ASO,ES,Federal Contract Tower,0,10,6,0,16,0,8,21,0,29,0,18,27,0,45,0,0,0,45
10/17/2021,PAH,KY,ASO,ES,Federal Contract Tower,0,7,6,0,13,0,0,32,0,32,0,7,38,0,45,2,0,2,47
10/18/2021,PAH,KY,ASO,ES,Federal Contract Tower,0,14,8,0,22,0,7,39,4,50,0,21,47,4,72,26,2,28,100
10/19/2021,PAH,KY,ASO,ES,Federal Contract Tower,0,8,7,0,15,0,8,37,5,50,0,16,44,5,65,20,4,24,89
10/20/2021,PAH,KY,ASO,ES,Federal Contract Tower,0,7,14,0,21,0,4,36,2,42,0,11,50,2,63,24,0,24,87
10/21/2021,PAH,KY,ASO,ES,Federal Contract Tower,0,8,10,0,18,0,0,11,0,11,0,8,21,0,29,0,0,0,29
10/22/2021,PAH,KY,ASO,ES,Federal Contract Tower,0,10,7,0,17,0,0,21,0,21,0,10,28,0,38,0,0,0,38
10/23/2021,PAH,KY,ASO,ES,Federal Contract Tower,0,6,1,0,7,0,0,7,0,7,0,6,8,0,14,0,0,0,14
10/24/2021,PAH,KY,ASO,ES,Federal Contract Tower,0,6,3,0,9,0,0,5,0,5,0,6,8,0,14,0,0,0,14
10/25/2021,PAH,KY,ASO,ES,Federal Contract Tower,0,8,8,0,16,0,2,5,0,7,0,10,13,0,23,0,0,0,23
10/26/2021,PAH,KY,ASO,ES,Federal Contract Tower,0,8,10,0,18,0,0,31,4,35,0,8,41,4,53,6,0,6,59
10/27/2021,PAH,KY,ASO,ES,Federal Contract Tower,0,10,10,2,22,0,4,20,6,30,0,14,30,8,52,12,2,14,66
10/28/2021,PAH,KY,ASO,ES,Federal Contract Tower,0,7,11,0,18,0,5,14,4,23,0,12,25,4,41,8,6,14,55
10/29/2021,PAH,KY,ASO,ES,Federal Contract Tower,0,13,8,0,21,0,0,0,0,0,0,13,8,0,21,0,0,0,21
10/30/2021,PAH,KY,ASO,ES,Federal Contract Tower,0,10,2,0,12,0,0,0,0,0,0,10,2,0,12,0,0,0,12
10/31/2021,PAH,KY,ASO,ES,Federal Contract Tower,0,4,5,0,9,0,4,35,2,41,0,8,40,2,50,28,0,28,78
11/01/2021,PAH,KY,ASO,ES,Federal Contract Tower,0,6,9,1,16,0,9,43,1,53,0,15,52,2,69,28,0,28,97
11/02/2021,PAH,KY,ASO,ES,Federal Contract Tower,0,9,16,0,25,0,8,41,4,53,0,17,57,4,78,22,6,28,106
11/03/2021,PAH,KY,ASO,ES,Federal Contract Tower,0,8,7,3,18,0,9,52,9,70,0,17,59,12,88,16,4,20,108
11/04/2021,PAH,KY,ASO,ES,Federal Contract Tower,0,10,4,0,14,0,8,32,4,44,0,18,36,4,58,16,4,20,78
11/05/2021,PAH,KY,ASO,ES,Federal Contract Tower,0,8,9,0,17,0,1,41,0,42,0,9,50,0,59,2,0,2,61
11/06/2021,PAH,KY,ASO,ES,Federal Contract Tower,0,4,5,0,9,0,0,13,0,13,0,4,18,0,22,0,0,0,22
11/07/2021,PAH,KY,ASO,ES,Federal Contract Tower,0,4,8,0,12,0,4,39,0,43,0,8,47,0,55,24,0,24,79
11/08/2021,PAH,KY,ASO,ES,Federal Contract Tower,0,11,11,2,24,0,6,37,4,47,0,17,48,6,71,16,8,24,95
11/09/2021,PAH,KY,ASO,ES,Federal Contract Tower,0,7,9,2,18,0,13,39,4,56,0,20,48,6,74,26,0,26,100
11/10/2021,PAH,KY,ASO,ES,Federal Contract Tower,0,8,8,0,16,0,4,31,4,39,0,12,39,4,55,16,6,22,77
11/11/2021,PAH,KY,ASO,ES,Federal Contract Tower,0,7,7,0,14,0,0,4,0,4,0,7,11,0,18,0,0,0,18
11/12/2021,PAH,KY,ASO,ES,Federal Contract Tower,0,9,13,0,22,0,0,6,0,6,0,9,19,0,28,2,0,2,30
11/13/2021,PAH,KY,ASO,ES,Federal Contract Tower,0,4,7,0,11,0,2,35,0,37,0,6,42,0,48,8,0,8,56
11/14/2021,PAH,KY,ASO,ES,Federal Contract Tower,0,7,3,0,10,0,1,14,0,15,0,8,17,0,25,14,0,14,39
11/15/2021,PAH,KY,ASO,ES,Federal Contract Tower,0,9,10,0,19,0,2,24,0,26,0,11,34,0,45,8,0,8,53
11/16/2021,PAH,KY,ASO,ES,Federal Contract Tower,0,9,18,4,31,0,3,22,2,27,0,12,40,6,58,6,2,8,66
11/17/2021,PAH,KY,ASO,ES,Federal Contract Tower,0,6,4,8,18,0,6,41,8,55,0,12,45,16,73,30,4,34,107
11/18/2021,PAH,KY,ASO,ES,Federal Contract Tower,0,8,11,9,28,0,4,34,3,41,0,12,45,12,69,16,0,16,85
11/19/2021,PAH,KY,ASO,ES,Federal Contract Tower,0,8,11,7,26,0,0,28,1,29,0,8,39,8,55,2,0,2,57
11/20/2021,PAH,KY,ASO,ES,Federal Contract Tower,0,4,3,0,7,0,0,23,0,23,0,4,26,0,30,18,0,18,48
11/21/2021,PAH,KY,ASO,ES,Federal Contract Tower,0,4,0,0,4,0,2,12,0,14,0,6,12,0,18,8,0,8,26
11/22/2021,PAH,KY,ASO,ES,Federal Contract Tower,0,9,7,0,16,0,5,31,4,40,0,14,38,4,56,26,2,28,84
11/23/2021,PAH,KY,ASO,ES,Federal Contract Tower,0,9,7,0,16,0,6,34,0,40,0,15,41,0,56,22,0,22,78
11/24/2021,PAH,KY,ASO,ES,Federal Contract Tower,0,6,7,0,13,0,7,46,0,53,0,13,53,0,66,22,0,22,88
11/25/2021,PAH,KY,ASO,ES,Federal Contract Tower,0,2,8,0,10,0,0,4,0,4,0,2,12,0,14,0,0,0,14
11/26/2021,PAH,KY,ASO,ES,Federal Contract Tower,0,6,3,0,9,0,0,12,0,12,0,6,15,0,21,10,0,10,31
11/27/2021,PAH,KY,ASO,ES,Federal Contract Tower,0,4,3,0,7,0,0,7,0,7,0,4,10,0,14,6,0,6,20
11/28/2021,PAH,KY,ASO,ES,Federal Contract Tower,0,8,14,0,22,0,2,32,0,34,0,10,46,0,56,22,0,22,78
11/29/2021,PAH,KY,ASO,ES,Federal Contract Tower,0,6,4,0,10,0,7,36,0,43,0,13,40,0,53,36,0,36,89
11/30/2021,PAH,KY,ASO,ES,Federal Contract Tower,0,10,10,0,20,0,4,48,0,52,0,14,58,0,72,28,0,28,100
12/01/2021,PAH,KY,ASO,ES,Federal Contract Tower,1,8,14,0,23,0,8,41,6,55,1,16,55,6,78,22,4,26,104
12/02/2021,PAH,KY,ASO,ES,Federal Contract Tower,2,6,3,0,11,0,5,46,0,51,2,11,49,0,62,36,0,36,98
12/03/2021,PAH,KY,ASO,ES,Federal Contract Tower,2,7,12,0,21,0,0,30,0,30,2,7,42,0,51,14,0,14,65
12/04/2021,PAH,KY,ASO,ES,Federal Contract Tower,1,3,12,0,16,0,2,18,2,22,1,5,30,2,38,8,0,8,46
12/05/2021,PAH,KY,ASO,ES,Federal Contract Tower,0,4,4,0,8,0,0,5,0,5,0,4,9,0,13,0,0,0,13
12/06/2021,PAH,KY,ASO,ES,Federal Contract Tower,0,6,12,0,18,0,7,28,2,37,0,13,40,2,55,30,2,32,87
12/07/2021,PAH,KY,ASO,ES,Federal Contract Tower,0,6,9,0,15,0,8,41,8,57,0,14,50,8,72,20,0,20,92
12/08/2021,PAH,KY,ASO,ES,Federal Contract Tower,0,6,13,2,21,0,7,59,2,68,0,13,72,4,89,66,0,66,155
12/09/2021,PAH,KY,ASO,ES,Federal Contract Tower,0,14,31,0,45,0,7,32,4,43,0,21,63,4,88,18,4,22,110
12/10/2021,PAH,KY,ASO,ES,Federal Contract Tower,0,9,4,0,13,0,0,3,0,3,0,9,7,0,16,0,0,0,16
12/11/2021,PAH,KY,ASO,ES,Federal Contract Tower,0,5,6,0,11,0,0,10,0,10,0,5,16,0,21,0,0,0,21
12/12/2021,PAH,KY,ASO,ES,Federal Contract Tower,0,5,18,3,26,0,12,57,6,75,0,17,75,9,101,26,0,26,127
12/13/2021,PAH,KY,ASO,ES,Federal Contract Tower,0,6,18,1,25,0,6,44,2,52,0,12,62,3,77,30,2,32,109
12/14/2021,PAH,KY,ASO,ES,Federal Contract Tower,0,11,29,0,40,0,4,47,4,55,0,15,76,4,95,34,0,34,129
12/15/2021,PAH,KY,ASO,ES,Federal Contract Tower,0,7,22,0,29,0,5,21,0,26,0,12,43,0,55,0,0,0,55
12/16/2021,PAH,KY,ASO,ES,Federal Contract Tower,2,10,16,0,28,0,4,16,8,28,2,14,32,8,56,2,0,2,58
12/17/2021,PAH,KY,ASO,ES,Federal Contract Tower,0,8,5,0,13,0,0,0,0,0,0,8,5,0,13,0,0,0,13
12/18/2021,PAH,KY,ASO,ES,Federal Contract Tower,0,5,5,0,10,0,0,0,0,0,0,5,5,0,10,0,0,0,10
12/19/2021,PAH,KY,ASO,ES,Federal Contract Tower,0,7,11,0,18,0,4,45,0,49,0,11,56,0,67,22,0,22,89
12/20/2021,PAH,KY,ASO,ES,Federal Contract Tower,0,8,15,0,23,0,6,41,0,47,0,14,56,0,70,30,0,30,100
12/21/2021,PAH,KY,ASO,ES,Federal Contract Tower,0,6,12,0,18,0,6,40,0,46,0,12,52,0,64,24,0,24,88
12/22/2021,PAH,KY,ASO,ES,Federal Contract Tower,0,9,7,0,16,0,8,43,4,55,0,17,50,4,71,20,0,20,91
12/23/2021,PAH,KY,ASO,ES,Federal Contract Tower,1,5,8,0,14,0,8,40,0,48,1,13,48,0,62,22,0,22,84
12/24/2021,PAH,KY,ASO,ES,Federal Contract Tower,0,6,3,0,9,0,2,12,0,14,0,8,15,0,23,2,0,2,25
12/25/2021,PAH,KY,ASO,ES,Federal Contract Tower,0,6,2,0,8,0,0,0,0,0,0,6,2,0,8,0,0,0,8
12/26/2021,PAH,KY,ASO,ES,Federal Contract Tower,0,4,9,0,13,0,2,11,0,13,0,6,20,0,26,4,0,4,30
12/27/2021,PAH,KY,ASO,ES,Federal Contract Tower,0,3,11,0,14,0,6,21,3,30,0,9,32,3,44,10,8,18,62
12/28/2021,PAH,KY,ASO,ES,Federal Contract Tower,0,6,6,2,14,0,5,31,0,36,0,11,37,2,50,16,0,16,66
12/29/2021,PAH,KY,ASO,ES,Federal Contract Tower,0,6,12,0,18,0,0,0,0,0,0,6,12,0,18,0,0,0,18
12/30/2021,PAH,KY,ASO,ES,Federal Contract Tower,0,10,3,0,13,0,0,0,0,0,0,10,3,0,13,0,0,0,13
12/31/2021,PAH,KY,ASO,ES,Federal Contract Tower,0,6,9,0,15,0,0,5,0,5,0,6,14,0,20,0,0,0,20
01/01/2022,PAH,KY,ASO,ES,Federal Contract Tower,0,3,1,0,4,0,0,0,0,0,0,3,1,0,4,0,0,0,4
01/02/2022,PAH,KY,ASO,ES,Federal Contract Tower,0,6,5,0,11,0,4,9,0,13,0,10,14,0,24,0,0,0,24
01/03/2022,PAH,KY,ASO,ES,Federal Contract Tower,0,6,12,4,22,0,10,42,2,54,0,16,54,6,76,24,2,26,102
01/04/2022,PAH,KY,ASO,ES,Federal Contract Tower,0,6,8,0,14,0,6,32,4,42,0,12,40,4,56,16,4,20,76
01/05/2022,PAH,KY,ASO,ES,Federal Contract Tower,0,9,14,0,23,0,4,41,6,51,0,13,55,6,74,20,6,26,100
01/06/2022,PAH,KY,ASO,ES,Federal Contract Tower,0,7,4,0,11,0,0,2,0,2,0,7,6,0,13,0,0,0,13
01/07/2022,PAH,KY,ASO,ES,Federal Contract Tower,0,9,12,0,21,0,0,19,0,19,0,9,31,0,40,0,0,0,40
01/08/2022,PAH,KY,ASO,ES,Federal Contract Tower,0,3,6,0,9,0,0,3,0,3,0,3,9,0,12,2,0,2,14
01/09/2022,PAH,KY,ASO,ES,Federal Contract Tower,0,6,4,0,10,0,4,16,0,20,0,10,20,0,30,7,0,7,37
01/10/2022,PAH,KY,ASO,ES,Federal Contract Tower,0,9,7,2,18,0,8,34,6,48,0,17,41,8,66,26,4,30,96
01/11/2022,PAH,KY,ASO,ES,Federal Contract Tower,0,7,8,4,19,0,9,51,4,64,0,16,59,8,83,42,2,44,127
01/12/2022,PAH,KY,ASO,ES,Federal Contract Tower,0,6,8,6,20,0,8,39,4,51,0,14,47,10,71,24,4,28,99
01/13/2022,PAH,KY,ASO,ES,Federal Contract Tower,0,6,11,0,17,0,7,37,2,46,0,13,48,2,63,20,0,20,83
01/14/2022,PAH,KY,ASO,ES,Federal Contract Tower,0,7,20,0,27,0,0,11,0,11,0,7,31,0,38,4,0,4,42
01/15/2022,PAH,KY,ASO,ES,Federal Contract Tower,0,4,0,0,4,0,0,0,0,0,0,4,0,0,4,0,0,0,4
01/16/2022,PAH,KY,ASO,ES,Federal Contract Tower,0,12,2,0,14,0,3,21,0,24,0,15,23,0,38,14,0,14,52
01/17/2022,PAH,KY,ASO,ES,Federal Contract Tower,0,7,9,0,16,0,7,22,4,33,0,14,31,4,49,16,6,22,71
01/18/2022,PAH,KY,ASO,ES,Federal Contract Tower,0,6,6,2,14,0,7,40,4,51,0,13,46,6,65,20,4,24,89
01/19/2022,PAH,KY,ASO,ES,Federal Contract Tower,0,6,1,0,7,0,6,15,4,25,0,12,16,4,32,8,0,8,40
01/20/2022,PAH,KY,ASO,ES,Federal Contract Tower,0,10,7,5,22,0,4,16,12,32,0,14,23,17,54,8,8,16,70
01/21/2022,PAH,KY,ASO,ES,Federal Contract Tower,0,13,8,2,23,0,0,15,0,15,0,13,23,2,38,16,0,16,54
01/22/2022,PAH,KY,ASO,ES,Federal Contract Tower,0,7,3,0,10,0,0,21,0,21,0,7,24,0,31,8,0,8,39
01/23/2022,PAH,KY,ASO,ES,Federal Contract Tower,0,7,4,2,13,0,4,30,0,34,0,11,34,2,47,18,0,18,65
01/24/2022,PAH,KY,ASO,ES,Federal Contract Tower,0,11,8,4,23,0,4,33,6,43,0,15,41,10,66,26,6,32,98
01/25/2022,PAH,KY,ASO,ES,Federal Contract Tower,0,7,11,7,25,0,9,45,6,60,0,16,56,13,85,50,0,50,135
01/26/2022,PAH,KY,ASO,ES,Federal Contract Tower,0,7,7,12,26,0,6,46,4,56,0,13,53,16,82,18,2,20,102
01/27/2022,PAH,KY,ASO,ES,Federal Contract Tower,0,11,9,4,24,0,3,24,4,31,0,14,33,8,55,18,4,22,77
01/28/2022,PAH,KY,ASO,ES,Federal Contract Tower,0,10,5,0,15,0,0,4,0,4,0,10,9,0,19,0,0,0,19
01/29/2022,PAH,KY,ASO,ES,Federal Contract Tower,0,6,6,0,12,0,4,21,0,25,0,10,27,0,37,12,0,12,49
01/30/2022,PAH,KY,ASO,ES,Federal Contract Tower,0,6,8,0,14,0,7,34,0,41,0,13,42,0,55,16,0,16,71
01/31/2022,PAH,KY,ASO,ES,Federal Contract Tower,0,11,9,0,20,0,7,37,6,50,0,18,46,6,70,40,4,44,114
02/01/2022,PAH,KY,ASO,ES,Federal Contract Tower,0,6,13,0,19,0,9,36,6,51,0,15,49,6,70,26,6,32,102
02/02/2022,PAH,KY,ASO,ES,Federal Contract Tower,0,4,2,0,6,0,0,0,0,0,0,4,2,0,6,0,0,0,6
02/03/2022,PAH,KY,ASO,ES,Federal Contract Tower,0,0,0,0,0,0,0,0,0,0,0,0,0,0,0,0,0,0,0
02/04/2022,PAH,KY,ASO,ES,Federal Contract Tower,0,0,0,0,0,0,0,0,0,0,0,0,0,0,0,0,0,0,0
02/05/2022,PAH,KY,ASO,ES,Federal Contract Tower,0,5,2,0,7,0,0,4,0,4,0,5,6,0,11,0,0,0,11
02/06/2022,PAH,KY,ASO,ES,Federal Contract Tower,0,7,6,0,13,0,6,31,0,37,0,13,37,0,50,36,0,36,86
02/07/2022,PAH,KY,ASO,ES,Federal Contract Tower,0,10,6,0,16,0,9,31,10,50,0,19,37,10,66,20,8,28,94
02/08/2022,PAH,KY,ASO,ES,Federal Contract Tower,0,10,4,4,18,0,11,45,6,62,0,21,49,10,80,20,6,26,106
02/09/2022,PAH,KY,ASO,ES,Federal Contract Tower,0,6,9,0,15,0,10,44,4,58,0,16,53,4,73,20,0,20,93
02/10/2022,PAH,KY,ASO,ES,Federal Contract Tower,0,6,18,0,24,0,3,40,4,47,0,9,58,4,71,20,4,24,95
02/11/2022,PAH,KY,ASO,ES,Federal Contract Tower,0,6,5,1,12,0,0,12,0,12,0,6,17,1,24,2,0,2,26
02/12/2022,PAH,KY,ASO,ES,Federal Contract Tower,0,6,2,0,8,0,0,8,0,8,0,6,10,0,16,18,0,18,34
02/13/2022,PAH,KY,ASO,ES,Federal Contract Tower,0,4,6,0,10,0,4,34,2,40,0,8,40,2,50,25,0,25,75
02/14/2022,PAH,KY,ASO,ES,Federal Contract Tower,0,7,8,0,15,0,8,33,4,45,0,15,41,4,60,42,2,44,104
02/15/2022,PAH,KY,ASO,ES,Federal Contract Tower,0,8,10,0,18,0,10,43,8,61,0,18,53,8,79,32,4,36,115
02/16/2022,PAH,KY,ASO,ES,Federal Contract Tower,0,7,12,2,21,0,8,31,4,43,0,15,43,6,64,20,2,22,86
02/17/2022,PAH,KY,ASO,ES,Federal Contract Tower,0,3,2,0,5,0,0,4,0,4,0,3,6,0,9,0,0,0,9
02/18/2022,PAH,KY,ASO,ES,Federal Contract Tower,0,4,3,0,7,0,0,17,0,17,0,4,20,0,24,14,0,14,38
02/19/2022,PAH,KY,ASO,ES,Federal Contract Tower,0,6,1,0,7,0,0,24,0,24,0,6,25,0,31,38,0,38,69
02/20/2022,PAH,KY,ASO,ES,Federal Contract Tower,0,7,3,0,10,0,9,28,0,37,0,16,31,0,47,28,0,28,75
02/21/2022,PAH,KY,ASO,ES,Federal Contract Tower,0,14,11,0,25,0,8,24,6,38,0,22,35,6,63,24,8,32,95
02/22/2022,PAH,KY,ASO,ES,Federal Contract Tower,0,7,4,0,11,0,6,20,2,28,0,13,24,2,39,4,0,4,43
02/23/2022,PAH,KY,ASO,ES,Federal Contract Tower,0,4,7,0,11,0,4,22,4,30,0,8,29,4,41,22,4,26,67
02/24/2022,PAH,KY,ASO,ES,Federal Contract Tower,0,0,2,0,2,0,0,0,0,0,0,0,2,0,2,0,0,0,2
02/25/2022,PAH,KY,ASO,ES,Federal Contract Tower,0,11,14,0,25,0,0,0,0,0,0,11,14,0,25,0,0,0,25
02/26/2022,PAH,KY,ASO,ES,Federal Contract Tower,0,4,4,0,8,0,0,24,0,24,0,4,28,0,32,12,0,12,44
02/27/2022,PAH,KY,ASO,ES,Federal Contract Tower,0,4,3,0,7,0,4,28,0,32,0,8,31,0,39,22,0,22,61
02/28/2022,PAH,KY,ASO,ES,Federal Contract Tower,0,9,7,0,16,0,9,27,2,38,0,18,34,2,54,36,0,36,90
03/01/2022,PAH,KY,ASO,ES,Federal Contract Tower,0,6,11,1,18,0,8,45,9,62,0,14,56,10,80,18,6,24,104
03/02/2022,PAH,KY,ASO,ES,Federal Contract Tower,0,6,9,0,15,0,6,45,4,55,0,12,54,4,70,44,0,44,114
03/03/2022,PAH,KY,ASO,ES,Federal Contract Tower,0,7,3,0,10,0,2,30,4,36,0,9,33,4,46,20,0,20,66
03/04/2022,PAH,KY,ASO,ES,Federal Contract Tower,0,8,5,0,13,0,0,21,0,21,0,8,26,0,34,0,0,0,34
03/05/2022,PAH,KY,ASO,ES,Federal Contract Tower,0,2,2,0,4,0,0,1,0,1,0,2,3,0,5,0,0,0,5
03/06/2022,PAH,KY,ASO,ES,Federal Contract Tower,0,4,2,0,6,0,4,13,0,17,0,8,15,0,23,10,0,10,33
03/07/2022,PAH,KY,ASO,ES,Federal Contract Tower,0,11,1,0,12,0,4,15,0,19,0,15,16,0,31,0,0,0,31
03/08/2022,PAH,KY,ASO,ES,Federal Contract Tower,0,6,18,0,24,0,4,32,2,38,0,10,50,2,62,24,2,26,88
03/09/2022,PAH,KY,ASO,ES,Federal Contract Tower,0,8,12,0,20,0,2,43,0,45,0,10,55,0,65,46,0,46,111
03/10/2022,PAH,KY,ASO,ES,Federal Contract Tower,0,6,11,4,21,0,3,36,6,45,0,9,47,10,66,22,0,22,88
03/11/2022,PAH,KY,ASO,ES,Federal Contract Tower,0,8,6,0,14,0,0,2,0,2,0,8,8,0,16,0,0,0,16
03/12/2022,PAH,KY,ASO,ES,Federal Contract Tower,0,2,4,0,6,0,0,7,0,7,0,2,11,0,13,0,0,0,13
03/13/2022,PAH,KY,ASO,ES,Federal Contract Tower,0,6,16,0,22,0,4,23,2,29,0,10,39,2,51,14,0,14,65
03/14/2022,PAH,KY,ASO,ES,Federal Contract Tower,0,6,9,0,15,0,6,32,8,46,0,12,41,8,61,30,4,34,95
03/15/2022,PAH,KY,ASO,ES,Federal Contract Tower,0,6,9,4,19,0,7,43,2,52,0,13,52,6,71,52,0,52,123
03/16/2022,PAH,KY,ASO,ES,Federal Contract Tower,0,11,10,2,23,0,6,31,2,39,0,17,41,4,62,36,0,36,98
03/17/2022,PAH,KY,ASO,ES,Federal Contract Tower,0,7,10,7,24,0,7,29,3,39,0,14,39,10,63,18,0,18,81
03/18/2022,PAH,KY,ASO,ES,Federal Contract Tower,0,10,8,0,18,0,0,7,0,7,0,10,15,0,25,0,0,0,25
03/19/2022,PAH,KY,ASO,ES,Federal Contract Tower,0,3,10,0,13,0,0,3,0,3,0,3,13,0,16,0,0,0,16
03/20/2022,PAH,KY,ASO,ES,Federal Contract Tower,0,6,4,0,10,0,6,30,0,36,0,12,34,0,46,34,0,34,80
03/21/2022,PAH,KY,ASO,ES,Federal Contract Tower,0,6,5,8,19,0,4,41,6,51,0,10,46,14,70,32,6,38,108
03/22/2022,PAH,KY,ASO,ES,Federal Contract Tower,0,3,7,0,10,0,4,5,0,9,0,7,12,0,19,0,0,0,19
03/23/2022,PAH,KY,ASO,ES,Federal Contract Tower,0,19,5,0,24,0,3,4,4,11,0,22,9,4,35,0,0,0,35
03/24/2022,PAH,KY,ASO,ES,Federal Contract Tower,0,9,21,0,30,0,4,13,2,19,0,13,34,2,49,8,0,8,57
03/25/2022,PAH,KY,ASO,ES,Federal Contract Tower,0,16,8,0,24,0,0,8,0,8,0,16,16,0,32,0,0,0,32
03/26/2022,PAH,KY,ASO,ES,Federal Contract Tower,0,2,2,0,4,0,0,9,0,9,0,2,11,0,13,8,0,8,21
03/27/2022,PAH,KY,ASO,ES,Federal Contract Tower,0,4,8,0,12,0,8,43,0,51,0,12,51,0,63,40,0,40,103
03/28/2022,PAH,KY,ASO,ES,Federal Contract Tower,0,6,13,2,21,0,7,44,4,55,0,13,57,6,76,40,2,42,118
03/29/2022,PAH,KY,ASO,ES,Federal Contract Tower,0,4,12,0,16,0,4,38,2,44,0,8,50,2,60,20,0,20,80
03/30/2022,PAH,KY,ASO,ES,Federal Contract Tower,0,4,2,0,6,0,2,7,0,9,0,6,9,0,15,4,0,4,19
03/31/2022,PAH,KY,ASO,ES,Federal Contract Tower,0,8,21,0,29,0,2,4,0,6,0,10,25,0,35,0,0,0,35
04/01/2022,PAH,KY,ASO,ES,Federal Contract Tower,0,7,20,0,27,0,2,38,0,40,0,9,58,0,67,34,0,34,101
04/02/2022,PAH,KY,ASO,ES,Federal Contract Tower,0,4,7,0,11,0,2,15,0,17,0,6,22,0,28,10,0,10,38
04/03/2022,PAH,KY,ASO,ES,Federal Contract Tower,0,8,4,2,14,0,4,32,2,38,0,12,36,4,52,26,0,26,78
04/04/2022,PAH,KY,ASO,ES,Federal Contract Tower,0,11,9,0,20,0,6,32,4,42,0,17,41,4,62,22,0,22,84
04/05/2022,PAH,KY,ASO,ES,Federal Contract Tower,0,13,12,0,25,0,2,17,0,19,0,15,29,0,44,10,0,10,54
04/06/2022,PAH,KY,ASO,ES,Federal Contract Tower,0,12,5,2,19,0,2,10,0,12,0,14,15,2,31,2,0,2,33
04/07/2022,PAH,KY,ASO,ES,Federal Contract Tower,0,12,6,2,20,0,4,23,0,27,0,16,29,2,47,6,0,6,53
04/08/2022,PAH,KY,ASO,ES,Federal Contract Tower,0,8,13,2,23,0,0,6,0,6,0,8,19,2,29,0,0,0,29
04/09/2022,PAH,KY,ASO,ES,Federal Contract Tower,0,7,5,2,14,0,0,17,0,17,0,7,22,2,31,12,0,12,43
04/10/2022,PAH,KY,ASO,ES,Federal Contract Tower,0,8,7,0,15,0,4,25,0,29,0,12,32,0,44,36,0,36,80
04/11/2022,PAH,KY,ASO,ES,Federal Contract Tower,0,6,3,0,9,0,0,0,0,0,0,6,3,0,9,0,0,0,9
04/12/2022,PAH,KY,ASO,ES,Federal Contract Tower,0,9,10,0,19,0,6,14,0,20,0,15,24,0,39,4,0,4,43
04/13/2022,PAH,KY,ASO,ES,Federal Contract Tower,0,4,1,0,5,0,6,11,0,17,0,10,12,0,22,8,0,8,30
04/14/2022,PAH,KY,ASO,ES,Federal Contract Tower,0,8,17,12,37,0,0,35,0,35,0,8,52,12,72,26,0,26,98
04/15/2022,PAH,KY,ASO,ES,Federal Contract Tower,0,8,5,0,13,0,6,20,0,26,0,14,25,0,39,8,0,8,47
04/16/2022,PAH,KY,ASO,ES,Federal Contract Tower,0,6,3,0,9,0,0,7,0,7,0,6,10,0,16,6,0,6,22
04/17/2022,PAH,KY,ASO,ES,Federal Contract Tower,0,6,7,0,13,0,2,13,0,15,0,8,20,0,28,4,0,4,32
04/18/2022,PAH,KY,ASO,ES,Federal Contract Tower,0,12,7,1,20,0,6,13,4,23,0,18,20,5,43,16,4,20,63
04/19/2022,PAH,KY,ASO,ES,Federal Contract Tower,0,8,15,0,23,0,4,40,2,46,0,12,55,2,69,18,0,18,87
04/20/2022,PAH,KY,ASO,ES,Federal Contract Tower,0,14,7,0,21,0,8,19,0,27,0,22,26,0,48,14,0,14,62
04/21/2022,PAH,KY,ASO,ES,Federal Contract Tower,0,8,12,0,20,0,4,6,0,10,0,12,18,0,30,0,0,0,30
04/22/2022,PAH,KY,ASO,ES,Federal Contract Tower,0,12,7,0,19,0,0,24,0,24,0,12,31,0,43,8,0,8,51
04/23/2022,PAH,KY,ASO,ES,Federal Contract Tower,0,8,2,0,10,0,0,1,0,1,0,8,3,0,11,0,0,0,11
04/24/2022,PAH,KY,ASO,ES,Federal Contract Tower,0,7,1,0,8,0,2,0,0,2,0,9,1,0,10,0,0,0,10
04/25/2022,PAH,KY,ASO,ES,Federal Contract Tower,0,13,5,2,20,0,0,1,0,1,0,13,6,2,21,0,0,0,21
04/26/2022,PAH,KY,ASO,ES,Federal Contract Tower,0,11,13,0,24,0,0,24,2,26,0,11,37,2,50,28,0,28,78
04/27/2022,PAH,KY,ASO,ES,Federal Contract Tower,0,9,10,0,19,0,0,24,0,24,0,9,34,0,43,12,0,12,55
04/28/2022,PAH,KY,ASO,ES,Federal Contract Tower,0,11,13,0,24,0,0,23,0,23,0,11,36,0,47,2,0,2,49
04/29/2022,PAH,KY,ASO,ES,Federal Contract Tower,0,8,7,2,17,0,0,36,0,36,0,8,43,2,53,16,0,16,69
04/30/2022,PAH,KY,ASO,ES,Federal Contract Tower,0,5,4,0,9,0,0,2,0,2,0,5,6,0,11,2,0,2,13
05/01/2022,PAH,KY,ASO,ES,Federal Contract Tower,0,7,6,0,13,0,4,26,0,30,0,11,32,0,43,18,0,18,61
05/02/2022,PAH,KY,ASO,ES,Federal Contract Tower,0,9,2,0,11,2,11,29,6,48,2,20,31,6,59,18,2,20,79
05/03/2022,PAH,KY,ASO,ES,Federal Contract Tower,0,12,3,0,15,0,6,33,6,45,0,18,36,6,60,20,4,24,84
05/04/2022,PAH,KY,ASO,ES,Federal Contract Tower,0,12,36,0,48,0,6,39,4,49,0,18,75,4,97,16,6,22,119
05/05/2022,PAH,KY,ASO,ES,Federal Contract Tower,0,10,8,4,22,0,5,21,2,28,0,15,29,6,50,12,0,12,62
05/06/2022,PAH,KY,ASO,ES,Federal Contract Tower,0,9,11,0,20,0,0,3,0,3,0,9,14,0,23,0,0,0,23
05/07/2022,PAH,KY,ASO,ES,Federal Contract Tower,0,8,3,0,11,0,0,9,0,9,0,8,12,0,20,13,0,13,33
05/08/2022,PAH,KY,ASO,ES,Federal Contract Tower,0,9,11,0,20,0,8,29,0,37,0,17,40,0,57,22,0,22,79
05/09/2022,PAH,KY,ASO,ES,Federal Contract Tower,0,12,14,6,32,0,0,7,0,7,0,12,21,6,39,0,0,0,39
05/10/2022,PAH,KY,ASO,ES,Federal Contract Tower,0,13,13,2,28,0,4,44,6,54,0,17,57,8,82,30,4,34,116
05/11/2022,PAH,KY,ASO,ES,Federal Contract Tower,0,14,8,0,22,0,6,35,6,47,0,20,43,6,69,18,6,24,93
05/12/2022,PAH,KY,ASO,ES,Federal Contract Tower,0,8,11,0,19,0,5,47,2,54,0,13,58,2,73,32,0,32,105
05/13/2022,PAH,KY,ASO,ES,Federal Contract Tower,0,8,5,0,13,0,0,17,0,17,0,8,22,0,30,4,0,4,34
05/14/2022,PAH,KY,ASO,ES,Federal Contract Tower,0,6,2,0,8,0,0,2,0,2,0,6,4,0,10,0,0,0,10
05/15/2022,PAH,KY,ASO,ES,Federal Contract Tower,0,6,4,0,10,0,4,25,0,29,0,10,29,0,39,26,0,26,65
05/16/2022,PAH,KY,ASO,ES,Federal Contract Tower,0,9,10,2,21,0,7,28,4,39,0,16,38,6,60,24,6,30,90
05/17/2022,PAH,KY,ASO,ES,Federal Contract Tower,0,13,8,0,21,0,6,46,4,56,0,19,54,4,77,30,0,30,107
05/18/2022,PAH,KY,ASO,ES,Federal Contract Tower,0,17,15,0,32,0,4,32,4,40,0,21,47,4,72,14,4,18,90
05/19/2022,PAH,KY,ASO,ES,Federal Contract Tower,0,14,14,0,28,0,4,27,4,35,0,18,41,4,63,12,6,18,81
05/20/2022,PAH,KY,ASO,ES,Federal Contract Tower,0,8,7,0,15,0,0,8,0,8,0,8,15,0,23,0,0,0,23
05/21/2022,PAH,KY,ASO,ES,Federal Contract Tower,2,8,3,0,13,0,0,2,0,2,2,8,5,0,15,0,0,0,15
05/22/2022,PAH,KY,ASO,ES,Federal Contract Tower,0,8,3,0,11,0,2,14,0,16,0,10,17,0,27,12,0,12,39
05/23/2022,PAH,KY,ASO,ES,Federal Contract Tower,0,9,6,0,15,0,7,32,6,45,0,16,38,6,60,29,4,33,93
05/24/2022,PAH,KY,ASO,ES,Federal Contract Tower,0,12,19,0,31,0,6,32,2,40,0,18,51,2,71,22,2,24,95
05/25/2022,PAH,KY,ASO,ES,Federal Contract Tower,0,8,10,0,18,0,4,14,0,18,0,12,24,0,36,12,0,12,48
05/26/2022,PAH,KY,ASO,ES,Federal Contract Tower,0,10,5,0,15,0,4,16,2,22,0,14,21,2,37,14,4,18,55
05/27/2022,PAH,KY,ASO,ES,Federal Contract Tower,0,15,15,0,30,0,0,4,0,4,0,15,19,0,34,0,0,0,34
05/28/2022,PAH,KY,ASO,ES,Federal Contract Tower,0,5,11,0,16,0,0,24,0,24,0,5,35,0,40,4,0,4,44
05/29/2022,PAH,KY,ASO,ES,Federal Contract Tower,0,6,4,0,10,0,4,25,0,29,0,10,29,0,39,18,0,18,57
05/30/2022,PAH,KY,ASO,ES,Federal Contract Tower,0,6,7,0,13,0,2,40,0,42,0,8,47,0,55,22,0,22,77
05/31/2022,PAH,KY,ASO,ES,Federal Contract Tower,0,11,4,0,15,0,9,42,0,51,0,20,46,0,66,40,0,40,106
06/01/2022,PAH,KY,ASO,ES,Federal Contract Tower,0,8,5,0,13,0,8,35,4,47,0,16,40,4,60,22,4,26,86
06/02/2022,PAH,KY,ASO,ES,Federal Contract Tower,0,9,10,0,19,0,4,22,2,28,0,13,32,2,47,10,2,12,59
06/03/2022,PAH,KY,ASO,ES,Federal Contract Tower,0,9,12,0,21,0,0,17,0,17,0,9,29,0,38,0,0,0,38
06/04/2022,PAH,KY,ASO,ES,Federal Contract Tower,0,7,3,0,10,0,0,21,0,21,0,7,24,0,31,14,0,14,45
06/05/2022,PAH,KY,ASO,ES,Federal Contract Tower,0,6,9,0,15,0,6,33,0,39,0,12,42,0,54,33,0,33,87
06/06/2022,PAH,KY,ASO,ES,Federal Contract Tower,0,10,4,0,14,0,5,11,3,19,0,15,15,3,33,4,4,8,41
06/07/2022,PAH,KY,ASO,ES,Federal Contract Tower,0,11,10,0,21,0,4,35,4,43,0,15,45,4,64,20,2,22,86
06/08/2022,PAH,KY,ASO,ES,Federal Contract Tower,0,10,10,0,20,0,2,14,2,18,0,12,24,2,38,6,0,6,44
06/09/2022,PAH,KY,ASO,ES,Federal Contract Tower,0,8,3,0,11,0,3,33,0,36,0,11,36,0,47,14,0,14,61
06/10/2022,PAH,KY,ASO,ES,Federal Contract Tower,0,10,7,0,17,0,4,1,0,5,0,14,8,0,22,2,0,2,24
06/11/2022,PAH,KY,ASO,ES,Federal Contract Tower,0,8,5,0,13,0,3,9,0,12,0,11,14,0,25,0,0,0,25
06/12/2022,PAH,KY,ASO,ES,Federal Contract Tower,0,6,9,0,15,0,2,19,0,21,0,8,28,0,36,20,0,20,56
06/13/2022,PAH,KY,ASO,ES,Federal Contract Tower,0,11,3,0,14,0,2,4,0,6,0,13,7,0,20,2,0,2,22
06/14/2022,PAH,KY,ASO,ES,Federal Contract Tower,0,16,8,1,25,0,2,21,1,24,0,18,29,2,49,0,0,0,49
06/15/2022,PAH,KY,ASO,ES,Federal Contract Tower,0,17,12,2,31,0,0,16,2,18,0,17,28,4,49,2,0,2,51
06/16/2022,PAH,KY,ASO,ES,Federal Contract Tower,0,13,13,4,30,0,0,20,2,22,0,13,33,6,52,10,0,10,62
06/17/2022,PAH,KY,ASO,ES,Federal Contract Tower,0,12,7,0,19,0,0,17,0,17,0,12,24,0,36,0,0,0,36
06/18/2022,PAH,KY,ASO,ES,Federal Contract Tower,0,6,6,0,12,0,0,26,0,26,0,6,32,0,38,2,0,2,40
06/19/2022,PAH,KY,ASO,ES,Federal Contract Tower,0,9,7,0,16,0,2,19,0,21,0,11,26,0,37,18,0,18,55
06/20/2022,PAH,KY,ASO,ES,Federal Contract Tower,0,9,4,0,13,0,0,8,0,8,0,9,12,0,21,10,0,10,31
06/21/2022,PAH,KY,ASO,ES,Federal Contract Tower,0,14,2,1,17,0,6,40,5,51,0,20,42,6,68,22,18,40,108
06/22/2022,PAH,KY,ASO,ES,Federal Contract Tower,0,8,10,0,18,0,6,38,2,46,0,14,48,2,64,28,0,28,92
06/23/2022,PAH,KY,ASO,ES,Federal Contract Tower,0,9,3,0,12,0,4,34,2,40,0,13,37,2,52,12,0,12,64
06/24/2022,PAH,KY,ASO,ES,Federal Contract Tower,0,12,8,4,24,0,0,26,0,26,0,12,34,4,50,27,0,27,77
06/25/2022,PAH,KY,ASO,ES,Federal Contract Tower,0,8,5,0,13,0,0,36,2,38,0,8,41,2,51,4,0,4,55
06/26/2022,PAH,KY,ASO,ES,Federal Contract Tower,0,7,8,0,15,0,3,12,0,15,0,10,20,0,30,10,0,10,40
06/27/2022,PAH,KY,ASO,ES,Federal Contract Tower,0,8,13,2,23,0,2,18,0,20,0,10,31,2,43,2,0,2,45
06/28/2022,PAH,KY,ASO,ES,Federal Contract Tower,0,12,12,12,36,0,6,47,4,57,0,18,59,16,93,38,0,38,131
06/29/2022,PAH,KY,ASO,ES,Federal Contract Tower,0,12,10,0,22,0,6,35,0,41,0,18,45,0,63,16,0,16,79
06/30/2022,PAH,KY,ASO,ES,Federal Contract Tower,0,11,16,6,33,0,5,43,4,52,0,16,59,10,85,22,0,22,107
07/01/2022,PAH,KY,ASO,ES,Federal Contract Tower,0,8,4,0,12,0,0,15,0,15,0,8,19,0,27,0,0,0,27
07/02/2022,PAH,KY,ASO,ES,Federal Contract Tower,0,6,3,0,9,0,0,2,0,2,0,6,5,0,11,4,0,4,15
07/03/2022,PAH,KY,ASO,ES,Federal Contract Tower,0,8,2,0,10,0,3,15,0,18,0,11,17,0,28,10,0,10,38
07/04/2022,PAH,KY,ASO,ES,Federal Contract Tower,0,6,0,0,6,0,6,23,0,29,0,12,23,0,35,20,0,20,55
07/05/2022,PAH,KY,ASO,ES,Federal Contract Tower,0,14,13,4,31,0,8,36,0,44,0,22,49,4,75,22,0,22,97
07/06/2022,PAH,KY,ASO,ES,Federal Contract Tower,0,8,9,0,17,0,7,31,2,40,0,15,40,2,57,14,4,18,75
07/07/2022,PAH,KY,ASO,ES,Federal Contract Tower,0,10,12,2,24,0,6,25,0,31,0,16,37,2,55,16,0,16,71
07/08/2022,PAH,KY,ASO,ES,Federal Contract Tower,0,9,3,0,12,0,0,5,0,5,0,9,8,0,17,0,0,0,17
07/09/2022,PAH,KY,ASO,ES,Federal Contract Tower,0,15,6,0,21,0,0,2,0,2,0,15,8,0,23,16,0,16,39
07/10/2022,PAH,KY,ASO,ES,Federal Contract Tower,0,8,9,0,17,0,2,32,0,34,0,10,41,0,51,24,0,24,75
07/11/2022,PAH,KY,ASO,ES,Federal Contract Tower,0,9,4,0,13,0,18,29,6,53,0,27,33,6,66,40,0,40,106
07/12/2022,PAH,KY,ASO,ES,Federal Contract Tower,0,7,8,0,15,0,10,41,4,55,0,17,49,4,70,22,4,26,96
07/13/2022,PAH,KY,ASO,ES,Federal Contract Tower,0,15,6,0,21,0,4,34,0,38,0,19,40,0,59,34,0,34,93
07/14/2022,PAH,KY,ASO,ES,Federal Contract Tower,0,15,17,1,33,0,0,19,1,20,0,15,36,2,53,2,0,2,55
07/15/2022,PAH,KY,ASO,ES,Federal Contract Tower,0,6,8,2,16,0,4,26,0,30,0,10,34,2,46,6,0,6,52
07/16/2022,PAH,KY,ASO,ES,Federal Contract Tower,0,5,5,0,10,0,0,9,0,9,0,5,14,0,19,38,0,38,57
07/17/2022,PAH,KY,ASO,ES,Federal Contract Tower,0,4,4,0,8,0,0,1,0,1,0,4,5,0,9,0,0,0,9
07/18/2022,PAH,KY,ASO,ES,Federal Contract Tower,0,9,6,0,15,0,0,5,0,5,0,9,11,0,20,14,0,14,34
07/19/2022,PAH,KY,ASO,ES,Federal Contract Tower,0,9,4,0,13,0,8,25,0,33,0,17,29,0,46,34,0,34,80
07/20/2022,PAH,KY,ASO,ES,Federal Contract Tower,0,4,9,2,15,0,0,29,0,29,0,4,38,2,44,12,0,12,56
07/21/2022,PAH,KY,ASO,ES,Federal Contract Tower,0,8,15,0,23,0,0,17,0,17,0,8,32,0,40,0,0,0,40
07/22/2022,PAH,KY,ASO,ES,Federal Contract Tower,0,8,12,0,20,0,0,31,0,31,0,8,43,0,51,10,0,10,61
07/23/2022,PAH,KY,ASO,ES,Federal Contract Tower,0,6,7,0,13,0,0,19,0,19,0,6,26,0,32,16,0,16,48
07/24/2022,PAH,KY,ASO,ES,Federal Contract Tower,0,6,1,0,7,0,4,27,0,31,0,10,28,0,38,16,0,16,54
07/25/2022,PAH,KY,ASO,ES,Federal Contract Tower,0,6,5,0,11,0,0,6,0,6,0,6,11,0,17,6,0,6,23
07/26/2022,PAH,KY,ASO,ES,Federal Contract Tower,0,7,9,0,16,0,9,38,4,51,0,16,47,4,67,20,6,26,93
07/27/2022,PAH,KY,ASO,ES,Federal Contract Tower,0,9,7,0,16,0,8,37,6,51,0,17,44,6,67,24,4,28,95
07/28/2022,PAH,KY,ASO,ES,Federal Contract Tower,0,10,8,0,18,0,6,20,4,30,0,16,28,4,48,22,4,26,74
07/29/2022,PAH,KY,ASO,ES,Federal Contract Tower,0,8,10,10,28,0,0,8,0,8,0,8,18,10,36,0,0,0,36
07/30/2022,PAH,KY,ASO,ES,Federal Contract Tower,0,4,8,0,12,0,0,8,0,8,0,4,16,0,20,0,0,0,20
07/31/2022,PAH,KY,ASO,ES,Federal Contract Tower,0,4,6,0,10,0,7,11,0,18,0,11,17,0,28,0,0,0,28
08/01/2022,PAH,KY,ASO,ES,Federal Contract Tower,0,6,6,6,18,0,11,30,4,45,0,17,36,10,63,26,4,30,93
08/02/2022,PAH,KY,ASO,ES,Federal Contract Tower,0,5,5,0,10,0,11,44,6,61,0,16,49,6,71,30,2,32,103
08/03/2022,PAH,KY,ASO,ES,Federal Contract Tower,0,8,3,0,11,0,8,34,4,46,0,16,37,4,57,18,4,22,79
08/04/2022,PAH,KY,ASO,ES,Federal Contract Tower,0,8,6,0,14,0,0,3,0,3,0,8,9,0,17,0,0,0,17
08/05/2022,PAH,KY,ASO,ES,Federal Contract Tower,0,8,5,0,13,0,0,0,0,0,0,8,5,0,13,0,0,0,13
08/06/2022,PAH,KY,ASO,ES,Federal Contract Tower,0,4,10,0,14,0,2,13,0,15,0,6,23,0,29,0,0,0,29
08/07/2022,PAH,KY,ASO,ES,Federal Contract Tower,0,6,7,0,13,0,2,29,0,31,0,8,36,0,44,20,0,20,64
08/08/2022,PAH,KY,ASO,ES,Federal Contract Tower,0,6,6,0,12,0,0,5,0,5,0,6,11,0,17,0,0,0,17
08/09/2022,PAH,KY,ASO,ES,Federal Contract Tower,0,10,7,0,17,0,4,27,4,35,0,14,34,4,52,20,2,22,74
08/10/2022,PAH,KY,ASO,ES,Federal Contract Tower,0,6,10,0,16,0,4,23,0,27,0,10,33,0,43,16,0,16,59
08/11/2022,PAH,KY,ASO,ES,Federal Contract Tower,0,8,18,2,28,0,4,31,0,35,0,12,49,2,63,26,0,26,89
08/12/2022,PAH,KY,ASO,ES,Federal Contract Tower,0,6,15,0,21,0,16,25,0,41,0,22,40,0,62,8,0,8,70
08/13/2022,PAH,KY,ASO,ES,Federal Contract Tower,0,6,3,0,9,0,0,22,0,22,0,6,25,0,31,4,0,4,35
08/14/2022,PAH,KY,ASO,ES,Federal Contract Tower,0,5,1,0,6,0,4,40,0,44,0,9,41,0,50,22,0,22,72
08/15/2022,PAH,KY,ASO,ES,Federal Contract Tower,0,8,11,0,19,0,12,29,4,45,0,20,40,4,64,32,6,38,102
08/16/2022,PAH,KY,ASO,ES,Federal Contract Tower,0,9,9,2,20,0,6,17,2,25,0,15,26,4,45,12,4,16,61
08/17/2022,PAH,KY,ASO,ES,Federal Contract Tower,0,12,12,4,28,0,10,40,4,54,0,22,52,8,82,20,4,24,106
08/18/2022,PAH,KY,ASO,ES,Federal Contract Tower,0,12,9,4,25,0,5,29,4,38,0,17,38,8,63,26,0,26,89
08/19/2022,PAH,KY,ASO,ES,Federal Contract Tower,0,10,2,0,12,0,0,16,0,16,0,10,18,0,28,8,0,8,36
08/20/2022,PAH,KY,ASO,ES,Federal Contract Tower,0,4,3,0,7,0,0,8,0,8,0,4,11,0,15,0,0,0,15
08/21/2022,PAH,KY,ASO,ES,Federal Contract Tower,0,5,9,0,14,0,2,19,0,21,0,7,28,0,35,22,0,22,57
08/22/2022,PAH,KY,ASO,ES,Federal Contract Tower,0,6,7,4,17,0,10,39,6,55,0,16,46,10,72,32,4,36,108
08/23/2022,PAH,KY,ASO,ES,Federal Contract Tower,0,9,11,0,20,0,8,40,6,54,0,17,51,6,74,22,2,24,98
08/24/2022,PAH,KY,ASO,ES,Federal Contract Tower,0,10,15,0,25,0,5,43,2,50,0,15,58,2,75,22,0,22,97
08/25/2022,PAH,KY,ASO,ES,Federal Contract Tower,0,7,11,0,18,0,0,26,0,26,0,7,37,0,44,6,0,6,50
08/26/2022,PAH,KY,ASO,ES,Federal Contract Tower,0,8,11,0,19,0,2,20,0,22,0,10,31,0,41,32,0,32,73
08/27/2022,PAH,KY,ASO,ES,Federal Contract Tower,0,0,7,0,7,0,2,31,0,33,0,2,38,0,40,4,0,4,44
08/28/2022,PAH,KY,ASO,ES,Federal Contract Tower,0,4,2,0,6,0,6,30,2,38,0,10,32,2,44,26,0,26,70
08/29/2022,PAH,KY,ASO,ES,Federal Contract Tower,0,8,5,2,15,0,9,30,6,45,0,17,35,8,60,26,2,28,88
08/30/2022,PAH,KY,ASO,ES,Federal Contract Tower,0,9,5,0,14,0,7,41,4,52,0,16,46,4,66,30,0,30,96
08/31/2022,PAH,KY,ASO,ES,Federal Contract Tower,0,18,11,2,31,0,9,39,4,52,0,27,50,6,83,18,4,22,105
09/01/2022,PAH,KY,ASO,ES,Federal Contract Tower,0,12,7,0,19,0,0,23,0,23,0,12,30,0,42,8,0,8,50
09/02/2022,PAH,KY,ASO,ES,Federal Contract Tower,2,8,7,0,17,0,2,26,0,28,2,10,33,0,45,28,0,28,73
09/03/2022,PAH,KY,ASO,ES,Federal Contract Tower,0,2,4,0,6,0,0,4,0,4,0,2,8,0,10,6,0,6,16
09/04/2022,PAH,KY,ASO,ES,Federal Contract Tower,0,4,1,0,5,0,5,13,0,18,0,9,14,0,23,0,0,0,23
09/05/2022,PAH,KY,ASO,ES,Federal Contract Tower,0,5,4,0,9,0,8,25,0,33,0,13,29,0,42,20,0,20,62
09/06/2022,PAH,KY,ASO,ES,Federal Contract Tower,0,8,10,0,18,0,10,31,4,45,0,18,41,4,63,20,8,28,91
09/07/2022,PAH,KY,ASO,ES,Federal Contract Tower,0,9,12,0,21,0,10,45,2,57,0,19,57,2,78,26,0,26,104
09/08/2022,PAH,KY,ASO,ES,Federal Contract Tower,0,8,5,0,13,0,5,39,4,48,0,13,44,4,61,16,6,22,83
09/09/2022,PAH,KY,ASO,ES,Federal Contract Tower,0,6,11,6,23,0,0,16,0,16,0,6,27,6,39,10,0,10,49
09/10/2022,PAH,KY,ASO,ES,Federal Contract Tower,0,4,5,0,9,0,5,20,0,25,0,9,25,0,34,20,0,20,54
09/11/2022,PAH,KY,ASO,ES,Federal Contract Tower,0,5,14,0,19,0,4,25,0,29,0,9,39,0,48,22,0,22,70
09/12/2022,PAH,KY,ASO,ES,Federal Contract Tower,0,11,8,0,19,0,0,10,0,10,0,11,18,0,29,4,0,4,33
09/13/2022,PAH,KY,ASO,ES,Federal Contract Tower,0,8,3,2,13,0,8,40,2,50,0,16,43,4,63,22,0,22,85
09/14/2022,PAH,KY,ASO,ES,Federal Contract Tower,0,8,4,0,12,0,3,45,4,52,0,11,49,4,64,24,6,30,94
09/15/2022,PAH,KY,ASO,ES,Federal Contract Tower,0,8,21,0,29,0,4,37,0,41,0,12,58,0,70,20,0,20,90
09/16/2022,PAH,KY,ASO,ES,Federal Contract Tower,0,8,11,6,25,0,4,14,0,18,0,12,25,6,43,0,0,0,43
09/17/2022,PAH,KY,ASO,ES,Federal Contract Tower,0,8,0,0,8,0,4,9,0,13,0,12,9,0,21,8,0,8,29
09/18/2022,PAH,KY,ASO,ES,Federal Contract Tower,0,6,9,0,15,0,4,37,0,41,0,10,46,0,56,26,0,26,82
09/19/2022,PAH,KY,ASO,ES,Federal Contract Tower,0,6,15,0,21,0,8,41,4,53,0,14,56,4,74,18,8,26,100
09/20/2022,PAH,KY,ASO,ES,Federal Contract Tower,0,7,13,2,22,0,4,28,2,34,0,11,41,4,56,16,0,16,72
09/21/2022,PAH,KY,ASO,ES,Federal Contract Tower,0,6,18,2,26,0,11,43,8,62,0,17,61,10,88,24,6,30,118
09/22/2022,PAH,KY,ASO,ES,Federal Contract Tower,0,13,6,0,19,0,0,11,0,11,0,13,17,0,30,26,0,26,56
09/23/2022,PAH,KY,ASO,ES,Federal Contract Tower,0,10,4,0,14,0,0,27,0,27,0,10,31,0,41,8,0,8,49
09/24/2022,PAH,KY,ASO,ES,Federal Contract Tower,0,4,12,0,16,0,0,27,0,27,0,4,39,0,43,10,0,10,53
09/25/2022,PAH,KY,ASO,ES,Federal Contract Tower,0,5,8,0,13,0,3,27,4,34,0,8,35,4,47,26,6,32,79
09/26/2022,PAH,KY,ASO,ES,Federal Contract Tower,0,9,7,0,16,0,8,36,6,50,0,17,43,6,66,30,2,32,98
09/27/2022,PAH,KY,ASO,ES,Federal Contract Tower,0,10,14,0,24,0,7,44,2,53,0,17,58,2,77,28,0,28,105
09/28/2022,PAH,KY,ASO,ES,Federal Contract Tower,0,6,17,2,25,0,8,40,6,54,0,14,57,8,79,20,8,28,107
09/29/2022,PAH,KY,ASO,ES,Federal Contract Tower,0,16,13,1,30,0,11,32,2,45,0,27,45,3,75,16,0,16,91
09/30/2022,PAH,KY,ASO,ES,Federal Contract Tower,0,11,11,2,24,0,4,38,0,42,0,15,49,2,66,24,0,24,90
10/01/2022,PAH,KY,ASO,ES,Federal Contract Tower,0,5,6,0,11,0,6,8,0,14,0,11,14,0,25,0,0,0,25
10/02/2022,PAH,KY,ASO,ES,Federal Contract Tower,0,12,2,0,14,0,9,36,0,45,0,21,38,0,59,32,0,32,91
10/03/2022,PAH,KY,ASO,ES,Federal Contract Tower,0,7,2,0,9,0,11,37,4,52,0,18,39,4,61,26,8,34,95
10/04/2022,PAH,KY,ASO,ES,Federal Contract Tower,0,8,3,4,15,0,9,40,4,53,0,17,43,8,68,28,4,32,100
10/05/2022,PAH,KY,ASO,ES,Federal Contract Tower,0,8,4,0,12,0,1,48,4,53,0,9,52,4,65,30,2,32,97
10/06/2022,PAH,KY,ASO,ES,Federal Contract Tower,0,8,13,2,23,0,7,35,2,44,0,15,48,4,67,22,0,22,89
10/07/2022,PAH,KY,ASO,ES,Federal Contract Tower,0,6,7,8,21,0,2,25,2,29,0,8,32,10,50,4,6,10,60
10/08/2022,PAH,KY,ASO,ES,Federal Contract Tower,0,6,4,0,10,0,0,6,0,6,0,6,10,0,16,0,0,0,16
10/09/2022,PAH,KY,ASO,ES,Federal Contract Tower,0,4,7,0,11,0,4,32,0,36,0,8,39,0,47,24,0,24,71
10/10/2022,PAH,KY,ASO,ES,Federal Contract Tower,0,8,11,0,19,0,7,37,2,46,0,15,48,2,65,48,0,48,113
10/11/2022,PAH,KY,ASO,ES,Federal Contract Tower,0,10,9,4,23,0,11,40,4,55,0,21,49,8,78,24,6,30,108
10/12/2022,PAH,KY,ASO,ES,Federal Contract Tower,0,6,6,0,12,0,6,23,2,31,0,12,29,2,43,8,4,12,55
10/13/2022,PAH,KY,ASO,ES,Federal Contract Tower,0,9,11,0,20,0,8,19,0,27,0,17,30,0,47,10,0,10,57
10/14/2022,PAH,KY,ASO,ES,Federal Contract Tower,0,18,5,0,23,0,0,15,2,17,0,18,20,2,40,0,0,0,40
10/15/2022,PAH,KY,ASO,ES,Federal Contract Tower,0,4,5,0,9,0,0,17,0,17,0,4,22,0,26,4,0,4,30
10/16/2022,PAH,KY,ASO,ES,Federal Contract Tower,0,7,6,0,13,0,6,38,0,44,0,13,44,0,57,28,0,28,85
10/17/2022,PAH,KY,ASO,ES,Federal Contract Tower,0,6,5,4,15,0,11,37,4,52,0,17,42,8,67,18,6,24,91
10/18/2022,PAH,KY,ASO,ES,Federal Contract Tower,0,8,5,3,16,0,4,36,8,48,0,12,41,11,64,30,6,36,100
10/19/2022,PAH,KY,ASO,ES,Federal Contract Tower,0,8,10,0,18,0,10,43,2,55,0,18,53,2,73,30,0,30,103
10/20/2022,PAH,KY,ASO,ES,Federal Contract Tower,0,13,6,2,21,0,6,37,0,43,0,19,43,2,64,28,0,28,92
10/21/2022,PAH,KY,ASO,ES,Federal Contract Tower,0,7,8,0,15,0,2,17,0,19,0,9,25,0,34,4,0,4,38
10/22/2022,PAH,KY,ASO,ES,Federal Contract Tower,0,8,4,0,12,0,2,14,0,16,0,10,18,0,28,0,0,0,28
10/23/2022,PAH,KY,ASO,ES,Federal Contract Tower,0,6,5,0,11,0,4,16,0,20,0,10,21,0,31,12,0,12,43
10/24/2022,PAH,KY,ASO,ES,Federal Contract Tower,0,7,4,2,13,0,2,8,0,10,0,9,12,2,23,0,0,0,23
10/25/2022,PAH,KY,ASO,ES,Federal Contract Tower,0,6,5,8,19,0,0,5,0,5,0,6,10,8,24,0,0,0,24
10/26/2022,PAH,KY,ASO,ES,Federal Contract Tower,0,11,17,2,30,0,0,9,0,9,0,11,26,2,39,0,0,0,39
10/27/2022,PAH,KY,ASO,ES,Federal Contract Tower,0,6,13,0,19,0,3,14,0,17,0,9,27,0,36,4,0,4,40
10/28/2022,PAH,KY,ASO,ES,Federal Contract Tower,0,8,9,0,17,0,0,30,0,30,0,8,39,0,47,28,0,28,75
10/29/2022,PAH,KY,ASO,ES,Federal Contract Tower,0,7,4,0,11,0,4,11,4,19,0,11,15,4,30,6,20,26,56
10/30/2022,PAH,KY,ASO,ES,Federal Contract Tower,0,7,11,0,18,0,6,18,0,24,0,13,29,0,42,6,0,6,48
10/31/2022,PAH,KY,ASO,ES,Federal Contract Tower,0,16,6,6,28,0,9,27,2,38,0,25,33,8,66,16,0,16,82
11/01/2022,PAH,KY,ASO,ES,Federal Contract Tower,0,6,13,0,19,0,4,37,2,43,0,10,50,2,62,18,0,18,80
11/02/2022,PAH,KY,ASO,ES,Federal Contract Tower,0,10,3,8,21,0,9,26,0,35,0,19,29,8,56,12,0,12,68
11/03/2022,PAH,KY,ASO,ES,Federal Contract Tower,0,8,11,8,27,0,3,27,0,30,0,11,38,8,57,10,0,10,67
11/04/2022,PAH,KY,ASO,ES,Federal Contract Tower,0,10,16,0,26,0,0,11,0,11,0,10,27,0,37,0,0,0,37
11/05/2022,PAH,KY,ASO,ES,Federal Contract Tower,0,2,3,0,5,0,0,0,0,0,0,2,3,0,5,0,0,0,5
11/06/2022,PAH,KY,ASO,ES,Federal Contract Tower,0,4,9,0,13,0,8,27,0,35,0,12,36,0,48,28,0,28,76
11/07/2022,PAH,KY,ASO,ES,Federal Contract Tower,0,5,13,2,20,0,9,28,4,41,0,14,41,6,61,20,4,24,85
11/08/2022,PAH,KY,ASO,ES,Federal Contract Tower,0,13,7,2,22,0,0,34,0,34,0,13,41,2,56,16,0,16,72
11/09/2022,PAH,KY,ASO,ES,Federal Contract Tower,0,12,20,1,33,0,2,31,3,36,0,14,51,4,69,104,0,104,173
11/10/2022,PAH,KY,ASO,ES,Federal Contract Tower,0,9,14,0,23,0,4,36,0,40,0,13,50,0,63,106,0,106,169
11/11/2022,PAH,KY,ASO,ES,Federal Contract Tower,0,8,2,0,10,0,0,5,1,6,0,8,7,1,16,0,0,0,16
11/12/2022,PAH,KY,ASO,ES,Federal Contract Tower,0,7,4,0,11,0,0,0,0,0,0,7,4,0,11,0,0,0,11
11/13/2022,PAH,KY,ASO,ES,Federal Contract Tower,0,9,8,0,17,0,6,34,0,40,0,15,42,0,57,26,0,26,83
11/14/2022,PAH,KY,ASO,ES,Federal Contract Tower,0,9,18,2,29,0,8,34,6,48,0,17,52,8,77,16,4,20,97
11/15/2022,PAH,KY,ASO,ES,Federal Contract Tower,0,6,6,0,12,0,4,12,0,16,0,10,18,0,28,4,0,4,32
11/16/2022,PAH,KY,ASO,ES,Federal Contract Tower,0,11,14,0,25,0,5,26,10,41,0,16,40,10,66,0,0,0,66
11/17/2022,PAH,KY,ASO,ES,Federal Contract Tower,0,9,7,0,16,0,3,25,3,31,0,12,32,3,47,2,0,2,49
11/18/2022,PAH,KY,ASO,ES,Federal Contract Tower,0,6,7,0,13,0,2,12,0,14,0,8,19,0,27,0,0,0,27
11/19/2022,PAH,KY,ASO,ES,Federal Contract Tower,0,6,0,0,6,0,0,14,0,14,0,6,14,0,20,16,0,16,36
11/20/2022,PAH,KY,ASO,ES,Federal Contract Tower,0,6,7,0,13,0,6,39,0,45,0,12,46,0,58,22,0,22,80
11/21/2022,PAH,KY,ASO,ES,Federal Contract Tower,0,7,9,0,16,0,10,36,4,50,0,17,45,4,66,32,2,34,100
11/22/2022,PAH,KY,ASO,ES,Federal Contract Tower,0,9,9,0,18,0,10,42,4,56,0,19,51,4,74,22,4,26,100
11/23/2022,PAH,KY,ASO,ES,Federal Contract Tower,0,7,6,0,13,0,2,18,0,20,0,9,24,0,33,10,0,10,43
11/24/2022,PAH,KY,ASO,ES,Federal Contract Tower,0,4,5,0,9,0,2,10,0,12,0,6,15,0,21,0,0,0,21
11/25/2022,PAH,KY,ASO,ES,Federal Contract Tower,0,6,10,0,16,0,0,2,0,2,0,6,12,0,18,0,0,0,18
11/26/2022,PAH,KY,ASO,ES,Federal Contract Tower,0,9,4,0,13,0,0,3,0,3,0,9,7,0,16,0,0,0,16
11/27/2022,PAH,KY,ASO,ES,Federal Contract Tower,0,9,12,0,21,0,6,15,0,21,0,15,27,0,42,0,0,0,42
11/28/2022,PAH,KY,ASO,ES,Federal Contract Tower,0,8,5,0,13,0,8,29,4,41,0,16,34,4,54,16,4,20,74
11/29/2022,PAH,KY,ASO,ES,Federal Contract Tower,0,5,9,0,14,0,8,14,0,22,0,13,23,0,36,6,0,6,42
11/30/2022,PAH,KY,ASO,ES,Federal Contract Tower,0,9,5,1,15,0,6,34,1,41,0,15,39,2,56,28,0,28,84
12/01/2022,PAH,KY,ASO,ES,Federal Contract Tower,0,5,6,8,19,0,1,31,0,32,0,6,37,8,51,26,0,26,77
12/02/2022,PAH,KY,ASO,ES,Federal Contract Tower,0,7,7,5,19,0,0,2,0,2,0,7,9,5,21,0,0,0,21
12/03/2022,PAH,KY,ASO,ES,Federal Contract Tower,0,2,4,0,6,0,2,2,0,4,0,4,6,0,10,0,0,0,10
12/04/2022,PAH,KY,ASO,ES,Federal Contract Tower,0,1,3,0,4,0,6,24,0,30,0,7,27,0,34,24,0,24,58
12/05/2022,PAH,KY,ASO,ES,Federal Contract Tower,1,7,6,0,14,0,5,5,0,10,1,12,11,0,24,0,0,0,24
12/06/2022,PAH,KY,ASO,ES,Federal Contract Tower,2,9,3,0,14,0,4,4,0,8,2,13,7,0,22,0,0,0,22
12/07/2022,PAH,KY,ASO,ES,Federal Contract Tower,0,12,16,0,28,0,1,4,0,5,0,13,20,0,33,0,0,0,33
12/08/2022,PAH,KY,ASO,ES,Federal Contract Tower,0,22,29,0,51,0,0,0,0,0,0,22,29,0,51,0,0,0,51
12/09/2022,PAH,KY,ASO,ES,Federal Contract Tower,0,18,13,0,31,0,0,7,0,7,0,18,20,0,38,0,0,0,38
12/10/2022,PAH,KY,ASO,ES,Federal Contract Tower,0,4,6,0,10,0,0,0,0,0,0,4,6,0,10,0,0,0,10
12/11/2022,PAH,KY,ASO,ES,Federal Contract Tower,0,8,5,2,15,0,6,22,0,28,0,14,27,2,43,0,0,0,43
12/12/2022,PAH,KY,ASO,ES,Federal Contract Tower,0,6,9,0,15,0,8,33,4,45,0,14,42,4,60,32,6,38,98
12/13/2022,PAH,KY,ASO,ES,Federal Contract Tower,0,4,8,4,16,0,6,30,4,40,0,10,38,8,56,22,2,24,80
12/14/2022,PAH,KY,ASO,ES,Federal Contract Tower,0,7,24,2,33,0,3,9,0,12,0,10,33,2,45,0,0,0,45
12/15/2022,PAH,KY,ASO,ES,Federal Contract Tower,0,16,1,1,18,0,4,30,2,36,0,20,31,3,54,34,0,34,88
12/16/2022,PAH,KY,ASO,ES,Federal Contract Tower,0,9,12,0,21,0,0,25,0,25,0,9,37,0,46,14,0,14,60
12/17/2022,PAH,KY,ASO,ES,Federal Contract Tower,0,3,7,0,10,0,0,13,0,13,0,3,20,0,23,2,0,2,25
12/18/2022,PAH,KY,ASO,ES,Federal Contract Tower,0,8,3,0,11,0,8,48,0,56,0,16,51,0,67,22,0,22,89
12/19/2022,PAH,KY,ASO,ES,Federal Contract Tower,0,10,6,0,16,0,6,33,6,45,0,16,39,6,61,32,8,40,101
12/20/2022,PAH,KY,ASO,ES,Federal Contract Tower,0,4,6,0,10,0,10,43,6,59,0,14,49,6,69,24,2,26,95
12/21/2022,PAH,KY,ASO,ES,Federal Contract Tower,0,7,3,1,11,0,6,28,4,38,0,13,31,5,49,18,0,18,67
12/22/2022,PAH,KY,ASO,ES,Federal Contract Tower,0,6,4,0,10,0,5,5,0,10,0,11,9,0,20,0,0,0,20
12/23/2022,PAH,KY,ASO,ES,Federal Contract Tower,0,7,4,0,11,0,0,0,0,0,0,7,4,0,11,0,0,0,11
12/24/2022,PAH,KY,ASO,ES,Federal Contract Tower,0,3,1,0,4,0,0,3,0,3,0,3,4,0,7,0,0,0,7
12/25/2022,PAH,KY,ASO,ES,Federal Contract Tower,0,2,0,0,2,0,6,12,0,18,0,8,12,0,20,0,0,0,20
12/26/2022,PAH,KY,ASO,ES,Federal Contract Tower,0,6,2,0,8,0,4,7,0,11,0,10,9,0,19,0,0,0,19
12/27/2022,PAH,KY,ASO,ES,Federal Contract Tower,2,7,6,0,15,0,8,23,0,31,2,15,29,0,46,6,0,6,52
12/28/2022,PAH,KY,ASO,ES,Federal Contract Tower,0,8,8,0,16,0,2,23,0,25,0,10,31,0,41,16,0,16,57
12/29/2022,PAH,KY,ASO,ES,Federal Contract Tower,0,9,7,1,17,0,5,15,0,20,0,14,22,1,37,6,1,7,44
12/30/2022,PAH,KY,ASO,ES,Federal Contract Tower,0,8,2,0,10,0,0,0,0,0,0,8,2,0,10,0,0,0,10
12/31/2022,PAH,KY,ASO,ES,Federal Contract Tower,0,2,2,0,4,0,0,0,0,0,0,2,2,0,4,0,0,0,4
01/01/2023,PAH,KY,ASO,ES,Federal Contract Tower,0,5,7,0,12,0,4,12,0,16,0,9,19,0,28,27,0,27,55
01/02/2023,PAH,KY,ASO,ES,Federal Contract Tower,0,3,7,0,10,0,6,5,4,15,0,9,12,4,25,0,0,0,25
01/03/2023,PAH,KY,ASO,ES,Federal Contract Tower,0,7,4,2,13,0,6,20,4,30,0,13,24,6,43,14,4,18,61
01/04/2023,PAH,KY,ASO,ES,Federal Contract Tower,0,9,14,0,23,0,6,31,4,41,0,15,45,4,64,26,2,28,92
01/05/2023,PAH,KY,ASO,ES,Federal Contract Tower,0,12,4,2,18,0,7,26,4,37,0,19,30,6,55,22,4,26,81
01/06/2023,PAH,KY,ASO,ES,Federal Contract Tower,0,8,9,2,19,0,0,21,0,21,0,8,30,2,40,8,0,8,48
01/07/2023,PAH,KY,ASO,ES,Federal Contract Tower,0,2,4,0,6,0,2,0,0,2,0,4,4,0,8,0,0,0,8
01/08/2023,PAH,KY,ASO,ES,Federal Contract Tower,0,4,7,0,11,0,6,18,4,28,0,10,25,4,39,26,2,28,67
01/09/2023,PAH,KY,ASO,ES,Federal Contract Tower,0,7,9,5,21,0,11,34,5,50,0,18,43,10,71,38,4,42,113
01/10/2023,PAH,KY,ASO,ES,Federal Contract Tower,0,7,7,3,17,0,7,44,9,60,0,14,51,12,77,26,6,32,109
01/11/2023,PAH,KY,ASO,ES,Federal Contract Tower,0,7,5,0,12,0,3,8,2,13,0,10,13,2,25,6,4,10,35
01/12/2023,PAH,KY,ASO,ES,Federal Contract Tower,0,15,4,0,19,0,6,6,4,16,0,21,10,4,35,0,0,0,35
01/13/2023,PAH,KY,ASO,ES,Federal Contract Tower,0,9,7,0,16,0,0,6,0,6,0,9,13,0,22,0,0,0,22
01/14/2023,PAH,KY,ASO,ES,Federal Contract Tower,0,2,4,0,6,0,0,18,0,18,0,2,22,0,24,10,9,19,43
01/15/2023,PAH,KY,ASO,ES,Federal Contract Tower,0,6,5,0,11,0,8,34,0,42,0,14,39,0,53,22,0,22,75
01/16/2023,PAH,KY,ASO,ES,Federal Contract Tower,0,6,8,0,14,0,6,11,4,21,0,12,19,4,35,8,0,8,43
01/17/2023,PAH,KY,ASO,ES,Federal Contract Tower,0,7,6,0,13,0,9,37,4,50,0,16,43,4,63,30,4,34,97
01/18/2023,PAH,KY,ASO,ES,Federal Contract Tower,0,9,12,0,21,0,3,14,2,19,0,12,26,2,40,10,4,14,54
01/19/2023,PAH,KY,ASO,ES,Federal Contract Tower,0,8,6,6,20,0,4,18,0,22,0,12,24,6,42,8,0,8,50
01/20/2023,PAH,KY,ASO,ES,Federal Contract Tower,0,8,11,0,19,0,0,14,0,14,0,8,25,0,33,9,0,9,42
01/21/2023,PAH,KY,ASO,ES,Federal Contract Tower,0,6,5,1,12,0,9,21,0,30,0,15,26,1,42,14,0,14,56
01/22/2023,PAH,KY,ASO,ES,Federal Contract Tower,0,7,1,0,8,0,6,3,0,9,0,13,4,0,17,0,0,0,17
01/23/2023,PAH,KY,ASO,ES,Federal Contract Tower,0,7,2,0,9,0,7,25,4,36,0,14,27,4,45,20,4,24,69
01/24/2023,PAH,KY,ASO,ES,Federal Contract Tower,0,9,5,0,14,0,9,35,2,46,0,18,40,2,60,26,0,26,86
01/25/2023,PAH,KY,ASO,ES,Federal Contract Tower,0,4,5,0,9,0,0,0,0,0,0,4,5,0,9,0,0,0,9
01/26/2023,PAH,KY,ASO,ES,Federal Contract Tower,0,9,12,1,22,0,0,25,5,30,0,9,37,6,52,26,6,32,84
01/27/2023,PAH,KY,ASO,ES,Federal Contract Tower,0,8,12,6,26,0,0,16,0,16,0,8,28,6,42,12,0,12,54
01/28/2023,PAH,KY,ASO,ES,Federal Contract Tower,0,3,9,0,12,0,0,22,0,22,0,3,31,0,34,24,0,24,58
01/29/2023,PAH,KY,ASO,ES,Federal Contract Tower,0,6,4,0,10,0,0,0,0,0,0,6,4,0,10,0,0,0,10
01/30/2023,PAH,KY,ASO,ES,Federal Contract Tower,0,7,6,0,13,0,0,0,0,0,0,7,6,0,13,0,0,0,13
01/31/2023,PAH,KY,ASO,ES,Federal Contract Tower,0,0,0,0,0,0,0,0,0,0,0,0,0,0,0,0,0,0,0
02/01/2023,PAH,KY,ASO,ES,Federal Contract Tower,0,3,2,0,5,0,0,4,0,4,0,3,6,0,9,0,0,0,9
02/02/2023,PAH,KY,ASO,ES,Federal Contract Tower,0,9,2,0,11,0,4,22,0,26,0,13,24,0,37,36,0,36,73
02/03/2023,PAH,KY,ASO,ES,Federal Contract Tower,0,8,11,0,19,0,0,18,0,18,0,8,29,0,37,20,2,22,59
02/04/2023,PAH,KY,ASO,ES,Federal Contract Tower,0,2,3,0,5,0,4,18,0,22,0,6,21,0,27,14,0,14,41
02/05/2023,PAH,KY,ASO,ES,Federal Contract Tower,0,4,4,0,8,0,9,35,2,46,0,13,39,2,54,34,6,40,94
02/06/2023,PAH,KY,ASO,ES,Federal Contract Tower,0,8,9,1,18,0,11,47,5,63,0,19,56,6,81,30,2,32,113
02/07/2023,PAH,KY,ASO,ES,Federal Contract Tower,0,8,9,8,25,0,7,28,4,39,0,15,37,12,64,24,4,28,92
02/08/2023,PAH,KY,ASO,ES,Federal Contract Tower,0,8,6,0,14,0,5,7,2,14,0,13,13,2,28,0,0,0,28
02/09/2023,PAH,KY,ASO,ES,Federal Contract Tower,0,3,7,2,12,0,4,3,0,7,0,7,10,2,19,0,0,0,19
02/10/2023,PAH,KY,ASO,ES,Federal Contract Tower,0,9,12,0,21,0,0,8,10,18,0,9,20,10,39,0,0,0,39
02/11/2023,PAH,KY,ASO,ES,Federal Contract Tower,0,4,10,0,14,0,16,35,0,51,0,20,45,0,65,71,0,71,136
02/12/2023,PAH,KY,ASO,ES,Federal Contract Tower,0,7,8,0,15,0,8,30,0,38,0,15,38,0,53,42,0,42,95
02/13/2023,PAH,KY,ASO,ES,Federal Contract Tower,0,8,10,8,26,0,9,46,4,59,0,17,56,12,85,24,2,26,111
02/14/2023,PAH,KY,ASO,ES,Federal Contract Tower,0,7,2,0,9,0,5,17,4,26,0,12,19,4,35,6,2,8,43
02/15/2023,PAH,KY,ASO,ES,Federal Contract Tower,0,13,20,0,33,0,2,22,0,24,0,15,42,0,57,10,0,10,67
02/16/2023,PAH,KY,ASO,ES,Federal Contract Tower,0,10,4,0,14,0,3,2,0,5,0,13,6,0,19,0,0,0,19
02/17/2023,PAH,KY,ASO,ES,Federal Contract Tower,0,6,11,0,17,0,3,15,0,18,0,9,26,0,35,0,0,0,35
02/18/2023,PAH,KY,ASO,ES,Federal Contract Tower,0,2,8,0,10,0,0,21,0,21,0,2,29,0,31,42,0,42,73
02/19/2023,PAH,KY,ASO,ES,Federal Contract Tower,0,4,4,0,8,0,9,31,0,40,0,13,35,0,48,24,0,24,72
02/20/2023,PAH,KY,ASO,ES,Federal Contract Tower,0,7,11,0,18,0,2,7,0,9,0,9,18,0,27,24,0,24,51
02/21/2023,PAH,KY,ASO,ES,Federal Contract Tower,0,6,6,0,12,0,11,44,4,59,0,17,50,4,71,30,0,30,101
02/22/2023,PAH,KY,ASO,ES,Federal Contract Tower,0,6,3,0,9,0,5,6,0,11,0,11,9,0,20,4,0,4,24
02/23/2023,PAH,KY,ASO,ES,Federal Contract Tower,0,8,10,2,20,0,7,32,2,41,0,15,42,4,61,42,2,44,105
02/24/2023,PAH,KY,ASO,ES,Federal Contract Tower,0,6,4,4,14,0,0,28,0,28,0,6,32,4,42,16,0,16,58
02/25/2023,PAH,KY,ASO,ES,Federal Contract Tower,0,5,14,0,19,0,2,10,0,12,0,7,24,0,31,0,0,0,31
02/26/2023,PAH,KY,ASO,ES,Federal Contract Tower,0,4,4,0,8,0,4,4,0,8,0,8,8,0,16,0,0,0,16
02/27/2023,PAH,KY,ASO,ES,Federal Contract Tower,0,7,3,0,10,0,8,11,2,21,0,15,14,2,31,2,0,2,33
02/28/2023,PAH,KY,ASO,ES,Federal Contract Tower,0,8,5,0,13,0,10,42,6,58,0,18,47,6,71,34,4,38,109
03/01/2023,PAH,KY,ASO,ES,Federal Contract Tower,0,6,14,0,20,0,5,19,2,26,0,11,33,2,46,16,0,16,62
03/02/2023,PAH,KY,ASO,ES,Federal Contract Tower,0,11,7,0,18,0,3,23,0,26,0,14,30,0,44,32,0,32,76
03/03/2023,PAH,KY,ASO,ES,Federal Contract Tower,0,8,1,0,9,0,0,0,0,0,0,8,1,0,9,0,0,0,9
03/04/2023,PAH,KY,ASO,ES,Federal Contract Tower,0,6,10,0,16,0,0,45,0,45,0,6,55,0,61,12,0,12,73
03/05/2023,PAH,KY,ASO,ES,Federal Contract Tower,0,5,10,0,15,0,10,43,0,53,0,15,53,0,68,38,0,38,106
03/06/2023,PAH,KY,ASO,ES,Federal Contract Tower,0,7,4,2,13,0,8,49,4,61,0,15,53,6,74,50,2,52,126
03/07/2023,PAH,KY,ASO,ES,Federal Contract Tower,0,6,7,4,17,0,8,47,6,61,0,14,54,10,78,32,0,32,110
03/08/2023,PAH,KY,ASO,ES,Federal Contract Tower,0,10,10,4,24,0,10,21,0,31,0,20,31,4,55,28,0,28,83
03/09/2023,PAH,KY,ASO,ES,Federal Contract Tower,0,8,7,6,21,0,5,18,2,25,0,13,25,8,46,18,2,20,66
03/10/2023,PAH,KY,ASO,ES,Federal Contract Tower,0,8,8,3,19,0,0,12,1,13,0,8,20,4,32,4,0,4,36
03/11/2023,PAH,KY,ASO,ES,Federal Contract Tower,0,5,1,0,6,0,0,17,0,17,0,5,18,0,23,16,0,16,39
03/12/2023,PAH,KY,ASO,ES,Federal Contract Tower,0,5,5,0,10,0,6,19,0,25,0,11,24,0,35,18,0,18,53
03/13/2023,PAH,KY,ASO,ES,Federal Contract Tower,0,6,1,8,15,0,4,22,8,34,0,10,23,16,49,14,6,20,69
03/14/2023,PAH,KY,ASO,ES,Federal Contract Tower,0,8,4,2,14,0,11,43,0,54,0,19,47,2,68,26,0,26,94
03/15/2023,PAH,KY,ASO,ES,Federal Contract Tower,0,12,8,0,20,0,3,43,2,48,0,15,51,2,68,18,2,20,88
03/16/2023,PAH,KY,ASO,ES,Federal Contract Tower,0,13,15,0,28,0,3,24,1,28,0,16,39,1,56,14,0,14,70
03/17/2023,PAH,KY,ASO,ES,Federal Contract Tower,0,10,6,0,16,0,2,5,0,7,0,12,11,0,23,0,0,0,23
03/18/2023,PAH,KY,ASO,ES,Federal Contract Tower,0,2,2,0,4,0,0,13,0,13,0,2,15,0,17,4,0,4,21
03/19/2023,PAH,KY,ASO,ES,Federal Contract Tower,0,7,7,0,14,0,8,36,0,44,0,15,43,0,58,28,0,28,86
03/20/2023,PAH,KY,ASO,ES,Federal Contract Tower,0,7,9,0,16,0,9,32,4,45,0,16,41,4,61,26,2,28,89
03/21/2023,PAH,KY,ASO,ES,Federal Contract Tower,0,6,6,2,14,0,4,19,0,23,0,10,25,2,37,12,0,12,49
03/22/2023,PAH,KY,ASO,ES,Federal Contract Tower,0,12,9,0,21,0,7,5,5,17,0,19,14,5,38,0,0,0,38
03/23/2023,PAH,KY,ASO,ES,Federal Contract Tower,0,6,19,0,25,0,3,12,5,20,0,9,31,5,45,10,0,10,55
03/24/2023,PAH,KY,ASO,ES,Federal Contract Tower,0,4,2,0,6,0,0,0,0,0,0,4,2,0,6,0,0,0,6
03/25/2023,PAH,KY,ASO,ES,Federal Contract Tower,0,2,16,0,18,0,0,16,0,16,0,2,32,0,34,4,0,4,38
03/26/2023,PAH,KY,ASO,ES,Federal Contract Tower,0,10,1,2,13,0,10,45,0,55,0,20,46,2,68,26,0,26,94
03/27/2023,PAH,KY,ASO,ES,Federal Contract Tower,0,6,5,4,15,0,6,36,6,48,0,12,41,10,63,42,4,46,109
03/28/2023,PAH,KY,ASO,ES,Federal Contract Tower,0,6,13,1,20,0,4,55,3,62,0,10,68,4,82,34,0,34,116
03/29/2023,PAH,KY,ASO,ES,Federal Contract Tower,0,8,17,8,33,0,5,37,0,42,0,13,54,8,75,26,0,26,101
03/30/2023,PAH,KY,ASO,ES,Federal Contract Tower,0,12,17,0,29,0,5,29,0,34,0,17,46,0,63,12,0,12,75
03/31/2023,PAH,KY,ASO,ES,Federal Contract Tower,0,4,2,0,6,0,0,0,0,0,0,4,2,0,6,0,0,0,6
04/01/2023,PAH,KY,ASO,ES,Federal Contract Tower,0,4,13,0,17,0,0,2,0,2,0,4,15,0,19,0,0,0,19
04/02/2023,PAH,KY,ASO,ES,Federal Contract Tower,0,7,5,0,12,0,18,42,0,60,0,25,47,0,72,26,0,26,98
04/03/2023,PAH,KY,ASO,ES,Federal Contract Tower,0,11,7,2,20,0,10,45,4,59,0,21,52,6,79,26,6,32,111
04/04/2023,PAH,KY,ASO,ES,Federal Contract Tower,0,7,9,0,16,0,14,18,4,36,0,21,27,4,52,16,0,16,68
04/05/2023,PAH,KY,ASO,ES,Federal Contract Tower,0,6,3,0,9,0,3,10,2,15,0,9,13,2,24,2,0,2,26
04/06/2023,PAH,KY,ASO,ES,Federal Contract Tower,0,12,11,6,29,0,1,17,0,18,0,13,28,6,47,14,0,14,61
04/07/2023,PAH,KY,ASO,ES,Federal Contract Tower,0,8,7,0,15,0,2,19,3,24,0,10,26,3,39,16,0,16,55
04/08/2023,PAH,KY,ASO,ES,Federal Contract Tower,0,4,6,0,10,0,0,15,0,15,0,4,21,0,25,14,0,14,39
04/09/2023,PAH,KY,ASO,ES,Federal Contract Tower,0,7,7,0,14,0,4,30,0,34,0,11,37,0,48,14,0,14,62
04/10/2023,PAH,KY,ASO,ES,Federal Contract Tower,0,9,5,0,14,0,5,28,2,35,0,14,33,2,49,20,4,24,73
04/11/2023,PAH,KY,ASO,ES,Federal Contract Tower,0,8,5,3,16,0,6,58,8,72,0,14,63,11,88,38,0,38,126
04/12/2023,PAH,KY,ASO,ES,Federal Contract Tower,0,6,15,1,22,0,7,31,3,41,0,13,46,4,63,26,0,26,89
04/13/2023,PAH,KY,ASO,ES,Federal Contract Tower,0,10,9,0,19,0,12,29,0,41,0,22,38,0,60,24,0,24,84
04/14/2023,PAH,KY,ASO,ES,Federal Contract Tower,0,10,2,0,12,0,2,6,0,8,0,12,8,0,20,0,0,0,20
04/15/2023,PAH,KY,ASO,ES,Federal Contract Tower,0,2,0,0,2,0,0,12,0,12,0,2,12,0,14,9,0,9,23
04/16/2023,PAH,KY,ASO,ES,Federal Contract Tower,0,4,2,0,6,0,7,15,0,22,0,11,17,0,28,6,0,6,34
04/17/2023,PAH,KY,ASO,ES,Federal Contract Tower,0,6,6,2,14,0,4,28,4,36,0,10,34,6,50,28,4,32,82
04/18/2023,PAH,KY,ASO,ES,Federal Contract Tower,0,7,2,2,11,0,7,44,2,53,0,14,46,4,64,30,0,30,94
04/19/2023,PAH,KY,ASO,ES,Federal Contract Tower,0,13,16,4,33,0,5,24,0,29,0,18,40,4,62,24,0,24,86
04/20/2023,PAH,KY,ASO,ES,Federal Contract Tower,0,9,13,2,24,0,2,1,2,5,0,11,14,4,29,0,0,0,29
04/21/2023,PAH,KY,ASO,ES,Federal Contract Tower,0,5,8,2,15,0,0,1,0,1,0,5,9,2,16,0,0,0,16
04/22/2023,PAH,KY,ASO,ES,Federal Contract Tower,0,4,8,0,12,0,7,9,0,16,0,11,17,0,28,10,0,10,38
04/23/2023,PAH,KY,ASO,ES,Federal Contract Tower,0,3,5,0,8,0,9,34,0,43,0,12,39,0,51,22,0,22,73
04/24/2023,PAH,KY,ASO,ES,Federal Contract Tower,0,6,12,0,18,0,6,48,2,56,0,12,60,2,74,38,0,38,112
04/25/2023,PAH,KY,ASO,ES,Federal Contract Tower,0,8,3,0,11,0,4,51,4,59,0,12,54,4,70,44,0,44,114
04/26/2023,PAH,KY,ASO,ES,Federal Contract Tower,0,10,7,1,18,0,8,27,3,38,0,18,34,4,56,26,0,26,82
04/27/2023,PAH,KY,ASO,ES,Federal Contract Tower,0,6,2,0,8,0,6,12,0,18,0,12,14,0,26,8,0,8,34
04/28/2023,PAH,KY,ASO,ES,Federal Contract Tower,0,10,12,0,22,0,0,3,0,3,0,10,15,0,25,0,0,0,25
04/29/2023,PAH,KY,ASO,ES,Federal Contract Tower,0,4,8,0,12,0,0,29,0,29,0,4,37,0,41,14,0,14,55
04/30/2023,PAH,KY,ASO,ES,Federal Contract Tower,0,6,0,0,6,0,7,23,0,30,0,13,23,0,36,20,0,20,56
05/01/2023,PAH,KY,ASO,ES,Federal Contract Tower,0,6,8,0,14,0,8,25,0,33,0,14,33,0,47,14,0,14,61
05/02/2023,PAH,KY,ASO,ES,Federal Contract Tower,0,6,6,0,12,0,7,35,0,42,0,13,41,0,54,34,0,34,88
05/03/2023,PAH,KY,ASO,ES,Federal Contract Tower,0,8,10,2,20,0,5,42,0,47,0,13,52,2,67,48,0,48,115
05/04/2023,PAH,KY,ASO,ES,Federal Contract Tower,0,9,10,0,19,0,7,37,0,44,0,16,47,0,63,24,0,24,87
05/05/2023,PAH,KY,ASO,ES,Federal Contract Tower,0,6,3,0,9,0,0,7,0,7,0,6,10,0,16,0,0,0,16
05/06/2023,PAH,KY,ASO,ES,Federal Contract Tower,0,2,4,0,6,0,0,4,0,4,0,2,8,0,10,0,0,0,10
05/07/2023,PAH,KY,ASO,ES,Federal Contract Tower,0,3,6,0,9,0,7,11,0,18,0,10,17,0,27,0,0,0,27
05/08/2023,PAH,KY,ASO,ES,Federal Contract Tower,0,17,6,0,23,0,7,23,0,30,0,24,29,0,53,14,0,14,67
05/09/2023,PAH,KY,ASO,ES,Federal Contract Tower,0,8,6,0,14,0,11,47,0,58,0,19,53,0,72,38,0,38,110
05/10/2023,PAH,KY,ASO,ES,Federal Contract Tower,0,8,8,0,16,0,6,31,0,37,0,14,39,0,53,26,0,26,79
05/11/2023,PAH,KY,ASO,ES,Federal Contract Tower,0,8,13,4,25,0,0,6,0,6,0,8,19,4,31,0,0,0,31
05/12/2023,PAH,KY,ASO,ES,Federal Contract Tower,0,6,15,0,21,0,0,1,0,1,0,6,16,0,22,0,0,0,22
05/13/2023,PAH,KY,ASO,ES,Federal Contract Tower,0,3,2,0,5,0,0,1,0,1,0,3,3,0,6,0,0,0,6
05/14/2023,PAH,KY,ASO,ES,Federal Contract Tower,0,4,3,0,7,0,0,4,0,4,0,4,7,0,11,0,0,0,11
05/15/2023,PAH,KY,ASO,ES,Federal Contract Tower,0,8,3,2,13,0,0,28,0,28,0,8,31,2,41,6,0,6,47
05/16/2023,PAH,KY,ASO,ES,Federal Contract Tower,0,6,14,1,21,0,0,7,0,7,0,6,21,1,28,0,0,0,28
05/17/2023,PAH,KY,ASO,ES,Federal Contract Tower,0,9,5,15,29,0,1,37,1,39,0,10,42,16,68,10,0,10,78
05/18/2023,PAH,KY,ASO,ES,Federal Contract Tower,0,8,16,10,34,0,0,50,2,52,0,8,66,12,86,40,0,40,126
05/19/2023,PAH,KY,ASO,ES,Federal Contract Tower,0,10,11,2,23,0,0,9,0,9,0,10,20,2,32,6,0,6,38
05/20/2023,PAH,KY,ASO,ES,Federal Contract Tower,0,2,5,0,7,0,0,8,0,8,0,2,13,0,15,0,0,0,15
05/21/2023,PAH,KY,ASO,ES,Federal Contract Tower,0,7,7,0,14,0,6,40,0,46,0,13,47,0,60,28,0,28,88
05/22/2023,PAH,KY,ASO,ES,Federal Contract Tower,0,6,5,0,11,0,10,34,0,44,0,16,39,0,55,48,0,48,103
05/23/2023,PAH,KY,ASO,ES,Federal Contract Tower,0,6,17,0,23,0,11,48,0,59,0,17,65,0,82,30,0,30,112
05/24/2023,PAH,KY,ASO,ES,Federal Contract Tower,0,8,10,0,18,0,7,29,2,38,0,15,39,2,56,26,0,26,82
05/25/2023,PAH,KY,ASO,ES,Federal Contract Tower,0,7,12,0,19,0,6,42,0,48,0,13,54,0,67,18,0,18,85
05/26/2023,PAH,KY,ASO,ES,Federal Contract Tower,0,6,10,1,17,0,4,18,0,22,0,10,28,1,39,20,0,20,59
05/27/2023,PAH,KY,ASO,ES,Federal Contract Tower,0,2,4,0,6,0,0,22,0,22,0,2,26,0,28,27,0,27,55
05/28/2023,PAH,KY,ASO,ES,Federal Contract Tower,0,5,1,0,6,0,6,34,0,40,0,11,35,0,46,28,0,28,74
05/29/2023,PAH,KY,ASO,ES,Federal Contract Tower,0,5,2,0,7,0,8,24,0,32,0,13,26,0,39,28,0,28,67
05/30/2023,PAH,KY,ASO,ES,Federal Contract Tower,0,6,13,2,21,0,11,41,4,56,0,17,54,6,77,56,2,58,135
05/31/2023,PAH,KY,ASO,ES,Federal Contract Tower,0,10,12,0,22,0,7,43,2,52,0,17,55,2,74,59,0,59,133
06/01/2023,PAH,KY,ASO,ES,Federal Contract Tower,0,7,10,0,17,0,4,21,0,25,0,11,31,0,42,18,0,18,60
06/02/2023,PAH,KY,ASO,ES,Federal Contract Tower,0,10,10,2,22,0,11,9,2,22,0,21,19,4,44,10,6,16,60
06/03/2023,PAH,KY,ASO,ES,Federal Contract Tower,0,7,5,0,12,0,0,16,0,16,0,7,21,0,28,12,0,12,40
06/04/2023,PAH,KY,ASO,ES,Federal Contract Tower,0,8,10,0,18,0,8,35,0,43,0,16,45,0,61,40,0,40,101
06/05/2023,PAH,KY,ASO,ES,Federal Contract Tower,0,11,4,0,15,0,7,37,0,44,0,18,41,0,59,40,0,40,99
06/06/2023,PAH,KY,ASO,ES,Federal Contract Tower,0,8,4,0,12,0,8,51,2,61,0,16,55,2,73,18,2,20,93
06/07/2023,PAH,KY,ASO,ES,Federal Contract Tower,0,11,2,0,13,0,7,30,4,41,0,18,32,4,54,30,0,30,84
06/08/2023,PAH,KY,ASO,ES,Federal Contract Tower,0,13,9,2,24,0,9,24,2,35,0,22,33,4,59,18,2,20,79
06/09/2023,PAH,KY,ASO,ES,Federal Contract Tower,0,9,14,0,23,0,4,30,0,34,0,13,44,0,57,12,0,12,69
06/10/2023,PAH,KY,ASO,ES,Federal Contract Tower,0,5,4,0,9,0,0,34,0,34,0,5,38,0,43,26,0,26,69
06/11/2023,PAH,KY,ASO,ES,Federal Contract Tower,0,8,5,0,13,0,0,10,0,10,0,8,15,0,23,20,0,20,43
06/12/2023,PAH,KY,ASO,ES,Federal Contract Tower,0,8,10,0,18,0,0,13,0,13,0,8,23,0,31,0,0,0,31
06/13/2023,PAH,KY,ASO,ES,Federal Contract Tower,0,8,16,2,26,0,0,20,3,23,0,8,36,5,49,46,0,46,95
06/14/2023,PAH,KY,ASO,ES,Federal Contract Tower,0,14,10,4,28,0,0,18,0,18,0,14,28,4,46,10,0,10,56
06/15/2023,PAH,KY,ASO,ES,Federal Contract Tower,0,14,13,5,32,0,0,23,0,23,0,14,36,5,55,10,0,10,65
06/16/2023,PAH,KY,ASO,ES,Federal Contract Tower,0,9,8,0,17,0,0,29,0,29,0,9,37,0,46,4,0,4,50
06/17/2023,PAH,KY,ASO,ES,Federal Contract Tower,0,2,11,0,13,0,0,18,0,18,0,2,29,0,31,10,0,10,41
06/18/2023,PAH,KY,ASO,ES,Federal Contract Tower,0,9,3,0,12,0,8,27,0,35,0,17,30,0,47,36,0,36,83
06/19/2023,PAH,KY,ASO,ES,Federal Contract Tower,0,7,18,1,26,0,5,23,4,32,0,12,41,5,58,34,8,42,100
06/20/2023,PAH,KY,ASO,ES,Federal Contract Tower,0,6,8,0,14,0,11,36,4,51,0,17,44,4,65,50,6,56,121
06/21/2023,PAH,KY,ASO,ES,Federal Contract Tower,0,8,8,4,20,0,4,42,4,50,0,12,50,8,70,22,0,22,92
06/22/2023,PAH,KY,ASO,ES,Federal Contract Tower,0,10,26,5,41,0,4,48,1,53,0,14,74,6,94,26,0,26,120
06/23/2023,PAH,KY,ASO,ES,Federal Contract Tower,0,10,3,0,13,0,0,14,0,14,0,10,17,0,27,28,0,28,55
06/24/2023,PAH,KY,ASO,ES,Federal Contract Tower,0,2,7,0,9,0,2,14,0,16,0,4,21,0,25,20,0,20,45
06/25/2023,PAH,KY,ASO,ES,Federal Contract Tower,0,5,11,0,16,0,8,29,0,37,0,13,40,0,53,26,0,26,79
06/26/2023,PAH,KY,ASO,ES,Federal Contract Tower,0,10,6,0,16,0,11,42,4,57,0,21,48,4,73,26,0,26,99
06/27/2023,PAH,KY,ASO,ES,Federal Contract Tower,0,4,8,2,14,0,8,45,4,57,0,12,53,6,71,36,0,36,107
06/28/2023,PAH,KY,ASO,ES,Federal Contract Tower,0,10,12,4,26,0,9,36,0,45,0,19,48,4,71,32,0,32,103
06/29/2023,PAH,KY,ASO,ES,Federal Contract Tower,0,8,8,2,18,0,8,32,4,44,0,16,40,6,62,20,2,22,84
06/30/2023,PAH,KY,ASO,ES,Federal Contract Tower,0,14,9,0,23,0,10,22,0,32,0,24,31,0,55,12,0,12,67
07/01/2023,PAH,KY,ASO,ES,Federal Contract Tower,0,7,2,0,9,0,0,11,0,11,0,7,13,0,20,24,0,24,44
07/02/2023,PAH,KY,ASO,ES,Federal Contract Tower,0,4,5,0,9,0,6,27,0,33,0,10,32,0,42,28,0,28,70
07/03/2023,PAH,KY,ASO,ES,Federal Contract Tower,0,7,1,0,8,0,19,38,4,61,0,26,39,4,69,40,0,40,109
07/04/2023,PAH,KY,ASO,ES,Federal Contract Tower,0,8,3,0,11,0,6,31,0,37,0,14,34,0,48,28,4,32,80
07/05/2023,PAH,KY,ASO,ES,Federal Contract Tower,0,9,6,0,15,0,5,22,0,27,0,14,28,0,42,12,0,12,54
07/06/2023,PAH,KY,ASO,ES,Federal Contract Tower,0,11,13,2,26,0,4,33,0,37,0,15,46,2,63,36,0,36,99
07/07/2023,PAH,KY,ASO,ES,Federal Contract Tower,0,10,3,2,15,0,2,9,0,11,0,12,12,2,26,0,0,0,26
07/08/2023,PAH,KY,ASO,ES,Federal Contract Tower,0,4,3,0,7,0,0,4,0,4,0,4,7,0,11,0,0,0,11
07/09/2023,PAH,KY,ASO,ES,Federal Contract Tower,0,7,4,0,11,0,18,22,0,40,0,25,26,0,51,26,0,26,77
07/10/2023,PAH,KY,ASO,ES,Federal Contract Tower,0,8,7,4,19,0,10,48,4,62,0,18,55,8,81,52,2,54,135
07/11/2023,PAH,KY,ASO,ES,Federal Contract Tower,0,10,6,2,18,0,12,50,4,66,0,22,56,6,84,22,4,26,110
07/12/2023,PAH,KY,ASO,ES,Federal Contract Tower,0,10,4,2,16,0,4,13,0,17,0,14,17,2,33,14,0,14,47
07/13/2023,PAH,KY,ASO,ES,Federal Contract Tower,0,4,17,0,21,0,0,10,2,12,0,4,27,2,33,10,0,10,43
07/14/2023,PAH,KY,ASO,ES,Federal Contract Tower,0,10,11,0,21,0,2,16,0,18,0,12,27,0,39,28,0,28,67
07/15/2023,PAH,KY,ASO,ES,Federal Contract Tower,0,3,3,0,6,0,3,0,0,3,0,6,3,0,9,2,0,2,11
07/16/2023,PAH,KY,ASO,ES,Federal Contract Tower,0,14,17,0,31,0,21,37,0,58,0,35,54,0,89,42,0,42,131
07/17/2023,PAH,KY,ASO,ES,Federal Contract Tower,0,6,0,0,6,0,10,28,7,45,0,16,28,7,51,18,8,26,77
07/18/2023,PAH,KY,ASO,ES,Federal Contract Tower,0,7,7,0,14,0,9,26,2,37,0,16,33,2,51,16,0,16,67
07/19/2023,PAH,KY,ASO,ES,Federal Contract Tower,0,9,4,4,17,0,12,5,0,17,0,21,9,4,34,10,0,10,44
07/20/2023,PAH,KY,ASO,ES,Federal Contract Tower,0,7,9,0,16,0,1,10,0,11,0,8,19,0,27,0,0,0,27
07/21/2023,PAH,KY,ASO,ES,Federal Contract Tower,0,4,13,0,17,0,0,7,2,9,0,4,20,2,26,54,0,54,80
07/22/2023,PAH,KY,ASO,ES,Federal Contract Tower,0,4,9,0,13,0,0,23,0,23,0,4,32,0,36,8,0,8,44
07/23/2023,PAH,KY,ASO,ES,Federal Contract Tower,0,4,4,0,8,0,10,30,0,40,0,14,34,0,48,34,0,34,82
07/24/2023,PAH,KY,ASO,ES,Federal Contract Tower,0,7,7,0,14,0,5,35,4,44,0,12,42,4,58,24,0,24,82
07/25/2023,PAH,KY,ASO,ES,Federal Contract Tower,0,9,9,0,18,0,11,41,2,54,0,20,50,2,72,16,0,16,88
07/26/2023,PAH,KY,ASO,ES,Federal Contract Tower,0,7,8,0,15,0,5,20,0,25,0,12,28,0,40,12,0,12,52
07/27/2023,PAH,KY,ASO,ES,Federal Contract Tower,0,11,14,0,25,0,6,34,2,42,0,17,48,2,67,34,0,34,101
07/28/2023,PAH,KY,ASO,ES,Federal Contract Tower,0,7,10,0,17,0,0,12,0,12,0,7,22,0,29,0,0,0,29
07/29/2023,PAH,KY,ASO,ES,Federal Contract Tower,0,2,3,0,5,0,0,4,0,4,0,2,7,0,9,2,0,2,11
07/30/2023,PAH,KY,ASO,ES,Federal Contract Tower,0,5,5,0,10,0,10,30,0,40,0,15,35,0,50,38,0,38,88
07/31/2023,PAH,KY,ASO,ES,Federal Contract Tower,0,11,8,0,19,0,14,38,4,56,0,25,46,4,75,38,0,38,113
08/01/2023,PAH,KY,ASO,ES,Federal Contract Tower,0,6,7,0,13,0,10,36,3,49,0,16,43,3,62,28,0,28,90
08/02/2023,PAH,KY,ASO,ES,Federal Contract Tower,0,10,6,1,17,0,4,17,3,24,0,14,23,4,41,18,4,22,63
08/03/2023,PAH,KY,ASO,ES,Federal Contract Tower,0,10,11,0,21,0,0,5,0,5,0,10,16,0,26,0,0,0,26
08/04/2023,PAH,KY,ASO,ES,Federal Contract Tower,0,8,6,0,14,0,0,3,0,3,0,8,9,0,17,0,0,0,17
08/05/2023,PAH,KY,ASO,ES,Federal Contract Tower,0,2,6,0,8,0,0,8,0,8,0,2,14,0,16,14,0,14,30
08/06/2023,PAH,KY,ASO,ES,Federal Contract Tower,0,5,4,0,9,0,10,19,0,29,0,15,23,0,38,32,0,32,70
08/07/2023,PAH,KY,ASO,ES,Federal Contract Tower,0,7,9,0,16,0,7,30,6,43,0,14,39,6,59,32,8,40,99
08/08/2023,PAH,KY,ASO,ES,Federal Contract Tower,0,9,10,0,19,0,4,44,4,52,0,13,54,4,71,20,0,20,91
08/09/2023,PAH,KY,ASO,ES,Federal Contract Tower,0,11,4,0,15,0,6,15,2,23,0,17,19,2,38,14,0,14,52
08/10/2023,PAH,KY,ASO,ES,Federal Contract Tower,0,7,13,0,20,0,0,4,0,4,0,7,17,0,24,0,0,0,24
08/11/2023,PAH,KY,ASO,ES,Federal Contract Tower,0,13,11,0,24,0,0,20,2,22,0,13,31,2,46,6,0,6,52
08/12/2023,PAH,KY,ASO,ES,Federal Contract Tower,0,2,4,0,6,0,0,16,0,16,0,2,20,0,22,8,0,8,30
08/13/2023,PAH,KY,ASO,ES,Federal Contract Tower,0,5,6,0,11,0,5,31,0,36,0,10,37,0,47,44,0,44,91
08/14/2023,PAH,KY,ASO,ES,Federal Contract Tower,0,8,2,0,10,0,11,28,4,43,0,19,30,4,53,36,4,40,93
08/15/2023,PAH,KY,ASO,ES,Federal Contract Tower,0,10,5,0,15,0,8,34,4,46,0,18,39,4,61,32,0,32,93
08/16/2023,PAH,KY,ASO,ES,Federal Contract Tower,0,8,11,0,19,0,5,37,3,45,0,13,48,3,64,17,0,17,81
08/17/2023,PAH,KY,ASO,ES,Federal Contract Tower,0,6,7,0,13,0,5,31,0,36,0,11,38,0,49,20,0,20,69
08/18/2023,PAH,KY,ASO,ES,Federal Contract Tower,0,9,4,4,17,0,2,22,0,24,0,11,26,4,41,18,0,18,59
08/19/2023,PAH,KY,ASO,ES,Federal Contract Tower,0,4,1,0,5,0,0,18,0,18,0,4,19,0,23,16,0,16,39
08/20/2023,PAH,KY,ASO,ES,Federal Contract Tower,0,4,6,0,10,0,4,28,0,32,0,8,34,0,42,30,0,30,72
08/21/2023,PAH,KY,ASO,ES,Federal Contract Tower,0,6,20,3,29,0,9,34,5,48,0,15,54,8,77,22,4,26,103
08/22/2023,PAH,KY,ASO,ES,Federal Contract Tower,0,10,13,0,23,0,7,42,2,51,0,17,55,2,74,30,0,30,104
08/23/2023,PAH,KY,ASO,ES,Federal Contract Tower,0,8,5,0,13,0,4,22,14,40,0,12,27,14,53,14,0,14,67
08/24/2023,PAH,KY,ASO,ES,Federal Contract Tower,0,13,5,2,20,0,3,27,4,34,0,16,32,6,54,20,4,24,78
08/25/2023,PAH,KY,ASO,ES,Federal Contract Tower,0,7,13,4,24,0,0,23,0,23,0,7,36,4,47,36,0,36,83
08/26/2023,PAH,KY,ASO,ES,Federal Contract Tower,0,2,7,0,9,0,0,17,0,17,0,2,24,0,26,24,0,24,50
08/27/2023,PAH,KY,ASO,ES,Federal Contract Tower,0,6,10,0,16,0,9,16,0,25,0,15,26,0,41,18,0,18,59
08/28/2023,PAH,KY,ASO,ES,Federal Contract Tower,0,13,10,0,23,0,10,33,2,45,0,23,43,2,68,22,0,22,90
08/29/2023,PAH,KY,ASO,ES,Federal Contract Tower,0,8,8,2,18,0,8,39,4,51,0,16,47,6,69,30,2,32,101
08/30/2023,PAH,KY,ASO,ES,Federal Contract Tower,0,10,8,12,30,0,8,64,4,76,0,18,72,16,106,36,0,36,142
08/31/2023,PAH,KY,ASO,ES,Federal Contract Tower,0,8,7,0,15,0,0,36,0,36,0,8,43,0,51,24,0,24,75
