01/01/2000,PBI,FL,ASO,ES,Towers with Radar,142,57,80,0,279,3,0,124,0,127,145,57,204,0,406,6,0,6,412
01/02/2000,PBI,FL,ASO,ES,Towers with Radar,152,102,309,1,564,3,0,308,0,311,155,102,617,1,875,26,0,26,901
01/03/2000,PBI,FL,ASO,ES,Towers with Radar,160,112,241,0,513,8,0,239,0,247,168,112,480,0,760,28,0,28,788
01/04/2000,PBI,FL,ASO,ES,Towers with Radar,165,92,164,2,423,3,0,238,0,241,168,92,402,2,664,18,0,18,682
01/05/2000,PBI,FL,ASO,ES,Towers with Radar,172,94,161,1,428,3,0,159,0,162,175,94,320,1,590,17,2,19,609
01/06/2000,PBI,FL,ASO,ES,Towers with Radar,162,87,191,4,444,3,0,145,0,148,165,87,336,4,592,10,0,10,602
01/07/2000,PBI,FL,ASO,ES,Towers with Radar,155,102,175,3,435,3,0,212,0,215,158,102,387,3,650,16,0,16,666
01/08/2000,PBI,FL,ASO,ES,Towers with Radar,160,64,113,1,338,3,0,222,0,225,163,64,335,1,563,49,1,50,613
01/09/2000,PBI,FL,ASO,ES,Towers with Radar,168,92,171,0,431,3,0,239,0,242,171,92,410,0,673,30,0,30,703
01/10/2000,PBI,FL,ASO,ES,Towers with Radar,147,92,161,0,400,3,1,192,0,196,150,93,353,0,596,40,0,40,636
01/11/2000,PBI,FL,ASO,ES,Towers with Radar,145,77,171,0,393,3,0,111,0,114,148,77,282,0,507,30,0,30,537
01/12/2000,PBI,FL,ASO,ES,Towers with Radar,158,95,139,2,394,3,0,208,0,211,161,95,347,2,605,78,0,78,683
01/13/2000,PBI,FL,ASO,ES,Towers with Radar,151,98,185,3,437,0,17,208,0,225,151,115,393,3,662,23,0,23,685
01/14/2000,PBI,FL,ASO,ES,Towers with Radar,154,112,234,0,500,3,0,128,0,131,157,112,362,0,631,24,0,24,655
01/15/2000,PBI,FL,ASO,ES,Towers with Radar,177,86,147,2,412,3,0,114,0,117,180,86,261,2,529,13,0,13,542
01/16/2000,PBI,FL,ASO,ES,Towers with Radar,151,79,181,3,414,3,0,119,0,122,154,79,300,3,536,10,0,10,546
01/17/2000,PBI,FL,ASO,ES,Towers with Radar,165,98,220,1,484,3,0,264,0,267,168,98,484,1,751,28,0,28,779
01/18/2000,PBI,FL,ASO,ES,Towers with Radar,149,90,133,0,372,3,0,279,0,282,152,90,412,0,654,27,0,27,681
01/19/2000,PBI,FL,ASO,ES,Towers with Radar,144,92,172,2,410,3,0,138,0,141,147,92,310,2,551,30,0,30,581
01/20/2000,PBI,FL,ASO,ES,Towers with Radar,145,94,172,2,413,2,0,158,0,160,147,94,330,2,573,43,0,43,616
01/21/2000,PBI,FL,ASO,ES,Towers with Radar,158,114,216,3,491,2,0,211,0,213,160,114,427,3,704,12,0,12,716
01/22/2000,PBI,FL,ASO,ES,Towers with Radar,152,78,125,2,357,2,0,173,0,175,154,78,298,2,532,8,0,8,540
01/23/2000,PBI,FL,ASO,ES,Towers with Radar,148,100,216,4,468,2,0,163,0,165,150,100,379,4,633,22,0,22,655
01/24/2000,PBI,FL,ASO,ES,Towers with Radar,157,99,193,1,450,0,0,81,0,81,157,99,274,1,531,9,0,9,540
01/25/2000,PBI,FL,ASO,ES,Towers with Radar,98,85,140,4,327,2,0,173,0,175,100,85,313,4,502,24,2,26,528
01/26/2000,PBI,FL,ASO,ES,Towers with Radar,153,110,172,5,440,2,0,206,0,208,155,110,378,5,648,24,0,24,672
01/27/2000,PBI,FL,ASO,ES,Towers with Radar,156,115,232,4,507,2,0,176,2,180,158,115,408,6,687,8,0,8,695
01/28/2000,PBI,FL,ASO,ES,Towers with Radar,147,117,219,2,485,0,9,215,2,226,147,126,434,4,711,44,6,50,761
01/29/2000,PBI,FL,ASO,ES,Towers with Radar,146,64,148,0,358,2,0,139,0,141,148,64,287,0,499,10,0,10,509
01/30/2000,PBI,FL,ASO,ES,Towers with Radar,158,88,167,5,418,2,0,137,0,139,160,88,304,5,557,2,0,2,559
01/31/2000,PBI,FL,ASO,ES,Towers with Radar,166,111,209,2,488,0,11,146,6,163,166,122,355,8,651,33,0,33,684
02/01/2000,PBI,FL,ASO,ES,Towers with Radar,154,80,162,0,396,0,0,256,0,256,154,80,418,0,652,29,0,29,681
02/02/2000,PBI,FL,ASO,ES,Towers with Radar,159,92,155,0,406,0,0,120,0,120,159,92,275,0,526,14,0,14,540
02/03/2000,PBI,FL,ASO,ES,Towers with Radar,164,118,227,0,509,0,0,91,0,91,164,118,318,0,600,22,0,22,622
02/04/2000,PBI,FL,ASO,ES,Towers with Radar,165,125,249,3,542,0,0,200,1,201,165,125,449,4,743,22,0,22,765
02/05/2000,PBI,FL,ASO,ES,Towers with Radar,164,69,134,4,371,0,0,191,0,191,164,69,325,4,562,28,0,28,590
02/06/2000,PBI,FL,ASO,ES,Towers with Radar,167,113,244,6,530,0,0,182,0,182,167,113,426,6,712,18,0,18,730
02/07/2000,PBI,FL,ASO,ES,Towers with Radar,174,112,181,4,471,0,0,188,0,188,174,112,369,4,659,27,4,31,690
02/08/2000,PBI,FL,ASO,ES,Towers with Radar,173,86,221,5,485,0,0,121,0,121,173,86,342,5,606,3,0,3,609
02/09/2000,PBI,FL,ASO,ES,Towers with Radar,152,103,187,1,443,0,0,173,0,173,152,103,360,1,616,17,0,17,633
02/10/2000,PBI,FL,ASO,ES,Towers with Radar,160,100,208,2,470,0,0,201,0,201,160,100,409,2,671,11,0,11,682
02/11/2000,PBI,FL,ASO,ES,Towers with Radar,163,115,220,6,504,0,0,182,1,183,163,115,402,7,687,33,0,33,720
02/12/2000,PBI,FL,ASO,ES,Towers with Radar,178,73,122,2,375,0,1,174,0,175,178,74,296,2,550,21,0,21,571
02/13/2000,PBI,FL,ASO,ES,Towers with Radar,155,81,253,3,492,0,0,159,1,160,155,81,412,4,652,15,3,18,670
02/14/2000,PBI,FL,ASO,ES,Towers with Radar,168,106,188,0,462,11,1,234,0,246,179,107,422,0,708,12,0,12,720
02/15/2000,PBI,FL,ASO,ES,Towers with Radar,168,93,178,2,441,0,0,180,0,180,168,93,358,2,621,25,0,25,646
02/16/2000,PBI,FL,ASO,ES,Towers with Radar,182,114,167,1,464,0,0,205,0,205,182,114,372,1,669,41,0,41,710
02/17/2000,PBI,FL,ASO,ES,Towers with Radar,164,155,266,1,586,0,0,244,0,244,164,155,510,1,830,0,0,0,830
02/18/2000,PBI,FL,ASO,ES,Towers with Radar,162,143,303,6,614,0,3,194,0,197,162,146,497,6,811,14,0,14,825
02/19/2000,PBI,FL,ASO,ES,Towers with Radar,191,98,218,2,509,0,3,232,1,236,191,101,450,3,745,14,0,14,759
02/20/2000,PBI,FL,ASO,ES,Towers with Radar,164,87,241,1,493,0,0,162,0,162,164,87,403,1,655,27,0,27,682
02/21/2000,PBI,FL,ASO,ES,Towers with Radar,175,116,320,0,611,0,0,245,0,245,175,116,565,0,856,20,0,20,876
02/22/2000,PBI,FL,ASO,ES,Towers with Radar,164,99,236,0,499,0,1,213,0,214,164,100,449,0,713,16,0,16,729
02/23/2000,PBI,FL,ASO,ES,Towers with Radar,160,109,204,0,473,0,0,176,0,176,160,109,380,0,649,20,0,20,669
02/24/2000,PBI,FL,ASO,ES,Towers with Radar,173,115,241,2,531,0,0,172,0,172,173,115,413,2,703,37,0,37,740
02/25/2000,PBI,FL,ASO,ES,Towers with Radar,160,120,241,2,523,0,0,142,0,142,160,120,383,2,665,3,0,3,668
02/26/2000,PBI,FL,ASO,ES,Towers with Radar,181,77,159,2,419,0,0,154,0,154,181,77,313,2,573,49,0,49,622
02/27/2000,PBI,FL,ASO,ES,Towers with Radar,165,129,312,1,607,0,0,206,0,206,165,129,518,1,813,12,0,12,825
02/28/2000,PBI,FL,ASO,ES,Towers with Radar,159,108,201,2,470,0,0,192,0,192,159,108,393,2,662,32,0,32,694
02/29/2000,PBI,FL,ASO,ES,Towers with Radar,159,100,205,2,466,24,3,226,2,255,183,103,431,4,721,31,0,31,752
03/01/2000,PBI,FL,ASO,ES,Towers with Radar,168,100,202,3,473,25,3,233,0,261,193,103,435,3,734,36,0,36,770
03/02/2000,PBI,FL,ASO,ES,Towers with Radar,187,125,220,5,537,0,0,232,0,232,187,125,452,5,769,12,0,12,781
03/03/2000,PBI,FL,ASO,ES,Towers with Radar,158,126,267,2,553,0,0,144,0,144,158,126,411,2,697,21,0,21,718
03/04/2000,PBI,FL,ASO,ES,Towers with Radar,183,85,142,6,416,0,0,218,0,218,183,85,360,6,634,6,0,6,640
03/05/2000,PBI,FL,ASO,ES,Towers with Radar,170,89,261,12,532,0,0,177,0,177,170,89,438,12,709,11,0,11,720
03/06/2000,PBI,FL,ASO,ES,Towers with Radar,175,95,169,0,439,0,1,186,0,187,175,96,355,0,626,15,0,15,641
03/07/2000,PBI,FL,ASO,ES,Towers with Radar,181,98,189,0,468,0,0,194,0,194,181,98,383,0,662,19,0,19,681
03/08/2000,PBI,FL,ASO,ES,Towers with Radar,169,99,159,0,427,0,0,168,0,168,169,99,327,0,595,18,0,18,613
03/09/2000,PBI,FL,ASO,ES,Towers with Radar,178,106,224,5,513,0,0,204,0,204,178,106,428,5,717,31,0,31,748
03/10/2000,PBI,FL,ASO,ES,Towers with Radar,167,131,263,3,564,0,0,230,0,230,167,131,493,3,794,22,0,22,816
03/11/2000,PBI,FL,ASO,ES,Towers with Radar,176,86,180,3,445,0,0,168,0,168,176,86,348,3,613,25,2,27,640
03/12/2000,PBI,FL,ASO,ES,Towers with Radar,173,135,294,2,604,0,0,150,2,152,173,135,444,4,756,13,0,13,769
03/13/2000,PBI,FL,ASO,ES,Towers with Radar,159,95,191,2,447,0,13,295,2,310,159,108,486,4,757,8,0,8,765
03/14/2000,PBI,FL,ASO,ES,Towers with Radar,171,100,162,1,434,0,0,242,0,242,171,100,404,1,676,36,0,36,712
03/15/2000,PBI,FL,ASO,ES,Towers with Radar,180,94,227,5,506,0,1,183,0,184,180,95,410,5,690,4,0,4,694
03/16/2000,PBI,FL,ASO,ES,Towers with Radar,172,102,209,2,485,0,0,180,0,180,172,102,389,2,665,11,0,11,676
03/17/2000,PBI,FL,ASO,ES,Towers with Radar,173,114,268,5,560,0,0,166,0,166,173,114,434,5,726,22,0,22,748
03/18/2000,PBI,FL,ASO,ES,Towers with Radar,182,82,198,1,463,0,0,104,0,104,182,82,302,1,567,12,0,12,579
03/19/2000,PBI,FL,ASO,ES,Towers with Radar,169,96,253,5,523,0,0,58,0,58,169,96,311,5,581,0,0,0,581
03/20/2000,PBI,FL,ASO,ES,Towers with Radar,169,103,199,5,476,0,0,172,0,172,169,103,371,5,648,4,3,7,655
03/21/2000,PBI,FL,ASO,ES,Towers with Radar,156,90,165,9,420,0,0,224,0,224,156,90,389,9,644,11,0,11,655
03/22/2000,PBI,FL,ASO,ES,Towers with Radar,179,88,204,2,473,0,2,221,0,223,179,90,425,2,696,24,0,24,720
03/23/2000,PBI,FL,ASO,ES,Towers with Radar,181,104,240,0,525,0,1,209,0,210,181,105,449,0,735,6,0,6,741
03/24/2000,PBI,FL,ASO,ES,Towers with Radar,165,121,273,0,559,0,2,144,0,146,165,123,417,0,705,0,0,0,705
03/25/2000,PBI,FL,ASO,ES,Towers with Radar,186,93,226,2,507,0,0,252,0,252,186,93,478,2,759,20,1,21,780
03/26/2000,PBI,FL,ASO,ES,Towers with Radar,176,110,256,3,545,0,1,214,0,215,176,111,470,3,760,5,0,5,765
03/27/2000,PBI,FL,ASO,ES,Towers with Radar,189,105,204,0,498,0,1,197,0,198,189,106,401,0,696,30,0,30,726
03/28/2000,PBI,FL,ASO,ES,Towers with Radar,180,102,201,7,490,0,0,300,0,300,180,102,501,7,790,75,0,75,865
03/29/2000,PBI,FL,ASO,ES,Towers with Radar,214,90,193,3,500,0,0,231,0,231,214,90,424,3,731,26,0,26,757
03/30/2000,PBI,FL,ASO,ES,Towers with Radar,174,113,169,4,460,0,1,175,0,176,174,114,344,4,636,12,0,12,648
03/31/2000,PBI,FL,ASO,ES,Towers with Radar,165,142,218,4,529,0,0,217,0,217,165,142,435,4,746,18,0,18,764
04/01/2000,PBI,FL,ASO,ES,Towers with Radar,183,78,173,3,437,2,0,144,0,146,185,78,317,3,583,8,1,9,592
04/02/2000,PBI,FL,ASO,ES,Towers with Radar,166,84,271,6,527,2,0,221,0,223,168,84,492,6,750,14,0,14,764
04/03/2000,PBI,FL,ASO,ES,Towers with Radar,173,99,162,1,435,2,0,181,0,183,175,99,343,1,618,29,0,29,647
04/04/2000,PBI,FL,ASO,ES,Towers with Radar,161,91,157,1,410,2,0,143,0,145,163,91,300,1,555,25,0,25,580
04/05/2000,PBI,FL,ASO,ES,Towers with Radar,167,106,149,1,423,2,0,181,0,183,169,106,330,1,606,40,0,40,646
04/06/2000,PBI,FL,ASO,ES,Towers with Radar,172,112,179,4,467,4,0,149,0,153,176,112,328,4,620,15,0,15,635
04/07/2000,PBI,FL,ASO,ES,Towers with Radar,158,110,176,3,447,2,2,168,0,172,160,112,344,3,619,34,0,34,653
04/08/2000,PBI,FL,ASO,ES,Towers with Radar,178,67,137,1,383,2,0,125,1,128,180,67,262,2,511,25,0,25,536
04/09/2000,PBI,FL,ASO,ES,Towers with Radar,172,99,197,4,472,2,0,160,0,162,174,99,357,4,634,4,0,4,638
04/10/2000,PBI,FL,ASO,ES,Towers with Radar,164,94,139,1,398,2,0,157,0,159,166,94,296,1,557,32,0,32,589
04/11/2000,PBI,FL,ASO,ES,Towers with Radar,167,86,189,2,444,2,0,161,0,163,169,86,350,2,607,23,0,23,630
04/12/2000,PBI,FL,ASO,ES,Towers with Radar,162,100,188,4,454,2,0,85,0,87,164,100,273,4,541,39,0,39,580
04/13/2000,PBI,FL,ASO,ES,Towers with Radar,174,116,147,1,438,2,0,97,1,100,176,116,244,2,538,16,0,16,554
04/14/2000,PBI,FL,ASO,ES,Towers with Radar,198,113,188,4,503,1,0,73,1,75,199,113,261,5,578,8,0,8,586
04/15/2000,PBI,FL,ASO,ES,Towers with Radar,180,88,137,4,409,1,0,114,0,115,181,88,251,4,524,3,0,3,527
04/16/2000,PBI,FL,ASO,ES,Towers with Radar,177,71,208,9,465,1,0,161,0,162,178,71,369,9,627,26,0,26,653
04/17/2000,PBI,FL,ASO,ES,Towers with Radar,171,93,248,9,521,1,1,133,0,135,172,94,381,9,656,0,0,0,656
04/18/2000,PBI,FL,ASO,ES,Towers with Radar,181,134,196,4,515,1,0,222,0,223,182,134,418,4,738,66,0,66,804
04/19/2000,PBI,FL,ASO,ES,Towers with Radar,171,98,174,1,444,1,1,230,0,232,172,99,404,1,676,77,1,78,754
04/20/2000,PBI,FL,ASO,ES,Towers with Radar,170,127,247,0,544,1,0,249,0,250,171,127,496,0,794,30,0,30,824
04/21/2000,PBI,FL,ASO,ES,Towers with Radar,161,99,174,2,436,1,1,227,0,229,162,100,401,2,665,15,0,15,680
04/22/2000,PBI,FL,ASO,ES,Towers with Radar,179,75,128,2,384,1,0,191,0,192,180,75,319,2,576,59,0,59,635
04/23/2000,PBI,FL,ASO,ES,Towers with Radar,177,94,232,1,504,1,0,156,0,157,178,94,388,1,661,5,0,5,666
04/24/2000,PBI,FL,ASO,ES,Towers with Radar,209,144,268,4,625,0,20,313,0,333,209,164,581,4,958,47,0,47,1005
04/25/2000,PBI,FL,ASO,ES,Towers with Radar,176,131,195,10,512,1,0,228,0,229,177,131,423,10,741,32,0,32,773
04/26/2000,PBI,FL,ASO,ES,Towers with Radar,167,83,182,1,433,1,0,217,0,218,168,83,399,1,651,39,0,39,690
04/27/2000,PBI,FL,ASO,ES,Towers with Radar,174,92,200,1,467,1,1,235,0,237,175,93,435,1,704,21,0,21,725
04/28/2000,PBI,FL,ASO,ES,Towers with Radar,169,102,194,8,473,1,0,244,0,245,170,102,438,8,718,69,0,69,787
04/29/2000,PBI,FL,ASO,ES,Towers with Radar,180,102,150,6,438,1,0,241,0,242,181,102,391,6,680,26,0,26,706
04/30/2000,PBI,FL,ASO,ES,Towers with Radar,162,89,171,6,428,1,0,249,0,250,163,89,420,6,678,20,0,20,698
05/01/2000,PBI,FL,ASO,ES,Towers with Radar,1,0,148,0,149,155,87,176,1,419,156,87,324,1,568,25,0,25,593
05/02/2000,PBI,FL,ASO,ES,Towers with Radar,1,1,178,0,180,152,88,129,7,376,153,89,307,7,556,20,0,20,576
05/03/2000,PBI,FL,ASO,ES,Towers with Radar,1,1,180,0,182,144,90,183,5,422,145,91,363,5,604,45,0,45,649
05/04/2000,PBI,FL,ASO,ES,Towers with Radar,1,0,157,0,158,151,110,113,4,378,152,110,270,4,536,0,0,0,536
05/05/2000,PBI,FL,ASO,ES,Towers with Radar,1,1,212,0,214,143,91,178,4,416,144,92,390,4,630,35,0,35,665
05/06/2000,PBI,FL,ASO,ES,Towers with Radar,1,1,179,0,181,151,69,82,1,303,152,70,261,1,484,43,2,45,529
05/07/2000,PBI,FL,ASO,ES,Towers with Radar,1,1,207,0,209,146,86,176,2,410,147,87,383,2,619,12,0,12,631
05/08/2000,PBI,FL,ASO,ES,Towers with Radar,1,0,155,0,156,149,87,144,2,382,150,87,299,2,538,3,0,3,541
05/09/2000,PBI,FL,ASO,ES,Towers with Radar,1,1,170,0,172,141,69,108,2,320,142,70,278,2,492,6,0,6,498
05/10/2000,PBI,FL,ASO,ES,Towers with Radar,1,1,181,0,183,116,85,156,0,357,117,86,337,0,540,19,0,19,559
05/11/2000,PBI,FL,ASO,ES,Towers with Radar,0,2,218,0,220,159,96,149,1,405,159,98,367,1,625,20,0,20,645
05/12/2000,PBI,FL,ASO,ES,Towers with Radar,0,2,190,0,192,145,100,122,1,368,145,102,312,1,560,24,0,24,584
05/13/2000,PBI,FL,ASO,ES,Towers with Radar,0,2,202,0,204,136,69,67,0,272,136,71,269,0,476,22,2,24,500
05/14/2000,PBI,FL,ASO,ES,Towers with Radar,0,2,196,0,198,145,82,113,4,344,145,84,309,4,542,10,0,10,552
05/15/2000,PBI,FL,ASO,ES,Towers with Radar,0,1,159,0,160,156,110,136,0,402,156,111,295,0,562,13,0,13,575
05/16/2000,PBI,FL,ASO,ES,Towers with Radar,0,2,163,0,165,142,93,87,3,325,142,95,250,3,490,22,0,22,512
05/17/2000,PBI,FL,ASO,ES,Towers with Radar,0,2,164,0,166,153,87,123,4,367,153,89,287,4,533,9,0,9,542
05/18/2000,PBI,FL,ASO,ES,Towers with Radar,0,1,147,0,148,143,91,88,7,329,143,92,235,7,477,24,0,24,501
05/19/2000,PBI,FL,ASO,ES,Towers with Radar,0,2,226,0,228,135,98,174,7,414,135,100,400,7,642,42,34,76,718
05/20/2000,PBI,FL,ASO,ES,Towers with Radar,0,2,196,0,198,157,64,57,2,280,157,66,253,2,478,0,0,0,478
05/21/2000,PBI,FL,ASO,ES,Towers with Radar,0,2,244,0,246,143,82,88,6,319,143,84,332,6,565,6,0,6,571
05/22/2000,PBI,FL,ASO,ES,Towers with Radar,0,1,147,0,148,143,95,153,2,393,143,96,300,2,541,16,0,16,557
05/23/2000,PBI,FL,ASO,ES,Towers with Radar,0,1,136,0,137,150,90,156,0,396,150,91,292,0,533,23,0,23,556
05/24/2000,PBI,FL,ASO,ES,Towers with Radar,0,1,177,0,178,141,70,113,0,324,141,71,290,0,502,28,0,28,530
05/25/2000,PBI,FL,ASO,ES,Towers with Radar,0,1,192,1,194,146,98,98,2,344,146,99,290,3,538,38,1,39,577
05/26/2000,PBI,FL,ASO,ES,Towers with Radar,0,1,206,0,207,141,95,123,2,361,141,96,329,2,568,29,0,29,597
05/27/2000,PBI,FL,ASO,ES,Towers with Radar,0,1,180,0,181,137,66,62,0,265,137,67,242,0,446,9,0,9,455
05/28/2000,PBI,FL,ASO,ES,Towers with Radar,0,0,162,0,162,145,50,3,0,198,145,50,165,0,360,9,0,9,369
05/29/2000,PBI,FL,ASO,ES,Towers with Radar,0,1,207,0,208,145,104,164,1,414,145,105,371,1,622,12,0,12,634
05/30/2000,PBI,FL,ASO,ES,Towers with Radar,0,0,134,0,134,134,95,172,4,405,134,95,306,4,539,37,0,37,576
05/31/2000,PBI,FL,ASO,ES,Towers with Radar,0,0,127,0,127,145,67,114,0,326,145,67,241,0,453,16,0,16,469
06/01/2000,PBI,FL,ASO,ES,Towers with Radar,145,81,121,3,350,2,1,199,0,202,147,82,320,3,552,23,0,23,575
06/02/2000,PBI,FL,ASO,ES,Towers with Radar,126,83,122,2,333,2,2,194,1,199,128,85,316,3,532,3,2,5,537
06/03/2000,PBI,FL,ASO,ES,Towers with Radar,143,73,68,4,288,2,0,121,0,123,145,73,189,4,411,0,0,0,411
06/04/2000,PBI,FL,ASO,ES,Towers with Radar,137,71,96,2,306,2,0,155,0,157,139,71,251,2,463,0,2,2,465
06/05/2000,PBI,FL,ASO,ES,Towers with Radar,156,87,123,1,367,11,7,131,0,149,167,94,254,1,516,8,0,8,524
06/06/2000,PBI,FL,ASO,ES,Towers with Radar,168,99,114,3,384,2,0,142,0,144,170,99,256,3,528,6,0,6,534
06/07/2000,PBI,FL,ASO,ES,Towers with Radar,146,70,85,2,303,2,2,224,0,228,148,72,309,2,531,6,0,6,537
06/08/2000,PBI,FL,ASO,ES,Towers with Radar,146,89,115,2,352,2,4,103,0,109,148,93,218,2,461,6,0,6,467
06/09/2000,PBI,FL,ASO,ES,Towers with Radar,135,88,105,13,341,2,0,124,0,126,137,88,229,13,467,30,0,30,497
06/10/2000,PBI,FL,ASO,ES,Towers with Radar,141,66,77,0,284,2,1,136,0,139,143,67,213,0,423,52,0,52,475
06/11/2000,PBI,FL,ASO,ES,Towers with Radar,131,81,96,8,316,2,1,88,0,91,133,82,184,8,407,0,0,0,407
06/12/2000,PBI,FL,ASO,ES,Towers with Radar,144,96,104,4,348,1,3,230,1,235,145,99,334,5,583,17,0,17,600
06/13/2000,PBI,FL,ASO,ES,Towers with Radar,152,97,119,1,369,1,0,212,1,214,153,97,331,2,583,19,0,19,602
06/14/2000,PBI,FL,ASO,ES,Towers with Radar,132,73,112,0,317,0,0,165,0,165,132,73,277,0,482,11,2,13,495
06/15/2000,PBI,FL,ASO,ES,Towers with Radar,133,94,117,1,345,1,0,159,1,161,134,94,276,2,506,20,0,20,526
06/16/2000,PBI,FL,ASO,ES,Towers with Radar,143,100,107,0,350,1,2,154,0,157,144,102,261,0,507,8,0,8,515
06/17/2000,PBI,FL,ASO,ES,Towers with Radar,132,62,77,4,275,1,0,154,1,156,133,62,231,5,431,28,0,28,459
06/18/2000,PBI,FL,ASO,ES,Towers with Radar,121,65,114,3,303,1,4,189,0,194,122,69,303,3,497,9,0,9,506
06/19/2000,PBI,FL,ASO,ES,Towers with Radar,145,103,105,9,362,1,1,186,2,190,146,104,291,11,552,10,0,10,562
06/20/2000,PBI,FL,ASO,ES,Towers with Radar,153,86,105,5,349,1,0,298,0,299,154,86,403,5,648,0,0,0,648
06/21/2000,PBI,FL,ASO,ES,Towers with Radar,124,78,78,1,281,1,0,146,0,147,125,78,224,1,428,34,0,34,462
06/22/2000,PBI,FL,ASO,ES,Towers with Radar,134,85,107,1,327,1,0,198,0,199,135,85,305,1,526,24,0,24,550
06/23/2000,PBI,FL,ASO,ES,Towers with Radar,142,98,108,4,352,1,0,258,0,259,143,98,366,4,611,65,0,65,676
06/24/2000,PBI,FL,ASO,ES,Towers with Radar,136,64,89,2,291,1,0,175,0,176,137,64,264,2,467,8,0,8,475
06/25/2000,PBI,FL,ASO,ES,Towers with Radar,114,66,95,5,280,1,1,104,0,106,115,67,199,5,386,15,0,15,401
06/26/2000,PBI,FL,ASO,ES,Towers with Radar,130,83,103,1,317,0,22,145,0,167,130,105,248,1,484,4,0,4,488
06/27/2000,PBI,FL,ASO,ES,Towers with Radar,137,90,97,4,328,1,0,122,0,123,138,90,219,4,451,12,0,12,463
06/28/2000,PBI,FL,ASO,ES,Towers with Radar,131,89,109,3,332,0,2,147,0,149,131,91,256,3,481,9,0,9,490
06/29/2000,PBI,FL,ASO,ES,Towers with Radar,130,93,93,4,320,1,2,163,0,166,131,95,256,4,486,9,2,11,497
06/30/2000,PBI,FL,ASO,ES,Towers with Radar,152,113,163,4,432,1,4,148,0,153,153,117,311,4,585,1,0,1,586
07/01/2000,PBI,FL,ASO,ES,Towers with Radar,153,73,113,2,341,1,2,158,0,161,154,75,271,2,502,13,0,13,515
07/02/2000,PBI,FL,ASO,ES,Towers with Radar,111,67,65,2,245,1,10,47,0,58,112,77,112,2,303,10,0,10,313
07/03/2000,PBI,FL,ASO,ES,Towers with Radar,123,69,57,2,251,1,0,193,0,194,124,69,250,2,445,0,0,0,445
07/04/2000,PBI,FL,ASO,ES,Towers with Radar,120,55,74,2,251,1,0,140,0,141,121,55,214,2,392,8,0,8,400
07/05/2000,PBI,FL,ASO,ES,Towers with Radar,120,79,82,1,282,1,0,175,0,176,121,79,257,1,458,18,0,18,476
07/06/2000,PBI,FL,ASO,ES,Towers with Radar,137,103,86,0,326,1,0,185,0,186,138,103,271,0,512,39,0,39,551
07/07/2000,PBI,FL,ASO,ES,Towers with Radar,133,104,91,0,328,1,4,128,0,133,134,108,219,0,461,16,0,16,477
07/08/2000,PBI,FL,ASO,ES,Towers with Radar,132,58,66,2,258,1,0,125,7,133,133,58,191,9,391,0,0,0,391
07/09/2000,PBI,FL,ASO,ES,Towers with Radar,128,59,104,2,293,1,1,157,0,159,129,60,261,2,452,0,0,0,452
07/10/2000,PBI,FL,ASO,ES,Towers with Radar,136,96,102,2,336,1,2,131,0,134,137,98,233,2,470,25,0,25,495
07/11/2000,PBI,FL,ASO,ES,Towers with Radar,129,77,80,4,290,1,2,152,0,155,130,79,232,4,445,8,0,8,453
07/12/2000,PBI,FL,ASO,ES,Towers with Radar,145,81,94,0,320,1,0,200,0,201,146,81,294,0,521,23,0,23,544
07/13/2000,PBI,FL,ASO,ES,Towers with Radar,138,82,94,0,314,1,1,159,0,161,139,83,253,0,475,12,0,12,487
07/14/2000,PBI,FL,ASO,ES,Towers with Radar,111,113,117,0,341,1,2,166,0,169,112,115,283,0,510,34,0,34,544
07/15/2000,PBI,FL,ASO,ES,Towers with Radar,152,64,66,4,286,1,0,108,0,109,153,64,174,4,395,19,0,19,414
07/16/2000,PBI,FL,ASO,ES,Towers with Radar,126,66,80,6,278,1,0,178,0,179,127,66,258,6,457,26,0,26,483
07/17/2000,PBI,FL,ASO,ES,Towers with Radar,137,98,102,8,345,1,0,148,0,149,138,98,250,8,494,10,0,10,504
07/18/2000,PBI,FL,ASO,ES,Towers with Radar,135,71,91,0,297,1,2,172,0,175,136,73,263,0,472,15,1,16,488
07/19/2000,PBI,FL,ASO,ES,Towers with Radar,126,81,87,6,300,1,2,192,0,195,127,83,279,6,495,8,0,8,503
07/20/2000,PBI,FL,ASO,ES,Towers with Radar,139,82,88,12,321,0,0,165,0,165,139,82,253,12,486,17,0,17,503
07/21/2000,PBI,FL,ASO,ES,Towers with Radar,141,102,85,11,339,0,0,214,0,214,141,102,299,11,553,0,0,0,553
07/22/2000,PBI,FL,ASO,ES,Towers with Radar,133,63,71,6,273,0,0,149,0,149,133,63,220,6,422,15,0,15,437
07/23/2000,PBI,FL,ASO,ES,Towers with Radar,145,73,130,2,350,0,0,172,0,172,145,73,302,2,522,15,0,15,537
07/24/2000,PBI,FL,ASO,ES,Towers with Radar,126,71,73,2,272,0,0,150,0,150,126,71,223,2,422,24,0,24,446
07/25/2000,PBI,FL,ASO,ES,Towers with Radar,138,90,81,5,314,0,0,126,0,126,138,90,207,5,440,12,0,12,452
07/26/2000,PBI,FL,ASO,ES,Towers with Radar,138,95,83,5,321,0,2,185,0,187,138,97,268,5,508,53,0,53,561
07/27/2000,PBI,FL,ASO,ES,Towers with Radar,134,91,97,3,325,0,27,150,4,181,134,118,247,7,506,20,0,20,526
07/28/2000,PBI,FL,ASO,ES,Towers with Radar,130,93,81,2,306,1,0,178,0,179,131,93,259,2,485,13,0,13,498
07/29/2000,PBI,FL,ASO,ES,Towers with Radar,137,69,53,2,261,0,0,153,0,153,137,69,206,2,414,34,0,34,448
07/30/2000,PBI,FL,ASO,ES,Towers with Radar,128,79,84,3,294,0,4,170,3,177,128,83,254,6,471,31,0,31,502
07/31/2000,PBI,FL,ASO,ES,Towers with Radar,131,89,85,2,307,0,1,160,0,161,131,90,245,2,468,0,1,1,469
08/01/2000,PBI,FL,ASO,ES,Towers with Radar,133,81,102,2,318,0,0,118,0,118,133,81,220,2,436,20,0,20,456
08/02/2000,PBI,FL,ASO,ES,Towers with Radar,144,83,87,0,314,0,0,117,0,117,144,83,204,0,431,33,0,33,464
08/03/2000,PBI,FL,ASO,ES,Towers with Radar,129,83,88,7,307,0,0,159,0,159,129,83,247,7,466,24,0,24,490
08/04/2000,PBI,FL,ASO,ES,Towers with Radar,134,90,89,2,315,0,0,156,0,156,134,90,245,2,471,8,0,8,479
08/05/2000,PBI,FL,ASO,ES,Towers with Radar,141,68,50,0,259,0,2,154,0,156,141,70,204,0,415,16,0,16,431
08/06/2000,PBI,FL,ASO,ES,Towers with Radar,153,89,141,3,386,0,0,208,0,208,153,89,349,3,594,63,0,63,657
08/07/2000,PBI,FL,ASO,ES,Towers with Radar,132,105,75,4,316,0,6,144,3,153,132,111,219,7,469,44,0,44,513
08/08/2000,PBI,FL,ASO,ES,Towers with Radar,131,85,92,0,308,0,0,184,0,184,131,85,276,0,492,16,0,16,508
08/09/2000,PBI,FL,ASO,ES,Towers with Radar,139,114,83,7,343,0,2,174,0,176,139,116,257,7,519,25,0,25,544
08/10/2000,PBI,FL,ASO,ES,Towers with Radar,146,90,101,1,338,0,0,125,0,125,146,90,226,1,463,7,0,7,470
08/11/2000,PBI,FL,ASO,ES,Towers with Radar,128,92,106,2,328,0,0,173,0,173,128,92,279,2,501,12,0,12,513
08/12/2000,PBI,FL,ASO,ES,Towers with Radar,126,72,47,4,249,0,2,118,0,120,126,74,165,4,369,31,0,31,400
08/13/2000,PBI,FL,ASO,ES,Towers with Radar,136,77,128,5,346,0,6,226,0,232,136,83,354,5,578,84,0,84,662
08/14/2000,PBI,FL,ASO,ES,Towers with Radar,138,88,74,2,302,0,1,118,0,119,138,89,192,2,421,8,0,8,429
08/15/2000,PBI,FL,ASO,ES,Towers with Radar,139,100,87,0,326,0,1,161,0,162,139,101,248,0,488,18,0,18,506
08/16/2000,PBI,FL,ASO,ES,Towers with Radar,135,94,84,3,316,0,1,141,0,142,135,95,225,3,458,14,0,14,472
08/17/2000,PBI,FL,ASO,ES,Towers with Radar,141,90,76,0,307,0,0,151,0,151,141,90,227,0,458,10,0,10,468
08/18/2000,PBI,FL,ASO,ES,Towers with Radar,133,95,73,5,306,0,1,134,1,136,133,96,207,6,442,14,0,14,456
08/19/2000,PBI,FL,ASO,ES,Towers with Radar,143,69,55,0,267,0,2,134,0,136,143,71,189,0,403,22,0,22,425
08/20/2000,PBI,FL,ASO,ES,Towers with Radar,189,100,79,1,369,0,0,183,0,183,189,100,262,1,552,2,0,2,554
08/21/2000,PBI,FL,ASO,ES,Towers with Radar,167,86,77,1,331,0,0,117,0,117,167,86,194,1,448,15,0,15,463
08/22/2000,PBI,FL,ASO,ES,Towers with Radar,133,86,54,0,273,0,5,146,0,151,133,91,200,0,424,10,0,10,434
08/23/2000,PBI,FL,ASO,ES,Towers with Radar,136,95,88,0,319,0,0,196,0,196,136,95,284,0,515,18,0,18,533
08/24/2000,PBI,FL,ASO,ES,Towers with Radar,136,96,82,0,314,0,2,113,0,115,136,98,195,0,429,17,0,17,446
08/25/2000,PBI,FL,ASO,ES,Towers with Radar,134,94,58,0,286,0,2,106,0,108,134,96,164,0,394,36,0,36,430
08/26/2000,PBI,FL,ASO,ES,Towers with Radar,132,58,39,0,229,0,0,101,0,101,132,58,140,0,330,30,0,30,360
08/27/2000,PBI,FL,ASO,ES,Towers with Radar,131,81,78,0,290,3,9,101,0,113,134,90,179,0,403,63,0,63,466
08/28/2000,PBI,FL,ASO,ES,Towers with Radar,148,97,85,0,330,0,1,158,0,159,148,98,243,0,489,23,0,23,512
08/29/2000,PBI,FL,ASO,ES,Towers with Radar,132,71,107,1,311,0,1,197,0,198,132,72,304,1,509,48,0,48,557
08/30/2000,PBI,FL,ASO,ES,Towers with Radar,141,72,84,0,297,0,0,146,0,146,141,72,230,0,443,23,0,23,466
08/31/2000,PBI,FL,ASO,ES,Towers with Radar,155,92,104,5,356,0,0,137,1,138,155,92,241,6,494,11,0,11,505
09/01/2000,PBI,FL,ASO,ES,Towers with Radar,136,92,79,3,310,0,1,219,0,220,136,93,298,3,530,19,0,19,549
09/02/2000,PBI,FL,ASO,ES,Towers with Radar,114,68,64,0,246,0,0,156,0,156,114,68,220,0,402,20,0,20,422
09/03/2000,PBI,FL,ASO,ES,Towers with Radar,129,73,58,0,260,0,0,211,0,211,129,73,269,0,471,103,0,103,574
09/04/2000,PBI,FL,ASO,ES,Towers with Radar,132,116,122,0,370,0,0,200,0,200,132,116,322,0,570,38,0,38,608
09/05/2000,PBI,FL,ASO,ES,Towers with Radar,137,77,64,3,281,0,0,141,0,141,137,77,205,3,422,50,0,50,472
09/06/2000,PBI,FL,ASO,ES,Towers with Radar,137,87,60,3,287,0,1,143,0,144,137,88,203,3,431,19,0,19,450
09/07/2000,PBI,FL,ASO,ES,Towers with Radar,142,79,91,6,318,0,0,111,0,111,142,79,202,6,429,23,0,23,452
09/08/2000,PBI,FL,ASO,ES,Towers with Radar,141,83,92,5,321,0,0,138,0,138,141,83,230,5,459,19,0,19,478
09/09/2000,PBI,FL,ASO,ES,Towers with Radar,135,63,76,6,280,0,2,148,0,150,135,65,224,6,430,16,2,18,448
09/10/2000,PBI,FL,ASO,ES,Towers with Radar,120,65,79,4,268,0,0,94,0,94,120,65,173,4,362,0,0,0,362
09/11/2000,PBI,FL,ASO,ES,Towers with Radar,159,106,104,2,371,0,0,232,0,232,159,106,336,2,603,8,0,8,611
09/12/2000,PBI,FL,ASO,ES,Towers with Radar,122,75,111,2,310,0,1,160,0,161,122,76,271,2,471,2,0,2,473
09/13/2000,PBI,FL,ASO,ES,Towers with Radar,122,80,80,2,284,0,0,210,0,210,122,80,290,2,494,50,0,50,544
09/14/2000,PBI,FL,ASO,ES,Towers with Radar,145,93,110,2,350,0,0,219,0,219,145,93,329,2,569,16,0,16,585
09/15/2000,PBI,FL,ASO,ES,Towers with Radar,139,73,94,5,311,0,0,136,0,136,139,73,230,5,447,12,1,13,460
09/16/2000,PBI,FL,ASO,ES,Towers with Radar,136,55,53,0,244,0,2,131,0,133,136,57,184,0,377,27,0,27,404
09/17/2000,PBI,FL,ASO,ES,Towers with Radar,129,35,54,0,218,0,0,17,0,17,129,35,71,0,235,0,0,0,235
09/18/2000,PBI,FL,ASO,ES,Towers with Radar,152,93,104,2,351,0,0,117,0,117,152,93,221,2,468,0,0,0,468
09/19/2000,PBI,FL,ASO,ES,Towers with Radar,135,87,99,4,325,0,0,116,0,116,135,87,215,4,441,23,0,23,464
09/20/2000,PBI,FL,ASO,ES,Towers with Radar,143,85,58,2,288,0,0,145,0,145,143,85,203,2,433,45,0,45,478
09/21/2000,PBI,FL,ASO,ES,Towers with Radar,128,85,87,2,302,0,5,149,0,154,128,90,236,2,456,30,0,30,486
09/22/2000,PBI,FL,ASO,ES,Towers with Radar,136,80,100,3,319,0,0,131,0,131,136,80,231,3,450,21,0,21,471
09/23/2000,PBI,FL,ASO,ES,Towers with Radar,107,63,65,1,236,19,6,130,0,155,126,69,195,1,391,21,0,21,412
09/24/2000,PBI,FL,ASO,ES,Towers with Radar,124,64,52,0,240,0,0,103,0,103,124,64,155,0,343,12,0,12,355
09/25/2000,PBI,FL,ASO,ES,Towers with Radar,135,86,90,2,313,0,0,143,0,143,135,86,233,2,456,48,0,48,504
09/26/2000,PBI,FL,ASO,ES,Towers with Radar,129,80,70,0,279,0,0,174,0,174,129,80,244,0,453,20,0,20,473
09/27/2000,PBI,FL,ASO,ES,Towers with Radar,143,74,93,4,314,0,0,152,0,152,143,74,245,4,466,43,0,43,509
09/28/2000,PBI,FL,ASO,ES,Towers with Radar,142,79,83,0,304,0,3,142,0,145,142,82,225,0,449,11,0,11,460
09/29/2000,PBI,FL,ASO,ES,Towers with Radar,145,84,89,2,320,0,0,78,0,78,145,84,167,2,398,13,0,13,411
09/30/2000,PBI,FL,ASO,ES,Towers with Radar,139,64,82,1,286,0,0,81,1,82,139,64,163,2,368,17,0,17,385
10/01/2000,PBI,FL,ASO,ES,Towers with Radar,128,54,232,0,414,0,0,2,0,2,128,54,234,0,416,50,0,50,466
10/02/2000,PBI,FL,ASO,ES,Towers with Radar,134,76,219,3,432,10,19,0,0,29,144,95,219,3,461,25,0,25,486
10/03/2000,PBI,FL,ASO,ES,Towers with Radar,96,54,108,1,259,61,20,0,0,81,157,74,108,1,340,9,0,9,349
10/04/2000,PBI,FL,ASO,ES,Towers with Radar,109,62,164,3,338,33,10,0,1,44,142,72,164,4,382,14,0,14,396
10/05/2000,PBI,FL,ASO,ES,Towers with Radar,153,93,310,0,556,0,0,7,0,7,153,93,317,0,563,60,0,60,623
10/06/2000,PBI,FL,ASO,ES,Towers with Radar,138,82,245,3,468,0,13,0,0,13,138,95,245,3,481,42,0,42,523
10/07/2000,PBI,FL,ASO,ES,Towers with Radar,137,72,229,3,441,23,0,0,0,23,160,72,229,3,464,30,0,30,494
10/08/2000,PBI,FL,ASO,ES,Towers with Radar,134,55,245,1,435,0,0,24,0,24,134,55,269,1,459,32,0,32,491
10/09/2000,PBI,FL,ASO,ES,Towers with Radar,156,98,299,4,557,0,4,0,1,5,156,102,299,5,562,62,0,62,624
10/10/2000,PBI,FL,ASO,ES,Towers with Radar,152,75,277,4,508,0,0,38,1,39,152,75,315,5,547,8,0,8,555
10/11/2000,PBI,FL,ASO,ES,Towers with Radar,148,80,272,0,500,0,0,33,0,33,148,80,305,0,533,12,0,12,545
10/12/2000,PBI,FL,ASO,ES,Towers with Radar,147,88,269,1,505,0,5,0,0,5,147,93,269,1,510,50,4,54,564
10/13/2000,PBI,FL,ASO,ES,Towers with Radar,150,85,271,1,507,1,2,9,0,12,151,87,280,1,519,22,2,24,543
10/14/2000,PBI,FL,ASO,ES,Towers with Radar,127,62,219,0,408,23,0,0,0,23,150,62,219,0,431,30,0,30,461
10/15/2000,PBI,FL,ASO,ES,Towers with Radar,105,56,191,2,354,26,0,1,0,27,131,56,192,2,381,0,0,0,381
10/16/2000,PBI,FL,ASO,ES,Towers with Radar,112,63,146,0,321,32,23,0,0,55,144,86,146,0,376,28,0,28,404
10/17/2000,PBI,FL,ASO,ES,Towers with Radar,138,70,291,3,502,0,0,7,11,18,138,70,298,14,520,62,1,63,583
10/18/2000,PBI,FL,ASO,ES,Towers with Radar,153,97,332,4,586,0,0,15,5,20,153,97,347,9,606,56,3,59,665
10/19/2000,PBI,FL,ASO,ES,Towers with Radar,162,95,320,2,579,0,0,12,0,12,162,95,332,2,591,48,1,49,640
10/20/2000,PBI,FL,ASO,ES,Towers with Radar,150,83,255,3,491,1,24,0,4,29,151,107,255,7,520,18,0,18,538
10/21/2000,PBI,FL,ASO,ES,Towers with Radar,128,64,224,2,418,18,0,0,2,20,146,64,224,4,438,20,0,20,458
10/22/2000,PBI,FL,ASO,ES,Towers with Radar,134,67,280,3,484,0,0,42,0,42,134,67,322,3,526,34,0,34,560
10/23/2000,PBI,FL,ASO,ES,Towers with Radar,121,66,201,2,390,21,11,0,1,33,142,77,201,3,423,10,0,10,433
10/24/2000,PBI,FL,ASO,ES,Towers with Radar,140,78,238,3,459,3,12,0,6,21,143,90,238,9,480,24,0,24,504
10/25/2000,PBI,FL,ASO,ES,Towers with Radar,144,85,269,3,501,0,9,12,1,22,144,94,281,4,523,17,0,17,540
10/26/2000,PBI,FL,ASO,ES,Towers with Radar,146,85,291,2,524,0,0,45,0,45,146,85,336,2,569,16,0,16,585
10/27/2000,PBI,FL,ASO,ES,Towers with Radar,145,90,287,3,525,0,13,16,5,34,145,103,303,8,559,17,0,17,576
10/28/2000,PBI,FL,ASO,ES,Towers with Radar,132,74,226,3,435,14,9,0,0,23,146,83,226,3,458,16,0,16,474
10/29/2000,PBI,FL,ASO,ES,Towers with Radar,139,81,324,0,544,0,0,31,0,31,139,81,355,0,575,75,0,75,650
10/30/2000,PBI,FL,ASO,ES,Towers with Radar,141,82,271,3,497,0,0,16,0,16,141,82,287,3,513,32,0,32,545
10/31/2000,PBI,FL,ASO,ES,Towers with Radar,139,86,283,3,511,0,0,0,1,1,139,86,283,4,512,63,0,63,575
11/01/2000,PBI,FL,ASO,ES,Towers with Radar,155,97,365,0,617,0,0,0,0,0,155,97,365,0,617,79,0,79,696
11/02/2000,PBI,FL,ASO,ES,Towers with Radar,166,108,379,3,656,12,0,0,0,12,178,108,379,3,668,53,1,54,722
11/03/2000,PBI,FL,ASO,ES,Towers with Radar,148,119,353,4,624,0,0,0,5,5,148,119,353,9,629,43,0,43,672
11/04/2000,PBI,FL,ASO,ES,Towers with Radar,110,86,228,3,427,41,5,0,2,48,151,91,228,5,475,0,2,2,477
11/05/2000,PBI,FL,ASO,ES,Towers with Radar,137,108,308,0,553,8,18,0,0,26,145,126,308,0,579,16,0,16,595
11/06/2000,PBI,FL,ASO,ES,Towers with Radar,171,143,424,0,738,0,2,20,0,22,171,145,444,0,760,31,0,31,791
11/07/2000,PBI,FL,ASO,ES,Towers with Radar,176,139,393,4,712,16,33,0,0,49,192,172,393,4,761,4,0,4,765
11/08/2000,PBI,FL,ASO,ES,Towers with Radar,145,139,390,4,678,0,18,0,0,18,145,157,390,4,696,70,1,71,767
11/09/2000,PBI,FL,ASO,ES,Towers with Radar,183,152,450,2,787,0,0,22,0,22,183,152,472,2,809,29,0,29,838
11/10/2000,PBI,FL,ASO,ES,Towers with Radar,144,129,443,4,720,0,0,55,6,61,144,129,498,10,781,44,0,44,825
11/11/2000,PBI,FL,ASO,ES,Towers with Radar,117,67,270,3,457,31,0,0,1,32,148,67,270,4,489,18,2,20,509
11/12/2000,PBI,FL,ASO,ES,Towers with Radar,133,89,331,3,556,0,0,13,1,14,133,89,344,4,570,34,12,46,616
11/13/2000,PBI,FL,ASO,ES,Towers with Radar,151,124,366,4,645,0,1,0,3,4,151,125,366,7,649,36,0,36,685
11/14/2000,PBI,FL,ASO,ES,Towers with Radar,133,98,307,3,541,13,0,0,3,16,146,98,307,6,557,20,1,21,578
11/15/2000,PBI,FL,ASO,ES,Towers with Radar,148,94,370,3,615,0,0,26,2,28,148,94,396,5,643,45,0,45,688
11/16/2000,PBI,FL,ASO,ES,Towers with Radar,169,134,448,3,754,0,0,26,6,32,169,134,474,9,786,46,2,48,834
11/17/2000,PBI,FL,ASO,ES,Towers with Radar,151,127,419,3,700,0,0,35,2,37,151,127,454,5,737,43,0,43,780
11/18/2000,PBI,FL,ASO,ES,Towers with Radar,137,98,312,2,549,10,0,0,1,11,147,98,312,3,560,31,0,31,591
11/19/2000,PBI,FL,ASO,ES,Towers with Radar,145,112,330,2,589,5,0,0,1,6,150,112,330,3,595,32,0,32,627
11/20/2000,PBI,FL,ASO,ES,Towers with Radar,178,138,402,0,718,0,34,0,0,34,178,172,402,0,752,18,0,18,770
11/21/2000,PBI,FL,ASO,ES,Towers with Radar,166,140,418,1,725,0,10,1,0,11,166,150,419,1,736,41,0,41,777
11/22/2000,PBI,FL,ASO,ES,Towers with Radar,174,167,499,0,840,0,9,47,0,56,174,176,546,0,896,33,0,33,929
11/23/2000,PBI,FL,ASO,ES,Towers with Radar,104,80,184,0,368,62,5,0,0,67,166,85,184,0,435,14,0,14,449
11/24/2000,PBI,FL,ASO,ES,Towers with Radar,105,81,213,0,399,29,2,0,0,31,134,83,213,0,430,23,0,23,453
11/25/2000,PBI,FL,ASO,ES,Towers with Radar,97,74,146,0,317,54,37,0,0,91,151,111,146,0,408,8,0,8,416
11/26/2000,PBI,FL,ASO,ES,Towers with Radar,139,142,425,0,706,0,32,53,0,85,139,174,478,0,791,0,0,0,791
11/27/2000,PBI,FL,ASO,ES,Towers with Radar,183,163,489,2,837,0,11,12,0,23,183,174,501,2,860,49,0,49,909
11/28/2000,PBI,FL,ASO,ES,Towers with Radar,148,110,313,2,573,14,0,0,0,14,162,110,313,2,587,50,1,51,638
11/29/2000,PBI,FL,ASO,ES,Towers with Radar,137,92,316,1,546,18,0,12,0,30,155,92,328,1,576,13,0,13,589
11/30/2000,PBI,FL,ASO,ES,Towers with Radar,159,124,368,3,654,4,1,10,1,16,163,125,378,4,670,17,0,17,687
12/01/2000,PBI,FL,ASO,ES,Towers with Radar,153,119,125,0,397,1,0,188,0,189,154,119,313,0,586,16,0,16,602
12/02/2000,PBI,FL,ASO,ES,Towers with Radar,130,93,105,1,329,0,0,139,1,140,130,93,244,2,469,49,0,49,518
12/03/2000,PBI,FL,ASO,ES,Towers with Radar,141,77,170,0,388,0,0,159,1,160,141,77,329,1,548,14,0,14,562
12/04/2000,PBI,FL,ASO,ES,Towers with Radar,147,105,118,0,370,0,0,208,0,208,147,105,326,0,578,0,0,0,578
12/05/2000,PBI,FL,ASO,ES,Towers with Radar,159,133,161,4,457,0,0,177,0,177,159,133,338,4,634,22,0,22,656
12/06/2000,PBI,FL,ASO,ES,Towers with Radar,158,108,139,0,405,0,1,254,0,255,158,109,393,0,660,56,0,56,716
12/07/2000,PBI,FL,ASO,ES,Towers with Radar,167,115,168,4,454,1,0,180,0,181,168,115,348,4,635,15,0,15,650
12/08/2000,PBI,FL,ASO,ES,Towers with Radar,150,108,115,10,383,0,0,147,0,147,150,108,262,10,530,12,0,12,542
12/09/2000,PBI,FL,ASO,ES,Towers with Radar,140,77,81,1,299,0,0,184,2,186,140,77,265,3,485,22,0,22,507
12/10/2000,PBI,FL,ASO,ES,Towers with Radar,146,85,156,5,392,0,0,103,0,103,146,85,259,5,495,31,0,31,526
12/11/2000,PBI,FL,ASO,ES,Towers with Radar,138,144,176,2,460,0,0,138,0,138,138,144,314,2,598,35,3,38,636
12/12/2000,PBI,FL,ASO,ES,Towers with Radar,144,106,132,2,384,0,3,169,0,172,144,109,301,2,556,64,0,64,620
12/13/2000,PBI,FL,ASO,ES,Towers with Radar,145,107,144,2,398,0,0,187,0,187,145,107,331,2,585,32,0,32,617
12/14/2000,PBI,FL,ASO,ES,Towers with Radar,138,107,147,3,395,0,0,175,0,175,138,107,322,3,570,25,1,26,596
12/15/2000,PBI,FL,ASO,ES,Towers with Radar,171,131,180,4,486,0,0,225,0,225,171,131,405,4,711,13,0,13,724
12/16/2000,PBI,FL,ASO,ES,Towers with Radar,149,92,118,6,365,0,0,158,0,158,149,92,276,6,523,1,0,1,524
12/17/2000,PBI,FL,ASO,ES,Towers with Radar,131,99,106,1,337,0,0,143,0,143,131,99,249,1,480,14,0,14,494
12/18/2000,PBI,FL,ASO,ES,Towers with Radar,163,124,181,1,469,0,0,240,0,240,163,124,421,1,709,4,0,4,713
12/19/2000,PBI,FL,ASO,ES,Towers with Radar,162,127,216,2,507,1,0,215,0,216,163,127,431,2,723,23,0,23,746
12/20/2000,PBI,FL,ASO,ES,Towers with Radar,164,126,179,3,472,0,1,219,1,221,164,127,398,4,693,58,0,58,751
12/21/2000,PBI,FL,ASO,ES,Towers with Radar,169,116,175,0,460,0,3,201,0,204,169,119,376,0,664,19,0,19,683
12/22/2000,PBI,FL,ASO,ES,Towers with Radar,160,129,141,1,431,0,0,215,0,215,160,129,356,1,646,18,0,18,664
12/23/2000,PBI,FL,ASO,ES,Towers with Radar,165,112,137,0,414,0,0,110,0,110,165,112,247,0,524,20,0,20,544
12/24/2000,PBI,FL,ASO,ES,Towers with Radar,148,73,80,0,301,0,0,67,0,67,148,73,147,0,368,10,0,10,378
12/25/2000,PBI,FL,ASO,ES,Towers with Radar,87,67,88,0,242,42,33,20,0,95,129,100,108,0,337,6,0,6,343
12/26/2000,PBI,FL,ASO,ES,Towers with Radar,140,153,310,0,603,0,3,181,0,184,140,156,491,0,787,6,0,6,793
12/27/2000,PBI,FL,ASO,ES,Towers with Radar,150,146,194,1,491,0,6,215,0,221,150,152,409,1,712,18,0,18,730
12/28/2000,PBI,FL,ASO,ES,Towers with Radar,157,129,177,0,463,0,0,129,0,129,157,129,306,0,592,6,0,6,598
12/29/2000,PBI,FL,ASO,ES,Towers with Radar,157,141,213,9,520,0,0,158,0,158,157,141,371,9,678,19,0,19,697
12/30/2000,PBI,FL,ASO,ES,Towers with Radar,124,97,106,0,327,0,0,162,0,162,124,97,268,0,489,11,0,11,500
12/31/2000,PBI,FL,ASO,ES,Towers with Radar,132,102,106,0,340,0,0,124,0,124,132,102,230,0,464,4,0,4,468
01/01/2001,PBI,FL,ASO,ES,Towers with Radar,130,115,189,0,434,0,22,204,0,226,130,137,393,0,660,37,0,37,697
01/02/2001,PBI,FL,ASO,ES,Towers with Radar,165,158,259,0,582,1,0,217,0,218,166,158,476,0,800,34,0,34,834
01/03/2001,PBI,FL,ASO,ES,Towers with Radar,153,130,199,0,482,1,0,223,0,224,154,130,422,0,706,10,0,10,716
01/04/2001,PBI,FL,ASO,ES,Towers with Radar,183,115,166,0,464,1,0,164,0,165,184,115,330,0,629,37,0,37,666
01/05/2001,PBI,FL,ASO,ES,Towers with Radar,155,128,189,5,477,1,2,159,0,162,156,130,348,5,639,12,0,12,651
01/06/2001,PBI,FL,ASO,ES,Towers with Radar,146,105,179,2,432,10,0,135,2,147,156,105,314,4,579,8,0,8,587
01/07/2001,PBI,FL,ASO,ES,Towers with Radar,140,139,197,3,479,0,0,187,0,187,140,139,384,3,666,55,0,55,721
01/08/2001,PBI,FL,ASO,ES,Towers with Radar,159,112,171,2,444,0,0,182,0,182,159,112,353,2,626,75,0,75,701
01/09/2001,PBI,FL,ASO,ES,Towers with Radar,163,110,186,0,459,0,0,196,0,196,163,110,382,0,655,23,0,23,678
01/10/2001,PBI,FL,ASO,ES,Towers with Radar,158,111,205,2,476,0,0,220,0,220,158,111,425,2,696,36,2,38,734
01/11/2001,PBI,FL,ASO,ES,Towers with Radar,180,131,169,1,481,0,0,176,0,176,180,131,345,1,657,10,6,16,673
01/12/2001,PBI,FL,ASO,ES,Towers with Radar,163,138,279,1,581,0,4,196,0,200,163,142,475,1,781,13,0,13,794
01/13/2001,PBI,FL,ASO,ES,Towers with Radar,156,93,128,4,381,0,0,165,0,165,156,93,293,4,546,20,0,20,566
01/14/2001,PBI,FL,ASO,ES,Towers with Radar,153,98,204,2,457,0,0,101,0,101,153,98,305,2,558,0,0,0,558
01/15/2001,PBI,FL,ASO,ES,Towers with Radar,164,167,262,1,594,0,6,284,0,290,164,173,546,1,884,14,0,14,898
01/16/2001,PBI,FL,ASO,ES,Towers with Radar,181,147,228,4,560,0,2,299,0,301,181,149,527,4,861,52,0,52,913
01/17/2001,PBI,FL,ASO,ES,Towers with Radar,171,106,217,7,501,0,1,295,0,296,171,107,512,7,797,16,0,16,813
01/18/2001,PBI,FL,ASO,ES,Towers with Radar,189,168,233,11,601,0,0,290,0,290,189,168,523,11,891,38,0,38,929
01/19/2001,PBI,FL,ASO,ES,Towers with Radar,164,111,204,10,489,0,0,172,0,172,164,111,376,10,661,28,0,28,689
01/20/2001,PBI,FL,ASO,ES,Towers with Radar,165,87,146,2,400,0,0,81,0,81,165,87,227,2,481,32,0,32,513
01/21/2001,PBI,FL,ASO,ES,Towers with Radar,158,147,252,7,564,0,0,216,0,216,158,147,468,7,780,44,0,44,824
01/22/2001,PBI,FL,ASO,ES,Towers with Radar,190,135,225,0,550,0,0,56,0,56,190,135,281,0,606,3,0,3,609
01/23/2001,PBI,FL,ASO,ES,Towers with Radar,195,122,238,0,555,0,0,281,0,281,195,122,519,0,836,86,0,86,922
01/24/2001,PBI,FL,ASO,ES,Towers with Radar,205,126,219,3,553,0,0,183,0,183,205,126,402,3,736,16,0,16,752
01/25/2001,PBI,FL,ASO,ES,Towers with Radar,190,137,268,3,598,0,0,246,0,246,190,137,514,3,844,15,4,19,863
01/26/2001,PBI,FL,ASO,ES,Towers with Radar,204,151,232,4,591,0,0,252,0,252,204,151,484,4,843,42,4,46,889
01/27/2001,PBI,FL,ASO,ES,Towers with Radar,179,100,150,2,431,0,2,223,0,225,179,102,373,2,656,39,0,39,695
01/28/2001,PBI,FL,ASO,ES,Towers with Radar,177,125,212,0,514,0,1,217,0,218,177,126,429,0,732,24,0,24,756
01/29/2001,PBI,FL,ASO,ES,Towers with Radar,178,138,212,6,534,0,0,211,0,211,178,138,423,6,745,42,0,42,787
01/30/2001,PBI,FL,ASO,ES,Towers with Radar,166,111,202,2,481,19,0,262,0,281,185,111,464,2,762,11,0,11,773
01/31/2001,PBI,FL,ASO,ES,Towers with Radar,198,113,198,4,513,0,0,353,0,353,198,113,551,4,866,18,0,18,884
02/01/2001,PBI,FL,ASO,ES,Towers with Radar,199,151,267,4,621,0,0,374,0,374,199,151,641,4,995,76,0,76,1071
02/02/2001,PBI,FL,ASO,ES,Towers with Radar,188,140,235,7,570,0,1,263,0,264,188,141,498,7,834,6,2,8,842
02/03/2001,PBI,FL,ASO,ES,Towers with Radar,185,97,171,4,457,4,2,74,0,80,189,99,245,4,537,9,0,9,546
02/04/2001,PBI,FL,ASO,ES,Towers with Radar,182,118,240,5,545,0,0,158,0,158,182,118,398,5,703,24,0,24,727
02/05/2001,PBI,FL,ASO,ES,Towers with Radar,175,111,166,4,456,0,0,174,0,174,175,111,340,4,630,8,0,8,638
02/06/2001,PBI,FL,ASO,ES,Towers with Radar,186,105,179,3,473,0,0,241,0,241,186,105,420,3,714,38,0,38,752
02/07/2001,PBI,FL,ASO,ES,Towers with Radar,195,90,195,1,481,0,0,214,0,214,195,90,409,1,695,27,0,27,722
02/08/2001,PBI,FL,ASO,ES,Towers with Radar,202,131,207,3,543,0,0,259,0,259,202,131,466,3,802,66,0,66,868
02/09/2001,PBI,FL,ASO,ES,Towers with Radar,197,130,193,6,526,0,0,163,0,163,197,130,356,6,689,25,0,25,714
02/10/2001,PBI,FL,ASO,ES,Towers with Radar,193,83,137,3,416,2,0,161,2,165,195,83,298,5,581,43,0,43,624
02/11/2001,PBI,FL,ASO,ES,Towers with Radar,177,147,216,7,547,0,0,187,0,187,177,147,403,7,734,57,0,57,791
02/12/2001,PBI,FL,ASO,ES,Towers with Radar,186,116,183,2,487,0,0,176,0,176,186,116,359,2,663,16,0,16,679
02/13/2001,PBI,FL,ASO,ES,Towers with Radar,211,110,228,7,556,0,0,191,0,191,211,110,419,7,747,18,0,18,765
02/14/2001,PBI,FL,ASO,ES,Towers with Radar,202,135,235,9,581,0,1,301,0,302,202,136,536,9,883,44,0,44,927
02/15/2001,PBI,FL,ASO,ES,Towers with Radar,230,162,318,4,714,0,1,324,0,325,230,163,642,4,1039,77,0,77,1116
02/16/2001,PBI,FL,ASO,ES,Towers with Radar,201,205,335,13,754,0,0,299,1,300,201,205,634,14,1054,25,0,25,1079
02/17/2001,PBI,FL,ASO,ES,Towers with Radar,227,154,264,0,645,0,0,188,0,188,227,154,452,0,833,28,0,28,861
02/18/2001,PBI,FL,ASO,ES,Towers with Radar,200,115,209,6,530,0,0,130,0,130,200,115,339,6,660,20,0,20,680
02/19/2001,PBI,FL,ASO,ES,Towers with Radar,191,133,300,2,626,0,0,139,0,139,191,133,439,2,765,23,0,23,788
02/20/2001,PBI,FL,ASO,ES,Towers with Radar,192,128,209,4,533,0,0,153,0,153,192,128,362,4,686,48,0,48,734
02/21/2001,PBI,FL,ASO,ES,Towers with Radar,207,118,233,1,559,0,0,200,0,200,207,118,433,1,759,22,0,22,781
02/22/2001,PBI,FL,ASO,ES,Towers with Radar,205,138,245,0,588,0,2,285,0,287,205,140,530,0,875,27,0,27,902
02/23/2001,PBI,FL,ASO,ES,Towers with Radar,208,157,244,24,633,0,8,310,0,318,208,165,554,24,951,48,0,48,999
02/24/2001,PBI,FL,ASO,ES,Towers with Radar,196,114,214,3,527,0,0,308,0,308,196,114,522,3,835,36,6,42,877
02/25/2001,PBI,FL,ASO,ES,Towers with Radar,180,126,241,4,551,4,2,233,0,239,184,128,474,4,790,55,0,55,845
02/26/2001,PBI,FL,ASO,ES,Towers with Radar,187,144,210,16,557,0,1,222,0,223,187,145,432,16,780,8,0,8,788
02/27/2001,PBI,FL,ASO,ES,Towers with Radar,191,99,177,0,467,0,2,241,0,243,191,101,418,0,710,37,0,37,747
02/28/2001,PBI,FL,ASO,ES,Towers with Radar,200,116,225,2,543,0,0,318,0,318,200,116,543,2,861,36,0,36,897
03/01/2001,PBI,FL,ASO,ES,Towers with Radar,199,157,273,4,633,2,0,318,0,320,201,157,591,4,953,64,0,64,1017
03/02/2001,PBI,FL,ASO,ES,Towers with Radar,213,158,267,7,645,0,4,304,7,315,213,162,571,14,960,95,0,95,1055
03/03/2001,PBI,FL,ASO,ES,Towers with Radar,204,96,171,4,475,8,0,194,0,202,212,96,365,4,677,23,0,23,700
03/04/2001,PBI,FL,ASO,ES,Towers with Radar,171,153,215,4,543,2,0,119,0,121,173,153,334,4,664,25,0,25,689
03/05/2001,PBI,FL,ASO,ES,Towers with Radar,157,114,164,7,442,2,0,177,0,179,159,114,341,7,621,9,2,11,632
03/06/2001,PBI,FL,ASO,ES,Towers with Radar,175,113,190,1,479,3,11,214,0,228,178,124,404,1,707,25,0,25,732
03/07/2001,PBI,FL,ASO,ES,Towers with Radar,209,120,247,0,576,2,0,260,0,262,211,120,507,0,838,53,0,53,891
03/08/2001,PBI,FL,ASO,ES,Towers with Radar,213,120,268,1,602,2,8,281,0,291,215,128,549,1,893,22,0,22,915
03/09/2001,PBI,FL,ASO,ES,Towers with Radar,198,156,226,5,585,7,7,233,0,247,205,163,459,5,832,44,0,44,876
03/10/2001,PBI,FL,ASO,ES,Towers with Radar,202,119,174,1,496,2,0,200,0,202,204,119,374,1,698,16,0,16,714
03/11/2001,PBI,FL,ASO,ES,Towers with Radar,191,140,266,9,606,2,0,205,0,207,193,140,471,9,813,30,0,30,843
03/12/2001,PBI,FL,ASO,ES,Towers with Radar,199,132,180,6,517,2,0,182,0,184,201,132,362,6,701,11,0,11,712
03/13/2001,PBI,FL,ASO,ES,Towers with Radar,185,106,144,1,436,2,1,170,0,173,187,107,314,1,609,33,0,33,642
03/14/2001,PBI,FL,ASO,ES,Towers with Radar,223,126,207,8,564,2,0,205,0,207,225,126,412,8,771,92,0,92,863
03/15/2001,PBI,FL,ASO,ES,Towers with Radar,194,121,304,8,627,2,0,257,0,259,196,121,561,8,886,54,0,54,940
03/16/2001,PBI,FL,ASO,ES,Towers with Radar,229,169,277,8,683,4,3,221,0,228,233,172,498,8,911,26,0,26,937
03/17/2001,PBI,FL,ASO,ES,Towers with Radar,173,144,205,25,547,2,0,200,0,202,175,144,405,25,749,29,0,29,778
03/18/2001,PBI,FL,ASO,ES,Towers with Radar,186,133,224,5,548,0,18,127,1,146,186,151,351,6,694,24,0,24,718
03/19/2001,PBI,FL,ASO,ES,Towers with Radar,179,99,137,2,417,2,0,32,0,34,181,99,169,2,451,4,0,4,455
03/20/2001,PBI,FL,ASO,ES,Towers with Radar,202,116,180,7,505,2,0,189,0,191,204,116,369,7,696,55,0,55,751
03/21/2001,PBI,FL,ASO,ES,Towers with Radar,214,127,192,11,544,2,0,272,0,274,216,127,464,11,818,62,0,62,880
03/22/2001,PBI,FL,ASO,ES,Towers with Radar,195,122,209,1,527,2,0,207,0,209,197,122,416,1,736,34,0,34,770
03/23/2001,PBI,FL,ASO,ES,Towers with Radar,201,142,232,2,577,2,3,208,4,217,203,145,440,6,794,58,1,59,853
03/24/2001,PBI,FL,ASO,ES,Towers with Radar,209,116,194,5,524,2,2,255,0,259,211,118,449,5,783,31,0,31,814
03/25/2001,PBI,FL,ASO,ES,Towers with Radar,188,135,282,5,610,2,0,184,0,186,190,135,466,5,796,32,3,35,831
03/26/2001,PBI,FL,ASO,ES,Towers with Radar,195,103,175,5,478,2,0,171,1,174,197,103,346,6,652,31,0,31,683
03/27/2001,PBI,FL,ASO,ES,Towers with Radar,180,92,199,3,474,2,0,187,0,189,182,92,386,3,663,11,0,11,674
03/28/2001,PBI,FL,ASO,ES,Towers with Radar,216,125,211,2,554,1,0,285,0,286,217,125,496,2,840,25,0,25,865
03/29/2001,PBI,FL,ASO,ES,Towers with Radar,195,98,204,1,498,1,2,146,0,149,196,100,350,1,647,23,0,23,670
03/30/2001,PBI,FL,ASO,ES,Towers with Radar,208,107,207,10,532,1,0,109,0,110,209,107,316,10,642,9,0,9,651
03/31/2001,PBI,FL,ASO,ES,Towers with Radar,208,123,194,4,529,1,0,133,0,134,209,123,327,4,663,6,0,6,669
04/01/2001,PBI,FL,ASO,ES,Towers with Radar,196,140,263,4,603,1,0,190,0,191,197,140,453,4,794,31,10,41,835
04/02/2001,PBI,FL,ASO,ES,Towers with Radar,193,92,146,5,436,1,0,238,0,239,194,92,384,5,675,11,0,11,686
04/03/2001,PBI,FL,ASO,ES,Towers with Radar,188,94,125,5,412,1,0,240,0,241,189,94,365,5,653,50,4,54,707
04/04/2001,PBI,FL,ASO,ES,Towers with Radar,187,90,220,5,502,1,2,221,0,224,188,92,441,5,726,38,0,38,764
04/05/2001,PBI,FL,ASO,ES,Towers with Radar,182,105,245,3,535,1,0,268,0,269,183,105,513,3,804,42,0,42,846
04/06/2001,PBI,FL,ASO,ES,Towers with Radar,204,130,256,1,591,1,0,223,0,224,205,130,479,1,815,24,0,24,839
04/07/2001,PBI,FL,ASO,ES,Towers with Radar,189,83,182,1,455,1,0,162,0,163,190,83,344,1,618,70,0,70,688
04/08/2001,PBI,FL,ASO,ES,Towers with Radar,171,111,219,0,501,1,0,297,1,299,172,111,516,1,800,45,0,45,845
04/09/2001,PBI,FL,ASO,ES,Towers with Radar,177,99,176,2,454,0,18,200,4,222,177,117,376,6,676,30,0,30,706
04/10/2001,PBI,FL,ASO,ES,Towers with Radar,198,93,138,0,429,1,0,193,0,194,199,93,331,0,623,46,0,46,669
04/11/2001,PBI,FL,ASO,ES,Towers with Radar,195,97,160,7,459,1,0,210,0,211,196,97,370,7,670,30,0,30,700
04/12/2001,PBI,FL,ASO,ES,Towers with Radar,180,150,227,2,559,1,0,250,0,251,181,150,477,2,810,8,0,8,818
04/13/2001,PBI,FL,ASO,ES,Towers with Radar,205,127,225,4,561,0,21,312,0,333,205,148,537,4,894,38,0,38,932
04/14/2001,PBI,FL,ASO,ES,Towers with Radar,194,88,167,0,449,1,4,201,0,206,195,92,368,0,655,37,0,37,692
04/15/2001,PBI,FL,ASO,ES,Towers with Radar,183,137,183,2,505,1,0,225,0,226,184,137,408,2,731,8,0,8,739
04/16/2001,PBI,FL,ASO,ES,Towers with Radar,190,146,250,3,589,1,0,194,0,195,191,146,444,3,784,9,0,9,793
04/17/2001,PBI,FL,ASO,ES,Towers with Radar,193,92,156,15,456,1,1,196,0,198,194,93,352,15,654,19,0,19,673
04/18/2001,PBI,FL,ASO,ES,Towers with Radar,210,90,209,5,514,1,0,255,0,256,211,90,464,5,770,118,0,118,888
04/19/2001,PBI,FL,ASO,ES,Towers with Radar,188,106,218,0,512,1,0,251,0,252,189,106,469,0,764,84,0,84,848
04/20/2001,PBI,FL,ASO,ES,Towers with Radar,215,109,210,2,536,1,0,232,0,233,216,109,442,2,769,11,0,11,780
04/21/2001,PBI,FL,ASO,ES,Towers with Radar,195,91,170,0,456,1,0,211,0,212,196,91,381,0,668,12,0,12,680
04/22/2001,PBI,FL,ASO,ES,Towers with Radar,186,111,181,5,483,1,0,266,0,267,187,111,447,5,750,14,10,24,774
04/23/2001,PBI,FL,ASO,ES,Towers with Radar,188,105,175,3,471,1,0,160,0,161,189,105,335,3,632,6,0,6,638
04/24/2001,PBI,FL,ASO,ES,Towers with Radar,209,125,217,3,554,1,1,265,0,267,210,126,482,3,821,18,0,18,839
04/25/2001,PBI,FL,ASO,ES,Towers with Radar,200,96,180,5,481,0,0,194,0,194,200,96,374,5,675,44,0,44,719
04/26/2001,PBI,FL,ASO,ES,Towers with Radar,200,118,198,0,516,0,1,241,0,242,200,119,439,0,758,18,0,18,776
04/27/2001,PBI,FL,ASO,ES,Towers with Radar,193,93,179,3,468,0,3,209,1,213,193,96,388,4,681,24,0,24,705
04/28/2001,PBI,FL,ASO,ES,Towers with Radar,185,72,113,3,373,0,0,170,0,170,185,72,283,3,543,7,0,7,550
04/29/2001,PBI,FL,ASO,ES,Towers with Radar,178,92,165,1,436,0,0,115,0,115,178,92,280,1,551,9,0,9,560
04/30/2001,PBI,FL,ASO,ES,Towers with Radar,191,84,156,0,431,0,0,75,0,75,191,84,231,0,506,18,0,18,524
05/01/2001,PBI,FL,ASO,ES,Towers with Radar,171,88,127,3,389,0,1,119,0,120,171,89,246,3,509,30,0,30,539
05/02/2001,PBI,FL,ASO,ES,Towers with Radar,169,90,144,17,420,0,0,173,0,173,169,90,317,17,593,18,0,18,611
05/03/2001,PBI,FL,ASO,ES,Towers with Radar,166,104,150,4,424,0,0,195,0,195,166,104,345,4,619,45,0,45,664
05/04/2001,PBI,FL,ASO,ES,Towers with Radar,181,80,148,8,417,0,0,131,3,134,181,80,279,11,551,40,0,40,591
05/05/2001,PBI,FL,ASO,ES,Towers with Radar,168,79,80,2,329,0,0,181,0,181,168,79,261,2,510,4,0,4,514
05/06/2001,PBI,FL,ASO,ES,Towers with Radar,153,74,135,3,365,0,0,187,0,187,153,74,322,3,552,52,1,53,605
05/07/2001,PBI,FL,ASO,ES,Towers with Radar,160,77,110,1,348,0,0,140,0,140,160,77,250,1,488,22,0,22,510
05/08/2001,PBI,FL,ASO,ES,Towers with Radar,168,76,136,2,382,0,0,127,0,127,168,76,263,2,509,28,0,28,537
05/09/2001,PBI,FL,ASO,ES,Towers with Radar,164,75,130,7,376,0,0,170,0,170,164,75,300,7,546,38,0,38,584
05/10/2001,PBI,FL,ASO,ES,Towers with Radar,175,83,147,7,412,0,1,157,0,158,175,84,304,7,570,12,0,12,582
05/11/2001,PBI,FL,ASO,ES,Towers with Radar,171,90,129,4,394,0,0,201,0,201,171,90,330,4,595,30,23,53,648
05/12/2001,PBI,FL,ASO,ES,Towers with Radar,162,83,63,2,310,0,0,210,0,210,162,83,273,2,520,18,0,18,538
05/13/2001,PBI,FL,ASO,ES,Towers with Radar,159,59,118,3,339,0,0,154,0,154,159,59,272,3,493,10,0,10,503
05/14/2001,PBI,FL,ASO,ES,Towers with Radar,167,90,134,1,392,0,0,163,0,163,167,90,297,1,555,26,0,26,581
05/15/2001,PBI,FL,ASO,ES,Towers with Radar,168,77,120,0,365,0,1,208,0,209,168,78,328,0,574,8,0,8,582
05/16/2001,PBI,FL,ASO,ES,Towers with Radar,174,74,122,13,383,0,0,178,0,178,174,74,300,13,561,32,0,32,593
05/17/2001,PBI,FL,ASO,ES,Towers with Radar,169,75,122,3,369,0,0,150,0,150,169,75,272,3,519,10,0,10,529
05/18/2001,PBI,FL,ASO,ES,Towers with Radar,164,92,128,4,388,0,0,202,0,202,164,92,330,4,590,13,13,26,616
05/19/2001,PBI,FL,ASO,ES,Towers with Radar,165,72,84,1,322,0,0,166,0,166,165,72,250,1,488,13,0,13,501
05/20/2001,PBI,FL,ASO,ES,Towers with Radar,159,92,142,0,393,0,0,202,0,202,159,92,344,0,595,34,0,34,629
05/21/2001,PBI,FL,ASO,ES,Towers with Radar,165,79,122,0,366,0,0,186,0,186,165,79,308,0,552,29,0,29,581
05/22/2001,PBI,FL,ASO,ES,Towers with Radar,162,75,112,2,351,0,0,160,0,160,162,75,272,2,511,32,0,32,543
05/23/2001,PBI,FL,ASO,ES,Towers with Radar,196,77,147,7,427,0,0,58,0,58,196,77,205,7,485,12,0,12,497
05/24/2001,PBI,FL,ASO,ES,Towers with Radar,171,71,205,7,454,0,0,238,1,239,171,71,443,8,693,40,0,40,733
05/25/2001,PBI,FL,ASO,ES,Towers with Radar,189,118,136,6,449,0,0,165,0,165,189,118,301,6,614,19,0,19,633
05/26/2001,PBI,FL,ASO,ES,Towers with Radar,157,72,105,2,336,0,0,231,0,231,157,72,336,2,567,48,0,48,615
05/27/2001,PBI,FL,ASO,ES,Towers with Radar,134,54,62,0,250,0,0,96,0,96,134,54,158,0,346,19,0,19,365
05/28/2001,PBI,FL,ASO,ES,Towers with Radar,165,72,115,0,352,0,0,261,0,261,165,72,376,0,613,9,1,10,623
05/29/2001,PBI,FL,ASO,ES,Towers with Radar,167,82,107,2,358,0,0,175,0,175,167,82,282,2,533,21,0,21,554
05/30/2001,PBI,FL,ASO,ES,Towers with Radar,177,67,116,1,361,0,0,158,0,158,177,67,274,1,519,21,2,23,542
05/31/2001,PBI,FL,ASO,ES,Towers with Radar,172,75,125,6,378,0,0,186,0,186,172,75,311,6,564,16,0,16,580
06/01/2001,PBI,FL,ASO,ES,Towers with Radar,155,94,130,2,381,2,0,163,0,165,157,94,293,2,546,6,0,6,552
06/02/2001,PBI,FL,ASO,ES,Towers with Radar,167,57,73,0,297,2,0,122,0,124,169,57,195,0,421,10,0,10,431
06/03/2001,PBI,FL,ASO,ES,Towers with Radar,147,70,101,1,319,2,0,104,0,106,149,70,205,1,425,0,0,0,425
06/04/2001,PBI,FL,ASO,ES,Towers with Radar,156,71,106,7,340,1,0,190,0,191,157,71,296,7,531,54,0,54,585
06/05/2001,PBI,FL,ASO,ES,Towers with Radar,159,88,107,2,356,1,0,157,0,158,160,88,264,2,514,40,0,40,554
06/06/2001,PBI,FL,ASO,ES,Towers with Radar,164,74,117,6,361,1,0,172,0,173,165,74,289,6,534,14,0,14,548
06/07/2001,PBI,FL,ASO,ES,Towers with Radar,172,73,114,7,366,1,0,192,0,193,173,73,306,7,559,6,0,6,565
06/08/2001,PBI,FL,ASO,ES,Towers with Radar,160,71,91,9,331,1,0,175,0,176,161,71,266,9,507,28,2,30,537
06/09/2001,PBI,FL,ASO,ES,Towers with Radar,145,65,78,4,292,1,0,148,0,149,146,65,226,4,441,7,0,7,448
06/10/2001,PBI,FL,ASO,ES,Towers with Radar,153,67,118,7,345,1,0,199,0,200,154,67,317,7,545,34,0,34,579
06/11/2001,PBI,FL,ASO,ES,Towers with Radar,165,75,88,4,332,1,0,187,0,188,166,75,275,4,520,29,0,29,549
06/12/2001,PBI,FL,ASO,ES,Towers with Radar,161,64,98,2,325,1,0,215,0,216,162,64,313,2,541,60,0,60,601
06/13/2001,PBI,FL,ASO,ES,Towers with Radar,160,63,92,6,321,1,0,175,0,176,161,63,267,6,497,14,0,14,511
06/14/2001,PBI,FL,ASO,ES,Towers with Radar,159,65,119,3,346,1,0,204,0,205,160,65,323,3,551,23,0,23,574
06/15/2001,PBI,FL,ASO,ES,Towers with Radar,163,85,122,0,370,1,0,219,0,220,164,85,341,0,590,94,0,94,684
06/16/2001,PBI,FL,ASO,ES,Towers with Radar,161,66,67,1,295,4,0,144,0,148,165,66,211,1,443,8,0,8,451
06/17/2001,PBI,FL,ASO,ES,Towers with Radar,153,56,91,0,300,1,0,174,1,176,154,56,265,1,476,18,0,18,494
06/18/2001,PBI,FL,ASO,ES,Towers with Radar,165,80,140,1,386,11,0,243,0,254,176,80,383,1,640,28,0,28,668
06/19/2001,PBI,FL,ASO,ES,Towers with Radar,158,97,134,0,389,1,0,195,0,196,159,97,329,0,585,18,0,18,603
06/20/2001,PBI,FL,ASO,ES,Towers with Radar,153,77,69,2,301,1,0,183,0,184,154,77,252,2,485,63,0,63,548
06/21/2001,PBI,FL,ASO,ES,Towers with Radar,151,77,99,2,329,1,0,175,0,176,152,77,274,2,505,15,0,15,520
06/22/2001,PBI,FL,ASO,ES,Towers with Radar,160,85,117,6,368,1,0,115,0,116,161,85,232,6,484,11,0,11,495
06/23/2001,PBI,FL,ASO,ES,Towers with Radar,151,66,59,2,278,1,0,156,0,157,152,66,215,2,435,19,0,19,454
06/24/2001,PBI,FL,ASO,ES,Towers with Radar,153,92,107,1,353,1,0,139,0,140,154,92,246,1,493,29,0,29,522
06/25/2001,PBI,FL,ASO,ES,Towers with Radar,161,82,101,0,344,1,0,123,0,124,162,82,224,0,468,6,0,6,474
06/26/2001,PBI,FL,ASO,ES,Towers with Radar,159,94,124,2,379,0,57,167,0,224,159,151,291,2,603,5,0,5,608
06/27/2001,PBI,FL,ASO,ES,Towers with Radar,162,63,106,0,331,1,0,98,1,100,163,63,204,1,431,14,0,14,445
06/28/2001,PBI,FL,ASO,ES,Towers with Radar,162,76,111,1,350,1,0,122,0,123,163,76,233,1,473,0,0,0,473
06/29/2001,PBI,FL,ASO,ES,Towers with Radar,159,85,143,1,388,1,0,222,0,223,160,85,365,1,611,31,0,31,642
06/30/2001,PBI,FL,ASO,ES,Towers with Radar,159,61,83,6,309,1,0,177,0,178,160,61,260,6,487,9,0,9,496
07/01/2001,PBI,FL,ASO,ES,Towers with Radar,141,65,96,3,305,0,0,157,0,157,141,65,253,3,462,4,0,4,466
07/02/2001,PBI,FL,ASO,ES,Towers with Radar,148,74,68,0,290,0,0,168,0,168,148,74,236,0,458,53,0,53,511
07/03/2001,PBI,FL,ASO,ES,Towers with Radar,162,57,107,5,331,0,0,163,0,163,162,57,270,5,494,29,0,29,523
07/04/2001,PBI,FL,ASO,ES,Towers with Radar,158,53,83,0,294,0,0,93,0,93,158,53,176,0,387,57,6,63,450
07/05/2001,PBI,FL,ASO,ES,Towers with Radar,153,76,106,1,336,0,0,188,0,188,153,76,294,1,524,72,0,72,596
07/06/2001,PBI,FL,ASO,ES,Towers with Radar,153,77,129,6,365,0,0,177,0,177,153,77,306,6,542,46,0,46,588
07/07/2001,PBI,FL,ASO,ES,Towers with Radar,153,58,82,2,295,0,0,152,0,152,153,58,234,2,447,49,0,49,496
07/08/2001,PBI,FL,ASO,ES,Towers with Radar,156,63,118,2,339,0,0,171,0,171,156,63,289,2,510,13,0,13,523
07/09/2001,PBI,FL,ASO,ES,Towers with Radar,164,67,101,4,336,0,0,97,0,97,164,67,198,4,433,41,0,41,474
07/10/2001,PBI,FL,ASO,ES,Towers with Radar,165,89,115,3,372,0,0,157,0,157,165,89,272,3,529,27,0,27,556
07/11/2001,PBI,FL,ASO,ES,Towers with Radar,168,77,85,3,333,0,0,112,0,112,168,77,197,3,445,13,0,13,458
07/12/2001,PBI,FL,ASO,ES,Towers with Radar,162,74,137,2,375,0,0,159,0,159,162,74,296,2,534,18,2,20,554
07/13/2001,PBI,FL,ASO,ES,Towers with Radar,167,76,123,3,369,0,0,190,0,190,167,76,313,3,559,50,0,50,609
07/14/2001,PBI,FL,ASO,ES,Towers with Radar,154,57,87,15,313,0,0,78,0,78,154,57,165,15,391,3,0,3,394
07/15/2001,PBI,FL,ASO,ES,Towers with Radar,149,52,123,4,328,0,0,90,0,90,149,52,213,4,418,18,0,18,436
07/16/2001,PBI,FL,ASO,ES,Towers with Radar,163,68,123,0,354,0,8,179,0,187,163,76,302,0,541,33,0,33,574
07/17/2001,PBI,FL,ASO,ES,Towers with Radar,162,65,105,0,332,0,0,123,0,123,162,65,228,0,455,37,0,37,492
07/18/2001,PBI,FL,ASO,ES,Towers with Radar,161,74,94,3,332,0,0,101,0,101,161,74,195,3,433,0,0,0,433
07/19/2001,PBI,FL,ASO,ES,Towers with Radar,156,66,104,0,326,0,2,161,0,163,156,68,265,0,489,50,0,50,539
07/20/2001,PBI,FL,ASO,ES,Towers with Radar,170,73,131,5,379,0,1,174,0,175,170,74,305,5,554,20,0,20,574
07/21/2001,PBI,FL,ASO,ES,Towers with Radar,151,55,72,0,278,0,0,118,0,118,151,55,190,0,396,24,0,24,420
07/22/2001,PBI,FL,ASO,ES,Towers with Radar,154,65,98,2,319,0,0,95,0,95,154,65,193,2,414,24,0,24,438
07/23/2001,PBI,FL,ASO,ES,Towers with Radar,150,72,82,0,304,0,0,37,0,37,150,72,119,0,341,3,0,3,344
07/24/2001,PBI,FL,ASO,ES,Towers with Radar,161,77,102,1,341,0,1,150,0,151,161,78,252,1,492,48,0,48,540
07/25/2001,PBI,FL,ASO,ES,Towers with Radar,147,67,111,2,327,0,0,148,0,148,147,67,259,2,475,27,0,27,502
07/26/2001,PBI,FL,ASO,ES,Towers with Radar,172,123,116,7,418,0,0,175,0,175,172,123,291,7,593,29,0,29,622
07/27/2001,PBI,FL,ASO,ES,Towers with Radar,169,92,117,8,386,0,9,161,0,170,169,101,278,8,556,12,0,12,568
07/28/2001,PBI,FL,ASO,ES,Towers with Radar,151,51,70,1,273,0,0,185,0,185,151,51,255,1,458,40,0,40,498
07/29/2001,PBI,FL,ASO,ES,Towers with Radar,146,61,74,3,284,0,0,134,0,134,146,61,208,3,418,22,0,22,440
07/30/2001,PBI,FL,ASO,ES,Towers with Radar,166,101,96,3,366,0,0,148,0,148,166,101,244,3,514,32,0,32,546
07/31/2001,PBI,FL,ASO,ES,Towers with Radar,172,89,126,14,401,0,0,226,0,226,172,89,352,14,627,32,0,32,659
08/01/2001,PBI,FL,ASO,ES,Towers with Radar,167,72,107,3,349,9,5,74,1,89,176,77,181,4,438,6,0,6,444
08/02/2001,PBI,FL,ASO,ES,Towers with Radar,157,70,93,0,320,0,0,34,0,34,157,70,127,0,354,5,0,5,359
08/03/2001,PBI,FL,ASO,ES,Towers with Radar,152,74,99,5,330,0,0,34,0,34,152,74,133,5,364,8,0,8,372
08/04/2001,PBI,FL,ASO,ES,Towers with Radar,151,55,95,3,304,0,2,107,0,109,151,57,202,3,413,29,0,29,442
08/05/2001,PBI,FL,ASO,ES,Towers with Radar,156,56,86,7,305,0,0,136,0,136,156,56,222,7,441,15,2,17,458
08/06/2001,PBI,FL,ASO,ES,Towers with Radar,149,69,96,7,321,0,0,101,0,101,149,69,197,7,422,12,0,12,434
08/07/2001,PBI,FL,ASO,ES,Towers with Radar,165,85,90,4,344,0,1,132,0,133,165,86,222,4,477,38,0,38,515
08/08/2001,PBI,FL,ASO,ES,Towers with Radar,172,76,101,0,349,0,0,175,0,175,172,76,276,0,524,31,0,31,555
08/09/2001,PBI,FL,ASO,ES,Towers with Radar,184,106,156,11,457,0,0,124,0,124,184,106,280,11,581,0,0,0,581
08/10/2001,PBI,FL,ASO,ES,Towers with Radar,162,81,132,5,380,0,0,206,0,206,162,81,338,5,586,36,0,36,622
08/11/2001,PBI,FL,ASO,ES,Towers with Radar,159,60,63,6,288,0,0,140,0,140,159,60,203,6,428,23,0,23,451
08/12/2001,PBI,FL,ASO,ES,Towers with Radar,149,56,87,4,296,0,0,152,0,152,149,56,239,4,448,20,0,20,468
08/13/2001,PBI,FL,ASO,ES,Towers with Radar,160,88,120,5,373,0,0,166,0,166,160,88,286,5,539,22,0,22,561
08/14/2001,PBI,FL,ASO,ES,Towers with Radar,179,91,111,2,383,0,0,144,0,144,179,91,255,2,527,18,0,18,545
08/15/2001,PBI,FL,ASO,ES,Towers with Radar,151,78,112,2,343,0,0,136,0,136,151,78,248,2,479,31,0,31,510
08/16/2001,PBI,FL,ASO,ES,Towers with Radar,160,77,111,2,350,0,0,165,0,165,160,77,276,2,515,33,0,33,548
08/17/2001,PBI,FL,ASO,ES,Towers with Radar,157,87,107,3,354,0,0,160,0,160,157,87,267,3,514,12,0,12,526
08/18/2001,PBI,FL,ASO,ES,Towers with Radar,154,70,47,7,278,0,0,123,0,123,154,70,170,7,401,12,6,18,419
08/19/2001,PBI,FL,ASO,ES,Towers with Radar,152,71,77,1,301,0,0,134,0,134,152,71,211,1,435,14,0,14,449
08/20/2001,PBI,FL,ASO,ES,Towers with Radar,152,73,102,1,328,0,0,106,0,106,152,73,208,1,434,29,0,29,463
08/21/2001,PBI,FL,ASO,ES,Towers with Radar,167,78,88,1,334,0,0,85,0,85,167,78,173,1,419,14,0,14,433
08/22/2001,PBI,FL,ASO,ES,Towers with Radar,170,91,92,1,354,0,0,135,0,135,170,91,227,1,489,12,0,12,501
08/23/2001,PBI,FL,ASO,ES,Towers with Radar,159,87,95,3,344,0,0,128,0,128,159,87,223,3,472,60,0,60,532
08/24/2001,PBI,FL,ASO,ES,Towers with Radar,156,82,90,8,336,0,0,153,0,153,156,82,243,8,489,54,1,55,544
08/25/2001,PBI,FL,ASO,ES,Towers with Radar,167,70,62,7,306,0,0,117,0,117,167,70,179,7,423,31,10,41,464
08/26/2001,PBI,FL,ASO,ES,Towers with Radar,152,68,81,0,301,0,0,187,0,187,152,68,268,0,488,20,0,20,508
08/27/2001,PBI,FL,ASO,ES,Towers with Radar,144,79,87,6,316,0,0,89,0,89,144,79,176,6,405,50,0,50,455
08/28/2001,PBI,FL,ASO,ES,Towers with Radar,163,86,79,5,333,0,0,121,0,121,163,86,200,5,454,12,0,12,466
08/29/2001,PBI,FL,ASO,ES,Towers with Radar,156,78,82,3,319,0,0,153,0,153,156,78,235,3,472,62,0,62,534
08/30/2001,PBI,FL,ASO,ES,Towers with Radar,150,73,106,3,332,0,0,190,0,190,150,73,296,3,522,46,0,46,568
08/31/2001,PBI,FL,ASO,ES,Towers with Radar,165,98,100,1,364,0,0,188,0,188,165,98,288,1,552,24,0,24,576
09/01/2001,PBI,FL,ASO,ES,Towers with Radar,146,73,50,5,274,0,0,143,1,144,146,73,193,6,418,15,2,17,435
09/02/2001,PBI,FL,ASO,ES,Towers with Radar,134,58,44,8,244,0,0,119,0,119,134,58,163,8,363,31,0,31,394
09/03/2001,PBI,FL,ASO,ES,Towers with Radar,148,109,165,0,422,0,0,223,0,223,148,109,388,0,645,10,0,10,655
09/04/2001,PBI,FL,ASO,ES,Towers with Radar,158,98,107,1,364,0,0,118,0,118,158,98,225,1,482,2,0,2,484
09/05/2001,PBI,FL,ASO,ES,Towers with Radar,157,72,115,1,345,0,0,119,0,119,157,72,234,1,464,16,0,16,480
09/06/2001,PBI,FL,ASO,ES,Towers with Radar,164,85,105,0,354,0,1,56,0,57,164,86,161,0,411,37,0,37,448
09/07/2001,PBI,FL,ASO,ES,Towers with Radar,162,105,83,0,350,0,2,96,0,98,162,107,179,0,448,21,0,21,469
09/08/2001,PBI,FL,ASO,ES,Towers with Radar,148,53,48,3,252,0,0,52,0,52,148,53,100,3,304,4,0,4,308
09/09/2001,PBI,FL,ASO,ES,Towers with Radar,143,64,73,5,285,0,0,56,0,56,143,64,129,5,341,10,0,10,351
09/10/2001,PBI,FL,ASO,ES,Towers with Radar,140,70,93,2,305,8,1,75,0,84,148,71,168,2,389,23,0,23,412
09/11/2001,PBI,FL,ASO,ES,Towers with Radar,48,18,36,1,103,13,4,32,0,49,61,22,68,1,152,4,0,4,156
09/12/2001,PBI,FL,ASO,ES,Towers with Radar,0,0,0,0,0,0,0,0,0,0,0,0,0,0,0,0,0,0,0
09/13/2001,PBI,FL,ASO,ES,Towers with Radar,9,15,9,5,38,0,0,1,0,1,9,15,10,5,39,0,0,0,39
09/14/2001,PBI,FL,ASO,ES,Towers with Radar,56,55,16,0,127,0,0,13,0,13,56,55,29,0,140,0,0,0,140
09/15/2001,PBI,FL,ASO,ES,Towers with Radar,109,77,46,3,235,0,1,12,0,13,109,78,58,3,248,0,0,0,248
09/16/2001,PBI,FL,ASO,ES,Towers with Radar,117,86,87,1,291,0,7,3,0,10,117,93,90,1,301,2,0,2,303
09/17/2001,PBI,FL,ASO,ES,Towers with Radar,134,69,162,3,368,0,1,10,0,11,134,70,172,3,379,0,4,4,383
09/18/2001,PBI,FL,ASO,ES,Towers with Radar,153,63,213,4,433,0,4,21,0,25,153,67,234,4,458,12,0,12,470
09/19/2001,PBI,FL,ASO,ES,Towers with Radar,150,69,139,6,364,0,0,14,0,14,150,69,153,6,378,0,0,0,378
09/20/2001,PBI,FL,ASO,ES,Towers with Radar,149,69,132,3,353,0,0,50,0,50,149,69,182,3,403,28,0,28,431
09/21/2001,PBI,FL,ASO,ES,Towers with Radar,134,93,164,8,399,0,0,102,0,102,134,93,266,8,501,8,0,8,509
09/22/2001,PBI,FL,ASO,ES,Towers with Radar,140,55,83,1,279,0,0,81,0,81,140,55,164,1,360,34,0,34,394
09/23/2001,PBI,FL,ASO,ES,Towers with Radar,118,64,97,0,279,0,0,65,0,65,118,64,162,0,344,0,0,0,344
09/24/2001,PBI,FL,ASO,ES,Towers with Radar,127,75,131,3,336,0,0,75,0,75,127,75,206,3,411,14,0,14,425
09/25/2001,PBI,FL,ASO,ES,Towers with Radar,137,60,87,5,289,0,1,97,0,98,137,61,184,5,387,14,0,14,401
09/26/2001,PBI,FL,ASO,ES,Towers with Radar,127,63,115,6,311,0,0,71,0,71,127,63,186,6,382,24,0,24,406
09/27/2001,PBI,FL,ASO,ES,Towers with Radar,126,71,111,3,311,0,1,47,0,48,126,72,158,3,359,24,0,24,383
09/28/2001,PBI,FL,ASO,ES,Towers with Radar,137,77,111,1,326,0,0,32,0,32,137,77,143,1,358,8,0,8,366
09/29/2001,PBI,FL,ASO,ES,Towers with Radar,142,61,84,1,288,0,0,21,0,21,142,61,105,1,309,10,0,10,319
09/30/2001,PBI,FL,ASO,ES,Towers with Radar,123,70,86,4,283,0,0,54,0,54,123,70,140,4,337,4,0,4,341
10/01/2001,PBI,FL,ASO,ES,Towers with Radar,125,67,86,2,280,0,0,91,0,91,125,67,177,2,371,34,0,34,405
10/02/2001,PBI,FL,ASO,ES,Towers with Radar,140,81,99,4,324,0,0,110,0,110,140,81,209,4,434,16,0,16,450
10/03/2001,PBI,FL,ASO,ES,Towers with Radar,127,95,107,2,331,0,0,99,1,100,127,95,206,3,431,24,0,24,455
10/04/2001,PBI,FL,ASO,ES,Towers with Radar,126,89,132,4,351,0,3,68,0,71,126,92,200,4,422,17,1,18,440
10/05/2001,PBI,FL,ASO,ES,Towers with Radar,131,94,117,1,343,0,0,113,0,113,131,94,230,1,456,38,0,38,494
10/06/2001,PBI,FL,ASO,ES,Towers with Radar,139,73,71,0,283,0,0,85,0,85,139,73,156,0,368,21,0,21,389
10/07/2001,PBI,FL,ASO,ES,Towers with Radar,113,92,98,2,305,0,0,90,0,90,113,92,188,2,395,23,0,23,418
10/08/2001,PBI,FL,ASO,ES,Towers with Radar,122,86,102,5,315,0,0,66,0,66,122,86,168,5,381,0,0,0,381
10/09/2001,PBI,FL,ASO,ES,Towers with Radar,117,80,102,3,302,10,2,36,3,51,127,82,138,6,353,2,0,2,355
10/10/2001,PBI,FL,ASO,ES,Towers with Radar,123,66,110,2,301,0,0,112,0,112,123,66,222,2,413,31,0,31,444
10/11/2001,PBI,FL,ASO,ES,Towers with Radar,122,81,136,3,342,0,1,78,0,79,122,82,214,3,421,54,10,64,485
10/12/2001,PBI,FL,ASO,ES,Towers with Radar,128,93,131,5,357,3,2,117,0,122,131,95,248,5,479,20,0,20,499
10/13/2001,PBI,FL,ASO,ES,Towers with Radar,120,63,89,4,276,0,0,80,0,80,120,63,169,4,356,14,0,14,370
10/14/2001,PBI,FL,ASO,ES,Towers with Radar,115,78,97,3,293,0,0,83,0,83,115,78,180,3,376,16,0,16,392
10/15/2001,PBI,FL,ASO,ES,Towers with Radar,129,87,101,3,320,0,0,54,0,54,129,87,155,3,374,6,0,6,380
10/16/2001,PBI,FL,ASO,ES,Towers with Radar,139,97,113,6,355,2,0,104,0,106,141,97,217,6,461,14,0,14,475
10/17/2001,PBI,FL,ASO,ES,Towers with Radar,123,77,110,5,315,0,0,56,0,56,123,77,166,5,371,15,0,15,386
10/18/2001,PBI,FL,ASO,ES,Towers with Radar,129,90,110,8,337,0,0,53,0,53,129,90,163,8,390,2,0,2,392
10/19/2001,PBI,FL,ASO,ES,Towers with Radar,123,92,106,5,326,0,0,59,0,59,123,92,165,5,385,19,0,19,404
10/20/2001,PBI,FL,ASO,ES,Towers with Radar,120,74,94,2,290,0,0,57,0,57,120,74,151,2,347,10,0,10,357
10/21/2001,PBI,FL,ASO,ES,Towers with Radar,118,87,87,2,294,0,0,58,0,58,118,87,145,2,352,17,1,18,370
10/22/2001,PBI,FL,ASO,ES,Towers with Radar,132,110,106,3,351,0,0,21,0,21,132,110,127,3,372,0,0,0,372
10/23/2001,PBI,FL,ASO,ES,Towers with Radar,129,109,119,5,362,0,0,83,0,83,129,109,202,5,445,0,0,0,445
10/24/2001,PBI,FL,ASO,ES,Towers with Radar,116,82,128,3,329,0,0,27,0,27,116,82,155,3,356,0,0,0,356
10/25/2001,PBI,FL,ASO,ES,Towers with Radar,131,100,157,6,394,0,0,80,0,80,131,100,237,6,474,6,0,6,480
10/26/2001,PBI,FL,ASO,ES,Towers with Radar,141,101,158,5,405,0,2,64,1,67,141,103,222,6,472,0,1,1,473
10/27/2001,PBI,FL,ASO,ES,Towers with Radar,119,67,88,4,278,0,0,72,0,72,119,67,160,4,350,9,0,9,359
10/28/2001,PBI,FL,ASO,ES,Towers with Radar,113,100,104,3,320,0,0,97,0,97,113,100,201,3,417,6,0,6,423
10/29/2001,PBI,FL,ASO,ES,Towers with Radar,128,82,103,6,319,0,0,87,0,87,128,82,190,6,406,3,6,9,415
10/30/2001,PBI,FL,ASO,ES,Towers with Radar,127,89,94,2,312,0,0,79,0,79,127,89,173,2,391,6,0,6,397
10/31/2001,PBI,FL,ASO,ES,Towers with Radar,123,86,95,4,308,0,2,90,0,92,123,88,185,4,400,6,0,6,406
11/01/2001,PBI,FL,ASO,ES,Towers with Radar,135,99,125,5,364,0,8,86,0,94,135,107,211,5,458,11,0,11,469
11/02/2001,PBI,FL,ASO,ES,Towers with Radar,130,104,129,4,367,0,1,86,0,87,130,105,215,4,454,4,0,4,458
11/03/2001,PBI,FL,ASO,ES,Towers with Radar,133,72,76,1,282,0,3,51,0,54,133,75,127,1,336,4,0,4,340
11/04/2001,PBI,FL,ASO,ES,Towers with Radar,137,104,102,5,348,0,1,19,1,21,137,105,121,6,369,2,0,2,371
11/05/2001,PBI,FL,ASO,ES,Towers with Radar,141,60,53,1,255,0,1,16,0,17,141,61,69,1,272,0,0,0,272
11/06/2001,PBI,FL,ASO,ES,Towers with Radar,140,95,100,0,335,0,1,103,0,104,140,96,203,0,439,5,1,6,445
11/07/2001,PBI,FL,ASO,ES,Towers with Radar,121,98,102,4,325,0,1,118,0,119,121,99,220,4,444,26,0,26,470
11/08/2001,PBI,FL,ASO,ES,Towers with Radar,150,100,116,6,372,0,1,109,1,111,150,101,225,7,483,29,0,29,512
11/09/2001,PBI,FL,ASO,ES,Towers with Radar,132,111,137,22,402,0,1,141,0,142,132,112,278,22,544,24,0,24,568
11/10/2001,PBI,FL,ASO,ES,Towers with Radar,146,75,86,4,311,0,1,123,0,124,146,76,209,4,435,17,0,17,452
11/11/2001,PBI,FL,ASO,ES,Towers with Radar,137,103,148,2,390,0,4,122,0,126,137,107,270,2,516,9,0,9,525
11/12/2001,PBI,FL,ASO,ES,Towers with Radar,126,93,145,0,364,0,0,129,0,129,126,93,274,0,493,14,0,14,507
11/13/2001,PBI,FL,ASO,ES,Towers with Radar,156,103,167,11,437,0,0,141,0,141,156,103,308,11,578,40,0,40,618
11/14/2001,PBI,FL,ASO,ES,Towers with Radar,149,117,163,2,431,0,0,124,0,124,149,117,287,2,555,10,0,10,565
11/15/2001,PBI,FL,ASO,ES,Towers with Radar,152,141,228,2,523,0,0,70,0,70,152,141,298,2,593,21,0,21,614
11/16/2001,PBI,FL,ASO,ES,Towers with Radar,142,149,201,7,499,0,2,103,5,110,142,151,304,12,609,2,2,4,613
11/17/2001,PBI,FL,ASO,ES,Towers with Radar,148,86,139,3,376,0,0,127,0,127,148,86,266,3,503,2,0,2,505
11/18/2001,PBI,FL,ASO,ES,Towers with Radar,150,128,131,4,413,0,0,130,0,130,150,128,261,4,543,15,0,15,558
11/19/2001,PBI,FL,ASO,ES,Towers with Radar,153,96,127,2,378,0,0,109,0,109,153,96,236,2,487,24,0,24,511
11/20/2001,PBI,FL,ASO,ES,Towers with Radar,162,136,174,6,478,0,0,156,2,158,162,136,330,8,636,31,6,37,673
11/21/2001,PBI,FL,ASO,ES,Towers with Radar,133,150,204,31,518,0,0,168,0,168,133,150,372,31,686,10,0,10,696
11/22/2001,PBI,FL,ASO,ES,Towers with Radar,79,49,74,0,202,50,0,15,0,65,129,49,89,0,267,0,0,0,267
11/23/2001,PBI,FL,ASO,ES,Towers with Radar,131,80,107,0,318,0,0,100,0,100,131,80,207,0,418,10,0,10,428
11/24/2001,PBI,FL,ASO,ES,Towers with Radar,154,94,137,0,385,0,0,110,0,110,154,94,247,0,495,18,0,18,513
11/25/2001,PBI,FL,ASO,ES,Towers with Radar,144,198,267,0,609,0,2,108,0,110,144,200,375,0,719,3,0,3,722
11/26/2001,PBI,FL,ASO,ES,Towers with Radar,145,141,152,1,439,0,0,89,0,89,145,141,241,1,528,8,0,8,536
11/27/2001,PBI,FL,ASO,ES,Towers with Radar,158,93,94,8,353,0,0,107,0,107,158,93,201,8,460,43,0,43,503
11/28/2001,PBI,FL,ASO,ES,Towers with Radar,141,96,136,6,379,0,0,82,0,82,141,96,218,6,461,0,0,0,461
11/29/2001,PBI,FL,ASO,ES,Towers with Radar,138,89,104,0,331,0,0,103,0,103,138,89,207,0,434,6,0,6,440
11/30/2001,PBI,FL,ASO,ES,Towers with Radar,150,114,182,7,453,0,1,120,0,121,150,115,302,7,574,25,0,25,599
12/01/2001,PBI,FL,ASO,ES,Towers with Radar,137,82,106,3,328,0,0,113,0,113,137,82,219,3,441,14,0,14,455
12/02/2001,PBI,FL,ASO,ES,Towers with Radar,132,114,156,6,408,0,0,85,0,85,132,114,241,6,493,14,0,14,507
12/03/2001,PBI,FL,ASO,ES,Towers with Radar,145,92,151,11,399,0,0,90,0,90,145,92,241,11,489,36,0,36,525
12/04/2001,PBI,FL,ASO,ES,Towers with Radar,153,92,163,5,413,0,1,112,0,113,153,93,275,5,526,20,0,20,546
12/05/2001,PBI,FL,ASO,ES,Towers with Radar,145,90,128,3,366,0,0,86,0,86,145,90,214,3,452,4,0,4,456
12/06/2001,PBI,FL,ASO,ES,Towers with Radar,151,116,157,6,430,0,0,95,0,95,151,116,252,6,525,2,0,2,527
12/07/2001,PBI,FL,ASO,ES,Towers with Radar,159,115,152,5,431,0,0,80,0,80,159,115,232,5,511,27,0,27,538
12/08/2001,PBI,FL,ASO,ES,Towers with Radar,160,75,114,7,356,0,0,104,0,104,160,75,218,7,460,14,0,14,474
12/09/2001,PBI,FL,ASO,ES,Towers with Radar,140,103,128,3,374,0,0,120,0,120,140,103,248,3,494,16,0,16,510
12/10/2001,PBI,FL,ASO,ES,Towers with Radar,153,82,122,5,362,0,3,141,0,144,153,85,263,5,506,13,0,13,519
12/11/2001,PBI,FL,ASO,ES,Towers with Radar,162,71,126,4,363,0,0,130,1,131,162,71,256,5,494,10,0,10,504
12/12/2001,PBI,FL,ASO,ES,Towers with Radar,147,77,132,0,356,0,0,122,0,122,147,77,254,0,478,4,0,4,482
12/13/2001,PBI,FL,ASO,ES,Towers with Radar,148,98,171,2,419,2,1,99,0,102,150,99,270,2,521,16,0,16,537
12/14/2001,PBI,FL,ASO,ES,Towers with Radar,161,117,147,1,426,0,3,125,0,128,161,120,272,1,554,25,0,25,579
12/15/2001,PBI,FL,ASO,ES,Towers with Radar,172,74,96,0,342,0,0,146,0,146,172,74,242,0,488,22,0,22,510
12/16/2001,PBI,FL,ASO,ES,Towers with Radar,141,93,125,0,359,0,0,90,0,90,141,93,215,0,449,26,0,26,475
12/17/2001,PBI,FL,ASO,ES,Towers with Radar,160,100,153,5,418,0,0,75,0,75,160,100,228,5,493,22,0,22,515
12/18/2001,PBI,FL,ASO,ES,Towers with Radar,165,88,146,3,402,0,0,85,0,85,165,88,231,3,487,7,0,7,494
12/19/2001,PBI,FL,ASO,ES,Towers with Radar,167,107,177,5,456,0,0,137,0,137,167,107,314,5,593,5,0,5,598
12/20/2001,PBI,FL,ASO,ES,Towers with Radar,187,133,149,7,476,0,0,125,0,125,187,133,274,7,601,8,0,8,609
12/21/2001,PBI,FL,ASO,ES,Towers with Radar,182,141,187,2,512,0,0,165,0,165,182,141,352,2,677,0,0,0,677
12/22/2001,PBI,FL,ASO,ES,Towers with Radar,174,129,174,0,477,0,0,113,0,113,174,129,287,0,590,5,0,5,595
12/23/2001,PBI,FL,ASO,ES,Towers with Radar,155,106,104,0,365,0,0,99,0,99,155,106,203,0,464,17,0,17,481
12/24/2001,PBI,FL,ASO,ES,Towers with Radar,149,73,70,0,292,0,0,51,0,51,149,73,121,0,343,0,0,0,343
12/25/2001,PBI,FL,ASO,ES,Towers with Radar,142,79,54,0,275,0,0,32,0,32,142,79,86,0,307,1,0,1,308
12/26/2001,PBI,FL,ASO,ES,Towers with Radar,170,197,248,4,619,0,0,118,0,118,170,197,366,4,737,2,0,2,739
12/27/2001,PBI,FL,ASO,ES,Towers with Radar,167,171,269,1,608,0,0,143,0,143,167,171,412,1,751,14,0,14,765
12/28/2001,PBI,FL,ASO,ES,Towers with Radar,182,133,211,5,531,0,0,178,0,178,182,133,389,5,709,2,0,2,711
12/29/2001,PBI,FL,ASO,ES,Towers with Radar,155,102,147,0,404,0,1,113,0,114,155,103,260,0,518,8,0,8,526
12/30/2001,PBI,FL,ASO,ES,Towers with Radar,162,107,182,1,452,0,0,119,0,119,162,107,301,1,571,4,0,4,575
12/31/2001,PBI,FL,ASO,ES,Towers with Radar,167,78,114,1,360,0,0,64,0,64,167,78,178,1,424,23,0,23,447
01/01/2002,PBI,FL,ASO,ES,Towers with Radar,148,153,195,0,496,0,2,162,0,164,148,155,357,0,660,34,0,34,694
01/02/2002,PBI,FL,ASO,ES,Towers with Radar,153,170,212,0,535,0,1,94,0,95,153,171,306,0,630,0,0,0,630
01/03/2002,PBI,FL,ASO,ES,Towers with Radar,148,143,202,0,493,0,1,91,0,92,148,144,293,0,585,23,0,23,608
01/04/2002,PBI,FL,ASO,ES,Towers with Radar,154,136,188,0,478,0,1,133,0,134,154,137,321,0,612,10,0,10,622
01/05/2002,PBI,FL,ASO,ES,Towers with Radar,159,163,209,0,531,0,1,121,0,122,159,164,330,0,653,21,0,21,674
01/06/2002,PBI,FL,ASO,ES,Towers with Radar,154,134,191,5,484,0,1,78,1,80,154,135,269,6,564,14,0,14,578
01/07/2002,PBI,FL,ASO,ES,Towers with Radar,161,102,150,5,418,0,1,76,1,78,161,103,226,6,496,1,0,1,497
01/08/2002,PBI,FL,ASO,ES,Towers with Radar,166,92,128,8,394,0,1,115,1,117,166,93,243,9,511,9,0,9,520
01/09/2002,PBI,FL,ASO,ES,Towers with Radar,156,78,113,1,348,0,1,117,0,118,156,79,230,1,466,20,0,20,486
01/10/2002,PBI,FL,ASO,ES,Towers with Radar,155,125,157,3,440,0,2,133,0,135,155,127,290,3,575,10,0,10,585
01/11/2002,PBI,FL,ASO,ES,Towers with Radar,157,109,159,8,433,0,1,135,0,136,157,110,294,8,569,19,0,19,588
01/12/2002,PBI,FL,ASO,ES,Towers with Radar,154,97,128,6,385,0,1,120,0,121,154,98,248,6,506,23,0,23,529
01/13/2002,PBI,FL,ASO,ES,Towers with Radar,144,114,163,3,424,0,5,78,0,83,144,119,241,3,507,2,0,2,509
01/14/2002,PBI,FL,ASO,ES,Towers with Radar,162,103,164,2,431,0,1,100,0,101,162,104,264,2,532,12,0,12,544
01/15/2002,PBI,FL,ASO,ES,Towers with Radar,158,98,156,3,415,0,1,67,0,68,158,99,223,3,483,9,0,9,492
01/16/2002,PBI,FL,ASO,ES,Towers with Radar,159,115,171,2,447,0,1,131,0,132,159,116,302,2,579,12,0,12,591
01/17/2002,PBI,FL,ASO,ES,Towers with Radar,160,133,256,6,555,0,2,152,0,154,160,135,408,6,709,6,0,6,715
01/18/2002,PBI,FL,ASO,ES,Towers with Radar,163,169,212,8,552,0,1,108,1,110,163,170,320,9,662,3,0,3,665
01/19/2002,PBI,FL,ASO,ES,Towers with Radar,130,71,147,0,348,37,0,101,0,138,167,71,248,0,486,28,0,28,514
01/20/2002,PBI,FL,ASO,ES,Towers with Radar,147,119,162,0,428,0,6,113,0,119,147,125,275,0,547,8,0,8,555
01/21/2002,PBI,FL,ASO,ES,Towers with Radar,163,178,265,4,610,0,1,165,0,166,163,179,430,4,776,2,0,2,778
01/22/2002,PBI,FL,ASO,ES,Towers with Radar,157,108,187,3,455,0,1,90,0,91,157,109,277,3,546,12,0,12,558
01/23/2002,PBI,FL,ASO,ES,Towers with Radar,160,126,178,6,470,0,1,125,0,126,160,127,303,6,596,6,0,6,602
01/24/2002,PBI,FL,ASO,ES,Towers with Radar,158,120,211,8,497,0,2,137,0,139,158,122,348,8,636,2,2,4,640
01/25/2002,PBI,FL,ASO,ES,Towers with Radar,162,151,239,10,562,0,1,139,0,140,162,152,378,10,702,22,0,22,724
01/26/2002,PBI,FL,ASO,ES,Towers with Radar,161,114,126,5,406,0,1,147,0,148,161,115,273,5,554,2,0,2,556
01/27/2002,PBI,FL,ASO,ES,Towers with Radar,155,167,210,2,534,0,3,115,0,118,155,170,325,2,652,18,0,18,670
01/28/2002,PBI,FL,ASO,ES,Towers with Radar,155,110,154,6,425,0,4,84,0,88,155,114,238,6,513,10,0,10,523
01/29/2002,PBI,FL,ASO,ES,Towers with Radar,163,95,179,5,442,0,3,88,0,91,163,98,267,5,533,10,0,10,543
01/30/2002,PBI,FL,ASO,ES,Towers with Radar,158,94,187,5,444,0,1,102,0,103,158,95,289,5,547,5,1,6,553
01/31/2002,PBI,FL,ASO,ES,Towers with Radar,165,115,216,2,498,0,0,136,0,136,165,115,352,2,634,37,2,39,673
02/01/2002,PBI,FL,ASO,ES,Towers with Radar,164,132,241,6,543,0,1,106,0,107,164,133,347,6,650,2,0,2,652
02/02/2002,PBI,FL,ASO,ES,Towers with Radar,164,69,151,2,386,0,1,89,0,90,164,70,240,2,476,5,0,5,481
02/03/2002,PBI,FL,ASO,ES,Towers with Radar,140,141,220,1,502,0,2,112,0,114,140,143,332,1,616,10,0,10,626
02/04/2002,PBI,FL,ASO,ES,Towers with Radar,158,110,197,0,465,0,0,98,0,98,158,110,295,0,563,10,0,10,573
02/05/2002,PBI,FL,ASO,ES,Towers with Radar,164,97,166,3,430,0,0,125,0,125,164,97,291,3,555,5,0,5,560
02/06/2002,PBI,FL,ASO,ES,Towers with Radar,143,109,184,0,436,8,0,105,0,113,151,109,289,0,549,11,2,13,562
02/07/2002,PBI,FL,ASO,ES,Towers with Radar,164,139,214,7,524,0,0,142,0,142,164,139,356,7,666,24,0,24,690
02/08/2002,PBI,FL,ASO,ES,Towers with Radar,179,124,235,3,541,0,0,124,0,124,179,124,359,3,665,28,0,28,693
02/09/2002,PBI,FL,ASO,ES,Towers with Radar,146,99,169,4,418,0,0,97,0,97,146,99,266,4,515,8,2,10,525
02/10/2002,PBI,FL,ASO,ES,Towers with Radar,155,168,202,0,525,0,0,37,1,38,155,168,239,1,563,0,0,0,563
02/11/2002,PBI,FL,ASO,ES,Towers with Radar,161,133,206,4,504,0,2,142,1,145,161,135,348,5,649,11,0,11,660
02/12/2002,PBI,FL,ASO,ES,Towers with Radar,172,122,190,8,492,0,0,144,1,145,172,122,334,9,637,6,0,6,643
02/13/2002,PBI,FL,ASO,ES,Towers with Radar,167,119,236,6,528,0,2,134,0,136,167,121,370,6,664,24,0,24,688
02/14/2002,PBI,FL,ASO,ES,Towers with Radar,166,161,278,1,606,0,1,70,0,71,166,162,348,1,677,0,0,0,677
02/15/2002,PBI,FL,ASO,ES,Towers with Radar,170,206,309,16,701,0,2,120,0,122,170,208,429,16,823,4,0,4,827
02/16/2002,PBI,FL,ASO,ES,Towers with Radar,172,140,215,2,529,0,0,54,0,54,172,140,269,2,583,20,0,20,603
02/17/2002,PBI,FL,ASO,ES,Towers with Radar,168,115,204,3,490,0,1,204,0,205,168,116,408,3,695,42,4,46,741
02/18/2002,PBI,FL,ASO,ES,Towers with Radar,176,188,306,2,672,0,1,205,0,206,176,189,511,2,878,12,1,13,891
02/19/2002,PBI,FL,ASO,ES,Towers with Radar,171,150,212,5,538,0,97,67,0,164,171,247,279,5,702,45,1,46,748
02/20/2002,PBI,FL,ASO,ES,Towers with Radar,170,100,239,5,514,0,0,122,0,122,170,100,361,5,636,0,0,0,636
02/21/2002,PBI,FL,ASO,ES,Towers with Radar,168,113,221,8,510,0,0,133,0,133,168,113,354,8,643,2,0,2,645
02/22/2002,PBI,FL,ASO,ES,Towers with Radar,175,128,192,0,495,0,0,108,0,108,175,128,300,0,603,46,0,46,649
02/23/2002,PBI,FL,ASO,ES,Towers with Radar,168,115,174,2,459,0,1,37,0,38,168,116,211,2,497,12,0,12,509
02/24/2002,PBI,FL,ASO,ES,Towers with Radar,173,175,283,0,631,0,0,204,0,204,173,175,487,0,835,36,7,43,878
02/25/2002,PBI,FL,ASO,ES,Towers with Radar,158,108,148,6,420,0,0,132,0,132,158,108,280,6,552,9,0,9,561
02/26/2002,PBI,FL,ASO,ES,Towers with Radar,160,99,191,2,452,0,0,148,0,148,160,99,339,2,600,22,0,22,622
02/27/2002,PBI,FL,ASO,ES,Towers with Radar,174,113,179,9,475,0,0,104,0,104,174,113,283,9,579,6,0,6,585
02/28/2002,PBI,FL,ASO,ES,Towers with Radar,173,127,235,3,538,0,1,150,0,151,173,128,385,3,689,6,0,6,695
03/01/2002,PBI,FL,ASO,ES,Towers with Radar,171,121,219,17,528,1,0,111,0,112,172,121,330,17,640,4,1,5,645
03/02/2002,PBI,FL,ASO,ES,Towers with Radar,122,90,157,3,372,36,4,62,2,104,158,94,219,5,476,10,0,10,486
03/03/2002,PBI,FL,ASO,ES,Towers with Radar,149,159,242,0,550,0,2,96,0,98,149,161,338,0,648,10,0,10,658
03/04/2002,PBI,FL,ASO,ES,Towers with Radar,168,115,233,9,525,0,1,31,0,32,168,116,264,9,557,0,0,0,557
03/05/2002,PBI,FL,ASO,ES,Towers with Radar,176,115,178,2,471,0,1,106,0,107,176,116,284,2,578,0,0,0,578
03/06/2002,PBI,FL,ASO,ES,Towers with Radar,166,94,177,10,447,0,1,115,1,117,166,95,292,11,564,9,0,9,573
03/07/2002,PBI,FL,ASO,ES,Towers with Radar,173,113,210,6,502,0,2,77,1,80,173,115,287,7,582,43,0,43,625
03/08/2002,PBI,FL,ASO,ES,Towers with Radar,157,128,228,4,517,0,0,147,1,148,157,128,375,5,665,17,0,17,682
03/09/2002,PBI,FL,ASO,ES,Towers with Radar,168,90,142,0,400,0,1,180,1,182,168,91,322,1,582,15,0,15,597
03/10/2002,PBI,FL,ASO,ES,Towers with Radar,149,150,228,5,532,0,1,159,0,160,149,151,387,5,692,3,0,3,695
03/11/2002,PBI,FL,ASO,ES,Towers with Radar,167,124,168,4,463,0,2,136,0,138,167,126,304,4,601,10,0,10,611
03/12/2002,PBI,FL,ASO,ES,Towers with Radar,181,96,194,9,480,2,1,124,0,127,183,97,318,9,607,15,0,15,622
03/13/2002,PBI,FL,ASO,ES,Towers with Radar,166,107,228,2,503,0,3,152,0,155,166,110,380,2,658,20,0,20,678
03/14/2002,PBI,FL,ASO,ES,Towers with Radar,174,143,270,4,591,0,1,151,0,152,174,144,421,4,743,28,0,28,771
03/15/2002,PBI,FL,ASO,ES,Towers with Radar,180,131,221,5,537,0,1,169,0,170,180,132,390,5,707,5,0,5,712
03/16/2002,PBI,FL,ASO,ES,Towers with Radar,159,124,205,5,493,0,1,195,1,197,159,125,400,6,690,6,0,6,696
03/17/2002,PBI,FL,ASO,ES,Towers with Radar,155,147,221,2,525,0,0,172,0,172,155,147,393,2,697,8,0,8,705
03/18/2002,PBI,FL,ASO,ES,Towers with Radar,164,128,191,5,488,0,0,136,0,136,164,128,327,5,624,26,0,26,650
03/19/2002,PBI,FL,ASO,ES,Towers with Radar,178,117,178,3,476,0,0,143,0,143,178,117,321,3,619,42,0,42,661
03/20/2002,PBI,FL,ASO,ES,Towers with Radar,173,105,188,5,471,0,1,122,0,123,173,106,310,5,594,26,0,26,620
03/21/2002,PBI,FL,ASO,ES,Towers with Radar,191,131,284,7,613,0,1,158,0,159,191,132,442,7,772,6,0,6,778
03/22/2002,PBI,FL,ASO,ES,Towers with Radar,170,141,262,5,578,0,0,137,0,137,170,141,399,5,715,21,0,21,736
03/23/2002,PBI,FL,ASO,ES,Towers with Radar,162,111,230,3,506,0,3,176,0,179,162,114,406,3,685,2,0,2,687
03/24/2002,PBI,FL,ASO,ES,Towers with Radar,159,162,239,4,564,0,0,161,0,161,159,162,400,4,725,20,0,20,745
03/25/2002,PBI,FL,ASO,ES,Towers with Radar,168,122,246,1,537,0,0,156,0,156,168,122,402,1,693,16,0,16,709
03/26/2002,PBI,FL,ASO,ES,Towers with Radar,174,110,144,1,429,0,0,142,0,142,174,110,286,1,571,26,0,26,597
03/27/2002,PBI,FL,ASO,ES,Towers with Radar,172,130,243,2,547,0,0,167,0,167,172,130,410,2,714,0,0,0,714
03/28/2002,PBI,FL,ASO,ES,Towers with Radar,172,153,311,1,637,2,0,153,0,155,174,153,464,1,792,15,0,15,807
03/29/2002,PBI,FL,ASO,ES,Towers with Radar,167,121,220,0,508,0,0,166,0,166,167,121,386,0,674,5,0,5,679
03/30/2002,PBI,FL,ASO,ES,Towers with Radar,173,125,210,0,508,0,0,168,0,168,173,125,378,0,676,6,0,6,682
03/31/2002,PBI,FL,ASO,ES,Towers with Radar,155,178,268,0,601,0,1,194,0,195,155,179,462,0,796,40,0,40,836
04/01/2002,PBI,FL,ASO,ES,Towers with Radar,161,189,273,0,623,2,0,187,0,189,163,189,460,0,812,28,0,28,840
04/02/2002,PBI,FL,ASO,ES,Towers with Radar,174,123,197,4,498,2,0,145,0,147,176,123,342,4,645,23,0,23,668
04/03/2002,PBI,FL,ASO,ES,Towers with Radar,159,97,169,3,428,2,0,138,0,140,161,97,307,3,568,14,0,14,582
04/04/2002,PBI,FL,ASO,ES,Towers with Radar,163,113,196,4,476,2,1,148,0,151,165,114,344,4,627,18,0,18,645
04/05/2002,PBI,FL,ASO,ES,Towers with Radar,162,124,200,2,488,2,0,100,0,102,164,124,300,2,590,13,0,13,603
04/06/2002,PBI,FL,ASO,ES,Towers with Radar,161,109,156,3,429,2,0,145,0,147,163,109,301,3,576,24,0,24,600
04/07/2002,PBI,FL,ASO,ES,Towers with Radar,140,124,214,6,484,0,48,150,2,200,140,172,364,8,684,10,0,10,694
04/08/2002,PBI,FL,ASO,ES,Towers with Radar,143,102,208,11,464,2,0,139,0,141,145,102,347,11,605,35,0,35,640
04/09/2002,PBI,FL,ASO,ES,Towers with Radar,158,84,155,1,398,2,0,130,0,132,160,84,285,1,530,15,0,15,545
04/10/2002,PBI,FL,ASO,ES,Towers with Radar,151,90,219,8,468,2,0,141,0,143,153,90,360,8,611,13,0,13,624
04/11/2002,PBI,FL,ASO,ES,Towers with Radar,155,107,219,6,487,2,0,145,0,147,157,107,364,6,634,22,0,22,656
04/12/2002,PBI,FL,ASO,ES,Towers with Radar,155,95,188,3,441,0,0,161,0,161,155,95,349,3,602,2,0,2,604
04/13/2002,PBI,FL,ASO,ES,Towers with Radar,135,80,160,5,380,19,0,144,4,167,154,80,304,9,547,13,0,13,560
04/14/2002,PBI,FL,ASO,ES,Towers with Radar,138,113,173,2,426,2,1,87,0,90,140,114,260,2,516,0,0,0,516
04/15/2002,PBI,FL,ASO,ES,Towers with Radar,153,90,150,0,393,2,0,101,0,103,155,90,251,0,496,6,0,6,502
04/16/2002,PBI,FL,ASO,ES,Towers with Radar,157,85,167,3,412,2,0,88,0,90,159,85,255,3,502,12,0,12,514
04/17/2002,PBI,FL,ASO,ES,Towers with Radar,147,104,188,3,442,2,0,146,2,150,149,104,334,5,592,17,0,17,609
04/18/2002,PBI,FL,ASO,ES,Towers with Radar,157,107,190,6,460,1,0,143,0,144,158,107,333,6,604,10,0,10,614
04/19/2002,PBI,FL,ASO,ES,Towers with Radar,154,93,193,5,445,0,0,218,10,228,154,93,411,15,673,21,10,31,704
04/20/2002,PBI,FL,ASO,ES,Towers with Radar,142,76,116,1,335,1,0,135,0,136,143,76,251,1,471,39,10,49,520
04/21/2002,PBI,FL,ASO,ES,Towers with Radar,137,107,181,10,435,1,0,187,0,188,138,107,368,10,623,4,0,4,627
04/22/2002,PBI,FL,ASO,ES,Towers with Radar,151,104,131,13,399,1,0,131,0,132,152,104,262,13,531,24,1,25,556
04/23/2002,PBI,FL,ASO,ES,Towers with Radar,166,90,161,4,421,1,0,143,0,144,167,90,304,4,565,44,10,54,619
04/24/2002,PBI,FL,ASO,ES,Towers with Radar,147,91,155,6,399,1,0,140,0,141,148,91,295,6,540,18,0,18,558
04/25/2002,PBI,FL,ASO,ES,Towers with Radar,144,100,172,5,421,1,0,146,1,148,145,100,318,6,569,30,0,30,599
04/26/2002,PBI,FL,ASO,ES,Towers with Radar,160,98,181,4,443,1,0,179,0,180,161,98,360,4,623,51,0,51,674
04/27/2002,PBI,FL,ASO,ES,Towers with Radar,142,83,128,5,358,1,0,102,0,103,143,83,230,5,461,0,0,0,461
04/28/2002,PBI,FL,ASO,ES,Towers with Radar,134,97,161,3,395,1,0,160,1,162,135,97,321,4,557,9,0,9,566
04/29/2002,PBI,FL,ASO,ES,Towers with Radar,148,90,169,3,410,1,4,143,0,148,149,94,312,3,558,27,0,27,585
04/30/2002,PBI,FL,ASO,ES,Towers with Radar,147,81,149,3,380,1,0,145,0,146,148,81,294,3,526,4,0,4,530
05/01/2002,PBI,FL,ASO,ES,Towers with Radar,125,97,183,7,412,0,0,142,0,142,125,97,325,7,554,22,0,22,576
05/02/2002,PBI,FL,ASO,ES,Towers with Radar,114,89,117,2,322,0,0,144,1,145,114,89,261,3,467,45,0,45,512
05/03/2002,PBI,FL,ASO,ES,Towers with Radar,125,91,125,1,342,0,0,148,0,148,125,91,273,1,490,15,0,15,505
05/04/2002,PBI,FL,ASO,ES,Towers with Radar,112,74,114,2,302,16,5,123,3,147,128,79,237,5,449,16,0,16,465
05/05/2002,PBI,FL,ASO,ES,Towers with Radar,115,91,144,2,352,0,0,117,0,117,115,91,261,2,469,5,0,5,474
05/06/2002,PBI,FL,ASO,ES,Towers with Radar,118,80,123,2,323,0,6,134,0,140,118,86,257,2,463,2,0,2,465
05/07/2002,PBI,FL,ASO,ES,Towers with Radar,120,77,138,0,335,0,0,160,0,160,120,77,298,0,495,4,0,4,499
05/08/2002,PBI,FL,ASO,ES,Towers with Radar,124,70,127,0,321,0,0,132,0,132,124,70,259,0,453,22,0,22,475
05/09/2002,PBI,FL,ASO,ES,Towers with Radar,124,96,136,4,360,0,8,169,0,177,124,104,305,4,537,46,0,46,583
05/10/2002,PBI,FL,ASO,ES,Towers with Radar,122,86,164,0,372,0,1,180,0,181,122,87,344,0,553,18,2,20,573
05/11/2002,PBI,FL,ASO,ES,Towers with Radar,121,63,96,1,281,0,0,183,0,183,121,63,279,1,464,32,0,32,496
05/12/2002,PBI,FL,ASO,ES,Towers with Radar,113,83,121,2,319,0,0,141,0,141,113,83,262,2,460,33,0,33,493
05/13/2002,PBI,FL,ASO,ES,Towers with Radar,118,76,115,0,309,0,0,182,0,182,118,76,297,0,491,49,0,49,540
05/14/2002,PBI,FL,ASO,ES,Towers with Radar,131,90,114,2,337,0,1,188,0,189,131,91,302,2,526,47,0,47,573
05/15/2002,PBI,FL,ASO,ES,Towers with Radar,126,82,156,6,370,0,3,116,0,119,126,85,272,6,489,16,0,16,505
05/16/2002,PBI,FL,ASO,ES,Towers with Radar,132,86,119,5,342,0,4,107,0,111,132,90,226,5,453,4,0,4,457
05/17/2002,PBI,FL,ASO,ES,Towers with Radar,119,72,103,6,300,0,0,173,0,173,119,72,276,6,473,36,0,36,509
05/18/2002,PBI,FL,ASO,ES,Towers with Radar,119,61,89,0,269,0,0,113,0,113,119,61,202,0,382,7,0,7,389
05/19/2002,PBI,FL,ASO,ES,Towers with Radar,121,94,124,0,339,0,0,44,0,44,121,94,168,0,383,5,0,5,388
05/20/2002,PBI,FL,ASO,ES,Towers with Radar,111,85,115,0,311,0,0,145,0,145,111,85,260,0,456,8,0,8,464
05/21/2002,PBI,FL,ASO,ES,Towers with Radar,123,77,139,3,342,0,0,155,0,155,123,77,294,3,497,42,0,42,539
05/22/2002,PBI,FL,ASO,ES,Towers with Radar,120,87,107,0,314,0,0,96,0,96,120,87,203,0,410,12,0,12,422
05/23/2002,PBI,FL,ASO,ES,Towers with Radar,124,94,139,5,362,0,0,134,0,134,124,94,273,5,496,16,0,16,512
05/24/2002,PBI,FL,ASO,ES,Towers with Radar,124,102,133,4,363,0,0,168,0,168,124,102,301,4,531,4,0,4,535
05/25/2002,PBI,FL,ASO,ES,Towers with Radar,119,60,82,1,262,0,1,170,0,171,119,61,252,1,433,27,0,27,460
05/26/2002,PBI,FL,ASO,ES,Towers with Radar,111,65,81,0,257,0,0,107,0,107,111,65,188,0,364,6,0,6,370
05/27/2002,PBI,FL,ASO,ES,Towers with Radar,109,90,149,1,349,0,0,142,6,148,109,90,291,7,497,30,0,30,527
05/28/2002,PBI,FL,ASO,ES,Towers with Radar,117,63,109,0,289,0,1,188,0,189,117,64,297,0,478,29,0,29,507
05/29/2002,PBI,FL,ASO,ES,Towers with Radar,120,66,116,1,303,6,0,172,0,178,126,66,288,1,481,30,0,30,511
05/30/2002,PBI,FL,ASO,ES,Towers with Radar,125,69,150,4,348,0,0,133,0,133,125,69,283,4,481,18,0,18,499
05/31/2002,PBI,FL,ASO,ES,Towers with Radar,121,72,149,5,347,0,0,145,2,147,121,72,294,7,494,21,10,31,525
06/01/2002,PBI,FL,ASO,ES,Towers with Radar,115,44,100,8,267,1,1,119,0,121,116,45,219,8,388,0,0,0,388
06/02/2002,PBI,FL,ASO,ES,Towers with Radar,113,61,102,7,283,1,1,138,0,140,114,62,240,7,423,6,0,6,429
06/03/2002,PBI,FL,ASO,ES,Towers with Radar,122,79,136,3,340,1,3,101,0,105,123,82,237,3,445,0,0,0,445
06/04/2002,PBI,FL,ASO,ES,Towers with Radar,114,67,113,7,301,1,3,138,0,142,115,70,251,7,443,18,0,18,461
06/05/2002,PBI,FL,ASO,ES,Towers with Radar,129,72,103,4,308,1,1,141,0,143,130,73,244,4,451,2,0,2,453
06/06/2002,PBI,FL,ASO,ES,Towers with Radar,113,74,115,2,304,1,1,132,2,136,114,75,247,4,440,30,0,30,470
06/07/2002,PBI,FL,ASO,ES,Towers with Radar,127,63,125,3,318,1,1,127,1,130,128,64,252,4,448,15,0,15,463
06/08/2002,PBI,FL,ASO,ES,Towers with Radar,104,54,98,3,259,8,0,76,0,84,112,54,174,3,343,10,0,10,353
06/09/2002,PBI,FL,ASO,ES,Towers with Radar,114,67,125,6,312,1,1,116,0,118,115,68,241,6,430,22,0,22,452
06/10/2002,PBI,FL,ASO,ES,Towers with Radar,125,64,110,3,302,1,1,118,0,120,126,65,228,3,422,14,0,14,436
06/11/2002,PBI,FL,ASO,ES,Towers with Radar,127,64,122,3,316,1,1,68,0,70,128,65,190,3,386,12,10,22,408
06/12/2002,PBI,FL,ASO,ES,Towers with Radar,120,58,117,2,297,1,0,77,0,78,121,58,194,2,375,7,0,7,382
06/13/2002,PBI,FL,ASO,ES,Towers with Radar,121,75,132,0,328,1,0,64,0,65,122,75,196,0,393,32,0,32,425
06/14/2002,PBI,FL,ASO,ES,Towers with Radar,130,67,111,0,308,2,0,93,0,95,132,67,204,0,403,5,0,5,408
06/15/2002,PBI,FL,ASO,ES,Towers with Radar,132,54,125,1,312,0,0,95,0,95,132,54,220,1,407,28,0,28,435
06/16/2002,PBI,FL,ASO,ES,Towers with Radar,119,60,114,5,298,0,1,137,0,138,119,61,251,5,436,37,0,37,473
06/17/2002,PBI,FL,ASO,ES,Towers with Radar,121,73,115,1,310,0,1,105,0,106,121,74,220,1,416,8,0,8,424
06/18/2002,PBI,FL,ASO,ES,Towers with Radar,126,69,114,2,311,0,1,132,0,133,126,70,246,2,444,59,0,59,503
06/19/2002,PBI,FL,ASO,ES,Towers with Radar,112,58,120,0,290,0,1,93,0,94,112,59,213,0,384,16,0,16,400
06/20/2002,PBI,FL,ASO,ES,Towers with Radar,122,71,90,4,287,0,1,96,0,97,122,72,186,4,384,36,0,36,420
06/21/2002,PBI,FL,ASO,ES,Towers with Radar,128,72,123,3,326,0,1,67,1,69,128,73,190,4,395,45,0,45,440
06/22/2002,PBI,FL,ASO,ES,Towers with Radar,111,54,121,7,293,0,4,107,1,112,111,58,228,8,405,22,0,22,427
06/23/2002,PBI,FL,ASO,ES,Towers with Radar,136,80,143,10,369,0,1,107,0,108,136,81,250,10,477,38,0,38,515
06/24/2002,PBI,FL,ASO,ES,Towers with Radar,127,74,129,4,334,0,0,79,3,82,127,74,208,7,416,37,0,37,453
06/25/2002,PBI,FL,ASO,ES,Towers with Radar,124,60,104,7,295,0,1,44,0,45,124,61,148,7,340,30,0,30,370
06/26/2002,PBI,FL,ASO,ES,Towers with Radar,121,78,117,3,319,0,1,117,0,118,121,79,234,3,437,41,0,41,478
06/27/2002,PBI,FL,ASO,ES,Towers with Radar,117,66,93,0,276,0,1,144,1,146,117,67,237,1,422,19,0,19,441
06/28/2002,PBI,FL,ASO,ES,Towers with Radar,124,61,118,1,304,0,1,155,0,156,124,62,273,1,460,4,10,14,474
06/29/2002,PBI,FL,ASO,ES,Towers with Radar,118,57,89,5,269,0,1,167,0,168,118,58,256,5,437,41,2,43,480
06/30/2002,PBI,FL,ASO,ES,Towers with Radar,122,68,94,0,284,0,1,134,0,135,122,69,228,0,419,41,0,41,460
07/01/2002,PBI,FL,ASO,ES,Towers with Radar,116,63,78,4,261,0,1,42,0,43,116,64,120,4,304,8,0,8,312
07/02/2002,PBI,FL,ASO,ES,Towers with Radar,117,75,92,1,285,0,1,108,2,111,117,76,200,3,396,60,0,60,456
07/03/2002,PBI,FL,ASO,ES,Towers with Radar,122,62,118,3,305,0,0,167,1,168,122,62,285,4,473,18,0,18,491
07/04/2002,PBI,FL,ASO,ES,Towers with Radar,105,52,46,2,205,0,0,121,0,121,105,52,167,2,326,30,0,30,356
07/05/2002,PBI,FL,ASO,ES,Towers with Radar,102,63,60,1,226,0,1,100,0,101,102,64,160,1,327,19,0,19,346
07/06/2002,PBI,FL,ASO,ES,Towers with Radar,128,51,63,3,245,0,1,117,0,118,128,52,180,3,363,16,0,16,379
07/07/2002,PBI,FL,ASO,ES,Towers with Radar,114,66,135,1,316,0,0,168,0,168,114,66,303,1,484,42,0,42,526
07/08/2002,PBI,FL,ASO,ES,Towers with Radar,120,72,47,4,243,0,4,89,0,93,120,76,136,4,336,22,0,22,358
07/09/2002,PBI,FL,ASO,ES,Towers with Radar,105,58,70,4,237,0,0,80,0,80,105,58,150,4,317,38,0,38,355
07/10/2002,PBI,FL,ASO,ES,Towers with Radar,132,58,107,0,297,0,0,101,0,101,132,58,208,0,398,38,0,38,436
07/11/2002,PBI,FL,ASO,ES,Towers with Radar,137,64,100,19,320,1,0,108,0,109,138,64,208,19,429,30,0,30,459
07/12/2002,PBI,FL,ASO,ES,Towers with Radar,121,69,105,3,298,0,0,141,0,141,121,69,246,3,439,6,32,38,477
07/13/2002,PBI,FL,ASO,ES,Towers with Radar,113,49,81,2,245,0,0,100,0,100,113,49,181,2,345,0,0,0,345
07/14/2002,PBI,FL,ASO,ES,Towers with Radar,117,61,92,2,272,1,1,140,0,142,118,62,232,2,414,2,0,2,416
07/15/2002,PBI,FL,ASO,ES,Towers with Radar,119,53,91,2,265,0,0,120,0,120,119,53,211,2,385,18,0,18,403
07/16/2002,PBI,FL,ASO,ES,Towers with Radar,123,56,89,1,269,0,0,154,0,154,123,56,243,1,423,35,0,35,458
07/17/2002,PBI,FL,ASO,ES,Towers with Radar,110,54,96,0,260,0,0,131,0,131,110,54,227,0,391,2,0,2,393
07/18/2002,PBI,FL,ASO,ES,Towers with Radar,115,64,114,4,297,0,0,147,0,147,115,64,261,4,444,61,0,61,505
07/19/2002,PBI,FL,ASO,ES,Towers with Radar,121,63,117,6,307,0,0,161,0,161,121,63,278,6,468,22,0,22,490
07/20/2002,PBI,FL,ASO,ES,Towers with Radar,120,47,89,0,256,0,0,123,0,123,120,47,212,0,379,28,0,28,407
07/21/2002,PBI,FL,ASO,ES,Towers with Radar,111,71,106,1,289,0,0,169,0,169,111,71,275,1,458,26,0,26,484
07/22/2002,PBI,FL,ASO,ES,Towers with Radar,114,61,107,4,286,1,3,123,6,133,115,64,230,10,419,9,0,9,428
07/23/2002,PBI,FL,ASO,ES,Towers with Radar,114,55,73,0,242,0,0,110,0,110,114,55,183,0,352,46,0,46,398
07/24/2002,PBI,FL,ASO,ES,Towers with Radar,125,67,106,2,300,0,0,128,0,128,125,67,234,2,428,27,0,27,455
07/25/2002,PBI,FL,ASO,ES,Towers with Radar,121,68,112,3,304,0,0,141,0,141,121,68,253,3,445,18,0,18,463
07/26/2002,PBI,FL,ASO,ES,Towers with Radar,106,55,115,3,279,12,5,155,0,172,118,60,270,3,451,22,0,22,473
07/27/2002,PBI,FL,ASO,ES,Towers with Radar,118,63,82,1,264,0,0,177,0,177,118,63,259,1,441,23,0,23,464
07/28/2002,PBI,FL,ASO,ES,Towers with Radar,109,59,79,8,255,0,0,110,0,110,109,59,189,8,365,9,0,9,374
07/29/2002,PBI,FL,ASO,ES,Towers with Radar,115,62,100,4,281,0,0,109,0,109,115,62,209,4,390,16,0,16,406
07/30/2002,PBI,FL,ASO,ES,Towers with Radar,121,62,81,3,267,0,0,129,0,129,121,62,210,3,396,62,0,62,458
07/31/2002,PBI,FL,ASO,ES,Towers with Radar,117,53,107,4,281,0,0,180,0,180,117,53,287,4,461,21,0,21,482
08/01/2002,PBI,FL,ASO,ES,Towers with Radar,123,60,120,2,305,0,3,187,0,190,123,63,307,2,495,39,8,47,542
08/02/2002,PBI,FL,ASO,ES,Towers with Radar,123,62,121,1,307,0,0,129,1,130,123,62,250,2,437,22,0,22,459
08/03/2002,PBI,FL,ASO,ES,Towers with Radar,113,46,102,0,261,0,0,137,0,137,113,46,239,0,398,19,0,19,417
08/04/2002,PBI,FL,ASO,ES,Towers with Radar,117,65,105,1,288,0,0,186,0,186,117,65,291,1,474,28,0,28,502
08/05/2002,PBI,FL,ASO,ES,Towers with Radar,126,64,111,0,301,0,0,124,0,124,126,64,235,0,425,34,0,34,459
08/06/2002,PBI,FL,ASO,ES,Towers with Radar,121,66,90,0,277,0,4,135,0,139,121,70,225,0,416,50,0,50,466
08/07/2002,PBI,FL,ASO,ES,Towers with Radar,125,69,115,0,309,0,4,99,0,103,125,73,214,0,412,69,0,69,481
08/08/2002,PBI,FL,ASO,ES,Towers with Radar,128,80,141,4,353,0,1,171,0,172,128,81,312,4,525,32,0,32,557
08/09/2002,PBI,FL,ASO,ES,Towers with Radar,122,63,119,5,309,0,0,166,0,166,122,63,285,5,475,24,0,24,499
08/10/2002,PBI,FL,ASO,ES,Towers with Radar,117,56,103,4,280,0,0,118,0,118,117,56,221,4,398,22,0,22,420
08/11/2002,PBI,FL,ASO,ES,Towers with Radar,113,52,82,5,252,0,1,105,0,106,113,53,187,5,358,16,0,16,374
08/12/2002,PBI,FL,ASO,ES,Towers with Radar,111,63,106,4,284,0,0,103,0,103,111,63,209,4,387,2,0,2,389
08/13/2002,PBI,FL,ASO,ES,Towers with Radar,123,55,125,4,307,1,2,115,0,118,124,57,240,4,425,56,0,56,481
08/14/2002,PBI,FL,ASO,ES,Towers with Radar,122,57,102,3,284,0,0,103,0,103,122,57,205,3,387,26,0,26,413
08/15/2002,PBI,FL,ASO,ES,Towers with Radar,116,62,121,10,309,0,0,155,0,155,116,62,276,10,464,44,0,44,508
08/16/2002,PBI,FL,ASO,ES,Towers with Radar,118,59,109,2,288,0,0,143,0,143,118,59,252,2,431,19,0,19,450
08/17/2002,PBI,FL,ASO,ES,Towers with Radar,115,39,102,0,256,0,0,107,0,107,115,39,209,0,363,10,0,10,373
08/18/2002,PBI,FL,ASO,ES,Towers with Radar,117,61,109,6,293,0,0,127,1,128,117,61,236,7,421,48,0,48,469
08/19/2002,PBI,FL,ASO,ES,Towers with Radar,110,61,106,7,284,0,0,136,0,136,110,61,242,7,420,32,0,32,452
08/20/2002,PBI,FL,ASO,ES,Towers with Radar,133,62,105,1,301,0,0,67,0,67,133,62,172,1,368,24,0,24,392
08/21/2002,PBI,FL,ASO,ES,Towers with Radar,136,80,127,0,343,0,0,117,1,118,136,80,244,1,461,36,0,36,497
08/22/2002,PBI,FL,ASO,ES,Towers with Radar,123,67,104,4,298,0,0,151,0,151,123,67,255,4,449,14,0,14,463
08/23/2002,PBI,FL,ASO,ES,Towers with Radar,127,63,98,2,290,0,83,44,0,127,127,146,142,2,417,14,20,34,451
08/24/2002,PBI,FL,ASO,ES,Towers with Radar,115,46,65,3,229,0,0,96,0,96,115,46,161,3,325,16,2,18,343
08/25/2002,PBI,FL,ASO,ES,Towers with Radar,126,62,81,4,273,0,0,128,3,131,126,62,209,7,404,2,0,2,406
08/26/2002,PBI,FL,ASO,ES,Towers with Radar,114,65,83,0,262,0,0,121,1,122,114,65,204,1,384,15,0,15,399
08/27/2002,PBI,FL,ASO,ES,Towers with Radar,125,52,107,5,289,1,0,107,2,110,126,52,214,7,399,31,25,56,455
08/28/2002,PBI,FL,ASO,ES,Towers with Radar,119,55,140,1,315,0,0,114,2,116,119,55,254,3,431,10,1,11,442
08/29/2002,PBI,FL,ASO,ES,Towers with Radar,121,60,136,11,328,0,1,136,7,144,121,61,272,18,472,20,0,20,492
08/30/2002,PBI,FL,ASO,ES,Towers with Radar,120,61,94,5,280,0,0,146,1,147,120,61,240,6,427,16,0,16,443
08/31/2002,PBI,FL,ASO,ES,Towers with Radar,99,50,88,2,239,16,0,87,0,103,115,50,175,2,342,0,0,0,342
09/01/2002,PBI,FL,ASO,ES,Towers with Radar,110,59,82,4,255,2,0,69,0,71,112,59,151,4,326,10,0,10,336
09/02/2002,PBI,FL,ASO,ES,Towers with Radar,121,81,130,5,337,2,5,148,8,163,123,86,278,13,500,18,10,28,528
09/03/2002,PBI,FL,ASO,ES,Towers with Radar,123,69,90,5,287,2,0,103,1,106,125,69,193,6,393,8,0,8,401
09/04/2002,PBI,FL,ASO,ES,Towers with Radar,119,58,121,0,298,1,0,107,6,114,120,58,228,6,412,25,1,26,438
09/05/2002,PBI,FL,ASO,ES,Towers with Radar,119,55,94,1,269,1,0,85,0,86,120,55,179,1,355,23,0,23,378
09/06/2002,PBI,FL,ASO,ES,Towers with Radar,114,56,100,5,275,1,0,116,0,117,115,56,216,5,392,25,10,35,427
09/07/2002,PBI,FL,ASO,ES,Towers with Radar,121,38,77,0,236,1,0,65,1,67,122,38,142,1,303,18,0,18,321
09/08/2002,PBI,FL,ASO,ES,Towers with Radar,111,51,103,2,267,1,0,114,0,115,112,51,217,2,382,28,0,28,410
09/09/2002,PBI,FL,ASO,ES,Towers with Radar,111,49,93,0,253,1,0,132,0,133,112,49,225,0,386,8,0,8,394
09/10/2002,PBI,FL,ASO,ES,Towers with Radar,101,57,110,2,270,1,0,120,0,121,102,57,230,2,391,43,2,45,436
09/11/2002,PBI,FL,ASO,ES,Towers with Radar,98,52,91,5,246,1,2,35,0,38,99,54,126,5,284,7,0,7,291
09/12/2002,PBI,FL,ASO,ES,Towers with Radar,101,66,100,0,267,1,0,58,0,59,102,66,158,0,326,8,0,8,334
09/13/2002,PBI,FL,ASO,ES,Towers with Radar,123,50,101,0,274,1,0,80,0,81,124,50,181,0,355,10,0,10,365
09/14/2002,PBI,FL,ASO,ES,Towers with Radar,103,43,47,10,203,1,0,90,0,91,104,43,137,10,294,18,0,18,312
09/15/2002,PBI,FL,ASO,ES,Towers with Radar,106,54,76,1,237,1,0,93,0,94,107,54,169,1,331,19,0,19,350
09/16/2002,PBI,FL,ASO,ES,Towers with Radar,115,52,86,8,261,1,0,114,0,115,116,52,200,8,376,22,0,22,398
09/17/2002,PBI,FL,ASO,ES,Towers with Radar,110,59,83,2,254,1,0,143,0,144,111,59,226,2,398,49,0,49,447
09/18/2002,PBI,FL,ASO,ES,Towers with Radar,123,61,120,7,311,1,2,120,0,123,124,63,240,7,434,2,0,2,436
09/19/2002,PBI,FL,ASO,ES,Towers with Radar,121,69,114,3,307,0,1,121,5,127,121,70,235,8,434,22,0,22,456
09/20/2002,PBI,FL,ASO,ES,Towers with Radar,109,57,101,4,271,1,0,95,0,96,110,57,196,4,367,4,0,4,371
09/21/2002,PBI,FL,ASO,ES,Towers with Radar,115,45,73,0,233,1,0,87,0,88,116,45,160,0,321,0,0,0,321
09/22/2002,PBI,FL,ASO,ES,Towers with Radar,114,54,81,4,253,1,0,124,0,125,115,54,205,4,378,20,0,20,398
09/23/2002,PBI,FL,ASO,ES,Towers with Radar,110,63,69,1,243,1,0,62,0,63,111,63,131,1,306,14,0,14,320
09/24/2002,PBI,FL,ASO,ES,Towers with Radar,106,66,79,2,253,1,0,88,0,89,107,66,167,2,342,29,0,29,371
09/25/2002,PBI,FL,ASO,ES,Towers with Radar,115,46,81,0,242,1,0,73,0,74,116,46,154,0,316,26,0,26,342
09/26/2002,PBI,FL,ASO,ES,Towers with Radar,125,50,105,0,280,1,0,80,0,81,126,50,185,0,361,10,0,10,371
09/27/2002,PBI,FL,ASO,ES,Towers with Radar,115,65,108,0,288,0,6,123,0,129,115,71,231,0,417,41,0,41,458
09/28/2002,PBI,FL,ASO,ES,Towers with Radar,106,49,79,0,234,1,0,76,0,77,107,49,155,0,311,18,0,18,329
09/29/2002,PBI,FL,ASO,ES,Towers with Radar,110,62,114,0,286,1,0,97,0,98,111,62,211,0,384,7,0,7,391
09/30/2002,PBI,FL,ASO,ES,Towers with Radar,108,55,114,5,282,1,0,90,0,91,109,55,204,5,373,42,0,42,415
10/01/2002,PBI,FL,ASO,ES,Towers with Radar,105,63,114,6,288,1,0,123,0,124,106,63,237,6,412,18,0,18,430
10/02/2002,PBI,FL,ASO,ES,Towers with Radar,137,59,130,4,330,1,0,190,0,191,138,59,320,4,521,78,0,78,599
10/03/2002,PBI,FL,ASO,ES,Towers with Radar,122,59,110,1,292,1,0,105,0,106,123,59,215,1,398,26,10,36,434
10/04/2002,PBI,FL,ASO,ES,Towers with Radar,107,59,122,6,294,1,0,94,1,96,108,59,216,7,390,0,0,0,390
10/05/2002,PBI,FL,ASO,ES,Towers with Radar,112,47,59,1,219,1,0,107,0,108,113,47,166,1,327,5,0,5,332
10/06/2002,PBI,FL,ASO,ES,Towers with Radar,108,53,78,2,241,0,0,123,0,123,108,53,201,2,364,4,0,4,368
10/07/2002,PBI,FL,ASO,ES,Towers with Radar,117,59,77,0,253,0,0,128,0,128,117,59,205,0,381,32,0,32,413
10/08/2002,PBI,FL,ASO,ES,Towers with Radar,114,62,115,3,294,0,0,127,0,127,114,62,242,3,421,38,0,38,459
10/09/2002,PBI,FL,ASO,ES,Towers with Radar,111,68,109,4,292,0,0,110,0,110,111,68,219,4,402,56,0,56,458
10/10/2002,PBI,FL,ASO,ES,Towers with Radar,117,64,134,4,319,0,0,113,0,113,117,64,247,4,432,36,0,36,468
10/11/2002,PBI,FL,ASO,ES,Towers with Radar,115,71,123,2,311,0,2,101,0,103,115,73,224,2,414,1,0,1,415
10/12/2002,PBI,FL,ASO,ES,Towers with Radar,113,63,85,0,261,0,0,93,0,93,113,63,178,0,354,39,0,39,393
10/13/2002,PBI,FL,ASO,ES,Towers with Radar,106,60,117,2,285,0,0,100,0,100,106,60,217,2,385,16,0,16,401
10/14/2002,PBI,FL,ASO,ES,Towers with Radar,106,74,131,0,311,2,1,89,0,92,108,75,220,0,403,4,0,4,407
10/15/2002,PBI,FL,ASO,ES,Towers with Radar,112,76,116,3,307,0,1,108,0,109,112,77,224,3,416,4,0,4,420
10/16/2002,PBI,FL,ASO,ES,Towers with Radar,121,60,130,0,311,0,0,123,0,123,121,60,253,0,434,18,0,18,452
10/17/2002,PBI,FL,ASO,ES,Towers with Radar,120,74,130,3,327,0,5,203,3,211,120,79,333,6,538,15,0,15,553
10/18/2002,PBI,FL,ASO,ES,Towers with Radar,112,80,146,5,343,6,3,114,0,123,118,83,260,5,466,35,0,35,501
10/19/2002,PBI,FL,ASO,ES,Towers with Radar,109,44,85,0,238,0,0,111,0,111,109,44,196,0,349,12,0,12,361
10/20/2002,PBI,FL,ASO,ES,Towers with Radar,106,89,118,3,316,0,1,134,0,135,106,90,252,3,451,16,0,16,467
10/21/2002,PBI,FL,ASO,ES,Towers with Radar,111,74,108,1,294,0,0,91,2,93,111,74,199,3,387,19,0,19,406
10/22/2002,PBI,FL,ASO,ES,Towers with Radar,121,72,109,0,302,0,3,120,0,123,121,75,229,0,425,45,0,45,470
10/23/2002,PBI,FL,ASO,ES,Towers with Radar,110,70,160,4,344,0,0,106,1,107,110,70,266,5,451,43,0,43,494
10/24/2002,PBI,FL,ASO,ES,Towers with Radar,114,76,159,13,362,0,4,135,1,140,114,80,294,14,502,36,0,36,538
10/25/2002,PBI,FL,ASO,ES,Towers with Radar,116,85,186,13,400,0,0,153,3,156,116,85,339,16,556,22,0,22,578
10/26/2002,PBI,FL,ASO,ES,Towers with Radar,106,66,87,0,259,0,0,97,0,97,106,66,184,0,356,28,0,28,384
10/27/2002,PBI,FL,ASO,ES,Towers with Radar,122,88,140,1,351,0,0,118,0,118,122,88,258,1,469,16,0,16,485
10/28/2002,PBI,FL,ASO,ES,Towers with Radar,118,85,118,2,323,0,0,115,0,115,118,85,233,2,438,28,0,28,466
10/29/2002,PBI,FL,ASO,ES,Towers with Radar,133,76,125,3,337,0,0,139,0,139,133,76,264,3,476,65,0,65,541
10/30/2002,PBI,FL,ASO,ES,Towers with Radar,112,60,142,5,319,0,0,113,0,113,112,60,255,5,432,69,0,69,501
10/31/2002,PBI,FL,ASO,ES,Towers with Radar,123,77,149,5,354,0,0,85,0,85,123,77,234,5,439,9,0,9,448
11/01/2002,PBI,FL,ASO,ES,Towers with Radar,127,97,168,0,392,0,0,109,1,110,127,97,277,1,502,29,0,29,531
11/02/2002,PBI,FL,ASO,ES,Towers with Radar,131,70,91,2,294,0,0,107,0,107,131,70,198,2,401,19,0,19,420
11/03/2002,PBI,FL,ASO,ES,Towers with Radar,146,114,139,2,401,0,0,141,0,141,146,114,280,2,542,6,0,6,548
11/04/2002,PBI,FL,ASO,ES,Towers with Radar,125,83,129,2,339,103,62,196,4,365,228,145,325,6,704,17,0,17,721
11/05/2002,PBI,FL,ASO,ES,Towers with Radar,117,90,134,4,345,0,0,120,0,120,117,90,254,4,465,30,0,30,495
11/06/2002,PBI,FL,ASO,ES,Towers with Radar,134,77,124,1,336,0,0,122,0,122,134,77,246,1,458,11,0,11,469
11/07/2002,PBI,FL,ASO,ES,Towers with Radar,148,107,157,2,414,0,0,123,0,123,148,107,280,2,537,23,0,23,560
11/08/2002,PBI,FL,ASO,ES,Towers with Radar,138,91,182,9,420,0,0,120,0,120,138,91,302,9,540,19,0,19,559
11/09/2002,PBI,FL,ASO,ES,Towers with Radar,129,80,93,0,302,0,0,112,0,112,129,80,205,0,414,41,0,41,455
11/10/2002,PBI,FL,ASO,ES,Towers with Radar,132,117,178,1,428,0,3,178,0,181,132,120,356,1,609,31,0,31,640
11/11/2002,PBI,FL,ASO,ES,Towers with Radar,133,95,156,1,385,0,0,125,1,126,133,95,281,2,511,34,0,34,545
11/12/2002,PBI,FL,ASO,ES,Towers with Radar,131,98,144,10,383,0,0,118,0,118,131,98,262,10,501,34,0,34,535
11/13/2002,PBI,FL,ASO,ES,Towers with Radar,151,113,129,7,400,0,0,73,0,73,151,113,202,7,473,2,0,2,475
11/14/2002,PBI,FL,ASO,ES,Towers with Radar,150,97,185,7,439,0,0,169,0,169,150,97,354,7,608,26,0,26,634
11/15/2002,PBI,FL,ASO,ES,Towers with Radar,135,115,177,7,434,0,3,128,0,131,135,118,305,7,565,21,0,21,586
11/16/2002,PBI,FL,ASO,ES,Towers with Radar,132,60,97,1,290,0,0,26,0,26,132,60,123,1,316,3,5,8,324
11/17/2002,PBI,FL,ASO,ES,Towers with Radar,130,100,152,8,390,0,0,33,0,33,130,100,185,8,423,0,0,0,423
11/18/2002,PBI,FL,ASO,ES,Towers with Radar,143,86,152,4,385,0,0,160,0,160,143,86,312,4,545,24,0,24,569
11/19/2002,PBI,FL,ASO,ES,Towers with Radar,147,85,142,10,384,0,2,109,0,111,147,87,251,10,495,23,0,23,518
11/20/2002,PBI,FL,ASO,ES,Towers with Radar,135,84,150,5,374,0,0,123,0,123,135,84,273,5,497,38,0,38,535
11/21/2002,PBI,FL,ASO,ES,Towers with Radar,146,92,137,0,375,0,7,71,0,78,146,99,208,0,453,2,0,2,455
11/22/2002,PBI,FL,ASO,ES,Towers with Radar,143,93,182,0,418,0,0,101,0,101,143,93,283,0,519,24,0,24,543
11/23/2002,PBI,FL,ASO,ES,Towers with Radar,133,79,140,1,353,12,0,116,0,128,145,79,256,1,481,7,0,7,488
11/24/2002,PBI,FL,ASO,ES,Towers with Radar,128,103,143,1,375,0,0,105,0,105,128,103,248,1,480,28,0,28,508
11/25/2002,PBI,FL,ASO,ES,Towers with Radar,139,95,148,0,382,0,0,203,0,203,139,95,351,0,585,52,0,52,637
11/26/2002,PBI,FL,ASO,ES,Towers with Radar,143,123,211,1,478,0,0,151,0,151,143,123,362,1,629,19,0,19,648
11/27/2002,PBI,FL,ASO,ES,Towers with Radar,146,114,206,1,467,1,0,157,1,159,147,114,363,2,626,38,0,38,664
11/28/2002,PBI,FL,ASO,ES,Towers with Radar,130,62,57,0,249,0,0,61,0,61,130,62,118,0,310,0,0,0,310
11/29/2002,PBI,FL,ASO,ES,Towers with Radar,129,69,119,0,317,0,0,103,0,103,129,69,222,0,420,14,0,14,434
11/30/2002,PBI,FL,ASO,ES,Towers with Radar,133,90,140,1,364,8,19,75,0,102,141,109,215,1,466,0,0,0,466
12/01/2002,PBI,FL,ASO,ES,Towers with Radar,136,172,355,1,664,1,1,135,0,137,137,173,490,1,801,7,0,7,808
12/02/2002,PBI,FL,ASO,ES,Towers with Radar,154,136,231,4,525,1,1,105,0,107,155,137,336,4,632,32,0,32,664
12/03/2002,PBI,FL,ASO,ES,Towers with Radar,141,84,175,4,404,1,1,121,0,123,142,85,296,4,527,7,0,7,534
12/04/2002,PBI,FL,ASO,ES,Towers with Radar,140,91,145,4,380,1,1,136,0,138,141,92,281,4,518,6,0,6,524
12/05/2002,PBI,FL,ASO,ES,Towers with Radar,121,92,147,7,367,1,1,137,0,139,122,93,284,7,506,32,0,32,538
12/06/2002,PBI,FL,ASO,ES,Towers with Radar,157,109,168,4,438,1,2,109,0,112,158,111,277,4,550,14,0,14,564
12/07/2002,PBI,FL,ASO,ES,Towers with Radar,152,101,126,6,385,1,0,64,0,65,153,101,190,6,450,18,0,18,468
12/08/2002,PBI,FL,ASO,ES,Towers with Radar,138,111,163,7,419,1,0,110,0,111,139,111,273,7,530,8,0,8,538
12/09/2002,PBI,FL,ASO,ES,Towers with Radar,131,79,152,7,369,1,0,38,0,39,132,79,190,7,408,14,0,14,422
12/10/2002,PBI,FL,ASO,ES,Towers with Radar,144,83,130,3,360,1,0,81,2,84,145,83,211,5,444,24,0,24,468
12/11/2002,PBI,FL,ASO,ES,Towers with Radar,151,79,172,3,405,0,0,165,1,166,151,79,337,4,571,49,0,49,620
12/12/2002,PBI,FL,ASO,ES,Towers with Radar,164,96,185,8,453,0,1,58,1,60,164,97,243,9,513,2,0,2,515
12/13/2002,PBI,FL,ASO,ES,Towers with Radar,157,111,138,9,415,1,1,65,0,67,158,112,203,9,482,1,0,1,483
12/14/2002,PBI,FL,ASO,ES,Towers with Radar,151,69,96,0,316,0,1,162,0,163,151,70,258,0,479,20,0,20,499
12/15/2002,PBI,FL,ASO,ES,Towers with Radar,133,97,149,0,379,0,0,119,0,119,133,97,268,0,498,22,0,22,520
12/16/2002,PBI,FL,ASO,ES,Towers with Radar,162,80,159,6,407,0,1,151,0,152,162,81,310,6,559,52,0,52,611
12/17/2002,PBI,FL,ASO,ES,Towers with Radar,174,55,126,11,366,0,1,94,2,97,174,56,220,13,463,0,0,0,463
12/18/2002,PBI,FL,ASO,ES,Towers with Radar,171,94,138,2,405,0,1,137,0,138,171,95,275,2,543,14,0,14,557
12/19/2002,PBI,FL,ASO,ES,Towers with Radar,168,87,181,5,441,0,2,116,1,119,168,89,297,6,560,4,0,4,564
12/20/2002,PBI,FL,ASO,ES,Towers with Radar,168,117,183,5,473,0,1,92,0,93,168,118,275,5,566,0,0,0,566
12/21/2002,PBI,FL,ASO,ES,Towers with Radar,175,108,169,0,452,0,2,126,0,128,175,110,295,0,580,8,0,8,588
12/22/2002,PBI,FL,ASO,ES,Towers with Radar,186,134,161,0,481,0,1,138,0,139,186,135,299,0,620,4,2,6,626
12/23/2002,PBI,FL,ASO,ES,Towers with Radar,163,89,144,6,402,0,1,136,0,137,163,90,280,6,539,10,0,10,549
12/24/2002,PBI,FL,ASO,ES,Towers with Radar,165,78,78,3,324,0,2,58,0,60,165,80,136,3,384,2,0,2,386
12/25/2002,PBI,FL,ASO,ES,Towers with Radar,163,98,42,0,303,0,1,70,0,71,163,99,112,0,374,22,0,22,396
12/26/2002,PBI,FL,ASO,ES,Towers with Radar,161,120,280,2,563,0,1,161,0,162,161,121,441,2,725,36,0,36,761
12/27/2002,PBI,FL,ASO,ES,Towers with Radar,201,174,270,1,646,0,4,129,1,134,201,178,399,2,780,15,0,15,795
12/28/2002,PBI,FL,ASO,ES,Towers with Radar,165,127,184,0,476,0,2,108,0,110,165,129,292,0,586,0,0,0,586
12/29/2002,PBI,FL,ASO,ES,Towers with Radar,162,107,191,1,461,0,1,151,0,152,162,108,342,1,613,14,0,14,627
12/30/2002,PBI,FL,ASO,ES,Towers with Radar,170,91,231,2,494,0,1,236,0,237,170,92,467,2,731,13,0,13,744
12/31/2002,PBI,FL,ASO,ES,Towers with Radar,163,104,131,0,398,0,1,132,0,133,163,105,263,0,531,9,0,9,540
01/01/2003,PBI,FL,ASO,ES,Towers with Radar,186,92,129,0,407,1,0,66,0,67,187,92,195,0,474,0,0,0,474
01/02/2003,PBI,FL,ASO,ES,Towers with Radar,168,118,244,1,531,1,0,184,0,185,169,118,428,1,716,0,0,0,716
01/03/2003,PBI,FL,ASO,ES,Towers with Radar,145,120,217,2,484,1,1,85,0,87,146,121,302,2,571,27,0,27,598
01/04/2003,PBI,FL,ASO,ES,Towers with Radar,183,167,292,2,644,1,0,178,0,179,184,167,470,2,823,14,0,14,837
01/05/2003,PBI,FL,ASO,ES,Towers with Radar,174,190,338,4,706,0,1,164,0,165,174,191,502,4,871,0,0,0,871
01/06/2003,PBI,FL,ASO,ES,Towers with Radar,162,110,172,2,446,0,1,122,0,123,162,111,294,2,569,30,0,30,599
01/07/2003,PBI,FL,ASO,ES,Towers with Radar,159,79,122,5,365,0,3,108,0,111,159,82,230,5,476,22,0,22,498
01/08/2003,PBI,FL,ASO,ES,Towers with Radar,170,73,155,5,403,0,1,125,0,126,170,74,280,5,529,18,0,18,547
01/09/2003,PBI,FL,ASO,ES,Towers with Radar,179,111,156,1,447,0,1,155,0,156,179,112,311,1,603,14,0,14,617
01/10/2003,PBI,FL,ASO,ES,Towers with Radar,169,120,142,11,442,0,1,124,0,125,169,121,266,11,567,2,0,2,569
01/11/2003,PBI,FL,ASO,ES,Towers with Radar,137,90,146,2,375,28,0,79,4,111,165,90,225,6,486,8,0,8,494
01/12/2003,PBI,FL,ASO,ES,Towers with Radar,159,100,182,0,441,0,1,108,0,109,159,101,290,0,550,8,0,8,558
01/13/2003,PBI,FL,ASO,ES,Towers with Radar,171,83,134,1,389,0,1,116,0,117,171,84,250,1,506,14,0,14,520
01/14/2003,PBI,FL,ASO,ES,Towers with Radar,175,77,154,2,408,0,1,88,0,89,175,78,242,2,497,18,0,18,515
01/15/2003,PBI,FL,ASO,ES,Towers with Radar,160,78,124,1,363,0,0,128,0,128,160,78,252,1,491,2,0,2,493
01/16/2003,PBI,FL,ASO,ES,Towers with Radar,167,133,217,6,523,0,2,152,0,154,167,135,369,6,677,24,10,34,711
01/17/2003,PBI,FL,ASO,ES,Towers with Radar,176,141,228,2,547,0,2,153,0,155,176,143,381,2,702,19,0,19,721
01/18/2003,PBI,FL,ASO,ES,Towers with Radar,158,93,118,2,371,0,0,125,0,125,158,93,243,2,496,4,0,4,500
01/19/2003,PBI,FL,ASO,ES,Towers with Radar,173,114,191,2,480,0,0,103,0,103,173,114,294,2,583,0,0,0,583
01/20/2003,PBI,FL,ASO,ES,Towers with Radar,195,178,268,4,645,0,0,191,0,191,195,178,459,4,836,14,0,14,850
01/21/2003,PBI,FL,ASO,ES,Towers with Radar,176,110,205,8,499,0,0,173,0,173,176,110,378,8,672,14,0,14,686
01/22/2003,PBI,FL,ASO,ES,Towers with Radar,179,108,164,4,455,0,2,209,0,211,179,110,373,4,666,44,0,44,710
01/23/2003,PBI,FL,ASO,ES,Towers with Radar,177,140,196,3,516,0,0,97,0,97,177,140,293,3,613,6,0,6,619
01/24/2003,PBI,FL,ASO,ES,Towers with Radar,174,123,201,3,501,1,0,109,0,110,175,123,310,3,611,4,0,4,615
01/25/2003,PBI,FL,ASO,ES,Towers with Radar,190,116,142,4,452,0,0,158,1,159,190,116,300,5,611,3,0,3,614
01/26/2003,PBI,FL,ASO,ES,Towers with Radar,166,142,172,4,484,0,0,111,0,111,166,142,283,4,595,2,0,2,597
01/27/2003,PBI,FL,ASO,ES,Towers with Radar,181,99,168,2,450,0,0,165,0,165,181,99,333,2,615,0,0,0,615
01/28/2003,PBI,FL,ASO,ES,Towers with Radar,170,98,157,3,428,0,0,131,0,131,170,98,288,3,559,20,0,20,579
01/29/2003,PBI,FL,ASO,ES,Towers with Radar,180,106,176,4,466,0,1,139,0,140,180,107,315,4,606,8,0,8,614
01/30/2003,PBI,FL,ASO,ES,Towers with Radar,168,131,176,6,481,0,0,125,0,125,168,131,301,6,606,16,0,16,622
01/31/2003,PBI,FL,ASO,ES,Towers with Radar,175,148,228,7,558,0,0,171,0,171,175,148,399,7,729,10,0,10,739
02/01/2003,PBI,FL,ASO,ES,Towers with Radar,170,103,137,4,414,1,2,154,0,157,171,105,291,4,571,3,0,3,574
02/02/2003,PBI,FL,ASO,ES,Towers with Radar,184,172,226,1,583,1,2,160,0,163,185,174,386,1,746,12,0,12,758
02/03/2003,PBI,FL,ASO,ES,Towers with Radar,171,117,186,3,477,1,2,131,0,134,172,119,317,3,611,0,0,0,611
02/04/2003,PBI,FL,ASO,ES,Towers with Radar,164,88,181,3,436,1,2,121,0,124,165,90,302,3,560,24,0,24,584
02/05/2003,PBI,FL,ASO,ES,Towers with Radar,174,100,228,0,502,0,0,131,0,131,174,100,359,0,633,25,10,35,668
02/06/2003,PBI,FL,ASO,ES,Towers with Radar,177,135,194,0,506,1,6,161,0,168,178,141,355,0,674,20,0,20,694
02/07/2003,PBI,FL,ASO,ES,Towers with Radar,181,113,226,7,527,1,2,167,0,170,182,115,393,7,697,2,0,2,699
02/08/2003,PBI,FL,ASO,ES,Towers with Radar,173,103,141,5,422,1,2,52,0,55,174,105,193,5,477,0,0,0,477
02/09/2003,PBI,FL,ASO,ES,Towers with Radar,172,150,243,12,577,1,2,116,0,119,173,152,359,12,696,0,0,0,696
02/10/2003,PBI,FL,ASO,ES,Towers with Radar,177,101,166,2,446,1,2,127,0,130,178,103,293,2,576,0,0,0,576
02/11/2003,PBI,FL,ASO,ES,Towers with Radar,176,95,166,4,441,1,2,174,0,177,177,97,340,4,618,8,0,8,626
02/12/2003,PBI,FL,ASO,ES,Towers with Radar,192,111,200,7,510,1,2,233,0,236,193,113,433,7,746,41,0,41,787
02/13/2003,PBI,FL,ASO,ES,Towers with Radar,209,147,272,8,636,1,2,200,0,203,210,149,472,8,839,4,0,4,843
02/14/2003,PBI,FL,ASO,ES,Towers with Radar,201,196,308,0,705,1,2,144,0,147,202,198,452,0,852,4,0,4,856
02/15/2003,PBI,FL,ASO,ES,Towers with Radar,188,139,201,0,528,2,1,155,1,159,190,140,356,1,687,0,0,0,687
02/16/2003,PBI,FL,ASO,ES,Towers with Radar,172,151,174,0,497,1,1,171,0,173,173,152,345,0,670,38,0,38,708
02/17/2003,PBI,FL,ASO,ES,Towers with Radar,117,123,210,0,450,1,1,136,1,139,118,124,346,1,589,15,0,15,604
02/18/2003,PBI,FL,ASO,ES,Towers with Radar,179,209,304,0,692,1,1,178,1,181,180,210,482,1,873,6,0,6,879
02/19/2003,PBI,FL,ASO,ES,Towers with Radar,214,168,242,2,626,1,1,211,0,213,215,169,453,2,839,28,0,28,867
02/20/2003,PBI,FL,ASO,ES,Towers with Radar,194,134,212,2,542,1,1,142,0,144,195,135,354,2,686,14,0,14,700
02/21/2003,PBI,FL,ASO,ES,Towers with Radar,189,157,261,1,608,1,3,158,0,162,190,160,419,1,770,12,0,12,782
02/22/2003,PBI,FL,ASO,ES,Towers with Radar,201,124,159,3,487,1,1,112,0,114,202,125,271,3,601,10,0,10,611
02/23/2003,PBI,FL,ASO,ES,Towers with Radar,186,196,314,11,707,1,1,89,0,91,187,197,403,11,798,0,0,0,798
02/24/2003,PBI,FL,ASO,ES,Towers with Radar,194,139,185,3,521,0,2,137,0,139,194,141,322,3,660,14,0,14,674
02/25/2003,PBI,FL,ASO,ES,Towers with Radar,189,94,158,5,446,0,3,127,0,130,189,97,285,5,576,17,0,17,593
02/26/2003,PBI,FL,ASO,ES,Towers with Radar,222,128,251,10,611,0,2,190,0,192,222,130,441,10,803,55,0,55,858
02/27/2003,PBI,FL,ASO,ES,Towers with Radar,193,169,216,2,580,0,2,136,0,138,193,171,352,2,718,12,0,12,730
02/28/2003,PBI,FL,ASO,ES,Towers with Radar,208,166,241,7,622,0,2,136,0,138,208,168,377,7,760,0,0,0,760
03/01/2003,PBI,FL,ASO,ES,Towers with Radar,192,130,145,0,467,0,1,133,0,134,192,131,278,0,601,20,0,20,621
03/02/2003,PBI,FL,ASO,ES,Towers with Radar,189,195,259,18,661,0,5,139,0,144,189,200,398,18,805,16,0,16,821
03/03/2003,PBI,FL,ASO,ES,Towers with Radar,191,157,211,2,561,0,1,131,0,132,191,158,342,2,693,11,0,11,704
03/04/2003,PBI,FL,ASO,ES,Towers with Radar,206,117,168,5,496,0,1,102,0,103,206,118,270,5,599,8,0,8,607
03/05/2003,PBI,FL,ASO,ES,Towers with Radar,192,112,194,3,501,0,2,171,1,174,192,114,365,4,675,9,0,9,684
03/06/2003,PBI,FL,ASO,ES,Towers with Radar,184,108,212,4,508,0,0,223,11,234,184,108,435,15,742,66,0,66,808
03/07/2003,PBI,FL,ASO,ES,Towers with Radar,200,146,229,2,577,0,2,180,0,182,200,148,409,2,759,14,0,14,773
03/08/2003,PBI,FL,ASO,ES,Towers with Radar,204,121,187,0,512,0,1,184,0,185,204,122,371,0,697,40,0,40,737
03/09/2003,PBI,FL,ASO,ES,Towers with Radar,194,159,270,1,624,0,1,189,0,190,194,160,459,1,814,4,2,6,820
03/10/2003,PBI,FL,ASO,ES,Towers with Radar,180,107,200,2,489,0,1,92,0,93,180,108,292,2,582,0,7,7,589
03/11/2003,PBI,FL,ASO,ES,Towers with Radar,196,108,156,5,465,0,1,129,0,130,196,109,285,5,595,8,0,8,603
03/12/2003,PBI,FL,ASO,ES,Towers with Radar,191,110,172,2,475,0,1,135,0,136,191,111,307,2,611,31,0,31,642
03/13/2003,PBI,FL,ASO,ES,Towers with Radar,182,115,200,14,511,0,2,127,0,129,182,117,327,14,640,16,0,16,656
03/14/2003,PBI,FL,ASO,ES,Towers with Radar,211,172,242,3,628,0,1,178,1,180,211,173,420,4,808,13,0,13,821
03/15/2003,PBI,FL,ASO,ES,Towers with Radar,202,129,194,4,529,0,1,83,0,84,202,130,277,4,613,21,0,21,634
03/16/2003,PBI,FL,ASO,ES,Towers with Radar,180,177,265,0,622,0,2,161,0,163,180,179,426,0,785,4,0,4,789
03/17/2003,PBI,FL,ASO,ES,Towers with Radar,174,119,193,2,488,21,0,94,0,115,195,119,287,2,603,14,0,14,617
03/18/2003,PBI,FL,ASO,ES,Towers with Radar,210,121,182,6,519,0,1,139,0,140,210,122,321,6,659,8,0,8,667
03/19/2003,PBI,FL,ASO,ES,Towers with Radar,178,118,228,0,524,0,1,136,0,137,178,119,364,0,661,4,0,4,665
03/20/2003,PBI,FL,ASO,ES,Towers with Radar,199,115,254,10,578,0,1,152,0,153,199,116,406,10,731,10,0,10,741
03/21/2003,PBI,FL,ASO,ES,Towers with Radar,195,143,281,7,626,0,1,201,1,203,195,144,482,8,829,14,0,14,843
03/22/2003,PBI,FL,ASO,ES,Towers with Radar,205,140,192,0,537,0,5,134,0,139,205,145,326,0,676,27,0,27,703
03/23/2003,PBI,FL,ASO,ES,Towers with Radar,176,170,257,0,603,0,1,72,0,73,176,171,329,0,676,4,0,4,680
03/24/2003,PBI,FL,ASO,ES,Towers with Radar,198,119,206,3,526,0,4,146,0,150,198,123,352,3,676,0,0,0,676
03/25/2003,PBI,FL,ASO,ES,Towers with Radar,189,125,201,10,525,0,6,155,0,161,189,131,356,10,686,11,0,11,697
03/26/2003,PBI,FL,ASO,ES,Towers with Radar,199,131,182,4,516,0,1,135,0,136,199,132,317,4,652,7,0,7,659
03/27/2003,PBI,FL,ASO,ES,Towers with Radar,198,112,230,5,545,0,1,62,0,63,198,113,292,5,608,7,0,7,615
03/28/2003,PBI,FL,ASO,ES,Towers with Radar,179,131,287,4,601,0,1,149,0,150,179,132,436,4,751,16,0,16,767
03/29/2003,PBI,FL,ASO,ES,Towers with Radar,203,142,147,6,498,0,1,134,0,135,203,143,281,6,633,16,0,16,649
03/30/2003,PBI,FL,ASO,ES,Towers with Radar,194,194,325,2,715,0,0,98,0,98,194,194,423,2,813,6,0,6,819
03/31/2003,PBI,FL,ASO,ES,Towers with Radar,190,123,186,2,501,0,0,121,0,121,190,123,307,2,622,5,0,5,627
04/01/2003,PBI,FL,ASO,ES,Towers with Radar,191,87,146,3,427,0,0,148,1,149,191,87,294,4,576,10,0,10,586
04/02/2003,PBI,FL,ASO,ES,Towers with Radar,188,90,144,4,426,0,0,159,0,159,188,90,303,4,585,10,0,10,595
04/03/2003,PBI,FL,ASO,ES,Towers with Radar,193,99,150,2,444,0,0,122,0,122,193,99,272,2,566,10,0,10,576
04/04/2003,PBI,FL,ASO,ES,Towers with Radar,175,136,206,4,521,0,0,178,1,179,175,136,384,5,700,6,0,6,706
04/05/2003,PBI,FL,ASO,ES,Towers with Radar,193,110,143,0,446,0,0,140,0,140,193,110,283,0,586,12,0,12,598
04/06/2003,PBI,FL,ASO,ES,Towers with Radar,176,157,216,2,551,0,1,136,0,137,176,158,352,2,688,2,0,2,690
04/07/2003,PBI,FL,ASO,ES,Towers with Radar,180,93,143,4,420,0,0,126,1,127,180,93,269,5,547,6,0,6,553
04/08/2003,PBI,FL,ASO,ES,Towers with Radar,177,110,175,7,469,0,0,131,0,131,177,110,306,7,600,6,0,6,606
04/09/2003,PBI,FL,ASO,ES,Towers with Radar,175,110,161,7,453,0,0,99,0,99,175,110,260,7,552,8,0,8,560
04/10/2003,PBI,FL,ASO,ES,Towers with Radar,181,102,192,6,481,0,0,120,0,120,181,102,312,6,601,1,0,1,602
04/11/2003,PBI,FL,ASO,ES,Towers with Radar,175,148,247,0,570,0,2,170,0,172,175,150,417,0,742,20,0,20,762
04/12/2003,PBI,FL,ASO,ES,Towers with Radar,192,96,133,0,421,0,0,154,0,154,192,96,287,0,575,10,0,10,585
04/13/2003,PBI,FL,ASO,ES,Towers with Radar,176,144,252,8,580,0,0,208,0,208,176,144,460,8,788,2,0,2,790
04/14/2003,PBI,FL,ASO,ES,Towers with Radar,177,125,192,7,501,0,0,125,0,125,177,125,317,7,626,0,0,0,626
04/15/2003,PBI,FL,ASO,ES,Towers with Radar,172,103,176,3,454,0,0,129,0,129,172,103,305,3,583,0,10,10,593
04/16/2003,PBI,FL,ASO,ES,Towers with Radar,175,126,212,1,514,0,0,139,0,139,175,126,351,1,653,34,0,34,687
04/17/2003,PBI,FL,ASO,ES,Towers with Radar,184,174,239,2,599,0,0,184,0,184,184,174,423,2,783,4,0,4,787
04/18/2003,PBI,FL,ASO,ES,Towers with Radar,181,117,188,3,489,0,0,218,0,218,181,117,406,3,707,10,0,10,717
04/19/2003,PBI,FL,ASO,ES,Towers with Radar,196,85,121,2,404,0,0,103,0,103,196,85,224,2,507,8,10,18,525
04/20/2003,PBI,FL,ASO,ES,Towers with Radar,174,152,183,3,512,0,0,149,0,149,174,152,332,3,661,5,0,5,666
04/21/2003,PBI,FL,ASO,ES,Towers with Radar,182,157,232,2,573,0,0,171,0,171,182,157,403,2,744,16,0,16,760
04/22/2003,PBI,FL,ASO,ES,Towers with Radar,187,109,149,5,450,0,0,135,0,135,187,109,284,5,585,24,0,24,609
04/23/2003,PBI,FL,ASO,ES,Towers with Radar,178,83,139,0,400,0,0,153,0,153,178,83,292,0,553,32,0,32,585
04/24/2003,PBI,FL,ASO,ES,Towers with Radar,177,132,195,4,508,0,1,175,0,176,177,133,370,4,684,37,20,57,741
04/25/2003,PBI,FL,ASO,ES,Towers with Radar,175,116,155,3,449,0,1,147,0,148,175,117,302,3,597,10,0,10,607
04/26/2003,PBI,FL,ASO,ES,Towers with Radar,192,108,139,2,441,0,0,42,0,42,192,108,181,2,483,0,0,0,483
04/27/2003,PBI,FL,ASO,ES,Towers with Radar,156,165,249,3,573,0,0,112,0,112,156,165,361,3,685,0,0,0,685
04/28/2003,PBI,FL,ASO,ES,Towers with Radar,198,114,157,1,470,0,0,103,0,103,198,114,260,1,573,15,0,15,588
04/29/2003,PBI,FL,ASO,ES,Towers with Radar,179,88,138,8,413,0,0,137,1,138,179,88,275,9,551,21,0,21,572
04/30/2003,PBI,FL,ASO,ES,Towers with Radar,181,89,144,0,414,0,1,79,0,80,181,90,223,0,494,7,0,7,501
05/01/2003,PBI,FL,ASO,ES,Towers with Radar,156,104,146,6,412,0,1,109,0,110,156,105,255,6,522,16,0,16,538
05/02/2003,PBI,FL,ASO,ES,Towers with Radar,162,110,175,0,447,0,1,177,0,178,162,111,352,0,625,21,0,21,646
05/03/2003,PBI,FL,ASO,ES,Towers with Radar,177,118,103,2,400,0,2,134,0,136,177,120,237,2,536,10,0,10,546
05/04/2003,PBI,FL,ASO,ES,Towers with Radar,134,108,137,2,381,0,1,152,0,153,134,109,289,2,534,12,0,12,546
05/05/2003,PBI,FL,ASO,ES,Towers with Radar,133,94,124,1,352,0,0,130,1,131,133,94,254,2,483,8,0,8,491
05/06/2003,PBI,FL,ASO,ES,Towers with Radar,134,69,122,7,332,0,1,159,0,160,134,70,281,7,492,18,0,18,510
05/07/2003,PBI,FL,ASO,ES,Towers with Radar,123,77,125,0,325,0,0,124,0,124,123,77,249,0,449,4,0,4,453
05/08/2003,PBI,FL,ASO,ES,Towers with Radar,143,94,117,1,355,0,0,149,0,149,143,94,266,1,504,16,0,16,520
05/09/2003,PBI,FL,ASO,ES,Towers with Radar,126,90,149,0,365,0,0,172,1,173,126,90,321,1,538,1,0,1,539
05/10/2003,PBI,FL,ASO,ES,Towers with Radar,154,58,119,2,333,0,0,143,0,143,154,58,262,2,476,14,0,14,490
05/11/2003,PBI,FL,ASO,ES,Towers with Radar,132,96,119,0,347,0,0,118,0,118,132,96,237,0,465,1,0,1,466
05/12/2003,PBI,FL,ASO,ES,Towers with Radar,136,92,133,2,363,0,0,164,0,164,136,92,297,2,527,36,0,36,563
05/13/2003,PBI,FL,ASO,ES,Towers with Radar,138,80,125,1,344,15,0,121,0,136,153,80,246,1,480,0,0,0,480
05/14/2003,PBI,FL,ASO,ES,Towers with Radar,142,107,156,2,407,0,0,159,0,159,142,107,315,2,566,0,0,0,566
05/15/2003,PBI,FL,ASO,ES,Towers with Radar,135,101,130,5,371,0,1,142,0,143,135,102,272,5,514,8,0,8,522
05/16/2003,PBI,FL,ASO,ES,Towers with Radar,140,74,128,5,347,0,1,176,0,177,140,75,304,5,524,9,8,17,541
05/17/2003,PBI,FL,ASO,ES,Towers with Radar,144,57,74,3,278,0,0,120,2,122,144,57,194,5,400,4,0,4,404
05/18/2003,PBI,FL,ASO,ES,Towers with Radar,119,93,130,2,344,0,0,145,0,145,119,93,275,2,489,3,0,3,492
05/19/2003,PBI,FL,ASO,ES,Towers with Radar,141,94,114,7,356,0,0,142,0,142,141,94,256,7,498,0,0,0,498
05/20/2003,PBI,FL,ASO,ES,Towers with Radar,138,86,123,1,348,0,0,116,0,116,138,86,239,1,464,13,0,13,477
05/21/2003,PBI,FL,ASO,ES,Towers with Radar,146,92,96,4,338,0,0,148,0,148,146,92,244,4,486,8,0,8,494
05/22/2003,PBI,FL,ASO,ES,Towers with Radar,147,91,149,5,392,0,0,91,0,91,147,91,240,5,483,22,0,22,505
05/23/2003,PBI,FL,ASO,ES,Towers with Radar,143,93,191,9,436,0,0,100,2,102,143,93,291,11,538,2,0,2,540
05/24/2003,PBI,FL,ASO,ES,Towers with Radar,151,77,103,3,334,0,0,101,0,101,151,77,204,3,435,12,0,12,447
05/25/2003,PBI,FL,ASO,ES,Towers with Radar,143,77,90,1,311,0,0,137,0,137,143,77,227,1,448,8,0,8,456
05/26/2003,PBI,FL,ASO,ES,Towers with Radar,126,88,138,0,352,0,1,189,0,190,126,89,327,0,542,0,0,0,542
05/27/2003,PBI,FL,ASO,ES,Towers with Radar,142,74,141,0,357,0,0,109,0,109,142,74,250,0,466,2,0,2,468
05/28/2003,PBI,FL,ASO,ES,Towers with Radar,157,77,133,7,374,1,0,100,0,101,158,77,233,7,475,7,0,7,482
05/29/2003,PBI,FL,ASO,ES,Towers with Radar,141,80,155,4,380,0,1,142,0,143,141,81,297,4,523,55,0,55,578
05/30/2003,PBI,FL,ASO,ES,Towers with Radar,143,73,166,2,384,0,0,171,0,171,143,73,337,2,555,28,10,38,593
05/31/2003,PBI,FL,ASO,ES,Towers with Radar,138,57,104,0,299,0,0,129,0,129,138,57,233,0,428,10,0,10,438
06/01/2003,PBI,FL,ASO,ES,Towers with Radar,141,84,103,4,332,0,0,132,0,132,141,84,235,4,464,2,0,2,466
06/02/2003,PBI,FL,ASO,ES,Towers with Radar,119,82,120,0,321,0,0,123,0,123,119,82,243,0,444,8,0,8,452
06/03/2003,PBI,FL,ASO,ES,Towers with Radar,141,65,90,7,303,0,0,105,0,105,141,65,195,7,408,2,0,2,410
06/04/2003,PBI,FL,ASO,ES,Towers with Radar,141,95,136,3,375,0,3,135,0,138,141,98,271,3,513,10,0,10,523
06/05/2003,PBI,FL,ASO,ES,Towers with Radar,160,68,130,2,360,0,0,179,0,179,160,68,309,2,539,35,0,35,574
06/06/2003,PBI,FL,ASO,ES,Towers with Radar,149,81,138,4,372,0,0,179,0,179,149,81,317,4,551,36,0,36,587
06/07/2003,PBI,FL,ASO,ES,Towers with Radar,137,70,98,2,307,0,0,96,0,96,137,70,194,2,403,2,0,2,405
06/08/2003,PBI,FL,ASO,ES,Towers with Radar,128,73,115,1,317,0,5,154,0,159,128,78,269,1,476,0,0,0,476
06/09/2003,PBI,FL,ASO,ES,Towers with Radar,131,62,113,0,306,0,0,114,0,114,131,62,227,0,420,6,0,6,426
06/10/2003,PBI,FL,ASO,ES,Towers with Radar,136,67,106,2,311,0,0,125,0,125,136,67,231,2,436,0,0,0,436
06/11/2003,PBI,FL,ASO,ES,Towers with Radar,130,57,127,5,319,0,1,152,0,153,130,58,279,5,472,32,0,32,504
06/12/2003,PBI,FL,ASO,ES,Towers with Radar,137,61,132,3,333,0,0,161,0,161,137,61,293,3,494,26,0,26,520
06/13/2003,PBI,FL,ASO,ES,Towers with Radar,134,79,106,2,321,0,0,180,0,180,134,79,286,2,501,4,0,4,505
06/14/2003,PBI,FL,ASO,ES,Towers with Radar,122,63,83,0,268,0,0,118,0,118,122,63,201,0,386,18,0,18,404
06/15/2003,PBI,FL,ASO,ES,Towers with Radar,130,82,117,0,329,0,0,149,0,149,130,82,266,0,478,10,0,10,488
06/16/2003,PBI,FL,ASO,ES,Towers with Radar,123,75,112,4,314,0,0,115,0,115,123,75,227,4,429,7,0,7,436
06/17/2003,PBI,FL,ASO,ES,Towers with Radar,147,65,93,5,310,0,0,145,0,145,147,65,238,5,455,35,0,35,490
06/18/2003,PBI,FL,ASO,ES,Towers with Radar,142,62,106,3,313,0,0,136,0,136,142,62,242,3,449,26,0,26,475
06/19/2003,PBI,FL,ASO,ES,Towers with Radar,151,62,126,6,345,0,0,96,0,96,151,62,222,6,441,6,0,6,447
06/20/2003,PBI,FL,ASO,ES,Towers with Radar,131,65,142,8,346,0,0,123,0,123,131,65,265,8,469,12,0,12,481
06/21/2003,PBI,FL,ASO,ES,Towers with Radar,135,87,87,7,316,0,0,83,0,83,135,87,170,7,399,26,0,26,425
06/22/2003,PBI,FL,ASO,ES,Towers with Radar,153,79,107,8,347,2,0,90,0,92,155,79,197,8,439,3,10,13,452
06/23/2003,PBI,FL,ASO,ES,Towers with Radar,127,77,104,0,308,0,0,85,0,85,127,77,189,0,393,0,0,0,393
06/24/2003,PBI,FL,ASO,ES,Towers with Radar,126,76,100,4,306,0,0,161,0,161,126,76,261,4,467,12,1,13,480
06/25/2003,PBI,FL,ASO,ES,Towers with Radar,131,68,91,3,293,0,0,131,0,131,131,68,222,3,424,16,0,16,440
06/26/2003,PBI,FL,ASO,ES,Towers with Radar,141,62,86,0,289,0,0,132,8,140,141,62,218,8,429,8,1,9,438
06/27/2003,PBI,FL,ASO,ES,Towers with Radar,145,59,123,1,328,0,0,176,0,176,145,59,299,1,504,0,1,1,505
06/28/2003,PBI,FL,ASO,ES,Towers with Radar,126,74,92,1,293,0,0,126,0,126,126,74,218,1,419,10,0,10,429
06/29/2003,PBI,FL,ASO,ES,Towers with Radar,128,87,95,1,311,0,0,87,0,87,128,87,182,1,398,21,0,21,419
06/30/2003,PBI,FL,ASO,ES,Towers with Radar,134,69,139,2,344,0,0,164,0,164,134,69,303,2,508,14,0,14,522
07/01/2003,PBI,FL,ASO,ES,Towers with Radar,110,58,81,2,251,30,1,174,0,205,140,59,255,2,456,34,0,34,490
07/02/2003,PBI,FL,ASO,ES,Towers with Radar,145,76,111,3,335,1,0,138,0,139,146,76,249,3,474,22,0,22,496
07/03/2003,PBI,FL,ASO,ES,Towers with Radar,143,78,108,1,330,1,0,195,0,196,144,78,303,1,526,6,0,6,532
07/04/2003,PBI,FL,ASO,ES,Towers with Radar,111,52,72,3,238,1,2,140,0,143,112,54,212,3,381,8,0,8,389
07/05/2003,PBI,FL,ASO,ES,Towers with Radar,136,70,86,3,295,1,0,122,0,123,137,70,208,3,418,0,1,1,419
07/06/2003,PBI,FL,ASO,ES,Towers with Radar,119,85,146,0,350,1,0,154,0,155,120,85,300,0,505,14,0,14,519
07/07/2003,PBI,FL,ASO,ES,Towers with Radar,142,82,111,0,335,1,0,132,0,133,143,82,243,0,468,15,0,15,483
07/08/2003,PBI,FL,ASO,ES,Towers with Radar,141,67,105,3,316,1,0,131,0,132,142,67,236,3,448,10,0,10,458
07/09/2003,PBI,FL,ASO,ES,Towers with Radar,125,64,90,4,283,0,1,145,2,148,125,65,235,6,431,25,0,25,456
07/10/2003,PBI,FL,ASO,ES,Towers with Radar,141,61,93,4,299,0,0,146,0,146,141,61,239,4,445,25,1,26,471
07/11/2003,PBI,FL,ASO,ES,Towers with Radar,141,57,74,0,272,0,0,157,0,157,141,57,231,0,429,24,0,24,453
07/12/2003,PBI,FL,ASO,ES,Towers with Radar,118,65,59,0,242,0,0,129,0,129,118,65,188,0,371,15,0,15,386
07/13/2003,PBI,FL,ASO,ES,Towers with Radar,122,71,113,1,307,0,0,131,0,131,122,71,244,1,438,2,0,2,440
07/14/2003,PBI,FL,ASO,ES,Towers with Radar,120,70,111,5,306,0,0,129,0,129,120,70,240,5,435,6,2,8,443
07/15/2003,PBI,FL,ASO,ES,Towers with Radar,138,64,77,7,286,0,0,118,2,120,138,64,195,9,406,21,0,21,427
07/16/2003,PBI,FL,ASO,ES,Towers with Radar,128,67,76,2,273,0,22,144,0,166,128,89,220,2,439,28,0,28,467
07/17/2003,PBI,FL,ASO,ES,Towers with Radar,149,69,123,2,343,0,0,136,0,136,149,69,259,2,479,33,0,33,512
07/18/2003,PBI,FL,ASO,ES,Towers with Radar,131,60,114,6,311,0,1,171,0,172,131,61,285,6,483,30,0,30,513
07/19/2003,PBI,FL,ASO,ES,Towers with Radar,132,58,71,0,261,0,0,193,0,193,132,58,264,0,454,20,0,20,474
07/20/2003,PBI,FL,ASO,ES,Towers with Radar,126,79,80,1,286,0,0,150,1,151,126,79,230,2,437,14,0,14,451
07/21/2003,PBI,FL,ASO,ES,Towers with Radar,134,64,87,1,286,0,0,104,1,105,134,64,191,2,391,10,0,10,401
07/22/2003,PBI,FL,ASO,ES,Towers with Radar,121,58,99,4,282,0,0,101,0,101,121,58,200,4,383,37,0,37,420
07/23/2003,PBI,FL,ASO,ES,Towers with Radar,134,63,96,1,294,0,2,110,0,112,134,65,206,1,406,6,0,6,412
07/24/2003,PBI,FL,ASO,ES,Towers with Radar,143,83,145,1,372,0,0,132,0,132,143,83,277,1,504,39,0,39,543
07/25/2003,PBI,FL,ASO,ES,Towers with Radar,139,71,104,5,319,0,3,133,0,136,139,74,237,5,455,24,0,24,479
07/26/2003,PBI,FL,ASO,ES,Towers with Radar,130,57,86,5,278,0,0,124,0,124,130,57,210,5,402,14,0,14,416
07/27/2003,PBI,FL,ASO,ES,Towers with Radar,136,97,72,3,308,0,0,115,0,115,136,97,187,3,423,12,0,12,435
07/28/2003,PBI,FL,ASO,ES,Towers with Radar,117,82,96,18,313,0,0,112,0,112,117,82,208,18,425,22,0,22,447
07/29/2003,PBI,FL,ASO,ES,Towers with Radar,143,71,86,2,302,0,0,137,0,137,143,71,223,2,439,14,0,14,453
07/30/2003,PBI,FL,ASO,ES,Towers with Radar,121,64,88,0,273,11,13,151,0,175,132,77,239,0,448,6,0,6,454
07/31/2003,PBI,FL,ASO,ES,Towers with Radar,140,67,104,1,312,0,0,142,0,142,140,67,246,1,454,16,0,16,470
08/01/2003,PBI,FL,ASO,ES,Towers with Radar,124,76,69,0,269,0,0,153,0,153,124,76,222,0,422,15,0,15,437
08/02/2003,PBI,FL,ASO,ES,Towers with Radar,128,55,65,1,249,0,0,108,0,108,128,55,173,1,357,22,0,22,379
08/03/2003,PBI,FL,ASO,ES,Towers with Radar,135,67,94,2,298,0,0,122,0,122,135,67,216,2,420,2,0,2,422
08/04/2003,PBI,FL,ASO,ES,Towers with Radar,130,70,78,3,281,0,0,106,0,106,130,70,184,3,387,6,0,6,393
08/05/2003,PBI,FL,ASO,ES,Towers with Radar,155,71,99,4,329,0,0,78,0,78,155,71,177,4,407,10,0,10,417
08/06/2003,PBI,FL,ASO,ES,Towers with Radar,120,75,117,0,312,0,0,178,0,178,120,75,295,0,490,6,1,7,497
08/07/2003,PBI,FL,ASO,ES,Towers with Radar,145,91,118,4,358,0,0,147,0,147,145,91,265,4,505,2,0,2,507
08/08/2003,PBI,FL,ASO,ES,Towers with Radar,150,65,132,2,349,0,1,121,0,122,150,66,253,2,471,9,0,9,480
08/09/2003,PBI,FL,ASO,ES,Towers with Radar,125,72,75,0,272,0,3,107,0,110,125,75,182,0,382,11,0,11,393
08/10/2003,PBI,FL,ASO,ES,Towers with Radar,129,78,116,0,323,0,0,90,0,90,129,78,206,0,413,0,0,0,413
08/11/2003,PBI,FL,ASO,ES,Towers with Radar,126,64,112,0,302,0,0,125,0,125,126,64,237,0,427,14,0,14,441
08/12/2003,PBI,FL,ASO,ES,Towers with Radar,129,79,151,4,363,0,0,151,2,153,129,79,302,6,516,34,0,34,550
08/13/2003,PBI,FL,ASO,ES,Towers with Radar,134,60,134,6,334,0,0,128,0,128,134,60,262,6,462,21,0,21,483
08/14/2003,PBI,FL,ASO,ES,Towers with Radar,132,74,110,6,322,0,0,61,0,61,132,74,171,6,383,4,0,4,387
08/15/2003,PBI,FL,ASO,ES,Towers with Radar,123,73,144,7,347,0,0,177,0,177,123,73,321,7,524,27,0,27,551
08/16/2003,PBI,FL,ASO,ES,Towers with Radar,121,75,101,1,298,0,0,133,1,134,121,75,234,2,432,21,0,21,453
08/17/2003,PBI,FL,ASO,ES,Towers with Radar,140,73,112,0,325,0,0,137,0,137,140,73,249,0,462,4,0,4,466
08/18/2003,PBI,FL,ASO,ES,Towers with Radar,128,69,103,2,302,0,0,106,3,109,128,69,209,5,411,5,20,25,436
08/19/2003,PBI,FL,ASO,ES,Towers with Radar,128,74,99,4,305,0,0,106,0,106,128,74,205,4,411,24,0,24,435
08/20/2003,PBI,FL,ASO,ES,Towers with Radar,136,75,84,3,298,0,1,65,0,66,136,76,149,3,364,4,0,4,368
08/21/2003,PBI,FL,ASO,ES,Towers with Radar,146,78,119,4,347,0,4,193,0,197,146,82,312,4,544,55,0,55,599
08/22/2003,PBI,FL,ASO,ES,Towers with Radar,134,79,101,3,317,0,0,212,0,212,134,79,313,3,529,13,0,13,542
08/23/2003,PBI,FL,ASO,ES,Towers with Radar,116,54,80,0,250,0,0,126,0,126,116,54,206,0,376,10,0,10,386
08/24/2003,PBI,FL,ASO,ES,Towers with Radar,132,86,60,0,278,0,0,129,0,129,132,86,189,0,407,3,0,3,410
08/25/2003,PBI,FL,ASO,ES,Towers with Radar,137,74,111,0,322,0,0,150,0,150,137,74,261,0,472,34,0,34,506
08/26/2003,PBI,FL,ASO,ES,Towers with Radar,134,63,86,4,287,0,0,125,0,125,134,63,211,4,412,14,0,14,426
08/27/2003,PBI,FL,ASO,ES,Towers with Radar,113,67,100,2,282,0,0,134,3,137,113,67,234,5,419,2,0,2,421
08/28/2003,PBI,FL,ASO,ES,Towers with Radar,134,84,100,2,320,0,0,118,0,118,134,84,218,2,438,6,0,6,444
08/29/2003,PBI,FL,ASO,ES,Towers with Radar,125,80,104,1,310,0,0,138,0,138,125,80,242,1,448,12,0,12,460
08/30/2003,PBI,FL,ASO,ES,Towers with Radar,120,55,76,0,251,0,0,120,0,120,120,55,196,0,371,0,0,0,371
08/31/2003,PBI,FL,ASO,ES,Towers with Radar,126,60,71,0,257,0,3,112,0,115,126,63,183,0,372,6,0,6,378
09/01/2003,PBI,FL,ASO,ES,Towers with Radar,116,86,139,0,341,0,2,139,0,141,116,88,278,0,482,6,0,6,488
09/02/2003,PBI,FL,ASO,ES,Towers with Radar,118,71,92,0,281,0,1,88,0,89,118,72,180,0,370,6,0,6,376
09/03/2003,PBI,FL,ASO,ES,Towers with Radar,126,75,71,2,274,0,1,95,0,96,126,76,166,2,370,6,0,6,376
09/04/2003,PBI,FL,ASO,ES,Towers with Radar,123,69,110,3,305,0,1,128,0,129,123,70,238,3,434,33,0,33,467
09/05/2003,PBI,FL,ASO,ES,Towers with Radar,211,75,108,0,394,0,1,95,0,96,211,76,203,0,490,18,0,18,508
09/06/2003,PBI,FL,ASO,ES,Towers with Radar,119,56,67,0,242,0,1,53,0,54,119,57,120,0,296,12,0,12,308
09/07/2003,PBI,FL,ASO,ES,Towers with Radar,113,75,90,0,278,0,1,92,0,93,113,76,182,0,371,14,0,14,385
09/08/2003,PBI,FL,ASO,ES,Towers with Radar,112,62,95,7,276,0,1,103,0,104,112,63,198,7,380,10,0,10,390
09/09/2003,PBI,FL,ASO,ES,Towers with Radar,134,65,82,1,282,0,1,132,1,134,134,66,214,2,416,25,0,25,441
09/10/2003,PBI,FL,ASO,ES,Towers with Radar,122,54,107,0,283,0,1,102,0,103,122,55,209,0,386,28,0,28,414
09/11/2003,PBI,FL,ASO,ES,Towers with Radar,118,57,89,0,264,0,1,117,0,118,118,58,206,0,382,8,0,8,390
09/12/2003,PBI,FL,ASO,ES,Towers with Radar,131,73,86,3,293,0,1,124,0,125,131,74,210,3,418,16,0,16,434
09/13/2003,PBI,FL,ASO,ES,Towers with Radar,128,61,86,0,275,0,0,136,0,136,128,61,222,0,411,37,0,37,448
09/14/2003,PBI,FL,ASO,ES,Towers with Radar,109,82,91,0,282,0,1,107,2,110,109,83,198,2,392,0,10,10,402
09/15/2003,PBI,FL,ASO,ES,Towers with Radar,137,59,71,1,268,0,0,107,0,107,137,59,178,1,375,8,0,8,383
09/16/2003,PBI,FL,ASO,ES,Towers with Radar,133,67,84,3,287,0,0,129,0,129,133,67,213,3,416,8,0,8,424
09/17/2003,PBI,FL,ASO,ES,Towers with Radar,148,80,96,0,324,0,2,108,0,110,148,82,204,0,434,28,0,28,462
09/18/2003,PBI,FL,ASO,ES,Towers with Radar,132,61,77,0,270,0,0,129,0,129,132,61,206,0,399,32,0,32,431
09/19/2003,PBI,FL,ASO,ES,Towers with Radar,129,77,110,1,317,0,0,114,0,114,129,77,224,1,431,38,0,38,469
09/20/2003,PBI,FL,ASO,ES,Towers with Radar,119,76,72,0,267,0,4,107,0,111,119,80,179,0,378,36,0,36,414
09/21/2003,PBI,FL,ASO,ES,Towers with Radar,114,64,91,0,269,0,0,109,0,109,114,64,200,0,378,14,0,14,392
09/22/2003,PBI,FL,ASO,ES,Towers with Radar,129,64,91,1,285,0,0,144,0,144,129,64,235,1,429,13,0,13,442
09/23/2003,PBI,FL,ASO,ES,Towers with Radar,129,47,85,0,261,0,0,99,1,100,129,47,184,1,361,4,0,4,365
09/24/2003,PBI,FL,ASO,ES,Towers with Radar,127,45,87,5,264,0,0,131,0,131,127,45,218,5,395,21,0,21,416
09/25/2003,PBI,FL,ASO,ES,Towers with Radar,128,73,119,0,320,0,0,127,1,128,128,73,246,1,448,5,0,5,453
09/26/2003,PBI,FL,ASO,ES,Towers with Radar,129,57,100,2,288,0,0,96,0,96,129,57,196,2,384,7,0,7,391
09/27/2003,PBI,FL,ASO,ES,Towers with Radar,125,64,79,5,273,0,0,64,0,64,125,64,143,5,337,6,0,6,343
09/28/2003,PBI,FL,ASO,ES,Towers with Radar,120,73,56,1,250,0,1,73,0,74,120,74,129,1,324,3,0,3,327
09/29/2003,PBI,FL,ASO,ES,Towers with Radar,131,71,112,4,318,0,0,82,0,82,131,71,194,4,400,0,0,0,400
09/30/2003,PBI,FL,ASO,ES,Towers with Radar,132,63,101,1,297,0,0,79,0,79,132,63,180,1,376,10,0,10,386
10/01/2003,PBI,FL,ASO,ES,Towers with Radar,124,68,102,4,298,18,0,135,2,155,142,68,237,6,453,10,2,12,465
10/02/2003,PBI,FL,ASO,ES,Towers with Radar,130,64,107,3,304,0,0,149,0,149,130,64,256,3,453,23,0,23,476
10/03/2003,PBI,FL,ASO,ES,Towers with Radar,137,64,115,5,321,0,0,154,3,157,137,64,269,8,478,19,0,19,497
10/04/2003,PBI,FL,ASO,ES,Towers with Radar,114,64,94,2,274,18,0,85,0,103,132,64,179,2,377,27,0,27,404
10/05/2003,PBI,FL,ASO,ES,Towers with Radar,93,56,76,0,225,30,14,114,0,158,123,70,190,0,383,14,0,14,397
10/06/2003,PBI,FL,ASO,ES,Towers with Radar,113,69,93,4,279,10,3,111,1,125,123,72,204,5,404,26,0,26,430
10/07/2003,PBI,FL,ASO,ES,Towers with Radar,126,58,104,4,292,19,0,107,0,126,145,58,211,4,418,17,0,17,435
10/08/2003,PBI,FL,ASO,ES,Towers with Radar,134,49,116,5,304,0,0,116,5,121,134,49,232,10,425,18,0,18,443
10/09/2003,PBI,FL,ASO,ES,Towers with Radar,129,85,116,5,335,0,5,138,2,145,129,90,254,7,480,2,0,2,482
10/10/2003,PBI,FL,ASO,ES,Towers with Radar,151,93,126,3,373,0,22,116,0,138,151,115,242,3,511,2,0,2,513
10/11/2003,PBI,FL,ASO,ES,Towers with Radar,104,63,86,0,253,12,7,85,0,104,116,70,171,0,357,18,0,18,375
10/12/2003,PBI,FL,ASO,ES,Towers with Radar,118,71,97,0,286,0,4,58,0,62,118,75,155,0,348,4,0,4,352
10/13/2003,PBI,FL,ASO,ES,Towers with Radar,121,73,100,2,296,8,1,107,0,116,129,74,207,2,412,0,0,0,412
10/14/2003,PBI,FL,ASO,ES,Towers with Radar,121,67,101,0,289,15,0,100,0,115,136,67,201,0,404,4,0,4,408
10/15/2003,PBI,FL,ASO,ES,Towers with Radar,132,69,109,4,314,0,0,136,0,136,132,69,245,4,450,9,0,9,459
10/16/2003,PBI,FL,ASO,ES,Towers with Radar,135,82,112,5,334,4,10,90,0,104,139,92,202,5,438,6,0,6,444
10/17/2003,PBI,FL,ASO,ES,Towers with Radar,130,82,114,3,329,0,0,96,0,96,130,82,210,3,425,1,0,1,426
10/18/2003,PBI,FL,ASO,ES,Towers with Radar,100,57,82,0,239,14,0,116,0,130,114,57,198,0,369,18,0,18,387
10/19/2003,PBI,FL,ASO,ES,Towers with Radar,116,77,106,3,302,0,26,123,0,149,116,103,229,3,451,0,0,0,451
10/20/2003,PBI,FL,ASO,ES,Towers with Radar,140,83,115,0,338,0,2,76,0,78,140,85,191,0,416,8,0,8,424
10/21/2003,PBI,FL,ASO,ES,Towers with Radar,135,73,117,1,326,0,0,166,0,166,135,73,283,1,492,34,0,34,526
10/22/2003,PBI,FL,ASO,ES,Towers with Radar,132,82,114,4,332,0,3,161,1,165,132,85,275,5,497,10,0,10,507
10/23/2003,PBI,FL,ASO,ES,Towers with Radar,121,93,129,4,347,0,0,131,1,132,121,93,260,5,479,26,0,26,505
10/24/2003,PBI,FL,ASO,ES,Towers with Radar,133,89,123,4,349,0,0,144,2,146,133,89,267,6,495,4,0,4,499
10/25/2003,PBI,FL,ASO,ES,Towers with Radar,121,68,99,3,291,6,0,56,0,62,127,68,155,3,353,21,0,21,374
10/26/2003,PBI,FL,ASO,ES,Towers with Radar,133,85,118,4,340,0,20,170,9,199,133,105,288,13,539,0,0,0,539
10/27/2003,PBI,FL,ASO,ES,Towers with Radar,121,72,100,3,296,15,4,117,3,139,136,76,217,6,435,10,0,10,445
10/28/2003,PBI,FL,ASO,ES,Towers with Radar,130,73,107,4,314,5,0,76,2,83,135,73,183,6,397,13,0,13,410
10/29/2003,PBI,FL,ASO,ES,Towers with Radar,155,92,128,4,379,3,11,139,9,162,158,103,267,13,541,37,0,37,578
10/30/2003,PBI,FL,ASO,ES,Towers with Radar,158,114,155,6,433,0,6,69,2,77,158,120,224,8,510,10,0,10,520
10/31/2003,PBI,FL,ASO,ES,Towers with Radar,136,101,137,1,375,0,7,150,0,157,136,108,287,1,532,20,0,20,552
11/01/2003,PBI,FL,ASO,ES,Towers with Radar,132,90,130,0,352,15,6,67,0,88,147,96,197,0,440,11,0,11,451
11/02/2003,PBI,FL,ASO,ES,Towers with Radar,137,93,134,0,364,10,2,75,0,87,147,95,209,0,451,14,0,14,465
11/03/2003,PBI,FL,ASO,ES,Towers with Radar,128,87,126,1,342,26,8,55,0,89,154,95,181,1,431,6,0,6,437
11/04/2003,PBI,FL,ASO,ES,Towers with Radar,136,79,133,2,350,23,0,63,0,86,159,79,196,2,436,8,0,8,444
11/05/2003,PBI,FL,ASO,ES,Towers with Radar,138,83,136,1,358,7,0,54,0,61,145,83,190,1,419,6,10,16,435
11/06/2003,PBI,FL,ASO,ES,Towers with Radar,164,99,161,4,428,5,0,47,0,52,169,99,208,4,480,0,0,0,480
11/07/2003,PBI,FL,ASO,ES,Towers with Radar,142,103,163,1,409,0,0,134,0,134,142,103,297,1,543,14,0,14,557
11/08/2003,PBI,FL,ASO,ES,Towers with Radar,134,77,131,3,345,32,0,58,0,90,166,77,189,3,435,21,0,21,456
11/09/2003,PBI,FL,ASO,ES,Towers with Radar,137,106,152,4,399,0,17,106,0,123,137,123,258,4,522,12,0,12,534
11/10/2003,PBI,FL,ASO,ES,Towers with Radar,143,73,140,1,357,4,0,130,0,134,147,73,270,1,491,12,0,12,503
11/11/2003,PBI,FL,ASO,ES,Towers with Radar,133,91,130,2,356,12,8,95,0,115,145,99,225,2,471,10,0,10,481
11/12/2003,PBI,FL,ASO,ES,Towers with Radar,146,88,143,3,380,0,0,132,6,138,146,88,275,9,518,16,0,16,534
11/13/2003,PBI,FL,ASO,ES,Towers with Radar,159,90,156,4,409,4,0,137,10,151,163,90,293,14,560,15,0,15,575
11/14/2003,PBI,FL,ASO,ES,Towers with Radar,156,106,153,3,418,7,6,138,0,151,163,112,291,3,569,14,0,14,583
11/15/2003,PBI,FL,ASO,ES,Towers with Radar,139,77,137,3,356,24,0,93,0,117,163,77,230,3,473,0,0,0,473
11/16/2003,PBI,FL,ASO,ES,Towers with Radar,135,107,154,1,397,0,18,135,0,153,135,125,289,1,550,7,0,7,557
11/17/2003,PBI,FL,ASO,ES,Towers with Radar,126,72,125,1,324,35,0,113,0,148,161,72,238,1,472,0,0,0,472
11/18/2003,PBI,FL,ASO,ES,Towers with Radar,139,95,137,2,373,8,0,116,5,129,147,95,253,7,502,28,0,28,530
11/19/2003,PBI,FL,ASO,ES,Towers with Radar,147,93,145,2,387,10,0,76,0,86,157,93,221,2,473,12,0,12,485
11/20/2003,PBI,FL,ASO,ES,Towers with Radar,167,124,191,3,485,0,0,213,5,218,167,124,404,8,703,58,0,58,761
11/21/2003,PBI,FL,ASO,ES,Towers with Radar,163,120,180,3,466,0,0,172,1,173,163,120,352,4,639,7,0,7,646
11/22/2003,PBI,FL,ASO,ES,Towers with Radar,141,94,138,2,375,5,31,94,3,133,146,125,232,5,508,10,0,10,518
11/23/2003,PBI,FL,ASO,ES,Towers with Radar,143,101,148,2,394,0,32,106,3,141,143,133,254,5,535,23,0,23,558
11/24/2003,PBI,FL,ASO,ES,Towers with Radar,142,95,139,2,378,13,1,103,3,120,155,96,242,5,498,4,0,4,502
11/25/2003,PBI,FL,ASO,ES,Towers with Radar,167,140,205,2,514,0,6,192,0,198,167,146,397,2,712,21,0,21,733
11/26/2003,PBI,FL,ASO,ES,Towers with Radar,181,146,215,4,546,0,0,173,1,174,181,146,388,5,720,29,20,49,769
11/27/2003,PBI,FL,ASO,ES,Towers with Radar,100,60,99,0,259,49,0,38,0,87,149,60,137,0,346,0,0,0,346
11/28/2003,PBI,FL,ASO,ES,Towers with Radar,131,87,128,1,347,16,7,79,0,102,147,94,207,1,449,20,0,20,469
11/29/2003,PBI,FL,ASO,ES,Towers with Radar,157,105,154,1,417,0,41,102,0,143,157,146,256,1,560,6,0,6,566
11/30/2003,PBI,FL,ASO,ES,Towers with Radar,158,178,260,2,598,0,1,256,0,257,158,179,516,2,855,0,0,0,855
12/01/2003,PBI,FL,ASO,ES,Towers with Radar,159,117,165,4,445,0,20,160,0,180,159,137,325,4,625,10,0,10,635
12/02/2003,PBI,FL,ASO,ES,Towers with Radar,154,86,147,2,389,12,0,89,0,101,166,86,236,2,490,8,0,8,498
12/03/2003,PBI,FL,ASO,ES,Towers with Radar,160,86,156,3,405,0,0,100,4,104,160,86,256,7,509,8,0,8,517
12/04/2003,PBI,FL,ASO,ES,Towers with Radar,156,103,153,3,415,0,0,210,4,214,156,103,363,7,629,12,0,12,641
12/05/2003,PBI,FL,ASO,ES,Towers with Radar,141,105,148,3,397,0,4,96,8,108,141,109,244,11,505,4,0,4,509
12/06/2003,PBI,FL,ASO,ES,Towers with Radar,141,85,134,0,360,6,0,102,0,108,147,85,236,0,468,6,0,6,474
12/07/2003,PBI,FL,ASO,ES,Towers with Radar,139,109,155,1,404,0,23,120,0,143,139,132,275,1,547,9,0,9,556
12/08/2003,PBI,FL,ASO,ES,Towers with Radar,153,93,146,3,395,2,0,98,1,101,155,93,244,4,496,24,0,24,520
12/09/2003,PBI,FL,ASO,ES,Towers with Radar,152,91,148,3,394,0,0,120,4,124,152,91,268,7,518,30,0,30,548
12/10/2003,PBI,FL,ASO,ES,Towers with Radar,178,98,174,4,454,0,0,60,0,60,178,98,234,4,514,2,0,2,516
12/11/2003,PBI,FL,ASO,ES,Towers with Radar,166,83,158,0,407,2,0,118,0,120,168,83,276,0,527,14,4,18,545
12/12/2003,PBI,FL,ASO,ES,Towers with Radar,169,111,173,4,457,0,0,140,4,144,169,111,313,8,601,29,0,29,630
12/13/2003,PBI,FL,ASO,ES,Towers with Radar,129,87,123,3,342,22,2,129,0,153,151,89,252,3,495,44,0,44,539
12/14/2003,PBI,FL,ASO,ES,Towers with Radar,133,90,120,3,346,18,17,0,0,35,151,107,120,3,381,3,0,3,384
12/15/2003,PBI,FL,ASO,ES,Towers with Radar,153,96,146,2,397,14,0,90,1,105,167,96,236,3,502,3,0,3,505
12/16/2003,PBI,FL,ASO,ES,Towers with Radar,165,105,167,3,440,0,0,108,8,116,165,105,275,11,556,13,0,13,569
12/17/2003,PBI,FL,ASO,ES,Towers with Radar,169,103,161,3,436,4,0,69,3,76,173,103,230,6,512,9,0,9,521
12/18/2003,PBI,FL,ASO,ES,Towers with Radar,181,103,172,3,459,8,0,128,1,137,189,103,300,4,596,1,0,1,597
12/19/2003,PBI,FL,ASO,ES,Towers with Radar,190,139,199,1,529,0,6,152,0,158,190,145,351,1,687,6,0,6,693
12/20/2003,PBI,FL,ASO,ES,Towers with Radar,169,112,161,2,444,9,15,123,0,147,178,127,284,2,591,8,0,8,599
12/21/2003,PBI,FL,ASO,ES,Towers with Radar,167,111,160,0,438,2,12,138,0,152,169,123,298,0,590,15,0,15,605
12/22/2003,PBI,FL,ASO,ES,Towers with Radar,173,115,165,0,453,19,8,151,0,178,192,123,316,0,631,14,0,14,645
12/23/2003,PBI,FL,ASO,ES,Towers with Radar,174,111,166,2,453,16,0,107,0,123,190,111,273,2,576,14,0,14,590
12/24/2003,PBI,FL,ASO,ES,Towers with Radar,135,81,129,0,345,59,0,79,0,138,194,81,208,0,483,0,0,0,483
12/25/2003,PBI,FL,ASO,ES,Towers with Radar,119,79,74,0,272,51,45,0,0,96,170,124,74,0,368,0,0,0,368
12/26/2003,PBI,FL,ASO,ES,Towers with Radar,185,172,247,0,604,0,38,222,0,260,185,210,469,0,864,8,0,8,872
12/27/2003,PBI,FL,ASO,ES,Towers with Radar,176,155,222,2,555,0,22,213,0,235,176,177,435,2,790,20,0,20,810
12/28/2003,PBI,FL,ASO,ES,Towers with Radar,178,132,189,2,501,0,18,117,0,135,178,150,306,2,636,2,0,2,638
12/29/2003,PBI,FL,ASO,ES,Towers with Radar,174,115,166,0,455,15,7,117,0,139,189,122,283,0,594,10,0,10,604
12/30/2003,PBI,FL,ASO,ES,Towers with Radar,172,111,179,0,462,0,0,156,0,156,172,111,335,0,618,18,0,18,636
12/31/2003,PBI,FL,ASO,ES,Towers with Radar,161,101,153,2,417,17,0,83,0,100,178,101,236,2,517,22,0,22,539
01/01/2004,PBI,FL,ASO,ES,Towers with Radar,123,89,141,1,354,51,0,62,0,113,174,89,203,1,467,6,0,6,473
01/02/2004,PBI,FL,ASO,ES,Towers with Radar,172,129,195,3,499,9,0,21,0,30,181,129,216,3,529,4,0,4,533
01/03/2004,PBI,FL,ASO,ES,Towers with Radar,172,165,250,0,587,0,12,214,0,226,172,177,464,0,813,12,0,12,825
01/04/2004,PBI,FL,ASO,ES,Towers with Radar,201,205,310,6,722,0,3,308,4,315,201,208,618,10,1037,8,0,8,1045
01/05/2004,PBI,FL,ASO,ES,Towers with Radar,151,114,171,3,439,26,25,111,1,163,177,139,282,4,602,9,0,9,611
01/06/2004,PBI,FL,ASO,ES,Towers with Radar,132,94,150,0,376,38,0,45,0,83,170,94,195,0,459,8,10,18,477
01/07/2004,PBI,FL,ASO,ES,Towers with Radar,156,78,178,2,414,24,0,104,0,128,180,78,282,2,542,10,0,10,552
01/08/2004,PBI,FL,ASO,ES,Towers with Radar,141,101,161,3,406,36,0,47,5,88,177,101,208,8,494,4,0,4,498
01/09/2004,PBI,FL,ASO,ES,Towers with Radar,167,126,190,1,484,13,8,111,0,132,180,134,301,1,616,10,0,10,626
01/10/2004,PBI,FL,ASO,ES,Towers with Radar,142,107,162,2,413,18,0,19,0,37,160,107,181,2,450,5,0,5,455
01/11/2004,PBI,FL,ASO,ES,Towers with Radar,159,129,195,4,487,0,4,125,0,129,159,133,320,4,616,12,0,12,628
01/12/2004,PBI,FL,ASO,ES,Towers with Radar,140,101,159,1,401,17,0,120,0,137,157,101,279,1,538,10,0,10,548
01/13/2004,PBI,FL,ASO,ES,Towers with Radar,144,92,164,3,403,21,0,132,5,158,165,92,296,8,561,11,0,11,572
01/14/2004,PBI,FL,ASO,ES,Towers with Radar,176,111,207,3,497,0,0,136,0,136,176,111,343,3,633,6,0,6,639
01/15/2004,PBI,FL,ASO,ES,Towers with Radar,185,132,234,3,554,0,0,162,0,162,185,132,396,3,716,58,0,58,774
01/16/2004,PBI,FL,ASO,ES,Towers with Radar,182,177,267,4,630,0,36,149,2,187,182,213,416,6,817,11,0,11,828
01/17/2004,PBI,FL,ASO,ES,Towers with Radar,141,105,159,1,406,25,5,154,0,184,166,110,313,1,590,20,0,20,610
01/18/2004,PBI,FL,ASO,ES,Towers with Radar,154,114,174,0,442,5,27,74,0,106,159,141,248,0,548,0,0,0,548
01/19/2004,PBI,FL,ASO,ES,Towers with Radar,181,170,259,1,611,0,60,155,0,215,181,230,414,1,826,4,0,4,830
01/20/2004,PBI,FL,ASO,ES,Towers with Radar,163,115,185,3,466,12,0,128,2,142,175,115,313,5,608,2,0,2,610
01/21/2004,PBI,FL,ASO,ES,Towers with Radar,164,101,186,2,453,4,0,156,0,160,168,101,342,2,613,57,0,57,670
01/22/2004,PBI,FL,ASO,ES,Towers with Radar,175,144,220,3,542,0,2,153,9,164,175,146,373,12,706,0,0,0,706
01/23/2004,PBI,FL,ASO,ES,Towers with Radar,182,141,215,3,541,0,8,181,3,192,182,149,396,6,733,24,0,24,757
01/24/2004,PBI,FL,ASO,ES,Towers with Radar,133,98,151,2,384,34,2,110,8,154,167,100,261,10,538,6,0,6,544
01/25/2004,PBI,FL,ASO,ES,Towers with Radar,161,140,213,3,517,0,39,129,0,168,161,179,342,3,685,3,0,3,688
01/26/2004,PBI,FL,ASO,ES,Towers with Radar,141,101,160,2,404,6,0,126,4,136,147,101,286,6,540,8,0,8,548
01/27/2004,PBI,FL,ASO,ES,Towers with Radar,155,87,176,1,419,7,0,71,0,78,162,87,247,1,497,0,0,0,497
01/28/2004,PBI,FL,ASO,ES,Towers with Radar,167,86,192,2,447,0,0,138,0,138,167,86,330,2,585,0,0,0,585
01/29/2004,PBI,FL,ASO,ES,Towers with Radar,197,157,239,3,596,0,5,176,0,181,197,162,415,3,777,23,0,23,800
01/30/2004,PBI,FL,ASO,ES,Towers with Radar,174,156,238,2,570,0,0,143,0,143,174,156,381,2,713,37,0,37,750
01/31/2004,PBI,FL,ASO,ES,Towers with Radar,165,117,175,3,460,21,0,0,1,22,186,117,175,4,482,2,0,2,484
02/01/2004,PBI,FL,ASO,ES,Towers with Radar,185,187,110,0,482,0,0,143,1,144,185,187,253,1,626,0,0,0,626
02/02/2004,PBI,FL,ASO,ES,Towers with Radar,176,134,100,0,410,0,0,192,3,195,176,134,292,3,605,6,0,6,611
02/03/2004,PBI,FL,ASO,ES,Towers with Radar,177,99,98,0,374,0,0,84,7,91,177,99,182,7,465,2,0,2,467
02/04/2004,PBI,FL,ASO,ES,Towers with Radar,184,117,95,0,396,0,0,147,2,149,184,117,242,2,545,6,0,6,551
02/05/2004,PBI,FL,ASO,ES,Towers with Radar,203,180,128,0,511,0,0,255,5,260,203,180,383,5,771,18,0,18,789
02/06/2004,PBI,FL,ASO,ES,Towers with Radar,177,139,105,0,421,0,0,191,7,198,177,139,296,7,619,14,0,14,633
02/07/2004,PBI,FL,ASO,ES,Towers with Radar,184,112,98,0,394,0,0,146,10,156,184,112,244,10,550,6,0,6,556
02/08/2004,PBI,FL,ASO,ES,Towers with Radar,190,175,134,0,499,0,0,267,2,269,190,175,401,2,768,10,10,20,788
02/09/2004,PBI,FL,ASO,ES,Towers with Radar,193,131,121,0,445,0,0,271,7,278,193,131,392,7,723,14,0,14,737
02/10/2004,PBI,FL,ASO,ES,Towers with Radar,186,106,100,0,392,0,0,203,9,212,186,106,303,9,604,2,0,2,606
02/11/2004,PBI,FL,ASO,ES,Towers with Radar,177,134,117,0,428,0,0,288,1,289,177,134,405,1,717,15,0,15,732
02/12/2004,PBI,FL,ASO,ES,Towers with Radar,203,184,148,0,535,0,0,344,1,345,203,184,492,1,880,0,0,0,880
02/13/2004,PBI,FL,ASO,ES,Towers with Radar,207,236,166,0,609,0,0,283,7,290,207,236,449,7,899,5,0,5,904
02/14/2004,PBI,FL,ASO,ES,Towers with Radar,199,142,116,0,457,0,0,189,7,196,199,142,305,7,653,10,0,10,663
02/15/2004,PBI,FL,ASO,ES,Towers with Radar,203,138,117,0,458,0,0,143,4,147,203,138,260,4,605,9,0,9,614
02/16/2004,PBI,FL,ASO,ES,Towers with Radar,206,201,161,0,568,0,0,359,4,363,206,201,520,4,931,50,0,50,981
02/17/2004,PBI,FL,ASO,ES,Towers with Radar,223,157,142,0,522,0,0,228,9,237,223,157,370,9,759,0,0,0,759
02/18/2004,PBI,FL,ASO,ES,Towers with Radar,204,116,115,0,435,0,0,221,1,222,204,116,336,1,657,8,0,8,665
02/19/2004,PBI,FL,ASO,ES,Towers with Radar,183,144,128,0,455,0,0,261,3,264,183,144,389,3,719,0,0,0,719
02/20/2004,PBI,FL,ASO,ES,Towers with Radar,207,166,141,0,514,0,0,254,8,262,207,166,395,8,776,5,0,5,781
02/21/2004,PBI,FL,ASO,ES,Towers with Radar,200,141,100,0,441,0,0,216,0,216,200,141,316,0,657,10,0,10,667
02/22/2004,PBI,FL,ASO,ES,Towers with Radar,196,242,154,0,592,0,0,314,13,327,196,242,468,13,919,0,0,0,919
02/23/2004,PBI,FL,ASO,ES,Towers with Radar,196,141,103,0,440,0,0,205,2,207,196,141,308,2,647,46,0,46,693
02/24/2004,PBI,FL,ASO,ES,Towers with Radar,179,123,105,0,407,0,0,190,1,191,179,123,295,1,598,0,0,0,598
02/25/2004,PBI,FL,ASO,ES,Towers with Radar,215,131,105,0,451,0,0,141,2,143,215,131,246,2,594,0,0,0,594
02/26/2004,PBI,FL,ASO,ES,Towers with Radar,198,138,121,0,457,0,0,261,2,263,198,138,382,2,720,14,2,16,736
02/27/2004,PBI,FL,ASO,ES,Towers with Radar,186,175,140,0,501,0,0,181,5,186,186,175,321,5,687,4,0,4,691
02/28/2004,PBI,FL,ASO,ES,Towers with Radar,205,101,107,0,413,0,0,173,3,176,205,101,280,3,589,6,0,6,595
02/29/2004,PBI,FL,ASO,ES,Towers with Radar,180,213,141,0,534,0,0,292,8,300,180,213,433,8,834,0,0,0,834
03/01/2004,PBI,FL,ASO,ES,Towers with Radar,176,135,197,0,508,20,0,82,0,102,196,135,279,0,610,4,0,4,614
03/02/2004,PBI,FL,ASO,ES,Towers with Radar,165,108,185,2,460,20,0,64,0,84,185,108,249,2,544,9,0,9,553
03/03/2004,PBI,FL,ASO,ES,Towers with Radar,146,114,150,0,410,52,6,0,0,58,198,120,150,0,468,8,0,8,476
03/04/2004,PBI,FL,ASO,ES,Towers with Radar,193,151,220,4,568,0,0,176,0,176,193,151,396,4,744,19,0,19,763
03/05/2004,PBI,FL,ASO,ES,Towers with Radar,182,157,227,4,570,0,16,155,0,171,182,173,382,4,741,8,0,8,749
03/06/2004,PBI,FL,ASO,ES,Towers with Radar,166,129,186,0,481,12,0,134,0,146,178,129,320,0,627,13,0,13,640
03/07/2004,PBI,FL,ASO,ES,Towers with Radar,186,188,271,2,647,0,20,170,0,190,186,208,441,2,837,4,0,4,841
03/08/2004,PBI,FL,ASO,ES,Towers with Radar,187,145,210,4,546,13,7,139,1,160,200,152,349,5,706,0,0,0,706
03/09/2004,PBI,FL,ASO,ES,Towers with Radar,171,133,192,4,500,10,5,144,0,159,181,138,336,4,659,19,0,19,678
03/10/2004,PBI,FL,ASO,ES,Towers with Radar,179,132,201,4,516,20,0,199,1,220,199,132,400,5,736,16,0,16,752
03/11/2004,PBI,FL,ASO,ES,Towers with Radar,190,153,221,4,568,0,1,154,8,163,190,154,375,12,731,19,0,19,750
03/12/2004,PBI,FL,ASO,ES,Towers with Radar,199,177,255,5,636,0,34,200,1,235,199,211,455,6,871,20,0,20,891
03/13/2004,PBI,FL,ASO,ES,Towers with Radar,189,147,212,0,548,7,11,197,0,215,196,158,409,0,763,17,0,17,780
03/14/2004,PBI,FL,ASO,ES,Towers with Radar,205,171,249,4,629,0,0,185,6,191,205,171,434,10,820,7,0,7,827
03/15/2004,PBI,FL,ASO,ES,Towers with Radar,165,129,186,2,482,16,3,72,0,91,181,132,258,2,573,8,0,8,581
03/16/2004,PBI,FL,ASO,ES,Towers with Radar,156,122,176,2,456,23,2,84,0,109,179,124,260,2,565,2,0,2,567
03/17/2004,PBI,FL,ASO,ES,Towers with Radar,195,126,236,3,560,0,0,143,4,147,195,126,379,7,707,14,0,14,721
03/18/2004,PBI,FL,ASO,ES,Towers with Radar,189,151,220,3,563,0,3,174,0,177,189,154,394,3,740,8,0,8,748
03/19/2004,PBI,FL,ASO,ES,Towers with Radar,198,164,254,2,618,0,0,253,0,253,198,164,507,2,871,10,0,10,881
03/20/2004,PBI,FL,ASO,ES,Towers with Radar,185,145,212,2,544,0,10,162,0,172,185,155,374,2,716,26,0,26,742
03/21/2004,PBI,FL,ASO,ES,Towers with Radar,173,167,243,2,585,0,18,193,0,211,173,185,436,2,796,1,0,1,797
03/22/2004,PBI,FL,ASO,ES,Towers with Radar,175,134,196,3,508,16,9,109,5,139,191,143,305,8,647,0,0,0,647
03/23/2004,PBI,FL,ASO,ES,Towers with Radar,163,119,182,3,467,13,0,128,1,142,176,119,310,4,609,1,0,1,610
03/24/2004,PBI,FL,ASO,ES,Towers with Radar,184,123,206,2,515,12,0,63,0,75,196,123,269,2,590,0,3,3,593
03/25/2004,PBI,FL,ASO,ES,Towers with Radar,201,144,233,3,581,0,0,166,3,169,201,144,399,6,750,19,0,19,769
03/26/2004,PBI,FL,ASO,ES,Towers with Radar,187,141,241,4,573,0,0,172,6,178,187,141,413,10,751,11,0,11,762
03/27/2004,PBI,FL,ASO,ES,Towers with Radar,188,144,210,3,545,2,24,186,3,215,190,168,396,6,760,0,0,0,760
03/28/2004,PBI,FL,ASO,ES,Towers with Radar,194,168,245,3,610,0,26,289,0,315,194,194,534,3,925,4,0,4,929
03/29/2004,PBI,FL,ASO,ES,Towers with Radar,172,113,192,1,478,21,0,96,0,117,193,113,288,1,595,10,0,10,605
03/30/2004,PBI,FL,ASO,ES,Towers with Radar,174,126,194,1,495,22,0,122,0,144,196,126,316,1,639,6,2,8,647
03/31/2004,PBI,FL,ASO,ES,Towers with Radar,178,135,198,3,514,14,0,114,1,129,192,135,312,4,643,28,0,28,671
04/01/2004,PBI,FL,ASO,ES,Towers with Radar,193,133,200,4,530,0,0,156,5,161,193,133,356,9,691,2,0,2,693
04/02/2004,PBI,FL,ASO,ES,Towers with Radar,186,158,232,5,581,0,11,122,6,139,186,169,354,11,720,6,0,6,726
04/03/2004,PBI,FL,ASO,ES,Towers with Radar,191,132,194,2,519,11,4,177,0,192,202,136,371,2,711,22,0,22,733
04/04/2004,PBI,FL,ASO,ES,Towers with Radar,194,151,221,2,568,0,20,181,0,201,194,171,402,2,769,2,0,2,771
04/05/2004,PBI,FL,ASO,ES,Towers with Radar,174,118,177,4,473,12,0,142,0,154,186,118,319,4,627,10,0,10,637
04/06/2004,PBI,FL,ASO,ES,Towers with Radar,182,126,184,4,496,7,2,127,0,136,189,128,311,4,632,12,28,40,672
04/07/2004,PBI,FL,ASO,ES,Towers with Radar,192,139,204,4,539,0,3,125,0,128,192,142,329,4,667,22,0,22,689
04/08/2004,PBI,FL,ASO,ES,Towers with Radar,181,164,241,5,591,0,14,185,0,199,181,178,426,5,790,4,0,4,794
04/09/2004,PBI,FL,ASO,ES,Towers with Radar,201,161,235,4,601,0,13,72,0,85,201,174,307,4,686,0,0,0,686
04/10/2004,PBI,FL,ASO,ES,Towers with Radar,176,115,179,3,473,12,0,100,0,112,188,115,279,3,585,6,0,6,591
04/11/2004,PBI,FL,ASO,ES,Towers with Radar,174,137,202,4,517,0,16,116,0,132,174,153,318,4,649,4,0,4,653
04/12/2004,PBI,FL,ASO,ES,Towers with Radar,212,158,232,3,605,0,14,126,0,140,212,172,358,3,745,3,0,3,748
04/13/2004,PBI,FL,ASO,ES,Towers with Radar,172,102,177,4,455,0,0,70,5,75,172,102,247,9,530,13,0,13,543
04/14/2004,PBI,FL,ASO,ES,Towers with Radar,193,129,209,4,535,0,0,141,0,141,193,129,350,4,676,12,6,18,694
04/15/2004,PBI,FL,ASO,ES,Towers with Radar,185,112,188,4,489,7,0,177,5,189,192,112,365,9,678,21,0,21,699
04/16/2004,PBI,FL,ASO,ES,Towers with Radar,189,134,198,1,522,0,9,166,0,175,189,143,364,1,697,21,0,21,718
04/17/2004,PBI,FL,ASO,ES,Towers with Radar,153,99,155,1,408,41,0,120,0,161,194,99,275,1,569,43,0,43,612
04/18/2004,PBI,FL,ASO,ES,Towers with Radar,178,139,206,0,523,0,26,191,0,217,178,165,397,0,740,2,0,2,742
04/19/2004,PBI,FL,ASO,ES,Towers with Radar,164,112,167,1,444,15,9,92,0,116,179,121,259,1,560,0,0,0,560
04/20/2004,PBI,FL,ASO,ES,Towers with Radar,166,112,169,3,450,18,0,72,0,90,184,112,241,3,540,16,0,16,556
04/21/2004,PBI,FL,ASO,ES,Towers with Radar,166,96,169,3,434,22,0,137,2,161,188,96,306,5,595,5,0,5,600
04/22/2004,PBI,FL,ASO,ES,Towers with Radar,167,100,170,3,440,19,0,187,1,207,186,100,357,4,647,30,0,30,677
04/23/2004,PBI,FL,ASO,ES,Towers with Radar,183,118,186,3,490,2,0,138,2,142,185,118,324,5,632,9,0,9,641
04/24/2004,PBI,FL,ASO,ES,Towers with Radar,146,90,148,2,386,49,0,127,2,178,195,90,275,4,564,16,0,16,580
04/25/2004,PBI,FL,ASO,ES,Towers with Radar,167,118,175,3,463,0,14,193,0,207,167,132,368,3,670,2,0,2,672
04/26/2004,PBI,FL,ASO,ES,Towers with Radar,139,95,141,2,377,31,11,135,0,177,170,106,276,2,554,6,0,6,560
04/27/2004,PBI,FL,ASO,ES,Towers with Radar,152,94,154,2,402,43,0,42,1,86,195,94,196,3,488,7,0,7,495
04/28/2004,PBI,FL,ASO,ES,Towers with Radar,184,100,187,2,473,6,0,96,0,102,190,100,283,2,575,10,0,10,585
04/29/2004,PBI,FL,ASO,ES,Towers with Radar,172,133,198,2,505,0,1,78,0,79,172,134,276,2,584,8,0,8,592
04/30/2004,PBI,FL,ASO,ES,Towers with Radar,179,129,191,3,502,0,16,159,1,176,179,145,350,4,678,23,0,23,701
05/01/2004,PBI,FL,ASO,ES,Towers with Radar,152,87,136,2,377,9,0,94,0,103,161,87,230,2,480,16,0,16,496
05/02/2004,PBI,FL,ASO,ES,Towers with Radar,154,120,164,5,443,0,6,157,3,166,154,126,321,8,609,4,0,4,613
05/03/2004,PBI,FL,ASO,ES,Towers with Radar,140,92,126,3,361,5,12,45,0,62,145,104,171,3,423,0,0,0,423
05/04/2004,PBI,FL,ASO,ES,Towers with Radar,148,104,142,2,396,0,3,133,0,136,148,107,275,2,532,6,0,6,538
05/05/2004,PBI,FL,ASO,ES,Towers with Radar,137,94,134,4,369,0,0,113,4,117,137,94,247,8,486,10,0,10,496
05/06/2004,PBI,FL,ASO,ES,Towers with Radar,150,100,139,4,393,0,0,153,3,156,150,100,292,7,549,16,0,16,565
05/07/2004,PBI,FL,ASO,ES,Towers with Radar,154,101,146,5,406,0,0,137,0,137,154,101,283,5,543,8,0,8,551
05/08/2004,PBI,FL,ASO,ES,Towers with Radar,130,85,116,4,335,23,10,121,0,154,153,95,237,4,489,6,0,6,495
05/09/2004,PBI,FL,ASO,ES,Towers with Radar,141,92,126,4,363,2,7,172,1,182,143,99,298,5,545,4,0,4,549
05/10/2004,PBI,FL,ASO,ES,Towers with Radar,149,101,141,3,394,0,0,109,0,109,149,101,250,3,503,22,0,22,525
05/11/2004,PBI,FL,ASO,ES,Towers with Radar,140,91,126,4,361,3,0,77,1,81,143,91,203,5,442,5,0,5,447
05/12/2004,PBI,FL,ASO,ES,Towers with Radar,132,96,130,4,362,0,3,108,0,111,132,99,238,4,473,10,0,10,483
05/13/2004,PBI,FL,ASO,ES,Towers with Radar,145,103,145,4,397,0,0,122,0,122,145,103,267,4,519,0,10,10,529
05/14/2004,PBI,FL,ASO,ES,Towers with Radar,153,97,147,2,399,0,0,129,0,129,153,97,276,2,528,9,0,9,537
05/15/2004,PBI,FL,ASO,ES,Towers with Radar,123,72,111,4,310,16,0,84,2,102,139,72,195,6,412,2,0,2,414
05/16/2004,PBI,FL,ASO,ES,Towers with Radar,140,100,139,3,382,0,4,143,0,147,140,104,282,3,529,4,0,4,533
05/17/2004,PBI,FL,ASO,ES,Towers with Radar,151,99,137,4,391,0,8,122,5,135,151,107,259,9,526,0,0,0,526
05/18/2004,PBI,FL,ASO,ES,Towers with Radar,128,72,115,3,318,12,0,110,0,122,140,72,225,3,440,0,0,0,440
05/19/2004,PBI,FL,ASO,ES,Towers with Radar,135,86,132,3,356,0,0,110,2,112,135,86,242,5,468,0,0,0,468
05/20/2004,PBI,FL,ASO,ES,Towers with Radar,150,84,141,3,378,0,0,114,1,115,150,84,255,4,493,0,0,0,493
05/21/2004,PBI,FL,ASO,ES,Towers with Radar,156,101,140,0,397,7,19,105,0,131,163,120,245,0,528,7,0,7,535
05/22/2004,PBI,FL,ASO,ES,Towers with Radar,112,72,100,2,286,28,6,125,1,160,140,78,225,3,446,18,0,18,464
05/23/2004,PBI,FL,ASO,ES,Towers with Radar,133,91,127,3,354,0,1,208,0,209,133,92,335,3,563,3,0,3,566
05/24/2004,PBI,FL,ASO,ES,Towers with Radar,124,78,111,2,315,16,0,108,0,124,140,78,219,2,439,6,0,6,445
05/25/2004,PBI,FL,ASO,ES,Towers with Radar,133,75,120,1,329,9,0,105,0,114,142,75,225,1,443,0,0,0,443
05/26/2004,PBI,FL,ASO,ES,Towers with Radar,137,86,123,3,349,3,0,107,0,110,140,86,230,3,459,28,0,28,487
05/27/2004,PBI,FL,ASO,ES,Towers with Radar,145,86,135,3,369,0,0,176,0,176,145,86,311,3,545,8,0,8,553
05/28/2004,PBI,FL,ASO,ES,Towers with Radar,154,110,150,2,416,0,1,254,0,255,154,111,404,2,671,4,0,4,675
05/29/2004,PBI,FL,ASO,ES,Towers with Radar,112,73,99,1,285,34,5,117,0,156,146,78,216,1,441,8,0,8,449
05/30/2004,PBI,FL,ASO,ES,Towers with Radar,97,63,86,0,246,31,16,124,0,171,128,79,210,0,417,2,0,2,419
05/31/2004,PBI,FL,ASO,ES,Towers with Radar,136,103,140,2,381,0,24,242,0,266,136,127,382,2,647,0,0,0,647
06/01/2004,PBI,FL,ASO,ES,Towers with Radar,137,85,111,0,333,0,12,172,0,184,137,97,283,0,517,42,3,45,562
06/02/2004,PBI,FL,ASO,ES,Towers with Radar,139,83,109,3,334,5,8,102,0,115,144,91,211,3,449,0,0,0,449
06/03/2004,PBI,FL,ASO,ES,Towers with Radar,144,88,112,0,344,0,3,117,0,120,144,91,229,0,464,7,0,7,471
06/04/2004,PBI,FL,ASO,ES,Towers with Radar,139,89,114,4,346,0,0,145,2,147,139,89,259,6,493,9,0,9,502
06/05/2004,PBI,FL,ASO,ES,Towers with Radar,119,72,92,2,285,21,7,109,0,137,140,79,201,2,422,5,0,5,427
06/06/2004,PBI,FL,ASO,ES,Towers with Radar,124,75,96,3,298,7,14,121,0,142,131,89,217,3,440,19,0,19,459
06/07/2004,PBI,FL,ASO,ES,Towers with Radar,143,84,111,3,341,13,0,152,0,165,156,84,263,3,506,0,0,0,506
06/08/2004,PBI,FL,ASO,ES,Towers with Radar,130,71,101,0,302,6,0,123,0,129,136,71,224,0,431,8,0,8,439
06/09/2004,PBI,FL,ASO,ES,Towers with Radar,142,79,111,2,334,0,0,113,0,113,142,79,224,2,447,14,0,14,461
06/10/2004,PBI,FL,ASO,ES,Towers with Radar,157,99,126,1,383,0,10,100,0,110,157,109,226,1,493,4,0,4,497
06/11/2004,PBI,FL,ASO,ES,Towers with Radar,150,102,131,1,384,0,0,98,0,98,150,102,229,1,482,14,0,14,496
06/12/2004,PBI,FL,ASO,ES,Towers with Radar,122,73,94,0,289,24,0,123,0,147,146,73,217,0,436,0,0,0,436
06/13/2004,PBI,FL,ASO,ES,Towers with Radar,141,77,111,3,332,0,0,187,0,187,141,77,298,3,519,6,0,6,525
06/14/2004,PBI,FL,ASO,ES,Towers with Radar,154,90,119,4,367,4,0,126,6,136,158,90,245,10,503,30,0,30,533
06/15/2004,PBI,FL,ASO,ES,Towers with Radar,146,76,120,3,345,0,0,110,0,110,146,76,230,3,455,41,0,41,496
06/16/2004,PBI,FL,ASO,ES,Towers with Radar,141,88,126,2,357,0,0,116,0,116,141,88,242,2,473,0,0,0,473
06/17/2004,PBI,FL,ASO,ES,Towers with Radar,137,95,124,3,359,0,19,102,2,123,137,114,226,5,482,16,0,16,498
06/18/2004,PBI,FL,ASO,ES,Towers with Radar,154,96,136,3,389,0,0,136,2,138,154,96,272,5,527,0,0,0,527
06/19/2004,PBI,FL,ASO,ES,Towers with Radar,126,75,98,0,299,16,1,112,0,129,142,76,210,0,428,12,0,12,440
06/20/2004,PBI,FL,ASO,ES,Towers with Radar,132,78,102,2,314,1,18,141,3,163,133,96,243,5,477,7,0,7,484
06/21/2004,PBI,FL,ASO,ES,Towers with Radar,137,81,106,2,326,7,6,111,1,125,144,87,217,3,451,10,0,10,461
06/22/2004,PBI,FL,ASO,ES,Towers with Radar,133,79,103,2,317,10,2,47,4,63,143,81,150,6,380,0,0,0,380
06/23/2004,PBI,FL,ASO,ES,Towers with Radar,138,83,111,2,334,0,0,101,2,103,138,83,212,4,437,0,0,0,437
06/24/2004,PBI,FL,ASO,ES,Towers with Radar,143,84,111,2,340,2,0,141,3,146,145,84,252,5,486,15,0,15,501
06/25/2004,PBI,FL,ASO,ES,Towers with Radar,140,93,122,0,355,0,0,150,0,150,140,93,272,0,505,4,0,4,509
06/26/2004,PBI,FL,ASO,ES,Towers with Radar,134,73,104,2,313,7,0,109,7,123,141,73,213,9,436,6,0,6,442
06/27/2004,PBI,FL,ASO,ES,Towers with Radar,135,77,104,2,318,8,0,128,1,137,143,77,232,3,455,4,0,4,459
06/28/2004,PBI,FL,ASO,ES,Towers with Radar,150,89,116,3,358,11,0,101,4,116,161,89,217,7,474,4,0,4,478
06/29/2004,PBI,FL,ASO,ES,Towers with Radar,142,81,110,2,335,9,0,92,0,101,151,81,202,2,436,2,0,2,438
06/30/2004,PBI,FL,ASO,ES,Towers with Radar,138,86,112,0,336,0,13,146,0,159,138,99,258,0,495,40,0,40,535
07/01/2004,PBI,FL,ASO,ES,Towers with Radar,141,88,107,2,338,0,15,164,0,179,141,103,271,2,517,16,0,16,533
07/02/2004,PBI,FL,ASO,ES,Towers with Radar,153,90,110,1,354,0,3,204,0,207,153,93,314,1,561,26,0,26,587
07/03/2004,PBI,FL,ASO,ES,Towers with Radar,122,66,81,0,269,12,9,126,0,147,134,75,207,0,416,5,0,5,421
07/04/2004,PBI,FL,ASO,ES,Towers with Radar,89,49,59,1,198,36,10,46,0,92,125,59,105,1,290,26,0,26,316
07/05/2004,PBI,FL,ASO,ES,Towers with Radar,136,74,90,1,301,0,4,178,0,182,136,78,268,1,483,9,0,9,492
07/06/2004,PBI,FL,ASO,ES,Towers with Radar,140,77,93,3,313,1,9,133,0,143,141,86,226,3,456,28,0,28,484
07/07/2004,PBI,FL,ASO,ES,Towers with Radar,143,80,98,3,324,0,10,169,1,180,143,90,267,4,504,35,0,35,539
07/08/2004,PBI,FL,ASO,ES,Towers with Radar,150,82,100,2,334,6,4,107,0,117,156,86,207,2,451,10,0,10,461
07/09/2004,PBI,FL,ASO,ES,Towers with Radar,140,76,93,3,312,4,1,123,2,130,144,77,216,5,442,14,0,14,456
07/10/2004,PBI,FL,ASO,ES,Towers with Radar,135,72,90,2,299,4,0,139,0,143,139,72,229,2,442,12,0,12,454
07/11/2004,PBI,FL,ASO,ES,Towers with Radar,132,72,88,2,294,3,3,117,0,123,135,75,205,2,417,9,0,9,426
07/12/2004,PBI,FL,ASO,ES,Towers with Radar,131,67,92,3,293,0,0,165,4,169,131,67,257,7,462,20,0,20,482
07/13/2004,PBI,FL,ASO,ES,Towers with Radar,153,78,105,2,338,0,0,159,0,159,153,78,264,2,497,19,0,19,516
07/14/2004,PBI,FL,ASO,ES,Towers with Radar,137,82,100,3,322,0,7,137,3,147,137,89,237,6,469,40,0,40,509
07/15/2004,PBI,FL,ASO,ES,Towers with Radar,148,81,99,2,330,14,2,105,3,124,162,83,204,5,454,0,0,0,454
07/16/2004,PBI,FL,ASO,ES,Towers with Radar,153,94,117,2,366,0,1,129,4,134,153,95,246,6,500,12,0,12,512
07/17/2004,PBI,FL,ASO,ES,Towers with Radar,137,68,92,0,297,12,0,87,0,99,149,68,179,0,396,2,0,2,398
07/18/2004,PBI,FL,ASO,ES,Towers with Radar,130,73,91,2,296,0,6,146,0,152,130,79,237,2,448,27,0,27,475
07/19/2004,PBI,FL,ASO,ES,Towers with Radar,148,71,99,2,320,0,0,87,0,87,148,71,186,2,407,0,0,0,407
07/20/2004,PBI,FL,ASO,ES,Towers with Radar,146,72,98,2,318,11,0,116,1,128,157,72,214,3,446,37,0,37,483
07/21/2004,PBI,FL,ASO,ES,Towers with Radar,151,76,101,2,330,2,0,155,0,157,153,76,256,2,487,18,0,18,505
07/22/2004,PBI,FL,ASO,ES,Towers with Radar,146,78,97,2,323,1,2,152,0,155,147,80,249,2,478,29,0,29,507
07/23/2004,PBI,FL,ASO,ES,Towers with Radar,136,83,106,2,327,0,0,149,1,150,136,83,255,3,477,4,0,4,481
07/24/2004,PBI,FL,ASO,ES,Towers with Radar,126,67,84,0,277,8,8,84,0,100,134,75,168,0,377,9,0,9,386
07/25/2004,PBI,FL,ASO,ES,Towers with Radar,129,69,86,2,286,4,14,151,0,169,133,83,237,2,455,0,0,0,455
07/26/2004,PBI,FL,ASO,ES,Towers with Radar,133,67,91,0,291,0,0,170,0,170,133,67,261,0,461,8,0,8,469
07/27/2004,PBI,FL,ASO,ES,Towers with Radar,148,66,99,2,315,17,0,121,3,141,165,66,220,5,456,12,0,12,468
07/28/2004,PBI,FL,ASO,ES,Towers with Radar,145,72,107,2,326,0,0,87,0,87,145,72,194,2,413,10,0,10,423
07/29/2004,PBI,FL,ASO,ES,Towers with Radar,153,88,110,0,351,0,7,151,0,158,153,95,261,0,509,9,0,9,518
07/30/2004,PBI,FL,ASO,ES,Towers with Radar,140,82,101,2,325,0,0,169,2,171,140,82,270,4,496,16,0,16,512
07/31/2004,PBI,FL,ASO,ES,Towers with Radar,139,73,92,2,306,20,0,133,1,154,159,73,225,3,460,6,0,6,466
08/01/2004,PBI,FL,ASO,ES,Towers with Radar,162,86,106,1,355,1,0,102,0,103,163,86,208,1,458,6,0,6,464
08/02/2004,PBI,FL,ASO,ES,Towers with Radar,143,75,94,4,316,0,0,135,0,135,143,75,229,4,451,5,0,5,456
08/03/2004,PBI,FL,ASO,ES,Towers with Radar,151,81,110,4,346,0,0,169,2,171,151,81,279,6,517,8,0,8,525
08/04/2004,PBI,FL,ASO,ES,Towers with Radar,138,76,94,1,309,0,0,129,0,129,138,76,223,1,438,0,0,0,438
08/05/2004,PBI,FL,ASO,ES,Towers with Radar,145,95,112,2,354,0,1,120,0,121,145,96,232,2,475,2,0,2,477
08/06/2004,PBI,FL,ASO,ES,Towers with Radar,141,90,106,0,337,0,23,141,0,164,141,113,247,0,501,28,0,28,529
08/07/2004,PBI,FL,ASO,ES,Towers with Radar,129,71,83,1,284,10,1,98,0,109,139,72,181,1,393,16,0,16,409
08/08/2004,PBI,FL,ASO,ES,Towers with Radar,129,76,89,0,294,0,4,151,0,155,129,80,240,0,449,0,0,0,449
08/09/2004,PBI,FL,ASO,ES,Towers with Radar,124,78,101,4,307,0,0,73,16,89,124,78,174,20,396,0,0,0,396
08/10/2004,PBI,FL,ASO,ES,Towers with Radar,147,80,95,1,323,1,0,112,0,113,148,80,207,1,436,0,0,0,436
08/11/2004,PBI,FL,ASO,ES,Towers with Radar,142,69,98,2,311,0,0,153,0,153,142,69,251,2,464,12,0,12,476
08/12/2004,PBI,FL,ASO,ES,Towers with Radar,146,89,104,0,339,0,6,111,0,117,146,95,215,0,456,6,0,6,462
08/13/2004,PBI,FL,ASO,ES,Towers with Radar,88,49,57,1,195,54,12,18,0,84,142,61,75,1,279,6,0,6,285
08/14/2004,PBI,FL,ASO,ES,Towers with Radar,92,51,59,0,202,27,11,100,0,138,119,62,159,0,340,2,0,2,342
08/15/2004,PBI,FL,ASO,ES,Towers with Radar,122,67,79,0,268,5,19,93,0,117,127,86,172,0,385,8,0,8,393
08/16/2004,PBI,FL,ASO,ES,Towers with Radar,125,69,81,2,277,15,10,116,3,144,140,79,197,5,421,10,0,10,431
08/17/2004,PBI,FL,ASO,ES,Towers with Radar,150,68,97,2,317,15,0,128,0,143,165,68,225,2,460,26,0,26,486
08/18/2004,PBI,FL,ASO,ES,Towers with Radar,151,83,99,1,334,0,4,107,0,111,151,87,206,1,445,0,0,0,445
08/19/2004,PBI,FL,ASO,ES,Towers with Radar,146,86,103,3,338,0,3,133,5,141,146,89,236,8,479,10,0,10,489
08/20/2004,PBI,FL,ASO,ES,Towers with Radar,148,74,96,3,321,11,0,90,2,103,159,74,186,5,424,2,0,2,426
08/21/2004,PBI,FL,ASO,ES,Towers with Radar,123,66,80,2,271,13,11,66,0,90,136,77,146,2,361,6,0,6,367
08/22/2004,PBI,FL,ASO,ES,Towers with Radar,131,71,85,1,288,3,23,81,0,107,134,94,166,1,395,10,0,10,405
08/23/2004,PBI,FL,ASO,ES,Towers with Radar,149,71,97,2,319,9,0,81,0,90,158,71,178,2,409,11,0,11,420
08/24/2004,PBI,FL,ASO,ES,Towers with Radar,145,69,97,2,313,0,0,86,0,86,145,69,183,2,399,7,0,7,406
08/25/2004,PBI,FL,ASO,ES,Towers with Radar,152,69,98,2,321,6,0,107,0,113,158,69,205,2,434,6,0,6,440
08/26/2004,PBI,FL,ASO,ES,Towers with Radar,150,84,106,3,343,0,0,129,5,134,150,84,235,8,477,2,0,2,479
08/27/2004,PBI,FL,ASO,ES,Towers with Radar,158,88,116,0,362,0,0,134,0,134,158,88,250,0,496,12,0,12,508
08/28/2004,PBI,FL,ASO,ES,Towers with Radar,138,75,90,2,305,7,4,64,3,78,145,79,154,5,383,4,0,4,387
08/29/2004,PBI,FL,ASO,ES,Towers with Radar,129,70,84,2,285,4,0,136,1,141,133,70,220,3,426,5,0,5,431
08/30/2004,PBI,FL,ASO,ES,Towers with Radar,141,76,91,2,310,14,3,126,8,151,155,79,217,10,461,20,0,20,481
08/31/2004,PBI,FL,ASO,ES,Towers with Radar,153,80,100,1,334,2,0,123,0,125,155,80,223,1,459,0,0,0,459
09/01/2004,PBI,FL,ASO,ES,Towers with Radar,147,94,120,5,366,0,4,161,6,171,147,98,281,11,537,8,0,8,545
09/02/2004,PBI,FL,ASO,ES,Towers with Radar,157,170,218,7,552,0,1,205,0,206,157,171,423,7,758,0,0,0,758
09/03/2004,PBI,FL,ASO,ES,Towers with Radar,0,0,0,0,0,0,0,0,0,0,0,0,0,0,0,0,0,0,0
09/04/2004,PBI,FL,ASO,ES,Towers with Radar,0,0,0,0,0,0,0,0,0,0,0,0,0,0,0,0,0,0,0
09/05/2004,PBI,FL,ASO,ES,Towers with Radar,0,0,0,0,0,0,0,0,0,0,0,0,0,0,0,0,0,0,0
09/06/2004,PBI,FL,ASO,ES,Towers with Radar,49,31,20,2,102,0,10,0,1,11,49,41,20,3,113,3,2,5,118
09/07/2004,PBI,FL,ASO,ES,Towers with Radar,128,74,94,4,300,16,0,94,5,115,144,74,188,9,415,0,0,0,415
09/08/2004,PBI,FL,ASO,ES,Towers with Radar,141,54,104,4,303,6,0,79,20,105,147,54,183,24,408,10,0,10,418
09/09/2004,PBI,FL,ASO,ES,Towers with Radar,119,63,87,4,273,17,0,95,6,118,136,63,182,10,391,0,0,0,391
09/10/2004,PBI,FL,ASO,ES,Towers with Radar,123,57,90,3,273,13,0,115,0,128,136,57,205,3,401,0,0,0,401
09/11/2004,PBI,FL,ASO,ES,Towers with Radar,99,58,73,0,230,19,0,85,0,104,118,58,158,0,334,6,0,6,340
09/12/2004,PBI,FL,ASO,ES,Towers with Radar,99,48,73,0,220,22,0,55,0,77,121,48,128,0,297,0,0,0,297
09/13/2004,PBI,FL,ASO,ES,Towers with Radar,97,56,71,0,224,21,18,37,0,76,118,74,108,0,300,1,0,1,301
09/14/2004,PBI,FL,ASO,ES,Towers with Radar,117,59,87,0,263,27,0,60,0,87,144,59,147,0,350,8,0,8,358
09/15/2004,PBI,FL,ASO,ES,Towers with Radar,116,67,86,4,273,12,7,60,0,79,128,74,146,4,352,6,0,6,358
09/16/2004,PBI,FL,ASO,ES,Towers with Radar,130,73,99,4,306,0,0,124,1,125,130,73,223,5,431,3,0,3,434
09/17/2004,PBI,FL,ASO,ES,Towers with Radar,120,70,90,3,283,2,14,130,0,146,122,84,220,3,429,2,0,2,431
09/18/2004,PBI,FL,ASO,ES,Towers with Radar,92,46,68,0,206,41,0,74,0,115,133,46,142,0,321,1,0,1,322
09/19/2004,PBI,FL,ASO,ES,Towers with Radar,100,56,74,0,230,20,3,62,0,85,120,59,136,0,315,8,0,8,323
09/20/2004,PBI,FL,ASO,ES,Towers with Radar,120,69,90,0,279,0,4,22,0,26,120,73,112,0,305,8,0,8,313
09/21/2004,PBI,FL,ASO,ES,Towers with Radar,132,71,98,2,303,12,0,62,0,74,144,71,160,2,377,0,0,0,377
09/22/2004,PBI,FL,ASO,ES,Towers with Radar,134,83,109,2,328,0,4,105,0,109,134,87,214,2,437,9,0,9,446
09/23/2004,PBI,FL,ASO,ES,Towers with Radar,136,77,100,2,315,4,0,121,0,125,140,77,221,2,440,4,0,4,444
09/24/2004,PBI,FL,ASO,ES,Towers with Radar,124,89,116,2,331,0,15,126,0,141,124,104,242,2,472,2,0,2,474
09/25/2004,PBI,FL,ASO,ES,Towers with Radar,66,41,54,0,161,0,13,20,0,33,66,54,74,0,194,0,0,0,194
09/26/2004,PBI,FL,ASO,ES,Towers with Radar,25,16,22,0,63,0,3,23,0,26,25,19,45,0,89,5,4,9,98
09/27/2004,PBI,FL,ASO,ES,Towers with Radar,102,57,75,2,236,3,8,95,0,106,105,65,170,2,342,2,0,2,344
09/28/2004,PBI,FL,ASO,ES,Towers with Radar,126,59,93,1,279,14,0,88,0,102,140,59,181,1,381,33,0,33,414
09/29/2004,PBI,FL,ASO,ES,Towers with Radar,0,0,0,0,0,0,0,0,0,0,0,0,0,0,0,0,0,0,0
09/30/2004,PBI,FL,ASO,ES,Towers with Radar,158,90,117,4,369,2,3,100,4,109,160,93,217,8,478,8,0,8,486
10/01/2004,PBI,FL,ASO,ES,Towers with Radar,141,85,132,0,358,0,0,100,0,100,141,85,232,0,458,2,0,2,460
10/02/2004,PBI,FL,ASO,ES,Towers with Radar,132,63,81,3,279,0,1,98,0,99,132,64,179,3,378,2,0,2,380
10/03/2004,PBI,FL,ASO,ES,Towers with Radar,127,83,116,0,326,0,1,146,0,147,127,84,262,0,473,7,0,7,480
10/04/2004,PBI,FL,ASO,ES,Towers with Radar,133,65,90,2,290,0,0,146,0,146,133,65,236,2,436,35,0,35,471
10/05/2004,PBI,FL,ASO,ES,Towers with Radar,124,76,62,2,264,0,0,71,0,71,124,76,133,2,335,0,0,0,335
10/06/2004,PBI,FL,ASO,ES,Towers with Radar,152,54,80,0,286,0,0,79,0,79,152,54,159,0,365,3,0,3,368
10/07/2004,PBI,FL,ASO,ES,Towers with Radar,148,87,122,3,360,0,2,93,0,95,148,89,215,3,455,16,0,16,471
10/08/2004,PBI,FL,ASO,ES,Towers with Radar,153,85,112,0,350,0,0,139,0,139,153,85,251,0,489,2,0,2,491
10/09/2004,PBI,FL,ASO,ES,Towers with Radar,157,58,78,0,293,0,1,108,0,109,157,59,186,0,402,9,0,9,411
10/10/2004,PBI,FL,ASO,ES,Towers with Radar,148,75,96,2,321,0,0,0,0,0,148,75,96,2,321,18,0,18,339
10/11/2004,PBI,FL,ASO,ES,Towers with Radar,151,82,108,2,343,0,0,84,18,102,151,82,192,20,445,4,0,4,449
10/12/2004,PBI,FL,ASO,ES,Towers with Radar,154,59,120,0,333,0,1,93,0,94,154,60,213,0,427,2,0,2,429
10/13/2004,PBI,FL,ASO,ES,Towers with Radar,145,65,117,2,329,0,0,130,0,130,145,65,247,2,459,16,0,16,475
10/14/2004,PBI,FL,ASO,ES,Towers with Radar,146,86,123,1,356,1,0,152,0,153,147,86,275,1,509,2,0,2,511
10/15/2004,PBI,FL,ASO,ES,Towers with Radar,145,92,113,2,352,0,1,78,2,81,145,93,191,4,433,24,0,24,457
10/16/2004,PBI,FL,ASO,ES,Towers with Radar,136,61,61,7,265,0,0,60,0,60,136,61,121,7,325,6,0,6,331
10/17/2004,PBI,FL,ASO,ES,Towers with Radar,134,82,100,1,317,0,0,110,0,110,134,82,210,1,427,2,0,2,429
10/18/2004,PBI,FL,ASO,ES,Towers with Radar,154,77,133,5,369,0,2,106,0,108,154,79,239,5,477,7,0,7,484
10/19/2004,PBI,FL,ASO,ES,Towers with Radar,158,73,87,6,324,0,0,76,0,76,158,73,163,6,400,0,0,0,400
10/20/2004,PBI,FL,ASO,ES,Towers with Radar,150,90,131,4,375,0,0,104,0,104,150,90,235,4,479,0,0,0,479
10/21/2004,PBI,FL,ASO,ES,Towers with Radar,141,92,118,2,353,0,0,74,1,75,141,92,192,3,428,0,0,0,428
10/22/2004,PBI,FL,ASO,ES,Towers with Radar,136,79,151,2,368,0,0,121,0,121,136,79,272,2,489,0,0,0,489
10/23/2004,PBI,FL,ASO,ES,Towers with Radar,139,69,96,0,304,0,621,77,0,698,139,690,173,0,1002,80,0,80,1082
10/24/2004,PBI,FL,ASO,ES,Towers with Radar,145,110,126,1,382,0,1,120,0,121,145,111,246,1,503,0,0,0,503
10/25/2004,PBI,FL,ASO,ES,Towers with Radar,152,84,99,3,338,0,0,101,0,101,152,84,200,3,439,8,0,8,447
10/26/2004,PBI,FL,ASO,ES,Towers with Radar,151,76,131,11,369,0,1,116,0,117,151,77,247,11,486,7,0,7,493
10/27/2004,PBI,FL,ASO,ES,Towers with Radar,151,89,139,3,382,0,0,153,0,153,151,89,292,3,535,16,0,16,551
10/28/2004,PBI,FL,ASO,ES,Towers with Radar,156,96,171,4,427,0,0,104,0,104,156,96,275,4,531,24,0,24,555
10/29/2004,PBI,FL,ASO,ES,Towers with Radar,160,106,159,4,429,0,0,129,0,129,160,106,288,4,558,17,0,17,575
10/30/2004,PBI,FL,ASO,ES,Towers with Radar,155,75,128,2,360,0,0,114,0,114,155,75,242,2,474,10,0,10,484
10/31/2004,PBI,FL,ASO,ES,Towers with Radar,133,98,98,2,331,8,1,94,0,103,141,99,192,2,434,10,0,10,444
11/01/2004,PBI,FL,ASO,ES,Combined TRACON& Tower with Radar,176,89,117,5,387,0,0,80,3,83,176,89,197,8,470,22,0,22,492
11/02/2004,PBI,FL,ASO,ES,Combined TRACON& Tower with Radar,151,81,111,1,344,0,0,112,0,112,151,81,223,1,456,6,0,6,462
11/03/2004,PBI,FL,ASO,ES,Combined TRACON& Tower with Radar,168,73,138,3,382,0,0,108,0,108,168,73,246,3,490,6,0,6,496
11/04/2004,PBI,FL,ASO,ES,Combined TRACON& Tower with Radar,167,105,184,7,463,0,1,127,0,128,167,106,311,7,591,24,0,24,615
11/05/2004,PBI,FL,ASO,ES,Combined TRACON& Tower with Radar,167,104,197,3,471,0,0,85,3,88,167,104,282,6,559,0,0,0,559
11/06/2004,PBI,FL,ASO,ES,Combined TRACON& Tower with Radar,158,86,97,4,345,0,1,112,0,113,158,87,209,4,458,28,0,28,486
11/07/2004,PBI,FL,ASO,ES,Combined TRACON& Tower with Radar,155,124,160,1,440,0,1,83,0,84,155,125,243,1,524,0,0,0,524
11/08/2004,PBI,FL,ASO,ES,Combined TRACON& Tower with Radar,168,82,115,2,367,0,0,149,0,149,168,82,264,2,516,19,0,19,535
11/09/2004,PBI,FL,ASO,ES,Combined TRACON& Tower with Radar,150,82,126,4,362,0,4,119,0,123,150,86,245,4,485,4,0,4,489
11/10/2004,PBI,FL,ASO,ES,Combined TRACON& Tower with Radar,164,116,145,1,426,0,2,88,0,90,164,118,233,1,516,0,0,0,516
11/11/2004,PBI,FL,ASO,ES,Combined TRACON& Tower with Radar,171,132,186,2,491,0,0,115,0,115,171,132,301,2,606,7,0,7,613
11/12/2004,PBI,FL,ASO,ES,Combined TRACON& Tower with Radar,167,111,172,4,454,0,0,124,0,124,167,111,296,4,578,6,0,6,584
11/13/2004,PBI,FL,ASO,ES,Combined TRACON& Tower with Radar,174,75,94,4,347,0,3,72,0,75,174,78,166,4,422,0,0,0,422
11/14/2004,PBI,FL,ASO,ES,Combined TRACON& Tower with Radar,148,114,182,2,446,0,2,56,0,58,148,116,238,2,504,3,0,3,507
11/15/2004,PBI,FL,ASO,ES,Combined TRACON& Tower with Radar,174,87,135,4,400,0,0,61,0,61,174,87,196,4,461,0,0,0,461
11/16/2004,PBI,FL,ASO,ES,Combined TRACON& Tower with Radar,169,79,121,4,373,0,2,111,0,113,169,81,232,4,486,14,0,14,500
11/17/2004,PBI,FL,ASO,ES,Combined TRACON& Tower with Radar,185,82,177,3,447,0,0,128,0,128,185,82,305,3,575,4,0,4,579
11/18/2004,PBI,FL,ASO,ES,Combined TRACON& Tower with Radar,166,110,186,1,463,0,1,146,0,147,166,111,332,1,610,20,0,20,630
11/19/2004,PBI,FL,ASO,ES,Combined TRACON& Tower with Radar,185,127,250,2,564,0,2,128,0,130,185,129,378,2,694,0,0,0,694
11/20/2004,PBI,FL,ASO,ES,Combined TRACON& Tower with Radar,175,95,129,0,399,0,0,111,0,111,175,95,240,0,510,0,0,0,510
11/21/2004,PBI,FL,ASO,ES,Combined TRACON& Tower with Radar,172,117,185,7,481,0,0,103,2,105,172,117,288,9,586,5,0,5,591
11/22/2004,PBI,FL,ASO,ES,Combined TRACON& Tower with Radar,166,90,157,0,413,0,0,121,0,121,166,90,278,0,534,25,0,25,559
11/23/2004,PBI,FL,ASO,ES,Combined TRACON& Tower with Radar,194,132,207,1,534,0,1,142,0,143,194,133,349,1,677,7,0,7,684
11/24/2004,PBI,FL,ASO,ES,Combined TRACON& Tower with Radar,179,133,230,1,543,0,0,128,0,128,179,133,358,1,671,2,0,2,673
11/25/2004,PBI,FL,ASO,ES,Combined TRACON& Tower with Radar,164,77,80,0,321,0,0,35,0,35,164,77,115,0,356,3,0,3,359
11/26/2004,PBI,FL,ASO,ES,Combined TRACON& Tower with Radar,162,122,99,1,384,0,0,93,0,93,162,122,192,1,477,4,0,4,481
11/27/2004,PBI,FL,ASO,ES,Combined TRACON& Tower with Radar,181,146,147,0,474,0,1,99,0,100,181,147,246,0,574,2,0,2,576
11/28/2004,PBI,FL,ASO,ES,Combined TRACON& Tower with Radar,220,197,338,2,757,0,0,174,0,174,220,197,512,2,931,20,0,20,951
11/29/2004,PBI,FL,ASO,ES,Combined TRACON& Tower with Radar,194,110,164,4,472,0,0,106,0,106,194,110,270,4,578,19,0,19,597
11/30/2004,PBI,FL,ASO,ES,Combined TRACON& Tower with Radar,167,111,115,4,397,0,6,108,0,114,167,117,223,4,511,9,0,9,520
12/01/2004,PBI,FL,ASO,ES,Combined TRACON& Tower with Radar,152,88,162,0,402,0,0,157,0,157,152,88,319,0,559,22,0,22,581
12/02/2004,PBI,FL,ASO,ES,Combined TRACON& Tower with Radar,170,100,153,2,425,0,0,103,0,103,170,100,256,2,528,0,0,0,528
12/03/2004,PBI,FL,ASO,ES,Combined TRACON& Tower with Radar,173,108,132,0,413,0,0,116,0,116,173,108,248,0,529,12,0,12,541
12/04/2004,PBI,FL,ASO,ES,Combined TRACON& Tower with Radar,165,83,95,0,343,0,1,104,0,105,165,84,199,0,448,4,0,4,452
12/05/2004,PBI,FL,ASO,ES,Combined TRACON& Tower with Radar,159,118,149,4,430,0,0,111,0,111,159,118,260,4,541,4,0,4,545
12/06/2004,PBI,FL,ASO,ES,Combined TRACON& Tower with Radar,179,95,111,0,385,0,0,170,0,170,179,95,281,0,555,8,1,9,564
12/07/2004,PBI,FL,ASO,ES,Combined TRACON& Tower with Radar,167,75,143,0,385,0,0,100,0,100,167,75,243,0,485,12,0,12,497
12/08/2004,PBI,FL,ASO,ES,Combined TRACON& Tower with Radar,164,84,121,0,369,0,0,138,0,138,164,84,259,0,507,4,0,4,511
12/09/2004,PBI,FL,ASO,ES,Combined TRACON& Tower with Radar,171,99,134,1,405,0,0,123,0,123,171,99,257,1,528,16,0,16,544
12/10/2004,PBI,FL,ASO,ES,Combined TRACON& Tower with Radar,164,98,170,0,432,0,1,68,0,69,164,99,238,0,501,8,0,8,509
12/11/2004,PBI,FL,ASO,ES,Combined TRACON& Tower with Radar,181,58,117,0,356,0,0,81,0,81,181,58,198,0,437,22,0,22,459
12/12/2004,PBI,FL,ASO,ES,Combined TRACON& Tower with Radar,156,89,124,0,369,0,0,86,0,86,156,89,210,0,455,0,0,0,455
12/13/2004,PBI,FL,ASO,ES,Combined TRACON& Tower with Radar,16,89,137,2,244,147,0,100,0,247,163,89,237,2,491,9,0,9,500
12/14/2004,PBI,FL,ASO,ES,Combined TRACON& Tower with Radar,166,88,147,0,401,0,0,114,0,114,166,88,261,0,515,4,0,4,519
12/15/2004,PBI,FL,ASO,ES,Combined TRACON& Tower with Radar,171,95,158,0,424,0,2,91,0,93,171,97,249,0,517,0,0,0,517
12/16/2004,PBI,FL,ASO,ES,Combined TRACON& Tower with Radar,189,109,143,1,442,0,0,97,0,97,189,109,240,1,539,6,0,6,545
12/17/2004,PBI,FL,ASO,ES,Combined TRACON& Tower with Radar,211,143,189,0,543,0,2,67,1,70,211,145,256,1,613,8,0,8,621
12/18/2004,PBI,FL,ASO,ES,Combined TRACON& Tower with Radar,197,148,177,0,522,0,0,49,0,49,197,148,226,0,571,0,0,0,571
12/19/2004,PBI,FL,ASO,ES,Combined TRACON& Tower with Radar,202,116,127,2,447,0,0,67,0,67,202,116,194,2,514,3,3,6,520
12/20/2004,PBI,FL,ASO,ES,Combined TRACON& Tower with Radar,192,127,147,4,470,0,1,155,8,164,192,128,302,12,634,19,0,19,653
12/21/2004,PBI,FL,ASO,ES,Combined TRACON& Tower with Radar,204,119,152,3,478,0,0,150,0,150,204,119,302,3,628,16,0,16,644
12/22/2004,PBI,FL,ASO,ES,Combined TRACON& Tower with Radar,212,136,157,7,512,0,2,144,0,146,212,138,301,7,658,14,0,14,672
12/23/2004,PBI,FL,ASO,ES,Combined TRACON& Tower with Radar,188,115,192,3,498,0,1,79,0,80,188,116,271,3,578,28,0,28,606
12/24/2004,PBI,FL,ASO,ES,Combined TRACON& Tower with Radar,194,82,116,1,393,0,1,41,0,42,194,83,157,1,435,0,0,0,435
12/25/2004,PBI,FL,ASO,ES,Combined TRACON& Tower with Radar,187,85,74,0,346,0,0,15,0,15,187,85,89,0,361,3,0,3,364
12/26/2004,PBI,FL,ASO,ES,Combined TRACON& Tower with Radar,232,221,327,0,780,0,0,106,0,106,232,221,433,0,886,4,0,4,890
12/27/2004,PBI,FL,ASO,ES,Combined TRACON& Tower with Radar,212,219,266,3,700,0,0,167,0,167,212,219,433,3,867,7,10,17,884
12/28/2004,PBI,FL,ASO,ES,Combined TRACON& Tower with Radar,207,171,238,3,619,30,0,136,15,181,237,171,374,18,800,4,0,4,804
12/29/2004,PBI,FL,ASO,ES,Combined TRACON& Tower with Radar,203,134,185,1,523,0,3,184,0,187,203,137,369,1,710,19,0,19,729
12/30/2004,PBI,FL,ASO,ES,Combined TRACON& Tower with Radar,204,133,198,2,537,0,0,138,0,138,204,133,336,2,675,0,0,0,675
12/31/2004,PBI,FL,ASO,ES,Combined TRACON& Tower with Radar,197,114,137,0,448,0,0,60,0,60,197,114,197,0,508,12,0,12,520
01/01/2005,PBI,FL,ASO,ES,Combined TRACON& Tower with Radar,203,169,191,0,563,0,5,87,0,92,203,174,278,0,655,2,0,2,657
01/02/2005,PBI,FL,ASO,ES,Combined TRACON& Tower with Radar,217,214,359,0,790,0,0,205,0,205,217,214,564,0,995,15,0,15,1010
01/03/2005,PBI,FL,ASO,ES,Combined TRACON& Tower with Radar,209,191,264,3,667,0,5,151,0,156,209,196,415,3,823,0,0,0,823
01/04/2005,PBI,FL,ASO,ES,Combined TRACON& Tower with Radar,177,102,185,0,464,0,0,149,0,149,177,102,334,0,613,12,0,12,625
01/05/2005,PBI,FL,ASO,ES,Combined TRACON& Tower with Radar,193,116,188,0,497,0,1,98,0,99,193,117,286,0,596,2,0,2,598
01/06/2005,PBI,FL,ASO,ES,Combined TRACON& Tower with Radar,167,100,167,2,436,0,0,127,0,127,167,100,294,2,563,2,0,2,565
01/07/2005,PBI,FL,ASO,ES,Combined TRACON& Tower with Radar,190,97,198,0,485,0,4,146,0,150,190,101,344,0,635,0,0,0,635
01/08/2005,PBI,FL,ASO,ES,Combined TRACON& Tower with Radar,170,91,118,1,380,0,1,98,0,99,170,92,216,1,479,18,0,18,497
01/09/2005,PBI,FL,ASO,ES,Combined TRACON& Tower with Radar,164,130,170,13,477,0,1,97,2,100,164,131,267,15,577,12,0,12,589
01/10/2005,PBI,FL,ASO,ES,Combined TRACON& Tower with Radar,181,97,161,7,446,1,2,149,0,152,182,99,310,7,598,0,0,0,598
01/11/2005,PBI,FL,ASO,ES,Combined TRACON& Tower with Radar,174,101,139,7,421,0,1,130,0,131,174,102,269,7,552,7,1,8,560
01/12/2005,PBI,FL,ASO,ES,Combined TRACON& Tower with Radar,172,99,180,0,451,0,0,140,0,140,172,99,320,0,591,6,0,6,597
01/13/2005,PBI,FL,ASO,ES,Combined TRACON& Tower with Radar,194,142,260,3,599,7,3,118,2,130,201,145,378,5,729,4,0,4,733
01/14/2005,PBI,FL,ASO,ES,Combined TRACON& Tower with Radar,207,158,266,3,634,1,3,48,0,52,208,161,314,3,686,0,0,0,686
01/15/2005,PBI,FL,ASO,ES,Combined TRACON& Tower with Radar,179,123,176,4,482,0,0,13,0,13,179,123,189,4,495,0,1,1,496
01/16/2005,PBI,FL,ASO,ES,Combined TRACON& Tower with Radar,167,128,200,7,502,0,0,50,0,50,167,128,250,7,552,0,0,0,552
01/17/2005,PBI,FL,ASO,ES,Combined TRACON& Tower with Radar,193,148,252,5,598,0,0,122,0,122,193,148,374,5,720,2,0,2,722
01/18/2005,PBI,FL,ASO,ES,Combined TRACON& Tower with Radar,182,125,191,9,507,0,0,111,0,111,182,125,302,9,618,0,0,0,618
01/19/2005,PBI,FL,ASO,ES,Combined TRACON& Tower with Radar,180,98,152,1,431,0,1,117,0,118,180,99,269,1,549,2,2,4,553
01/20/2005,PBI,FL,ASO,ES,Combined TRACON& Tower with Radar,173,122,206,1,502,0,0,179,0,179,173,122,385,1,681,8,0,8,689
01/21/2005,PBI,FL,ASO,ES,Combined TRACON& Tower with Radar,196,169,271,5,641,0,0,182,0,182,196,169,453,5,823,10,0,10,833
01/22/2005,PBI,FL,ASO,ES,Combined TRACON& Tower with Radar,163,92,169,1,425,1,0,179,0,180,164,92,348,1,605,2,0,2,607
01/23/2005,PBI,FL,ASO,ES,Combined TRACON& Tower with Radar,123,140,187,4,454,0,1,119,0,120,123,141,306,4,574,0,0,0,574
01/24/2005,PBI,FL,ASO,ES,Combined TRACON& Tower with Radar,189,134,202,3,528,0,0,96,0,96,189,134,298,3,624,0,0,0,624
01/25/2005,PBI,FL,ASO,ES,Combined TRACON& Tower with Radar,170,91,142,5,408,0,0,135,0,135,170,91,277,5,543,4,0,4,547
01/26/2005,PBI,FL,ASO,ES,Combined TRACON& Tower with Radar,175,101,180,1,457,0,0,127,0,127,175,101,307,1,584,6,16,22,606
01/27/2005,PBI,FL,ASO,ES,Combined TRACON& Tower with Radar,177,151,215,7,550,0,0,156,0,156,177,151,371,7,706,8,0,8,714
01/28/2005,PBI,FL,ASO,ES,Combined TRACON& Tower with Radar,194,159,263,12,628,0,0,95,0,95,194,159,358,12,723,8,0,8,731
01/29/2005,PBI,FL,ASO,ES,Combined TRACON& Tower with Radar,165,114,154,1,434,0,1,112,0,113,165,115,266,1,547,11,0,11,558
01/30/2005,PBI,FL,ASO,ES,Combined TRACON& Tower with Radar,162,167,270,2,601,0,0,89,0,89,162,167,359,2,690,15,0,15,705
01/31/2005,PBI,FL,ASO,ES,Combined TRACON& Tower with Radar,186,115,186,0,487,0,2,146,0,148,186,117,332,0,635,10,0,10,645
02/01/2005,PBI,FL,ASO,ES,Combined TRACON& Tower with Radar,189,114,171,1,475,0,1,107,0,108,189,115,278,1,583,0,0,0,583
02/02/2005,PBI,FL,ASO,ES,Combined TRACON& Tower with Radar,184,116,212,28,540,0,0,98,0,98,184,116,310,28,638,32,0,32,670
02/03/2005,PBI,FL,ASO,ES,Combined TRACON& Tower with Radar,197,143,249,0,589,0,3,112,0,115,197,146,361,0,704,4,0,4,708
02/04/2005,PBI,FL,ASO,ES,Combined TRACON& Tower with Radar,197,164,215,2,578,0,0,92,0,92,197,164,307,2,670,0,0,0,670
02/05/2005,PBI,FL,ASO,ES,Combined TRACON& Tower with Radar,190,105,169,1,465,0,0,120,0,120,190,105,289,1,585,18,0,18,603
02/06/2005,PBI,FL,ASO,ES,Combined TRACON& Tower with Radar,168,173,216,0,557,0,0,87,0,87,168,173,303,0,644,0,0,0,644
02/07/2005,PBI,FL,ASO,ES,Combined TRACON& Tower with Radar,175,132,195,0,502,0,0,143,6,149,175,132,338,6,651,0,0,0,651
02/08/2005,PBI,FL,ASO,ES,Combined TRACON& Tower with Radar,190,95,143,8,436,0,0,120,0,120,190,95,263,8,556,8,0,8,564
02/09/2005,PBI,FL,ASO,ES,Combined TRACON& Tower with Radar,188,116,151,0,455,0,0,154,0,154,188,116,305,0,609,2,0,2,611
02/10/2005,PBI,FL,ASO,ES,Combined TRACON& Tower with Radar,206,155,202,2,565,0,0,73,0,73,206,155,275,2,638,6,0,6,644
02/11/2005,PBI,FL,ASO,ES,Combined TRACON& Tower with Radar,222,144,267,2,635,11,0,114,0,125,233,144,381,2,760,4,0,4,764
02/12/2005,PBI,FL,ASO,ES,Combined TRACON& Tower with Radar,191,110,171,0,472,0,0,154,0,154,191,110,325,0,626,16,0,16,642
02/13/2005,PBI,FL,ASO,ES,Combined TRACON& Tower with Radar,165,164,218,2,549,0,1,104,0,105,165,165,322,2,654,5,0,5,659
02/14/2005,PBI,FL,ASO,ES,Combined TRACON& Tower with Radar,188,106,178,1,473,0,0,122,0,122,188,106,300,1,595,18,0,18,613
02/15/2005,PBI,FL,ASO,ES,Combined TRACON& Tower with Radar,168,105,153,0,426,14,3,128,0,145,182,108,281,0,571,41,0,41,612
02/16/2005,PBI,FL,ASO,ES,Combined TRACON& Tower with Radar,202,133,191,2,528,0,0,158,0,158,202,133,349,2,686,12,0,12,698
02/17/2005,PBI,FL,ASO,ES,Combined TRACON& Tower with Radar,203,177,312,0,692,0,2,173,1,176,203,179,485,1,868,0,0,0,868
02/18/2005,PBI,FL,ASO,ES,Combined TRACON& Tower with Radar,222,222,389,2,835,3,2,141,0,146,225,224,530,2,981,8,2,10,991
02/19/2005,PBI,FL,ASO,ES,Combined TRACON& Tower with Radar,245,226,228,2,701,0,0,158,0,158,245,226,386,2,859,8,0,8,867
02/20/2005,PBI,FL,ASO,ES,Combined TRACON& Tower with Radar,191,173,242,0,606,0,0,103,0,103,191,173,345,0,709,0,0,0,709
02/21/2005,PBI,FL,ASO,ES,Combined TRACON& Tower with Radar,239,261,332,6,838,0,3,176,0,179,239,264,508,6,1017,4,0,4,1021
02/22/2005,PBI,FL,ASO,ES,Combined TRACON& Tower with Radar,210,189,259,1,659,0,1,149,0,150,210,190,408,1,809,12,0,12,821
02/23/2005,PBI,FL,ASO,ES,Combined TRACON& Tower with Radar,215,159,166,4,544,0,0,130,0,130,215,159,296,4,674,8,0,8,682
02/24/2005,PBI,FL,ASO,ES,Combined TRACON& Tower with Radar,156,165,226,35,582,0,2,153,0,155,156,167,379,35,737,8,0,8,745
02/25/2005,PBI,FL,ASO,ES,Combined TRACON& Tower with Radar,219,179,286,3,687,0,2,96,0,98,219,181,382,3,785,4,0,4,789
02/26/2005,PBI,FL,ASO,ES,Combined TRACON& Tower with Radar,225,127,182,3,537,0,0,95,0,95,225,127,277,3,632,0,0,0,632
02/27/2005,PBI,FL,ASO,ES,Combined TRACON& Tower with Radar,194,207,314,2,717,0,0,26,0,26,194,207,340,2,743,0,0,0,743
02/28/2005,PBI,FL,ASO,ES,Combined TRACON& Tower with Radar,190,142,172,2,506,0,3,101,0,104,190,145,273,2,610,0,0,0,610
03/01/2005,PBI,FL,ASO,ES,Combined TRACON& Tower with Radar,197,134,163,0,494,5,0,163,0,168,202,134,326,0,662,10,0,10,672
03/02/2005,PBI,FL,ASO,ES,Combined TRACON& Tower with Radar,197,137,178,0,512,0,0,139,0,139,197,137,317,0,651,12,0,12,663
03/03/2005,PBI,FL,ASO,ES,Combined TRACON& Tower with Radar,215,155,266,5,641,0,0,115,0,115,215,155,381,5,756,8,0,8,764
03/04/2005,PBI,FL,ASO,ES,Combined TRACON& Tower with Radar,221,193,275,2,691,0,2,100,2,104,221,195,375,4,795,8,0,8,803
03/05/2005,PBI,FL,ASO,ES,Combined TRACON& Tower with Radar,224,116,187,0,527,0,1,91,0,92,224,117,278,0,619,2,0,2,621
03/06/2005,PBI,FL,ASO,ES,Combined TRACON& Tower with Radar,184,190,256,6,636,0,2,106,0,108,184,192,362,6,744,0,0,0,744
03/07/2005,PBI,FL,ASO,ES,Combined TRACON& Tower with Radar,204,131,200,2,537,0,0,140,0,140,204,131,340,2,677,17,0,17,694
03/08/2005,PBI,FL,ASO,ES,Combined TRACON& Tower with Radar,191,116,178,1,486,0,0,65,0,65,191,116,243,1,551,16,0,16,567
03/09/2005,PBI,FL,ASO,ES,Combined TRACON& Tower with Radar,214,145,232,0,591,1,0,17,0,18,215,145,249,0,609,1,0,1,610
03/10/2005,PBI,FL,ASO,ES,Combined TRACON& Tower with Radar,242,146,220,2,610,0,2,165,0,167,242,148,385,2,777,6,0,6,783
03/11/2005,PBI,FL,ASO,ES,Combined TRACON& Tower with Radar,238,168,261,5,672,0,0,141,1,142,238,168,402,6,814,29,0,29,843
03/12/2005,PBI,FL,ASO,ES,Combined TRACON& Tower with Radar,214,122,184,0,520,0,7,128,0,135,214,129,312,0,655,9,0,9,664
03/13/2005,PBI,FL,ASO,ES,Combined TRACON& Tower with Radar,196,178,326,2,702,0,2,170,1,173,196,180,496,3,875,7,0,7,882
03/14/2005,PBI,FL,ASO,ES,Combined TRACON& Tower with Radar,209,113,202,5,529,0,0,143,0,143,209,113,345,5,672,16,0,16,688
03/15/2005,PBI,FL,ASO,ES,Combined TRACON& Tower with Radar,226,127,228,5,586,0,0,130,0,130,226,127,358,5,716,18,0,18,734
03/16/2005,PBI,FL,ASO,ES,Combined TRACON& Tower with Radar,221,147,222,4,594,0,3,80,0,83,221,150,302,4,677,0,0,0,677
03/17/2005,PBI,FL,ASO,ES,Combined TRACON& Tower with Radar,220,164,179,0,563,0,1,25,0,26,220,165,204,0,589,0,0,0,589
03/18/2005,PBI,FL,ASO,ES,Combined TRACON& Tower with Radar,265,205,348,1,819,0,4,119,0,123,265,209,467,1,942,2,0,2,944
03/19/2005,PBI,FL,ASO,ES,Combined TRACON& Tower with Radar,221,182,245,1,649,0,0,157,0,157,221,182,402,1,806,11,0,11,817
03/20/2005,PBI,FL,ASO,ES,Combined TRACON& Tower with Radar,199,188,322,4,713,0,4,119,1,124,199,192,441,5,837,3,0,3,840
03/21/2005,PBI,FL,ASO,ES,Combined TRACON& Tower with Radar,210,138,185,6,539,0,0,75,0,75,210,138,260,6,614,12,0,12,626
03/22/2005,PBI,FL,ASO,ES,Combined TRACON& Tower with Radar,206,133,169,2,510,0,0,91,0,91,206,133,260,2,601,0,0,0,601
03/23/2005,PBI,FL,ASO,ES,Combined TRACON& Tower with Radar,225,121,211,3,560,0,0,95,0,95,225,121,306,3,655,8,0,8,663
03/24/2005,PBI,FL,ASO,ES,Combined TRACON& Tower with Radar,236,192,291,3,722,0,9,159,0,168,236,201,450,3,890,16,0,16,906
03/25/2005,PBI,FL,ASO,ES,Combined TRACON& Tower with Radar,223,173,249,0,645,0,1,157,0,158,223,174,406,0,803,2,0,2,805
03/26/2005,PBI,FL,ASO,ES,Combined TRACON& Tower with Radar,237,150,235,0,622,0,0,129,0,129,237,150,364,0,751,28,0,28,779
03/27/2005,PBI,FL,ASO,ES,Combined TRACON& Tower with Radar,197,198,220,0,615,0,0,121,1,122,197,198,341,1,737,13,0,13,750
03/28/2005,PBI,FL,ASO,ES,Combined TRACON& Tower with Radar,198,195,300,1,694,0,0,78,0,78,198,195,378,1,772,2,0,2,774
03/29/2005,PBI,FL,ASO,ES,Combined TRACON& Tower with Radar,228,121,214,1,564,0,0,178,0,178,228,121,392,1,742,4,0,4,746
03/30/2005,PBI,FL,ASO,ES,Combined TRACON& Tower with Radar,200,117,206,1,524,0,0,170,2,172,200,117,376,3,696,15,0,15,711
03/31/2005,PBI,FL,ASO,ES,Combined TRACON& Tower with Radar,216,161,237,3,617,0,0,166,0,166,216,161,403,3,783,0,0,0,783
04/01/2005,PBI,FL,ASO,ES,Combined TRACON& Tower with Radar,217,186,289,0,692,0,0,155,0,155,217,186,444,0,847,13,0,13,860
04/02/2005,PBI,FL,ASO,ES,Combined TRACON& Tower with Radar,227,124,214,0,565,0,2,55,0,57,227,126,269,0,622,4,0,4,626
04/03/2005,PBI,FL,ASO,ES,Combined TRACON& Tower with Radar,188,219,299,0,706,0,3,137,0,140,188,222,436,0,846,0,0,0,846
04/04/2005,PBI,FL,ASO,ES,Combined TRACON& Tower with Radar,197,127,183,0,507,0,0,136,0,136,197,127,319,0,643,8,0,8,651
04/05/2005,PBI,FL,ASO,ES,Combined TRACON& Tower with Radar,195,103,144,3,445,0,0,134,5,139,195,103,278,8,584,28,0,28,612
04/06/2005,PBI,FL,ASO,ES,Combined TRACON& Tower with Radar,228,104,172,1,505,0,0,140,0,140,228,104,312,1,645,18,0,18,663
04/07/2005,PBI,FL,ASO,ES,Combined TRACON& Tower with Radar,215,110,190,3,518,0,0,89,0,89,215,110,279,3,607,9,0,9,616
04/08/2005,PBI,FL,ASO,ES,Combined TRACON& Tower with Radar,199,130,237,2,568,0,0,95,2,97,199,130,332,4,665,8,0,8,673
04/09/2005,PBI,FL,ASO,ES,Combined TRACON& Tower with Radar,202,96,142,5,445,0,4,144,1,149,202,100,286,6,594,16,1,17,611
04/10/2005,PBI,FL,ASO,ES,Combined TRACON& Tower with Radar,186,150,243,2,581,0,0,136,0,136,186,150,379,2,717,29,0,29,746
04/11/2005,PBI,FL,ASO,ES,Combined TRACON& Tower with Radar,201,111,178,1,491,0,0,146,0,146,201,111,324,1,637,21,0,21,658
04/12/2005,PBI,FL,ASO,ES,Combined TRACON& Tower with Radar,207,110,175,1,493,0,0,126,0,126,207,110,301,1,619,34,0,34,653
04/13/2005,PBI,FL,ASO,ES,Combined TRACON& Tower with Radar,192,123,157,3,475,0,0,106,0,106,192,123,263,3,581,9,0,9,590
04/14/2005,PBI,FL,ASO,ES,Combined TRACON& Tower with Radar,204,153,197,5,559,0,0,172,0,172,204,153,369,5,731,11,0,11,742
04/15/2005,PBI,FL,ASO,ES,Combined TRACON& Tower with Radar,201,115,166,2,484,0,1,119,2,122,201,116,285,4,606,14,0,14,620
04/16/2005,PBI,FL,ASO,ES,Combined TRACON& Tower with Radar,207,117,136,0,460,0,0,91,0,91,207,117,227,0,551,2,0,2,553
04/17/2005,PBI,FL,ASO,ES,Combined TRACON& Tower with Radar,179,168,241,0,588,0,1,103,1,105,179,169,344,1,693,1,0,1,694
04/18/2005,PBI,FL,ASO,ES,Combined TRACON& Tower with Radar,204,121,177,1,503,0,0,131,0,131,204,121,308,1,634,0,0,0,634
04/19/2005,PBI,FL,ASO,ES,Combined TRACON& Tower with Radar,187,107,120,0,414,0,1,111,0,112,187,108,231,0,526,12,0,12,538
04/20/2005,PBI,FL,ASO,ES,Combined TRACON& Tower with Radar,198,90,147,0,435,0,0,117,0,117,198,90,264,0,552,22,0,22,574
04/21/2005,PBI,FL,ASO,ES,Combined TRACON& Tower with Radar,188,113,179,2,482,0,0,149,0,149,188,113,328,2,631,54,0,54,685
04/22/2005,PBI,FL,ASO,ES,Combined TRACON& Tower with Radar,202,141,174,6,523,0,0,150,1,151,202,141,324,7,674,22,0,22,696
04/23/2005,PBI,FL,ASO,ES,Combined TRACON& Tower with Radar,205,82,121,0,408,0,0,80,0,80,205,82,201,0,488,22,0,22,510
04/24/2005,PBI,FL,ASO,ES,Combined TRACON& Tower with Radar,190,151,231,0,572,0,0,135,0,135,190,151,366,0,707,0,0,0,707
04/25/2005,PBI,FL,ASO,ES,Combined TRACON& Tower with Radar,204,115,174,2,495,0,0,131,0,131,204,115,305,2,626,14,0,14,640
04/26/2005,PBI,FL,ASO,ES,Combined TRACON& Tower with Radar,192,108,140,2,442,0,0,150,0,150,192,108,290,2,592,20,0,20,612
04/27/2005,PBI,FL,ASO,ES,Combined TRACON& Tower with Radar,197,90,150,3,440,0,0,57,0,57,197,90,207,3,497,0,0,0,497
04/28/2005,PBI,FL,ASO,ES,Combined TRACON& Tower with Radar,202,108,186,3,499,0,1,151,0,152,202,109,337,3,651,2,0,2,653
04/29/2005,PBI,FL,ASO,ES,Combined TRACON& Tower with Radar,199,109,215,4,527,0,2,127,3,132,199,111,342,7,659,9,0,9,668
04/30/2005,PBI,FL,ASO,ES,Combined TRACON& Tower with Radar,216,80,127,2,425,0,1,142,0,143,216,81,269,2,568,11,0,11,579
05/01/2005,PBI,FL,ASO,ES,Combined TRACON& Tower with Radar,177,159,206,1,543,0,0,115,0,115,177,159,321,1,658,2,0,2,660
05/02/2005,PBI,FL,ASO,ES,Combined TRACON& Tower with Radar,177,122,164,3,466,0,0,103,0,103,177,122,267,3,569,16,0,16,585
05/03/2005,PBI,FL,ASO,ES,Combined TRACON& Tower with Radar,188,114,148,3,453,0,0,70,0,70,188,114,218,3,523,0,0,0,523
05/04/2005,PBI,FL,ASO,ES,Combined TRACON& Tower with Radar,168,82,126,1,377,0,0,62,0,62,168,82,188,1,439,0,0,0,439
05/05/2005,PBI,FL,ASO,ES,Combined TRACON& Tower with Radar,173,72,147,10,402,0,0,104,0,104,173,72,251,10,506,21,0,21,527
05/06/2005,PBI,FL,ASO,ES,Combined TRACON& Tower with Radar,182,115,177,6,480,0,0,157,0,157,182,115,334,6,637,21,0,21,658
05/07/2005,PBI,FL,ASO,ES,Combined TRACON& Tower with Radar,179,77,119,0,375,0,1,164,0,165,179,78,283,0,540,24,0,24,564
05/08/2005,PBI,FL,ASO,ES,Combined TRACON& Tower with Radar,135,122,135,2,394,0,3,98,0,101,135,125,233,2,495,0,0,0,495
05/09/2005,PBI,FL,ASO,ES,Combined TRACON& Tower with Radar,152,95,122,2,371,0,0,124,0,124,152,95,246,2,495,4,0,4,499
05/10/2005,PBI,FL,ASO,ES,Combined TRACON& Tower with Radar,171,93,143,2,409,0,0,132,0,132,171,93,275,2,541,10,0,10,551
05/11/2005,PBI,FL,ASO,ES,Combined TRACON& Tower with Radar,151,91,146,0,388,0,0,152,0,152,151,91,298,0,540,5,6,11,551
05/12/2005,PBI,FL,ASO,ES,Combined TRACON& Tower with Radar,160,83,154,2,399,0,4,110,1,115,160,87,264,3,514,4,0,4,518
05/13/2005,PBI,FL,ASO,ES,Combined TRACON& Tower with Radar,149,97,143,3,392,0,0,145,2,147,149,97,288,5,539,26,0,26,565
05/14/2005,PBI,FL,ASO,ES,Combined TRACON& Tower with Radar,169,58,82,1,310,1,0,112,0,113,170,58,194,1,423,2,0,2,425
05/15/2005,PBI,FL,ASO,ES,Combined TRACON& Tower with Radar,146,102,151,1,400,0,0,159,0,159,146,102,310,1,559,12,0,12,571
05/16/2005,PBI,FL,ASO,ES,Combined TRACON& Tower with Radar,162,72,109,6,349,0,0,115,0,115,162,72,224,6,464,0,0,0,464
05/17/2005,PBI,FL,ASO,ES,Combined TRACON& Tower with Radar,175,103,115,0,393,0,0,111,0,111,175,103,226,0,504,4,0,4,508
05/18/2005,PBI,FL,ASO,ES,Combined TRACON& Tower with Radar,111,67,151,0,329,0,0,129,0,129,111,67,280,0,458,13,0,13,471
05/19/2005,PBI,FL,ASO,ES,Combined TRACON& Tower with Radar,157,96,177,0,430,0,0,121,0,121,157,96,298,0,551,38,0,38,589
05/20/2005,PBI,FL,ASO,ES,Combined TRACON& Tower with Radar,152,92,137,3,384,0,1,148,1,150,152,93,285,4,534,42,1,43,577
05/21/2005,PBI,FL,ASO,ES,Combined TRACON& Tower with Radar,161,69,153,0,383,0,0,125,1,126,161,69,278,1,509,6,0,6,515
05/22/2005,PBI,FL,ASO,ES,Combined TRACON& Tower with Radar,153,109,162,2,426,0,3,170,1,174,153,112,332,3,600,19,0,19,619
05/23/2005,PBI,FL,ASO,ES,Combined TRACON& Tower with Radar,154,100,139,1,394,0,1,78,0,79,154,101,217,1,473,0,0,0,473
05/24/2005,PBI,FL,ASO,ES,Combined TRACON& Tower with Radar,159,69,143,0,371,0,2,59,0,61,159,71,202,0,432,2,0,2,434
05/25/2005,PBI,FL,ASO,ES,Combined TRACON& Tower with Radar,190,77,104,0,371,0,0,94,0,94,190,77,198,0,465,12,0,12,477
05/26/2005,PBI,FL,ASO,ES,Combined TRACON& Tower with Radar,188,103,182,3,476,0,0,124,0,124,188,103,306,3,600,0,0,0,600
05/27/2005,PBI,FL,ASO,ES,Combined TRACON& Tower with Radar,146,140,197,47,530,0,9,149,1,159,146,149,346,48,689,16,0,16,705
05/28/2005,PBI,FL,ASO,ES,Combined TRACON& Tower with Radar,165,74,99,0,338,0,2,125,3,130,165,76,224,3,468,15,0,15,483
05/29/2005,PBI,FL,ASO,ES,Combined TRACON& Tower with Radar,147,60,85,1,293,0,1,107,0,108,147,61,192,1,401,4,0,4,405
05/30/2005,PBI,FL,ASO,ES,Combined TRACON& Tower with Radar,142,126,210,0,478,0,0,128,0,128,142,126,338,0,606,0,0,0,606
05/31/2005,PBI,FL,ASO,ES,Combined TRACON& Tower with Radar,153,74,142,0,369,0,0,98,0,98,153,74,240,0,467,0,0,0,467
06/01/2005,PBI,FL,ASO,ES,Combined TRACON& Tower with Radar,166,72,82,2,322,0,0,44,0,44,166,72,126,2,366,5,0,5,371
06/02/2005,PBI,FL,ASO,ES,Combined TRACON& Tower with Radar,169,83,179,1,432,0,0,71,0,71,169,83,250,1,503,16,0,16,519
06/03/2005,PBI,FL,ASO,ES,Combined TRACON& Tower with Radar,180,91,166,0,437,0,2,88,0,90,180,93,254,0,527,0,0,0,527
06/04/2005,PBI,FL,ASO,ES,Combined TRACON& Tower with Radar,157,49,109,0,315,0,0,61,0,61,157,49,170,0,376,130,0,130,506
06/05/2005,PBI,FL,ASO,ES,Combined TRACON& Tower with Radar,133,97,128,0,358,0,1,76,0,77,133,98,204,0,435,0,0,0,435
06/06/2005,PBI,FL,ASO,ES,Combined TRACON& Tower with Radar,152,75,132,3,362,0,0,96,0,96,152,75,228,3,458,7,0,7,465
06/07/2005,PBI,FL,ASO,ES,Combined TRACON& Tower with Radar,179,69,106,4,358,0,0,59,0,59,179,69,165,4,417,0,0,0,417
06/08/2005,PBI,FL,ASO,ES,Combined TRACON& Tower with Radar,155,61,150,2,368,0,0,101,0,101,155,61,251,2,469,6,0,6,475
06/09/2005,PBI,FL,ASO,ES,Combined TRACON& Tower with Radar,151,72,140,4,367,0,0,120,1,121,151,72,260,5,488,11,0,11,499
06/10/2005,PBI,FL,ASO,ES,Combined TRACON& Tower with Radar,150,81,124,0,355,0,0,60,0,60,150,81,184,0,415,4,0,4,419
06/11/2005,PBI,FL,ASO,ES,Combined TRACON& Tower with Radar,146,59,84,8,297,0,5,62,0,67,146,64,146,8,364,0,0,0,364
06/12/2005,PBI,FL,ASO,ES,Combined TRACON& Tower with Radar,156,80,123,6,365,0,2,101,0,103,156,82,224,6,468,2,0,2,470
06/13/2005,PBI,FL,ASO,ES,Combined TRACON& Tower with Radar,173,83,143,1,400,0,0,118,0,118,173,83,261,1,518,0,0,0,518
06/14/2005,PBI,FL,ASO,ES,Combined TRACON& Tower with Radar,152,54,118,1,325,0,0,151,0,151,152,54,269,1,476,12,0,12,488
06/15/2005,PBI,FL,ASO,ES,Combined TRACON& Tower with Radar,154,87,106,2,349,0,0,128,1,129,154,87,234,3,478,65,0,65,543
06/16/2005,PBI,FL,ASO,ES,Combined TRACON& Tower with Radar,142,83,107,8,340,0,1,168,2,171,142,84,275,10,511,21,0,21,532
06/17/2005,PBI,FL,ASO,ES,Combined TRACON& Tower with Radar,174,96,162,14,446,0,2,172,0,174,174,98,334,14,620,22,0,22,642
06/18/2005,PBI,FL,ASO,ES,Combined TRACON& Tower with Radar,155,57,119,0,331,0,0,133,0,133,155,57,252,0,464,0,0,0,464
06/19/2005,PBI,FL,ASO,ES,Combined TRACON& Tower with Radar,134,80,83,2,299,1,0,107,0,108,135,80,190,2,407,2,0,2,409
06/20/2005,PBI,FL,ASO,ES,Combined TRACON& Tower with Radar,155,79,114,4,352,0,0,49,1,50,155,79,163,5,402,0,0,0,402
06/21/2005,PBI,FL,ASO,ES,Combined TRACON& Tower with Radar,159,55,115,0,329,0,0,107,0,107,159,55,222,0,436,10,0,10,446
06/22/2005,PBI,FL,ASO,ES,Combined TRACON& Tower with Radar,174,52,98,0,324,0,1,56,0,57,174,53,154,0,381,0,0,0,381
06/23/2005,PBI,FL,ASO,ES,Combined TRACON& Tower with Radar,154,78,117,0,349,0,0,86,0,86,154,78,203,0,435,15,0,15,450
06/24/2005,PBI,FL,ASO,ES,Combined TRACON& Tower with Radar,154,82,123,3,362,0,4,95,0,99,154,86,218,3,461,6,0,6,467
06/25/2005,PBI,FL,ASO,ES,Combined TRACON& Tower with Radar,125,43,77,9,254,0,0,81,0,81,125,43,158,9,335,6,0,6,341
06/26/2005,PBI,FL,ASO,ES,Combined TRACON& Tower with Radar,135,81,116,3,335,7,2,91,0,100,142,83,207,3,435,1,0,1,436
06/27/2005,PBI,FL,ASO,ES,Combined TRACON& Tower with Radar,143,72,100,0,315,0,2,106,0,108,143,74,206,0,423,2,0,2,425
06/28/2005,PBI,FL,ASO,ES,Combined TRACON& Tower with Radar,158,76,72,0,306,0,0,88,0,88,158,76,160,0,394,5,0,5,399
06/29/2005,PBI,FL,ASO,ES,Combined TRACON& Tower with Radar,149,65,103,1,318,0,0,98,0,98,149,65,201,1,416,13,0,13,429
06/30/2005,PBI,FL,ASO,ES,Combined TRACON& Tower with Radar,155,77,145,0,377,0,0,138,0,138,155,77,283,0,515,14,0,14,529
07/01/2005,PBI,FL,ASO,ES,Combined TRACON& Tower with Radar,168,87,154,0,409,8,1,191,0,200,176,88,345,0,609,9,0,9,618
07/02/2005,PBI,FL,ASO,ES,Combined TRACON& Tower with Radar,160,61,130,2,353,0,1,131,0,132,160,62,261,2,485,6,0,6,491
07/03/2005,PBI,FL,ASO,ES,Combined TRACON& Tower with Radar,119,55,61,2,237,0,0,59,0,59,119,55,120,2,296,2,0,2,298
07/04/2005,PBI,FL,ASO,ES,Combined TRACON& Tower with Radar,130,77,69,1,277,0,1,96,0,97,130,78,165,1,374,0,0,0,374
07/05/2005,PBI,FL,ASO,ES,Combined TRACON& Tower with Radar,143,73,124,4,344,0,0,112,0,112,143,73,236,4,456,0,0,0,456
07/06/2005,PBI,FL,ASO,ES,Combined TRACON& Tower with Radar,163,67,108,0,338,0,1,131,1,133,163,68,239,1,471,16,0,16,487
07/07/2005,PBI,FL,ASO,ES,Combined TRACON& Tower with Radar,143,56,84,0,283,0,1,202,0,203,143,57,286,0,486,36,0,36,522
07/08/2005,PBI,FL,ASO,ES,Combined TRACON& Tower with Radar,158,72,118,0,348,0,0,114,0,114,158,72,232,0,462,27,0,27,489
07/09/2005,PBI,FL,ASO,ES,Combined TRACON& Tower with Radar,135,34,34,0,203,0,2,6,0,8,135,36,40,0,211,0,0,0,211
07/10/2005,PBI,FL,ASO,ES,Combined TRACON& Tower with Radar,127,86,83,1,297,0,0,67,0,67,127,86,150,1,364,12,0,12,376
07/11/2005,PBI,FL,ASO,ES,Combined TRACON& Tower with Radar,150,79,101,2,332,1,3,115,0,119,151,82,216,2,451,15,0,15,466
07/12/2005,PBI,FL,ASO,ES,Combined TRACON& Tower with Radar,139,56,87,0,282,0,1,125,0,126,139,57,212,0,408,11,0,11,419
07/13/2005,PBI,FL,ASO,ES,Combined TRACON& Tower with Radar,151,78,107,3,339,0,0,162,0,162,151,78,269,3,501,19,0,19,520
07/14/2005,PBI,FL,ASO,ES,Combined TRACON& Tower with Radar,136,60,106,6,308,0,3,113,0,116,136,63,219,6,424,4,0,4,428
07/15/2005,PBI,FL,ASO,ES,Combined TRACON& Tower with Radar,139,78,84,0,301,0,0,0,0,0,139,78,84,0,301,4,0,4,305
07/16/2005,PBI,FL,ASO,ES,Combined TRACON& Tower with Radar,143,57,75,4,279,0,0,111,0,111,143,57,186,4,390,0,0,0,390
07/17/2005,PBI,FL,ASO,ES,Combined TRACON& Tower with Radar,154,72,94,0,320,0,2,147,0,149,154,74,241,0,469,12,0,12,481
07/18/2005,PBI,FL,ASO,ES,Combined TRACON& Tower with Radar,138,69,99,2,308,2,0,132,0,134,140,69,231,2,442,16,0,16,458
07/19/2005,PBI,FL,ASO,ES,Combined TRACON& Tower with Radar,159,63,87,1,310,0,0,149,0,149,159,63,236,1,459,4,0,4,463
07/20/2005,PBI,FL,ASO,ES,Combined TRACON& Tower with Radar,147,89,101,3,340,0,0,117,0,117,147,89,218,3,457,11,0,11,468
07/21/2005,PBI,FL,ASO,ES,Combined TRACON& Tower with Radar,140,55,100,3,298,0,1,108,0,109,140,56,208,3,407,15,0,15,422
07/22/2005,PBI,FL,ASO,ES,Combined TRACON& Tower with Radar,148,55,83,1,287,0,0,109,0,109,148,55,192,1,396,10,0,10,406
07/23/2005,PBI,FL,ASO,ES,Combined TRACON& Tower with Radar,151,45,99,1,296,7,1,132,0,140,158,46,231,1,436,2,0,2,438
07/24/2005,PBI,FL,ASO,ES,Combined TRACON& Tower with Radar,128,71,90,1,290,0,0,88,0,88,128,71,178,1,378,10,0,10,388
07/25/2005,PBI,FL,ASO,ES,Combined TRACON& Tower with Radar,142,66,94,2,304,0,0,142,0,142,142,66,236,2,446,14,0,14,460
07/26/2005,PBI,FL,ASO,ES,Combined TRACON& Tower with Radar,155,60,83,0,298,0,0,85,0,85,155,60,168,0,383,7,0,7,390
07/27/2005,PBI,FL,ASO,ES,Combined TRACON& Tower with Radar,145,61,101,0,307,0,0,97,0,97,145,61,198,0,404,14,0,14,418
07/28/2005,PBI,FL,ASO,ES,Combined TRACON& Tower with Radar,143,71,123,3,340,0,0,134,0,134,143,71,257,3,474,23,0,23,497
07/29/2005,PBI,FL,ASO,ES,Combined TRACON& Tower with Radar,147,61,103,2,313,0,1,133,0,134,147,62,236,2,447,14,0,14,461
07/30/2005,PBI,FL,ASO,ES,Combined TRACON& Tower with Radar,134,52,66,1,253,0,0,71,0,71,134,52,137,1,324,2,0,2,326
07/31/2005,PBI,FL,ASO,ES,Combined TRACON& Tower with Radar,134,67,105,0,306,0,0,131,0,131,134,67,236,0,437,2,0,2,439
08/01/2005,PBI,FL,ASO,ES,Combined TRACON& Tower with Radar,154,71,109,6,340,0,2,87,0,89,154,73,196,6,429,18,0,18,447
08/02/2005,PBI,FL,ASO,ES,Combined TRACON& Tower with Radar,153,69,91,0,313,0,1,51,0,52,153,70,142,0,365,0,0,0,365
08/03/2005,PBI,FL,ASO,ES,Combined TRACON& Tower with Radar,122,88,100,10,320,0,2,103,0,105,122,90,203,10,425,0,0,0,425
08/04/2005,PBI,FL,ASO,ES,Combined TRACON& Tower with Radar,149,70,111,1,331,0,0,121,0,121,149,70,232,1,452,28,0,28,480
08/05/2005,PBI,FL,ASO,ES,Combined TRACON& Tower with Radar,187,72,119,2,380,0,0,114,0,114,187,72,233,2,494,0,0,0,494
08/06/2005,PBI,FL,ASO,ES,Combined TRACON& Tower with Radar,149,59,74,1,283,0,0,0,0,0,149,59,74,1,283,2,0,2,285
08/07/2005,PBI,FL,ASO,ES,Combined TRACON& Tower with Radar,137,70,123,0,330,0,1,162,0,163,137,71,285,0,493,19,0,19,512
08/08/2005,PBI,FL,ASO,ES,Combined TRACON& Tower with Radar,145,69,116,4,334,0,2,150,0,152,145,71,266,4,486,5,0,5,491
08/09/2005,PBI,FL,ASO,ES,Combined TRACON& Tower with Radar,142,60,74,6,282,0,0,85,0,85,142,60,159,6,367,32,2,34,401
08/10/2005,PBI,FL,ASO,ES,Combined TRACON& Tower with Radar,147,75,101,0,323,0,0,99,0,99,147,75,200,0,422,8,0,8,430
08/11/2005,PBI,FL,ASO,ES,Combined TRACON& Tower with Radar,159,51,111,2,323,0,0,122,0,122,159,51,233,2,445,30,0,30,475
08/12/2005,PBI,FL,ASO,ES,Combined TRACON& Tower with Radar,183,88,92,0,363,0,0,119,0,119,183,88,211,0,482,5,1,6,488
08/13/2005,PBI,FL,ASO,ES,Combined TRACON& Tower with Radar,153,68,77,6,304,0,2,112,0,114,153,70,189,6,418,12,0,12,430
08/14/2005,PBI,FL,ASO,ES,Combined TRACON& Tower with Radar,123,76,98,0,297,0,0,124,2,126,123,76,222,2,423,11,8,19,442
08/15/2005,PBI,FL,ASO,ES,Combined TRACON& Tower with Radar,151,75,80,4,310,0,2,106,1,109,151,77,186,5,419,11,0,11,430
08/16/2005,PBI,FL,ASO,ES,Combined TRACON& Tower with Radar,148,58,78,6,290,0,0,106,0,106,148,58,184,6,396,4,0,4,400
08/17/2005,PBI,FL,ASO,ES,Combined TRACON& Tower with Radar,171,58,84,3,316,0,0,111,0,111,171,58,195,3,427,6,0,6,433
08/18/2005,PBI,FL,ASO,ES,Combined TRACON& Tower with Radar,136,56,98,5,295,0,0,114,1,115,136,56,212,6,410,0,0,0,410
08/19/2005,PBI,FL,ASO,ES,Combined TRACON& Tower with Radar,151,65,97,2,315,0,0,103,0,103,151,65,200,2,418,16,0,16,434
08/20/2005,PBI,FL,ASO,ES,Combined TRACON& Tower with Radar,141,44,64,0,249,0,0,78,0,78,141,44,142,0,327,2,0,2,329
08/21/2005,PBI,FL,ASO,ES,Combined TRACON& Tower with Radar,134,78,83,0,295,0,0,134,0,134,134,78,217,0,429,14,0,14,443
08/22/2005,PBI,FL,ASO,ES,Combined TRACON& Tower with Radar,136,76,84,1,297,0,0,75,0,75,136,76,159,1,372,0,0,0,372
08/23/2005,PBI,FL,ASO,ES,Combined TRACON& Tower with Radar,138,62,58,4,262,0,0,77,0,77,138,62,135,4,339,18,0,18,357
08/24/2005,PBI,FL,ASO,ES,Combined TRACON& Tower with Radar,160,52,91,1,304,0,1,106,0,107,160,53,197,1,411,10,0,10,421
08/25/2005,PBI,FL,ASO,ES,Combined TRACON& Tower with Radar,93,45,72,1,211,0,0,4,0,4,93,45,76,1,215,0,0,0,215
08/26/2005,PBI,FL,ASO,ES,Combined TRACON& Tower with Radar,125,35,48,0,208,0,0,38,0,38,125,35,86,0,246,0,0,0,246
08/27/2005,PBI,FL,ASO,ES,Combined TRACON& Tower with Radar,134,55,85,0,274,0,0,49,0,49,134,55,134,0,323,2,0,2,325
08/28/2005,PBI,FL,ASO,ES,Combined TRACON& Tower with Radar,148,65,89,2,304,0,2,77,1,80,148,67,166,3,384,16,0,16,400
08/29/2005,PBI,FL,ASO,ES,Combined TRACON& Tower with Radar,136,67,72,0,275,0,1,107,0,108,136,68,179,0,383,20,0,20,403
08/30/2005,PBI,FL,ASO,ES,Combined TRACON& Tower with Radar,142,53,75,1,271,0,0,73,0,73,142,53,148,1,344,10,0,10,354
08/31/2005,PBI,FL,ASO,ES,Combined TRACON& Tower with Radar,147,47,78,0,272,0,0,109,0,109,147,47,187,0,381,12,0,12,393
09/01/2005,PBI,FL,ASO,ES,Combined TRACON& Tower with Radar,144,52,138,0,334,0,1,97,0,98,144,53,235,0,432,33,0,33,465
09/02/2005,PBI,FL,ASO,ES,Combined TRACON& Tower with Radar,147,83,142,0,372,0,0,129,0,129,147,83,271,0,501,23,0,23,524
09/03/2005,PBI,FL,ASO,ES,Combined TRACON& Tower with Radar,124,47,47,0,218,0,0,67,0,67,124,47,114,0,285,17,0,17,302
09/04/2005,PBI,FL,ASO,ES,Combined TRACON& Tower with Radar,127,45,64,0,236,0,0,28,0,28,127,45,92,0,264,2,0,2,266
09/05/2005,PBI,FL,ASO,ES,Combined TRACON& Tower with Radar,119,88,129,3,339,0,1,76,0,77,119,89,205,3,416,8,0,8,424
09/06/2005,PBI,FL,ASO,ES,Combined TRACON& Tower with Radar,129,56,110,2,297,0,0,67,0,67,129,56,177,2,364,4,0,4,368
09/07/2005,PBI,FL,ASO,ES,Combined TRACON& Tower with Radar,123,65,62,0,250,0,3,80,0,83,123,68,142,0,333,17,0,17,350
09/08/2005,PBI,FL,ASO,ES,Combined TRACON& Tower with Radar,134,59,114,3,310,0,0,63,0,63,134,59,177,3,373,24,0,24,397
09/09/2005,PBI,FL,ASO,ES,Combined TRACON& Tower with Radar,134,52,116,2,304,0,0,100,0,100,134,52,216,2,404,33,0,33,437
09/10/2005,PBI,FL,ASO,ES,Combined TRACON& Tower with Radar,133,48,62,0,243,0,0,79,0,79,133,48,141,0,322,10,0,10,332
09/11/2005,PBI,FL,ASO,ES,Combined TRACON& Tower with Radar,112,70,71,0,253,0,0,101,0,101,112,70,172,0,354,20,0,20,374
09/12/2005,PBI,FL,ASO,ES,Combined TRACON& Tower with Radar,125,46,66,3,240,0,0,122,0,122,125,46,188,3,362,10,0,10,372
09/13/2005,PBI,FL,ASO,ES,Combined TRACON& Tower with Radar,126,56,77,0,259,0,0,148,0,148,126,56,225,0,407,18,0,18,425
09/14/2005,PBI,FL,ASO,ES,Combined TRACON& Tower with Radar,141,62,100,0,303,1,0,110,0,111,142,62,210,0,414,12,0,12,426
09/15/2005,PBI,FL,ASO,ES,Combined TRACON& Tower with Radar,134,58,118,6,316,0,0,125,0,125,134,58,243,6,441,30,0,30,471
09/16/2005,PBI,FL,ASO,ES,Combined TRACON& Tower with Radar,138,61,118,5,322,0,0,107,0,107,138,61,225,5,429,24,0,24,453
09/17/2005,PBI,FL,ASO,ES,Combined TRACON& Tower with Radar,127,55,51,3,236,0,0,82,0,82,127,55,133,3,318,35,0,35,353
09/18/2005,PBI,FL,ASO,ES,Combined TRACON& Tower with Radar,122,71,91,3,287,0,0,72,0,72,122,71,163,3,359,10,0,10,369
09/19/2005,PBI,FL,ASO,ES,Combined TRACON& Tower with Radar,118,59,68,1,246,0,1,85,0,86,118,60,153,1,332,7,0,7,339
09/20/2005,PBI,FL,ASO,ES,Combined TRACON& Tower with Radar,126,46,51,1,224,0,0,14,0,14,126,46,65,1,238,0,0,0,238
09/21/2005,PBI,FL,ASO,ES,Combined TRACON& Tower with Radar,131,55,78,0,264,0,1,57,0,58,131,56,135,0,322,3,0,3,325
09/22/2005,PBI,FL,ASO,ES,Combined TRACON& Tower with Radar,149,62,122,1,334,0,1,78,0,79,149,63,200,1,413,6,6,12,425
09/23/2005,PBI,FL,ASO,ES,Combined TRACON& Tower with Radar,138,74,133,1,346,0,0,118,0,118,138,74,251,1,464,6,0,6,470
09/24/2005,PBI,FL,ASO,ES,Combined TRACON& Tower with Radar,136,47,71,0,254,0,0,108,0,108,136,47,179,0,362,10,0,10,372
09/25/2005,PBI,FL,ASO,ES,Combined TRACON& Tower with Radar,114,61,74,0,249,0,0,86,0,86,114,61,160,0,335,10,0,10,345
09/26/2005,PBI,FL,ASO,ES,Combined TRACON& Tower with Radar,120,46,96,4,266,0,0,86,0,86,120,46,182,4,352,8,0,8,360
09/27/2005,PBI,FL,ASO,ES,Combined TRACON& Tower with Radar,131,57,75,0,263,0,1,67,0,68,131,58,142,0,331,14,0,14,345
09/28/2005,PBI,FL,ASO,ES,Combined TRACON& Tower with Radar,141,44,57,0,242,0,1,63,0,64,141,45,120,0,306,16,0,16,322
09/29/2005,PBI,FL,ASO,ES,Combined TRACON& Tower with Radar,148,57,139,6,350,5,0,119,0,124,153,57,258,6,474,34,0,34,508
09/30/2005,PBI,FL,ASO,ES,Combined TRACON& Tower with Radar,146,61,101,1,309,0,0,93,0,93,146,61,194,1,402,2,0,2,404
10/01/2005,PBI,FL,ASO,ES,Combined TRACON& Tower with Radar,153,65,62,0,280,0,0,63,0,63,153,65,125,0,343,2,0,2,345
10/02/2005,PBI,FL,ASO,ES,Combined TRACON& Tower with Radar,126,65,81,0,272,0,0,67,1,68,126,65,148,1,340,2,0,2,342
10/03/2005,PBI,FL,ASO,ES,Combined TRACON& Tower with Radar,133,56,104,0,293,0,0,85,0,85,133,56,189,0,378,12,0,12,390
10/04/2005,PBI,FL,ASO,ES,Combined TRACON& Tower with Radar,160,62,90,1,313,0,0,58,0,58,160,62,148,1,371,8,0,8,379
10/05/2005,PBI,FL,ASO,ES,Combined TRACON& Tower with Radar,140,63,84,0,287,0,0,42,0,42,140,63,126,0,329,5,0,5,334
10/06/2005,PBI,FL,ASO,ES,Combined TRACON& Tower with Radar,150,74,111,0,335,0,4,39,0,43,150,78,150,0,378,7,0,7,385
10/07/2005,PBI,FL,ASO,ES,Combined TRACON& Tower with Radar,151,72,108,0,331,0,0,61,0,61,151,72,169,0,392,5,0,5,397
10/08/2005,PBI,FL,ASO,ES,Combined TRACON& Tower with Radar,141,56,61,0,258,0,0,84,0,84,141,56,145,0,342,17,0,17,359
10/09/2005,PBI,FL,ASO,ES,Combined TRACON& Tower with Radar,140,70,82,1,293,0,0,71,0,71,140,70,153,1,364,6,0,6,370
10/10/2005,PBI,FL,ASO,ES,Combined TRACON& Tower with Radar,131,63,119,2,315,0,0,111,0,111,131,63,230,2,426,10,0,10,436
10/11/2005,PBI,FL,ASO,ES,Combined TRACON& Tower with Radar,151,63,88,1,303,0,1,114,0,115,151,64,202,1,418,12,0,12,430
10/12/2005,PBI,FL,ASO,ES,Combined TRACON& Tower with Radar,149,78,109,0,336,0,712,1661,0,2373,149,790,1770,0,2709,0,0,0,2709
10/13/2005,PBI,FL,ASO,ES,Combined TRACON& Tower with Radar,115,60,100,1,276,0,0,73,0,73,115,60,173,1,349,10,0,10,359
10/14/2005,PBI,FL,ASO,ES,Combined TRACON& Tower with Radar,160,84,138,1,383,0,3,106,0,109,160,87,244,1,492,53,0,53,545
10/15/2005,PBI,FL,ASO,ES,Combined TRACON& Tower with Radar,141,80,109,0,330,0,0,67,0,67,141,80,176,0,397,7,10,17,414
10/16/2005,PBI,FL,ASO,ES,Combined TRACON& Tower with Radar,152,102,111,0,365,0,1,114,0,115,152,103,225,0,480,13,0,13,493
10/17/2005,PBI,FL,ASO,ES,Combined TRACON& Tower with Radar,152,82,219,2,455,0,0,0,0,0,152,82,219,2,455,30,0,30,485
10/18/2005,PBI,FL,ASO,ES,Combined TRACON& Tower with Radar,138,77,128,0,343,0,0,117,0,117,138,77,245,0,460,8,0,8,468
10/19/2005,PBI,FL,ASO,ES,Combined TRACON& Tower with Radar,152,89,104,0,345,0,0,90,0,90,152,89,194,0,435,7,0,7,442
10/20/2005,PBI,FL,ASO,ES,Combined TRACON& Tower with Radar,142,95,181,0,418,0,0,86,0,86,142,95,267,0,504,2,0,2,506
10/21/2005,PBI,FL,ASO,ES,Combined TRACON& Tower with Radar,159,88,81,2,330,0,0,60,0,60,159,88,141,2,390,0,0,0,390
10/22/2005,PBI,FL,ASO,ES,Combined TRACON& Tower with Radar,149,52,44,1,246,0,0,28,0,28,149,52,72,1,274,0,0,0,274
10/23/2005,PBI,FL,ASO,ES,Combined TRACON& Tower with Radar,131,70,57,2,260,0,0,25,0,25,131,70,82,2,285,0,0,0,285
10/24/2005,PBI,FL,ASO,ES,Combined TRACON& Tower with Radar,0,0,0,0,0,0,0,0,0,0,0,0,0,0,0,0,0,0,0
10/25/2005,PBI,FL,ASO,ES,Combined TRACON& Tower with Radar,7,14,59,23,103,0,0,17,2,19,7,14,76,25,122,0,0,0,122
10/26/2005,PBI,FL,ASO,ES,Combined TRACON& Tower with Radar,98,85,95,0,278,0,0,77,0,77,98,85,172,0,355,2,53,55,410
10/27/2005,PBI,FL,ASO,ES,Combined TRACON& Tower with Radar,159,61,86,8,314,0,0,90,3,93,159,61,176,11,407,0,0,0,407
10/28/2005,PBI,FL,ASO,ES,Combined TRACON& Tower with Radar,146,49,96,3,294,0,0,91,0,91,146,49,187,3,385,22,30,52,437
10/29/2005,PBI,FL,ASO,ES,Combined TRACON& Tower with Radar,148,48,61,3,260,0,0,53,0,53,148,48,114,3,313,0,0,0,313
10/30/2005,PBI,FL,ASO,ES,Combined TRACON& Tower with Radar,132,73,77,0,282,0,0,40,0,40,132,73,117,0,322,0,0,0,322
10/31/2005,PBI,FL,ASO,ES,Combined TRACON& Tower with Radar,142,61,72,0,275,0,0,48,1,49,142,61,120,1,324,0,0,0,324
11/01/2005,PBI,FL,ASO,ES,Combined TRACON& Tower with Radar,171,65,96,0,332,0,1,25,0,26,171,66,121,0,358,0,0,0,358
11/02/2005,PBI,FL,ASO,ES,Combined TRACON& Tower with Radar,151,62,105,2,320,0,0,84,0,84,151,62,189,2,404,14,0,14,418
11/03/2005,PBI,FL,ASO,ES,Combined TRACON& Tower with Radar,154,104,113,7,378,0,1,87,0,88,154,105,200,7,466,10,0,10,476
11/04/2005,PBI,FL,ASO,ES,Combined TRACON& Tower with Radar,160,88,126,2,376,0,0,113,0,113,160,88,239,2,489,6,0,6,495
11/05/2005,PBI,FL,ASO,ES,Combined TRACON& Tower with Radar,168,81,109,0,358,0,1,110,2,113,168,82,219,2,471,8,0,8,479
11/06/2005,PBI,FL,ASO,ES,Combined TRACON& Tower with Radar,142,106,156,0,404,0,0,107,1,108,142,106,263,1,512,9,0,9,521
11/07/2005,PBI,FL,ASO,ES,Combined TRACON& Tower with Radar,157,88,125,7,377,0,0,110,0,110,157,88,235,7,487,0,0,0,487
11/08/2005,PBI,FL,ASO,ES,Combined TRACON& Tower with Radar,171,88,125,7,391,0,1,117,0,118,171,89,242,7,509,2,7,9,518
11/09/2005,PBI,FL,ASO,ES,Combined TRACON& Tower with Radar,175,106,153,0,434,0,2,114,0,116,175,108,267,0,550,4,0,4,554
11/10/2005,PBI,FL,ASO,ES,Combined TRACON& Tower with Radar,183,119,187,1,490,0,1,105,1,107,183,120,292,2,597,8,0,8,605
11/11/2005,PBI,FL,ASO,ES,Combined TRACON& Tower with Radar,170,138,186,4,498,0,0,154,0,154,170,138,340,4,652,14,0,14,666
11/12/2005,PBI,FL,ASO,ES,Combined TRACON& Tower with Radar,168,105,106,0,379,0,0,100,0,100,168,105,206,0,479,5,0,5,484
11/13/2005,PBI,FL,ASO,ES,Combined TRACON& Tower with Radar,168,135,178,4,485,0,0,121,0,121,168,135,299,4,606,7,3,10,616
11/14/2005,PBI,FL,ASO,ES,Combined TRACON& Tower with Radar,170,83,149,11,413,0,0,57,0,57,170,83,206,11,470,12,0,12,482
11/15/2005,PBI,FL,ASO,ES,Combined TRACON& Tower with Radar,172,82,111,2,367,0,1,126,0,127,172,83,237,2,494,14,0,14,508
11/16/2005,PBI,FL,ASO,ES,Combined TRACON& Tower with Radar,161,117,150,3,431,0,0,104,0,104,161,117,254,3,535,0,0,0,535
11/17/2005,PBI,FL,ASO,ES,Combined TRACON& Tower with Radar,193,112,181,4,490,0,0,110,0,110,193,112,291,4,600,34,0,34,634
11/18/2005,PBI,FL,ASO,ES,Combined TRACON& Tower with Radar,192,138,216,2,548,0,0,91,4,95,192,138,307,6,643,8,0,8,651
11/19/2005,PBI,FL,ASO,ES,Combined TRACON& Tower with Radar,199,144,171,1,515,0,0,58,0,58,199,144,229,1,573,4,0,4,577
11/20/2005,PBI,FL,ASO,ES,Combined TRACON& Tower with Radar,182,145,211,0,538,0,0,83,0,83,182,145,294,0,621,23,0,23,644
11/21/2005,PBI,FL,ASO,ES,Combined TRACON& Tower with Radar,178,90,136,1,405,0,0,83,0,83,178,90,219,1,488,12,0,12,500
11/22/2005,PBI,FL,ASO,ES,Combined TRACON& Tower with Radar,192,133,209,2,536,0,1,146,0,147,192,134,355,2,683,41,0,41,724
11/23/2005,PBI,FL,ASO,ES,Combined TRACON& Tower with Radar,192,142,248,1,583,3,0,132,0,135,195,142,380,1,718,1,0,1,719
11/24/2005,PBI,FL,ASO,ES,Combined TRACON& Tower with Radar,151,85,78,0,314,0,0,87,0,87,151,85,165,0,401,14,0,14,415
11/25/2005,PBI,FL,ASO,ES,Combined TRACON& Tower with Radar,160,126,115,2,403,0,1,105,0,106,160,127,220,2,509,9,0,9,518
11/26/2005,PBI,FL,ASO,ES,Combined TRACON& Tower with Radar,195,151,136,3,485,0,0,109,0,109,195,151,245,3,594,0,0,0,594
11/27/2005,PBI,FL,ASO,ES,Combined TRACON& Tower with Radar,181,207,290,1,679,0,5,171,0,176,181,212,461,1,855,1,0,1,856
11/28/2005,PBI,FL,ASO,ES,Combined TRACON& Tower with Radar,186,118,161,6,471,0,2,98,0,100,186,120,259,6,571,12,0,12,583
11/29/2005,PBI,FL,ASO,ES,Combined TRACON& Tower with Radar,177,100,141,0,418,0,0,59,0,59,177,100,200,0,477,8,0,8,485
11/30/2005,PBI,FL,ASO,ES,Combined TRACON& Tower with Radar,181,126,204,0,511,0,0,91,1,92,181,126,295,1,603,12,0,12,615
12/01/2005,PBI,FL,ASO,ES,Combined TRACON& Tower with Radar,190,144,181,4,519,0,0,176,0,176,190,144,357,4,695,14,0,14,709
12/02/2005,PBI,FL,ASO,ES,Combined TRACON& Tower with Radar,179,151,151,2,483,0,0,150,0,150,179,151,301,2,633,33,0,33,666
12/03/2005,PBI,FL,ASO,ES,Combined TRACON& Tower with Radar,166,100,90,0,356,0,0,101,0,101,166,100,191,0,457,21,0,21,478
12/04/2005,PBI,FL,ASO,ES,Combined TRACON& Tower with Radar,148,112,164,0,424,0,0,98,0,98,148,112,262,0,522,12,13,25,547
12/05/2005,PBI,FL,ASO,ES,Combined TRACON& Tower with Radar,184,112,130,4,430,0,0,99,0,99,184,112,229,4,529,18,0,18,547
12/06/2005,PBI,FL,ASO,ES,Combined TRACON& Tower with Radar,158,96,130,1,385,0,0,43,0,43,158,96,173,1,428,11,0,11,439
12/07/2005,PBI,FL,ASO,ES,Combined TRACON& Tower with Radar,164,105,164,0,433,0,0,81,0,81,164,105,245,0,514,14,0,14,528
12/08/2005,PBI,FL,ASO,ES,Combined TRACON& Tower with Radar,163,103,177,2,445,0,0,44,0,44,163,103,221,2,489,0,0,0,489
12/09/2005,PBI,FL,ASO,ES,Combined TRACON& Tower with Radar,170,103,141,5,419,0,0,128,3,131,170,103,269,8,550,8,0,8,558
12/10/2005,PBI,FL,ASO,ES,Combined TRACON& Tower with Radar,150,84,118,2,354,0,0,70,0,70,150,84,188,2,424,19,0,19,443
12/11/2005,PBI,FL,ASO,ES,Combined TRACON& Tower with Radar,148,116,152,1,417,0,0,82,0,82,148,116,234,1,499,0,0,0,499
12/12/2005,PBI,FL,ASO,ES,Combined TRACON& Tower with Radar,164,97,146,5,412,0,88,36,0,124,164,185,182,5,536,2,4,6,542
12/13/2005,PBI,FL,ASO,ES,Combined TRACON& Tower with Radar,150,89,163,3,405,0,0,115,0,115,150,89,278,3,520,3,0,3,523
12/14/2005,PBI,FL,ASO,ES,Combined TRACON& Tower with Radar,153,91,126,2,372,0,1,110,0,111,153,92,236,2,483,2,0,2,485
12/15/2005,PBI,FL,ASO,ES,Combined TRACON& Tower with Radar,171,107,159,0,437,0,0,84,0,84,171,107,243,0,521,4,0,4,525
12/16/2005,PBI,FL,ASO,ES,Combined TRACON& Tower with Radar,201,143,219,2,565,0,2,105,0,107,201,145,324,2,672,6,0,6,678
12/17/2005,PBI,FL,ASO,ES,Combined TRACON& Tower with Radar,192,126,177,0,495,0,0,91,0,91,192,126,268,0,586,0,0,0,586
12/18/2005,PBI,FL,ASO,ES,Combined TRACON& Tower with Radar,190,125,178,2,495,0,0,73,0,73,190,125,251,2,568,4,0,4,572
12/19/2005,PBI,FL,ASO,ES,Combined TRACON& Tower with Radar,0,0,0,0,0,196,121,147,2,466,196,121,147,2,466,0,0,0,466
12/20/2005,PBI,FL,ASO,ES,Combined TRACON& Tower with Radar,191,95,169,1,456,0,0,39,0,39,191,95,208,1,495,6,0,6,501
12/21/2005,PBI,FL,ASO,ES,Combined TRACON& Tower with Radar,212,121,153,6,492,0,0,107,0,107,212,121,260,6,599,77,20,97,696
12/22/2005,PBI,FL,ASO,ES,Combined TRACON& Tower with Radar,211,124,168,0,503,0,1,104,0,105,211,125,272,0,608,14,0,14,622
12/23/2005,PBI,FL,ASO,ES,Combined TRACON& Tower with Radar,210,142,184,3,539,0,0,95,0,95,210,142,279,3,634,5,0,5,639
12/24/2005,PBI,FL,ASO,ES,Combined TRACON& Tower with Radar,182,101,80,1,364,0,1,39,0,40,182,102,119,1,404,2,0,2,406
12/25/2005,PBI,FL,ASO,ES,Combined TRACON& Tower with Radar,175,114,64,0,353,0,1,31,0,32,175,115,95,0,385,0,0,0,385
12/26/2005,PBI,FL,ASO,ES,Combined TRACON& Tower with Radar,192,206,281,0,679,0,3,166,0,169,192,209,447,0,848,4,0,4,852
12/27/2005,PBI,FL,ASO,ES,Combined TRACON& Tower with Radar,223,180,300,0,703,0,0,157,0,157,223,180,457,0,860,8,0,8,868
12/28/2005,PBI,FL,ASO,ES,Combined TRACON& Tower with Radar,209,132,197,2,540,0,0,144,0,144,209,132,341,2,684,4,0,4,688
12/29/2005,PBI,FL,ASO,ES,Combined TRACON& Tower with Radar,194,119,107,3,423,0,0,97,0,97,194,119,204,3,520,7,0,7,527
12/30/2005,PBI,FL,ASO,ES,Combined TRACON& Tower with Radar,208,129,179,1,517,0,0,152,0,152,208,129,331,1,669,2,0,2,671
12/31/2005,PBI,FL,ASO,ES,Combined TRACON& Tower with Radar,200,122,139,2,463,0,0,104,0,104,200,122,243,2,567,1,0,1,568
01/01/2006,PBI,FL,ASO,ES,Combined TRACON& Tower with Radar,185,197,220,0,602,0,0,84,0,84,185,197,304,0,686,0,0,0,686
01/02/2006,PBI,FL,ASO,ES,Combined TRACON& Tower with Radar,190,233,319,2,744,0,0,181,0,181,190,233,500,2,925,2,0,2,927
01/03/2006,PBI,FL,ASO,ES,Combined TRACON& Tower with Radar,182,156,238,2,578,0,0,102,0,102,182,156,340,2,680,0,0,0,680
01/04/2006,PBI,FL,ASO,ES,Combined TRACON& Tower with Radar,204,119,145,0,468,0,0,121,0,121,204,119,266,0,589,14,0,14,603
01/05/2006,PBI,FL,ASO,ES,Combined TRACON& Tower with Radar,183,103,171,3,460,0,0,103,0,103,183,103,274,3,563,20,0,20,583
01/06/2006,PBI,FL,ASO,ES,Combined TRACON& Tower with Radar,197,131,181,5,514,0,1,83,0,84,197,132,264,5,598,0,0,0,598
01/07/2006,PBI,FL,ASO,ES,Combined TRACON& Tower with Radar,147,99,128,3,377,0,0,78,0,78,147,99,206,3,455,8,0,8,463
01/08/2006,PBI,FL,ASO,ES,Combined TRACON& Tower with Radar,178,154,207,1,540,0,1,123,0,124,178,155,330,1,664,4,0,4,668
01/09/2006,PBI,FL,ASO,ES,Combined TRACON& Tower with Radar,175,93,122,2,392,0,0,77,0,77,175,93,199,2,469,3,0,3,472
01/10/2006,PBI,FL,ASO,ES,Combined TRACON& Tower with Radar,190,121,163,0,474,0,0,87,0,87,190,121,250,0,561,7,0,7,568
01/11/2006,PBI,FL,ASO,ES,Combined TRACON& Tower with Radar,169,102,134,5,410,1,0,111,0,112,170,102,245,5,522,9,0,9,531
01/12/2006,PBI,FL,ASO,ES,Combined TRACON& Tower with Radar,191,135,168,6,500,0,0,101,0,101,191,135,269,6,601,8,3,11,612
01/13/2006,PBI,FL,ASO,ES,Combined TRACON& Tower with Radar,168,190,252,5,615,0,0,167,0,167,168,190,419,5,782,2,0,2,784
01/14/2006,PBI,FL,ASO,ES,Combined TRACON& Tower with Radar,184,128,113,1,426,0,1,83,0,84,184,129,196,1,510,2,0,2,512
01/15/2006,PBI,FL,ASO,ES,Combined TRACON& Tower with Radar,171,140,177,0,488,0,0,130,0,130,171,140,307,0,618,5,0,5,623
01/16/2006,PBI,FL,ASO,ES,Combined TRACON& Tower with Radar,186,180,241,1,608,0,2,112,0,114,186,182,353,1,722,3,0,3,725
01/17/2006,PBI,FL,ASO,ES,Combined TRACON& Tower with Radar,182,134,148,6,470,0,2,81,1,84,182,136,229,7,554,4,0,4,558
01/18/2006,PBI,FL,ASO,ES,Combined TRACON& Tower with Radar,168,112,181,1,462,0,0,92,0,92,168,112,273,1,554,0,0,0,554
01/19/2006,PBI,FL,ASO,ES,Combined TRACON& Tower with Radar,195,132,194,0,521,0,2,133,0,135,195,134,327,0,656,0,0,0,656
01/20/2006,PBI,FL,ASO,ES,Combined TRACON& Tower with Radar,213,162,285,3,663,0,0,126,0,126,213,162,411,3,789,10,0,10,799
01/21/2006,PBI,FL,ASO,ES,Combined TRACON& Tower with Radar,176,96,114,4,390,0,0,103,0,103,176,96,217,4,493,23,0,23,516
01/22/2006,PBI,FL,ASO,ES,Combined TRACON& Tower with Radar,179,163,229,6,577,0,1,100,0,101,179,164,329,6,678,5,0,5,683
01/23/2006,PBI,FL,ASO,ES,Combined TRACON& Tower with Radar,173,111,140,6,430,0,0,82,0,82,173,111,222,6,512,18,0,18,530
01/24/2006,PBI,FL,ASO,ES,Combined TRACON& Tower with Radar,177,92,150,3,422,0,0,125,0,125,177,92,275,3,547,10,0,10,557
01/25/2006,PBI,FL,ASO,ES,Combined TRACON& Tower with Radar,174,116,161,2,453,0,0,105,0,105,174,116,266,2,558,16,0,16,574
01/26/2006,PBI,FL,ASO,ES,Combined TRACON& Tower with Radar,187,164,223,5,579,0,1,127,0,128,187,165,350,5,707,4,0,4,711
01/27/2006,PBI,FL,ASO,ES,Combined TRACON& Tower with Radar,196,179,212,0,587,1,0,145,0,146,197,179,357,0,733,5,0,5,738
01/28/2006,PBI,FL,ASO,ES,Combined TRACON& Tower with Radar,179,86,124,8,397,0,0,103,0,103,179,86,227,8,500,18,0,18,518
01/29/2006,PBI,FL,ASO,ES,Combined TRACON& Tower with Radar,188,182,249,9,628,0,0,154,0,154,188,182,403,9,782,6,0,6,788
01/30/2006,PBI,FL,ASO,ES,Combined TRACON& Tower with Radar,172,134,204,0,510,0,0,83,0,83,172,134,287,0,593,8,0,8,601
01/31/2006,PBI,FL,ASO,ES,Combined TRACON& Tower with Radar,201,96,149,5,451,0,0,110,0,110,201,96,259,5,561,8,0,8,569
02/01/2006,PBI,FL,ASO,ES,Combined TRACON& Tower with Radar,190,112,166,3,471,0,1,93,0,94,190,113,259,3,565,16,0,16,581
02/02/2006,PBI,FL,ASO,ES,Combined TRACON& Tower with Radar,188,127,209,3,527,0,0,102,0,102,188,127,311,3,629,6,0,6,635
02/03/2006,PBI,FL,ASO,ES,Combined TRACON& Tower with Radar,195,135,234,5,569,0,0,37,0,37,195,135,271,5,606,0,0,0,606
02/04/2006,PBI,FL,ASO,ES,Combined TRACON& Tower with Radar,193,107,140,0,440,0,0,7,0,7,193,107,147,0,447,0,0,0,447
02/05/2006,PBI,FL,ASO,ES,Combined TRACON& Tower with Radar,199,160,187,1,547,0,0,86,0,86,199,160,273,1,633,32,0,32,665
02/06/2006,PBI,FL,ASO,ES,Combined TRACON& Tower with Radar,183,137,205,0,525,0,1,151,0,152,183,138,356,0,677,32,0,32,709
02/07/2006,PBI,FL,ASO,ES,Combined TRACON& Tower with Radar,190,113,124,7,434,0,0,80,4,84,190,113,204,11,518,0,0,0,518
02/08/2006,PBI,FL,ASO,ES,Combined TRACON& Tower with Radar,187,131,186,5,509,0,1,91,0,92,187,132,277,5,601,0,0,0,601
02/09/2006,PBI,FL,ASO,ES,Combined TRACON& Tower with Radar,203,158,224,3,588,0,1,143,0,144,203,159,367,3,732,14,0,14,746
02/10/2006,PBI,FL,ASO,ES,Combined TRACON& Tower with Radar,213,169,228,2,612,0,1,172,0,173,213,170,400,2,785,2,0,2,787
02/11/2006,PBI,FL,ASO,ES,Combined TRACON& Tower with Radar,174,117,136,1,428,0,0,143,0,143,174,117,279,1,571,10,0,10,581
02/12/2006,PBI,FL,ASO,ES,Combined TRACON& Tower with Radar,108,159,173,1,441,0,0,67,0,67,108,159,240,1,508,0,0,0,508
02/13/2006,PBI,FL,ASO,ES,Combined TRACON& Tower with Radar,172,172,212,4,560,0,0,127,0,127,172,172,339,4,687,4,0,4,691
02/14/2006,PBI,FL,ASO,ES,Combined TRACON& Tower with Radar,205,110,138,3,456,0,0,0,0,0,205,110,138,3,456,38,0,38,494
02/15/2006,PBI,FL,ASO,ES,Combined TRACON& Tower with Radar,197,173,204,6,580,0,1,123,1,125,197,174,327,7,705,4,0,4,709
02/16/2006,PBI,FL,ASO,ES,Combined TRACON& Tower with Radar,223,190,321,7,741,0,0,134,0,134,223,190,455,7,875,4,0,4,879
02/17/2006,PBI,FL,ASO,ES,Combined TRACON& Tower with Radar,221,263,377,7,868,0,1,235,0,236,221,264,612,7,1104,9,0,9,1113
02/18/2006,PBI,FL,ASO,ES,Combined TRACON& Tower with Radar,212,187,235,4,638,0,1,126,0,127,212,188,361,4,765,9,0,9,774
02/19/2006,PBI,FL,ASO,ES,Combined TRACON& Tower with Radar,190,178,224,7,599,0,0,135,0,135,190,178,359,7,734,4,0,4,738
02/20/2006,PBI,FL,ASO,ES,Combined TRACON& Tower with Radar,210,213,326,2,751,0,0,133,0,133,210,213,459,2,884,12,0,12,896
02/21/2006,PBI,FL,ASO,ES,Combined TRACON& Tower with Radar,199,185,211,5,600,0,0,130,0,130,199,185,341,5,730,14,0,14,744
02/22/2006,PBI,FL,ASO,ES,Combined TRACON& Tower with Radar,201,152,160,0,513,0,1,130,1,132,201,153,290,1,645,0,0,0,645
02/23/2006,PBI,FL,ASO,ES,Combined TRACON& Tower with Radar,211,174,223,2,610,0,1,131,0,132,211,175,354,2,742,4,0,4,746
02/24/2006,PBI,FL,ASO,ES,Combined TRACON& Tower with Radar,215,191,232,4,642,0,8,42,0,50,215,199,274,4,692,0,0,0,692
02/25/2006,PBI,FL,ASO,ES,Combined TRACON& Tower with Radar,198,138,167,0,503,0,0,34,0,34,198,138,201,0,537,2,0,2,539
02/26/2006,PBI,FL,ASO,ES,Combined TRACON& Tower with Radar,226,223,301,0,750,1,0,83,0,84,227,223,384,0,834,0,0,0,834
02/27/2006,PBI,FL,ASO,ES,Combined TRACON& Tower with Radar,196,164,190,2,552,0,0,72,0,72,196,164,262,2,624,0,0,0,624
02/28/2006,PBI,FL,ASO,ES,Combined TRACON& Tower with Radar,215,128,169,2,514,0,0,123,0,123,215,128,292,2,637,0,0,0,637
03/01/2006,PBI,FL,ASO,ES,Combined TRACON& Tower with Radar,201,149,213,4,567,0,2,97,0,99,201,151,310,4,666,0,0,0,666
03/02/2006,PBI,FL,ASO,ES,Combined TRACON& Tower with Radar,216,183,175,4,578,0,0,124,0,124,216,183,299,4,702,12,0,12,714
03/03/2006,PBI,FL,ASO,ES,Combined TRACON& Tower with Radar,229,162,247,4,642,0,0,94,0,94,229,162,341,4,736,0,0,0,736
03/04/2006,PBI,FL,ASO,ES,Combined TRACON& Tower with Radar,209,121,139,0,469,0,0,113,0,113,209,121,252,0,582,8,0,8,590
03/05/2006,PBI,FL,ASO,ES,Combined TRACON& Tower with Radar,200,156,281,0,637,0,1,116,0,117,200,157,397,0,754,3,0,3,757
03/06/2006,PBI,FL,ASO,ES,Combined TRACON& Tower with Radar,214,146,208,0,568,0,2,131,0,133,214,148,339,0,701,28,0,28,729
03/07/2006,PBI,FL,ASO,ES,Combined TRACON& Tower with Radar,204,143,152,2,501,0,0,119,0,119,204,143,271,2,620,13,0,13,633
03/08/2006,PBI,FL,ASO,ES,Combined TRACON& Tower with Radar,199,131,199,1,530,0,0,133,0,133,199,131,332,1,663,37,0,37,700
03/09/2006,PBI,FL,ASO,ES,Combined TRACON& Tower with Radar,224,172,214,20,630,0,0,88,0,88,224,172,302,20,718,4,0,4,722
03/10/2006,PBI,FL,ASO,ES,Combined TRACON& Tower with Radar,203,189,230,5,627,0,3,99,0,102,203,192,329,5,729,9,0,9,738
03/11/2006,PBI,FL,ASO,ES,Combined TRACON& Tower with Radar,202,149,204,1,556,0,1,175,0,176,202,150,379,1,732,20,0,20,752
03/12/2006,PBI,FL,ASO,ES,Combined TRACON& Tower with Radar,200,174,283,2,659,0,0,145,0,145,200,174,428,2,804,6,0,6,810
03/13/2006,PBI,FL,ASO,ES,Combined TRACON& Tower with Radar,194,128,177,5,504,0,0,133,0,133,194,128,310,5,637,0,0,0,637
03/14/2006,PBI,FL,ASO,ES,Combined TRACON& Tower with Radar,195,142,161,1,499,0,0,90,0,90,195,142,251,1,589,0,4,4,593
03/15/2006,PBI,FL,ASO,ES,Combined TRACON& Tower with Radar,211,130,192,1,534,0,2,133,0,135,211,132,325,1,669,0,0,0,669
03/16/2006,PBI,FL,ASO,ES,Combined TRACON& Tower with Radar,195,159,236,7,597,0,0,122,0,122,195,159,358,7,719,0,0,0,719
03/17/2006,PBI,FL,ASO,ES,Combined TRACON& Tower with Radar,207,185,284,2,678,0,0,145,0,145,207,185,429,2,823,0,0,0,823
03/18/2006,PBI,FL,ASO,ES,Combined TRACON& Tower with Radar,218,191,252,3,664,0,4,182,0,186,218,195,434,3,850,10,0,10,860
03/19/2006,PBI,FL,ASO,ES,Combined TRACON& Tower with Radar,204,198,290,4,696,0,0,146,0,146,204,198,436,4,842,0,0,0,842
03/20/2006,PBI,FL,ASO,ES,Combined TRACON& Tower with Radar,194,145,191,3,533,0,1,79,0,80,194,146,270,3,613,0,0,0,613
03/21/2006,PBI,FL,ASO,ES,Combined TRACON& Tower with Radar,205,141,189,1,536,0,0,124,0,124,205,141,313,1,660,0,0,0,660
03/22/2006,PBI,FL,ASO,ES,Combined TRACON& Tower with Radar,199,116,188,2,505,0,1,123,0,124,199,117,311,2,629,12,0,12,641
03/23/2006,PBI,FL,ASO,ES,Combined TRACON& Tower with Radar,232,145,228,4,609,0,0,34,0,34,232,145,262,4,643,0,0,0,643
03/24/2006,PBI,FL,ASO,ES,Combined TRACON& Tower with Radar,206,177,269,1,653,0,0,153,0,153,206,177,422,1,806,0,0,0,806
03/25/2006,PBI,FL,ASO,ES,Combined TRACON& Tower with Radar,209,177,302,0,688,0,0,183,0,183,209,177,485,0,871,6,0,6,877
03/26/2006,PBI,FL,ASO,ES,Combined TRACON& Tower with Radar,215,198,347,2,762,0,3,201,0,204,215,201,548,2,966,3,0,3,969
03/27/2006,PBI,FL,ASO,ES,Combined TRACON& Tower with Radar,205,140,212,5,562,0,1,113,1,115,205,141,325,6,677,9,30,39,716
03/28/2006,PBI,FL,ASO,ES,Combined TRACON& Tower with Radar,184,142,142,1,469,0,0,110,0,110,184,142,252,1,579,12,0,12,591
03/29/2006,PBI,FL,ASO,ES,Combined TRACON& Tower with Radar,207,116,186,1,510,0,0,94,0,94,207,116,280,1,604,0,0,0,604
03/30/2006,PBI,FL,ASO,ES,Combined TRACON& Tower with Radar,195,127,204,2,528,0,1,122,0,123,195,128,326,2,651,2,0,2,653
03/31/2006,PBI,FL,ASO,ES,Combined TRACON& Tower with Radar,209,152,217,2,580,0,1,160,0,161,209,153,377,2,741,10,0,10,751
04/01/2006,PBI,FL,ASO,ES,Combined TRACON& Tower with Radar,206,134,201,0,541,0,0,131,0,131,206,134,332,0,672,10,0,10,682
04/02/2006,PBI,FL,ASO,ES,Combined TRACON& Tower with Radar,204,193,299,1,697,0,1,144,0,145,204,194,443,1,842,11,0,11,853
04/03/2006,PBI,FL,ASO,ES,Combined TRACON& Tower with Radar,191,131,189,6,517,0,0,129,0,129,191,131,318,6,646,0,0,0,646
04/04/2006,PBI,FL,ASO,ES,Combined TRACON& Tower with Radar,207,105,125,6,443,0,0,83,0,83,207,105,208,6,526,6,0,6,532
04/05/2006,PBI,FL,ASO,ES,Combined TRACON& Tower with Radar,190,134,146,2,472,0,1,100,0,101,190,135,246,2,573,9,0,9,582
04/06/2006,PBI,FL,ASO,ES,Combined TRACON& Tower with Radar,199,144,185,2,530,0,0,136,0,136,199,144,321,2,666,0,0,0,666
04/07/2006,PBI,FL,ASO,ES,Combined TRACON& Tower with Radar,201,150,219,3,573,0,2,148,0,150,201,152,367,3,723,11,0,11,734
04/08/2006,PBI,FL,ASO,ES,Combined TRACON& Tower with Radar,195,90,183,4,472,0,1,116,0,117,195,91,299,4,589,14,0,14,603
04/09/2006,PBI,FL,ASO,ES,Combined TRACON& Tower with Radar,204,145,234,1,584,0,0,73,0,73,204,145,307,1,657,0,0,0,657
04/10/2006,PBI,FL,ASO,ES,Combined TRACON& Tower with Radar,197,98,166,12,473,0,0,88,1,89,197,98,254,13,562,23,0,23,585
04/11/2006,PBI,FL,ASO,ES,Combined TRACON& Tower with Radar,201,92,144,8,445,0,1,116,1,118,201,93,260,9,563,0,0,0,563
04/12/2006,PBI,FL,ASO,ES,Combined TRACON& Tower with Radar,188,149,187,2,526,1,0,60,0,61,189,149,247,2,587,0,0,0,587
04/13/2006,PBI,FL,ASO,ES,Combined TRACON& Tower with Radar,195,181,244,3,623,0,0,133,0,133,195,181,377,3,756,0,0,0,756
04/14/2006,PBI,FL,ASO,ES,Combined TRACON& Tower with Radar,213,159,210,2,584,0,0,121,0,121,213,159,331,2,705,16,0,16,721
04/15/2006,PBI,FL,ASO,ES,Combined TRACON& Tower with Radar,196,105,142,1,444,0,0,122,0,122,196,105,264,1,566,13,0,13,579
04/16/2006,PBI,FL,ASO,ES,Combined TRACON& Tower with Radar,216,194,200,0,610,0,0,172,0,172,216,194,372,0,782,17,0,17,799
04/17/2006,PBI,FL,ASO,ES,Combined TRACON& Tower with Radar,191,168,255,3,617,0,0,92,0,92,191,168,347,3,709,4,0,4,713
04/18/2006,PBI,FL,ASO,ES,Combined TRACON& Tower with Radar,209,143,166,5,523,0,0,96,0,96,209,143,262,5,619,17,0,17,636
04/19/2006,PBI,FL,ASO,ES,Combined TRACON& Tower with Radar,200,112,172,1,485,0,2,116,0,118,200,114,288,1,603,0,0,0,603
04/20/2006,PBI,FL,ASO,ES,Combined TRACON& Tower with Radar,205,110,187,3,505,0,0,119,0,119,205,110,306,3,624,2,0,2,626
04/21/2006,PBI,FL,ASO,ES,Combined TRACON& Tower with Radar,198,136,201,3,538,0,0,153,0,153,198,136,354,3,691,16,0,16,707
04/22/2006,PBI,FL,ASO,ES,Combined TRACON& Tower with Radar,201,127,147,1,476,0,1,125,0,126,201,128,272,1,602,10,0,10,612
04/23/2006,PBI,FL,ASO,ES,Combined TRACON& Tower with Radar,189,129,257,2,577,0,0,123,0,123,189,129,380,2,700,15,0,15,715
04/24/2006,PBI,FL,ASO,ES,Combined TRACON& Tower with Radar,182,122,198,3,505,0,0,127,0,127,182,122,325,3,632,0,0,0,632
04/25/2006,PBI,FL,ASO,ES,Combined TRACON& Tower with Radar,188,118,137,2,445,0,0,90,0,90,188,118,227,2,535,0,0,0,535
04/26/2006,PBI,FL,ASO,ES,Combined TRACON& Tower with Radar,191,119,133,1,444,0,1,87,0,88,191,120,220,1,532,11,0,11,543
04/27/2006,PBI,FL,ASO,ES,Combined TRACON& Tower with Radar,204,132,156,6,498,0,0,93,0,93,204,132,249,6,591,5,0,5,596
04/28/2006,PBI,FL,ASO,ES,Combined TRACON& Tower with Radar,194,129,171,3,497,0,0,128,0,128,194,129,299,3,625,3,0,3,628
04/29/2006,PBI,FL,ASO,ES,Combined TRACON& Tower with Radar,186,66,128,3,383,0,0,75,0,75,186,66,203,3,458,9,0,9,467
04/30/2006,PBI,FL,ASO,ES,Combined TRACON& Tower with Radar,207,133,212,0,552,0,2,104,0,106,207,135,316,0,658,2,0,2,660
05/01/2006,PBI,FL,ASO,ES,Combined TRACON& Tower with Radar,184,106,133,2,425,0,0,115,0,115,184,106,248,2,540,14,0,14,554
05/02/2006,PBI,FL,ASO,ES,Combined TRACON& Tower with Radar,175,72,123,0,370,0,0,91,0,91,175,72,214,0,461,7,0,7,468
05/03/2006,PBI,FL,ASO,ES,Combined TRACON& Tower with Radar,151,113,139,4,407,0,0,165,0,165,151,113,304,4,572,15,0,15,587
05/04/2006,PBI,FL,ASO,ES,Combined TRACON& Tower with Radar,168,95,167,2,432,0,1,108,0,109,168,96,275,2,541,0,0,0,541
05/05/2006,PBI,FL,ASO,ES,Combined TRACON& Tower with Radar,170,95,158,6,429,0,0,127,0,127,170,95,285,6,556,12,0,12,568
05/06/2006,PBI,FL,ASO,ES,Combined TRACON& Tower with Radar,155,79,101,1,336,0,1,100,0,101,155,80,201,1,437,12,0,12,449
05/07/2006,PBI,FL,ASO,ES,Combined TRACON& Tower with Radar,146,101,157,8,412,0,0,102,1,103,146,101,259,9,515,7,0,7,522
05/08/2006,PBI,FL,ASO,ES,Combined TRACON& Tower with Radar,146,93,136,4,379,0,0,114,0,114,146,93,250,4,493,4,0,4,497
05/09/2006,PBI,FL,ASO,ES,Combined TRACON& Tower with Radar,165,90,154,1,410,0,0,70,0,70,165,90,224,1,480,0,0,0,480
05/10/2006,PBI,FL,ASO,ES,Combined TRACON& Tower with Radar,155,79,157,0,391,0,0,136,0,136,155,79,293,0,527,11,0,11,538
05/11/2006,PBI,FL,ASO,ES,Combined TRACON& Tower with Radar,151,102,170,3,426,0,1,89,0,90,151,103,259,3,516,0,0,0,516
05/12/2006,PBI,FL,ASO,ES,Combined TRACON& Tower with Radar,151,107,155,1,414,0,3,104,0,107,151,110,259,1,521,12,0,12,533
05/13/2006,PBI,FL,ASO,ES,Combined TRACON& Tower with Radar,152,71,114,1,338,0,2,80,0,82,152,73,194,1,420,9,0,9,429
05/14/2006,PBI,FL,ASO,ES,Combined TRACON& Tower with Radar,136,100,125,0,361,0,0,138,0,138,136,100,263,0,499,9,0,9,508
05/15/2006,PBI,FL,ASO,ES,Combined TRACON& Tower with Radar,168,95,150,2,415,0,0,102,0,102,168,95,252,2,517,22,0,22,539
05/16/2006,PBI,FL,ASO,ES,Combined TRACON& Tower with Radar,154,86,105,1,346,1,0,40,0,41,155,86,145,1,387,2,0,2,389
05/17/2006,PBI,FL,ASO,ES,Combined TRACON& Tower with Radar,147,105,172,6,430,0,0,126,0,126,147,105,298,6,556,0,0,0,556
05/18/2006,PBI,FL,ASO,ES,Combined TRACON& Tower with Radar,155,103,156,2,416,0,0,156,0,156,155,103,312,2,572,9,1,10,582
05/19/2006,PBI,FL,ASO,ES,Combined TRACON& Tower with Radar,147,99,131,1,378,0,0,145,0,145,147,99,276,1,523,9,0,9,532
05/20/2006,PBI,FL,ASO,ES,Combined TRACON& Tower with Radar,157,81,118,6,362,0,0,102,0,102,157,81,220,6,464,8,20,28,492
05/21/2006,PBI,FL,ASO,ES,Combined TRACON& Tower with Radar,142,100,124,1,367,4,4,105,0,113,146,104,229,1,480,0,0,0,480
05/22/2006,PBI,FL,ASO,ES,Combined TRACON& Tower with Radar,147,79,116,1,343,0,1,78,0,79,147,80,194,1,422,0,0,0,422
05/23/2006,PBI,FL,ASO,ES,Combined TRACON& Tower with Radar,139,86,134,2,361,0,0,102,0,102,139,86,236,2,463,1,0,1,464
05/24/2006,PBI,FL,ASO,ES,Combined TRACON& Tower with Radar,148,83,130,2,363,0,0,99,0,99,148,83,229,2,462,10,0,10,472
05/25/2006,PBI,FL,ASO,ES,Combined TRACON& Tower with Radar,167,120,182,3,472,0,1,116,0,117,167,121,298,3,589,9,0,9,598
05/26/2006,PBI,FL,ASO,ES,Combined TRACON& Tower with Radar,164,97,195,3,459,0,3,141,0,144,164,100,336,3,603,1,0,1,604
05/27/2006,PBI,FL,ASO,ES,Combined TRACON& Tower with Radar,149,49,102,0,300,0,3,109,0,112,149,52,211,0,412,14,0,14,426
05/28/2006,PBI,FL,ASO,ES,Combined TRACON& Tower with Radar,126,82,65,1,274,0,1,66,0,67,126,83,131,1,341,5,0,5,346
05/29/2006,PBI,FL,ASO,ES,Combined TRACON& Tower with Radar,142,103,171,0,416,0,0,156,0,156,142,103,327,0,572,0,0,0,572
05/30/2006,PBI,FL,ASO,ES,Combined TRACON& Tower with Radar,155,79,136,3,373,0,1,158,0,159,155,80,294,3,532,17,0,17,549
05/31/2006,PBI,FL,ASO,ES,Combined TRACON& Tower with Radar,154,69,148,1,372,0,0,92,0,92,154,69,240,1,464,9,0,9,473
06/01/2006,PBI,FL,ASO,ES,Combined TRACON& Tower with Radar,148,90,134,2,374,0,0,63,0,63,148,90,197,2,437,36,0,36,473
06/02/2006,PBI,FL,ASO,ES,Combined TRACON& Tower with Radar,148,95,133,2,378,0,1,142,0,143,148,96,275,2,521,12,0,12,533
06/03/2006,PBI,FL,ASO,ES,Combined TRACON& Tower with Radar,132,69,106,0,307,0,0,103,0,103,132,69,209,0,410,12,0,12,422
06/04/2006,PBI,FL,ASO,ES,Combined TRACON& Tower with Radar,160,75,139,0,374,0,1,103,0,104,160,76,242,0,478,10,0,10,488
06/05/2006,PBI,FL,ASO,ES,Combined TRACON& Tower with Radar,151,75,87,0,313,0,0,103,0,103,151,75,190,0,416,2,0,2,418
06/06/2006,PBI,FL,ASO,ES,Combined TRACON& Tower with Radar,156,68,107,2,333,0,0,134,0,134,156,68,241,2,467,2,0,2,469
06/07/2006,PBI,FL,ASO,ES,Combined TRACON& Tower with Radar,153,75,96,0,324,0,1,128,0,129,153,76,224,0,453,16,0,16,469
06/08/2006,PBI,FL,ASO,ES,Combined TRACON& Tower with Radar,165,94,145,0,404,0,1,157,0,158,165,95,302,0,562,2,0,2,564
06/09/2006,PBI,FL,ASO,ES,Combined TRACON& Tower with Radar,144,111,152,0,407,0,4,116,0,120,144,115,268,0,527,3,0,3,530
06/10/2006,PBI,FL,ASO,ES,Combined TRACON& Tower with Radar,143,57,95,0,295,0,1,79,0,80,143,58,174,0,375,0,0,0,375
06/11/2006,PBI,FL,ASO,ES,Combined TRACON& Tower with Radar,136,95,177,0,408,0,0,100,0,100,136,95,277,0,508,17,0,17,525
06/12/2006,PBI,FL,ASO,ES,Combined TRACON& Tower with Radar,150,93,100,3,346,0,0,71,0,71,150,93,171,3,417,0,0,0,417
06/13/2006,PBI,FL,ASO,ES,Combined TRACON& Tower with Radar,148,79,71,0,298,0,1,34,0,35,148,80,105,0,333,2,0,2,335
06/14/2006,PBI,FL,ASO,ES,Combined TRACON& Tower with Radar,151,83,123,1,358,0,1,98,0,99,151,84,221,1,457,23,0,23,480
06/15/2006,PBI,FL,ASO,ES,Combined TRACON& Tower with Radar,154,103,128,5,390,0,0,167,0,167,154,103,295,5,557,10,0,10,567
06/16/2006,PBI,FL,ASO,ES,Combined TRACON& Tower with Radar,149,90,125,1,365,0,1,114,0,115,149,91,239,1,480,22,0,22,502
06/17/2006,PBI,FL,ASO,ES,Combined TRACON& Tower with Radar,150,56,111,0,317,0,1,100,0,101,150,57,211,0,418,8,0,8,426
06/18/2006,PBI,FL,ASO,ES,Combined TRACON& Tower with Radar,146,77,149,1,373,0,1,99,0,100,146,78,248,1,473,0,0,0,473
06/19/2006,PBI,FL,ASO,ES,Combined TRACON& Tower with Radar,135,91,110,1,337,0,3,96,0,99,135,94,206,1,436,0,0,0,436
06/20/2006,PBI,FL,ASO,ES,Combined TRACON& Tower with Radar,141,76,106,2,325,0,0,118,0,118,141,76,224,2,443,15,0,15,458
06/21/2006,PBI,FL,ASO,ES,Combined TRACON& Tower with Radar,145,77,94,1,317,0,0,120,0,120,145,77,214,1,437,0,0,0,437
06/22/2006,PBI,FL,ASO,ES,Combined TRACON& Tower with Radar,138,69,124,5,336,0,3,135,0,138,138,72,259,5,474,9,0,9,483
06/23/2006,PBI,FL,ASO,ES,Combined TRACON& Tower with Radar,141,87,100,2,330,0,1,100,0,101,141,88,200,2,431,25,0,25,456
06/24/2006,PBI,FL,ASO,ES,Combined TRACON& Tower with Radar,152,55,117,3,327,0,0,59,0,59,152,55,176,3,386,8,0,8,394
06/25/2006,PBI,FL,ASO,ES,Combined TRACON& Tower with Radar,138,79,129,2,348,0,1,101,0,102,138,80,230,2,450,9,0,9,459
06/26/2006,PBI,FL,ASO,ES,Combined TRACON& Tower with Radar,139,75,120,2,336,0,0,41,0,41,139,75,161,2,377,0,0,0,377
06/27/2006,PBI,FL,ASO,ES,Combined TRACON& Tower with Radar,130,78,112,3,323,0,0,81,0,81,130,78,193,3,404,0,0,0,404
06/28/2006,PBI,FL,ASO,ES,Combined TRACON& Tower with Radar,190,80,140,5,415,0,0,84,0,84,190,80,224,5,499,8,0,8,507
06/29/2006,PBI,FL,ASO,ES,Combined TRACON& Tower with Radar,158,94,110,0,362,0,1,98,0,99,158,95,208,0,461,28,0,28,489
06/30/2006,PBI,FL,ASO,ES,Combined TRACON& Tower with Radar,165,106,141,0,412,0,0,156,0,156,165,106,297,0,568,6,0,6,574
07/01/2006,PBI,FL,ASO,ES,Combined TRACON& Tower with Radar,156,70,112,0,338,0,0,94,0,94,156,70,206,0,432,2,0,2,434
07/02/2006,PBI,FL,ASO,ES,Combined TRACON& Tower with Radar,136,64,75,0,275,0,1,39,1,41,136,65,114,1,316,0,0,0,316
07/03/2006,PBI,FL,ASO,ES,Combined TRACON& Tower with Radar,145,104,75,2,326,0,1,78,0,79,145,105,153,2,405,2,10,12,417
07/04/2006,PBI,FL,ASO,ES,Combined TRACON& Tower with Radar,116,58,59,0,233,0,0,104,0,104,116,58,163,0,337,0,0,0,337
07/05/2006,PBI,FL,ASO,ES,Combined TRACON& Tower with Radar,142,70,105,0,317,4,1,105,0,110,146,71,210,0,427,2,0,2,429
07/06/2006,PBI,FL,ASO,ES,Combined TRACON& Tower with Radar,137,68,80,3,288,0,0,82,0,82,137,68,162,3,370,2,0,2,372
07/07/2006,PBI,FL,ASO,ES,Combined TRACON& Tower with Radar,147,88,106,1,342,0,0,51,0,51,147,88,157,1,393,2,0,2,395
07/08/2006,PBI,FL,ASO,ES,Combined TRACON& Tower with Radar,132,61,83,0,276,0,0,64,0,64,132,61,147,0,340,0,0,0,340
07/09/2006,PBI,FL,ASO,ES,Combined TRACON& Tower with Radar,142,94,111,2,349,0,3,101,0,104,142,97,212,2,453,10,0,10,463
07/10/2006,PBI,FL,ASO,ES,Combined TRACON& Tower with Radar,143,90,88,6,327,0,0,88,1,89,143,90,176,7,416,0,0,0,416
07/11/2006,PBI,FL,ASO,ES,Combined TRACON& Tower with Radar,146,68,88,12,314,0,0,74,0,74,146,68,162,12,388,2,0,2,390
07/12/2006,PBI,FL,ASO,ES,Combined TRACON& Tower with Radar,130,78,85,23,316,2,3,72,0,77,132,81,157,23,393,18,0,18,411
07/13/2006,PBI,FL,ASO,ES,Combined TRACON& Tower with Radar,144,72,139,10,365,0,0,96,0,96,144,72,235,10,461,13,0,13,474
07/14/2006,PBI,FL,ASO,ES,Combined TRACON& Tower with Radar,168,91,107,2,368,0,22,166,0,188,168,113,273,2,556,12,0,12,568
07/15/2006,PBI,FL,ASO,ES,Combined TRACON& Tower with Radar,129,50,71,1,251,0,1,56,0,57,129,51,127,1,308,0,0,0,308
07/16/2006,PBI,FL,ASO,ES,Combined TRACON& Tower with Radar,129,79,123,1,332,0,0,136,0,136,129,79,259,1,468,4,0,4,472
07/17/2006,PBI,FL,ASO,ES,Combined TRACON& Tower with Radar,135,78,97,6,316,0,1,85,0,86,135,79,182,6,402,2,0,2,404
07/18/2006,PBI,FL,ASO,ES,Combined TRACON& Tower with Radar,134,64,73,5,276,0,0,97,0,97,134,64,170,5,373,4,0,4,377
07/19/2006,PBI,FL,ASO,ES,Combined TRACON& Tower with Radar,145,75,78,3,301,0,0,43,0,43,145,75,121,3,344,0,0,0,344
07/20/2006,PBI,FL,ASO,ES,Combined TRACON& Tower with Radar,139,77,85,6,307,1,1,95,2,99,140,78,180,8,406,8,0,8,414
07/21/2006,PBI,FL,ASO,ES,Combined TRACON& Tower with Radar,141,76,110,1,328,0,1,89,0,90,141,77,199,1,418,18,0,18,436
07/22/2006,PBI,FL,ASO,ES,Combined TRACON& Tower with Radar,128,70,58,2,258,0,1,92,0,93,128,71,150,2,351,2,0,2,353
07/23/2006,PBI,FL,ASO,ES,Combined TRACON& Tower with Radar,127,71,87,1,286,0,0,108,0,108,127,71,195,1,394,14,0,14,408
07/24/2006,PBI,FL,ASO,ES,Combined TRACON& Tower with Radar,147,76,98,5,326,0,0,120,0,120,147,76,218,5,446,15,0,15,461
07/25/2006,PBI,FL,ASO,ES,Combined TRACON& Tower with Radar,141,64,75,1,281,0,1,105,0,106,141,65,180,1,387,20,0,20,407
07/26/2006,PBI,FL,ASO,ES,Combined TRACON& Tower with Radar,153,81,98,6,338,0,1,127,2,130,153,82,225,8,468,28,0,28,496
07/27/2006,PBI,FL,ASO,ES,Combined TRACON& Tower with Radar,147,73,106,0,326,0,0,102,2,104,147,73,208,2,430,13,0,13,443
07/28/2006,PBI,FL,ASO,ES,Combined TRACON& Tower with Radar,156,81,113,0,350,0,2,130,0,132,156,83,243,0,482,5,1,6,488
07/29/2006,PBI,FL,ASO,ES,Combined TRACON& Tower with Radar,144,57,95,0,296,2,0,83,0,85,146,57,178,0,381,4,0,4,385
07/30/2006,PBI,FL,ASO,ES,Combined TRACON& Tower with Radar,121,66,101,2,290,1,2,103,1,107,122,68,204,3,397,2,0,2,399
07/31/2006,PBI,FL,ASO,ES,Combined TRACON& Tower with Radar,151,78,105,3,337,0,0,78,0,78,151,78,183,3,415,18,0,18,433
08/01/2006,PBI,FL,ASO,ES,Combined TRACON& Tower with Radar,145,84,63,1,293,0,0,84,0,84,145,84,147,1,377,11,0,11,388
08/02/2006,PBI,FL,ASO,ES,Combined TRACON& Tower with Radar,133,72,77,6,288,0,2,99,0,101,133,74,176,6,389,8,0,8,397
08/03/2006,PBI,FL,ASO,ES,Combined TRACON& Tower with Radar,146,102,97,8,353,2,0,95,0,97,148,102,192,8,450,3,0,3,453
08/04/2006,PBI,FL,ASO,ES,Combined TRACON& Tower with Radar,163,83,107,4,357,0,0,109,0,109,163,83,216,4,466,18,0,18,484
08/05/2006,PBI,FL,ASO,ES,Combined TRACON& Tower with Radar,136,60,61,3,260,0,1,65,0,66,136,61,126,3,326,4,0,4,330
08/06/2006,PBI,FL,ASO,ES,Combined TRACON& Tower with Radar,142,78,80,0,300,0,0,105,0,105,142,78,185,0,405,10,0,10,415
08/07/2006,PBI,FL,ASO,ES,Combined TRACON& Tower with Radar,136,86,104,3,329,0,0,82,0,82,136,86,186,3,411,0,0,0,411
08/08/2006,PBI,FL,ASO,ES,Combined TRACON& Tower with Radar,149,76,73,2,300,0,2,111,0,113,149,78,184,2,413,21,0,21,434
08/09/2006,PBI,FL,ASO,ES,Combined TRACON& Tower with Radar,149,74,77,1,301,0,1,97,0,98,149,75,174,1,399,4,0,4,403
08/10/2006,PBI,FL,ASO,ES,Combined TRACON& Tower with Radar,131,87,126,3,347,0,1,107,0,108,131,88,233,3,455,21,0,21,476
08/11/2006,PBI,FL,ASO,ES,Combined TRACON& Tower with Radar,151,79,118,0,348,0,0,106,0,106,151,79,224,0,454,1,0,1,455
08/12/2006,PBI,FL,ASO,ES,Combined TRACON& Tower with Radar,137,51,75,0,263,0,1,77,0,78,137,52,152,0,341,0,0,0,341
08/13/2006,PBI,FL,ASO,ES,Combined TRACON& Tower with Radar,137,72,128,0,337,0,0,95,0,95,137,72,223,0,432,10,0,10,442
08/14/2006,PBI,FL,ASO,ES,Combined TRACON& Tower with Radar,130,93,138,3,364,0,1,94,0,95,130,94,232,3,459,5,0,5,464
08/15/2006,PBI,FL,ASO,ES,Combined TRACON& Tower with Radar,134,94,79,0,307,0,0,85,0,85,134,94,164,0,392,8,0,8,400
08/16/2006,PBI,FL,ASO,ES,Combined TRACON& Tower with Radar,151,75,92,3,321,1,0,85,0,86,152,75,177,3,407,13,10,23,430
08/17/2006,PBI,FL,ASO,ES,Combined TRACON& Tower with Radar,137,73,94,2,306,0,0,72,0,72,137,73,166,2,378,10,0,10,388
08/18/2006,PBI,FL,ASO,ES,Combined TRACON& Tower with Radar,143,56,104,2,305,0,2,90,0,92,143,58,194,2,397,29,0,29,426
08/19/2006,PBI,FL,ASO,ES,Combined TRACON& Tower with Radar,142,66,63,0,271,0,2,55,0,57,142,68,118,0,328,0,0,0,328
08/20/2006,PBI,FL,ASO,ES,Combined TRACON& Tower with Radar,132,75,89,1,297,0,0,53,0,53,132,75,142,1,350,14,0,14,364
08/21/2006,PBI,FL,ASO,ES,Combined TRACON& Tower with Radar,136,75,84,1,296,0,0,63,0,63,136,75,147,1,359,4,0,4,363
08/22/2006,PBI,FL,ASO,ES,Combined TRACON& Tower with Radar,144,64,83,1,292,0,1,64,2,67,144,65,147,3,359,8,1,9,368
08/23/2006,PBI,FL,ASO,ES,Combined TRACON& Tower with Radar,153,92,84,0,329,0,0,79,0,79,153,92,163,0,408,8,0,8,416
08/24/2006,PBI,FL,ASO,ES,Combined TRACON& Tower with Radar,144,95,82,0,321,0,1,89,0,90,144,96,171,0,411,27,0,27,438
08/25/2006,PBI,FL,ASO,ES,Combined TRACON& Tower with Radar,149,75,112,4,340,0,0,66,0,66,149,75,178,4,406,10,0,10,416
08/26/2006,PBI,FL,ASO,ES,Combined TRACON& Tower with Radar,143,53,82,1,279,0,0,49,0,49,143,53,131,1,328,6,10,16,344
08/27/2006,PBI,FL,ASO,ES,Combined TRACON& Tower with Radar,135,77,100,1,313,0,0,69,0,69,135,77,169,1,382,10,0,10,392
08/28/2006,PBI,FL,ASO,ES,Combined TRACON& Tower with Radar,141,77,108,2,328,0,0,112,1,113,141,77,220,3,441,4,0,4,445
08/29/2006,PBI,FL,ASO,ES,Combined TRACON& Tower with Radar,112,70,87,1,270,0,0,49,0,49,112,70,136,1,319,0,0,0,319
08/30/2006,PBI,FL,ASO,ES,Combined TRACON& Tower with Radar,61,24,10,0,95,0,0,6,0,6,61,24,16,0,101,0,0,0,101
08/31/2006,PBI,FL,ASO,ES,Combined TRACON& Tower with Radar,149,60,76,0,285,0,1,67,0,68,149,61,143,0,353,0,0,0,353
09/01/2006,PBI,FL,ASO,ES,Combined TRACON& Tower with Radar,148,97,108,1,354,0,0,103,0,103,148,97,211,1,457,4,0,4,461
09/02/2006,PBI,FL,ASO,ES,Combined TRACON& Tower with Radar,140,56,71,0,267,0,0,59,0,59,140,56,130,0,326,0,0,0,326
09/03/2006,PBI,FL,ASO,ES,Combined TRACON& Tower with Radar,117,61,57,0,235,0,0,33,0,33,117,61,90,0,268,0,0,0,268
09/04/2006,PBI,FL,ASO,ES,Combined TRACON& Tower with Radar,138,112,102,1,353,0,0,102,0,102,138,112,204,1,455,2,0,2,457
09/05/2006,PBI,FL,ASO,ES,Combined TRACON& Tower with Radar,115,84,85,0,284,0,0,30,0,30,115,84,115,0,314,0,0,0,314
09/06/2006,PBI,FL,ASO,ES,Combined TRACON& Tower with Radar,138,84,91,0,313,0,0,73,0,73,138,84,164,0,386,14,0,14,400
09/07/2006,PBI,FL,ASO,ES,Combined TRACON& Tower with Radar,140,77,84,2,303,0,1,90,0,91,140,78,174,2,394,16,0,16,410
09/08/2006,PBI,FL,ASO,ES,Combined TRACON& Tower with Radar,134,78,80,11,303,0,0,65,3,68,134,78,145,14,371,0,0,0,371
09/09/2006,PBI,FL,ASO,ES,Combined TRACON& Tower with Radar,108,50,69,0,227,0,0,44,0,44,108,50,113,0,271,4,0,4,275
09/10/2006,PBI,FL,ASO,ES,Combined TRACON& Tower with Radar,114,68,61,0,243,0,0,63,0,63,114,68,124,0,306,2,0,2,308
09/11/2006,PBI,FL,ASO,ES,Combined TRACON& Tower with Radar,131,88,95,4,318,0,0,66,0,66,131,88,161,4,384,2,1,3,387
09/12/2006,PBI,FL,ASO,ES,Combined TRACON& Tower with Radar,135,59,109,1,304,0,0,81,0,81,135,59,190,1,385,29,0,29,414
09/13/2006,PBI,FL,ASO,ES,Combined TRACON& Tower with Radar,125,85,109,0,319,0,1,110,0,111,125,86,219,0,430,25,0,25,455
09/14/2006,PBI,FL,ASO,ES,Combined TRACON& Tower with Radar,130,77,75,1,283,0,1,71,0,72,130,78,146,1,355,4,0,4,359
09/15/2006,PBI,FL,ASO,ES,Combined TRACON& Tower with Radar,128,68,117,0,313,0,1,89,0,90,128,69,206,0,403,4,3,7,410
09/16/2006,PBI,FL,ASO,ES,Combined TRACON& Tower with Radar,125,64,58,0,247,0,0,56,0,56,125,64,114,0,303,8,0,8,311
09/17/2006,PBI,FL,ASO,ES,Combined TRACON& Tower with Radar,114,69,67,0,250,0,0,70,0,70,114,69,137,0,320,28,0,28,348
09/18/2006,PBI,FL,ASO,ES,Combined TRACON& Tower with Radar,134,63,82,0,279,0,0,92,0,92,134,63,174,0,371,20,0,20,391
09/19/2006,PBI,FL,ASO,ES,Combined TRACON& Tower with Radar,126,54,82,1,263,0,0,70,2,72,126,54,152,3,335,9,10,19,354
09/20/2006,PBI,FL,ASO,ES,Combined TRACON& Tower with Radar,123,64,95,0,282,0,0,66,0,66,123,64,161,0,348,17,0,17,365
09/21/2006,PBI,FL,ASO,ES,Combined TRACON& Tower with Radar,127,93,102,0,322,0,0,115,0,115,127,93,217,0,437,2,0,2,439
09/22/2006,PBI,FL,ASO,ES,Combined TRACON& Tower with Radar,132,69,87,0,288,0,1,91,0,92,132,70,178,0,380,12,0,12,392
09/23/2006,PBI,FL,ASO,ES,Combined TRACON& Tower with Radar,113,66,63,5,247,0,1,66,0,67,113,67,129,5,314,12,0,12,326
09/24/2006,PBI,FL,ASO,ES,Combined TRACON& Tower with Radar,122,76,96,2,296,0,0,106,0,106,122,76,202,2,402,13,0,13,415
09/25/2006,PBI,FL,ASO,ES,Combined TRACON& Tower with Radar,132,79,90,1,302,0,5,75,0,80,132,84,165,1,382,26,0,26,408
09/26/2006,PBI,FL,ASO,ES,Combined TRACON& Tower with Radar,129,68,90,2,289,0,0,50,0,50,129,68,140,2,339,14,0,14,353
09/27/2006,PBI,FL,ASO,ES,Combined TRACON& Tower with Radar,117,77,92,1,287,0,0,73,0,73,117,77,165,1,360,8,0,8,368
09/28/2006,PBI,FL,ASO,ES,Combined TRACON& Tower with Radar,139,73,89,2,303,2,63,35,0,100,141,136,124,2,403,6,0,6,409
09/29/2006,PBI,FL,ASO,ES,Combined TRACON& Tower with Radar,140,98,100,1,339,0,0,94,0,94,140,98,194,1,433,15,0,15,448
09/30/2006,PBI,FL,ASO,ES,Combined TRACON& Tower with Radar,115,69,69,9,262,0,0,41,0,41,115,69,110,9,303,16,0,16,319
10/01/2006,PBI,FL,ASO,ES,Combined TRACON& Tower with Radar,129,96,72,0,297,0,0,64,0,64,129,96,136,0,361,16,0,16,377
10/02/2006,PBI,FL,ASO,ES,Combined TRACON& Tower with Radar,138,84,77,1,300,0,0,91,0,91,138,84,168,1,391,12,0,12,403
10/03/2006,PBI,FL,ASO,ES,Combined TRACON& Tower with Radar,137,76,81,3,297,0,0,53,0,53,137,76,134,3,350,10,0,10,360
10/04/2006,PBI,FL,ASO,ES,Combined TRACON& Tower with Radar,142,92,91,0,325,0,1,100,0,101,142,93,191,0,426,4,0,4,430
10/05/2006,PBI,FL,ASO,ES,Combined TRACON& Tower with Radar,145,87,101,3,336,0,0,96,0,96,145,87,197,3,432,32,0,32,464
10/06/2006,PBI,FL,ASO,ES,Combined TRACON& Tower with Radar,141,103,118,0,362,0,3,74,0,77,141,106,192,0,439,8,0,8,447
10/07/2006,PBI,FL,ASO,ES,Combined TRACON& Tower with Radar,127,72,80,1,280,0,0,56,0,56,127,72,136,1,336,11,0,11,347
10/08/2006,PBI,FL,ASO,ES,Combined TRACON& Tower with Radar,142,83,112,0,337,0,0,105,0,105,142,83,217,0,442,23,0,23,465
10/09/2006,PBI,FL,ASO,ES,Combined TRACON& Tower with Radar,147,122,109,0,378,0,0,103,0,103,147,122,212,0,481,4,0,4,485
10/10/2006,PBI,FL,ASO,ES,Combined TRACON& Tower with Radar,135,78,115,0,328,0,1,75,0,76,135,79,190,0,404,0,0,0,404
10/11/2006,PBI,FL,ASO,ES,Combined TRACON& Tower with Radar,145,93,97,0,335,0,0,82,0,82,145,93,179,0,417,4,0,4,421
10/12/2006,PBI,FL,ASO,ES,Combined TRACON& Tower with Radar,152,94,152,1,399,0,0,97,0,97,152,94,249,1,496,22,10,32,528
10/13/2006,PBI,FL,ASO,ES,Combined TRACON& Tower with Radar,158,87,130,0,375,1,1,77,3,82,159,88,207,3,457,2,0,2,459
10/14/2006,PBI,FL,ASO,ES,Combined TRACON& Tower with Radar,130,72,73,0,275,0,0,58,1,59,130,72,131,1,334,0,0,0,334
10/15/2006,PBI,FL,ASO,ES,Combined TRACON& Tower with Radar,128,107,109,0,344,0,0,91,2,93,128,107,200,2,437,26,0,26,463
10/16/2006,PBI,FL,ASO,ES,Combined TRACON& Tower with Radar,132,88,99,0,319,0,0,104,1,105,132,88,203,1,424,20,0,20,444
10/17/2006,PBI,FL,ASO,ES,Combined TRACON& Tower with Radar,155,71,98,1,325,0,0,66,0,66,155,71,164,1,391,0,0,0,391
10/18/2006,PBI,FL,ASO,ES,Combined TRACON& Tower with Radar,143,85,119,2,349,0,0,92,0,92,143,85,211,2,441,2,0,2,443
10/19/2006,PBI,FL,ASO,ES,Combined TRACON& Tower with Radar,151,84,155,3,393,0,0,97,0,97,151,84,252,3,490,3,0,3,493
10/20/2006,PBI,FL,ASO,ES,Combined TRACON& Tower with Radar,152,97,121,12,382,0,2,94,0,96,152,99,215,12,478,7,4,11,489
10/21/2006,PBI,FL,ASO,ES,Combined TRACON& Tower with Radar,132,89,94,0,315,0,0,110,0,110,132,89,204,0,425,38,0,38,463
10/22/2006,PBI,FL,ASO,ES,Combined TRACON& Tower with Radar,136,99,120,5,360,0,0,69,0,69,136,99,189,5,429,10,0,10,439
10/23/2006,PBI,FL,ASO,ES,Combined TRACON& Tower with Radar,145,115,112,3,375,0,0,92,0,92,145,115,204,3,467,5,0,5,472
10/24/2006,PBI,FL,ASO,ES,Combined TRACON& Tower with Radar,146,93,103,10,352,0,0,78,0,78,146,93,181,10,430,0,0,0,430
10/25/2006,PBI,FL,ASO,ES,Combined TRACON& Tower with Radar,142,89,145,1,377,0,0,126,0,126,142,89,271,1,503,12,0,12,515
10/26/2006,PBI,FL,ASO,ES,Combined TRACON& Tower with Radar,151,103,139,1,394,0,1,84,0,85,151,104,223,1,479,10,0,10,489
10/27/2006,PBI,FL,ASO,ES,Combined TRACON& Tower with Radar,147,114,147,1,409,0,0,104,0,104,147,114,251,1,513,6,0,6,519
10/28/2006,PBI,FL,ASO,ES,Combined TRACON& Tower with Radar,126,71,75,4,276,0,0,36,0,36,126,71,111,4,312,0,0,0,312
10/29/2006,PBI,FL,ASO,ES,Combined TRACON& Tower with Radar,137,95,128,2,362,0,0,77,0,77,137,95,205,2,439,8,0,8,447
10/30/2006,PBI,FL,ASO,ES,Combined TRACON& Tower with Radar,151,100,110,4,365,0,0,95,0,95,151,100,205,4,460,15,0,15,475
10/31/2006,PBI,FL,ASO,ES,Combined TRACON& Tower with Radar,159,88,118,3,368,0,0,54,0,54,159,88,172,3,422,0,0,0,422
11/01/2006,PBI,FL,ASO,ES,Combined TRACON& Tower with Radar,154,102,123,1,380,1,0,63,0,64,155,102,186,1,444,0,0,0,444
11/02/2006,PBI,FL,ASO,ES,Combined TRACON& Tower with Radar,151,137,148,0,436,0,0,45,0,45,151,137,193,0,481,4,0,4,485
11/03/2006,PBI,FL,ASO,ES,Combined TRACON& Tower with Radar,165,111,174,1,451,0,0,88,0,88,165,111,262,1,539,2,0,2,541
11/04/2006,PBI,FL,ASO,ES,Combined TRACON& Tower with Radar,152,105,119,15,391,0,0,47,0,47,152,105,166,15,438,12,0,12,450
11/05/2006,PBI,FL,ASO,ES,Combined TRACON& Tower with Radar,138,115,147,0,400,0,1,52,0,53,138,116,199,0,453,0,0,0,453
11/06/2006,PBI,FL,ASO,ES,Combined TRACON& Tower with Radar,145,90,110,0,345,0,0,90,0,90,145,90,200,0,435,0,0,0,435
11/07/2006,PBI,FL,ASO,ES,Combined TRACON& Tower with Radar,156,105,121,0,382,0,0,57,0,57,156,105,178,0,439,4,0,4,443
11/08/2006,PBI,FL,ASO,ES,Combined TRACON& Tower with Radar,160,95,142,1,398,0,1,83,0,84,160,96,225,1,482,4,0,4,486
11/09/2006,PBI,FL,ASO,ES,Combined TRACON& Tower with Radar,169,127,141,2,439,0,0,142,0,142,169,127,283,2,581,15,2,17,598
11/10/2006,PBI,FL,ASO,ES,Combined TRACON& Tower with Radar,173,133,175,0,481,0,2,96,0,98,173,135,271,0,579,10,0,10,589
11/11/2006,PBI,FL,ASO,ES,Combined TRACON& Tower with Radar,161,100,125,2,388,0,1,105,3,109,161,101,230,5,497,8,0,8,505
11/12/2006,PBI,FL,ASO,ES,Combined TRACON& Tower with Radar,158,139,209,0,506,0,0,84,0,84,158,139,293,0,590,0,0,0,590
11/13/2006,PBI,FL,ASO,ES,Combined TRACON& Tower with Radar,139,105,110,1,355,0,0,87,0,87,139,105,197,1,442,6,0,6,448
11/14/2006,PBI,FL,ASO,ES,Combined TRACON& Tower with Radar,156,103,124,1,384,0,1,86,0,87,156,104,210,1,471,10,0,10,481
11/15/2006,PBI,FL,ASO,ES,Combined TRACON& Tower with Radar,160,121,153,1,435,10,2,99,0,111,170,123,252,1,546,2,1,3,549
11/16/2006,PBI,FL,ASO,ES,Combined TRACON& Tower with Radar,167,124,177,0,468,0,0,116,1,117,167,124,293,1,585,6,0,6,591
11/17/2006,PBI,FL,ASO,ES,Combined TRACON& Tower with Radar,179,171,210,9,569,0,0,94,8,102,179,171,304,17,671,16,0,16,687
11/18/2006,PBI,FL,ASO,ES,Combined TRACON& Tower with Radar,196,105,134,0,435,0,1,81,0,82,196,106,215,0,517,12,0,12,529
11/19/2006,PBI,FL,ASO,ES,Combined TRACON& Tower with Radar,159,138,179,1,477,0,0,87,0,87,159,138,266,1,564,0,0,0,564
11/20/2006,PBI,FL,ASO,ES,Combined TRACON& Tower with Radar,167,126,155,0,448,0,0,103,0,103,167,126,258,0,551,16,0,16,567
11/21/2006,PBI,FL,ASO,ES,Combined TRACON& Tower with Radar,190,147,198,0,535,0,0,112,0,112,190,147,310,0,647,30,0,30,677
11/22/2006,PBI,FL,ASO,ES,Combined TRACON& Tower with Radar,184,176,264,0,624,0,0,145,0,145,184,176,409,0,769,3,0,3,772
11/23/2006,PBI,FL,ASO,ES,Combined TRACON& Tower with Radar,155,57,50,0,262,0,0,48,0,48,155,57,98,0,310,2,0,2,312
11/24/2006,PBI,FL,ASO,ES,Combined TRACON& Tower with Radar,160,87,141,0,388,0,1,88,0,89,160,88,229,0,477,8,0,8,485
11/25/2006,PBI,FL,ASO,ES,Combined TRACON& Tower with Radar,175,126,145,1,447,0,0,92,0,92,175,126,237,1,539,2,0,2,541
11/26/2006,PBI,FL,ASO,ES,Combined TRACON& Tower with Radar,179,195,389,2,765,0,1,115,0,116,179,196,504,2,881,2,0,2,883
11/27/2006,PBI,FL,ASO,ES,Combined TRACON& Tower with Radar,189,157,182,1,529,0,0,107,1,108,189,157,289,2,637,6,0,6,643
11/28/2006,PBI,FL,ASO,ES,Combined TRACON& Tower with Radar,152,106,138,6,402,0,0,76,1,77,152,106,214,7,479,12,0,12,491
11/29/2006,PBI,FL,ASO,ES,Combined TRACON& Tower with Radar,162,116,142,1,421,0,0,68,0,68,162,116,210,1,489,12,0,12,501
11/30/2006,PBI,FL,ASO,ES,Combined TRACON& Tower with Radar,155,113,155,4,427,0,0,74,1,75,155,113,229,5,502,15,0,15,517
12/01/2006,PBI,FL,ASO,ES,Combined TRACON& Tower with Radar,160,113,168,0,441,0,0,73,0,73,160,113,241,0,514,6,0,6,520
12/02/2006,PBI,FL,ASO,ES,Combined TRACON& Tower with Radar,167,112,107,1,387,0,0,78,0,78,167,112,185,1,465,5,0,5,470
12/03/2006,PBI,FL,ASO,ES,Combined TRACON& Tower with Radar,146,122,194,2,464,0,0,59,0,59,146,122,253,2,523,30,0,30,553
12/04/2006,PBI,FL,ASO,ES,Combined TRACON& Tower with Radar,151,129,120,2,402,0,0,63,0,63,151,129,183,2,465,0,0,0,465
12/05/2006,PBI,FL,ASO,ES,Combined TRACON& Tower with Radar,156,130,138,1,425,2,1,68,1,72,158,131,206,2,497,2,0,2,499
12/06/2006,PBI,FL,ASO,ES,Combined TRACON& Tower with Radar,160,122,160,1,443,0,0,98,0,98,160,122,258,1,541,20,0,20,561
12/07/2006,PBI,FL,ASO,ES,Combined TRACON& Tower with Radar,159,104,160,5,428,0,0,107,0,107,159,104,267,5,535,10,0,10,545
12/08/2006,PBI,FL,ASO,ES,Combined TRACON& Tower with Radar,176,117,158,2,453,0,0,25,0,25,176,117,183,2,478,0,0,0,478
12/09/2006,PBI,FL,ASO,ES,Combined TRACON& Tower with Radar,157,93,97,1,348,0,0,57,0,57,157,93,154,1,405,0,0,0,405
12/10/2006,PBI,FL,ASO,ES,Combined TRACON& Tower with Radar,150,117,163,7,437,0,0,105,0,105,150,117,268,7,542,7,0,7,549
12/11/2006,PBI,FL,ASO,ES,Combined TRACON& Tower with Radar,170,106,132,4,412,0,0,87,0,87,170,106,219,4,499,8,2,10,509
12/12/2006,PBI,FL,ASO,ES,Combined TRACON& Tower with Radar,161,111,126,0,398,0,0,94,0,94,161,111,220,0,492,1,0,1,493
12/13/2006,PBI,FL,ASO,ES,Combined TRACON& Tower with Radar,161,93,140,3,397,0,1,88,0,89,161,94,228,3,486,2,0,2,488
12/14/2006,PBI,FL,ASO,ES,Combined TRACON& Tower with Radar,175,102,131,0,408,0,0,9,0,9,175,102,140,0,417,0,0,0,417
12/15/2006,PBI,FL,ASO,ES,Combined TRACON& Tower with Radar,188,160,159,3,510,0,1,94,0,95,188,161,253,3,605,2,0,2,607
12/16/2006,PBI,FL,ASO,ES,Combined TRACON& Tower with Radar,192,105,178,17,492,0,3,35,0,38,192,108,213,17,530,0,0,0,530
12/17/2006,PBI,FL,ASO,ES,Combined TRACON& Tower with Radar,184,125,142,0,451,0,0,64,0,64,184,125,206,0,515,0,0,0,515
12/18/2006,PBI,FL,ASO,ES,Combined TRACON& Tower with Radar,197,98,134,3,432,0,1,113,0,114,197,99,247,3,546,38,0,38,584
12/19/2006,PBI,FL,ASO,ES,Combined TRACON& Tower with Radar,202,111,136,0,449,0,0,77,0,77,202,111,213,0,526,0,0,0,526
12/20/2006,PBI,FL,ASO,ES,Combined TRACON& Tower with Radar,204,125,187,3,519,0,0,115,0,115,204,125,302,3,634,13,0,13,647
12/21/2006,PBI,FL,ASO,ES,Combined TRACON& Tower with Radar,213,144,197,5,559,0,1,119,0,120,213,145,316,5,679,9,0,9,688
12/22/2006,PBI,FL,ASO,ES,Combined TRACON& Tower with Radar,218,157,196,1,572,0,0,58,0,58,218,157,254,1,630,0,0,0,630
12/23/2006,PBI,FL,ASO,ES,Combined TRACON& Tower with Radar,215,121,144,2,482,0,2,48,0,50,215,123,192,2,532,5,0,5,537
12/24/2006,PBI,FL,ASO,ES,Combined TRACON& Tower with Radar,201,98,105,0,404,0,0,25,0,25,201,98,130,0,429,0,0,0,429
12/25/2006,PBI,FL,ASO,ES,Combined TRACON& Tower with Radar,201,127,58,0,386,0,0,30,0,30,201,127,88,0,416,0,0,0,416
12/26/2006,PBI,FL,ASO,ES,Combined TRACON& Tower with Radar,194,188,305,4,691,0,0,52,0,52,194,188,357,4,743,0,0,0,743
12/27/2006,PBI,FL,ASO,ES,Combined TRACON& Tower with Radar,235,206,300,0,741,0,0,117,0,117,235,206,417,0,858,1,0,1,859
12/28/2006,PBI,FL,ASO,ES,Combined TRACON& Tower with Radar,218,154,193,1,566,0,0,95,0,95,218,154,288,1,661,7,0,7,668
12/29/2006,PBI,FL,ASO,ES,Combined TRACON& Tower with Radar,217,121,168,2,508,0,1,66,0,67,217,122,234,2,575,0,0,0,575
12/30/2006,PBI,FL,ASO,ES,Combined TRACON& Tower with Radar,214,128,197,0,539,0,3,82,0,85,214,131,279,0,624,0,0,0,624
12/31/2006,PBI,FL,ASO,ES,Combined TRACON& Tower with Radar,207,140,111,0,458,0,0,61,0,61,207,140,172,0,519,0,0,0,519
01/01/2007,PBI,FL,ASO,ES,Combined TRACON& Tower with Radar,183,199,242,0,624,0,1,111,0,112,183,200,353,0,736,13,0,13,749
01/02/2007,PBI,FL,ASO,ES,Combined TRACON& Tower with Radar,222,206,353,0,781,0,0,109,0,109,222,206,462,0,890,0,0,0,890
01/03/2007,PBI,FL,ASO,ES,Combined TRACON& Tower with Radar,231,178,241,3,653,0,0,106,0,106,231,178,347,3,759,7,0,7,766
01/04/2007,PBI,FL,ASO,ES,Combined TRACON& Tower with Radar,198,139,207,2,546,0,1,76,0,77,198,140,283,2,623,2,0,2,625
01/05/2007,PBI,FL,ASO,ES,Combined TRACON& Tower with Radar,191,126,170,12,499,0,0,76,0,76,191,126,246,12,575,3,0,3,578
01/06/2007,PBI,FL,ASO,ES,Combined TRACON& Tower with Radar,196,139,143,2,480,0,1,79,0,80,196,140,222,2,560,2,0,2,562
01/07/2007,PBI,FL,ASO,ES,Combined TRACON& Tower with Radar,184,137,217,4,542,0,2,79,0,81,184,139,296,4,623,2,0,2,625
01/08/2007,PBI,FL,ASO,ES,Combined TRACON& Tower with Radar,197,109,127,2,435,0,0,114,0,114,197,109,241,2,549,0,0,0,549
01/09/2007,PBI,FL,ASO,ES,Combined TRACON& Tower with Radar,197,97,126,1,421,0,0,128,0,128,197,97,254,1,549,23,0,23,572
01/10/2007,PBI,FL,ASO,ES,Combined TRACON& Tower with Radar,205,108,123,4,440,0,0,97,0,97,205,108,220,4,537,0,0,0,537
01/11/2007,PBI,FL,ASO,ES,Combined TRACON& Tower with Radar,201,126,172,1,500,0,1,83,0,84,201,127,255,1,584,6,0,6,590
01/12/2007,PBI,FL,ASO,ES,Combined TRACON& Tower with Radar,211,173,231,3,618,0,0,148,0,148,211,173,379,3,766,2,0,2,768
01/13/2007,PBI,FL,ASO,ES,Combined TRACON& Tower with Radar,216,100,106,2,424,0,0,116,0,116,216,100,222,2,540,0,0,0,540
01/14/2007,PBI,FL,ASO,ES,Combined TRACON& Tower with Radar,183,121,192,0,496,0,0,73,0,73,183,121,265,0,569,0,0,0,569
01/15/2007,PBI,FL,ASO,ES,Combined TRACON& Tower with Radar,192,214,219,0,625,0,0,60,0,60,192,214,279,0,685,0,0,0,685
01/16/2007,PBI,FL,ASO,ES,Combined TRACON& Tower with Radar,204,119,169,5,497,0,0,50,0,50,204,119,219,5,547,0,0,0,547
01/17/2007,PBI,FL,ASO,ES,Combined TRACON& Tower with Radar,201,114,167,3,485,0,0,48,0,48,201,114,215,3,533,0,0,0,533
01/18/2007,PBI,FL,ASO,ES,Combined TRACON& Tower with Radar,207,139,174,3,523,0,0,120,0,120,207,139,294,3,643,12,0,12,655
01/19/2007,PBI,FL,ASO,ES,Combined TRACON& Tower with Radar,203,158,237,1,599,0,1,100,3,104,203,159,337,4,703,10,0,10,713
01/20/2007,PBI,FL,ASO,ES,Combined TRACON& Tower with Radar,204,89,164,1,458,0,0,118,0,118,204,89,282,1,576,9,0,9,585
01/21/2007,PBI,FL,ASO,ES,Combined TRACON& Tower with Radar,180,161,236,2,579,0,0,131,0,131,180,161,367,2,710,17,0,17,727
01/22/2007,PBI,FL,ASO,ES,Combined TRACON& Tower with Radar,204,112,159,0,475,0,0,82,0,82,204,112,241,0,557,2,0,2,559
01/23/2007,PBI,FL,ASO,ES,Combined TRACON& Tower with Radar,205,112,142,0,459,0,0,61,0,61,205,112,203,0,520,5,0,5,525
01/24/2007,PBI,FL,ASO,ES,Combined TRACON& Tower with Radar,196,114,160,7,477,0,2,75,0,77,196,116,235,7,554,9,0,9,563
01/25/2007,PBI,FL,ASO,ES,Combined TRACON& Tower with Radar,210,163,297,0,670,0,0,58,0,58,210,163,355,0,728,2,0,2,730
01/26/2007,PBI,FL,ASO,ES,Combined TRACON& Tower with Radar,200,145,209,0,554,0,0,158,0,158,200,145,367,0,712,16,0,16,728
01/27/2007,PBI,FL,ASO,ES,Combined TRACON& Tower with Radar,202,114,161,2,479,0,0,80,0,80,202,114,241,2,559,6,0,6,565
01/28/2007,PBI,FL,ASO,ES,Combined TRACON& Tower with Radar,194,194,292,5,685,0,0,98,0,98,194,194,390,5,783,2,0,2,785
01/29/2007,PBI,FL,ASO,ES,Combined TRACON& Tower with Radar,205,117,147,2,471,0,0,116,0,116,205,117,263,2,587,8,0,8,595
01/30/2007,PBI,FL,ASO,ES,Combined TRACON& Tower with Radar,194,91,166,0,451,0,0,89,0,89,194,91,255,0,540,0,6,6,546
01/31/2007,PBI,FL,ASO,ES,Combined TRACON& Tower with Radar,192,116,169,2,479,0,0,99,0,99,192,116,268,2,578,0,0,0,578
02/01/2007,PBI,FL,ASO,ES,Combined TRACON& Tower with Radar,195,171,215,4,585,0,8,99,0,107,195,179,314,4,692,9,0,9,701
02/02/2007,PBI,FL,ASO,ES,Combined TRACON& Tower with Radar,205,179,236,2,622,0,0,75,1,76,205,179,311,3,698,12,0,12,710
02/03/2007,PBI,FL,ASO,ES,Combined TRACON& Tower with Radar,202,115,145,2,464,0,0,70,0,70,202,115,215,2,534,0,0,0,534
02/04/2007,PBI,FL,ASO,ES,Combined TRACON& Tower with Radar,195,179,211,2,587,0,0,13,0,13,195,179,224,2,600,0,0,0,600
02/05/2007,PBI,FL,ASO,ES,Combined TRACON& Tower with Radar,197,159,268,6,630,0,0,77,0,77,197,159,345,6,707,7,0,7,714
02/06/2007,PBI,FL,ASO,ES,Combined TRACON& Tower with Radar,190,133,151,5,479,0,2,67,0,69,190,135,218,5,548,10,0,10,558
02/07/2007,PBI,FL,ASO,ES,Combined TRACON& Tower with Radar,187,113,168,5,473,0,0,152,0,152,187,113,320,5,625,2,0,2,627
02/08/2007,PBI,FL,ASO,ES,Combined TRACON& Tower with Radar,209,131,186,5,531,0,0,105,0,105,209,131,291,5,636,0,0,0,636
02/09/2007,PBI,FL,ASO,ES,Combined TRACON& Tower with Radar,209,165,211,7,592,0,0,96,0,96,209,165,307,7,688,0,0,0,688
02/10/2007,PBI,FL,ASO,ES,Combined TRACON& Tower with Radar,198,95,167,2,462,0,0,90,0,90,198,95,257,2,552,17,0,17,569
02/11/2007,PBI,FL,ASO,ES,Combined TRACON& Tower with Radar,198,181,249,1,629,0,0,99,0,99,198,181,348,1,728,2,0,2,730
02/12/2007,PBI,FL,ASO,ES,Combined TRACON& Tower with Radar,190,137,189,4,520,0,1,69,1,71,190,138,258,5,591,7,0,7,598
02/13/2007,PBI,FL,ASO,ES,Combined TRACON& Tower with Radar,187,106,172,0,465,0,0,72,0,72,187,106,244,0,537,2,0,2,539
02/14/2007,PBI,FL,ASO,ES,Combined TRACON& Tower with Radar,132,126,168,1,427,0,0,106,0,106,132,126,274,1,533,22,0,22,555
02/15/2007,PBI,FL,ASO,ES,Combined TRACON& Tower with Radar,188,195,320,4,707,0,2,114,2,118,188,197,434,6,825,2,0,2,827
02/16/2007,PBI,FL,ASO,ES,Combined TRACON& Tower with Radar,239,212,371,5,827,0,0,159,0,159,239,212,530,5,986,2,0,2,988
02/17/2007,PBI,FL,ASO,ES,Combined TRACON& Tower with Radar,221,199,232,2,654,0,1,150,0,151,221,200,382,2,805,0,0,0,805
02/18/2007,PBI,FL,ASO,ES,Combined TRACON& Tower with Radar,223,179,221,3,626,0,0,61,0,61,223,179,282,3,687,4,0,4,691
02/19/2007,PBI,FL,ASO,ES,Combined TRACON& Tower with Radar,205,227,339,2,773,0,0,139,0,139,205,227,478,2,912,23,0,23,935
02/20/2007,PBI,FL,ASO,ES,Combined TRACON& Tower with Radar,210,154,220,5,589,0,0,72,2,74,210,154,292,7,663,0,0,0,663
02/21/2007,PBI,FL,ASO,ES,Combined TRACON& Tower with Radar,228,130,189,3,550,0,2,110,0,112,228,132,299,3,662,4,0,4,666
02/22/2007,PBI,FL,ASO,ES,Combined TRACON& Tower with Radar,246,153,215,1,615,0,0,152,3,155,246,153,367,4,770,4,10,14,784
02/23/2007,PBI,FL,ASO,ES,Combined TRACON& Tower with Radar,223,168,227,0,618,0,0,161,0,161,223,168,388,0,779,0,0,0,779
02/24/2007,PBI,FL,ASO,ES,Combined TRACON& Tower with Radar,214,143,185,1,543,0,1,108,0,109,214,144,293,1,652,23,0,23,675
02/25/2007,PBI,FL,ASO,ES,Combined TRACON& Tower with Radar,200,191,299,2,692,0,0,88,0,88,200,191,387,2,780,2,0,2,782
02/26/2007,PBI,FL,ASO,ES,Combined TRACON& Tower with Radar,200,168,202,4,574,0,1,50,1,52,200,169,252,5,626,2,0,2,628
02/27/2007,PBI,FL,ASO,ES,Combined TRACON& Tower with Radar,241,117,157,2,517,0,1,78,0,79,241,118,235,2,596,6,0,6,602
02/28/2007,PBI,FL,ASO,ES,Combined TRACON& Tower with Radar,220,138,213,3,574,0,0,77,1,78,220,138,290,4,652,1,0,1,653
03/01/2007,PBI,FL,ASO,ES,Combined TRACON& Tower with Radar,208,160,187,2,557,0,1,95,0,96,208,161,282,2,653,12,0,12,665
03/02/2007,PBI,FL,ASO,ES,Combined TRACON& Tower with Radar,234,160,228,0,622,0,0,84,0,84,234,160,312,0,706,5,0,5,711
03/03/2007,PBI,FL,ASO,ES,Combined TRACON& Tower with Radar,223,138,197,0,558,0,0,54,0,54,223,138,251,0,612,12,0,12,624
03/04/2007,PBI,FL,ASO,ES,Combined TRACON& Tower with Radar,220,192,244,0,656,0,0,74,0,74,220,192,318,0,730,2,0,2,732
03/05/2007,PBI,FL,ASO,ES,Combined TRACON& Tower with Radar,216,144,187,3,550,0,0,116,0,116,216,144,303,3,666,17,0,17,683
03/06/2007,PBI,FL,ASO,ES,Combined TRACON& Tower with Radar,215,113,175,0,503,0,0,119,0,119,215,113,294,0,622,6,0,6,628
03/07/2007,PBI,FL,ASO,ES,Combined TRACON& Tower with Radar,218,149,193,3,563,0,0,108,0,108,218,149,301,3,671,2,0,2,673
03/08/2007,PBI,FL,ASO,ES,Combined TRACON& Tower with Radar,227,172,239,0,638,0,0,159,0,159,227,172,398,0,797,22,0,22,819
03/09/2007,PBI,FL,ASO,ES,Combined TRACON& Tower with Radar,226,147,253,0,626,0,1,66,0,67,226,148,319,0,693,0,0,0,693
03/10/2007,PBI,FL,ASO,ES,Combined TRACON& Tower with Radar,216,147,191,1,555,0,2,112,1,115,216,149,303,2,670,13,0,13,683
03/11/2007,PBI,FL,ASO,ES,Combined TRACON& Tower with Radar,219,162,281,1,663,0,2,104,0,106,219,164,385,1,769,2,0,2,771
03/12/2007,PBI,FL,ASO,ES,Combined TRACON& Tower with Radar,216,113,187,2,518,0,1,101,0,102,216,114,288,2,620,9,0,9,629
03/13/2007,PBI,FL,ASO,ES,Combined TRACON& Tower with Radar,222,112,137,3,474,0,2,80,0,82,222,114,217,3,556,6,0,6,562
03/14/2007,PBI,FL,ASO,ES,Combined TRACON& Tower with Radar,226,116,200,2,544,0,0,151,0,151,226,116,351,2,695,12,0,12,707
03/15/2007,PBI,FL,ASO,ES,Combined TRACON& Tower with Radar,226,165,252,7,650,0,3,89,0,92,226,168,341,7,742,4,0,4,746
03/16/2007,PBI,FL,ASO,ES,Combined TRACON& Tower with Radar,180,156,265,8,609,0,3,64,0,67,180,159,329,8,676,0,0,0,676
03/17/2007,PBI,FL,ASO,ES,Combined TRACON& Tower with Radar,177,176,252,2,607,0,1,94,0,95,177,177,346,2,702,0,0,0,702
03/18/2007,PBI,FL,ASO,ES,Combined TRACON& Tower with Radar,214,192,320,3,729,0,3,100,0,103,214,195,420,3,832,0,0,0,832
03/19/2007,PBI,FL,ASO,ES,Combined TRACON& Tower with Radar,226,166,207,0,599,0,0,125,0,125,226,166,332,0,724,4,0,4,728
03/20/2007,PBI,FL,ASO,ES,Combined TRACON& Tower with Radar,222,129,158,2,511,1,0,85,0,86,223,129,243,2,597,13,0,13,610
03/21/2007,PBI,FL,ASO,ES,Combined TRACON& Tower with Radar,229,123,156,0,508,0,0,109,0,109,229,123,265,0,617,0,0,0,617
03/22/2007,PBI,FL,ASO,ES,Combined TRACON& Tower with Radar,219,150,217,2,588,0,3,89,0,92,219,153,306,2,680,10,0,10,690
03/23/2007,PBI,FL,ASO,ES,Combined TRACON& Tower with Radar,224,164,263,3,654,0,0,117,0,117,224,164,380,3,771,16,0,16,787
03/24/2007,PBI,FL,ASO,ES,Combined TRACON& Tower with Radar,234,169,247,0,650,0,0,125,3,128,234,169,372,3,778,2,0,2,780
03/25/2007,PBI,FL,ASO,ES,Combined TRACON& Tower with Radar,252,205,330,3,790,0,1,140,0,141,252,206,470,3,931,14,0,14,945
03/26/2007,PBI,FL,ASO,ES,Combined TRACON& Tower with Radar,224,154,188,6,572,0,1,145,0,146,224,155,333,6,718,2,0,2,720
03/27/2007,PBI,FL,ASO,ES,Combined TRACON& Tower with Radar,225,133,176,3,537,0,0,128,0,128,225,133,304,3,665,13,0,13,678
03/28/2007,PBI,FL,ASO,ES,Combined TRACON& Tower with Radar,224,139,189,6,558,0,0,109,1,110,224,139,298,7,668,14,0,14,682
03/29/2007,PBI,FL,ASO,ES,Combined TRACON& Tower with Radar,219,129,211,4,563,0,2,200,0,202,219,131,411,4,765,14,0,14,779
03/30/2007,PBI,FL,ASO,ES,Combined TRACON& Tower with Radar,236,186,246,0,668,0,3,100,0,103,236,189,346,0,771,2,0,2,773
03/31/2007,PBI,FL,ASO,ES,Combined TRACON& Tower with Radar,227,197,243,0,667,1,0,127,0,128,228,197,370,0,795,13,0,13,808
04/01/2007,PBI,FL,ASO,ES,Combined TRACON& Tower with Radar,220,186,322,1,729,0,2,102,0,104,220,188,424,1,833,2,0,2,835
04/02/2007,PBI,FL,ASO,ES,Combined TRACON& Tower with Radar,222,132,203,4,561,0,0,118,1,119,222,132,321,5,680,6,0,6,686
04/03/2007,PBI,FL,ASO,ES,Combined TRACON& Tower with Radar,213,115,155,4,487,0,0,107,2,109,213,115,262,6,596,2,0,2,598
04/04/2007,PBI,FL,ASO,ES,Combined TRACON& Tower with Radar,216,164,175,1,556,0,3,159,0,162,216,167,334,1,718,8,0,8,726
04/05/2007,PBI,FL,ASO,ES,Combined TRACON& Tower with Radar,218,176,248,2,644,0,5,139,0,144,218,181,387,2,788,8,0,8,796
04/06/2007,PBI,FL,ASO,ES,Combined TRACON& Tower with Radar,228,166,241,1,636,0,1,97,0,98,228,167,338,1,734,0,0,0,734
04/07/2007,PBI,FL,ASO,ES,Combined TRACON& Tower with Radar,221,133,140,1,495,0,1,99,0,100,221,134,239,1,595,15,0,15,610
04/08/2007,PBI,FL,ASO,ES,Combined TRACON& Tower with Radar,216,167,210,1,594,0,1,115,0,116,216,168,325,1,710,8,0,8,718
04/09/2007,PBI,FL,ASO,ES,Combined TRACON& Tower with Radar,223,176,277,0,676,0,1,121,0,122,223,177,398,0,798,2,0,2,800
04/10/2007,PBI,FL,ASO,ES,Combined TRACON& Tower with Radar,220,141,179,1,541,0,0,102,0,102,220,141,281,1,643,0,0,0,643
04/11/2007,PBI,FL,ASO,ES,Combined TRACON& Tower with Radar,223,120,192,5,540,0,0,87,0,87,223,120,279,5,627,4,0,4,631
04/12/2007,PBI,FL,ASO,ES,Combined TRACON& Tower with Radar,246,143,193,3,585,0,0,106,0,106,246,143,299,3,691,6,0,6,697
04/13/2007,PBI,FL,ASO,ES,Combined TRACON& Tower with Radar,234,151,203,4,592,0,2,143,1,146,234,153,346,5,738,10,0,10,748
04/14/2007,PBI,FL,ASO,ES,Combined TRACON& Tower with Radar,224,145,138,3,510,0,0,84,0,84,224,145,222,3,594,6,0,6,600
04/15/2007,PBI,FL,ASO,ES,Combined TRACON& Tower with Radar,185,134,192,2,513,0,0,112,0,112,185,134,304,2,625,11,0,11,636
04/16/2007,PBI,FL,ASO,ES,Combined TRACON& Tower with Radar,205,148,209,4,566,0,0,145,0,145,205,148,354,4,711,8,2,10,721
04/17/2007,PBI,FL,ASO,ES,Combined TRACON& Tower with Radar,211,105,168,3,487,0,2,91,2,95,211,107,259,5,582,8,0,8,590
04/18/2007,PBI,FL,ASO,ES,Combined TRACON& Tower with Radar,218,129,158,1,506,0,2,110,0,112,218,131,268,1,618,2,0,2,620
04/19/2007,PBI,FL,ASO,ES,Combined TRACON& Tower with Radar,223,136,162,2,523,0,5,129,0,134,223,141,291,2,657,12,0,12,669
04/20/2007,PBI,FL,ASO,ES,Combined TRACON& Tower with Radar,205,121,183,8,517,0,3,138,0,141,205,124,321,8,658,14,2,16,674
04/21/2007,PBI,FL,ASO,ES,Combined TRACON& Tower with Radar,213,101,126,2,442,0,0,67,0,67,213,101,193,2,509,8,0,8,517
04/22/2007,PBI,FL,ASO,ES,Combined TRACON& Tower with Radar,210,125,206,6,547,0,0,142,1,143,210,125,348,7,690,0,0,0,690
04/23/2007,PBI,FL,ASO,ES,Combined TRACON& Tower with Radar,219,134,122,2,477,0,1,75,0,76,219,135,197,2,553,2,0,2,555
04/24/2007,PBI,FL,ASO,ES,Combined TRACON& Tower with Radar,205,110,158,2,475,0,1,104,0,105,205,111,262,2,580,18,0,18,598
04/25/2007,PBI,FL,ASO,ES,Combined TRACON& Tower with Radar,207,119,151,6,483,0,3,101,0,104,207,122,252,6,587,2,0,2,589
04/26/2007,PBI,FL,ASO,ES,Combined TRACON& Tower with Radar,208,130,168,1,507,0,0,110,0,110,208,130,278,1,617,0,0,0,617
04/27/2007,PBI,FL,ASO,ES,Combined TRACON& Tower with Radar,220,126,156,2,504,0,2,110,0,112,220,128,266,2,616,19,0,19,635
04/28/2007,PBI,FL,ASO,ES,Combined TRACON& Tower with Radar,209,105,125,3,442,0,0,95,0,95,209,105,220,3,537,0,0,0,537
04/29/2007,PBI,FL,ASO,ES,Combined TRACON& Tower with Radar,206,148,186,2,542,0,1,110,0,111,206,149,296,2,653,15,0,15,668
04/30/2007,PBI,FL,ASO,ES,Combined TRACON& Tower with Radar,202,124,139,0,465,0,0,96,0,96,202,124,235,0,561,10,0,10,571
05/01/2007,PBI,FL,ASO,ES,Combined TRACON& Tower with Radar,181,117,115,4,417,0,0,107,0,107,181,117,222,4,524,20,0,20,544
05/02/2007,PBI,FL,ASO,ES,Combined TRACON& Tower with Radar,180,94,138,1,413,0,0,84,0,84,180,94,222,1,497,0,0,0,497
05/03/2007,PBI,FL,ASO,ES,Combined TRACON& Tower with Radar,186,121,144,0,451,0,3,104,0,107,186,124,248,0,558,4,0,4,562
05/04/2007,PBI,FL,ASO,ES,Combined TRACON& Tower with Radar,185,109,128,2,424,0,1,91,0,92,185,110,219,2,516,10,0,10,526
05/05/2007,PBI,FL,ASO,ES,Combined TRACON& Tower with Radar,168,88,120,0,376,0,0,105,0,105,168,88,225,0,481,0,0,0,481
05/06/2007,PBI,FL,ASO,ES,Combined TRACON& Tower with Radar,180,118,153,1,452,0,0,100,0,100,180,118,253,1,552,6,0,6,558
05/07/2007,PBI,FL,ASO,ES,Combined TRACON& Tower with Radar,181,122,123,0,426,0,0,49,0,49,181,122,172,0,475,0,0,0,475
05/08/2007,PBI,FL,ASO,ES,Combined TRACON& Tower with Radar,163,107,112,1,383,1,2,114,0,117,164,109,226,1,500,0,0,0,500
05/09/2007,PBI,FL,ASO,ES,Combined TRACON& Tower with Radar,183,91,136,2,412,0,0,69,0,69,183,91,205,2,481,0,0,0,481
05/10/2007,PBI,FL,ASO,ES,Combined TRACON& Tower with Radar,173,125,145,5,448,0,0,0,0,0,173,125,145,5,448,14,10,24,472
05/11/2007,PBI,FL,ASO,ES,Combined TRACON& Tower with Radar,197,113,158,1,469,0,2,112,0,114,197,115,270,1,583,0,0,0,583
05/12/2007,PBI,FL,ASO,ES,Combined TRACON& Tower with Radar,168,64,106,2,340,0,0,59,0,59,168,64,165,2,399,5,1,6,405
05/13/2007,PBI,FL,ASO,ES,Combined TRACON& Tower with Radar,178,101,189,0,468,0,2,88,0,90,178,103,277,0,558,0,0,0,558
05/14/2007,PBI,FL,ASO,ES,Combined TRACON& Tower with Radar,173,100,147,6,426,0,0,55,0,55,173,100,202,6,481,0,0,0,481
05/15/2007,PBI,FL,ASO,ES,Combined TRACON& Tower with Radar,160,91,102,0,353,0,0,48,0,48,160,91,150,0,401,2,0,2,403
05/16/2007,PBI,FL,ASO,ES,Combined TRACON& Tower with Radar,177,88,125,3,393,0,1,69,0,70,177,89,194,3,463,2,0,2,465
05/17/2007,PBI,FL,ASO,ES,Combined TRACON& Tower with Radar,192,100,148,3,443,0,3,118,0,121,192,103,266,3,564,10,0,10,574
05/18/2007,PBI,FL,ASO,ES,Combined TRACON& Tower with Radar,168,82,159,4,413,0,3,49,0,52,168,85,208,4,465,0,0,0,465
05/19/2007,PBI,FL,ASO,ES,Combined TRACON& Tower with Radar,181,86,104,0,371,0,0,46,0,46,181,86,150,0,417,0,0,0,417
05/20/2007,PBI,FL,ASO,ES,Combined TRACON& Tower with Radar,144,98,136,5,383,0,0,72,0,72,144,98,208,5,455,0,0,0,455
05/21/2007,PBI,FL,ASO,ES,Combined TRACON& Tower with Radar,151,87,103,0,341,0,0,90,0,90,151,87,193,0,431,1,0,1,432
05/22/2007,PBI,FL,ASO,ES,Combined TRACON& Tower with Radar,173,91,119,5,388,0,1,114,0,115,173,92,233,5,503,0,0,0,503
05/23/2007,PBI,FL,ASO,ES,Combined TRACON& Tower with Radar,182,93,132,14,421,0,0,104,0,104,182,93,236,14,525,2,0,2,527
05/24/2007,PBI,FL,ASO,ES,Combined TRACON& Tower with Radar,166,117,151,2,436,0,2,140,0,142,166,119,291,2,578,6,0,6,584
05/25/2007,PBI,FL,ASO,ES,Combined TRACON& Tower with Radar,181,115,178,0,474,0,2,142,0,144,181,117,320,0,618,2,0,2,620
05/26/2007,PBI,FL,ASO,ES,Combined TRACON& Tower with Radar,159,88,111,1,359,0,0,73,0,73,159,88,184,1,432,5,0,5,437
05/27/2007,PBI,FL,ASO,ES,Combined TRACON& Tower with Radar,145,64,102,2,313,0,1,68,0,69,145,65,170,2,382,2,0,2,384
05/28/2007,PBI,FL,ASO,ES,Combined TRACON& Tower with Radar,160,131,159,1,451,0,0,128,0,128,160,131,287,1,579,10,0,10,589
05/29/2007,PBI,FL,ASO,ES,Combined TRACON& Tower with Radar,161,80,127,0,368,1,1,112,0,114,162,81,239,0,482,17,0,17,499
05/30/2007,PBI,FL,ASO,ES,Combined TRACON& Tower with Radar,168,106,112,1,387,0,2,89,0,91,168,108,201,1,478,0,0,0,478
05/31/2007,PBI,FL,ASO,ES,Combined TRACON& Tower with Radar,195,86,136,0,417,0,0,106,0,106,195,86,242,0,523,2,0,2,525
06/01/2007,PBI,FL,ASO,ES,Combined TRACON& Tower with Radar,169,104,151,1,425,0,0,48,0,48,169,104,199,1,473,0,0,0,473
06/02/2007,PBI,FL,ASO,ES,Combined TRACON& Tower with Radar,174,89,83,0,346,0,1,12,0,13,174,90,95,0,359,8,0,8,367
06/03/2007,PBI,FL,ASO,ES,Combined TRACON& Tower with Radar,145,73,124,0,342,0,0,96,0,96,145,73,220,0,438,6,2,8,446
06/04/2007,PBI,FL,ASO,ES,Combined TRACON& Tower with Radar,173,72,125,2,372,0,0,55,0,55,173,72,180,2,427,0,0,0,427
06/05/2007,PBI,FL,ASO,ES,Combined TRACON& Tower with Radar,166,86,110,3,365,0,0,76,0,76,166,86,186,3,441,24,0,24,465
06/06/2007,PBI,FL,ASO,ES,Combined TRACON& Tower with Radar,168,71,132,3,374,0,0,72,0,72,168,71,204,3,446,0,0,0,446
06/07/2007,PBI,FL,ASO,ES,Combined TRACON& Tower with Radar,147,86,130,1,364,0,0,106,0,106,147,86,236,1,470,0,0,0,470
06/08/2007,PBI,FL,ASO,ES,Combined TRACON& Tower with Radar,155,83,118,0,356,0,2,45,0,47,155,85,163,0,403,0,0,0,403
06/09/2007,PBI,FL,ASO,ES,Combined TRACON& Tower with Radar,151,92,94,0,337,0,2,102,0,104,151,94,196,0,441,15,0,15,456
06/10/2007,PBI,FL,ASO,ES,Combined TRACON& Tower with Radar,132,81,142,0,355,0,1,91,0,92,132,82,233,0,447,8,0,8,455
06/11/2007,PBI,FL,ASO,ES,Combined TRACON& Tower with Radar,135,88,87,2,312,0,2,66,0,68,135,90,153,2,380,0,0,0,380
06/12/2007,PBI,FL,ASO,ES,Combined TRACON& Tower with Radar,150,88,90,3,331,0,2,64,0,66,150,90,154,3,397,4,0,4,401
06/13/2007,PBI,FL,ASO,ES,Combined TRACON& Tower with Radar,162,76,138,1,377,0,0,82,0,82,162,76,220,1,459,9,0,9,468
06/14/2007,PBI,FL,ASO,ES,Combined TRACON& Tower with Radar,142,87,126,3,358,0,0,85,0,85,142,87,211,3,443,2,0,2,445
06/15/2007,PBI,FL,ASO,ES,Combined TRACON& Tower with Radar,155,97,128,5,385,0,0,53,0,53,155,97,181,5,438,0,0,0,438
06/16/2007,PBI,FL,ASO,ES,Combined TRACON& Tower with Radar,137,84,77,0,298,0,0,58,0,58,137,84,135,0,356,2,0,2,358
06/17/2007,PBI,FL,ASO,ES,Combined TRACON& Tower with Radar,139,81,114,2,336,0,1,76,0,77,139,82,190,2,413,6,0,6,419
06/18/2007,PBI,FL,ASO,ES,Combined TRACON& Tower with Radar,142,85,111,13,351,0,0,97,0,97,142,85,208,13,448,8,0,8,456
06/19/2007,PBI,FL,ASO,ES,Combined TRACON& Tower with Radar,134,68,86,6,294,0,0,93,0,93,134,68,179,6,387,1,0,1,388
06/20/2007,PBI,FL,ASO,ES,Combined TRACON& Tower with Radar,154,82,87,3,326,0,0,100,0,100,154,82,187,3,426,4,0,4,430
06/21/2007,PBI,FL,ASO,ES,Combined TRACON& Tower with Radar,157,72,102,0,331,0,0,80,0,80,157,72,182,0,411,8,0,8,419
06/22/2007,PBI,FL,ASO,ES,Combined TRACON& Tower with Radar,162,73,123,2,360,0,0,104,0,104,162,73,227,2,464,6,0,6,470
06/23/2007,PBI,FL,ASO,ES,Combined TRACON& Tower with Radar,147,64,86,1,298,0,3,78,0,81,147,67,164,1,379,0,0,0,379
06/24/2007,PBI,FL,ASO,ES,Combined TRACON& Tower with Radar,145,91,106,0,342,0,0,135,0,135,145,91,241,0,477,9,0,9,486
06/25/2007,PBI,FL,ASO,ES,Combined TRACON& Tower with Radar,149,83,83,5,320,0,1,90,0,91,149,84,173,5,411,8,0,8,419
06/26/2007,PBI,FL,ASO,ES,Combined TRACON& Tower with Radar,153,65,59,1,278,0,0,66,0,66,153,65,125,1,344,0,0,0,344
06/27/2007,PBI,FL,ASO,ES,Combined TRACON& Tower with Radar,155,81,100,3,339,0,0,79,0,79,155,81,179,3,418,6,0,6,424
06/28/2007,PBI,FL,ASO,ES,Combined TRACON& Tower with Radar,123,91,117,1,332,0,1,51,0,52,123,92,168,1,384,3,0,3,387
06/29/2007,PBI,FL,ASO,ES,Combined TRACON& Tower with Radar,158,89,97,3,347,0,6,91,0,97,158,95,188,3,444,0,0,0,444
06/30/2007,PBI,FL,ASO,ES,Combined TRACON& Tower with Radar,158,86,98,3,345,0,1,81,0,82,158,87,179,3,427,10,0,10,437
07/01/2007,PBI,FL,ASO,ES,Combined TRACON& Tower with Radar,137,105,91,0,333,0,2,63,0,65,137,107,154,0,398,0,0,0,398
07/02/2007,PBI,FL,ASO,ES,Combined TRACON& Tower with Radar,155,75,74,1,305,0,2,64,0,66,155,77,138,1,371,23,0,23,394
07/03/2007,PBI,FL,ASO,ES,Combined TRACON& Tower with Radar,151,73,76,0,300,0,4,56,0,60,151,77,132,0,360,0,0,0,360
07/04/2007,PBI,FL,ASO,ES,Combined TRACON& Tower with Radar,152,56,58,0,266,0,1,66,0,67,152,57,124,0,333,4,0,4,337
07/05/2007,PBI,FL,ASO,ES,Combined TRACON& Tower with Radar,146,64,98,3,311,0,6,63,0,69,146,70,161,3,380,0,0,0,380
07/06/2007,PBI,FL,ASO,ES,Combined TRACON& Tower with Radar,168,70,83,0,321,0,3,89,1,93,168,73,172,1,414,8,0,8,422
07/07/2007,PBI,FL,ASO,ES,Combined TRACON& Tower with Radar,141,78,84,2,305,0,6,108,0,114,141,84,192,2,419,16,0,16,435
07/08/2007,PBI,FL,ASO,ES,Combined TRACON& Tower with Radar,141,79,98,4,322,0,0,0,0,0,141,79,98,4,322,10,0,10,332
07/09/2007,PBI,FL,ASO,ES,Combined TRACON& Tower with Radar,138,65,82,2,287,0,2,104,1,107,138,67,186,3,394,2,0,2,396
07/10/2007,PBI,FL,ASO,ES,Combined TRACON& Tower with Radar,148,73,60,6,287,0,2,128,0,130,148,75,188,6,417,8,20,28,445
07/11/2007,PBI,FL,ASO,ES,Combined TRACON& Tower with Radar,148,79,69,3,299,0,1,115,0,116,148,80,184,3,415,10,0,10,425
07/12/2007,PBI,FL,ASO,ES,Combined TRACON& Tower with Radar,156,85,81,2,324,0,2,102,0,104,156,87,183,2,428,0,1,1,429
07/13/2007,PBI,FL,ASO,ES,Combined TRACON& Tower with Radar,158,71,109,3,341,0,2,106,0,108,158,73,215,3,449,4,1,5,454
07/14/2007,PBI,FL,ASO,ES,Combined TRACON& Tower with Radar,140,75,70,2,287,0,1,80,0,81,140,76,150,2,368,2,0,2,370
07/15/2007,PBI,FL,ASO,ES,Combined TRACON& Tower with Radar,130,75,74,0,279,0,0,89,0,89,130,75,163,0,368,10,0,10,378
07/16/2007,PBI,FL,ASO,ES,Combined TRACON& Tower with Radar,148,68,70,2,288,0,2,86,0,88,148,70,156,2,376,5,0,5,381
07/17/2007,PBI,FL,ASO,ES,Combined TRACON& Tower with Radar,147,73,64,5,289,0,0,107,1,108,147,73,171,6,397,12,0,12,409
07/18/2007,PBI,FL,ASO,ES,Combined TRACON& Tower with Radar,134,77,77,3,291,0,0,101,0,101,134,77,178,3,392,39,2,41,433
07/19/2007,PBI,FL,ASO,ES,Combined TRACON& Tower with Radar,149,80,97,2,328,0,1,121,0,122,149,81,218,2,450,6,0,6,456
07/20/2007,PBI,FL,ASO,ES,Combined TRACON& Tower with Radar,157,62,95,3,317,0,1,122,0,123,157,63,217,3,440,10,0,10,450
07/21/2007,PBI,FL,ASO,ES,Combined TRACON& Tower with Radar,144,77,78,2,301,0,0,51,0,51,144,77,129,2,352,7,0,7,359
07/22/2007,PBI,FL,ASO,ES,Combined TRACON& Tower with Radar,125,77,85,3,290,0,0,85,0,85,125,77,170,3,375,3,2,5,380
07/23/2007,PBI,FL,ASO,ES,Combined TRACON& Tower with Radar,116,85,84,2,287,0,1,65,0,66,116,86,149,2,353,0,0,0,353
07/24/2007,PBI,FL,ASO,ES,Combined TRACON& Tower with Radar,152,99,102,4,357,0,0,75,0,75,152,99,177,4,432,9,0,9,441
07/25/2007,PBI,FL,ASO,ES,Combined TRACON& Tower with Radar,156,61,99,3,319,0,0,83,0,83,156,61,182,3,402,0,0,0,402
07/26/2007,PBI,FL,ASO,ES,Combined TRACON& Tower with Radar,143,65,101,5,314,0,3,79,0,82,143,68,180,5,396,0,2,2,398
07/27/2007,PBI,FL,ASO,ES,Combined TRACON& Tower with Radar,135,55,72,0,262,0,1,115,0,116,135,56,187,0,378,25,0,25,403
07/28/2007,PBI,FL,ASO,ES,Combined TRACON& Tower with Radar,139,70,57,1,267,0,2,69,2,73,139,72,126,3,340,8,0,8,348
07/29/2007,PBI,FL,ASO,ES,Combined TRACON& Tower with Radar,159,89,111,0,359,0,11,85,0,96,159,100,196,0,455,21,0,21,476
07/30/2007,PBI,FL,ASO,ES,Combined TRACON& Tower with Radar,151,74,91,0,316,0,0,105,0,105,151,74,196,0,421,22,0,22,443
07/31/2007,PBI,FL,ASO,ES,Combined TRACON& Tower with Radar,148,73,62,0,283,0,2,82,0,84,148,75,144,0,367,4,0,4,371
08/01/2007,PBI,FL,ASO,ES,Combined TRACON& Tower with Radar,150,54,90,0,294,0,0,70,0,70,150,54,160,0,364,0,0,0,364
08/02/2007,PBI,FL,ASO,ES,Combined TRACON& Tower with Radar,145,63,85,0,293,0,1,77,0,78,145,64,162,0,371,5,0,5,376
08/03/2007,PBI,FL,ASO,ES,Combined TRACON& Tower with Radar,152,77,96,0,325,2,0,104,0,106,154,77,200,0,431,17,0,17,448
08/04/2007,PBI,FL,ASO,ES,Combined TRACON& Tower with Radar,136,58,52,0,246,0,0,87,0,87,136,58,139,0,333,10,0,10,343
08/05/2007,PBI,FL,ASO,ES,Combined TRACON& Tower with Radar,135,75,84,1,295,0,0,115,0,115,135,75,199,1,410,12,0,12,422
08/06/2007,PBI,FL,ASO,ES,Combined TRACON& Tower with Radar,143,86,83,0,312,0,0,86,0,86,143,86,169,0,398,8,0,8,406
08/07/2007,PBI,FL,ASO,ES,Combined TRACON& Tower with Radar,159,64,67,0,290,0,0,78,0,78,159,64,145,0,368,14,0,14,382
08/08/2007,PBI,FL,ASO,ES,Combined TRACON& Tower with Radar,139,82,94,0,315,0,1,109,0,110,139,83,203,0,425,8,0,8,433
08/09/2007,PBI,FL,ASO,ES,Combined TRACON& Tower with Radar,151,102,106,0,359,0,1,145,0,146,151,103,251,0,505,36,0,36,541
08/10/2007,PBI,FL,ASO,ES,Combined TRACON& Tower with Radar,146,86,80,2,314,0,1,109,0,110,146,87,189,2,424,4,0,4,428
08/11/2007,PBI,FL,ASO,ES,Combined TRACON& Tower with Radar,136,74,72,0,282,0,1,71,0,72,136,75,143,0,354,4,0,4,358
08/12/2007,PBI,FL,ASO,ES,Combined TRACON& Tower with Radar,141,76,101,0,318,0,0,105,0,105,141,76,206,0,423,20,0,20,443
08/13/2007,PBI,FL,ASO,ES,Combined TRACON& Tower with Radar,140,91,81,0,312,0,0,101,0,101,140,91,182,0,413,14,0,14,427
08/14/2007,PBI,FL,ASO,ES,Combined TRACON& Tower with Radar,147,61,64,1,273,0,9,50,8,67,147,70,114,9,340,33,0,33,373
08/15/2007,PBI,FL,ASO,ES,Combined TRACON& Tower with Radar,136,76,83,1,296,0,1,96,0,97,136,77,179,1,393,4,0,4,397
08/16/2007,PBI,FL,ASO,ES,Combined TRACON& Tower with Radar,139,77,90,0,306,0,0,82,0,82,139,77,172,0,388,5,0,5,393
08/17/2007,PBI,FL,ASO,ES,Combined TRACON& Tower with Radar,153,69,79,2,303,0,4,96,1,101,153,73,175,3,404,0,0,0,404
08/18/2007,PBI,FL,ASO,ES,Combined TRACON& Tower with Radar,155,83,75,0,313,0,0,39,0,39,155,83,114,0,352,17,0,17,369
08/19/2007,PBI,FL,ASO,ES,Combined TRACON& Tower with Radar,126,74,84,1,285,0,0,83,0,83,126,74,167,1,368,6,0,6,374
08/20/2007,PBI,FL,ASO,ES,Combined TRACON& Tower with Radar,151,76,95,2,324,0,0,81,0,81,151,76,176,2,405,0,0,0,405
08/21/2007,PBI,FL,ASO,ES,Combined TRACON& Tower with Radar,133,66,65,2,266,0,3,81,0,84,133,69,146,2,350,8,0,8,358
08/22/2007,PBI,FL,ASO,ES,Combined TRACON& Tower with Radar,145,66,66,0,277,0,1,104,0,105,145,67,170,0,382,24,0,24,406
08/23/2007,PBI,FL,ASO,ES,Combined TRACON& Tower with Radar,145,80,88,2,315,0,0,91,0,91,145,80,179,2,406,34,0,34,440
08/24/2007,PBI,FL,ASO,ES,Combined TRACON& Tower with Radar,143,70,82,2,297,0,0,75,0,75,143,70,157,2,372,16,0,16,388
08/25/2007,PBI,FL,ASO,ES,Combined TRACON& Tower with Radar,131,51,62,2,246,0,1,68,0,69,131,52,130,2,315,12,0,12,327
08/26/2007,PBI,FL,ASO,ES,Combined TRACON& Tower with Radar,131,55,72,2,260,0,0,75,0,75,131,55,147,2,335,5,0,5,340
08/27/2007,PBI,FL,ASO,ES,Combined TRACON& Tower with Radar,132,65,84,3,284,0,0,93,0,93,132,65,177,3,377,10,0,10,387
08/28/2007,PBI,FL,ASO,ES,Combined TRACON& Tower with Radar,145,73,84,0,302,0,0,96,1,97,145,73,180,1,399,23,0,23,422
08/29/2007,PBI,FL,ASO,ES,Combined TRACON& Tower with Radar,154,77,95,1,327,0,0,77,0,77,154,77,172,1,404,37,0,37,441
08/30/2007,PBI,FL,ASO,ES,Combined TRACON& Tower with Radar,142,84,85,3,314,0,3,115,0,118,142,87,200,3,432,14,0,14,446
08/31/2007,PBI,FL,ASO,ES,Combined TRACON& Tower with Radar,154,88,115,0,357,0,1,97,0,98,154,89,212,0,455,0,0,0,455
09/01/2007,PBI,FL,ASO,ES,Combined TRACON& Tower with Radar,116,57,68,0,241,0,1,96,0,97,116,58,164,0,338,27,0,27,365
09/02/2007,PBI,FL,ASO,ES,Combined TRACON& Tower with Radar,103,57,35,0,195,0,0,69,0,69,103,57,104,0,264,4,0,4,268
09/03/2007,PBI,FL,ASO,ES,Combined TRACON& Tower with Radar,137,81,91,1,310,0,1,88,0,89,137,82,179,1,399,0,0,0,399
09/04/2007,PBI,FL,ASO,ES,Combined TRACON& Tower with Radar,132,66,81,3,282,0,0,44,0,44,132,66,125,3,326,0,0,0,326
09/05/2007,PBI,FL,ASO,ES,Combined TRACON& Tower with Radar,136,66,63,2,267,0,1,93,0,94,136,67,156,2,361,11,0,11,372
09/06/2007,PBI,FL,ASO,ES,Combined TRACON& Tower with Radar,132,60,62,0,254,0,0,65,0,65,132,60,127,0,319,5,0,5,324
09/07/2007,PBI,FL,ASO,ES,Combined TRACON& Tower with Radar,143,76,96,1,316,0,0,60,0,60,143,76,156,1,376,0,0,0,376
09/08/2007,PBI,FL,ASO,ES,Combined TRACON& Tower with Radar,115,51,47,0,213,0,0,53,0,53,115,51,100,0,266,8,0,8,274
09/09/2007,PBI,FL,ASO,ES,Combined TRACON& Tower with Radar,124,61,88,2,275,0,0,64,0,64,124,61,152,2,339,23,0,23,362
09/10/2007,PBI,FL,ASO,ES,Combined TRACON& Tower with Radar,134,62,83,4,283,0,1,59,0,60,134,63,142,4,343,20,0,20,363
09/11/2007,PBI,FL,ASO,ES,Combined TRACON& Tower with Radar,129,57,79,1,266,0,0,99,0,99,129,57,178,1,365,23,0,23,388
09/12/2007,PBI,FL,ASO,ES,Combined TRACON& Tower with Radar,126,73,89,3,291,0,0,70,0,70,126,73,159,3,361,0,0,0,361
09/13/2007,PBI,FL,ASO,ES,Combined TRACON& Tower with Radar,140,72,89,4,305,0,0,93,0,93,140,72,182,4,398,9,0,9,407
09/14/2007,PBI,FL,ASO,ES,Combined TRACON& Tower with Radar,136,61,80,1,278,0,0,107,0,107,136,61,187,1,385,5,0,5,390
09/15/2007,PBI,FL,ASO,ES,Combined TRACON& Tower with Radar,127,49,68,0,244,0,0,66,0,66,127,49,134,0,310,11,0,11,321
09/16/2007,PBI,FL,ASO,ES,Combined TRACON& Tower with Radar,133,60,90,0,283,0,0,85,0,85,133,60,175,0,368,15,0,15,383
09/17/2007,PBI,FL,ASO,ES,Combined TRACON& Tower with Radar,138,57,82,0,277,0,0,62,0,62,138,57,144,0,339,6,0,6,345
09/18/2007,PBI,FL,ASO,ES,Combined TRACON& Tower with Radar,129,72,72,0,273,0,0,68,0,68,129,72,140,0,341,11,0,11,352
09/19/2007,PBI,FL,ASO,ES,Combined TRACON& Tower with Radar,129,65,67,0,261,0,1,74,0,75,129,66,141,0,336,6,0,6,342
09/20/2007,PBI,FL,ASO,ES,Combined TRACON& Tower with Radar,149,65,116,0,330,0,2,77,1,80,149,67,193,1,410,8,0,8,418
09/21/2007,PBI,FL,ASO,ES,Combined TRACON& Tower with Radar,152,65,81,0,298,0,0,59,8,67,152,65,140,8,365,0,0,0,365
09/22/2007,PBI,FL,ASO,ES,Combined TRACON& Tower with Radar,146,55,64,0,265,0,0,48,0,48,146,55,112,0,313,0,0,0,313
09/23/2007,PBI,FL,ASO,ES,Combined TRACON& Tower with Radar,119,69,101,1,290,0,0,71,0,71,119,69,172,1,361,3,0,3,364
09/24/2007,PBI,FL,ASO,ES,Combined TRACON& Tower with Radar,139,75,90,0,304,0,0,47,0,47,139,75,137,0,351,0,0,0,351
09/25/2007,PBI,FL,ASO,ES,Combined TRACON& Tower with Radar,122,58,76,2,258,0,1,40,0,41,122,59,116,2,299,8,0,8,307
09/26/2007,PBI,FL,ASO,ES,Combined TRACON& Tower with Radar,132,56,63,1,252,0,2,38,0,40,132,58,101,1,292,12,0,12,304
09/27/2007,PBI,FL,ASO,ES,Combined TRACON& Tower with Radar,147,83,89,2,321,0,3,64,0,67,147,86,153,2,388,0,0,0,388
09/28/2007,PBI,FL,ASO,ES,Combined TRACON& Tower with Radar,146,75,76,1,298,0,3,115,0,118,146,78,191,1,416,20,0,20,436
09/29/2007,PBI,FL,ASO,ES,Combined TRACON& Tower with Radar,125,59,46,0,230,0,0,71,0,71,125,59,117,0,301,0,0,0,301
09/30/2007,PBI,FL,ASO,ES,Combined TRACON& Tower with Radar,118,75,76,0,269,0,0,26,0,26,118,75,102,0,295,2,0,2,297
10/01/2007,PBI,FL,ASO,ES,Combined TRACON& Tower with Radar,133,78,65,1,277,1,0,23,0,24,134,78,88,1,301,4,0,4,305
10/02/2007,PBI,FL,ASO,ES,Combined TRACON& Tower with Radar,127,74,67,0,268,0,1,85,0,86,127,75,152,0,354,4,0,4,358
10/03/2007,PBI,FL,ASO,ES,Combined TRACON& Tower with Radar,148,75,80,3,306,0,44,28,0,72,148,119,108,3,378,14,0,14,392
10/04/2007,PBI,FL,ASO,ES,Combined TRACON& Tower with Radar,150,96,106,2,354,0,0,51,0,51,150,96,157,2,405,0,0,0,405
10/05/2007,PBI,FL,ASO,ES,Combined TRACON& Tower with Radar,151,82,110,4,347,0,0,83,0,83,151,82,193,4,430,5,0,5,435
10/06/2007,PBI,FL,ASO,ES,Combined TRACON& Tower with Radar,121,84,57,0,262,0,0,35,1,36,121,84,92,1,298,2,0,2,300
10/07/2007,PBI,FL,ASO,ES,Combined TRACON& Tower with Radar,116,83,78,0,277,0,0,44,3,47,116,83,122,3,324,0,0,0,324
10/08/2007,PBI,FL,ASO,ES,Combined TRACON& Tower with Radar,137,77,78,0,292,0,0,64,0,64,137,77,142,0,356,0,0,0,356
10/09/2007,PBI,FL,ASO,ES,Combined TRACON& Tower with Radar,145,66,97,2,310,0,0,61,0,61,145,66,158,2,371,0,0,0,371
10/10/2007,PBI,FL,ASO,ES,Combined TRACON& Tower with Radar,148,93,94,3,338,0,2,90,0,92,148,95,184,3,430,14,0,14,444
10/11/2007,PBI,FL,ASO,ES,Combined TRACON& Tower with Radar,146,87,100,3,336,0,0,93,3,96,146,87,193,6,432,8,1,9,441
10/12/2007,PBI,FL,ASO,ES,Combined TRACON& Tower with Radar,164,87,107,9,367,0,1,66,0,67,164,88,173,9,434,6,2,8,442
10/13/2007,PBI,FL,ASO,ES,Combined TRACON& Tower with Radar,131,68,48,1,248,0,1,67,0,68,131,69,115,1,316,0,0,0,316
10/14/2007,PBI,FL,ASO,ES,Combined TRACON& Tower with Radar,135,97,96,0,328,0,0,81,0,81,135,97,177,0,409,14,0,14,423
10/15/2007,PBI,FL,ASO,ES,Combined TRACON& Tower with Radar,134,81,76,3,294,0,0,74,0,74,134,81,150,3,368,6,0,6,374
10/16/2007,PBI,FL,ASO,ES,Combined TRACON& Tower with Radar,149,92,92,0,333,0,0,55,0,55,149,92,147,0,388,24,0,24,412
10/17/2007,PBI,FL,ASO,ES,Combined TRACON& Tower with Radar,154,84,104,1,343,0,0,76,0,76,154,84,180,1,419,8,0,8,427
10/18/2007,PBI,FL,ASO,ES,Combined TRACON& Tower with Radar,155,108,113,0,376,0,1,128,0,129,155,109,241,0,505,4,0,4,509
10/19/2007,PBI,FL,ASO,ES,Combined TRACON& Tower with Radar,152,110,144,1,407,0,0,110,0,110,152,110,254,1,517,8,0,8,525
10/20/2007,PBI,FL,ASO,ES,Combined TRACON& Tower with Radar,137,81,60,1,279,0,0,33,0,33,137,81,93,1,312,6,0,6,318
10/21/2007,PBI,FL,ASO,ES,Combined TRACON& Tower with Radar,130,97,104,0,331,0,0,79,1,80,130,97,183,1,411,14,1,15,426
10/22/2007,PBI,FL,ASO,ES,Combined TRACON& Tower with Radar,153,98,106,0,357,0,0,126,0,126,153,98,232,0,483,5,0,5,488
10/23/2007,PBI,FL,ASO,ES,Combined TRACON& Tower with Radar,128,89,73,3,293,0,0,146,0,146,128,89,219,3,439,2,0,2,441
10/24/2007,PBI,FL,ASO,ES,Combined TRACON& Tower with Radar,136,72,118,0,326,0,0,80,0,80,136,72,198,0,406,2,0,2,408
10/25/2007,PBI,FL,ASO,ES,Combined TRACON& Tower with Radar,158,101,127,1,387,0,0,35,0,35,158,101,162,1,422,0,0,0,422
10/26/2007,PBI,FL,ASO,ES,Combined TRACON& Tower with Radar,157,105,118,0,380,0,1,67,0,68,157,106,185,0,448,9,0,9,457
10/27/2007,PBI,FL,ASO,ES,Combined TRACON& Tower with Radar,130,84,63,0,277,0,0,78,0,78,130,84,141,0,355,20,0,20,375
10/28/2007,PBI,FL,ASO,ES,Combined TRACON& Tower with Radar,130,95,147,1,373,0,0,53,5,58,130,95,200,6,431,4,0,4,435
10/29/2007,PBI,FL,ASO,ES,Combined TRACON& Tower with Radar,134,74,73,1,282,0,1,88,0,89,134,75,161,1,371,10,0,10,381
10/30/2007,PBI,FL,ASO,ES,Combined TRACON& Tower with Radar,142,86,101,1,330,0,1,59,2,62,142,87,160,3,392,2,0,2,394
10/31/2007,PBI,FL,ASO,ES,Combined TRACON& Tower with Radar,145,68,73,0,286,0,0,6,0,6,145,68,79,0,292,0,0,0,292
11/01/2007,PBI,FL,ASO,ES,Combined TRACON& Tower with Radar,153,96,94,0,343,0,0,39,0,39,153,96,133,0,382,11,0,11,393
11/02/2007,PBI,FL,ASO,ES,Combined TRACON& Tower with Radar,171,108,126,1,406,0,0,61,0,61,171,108,187,1,467,0,0,0,467
11/03/2007,PBI,FL,ASO,ES,Combined TRACON& Tower with Radar,153,95,91,0,339,0,0,137,0,137,153,95,228,0,476,4,0,4,480
11/04/2007,PBI,FL,ASO,ES,Combined TRACON& Tower with Radar,150,106,142,2,400,0,0,127,0,127,150,106,269,2,527,4,0,4,531
11/05/2007,PBI,FL,ASO,ES,Combined TRACON& Tower with Radar,157,122,116,10,405,0,0,108,0,108,157,122,224,10,513,21,0,21,534
11/06/2007,PBI,FL,ASO,ES,Combined TRACON& Tower with Radar,163,101,83,0,347,0,1,125,0,126,163,102,208,0,473,7,0,7,480
11/07/2007,PBI,FL,ASO,ES,Combined TRACON& Tower with Radar,170,98,153,1,422,0,2,86,0,88,170,100,239,1,510,15,0,15,525
11/08/2007,PBI,FL,ASO,ES,Combined TRACON& Tower with Radar,161,125,180,1,467,0,2,96,3,101,161,127,276,4,568,2,0,2,570
11/09/2007,PBI,FL,ASO,ES,Combined TRACON& Tower with Radar,145,111,163,6,425,0,1,86,0,87,145,112,249,6,512,32,0,32,544
11/10/2007,PBI,FL,ASO,ES,Combined TRACON& Tower with Radar,159,78,90,1,328,0,0,50,0,50,159,78,140,1,378,0,0,0,378
11/11/2007,PBI,FL,ASO,ES,Combined TRACON& Tower with Radar,139,136,156,1,432,0,1,74,0,75,139,137,230,1,507,0,0,0,507
11/12/2007,PBI,FL,ASO,ES,Combined TRACON& Tower with Radar,165,110,155,0,430,0,0,127,0,127,165,110,282,0,557,14,0,14,571
11/13/2007,PBI,FL,ASO,ES,Combined TRACON& Tower with Radar,150,101,130,3,384,0,3,107,1,111,150,104,237,4,495,7,0,7,502
11/14/2007,PBI,FL,ASO,ES,Combined TRACON& Tower with Radar,172,115,149,4,440,0,2,86,1,89,172,117,235,5,529,2,0,2,531
11/15/2007,PBI,FL,ASO,ES,Combined TRACON& Tower with Radar,163,136,167,5,471,0,0,116,1,117,163,136,283,6,588,11,0,11,599
11/16/2007,PBI,FL,ASO,ES,Combined TRACON& Tower with Radar,185,141,201,2,529,0,0,73,0,73,185,141,274,2,602,0,0,0,602
11/17/2007,PBI,FL,ASO,ES,Combined TRACON& Tower with Radar,190,98,114,0,402,0,0,93,0,93,190,98,207,0,495,0,0,0,495
11/18/2007,PBI,FL,ASO,ES,Combined TRACON& Tower with Radar,172,162,167,0,501,0,0,105,0,105,172,162,272,0,606,7,0,7,613
11/19/2007,PBI,FL,ASO,ES,Combined TRACON& Tower with Radar,186,118,155,1,460,0,1,106,0,107,186,119,261,1,567,6,0,6,573
11/20/2007,PBI,FL,ASO,ES,Combined TRACON& Tower with Radar,198,169,229,0,596,0,2,201,0,203,198,171,430,0,799,15,0,15,814
11/21/2007,PBI,FL,ASO,ES,Combined TRACON& Tower with Radar,196,154,246,1,597,0,1,146,0,147,196,155,392,1,744,5,0,5,749
11/22/2007,PBI,FL,ASO,ES,Combined TRACON& Tower with Radar,146,58,52,0,256,0,0,44,0,44,146,58,96,0,300,0,0,0,300
11/23/2007,PBI,FL,ASO,ES,Combined TRACON& Tower with Radar,165,84,110,0,359,0,1,58,0,59,165,85,168,0,418,6,0,6,424
11/24/2007,PBI,FL,ASO,ES,Combined TRACON& Tower with Radar,178,133,135,0,446,0,0,53,0,53,178,133,188,0,499,1,0,1,500
11/25/2007,PBI,FL,ASO,ES,Combined TRACON& Tower with Radar,183,189,349,0,721,0,1,163,0,164,183,190,512,0,885,0,0,0,885
11/26/2007,PBI,FL,ASO,ES,Combined TRACON& Tower with Radar,177,135,148,4,464,0,4,102,0,106,177,139,250,4,570,13,0,13,583
11/27/2007,PBI,FL,ASO,ES,Combined TRACON& Tower with Radar,169,97,100,2,368,0,2,108,0,110,169,99,208,2,478,0,0,0,478
11/28/2007,PBI,FL,ASO,ES,Combined TRACON& Tower with Radar,172,96,119,1,388,0,2,90,0,92,172,98,209,1,480,2,0,2,482
11/29/2007,PBI,FL,ASO,ES,Combined TRACON& Tower with Radar,163,131,130,2,426,0,0,106,0,106,163,131,236,2,532,0,0,0,532
11/30/2007,PBI,FL,ASO,ES,Combined TRACON& Tower with Radar,191,116,145,0,452,0,1,113,0,114,191,117,258,0,566,4,0,4,570
12/01/2007,PBI,FL,ASO,ES,Combined TRACON& Tower with Radar,170,98,100,2,370,0,1,70,0,71,170,99,170,2,441,0,0,0,441
12/02/2007,PBI,FL,ASO,ES,Combined TRACON& Tower with Radar,150,123,164,0,437,0,0,95,0,95,150,123,259,0,532,0,0,0,532
12/03/2007,PBI,FL,ASO,ES,Combined TRACON& Tower with Radar,166,101,112,0,379,0,0,117,0,117,166,101,229,0,496,18,0,18,514
12/04/2007,PBI,FL,ASO,ES,Combined TRACON& Tower with Radar,164,102,114,2,382,0,0,62,0,62,164,102,176,2,444,0,0,0,444
12/05/2007,PBI,FL,ASO,ES,Combined TRACON& Tower with Radar,171,107,136,2,416,0,1,121,0,122,171,108,257,2,538,7,0,7,545
12/06/2007,PBI,FL,ASO,ES,Combined TRACON& Tower with Radar,177,126,135,2,440,0,0,45,0,45,177,126,180,2,485,0,0,0,485
12/07/2007,PBI,FL,ASO,ES,Combined TRACON& Tower with Radar,177,121,163,2,463,0,0,114,0,114,177,121,277,2,577,4,0,4,581
12/08/2007,PBI,FL,ASO,ES,Combined TRACON& Tower with Radar,177,100,75,3,355,0,1,66,0,67,177,101,141,3,422,35,0,35,457
12/09/2007,PBI,FL,ASO,ES,Combined TRACON& Tower with Radar,155,128,130,0,413,0,0,84,0,84,155,128,214,0,497,6,0,6,503
12/10/2007,PBI,FL,ASO,ES,Combined TRACON& Tower with Radar,179,105,128,1,413,4,0,66,0,70,183,105,194,1,483,0,0,0,483
12/11/2007,PBI,FL,ASO,ES,Combined TRACON& Tower with Radar,171,95,103,2,371,0,0,114,0,114,171,95,217,2,485,11,0,11,496
12/12/2007,PBI,FL,ASO,ES,Combined TRACON& Tower with Radar,189,95,118,0,402,0,1,91,0,92,189,96,209,0,494,3,0,3,497
12/13/2007,PBI,FL,ASO,ES,Combined TRACON& Tower with Radar,171,111,152,1,435,0,0,59,0,59,171,111,211,1,494,2,0,2,496
12/14/2007,PBI,FL,ASO,ES,Combined TRACON& Tower with Radar,205,118,184,2,509,0,0,51,0,51,205,118,235,2,560,0,0,0,560
12/15/2007,PBI,FL,ASO,ES,Combined TRACON& Tower with Radar,173,108,90,4,375,0,0,60,0,60,173,108,150,4,435,0,0,0,435
12/16/2007,PBI,FL,ASO,ES,Combined TRACON& Tower with Radar,158,89,110,1,358,0,0,46,0,46,158,89,156,1,404,4,0,4,408
12/17/2007,PBI,FL,ASO,ES,Combined TRACON& Tower with Radar,197,123,125,3,448,0,1,116,0,117,197,124,241,3,565,6,0,6,571
12/18/2007,PBI,FL,ASO,ES,Combined TRACON& Tower with Radar,196,115,125,4,440,0,1,107,0,108,196,116,232,4,548,8,0,8,556
12/19/2007,PBI,FL,ASO,ES,Combined TRACON& Tower with Radar,204,117,173,1,495,0,0,78,0,78,204,117,251,1,573,7,0,7,580
12/20/2007,PBI,FL,ASO,ES,Combined TRACON& Tower with Radar,220,176,223,2,621,0,1,67,0,68,220,177,290,2,689,0,0,0,689
12/21/2007,PBI,FL,ASO,ES,Combined TRACON& Tower with Radar,224,203,217,0,644,0,1,97,0,98,224,204,314,0,742,9,0,9,751
12/22/2007,PBI,FL,ASO,ES,Combined TRACON& Tower with Radar,236,196,251,0,683,0,2,106,0,108,236,198,357,0,791,0,0,0,791
12/23/2007,PBI,FL,ASO,ES,Combined TRACON& Tower with Radar,217,132,137,1,487,0,0,99,0,99,217,132,236,1,586,3,0,3,589
12/24/2007,PBI,FL,ASO,ES,Combined TRACON& Tower with Radar,207,96,58,3,364,0,0,81,0,81,207,96,139,3,445,10,0,10,455
12/25/2007,PBI,FL,ASO,ES,Combined TRACON& Tower with Radar,206,131,58,0,395,0,1,6,2,9,206,132,64,2,404,0,0,0,404
12/26/2007,PBI,FL,ASO,ES,Combined TRACON& Tower with Radar,231,214,335,2,782,0,0,57,0,57,231,214,392,2,839,0,0,0,839
12/27/2007,PBI,FL,ASO,ES,Combined TRACON& Tower with Radar,239,236,317,0,792,0,1,92,0,93,239,237,409,0,885,0,0,0,885
12/28/2007,PBI,FL,ASO,ES,Combined TRACON& Tower with Radar,223,203,212,0,638,0,1,113,0,114,223,204,325,0,752,6,0,6,758
12/29/2007,PBI,FL,ASO,ES,Combined TRACON& Tower with Radar,207,118,180,1,506,0,1,100,0,101,207,119,280,1,607,3,0,3,610
12/30/2007,PBI,FL,ASO,ES,Combined TRACON& Tower with Radar,185,166,138,0,489,0,0,87,0,87,185,166,225,0,576,0,0,0,576
12/31/2007,PBI,FL,ASO,ES,Combined TRACON& Tower with Radar,206,108,97,0,411,0,1,94,0,95,206,109,191,0,506,4,0,4,510
01/01/2008,PBI,FL,ASO,ES,Combined TRACON& Tower with Radar,212,151,236,0,599,0,0,79,0,79,212,151,315,0,678,2,0,2,680
01/02/2008,PBI,FL,ASO,ES,Combined TRACON& Tower with Radar,210,162,248,2,622,0,0,107,0,107,210,162,355,2,729,0,0,0,729
01/03/2008,PBI,FL,ASO,ES,Combined TRACON& Tower with Radar,214,166,191,0,571,0,0,103,0,103,214,166,294,0,674,0,0,0,674
01/04/2008,PBI,FL,ASO,ES,Combined TRACON& Tower with Radar,218,148,187,2,555,0,6,76,0,82,218,154,263,2,637,5,0,5,642
01/05/2008,PBI,FL,ASO,ES,Combined TRACON& Tower with Radar,201,175,188,0,564,0,0,83,0,83,201,175,271,0,647,22,0,22,669
01/06/2008,PBI,FL,ASO,ES,Combined TRACON& Tower with Radar,192,149,256,0,597,0,0,76,0,76,192,149,332,0,673,5,0,5,678
01/07/2008,PBI,FL,ASO,ES,Combined TRACON& Tower with Radar,200,114,133,1,448,0,2,81,0,83,200,116,214,1,531,1,0,1,532
01/08/2008,PBI,FL,ASO,ES,Combined TRACON& Tower with Radar,180,110,131,3,424,0,0,0,0,0,180,110,131,3,424,10,0,10,434
01/09/2008,PBI,FL,ASO,ES,Combined TRACON& Tower with Radar,170,96,120,0,386,0,1,89,0,90,170,97,209,0,476,4,0,4,480
01/10/2008,PBI,FL,ASO,ES,Combined TRACON& Tower with Radar,196,138,160,3,497,0,2,93,0,95,196,140,253,3,592,14,0,14,606
01/11/2008,PBI,FL,ASO,ES,Combined TRACON& Tower with Radar,190,119,177,4,490,0,0,131,1,132,190,119,308,5,622,0,0,0,622
01/12/2008,PBI,FL,ASO,ES,Combined TRACON& Tower with Radar,193,113,142,1,449,0,2,98,0,100,193,115,240,1,549,14,0,14,563
01/13/2008,PBI,FL,ASO,ES,Combined TRACON& Tower with Radar,177,132,188,0,497,0,0,45,0,45,177,132,233,0,542,0,0,0,542
01/14/2008,PBI,FL,ASO,ES,Combined TRACON& Tower with Radar,204,121,135,3,463,0,0,141,0,141,204,121,276,3,604,14,0,14,618
01/15/2008,PBI,FL,ASO,ES,Combined TRACON& Tower with Radar,175,117,121,3,416,0,0,89,0,89,175,117,210,3,505,3,0,3,508
01/16/2008,PBI,FL,ASO,ES,Combined TRACON& Tower with Radar,185,125,147,0,457,0,0,96,0,96,185,125,243,0,553,3,0,3,556
01/17/2008,PBI,FL,ASO,ES,Combined TRACON& Tower with Radar,202,158,182,1,543,0,5,61,0,66,202,163,243,1,609,4,0,4,613
01/18/2008,PBI,FL,ASO,ES,Combined TRACON& Tower with Radar,213,223,262,1,699,0,0,86,0,86,213,223,348,1,785,12,0,12,797
01/19/2008,PBI,FL,ASO,ES,Combined TRACON& Tower with Radar,176,124,119,0,419,0,0,92,0,92,176,124,211,0,511,4,20,24,535
01/20/2008,PBI,FL,ASO,ES,Combined TRACON& Tower with Radar,185,166,167,4,522,0,0,30,2,32,185,166,197,6,554,4,0,4,558
01/21/2008,PBI,FL,ASO,ES,Combined TRACON& Tower with Radar,189,193,249,0,631,0,2,40,0,42,189,195,289,0,673,0,0,0,673
01/22/2008,PBI,FL,ASO,ES,Combined TRACON& Tower with Radar,182,144,131,2,459,0,1,101,0,102,182,145,232,2,561,10,0,10,571
01/23/2008,PBI,FL,ASO,ES,Combined TRACON& Tower with Radar,181,121,163,2,467,0,43,1,0,44,181,164,164,2,511,0,0,0,511
01/24/2008,PBI,FL,ASO,ES,Combined TRACON& Tower with Radar,194,181,205,1,581,1,0,100,0,101,195,181,305,1,682,20,0,20,702
01/25/2008,PBI,FL,ASO,ES,Combined TRACON& Tower with Radar,217,157,229,1,604,0,2,69,0,71,217,159,298,1,675,0,0,0,675
01/26/2008,PBI,FL,ASO,ES,Combined TRACON& Tower with Radar,175,122,132,1,430,0,0,66,1,67,175,122,198,2,497,6,0,6,503
01/27/2008,PBI,FL,ASO,ES,Combined TRACON& Tower with Radar,196,205,272,4,677,0,0,47,0,47,196,205,319,4,724,0,0,0,724
01/28/2008,PBI,FL,ASO,ES,Combined TRACON& Tower with Radar,208,121,173,5,507,0,0,86,0,86,208,121,259,5,593,4,0,4,597
01/29/2008,PBI,FL,ASO,ES,Combined TRACON& Tower with Radar,187,112,113,0,412,0,1,139,0,140,187,113,252,0,552,19,0,19,571
01/30/2008,PBI,FL,ASO,ES,Combined TRACON& Tower with Radar,185,127,156,3,471,0,1,38,0,39,185,128,194,3,510,0,0,0,510
01/31/2008,PBI,FL,ASO,ES,Combined TRACON& Tower with Radar,204,144,214,3,565,0,0,97,0,97,204,144,311,3,662,4,0,4,666
02/01/2008,PBI,FL,ASO,ES,Combined TRACON& Tower with Radar,198,157,180,3,538,0,1,128,0,129,198,158,308,3,667,14,3,17,684
02/02/2008,PBI,FL,ASO,ES,Combined TRACON& Tower with Radar,190,119,126,0,435,0,1,80,0,81,190,120,206,0,516,10,0,10,526
02/03/2008,PBI,FL,ASO,ES,Combined TRACON& Tower with Radar,182,136,183,2,503,0,0,70,0,70,182,136,253,2,573,10,0,10,583
02/04/2008,PBI,FL,ASO,ES,Combined TRACON& Tower with Radar,179,146,183,0,508,0,1,84,0,85,179,147,267,0,593,12,0,12,605
02/05/2008,PBI,FL,ASO,ES,Combined TRACON& Tower with Radar,188,134,121,1,444,0,0,54,0,54,188,134,175,1,498,0,0,0,498
02/06/2008,PBI,FL,ASO,ES,Combined TRACON& Tower with Radar,175,124,174,5,478,0,0,110,0,110,175,124,284,5,588,7,0,7,595
02/07/2008,PBI,FL,ASO,ES,Combined TRACON& Tower with Radar,197,132,183,0,512,0,0,45,0,45,197,132,228,0,557,0,0,0,557
02/08/2008,PBI,FL,ASO,ES,Combined TRACON& Tower with Radar,221,159,214,0,594,0,0,116,0,116,221,159,330,0,710,0,0,0,710
02/09/2008,PBI,FL,ASO,ES,Combined TRACON& Tower with Radar,185,97,128,3,413,0,0,62,0,62,185,97,190,3,475,2,0,2,477
02/10/2008,PBI,FL,ASO,ES,Combined TRACON& Tower with Radar,192,156,223,0,571,1,0,104,0,105,193,156,327,0,676,17,0,17,693
02/11/2008,PBI,FL,ASO,ES,Combined TRACON& Tower with Radar,198,152,150,0,500,0,0,97,0,97,198,152,247,0,597,2,0,2,599
02/12/2008,PBI,FL,ASO,ES,Combined TRACON& Tower with Radar,180,121,153,0,454,0,0,90,6,96,180,121,243,6,550,34,0,34,584
02/13/2008,PBI,FL,ASO,ES,Combined TRACON& Tower with Radar,204,175,177,2,558,3,0,63,0,66,207,175,240,2,624,0,0,0,624
02/14/2008,PBI,FL,ASO,ES,Combined TRACON& Tower with Radar,209,214,280,0,703,0,0,97,0,97,209,214,377,0,800,0,0,0,800
02/15/2008,PBI,FL,ASO,ES,Combined TRACON& Tower with Radar,236,258,328,3,825,0,0,247,0,247,236,258,575,3,1072,0,0,0,1072
02/16/2008,PBI,FL,ASO,ES,Combined TRACON& Tower with Radar,226,166,193,2,587,0,0,149,0,149,226,166,342,2,736,0,0,0,736
02/17/2008,PBI,FL,ASO,ES,Combined TRACON& Tower with Radar,205,162,204,4,575,0,0,100,0,100,205,162,304,4,675,8,10,18,693
02/18/2008,PBI,FL,ASO,ES,Combined TRACON& Tower with Radar,218,255,330,2,805,0,0,123,0,123,218,255,453,2,928,0,0,0,928
02/19/2008,PBI,FL,ASO,ES,Combined TRACON& Tower with Radar,219,197,220,0,636,0,1,72,0,73,219,198,292,0,709,3,0,3,712
02/20/2008,PBI,FL,ASO,ES,Combined TRACON& Tower with Radar,238,132,179,1,550,0,0,68,0,68,238,132,247,1,618,2,0,2,620
02/21/2008,PBI,FL,ASO,ES,Combined TRACON& Tower with Radar,218,146,208,0,572,0,0,21,0,21,218,146,229,0,593,0,0,0,593
02/22/2008,PBI,FL,ASO,ES,Combined TRACON& Tower with Radar,215,160,212,1,588,0,0,66,0,66,215,160,278,1,654,0,0,0,654
02/23/2008,PBI,FL,ASO,ES,Combined TRACON& Tower with Radar,214,146,173,1,534,0,0,77,0,77,214,146,250,1,611,4,0,4,615
02/24/2008,PBI,FL,ASO,ES,Combined TRACON& Tower with Radar,201,220,279,0,700,0,0,88,0,88,201,220,367,0,788,6,0,6,794
02/25/2008,PBI,FL,ASO,ES,Combined TRACON& Tower with Radar,215,179,173,2,569,0,1,102,1,104,215,180,275,3,673,0,0,0,673
02/26/2008,PBI,FL,ASO,ES,Combined TRACON& Tower with Radar,207,124,165,1,497,0,0,98,0,98,207,124,263,1,595,4,10,14,609
02/27/2008,PBI,FL,ASO,ES,Combined TRACON& Tower with Radar,214,126,151,4,495,0,2,119,0,121,214,128,270,4,616,3,2,5,621
02/28/2008,PBI,FL,ASO,ES,Combined TRACON& Tower with Radar,226,165,196,5,592,0,0,94,1,95,226,165,290,6,687,0,0,0,687
02/29/2008,PBI,FL,ASO,ES,Combined TRACON& Tower with Radar,214,150,233,0,597,0,0,87,0,87,214,150,320,0,684,13,0,13,697
03/01/2008,PBI,FL,ASO,ES,Combined TRACON& Tower with Radar,205,109,149,2,465,0,17,44,0,61,205,126,193,2,526,0,0,0,526
03/02/2008,PBI,FL,ASO,ES,Combined TRACON& Tower with Radar,204,178,262,0,644,0,0,90,0,90,204,178,352,0,734,0,0,0,734
03/03/2008,PBI,FL,ASO,ES,Combined TRACON& Tower with Radar,210,137,144,3,494,0,0,137,0,137,210,137,281,3,631,0,0,0,631
03/04/2008,PBI,FL,ASO,ES,Combined TRACON& Tower with Radar,217,119,137,5,478,0,0,0,0,0,217,119,137,5,478,0,0,0,478
03/05/2008,PBI,FL,ASO,ES,Combined TRACON& Tower with Radar,212,154,176,1,543,0,0,25,0,25,212,154,201,1,568,0,0,0,568
03/06/2008,PBI,FL,ASO,ES,Combined TRACON& Tower with Radar,237,136,194,1,568,0,0,0,0,0,237,136,194,1,568,567,1,568,1136
03/07/2008,PBI,FL,ASO,ES,Combined TRACON& Tower with Radar,217,167,197,0,581,0,0,104,0,104,217,167,301,0,685,14,0,14,699
03/08/2008,PBI,FL,ASO,ES,Combined TRACON& Tower with Radar,198,167,147,0,512,0,1,56,0,57,198,168,203,0,569,0,2,2,571
03/09/2008,PBI,FL,ASO,ES,Combined TRACON& Tower with Radar,199,187,262,1,649,0,3,72,0,75,199,190,334,1,724,6,0,6,730
03/10/2008,PBI,FL,ASO,ES,Combined TRACON& Tower with Radar,227,136,184,1,548,0,0,90,0,90,227,136,274,1,638,2,0,2,640
03/11/2008,PBI,FL,ASO,ES,Combined TRACON& Tower with Radar,212,103,142,0,457,0,0,69,0,69,212,103,211,0,526,4,0,4,530
03/12/2008,PBI,FL,ASO,ES,Combined TRACON& Tower with Radar,199,135,155,1,490,0,0,65,0,65,199,135,220,1,555,0,0,0,555
03/13/2008,PBI,FL,ASO,ES,Combined TRACON& Tower with Radar,223,151,182,0,556,0,1,118,0,119,223,152,300,0,675,24,0,24,699
03/14/2008,PBI,FL,ASO,ES,Combined TRACON& Tower with Radar,213,221,229,3,666,0,0,145,0,145,213,221,374,3,811,17,0,17,828
03/15/2008,PBI,FL,ASO,ES,Combined TRACON& Tower with Radar,219,156,175,4,554,0,1,124,0,125,219,157,299,4,679,0,0,0,679
03/16/2008,PBI,FL,ASO,ES,Combined TRACON& Tower with Radar,196,185,243,5,629,0,73,38,0,111,196,258,281,5,740,0,0,0,740
03/17/2008,PBI,FL,ASO,ES,Combined TRACON& Tower with Radar,214,159,179,5,557,0,1,94,0,95,214,160,273,5,652,3,0,3,655
03/18/2008,PBI,FL,ASO,ES,Combined TRACON& Tower with Radar,214,118,134,2,468,0,0,56,0,56,214,118,190,2,524,12,0,12,536
03/19/2008,PBI,FL,ASO,ES,Combined TRACON& Tower with Radar,212,161,190,4,567,0,0,81,0,81,212,161,271,4,648,0,0,0,648
03/20/2008,PBI,FL,ASO,ES,Combined TRACON& Tower with Radar,230,200,281,1,712,0,1,95,0,96,230,201,376,1,808,0,0,0,808
03/21/2008,PBI,FL,ASO,ES,Combined TRACON& Tower with Radar,214,170,222,3,609,0,0,178,0,178,214,170,400,3,787,11,0,11,798
03/22/2008,PBI,FL,ASO,ES,Combined TRACON& Tower with Radar,231,142,205,1,579,0,2,74,0,76,231,144,279,1,655,0,0,0,655
03/23/2008,PBI,FL,ASO,ES,Combined TRACON& Tower with Radar,212,187,259,2,660,0,1,53,0,54,212,188,312,2,714,10,0,10,724
03/24/2008,PBI,FL,ASO,ES,Combined TRACON& Tower with Radar,224,171,278,3,676,0,0,85,0,85,224,171,363,3,761,8,0,8,769
03/25/2008,PBI,FL,ASO,ES,Combined TRACON& Tower with Radar,209,151,143,0,503,2,1,107,0,110,211,152,250,0,613,10,0,10,623
03/26/2008,PBI,FL,ASO,ES,Combined TRACON& Tower with Radar,218,117,143,4,482,0,1,112,0,113,218,118,255,4,595,0,0,0,595
03/27/2008,PBI,FL,ASO,ES,Combined TRACON& Tower with Radar,201,149,192,0,542,0,1,107,0,108,201,150,299,0,650,5,0,5,655
03/28/2008,PBI,FL,ASO,ES,Combined TRACON& Tower with Radar,212,162,211,0,585,0,0,124,0,124,212,162,335,0,709,0,0,0,709
03/29/2008,PBI,FL,ASO,ES,Combined TRACON& Tower with Radar,233,159,217,0,609,0,0,94,0,94,233,159,311,0,703,0,0,0,703
03/30/2008,PBI,FL,ASO,ES,Combined TRACON& Tower with Radar,204,206,311,0,721,0,0,109,0,109,204,206,420,0,830,0,0,0,830
03/31/2008,PBI,FL,ASO,ES,Combined TRACON& Tower with Radar,209,151,151,2,513,0,0,123,0,123,209,151,274,2,636,1,0,1,637
04/01/2008,PBI,FL,ASO,ES,Combined TRACON& Tower with Radar,200,132,141,0,473,0,0,0,0,0,200,132,141,0,473,0,0,0,473
04/02/2008,PBI,FL,ASO,ES,Combined TRACON& Tower with Radar,218,154,145,0,517,0,0,59,3,62,218,154,204,3,579,0,0,0,579
04/03/2008,PBI,FL,ASO,ES,Combined TRACON& Tower with Radar,206,162,147,3,518,0,1,101,0,102,206,163,248,3,620,0,0,0,620
04/04/2008,PBI,FL,ASO,ES,Combined TRACON& Tower with Radar,207,143,156,0,506,0,0,85,0,85,207,143,241,0,591,13,0,13,604
04/05/2008,PBI,FL,ASO,ES,Combined TRACON& Tower with Radar,219,119,170,0,508,0,2,68,0,70,219,121,238,0,578,2,0,2,580
04/06/2008,PBI,FL,ASO,ES,Combined TRACON& Tower with Radar,177,157,194,0,528,4,0,46,0,50,181,157,240,0,578,1,0,1,579
04/07/2008,PBI,FL,ASO,ES,Combined TRACON& Tower with Radar,223,149,175,0,547,0,0,79,0,79,223,149,254,0,626,8,2,10,636
04/08/2008,PBI,FL,ASO,ES,Combined TRACON& Tower with Radar,198,136,143,0,477,0,0,0,0,0,198,136,143,0,477,0,0,0,477
04/09/2008,PBI,FL,ASO,ES,Combined TRACON& Tower with Radar,170,147,161,1,479,0,1,118,0,119,170,148,279,1,598,18,0,18,616
04/10/2008,PBI,FL,ASO,ES,Combined TRACON& Tower with Radar,187,148,127,1,463,0,0,72,0,72,187,148,199,1,535,0,0,0,535
04/11/2008,PBI,FL,ASO,ES,Combined TRACON& Tower with Radar,178,154,169,5,506,0,0,107,0,107,178,154,276,5,613,1,0,1,614
04/12/2008,PBI,FL,ASO,ES,Combined TRACON& Tower with Radar,201,110,122,0,433,0,2,93,0,95,201,112,215,0,528,0,0,0,528
04/13/2008,PBI,FL,ASO,ES,Combined TRACON& Tower with Radar,183,142,184,0,509,0,0,105,0,105,183,142,289,0,614,7,0,7,621
04/14/2008,PBI,FL,ASO,ES,Combined TRACON& Tower with Radar,188,131,130,2,451,0,0,152,0,152,188,131,282,2,603,0,2,2,605
04/15/2008,PBI,FL,ASO,ES,Combined TRACON& Tower with Radar,186,106,125,3,420,0,0,57,0,57,186,106,182,3,477,0,0,0,477
04/16/2008,PBI,FL,ASO,ES,Combined TRACON& Tower with Radar,189,121,128,0,438,0,1,108,0,109,189,122,236,0,547,0,0,0,547
04/17/2008,PBI,FL,ASO,ES,Combined TRACON& Tower with Radar,188,166,160,0,514,0,0,66,0,66,188,166,226,0,580,0,0,0,580
04/18/2008,PBI,FL,ASO,ES,Combined TRACON& Tower with Radar,197,161,159,0,517,0,0,130,3,133,197,161,289,3,650,6,0,6,656
04/19/2008,PBI,FL,ASO,ES,Combined TRACON& Tower with Radar,187,97,115,1,400,0,0,115,0,115,187,97,230,1,515,2,0,2,517
04/20/2008,PBI,FL,ASO,ES,Combined TRACON& Tower with Radar,175,152,196,0,523,0,0,123,2,125,175,152,319,2,648,2,0,2,650
04/21/2008,PBI,FL,ASO,ES,Combined TRACON& Tower with Radar,198,171,150,1,520,0,2,67,0,69,198,173,217,1,589,0,0,0,589
04/22/2008,PBI,FL,ASO,ES,Combined TRACON& Tower with Radar,196,108,122,4,430,0,0,102,0,102,196,108,224,4,532,10,0,10,542
04/23/2008,PBI,FL,ASO,ES,Combined TRACON& Tower with Radar,206,127,147,3,483,0,0,0,0,0,206,127,147,3,483,0,0,0,483
04/24/2008,PBI,FL,ASO,ES,Combined TRACON& Tower with Radar,191,132,143,3,469,0,0,75,2,77,191,132,218,5,546,0,0,0,546
04/25/2008,PBI,FL,ASO,ES,Combined TRACON& Tower with Radar,202,138,167,6,513,0,3,101,9,113,202,141,268,15,626,4,0,4,630
04/26/2008,PBI,FL,ASO,ES,Combined TRACON& Tower with Radar,179,106,116,1,402,0,0,70,0,70,179,106,186,1,472,8,0,8,480
04/27/2008,PBI,FL,ASO,ES,Combined TRACON& Tower with Radar,170,163,166,1,500,0,0,107,0,107,170,163,273,1,607,2,0,2,609
04/28/2008,PBI,FL,ASO,ES,Combined TRACON& Tower with Radar,195,119,122,2,438,0,1,53,0,54,195,120,175,2,492,0,0,0,492
04/29/2008,PBI,FL,ASO,ES,Combined TRACON& Tower with Radar,187,96,111,0,394,2,0,44,0,46,189,96,155,0,440,1,0,1,441
04/30/2008,PBI,FL,ASO,ES,Combined TRACON& Tower with Radar,180,122,141,0,443,0,0,81,0,81,180,122,222,0,524,4,0,4,528
05/01/2008,PBI,FL,ASO,ES,Combined TRACON& Tower with Radar,163,128,149,0,440,0,0,97,0,97,163,128,246,0,537,0,0,0,537
05/02/2008,PBI,FL,ASO,ES,Combined TRACON& Tower with Radar,149,107,144,0,400,0,3,109,0,112,149,110,253,0,512,2,0,2,514
05/03/2008,PBI,FL,ASO,ES,Combined TRACON& Tower with Radar,154,73,100,0,327,1,0,88,0,89,155,73,188,0,416,0,0,0,416
05/04/2008,PBI,FL,ASO,ES,Combined TRACON& Tower with Radar,136,125,151,0,412,0,2,135,0,137,136,127,286,0,549,2,0,2,551
05/05/2008,PBI,FL,ASO,ES,Combined TRACON& Tower with Radar,137,112,113,0,362,0,0,86,0,86,137,112,199,0,448,0,0,0,448
05/06/2008,PBI,FL,ASO,ES,Combined TRACON& Tower with Radar,151,89,86,1,327,0,3,92,0,95,151,92,178,1,422,4,0,4,426
05/07/2008,PBI,FL,ASO,ES,Combined TRACON& Tower with Radar,139,120,110,2,371,0,0,68,0,68,139,120,178,2,439,0,0,0,439
05/08/2008,PBI,FL,ASO,ES,Combined TRACON& Tower with Radar,154,109,129,2,394,0,0,50,0,50,154,109,179,2,444,0,0,0,444
05/09/2008,PBI,FL,ASO,ES,Combined TRACON& Tower with Radar,146,120,124,1,391,0,1,55,0,56,146,121,179,1,447,0,0,0,447
05/10/2008,PBI,FL,ASO,ES,Combined TRACON& Tower with Radar,146,84,88,0,318,0,0,80,0,80,146,84,168,0,398,0,0,0,398
05/11/2008,PBI,FL,ASO,ES,Combined TRACON& Tower with Radar,148,106,126,1,381,0,0,86,0,86,148,106,212,1,467,4,0,4,471
05/12/2008,PBI,FL,ASO,ES,Combined TRACON& Tower with Radar,143,110,140,0,393,0,1,67,0,68,143,111,207,0,461,0,0,0,461
05/13/2008,PBI,FL,ASO,ES,Combined TRACON& Tower with Radar,147,99,86,1,333,0,0,88,0,88,147,99,174,1,421,1,0,1,422
05/14/2008,PBI,FL,ASO,ES,Combined TRACON& Tower with Radar,143,102,131,6,382,0,0,90,3,93,143,102,221,9,475,0,0,0,475
05/15/2008,PBI,FL,ASO,ES,Combined TRACON& Tower with Radar,146,118,131,1,396,0,1,75,0,76,146,119,206,1,472,0,0,0,472
05/16/2008,PBI,FL,ASO,ES,Combined TRACON& Tower with Radar,141,110,116,4,371,0,0,82,0,82,141,110,198,4,453,0,0,0,453
05/17/2008,PBI,FL,ASO,ES,Combined TRACON& Tower with Radar,145,64,76,1,286,0,1,67,0,68,145,65,143,1,354,0,0,0,354
05/18/2008,PBI,FL,ASO,ES,Combined TRACON& Tower with Radar,134,95,132,1,362,0,1,108,0,109,134,96,240,1,471,18,0,18,489
05/19/2008,PBI,FL,ASO,ES,Combined TRACON& Tower with Radar,133,113,108,0,354,0,0,50,0,50,133,113,158,0,404,0,0,0,404
05/20/2008,PBI,FL,ASO,ES,Combined TRACON& Tower with Radar,146,85,111,1,343,0,0,0,0,0,146,85,111,1,343,0,0,0,343
05/21/2008,PBI,FL,ASO,ES,Combined TRACON& Tower with Radar,147,100,95,1,343,2,0,110,0,112,149,100,205,1,455,28,0,28,483
05/22/2008,PBI,FL,ASO,ES,Combined TRACON& Tower with Radar,152,97,155,4,408,0,1,42,0,43,152,98,197,4,451,0,0,0,451
05/23/2008,PBI,FL,ASO,ES,Combined TRACON& Tower with Radar,146,127,170,0,443,0,1,134,0,135,146,128,304,0,578,1,0,1,579
05/24/2008,PBI,FL,ASO,ES,Combined TRACON& Tower with Radar,136,70,66,0,272,0,0,69,0,69,136,70,135,0,341,0,0,0,341
05/25/2008,PBI,FL,ASO,ES,Combined TRACON& Tower with Radar,116,63,63,0,242,0,0,62,0,62,116,63,125,0,304,0,0,0,304
05/26/2008,PBI,FL,ASO,ES,Combined TRACON& Tower with Radar,128,123,200,0,451,0,0,158,0,158,128,123,358,0,609,0,0,0,609
05/27/2008,PBI,FL,ASO,ES,Combined TRACON& Tower with Radar,205,109,149,2,465,0,17,44,0,61,205,126,193,2,526,0,0,0,526
05/28/2008,PBI,FL,ASO,ES,Combined TRACON& Tower with Radar,151,96,119,2,368,0,0,161,0,161,151,96,280,2,529,0,0,0,529
05/29/2008,PBI,FL,ASO,ES,Combined TRACON& Tower with Radar,144,104,112,2,362,0,0,79,0,79,144,104,191,2,441,0,0,0,441
05/30/2008,PBI,FL,ASO,ES,Combined TRACON& Tower with Radar,147,120,81,1,349,0,0,142,1,143,147,120,223,2,492,10,0,10,502
05/31/2008,PBI,FL,ASO,ES,Combined TRACON& Tower with Radar,142,62,99,0,303,0,0,94,0,94,142,62,193,0,397,10,0,10,407
06/01/2008,PBI,FL,ASO,ES,Combined TRACON& Tower with Radar,133,68,105,0,306,0,1,103,0,104,133,69,208,0,410,14,0,14,424
06/02/2008,PBI,FL,ASO,ES,Combined TRACON& Tower with Radar,133,102,70,1,306,0,1,74,0,75,133,103,144,1,381,0,0,0,381
06/03/2008,PBI,FL,ASO,ES,Combined TRACON& Tower with Radar,134,100,101,0,335,0,0,117,0,117,134,100,218,0,452,1,0,1,453
06/04/2008,PBI,FL,ASO,ES,Combined TRACON& Tower with Radar,139,83,104,1,327,0,0,133,0,133,139,83,237,1,460,0,0,0,460
06/05/2008,PBI,FL,ASO,ES,Combined TRACON& Tower with Radar,143,110,103,2,358,0,1,68,0,69,143,111,171,2,427,0,0,0,427
06/06/2008,PBI,FL,ASO,ES,Combined TRACON& Tower with Radar,141,101,77,2,321,0,0,68,0,68,141,101,145,2,389,0,0,0,389
06/07/2008,PBI,FL,ASO,ES,Combined TRACON& Tower with Radar,134,80,76,0,290,0,1,93,0,94,134,81,169,0,384,0,0,0,384
06/08/2008,PBI,FL,ASO,ES,Combined TRACON& Tower with Radar,117,91,101,0,309,0,0,98,0,98,117,91,199,0,407,0,0,0,407
06/09/2008,PBI,FL,ASO,ES,Combined TRACON& Tower with Radar,143,75,96,2,316,0,1,126,0,127,143,76,222,2,443,16,0,16,459
06/10/2008,PBI,FL,ASO,ES,Combined TRACON& Tower with Radar,138,90,77,0,305,0,1,66,0,67,138,91,143,0,372,0,0,0,372
06/11/2008,PBI,FL,ASO,ES,Combined TRACON& Tower with Radar,143,76,89,5,313,0,0,80,0,80,143,76,169,5,393,18,0,18,411
06/12/2008,PBI,FL,ASO,ES,Combined TRACON& Tower with Radar,158,100,107,5,370,0,0,67,0,67,158,100,174,5,437,0,0,0,437
06/13/2008,PBI,FL,ASO,ES,Combined TRACON& Tower with Radar,138,88,87,2,315,0,1,116,0,117,138,89,203,2,432,13,0,13,445
06/14/2008,PBI,FL,ASO,ES,Combined TRACON& Tower with Radar,130,52,80,0,262,0,0,75,0,75,130,52,155,0,337,15,0,15,352
06/15/2008,PBI,FL,ASO,ES,Combined TRACON& Tower with Radar,135,69,82,0,286,0,0,63,0,63,135,69,145,0,349,0,0,0,349
06/16/2008,PBI,FL,ASO,ES,Combined TRACON& Tower with Radar,143,70,105,0,318,0,0,76,1,77,143,70,181,1,395,0,0,0,395
06/17/2008,PBI,FL,ASO,ES,Combined TRACON& Tower with Radar,159,82,66,0,307,0,0,90,0,90,159,82,156,0,397,4,0,4,401
06/18/2008,PBI,FL,ASO,ES,Combined TRACON& Tower with Radar,138,79,90,1,308,0,0,31,0,31,138,79,121,1,339,0,0,0,339
06/19/2008,PBI,FL,ASO,ES,Combined TRACON& Tower with Radar,136,106,107,2,351,0,0,42,0,42,136,106,149,2,393,0,0,0,393
06/20/2008,PBI,FL,ASO,ES,Combined TRACON& Tower with Radar,147,82,104,0,333,0,0,106,0,106,147,82,210,0,439,8,0,8,447
06/21/2008,PBI,FL,ASO,ES,Combined TRACON& Tower with Radar,140,69,63,5,277,0,4,78,0,82,140,73,141,5,359,2,0,2,361
06/22/2008,PBI,FL,ASO,ES,Combined TRACON& Tower with Radar,134,79,113,3,329,3,0,39,0,42,137,79,152,3,371,0,0,0,371
06/23/2008,PBI,FL,ASO,ES,Combined TRACON& Tower with Radar,131,84,75,3,293,0,0,77,0,77,131,84,152,3,370,4,0,4,374
06/24/2008,PBI,FL,ASO,ES,Combined TRACON& Tower with Radar,133,76,90,11,310,0,16,50,0,66,133,92,140,11,376,0,0,0,376
06/25/2008,PBI,FL,ASO,ES,Combined TRACON& Tower with Radar,156,90,82,1,329,0,0,80,0,80,156,90,162,1,409,0,0,0,409
06/26/2008,PBI,FL,ASO,ES,Combined TRACON& Tower with Radar,133,86,81,2,302,0,0,41,3,44,133,86,122,5,346,0,0,0,346
06/27/2008,PBI,FL,ASO,ES,Combined TRACON& Tower with Radar,141,81,104,3,329,0,0,129,0,129,141,81,233,3,458,4,0,4,462
06/28/2008,PBI,FL,ASO,ES,Combined TRACON& Tower with Radar,141,74,92,1,308,0,0,102,0,102,141,74,194,1,410,6,0,6,416
06/29/2008,PBI,FL,ASO,ES,Combined TRACON& Tower with Radar,118,78,96,1,293,0,0,81,0,81,118,78,177,1,374,0,0,0,374
06/30/2008,PBI,FL,ASO,ES,Combined TRACON& Tower with Radar,132,72,84,5,293,0,0,115,0,115,132,72,199,5,408,20,0,20,428
07/01/2008,PBI,FL,ASO,ES,Combined TRACON& Tower with Radar,129,75,63,5,272,0,0,93,0,93,129,75,156,5,365,4,0,4,369
07/02/2008,PBI,FL,ASO,ES,Combined TRACON& Tower with Radar,183,113,117,0,413,0,0,99,0,99,183,113,216,0,512,9,0,9,521
07/03/2008,PBI,FL,ASO,ES,Combined TRACON& Tower with Radar,150,70,86,3,309,0,1,99,0,100,150,71,185,3,409,1,0,1,410
07/04/2008,PBI,FL,ASO,ES,Combined TRACON& Tower with Radar,116,48,37,0,201,0,0,39,0,39,116,48,76,0,240,0,0,0,240
07/05/2008,PBI,FL,ASO,ES,Combined TRACON& Tower with Radar,115,53,44,0,212,0,0,44,0,44,115,53,88,0,256,0,0,0,256
07/06/2008,PBI,FL,ASO,ES,Combined TRACON& Tower with Radar,117,68,89,0,274,0,2,136,0,138,117,70,225,0,412,2,0,2,414
07/07/2008,PBI,FL,ASO,ES,Combined TRACON& Tower with Radar,130,73,96,0,299,0,0,73,0,73,130,73,169,0,372,0,0,0,372
07/08/2008,PBI,FL,ASO,ES,Combined TRACON& Tower with Radar,137,73,91,2,303,0,0,126,0,126,137,73,217,2,429,24,0,24,453
07/09/2008,PBI,FL,ASO,ES,Combined TRACON& Tower with Radar,141,89,76,7,313,0,0,135,0,135,141,89,211,7,448,17,0,17,465
07/10/2008,PBI,FL,ASO,ES,Combined TRACON& Tower with Radar,147,80,88,0,315,0,0,56,0,56,147,80,144,0,371,0,0,0,371
07/11/2008,PBI,FL,ASO,ES,Combined TRACON& Tower with Radar,139,75,71,3,288,0,0,87,0,87,139,75,158,3,375,6,0,6,381
07/12/2008,PBI,FL,ASO,ES,Combined TRACON& Tower with Radar,131,51,38,0,220,0,0,83,0,83,131,51,121,0,303,0,0,0,303
07/13/2008,PBI,FL,ASO,ES,Combined TRACON& Tower with Radar,128,83,82,1,294,0,0,58,0,58,128,83,140,1,352,0,0,0,352
07/14/2008,PBI,FL,ASO,ES,Combined TRACON& Tower with Radar,146,74,89,1,310,0,0,87,0,87,146,74,176,1,397,12,0,12,409
07/15/2008,PBI,FL,ASO,ES,Combined TRACON& Tower with Radar,140,73,58,3,274,0,1,100,0,101,140,74,158,3,375,4,0,4,379
07/16/2008,PBI,FL,ASO,ES,Combined TRACON& Tower with Radar,137,74,85,1,297,0,0,85,5,90,137,74,170,6,387,0,0,0,387
07/17/2008,PBI,FL,ASO,ES,Combined TRACON& Tower with Radar,131,90,76,1,298,0,0,133,1,134,131,90,209,2,432,4,0,4,436
07/18/2008,PBI,FL,ASO,ES,Combined TRACON& Tower with Radar,141,66,81,0,288,0,0,116,0,116,141,66,197,0,404,21,0,21,425
07/19/2008,PBI,FL,ASO,ES,Combined TRACON& Tower with Radar,130,53,51,0,234,0,0,115,0,115,130,53,166,0,349,0,0,0,349
07/20/2008,PBI,FL,ASO,ES,Combined TRACON& Tower with Radar,119,67,82,0,268,0,0,127,0,127,119,67,209,0,395,16,0,16,411
07/21/2008,PBI,FL,ASO,ES,Combined TRACON& Tower with Radar,134,81,54,1,270,2,0,54,0,56,136,81,108,1,326,0,0,0,326
07/22/2008,PBI,FL,ASO,ES,Combined TRACON& Tower with Radar,126,73,67,0,266,0,0,107,0,107,126,73,174,0,373,38,0,38,411
07/23/2008,PBI,FL,ASO,ES,Combined TRACON& Tower with Radar,130,75,58,1,264,0,0,62,0,62,130,75,120,1,326,0,0,0,326
07/24/2008,PBI,FL,ASO,ES,Combined TRACON& Tower with Radar,139,80,75,0,294,0,0,65,0,65,139,80,140,0,359,0,0,0,359
07/25/2008,PBI,FL,ASO,ES,Combined TRACON& Tower with Radar,136,75,104,1,316,0,0,103,0,103,136,75,207,1,419,2,2,4,423
07/26/2008,PBI,FL,ASO,ES,Combined TRACON& Tower with Radar,127,42,48,0,217,0,1,99,0,100,127,43,147,0,317,17,0,17,334
07/27/2008,PBI,FL,ASO,ES,Combined TRACON& Tower with Radar,119,62,76,2,259,0,3,86,0,89,119,65,162,2,348,0,0,0,348
07/28/2008,PBI,FL,ASO,ES,Combined TRACON& Tower with Radar,153,79,41,1,274,0,0,86,0,86,153,79,127,1,360,20,0,20,380
07/29/2008,PBI,FL,ASO,ES,Combined TRACON& Tower with Radar,134,80,73,0,287,0,0,62,0,62,134,80,135,0,349,0,0,0,349
07/30/2008,PBI,FL,ASO,ES,Combined TRACON& Tower with Radar,149,62,73,1,285,0,0,131,0,131,149,62,204,1,416,6,0,6,422
07/31/2008,PBI,FL,ASO,ES,Combined TRACON& Tower with Radar,152,50,82,6,290,0,4,66,0,70,152,54,148,6,360,0,0,0,360
08/01/2008,PBI,FL,ASO,ES,Combined TRACON& Tower with Radar,169,63,73,1,306,0,0,106,0,106,169,63,179,1,412,23,0,23,435
08/02/2008,PBI,FL,ASO,ES,Combined TRACON& Tower with Radar,118,51,70,0,239,1,0,155,0,156,119,51,225,0,395,39,0,39,434
08/03/2008,PBI,FL,ASO,ES,Combined TRACON& Tower with Radar,131,58,101,1,291,0,0,102,0,102,131,58,203,1,393,10,0,10,403
08/04/2008,PBI,FL,ASO,ES,Combined TRACON& Tower with Radar,151,63,83,4,301,0,0,104,1,105,151,63,187,5,406,4,0,4,410
08/05/2008,PBI,FL,ASO,ES,Combined TRACON& Tower with Radar,148,59,78,0,285,0,0,110,0,110,148,59,188,0,395,4,0,4,399
08/06/2008,PBI,FL,ASO,ES,Combined TRACON& Tower with Radar,145,52,49,8,254,0,0,127,0,127,145,52,176,8,381,11,0,11,392
08/07/2008,PBI,FL,ASO,ES,Combined TRACON& Tower with Radar,142,68,76,0,286,0,0,138,0,138,142,68,214,0,424,21,0,21,445
08/08/2008,PBI,FL,ASO,ES,Combined TRACON& Tower with Radar,137,82,62,4,285,0,0,101,0,101,137,82,163,4,386,1,0,1,387
08/09/2008,PBI,FL,ASO,ES,Combined TRACON& Tower with Radar,144,48,51,3,246,1,0,80,0,81,145,48,131,3,327,12,0,12,339
08/10/2008,PBI,FL,ASO,ES,Combined TRACON& Tower with Radar,126,65,85,1,277,0,1,101,0,102,126,66,186,1,379,2,1,3,382
08/11/2008,PBI,FL,ASO,ES,Combined TRACON& Tower with Radar,130,52,86,2,270,2,0,87,0,89,132,52,173,2,359,30,0,30,389
08/12/2008,PBI,FL,ASO,ES,Combined TRACON& Tower with Radar,133,57,60,0,250,0,0,81,0,81,133,57,141,0,331,4,0,4,335
08/13/2008,PBI,FL,ASO,ES,Combined TRACON& Tower with Radar,142,64,16,0,222,0,0,90,0,90,142,64,106,0,312,0,0,0,312
08/14/2008,PBI,FL,ASO,ES,Combined TRACON& Tower with Radar,144,66,83,0,293,0,0,153,0,153,144,66,236,0,446,31,0,31,477
08/15/2008,PBI,FL,ASO,ES,Combined TRACON& Tower with Radar,133,75,74,0,282,0,0,56,0,56,133,75,130,0,338,0,0,0,338
08/16/2008,PBI,FL,ASO,ES,Combined TRACON& Tower with Radar,137,51,70,0,258,0,0,96,0,96,137,51,166,0,354,5,0,5,359
08/17/2008,PBI,FL,ASO,ES,Combined TRACON& Tower with Radar,132,63,90,1,286,0,0,105,0,105,132,63,195,1,391,23,0,23,414
08/18/2008,PBI,FL,ASO,ES,Combined TRACON& Tower with Radar,145,61,56,1,263,0,0,25,0,25,145,61,81,1,288,0,0,0,288
08/19/2008,PBI,FL,ASO,ES,Combined TRACON& Tower with Radar,129,14,4,0,147,0,0,0,0,0,129,14,4,0,147,0,0,0,147
08/20/2008,PBI,FL,ASO,ES,Combined TRACON& Tower with Radar,132,43,72,1,248,0,1,25,0,26,132,44,97,1,274,0,0,0,274
08/21/2008,PBI,FL,ASO,ES,Combined TRACON& Tower with Radar,135,43,55,0,233,1,0,68,0,69,136,43,123,0,302,0,0,0,302
08/22/2008,PBI,FL,ASO,ES,Combined TRACON& Tower with Radar,173,58,60,0,291,0,0,46,0,46,173,58,106,0,337,0,0,0,337
08/23/2008,PBI,FL,ASO,ES,Combined TRACON& Tower with Radar,122,43,64,1,230,0,0,44,0,44,122,43,108,1,274,4,0,4,278
08/24/2008,PBI,FL,ASO,ES,Combined TRACON& Tower with Radar,121,55,66,0,242,0,0,80,0,80,121,55,146,0,322,0,0,0,322
08/25/2008,PBI,FL,ASO,ES,Combined TRACON& Tower with Radar,126,52,73,2,253,0,0,59,0,59,126,52,132,2,312,0,0,0,312
08/26/2008,PBI,FL,ASO,ES,Combined TRACON& Tower with Radar,131,38,70,1,240,0,0,53,0,53,131,38,123,1,293,0,0,0,293
08/27/2008,PBI,FL,ASO,ES,Combined TRACON& Tower with Radar,141,53,63,0,257,0,1,87,0,88,141,54,150,0,345,0,0,0,345
08/28/2008,PBI,FL,ASO,ES,Combined TRACON& Tower with Radar,145,61,106,0,312,0,0,120,0,120,145,61,226,0,432,10,0,10,442
08/29/2008,PBI,FL,ASO,ES,Combined TRACON& Tower with Radar,134,61,93,1,289,0,0,145,1,146,134,61,238,2,435,4,0,4,439
08/30/2008,PBI,FL,ASO,ES,Combined TRACON& Tower with Radar,130,35,42,1,208,0,0,56,2,58,130,35,98,3,266,0,0,0,266
08/31/2008,PBI,FL,ASO,ES,Combined TRACON& Tower with Radar,110,34,33,0,177,0,0,39,0,39,110,34,72,0,216,0,0,0,216
09/01/2008,PBI,FL,ASO,ES,Combined TRACON& Tower with Radar,124,60,80,0,264,0,2,107,0,109,124,62,187,0,373,0,0,0,373
09/02/2008,PBI,FL,ASO,ES,Combined TRACON& Tower with Radar,136,34,61,2,233,0,0,65,0,65,136,34,126,2,298,0,0,0,298
09/03/2008,PBI,FL,ASO,ES,Combined TRACON& Tower with Radar,126,37,59,0,222,0,4,89,0,93,126,41,148,0,315,8,0,8,323
09/04/2008,PBI,FL,ASO,ES,Combined TRACON& Tower with Radar,127,43,62,2,234,0,1,115,0,116,127,44,177,2,350,39,0,39,389
09/05/2008,PBI,FL,ASO,ES,Combined TRACON& Tower with Radar,128,51,76,0,255,0,0,25,0,25,128,51,101,0,280,0,0,0,280
09/06/2008,PBI,FL,ASO,ES,Combined TRACON& Tower with Radar,99,31,39,5,174,0,0,61,0,61,99,31,100,5,235,10,0,10,245
09/07/2008,PBI,FL,ASO,ES,Combined TRACON& Tower with Radar,125,35,51,2,213,0,0,81,0,81,125,35,132,2,294,11,0,11,305
09/08/2008,PBI,FL,ASO,ES,Combined TRACON& Tower with Radar,132,31,67,0,230,0,0,34,0,34,132,31,101,0,264,0,0,0,264
09/09/2008,PBI,FL,ASO,ES,Combined TRACON& Tower with Radar,112,28,35,0,175,0,0,10,0,10,112,28,45,0,185,0,0,0,185
09/10/2008,PBI,FL,ASO,ES,Combined TRACON& Tower with Radar,113,53,152,1,319,0,0,67,0,67,113,53,219,1,386,12,0,12,398
09/11/2008,PBI,FL,ASO,ES,Combined TRACON& Tower with Radar,124,49,73,0,246,0,0,62,0,62,124,49,135,0,308,0,0,0,308
09/12/2008,PBI,FL,ASO,ES,Combined TRACON& Tower with Radar,119,54,75,5,253,0,0,106,0,106,119,54,181,5,359,18,3,21,380
09/13/2008,PBI,FL,ASO,ES,Combined TRACON& Tower with Radar,107,30,37,0,174,0,1,50,0,51,107,31,87,0,225,0,0,0,225
09/14/2008,PBI,FL,ASO,ES,Combined TRACON& Tower with Radar,104,43,62,3,212,0,0,76,0,76,104,43,138,3,288,24,0,24,312
09/15/2008,PBI,FL,ASO,ES,Combined TRACON& Tower with Radar,103,49,70,1,223,0,0,22,0,22,103,49,92,1,245,0,0,0,245
09/16/2008,PBI,FL,ASO,ES,Combined TRACON& Tower with Radar,119,46,68,0,233,0,0,50,0,50,119,46,118,0,283,18,0,18,301
09/17/2008,PBI,FL,ASO,ES,Combined TRACON& Tower with Radar,115,49,69,0,233,0,0,88,0,88,115,49,157,0,321,18,13,31,352
09/18/2008,PBI,FL,ASO,ES,Combined TRACON& Tower with Radar,151,61,88,2,302,0,0,118,0,118,151,61,206,2,420,38,0,38,458
09/19/2008,PBI,FL,ASO,ES,Combined TRACON& Tower with Radar,124,48,91,2,265,0,0,65,0,65,124,48,156,2,330,6,0,6,336
09/20/2008,PBI,FL,ASO,ES,Combined TRACON& Tower with Radar,118,31,34,1,184,0,0,76,0,76,118,31,110,1,260,0,0,0,260
09/21/2008,PBI,FL,ASO,ES,Combined TRACON& Tower with Radar,122,41,77,2,242,0,0,76,0,76,122,41,153,2,318,11,0,11,329
09/22/2008,PBI,FL,ASO,ES,Combined TRACON& Tower with Radar,107,43,83,3,236,0,0,52,0,52,107,43,135,3,288,4,0,4,292
09/23/2008,PBI,FL,ASO,ES,Combined TRACON& Tower with Radar,114,52,65,2,233,0,0,41,0,41,114,52,106,2,274,0,0,0,274
09/24/2008,PBI,FL,ASO,ES,Combined TRACON& Tower with Radar,113,38,71,0,222,1,1,27,0,29,114,39,98,0,251,0,0,0,251
09/25/2008,PBI,FL,ASO,ES,Combined TRACON& Tower with Radar,123,50,51,0,224,0,0,62,0,62,123,50,113,0,286,0,0,0,286
09/26/2008,PBI,FL,ASO,ES,Combined TRACON& Tower with Radar,112,56,102,3,273,0,0,90,0,90,112,56,192,3,363,0,0,0,363
09/27/2008,PBI,FL,ASO,ES,Combined TRACON& Tower with Radar,116,28,49,0,193,0,0,72,0,72,116,28,121,0,265,1,0,1,266
09/28/2008,PBI,FL,ASO,ES,Combined TRACON& Tower with Radar,113,47,71,0,231,0,0,74,0,74,113,47,145,0,305,2,0,2,307
09/29/2008,PBI,FL,ASO,ES,Combined TRACON& Tower with Radar,118,51,77,0,246,0,0,51,0,51,118,51,128,0,297,2,0,2,299
09/30/2008,PBI,FL,ASO,ES,Combined TRACON& Tower with Radar,124,57,58,1,240,0,2,65,0,67,124,59,123,1,307,6,0,6,313
10/01/2008,PBI,FL,ASO,ES,Combined TRACON& Tower with Radar,112,37,57,0,206,0,0,105,0,105,112,37,162,0,311,2,0,2,313
10/02/2008,PBI,FL,ASO,ES,Combined TRACON& Tower with Radar,146,52,80,12,290,1,0,51,0,52,147,52,131,12,342,0,0,0,342
10/03/2008,PBI,FL,ASO,ES,Combined TRACON& Tower with Radar,136,53,92,5,286,0,0,60,0,60,136,53,152,5,346,2,0,2,348
10/04/2008,PBI,FL,ASO,ES,Combined TRACON& Tower with Radar,131,37,45,2,215,0,0,35,0,35,131,37,80,2,250,0,1,1,251
10/05/2008,PBI,FL,ASO,ES,Combined TRACON& Tower with Radar,124,53,90,2,269,0,0,89,0,89,124,53,179,2,358,12,0,12,370
10/06/2008,PBI,FL,ASO,ES,Combined TRACON& Tower with Radar,127,33,83,2,245,0,1,42,0,43,127,34,125,2,288,0,0,0,288
10/07/2008,PBI,FL,ASO,ES,Combined TRACON& Tower with Radar,134,24,70,4,232,0,0,78,0,78,134,24,148,4,310,6,2,8,318
10/08/2008,PBI,FL,ASO,ES,Combined TRACON& Tower with Radar,124,42,77,0,243,0,0,102,0,102,124,42,179,0,345,1,0,1,346
10/09/2008,PBI,FL,ASO,ES,Combined TRACON& Tower with Radar,148,52,83,1,284,0,1,49,0,50,148,53,132,1,334,0,0,0,334
10/10/2008,PBI,FL,ASO,ES,Combined TRACON& Tower with Radar,144,75,95,9,323,0,0,99,0,99,144,75,194,9,422,1,0,1,423
10/11/2008,PBI,FL,ASO,ES,Combined TRACON& Tower with Radar,117,37,58,0,212,0,0,70,0,70,117,37,128,0,282,8,0,8,290
10/12/2008,PBI,FL,ASO,ES,Combined TRACON& Tower with Radar,126,51,94,4,275,0,0,55,0,55,126,51,149,4,330,7,0,7,337
10/13/2008,PBI,FL,ASO,ES,Combined TRACON& Tower with Radar,141,71,99,0,311,0,0,75,1,76,141,71,174,1,387,7,0,7,394
10/14/2008,PBI,FL,ASO,ES,Combined TRACON& Tower with Radar,134,45,67,9,255,0,0,84,0,84,134,45,151,9,339,5,0,5,344
10/15/2008,PBI,FL,ASO,ES,Combined TRACON& Tower with Radar,130,63,90,3,286,0,0,104,0,104,130,63,194,3,390,2,0,2,392
10/16/2008,PBI,FL,ASO,ES,Combined TRACON& Tower with Radar,122,53,58,2,235,0,0,99,0,99,122,53,157,2,334,2,0,2,336
10/17/2008,PBI,FL,ASO,ES,Combined TRACON& Tower with Radar,147,65,109,1,322,0,0,86,0,86,147,65,195,1,408,12,0,12,420
10/18/2008,PBI,FL,ASO,ES,Combined TRACON& Tower with Radar,120,35,42,3,200,0,0,55,0,55,120,35,97,3,255,2,1,3,258
10/19/2008,PBI,FL,ASO,ES,Combined TRACON& Tower with Radar,110,57,98,1,266,0,0,44,0,44,110,57,142,1,310,0,0,0,310
10/20/2008,PBI,FL,ASO,ES,Combined TRACON& Tower with Radar,144,55,101,2,302,0,0,78,0,78,144,55,179,2,380,13,0,13,393
10/21/2008,PBI,FL,ASO,ES,Combined TRACON& Tower with Radar,128,50,57,3,238,0,0,154,0,154,128,50,211,3,392,2,1,3,395
10/22/2008,PBI,FL,ASO,ES,Combined TRACON& Tower with Radar,121,46,78,0,245,0,0,108,0,108,121,46,186,0,353,4,0,4,357
10/23/2008,PBI,FL,ASO,ES,Combined TRACON& Tower with Radar,133,71,96,0,300,0,1,31,0,32,133,72,127,0,332,0,0,0,332
10/24/2008,PBI,FL,ASO,ES,Combined TRACON& Tower with Radar,146,58,109,3,316,0,0,65,0,65,146,58,174,3,381,18,0,18,399
10/25/2008,PBI,FL,ASO,ES,Combined TRACON& Tower with Radar,111,62,65,0,238,1,0,81,0,82,112,62,146,0,320,10,0,10,330
10/26/2008,PBI,FL,ASO,ES,Combined TRACON& Tower with Radar,122,54,97,0,273,0,0,65,0,65,122,54,162,0,338,11,0,11,349
10/27/2008,PBI,FL,ASO,ES,Combined TRACON& Tower with Radar,135,62,108,1,306,0,0,75,0,75,135,62,183,1,381,0,0,0,381
10/28/2008,PBI,FL,ASO,ES,Combined TRACON& Tower with Radar,113,68,82,0,263,0,1,88,0,89,113,69,170,0,352,5,0,5,357
10/29/2008,PBI,FL,ASO,ES,Combined TRACON& Tower with Radar,129,64,74,0,267,0,0,90,0,90,129,64,164,0,357,12,0,12,369
10/30/2008,PBI,FL,ASO,ES,Combined TRACON& Tower with Radar,131,83,91,0,305,0,0,87,0,87,131,83,178,0,392,4,0,4,396
10/31/2008,PBI,FL,ASO,ES,Combined TRACON& Tower with Radar,138,75,100,0,313,0,0,83,0,83,138,75,183,0,396,23,0,23,419
11/01/2008,PBI,FL,ASO,ES,Combined TRACON& Tower with Radar,121,59,98,0,278,0,0,54,0,54,121,59,152,0,332,0,0,0,332
11/02/2008,PBI,FL,ASO,ES,Combined TRACON& Tower with Radar,138,61,112,0,311,0,0,80,0,80,138,61,192,0,391,1,0,1,392
11/03/2008,PBI,FL,ASO,ES,Combined TRACON& Tower with Radar,159,56,82,2,299,0,0,120,0,120,159,56,202,2,419,27,0,27,446
11/04/2008,PBI,FL,ASO,ES,Combined TRACON& Tower with Radar,157,65,94,0,316,0,0,50,0,50,157,65,144,0,366,8,0,8,374
11/05/2008,PBI,FL,ASO,ES,Combined TRACON& Tower with Radar,148,76,100,0,324,0,0,77,0,77,148,76,177,0,401,6,0,6,407
11/06/2008,PBI,FL,ASO,ES,Combined TRACON& Tower with Radar,153,89,126,3,371,0,0,151,0,151,153,89,277,3,522,38,0,38,560
11/07/2008,PBI,FL,ASO,ES,Combined TRACON& Tower with Radar,161,85,150,3,399,0,0,150,0,150,161,85,300,3,549,6,0,6,555
11/08/2008,PBI,FL,ASO,ES,Combined TRACON& Tower with Radar,152,49,91,0,292,0,0,103,0,103,152,49,194,0,395,6,0,6,401
11/09/2008,PBI,FL,ASO,ES,Combined TRACON& Tower with Radar,139,89,129,1,358,0,0,46,0,46,139,89,175,1,404,0,0,0,404
11/10/2008,PBI,FL,ASO,ES,Combined TRACON& Tower with Radar,163,55,106,2,326,0,0,81,0,81,163,55,187,2,407,2,0,2,409
11/11/2008,PBI,FL,ASO,ES,Combined TRACON& Tower with Radar,138,59,99,2,298,0,0,90,0,90,138,59,189,2,388,2,0,2,390
11/12/2008,PBI,FL,ASO,ES,Combined TRACON& Tower with Radar,169,72,114,0,355,0,0,83,0,83,169,72,197,0,438,2,0,2,440
11/13/2008,PBI,FL,ASO,ES,Combined TRACON& Tower with Radar,156,95,107,0,358,0,0,38,0,38,156,95,145,0,396,0,0,0,396
11/14/2008,PBI,FL,ASO,ES,Combined TRACON& Tower with Radar,158,97,98,3,356,0,0,87,0,87,158,97,185,3,443,10,0,10,453
11/15/2008,PBI,FL,ASO,ES,Combined TRACON& Tower with Radar,153,49,67,2,271,0,0,68,0,68,153,49,135,2,339,0,0,0,339
11/16/2008,PBI,FL,ASO,ES,Combined TRACON& Tower with Radar,157,110,104,3,374,0,0,93,0,93,157,110,197,3,467,2,0,2,469
11/17/2008,PBI,FL,ASO,ES,Combined TRACON& Tower with Radar,147,57,99,3,306,0,0,62,1,63,147,57,161,4,369,0,0,0,369
11/18/2008,PBI,FL,ASO,ES,Combined TRACON& Tower with Radar,147,55,80,6,288,0,0,103,0,103,147,55,183,6,391,2,2,4,395
11/19/2008,PBI,FL,ASO,ES,Combined TRACON& Tower with Radar,157,70,91,0,318,0,0,85,0,85,157,70,176,0,403,12,0,12,415
11/20/2008,PBI,FL,ASO,ES,Combined TRACON& Tower with Radar,179,80,117,4,380,0,0,114,0,114,179,80,231,4,494,36,0,36,530
11/21/2008,PBI,FL,ASO,ES,Combined TRACON& Tower with Radar,188,86,133,0,407,0,0,96,2,98,188,86,229,2,505,5,0,5,510
11/22/2008,PBI,FL,ASO,ES,Combined TRACON& Tower with Radar,170,66,104,0,340,0,0,100,0,100,170,66,204,0,440,0,0,0,440
11/23/2008,PBI,FL,ASO,ES,Combined TRACON& Tower with Radar,173,91,132,0,396,0,0,114,0,114,173,91,246,0,510,0,0,0,510
11/24/2008,PBI,FL,ASO,ES,Combined TRACON& Tower with Radar,182,68,113,1,364,0,0,47,0,47,182,68,160,1,411,0,0,0,411
11/25/2008,PBI,FL,ASO,ES,Combined TRACON& Tower with Radar,189,99,122,0,410,0,0,107,0,107,189,99,229,0,517,2,0,2,519
11/26/2008,PBI,FL,ASO,ES,Combined TRACON& Tower with Radar,192,106,166,0,464,0,0,146,0,146,192,106,312,0,610,5,0,5,615
11/27/2008,PBI,FL,ASO,ES,Combined TRACON& Tower with Radar,128,40,48,0,216,0,0,68,0,68,128,40,116,0,284,0,0,0,284
11/28/2008,PBI,FL,ASO,ES,Combined TRACON& Tower with Radar,140,75,101,1,317,0,0,80,0,80,140,75,181,1,397,2,0,2,399
11/29/2008,PBI,FL,ASO,ES,Combined TRACON& Tower with Radar,160,102,130,1,393,0,0,81,0,81,160,102,211,1,474,0,0,0,474
11/30/2008,PBI,FL,ASO,ES,Combined TRACON& Tower with Radar,190,192,299,2,683,0,0,91,0,91,190,192,390,2,774,0,0,0,774
12/01/2008,PBI,FL,ASO,ES,Combined TRACON& Tower with Radar,183,108,155,0,446,0,7,48,0,55,183,115,203,0,501,0,0,0,501
12/02/2008,PBI,FL,ASO,ES,Combined TRACON& Tower with Radar,184,69,83,1,337,0,5,78,0,83,184,74,161,1,420,0,0,0,420
12/03/2008,PBI,FL,ASO,ES,Combined TRACON& Tower with Radar,166,71,111,0,348,0,2,91,0,93,166,73,202,0,441,0,0,0,441
12/04/2008,PBI,FL,ASO,ES,Combined TRACON& Tower with Radar,161,70,114,0,345,1,5,84,0,90,162,75,198,0,435,0,0,0,435
12/05/2008,PBI,FL,ASO,ES,Combined TRACON& Tower with Radar,170,79,110,6,365,0,1,112,1,114,170,80,222,7,479,0,0,0,479
12/06/2008,PBI,FL,ASO,ES,Combined TRACON& Tower with Radar,146,53,73,1,273,0,3,56,4,63,146,56,129,5,336,0,0,0,336
12/07/2008,PBI,FL,ASO,ES,Combined TRACON& Tower with Radar,154,85,129,0,368,0,2,54,0,56,154,87,183,0,424,0,0,0,424
12/08/2008,PBI,FL,ASO,ES,Combined TRACON& Tower with Radar,159,71,99,2,331,0,5,71,0,76,159,76,170,2,407,0,0,0,407
12/09/2008,PBI,FL,ASO,ES,Combined TRACON& Tower with Radar,155,62,96,3,316,0,6,69,1,76,155,68,165,4,392,2,0,2,394
12/10/2008,PBI,FL,ASO,ES,Combined TRACON& Tower with Radar,145,55,103,0,303,0,1,82,2,85,145,56,185,2,388,0,0,0,388
12/11/2008,PBI,FL,ASO,ES,Combined TRACON& Tower with Radar,160,65,91,4,320,0,4,48,0,52,160,69,139,4,372,0,0,0,372
12/12/2008,PBI,FL,ASO,ES,Combined TRACON& Tower with Radar,173,80,109,0,362,0,8,72,0,80,173,88,181,0,442,0,0,0,442
12/13/2008,PBI,FL,ASO,ES,Combined TRACON& Tower with Radar,144,51,82,2,279,0,9,50,1,60,144,60,132,3,339,0,0,0,339
12/14/2008,PBI,FL,ASO,ES,Combined TRACON& Tower with Radar,154,73,92,0,319,0,5,50,1,56,154,78,142,1,375,0,0,0,375
12/15/2008,PBI,FL,ASO,ES,Combined TRACON& Tower with Radar,157,59,127,12,355,0,6,87,0,93,157,65,214,12,448,0,0,0,448
12/16/2008,PBI,FL,ASO,ES,Combined TRACON& Tower with Radar,149,73,109,0,331,0,3,69,0,72,149,76,178,0,403,4,0,4,407
12/17/2008,PBI,FL,ASO,ES,Combined TRACON& Tower with Radar,166,76,79,0,321,0,7,195,2,204,166,83,274,2,525,38,1,39,564
12/18/2008,PBI,FL,ASO,ES,Combined TRACON& Tower with Radar,194,87,151,0,432,0,6,114,2,122,194,93,265,2,554,10,0,10,564
12/19/2008,PBI,FL,ASO,ES,Combined TRACON& Tower with Radar,160,109,137,0,406,0,5,113,0,118,160,114,250,0,524,3,0,3,527
12/20/2008,PBI,FL,ASO,ES,Combined TRACON& Tower with Radar,174,104,154,0,432,0,5,76,0,81,174,109,230,0,513,12,0,12,525
12/21/2008,PBI,FL,ASO,ES,Combined TRACON& Tower with Radar,172,100,122,0,394,0,3,73,2,78,172,103,195,2,472,11,0,11,483
12/22/2008,PBI,FL,ASO,ES,Combined TRACON& Tower with Radar,179,86,142,1,408,0,2,66,0,68,179,88,208,1,476,2,0,2,478
12/23/2008,PBI,FL,ASO,ES,Combined TRACON& Tower with Radar,188,107,123,0,418,0,4,56,0,60,188,111,179,0,478,3,0,3,481
12/24/2008,PBI,FL,ASO,ES,Combined TRACON& Tower with Radar,179,61,87,1,328,0,5,35,0,40,179,66,122,1,368,0,0,0,368
12/25/2008,PBI,FL,ASO,ES,Combined TRACON& Tower with Radar,183,99,58,0,340,0,3,22,0,25,183,102,80,0,365,0,0,0,365
12/26/2008,PBI,FL,ASO,ES,Combined TRACON& Tower with Radar,192,175,245,0,612,0,9,82,0,91,192,184,327,0,703,8,0,8,711
12/27/2008,PBI,FL,ASO,ES,Combined TRACON& Tower with Radar,184,159,216,0,559,0,6,73,1,80,184,165,289,1,639,0,0,0,639
12/28/2008,PBI,FL,ASO,ES,Combined TRACON& Tower with Radar,190,124,196,0,510,0,8,52,2,62,190,132,248,2,572,0,0,0,572
12/29/2008,PBI,FL,ASO,ES,Combined TRACON& Tower with Radar,192,90,123,0,405,0,9,92,0,101,192,99,215,0,506,0,0,0,506
12/30/2008,PBI,FL,ASO,ES,Combined TRACON& Tower with Radar,190,91,127,2,410,0,7,133,1,141,190,98,260,3,551,0,0,0,551
12/31/2008,PBI,FL,ASO,ES,Combined TRACON& Tower with Radar,172,67,70,0,309,0,11,72,0,83,172,78,142,0,392,14,0,14,406
01/01/2009,PBI,FL,ASO,ES,Combined TRACON& Tower with Radar,181,69,95,1,346,0,2,30,2,34,181,71,125,3,380,0,0,0,380
01/02/2009,PBI,FL,ASO,ES,Combined TRACON& Tower with Radar,189,112,175,0,476,0,14,88,0,102,189,126,263,0,578,6,0,6,584
01/03/2009,PBI,FL,ASO,ES,Combined TRACON& Tower with Radar,187,179,231,0,597,0,8,91,0,99,187,187,322,0,696,14,0,14,710
01/04/2009,PBI,FL,ASO,ES,Combined TRACON& Tower with Radar,188,148,278,0,614,0,8,90,0,98,188,156,368,0,712,0,0,0,712
01/05/2009,PBI,FL,ASO,ES,Combined TRACON& Tower with Radar,175,104,129,0,408,0,8,84,0,92,175,112,213,0,500,0,0,0,500
01/06/2009,PBI,FL,ASO,ES,Combined TRACON& Tower with Radar,160,64,82,0,306,0,11,81,0,92,160,75,163,0,398,0,0,0,398
01/07/2009,PBI,FL,ASO,ES,Combined TRACON& Tower with Radar,157,57,71,1,286,0,3,48,3,54,157,60,119,4,340,0,0,0,340
01/08/2009,PBI,FL,ASO,ES,Combined TRACON& Tower with Radar,175,88,120,2,385,0,1,69,3,73,175,89,189,5,458,0,0,0,458
01/09/2009,PBI,FL,ASO,ES,Combined TRACON& Tower with Radar,179,101,132,0,412,0,5,81,3,89,179,106,213,3,501,3,0,3,504
01/10/2009,PBI,FL,ASO,ES,Combined TRACON& Tower with Radar,148,62,72,2,284,0,8,82,4,94,148,70,154,6,378,8,0,8,386
01/11/2009,PBI,FL,ASO,ES,Combined TRACON& Tower with Radar,156,77,136,0,369,0,6,64,0,70,156,83,200,0,439,0,0,0,439
01/12/2009,PBI,FL,ASO,ES,Combined TRACON& Tower with Radar,171,79,126,2,378,0,4,66,0,70,171,83,192,2,448,0,0,0,448
01/13/2009,PBI,FL,ASO,ES,Combined TRACON& Tower with Radar,155,51,101,0,307,0,4,44,0,48,155,55,145,0,355,0,0,0,355
01/14/2009,PBI,FL,ASO,ES,Combined TRACON& Tower with Radar,161,78,119,0,358,0,3,74,2,79,161,81,193,2,437,0,0,0,437
01/15/2009,PBI,FL,ASO,ES,Combined TRACON& Tower with Radar,172,105,158,2,437,0,8,94,1,103,172,113,252,3,540,0,0,0,540
01/16/2009,PBI,FL,ASO,ES,Combined TRACON& Tower with Radar,183,121,218,0,522,0,10,80,0,90,183,131,298,0,612,11,0,11,623
01/17/2009,PBI,FL,ASO,ES,Combined TRACON& Tower with Radar,151,69,88,0,308,0,10,64,1,75,151,79,152,1,383,0,0,0,383
01/18/2009,PBI,FL,ASO,ES,Combined TRACON& Tower with Radar,153,80,121,0,354,0,6,79,0,85,153,86,200,0,439,0,0,0,439
01/19/2009,PBI,FL,ASO,ES,Combined TRACON& Tower with Radar,170,122,176,0,468,0,2,61,0,63,170,124,237,0,531,0,0,0,531
01/20/2009,PBI,FL,ASO,ES,Combined TRACON& Tower with Radar,161,72,116,0,349,0,7,66,0,73,161,79,182,0,422,0,0,0,422
01/21/2009,PBI,FL,ASO,ES,Combined TRACON& Tower with Radar,166,72,113,3,354,0,3,81,2,86,166,75,194,5,440,0,0,0,440
01/22/2009,PBI,FL,ASO,ES,Combined TRACON& Tower with Radar,179,91,140,1,411,0,3,115,2,120,179,94,255,3,531,0,0,0,531
01/23/2009,PBI,FL,ASO,ES,Combined TRACON& Tower with Radar,181,78,142,0,401,0,4,105,0,109,181,82,247,0,510,6,0,6,516
01/24/2009,PBI,FL,ASO,ES,Combined TRACON& Tower with Radar,153,60,81,0,294,0,3,67,1,71,153,63,148,1,365,0,0,0,365
01/25/2009,PBI,FL,ASO,ES,Combined TRACON& Tower with Radar,159,99,152,0,410,0,4,79,2,85,159,103,231,2,495,0,0,0,495
01/26/2009,PBI,FL,ASO,ES,Combined TRACON& Tower with Radar,171,74,101,2,348,1,11,83,0,95,172,85,184,2,443,0,0,0,443
01/27/2009,PBI,FL,ASO,ES,Combined TRACON& Tower with Radar,157,65,102,8,332,0,2,69,1,72,157,67,171,9,404,0,0,0,404
01/28/2009,PBI,FL,ASO,ES,Combined TRACON& Tower with Radar,155,70,99,0,324,0,9,85,1,95,155,79,184,1,419,0,0,0,419
01/29/2009,PBI,FL,ASO,ES,Combined TRACON& Tower with Radar,178,99,153,2,432,0,8,80,0,88,178,107,233,2,520,0,0,0,520
01/30/2009,PBI,FL,ASO,ES,Combined TRACON& Tower with Radar,180,104,163,13,460,0,0,42,0,42,180,104,205,13,502,0,0,0,502
01/31/2009,PBI,FL,ASO,ES,Combined TRACON& Tower with Radar,158,71,87,7,323,0,2,46,0,48,158,73,133,7,371,14,0,14,385
02/01/2009,PBI,FL,ASO,ES,Combined TRACON& Tower with Radar,167,112,156,8,443,0,3,53,1,57,167,115,209,9,500,0,0,0,500
02/02/2009,PBI,FL,ASO,ES,Combined TRACON& Tower with Radar,171,96,139,0,406,0,3,52,2,57,171,99,191,2,463,0,0,0,463
02/03/2009,PBI,FL,ASO,ES,Combined TRACON& Tower with Radar,151,60,85,0,296,0,2,61,0,63,151,62,146,0,359,0,0,0,359
02/04/2009,PBI,FL,ASO,ES,Combined TRACON& Tower with Radar,174,83,123,1,381,0,2,79,0,81,174,85,202,1,462,0,0,0,462
02/05/2009,PBI,FL,ASO,ES,Combined TRACON& Tower with Radar,173,111,150,4,438,1,5,78,1,85,174,116,228,5,523,0,0,0,523
02/06/2009,PBI,FL,ASO,ES,Combined TRACON& Tower with Radar,175,93,125,3,396,0,4,83,1,88,175,97,208,4,484,2,0,2,486
02/07/2009,PBI,FL,ASO,ES,Combined TRACON& Tower with Radar,154,61,78,2,295,0,3,46,4,53,154,64,124,6,348,0,0,0,348
02/08/2009,PBI,FL,ASO,ES,Combined TRACON& Tower with Radar,166,115,145,0,426,0,4,64,0,68,166,119,209,0,494,0,0,0,494
02/09/2009,PBI,FL,ASO,ES,Combined TRACON& Tower with Radar,169,97,111,4,381,0,4,77,0,81,169,101,188,4,462,0,0,0,462
02/10/2009,PBI,FL,ASO,ES,Combined TRACON& Tower with Radar,160,71,86,0,317,0,3,71,0,74,160,74,157,0,391,0,0,0,391
02/11/2009,PBI,FL,ASO,ES,Combined TRACON& Tower with Radar,159,87,161,2,409,0,4,39,0,43,159,91,200,2,452,0,0,0,452
02/12/2009,PBI,FL,ASO,ES,Combined TRACON& Tower with Radar,192,145,210,4,551,0,5,49,0,54,192,150,259,4,605,0,0,0,605
02/13/2009,PBI,FL,ASO,ES,Combined TRACON& Tower with Radar,201,164,248,3,616,0,5,66,1,72,201,169,314,4,688,0,0,0,688
02/14/2009,PBI,FL,ASO,ES,Combined TRACON& Tower with Radar,187,72,137,3,399,0,4,45,1,50,187,76,182,4,449,0,0,0,449
02/15/2009,PBI,FL,ASO,ES,Combined TRACON& Tower with Radar,190,103,169,2,464,0,2,28,0,30,190,105,197,2,494,0,0,0,494
02/16/2009,PBI,FL,ASO,ES,Combined TRACON& Tower with Radar,192,142,286,0,620,0,8,46,0,54,192,150,332,0,674,0,0,0,674
02/17/2009,PBI,FL,ASO,ES,Combined TRACON& Tower with Radar,187,110,229,2,528,0,5,53,1,59,187,115,282,3,587,0,0,0,587
02/18/2009,PBI,FL,ASO,ES,Combined TRACON& Tower with Radar,187,65,175,2,429,0,5,34,2,41,187,70,209,4,470,0,0,0,470
02/19/2009,PBI,FL,ASO,ES,Combined TRACON& Tower with Radar,198,78,164,1,441,0,4,70,0,74,198,82,234,1,515,0,0,0,515
02/20/2009,PBI,FL,ASO,ES,Combined TRACON& Tower with Radar,194,64,154,6,418,0,3,62,2,67,194,67,216,8,485,0,0,0,485
02/21/2009,PBI,FL,ASO,ES,Combined TRACON& Tower with Radar,189,85,134,0,408,0,3,48,3,54,189,88,182,3,462,0,0,0,462
02/22/2009,PBI,FL,ASO,ES,Combined TRACON& Tower with Radar,183,117,224,4,528,0,4,26,0,30,183,121,250,4,558,0,0,0,558
02/23/2009,PBI,FL,ASO,ES,Combined TRACON& Tower with Radar,189,73,131,4,397,0,3,32,0,35,189,76,163,4,432,0,0,0,432
02/24/2009,PBI,FL,ASO,ES,Combined TRACON& Tower with Radar,191,71,113,0,375,0,2,48,0,50,191,73,161,0,425,0,0,0,425
02/25/2009,PBI,FL,ASO,ES,Combined TRACON& Tower with Radar,190,53,165,0,408,0,2,56,3,61,190,55,221,3,469,0,0,0,469
02/26/2009,PBI,FL,ASO,ES,Combined TRACON& Tower with Radar,193,86,160,0,439,4,10,86,0,100,197,96,246,0,539,0,0,0,539
02/27/2009,PBI,FL,ASO,ES,Combined TRACON& Tower with Radar,192,97,160,0,449,0,12,100,0,112,192,109,260,0,561,0,0,0,561
02/28/2009,PBI,FL,ASO,ES,Combined TRACON& Tower with Radar,190,68,103,2,363,0,6,90,0,96,190,74,193,2,459,3,0,3,462
03/01/2009,PBI,FL,ASO,ES,Combined TRACON& Tower with Radar,155,124,188,4,471,0,6,40,2,48,155,130,228,6,519,0,0,0,519
03/02/2009,PBI,FL,ASO,ES,Combined TRACON& Tower with Radar,158,75,134,0,367,0,3,89,0,92,158,78,223,0,459,0,0,0,459
03/03/2009,PBI,FL,ASO,ES,Combined TRACON& Tower with Radar,196,72,113,2,383,0,3,80,0,83,196,75,193,2,466,0,0,0,466
03/04/2009,PBI,FL,ASO,ES,Combined TRACON& Tower with Radar,191,69,139,1,400,0,0,56,0,56,191,69,195,1,456,0,0,0,456
03/05/2009,PBI,FL,ASO,ES,Combined TRACON& Tower with Radar,198,81,111,4,394,0,11,72,0,83,198,92,183,4,477,0,0,0,477
03/06/2009,PBI,FL,ASO,ES,Combined TRACON& Tower with Radar,198,77,139,1,415,0,6,95,1,102,198,83,234,2,517,0,0,0,517
03/07/2009,PBI,FL,ASO,ES,Combined TRACON& Tower with Radar,194,62,93,0,349,0,8,48,8,64,194,70,141,8,413,0,0,0,413
03/08/2009,PBI,FL,ASO,ES,Combined TRACON& Tower with Radar,189,112,165,6,472,0,7,61,3,71,189,119,226,9,543,0,0,0,543
03/09/2009,PBI,FL,ASO,ES,Combined TRACON& Tower with Radar,190,76,119,5,390,0,5,103,7,115,190,81,222,12,505,0,0,0,505
03/10/2009,PBI,FL,ASO,ES,Combined TRACON& Tower with Radar,190,64,92,1,347,0,6,89,0,95,190,70,181,1,442,0,0,0,442
03/11/2009,PBI,FL,ASO,ES,Combined TRACON& Tower with Radar,185,69,115,4,373,0,3,99,0,102,185,72,214,4,475,0,0,0,475
03/12/2009,PBI,FL,ASO,ES,Combined TRACON& Tower with Radar,206,94,150,6,456,0,5,80,0,85,206,99,230,6,541,0,0,0,541
03/13/2009,PBI,FL,ASO,ES,Combined TRACON& Tower with Radar,193,136,193,0,522,0,6,80,2,88,193,142,273,2,610,0,0,0,610
03/14/2009,PBI,FL,ASO,ES,Combined TRACON& Tower with Radar,186,102,134,0,422,0,8,67,0,75,186,110,201,0,497,0,0,0,497
03/15/2009,PBI,FL,ASO,ES,Combined TRACON& Tower with Radar,191,115,181,0,487,0,4,70,2,76,191,119,251,2,563,0,0,0,563
03/16/2009,PBI,FL,ASO,ES,Combined TRACON& Tower with Radar,192,79,131,3,405,0,8,72,0,80,192,87,203,3,485,0,0,0,485
03/17/2009,PBI,FL,ASO,ES,Combined TRACON& Tower with Radar,196,56,91,0,343,0,6,69,6,81,196,62,160,6,424,0,0,0,424
03/18/2009,PBI,FL,ASO,ES,Combined TRACON& Tower with Radar,188,80,149,0,417,0,3,32,3,38,188,83,181,3,455,0,0,0,455
03/19/2009,PBI,FL,ASO,ES,Combined TRACON& Tower with Radar,195,93,172,0,460,0,9,59,0,68,195,102,231,0,528,0,0,0,528
03/20/2009,PBI,FL,ASO,ES,Combined TRACON& Tower with Radar,195,119,168,6,488,0,6,77,0,83,195,125,245,6,571,0,0,0,571
03/21/2009,PBI,FL,ASO,ES,Combined TRACON& Tower with Radar,193,86,143,1,423,0,4,38,0,42,193,90,181,1,465,0,0,0,465
03/22/2009,PBI,FL,ASO,ES,Combined TRACON& Tower with Radar,188,131,188,0,507,0,4,60,0,64,188,135,248,0,571,0,0,0,571
03/23/2009,PBI,FL,ASO,ES,Combined TRACON& Tower with Radar,190,75,128,0,393,0,3,60,0,63,190,78,188,0,456,0,0,0,456
03/24/2009,PBI,FL,ASO,ES,Combined TRACON& Tower with Radar,189,68,113,2,372,0,3,79,1,83,189,71,192,3,455,0,0,0,455
03/25/2009,PBI,FL,ASO,ES,Combined TRACON& Tower with Radar,191,74,95,0,360,0,6,108,0,114,191,80,203,0,474,0,0,0,474
03/26/2009,PBI,FL,ASO,ES,Combined TRACON& Tower with Radar,192,97,173,0,462,0,3,93,0,96,192,100,266,0,558,0,0,0,558
03/27/2009,PBI,FL,ASO,ES,Combined TRACON& Tower with Radar,195,105,166,3,469,0,7,94,0,101,195,112,260,3,570,8,0,8,578
03/28/2009,PBI,FL,ASO,ES,Combined TRACON& Tower with Radar,175,95,116,0,386,0,6,48,0,54,175,101,164,0,440,0,0,0,440
03/29/2009,PBI,FL,ASO,ES,Combined TRACON& Tower with Radar,153,123,228,2,506,2,3,41,0,46,155,126,269,2,552,0,0,0,552
03/30/2009,PBI,FL,ASO,ES,Combined TRACON& Tower with Radar,206,97,161,3,467,0,9,94,0,103,206,106,255,3,570,7,0,7,577
03/31/2009,PBI,FL,ASO,ES,Combined TRACON& Tower with Radar,192,58,114,0,364,0,2,65,0,67,192,60,179,0,431,0,0,0,431
04/01/2009,PBI,FL,ASO,ES,Combined TRACON& Tower with Radar,193,66,108,0,367,0,3,79,0,82,193,69,187,0,449,0,0,0,449
04/02/2009,PBI,FL,ASO,ES,Combined TRACON& Tower with Radar,188,75,107,0,370,0,3,85,4,92,188,78,192,4,462,0,0,0,462
04/03/2009,PBI,FL,ASO,ES,Combined TRACON& Tower with Radar,181,83,142,0,406,0,4,76,3,83,181,87,218,3,489,0,0,0,489
04/04/2009,PBI,FL,ASO,ES,Combined TRACON& Tower with Radar,192,68,99,2,361,0,8,85,1,94,192,76,184,3,455,0,0,0,455
04/05/2009,PBI,FL,ASO,ES,Combined TRACON& Tower with Radar,185,76,151,6,418,0,5,89,1,95,185,81,240,7,513,0,0,0,513
04/06/2009,PBI,FL,ASO,ES,Combined TRACON& Tower with Radar,169,59,130,0,358,0,2,75,0,77,169,61,205,0,435,0,0,0,435
04/07/2009,PBI,FL,ASO,ES,Combined TRACON& Tower with Radar,178,54,110,4,346,0,4,76,3,83,178,58,186,7,429,0,0,0,429
04/08/2009,PBI,FL,ASO,ES,Combined TRACON& Tower with Radar,175,106,159,2,442,0,10,129,0,139,175,116,288,2,581,0,0,0,581
04/09/2009,PBI,FL,ASO,ES,Combined TRACON& Tower with Radar,186,130,174,4,494,0,9,122,0,131,186,139,296,4,625,0,0,0,625
04/10/2009,PBI,FL,ASO,ES,Combined TRACON& Tower with Radar,175,86,133,0,394,0,7,68,0,75,175,93,201,0,469,0,0,0,469
04/11/2009,PBI,FL,ASO,ES,Combined TRACON& Tower with Radar,181,53,97,0,331,0,9,72,2,83,181,62,169,2,414,0,0,0,414
04/12/2009,PBI,FL,ASO,ES,Combined TRACON& Tower with Radar,175,126,158,0,459,0,9,65,1,75,175,135,223,1,534,0,0,0,534
04/13/2009,PBI,FL,ASO,ES,Combined TRACON& Tower with Radar,181,85,139,0,405,0,9,84,0,93,181,94,223,0,498,0,0,0,498
04/14/2009,PBI,FL,ASO,ES,Combined TRACON& Tower with Radar,177,74,95,0,346,0,12,74,0,86,177,86,169,0,432,0,0,0,432
04/15/2009,PBI,FL,ASO,ES,Combined TRACON& Tower with Radar,181,63,118,0,362,0,10,124,0,134,181,73,242,0,496,0,0,0,496
04/16/2009,PBI,FL,ASO,ES,Combined TRACON& Tower with Radar,181,85,108,0,374,0,4,105,0,109,181,89,213,0,483,0,0,0,483
04/17/2009,PBI,FL,ASO,ES,Combined TRACON& Tower with Radar,181,95,139,0,415,0,4,101,1,106,181,99,240,1,521,0,0,0,521
04/18/2009,PBI,FL,ASO,ES,Combined TRACON& Tower with Radar,176,71,130,1,378,0,8,56,0,64,176,79,186,1,442,0,0,0,442
04/19/2009,PBI,FL,ASO,ES,Combined TRACON& Tower with Radar,175,107,159,0,441,0,3,76,0,79,175,110,235,0,520,0,0,0,520
04/20/2009,PBI,FL,ASO,ES,Combined TRACON& Tower with Radar,163,82,104,1,350,0,4,75,3,82,163,86,179,4,432,0,0,0,432
04/21/2009,PBI,FL,ASO,ES,Combined TRACON& Tower with Radar,170,71,106,3,350,0,4,70,0,74,170,75,176,3,424,0,0,0,424
04/22/2009,PBI,FL,ASO,ES,Combined TRACON& Tower with Radar,169,46,123,1,339,0,2,99,2,103,169,48,222,3,442,0,0,0,442
04/23/2009,PBI,FL,ASO,ES,Combined TRACON& Tower with Radar,176,66,116,0,358,0,3,113,0,116,176,69,229,0,474,0,0,0,474
04/24/2009,PBI,FL,ASO,ES,Combined TRACON& Tower with Radar,177,63,127,1,368,0,5,99,1,105,177,68,226,2,473,0,0,0,473
04/25/2009,PBI,FL,ASO,ES,Combined TRACON& Tower with Radar,172,37,95,0,304,0,3,56,0,59,172,40,151,0,363,0,0,0,363
04/26/2009,PBI,FL,ASO,ES,Combined TRACON& Tower with Radar,170,85,114,3,372,0,5,101,0,106,170,90,215,3,478,0,0,0,478
04/27/2009,PBI,FL,ASO,ES,Combined TRACON& Tower with Radar,171,69,85,0,325,0,3,86,0,89,171,72,171,0,414,0,0,0,414
04/28/2009,PBI,FL,ASO,ES,Combined TRACON& Tower with Radar,171,51,102,1,325,0,3,70,2,75,171,54,172,3,400,0,0,0,400
04/29/2009,PBI,FL,ASO,ES,Combined TRACON& Tower with Radar,171,60,68,0,299,0,5,83,0,88,171,65,151,0,387,0,0,0,387
04/30/2009,PBI,FL,ASO,ES,Combined TRACON& Tower with Radar,179,77,94,2,352,0,5,113,2,120,179,82,207,4,472,0,0,0,472
05/01/2009,PBI,FL,ASO,ES,Combined TRACON& Tower with Radar,143,64,98,1,306,0,6,102,2,110,143,70,200,3,416,0,0,0,416
05/02/2009,PBI,FL,ASO,ES,Combined TRACON& Tower with Radar,138,46,76,1,261,0,8,77,1,86,138,54,153,2,347,0,0,0,347
05/03/2009,PBI,FL,ASO,ES,Combined TRACON& Tower with Radar,133,73,110,1,317,0,12,96,2,110,133,85,206,3,427,0,0,0,427
05/04/2009,PBI,FL,ASO,ES,Combined TRACON& Tower with Radar,141,63,92,0,296,0,1,64,0,65,141,64,156,0,361,0,0,0,361
05/05/2009,PBI,FL,ASO,ES,Combined TRACON& Tower with Radar,131,59,69,0,259,0,1,58,0,59,131,60,127,0,318,0,0,0,318
05/06/2009,PBI,FL,ASO,ES,Combined TRACON& Tower with Radar,130,64,82,0,276,0,1,99,0,100,130,65,181,0,376,0,0,0,376
05/07/2009,PBI,FL,ASO,ES,Combined TRACON& Tower with Radar,138,68,104,0,310,0,4,83,0,87,138,72,187,0,397,0,0,0,397
05/08/2009,PBI,FL,ASO,ES,Combined TRACON& Tower with Radar,142,51,97,0,290,0,6,101,4,111,142,57,198,4,401,0,0,0,401
05/09/2009,PBI,FL,ASO,ES,Combined TRACON& Tower with Radar,123,35,68,0,226,0,7,45,0,52,123,42,113,0,278,0,0,0,278
05/10/2009,PBI,FL,ASO,ES,Combined TRACON& Tower with Radar,122,45,83,0,250,0,5,72,3,80,122,50,155,3,330,0,0,0,330
05/11/2009,PBI,FL,ASO,ES,Combined TRACON& Tower with Radar,129,65,102,0,296,0,2,83,0,85,129,67,185,0,381,0,0,0,381
05/12/2009,PBI,FL,ASO,ES,Combined TRACON& Tower with Radar,129,47,81,1,258,0,6,74,2,82,129,53,155,3,340,0,0,0,340
05/13/2009,PBI,FL,ASO,ES,Combined TRACON& Tower with Radar,129,49,84,1,263,0,4,93,19,116,129,53,177,20,379,0,0,0,379
05/14/2009,PBI,FL,ASO,ES,Combined TRACON& Tower with Radar,132,72,108,0,312,0,9,84,4,97,132,81,192,4,409,0,0,0,409
05/15/2009,PBI,FL,ASO,ES,Combined TRACON& Tower with Radar,137,58,87,4,286,0,2,69,1,72,137,60,156,5,358,0,0,0,358
05/16/2009,PBI,FL,ASO,ES,Combined TRACON& Tower with Radar,125,39,74,5,243,0,8,61,0,69,125,47,135,5,312,0,0,0,312
05/17/2009,PBI,FL,ASO,ES,Combined TRACON& Tower with Radar,121,70,91,5,287,0,8,46,2,56,121,78,137,7,343,0,0,0,343
05/18/2009,PBI,FL,ASO,ES,Combined TRACON& Tower with Radar,132,54,93,2,281,0,4,74,2,80,132,58,167,4,361,0,0,0,361
05/19/2009,PBI,FL,ASO,ES,Combined TRACON& Tower with Radar,128,50,73,2,253,0,7,43,0,50,128,57,116,2,303,0,0,0,303
05/20/2009,PBI,FL,ASO,ES,Combined TRACON& Tower with Radar,130,46,61,0,237,0,11,46,4,61,130,57,107,4,298,0,0,0,298
05/21/2009,PBI,FL,ASO,ES,Combined TRACON& Tower with Radar,140,62,115,0,317,0,0,38,2,40,140,62,153,2,357,0,0,0,357
05/22/2009,PBI,FL,ASO,ES,Combined TRACON& Tower with Radar,136,58,131,0,325,0,5,64,0,69,136,63,195,0,394,0,0,0,394
05/23/2009,PBI,FL,ASO,ES,Combined TRACON& Tower with Radar,130,32,55,0,217,2,1,17,1,21,132,33,72,1,238,0,0,0,238
05/24/2009,PBI,FL,ASO,ES,Combined TRACON& Tower with Radar,122,38,64,2,226,0,7,25,0,32,122,45,89,2,258,0,0,0,258
05/25/2009,PBI,FL,ASO,ES,Combined TRACON& Tower with Radar,133,80,129,0,342,0,6,79,0,85,133,86,208,0,427,0,0,0,427
05/26/2009,PBI,FL,ASO,ES,Combined TRACON& Tower with Radar,131,48,90,0,269,0,2,58,2,62,131,50,148,2,331,6,0,6,337
05/27/2009,PBI,FL,ASO,ES,Combined TRACON& Tower with Radar,136,57,81,0,274,0,6,53,0,59,136,63,134,0,333,0,0,0,333
05/28/2009,PBI,FL,ASO,ES,Combined TRACON& Tower with Radar,138,57,90,0,285,1,2,82,2,87,139,59,172,2,372,0,0,0,372
05/29/2009,PBI,FL,ASO,ES,Combined TRACON& Tower with Radar,137,63,108,2,310,0,10,80,0,90,137,73,188,2,400,0,0,0,400
05/30/2009,PBI,FL,ASO,ES,Combined TRACON& Tower with Radar,126,34,66,2,228,0,5,54,3,62,126,39,120,5,290,0,0,0,290
05/31/2009,PBI,FL,ASO,ES,Combined TRACON& Tower with Radar,122,37,66,3,228,0,4,45,4,53,122,41,111,7,281,0,0,0,281
06/01/2009,PBI,FL,ASO,ES,Combined TRACON& Tower with Radar,128,71,82,0,281,0,7,59,2,68,128,78,141,2,349,0,0,0,349
06/02/2009,PBI,FL,ASO,ES,Combined TRACON& Tower with Radar,122,57,58,1,238,0,6,70,0,76,122,63,128,1,314,0,0,0,314
06/03/2009,PBI,FL,ASO,ES,Combined TRACON& Tower with Radar,119,48,81,4,252,0,2,60,5,67,119,50,141,9,319,0,0,0,319
06/04/2009,PBI,FL,ASO,ES,Combined TRACON& Tower with Radar,127,58,78,0,263,0,6,63,0,69,127,64,141,0,332,0,0,0,332
06/05/2009,PBI,FL,ASO,ES,Combined TRACON& Tower with Radar,131,47,67,0,245,0,1,64,1,66,131,48,131,1,311,0,0,0,311
06/06/2009,PBI,FL,ASO,ES,Combined TRACON& Tower with Radar,126,47,70,3,246,0,6,53,1,60,126,53,123,4,306,0,0,0,306
06/07/2009,PBI,FL,ASO,ES,Combined TRACON& Tower with Radar,118,41,66,1,226,0,4,46,3,53,118,45,112,4,279,0,0,0,279
06/08/2009,PBI,FL,ASO,ES,Combined TRACON& Tower with Radar,126,52,72,6,256,0,1,76,3,80,126,53,148,9,336,0,0,0,336
06/09/2009,PBI,FL,ASO,ES,Combined TRACON& Tower with Radar,110,30,68,1,209,0,2,75,3,80,110,32,143,4,289,0,0,0,289
06/10/2009,PBI,FL,ASO,ES,Combined TRACON& Tower with Radar,127,45,59,0,231,0,3,76,0,79,127,48,135,0,310,10,0,10,320
06/11/2009,PBI,FL,ASO,ES,Combined TRACON& Tower with Radar,120,54,89,1,264,0,9,83,1,93,120,63,172,2,357,0,0,0,357
06/12/2009,PBI,FL,ASO,ES,Combined TRACON& Tower with Radar,122,53,84,12,271,0,6,69,6,81,122,59,153,18,352,0,0,0,352
06/13/2009,PBI,FL,ASO,ES,Combined TRACON& Tower with Radar,116,36,49,11,212,0,7,49,4,60,116,43,98,15,272,0,0,0,272
06/14/2009,PBI,FL,ASO,ES,Combined TRACON& Tower with Radar,112,52,69,4,237,0,4,70,4,78,112,56,139,8,315,0,0,0,315
06/15/2009,PBI,FL,ASO,ES,Combined TRACON& Tower with Radar,114,46,102,2,264,0,4,79,1,84,114,50,181,3,348,0,0,0,348
06/16/2009,PBI,FL,ASO,ES,Combined TRACON& Tower with Radar,122,39,68,3,232,0,7,84,0,91,122,46,152,3,323,0,0,0,323
06/17/2009,PBI,FL,ASO,ES,Combined TRACON& Tower with Radar,112,44,58,3,217,0,2,74,0,76,112,46,132,3,293,0,0,0,293
06/18/2009,PBI,FL,ASO,ES,Combined TRACON& Tower with Radar,125,42,85,2,254,0,4,86,0,90,125,46,171,2,344,0,0,0,344
06/19/2009,PBI,FL,ASO,ES,Combined TRACON& Tower with Radar,130,43,69,3,245,0,7,74,0,81,130,50,143,3,326,0,0,0,326
06/20/2009,PBI,FL,ASO,ES,Combined TRACON& Tower with Radar,114,39,52,5,210,0,6,71,0,77,114,45,123,5,287,0,0,0,287
06/21/2009,PBI,FL,ASO,ES,Combined TRACON& Tower with Radar,112,33,65,0,210,0,8,69,0,77,112,41,134,0,287,0,0,0,287
06/22/2009,PBI,FL,ASO,ES,Combined TRACON& Tower with Radar,121,49,72,0,242,0,3,79,1,83,121,52,151,1,325,25,0,25,350
06/23/2009,PBI,FL,ASO,ES,Combined TRACON& Tower with Radar,125,34,68,3,230,0,1,49,3,53,125,35,117,6,283,0,0,0,283
06/24/2009,PBI,FL,ASO,ES,Combined TRACON& Tower with Radar,127,38,66,0,231,0,1,85,0,86,127,39,151,0,317,0,0,0,317
06/25/2009,PBI,FL,ASO,ES,Combined TRACON& Tower with Radar,125,42,68,0,235,0,2,84,0,86,125,44,152,0,321,0,0,0,321
06/26/2009,PBI,FL,ASO,ES,Combined TRACON& Tower with Radar,128,60,66,0,254,0,5,47,0,52,128,65,113,0,306,0,0,0,306
06/27/2009,PBI,FL,ASO,ES,Combined TRACON& Tower with Radar,118,28,71,2,219,0,2,58,2,62,118,30,129,4,281,4,0,4,285
06/28/2009,PBI,FL,ASO,ES,Combined TRACON& Tower with Radar,111,42,76,5,234,0,0,63,1,64,111,42,139,6,298,0,6,6,304
06/29/2009,PBI,FL,ASO,ES,Combined TRACON& Tower with Radar,119,47,69,0,235,0,3,37,0,40,119,50,106,0,275,0,0,0,275
06/30/2009,PBI,FL,ASO,ES,Combined TRACON& Tower with Radar,118,49,59,0,226,0,4,34,3,41,118,53,93,3,267,0,0,0,267
07/01/2009,PBI,FL,ASO,ES,Combined TRACON& Tower with Radar,129,54,80,1,264,0,5,55,4,64,129,59,135,5,328,0,0,0,328
07/02/2009,PBI,FL,ASO,ES,Combined TRACON& Tower with Radar,124,43,72,2,241,0,2,92,0,94,124,45,164,2,335,0,0,0,335
07/03/2009,PBI,FL,ASO,ES,Combined TRACON& Tower with Radar,119,30,54,0,203,0,7,66,0,73,119,37,120,0,276,2,0,2,278
07/04/2009,PBI,FL,ASO,ES,Combined TRACON& Tower with Radar,102,27,21,1,151,0,2,45,3,50,102,29,66,4,201,0,0,0,201
07/05/2009,PBI,FL,ASO,ES,Combined TRACON& Tower with Radar,116,39,71,1,227,0,6,78,1,85,116,45,149,2,312,0,0,0,312
07/06/2009,PBI,FL,ASO,ES,Combined TRACON& Tower with Radar,119,43,73,0,235,0,4,91,2,97,119,47,164,2,332,4,0,4,336
07/07/2009,PBI,FL,ASO,ES,Combined TRACON& Tower with Radar,127,39,60,5,231,0,1,94,0,95,127,40,154,5,326,0,0,0,326
07/08/2009,PBI,FL,ASO,ES,Combined TRACON& Tower with Radar,127,45,55,3,230,0,4,65,0,69,127,49,120,3,299,0,0,0,299
07/09/2009,PBI,FL,ASO,ES,Combined TRACON& Tower with Radar,128,36,68,3,235,0,3,67,2,72,128,39,135,5,307,0,0,0,307
07/10/2009,PBI,FL,ASO,ES,Combined TRACON& Tower with Radar,126,47,74,7,254,0,6,94,1,101,126,53,168,8,355,10,0,10,365
07/11/2009,PBI,FL,ASO,ES,Combined TRACON& Tower with Radar,115,31,48,14,208,0,9,59,3,71,115,40,107,17,279,0,0,0,279
07/12/2009,PBI,FL,ASO,ES,Combined TRACON& Tower with Radar,111,42,71,0,224,0,5,68,1,74,111,47,139,1,298,8,0,8,306
07/13/2009,PBI,FL,ASO,ES,Combined TRACON& Tower with Radar,125,35,71,1,232,0,3,73,1,77,125,38,144,2,309,0,0,0,309
07/14/2009,PBI,FL,ASO,ES,Combined TRACON& Tower with Radar,125,38,62,2,227,0,4,90,7,101,125,42,152,9,328,0,0,0,328
07/15/2009,PBI,FL,ASO,ES,Combined TRACON& Tower with Radar,123,41,71,0,235,0,1,59,0,60,123,42,130,0,295,0,0,0,295
07/16/2009,PBI,FL,ASO,ES,Combined TRACON& Tower with Radar,128,50,53,0,231,0,8,84,0,92,128,58,137,0,323,0,0,0,323
07/17/2009,PBI,FL,ASO,ES,Combined TRACON& Tower with Radar,135,45,63,1,244,0,12,74,0,86,135,57,137,1,330,0,0,0,330
07/18/2009,PBI,FL,ASO,ES,Combined TRACON& Tower with Radar,112,39,32,0,183,0,5,34,0,39,112,44,66,0,222,0,0,0,222
07/19/2009,PBI,FL,ASO,ES,Combined TRACON& Tower with Radar,114,40,40,1,195,0,10,38,0,48,114,50,78,1,243,0,0,0,243
07/20/2009,PBI,FL,ASO,ES,Combined TRACON& Tower with Radar,132,26,56,3,217,0,6,61,0,67,132,32,117,3,284,0,0,0,284
07/21/2009,PBI,FL,ASO,ES,Combined TRACON& Tower with Radar,126,40,53,1,220,0,1,67,4,72,126,41,120,5,292,0,0,0,292
07/22/2009,PBI,FL,ASO,ES,Combined TRACON& Tower with Radar,121,36,49,1,207,0,8,62,0,70,121,44,111,1,277,0,0,0,277
07/23/2009,PBI,FL,ASO,ES,Combined TRACON& Tower with Radar,126,45,45,4,220,0,10,101,0,111,126,55,146,4,331,0,0,0,331
07/24/2009,PBI,FL,ASO,ES,Combined TRACON& Tower with Radar,129,54,54,8,245,0,8,51,2,61,129,62,105,10,306,0,0,0,306
07/25/2009,PBI,FL,ASO,ES,Combined TRACON& Tower with Radar,115,36,50,0,201,0,2,36,0,38,115,38,86,0,239,0,0,0,239
07/26/2009,PBI,FL,ASO,ES,Combined TRACON& Tower with Radar,107,38,55,0,200,0,4,53,0,57,107,42,108,0,257,0,0,0,257
07/27/2009,PBI,FL,ASO,ES,Combined TRACON& Tower with Radar,126,30,71,0,227,0,1,59,0,60,126,31,130,0,287,0,0,0,287
07/28/2009,PBI,FL,ASO,ES,Combined TRACON& Tower with Radar,123,41,56,0,220,0,3,55,0,58,123,44,111,0,278,0,0,0,278
07/29/2009,PBI,FL,ASO,ES,Combined TRACON& Tower with Radar,116,35,64,2,217,0,3,55,0,58,116,38,119,2,275,0,0,0,275
07/30/2009,PBI,FL,ASO,ES,Combined TRACON& Tower with Radar,133,40,61,3,237,0,7,51,0,58,133,47,112,3,295,0,0,0,295
07/31/2009,PBI,FL,ASO,ES,Combined TRACON& Tower with Radar,116,41,56,3,216,0,8,80,0,88,116,49,136,3,304,0,0,0,304
08/01/2009,PBI,FL,ASO,ES,Combined TRACON& Tower with Radar,119,35,52,3,209,0,5,45,0,50,119,40,97,3,259,0,0,0,259
08/02/2009,PBI,FL,ASO,ES,Combined TRACON& Tower with Radar,102,29,54,0,185,0,8,74,0,82,102,37,128,0,267,6,0,6,273
08/03/2009,PBI,FL,ASO,ES,Combined TRACON& Tower with Radar,125,39,73,4,241,0,5,77,0,82,125,44,150,4,323,19,0,19,342
08/04/2009,PBI,FL,ASO,ES,Combined TRACON& Tower with Radar,122,39,52,0,213,0,3,71,0,74,122,42,123,0,287,0,0,0,287
08/05/2009,PBI,FL,ASO,ES,Combined TRACON& Tower with Radar,122,39,54,2,217,0,2,73,0,75,122,41,127,2,292,0,0,0,292
08/06/2009,PBI,FL,ASO,ES,Combined TRACON& Tower with Radar,133,43,57,3,236,0,4,74,4,82,133,47,131,7,318,0,0,0,318
08/07/2009,PBI,FL,ASO,ES,Combined TRACON& Tower with Radar,128,37,60,2,227,0,4,75,0,79,128,41,135,2,306,4,0,4,310
08/08/2009,PBI,FL,ASO,ES,Combined TRACON& Tower with Radar,115,31,36,0,182,0,7,56,0,63,115,38,92,0,245,10,0,10,255
08/09/2009,PBI,FL,ASO,ES,Combined TRACON& Tower with Radar,112,42,49,1,204,0,9,60,3,72,112,51,109,4,276,0,0,0,276
08/10/2009,PBI,FL,ASO,ES,Combined TRACON& Tower with Radar,123,35,80,4,242,0,2,70,0,72,123,37,150,4,314,0,0,0,314
08/11/2009,PBI,FL,ASO,ES,Combined TRACON& Tower with Radar,124,45,57,6,232,0,0,70,0,70,124,45,127,6,302,0,0,0,302
08/12/2009,PBI,FL,ASO,ES,Combined TRACON& Tower with Radar,119,40,58,1,218,0,0,75,1,76,119,40,133,2,294,13,0,13,307
08/13/2009,PBI,FL,ASO,ES,Combined TRACON& Tower with Radar,129,58,68,0,255,0,4,81,0,85,129,62,149,0,340,24,0,24,364
08/14/2009,PBI,FL,ASO,ES,Combined TRACON& Tower with Radar,127,42,74,0,243,0,7,73,3,83,127,49,147,3,326,4,0,4,330
08/15/2009,PBI,FL,ASO,ES,Combined TRACON& Tower with Radar,123,26,41,0,190,0,2,45,1,48,123,28,86,1,238,0,0,0,238
08/16/2009,PBI,FL,ASO,ES,Combined TRACON& Tower with Radar,108,41,86,0,235,0,8,45,0,53,108,49,131,0,288,0,0,0,288
08/17/2009,PBI,FL,ASO,ES,Combined TRACON& Tower with Radar,116,35,73,0,224,0,8,85,2,95,116,43,158,2,319,0,0,0,319
08/18/2009,PBI,FL,ASO,ES,Combined TRACON& Tower with Radar,116,44,45,1,206,0,3,80,1,84,116,47,125,2,290,0,0,0,290
08/19/2009,PBI,FL,ASO,ES,Combined TRACON& Tower with Radar,117,34,60,0,211,0,2,51,7,60,117,36,111,7,271,0,0,0,271
08/20/2009,PBI,FL,ASO,ES,Combined TRACON& Tower with Radar,119,35,58,0,212,0,3,66,2,71,119,38,124,2,283,0,0,0,283
08/21/2009,PBI,FL,ASO,ES,Combined TRACON& Tower with Radar,109,48,71,1,229,0,1,77,2,80,109,49,148,3,309,4,0,4,313
08/22/2009,PBI,FL,ASO,ES,Combined TRACON& Tower with Radar,109,23,39,0,171,0,2,53,0,55,109,25,92,0,226,0,0,0,226
08/23/2009,PBI,FL,ASO,ES,Combined TRACON& Tower with Radar,106,39,56,0,201,0,7,67,1,75,106,46,123,1,276,0,0,0,276
08/24/2009,PBI,FL,ASO,ES,Combined TRACON& Tower with Radar,114,42,52,2,210,0,1,62,1,64,114,43,114,3,274,0,0,0,274
08/25/2009,PBI,FL,ASO,ES,Combined TRACON& Tower with Radar,118,35,57,2,212,0,1,55,2,58,118,36,112,4,270,0,0,0,270
08/26/2009,PBI,FL,ASO,ES,Combined TRACON& Tower with Radar,113,35,51,1,200,0,0,80,2,82,113,35,131,3,282,0,0,0,282
08/27/2009,PBI,FL,ASO,ES,Combined TRACON& Tower with Radar,119,32,60,1,212,0,4,86,4,94,119,36,146,5,306,0,0,0,306
08/28/2009,PBI,FL,ASO,ES,Combined TRACON& Tower with Radar,110,40,62,3,215,0,3,52,0,55,110,43,114,3,270,0,0,0,270
08/29/2009,PBI,FL,ASO,ES,Combined TRACON& Tower with Radar,108,19,42,1,170,0,8,55,0,63,108,27,97,1,233,0,0,0,233
08/30/2009,PBI,FL,ASO,ES,Combined TRACON& Tower with Radar,103,42,50,0,195,0,2,49,0,51,103,44,99,0,246,0,0,0,246
08/31/2009,PBI,FL,ASO,ES,Combined TRACON& Tower with Radar,111,47,41,0,199,0,2,58,2,62,111,49,99,2,261,0,0,0,261
09/01/2009,PBI,FL,ASO,ES,Combined TRACON& Tower with Radar,108,42,45,0,195,0,4,60,0,64,108,46,105,0,259,0,0,0,259
09/02/2009,PBI,FL,ASO,ES,Combined TRACON& Tower with Radar,109,37,40,2,188,0,3,70,0,73,109,40,110,2,261,0,0,0,261
09/03/2009,PBI,FL,ASO,ES,Combined TRACON& Tower with Radar,113,52,48,0,213,0,7,63,2,72,113,59,111,2,285,0,0,0,285
09/04/2009,PBI,FL,ASO,ES,Combined TRACON& Tower with Radar,114,58,67,0,239,0,6,69,1,76,114,64,136,1,315,0,0,0,315
09/05/2009,PBI,FL,ASO,ES,Combined TRACON& Tower with Radar,99,22,34,0,155,0,1,31,0,32,99,23,65,0,187,0,0,0,187
09/06/2009,PBI,FL,ASO,ES,Combined TRACON& Tower with Radar,88,22,30,0,140,0,2,39,0,41,88,24,69,0,181,0,0,0,181
09/07/2009,PBI,FL,ASO,ES,Combined TRACON& Tower with Radar,104,53,79,0,236,0,8,65,0,73,104,61,144,0,309,0,0,0,309
09/08/2009,PBI,FL,ASO,ES,Combined TRACON& Tower with Radar,103,34,57,2,196,0,1,77,0,78,103,35,134,2,274,0,0,0,274
09/09/2009,PBI,FL,ASO,ES,Combined TRACON& Tower with Radar,100,32,36,3,171,0,1,30,0,31,100,33,66,3,202,0,0,0,202
09/10/2009,PBI,FL,ASO,ES,Combined TRACON& Tower with Radar,110,37,68,4,219,0,4,75,0,79,110,41,143,4,298,0,0,0,298
09/11/2009,PBI,FL,ASO,ES,Combined TRACON& Tower with Radar,109,50,42,0,201,0,0,61,0,61,109,50,103,0,262,0,0,0,262
09/12/2009,PBI,FL,ASO,ES,Combined TRACON& Tower with Radar,95,28,46,1,170,0,3,41,0,44,95,31,87,1,214,0,0,0,214
09/13/2009,PBI,FL,ASO,ES,Combined TRACON& Tower with Radar,105,36,54,0,195,0,1,46,3,50,105,37,100,3,245,0,0,0,245
09/14/2009,PBI,FL,ASO,ES,Combined TRACON& Tower with Radar,107,38,50,0,195,0,9,88,2,99,107,47,138,2,294,0,0,0,294
09/15/2009,PBI,FL,ASO,ES,Combined TRACON& Tower with Radar,97,34,51,0,182,0,2,60,0,62,97,36,111,0,244,0,0,0,244
09/16/2009,PBI,FL,ASO,ES,Combined TRACON& Tower with Radar,97,32,51,2,182,0,3,80,0,83,97,35,131,2,265,0,0,0,265
09/17/2009,PBI,FL,ASO,ES,Combined TRACON& Tower with Radar,112,37,44,2,195,0,5,82,0,87,112,42,126,2,282,0,0,0,282
09/18/2009,PBI,FL,ASO,ES,Combined TRACON& Tower with Radar,112,43,75,6,236,0,4,75,0,79,112,47,150,6,315,0,0,0,315
09/19/2009,PBI,FL,ASO,ES,Combined TRACON& Tower with Radar,94,17,35,0,146,0,3,37,0,40,94,20,72,0,186,0,0,0,186
09/20/2009,PBI,FL,ASO,ES,Combined TRACON& Tower with Radar,93,41,57,0,191,0,7,47,0,54,93,48,104,0,245,0,0,0,245
09/21/2009,PBI,FL,ASO,ES,Combined TRACON& Tower with Radar,104,38,49,0,191,0,2,72,0,74,104,40,121,0,265,28,0,28,293
09/22/2009,PBI,FL,ASO,ES,Combined TRACON& Tower with Radar,98,36,50,0,184,0,1,70,0,71,98,37,120,0,255,0,0,0,255
09/23/2009,PBI,FL,ASO,ES,Combined TRACON& Tower with Radar,102,35,44,0,181,0,2,47,0,49,102,37,91,0,230,0,0,0,230
09/24/2009,PBI,FL,ASO,ES,Combined TRACON& Tower with Radar,111,48,60,1,220,0,8,55,2,65,111,56,115,3,285,0,0,0,285
09/25/2009,PBI,FL,ASO,ES,Combined TRACON& Tower with Radar,112,50,74,0,236,0,0,85,0,85,112,50,159,0,321,0,0,0,321
09/26/2009,PBI,FL,ASO,ES,Combined TRACON& Tower with Radar,96,32,36,0,164,0,5,43,1,49,96,37,79,1,213,0,0,0,213
09/27/2009,PBI,FL,ASO,ES,Combined TRACON& Tower with Radar,96,44,68,1,209,0,1,52,0,53,96,45,120,1,262,0,0,0,262
09/28/2009,PBI,FL,ASO,ES,Combined TRACON& Tower with Radar,105,47,58,0,210,0,4,89,0,93,105,51,147,0,303,0,0,0,303
09/29/2009,PBI,FL,ASO,ES,Combined TRACON& Tower with Radar,100,45,69,0,214,0,3,64,0,67,100,48,133,0,281,2,0,2,283
09/30/2009,PBI,FL,ASO,ES,Combined TRACON& Tower with Radar,97,41,62,4,204,0,3,61,5,69,97,44,123,9,273,0,0,0,273
10/01/2009,PBI,FL,ASO,ES,Combined TRACON& Tower with Radar,115,64,66,2,247,0,2,78,4,84,115,66,144,6,331,0,0,0,331
10/02/2009,PBI,FL,ASO,ES,Combined TRACON& Tower with Radar,129,53,34,4,220,0,4,69,2,75,129,57,103,6,295,0,0,0,295
10/03/2009,PBI,FL,ASO,ES,Combined TRACON& Tower with Radar,107,36,30,11,184,0,1,43,0,44,107,37,73,11,228,0,0,0,228
10/04/2009,PBI,FL,ASO,ES,Combined TRACON& Tower with Radar,110,45,55,7,217,0,3,42,3,48,110,48,97,10,265,17,0,17,282
10/05/2009,PBI,FL,ASO,ES,Combined TRACON& Tower with Radar,116,60,54,0,230,0,6,80,4,90,116,66,134,4,320,0,0,0,320
10/06/2009,PBI,FL,ASO,ES,Combined TRACON& Tower with Radar,109,41,64,0,214,0,4,69,0,73,109,45,133,0,287,9,0,9,296
10/07/2009,PBI,FL,ASO,ES,Combined TRACON& Tower with Radar,113,39,75,4,231,0,1,84,2,87,113,40,159,6,318,0,0,0,318
10/08/2009,PBI,FL,ASO,ES,Combined TRACON& Tower with Radar,123,52,67,2,244,0,5,75,5,85,123,57,142,7,329,0,0,0,329
10/09/2009,PBI,FL,ASO,ES,Combined TRACON& Tower with Radar,120,68,82,2,272,0,5,67,0,72,120,73,149,2,344,0,0,0,344
10/10/2009,PBI,FL,ASO,ES,Combined TRACON& Tower with Radar,109,51,31,0,191,0,5,79,0,84,109,56,110,0,275,0,0,0,275
10/11/2009,PBI,FL,ASO,ES,Combined TRACON& Tower with Radar,108,65,49,4,226,0,8,59,0,67,108,73,108,4,293,0,0,0,293
10/12/2009,PBI,FL,ASO,ES,Combined TRACON& Tower with Radar,120,65,75,0,260,0,5,56,0,61,120,70,131,0,321,0,0,0,321
10/13/2009,PBI,FL,ASO,ES,Combined TRACON& Tower with Radar,114,48,86,0,248,0,6,70,5,81,114,54,156,5,329,0,0,0,329
10/14/2009,PBI,FL,ASO,ES,Combined TRACON& Tower with Radar,113,44,60,2,219,0,6,63,0,69,113,50,123,2,288,0,0,0,288
10/15/2009,PBI,FL,ASO,ES,Combined TRACON& Tower with Radar,120,72,93,4,289,0,2,54,0,56,120,74,147,4,345,16,0,16,361
10/16/2009,PBI,FL,ASO,ES,Combined TRACON& Tower with Radar,121,57,69,0,247,0,5,74,1,80,121,62,143,1,327,0,0,0,327
10/17/2009,PBI,FL,ASO,ES,Combined TRACON& Tower with Radar,109,37,51,0,197,0,10,42,2,54,109,47,93,2,251,0,0,0,251
10/18/2009,PBI,FL,ASO,ES,Combined TRACON& Tower with Radar,110,63,79,0,252,0,2,32,0,34,110,65,111,0,286,0,0,0,286
10/19/2009,PBI,FL,ASO,ES,Combined TRACON& Tower with Radar,116,51,79,1,247,0,6,81,0,87,116,57,160,1,334,0,0,0,334
10/20/2009,PBI,FL,ASO,ES,Combined TRACON& Tower with Radar,109,56,72,3,240,0,3,66,1,70,109,59,138,4,310,0,0,0,310
10/21/2009,PBI,FL,ASO,ES,Combined TRACON& Tower with Radar,113,46,74,0,233,0,3,71,0,74,113,49,145,0,307,0,0,0,307
10/22/2009,PBI,FL,ASO,ES,Combined TRACON& Tower with Radar,117,56,101,0,274,0,5,59,0,64,117,61,160,0,338,0,0,0,338
10/23/2009,PBI,FL,ASO,ES,Combined TRACON& Tower with Radar,122,79,89,0,290,0,4,72,0,76,122,83,161,0,366,0,0,0,366
10/24/2009,PBI,FL,ASO,ES,Combined TRACON& Tower with Radar,108,37,60,0,205,0,0,56,0,56,108,37,116,0,261,0,0,0,261
10/25/2009,PBI,FL,ASO,ES,Combined TRACON& Tower with Radar,109,66,99,2,276,0,4,51,0,55,109,70,150,2,331,0,0,0,331
10/26/2009,PBI,FL,ASO,ES,Combined TRACON& Tower with Radar,122,58,89,0,269,0,7,63,2,72,122,65,152,2,341,6,0,6,347
10/27/2009,PBI,FL,ASO,ES,Combined TRACON& Tower with Radar,110,45,74,0,229,0,6,89,5,100,110,51,163,5,329,12,0,12,341
10/28/2009,PBI,FL,ASO,ES,Combined TRACON& Tower with Radar,113,60,89,6,268,0,3,57,6,66,113,63,146,12,334,0,0,0,334
10/29/2009,PBI,FL,ASO,ES,Combined TRACON& Tower with Radar,123,68,77,0,268,0,8,81,0,89,123,76,158,0,357,0,0,0,357
10/30/2009,PBI,FL,ASO,ES,Combined TRACON& Tower with Radar,119,60,108,6,293,0,5,83,0,88,119,65,191,6,381,0,0,0,381
10/31/2009,PBI,FL,ASO,ES,Combined TRACON& Tower with Radar,107,51,44,0,202,0,1,40,0,41,107,52,84,0,243,0,0,0,243
11/01/2009,PBI,FL,ASO,ES,Combined TRACON& Tower with Radar,133,71,103,0,307,0,3,60,0,63,133,74,163,0,370,0,0,0,370
11/02/2009,PBI,FL,ASO,ES,Combined TRACON& Tower with Radar,137,46,86,0,269,0,2,91,0,93,137,48,177,0,362,0,0,0,362
11/03/2009,PBI,FL,ASO,ES,Combined TRACON& Tower with Radar,121,55,74,2,252,0,5,69,2,76,121,60,143,4,328,0,0,0,328
11/04/2009,PBI,FL,ASO,ES,Combined TRACON& Tower with Radar,134,73,104,2,313,0,5,48,3,56,134,78,152,5,369,0,0,0,369
11/05/2009,PBI,FL,ASO,ES,Combined TRACON& Tower with Radar,146,63,97,4,310,0,6,77,6,89,146,69,174,10,399,0,0,0,399
11/06/2009,PBI,FL,ASO,ES,Combined TRACON& Tower with Radar,145,58,91,15,309,1,0,82,3,86,146,58,173,18,395,0,0,0,395
11/07/2009,PBI,FL,ASO,ES,Combined TRACON& Tower with Radar,125,55,48,4,232,0,7,64,0,71,125,62,112,4,303,0,0,0,303
11/08/2009,PBI,FL,ASO,ES,Combined TRACON& Tower with Radar,136,77,121,1,335,0,4,39,0,43,136,81,160,1,378,9,0,9,387
11/09/2009,PBI,FL,ASO,ES,Combined TRACON& Tower with Radar,138,59,112,1,310,0,2,64,0,66,138,61,176,1,376,0,0,0,376
11/10/2009,PBI,FL,ASO,ES,Combined TRACON& Tower with Radar,127,58,83,1,269,0,4,73,2,79,127,62,156,3,348,0,0,0,348
11/11/2009,PBI,FL,ASO,ES,Combined TRACON& Tower with Radar,135,58,120,0,313,0,5,55,0,60,135,63,175,0,373,0,0,0,373
11/12/2009,PBI,FL,ASO,ES,Combined TRACON& Tower with Radar,142,76,139,17,374,0,4,51,3,58,142,80,190,20,432,14,0,14,446
11/13/2009,PBI,FL,ASO,ES,Combined TRACON& Tower with Radar,145,68,117,0,330,0,8,87,2,97,145,76,204,2,427,0,0,0,427
11/14/2009,PBI,FL,ASO,ES,Combined TRACON& Tower with Radar,125,46,75,4,250,0,2,59,2,63,125,48,134,6,313,0,0,0,313
11/15/2009,PBI,FL,ASO,ES,Combined TRACON& Tower with Radar,136,72,109,2,319,0,4,52,2,58,136,76,161,4,377,14,0,14,391
11/16/2009,PBI,FL,ASO,ES,Combined TRACON& Tower with Radar,135,60,89,4,288,0,3,84,5,92,135,63,173,9,380,0,0,0,380
11/17/2009,PBI,FL,ASO,ES,Combined TRACON& Tower with Radar,132,52,55,4,243,0,5,67,0,72,132,57,122,4,315,0,0,0,315
11/18/2009,PBI,FL,ASO,ES,Combined TRACON& Tower with Radar,134,56,83,0,273,0,9,103,2,114,134,65,186,2,387,35,0,35,422
11/19/2009,PBI,FL,ASO,ES,Combined TRACON& Tower with Radar,166,59,88,3,316,0,13,110,3,126,166,72,198,6,442,0,0,0,442
11/20/2009,PBI,FL,ASO,ES,Combined TRACON& Tower with Radar,172,79,106,5,362,0,0,68,0,68,172,79,174,5,430,0,0,0,430
11/21/2009,PBI,FL,ASO,ES,Combined TRACON& Tower with Radar,155,50,89,2,296,0,3,58,0,61,155,53,147,2,357,0,0,0,357
11/22/2009,PBI,FL,ASO,ES,Combined TRACON& Tower with Radar,159,64,114,1,338,0,0,64,0,64,159,64,178,1,402,0,0,0,402
11/23/2009,PBI,FL,ASO,ES,Combined TRACON& Tower with Radar,168,62,88,1,319,0,1,47,2,50,168,63,135,3,369,0,0,0,369
11/24/2009,PBI,FL,ASO,ES,Combined TRACON& Tower with Radar,174,94,172,2,442,0,4,80,1,85,174,98,252,3,527,0,0,0,527
11/25/2009,PBI,FL,ASO,ES,Combined TRACON& Tower with Radar,177,110,145,1,433,0,3,16,0,19,177,113,161,1,452,0,0,0,452
11/26/2009,PBI,FL,ASO,ES,Combined TRACON& Tower with Radar,106,52,64,0,222,0,4,32,0,36,106,56,96,0,258,0,0,0,258
11/27/2009,PBI,FL,ASO,ES,Combined TRACON& Tower with Radar,144,66,83,0,293,0,9,61,0,70,144,75,144,0,363,0,0,0,363
11/28/2009,PBI,FL,ASO,ES,Combined TRACON& Tower with Radar,172,86,95,0,353,0,1,60,0,61,172,87,155,0,414,0,0,0,414
11/29/2009,PBI,FL,ASO,ES,Combined TRACON& Tower with Radar,176,131,228,1,536,0,12,79,0,91,176,143,307,1,627,0,0,0,627
11/30/2009,PBI,FL,ASO,ES,Combined TRACON& Tower with Radar,184,77,104,1,366,0,3,96,0,99,184,80,200,1,465,0,0,0,465
12/01/2009,PBI,FL,ASO,ES,Combined TRACON& Tower with Radar,145,62,98,1,306,0,2,68,4,74,145,64,166,5,380,0,0,0,380
12/02/2009,PBI,FL,ASO,ES,Combined TRACON& Tower with Radar,140,51,91,2,284,0,3,61,3,67,140,54,152,5,351,0,0,0,351
12/03/2009,PBI,FL,ASO,ES,Combined TRACON& Tower with Radar,165,66,103,3,337,0,2,47,0,49,165,68,150,3,386,4,0,4,390
12/04/2009,PBI,FL,ASO,ES,Combined TRACON& Tower with Radar,163,68,94,0,325,0,2,39,0,41,163,70,133,0,366,0,0,0,366
12/05/2009,PBI,FL,ASO,ES,Combined TRACON& Tower with Radar,139,55,44,0,238,0,3,22,0,25,139,58,66,0,263,0,0,0,263
12/06/2009,PBI,FL,ASO,ES,Combined TRACON& Tower with Radar,152,88,122,0,362,1,3,41,0,45,153,91,163,0,407,0,0,0,407
12/07/2009,PBI,FL,ASO,ES,Combined TRACON& Tower with Radar,152,77,102,0,331,0,6,68,0,74,152,83,170,0,405,0,0,0,405
12/08/2009,PBI,FL,ASO,ES,Combined TRACON& Tower with Radar,130,46,89,4,269,0,5,88,0,93,130,51,177,4,362,0,0,0,362
12/09/2009,PBI,FL,ASO,ES,Combined TRACON& Tower with Radar,144,48,94,1,287,0,1,72,0,73,144,49,166,1,360,0,0,0,360
12/10/2009,PBI,FL,ASO,ES,Combined TRACON& Tower with Radar,158,71,126,3,358,0,1,56,0,57,158,72,182,3,415,0,0,0,415
12/11/2009,PBI,FL,ASO,ES,Combined TRACON& Tower with Radar,160,78,115,2,355,0,1,71,2,74,160,79,186,4,429,0,0,0,429
12/12/2009,PBI,FL,ASO,ES,Combined TRACON& Tower with Radar,136,48,64,0,248,0,3,30,0,33,136,51,94,0,281,0,0,0,281
12/13/2009,PBI,FL,ASO,ES,Combined TRACON& Tower with Radar,150,54,95,0,299,0,5,49,2,56,150,59,144,2,355,0,0,0,355
12/14/2009,PBI,FL,ASO,ES,Combined TRACON& Tower with Radar,149,58,90,1,298,0,5,95,3,103,149,63,185,4,401,0,0,0,401
12/15/2009,PBI,FL,ASO,ES,Combined TRACON& Tower with Radar,135,50,87,0,272,0,0,65,0,65,135,50,152,0,337,0,0,0,337
12/16/2009,PBI,FL,ASO,ES,Combined TRACON& Tower with Radar,150,69,121,2,342,0,2,67,4,73,150,71,188,6,415,0,0,0,415
12/17/2009,PBI,FL,ASO,ES,Combined TRACON& Tower with Radar,183,68,101,4,356,0,4,38,1,43,183,72,139,5,399,0,0,0,399
12/18/2009,PBI,FL,ASO,ES,Combined TRACON& Tower with Radar,210,106,166,1,483,0,3,22,1,26,210,109,188,2,509,0,0,0,509
12/19/2009,PBI,FL,ASO,ES,Combined TRACON& Tower with Radar,126,94,128,1,349,0,2,69,0,71,126,96,197,1,420,0,0,0,420
12/20/2009,PBI,FL,ASO,ES,Combined TRACON& Tower with Radar,134,84,105,3,326,0,4,62,0,66,134,88,167,3,392,6,0,6,398
12/21/2009,PBI,FL,ASO,ES,Combined TRACON& Tower with Radar,187,97,122,0,406,0,4,64,0,68,187,101,186,0,474,0,0,0,474
12/22/2009,PBI,FL,ASO,ES,Combined TRACON& Tower with Radar,200,84,123,2,409,0,6,83,0,89,200,90,206,2,498,0,0,0,498
12/23/2009,PBI,FL,ASO,ES,Combined TRACON& Tower with Radar,197,85,148,0,430,0,4,80,0,84,197,89,228,0,514,0,0,0,514
12/24/2009,PBI,FL,ASO,ES,Combined TRACON& Tower with Radar,184,57,51,0,292,0,6,54,0,60,184,63,105,0,352,0,0,0,352
12/25/2009,PBI,FL,ASO,ES,Combined TRACON& Tower with Radar,169,68,53,0,290,0,2,15,0,17,169,70,68,0,307,0,0,0,307
12/26/2009,PBI,FL,ASO,ES,Combined TRACON& Tower with Radar,176,149,220,1,546,0,10,58,0,68,176,159,278,1,614,0,0,0,614
12/27/2009,PBI,FL,ASO,ES,Combined TRACON& Tower with Radar,193,147,183,0,523,0,3,67,0,70,193,150,250,0,593,0,0,0,593
12/28/2009,PBI,FL,ASO,ES,Combined TRACON& Tower with Radar,196,119,128,1,444,0,5,80,0,85,196,124,208,1,529,0,0,0,529
12/29/2009,PBI,FL,ASO,ES,Combined TRACON& Tower with Radar,194,76,123,1,394,0,8,50,1,59,194,84,173,2,453,0,0,0,453
12/30/2009,PBI,FL,ASO,ES,Combined TRACON& Tower with Radar,195,87,132,0,414,0,8,73,0,81,195,95,205,0,495,0,0,0,495
12/31/2009,PBI,FL,ASO,ES,Combined TRACON& Tower with Radar,182,64,75,0,321,0,1,57,0,58,182,65,132,0,379,0,0,0,379
01/01/2010,PBI,FL,ASO,ES,Combined TRACON& Tower with Radar,170,95,125,0,390,0,4,30,0,34,170,99,155,0,424,0,0,0,424
01/02/2010,PBI,FL,ASO,ES,Combined TRACON& Tower with Radar,175,170,274,0,619,0,6,69,0,75,175,176,343,0,694,0,0,0,694
01/03/2010,PBI,FL,ASO,ES,Combined TRACON& Tower with Radar,181,164,291,1,637,0,7,85,1,93,181,171,376,2,730,0,0,0,730
01/04/2010,PBI,FL,ASO,ES,Combined TRACON& Tower with Radar,192,105,149,0,446,0,2,91,0,93,192,107,240,0,539,0,0,0,539
01/05/2010,PBI,FL,ASO,ES,Combined TRACON& Tower with Radar,161,99,92,0,352,0,2,82,0,84,161,101,174,0,436,0,0,0,436
01/06/2010,PBI,FL,ASO,ES,Combined TRACON& Tower with Radar,164,76,98,0,338,0,6,68,1,75,164,82,166,1,413,0,0,0,413
01/07/2010,PBI,FL,ASO,ES,Combined TRACON& Tower with Radar,165,64,89,3,321,0,6,64,0,70,165,70,153,3,391,0,0,0,391
01/08/2010,PBI,FL,ASO,ES,Combined TRACON& Tower with Radar,174,77,112,0,363,0,7,73,0,80,174,84,185,0,443,0,0,0,443
01/09/2010,PBI,FL,ASO,ES,Combined TRACON& Tower with Radar,162,54,73,1,290,0,2,14,0,16,162,56,87,1,306,0,0,0,306
01/10/2010,PBI,FL,ASO,ES,Combined TRACON& Tower with Radar,165,88,137,0,390,0,2,28,0,30,165,90,165,0,420,0,0,0,420
01/11/2010,PBI,FL,ASO,ES,Combined TRACON& Tower with Radar,170,72,97,3,342,0,2,66,0,68,170,74,163,3,410,0,0,0,410
01/12/2010,PBI,FL,ASO,ES,Combined TRACON& Tower with Radar,163,58,80,3,304,0,2,97,0,99,163,60,177,3,403,0,0,0,403
01/13/2010,PBI,FL,ASO,ES,Combined TRACON& Tower with Radar,166,71,90,0,327,0,4,64,2,70,166,75,154,2,397,0,0,0,397
01/14/2010,PBI,FL,ASO,ES,Combined TRACON& Tower with Radar,171,97,129,5,402,0,1,80,0,81,171,98,209,5,483,0,0,0,483
01/15/2010,PBI,FL,ASO,ES,Combined TRACON& Tower with Radar,179,148,180,11,518,0,5,74,0,79,179,153,254,11,597,0,0,0,597
01/16/2010,PBI,FL,ASO,ES,Combined TRACON& Tower with Radar,158,54,88,3,303,0,11,40,0,51,158,65,128,3,354,0,0,0,354
01/17/2010,PBI,FL,ASO,ES,Combined TRACON& Tower with Radar,165,82,115,6,368,0,5,31,1,37,165,87,146,7,405,0,0,0,405
01/18/2010,PBI,FL,ASO,ES,Combined TRACON& Tower with Radar,172,128,204,3,507,0,7,84,0,91,172,135,288,3,598,0,0,0,598
01/19/2010,PBI,FL,ASO,ES,Combined TRACON& Tower with Radar,167,82,108,0,357,0,6,81,5,92,167,88,189,5,449,0,0,0,449
01/20/2010,PBI,FL,ASO,ES,Combined TRACON& Tower with Radar,171,83,121,8,383,0,5,91,1,97,171,88,212,9,480,0,0,0,480
01/21/2010,PBI,FL,ASO,ES,Combined TRACON& Tower with Radar,179,85,167,1,432,0,1,74,0,75,179,86,241,1,507,0,0,0,507
01/22/2010,PBI,FL,ASO,ES,Combined TRACON& Tower with Radar,179,107,182,1,469,0,6,63,0,69,179,113,245,1,538,0,0,0,538
01/23/2010,PBI,FL,ASO,ES,Combined TRACON& Tower with Radar,159,69,149,1,378,0,4,46,2,52,159,73,195,3,430,0,0,0,430
01/24/2010,PBI,FL,ASO,ES,Combined TRACON& Tower with Radar,157,118,201,0,476,0,5,49,0,54,157,123,250,0,530,0,0,0,530
01/25/2010,PBI,FL,ASO,ES,Combined TRACON& Tower with Radar,164,70,131,1,366,0,6,39,1,46,164,76,170,2,412,0,0,0,412
01/26/2010,PBI,FL,ASO,ES,Combined TRACON& Tower with Radar,163,81,132,2,378,0,9,76,2,87,163,90,208,4,465,0,0,0,465
01/27/2010,PBI,FL,ASO,ES,Combined TRACON& Tower with Radar,166,66,116,6,354,0,4,87,0,91,166,70,203,6,445,0,0,0,445
01/28/2010,PBI,FL,ASO,ES,Combined TRACON& Tower with Radar,174,88,140,4,406,0,4,102,1,107,174,92,242,5,513,0,0,0,513
01/29/2010,PBI,FL,ASO,ES,Combined TRACON& Tower with Radar,180,100,171,5,456,0,6,90,2,98,180,106,261,7,554,0,0,0,554
01/30/2010,PBI,FL,ASO,ES,Combined TRACON& Tower with Radar,154,56,89,5,304,0,10,53,0,63,154,66,142,5,367,0,0,0,367
01/31/2010,PBI,FL,ASO,ES,Combined TRACON& Tower with Radar,165,120,177,2,464,0,0,19,0,19,165,120,196,2,483,0,0,0,483
02/01/2010,PBI,FL,ASO,ES,Combined TRACON& Tower with Radar,172,70,126,5,373,0,2,20,0,22,172,72,146,5,395,10,0,10,405
02/02/2010,PBI,FL,ASO,ES,Combined TRACON& Tower with Radar,159,56,88,4,307,0,2,60,0,62,159,58,148,4,369,0,0,0,369
02/03/2010,PBI,FL,ASO,ES,Combined TRACON& Tower with Radar,166,65,96,2,329,0,4,101,6,111,166,69,197,8,440,0,0,0,440
02/04/2010,PBI,FL,ASO,ES,Combined TRACON& Tower with Radar,174,97,160,3,434,0,2,95,0,97,174,99,255,3,531,0,0,0,531
02/05/2010,PBI,FL,ASO,ES,Combined TRACON& Tower with Radar,167,112,184,0,463,0,5,47,0,52,167,117,231,0,515,12,0,12,527
02/06/2010,PBI,FL,ASO,ES,Combined TRACON& Tower with Radar,137,64,100,0,301,0,2,47,0,49,137,66,147,0,350,0,0,0,350
02/07/2010,PBI,FL,ASO,ES,Combined TRACON& Tower with Radar,148,110,186,1,445,0,0,53,1,54,148,110,239,2,499,0,0,0,499
02/08/2010,PBI,FL,ASO,ES,Combined TRACON& Tower with Radar,173,118,160,0,451,0,4,93,0,97,173,122,253,0,548,26,0,26,574
02/09/2010,PBI,FL,ASO,ES,Combined TRACON& Tower with Radar,159,97,142,2,400,0,8,95,0,103,159,105,237,2,503,0,0,0,503
02/10/2010,PBI,FL,ASO,ES,Combined TRACON& Tower with Radar,93,65,111,2,271,0,1,82,2,85,93,66,193,4,356,0,0,0,356
02/11/2010,PBI,FL,ASO,ES,Combined TRACON& Tower with Radar,169,130,230,4,533,0,0,111,0,111,169,130,341,4,644,0,0,0,644
02/12/2010,PBI,FL,ASO,ES,Combined TRACON& Tower with Radar,196,170,281,2,649,0,8,79,0,87,196,178,360,2,736,0,0,0,736
02/13/2010,PBI,FL,ASO,ES,Combined TRACON& Tower with Radar,186,113,150,0,449,0,4,53,0,57,186,117,203,0,506,0,0,0,506
02/14/2010,PBI,FL,ASO,ES,Combined TRACON& Tower with Radar,191,100,149,2,442,0,2,81,0,83,191,102,230,2,525,0,0,0,525
02/15/2010,PBI,FL,ASO,ES,Combined TRACON& Tower with Radar,195,147,222,2,566,0,5,67,2,74,195,152,289,4,640,0,0,0,640
02/16/2010,PBI,FL,ASO,ES,Combined TRACON& Tower with Radar,188,116,126,0,430,0,6,73,0,79,188,122,199,0,509,0,0,0,509
02/17/2010,PBI,FL,ASO,ES,Combined TRACON& Tower with Radar,205,88,131,3,427,0,8,79,2,89,205,96,210,5,516,0,0,0,516
02/18/2010,PBI,FL,ASO,ES,Combined TRACON& Tower with Radar,203,93,146,2,444,0,9,98,2,109,203,102,244,4,553,0,0,0,553
02/19/2010,PBI,FL,ASO,ES,Combined TRACON& Tower with Radar,207,98,179,1,485,0,3,109,1,113,207,101,288,2,598,0,0,0,598
02/20/2010,PBI,FL,ASO,ES,Combined TRACON& Tower with Radar,193,82,139,1,415,0,2,56,0,58,193,84,195,1,473,0,0,0,473
02/21/2010,PBI,FL,ASO,ES,Combined TRACON& Tower with Radar,191,119,214,2,526,0,5,71,1,77,191,124,285,3,603,0,0,0,603
02/22/2010,PBI,FL,ASO,ES,Combined TRACON& Tower with Radar,202,95,121,2,420,0,2,51,0,53,202,97,172,2,473,11,0,11,484
02/23/2010,PBI,FL,ASO,ES,Combined TRACON& Tower with Radar,196,69,126,0,391,0,2,57,0,59,196,71,183,0,450,0,0,0,450
02/24/2010,PBI,FL,ASO,ES,Combined TRACON& Tower with Radar,207,85,133,1,426,0,2,38,2,42,207,87,171,3,468,0,0,0,468
02/25/2010,PBI,FL,ASO,ES,Combined TRACON& Tower with Radar,185,98,150,2,435,0,10,85,2,97,185,108,235,4,532,0,0,0,532
02/26/2010,PBI,FL,ASO,ES,Combined TRACON& Tower with Radar,159,90,166,15,430,0,9,111,0,120,159,99,277,15,550,0,0,0,550
02/27/2010,PBI,FL,ASO,ES,Combined TRACON& Tower with Radar,187,68,115,0,370,0,3,48,0,51,187,71,163,0,421,0,0,0,421
02/28/2010,PBI,FL,ASO,ES,Combined TRACON& Tower with Radar,194,140,199,16,549,0,5,68,1,74,194,145,267,17,623,0,0,0,623
03/01/2010,PBI,FL,ASO,ES,Combined TRACON& Tower with Radar,197,102,126,0,425,0,7,135,1,143,197,109,261,1,568,0,0,0,568
03/02/2010,PBI,FL,ASO,ES,Combined TRACON& Tower with Radar,188,67,95,6,356,0,4,42,0,46,188,71,137,6,402,0,0,0,402
03/03/2010,PBI,FL,ASO,ES,Combined TRACON& Tower with Radar,198,80,172,2,452,0,5,55,0,60,198,85,227,2,512,0,0,0,512
03/04/2010,PBI,FL,ASO,ES,Combined TRACON& Tower with Radar,198,116,150,0,464,0,6,111,3,120,198,122,261,3,584,0,0,0,584
03/05/2010,PBI,FL,ASO,ES,Combined TRACON& Tower with Radar,199,97,154,6,456,0,3,73,2,78,199,100,227,8,534,0,0,0,534
03/06/2010,PBI,FL,ASO,ES,Combined TRACON& Tower with Radar,191,70,131,3,395,0,2,55,5,62,191,72,186,8,457,0,0,0,457
03/07/2010,PBI,FL,ASO,ES,Combined TRACON& Tower with Radar,185,98,178,2,463,0,1,68,4,73,185,99,246,6,536,0,0,0,536
03/08/2010,PBI,FL,ASO,ES,Combined TRACON& Tower with Radar,195,99,143,0,437,0,5,96,0,101,195,104,239,0,538,0,0,0,538
03/09/2010,PBI,FL,ASO,ES,Combined TRACON& Tower with Radar,191,64,154,4,413,0,9,61,0,70,191,73,215,4,483,0,0,0,483
03/10/2010,PBI,FL,ASO,ES,Combined TRACON& Tower with Radar,188,77,120,0,385,0,2,89,2,93,188,79,209,2,478,0,0,0,478
03/11/2010,PBI,FL,ASO,ES,Combined TRACON& Tower with Radar,173,89,134,3,399,0,5,36,2,43,173,94,170,5,442,0,0,0,442
03/12/2010,PBI,FL,ASO,ES,Combined TRACON& Tower with Radar,224,130,163,5,522,0,3,25,0,28,224,133,188,5,550,0,0,0,550
03/13/2010,PBI,FL,ASO,ES,Combined TRACON& Tower with Radar,170,99,170,1,440,0,8,73,4,85,170,107,243,5,525,0,0,0,525
03/14/2010,PBI,FL,ASO,ES,Combined TRACON& Tower with Radar,170,128,227,0,525,0,4,78,0,82,170,132,305,0,607,0,0,0,607
03/15/2010,PBI,FL,ASO,ES,Combined TRACON& Tower with Radar,191,100,149,2,442,0,7,94,0,101,191,107,243,2,543,0,0,0,543
03/16/2010,PBI,FL,ASO,ES,Combined TRACON& Tower with Radar,197,99,129,2,427,0,4,98,0,102,197,103,227,2,529,0,0,0,529
03/17/2010,PBI,FL,ASO,ES,Combined TRACON& Tower with Radar,195,102,124,1,422,0,4,49,0,53,195,106,173,1,475,0,0,0,475
03/18/2010,PBI,FL,ASO,ES,Combined TRACON& Tower with Radar,195,124,177,0,496,0,7,77,0,84,195,131,254,0,580,0,0,0,580
03/19/2010,PBI,FL,ASO,ES,Combined TRACON& Tower with Radar,204,113,196,0,513,0,12,99,2,113,204,125,295,2,626,0,0,0,626
03/20/2010,PBI,FL,ASO,ES,Combined TRACON& Tower with Radar,192,98,174,3,467,1,3,77,0,81,193,101,251,3,548,0,0,0,548
03/21/2010,PBI,FL,ASO,ES,Combined TRACON& Tower with Radar,185,133,217,2,537,0,7,50,0,57,185,140,267,2,594,0,0,0,594
03/22/2010,PBI,FL,ASO,ES,Combined TRACON& Tower with Radar,203,84,137,9,433,0,2,62,0,64,203,86,199,9,497,0,0,0,497
03/23/2010,PBI,FL,ASO,ES,Combined TRACON& Tower with Radar,197,99,124,0,420,0,3,77,2,82,197,102,201,2,502,0,0,0,502
03/24/2010,PBI,FL,ASO,ES,Combined TRACON& Tower with Radar,190,78,128,2,398,0,5,81,0,86,190,83,209,2,484,0,0,0,484
03/25/2010,PBI,FL,ASO,ES,Combined TRACON& Tower with Radar,198,101,139,0,438,0,7,85,0,92,198,108,224,0,530,0,0,0,530
03/26/2010,PBI,FL,ASO,ES,Combined TRACON& Tower with Radar,204,129,211,0,544,0,7,72,1,80,204,136,283,1,624,0,0,0,624
03/27/2010,PBI,FL,ASO,ES,Combined TRACON& Tower with Radar,194,91,162,0,447,0,7,96,0,103,194,98,258,0,550,0,0,0,550
03/28/2010,PBI,FL,ASO,ES,Combined TRACON& Tower with Radar,190,122,195,1,508,0,3,63,0,66,190,125,258,1,574,0,0,0,574
03/29/2010,PBI,FL,ASO,ES,Combined TRACON& Tower with Radar,200,88,125,0,413,0,2,19,2,23,200,90,144,2,436,0,0,0,436
03/30/2010,PBI,FL,ASO,ES,Combined TRACON& Tower with Radar,194,74,143,0,411,0,2,88,2,92,194,76,231,2,503,0,0,0,503
03/31/2010,PBI,FL,ASO,ES,Combined TRACON& Tower with Radar,201,82,131,1,415,0,7,92,3,102,201,89,223,4,517,0,0,0,517
04/01/2010,PBI,FL,ASO,ES,Combined TRACON& Tower with Radar,200,120,163,0,483,0,7,111,0,118,200,127,274,0,601,0,0,0,601
04/02/2010,PBI,FL,ASO,ES,Combined TRACON& Tower with Radar,203,96,160,0,459,0,8,104,2,114,203,104,264,2,573,0,0,0,573
04/03/2010,PBI,FL,ASO,ES,Combined TRACON& Tower with Radar,194,84,142,5,425,0,3,86,2,91,194,87,228,7,516,0,0,0,516
04/04/2010,PBI,FL,ASO,ES,Combined TRACON& Tower with Radar,193,135,180,0,508,0,2,73,3,78,193,137,253,3,586,0,0,0,586
04/05/2010,PBI,FL,ASO,ES,Combined TRACON& Tower with Radar,202,120,190,2,514,0,7,96,0,103,202,127,286,2,617,0,0,0,617
04/06/2010,PBI,FL,ASO,ES,Combined TRACON& Tower with Radar,179,74,92,3,348,0,12,68,0,80,179,86,160,3,428,0,0,0,428
04/07/2010,PBI,FL,ASO,ES,Combined TRACON& Tower with Radar,175,78,115,0,368,0,4,110,0,114,175,82,225,0,482,0,0,0,482
04/08/2010,PBI,FL,ASO,ES,Combined TRACON& Tower with Radar,155,96,121,1,373,0,3,95,2,100,155,99,216,3,473,0,0,0,473
04/09/2010,PBI,FL,ASO,ES,Combined TRACON& Tower with Radar,181,111,155,1,448,0,5,85,2,92,181,116,240,3,540,0,0,0,540
04/10/2010,PBI,FL,ASO,ES,Combined TRACON& Tower with Radar,172,87,123,0,382,0,6,52,0,58,172,93,175,0,440,0,0,0,440
04/11/2010,PBI,FL,ASO,ES,Combined TRACON& Tower with Radar,168,111,185,1,465,0,6,37,0,43,168,117,222,1,508,0,0,0,508
04/12/2010,PBI,FL,ASO,ES,Combined TRACON& Tower with Radar,176,81,115,2,374,0,2,53,0,55,176,83,168,2,429,0,0,0,429
04/13/2010,PBI,FL,ASO,ES,Combined TRACON& Tower with Radar,166,63,101,2,332,0,9,74,0,83,166,72,175,2,415,15,0,15,430
04/14/2010,PBI,FL,ASO,ES,Combined TRACON& Tower with Radar,166,78,86,0,330,0,4,75,0,79,166,82,161,0,409,0,0,0,409
04/15/2010,PBI,FL,ASO,ES,Combined TRACON& Tower with Radar,170,89,129,4,392,0,7,85,0,92,170,96,214,4,484,0,0,0,484
04/16/2010,PBI,FL,ASO,ES,Combined TRACON& Tower with Radar,166,94,110,4,374,0,4,89,2,95,166,98,199,6,469,0,0,0,469
04/17/2010,PBI,FL,ASO,ES,Combined TRACON& Tower with Radar,159,60,97,2,318,0,2,63,0,65,159,62,160,2,383,0,0,0,383
04/18/2010,PBI,FL,ASO,ES,Combined TRACON& Tower with Radar,165,110,141,0,416,0,1,46,0,47,165,111,187,0,463,0,0,0,463
04/19/2010,PBI,FL,ASO,ES,Combined TRACON& Tower with Radar,168,93,124,0,385,0,3,53,0,56,168,96,177,0,441,0,0,0,441
04/20/2010,PBI,FL,ASO,ES,Combined TRACON& Tower with Radar,164,54,102,2,322,0,3,80,0,83,164,57,182,2,405,0,0,0,405
04/21/2010,PBI,FL,ASO,ES,Combined TRACON& Tower with Radar,166,69,101,0,336,0,5,82,0,87,166,74,183,0,423,0,0,0,423
04/22/2010,PBI,FL,ASO,ES,Combined TRACON& Tower with Radar,157,63,114,5,339,0,7,107,0,114,157,70,221,5,453,0,0,0,453
04/23/2010,PBI,FL,ASO,ES,Combined TRACON& Tower with Radar,169,88,167,0,424,0,2,104,0,106,169,90,271,0,530,0,0,0,530
04/24/2010,PBI,FL,ASO,ES,Combined TRACON& Tower with Radar,161,83,89,0,333,0,0,81,2,83,161,83,170,2,416,0,0,0,416
04/25/2010,PBI,FL,ASO,ES,Combined TRACON& Tower with Radar,157,90,168,1,416,0,2,73,0,75,157,92,241,1,491,0,0,0,491
04/26/2010,PBI,FL,ASO,ES,Combined TRACON& Tower with Radar,170,55,119,1,345,0,2,28,0,30,170,57,147,1,375,0,0,0,375
04/27/2010,PBI,FL,ASO,ES,Combined TRACON& Tower with Radar,164,74,93,2,333,0,2,83,0,85,164,76,176,2,418,0,0,0,418
04/28/2010,PBI,FL,ASO,ES,Combined TRACON& Tower with Radar,159,59,114,0,332,0,8,91,2,101,159,67,205,2,433,0,0,0,433
04/29/2010,PBI,FL,ASO,ES,Combined TRACON& Tower with Radar,165,72,122,2,361,0,0,94,0,94,165,72,216,2,455,0,0,0,455
04/30/2010,PBI,FL,ASO,ES,Combined TRACON& Tower with Radar,170,70,110,4,354,0,2,69,0,71,170,72,179,4,425,0,0,0,425
05/01/2010,PBI,FL,ASO,ES,Combined TRACON& Tower with Radar,140,60,80,0,280,0,3,61,2,66,140,63,141,2,346,0,0,0,346
05/02/2010,PBI,FL,ASO,ES,Combined TRACON& Tower with Radar,135,87,147,0,369,0,1,71,0,72,135,88,218,0,441,0,0,0,441
05/03/2010,PBI,FL,ASO,ES,Combined TRACON& Tower with Radar,141,66,108,0,315,0,3,86,0,89,141,69,194,0,404,0,0,0,404
05/04/2010,PBI,FL,ASO,ES,Combined TRACON& Tower with Radar,135,68,63,0,266,0,3,92,2,97,135,71,155,2,363,0,0,0,363
05/05/2010,PBI,FL,ASO,ES,Combined TRACON& Tower with Radar,138,72,89,0,299,0,1,56,0,57,138,73,145,0,356,0,0,0,356
05/06/2010,PBI,FL,ASO,ES,Combined TRACON& Tower with Radar,141,64,95,0,300,0,1,72,0,73,141,65,167,0,373,0,0,0,373
05/07/2010,PBI,FL,ASO,ES,Combined TRACON& Tower with Radar,146,69,83,3,301,0,3,87,2,92,146,72,170,5,393,0,0,0,393
05/08/2010,PBI,FL,ASO,ES,Combined TRACON& Tower with Radar,132,55,59,2,248,0,3,49,0,52,132,58,108,2,300,0,0,0,300
05/09/2010,PBI,FL,ASO,ES,Combined TRACON& Tower with Radar,121,68,99,2,290,0,5,67,1,73,121,73,166,3,363,0,0,0,363
05/10/2010,PBI,FL,ASO,ES,Combined TRACON& Tower with Radar,132,56,100,2,290,0,4,85,0,89,132,60,185,2,379,0,0,0,379
05/11/2010,PBI,FL,ASO,ES,Combined TRACON& Tower with Radar,127,55,90,2,274,0,7,72,0,79,127,62,162,2,353,0,0,0,353
05/12/2010,PBI,FL,ASO,ES,Combined TRACON& Tower with Radar,127,57,90,0,274,0,2,85,0,87,127,59,175,0,361,0,0,0,361
05/13/2010,PBI,FL,ASO,ES,Combined TRACON& Tower with Radar,133,62,92,2,289,0,5,78,0,83,133,67,170,2,372,0,0,0,372
05/14/2010,PBI,FL,ASO,ES,Combined TRACON& Tower with Radar,130,65,111,3,309,0,1,89,4,94,130,66,200,7,403,0,0,0,403
05/15/2010,PBI,FL,ASO,ES,Combined TRACON& Tower with Radar,128,57,66,5,256,0,3,55,1,59,128,60,121,6,315,0,0,0,315
05/16/2010,PBI,FL,ASO,ES,Combined TRACON& Tower with Radar,123,67,114,0,304,0,3,73,1,77,123,70,187,1,381,0,0,0,381
05/17/2010,PBI,FL,ASO,ES,Combined TRACON& Tower with Radar,132,64,78,2,276,0,1,36,2,39,132,65,114,4,315,0,0,0,315
05/18/2010,PBI,FL,ASO,ES,Combined TRACON& Tower with Radar,138,62,87,1,288,0,6,75,0,81,138,68,162,1,369,0,0,0,369
05/19/2010,PBI,FL,ASO,ES,Combined TRACON& Tower with Radar,126,58,81,7,272,0,6,48,0,54,126,64,129,7,326,0,0,0,326
05/20/2010,PBI,FL,ASO,ES,Combined TRACON& Tower with Radar,140,53,102,1,296,0,4,71,1,76,140,57,173,2,372,0,0,0,372
05/21/2010,PBI,FL,ASO,ES,Combined TRACON& Tower with Radar,135,74,99,5,313,0,2,108,1,111,135,76,207,6,424,0,0,0,424
05/22/2010,PBI,FL,ASO,ES,Combined TRACON& Tower with Radar,126,50,52,2,230,0,2,54,1,57,126,52,106,3,287,0,0,0,287
05/23/2010,PBI,FL,ASO,ES,Combined TRACON& Tower with Radar,126,57,80,3,266,0,2,77,1,80,126,59,157,4,346,0,0,0,346
05/24/2010,PBI,FL,ASO,ES,Combined TRACON& Tower with Radar,133,60,104,1,298,0,0,99,0,99,133,60,203,1,397,0,0,0,397
05/25/2010,PBI,FL,ASO,ES,Combined TRACON& Tower with Radar,131,43,78,0,252,0,0,71,3,74,131,43,149,3,326,0,0,0,326
05/26/2010,PBI,FL,ASO,ES,Combined TRACON& Tower with Radar,131,49,73,7,260,0,4,63,0,67,131,53,136,7,327,0,0,0,327
05/27/2010,PBI,FL,ASO,ES,Combined TRACON& Tower with Radar,140,70,99,1,310,0,7,80,0,87,140,77,179,1,397,0,0,0,397
05/28/2010,PBI,FL,ASO,ES,Combined TRACON& Tower with Radar,141,64,112,1,318,0,1,89,0,90,141,65,201,1,408,0,0,0,408
05/29/2010,PBI,FL,ASO,ES,Combined TRACON& Tower with Radar,124,40,79,0,243,0,2,64,0,66,124,42,143,0,309,0,0,0,309
05/30/2010,PBI,FL,ASO,ES,Combined TRACON& Tower with Radar,121,41,58,1,221,0,2,61,0,63,121,43,119,1,284,0,0,0,284
05/31/2010,PBI,FL,ASO,ES,Combined TRACON& Tower with Radar,122,68,141,2,333,0,8,110,0,118,122,76,251,2,451,0,0,0,451
06/01/2010,PBI,FL,ASO,ES,Combined TRACON& Tower with Radar,126,52,96,0,274,0,2,62,0,64,126,54,158,0,338,0,0,0,338
06/02/2010,PBI,FL,ASO,ES,Combined TRACON& Tower with Radar,126,53,74,1,254,0,2,84,1,87,126,55,158,2,341,0,0,0,341
06/03/2010,PBI,FL,ASO,ES,Combined TRACON& Tower with Radar,131,47,77,5,260,0,5,59,3,67,131,52,136,8,327,0,0,0,327
06/04/2010,PBI,FL,ASO,ES,Combined TRACON& Tower with Radar,132,52,67,0,251,0,3,84,0,87,132,55,151,0,338,0,0,0,338
06/05/2010,PBI,FL,ASO,ES,Combined TRACON& Tower with Radar,125,54,60,0,239,0,3,74,0,77,125,57,134,0,316,0,0,0,316
06/06/2010,PBI,FL,ASO,ES,Combined TRACON& Tower with Radar,116,53,83,3,255,0,2,53,0,55,116,55,136,3,310,0,0,0,310
06/07/2010,PBI,FL,ASO,ES,Combined TRACON& Tower with Radar,133,43,76,1,253,0,5,58,2,65,133,48,134,3,318,0,0,0,318
06/08/2010,PBI,FL,ASO,ES,Combined TRACON& Tower with Radar,122,47,85,1,255,0,3,84,0,87,122,50,169,1,342,0,0,0,342
06/09/2010,PBI,FL,ASO,ES,Combined TRACON& Tower with Radar,125,48,80,9,262,0,9,71,3,83,125,57,151,12,345,0,0,0,345
06/10/2010,PBI,FL,ASO,ES,Combined TRACON& Tower with Radar,119,54,95,1,269,0,3,86,0,89,119,57,181,1,358,0,0,0,358
06/11/2010,PBI,FL,ASO,ES,Combined TRACON& Tower with Radar,128,63,61,0,252,0,6,75,0,81,128,69,136,0,333,0,0,0,333
06/12/2010,PBI,FL,ASO,ES,Combined TRACON& Tower with Radar,114,56,55,0,225,0,3,51,0,54,114,59,106,0,279,0,0,0,279
06/13/2010,PBI,FL,ASO,ES,Combined TRACON& Tower with Radar,111,51,73,0,235,0,1,73,0,74,111,52,146,0,309,0,0,0,309
06/14/2010,PBI,FL,ASO,ES,Combined TRACON& Tower with Radar,124,39,82,4,249,0,2,93,0,95,124,41,175,4,344,0,0,0,344
06/15/2010,PBI,FL,ASO,ES,Combined TRACON& Tower with Radar,117,43,61,8,229,0,3,53,0,56,117,46,114,8,285,0,0,0,285
06/16/2010,PBI,FL,ASO,ES,Combined TRACON& Tower with Radar,117,46,70,2,235,0,1,78,0,79,117,47,148,2,314,0,0,0,314
06/17/2010,PBI,FL,ASO,ES,Combined TRACON& Tower with Radar,125,49,70,4,248,0,5,67,0,72,125,54,137,4,320,0,0,0,320
06/18/2010,PBI,FL,ASO,ES,Combined TRACON& Tower with Radar,122,62,64,2,250,0,5,89,0,94,122,67,153,2,344,0,0,0,344
06/19/2010,PBI,FL,ASO,ES,Combined TRACON& Tower with Radar,116,46,47,2,211,0,0,46,0,46,116,46,93,2,257,0,0,0,257
06/20/2010,PBI,FL,ASO,ES,Combined TRACON& Tower with Radar,116,51,63,0,230,0,2,65,0,67,116,53,128,0,297,0,0,0,297
06/21/2010,PBI,FL,ASO,ES,Combined TRACON& Tower with Radar,120,50,78,2,250,0,2,55,0,57,120,52,133,2,307,0,0,0,307
06/22/2010,PBI,FL,ASO,ES,Combined TRACON& Tower with Radar,122,50,56,2,230,0,3,60,0,63,122,53,116,2,293,0,0,0,293
06/23/2010,PBI,FL,ASO,ES,Combined TRACON& Tower with Radar,126,56,55,0,237,0,2,71,0,73,126,58,126,0,310,0,0,0,310
06/24/2010,PBI,FL,ASO,ES,Combined TRACON& Tower with Radar,121,47,72,0,240,0,2,88,0,90,121,49,160,0,330,0,0,0,330
06/25/2010,PBI,FL,ASO,ES,Combined TRACON& Tower with Radar,129,62,72,0,263,0,3,62,2,67,129,65,134,2,330,0,0,0,330
06/26/2010,PBI,FL,ASO,ES,Combined TRACON& Tower with Radar,117,45,47,2,211,0,6,60,0,66,117,51,107,2,277,0,0,0,277
06/27/2010,PBI,FL,ASO,ES,Combined TRACON& Tower with Radar,110,56,66,0,232,0,3,68,0,71,110,59,134,0,303,0,0,0,303
06/28/2010,PBI,FL,ASO,ES,Combined TRACON& Tower with Radar,117,55,62,5,239,0,3,84,2,89,117,58,146,7,328,0,0,0,328
06/29/2010,PBI,FL,ASO,ES,Combined TRACON& Tower with Radar,124,62,68,5,259,0,3,62,2,67,124,65,130,7,326,0,0,0,326
06/30/2010,PBI,FL,ASO,ES,Combined TRACON& Tower with Radar,124,66,89,0,279,0,4,68,0,72,124,70,157,0,351,0,0,0,351
07/01/2010,PBI,FL,ASO,ES,Combined TRACON& Tower with Radar,128,49,80,0,257,0,5,72,2,79,128,54,152,2,336,0,0,0,336
07/02/2010,PBI,FL,ASO,ES,Combined TRACON& Tower with Radar,126,39,67,1,233,0,8,67,0,75,126,47,134,1,308,0,0,0,308
07/03/2010,PBI,FL,ASO,ES,Combined TRACON& Tower with Radar,113,45,38,0,196,0,6,39,0,45,113,51,77,0,241,0,0,0,241
07/04/2010,PBI,FL,ASO,ES,Combined TRACON& Tower with Radar,108,32,26,0,166,0,1,40,2,43,108,33,66,2,209,0,0,0,209
07/05/2010,PBI,FL,ASO,ES,Combined TRACON& Tower with Radar,119,50,92,4,265,0,2,43,1,46,119,52,135,5,311,0,0,0,311
07/06/2010,PBI,FL,ASO,ES,Combined TRACON& Tower with Radar,118,41,49,0,208,0,4,95,0,99,118,45,144,0,307,0,0,0,307
07/07/2010,PBI,FL,ASO,ES,Combined TRACON& Tower with Radar,118,40,50,0,208,0,1,73,0,74,118,41,123,0,282,6,0,6,288
07/08/2010,PBI,FL,ASO,ES,Combined TRACON& Tower with Radar,121,42,56,2,221,0,3,83,0,86,121,45,139,2,307,0,0,0,307
07/09/2010,PBI,FL,ASO,ES,Combined TRACON& Tower with Radar,121,60,81,3,265,0,3,76,0,79,121,63,157,3,344,0,0,0,344
07/10/2010,PBI,FL,ASO,ES,Combined TRACON& Tower with Radar,114,53,44,10,221,0,1,31,0,32,114,54,75,10,253,0,0,0,253
07/11/2010,PBI,FL,ASO,ES,Combined TRACON& Tower with Radar,113,52,58,3,226,0,3,60,0,63,113,55,118,3,289,0,0,0,289
07/12/2010,PBI,FL,ASO,ES,Combined TRACON& Tower with Radar,114,39,47,2,202,0,4,85,0,89,114,43,132,2,291,4,0,4,295
07/13/2010,PBI,FL,ASO,ES,Combined TRACON& Tower with Radar,117,39,58,0,214,0,3,85,0,88,117,42,143,0,302,0,0,0,302
07/14/2010,PBI,FL,ASO,ES,Combined TRACON& Tower with Radar,123,46,54,0,223,0,1,63,0,64,123,47,117,0,287,0,0,0,287
07/15/2010,PBI,FL,ASO,ES,Combined TRACON& Tower with Radar,121,40,59,0,220,0,1,79,2,82,121,41,138,2,302,0,0,0,302
07/16/2010,PBI,FL,ASO,ES,Combined TRACON& Tower with Radar,119,52,53,2,226,0,4,74,2,80,119,56,127,4,306,0,0,0,306
07/17/2010,PBI,FL,ASO,ES,Combined TRACON& Tower with Radar,115,40,38,1,194,0,2,67,0,69,115,42,105,1,263,0,0,0,263
07/18/2010,PBI,FL,ASO,ES,Combined TRACON& Tower with Radar,108,39,43,0,190,0,2,64,0,66,108,41,107,0,256,0,0,0,256
07/19/2010,PBI,FL,ASO,ES,Combined TRACON& Tower with Radar,114,50,70,0,234,0,4,47,0,51,114,54,117,0,285,0,0,0,285
07/20/2010,PBI,FL,ASO,ES,Combined TRACON& Tower with Radar,124,30,51,7,212,0,2,59,1,62,124,32,110,8,274,0,0,0,274
07/21/2010,PBI,FL,ASO,ES,Combined TRACON& Tower with Radar,117,39,55,3,214,0,6,82,1,89,117,45,137,4,303,0,0,0,303
07/22/2010,PBI,FL,ASO,ES,Combined TRACON& Tower with Radar,122,59,67,0,248,0,0,101,0,101,122,59,168,0,349,0,0,0,349
07/23/2010,PBI,FL,ASO,ES,Combined TRACON& Tower with Radar,126,55,52,0,233,0,0,19,0,19,126,55,71,0,252,0,0,0,252
07/24/2010,PBI,FL,ASO,ES,Combined TRACON& Tower with Radar,116,36,47,4,203,0,2,60,0,62,116,38,107,4,265,0,0,0,265
07/25/2010,PBI,FL,ASO,ES,Combined TRACON& Tower with Radar,112,50,50,0,212,0,2,45,0,47,112,52,95,0,259,0,0,0,259
07/26/2010,PBI,FL,ASO,ES,Combined TRACON& Tower with Radar,121,42,52,2,217,0,5,75,0,80,121,47,127,2,297,0,0,0,297
07/27/2010,PBI,FL,ASO,ES,Combined TRACON& Tower with Radar,121,47,51,2,221,0,4,64,0,68,121,51,115,2,289,0,0,0,289
07/28/2010,PBI,FL,ASO,ES,Combined TRACON& Tower with Radar,124,45,55,5,229,0,6,63,6,75,124,51,118,11,304,0,0,0,304
07/29/2010,PBI,FL,ASO,ES,Combined TRACON& Tower with Radar,115,40,73,3,231,0,1,72,1,74,115,41,145,4,305,0,0,0,305
07/30/2010,PBI,FL,ASO,ES,Combined TRACON& Tower with Radar,133,43,59,0,235,0,8,69,4,81,133,51,128,4,316,0,0,0,316
07/31/2010,PBI,FL,ASO,ES,Combined TRACON& Tower with Radar,118,47,39,4,208,0,7,61,0,68,118,54,100,4,276,0,0,0,276
08/01/2010,PBI,FL,ASO,ES,Combined TRACON& Tower with Radar,110,59,81,0,250,0,2,59,1,62,110,61,140,1,312,0,0,0,312
08/02/2010,PBI,FL,ASO,ES,Combined TRACON& Tower with Radar,122,47,52,1,222,0,4,62,5,71,122,51,114,6,293,0,0,0,293
08/03/2010,PBI,FL,ASO,ES,Combined TRACON& Tower with Radar,121,44,50,1,216,0,5,88,2,95,121,49,138,3,311,0,0,0,311
08/04/2010,PBI,FL,ASO,ES,Combined TRACON& Tower with Radar,119,43,58,0,220,0,6,64,2,72,119,49,122,2,292,0,0,0,292
08/05/2010,PBI,FL,ASO,ES,Combined TRACON& Tower with Radar,119,44,86,5,254,0,3,81,2,86,119,47,167,7,340,0,0,0,340
08/06/2010,PBI,FL,ASO,ES,Combined TRACON& Tower with Radar,125,43,45,0,213,0,7,46,4,57,125,50,91,4,270,0,0,0,270
08/07/2010,PBI,FL,ASO,ES,Combined TRACON& Tower with Radar,114,41,36,2,193,0,4,43,2,49,114,45,79,4,242,0,0,0,242
08/08/2010,PBI,FL,ASO,ES,Combined TRACON& Tower with Radar,114,47,69,1,231,0,3,30,1,34,114,50,99,2,265,0,0,0,265
08/09/2010,PBI,FL,ASO,ES,Combined TRACON& Tower with Radar,118,55,70,8,251,0,1,61,1,63,118,56,131,9,314,0,0,0,314
08/10/2010,PBI,FL,ASO,ES,Combined TRACON& Tower with Radar,119,47,56,0,222,0,0,48,1,49,119,47,104,1,271,0,0,0,271
08/11/2010,PBI,FL,ASO,ES,Combined TRACON& Tower with Radar,118,45,50,0,213,0,5,86,0,91,118,50,136,0,304,0,0,0,304
08/12/2010,PBI,FL,ASO,ES,Combined TRACON& Tower with Radar,119,46,59,5,229,0,3,94,1,98,119,49,153,6,327,0,0,0,327
08/13/2010,PBI,FL,ASO,ES,Combined TRACON& Tower with Radar,125,40,46,0,211,0,7,54,4,65,125,47,100,4,276,0,0,0,276
08/14/2010,PBI,FL,ASO,ES,Combined TRACON& Tower with Radar,113,51,33,1,198,0,1,50,4,55,113,52,83,5,253,0,0,0,253
08/15/2010,PBI,FL,ASO,ES,Combined TRACON& Tower with Radar,108,42,70,1,221,0,6,47,0,53,108,48,117,1,274,0,0,0,274
08/16/2010,PBI,FL,ASO,ES,Combined TRACON& Tower with Radar,115,44,71,0,230,0,3,73,0,76,115,47,144,0,306,0,0,0,306
08/17/2010,PBI,FL,ASO,ES,Combined TRACON& Tower with Radar,113,47,47,0,207,0,1,58,0,59,113,48,105,0,266,0,0,0,266
08/18/2010,PBI,FL,ASO,ES,Combined TRACON& Tower with Radar,110,30,75,1,216,0,4,90,0,94,110,34,165,1,310,0,0,0,310
08/19/2010,PBI,FL,ASO,ES,Combined TRACON& Tower with Radar,114,36,68,2,220,0,2,65,0,67,114,38,133,2,287,0,0,0,287
08/20/2010,PBI,FL,ASO,ES,Combined TRACON& Tower with Radar,117,40,61,2,220,0,2,72,1,75,117,42,133,3,295,0,0,0,295
08/21/2010,PBI,FL,ASO,ES,Combined TRACON& Tower with Radar,112,40,22,0,174,0,3,40,0,43,112,43,62,0,217,0,0,0,217
08/22/2010,PBI,FL,ASO,ES,Combined TRACON& Tower with Radar,101,40,53,1,195,0,3,44,0,47,101,43,97,1,242,0,0,0,242
08/23/2010,PBI,FL,ASO,ES,Combined TRACON& Tower with Radar,127,46,56,0,229,0,4,66,0,70,127,50,122,0,299,0,0,0,299
08/24/2010,PBI,FL,ASO,ES,Combined TRACON& Tower with Radar,110,45,60,0,215,0,0,49,0,49,110,45,109,0,264,0,0,0,264
08/25/2010,PBI,FL,ASO,ES,Combined TRACON& Tower with Radar,113,41,55,0,209,0,1,45,0,46,113,42,100,0,255,0,0,0,255
08/26/2010,PBI,FL,ASO,ES,Combined TRACON& Tower with Radar,117,41,71,4,233,0,2,53,2,57,117,43,124,6,290,2,0,2,292
08/27/2010,PBI,FL,ASO,ES,Combined TRACON& Tower with Radar,120,43,53,10,226,0,1,83,1,85,120,44,136,11,311,2,0,2,313
08/28/2010,PBI,FL,ASO,ES,Combined TRACON& Tower with Radar,102,17,43,0,162,0,1,50,0,51,102,18,93,0,213,0,0,0,213
08/29/2010,PBI,FL,ASO,ES,Combined TRACON& Tower with Radar,105,43,55,3,206,0,1,32,0,33,105,44,87,3,239,0,0,0,239
08/30/2010,PBI,FL,ASO,ES,Combined TRACON& Tower with Radar,117,40,50,0,207,0,1,53,0,54,117,41,103,0,261,0,0,0,261
08/31/2010,PBI,FL,ASO,ES,Combined TRACON& Tower with Radar,115,46,52,0,213,0,7,62,0,69,115,53,114,0,282,0,0,0,282
09/01/2010,PBI,FL,ASO,ES,Combined TRACON& Tower with Radar,111,39,61,0,211,0,0,58,0,58,111,39,119,0,269,0,0,0,269
09/02/2010,PBI,FL,ASO,ES,Combined TRACON& Tower with Radar,122,49,73,0,244,0,4,89,0,93,122,53,162,0,337,0,0,0,337
09/03/2010,PBI,FL,ASO,ES,Combined TRACON& Tower with Radar,119,43,65,0,227,0,6,63,0,69,119,49,128,0,296,0,0,0,296
09/04/2010,PBI,FL,ASO,ES,Combined TRACON& Tower with Radar,100,27,30,0,157,0,5,38,0,43,100,32,68,0,200,0,0,0,200
09/05/2010,PBI,FL,ASO,ES,Combined TRACON& Tower with Radar,94,50,20,0,164,0,2,33,0,35,94,52,53,0,199,0,0,0,199
09/06/2010,PBI,FL,ASO,ES,Combined TRACON& Tower with Radar,123,46,72,0,241,0,3,64,0,67,123,49,136,0,308,0,0,0,308
09/07/2010,PBI,FL,ASO,ES,Combined TRACON& Tower with Radar,106,41,56,2,205,0,2,70,0,72,106,43,126,2,277,0,0,0,277
09/08/2010,PBI,FL,ASO,ES,Combined TRACON& Tower with Radar,116,38,66,12,232,0,0,80,0,80,116,38,146,12,312,0,0,0,312
09/09/2010,PBI,FL,ASO,ES,Combined TRACON& Tower with Radar,118,50,38,2,208,0,2,68,0,70,118,52,106,2,278,0,0,0,278
09/10/2010,PBI,FL,ASO,ES,Combined TRACON& Tower with Radar,119,39,80,0,238,0,7,66,0,73,119,46,146,0,311,0,0,0,311
09/11/2010,PBI,FL,ASO,ES,Combined TRACON& Tower with Radar,94,26,36,0,156,0,3,43,0,46,94,29,79,0,202,0,0,0,202
09/12/2010,PBI,FL,ASO,ES,Combined TRACON& Tower with Radar,103,46,52,0,201,0,3,55,0,58,103,49,107,0,259,0,0,0,259
09/13/2010,PBI,FL,ASO,ES,Combined TRACON& Tower with Radar,116,35,63,2,216,0,1,64,1,66,116,36,127,3,282,0,0,0,282
09/14/2010,PBI,FL,ASO,ES,Combined TRACON& Tower with Radar,123,34,66,3,226,0,0,52,2,54,123,34,118,5,280,0,0,0,280
09/15/2010,PBI,FL,ASO,ES,Combined TRACON& Tower with Radar,114,44,41,5,204,0,5,68,4,77,114,49,109,9,281,0,0,0,281
09/16/2010,PBI,FL,ASO,ES,Combined TRACON& Tower with Radar,117,38,61,5,221,0,10,60,1,71,117,48,121,6,292,0,0,0,292
09/17/2010,PBI,FL,ASO,ES,Combined TRACON& Tower with Radar,119,51,77,7,254,0,0,69,0,69,119,51,146,7,323,0,0,0,323
09/18/2010,PBI,FL,ASO,ES,Combined TRACON& Tower with Radar,96,17,25,8,146,0,2,33,0,35,96,19,58,8,181,0,0,0,181
09/19/2010,PBI,FL,ASO,ES,Combined TRACON& Tower with Radar,104,36,50,4,194,0,4,42,1,47,104,40,92,5,241,0,0,0,241
09/20/2010,PBI,FL,ASO,ES,Combined TRACON& Tower with Radar,113,47,65,12,237,0,4,50,0,54,113,51,115,12,291,12,0,12,303
09/21/2010,PBI,FL,ASO,ES,Combined TRACON& Tower with Radar,116,40,50,2,208,0,4,66,2,72,116,44,116,4,280,0,0,0,280
09/22/2010,PBI,FL,ASO,ES,Combined TRACON& Tower with Radar,112,41,57,2,212,0,3,54,0,57,112,44,111,2,269,0,0,0,269
09/23/2010,PBI,FL,ASO,ES,Combined TRACON& Tower with Radar,119,48,63,1,231,0,2,50,0,52,119,50,113,1,283,0,0,0,283
09/24/2010,PBI,FL,ASO,ES,Combined TRACON& Tower with Radar,120,44,82,2,248,0,1,39,0,40,120,45,121,2,288,0,0,0,288
09/25/2010,PBI,FL,ASO,ES,Combined TRACON& Tower with Radar,97,22,40,0,159,0,1,21,3,25,97,23,61,3,184,0,0,0,184
09/26/2010,PBI,FL,ASO,ES,Combined TRACON& Tower with Radar,102,44,75,0,221,0,2,37,0,39,102,46,112,0,260,0,0,0,260
09/27/2010,PBI,FL,ASO,ES,Combined TRACON& Tower with Radar,114,47,75,6,242,0,1,46,8,55,114,48,121,14,297,0,0,0,297
09/28/2010,PBI,FL,ASO,ES,Combined TRACON& Tower with Radar,114,40,47,1,202,0,1,37,1,39,114,41,84,2,241,0,0,0,241
09/29/2010,PBI,FL,ASO,ES,Combined TRACON& Tower with Radar,114,33,40,1,188,0,1,10,0,11,114,34,50,1,199,0,0,0,199
09/30/2010,PBI,FL,ASO,ES,Combined TRACON& Tower with Radar,112,38,80,17,247,0,2,80,3,85,112,40,160,20,332,0,0,0,332
10/01/2010,PBI,FL,ASO,ES,Combined TRACON& Tower with Radar,118,36,67,0,221,0,4,69,1,74,118,40,136,1,295,0,0,0,295
10/02/2010,PBI,FL,ASO,ES,Combined TRACON& Tower with Radar,107,32,34,0,173,0,3,51,2,56,107,35,85,2,229,0,0,0,229
10/03/2010,PBI,FL,ASO,ES,Combined TRACON& Tower with Radar,112,39,63,0,214,0,1,34,4,39,112,40,97,4,253,0,0,0,253
10/04/2010,PBI,FL,ASO,ES,Combined TRACON& Tower with Radar,119,31,49,0,199,0,4,43,0,47,119,35,92,0,246,0,0,0,246
10/05/2010,PBI,FL,ASO,ES,Combined TRACON& Tower with Radar,115,48,41,2,206,0,1,61,0,62,115,49,102,2,268,0,0,0,268
10/06/2010,PBI,FL,ASO,ES,Combined TRACON& Tower with Radar,115,39,77,2,233,0,6,56,2,64,115,45,133,4,297,0,0,0,297
10/07/2010,PBI,FL,ASO,ES,Combined TRACON& Tower with Radar,126,56,84,0,266,0,5,76,0,81,126,61,160,0,347,0,0,0,347
10/08/2010,PBI,FL,ASO,ES,Combined TRACON& Tower with Radar,126,68,86,3,283,0,2,59,1,62,126,70,145,4,345,0,0,0,345
10/09/2010,PBI,FL,ASO,ES,Combined TRACON& Tower with Radar,104,36,54,0,194,0,1,46,0,47,104,37,100,0,241,0,0,0,241
10/10/2010,PBI,FL,ASO,ES,Combined TRACON& Tower with Radar,112,47,69,0,228,0,1,44,0,45,112,48,113,0,273,0,0,0,273
10/11/2010,PBI,FL,ASO,ES,Combined TRACON& Tower with Radar,120,58,82,0,260,0,0,65,0,65,120,58,147,0,325,0,0,0,325
10/12/2010,PBI,FL,ASO,ES,Combined TRACON& Tower with Radar,119,59,71,0,249,0,1,63,0,64,119,60,134,0,313,0,0,0,313
10/13/2010,PBI,FL,ASO,ES,Combined TRACON& Tower with Radar,115,57,66,2,240,0,1,58,0,59,115,58,124,2,299,0,0,0,299
10/14/2010,PBI,FL,ASO,ES,Combined TRACON& Tower with Radar,125,57,69,2,253,0,3,53,0,56,125,60,122,2,309,0,0,0,309
10/15/2010,PBI,FL,ASO,ES,Combined TRACON& Tower with Radar,130,57,100,0,287,0,3,85,0,88,130,60,185,0,375,0,0,0,375
10/16/2010,PBI,FL,ASO,ES,Combined TRACON& Tower with Radar,107,41,58,0,206,0,1,44,0,45,107,42,102,0,251,0,0,0,251
10/17/2010,PBI,FL,ASO,ES,Combined TRACON& Tower with Radar,113,71,91,0,275,0,5,61,0,66,113,76,152,0,341,0,0,0,341
10/18/2010,PBI,FL,ASO,ES,Combined TRACON& Tower with Radar,120,52,82,2,256,0,6,74,0,80,120,58,156,2,336,0,0,0,336
10/19/2010,PBI,FL,ASO,ES,Combined TRACON& Tower with Radar,116,46,80,0,242,0,4,64,0,68,116,50,144,0,310,0,0,0,310
10/20/2010,PBI,FL,ASO,ES,Combined TRACON& Tower with Radar,115,51,82,1,249,0,3,61,0,64,115,54,143,1,313,0,0,0,313
10/21/2010,PBI,FL,ASO,ES,Combined TRACON& Tower with Radar,125,65,63,0,253,0,1,69,2,72,125,66,132,2,325,0,0,0,325
10/22/2010,PBI,FL,ASO,ES,Combined TRACON& Tower with Radar,123,72,80,4,279,0,5,89,2,96,123,77,169,6,375,0,0,0,375
10/23/2010,PBI,FL,ASO,ES,Combined TRACON& Tower with Radar,106,37,55,12,210,0,1,51,0,52,106,38,106,12,262,0,0,0,262
10/24/2010,PBI,FL,ASO,ES,Combined TRACON& Tower with Radar,113,68,89,2,272,0,1,63,0,64,113,69,152,2,336,0,0,0,336
10/25/2010,PBI,FL,ASO,ES,Combined TRACON& Tower with Radar,120,72,84,4,280,0,0,61,0,61,120,72,145,4,341,0,0,0,341
10/26/2010,PBI,FL,ASO,ES,Combined TRACON& Tower with Radar,117,66,53,0,236,0,1,80,0,81,117,67,133,0,317,0,0,0,317
10/27/2010,PBI,FL,ASO,ES,Combined TRACON& Tower with Radar,108,64,111,0,283,0,3,72,0,75,108,67,183,0,358,0,0,0,358
10/28/2010,PBI,FL,ASO,ES,Combined TRACON& Tower with Radar,126,74,97,6,303,0,1,56,0,57,126,75,153,6,360,0,0,0,360
10/29/2010,PBI,FL,ASO,ES,Combined TRACON& Tower with Radar,128,78,105,1,312,0,2,52,0,54,128,80,157,1,366,0,0,0,366
10/30/2010,PBI,FL,ASO,ES,Combined TRACON& Tower with Radar,104,55,67,1,227,0,2,35,1,38,104,57,102,2,265,0,0,0,265
10/31/2010,PBI,FL,ASO,ES,Combined TRACON& Tower with Radar,119,67,86,2,274,0,2,57,0,59,119,69,143,2,333,0,0,0,333
11/01/2010,PBI,FL,ASO,ES,Combined TRACON& Tower with Radar,128,72,78,1,279,0,0,55,0,55,128,72,133,1,334,0,0,0,334
11/02/2010,PBI,FL,ASO,ES,Combined TRACON& Tower with Radar,122,52,57,1,232,0,2,86,0,88,122,54,143,1,320,0,0,0,320
11/03/2010,PBI,FL,ASO,ES,Combined TRACON& Tower with Radar,121,63,95,17,296,0,0,62,0,62,121,63,157,17,358,0,0,0,358
11/04/2010,PBI,FL,ASO,ES,Combined TRACON& Tower with Radar,130,84,108,5,327,0,1,39,1,41,130,85,147,6,368,0,0,0,368
11/05/2010,PBI,FL,ASO,ES,Combined TRACON& Tower with Radar,140,86,130,1,357,0,4,101,4,109,140,90,231,5,466,0,0,0,466
11/06/2010,PBI,FL,ASO,ES,Combined TRACON& Tower with Radar,125,52,47,0,224,0,4,41,0,45,125,56,88,0,269,0,0,0,269
11/07/2010,PBI,FL,ASO,ES,Combined TRACON& Tower with Radar,135,94,107,0,336,0,3,36,0,39,135,97,143,0,375,0,0,0,375
11/08/2010,PBI,FL,ASO,ES,Combined TRACON& Tower with Radar,138,62,88,0,288,0,3,73,0,76,138,65,161,0,364,0,0,0,364
11/09/2010,PBI,FL,ASO,ES,Combined TRACON& Tower with Radar,128,76,94,4,302,0,6,72,0,78,128,82,166,4,380,0,0,0,380
11/10/2010,PBI,FL,ASO,ES,Combined TRACON& Tower with Radar,130,58,94,4,286,0,5,99,4,108,130,63,193,8,394,0,0,0,394
11/11/2010,PBI,FL,ASO,ES,Combined TRACON& Tower with Radar,144,83,118,0,345,0,5,72,0,77,144,88,190,0,422,0,0,0,422
11/12/2010,PBI,FL,ASO,ES,Combined TRACON& Tower with Radar,152,74,127,1,354,0,1,75,2,78,152,75,202,3,432,0,0,0,432
11/13/2010,PBI,FL,ASO,ES,Combined TRACON& Tower with Radar,128,46,66,0,240,0,2,57,2,61,128,48,123,2,301,0,0,0,301
11/14/2010,PBI,FL,ASO,ES,Combined TRACON& Tower with Radar,138,105,136,0,379,0,2,57,0,59,138,107,193,0,438,0,0,0,438
11/15/2010,PBI,FL,ASO,ES,Combined TRACON& Tower with Radar,143,73,97,4,317,0,3,82,4,89,143,76,179,8,406,0,0,0,406
11/16/2010,PBI,FL,ASO,ES,Combined TRACON& Tower with Radar,135,78,123,3,339,0,2,86,5,93,135,80,209,8,432,0,0,0,432
11/17/2010,PBI,FL,ASO,ES,Combined TRACON& Tower with Radar,138,69,110,1,318,0,4,70,0,74,138,73,180,1,392,6,0,6,398
11/18/2010,PBI,FL,ASO,ES,Combined TRACON& Tower with Radar,157,95,154,0,406,0,4,76,0,80,157,99,230,0,486,0,0,0,486
11/19/2010,PBI,FL,ASO,ES,Combined TRACON& Tower with Radar,168,97,107,0,372,0,5,94,0,99,168,102,201,0,471,0,0,0,471
11/20/2010,PBI,FL,ASO,ES,Combined TRACON& Tower with Radar,158,62,96,1,317,0,3,78,1,82,158,65,174,2,399,0,0,0,399
11/21/2010,PBI,FL,ASO,ES,Combined TRACON& Tower with Radar,161,85,156,0,402,0,1,76,0,77,161,86,232,0,479,0,0,0,479
11/22/2010,PBI,FL,ASO,ES,Combined TRACON& Tower with Radar,168,71,101,2,342,0,7,64,4,75,168,78,165,6,417,0,0,0,417
11/23/2010,PBI,FL,ASO,ES,Combined TRACON& Tower with Radar,170,112,157,1,440,0,4,63,3,70,170,116,220,4,510,0,0,0,510
11/24/2010,PBI,FL,ASO,ES,Combined TRACON& Tower with Radar,170,122,147,0,439,0,5,83,0,88,170,127,230,0,527,0,0,0,527
11/25/2010,PBI,FL,ASO,ES,Combined TRACON& Tower with Radar,109,38,44,0,191,0,4,40,0,44,109,42,84,0,235,0,0,0,235
11/26/2010,PBI,FL,ASO,ES,Combined TRACON& Tower with Radar,146,82,77,0,305,0,2,54,1,57,146,84,131,1,362,0,0,0,362
11/27/2010,PBI,FL,ASO,ES,Combined TRACON& Tower with Radar,175,104,120,0,399,0,3,43,0,46,175,107,163,0,445,0,0,0,445
11/28/2010,PBI,FL,ASO,ES,Combined TRACON& Tower with Radar,172,152,255,0,579,0,4,66,0,70,172,156,321,0,649,0,0,0,649
11/29/2010,PBI,FL,ASO,ES,Combined TRACON& Tower with Radar,169,101,114,0,384,0,3,55,0,58,169,104,169,0,442,10,0,10,452
11/30/2010,PBI,FL,ASO,ES,Combined TRACON& Tower with Radar,155,69,94,3,321,0,1,62,0,63,155,70,156,3,384,10,0,10,394
12/01/2010,PBI,FL,ASO,ES,Combined TRACON& Tower with Radar,141,62,105,3,311,0,4,57,0,61,141,66,162,3,372,0,0,0,372
12/02/2010,PBI,FL,ASO,ES,Combined TRACON& Tower with Radar,159,77,116,0,352,0,0,98,0,98,159,77,214,0,450,0,0,0,450
12/03/2010,PBI,FL,ASO,ES,Combined TRACON& Tower with Radar,156,84,124,2,366,0,6,97,0,103,156,90,221,2,469,0,0,0,469
12/04/2010,PBI,FL,ASO,ES,Combined TRACON& Tower with Radar,136,50,59,0,245,0,4,64,0,68,136,54,123,0,313,0,0,0,313
12/05/2010,PBI,FL,ASO,ES,Combined TRACON& Tower with Radar,146,110,122,0,378,0,2,61,0,63,146,112,183,0,441,0,0,0,441
12/06/2010,PBI,FL,ASO,ES,Combined TRACON& Tower with Radar,153,75,109,0,337,0,1,71,0,72,153,76,180,0,409,0,0,0,409
12/07/2010,PBI,FL,ASO,ES,Combined TRACON& Tower with Radar,132,77,93,0,302,0,4,84,4,92,132,81,177,4,394,0,0,0,394
12/08/2010,PBI,FL,ASO,ES,Combined TRACON& Tower with Radar,136,59,93,0,288,0,3,71,0,74,136,62,164,0,362,0,0,0,362
12/09/2010,PBI,FL,ASO,ES,Combined TRACON& Tower with Radar,149,67,102,0,318,0,4,45,0,49,149,71,147,0,367,0,0,0,367
12/10/2010,PBI,FL,ASO,ES,Combined TRACON& Tower with Radar,160,69,113,6,348,0,4,78,0,82,160,73,191,6,430,0,0,0,430
12/11/2010,PBI,FL,ASO,ES,Combined TRACON& Tower with Radar,137,59,71,0,267,0,7,57,0,64,137,66,128,0,331,0,0,0,331
12/12/2010,PBI,FL,ASO,ES,Combined TRACON& Tower with Radar,125,61,87,1,274,0,1,43,0,44,125,62,130,1,318,0,0,0,318
12/13/2010,PBI,FL,ASO,ES,Combined TRACON& Tower with Radar,157,65,91,5,318,0,7,48,0,55,157,72,139,5,373,0,0,0,373
12/14/2010,PBI,FL,ASO,ES,Combined TRACON& Tower with Radar,138,56,87,2,283,0,2,57,2,61,138,58,144,4,344,0,0,0,344
12/15/2010,PBI,FL,ASO,ES,Combined TRACON& Tower with Radar,141,65,93,0,299,0,3,66,0,69,141,68,159,0,368,0,0,0,368
12/16/2010,PBI,FL,ASO,ES,Combined TRACON& Tower with Radar,167,86,110,4,367,0,12,85,0,97,167,98,195,4,464,0,0,0,464
12/17/2010,PBI,FL,ASO,ES,Combined TRACON& Tower with Radar,187,104,149,2,442,0,5,91,0,96,187,109,240,2,538,0,0,0,538
12/18/2010,PBI,FL,ASO,ES,Combined TRACON& Tower with Radar,174,108,119,0,401,0,1,29,0,30,174,109,148,0,431,0,0,0,431
12/19/2010,PBI,FL,ASO,ES,Combined TRACON& Tower with Radar,177,96,149,0,422,0,1,21,0,22,177,97,170,0,444,0,0,0,444
12/20/2010,PBI,FL,ASO,ES,Combined TRACON& Tower with Radar,179,78,118,2,377,0,3,70,0,73,179,81,188,2,450,0,0,0,450
12/21/2010,PBI,FL,ASO,ES,Combined TRACON& Tower with Radar,183,99,92,1,375,0,9,90,0,99,183,108,182,1,474,0,0,0,474
12/22/2010,PBI,FL,ASO,ES,Combined TRACON& Tower with Radar,191,106,140,9,446,0,3,73,0,76,191,109,213,9,522,0,0,0,522
12/23/2010,PBI,FL,ASO,ES,Combined TRACON& Tower with Radar,192,82,114,2,390,0,4,51,0,55,192,86,165,2,445,0,0,0,445
12/24/2010,PBI,FL,ASO,ES,Combined TRACON& Tower with Radar,180,60,62,0,302,0,2,40,0,42,180,62,102,0,344,0,0,0,344
12/25/2010,PBI,FL,ASO,ES,Combined TRACON& Tower with Radar,163,86,71,0,320,0,1,26,0,27,163,87,97,0,347,0,0,0,347
12/26/2010,PBI,FL,ASO,ES,Combined TRACON& Tower with Radar,133,183,263,1,580,0,11,33,2,46,133,194,296,3,626,0,0,0,626
12/27/2010,PBI,FL,ASO,ES,Combined TRACON& Tower with Radar,104,147,212,0,463,0,5,60,0,65,104,152,272,0,528,0,0,0,528
12/28/2010,PBI,FL,ASO,ES,Combined TRACON& Tower with Radar,153,182,217,0,552,0,3,95,0,98,153,185,312,0,650,0,0,0,650
12/29/2010,PBI,FL,ASO,ES,Combined TRACON& Tower with Radar,171,114,169,0,454,0,9,76,0,85,171,123,245,0,539,0,0,0,539
12/30/2010,PBI,FL,ASO,ES,Combined TRACON& Tower with Radar,191,121,191,0,503,0,12,57,2,71,191,133,248,2,574,0,0,0,574
12/31/2010,PBI,FL,ASO,ES,Combined TRACON& Tower with Radar,184,82,96,0,362,0,9,49,0,58,184,91,145,0,420,0,0,0,420
01/01/2011,PBI,FL,ASO,ES,Combined TRACON& Tower with Radar,172,156,119,0,447,0,9,46,0,55,172,165,165,0,502,0,0,0,502
01/02/2011,PBI,FL,ASO,ES,Combined TRACON& Tower with Radar,196,193,345,0,734,1,7,89,1,98,197,200,434,1,832,0,0,0,832
01/03/2011,PBI,FL,ASO,ES,Combined TRACON& Tower with Radar,183,114,174,0,471,0,6,75,0,81,183,120,249,0,552,0,0,0,552
01/04/2011,PBI,FL,ASO,ES,Combined TRACON& Tower with Radar,171,94,83,1,349,0,2,64,2,68,171,96,147,3,417,0,0,0,417
01/05/2011,PBI,FL,ASO,ES,Combined TRACON& Tower with Radar,155,70,114,2,341,0,5,71,2,78,155,75,185,4,419,0,0,0,419
01/06/2011,PBI,FL,ASO,ES,Combined TRACON& Tower with Radar,166,82,113,0,361,0,0,53,0,53,166,82,166,0,414,8,0,8,422
01/07/2011,PBI,FL,ASO,ES,Combined TRACON& Tower with Radar,166,72,120,1,359,0,3,78,1,82,166,75,198,2,441,0,0,0,441
01/08/2011,PBI,FL,ASO,ES,Combined TRACON& Tower with Radar,152,60,96,0,308,0,3,43,0,46,152,63,139,0,354,0,0,0,354
01/09/2011,PBI,FL,ASO,ES,Combined TRACON& Tower with Radar,156,88,145,6,395,0,4,54,5,63,156,92,199,11,458,0,0,0,458
01/10/2011,PBI,FL,ASO,ES,Combined TRACON& Tower with Radar,138,72,117,5,332,0,6,84,10,100,138,78,201,15,432,44,0,44,476
01/11/2011,PBI,FL,ASO,ES,Combined TRACON& Tower with Radar,116,66,100,2,284,0,3,48,0,51,116,69,148,2,335,0,0,0,335
01/12/2011,PBI,FL,ASO,ES,Combined TRACON& Tower with Radar,109,67,100,4,280,0,6,70,0,76,109,73,170,4,356,0,0,0,356
01/13/2011,PBI,FL,ASO,ES,Combined TRACON& Tower with Radar,165,108,148,3,424,0,2,72,0,74,165,110,220,3,498,0,0,0,498
01/14/2011,PBI,FL,ASO,ES,Combined TRACON& Tower with Radar,178,169,220,3,570,0,2,103,3,108,178,171,323,6,678,82,0,82,760
01/15/2011,PBI,FL,ASO,ES,Combined TRACON& Tower with Radar,153,71,87,0,311,0,2,73,0,75,153,73,160,0,386,33,0,33,419
01/16/2011,PBI,FL,ASO,ES,Combined TRACON& Tower with Radar,161,74,102,4,341,0,5,47,0,52,161,79,149,4,393,0,0,0,393
01/17/2011,PBI,FL,ASO,ES,Combined TRACON& Tower with Radar,170,176,240,1,587,0,2,35,0,37,170,178,275,1,624,0,0,0,624
01/18/2011,PBI,FL,ASO,ES,Combined TRACON& Tower with Radar,155,63,140,0,358,0,7,98,0,105,155,70,238,0,463,6,0,6,469
01/19/2011,PBI,FL,ASO,ES,Combined TRACON& Tower with Radar,159,72,152,3,386,0,1,48,0,49,159,73,200,3,435,0,0,0,435
01/20/2011,PBI,FL,ASO,ES,Combined TRACON& Tower with Radar,168,108,193,0,469,0,6,105,0,111,168,114,298,0,580,0,0,0,580
01/21/2011,PBI,FL,ASO,ES,Combined TRACON& Tower with Radar,180,88,160,4,432,0,1,56,0,57,180,89,216,4,489,40,0,40,529
01/22/2011,PBI,FL,ASO,ES,Combined TRACON& Tower with Radar,155,76,104,1,336,0,6,37,0,43,155,82,141,1,379,0,0,0,379
01/23/2011,PBI,FL,ASO,ES,Combined TRACON& Tower with Radar,168,109,163,0,440,0,4,93,1,98,168,113,256,1,538,6,0,6,544
01/24/2011,PBI,FL,ASO,ES,Combined TRACON& Tower with Radar,169,70,138,0,377,0,3,50,0,53,169,73,188,0,430,14,0,14,444
01/25/2011,PBI,FL,ASO,ES,Combined TRACON& Tower with Radar,162,75,98,0,335,0,2,57,0,59,162,77,155,0,394,8,0,8,402
01/26/2011,PBI,FL,ASO,ES,Combined TRACON& Tower with Radar,141,123,134,1,399,0,5,60,1,66,141,128,194,2,465,0,0,0,465
01/27/2011,PBI,FL,ASO,ES,Combined TRACON& Tower with Radar,134,107,134,4,379,0,2,91,4,97,134,109,225,8,476,10,0,10,486
01/28/2011,PBI,FL,ASO,ES,Combined TRACON& Tower with Radar,174,116,167,6,463,0,1,94,4,99,174,117,261,10,562,24,0,24,586
01/29/2011,PBI,FL,ASO,ES,Combined TRACON& Tower with Radar,156,62,82,1,301,0,1,62,1,64,156,63,144,2,365,0,0,0,365
01/30/2011,PBI,FL,ASO,ES,Combined TRACON& Tower with Radar,164,111,184,3,462,0,2,57,4,63,164,113,241,7,525,0,0,0,525
01/31/2011,PBI,FL,ASO,ES,Combined TRACON& Tower with Radar,169,84,111,2,366,0,3,66,0,69,169,87,177,2,435,0,0,0,435
02/01/2011,PBI,FL,ASO,ES,Combined TRACON& Tower with Radar,99,59,127,2,287,0,5,94,0,99,99,64,221,2,386,21,0,21,407
02/02/2011,PBI,FL,ASO,ES,Combined TRACON& Tower with Radar,115,50,96,2,263,0,4,78,1,83,115,54,174,3,346,0,0,0,346
02/03/2011,PBI,FL,ASO,ES,Combined TRACON& Tower with Radar,166,124,199,0,489,0,1,50,0,51,166,125,249,0,540,6,0,6,546
02/04/2011,PBI,FL,ASO,ES,Combined TRACON& Tower with Radar,174,111,183,6,474,0,5,77,0,82,174,116,260,6,556,0,0,0,556
02/05/2011,PBI,FL,ASO,ES,Combined TRACON& Tower with Radar,154,58,103,0,315,0,4,40,0,44,154,62,143,0,359,4,0,4,363
02/06/2011,PBI,FL,ASO,ES,Combined TRACON& Tower with Radar,165,110,161,0,436,0,6,36,0,42,165,116,197,0,478,6,0,6,484
02/07/2011,PBI,FL,ASO,ES,Combined TRACON& Tower with Radar,167,106,218,0,491,0,7,70,0,77,167,113,288,0,568,10,0,10,578
02/08/2011,PBI,FL,ASO,ES,Combined TRACON& Tower with Radar,159,81,94,2,336,0,22,114,3,139,159,103,208,5,475,6,4,10,485
02/09/2011,PBI,FL,ASO,ES,Combined TRACON& Tower with Radar,157,97,139,2,395,0,4,72,0,76,157,101,211,2,471,0,0,0,471
02/10/2011,PBI,FL,ASO,ES,Combined TRACON& Tower with Radar,172,116,161,0,449,0,8,52,1,61,172,124,213,1,510,0,0,0,510
02/11/2011,PBI,FL,ASO,ES,Combined TRACON& Tower with Radar,176,133,190,0,499,0,4,17,0,21,176,137,207,0,520,0,0,0,520
02/12/2011,PBI,FL,ASO,ES,Combined TRACON& Tower with Radar,163,65,84,2,314,0,8,54,0,62,163,73,138,2,376,0,0,0,376
02/13/2011,PBI,FL,ASO,ES,Combined TRACON& Tower with Radar,168,133,154,0,455,0,10,56,0,66,168,143,210,0,521,0,0,0,521
02/14/2011,PBI,FL,ASO,ES,Combined TRACON& Tower with Radar,172,77,147,2,398,0,6,57,2,65,172,83,204,4,463,0,0,0,463
02/15/2011,PBI,FL,ASO,ES,Combined TRACON& Tower with Radar,164,94,116,0,374,0,2,73,0,75,164,96,189,0,449,17,0,17,466
02/16/2011,PBI,FL,ASO,ES,Combined TRACON& Tower with Radar,163,117,151,2,433,0,15,120,2,137,163,132,271,4,570,32,0,32,602
02/17/2011,PBI,FL,ASO,ES,Combined TRACON& Tower with Radar,190,169,200,0,559,0,9,109,0,118,190,178,309,0,677,12,0,12,689
02/18/2011,PBI,FL,ASO,ES,Combined TRACON& Tower with Radar,203,198,258,0,659,0,5,91,0,96,203,203,349,0,755,27,0,27,782
02/19/2011,PBI,FL,ASO,ES,Combined TRACON& Tower with Radar,187,99,161,0,447,0,6,61,0,67,187,105,222,0,514,0,0,0,514
02/20/2011,PBI,FL,ASO,ES,Combined TRACON& Tower with Radar,184,120,162,0,466,0,10,87,0,97,184,130,249,0,563,0,0,0,563
02/21/2011,PBI,FL,ASO,ES,Combined TRACON& Tower with Radar,202,148,250,0,600,0,3,79,3,85,202,151,329,3,685,16,0,16,701
02/22/2011,PBI,FL,ASO,ES,Combined TRACON& Tower with Radar,195,127,171,2,495,0,2,64,0,66,195,129,235,2,561,0,0,0,561
02/23/2011,PBI,FL,ASO,ES,Combined TRACON& Tower with Radar,191,103,185,9,488,0,2,75,2,79,191,105,260,11,567,0,0,0,567
02/24/2011,PBI,FL,ASO,ES,Combined TRACON& Tower with Radar,199,120,184,4,507,0,4,87,0,91,199,124,271,4,598,14,0,14,612
02/25/2011,PBI,FL,ASO,ES,Combined TRACON& Tower with Radar,186,128,165,3,482,0,9,95,5,109,186,137,260,8,591,16,0,16,607
02/26/2011,PBI,FL,ASO,ES,Combined TRACON& Tower with Radar,193,80,140,0,413,0,9,49,0,58,193,89,189,0,471,0,0,0,471
02/27/2011,PBI,FL,ASO,ES,Combined TRACON& Tower with Radar,189,174,198,0,561,0,6,164,0,170,189,180,362,0,731,0,0,0,731
02/28/2011,PBI,FL,ASO,ES,Combined TRACON& Tower with Radar,189,104,147,2,442,0,11,74,0,85,189,115,221,2,527,35,1,36,563
03/01/2011,PBI,FL,ASO,ES,Combined TRACON& Tower with Radar,202,90,126,3,421,0,3,47,1,51,202,93,173,4,472,0,0,0,472
03/02/2011,PBI,FL,ASO,ES,Combined TRACON& Tower with Radar,187,101,134,3,425,0,7,82,1,90,187,108,216,4,515,21,3,24,539
03/03/2011,PBI,FL,ASO,ES,Combined TRACON& Tower with Radar,196,114,165,4,479,0,3,88,0,91,196,117,253,4,570,0,0,0,570
03/04/2011,PBI,FL,ASO,ES,Combined TRACON& Tower with Radar,196,126,165,5,492,0,5,68,1,74,196,131,233,6,566,0,0,0,566
03/05/2011,PBI,FL,ASO,ES,Combined TRACON& Tower with Radar,183,74,114,3,374,0,6,41,0,47,183,80,155,3,421,0,0,0,421
03/06/2011,PBI,FL,ASO,ES,Combined TRACON& Tower with Radar,187,145,233,4,569,0,3,49,2,54,187,148,282,6,623,0,0,0,623
03/07/2011,PBI,FL,ASO,ES,Combined TRACON& Tower with Radar,200,117,187,1,505,0,5,87,3,95,200,122,274,4,600,36,0,36,636
03/08/2011,PBI,FL,ASO,ES,Combined TRACON& Tower with Radar,184,79,156,5,424,0,5,162,2,169,184,84,318,7,593,0,0,0,593
03/09/2011,PBI,FL,ASO,ES,Combined TRACON& Tower with Radar,182,83,148,8,421,0,3,77,1,81,182,86,225,9,502,0,0,0,502
03/10/2011,PBI,FL,ASO,ES,Combined TRACON& Tower with Radar,200,116,167,0,483,0,5,59,5,69,200,121,226,5,552,0,0,0,552
03/11/2011,PBI,FL,ASO,ES,Combined TRACON& Tower with Radar,204,146,200,0,550,0,4,101,2,107,204,150,301,2,657,0,0,0,657
03/12/2011,PBI,FL,ASO,ES,Combined TRACON& Tower with Radar,193,108,167,3,471,0,11,95,1,107,193,119,262,4,578,46,0,46,624
03/13/2011,PBI,FL,ASO,ES,Combined TRACON& Tower with Radar,190,135,210,1,536,0,5,67,0,72,190,140,277,1,608,0,0,0,608
03/14/2011,PBI,FL,ASO,ES,Combined TRACON& Tower with Radar,193,91,172,2,458,0,4,110,2,116,193,95,282,4,574,39,0,39,613
03/15/2011,PBI,FL,ASO,ES,Combined TRACON& Tower with Radar,187,88,138,2,415,0,3,96,2,101,187,91,234,4,516,18,0,18,534
03/16/2011,PBI,FL,ASO,ES,Combined TRACON& Tower with Radar,191,79,147,2,419,0,8,82,1,91,191,87,229,3,510,0,0,0,510
03/17/2011,PBI,FL,ASO,ES,Combined TRACON& Tower with Radar,201,129,161,7,498,0,7,88,1,96,201,136,249,8,594,10,0,10,604
03/18/2011,PBI,FL,ASO,ES,Combined TRACON& Tower with Radar,193,146,181,1,521,0,4,92,3,99,193,150,273,4,620,0,0,0,620
03/19/2011,PBI,FL,ASO,ES,Combined TRACON& Tower with Radar,189,121,144,4,458,0,10,70,3,83,189,131,214,7,541,0,0,0,541
03/20/2011,PBI,FL,ASO,ES,Combined TRACON& Tower with Radar,193,189,234,1,617,0,5,82,5,92,193,194,316,6,709,0,0,0,709
03/21/2011,PBI,FL,ASO,ES,Combined TRACON& Tower with Radar,191,103,145,2,441,0,9,119,2,130,191,112,264,4,571,8,0,8,579
03/22/2011,PBI,FL,ASO,ES,Combined TRACON& Tower with Radar,197,83,128,6,414,0,3,87,0,90,197,86,215,6,504,0,0,0,504
03/23/2011,PBI,FL,ASO,ES,Combined TRACON& Tower with Radar,188,95,137,0,420,0,5,74,0,79,188,100,211,0,499,14,0,14,513
03/24/2011,PBI,FL,ASO,ES,Combined TRACON& Tower with Radar,210,130,192,3,535,0,6,62,2,70,210,136,254,5,605,0,0,0,605
03/25/2011,PBI,FL,ASO,ES,Combined TRACON& Tower with Radar,202,162,192,1,557,0,5,109,1,115,202,167,301,2,672,0,0,0,672
03/26/2011,PBI,FL,ASO,ES,Combined TRACON& Tower with Radar,192,88,146,1,427,0,3,140,1,144,192,91,286,2,571,0,0,0,571
03/27/2011,PBI,FL,ASO,ES,Combined TRACON& Tower with Radar,191,155,221,1,568,17,8,74,0,99,208,163,295,1,667,0,0,0,667
03/28/2011,PBI,FL,ASO,ES,Combined TRACON& Tower with Radar,213,104,119,0,436,0,5,36,2,43,213,109,155,2,479,0,0,0,479
03/29/2011,PBI,FL,ASO,ES,Combined TRACON& Tower with Radar,195,61,126,4,386,0,5,62,1,68,195,66,188,5,454,0,0,0,454
03/30/2011,PBI,FL,ASO,ES,Combined TRACON& Tower with Radar,189,80,121,2,392,25,9,64,0,98,214,89,185,2,490,0,0,0,490
03/31/2011,PBI,FL,ASO,ES,Combined TRACON& Tower with Radar,198,97,118,5,418,0,6,60,0,66,198,103,178,5,484,0,0,0,484
04/01/2011,PBI,FL,ASO,ES,Combined TRACON& Tower with Radar,201,92,149,7,449,0,8,73,2,83,201,100,222,9,532,0,0,0,532
04/02/2011,PBI,FL,ASO,ES,Combined TRACON& Tower with Radar,188,98,121,2,409,0,8,70,0,78,188,106,191,2,487,0,0,0,487
04/03/2011,PBI,FL,ASO,ES,Combined TRACON& Tower with Radar,184,148,177,1,510,0,5,70,2,77,184,153,247,3,587,0,0,0,587
04/04/2011,PBI,FL,ASO,ES,Combined TRACON& Tower with Radar,200,83,131,1,415,0,3,70,0,73,200,86,201,1,488,0,0,0,488
04/05/2011,PBI,FL,ASO,ES,Combined TRACON& Tower with Radar,186,84,110,1,381,0,0,38,7,45,186,84,148,8,426,0,0,0,426
04/06/2011,PBI,FL,ASO,ES,Combined TRACON& Tower with Radar,181,88,116,0,385,0,5,87,0,92,181,93,203,0,477,0,0,0,477
04/07/2011,PBI,FL,ASO,ES,Combined TRACON& Tower with Radar,188,93,147,0,428,0,6,87,1,94,188,99,234,1,522,0,0,0,522
04/08/2011,PBI,FL,ASO,ES,Combined TRACON& Tower with Radar,195,99,133,0,427,0,6,120,0,126,195,105,253,0,553,0,0,0,553
04/09/2011,PBI,FL,ASO,ES,Combined TRACON& Tower with Radar,184,78,120,1,383,0,7,81,0,88,184,85,201,1,471,0,0,0,471
04/10/2011,PBI,FL,ASO,ES,Combined TRACON& Tower with Radar,185,108,154,1,448,0,12,92,0,104,185,120,246,1,552,0,0,0,552
04/11/2011,PBI,FL,ASO,ES,Combined TRACON& Tower with Radar,189,88,124,3,404,0,8,81,1,90,189,96,205,4,494,0,0,0,494
04/12/2011,PBI,FL,ASO,ES,Combined TRACON& Tower with Radar,180,55,85,1,321,0,5,71,0,76,180,60,156,1,397,0,0,0,397
04/13/2011,PBI,FL,ASO,ES,Combined TRACON& Tower with Radar,178,82,109,0,369,0,7,73,0,80,178,89,182,0,449,0,0,0,449
04/14/2011,PBI,FL,ASO,ES,Combined TRACON& Tower with Radar,189,79,140,4,412,0,2,88,0,90,189,81,228,4,502,12,0,12,514
04/15/2011,PBI,FL,ASO,ES,Combined TRACON& Tower with Radar,190,109,165,3,467,0,3,68,1,72,190,112,233,4,539,0,0,0,539
04/16/2011,PBI,FL,ASO,ES,Combined TRACON& Tower with Radar,185,83,134,0,402,0,6,50,0,56,185,89,184,0,458,0,0,0,458
04/17/2011,PBI,FL,ASO,ES,Combined TRACON& Tower with Radar,192,111,155,2,460,0,4,55,0,59,192,115,210,2,519,0,0,0,519
04/18/2011,PBI,FL,ASO,ES,Combined TRACON& Tower with Radar,122,44,88,0,254,0,2,49,0,51,122,46,137,0,305,0,0,0,305
04/19/2011,PBI,FL,ASO,ES,Combined TRACON& Tower with Radar,184,93,109,2,388,0,6,96,5,107,184,99,205,7,495,16,0,16,511
04/20/2011,PBI,FL,ASO,ES,Combined TRACON& Tower with Radar,179,133,133,0,445,0,7,89,2,98,179,140,222,2,543,0,0,0,543
04/21/2011,PBI,FL,ASO,ES,Combined TRACON& Tower with Radar,188,154,181,3,526,0,9,93,4,106,188,163,274,7,632,36,0,36,668
04/22/2011,PBI,FL,ASO,ES,Combined TRACON& Tower with Radar,195,85,115,2,397,2,2,109,0,113,197,87,224,2,510,25,0,25,535
04/23/2011,PBI,FL,ASO,ES,Combined TRACON& Tower with Radar,184,80,94,0,358,0,4,54,0,58,184,84,148,0,416,0,0,0,416
04/24/2011,PBI,FL,ASO,ES,Combined TRACON& Tower with Radar,178,155,166,2,501,0,6,62,0,68,178,161,228,2,569,0,0,0,569
04/25/2011,PBI,FL,ASO,ES,Combined TRACON& Tower with Radar,192,114,164,0,470,1,2,80,0,83,193,116,244,0,553,0,0,0,553
04/26/2011,PBI,FL,ASO,ES,Combined TRACON& Tower with Radar,173,96,102,1,372,0,4,72,0,76,173,100,174,1,448,0,0,0,448
04/27/2011,PBI,FL,ASO,ES,Combined TRACON& Tower with Radar,173,100,96,5,374,0,3,83,4,90,173,103,179,9,464,0,0,0,464
04/28/2011,PBI,FL,ASO,ES,Combined TRACON& Tower with Radar,170,78,121,7,376,0,2,64,1,67,170,80,185,8,443,0,0,0,443
04/29/2011,PBI,FL,ASO,ES,Combined TRACON& Tower with Radar,211,94,138,4,447,0,8,58,0,66,211,102,196,4,513,0,0,0,513
04/30/2011,PBI,FL,ASO,ES,Combined TRACON& Tower with Radar,185,63,98,1,347,0,4,39,3,46,185,67,137,4,393,0,0,0,393
05/01/2011,PBI,FL,ASO,ES,Combined TRACON& Tower with Radar,171,97,136,5,409,0,3,57,3,63,171,100,193,8,472,0,0,0,472
05/02/2011,PBI,FL,ASO,ES,Combined TRACON& Tower with Radar,169,60,107,8,344,0,1,58,4,63,169,61,165,12,407,0,0,0,407
05/03/2011,PBI,FL,ASO,ES,Combined TRACON& Tower with Radar,139,66,78,5,288,0,6,57,0,63,139,72,135,5,351,0,0,0,351
05/04/2011,PBI,FL,ASO,ES,Combined TRACON& Tower with Radar,137,72,103,1,313,0,4,75,0,79,137,76,178,1,392,0,0,0,392
05/05/2011,PBI,FL,ASO,ES,Combined TRACON& Tower with Radar,131,93,98,0,322,0,11,44,0,55,131,104,142,0,377,6,0,6,383
05/06/2011,PBI,FL,ASO,ES,Combined TRACON& Tower with Radar,134,88,94,0,316,0,6,43,0,49,134,94,137,0,365,0,0,0,365
05/07/2011,PBI,FL,ASO,ES,Combined TRACON& Tower with Radar,127,72,71,0,270,0,2,67,0,69,127,74,138,0,339,0,0,0,339
05/08/2011,PBI,FL,ASO,ES,Combined TRACON& Tower with Radar,121,71,94,0,286,0,5,54,0,59,121,76,148,0,345,0,0,0,345
05/09/2011,PBI,FL,ASO,ES,Combined TRACON& Tower with Radar,131,64,90,9,294,0,12,52,6,70,131,76,142,15,364,0,0,0,364
05/10/2011,PBI,FL,ASO,ES,Combined TRACON& Tower with Radar,124,53,87,2,266,0,11,77,0,88,124,64,164,2,354,0,0,0,354
05/11/2011,PBI,FL,ASO,ES,Combined TRACON& Tower with Radar,120,69,105,3,297,0,23,82,0,105,120,92,187,3,402,20,0,20,422
05/12/2011,PBI,FL,ASO,ES,Combined TRACON& Tower with Radar,133,69,99,3,304,1,10,75,3,89,134,79,174,6,393,0,0,0,393
05/13/2011,PBI,FL,ASO,ES,Combined TRACON& Tower with Radar,130,62,91,2,285,0,9,67,2,78,130,71,158,4,363,0,0,0,363
05/14/2011,PBI,FL,ASO,ES,Combined TRACON& Tower with Radar,130,55,86,1,272,0,0,40,0,40,130,55,126,1,312,0,0,0,312
05/15/2011,PBI,FL,ASO,ES,Combined TRACON& Tower with Radar,121,70,105,0,296,0,5,48,0,53,121,75,153,0,349,0,0,0,349
05/16/2011,PBI,FL,ASO,ES,Combined TRACON& Tower with Radar,131,68,97,0,296,0,8,74,1,83,131,76,171,1,379,35,0,35,414
05/17/2011,PBI,FL,ASO,ES,Combined TRACON& Tower with Radar,122,53,74,2,251,0,6,67,0,73,122,59,141,2,324,0,0,0,324
05/18/2011,PBI,FL,ASO,ES,Combined TRACON& Tower with Radar,127,51,108,5,291,0,3,75,2,80,127,54,183,7,371,0,0,0,371
05/19/2011,PBI,FL,ASO,ES,Combined TRACON& Tower with Radar,134,72,129,3,338,0,4,77,2,83,134,76,206,5,421,0,0,0,421
05/20/2011,PBI,FL,ASO,ES,Combined TRACON& Tower with Radar,136,70,90,1,297,0,14,73,0,87,136,84,163,1,384,0,0,0,384
05/21/2011,PBI,FL,ASO,ES,Combined TRACON& Tower with Radar,125,55,54,0,234,0,8,54,0,62,125,63,108,0,296,0,0,0,296
05/22/2011,PBI,FL,ASO,ES,Combined TRACON& Tower with Radar,120,51,94,1,266,0,1,49,0,50,120,52,143,1,316,0,0,0,316
05/23/2011,PBI,FL,ASO,ES,Combined TRACON& Tower with Radar,129,61,104,0,294,0,7,64,1,72,129,68,168,1,366,0,0,0,366
05/24/2011,PBI,FL,ASO,ES,Combined TRACON& Tower with Radar,125,55,88,0,268,0,5,101,3,109,125,60,189,3,377,0,0,0,377
05/25/2011,PBI,FL,ASO,ES,Combined TRACON& Tower with Radar,126,47,72,6,251,0,7,82,4,93,126,54,154,10,344,0,0,0,344
05/26/2011,PBI,FL,ASO,ES,Combined TRACON& Tower with Radar,130,57,108,6,301,0,13,76,7,96,130,70,184,13,397,0,0,0,397
05/27/2011,PBI,FL,ASO,ES,Combined TRACON& Tower with Radar,135,63,134,4,336,0,18,78,4,100,135,81,212,8,436,0,0,0,436
05/28/2011,PBI,FL,ASO,ES,Combined TRACON& Tower with Radar,124,33,46,0,203,1,2,54,0,57,125,35,100,0,260,0,0,0,260
05/29/2011,PBI,FL,ASO,ES,Combined TRACON& Tower with Radar,109,36,54,0,199,0,3,52,1,56,109,39,106,1,255,0,0,0,255
05/30/2011,PBI,FL,ASO,ES,Combined TRACON& Tower with Radar,124,63,117,0,304,0,7,99,0,106,124,70,216,0,410,0,0,0,410
05/31/2011,PBI,FL,ASO,ES,Combined TRACON& Tower with Radar,125,59,92,1,277,0,8,73,5,86,125,67,165,6,363,0,0,0,363
06/01/2011,PBI,FL,ASO,ES,Combined TRACON& Tower with Radar,129,55,71,5,260,0,13,72,2,87,129,68,143,7,347,0,0,0,347
06/02/2011,PBI,FL,ASO,ES,Combined TRACON& Tower with Radar,128,42,62,2,234,0,11,77,2,90,128,53,139,4,324,2,3,5,329
06/03/2011,PBI,FL,ASO,ES,Combined TRACON& Tower with Radar,131,57,83,2,273,0,17,78,0,95,131,74,161,2,368,12,0,12,380
06/04/2011,PBI,FL,ASO,ES,Combined TRACON& Tower with Radar,119,38,51,0,208,0,6,66,0,72,119,44,117,0,280,0,0,0,280
06/05/2011,PBI,FL,ASO,ES,Combined TRACON& Tower with Radar,115,51,76,2,244,0,7,60,2,69,115,58,136,4,313,0,0,0,313
06/06/2011,PBI,FL,ASO,ES,Combined TRACON& Tower with Radar,127,49,85,0,261,0,6,73,0,79,127,55,158,0,340,0,0,0,340
06/07/2011,PBI,FL,ASO,ES,Combined TRACON& Tower with Radar,119,36,55,0,210,0,12,70,1,83,119,48,125,1,293,0,0,0,293
06/08/2011,PBI,FL,ASO,ES,Combined TRACON& Tower with Radar,120,42,67,0,229,0,11,75,4,90,120,53,142,4,319,0,0,0,319
06/09/2011,PBI,FL,ASO,ES,Combined TRACON& Tower with Radar,117,44,83,5,249,0,9,89,2,100,117,53,172,7,349,10,0,10,359
06/10/2011,PBI,FL,ASO,ES,Combined TRACON& Tower with Radar,123,32,85,7,247,0,7,67,1,75,123,39,152,8,322,0,0,0,322
06/11/2011,PBI,FL,ASO,ES,Combined TRACON& Tower with Radar,118,35,48,5,206,0,8,45,0,53,118,43,93,5,259,0,0,0,259
06/12/2011,PBI,FL,ASO,ES,Combined TRACON& Tower with Radar,120,46,106,1,273,0,9,46,0,55,120,55,152,1,328,0,0,0,328
06/13/2011,PBI,FL,ASO,ES,Combined TRACON& Tower with Radar,138,53,99,0,290,0,10,98,0,108,138,63,197,0,398,0,0,0,398
06/14/2011,PBI,FL,ASO,ES,Combined TRACON& Tower with Radar,131,36,66,2,235,0,6,54,5,65,131,42,120,7,300,0,0,0,300
06/15/2011,PBI,FL,ASO,ES,Combined TRACON& Tower with Radar,119,52,94,4,269,0,6,40,0,46,119,58,134,4,315,0,0,0,315
06/16/2011,PBI,FL,ASO,ES,Combined TRACON& Tower with Radar,123,52,100,1,276,0,13,98,2,113,123,65,198,3,389,0,0,0,389
06/17/2011,PBI,FL,ASO,ES,Combined TRACON& Tower with Radar,117,54,71,4,246,0,7,78,4,89,117,61,149,8,335,0,0,0,335
06/18/2011,PBI,FL,ASO,ES,Combined TRACON& Tower with Radar,120,38,67,5,230,0,6,63,1,70,120,44,130,6,300,0,0,0,300
06/19/2011,PBI,FL,ASO,ES,Combined TRACON& Tower with Radar,125,40,55,0,220,0,3,56,0,59,125,43,111,0,279,0,0,0,279
06/20/2011,PBI,FL,ASO,ES,Combined TRACON& Tower with Radar,122,36,65,5,228,0,8,74,1,83,122,44,139,6,311,0,0,0,311
06/21/2011,PBI,FL,ASO,ES,Combined TRACON& Tower with Radar,123,39,69,1,232,0,8,94,2,104,123,47,163,3,336,0,0,0,336
06/22/2011,PBI,FL,ASO,ES,Combined TRACON& Tower with Radar,117,36,44,3,200,0,10,55,0,65,117,46,99,3,265,0,0,0,265
06/23/2011,PBI,FL,ASO,ES,Combined TRACON& Tower with Radar,127,45,56,6,234,0,6,54,0,60,127,51,110,6,294,0,0,0,294
06/24/2011,PBI,FL,ASO,ES,Combined TRACON& Tower with Radar,126,48,67,2,243,0,4,68,2,74,126,52,135,4,317,0,0,0,317
06/25/2011,PBI,FL,ASO,ES,Combined TRACON& Tower with Radar,119,50,39,16,224,1,4,45,7,57,120,54,84,23,281,25,8,33,314
06/26/2011,PBI,FL,ASO,ES,Combined TRACON& Tower with Radar,112,48,71,0,231,0,5,38,2,45,112,53,109,2,276,0,0,0,276
06/27/2011,PBI,FL,ASO,ES,Combined TRACON& Tower with Radar,126,32,69,4,231,0,7,69,0,76,126,39,138,4,307,29,0,29,336
06/28/2011,PBI,FL,ASO,ES,Combined TRACON& Tower with Radar,115,44,65,8,232,0,15,49,0,64,115,59,114,8,296,0,0,0,296
06/29/2011,PBI,FL,ASO,ES,Combined TRACON& Tower with Radar,123,36,57,2,218,0,4,52,2,58,123,40,109,4,276,0,0,0,276
06/30/2011,PBI,FL,ASO,ES,Combined TRACON& Tower with Radar,167,67,78,2,314,1,6,70,0,77,168,73,148,2,391,0,0,0,391
07/01/2011,PBI,FL,ASO,ES,Combined TRACON& Tower with Radar,126,60,88,3,277,0,8,60,0,68,126,68,148,3,345,0,0,0,345
07/02/2011,PBI,FL,ASO,ES,Combined TRACON& Tower with Radar,113,46,48,0,207,0,8,60,0,68,113,54,108,0,275,0,0,0,275
07/03/2011,PBI,FL,ASO,ES,Combined TRACON& Tower with Radar,92,29,29,0,150,0,4,42,0,46,92,33,71,0,196,0,0,0,196
07/04/2011,PBI,FL,ASO,ES,Combined TRACON& Tower with Radar,113,26,55,0,194,0,5,74,0,79,113,31,129,0,273,0,0,0,273
07/05/2011,PBI,FL,ASO,ES,Combined TRACON& Tower with Radar,120,41,53,1,215,0,11,108,2,121,120,52,161,3,336,0,0,0,336
07/06/2011,PBI,FL,ASO,ES,Combined TRACON& Tower with Radar,119,44,43,5,211,0,9,45,2,56,119,53,88,7,267,0,0,0,267
07/07/2011,PBI,FL,ASO,ES,Combined TRACON& Tower with Radar,125,45,51,10,231,0,8,33,1,42,125,53,84,11,273,0,0,0,273
07/08/2011,PBI,FL,ASO,ES,Combined TRACON& Tower with Radar,128,39,52,4,223,0,5,59,4,68,128,44,111,8,291,0,0,0,291
07/09/2011,PBI,FL,ASO,ES,Combined TRACON& Tower with Radar,126,28,39,0,193,0,4,42,0,46,126,32,81,0,239,0,0,0,239
07/10/2011,PBI,FL,ASO,ES,Combined TRACON& Tower with Radar,112,34,39,0,185,0,7,59,2,68,112,41,98,2,253,0,0,0,253
07/11/2011,PBI,FL,ASO,ES,Combined TRACON& Tower with Radar,123,35,55,0,213,0,9,65,2,76,123,44,120,2,289,0,0,0,289
07/12/2011,PBI,FL,ASO,ES,Combined TRACON& Tower with Radar,114,41,44,0,199,0,8,64,1,73,114,49,108,1,272,0,0,0,272
07/13/2011,PBI,FL,ASO,ES,Combined TRACON& Tower with Radar,118,32,47,1,198,0,11,74,0,85,118,43,121,1,283,0,0,0,283
07/14/2011,PBI,FL,ASO,ES,Combined TRACON& Tower with Radar,125,55,53,2,235,0,12,85,5,102,125,67,138,7,337,0,0,0,337
07/15/2011,PBI,FL,ASO,ES,Combined TRACON& Tower with Radar,127,38,88,5,258,0,7,89,3,99,127,45,177,8,357,0,0,0,357
07/16/2011,PBI,FL,ASO,ES,Combined TRACON& Tower with Radar,116,32,46,0,194,0,4,42,0,46,116,36,88,0,240,0,0,0,240
07/17/2011,PBI,FL,ASO,ES,Combined TRACON& Tower with Radar,123,32,53,2,210,0,0,42,0,42,123,32,95,2,252,0,0,0,252
07/18/2011,PBI,FL,ASO,ES,Combined TRACON& Tower with Radar,122,40,71,0,233,0,4,50,2,56,122,44,121,2,289,10,0,10,299
07/19/2011,PBI,FL,ASO,ES,Combined TRACON& Tower with Radar,119,39,51,2,211,0,9,64,0,73,119,48,115,2,284,8,0,8,292
07/20/2011,PBI,FL,ASO,ES,Combined TRACON& Tower with Radar,128,39,77,2,246,0,10,102,8,120,128,49,179,10,366,27,2,29,395
07/21/2011,PBI,FL,ASO,ES,Combined TRACON& Tower with Radar,125,42,66,0,233,0,13,72,4,89,125,55,138,4,322,0,0,0,322
07/22/2011,PBI,FL,ASO,ES,Combined TRACON& Tower with Radar,124,41,58,3,226,0,4,64,2,70,124,45,122,5,296,0,0,0,296
07/23/2011,PBI,FL,ASO,ES,Combined TRACON& Tower with Radar,121,44,61,0,226,0,5,48,0,53,121,49,109,0,279,0,0,0,279
07/24/2011,PBI,FL,ASO,ES,Combined TRACON& Tower with Radar,113,39,64,0,216,0,2,53,0,55,113,41,117,0,271,0,0,0,271
07/25/2011,PBI,FL,ASO,ES,Combined TRACON& Tower with Radar,118,46,73,3,240,0,7,57,0,64,118,53,130,3,304,0,0,0,304
07/26/2011,PBI,FL,ASO,ES,Combined TRACON& Tower with Radar,125,46,50,7,228,0,3,42,3,48,125,49,92,10,276,0,0,0,276
07/27/2011,PBI,FL,ASO,ES,Combined TRACON& Tower with Radar,118,42,59,0,219,0,9,57,0,66,118,51,116,0,285,0,0,0,285
07/28/2011,PBI,FL,ASO,ES,Combined TRACON& Tower with Radar,128,35,47,0,210,0,3,67,0,70,128,38,114,0,280,6,0,6,286
07/29/2011,PBI,FL,ASO,ES,Combined TRACON& Tower with Radar,123,48,81,3,255,0,14,74,0,88,123,62,155,3,343,0,0,0,343
07/30/2011,PBI,FL,ASO,ES,Combined TRACON& Tower with Radar,114,38,37,0,189,0,9,56,0,65,114,47,93,0,254,6,0,6,260
07/31/2011,PBI,FL,ASO,ES,Combined TRACON& Tower with Radar,122,58,58,2,240,0,4,62,5,71,122,62,120,7,311,0,0,0,311
08/01/2011,PBI,FL,ASO,ES,Combined TRACON& Tower with Radar,117,48,67,1,233,0,3,44,1,48,117,51,111,2,281,0,0,0,281
08/02/2011,PBI,FL,ASO,ES,Combined TRACON& Tower with Radar,125,43,60,1,229,0,2,76,3,81,125,45,136,4,310,0,0,0,310
08/03/2011,PBI,FL,ASO,ES,Combined TRACON& Tower with Radar,122,47,61,0,230,0,4,65,6,75,122,51,126,6,305,26,0,26,331
08/04/2011,PBI,FL,ASO,ES,Combined TRACON& Tower with Radar,127,42,82,0,251,0,5,85,2,92,127,47,167,2,343,0,0,0,343
08/05/2011,PBI,FL,ASO,ES,Combined TRACON& Tower with Radar,125,39,65,0,229,0,5,61,0,66,125,44,126,0,295,0,0,0,295
08/06/2011,PBI,FL,ASO,ES,Combined TRACON& Tower with Radar,116,28,32,0,176,0,4,21,0,25,116,32,53,0,201,0,0,0,201
08/07/2011,PBI,FL,ASO,ES,Combined TRACON& Tower with Radar,137,50,57,1,245,0,4,41,7,52,137,54,98,8,297,24,0,24,321
08/08/2011,PBI,FL,ASO,ES,Combined TRACON& Tower with Radar,119,41,48,2,210,0,3,53,0,56,119,44,101,2,266,0,0,0,266
08/09/2011,PBI,FL,ASO,ES,Combined TRACON& Tower with Radar,137,40,48,0,225,0,4,39,2,45,137,44,87,2,270,0,0,0,270
08/10/2011,PBI,FL,ASO,ES,Combined TRACON& Tower with Radar,128,40,67,11,246,0,11,70,9,90,128,51,137,20,336,35,0,35,371
08/11/2011,PBI,FL,ASO,ES,Combined TRACON& Tower with Radar,123,53,70,0,246,0,8,63,0,71,123,61,133,0,317,0,0,0,317
08/12/2011,PBI,FL,ASO,ES,Combined TRACON& Tower with Radar,125,36,60,5,226,0,7,65,1,73,125,43,125,6,299,9,0,9,308
08/13/2011,PBI,FL,ASO,ES,Combined TRACON& Tower with Radar,118,28,43,0,189,1,2,44,0,47,119,30,87,0,236,0,0,0,236
08/14/2011,PBI,FL,ASO,ES,Combined TRACON& Tower with Radar,104,45,71,0,220,0,7,47,1,55,104,52,118,1,275,0,0,0,275
08/15/2011,PBI,FL,ASO,ES,Combined TRACON& Tower with Radar,113,48,74,4,239,0,12,37,6,55,113,60,111,10,294,22,0,22,316
08/16/2011,PBI,FL,ASO,ES,Combined TRACON& Tower with Radar,119,39,49,2,209,0,7,71,3,81,119,46,120,5,290,0,0,0,290
08/17/2011,PBI,FL,ASO,ES,Combined TRACON& Tower with Radar,117,37,63,3,220,0,11,69,3,83,117,48,132,6,303,36,0,36,339
08/18/2011,PBI,FL,ASO,ES,Combined TRACON& Tower with Radar,118,52,62,0,232,0,3,66,1,70,118,55,128,1,302,0,0,0,302
08/19/2011,PBI,FL,ASO,ES,Combined TRACON& Tower with Radar,125,54,55,0,234,0,12,67,3,82,125,66,122,3,316,0,0,0,316
08/20/2011,PBI,FL,ASO,ES,Combined TRACON& Tower with Radar,112,36,36,0,184,0,6,50,0,56,112,42,86,0,240,0,0,0,240
08/21/2011,PBI,FL,ASO,ES,Combined TRACON& Tower with Radar,98,44,51,0,193,0,5,64,0,69,98,49,115,0,262,0,0,0,262
08/22/2011,PBI,FL,ASO,ES,Combined TRACON& Tower with Radar,123,33,57,0,213,0,9,78,1,88,123,42,135,1,301,0,0,0,301
08/23/2011,PBI,FL,ASO,ES,Combined TRACON& Tower with Radar,113,34,64,9,220,0,10,104,1,115,113,44,168,10,335,0,0,0,335
08/24/2011,PBI,FL,ASO,ES,Combined TRACON& Tower with Radar,117,36,57,0,210,0,7,69,0,76,117,43,126,0,286,26,0,26,312
08/25/2011,PBI,FL,ASO,ES,Combined TRACON& Tower with Radar,114,18,33,0,165,0,5,14,0,19,114,23,47,0,184,0,0,0,184
08/26/2011,PBI,FL,ASO,ES,Combined TRACON& Tower with Radar,128,38,61,0,227,0,6,54,0,60,128,44,115,0,287,0,0,0,287
08/27/2011,PBI,FL,ASO,ES,Combined TRACON& Tower with Radar,77,36,38,1,152,0,3,84,0,87,77,39,122,1,239,0,0,0,239
08/28/2011,PBI,FL,ASO,ES,Combined TRACON& Tower with Radar,52,26,31,3,112,0,3,67,0,70,52,29,98,3,182,0,0,0,182
08/29/2011,PBI,FL,ASO,ES,Combined TRACON& Tower with Radar,94,34,79,0,207,0,6,59,0,65,94,40,138,0,272,12,0,12,284
08/30/2011,PBI,FL,ASO,ES,Combined TRACON& Tower with Radar,112,42,45,1,200,0,5,51,2,58,112,47,96,3,258,0,0,0,258
08/31/2011,PBI,FL,ASO,ES,Combined TRACON& Tower with Radar,111,30,53,18,212,0,3,53,2,58,111,33,106,20,270,35,0,35,305
09/01/2011,PBI,FL,ASO,ES,Combined TRACON& Tower with Radar,121,40,70,0,231,0,5,61,0,66,121,45,131,0,297,8,0,8,305
09/02/2011,PBI,FL,ASO,ES,Combined TRACON& Tower with Radar,120,49,74,0,243,0,7,62,0,69,120,56,136,0,312,0,0,0,312
09/03/2011,PBI,FL,ASO,ES,Combined TRACON& Tower with Radar,110,24,36,0,170,1,3,56,2,62,111,27,92,2,232,0,0,0,232
09/04/2011,PBI,FL,ASO,ES,Combined TRACON& Tower with Radar,98,27,30,0,155,0,2,42,0,44,98,29,72,0,199,0,0,0,199
09/05/2011,PBI,FL,ASO,ES,Combined TRACON& Tower with Radar,105,40,68,0,213,0,2,59,0,61,105,42,127,0,274,0,0,0,274
09/06/2011,PBI,FL,ASO,ES,Combined TRACON& Tower with Radar,119,38,54,0,211,0,2,43,1,46,119,40,97,1,257,0,0,0,257
09/07/2011,PBI,FL,ASO,ES,Combined TRACON& Tower with Radar,102,33,83,3,221,2,3,72,1,78,104,36,155,4,299,30,6,36,335
09/08/2011,PBI,FL,ASO,ES,Combined TRACON& Tower with Radar,105,39,55,0,199,0,2,90,0,92,105,41,145,0,291,0,0,0,291
09/09/2011,PBI,FL,ASO,ES,Combined TRACON& Tower with Radar,107,44,68,0,219,0,8,53,0,61,107,52,121,0,280,0,0,0,280
09/10/2011,PBI,FL,ASO,ES,Combined TRACON& Tower with Radar,95,17,27,0,139,0,1,33,2,36,95,18,60,2,175,0,0,0,175
09/11/2011,PBI,FL,ASO,ES,Combined TRACON& Tower with Radar,88,31,53,0,172,0,3,50,4,57,88,34,103,4,229,0,0,0,229
09/12/2011,PBI,FL,ASO,ES,Combined TRACON& Tower with Radar,109,39,64,7,219,0,8,57,0,65,109,47,121,7,284,0,0,0,284
09/13/2011,PBI,FL,ASO,ES,Combined TRACON& Tower with Radar,104,34,49,2,189,0,7,55,0,62,104,41,104,2,251,0,0,0,251
09/14/2011,PBI,FL,ASO,ES,Combined TRACON& Tower with Radar,100,30,63,4,197,0,11,72,0,83,100,41,135,4,280,25,0,25,305
09/15/2011,PBI,FL,ASO,ES,Combined TRACON& Tower with Radar,106,45,72,4,227,0,13,76,2,91,106,58,148,6,318,6,0,6,324
09/16/2011,PBI,FL,ASO,ES,Combined TRACON& Tower with Radar,108,43,74,1,226,0,10,78,2,90,108,53,152,3,316,0,0,0,316
09/17/2011,PBI,FL,ASO,ES,Combined TRACON& Tower with Radar,95,22,43,1,161,0,3,41,4,48,95,25,84,5,209,0,0,0,209
09/18/2011,PBI,FL,ASO,ES,Combined TRACON& Tower with Radar,91,46,61,0,198,0,4,48,1,53,91,50,109,1,251,0,0,0,251
09/19/2011,PBI,FL,ASO,ES,Combined TRACON& Tower with Radar,103,31,59,4,197,0,3,70,2,75,103,34,129,6,272,0,0,0,272
09/20/2011,PBI,FL,ASO,ES,Combined TRACON& Tower with Radar,99,38,66,0,203,0,5,58,0,63,99,43,124,0,266,0,0,0,266
09/21/2011,PBI,FL,ASO,ES,Combined TRACON& Tower with Radar,95,32,57,10,194,0,5,61,3,69,95,37,118,13,263,0,0,0,263
09/22/2011,PBI,FL,ASO,ES,Combined TRACON& Tower with Radar,108,40,55,1,204,0,8,59,0,67,108,48,114,1,271,0,0,0,271
09/23/2011,PBI,FL,ASO,ES,Combined TRACON& Tower with Radar,110,44,68,3,225,0,11,43,2,56,110,55,111,5,281,0,0,0,281
09/24/2011,PBI,FL,ASO,ES,Combined TRACON& Tower with Radar,100,23,32,1,156,0,1,37,2,40,100,24,69,3,196,12,4,16,212
09/25/2011,PBI,FL,ASO,ES,Combined TRACON& Tower with Radar,93,39,67,2,201,0,0,36,0,36,93,39,103,2,237,0,0,0,237
09/26/2011,PBI,FL,ASO,ES,Combined TRACON& Tower with Radar,104,40,56,0,200,0,5,37,0,42,104,45,93,0,242,0,0,0,242
09/27/2011,PBI,FL,ASO,ES,Combined TRACON& Tower with Radar,104,26,64,0,194,0,5,58,2,65,104,31,122,2,259,0,0,0,259
09/28/2011,PBI,FL,ASO,ES,Combined TRACON& Tower with Radar,104,33,67,6,210,0,9,79,2,90,104,42,146,8,300,0,0,0,300
09/29/2011,PBI,FL,ASO,ES,Combined TRACON& Tower with Radar,104,57,81,4,246,0,5,70,4,79,104,62,151,8,325,0,0,0,325
09/30/2011,PBI,FL,ASO,ES,Combined TRACON& Tower with Radar,110,40,62,2,214,0,12,53,0,65,110,52,115,2,279,0,0,0,279
10/01/2011,PBI,FL,ASO,ES,Combined TRACON& Tower with Radar,100,35,54,0,189,0,3,45,0,48,100,38,99,0,237,0,0,0,237
10/02/2011,PBI,FL,ASO,ES,Combined TRACON& Tower with Radar,112,51,83,6,252,0,1,33,0,34,112,52,116,6,286,0,0,0,286
10/03/2011,PBI,FL,ASO,ES,Combined TRACON& Tower with Radar,113,33,70,7,223,0,6,78,0,84,113,39,148,7,307,0,0,0,307
10/04/2011,PBI,FL,ASO,ES,Combined TRACON& Tower with Radar,112,41,62,0,215,0,9,67,2,78,112,50,129,2,293,0,0,0,293
10/05/2011,PBI,FL,ASO,ES,Combined TRACON& Tower with Radar,113,34,69,6,222,0,6,68,0,74,113,40,137,6,296,25,0,25,321
10/06/2011,PBI,FL,ASO,ES,Combined TRACON& Tower with Radar,115,36,93,0,244,0,5,55,0,60,115,41,148,0,304,24,0,24,328
10/07/2011,PBI,FL,ASO,ES,Combined TRACON& Tower with Radar,123,56,76,2,257,0,6,37,0,43,123,62,113,2,300,0,0,0,300
10/08/2011,PBI,FL,ASO,ES,Combined TRACON& Tower with Radar,103,27,47,0,177,0,3,11,2,16,103,30,58,2,193,0,0,0,193
10/09/2011,PBI,FL,ASO,ES,Combined TRACON& Tower with Radar,106,47,56,0,209,0,1,24,0,25,106,48,80,0,234,0,0,0,234
10/10/2011,PBI,FL,ASO,ES,Combined TRACON& Tower with Radar,120,40,71,0,231,0,5,64,0,69,120,45,135,0,300,0,0,0,300
10/11/2011,PBI,FL,ASO,ES,Combined TRACON& Tower with Radar,110,39,67,1,217,0,8,76,1,85,110,47,143,2,302,0,0,0,302
10/12/2011,PBI,FL,ASO,ES,Combined TRACON& Tower with Radar,111,38,84,15,248,0,9,76,0,85,111,47,160,15,333,23,0,23,356
10/13/2011,PBI,FL,ASO,ES,Combined TRACON& Tower with Radar,116,44,89,0,249,0,6,82,4,92,116,50,171,4,341,0,0,0,341
10/14/2011,PBI,FL,ASO,ES,Combined TRACON& Tower with Radar,122,35,88,0,245,0,14,59,1,74,122,49,147,1,319,0,0,0,319
10/15/2011,PBI,FL,ASO,ES,Combined TRACON& Tower with Radar,104,45,55,4,208,0,0,35,0,35,104,45,90,4,243,0,0,0,243
10/16/2011,PBI,FL,ASO,ES,Combined TRACON& Tower with Radar,113,56,104,0,273,0,1,30,4,35,113,57,134,4,308,0,0,0,308
10/17/2011,PBI,FL,ASO,ES,Combined TRACON& Tower with Radar,115,49,82,11,257,0,3,24,1,28,115,52,106,12,285,0,0,0,285
10/18/2011,PBI,FL,ASO,ES,Combined TRACON& Tower with Radar,112,42,55,0,209,0,4,9,2,15,112,46,64,2,224,0,0,0,224
10/19/2011,PBI,FL,ASO,ES,Combined TRACON& Tower with Radar,112,38,62,7,219,0,1,22,2,25,112,39,84,9,244,0,0,0,244
10/20/2011,PBI,FL,ASO,ES,Combined TRACON& Tower with Radar,118,56,79,0,253,0,7,81,0,88,118,63,160,0,341,12,0,12,353
10/21/2011,PBI,FL,ASO,ES,Combined TRACON& Tower with Radar,122,55,89,2,268,0,5,69,7,81,122,60,158,9,349,0,0,0,349
10/22/2011,PBI,FL,ASO,ES,Combined TRACON& Tower with Radar,102,54,65,0,221,0,0,36,0,36,102,54,101,0,257,0,0,0,257
10/23/2011,PBI,FL,ASO,ES,Combined TRACON& Tower with Radar,107,53,99,0,259,0,2,54,0,56,107,55,153,0,315,0,0,0,315
10/24/2011,PBI,FL,ASO,ES,Combined TRACON& Tower with Radar,116,42,74,0,232,0,10,55,0,65,116,52,129,0,297,0,0,0,297
10/25/2011,PBI,FL,ASO,ES,Combined TRACON& Tower with Radar,112,47,88,0,247,0,8,87,0,95,112,55,175,0,342,0,0,0,342
10/26/2011,PBI,FL,ASO,ES,Combined TRACON& Tower with Radar,112,63,85,0,260,0,8,68,2,78,112,71,153,2,338,0,0,0,338
10/27/2011,PBI,FL,ASO,ES,Combined TRACON& Tower with Radar,119,52,106,2,279,0,10,69,0,79,119,62,175,2,358,0,0,0,358
10/28/2011,PBI,FL,ASO,ES,Combined TRACON& Tower with Radar,122,68,88,1,279,0,6,56,0,62,122,74,144,1,341,0,0,0,341
10/29/2011,PBI,FL,ASO,ES,Combined TRACON& Tower with Radar,91,42,47,2,182,0,1,21,0,22,91,43,68,2,204,0,0,0,204
10/30/2011,PBI,FL,ASO,ES,Combined TRACON& Tower with Radar,116,72,91,0,279,0,0,23,0,23,116,72,114,0,302,0,0,0,302
10/31/2011,PBI,FL,ASO,ES,Combined TRACON& Tower with Radar,119,46,60,1,226,0,3,22,0,25,119,49,82,1,251,0,0,0,251
11/01/2011,PBI,FL,ASO,ES,Combined TRACON& Tower with Radar,119,66,77,4,266,0,6,65,1,72,119,72,142,5,338,0,12,12,350
11/02/2011,PBI,FL,ASO,ES,Combined TRACON& Tower with Radar,115,52,110,2,279,0,2,84,3,89,115,54,194,5,368,0,0,0,368
11/03/2011,PBI,FL,ASO,ES,Combined TRACON& Tower with Radar,126,74,108,8,316,0,8,76,0,84,126,82,184,8,400,0,0,0,400
11/04/2011,PBI,FL,ASO,ES,Combined TRACON& Tower with Radar,128,69,121,8,326,0,8,84,2,94,128,77,205,10,420,0,0,0,420
11/05/2011,PBI,FL,ASO,ES,Combined TRACON& Tower with Radar,116,42,81,1,240,0,3,46,0,49,116,45,127,1,289,0,0,0,289
11/06/2011,PBI,FL,ASO,ES,Combined TRACON& Tower with Radar,119,66,118,2,305,0,2,38,0,40,119,68,156,2,345,0,0,0,345
11/07/2011,PBI,FL,ASO,ES,Combined TRACON& Tower with Radar,125,47,90,0,262,0,8,59,1,68,125,55,149,1,330,0,0,0,330
11/08/2011,PBI,FL,ASO,ES,Combined TRACON& Tower with Radar,125,63,114,2,304,0,5,59,0,64,125,68,173,2,368,0,0,0,368
11/09/2011,PBI,FL,ASO,ES,Combined TRACON& Tower with Radar,124,58,105,3,290,0,10,57,4,71,124,68,162,7,361,0,0,0,361
11/10/2011,PBI,FL,ASO,ES,Combined TRACON& Tower with Radar,134,75,129,5,343,0,5,76,4,85,134,80,205,9,428,0,0,0,428
11/11/2011,PBI,FL,ASO,ES,Combined TRACON& Tower with Radar,146,82,139,6,373,0,12,46,2,60,146,94,185,8,433,0,0,0,433
11/12/2011,PBI,FL,ASO,ES,Combined TRACON& Tower with Radar,127,53,80,0,260,0,7,50,0,57,127,60,130,0,317,0,0,0,317
11/13/2011,PBI,FL,ASO,ES,Combined TRACON& Tower with Radar,125,101,147,1,374,0,3,85,0,88,125,104,232,1,462,0,0,0,462
11/14/2011,PBI,FL,ASO,ES,Combined TRACON& Tower with Radar,133,61,155,4,353,0,8,75,0,83,133,69,230,4,436,0,0,0,436
11/15/2011,PBI,FL,ASO,ES,Combined TRACON& Tower with Radar,124,81,140,0,345,0,4,53,0,57,124,85,193,0,402,0,0,0,402
11/16/2011,PBI,FL,ASO,ES,Combined TRACON& Tower with Radar,127,61,86,0,274,0,6,84,0,90,127,67,170,0,364,0,0,0,364
11/17/2011,PBI,FL,ASO,ES,Combined TRACON& Tower with Radar,140,88,138,0,366,0,10,70,0,80,140,98,208,0,446,0,0,0,446
11/18/2011,PBI,FL,ASO,ES,Combined TRACON& Tower with Radar,162,94,150,0,406,0,1,28,0,29,162,95,178,0,435,0,0,0,435
11/19/2011,PBI,FL,ASO,ES,Combined TRACON& Tower with Radar,146,73,79,0,298,0,2,54,0,56,146,75,133,0,354,0,0,0,354
11/20/2011,PBI,FL,ASO,ES,Combined TRACON& Tower with Radar,147,82,135,0,364,0,5,34,0,39,147,87,169,0,403,0,0,0,403
11/21/2011,PBI,FL,ASO,ES,Combined TRACON& Tower with Radar,156,81,117,0,354,0,4,59,0,63,156,85,176,0,417,15,0,15,432
11/22/2011,PBI,FL,ASO,ES,Combined TRACON& Tower with Radar,163,114,134,0,411,0,8,71,0,79,163,122,205,0,490,0,0,0,490
11/23/2011,PBI,FL,ASO,ES,Combined TRACON& Tower with Radar,166,104,161,1,432,0,4,112,4,120,166,108,273,5,552,0,0,0,552
11/24/2011,PBI,FL,ASO,ES,Combined TRACON& Tower with Radar,103,53,42,2,200,0,0,29,1,30,103,53,71,3,230,0,0,0,230
11/25/2011,PBI,FL,ASO,ES,Combined TRACON& Tower with Radar,140,51,76,1,268,0,2,59,0,61,140,53,135,1,329,0,0,0,329
11/26/2011,PBI,FL,ASO,ES,Combined TRACON& Tower with Radar,156,100,91,0,347,0,0,39,2,41,156,100,130,2,388,0,0,0,388
11/27/2011,PBI,FL,ASO,ES,Combined TRACON& Tower with Radar,159,151,254,0,564,0,1,68,0,69,159,152,322,0,633,0,0,0,633
11/28/2011,PBI,FL,ASO,ES,Combined TRACON& Tower with Radar,168,95,108,3,374,0,8,44,4,56,168,103,152,7,430,0,0,0,430
11/29/2011,PBI,FL,ASO,ES,Combined TRACON& Tower with Radar,144,73,96,4,317,0,4,24,0,28,144,77,120,4,345,27,0,27,372
11/30/2011,PBI,FL,ASO,ES,Combined TRACON& Tower with Radar,127,63,85,2,277,0,4,73,7,84,127,67,158,9,361,0,0,0,361
12/01/2011,PBI,FL,ASO,ES,Combined TRACON& Tower with Radar,146,60,113,14,333,0,10,73,1,84,146,70,186,15,417,0,0,0,417
12/02/2011,PBI,FL,ASO,ES,Combined TRACON& Tower with Radar,149,63,110,2,324,0,10,77,1,88,149,73,187,3,412,0,0,0,412
12/03/2011,PBI,FL,ASO,ES,Combined TRACON& Tower with Radar,125,47,71,0,243,0,4,54,0,58,125,51,125,0,301,20,0,20,321
12/04/2011,PBI,FL,ASO,ES,Combined TRACON& Tower with Radar,130,114,105,0,349,0,2,40,0,42,130,116,145,0,391,6,0,6,397
12/05/2011,PBI,FL,ASO,ES,Combined TRACON& Tower with Radar,135,64,95,0,294,0,7,67,1,75,135,71,162,1,369,0,0,0,369
12/06/2011,PBI,FL,ASO,ES,Combined TRACON& Tower with Radar,121,48,86,0,255,0,2,78,4,84,121,50,164,4,339,0,0,0,339
12/07/2011,PBI,FL,ASO,ES,Combined TRACON& Tower with Radar,123,46,97,1,267,0,8,66,3,77,123,54,163,4,344,0,0,0,344
12/08/2011,PBI,FL,ASO,ES,Combined TRACON& Tower with Radar,141,71,128,3,343,0,4,54,3,61,141,75,182,6,404,0,0,0,404
12/09/2011,PBI,FL,ASO,ES,Combined TRACON& Tower with Radar,146,85,124,7,362,0,3,50,4,57,146,88,174,11,419,0,0,0,419
12/10/2011,PBI,FL,ASO,ES,Combined TRACON& Tower with Radar,125,58,74,1,258,0,2,28,2,32,125,60,102,3,290,0,0,0,290
12/11/2011,PBI,FL,ASO,ES,Combined TRACON& Tower with Radar,131,80,94,0,305,0,4,53,2,59,131,84,147,2,364,0,0,0,364
12/12/2011,PBI,FL,ASO,ES,Combined TRACON& Tower with Radar,136,65,103,4,308,0,8,40,5,53,136,73,143,9,361,0,0,0,361
12/13/2011,PBI,FL,ASO,ES,Combined TRACON& Tower with Radar,124,59,94,1,278,0,9,77,3,89,124,68,171,4,367,32,0,32,399
12/14/2011,PBI,FL,ASO,ES,Combined TRACON& Tower with Radar,127,50,100,5,282,0,10,61,3,74,127,60,161,8,356,0,0,0,356
12/15/2011,PBI,FL,ASO,ES,Combined TRACON& Tower with Radar,155,52,119,3,329,0,7,78,0,85,155,59,197,3,414,0,0,0,414
12/16/2011,PBI,FL,ASO,ES,Combined TRACON& Tower with Radar,164,89,171,2,426,0,9,56,2,67,164,98,227,4,493,0,0,0,493
12/17/2011,PBI,FL,ASO,ES,Combined TRACON& Tower with Radar,149,74,122,3,348,0,4,46,1,51,149,78,168,4,399,0,0,0,399
12/18/2011,PBI,FL,ASO,ES,Combined TRACON& Tower with Radar,154,79,107,6,346,0,1,56,1,58,154,80,163,7,404,0,0,0,404
12/19/2011,PBI,FL,ASO,ES,Combined TRACON& Tower with Radar,161,69,91,2,323,0,17,77,1,95,161,86,168,3,418,16,0,16,434
12/20/2011,PBI,FL,ASO,ES,Combined TRACON& Tower with Radar,171,81,112,3,367,0,4,80,1,85,171,85,192,4,452,3,0,3,455
12/21/2011,PBI,FL,ASO,ES,Combined TRACON& Tower with Radar,178,84,126,2,390,0,9,70,0,79,178,93,196,2,469,0,0,0,469
12/22/2011,PBI,FL,ASO,ES,Combined TRACON& Tower with Radar,184,98,169,0,451,0,6,78,0,84,184,104,247,0,535,0,0,0,535
12/23/2011,PBI,FL,ASO,ES,Combined TRACON& Tower with Radar,188,92,135,2,417,0,1,45,0,46,188,93,180,2,463,0,0,0,463
12/24/2011,PBI,FL,ASO,ES,Combined TRACON& Tower with Radar,148,55,67,3,273,0,2,40,0,42,148,57,107,3,315,0,0,0,315
12/25/2011,PBI,FL,ASO,ES,Combined TRACON& Tower with Radar,151,88,46,0,285,0,5,29,0,34,151,93,75,0,319,0,0,0,319
12/26/2011,PBI,FL,ASO,ES,Combined TRACON& Tower with Radar,183,172,272,0,627,0,2,43,0,45,183,174,315,0,672,0,0,0,672
12/27/2011,PBI,FL,ASO,ES,Combined TRACON& Tower with Radar,176,146,194,0,516,0,2,55,0,57,176,148,249,0,573,0,0,0,573
12/28/2011,PBI,FL,ASO,ES,Combined TRACON& Tower with Radar,190,110,160,4,464,0,3,63,0,66,190,113,223,4,530,0,0,0,530
12/29/2011,PBI,FL,ASO,ES,Combined TRACON& Tower with Radar,184,84,144,1,413,0,5,57,1,63,184,89,201,2,476,0,0,0,476
12/30/2011,PBI,FL,ASO,ES,Combined TRACON& Tower with Radar,190,88,134,3,415,0,2,58,3,63,190,90,192,6,478,0,0,0,478
12/31/2011,PBI,FL,ASO,ES,Combined TRACON& Tower with Radar,155,82,82,0,319,0,3,44,4,51,155,85,126,4,370,0,0,0,370
01/01/2012,PBI,FL,ASO,ES,Combined TRACON& Tower with Radar,155,145,170,0,470,0,1,58,2,61,155,146,228,2,531,0,0,0,531
01/02/2012,PBI,FL,ASO,ES,Combined TRACON& Tower with Radar,188,149,261,0,598,0,5,94,2,101,188,154,355,2,699,0,0,0,699
01/03/2012,PBI,FL,ASO,ES,Combined TRACON& Tower with Radar,175,87,152,0,414,0,4,49,2,55,175,91,201,2,469,0,0,0,469
01/04/2012,PBI,FL,ASO,ES,Combined TRACON& Tower with Radar,156,73,117,4,350,0,0,49,6,55,156,73,166,10,405,0,0,0,405
01/05/2012,PBI,FL,ASO,ES,Combined TRACON& Tower with Radar,157,78,111,1,347,0,7,86,0,93,157,85,197,1,440,38,0,38,478
01/06/2012,PBI,FL,ASO,ES,Combined TRACON& Tower with Radar,159,63,134,1,357,0,7,105,2,114,159,70,239,3,471,0,0,0,471
01/07/2012,PBI,FL,ASO,ES,Combined TRACON& Tower with Radar,136,69,111,0,316,0,0,70,2,72,136,69,181,2,388,0,0,0,388
01/08/2012,PBI,FL,ASO,ES,Combined TRACON& Tower with Radar,154,87,146,0,387,0,9,63,0,72,154,96,209,0,459,0,0,0,459
01/09/2012,PBI,FL,ASO,ES,Combined TRACON& Tower with Radar,160,54,119,0,333,0,9,71,0,80,160,63,190,0,413,0,0,0,413
01/10/2012,PBI,FL,ASO,ES,Combined TRACON& Tower with Radar,144,68,103,0,315,0,3,97,2,102,144,71,200,2,417,0,0,0,417
01/11/2012,PBI,FL,ASO,ES,Combined TRACON& Tower with Radar,151,68,130,0,349,0,10,39,0,49,151,78,169,0,398,0,0,0,398
01/12/2012,PBI,FL,ASO,ES,Combined TRACON& Tower with Radar,161,102,157,0,420,0,2,59,4,65,161,104,216,4,485,0,0,0,485
01/13/2012,PBI,FL,ASO,ES,Combined TRACON& Tower with Radar,162,134,204,2,502,0,5,72,4,81,162,139,276,6,583,6,0,6,589
01/14/2012,PBI,FL,ASO,ES,Combined TRACON& Tower with Radar,154,60,92,1,307,0,1,52,0,53,154,61,144,1,360,0,0,0,360
01/15/2012,PBI,FL,ASO,ES,Combined TRACON& Tower with Radar,146,91,121,2,360,0,5,70,0,75,146,96,191,2,435,0,0,0,435
01/16/2012,PBI,FL,ASO,ES,Combined TRACON& Tower with Radar,154,154,215,0,523,0,4,51,2,57,154,158,266,2,580,0,0,0,580
01/17/2012,PBI,FL,ASO,ES,Combined TRACON& Tower with Radar,143,73,103,3,322,0,5,67,2,74,143,78,170,5,396,0,0,0,396
01/18/2012,PBI,FL,ASO,ES,Combined TRACON& Tower with Radar,149,66,124,6,345,0,7,74,1,82,149,73,198,7,427,0,0,0,427
01/19/2012,PBI,FL,ASO,ES,Combined TRACON& Tower with Radar,163,106,150,11,430,0,8,81,4,93,163,114,231,15,523,0,0,0,523
01/20/2012,PBI,FL,ASO,ES,Combined TRACON& Tower with Radar,158,105,178,4,445,0,2,80,3,85,158,107,258,7,530,0,0,0,530
01/21/2012,PBI,FL,ASO,ES,Combined TRACON& Tower with Radar,141,61,117,4,323,0,5,55,8,68,141,66,172,12,391,0,0,0,391
01/22/2012,PBI,FL,ASO,ES,Combined TRACON& Tower with Radar,150,119,174,6,449,0,2,56,0,58,150,121,230,6,507,0,0,0,507
01/23/2012,PBI,FL,ASO,ES,Combined TRACON& Tower with Radar,193,88,149,3,433,0,4,45,0,49,193,92,194,3,482,46,0,46,528
01/24/2012,PBI,FL,ASO,ES,Combined TRACON& Tower with Radar,187,97,142,2,428,0,2,69,0,71,187,99,211,2,499,23,0,23,522
01/25/2012,PBI,FL,ASO,ES,Combined TRACON& Tower with Radar,183,124,176,8,491,0,3,24,2,29,183,127,200,10,520,101,0,101,621
01/26/2012,PBI,FL,ASO,ES,Combined TRACON& Tower with Radar,159,93,192,3,447,0,8,89,7,104,159,101,281,10,551,0,0,0,551
01/27/2012,PBI,FL,ASO,ES,Combined TRACON& Tower with Radar,160,100,174,3,437,0,11,78,2,91,160,111,252,5,528,0,0,0,528
01/28/2012,PBI,FL,ASO,ES,Combined TRACON& Tower with Radar,143,52,109,0,304,0,0,74,0,74,143,52,183,0,378,29,0,29,407
01/29/2012,PBI,FL,ASO,ES,Combined TRACON& Tower with Radar,149,129,166,0,444,0,3,74,0,77,149,132,240,0,521,4,0,4,525
01/30/2012,PBI,FL,ASO,ES,Combined TRACON& Tower with Radar,159,61,151,5,376,0,9,81,1,91,159,70,232,6,467,0,0,0,467
01/31/2012,PBI,FL,ASO,ES,Combined TRACON& Tower with Radar,139,76,95,5,315,0,4,79,0,83,139,80,174,5,398,29,0,29,427
02/01/2012,PBI,FL,ASO,ES,Combined TRACON& Tower with Radar,150,65,111,0,326,0,6,70,0,76,150,71,181,0,402,0,0,0,402
02/02/2012,PBI,FL,ASO,ES,Combined TRACON& Tower with Radar,155,113,156,3,427,0,5,32,0,37,155,118,188,3,464,0,0,0,464
02/03/2012,PBI,FL,ASO,ES,Combined TRACON& Tower with Radar,158,108,152,5,423,0,4,69,0,73,158,112,221,5,496,0,0,0,496
02/04/2012,PBI,FL,ASO,ES,Combined TRACON& Tower with Radar,143,76,112,4,335,0,4,53,0,57,143,80,165,4,392,0,0,0,392
02/05/2012,PBI,FL,ASO,ES,Combined TRACON& Tower with Radar,145,118,130,3,396,1,3,43,0,47,146,121,173,3,443,0,0,0,443
02/06/2012,PBI,FL,ASO,ES,Combined TRACON& Tower with Radar,155,99,144,1,399,0,6,25,0,31,155,105,169,1,430,0,0,0,430
02/07/2012,PBI,FL,ASO,ES,Combined TRACON& Tower with Radar,143,72,128,0,343,0,7,45,0,52,143,79,173,0,395,0,0,0,395
02/08/2012,PBI,FL,ASO,ES,Combined TRACON& Tower with Radar,142,96,149,2,389,0,8,30,0,38,142,104,179,2,427,0,0,0,427
02/09/2012,PBI,FL,ASO,ES,Combined TRACON& Tower with Radar,160,100,154,15,429,0,7,59,1,67,160,107,213,16,496,0,0,0,496
02/10/2012,PBI,FL,ASO,ES,Combined TRACON& Tower with Radar,163,116,148,1,428,0,9,36,0,45,163,125,184,1,473,0,0,0,473
02/11/2012,PBI,FL,ASO,ES,Combined TRACON& Tower with Radar,145,76,90,2,313,0,5,29,0,34,145,81,119,2,347,0,0,0,347
02/12/2012,PBI,FL,ASO,ES,Combined TRACON& Tower with Radar,156,121,185,0,462,0,4,45,1,50,156,125,230,1,512,0,0,0,512
02/13/2012,PBI,FL,ASO,ES,Combined TRACON& Tower with Radar,159,83,106,4,352,0,8,41,6,55,159,91,147,10,407,0,0,0,407
02/14/2012,PBI,FL,ASO,ES,Combined TRACON& Tower with Radar,148,79,103,2,332,0,6,72,2,80,148,85,175,4,412,0,0,0,412
02/15/2012,PBI,FL,ASO,ES,Combined TRACON& Tower with Radar,161,101,155,0,417,0,5,75,2,82,161,106,230,2,499,0,0,0,499
02/16/2012,PBI,FL,ASO,ES,Combined TRACON& Tower with Radar,177,167,222,2,568,0,7,95,2,104,177,174,317,4,672,0,0,0,672
02/17/2012,PBI,FL,ASO,ES,Combined TRACON& Tower with Radar,188,203,257,9,657,0,9,60,2,71,188,212,317,11,728,0,0,0,728
02/18/2012,PBI,FL,ASO,ES,Combined TRACON& Tower with Radar,168,93,118,0,379,0,2,68,4,74,168,95,186,4,453,0,0,0,453
02/19/2012,PBI,FL,ASO,ES,Combined TRACON& Tower with Radar,184,110,149,1,444,0,4,41,0,45,184,114,190,1,489,0,0,0,489
02/20/2012,PBI,FL,ASO,ES,Combined TRACON& Tower with Radar,178,168,231,0,577,0,10,43,0,53,178,178,274,0,630,0,0,0,630
02/21/2012,PBI,FL,ASO,ES,Combined TRACON& Tower with Radar,176,131,140,4,451,0,9,77,2,88,176,140,217,6,539,0,0,0,539
02/22/2012,PBI,FL,ASO,ES,Combined TRACON& Tower with Radar,182,115,145,13,455,0,10,69,0,79,182,125,214,13,534,0,0,0,534
02/23/2012,PBI,FL,ASO,ES,Combined TRACON& Tower with Radar,183,110,164,6,463,0,3,67,2,72,183,113,231,8,535,0,0,0,535
02/24/2012,PBI,FL,ASO,ES,Combined TRACON& Tower with Radar,181,110,169,2,462,0,7,85,0,92,181,117,254,2,554,0,0,0,554
02/25/2012,PBI,FL,ASO,ES,Combined TRACON& Tower with Radar,172,79,103,0,354,0,0,26,2,28,172,79,129,2,382,0,0,0,382
02/26/2012,PBI,FL,ASO,ES,Combined TRACON& Tower with Radar,183,176,195,3,557,0,4,46,1,51,183,180,241,4,608,0,0,0,608
02/27/2012,PBI,FL,ASO,ES,Combined TRACON& Tower with Radar,180,91,137,7,415,0,7,61,0,68,180,98,198,7,483,0,0,0,483
02/28/2012,PBI,FL,ASO,ES,Combined TRACON& Tower with Radar,175,90,136,0,401,0,5,78,3,86,175,95,214,3,487,0,0,0,487
02/29/2012,PBI,FL,ASO,ES,Combined TRACON& Tower with Radar,176,82,124,9,391,0,10,49,1,60,176,92,173,10,451,0,0,0,451
03/01/2012,PBI,FL,ASO,ES,Combined TRACON& Tower with Radar,181,122,188,2,493,0,9,73,3,85,181,131,261,5,578,0,0,0,578
03/02/2012,PBI,FL,ASO,ES,Combined TRACON& Tower with Radar,185,112,193,2,492,0,10,83,1,94,185,122,276,3,586,0,0,0,586
03/03/2012,PBI,FL,ASO,ES,Combined TRACON& Tower with Radar,181,99,104,0,384,0,1,52,2,55,181,100,156,2,439,0,0,0,439
03/04/2012,PBI,FL,ASO,ES,Combined TRACON& Tower with Radar,181,171,188,2,542,0,2,27,0,29,181,173,215,2,571,0,0,0,571
03/05/2012,PBI,FL,ASO,ES,Combined TRACON& Tower with Radar,186,92,166,1,445,0,9,82,0,91,186,101,248,1,536,0,0,0,536
03/06/2012,PBI,FL,ASO,ES,Combined TRACON& Tower with Radar,185,68,99,2,354,0,9,52,1,62,185,77,151,3,416,0,0,0,416
03/07/2012,PBI,FL,ASO,ES,Combined TRACON& Tower with Radar,183,73,135,3,394,0,7,42,2,51,183,80,177,5,445,0,0,0,445
03/08/2012,PBI,FL,ASO,ES,Combined TRACON& Tower with Radar,188,118,186,0,492,0,8,64,0,72,188,126,250,0,564,0,0,0,564
03/09/2012,PBI,FL,ASO,ES,Combined TRACON& Tower with Radar,189,143,219,1,552,0,6,65,1,72,189,149,284,2,624,0,0,0,624
03/10/2012,PBI,FL,ASO,ES,Combined TRACON& Tower with Radar,185,96,153,3,437,0,2,51,1,54,185,98,204,4,491,0,0,0,491
03/11/2012,PBI,FL,ASO,ES,Combined TRACON& Tower with Radar,182,161,219,1,563,0,3,35,1,39,182,164,254,2,602,0,0,0,602
03/12/2012,PBI,FL,ASO,ES,Combined TRACON& Tower with Radar,182,114,155,0,451,0,4,68,0,72,182,118,223,0,523,0,0,0,523
03/13/2012,PBI,FL,ASO,ES,Combined TRACON& Tower with Radar,181,94,98,0,373,0,10,53,0,63,181,104,151,0,436,0,0,0,436
03/14/2012,PBI,FL,ASO,ES,Combined TRACON& Tower with Radar,183,107,150,0,440,0,8,73,0,81,183,115,223,0,521,0,0,0,521
03/15/2012,PBI,FL,ASO,ES,Combined TRACON& Tower with Radar,206,130,194,0,530,0,8,79,0,87,206,138,273,0,617,0,0,0,617
03/16/2012,PBI,FL,ASO,ES,Combined TRACON& Tower with Radar,186,132,175,4,497,1,10,93,0,104,187,142,268,4,601,0,0,0,601
03/17/2012,PBI,FL,ASO,ES,Combined TRACON& Tower with Radar,178,118,146,4,446,0,5,52,9,66,178,123,198,13,512,0,0,0,512
03/18/2012,PBI,FL,ASO,ES,Combined TRACON& Tower with Radar,175,175,190,6,546,0,7,59,4,70,175,182,249,10,616,0,0,0,616
03/19/2012,PBI,FL,ASO,ES,Combined TRACON& Tower with Radar,178,108,159,0,445,0,9,71,0,80,178,117,230,0,525,0,0,0,525
03/20/2012,PBI,FL,ASO,ES,Combined TRACON& Tower with Radar,183,73,117,3,376,0,21,64,2,87,183,94,181,5,463,6,0,6,469
03/21/2012,PBI,FL,ASO,ES,Combined TRACON& Tower with Radar,178,88,133,0,399,0,11,60,0,71,178,99,193,0,470,0,0,0,470
03/22/2012,PBI,FL,ASO,ES,Combined TRACON& Tower with Radar,190,117,151,0,458,0,7,86,2,95,190,124,237,2,553,0,0,0,553
03/23/2012,PBI,FL,ASO,ES,Combined TRACON& Tower with Radar,195,128,188,0,511,0,12,85,0,97,195,140,273,0,608,0,0,0,608
03/24/2012,PBI,FL,ASO,ES,Combined TRACON& Tower with Radar,178,119,161,1,459,0,14,51,0,65,178,133,212,1,524,0,0,0,524
03/25/2012,PBI,FL,ASO,ES,Combined TRACON& Tower with Radar,180,150,228,3,561,0,5,54,3,62,180,155,282,6,623,0,0,0,623
03/26/2012,PBI,FL,ASO,ES,Combined TRACON& Tower with Radar,181,115,143,2,441,0,10,73,0,83,181,125,216,2,524,0,0,0,524
03/27/2012,PBI,FL,ASO,ES,Combined TRACON& Tower with Radar,185,88,125,0,398,0,6,51,0,57,185,94,176,0,455,0,0,0,455
03/28/2012,PBI,FL,ASO,ES,Combined TRACON& Tower with Radar,183,113,170,0,466,0,5,59,0,64,183,118,229,0,530,0,0,0,530
03/29/2012,PBI,FL,ASO,ES,Combined TRACON& Tower with Radar,193,108,193,3,497,0,4,78,3,85,193,112,271,6,582,0,0,0,582
03/30/2012,PBI,FL,ASO,ES,Combined TRACON& Tower with Radar,185,130,221,0,536,0,10,87,0,97,185,140,308,0,633,0,0,0,633
03/31/2012,PBI,FL,ASO,ES,Combined TRACON& Tower with Radar,188,129,153,0,470,0,4,50,2,56,188,133,203,2,526,0,0,0,526
04/01/2012,PBI,FL,ASO,ES,Combined TRACON& Tower with Radar,178,188,240,0,606,0,6,64,0,70,178,194,304,0,676,0,0,0,676
04/02/2012,PBI,FL,ASO,ES,Combined TRACON& Tower with Radar,182,112,126,4,424,0,6,58,0,64,182,118,184,4,488,0,0,0,488
04/03/2012,PBI,FL,ASO,ES,Combined TRACON& Tower with Radar,176,83,122,2,383,0,9,79,0,88,176,92,201,2,471,0,0,0,471
04/04/2012,PBI,FL,ASO,ES,Combined TRACON& Tower with Radar,174,109,137,3,423,0,9,79,1,89,174,118,216,4,512,0,0,0,512
04/05/2012,PBI,FL,ASO,ES,Combined TRACON& Tower with Radar,178,152,213,0,543,0,12,67,2,81,178,164,280,2,624,0,0,0,624
04/06/2012,PBI,FL,ASO,ES,Combined TRACON& Tower with Radar,184,131,173,1,489,0,8,65,0,73,184,139,238,1,562,0,0,0,562
04/07/2012,PBI,FL,ASO,ES,Combined TRACON& Tower with Radar,165,76,135,1,377,0,3,49,3,55,165,79,184,4,432,0,0,0,432
04/08/2012,PBI,FL,ASO,ES,Combined TRACON& Tower with Radar,172,122,148,1,443,0,5,49,0,54,172,127,197,1,497,0,0,0,497
04/09/2012,PBI,FL,ASO,ES,Combined TRACON& Tower with Radar,175,123,189,9,496,0,10,64,3,77,175,133,253,12,573,0,0,0,573
04/10/2012,PBI,FL,ASO,ES,Combined TRACON& Tower with Radar,157,82,85,1,325,0,9,56,3,68,157,91,141,4,393,0,0,0,393
04/11/2012,PBI,FL,ASO,ES,Combined TRACON& Tower with Radar,164,78,115,6,363,0,6,76,6,88,164,84,191,12,451,0,0,0,451
04/12/2012,PBI,FL,ASO,ES,Combined TRACON& Tower with Radar,163,95,130,3,391,0,6,62,0,68,163,101,192,3,459,0,0,0,459
04/13/2012,PBI,FL,ASO,ES,Combined TRACON& Tower with Radar,169,84,120,0,373,0,5,67,2,74,169,89,187,2,447,0,0,0,447
04/14/2012,PBI,FL,ASO,ES,Combined TRACON& Tower with Radar,156,72,112,0,340,0,1,34,2,37,156,73,146,2,377,0,0,0,377
04/15/2012,PBI,FL,ASO,ES,Combined TRACON& Tower with Radar,155,132,187,2,476,0,3,56,0,59,155,135,243,2,535,0,0,0,535
04/16/2012,PBI,FL,ASO,ES,Combined TRACON& Tower with Radar,164,74,114,0,352,0,5,46,2,53,164,79,160,2,405,0,0,0,405
04/17/2012,PBI,FL,ASO,ES,Combined TRACON& Tower with Radar,153,62,102,3,320,0,10,71,0,81,153,72,173,3,401,0,0,0,401
04/18/2012,PBI,FL,ASO,ES,Combined TRACON& Tower with Radar,154,79,101,7,341,0,8,63,1,72,154,87,164,8,413,0,0,0,413
04/19/2012,PBI,FL,ASO,ES,Combined TRACON& Tower with Radar,156,82,104,11,353,0,11,49,1,61,156,93,153,12,414,0,0,0,414
04/20/2012,PBI,FL,ASO,ES,Combined TRACON& Tower with Radar,161,92,146,1,400,0,10,49,1,60,161,102,195,2,460,0,0,0,460
04/21/2012,PBI,FL,ASO,ES,Combined TRACON& Tower with Radar,146,87,57,5,295,0,3,14,0,17,146,90,71,5,312,0,0,0,312
04/22/2012,PBI,FL,ASO,ES,Combined TRACON& Tower with Radar,150,110,144,3,407,0,3,40,3,46,150,113,184,6,453,0,0,0,453
04/23/2012,PBI,FL,ASO,ES,Combined TRACON& Tower with Radar,157,82,126,4,369,0,7,64,2,73,157,89,190,6,442,0,0,0,442
04/24/2012,PBI,FL,ASO,ES,Combined TRACON& Tower with Radar,146,65,112,0,323,0,4,70,0,74,146,69,182,0,397,0,0,0,397
04/25/2012,PBI,FL,ASO,ES,Combined TRACON& Tower with Radar,150,65,128,2,345,0,11,89,0,100,150,76,217,2,445,0,0,0,445
04/26/2012,PBI,FL,ASO,ES,Combined TRACON& Tower with Radar,157,74,117,9,357,0,4,74,0,78,157,78,191,9,435,0,0,0,435
04/27/2012,PBI,FL,ASO,ES,Combined TRACON& Tower with Radar,155,86,117,0,358,0,12,85,2,99,155,98,202,2,457,0,0,0,457
04/28/2012,PBI,FL,ASO,ES,Combined TRACON& Tower with Radar,141,56,69,0,266,0,1,25,2,28,141,57,94,2,294,0,0,0,294
04/29/2012,PBI,FL,ASO,ES,Combined TRACON& Tower with Radar,147,93,117,0,357,0,1,15,1,17,147,94,132,1,374,0,0,0,374
04/30/2012,PBI,FL,ASO,ES,Combined TRACON& Tower with Radar,154,72,121,0,347,0,5,23,0,28,154,77,144,0,375,0,0,0,375
05/01/2012,PBI,FL,ASO,ES,Combined TRACON& Tower with Radar,128,66,90,0,284,0,8,39,0,47,128,74,129,0,331,30,0,30,361
05/02/2012,PBI,FL,ASO,ES,Combined TRACON& Tower with Radar,129,77,86,0,292,0,6,52,0,58,129,83,138,0,350,0,0,0,350
05/03/2012,PBI,FL,ASO,ES,Combined TRACON& Tower with Radar,127,74,106,0,307,0,10,70,0,80,127,84,176,0,387,0,0,0,387
05/04/2012,PBI,FL,ASO,ES,Combined TRACON& Tower with Radar,128,71,117,3,319,0,8,75,0,83,128,79,192,3,402,0,0,0,402
05/05/2012,PBI,FL,ASO,ES,Combined TRACON& Tower with Radar,118,54,60,2,234,0,8,47,0,55,118,62,107,2,289,0,0,0,289
05/06/2012,PBI,FL,ASO,ES,Combined TRACON& Tower with Radar,119,83,117,1,320,0,3,33,0,36,119,86,150,1,356,0,0,0,356
05/07/2012,PBI,FL,ASO,ES,Combined TRACON& Tower with Radar,123,75,108,0,306,0,5,78,1,84,123,80,186,1,390,0,0,0,390
05/08/2012,PBI,FL,ASO,ES,Combined TRACON& Tower with Radar,130,58,110,1,299,0,5,39,0,44,130,63,149,1,343,0,0,0,343
05/09/2012,PBI,FL,ASO,ES,Combined TRACON& Tower with Radar,127,60,113,1,301,0,4,50,0,54,127,64,163,1,355,0,0,0,355
05/10/2012,PBI,FL,ASO,ES,Combined TRACON& Tower with Radar,115,67,95,1,278,0,2,19,2,23,115,69,114,3,301,0,0,0,301
05/11/2012,PBI,FL,ASO,ES,Combined TRACON& Tower with Radar,126,74,103,0,303,0,6,65,4,75,126,80,168,4,378,0,0,0,378
05/12/2012,PBI,FL,ASO,ES,Combined TRACON& Tower with Radar,125,36,63,0,224,0,3,66,2,71,125,39,129,2,295,0,0,0,295
05/13/2012,PBI,FL,ASO,ES,Combined TRACON& Tower with Radar,117,63,95,0,275,0,3,45,5,53,117,66,140,5,328,0,0,0,328
05/14/2012,PBI,FL,ASO,ES,Combined TRACON& Tower with Radar,126,69,100,0,295,0,10,49,0,59,126,79,149,0,354,0,0,0,354
05/15/2012,PBI,FL,ASO,ES,Combined TRACON& Tower with Radar,127,48,118,6,299,0,12,54,2,68,127,60,172,8,367,46,0,46,413
05/16/2012,PBI,FL,ASO,ES,Combined TRACON& Tower with Radar,136,63,109,0,308,0,15,34,0,49,136,78,143,0,357,0,0,0,357
05/17/2012,PBI,FL,ASO,ES,Combined TRACON& Tower with Radar,133,54,77,2,266,0,10,30,0,40,133,64,107,2,306,0,0,0,306
05/18/2012,PBI,FL,ASO,ES,Combined TRACON& Tower with Radar,138,58,120,8,324,0,7,75,1,83,138,65,195,9,407,0,0,0,407
05/19/2012,PBI,FL,ASO,ES,Combined TRACON& Tower with Radar,123,40,46,0,209,0,3,18,0,21,123,43,64,0,230,0,0,0,230
05/20/2012,PBI,FL,ASO,ES,Combined TRACON& Tower with Radar,120,57,115,1,293,0,6,49,2,57,120,63,164,3,350,0,0,0,350
05/21/2012,PBI,FL,ASO,ES,Combined TRACON& Tower with Radar,127,51,86,0,264,0,12,59,1,72,127,63,145,1,336,0,0,0,336
05/22/2012,PBI,FL,ASO,ES,Combined TRACON& Tower with Radar,143,52,66,0,261,1,11,67,2,81,144,63,133,2,342,69,0,69,411
05/23/2012,PBI,FL,ASO,ES,Combined TRACON& Tower with Radar,130,59,71,0,260,0,8,55,1,64,130,67,126,1,324,0,0,0,324
05/24/2012,PBI,FL,ASO,ES,Combined TRACON& Tower with Radar,127,67,103,0,297,0,6,41,3,50,127,73,144,3,347,0,0,0,347
05/25/2012,PBI,FL,ASO,ES,Combined TRACON& Tower with Radar,134,72,116,0,322,0,12,102,2,116,134,84,218,2,438,0,0,0,438
05/26/2012,PBI,FL,ASO,ES,Combined TRACON& Tower with Radar,107,35,63,0,205,0,2,56,0,58,107,37,119,0,263,0,0,0,263
05/27/2012,PBI,FL,ASO,ES,Combined TRACON& Tower with Radar,103,27,40,0,170,0,0,36,0,36,103,27,76,0,206,0,0,0,206
05/28/2012,PBI,FL,ASO,ES,Combined TRACON& Tower with Radar,116,59,113,0,288,0,4,73,0,77,116,63,186,0,365,0,0,0,365
05/29/2012,PBI,FL,ASO,ES,Combined TRACON& Tower with Radar,111,48,108,4,271,0,11,63,0,74,111,59,171,4,345,0,0,0,345
05/30/2012,PBI,FL,ASO,ES,Combined TRACON& Tower with Radar,128,38,90,0,256,0,7,61,2,70,128,45,151,2,326,0,0,0,326
05/31/2012,PBI,FL,ASO,ES,Combined TRACON& Tower with Radar,125,53,100,2,280,0,11,55,7,73,125,64,155,9,353,0,0,0,353
06/01/2012,PBI,FL,ASO,ES,Combined TRACON& Tower with Radar,128,49,119,0,296,0,6,28,0,34,128,55,147,0,330,0,0,0,330
06/02/2012,PBI,FL,ASO,ES,Combined TRACON& Tower with Radar,118,45,50,1,214,0,2,36,3,41,118,47,86,4,255,0,0,0,255
06/03/2012,PBI,FL,ASO,ES,Combined TRACON& Tower with Radar,123,48,84,1,256,0,2,38,2,42,123,50,122,3,298,0,0,0,298
06/04/2012,PBI,FL,ASO,ES,Combined TRACON& Tower with Radar,121,45,80,2,248,0,5,67,1,73,121,50,147,3,321,0,0,0,321
06/05/2012,PBI,FL,ASO,ES,Combined TRACON& Tower with Radar,116,48,68,0,232,0,5,45,0,50,116,53,113,0,282,35,0,35,317
06/06/2012,PBI,FL,ASO,ES,Combined TRACON& Tower with Radar,120,39,65,0,224,0,4,51,0,55,120,43,116,0,279,0,0,0,279
06/07/2012,PBI,FL,ASO,ES,Combined TRACON& Tower with Radar,118,41,83,0,242,0,5,48,0,53,118,46,131,0,295,0,0,0,295
06/08/2012,PBI,FL,ASO,ES,Combined TRACON& Tower with Radar,122,37,72,0,231,0,6,35,0,41,122,43,107,0,272,0,0,0,272
06/09/2012,PBI,FL,ASO,ES,Combined TRACON& Tower with Radar,114,31,64,0,209,0,1,27,0,28,114,32,91,0,237,0,0,0,237
06/10/2012,PBI,FL,ASO,ES,Combined TRACON& Tower with Radar,115,54,66,0,235,0,0,52,0,52,115,54,118,0,287,0,0,0,287
06/11/2012,PBI,FL,ASO,ES,Combined TRACON& Tower with Radar,119,45,79,0,243,0,10,71,0,81,119,55,150,0,324,0,0,0,324
06/12/2012,PBI,FL,ASO,ES,Combined TRACON& Tower with Radar,119,41,65,0,225,0,8,76,1,85,119,49,141,1,310,0,0,0,310
06/13/2012,PBI,FL,ASO,ES,Combined TRACON& Tower with Radar,113,50,91,0,254,0,8,70,0,78,113,58,161,0,332,0,0,0,332
06/14/2012,PBI,FL,ASO,ES,Combined TRACON& Tower with Radar,135,64,109,1,309,0,9,76,0,85,135,73,185,1,394,0,0,0,394
06/15/2012,PBI,FL,ASO,ES,Combined TRACON& Tower with Radar,122,49,80,2,253,0,6,37,0,43,122,55,117,2,296,0,0,0,296
06/16/2012,PBI,FL,ASO,ES,Combined TRACON& Tower with Radar,115,36,89,0,240,0,2,50,0,52,115,38,139,0,292,0,0,0,292
06/17/2012,PBI,FL,ASO,ES,Combined TRACON& Tower with Radar,112,50,77,6,245,0,6,67,0,73,112,56,144,6,318,0,0,0,318
06/18/2012,PBI,FL,ASO,ES,Combined TRACON& Tower with Radar,117,45,85,0,247,0,12,64,0,76,117,57,149,0,323,0,0,0,323
06/19/2012,PBI,FL,ASO,ES,Combined TRACON& Tower with Radar,115,42,56,0,213,0,8,44,1,53,115,50,100,1,266,0,0,0,266
06/20/2012,PBI,FL,ASO,ES,Combined TRACON& Tower with Radar,119,29,71,0,219,0,2,14,0,16,119,31,85,0,235,0,0,0,235
06/21/2012,PBI,FL,ASO,ES,Combined TRACON& Tower with Radar,119,47,89,0,255,0,7,43,2,52,119,54,132,2,307,0,0,0,307
06/22/2012,PBI,FL,ASO,ES,Combined TRACON& Tower with Radar,113,58,61,0,232,0,7,37,0,44,113,65,98,0,276,0,0,0,276
06/23/2012,PBI,FL,ASO,ES,Combined TRACON& Tower with Radar,141,47,56,0,244,1,2,20,0,23,142,49,76,0,267,0,0,0,267
06/24/2012,PBI,FL,ASO,ES,Combined TRACON& Tower with Radar,120,37,60,0,217,0,0,22,0,22,120,37,82,0,239,0,0,0,239
06/25/2012,PBI,FL,ASO,ES,Combined TRACON& Tower with Radar,115,41,74,0,230,0,10,36,0,46,115,51,110,0,276,0,0,0,276
06/26/2012,PBI,FL,ASO,ES,Combined TRACON& Tower with Radar,123,35,47,0,205,1,4,26,2,33,124,39,73,2,238,0,0,0,238
06/27/2012,PBI,FL,ASO,ES,Combined TRACON& Tower with Radar,119,47,52,0,218,0,10,30,1,41,119,57,82,1,259,0,0,0,259
06/28/2012,PBI,FL,ASO,ES,Combined TRACON& Tower with Radar,123,51,65,6,245,0,10,69,1,80,123,61,134,7,325,0,0,0,325
06/29/2012,PBI,FL,ASO,ES,Combined TRACON& Tower with Radar,123,39,86,0,248,0,2,84,0,86,123,41,170,0,334,0,0,0,334
06/30/2012,PBI,FL,ASO,ES,Combined TRACON& Tower with Radar,116,30,37,2,185,0,4,66,2,72,116,34,103,4,257,0,0,0,257
07/01/2012,PBI,FL,ASO,ES,Combined TRACON& Tower with Radar,107,47,61,0,215,0,2,63,0,65,107,49,124,0,280,0,0,0,280
07/02/2012,PBI,FL,ASO,ES,Combined TRACON& Tower with Radar,117,33,59,3,212,0,8,72,0,80,117,41,131,3,292,0,0,0,292
07/03/2012,PBI,FL,ASO,ES,Combined TRACON& Tower with Radar,112,32,65,0,209,0,6,82,2,90,112,38,147,2,299,0,0,0,299
07/04/2012,PBI,FL,ASO,ES,Combined TRACON& Tower with Radar,103,12,43,2,160,0,0,53,0,53,103,12,96,2,213,0,0,0,213
07/05/2012,PBI,FL,ASO,ES,Combined TRACON& Tower with Radar,111,42,47,10,210,0,5,64,0,69,111,47,111,10,279,0,0,0,279
07/06/2012,PBI,FL,ASO,ES,Combined TRACON& Tower with Radar,118,31,57,3,209,0,7,75,1,83,118,38,132,4,292,0,0,0,292
07/07/2012,PBI,FL,ASO,ES,Combined TRACON& Tower with Radar,114,31,47,0,192,0,2,52,0,54,114,33,99,0,246,0,0,0,246
07/08/2012,PBI,FL,ASO,ES,Combined TRACON& Tower with Radar,116,44,74,2,236,0,2,56,0,58,116,46,130,2,294,0,0,0,294
07/09/2012,PBI,FL,ASO,ES,Combined TRACON& Tower with Radar,113,37,70,3,223,0,8,52,0,60,113,45,122,3,283,0,0,0,283
07/10/2012,PBI,FL,ASO,ES,Combined TRACON& Tower with Radar,119,38,37,6,200,0,10,43,1,54,119,48,80,7,254,0,0,0,254
07/11/2012,PBI,FL,ASO,ES,Combined TRACON& Tower with Radar,128,29,57,0,214,0,10,45,0,55,128,39,102,0,269,0,0,0,269
07/12/2012,PBI,FL,ASO,ES,Combined TRACON& Tower with Radar,129,33,70,5,237,0,7,61,3,71,129,40,131,8,308,0,0,0,308
07/13/2012,PBI,FL,ASO,ES,Combined TRACON& Tower with Radar,129,35,70,2,236,0,5,46,0,51,129,40,116,2,287,0,0,0,287
07/14/2012,PBI,FL,ASO,ES,Combined TRACON& Tower with Radar,114,21,46,4,185,0,5,46,2,53,114,26,92,6,238,0,0,0,238
07/15/2012,PBI,FL,ASO,ES,Combined TRACON& Tower with Radar,110,53,51,0,214,0,2,40,0,42,110,55,91,0,256,0,0,0,256
07/16/2012,PBI,FL,ASO,ES,Combined TRACON& Tower with Radar,142,21,60,4,227,0,6,40,7,53,142,27,100,11,280,0,0,0,280
07/17/2012,PBI,FL,ASO,ES,Combined TRACON& Tower with Radar,124,34,60,2,220,0,4,66,3,73,124,38,126,5,293,0,0,0,293
07/18/2012,PBI,FL,ASO,ES,Combined TRACON& Tower with Radar,108,45,59,3,215,0,5,54,0,59,108,50,113,3,274,0,0,0,274
07/19/2012,PBI,FL,ASO,ES,Combined TRACON& Tower with Radar,127,34,45,3,209,0,10,53,2,65,127,44,98,5,274,0,0,0,274
07/20/2012,PBI,FL,ASO,ES,Combined TRACON& Tower with Radar,122,34,59,5,220,0,0,58,0,58,122,34,117,5,278,0,0,0,278
07/21/2012,PBI,FL,ASO,ES,Combined TRACON& Tower with Radar,121,22,56,0,199,0,3,65,2,70,121,25,121,2,269,0,0,0,269
07/22/2012,PBI,FL,ASO,ES,Combined TRACON& Tower with Radar,137,45,79,2,263,2,2,19,0,23,139,47,98,2,286,0,0,0,286
07/23/2012,PBI,FL,ASO,ES,Combined TRACON& Tower with Radar,119,34,49,7,209,1,10,37,0,48,120,44,86,7,257,0,0,0,257
07/24/2012,PBI,FL,ASO,ES,Combined TRACON& Tower with Radar,117,28,54,4,203,0,9,49,0,58,117,37,103,4,261,0,0,0,261
07/25/2012,PBI,FL,ASO,ES,Combined TRACON& Tower with Radar,121,38,82,10,251,0,10,91,8,109,121,48,173,18,360,0,0,0,360
07/26/2012,PBI,FL,ASO,ES,Combined TRACON& Tower with Radar,117,34,56,2,209,0,6,62,1,69,117,40,118,3,278,0,0,0,278
07/27/2012,PBI,FL,ASO,ES,Combined TRACON& Tower with Radar,124,30,88,0,242,0,7,60,0,67,124,37,148,0,309,0,0,0,309
07/28/2012,PBI,FL,ASO,ES,Combined TRACON& Tower with Radar,113,33,40,0,186,0,1,49,0,50,113,34,89,0,236,0,0,0,236
07/29/2012,PBI,FL,ASO,ES,Combined TRACON& Tower with Radar,115,45,51,0,211,0,2,45,0,47,115,47,96,0,258,0,0,0,258
07/30/2012,PBI,FL,ASO,ES,Combined TRACON& Tower with Radar,119,34,61,4,218,0,7,60,1,68,119,41,121,5,286,0,0,0,286
07/31/2012,PBI,FL,ASO,ES,Combined TRACON& Tower with Radar,143,50,54,0,247,0,2,10,0,12,143,52,64,0,259,0,0,0,259
08/01/2012,PBI,FL,ASO,ES,Combined TRACON& Tower with Radar,145,41,90,0,276,0,4,18,0,22,145,45,108,0,298,0,0,0,298
08/02/2012,PBI,FL,ASO,ES,Combined TRACON& Tower with Radar,147,39,51,0,237,1,2,14,0,17,148,41,65,0,254,0,0,0,254
08/03/2012,PBI,FL,ASO,ES,Combined TRACON& Tower with Radar,139,44,66,0,249,0,5,24,2,31,139,49,90,2,280,0,0,0,280
08/04/2012,PBI,FL,ASO,ES,Combined TRACON& Tower with Radar,113,28,32,0,173,0,0,30,2,32,113,28,62,2,205,0,0,0,205
08/05/2012,PBI,FL,ASO,ES,Combined TRACON& Tower with Radar,106,36,39,0,181,0,1,40,0,41,106,37,79,0,222,0,0,0,222
08/06/2012,PBI,FL,ASO,ES,Combined TRACON& Tower with Radar,119,36,53,0,208,0,5,22,0,27,119,41,75,0,235,0,0,0,235
08/07/2012,PBI,FL,ASO,ES,Combined TRACON& Tower with Radar,123,34,55,0,212,0,7,58,1,66,123,41,113,1,278,0,0,0,278
08/08/2012,PBI,FL,ASO,ES,Combined TRACON& Tower with Radar,117,33,87,0,237,0,8,74,0,82,117,41,161,0,319,0,0,0,319
08/09/2012,PBI,FL,ASO,ES,Combined TRACON& Tower with Radar,118,31,78,1,228,0,7,62,2,71,118,38,140,3,299,4,0,4,303
08/10/2012,PBI,FL,ASO,ES,Combined TRACON& Tower with Radar,120,32,88,0,240,0,13,51,0,64,120,45,139,0,304,0,0,0,304
08/11/2012,PBI,FL,ASO,ES,Combined TRACON& Tower with Radar,127,33,35,0,195,0,1,29,0,30,127,34,64,0,225,0,0,0,225
08/12/2012,PBI,FL,ASO,ES,Combined TRACON& Tower with Radar,111,32,59,0,202,0,2,51,0,53,111,34,110,0,255,0,0,0,255
08/13/2012,PBI,FL,ASO,ES,Combined TRACON& Tower with Radar,114,38,73,0,225,0,9,57,0,66,114,47,130,0,291,0,0,0,291
08/14/2012,PBI,FL,ASO,ES,Combined TRACON& Tower with Radar,110,32,51,6,199,0,7,55,0,62,110,39,106,6,261,0,0,0,261
08/15/2012,PBI,FL,ASO,ES,Combined TRACON& Tower with Radar,113,33,60,0,206,0,8,57,0,65,113,41,117,0,271,0,0,0,271
08/16/2012,PBI,FL,ASO,ES,Combined TRACON& Tower with Radar,122,39,48,1,210,0,8,46,0,54,122,47,94,1,264,0,0,0,264
08/17/2012,PBI,FL,ASO,ES,Combined TRACON& Tower with Radar,119,32,84,0,235,0,4,55,1,60,119,36,139,1,295,0,0,0,295
08/18/2012,PBI,FL,ASO,ES,Combined TRACON& Tower with Radar,107,23,46,1,177,0,3,34,0,37,107,26,80,1,214,0,0,0,214
08/19/2012,PBI,FL,ASO,ES,Combined TRACON& Tower with Radar,106,38,62,1,207,0,0,52,2,54,106,38,114,3,261,0,0,0,261
08/20/2012,PBI,FL,ASO,ES,Combined TRACON& Tower with Radar,112,36,81,3,232,0,6,44,2,52,112,42,125,5,284,0,0,0,284
08/21/2012,PBI,FL,ASO,ES,Combined TRACON& Tower with Radar,116,22,51,0,189,0,6,44,0,50,116,28,95,0,239,0,0,0,239
08/22/2012,PBI,FL,ASO,ES,Combined TRACON& Tower with Radar,113,39,60,2,214,0,9,43,3,55,113,48,103,5,269,0,0,0,269
08/23/2012,PBI,FL,ASO,ES,Combined TRACON& Tower with Radar,116,36,68,3,223,0,5,59,2,66,116,41,127,5,289,0,0,0,289
08/24/2012,PBI,FL,ASO,ES,Combined TRACON& Tower with Radar,116,30,59,0,205,0,1,41,0,42,116,31,100,0,247,0,0,0,247
08/25/2012,PBI,FL,ASO,ES,Combined TRACON& Tower with Radar,102,40,47,0,189,0,2,19,0,21,102,42,66,0,210,0,0,0,210
08/26/2012,PBI,FL,ASO,ES,Combined TRACON& Tower with Radar,83,12,16,0,111,0,0,1,0,1,83,12,17,0,112,0,0,0,112
08/27/2012,PBI,FL,ASO,ES,Combined TRACON& Tower with Radar,105,17,26,0,148,0,0,6,0,6,105,17,32,0,154,0,0,0,154
08/28/2012,PBI,FL,ASO,ES,Combined TRACON& Tower with Radar,117,24,43,0,184,0,1,48,0,49,117,25,91,0,233,0,0,0,233
08/29/2012,PBI,FL,ASO,ES,Combined TRACON& Tower with Radar,114,32,57,2,205,0,2,66,0,68,114,34,123,2,273,0,0,0,273
08/30/2012,PBI,FL,ASO,ES,Combined TRACON& Tower with Radar,117,40,68,0,225,0,5,107,5,117,117,45,175,5,342,0,0,0,342
08/31/2012,PBI,FL,ASO,ES,Combined TRACON& Tower with Radar,120,35,86,0,241,0,1,60,0,61,120,36,146,0,302,0,0,0,302
09/01/2012,PBI,FL,ASO,ES,Combined TRACON& Tower with Radar,91,8,43,0,142,0,6,37,2,45,91,14,80,2,187,0,0,0,187
09/02/2012,PBI,FL,ASO,ES,Combined TRACON& Tower with Radar,87,21,33,0,141,0,2,34,0,36,87,23,67,0,177,0,0,0,177
09/03/2012,PBI,FL,ASO,ES,Combined TRACON& Tower with Radar,106,32,74,0,212,0,2,68,0,70,106,34,142,0,282,0,0,0,282
09/04/2012,PBI,FL,ASO,ES,Combined TRACON& Tower with Radar,110,28,50,2,190,0,6,43,0,49,110,34,93,2,239,0,0,0,239
09/05/2012,PBI,FL,ASO,ES,Combined TRACON& Tower with Radar,109,34,59,1,203,0,8,51,0,59,109,42,110,1,262,0,0,0,262
09/06/2012,PBI,FL,ASO,ES,Combined TRACON& Tower with Radar,110,37,57,3,207,0,7,43,0,50,110,44,100,3,257,0,0,0,257
09/07/2012,PBI,FL,ASO,ES,Combined TRACON& Tower with Radar,118,29,51,0,198,0,7,53,1,61,118,36,104,1,259,0,0,0,259
09/08/2012,PBI,FL,ASO,ES,Combined TRACON& Tower with Radar,90,27,50,3,170,0,7,42,5,54,90,34,92,8,224,0,0,0,224
09/09/2012,PBI,FL,ASO,ES,Combined TRACON& Tower with Radar,111,29,47,1,188,0,5,29,2,36,111,34,76,3,224,0,0,0,224
09/10/2012,PBI,FL,ASO,ES,Combined TRACON& Tower with Radar,106,27,71,0,204,0,6,52,2,60,106,33,123,2,264,0,0,0,264
09/11/2012,PBI,FL,ASO,ES,Combined TRACON& Tower with Radar,100,29,57,1,187,0,7,35,1,43,100,36,92,2,230,0,0,0,230
09/12/2012,PBI,FL,ASO,ES,Combined TRACON& Tower with Radar,107,34,58,3,202,0,4,49,3,56,107,38,107,6,258,0,0,0,258
09/13/2012,PBI,FL,ASO,ES,Combined TRACON& Tower with Radar,113,39,65,5,222,0,12,67,0,79,113,51,132,5,301,0,0,0,301
09/14/2012,PBI,FL,ASO,ES,Combined TRACON& Tower with Radar,117,20,57,2,196,0,8,76,9,93,117,28,133,11,289,0,0,0,289
09/15/2012,PBI,FL,ASO,ES,Combined TRACON& Tower with Radar,94,13,38,0,145,0,3,30,0,33,94,16,68,0,178,0,0,0,178
09/16/2012,PBI,FL,ASO,ES,Combined TRACON& Tower with Radar,110,33,59,2,204,0,2,32,0,34,110,35,91,2,238,0,0,0,238
09/17/2012,PBI,FL,ASO,ES,Combined TRACON& Tower with Radar,103,31,64,1,199,0,7,77,2,86,103,38,141,3,285,0,0,0,285
09/18/2012,PBI,FL,ASO,ES,Combined TRACON& Tower with Radar,100,21,52,0,173,0,12,41,0,53,100,33,93,0,226,0,0,0,226
09/19/2012,PBI,FL,ASO,ES,Combined TRACON& Tower with Radar,116,40,98,2,256,0,4,56,2,62,116,44,154,4,318,0,0,0,318
09/20/2012,PBI,FL,ASO,ES,Combined TRACON& Tower with Radar,112,34,83,6,235,0,9,73,0,82,112,43,156,6,317,0,0,0,317
09/21/2012,PBI,FL,ASO,ES,Combined TRACON& Tower with Radar,117,23,62,16,218,0,11,34,0,45,117,34,96,16,263,0,0,0,263
09/22/2012,PBI,FL,ASO,ES,Combined TRACON& Tower with Radar,94,25,44,0,163,0,3,16,0,19,94,28,60,0,182,0,0,0,182
09/23/2012,PBI,FL,ASO,ES,Combined TRACON& Tower with Radar,111,32,59,5,207,0,1,23,0,24,111,33,82,5,231,0,0,0,231
09/24/2012,PBI,FL,ASO,ES,Combined TRACON& Tower with Radar,107,32,71,0,210,0,7,62,0,69,107,39,133,0,279,0,0,0,279
09/25/2012,PBI,FL,ASO,ES,Combined TRACON& Tower with Radar,105,38,55,2,200,0,6,57,0,63,105,44,112,2,263,0,0,0,263
09/26/2012,PBI,FL,ASO,ES,Combined TRACON& Tower with Radar,109,25,61,1,196,0,7,50,1,58,109,32,111,2,254,0,0,0,254
09/27/2012,PBI,FL,ASO,ES,Combined TRACON& Tower with Radar,114,32,68,3,217,0,8,45,0,53,114,40,113,3,270,0,0,0,270
09/28/2012,PBI,FL,ASO,ES,Combined TRACON& Tower with Radar,115,25,60,3,203,0,6,47,3,56,115,31,107,6,259,0,0,0,259
09/29/2012,PBI,FL,ASO,ES,Combined TRACON& Tower with Radar,90,22,48,0,160,0,6,50,0,56,90,28,98,0,216,0,0,0,216
09/30/2012,PBI,FL,ASO,ES,Combined TRACON& Tower with Radar,110,20,61,0,191,0,3,40,0,43,110,23,101,0,234,0,0,0,234
10/01/2012,PBI,FL,ASO,ES,Combined TRACON& Tower with Radar,119,30,72,2,223,0,1,36,3,40,119,31,108,5,263,0,0,0,263
10/02/2012,PBI,FL,ASO,ES,Combined TRACON& Tower with Radar,101,28,63,0,192,0,6,33,2,41,101,34,96,2,233,0,0,0,233
10/03/2012,PBI,FL,ASO,ES,Combined TRACON& Tower with Radar,116,40,90,0,246,0,7,94,6,107,116,47,184,6,353,0,0,0,353
10/04/2012,PBI,FL,ASO,ES,Combined TRACON& Tower with Radar,125,53,73,0,251,0,8,60,1,69,125,61,133,1,320,0,0,0,320
10/05/2012,PBI,FL,ASO,ES,Combined TRACON& Tower with Radar,128,45,75,1,249,0,4,42,2,48,128,49,117,3,297,0,0,0,297
10/06/2012,PBI,FL,ASO,ES,Combined TRACON& Tower with Radar,102,42,60,0,204,0,3,29,0,32,102,45,89,0,236,0,0,0,236
10/07/2012,PBI,FL,ASO,ES,Combined TRACON& Tower with Radar,117,34,64,0,215,0,4,27,0,31,117,38,91,0,246,0,0,0,246
10/08/2012,PBI,FL,ASO,ES,Combined TRACON& Tower with Radar,124,38,79,0,241,0,8,49,0,57,124,46,128,0,298,0,0,0,298
10/09/2012,PBI,FL,ASO,ES,Combined TRACON& Tower with Radar,122,28,70,0,220,0,11,47,0,58,122,39,117,0,278,0,0,0,278
10/10/2012,PBI,FL,ASO,ES,Combined TRACON& Tower with Radar,123,41,88,0,252,0,12,64,0,76,123,53,152,0,328,0,0,0,328
10/11/2012,PBI,FL,ASO,ES,Combined TRACON& Tower with Radar,127,48,103,4,282,0,4,42,2,48,127,52,145,6,330,0,0,0,330
10/12/2012,PBI,FL,ASO,ES,Combined TRACON& Tower with Radar,128,46,94,4,272,0,9,57,2,68,128,55,151,6,340,0,0,0,340
10/13/2012,PBI,FL,ASO,ES,Combined TRACON& Tower with Radar,100,38,51,0,189,0,5,39,0,44,100,43,90,0,233,0,0,0,233
10/14/2012,PBI,FL,ASO,ES,Combined TRACON& Tower with Radar,122,52,74,2,250,0,1,29,1,31,122,53,103,3,281,0,0,0,281
10/15/2012,PBI,FL,ASO,ES,Combined TRACON& Tower with Radar,122,46,91,0,259,0,5,43,1,49,122,51,134,1,308,0,0,0,308
10/16/2012,PBI,FL,ASO,ES,Combined TRACON& Tower with Radar,119,46,97,0,262,0,9,73,7,89,119,55,170,7,351,0,0,0,351
10/17/2012,PBI,FL,ASO,ES,Combined TRACON& Tower with Radar,124,44,89,0,257,0,6,27,0,33,124,50,116,0,290,0,0,0,290
10/18/2012,PBI,FL,ASO,ES,Combined TRACON& Tower with Radar,120,55,101,2,278,0,9,62,1,72,120,64,163,3,350,0,0,0,350
10/19/2012,PBI,FL,ASO,ES,Combined TRACON& Tower with Radar,132,49,99,5,285,0,7,69,4,80,132,56,168,9,365,0,0,0,365
10/20/2012,PBI,FL,ASO,ES,Combined TRACON& Tower with Radar,105,28,81,0,214,0,1,61,0,62,105,29,142,0,276,0,0,0,276
10/21/2012,PBI,FL,ASO,ES,Combined TRACON& Tower with Radar,123,59,72,2,256,0,1,56,0,57,123,60,128,2,313,0,0,0,313
10/22/2012,PBI,FL,ASO,ES,Combined TRACON& Tower with Radar,124,46,69,3,242,0,2,36,4,42,124,48,105,7,284,0,0,0,284
10/23/2012,PBI,FL,ASO,ES,Combined TRACON& Tower with Radar,122,37,79,4,242,0,1,30,5,36,122,38,109,9,278,0,0,0,278
10/24/2012,PBI,FL,ASO,ES,Combined TRACON& Tower with Radar,124,66,72,11,273,0,8,40,0,48,124,74,112,11,321,0,0,0,321
10/25/2012,PBI,FL,ASO,ES,Combined TRACON& Tower with Radar,130,48,69,0,247,0,0,14,0,14,130,48,83,0,261,0,0,0,261
10/26/2012,PBI,FL,ASO,ES,Combined TRACON& Tower with Radar,129,39,23,0,191,0,1,3,0,4,129,40,26,0,195,0,0,0,195
10/27/2012,PBI,FL,ASO,ES,Combined TRACON& Tower with Radar,98,42,76,0,216,0,3,20,0,23,98,45,96,0,239,0,0,0,239
10/28/2012,PBI,FL,ASO,ES,Combined TRACON& Tower with Radar,115,75,98,2,290,0,1,24,0,25,115,76,122,2,315,0,0,0,315
10/29/2012,PBI,FL,ASO,ES,Combined TRACON& Tower with Radar,65,28,83,0,176,0,3,58,0,61,65,31,141,0,237,0,0,0,237
10/30/2012,PBI,FL,ASO,ES,Combined TRACON& Tower with Radar,61,35,64,2,162,0,6,59,0,65,61,41,123,2,227,0,0,0,227
10/31/2012,PBI,FL,ASO,ES,Combined TRACON& Tower with Radar,77,77,75,2,231,0,9,58,0,67,77,86,133,2,298,6,0,6,304
11/01/2012,PBI,FL,ASO,ES,Combined TRACON& Tower with Radar,124,95,131,1,351,0,9,67,0,76,124,104,198,1,427,6,0,6,433
11/02/2012,PBI,FL,ASO,ES,Combined TRACON& Tower with Radar,134,73,112,0,319,0,6,44,0,50,134,79,156,0,369,0,0,0,369
11/03/2012,PBI,FL,ASO,ES,Combined TRACON& Tower with Radar,122,52,59,0,233,0,12,57,0,69,122,64,116,0,302,0,0,0,302
11/04/2012,PBI,FL,ASO,ES,Combined TRACON& Tower with Radar,125,75,149,0,349,0,5,61,1,67,125,80,210,1,416,0,0,0,416
11/05/2012,PBI,FL,ASO,ES,Combined TRACON& Tower with Radar,132,51,109,0,292,0,10,54,0,64,132,61,163,0,356,0,0,0,356
11/06/2012,PBI,FL,ASO,ES,Combined TRACON& Tower with Radar,123,65,92,3,283,0,7,61,1,69,123,72,153,4,352,0,0,0,352
11/07/2012,PBI,FL,ASO,ES,Combined TRACON& Tower with Radar,103,68,88,2,261,0,3,67,0,70,103,71,155,2,331,0,0,0,331
11/08/2012,PBI,FL,ASO,ES,Combined TRACON& Tower with Radar,126,96,111,2,335,0,7,56,2,65,126,103,167,4,400,0,0,0,400
11/09/2012,PBI,FL,ASO,ES,Combined TRACON& Tower with Radar,139,60,135,1,335,0,4,65,0,69,139,64,200,1,404,0,0,0,404
11/10/2012,PBI,FL,ASO,ES,Combined TRACON& Tower with Radar,119,51,91,0,261,0,4,45,0,49,119,55,136,0,310,0,0,0,310
11/11/2012,PBI,FL,ASO,ES,Combined TRACON& Tower with Radar,130,85,140,0,355,0,2,50,0,52,130,87,190,0,407,0,0,0,407
11/12/2012,PBI,FL,ASO,ES,Combined TRACON& Tower with Radar,131,49,113,2,295,0,5,42,0,47,131,54,155,2,342,0,0,0,342
11/13/2012,PBI,FL,ASO,ES,Combined TRACON& Tower with Radar,123,63,113,0,299,0,5,78,1,84,123,68,191,1,383,0,0,0,383
11/14/2012,PBI,FL,ASO,ES,Combined TRACON& Tower with Radar,124,66,104,2,296,0,14,51,1,66,124,80,155,3,362,0,0,0,362
11/15/2012,PBI,FL,ASO,ES,Combined TRACON& Tower with Radar,145,88,142,5,380,0,4,53,6,63,145,92,195,11,443,0,0,0,443
11/16/2012,PBI,FL,ASO,ES,Combined TRACON& Tower with Radar,156,77,195,0,428,0,2,41,2,45,156,79,236,2,473,0,0,0,473
11/17/2012,PBI,FL,ASO,ES,Combined TRACON& Tower with Radar,145,64,77,2,288,0,2,48,2,52,145,66,125,4,340,0,0,0,340
11/18/2012,PBI,FL,ASO,ES,Combined TRACON& Tower with Radar,150,79,157,0,386,0,2,44,1,47,150,81,201,1,433,0,0,0,433
11/19/2012,PBI,FL,ASO,ES,Combined TRACON& Tower with Radar,154,62,101,0,317,0,8,42,0,50,154,70,143,0,367,0,0,0,367
11/20/2012,PBI,FL,ASO,ES,Combined TRACON& Tower with Radar,160,98,152,0,410,0,0,37,0,37,160,98,189,0,447,0,0,0,447
11/21/2012,PBI,FL,ASO,ES,Combined TRACON& Tower with Radar,164,102,167,0,433,0,8,76,0,84,164,110,243,0,517,0,0,0,517
11/22/2012,PBI,FL,ASO,ES,Combined TRACON& Tower with Radar,103,50,37,0,190,0,1,22,0,23,103,51,59,0,213,0,0,0,213
11/23/2012,PBI,FL,ASO,ES,Combined TRACON& Tower with Radar,133,55,77,0,265,0,2,50,0,52,133,57,127,0,317,0,0,0,317
11/24/2012,PBI,FL,ASO,ES,Combined TRACON& Tower with Radar,156,78,118,0,352,0,2,48,0,50,156,80,166,0,402,0,0,0,402
11/25/2012,PBI,FL,ASO,ES,Combined TRACON& Tower with Radar,160,125,285,0,570,0,2,68,0,70,160,127,353,0,640,0,0,0,640
11/26/2012,PBI,FL,ASO,ES,Combined TRACON& Tower with Radar,171,88,117,8,384,0,4,62,0,66,171,92,179,8,450,0,0,0,450
11/27/2012,PBI,FL,ASO,ES,Combined TRACON& Tower with Radar,132,74,96,3,305,0,9,51,1,61,132,83,147,4,366,0,0,0,366
11/28/2012,PBI,FL,ASO,ES,Combined TRACON& Tower with Radar,131,66,101,0,298,0,4,69,0,73,131,70,170,0,371,0,0,0,371
11/29/2012,PBI,FL,ASO,ES,Combined TRACON& Tower with Radar,143,67,117,1,328,0,5,40,1,46,143,72,157,2,374,0,0,0,374
11/30/2012,PBI,FL,ASO,ES,Combined TRACON& Tower with Radar,141,61,140,0,342,0,7,80,0,87,141,68,220,0,429,0,0,0,429
12/01/2012,PBI,FL,ASO,ES,Combined TRACON& Tower with Radar,121,63,91,0,275,0,5,46,0,51,121,68,137,0,326,0,0,0,326
12/02/2012,PBI,FL,ASO,ES,Combined TRACON& Tower with Radar,134,62,116,0,312,0,1,24,9,34,134,63,140,9,346,0,0,0,346
12/03/2012,PBI,FL,ASO,ES,Combined TRACON& Tower with Radar,137,71,96,0,304,0,13,74,0,87,137,84,170,0,391,0,0,0,391
12/04/2012,PBI,FL,ASO,ES,Combined TRACON& Tower with Radar,129,60,97,6,292,0,8,48,1,57,129,68,145,7,349,0,0,0,349
12/05/2012,PBI,FL,ASO,ES,Combined TRACON& Tower with Radar,128,47,99,1,275,0,8,55,1,64,128,55,154,2,339,0,0,0,339
12/06/2012,PBI,FL,ASO,ES,Combined TRACON& Tower with Radar,142,67,114,4,327,0,8,49,1,58,142,75,163,5,385,0,0,0,385
12/07/2012,PBI,FL,ASO,ES,Combined TRACON& Tower with Radar,141,75,119,4,339,0,4,69,5,78,141,79,188,9,417,0,0,0,417
12/08/2012,PBI,FL,ASO,ES,Combined TRACON& Tower with Radar,118,62,80,0,260,0,0,46,0,46,118,62,126,0,306,0,0,0,306
12/09/2012,PBI,FL,ASO,ES,Combined TRACON& Tower with Radar,126,84,116,4,330,0,3,30,0,33,126,87,146,4,363,0,0,0,363
12/10/2012,PBI,FL,ASO,ES,Combined TRACON& Tower with Radar,133,71,115,1,320,0,8,59,8,75,133,79,174,9,395,0,0,0,395
12/11/2012,PBI,FL,ASO,ES,Combined TRACON& Tower with Radar,132,61,110,0,303,0,6,39,4,49,132,67,149,4,352,0,0,0,352
12/12/2012,PBI,FL,ASO,ES,Combined TRACON& Tower with Radar,130,60,104,3,297,0,8,64,5,77,130,68,168,8,374,0,0,0,374
12/13/2012,PBI,FL,ASO,ES,Combined TRACON& Tower with Radar,140,59,135,2,336,0,7,35,1,43,140,66,170,3,379,0,0,0,379
12/14/2012,PBI,FL,ASO,ES,Combined TRACON& Tower with Radar,149,73,129,3,354,0,10,64,0,74,149,83,193,3,428,0,0,0,428
12/15/2012,PBI,FL,ASO,ES,Combined TRACON& Tower with Radar,132,51,101,0,284,0,5,57,0,62,132,56,158,0,346,0,0,0,346
12/16/2012,PBI,FL,ASO,ES,Combined TRACON& Tower with Radar,133,68,95,1,297,0,2,43,0,45,133,70,138,1,342,0,0,0,342
12/17/2012,PBI,FL,ASO,ES,Combined TRACON& Tower with Radar,143,72,121,0,336,0,5,56,2,63,143,77,177,2,399,0,0,0,399
12/18/2012,PBI,FL,ASO,ES,Combined TRACON& Tower with Radar,145,58,89,2,294,0,7,59,0,66,145,65,148,2,360,0,0,0,360
12/19/2012,PBI,FL,ASO,ES,Combined TRACON& Tower with Radar,157,75,122,2,356,0,16,77,0,93,157,91,199,2,449,0,0,0,449
12/20/2012,PBI,FL,ASO,ES,Combined TRACON& Tower with Radar,170,108,126,0,404,0,9,53,0,62,170,117,179,0,466,0,0,0,466
12/21/2012,PBI,FL,ASO,ES,Combined TRACON& Tower with Radar,174,111,154,0,439,0,4,42,1,47,174,115,196,1,486,0,0,0,486
12/22/2012,PBI,FL,ASO,ES,Combined TRACON& Tower with Radar,170,117,165,0,452,0,7,49,0,56,170,124,214,0,508,0,0,0,508
12/23/2012,PBI,FL,ASO,ES,Combined TRACON& Tower with Radar,161,105,137,0,403,0,4,56,2,62,161,109,193,2,465,0,0,0,465
12/24/2012,PBI,FL,ASO,ES,Combined TRACON& Tower with Radar,160,38,69,0,267,0,2,36,3,41,160,40,105,3,308,0,0,0,308
12/25/2012,PBI,FL,ASO,ES,Combined TRACON& Tower with Radar,147,83,53,0,283,0,3,13,2,18,147,86,66,2,301,0,0,0,301
12/26/2012,PBI,FL,ASO,ES,Combined TRACON& Tower with Radar,168,146,241,0,555,0,3,46,1,50,168,149,287,1,605,0,0,0,605
12/27/2012,PBI,FL,ASO,ES,Combined TRACON& Tower with Radar,188,174,235,0,597,0,3,70,0,73,188,177,305,0,670,0,0,0,670
12/28/2012,PBI,FL,ASO,ES,Combined TRACON& Tower with Radar,175,150,171,2,498,2,5,42,0,49,177,155,213,2,547,0,0,0,547
12/29/2012,PBI,FL,ASO,ES,Combined TRACON& Tower with Radar,171,115,118,0,404,0,5,51,0,56,171,120,169,0,460,0,0,0,460
12/30/2012,PBI,FL,ASO,ES,Combined TRACON& Tower with Radar,171,97,130,0,398,0,9,40,0,49,171,106,170,0,447,0,0,0,447
12/31/2012,PBI,FL,ASO,ES,Combined TRACON& Tower with Radar,167,72,85,0,324,0,4,54,0,58,167,76,139,0,382,0,0,0,382
01/01/2013,PBI,FL,ASO,ES,Combined TRACON& Tower with Radar,155,135,156,0,446,0,7,36,0,43,155,142,192,0,489,0,0,0,489
01/02/2013,PBI,FL,ASO,ES,Combined TRACON& Tower with Radar,177,124,198,0,499,0,5,85,2,92,177,129,283,2,591,0,0,0,591
01/03/2013,PBI,FL,ASO,ES,Combined TRACON& Tower with Radar,179,81,149,1,410,0,8,86,0,94,179,89,235,1,504,0,0,0,504
01/04/2013,PBI,FL,ASO,ES,Combined TRACON& Tower with Radar,179,105,154,0,438,0,0,56,4,60,179,105,210,4,498,0,0,0,498
01/05/2013,PBI,FL,ASO,ES,Combined TRACON& Tower with Radar,161,126,169,7,463,0,3,32,2,37,161,129,201,9,500,0,0,0,500
01/06/2013,PBI,FL,ASO,ES,Combined TRACON& Tower with Radar,164,139,206,2,511,0,2,45,2,49,164,141,251,4,560,0,0,0,560
01/07/2013,PBI,FL,ASO,ES,Combined TRACON& Tower with Radar,149,67,132,0,348,0,5,59,2,66,149,72,191,2,414,0,0,0,414
01/08/2013,PBI,FL,ASO,ES,Combined TRACON& Tower with Radar,145,71,130,2,348,0,5,47,2,54,145,76,177,4,402,0,0,0,402
01/09/2013,PBI,FL,ASO,ES,Combined TRACON& Tower with Radar,151,93,128,2,374,0,7,54,6,67,151,100,182,8,441,0,0,0,441
01/10/2013,PBI,FL,ASO,ES,Combined TRACON& Tower with Radar,150,114,110,2,376,0,5,79,2,86,150,119,189,4,462,0,0,0,462
01/11/2013,PBI,FL,ASO,ES,Combined TRACON& Tower with Radar,153,87,139,6,385,0,0,64,0,64,153,87,203,6,449,0,0,0,449
01/12/2013,PBI,FL,ASO,ES,Combined TRACON& Tower with Radar,135,72,96,0,303,0,3,68,1,72,135,75,164,1,375,0,0,0,375
01/13/2013,PBI,FL,ASO,ES,Combined TRACON& Tower with Radar,145,98,135,2,380,0,4,40,0,44,145,102,175,2,424,0,0,0,424
01/14/2013,PBI,FL,ASO,ES,Combined TRACON& Tower with Radar,147,82,124,0,353,0,12,73,4,89,147,94,197,4,442,0,0,0,442
01/15/2013,PBI,FL,ASO,ES,Combined TRACON& Tower with Radar,145,70,111,0,326,0,8,70,2,80,145,78,181,2,406,0,0,0,406
01/16/2013,PBI,FL,ASO,ES,Combined TRACON& Tower with Radar,149,72,109,3,333,0,10,46,1,57,149,82,155,4,390,0,0,0,390
01/17/2013,PBI,FL,ASO,ES,Combined TRACON& Tower with Radar,147,139,154,0,440,0,12,48,2,62,147,151,202,2,502,0,0,0,502
01/18/2013,PBI,FL,ASO,ES,Combined TRACON& Tower with Radar,155,151,203,0,509,0,6,69,2,77,155,157,272,2,586,0,0,0,586
01/19/2013,PBI,FL,ASO,ES,Combined TRACON& Tower with Radar,139,91,90,0,320,0,2,25,2,29,139,93,115,2,349,0,0,0,349
01/20/2013,PBI,FL,ASO,ES,Combined TRACON& Tower with Radar,140,99,132,0,371,0,3,36,0,39,140,102,168,0,410,0,0,0,410
01/21/2013,PBI,FL,ASO,ES,Combined TRACON& Tower with Radar,145,158,214,4,521,0,5,53,3,61,145,163,267,7,582,0,0,0,582
01/22/2013,PBI,FL,ASO,ES,Combined TRACON& Tower with Radar,147,82,111,5,345,0,10,36,0,46,147,92,147,5,391,0,0,0,391
01/23/2013,PBI,FL,ASO,ES,Combined TRACON& Tower with Radar,148,69,142,0,359,0,3,87,5,95,148,72,229,5,454,0,0,0,454
01/24/2013,PBI,FL,ASO,ES,Combined TRACON& Tower with Radar,148,99,191,7,445,0,6,61,3,70,148,105,252,10,515,0,0,0,515
01/25/2013,PBI,FL,ASO,ES,Combined TRACON& Tower with Radar,151,111,150,5,417,0,8,77,2,87,151,119,227,7,504,0,0,0,504
01/26/2013,PBI,FL,ASO,ES,Combined TRACON& Tower with Radar,139,74,104,1,318,0,1,52,2,55,139,75,156,3,373,0,0,0,373
01/27/2013,PBI,FL,ASO,ES,Combined TRACON& Tower with Radar,141,137,184,1,463,0,2,35,0,37,141,139,219,1,500,0,0,0,500
01/28/2013,PBI,FL,ASO,ES,Combined TRACON& Tower with Radar,144,82,113,1,340,0,7,46,0,53,144,89,159,1,393,0,0,0,393
01/29/2013,PBI,FL,ASO,ES,Combined TRACON& Tower with Radar,145,63,112,2,322,0,8,44,2,54,145,71,156,4,376,0,0,0,376
01/30/2013,PBI,FL,ASO,ES,Combined TRACON& Tower with Radar,144,79,125,11,359,0,7,58,3,68,144,86,183,14,427,0,0,0,427
01/31/2013,PBI,FL,ASO,ES,Combined TRACON& Tower with Radar,155,108,171,5,439,0,7,51,5,63,155,115,222,10,502,0,0,0,502
02/01/2013,PBI,FL,ASO,ES,Combined TRACON& Tower with Radar,156,113,148,2,419,0,11,74,6,91,156,124,222,8,510,0,0,0,510
02/02/2013,PBI,FL,ASO,ES,Combined TRACON& Tower with Radar,136,73,110,0,319,0,5,37,3,45,136,78,147,3,364,0,0,0,364
02/03/2013,PBI,FL,ASO,ES,Combined TRACON& Tower with Radar,141,116,152,3,412,0,1,46,3,50,141,117,198,6,462,0,0,0,462
02/04/2013,PBI,FL,ASO,ES,Combined TRACON& Tower with Radar,145,103,143,4,395,0,5,75,2,82,145,108,218,6,477,0,0,0,477
02/05/2013,PBI,FL,ASO,ES,Combined TRACON& Tower with Radar,147,72,115,4,338,0,7,78,2,87,147,79,193,6,425,0,0,0,425
02/06/2013,PBI,FL,ASO,ES,Combined TRACON& Tower with Radar,150,83,120,0,353,0,5,56,3,64,150,88,176,3,417,0,0,0,417
02/07/2013,PBI,FL,ASO,ES,Combined TRACON& Tower with Radar,152,104,183,0,439,0,6,71,0,77,152,110,254,0,516,0,0,0,516
02/08/2013,PBI,FL,ASO,ES,Combined TRACON& Tower with Radar,123,128,175,5,431,0,6,74,4,84,123,134,249,9,515,0,0,0,515
02/09/2013,PBI,FL,ASO,ES,Combined TRACON& Tower with Radar,116,76,109,0,301,0,5,30,7,42,116,81,139,7,343,0,0,0,343
02/10/2013,PBI,FL,ASO,ES,Combined TRACON& Tower with Radar,139,129,179,0,447,0,3,43,4,50,139,132,222,4,497,0,0,0,497
02/11/2013,PBI,FL,ASO,ES,Combined TRACON& Tower with Radar,144,90,158,1,393,0,11,64,2,77,144,101,222,3,470,0,0,0,470
02/12/2013,PBI,FL,ASO,ES,Combined TRACON& Tower with Radar,195,66,117,2,380,0,6,70,0,76,195,72,187,2,456,0,0,0,456
02/13/2013,PBI,FL,ASO,ES,Combined TRACON& Tower with Radar,156,110,153,0,419,0,11,86,1,98,156,121,239,1,517,0,0,0,517
02/14/2013,PBI,FL,ASO,ES,Combined TRACON& Tower with Radar,181,158,213,2,554,0,7,21,0,28,181,165,234,2,582,0,0,0,582
02/15/2013,PBI,FL,ASO,ES,Combined TRACON& Tower with Radar,185,163,241,4,593,0,9,30,4,43,185,172,271,8,636,0,0,0,636
02/16/2013,PBI,FL,ASO,ES,Combined TRACON& Tower with Radar,167,113,114,0,394,0,5,27,0,32,167,118,141,0,426,0,0,0,426
02/17/2013,PBI,FL,ASO,ES,Combined TRACON& Tower with Radar,182,122,161,0,465,0,1,21,1,23,182,123,182,1,488,0,0,0,488
02/18/2013,PBI,FL,ASO,ES,Combined TRACON& Tower with Radar,183,166,205,3,557,0,9,46,5,60,183,175,251,8,617,0,0,0,617
02/19/2013,PBI,FL,ASO,ES,Combined TRACON& Tower with Radar,177,149,164,4,494,0,1,69,2,72,177,150,233,6,566,15,0,15,581
02/20/2013,PBI,FL,ASO,ES,Combined TRACON& Tower with Radar,180,95,132,0,407,0,4,74,0,78,180,99,206,0,485,0,0,0,485
02/21/2013,PBI,FL,ASO,ES,Combined TRACON& Tower with Radar,185,120,170,2,477,0,2,78,0,80,185,122,248,2,557,0,0,0,557
02/22/2013,PBI,FL,ASO,ES,Combined TRACON& Tower with Radar,183,110,172,0,465,0,8,73,4,85,183,118,245,4,550,0,0,0,550
02/23/2013,PBI,FL,ASO,ES,Combined TRACON& Tower with Radar,167,84,111,0,362,0,2,31,0,33,167,86,142,0,395,0,0,0,395
02/24/2013,PBI,FL,ASO,ES,Combined TRACON& Tower with Radar,185,137,216,0,538,0,0,42,0,42,185,137,258,0,580,0,0,0,580
02/25/2013,PBI,FL,ASO,ES,Combined TRACON& Tower with Radar,178,86,130,0,394,0,9,47,2,58,178,95,177,2,452,6,0,6,458
02/26/2013,PBI,FL,ASO,ES,Combined TRACON& Tower with Radar,178,88,137,6,409,0,8,38,4,50,178,96,175,10,459,0,0,0,459
02/27/2013,PBI,FL,ASO,ES,Combined TRACON& Tower with Radar,182,91,131,0,404,0,7,29,0,36,182,98,160,0,440,0,0,0,440
02/28/2013,PBI,FL,ASO,ES,Combined TRACON& Tower with Radar,184,114,174,0,472,0,4,84,0,88,184,118,258,0,560,0,0,0,560
03/01/2013,PBI,FL,ASO,ES,Combined TRACON& Tower with Radar,173,131,192,0,496,0,10,53,0,63,173,141,245,0,559,0,0,0,559
03/02/2013,PBI,FL,ASO,ES,Combined TRACON& Tower with Radar,180,95,90,1,366,0,4,51,1,56,180,99,141,2,422,0,0,0,422
03/03/2013,PBI,FL,ASO,ES,Combined TRACON& Tower with Radar,157,129,190,0,476,0,3,32,0,35,157,132,222,0,511,0,0,0,511
03/04/2013,PBI,FL,ASO,ES,Combined TRACON& Tower with Radar,177,122,137,0,436,0,10,65,2,77,177,132,202,2,513,0,0,0,513
03/05/2013,PBI,FL,ASO,ES,Combined TRACON& Tower with Radar,177,106,114,0,397,0,6,66,2,74,177,112,180,2,471,0,0,0,471
03/06/2013,PBI,FL,ASO,ES,Combined TRACON& Tower with Radar,171,101,126,0,398,0,2,73,1,76,171,103,199,1,474,14,0,14,488
03/07/2013,PBI,FL,ASO,ES,Combined TRACON& Tower with Radar,179,135,182,2,498,0,3,73,0,76,179,138,255,2,574,0,0,0,574
03/08/2013,PBI,FL,ASO,ES,Combined TRACON& Tower with Radar,173,115,192,4,484,0,6,82,2,90,173,121,274,6,574,0,0,0,574
03/09/2013,PBI,FL,ASO,ES,Combined TRACON& Tower with Radar,186,120,145,0,451,0,3,46,0,49,186,123,191,0,500,0,0,0,500
03/10/2013,PBI,FL,ASO,ES,Combined TRACON& Tower with Radar,175,148,206,0,529,0,4,60,0,64,175,152,266,0,593,0,0,0,593
03/11/2013,PBI,FL,ASO,ES,Combined TRACON& Tower with Radar,176,110,170,2,458,0,8,83,2,93,176,118,253,4,551,0,0,0,551
03/12/2013,PBI,FL,ASO,ES,Combined TRACON& Tower with Radar,177,77,108,0,362,0,6,52,3,61,177,83,160,3,423,0,0,0,423
03/13/2013,PBI,FL,ASO,ES,Combined TRACON& Tower with Radar,183,99,136,0,418,0,9,81,0,90,183,108,217,0,508,0,0,0,508
03/14/2013,PBI,FL,ASO,ES,Combined TRACON& Tower with Radar,180,119,149,0,448,0,7,79,2,88,180,126,228,2,536,0,0,0,536
03/15/2013,PBI,FL,ASO,ES,Combined TRACON& Tower with Radar,181,147,183,1,512,0,1,96,2,99,181,148,279,3,611,0,0,0,611
03/16/2013,PBI,FL,ASO,ES,Combined TRACON& Tower with Radar,182,107,149,1,439,0,3,61,1,65,182,110,210,2,504,0,0,0,504
03/17/2013,PBI,FL,ASO,ES,Combined TRACON& Tower with Radar,170,121,227,1,519,0,3,43,1,47,170,124,270,2,566,0,0,0,566
03/18/2013,PBI,FL,ASO,ES,Combined TRACON& Tower with Radar,172,98,158,0,428,0,7,53,0,60,172,105,211,0,488,0,0,0,488
03/19/2013,PBI,FL,ASO,ES,Combined TRACON& Tower with Radar,179,101,153,6,439,0,4,48,1,53,179,105,201,7,492,0,0,0,492
03/20/2013,PBI,FL,ASO,ES,Combined TRACON& Tower with Radar,184,103,127,0,414,0,1,59,0,60,184,104,186,0,474,0,0,0,474
03/21/2013,PBI,FL,ASO,ES,Combined TRACON& Tower with Radar,180,142,207,0,529,0,1,86,1,88,180,143,293,1,617,0,0,0,617
03/22/2013,PBI,FL,ASO,ES,Combined TRACON& Tower with Radar,182,133,195,1,511,0,8,81,5,94,182,141,276,6,605,0,0,0,605
03/23/2013,PBI,FL,ASO,ES,Combined TRACON& Tower with Radar,179,130,197,7,513,0,2,67,0,69,179,132,264,7,582,0,0,0,582
03/24/2013,PBI,FL,ASO,ES,Combined TRACON& Tower with Radar,171,168,217,0,556,0,4,35,2,41,171,172,252,2,597,0,0,0,597
03/25/2013,PBI,FL,ASO,ES,Combined TRACON& Tower with Radar,183,114,113,0,410,0,7,70,0,77,183,121,183,0,487,0,0,0,487
03/26/2013,PBI,FL,ASO,ES,Combined TRACON& Tower with Radar,180,111,136,0,427,0,6,77,4,87,180,117,213,4,514,0,0,0,514
03/27/2013,PBI,FL,ASO,ES,Combined TRACON& Tower with Radar,175,110,126,0,411,0,10,82,1,93,175,120,208,1,504,0,0,0,504
03/28/2013,PBI,FL,ASO,ES,Combined TRACON& Tower with Radar,184,143,228,0,555,0,11,85,3,99,184,154,313,3,654,0,0,0,654
03/29/2013,PBI,FL,ASO,ES,Combined TRACON& Tower with Radar,179,125,168,4,476,0,1,73,2,76,179,126,241,6,552,0,0,0,552
03/30/2013,PBI,FL,ASO,ES,Combined TRACON& Tower with Radar,183,117,154,0,454,0,2,71,2,75,183,119,225,2,529,0,0,0,529
03/31/2013,PBI,FL,ASO,ES,Combined TRACON& Tower with Radar,170,180,199,0,549,0,3,52,0,55,170,183,251,0,604,0,0,0,604
04/01/2013,PBI,FL,ASO,ES,Combined TRACON& Tower with Radar,190,154,223,2,569,0,1,57,4,62,190,155,280,6,631,0,0,0,631
04/02/2013,PBI,FL,ASO,ES,Combined TRACON& Tower with Radar,173,94,149,2,418,0,4,47,0,51,173,98,196,2,469,0,0,0,469
04/03/2013,PBI,FL,ASO,ES,Combined TRACON& Tower with Radar,175,94,134,0,403,0,7,55,0,62,175,101,189,0,465,0,0,0,465
04/04/2013,PBI,FL,ASO,ES,Combined TRACON& Tower with Radar,177,102,149,0,428,0,7,33,0,40,177,109,182,0,468,0,0,0,468
04/05/2013,PBI,FL,ASO,ES,Combined TRACON& Tower with Radar,176,109,123,0,408,0,4,25,0,29,176,113,148,0,437,0,0,0,437
04/06/2013,PBI,FL,ASO,ES,Combined TRACON& Tower with Radar,176,95,142,0,413,0,4,62,3,69,176,99,204,3,482,0,0,0,482
04/07/2013,PBI,FL,ASO,ES,Combined TRACON& Tower with Radar,167,147,182,0,496,0,4,55,3,62,167,151,237,3,558,0,0,0,558
04/08/2013,PBI,FL,ASO,ES,Combined TRACON& Tower with Radar,169,102,135,1,407,0,9,65,0,74,169,111,200,1,481,0,0,0,481
04/09/2013,PBI,FL,ASO,ES,Combined TRACON& Tower with Radar,159,87,104,5,355,0,9,47,2,58,159,96,151,7,413,0,0,0,413
04/10/2013,PBI,FL,ASO,ES,Combined TRACON& Tower with Radar,152,74,131,0,357,0,8,66,1,75,152,82,197,1,432,0,0,0,432
04/11/2013,PBI,FL,ASO,ES,Combined TRACON& Tower with Radar,162,108,114,0,384,0,11,48,4,63,162,119,162,4,447,0,0,0,447
04/12/2013,PBI,FL,ASO,ES,Combined TRACON& Tower with Radar,159,103,123,15,400,0,5,65,0,70,159,108,188,15,470,0,0,0,470
04/13/2013,PBI,FL,ASO,ES,Combined TRACON& Tower with Radar,157,97,96,0,350,0,7,26,1,34,157,104,122,1,384,0,0,0,384
04/14/2013,PBI,FL,ASO,ES,Combined TRACON& Tower with Radar,140,123,121,1,385,0,3,44,1,48,140,126,165,2,433,0,0,0,433
04/15/2013,PBI,FL,ASO,ES,Combined TRACON& Tower with Radar,150,87,145,0,382,0,9,42,2,53,150,96,187,2,435,0,0,0,435
04/16/2013,PBI,FL,ASO,ES,Combined TRACON& Tower with Radar,141,73,85,2,301,0,4,65,0,69,141,77,150,2,370,20,0,20,390
04/17/2013,PBI,FL,ASO,ES,Combined TRACON& Tower with Radar,135,84,111,0,330,0,6,63,1,70,135,90,174,1,400,28,0,28,428
04/18/2013,PBI,FL,ASO,ES,Combined TRACON& Tower with Radar,144,111,144,4,403,0,2,63,0,65,144,113,207,4,468,0,0,0,468
04/19/2013,PBI,FL,ASO,ES,Combined TRACON& Tower with Radar,143,94,128,0,365,0,5,47,0,52,143,99,175,0,417,0,0,0,417
04/20/2013,PBI,FL,ASO,ES,Combined TRACON& Tower with Radar,152,66,103,3,324,0,6,43,2,51,152,72,146,5,375,26,0,26,401
04/21/2013,PBI,FL,ASO,ES,Combined TRACON& Tower with Radar,145,120,107,0,372,0,4,32,3,39,145,124,139,3,411,0,0,0,411
04/22/2013,PBI,FL,ASO,ES,Combined TRACON& Tower with Radar,152,85,146,2,385,0,3,32,7,42,152,88,178,9,427,0,0,0,427
04/23/2013,PBI,FL,ASO,ES,Combined TRACON& Tower with Radar,140,86,104,2,332,0,6,70,0,76,140,92,174,2,408,55,0,55,463
04/24/2013,PBI,FL,ASO,ES,Combined TRACON& Tower with Radar,139,97,135,4,375,0,11,71,0,82,139,108,206,4,457,8,0,8,465
04/25/2013,PBI,FL,ASO,ES,Combined TRACON& Tower with Radar,138,93,107,0,338,0,7,86,5,98,138,100,193,5,436,0,0,0,436
04/26/2013,PBI,FL,ASO,ES,Combined TRACON& Tower with Radar,133,95,135,0,363,0,7,64,5,76,133,102,199,5,439,0,0,0,439
04/27/2013,PBI,FL,ASO,ES,Combined TRACON& Tower with Radar,141,65,74,0,280,0,4,52,2,58,141,69,126,2,338,58,0,58,396
04/28/2013,PBI,FL,ASO,ES,Combined TRACON& Tower with Radar,132,110,147,0,389,0,3,81,0,84,132,113,228,0,473,0,0,0,473
04/29/2013,PBI,FL,ASO,ES,Combined TRACON& Tower with Radar,137,72,89,0,298,0,10,54,3,67,137,82,143,3,365,0,0,0,365
04/30/2013,PBI,FL,ASO,ES,Combined TRACON& Tower with Radar,140,70,74,0,284,0,5,62,0,67,140,75,136,0,351,0,0,0,351
05/01/2013,PBI,FL,ASO,ES,Combined TRACON& Tower with Radar,117,68,107,0,292,0,12,35,0,47,117,80,142,0,339,0,0,0,339
05/02/2013,PBI,FL,ASO,ES,Combined TRACON& Tower with Radar,137,104,118,2,361,0,6,18,1,25,137,110,136,3,386,0,0,0,386
05/03/2013,PBI,FL,ASO,ES,Combined TRACON& Tower with Radar,124,79,110,2,315,0,3,63,2,68,124,82,173,4,383,0,0,0,383
05/04/2013,PBI,FL,ASO,ES,Combined TRACON& Tower with Radar,125,51,70,2,248,0,6,43,1,50,125,57,113,3,298,0,0,0,298
05/05/2013,PBI,FL,ASO,ES,Combined TRACON& Tower with Radar,115,79,121,1,316,0,3,41,6,50,115,82,162,7,366,0,0,0,366
05/06/2013,PBI,FL,ASO,ES,Combined TRACON& Tower with Radar,123,83,99,5,310,0,10,53,1,64,123,93,152,6,374,0,0,0,374
05/07/2013,PBI,FL,ASO,ES,Combined TRACON& Tower with Radar,119,64,83,0,266,0,6,60,2,68,119,70,143,2,334,0,0,0,334
05/08/2013,PBI,FL,ASO,ES,Combined TRACON& Tower with Radar,116,75,92,2,285,0,12,73,0,85,116,87,165,2,370,0,0,0,370
05/09/2013,PBI,FL,ASO,ES,Combined TRACON& Tower with Radar,123,80,103,0,306,0,8,82,2,92,123,88,185,2,398,0,0,0,398
05/10/2013,PBI,FL,ASO,ES,Combined TRACON& Tower with Radar,122,92,113,2,329,0,7,65,2,74,122,99,178,4,403,0,0,0,403
05/11/2013,PBI,FL,ASO,ES,Combined TRACON& Tower with Radar,114,52,76,2,244,0,3,47,0,50,114,55,123,2,294,0,0,0,294
05/12/2013,PBI,FL,ASO,ES,Combined TRACON& Tower with Radar,113,73,90,0,276,0,4,38,2,44,113,77,128,2,320,0,0,0,320
05/13/2013,PBI,FL,ASO,ES,Combined TRACON& Tower with Radar,121,66,80,8,275,0,11,74,1,86,121,77,154,9,361,0,0,0,361
05/14/2013,PBI,FL,ASO,ES,Combined TRACON& Tower with Radar,119,72,78,0,269,0,8,73,5,86,119,80,151,5,355,8,0,8,363
05/15/2013,PBI,FL,ASO,ES,Combined TRACON& Tower with Radar,115,87,92,3,297,0,3,63,8,74,115,90,155,11,371,0,0,0,371
05/16/2013,PBI,FL,ASO,ES,Combined TRACON& Tower with Radar,124,72,101,0,297,0,2,83,3,88,124,74,184,3,385,0,0,0,385
05/17/2013,PBI,FL,ASO,ES,Combined TRACON& Tower with Radar,121,72,82,2,277,0,6,77,5,88,121,78,159,7,365,0,0,0,365
05/18/2013,PBI,FL,ASO,ES,Combined TRACON& Tower with Radar,121,63,70,6,260,0,1,43,0,44,121,64,113,6,304,33,0,33,337
05/19/2013,PBI,FL,ASO,ES,Combined TRACON& Tower with Radar,116,57,115,0,288,0,1,54,4,59,116,58,169,4,347,0,0,0,347
05/20/2013,PBI,FL,ASO,ES,Combined TRACON& Tower with Radar,126,61,88,0,275,0,0,24,0,24,126,61,112,0,299,0,0,0,299
05/21/2013,PBI,FL,ASO,ES,Combined TRACON& Tower with Radar,127,62,76,0,265,0,2,38,2,42,127,64,114,2,307,0,0,0,307
05/22/2013,PBI,FL,ASO,ES,Combined TRACON& Tower with Radar,114,62,72,0,248,0,3,39,0,42,114,65,111,0,290,0,0,0,290
05/23/2013,PBI,FL,ASO,ES,Combined TRACON& Tower with Radar,110,92,102,0,304,0,2,80,1,83,110,94,182,1,387,0,0,0,387
05/24/2013,PBI,FL,ASO,ES,Combined TRACON& Tower with Radar,112,89,126,0,327,0,7,87,0,94,112,96,213,0,421,0,0,0,421
05/25/2013,PBI,FL,ASO,ES,Combined TRACON& Tower with Radar,109,36,56,0,201,0,4,46,0,50,109,40,102,0,251,0,0,0,251
05/26/2013,PBI,FL,ASO,ES,Combined TRACON& Tower with Radar,97,35,40,0,172,0,4,43,0,47,97,39,83,0,219,0,0,0,219
05/27/2013,PBI,FL,ASO,ES,Combined TRACON& Tower with Radar,111,87,119,0,317,0,2,77,0,79,111,89,196,0,396,0,0,0,396
05/28/2013,PBI,FL,ASO,ES,Combined TRACON& Tower with Radar,110,57,102,1,270,0,4,50,1,55,110,61,152,2,325,0,0,0,325
05/29/2013,PBI,FL,ASO,ES,Combined TRACON& Tower with Radar,110,49,71,2,232,0,2,30,1,33,110,51,101,3,265,0,0,0,265
05/30/2013,PBI,FL,ASO,ES,Combined TRACON& Tower with Radar,119,65,92,0,276,0,8,25,0,33,119,73,117,0,309,0,0,0,309
05/31/2013,PBI,FL,ASO,ES,Combined TRACON& Tower with Radar,116,81,82,0,279,0,4,32,5,41,116,85,114,5,320,0,0,0,320
06/01/2013,PBI,FL,ASO,ES,Combined TRACON& Tower with Radar,111,51,66,0,228,0,1,32,0,33,111,52,98,0,261,0,0,0,261
06/02/2013,PBI,FL,ASO,ES,Combined TRACON& Tower with Radar,103,50,53,0,206,0,1,26,4,31,103,51,79,4,237,0,0,0,237
06/03/2013,PBI,FL,ASO,ES,Combined TRACON& Tower with Radar,117,61,57,0,235,0,6,32,0,38,117,67,89,0,273,0,0,0,273
06/04/2013,PBI,FL,ASO,ES,Combined TRACON& Tower with Radar,109,66,56,2,233,0,5,38,0,43,109,71,94,2,276,13,0,13,289
06/05/2013,PBI,FL,ASO,ES,Combined TRACON& Tower with Radar,101,61,72,1,235,0,5,47,1,53,101,66,119,2,288,0,0,0,288
06/06/2013,PBI,FL,ASO,ES,Combined TRACON& Tower with Radar,130,75,57,0,262,0,1,16,0,17,130,76,73,0,279,0,0,0,279
06/07/2013,PBI,FL,ASO,ES,Combined TRACON& Tower with Radar,121,64,73,0,258,0,1,38,0,39,121,65,111,0,297,0,0,0,297
06/08/2013,PBI,FL,ASO,ES,Combined TRACON& Tower with Radar,114,50,53,0,217,0,8,35,0,43,114,58,88,0,260,0,0,0,260
06/09/2013,PBI,FL,ASO,ES,Combined TRACON& Tower with Radar,103,45,77,0,225,0,5,46,3,54,103,50,123,3,279,0,0,0,279
06/10/2013,PBI,FL,ASO,ES,Combined TRACON& Tower with Radar,111,44,90,0,245,0,4,86,0,90,111,48,176,0,335,0,0,0,335
06/11/2013,PBI,FL,ASO,ES,Combined TRACON& Tower with Radar,110,48,63,0,221,0,4,60,4,68,110,52,123,4,289,0,0,0,289
06/12/2013,PBI,FL,ASO,ES,Combined TRACON& Tower with Radar,113,46,68,1,228,0,8,44,3,55,113,54,112,4,283,0,0,0,283
06/13/2013,PBI,FL,ASO,ES,Combined TRACON& Tower with Radar,102,58,91,1,252,0,4,51,3,58,102,62,142,4,310,0,0,0,310
06/14/2013,PBI,FL,ASO,ES,Combined TRACON& Tower with Radar,124,57,61,3,245,0,3,51,3,57,124,60,112,6,302,0,0,0,302
06/15/2013,PBI,FL,ASO,ES,Combined TRACON& Tower with Radar,112,42,62,0,216,0,1,44,2,47,112,43,106,2,263,0,0,0,263
06/16/2013,PBI,FL,ASO,ES,Combined TRACON& Tower with Radar,101,43,67,1,212,0,2,41,2,45,101,45,108,3,257,0,0,0,257
06/17/2013,PBI,FL,ASO,ES,Combined TRACON& Tower with Radar,108,33,86,0,227,0,7,69,0,76,108,40,155,0,303,0,0,0,303
06/18/2013,PBI,FL,ASO,ES,Combined TRACON& Tower with Radar,108,43,65,0,216,0,10,50,2,62,108,53,115,2,278,0,0,0,278
06/19/2013,PBI,FL,ASO,ES,Combined TRACON& Tower with Radar,109,47,79,2,237,0,7,58,1,66,109,54,137,3,303,0,0,0,303
06/20/2013,PBI,FL,ASO,ES,Combined TRACON& Tower with Radar,112,50,105,1,268,0,8,76,2,86,112,58,181,3,354,0,0,0,354
06/21/2013,PBI,FL,ASO,ES,Combined TRACON& Tower with Radar,110,59,97,1,267,0,9,54,0,63,110,68,151,1,330,0,0,0,330
06/22/2013,PBI,FL,ASO,ES,Combined TRACON& Tower with Radar,108,35,48,0,191,0,6,53,0,59,108,41,101,0,250,0,0,0,250
06/23/2013,PBI,FL,ASO,ES,Combined TRACON& Tower with Radar,100,54,63,0,217,0,2,61,0,63,100,56,124,0,280,0,0,0,280
06/24/2013,PBI,FL,ASO,ES,Combined TRACON& Tower with Radar,108,38,94,4,244,0,2,91,1,94,108,40,185,5,338,0,0,0,338
06/25/2013,PBI,FL,ASO,ES,Combined TRACON& Tower with Radar,105,43,66,0,214,0,7,62,0,69,105,50,128,0,283,0,0,0,283
06/26/2013,PBI,FL,ASO,ES,Combined TRACON& Tower with Radar,104,51,78,0,233,0,6,48,0,54,104,57,126,0,287,0,0,0,287
06/27/2013,PBI,FL,ASO,ES,Combined TRACON& Tower with Radar,109,50,53,1,213,0,8,68,2,78,109,58,121,3,291,0,0,0,291
06/28/2013,PBI,FL,ASO,ES,Combined TRACON& Tower with Radar,110,35,96,1,242,0,8,72,1,81,110,43,168,2,323,0,0,0,323
06/29/2013,PBI,FL,ASO,ES,Combined TRACON& Tower with Radar,111,41,49,0,201,0,7,41,0,48,111,48,90,0,249,0,0,0,249
06/30/2013,PBI,FL,ASO,ES,Combined TRACON& Tower with Radar,97,34,58,0,189,0,1,25,0,26,97,35,83,0,215,0,0,0,215
07/01/2013,PBI,FL,ASO,ES,Combined TRACON& Tower with Radar,111,45,67,0,223,0,7,59,1,67,111,52,126,1,290,0,0,0,290
07/02/2013,PBI,FL,ASO,ES,Combined TRACON& Tower with Radar,108,44,94,2,248,0,6,54,0,60,108,50,148,2,308,0,0,0,308
07/03/2013,PBI,FL,ASO,ES,Combined TRACON& Tower with Radar,104,47,73,0,224,0,7,58,0,65,104,54,131,0,289,0,0,0,289
07/04/2013,PBI,FL,ASO,ES,Combined TRACON& Tower with Radar,93,27,19,0,139,0,4,42,0,46,93,31,61,0,185,0,0,0,185
07/05/2013,PBI,FL,ASO,ES,Combined TRACON& Tower with Radar,105,36,44,0,185,0,2,42,0,44,105,38,86,0,229,0,0,0,229
07/06/2013,PBI,FL,ASO,ES,Combined TRACON& Tower with Radar,110,39,76,0,225,0,1,53,0,54,110,40,129,0,279,0,0,0,279
07/07/2013,PBI,FL,ASO,ES,Combined TRACON& Tower with Radar,98,55,81,2,236,0,7,65,0,72,98,62,146,2,308,0,0,0,308
07/08/2013,PBI,FL,ASO,ES,Combined TRACON& Tower with Radar,109,49,70,0,228,0,5,76,0,81,109,54,146,0,309,22,0,22,331
07/09/2013,PBI,FL,ASO,ES,Combined TRACON& Tower with Radar,105,50,56,2,213,0,11,61,0,72,105,61,117,2,285,0,0,0,285
07/10/2013,PBI,FL,ASO,ES,Combined TRACON& Tower with Radar,110,34,66,0,210,0,6,45,0,51,110,40,111,0,261,0,0,0,261
07/11/2013,PBI,FL,ASO,ES,Combined TRACON& Tower with Radar,107,45,59,0,211,0,0,48,1,49,107,45,107,1,260,0,0,0,260
07/12/2013,PBI,FL,ASO,ES,Combined TRACON& Tower with Radar,105,39,56,0,200,0,0,43,1,44,105,39,99,1,244,0,0,0,244
07/13/2013,PBI,FL,ASO,ES,Combined TRACON& Tower with Radar,139,35,21,0,195,0,1,8,0,9,139,36,29,0,204,0,0,0,204
07/14/2013,PBI,FL,ASO,ES,Combined TRACON& Tower with Radar,99,32,72,1,204,0,2,34,0,36,99,34,106,1,240,12,0,12,252
07/15/2013,PBI,FL,ASO,ES,Combined TRACON& Tower with Radar,109,35,63,1,208,0,9,64,1,74,109,44,127,2,282,18,0,18,300
07/16/2013,PBI,FL,ASO,ES,Combined TRACON& Tower with Radar,106,29,46,0,181,0,4,35,1,40,106,33,81,1,221,0,0,0,221
07/17/2013,PBI,FL,ASO,ES,Combined TRACON& Tower with Radar,109,41,60,1,211,0,5,45,2,52,109,46,105,3,263,0,0,0,263
07/18/2013,PBI,FL,ASO,ES,Combined TRACON& Tower with Radar,113,40,62,2,217,0,10,39,3,52,113,50,101,5,269,0,0,0,269
07/19/2013,PBI,FL,ASO,ES,Combined TRACON& Tower with Radar,109,31,60,2,202,0,4,58,0,62,109,35,118,2,264,0,0,0,264
07/20/2013,PBI,FL,ASO,ES,Combined TRACON& Tower with Radar,107,26,35,0,168,0,1,27,0,28,107,27,62,0,196,0,0,0,196
07/21/2013,PBI,FL,ASO,ES,Combined TRACON& Tower with Radar,98,30,79,0,207,0,5,35,4,44,98,35,114,4,251,0,0,0,251
07/22/2013,PBI,FL,ASO,ES,Combined TRACON& Tower with Radar,111,37,66,2,216,0,4,63,0,67,111,41,129,2,283,0,0,0,283
07/23/2013,PBI,FL,ASO,ES,Combined TRACON& Tower with Radar,113,41,68,0,222,0,14,60,0,74,113,55,128,0,296,0,0,0,296
07/24/2013,PBI,FL,ASO,ES,Combined TRACON& Tower with Radar,108,41,85,2,236,0,10,68,0,78,108,51,153,2,314,18,0,18,332
07/25/2013,PBI,FL,ASO,ES,Combined TRACON& Tower with Radar,113,44,82,1,240,0,10,72,1,83,113,54,154,2,323,0,0,0,323
07/26/2013,PBI,FL,ASO,ES,Combined TRACON& Tower with Radar,110,46,73,0,229,0,8,58,0,66,110,54,131,0,295,0,0,0,295
07/27/2013,PBI,FL,ASO,ES,Combined TRACON& Tower with Radar,115,29,37,0,181,0,1,31,0,32,115,30,68,0,213,0,0,0,213
07/28/2013,PBI,FL,ASO,ES,Combined TRACON& Tower with Radar,100,35,69,0,204,0,0,39,0,39,100,35,108,0,243,0,0,0,243
07/29/2013,PBI,FL,ASO,ES,Combined TRACON& Tower with Radar,105,31,62,0,198,0,0,45,2,47,105,31,107,2,245,0,0,0,245
07/30/2013,PBI,FL,ASO,ES,Combined TRACON& Tower with Radar,110,32,63,5,210,0,4,59,4,67,110,36,122,9,277,0,0,0,277
07/31/2013,PBI,FL,ASO,ES,Combined TRACON& Tower with Radar,107,26,64,0,197,0,3,62,2,67,107,29,126,2,264,0,0,0,264
08/01/2013,PBI,FL,ASO,ES,Combined TRACON& Tower with Radar,109,35,72,0,216,0,6,56,2,64,109,41,128,2,280,12,0,12,292
08/02/2013,PBI,FL,ASO,ES,Combined TRACON& Tower with Radar,107,38,45,0,190,0,0,42,2,44,107,38,87,2,234,0,0,0,234
08/03/2013,PBI,FL,ASO,ES,Combined TRACON& Tower with Radar,112,36,44,4,196,0,2,31,0,33,112,38,75,4,229,0,0,0,229
08/04/2013,PBI,FL,ASO,ES,Combined TRACON& Tower with Radar,100,43,73,0,216,0,0,66,2,68,100,43,139,2,284,20,0,20,304
08/05/2013,PBI,FL,ASO,ES,Combined TRACON& Tower with Radar,108,37,68,0,213,0,3,44,0,47,108,40,112,0,260,0,0,0,260
08/06/2013,PBI,FL,ASO,ES,Combined TRACON& Tower with Radar,109,40,50,4,203,0,1,88,1,90,109,41,138,5,293,0,0,0,293
08/07/2013,PBI,FL,ASO,ES,Combined TRACON& Tower with Radar,105,32,70,1,208,0,1,73,0,74,105,33,143,1,282,0,0,0,282
08/08/2013,PBI,FL,ASO,ES,Combined TRACON& Tower with Radar,103,37,60,4,204,0,4,64,2,70,103,41,124,6,274,0,0,0,274
08/09/2013,PBI,FL,ASO,ES,Combined TRACON& Tower with Radar,111,42,63,0,216,0,7,68,0,75,111,49,131,0,291,0,0,0,291
08/10/2013,PBI,FL,ASO,ES,Combined TRACON& Tower with Radar,112,30,45,0,187,0,0,55,0,55,112,30,100,0,242,0,0,0,242
08/11/2013,PBI,FL,ASO,ES,Combined TRACON& Tower with Radar,97,32,53,0,182,0,1,38,0,39,97,33,91,0,221,0,0,0,221
08/12/2013,PBI,FL,ASO,ES,Combined TRACON& Tower with Radar,108,42,78,0,228,0,3,67,0,70,108,45,145,0,298,0,0,0,298
08/13/2013,PBI,FL,ASO,ES,Combined TRACON& Tower with Radar,104,40,68,2,214,0,9,66,2,77,104,49,134,4,291,0,0,0,291
08/14/2013,PBI,FL,ASO,ES,Combined TRACON& Tower with Radar,110,43,75,0,228,0,8,59,0,67,110,51,134,0,295,0,0,0,295
08/15/2013,PBI,FL,ASO,ES,Combined TRACON& Tower with Radar,102,36,80,0,218,0,7,58,1,66,102,43,138,1,284,0,0,0,284
08/16/2013,PBI,FL,ASO,ES,Combined TRACON& Tower with Radar,106,39,64,4,213,0,6,70,2,78,106,45,134,6,291,0,0,0,291
08/17/2013,PBI,FL,ASO,ES,Combined TRACON& Tower with Radar,106,20,46,0,172,0,4,31,2,37,106,24,77,2,209,0,0,0,209
08/18/2013,PBI,FL,ASO,ES,Combined TRACON& Tower with Radar,98,34,67,0,199,0,0,56,0,56,98,34,123,0,255,0,0,0,255
08/19/2013,PBI,FL,ASO,ES,Combined TRACON& Tower with Radar,112,41,65,0,218,0,5,56,4,65,112,46,121,4,283,35,0,35,318
08/20/2013,PBI,FL,ASO,ES,Combined TRACON& Tower with Radar,104,31,61,1,197,0,6,46,5,57,104,37,107,6,254,0,0,0,254
08/21/2013,PBI,FL,ASO,ES,Combined TRACON& Tower with Radar,101,43,59,1,204,0,6,53,5,64,101,49,112,6,268,0,0,0,268
08/22/2013,PBI,FL,ASO,ES,Combined TRACON& Tower with Radar,106,38,64,1,209,0,8,97,1,106,106,46,161,2,315,0,0,0,315
08/23/2013,PBI,FL,ASO,ES,Combined TRACON& Tower with Radar,107,39,61,5,212,0,7,77,1,85,107,46,138,6,297,0,0,0,297
08/24/2013,PBI,FL,ASO,ES,Combined TRACON& Tower with Radar,102,30,42,0,174,0,3,32,0,35,102,33,74,0,209,0,0,0,209
08/25/2013,PBI,FL,ASO,ES,Combined TRACON& Tower with Radar,99,31,59,0,189,0,1,27,0,28,99,32,86,0,217,0,0,0,217
08/26/2013,PBI,FL,ASO,ES,Combined TRACON& Tower with Radar,115,40,57,2,214,0,2,35,0,37,115,42,92,2,251,0,0,0,251
08/27/2013,PBI,FL,ASO,ES,Combined TRACON& Tower with Radar,101,39,46,2,188,0,6,46,0,52,101,45,92,2,240,0,0,0,240
08/28/2013,PBI,FL,ASO,ES,Combined TRACON& Tower with Radar,99,52,45,2,198,0,10,53,6,69,99,62,98,8,267,0,0,0,267
08/29/2013,PBI,FL,ASO,ES,Combined TRACON& Tower with Radar,103,33,66,0,202,0,7,95,3,105,103,40,161,3,307,0,0,0,307
08/30/2013,PBI,FL,ASO,ES,Combined TRACON& Tower with Radar,106,42,70,4,222,0,6,77,0,83,106,48,147,4,305,0,0,0,305
08/31/2013,PBI,FL,ASO,ES,Combined TRACON& Tower with Radar,88,27,23,0,138,0,4,46,0,50,88,31,69,0,188,0,0,0,188
09/01/2013,PBI,FL,ASO,ES,Combined TRACON& Tower with Radar,74,28,37,0,139,0,5,42,0,47,74,33,79,0,186,0,0,0,186
09/02/2013,PBI,FL,ASO,ES,Combined TRACON& Tower with Radar,93,38,74,0,205,0,4,62,0,66,93,42,136,0,271,0,0,0,271
09/03/2013,PBI,FL,ASO,ES,Combined TRACON& Tower with Radar,99,24,65,4,192,0,5,60,0,65,99,29,125,4,257,0,0,0,257
09/04/2013,PBI,FL,ASO,ES,Combined TRACON& Tower with Radar,104,52,61,2,219,0,3,53,0,56,104,55,114,2,275,20,0,20,295
09/05/2013,PBI,FL,ASO,ES,Combined TRACON& Tower with Radar,99,39,48,6,192,0,6,68,1,75,99,45,116,7,267,0,0,0,267
09/06/2013,PBI,FL,ASO,ES,Combined TRACON& Tower with Radar,107,28,72,2,209,0,5,65,0,70,107,33,137,2,279,0,0,0,279
09/07/2013,PBI,FL,ASO,ES,Combined TRACON& Tower with Radar,87,24,19,1,131,0,1,37,0,38,87,25,56,1,169,2,0,2,171
09/08/2013,PBI,FL,ASO,ES,Combined TRACON& Tower with Radar,91,37,52,2,182,0,5,25,0,30,91,42,77,2,212,0,0,0,212
09/09/2013,PBI,FL,ASO,ES,Combined TRACON& Tower with Radar,98,34,68,0,200,0,1,49,0,50,98,35,117,0,250,0,0,0,250
09/10/2013,PBI,FL,ASO,ES,Combined TRACON& Tower with Radar,91,54,56,4,205,0,0,41,0,41,91,54,97,4,246,0,0,0,246
09/11/2013,PBI,FL,ASO,ES,Combined TRACON& Tower with Radar,94,44,68,0,206,0,1,49,0,50,94,45,117,0,256,6,0,6,262
09/12/2013,PBI,FL,ASO,ES,Combined TRACON& Tower with Radar,93,43,76,0,212,0,4,59,0,63,93,47,135,0,275,18,0,18,293
09/13/2013,PBI,FL,ASO,ES,Combined TRACON& Tower with Radar,108,46,63,0,217,0,1,74,4,79,108,47,137,4,296,0,0,0,296
09/14/2013,PBI,FL,ASO,ES,Combined TRACON& Tower with Radar,85,27,31,0,143,0,4,43,0,47,85,31,74,0,190,0,0,0,190
09/15/2013,PBI,FL,ASO,ES,Combined TRACON& Tower with Radar,93,33,67,0,193,0,5,34,0,39,93,38,101,0,232,0,0,0,232
09/16/2013,PBI,FL,ASO,ES,Combined TRACON& Tower with Radar,100,33,65,0,198,0,0,26,0,26,100,33,91,0,224,0,0,0,224
09/17/2013,PBI,FL,ASO,ES,Combined TRACON& Tower with Radar,82,36,72,0,190,0,5,32,0,37,82,41,104,0,227,0,0,0,227
09/18/2013,PBI,FL,ASO,ES,Combined TRACON& Tower with Radar,95,45,67,5,212,0,7,59,1,67,95,52,126,6,279,0,0,0,279
09/19/2013,PBI,FL,ASO,ES,Combined TRACON& Tower with Radar,100,38,71,0,209,0,3,48,0,51,100,41,119,0,260,0,0,0,260
09/20/2013,PBI,FL,ASO,ES,Combined TRACON& Tower with Radar,104,34,62,0,200,0,5,68,1,74,104,39,130,1,274,0,0,0,274
09/21/2013,PBI,FL,ASO,ES,Combined TRACON& Tower with Radar,86,33,42,2,163,0,2,44,0,46,86,35,86,2,209,2,0,2,211
09/22/2013,PBI,FL,ASO,ES,Combined TRACON& Tower with Radar,91,36,56,4,187,0,4,28,0,32,91,40,84,4,219,0,0,0,219
09/23/2013,PBI,FL,ASO,ES,Combined TRACON& Tower with Radar,103,41,77,2,223,0,2,40,0,42,103,43,117,2,265,0,0,0,265
09/24/2013,PBI,FL,ASO,ES,Combined TRACON& Tower with Radar,90,38,68,0,196,0,4,39,0,43,90,42,107,0,239,0,0,0,239
09/25/2013,PBI,FL,ASO,ES,Combined TRACON& Tower with Radar,97,31,79,8,215,0,7,85,0,92,97,38,164,8,307,0,0,0,307
09/26/2013,PBI,FL,ASO,ES,Combined TRACON& Tower with Radar,105,46,78,0,229,0,5,62,1,68,105,51,140,1,297,0,0,0,297
09/27/2013,PBI,FL,ASO,ES,Combined TRACON& Tower with Radar,107,57,72,4,240,0,5,56,1,62,107,62,128,5,302,0,0,0,302
09/28/2013,PBI,FL,ASO,ES,Combined TRACON& Tower with Radar,87,29,56,0,172,0,0,35,0,35,87,29,91,0,207,0,0,0,207
09/29/2013,PBI,FL,ASO,ES,Combined TRACON& Tower with Radar,95,38,64,7,204,0,3,52,0,55,95,41,116,7,259,8,4,12,271
09/30/2013,PBI,FL,ASO,ES,Combined TRACON& Tower with Radar,100,29,80,1,210,0,6,76,1,83,100,35,156,2,293,0,0,0,293
10/01/2013,PBI,FL,ASO,ES,Combined TRACON& Tower with Radar,91,37,50,3,181,0,2,77,5,84,91,39,127,8,265,0,0,0,265
10/02/2013,PBI,FL,ASO,ES,Combined TRACON& Tower with Radar,58,35,28,1,122,0,2,32,0,34,58,37,60,1,156,40,0,40,196
10/03/2013,PBI,FL,ASO,ES,Combined TRACON& Tower with Radar,106,35,55,0,196,0,6,57,1,64,106,41,112,1,260,0,0,0,260
10/04/2013,PBI,FL,ASO,ES,Combined TRACON& Tower with Radar,110,41,69,0,220,0,5,52,4,61,110,46,121,4,281,0,0,0,281
10/05/2013,PBI,FL,ASO,ES,Combined TRACON& Tower with Radar,93,34,49,0,176,0,4,37,2,43,93,38,86,2,219,0,0,0,219
10/06/2013,PBI,FL,ASO,ES,Combined TRACON& Tower with Radar,97,44,61,0,202,0,7,58,0,65,97,51,119,0,267,0,0,0,267
10/07/2013,PBI,FL,ASO,ES,Combined TRACON& Tower with Radar,107,52,64,0,223,0,2,44,0,46,107,54,108,0,269,0,0,0,269
10/08/2013,PBI,FL,ASO,ES,Combined TRACON& Tower with Radar,93,36,69,0,198,0,4,60,0,64,93,40,129,0,262,0,0,0,262
10/09/2013,PBI,FL,ASO,ES,Combined TRACON& Tower with Radar,102,61,83,0,246,0,8,39,0,47,102,69,122,0,293,0,0,0,293
10/10/2013,PBI,FL,ASO,ES,Combined TRACON& Tower with Radar,109,56,93,0,258,0,6,70,2,78,109,62,163,2,336,45,0,45,381
10/11/2013,PBI,FL,ASO,ES,Combined TRACON& Tower with Radar,109,71,80,0,260,0,2,70,0,72,109,73,150,0,332,45,0,45,377
10/12/2013,PBI,FL,ASO,ES,Combined TRACON& Tower with Radar,89,33,57,0,179,0,1,44,0,45,89,34,101,0,224,0,0,0,224
10/13/2013,PBI,FL,ASO,ES,Combined TRACON& Tower with Radar,97,35,55,0,187,0,3,47,0,50,97,38,102,0,237,0,0,0,237
10/14/2013,PBI,FL,ASO,ES,Combined TRACON& Tower with Radar,105,70,101,0,276,0,4,57,0,61,105,74,158,0,337,0,0,0,337
10/15/2013,PBI,FL,ASO,ES,Combined TRACON& Tower with Radar,93,54,72,0,219,0,9,62,1,72,93,63,134,1,291,0,0,0,291
10/16/2013,PBI,FL,ASO,ES,Combined TRACON& Tower with Radar,101,72,78,0,251,0,7,62,2,71,101,79,140,2,322,0,0,0,322
10/17/2013,PBI,FL,ASO,ES,Combined TRACON& Tower with Radar,108,65,81,0,254,0,4,75,0,79,108,69,156,0,333,45,0,45,378
10/18/2013,PBI,FL,ASO,ES,Combined TRACON& Tower with Radar,109,61,91,0,261,0,9,74,4,87,109,70,165,4,348,45,0,45,393
10/19/2013,PBI,FL,ASO,ES,Combined TRACON& Tower with Radar,98,45,55,0,198,0,0,35,5,40,98,45,90,5,238,72,0,72,310
10/20/2013,PBI,FL,ASO,ES,Combined TRACON& Tower with Radar,108,55,87,0,250,0,2,36,0,38,108,57,123,0,288,45,0,45,333
10/21/2013,PBI,FL,ASO,ES,Combined TRACON& Tower with Radar,106,61,100,6,273,0,4,54,0,58,106,65,154,6,331,0,0,0,331
10/22/2013,PBI,FL,ASO,ES,Combined TRACON& Tower with Radar,95,59,71,10,235,0,5,59,1,65,95,64,130,11,300,0,0,0,300
10/23/2013,PBI,FL,ASO,ES,Combined TRACON& Tower with Radar,101,72,100,0,273,0,6,65,2,73,101,78,165,2,346,0,0,0,346
10/24/2013,PBI,FL,ASO,ES,Combined TRACON& Tower with Radar,110,81,104,0,295,0,9,60,0,69,110,90,164,0,364,0,0,0,364
10/25/2013,PBI,FL,ASO,ES,Combined TRACON& Tower with Radar,113,54,100,8,275,0,1,47,0,48,113,55,147,8,323,0,0,0,323
10/26/2013,PBI,FL,ASO,ES,Combined TRACON& Tower with Radar,95,42,59,0,196,0,3,47,5,55,95,45,106,5,251,0,0,0,251
10/27/2013,PBI,FL,ASO,ES,Combined TRACON& Tower with Radar,109,66,81,0,256,0,5,49,0,54,109,71,130,0,310,0,0,0,310
10/28/2013,PBI,FL,ASO,ES,Combined TRACON& Tower with Radar,114,71,86,3,274,0,5,56,0,61,114,76,142,3,335,0,0,0,335
10/29/2013,PBI,FL,ASO,ES,Combined TRACON& Tower with Radar,102,47,73,0,222,0,7,86,2,95,102,54,159,2,317,0,0,0,317
10/30/2013,PBI,FL,ASO,ES,Combined TRACON& Tower with Radar,109,53,109,0,271,0,5,53,0,58,109,58,162,0,329,0,0,0,329
10/31/2013,PBI,FL,ASO,ES,Combined TRACON& Tower with Radar,110,89,104,0,303,0,9,83,0,92,110,98,187,0,395,0,0,0,395
11/01/2013,PBI,FL,ASO,ES,Combined TRACON& Tower with Radar,109,88,114,2,313,0,6,66,1,73,109,94,180,3,386,0,0,0,386
11/02/2013,PBI,FL,ASO,ES,Combined TRACON& Tower with Radar,111,47,71,0,229,0,3,55,0,58,111,50,126,0,287,0,0,0,287
11/03/2013,PBI,FL,ASO,ES,Combined TRACON& Tower with Radar,109,91,118,0,318,0,1,58,0,59,109,92,176,0,377,0,0,0,377
11/04/2013,PBI,FL,ASO,ES,Combined TRACON& Tower with Radar,122,65,108,2,297,0,3,46,0,49,122,68,154,2,346,0,0,0,346
11/05/2013,PBI,FL,ASO,ES,Combined TRACON& Tower with Radar,117,62,96,0,275,0,9,40,0,49,117,71,136,0,324,0,0,0,324
11/06/2013,PBI,FL,ASO,ES,Combined TRACON& Tower with Radar,66,47,38,0,151,0,12,26,1,39,66,59,64,1,190,0,0,0,190
11/07/2013,PBI,FL,ASO,ES,Combined TRACON& Tower with Radar,129,72,110,2,313,0,12,63,2,77,129,84,173,4,390,10,0,10,400
11/08/2013,PBI,FL,ASO,ES,Combined TRACON& Tower with Radar,132,78,132,5,347,0,3,38,2,43,132,81,170,7,390,0,0,0,390
11/09/2013,PBI,FL,ASO,ES,Combined TRACON& Tower with Radar,123,53,92,0,268,0,4,27,0,31,123,57,119,0,299,0,0,0,299
11/10/2013,PBI,FL,ASO,ES,Combined TRACON& Tower with Radar,120,82,139,0,341,0,5,50,0,55,120,87,189,0,396,0,0,0,396
11/11/2013,PBI,FL,ASO,ES,Combined TRACON& Tower with Radar,130,59,102,3,294,0,2,66,2,70,130,61,168,5,364,0,0,0,364
11/12/2013,PBI,FL,ASO,ES,Combined TRACON& Tower with Radar,123,71,93,0,287,0,7,66,1,74,123,78,159,1,361,0,0,0,361
11/13/2013,PBI,FL,ASO,ES,Combined TRACON& Tower with Radar,126,82,78,3,289,0,6,40,0,46,126,88,118,3,335,0,0,0,335
11/14/2013,PBI,FL,ASO,ES,Combined TRACON& Tower with Radar,132,93,104,2,331,0,6,51,1,58,132,99,155,3,389,0,0,0,389
11/15/2013,PBI,FL,ASO,ES,Combined TRACON& Tower with Radar,130,81,133,5,349,0,3,39,2,44,130,84,172,7,393,0,0,0,393
11/16/2013,PBI,FL,ASO,ES,Combined TRACON& Tower with Radar,123,53,92,0,268,0,4,47,0,51,123,57,139,0,319,0,0,0,319
11/17/2013,PBI,FL,ASO,ES,Combined TRACON& Tower with Radar,121,83,139,0,343,0,5,50,0,55,121,88,189,0,398,0,0,0,398
11/18/2013,PBI,FL,ASO,ES,Combined TRACON& Tower with Radar,131,63,114,0,308,0,4,67,1,72,131,67,181,1,380,0,0,0,380
11/19/2013,PBI,FL,ASO,ES,Combined TRACON& Tower with Radar,123,66,81,4,274,0,5,50,6,61,123,71,131,10,335,0,0,0,335
11/20/2013,PBI,FL,ASO,ES,Combined TRACON& Tower with Radar,140,70,99,4,313,0,2,41,4,47,140,72,140,8,360,0,0,0,360
11/21/2013,PBI,FL,ASO,ES,Combined TRACON& Tower with Radar,153,90,107,2,352,0,6,28,2,36,153,96,135,4,388,0,0,0,388
11/22/2013,PBI,FL,ASO,ES,Combined TRACON& Tower with Radar,164,97,121,8,390,0,8,85,0,93,164,105,206,8,483,0,0,0,483
11/23/2013,PBI,FL,ASO,ES,Combined TRACON& Tower with Radar,150,78,76,0,304,0,2,78,0,80,150,80,154,0,384,0,0,0,384
11/24/2013,PBI,FL,ASO,ES,Combined TRACON& Tower with Radar,150,102,112,2,366,0,3,36,0,39,150,105,148,2,405,0,0,0,405
11/25/2013,PBI,FL,ASO,ES,Combined TRACON& Tower with Radar,160,90,100,0,350,0,5,39,0,44,160,95,139,0,394,0,0,0,394
11/26/2013,PBI,FL,ASO,ES,Combined TRACON& Tower with Radar,163,119,137,0,419,0,6,46,0,52,163,125,183,0,471,0,0,0,471
11/27/2013,PBI,FL,ASO,ES,Combined TRACON& Tower with Radar,172,112,124,0,408,0,2,52,0,54,172,114,176,0,462,0,0,0,462
11/28/2013,PBI,FL,ASO,ES,Combined TRACON& Tower with Radar,120,41,54,0,215,0,5,39,0,44,120,46,93,0,259,0,0,0,259
11/29/2013,PBI,FL,ASO,ES,Combined TRACON& Tower with Radar,141,81,94,0,316,0,5,68,0,73,141,86,162,0,389,0,0,0,389
11/30/2013,PBI,FL,ASO,ES,Combined TRACON& Tower with Radar,168,112,109,0,389,0,0,27,0,27,168,112,136,0,416,0,0,0,416
12/01/2013,PBI,FL,ASO,ES,Combined TRACON& Tower with Radar,161,176,293,0,630,0,2,28,0,30,161,178,321,0,660,0,0,0,660
12/02/2013,PBI,FL,ASO,ES,Combined TRACON& Tower with Radar,170,118,140,0,428,0,5,77,0,82,170,123,217,0,510,0,0,0,510
12/03/2013,PBI,FL,ASO,ES,Combined TRACON& Tower with Radar,149,82,112,2,345,0,6,77,2,85,149,88,189,4,430,0,0,0,430
12/04/2013,PBI,FL,ASO,ES,Combined TRACON& Tower with Radar,145,71,96,2,314,0,4,67,3,74,145,75,163,5,388,0,0,0,388
12/05/2013,PBI,FL,ASO,ES,Combined TRACON& Tower with Radar,152,85,131,2,370,0,2,59,1,62,152,87,190,3,432,0,0,0,432
12/06/2013,PBI,FL,ASO,ES,Combined TRACON& Tower with Radar,145,80,133,17,375,0,8,72,1,81,145,88,205,18,456,0,0,0,456
12/07/2013,PBI,FL,ASO,ES,Combined TRACON& Tower with Radar,131,58,90,0,279,0,3,50,2,55,131,61,140,2,334,0,0,0,334
12/08/2013,PBI,FL,ASO,ES,Combined TRACON& Tower with Radar,134,94,112,1,341,0,0,51,4,55,134,94,163,5,396,0,0,0,396
12/09/2013,PBI,FL,ASO,ES,Combined TRACON& Tower with Radar,145,79,118,2,344,0,10,77,1,88,145,89,195,3,432,0,0,0,432
12/10/2013,PBI,FL,ASO,ES,Combined TRACON& Tower with Radar,127,81,75,7,290,0,0,59,2,61,127,81,134,9,351,0,0,0,351
12/11/2013,PBI,FL,ASO,ES,Combined TRACON& Tower with Radar,141,75,113,0,329,0,3,69,2,74,141,78,182,2,403,0,0,0,403
12/12/2013,PBI,FL,ASO,ES,Combined TRACON& Tower with Radar,155,86,138,4,383,0,1,43,5,49,155,87,181,9,432,0,0,0,432
12/13/2013,PBI,FL,ASO,ES,Combined TRACON& Tower with Radar,157,99,127,0,383,0,6,61,0,67,157,105,188,0,450,0,0,0,450
12/14/2013,PBI,FL,ASO,ES,Combined TRACON& Tower with Radar,123,66,77,0,266,0,2,51,0,53,123,68,128,0,319,0,0,0,319
12/15/2013,PBI,FL,ASO,ES,Combined TRACON& Tower with Radar,140,99,132,0,371,0,2,50,4,56,140,101,182,4,427,0,0,0,427
12/16/2013,PBI,FL,ASO,ES,Combined TRACON& Tower with Radar,150,85,111,4,350,0,6,46,2,54,150,91,157,6,404,0,0,0,404
12/17/2013,PBI,FL,ASO,ES,Combined TRACON& Tower with Radar,131,67,80,1,279,0,5,74,1,80,131,72,154,2,359,0,0,0,359
12/18/2013,PBI,FL,ASO,ES,Combined TRACON& Tower with Radar,150,91,91,2,334,0,6,77,4,87,150,97,168,6,421,0,0,0,421
12/19/2013,PBI,FL,ASO,ES,Combined TRACON& Tower with Radar,178,97,108,2,385,0,7,71,2,80,178,104,179,4,465,0,0,0,465
12/20/2013,PBI,FL,ASO,ES,Combined TRACON& Tower with Radar,183,123,158,0,464,0,5,76,1,82,183,128,234,1,546,0,0,0,546
12/21/2013,PBI,FL,ASO,ES,Combined TRACON& Tower with Radar,188,116,126,10,440,0,2,53,0,55,188,118,179,10,495,0,0,0,495
12/22/2013,PBI,FL,ASO,ES,Combined TRACON& Tower with Radar,169,92,108,1,370,0,7,52,0,59,169,99,160,1,429,0,0,0,429
12/23/2013,PBI,FL,ASO,ES,Combined TRACON& Tower with Radar,176,108,124,1,409,0,3,61,0,64,176,111,185,1,473,0,0,0,473
12/24/2013,PBI,FL,ASO,ES,Combined TRACON& Tower with Radar,170,73,45,0,288,0,1,21,0,22,170,74,66,0,310,0,0,0,310
12/25/2013,PBI,FL,ASO,ES,Combined TRACON& Tower with Radar,165,95,39,0,299,0,3,20,0,23,165,98,59,0,322,0,0,0,322
12/26/2013,PBI,FL,ASO,ES,Combined TRACON& Tower with Radar,199,180,207,0,586,0,2,63,0,65,199,182,270,0,651,0,0,0,651
12/27/2013,PBI,FL,ASO,ES,Combined TRACON& Tower with Radar,197,159,229,0,585,0,5,67,0,72,197,164,296,0,657,0,0,0,657
12/28/2013,PBI,FL,ASO,ES,Combined TRACON& Tower with Radar,189,149,156,0,494,0,5,48,2,55,189,154,204,2,549,0,0,0,549
12/29/2013,PBI,FL,ASO,ES,Combined TRACON& Tower with Radar,183,113,100,0,396,0,4,28,2,34,183,117,128,2,430,0,0,0,430
12/30/2013,PBI,FL,ASO,ES,Combined TRACON& Tower with Radar,194,103,128,1,426,0,4,42,2,48,194,107,170,3,474,0,0,0,474
12/31/2013,PBI,FL,ASO,ES,Combined TRACON& Tower with Radar,180,65,91,0,336,0,1,45,0,46,180,66,136,0,382,0,0,0,382
01/01/2014,PBI,FL,ASO,ES,Combined TRACON& Tower with Radar,168,114,139,0,421,0,0,32,0,32,168,114,171,0,453,0,0,0,453
01/02/2014,PBI,FL,ASO,ES,Combined TRACON& Tower with Radar,169,119,155,0,443,1,4,86,3,94,170,123,241,3,537,0,0,0,537
01/03/2014,PBI,FL,ASO,ES,Combined TRACON& Tower with Radar,160,138,146,0,444,0,1,69,1,71,160,139,215,1,515,0,0,0,515
01/04/2014,PBI,FL,ASO,ES,Combined TRACON& Tower with Radar,158,180,217,1,556,0,7,56,0,63,158,187,273,1,619,0,0,0,619
01/05/2014,PBI,FL,ASO,ES,Combined TRACON& Tower with Radar,160,191,232,0,583,0,1,27,0,28,160,192,259,0,611,0,0,0,611
01/06/2014,PBI,FL,ASO,ES,Combined TRACON& Tower with Radar,135,149,186,4,474,0,2,44,1,47,135,151,230,5,521,0,0,0,521
01/07/2014,PBI,FL,ASO,ES,Combined TRACON& Tower with Radar,138,107,118,4,367,0,4,32,2,38,138,111,150,6,405,0,0,0,405
01/08/2014,PBI,FL,ASO,ES,Combined TRACON& Tower with Radar,160,95,137,4,396,0,1,20,0,21,160,96,157,4,417,0,0,0,417
01/09/2014,PBI,FL,ASO,ES,Combined TRACON& Tower with Radar,137,60,109,4,310,0,4,13,0,17,137,64,122,4,327,0,0,0,327
01/10/2014,PBI,FL,ASO,ES,Combined TRACON& Tower with Radar,163,94,145,7,409,0,5,63,2,70,163,99,208,9,479,0,0,0,479
01/11/2014,PBI,FL,ASO,ES,Combined TRACON& Tower with Radar,145,61,75,0,281,0,5,46,0,51,145,66,121,0,332,0,0,0,332
01/12/2014,PBI,FL,ASO,ES,Combined TRACON& Tower with Radar,162,116,180,6,464,0,3,38,2,43,162,119,218,8,507,0,0,0,507
01/13/2014,PBI,FL,ASO,ES,Combined TRACON& Tower with Radar,162,65,136,0,363,0,5,52,1,58,162,70,188,1,421,0,0,0,421
01/14/2014,PBI,FL,ASO,ES,Combined TRACON& Tower with Radar,151,59,99,8,317,0,8,62,2,72,151,67,161,10,389,0,0,0,389
01/15/2014,PBI,FL,ASO,ES,Combined TRACON& Tower with Radar,154,86,148,3,391,0,3,44,6,53,154,89,192,9,444,20,0,20,464
01/16/2014,PBI,FL,ASO,ES,Combined TRACON& Tower with Radar,169,149,169,2,489,0,8,70,3,81,169,157,239,5,570,0,0,0,570
01/17/2014,PBI,FL,ASO,ES,Combined TRACON& Tower with Radar,162,128,185,5,480,0,10,90,2,102,162,138,275,7,582,0,0,0,582
01/18/2014,PBI,FL,ASO,ES,Combined TRACON& Tower with Radar,153,73,103,0,329,0,3,61,2,66,153,76,164,2,395,0,0,0,395
01/19/2014,PBI,FL,ASO,ES,Combined TRACON& Tower with Radar,154,112,103,1,370,0,1,41,0,42,154,113,144,1,412,0,0,0,412
01/20/2014,PBI,FL,ASO,ES,Combined TRACON& Tower with Radar,155,186,224,2,567,0,5,58,2,65,155,191,282,4,632,0,0,0,632
01/21/2014,PBI,FL,ASO,ES,Combined TRACON& Tower with Radar,110,67,90,2,269,0,6,28,2,36,110,73,118,4,305,0,0,0,305
01/22/2014,PBI,FL,ASO,ES,Combined TRACON& Tower with Radar,133,101,132,0,366,0,6,54,5,65,133,107,186,5,431,0,0,0,431
01/23/2014,PBI,FL,ASO,ES,Combined TRACON& Tower with Radar,160,126,165,0,451,0,2,105,0,107,160,128,270,0,558,0,0,0,558
01/24/2014,PBI,FL,ASO,ES,Combined TRACON& Tower with Radar,166,113,165,3,447,0,5,148,5,158,166,118,313,8,605,0,0,0,605
01/25/2014,PBI,FL,ASO,ES,Combined TRACON& Tower with Radar,152,66,106,0,324,0,4,68,0,72,152,70,174,0,396,0,0,0,396
01/26/2014,PBI,FL,ASO,ES,Combined TRACON& Tower with Radar,160,142,185,0,487,0,3,52,4,59,160,145,237,4,546,0,0,0,546
01/27/2014,PBI,FL,ASO,ES,Combined TRACON& Tower with Radar,160,81,160,0,401,0,6,65,7,78,160,87,225,7,479,2,0,2,481
01/28/2014,PBI,FL,ASO,ES,Combined TRACON& Tower with Radar,136,69,126,0,331,0,2,74,3,79,136,71,200,3,410,0,0,0,410
01/29/2014,PBI,FL,ASO,ES,Combined TRACON& Tower with Radar,133,82,141,0,356,0,4,25,0,29,133,86,166,0,385,0,0,0,385
01/30/2014,PBI,FL,ASO,ES,Combined TRACON& Tower with Radar,157,134,160,0,451,0,0,4,0,4,157,134,164,0,455,0,0,0,455
01/31/2014,PBI,FL,ASO,ES,Combined TRACON& Tower with Radar,162,100,196,0,458,0,1,54,0,55,162,101,250,0,513,0,0,0,513
02/01/2014,PBI,FL,ASO,ES,Combined TRACON& Tower with Radar,145,58,109,3,315,0,3,64,4,71,145,61,173,7,386,0,0,0,386
02/02/2014,PBI,FL,ASO,ES,Combined TRACON& Tower with Radar,149,91,150,0,390,0,2,47,0,49,149,93,197,0,439,0,0,0,439
02/03/2014,PBI,FL,ASO,ES,Combined TRACON& Tower with Radar,134,87,179,3,403,0,6,59,0,65,134,93,238,3,468,0,0,0,468
02/04/2014,PBI,FL,ASO,ES,Combined TRACON& Tower with Radar,142,90,139,6,377,0,11,68,0,79,142,101,207,6,456,0,0,0,456
02/05/2014,PBI,FL,ASO,ES,Combined TRACON& Tower with Radar,126,76,120,0,322,0,4,47,0,51,126,80,167,0,373,0,0,0,373
02/06/2014,PBI,FL,ASO,ES,Combined TRACON& Tower with Radar,166,132,175,0,473,0,1,59,0,60,166,133,234,0,533,0,0,0,533
02/07/2014,PBI,FL,ASO,ES,Combined TRACON& Tower with Radar,184,112,161,4,461,0,2,53,1,56,184,114,214,5,517,0,0,0,517
02/08/2014,PBI,FL,ASO,ES,Combined TRACON& Tower with Radar,153,70,93,0,316,0,1,25,1,27,153,71,118,1,343,0,0,0,343
02/09/2014,PBI,FL,ASO,ES,Combined TRACON& Tower with Radar,158,138,168,3,467,0,0,50,3,53,158,138,218,6,520,0,0,0,520
02/10/2014,PBI,FL,ASO,ES,Combined TRACON& Tower with Radar,161,95,136,0,392,0,4,61,4,69,161,99,197,4,461,0,0,0,461
02/11/2014,PBI,FL,ASO,ES,Combined TRACON& Tower with Radar,149,83,136,1,369,0,6,77,4,87,149,89,213,5,456,10,1,11,467
02/12/2014,PBI,FL,ASO,ES,Combined TRACON& Tower with Radar,131,162,199,0,492,0,2,87,0,89,131,164,286,0,581,0,0,0,581
02/13/2014,PBI,FL,ASO,ES,Combined TRACON& Tower with Radar,103,152,217,2,474,0,12,60,8,80,103,164,277,10,554,0,0,0,554
02/14/2014,PBI,FL,ASO,ES,Combined TRACON& Tower with Radar,168,208,276,1,653,0,9,71,1,81,168,217,347,2,734,0,0,0,734
02/15/2014,PBI,FL,ASO,ES,Combined TRACON& Tower with Radar,170,141,132,0,443,0,5,58,1,64,170,146,190,1,507,0,0,0,507
02/16/2014,PBI,FL,ASO,ES,Combined TRACON& Tower with Radar,174,119,167,0,460,0,2,73,0,75,174,121,240,0,535,0,0,0,535
02/17/2014,PBI,FL,ASO,ES,Combined TRACON& Tower with Radar,184,186,261,0,631,0,12,73,0,85,184,198,334,0,716,0,0,0,716
02/18/2014,PBI,FL,ASO,ES,Combined TRACON& Tower with Radar,178,120,183,2,483,0,14,62,2,78,178,134,245,4,561,0,0,0,561
02/19/2014,PBI,FL,ASO,ES,Combined TRACON& Tower with Radar,181,94,144,6,425,0,5,66,0,71,181,99,210,6,496,0,0,0,496
02/20/2014,PBI,FL,ASO,ES,Combined TRACON& Tower with Radar,181,110,159,2,452,0,8,66,4,78,181,118,225,6,530,10,0,10,540
02/21/2014,PBI,FL,ASO,ES,Combined TRACON& Tower with Radar,164,103,185,0,452,0,7,49,2,58,164,110,234,2,510,0,0,0,510
02/22/2014,PBI,FL,ASO,ES,Combined TRACON& Tower with Radar,187,87,114,0,388,0,5,42,2,49,187,92,156,2,437,0,0,0,437
02/23/2014,PBI,FL,ASO,ES,Combined TRACON& Tower with Radar,181,156,169,2,508,0,3,55,2,60,181,159,224,4,568,0,0,0,568
02/24/2014,PBI,FL,ASO,ES,Combined TRACON& Tower with Radar,184,105,172,3,464,0,7,81,3,91,184,112,253,6,555,0,0,0,555
02/25/2014,PBI,FL,ASO,ES,Combined TRACON& Tower with Radar,181,81,132,0,394,0,8,55,0,63,181,89,187,0,457,12,0,12,469
02/26/2014,PBI,FL,ASO,ES,Combined TRACON& Tower with Radar,179,95,132,3,409,0,8,38,4,50,179,103,170,7,459,0,0,0,459
02/27/2014,PBI,FL,ASO,ES,Combined TRACON& Tower with Radar,189,108,156,6,459,0,4,45,5,54,189,112,201,11,513,0,0,0,513
02/28/2014,PBI,FL,ASO,ES,Combined TRACON& Tower with Radar,187,105,204,0,496,0,3,75,1,79,187,108,279,1,575,0,0,0,575
03/01/2014,PBI,FL,ASO,ES,Combined TRACON& Tower with Radar,177,83,115,0,375,0,3,57,4,64,177,86,172,4,439,0,0,0,439
03/02/2014,PBI,FL,ASO,ES,Combined TRACON& Tower with Radar,167,155,198,2,522,0,3,55,3,61,167,158,253,5,583,0,0,0,583
03/03/2014,PBI,FL,ASO,ES,Combined TRACON& Tower with Radar,168,103,154,6,431,0,8,77,0,85,168,111,231,6,516,0,0,0,516
03/04/2014,PBI,FL,ASO,ES,Combined TRACON& Tower with Radar,178,105,118,2,403,0,4,72,0,76,178,109,190,2,479,0,0,0,479
03/05/2014,PBI,FL,ASO,ES,Combined TRACON& Tower with Radar,180,91,168,0,439,0,3,77,0,80,180,94,245,0,519,0,0,0,519
03/06/2014,PBI,FL,ASO,ES,Combined TRACON& Tower with Radar,183,120,154,0,457,0,5,36,0,41,183,125,190,0,498,0,0,0,498
03/07/2014,PBI,FL,ASO,ES,Combined TRACON& Tower with Radar,188,124,194,0,506,0,8,67,0,75,188,132,261,0,581,4,0,4,585
03/08/2014,PBI,FL,ASO,ES,Combined TRACON& Tower with Radar,198,98,117,0,413,0,6,29,0,35,198,104,146,0,448,0,0,0,448
03/09/2014,PBI,FL,ASO,ES,Combined TRACON& Tower with Radar,184,133,222,4,543,0,8,74,0,82,184,141,296,4,625,0,0,0,625
03/10/2014,PBI,FL,ASO,ES,Combined TRACON& Tower with Radar,195,108,160,0,463,0,4,99,0,103,195,112,259,0,566,0,0,0,566
03/11/2014,PBI,FL,ASO,ES,Combined TRACON& Tower with Radar,188,102,132,1,423,0,6,69,2,77,188,108,201,3,500,0,0,0,500
03/12/2014,PBI,FL,ASO,ES,Combined TRACON& Tower with Radar,185,98,127,2,412,0,7,60,1,68,185,105,187,3,480,0,0,0,480
03/13/2014,PBI,FL,ASO,ES,Combined TRACON& Tower with Radar,161,114,166,0,441,0,7,59,0,66,161,121,225,0,507,0,0,0,507
03/14/2014,PBI,FL,ASO,ES,Combined TRACON& Tower with Radar,189,126,187,0,502,0,6,95,4,105,189,132,282,4,607,0,0,0,607
03/15/2014,PBI,FL,ASO,ES,Combined TRACON& Tower with Radar,199,107,133,2,441,0,2,50,0,52,199,109,183,2,493,0,0,0,493
03/16/2014,PBI,FL,ASO,ES,Combined TRACON& Tower with Radar,186,143,201,1,531,0,5,43,3,51,186,148,244,4,582,0,0,0,582
03/17/2014,PBI,FL,ASO,ES,Combined TRACON& Tower with Radar,189,88,128,0,405,0,6,43,4,53,189,94,171,4,458,0,0,0,458
03/18/2014,PBI,FL,ASO,ES,Combined TRACON& Tower with Radar,192,73,116,5,386,0,8,39,3,50,192,81,155,8,436,0,0,0,436
03/19/2014,PBI,FL,ASO,ES,Combined TRACON& Tower with Radar,187,94,148,2,431,0,11,63,4,78,187,105,211,6,509,0,0,0,509
03/20/2014,PBI,FL,ASO,ES,Combined TRACON& Tower with Radar,205,110,168,0,483,0,8,61,3,72,205,118,229,3,555,0,0,0,555
03/21/2014,PBI,FL,ASO,ES,Combined TRACON& Tower with Radar,190,142,209,1,542,0,6,90,2,98,190,148,299,3,640,0,0,0,640
03/22/2014,PBI,FL,ASO,ES,Combined TRACON& Tower with Radar,204,130,177,0,511,0,2,47,0,49,204,132,224,0,560,0,0,0,560
03/23/2014,PBI,FL,ASO,ES,Combined TRACON& Tower with Radar,190,150,233,3,576,0,3,71,0,74,190,153,304,3,650,0,0,0,650
03/24/2014,PBI,FL,ASO,ES,Combined TRACON& Tower with Radar,185,105,140,0,430,0,3,45,1,49,185,108,185,1,479,0,0,0,479
03/25/2014,PBI,FL,ASO,ES,Combined TRACON& Tower with Radar,187,92,108,6,393,0,7,47,1,55,187,99,155,7,448,0,0,0,448
03/26/2014,PBI,FL,ASO,ES,Combined TRACON& Tower with Radar,188,101,153,0,442,0,11,78,0,89,188,112,231,0,531,0,0,0,531
03/27/2014,PBI,FL,ASO,ES,Combined TRACON& Tower with Radar,196,121,145,0,462,0,1,62,3,66,196,122,207,3,528,0,0,0,528
03/28/2014,PBI,FL,ASO,ES,Combined TRACON& Tower with Radar,188,152,188,0,528,0,3,69,5,77,188,155,257,5,605,0,0,0,605
03/29/2014,PBI,FL,ASO,ES,Combined TRACON& Tower with Radar,190,92,108,0,390,0,1,38,0,39,190,93,146,0,429,0,0,0,429
03/30/2014,PBI,FL,ASO,ES,Combined TRACON& Tower with Radar,196,182,240,0,618,0,6,63,0,69,196,188,303,0,687,0,0,0,687
03/31/2014,PBI,FL,ASO,ES,Combined TRACON& Tower with Radar,193,105,127,0,425,0,3,67,0,70,193,108,194,0,495,6,0,6,501
04/01/2014,PBI,FL,ASO,ES,Combined TRACON& Tower with Radar,179,96,100,2,377,0,8,84,2,94,179,104,184,4,471,0,0,0,471
04/02/2014,PBI,FL,ASO,ES,Combined TRACON& Tower with Radar,173,86,103,2,364,0,5,79,1,85,173,91,182,3,449,0,0,0,449
04/03/2014,PBI,FL,ASO,ES,Combined TRACON& Tower with Radar,183,103,117,1,404,0,9,101,1,111,183,112,218,2,515,0,0,0,515
04/04/2014,PBI,FL,ASO,ES,Combined TRACON& Tower with Radar,176,89,154,1,420,0,6,95,1,102,176,95,249,2,522,4,0,4,526
04/05/2014,PBI,FL,ASO,ES,Combined TRACON& Tower with Radar,184,77,80,0,341,0,5,65,0,70,184,82,145,0,411,0,0,0,411
04/06/2014,PBI,FL,ASO,ES,Combined TRACON& Tower with Radar,168,107,159,0,434,0,3,61,0,64,168,110,220,0,498,0,0,0,498
04/07/2014,PBI,FL,ASO,ES,Combined TRACON& Tower with Radar,170,76,112,1,359,0,8,68,3,79,170,84,180,4,438,0,0,0,438
04/08/2014,PBI,FL,ASO,ES,Combined TRACON& Tower with Radar,161,84,104,6,355,0,7,25,4,36,161,91,129,10,391,0,0,0,391
04/09/2014,PBI,FL,ASO,ES,Combined TRACON& Tower with Radar,158,94,110,0,362,0,5,73,4,82,158,99,183,4,444,0,0,0,444
04/10/2014,PBI,FL,ASO,ES,Combined TRACON& Tower with Radar,163,96,137,1,397,0,3,90,1,94,163,99,227,2,491,0,0,0,491
04/11/2014,PBI,FL,ASO,ES,Combined TRACON& Tower with Radar,167,125,180,0,472,0,6,60,0,66,167,131,240,0,538,0,0,0,538
04/12/2014,PBI,FL,ASO,ES,Combined TRACON& Tower with Radar,159,90,138,0,387,0,5,37,0,42,159,95,175,0,429,0,0,0,429
04/13/2014,PBI,FL,ASO,ES,Combined TRACON& Tower with Radar,159,119,185,4,467,0,4,53,0,57,159,123,238,4,524,0,0,0,524
04/14/2014,PBI,FL,ASO,ES,Combined TRACON& Tower with Radar,161,105,111,1,378,0,7,45,3,55,161,112,156,4,433,0,0,0,433
04/15/2014,PBI,FL,ASO,ES,Combined TRACON& Tower with Radar,156,79,99,0,334,0,1,56,2,59,156,80,155,2,393,0,0,0,393
04/16/2014,PBI,FL,ASO,ES,Combined TRACON& Tower with Radar,161,120,146,2,429,0,4,44,1,49,161,124,190,3,478,0,0,0,478
04/17/2014,PBI,FL,ASO,ES,Combined TRACON& Tower with Radar,164,156,182,4,506,0,1,69,2,72,164,157,251,6,578,0,0,0,578
04/18/2014,PBI,FL,ASO,ES,Combined TRACON& Tower with Radar,163,126,138,8,435,1,6,50,3,60,164,132,188,11,495,0,0,0,495
04/19/2014,PBI,FL,ASO,ES,Combined TRACON& Tower with Radar,166,84,91,0,341,0,2,57,0,59,166,86,148,0,400,0,0,0,400
04/20/2014,PBI,FL,ASO,ES,Combined TRACON& Tower with Radar,155,147,177,0,479,0,0,44,0,44,155,147,221,0,523,0,0,0,523
04/21/2014,PBI,FL,ASO,ES,Combined TRACON& Tower with Radar,162,146,216,4,528,0,3,61,5,69,162,149,277,9,597,0,0,0,597
04/22/2014,PBI,FL,ASO,ES,Combined TRACON& Tower with Radar,160,97,117,2,376,0,1,76,1,78,160,98,193,3,454,0,0,0,454
04/23/2014,PBI,FL,ASO,ES,Combined TRACON& Tower with Radar,149,99,115,2,365,0,6,75,2,83,149,105,190,4,448,0,0,0,448
04/24/2014,PBI,FL,ASO,ES,Combined TRACON& Tower with Radar,167,85,145,0,397,0,3,82,1,86,167,88,227,1,483,0,0,0,483
04/25/2014,PBI,FL,ASO,ES,Combined TRACON& Tower with Radar,162,97,161,6,426,0,3,66,4,73,162,100,227,10,499,0,0,0,499
04/26/2014,PBI,FL,ASO,ES,Combined TRACON& Tower with Radar,162,51,89,2,304,0,9,61,4,74,162,60,150,6,378,0,0,0,378
04/27/2014,PBI,FL,ASO,ES,Combined TRACON& Tower with Radar,161,74,158,4,397,0,5,61,6,72,161,79,219,10,469,0,0,0,469
04/28/2014,PBI,FL,ASO,ES,Combined TRACON& Tower with Radar,164,72,106,0,342,0,3,72,5,80,164,75,178,5,422,0,0,0,422
04/29/2014,PBI,FL,ASO,ES,Combined TRACON& Tower with Radar,154,67,103,2,326,0,10,65,0,75,154,77,168,2,401,0,0,0,401
04/30/2014,PBI,FL,ASO,ES,Combined TRACON& Tower with Radar,151,87,120,3,361,0,2,85,5,92,151,89,205,8,453,0,0,0,453
05/01/2014,PBI,FL,ASO,ES,Combined TRACON& Tower with Radar,142,98,120,3,363,0,2,62,1,65,142,100,182,4,428,0,0,0,428
05/02/2014,PBI,FL,ASO,ES,Combined TRACON& Tower with Radar,143,91,114,2,350,0,8,53,4,65,143,99,167,6,415,0,0,0,415
05/03/2014,PBI,FL,ASO,ES,Combined TRACON& Tower with Radar,142,64,60,0,266,0,6,28,3,37,142,70,88,3,303,0,0,0,303
05/04/2014,PBI,FL,ASO,ES,Combined TRACON& Tower with Radar,136,79,111,5,331,0,6,42,1,49,136,85,153,6,380,0,0,0,380
05/05/2014,PBI,FL,ASO,ES,Combined TRACON& Tower with Radar,136,64,112,2,314,0,4,74,1,79,136,68,186,3,393,0,0,0,393
05/06/2014,PBI,FL,ASO,ES,Combined TRACON& Tower with Radar,126,78,87,0,291,0,4,59,1,64,126,82,146,1,355,0,0,0,355
05/07/2014,PBI,FL,ASO,ES,Combined TRACON& Tower with Radar,125,75,88,0,288,0,10,68,2,80,125,85,156,2,368,0,0,0,368
05/08/2014,PBI,FL,ASO,ES,Combined TRACON& Tower with Radar,115,80,124,4,323,0,9,84,2,95,115,89,208,6,418,0,0,0,418
05/09/2014,PBI,FL,ASO,ES,Combined TRACON& Tower with Radar,123,98,106,3,330,0,12,80,6,98,123,110,186,9,428,0,0,0,428
05/10/2014,PBI,FL,ASO,ES,Combined TRACON& Tower with Radar,109,67,71,0,247,0,1,47,2,50,109,68,118,2,297,22,0,22,319
05/11/2014,PBI,FL,ASO,ES,Combined TRACON& Tower with Radar,117,62,94,2,275,0,2,57,0,59,117,64,151,2,334,0,0,0,334
05/12/2014,PBI,FL,ASO,ES,Combined TRACON& Tower with Radar,121,67,103,0,291,0,7,79,5,91,121,74,182,5,382,0,0,0,382
05/13/2014,PBI,FL,ASO,ES,Combined TRACON& Tower with Radar,115,66,72,3,256,0,0,50,4,54,115,66,122,7,310,0,0,0,310
05/14/2014,PBI,FL,ASO,ES,Combined TRACON& Tower with Radar,118,67,131,4,320,0,3,66,0,69,118,70,197,4,389,0,0,0,389
05/15/2014,PBI,FL,ASO,ES,Combined TRACON& Tower with Radar,155,77,110,0,342,1,5,31,4,41,156,82,141,4,383,0,0,0,383
05/16/2014,PBI,FL,ASO,ES,Combined TRACON& Tower with Radar,121,90,143,2,356,0,1,56,8,65,121,91,199,10,421,0,0,0,421
05/17/2014,PBI,FL,ASO,ES,Combined TRACON& Tower with Radar,120,52,62,2,236,0,3,65,0,68,120,55,127,2,304,0,0,0,304
05/18/2014,PBI,FL,ASO,ES,Combined TRACON& Tower with Radar,118,75,89,0,282,0,3,44,0,47,118,78,133,0,329,0,0,0,329
05/19/2014,PBI,FL,ASO,ES,Combined TRACON& Tower with Radar,125,60,94,0,279,0,5,66,0,71,125,65,160,0,350,0,0,0,350
05/20/2014,PBI,FL,ASO,ES,Combined TRACON& Tower with Radar,119,78,70,3,270,0,7,76,6,89,119,85,146,9,359,0,0,0,359
05/21/2014,PBI,FL,ASO,ES,Combined TRACON& Tower with Radar,117,59,89,3,268,0,0,70,2,72,117,59,159,5,340,0,0,0,340
05/22/2014,PBI,FL,ASO,ES,Combined TRACON& Tower with Radar,115,78,120,11,324,0,2,86,4,92,115,80,206,15,416,0,0,0,416
05/23/2014,PBI,FL,ASO,ES,Combined TRACON& Tower with Radar,123,78,107,1,309,0,2,98,5,105,123,80,205,6,414,0,0,0,414
05/24/2014,PBI,FL,ASO,ES,Combined TRACON& Tower with Radar,112,43,57,2,214,0,5,37,4,46,112,48,94,6,260,0,0,0,260
05/25/2014,PBI,FL,ASO,ES,Combined TRACON& Tower with Radar,106,48,56,0,210,0,5,30,2,37,106,53,86,2,247,0,0,0,247
05/26/2014,PBI,FL,ASO,ES,Combined TRACON& Tower with Radar,120,66,87,1,274,0,3,81,0,84,120,69,168,1,358,0,0,0,358
05/27/2014,PBI,FL,ASO,ES,Combined TRACON& Tower with Radar,111,45,83,7,246,0,4,66,3,73,111,49,149,10,319,0,0,0,319
05/28/2014,PBI,FL,ASO,ES,Combined TRACON& Tower with Radar,120,61,72,6,259,0,7,67,0,74,120,68,139,6,333,0,0,0,333
05/29/2014,PBI,FL,ASO,ES,Combined TRACON& Tower with Radar,127,59,76,0,262,0,2,67,2,71,127,61,143,2,333,0,0,0,333
05/30/2014,PBI,FL,ASO,ES,Combined TRACON& Tower with Radar,119,71,102,2,294,0,1,64,2,67,119,72,166,4,361,0,0,0,361
05/31/2014,PBI,FL,ASO,ES,Combined TRACON& Tower with Radar,112,51,47,0,210,0,3,53,1,57,112,54,100,1,267,0,0,0,267
06/01/2014,PBI,FL,ASO,ES,Combined TRACON& Tower with Radar,114,55,88,3,260,0,0,42,4,46,114,55,130,7,306,0,0,0,306
06/02/2014,PBI,FL,ASO,ES,Combined TRACON& Tower with Radar,122,45,90,3,260,0,1,41,2,44,122,46,131,5,304,0,0,0,304
06/03/2014,PBI,FL,ASO,ES,Combined TRACON& Tower with Radar,116,52,84,2,254,0,1,58,0,59,116,53,142,2,313,0,0,0,313
06/04/2014,PBI,FL,ASO,ES,Combined TRACON& Tower with Radar,115,50,87,2,254,0,4,63,2,69,115,54,150,4,323,0,0,0,323
06/05/2014,PBI,FL,ASO,ES,Combined TRACON& Tower with Radar,113,58,64,0,235,0,6,67,2,75,113,64,131,2,310,0,0,0,310
06/06/2014,PBI,FL,ASO,ES,Combined TRACON& Tower with Radar,114,63,84,0,261,0,8,70,0,78,114,71,154,0,339,0,0,0,339
06/07/2014,PBI,FL,ASO,ES,Combined TRACON& Tower with Radar,104,48,54,3,209,0,3,33,0,36,104,51,87,3,245,0,0,0,245
06/08/2014,PBI,FL,ASO,ES,Combined TRACON& Tower with Radar,138,57,103,0,298,0,8,57,0,65,138,65,160,0,363,0,0,0,363
06/09/2014,PBI,FL,ASO,ES,Combined TRACON& Tower with Radar,109,45,81,4,239,0,8,50,0,58,109,53,131,4,297,0,0,0,297
06/10/2014,PBI,FL,ASO,ES,Combined TRACON& Tower with Radar,113,60,79,2,254,0,9,43,0,52,113,69,122,2,306,0,0,0,306
06/11/2014,PBI,FL,ASO,ES,Combined TRACON& Tower with Radar,105,54,65,2,226,0,7,50,0,57,105,61,115,2,283,0,0,0,283
06/12/2014,PBI,FL,ASO,ES,Combined TRACON& Tower with Radar,103,53,94,0,250,0,3,59,0,62,103,56,153,0,312,0,0,0,312
06/13/2014,PBI,FL,ASO,ES,Combined TRACON& Tower with Radar,106,52,64,0,222,0,4,42,0,46,106,56,106,0,268,0,0,0,268
06/14/2014,PBI,FL,ASO,ES,Combined TRACON& Tower with Radar,102,54,51,2,209,0,7,32,0,39,102,61,83,2,248,0,0,0,248
06/15/2014,PBI,FL,ASO,ES,Combined TRACON& Tower with Radar,109,73,78,0,260,0,1,45,0,46,109,74,123,0,306,0,0,0,306
06/16/2014,PBI,FL,ASO,ES,Combined TRACON& Tower with Radar,112,50,71,0,233,0,9,58,0,67,112,59,129,0,300,0,0,0,300
06/17/2014,PBI,FL,ASO,ES,Combined TRACON& Tower with Radar,105,46,50,0,201,0,6,41,0,47,105,52,91,0,248,0,0,0,248
06/18/2014,PBI,FL,ASO,ES,Combined TRACON& Tower with Radar,99,53,70,0,222,0,2,46,0,48,99,55,116,0,270,28,0,28,298
06/19/2014,PBI,FL,ASO,ES,Combined TRACON& Tower with Radar,119,59,56,0,234,0,5,36,2,43,119,64,92,2,277,0,0,0,277
06/20/2014,PBI,FL,ASO,ES,Combined TRACON& Tower with Radar,127,45,73,0,245,0,2,55,1,58,127,47,128,1,303,0,0,0,303
06/21/2014,PBI,FL,ASO,ES,Combined TRACON& Tower with Radar,105,60,47,0,212,1,3,37,0,41,106,63,84,0,253,0,0,0,253
06/22/2014,PBI,FL,ASO,ES,Combined TRACON& Tower with Radar,123,52,67,5,247,0,1,51,2,54,123,53,118,7,301,0,0,0,301
06/23/2014,PBI,FL,ASO,ES,Combined TRACON& Tower with Radar,109,40,63,7,219,0,6,37,1,44,109,46,100,8,263,0,0,0,263
06/24/2014,PBI,FL,ASO,ES,Combined TRACON& Tower with Radar,102,37,41,4,184,0,6,62,1,69,102,43,103,5,253,0,0,0,253
06/25/2014,PBI,FL,ASO,ES,Combined TRACON& Tower with Radar,100,51,75,0,226,0,6,73,0,79,100,57,148,0,305,0,0,0,305
06/26/2014,PBI,FL,ASO,ES,Combined TRACON& Tower with Radar,113,36,65,0,214,0,2,65,5,72,113,38,130,5,286,4,0,4,290
06/27/2014,PBI,FL,ASO,ES,Combined TRACON& Tower with Radar,113,42,74,2,231,0,3,68,4,75,113,45,142,6,306,0,0,0,306
06/28/2014,PBI,FL,ASO,ES,Combined TRACON& Tower with Radar,100,37,62,0,199,0,1,56,2,59,100,38,118,2,258,0,0,0,258
06/29/2014,PBI,FL,ASO,ES,Combined TRACON& Tower with Radar,113,29,73,0,215,0,1,37,0,38,113,30,110,0,253,0,0,0,253
06/30/2014,PBI,FL,ASO,ES,Combined TRACON& Tower with Radar,117,40,75,0,232,0,5,47,0,52,117,45,122,0,284,0,0,0,284
07/01/2014,PBI,FL,ASO,ES,Combined TRACON& Tower with Radar,107,45,51,0,203,0,6,22,0,28,107,51,73,0,231,0,0,0,231
07/02/2014,PBI,FL,ASO,ES,Combined TRACON& Tower with Radar,96,47,63,3,209,0,6,44,2,52,96,53,107,5,261,0,0,0,261
07/03/2014,PBI,FL,ASO,ES,Combined TRACON& Tower with Radar,105,43,76,1,225,0,1,90,0,91,105,44,166,1,316,0,0,0,316
07/04/2014,PBI,FL,ASO,ES,Combined TRACON& Tower with Radar,92,18,46,0,156,0,1,38,0,39,92,19,84,0,195,0,0,0,195
07/05/2014,PBI,FL,ASO,ES,Combined TRACON& Tower with Radar,99,29,43,0,171,0,4,40,0,44,99,33,83,0,215,0,0,0,215
07/06/2014,PBI,FL,ASO,ES,Combined TRACON& Tower with Radar,104,44,68,0,216,0,0,58,0,58,104,44,126,0,274,0,0,0,274
07/07/2014,PBI,FL,ASO,ES,Combined TRACON& Tower with Radar,108,39,64,2,213,0,2,55,0,57,108,41,119,2,270,0,0,0,270
07/08/2014,PBI,FL,ASO,ES,Combined TRACON& Tower with Radar,102,38,39,0,179,0,0,54,0,54,102,38,93,0,233,0,0,0,233
07/09/2014,PBI,FL,ASO,ES,Combined TRACON& Tower with Radar,105,47,48,0,200,0,9,47,0,56,105,56,95,0,256,0,0,0,256
07/10/2014,PBI,FL,ASO,ES,Combined TRACON& Tower with Radar,112,45,57,0,214,0,1,72,0,73,112,46,129,0,287,0,0,0,287
07/11/2014,PBI,FL,ASO,ES,Combined TRACON& Tower with Radar,109,39,65,1,214,0,2,69,3,74,109,41,134,4,288,0,0,0,288
07/12/2014,PBI,FL,ASO,ES,Combined TRACON& Tower with Radar,97,35,45,0,177,0,9,54,3,66,97,44,99,3,243,0,0,0,243
07/13/2014,PBI,FL,ASO,ES,Combined TRACON& Tower with Radar,106,38,63,4,211,0,3,50,2,55,106,41,113,6,266,0,0,0,266
07/14/2014,PBI,FL,ASO,ES,Combined TRACON& Tower with Radar,101,37,62,2,202,0,7,51,2,60,101,44,113,4,262,0,0,0,262
07/15/2014,PBI,FL,ASO,ES,Combined TRACON& Tower with Radar,105,38,60,3,206,0,0,49,1,50,105,38,109,4,256,0,0,0,256
07/16/2014,PBI,FL,ASO,ES,Combined TRACON& Tower with Radar,106,41,72,0,219,0,4,38,6,48,106,45,110,6,267,0,0,0,267
07/17/2014,PBI,FL,ASO,ES,Combined TRACON& Tower with Radar,119,43,65,0,227,0,5,48,3,56,119,48,113,3,283,0,0,0,283
07/18/2014,PBI,FL,ASO,ES,Combined TRACON& Tower with Radar,113,45,83,1,242,0,7,75,4,86,113,52,158,5,328,0,0,0,328
07/19/2014,PBI,FL,ASO,ES,Combined TRACON& Tower with Radar,106,38,51,0,195,0,1,58,0,59,106,39,109,0,254,0,0,0,254
07/20/2014,PBI,FL,ASO,ES,Combined TRACON& Tower with Radar,109,43,65,1,218,0,2,43,0,45,109,45,108,1,263,0,0,0,263
07/21/2014,PBI,FL,ASO,ES,Combined TRACON& Tower with Radar,114,39,64,0,217,1,0,66,2,69,115,39,130,2,286,0,0,0,286
07/22/2014,PBI,FL,ASO,ES,Combined TRACON& Tower with Radar,105,48,43,2,198,0,2,60,1,63,105,50,103,3,261,20,0,20,281
07/23/2014,PBI,FL,ASO,ES,Combined TRACON& Tower with Radar,105,39,86,3,233,0,11,70,0,81,105,50,156,3,314,25,0,25,339
07/24/2014,PBI,FL,ASO,ES,Combined TRACON& Tower with Radar,115,41,54,2,212,0,3,88,3,94,115,44,142,5,306,0,0,0,306
07/25/2014,PBI,FL,ASO,ES,Combined TRACON& Tower with Radar,116,39,66,4,225,0,7,60,0,67,116,46,126,4,292,0,0,0,292
07/26/2014,PBI,FL,ASO,ES,Combined TRACON& Tower with Radar,107,29,47,0,183,0,4,44,0,48,107,33,91,0,231,0,0,0,231
07/27/2014,PBI,FL,ASO,ES,Combined TRACON& Tower with Radar,112,34,62,3,211,0,4,47,4,55,112,38,109,7,266,0,0,0,266
07/28/2014,PBI,FL,ASO,ES,Combined TRACON& Tower with Radar,112,34,76,0,222,0,2,55,9,66,112,36,131,9,288,0,0,0,288
07/29/2014,PBI,FL,ASO,ES,Combined TRACON& Tower with Radar,105,49,44,2,200,0,9,54,5,68,105,58,98,7,268,0,0,0,268
07/30/2014,PBI,FL,ASO,ES,Combined TRACON& Tower with Radar,108,48,58,3,217,0,4,52,1,57,108,52,110,4,274,8,0,8,282
07/31/2014,PBI,FL,ASO,ES,Combined TRACON& Tower with Radar,119,40,62,2,223,0,3,55,7,65,119,43,117,9,288,6,0,6,294
08/01/2014,PBI,FL,ASO,ES,Combined TRACON& Tower with Radar,107,52,68,1,228,0,5,60,2,67,107,57,128,3,295,0,0,0,295
08/02/2014,PBI,FL,ASO,ES,Combined TRACON& Tower with Radar,107,35,48,3,193,0,2,40,5,47,107,37,88,8,240,0,0,0,240
08/03/2014,PBI,FL,ASO,ES,Combined TRACON& Tower with Radar,119,33,60,1,213,0,1,24,2,27,119,34,84,3,240,0,0,0,240
08/04/2014,PBI,FL,ASO,ES,Combined TRACON& Tower with Radar,120,39,55,0,214,0,8,28,3,39,120,47,83,3,253,0,0,0,253
08/05/2014,PBI,FL,ASO,ES,Combined TRACON& Tower with Radar,107,43,68,2,220,0,7,69,2,78,107,50,137,4,298,0,0,0,298
08/06/2014,PBI,FL,ASO,ES,Combined TRACON& Tower with Radar,102,45,74,2,223,0,11,83,2,96,102,56,157,4,319,0,0,0,319
08/07/2014,PBI,FL,ASO,ES,Combined TRACON& Tower with Radar,118,43,75,4,240,0,3,62,2,67,118,46,137,6,307,0,0,0,307
08/08/2014,PBI,FL,ASO,ES,Combined TRACON& Tower with Radar,104,46,61,0,211,0,1,88,1,90,104,47,149,1,301,0,0,0,301
08/09/2014,PBI,FL,ASO,ES,Combined TRACON& Tower with Radar,100,36,48,0,184,0,6,53,0,59,100,42,101,0,243,0,0,0,243
08/10/2014,PBI,FL,ASO,ES,Combined TRACON& Tower with Radar,107,31,75,2,215,0,0,34,0,34,107,31,109,2,249,0,0,0,249
08/11/2014,PBI,FL,ASO,ES,Combined TRACON& Tower with Radar,114,37,64,2,217,0,2,40,0,42,114,39,104,2,259,0,0,0,259
08/12/2014,PBI,FL,ASO,ES,Combined TRACON& Tower with Radar,102,51,70,0,223,0,2,70,0,72,102,53,140,0,295,0,0,0,295
08/13/2014,PBI,FL,ASO,ES,Combined TRACON& Tower with Radar,104,45,68,0,217,0,5,56,2,63,104,50,124,2,280,0,0,0,280
08/14/2014,PBI,FL,ASO,ES,Combined TRACON& Tower with Radar,119,45,80,0,244,0,9,56,0,65,119,54,136,0,309,58,0,58,367
08/15/2014,PBI,FL,ASO,ES,Combined TRACON& Tower with Radar,112,38,78,4,232,0,2,45,0,47,112,40,123,4,279,0,0,0,279
08/16/2014,PBI,FL,ASO,ES,Combined TRACON& Tower with Radar,103,32,50,0,185,0,1,30,0,31,103,33,80,0,216,0,0,0,216
08/17/2014,PBI,FL,ASO,ES,Combined TRACON& Tower with Radar,109,54,64,2,229,0,1,42,0,43,109,55,106,2,272,0,0,0,272
08/18/2014,PBI,FL,ASO,ES,Combined TRACON& Tower with Radar,115,42,70,0,227,0,2,65,0,67,115,44,135,0,294,0,0,0,294
08/19/2014,PBI,FL,ASO,ES,Combined TRACON& Tower with Radar,103,32,57,2,194,0,6,52,2,60,103,38,109,4,254,0,0,0,254
08/20/2014,PBI,FL,ASO,ES,Combined TRACON& Tower with Radar,105,47,53,0,205,0,7,73,1,81,105,54,126,1,286,0,0,0,286
08/21/2014,PBI,FL,ASO,ES,Combined TRACON& Tower with Radar,109,49,62,5,225,0,5,57,2,64,109,54,119,7,289,0,0,0,289
08/22/2014,PBI,FL,ASO,ES,Combined TRACON& Tower with Radar,110,44,68,1,223,0,3,77,3,83,110,47,145,4,306,0,0,0,306
08/23/2014,PBI,FL,ASO,ES,Combined TRACON& Tower with Radar,96,28,45,0,169,0,2,46,1,49,96,30,91,1,218,0,0,0,218
08/24/2014,PBI,FL,ASO,ES,Combined TRACON& Tower with Radar,114,37,42,0,193,0,4,34,1,39,114,41,76,1,232,0,0,0,232
08/25/2014,PBI,FL,ASO,ES,Combined TRACON& Tower with Radar,110,32,50,0,192,0,3,37,0,40,110,35,87,0,232,0,0,0,232
08/26/2014,PBI,FL,ASO,ES,Combined TRACON& Tower with Radar,104,31,55,3,193,0,6,65,5,76,104,37,120,8,269,0,0,0,269
08/27/2014,PBI,FL,ASO,ES,Combined TRACON& Tower with Radar,105,44,89,0,238,0,7,66,8,81,105,51,155,8,319,0,0,0,319
08/28/2014,PBI,FL,ASO,ES,Combined TRACON& Tower with Radar,112,59,61,2,234,0,6,38,2,46,112,65,99,4,280,0,0,0,280
08/29/2014,PBI,FL,ASO,ES,Combined TRACON& Tower with Radar,120,47,72,2,241,0,6,58,2,66,120,53,130,4,307,0,0,0,307
08/30/2014,PBI,FL,ASO,ES,Combined TRACON& Tower with Radar,93,24,44,0,161,0,3,25,2,30,93,27,69,2,191,0,0,0,191
08/31/2014,PBI,FL,ASO,ES,Combined TRACON& Tower with Radar,99,26,32,2,159,0,2,26,0,28,99,28,58,2,187,0,0,0,187
09/01/2014,PBI,FL,ASO,ES,Combined TRACON& Tower with Radar,103,46,82,0,231,0,0,52,2,54,103,46,134,2,285,0,0,0,285
09/02/2014,PBI,FL,ASO,ES,Combined TRACON& Tower with Radar,99,30,55,4,188,0,6,62,4,72,99,36,117,8,260,0,0,0,260
09/03/2014,PBI,FL,ASO,ES,Combined TRACON& Tower with Radar,97,33,58,3,191,0,5,49,0,54,97,38,107,3,245,0,0,0,245
09/04/2014,PBI,FL,ASO,ES,Combined TRACON& Tower with Radar,105,41,71,2,219,0,2,39,2,43,105,43,110,4,262,0,0,0,262
09/05/2014,PBI,FL,ASO,ES,Combined TRACON& Tower with Radar,99,43,67,3,212,0,1,70,0,71,99,44,137,3,283,0,0,0,283
09/06/2014,PBI,FL,ASO,ES,Combined TRACON& Tower with Radar,87,33,39,0,159,0,1,34,1,36,87,34,73,1,195,0,0,0,195
09/07/2014,PBI,FL,ASO,ES,Combined TRACON& Tower with Radar,100,24,52,0,176,0,0,36,0,36,100,24,88,0,212,0,0,0,212
09/08/2014,PBI,FL,ASO,ES,Combined TRACON& Tower with Radar,105,38,68,1,212,0,6,56,11,73,105,44,124,12,285,0,0,0,285
09/09/2014,PBI,FL,ASO,ES,Combined TRACON& Tower with Radar,91,26,65,2,184,0,4,62,17,83,91,30,127,19,267,0,0,0,267
09/10/2014,PBI,FL,ASO,ES,Combined TRACON& Tower with Radar,99,47,56,0,202,0,8,67,5,80,99,55,123,5,282,0,0,0,282
09/11/2014,PBI,FL,ASO,ES,Combined TRACON& Tower with Radar,100,48,38,0,186,0,8,36,0,44,100,56,74,0,230,0,0,0,230
09/12/2014,PBI,FL,ASO,ES,Combined TRACON& Tower with Radar,105,44,79,0,228,0,4,49,4,57,105,48,128,4,285,0,0,0,285
09/13/2014,PBI,FL,ASO,ES,Combined TRACON& Tower with Radar,84,19,26,2,131,0,0,28,2,30,84,19,54,4,161,0,0,0,161
09/14/2014,PBI,FL,ASO,ES,Combined TRACON& Tower with Radar,104,27,64,1,196,0,2,33,2,37,104,29,97,3,233,0,0,0,233
09/15/2014,PBI,FL,ASO,ES,Combined TRACON& Tower with Radar,101,29,66,4,200,0,1,72,9,82,101,30,138,13,282,0,0,0,282
09/16/2014,PBI,FL,ASO,ES,Combined TRACON& Tower with Radar,94,36,57,2,189,0,0,59,3,62,94,36,116,5,251,0,0,0,251
09/17/2014,PBI,FL,ASO,ES,Combined TRACON& Tower with Radar,95,35,73,4,207,0,10,67,2,79,95,45,140,6,286,0,0,0,286
09/18/2014,PBI,FL,ASO,ES,Combined TRACON& Tower with Radar,108,41,95,6,250,0,8,72,9,89,108,49,167,15,339,0,0,0,339
09/19/2014,PBI,FL,ASO,ES,Combined TRACON& Tower with Radar,101,48,84,0,233,0,0,38,4,42,101,48,122,4,275,0,0,0,275
09/20/2014,PBI,FL,ASO,ES,Combined TRACON& Tower with Radar,91,26,60,1,178,0,3,31,3,37,91,29,91,4,215,0,0,0,215
09/21/2014,PBI,FL,ASO,ES,Combined TRACON& Tower with Radar,103,42,62,3,210,0,3,35,0,38,103,45,97,3,248,0,0,0,248
09/22/2014,PBI,FL,ASO,ES,Combined TRACON& Tower with Radar,99,42,84,0,225,0,0,40,0,40,99,42,124,0,265,0,0,0,265
09/23/2014,PBI,FL,ASO,ES,Combined TRACON& Tower with Radar,95,42,48,4,189,0,4,57,2,63,95,46,105,6,252,0,0,0,252
09/24/2014,PBI,FL,ASO,ES,Combined TRACON& Tower with Radar,92,41,75,1,209,0,7,54,1,62,92,48,129,2,271,0,0,0,271
09/25/2014,PBI,FL,ASO,ES,Combined TRACON& Tower with Radar,99,42,82,2,225,0,5,47,4,56,99,47,129,6,281,0,0,0,281
09/26/2014,PBI,FL,ASO,ES,Combined TRACON& Tower with Radar,98,45,44,2,189,0,0,48,2,50,98,45,92,4,239,0,0,0,239
09/27/2014,PBI,FL,ASO,ES,Combined TRACON& Tower with Radar,84,29,57,5,175,0,3,48,2,53,84,32,105,7,228,0,0,0,228
09/28/2014,PBI,FL,ASO,ES,Combined TRACON& Tower with Radar,102,54,65,1,222,0,3,36,0,39,102,57,101,1,261,0,0,0,261
09/29/2014,PBI,FL,ASO,ES,Combined TRACON& Tower with Radar,101,54,65,2,222,0,12,23,2,37,101,66,88,4,259,0,0,0,259
09/30/2014,PBI,FL,ASO,ES,Combined TRACON& Tower with Radar,96,41,81,0,218,0,10,47,3,60,96,51,128,3,278,0,0,0,278
10/01/2014,PBI,FL,ASO,ES,Combined TRACON& Tower with Radar,100,61,48,2,211,0,7,42,4,53,100,68,90,6,264,0,0,0,264
10/02/2014,PBI,FL,ASO,ES,Combined TRACON& Tower with Radar,108,62,67,1,238,0,8,65,6,79,108,70,132,7,317,0,0,0,317
10/03/2014,PBI,FL,ASO,ES,Combined TRACON& Tower with Radar,115,55,78,7,255,0,10,56,1,67,115,65,134,8,322,0,0,0,322
10/04/2014,PBI,FL,ASO,ES,Combined TRACON& Tower with Radar,93,29,39,5,166,0,2,25,0,27,93,31,64,5,193,0,0,0,193
10/05/2014,PBI,FL,ASO,ES,Combined TRACON& Tower with Radar,114,45,86,3,248,1,2,57,0,60,115,47,143,3,308,0,0,0,308
10/06/2014,PBI,FL,ASO,ES,Combined TRACON& Tower with Radar,108,57,66,0,231,0,9,66,3,78,108,66,132,3,309,0,0,0,309
10/07/2014,PBI,FL,ASO,ES,Combined TRACON& Tower with Radar,111,42,52,0,205,0,8,34,0,42,111,50,86,0,247,0,0,0,247
10/08/2014,PBI,FL,ASO,ES,Combined TRACON& Tower with Radar,114,57,82,0,253,0,4,59,11,74,114,61,141,11,327,0,0,0,327
10/09/2014,PBI,FL,ASO,ES,Combined TRACON& Tower with Radar,110,73,96,2,281,0,6,65,3,74,110,79,161,5,355,0,0,0,355
10/10/2014,PBI,FL,ASO,ES,Combined TRACON& Tower with Radar,120,66,91,0,277,0,2,70,2,74,120,68,161,2,351,0,0,0,351
10/11/2014,PBI,FL,ASO,ES,Combined TRACON& Tower with Radar,100,45,48,4,197,0,0,41,2,43,100,45,89,6,240,8,0,8,248
10/12/2014,PBI,FL,ASO,ES,Combined TRACON& Tower with Radar,118,41,58,0,217,0,0,45,0,45,118,41,103,0,262,0,0,0,262
10/13/2014,PBI,FL,ASO,ES,Combined TRACON& Tower with Radar,110,50,112,0,272,0,4,57,0,61,110,54,169,0,333,0,0,0,333
10/14/2014,PBI,FL,ASO,ES,Combined TRACON& Tower with Radar,110,62,69,2,243,0,7,32,2,41,110,69,101,4,284,0,0,0,284
10/15/2014,PBI,FL,ASO,ES,Combined TRACON& Tower with Radar,114,80,85,0,279,0,5,38,0,43,114,85,123,0,322,0,0,0,322
10/16/2014,PBI,FL,ASO,ES,Combined TRACON& Tower with Radar,111,77,89,2,279,0,6,70,11,87,111,83,159,13,366,0,0,0,366
10/17/2014,PBI,FL,ASO,ES,Combined TRACON& Tower with Radar,111,70,113,1,295,0,4,63,0,67,111,74,176,1,362,0,0,0,362
10/18/2014,PBI,FL,ASO,ES,Combined TRACON& Tower with Radar,95,46,68,2,211,0,2,55,0,57,95,48,123,2,268,0,0,0,268
10/19/2014,PBI,FL,ASO,ES,Combined TRACON& Tower with Radar,114,77,92,0,283,0,1,52,1,54,114,78,144,1,337,0,0,0,337
10/20/2014,PBI,FL,ASO,ES,Combined TRACON& Tower with Radar,109,65,72,0,246,0,6,66,2,74,109,71,138,2,320,0,0,0,320
10/21/2014,PBI,FL,ASO,ES,Combined TRACON& Tower with Radar,107,62,66,0,235,0,4,36,2,42,107,66,102,2,277,0,0,0,277
10/22/2014,PBI,FL,ASO,ES,Combined TRACON& Tower with Radar,108,78,79,4,269,0,4,41,1,46,108,82,120,5,315,0,0,0,315
10/23/2014,PBI,FL,ASO,ES,Combined TRACON& Tower with Radar,111,89,74,4,278,0,5,40,2,47,111,94,114,6,325,0,0,0,325
10/24/2014,PBI,FL,ASO,ES,Combined TRACON& Tower with Radar,114,101,84,8,307,0,3,48,0,51,114,104,132,8,358,0,0,0,358
10/25/2014,PBI,FL,ASO,ES,Combined TRACON& Tower with Radar,99,53,46,2,200,0,1,48,0,49,99,54,94,2,249,0,0,0,249
10/26/2014,PBI,FL,ASO,ES,Combined TRACON& Tower with Radar,132,76,101,2,311,0,0,38,2,40,132,76,139,4,351,0,0,0,351
10/27/2014,PBI,FL,ASO,ES,Combined TRACON& Tower with Radar,124,70,66,4,264,0,4,58,2,64,124,74,124,6,328,0,0,0,328
10/28/2014,PBI,FL,ASO,ES,Combined TRACON& Tower with Radar,119,57,83,4,263,0,4,76,2,82,119,61,159,6,345,0,0,0,345
10/29/2014,PBI,FL,ASO,ES,Combined TRACON& Tower with Radar,119,78,94,1,292,0,12,92,5,109,119,90,186,6,401,0,0,0,401
10/30/2014,PBI,FL,ASO,ES,Combined TRACON& Tower with Radar,126,95,125,3,349,0,2,94,0,96,126,97,219,3,445,0,0,0,445
10/31/2014,PBI,FL,ASO,ES,Combined TRACON& Tower with Radar,118,103,100,1,322,0,0,64,1,65,118,103,164,2,387,0,0,0,387
11/01/2014,PBI,FL,ASO,ES,Combined TRACON& Tower with Radar,105,75,50,4,234,0,2,40,0,42,105,77,90,4,276,0,0,0,276
11/02/2014,PBI,FL,ASO,ES,Combined TRACON& Tower with Radar,134,89,116,4,343,0,2,66,0,68,134,91,182,4,411,0,0,0,411
11/03/2014,PBI,FL,ASO,ES,Combined TRACON& Tower with Radar,133,61,88,4,286,0,2,54,3,59,133,63,142,7,345,0,0,0,345
11/04/2014,PBI,FL,ASO,ES,Combined TRACON& Tower with Radar,128,86,85,5,304,0,7,54,2,63,128,93,139,7,367,0,0,0,367
11/05/2014,PBI,FL,ASO,ES,Combined TRACON& Tower with Radar,129,69,100,0,298,0,12,57,2,71,129,81,157,2,369,0,0,0,369
11/06/2014,PBI,FL,ASO,ES,Combined TRACON& Tower with Radar,144,111,104,1,360,0,4,74,2,80,144,115,178,3,440,0,0,0,440
11/07/2014,PBI,FL,ASO,ES,Combined TRACON& Tower with Radar,148,74,101,6,329,0,0,68,0,68,148,74,169,6,397,0,0,0,397
11/08/2014,PBI,FL,ASO,ES,Combined TRACON& Tower with Radar,123,59,52,0,234,0,3,30,0,33,123,62,82,0,267,0,0,0,267
11/09/2014,PBI,FL,ASO,ES,Combined TRACON& Tower with Radar,142,84,139,2,367,0,0,9,0,9,142,84,148,2,376,0,0,0,376
11/10/2014,PBI,FL,ASO,ES,Combined TRACON& Tower with Radar,136,86,109,2,333,0,4,50,4,58,136,90,159,6,391,0,0,0,391
11/11/2014,PBI,FL,ASO,ES,Combined TRACON& Tower with Radar,135,65,100,0,300,0,3,50,5,58,135,68,150,5,358,0,0,0,358
11/12/2014,PBI,FL,ASO,ES,Combined TRACON& Tower with Radar,133,72,103,4,312,0,8,63,4,75,133,80,166,8,387,0,0,0,387
11/13/2014,PBI,FL,ASO,ES,Combined TRACON& Tower with Radar,145,59,136,3,343,0,12,74,6,92,145,71,210,9,435,0,0,0,435
11/14/2014,PBI,FL,ASO,ES,Combined TRACON& Tower with Radar,144,95,136,0,375,0,3,81,8,92,144,98,217,8,467,0,0,0,467
11/15/2014,PBI,FL,ASO,ES,Combined TRACON& Tower with Radar,124,46,75,2,247,0,2,41,0,43,124,48,116,2,290,0,0,0,290
11/16/2014,PBI,FL,ASO,ES,Combined TRACON& Tower with Radar,142,86,136,2,366,0,5,54,1,60,142,91,190,3,426,0,0,0,426
11/17/2014,PBI,FL,ASO,ES,Combined TRACON& Tower with Radar,141,81,119,0,341,0,4,62,6,72,141,85,181,6,413,0,0,0,413
11/18/2014,PBI,FL,ASO,ES,Combined TRACON& Tower with Radar,146,74,105,5,330,0,1,27,1,29,146,75,132,6,359,0,0,0,359
11/19/2014,PBI,FL,ASO,ES,Combined TRACON& Tower with Radar,134,73,103,2,312,0,3,55,3,61,134,76,158,5,373,0,0,0,373
11/20/2014,PBI,FL,ASO,ES,Combined TRACON& Tower with Radar,152,103,120,3,378,0,4,61,3,68,152,107,181,6,446,0,0,0,446
11/21/2014,PBI,FL,ASO,ES,Combined TRACON& Tower with Radar,160,110,147,6,423,0,6,22,2,30,160,116,169,8,453,0,0,0,453
11/22/2014,PBI,FL,ASO,ES,Combined TRACON& Tower with Radar,148,84,90,1,323,0,3,14,0,17,148,87,104,1,340,0,0,0,340
11/23/2014,PBI,FL,ASO,ES,Combined TRACON& Tower with Radar,159,91,102,4,356,0,4,33,0,37,159,95,135,4,393,0,0,0,393
11/24/2014,PBI,FL,ASO,ES,Combined TRACON& Tower with Radar,154,92,108,4,358,0,2,68,1,71,154,94,176,5,429,0,0,0,429
11/25/2014,PBI,FL,ASO,ES,Combined TRACON& Tower with Radar,172,113,129,1,415,0,3,71,3,77,172,116,200,4,492,0,0,0,492
11/26/2014,PBI,FL,ASO,ES,Combined TRACON& Tower with Radar,165,109,136,0,410,0,4,38,1,43,165,113,174,1,453,0,0,0,453
11/27/2014,PBI,FL,ASO,ES,Combined TRACON& Tower with Radar,121,49,29,0,199,0,1,42,1,44,121,50,71,1,243,0,0,0,243
11/28/2014,PBI,FL,ASO,ES,Combined TRACON& Tower with Radar,146,98,90,0,334,0,6,55,0,61,146,104,145,0,395,0,0,0,395
11/29/2014,PBI,FL,ASO,ES,Combined TRACON& Tower with Radar,160,101,101,0,362,0,3,59,0,62,160,104,160,0,424,0,0,0,424
11/30/2014,PBI,FL,ASO,ES,Combined TRACON& Tower with Radar,172,180,216,1,569,0,9,51,0,60,172,189,267,1,629,0,0,0,629
12/01/2014,PBI,FL,ASO,ES,Combined TRACON& Tower with Radar,174,108,131,1,414,0,1,55,0,56,174,109,186,1,470,0,0,0,470
12/02/2014,PBI,FL,ASO,ES,Combined TRACON& Tower with Radar,165,91,80,3,339,2,5,52,3,62,167,96,132,6,401,10,0,10,411
12/03/2014,PBI,FL,ASO,ES,Combined TRACON& Tower with Radar,150,90,108,6,354,0,5,46,2,53,150,95,154,8,407,0,0,0,407
12/04/2014,PBI,FL,ASO,ES,Combined TRACON& Tower with Radar,153,83,107,1,344,0,4,55,3,62,153,87,162,4,406,22,0,22,428
12/05/2014,PBI,FL,ASO,ES,Combined TRACON& Tower with Radar,156,90,130,6,382,0,5,59,3,67,156,95,189,9,449,54,0,54,503
12/06/2014,PBI,FL,ASO,ES,Combined TRACON& Tower with Radar,131,73,81,6,291,0,2,57,3,62,131,75,138,9,353,54,0,54,407
12/07/2014,PBI,FL,ASO,ES,Combined TRACON& Tower with Radar,147,117,135,5,404,0,3,67,1,71,147,120,202,6,475,4,0,4,479
12/08/2014,PBI,FL,ASO,ES,Combined TRACON& Tower with Radar,141,84,97,4,326,0,0,39,0,39,141,84,136,4,365,0,0,0,365
12/09/2014,PBI,FL,ASO,ES,Combined TRACON& Tower with Radar,143,84,88,4,319,0,2,58,4,64,143,86,146,8,383,50,0,50,433
12/10/2014,PBI,FL,ASO,ES,Combined TRACON& Tower with Radar,146,72,115,6,339,0,10,74,0,84,146,82,189,6,423,0,0,0,423
12/11/2014,PBI,FL,ASO,ES,Combined TRACON& Tower with Radar,149,82,127,2,360,0,5,89,2,96,149,87,216,4,456,0,0,0,456
12/12/2014,PBI,FL,ASO,ES,Combined TRACON& Tower with Radar,155,87,106,2,350,0,11,83,1,95,155,98,189,3,445,0,0,0,445
12/13/2014,PBI,FL,ASO,ES,Combined TRACON& Tower with Radar,134,52,58,12,256,0,7,78,0,85,134,59,136,12,341,38,0,38,379
12/14/2014,PBI,FL,ASO,ES,Combined TRACON& Tower with Radar,147,83,90,2,322,0,4,80,0,84,147,87,170,2,406,0,0,0,406
12/15/2014,PBI,FL,ASO,ES,Combined TRACON& Tower with Radar,144,83,125,2,354,0,7,69,2,78,144,90,194,4,432,0,0,0,432
12/16/2014,PBI,FL,ASO,ES,Combined TRACON& Tower with Radar,153,86,99,2,340,0,8,67,8,83,153,94,166,10,423,0,0,0,423
12/17/2014,PBI,FL,ASO,ES,Combined TRACON& Tower with Radar,148,74,93,7,322,0,9,97,5,111,148,83,190,12,433,0,0,0,433
12/18/2014,PBI,FL,ASO,ES,Combined TRACON& Tower with Radar,181,108,109,4,402,0,8,74,3,85,181,116,183,7,487,0,0,0,487
12/19/2014,PBI,FL,ASO,ES,Combined TRACON& Tower with Radar,196,119,151,0,466,0,8,62,0,70,196,127,213,0,536,0,0,0,536
12/20/2014,PBI,FL,ASO,ES,Combined TRACON& Tower with Radar,188,118,118,7,431,0,4,57,0,61,188,122,175,7,492,0,0,0,492
12/21/2014,PBI,FL,ASO,ES,Combined TRACON& Tower with Radar,192,98,104,0,394,0,3,53,2,58,192,101,157,2,452,34,0,34,486
12/22/2014,PBI,FL,ASO,ES,Combined TRACON& Tower with Radar,202,94,113,0,409,0,2,42,0,44,202,96,155,0,453,0,0,0,453
12/23/2014,PBI,FL,ASO,ES,Combined TRACON& Tower with Radar,189,84,89,1,363,0,10,71,0,81,189,94,160,1,444,40,0,40,484
12/24/2014,PBI,FL,ASO,ES,Combined TRACON& Tower with Radar,188,67,61,0,316,0,3,28,0,31,188,70,89,0,347,40,0,40,387
12/25/2014,PBI,FL,ASO,ES,Combined TRACON& Tower with Radar,170,95,49,0,314,0,0,21,0,21,170,95,70,0,335,30,0,30,365
12/26/2014,PBI,FL,ASO,ES,Combined TRACON& Tower with Radar,217,189,274,0,680,0,2,35,1,38,217,191,309,1,718,8,0,8,726
12/27/2014,PBI,FL,ASO,ES,Combined TRACON& Tower with Radar,183,169,210,0,562,0,8,42,0,50,183,177,252,0,612,0,0,0,612
12/28/2014,PBI,FL,ASO,ES,Combined TRACON& Tower with Radar,195,106,145,0,446,0,3,58,2,63,195,109,203,2,509,18,0,18,527
12/29/2014,PBI,FL,ASO,ES,Combined TRACON& Tower with Radar,201,107,124,2,434,0,6,67,0,73,201,113,191,2,507,52,0,52,559
12/30/2014,PBI,FL,ASO,ES,Combined TRACON& Tower with Radar,202,120,129,0,451,0,14,73,1,88,202,134,202,1,539,44,0,44,583
12/31/2014,PBI,FL,ASO,ES,Combined TRACON& Tower with Radar,190,75,79,2,346,0,4,23,0,27,190,79,102,2,373,0,0,0,373
01/01/2015,PBI,FL,ASO,ES,Combined TRACON& Tower with Radar,172,87,93,3,355,0,2,24,0,26,172,89,117,3,381,0,0,0,381
01/02/2015,PBI,FL,ASO,ES,Combined TRACON& Tower with Radar,200,125,169,0,494,0,9,62,2,73,200,134,231,2,567,0,0,0,567
01/03/2015,PBI,FL,ASO,ES,Combined TRACON& Tower with Radar,181,182,223,1,587,0,9,69,1,79,181,191,292,2,666,0,0,0,666
01/04/2015,PBI,FL,ASO,ES,Combined TRACON& Tower with Radar,190,198,237,0,625,0,3,62,2,67,190,201,299,2,692,0,0,0,692
01/05/2015,PBI,FL,ASO,ES,Combined TRACON& Tower with Radar,183,136,160,1,480,0,5,56,0,61,183,141,216,1,541,0,0,0,541
01/06/2015,PBI,FL,ASO,ES,Combined TRACON& Tower with Radar,141,103,134,0,378,0,6,71,2,79,141,109,205,2,457,0,0,0,457
01/07/2015,PBI,FL,ASO,ES,Combined TRACON& Tower with Radar,166,85,98,2,351,0,2,105,0,107,166,87,203,2,458,0,0,0,458
01/08/2015,PBI,FL,ASO,ES,Combined TRACON& Tower with Radar,176,107,145,0,428,0,10,49,3,62,176,117,194,3,490,0,0,0,490
01/09/2015,PBI,FL,ASO,ES,Combined TRACON& Tower with Radar,175,108,163,4,450,0,7,66,4,77,175,115,229,8,527,0,0,0,527
01/10/2015,PBI,FL,ASO,ES,Combined TRACON& Tower with Radar,187,56,73,0,316,2,4,49,2,57,189,60,122,2,373,0,0,0,373
01/11/2015,PBI,FL,ASO,ES,Combined TRACON& Tower with Radar,172,115,166,0,453,0,2,29,2,33,172,117,195,2,486,0,0,0,486
01/12/2015,PBI,FL,ASO,ES,Combined TRACON& Tower with Radar,157,77,89,0,323,0,8,33,0,41,157,85,122,0,364,0,0,0,364
01/13/2015,PBI,FL,ASO,ES,Combined TRACON& Tower with Radar,166,82,115,1,364,0,10,50,4,64,166,92,165,5,428,10,0,10,438
01/14/2015,PBI,FL,ASO,ES,Combined TRACON& Tower with Radar,162,65,153,6,386,0,3,28,0,31,162,68,181,6,417,0,0,0,417
01/15/2015,PBI,FL,ASO,ES,Combined TRACON& Tower with Radar,172,140,210,4,526,0,6,28,0,34,172,146,238,4,560,0,0,0,560
01/16/2015,PBI,FL,ASO,ES,Combined TRACON& Tower with Radar,172,160,188,2,522,0,7,70,5,82,172,167,258,7,604,0,0,0,604
01/17/2015,PBI,FL,ASO,ES,Combined TRACON& Tower with Radar,160,60,99,0,319,0,1,65,4,70,160,61,164,4,389,57,0,57,446
01/18/2015,PBI,FL,ASO,ES,Combined TRACON& Tower with Radar,163,100,138,0,401,0,3,50,2,55,163,103,188,2,456,0,0,0,456
01/19/2015,PBI,FL,ASO,ES,Combined TRACON& Tower with Radar,164,166,220,4,554,0,0,62,8,70,164,166,282,12,624,0,0,0,624
01/20/2015,PBI,FL,ASO,ES,Combined TRACON& Tower with Radar,164,85,109,0,358,0,3,64,4,71,164,88,173,4,429,0,0,0,429
01/21/2015,PBI,FL,ASO,ES,Combined TRACON& Tower with Radar,159,99,157,8,423,0,6,82,2,90,159,105,239,10,513,0,0,0,513
01/22/2015,PBI,FL,ASO,ES,Combined TRACON& Tower with Radar,172,126,155,4,457,0,9,75,2,86,172,135,230,6,543,0,0,0,543
01/23/2015,PBI,FL,ASO,ES,Combined TRACON& Tower with Radar,171,105,161,2,439,0,5,74,2,81,171,110,235,4,520,0,0,0,520
01/24/2015,PBI,FL,ASO,ES,Combined TRACON& Tower with Radar,160,52,91,0,303,0,2,15,0,17,160,54,106,0,320,0,0,0,320
01/25/2015,PBI,FL,ASO,ES,Combined TRACON& Tower with Radar,170,163,164,0,497,0,9,72,5,86,170,172,236,5,583,0,0,0,583
01/26/2015,PBI,FL,ASO,ES,Combined TRACON& Tower with Radar,137,90,110,4,341,0,7,49,8,64,137,97,159,12,405,33,0,33,438
01/27/2015,PBI,FL,ASO,ES,Combined TRACON& Tower with Radar,82,70,95,0,247,0,8,91,0,99,82,78,186,0,346,34,0,34,380
01/28/2015,PBI,FL,ASO,ES,Combined TRACON& Tower with Radar,149,101,133,5,388,0,5,60,1,66,149,106,193,6,454,38,0,38,492
01/29/2015,PBI,FL,ASO,ES,Combined TRACON& Tower with Radar,171,103,185,0,459,0,7,62,2,71,171,110,247,2,530,35,0,35,565
01/30/2015,PBI,FL,ASO,ES,Combined TRACON& Tower with Radar,168,114,183,2,467,0,1,75,2,78,168,115,258,4,545,0,0,0,545
01/31/2015,PBI,FL,ASO,ES,Combined TRACON& Tower with Radar,170,92,109,0,371,0,5,49,3,57,170,97,158,3,428,48,0,48,476
02/01/2015,PBI,FL,ASO,ES,Combined TRACON& Tower with Radar,156,123,163,1,443,0,6,35,3,44,156,129,198,4,487,0,0,0,487
02/02/2015,PBI,FL,ASO,ES,Combined TRACON& Tower with Radar,107,103,150,1,361,0,8,60,4,72,107,111,210,5,433,30,0,30,463
02/03/2015,PBI,FL,ASO,ES,Combined TRACON& Tower with Radar,151,99,120,2,372,0,1,98,0,99,151,100,218,2,471,0,0,0,471
02/04/2015,PBI,FL,ASO,ES,Combined TRACON& Tower with Radar,156,79,163,7,405,0,6,48,5,59,156,85,211,12,464,0,0,0,464
02/05/2015,PBI,FL,ASO,ES,Combined TRACON& Tower with Radar,187,112,173,6,478,0,3,30,8,41,187,115,203,14,519,0,0,0,519
02/06/2015,PBI,FL,ASO,ES,Combined TRACON& Tower with Radar,172,121,154,0,447,0,2,73,5,80,172,123,227,5,527,33,0,33,560
02/07/2015,PBI,FL,ASO,ES,Combined TRACON& Tower with Radar,168,84,97,6,355,0,4,63,3,70,168,88,160,9,425,38,0,38,463
02/08/2015,PBI,FL,ASO,ES,Combined TRACON& Tower with Radar,170,143,200,2,515,0,3,55,4,62,170,146,255,6,577,0,0,0,577
02/09/2015,PBI,FL,ASO,ES,Combined TRACON& Tower with Radar,135,91,126,8,360,0,2,35,4,41,135,93,161,12,401,0,0,0,401
02/10/2015,PBI,FL,ASO,ES,Combined TRACON& Tower with Radar,158,96,126,2,382,0,0,52,4,56,158,96,178,6,438,0,0,0,438
02/11/2015,PBI,FL,ASO,ES,Combined TRACON& Tower with Radar,160,101,177,0,438,0,4,70,3,77,160,105,247,3,515,8,0,8,523
02/12/2015,PBI,FL,ASO,ES,Combined TRACON& Tower with Radar,184,162,199,2,547,0,1,66,0,67,184,163,265,2,614,0,0,0,614
02/13/2015,PBI,FL,ASO,ES,Combined TRACON& Tower with Radar,185,202,236,2,625,0,8,89,7,104,185,210,325,9,729,4,0,4,733
02/14/2015,PBI,FL,ASO,ES,Combined TRACON& Tower with Radar,170,111,146,0,427,0,4,36,0,40,170,115,182,0,467,0,0,0,467
02/15/2015,PBI,FL,ASO,ES,Combined TRACON& Tower with Radar,143,112,151,0,406,0,4,59,2,65,143,116,210,2,471,2,0,2,473
02/16/2015,PBI,FL,ASO,ES,Combined TRACON& Tower with Radar,173,216,235,0,624,0,9,87,2,98,173,225,322,2,722,0,0,0,722
02/17/2015,PBI,FL,ASO,ES,Combined TRACON& Tower with Radar,171,148,154,3,476,0,7,88,6,101,171,155,242,9,577,24,0,24,601
02/18/2015,PBI,FL,ASO,ES,Combined TRACON& Tower with Radar,181,103,162,2,448,0,11,70,7,88,181,114,232,9,536,0,0,0,536
02/19/2015,PBI,FL,ASO,ES,Combined TRACON& Tower with Radar,191,114,184,3,492,0,6,79,0,85,191,120,263,3,577,0,0,0,577
02/20/2015,PBI,FL,ASO,ES,Combined TRACON& Tower with Radar,190,117,191,5,503,0,3,90,5,98,190,120,281,10,601,0,0,0,601
02/21/2015,PBI,FL,ASO,ES,Combined TRACON& Tower with Radar,168,82,113,0,363,0,3,37,8,48,168,85,150,8,411,0,0,0,411
02/22/2015,PBI,FL,ASO,ES,Combined TRACON& Tower with Radar,186,173,246,0,605,0,2,61,2,65,186,175,307,2,670,0,0,0,670
02/23/2015,PBI,FL,ASO,ES,Combined TRACON& Tower with Radar,186,96,159,5,446,0,7,67,1,75,186,103,226,6,521,0,0,0,521
02/24/2015,PBI,FL,ASO,ES,Combined TRACON& Tower with Radar,179,86,157,4,426,0,9,66,10,85,179,95,223,14,511,0,0,0,511
02/25/2015,PBI,FL,ASO,ES,Combined TRACON& Tower with Radar,168,99,172,3,442,0,3,62,2,67,168,102,234,5,509,0,0,0,509
02/26/2015,PBI,FL,ASO,ES,Combined TRACON& Tower with Radar,184,123,174,3,484,0,6,42,0,48,184,129,216,3,532,0,0,0,532
02/27/2015,PBI,FL,ASO,ES,Combined TRACON& Tower with Radar,185,121,167,0,473,0,1,16,0,17,185,122,183,0,490,0,0,0,490
02/28/2015,PBI,FL,ASO,ES,Combined TRACON& Tower with Radar,182,103,108,0,393,0,3,26,0,29,182,106,134,0,422,0,0,0,422
03/01/2015,PBI,FL,ASO,ES,Combined TRACON& Tower with Radar,164,118,179,2,463,0,4,66,2,72,164,122,245,4,535,0,0,0,535
03/02/2015,PBI,FL,ASO,ES,Combined TRACON& Tower with Radar,182,138,176,4,500,0,2,49,3,54,182,140,225,7,554,0,0,0,554
03/03/2015,PBI,FL,ASO,ES,Combined TRACON& Tower with Radar,170,73,125,6,374,0,4,64,2,70,170,77,189,8,444,0,0,0,444
03/04/2015,PBI,FL,ASO,ES,Combined TRACON& Tower with Radar,179,110,152,1,442,0,4,61,2,67,179,114,213,3,509,0,0,0,509
03/05/2015,PBI,FL,ASO,ES,Combined TRACON& Tower with Radar,138,131,170,6,445,0,1,67,0,68,138,132,237,6,513,0,0,0,513
03/06/2015,PBI,FL,ASO,ES,Combined TRACON& Tower with Radar,188,152,189,2,531,0,7,75,4,86,188,159,264,6,617,0,0,0,617
03/07/2015,PBI,FL,ASO,ES,Combined TRACON& Tower with Radar,207,95,133,1,436,0,1,15,0,16,207,96,148,1,452,0,0,0,452
03/08/2015,PBI,FL,ASO,ES,Combined TRACON& Tower with Radar,190,159,192,5,546,0,5,59,2,66,190,164,251,7,612,0,0,0,612
03/09/2015,PBI,FL,ASO,ES,Combined TRACON& Tower with Radar,187,101,164,3,455,0,2,66,3,71,187,103,230,6,526,0,0,0,526
03/10/2015,PBI,FL,ASO,ES,Combined TRACON& Tower with Radar,184,87,134,5,410,0,1,72,3,76,184,88,206,8,486,0,0,0,486
03/11/2015,PBI,FL,ASO,ES,Combined TRACON& Tower with Radar,181,100,159,5,445,0,1,68,7,76,181,101,227,12,521,0,0,0,521
03/12/2015,PBI,FL,ASO,ES,Combined TRACON& Tower with Radar,192,132,167,6,497,0,5,66,0,71,192,137,233,6,568,0,0,0,568
03/13/2015,PBI,FL,ASO,ES,Combined TRACON& Tower with Radar,191,138,201,2,532,0,3,63,1,67,191,141,264,3,599,0,0,0,599
03/14/2015,PBI,FL,ASO,ES,Combined TRACON& Tower with Radar,201,108,141,6,456,0,4,75,8,87,201,112,216,14,543,0,0,0,543
03/15/2015,PBI,FL,ASO,ES,Combined TRACON& Tower with Radar,182,179,245,0,606,0,5,73,5,83,182,184,318,5,689,0,0,0,689
03/16/2015,PBI,FL,ASO,ES,Combined TRACON& Tower with Radar,189,103,124,0,416,0,9,89,1,99,189,112,213,1,515,0,0,0,515
03/17/2015,PBI,FL,ASO,ES,Combined TRACON& Tower with Radar,180,111,118,0,409,0,9,73,2,84,180,120,191,2,493,0,0,0,493
03/18/2015,PBI,FL,ASO,ES,Combined TRACON& Tower with Radar,182,108,160,5,455,0,14,88,0,102,182,122,248,5,557,0,0,0,557
03/19/2015,PBI,FL,ASO,ES,Combined TRACON& Tower with Radar,191,135,180,4,510,0,4,81,10,95,191,139,261,14,605,0,0,0,605
03/20/2015,PBI,FL,ASO,ES,Combined TRACON& Tower with Radar,178,127,212,1,518,0,6,76,3,85,178,133,288,4,603,0,0,0,603
03/21/2015,PBI,FL,ASO,ES,Combined TRACON& Tower with Radar,206,112,172,4,494,0,3,61,0,64,206,115,233,4,558,34,0,34,592
03/22/2015,PBI,FL,ASO,ES,Combined TRACON& Tower with Radar,193,139,224,4,560,0,3,69,0,72,193,142,293,4,632,0,0,0,632
03/23/2015,PBI,FL,ASO,ES,Combined TRACON& Tower with Radar,183,110,161,0,454,0,1,73,4,78,183,111,234,4,532,0,0,0,532
03/24/2015,PBI,FL,ASO,ES,Combined TRACON& Tower with Radar,185,97,111,0,393,0,3,48,0,51,185,100,159,0,444,0,0,0,444
03/25/2015,PBI,FL,ASO,ES,Combined TRACON& Tower with Radar,186,87,188,2,463,0,7,68,0,75,186,94,256,2,538,0,0,0,538
03/26/2015,PBI,FL,ASO,ES,Combined TRACON& Tower with Radar,182,112,197,2,493,0,1,76,4,81,182,113,273,6,574,0,0,0,574
03/27/2015,PBI,FL,ASO,ES,Combined TRACON& Tower with Radar,182,154,195,5,536,1,5,32,3,41,183,159,227,8,577,0,0,0,577
03/28/2015,PBI,FL,ASO,ES,Combined TRACON& Tower with Radar,211,109,210,0,530,0,6,48,0,54,211,115,258,0,584,0,0,0,584
03/29/2015,PBI,FL,ASO,ES,Combined TRACON& Tower with Radar,188,207,281,1,677,0,4,70,0,74,188,211,351,1,751,0,0,0,751
03/30/2015,PBI,FL,ASO,ES,Combined TRACON& Tower with Radar,182,85,164,3,434,0,5,86,4,95,182,90,250,7,529,0,0,0,529
03/31/2015,PBI,FL,ASO,ES,Combined TRACON& Tower with Radar,181,110,144,2,437,0,3,94,8,105,181,113,238,10,542,0,0,0,542
04/01/2015,PBI,FL,ASO,ES,Combined TRACON& Tower with Radar,175,125,168,3,471,0,6,69,5,80,175,131,237,8,551,0,0,0,551
04/02/2015,PBI,FL,ASO,ES,Combined TRACON& Tower with Radar,189,140,199,2,530,0,6,96,0,102,189,146,295,2,632,0,0,0,632
04/03/2015,PBI,FL,ASO,ES,Combined TRACON& Tower with Radar,183,98,141,1,423,0,8,84,4,96,183,106,225,5,519,0,0,0,519
04/04/2015,PBI,FL,ASO,ES,Combined TRACON& Tower with Radar,197,108,101,1,407,0,5,57,4,66,197,113,158,5,473,0,0,0,473
04/05/2015,PBI,FL,ASO,ES,Combined TRACON& Tower with Radar,183,157,158,0,498,0,0,58,0,58,183,157,216,0,556,0,0,0,556
04/06/2015,PBI,FL,ASO,ES,Combined TRACON& Tower with Radar,178,149,195,3,525,0,5,70,0,75,178,154,265,3,600,0,0,0,600
04/07/2015,PBI,FL,ASO,ES,Combined TRACON& Tower with Radar,180,82,119,0,381,0,7,77,0,84,180,89,196,0,465,0,0,0,465
04/08/2015,PBI,FL,ASO,ES,Combined TRACON& Tower with Radar,168,100,133,6,407,0,2,89,1,92,168,102,222,7,499,0,0,0,499
04/09/2015,PBI,FL,ASO,ES,Combined TRACON& Tower with Radar,168,110,177,4,459,0,7,81,2,90,168,117,258,6,549,0,0,0,549
04/10/2015,PBI,FL,ASO,ES,Combined TRACON& Tower with Radar,169,114,133,16,432,0,4,84,18,106,169,118,217,34,538,0,0,0,538
04/11/2015,PBI,FL,ASO,ES,Combined TRACON& Tower with Radar,182,110,133,2,427,0,4,48,0,52,182,114,181,2,479,0,0,0,479
04/12/2015,PBI,FL,ASO,ES,Combined TRACON& Tower with Radar,176,180,209,2,567,0,2,70,2,74,176,182,279,4,641,0,0,0,641
04/13/2015,PBI,FL,ASO,ES,Combined TRACON& Tower with Radar,170,93,144,2,409,0,9,54,0,63,170,102,198,2,472,0,0,0,472
04/14/2015,PBI,FL,ASO,ES,Combined TRACON& Tower with Radar,161,78,95,2,336,0,9,54,0,63,161,87,149,2,399,0,0,0,399
04/15/2015,PBI,FL,ASO,ES,Combined TRACON& Tower with Radar,159,66,106,6,337,0,12,78,4,94,159,78,184,10,431,0,0,0,431
04/16/2015,PBI,FL,ASO,ES,Combined TRACON& Tower with Radar,168,96,150,5,419,0,8,65,2,75,168,104,215,7,494,0,0,0,494
04/17/2015,PBI,FL,ASO,ES,Combined TRACON& Tower with Radar,160,99,128,2,389,0,6,45,1,52,160,105,173,3,441,0,0,0,441
04/18/2015,PBI,FL,ASO,ES,Combined TRACON& Tower with Radar,159,71,99,4,333,0,3,69,4,76,159,74,168,8,409,0,0,0,409
04/19/2015,PBI,FL,ASO,ES,Combined TRACON& Tower with Radar,166,129,170,0,465,0,5,72,0,77,166,134,242,0,542,0,0,0,542
04/20/2015,PBI,FL,ASO,ES,Combined TRACON& Tower with Radar,146,74,144,4,368,0,6,58,0,64,146,80,202,4,432,0,0,0,432
04/21/2015,PBI,FL,ASO,ES,Combined TRACON& Tower with Radar,168,77,122,2,369,0,3,61,2,66,168,80,183,4,435,0,0,0,435
04/22/2015,PBI,FL,ASO,ES,Combined TRACON& Tower with Radar,154,87,152,4,397,0,5,71,4,80,154,92,223,8,477,0,0,0,477
04/23/2015,PBI,FL,ASO,ES,Combined TRACON& Tower with Radar,163,86,139,0,388,0,7,61,0,68,163,93,200,0,456,0,0,0,456
04/24/2015,PBI,FL,ASO,ES,Combined TRACON& Tower with Radar,156,119,129,2,406,0,1,94,1,96,156,120,223,3,502,0,0,0,502
04/25/2015,PBI,FL,ASO,ES,Combined TRACON& Tower with Radar,159,58,79,0,296,0,4,45,8,57,159,62,124,8,353,0,0,0,353
04/26/2015,PBI,FL,ASO,ES,Combined TRACON& Tower with Radar,161,124,140,0,425,0,3,59,4,66,161,127,199,4,491,0,0,0,491
04/27/2015,PBI,FL,ASO,ES,Combined TRACON& Tower with Radar,163,78,124,0,365,0,10,43,2,55,163,88,167,2,420,0,0,0,420
04/28/2015,PBI,FL,ASO,ES,Combined TRACON& Tower with Radar,160,76,79,0,315,0,2,45,0,47,160,78,124,0,362,0,0,0,362
04/29/2015,PBI,FL,ASO,ES,Combined TRACON& Tower with Radar,150,66,114,5,335,0,7,45,2,54,150,73,159,7,389,0,0,0,389
04/30/2015,PBI,FL,ASO,ES,Combined TRACON& Tower with Radar,155,85,128,2,370,0,6,60,3,69,155,91,188,5,439,0,0,0,439
05/01/2015,PBI,FL,ASO,ES,Combined TRACON& Tower with Radar,154,101,116,5,376,0,6,89,8,103,154,107,205,13,479,0,0,0,479
05/02/2015,PBI,FL,ASO,ES,Combined TRACON& Tower with Radar,142,60,76,0,278,0,4,36,0,40,142,64,112,0,318,0,0,0,318
05/03/2015,PBI,FL,ASO,ES,Combined TRACON& Tower with Radar,144,84,139,5,372,0,3,60,5,68,144,87,199,10,440,0,0,0,440
05/04/2015,PBI,FL,ASO,ES,Combined TRACON& Tower with Radar,144,69,116,3,332,18,1,63,4,86,162,70,179,7,418,0,0,0,418
05/05/2015,PBI,FL,ASO,ES,Combined TRACON& Tower with Radar,145,66,90,0,301,0,3,27,0,30,145,69,117,0,331,0,0,0,331
05/06/2015,PBI,FL,ASO,ES,Combined TRACON& Tower with Radar,138,75,110,2,325,0,5,56,3,64,138,80,166,5,389,0,0,0,389
05/07/2015,PBI,FL,ASO,ES,Combined TRACON& Tower with Radar,138,66,115,0,319,0,6,67,4,77,138,72,182,4,396,8,0,8,404
05/08/2015,PBI,FL,ASO,ES,Combined TRACON& Tower with Radar,140,78,117,1,336,0,7,60,4,71,140,85,177,5,407,0,0,0,407
05/09/2015,PBI,FL,ASO,ES,Combined TRACON& Tower with Radar,126,54,76,1,257,0,4,45,0,49,126,58,121,1,306,0,0,0,306
05/10/2015,PBI,FL,ASO,ES,Combined TRACON& Tower with Radar,125,68,114,6,313,0,1,44,2,47,125,69,158,8,360,0,0,0,360
05/11/2015,PBI,FL,ASO,ES,Combined TRACON& Tower with Radar,137,74,113,5,329,0,6,68,4,78,137,80,181,9,407,0,0,0,407
05/12/2015,PBI,FL,ASO,ES,Combined TRACON& Tower with Radar,131,62,72,4,269,0,0,50,0,50,131,62,122,4,319,0,0,0,319
05/13/2015,PBI,FL,ASO,ES,Combined TRACON& Tower with Radar,132,77,105,4,318,0,7,73,3,83,132,84,178,7,401,0,0,0,401
05/14/2015,PBI,FL,ASO,ES,Combined TRACON& Tower with Radar,133,67,118,5,323,0,8,87,0,95,133,75,205,5,418,0,0,0,418
05/15/2015,PBI,FL,ASO,ES,Combined TRACON& Tower with Radar,138,74,131,3,346,0,3,66,0,69,138,77,197,3,415,0,0,0,415
05/16/2015,PBI,FL,ASO,ES,Combined TRACON& Tower with Radar,128,54,88,2,272,0,4,39,4,47,128,58,127,6,319,0,0,0,319
05/17/2015,PBI,FL,ASO,ES,Combined TRACON& Tower with Radar,132,68,121,4,325,0,3,71,0,74,132,71,192,4,399,0,0,0,399
05/18/2015,PBI,FL,ASO,ES,Combined TRACON& Tower with Radar,129,66,118,2,315,0,6,83,3,92,129,72,201,5,407,0,0,0,407
05/19/2015,PBI,FL,ASO,ES,Combined TRACON& Tower with Radar,134,65,116,0,315,0,3,84,0,87,134,68,200,0,402,0,0,0,402
05/20/2015,PBI,FL,ASO,ES,Combined TRACON& Tower with Radar,134,62,106,2,304,0,1,69,3,73,134,63,175,5,377,0,0,0,377
05/21/2015,PBI,FL,ASO,ES,Combined TRACON& Tower with Radar,132,83,102,3,320,0,1,71,0,72,132,84,173,3,392,0,0,0,392
05/22/2015,PBI,FL,ASO,ES,Combined TRACON& Tower with Radar,142,88,122,0,352,0,0,114,0,114,142,88,236,0,466,0,0,0,466
05/23/2015,PBI,FL,ASO,ES,Combined TRACON& Tower with Radar,124,64,61,2,251,0,2,49,1,52,124,66,110,3,303,0,0,0,303
05/24/2015,PBI,FL,ASO,ES,Combined TRACON& Tower with Radar,117,41,48,0,206,0,1,31,0,32,117,42,79,0,238,0,0,0,238
05/25/2015,PBI,FL,ASO,ES,Combined TRACON& Tower with Radar,126,99,122,0,347,0,8,113,0,121,126,107,235,0,468,0,0,0,468
05/26/2015,PBI,FL,ASO,ES,Combined TRACON& Tower with Radar,125,63,83,0,271,0,7,87,1,95,125,70,170,1,366,0,0,0,366
05/27/2015,PBI,FL,ASO,ES,Combined TRACON& Tower with Radar,127,61,102,7,297,0,2,70,3,75,127,63,172,10,372,0,0,0,372
05/28/2015,PBI,FL,ASO,ES,Combined TRACON& Tower with Radar,133,58,100,3,294,0,2,86,1,89,133,60,186,4,383,0,0,0,383
05/29/2015,PBI,FL,ASO,ES,Combined TRACON& Tower with Radar,133,60,96,4,293,0,12,63,1,76,133,72,159,5,369,0,0,0,369
05/30/2015,PBI,FL,ASO,ES,Combined TRACON& Tower with Radar,125,42,45,3,215,0,3,56,3,62,125,45,101,6,277,0,0,0,277
05/31/2015,PBI,FL,ASO,ES,Combined TRACON& Tower with Radar,117,49,74,1,241,0,2,47,0,49,117,51,121,1,290,0,0,0,290
06/01/2015,PBI,FL,ASO,ES,Combined TRACON& Tower with Radar,128,45,109,0,282,0,4,61,0,65,128,49,170,0,347,0,0,0,347
06/02/2015,PBI,FL,ASO,ES,Combined TRACON& Tower with Radar,132,40,73,2,247,0,3,49,3,55,132,43,122,5,302,0,0,0,302
06/03/2015,PBI,FL,ASO,ES,Combined TRACON& Tower with Radar,130,44,100,4,278,0,4,54,1,59,130,48,154,5,337,0,0,0,337
06/04/2015,PBI,FL,ASO,ES,Combined TRACON& Tower with Radar,116,55,92,4,267,0,4,63,0,67,116,59,155,4,334,0,0,0,334
06/05/2015,PBI,FL,ASO,ES,Combined TRACON& Tower with Radar,118,50,67,4,239,0,0,72,1,73,118,50,139,5,312,0,0,0,312
06/06/2015,PBI,FL,ASO,ES,Combined TRACON& Tower with Radar,107,36,64,0,207,0,0,61,0,61,107,36,125,0,268,0,0,0,268
06/07/2015,PBI,FL,ASO,ES,Combined TRACON& Tower with Radar,112,54,92,0,258,0,1,56,4,61,112,55,148,4,319,0,0,0,319
06/08/2015,PBI,FL,ASO,ES,Combined TRACON& Tower with Radar,113,44,67,2,226,0,11,58,6,75,113,55,125,8,301,0,0,0,301
06/09/2015,PBI,FL,ASO,ES,Combined TRACON& Tower with Radar,125,52,65,2,244,0,2,57,2,61,125,54,122,4,305,0,0,0,305
06/10/2015,PBI,FL,ASO,ES,Combined TRACON& Tower with Radar,122,57,67,2,248,0,5,51,7,63,122,62,118,9,311,0,0,0,311
06/11/2015,PBI,FL,ASO,ES,Combined TRACON& Tower with Radar,115,65,91,4,275,0,2,68,0,70,115,67,159,4,345,0,0,0,345
06/12/2015,PBI,FL,ASO,ES,Combined TRACON& Tower with Radar,122,66,81,8,277,0,8,91,4,103,122,74,172,12,380,0,0,0,380
06/13/2015,PBI,FL,ASO,ES,Combined TRACON& Tower with Radar,110,46,61,0,217,0,3,42,3,48,110,49,103,3,265,29,0,29,294
06/14/2015,PBI,FL,ASO,ES,Combined TRACON& Tower with Radar,107,41,72,4,224,0,0,68,1,69,107,41,140,5,293,6,0,6,299
06/15/2015,PBI,FL,ASO,ES,Combined TRACON& Tower with Radar,105,44,66,2,217,0,10,57,4,71,105,54,123,6,288,0,0,0,288
06/16/2015,PBI,FL,ASO,ES,Combined TRACON& Tower with Radar,118,49,53,6,226,0,4,69,0,73,118,53,122,6,299,0,0,0,299
06/17/2015,PBI,FL,ASO,ES,Combined TRACON& Tower with Radar,112,56,61,1,230,0,6,63,3,72,112,62,124,4,302,0,0,0,302
06/18/2015,PBI,FL,ASO,ES,Combined TRACON& Tower with Radar,113,69,72,4,258,0,7,67,1,75,113,76,139,5,333,0,0,0,333
06/19/2015,PBI,FL,ASO,ES,Combined TRACON& Tower with Radar,126,51,59,1,237,0,2,58,4,64,126,53,117,5,301,0,0,0,301
06/20/2015,PBI,FL,ASO,ES,Combined TRACON& Tower with Radar,107,44,54,2,207,0,2,51,0,53,107,46,105,2,260,37,0,37,297
06/21/2015,PBI,FL,ASO,ES,Combined TRACON& Tower with Radar,108,44,56,5,213,0,4,49,3,56,108,48,105,8,269,0,0,0,269
06/22/2015,PBI,FL,ASO,ES,Combined TRACON& Tower with Radar,116,41,73,3,233,0,2,54,3,59,116,43,127,6,292,0,0,0,292
06/23/2015,PBI,FL,ASO,ES,Combined TRACON& Tower with Radar,107,35,78,4,224,0,3,73,0,76,107,38,151,4,300,0,0,0,300
06/24/2015,PBI,FL,ASO,ES,Combined TRACON& Tower with Radar,117,47,67,3,234,0,7,59,0,66,117,54,126,3,300,0,0,0,300
06/25/2015,PBI,FL,ASO,ES,Combined TRACON& Tower with Radar,115,61,92,10,278,0,6,63,0,69,115,67,155,10,347,0,0,0,347
06/26/2015,PBI,FL,ASO,ES,Combined TRACON& Tower with Radar,122,52,69,0,243,0,6,46,3,55,122,58,115,3,298,0,0,0,298
06/27/2015,PBI,FL,ASO,ES,Combined TRACON& Tower with Radar,106,40,52,2,200,0,2,39,0,41,106,42,91,2,241,0,0,0,241
06/28/2015,PBI,FL,ASO,ES,Combined TRACON& Tower with Radar,110,40,79,4,233,0,1,38,2,41,110,41,117,6,274,0,0,0,274
06/29/2015,PBI,FL,ASO,ES,Combined TRACON& Tower with Radar,121,38,57,0,216,0,5,61,0,66,121,43,118,0,282,0,0,0,282
06/30/2015,PBI,FL,ASO,ES,Combined TRACON& Tower with Radar,108,49,44,3,204,0,5,41,4,50,108,54,85,7,254,0,0,0,254
07/01/2015,PBI,FL,ASO,ES,Combined TRACON& Tower with Radar,116,62,78,3,259,0,3,67,1,71,116,65,145,4,330,0,0,0,330
07/02/2015,PBI,FL,ASO,ES,Combined TRACON& Tower with Radar,130,46,72,0,248,30,0,71,1,102,160,46,143,1,350,0,0,0,350
07/03/2015,PBI,FL,ASO,ES,Combined TRACON& Tower with Radar,126,27,57,2,212,11,1,35,2,49,137,28,92,4,261,0,0,0,261
07/04/2015,PBI,FL,ASO,ES,Combined TRACON& Tower with Radar,99,19,20,0,138,0,3,15,0,18,99,22,35,0,156,0,0,0,156
07/05/2015,PBI,FL,ASO,ES,Combined TRACON& Tower with Radar,132,40,66,0,238,0,3,55,0,58,132,43,121,0,296,0,0,0,296
07/06/2015,PBI,FL,ASO,ES,Combined TRACON& Tower with Radar,117,42,81,6,246,0,1,62,0,63,117,43,143,6,309,0,0,0,309
07/07/2015,PBI,FL,ASO,ES,Combined TRACON& Tower with Radar,123,46,56,4,229,0,1,60,0,61,123,47,116,4,290,0,0,0,290
07/08/2015,PBI,FL,ASO,ES,Combined TRACON& Tower with Radar,118,43,56,6,223,0,8,71,3,82,118,51,127,9,305,0,0,0,305
07/09/2015,PBI,FL,ASO,ES,Combined TRACON& Tower with Radar,117,44,70,2,233,0,5,77,0,82,117,49,147,2,315,0,0,0,315
07/10/2015,PBI,FL,ASO,ES,Combined TRACON& Tower with Radar,116,36,56,3,211,0,2,52,0,54,116,38,108,3,265,0,0,0,265
07/11/2015,PBI,FL,ASO,ES,Combined TRACON& Tower with Radar,117,45,62,3,227,0,2,61,0,63,117,47,123,3,290,0,0,0,290
07/12/2015,PBI,FL,ASO,ES,Combined TRACON& Tower with Radar,116,40,78,6,240,0,3,54,2,59,116,43,132,8,299,0,0,0,299
07/13/2015,PBI,FL,ASO,ES,Combined TRACON& Tower with Radar,115,34,64,0,213,0,1,72,0,73,115,35,136,0,286,0,0,0,286
07/14/2015,PBI,FL,ASO,ES,Combined TRACON& Tower with Radar,114,53,59,0,226,0,8,40,0,48,114,61,99,0,274,0,0,0,274
07/15/2015,PBI,FL,ASO,ES,Combined TRACON& Tower with Radar,138,54,78,0,270,0,1,49,0,50,138,55,127,0,320,0,0,0,320
07/16/2015,PBI,FL,ASO,ES,Combined TRACON& Tower with Radar,118,51,74,6,249,0,5,63,1,69,118,56,137,7,318,0,0,0,318
07/17/2015,PBI,FL,ASO,ES,Combined TRACON& Tower with Radar,122,37,61,7,227,0,3,73,1,77,122,40,134,8,304,0,0,0,304
07/18/2015,PBI,FL,ASO,ES,Combined TRACON& Tower with Radar,105,35,50,0,190,0,2,38,2,42,105,37,88,2,232,8,0,8,240
07/19/2015,PBI,FL,ASO,ES,Combined TRACON& Tower with Radar,120,34,59,1,214,0,4,56,2,62,120,38,115,3,276,28,0,28,304
07/20/2015,PBI,FL,ASO,ES,Combined TRACON& Tower with Radar,118,34,47,0,199,0,0,74,0,74,118,34,121,0,273,26,0,26,299
07/21/2015,PBI,FL,ASO,ES,Combined TRACON& Tower with Radar,124,27,52,1,204,0,6,68,5,79,124,33,120,6,283,14,0,14,297
07/22/2015,PBI,FL,ASO,ES,Combined TRACON& Tower with Radar,126,41,74,1,242,0,0,56,2,58,126,41,130,3,300,0,0,0,300
07/23/2015,PBI,FL,ASO,ES,Combined TRACON& Tower with Radar,114,32,63,3,212,0,4,43,0,47,114,36,106,3,259,0,0,0,259
07/24/2015,PBI,FL,ASO,ES,Combined TRACON& Tower with Radar,120,38,71,0,229,0,5,33,0,38,120,43,104,0,267,0,0,0,267
07/25/2015,PBI,FL,ASO,ES,Combined TRACON& Tower with Radar,137,22,56,0,215,0,4,42,2,48,137,26,98,2,263,0,0,0,263
07/26/2015,PBI,FL,ASO,ES,Combined TRACON& Tower with Radar,118,29,58,5,210,0,1,30,2,33,118,30,88,7,243,0,0,0,243
07/27/2015,PBI,FL,ASO,ES,Combined TRACON& Tower with Radar,119,46,50,8,223,0,4,61,9,74,119,50,111,17,297,0,0,0,297
07/28/2015,PBI,FL,ASO,ES,Combined TRACON& Tower with Radar,116,35,61,4,216,0,1,66,8,75,116,36,127,12,291,0,0,0,291
07/29/2015,PBI,FL,ASO,ES,Combined TRACON& Tower with Radar,118,32,74,3,227,0,3,62,5,70,118,35,136,8,297,0,0,0,297
07/30/2015,PBI,FL,ASO,ES,Combined TRACON& Tower with Radar,111,41,81,3,236,0,3,43,2,48,111,44,124,5,284,0,0,0,284
07/31/2015,PBI,FL,ASO,ES,Combined TRACON& Tower with Radar,158,51,74,3,286,1,12,54,1,68,159,63,128,4,354,0,0,0,354
08/01/2015,PBI,FL,ASO,ES,Combined TRACON& Tower with Radar,116,35,60,2,213,0,0,38,0,38,116,35,98,2,251,0,0,0,251
08/02/2015,PBI,FL,ASO,ES,Combined TRACON& Tower with Radar,115,40,65,4,224,0,1,53,1,55,115,41,118,5,279,0,0,0,279
08/03/2015,PBI,FL,ASO,ES,Combined TRACON& Tower with Radar,119,50,75,9,253,0,4,50,0,54,119,54,125,9,307,0,0,0,307
08/04/2015,PBI,FL,ASO,ES,Combined TRACON& Tower with Radar,116,39,60,2,217,0,1,40,0,41,116,40,100,2,258,0,0,0,258
08/05/2015,PBI,FL,ASO,ES,Combined TRACON& Tower with Radar,119,36,60,4,219,0,1,48,0,49,119,37,108,4,268,0,0,0,268
08/06/2015,PBI,FL,ASO,ES,Combined TRACON& Tower with Radar,112,41,63,4,220,0,3,74,2,79,112,44,137,6,299,0,0,0,299
08/07/2015,PBI,FL,ASO,ES,Combined TRACON& Tower with Radar,124,40,76,2,242,0,4,68,0,72,124,44,144,2,314,0,0,0,314
08/08/2015,PBI,FL,ASO,ES,Combined TRACON& Tower with Radar,118,21,46,4,189,0,2,45,0,47,118,23,91,4,236,0,0,0,236
08/09/2015,PBI,FL,ASO,ES,Combined TRACON& Tower with Radar,114,45,66,1,226,0,8,58,0,66,114,53,124,1,292,0,0,0,292
08/10/2015,PBI,FL,ASO,ES,Combined TRACON& Tower with Radar,119,29,52,3,203,0,0,67,0,67,119,29,119,3,270,0,0,0,270
08/11/2015,PBI,FL,ASO,ES,Combined TRACON& Tower with Radar,120,28,52,12,212,0,2,65,0,67,120,30,117,12,279,0,0,0,279
08/12/2015,PBI,FL,ASO,ES,Combined TRACON& Tower with Radar,124,31,67,0,222,0,6,51,1,58,124,37,118,1,280,0,0,0,280
08/13/2015,PBI,FL,ASO,ES,Combined TRACON& Tower with Radar,121,44,59,0,224,0,3,43,2,48,121,47,102,2,272,0,0,0,272
08/14/2015,PBI,FL,ASO,ES,Combined TRACON& Tower with Radar,123,54,47,0,224,0,0,60,0,60,123,54,107,0,284,0,0,0,284
08/15/2015,PBI,FL,ASO,ES,Combined TRACON& Tower with Radar,102,33,39,0,174,0,4,46,0,50,102,37,85,0,224,0,0,0,224
08/16/2015,PBI,FL,ASO,ES,Combined TRACON& Tower with Radar,115,40,56,3,214,0,1,42,0,43,115,41,98,3,257,0,0,0,257
08/17/2015,PBI,FL,ASO,ES,Combined TRACON& Tower with Radar,120,41,67,1,229,0,5,65,2,72,120,46,132,3,301,0,0,0,301
08/18/2015,PBI,FL,ASO,ES,Combined TRACON& Tower with Radar,116,38,54,4,212,0,4,49,0,53,116,42,103,4,265,0,0,0,265
08/19/2015,PBI,FL,ASO,ES,Combined TRACON& Tower with Radar,115,31,60,8,214,0,8,45,1,54,115,39,105,9,268,0,0,0,268
08/20/2015,PBI,FL,ASO,ES,Combined TRACON& Tower with Radar,126,55,65,3,249,0,5,75,4,84,126,60,140,7,333,0,0,0,333
08/21/2015,PBI,FL,ASO,ES,Combined TRACON& Tower with Radar,124,40,81,3,248,0,5,62,2,69,124,45,143,5,317,0,0,0,317
08/22/2015,PBI,FL,ASO,ES,Combined TRACON& Tower with Radar,104,36,37,7,184,0,2,71,3,76,104,38,108,10,260,0,0,0,260
08/23/2015,PBI,FL,ASO,ES,Combined TRACON& Tower with Radar,107,45,79,0,231,0,1,76,0,77,107,46,155,0,308,0,0,0,308
08/24/2015,PBI,FL,ASO,ES,Combined TRACON& Tower with Radar,121,44,73,4,242,0,4,40,4,48,121,48,113,8,290,0,0,0,290
08/25/2015,PBI,FL,ASO,ES,Combined TRACON& Tower with Radar,114,37,60,2,213,0,6,42,0,48,114,43,102,2,261,0,0,0,261
08/26/2015,PBI,FL,ASO,ES,Combined TRACON& Tower with Radar,118,29,72,2,221,0,3,35,4,42,118,32,107,6,263,0,0,0,263
08/27/2015,PBI,FL,ASO,ES,Combined TRACON& Tower with Radar,125,43,57,5,230,0,0,46,3,49,125,43,103,8,279,0,0,0,279
08/28/2015,PBI,FL,ASO,ES,Combined TRACON& Tower with Radar,123,35,71,1,230,0,6,61,0,67,123,41,132,1,297,0,0,0,297
08/29/2015,PBI,FL,ASO,ES,Combined TRACON& Tower with Radar,99,35,33,0,167,0,0,23,0,23,99,35,56,0,190,0,0,0,190
08/30/2015,PBI,FL,ASO,ES,Combined TRACON& Tower with Radar,111,28,29,1,169,0,0,6,1,7,111,28,35,2,176,0,0,0,176
08/31/2015,PBI,FL,ASO,ES,Combined TRACON& Tower with Radar,113,20,45,0,178,0,4,38,0,42,113,24,83,0,220,0,0,0,220
09/01/2015,PBI,FL,ASO,ES,Combined TRACON& Tower with Radar,118,19,56,0,193,0,1,61,4,66,118,20,117,4,259,20,0,20,279
09/02/2015,PBI,FL,ASO,ES,Combined TRACON& Tower with Radar,117,31,59,2,209,0,7,54,4,65,117,38,113,6,274,0,0,0,274
09/03/2015,PBI,FL,ASO,ES,Combined TRACON& Tower with Radar,116,47,69,0,232,0,1,50,2,53,116,48,119,2,285,0,0,0,285
09/04/2015,PBI,FL,ASO,ES,Combined TRACON& Tower with Radar,120,48,98,5,271,0,4,70,5,79,120,52,168,10,350,0,0,0,350
09/05/2015,PBI,FL,ASO,ES,Combined TRACON& Tower with Radar,96,17,34,0,147,0,2,33,4,39,96,19,67,4,186,0,0,0,186
09/06/2015,PBI,FL,ASO,ES,Combined TRACON& Tower with Radar,96,16,38,0,150,0,2,23,0,25,96,18,61,0,175,0,0,0,175
09/07/2015,PBI,FL,ASO,ES,Combined TRACON& Tower with Radar,109,49,104,0,262,0,2,57,4,63,109,51,161,4,325,0,0,0,325
09/08/2015,PBI,FL,ASO,ES,Combined TRACON& Tower with Radar,113,36,72,3,224,0,2,38,1,41,113,38,110,4,265,0,0,0,265
09/09/2015,PBI,FL,ASO,ES,Combined TRACON& Tower with Radar,108,45,70,4,227,0,5,51,0,56,108,50,121,4,283,0,0,0,283
09/10/2015,PBI,FL,ASO,ES,Combined TRACON& Tower with Radar,107,36,68,0,211,0,4,55,6,65,107,40,123,6,276,0,0,0,276
09/11/2015,PBI,FL,ASO,ES,Combined TRACON& Tower with Radar,129,58,55,1,243,0,0,36,2,38,129,58,91,3,281,0,0,0,281
09/12/2015,PBI,FL,ASO,ES,Combined TRACON& Tower with Radar,98,37,44,2,181,0,1,32,0,33,98,38,76,2,214,0,0,0,214
09/13/2015,PBI,FL,ASO,ES,Combined TRACON& Tower with Radar,108,34,60,4,206,0,3,41,2,46,108,37,101,6,252,0,0,0,252
09/14/2015,PBI,FL,ASO,ES,Combined TRACON& Tower with Radar,116,35,44,7,202,0,1,40,3,44,116,36,84,10,246,0,0,0,246
09/15/2015,PBI,FL,ASO,ES,Combined TRACON& Tower with Radar,111,47,71,4,233,0,3,48,5,56,111,50,119,9,289,0,0,0,289
09/16/2015,PBI,FL,ASO,ES,Combined TRACON& Tower with Radar,114,39,67,4,224,0,1,22,0,23,114,40,89,4,247,0,0,0,247
09/17/2015,PBI,FL,ASO,ES,Combined TRACON& Tower with Radar,113,43,97,0,253,0,2,24,0,26,113,45,121,0,279,0,0,0,279
09/18/2015,PBI,FL,ASO,ES,Combined TRACON& Tower with Radar,124,39,86,5,254,0,4,39,2,45,124,43,125,7,299,0,0,0,299
09/19/2015,PBI,FL,ASO,ES,Combined TRACON& Tower with Radar,100,28,33,3,164,0,2,47,0,49,100,30,80,3,213,0,0,0,213
09/20/2015,PBI,FL,ASO,ES,Combined TRACON& Tower with Radar,111,34,63,0,208,0,1,25,2,28,111,35,88,2,236,0,0,0,236
09/21/2015,PBI,FL,ASO,ES,Combined TRACON& Tower with Radar,117,27,63,2,209,0,9,46,7,62,117,36,109,9,271,0,0,0,271
09/22/2015,PBI,FL,ASO,ES,Combined TRACON& Tower with Radar,119,25,54,2,200,1,6,74,1,82,120,31,128,3,282,0,0,0,282
09/23/2015,PBI,FL,ASO,ES,Combined TRACON& Tower with Radar,108,39,64,5,216,0,6,42,0,48,108,45,106,5,264,0,0,0,264
09/24/2015,PBI,FL,ASO,ES,Combined TRACON& Tower with Radar,119,49,75,0,243,0,6,46,6,58,119,55,121,6,301,0,0,0,301
09/25/2015,PBI,FL,ASO,ES,Combined TRACON& Tower with Radar,121,39,100,4,264,0,2,50,6,58,121,41,150,10,322,0,0,0,322
09/26/2015,PBI,FL,ASO,ES,Combined TRACON& Tower with Radar,94,32,37,4,167,0,2,47,5,54,94,34,84,9,221,0,0,0,221
09/27/2015,PBI,FL,ASO,ES,Combined TRACON& Tower with Radar,110,46,70,4,230,0,2,49,3,54,110,48,119,7,284,0,0,0,284
09/28/2015,PBI,FL,ASO,ES,Combined TRACON& Tower with Radar,119,35,80,5,239,0,3,50,2,55,119,38,130,7,294,0,0,0,294
09/29/2015,PBI,FL,ASO,ES,Combined TRACON& Tower with Radar,120,34,67,2,223,0,1,38,4,43,120,35,105,6,266,0,0,0,266
09/30/2015,PBI,FL,ASO,ES,Combined TRACON& Tower with Radar,120,45,79,5,249,0,5,48,1,54,120,50,127,6,303,0,0,0,303
10/01/2015,PBI,FL,ASO,ES,Combined TRACON& Tower with Radar,118,47,102,2,269,0,10,67,9,86,118,57,169,11,355,0,0,0,355
10/02/2015,PBI,FL,ASO,ES,Combined TRACON& Tower with Radar,113,45,96,2,256,0,2,56,4,62,113,47,152,6,318,0,0,0,318
10/03/2015,PBI,FL,ASO,ES,Combined TRACON& Tower with Radar,109,23,58,0,190,0,2,49,0,51,109,25,107,0,241,0,0,0,241
10/04/2015,PBI,FL,ASO,ES,Combined TRACON& Tower with Radar,110,60,60,3,233,0,0,33,0,33,110,60,93,3,266,0,0,0,266
10/05/2015,PBI,FL,ASO,ES,Combined TRACON& Tower with Radar,121,55,69,2,247,0,0,48,8,56,121,55,117,10,303,0,0,0,303
10/06/2015,PBI,FL,ASO,ES,Combined TRACON& Tower with Radar,121,65,66,4,256,0,3,51,9,63,121,68,117,13,319,0,0,0,319
10/07/2015,PBI,FL,ASO,ES,Combined TRACON& Tower with Radar,123,55,76,2,256,0,7,84,6,97,123,62,160,8,353,0,0,0,353
10/08/2015,PBI,FL,ASO,ES,Combined TRACON& Tower with Radar,122,66,77,8,273,0,2,37,6,45,122,68,114,14,318,0,0,0,318
10/09/2015,PBI,FL,ASO,ES,Combined TRACON& Tower with Radar,124,64,94,2,284,0,0,61,2,63,124,64,155,4,347,0,0,0,347
10/10/2015,PBI,FL,ASO,ES,Combined TRACON& Tower with Radar,114,49,67,2,232,0,4,39,2,45,114,53,106,4,277,0,0,0,277
10/11/2015,PBI,FL,ASO,ES,Combined TRACON& Tower with Radar,116,42,80,0,238,0,5,37,0,42,116,47,117,0,280,0,0,0,280
10/12/2015,PBI,FL,ASO,ES,Combined TRACON& Tower with Radar,127,54,90,0,271,0,6,55,2,63,127,60,145,2,334,0,0,0,334
10/13/2015,PBI,FL,ASO,ES,Combined TRACON& Tower with Radar,130,45,85,3,263,0,0,55,3,58,130,45,140,6,321,0,0,0,321
10/14/2015,PBI,FL,ASO,ES,Combined TRACON& Tower with Radar,121,67,83,2,273,0,4,55,4,63,121,71,138,6,336,0,0,0,336
10/15/2015,PBI,FL,ASO,ES,Combined TRACON& Tower with Radar,122,58,99,6,285,0,2,73,1,76,122,60,172,7,361,0,0,0,361
10/16/2015,PBI,FL,ASO,ES,Combined TRACON& Tower with Radar,122,64,93,9,288,0,9,51,0,60,122,73,144,9,348,0,0,0,348
10/17/2015,PBI,FL,ASO,ES,Combined TRACON& Tower with Radar,114,44,47,0,205,0,4,37,2,43,114,48,84,2,248,0,0,0,248
10/18/2015,PBI,FL,ASO,ES,Combined TRACON& Tower with Radar,111,61,88,9,269,0,3,30,0,33,111,64,118,9,302,0,0,0,302
10/19/2015,PBI,FL,ASO,ES,Combined TRACON& Tower with Radar,121,42,91,6,260,0,5,41,0,46,121,47,132,6,306,0,0,0,306
10/20/2015,PBI,FL,ASO,ES,Combined TRACON& Tower with Radar,126,54,53,2,235,0,6,61,0,67,126,60,114,2,302,0,0,0,302
10/21/2015,PBI,FL,ASO,ES,Combined TRACON& Tower with Radar,119,63,74,0,256,0,4,51,2,57,119,67,125,2,313,0,0,0,313
10/22/2015,PBI,FL,ASO,ES,Combined TRACON& Tower with Radar,121,55,107,0,283,0,3,70,2,75,121,58,177,2,358,0,0,0,358
10/23/2015,PBI,FL,ASO,ES,Combined TRACON& Tower with Radar,125,56,92,7,280,0,10,72,2,84,125,66,164,9,364,0,0,0,364
10/24/2015,PBI,FL,ASO,ES,Combined TRACON& Tower with Radar,112,50,54,2,218,0,2,60,0,62,112,52,114,2,280,0,0,0,280
10/25/2015,PBI,FL,ASO,ES,Combined TRACON& Tower with Radar,127,82,118,5,332,0,3,44,0,47,127,85,162,5,379,0,0,0,379
10/26/2015,PBI,FL,ASO,ES,Combined TRACON& Tower with Radar,137,58,119,5,319,0,7,59,2,68,137,65,178,7,387,0,0,0,387
10/27/2015,PBI,FL,ASO,ES,Combined TRACON& Tower with Radar,120,56,118,2,296,0,2,56,0,58,120,58,174,2,354,0,0,0,354
10/28/2015,PBI,FL,ASO,ES,Combined TRACON& Tower with Radar,120,63,104,4,291,0,3,43,0,46,120,66,147,4,337,0,0,0,337
10/29/2015,PBI,FL,ASO,ES,Combined TRACON& Tower with Radar,139,80,108,6,333,0,4,74,2,80,139,84,182,8,413,0,0,0,413
10/30/2015,PBI,FL,ASO,ES,Combined TRACON& Tower with Radar,135,78,123,0,336,0,8,79,8,95,135,86,202,8,431,0,0,0,431
10/31/2015,PBI,FL,ASO,ES,Combined TRACON& Tower with Radar,111,44,53,4,212,0,4,55,3,62,111,48,108,7,274,0,0,0,274
11/01/2015,PBI,FL,ASO,ES,Combined TRACON& Tower with Radar,131,93,110,4,338,0,5,54,2,61,131,98,164,6,399,0,0,0,399
11/02/2015,PBI,FL,ASO,ES,Combined TRACON& Tower with Radar,137,72,100,0,309,0,7,76,2,85,137,79,176,2,394,0,0,0,394
11/03/2015,PBI,FL,ASO,ES,Combined TRACON& Tower with Radar,136,72,92,5,305,0,6,63,5,74,136,78,155,10,379,0,0,0,379
11/04/2015,PBI,FL,ASO,ES,Combined TRACON& Tower with Radar,131,94,105,2,332,0,3,65,6,74,131,97,170,8,406,0,0,0,406
11/05/2015,PBI,FL,ASO,ES,Combined TRACON& Tower with Radar,139,83,114,2,338,0,6,76,2,84,139,89,190,4,422,0,0,0,422
11/06/2015,PBI,FL,ASO,ES,Combined TRACON& Tower with Radar,148,91,99,0,338,0,8,71,5,84,148,99,170,5,422,0,0,0,422
11/07/2015,PBI,FL,ASO,ES,Combined TRACON& Tower with Radar,126,52,55,0,233,0,7,49,2,58,126,59,104,2,291,0,0,0,291
11/08/2015,PBI,FL,ASO,ES,Combined TRACON& Tower with Radar,136,94,108,3,341,0,1,40,3,44,136,95,148,6,385,0,0,0,385
11/09/2015,PBI,FL,ASO,ES,Combined TRACON& Tower with Radar,147,59,106,3,315,0,7,71,6,84,147,66,177,9,399,0,0,0,399
11/10/2015,PBI,FL,ASO,ES,Combined TRACON& Tower with Radar,136,74,107,8,325,0,1,62,2,65,136,75,169,10,390,14,0,14,404
11/11/2015,PBI,FL,ASO,ES,Combined TRACON& Tower with Radar,139,77,134,7,357,0,2,55,8,65,139,79,189,15,422,0,0,0,422
11/12/2015,PBI,FL,ASO,ES,Combined TRACON& Tower with Radar,145,71,134,1,351,0,5,76,8,89,145,76,210,9,440,0,0,0,440
11/13/2015,PBI,FL,ASO,ES,Combined TRACON& Tower with Radar,143,95,144,0,382,0,2,58,4,64,143,97,202,4,446,0,0,0,446
11/14/2015,PBI,FL,ASO,ES,Combined TRACON& Tower with Radar,130,54,93,1,278,0,3,41,1,45,130,57,134,2,323,0,0,0,323
11/15/2015,PBI,FL,ASO,ES,Combined TRACON& Tower with Radar,142,96,156,2,396,0,5,56,4,65,142,101,212,6,461,0,0,0,461
11/16/2015,PBI,FL,ASO,ES,Combined TRACON& Tower with Radar,149,76,95,4,324,0,3,52,4,59,149,79,147,8,383,0,0,0,383
11/17/2015,PBI,FL,ASO,ES,Combined TRACON& Tower with Radar,141,64,108,6,319,0,2,62,4,68,141,66,170,10,387,14,0,14,401
11/18/2015,PBI,FL,ASO,ES,Combined TRACON& Tower with Radar,138,60,98,2,298,0,1,56,3,60,138,61,154,5,358,0,0,0,358
11/19/2015,PBI,FL,ASO,ES,Combined TRACON& Tower with Radar,149,67,129,4,349,0,4,57,1,62,149,71,186,5,411,0,0,0,411
11/20/2015,PBI,FL,ASO,ES,Combined TRACON& Tower with Radar,149,120,131,0,400,0,3,59,7,69,149,123,190,7,469,0,0,0,469
11/21/2015,PBI,FL,ASO,ES,Combined TRACON& Tower with Radar,138,78,105,2,323,0,4,43,4,51,138,82,148,6,374,0,0,0,374
11/22/2015,PBI,FL,ASO,ES,Combined TRACON& Tower with Radar,154,90,133,4,381,0,3,33,2,38,154,93,166,6,419,0,0,0,419
11/23/2015,PBI,FL,ASO,ES,Combined TRACON& Tower with Radar,159,86,118,6,369,0,9,82,2,93,159,95,200,8,462,0,0,0,462
11/24/2015,PBI,FL,ASO,ES,Combined TRACON& Tower with Radar,171,138,174,3,486,0,0,71,2,73,171,138,245,5,559,0,0,0,559
11/25/2015,PBI,FL,ASO,ES,Combined TRACON& Tower with Radar,171,113,147,3,434,0,1,46,1,48,171,114,193,4,482,0,0,0,482
11/26/2015,PBI,FL,ASO,ES,Combined TRACON& Tower with Radar,104,41,41,0,186,0,5,16,0,21,104,46,57,0,207,0,0,0,207
11/27/2015,PBI,FL,ASO,ES,Combined TRACON& Tower with Radar,148,71,96,2,317,0,5,37,2,44,148,76,133,4,361,0,0,0,361
11/28/2015,PBI,FL,ASO,ES,Combined TRACON& Tower with Radar,163,126,109,2,400,0,7,61,6,74,163,133,170,8,474,58,0,58,532
11/29/2015,PBI,FL,ASO,ES,Combined TRACON& Tower with Radar,174,186,271,0,631,0,3,65,1,69,174,189,336,1,700,0,0,0,700
11/30/2015,PBI,FL,ASO,ES,Combined TRACON& Tower with Radar,167,100,157,3,427,0,5,82,1,88,167,105,239,4,515,0,0,0,515
12/01/2015,PBI,FL,ASO,ES,Combined TRACON& Tower with Radar,162,85,116,0,363,0,5,63,3,71,162,90,179,3,434,0,0,0,434
12/02/2015,PBI,FL,ASO,ES,Combined TRACON& Tower with Radar,151,64,148,3,366,0,8,44,1,53,151,72,192,4,419,0,0,0,419
12/03/2015,PBI,FL,ASO,ES,Combined TRACON& Tower with Radar,171,99,133,0,403,0,0,43,0,43,171,99,176,0,446,0,0,0,446
12/04/2015,PBI,FL,ASO,ES,Combined TRACON& Tower with Radar,159,78,125,3,365,0,4,12,4,20,159,82,137,7,385,0,0,0,385
12/05/2015,PBI,FL,ASO,ES,Combined TRACON& Tower with Radar,132,76,93,4,305,0,4,21,0,25,132,80,114,4,330,0,0,0,330
12/06/2015,PBI,FL,ASO,ES,Combined TRACON& Tower with Radar,142,105,139,3,389,0,2,34,1,37,142,107,173,4,426,0,0,0,426
12/07/2015,PBI,FL,ASO,ES,Combined TRACON& Tower with Radar,144,77,123,4,348,0,2,45,6,53,144,79,168,10,401,0,0,0,401
12/08/2015,PBI,FL,ASO,ES,Combined TRACON& Tower with Radar,152,77,88,1,318,0,10,43,3,56,152,87,131,4,374,0,0,0,374
12/09/2015,PBI,FL,ASO,ES,Combined TRACON& Tower with Radar,149,87,125,0,361,0,5,59,1,65,149,92,184,1,426,0,0,0,426
12/10/2015,PBI,FL,ASO,ES,Combined TRACON& Tower with Radar,151,86,120,2,359,0,2,74,6,82,151,88,194,8,441,0,0,0,441
12/11/2015,PBI,FL,ASO,ES,Combined TRACON& Tower with Radar,154,108,126,0,388,0,2,78,1,81,154,110,204,1,469,0,0,0,469
12/12/2015,PBI,FL,ASO,ES,Combined TRACON& Tower with Radar,130,59,66,3,258,0,0,68,7,75,130,59,134,10,333,0,0,0,333
12/13/2015,PBI,FL,ASO,ES,Combined TRACON& Tower with Radar,144,96,121,3,364,0,2,33,0,35,144,98,154,3,399,0,0,0,399
12/14/2015,PBI,FL,ASO,ES,Combined TRACON& Tower with Radar,142,68,120,8,338,0,3,57,1,61,142,71,177,9,399,0,0,0,399
12/15/2015,PBI,FL,ASO,ES,Combined TRACON& Tower with Radar,164,69,108,5,346,0,2,55,3,60,164,71,163,8,406,0,0,0,406
12/16/2015,PBI,FL,ASO,ES,Combined TRACON& Tower with Radar,153,88,116,4,361,0,7,77,4,88,153,95,193,8,449,0,0,0,449
12/17/2015,PBI,FL,ASO,ES,Combined TRACON& Tower with Radar,177,96,136,2,411,0,2,72,0,74,177,98,208,2,485,0,0,0,485
12/18/2015,PBI,FL,ASO,ES,Combined TRACON& Tower with Radar,188,124,158,0,470,0,8,51,0,59,188,132,209,0,529,0,0,0,529
12/19/2015,PBI,FL,ASO,ES,Combined TRACON& Tower with Radar,200,117,130,0,447,0,0,46,2,48,200,117,176,2,495,0,0,0,495
12/20/2015,PBI,FL,ASO,ES,Combined TRACON& Tower with Radar,211,86,118,0,415,0,3,35,0,38,211,89,153,0,453,0,0,0,453
12/21/2015,PBI,FL,ASO,ES,Combined TRACON& Tower with Radar,204,87,130,0,421,0,2,62,0,64,204,89,192,0,485,0,0,0,485
12/22/2015,PBI,FL,ASO,ES,Combined TRACON& Tower with Radar,213,92,101,4,410,0,1,66,2,69,213,93,167,6,479,0,0,0,479
12/23/2015,PBI,FL,ASO,ES,Combined TRACON& Tower with Radar,212,121,150,3,486,0,2,57,2,61,212,123,207,5,547,0,0,0,547
12/24/2015,PBI,FL,ASO,ES,Combined TRACON& Tower with Radar,199,70,72,1,342,0,2,49,0,51,199,72,121,1,393,0,0,0,393
12/25/2015,PBI,FL,ASO,ES,Combined TRACON& Tower with Radar,172,106,42,0,320,0,1,32,0,33,172,107,74,0,353,0,0,0,353
12/26/2015,PBI,FL,ASO,ES,Combined TRACON& Tower with Radar,189,170,240,0,599,1,2,49,0,52,190,172,289,0,651,0,0,0,651
12/27/2015,PBI,FL,ASO,ES,Combined TRACON& Tower with Radar,198,143,227,0,568,0,3,51,2,56,198,146,278,2,624,0,0,0,624
12/28/2015,PBI,FL,ASO,ES,Combined TRACON& Tower with Radar,201,150,137,2,490,0,3,44,0,47,201,153,181,2,537,0,0,0,537
12/29/2015,PBI,FL,ASO,ES,Combined TRACON& Tower with Radar,206,130,113,3,452,0,1,64,4,69,206,131,177,7,521,0,0,0,521
12/30/2015,PBI,FL,ASO,ES,Combined TRACON& Tower with Radar,219,107,156,6,488,0,3,49,5,57,219,110,205,11,545,0,0,0,545
12/31/2015,PBI,FL,ASO,ES,Combined TRACON& Tower with Radar,204,73,94,0,371,0,6,50,2,58,204,79,144,2,429,0,0,0,429
01/01/2016,PBI,FL,ASO,ES,Combined TRACON& Tower with Radar,187,117,135,2,441,0,2,40,2,44,187,119,175,4,485,0,0,0,485
01/02/2016,PBI,FL,ASO,ES,Combined TRACON& Tower with Radar,199,170,221,0,590,2,3,87,0,92,201,173,308,0,682,0,0,0,682
01/03/2016,PBI,FL,ASO,ES,Combined TRACON& Tower with Radar,219,171,260,0,650,1,6,63,0,70,220,177,323,0,720,0,0,0,720
01/04/2016,PBI,FL,ASO,ES,Combined TRACON& Tower with Radar,202,126,156,2,486,0,4,62,0,66,202,130,218,2,552,0,0,0,552
01/05/2016,PBI,FL,ASO,ES,Combined TRACON& Tower with Radar,167,81,101,0,349,0,3,57,0,60,167,84,158,0,409,0,0,0,409
01/06/2016,PBI,FL,ASO,ES,Combined TRACON& Tower with Radar,172,64,123,0,359,0,5,32,2,39,172,69,155,2,398,0,0,0,398
01/07/2016,PBI,FL,ASO,ES,Combined TRACON& Tower with Radar,170,89,144,0,403,0,1,53,0,54,170,90,197,0,457,0,0,0,457
01/08/2016,PBI,FL,ASO,ES,Combined TRACON& Tower with Radar,174,136,158,9,477,0,1,50,1,52,174,137,208,10,529,0,0,0,529
01/09/2016,PBI,FL,ASO,ES,Combined TRACON& Tower with Radar,160,75,98,0,333,0,3,37,0,40,160,78,135,0,373,0,0,0,373
01/10/2016,PBI,FL,ASO,ES,Combined TRACON& Tower with Radar,160,118,156,1,435,0,2,42,1,45,160,120,198,2,480,0,0,0,480
01/11/2016,PBI,FL,ASO,ES,Combined TRACON& Tower with Radar,172,85,93,2,352,0,2,109,0,111,172,87,202,2,463,0,0,0,463
01/12/2016,PBI,FL,ASO,ES,Combined TRACON& Tower with Radar,169,77,138,2,386,0,2,75,2,79,169,79,213,4,465,0,0,0,465
01/13/2016,PBI,FL,ASO,ES,Combined TRACON& Tower with Radar,167,85,133,0,385,0,8,87,0,95,167,93,220,0,480,0,0,0,480
01/14/2016,PBI,FL,ASO,ES,Combined TRACON& Tower with Radar,170,120,150,5,445,0,2,39,0,41,170,122,189,5,486,0,0,0,486
01/15/2016,PBI,FL,ASO,ES,Combined TRACON& Tower with Radar,182,156,176,1,515,0,3,20,2,25,182,159,196,3,540,0,0,0,540
01/16/2016,PBI,FL,ASO,ES,Combined TRACON& Tower with Radar,158,101,118,3,380,0,4,66,4,74,158,105,184,7,454,0,0,0,454
01/17/2016,PBI,FL,ASO,ES,Combined TRACON& Tower with Radar,156,99,111,1,367,0,1,21,0,22,156,100,132,1,389,0,0,0,389
01/18/2016,PBI,FL,ASO,ES,Combined TRACON& Tower with Radar,172,158,187,8,525,0,7,100,0,107,172,165,287,8,632,0,0,0,632
01/19/2016,PBI,FL,ASO,ES,Combined TRACON& Tower with Radar,167,89,105,0,361,0,10,78,1,89,167,99,183,1,450,0,0,0,450
01/20/2016,PBI,FL,ASO,ES,Combined TRACON& Tower with Radar,168,80,150,5,403,0,7,84,8,99,168,87,234,13,502,0,0,0,502
01/21/2016,PBI,FL,ASO,ES,Combined TRACON& Tower with Radar,165,124,160,0,449,0,12,78,3,93,165,136,238,3,542,0,0,0,542
01/22/2016,PBI,FL,ASO,ES,Combined TRACON& Tower with Radar,144,108,140,0,392,0,0,13,0,13,144,108,153,0,405,0,0,0,405
01/23/2016,PBI,FL,ASO,ES,Combined TRACON& Tower with Radar,74,47,67,2,190,0,4,23,0,27,74,51,90,2,217,0,0,0,217
01/24/2016,PBI,FL,ASO,ES,Combined TRACON& Tower with Radar,97,149,179,2,427,0,1,42,0,43,97,150,221,2,470,0,0,0,470
01/25/2016,PBI,FL,ASO,ES,Combined TRACON& Tower with Radar,154,136,136,4,430,0,6,63,0,69,154,142,199,4,499,0,0,0,499
01/26/2016,PBI,FL,ASO,ES,Combined TRACON& Tower with Radar,160,121,134,0,415,0,5,59,2,66,160,126,193,2,481,0,0,0,481
01/27/2016,PBI,FL,ASO,ES,Combined TRACON& Tower with Radar,165,96,154,1,416,0,2,4,0,6,165,98,158,1,422,0,0,0,422
01/28/2016,PBI,FL,ASO,ES,Combined TRACON& Tower with Radar,184,115,190,1,490,1,5,21,0,27,185,120,211,1,517,0,0,0,517
01/29/2016,PBI,FL,ASO,ES,Combined TRACON& Tower with Radar,177,98,202,9,486,0,4,81,5,90,177,102,283,14,576,0,0,0,576
01/30/2016,PBI,FL,ASO,ES,Combined TRACON& Tower with Radar,162,91,109,1,363,0,2,56,1,59,162,93,165,2,422,0,0,0,422
01/31/2016,PBI,FL,ASO,ES,Combined TRACON& Tower with Radar,167,145,171,5,488,0,3,43,1,47,167,148,214,6,535,0,0,0,535
02/01/2016,PBI,FL,ASO,ES,Combined TRACON& Tower with Radar,177,83,128,0,388,0,3,54,0,57,177,86,182,0,445,0,0,0,445
02/02/2016,PBI,FL,ASO,ES,Combined TRACON& Tower with Radar,165,84,140,11,400,0,8,65,1,74,165,92,205,12,474,0,0,0,474
02/03/2016,PBI,FL,ASO,ES,Combined TRACON& Tower with Radar,168,88,141,2,399,0,5,67,2,74,168,93,208,4,473,0,0,0,473
02/04/2016,PBI,FL,ASO,ES,Combined TRACON& Tower with Radar,178,145,168,0,491,0,1,66,0,67,178,146,234,0,558,0,0,0,558
02/05/2016,PBI,FL,ASO,ES,Combined TRACON& Tower with Radar,168,104,172,5,449,0,4,55,10,69,168,108,227,15,518,0,0,0,518
02/06/2016,PBI,FL,ASO,ES,Combined TRACON& Tower with Radar,168,62,99,4,333,0,2,46,0,48,168,64,145,4,381,0,0,0,381
02/07/2016,PBI,FL,ASO,ES,Combined TRACON& Tower with Radar,171,121,154,2,448,0,3,41,6,50,171,124,195,8,498,0,0,0,498
02/08/2016,PBI,FL,ASO,ES,Combined TRACON& Tower with Radar,154,96,146,0,396,0,4,61,5,70,154,100,207,5,466,0,0,0,466
02/09/2016,PBI,FL,ASO,ES,Combined TRACON& Tower with Radar,171,91,143,0,405,0,9,61,2,72,171,100,204,2,477,0,0,0,477
02/10/2016,PBI,FL,ASO,ES,Combined TRACON& Tower with Radar,182,122,174,0,478,0,6,60,0,66,182,128,234,0,544,0,0,0,544
02/11/2016,PBI,FL,ASO,ES,Combined TRACON& Tower with Radar,188,142,217,0,547,0,2,78,3,83,188,144,295,3,630,0,0,0,630
02/12/2016,PBI,FL,ASO,ES,Combined TRACON& Tower with Radar,194,201,222,0,617,0,7,80,2,89,194,208,302,2,706,0,0,0,706
02/13/2016,PBI,FL,ASO,ES,Combined TRACON& Tower with Radar,175,87,125,0,387,0,15,39,2,56,175,102,164,2,443,0,0,0,443
02/14/2016,PBI,FL,ASO,ES,Combined TRACON& Tower with Radar,182,118,143,0,443,0,4,48,0,52,182,122,191,0,495,0,0,0,495
02/15/2016,PBI,FL,ASO,ES,Combined TRACON& Tower with Radar,184,179,242,0,605,0,0,57,0,57,184,179,299,0,662,0,0,0,662
02/16/2016,PBI,FL,ASO,ES,Combined TRACON& Tower with Radar,190,169,166,0,525,0,7,43,0,50,190,176,209,0,575,0,0,0,575
02/17/2016,PBI,FL,ASO,ES,Combined TRACON& Tower with Radar,195,125,155,3,478,0,6,72,1,79,195,131,227,4,557,0,0,0,557
02/18/2016,PBI,FL,ASO,ES,Combined TRACON& Tower with Radar,193,110,153,0,456,0,10,69,0,79,193,120,222,0,535,0,0,0,535
02/19/2016,PBI,FL,ASO,ES,Combined TRACON& Tower with Radar,195,125,160,0,480,0,2,74,2,78,195,127,234,2,558,0,0,0,558
02/20/2016,PBI,FL,ASO,ES,Combined TRACON& Tower with Radar,187,90,105,0,382,0,2,57,0,59,187,92,162,0,441,0,0,0,441
02/21/2016,PBI,FL,ASO,ES,Combined TRACON& Tower with Radar,192,171,204,0,567,0,2,50,2,54,192,173,254,2,621,0,0,0,621
02/22/2016,PBI,FL,ASO,ES,Combined TRACON& Tower with Radar,193,84,173,0,450,0,5,83,1,89,193,89,256,1,539,0,0,0,539
02/23/2016,PBI,FL,ASO,ES,Combined TRACON& Tower with Radar,179,92,156,4,431,0,8,50,4,62,179,100,206,8,493,0,0,0,493
02/24/2016,PBI,FL,ASO,ES,Combined TRACON& Tower with Radar,165,75,117,0,357,0,10,30,1,41,165,85,147,1,398,0,0,0,398
02/25/2016,PBI,FL,ASO,ES,Combined TRACON& Tower with Radar,188,112,163,1,464,0,0,80,4,84,188,112,243,5,548,0,0,0,548
02/26/2016,PBI,FL,ASO,ES,Combined TRACON& Tower with Radar,192,126,179,1,498,0,7,81,4,92,192,133,260,5,590,0,0,0,590
02/27/2016,PBI,FL,ASO,ES,Combined TRACON& Tower with Radar,183,76,104,3,366,0,5,75,6,86,183,81,179,9,452,0,0,0,452
02/28/2016,PBI,FL,ASO,ES,Combined TRACON& Tower with Radar,192,141,175,0,508,0,3,53,0,56,192,144,228,0,564,0,0,0,564
02/29/2016,PBI,FL,ASO,ES,Combined TRACON& Tower with Radar,187,99,139,3,428,0,1,72,5,78,187,100,211,8,506,0,0,0,506
03/01/2016,PBI,FL,ASO,ES,Combined TRACON& Tower with Radar,183,78,127,6,394,0,0,74,6,80,183,78,201,12,474,0,0,0,474
03/02/2016,PBI,FL,ASO,ES,Combined TRACON& Tower with Radar,188,96,146,4,434,0,2,75,2,79,188,98,221,6,513,0,0,0,513
03/03/2016,PBI,FL,ASO,ES,Combined TRACON& Tower with Radar,184,124,189,2,499,0,8,81,0,89,184,132,270,2,588,0,0,0,588
03/04/2016,PBI,FL,ASO,ES,Combined TRACON& Tower with Radar,189,133,184,3,509,0,2,91,0,93,189,135,275,3,602,0,0,0,602
03/05/2016,PBI,FL,ASO,ES,Combined TRACON& Tower with Radar,189,93,93,0,375,0,5,57,2,64,189,98,150,2,439,0,0,0,439
03/06/2016,PBI,FL,ASO,ES,Combined TRACON& Tower with Radar,197,163,199,2,561,0,7,69,2,78,197,170,268,4,639,0,0,0,639
03/07/2016,PBI,FL,ASO,ES,Combined TRACON& Tower with Radar,189,111,163,2,465,0,4,69,4,77,189,115,232,6,542,0,0,0,542
03/08/2016,PBI,FL,ASO,ES,Combined TRACON& Tower with Radar,185,101,106,4,396,0,8,56,0,64,185,109,162,4,460,0,0,0,460
03/09/2016,PBI,FL,ASO,ES,Combined TRACON& Tower with Radar,199,140,150,1,490,0,6,33,4,43,199,146,183,5,533,0,0,0,533
03/10/2016,PBI,FL,ASO,ES,Combined TRACON& Tower with Radar,193,131,168,0,492,0,6,72,1,79,193,137,240,1,571,0,0,0,571
03/11/2016,PBI,FL,ASO,ES,Combined TRACON& Tower with Radar,196,118,187,8,509,0,4,60,7,71,196,122,247,15,580,0,0,0,580
03/12/2016,PBI,FL,ASO,ES,Combined TRACON& Tower with Radar,198,106,127,0,431,0,7,47,2,56,198,113,174,2,487,0,0,0,487
03/13/2016,PBI,FL,ASO,ES,Combined TRACON& Tower with Radar,200,176,237,0,613,0,4,60,7,71,200,180,297,7,684,0,0,0,684
03/14/2016,PBI,FL,ASO,ES,Combined TRACON& Tower with Radar,194,112,150,4,460,0,4,83,0,87,194,116,233,4,547,0,0,0,547
03/15/2016,PBI,FL,ASO,ES,Combined TRACON& Tower with Radar,196,92,136,0,424,0,7,78,4,89,196,99,214,4,513,0,0,0,513
03/16/2016,PBI,FL,ASO,ES,Combined TRACON& Tower with Radar,195,119,160,1,475,0,6,77,0,83,195,125,237,1,558,0,0,0,558
03/17/2016,PBI,FL,ASO,ES,Combined TRACON& Tower with Radar,187,130,200,0,517,0,1,78,4,83,187,131,278,4,600,0,0,0,600
03/18/2016,PBI,FL,ASO,ES,Combined TRACON& Tower with Radar,204,158,244,0,606,0,7,92,0,99,204,165,336,0,705,0,0,0,705
03/19/2016,PBI,FL,ASO,ES,Combined TRACON& Tower with Radar,195,132,148,0,475,0,2,72,0,74,195,134,220,0,549,0,0,0,549
03/20/2016,PBI,FL,ASO,ES,Combined TRACON& Tower with Radar,198,157,221,0,576,0,32,31,6,69,198,189,252,6,645,0,0,0,645
03/21/2016,PBI,FL,ASO,ES,Combined TRACON& Tower with Radar,198,121,133,0,452,0,3,59,2,64,198,124,192,2,516,0,0,0,516
03/22/2016,PBI,FL,ASO,ES,Combined TRACON& Tower with Radar,193,89,102,0,384,0,1,69,0,70,193,90,171,0,454,0,0,0,454
03/23/2016,PBI,FL,ASO,ES,Combined TRACON& Tower with Radar,193,109,156,0,458,0,8,93,0,101,193,117,249,0,559,0,0,0,559
03/24/2016,PBI,FL,ASO,ES,Combined TRACON& Tower with Radar,186,149,216,1,552,0,4,61,2,67,186,153,277,3,619,0,0,0,619
03/25/2016,PBI,FL,ASO,ES,Combined TRACON& Tower with Radar,210,145,206,0,561,0,3,46,0,49,210,148,252,0,610,0,0,0,610
03/26/2016,PBI,FL,ASO,ES,Combined TRACON& Tower with Radar,200,115,133,0,448,0,2,54,0,56,200,117,187,0,504,0,0,0,504
03/27/2016,PBI,FL,ASO,ES,Combined TRACON& Tower with Radar,205,167,191,0,563,0,2,43,0,45,205,169,234,0,608,0,0,0,608
03/28/2016,PBI,FL,ASO,ES,Combined TRACON& Tower with Radar,194,145,199,0,538,0,6,64,0,70,194,151,263,0,608,0,0,0,608
03/29/2016,PBI,FL,ASO,ES,Combined TRACON& Tower with Radar,201,102,141,0,444,0,4,32,0,36,201,106,173,0,480,0,0,0,480
03/30/2016,PBI,FL,ASO,ES,Combined TRACON& Tower with Radar,197,86,150,0,433,0,7,28,0,35,197,93,178,0,468,0,0,0,468
03/31/2016,PBI,FL,ASO,ES,Combined TRACON& Tower with Radar,194,125,155,2,476,0,3,68,2,73,194,128,223,4,549,0,0,0,549
04/01/2016,PBI,FL,ASO,ES,Combined TRACON& Tower with Radar,186,122,163,8,479,0,0,84,6,90,186,122,247,14,569,0,0,0,569
04/02/2016,PBI,FL,ASO,ES,Combined TRACON& Tower with Radar,192,127,150,1,470,0,3,31,4,38,192,130,181,5,508,0,0,0,508
04/03/2016,PBI,FL,ASO,ES,Combined TRACON& Tower with Radar,209,179,182,1,571,0,2,48,0,50,209,181,230,1,621,0,0,0,621
04/04/2016,PBI,FL,ASO,ES,Combined TRACON& Tower with Radar,197,106,120,0,423,0,3,53,2,58,197,109,173,2,481,0,0,0,481
04/05/2016,PBI,FL,ASO,ES,Combined TRACON& Tower with Radar,177,72,141,0,390,20,7,75,2,104,197,79,216,2,494,0,0,0,494
04/06/2016,PBI,FL,ASO,ES,Combined TRACON& Tower with Radar,177,107,128,0,412,0,5,69,0,74,177,112,197,0,486,0,0,0,486
04/07/2016,PBI,FL,ASO,ES,Combined TRACON& Tower with Radar,170,122,164,2,458,0,9,78,4,91,170,131,242,6,549,0,0,0,549
04/08/2016,PBI,FL,ASO,ES,Combined TRACON& Tower with Radar,189,108,158,0,455,0,4,72,2,78,189,112,230,2,533,0,0,0,533
04/09/2016,PBI,FL,ASO,ES,Combined TRACON& Tower with Radar,185,71,116,0,372,0,6,79,2,87,185,77,195,2,459,0,0,0,459
04/10/2016,PBI,FL,ASO,ES,Combined TRACON& Tower with Radar,178,146,188,0,512,0,5,48,0,53,178,151,236,0,565,0,0,0,565
04/11/2016,PBI,FL,ASO,ES,Combined TRACON& Tower with Radar,180,97,121,0,398,0,8,65,0,73,180,105,186,0,471,0,0,0,471
04/12/2016,PBI,FL,ASO,ES,Combined TRACON& Tower with Radar,159,95,106,0,360,0,7,76,0,83,159,102,182,0,443,0,0,0,443
04/13/2016,PBI,FL,ASO,ES,Combined TRACON& Tower with Radar,166,90,149,0,405,0,3,65,0,68,166,93,214,0,473,0,0,0,473
04/14/2016,PBI,FL,ASO,ES,Combined TRACON& Tower with Radar,161,102,106,3,372,0,6,74,3,83,161,108,180,6,455,0,0,0,455
04/15/2016,PBI,FL,ASO,ES,Combined TRACON& Tower with Radar,170,93,141,0,404,2,8,68,0,78,172,101,209,0,482,0,0,0,482
04/16/2016,PBI,FL,ASO,ES,Combined TRACON& Tower with Radar,160,74,98,0,332,0,4,53,2,59,160,78,151,2,391,0,0,0,391
04/17/2016,PBI,FL,ASO,ES,Combined TRACON& Tower with Radar,152,137,171,0,460,0,2,59,2,63,152,139,230,2,523,0,0,0,523
04/18/2016,PBI,FL,ASO,ES,Combined TRACON& Tower with Radar,157,118,144,0,419,0,7,63,0,70,157,125,207,0,489,0,0,0,489
04/19/2016,PBI,FL,ASO,ES,Combined TRACON& Tower with Radar,158,102,104,2,366,0,3,57,0,60,158,105,161,2,426,0,0,0,426
04/20/2016,PBI,FL,ASO,ES,Combined TRACON& Tower with Radar,157,99,114,0,370,0,7,60,0,67,157,106,174,0,437,0,0,0,437
04/21/2016,PBI,FL,ASO,ES,Combined TRACON& Tower with Radar,159,100,126,4,389,0,7,64,4,75,159,107,190,8,464,0,0,0,464
04/22/2016,PBI,FL,ASO,ES,Combined TRACON& Tower with Radar,165,101,124,0,390,0,10,68,0,78,165,111,192,0,468,0,0,0,468
04/23/2016,PBI,FL,ASO,ES,Combined TRACON& Tower with Radar,161,75,78,1,315,0,0,37,1,38,161,75,115,2,353,0,0,0,353
04/24/2016,PBI,FL,ASO,ES,Combined TRACON& Tower with Radar,154,122,146,0,422,0,2,69,2,73,154,124,215,2,495,0,0,0,495
04/25/2016,PBI,FL,ASO,ES,Combined TRACON& Tower with Radar,166,104,127,0,397,0,5,55,2,62,166,109,182,2,459,0,0,0,459
04/26/2016,PBI,FL,ASO,ES,Combined TRACON& Tower with Radar,150,73,108,2,333,0,6,67,0,73,150,79,175,2,406,0,0,0,406
04/27/2016,PBI,FL,ASO,ES,Combined TRACON& Tower with Radar,162,80,124,0,366,0,14,65,1,80,162,94,189,1,446,0,0,0,446
04/28/2016,PBI,FL,ASO,ES,Combined TRACON& Tower with Radar,152,121,112,0,385,0,9,63,3,75,152,130,175,3,460,0,0,0,460
04/29/2016,PBI,FL,ASO,ES,Combined TRACON& Tower with Radar,162,108,112,3,385,0,7,68,0,75,162,115,180,3,460,0,0,0,460
04/30/2016,PBI,FL,ASO,ES,Combined TRACON& Tower with Radar,147,71,78,0,296,0,3,59,1,63,147,74,137,1,359,0,0,0,359
05/01/2016,PBI,FL,ASO,ES,Combined TRACON& Tower with Radar,145,128,147,4,424,0,3,47,0,50,145,131,194,4,474,0,0,0,474
05/02/2016,PBI,FL,ASO,ES,Combined TRACON& Tower with Radar,158,87,105,0,350,0,6,46,0,52,158,93,151,0,402,0,0,0,402
05/03/2016,PBI,FL,ASO,ES,Combined TRACON& Tower with Radar,155,86,102,0,343,0,4,41,0,45,155,90,143,0,388,0,0,0,388
05/04/2016,PBI,FL,ASO,ES,Combined TRACON& Tower with Radar,163,79,87,2,331,0,2,17,4,23,163,81,104,6,354,0,0,0,354
05/05/2016,PBI,FL,ASO,ES,Combined TRACON& Tower with Radar,134,94,146,1,375,0,7,72,5,84,134,101,218,6,459,0,0,0,459
05/06/2016,PBI,FL,ASO,ES,Combined TRACON& Tower with Radar,131,97,132,0,360,0,4,82,1,87,131,101,214,1,447,0,0,0,447
05/07/2016,PBI,FL,ASO,ES,Combined TRACON& Tower with Radar,118,56,76,0,250,0,2,46,0,48,118,58,122,0,298,0,0,0,298
05/08/2016,PBI,FL,ASO,ES,Combined TRACON& Tower with Radar,119,73,108,0,300,0,2,56,2,60,119,75,164,2,360,0,0,0,360
05/09/2016,PBI,FL,ASO,ES,Combined TRACON& Tower with Radar,130,78,116,2,326,0,2,59,2,63,130,80,175,4,389,0,0,0,389
05/10/2016,PBI,FL,ASO,ES,Combined TRACON& Tower with Radar,129,84,85,0,298,0,8,69,2,79,129,92,154,2,377,0,0,0,377
05/11/2016,PBI,FL,ASO,ES,Combined TRACON& Tower with Radar,130,79,121,1,331,0,3,93,3,99,130,82,214,4,430,0,0,0,430
05/12/2016,PBI,FL,ASO,ES,Combined TRACON& Tower with Radar,128,89,104,0,321,0,2,70,0,72,128,91,174,0,393,0,0,0,393
05/13/2016,PBI,FL,ASO,ES,Combined TRACON& Tower with Radar,132,84,105,2,323,0,4,90,4,98,132,88,195,6,421,0,0,0,421
05/14/2016,PBI,FL,ASO,ES,Combined TRACON& Tower with Radar,121,59,65,4,249,0,2,69,4,75,121,61,134,8,324,0,0,0,324
05/15/2016,PBI,FL,ASO,ES,Combined TRACON& Tower with Radar,125,101,134,2,362,0,3,73,5,81,125,104,207,7,443,0,0,0,443
05/16/2016,PBI,FL,ASO,ES,Combined TRACON& Tower with Radar,132,67,116,5,320,0,4,64,3,71,132,71,180,8,391,0,0,0,391
05/17/2016,PBI,FL,ASO,ES,Combined TRACON& Tower with Radar,124,64,93,3,284,0,3,42,4,49,124,67,135,7,333,0,0,0,333
05/18/2016,PBI,FL,ASO,ES,Combined TRACON& Tower with Radar,130,68,108,2,308,0,3,35,0,38,130,71,143,2,346,0,0,0,346
05/19/2016,PBI,FL,ASO,ES,Combined TRACON& Tower with Radar,130,98,100,0,328,0,6,61,1,68,130,104,161,1,396,0,0,0,396
05/20/2016,PBI,FL,ASO,ES,Combined TRACON& Tower with Radar,129,80,95,3,307,0,2,66,2,70,129,82,161,5,377,0,0,0,377
05/21/2016,PBI,FL,ASO,ES,Combined TRACON& Tower with Radar,121,59,65,1,246,0,2,30,3,35,121,61,95,4,281,0,0,0,281
05/22/2016,PBI,FL,ASO,ES,Combined TRACON& Tower with Radar,123,80,96,2,301,0,11,44,1,56,123,91,140,3,357,0,0,0,357
05/23/2016,PBI,FL,ASO,ES,Combined TRACON& Tower with Radar,131,81,76,0,288,0,2,57,0,59,131,83,133,0,347,0,0,0,347
05/24/2016,PBI,FL,ASO,ES,Combined TRACON& Tower with Radar,131,64,69,5,269,0,9,63,1,73,131,73,132,6,342,0,0,0,342
05/25/2016,PBI,FL,ASO,ES,Combined TRACON& Tower with Radar,136,61,90,0,287,0,2,44,3,49,136,63,134,3,336,0,0,0,336
05/26/2016,PBI,FL,ASO,ES,Combined TRACON& Tower with Radar,126,77,122,2,327,0,7,88,7,102,126,84,210,9,429,0,0,0,429
05/27/2016,PBI,FL,ASO,ES,Combined TRACON& Tower with Radar,128,101,113,0,342,0,1,75,0,76,128,102,188,0,418,0,0,0,418
05/28/2016,PBI,FL,ASO,ES,Combined TRACON& Tower with Radar,118,41,58,0,217,0,5,35,0,40,118,46,93,0,257,0,0,0,257
05/29/2016,PBI,FL,ASO,ES,Combined TRACON& Tower with Radar,106,46,69,0,221,0,3,39,2,44,106,49,108,2,265,0,0,0,265
05/30/2016,PBI,FL,ASO,ES,Combined TRACON& Tower with Radar,119,72,117,1,309,0,2,82,0,84,119,74,199,1,393,0,0,0,393
05/31/2016,PBI,FL,ASO,ES,Combined TRACON& Tower with Radar,128,84,112,0,324,0,9,72,0,81,128,93,184,0,405,0,0,0,405
06/01/2016,PBI,FL,ASO,ES,Combined TRACON& Tower with Radar,130,70,81,0,281,0,5,67,3,75,130,75,148,3,356,0,0,0,356
06/02/2016,PBI,FL,ASO,ES,Combined TRACON& Tower with Radar,120,69,86,2,277,0,5,71,4,80,120,74,157,6,357,0,0,0,357
06/03/2016,PBI,FL,ASO,ES,Combined TRACON& Tower with Radar,124,65,86,1,276,0,0,61,0,61,124,65,147,1,337,0,0,0,337
06/04/2016,PBI,FL,ASO,ES,Combined TRACON& Tower with Radar,111,53,64,0,228,0,0,33,0,33,111,53,97,0,261,0,0,0,261
06/05/2016,PBI,FL,ASO,ES,Combined TRACON& Tower with Radar,112,84,103,3,302,0,2,58,3,63,112,86,161,6,365,0,0,0,365
06/06/2016,PBI,FL,ASO,ES,Combined TRACON& Tower with Radar,119,59,79,0,257,0,3,40,0,43,119,62,119,0,300,0,0,0,300
06/07/2016,PBI,FL,ASO,ES,Combined TRACON& Tower with Radar,117,56,50,0,223,0,0,29,4,33,117,56,79,4,256,0,0,0,256
06/08/2016,PBI,FL,ASO,ES,Combined TRACON& Tower with Radar,125,57,84,0,266,0,2,29,1,32,125,59,113,1,298,0,0,0,298
06/09/2016,PBI,FL,ASO,ES,Combined TRACON& Tower with Radar,119,51,108,3,281,0,2,38,5,45,119,53,146,8,326,0,0,0,326
06/10/2016,PBI,FL,ASO,ES,Combined TRACON& Tower with Radar,121,68,65,0,254,0,0,52,4,56,121,68,117,4,310,0,0,0,310
06/11/2016,PBI,FL,ASO,ES,Combined TRACON& Tower with Radar,105,45,53,2,205,0,2,55,0,57,105,47,108,2,262,0,0,0,262
06/12/2016,PBI,FL,ASO,ES,Combined TRACON& Tower with Radar,113,61,89,0,263,0,2,51,0,53,113,63,140,0,316,0,0,0,316
06/13/2016,PBI,FL,ASO,ES,Combined TRACON& Tower with Radar,115,63,100,0,278,0,5,74,4,83,115,68,174,4,361,0,0,0,361
06/14/2016,PBI,FL,ASO,ES,Combined TRACON& Tower with Radar,117,44,56,0,217,0,8,67,0,75,117,52,123,0,292,0,0,0,292
06/15/2016,PBI,FL,ASO,ES,Combined TRACON& Tower with Radar,127,63,79,1,270,0,9,49,3,61,127,72,128,4,331,0,0,0,331
06/16/2016,PBI,FL,ASO,ES,Combined TRACON& Tower with Radar,121,57,84,2,264,0,6,51,3,60,121,63,135,5,324,0,0,0,324
06/17/2016,PBI,FL,ASO,ES,Combined TRACON& Tower with Radar,111,50,89,0,250,0,6,46,0,52,111,56,135,0,302,0,0,0,302
06/18/2016,PBI,FL,ASO,ES,Combined TRACON& Tower with Radar,123,38,70,0,231,1,2,46,2,51,124,40,116,2,282,0,0,0,282
06/19/2016,PBI,FL,ASO,ES,Combined TRACON& Tower with Radar,113,49,86,0,248,0,3,40,0,43,113,52,126,0,291,0,0,0,291
06/20/2016,PBI,FL,ASO,ES,Combined TRACON& Tower with Radar,114,57,96,4,271,0,0,50,0,50,114,57,146,4,321,0,0,0,321
06/21/2016,PBI,FL,ASO,ES,Combined TRACON& Tower with Radar,111,49,67,0,227,0,2,47,3,52,111,51,114,3,279,0,0,0,279
06/22/2016,PBI,FL,ASO,ES,Combined TRACON& Tower with Radar,112,65,79,0,256,0,6,59,3,68,112,71,138,3,324,0,0,0,324
06/23/2016,PBI,FL,ASO,ES,Combined TRACON& Tower with Radar,113,68,61,0,242,0,12,72,0,84,113,80,133,0,326,0,0,0,326
06/24/2016,PBI,FL,ASO,ES,Combined TRACON& Tower with Radar,115,53,74,2,244,0,3,48,1,52,115,56,122,3,296,0,0,0,296
06/25/2016,PBI,FL,ASO,ES,Combined TRACON& Tower with Radar,107,38,41,2,188,0,2,34,0,36,107,40,75,2,224,0,0,0,224
06/26/2016,PBI,FL,ASO,ES,Combined TRACON& Tower with Radar,115,55,74,0,244,0,2,42,0,44,115,57,116,0,288,0,0,0,288
06/27/2016,PBI,FL,ASO,ES,Combined TRACON& Tower with Radar,110,47,55,0,212,0,1,69,0,70,110,48,124,0,282,0,0,0,282
06/28/2016,PBI,FL,ASO,ES,Combined TRACON& Tower with Radar,117,52,52,1,222,0,1,71,2,74,117,53,123,3,296,0,0,0,296
06/29/2016,PBI,FL,ASO,ES,Combined TRACON& Tower with Radar,120,38,86,0,244,0,4,50,0,54,120,42,136,0,298,0,0,0,298
06/30/2016,PBI,FL,ASO,ES,Combined TRACON& Tower with Radar,119,59,95,3,276,0,8,59,1,68,119,67,154,4,344,0,0,0,344
07/01/2016,PBI,FL,ASO,ES,Combined TRACON& Tower with Radar,106,70,93,1,270,0,1,66,0,67,106,71,159,1,337,0,0,0,337
07/02/2016,PBI,FL,ASO,ES,Combined TRACON& Tower with Radar,106,27,52,0,185,0,3,34,0,37,106,30,86,0,222,0,0,0,222
07/03/2016,PBI,FL,ASO,ES,Combined TRACON& Tower with Radar,98,26,49,0,173,0,0,30,0,30,98,26,79,0,203,0,0,0,203
07/04/2016,PBI,FL,ASO,ES,Combined TRACON& Tower with Radar,104,31,46,0,181,0,0,44,0,44,104,31,90,0,225,0,0,0,225
07/05/2016,PBI,FL,ASO,ES,Combined TRACON& Tower with Radar,112,57,77,0,246,0,8,105,0,113,112,65,182,0,359,0,0,0,359
07/06/2016,PBI,FL,ASO,ES,Combined TRACON& Tower with Radar,118,32,64,0,214,0,0,54,0,54,118,32,118,0,268,0,0,0,268
07/07/2016,PBI,FL,ASO,ES,Combined TRACON& Tower with Radar,113,44,44,2,203,0,2,59,0,61,113,46,103,2,264,0,0,0,264
07/08/2016,PBI,FL,ASO,ES,Combined TRACON& Tower with Radar,112,45,76,3,236,0,9,83,1,93,112,54,159,4,329,0,0,0,329
07/09/2016,PBI,FL,ASO,ES,Combined TRACON& Tower with Radar,107,41,59,0,207,0,2,52,0,54,107,43,111,0,261,0,0,0,261
07/10/2016,PBI,FL,ASO,ES,Combined TRACON& Tower with Radar,116,41,63,1,221,0,4,56,2,62,116,45,119,3,283,0,0,0,283
07/11/2016,PBI,FL,ASO,ES,Combined TRACON& Tower with Radar,112,32,62,0,206,0,7,80,0,87,112,39,142,0,293,0,0,0,293
07/12/2016,PBI,FL,ASO,ES,Combined TRACON& Tower with Radar,116,27,46,0,189,0,1,47,0,48,116,28,93,0,237,0,0,0,237
07/13/2016,PBI,FL,ASO,ES,Combined TRACON& Tower with Radar,114,40,67,0,221,0,1,43,0,44,114,41,110,0,265,0,0,0,265
07/14/2016,PBI,FL,ASO,ES,Combined TRACON& Tower with Radar,117,40,86,0,243,0,0,69,0,69,117,40,155,0,312,0,0,0,312
07/15/2016,PBI,FL,ASO,ES,Combined TRACON& Tower with Radar,115,40,73,2,230,0,2,83,0,85,115,42,156,2,315,0,0,0,315
07/16/2016,PBI,FL,ASO,ES,Combined TRACON& Tower with Radar,109,38,51,0,198,0,5,46,2,53,109,43,97,2,251,0,0,0,251
07/17/2016,PBI,FL,ASO,ES,Combined TRACON& Tower with Radar,118,37,71,0,226,0,4,58,0,62,118,41,129,0,288,0,0,0,288
07/18/2016,PBI,FL,ASO,ES,Combined TRACON& Tower with Radar,113,33,79,0,225,0,2,45,0,47,113,35,124,0,272,0,0,0,272
07/19/2016,PBI,FL,ASO,ES,Combined TRACON& Tower with Radar,116,39,84,4,243,0,4,46,1,51,116,43,130,5,294,0,0,0,294
07/20/2016,PBI,FL,ASO,ES,Combined TRACON& Tower with Radar,120,43,85,1,249,0,3,53,4,60,120,46,138,5,309,0,0,0,309
07/21/2016,PBI,FL,ASO,ES,Combined TRACON& Tower with Radar,114,63,60,0,237,0,2,55,2,59,114,65,115,2,296,0,0,0,296
07/22/2016,PBI,FL,ASO,ES,Combined TRACON& Tower with Radar,119,42,63,3,227,0,5,80,2,87,119,47,143,5,314,0,0,0,314
07/23/2016,PBI,FL,ASO,ES,Combined TRACON& Tower with Radar,105,27,53,0,185,0,3,41,1,45,105,30,94,1,230,0,0,0,230
07/24/2016,PBI,FL,ASO,ES,Combined TRACON& Tower with Radar,115,31,61,2,209,0,1,42,0,43,115,32,103,2,252,0,0,0,252
07/25/2016,PBI,FL,ASO,ES,Combined TRACON& Tower with Radar,106,30,78,0,214,0,4,60,2,66,106,34,138,2,280,0,0,0,280
07/26/2016,PBI,FL,ASO,ES,Combined TRACON& Tower with Radar,112,44,54,0,210,0,14,43,9,66,112,58,97,9,276,0,0,0,276
07/27/2016,PBI,FL,ASO,ES,Combined TRACON& Tower with Radar,116,31,92,1,240,0,5,58,3,66,116,36,150,4,306,0,0,0,306
07/28/2016,PBI,FL,ASO,ES,Combined TRACON& Tower with Radar,106,42,80,0,228,0,2,47,0,49,106,44,127,0,277,0,0,0,277
07/29/2016,PBI,FL,ASO,ES,Combined TRACON& Tower with Radar,119,56,87,0,262,0,3,68,2,73,119,59,155,2,335,0,0,0,335
07/30/2016,PBI,FL,ASO,ES,Combined TRACON& Tower with Radar,100,41,50,4,195,0,2,51,2,55,100,43,101,6,250,0,0,0,250
07/31/2016,PBI,FL,ASO,ES,Combined TRACON& Tower with Radar,113,45,51,0,209,0,2,34,0,36,113,47,85,0,245,0,0,0,245
08/01/2016,PBI,FL,ASO,ES,Combined TRACON& Tower with Radar,113,44,64,0,221,0,5,45,2,52,113,49,109,2,273,0,0,0,273
08/02/2016,PBI,FL,ASO,ES,Combined TRACON& Tower with Radar,161,42,82,0,285,1,8,55,1,65,162,50,137,1,350,0,0,0,350
08/03/2016,PBI,FL,ASO,ES,Combined TRACON& Tower with Radar,124,56,89,0,269,0,5,25,2,32,124,61,114,2,301,0,0,0,301
08/04/2016,PBI,FL,ASO,ES,Combined TRACON& Tower with Radar,119,54,68,0,241,0,9,57,0,66,119,63,125,0,307,0,0,0,307
08/05/2016,PBI,FL,ASO,ES,Combined TRACON& Tower with Radar,116,50,64,0,230,0,4,57,1,62,116,54,121,1,292,0,0,0,292
08/06/2016,PBI,FL,ASO,ES,Combined TRACON& Tower with Radar,111,28,45,0,184,0,1,34,0,35,111,29,79,0,219,0,0,0,219
08/07/2016,PBI,FL,ASO,ES,Combined TRACON& Tower with Radar,118,39,89,0,246,0,4,41,0,45,118,43,130,0,291,0,0,0,291
08/08/2016,PBI,FL,ASO,ES,Combined TRACON& Tower with Radar,109,45,69,0,223,0,4,22,8,34,109,49,91,8,257,0,0,0,257
08/09/2016,PBI,FL,ASO,ES,Combined TRACON& Tower with Radar,120,31,64,8,223,0,2,28,0,30,120,33,92,8,253,0,0,0,253
08/10/2016,PBI,FL,ASO,ES,Combined TRACON& Tower with Radar,124,50,61,0,235,0,3,38,0,41,124,53,99,0,276,0,0,0,276
08/11/2016,PBI,FL,ASO,ES,Combined TRACON& Tower with Radar,125,39,75,5,244,0,3,44,6,53,125,42,119,11,297,0,0,0,297
08/12/2016,PBI,FL,ASO,ES,Combined TRACON& Tower with Radar,112,53,63,3,231,0,2,66,4,72,112,55,129,7,303,0,0,0,303
08/13/2016,PBI,FL,ASO,ES,Combined TRACON& Tower with Radar,120,32,39,0,191,0,3,44,0,47,120,35,83,0,238,0,0,0,238
08/14/2016,PBI,FL,ASO,ES,Combined TRACON& Tower with Radar,116,45,64,0,225,0,2,42,2,46,116,47,106,2,271,0,0,0,271
08/15/2016,PBI,FL,ASO,ES,Combined TRACON& Tower with Radar,113,42,59,2,216,0,3,62,0,65,113,45,121,2,281,0,0,0,281
08/16/2016,PBI,FL,ASO,ES,Combined TRACON& Tower with Radar,119,41,54,0,214,0,5,56,0,61,119,46,110,0,275,0,0,0,275
08/17/2016,PBI,FL,ASO,ES,Combined TRACON& Tower with Radar,116,46,52,0,214,0,10,61,0,71,116,56,113,0,285,0,0,0,285
08/18/2016,PBI,FL,ASO,ES,Combined TRACON& Tower with Radar,125,42,62,5,234,0,1,51,0,52,125,43,113,5,286,0,0,0,286
08/19/2016,PBI,FL,ASO,ES,Combined TRACON& Tower with Radar,117,42,62,0,221,0,13,76,2,91,117,55,138,2,312,0,0,0,312
08/20/2016,PBI,FL,ASO,ES,Combined TRACON& Tower with Radar,99,40,47,0,186,0,3,50,0,53,99,43,97,0,239,0,0,0,239
08/21/2016,PBI,FL,ASO,ES,Combined TRACON& Tower with Radar,112,39,56,0,207,0,2,65,1,68,112,41,121,1,275,0,0,0,275
08/22/2016,PBI,FL,ASO,ES,Combined TRACON& Tower with Radar,115,49,81,0,245,0,1,57,0,58,115,50,138,0,303,0,0,0,303
08/23/2016,PBI,FL,ASO,ES,Combined TRACON& Tower with Radar,133,53,59,2,247,0,3,32,0,35,133,56,91,2,282,0,0,0,282
08/24/2016,PBI,FL,ASO,ES,Combined TRACON& Tower with Radar,135,36,47,2,220,0,7,31,1,39,135,43,78,3,259,0,0,0,259
08/25/2016,PBI,FL,ASO,ES,Combined TRACON& Tower with Radar,121,50,66,4,241,0,3,31,2,36,121,53,97,6,277,0,0,0,277
08/26/2016,PBI,FL,ASO,ES,Combined TRACON& Tower with Radar,118,38,64,3,223,0,4,56,0,60,118,42,120,3,283,0,0,0,283
08/27/2016,PBI,FL,ASO,ES,Combined TRACON& Tower with Radar,94,31,27,0,152,0,4,30,0,34,94,35,57,0,186,0,0,0,186
08/28/2016,PBI,FL,ASO,ES,Combined TRACON& Tower with Radar,108,35,52,0,195,0,3,26,0,29,108,38,78,0,224,0,0,0,224
08/29/2016,PBI,FL,ASO,ES,Combined TRACON& Tower with Radar,115,33,61,0,209,0,1,30,0,31,115,34,91,0,240,0,0,0,240
08/30/2016,PBI,FL,ASO,ES,Combined TRACON& Tower with Radar,110,44,65,0,219,0,3,19,0,22,110,47,84,0,241,0,0,0,241
08/31/2016,PBI,FL,ASO,ES,Combined TRACON& Tower with Radar,108,41,67,0,216,0,0,37,0,37,108,41,104,0,253,0,0,0,253
09/01/2016,PBI,FL,ASO,ES,Combined TRACON& Tower with Radar,111,55,61,0,227,0,0,35,0,35,111,55,96,0,262,0,0,0,262
09/02/2016,PBI,FL,ASO,ES,Combined TRACON& Tower with Radar,115,32,62,7,216,0,2,81,6,89,115,34,143,13,305,0,0,0,305
09/03/2016,PBI,FL,ASO,ES,Combined TRACON& Tower with Radar,91,29,39,0,159,0,2,17,0,19,91,31,56,0,178,0,0,0,178
09/04/2016,PBI,FL,ASO,ES,Combined TRACON& Tower with Radar,94,23,36,0,153,0,7,39,0,46,94,30,75,0,199,0,0,0,199
09/05/2016,PBI,FL,ASO,ES,Combined TRACON& Tower with Radar,106,59,72,0,237,0,2,54,0,56,106,61,126,0,293,0,0,0,293
09/06/2016,PBI,FL,ASO,ES,Combined TRACON& Tower with Radar,109,53,74,0,236,0,7,42,0,49,109,60,116,0,285,0,0,0,285
09/07/2016,PBI,FL,ASO,ES,Combined TRACON& Tower with Radar,112,52,66,0,230,0,3,53,2,58,112,55,119,2,288,0,0,0,288
09/08/2016,PBI,FL,ASO,ES,Combined TRACON& Tower with Radar,109,48,63,0,220,0,5,70,0,75,109,53,133,0,295,0,0,0,295
09/09/2016,PBI,FL,ASO,ES,Combined TRACON& Tower with Radar,110,51,79,5,245,0,1,53,2,56,110,52,132,7,301,0,0,0,301
09/10/2016,PBI,FL,ASO,ES,Combined TRACON& Tower with Radar,85,17,40,4,146,0,1,38,0,39,85,18,78,4,185,0,0,0,185
09/11/2016,PBI,FL,ASO,ES,Combined TRACON& Tower with Radar,112,46,64,4,226,0,3,31,0,34,112,49,95,4,260,0,0,0,260
09/12/2016,PBI,FL,ASO,ES,Combined TRACON& Tower with Radar,110,36,59,1,206,0,2,48,1,51,110,38,107,2,257,0,0,0,257
09/13/2016,PBI,FL,ASO,ES,Combined TRACON& Tower with Radar,111,36,52,3,202,0,5,44,5,54,111,41,96,8,256,0,0,0,256
09/14/2016,PBI,FL,ASO,ES,Combined TRACON& Tower with Radar,110,43,64,0,217,0,4,60,2,66,110,47,124,2,283,0,0,0,283
09/15/2016,PBI,FL,ASO,ES,Combined TRACON& Tower with Radar,114,51,78,0,243,0,5,49,0,54,114,56,127,0,297,0,0,0,297
09/16/2016,PBI,FL,ASO,ES,Combined TRACON& Tower with Radar,118,46,76,1,241,0,3,67,2,72,118,49,143,3,313,0,0,0,313
09/17/2016,PBI,FL,ASO,ES,Combined TRACON& Tower with Radar,88,30,29,1,148,0,1,32,0,33,88,31,61,1,181,0,0,0,181
09/18/2016,PBI,FL,ASO,ES,Combined TRACON& Tower with Radar,111,62,86,3,262,0,2,34,0,36,111,64,120,3,298,0,0,0,298
09/19/2016,PBI,FL,ASO,ES,Combined TRACON& Tower with Radar,107,38,52,0,197,0,3,47,0,50,107,41,99,0,247,0,0,0,247
09/20/2016,PBI,FL,ASO,ES,Combined TRACON& Tower with Radar,113,44,56,0,213,0,9,41,2,52,113,53,97,2,265,0,0,0,265
09/21/2016,PBI,FL,ASO,ES,Combined TRACON& Tower with Radar,108,51,61,0,220,0,6,64,1,71,108,57,125,1,291,0,0,0,291
09/22/2016,PBI,FL,ASO,ES,Combined TRACON& Tower with Radar,114,66,74,1,255,0,2,52,0,54,114,68,126,1,309,0,0,0,309
09/23/2016,PBI,FL,ASO,ES,Combined TRACON& Tower with Radar,113,52,67,0,232,0,0,44,2,46,113,52,111,2,278,0,0,0,278
09/24/2016,PBI,FL,ASO,ES,Combined TRACON& Tower with Radar,90,21,26,0,137,0,1,31,0,32,90,22,57,0,169,0,0,0,169
09/25/2016,PBI,FL,ASO,ES,Combined TRACON& Tower with Radar,111,53,69,4,237,0,3,35,1,39,111,56,104,5,276,0,0,0,276
09/26/2016,PBI,FL,ASO,ES,Combined TRACON& Tower with Radar,110,38,80,1,229,0,5,69,0,74,110,43,149,1,303,0,0,0,303
09/27/2016,PBI,FL,ASO,ES,Combined TRACON& Tower with Radar,113,44,60,1,218,0,3,46,1,50,113,47,106,2,268,0,0,0,268
09/28/2016,PBI,FL,ASO,ES,Combined TRACON& Tower with Radar,110,37,62,0,209,0,7,69,0,76,110,44,131,0,285,0,0,0,285
09/29/2016,PBI,FL,ASO,ES,Combined TRACON& Tower with Radar,114,55,60,0,229,0,6,57,0,63,114,61,117,0,292,0,0,0,292
09/30/2016,PBI,FL,ASO,ES,Combined TRACON& Tower with Radar,113,60,97,4,274,0,4,46,0,50,113,64,143,4,324,0,0,0,324
10/01/2016,PBI,FL,ASO,ES,Combined TRACON& Tower with Radar,91,26,46,1,164,0,2,31,0,33,91,28,77,1,197,0,0,0,197
10/02/2016,PBI,FL,ASO,ES,Combined TRACON& Tower with Radar,111,53,77,6,247,0,1,36,1,38,111,54,113,7,285,0,0,0,285
10/03/2016,PBI,FL,ASO,ES,Combined TRACON& Tower with Radar,112,46,96,0,254,0,4,41,0,45,112,50,137,0,299,0,0,0,299
10/04/2016,PBI,FL,ASO,ES,Combined TRACON& Tower with Radar,114,63,100,1,278,0,7,56,2,65,114,70,156,3,343,0,0,0,343
10/05/2016,PBI,FL,ASO,ES,Combined TRACON& Tower with Radar,114,107,134,0,355,0,4,32,3,39,114,111,166,3,394,0,0,0,394
10/06/2016,PBI,FL,ASO,ES,Combined TRACON& Tower with Radar,35,6,11,0,52,0,1,0,0,1,35,7,11,0,53,0,0,0,53
10/07/2016,PBI,FL,ASO,ES,Combined TRACON& Tower with Radar,61,17,27,2,107,0,2,25,0,27,61,19,52,2,134,0,0,0,134
10/08/2016,PBI,FL,ASO,ES,Combined TRACON& Tower with Radar,97,38,54,0,189,0,3,70,0,73,97,41,124,0,262,0,0,0,262
10/09/2016,PBI,FL,ASO,ES,Combined TRACON& Tower with Radar,114,67,82,0,263,0,2,62,0,64,114,69,144,0,327,0,0,0,327
10/10/2016,PBI,FL,ASO,ES,Combined TRACON& Tower with Radar,121,48,81,0,250,0,1,69,1,71,121,49,150,1,321,0,0,0,321
10/11/2016,PBI,FL,ASO,ES,Combined TRACON& Tower with Radar,120,60,81,1,262,0,2,55,2,59,120,62,136,3,321,0,0,0,321
10/12/2016,PBI,FL,ASO,ES,Combined TRACON& Tower with Radar,116,42,101,1,260,0,2,45,0,47,116,44,146,1,307,0,0,0,307
10/13/2016,PBI,FL,ASO,ES,Combined TRACON& Tower with Radar,126,77,100,4,307,0,1,61,0,62,126,78,161,4,369,0,0,0,369
10/14/2016,PBI,FL,ASO,ES,Combined TRACON& Tower with Radar,120,64,96,3,283,0,5,81,0,86,120,69,177,3,369,0,0,0,369
10/15/2016,PBI,FL,ASO,ES,Combined TRACON& Tower with Radar,94,30,66,0,190,0,2,59,0,61,94,32,125,0,251,0,0,0,251
10/16/2016,PBI,FL,ASO,ES,Combined TRACON& Tower with Radar,115,70,110,0,295,0,2,41,0,43,115,72,151,0,338,0,0,0,338
10/17/2016,PBI,FL,ASO,ES,Combined TRACON& Tower with Radar,120,53,83,0,256,0,2,62,0,64,120,55,145,0,320,0,0,0,320
10/18/2016,PBI,FL,ASO,ES,Combined TRACON& Tower with Radar,118,60,74,0,252,0,2,62,2,66,118,62,136,2,318,0,0,0,318
10/19/2016,PBI,FL,ASO,ES,Combined TRACON& Tower with Radar,119,44,89,0,252,0,4,72,0,76,119,48,161,0,328,0,0,0,328
10/20/2016,PBI,FL,ASO,ES,Combined TRACON& Tower with Radar,122,72,105,0,299,0,5,57,2,64,122,77,162,2,363,0,0,0,363
10/21/2016,PBI,FL,ASO,ES,Combined TRACON& Tower with Radar,119,59,116,5,299,0,10,72,3,85,119,69,188,8,384,0,0,0,384
10/22/2016,PBI,FL,ASO,ES,Combined TRACON& Tower with Radar,99,45,60,0,204,0,9,37,1,47,99,54,97,1,251,0,0,0,251
10/23/2016,PBI,FL,ASO,ES,Combined TRACON& Tower with Radar,114,86,106,0,306,0,9,71,4,84,114,95,177,4,390,0,0,0,390
10/24/2016,PBI,FL,ASO,ES,Combined TRACON& Tower with Radar,123,61,89,0,273,0,3,57,2,62,123,64,146,2,335,0,0,0,335
10/25/2016,PBI,FL,ASO,ES,Combined TRACON& Tower with Radar,117,59,93,0,269,0,1,82,2,85,117,60,175,2,354,0,0,0,354
10/26/2016,PBI,FL,ASO,ES,Combined TRACON& Tower with Radar,120,82,114,0,316,0,5,43,1,49,120,87,157,1,365,0,0,0,365
10/27/2016,PBI,FL,ASO,ES,Combined TRACON& Tower with Radar,123,80,105,7,315,0,1,40,2,43,123,81,145,9,358,0,0,0,358
10/28/2016,PBI,FL,ASO,ES,Combined TRACON& Tower with Radar,143,93,109,0,345,0,1,63,4,68,143,94,172,4,413,0,0,0,413
10/29/2016,PBI,FL,ASO,ES,Combined TRACON& Tower with Radar,98,55,79,0,232,0,3,26,0,29,98,58,105,0,261,0,0,0,261
10/30/2016,PBI,FL,ASO,ES,Combined TRACON& Tower with Radar,123,70,98,0,291,0,9,25,0,34,123,79,123,0,325,0,0,0,325
10/31/2016,PBI,FL,ASO,ES,Combined TRACON& Tower with Radar,126,67,92,2,287,0,5,63,9,77,126,72,155,11,364,0,0,0,364
11/01/2016,PBI,FL,ASO,ES,Combined TRACON& Tower with Radar,153,98,72,2,325,0,1,25,1,27,153,99,97,3,352,0,0,0,352
11/02/2016,PBI,FL,ASO,ES,Combined TRACON& Tower with Radar,171,123,124,3,421,0,1,22,1,24,171,124,146,4,445,0,0,0,445
11/03/2016,PBI,FL,ASO,ES,Combined TRACON& Tower with Radar,154,102,138,1,395,0,2,35,0,37,154,104,173,1,432,0,0,0,432
11/04/2016,PBI,FL,ASO,ES,Combined TRACON& Tower with Radar,144,93,95,2,334,0,2,86,2,90,144,95,181,4,424,0,0,0,424
11/05/2016,PBI,FL,ASO,ES,Combined TRACON& Tower with Radar,125,56,49,1,231,0,0,29,0,29,125,56,78,1,260,0,0,0,260
11/06/2016,PBI,FL,ASO,ES,Combined TRACON& Tower with Radar,141,99,116,1,357,0,2,51,0,53,141,101,167,1,410,0,0,0,410
11/07/2016,PBI,FL,ASO,ES,Combined TRACON& Tower with Radar,154,70,116,2,342,0,4,60,5,69,154,74,176,7,411,0,0,0,411
11/08/2016,PBI,FL,ASO,ES,Combined TRACON& Tower with Radar,131,70,118,0,319,0,9,67,0,76,131,79,185,0,395,0,0,0,395
11/09/2016,PBI,FL,ASO,ES,Combined TRACON& Tower with Radar,154,85,128,1,368,0,4,50,2,56,154,89,178,3,424,0,0,0,424
11/10/2016,PBI,FL,ASO,ES,Combined TRACON& Tower with Radar,158,106,141,0,405,0,7,89,0,96,158,113,230,0,501,0,0,0,501
11/11/2016,PBI,FL,ASO,ES,Combined TRACON& Tower with Radar,150,84,140,0,374,0,1,86,0,87,150,85,226,0,461,0,0,0,461
11/12/2016,PBI,FL,ASO,ES,Combined TRACON& Tower with Radar,133,50,68,0,251,0,0,51,0,51,133,50,119,0,302,0,0,0,302
11/13/2016,PBI,FL,ASO,ES,Combined TRACON& Tower with Radar,152,103,163,0,418,0,7,68,0,75,152,110,231,0,493,0,0,0,493
11/14/2016,PBI,FL,ASO,ES,Combined TRACON& Tower with Radar,144,91,103,2,340,0,4,82,5,91,144,95,185,7,431,0,0,0,431
11/15/2016,PBI,FL,ASO,ES,Combined TRACON& Tower with Radar,138,92,110,2,342,0,2,39,4,45,138,94,149,6,387,0,0,0,387
11/16/2016,PBI,FL,ASO,ES,Combined TRACON& Tower with Radar,144,89,118,0,351,0,6,82,3,91,144,95,200,3,442,0,0,0,442
11/17/2016,PBI,FL,ASO,ES,Combined TRACON& Tower with Radar,158,98,139,3,398,0,14,74,1,89,158,112,213,4,487,0,0,0,487
11/18/2016,PBI,FL,ASO,ES,Combined TRACON& Tower with Radar,158,100,160,1,419,0,2,87,4,93,158,102,247,5,512,0,0,0,512
11/19/2016,PBI,FL,ASO,ES,Combined TRACON& Tower with Radar,143,105,89,0,337,0,2,54,0,56,143,107,143,0,393,0,0,0,393
11/20/2016,PBI,FL,ASO,ES,Combined TRACON& Tower with Radar,154,105,154,0,413,0,4,60,0,64,154,109,214,0,477,0,0,0,477
11/21/2016,PBI,FL,ASO,ES,Combined TRACON& Tower with Radar,157,113,90,2,362,0,7,70,0,77,157,120,160,2,439,0,0,0,439
11/22/2016,PBI,FL,ASO,ES,Combined TRACON& Tower with Radar,172,169,172,1,514,0,6,56,0,62,172,175,228,1,576,0,0,0,576
11/23/2016,PBI,FL,ASO,ES,Combined TRACON& Tower with Radar,173,133,127,0,433,0,2,51,0,53,173,135,178,0,486,0,0,0,486
11/24/2016,PBI,FL,ASO,ES,Combined TRACON& Tower with Radar,104,40,39,0,183,0,3,23,0,26,104,43,62,0,209,0,0,0,209
11/25/2016,PBI,FL,ASO,ES,Combined TRACON& Tower with Radar,153,84,81,1,319,0,5,52,0,57,153,89,133,1,376,0,0,0,376
11/26/2016,PBI,FL,ASO,ES,Combined TRACON& Tower with Radar,172,146,104,0,422,0,3,36,0,39,172,149,140,0,461,0,0,0,461
11/27/2016,PBI,FL,ASO,ES,Combined TRACON& Tower with Radar,178,187,227,2,594,0,2,61,0,63,178,189,288,2,657,0,0,0,657
11/28/2016,PBI,FL,ASO,ES,Combined TRACON& Tower with Radar,167,119,132,3,421,0,5,66,0,71,167,124,198,3,492,0,0,0,492
11/29/2016,PBI,FL,ASO,ES,Combined TRACON& Tower with Radar,142,77,111,4,334,0,6,51,0,57,142,83,162,4,391,0,0,0,391
11/30/2016,PBI,FL,ASO,ES,Combined TRACON& Tower with Radar,143,91,125,2,361,0,10,61,3,74,143,101,186,5,435,0,0,0,435
12/01/2016,PBI,FL,ASO,ES,Combined TRACON& Tower with Radar,156,98,133,0,387,0,1,61,2,64,156,99,194,2,451,0,0,0,451
12/02/2016,PBI,FL,ASO,ES,Combined TRACON& Tower with Radar,157,94,134,0,385,0,4,70,2,76,157,98,204,2,461,0,0,0,461
12/03/2016,PBI,FL,ASO,ES,Combined TRACON& Tower with Radar,123,61,61,2,247,0,4,60,4,68,123,65,121,6,315,0,0,0,315
12/04/2016,PBI,FL,ASO,ES,Combined TRACON& Tower with Radar,143,125,152,0,420,0,4,67,4,75,143,129,219,4,495,0,0,0,495
12/05/2016,PBI,FL,ASO,ES,Combined TRACON& Tower with Radar,144,72,121,5,342,0,4,82,3,89,144,76,203,8,431,0,0,0,431
12/06/2016,PBI,FL,ASO,ES,Combined TRACON& Tower with Radar,145,76,105,1,327,0,1,51,0,52,145,77,156,1,379,0,0,0,379
12/07/2016,PBI,FL,ASO,ES,Combined TRACON& Tower with Radar,150,83,114,3,350,0,7,59,3,69,150,90,173,6,419,0,0,0,419
12/08/2016,PBI,FL,ASO,ES,Combined TRACON& Tower with Radar,152,77,132,1,362,0,13,65,1,79,152,90,197,2,441,0,0,0,441
12/09/2016,PBI,FL,ASO,ES,Combined TRACON& Tower with Radar,166,96,129,2,393,0,5,52,0,57,166,101,181,2,450,0,0,0,450
12/10/2016,PBI,FL,ASO,ES,Combined TRACON& Tower with Radar,130,63,88,1,282,0,1,25,0,26,130,64,113,1,308,0,0,0,308
12/11/2016,PBI,FL,ASO,ES,Combined TRACON& Tower with Radar,145,85,123,2,355,0,2,38,1,41,145,87,161,3,396,0,0,0,396
12/12/2016,PBI,FL,ASO,ES,Combined TRACON& Tower with Radar,143,68,113,0,324,0,5,66,3,74,143,73,179,3,398,0,0,0,398
12/13/2016,PBI,FL,ASO,ES,Combined TRACON& Tower with Radar,144,81,114,2,341,0,3,64,2,69,144,84,178,4,410,0,0,0,410
12/14/2016,PBI,FL,ASO,ES,Combined TRACON& Tower with Radar,154,86,123,0,363,0,3,80,1,84,154,89,203,1,447,0,0,0,447
12/15/2016,PBI,FL,ASO,ES,Combined TRACON& Tower with Radar,163,100,132,2,397,0,0,58,0,58,163,100,190,2,455,0,0,0,455
12/16/2016,PBI,FL,ASO,ES,Combined TRACON& Tower with Radar,183,140,167,6,496,0,10,50,7,67,183,150,217,13,563,0,0,0,563
12/17/2016,PBI,FL,ASO,ES,Combined TRACON& Tower with Radar,145,98,112,2,357,0,2,55,1,58,145,100,167,3,415,0,0,0,415
12/18/2016,PBI,FL,ASO,ES,Combined TRACON& Tower with Radar,169,108,130,0,407,0,3,42,0,45,169,111,172,0,452,0,0,0,452
12/19/2016,PBI,FL,ASO,ES,Combined TRACON& Tower with Radar,178,94,124,1,397,0,0,62,2,64,178,94,186,3,461,0,0,0,461
12/20/2016,PBI,FL,ASO,ES,Combined TRACON& Tower with Radar,189,81,113,1,384,0,10,57,0,67,189,91,170,1,451,0,0,0,451
12/21/2016,PBI,FL,ASO,ES,Combined TRACON& Tower with Radar,208,87,152,3,450,0,0,36,0,36,208,87,188,3,486,0,0,0,486
12/22/2016,PBI,FL,ASO,ES,Combined TRACON& Tower with Radar,216,130,132,0,478,0,3,57,0,60,216,133,189,0,538,0,0,0,538
12/23/2016,PBI,FL,ASO,ES,Combined TRACON& Tower with Radar,229,108,125,0,462,0,2,59,1,62,229,110,184,1,524,0,0,0,524
12/24/2016,PBI,FL,ASO,ES,Combined TRACON& Tower with Radar,174,63,59,0,296,0,0,27,2,29,174,63,86,2,325,0,0,0,325
12/25/2016,PBI,FL,ASO,ES,Combined TRACON& Tower with Radar,168,112,46,0,326,0,3,19,0,22,168,115,65,0,348,0,0,0,348
12/26/2016,PBI,FL,ASO,ES,Combined TRACON& Tower with Radar,207,187,243,0,637,0,2,66,0,68,207,189,309,0,705,0,0,0,705
12/27/2016,PBI,FL,ASO,ES,Combined TRACON& Tower with Radar,228,167,221,0,616,0,1,69,3,73,228,168,290,3,689,0,0,0,689
12/28/2016,PBI,FL,ASO,ES,Combined TRACON& Tower with Radar,228,146,172,1,547,0,4,66,0,70,228,150,238,1,617,0,0,0,617
12/29/2016,PBI,FL,ASO,ES,Combined TRACON& Tower with Radar,217,135,106,1,459,0,5,61,0,66,217,140,167,1,525,0,0,0,525
12/30/2016,PBI,FL,ASO,ES,Combined TRACON& Tower with Radar,224,128,112,2,466,0,2,61,0,63,224,130,173,2,529,0,0,0,529
12/31/2016,PBI,FL,ASO,ES,Combined TRACON& Tower with Radar,185,105,80,0,370,0,1,44,3,48,185,106,124,3,418,0,0,0,418
01/01/2017,PBI,FL,ASO,ES,Combined TRACON& Tower with Radar,193,172,170,1,536,0,3,51,1,55,193,175,221,2,591,0,0,0,591
01/02/2017,PBI,FL,ASO,ES,Combined TRACON& Tower with Radar,203,203,264,0,670,0,4,65,0,69,203,207,329,0,739,0,0,0,739
01/03/2017,PBI,FL,ASO,ES,Combined TRACON& Tower with Radar,188,133,164,0,485,0,7,78,0,85,188,140,242,0,570,0,0,0,570
01/04/2017,PBI,FL,ASO,ES,Combined TRACON& Tower with Radar,180,92,155,1,428,0,5,62,2,69,180,97,217,3,497,0,0,0,497
01/05/2017,PBI,FL,ASO,ES,Combined TRACON& Tower with Radar,176,110,139,6,431,0,4,73,8,85,176,114,212,14,516,0,0,0,516
01/06/2017,PBI,FL,ASO,ES,Combined TRACON& Tower with Radar,193,108,164,2,467,0,2,79,0,81,193,110,243,2,548,0,0,0,548
01/07/2017,PBI,FL,ASO,ES,Combined TRACON& Tower with Radar,146,81,98,1,326,0,0,22,0,22,146,81,120,1,348,0,0,0,348
01/08/2017,PBI,FL,ASO,ES,Combined TRACON& Tower with Radar,175,146,186,0,507,0,1,39,0,40,175,147,225,0,547,0,0,0,547
01/09/2017,PBI,FL,ASO,ES,Combined TRACON& Tower with Radar,185,102,125,2,414,0,4,58,2,64,185,106,183,4,478,0,0,0,478
01/10/2017,PBI,FL,ASO,ES,Combined TRACON& Tower with Radar,159,87,112,0,358,0,11,53,0,64,159,98,165,0,422,0,0,0,422
01/11/2017,PBI,FL,ASO,ES,Combined TRACON& Tower with Radar,170,94,131,0,395,0,6,62,1,69,170,100,193,1,464,0,0,0,464
01/12/2017,PBI,FL,ASO,ES,Combined TRACON& Tower with Radar,181,122,179,4,486,0,3,79,0,82,181,125,258,4,568,0,0,0,568
01/13/2017,PBI,FL,ASO,ES,Combined TRACON& Tower with Radar,178,178,163,2,521,0,6,68,2,76,178,184,231,4,597,0,0,0,597
01/14/2017,PBI,FL,ASO,ES,Combined TRACON& Tower with Radar,158,74,102,0,334,0,5,43,0,48,158,79,145,0,382,0,0,0,382
01/15/2017,PBI,FL,ASO,ES,Combined TRACON& Tower with Radar,159,119,136,0,414,0,2,49,0,51,159,121,185,0,465,0,0,0,465
01/16/2017,PBI,FL,ASO,ES,Combined TRACON& Tower with Radar,175,184,198,0,557,0,2,60,0,62,175,186,258,0,619,0,0,0,619
01/17/2017,PBI,FL,ASO,ES,Combined TRACON& Tower with Radar,167,118,126,12,423,0,12,81,2,95,167,130,207,14,518,0,0,0,518
01/18/2017,PBI,FL,ASO,ES,Combined TRACON& Tower with Radar,175,94,127,1,397,0,11,76,0,87,175,105,203,1,484,0,0,0,484
01/19/2017,PBI,FL,ASO,ES,Combined TRACON& Tower with Radar,176,134,130,1,441,0,5,75,0,80,176,139,205,1,521,0,0,0,521
01/20/2017,PBI,FL,ASO,ES,Combined TRACON& Tower with Radar,176,137,159,9,481,0,8,75,2,85,176,145,234,11,566,0,0,0,566
01/21/2017,PBI,FL,ASO,ES,Combined TRACON& Tower with Radar,163,95,118,0,376,0,7,51,0,58,163,102,169,0,434,0,0,0,434
01/22/2017,PBI,FL,ASO,ES,Combined TRACON& Tower with Radar,170,131,146,0,447,0,2,45,0,47,170,133,191,0,494,0,0,0,494
01/23/2017,PBI,FL,ASO,ES,Combined TRACON& Tower with Radar,175,129,125,4,433,0,9,34,3,46,175,138,159,7,479,10,0,10,489
01/24/2017,PBI,FL,ASO,ES,Combined TRACON& Tower with Radar,166,97,145,0,408,0,7,62,3,72,166,104,207,3,480,0,0,0,480
01/25/2017,PBI,FL,ASO,ES,Combined TRACON& Tower with Radar,172,107,196,1,476,0,12,75,0,87,172,119,271,1,563,20,0,20,583
01/26/2017,PBI,FL,ASO,ES,Combined TRACON& Tower with Radar,179,134,200,3,516,0,3,84,1,88,179,137,284,4,604,0,0,0,604
01/27/2017,PBI,FL,ASO,ES,Combined TRACON& Tower with Radar,183,148,157,2,490,0,5,73,3,81,183,153,230,5,571,0,0,0,571
01/28/2017,PBI,FL,ASO,ES,Combined TRACON& Tower with Radar,167,102,104,0,373,0,3,40,0,43,167,105,144,0,416,0,0,0,416
01/29/2017,PBI,FL,ASO,ES,Combined TRACON& Tower with Radar,166,167,177,1,511,0,1,10,0,11,166,168,187,1,522,0,0,0,522
01/30/2017,PBI,FL,ASO,ES,Combined TRACON& Tower with Radar,180,110,168,2,460,0,8,96,1,105,180,118,264,3,565,0,0,0,565
01/31/2017,PBI,FL,ASO,ES,Combined TRACON& Tower with Radar,162,92,101,3,358,0,6,67,2,75,162,98,168,5,433,0,0,0,433
02/01/2017,PBI,FL,ASO,ES,Combined TRACON& Tower with Radar,175,115,139,4,433,0,4,71,10,85,175,119,210,14,518,0,0,0,518
02/02/2017,PBI,FL,ASO,ES,Combined TRACON& Tower with Radar,173,148,172,4,497,0,3,72,4,79,173,151,244,8,576,0,0,0,576
02/03/2017,PBI,FL,ASO,ES,Combined TRACON& Tower with Radar,180,123,104,2,409,0,3,40,5,48,180,126,144,7,457,0,0,0,457
02/04/2017,PBI,FL,ASO,ES,Combined TRACON& Tower with Radar,166,38,25,0,229,0,4,3,0,7,166,42,28,0,236,0,0,0,236
02/05/2017,PBI,FL,ASO,ES,Combined TRACON& Tower with Radar,168,63,52,1,284,0,4,4,3,11,168,67,56,4,295,0,0,0,295
02/06/2017,PBI,FL,ASO,ES,Combined TRACON& Tower with Radar,175,112,134,3,424,0,5,59,0,64,175,117,193,3,488,0,0,0,488
02/07/2017,PBI,FL,ASO,ES,Combined TRACON& Tower with Radar,171,94,112,4,381,0,5,78,1,84,171,99,190,5,465,0,0,0,465
02/08/2017,PBI,FL,ASO,ES,Combined TRACON& Tower with Radar,165,141,193,6,505,0,0,81,8,89,165,141,274,14,594,20,0,20,614
02/09/2017,PBI,FL,ASO,ES,Combined TRACON& Tower with Radar,129,116,182,6,433,0,6,51,2,59,129,122,233,8,492,0,0,0,492
02/10/2017,PBI,FL,ASO,ES,Combined TRACON& Tower with Radar,171,147,132,4,454,0,6,47,8,61,171,153,179,12,515,0,0,0,515
02/11/2017,PBI,FL,ASO,ES,Combined TRACON& Tower with Radar,165,42,31,2,240,0,3,7,0,10,165,45,38,2,250,0,0,0,250
02/12/2017,PBI,FL,ASO,ES,Combined TRACON& Tower with Radar,161,97,81,5,344,0,5,14,0,19,161,102,95,5,363,0,0,0,363
02/13/2017,PBI,FL,ASO,ES,Combined TRACON& Tower with Radar,176,131,131,1,439,0,14,80,4,98,176,145,211,5,537,0,0,0,537
02/14/2017,PBI,FL,ASO,ES,Combined TRACON& Tower with Radar,166,101,113,4,384,0,5,75,5,85,166,106,188,9,469,0,0,0,469
02/15/2017,PBI,FL,ASO,ES,Combined TRACON& Tower with Radar,170,145,146,1,462,0,6,61,12,79,170,151,207,13,541,0,0,0,541
02/16/2017,PBI,FL,ASO,ES,Combined TRACON& Tower with Radar,194,191,233,2,620,0,8,59,4,71,194,199,292,6,691,0,0,0,691
02/17/2017,PBI,FL,ASO,ES,Combined TRACON& Tower with Radar,199,102,95,3,399,0,4,35,16,55,199,106,130,19,454,0,0,0,454
02/18/2017,PBI,FL,ASO,ES,Combined TRACON& Tower with Radar,184,29,15,2,230,0,4,11,7,22,184,33,26,9,252,0,0,0,252
02/19/2017,PBI,FL,ASO,ES,Combined TRACON& Tower with Radar,187,45,38,3,273,0,3,7,0,10,187,48,45,3,283,0,0,0,283
02/20/2017,PBI,FL,ASO,ES,Combined TRACON& Tower with Radar,197,93,73,3,366,0,7,17,7,31,197,100,90,10,397,0,0,0,397
02/21/2017,PBI,FL,ASO,ES,Combined TRACON& Tower with Radar,198,155,175,9,537,0,10,101,5,116,198,165,276,14,653,0,0,0,653
02/22/2017,PBI,FL,ASO,ES,Combined TRACON& Tower with Radar,195,126,118,0,439,0,5,22,1,28,195,131,140,1,467,0,0,0,467
02/23/2017,PBI,FL,ASO,ES,Combined TRACON& Tower with Radar,199,128,185,1,513,0,8,100,1,109,199,136,285,2,622,12,0,12,634
02/24/2017,PBI,FL,ASO,ES,Combined TRACON& Tower with Radar,204,153,196,0,553,0,1,71,0,72,204,154,267,0,625,0,0,0,625
02/25/2017,PBI,FL,ASO,ES,Combined TRACON& Tower with Radar,219,112,120,1,452,1,5,53,0,59,220,117,173,1,511,0,0,0,511
02/26/2017,PBI,FL,ASO,ES,Combined TRACON& Tower with Radar,196,185,193,1,575,0,3,57,0,60,196,188,250,1,635,30,0,30,665
02/27/2017,PBI,FL,ASO,ES,Combined TRACON& Tower with Radar,239,117,186,0,542,0,3,53,4,60,239,120,239,4,602,0,0,0,602
02/28/2017,PBI,FL,ASO,ES,Combined TRACON& Tower with Radar,207,115,142,2,466,0,1,39,6,46,207,116,181,8,512,0,0,0,512
03/01/2017,PBI,FL,ASO,ES,Combined TRACON& Tower with Radar,188,122,122,0,432,0,7,84,7,98,188,129,206,7,530,0,0,0,530
03/02/2017,PBI,FL,ASO,ES,Combined TRACON& Tower with Radar,191,149,164,5,509,0,7,63,2,72,191,156,227,7,581,0,0,0,581
03/03/2017,PBI,FL,ASO,ES,Combined TRACON& Tower with Radar,202,113,103,1,419,0,3,43,9,55,202,116,146,10,474,0,0,0,474
03/04/2017,PBI,FL,ASO,ES,Combined TRACON& Tower with Radar,191,38,32,2,263,0,3,19,0,22,191,41,51,2,285,0,0,0,285
03/05/2017,PBI,FL,ASO,ES,Combined TRACON& Tower with Radar,196,76,85,3,360,0,2,17,5,24,196,78,102,8,384,0,0,0,384
03/06/2017,PBI,FL,ASO,ES,Combined TRACON& Tower with Radar,196,136,140,1,473,0,5,58,2,65,196,141,198,3,538,0,0,0,538
03/07/2017,PBI,FL,ASO,ES,Combined TRACON& Tower with Radar,192,104,111,2,409,0,6,51,0,57,192,110,162,2,466,0,0,0,466
03/08/2017,PBI,FL,ASO,ES,Combined TRACON& Tower with Radar,191,131,163,1,486,0,9,67,0,76,191,140,230,1,562,0,0,0,562
03/09/2017,PBI,FL,ASO,ES,Combined TRACON& Tower with Radar,192,165,161,2,520,0,2,67,2,71,192,167,228,4,591,0,0,0,591
03/10/2017,PBI,FL,ASO,ES,Combined TRACON& Tower with Radar,193,169,165,8,535,0,9,68,5,82,193,178,233,13,617,0,0,0,617
03/11/2017,PBI,FL,ASO,ES,Combined TRACON& Tower with Radar,204,114,115,2,435,0,5,24,4,33,204,119,139,6,468,0,0,0,468
03/12/2017,PBI,FL,ASO,ES,Combined TRACON& Tower with Radar,200,187,209,0,596,0,6,41,1,48,200,193,250,1,644,0,0,0,644
03/13/2017,PBI,FL,ASO,ES,Combined TRACON& Tower with Radar,184,125,151,2,462,0,2,74,6,82,184,127,225,8,544,0,0,0,544
03/14/2017,PBI,FL,ASO,ES,Combined TRACON& Tower with Radar,87,81,114,4,286,0,5,60,2,67,87,86,174,6,353,0,0,0,353
03/15/2017,PBI,FL,ASO,ES,Combined TRACON& Tower with Radar,179,104,116,0,399,0,4,106,6,116,179,108,222,6,515,40,0,40,555
03/16/2017,PBI,FL,ASO,ES,Combined TRACON& Tower with Radar,200,153,153,2,508,0,5,64,0,69,200,158,217,2,577,60,0,60,637
03/17/2017,PBI,FL,ASO,ES,Combined TRACON& Tower with Radar,199,108,128,1,436,0,9,70,4,83,199,117,198,5,519,0,0,0,519
03/18/2017,PBI,FL,ASO,ES,Combined TRACON& Tower with Radar,203,33,21,3,260,0,5,9,10,24,203,38,30,13,284,0,0,0,284
03/19/2017,PBI,FL,ASO,ES,Combined TRACON& Tower with Radar,200,64,64,5,333,0,5,16,1,22,200,69,80,6,355,0,0,0,355
03/20/2017,PBI,FL,ASO,ES,Combined TRACON& Tower with Radar,196,154,154,6,510,0,4,83,5,92,196,158,237,11,602,0,0,0,602
03/21/2017,PBI,FL,ASO,ES,Combined TRACON& Tower with Radar,186,109,98,0,393,0,12,57,2,71,186,121,155,2,464,0,0,0,464
03/22/2017,PBI,FL,ASO,ES,Combined TRACON& Tower with Radar,195,136,158,3,492,0,4,94,5,103,195,140,252,8,595,0,0,0,595
03/23/2017,PBI,FL,ASO,ES,Combined TRACON& Tower with Radar,205,137,174,5,521,0,2,51,3,56,205,139,225,8,577,0,0,0,577
03/24/2017,PBI,FL,ASO,ES,Combined TRACON& Tower with Radar,200,128,185,2,515,0,1,73,1,75,200,129,258,3,590,0,0,0,590
03/25/2017,PBI,FL,ASO,ES,Combined TRACON& Tower with Radar,207,112,140,0,459,0,7,68,4,79,207,119,208,4,538,0,0,0,538
03/26/2017,PBI,FL,ASO,ES,Combined TRACON& Tower with Radar,201,173,229,2,605,0,5,70,2,77,201,178,299,4,682,0,0,0,682
03/27/2017,PBI,FL,ASO,ES,Combined TRACON& Tower with Radar,199,105,151,2,457,0,10,69,2,81,199,115,220,4,538,0,0,0,538
03/28/2017,PBI,FL,ASO,ES,Combined TRACON& Tower with Radar,204,127,128,6,465,0,1,58,1,60,204,128,186,7,525,0,0,0,525
03/29/2017,PBI,FL,ASO,ES,Combined TRACON& Tower with Radar,200,97,141,4,442,0,2,87,10,99,200,99,228,14,541,0,0,0,541
03/30/2017,PBI,FL,ASO,ES,Combined TRACON& Tower with Radar,201,138,186,4,529,0,2,65,3,70,201,140,251,7,599,0,0,0,599
03/31/2017,PBI,FL,ASO,ES,Combined TRACON& Tower with Radar,193,116,178,1,488,0,3,80,0,83,193,119,258,1,571,0,0,0,571
04/01/2017,PBI,FL,ASO,ES,Combined TRACON& Tower with Radar,205,108,117,1,431,0,3,38,0,41,205,111,155,1,472,0,0,0,472
04/02/2017,PBI,FL,ASO,ES,Combined TRACON& Tower with Radar,207,164,189,5,565,0,3,57,0,60,207,167,246,5,625,0,0,0,625
04/03/2017,PBI,FL,ASO,ES,Combined TRACON& Tower with Radar,195,115,122,6,438,0,4,51,2,57,195,119,173,8,495,0,0,0,495
04/04/2017,PBI,FL,ASO,ES,Combined TRACON& Tower with Radar,169,107,123,0,399,0,3,59,0,62,169,110,182,0,461,0,0,0,461
04/05/2017,PBI,FL,ASO,ES,Combined TRACON& Tower with Radar,153,105,147,3,408,0,5,65,4,74,153,110,212,7,482,0,0,0,482
04/06/2017,PBI,FL,ASO,ES,Combined TRACON& Tower with Radar,143,63,61,4,271,0,4,34,14,52,143,67,95,18,323,0,0,0,323
04/07/2017,PBI,FL,ASO,ES,Combined TRACON& Tower with Radar,180,50,36,4,270,0,0,11,2,13,180,50,47,6,283,0,0,0,283
04/08/2017,PBI,FL,ASO,ES,Combined TRACON& Tower with Radar,185,51,32,2,270,0,2,7,3,12,185,53,39,5,282,0,0,0,282
04/09/2017,PBI,FL,ASO,ES,Combined TRACON& Tower with Radar,180,43,56,6,285,0,4,12,0,16,180,47,68,6,301,0,0,0,301
04/10/2017,PBI,FL,ASO,ES,Combined TRACON& Tower with Radar,180,113,133,3,429,0,4,82,2,88,180,117,215,5,517,0,0,0,517
04/11/2017,PBI,FL,ASO,ES,Combined TRACON& Tower with Radar,181,91,126,1,399,0,4,55,3,62,181,95,181,4,461,0,0,0,461
04/12/2017,PBI,FL,ASO,ES,Combined TRACON& Tower with Radar,177,99,149,5,430,0,4,53,0,57,177,103,202,5,487,36,0,36,523
04/13/2017,PBI,FL,ASO,ES,Combined TRACON& Tower with Radar,183,121,125,3,432,0,7,66,8,81,183,128,191,11,513,0,0,0,513
04/14/2017,PBI,FL,ASO,ES,Combined TRACON& Tower with Radar,185,43,34,0,262,0,2,5,8,15,185,45,39,8,277,0,0,0,277
04/15/2017,PBI,FL,ASO,ES,Combined TRACON& Tower with Radar,190,26,13,0,229,0,6,13,0,19,190,32,26,0,248,0,0,0,248
04/16/2017,PBI,FL,ASO,ES,Combined TRACON& Tower with Radar,178,100,60,4,342,0,3,16,10,29,178,103,76,14,371,22,0,22,393
04/17/2017,PBI,FL,ASO,ES,Combined TRACON& Tower with Radar,183,153,191,8,535,0,8,72,5,85,183,161,263,13,620,0,0,0,620
04/18/2017,PBI,FL,ASO,ES,Combined TRACON& Tower with Radar,174,110,135,0,419,0,6,59,0,65,174,116,194,0,484,0,0,0,484
04/19/2017,PBI,FL,ASO,ES,Combined TRACON& Tower with Radar,176,116,140,0,432,0,5,62,2,69,176,121,202,2,501,0,0,0,501
04/20/2017,PBI,FL,ASO,ES,Combined TRACON& Tower with Radar,180,114,153,2,449,0,6,74,4,84,180,120,227,6,533,0,0,0,533
04/21/2017,PBI,FL,ASO,ES,Combined TRACON& Tower with Radar,175,103,130,0,408,0,4,85,0,89,175,107,215,0,497,0,0,0,497
04/22/2017,PBI,FL,ASO,ES,Combined TRACON& Tower with Radar,180,78,84,1,343,0,1,31,2,34,180,79,115,3,377,0,0,0,377
04/23/2017,PBI,FL,ASO,ES,Combined TRACON& Tower with Radar,175,120,118,0,413,0,2,17,0,19,175,122,135,0,432,0,0,0,432
04/24/2017,PBI,FL,ASO,ES,Combined TRACON& Tower with Radar,176,106,141,0,423,0,7,77,1,85,176,113,218,1,508,0,0,0,508
04/25/2017,PBI,FL,ASO,ES,Combined TRACON& Tower with Radar,150,99,110,0,359,0,7,78,2,87,150,106,188,2,446,0,0,0,446
04/26/2017,PBI,FL,ASO,ES,Combined TRACON& Tower with Radar,164,79,154,3,400,0,5,81,3,89,164,84,235,6,489,0,0,0,489
04/27/2017,PBI,FL,ASO,ES,Combined TRACON& Tower with Radar,165,98,96,3,362,0,2,59,6,67,165,100,155,9,429,14,0,14,443
04/28/2017,PBI,FL,ASO,ES,Combined TRACON& Tower with Radar,162,81,128,0,371,0,0,67,0,67,162,81,195,0,438,0,0,0,438
04/29/2017,PBI,FL,ASO,ES,Combined TRACON& Tower with Radar,155,63,73,4,295,0,1,32,0,33,155,64,105,4,328,0,0,0,328
04/30/2017,PBI,FL,ASO,ES,Combined TRACON& Tower with Radar,158,120,115,3,396,0,3,61,0,64,158,123,176,3,460,0,0,0,460
05/01/2017,PBI,FL,ASO,ES,Combined TRACON& Tower with Radar,150,96,113,0,359,0,6,57,0,63,150,102,170,0,422,0,0,0,422
05/02/2017,PBI,FL,ASO,ES,Combined TRACON& Tower with Radar,153,104,107,2,366,0,9,41,0,50,153,113,148,2,416,0,0,0,416
05/03/2017,PBI,FL,ASO,ES,Combined TRACON& Tower with Radar,138,93,130,0,361,0,6,84,0,90,138,99,214,0,451,0,0,0,451
05/04/2017,PBI,FL,ASO,ES,Combined TRACON& Tower with Radar,158,99,108,1,366,0,7,70,1,78,158,106,178,2,444,0,0,0,444
05/05/2017,PBI,FL,ASO,ES,Combined TRACON& Tower with Radar,115,76,117,1,309,0,3,38,2,43,115,79,155,3,352,0,0,0,352
05/06/2017,PBI,FL,ASO,ES,Combined TRACON& Tower with Radar,132,70,64,1,267,0,7,54,0,61,132,77,118,1,328,0,0,0,328
05/07/2017,PBI,FL,ASO,ES,Combined TRACON& Tower with Radar,126,75,129,0,330,0,4,60,0,64,126,79,189,0,394,0,0,0,394
05/08/2017,PBI,FL,ASO,ES,Combined TRACON& Tower with Radar,135,79,98,4,316,0,3,61,3,67,135,82,159,7,383,0,0,0,383
05/09/2017,PBI,FL,ASO,ES,Combined TRACON& Tower with Radar,129,64,105,3,301,0,0,62,3,65,129,64,167,6,366,0,0,0,366
05/10/2017,PBI,FL,ASO,ES,Combined TRACON& Tower with Radar,129,58,122,0,309,0,4,77,0,81,129,62,199,0,390,0,0,0,390
05/11/2017,PBI,FL,ASO,ES,Combined TRACON& Tower with Radar,131,87,101,1,320,0,6,57,4,67,131,93,158,5,387,0,0,0,387
05/12/2017,PBI,FL,ASO,ES,Combined TRACON& Tower with Radar,135,104,95,3,337,0,4,83,4,91,135,108,178,7,428,0,0,0,428
05/13/2017,PBI,FL,ASO,ES,Combined TRACON& Tower with Radar,122,69,75,1,267,0,6,42,0,48,122,75,117,1,315,0,0,0,315
05/14/2017,PBI,FL,ASO,ES,Combined TRACON& Tower with Radar,124,69,89,1,283,0,3,36,0,39,124,72,125,1,322,0,0,0,322
05/15/2017,PBI,FL,ASO,ES,Combined TRACON& Tower with Radar,136,86,103,6,331,0,7,107,4,118,136,93,210,10,449,0,0,0,449
05/16/2017,PBI,FL,ASO,ES,Combined TRACON& Tower with Radar,129,65,92,4,290,0,1,49,0,50,129,66,141,4,340,0,0,0,340
05/17/2017,PBI,FL,ASO,ES,Combined TRACON& Tower with Radar,128,64,98,3,293,0,3,68,0,71,128,67,166,3,364,24,0,24,388
05/18/2017,PBI,FL,ASO,ES,Combined TRACON& Tower with Radar,127,89,110,4,330,0,3,50,0,53,127,92,160,4,383,0,0,0,383
05/19/2017,PBI,FL,ASO,ES,Combined TRACON& Tower with Radar,133,67,112,1,313,0,1,51,4,56,133,68,163,5,369,0,0,0,369
05/20/2017,PBI,FL,ASO,ES,Combined TRACON& Tower with Radar,132,63,56,3,254,0,4,34,0,38,132,67,90,3,292,0,0,0,292
05/21/2017,PBI,FL,ASO,ES,Combined TRACON& Tower with Radar,134,68,84,3,289,0,2,64,0,66,134,70,148,3,355,0,0,0,355
05/22/2017,PBI,FL,ASO,ES,Combined TRACON& Tower with Radar,125,77,84,3,289,0,4,64,1,69,125,81,148,4,358,0,0,0,358
05/23/2017,PBI,FL,ASO,ES,Combined TRACON& Tower with Radar,133,65,77,8,283,0,7,75,1,83,133,72,152,9,366,0,0,0,366
05/24/2017,PBI,FL,ASO,ES,Combined TRACON& Tower with Radar,135,75,86,0,296,0,4,35,0,39,135,79,121,0,335,0,0,0,335
05/25/2017,PBI,FL,ASO,ES,Combined TRACON& Tower with Radar,129,92,118,0,339,0,2,32,2,36,129,94,150,2,375,0,0,0,375
05/26/2017,PBI,FL,ASO,ES,Combined TRACON& Tower with Radar,137,121,150,2,410,0,9,89,0,98,137,130,239,2,508,0,0,0,508
05/27/2017,PBI,FL,ASO,ES,Combined TRACON& Tower with Radar,122,57,47,0,226,0,4,45,0,49,122,61,92,0,275,0,0,0,275
05/28/2017,PBI,FL,ASO,ES,Combined TRACON& Tower with Radar,105,61,62,0,228,0,1,43,0,44,105,62,105,0,272,0,0,0,272
05/29/2017,PBI,FL,ASO,ES,Combined TRACON& Tower with Radar,123,89,113,1,326,0,2,81,0,83,123,91,194,1,409,0,0,0,409
05/30/2017,PBI,FL,ASO,ES,Combined TRACON& Tower with Radar,126,66,106,8,306,0,6,93,4,103,126,72,199,12,409,0,0,0,409
05/31/2017,PBI,FL,ASO,ES,Combined TRACON& Tower with Radar,129,69,115,0,313,0,5,50,0,55,129,74,165,0,368,0,0,0,368
06/01/2017,PBI,FL,ASO,ES,Combined TRACON& Tower with Radar,129,77,102,4,312,0,4,55,2,61,129,81,157,6,373,32,0,32,405
06/02/2017,PBI,FL,ASO,ES,Combined TRACON& Tower with Radar,162,71,99,0,332,0,6,33,0,39,162,77,132,0,371,0,0,0,371
06/03/2017,PBI,FL,ASO,ES,Combined TRACON& Tower with Radar,121,46,51,2,220,0,2,27,0,29,121,48,78,2,249,0,0,0,249
06/04/2017,PBI,FL,ASO,ES,Combined TRACON& Tower with Radar,124,66,79,2,271,0,4,36,2,42,124,70,115,4,313,0,0,0,313
06/05/2017,PBI,FL,ASO,ES,Combined TRACON& Tower with Radar,132,53,73,0,258,0,8,63,0,71,132,61,136,0,329,0,0,0,329
06/06/2017,PBI,FL,ASO,ES,Combined TRACON& Tower with Radar,115,50,50,0,215,0,0,2,0,2,115,50,52,0,217,0,0,0,217
06/07/2017,PBI,FL,ASO,ES,Combined TRACON& Tower with Radar,136,63,95,0,294,0,2,28,0,30,136,65,123,0,324,0,0,0,324
06/08/2017,PBI,FL,ASO,ES,Combined TRACON& Tower with Radar,134,70,102,8,314,0,6,41,6,53,134,76,143,14,367,0,0,0,367
06/09/2017,PBI,FL,ASO,ES,Combined TRACON& Tower with Radar,127,64,86,0,277,0,3,45,0,48,127,67,131,0,325,0,0,0,325
06/10/2017,PBI,FL,ASO,ES,Combined TRACON& Tower with Radar,110,76,58,0,244,0,1,25,0,26,110,77,83,0,270,0,0,0,270
06/11/2017,PBI,FL,ASO,ES,Combined TRACON& Tower with Radar,125,61,86,0,272,0,8,73,0,81,125,69,159,0,353,0,0,0,353
06/12/2017,PBI,FL,ASO,ES,Combined TRACON& Tower with Radar,122,55,81,0,258,0,1,92,3,96,122,56,173,3,354,0,0,0,354
06/13/2017,PBI,FL,ASO,ES,Combined TRACON& Tower with Radar,121,39,64,0,224,0,3,63,2,68,121,42,127,2,292,0,0,0,292
06/14/2017,PBI,FL,ASO,ES,Combined TRACON& Tower with Radar,116,39,89,0,244,0,0,70,0,70,116,39,159,0,314,0,0,0,314
06/15/2017,PBI,FL,ASO,ES,Combined TRACON& Tower with Radar,120,68,94,0,282,0,7,52,1,60,120,75,146,1,342,0,0,0,342
06/16/2017,PBI,FL,ASO,ES,Combined TRACON& Tower with Radar,129,54,74,0,257,0,3,42,0,45,129,57,116,0,302,0,0,0,302
06/17/2017,PBI,FL,ASO,ES,Combined TRACON& Tower with Radar,117,52,67,0,236,0,5,64,0,69,117,57,131,0,305,4,0,4,309
06/18/2017,PBI,FL,ASO,ES,Combined TRACON& Tower with Radar,113,47,113,0,273,0,0,53,1,54,113,47,166,1,327,0,0,0,327
06/19/2017,PBI,FL,ASO,ES,Combined TRACON& Tower with Radar,104,60,83,2,249,0,5,57,0,62,104,65,140,2,311,0,0,0,311
06/20/2017,PBI,FL,ASO,ES,Combined TRACON& Tower with Radar,121,49,66,0,236,0,5,63,2,70,121,54,129,2,306,0,0,0,306
06/21/2017,PBI,FL,ASO,ES,Combined TRACON& Tower with Radar,118,60,78,2,258,0,3,74,0,77,118,63,152,2,335,0,0,0,335
06/22/2017,PBI,FL,ASO,ES,Combined TRACON& Tower with Radar,128,57,95,0,280,0,2,69,0,71,128,59,164,0,351,0,0,0,351
06/23/2017,PBI,FL,ASO,ES,Combined TRACON& Tower with Radar,118,59,77,0,254,0,4,77,6,87,118,63,154,6,341,0,0,0,341
06/24/2017,PBI,FL,ASO,ES,Combined TRACON& Tower with Radar,114,46,65,0,225,0,5,61,0,66,114,51,126,0,291,0,0,0,291
06/25/2017,PBI,FL,ASO,ES,Combined TRACON& Tower with Radar,117,44,74,0,235,0,3,43,2,48,117,47,117,2,283,0,0,0,283
06/26/2017,PBI,FL,ASO,ES,Combined TRACON& Tower with Radar,118,56,65,2,241,0,7,77,1,85,118,63,142,3,326,0,0,0,326
06/27/2017,PBI,FL,ASO,ES,Combined TRACON& Tower with Radar,121,51,72,0,244,0,4,61,0,65,121,55,133,0,309,0,0,0,309
06/28/2017,PBI,FL,ASO,ES,Combined TRACON& Tower with Radar,117,45,68,0,230,0,0,46,0,46,117,45,114,0,276,0,0,0,276
06/29/2017,PBI,FL,ASO,ES,Combined TRACON& Tower with Radar,125,54,87,2,268,0,6,73,4,83,125,60,160,6,351,0,0,0,351
06/30/2017,PBI,FL,ASO,ES,Combined TRACON& Tower with Radar,122,70,86,0,278,0,1,85,0,86,122,71,171,0,364,0,0,0,364
07/01/2017,PBI,FL,ASO,ES,Combined TRACON& Tower with Radar,113,47,69,0,229,0,3,48,0,51,113,50,117,0,280,0,0,0,280
07/02/2017,PBI,FL,ASO,ES,Combined TRACON& Tower with Radar,111,40,52,0,203,0,1,49,1,51,111,41,101,1,254,0,0,0,254
07/03/2017,PBI,FL,ASO,ES,Combined TRACON& Tower with Radar,103,41,44,0,188,0,6,74,0,80,103,47,118,0,268,0,0,0,268
07/04/2017,PBI,FL,ASO,ES,Combined TRACON& Tower with Radar,111,32,29,0,172,0,2,56,0,58,111,34,85,0,230,0,0,0,230
07/05/2017,PBI,FL,ASO,ES,Combined TRACON& Tower with Radar,117,55,89,1,262,0,9,83,4,96,117,64,172,5,358,40,0,40,398
07/06/2017,PBI,FL,ASO,ES,Combined TRACON& Tower with Radar,124,55,70,1,250,0,6,72,2,80,124,61,142,3,330,0,0,0,330
07/07/2017,PBI,FL,ASO,ES,Combined TRACON& Tower with Radar,116,56,72,2,246,0,4,66,1,71,116,60,138,3,317,4,0,4,321
07/08/2017,PBI,FL,ASO,ES,Combined TRACON& Tower with Radar,108,47,60,2,217,0,0,31,0,31,108,47,91,2,248,0,0,0,248
07/09/2017,PBI,FL,ASO,ES,Combined TRACON& Tower with Radar,116,64,80,1,261,0,3,51,0,54,116,67,131,1,315,2,0,2,317
07/10/2017,PBI,FL,ASO,ES,Combined TRACON& Tower with Radar,120,51,51,2,224,0,4,74,3,81,120,55,125,5,305,0,0,0,305
07/11/2017,PBI,FL,ASO,ES,Combined TRACON& Tower with Radar,141,35,56,3,235,0,2,66,0,68,141,37,122,3,303,0,0,0,303
07/12/2017,PBI,FL,ASO,ES,Combined TRACON& Tower with Radar,135,43,79,3,260,0,4,32,2,38,135,47,111,5,298,0,0,0,298
07/13/2017,PBI,FL,ASO,ES,Combined TRACON& Tower with Radar,125,42,79,1,247,0,6,62,1,69,125,48,141,2,316,0,0,0,316
07/14/2017,PBI,FL,ASO,ES,Combined TRACON& Tower with Radar,117,53,72,2,244,0,1,65,1,67,117,54,137,3,311,0,0,0,311
07/15/2017,PBI,FL,ASO,ES,Combined TRACON& Tower with Radar,113,26,56,0,195,0,1,41,0,42,113,27,97,0,237,0,0,0,237
07/16/2017,PBI,FL,ASO,ES,Combined TRACON& Tower with Radar,124,50,78,0,252,1,0,68,0,69,125,50,146,0,321,0,0,0,321
07/17/2017,PBI,FL,ASO,ES,Combined TRACON& Tower with Radar,121,44,71,1,237,0,7,47,1,55,121,51,118,2,292,0,0,0,292
07/18/2017,PBI,FL,ASO,ES,Combined TRACON& Tower with Radar,128,45,62,0,235,0,5,35,3,43,128,50,97,3,278,0,0,0,278
07/19/2017,PBI,FL,ASO,ES,Combined TRACON& Tower with Radar,122,47,71,0,240,0,5,52,8,65,122,52,123,8,305,0,0,0,305
07/20/2017,PBI,FL,ASO,ES,Combined TRACON& Tower with Radar,128,46,58,0,232,0,7,41,2,50,128,53,99,2,282,20,0,20,302
07/21/2017,PBI,FL,ASO,ES,Combined TRACON& Tower with Radar,123,51,63,1,238,0,6,46,0,52,123,57,109,1,290,0,0,0,290
07/22/2017,PBI,FL,ASO,ES,Combined TRACON& Tower with Radar,115,49,58,0,222,0,0,47,0,47,115,49,105,0,269,0,0,0,269
07/23/2017,PBI,FL,ASO,ES,Combined TRACON& Tower with Radar,110,50,68,0,228,0,0,39,2,41,110,50,107,2,269,0,0,0,269
07/24/2017,PBI,FL,ASO,ES,Combined TRACON& Tower with Radar,109,50,68,2,229,0,2,67,0,69,109,52,135,2,298,0,0,0,298
07/25/2017,PBI,FL,ASO,ES,Combined TRACON& Tower with Radar,131,41,68,1,241,0,6,71,0,77,131,47,139,1,318,0,0,0,318
07/26/2017,PBI,FL,ASO,ES,Combined TRACON& Tower with Radar,121,46,59,14,240,0,7,70,0,77,121,53,129,14,317,0,0,0,317
07/27/2017,PBI,FL,ASO,ES,Combined TRACON& Tower with Radar,134,56,108,1,299,0,3,50,1,54,134,59,158,2,353,34,0,34,387
07/28/2017,PBI,FL,ASO,ES,Combined TRACON& Tower with Radar,119,64,57,0,240,0,4,45,1,50,119,68,102,1,290,0,0,0,290
07/29/2017,PBI,FL,ASO,ES,Combined TRACON& Tower with Radar,116,41,57,0,214,0,0,58,1,59,116,41,115,1,273,0,0,0,273
07/30/2017,PBI,FL,ASO,ES,Combined TRACON& Tower with Radar,118,45,68,1,232,0,2,37,2,41,118,47,105,3,273,0,0,0,273
07/31/2017,PBI,FL,ASO,ES,Combined TRACON& Tower with Radar,119,52,58,0,229,0,6,17,0,23,119,58,75,0,252,0,0,0,252
08/01/2017,PBI,FL,ASO,ES,Combined TRACON& Tower with Radar,127,52,59,0,238,0,5,55,0,60,127,57,114,0,298,0,0,0,298
08/02/2017,PBI,FL,ASO,ES,Combined TRACON& Tower with Radar,98,45,75,0,218,0,1,66,0,67,98,46,141,0,285,0,0,0,285
08/03/2017,PBI,FL,ASO,ES,Combined TRACON& Tower with Radar,121,60,89,1,271,0,10,67,1,78,121,70,156,2,349,0,0,0,349
08/04/2017,PBI,FL,ASO,ES,Combined TRACON& Tower with Radar,115,50,82,0,247,0,2,54,3,59,115,52,136,3,306,0,0,0,306
08/05/2017,PBI,FL,ASO,ES,Combined TRACON& Tower with Radar,113,26,44,0,183,0,7,81,3,91,113,33,125,3,274,10,0,10,284
08/06/2017,PBI,FL,ASO,ES,Combined TRACON& Tower with Radar,112,52,71,0,235,0,6,56,0,62,112,58,127,0,297,54,0,54,351
08/07/2017,PBI,FL,ASO,ES,Combined TRACON& Tower with Radar,122,37,58,2,219,0,0,67,0,67,122,37,125,2,286,20,0,20,306
08/08/2017,PBI,FL,ASO,ES,Combined TRACON& Tower with Radar,121,36,53,0,210,0,6,64,6,76,121,42,117,6,286,0,0,0,286
08/09/2017,PBI,FL,ASO,ES,Combined TRACON& Tower with Radar,125,57,68,2,252,0,4,81,2,87,125,61,149,4,339,0,0,0,339
08/10/2017,PBI,FL,ASO,ES,Combined TRACON& Tower with Radar,125,60,75,0,260,0,4,35,0,39,125,64,110,0,299,8,0,8,307
08/11/2017,PBI,FL,ASO,ES,Combined TRACON& Tower with Radar,117,41,64,0,222,0,1,52,4,57,117,42,116,4,279,6,0,6,285
08/12/2017,PBI,FL,ASO,ES,Combined TRACON& Tower with Radar,114,45,27,2,188,0,4,32,0,36,114,49,59,2,224,0,0,0,224
08/13/2017,PBI,FL,ASO,ES,Combined TRACON& Tower with Radar,114,40,71,0,225,0,1,52,0,53,114,41,123,0,278,0,0,0,278
08/14/2017,PBI,FL,ASO,ES,Combined TRACON& Tower with Radar,133,64,71,1,269,0,0,61,5,66,133,64,132,6,335,28,0,28,363
08/15/2017,PBI,FL,ASO,ES,Combined TRACON& Tower with Radar,120,40,41,0,201,0,8,66,0,74,120,48,107,0,275,0,0,0,275
08/16/2017,PBI,FL,ASO,ES,Combined TRACON& Tower with Radar,121,49,67,4,241,0,5,60,2,67,121,54,127,6,308,0,0,0,308
08/17/2017,PBI,FL,ASO,ES,Combined TRACON& Tower with Radar,115,50,62,1,228,0,7,46,4,57,115,57,108,5,285,0,0,0,285
08/18/2017,PBI,FL,ASO,ES,Combined TRACON& Tower with Radar,106,67,58,0,231,0,1,55,0,56,106,68,113,0,287,0,0,0,287
08/19/2017,PBI,FL,ASO,ES,Combined TRACON& Tower with Radar,108,38,42,0,188,0,7,18,8,33,108,45,60,8,221,0,0,0,221
08/20/2017,PBI,FL,ASO,ES,Combined TRACON& Tower with Radar,104,35,55,0,194,0,6,47,0,53,104,41,102,0,247,32,0,32,279
08/21/2017,PBI,FL,ASO,ES,Combined TRACON& Tower with Radar,109,47,76,2,234,0,13,50,2,65,109,60,126,4,299,0,0,0,299
08/22/2017,PBI,FL,ASO,ES,Combined TRACON& Tower with Radar,113,44,40,1,198,0,5,35,1,41,113,49,75,2,239,0,0,0,239
08/23/2017,PBI,FL,ASO,ES,Combined TRACON& Tower with Radar,111,43,70,0,224,0,7,56,0,63,111,50,126,0,287,6,0,6,293
08/24/2017,PBI,FL,ASO,ES,Combined TRACON& Tower with Radar,117,47,75,0,239,0,6,27,0,33,117,53,102,0,272,0,0,0,272
08/25/2017,PBI,FL,ASO,ES,Combined TRACON& Tower with Radar,125,38,72,0,235,0,1,31,0,32,125,39,103,0,267,0,0,0,267
08/26/2017,PBI,FL,ASO,ES,Combined TRACON& Tower with Radar,102,29,47,0,178,0,1,24,0,25,102,30,71,0,203,0,0,0,203
08/27/2017,PBI,FL,ASO,ES,Combined TRACON& Tower with Radar,108,48,60,1,217,0,0,22,0,22,108,48,82,1,239,0,0,0,239
08/28/2017,PBI,FL,ASO,ES,Combined TRACON& Tower with Radar,126,52,58,1,237,0,0,61,0,61,126,52,119,1,298,0,0,0,298
08/29/2017,PBI,FL,ASO,ES,Combined TRACON& Tower with Radar,113,47,79,0,239,0,3,47,0,50,113,50,126,0,289,0,0,0,289
08/30/2017,PBI,FL,ASO,ES,Combined TRACON& Tower with Radar,109,44,61,0,214,0,7,72,0,79,109,51,133,0,293,0,0,0,293
08/31/2017,PBI,FL,ASO,ES,Combined TRACON& Tower with Radar,114,64,91,0,269,0,8,52,0,60,114,72,143,0,329,0,0,0,329
09/01/2017,PBI,FL,ASO,ES,Combined TRACON& Tower with Radar,113,53,65,0,231,0,3,52,0,55,113,56,117,0,286,0,0,0,286
09/02/2017,PBI,FL,ASO,ES,Combined TRACON& Tower with Radar,106,39,33,0,178,0,2,42,0,44,106,41,75,0,222,0,0,0,222
09/03/2017,PBI,FL,ASO,ES,Combined TRACON& Tower with Radar,92,27,44,0,163,0,1,33,0,34,92,28,77,0,197,0,0,0,197
09/04/2017,PBI,FL,ASO,ES,Combined TRACON& Tower with Radar,104,68,111,0,283,0,3,64,0,67,104,71,175,0,350,0,0,0,350
09/05/2017,PBI,FL,ASO,ES,Combined TRACON& Tower with Radar,105,43,88,2,238,0,6,50,0,56,105,49,138,2,294,0,0,0,294
09/06/2017,PBI,FL,ASO,ES,Combined TRACON& Tower with Radar,104,148,195,0,447,0,5,57,2,64,104,153,252,2,511,0,0,0,511
09/07/2017,PBI,FL,ASO,ES,Combined TRACON& Tower with Radar,109,222,287,2,620,0,7,67,2,76,109,229,354,4,696,0,0,0,696
09/08/2017,PBI,FL,ASO,ES,Combined TRACON& Tower with Radar,86,170,216,0,472,0,8,34,0,42,86,178,250,0,514,0,0,0,514
09/09/2017,PBI,FL,ASO,ES,Combined TRACON& Tower with Radar,0,0,2,0,2,0,0,0,0,0,0,0,2,0,2,0,0,0,2
09/10/2017,PBI,FL,ASO,ES,Combined TRACON& Tower with Radar,0,0,0,0,0,0,0,0,0,0,0,0,0,0,0,0,0,0,0
09/11/2017,PBI,FL,ASO,ES,Combined TRACON& Tower with Radar,7,8,38,1,54,0,6,17,3,26,7,14,55,4,80,0,0,0,80
09/12/2017,PBI,FL,ASO,ES,Combined TRACON& Tower with Radar,63,102,121,1,287,0,4,36,3,43,63,106,157,4,330,0,0,0,330
09/13/2017,PBI,FL,ASO,ES,Combined TRACON& Tower with Radar,105,114,125,0,344,0,10,58,6,74,105,124,183,6,418,0,0,0,418
09/14/2017,PBI,FL,ASO,ES,Combined TRACON& Tower with Radar,109,57,69,0,235,0,6,34,4,44,109,63,103,4,279,0,0,0,279
09/15/2017,PBI,FL,ASO,ES,Combined TRACON& Tower with Radar,103,80,79,3,265,0,7,63,5,75,103,87,142,8,340,0,0,0,340
09/16/2017,PBI,FL,ASO,ES,Combined TRACON& Tower with Radar,88,60,44,0,192,0,7,41,3,51,88,67,85,3,243,0,0,0,243
09/17/2017,PBI,FL,ASO,ES,Combined TRACON& Tower with Radar,96,55,69,0,220,0,1,50,2,53,96,56,119,2,273,0,0,0,273
09/18/2017,PBI,FL,ASO,ES,Combined TRACON& Tower with Radar,111,64,74,3,252,0,7,42,0,49,111,71,116,3,301,0,0,0,301
09/19/2017,PBI,FL,ASO,ES,Combined TRACON& Tower with Radar,109,51,78,5,243,0,9,66,3,78,109,60,144,8,321,0,0,0,321
09/20/2017,PBI,FL,ASO,ES,Combined TRACON& Tower with Radar,103,49,65,2,219,0,3,40,0,43,103,52,105,2,262,0,0,0,262
09/21/2017,PBI,FL,ASO,ES,Combined TRACON& Tower with Radar,114,37,69,0,220,0,2,51,0,53,114,39,120,0,273,0,0,0,273
09/22/2017,PBI,FL,ASO,ES,Combined TRACON& Tower with Radar,111,50,85,1,247,0,5,45,4,54,111,55,130,5,301,0,0,0,301
09/23/2017,PBI,FL,ASO,ES,Combined TRACON& Tower with Radar,94,34,39,8,175,0,1,31,1,33,94,35,70,9,208,0,0,0,208
09/24/2017,PBI,FL,ASO,ES,Combined TRACON& Tower with Radar,107,49,92,9,257,0,1,41,0,42,107,50,133,9,299,0,0,0,299
09/25/2017,PBI,FL,ASO,ES,Combined TRACON& Tower with Radar,109,68,84,7,268,0,1,63,1,65,109,69,147,8,333,0,0,0,333
09/26/2017,PBI,FL,ASO,ES,Combined TRACON& Tower with Radar,111,59,73,5,248,0,21,49,1,71,111,80,122,6,319,0,0,0,319
09/27/2017,PBI,FL,ASO,ES,Combined TRACON& Tower with Radar,109,56,106,4,275,0,6,51,1,58,109,62,157,5,333,0,0,0,333
09/28/2017,PBI,FL,ASO,ES,Combined TRACON& Tower with Radar,116,55,87,6,264,0,3,49,0,52,116,58,136,6,316,0,0,0,316
09/29/2017,PBI,FL,ASO,ES,Combined TRACON& Tower with Radar,114,52,79,3,248,0,3,47,0,50,114,55,126,3,298,0,0,0,298
09/30/2017,PBI,FL,ASO,ES,Combined TRACON& Tower with Radar,98,31,36,2,167,0,2,34,0,36,98,33,70,2,203,0,0,0,203
10/01/2017,PBI,FL,ASO,ES,Combined TRACON& Tower with Radar,103,62,92,5,262,0,7,43,0,50,103,69,135,5,312,0,0,0,312
10/02/2017,PBI,FL,ASO,ES,Combined TRACON& Tower with Radar,116,61,81,3,261,0,5,49,5,59,116,66,130,8,320,0,0,0,320
10/03/2017,PBI,FL,ASO,ES,Combined TRACON& Tower with Radar,116,67,56,2,241,0,0,36,2,38,116,67,92,4,279,0,0,0,279
10/04/2017,PBI,FL,ASO,ES,Combined TRACON& Tower with Radar,114,51,93,3,261,0,3,21,0,24,114,54,114,3,285,0,0,0,285
10/05/2017,PBI,FL,ASO,ES,Combined TRACON& Tower with Radar,131,50,92,4,277,0,0,22,1,23,131,50,114,5,300,0,0,0,300
10/06/2017,PBI,FL,ASO,ES,Combined TRACON& Tower with Radar,127,50,105,10,292,0,0,89,0,89,127,50,194,10,381,0,0,0,381
10/07/2017,PBI,FL,ASO,ES,Combined TRACON& Tower with Radar,100,44,61,2,207,0,2,40,0,42,100,46,101,2,249,0,0,0,249
10/08/2017,PBI,FL,ASO,ES,Combined TRACON& Tower with Radar,122,46,64,7,239,0,8,39,0,47,122,54,103,7,286,0,0,0,286
10/09/2017,PBI,FL,ASO,ES,Combined TRACON& Tower with Radar,119,53,84,7,263,0,3,56,0,59,119,56,140,7,322,0,0,0,322
10/10/2017,PBI,FL,ASO,ES,Combined TRACON& Tower with Radar,123,68,84,1,276,0,3,82,0,85,123,71,166,1,361,0,0,0,361
10/11/2017,PBI,FL,ASO,ES,Combined TRACON& Tower with Radar,117,60,83,1,261,0,9,60,0,69,117,69,143,1,330,0,0,0,330
10/12/2017,PBI,FL,ASO,ES,Combined TRACON& Tower with Radar,126,57,84,2,269,0,5,46,0,51,126,62,130,2,320,0,0,0,320
10/13/2017,PBI,FL,ASO,ES,Combined TRACON& Tower with Radar,124,66,101,4,295,0,7,46,0,53,124,73,147,4,348,6,0,6,354
10/14/2017,PBI,FL,ASO,ES,Combined TRACON& Tower with Radar,99,74,62,3,238,0,4,25,0,29,99,78,87,3,267,0,0,0,267
10/15/2017,PBI,FL,ASO,ES,Combined TRACON& Tower with Radar,117,70,111,0,298,0,5,46,0,51,117,75,157,0,349,0,0,0,349
10/16/2017,PBI,FL,ASO,ES,Combined TRACON& Tower with Radar,126,77,78,1,282,0,11,78,2,91,126,88,156,3,373,0,0,0,373
10/17/2017,PBI,FL,ASO,ES,Combined TRACON& Tower with Radar,122,68,90,3,283,0,1,58,3,62,122,69,148,6,345,0,0,0,345
10/18/2017,PBI,FL,ASO,ES,Combined TRACON& Tower with Radar,117,75,105,3,300,0,5,55,0,60,117,80,160,3,360,0,0,0,360
10/19/2017,PBI,FL,ASO,ES,Combined TRACON& Tower with Radar,127,87,96,2,312,0,6,74,2,82,127,93,170,4,394,0,0,0,394
10/20/2017,PBI,FL,ASO,ES,Combined TRACON& Tower with Radar,126,85,114,4,329,0,3,37,0,40,126,88,151,4,369,6,0,6,375
10/21/2017,PBI,FL,ASO,ES,Combined TRACON& Tower with Radar,98,56,59,1,214,0,1,46,0,47,98,57,105,1,261,0,0,0,261
10/22/2017,PBI,FL,ASO,ES,Combined TRACON& Tower with Radar,116,85,105,0,306,0,1,45,0,46,116,86,150,0,352,0,0,0,352
10/23/2017,PBI,FL,ASO,ES,Combined TRACON& Tower with Radar,126,77,94,5,302,0,4,47,2,53,126,81,141,7,355,0,0,0,355
10/24/2017,PBI,FL,ASO,ES,Combined TRACON& Tower with Radar,114,70,76,6,266,0,1,40,5,46,114,71,116,11,312,0,0,0,312
10/25/2017,PBI,FL,ASO,ES,Combined TRACON& Tower with Radar,119,96,98,7,320,0,9,79,6,94,119,105,177,13,414,0,0,0,414
10/26/2017,PBI,FL,ASO,ES,Combined TRACON& Tower with Radar,130,89,168,9,396,0,6,77,0,83,130,95,245,9,479,0,0,0,479
10/27/2017,PBI,FL,ASO,ES,Combined TRACON& Tower with Radar,123,114,107,5,349,0,8,57,0,65,123,122,164,5,414,0,0,0,414
10/28/2017,PBI,FL,ASO,ES,Combined TRACON& Tower with Radar,109,57,58,1,225,0,1,18,0,19,109,58,76,1,244,0,0,0,244
10/29/2017,PBI,FL,ASO,ES,Combined TRACON& Tower with Radar,114,79,104,4,301,0,3,26,0,29,114,82,130,4,330,0,0,0,330
10/30/2017,PBI,FL,ASO,ES,Combined TRACON& Tower with Radar,125,60,103,4,292,0,4,60,0,64,125,64,163,4,356,0,0,0,356
10/31/2017,PBI,FL,ASO,ES,Combined TRACON& Tower with Radar,117,86,67,1,271,0,10,56,0,66,117,96,123,1,337,0,0,0,337
11/01/2017,PBI,FL,ASO,ES,Combined TRACON& Tower with Radar,121,83,124,11,339,0,6,68,0,74,121,89,192,11,413,0,0,0,413
11/02/2017,PBI,FL,ASO,ES,Combined TRACON& Tower with Radar,136,101,116,6,359,0,0,64,2,66,136,101,180,8,425,0,0,0,425
11/03/2017,PBI,FL,ASO,ES,Combined TRACON& Tower with Radar,136,99,130,5,370,0,1,70,0,71,136,100,200,5,441,0,0,0,441
11/04/2017,PBI,FL,ASO,ES,Combined TRACON& Tower with Radar,112,58,67,10,247,0,1,25,1,27,112,59,92,11,274,0,0,0,274
11/05/2017,PBI,FL,ASO,ES,Combined TRACON& Tower with Radar,131,95,130,7,363,0,4,47,0,51,131,99,177,7,414,0,0,0,414
11/06/2017,PBI,FL,ASO,ES,Combined TRACON& Tower with Radar,136,85,129,6,356,0,3,66,3,72,136,88,195,9,428,0,0,0,428
11/07/2017,PBI,FL,ASO,ES,Combined TRACON& Tower with Radar,130,92,102,1,325,0,6,75,0,81,130,98,177,1,406,0,0,0,406
11/08/2017,PBI,FL,ASO,ES,Combined TRACON& Tower with Radar,133,74,142,5,354,0,5,53,4,62,133,79,195,9,416,0,0,0,416
11/09/2017,PBI,FL,ASO,ES,Combined TRACON& Tower with Radar,150,106,150,2,408,0,5,54,2,61,150,111,204,4,469,0,0,0,469
11/10/2017,PBI,FL,ASO,ES,Combined TRACON& Tower with Radar,158,88,118,3,367,0,6,47,0,53,158,94,165,3,420,0,0,0,420
11/11/2017,PBI,FL,ASO,ES,Combined TRACON& Tower with Radar,126,64,72,0,262,0,5,32,0,37,126,69,104,0,299,0,0,0,299
11/12/2017,PBI,FL,ASO,ES,Combined TRACON& Tower with Radar,144,105,145,0,394,0,4,44,1,49,144,109,189,1,443,0,0,0,443
11/13/2017,PBI,FL,ASO,ES,Combined TRACON& Tower with Radar,148,93,139,20,400,0,6,55,1,62,148,99,194,21,462,20,0,20,482
11/14/2017,PBI,FL,ASO,ES,Combined TRACON& Tower with Radar,138,80,87,7,312,0,1,62,2,65,138,81,149,9,377,20,0,20,397
11/15/2017,PBI,FL,ASO,ES,Combined TRACON& Tower with Radar,142,101,125,5,373,0,1,47,0,48,142,102,172,5,421,0,0,0,421
11/16/2017,PBI,FL,ASO,ES,Combined TRACON& Tower with Radar,154,103,126,1,384,0,2,37,0,39,154,105,163,1,423,0,0,0,423
11/17/2017,PBI,FL,ASO,ES,Combined TRACON& Tower with Radar,154,118,164,4,440,0,4,97,0,101,154,122,261,4,541,0,0,0,541
11/18/2017,PBI,FL,ASO,ES,Combined TRACON& Tower with Radar,131,98,109,3,341,0,5,53,2,60,131,103,162,5,401,0,0,0,401
11/19/2017,PBI,FL,ASO,ES,Combined TRACON& Tower with Radar,154,119,148,9,430,0,2,105,3,110,154,121,253,12,540,0,0,0,540
11/20/2017,PBI,FL,ASO,ES,Combined TRACON& Tower with Radar,163,110,130,6,409,0,5,65,2,72,163,115,195,8,481,0,0,0,481
11/21/2017,PBI,FL,ASO,ES,Combined TRACON& Tower with Radar,168,82,89,3,342,0,4,52,0,56,168,86,141,3,398,0,0,0,398
11/22/2017,PBI,FL,ASO,ES,Combined TRACON& Tower with Radar,173,45,42,0,260,0,6,8,2,16,173,51,50,2,276,0,0,0,276
11/23/2017,PBI,FL,ASO,ES,Combined TRACON& Tower with Radar,108,14,3,1,126,0,2,6,1,9,108,16,9,2,135,0,0,0,135
11/24/2017,PBI,FL,ASO,ES,Combined TRACON& Tower with Radar,149,35,9,0,193,0,9,4,0,13,149,44,13,0,206,0,0,0,206
11/25/2017,PBI,FL,ASO,ES,Combined TRACON& Tower with Radar,162,31,16,0,209,0,8,3,0,11,162,39,19,0,220,0,0,0,220
11/26/2017,PBI,FL,ASO,ES,Combined TRACON& Tower with Radar,171,72,71,5,319,0,2,14,0,16,171,74,85,5,335,0,0,0,335
11/27/2017,PBI,FL,ASO,ES,Combined TRACON& Tower with Radar,166,102,124,7,399,0,2,68,2,72,166,104,192,9,471,0,0,0,471
11/28/2017,PBI,FL,ASO,ES,Combined TRACON& Tower with Radar,161,82,108,3,354,0,2,56,0,58,161,84,164,3,412,0,0,0,412
11/29/2017,PBI,FL,ASO,ES,Combined TRACON& Tower with Radar,141,92,114,6,353,0,4,42,0,46,141,96,156,6,399,0,0,0,399
11/30/2017,PBI,FL,ASO,ES,Combined TRACON& Tower with Radar,149,107,120,0,376,0,6,55,0,61,149,113,175,0,437,0,0,0,437
12/01/2017,PBI,FL,ASO,ES,Combined TRACON& Tower with Radar,155,116,122,0,393,0,1,58,0,59,155,117,180,0,452,0,0,0,452
12/02/2017,PBI,FL,ASO,ES,Combined TRACON& Tower with Radar,124,72,77,0,273,0,2,40,0,42,124,74,117,0,315,0,0,0,315
12/03/2017,PBI,FL,ASO,ES,Combined TRACON& Tower with Radar,139,106,125,0,370,0,4,56,0,60,139,110,181,0,430,25,0,25,455
12/04/2017,PBI,FL,ASO,ES,Combined TRACON& Tower with Radar,141,94,124,0,359,0,13,50,0,63,141,107,174,0,422,18,0,18,440
12/05/2017,PBI,FL,ASO,ES,Combined TRACON& Tower with Radar,137,84,105,3,329,0,14,75,0,89,137,98,180,3,418,22,0,22,440
12/06/2017,PBI,FL,ASO,ES,Combined TRACON& Tower with Radar,135,81,124,2,342,0,9,78,3,90,135,90,202,5,432,0,0,0,432
12/07/2017,PBI,FL,ASO,ES,Combined TRACON& Tower with Radar,148,108,95,7,358,0,6,66,3,75,148,114,161,10,433,0,0,0,433
12/08/2017,PBI,FL,ASO,ES,Combined TRACON& Tower with Radar,134,116,116,4,370,0,6,49,0,55,134,122,165,4,425,0,0,0,425
12/09/2017,PBI,FL,ASO,ES,Combined TRACON& Tower with Radar,111,30,24,2,167,0,3,7,1,11,111,33,31,3,178,0,0,0,178
12/10/2017,PBI,FL,ASO,ES,Combined TRACON& Tower with Radar,143,63,64,5,275,0,3,18,0,21,143,66,82,5,296,0,0,0,296
12/11/2017,PBI,FL,ASO,ES,Combined TRACON& Tower with Radar,148,112,121,5,386,0,11,87,1,99,148,123,208,6,485,0,0,0,485
12/12/2017,PBI,FL,ASO,ES,Combined TRACON& Tower with Radar,141,70,118,2,331,0,12,66,2,80,141,82,184,4,411,0,0,0,411
12/13/2017,PBI,FL,ASO,ES,Combined TRACON& Tower with Radar,136,84,121,4,345,0,4,83,2,89,136,88,204,6,434,0,0,0,434
12/14/2017,PBI,FL,ASO,ES,Combined TRACON& Tower with Radar,149,110,133,1,393,0,6,56,1,63,149,116,189,2,456,0,0,0,456
12/15/2017,PBI,FL,ASO,ES,Combined TRACON& Tower with Radar,164,127,125,4,420,0,8,65,1,74,164,135,190,5,494,0,0,0,494
12/16/2017,PBI,FL,ASO,ES,Combined TRACON& Tower with Radar,142,101,88,0,331,0,2,45,0,47,142,103,133,0,378,0,0,0,378
12/17/2017,PBI,FL,ASO,ES,Combined TRACON& Tower with Radar,139,91,109,0,339,0,4,64,0,68,139,95,173,0,407,0,0,0,407
12/18/2017,PBI,FL,ASO,ES,Combined TRACON& Tower with Radar,154,93,95,0,342,0,8,54,0,62,154,101,149,0,404,0,0,0,404
12/19/2017,PBI,FL,ASO,ES,Combined TRACON& Tower with Radar,161,120,77,6,364,0,5,85,0,90,161,125,162,6,454,0,0,0,454
12/20/2017,PBI,FL,ASO,ES,Combined TRACON& Tower with Radar,192,125,118,5,440,0,3,65,5,73,192,128,183,10,513,22,0,22,535
12/21/2017,PBI,FL,ASO,ES,Combined TRACON& Tower with Radar,219,134,138,2,493,0,2,86,4,92,219,136,224,6,585,0,0,0,585
12/22/2017,PBI,FL,ASO,ES,Combined TRACON& Tower with Radar,220,53,41,1,315,0,5,25,4,34,220,58,66,5,349,0,0,0,349
12/23/2017,PBI,FL,ASO,ES,Combined TRACON& Tower with Radar,195,36,27,0,258,0,9,13,2,24,195,45,40,2,282,0,0,0,282
12/24/2017,PBI,FL,ASO,ES,Combined TRACON& Tower with Radar,177,22,10,0,209,0,2,13,3,18,177,24,23,3,227,0,0,0,227
12/25/2017,PBI,FL,ASO,ES,Combined TRACON& Tower with Radar,169,35,13,0,217,0,1,7,3,11,169,36,20,3,228,0,0,0,228
12/26/2017,PBI,FL,ASO,ES,Combined TRACON& Tower with Radar,221,57,45,0,323,0,1,13,0,14,221,58,58,0,337,0,0,0,337
12/27/2017,PBI,FL,ASO,ES,Combined TRACON& Tower with Radar,220,39,45,0,304,0,3,6,0,9,220,42,51,0,313,0,0,0,313
12/28/2017,PBI,FL,ASO,ES,Combined TRACON& Tower with Radar,221,34,24,0,279,0,2,8,0,10,221,36,32,0,289,0,0,0,289
12/29/2017,PBI,FL,ASO,ES,Combined TRACON& Tower with Radar,220,27,21,0,268,0,1,5,0,6,220,28,26,0,274,0,0,0,274
12/30/2017,PBI,FL,ASO,ES,Combined TRACON& Tower with Radar,202,31,19,0,252,0,8,4,0,12,202,39,23,0,264,0,0,0,264
12/31/2017,PBI,FL,ASO,ES,Combined TRACON& Tower with Radar,174,31,19,0,224,0,2,12,2,16,174,33,31,2,240,0,0,0,240
01/01/2018,PBI,FL,ASO,ES,Combined TRACON& Tower with Radar,185,87,61,5,338,0,1,11,0,12,185,88,72,5,350,0,0,0,350
01/02/2018,PBI,FL,ASO,ES,Combined TRACON& Tower with Radar,212,129,217,4,562,0,1,7,1,9,212,130,224,5,571,0,0,0,571
01/03/2018,PBI,FL,ASO,ES,Combined TRACON& Tower with Radar,193,129,146,5,473,1,1,23,0,25,194,130,169,5,498,0,0,0,498
01/04/2018,PBI,FL,ASO,ES,Combined TRACON& Tower with Radar,102,95,111,0,308,0,9,78,0,87,102,104,189,0,395,0,0,0,395
01/05/2018,PBI,FL,ASO,ES,Combined TRACON& Tower with Radar,151,117,141,4,413,0,5,76,7,88,151,122,217,11,501,0,0,0,501
01/06/2018,PBI,FL,ASO,ES,Combined TRACON& Tower with Radar,151,108,110,2,371,0,8,57,0,65,151,116,167,2,436,0,0,0,436
01/07/2018,PBI,FL,ASO,ES,Combined TRACON& Tower with Radar,163,125,197,2,487,0,6,54,2,62,163,131,251,4,549,0,0,0,549
01/08/2018,PBI,FL,ASO,ES,Combined TRACON& Tower with Radar,170,95,120,2,387,0,6,37,0,43,170,101,157,2,430,0,0,0,430
01/09/2018,PBI,FL,ASO,ES,Combined TRACON& Tower with Radar,172,85,113,3,373,0,1,39,0,40,172,86,152,3,413,0,0,0,413
01/10/2018,PBI,FL,ASO,ES,Combined TRACON& Tower with Radar,169,79,138,4,390,0,1,38,11,50,169,80,176,15,440,0,0,0,440
01/11/2018,PBI,FL,ASO,ES,Combined TRACON& Tower with Radar,180,133,137,8,458,0,11,56,11,78,180,144,193,19,536,0,0,0,536
01/12/2018,PBI,FL,ASO,ES,Combined TRACON& Tower with Radar,170,104,127,3,404,0,3,39,4,46,170,107,166,7,450,0,0,0,450
01/13/2018,PBI,FL,ASO,ES,Combined TRACON& Tower with Radar,162,26,17,0,205,0,2,10,0,12,162,28,27,0,217,0,0,0,217
01/14/2018,PBI,FL,ASO,ES,Combined TRACON& Tower with Radar,160,40,29,0,229,0,6,4,3,13,160,46,33,3,242,0,0,0,242
01/15/2018,PBI,FL,ASO,ES,Combined TRACON& Tower with Radar,178,80,85,2,345,0,5,15,0,20,178,85,100,2,365,0,0,0,365
01/16/2018,PBI,FL,ASO,ES,Combined TRACON& Tower with Radar,161,116,121,2,400,0,10,65,0,75,161,126,186,2,475,0,0,0,475
01/17/2018,PBI,FL,ASO,ES,Combined TRACON& Tower with Radar,149,101,120,0,370,0,7,64,0,71,149,108,184,0,441,0,0,0,441
01/18/2018,PBI,FL,ASO,ES,Combined TRACON& Tower with Radar,175,117,145,0,437,0,7,58,4,69,175,124,203,4,506,0,0,0,506
01/19/2018,PBI,FL,ASO,ES,Combined TRACON& Tower with Radar,185,138,148,1,472,0,6,60,1,67,185,144,208,2,539,0,0,0,539
01/20/2018,PBI,FL,ASO,ES,Combined TRACON& Tower with Radar,162,54,40,2,258,0,2,19,1,22,162,56,59,3,280,0,0,0,280
01/21/2018,PBI,FL,ASO,ES,Combined TRACON& Tower with Radar,164,130,129,3,426,0,3,17,5,25,164,133,146,8,451,0,0,0,451
01/22/2018,PBI,FL,ASO,ES,Combined TRACON& Tower with Radar,179,116,130,4,429,0,16,53,4,73,179,132,183,8,502,0,0,0,502
01/23/2018,PBI,FL,ASO,ES,Combined TRACON& Tower with Radar,165,102,112,3,382,0,9,35,2,46,165,111,147,5,428,0,0,0,428
01/24/2018,PBI,FL,ASO,ES,Combined TRACON& Tower with Radar,166,89,192,0,447,0,5,84,2,91,166,94,276,2,538,0,0,0,538
01/25/2018,PBI,FL,ASO,ES,Combined TRACON& Tower with Radar,178,127,183,7,495,0,11,48,4,63,178,138,231,11,558,0,0,0,558
01/26/2018,PBI,FL,ASO,ES,Combined TRACON& Tower with Radar,180,115,135,2,432,0,0,40,2,42,180,115,175,4,474,0,0,0,474
01/27/2018,PBI,FL,ASO,ES,Combined TRACON& Tower with Radar,163,95,92,0,350,0,8,21,0,29,163,103,113,0,379,0,0,0,379
01/28/2018,PBI,FL,ASO,ES,Combined TRACON& Tower with Radar,164,151,164,0,479,0,0,27,0,27,164,151,191,0,506,0,0,0,506
01/29/2018,PBI,FL,ASO,ES,Combined TRACON& Tower with Radar,176,87,156,0,419,0,1,40,0,41,176,88,196,0,460,0,0,0,460
01/30/2018,PBI,FL,ASO,ES,Combined TRACON& Tower with Radar,166,83,89,7,345,0,10,76,1,87,166,93,165,8,432,0,0,0,432
01/31/2018,PBI,FL,ASO,ES,Combined TRACON& Tower with Radar,168,119,132,0,419,0,6,61,3,70,168,125,193,3,489,0,0,0,489
02/01/2018,PBI,FL,ASO,ES,Combined TRACON& Tower with Radar,176,154,177,5,512,0,6,58,6,70,176,160,235,11,582,0,0,0,582
02/02/2018,PBI,FL,ASO,ES,Combined TRACON& Tower with Radar,177,85,124,1,387,0,4,71,5,80,177,89,195,6,467,0,0,0,467
02/03/2018,PBI,FL,ASO,ES,Combined TRACON& Tower with Radar,163,22,18,0,203,0,2,10,0,12,163,24,28,0,215,0,0,0,215
02/04/2018,PBI,FL,ASO,ES,Combined TRACON& Tower with Radar,158,69,52,2,281,0,4,7,2,13,158,73,59,4,294,0,0,0,294
02/05/2018,PBI,FL,ASO,ES,Combined TRACON& Tower with Radar,185,121,157,5,468,0,7,54,2,63,185,128,211,7,531,0,0,0,531
02/06/2018,PBI,FL,ASO,ES,Combined TRACON& Tower with Radar,165,105,114,2,386,0,5,50,0,55,165,110,164,2,441,0,0,0,441
02/07/2018,PBI,FL,ASO,ES,Combined TRACON& Tower with Radar,148,117,140,2,407,0,6,81,2,89,148,123,221,4,496,0,0,0,496
02/08/2018,PBI,FL,ASO,ES,Combined TRACON& Tower with Radar,182,123,162,2,469,0,3,58,0,61,182,126,220,2,530,0,0,0,530
02/09/2018,PBI,FL,ASO,ES,Combined TRACON& Tower with Radar,175,130,138,1,444,0,3,83,3,89,175,133,221,4,533,0,0,0,533
02/10/2018,PBI,FL,ASO,ES,Combined TRACON& Tower with Radar,163,97,104,2,366,0,11,68,2,81,163,108,172,4,447,0,0,0,447
02/11/2018,PBI,FL,ASO,ES,Combined TRACON& Tower with Radar,158,165,173,2,498,0,5,58,2,65,158,170,231,4,563,0,0,0,563
02/12/2018,PBI,FL,ASO,ES,Combined TRACON& Tower with Radar,183,122,148,16,469,0,8,52,0,60,183,130,200,16,529,0,0,0,529
02/13/2018,PBI,FL,ASO,ES,Combined TRACON& Tower with Radar,174,117,129,3,423,0,9,65,1,75,174,126,194,4,498,0,0,0,498
02/14/2018,PBI,FL,ASO,ES,Combined TRACON& Tower with Radar,167,116,137,1,421,0,3,57,1,61,167,119,194,2,482,0,0,0,482
02/15/2018,PBI,FL,ASO,ES,Combined TRACON& Tower with Radar,198,190,220,4,612,0,10,65,3,78,198,200,285,7,690,0,0,0,690
02/16/2018,PBI,FL,ASO,ES,Combined TRACON& Tower with Radar,206,127,110,5,448,0,6,38,4,48,206,133,148,9,496,0,0,0,496
02/17/2018,PBI,FL,ASO,ES,Combined TRACON& Tower with Radar,173,27,19,2,221,0,0,11,4,15,173,27,30,6,236,0,0,0,236
02/18/2018,PBI,FL,ASO,ES,Combined TRACON& Tower with Radar,191,49,48,2,290,0,4,16,1,21,191,53,64,3,311,0,0,0,311
02/19/2018,PBI,FL,ASO,ES,Combined TRACON& Tower with Radar,199,116,120,3,438,0,1,23,1,25,199,117,143,4,463,0,0,0,463
02/20/2018,PBI,FL,ASO,ES,Combined TRACON& Tower with Radar,199,164,186,3,552,0,3,70,1,74,199,167,256,4,626,0,0,0,626
02/21/2018,PBI,FL,ASO,ES,Combined TRACON& Tower with Radar,200,135,151,7,493,0,11,74,0,85,200,146,225,7,578,0,0,0,578
02/22/2018,PBI,FL,ASO,ES,Combined TRACON& Tower with Radar,195,116,174,8,493,0,11,78,0,89,195,127,252,8,582,0,0,0,582
02/23/2018,PBI,FL,ASO,ES,Combined TRACON& Tower with Radar,207,163,186,1,557,0,0,63,5,68,207,163,249,6,625,0,0,0,625
02/24/2018,PBI,FL,ASO,ES,Combined TRACON& Tower with Radar,185,109,94,1,389,0,7,51,1,59,185,116,145,2,448,0,0,0,448
02/25/2018,PBI,FL,ASO,ES,Combined TRACON& Tower with Radar,195,183,196,0,574,0,2,33,4,39,195,185,229,4,613,0,0,0,613
02/26/2018,PBI,FL,ASO,ES,Combined TRACON& Tower with Radar,207,132,171,0,510,0,5,64,2,71,207,137,235,2,581,0,0,0,581
02/27/2018,PBI,FL,ASO,ES,Combined TRACON& Tower with Radar,189,98,169,3,459,0,7,76,3,86,189,105,245,6,545,0,0,0,545
02/28/2018,PBI,FL,ASO,ES,Combined TRACON& Tower with Radar,190,107,175,5,477,0,7,72,0,79,190,114,247,5,556,0,0,0,556
03/01/2018,PBI,FL,ASO,ES,Combined TRACON& Tower with Radar,189,168,174,4,535,0,9,76,1,86,189,177,250,5,621,0,0,0,621
03/02/2018,PBI,FL,ASO,ES,Combined TRACON& Tower with Radar,149,93,91,1,334,0,6,30,2,38,149,99,121,3,372,0,0,0,372
03/03/2018,PBI,FL,ASO,ES,Combined TRACON& Tower with Radar,172,78,62,3,315,0,4,35,2,41,172,82,97,5,356,0,0,0,356
03/04/2018,PBI,FL,ASO,ES,Combined TRACON& Tower with Radar,198,169,175,2,544,0,6,50,0,56,198,175,225,2,600,0,0,0,600
03/05/2018,PBI,FL,ASO,ES,Combined TRACON& Tower with Radar,195,96,133,1,425,0,13,61,0,74,195,109,194,1,499,0,0,0,499
03/06/2018,PBI,FL,ASO,ES,Combined TRACON& Tower with Radar,195,127,129,8,459,0,5,45,5,55,195,132,174,13,514,0,0,0,514
03/07/2018,PBI,FL,ASO,ES,Combined TRACON& Tower with Radar,137,115,122,1,375,0,9,63,1,73,137,124,185,2,448,10,0,10,458
03/08/2018,PBI,FL,ASO,ES,Combined TRACON& Tower with Radar,187,150,217,1,555,0,12,93,0,105,187,162,310,1,660,0,0,0,660
03/09/2018,PBI,FL,ASO,ES,Combined TRACON& Tower with Radar,194,149,171,4,518,0,9,66,1,76,194,158,237,5,594,0,0,0,594
03/10/2018,PBI,FL,ASO,ES,Combined TRACON& Tower with Radar,204,129,141,8,482,0,4,52,2,58,204,133,193,10,540,0,0,0,540
03/11/2018,PBI,FL,ASO,ES,Combined TRACON& Tower with Radar,194,192,192,0,578,0,1,45,0,46,194,193,237,0,624,0,0,0,624
03/12/2018,PBI,FL,ASO,ES,Combined TRACON& Tower with Radar,199,117,125,0,441,0,10,31,0,41,199,127,156,0,482,0,0,0,482
03/13/2018,PBI,FL,ASO,ES,Combined TRACON& Tower with Radar,172,114,131,0,417,0,3,87,1,91,172,117,218,1,508,0,0,0,508
03/14/2018,PBI,FL,ASO,ES,Combined TRACON& Tower with Radar,196,118,179,0,493,0,5,72,2,79,196,123,251,2,572,20,0,20,592
03/15/2018,PBI,FL,ASO,ES,Combined TRACON& Tower with Radar,199,150,177,0,526,0,8,96,0,104,199,158,273,0,630,0,0,0,630
03/16/2018,PBI,FL,ASO,ES,Combined TRACON& Tower with Radar,195,161,203,0,559,0,5,59,0,64,195,166,262,0,623,0,0,0,623
03/17/2018,PBI,FL,ASO,ES,Combined TRACON& Tower with Radar,197,128,138,0,463,0,6,59,0,65,197,134,197,0,528,0,0,0,528
03/18/2018,PBI,FL,ASO,ES,Combined TRACON& Tower with Radar,192,188,234,0,614,0,5,54,2,61,192,193,288,2,675,0,0,0,675
03/19/2018,PBI,FL,ASO,ES,Combined TRACON& Tower with Radar,197,103,189,0,489,0,2,54,0,56,197,105,243,0,545,0,0,0,545
03/20/2018,PBI,FL,ASO,ES,Combined TRACON& Tower with Radar,197,118,179,4,498,0,2,41,1,44,197,120,220,5,542,0,0,0,542
03/21/2018,PBI,FL,ASO,ES,Combined TRACON& Tower with Radar,127,120,150,1,398,0,8,57,0,65,127,128,207,1,463,0,0,0,463
03/22/2018,PBI,FL,ASO,ES,Combined TRACON& Tower with Radar,179,198,199,2,578,0,10,73,2,85,179,208,272,4,663,0,0,0,663
03/23/2018,PBI,FL,ASO,ES,Combined TRACON& Tower with Radar,204,137,164,2,507,0,1,56,7,64,204,138,220,9,571,0,0,0,571
03/24/2018,PBI,FL,ASO,ES,Combined TRACON& Tower with Radar,201,47,31,0,279,0,0,6,0,6,201,47,37,0,285,0,0,0,285
03/25/2018,PBI,FL,ASO,ES,Combined TRACON& Tower with Radar,198,113,97,1,409,0,3,21,1,25,198,116,118,2,434,0,0,0,434
03/26/2018,PBI,FL,ASO,ES,Combined TRACON& Tower with Radar,200,149,163,12,524,0,4,56,0,60,200,153,219,12,584,0,0,0,584
03/27/2018,PBI,FL,ASO,ES,Combined TRACON& Tower with Radar,184,113,142,0,439,0,11,52,4,67,184,124,194,4,506,0,0,0,506
03/28/2018,PBI,FL,ASO,ES,Combined TRACON& Tower with Radar,196,135,144,0,475,0,7,81,3,91,196,142,225,3,566,0,0,0,566
03/29/2018,PBI,FL,ASO,ES,Combined TRACON& Tower with Radar,195,111,123,2,431,0,8,60,5,73,195,119,183,7,504,0,0,0,504
03/30/2018,PBI,FL,ASO,ES,Combined TRACON& Tower with Radar,200,55,41,0,296,0,0,8,0,8,200,55,49,0,304,0,0,0,304
03/31/2018,PBI,FL,ASO,ES,Combined TRACON& Tower with Radar,208,42,27,1,278,0,4,3,2,9,208,46,30,3,287,0,0,0,287
04/01/2018,PBI,FL,ASO,ES,Combined TRACON& Tower with Radar,190,105,79,2,376,0,4,20,0,24,190,109,99,2,400,0,0,0,400
04/02/2018,PBI,FL,ASO,ES,Combined TRACON& Tower with Radar,186,135,224,3,548,0,7,67,1,75,186,142,291,4,623,0,0,0,623
04/03/2018,PBI,FL,ASO,ES,Combined TRACON& Tower with Radar,182,137,142,5,466,0,4,65,2,71,182,141,207,7,537,0,0,0,537
04/04/2018,PBI,FL,ASO,ES,Combined TRACON& Tower with Radar,180,110,138,5,433,0,7,55,1,63,180,117,193,6,496,0,0,0,496
04/05/2018,PBI,FL,ASO,ES,Combined TRACON& Tower with Radar,196,113,151,0,460,0,5,93,2,100,196,118,244,2,560,0,0,0,560
04/06/2018,PBI,FL,ASO,ES,Combined TRACON& Tower with Radar,185,126,161,1,473,0,6,94,8,108,185,132,255,9,581,0,0,0,581
04/07/2018,PBI,FL,ASO,ES,Combined TRACON& Tower with Radar,194,112,123,0,429,0,3,31,0,34,194,115,154,0,463,0,0,0,463
04/08/2018,PBI,FL,ASO,ES,Combined TRACON& Tower with Radar,179,163,184,0,526,0,0,40,0,40,179,163,224,0,566,0,0,0,566
04/09/2018,PBI,FL,ASO,ES,Combined TRACON& Tower with Radar,179,115,126,1,421,0,9,111,1,121,179,124,237,2,542,0,0,0,542
04/10/2018,PBI,FL,ASO,ES,Combined TRACON& Tower with Radar,192,102,117,0,411,0,3,39,0,42,192,105,156,0,453,0,0,0,453
04/11/2018,PBI,FL,ASO,ES,Combined TRACON& Tower with Radar,183,107,174,4,468,0,3,73,0,76,183,110,247,4,544,0,0,0,544
04/12/2018,PBI,FL,ASO,ES,Combined TRACON& Tower with Radar,163,132,145,0,440,0,13,74,0,87,163,145,219,0,527,0,0,0,527
04/13/2018,PBI,FL,ASO,ES,Combined TRACON& Tower with Radar,177,107,165,2,451,0,10,85,1,96,177,117,250,3,547,0,0,0,547
04/14/2018,PBI,FL,ASO,ES,Combined TRACON& Tower with Radar,164,84,77,0,325,0,2,52,4,58,164,86,129,4,383,0,0,0,383
04/15/2018,PBI,FL,ASO,ES,Combined TRACON& Tower with Radar,155,137,150,2,444,0,0,40,2,42,155,137,190,4,486,0,0,0,486
04/16/2018,PBI,FL,ASO,ES,Combined TRACON& Tower with Radar,158,88,74,5,325,0,1,26,0,27,158,89,100,5,352,0,0,0,352
04/17/2018,PBI,FL,ASO,ES,Combined TRACON& Tower with Radar,163,44,34,7,248,0,1,16,2,19,163,45,50,9,267,0,0,0,267
04/18/2018,PBI,FL,ASO,ES,Combined TRACON& Tower with Radar,169,32,34,7,242,0,3,18,0,21,169,35,52,7,263,0,0,0,263
04/19/2018,PBI,FL,ASO,ES,Combined TRACON& Tower with Radar,171,42,38,4,255,0,8,14,1,23,171,50,52,5,278,0,0,0,278
04/20/2018,PBI,FL,ASO,ES,Combined TRACON& Tower with Radar,172,51,34,0,257,0,0,12,3,15,172,51,46,3,272,0,0,0,272
04/21/2018,PBI,FL,ASO,ES,Combined TRACON& Tower with Radar,166,41,24,0,231,0,5,13,0,18,166,46,37,0,249,0,0,0,249
04/22/2018,PBI,FL,ASO,ES,Combined TRACON& Tower with Radar,162,76,61,4,303,0,4,15,2,21,162,80,76,6,324,0,0,0,324
04/23/2018,PBI,FL,ASO,ES,Combined TRACON& Tower with Radar,170,101,138,4,413,0,1,40,6,47,170,102,178,10,460,0,0,0,460
04/24/2018,PBI,FL,ASO,ES,Combined TRACON& Tower with Radar,157,84,96,5,342,0,5,45,0,50,157,89,141,5,392,20,0,20,412
04/25/2018,PBI,FL,ASO,ES,Combined TRACON& Tower with Radar,158,81,152,5,396,0,5,75,5,85,158,86,227,10,481,0,0,0,481
04/26/2018,PBI,FL,ASO,ES,Combined TRACON& Tower with Radar,161,110,158,0,429,0,10,86,0,96,161,120,244,0,525,0,0,0,525
04/27/2018,PBI,FL,ASO,ES,Combined TRACON& Tower with Radar,166,97,122,0,385,0,10,54,6,70,166,107,176,6,455,0,0,0,455
04/28/2018,PBI,FL,ASO,ES,Combined TRACON& Tower with Radar,158,85,90,1,334,0,1,54,2,57,158,86,144,3,391,0,0,0,391
04/29/2018,PBI,FL,ASO,ES,Combined TRACON& Tower with Radar,148,124,164,1,437,0,7,55,2,64,148,131,219,3,501,0,0,0,501
04/30/2018,PBI,FL,ASO,ES,Combined TRACON& Tower with Radar,157,93,129,0,379,0,7,82,2,91,157,100,211,2,470,0,0,0,470
05/01/2018,PBI,FL,ASO,ES,Combined TRACON& Tower with Radar,150,100,136,0,386,0,7,65,4,76,150,107,201,4,462,0,0,0,462
05/02/2018,PBI,FL,ASO,ES,Combined TRACON& Tower with Radar,150,107,146,0,403,0,10,71,1,82,150,117,217,1,485,0,0,0,485
05/03/2018,PBI,FL,ASO,ES,Combined TRACON& Tower with Radar,145,100,120,0,365,0,8,76,4,88,145,108,196,4,453,0,0,0,453
05/04/2018,PBI,FL,ASO,ES,Combined TRACON& Tower with Radar,153,101,125,2,381,0,5,69,0,74,153,106,194,2,455,0,0,0,455
05/05/2018,PBI,FL,ASO,ES,Combined TRACON& Tower with Radar,137,68,63,0,268,0,8,35,1,44,137,76,98,1,312,0,0,0,312
05/06/2018,PBI,FL,ASO,ES,Combined TRACON& Tower with Radar,136,97,118,1,352,0,0,46,0,46,136,97,164,1,398,0,0,0,398
05/07/2018,PBI,FL,ASO,ES,Combined TRACON& Tower with Radar,146,103,103,0,352,0,11,52,0,63,146,114,155,0,415,0,0,0,415
05/08/2018,PBI,FL,ASO,ES,Combined TRACON& Tower with Radar,140,85,97,0,322,0,17,73,2,92,140,102,170,2,414,12,0,12,426
05/09/2018,PBI,FL,ASO,ES,Combined TRACON& Tower with Radar,145,97,102,0,344,0,10,63,4,77,145,107,165,4,421,0,0,0,421
05/10/2018,PBI,FL,ASO,ES,Combined TRACON& Tower with Radar,134,108,121,0,363,0,1,60,2,63,134,109,181,2,426,0,0,0,426
05/11/2018,PBI,FL,ASO,ES,Combined TRACON& Tower with Radar,157,106,115,0,378,0,13,69,4,86,157,119,184,4,464,0,0,0,464
05/12/2018,PBI,FL,ASO,ES,Combined TRACON& Tower with Radar,133,60,65,0,258,0,6,32,3,41,133,66,97,3,299,0,0,0,299
05/13/2018,PBI,FL,ASO,ES,Combined TRACON& Tower with Radar,136,78,87,0,301,0,0,15,1,16,136,78,102,1,317,0,0,0,317
05/14/2018,PBI,FL,ASO,ES,Combined TRACON& Tower with Radar,147,80,103,0,330,0,2,29,0,31,147,82,132,0,361,0,0,0,361
05/15/2018,PBI,FL,ASO,ES,Combined TRACON& Tower with Radar,138,87,92,0,317,0,4,31,2,37,138,91,123,2,354,0,0,0,354
05/16/2018,PBI,FL,ASO,ES,Combined TRACON& Tower with Radar,140,89,112,0,341,0,8,42,4,54,140,97,154,4,395,0,0,0,395
05/17/2018,PBI,FL,ASO,ES,Combined TRACON& Tower with Radar,151,82,101,0,334,0,6,43,1,50,151,88,144,1,384,0,0,0,384
05/18/2018,PBI,FL,ASO,ES,Combined TRACON& Tower with Radar,147,91,110,0,348,0,1,47,1,49,147,92,157,1,397,0,0,0,397
05/19/2018,PBI,FL,ASO,ES,Combined TRACON& Tower with Radar,151,64,46,0,261,0,0,12,0,12,151,64,58,0,273,0,0,0,273
05/20/2018,PBI,FL,ASO,ES,Combined TRACON& Tower with Radar,137,96,100,0,333,0,0,29,0,29,137,96,129,0,362,0,0,0,362
05/21/2018,PBI,FL,ASO,ES,Combined TRACON& Tower with Radar,145,72,108,0,325,0,9,36,2,47,145,81,144,2,372,0,0,0,372
05/22/2018,PBI,FL,ASO,ES,Combined TRACON& Tower with Radar,141,65,99,0,305,0,10,42,4,56,141,75,141,4,361,0,0,0,361
05/23/2018,PBI,FL,ASO,ES,Combined TRACON& Tower with Radar,148,63,88,0,299,0,6,70,3,79,148,69,158,3,378,0,0,0,378
05/24/2018,PBI,FL,ASO,ES,Combined TRACON& Tower with Radar,144,67,110,0,321,0,5,61,2,68,144,72,171,2,389,0,0,0,389
05/25/2018,PBI,FL,ASO,ES,Combined TRACON& Tower with Radar,154,82,122,0,358,0,4,45,1,50,154,86,167,1,408,0,0,0,408
05/26/2018,PBI,FL,ASO,ES,Combined TRACON& Tower with Radar,136,58,37,0,231,0,0,25,1,26,136,58,62,1,257,0,0,0,257
05/27/2018,PBI,FL,ASO,ES,Combined TRACON& Tower with Radar,124,42,49,0,215,0,1,15,0,16,124,43,64,0,231,0,0,0,231
05/28/2018,PBI,FL,ASO,ES,Combined TRACON& Tower with Radar,141,64,86,0,291,0,5,46,0,51,141,69,132,0,342,0,0,0,342
05/29/2018,PBI,FL,ASO,ES,Combined TRACON& Tower with Radar,140,68,95,1,304,0,6,53,1,60,140,74,148,2,364,0,0,0,364
05/30/2018,PBI,FL,ASO,ES,Combined TRACON& Tower with Radar,150,67,63,0,280,0,11,44,4,59,150,78,107,4,339,0,0,0,339
05/31/2018,PBI,FL,ASO,ES,Combined TRACON& Tower with Radar,143,71,82,0,296,0,3,72,2,77,143,74,154,2,373,0,0,0,373
06/01/2018,PBI,FL,ASO,ES,Combined TRACON& Tower with Radar,144,82,83,0,309,0,6,74,1,81,144,88,157,1,390,0,0,0,390
06/02/2018,PBI,FL,ASO,ES,Combined TRACON& Tower with Radar,138,48,47,0,233,0,4,33,0,37,138,52,80,0,270,0,0,0,270
06/03/2018,PBI,FL,ASO,ES,Combined TRACON& Tower with Radar,134,61,86,0,281,0,0,63,0,63,134,61,149,0,344,0,0,0,344
06/04/2018,PBI,FL,ASO,ES,Combined TRACON& Tower with Radar,144,70,79,0,293,0,4,53,0,57,144,74,132,0,350,0,0,0,350
06/05/2018,PBI,FL,ASO,ES,Combined TRACON& Tower with Radar,140,59,73,0,272,0,4,53,6,63,140,63,126,6,335,0,0,0,335
06/06/2018,PBI,FL,ASO,ES,Combined TRACON& Tower with Radar,148,57,73,0,278,0,7,110,3,120,148,64,183,3,398,15,0,15,413
06/07/2018,PBI,FL,ASO,ES,Combined TRACON& Tower with Radar,131,79,92,1,303,0,3,76,6,85,131,82,168,7,388,0,0,0,388
06/08/2018,PBI,FL,ASO,ES,Combined TRACON& Tower with Radar,141,85,75,0,301,0,9,54,0,63,141,94,129,0,364,0,0,0,364
06/09/2018,PBI,FL,ASO,ES,Combined TRACON& Tower with Radar,118,46,51,0,215,0,6,35,0,41,118,52,86,0,256,0,0,0,256
06/10/2018,PBI,FL,ASO,ES,Combined TRACON& Tower with Radar,127,64,69,0,260,0,3,55,0,58,127,67,124,0,318,0,0,0,318
06/11/2018,PBI,FL,ASO,ES,Combined TRACON& Tower with Radar,127,56,63,1,247,0,4,51,1,56,127,60,114,2,303,0,0,0,303
06/12/2018,PBI,FL,ASO,ES,Combined TRACON& Tower with Radar,136,61,69,0,266,0,4,77,3,84,136,65,146,3,350,0,0,0,350
06/13/2018,PBI,FL,ASO,ES,Combined TRACON& Tower with Radar,133,66,73,1,273,0,8,46,7,61,133,74,119,8,334,22,0,22,356
06/14/2018,PBI,FL,ASO,ES,Combined TRACON& Tower with Radar,125,65,79,0,269,0,11,80,2,93,125,76,159,2,362,0,0,0,362
06/15/2018,PBI,FL,ASO,ES,Combined TRACON& Tower with Radar,130,61,70,0,261,0,1,65,2,68,130,62,135,2,329,0,0,0,329
06/16/2018,PBI,FL,ASO,ES,Combined TRACON& Tower with Radar,110,63,55,1,229,0,3,52,0,55,110,66,107,1,284,0,0,0,284
06/17/2018,PBI,FL,ASO,ES,Combined TRACON& Tower with Radar,116,42,59,0,217,0,4,60,0,64,116,46,119,0,281,0,0,0,281
06/18/2018,PBI,FL,ASO,ES,Combined TRACON& Tower with Radar,125,68,72,1,266,0,13,54,1,68,125,81,126,2,334,0,0,0,334
06/19/2018,PBI,FL,ASO,ES,Combined TRACON& Tower with Radar,118,51,79,2,250,0,7,52,2,61,118,58,131,4,311,0,0,0,311
06/20/2018,PBI,FL,ASO,ES,Combined TRACON& Tower with Radar,126,60,73,0,259,0,2,140,1,143,126,62,213,1,402,0,0,0,402
06/21/2018,PBI,FL,ASO,ES,Combined TRACON& Tower with Radar,124,59,81,0,264,0,4,72,4,80,124,63,153,4,344,0,0,0,344
06/22/2018,PBI,FL,ASO,ES,Combined TRACON& Tower with Radar,151,73,75,2,301,0,6,57,10,73,151,79,132,12,374,0,0,0,374
06/23/2018,PBI,FL,ASO,ES,Combined TRACON& Tower with Radar,114,32,54,0,200,0,1,38,0,39,114,33,92,0,239,0,0,0,239
06/24/2018,PBI,FL,ASO,ES,Combined TRACON& Tower with Radar,121,40,69,2,232,0,5,47,0,52,121,45,116,2,284,0,0,0,284
06/25/2018,PBI,FL,ASO,ES,Combined TRACON& Tower with Radar,122,57,68,0,247,0,4,43,0,47,122,61,111,0,294,0,0,0,294
06/26/2018,PBI,FL,ASO,ES,Combined TRACON& Tower with Radar,125,55,69,0,249,0,4,56,0,60,125,59,125,0,309,0,0,0,309
06/27/2018,PBI,FL,ASO,ES,Combined TRACON& Tower with Radar,127,58,80,0,265,0,6,55,0,61,127,64,135,0,326,0,0,0,326
06/28/2018,PBI,FL,ASO,ES,Combined TRACON& Tower with Radar,125,60,54,0,239,0,2,51,0,53,125,62,105,0,292,0,0,0,292
06/29/2018,PBI,FL,ASO,ES,Combined TRACON& Tower with Radar,139,61,103,0,303,0,6,60,2,68,139,67,163,2,371,0,0,0,371
06/30/2018,PBI,FL,ASO,ES,Combined TRACON& Tower with Radar,118,47,69,0,234,0,4,50,0,54,118,51,119,0,288,0,0,0,288
07/01/2018,PBI,FL,ASO,ES,Combined TRACON& Tower with Radar,115,67,74,2,258,0,8,52,0,60,115,75,126,2,318,0,0,0,318
07/02/2018,PBI,FL,ASO,ES,Combined TRACON& Tower with Radar,114,56,40,0,210,0,7,63,0,70,114,63,103,0,280,0,0,0,280
07/03/2018,PBI,FL,ASO,ES,Combined TRACON& Tower with Radar,109,59,49,4,221,0,11,73,0,84,109,70,122,4,305,0,0,0,305
07/04/2018,PBI,FL,ASO,ES,Combined TRACON& Tower with Radar,111,24,25,0,160,0,3,43,0,46,111,27,68,0,206,0,0,0,206
07/05/2018,PBI,FL,ASO,ES,Combined TRACON& Tower with Radar,114,32,52,0,198,0,8,70,0,78,114,40,122,0,276,0,0,0,276
07/06/2018,PBI,FL,ASO,ES,Combined TRACON& Tower with Radar,126,37,71,0,234,0,5,70,0,75,126,42,141,0,309,0,0,0,309
07/07/2018,PBI,FL,ASO,ES,Combined TRACON& Tower with Radar,117,29,64,0,210,0,3,33,0,36,117,32,97,0,246,0,0,0,246
07/08/2018,PBI,FL,ASO,ES,Combined TRACON& Tower with Radar,119,51,98,0,268,0,8,58,0,66,119,59,156,0,334,0,0,0,334
07/09/2018,PBI,FL,ASO,ES,Combined TRACON& Tower with Radar,128,39,75,0,242,0,4,72,3,79,128,43,147,3,321,0,0,0,321
07/10/2018,PBI,FL,ASO,ES,Combined TRACON& Tower with Radar,126,43,79,0,248,0,2,40,1,43,126,45,119,1,291,0,0,0,291
07/11/2018,PBI,FL,ASO,ES,Combined TRACON& Tower with Radar,128,44,71,0,243,0,8,54,1,63,128,52,125,1,306,0,0,0,306
07/12/2018,PBI,FL,ASO,ES,Combined TRACON& Tower with Radar,130,42,95,1,268,0,8,49,1,58,130,50,144,2,326,0,0,0,326
07/13/2018,PBI,FL,ASO,ES,Combined TRACON& Tower with Radar,132,44,67,1,244,0,11,76,3,90,132,55,143,4,334,0,0,0,334
07/14/2018,PBI,FL,ASO,ES,Combined TRACON& Tower with Radar,110,36,47,0,193,0,5,58,2,65,110,41,105,2,258,0,0,0,258
07/15/2018,PBI,FL,ASO,ES,Combined TRACON& Tower with Radar,115,31,75,0,221,0,5,52,0,57,115,36,127,0,278,0,0,0,278
07/16/2018,PBI,FL,ASO,ES,Combined TRACON& Tower with Radar,123,55,77,0,255,0,17,64,2,83,123,72,141,2,338,20,0,20,358
07/17/2018,PBI,FL,ASO,ES,Combined TRACON& Tower with Radar,106,42,40,0,188,0,8,54,0,62,106,50,94,0,250,0,0,0,250
07/18/2018,PBI,FL,ASO,ES,Combined TRACON& Tower with Radar,135,42,77,1,255,0,7,52,4,63,135,49,129,5,318,0,0,0,318
07/19/2018,PBI,FL,ASO,ES,Combined TRACON& Tower with Radar,125,41,63,0,229,1,9,59,0,69,126,50,122,0,298,0,0,0,298
07/20/2018,PBI,FL,ASO,ES,Combined TRACON& Tower with Radar,130,57,58,0,245,0,4,53,6,63,130,61,111,6,308,0,0,0,308
07/21/2018,PBI,FL,ASO,ES,Combined TRACON& Tower with Radar,111,38,44,0,193,0,3,27,0,30,111,41,71,0,223,0,0,0,223
07/22/2018,PBI,FL,ASO,ES,Combined TRACON& Tower with Radar,128,41,49,0,218,0,5,37,2,44,128,46,86,2,262,0,0,0,262
07/23/2018,PBI,FL,ASO,ES,Combined TRACON& Tower with Radar,134,53,56,0,243,0,6,42,0,48,134,59,98,0,291,0,0,0,291
07/24/2018,PBI,FL,ASO,ES,Combined TRACON& Tower with Radar,126,57,81,0,264,0,7,61,0,68,126,64,142,0,332,0,0,0,332
07/25/2018,PBI,FL,ASO,ES,Combined TRACON& Tower with Radar,127,65,67,0,259,0,9,54,0,63,127,74,121,0,322,0,0,0,322
07/26/2018,PBI,FL,ASO,ES,Combined TRACON& Tower with Radar,133,66,66,0,265,0,5,78,0,83,133,71,144,0,348,0,0,0,348
07/27/2018,PBI,FL,ASO,ES,Combined TRACON& Tower with Radar,122,59,70,0,251,0,3,79,2,84,122,62,149,2,335,0,0,0,335
07/28/2018,PBI,FL,ASO,ES,Combined TRACON& Tower with Radar,114,43,36,2,195,0,3,33,4,40,114,46,69,6,235,0,0,0,235
07/29/2018,PBI,FL,ASO,ES,Combined TRACON& Tower with Radar,121,57,61,0,239,0,1,33,0,34,121,58,94,0,273,0,0,0,273
07/30/2018,PBI,FL,ASO,ES,Combined TRACON& Tower with Radar,124,63,74,0,261,0,5,50,0,55,124,68,124,0,316,0,0,0,316
07/31/2018,PBI,FL,ASO,ES,Combined TRACON& Tower with Radar,127,54,61,0,242,0,7,45,3,55,127,61,106,3,297,0,0,0,297
08/01/2018,PBI,FL,ASO,ES,Combined TRACON& Tower with Radar,122,41,63,0,226,0,2,52,0,54,122,43,115,0,280,0,0,0,280
08/02/2018,PBI,FL,ASO,ES,Combined TRACON& Tower with Radar,125,41,73,4,243,0,8,71,0,79,125,49,144,4,322,0,0,0,322
08/03/2018,PBI,FL,ASO,ES,Combined TRACON& Tower with Radar,123,43,55,11,232,0,8,53,6,67,123,51,108,17,299,0,0,0,299
08/04/2018,PBI,FL,ASO,ES,Combined TRACON& Tower with Radar,109,29,42,3,183,0,4,38,0,42,109,33,80,3,225,0,0,0,225
08/05/2018,PBI,FL,ASO,ES,Combined TRACON& Tower with Radar,120,34,75,0,229,0,3,54,0,57,120,37,129,0,286,0,0,0,286
08/06/2018,PBI,FL,ASO,ES,Combined TRACON& Tower with Radar,126,41,61,0,228,0,8,56,0,64,126,49,117,0,292,0,0,0,292
08/07/2018,PBI,FL,ASO,ES,Combined TRACON& Tower with Radar,119,50,62,2,233,0,12,70,2,84,119,62,132,4,317,0,0,0,317
08/08/2018,PBI,FL,ASO,ES,Combined TRACON& Tower with Radar,127,36,62,1,226,0,18,71,2,91,127,54,133,3,317,0,0,0,317
08/09/2018,PBI,FL,ASO,ES,Combined TRACON& Tower with Radar,130,42,74,0,246,0,4,53,3,60,130,46,127,3,306,0,0,0,306
08/10/2018,PBI,FL,ASO,ES,Combined TRACON& Tower with Radar,153,41,82,0,276,0,8,48,2,58,153,49,130,2,334,0,0,0,334
08/11/2018,PBI,FL,ASO,ES,Combined TRACON& Tower with Radar,112,27,30,0,169,0,4,33,0,37,112,31,63,0,206,0,0,0,206
08/12/2018,PBI,FL,ASO,ES,Combined TRACON& Tower with Radar,109,44,70,0,223,0,5,33,0,38,109,49,103,0,261,0,0,0,261
08/13/2018,PBI,FL,ASO,ES,Combined TRACON& Tower with Radar,111,50,86,0,247,0,1,55,2,58,111,51,141,2,305,0,0,0,305
08/14/2018,PBI,FL,ASO,ES,Combined TRACON& Tower with Radar,123,40,60,0,223,0,6,50,0,56,123,46,110,0,279,0,0,0,279
08/15/2018,PBI,FL,ASO,ES,Combined TRACON& Tower with Radar,124,60,58,10,252,0,5,48,0,53,124,65,106,10,305,0,0,0,305
08/16/2018,PBI,FL,ASO,ES,Combined TRACON& Tower with Radar,123,65,57,4,249,0,9,78,3,90,123,74,135,7,339,0,0,0,339
08/17/2018,PBI,FL,ASO,ES,Combined TRACON& Tower with Radar,121,44,45,1,211,0,9,55,3,67,121,53,100,4,278,0,0,0,278
08/18/2018,PBI,FL,ASO,ES,Combined TRACON& Tower with Radar,107,29,35,0,171,0,7,40,1,48,107,36,75,1,219,0,0,0,219
08/19/2018,PBI,FL,ASO,ES,Combined TRACON& Tower with Radar,112,40,60,0,212,0,2,39,4,45,112,42,99,4,257,0,0,0,257
08/20/2018,PBI,FL,ASO,ES,Combined TRACON& Tower with Radar,123,53,61,2,239,0,5,53,0,58,123,58,114,2,297,0,0,0,297
08/21/2018,PBI,FL,ASO,ES,Combined TRACON& Tower with Radar,115,48,64,1,228,0,7,46,0,53,115,55,110,1,281,0,0,0,281
08/22/2018,PBI,FL,ASO,ES,Combined TRACON& Tower with Radar,124,36,68,0,228,0,11,51,2,64,124,47,119,2,292,0,0,0,292
08/23/2018,PBI,FL,ASO,ES,Combined TRACON& Tower with Radar,123,48,73,0,244,0,6,55,0,61,123,54,128,0,305,0,0,0,305
08/24/2018,PBI,FL,ASO,ES,Combined TRACON& Tower with Radar,125,32,66,2,225,0,11,50,0,61,125,43,116,2,286,0,0,0,286
08/25/2018,PBI,FL,ASO,ES,Combined TRACON& Tower with Radar,102,42,32,0,176,0,6,33,0,39,102,48,65,0,215,0,0,0,215
08/26/2018,PBI,FL,ASO,ES,Combined TRACON& Tower with Radar,113,46,49,0,208,0,2,59,0,61,113,48,108,0,269,0,0,0,269
08/27/2018,PBI,FL,ASO,ES,Combined TRACON& Tower with Radar,118,44,64,0,226,0,8,52,0,60,118,52,116,0,286,0,0,0,286
08/28/2018,PBI,FL,ASO,ES,Combined TRACON& Tower with Radar,111,39,56,1,207,0,4,45,0,49,111,43,101,1,256,0,0,0,256
08/29/2018,PBI,FL,ASO,ES,Combined TRACON& Tower with Radar,119,45,59,0,223,0,12,43,0,55,119,57,102,0,278,0,0,0,278
08/30/2018,PBI,FL,ASO,ES,Combined TRACON& Tower with Radar,118,53,93,2,266,0,5,54,2,61,118,58,147,4,327,0,0,0,327
08/31/2018,PBI,FL,ASO,ES,Combined TRACON& Tower with Radar,124,61,86,0,271,0,9,62,2,73,124,70,148,2,344,0,0,0,344
09/01/2018,PBI,FL,ASO,ES,Combined TRACON& Tower with Radar,94,32,37,0,163,0,2,24,0,26,94,34,61,0,189,0,0,0,189
09/02/2018,PBI,FL,ASO,ES,Combined TRACON& Tower with Radar,96,22,57,0,175,0,2,32,0,34,96,24,89,0,209,0,0,0,209
09/03/2018,PBI,FL,ASO,ES,Combined TRACON& Tower with Radar,108,42,77,0,227,0,0,26,0,26,108,42,103,0,253,0,0,0,253
09/04/2018,PBI,FL,ASO,ES,Combined TRACON& Tower with Radar,106,53,74,0,233,0,6,50,2,58,106,59,124,2,291,0,0,0,291
09/05/2018,PBI,FL,ASO,ES,Combined TRACON& Tower with Radar,113,36,54,1,204,0,4,65,1,70,113,40,119,2,274,0,0,0,274
09/06/2018,PBI,FL,ASO,ES,Combined TRACON& Tower with Radar,107,35,62,0,204,0,6,48,5,59,107,41,110,5,263,0,0,0,263
09/07/2018,PBI,FL,ASO,ES,Combined TRACON& Tower with Radar,108,42,70,2,222,0,8,46,0,54,108,50,116,2,276,0,0,0,276
09/08/2018,PBI,FL,ASO,ES,Combined TRACON& Tower with Radar,93,23,30,0,146,0,5,33,2,40,93,28,63,2,186,0,0,0,186
09/09/2018,PBI,FL,ASO,ES,Combined TRACON& Tower with Radar,103,56,61,0,220,0,3,29,0,32,103,59,90,0,252,0,0,0,252
09/10/2018,PBI,FL,ASO,ES,Combined TRACON& Tower with Radar,114,54,62,0,230,0,4,41,2,47,114,58,103,2,277,0,0,0,277
09/11/2018,PBI,FL,ASO,ES,Combined TRACON& Tower with Radar,116,50,69,0,235,0,10,49,2,61,116,60,118,2,296,0,0,0,296
09/12/2018,PBI,FL,ASO,ES,Combined TRACON& Tower with Radar,116,42,85,0,243,0,4,61,2,67,116,46,146,2,310,0,0,0,310
09/13/2018,PBI,FL,ASO,ES,Combined TRACON& Tower with Radar,120,45,75,9,249,0,7,57,0,64,120,52,132,9,313,0,0,0,313
09/14/2018,PBI,FL,ASO,ES,Combined TRACON& Tower with Radar,126,59,85,0,270,0,3,64,0,67,126,62,149,0,337,0,0,0,337
09/15/2018,PBI,FL,ASO,ES,Combined TRACON& Tower with Radar,91,30,31,0,152,0,6,24,0,30,91,36,55,0,182,0,0,0,182
09/16/2018,PBI,FL,ASO,ES,Combined TRACON& Tower with Radar,99,46,63,0,208,0,2,44,0,46,99,48,107,0,254,0,0,0,254
09/17/2018,PBI,FL,ASO,ES,Combined TRACON& Tower with Radar,118,62,64,0,244,0,5,41,0,46,118,67,105,0,290,0,0,0,290
09/18/2018,PBI,FL,ASO,ES,Combined TRACON& Tower with Radar,112,48,67,0,227,0,8,47,0,55,112,56,114,0,282,0,0,0,282
09/19/2018,PBI,FL,ASO,ES,Combined TRACON& Tower with Radar,114,41,69,0,224,0,11,63,0,74,114,52,132,0,298,0,0,0,298
09/20/2018,PBI,FL,ASO,ES,Combined TRACON& Tower with Radar,117,42,71,6,236,0,5,52,0,57,117,47,123,6,293,0,0,0,293
09/21/2018,PBI,FL,ASO,ES,Combined TRACON& Tower with Radar,117,48,72,0,237,0,5,50,0,55,117,53,122,0,292,0,0,0,292
09/22/2018,PBI,FL,ASO,ES,Combined TRACON& Tower with Radar,94,30,49,0,173,0,12,32,2,46,94,42,81,2,219,0,0,0,219
09/23/2018,PBI,FL,ASO,ES,Combined TRACON& Tower with Radar,104,46,82,1,233,0,6,33,2,41,104,52,115,3,274,0,0,0,274
09/24/2018,PBI,FL,ASO,ES,Combined TRACON& Tower with Radar,114,24,63,1,202,0,3,46,1,50,114,27,109,2,252,0,0,0,252
09/25/2018,PBI,FL,ASO,ES,Combined TRACON& Tower with Radar,112,44,59,0,215,0,10,53,3,66,112,54,112,3,281,0,0,0,281
09/26/2018,PBI,FL,ASO,ES,Combined TRACON& Tower with Radar,110,49,80,1,240,0,11,63,5,79,110,60,143,6,319,0,0,0,319
09/27/2018,PBI,FL,ASO,ES,Combined TRACON& Tower with Radar,125,36,92,1,254,0,11,42,2,55,125,47,134,3,309,0,0,0,309
09/28/2018,PBI,FL,ASO,ES,Combined TRACON& Tower with Radar,126,59,81,4,270,0,3,39,2,44,126,62,120,6,314,0,0,0,314
09/29/2018,PBI,FL,ASO,ES,Combined TRACON& Tower with Radar,92,30,46,0,168,0,6,37,2,45,92,36,83,2,213,0,0,0,213
09/30/2018,PBI,FL,ASO,ES,Combined TRACON& Tower with Radar,106,53,91,0,250,0,7,51,0,58,106,60,142,0,308,0,0,0,308
10/01/2018,PBI,FL,ASO,ES,Combined TRACON& Tower with Radar,116,66,81,2,265,0,9,47,2,58,116,75,128,4,323,0,0,0,323
10/02/2018,PBI,FL,ASO,ES,Combined TRACON& Tower with Radar,112,49,50,0,211,0,8,30,0,38,112,57,80,0,249,0,0,0,249
10/03/2018,PBI,FL,ASO,ES,Combined TRACON& Tower with Radar,113,43,83,0,239,0,6,59,0,65,113,49,142,0,304,0,0,0,304
10/04/2018,PBI,FL,ASO,ES,Combined TRACON& Tower with Radar,120,63,94,1,278,0,3,46,2,51,120,66,140,3,329,0,0,0,329
10/05/2018,PBI,FL,ASO,ES,Combined TRACON& Tower with Radar,122,60,83,0,265,0,8,70,0,78,122,68,153,0,343,0,0,0,343
10/06/2018,PBI,FL,ASO,ES,Combined TRACON& Tower with Radar,94,40,56,0,190,0,12,47,2,61,94,52,103,2,251,0,0,0,251
10/07/2018,PBI,FL,ASO,ES,Combined TRACON& Tower with Radar,108,46,97,1,252,0,4,41,2,47,108,50,138,3,299,0,0,0,299
10/08/2018,PBI,FL,ASO,ES,Combined TRACON& Tower with Radar,116,42,65,0,223,0,6,39,0,45,116,48,104,0,268,0,0,0,268
10/09/2018,PBI,FL,ASO,ES,Combined TRACON& Tower with Radar,116,54,65,0,235,0,11,57,0,68,116,65,122,0,303,0,0,0,303
10/10/2018,PBI,FL,ASO,ES,Combined TRACON& Tower with Radar,110,60,76,0,246,0,12,42,0,54,110,72,118,0,300,0,0,0,300
10/11/2018,PBI,FL,ASO,ES,Combined TRACON& Tower with Radar,120,56,64,0,240,0,8,48,0,56,120,64,112,0,296,0,0,0,296
10/12/2018,PBI,FL,ASO,ES,Combined TRACON& Tower with Radar,125,83,93,1,302,0,5,45,1,51,125,88,138,2,353,0,0,0,353
10/13/2018,PBI,FL,ASO,ES,Combined TRACON& Tower with Radar,98,63,49,0,210,0,13,41,2,56,98,76,90,2,266,0,0,0,266
10/14/2018,PBI,FL,ASO,ES,Combined TRACON& Tower with Radar,110,63,82,0,255,0,1,33,0,34,110,64,115,0,289,0,0,0,289
10/15/2018,PBI,FL,ASO,ES,Combined TRACON& Tower with Radar,113,85,85,0,283,0,7,38,0,45,113,92,123,0,328,0,0,0,328
10/16/2018,PBI,FL,ASO,ES,Combined TRACON& Tower with Radar,120,69,71,2,262,0,3,46,2,51,120,72,117,4,313,0,0,0,313
10/17/2018,PBI,FL,ASO,ES,Combined TRACON& Tower with Radar,118,60,98,0,276,0,17,78,0,95,118,77,176,0,371,0,0,0,371
10/18/2018,PBI,FL,ASO,ES,Combined TRACON& Tower with Radar,120,79,88,0,287,0,6,61,0,67,120,85,149,0,354,0,0,0,354
10/19/2018,PBI,FL,ASO,ES,Combined TRACON& Tower with Radar,128,77,127,2,334,0,7,59,2,68,128,84,186,4,402,0,0,0,402
10/20/2018,PBI,FL,ASO,ES,Combined TRACON& Tower with Radar,98,63,72,2,235,0,3,38,5,46,98,66,110,7,281,0,0,0,281
10/21/2018,PBI,FL,ASO,ES,Combined TRACON& Tower with Radar,107,78,104,0,289,0,4,51,1,56,107,82,155,1,345,0,0,0,345
10/22/2018,PBI,FL,ASO,ES,Combined TRACON& Tower with Radar,121,62,83,2,268,0,11,52,0,63,121,73,135,2,331,0,0,0,331
10/23/2018,PBI,FL,ASO,ES,Combined TRACON& Tower with Radar,119,90,73,0,282,0,12,63,0,75,119,102,136,0,357,0,0,0,357
10/24/2018,PBI,FL,ASO,ES,Combined TRACON& Tower with Radar,119,80,111,0,310,0,10,43,3,56,119,90,154,3,366,0,0,0,366
10/25/2018,PBI,FL,ASO,ES,Combined TRACON& Tower with Radar,119,89,131,0,339,0,3,55,1,59,119,92,186,1,398,0,0,0,398
10/26/2018,PBI,FL,ASO,ES,Combined TRACON& Tower with Radar,125,99,131,0,355,0,6,47,1,54,125,105,178,1,409,0,0,0,409
10/27/2018,PBI,FL,ASO,ES,Combined TRACON& Tower with Radar,94,53,73,8,228,0,1,37,0,38,94,54,110,8,266,0,0,0,266
10/28/2018,PBI,FL,ASO,ES,Combined TRACON& Tower with Radar,118,82,100,0,300,0,7,31,0,38,118,89,131,0,338,0,0,0,338
10/29/2018,PBI,FL,ASO,ES,Combined TRACON& Tower with Radar,125,70,106,4,305,0,8,72,0,80,125,78,178,4,385,0,0,0,385
10/30/2018,PBI,FL,ASO,ES,Combined TRACON& Tower with Radar,122,88,85,9,304,0,15,68,0,83,122,103,153,9,387,0,0,0,387
10/31/2018,PBI,FL,ASO,ES,Combined TRACON& Tower with Radar,112,86,87,1,286,0,7,36,0,43,112,93,123,1,329,0,0,0,329
11/01/2018,PBI,FL,ASO,ES,Combined TRACON& Tower with Radar,123,109,126,4,362,0,3,69,0,72,123,112,195,4,434,0,0,0,434
11/02/2018,PBI,FL,ASO,ES,Combined TRACON& Tower with Radar,131,89,124,10,354,0,3,29,1,33,131,92,153,11,387,0,0,0,387
11/03/2018,PBI,FL,ASO,ES,Combined TRACON& Tower with Radar,119,61,85,6,271,0,3,39,1,43,119,64,124,7,314,0,0,0,314
11/04/2018,PBI,FL,ASO,ES,Combined TRACON& Tower with Radar,121,104,153,4,382,0,1,52,2,55,121,105,205,6,437,0,0,0,437
11/05/2018,PBI,FL,ASO,ES,Combined TRACON& Tower with Radar,133,83,114,8,338,0,7,65,2,74,133,90,179,10,412,0,0,0,412
11/06/2018,PBI,FL,ASO,ES,Combined TRACON& Tower with Radar,132,92,125,2,351,0,8,67,2,77,132,100,192,4,428,0,0,0,428
11/07/2018,PBI,FL,ASO,ES,Combined TRACON& Tower with Radar,130,101,131,1,363,0,19,60,5,84,130,120,191,6,447,0,0,0,447
11/08/2018,PBI,FL,ASO,ES,Combined TRACON& Tower with Radar,142,101,158,0,401,0,2,64,4,70,142,103,222,4,471,0,0,0,471
11/09/2018,PBI,FL,ASO,ES,Combined TRACON& Tower with Radar,148,103,142,1,394,0,4,55,0,59,148,107,197,1,453,0,0,0,453
11/10/2018,PBI,FL,ASO,ES,Combined TRACON& Tower with Radar,129,65,68,0,262,0,8,26,0,34,129,73,94,0,296,0,0,0,296
11/11/2018,PBI,FL,ASO,ES,Combined TRACON& Tower with Radar,130,104,130,1,365,0,19,49,4,72,130,123,179,5,437,0,0,0,437
11/12/2018,PBI,FL,ASO,ES,Combined TRACON& Tower with Radar,142,87,115,0,344,0,7,55,4,66,142,94,170,4,410,0,0,0,410
11/13/2018,PBI,FL,ASO,ES,Combined TRACON& Tower with Radar,137,85,103,17,342,0,4,58,4,66,137,89,161,21,408,0,0,0,408
11/14/2018,PBI,FL,ASO,ES,Combined TRACON& Tower with Radar,143,103,124,1,371,0,6,57,5,68,143,109,181,6,439,0,0,0,439
11/15/2018,PBI,FL,ASO,ES,Combined TRACON& Tower with Radar,136,101,145,2,384,0,9,65,2,76,136,110,210,4,460,0,0,0,460
11/16/2018,PBI,FL,ASO,ES,Combined TRACON& Tower with Radar,146,117,150,1,414,0,4,60,3,67,146,121,210,4,481,0,0,0,481
11/17/2018,PBI,FL,ASO,ES,Combined TRACON& Tower with Radar,142,84,98,2,326,0,10,38,1,49,142,94,136,3,375,0,0,0,375
11/18/2018,PBI,FL,ASO,ES,Combined TRACON& Tower with Radar,148,140,158,1,447,0,1,61,8,70,148,141,219,9,517,0,0,0,517
11/19/2018,PBI,FL,ASO,ES,Combined TRACON& Tower with Radar,150,127,120,3,400,0,0,59,3,62,150,127,179,6,462,0,0,0,462
11/20/2018,PBI,FL,ASO,ES,Combined TRACON& Tower with Radar,165,72,87,2,326,0,5,46,3,54,165,77,133,5,380,0,0,0,380
11/21/2018,PBI,FL,ASO,ES,Combined TRACON& Tower with Radar,161,24,34,0,219,0,4,8,0,12,161,28,42,0,231,0,0,0,231
11/22/2018,PBI,FL,ASO,ES,Combined TRACON& Tower with Radar,106,17,7,0,130,0,2,4,0,6,106,19,11,0,136,0,0,0,136
11/23/2018,PBI,FL,ASO,ES,Combined TRACON& Tower with Radar,125,28,17,0,170,0,2,4,0,6,125,30,21,0,176,0,0,0,176
11/24/2018,PBI,FL,ASO,ES,Combined TRACON& Tower with Radar,163,23,18,0,204,0,2,4,2,8,163,25,22,2,212,0,0,0,212
11/25/2018,PBI,FL,ASO,ES,Combined TRACON& Tower with Radar,165,52,85,3,305,0,4,12,0,16,165,56,97,3,321,0,0,0,321
11/26/2018,PBI,FL,ASO,ES,Combined TRACON& Tower with Radar,170,93,91,7,361,0,3,38,4,45,170,96,129,11,406,0,0,0,406
11/27/2018,PBI,FL,ASO,ES,Combined TRACON& Tower with Radar,152,103,104,0,359,0,13,56,3,72,152,116,160,3,431,0,0,0,431
11/28/2018,PBI,FL,ASO,ES,Combined TRACON& Tower with Radar,138,85,116,0,339,0,7,56,4,67,138,92,172,4,406,0,0,0,406
11/29/2018,PBI,FL,ASO,ES,Combined TRACON& Tower with Radar,152,111,112,0,375,0,5,51,2,58,152,116,163,2,433,0,0,0,433
11/30/2018,PBI,FL,ASO,ES,Combined TRACON& Tower with Radar,147,108,154,0,409,1,8,53,0,62,148,116,207,0,471,0,0,0,471
12/01/2018,PBI,FL,ASO,ES,Combined TRACON& Tower with Radar,129,76,74,0,279,0,7,39,2,48,129,83,113,2,327,0,0,0,327
12/02/2018,PBI,FL,ASO,ES,Combined TRACON& Tower with Radar,136,112,141,0,389,0,2,45,5,52,136,114,186,5,441,0,0,0,441
12/03/2018,PBI,FL,ASO,ES,Combined TRACON& Tower with Radar,142,83,128,6,359,0,14,43,3,60,142,97,171,9,419,0,0,0,419
12/04/2018,PBI,FL,ASO,ES,Combined TRACON& Tower with Radar,148,92,101,2,343,0,8,53,3,64,148,100,154,5,407,0,0,0,407
12/05/2018,PBI,FL,ASO,ES,Combined TRACON& Tower with Radar,142,88,126,0,356,0,12,50,2,64,142,100,176,2,420,0,0,0,420
12/06/2018,PBI,FL,ASO,ES,Combined TRACON& Tower with Radar,149,100,121,0,370,0,13,63,2,78,149,113,184,2,448,0,0,0,448
12/07/2018,PBI,FL,ASO,ES,Combined TRACON& Tower with Radar,146,94,120,2,362,0,4,62,3,69,146,98,182,5,431,0,0,0,431
12/08/2018,PBI,FL,ASO,ES,Combined TRACON& Tower with Radar,126,77,74,2,279,0,5,34,2,41,126,82,108,4,320,0,0,0,320
12/09/2018,PBI,FL,ASO,ES,Combined TRACON& Tower with Radar,160,98,131,0,389,0,2,29,2,33,160,100,160,2,422,0,0,0,422
12/10/2018,PBI,FL,ASO,ES,Combined TRACON& Tower with Radar,133,89,120,4,346,0,8,48,1,57,133,97,168,5,403,0,0,0,403
12/11/2018,PBI,FL,ASO,ES,Combined TRACON& Tower with Radar,147,96,123,2,368,0,1,53,1,55,147,97,176,3,423,0,0,0,423
12/12/2018,PBI,FL,ASO,ES,Combined TRACON& Tower with Radar,148,89,138,2,377,0,6,52,4,62,148,95,190,6,439,0,0,0,439
12/13/2018,PBI,FL,ASO,ES,Combined TRACON& Tower with Radar,151,82,105,0,338,0,1,80,1,82,151,83,185,1,420,0,0,0,420
12/14/2018,PBI,FL,ASO,ES,Combined TRACON& Tower with Radar,154,100,143,0,397,0,2,44,0,46,154,102,187,0,443,0,0,0,443
12/15/2018,PBI,FL,ASO,ES,Combined TRACON& Tower with Radar,135,86,98,0,319,0,5,26,1,32,135,91,124,1,351,0,0,0,351
12/16/2018,PBI,FL,ASO,ES,Combined TRACON& Tower with Radar,140,89,89,0,318,0,4,30,0,34,140,93,119,0,352,0,0,0,352
12/17/2018,PBI,FL,ASO,ES,Combined TRACON& Tower with Radar,146,104,94,2,346,0,7,67,1,75,146,111,161,3,421,0,0,0,421
12/18/2018,PBI,FL,ASO,ES,Combined TRACON& Tower with Radar,160,91,97,6,354,0,5,69,7,81,160,96,166,13,435,0,0,0,435
12/19/2018,PBI,FL,ASO,ES,Combined TRACON& Tower with Radar,183,94,122,2,401,0,6,53,2,61,183,100,175,4,462,0,0,0,462
12/20/2018,PBI,FL,ASO,ES,Combined TRACON& Tower with Radar,222,94,114,2,432,1,2,23,2,28,223,96,137,4,460,0,0,0,460
12/21/2018,PBI,FL,ASO,ES,Combined TRACON& Tower with Radar,198,109,89,2,398,0,2,30,0,32,198,111,119,2,430,0,0,0,430
12/22/2018,PBI,FL,ASO,ES,Combined TRACON& Tower with Radar,211,97,66,0,374,0,7,43,0,50,211,104,109,0,424,0,0,0,424
12/23/2018,PBI,FL,ASO,ES,Combined TRACON& Tower with Radar,206,77,61,3,347,0,2,40,2,44,206,79,101,5,391,0,0,0,391
12/24/2018,PBI,FL,ASO,ES,Combined TRACON& Tower with Radar,176,61,32,5,274,0,3,27,8,38,176,64,59,13,312,0,0,0,312
12/25/2018,PBI,FL,ASO,ES,Combined TRACON& Tower with Radar,165,105,25,0,295,0,2,17,4,23,165,107,42,4,318,0,0,0,318
12/26/2018,PBI,FL,ASO,ES,Combined TRACON& Tower with Radar,215,133,177,0,525,0,6,46,4,56,215,139,223,4,581,0,0,0,581
12/27/2018,PBI,FL,ASO,ES,Combined TRACON& Tower with Radar,228,136,169,2,535,0,8,33,4,45,228,144,202,6,580,0,0,0,580
12/28/2018,PBI,FL,ASO,ES,Combined TRACON& Tower with Radar,211,118,134,0,463,0,5,25,2,32,211,123,159,2,495,0,0,0,495
12/29/2018,PBI,FL,ASO,ES,Combined TRACON& Tower with Radar,212,137,102,0,451,0,8,43,0,51,212,145,145,0,502,0,0,0,502
12/30/2018,PBI,FL,ASO,ES,Combined TRACON& Tower with Radar,207,104,102,0,413,0,4,49,2,55,207,108,151,2,468,0,0,0,468
12/31/2018,PBI,FL,ASO,ES,Combined TRACON& Tower with Radar,183,75,70,0,328,0,1,31,2,34,183,76,101,2,362,0,0,0,362
01/01/2019,PBI,FL,ASO,ES,Combined TRACON& Tower with Radar,179,132,143,0,454,0,7,47,0,54,179,139,190,0,508,0,0,0,508
01/02/2019,PBI,FL,ASO,ES,Combined TRACON& Tower with Radar,210,143,194,0,547,0,7,85,4,96,210,150,279,4,643,0,0,0,643
01/03/2019,PBI,FL,ASO,ES,Combined TRACON& Tower with Radar,192,119,128,5,444,0,9,58,4,71,192,128,186,9,515,0,0,0,515
01/04/2019,PBI,FL,ASO,ES,Combined TRACON& Tower with Radar,178,120,155,3,456,0,8,75,2,85,178,128,230,5,541,0,0,0,541
01/05/2019,PBI,FL,ASO,ES,Combined TRACON& Tower with Radar,160,118,116,0,394,0,10,33,2,45,160,128,149,2,439,0,0,0,439
01/06/2019,PBI,FL,ASO,ES,Combined TRACON& Tower with Radar,158,172,204,2,536,0,5,28,6,39,158,177,232,8,575,0,0,0,575
01/07/2019,PBI,FL,ASO,ES,Combined TRACON& Tower with Radar,166,121,128,4,419,0,6,50,1,57,166,127,178,5,476,0,0,0,476
01/08/2019,PBI,FL,ASO,ES,Combined TRACON& Tower with Radar,169,76,130,0,375,0,10,54,0,64,169,86,184,0,439,0,0,0,439
01/09/2019,PBI,FL,ASO,ES,Combined TRACON& Tower with Radar,169,107,108,1,385,0,13,44,0,57,169,120,152,1,442,0,0,0,442
01/10/2019,PBI,FL,ASO,ES,Combined TRACON& Tower with Radar,184,108,148,4,444,0,9,46,0,55,184,117,194,4,499,0,0,0,499
01/11/2019,PBI,FL,ASO,ES,Combined TRACON& Tower with Radar,172,110,146,0,428,0,10,52,0,62,172,120,198,0,490,0,0,0,490
01/12/2019,PBI,FL,ASO,ES,Combined TRACON& Tower with Radar,156,63,73,0,292,0,9,40,0,49,156,72,113,0,341,0,0,0,341
01/13/2019,PBI,FL,ASO,ES,Combined TRACON& Tower with Radar,162,125,130,0,417,0,7,38,0,45,162,132,168,0,462,0,0,0,462
01/14/2019,PBI,FL,ASO,ES,Combined TRACON& Tower with Radar,171,94,115,1,381,0,4,44,3,51,171,98,159,4,432,0,0,0,432
01/15/2019,PBI,FL,ASO,ES,Combined TRACON& Tower with Radar,167,85,113,3,368,0,7,42,0,49,167,92,155,3,417,0,0,0,417
01/16/2019,PBI,FL,ASO,ES,Combined TRACON& Tower with Radar,173,120,118,0,411,0,6,66,0,72,173,126,184,0,483,0,0,0,483
01/17/2019,PBI,FL,ASO,ES,Combined TRACON& Tower with Radar,180,164,180,2,526,0,10,86,0,96,180,174,266,2,622,0,0,0,622
01/18/2019,PBI,FL,ASO,ES,Combined TRACON& Tower with Radar,173,191,196,2,562,0,0,41,0,41,173,191,237,2,603,0,0,0,603
01/19/2019,PBI,FL,ASO,ES,Combined TRACON& Tower with Radar,133,97,125,0,355,0,11,36,0,47,133,108,161,0,402,0,0,0,402
01/20/2019,PBI,FL,ASO,ES,Combined TRACON& Tower with Radar,126,108,113,1,348,0,5,17,0,22,126,113,130,1,370,0,0,0,370
01/21/2019,PBI,FL,ASO,ES,Combined TRACON& Tower with Radar,162,196,250,1,609,0,7,64,0,71,162,203,314,1,680,0,0,0,680
01/22/2019,PBI,FL,ASO,ES,Combined TRACON& Tower with Radar,168,115,105,0,388,0,9,43,0,52,168,124,148,0,440,0,0,0,440
01/23/2019,PBI,FL,ASO,ES,Combined TRACON& Tower with Radar,171,107,151,0,429,0,9,38,0,47,171,116,189,0,476,0,0,0,476
01/24/2019,PBI,FL,ASO,ES,Combined TRACON& Tower with Radar,177,139,145,0,461,0,6,22,0,28,177,145,167,0,489,0,0,0,489
01/25/2019,PBI,FL,ASO,ES,Combined TRACON& Tower with Radar,182,106,161,0,449,0,9,43,2,54,182,115,204,2,503,0,0,0,503
01/26/2019,PBI,FL,ASO,ES,Combined TRACON& Tower with Radar,162,90,112,0,364,0,1,17,1,19,162,91,129,1,383,0,0,0,383
01/27/2019,PBI,FL,ASO,ES,Combined TRACON& Tower with Radar,165,157,162,0,484,0,1,6,1,8,165,158,168,1,492,0,0,0,492
01/28/2019,PBI,FL,ASO,ES,Combined TRACON& Tower with Radar,167,101,154,1,423,0,7,36,0,43,167,108,190,1,466,0,0,0,466
01/29/2019,PBI,FL,ASO,ES,Combined TRACON& Tower with Radar,167,115,113,4,399,0,14,50,1,65,167,129,163,5,464,0,0,0,464
01/30/2019,PBI,FL,ASO,ES,Combined TRACON& Tower with Radar,158,86,162,3,409,0,8,54,4,66,158,94,216,7,475,0,0,0,475
01/31/2019,PBI,FL,ASO,ES,Combined TRACON& Tower with Radar,180,129,192,2,503,0,4,34,2,40,180,133,226,4,543,0,0,0,543
02/01/2019,PBI,FL,ASO,ES,Combined TRACON& Tower with Radar,179,122,129,1,431,0,7,18,2,27,179,129,147,3,458,0,0,0,458
02/02/2019,PBI,FL,ASO,ES,Combined TRACON& Tower with Radar,159,29,28,1,217,0,6,3,0,9,159,35,31,1,226,0,0,0,226
02/03/2019,PBI,FL,ASO,ES,Combined TRACON& Tower with Radar,157,61,56,3,277,0,1,6,3,10,157,62,62,6,287,0,0,0,287
02/04/2019,PBI,FL,ASO,ES,Combined TRACON& Tower with Radar,169,139,198,7,513,0,9,36,0,45,169,148,234,7,558,0,0,0,558
02/05/2019,PBI,FL,ASO,ES,Combined TRACON& Tower with Radar,173,104,181,0,458,0,10,68,3,81,173,114,249,3,539,0,0,0,539
02/06/2019,PBI,FL,ASO,ES,Combined TRACON& Tower with Radar,170,103,162,0,435,0,4,77,0,81,170,107,239,0,516,0,0,0,516
02/07/2019,PBI,FL,ASO,ES,Combined TRACON& Tower with Radar,180,140,139,3,462,0,7,64,1,72,180,147,203,4,534,0,0,0,534
02/08/2019,PBI,FL,ASO,ES,Combined TRACON& Tower with Radar,172,125,176,1,474,0,2,68,0,70,172,127,244,1,544,0,0,0,544
02/09/2019,PBI,FL,ASO,ES,Combined TRACON& Tower with Radar,160,104,99,2,365,0,6,43,0,49,160,110,142,2,414,0,0,0,414
02/10/2019,PBI,FL,ASO,ES,Combined TRACON& Tower with Radar,162,174,187,0,523,0,5,57,0,62,162,179,244,0,585,0,0,0,585
02/11/2019,PBI,FL,ASO,ES,Combined TRACON& Tower with Radar,169,116,146,2,433,0,5,56,2,63,169,121,202,4,496,0,0,0,496
02/12/2019,PBI,FL,ASO,ES,Combined TRACON& Tower with Radar,147,112,118,0,377,0,5,51,0,56,147,117,169,0,433,0,0,0,433
02/13/2019,PBI,FL,ASO,ES,Combined TRACON& Tower with Radar,174,137,165,8,484,0,3,22,1,26,174,140,187,9,510,0,0,0,510
02/14/2019,PBI,FL,ASO,ES,Combined TRACON& Tower with Radar,198,178,200,8,584,0,4,87,4,95,198,182,287,12,679,0,0,0,679
02/15/2019,PBI,FL,ASO,ES,Combined TRACON& Tower with Radar,193,138,141,2,474,1,9,51,6,67,194,147,192,8,541,0,0,0,541
02/16/2019,PBI,FL,ASO,ES,Combined TRACON& Tower with Radar,181,33,35,1,250,0,5,7,5,17,181,38,42,6,267,0,0,0,267
02/17/2019,PBI,FL,ASO,ES,Combined TRACON& Tower with Radar,181,30,34,0,245,0,4,9,4,17,181,34,43,4,262,0,0,0,262
02/18/2019,PBI,FL,ASO,ES,Combined TRACON& Tower with Radar,188,75,81,8,352,0,2,23,4,29,188,77,104,12,381,0,0,0,381
02/19/2019,PBI,FL,ASO,ES,Combined TRACON& Tower with Radar,193,167,184,4,548,0,14,63,4,81,193,181,247,8,629,0,0,0,629
02/20/2019,PBI,FL,ASO,ES,Combined TRACON& Tower with Radar,178,112,135,3,428,0,8,67,2,77,178,120,202,5,505,0,0,0,505
02/21/2019,PBI,FL,ASO,ES,Combined TRACON& Tower with Radar,197,147,205,6,555,0,10,78,2,90,197,157,283,8,645,0,0,0,645
02/22/2019,PBI,FL,ASO,ES,Combined TRACON& Tower with Radar,197,124,162,3,486,0,9,63,3,75,197,133,225,6,561,0,0,0,561
02/23/2019,PBI,FL,ASO,ES,Combined TRACON& Tower with Radar,186,105,115,0,406,0,6,35,0,41,186,111,150,0,447,0,0,0,447
02/24/2019,PBI,FL,ASO,ES,Combined TRACON& Tower with Radar,190,158,176,3,527,0,5,48,3,56,190,163,224,6,583,0,0,0,583
02/25/2019,PBI,FL,ASO,ES,Combined TRACON& Tower with Radar,187,109,171,0,467,0,7,62,4,73,187,116,233,4,540,0,0,0,540
02/26/2019,PBI,FL,ASO,ES,Combined TRACON& Tower with Radar,197,110,127,0,434,0,1,29,6,36,197,111,156,6,470,0,0,0,470
02/27/2019,PBI,FL,ASO,ES,Combined TRACON& Tower with Radar,188,128,106,3,425,0,5,55,10,70,188,133,161,13,495,0,0,0,495
02/28/2019,PBI,FL,ASO,ES,Combined TRACON& Tower with Radar,191,130,207,0,528,0,10,57,0,67,191,140,264,0,595,0,0,0,595
03/01/2019,PBI,FL,ASO,ES,Combined TRACON& Tower with Radar,185,135,160,0,480,1,13,83,4,101,186,148,243,4,581,0,0,0,581
03/02/2019,PBI,FL,ASO,ES,Combined TRACON& Tower with Radar,184,118,114,2,418,0,4,42,2,48,184,122,156,4,466,0,0,0,466
03/03/2019,PBI,FL,ASO,ES,Combined TRACON& Tower with Radar,180,159,172,4,515,0,5,74,3,82,180,164,246,7,597,0,0,0,597
03/04/2019,PBI,FL,ASO,ES,Combined TRACON& Tower with Radar,181,112,150,0,443,0,9,44,3,56,181,121,194,3,499,0,0,0,499
03/05/2019,PBI,FL,ASO,ES,Combined TRACON& Tower with Radar,193,107,125,2,427,0,3,67,2,72,193,110,192,4,499,0,0,0,499
03/06/2019,PBI,FL,ASO,ES,Combined TRACON& Tower with Radar,194,126,140,1,461,0,4,50,3,57,194,130,190,4,518,0,0,0,518
03/07/2019,PBI,FL,ASO,ES,Combined TRACON& Tower with Radar,198,129,174,2,503,0,10,64,3,77,198,139,238,5,580,0,0,0,580
03/08/2019,PBI,FL,ASO,ES,Combined TRACON& Tower with Radar,194,93,136,1,424,0,3,43,0,46,194,96,179,1,470,0,0,0,470
03/09/2019,PBI,FL,ASO,ES,Combined TRACON& Tower with Radar,210,33,26,0,269,0,4,9,0,13,210,37,35,0,282,0,0,0,282
03/10/2019,PBI,FL,ASO,ES,Combined TRACON& Tower with Radar,195,97,77,3,372,0,4,16,0,20,195,101,93,3,392,0,0,0,392
03/11/2019,PBI,FL,ASO,ES,Combined TRACON& Tower with Radar,195,109,169,2,475,0,5,39,4,48,195,114,208,6,523,0,0,0,523
03/12/2019,PBI,FL,ASO,ES,Combined TRACON& Tower with Radar,196,120,147,4,467,0,6,51,3,60,196,126,198,7,527,0,0,0,527
03/13/2019,PBI,FL,ASO,ES,Combined TRACON& Tower with Radar,192,111,157,0,460,0,8,46,4,58,192,119,203,4,518,0,0,0,518
03/14/2019,PBI,FL,ASO,ES,Combined TRACON& Tower with Radar,195,132,189,2,518,0,4,79,2,85,195,136,268,4,603,0,0,0,603
03/15/2019,PBI,FL,ASO,ES,Combined TRACON& Tower with Radar,184,155,207,4,550,0,12,64,3,79,184,167,271,7,629,0,0,0,629
03/16/2019,PBI,FL,ASO,ES,Combined TRACON& Tower with Radar,209,146,168,1,524,0,9,56,3,68,209,155,224,4,592,0,0,0,592
03/17/2019,PBI,FL,ASO,ES,Combined TRACON& Tower with Radar,194,194,210,0,598,0,6,34,0,40,194,200,244,0,638,0,0,0,638
03/18/2019,PBI,FL,ASO,ES,Combined TRACON& Tower with Radar,192,108,158,2,460,0,2,38,3,43,192,110,196,5,503,0,0,0,503
03/19/2019,PBI,FL,ASO,ES,Combined TRACON& Tower with Radar,194,90,127,6,417,0,5,3,2,10,194,95,130,8,427,0,0,0,427
03/20/2019,PBI,FL,ASO,ES,Combined TRACON& Tower with Radar,188,127,149,3,467,0,4,34,1,39,188,131,183,4,506,0,0,0,506
03/21/2019,PBI,FL,ASO,ES,Combined TRACON& Tower with Radar,192,156,176,3,527,0,10,82,3,95,192,166,258,6,622,0,0,0,622
03/22/2019,PBI,FL,ASO,ES,Combined TRACON& Tower with Radar,197,69,66,4,336,0,2,14,5,21,197,71,80,9,357,0,0,0,357
03/23/2019,PBI,FL,ASO,ES,Combined TRACON& Tower with Radar,204,45,29,0,278,0,9,8,4,21,204,54,37,4,299,0,0,0,299
03/24/2019,PBI,FL,ASO,ES,Combined TRACON& Tower with Radar,196,90,61,3,350,0,5,16,0,21,196,95,77,3,371,0,0,0,371
03/25/2019,PBI,FL,ASO,ES,Combined TRACON& Tower with Radar,184,125,154,0,463,0,3,76,2,81,184,128,230,2,544,0,0,0,544
03/26/2019,PBI,FL,ASO,ES,Combined TRACON& Tower with Radar,200,88,100,5,393,0,7,64,0,71,200,95,164,5,464,0,0,0,464
03/27/2019,PBI,FL,ASO,ES,Combined TRACON& Tower with Radar,189,124,152,5,470,0,5,65,6,76,189,129,217,11,546,0,0,0,546
03/28/2019,PBI,FL,ASO,ES,Combined TRACON& Tower with Radar,204,130,163,2,499,0,1,43,0,44,204,131,206,2,543,0,0,0,543
03/29/2019,PBI,FL,ASO,ES,Combined TRACON& Tower with Radar,192,41,52,6,291,0,7,7,2,16,192,48,59,8,307,0,0,0,307
03/30/2019,PBI,FL,ASO,ES,Combined TRACON& Tower with Radar,212,26,35,3,276,0,5,18,1,24,212,31,53,4,300,0,0,0,300
03/31/2019,PBI,FL,ASO,ES,Combined TRACON& Tower with Radar,194,81,93,4,372,0,6,29,0,35,194,87,122,4,407,0,0,0,407
04/01/2019,PBI,FL,ASO,ES,Combined TRACON& Tower with Radar,188,131,152,3,474,0,6,70,2,78,188,137,222,5,552,0,0,0,552
04/02/2019,PBI,FL,ASO,ES,Combined TRACON& Tower with Radar,192,103,108,0,403,0,5,52,2,59,192,108,160,2,462,0,0,0,462
04/03/2019,PBI,FL,ASO,ES,Combined TRACON& Tower with Radar,189,83,121,0,393,0,6,42,2,50,189,89,163,2,443,0,0,0,443
04/04/2019,PBI,FL,ASO,ES,Combined TRACON& Tower with Radar,201,127,154,0,482,0,0,51,2,53,201,127,205,2,535,0,0,0,535
04/05/2019,PBI,FL,ASO,ES,Combined TRACON& Tower with Radar,194,129,124,0,447,0,4,56,2,62,194,133,180,2,509,0,0,0,509
04/06/2019,PBI,FL,ASO,ES,Combined TRACON& Tower with Radar,196,90,89,0,375,0,3,51,0,54,196,93,140,0,429,0,0,0,429
04/07/2019,PBI,FL,ASO,ES,Combined TRACON& Tower with Radar,191,134,148,0,473,0,3,60,0,63,191,137,208,0,536,0,0,0,536
04/08/2019,PBI,FL,ASO,ES,Combined TRACON& Tower with Radar,178,104,149,0,431,0,7,51,0,58,178,111,200,0,489,0,0,0,489
04/09/2019,PBI,FL,ASO,ES,Combined TRACON& Tower with Radar,185,86,116,0,387,0,1,37,0,38,185,87,153,0,425,0,0,0,425
04/10/2019,PBI,FL,ASO,ES,Combined TRACON& Tower with Radar,187,101,147,1,436,1,10,64,3,78,188,111,211,4,514,0,0,0,514
04/11/2019,PBI,FL,ASO,ES,Combined TRACON& Tower with Radar,196,140,160,5,501,0,4,77,1,82,196,144,237,6,583,48,0,48,631
04/12/2019,PBI,FL,ASO,ES,Combined TRACON& Tower with Radar,190,129,183,0,502,0,5,78,0,83,190,134,261,0,585,0,0,0,585
04/13/2019,PBI,FL,ASO,ES,Combined TRACON& Tower with Radar,182,116,113,0,411,0,6,44,0,50,182,122,157,0,461,0,0,0,461
04/14/2019,PBI,FL,ASO,ES,Combined TRACON& Tower with Radar,176,133,164,3,476,0,2,43,1,46,176,135,207,4,522,0,0,0,522
04/15/2019,PBI,FL,ASO,ES,Combined TRACON& Tower with Radar,181,120,145,2,448,0,11,57,1,69,181,131,202,3,517,0,0,0,517
04/16/2019,PBI,FL,ASO,ES,Combined TRACON& Tower with Radar,187,78,118,1,384,0,7,52,4,63,187,85,170,5,447,0,0,0,447
04/17/2019,PBI,FL,ASO,ES,Combined TRACON& Tower with Radar,189,121,119,4,433,0,5,61,4,70,189,126,180,8,503,0,0,0,503
04/18/2019,PBI,FL,ASO,ES,Combined TRACON& Tower with Radar,194,112,119,1,426,0,2,59,4,65,194,114,178,5,491,0,0,0,491
04/19/2019,PBI,FL,ASO,ES,Combined TRACON& Tower with Radar,136,25,21,0,182,0,1,10,0,11,136,26,31,0,193,0,0,0,193
04/20/2019,PBI,FL,ASO,ES,Combined TRACON& Tower with Radar,193,33,22,3,251,0,3,5,2,10,193,36,27,5,261,0,0,0,261
04/21/2019,PBI,FL,ASO,ES,Combined TRACON& Tower with Radar,184,100,67,7,358,0,1,20,2,23,184,101,87,9,381,0,0,0,381
04/22/2019,PBI,FL,ASO,ES,Combined TRACON& Tower with Radar,183,166,204,4,557,0,5,63,2,70,183,171,267,6,627,0,0,0,627
04/23/2019,PBI,FL,ASO,ES,Combined TRACON& Tower with Radar,186,123,119,0,428,0,9,63,1,73,186,132,182,1,501,0,0,0,501
04/24/2019,PBI,FL,ASO,ES,Combined TRACON& Tower with Radar,180,99,129,0,408,0,9,62,5,76,180,108,191,5,484,0,0,0,484
04/25/2019,PBI,FL,ASO,ES,Combined TRACON& Tower with Radar,192,122,152,8,474,0,13,51,8,72,192,135,203,16,546,0,0,0,546
04/26/2019,PBI,FL,ASO,ES,Combined TRACON& Tower with Radar,176,103,121,11,411,0,3,51,6,60,176,106,172,17,471,0,0,0,471
04/27/2019,PBI,FL,ASO,ES,Combined TRACON& Tower with Radar,180,111,105,2,398,0,3,42,1,46,180,114,147,3,444,0,0,0,444
04/28/2019,PBI,FL,ASO,ES,Combined TRACON& Tower with Radar,175,133,146,1,455,0,4,51,0,55,175,137,197,1,510,0,0,0,510
04/29/2019,PBI,FL,ASO,ES,Combined TRACON& Tower with Radar,173,104,126,0,403,0,4,50,0,54,173,108,176,0,457,0,0,0,457
04/30/2019,PBI,FL,ASO,ES,Combined TRACON& Tower with Radar,164,90,128,1,383,0,4,44,0,48,164,94,172,1,431,2,0,2,433
05/01/2019,PBI,FL,ASO,ES,Combined TRACON& Tower with Radar,152,120,124,0,396,0,4,46,4,54,152,124,170,4,450,0,0,0,450
05/02/2019,PBI,FL,ASO,ES,Combined TRACON& Tower with Radar,155,104,121,3,383,0,5,23,0,28,155,109,144,3,411,0,0,0,411
05/03/2019,PBI,FL,ASO,ES,Combined TRACON& Tower with Radar,147,89,142,1,379,0,4,39,0,43,147,93,181,1,422,0,0,0,422
05/04/2019,PBI,FL,ASO,ES,Combined TRACON& Tower with Radar,125,71,73,0,269,0,4,45,4,53,125,75,118,4,322,0,0,0,322
05/05/2019,PBI,FL,ASO,ES,Combined TRACON& Tower with Radar,139,99,126,2,366,0,0,32,1,33,139,99,158,3,399,0,0,0,399
05/06/2019,PBI,FL,ASO,ES,Combined TRACON& Tower with Radar,142,90,94,2,328,0,6,39,3,48,142,96,133,5,376,0,0,0,376
05/07/2019,PBI,FL,ASO,ES,Combined TRACON& Tower with Radar,143,102,102,1,348,0,5,57,3,65,143,107,159,4,413,0,0,0,413
05/08/2019,PBI,FL,ASO,ES,Combined TRACON& Tower with Radar,136,96,104,0,336,0,5,59,4,68,136,101,163,4,404,6,0,6,410
05/09/2019,PBI,FL,ASO,ES,Combined TRACON& Tower with Radar,139,124,112,1,376,0,9,61,2,72,139,133,173,3,448,0,0,0,448
05/10/2019,PBI,FL,ASO,ES,Combined TRACON& Tower with Radar,140,108,114,1,363,0,4,69,4,77,140,112,183,5,440,0,0,0,440
05/11/2019,PBI,FL,ASO,ES,Combined TRACON& Tower with Radar,128,75,62,1,266,0,9,30,1,40,128,84,92,2,306,0,0,0,306
05/12/2019,PBI,FL,ASO,ES,Combined TRACON& Tower with Radar,126,96,85,0,307,0,3,29,5,37,126,99,114,5,344,0,0,0,344
05/13/2019,PBI,FL,ASO,ES,Combined TRACON& Tower with Radar,132,84,94,0,310,0,2,43,0,45,132,86,137,0,355,0,0,0,355
05/14/2019,PBI,FL,ASO,ES,Combined TRACON& Tower with Radar,150,92,104,0,346,1,8,54,7,70,151,100,158,7,416,0,0,0,416
05/15/2019,PBI,FL,ASO,ES,Combined TRACON& Tower with Radar,137,82,111,0,330,0,9,43,0,52,137,91,154,0,382,0,0,0,382
05/16/2019,PBI,FL,ASO,ES,Combined TRACON& Tower with Radar,143,87,91,1,322,0,5,61,4,70,143,92,152,5,392,0,0,0,392
05/17/2019,PBI,FL,ASO,ES,Combined TRACON& Tower with Radar,141,88,101,0,330,0,8,82,11,101,141,96,183,11,431,0,0,0,431
05/18/2019,PBI,FL,ASO,ES,Combined TRACON& Tower with Radar,122,65,64,1,252,0,6,59,6,71,122,71,123,7,323,0,0,0,323
05/19/2019,PBI,FL,ASO,ES,Combined TRACON& Tower with Radar,133,92,103,1,329,0,7,56,0,63,133,99,159,1,392,0,0,0,392
05/20/2019,PBI,FL,ASO,ES,Combined TRACON& Tower with Radar,130,82,93,1,306,0,4,54,4,62,130,86,147,5,368,0,0,0,368
05/21/2019,PBI,FL,ASO,ES,Combined TRACON& Tower with Radar,141,84,91,0,316,0,9,57,4,70,141,93,148,4,386,0,0,0,386
05/22/2019,PBI,FL,ASO,ES,Combined TRACON& Tower with Radar,142,69,101,2,314,0,3,82,1,86,142,72,183,3,400,0,0,0,400
05/23/2019,PBI,FL,ASO,ES,Combined TRACON& Tower with Radar,132,97,126,6,361,0,5,68,0,73,132,102,194,6,434,0,0,0,434
05/24/2019,PBI,FL,ASO,ES,Combined TRACON& Tower with Radar,146,109,148,2,405,0,7,58,5,70,146,116,206,7,475,0,0,0,475
05/25/2019,PBI,FL,ASO,ES,Combined TRACON& Tower with Radar,124,57,61,0,242,0,6,50,1,57,124,63,111,1,299,0,0,0,299
05/26/2019,PBI,FL,ASO,ES,Combined TRACON& Tower with Radar,119,58,57,0,234,0,5,37,0,42,119,63,94,0,276,0,0,0,276
05/27/2019,PBI,FL,ASO,ES,Combined TRACON& Tower with Radar,137,85,110,0,332,0,3,59,2,64,137,88,169,2,396,14,0,14,410
05/28/2019,PBI,FL,ASO,ES,Combined TRACON& Tower with Radar,136,78,97,0,311,0,6,52,0,58,136,84,149,0,369,14,0,14,383
05/29/2019,PBI,FL,ASO,ES,Combined TRACON& Tower with Radar,130,75,109,0,314,0,6,75,0,81,130,81,184,0,395,32,0,32,427
05/30/2019,PBI,FL,ASO,ES,Combined TRACON& Tower with Radar,141,79,88,3,311,0,9,66,0,75,141,88,154,3,386,0,0,0,386
05/31/2019,PBI,FL,ASO,ES,Combined TRACON& Tower with Radar,140,91,78,0,309,0,7,45,5,57,140,98,123,5,366,0,0,0,366
06/01/2019,PBI,FL,ASO,ES,Combined TRACON& Tower with Radar,122,86,67,1,276,0,4,25,2,31,122,90,92,3,307,0,0,0,307
06/02/2019,PBI,FL,ASO,ES,Combined TRACON& Tower with Radar,124,67,76,0,267,0,3,43,0,46,124,70,119,0,313,0,0,0,313
06/03/2019,PBI,FL,ASO,ES,Combined TRACON& Tower with Radar,134,58,61,0,253,0,2,43,0,45,134,60,104,0,298,0,0,0,298
06/04/2019,PBI,FL,ASO,ES,Combined TRACON& Tower with Radar,141,59,59,0,259,0,2,44,0,46,141,61,103,0,305,0,0,0,305
06/05/2019,PBI,FL,ASO,ES,Combined TRACON& Tower with Radar,132,66,80,0,278,0,5,47,0,52,132,71,127,0,330,14,0,14,344
06/06/2019,PBI,FL,ASO,ES,Combined TRACON& Tower with Radar,131,77,88,0,296,0,3,46,0,49,131,80,134,0,345,0,0,0,345
06/07/2019,PBI,FL,ASO,ES,Combined TRACON& Tower with Radar,133,65,71,1,270,0,4,44,0,48,133,69,115,1,318,0,0,0,318
06/08/2019,PBI,FL,ASO,ES,Combined TRACON& Tower with Radar,123,58,35,2,218,0,5,38,0,43,123,63,73,2,261,0,0,0,261
06/09/2019,PBI,FL,ASO,ES,Combined TRACON& Tower with Radar,120,60,67,3,250,0,7,30,0,37,120,67,97,3,287,0,0,0,287
06/10/2019,PBI,FL,ASO,ES,Combined TRACON& Tower with Radar,119,51,87,2,259,0,6,37,4,47,119,57,124,6,306,0,0,0,306
06/11/2019,PBI,FL,ASO,ES,Combined TRACON& Tower with Radar,134,61,86,0,281,0,9,47,4,60,134,70,133,4,341,0,0,0,341
06/12/2019,PBI,FL,ASO,ES,Combined TRACON& Tower with Radar,134,59,86,0,279,0,5,42,0,47,134,64,128,0,326,0,0,0,326
06/13/2019,PBI,FL,ASO,ES,Combined TRACON& Tower with Radar,131,58,84,2,275,0,7,45,4,56,131,65,129,6,331,0,0,0,331
06/14/2019,PBI,FL,ASO,ES,Combined TRACON& Tower with Radar,125,70,77,0,272,0,10,54,1,65,125,80,131,1,337,0,0,0,337
06/15/2019,PBI,FL,ASO,ES,Combined TRACON& Tower with Radar,110,40,46,0,196,0,1,35,9,45,110,41,81,9,241,0,0,0,241
06/16/2019,PBI,FL,ASO,ES,Combined TRACON& Tower with Radar,117,53,53,0,223,0,2,23,2,27,117,55,76,2,250,0,0,0,250
06/17/2019,PBI,FL,ASO,ES,Combined TRACON& Tower with Radar,128,67,83,0,278,0,7,25,2,34,128,74,108,2,312,0,0,0,312
06/18/2019,PBI,FL,ASO,ES,Combined TRACON& Tower with Radar,133,61,67,3,264,0,9,69,5,83,133,70,136,8,347,0,0,0,347
06/19/2019,PBI,FL,ASO,ES,Combined TRACON& Tower with Radar,124,52,82,8,266,0,9,40,3,52,124,61,122,11,318,0,0,0,318
06/20/2019,PBI,FL,ASO,ES,Combined TRACON& Tower with Radar,124,69,64,1,258,0,11,69,3,83,124,80,133,4,341,0,0,0,341
06/21/2019,PBI,FL,ASO,ES,Combined TRACON& Tower with Radar,129,65,66,2,262,0,16,73,1,90,129,81,139,3,352,0,0,0,352
06/22/2019,PBI,FL,ASO,ES,Combined TRACON& Tower with Radar,109,39,59,0,207,0,2,32,2,36,109,41,91,2,243,0,0,0,243
06/23/2019,PBI,FL,ASO,ES,Combined TRACON& Tower with Radar,122,51,66,0,239,0,5,39,2,46,122,56,105,2,285,0,0,0,285
06/24/2019,PBI,FL,ASO,ES,Combined TRACON& Tower with Radar,112,62,71,2,247,0,7,61,1,69,112,69,132,3,316,0,0,0,316
06/25/2019,PBI,FL,ASO,ES,Combined TRACON& Tower with Radar,138,48,63,2,251,0,15,62,0,77,138,63,125,2,328,0,0,0,328
06/26/2019,PBI,FL,ASO,ES,Combined TRACON& Tower with Radar,121,49,83,0,253,0,7,75,2,84,121,56,158,2,337,0,0,0,337
06/27/2019,PBI,FL,ASO,ES,Combined TRACON& Tower with Radar,124,68,66,1,259,0,10,69,2,81,124,78,135,3,340,20,0,20,360
06/28/2019,PBI,FL,ASO,ES,Combined TRACON& Tower with Radar,135,39,61,0,235,0,10,42,0,52,135,49,103,0,287,0,0,0,287
06/29/2019,PBI,FL,ASO,ES,Combined TRACON& Tower with Radar,100,45,41,0,186,0,5,26,0,31,100,50,67,0,217,0,0,0,217
06/30/2019,PBI,FL,ASO,ES,Combined TRACON& Tower with Radar,126,59,75,0,260,0,2,32,0,34,126,61,107,0,294,0,0,0,294
07/01/2019,PBI,FL,ASO,ES,Combined TRACON& Tower with Radar,110,54,71,0,235,0,6,49,0,55,110,60,120,0,290,16,0,16,306
07/02/2019,PBI,FL,ASO,ES,Combined TRACON& Tower with Radar,120,54,67,0,241,0,10,57,0,67,120,64,124,0,308,0,0,0,308
07/03/2019,PBI,FL,ASO,ES,Combined TRACON& Tower with Radar,113,59,84,1,257,0,2,71,0,73,113,61,155,1,330,0,0,0,330
07/04/2019,PBI,FL,ASO,ES,Combined TRACON& Tower with Radar,102,19,22,0,143,0,4,46,0,50,102,23,68,0,193,0,0,0,193
07/05/2019,PBI,FL,ASO,ES,Combined TRACON& Tower with Radar,107,49,46,0,202,0,4,41,0,45,107,53,87,0,247,16,0,16,263
07/06/2019,PBI,FL,ASO,ES,Combined TRACON& Tower with Radar,105,42,59,0,206,0,6,33,0,39,105,48,92,0,245,24,0,24,269
07/07/2019,PBI,FL,ASO,ES,Combined TRACON& Tower with Radar,114,71,83,0,268,0,10,44,0,54,114,81,127,0,322,8,0,8,330
07/08/2019,PBI,FL,ASO,ES,Combined TRACON& Tower with Radar,149,69,59,1,278,0,10,43,1,54,149,79,102,2,332,22,0,22,354
07/09/2019,PBI,FL,ASO,ES,Combined TRACON& Tower with Radar,133,45,72,0,250,0,13,98,3,114,133,58,170,3,364,0,0,0,364
07/10/2019,PBI,FL,ASO,ES,Combined TRACON& Tower with Radar,123,45,91,0,259,0,11,55,1,67,123,56,146,1,326,0,0,0,326
07/11/2019,PBI,FL,ASO,ES,Combined TRACON& Tower with Radar,113,50,60,0,223,0,2,62,2,66,113,52,122,2,289,0,0,0,289
07/12/2019,PBI,FL,ASO,ES,Combined TRACON& Tower with Radar,130,61,71,4,266,0,10,49,3,62,130,71,120,7,328,16,0,16,344
07/13/2019,PBI,FL,ASO,ES,Combined TRACON& Tower with Radar,112,50,45,0,207,0,8,50,3,61,112,58,95,3,268,4,0,4,272
07/14/2019,PBI,FL,ASO,ES,Combined TRACON& Tower with Radar,116,60,64,0,240,0,10,38,1,49,116,70,102,1,289,0,0,0,289
07/15/2019,PBI,FL,ASO,ES,Combined TRACON& Tower with Radar,117,57,59,3,236,0,10,43,0,53,117,67,102,3,289,16,0,16,305
07/16/2019,PBI,FL,ASO,ES,Combined TRACON& Tower with Radar,129,66,52,1,248,0,10,79,1,90,129,76,131,2,338,0,0,0,338
07/17/2019,PBI,FL,ASO,ES,Combined TRACON& Tower with Radar,123,55,88,0,266,0,4,67,0,71,123,59,155,0,337,14,0,14,351
07/18/2019,PBI,FL,ASO,ES,Combined TRACON& Tower with Radar,126,48,62,0,236,0,12,47,0,59,126,60,109,0,295,16,0,16,311
07/19/2019,PBI,FL,ASO,ES,Combined TRACON& Tower with Radar,131,66,71,6,274,0,7,55,2,64,131,73,126,8,338,12,0,12,350
07/20/2019,PBI,FL,ASO,ES,Combined TRACON& Tower with Radar,108,32,42,0,182,0,1,29,0,30,108,33,71,0,212,0,0,0,212
07/21/2019,PBI,FL,ASO,ES,Combined TRACON& Tower with Radar,114,49,62,0,225,0,4,46,0,50,114,53,108,0,275,0,0,0,275
07/22/2019,PBI,FL,ASO,ES,Combined TRACON& Tower with Radar,111,46,55,0,212,0,8,52,0,60,111,54,107,0,272,0,0,0,272
07/23/2019,PBI,FL,ASO,ES,Combined TRACON& Tower with Radar,131,51,55,1,238,0,13,55,0,68,131,64,110,1,306,0,0,0,306
07/24/2019,PBI,FL,ASO,ES,Combined TRACON& Tower with Radar,132,40,71,1,244,0,10,51,2,63,132,50,122,3,307,0,0,0,307
07/25/2019,PBI,FL,ASO,ES,Combined TRACON& Tower with Radar,147,72,79,0,298,0,9,39,4,52,147,81,118,4,350,12,0,12,362
07/26/2019,PBI,FL,ASO,ES,Combined TRACON& Tower with Radar,129,51,86,0,266,0,5,48,0,53,129,56,134,0,319,0,0,0,319
07/27/2019,PBI,FL,ASO,ES,Combined TRACON& Tower with Radar,108,30,45,0,183,1,3,20,0,24,109,33,65,0,207,16,0,16,223
07/28/2019,PBI,FL,ASO,ES,Combined TRACON& Tower with Radar,118,46,57,0,221,0,3,44,0,47,118,49,101,0,268,0,0,0,268
07/29/2019,PBI,FL,ASO,ES,Combined TRACON& Tower with Radar,122,54,66,5,247,0,9,67,0,76,122,63,133,5,323,0,0,0,323
07/30/2019,PBI,FL,ASO,ES,Combined TRACON& Tower with Radar,129,54,56,0,239,0,17,61,3,81,129,71,117,3,320,0,0,0,320
07/31/2019,PBI,FL,ASO,ES,Combined TRACON& Tower with Radar,113,47,70,1,231,0,7,46,0,53,113,54,116,1,284,22,0,22,306
08/01/2019,PBI,FL,ASO,ES,Combined TRACON& Tower with Radar,132,61,63,0,256,0,6,40,0,46,132,67,103,0,302,16,0,16,318
08/02/2019,PBI,FL,ASO,ES,Combined TRACON& Tower with Radar,126,61,55,0,242,0,1,43,0,44,126,62,98,0,286,0,0,0,286
08/03/2019,PBI,FL,ASO,ES,Combined TRACON& Tower with Radar,109,45,39,1,194,0,5,45,0,50,109,50,84,1,244,28,0,28,272
08/04/2019,PBI,FL,ASO,ES,Combined TRACON& Tower with Radar,114,50,67,1,232,0,2,32,0,34,114,52,99,1,266,0,0,0,266
08/05/2019,PBI,FL,ASO,ES,Combined TRACON& Tower with Radar,117,54,55,2,228,0,14,23,0,37,117,68,78,2,265,14,0,14,279
08/06/2019,PBI,FL,ASO,ES,Combined TRACON& Tower with Radar,124,42,48,6,220,0,12,51,0,63,124,54,99,6,283,0,0,0,283
08/07/2019,PBI,FL,ASO,ES,Combined TRACON& Tower with Radar,101,63,73,0,237,0,13,45,0,58,101,76,118,0,295,0,0,0,295
08/08/2019,PBI,FL,ASO,ES,Combined TRACON& Tower with Radar,127,58,76,0,261,0,8,55,1,64,127,66,131,1,325,0,0,0,325
08/09/2019,PBI,FL,ASO,ES,Combined TRACON& Tower with Radar,137,57,59,0,253,0,4,66,0,70,137,61,125,0,323,0,0,0,323
08/10/2019,PBI,FL,ASO,ES,Combined TRACON& Tower with Radar,110,43,32,0,185,0,6,40,0,46,110,49,72,0,231,0,0,0,231
08/11/2019,PBI,FL,ASO,ES,Combined TRACON& Tower with Radar,119,44,71,0,234,0,6,37,0,43,119,50,108,0,277,0,0,0,277
08/12/2019,PBI,FL,ASO,ES,Combined TRACON& Tower with Radar,115,45,64,2,226,0,3,59,0,62,115,48,123,2,288,0,0,0,288
08/13/2019,PBI,FL,ASO,ES,Combined TRACON& Tower with Radar,129,57,65,1,252,0,10,45,0,55,129,67,110,1,307,0,0,0,307
08/14/2019,PBI,FL,ASO,ES,Combined TRACON& Tower with Radar,117,45,71,4,237,0,7,52,1,60,117,52,123,5,297,0,0,0,297
08/15/2019,PBI,FL,ASO,ES,Combined TRACON& Tower with Radar,124,41,53,0,218,0,12,37,1,50,124,53,90,1,268,0,0,0,268
08/16/2019,PBI,FL,ASO,ES,Combined TRACON& Tower with Radar,127,48,69,0,244,0,9,59,0,68,127,57,128,0,312,0,0,0,312
08/17/2019,PBI,FL,ASO,ES,Combined TRACON& Tower with Radar,103,37,39,0,179,0,11,37,0,48,103,48,76,0,227,0,0,0,227
08/18/2019,PBI,FL,ASO,ES,Combined TRACON& Tower with Radar,108,65,64,0,237,0,5,52,0,57,108,70,116,0,294,0,0,0,294
08/19/2019,PBI,FL,ASO,ES,Combined TRACON& Tower with Radar,110,44,67,2,223,0,4,45,3,52,110,48,112,5,275,0,0,0,275
08/20/2019,PBI,FL,ASO,ES,Combined TRACON& Tower with Radar,121,52,46,0,219,0,15,51,1,67,121,67,97,1,286,0,0,0,286
08/21/2019,PBI,FL,ASO,ES,Combined TRACON& Tower with Radar,115,44,63,0,222,0,11,56,3,70,115,55,119,3,292,0,0,0,292
08/22/2019,PBI,FL,ASO,ES,Combined TRACON& Tower with Radar,125,78,64,1,268,0,8,52,3,63,125,86,116,4,331,0,0,0,331
08/23/2019,PBI,FL,ASO,ES,Combined TRACON& Tower with Radar,119,55,69,0,243,0,4,32,0,36,119,59,101,0,279,0,0,0,279
08/24/2019,PBI,FL,ASO,ES,Combined TRACON& Tower with Radar,106,32,39,0,177,0,4,15,0,19,106,36,54,0,196,0,0,0,196
08/25/2019,PBI,FL,ASO,ES,Combined TRACON& Tower with Radar,115,67,64,0,246,0,1,29,3,33,115,68,93,3,279,0,0,0,279
08/26/2019,PBI,FL,ASO,ES,Combined TRACON& Tower with Radar,126,44,61,1,232,0,9,39,1,49,126,53,100,2,281,0,0,0,281
08/27/2019,PBI,FL,ASO,ES,Combined TRACON& Tower with Radar,122,57,76,3,258,0,3,47,2,52,122,60,123,5,310,0,0,0,310
08/28/2019,PBI,FL,ASO,ES,Combined TRACON& Tower with Radar,115,44,55,0,214,0,5,39,2,46,115,49,94,2,260,0,0,0,260
08/29/2019,PBI,FL,ASO,ES,Combined TRACON& Tower with Radar,124,71,80,0,275,0,4,34,0,38,124,75,114,0,313,0,0,0,313
08/30/2019,PBI,FL,ASO,ES,Combined TRACON& Tower with Radar,126,117,132,0,375,0,7,45,1,53,126,124,177,1,428,0,0,0,428
08/31/2019,PBI,FL,ASO,ES,Combined TRACON& Tower with Radar,99,138,114,0,351,0,2,14,0,16,99,140,128,0,367,0,0,0,367
09/01/2019,PBI,FL,ASO,ES,Combined TRACON& Tower with Radar,88,22,33,0,143,0,6,14,0,20,88,28,47,0,163,0,0,0,163
09/02/2019,PBI,FL,ASO,ES,Combined TRACON& Tower with Radar,1,0,1,0,2,0,0,4,0,4,1,0,5,0,6,0,0,0,6
09/03/2019,PBI,FL,ASO,ES,Combined TRACON& Tower with Radar,0,0,2,0,2,0,0,3,0,3,0,0,5,0,5,0,0,0,5
09/04/2019,PBI,FL,ASO,ES,Combined TRACON& Tower with Radar,97,54,90,0,241,0,6,44,2,52,97,60,134,2,293,0,0,0,293
09/05/2019,PBI,FL,ASO,ES,Combined TRACON& Tower with Radar,119,81,82,0,282,0,3,68,1,72,119,84,150,1,354,0,0,0,354
09/06/2019,PBI,FL,ASO,ES,Combined TRACON& Tower with Radar,120,52,108,0,280,0,3,106,4,113,120,55,214,4,393,0,0,0,393
09/07/2019,PBI,FL,ASO,ES,Combined TRACON& Tower with Radar,97,45,61,0,203,0,5,120,1,126,97,50,181,1,329,0,0,0,329
09/08/2019,PBI,FL,ASO,ES,Combined TRACON& Tower with Radar,115,63,87,0,265,0,3,93,3,99,115,66,180,3,364,0,0,0,364
09/09/2019,PBI,FL,ASO,ES,Combined TRACON& Tower with Radar,117,53,78,0,248,0,3,110,4,117,117,56,188,4,365,0,0,0,365
09/10/2019,PBI,FL,ASO,ES,Combined TRACON& Tower with Radar,115,56,77,1,249,0,8,117,5,130,115,64,194,6,379,0,0,0,379
09/11/2019,PBI,FL,ASO,ES,Combined TRACON& Tower with Radar,115,69,91,1,276,0,8,112,1,121,115,77,203,2,397,0,0,0,397
09/12/2019,PBI,FL,ASO,ES,Combined TRACON& Tower with Radar,121,66,95,4,286,0,17,92,4,113,121,83,187,8,399,0,0,0,399
09/13/2019,PBI,FL,ASO,ES,Combined TRACON& Tower with Radar,124,60,60,4,248,0,4,39,0,43,124,64,99,4,291,0,0,0,291
09/14/2019,PBI,FL,ASO,ES,Combined TRACON& Tower with Radar,101,28,34,0,163,0,1,22,0,23,101,29,56,0,186,0,0,0,186
09/15/2019,PBI,FL,ASO,ES,Combined TRACON& Tower with Radar,113,50,66,0,229,0,0,46,0,46,113,50,112,0,275,0,0,0,275
09/16/2019,PBI,FL,ASO,ES,Combined TRACON& Tower with Radar,115,44,90,1,250,0,11,82,2,95,115,55,172,3,345,0,0,0,345
09/17/2019,PBI,FL,ASO,ES,Combined TRACON& Tower with Radar,119,49,84,0,252,0,13,96,0,109,119,62,180,0,361,0,0,0,361
09/18/2019,PBI,FL,ASO,ES,Combined TRACON& Tower with Radar,117,62,67,0,246,0,18,93,4,115,117,80,160,4,361,0,0,0,361
09/19/2019,PBI,FL,ASO,ES,Combined TRACON& Tower with Radar,122,65,75,1,263,0,16,80,2,98,122,81,155,3,361,0,0,0,361
09/20/2019,PBI,FL,ASO,ES,Combined TRACON& Tower with Radar,121,56,73,0,250,0,10,77,0,87,121,66,150,0,337,0,0,0,337
09/21/2019,PBI,FL,ASO,ES,Combined TRACON& Tower with Radar,101,35,48,0,184,0,4,53,0,57,101,39,101,0,241,0,0,0,241
09/22/2019,PBI,FL,ASO,ES,Combined TRACON& Tower with Radar,116,47,74,0,237,0,5,63,0,68,116,52,137,0,305,0,0,0,305
09/23/2019,PBI,FL,ASO,ES,Combined TRACON& Tower with Radar,116,54,67,0,237,0,6,88,6,100,116,60,155,6,337,0,0,0,337
09/24/2019,PBI,FL,ASO,ES,Combined TRACON& Tower with Radar,119,64,87,1,271,0,13,95,0,108,119,77,182,1,379,0,0,0,379
09/25/2019,PBI,FL,ASO,ES,Combined TRACON& Tower with Radar,113,56,85,0,254,0,15,104,0,119,113,71,189,0,373,0,0,0,373
09/26/2019,PBI,FL,ASO,ES,Combined TRACON& Tower with Radar,125,65,78,0,268,0,9,68,0,77,125,74,146,0,345,0,0,0,345
09/27/2019,PBI,FL,ASO,ES,Combined TRACON& Tower with Radar,126,57,92,0,275,0,12,84,1,97,126,69,176,1,372,0,0,0,372
09/28/2019,PBI,FL,ASO,ES,Combined TRACON& Tower with Radar,97,36,39,0,172,0,3,61,1,65,97,39,100,1,237,0,0,0,237
09/29/2019,PBI,FL,ASO,ES,Combined TRACON& Tower with Radar,116,53,72,1,242,0,2,79,0,81,116,55,151,1,323,0,0,0,323
09/30/2019,PBI,FL,ASO,ES,Combined TRACON& Tower with Radar,116,47,79,0,242,0,8,53,1,62,116,55,132,1,304,0,0,0,304
10/01/2019,PBI,FL,ASO,ES,Combined TRACON& Tower with Radar,122,68,84,1,275,0,8,55,4,67,122,76,139,5,342,0,0,0,342
10/02/2019,PBI,FL,ASO,ES,Combined TRACON& Tower with Radar,119,61,71,4,255,0,3,50,2,55,119,64,121,6,310,0,0,0,310
10/03/2019,PBI,FL,ASO,ES,Combined TRACON& Tower with Radar,126,78,74,0,278,0,12,72,2,86,126,90,146,2,364,0,0,0,364
10/04/2019,PBI,FL,ASO,ES,Combined TRACON& Tower with Radar,130,67,102,0,299,0,1,80,4,85,130,68,182,4,384,0,0,0,384
10/05/2019,PBI,FL,ASO,ES,Combined TRACON& Tower with Radar,113,51,55,0,219,0,0,67,0,67,113,51,122,0,286,0,0,0,286
10/06/2019,PBI,FL,ASO,ES,Combined TRACON& Tower with Radar,125,71,70,0,266,0,2,62,0,64,125,73,132,0,330,0,0,0,330
10/07/2019,PBI,FL,ASO,ES,Combined TRACON& Tower with Radar,124,54,78,0,256,0,3,25,4,32,124,57,103,4,288,0,0,0,288
10/08/2019,PBI,FL,ASO,ES,Combined TRACON& Tower with Radar,136,63,83,0,282,0,8,37,0,45,136,71,120,0,327,0,0,0,327
10/09/2019,PBI,FL,ASO,ES,Combined TRACON& Tower with Radar,135,64,79,0,278,0,8,50,0,58,135,72,129,0,336,0,0,0,336
10/10/2019,PBI,FL,ASO,ES,Combined TRACON& Tower with Radar,135,89,98,1,323,0,15,62,0,77,135,104,160,1,400,0,0,0,400
10/11/2019,PBI,FL,ASO,ES,Combined TRACON& Tower with Radar,140,78,94,3,315,0,8,51,3,62,140,86,145,6,377,0,0,0,377
10/12/2019,PBI,FL,ASO,ES,Combined TRACON& Tower with Radar,112,57,60,0,229,0,7,54,0,61,112,64,114,0,290,0,0,0,290
10/13/2019,PBI,FL,ASO,ES,Combined TRACON& Tower with Radar,123,78,85,0,286,0,3,43,0,46,123,81,128,0,332,0,0,0,332
10/14/2019,PBI,FL,ASO,ES,Combined TRACON& Tower with Radar,123,81,109,0,313,0,11,73,1,85,123,92,182,1,398,0,0,0,398
10/15/2019,PBI,FL,ASO,ES,Combined TRACON& Tower with Radar,131,100,88,0,319,0,10,68,5,83,131,110,156,5,402,0,0,0,402
10/16/2019,PBI,FL,ASO,ES,Combined TRACON& Tower with Radar,134,88,101,1,324,0,4,79,4,87,134,92,180,5,411,0,0,0,411
10/17/2019,PBI,FL,ASO,ES,Combined TRACON& Tower with Radar,134,84,95,1,314,0,4,89,2,95,134,88,184,3,409,0,0,0,409
10/18/2019,PBI,FL,ASO,ES,Combined TRACON& Tower with Radar,137,87,96,0,320,0,11,72,2,85,137,98,168,2,405,0,0,0,405
10/19/2019,PBI,FL,ASO,ES,Combined TRACON& Tower with Radar,116,64,56,0,236,0,0,40,0,40,116,64,96,0,276,0,0,0,276
10/20/2019,PBI,FL,ASO,ES,Combined TRACON& Tower with Radar,126,82,90,0,298,0,2,40,2,44,126,84,130,2,342,0,0,0,342
10/21/2019,PBI,FL,ASO,ES,Combined TRACON& Tower with Radar,124,73,79,0,276,0,8,66,5,79,124,81,145,5,355,0,0,0,355
10/22/2019,PBI,FL,ASO,ES,Combined TRACON& Tower with Radar,130,70,80,0,280,0,9,43,0,52,130,79,123,0,332,0,0,0,332
10/23/2019,PBI,FL,ASO,ES,Combined TRACON& Tower with Radar,133,99,91,2,325,0,8,57,1,66,133,107,148,3,391,0,0,0,391
10/24/2019,PBI,FL,ASO,ES,Combined TRACON& Tower with Radar,135,113,101,1,350,0,12,57,1,70,135,125,158,2,420,0,0,0,420
10/25/2019,PBI,FL,ASO,ES,Combined TRACON& Tower with Radar,131,82,93,0,306,0,14,52,1,67,131,96,145,1,373,0,0,0,373
10/26/2019,PBI,FL,ASO,ES,Combined TRACON& Tower with Radar,116,61,64,0,241,0,2,25,0,27,116,63,89,0,268,0,0,0,268
10/27/2019,PBI,FL,ASO,ES,Combined TRACON& Tower with Radar,132,79,112,0,323,0,1,46,0,47,132,80,158,0,370,0,0,0,370
10/28/2019,PBI,FL,ASO,ES,Combined TRACON& Tower with Radar,140,83,82,0,305,0,11,57,3,71,140,94,139,3,376,0,0,0,376
10/29/2019,PBI,FL,ASO,ES,Combined TRACON& Tower with Radar,147,83,95,0,325,0,3,71,3,77,147,86,166,3,402,0,0,0,402
10/30/2019,PBI,FL,ASO,ES,Combined TRACON& Tower with Radar,142,103,126,0,371,0,10,92,1,103,142,113,218,1,474,44,0,44,518
10/31/2019,PBI,FL,ASO,ES,Combined TRACON& Tower with Radar,133,116,110,0,359,0,3,59,1,63,133,119,169,1,422,0,0,0,422
11/01/2019,PBI,FL,ASO,ES,Combined TRACON& Tower with Radar,147,135,130,2,414,0,5,40,3,48,147,140,170,5,462,0,0,0,462
11/02/2019,PBI,FL,ASO,ES,Combined TRACON& Tower with Radar,142,83,80,1,306,0,4,48,2,54,142,87,128,3,360,0,0,0,360
11/03/2019,PBI,FL,ASO,ES,Combined TRACON& Tower with Radar,139,113,143,0,395,0,0,23,0,23,139,113,166,0,418,0,0,0,418
11/04/2019,PBI,FL,ASO,ES,Combined TRACON& Tower with Radar,151,96,108,0,355,0,7,66,0,73,151,103,174,0,428,0,0,0,428
11/05/2019,PBI,FL,ASO,ES,Combined TRACON& Tower with Radar,148,94,100,1,343,0,3,60,6,69,148,97,160,7,412,0,0,0,412
11/06/2019,PBI,FL,ASO,ES,Combined TRACON& Tower with Radar,153,106,98,0,357,0,7,50,2,59,153,113,148,2,416,0,0,0,416
11/07/2019,PBI,FL,ASO,ES,Combined TRACON& Tower with Radar,159,115,139,0,413,0,10,77,4,91,159,125,216,4,504,0,0,0,504
11/08/2019,PBI,FL,ASO,ES,Combined TRACON& Tower with Radar,153,91,144,0,388,0,4,62,3,69,153,95,206,3,457,0,0,0,457
11/09/2019,PBI,FL,ASO,ES,Combined TRACON& Tower with Radar,133,77,49,0,259,0,5,21,0,26,133,82,70,0,285,0,0,0,285
11/10/2019,PBI,FL,ASO,ES,Combined TRACON& Tower with Radar,145,99,124,0,368,0,6,78,0,84,145,105,202,0,452,0,0,0,452
11/11/2019,PBI,FL,ASO,ES,Combined TRACON& Tower with Radar,147,84,102,1,334,0,5,62,1,68,147,89,164,2,402,0,0,0,402
11/12/2019,PBI,FL,ASO,ES,Combined TRACON& Tower with Radar,153,84,89,0,326,0,1,75,4,80,153,85,164,4,406,0,0,0,406
11/13/2019,PBI,FL,ASO,ES,Combined TRACON& Tower with Radar,156,92,112,2,362,0,5,38,0,43,156,97,150,2,405,0,0,0,405
11/14/2019,PBI,FL,ASO,ES,Combined TRACON& Tower with Radar,174,108,122,0,404,0,3,41,2,46,174,111,163,2,450,0,0,0,450
11/15/2019,PBI,FL,ASO,ES,Combined TRACON& Tower with Radar,167,107,117,0,391,0,4,57,0,61,167,111,174,0,452,0,0,0,452
11/16/2019,PBI,FL,ASO,ES,Combined TRACON& Tower with Radar,149,92,83,8,332,0,4,33,3,40,149,96,116,11,372,0,0,0,372
11/17/2019,PBI,FL,ASO,ES,Combined TRACON& Tower with Radar,153,127,123,0,403,0,7,37,2,46,153,134,160,2,449,0,0,0,449
11/18/2019,PBI,FL,ASO,ES,Combined TRACON& Tower with Radar,169,85,107,4,365,0,7,39,3,49,169,92,146,7,414,0,0,0,414
11/19/2019,PBI,FL,ASO,ES,Combined TRACON& Tower with Radar,161,74,97,0,332,0,9,63,0,72,161,83,160,0,404,0,0,0,404
11/20/2019,PBI,FL,ASO,ES,Combined TRACON& Tower with Radar,164,103,96,1,364,0,5,74,0,79,164,108,170,1,443,0,0,0,443
11/21/2019,PBI,FL,ASO,ES,Combined TRACON& Tower with Radar,179,94,142,0,415,0,8,69,3,80,179,102,211,3,495,0,0,0,495
11/22/2019,PBI,FL,ASO,ES,Combined TRACON& Tower with Radar,177,133,129,0,439,0,3,74,2,79,177,136,203,2,518,0,0,0,518
11/23/2019,PBI,FL,ASO,ES,Combined TRACON& Tower with Radar,175,98,99,5,377,0,4,52,1,57,175,102,151,6,434,0,0,0,434
11/24/2019,PBI,FL,ASO,ES,Combined TRACON& Tower with Radar,168,110,135,3,416,0,1,36,5,42,168,111,171,8,458,0,0,0,458
11/25/2019,PBI,FL,ASO,ES,Combined TRACON& Tower with Radar,187,104,93,2,386,0,3,64,3,70,187,107,157,5,456,0,0,0,456
11/26/2019,PBI,FL,ASO,ES,Combined TRACON& Tower with Radar,191,106,96,3,396,0,6,52,5,63,191,112,148,8,459,0,0,0,459
11/27/2019,PBI,FL,ASO,ES,Combined TRACON& Tower with Radar,197,26,23,5,251,0,0,13,1,14,197,26,36,6,265,0,0,0,265
11/28/2019,PBI,FL,ASO,ES,Combined TRACON& Tower with Radar,128,17,6,2,153,0,4,10,0,14,128,21,16,2,167,0,0,0,167
11/29/2019,PBI,FL,ASO,ES,Combined TRACON& Tower with Radar,160,21,18,5,204,0,2,6,0,8,160,23,24,5,212,0,0,0,212
11/30/2019,PBI,FL,ASO,ES,Combined TRACON& Tower with Radar,193,42,20,0,255,0,2,8,1,11,193,44,28,1,266,0,0,0,266
12/01/2019,PBI,FL,ASO,ES,Combined TRACON& Tower with Radar,169,46,70,5,290,0,2,9,2,13,169,48,79,7,303,0,0,0,303
12/02/2019,PBI,FL,ASO,ES,Combined TRACON& Tower with Radar,176,116,110,2,404,0,12,42,0,54,176,128,152,2,458,0,0,0,458
12/03/2019,PBI,FL,ASO,ES,Combined TRACON& Tower with Radar,170,111,130,2,413,0,2,52,3,57,170,113,182,5,470,0,0,0,470
12/04/2019,PBI,FL,ASO,ES,Combined TRACON& Tower with Radar,160,105,133,0,398,0,7,65,0,72,160,112,198,0,470,0,0,0,470
12/05/2019,PBI,FL,ASO,ES,Combined TRACON& Tower with Radar,171,118,133,1,423,0,9,56,0,65,171,127,189,1,488,0,0,0,488
12/06/2019,PBI,FL,ASO,ES,Combined TRACON& Tower with Radar,173,92,135,0,400,0,11,71,2,84,173,103,206,2,484,0,0,0,484
12/07/2019,PBI,FL,ASO,ES,Combined TRACON& Tower with Radar,155,61,91,0,307,0,6,62,0,68,155,67,153,0,375,0,0,0,375
12/08/2019,PBI,FL,ASO,ES,Combined TRACON& Tower with Radar,144,150,118,0,412,0,3,68,2,73,144,153,186,2,485,0,0,0,485
12/09/2019,PBI,FL,ASO,ES,Combined TRACON& Tower with Radar,164,113,127,4,408,0,14,39,2,55,164,127,166,6,463,0,0,0,463
12/10/2019,PBI,FL,ASO,ES,Combined TRACON& Tower with Radar,164,100,117,2,383,0,6,67,1,74,164,106,184,3,457,0,0,0,457
12/11/2019,PBI,FL,ASO,ES,Combined TRACON& Tower with Radar,161,88,124,3,376,0,7,46,1,54,161,95,170,4,430,0,0,0,430
12/12/2019,PBI,FL,ASO,ES,Combined TRACON& Tower with Radar,176,87,127,1,391,0,2,42,1,45,176,89,169,2,436,0,0,0,436
12/13/2019,PBI,FL,ASO,ES,Combined TRACON& Tower with Radar,180,105,119,3,407,0,13,45,0,58,180,118,164,3,465,0,0,0,465
12/14/2019,PBI,FL,ASO,ES,Combined TRACON& Tower with Radar,152,73,86,0,311,0,4,33,2,39,152,77,119,2,350,0,0,0,350
12/15/2019,PBI,FL,ASO,ES,Combined TRACON& Tower with Radar,147,115,121,0,383,0,3,44,0,47,147,118,165,0,430,0,0,0,430
12/16/2019,PBI,FL,ASO,ES,Combined TRACON& Tower with Radar,177,94,107,0,378,1,11,62,4,78,178,105,169,4,456,0,0,0,456
12/17/2019,PBI,FL,ASO,ES,Combined TRACON& Tower with Radar,169,96,84,1,350,0,8,62,1,71,169,104,146,2,421,0,0,0,421
12/18/2019,PBI,FL,ASO,ES,Combined TRACON& Tower with Radar,190,93,121,6,410,0,1,37,4,42,190,94,158,10,452,0,0,0,452
12/19/2019,PBI,FL,ASO,ES,Combined TRACON& Tower with Radar,196,128,129,4,457,0,4,56,0,60,196,132,185,4,517,0,0,0,517
12/20/2019,PBI,FL,ASO,ES,Combined TRACON& Tower with Radar,226,119,94,1,440,0,4,44,4,52,226,123,138,5,492,0,0,0,492
12/21/2019,PBI,FL,ASO,ES,Combined TRACON& Tower with Radar,236,27,17,1,281,0,4,10,2,16,236,31,27,3,297,0,0,0,297
12/22/2019,PBI,FL,ASO,ES,Combined TRACON& Tower with Radar,226,29,20,0,275,0,0,16,0,16,226,29,36,0,291,0,0,0,291
12/23/2019,PBI,FL,ASO,ES,Combined TRACON& Tower with Radar,242,28,17,0,287,0,7,8,0,15,242,35,25,0,302,0,0,0,302
12/24/2019,PBI,FL,ASO,ES,Combined TRACON& Tower with Radar,200,19,6,0,225,0,4,6,0,10,200,23,12,0,235,0,0,0,235
12/25/2019,PBI,FL,ASO,ES,Combined TRACON& Tower with Radar,181,17,11,0,209,0,2,2,0,4,181,19,13,0,213,0,0,0,213
12/26/2019,PBI,FL,ASO,ES,Combined TRACON& Tower with Radar,219,44,32,0,295,0,5,4,0,9,219,49,36,0,304,0,0,0,304
12/27/2019,PBI,FL,ASO,ES,Combined TRACON& Tower with Radar,257,36,39,7,339,0,0,1,4,5,257,36,40,11,344,0,0,0,344
12/28/2019,PBI,FL,ASO,ES,Combined TRACON& Tower with Radar,226,19,15,0,260,0,3,0,1,4,226,22,15,1,264,0,0,0,264
12/29/2019,PBI,FL,ASO,ES,Combined TRACON& Tower with Radar,222,14,9,4,249,0,3,4,2,9,222,17,13,6,258,0,0,0,258
12/30/2019,PBI,FL,ASO,ES,Combined TRACON& Tower with Radar,234,34,14,8,290,0,3,6,4,13,234,37,20,12,303,0,0,0,303
12/31/2019,PBI,FL,ASO,ES,Combined TRACON& Tower with Radar,212,29,15,2,258,1,4,9,2,16,213,33,24,4,274,0,0,0,274
01/01/2020,PBI,FL,ASO,ES,Combined TRACON& Tower with Radar,199,30,24,1,254,0,2,6,1,9,199,32,30,2,263,0,0,0,263
01/02/2020,PBI,FL,ASO,ES,Combined TRACON& Tower with Radar,218,24,25,2,269,0,7,9,4,20,218,31,34,6,289,0,0,0,289
01/03/2020,PBI,FL,ASO,ES,Combined TRACON& Tower with Radar,243,27,15,8,293,0,3,11,11,25,243,30,26,19,318,0,0,0,318
01/04/2020,PBI,FL,ASO,ES,Combined TRACON& Tower with Radar,206,47,27,5,285,0,3,3,4,10,206,50,30,9,295,0,0,0,295
01/05/2020,PBI,FL,ASO,ES,Combined TRACON& Tower with Radar,209,55,62,5,331,0,5,11,4,20,209,60,73,9,351,0,0,0,351
01/06/2020,PBI,FL,ASO,ES,Combined TRACON& Tower with Radar,205,129,118,2,454,0,5,61,1,67,205,134,179,3,521,0,0,0,521
01/07/2020,PBI,FL,ASO,ES,Combined TRACON& Tower with Radar,169,88,106,0,363,0,6,74,2,82,169,94,180,2,445,0,0,0,445
01/08/2020,PBI,FL,ASO,ES,Combined TRACON& Tower with Radar,183,83,118,0,384,0,12,79,2,93,183,95,197,2,477,0,0,0,477
01/09/2020,PBI,FL,ASO,ES,Combined TRACON& Tower with Radar,187,117,113,1,418,0,11,65,0,76,187,128,178,1,494,0,0,0,494
01/10/2020,PBI,FL,ASO,ES,Combined TRACON& Tower with Radar,202,129,141,9,481,0,2,58,1,61,202,131,199,10,542,0,0,0,542
01/11/2020,PBI,FL,ASO,ES,Combined TRACON& Tower with Radar,161,79,64,2,306,0,1,32,3,36,161,80,96,5,342,0,0,0,342
01/12/2020,PBI,FL,ASO,ES,Combined TRACON& Tower with Radar,176,144,138,1,459,0,4,34,0,38,176,148,172,1,497,0,0,0,497
01/13/2020,PBI,FL,ASO,ES,Combined TRACON& Tower with Radar,194,102,81,0,377,0,3,49,0,52,194,105,130,0,429,0,0,0,429
01/14/2020,PBI,FL,ASO,ES,Combined TRACON& Tower with Radar,174,98,113,3,388,0,3,58,1,62,174,101,171,4,450,0,0,0,450
01/15/2020,PBI,FL,ASO,ES,Combined TRACON& Tower with Radar,185,96,133,1,415,0,16,55,4,75,185,112,188,5,490,0,0,0,490
01/16/2020,PBI,FL,ASO,ES,Combined TRACON& Tower with Radar,185,150,131,2,468,0,5,72,4,81,185,155,203,6,549,0,0,0,549
01/17/2020,PBI,FL,ASO,ES,Combined TRACON& Tower with Radar,202,128,113,2,445,1,6,40,6,53,203,134,153,8,498,0,0,0,498
01/18/2020,PBI,FL,ASO,ES,Combined TRACON& Tower with Radar,166,22,20,0,208,0,3,7,2,12,166,25,27,2,220,0,0,0,220
01/19/2020,PBI,FL,ASO,ES,Combined TRACON& Tower with Radar,163,74,71,4,312,0,1,24,1,26,163,75,95,5,338,0,0,0,338
01/20/2020,PBI,FL,ASO,ES,Combined TRACON& Tower with Radar,193,163,178,6,540,0,7,44,1,52,193,170,222,7,592,0,0,0,592
01/21/2020,PBI,FL,ASO,ES,Combined TRACON& Tower with Radar,175,109,110,2,396,0,6,69,0,75,175,115,179,2,471,0,0,0,471
01/22/2020,PBI,FL,ASO,ES,Combined TRACON& Tower with Radar,188,103,115,0,406,0,4,45,0,49,188,107,160,0,455,0,0,0,455
01/23/2020,PBI,FL,ASO,ES,Combined TRACON& Tower with Radar,196,126,166,0,488,1,0,54,0,55,197,126,220,0,543,0,0,0,543
01/24/2020,PBI,FL,ASO,ES,Combined TRACON& Tower with Radar,202,130,144,0,476,0,4,37,0,41,202,134,181,0,517,0,0,0,517
01/25/2020,PBI,FL,ASO,ES,Combined TRACON& Tower with Radar,172,73,83,0,328,0,5,37,0,42,172,78,120,0,370,0,0,0,370
01/26/2020,PBI,FL,ASO,ES,Combined TRACON& Tower with Radar,171,153,173,0,497,0,4,54,0,58,171,157,227,0,555,0,0,0,555
01/27/2020,PBI,FL,ASO,ES,Combined TRACON& Tower with Radar,198,124,121,1,444,0,6,56,0,62,198,130,177,1,506,0,0,0,506
01/28/2020,PBI,FL,ASO,ES,Combined TRACON& Tower with Radar,190,113,124,1,428,0,5,71,0,76,190,118,195,1,504,0,0,0,504
01/29/2020,PBI,FL,ASO,ES,Combined TRACON& Tower with Radar,185,119,198,12,514,0,2,73,2,77,185,121,271,14,591,0,0,0,591
01/30/2020,PBI,FL,ASO,ES,Combined TRACON& Tower with Radar,190,154,220,3,567,0,5,37,2,44,190,159,257,5,611,0,0,0,611
01/31/2020,PBI,FL,ASO,ES,Combined TRACON& Tower with Radar,202,90,107,2,401,0,2,60,0,62,202,92,167,2,463,0,0,0,463
02/01/2020,PBI,FL,ASO,ES,Combined TRACON& Tower with Radar,180,20,32,0,232,0,1,9,0,10,180,21,41,0,242,0,0,0,242
02/02/2020,PBI,FL,ASO,ES,Combined TRACON& Tower with Radar,175,53,47,2,277,0,4,14,1,19,175,57,61,3,296,0,0,0,296
02/03/2020,PBI,FL,ASO,ES,Combined TRACON& Tower with Radar,195,166,190,3,554,0,7,64,2,73,195,173,254,5,627,0,0,0,627
02/04/2020,PBI,FL,ASO,ES,Combined TRACON& Tower with Radar,174,119,108,5,406,0,2,57,1,60,174,121,165,6,466,0,0,0,466
02/05/2020,PBI,FL,ASO,ES,Combined TRACON& Tower with Radar,184,113,141,0,438,0,4,75,2,81,184,117,216,2,519,0,0,0,519
02/06/2020,PBI,FL,ASO,ES,Combined TRACON& Tower with Radar,174,131,160,2,467,0,5,47,0,52,174,136,207,2,519,0,0,0,519
02/07/2020,PBI,FL,ASO,ES,Combined TRACON& Tower with Radar,197,127,141,0,465,0,0,42,0,42,197,127,183,0,507,0,0,0,507
02/08/2020,PBI,FL,ASO,ES,Combined TRACON& Tower with Radar,179,102,104,1,386,0,7,28,1,36,179,109,132,2,422,0,0,0,422
02/09/2020,PBI,FL,ASO,ES,Combined TRACON& Tower with Radar,167,145,169,2,483,0,2,28,1,31,167,147,197,3,514,0,0,0,514
02/10/2020,PBI,FL,ASO,ES,Combined TRACON& Tower with Radar,189,103,158,7,457,0,9,54,2,65,189,112,212,9,522,0,0,0,522
02/11/2020,PBI,FL,ASO,ES,Combined TRACON& Tower with Radar,179,94,115,0,388,0,4,49,2,55,179,98,164,2,443,0,0,0,443
02/12/2020,PBI,FL,ASO,ES,Combined TRACON& Tower with Radar,189,134,156,8,487,0,5,55,4,64,189,139,211,12,551,0,0,0,551
02/13/2020,PBI,FL,ASO,ES,Combined TRACON& Tower with Radar,199,176,223,6,604,0,5,36,0,41,199,181,259,6,645,0,0,0,645
02/14/2020,PBI,FL,ASO,ES,Combined TRACON& Tower with Radar,218,125,129,1,473,0,0,36,2,38,218,125,165,3,511,0,0,0,511
02/15/2020,PBI,FL,ASO,ES,Combined TRACON& Tower with Radar,204,30,27,0,261,0,0,10,2,12,204,30,37,2,273,0,0,0,273
02/16/2020,PBI,FL,ASO,ES,Combined TRACON& Tower with Radar,188,100,77,8,373,0,4,9,0,13,188,104,86,8,386,0,0,0,386
02/17/2020,PBI,FL,ASO,ES,Combined TRACON& Tower with Radar,214,161,198,4,577,0,9,59,3,71,214,170,257,7,648,0,0,0,648
02/18/2020,PBI,FL,ASO,ES,Combined TRACON& Tower with Radar,198,141,155,7,501,0,13,73,1,87,198,154,228,8,588,0,0,0,588
02/19/2020,PBI,FL,ASO,ES,Combined TRACON& Tower with Radar,211,153,133,4,501,0,10,60,1,71,211,163,193,5,572,0,0,0,572
02/20/2020,PBI,FL,ASO,ES,Combined TRACON& Tower with Radar,207,141,185,3,536,0,9,76,0,85,207,150,261,3,621,0,0,0,621
02/21/2020,PBI,FL,ASO,ES,Combined TRACON& Tower with Radar,219,146,149,0,514,0,2,20,0,22,219,148,169,0,536,0,0,0,536
02/22/2020,PBI,FL,ASO,ES,Combined TRACON& Tower with Radar,219,95,92,0,406,0,2,21,0,23,219,97,113,0,429,0,0,0,429
02/23/2020,PBI,FL,ASO,ES,Combined TRACON& Tower with Radar,199,182,199,0,580,0,8,50,0,58,199,190,249,0,638,0,0,0,638
02/24/2020,PBI,FL,ASO,ES,Combined TRACON& Tower with Radar,215,147,148,2,512,0,3,62,1,66,215,150,210,3,578,0,0,0,578
02/25/2020,PBI,FL,ASO,ES,Combined TRACON& Tower with Radar,201,110,119,3,433,0,8,48,1,57,201,118,167,4,490,0,0,0,490
02/26/2020,PBI,FL,ASO,ES,Combined TRACON& Tower with Radar,202,103,138,0,443,0,3,39,1,43,202,106,177,1,486,0,0,0,486
02/27/2020,PBI,FL,ASO,ES,Combined TRACON& Tower with Radar,208,158,168,3,537,0,5,43,0,48,208,163,211,3,585,0,0,0,585
02/28/2020,PBI,FL,ASO,ES,Combined TRACON& Tower with Radar,216,152,155,4,527,0,9,41,3,53,216,161,196,7,580,0,0,0,580
02/29/2020,PBI,FL,ASO,ES,Combined TRACON& Tower with Radar,206,98,95,0,399,0,3,46,2,51,206,101,141,2,450,0,0,0,450
03/01/2020,PBI,FL,ASO,ES,Combined TRACON& Tower with Radar,200,185,193,0,578,0,0,42,2,44,200,185,235,2,622,16,0,16,638
03/02/2020,PBI,FL,ASO,ES,Combined TRACON& Tower with Radar,209,124,156,3,492,0,20,53,1,74,209,144,209,4,566,16,0,16,582
03/03/2020,PBI,FL,ASO,ES,Combined TRACON& Tower with Radar,198,102,131,2,433,0,15,48,1,64,198,117,179,3,497,0,0,0,497
03/04/2020,PBI,FL,ASO,ES,Combined TRACON& Tower with Radar,205,113,127,4,449,0,6,64,2,72,205,119,191,6,521,6,0,6,527
03/05/2020,PBI,FL,ASO,ES,Combined TRACON& Tower with Radar,204,174,170,3,551,0,8,45,0,53,204,182,215,3,604,0,0,0,604
03/06/2020,PBI,FL,ASO,ES,Combined TRACON& Tower with Radar,214,134,140,3,491,0,4,30,1,35,214,138,170,4,526,0,0,0,526
03/07/2020,PBI,FL,ASO,ES,Combined TRACON& Tower with Radar,214,47,22,4,287,0,1,9,3,13,214,48,31,7,300,0,0,0,300
03/08/2020,PBI,FL,ASO,ES,Combined TRACON& Tower with Radar,199,56,61,0,316,0,8,4,1,13,199,64,65,1,329,0,0,0,329
03/09/2020,PBI,FL,ASO,ES,Combined TRACON& Tower with Radar,217,95,83,4,399,0,6,40,2,48,217,101,123,6,447,0,0,0,447
03/10/2020,PBI,FL,ASO,ES,Combined TRACON& Tower with Radar,201,120,131,2,454,0,6,50,0,56,201,126,181,2,510,0,0,0,510
03/11/2020,PBI,FL,ASO,ES,Combined TRACON& Tower with Radar,209,126,138,0,473,0,9,54,0,63,209,135,192,0,536,0,0,0,536
03/12/2020,PBI,FL,ASO,ES,Combined TRACON& Tower with Radar,215,194,171,1,581,0,4,58,0,62,215,198,229,1,643,0,0,0,643
03/13/2020,PBI,FL,ASO,ES,Combined TRACON& Tower with Radar,211,201,190,1,603,0,6,64,4,74,211,207,254,5,677,0,0,0,677
03/14/2020,PBI,FL,ASO,ES,Combined TRACON& Tower with Radar,220,160,132,0,512,0,13,30,0,43,220,173,162,0,555,0,0,0,555
03/15/2020,PBI,FL,ASO,ES,Combined TRACON& Tower with Radar,192,187,197,0,576,0,7,43,0,50,192,194,240,0,626,0,0,0,626
03/16/2020,PBI,FL,ASO,ES,Combined TRACON& Tower with Radar,213,160,165,2,540,0,2,67,0,69,213,162,232,2,609,0,0,0,609
03/17/2020,PBI,FL,ASO,ES,Combined TRACON& Tower with Radar,195,140,172,0,507,0,6,48,2,56,195,146,220,2,563,0,0,0,563
03/18/2020,PBI,FL,ASO,ES,Combined TRACON& Tower with Radar,208,140,135,0,483,0,10,36,2,48,208,150,171,2,531,0,0,0,531
03/19/2020,PBI,FL,ASO,ES,Combined TRACON& Tower with Radar,196,101,114,1,412,0,13,31,1,45,196,114,145,2,457,0,0,0,457
03/20/2020,PBI,FL,ASO,ES,Combined TRACON& Tower with Radar,190,113,119,0,422,0,3,43,0,46,190,116,162,0,468,0,0,0,468
03/21/2020,PBI,FL,ASO,ES,Combined TRACON& Tower with Radar,175,96,88,0,359,0,5,33,0,38,175,101,121,0,397,0,0,0,397
03/22/2020,PBI,FL,ASO,ES,Combined TRACON& Tower with Radar,153,86,78,0,317,0,7,20,1,28,153,93,98,1,345,0,0,0,345
03/23/2020,PBI,FL,ASO,ES,Combined TRACON& Tower with Radar,129,74,57,0,260,0,2,31,0,33,129,76,88,0,293,0,0,0,293
03/24/2020,PBI,FL,ASO,ES,Combined TRACON& Tower with Radar,116,40,51,4,211,0,2,25,0,27,116,42,76,4,238,0,0,0,238
03/25/2020,PBI,FL,ASO,ES,Combined TRACON& Tower with Radar,116,28,52,0,196,0,3,37,0,40,116,31,89,0,236,0,0,0,236
03/26/2020,PBI,FL,ASO,ES,Combined TRACON& Tower with Radar,105,36,30,0,171,0,2,52,0,54,105,38,82,0,225,0,0,0,225
03/27/2020,PBI,FL,ASO,ES,Combined TRACON& Tower with Radar,90,44,54,0,188,0,1,33,0,34,90,45,87,0,222,0,0,0,222
03/28/2020,PBI,FL,ASO,ES,Combined TRACON& Tower with Radar,84,32,26,0,142,0,3,22,0,25,84,35,48,0,167,0,0,0,167
03/29/2020,PBI,FL,ASO,ES,Combined TRACON& Tower with Radar,77,47,34,0,158,0,1,30,0,31,77,48,64,0,189,0,0,0,189
03/30/2020,PBI,FL,ASO,ES,Combined TRACON& Tower with Radar,70,34,20,0,124,0,6,25,0,31,70,40,45,0,155,0,0,0,155
03/31/2020,PBI,FL,ASO,ES,Combined TRACON& Tower with Radar,75,42,38,2,157,0,0,25,3,28,75,42,63,5,185,0,0,0,185
04/01/2020,PBI,FL,ASO,ES,Combined TRACON& Tower with Radar,70,43,21,0,134,0,0,32,0,32,70,43,53,0,166,0,0,0,166
04/02/2020,PBI,FL,ASO,ES,Combined TRACON& Tower with Radar,69,40,20,0,129,0,3,31,0,34,69,43,51,0,163,0,0,0,163
04/03/2020,PBI,FL,ASO,ES,Combined TRACON& Tower with Radar,68,44,23,0,135,0,1,30,4,35,68,45,53,4,170,10,0,10,180
04/04/2020,PBI,FL,ASO,ES,Combined TRACON& Tower with Radar,66,27,22,0,115,0,5,18,2,25,66,32,40,2,140,0,0,0,140
04/05/2020,PBI,FL,ASO,ES,Combined TRACON& Tower with Radar,61,37,30,4,132,0,0,5,0,5,61,37,35,4,137,0,0,0,137
04/06/2020,PBI,FL,ASO,ES,Combined TRACON& Tower with Radar,55,39,24,0,118,0,2,14,0,16,55,41,38,0,134,0,0,0,134
04/07/2020,PBI,FL,ASO,ES,Combined TRACON& Tower with Radar,57,30,38,0,125,0,0,25,0,25,57,30,63,0,150,0,0,0,150
04/08/2020,PBI,FL,ASO,ES,Combined TRACON& Tower with Radar,60,29,39,1,129,0,4,42,1,47,60,33,81,2,176,0,0,0,176
04/09/2020,PBI,FL,ASO,ES,Combined TRACON& Tower with Radar,71,39,18,0,128,0,1,29,0,30,71,40,47,0,158,0,0,0,158
04/10/2020,PBI,FL,ASO,ES,Combined TRACON& Tower with Radar,72,30,34,0,136,0,3,28,0,31,72,33,62,0,167,0,0,0,167
04/11/2020,PBI,FL,ASO,ES,Combined TRACON& Tower with Radar,67,30,17,0,114,0,0,23,0,23,67,30,40,0,137,0,0,0,137
04/12/2020,PBI,FL,ASO,ES,Combined TRACON& Tower with Radar,49,34,16,0,99,0,6,17,0,23,49,40,33,0,122,0,0,0,122
04/13/2020,PBI,FL,ASO,ES,Combined TRACON& Tower with Radar,47,17,30,2,96,0,4,27,0,31,47,21,57,2,127,0,0,0,127
04/14/2020,PBI,FL,ASO,ES,Combined TRACON& Tower with Radar,48,32,25,2,107,0,5,59,1,65,48,37,84,3,172,0,0,0,172
04/15/2020,PBI,FL,ASO,ES,Combined TRACON& Tower with Radar,43,33,46,5,127,0,1,34,8,43,43,34,80,13,170,0,0,0,170
04/16/2020,PBI,FL,ASO,ES,Combined TRACON& Tower with Radar,37,35,32,0,104,0,0,20,2,22,37,35,52,2,126,0,0,0,126
04/17/2020,PBI,FL,ASO,ES,Combined TRACON& Tower with Radar,42,29,31,0,102,0,2,20,0,22,42,31,51,0,124,0,0,0,124
04/18/2020,PBI,FL,ASO,ES,Combined TRACON& Tower with Radar,36,25,21,0,82,0,0,13,0,13,36,25,34,0,95,0,0,0,95
04/19/2020,PBI,FL,ASO,ES,Combined TRACON& Tower with Radar,28,27,23,0,78,0,0,20,2,22,28,27,43,2,100,0,0,0,100
04/20/2020,PBI,FL,ASO,ES,Combined TRACON& Tower with Radar,29,25,26,0,80,0,2,29,0,31,29,27,55,0,111,6,0,6,117
04/21/2020,PBI,FL,ASO,ES,Combined TRACON& Tower with Radar,31,20,38,4,93,0,1,35,2,38,31,21,73,6,131,0,0,0,131
04/22/2020,PBI,FL,ASO,ES,Combined TRACON& Tower with Radar,37,40,37,2,116,0,2,33,4,39,37,42,70,6,155,0,0,0,155
04/23/2020,PBI,FL,ASO,ES,Combined TRACON& Tower with Radar,38,39,34,12,123,0,4,39,0,43,38,43,73,12,166,0,0,0,166
04/24/2020,PBI,FL,ASO,ES,Combined TRACON& Tower with Radar,39,32,32,1,104,0,0,26,0,26,39,32,58,1,130,0,0,0,130
04/25/2020,PBI,FL,ASO,ES,Combined TRACON& Tower with Radar,33,45,27,0,105,0,0,32,0,32,33,45,59,0,137,0,0,0,137
04/26/2020,PBI,FL,ASO,ES,Combined TRACON& Tower with Radar,22,33,29,0,84,0,10,25,2,37,22,43,54,2,121,0,0,0,121
04/27/2020,PBI,FL,ASO,ES,Combined TRACON& Tower with Radar,34,33,40,0,107,0,5,42,4,51,34,38,82,4,158,0,0,0,158
04/28/2020,PBI,FL,ASO,ES,Combined TRACON& Tower with Radar,37,42,34,2,115,0,3,56,0,59,37,45,90,2,174,0,0,0,174
04/29/2020,PBI,FL,ASO,ES,Combined TRACON& Tower with Radar,36,60,43,0,139,0,0,41,2,43,36,60,84,2,182,0,0,0,182
04/30/2020,PBI,FL,ASO,ES,Combined TRACON& Tower with Radar,37,47,53,0,137,0,0,11,2,13,37,47,64,2,150,0,0,0,150
05/01/2020,PBI,FL,ASO,ES,Combined TRACON& Tower with Radar,34,72,70,0,176,0,4,52,2,58,34,76,122,2,234,0,0,0,234
05/02/2020,PBI,FL,ASO,ES,Combined TRACON& Tower with Radar,21,48,19,12,100,0,0,22,0,22,21,48,41,12,122,0,0,0,122
05/03/2020,PBI,FL,ASO,ES,Combined TRACON& Tower with Radar,32,47,43,0,122,0,1,31,2,34,32,48,74,2,156,0,0,0,156
05/04/2020,PBI,FL,ASO,ES,Combined TRACON& Tower with Radar,28,46,43,0,117,0,3,30,2,35,28,49,73,2,152,0,0,0,152
05/05/2020,PBI,FL,ASO,ES,Combined TRACON& Tower with Radar,31,45,50,2,128,0,2,51,3,56,31,47,101,5,184,0,0,0,184
05/06/2020,PBI,FL,ASO,ES,Combined TRACON& Tower with Radar,30,64,61,6,161,0,2,48,0,50,30,66,109,6,211,0,0,0,211
05/07/2020,PBI,FL,ASO,ES,Combined TRACON& Tower with Radar,35,58,64,2,159,0,0,54,4,58,35,58,118,6,217,0,0,0,217
05/08/2020,PBI,FL,ASO,ES,Combined TRACON& Tower with Radar,35,72,76,0,183,0,4,63,2,69,35,76,139,2,252,0,0,0,252
05/09/2020,PBI,FL,ASO,ES,Combined TRACON& Tower with Radar,18,61,54,0,133,0,2,35,1,38,18,63,89,1,171,0,0,0,171
05/10/2020,PBI,FL,ASO,ES,Combined TRACON& Tower with Radar,27,59,34,0,120,0,0,4,1,5,27,59,38,1,125,0,0,0,125
05/11/2020,PBI,FL,ASO,ES,Combined TRACON& Tower with Radar,30,65,71,0,166,0,3,29,0,32,30,68,100,0,198,0,0,0,198
05/12/2020,PBI,FL,ASO,ES,Combined TRACON& Tower with Radar,26,75,47,0,148,0,4,47,4,55,26,79,94,4,203,0,0,0,203
05/13/2020,PBI,FL,ASO,ES,Combined TRACON& Tower with Radar,31,70,64,0,165,0,0,55,0,55,31,70,119,0,220,0,0,0,220
05/14/2020,PBI,FL,ASO,ES,Combined TRACON& Tower with Radar,41,66,68,0,175,0,2,27,2,31,41,68,95,2,206,0,0,0,206
05/15/2020,PBI,FL,ASO,ES,Combined TRACON& Tower with Radar,36,87,70,1,194,0,1,16,3,20,36,88,86,4,214,0,0,0,214
05/16/2020,PBI,FL,ASO,ES,Combined TRACON& Tower with Radar,21,80,61,0,162,0,1,24,0,25,21,81,85,0,187,0,0,0,187
05/17/2020,PBI,FL,ASO,ES,Combined TRACON& Tower with Radar,29,61,60,0,150,0,3,38,0,41,29,64,98,0,191,0,0,0,191
05/18/2020,PBI,FL,ASO,ES,Combined TRACON& Tower with Radar,32,69,65,2,168,0,0,17,2,19,32,69,82,4,187,0,0,0,187
05/19/2020,PBI,FL,ASO,ES,Combined TRACON& Tower with Radar,30,82,73,0,185,0,1,42,0,43,30,83,115,0,228,0,0,0,228
05/20/2020,PBI,FL,ASO,ES,Combined TRACON& Tower with Radar,31,99,100,0,230,0,3,39,0,42,31,102,139,0,272,0,0,0,272
05/21/2020,PBI,FL,ASO,ES,Combined TRACON& Tower with Radar,40,95,105,0,240,0,9,39,0,48,40,104,144,0,288,0,0,0,288
05/22/2020,PBI,FL,ASO,ES,Combined TRACON& Tower with Radar,38,113,100,7,258,0,6,45,3,54,38,119,145,10,312,0,0,0,312
05/23/2020,PBI,FL,ASO,ES,Combined TRACON& Tower with Radar,16,75,46,0,137,0,5,32,3,40,16,80,78,3,177,0,0,0,177
05/24/2020,PBI,FL,ASO,ES,Combined TRACON& Tower with Radar,30,51,51,0,132,0,0,6,0,6,30,51,57,0,138,0,0,0,138
05/25/2020,PBI,FL,ASO,ES,Combined TRACON& Tower with Radar,27,75,63,1,166,0,0,4,0,4,27,75,67,1,170,0,0,0,170
05/26/2020,PBI,FL,ASO,ES,Combined TRACON& Tower with Radar,24,105,108,0,237,0,1,28,0,29,24,106,136,0,266,0,0,0,266
05/27/2020,PBI,FL,ASO,ES,Combined TRACON& Tower with Radar,33,126,83,0,242,0,4,70,2,76,33,130,153,2,318,0,0,0,318
05/28/2020,PBI,FL,ASO,ES,Combined TRACON& Tower with Radar,44,93,93,0,230,0,4,43,0,47,44,97,136,0,277,0,0,0,277
05/29/2020,PBI,FL,ASO,ES,Combined TRACON& Tower with Radar,34,105,108,0,247,0,6,41,0,47,34,111,149,0,294,0,0,0,294
05/30/2020,PBI,FL,ASO,ES,Combined TRACON& Tower with Radar,17,96,77,0,190,0,5,35,0,40,17,101,112,0,230,0,0,0,230
05/31/2020,PBI,FL,ASO,ES,Combined TRACON& Tower with Radar,42,101,98,0,241,0,2,44,1,47,42,103,142,1,288,0,0,0,288
06/01/2020,PBI,FL,ASO,ES,Combined TRACON& Tower with Radar,38,127,118,0,283,0,0,33,3,36,38,127,151,3,319,0,0,0,319
06/02/2020,PBI,FL,ASO,ES,Combined TRACON& Tower with Radar,35,94,91,0,220,0,1,27,1,29,35,95,118,1,249,0,0,0,249
06/03/2020,PBI,FL,ASO,ES,Combined TRACON& Tower with Radar,40,98,82,0,220,0,2,14,0,16,40,100,96,0,236,0,0,0,236
06/04/2020,PBI,FL,ASO,ES,Combined TRACON& Tower with Radar,51,117,110,0,278,0,0,30,0,30,51,117,140,0,308,0,0,0,308
06/05/2020,PBI,FL,ASO,ES,Combined TRACON& Tower with Radar,50,92,92,0,234,0,4,52,3,59,50,96,144,3,293,0,0,0,293
06/06/2020,PBI,FL,ASO,ES,Combined TRACON& Tower with Radar,33,84,77,0,194,0,2,20,2,24,33,86,97,2,218,0,0,0,218
06/07/2020,PBI,FL,ASO,ES,Combined TRACON& Tower with Radar,49,72,91,0,212,0,2,19,0,21,49,74,110,0,233,0,0,0,233
06/08/2020,PBI,FL,ASO,ES,Combined TRACON& Tower with Radar,49,86,83,0,218,0,1,62,6,69,49,87,145,6,287,0,0,0,287
06/09/2020,PBI,FL,ASO,ES,Combined TRACON& Tower with Radar,40,117,83,0,240,0,19,36,4,59,40,136,119,4,299,0,0,0,299
06/10/2020,PBI,FL,ASO,ES,Combined TRACON& Tower with Radar,47,96,95,2,240,0,5,55,2,62,47,101,150,4,302,0,0,0,302
06/11/2020,PBI,FL,ASO,ES,Combined TRACON& Tower with Radar,59,108,104,0,271,0,20,68,0,88,59,128,172,0,359,0,0,0,359
06/12/2020,PBI,FL,ASO,ES,Combined TRACON& Tower with Radar,54,82,100,4,240,0,2,40,0,42,54,84,140,4,282,0,0,0,282
06/13/2020,PBI,FL,ASO,ES,Combined TRACON& Tower with Radar,34,97,67,0,198,0,4,45,2,51,34,101,112,2,249,0,0,0,249
06/14/2020,PBI,FL,ASO,ES,Combined TRACON& Tower with Radar,52,89,69,0,210,0,3,18,0,21,52,92,87,0,231,0,0,0,231
06/15/2020,PBI,FL,ASO,ES,Combined TRACON& Tower with Radar,52,119,94,0,265,0,2,34,0,36,52,121,128,0,301,0,0,0,301
06/16/2020,PBI,FL,ASO,ES,Combined TRACON& Tower with Radar,44,115,124,0,283,0,9,67,0,76,44,124,191,0,359,0,0,0,359
06/17/2020,PBI,FL,ASO,ES,Combined TRACON& Tower with Radar,47,123,107,2,279,0,10,40,0,50,47,133,147,2,329,0,0,0,329
06/18/2020,PBI,FL,ASO,ES,Combined TRACON& Tower with Radar,58,91,98,0,247,0,3,23,0,26,58,94,121,0,273,0,0,0,273
06/19/2020,PBI,FL,ASO,ES,Combined TRACON& Tower with Radar,60,96,95,0,251,0,4,44,0,48,60,100,139,0,299,0,0,0,299
06/20/2020,PBI,FL,ASO,ES,Combined TRACON& Tower with Radar,39,81,72,0,192,0,0,38,0,38,39,81,110,0,230,0,0,0,230
06/21/2020,PBI,FL,ASO,ES,Combined TRACON& Tower with Radar,51,65,76,0,192,0,2,34,0,36,51,67,110,0,228,0,0,0,228
06/22/2020,PBI,FL,ASO,ES,Combined TRACON& Tower with Radar,56,88,125,0,269,0,5,42,0,47,56,93,167,0,316,0,0,0,316
06/23/2020,PBI,FL,ASO,ES,Combined TRACON& Tower with Radar,45,107,95,3,250,0,1,41,1,43,45,108,136,4,293,0,0,0,293
06/24/2020,PBI,FL,ASO,ES,Combined TRACON& Tower with Radar,47,115,80,0,242,0,8,33,2,43,47,123,113,2,285,0,0,0,285
06/25/2020,PBI,FL,ASO,ES,Combined TRACON& Tower with Radar,61,102,98,0,261,0,21,57,2,80,61,123,155,2,341,8,0,8,349
06/26/2020,PBI,FL,ASO,ES,Combined TRACON& Tower with Radar,61,88,94,4,247,0,2,43,0,45,61,90,137,4,292,16,0,16,308
06/27/2020,PBI,FL,ASO,ES,Combined TRACON& Tower with Radar,39,73,53,2,167,0,2,29,2,33,39,75,82,4,200,0,0,0,200
06/28/2020,PBI,FL,ASO,ES,Combined TRACON& Tower with Radar,51,78,68,4,201,0,6,26,0,32,51,84,94,4,233,0,0,0,233
06/29/2020,PBI,FL,ASO,ES,Combined TRACON& Tower with Radar,57,83,93,0,233,0,7,45,0,52,57,90,138,0,285,0,0,0,285
06/30/2020,PBI,FL,ASO,ES,Combined TRACON& Tower with Radar,50,99,82,4,235,0,1,40,0,41,50,100,122,4,276,0,0,0,276
07/01/2020,PBI,FL,ASO,ES,Combined TRACON& Tower with Radar,64,87,117,1,269,0,7,49,2,58,64,94,166,3,327,0,0,0,327
07/02/2020,PBI,FL,ASO,ES,Combined TRACON& Tower with Radar,78,117,111,0,306,0,10,54,3,67,78,127,165,3,373,10,0,10,383
07/03/2020,PBI,FL,ASO,ES,Combined TRACON& Tower with Radar,64,77,89,0,230,0,2,34,2,38,64,79,123,2,268,0,0,0,268
07/04/2020,PBI,FL,ASO,ES,Combined TRACON& Tower with Radar,45,31,25,0,101,0,4,33,0,37,45,35,58,0,138,0,0,0,138
07/05/2020,PBI,FL,ASO,ES,Combined TRACON& Tower with Radar,62,39,48,0,149,0,3,27,0,30,62,42,75,0,179,0,0,0,179
07/06/2020,PBI,FL,ASO,ES,Combined TRACON& Tower with Radar,69,77,76,0,222,0,3,48,0,51,69,80,124,0,273,0,0,0,273
07/07/2020,PBI,FL,ASO,ES,Combined TRACON& Tower with Radar,68,69,57,0,194,0,1,46,0,47,68,70,103,0,241,0,0,0,241
07/08/2020,PBI,FL,ASO,ES,Combined TRACON& Tower with Radar,71,77,65,0,213,0,6,45,0,51,71,83,110,0,264,0,0,0,264
07/09/2020,PBI,FL,ASO,ES,Combined TRACON& Tower with Radar,75,87,63,0,225,0,1,36,1,38,75,88,99,1,263,0,0,0,263
07/10/2020,PBI,FL,ASO,ES,Combined TRACON& Tower with Radar,89,71,98,8,266,0,3,16,2,21,89,74,114,10,287,0,0,0,287
07/11/2020,PBI,FL,ASO,ES,Combined TRACON& Tower with Radar,67,50,58,0,175,0,2,25,0,27,67,52,83,0,202,0,0,0,202
07/12/2020,PBI,FL,ASO,ES,Combined TRACON& Tower with Radar,75,56,63,0,194,0,0,21,0,21,75,56,84,0,215,14,0,14,229
07/13/2020,PBI,FL,ASO,ES,Combined TRACON& Tower with Radar,69,58,76,0,203,0,4,41,0,45,69,62,117,0,248,0,0,0,248
07/14/2020,PBI,FL,ASO,ES,Combined TRACON& Tower with Radar,65,50,62,0,177,0,1,50,0,51,65,51,112,0,228,0,0,0,228
07/15/2020,PBI,FL,ASO,ES,Combined TRACON& Tower with Radar,66,63,80,0,209,0,3,43,0,46,66,66,123,0,255,0,0,0,255
07/16/2020,PBI,FL,ASO,ES,Combined TRACON& Tower with Radar,71,60,71,2,204,0,5,44,2,51,71,65,115,4,255,0,0,0,255
07/17/2020,PBI,FL,ASO,ES,Combined TRACON& Tower with Radar,70,59,71,0,200,0,5,19,0,24,70,64,90,0,224,0,0,0,224
07/18/2020,PBI,FL,ASO,ES,Combined TRACON& Tower with Radar,56,41,51,0,148,0,2,21,0,23,56,43,72,0,171,0,0,0,171
07/19/2020,PBI,FL,ASO,ES,Combined TRACON& Tower with Radar,64,42,77,0,183,0,1,44,2,47,64,43,121,2,230,0,0,0,230
07/20/2020,PBI,FL,ASO,ES,Combined TRACON& Tower with Radar,65,44,67,2,178,0,1,31,0,32,65,45,98,2,210,0,0,0,210
07/21/2020,PBI,FL,ASO,ES,Combined TRACON& Tower with Radar,61,53,66,8,188,0,1,55,0,56,61,54,121,8,244,0,0,0,244
07/22/2020,PBI,FL,ASO,ES,Combined TRACON& Tower with Radar,68,65,69,0,202,0,0,36,0,36,68,65,105,0,238,0,0,0,238
07/23/2020,PBI,FL,ASO,ES,Combined TRACON& Tower with Radar,76,41,63,0,180,0,6,34,1,41,76,47,97,1,221,0,0,0,221
07/24/2020,PBI,FL,ASO,ES,Combined TRACON& Tower with Radar,68,58,67,0,193,0,6,39,2,47,68,64,106,2,240,0,0,0,240
07/25/2020,PBI,FL,ASO,ES,Combined TRACON& Tower with Radar,55,65,51,0,171,0,2,24,0,26,55,67,75,0,197,20,0,20,217
07/26/2020,PBI,FL,ASO,ES,Combined TRACON& Tower with Radar,64,36,64,0,164,0,0,20,0,20,64,36,84,0,184,0,0,0,184
07/27/2020,PBI,FL,ASO,ES,Combined TRACON& Tower with Radar,62,56,74,0,192,0,2,26,2,30,62,58,100,2,222,0,0,0,222
07/28/2020,PBI,FL,ASO,ES,Combined TRACON& Tower with Radar,56,56,63,2,177,0,5,56,0,61,56,61,119,2,238,0,0,0,238
07/29/2020,PBI,FL,ASO,ES,Combined TRACON& Tower with Radar,55,60,70,2,187,0,9,51,0,60,55,69,121,2,247,0,0,0,247
07/30/2020,PBI,FL,ASO,ES,Combined TRACON& Tower with Radar,68,68,65,0,201,0,9,45,2,56,68,77,110,2,257,0,0,0,257
07/31/2020,PBI,FL,ASO,ES,Combined TRACON& Tower with Radar,67,76,105,0,248,0,3,49,0,52,67,79,154,0,300,0,0,0,300
08/01/2020,PBI,FL,ASO,ES,Combined TRACON& Tower with Radar,37,38,34,0,109,0,2,6,0,8,37,40,40,0,117,0,0,0,117
08/02/2020,PBI,FL,ASO,ES,Combined TRACON& Tower with Radar,45,14,24,0,83,0,0,0,0,0,45,14,24,0,83,0,0,0,83
08/03/2020,PBI,FL,ASO,ES,Combined TRACON& Tower with Radar,60,48,82,0,190,0,3,20,0,23,60,51,102,0,213,0,0,0,213
08/04/2020,PBI,FL,ASO,ES,Combined TRACON& Tower with Radar,45,44,70,0,159,0,3,57,0,60,45,47,127,0,219,0,0,0,219
08/05/2020,PBI,FL,ASO,ES,Combined TRACON& Tower with Radar,49,50,65,2,166,0,1,33,0,34,49,51,98,2,200,0,0,0,200
08/06/2020,PBI,FL,ASO,ES,Combined TRACON& Tower with Radar,68,47,59,0,174,0,10,35,3,48,68,57,94,3,222,0,0,0,222
08/07/2020,PBI,FL,ASO,ES,Combined TRACON& Tower with Radar,63,50,64,8,185,0,3,35,3,41,63,53,99,11,226,0,0,0,226
08/08/2020,PBI,FL,ASO,ES,Combined TRACON& Tower with Radar,51,41,39,0,131,0,4,30,0,34,51,45,69,0,165,0,0,0,165
08/09/2020,PBI,FL,ASO,ES,Combined TRACON& Tower with Radar,66,43,63,0,172,0,2,42,0,44,66,45,105,0,216,0,0,0,216
08/10/2020,PBI,FL,ASO,ES,Combined TRACON& Tower with Radar,58,54,68,16,196,0,3,44,0,47,58,57,112,16,243,0,0,0,243
08/11/2020,PBI,FL,ASO,ES,Combined TRACON& Tower with Radar,57,59,59,0,175,1,10,40,0,51,58,69,99,0,226,0,0,0,226
08/12/2020,PBI,FL,ASO,ES,Combined TRACON& Tower with Radar,49,62,46,0,157,0,10,35,0,45,49,72,81,0,202,0,0,0,202
08/13/2020,PBI,FL,ASO,ES,Combined TRACON& Tower with Radar,66,58,53,1,178,0,8,65,0,73,66,66,118,1,251,0,0,0,251
08/14/2020,PBI,FL,ASO,ES,Combined TRACON& Tower with Radar,63,58,62,0,183,0,1,47,1,49,63,59,109,1,232,0,0,0,232
08/15/2020,PBI,FL,ASO,ES,Combined TRACON& Tower with Radar,52,36,66,0,154,0,6,27,0,33,52,42,93,0,187,0,0,0,187
08/16/2020,PBI,FL,ASO,ES,Combined TRACON& Tower with Radar,60,42,64,1,167,0,1,23,0,24,60,43,87,1,191,0,0,0,191
08/17/2020,PBI,FL,ASO,ES,Combined TRACON& Tower with Radar,58,52,87,2,199,0,2,31,0,33,58,54,118,2,232,0,0,0,232
08/18/2020,PBI,FL,ASO,ES,Combined TRACON& Tower with Radar,50,43,76,3,172,0,3,31,0,34,50,46,107,3,206,0,0,0,206
08/19/2020,PBI,FL,ASO,ES,Combined TRACON& Tower with Radar,47,69,60,1,177,0,3,18,2,23,47,72,78,3,200,0,0,0,200
08/20/2020,PBI,FL,ASO,ES,Combined TRACON& Tower with Radar,68,68,73,1,210,0,4,31,4,39,68,72,104,5,249,0,0,0,249
08/21/2020,PBI,FL,ASO,ES,Combined TRACON& Tower with Radar,60,64,78,2,204,0,1,45,2,48,60,65,123,4,252,0,0,0,252
08/22/2020,PBI,FL,ASO,ES,Combined TRACON& Tower with Radar,57,45,70,1,173,0,3,41,0,44,57,48,111,1,217,0,0,0,217
08/23/2020,PBI,FL,ASO,ES,Combined TRACON& Tower with Radar,64,36,59,0,159,0,2,13,0,15,64,38,72,0,174,0,0,0,174
08/24/2020,PBI,FL,ASO,ES,Combined TRACON& Tower with Radar,59,40,52,24,175,0,5,22,0,27,59,45,74,24,202,0,0,0,202
08/25/2020,PBI,FL,ASO,ES,Combined TRACON& Tower with Radar,49,55,69,16,189,0,2,25,2,29,49,57,94,18,218,0,0,0,218
08/26/2020,PBI,FL,ASO,ES,Combined TRACON& Tower with Radar,45,61,52,1,159,0,4,36,0,40,45,65,88,1,199,0,0,0,199
08/27/2020,PBI,FL,ASO,ES,Combined TRACON& Tower with Radar,65,55,40,0,160,0,10,37,0,47,65,65,77,0,207,0,0,0,207
08/28/2020,PBI,FL,ASO,ES,Combined TRACON& Tower with Radar,63,60,75,1,199,0,3,41,0,44,63,63,116,1,243,0,0,0,243
08/29/2020,PBI,FL,ASO,ES,Combined TRACON& Tower with Radar,55,39,43,0,137,0,1,24,0,25,55,40,67,0,162,0,0,0,162
08/30/2020,PBI,FL,ASO,ES,Combined TRACON& Tower with Radar,58,45,64,0,167,0,1,17,0,18,58,46,81,0,185,0,0,0,185
08/31/2020,PBI,FL,ASO,ES,Combined TRACON& Tower with Radar,58,38,61,0,157,0,4,35,0,39,58,42,96,0,196,0,0,0,196
09/01/2020,PBI,FL,ASO,ES,Combined TRACON& Tower with Radar,49,71,63,2,185,0,3,62,0,65,49,74,125,2,250,0,0,0,250
09/02/2020,PBI,FL,ASO,ES,Combined TRACON& Tower with Radar,45,45,44,0,134,0,1,52,0,53,45,46,96,0,187,0,0,0,187
09/03/2020,PBI,FL,ASO,ES,Combined TRACON& Tower with Radar,69,63,59,3,194,0,2,43,1,46,69,65,102,4,240,0,0,0,240
09/04/2020,PBI,FL,ASO,ES,Combined TRACON& Tower with Radar,60,59,79,0,198,0,2,25,6,33,60,61,104,6,231,0,0,0,231
09/05/2020,PBI,FL,ASO,ES,Combined TRACON& Tower with Radar,54,42,45,0,141,0,0,23,2,25,54,42,68,2,166,0,0,0,166
09/06/2020,PBI,FL,ASO,ES,Combined TRACON& Tower with Radar,53,37,36,3,129,0,2,19,1,22,53,39,55,4,151,0,0,0,151
09/07/2020,PBI,FL,ASO,ES,Combined TRACON& Tower with Radar,51,62,74,2,189,0,1,17,0,18,51,63,91,2,207,0,0,0,207
09/08/2020,PBI,FL,ASO,ES,Combined TRACON& Tower with Radar,49,54,50,4,157,0,0,26,4,30,49,54,76,8,187,0,0,0,187
09/09/2020,PBI,FL,ASO,ES,Combined TRACON& Tower with Radar,44,61,76,2,183,0,2,41,5,48,44,63,117,7,231,0,0,0,231
09/10/2020,PBI,FL,ASO,ES,Combined TRACON& Tower with Radar,59,61,78,0,198,0,1,32,1,34,59,62,110,1,232,0,0,0,232
09/11/2020,PBI,FL,ASO,ES,Combined TRACON& Tower with Radar,51,67,80,0,198,0,4,37,2,43,51,71,117,2,241,0,0,0,241
09/12/2020,PBI,FL,ASO,ES,Combined TRACON& Tower with Radar,45,60,51,0,156,0,0,9,0,9,45,60,60,0,165,0,0,0,165
09/13/2020,PBI,FL,ASO,ES,Combined TRACON& Tower with Radar,50,74,62,0,186,0,2,15,0,17,50,76,77,0,203,0,0,0,203
09/14/2020,PBI,FL,ASO,ES,Combined TRACON& Tower with Radar,44,50,56,0,150,0,4,38,0,42,44,54,94,0,192,0,0,0,192
09/15/2020,PBI,FL,ASO,ES,Combined TRACON& Tower with Radar,46,62,50,2,160,0,3,63,0,66,46,65,113,2,226,0,0,0,226
09/16/2020,PBI,FL,ASO,ES,Combined TRACON& Tower with Radar,42,66,74,0,182,0,2,58,2,62,42,68,132,2,244,0,0,0,244
09/17/2020,PBI,FL,ASO,ES,Combined TRACON& Tower with Radar,60,66,70,10,206,0,4,36,0,40,60,70,106,10,246,0,0,0,246
09/18/2020,PBI,FL,ASO,ES,Combined TRACON& Tower with Radar,51,64,95,2,212,0,0,35,0,35,51,64,130,2,247,0,0,0,247
09/19/2020,PBI,FL,ASO,ES,Combined TRACON& Tower with Radar,43,47,42,0,132,0,2,32,0,34,43,49,74,0,166,0,0,0,166
09/20/2020,PBI,FL,ASO,ES,Combined TRACON& Tower with Radar,50,53,74,0,177,0,6,32,0,38,50,59,106,0,215,0,0,0,215
09/21/2020,PBI,FL,ASO,ES,Combined TRACON& Tower with Radar,43,55,63,3,164,0,1,3,0,4,43,56,66,3,168,0,0,0,168
09/22/2020,PBI,FL,ASO,ES,Combined TRACON& Tower with Radar,46,48,48,0,142,0,5,50,0,55,46,53,98,0,197,0,0,0,197
09/23/2020,PBI,FL,ASO,ES,Combined TRACON& Tower with Radar,45,62,63,2,172,0,2,46,3,51,45,64,109,5,223,0,0,0,223
09/24/2020,PBI,FL,ASO,ES,Combined TRACON& Tower with Radar,61,66,81,0,208,1,0,26,0,27,62,66,107,0,235,0,0,0,235
09/25/2020,PBI,FL,ASO,ES,Combined TRACON& Tower with Radar,56,74,58,2,190,0,1,20,2,23,56,75,78,4,213,0,0,0,213
09/26/2020,PBI,FL,ASO,ES,Combined TRACON& Tower with Radar,53,55,51,0,159,0,8,32,0,40,53,63,83,0,199,0,0,0,199
09/27/2020,PBI,FL,ASO,ES,Combined TRACON& Tower with Radar,53,42,53,0,148,0,3,19,0,22,53,45,72,0,170,0,0,0,170
09/28/2020,PBI,FL,ASO,ES,Combined TRACON& Tower with Radar,42,61,53,5,161,0,1,22,2,25,42,62,75,7,186,0,0,0,186
09/29/2020,PBI,FL,ASO,ES,Combined TRACON& Tower with Radar,48,53,76,4,181,0,9,33,0,42,48,62,109,4,223,0,0,0,223
09/30/2020,PBI,FL,ASO,ES,Combined TRACON& Tower with Radar,47,77,79,0,203,0,0,34,5,39,47,77,113,5,242,0,0,0,242
10/01/2020,PBI,FL,ASO,ES,Combined TRACON& Tower with Radar,82,83,71,0,236,0,1,19,0,20,82,84,90,0,256,0,0,0,256
10/02/2020,PBI,FL,ASO,ES,Combined TRACON& Tower with Radar,66,77,68,0,211,0,1,20,0,21,66,78,88,0,232,0,0,0,232
10/03/2020,PBI,FL,ASO,ES,Combined TRACON& Tower with Radar,53,57,45,1,156,0,0,15,3,18,53,57,60,4,174,0,0,0,174
10/04/2020,PBI,FL,ASO,ES,Combined TRACON& Tower with Radar,68,68,100,0,236,0,1,31,0,32,68,69,131,0,268,0,0,0,268
10/05/2020,PBI,FL,ASO,ES,Combined TRACON& Tower with Radar,65,74,75,0,214,0,0,25,0,25,65,74,100,0,239,0,0,0,239
10/06/2020,PBI,FL,ASO,ES,Combined TRACON& Tower with Radar,57,53,77,0,187,0,2,50,1,53,57,55,127,1,240,0,0,0,240
10/07/2020,PBI,FL,ASO,ES,Combined TRACON& Tower with Radar,56,70,69,0,195,0,4,67,2,73,56,74,136,2,268,0,0,0,268
10/08/2020,PBI,FL,ASO,ES,Combined TRACON& Tower with Radar,90,75,103,4,272,0,5,54,1,60,90,80,157,5,332,0,0,0,332
10/09/2020,PBI,FL,ASO,ES,Combined TRACON& Tower with Radar,76,85,95,2,258,0,2,43,0,45,76,87,138,2,303,0,0,0,303
10/10/2020,PBI,FL,ASO,ES,Combined TRACON& Tower with Radar,62,67,74,1,204,0,0,30,0,30,62,67,104,1,234,0,0,0,234
10/11/2020,PBI,FL,ASO,ES,Combined TRACON& Tower with Radar,72,59,59,0,190,0,2,23,0,25,72,61,82,0,215,0,0,0,215
10/12/2020,PBI,FL,ASO,ES,Combined TRACON& Tower with Radar,77,85,92,0,254,0,0,33,0,33,77,85,125,0,287,0,0,0,287
10/13/2020,PBI,FL,ASO,ES,Combined TRACON& Tower with Radar,58,94,87,1,240,0,2,53,0,55,58,96,140,1,295,0,0,0,295
10/14/2020,PBI,FL,ASO,ES,Combined TRACON& Tower with Radar,58,110,105,0,273,0,13,49,5,67,58,123,154,5,340,0,0,0,340
10/15/2020,PBI,FL,ASO,ES,Combined TRACON& Tower with Radar,86,122,133,0,341,0,2,48,4,54,86,124,181,4,395,0,0,0,395
10/16/2020,PBI,FL,ASO,ES,Combined TRACON& Tower with Radar,85,113,85,0,283,0,4,31,0,35,85,117,116,0,318,0,0,0,318
10/17/2020,PBI,FL,ASO,ES,Combined TRACON& Tower with Radar,65,85,90,0,240,0,5,31,0,36,65,90,121,0,276,0,0,0,276
10/18/2020,PBI,FL,ASO,ES,Combined TRACON& Tower with Radar,80,96,103,0,279,0,3,19,4,26,80,99,122,4,305,0,0,0,305
10/19/2020,PBI,FL,ASO,ES,Combined TRACON& Tower with Radar,82,89,112,0,283,0,2,26,0,28,82,91,138,0,311,0,0,0,311
10/20/2020,PBI,FL,ASO,ES,Combined TRACON& Tower with Radar,61,91,102,6,260,0,2,29,2,33,61,93,131,8,293,0,0,0,293
10/21/2020,PBI,FL,ASO,ES,Combined TRACON& Tower with Radar,60,103,111,4,278,0,0,11,1,12,60,103,122,5,290,0,0,0,290
10/22/2020,PBI,FL,ASO,ES,Combined TRACON& Tower with Radar,87,107,135,7,336,0,0,18,0,18,87,107,153,7,354,0,0,0,354
10/23/2020,PBI,FL,ASO,ES,Combined TRACON& Tower with Radar,76,97,99,2,274,0,4,44,1,49,76,101,143,3,323,0,0,0,323
10/24/2020,PBI,FL,ASO,ES,Combined TRACON& Tower with Radar,70,44,56,8,178,0,0,15,2,17,70,44,71,10,195,0,0,0,195
10/25/2020,PBI,FL,ASO,ES,Combined TRACON& Tower with Radar,79,90,116,2,287,0,1,19,0,20,79,91,135,2,307,0,0,0,307
10/26/2020,PBI,FL,ASO,ES,Combined TRACON& Tower with Radar,75,81,91,2,249,0,3,32,1,36,75,84,123,3,285,0,0,0,285
10/27/2020,PBI,FL,ASO,ES,Combined TRACON& Tower with Radar,60,102,93,6,261,0,8,29,4,41,60,110,122,10,302,0,0,0,302
10/28/2020,PBI,FL,ASO,ES,Combined TRACON& Tower with Radar,58,134,112,0,304,0,5,37,4,46,58,139,149,4,350,0,0,0,350
10/29/2020,PBI,FL,ASO,ES,Combined TRACON& Tower with Radar,90,145,112,2,349,0,5,49,0,54,90,150,161,2,403,0,0,0,403
10/30/2020,PBI,FL,ASO,ES,Combined TRACON& Tower with Radar,75,110,141,4,330,0,1,43,0,44,75,111,184,4,374,0,0,0,374
10/31/2020,PBI,FL,ASO,ES,Combined TRACON& Tower with Radar,57,101,85,0,243,0,2,30,0,32,57,103,115,0,275,0,0,0,275
11/01/2020,PBI,FL,ASO,ES,Combined TRACON& Tower with Radar,84,128,142,0,354,0,2,25,0,27,84,130,167,0,381,0,0,0,381
11/02/2020,PBI,FL,ASO,ES,Combined TRACON& Tower with Radar,75,110,87,1,273,0,3,32,0,35,75,113,119,1,308,0,0,0,308
11/03/2020,PBI,FL,ASO,ES,Combined TRACON& Tower with Radar,56,92,74,1,223,0,2,41,0,43,56,94,115,1,266,0,0,0,266
11/04/2020,PBI,FL,ASO,ES,Combined TRACON& Tower with Radar,54,117,106,0,277,0,2,35,0,37,54,119,141,0,314,0,0,0,314
11/05/2020,PBI,FL,ASO,ES,Combined TRACON& Tower with Radar,101,115,120,0,336,0,0,28,0,28,101,115,148,0,364,0,0,0,364
11/06/2020,PBI,FL,ASO,ES,Combined TRACON& Tower with Radar,87,101,115,0,303,0,2,39,0,41,87,103,154,0,344,0,0,0,344
11/07/2020,PBI,FL,ASO,ES,Combined TRACON& Tower with Radar,79,100,95,0,274,0,0,6,0,6,79,100,101,0,280,0,0,0,280
11/08/2020,PBI,FL,ASO,ES,Combined TRACON& Tower with Radar,98,75,76,0,249,0,0,1,0,1,98,75,77,0,250,0,0,0,250
11/09/2020,PBI,FL,ASO,ES,Combined TRACON& Tower with Radar,78,71,63,0,212,0,0,4,0,4,78,71,67,0,216,0,0,0,216
11/10/2020,PBI,FL,ASO,ES,Combined TRACON& Tower with Radar,71,112,92,0,275,0,0,34,0,34,71,112,126,0,309,0,0,0,309
11/11/2020,PBI,FL,ASO,ES,Combined TRACON& Tower with Radar,64,106,94,0,264,0,4,24,0,28,64,110,118,0,292,0,0,0,292
11/12/2020,PBI,FL,ASO,ES,Combined TRACON& Tower with Radar,103,103,124,0,330,0,2,37,0,39,103,105,161,0,369,0,0,0,369
11/13/2020,PBI,FL,ASO,ES,Combined TRACON& Tower with Radar,92,104,129,0,325,0,1,54,0,55,92,105,183,0,380,0,0,0,380
11/14/2020,PBI,FL,ASO,ES,Combined TRACON& Tower with Radar,79,87,111,0,277,0,1,49,0,50,79,88,160,0,327,0,0,0,327
11/15/2020,PBI,FL,ASO,ES,Combined TRACON& Tower with Radar,96,113,142,0,351,0,1,31,0,32,96,114,173,0,383,0,0,0,383
11/16/2020,PBI,FL,ASO,ES,Combined TRACON& Tower with Radar,87,127,126,1,341,0,8,33,1,42,87,135,159,2,383,0,0,0,383
11/17/2020,PBI,FL,ASO,ES,Combined TRACON& Tower with Radar,74,114,98,0,286,0,8,45,0,53,74,122,143,0,339,0,0,0,339
11/18/2020,PBI,FL,ASO,ES,Combined TRACON& Tower with Radar,76,125,123,0,324,0,3,58,0,61,76,128,181,0,385,0,0,0,385
11/19/2020,PBI,FL,ASO,ES,Combined TRACON& Tower with Radar,118,140,140,0,398,0,3,40,0,43,118,143,180,0,441,0,0,0,441
11/20/2020,PBI,FL,ASO,ES,Combined TRACON& Tower with Radar,119,120,152,1,392,0,2,36,0,38,119,122,188,1,430,0,0,0,430
11/21/2020,PBI,FL,ASO,ES,Combined TRACON& Tower with Radar,119,137,178,1,435,0,2,24,0,26,119,139,202,1,461,0,0,0,461
11/22/2020,PBI,FL,ASO,ES,Combined TRACON& Tower with Radar,115,152,162,1,430,0,1,28,0,29,115,153,190,1,459,0,0,0,459
11/23/2020,PBI,FL,ASO,ES,Combined TRACON& Tower with Radar,113,123,139,2,377,0,2,28,0,30,113,125,167,2,407,0,0,0,407
11/24/2020,PBI,FL,ASO,ES,Combined TRACON& Tower with Radar,122,154,174,2,452,0,7,46,0,53,122,161,220,2,505,0,0,0,505
11/25/2020,PBI,FL,ASO,ES,Combined TRACON& Tower with Radar,122,115,143,1,381,0,8,52,0,60,122,123,195,1,441,0,0,0,441
11/26/2020,PBI,FL,ASO,ES,Combined TRACON& Tower with Radar,42,59,41,0,142,0,2,27,0,29,42,61,68,0,171,0,0,0,171
11/27/2020,PBI,FL,ASO,ES,Combined TRACON& Tower with Radar,106,92,83,0,281,0,6,26,0,32,106,98,109,0,313,0,0,0,313
11/28/2020,PBI,FL,ASO,ES,Combined TRACON& Tower with Radar,140,116,116,0,372,0,5,27,0,32,140,121,143,0,404,0,0,0,404
11/29/2020,PBI,FL,ASO,ES,Combined TRACON& Tower with Radar,133,199,253,0,585,0,2,41,0,43,133,201,294,0,628,0,0,0,628
11/30/2020,PBI,FL,ASO,ES,Combined TRACON& Tower with Radar,124,118,127,0,369,0,3,31,0,34,124,121,158,0,403,0,0,0,403
12/01/2020,PBI,FL,ASO,ES,Combined TRACON& Tower with Radar,107,148,123,10,388,0,15,34,1,50,107,163,157,11,438,0,0,0,438
12/02/2020,PBI,FL,ASO,ES,Combined TRACON& Tower with Radar,80,135,122,0,337,0,9,51,1,61,80,144,173,1,398,0,0,0,398
12/03/2020,PBI,FL,ASO,ES,Combined TRACON& Tower with Radar,111,112,125,0,348,0,2,50,0,52,111,114,175,0,400,0,0,0,400
12/04/2020,PBI,FL,ASO,ES,Combined TRACON& Tower with Radar,99,126,100,0,325,0,10,49,0,59,99,136,149,0,384,0,0,0,384
12/05/2020,PBI,FL,ASO,ES,Combined TRACON& Tower with Radar,77,102,98,0,277,0,5,39,0,44,77,107,137,0,321,0,0,0,321
12/06/2020,PBI,FL,ASO,ES,Combined TRACON& Tower with Radar,98,129,149,0,376,0,4,40,0,44,98,133,189,0,420,0,0,0,420
12/07/2020,PBI,FL,ASO,ES,Combined TRACON& Tower with Radar,93,110,117,2,322,0,3,30,2,35,93,113,147,4,357,0,0,0,357
12/08/2020,PBI,FL,ASO,ES,Combined TRACON& Tower with Radar,73,96,131,0,300,0,2,64,0,66,73,98,195,0,366,0,0,0,366
12/09/2020,PBI,FL,ASO,ES,Combined TRACON& Tower with Radar,70,112,140,2,324,0,4,49,0,53,70,116,189,2,377,0,0,0,377
12/10/2020,PBI,FL,ASO,ES,Combined TRACON& Tower with Radar,107,134,138,0,379,0,4,55,0,59,107,138,193,0,438,0,0,0,438
12/11/2020,PBI,FL,ASO,ES,Combined TRACON& Tower with Radar,95,139,126,1,361,0,2,50,0,52,95,141,176,1,413,0,0,0,413
12/12/2020,PBI,FL,ASO,ES,Combined TRACON& Tower with Radar,73,114,98,3,288,0,3,33,0,36,73,117,131,3,324,0,0,0,324
12/13/2020,PBI,FL,ASO,ES,Combined TRACON& Tower with Radar,99,145,166,4,414,0,5,28,0,33,99,150,194,4,447,0,0,0,447
12/14/2020,PBI,FL,ASO,ES,Combined TRACON& Tower with Radar,93,129,117,11,350,0,9,43,0,52,93,138,160,11,402,0,0,0,402
12/15/2020,PBI,FL,ASO,ES,Combined TRACON& Tower with Radar,77,135,150,0,362,0,5,32,0,37,77,140,182,0,399,0,0,0,399
12/16/2020,PBI,FL,ASO,ES,Combined TRACON& Tower with Radar,71,119,137,0,327,0,6,45,0,51,71,125,182,0,378,0,0,0,378
12/17/2020,PBI,FL,ASO,ES,Combined TRACON& Tower with Radar,123,138,152,0,413,0,4,35,0,39,123,142,187,0,452,0,0,0,452
12/18/2020,PBI,FL,ASO,ES,Combined TRACON& Tower with Radar,148,169,210,0,527,1,8,66,1,76,149,177,276,1,603,0,0,0,603
12/19/2020,PBI,FL,ASO,ES,Combined TRACON& Tower with Radar,159,169,165,0,493,0,4,49,0,53,159,173,214,0,546,0,0,0,546
12/20/2020,PBI,FL,ASO,ES,Combined TRACON& Tower with Radar,149,174,196,0,519,0,1,34,0,35,149,175,230,0,554,0,0,0,554
12/21/2020,PBI,FL,ASO,ES,Combined TRACON& Tower with Radar,136,132,153,4,425,0,0,35,2,37,136,132,188,6,462,0,0,0,462
12/22/2020,PBI,FL,ASO,ES,Combined TRACON& Tower with Radar,152,129,155,5,441,0,1,68,9,78,152,130,223,14,519,0,0,0,519
12/23/2020,PBI,FL,ASO,ES,Combined TRACON& Tower with Radar,164,102,108,4,378,0,0,27,2,29,164,102,135,6,407,0,0,0,407
12/24/2020,PBI,FL,ASO,ES,Combined TRACON& Tower with Radar,114,22,22,2,160,0,3,0,0,3,114,25,22,2,163,0,0,0,163
12/25/2020,PBI,FL,ASO,ES,Combined TRACON& Tower with Radar,85,22,12,1,120,0,4,8,1,13,85,26,20,2,133,0,0,0,133
12/26/2020,PBI,FL,ASO,ES,Combined TRACON& Tower with Radar,153,28,54,0,235,0,2,7,0,9,153,30,61,0,244,0,0,0,244
12/27/2020,PBI,FL,ASO,ES,Combined TRACON& Tower with Radar,153,29,41,1,224,0,1,6,0,7,153,30,47,1,231,0,0,0,231
12/28/2020,PBI,FL,ASO,ES,Combined TRACON& Tower with Radar,139,32,26,2,199,0,5,5,3,13,139,37,31,5,212,0,0,0,212
12/29/2020,PBI,FL,ASO,ES,Combined TRACON& Tower with Radar,147,34,20,0,201,0,1,7,0,8,147,35,27,0,209,0,0,0,209
12/30/2020,PBI,FL,ASO,ES,Combined TRACON& Tower with Radar,153,31,21,0,205,0,2,15,2,19,153,33,36,2,224,0,0,0,224
12/31/2020,PBI,FL,ASO,ES,Combined TRACON& Tower with Radar,119,52,34,2,207,0,1,18,2,21,119,53,52,4,228,0,0,0,228
01/01/2021,PBI,FL,ASO,ES,Combined TRACON& Tower with Radar,115,98,73,7,293,0,3,24,1,28,115,101,97,8,321,0,0,0,321
01/02/2021,PBI,FL,ASO,ES,Combined TRACON& Tower with Radar,160,176,203,1,540,0,3,33,0,36,160,179,236,1,576,0,0,0,576
01/03/2021,PBI,FL,ASO,ES,Combined TRACON& Tower with Radar,156,193,233,0,582,0,8,46,0,54,156,201,279,0,636,0,0,0,636
01/04/2021,PBI,FL,ASO,ES,Combined TRACON& Tower with Radar,143,159,172,0,474,0,1,47,0,48,143,160,219,0,522,0,0,0,522
01/05/2021,PBI,FL,ASO,ES,Combined TRACON& Tower with Radar,104,162,168,0,434,0,2,35,0,37,104,164,203,0,471,0,0,0,471
01/06/2021,PBI,FL,ASO,ES,Combined TRACON& Tower with Radar,105,145,174,0,424,0,4,39,0,43,105,149,213,0,467,0,0,0,467
01/07/2021,PBI,FL,ASO,ES,Combined TRACON& Tower with Radar,115,147,127,0,389,0,5,39,0,44,115,152,166,0,433,0,0,0,433
01/08/2021,PBI,FL,ASO,ES,Combined TRACON& Tower with Radar,117,133,139,0,389,0,3,36,0,39,117,136,175,0,428,0,0,0,428
01/09/2021,PBI,FL,ASO,ES,Combined TRACON& Tower with Radar,98,130,120,0,348,0,6,31,0,37,98,136,151,0,385,0,0,0,385
01/10/2021,PBI,FL,ASO,ES,Combined TRACON& Tower with Radar,113,152,172,0,437,0,2,35,0,37,113,154,207,0,474,0,0,0,474
01/11/2021,PBI,FL,ASO,ES,Combined TRACON& Tower with Radar,107,103,132,0,342,0,2,29,0,31,107,105,161,0,373,0,0,0,373
01/12/2021,PBI,FL,ASO,ES,Combined TRACON& Tower with Radar,93,127,132,0,352,0,5,45,0,50,93,132,177,0,402,0,0,0,402
01/13/2021,PBI,FL,ASO,ES,Combined TRACON& Tower with Radar,97,148,141,0,386,0,0,22,0,22,97,148,163,0,408,0,0,0,408
01/14/2021,PBI,FL,ASO,ES,Combined TRACON& Tower with Radar,112,175,190,0,477,0,3,49,0,52,112,178,239,0,529,0,0,0,529
01/15/2021,PBI,FL,ASO,ES,Combined TRACON& Tower with Radar,121,138,187,2,448,0,4,42,0,46,121,142,229,2,494,0,0,0,494
01/16/2021,PBI,FL,ASO,ES,Combined TRACON& Tower with Radar,96,99,130,0,325,0,4,37,1,42,96,103,167,1,367,0,0,0,367
01/17/2021,PBI,FL,ASO,ES,Combined TRACON& Tower with Radar,112,144,162,2,420,0,1,36,0,37,112,145,198,2,457,0,0,0,457
01/18/2021,PBI,FL,ASO,ES,Combined TRACON& Tower with Radar,107,166,192,1,466,0,6,44,1,51,107,172,236,2,517,0,0,0,517
01/19/2021,PBI,FL,ASO,ES,Combined TRACON& Tower with Radar,98,114,131,4,347,0,7,35,0,42,98,121,166,4,389,0,0,0,389
01/20/2021,PBI,FL,ASO,ES,Combined TRACON& Tower with Radar,94,139,97,5,335,0,9,17,1,27,94,148,114,6,362,0,0,0,362
01/21/2021,PBI,FL,ASO,ES,Combined TRACON& Tower with Radar,112,152,155,3,422,0,4,46,2,52,112,156,201,5,474,0,0,0,474
01/22/2021,PBI,FL,ASO,ES,Combined TRACON& Tower with Radar,117,126,153,2,398,0,8,59,0,67,117,134,212,2,465,0,0,0,465
01/23/2021,PBI,FL,ASO,ES,Combined TRACON& Tower with Radar,97,117,85,2,301,0,1,29,0,30,97,118,114,2,331,0,0,0,331
01/24/2021,PBI,FL,ASO,ES,Combined TRACON& Tower with Radar,112,145,180,1,438,2,3,25,2,32,114,148,205,3,470,0,0,0,470
01/25/2021,PBI,FL,ASO,ES,Combined TRACON& Tower with Radar,106,116,147,3,372,0,3,48,2,53,106,119,195,5,425,0,0,0,425
01/26/2021,PBI,FL,ASO,ES,Combined TRACON& Tower with Radar,91,107,119,1,318,0,9,44,0,53,91,116,163,1,371,0,0,0,371
01/27/2021,PBI,FL,ASO,ES,Combined TRACON& Tower with Radar,92,122,170,0,384,0,5,53,0,58,92,127,223,0,442,0,0,0,442
01/28/2021,PBI,FL,ASO,ES,Combined TRACON& Tower with Radar,119,163,142,0,424,0,2,35,0,37,119,165,177,0,461,0,0,0,461
01/29/2021,PBI,FL,ASO,ES,Combined TRACON& Tower with Radar,119,173,153,0,445,0,6,38,0,44,119,179,191,0,489,0,0,0,489
01/30/2021,PBI,FL,ASO,ES,Combined TRACON& Tower with Radar,97,137,122,0,356,0,1,46,0,47,97,138,168,0,403,0,0,0,403
01/31/2021,PBI,FL,ASO,ES,Combined TRACON& Tower with Radar,97,172,226,0,495,2,3,33,1,39,99,175,259,1,534,0,0,0,534
02/01/2021,PBI,FL,ASO,ES,Combined TRACON& Tower with Radar,79,85,106,0,270,0,1,30,2,33,79,86,136,2,303,0,0,0,303
02/02/2021,PBI,FL,ASO,ES,Combined TRACON& Tower with Radar,90,105,127,0,322,0,1,34,0,35,90,106,161,0,357,0,0,0,357
02/03/2021,PBI,FL,ASO,ES,Combined TRACON& Tower with Radar,95,146,183,2,426,0,8,55,2,65,95,154,238,4,491,0,0,0,491
02/04/2021,PBI,FL,ASO,ES,Combined TRACON& Tower with Radar,109,146,162,0,417,0,3,47,0,50,109,149,209,0,467,0,0,0,467
02/05/2021,PBI,FL,ASO,ES,Combined TRACON& Tower with Radar,116,155,139,0,410,0,8,56,0,64,116,163,195,0,474,0,0,0,474
02/06/2021,PBI,FL,ASO,ES,Combined TRACON& Tower with Radar,97,157,140,0,394,0,5,14,0,19,97,162,154,0,413,0,0,0,413
02/07/2021,PBI,FL,ASO,ES,Combined TRACON& Tower with Radar,104,131,152,0,387,0,5,26,0,31,104,136,178,0,418,0,0,0,418
02/08/2021,PBI,FL,ASO,ES,Combined TRACON& Tower with Radar,106,143,177,0,426,0,1,34,0,35,106,144,211,0,461,0,0,0,461
02/09/2021,PBI,FL,ASO,ES,Combined TRACON& Tower with Radar,91,130,116,0,337,0,9,46,0,55,91,139,162,0,392,0,0,0,392
02/10/2021,PBI,FL,ASO,ES,Combined TRACON& Tower with Radar,95,142,228,6,471,0,4,41,0,45,95,146,269,6,516,0,0,0,516
02/11/2021,PBI,FL,ASO,ES,Combined TRACON& Tower with Radar,135,206,205,6,552,0,2,64,0,66,135,208,269,6,618,0,0,0,618
02/12/2021,PBI,FL,ASO,ES,Combined TRACON& Tower with Radar,133,184,217,1,535,0,6,46,2,54,133,190,263,3,589,0,0,0,589
02/13/2021,PBI,FL,ASO,ES,Combined TRACON& Tower with Radar,113,146,146,0,405,0,2,37,9,48,113,148,183,9,453,0,0,0,453
02/14/2021,PBI,FL,ASO,ES,Combined TRACON& Tower with Radar,122,154,171,0,447,0,3,37,0,40,122,157,208,0,487,0,0,0,487
02/15/2021,PBI,FL,ASO,ES,Combined TRACON& Tower with Radar,112,162,212,0,486,0,2,58,0,60,112,164,270,0,546,0,0,0,546
02/16/2021,PBI,FL,ASO,ES,Combined TRACON& Tower with Radar,100,158,180,0,438,0,1,22,0,23,100,159,202,0,461,0,0,0,461
02/17/2021,PBI,FL,ASO,ES,Combined TRACON& Tower with Radar,102,201,207,1,511,0,4,52,3,59,102,205,259,4,570,0,0,0,570
02/18/2021,PBI,FL,ASO,ES,Combined TRACON& Tower with Radar,112,166,146,2,426,0,8,57,0,65,112,174,203,2,491,0,0,0,491
02/19/2021,PBI,FL,ASO,ES,Combined TRACON& Tower with Radar,128,161,161,1,451,0,10,45,0,55,128,171,206,1,506,0,0,0,506
02/20/2021,PBI,FL,ASO,ES,Combined TRACON& Tower with Radar,115,143,154,2,414,0,2,40,0,42,115,145,194,2,456,0,0,0,456
02/21/2021,PBI,FL,ASO,ES,Combined TRACON& Tower with Radar,130,206,239,3,578,0,5,26,0,31,130,211,265,3,609,0,0,0,609
02/22/2021,PBI,FL,ASO,ES,Combined TRACON& Tower with Radar,123,138,139,2,402,0,1,29,0,30,123,139,168,2,432,0,0,0,432
02/23/2021,PBI,FL,ASO,ES,Combined TRACON& Tower with Radar,109,122,148,0,379,0,9,37,0,46,109,131,185,0,425,0,0,0,425
02/24/2021,PBI,FL,ASO,ES,Combined TRACON& Tower with Radar,105,166,173,0,444,0,10,43,0,53,105,176,216,0,497,0,0,0,497
02/25/2021,PBI,FL,ASO,ES,Combined TRACON& Tower with Radar,137,178,206,0,521,0,7,36,0,43,137,185,242,0,564,0,0,0,564
02/26/2021,PBI,FL,ASO,ES,Combined TRACON& Tower with Radar,134,178,179,1,492,0,2,54,3,59,134,180,233,4,551,0,0,0,551
02/27/2021,PBI,FL,ASO,ES,Combined TRACON& Tower with Radar,110,138,127,0,375,0,3,36,0,39,110,141,163,0,414,0,0,0,414
02/28/2021,PBI,FL,ASO,ES,Combined TRACON& Tower with Radar,128,216,248,0,592,0,1,52,0,53,128,217,300,0,645,0,0,0,645
03/01/2021,PBI,FL,ASO,ES,Combined TRACON& Tower with Radar,127,159,176,0,462,0,3,53,2,58,127,162,229,2,520,0,0,0,520
03/02/2021,PBI,FL,ASO,ES,Combined TRACON& Tower with Radar,119,147,117,2,385,0,1,46,0,47,119,148,163,2,432,0,0,0,432
03/03/2021,PBI,FL,ASO,ES,Combined TRACON& Tower with Radar,116,141,142,2,401,0,11,41,0,52,116,152,183,2,453,0,0,0,453
03/04/2021,PBI,FL,ASO,ES,Combined TRACON& Tower with Radar,153,192,200,5,550,0,9,66,8,83,153,201,266,13,633,0,0,0,633
03/05/2021,PBI,FL,ASO,ES,Combined TRACON& Tower with Radar,147,172,188,3,510,0,8,62,0,70,147,180,250,3,580,0,0,0,580
03/06/2021,PBI,FL,ASO,ES,Combined TRACON& Tower with Radar,135,128,101,2,366,0,11,33,3,47,135,139,134,5,413,0,0,0,413
03/07/2021,PBI,FL,ASO,ES,Combined TRACON& Tower with Radar,151,176,215,2,544,0,9,37,0,46,151,185,252,2,590,0,0,0,590
03/08/2021,PBI,FL,ASO,ES,Combined TRACON& Tower with Radar,150,150,144,0,444,0,2,39,0,41,150,152,183,0,485,0,0,0,485
03/09/2021,PBI,FL,ASO,ES,Combined TRACON& Tower with Radar,131,142,172,0,445,0,5,49,0,54,131,147,221,0,499,16,0,16,515
03/10/2021,PBI,FL,ASO,ES,Combined TRACON& Tower with Radar,137,165,162,0,464,0,1,55,0,56,137,166,217,0,520,0,0,0,520
03/11/2021,PBI,FL,ASO,ES,Combined TRACON& Tower with Radar,171,173,224,2,570,0,7,60,0,67,171,180,284,2,637,0,0,0,637
03/12/2021,PBI,FL,ASO,ES,Combined TRACON& Tower with Radar,168,216,224,1,609,0,4,40,0,44,168,220,264,1,653,0,0,0,653
03/13/2021,PBI,FL,ASO,ES,Combined TRACON& Tower with Radar,148,162,181,0,491,0,9,38,0,47,148,171,219,0,538,0,0,0,538
03/14/2021,PBI,FL,ASO,ES,Combined TRACON& Tower with Radar,157,190,222,1,570,0,2,36,0,38,157,192,258,1,608,0,0,0,608
03/15/2021,PBI,FL,ASO,ES,Combined TRACON& Tower with Radar,156,171,169,1,497,0,9,43,0,52,156,180,212,1,549,0,0,0,549
03/16/2021,PBI,FL,ASO,ES,Combined TRACON& Tower with Radar,140,158,137,11,446,0,2,58,0,60,140,160,195,11,506,0,0,0,506
03/17/2021,PBI,FL,ASO,ES,Combined TRACON& Tower with Radar,144,190,189,2,525,0,1,63,1,65,144,191,252,3,590,0,0,0,590
03/18/2021,PBI,FL,ASO,ES,Combined TRACON& Tower with Radar,167,192,203,2,564,0,7,56,0,63,167,199,259,2,627,0,0,0,627
03/19/2021,PBI,FL,ASO,ES,Combined TRACON& Tower with Radar,169,211,222,2,604,0,4,55,0,59,169,215,277,2,663,0,0,0,663
03/20/2021,PBI,FL,ASO,ES,Combined TRACON& Tower with Radar,148,200,183,0,531,0,2,45,0,47,148,202,228,0,578,0,0,0,578
03/21/2021,PBI,FL,ASO,ES,Combined TRACON& Tower with Radar,158,224,262,1,645,0,7,39,0,46,158,231,301,1,691,0,0,0,691
03/22/2021,PBI,FL,ASO,ES,Combined TRACON& Tower with Radar,158,179,179,0,516,1,11,59,0,71,159,190,238,0,587,0,0,0,587
03/23/2021,PBI,FL,ASO,ES,Combined TRACON& Tower with Radar,143,158,167,0,468,0,15,65,0,80,143,173,232,0,548,0,0,0,548
03/24/2021,PBI,FL,ASO,ES,Combined TRACON& Tower with Radar,146,179,183,3,511,0,13,56,3,72,146,192,239,6,583,0,0,0,583
03/25/2021,PBI,FL,ASO,ES,Combined TRACON& Tower with Radar,163,237,257,0,657,0,7,79,1,87,163,244,336,1,744,0,0,0,744
03/26/2021,PBI,FL,ASO,ES,Combined TRACON& Tower with Radar,170,196,289,0,655,0,6,67,0,73,170,202,356,0,728,0,0,0,728
03/27/2021,PBI,FL,ASO,ES,Combined TRACON& Tower with Radar,153,212,247,0,612,0,7,62,0,69,153,219,309,0,681,0,0,0,681
03/28/2021,PBI,FL,ASO,ES,Combined TRACON& Tower with Radar,160,218,273,2,653,0,4,65,0,69,160,222,338,2,722,0,0,0,722
03/29/2021,PBI,FL,ASO,ES,Combined TRACON& Tower with Radar,169,156,204,0,529,0,8,42,0,50,169,164,246,0,579,0,0,0,579
03/30/2021,PBI,FL,ASO,ES,Combined TRACON& Tower with Radar,147,185,135,0,467,0,3,39,0,42,147,188,174,0,509,0,0,0,509
03/31/2021,PBI,FL,ASO,ES,Combined TRACON& Tower with Radar,150,171,195,4,520,0,5,52,0,57,150,176,247,4,577,0,0,0,577
04/01/2021,PBI,FL,ASO,ES,Combined TRACON& Tower with Radar,168,203,239,0,610,0,2,44,0,46,168,205,283,0,656,0,0,0,656
04/02/2021,PBI,FL,ASO,ES,Combined TRACON& Tower with Radar,165,195,167,0,527,0,2,38,1,41,165,197,205,1,568,0,0,0,568
04/03/2021,PBI,FL,ASO,ES,Combined TRACON& Tower with Radar,154,187,172,0,513,0,3,40,0,43,154,190,212,0,556,0,0,0,556
04/04/2021,PBI,FL,ASO,ES,Combined TRACON& Tower with Radar,161,186,209,0,556,0,4,36,0,40,161,190,245,0,596,0,0,0,596
04/05/2021,PBI,FL,ASO,ES,Combined TRACON& Tower with Radar,164,216,251,0,631,0,7,43,0,50,164,223,294,0,681,0,0,0,681
04/06/2021,PBI,FL,ASO,ES,Combined TRACON& Tower with Radar,152,177,188,0,517,0,3,70,0,73,152,180,258,0,590,0,0,0,590
04/07/2021,PBI,FL,ASO,ES,Combined TRACON& Tower with Radar,147,164,182,2,495,0,4,65,2,71,147,168,247,4,566,0,0,0,566
04/08/2021,PBI,FL,ASO,ES,Combined TRACON& Tower with Radar,165,191,208,2,566,1,4,70,3,78,166,195,278,5,644,0,0,0,644
04/09/2021,PBI,FL,ASO,ES,Combined TRACON& Tower with Radar,163,163,187,0,513,0,6,58,0,64,163,169,245,0,577,0,0,0,577
04/10/2021,PBI,FL,ASO,ES,Combined TRACON& Tower with Radar,154,149,158,0,461,0,6,57,0,63,154,155,215,0,524,0,0,0,524
04/11/2021,PBI,FL,ASO,ES,Combined TRACON& Tower with Radar,118,107,190,0,415,0,4,35,0,39,118,111,225,0,454,0,0,0,454
04/12/2021,PBI,FL,ASO,ES,Combined TRACON& Tower with Radar,142,190,208,3,543,0,3,42,0,45,142,193,250,3,588,6,0,6,594
04/13/2021,PBI,FL,ASO,ES,Combined TRACON& Tower with Radar,133,149,119,1,402,0,16,59,4,79,133,165,178,5,481,0,0,0,481
04/14/2021,PBI,FL,ASO,ES,Combined TRACON& Tower with Radar,133,159,183,1,476,0,3,51,2,56,133,162,234,3,532,0,0,0,532
04/15/2021,PBI,FL,ASO,ES,Combined TRACON& Tower with Radar,160,147,211,0,518,0,3,52,0,55,160,150,263,0,573,0,0,0,573
04/16/2021,PBI,FL,ASO,ES,Combined TRACON& Tower with Radar,157,157,147,0,461,0,0,53,2,55,157,157,200,2,516,0,0,0,516
04/17/2021,PBI,FL,ASO,ES,Combined TRACON& Tower with Radar,146,121,120,1,388,0,4,44,4,52,146,125,164,5,440,0,0,0,440
04/18/2021,PBI,FL,ASO,ES,Combined TRACON& Tower with Radar,151,182,216,1,550,2,1,68,0,71,153,183,284,1,621,0,0,0,621
04/19/2021,PBI,FL,ASO,ES,Combined TRACON& Tower with Radar,154,147,134,0,435,0,0,37,0,37,154,147,171,0,472,0,0,0,472
04/20/2021,PBI,FL,ASO,ES,Combined TRACON& Tower with Radar,135,149,144,4,432,0,3,38,0,41,135,152,182,4,473,0,0,0,473
04/21/2021,PBI,FL,ASO,ES,Combined TRACON& Tower with Radar,132,170,160,0,462,0,7,45,0,52,132,177,205,0,514,0,0,0,514
04/22/2021,PBI,FL,ASO,ES,Combined TRACON& Tower with Radar,159,169,183,0,511,0,5,67,0,72,159,174,250,0,583,0,0,0,583
04/23/2021,PBI,FL,ASO,ES,Combined TRACON& Tower with Radar,161,140,183,2,486,0,4,79,0,83,161,144,262,2,569,0,0,0,569
04/24/2021,PBI,FL,ASO,ES,Combined TRACON& Tower with Radar,140,127,119,0,386,0,2,31,0,33,140,129,150,0,419,0,0,0,419
04/25/2021,PBI,FL,ASO,ES,Combined TRACON& Tower with Radar,154,176,217,0,547,0,6,50,0,56,154,182,267,0,603,16,0,16,619
04/26/2021,PBI,FL,ASO,ES,Combined TRACON& Tower with Radar,150,149,168,0,467,0,9,45,0,54,150,158,213,0,521,0,0,0,521
04/27/2021,PBI,FL,ASO,ES,Combined TRACON& Tower with Radar,127,149,126,3,405,0,1,52,0,53,127,150,178,3,458,0,0,0,458
04/28/2021,PBI,FL,ASO,ES,Combined TRACON& Tower with Radar,128,148,155,0,431,0,7,78,0,85,128,155,233,0,516,0,0,0,516
04/29/2021,PBI,FL,ASO,ES,Combined TRACON& Tower with Radar,152,163,167,0,482,0,3,60,1,64,152,166,227,1,546,0,0,0,546
04/30/2021,PBI,FL,ASO,ES,Combined TRACON& Tower with Radar,154,154,193,1,502,0,5,50,1,56,154,159,243,2,558,0,0,0,558
05/01/2021,PBI,FL,ASO,ES,Combined TRACON& Tower with Radar,136,143,160,3,442,0,1,45,0,46,136,144,205,3,488,0,0,0,488
05/02/2021,PBI,FL,ASO,ES,Combined TRACON& Tower with Radar,141,164,204,5,514,0,8,47,0,55,141,172,251,5,569,0,0,0,569
05/03/2021,PBI,FL,ASO,ES,Combined TRACON& Tower with Radar,141,160,143,2,446,0,2,44,0,46,141,162,187,2,492,0,0,0,492
05/04/2021,PBI,FL,ASO,ES,Combined TRACON& Tower with Radar,119,158,141,2,420,0,10,62,0,72,119,168,203,2,492,0,0,0,492
05/05/2021,PBI,FL,ASO,ES,Combined TRACON& Tower with Radar,118,156,164,0,438,0,9,53,0,62,118,165,217,0,500,0,0,0,500
05/06/2021,PBI,FL,ASO,ES,Combined TRACON& Tower with Radar,130,168,145,0,443,0,1,46,2,49,130,169,191,2,492,0,0,0,492
05/07/2021,PBI,FL,ASO,ES,Combined TRACON& Tower with Radar,142,175,189,3,509,0,9,47,2,58,142,184,236,5,567,0,0,0,567
05/08/2021,PBI,FL,ASO,ES,Combined TRACON& Tower with Radar,119,140,116,0,375,0,1,40,1,42,119,141,156,1,417,0,0,0,417
05/09/2021,PBI,FL,ASO,ES,Combined TRACON& Tower with Radar,126,135,141,1,403,0,2,41,0,43,126,137,182,1,446,0,0,0,446
05/10/2021,PBI,FL,ASO,ES,Combined TRACON& Tower with Radar,130,144,168,0,442,0,13,55,0,68,130,157,223,0,510,0,0,0,510
05/11/2021,PBI,FL,ASO,ES,Combined TRACON& Tower with Radar,114,128,115,3,360,0,5,67,0,72,114,133,182,3,432,0,0,0,432
05/12/2021,PBI,FL,ASO,ES,Combined TRACON& Tower with Radar,124,138,133,0,395,0,4,49,2,55,124,142,182,2,450,0,0,0,450
05/13/2021,PBI,FL,ASO,ES,Combined TRACON& Tower with Radar,141,151,177,0,469,0,4,51,0,55,141,155,228,0,524,0,0,0,524
05/14/2021,PBI,FL,ASO,ES,Combined TRACON& Tower with Radar,130,167,158,0,455,0,4,57,2,63,130,171,215,2,518,0,0,0,518
05/15/2021,PBI,FL,ASO,ES,Combined TRACON& Tower with Radar,121,125,153,1,400,0,3,38,0,41,121,128,191,1,441,0,0,0,441
05/16/2021,PBI,FL,ASO,ES,Combined TRACON& Tower with Radar,125,137,201,1,464,0,5,49,0,54,125,142,250,1,518,0,0,0,518
05/17/2021,PBI,FL,ASO,ES,Combined TRACON& Tower with Radar,130,151,151,0,432,0,2,49,0,51,130,153,200,0,483,0,0,0,483
05/18/2021,PBI,FL,ASO,ES,Combined TRACON& Tower with Radar,117,127,138,1,383,0,4,60,3,67,117,131,198,4,450,0,0,0,450
05/19/2021,PBI,FL,ASO,ES,Combined TRACON& Tower with Radar,119,131,134,2,386,0,1,46,0,47,119,132,180,2,433,52,0,52,485
05/20/2021,PBI,FL,ASO,ES,Combined TRACON& Tower with Radar,126,128,179,2,435,0,4,63,1,68,126,132,242,3,503,0,0,0,503
05/21/2021,PBI,FL,ASO,ES,Combined TRACON& Tower with Radar,136,116,156,3,411,0,1,42,3,46,136,117,198,6,457,0,0,0,457
05/22/2021,PBI,FL,ASO,ES,Combined TRACON& Tower with Radar,120,109,94,1,324,0,6,40,0,46,120,115,134,1,370,0,0,0,370
05/23/2021,PBI,FL,ASO,ES,Combined TRACON& Tower with Radar,126,126,140,6,398,0,2,47,2,51,126,128,187,8,449,0,0,0,449
05/24/2021,PBI,FL,ASO,ES,Combined TRACON& Tower with Radar,126,110,140,0,376,0,7,44,2,53,126,117,184,2,429,0,0,0,429
05/25/2021,PBI,FL,ASO,ES,Combined TRACON& Tower with Radar,120,129,112,0,361,0,5,73,0,78,120,134,185,0,439,0,0,0,439
05/26/2021,PBI,FL,ASO,ES,Combined TRACON& Tower with Radar,120,141,185,0,446,0,10,68,2,80,120,151,253,2,526,0,0,0,526
05/27/2021,PBI,FL,ASO,ES,Combined TRACON& Tower with Radar,131,137,191,0,459,0,5,73,0,78,131,142,264,0,537,0,0,0,537
05/28/2021,PBI,FL,ASO,ES,Combined TRACON& Tower with Radar,131,142,180,0,453,0,6,58,0,64,131,148,238,0,517,0,0,0,517
05/29/2021,PBI,FL,ASO,ES,Combined TRACON& Tower with Radar,119,93,85,0,297,0,6,42,0,48,119,99,127,0,345,0,0,0,345
05/30/2021,PBI,FL,ASO,ES,Combined TRACON& Tower with Radar,116,89,87,0,292,0,5,21,0,26,116,94,108,0,318,0,0,0,318
05/31/2021,PBI,FL,ASO,ES,Combined TRACON& Tower with Radar,129,124,167,0,420,0,5,52,0,57,129,129,219,0,477,0,0,0,477
06/01/2021,PBI,FL,ASO,ES,Combined TRACON& Tower with Radar,119,121,172,2,414,0,0,37,0,37,119,121,209,2,451,0,0,0,451
06/02/2021,PBI,FL,ASO,ES,Combined TRACON& Tower with Radar,118,132,157,0,407,0,3,37,0,40,118,135,194,0,447,0,0,0,447
06/03/2021,PBI,FL,ASO,ES,Combined TRACON& Tower with Radar,120,107,130,0,357,0,0,55,0,55,120,107,185,0,412,0,0,0,412
06/04/2021,PBI,FL,ASO,ES,Combined TRACON& Tower with Radar,124,119,120,1,364,0,1,37,0,38,124,120,157,1,402,0,0,0,402
06/05/2021,PBI,FL,ASO,ES,Combined TRACON& Tower with Radar,109,110,86,2,307,0,6,52,0,58,109,116,138,2,365,0,0,0,365
06/06/2021,PBI,FL,ASO,ES,Combined TRACON& Tower with Radar,111,93,132,0,336,0,4,34,0,38,111,97,166,0,374,0,0,0,374
06/07/2021,PBI,FL,ASO,ES,Combined TRACON& Tower with Radar,113,123,118,0,354,0,2,53,0,55,113,125,171,0,409,0,0,0,409
06/08/2021,PBI,FL,ASO,ES,Combined TRACON& Tower with Radar,100,105,121,2,328,0,5,65,1,71,100,110,186,3,399,0,0,0,399
06/09/2021,PBI,FL,ASO,ES,Combined TRACON& Tower with Radar,104,102,108,2,316,0,7,64,2,73,104,109,172,4,389,0,0,0,389
06/10/2021,PBI,FL,ASO,ES,Combined TRACON& Tower with Radar,113,123,134,0,370,0,15,51,2,68,113,138,185,2,438,9,0,9,447
06/11/2021,PBI,FL,ASO,ES,Combined TRACON& Tower with Radar,125,101,111,0,337,0,4,51,3,58,125,105,162,3,395,0,0,0,395
06/12/2021,PBI,FL,ASO,ES,Combined TRACON& Tower with Radar,110,82,100,1,293,0,2,33,0,35,110,84,133,1,328,0,0,0,328
06/13/2021,PBI,FL,ASO,ES,Combined TRACON& Tower with Radar,129,92,136,2,359,0,3,32,0,35,129,95,168,2,394,0,0,0,394
06/14/2021,PBI,FL,ASO,ES,Combined TRACON& Tower with Radar,122,98,107,0,327,0,5,35,0,40,122,103,142,0,367,0,0,0,367
06/15/2021,PBI,FL,ASO,ES,Combined TRACON& Tower with Radar,105,86,118,1,310,0,2,58,4,64,105,88,176,5,374,0,0,0,374
06/16/2021,PBI,FL,ASO,ES,Combined TRACON& Tower with Radar,105,86,102,1,294,0,3,33,2,38,105,89,135,3,332,0,0,0,332
06/17/2021,PBI,FL,ASO,ES,Combined TRACON& Tower with Radar,115,98,111,2,326,0,3,41,0,44,115,101,152,2,370,0,0,0,370
06/18/2021,PBI,FL,ASO,ES,Combined TRACON& Tower with Radar,121,79,114,1,315,0,4,42,0,46,121,83,156,1,361,0,0,0,361
06/19/2021,PBI,FL,ASO,ES,Combined TRACON& Tower with Radar,111,74,73,0,258,0,4,38,0,42,111,78,111,0,300,0,0,0,300
06/20/2021,PBI,FL,ASO,ES,Combined TRACON& Tower with Radar,111,56,108,0,275,0,2,26,0,28,111,58,134,0,303,0,0,0,303
06/21/2021,PBI,FL,ASO,ES,Combined TRACON& Tower with Radar,111,72,111,0,294,0,3,61,4,68,111,75,172,4,362,0,0,0,362
06/22/2021,PBI,FL,ASO,ES,Combined TRACON& Tower with Radar,109,92,104,4,309,0,2,48,0,50,109,94,152,4,359,0,0,0,359
06/23/2021,PBI,FL,ASO,ES,Combined TRACON& Tower with Radar,109,88,105,0,302,0,5,45,0,50,109,93,150,0,352,0,0,0,352
06/24/2021,PBI,FL,ASO,ES,Combined TRACON& Tower with Radar,132,66,122,0,320,0,2,51,0,53,132,68,173,0,373,0,0,0,373
06/25/2021,PBI,FL,ASO,ES,Combined TRACON& Tower with Radar,122,89,97,4,312,0,0,57,0,57,122,89,154,4,369,0,0,0,369
06/26/2021,PBI,FL,ASO,ES,Combined TRACON& Tower with Radar,109,77,76,1,263,0,3,35,0,38,109,80,111,1,301,0,0,0,301
06/27/2021,PBI,FL,ASO,ES,Combined TRACON& Tower with Radar,109,69,124,1,303,0,1,43,0,44,109,70,167,1,347,0,0,0,347
06/28/2021,PBI,FL,ASO,ES,Combined TRACON& Tower with Radar,119,76,85,0,280,0,11,55,0,66,119,87,140,0,346,0,0,0,346
06/29/2021,PBI,FL,ASO,ES,Combined TRACON& Tower with Radar,121,80,55,2,258,0,2,21,0,23,121,82,76,2,281,0,0,0,281
06/30/2021,PBI,FL,ASO,ES,Combined TRACON& Tower with Radar,126,88,97,0,311,0,10,34,0,44,126,98,131,0,355,0,0,0,355
07/01/2021,PBI,FL,ASO,ES,Combined TRACON& Tower with Radar,116,90,129,0,335,0,9,46,0,55,116,99,175,0,390,0,0,0,390
07/02/2021,PBI,FL,ASO,ES,Combined TRACON& Tower with Radar,117,103,86,0,306,0,2,50,1,53,117,105,136,1,359,0,0,0,359
07/03/2021,PBI,FL,ASO,ES,Combined TRACON& Tower with Radar,106,67,48,0,221,0,8,33,0,41,106,75,81,0,262,0,0,0,262
07/04/2021,PBI,FL,ASO,ES,Combined TRACON& Tower with Radar,97,52,45,0,194,0,2,24,0,26,97,54,69,0,220,0,0,0,220
07/05/2021,PBI,FL,ASO,ES,Combined TRACON& Tower with Radar,130,72,103,0,305,0,2,27,0,29,130,74,130,0,334,0,0,0,334
07/06/2021,PBI,FL,ASO,ES,Combined TRACON& Tower with Radar,101,56,81,8,246,0,1,19,0,20,101,57,100,8,266,0,0,0,266
07/07/2021,PBI,FL,ASO,ES,Combined TRACON& Tower with Radar,113,76,97,6,292,1,11,42,0,54,114,87,139,6,346,0,0,0,346
07/08/2021,PBI,FL,ASO,ES,Combined TRACON& Tower with Radar,109,70,93,0,272,0,14,42,0,56,109,84,135,0,328,0,0,0,328
07/09/2021,PBI,FL,ASO,ES,Combined TRACON& Tower with Radar,116,84,96,0,296,0,17,39,0,56,116,101,135,0,352,0,0,0,352
07/10/2021,PBI,FL,ASO,ES,Combined TRACON& Tower with Radar,107,65,70,0,242,0,6,24,0,30,107,71,94,0,272,0,0,0,272
07/11/2021,PBI,FL,ASO,ES,Combined TRACON& Tower with Radar,110,79,111,0,300,0,0,25,0,25,110,79,136,0,325,0,0,0,325
07/12/2021,PBI,FL,ASO,ES,Combined TRACON& Tower with Radar,125,78,85,1,289,0,10,23,0,33,125,88,108,1,322,0,0,0,322
07/13/2021,PBI,FL,ASO,ES,Combined TRACON& Tower with Radar,121,58,83,1,263,0,3,26,0,29,121,61,109,1,292,0,0,0,292
07/14/2021,PBI,FL,ASO,ES,Combined TRACON& Tower with Radar,108,85,89,1,283,0,5,51,0,56,108,90,140,1,339,0,0,0,339
07/15/2021,PBI,FL,ASO,ES,Combined TRACON& Tower with Radar,110,68,83,0,261,0,0,50,2,52,110,68,133,2,313,0,0,0,313
07/16/2021,PBI,FL,ASO,ES,Combined TRACON& Tower with Radar,118,71,102,5,296,0,1,59,2,62,118,72,161,7,358,0,0,0,358
07/17/2021,PBI,FL,ASO,ES,Combined TRACON& Tower with Radar,99,55,53,1,208,0,0,35,1,36,99,55,88,2,244,0,0,0,244
07/18/2021,PBI,FL,ASO,ES,Combined TRACON& Tower with Radar,102,64,88,1,255,0,1,43,0,44,102,65,131,1,299,0,0,0,299
07/19/2021,PBI,FL,ASO,ES,Combined TRACON& Tower with Radar,112,73,100,2,287,0,5,49,3,57,112,78,149,5,344,0,8,8,352
07/20/2021,PBI,FL,ASO,ES,Combined TRACON& Tower with Radar,105,52,64,3,224,0,2,35,0,37,105,54,99,3,261,0,0,0,261
07/21/2021,PBI,FL,ASO,ES,Combined TRACON& Tower with Radar,106,46,91,0,243,0,9,43,0,52,106,55,134,0,295,0,0,0,295
07/22/2021,PBI,FL,ASO,ES,Combined TRACON& Tower with Radar,120,75,77,2,274,0,8,38,4,50,120,83,115,6,324,0,0,0,324
07/23/2021,PBI,FL,ASO,ES,Combined TRACON& Tower with Radar,122,72,93,0,287,0,0,40,0,40,122,72,133,0,327,0,0,0,327
07/24/2021,PBI,FL,ASO,ES,Combined TRACON& Tower with Radar,111,57,67,0,235,0,2,24,0,26,111,59,91,0,261,0,0,0,261
07/25/2021,PBI,FL,ASO,ES,Combined TRACON& Tower with Radar,105,75,83,0,263,0,1,42,0,43,105,76,125,0,306,0,0,0,306
07/26/2021,PBI,FL,ASO,ES,Combined TRACON& Tower with Radar,112,69,86,1,268,0,2,30,0,32,112,71,116,1,300,0,0,0,300
07/27/2021,PBI,FL,ASO,ES,Combined TRACON& Tower with Radar,105,67,81,2,255,0,5,57,1,63,105,72,138,3,318,0,0,0,318
07/28/2021,PBI,FL,ASO,ES,Combined TRACON& Tower with Radar,118,65,91,1,275,0,4,47,0,51,118,69,138,1,326,0,0,0,326
07/29/2021,PBI,FL,ASO,ES,Combined TRACON& Tower with Radar,116,67,93,0,276,0,1,57,1,59,116,68,150,1,335,0,0,0,335
07/30/2021,PBI,FL,ASO,ES,Combined TRACON& Tower with Radar,120,80,82,0,282,0,1,50,0,51,120,81,132,0,333,0,0,0,333
07/31/2021,PBI,FL,ASO,ES,Combined TRACON& Tower with Radar,105,51,72,0,228,0,2,35,0,37,105,53,107,0,265,0,0,0,265
08/01/2021,PBI,FL,ASO,ES,Combined TRACON& Tower with Radar,104,78,99,0,281,0,0,44,0,44,104,78,143,0,325,0,0,0,325
08/02/2021,PBI,FL,ASO,ES,Combined TRACON& Tower with Radar,111,71,80,0,262,0,8,51,0,59,111,79,131,0,321,0,0,0,321
08/03/2021,PBI,FL,ASO,ES,Combined TRACON& Tower with Radar,98,70,70,0,238,0,7,30,4,41,98,77,100,4,279,0,0,0,279
08/04/2021,PBI,FL,ASO,ES,Combined TRACON& Tower with Radar,104,51,85,5,245,0,6,39,3,48,104,57,124,8,293,0,0,0,293
08/05/2021,PBI,FL,ASO,ES,Combined TRACON& Tower with Radar,114,77,79,13,283,1,5,56,1,63,115,82,135,14,346,0,0,0,346
08/06/2021,PBI,FL,ASO,ES,Combined TRACON& Tower with Radar,116,53,77,0,246,0,2,44,0,46,116,55,121,0,292,0,0,0,292
08/07/2021,PBI,FL,ASO,ES,Combined TRACON& Tower with Radar,103,56,55,0,214,0,1,25,0,26,103,57,80,0,240,0,0,0,240
08/08/2021,PBI,FL,ASO,ES,Combined TRACON& Tower with Radar,103,63,87,0,253,0,3,63,2,68,103,66,150,2,321,0,0,0,321
08/09/2021,PBI,FL,ASO,ES,Combined TRACON& Tower with Radar,113,81,72,1,267,0,4,36,0,40,113,85,108,1,307,0,0,0,307
08/10/2021,PBI,FL,ASO,ES,Combined TRACON& Tower with Radar,102,60,59,0,221,0,13,57,0,70,102,73,116,0,291,0,0,0,291
08/11/2021,PBI,FL,ASO,ES,Combined TRACON& Tower with Radar,109,60,70,0,239,0,6,47,0,53,109,66,117,0,292,0,0,0,292
08/12/2021,PBI,FL,ASO,ES,Combined TRACON& Tower with Radar,120,55,77,2,254,0,4,51,2,57,120,59,128,4,311,0,0,0,311
08/13/2021,PBI,FL,ASO,ES,Combined TRACON& Tower with Radar,121,98,62,0,281,0,2,33,2,37,121,100,95,2,318,0,0,0,318
08/14/2021,PBI,FL,ASO,ES,Combined TRACON& Tower with Radar,128,57,47,0,232,0,3,12,0,15,128,60,59,0,247,0,0,0,247
08/15/2021,PBI,FL,ASO,ES,Combined TRACON& Tower with Radar,110,71,76,0,257,0,2,23,0,25,110,73,99,0,282,0,0,0,282
08/16/2021,PBI,FL,ASO,ES,Combined TRACON& Tower with Radar,109,86,73,1,269,0,3,44,2,49,109,89,117,3,318,0,0,0,318
08/17/2021,PBI,FL,ASO,ES,Combined TRACON& Tower with Radar,98,65,72,1,236,0,4,44,2,50,98,69,116,3,286,0,0,0,286
08/18/2021,PBI,FL,ASO,ES,Combined TRACON& Tower with Radar,105,59,85,1,250,0,5,55,0,60,105,64,140,1,310,0,0,0,310
08/19/2021,PBI,FL,ASO,ES,Combined TRACON& Tower with Radar,114,72,78,0,264,0,1,47,0,48,114,73,125,0,312,0,0,0,312
08/20/2021,PBI,FL,ASO,ES,Combined TRACON& Tower with Radar,112,57,67,1,237,0,3,65,2,70,112,60,132,3,307,0,0,0,307
08/21/2021,PBI,FL,ASO,ES,Combined TRACON& Tower with Radar,106,62,77,0,245,0,2,35,0,37,106,64,112,0,282,0,0,0,282
08/22/2021,PBI,FL,ASO,ES,Combined TRACON& Tower with Radar,89,60,85,0,234,0,4,44,2,50,89,64,129,2,284,0,0,0,284
08/23/2021,PBI,FL,ASO,ES,Combined TRACON& Tower with Radar,98,68,73,0,239,0,6,47,0,53,98,74,120,0,292,0,0,0,292
08/24/2021,PBI,FL,ASO,ES,Combined TRACON& Tower with Radar,110,76,60,0,246,0,16,46,0,62,110,92,106,0,308,0,0,0,308
08/25/2021,PBI,FL,ASO,ES,Combined TRACON& Tower with Radar,101,66,79,0,246,0,4,38,0,42,101,70,117,0,288,0,0,0,288
08/26/2021,PBI,FL,ASO,ES,Combined TRACON& Tower with Radar,109,49,73,0,231,0,6,29,0,35,109,55,102,0,266,0,0,0,266
08/27/2021,PBI,FL,ASO,ES,Combined TRACON& Tower with Radar,104,55,87,0,246,0,1,41,0,42,104,56,128,0,288,0,0,0,288
08/28/2021,PBI,FL,ASO,ES,Combined TRACON& Tower with Radar,98,55,59,0,212,0,2,34,0,36,98,57,93,0,248,0,0,0,248
08/29/2021,PBI,FL,ASO,ES,Combined TRACON& Tower with Radar,105,55,67,0,227,0,0,36,0,36,105,55,103,0,263,0,0,0,263
08/30/2021,PBI,FL,ASO,ES,Combined TRACON& Tower with Radar,105,51,66,2,224,0,5,47,0,52,105,56,113,2,276,0,0,0,276
08/31/2021,PBI,FL,ASO,ES,Combined TRACON& Tower with Radar,98,44,62,0,204,0,3,49,0,52,98,47,111,0,256,0,0,0,256
09/01/2021,PBI,FL,ASO,ES,Combined TRACON& Tower with Radar,90,53,90,2,235,0,6,43,0,49,90,59,133,2,284,0,0,0,284
09/02/2021,PBI,FL,ASO,ES,Combined TRACON& Tower with Radar,106,70,112,10,298,0,1,37,0,38,106,71,149,10,336,0,0,0,336
09/03/2021,PBI,FL,ASO,ES,Combined TRACON& Tower with Radar,109,69,83,0,261,0,2,42,1,45,109,71,125,1,306,0,0,0,306
09/04/2021,PBI,FL,ASO,ES,Combined TRACON& Tower with Radar,100,41,38,4,183,0,5,29,0,34,100,46,67,4,217,0,0,0,217
09/05/2021,PBI,FL,ASO,ES,Combined TRACON& Tower with Radar,95,52,59,2,208,0,4,30,3,37,95,56,89,5,245,0,0,0,245
09/06/2021,PBI,FL,ASO,ES,Combined TRACON& Tower with Radar,99,93,107,2,301,0,6,36,0,42,99,99,143,2,343,0,0,0,343
09/07/2021,PBI,FL,ASO,ES,Combined TRACON& Tower with Radar,93,85,90,2,270,0,7,37,0,44,93,92,127,2,314,0,0,0,314
09/08/2021,PBI,FL,ASO,ES,Combined TRACON& Tower with Radar,106,59,72,4,241,0,2,38,5,45,106,61,110,9,286,0,0,0,286
09/09/2021,PBI,FL,ASO,ES,Combined TRACON& Tower with Radar,109,73,128,0,310,0,10,58,2,70,109,83,186,2,380,20,0,20,400
09/10/2021,PBI,FL,ASO,ES,Combined TRACON& Tower with Radar,113,61,75,0,249,0,7,45,1,53,113,68,120,1,302,0,0,0,302
09/11/2021,PBI,FL,ASO,ES,Combined TRACON& Tower with Radar,95,67,63,2,227,0,3,32,0,35,95,70,95,2,262,0,0,0,262
09/12/2021,PBI,FL,ASO,ES,Combined TRACON& Tower with Radar,106,87,75,0,268,0,5,18,0,23,106,92,93,0,291,0,0,0,291
09/13/2021,PBI,FL,ASO,ES,Combined TRACON& Tower with Radar,102,68,58,1,229,0,16,37,0,53,102,84,95,1,282,0,0,0,282
09/14/2021,PBI,FL,ASO,ES,Combined TRACON& Tower with Radar,95,56,58,0,209,0,13,44,0,57,95,69,102,0,266,0,0,0,266
09/15/2021,PBI,FL,ASO,ES,Combined TRACON& Tower with Radar,98,88,94,0,280,0,13,52,0,65,98,101,146,0,345,0,0,0,345
09/16/2021,PBI,FL,ASO,ES,Combined TRACON& Tower with Radar,109,82,94,0,285,0,6,35,2,43,109,88,129,2,328,0,0,0,328
09/17/2021,PBI,FL,ASO,ES,Combined TRACON& Tower with Radar,111,74,87,0,272,0,9,49,0,58,111,83,136,0,330,0,0,0,330
09/18/2021,PBI,FL,ASO,ES,Combined TRACON& Tower with Radar,91,60,45,0,196,0,6,29,2,37,91,66,74,2,233,0,0,0,233
09/19/2021,PBI,FL,ASO,ES,Combined TRACON& Tower with Radar,104,80,101,0,285,1,1,31,0,33,105,81,132,0,318,0,0,0,318
09/20/2021,PBI,FL,ASO,ES,Combined TRACON& Tower with Radar,99,86,72,0,257,0,7,46,4,57,99,93,118,4,314,0,0,0,314
09/21/2021,PBI,FL,ASO,ES,Combined TRACON& Tower with Radar,96,63,69,0,228,0,3,32,0,35,96,66,101,0,263,0,0,0,263
09/22/2021,PBI,FL,ASO,ES,Combined TRACON& Tower with Radar,97,62,94,12,265,0,4,40,0,44,97,66,134,12,309,0,0,0,309
09/23/2021,PBI,FL,ASO,ES,Combined TRACON& Tower with Radar,104,83,111,0,298,0,1,43,2,46,104,84,154,2,344,0,0,0,344
09/24/2021,PBI,FL,ASO,ES,Combined TRACON& Tower with Radar,111,93,93,0,297,0,2,45,0,47,111,95,138,0,344,0,0,0,344
09/25/2021,PBI,FL,ASO,ES,Combined TRACON& Tower with Radar,90,69,63,0,222,0,3,26,2,31,90,72,89,2,253,0,0,0,253
09/26/2021,PBI,FL,ASO,ES,Combined TRACON& Tower with Radar,104,84,99,0,287,0,1,47,0,48,104,85,146,0,335,0,0,0,335
09/27/2021,PBI,FL,ASO,ES,Combined TRACON& Tower with Radar,100,83,94,0,277,0,15,49,0,64,100,98,143,0,341,0,0,0,341
09/28/2021,PBI,FL,ASO,ES,Combined TRACON& Tower with Radar,95,74,87,2,258,0,19,61,0,80,95,93,148,2,338,0,0,0,338
09/29/2021,PBI,FL,ASO,ES,Combined TRACON& Tower with Radar,101,91,94,4,290,0,7,54,3,64,101,98,148,7,354,0,0,0,354
09/30/2021,PBI,FL,ASO,ES,Combined TRACON& Tower with Radar,105,101,79,0,285,0,8,56,0,64,105,109,135,0,349,0,0,0,349
10/01/2021,PBI,FL,ASO,ES,Combined TRACON& Tower with Radar,107,94,88,5,294,0,2,40,1,43,107,96,128,6,337,0,0,0,337
10/02/2021,PBI,FL,ASO,ES,Combined TRACON& Tower with Radar,95,70,57,0,222,0,5,21,1,27,95,75,78,1,249,0,0,0,249
10/03/2021,PBI,FL,ASO,ES,Combined TRACON& Tower with Radar,101,108,116,0,325,0,8,29,0,37,101,116,145,0,362,0,0,0,362
10/04/2021,PBI,FL,ASO,ES,Combined TRACON& Tower with Radar,104,88,103,4,299,0,10,39,0,49,104,98,142,4,348,0,0,0,348
10/05/2021,PBI,FL,ASO,ES,Combined TRACON& Tower with Radar,100,83,97,6,286,0,8,63,0,71,100,91,160,6,357,0,0,0,357
10/06/2021,PBI,FL,ASO,ES,Combined TRACON& Tower with Radar,112,98,119,0,329,0,8,58,0,66,112,106,177,0,395,0,0,0,395
10/07/2021,PBI,FL,ASO,ES,Combined TRACON& Tower with Radar,133,91,155,3,382,0,3,53,4,60,133,94,208,7,442,0,0,0,442
10/08/2021,PBI,FL,ASO,ES,Combined TRACON& Tower with Radar,111,100,126,6,343,0,7,49,0,56,111,107,175,6,399,0,0,0,399
10/09/2021,PBI,FL,ASO,ES,Combined TRACON& Tower with Radar,112,73,84,0,269,0,3,22,0,25,112,76,106,0,294,0,0,0,294
10/10/2021,PBI,FL,ASO,ES,Combined TRACON& Tower with Radar,120,101,111,0,332,0,3,27,0,30,120,104,138,0,362,0,0,0,362
10/11/2021,PBI,FL,ASO,ES,Combined TRACON& Tower with Radar,117,98,121,0,336,0,3,56,0,59,117,101,177,0,395,0,0,0,395
10/12/2021,PBI,FL,ASO,ES,Combined TRACON& Tower with Radar,120,111,123,0,354,0,4,57,1,62,120,115,180,1,416,0,0,0,416
10/13/2021,PBI,FL,ASO,ES,Combined TRACON& Tower with Radar,120,102,143,0,365,0,3,51,0,54,120,105,194,0,419,0,0,0,419
10/14/2021,PBI,FL,ASO,ES,Combined TRACON& Tower with Radar,135,108,132,1,376,0,5,48,1,54,135,113,180,2,430,0,0,0,430
10/15/2021,PBI,FL,ASO,ES,Combined TRACON& Tower with Radar,121,131,112,0,364,0,7,41,0,48,121,138,153,0,412,0,0,0,412
10/16/2021,PBI,FL,ASO,ES,Combined TRACON& Tower with Radar,107,100,85,0,292,0,2,31,0,33,107,102,116,0,325,0,0,0,325
10/17/2021,PBI,FL,ASO,ES,Combined TRACON& Tower with Radar,123,111,132,0,366,0,3,28,0,31,123,114,160,0,397,0,0,0,397
10/18/2021,PBI,FL,ASO,ES,Combined TRACON& Tower with Radar,123,142,103,0,368,0,10,45,0,55,123,152,148,0,423,0,0,0,423
10/19/2021,PBI,FL,ASO,ES,Combined TRACON& Tower with Radar,116,110,118,0,344,0,7,42,0,49,116,117,160,0,393,0,0,0,393
10/20/2021,PBI,FL,ASO,ES,Combined TRACON& Tower with Radar,123,139,156,3,421,0,3,79,0,82,123,142,235,3,503,0,0,0,503
10/21/2021,PBI,FL,ASO,ES,Combined TRACON& Tower with Radar,136,133,155,2,426,0,9,67,3,79,136,142,222,5,505,0,0,0,505
10/22/2021,PBI,FL,ASO,ES,Combined TRACON& Tower with Radar,127,140,135,0,402,0,3,35,0,38,127,143,170,0,440,0,0,0,440
10/23/2021,PBI,FL,ASO,ES,Combined TRACON& Tower with Radar,109,119,73,0,301,0,0,42,0,42,109,119,115,0,343,0,0,0,343
10/24/2021,PBI,FL,ASO,ES,Combined TRACON& Tower with Radar,118,129,168,0,415,0,2,28,0,30,118,131,196,0,445,0,0,0,445
10/25/2021,PBI,FL,ASO,ES,Combined TRACON& Tower with Radar,116,150,157,2,425,0,1,29,2,32,116,151,186,4,457,0,0,0,457
10/26/2021,PBI,FL,ASO,ES,Combined TRACON& Tower with Radar,118,138,141,0,397,0,10,55,0,65,118,148,196,0,462,0,0,0,462
10/27/2021,PBI,FL,ASO,ES,Combined TRACON& Tower with Radar,125,155,190,0,470,0,8,42,0,50,125,163,232,0,520,0,0,0,520
10/28/2021,PBI,FL,ASO,ES,Combined TRACON& Tower with Radar,132,179,152,1,464,0,15,31,4,50,132,194,183,5,514,0,0,0,514
10/29/2021,PBI,FL,ASO,ES,Combined TRACON& Tower with Radar,120,132,158,0,410,0,10,50,2,62,120,142,208,2,472,0,0,0,472
10/30/2021,PBI,FL,ASO,ES,Combined TRACON& Tower with Radar,103,113,90,1,307,0,7,30,0,37,103,120,120,1,344,0,0,0,344
10/31/2021,PBI,FL,ASO,ES,Combined TRACON& Tower with Radar,115,157,164,0,436,0,4,28,2,34,115,161,192,2,470,0,0,0,470
11/01/2021,PBI,FL,ASO,ES,Combined TRACON& Tower with Radar,129,169,150,0,448,0,10,49,2,61,129,179,199,2,509,0,0,0,509
11/02/2021,PBI,FL,ASO,ES,Combined TRACON& Tower with Radar,152,158,117,0,427,0,2,47,1,50,152,160,164,1,477,0,0,0,477
11/03/2021,PBI,FL,ASO,ES,Combined TRACON& Tower with Radar,158,179,142,0,479,0,12,51,0,63,158,191,193,0,542,0,0,0,542
11/04/2021,PBI,FL,ASO,ES,Combined TRACON& Tower with Radar,161,160,186,0,507,0,10,53,0,63,161,170,239,0,570,0,0,0,570
11/05/2021,PBI,FL,ASO,ES,Combined TRACON& Tower with Radar,157,173,160,3,493,0,2,6,0,8,157,175,166,3,501,0,0,0,501
11/06/2021,PBI,FL,ASO,ES,Combined TRACON& Tower with Radar,142,114,110,2,368,0,2,39,1,42,142,116,149,3,410,0,0,0,410
11/07/2021,PBI,FL,ASO,ES,Combined TRACON& Tower with Radar,155,187,186,1,529,0,8,48,1,57,155,195,234,2,586,0,0,0,586
11/08/2021,PBI,FL,ASO,ES,Combined TRACON& Tower with Radar,156,154,141,0,451,0,9,47,0,56,156,163,188,0,507,0,0,0,507
11/09/2021,PBI,FL,ASO,ES,Combined TRACON& Tower with Radar,140,148,161,2,451,0,12,69,0,81,140,160,230,2,532,0,0,0,532
11/10/2021,PBI,FL,ASO,ES,Combined TRACON& Tower with Radar,149,154,176,0,479,0,9,48,0,57,149,163,224,0,536,0,0,0,536
11/11/2021,PBI,FL,ASO,ES,Combined TRACON& Tower with Radar,167,164,202,1,534,0,2,43,0,45,167,166,245,1,579,0,0,0,579
11/12/2021,PBI,FL,ASO,ES,Combined TRACON& Tower with Radar,163,147,167,4,481,0,6,49,1,56,163,153,216,5,537,0,0,0,537
11/13/2021,PBI,FL,ASO,ES,Combined TRACON& Tower with Radar,133,131,118,1,383,0,1,45,2,48,133,132,163,3,431,0,0,0,431
11/14/2021,PBI,FL,ASO,ES,Combined TRACON& Tower with Radar,155,216,226,1,598,0,3,46,2,51,155,219,272,3,649,0,0,0,649
11/15/2021,PBI,FL,ASO,ES,Combined TRACON& Tower with Radar,152,158,181,4,495,0,17,54,0,71,152,175,235,4,566,0,0,0,566
11/16/2021,PBI,FL,ASO,ES,Combined TRACON& Tower with Radar,143,156,179,0,478,0,11,74,0,85,143,167,253,0,563,0,0,0,563
11/17/2021,PBI,FL,ASO,ES,Combined TRACON& Tower with Radar,147,173,188,2,510,0,5,70,0,75,147,178,258,2,585,0,0,0,585
11/18/2021,PBI,FL,ASO,ES,Combined TRACON& Tower with Radar,171,151,193,2,517,0,2,49,0,51,171,153,242,2,568,0,0,0,568
11/19/2021,PBI,FL,ASO,ES,Combined TRACON& Tower with Radar,170,168,208,2,548,0,2,27,0,29,170,170,235,2,577,0,0,0,577
11/20/2021,PBI,FL,ASO,ES,Combined TRACON& Tower with Radar,150,195,171,0,516,0,2,20,0,22,150,197,191,0,538,0,0,0,538
11/21/2021,PBI,FL,ASO,ES,Combined TRACON& Tower with Radar,171,222,220,0,613,0,6,26,1,33,171,228,246,1,646,0,0,0,646
11/22/2021,PBI,FL,ASO,ES,Combined TRACON& Tower with Radar,174,184,166,2,526,0,5,48,0,53,174,189,214,2,579,0,0,0,579
11/23/2021,PBI,FL,ASO,ES,Combined TRACON& Tower with Radar,173,204,209,3,589,0,9,43,3,55,173,213,252,6,644,0,0,0,644
11/24/2021,PBI,FL,ASO,ES,Combined TRACON& Tower with Radar,175,162,182,1,520,0,8,58,0,66,175,170,240,1,586,0,0,0,586
11/25/2021,PBI,FL,ASO,ES,Combined TRACON& Tower with Radar,103,72,51,0,226,0,2,21,0,23,103,74,72,0,249,0,0,0,249
11/26/2021,PBI,FL,ASO,ES,Combined TRACON& Tower with Radar,134,149,134,0,417,0,7,36,0,43,134,156,170,0,460,0,0,0,460
11/27/2021,PBI,FL,ASO,ES,Combined TRACON& Tower with Radar,169,207,173,0,549,0,10,40,0,50,169,217,213,0,599,0,0,0,599
11/28/2021,PBI,FL,ASO,ES,Combined TRACON& Tower with Radar,165,237,270,0,672,0,4,55,1,60,165,241,325,1,732,0,0,0,732
11/29/2021,PBI,FL,ASO,ES,Combined TRACON& Tower with Radar,162,196,172,0,530,0,16,43,0,59,162,212,215,0,589,0,0,0,589
11/30/2021,PBI,FL,ASO,ES,Combined TRACON& Tower with Radar,154,176,173,0,503,0,7,52,0,59,154,183,225,0,562,0,0,0,562
12/01/2021,PBI,FL,ASO,ES,Combined TRACON& Tower with Radar,156,194,154,0,504,0,12,54,0,66,156,206,208,0,570,0,0,0,570
12/02/2021,PBI,FL,ASO,ES,Combined TRACON& Tower with Radar,164,166,193,0,523,0,17,73,0,90,164,183,266,0,613,0,0,0,613
12/03/2021,PBI,FL,ASO,ES,Combined TRACON& Tower with Radar,165,172,174,0,511,0,8,66,4,78,165,180,240,4,589,0,0,0,589
12/04/2021,PBI,FL,ASO,ES,Combined TRACON& Tower with Radar,140,142,133,0,415,0,8,41,0,49,140,150,174,0,464,0,0,0,464
12/05/2021,PBI,FL,ASO,ES,Combined TRACON& Tower with Radar,152,206,224,0,582,0,3,33,4,40,152,209,257,4,622,0,0,0,622
12/06/2021,PBI,FL,ASO,ES,Combined TRACON& Tower with Radar,148,167,181,0,496,0,5,38,1,44,148,172,219,1,540,0,0,0,540
12/07/2021,PBI,FL,ASO,ES,Combined TRACON& Tower with Radar,147,160,174,0,481,0,3,62,0,65,147,163,236,0,546,0,0,0,546
12/08/2021,PBI,FL,ASO,ES,Combined TRACON& Tower with Radar,154,172,173,3,502,0,10,44,5,59,154,182,217,8,561,0,0,0,561
12/09/2021,PBI,FL,ASO,ES,Combined TRACON& Tower with Radar,172,171,191,0,534,0,8,48,3,59,172,179,239,3,593,0,0,0,593
12/10/2021,PBI,FL,ASO,ES,Combined TRACON& Tower with Radar,164,168,195,0,527,1,7,56,0,64,165,175,251,0,591,0,0,0,591
12/11/2021,PBI,FL,ASO,ES,Combined TRACON& Tower with Radar,135,116,106,0,357,0,6,42,0,48,135,122,148,0,405,0,0,0,405
12/12/2021,PBI,FL,ASO,ES,Combined TRACON& Tower with Radar,150,144,168,2,464,0,7,49,0,56,150,151,217,2,520,0,0,0,520
12/13/2021,PBI,FL,ASO,ES,Combined TRACON& Tower with Radar,150,142,169,1,462,0,4,49,7,60,150,146,218,8,522,0,0,0,522
12/14/2021,PBI,FL,ASO,ES,Combined TRACON& Tower with Radar,151,128,147,0,426,0,5,42,0,47,151,133,189,0,473,0,0,0,473
12/15/2021,PBI,FL,ASO,ES,Combined TRACON& Tower with Radar,155,170,178,0,503,0,2,51,2,55,155,172,229,2,558,0,0,0,558
12/16/2021,PBI,FL,ASO,ES,Combined TRACON& Tower with Radar,176,166,188,0,530,0,4,63,0,67,176,170,251,0,597,0,0,0,597
12/17/2021,PBI,FL,ASO,ES,Combined TRACON& Tower with Radar,169,212,216,4,601,0,1,66,5,72,169,213,282,9,673,0,0,0,673
12/18/2021,PBI,FL,ASO,ES,Combined TRACON& Tower with Radar,179,166,186,0,531,0,1,36,0,37,179,167,222,0,568,0,0,0,568
12/19/2021,PBI,FL,ASO,ES,Combined TRACON& Tower with Radar,184,192,198,0,574,0,3,31,0,34,184,195,229,0,608,0,0,0,608
12/20/2021,PBI,FL,ASO,ES,Combined TRACON& Tower with Radar,181,171,153,0,505,0,5,47,0,52,181,176,200,0,557,0,0,0,557
12/21/2021,PBI,FL,ASO,ES,Combined TRACON& Tower with Radar,214,151,146,0,511,0,1,17,0,18,214,152,163,0,529,0,0,0,529
12/22/2021,PBI,FL,ASO,ES,Combined TRACON& Tower with Radar,199,170,188,0,557,0,3,80,0,83,199,173,268,0,640,0,0,0,640
12/23/2021,PBI,FL,ASO,ES,Combined TRACON& Tower with Radar,208,178,174,0,560,0,10,60,1,71,208,188,234,1,631,0,0,0,631
12/24/2021,PBI,FL,ASO,ES,Combined TRACON& Tower with Radar,167,127,66,0,360,0,3,51,0,54,167,130,117,0,414,0,0,0,414
12/25/2021,PBI,FL,ASO,ES,Combined TRACON& Tower with Radar,157,162,87,0,406,0,9,22,0,31,157,171,109,0,437,0,0,0,437
12/26/2021,PBI,FL,ASO,ES,Combined TRACON& Tower with Radar,158,261,238,0,657,2,5,72,1,80,160,266,310,1,737,0,0,0,737
12/27/2021,PBI,FL,ASO,ES,Combined TRACON& Tower with Radar,170,222,229,0,621,0,12,50,0,62,170,234,279,0,683,0,0,0,683
12/28/2021,PBI,FL,ASO,ES,Combined TRACON& Tower with Radar,194,226,200,2,622,0,14,41,0,55,194,240,241,2,677,0,0,0,677
12/29/2021,PBI,FL,ASO,ES,Combined TRACON& Tower with Radar,193,197,176,2,568,0,10,49,0,59,193,207,225,2,627,0,0,0,627
12/30/2021,PBI,FL,ASO,ES,Combined TRACON& Tower with Radar,203,203,160,0,566,0,6,42,0,48,203,209,202,0,614,0,0,0,614
12/31/2021,PBI,FL,ASO,ES,Combined TRACON& Tower with Radar,159,168,118,0,445,0,5,41,0,46,159,173,159,0,491,0,0,0,491
01/01/2022,PBI,FL,ASO,ES,Combined TRACON& Tower with Radar,146,180,137,0,463,0,6,26,0,32,146,186,163,0,495,0,0,0,495
01/02/2022,PBI,FL,ASO,ES,Combined TRACON& Tower with Radar,167,209,272,0,648,0,10,51,0,61,167,219,323,0,709,0,0,0,709
01/03/2022,PBI,FL,ASO,ES,Combined TRACON& Tower with Radar,177,214,225,0,616,0,3,50,0,53,177,217,275,0,669,0,0,0,669
01/04/2022,PBI,FL,ASO,ES,Combined TRACON& Tower with Radar,170,196,175,0,541,0,4,45,0,49,170,200,220,0,590,0,0,0,590
01/05/2022,PBI,FL,ASO,ES,Combined TRACON& Tower with Radar,153,172,171,0,496,0,4,50,0,54,153,176,221,0,550,0,0,0,550
01/06/2022,PBI,FL,ASO,ES,Combined TRACON& Tower with Radar,174,182,152,2,510,0,6,55,2,63,174,188,207,4,573,0,0,0,573
01/07/2022,PBI,FL,ASO,ES,Combined TRACON& Tower with Radar,156,138,146,2,442,0,4,36,2,42,156,142,182,4,484,0,0,0,484
01/08/2022,PBI,FL,ASO,ES,Combined TRACON& Tower with Radar,145,175,154,1,475,0,1,35,0,36,145,176,189,1,511,0,0,0,511
01/09/2022,PBI,FL,ASO,ES,Combined TRACON& Tower with Radar,161,232,177,0,570,0,5,26,0,31,161,237,203,0,601,0,0,0,601
01/10/2022,PBI,FL,ASO,ES,Combined TRACON& Tower with Radar,171,151,174,0,496,0,2,28,0,30,171,153,202,0,526,0,0,0,526
01/11/2022,PBI,FL,ASO,ES,Combined TRACON& Tower with Radar,146,121,148,2,417,0,8,30,0,38,146,129,178,2,455,0,0,0,455
01/12/2022,PBI,FL,ASO,ES,Combined TRACON& Tower with Radar,158,150,156,0,464,0,3,41,0,44,158,153,197,0,508,0,0,0,508
01/13/2022,PBI,FL,ASO,ES,Combined TRACON& Tower with Radar,174,194,198,2,568,0,6,47,0,53,174,200,245,2,621,0,0,0,621
01/14/2022,PBI,FL,ASO,ES,Combined TRACON& Tower with Radar,175,212,217,0,604,0,12,66,0,78,175,224,283,0,682,0,0,0,682
01/15/2022,PBI,FL,ASO,ES,Combined TRACON& Tower with Radar,151,156,140,0,447,0,9,33,0,42,151,165,173,0,489,0,0,0,489
01/16/2022,PBI,FL,ASO,ES,Combined TRACON& Tower with Radar,142,148,144,0,434,0,6,17,0,23,142,154,161,0,457,0,0,0,457
01/17/2022,PBI,FL,ASO,ES,Combined TRACON& Tower with Radar,169,210,206,0,585,0,21,43,0,64,169,231,249,0,649,24,0,24,673
01/18/2022,PBI,FL,ASO,ES,Combined TRACON& Tower with Radar,153,164,121,0,438,0,6,48,0,54,153,170,169,0,492,3,0,3,495
01/19/2022,PBI,FL,ASO,ES,Combined TRACON& Tower with Radar,167,156,175,1,499,0,11,49,2,62,167,167,224,3,561,0,0,0,561
01/20/2022,PBI,FL,ASO,ES,Combined TRACON& Tower with Radar,191,178,188,20,577,0,7,47,0,54,191,185,235,20,631,0,0,0,631
01/21/2022,PBI,FL,ASO,ES,Combined TRACON& Tower with Radar,181,171,176,1,529,0,5,29,0,34,181,176,205,1,563,0,0,0,563
01/22/2022,PBI,FL,ASO,ES,Combined TRACON& Tower with Radar,153,137,128,0,418,0,2,21,2,25,153,139,149,2,443,0,0,0,443
01/23/2022,PBI,FL,ASO,ES,Combined TRACON& Tower with Radar,170,222,236,0,628,0,4,35,0,39,170,226,271,0,667,0,0,0,667
01/24/2022,PBI,FL,ASO,ES,Combined TRACON& Tower with Radar,171,152,183,0,506,0,9,57,0,66,171,161,240,0,572,0,0,0,572
01/25/2022,PBI,FL,ASO,ES,Combined TRACON& Tower with Radar,157,123,145,2,427,0,1,39,1,41,157,124,184,3,468,0,0,0,468
01/26/2022,PBI,FL,ASO,ES,Combined TRACON& Tower with Radar,159,132,171,0,462,0,2,26,0,28,159,134,197,0,490,4,0,4,494
01/27/2022,PBI,FL,ASO,ES,Combined TRACON& Tower with Radar,181,184,211,2,578,0,11,55,0,66,181,195,266,2,644,0,0,0,644
01/28/2022,PBI,FL,ASO,ES,Combined TRACON& Tower with Radar,162,181,198,0,541,0,5,25,1,31,162,186,223,1,572,2,0,2,574
01/29/2022,PBI,FL,ASO,ES,Combined TRACON& Tower with Radar,80,97,68,0,245,0,8,29,0,37,80,105,97,0,282,0,0,0,282
01/30/2022,PBI,FL,ASO,ES,Combined TRACON& Tower with Radar,129,221,237,2,589,0,8,42,0,50,129,229,279,2,639,0,0,0,639
01/31/2022,PBI,FL,ASO,ES,Combined TRACON& Tower with Radar,148,171,189,1,509,0,5,60,0,65,148,176,249,1,574,0,0,0,574
02/01/2022,PBI,FL,ASO,ES,Combined TRACON& Tower with Radar,150,154,206,4,514,0,8,45,0,53,150,162,251,4,567,0,0,0,567
02/02/2022,PBI,FL,ASO,ES,Combined TRACON& Tower with Radar,152,145,171,0,468,0,2,63,0,65,152,147,234,0,533,0,0,0,533
02/03/2022,PBI,FL,ASO,ES,Combined TRACON& Tower with Radar,159,215,159,2,535,0,5,82,0,87,159,220,241,2,622,0,0,0,622
02/04/2022,PBI,FL,ASO,ES,Combined TRACON& Tower with Radar,147,170,195,2,514,0,10,61,2,73,147,180,256,4,587,0,0,0,587
02/05/2022,PBI,FL,ASO,ES,Combined TRACON& Tower with Radar,149,131,124,9,413,0,3,23,2,28,149,134,147,11,441,0,0,0,441
02/06/2022,PBI,FL,ASO,ES,Combined TRACON& Tower with Radar,178,208,235,2,623,0,7,39,0,46,178,215,274,2,669,0,0,0,669
02/07/2022,PBI,FL,ASO,ES,Combined TRACON& Tower with Radar,166,153,183,0,502,0,6,45,0,51,166,159,228,0,553,0,0,0,553
02/08/2022,PBI,FL,ASO,ES,Combined TRACON& Tower with Radar,157,162,201,0,520,0,3,39,0,42,157,165,240,0,562,0,0,0,562
02/09/2022,PBI,FL,ASO,ES,Combined TRACON& Tower with Radar,161,183,207,0,551,0,4,17,1,22,161,187,224,1,573,0,0,0,573
02/10/2022,PBI,FL,ASO,ES,Combined TRACON& Tower with Radar,178,211,257,0,646,0,6,71,0,77,178,217,328,0,723,0,0,0,723
02/11/2022,PBI,FL,ASO,ES,Combined TRACON& Tower with Radar,186,217,220,2,625,0,9,61,1,71,186,226,281,3,696,0,0,0,696
02/12/2022,PBI,FL,ASO,ES,Combined TRACON& Tower with Radar,161,156,130,0,447,0,1,62,0,63,161,157,192,0,510,0,0,0,510
02/13/2022,PBI,FL,ASO,ES,Combined TRACON& Tower with Radar,159,191,236,0,586,0,2,29,0,31,159,193,265,0,617,0,0,0,617
02/14/2022,PBI,FL,ASO,ES,Combined TRACON& Tower with Radar,186,167,213,0,566,0,3,48,0,51,186,170,261,0,617,0,0,0,617
02/15/2022,PBI,FL,ASO,ES,Combined TRACON& Tower with Radar,157,194,187,1,539,0,6,53,0,59,157,200,240,1,598,0,0,0,598
02/16/2022,PBI,FL,ASO,ES,Combined TRACON& Tower with Radar,172,232,232,1,637,0,7,44,0,51,172,239,276,1,688,0,0,0,688
02/17/2022,PBI,FL,ASO,ES,Combined TRACON& Tower with Radar,186,232,249,3,670,0,13,65,1,79,186,245,314,4,749,0,0,0,749
02/18/2022,PBI,FL,ASO,ES,Combined TRACON& Tower with Radar,194,243,225,0,662,0,7,47,0,54,194,250,272,0,716,0,0,0,716
02/19/2022,PBI,FL,ASO,ES,Combined TRACON& Tower with Radar,181,157,169,0,507,0,3,38,0,41,181,160,207,0,548,0,0,0,548
02/20/2022,PBI,FL,ASO,ES,Combined TRACON& Tower with Radar,188,203,237,0,628,0,8,46,0,54,188,211,283,0,682,0,0,0,682
02/21/2022,PBI,FL,ASO,ES,Combined TRACON& Tower with Radar,194,243,263,0,700,0,11,65,0,76,194,254,328,0,776,0,0,0,776
02/22/2022,PBI,FL,ASO,ES,Combined TRACON& Tower with Radar,176,240,222,3,641,0,2,50,1,53,176,242,272,4,694,1,0,1,695
02/23/2022,PBI,FL,ASO,ES,Combined TRACON& Tower with Radar,182,218,217,1,618,0,8,49,0,57,182,226,266,1,675,0,0,0,675
02/24/2022,PBI,FL,ASO,ES,Combined TRACON& Tower with Radar,185,209,230,2,626,0,9,55,0,64,185,218,285,2,690,0,0,0,690
02/25/2022,PBI,FL,ASO,ES,Combined TRACON& Tower with Radar,169,209,194,2,574,0,6,63,1,70,169,215,257,3,644,0,0,0,644
02/26/2022,PBI,FL,ASO,ES,Combined TRACON& Tower with Radar,195,178,183,3,559,0,3,40,0,43,195,181,223,3,602,0,0,0,602
02/27/2022,PBI,FL,ASO,ES,Combined TRACON& Tower with Radar,175,255,259,1,690,0,7,44,1,52,175,262,303,2,742,0,0,0,742
02/28/2022,PBI,FL,ASO,ES,Combined TRACON& Tower with Radar,182,221,188,0,591,0,11,52,0,63,182,232,240,0,654,0,0,0,654
03/01/2022,PBI,FL,ASO,ES,Combined TRACON& Tower with Radar,178,172,200,1,551,0,9,54,6,69,178,181,254,7,620,0,0,0,620
03/02/2022,PBI,FL,ASO,ES,Combined TRACON& Tower with Radar,168,166,216,1,551,0,11,58,2,71,168,177,274,3,622,0,0,0,622
03/03/2022,PBI,FL,ASO,ES,Combined TRACON& Tower with Radar,185,206,196,0,587,0,10,65,3,78,185,216,261,3,665,0,0,0,665
03/04/2022,PBI,FL,ASO,ES,Combined TRACON& Tower with Radar,188,210,203,0,601,0,11,54,0,65,188,221,257,0,666,0,0,0,666
03/05/2022,PBI,FL,ASO,ES,Combined TRACON& Tower with Radar,183,163,168,0,514,0,5,38,0,43,183,168,206,0,557,0,0,0,557
03/06/2022,PBI,FL,ASO,ES,Combined TRACON& Tower with Radar,177,210,238,2,627,0,6,45,2,53,177,216,283,4,680,0,0,0,680
03/07/2022,PBI,FL,ASO,ES,Combined TRACON& Tower with Radar,183,188,201,2,574,0,9,46,1,56,183,197,247,3,630,0,0,0,630
03/08/2022,PBI,FL,ASO,ES,Combined TRACON& Tower with Radar,179,166,201,0,546,0,6,38,1,45,179,172,239,1,591,0,0,0,591
03/09/2022,PBI,FL,ASO,ES,Combined TRACON& Tower with Radar,167,175,207,14,563,0,3,77,1,81,167,178,284,15,644,0,0,0,644
03/10/2022,PBI,FL,ASO,ES,Combined TRACON& Tower with Radar,206,204,254,0,664,0,1,49,0,50,206,205,303,0,714,0,0,0,714
03/11/2022,PBI,FL,ASO,ES,Combined TRACON& Tower with Radar,182,233,215,0,630,0,9,72,0,81,182,242,287,0,711,0,0,0,711
03/12/2022,PBI,FL,ASO,ES,Combined TRACON& Tower with Radar,154,164,168,2,488,0,6,30,0,36,154,170,198,2,524,0,0,0,524
03/13/2022,PBI,FL,ASO,ES,Combined TRACON& Tower with Radar,167,241,268,0,676,0,6,68,0,74,167,247,336,0,750,0,0,0,750
03/14/2022,PBI,FL,ASO,ES,Combined TRACON& Tower with Radar,191,197,200,0,588,0,21,57,2,80,191,218,257,2,668,0,0,0,668
03/15/2022,PBI,FL,ASO,ES,Combined TRACON& Tower with Radar,183,143,151,1,478,0,1,32,3,36,183,144,183,4,514,0,0,0,514
03/16/2022,PBI,FL,ASO,ES,Combined TRACON& Tower with Radar,183,204,174,2,563,0,14,39,2,55,183,218,213,4,618,0,0,0,618
03/17/2022,PBI,FL,ASO,ES,Combined TRACON& Tower with Radar,184,171,185,1,541,0,15,45,5,65,184,186,230,6,606,22,0,22,628
03/18/2022,PBI,FL,ASO,ES,Combined TRACON& Tower with Radar,187,189,216,0,592,0,15,67,4,86,187,204,283,4,678,0,0,0,678
03/19/2022,PBI,FL,ASO,ES,Combined TRACON& Tower with Radar,203,219,189,0,611,1,16,66,2,85,204,235,255,2,696,0,0,0,696
03/20/2022,PBI,FL,ASO,ES,Combined TRACON& Tower with Radar,184,245,231,0,660,0,10,46,2,58,184,255,277,2,718,12,0,12,730
03/21/2022,PBI,FL,ASO,ES,Combined TRACON& Tower with Radar,179,168,200,2,549,0,7,42,3,52,179,175,242,5,601,0,0,0,601
03/22/2022,PBI,FL,ASO,ES,Combined TRACON& Tower with Radar,184,164,166,0,514,0,6,75,2,83,184,170,241,2,597,0,0,0,597
03/23/2022,PBI,FL,ASO,ES,Combined TRACON& Tower with Radar,180,180,220,0,580,0,11,71,2,84,180,191,291,2,664,0,0,0,664
03/24/2022,PBI,FL,ASO,ES,Combined TRACON& Tower with Radar,187,181,220,1,589,0,10,60,0,70,187,191,280,1,659,0,0,0,659
03/25/2022,PBI,FL,ASO,ES,Combined TRACON& Tower with Radar,203,207,225,2,637,0,11,62,0,73,203,218,287,2,710,0,0,0,710
03/26/2022,PBI,FL,ASO,ES,Combined TRACON& Tower with Radar,196,195,203,2,596,0,10,63,1,74,196,205,266,3,670,0,0,0,670
03/27/2022,PBI,FL,ASO,ES,Combined TRACON& Tower with Radar,175,237,282,1,695,0,19,79,0,98,175,256,361,1,793,0,0,0,793
03/28/2022,PBI,FL,ASO,ES,Combined TRACON& Tower with Radar,180,166,210,0,556,0,11,62,0,73,180,177,272,0,629,0,0,0,629
03/29/2022,PBI,FL,ASO,ES,Combined TRACON& Tower with Radar,182,165,180,0,527,0,9,43,0,52,182,174,223,0,579,0,0,0,579
03/30/2022,PBI,FL,ASO,ES,Combined TRACON& Tower with Radar,169,172,181,0,522,0,8,42,2,52,169,180,223,2,574,0,0,0,574
03/31/2022,PBI,FL,ASO,ES,Combined TRACON& Tower with Radar,186,165,205,0,556,0,8,33,0,41,186,173,238,0,597,0,0,0,597
04/01/2022,PBI,FL,ASO,ES,Combined TRACON& Tower with Radar,156,158,158,0,472,0,6,40,0,46,156,164,198,0,518,0,0,0,518
04/02/2022,PBI,FL,ASO,ES,Combined TRACON& Tower with Radar,111,137,150,0,398,0,6,22,0,28,111,143,172,0,426,0,0,0,426
04/03/2022,PBI,FL,ASO,ES,Combined TRACON& Tower with Radar,139,244,229,0,612,0,8,41,0,49,139,252,270,0,661,0,0,0,661
04/04/2022,PBI,FL,ASO,ES,Combined TRACON& Tower with Radar,170,188,208,0,566,0,1,30,0,31,170,189,238,0,597,0,0,0,597
04/05/2022,PBI,FL,ASO,ES,Combined TRACON& Tower with Radar,169,133,182,1,485,0,10,67,1,78,169,143,249,2,563,0,0,0,563
04/06/2022,PBI,FL,ASO,ES,Combined TRACON& Tower with Radar,161,146,234,1,542,0,7,53,1,61,161,153,287,2,603,0,0,0,603
04/07/2022,PBI,FL,ASO,ES,Combined TRACON& Tower with Radar,147,146,203,0,496,0,4,61,0,65,147,150,264,0,561,4,0,4,565
04/08/2022,PBI,FL,ASO,ES,Combined TRACON& Tower with Radar,153,211,258,0,622,0,10,72,0,82,153,221,330,0,704,0,0,0,704
04/09/2022,PBI,FL,ASO,ES,Combined TRACON& Tower with Radar,165,161,159,0,485,0,4,57,0,61,165,165,216,0,546,0,0,0,546
04/10/2022,PBI,FL,ASO,ES,Combined TRACON& Tower with Radar,154,197,242,0,593,0,15,48,0,63,154,212,290,0,656,0,0,0,656
04/11/2022,PBI,FL,ASO,ES,Combined TRACON& Tower with Radar,172,185,206,0,563,0,6,69,0,75,172,191,275,0,638,0,0,0,638
04/12/2022,PBI,FL,ASO,ES,Combined TRACON& Tower with Radar,162,158,158,0,478,0,6,45,0,51,162,164,203,0,529,0,0,0,529
04/13/2022,PBI,FL,ASO,ES,Combined TRACON& Tower with Radar,163,207,239,0,609,0,8,83,1,92,163,215,322,1,701,0,0,0,701
04/14/2022,PBI,FL,ASO,ES,Combined TRACON& Tower with Radar,159,241,223,2,625,1,9,58,0,68,160,250,281,2,693,0,0,0,693
04/15/2022,PBI,FL,ASO,ES,Combined TRACON& Tower with Radar,166,166,157,0,489,0,10,41,0,51,166,176,198,0,540,0,0,0,540
04/16/2022,PBI,FL,ASO,ES,Combined TRACON& Tower with Radar,171,158,116,0,445,0,9,75,2,86,171,167,191,2,531,0,0,0,531
04/17/2022,PBI,FL,ASO,ES,Combined TRACON& Tower with Radar,156,219,156,0,531,1,10,53,0,64,157,229,209,0,595,0,0,0,595
04/18/2022,PBI,FL,ASO,ES,Combined TRACON& Tower with Radar,171,217,292,6,686,0,3,53,2,58,171,220,345,8,744,0,0,0,744
04/19/2022,PBI,FL,ASO,ES,Combined TRACON& Tower with Radar,169,177,177,0,523,0,10,72,2,84,169,187,249,2,607,0,0,0,607
04/20/2022,PBI,FL,ASO,ES,Combined TRACON& Tower with Radar,160,177,167,0,504,0,5,57,0,62,160,182,224,0,566,0,0,0,566
04/21/2022,PBI,FL,ASO,ES,Combined TRACON& Tower with Radar,163,172,181,0,516,0,6,71,0,77,163,178,252,0,593,0,0,0,593
04/22/2022,PBI,FL,ASO,ES,Combined TRACON& Tower with Radar,178,156,183,4,521,0,7,60,1,68,178,163,243,5,589,0,0,0,589
04/23/2022,PBI,FL,ASO,ES,Combined TRACON& Tower with Radar,154,151,141,0,446,0,5,30,1,36,154,156,171,1,482,0,0,0,482
04/24/2022,PBI,FL,ASO,ES,Combined TRACON& Tower with Radar,148,192,239,0,579,0,4,44,0,48,148,196,283,0,627,0,0,0,627
04/25/2022,PBI,FL,ASO,ES,Combined TRACON& Tower with Radar,163,162,194,4,523,0,4,48,0,52,163,166,242,4,575,0,0,0,575
04/26/2022,PBI,FL,ASO,ES,Combined TRACON& Tower with Radar,157,143,165,2,467,0,11,66,1,78,157,154,231,3,545,0,0,0,545
04/27/2022,PBI,FL,ASO,ES,Combined TRACON& Tower with Radar,153,173,163,0,489,0,6,61,1,68,153,179,224,1,557,0,0,0,557
04/28/2022,PBI,FL,ASO,ES,Combined TRACON& Tower with Radar,168,158,233,1,560,0,3,46,0,49,168,161,279,1,609,0,0,0,609
04/29/2022,PBI,FL,ASO,ES,Combined TRACON& Tower with Radar,169,152,163,0,484,0,3,40,0,43,169,155,203,0,527,0,0,0,527
04/30/2022,PBI,FL,ASO,ES,Combined TRACON& Tower with Radar,146,130,133,0,409,0,3,20,0,23,146,133,153,0,432,0,0,0,432
05/01/2022,PBI,FL,ASO,ES,Combined TRACON& Tower with Radar,142,226,169,0,537,0,2,50,0,52,142,228,219,0,589,40,0,40,629
05/02/2022,PBI,FL,ASO,ES,Combined TRACON& Tower with Radar,162,161,142,0,465,0,18,62,0,80,162,179,204,0,545,0,0,0,545
05/03/2022,PBI,FL,ASO,ES,Combined TRACON& Tower with Radar,151,134,134,0,419,0,1,70,0,71,151,135,204,0,490,0,0,0,490
05/04/2022,PBI,FL,ASO,ES,Combined TRACON& Tower with Radar,142,184,170,0,496,0,10,66,0,76,142,194,236,0,572,0,0,0,572
05/05/2022,PBI,FL,ASO,ES,Combined TRACON& Tower with Radar,148,174,215,0,537,0,3,62,4,69,148,177,277,4,606,0,0,0,606
05/06/2022,PBI,FL,ASO,ES,Combined TRACON& Tower with Radar,145,182,153,1,481,0,0,66,1,67,145,182,219,2,548,0,0,0,548
05/07/2022,PBI,FL,ASO,ES,Combined TRACON& Tower with Radar,135,125,104,0,364,0,2,38,0,40,135,127,142,0,404,0,0,0,404
05/08/2022,PBI,FL,ASO,ES,Combined TRACON& Tower with Radar,147,162,179,1,489,0,4,48,1,53,147,166,227,2,542,0,0,0,542
05/09/2022,PBI,FL,ASO,ES,Combined TRACON& Tower with Radar,146,163,169,0,478,0,10,72,0,82,146,173,241,0,560,20,0,20,580
05/10/2022,PBI,FL,ASO,ES,Combined TRACON& Tower with Radar,139,147,130,0,416,0,9,46,3,58,139,156,176,3,474,0,0,0,474
05/11/2022,PBI,FL,ASO,ES,Combined TRACON& Tower with Radar,142,141,148,0,431,0,11,42,1,54,142,152,190,1,485,0,0,0,485
05/12/2022,PBI,FL,ASO,ES,Combined TRACON& Tower with Radar,144,137,182,3,466,0,12,48,0,60,144,149,230,3,526,2,0,2,528
05/13/2022,PBI,FL,ASO,ES,Combined TRACON& Tower with Radar,142,145,135,1,423,0,1,42,0,43,142,146,177,1,466,0,0,0,466
05/14/2022,PBI,FL,ASO,ES,Combined TRACON& Tower with Radar,132,136,102,0,370,0,1,44,0,45,132,137,146,0,415,0,0,0,415
05/15/2022,PBI,FL,ASO,ES,Combined TRACON& Tower with Radar,127,163,208,0,498,0,4,42,0,46,127,167,250,0,544,0,0,0,544
05/16/2022,PBI,FL,ASO,ES,Combined TRACON& Tower with Radar,137,152,136,0,425,0,8,41,1,50,137,160,177,1,475,0,0,0,475
05/17/2022,PBI,FL,ASO,ES,Combined TRACON& Tower with Radar,134,132,127,0,393,0,7,42,6,55,134,139,169,6,448,0,0,0,448
05/18/2022,PBI,FL,ASO,ES,Combined TRACON& Tower with Radar,141,151,141,0,433,0,5,60,2,67,141,156,201,2,500,0,0,0,500
05/19/2022,PBI,FL,ASO,ES,Combined TRACON& Tower with Radar,142,140,124,1,407,0,7,66,3,76,142,147,190,4,483,0,0,0,483
05/20/2022,PBI,FL,ASO,ES,Combined TRACON& Tower with Radar,140,141,117,0,398,0,9,29,0,38,140,150,146,0,436,0,0,0,436
05/21/2022,PBI,FL,ASO,ES,Combined TRACON& Tower with Radar,135,117,97,0,349,0,3,30,0,33,135,120,127,0,382,0,0,0,382
05/22/2022,PBI,FL,ASO,ES,Combined TRACON& Tower with Radar,118,144,115,1,378,0,7,57,0,64,118,151,172,1,442,0,0,0,442
05/23/2022,PBI,FL,ASO,ES,Combined TRACON& Tower with Radar,137,135,145,1,418,0,3,65,0,68,137,138,210,1,486,0,0,0,486
05/24/2022,PBI,FL,ASO,ES,Combined TRACON& Tower with Radar,142,117,120,2,381,0,11,70,0,81,142,128,190,2,462,36,0,36,498
05/25/2022,PBI,FL,ASO,ES,Combined TRACON& Tower with Radar,137,124,127,2,390,0,4,67,1,72,137,128,194,3,462,0,0,0,462
05/26/2022,PBI,FL,ASO,ES,Combined TRACON& Tower with Radar,140,141,142,0,423,0,5,70,1,76,140,146,212,1,499,0,0,0,499
05/27/2022,PBI,FL,ASO,ES,Combined TRACON& Tower with Radar,134,139,161,0,434,0,4,59,0,63,134,143,220,0,497,0,0,0,497
05/28/2022,PBI,FL,ASO,ES,Combined TRACON& Tower with Radar,131,112,80,0,323,0,4,35,0,39,131,116,115,0,362,0,0,0,362
05/29/2022,PBI,FL,ASO,ES,Combined TRACON& Tower with Radar,153,84,81,0,318,1,1,21,0,23,154,85,102,0,341,0,0,0,341
05/30/2022,PBI,FL,ASO,ES,Combined TRACON& Tower with Radar,142,123,126,0,391,0,2,56,0,58,142,125,182,0,449,2,0,2,451
05/31/2022,PBI,FL,ASO,ES,Combined TRACON& Tower with Radar,135,129,144,0,408,0,3,51,0,54,135,132,195,0,462,0,0,0,462
06/01/2022,PBI,FL,ASO,ES,Combined TRACON& Tower with Radar,161,89,127,2,379,0,3,47,0,50,161,92,174,2,429,0,0,0,429
06/02/2022,PBI,FL,ASO,ES,Combined TRACON& Tower with Radar,120,119,126,0,365,0,4,81,1,86,120,123,207,1,451,18,0,18,469
06/03/2022,PBI,FL,ASO,ES,Combined TRACON& Tower with Radar,121,88,87,0,296,0,0,12,0,12,121,88,99,0,308,0,0,0,308
06/04/2022,PBI,FL,ASO,ES,Combined TRACON& Tower with Radar,95,49,35,0,179,0,0,6,0,6,95,49,41,0,185,0,0,0,185
06/05/2022,PBI,FL,ASO,ES,Combined TRACON& Tower with Radar,121,120,109,0,350,0,1,41,0,42,121,121,150,0,392,0,0,0,392
06/06/2022,PBI,FL,ASO,ES,Combined TRACON& Tower with Radar,120,106,87,0,313,0,6,53,0,59,120,112,140,0,372,0,0,0,372
06/07/2022,PBI,FL,ASO,ES,Combined TRACON& Tower with Radar,122,76,85,4,287,0,4,41,1,46,122,80,126,5,333,0,0,0,333
06/08/2022,PBI,FL,ASO,ES,Combined TRACON& Tower with Radar,123,96,106,3,328,0,12,52,4,68,123,108,158,7,396,0,0,0,396
06/09/2022,PBI,FL,ASO,ES,Combined TRACON& Tower with Radar,133,118,125,2,378,0,1,51,1,53,133,119,176,3,431,2,0,2,433
06/10/2022,PBI,FL,ASO,ES,Combined TRACON& Tower with Radar,120,97,121,3,341,0,3,56,5,64,120,100,177,8,405,20,0,20,425
06/11/2022,PBI,FL,ASO,ES,Combined TRACON& Tower with Radar,122,95,64,0,281,0,5,53,0,58,122,100,117,0,339,0,0,0,339
06/12/2022,PBI,FL,ASO,ES,Combined TRACON& Tower with Radar,107,85,99,0,291,0,4,44,6,54,107,89,143,6,345,0,0,0,345
06/13/2022,PBI,FL,ASO,ES,Combined TRACON& Tower with Radar,110,91,104,1,306,0,6,52,1,59,110,97,156,2,365,2,0,2,367
06/14/2022,PBI,FL,ASO,ES,Combined TRACON& Tower with Radar,114,52,95,0,261,0,7,55,1,63,114,59,150,1,324,0,0,0,324
06/15/2022,PBI,FL,ASO,ES,Combined TRACON& Tower with Radar,114,99,119,0,332,0,7,79,0,86,114,106,198,0,418,8,0,8,426
06/16/2022,PBI,FL,ASO,ES,Combined TRACON& Tower with Radar,102,101,96,0,299,0,15,55,0,70,102,116,151,0,369,4,0,4,373
06/17/2022,PBI,FL,ASO,ES,Combined TRACON& Tower with Radar,109,85,110,3,307,0,6,75,0,81,109,91,185,3,388,0,0,0,388
06/18/2022,PBI,FL,ASO,ES,Combined TRACON& Tower with Radar,117,62,60,0,239,0,4,38,2,44,117,66,98,2,283,0,0,0,283
06/19/2022,PBI,FL,ASO,ES,Combined TRACON& Tower with Radar,110,77,86,0,273,0,5,40,1,46,110,82,126,1,319,0,0,0,319
06/20/2022,PBI,FL,ASO,ES,Combined TRACON& Tower with Radar,111,96,102,0,309,0,3,54,4,61,111,99,156,4,370,0,0,0,370
06/21/2022,PBI,FL,ASO,ES,Combined TRACON& Tower with Radar,117,66,70,1,254,0,7,67,0,74,117,73,137,1,328,0,0,0,328
06/22/2022,PBI,FL,ASO,ES,Combined TRACON& Tower with Radar,97,48,77,0,222,0,9,58,0,67,97,57,135,0,289,0,0,0,289
06/23/2022,PBI,FL,ASO,ES,Combined TRACON& Tower with Radar,123,82,92,1,298,0,6,64,0,70,123,88,156,1,368,18,0,18,386
06/24/2022,PBI,FL,ASO,ES,Combined TRACON& Tower with Radar,111,70,79,1,261,0,4,70,0,74,111,74,149,1,335,42,0,42,377
06/25/2022,PBI,FL,ASO,ES,Combined TRACON& Tower with Radar,114,65,53,0,232,0,5,24,0,29,114,70,77,0,261,0,0,0,261
06/26/2022,PBI,FL,ASO,ES,Combined TRACON& Tower with Radar,101,73,70,0,244,0,1,37,0,38,101,74,107,0,282,0,0,0,282
06/27/2022,PBI,FL,ASO,ES,Combined TRACON& Tower with Radar,106,85,70,0,261,0,13,51,0,64,106,98,121,0,325,0,0,0,325
06/28/2022,PBI,FL,ASO,ES,Combined TRACON& Tower with Radar,113,57,78,0,248,0,8,54,0,62,113,65,132,0,310,0,0,0,310
06/29/2022,PBI,FL,ASO,ES,Combined TRACON& Tower with Radar,112,83,94,0,289,0,6,45,0,51,112,89,139,0,340,0,0,0,340
06/30/2022,PBI,FL,ASO,ES,Combined TRACON& Tower with Radar,123,88,97,0,308,0,1,61,2,64,123,89,158,2,372,0,0,0,372
07/01/2022,PBI,FL,ASO,ES,Combined TRACON& Tower with Radar,110,79,91,0,280,0,4,70,0,74,110,83,161,0,354,10,0,10,364
07/02/2022,PBI,FL,ASO,ES,Combined TRACON& Tower with Radar,109,57,53,0,219,0,6,30,1,37,109,63,83,1,256,22,0,22,278
07/03/2022,PBI,FL,ASO,ES,Combined TRACON& Tower with Radar,105,50,36,1,192,0,6,46,0,52,105,56,82,1,244,0,0,0,244
07/04/2022,PBI,FL,ASO,ES,Combined TRACON& Tower with Radar,101,40,43,0,184,0,2,46,0,48,101,42,89,0,232,0,0,0,232
07/05/2022,PBI,FL,ASO,ES,Combined TRACON& Tower with Radar,111,78,86,0,275,0,10,59,2,71,111,88,145,2,346,0,0,0,346
07/06/2022,PBI,FL,ASO,ES,Combined TRACON& Tower with Radar,108,68,73,0,249,0,4,54,2,60,108,72,127,2,309,0,0,0,309
07/07/2022,PBI,FL,ASO,ES,Combined TRACON& Tower with Radar,124,67,83,0,274,0,8,52,0,60,124,75,135,0,334,0,0,0,334
07/08/2022,PBI,FL,ASO,ES,Combined TRACON& Tower with Radar,118,69,83,0,270,0,3,69,0,72,118,72,152,0,342,38,0,38,380
07/09/2022,PBI,FL,ASO,ES,Combined TRACON& Tower with Radar,109,43,49,0,201,0,5,45,0,50,109,48,94,0,251,18,0,18,269
07/10/2022,PBI,FL,ASO,ES,Combined TRACON& Tower with Radar,113,67,77,0,257,0,5,34,0,39,113,72,111,0,296,0,0,0,296
07/11/2022,PBI,FL,ASO,ES,Combined TRACON& Tower with Radar,115,65,63,0,243,0,4,52,0,56,115,69,115,0,299,0,0,0,299
07/12/2022,PBI,FL,ASO,ES,Combined TRACON& Tower with Radar,111,73,67,0,251,0,0,50,0,50,111,73,117,0,301,0,0,0,301
07/13/2022,PBI,FL,ASO,ES,Combined TRACON& Tower with Radar,112,69,87,0,268,0,7,64,1,72,112,76,151,1,340,0,0,0,340
07/14/2022,PBI,FL,ASO,ES,Combined TRACON& Tower with Radar,120,83,105,0,308,0,5,52,4,61,120,88,157,4,369,4,0,4,373
07/15/2022,PBI,FL,ASO,ES,Combined TRACON& Tower with Radar,111,78,69,1,259,0,9,43,1,53,111,87,112,2,312,2,0,2,314
07/16/2022,PBI,FL,ASO,ES,Combined TRACON& Tower with Radar,106,57,40,0,203,0,2,27,1,30,106,59,67,1,233,0,0,0,233
07/17/2022,PBI,FL,ASO,ES,Combined TRACON& Tower with Radar,114,71,87,0,272,0,7,34,0,41,114,78,121,0,313,0,0,0,313
07/18/2022,PBI,FL,ASO,ES,Combined TRACON& Tower with Radar,105,69,81,0,255,0,7,46,0,53,105,76,127,0,308,0,0,0,308
07/19/2022,PBI,FL,ASO,ES,Combined TRACON& Tower with Radar,124,56,82,2,264,0,18,52,2,72,124,74,134,4,336,18,0,18,354
07/20/2022,PBI,FL,ASO,ES,Combined TRACON& Tower with Radar,114,75,92,1,282,0,15,53,3,71,114,90,145,4,353,2,0,2,355
07/21/2022,PBI,FL,ASO,ES,Combined TRACON& Tower with Radar,111,66,81,0,258,0,10,61,0,71,111,76,142,0,329,14,0,14,343
07/22/2022,PBI,FL,ASO,ES,Combined TRACON& Tower with Radar,119,68,69,1,257,0,3,36,0,39,119,71,105,1,296,0,0,0,296
07/23/2022,PBI,FL,ASO,ES,Combined TRACON& Tower with Radar,105,56,40,7,208,0,10,22,0,32,105,66,62,7,240,0,0,0,240
07/24/2022,PBI,FL,ASO,ES,Combined TRACON& Tower with Radar,115,68,79,1,263,0,1,46,0,47,115,69,125,1,310,0,0,0,310
07/25/2022,PBI,FL,ASO,ES,Combined TRACON& Tower with Radar,109,70,67,3,249,0,4,34,0,38,109,74,101,3,287,0,0,0,287
07/26/2022,PBI,FL,ASO,ES,Combined TRACON& Tower with Radar,125,76,77,0,278,0,6,38,0,44,125,82,115,0,322,0,0,0,322
07/27/2022,PBI,FL,ASO,ES,Combined TRACON& Tower with Radar,114,69,90,2,275,0,10,50,0,60,114,79,140,2,335,0,0,0,335
07/28/2022,PBI,FL,ASO,ES,Combined TRACON& Tower with Radar,114,61,80,0,255,0,5,66,0,71,114,66,146,0,326,0,0,0,326
07/29/2022,PBI,FL,ASO,ES,Combined TRACON& Tower with Radar,115,75,83,3,276,0,13,55,13,81,115,88,138,16,357,20,0,20,377
07/30/2022,PBI,FL,ASO,ES,Combined TRACON& Tower with Radar,110,68,49,0,227,0,2,35,1,38,110,70,84,1,265,0,0,0,265
07/31/2022,PBI,FL,ASO,ES,Combined TRACON& Tower with Radar,109,78,74,0,261,0,0,32,0,32,109,78,106,0,293,0,0,0,293
08/01/2022,PBI,FL,ASO,ES,Combined TRACON& Tower with Radar,113,79,101,0,293,0,8,35,2,45,113,87,136,2,338,4,0,4,342
08/02/2022,PBI,FL,ASO,ES,Combined TRACON& Tower with Radar,117,68,83,1,269,0,3,44,0,47,117,71,127,1,316,0,0,0,316
08/03/2022,PBI,FL,ASO,ES,Combined TRACON& Tower with Radar,116,52,90,0,258,0,1,47,0,48,116,53,137,0,306,0,0,0,306
08/04/2022,PBI,FL,ASO,ES,Combined TRACON& Tower with Radar,110,81,91,0,282,0,8,67,0,75,110,89,158,0,357,0,0,0,357
08/05/2022,PBI,FL,ASO,ES,Combined TRACON& Tower with Radar,93,73,74,0,240,0,4,41,1,46,93,77,115,1,286,0,0,0,286
08/06/2022,PBI,FL,ASO,ES,Combined TRACON& Tower with Radar,113,60,64,0,237,0,5,40,0,45,113,65,104,0,282,0,0,0,282
08/07/2022,PBI,FL,ASO,ES,Combined TRACON& Tower with Radar,106,74,83,0,263,0,1,29,0,30,106,75,112,0,293,0,0,0,293
08/08/2022,PBI,FL,ASO,ES,Combined TRACON& Tower with Radar,113,74,88,1,276,0,2,50,0,52,113,76,138,1,328,2,0,2,330
08/09/2022,PBI,FL,ASO,ES,Combined TRACON& Tower with Radar,108,63,62,0,233,0,3,51,0,54,108,66,113,0,287,0,0,0,287
08/10/2022,PBI,FL,ASO,ES,Combined TRACON& Tower with Radar,103,64,87,0,254,0,7,46,0,53,103,71,133,0,307,0,0,0,307
08/11/2022,PBI,FL,ASO,ES,Combined TRACON& Tower with Radar,120,68,93,0,281,0,8,68,2,78,120,76,161,2,359,18,0,18,377
08/12/2022,PBI,FL,ASO,ES,Combined TRACON& Tower with Radar,114,75,65,0,254,0,3,50,1,54,114,78,115,1,308,0,0,0,308
08/13/2022,PBI,FL,ASO,ES,Combined TRACON& Tower with Radar,114,62,47,0,223,0,3,20,0,23,114,65,67,0,246,0,0,0,246
08/14/2022,PBI,FL,ASO,ES,Combined TRACON& Tower with Radar,112,105,88,0,305,0,8,47,2,57,112,113,135,2,362,0,0,0,362
08/15/2022,PBI,FL,ASO,ES,Combined TRACON& Tower with Radar,105,74,73,1,253,0,6,39,3,48,105,80,112,4,301,10,0,10,311
08/16/2022,PBI,FL,ASO,ES,Combined TRACON& Tower with Radar,113,57,69,2,241,0,4,40,1,45,113,61,109,3,286,0,0,0,286
08/17/2022,PBI,FL,ASO,ES,Combined TRACON& Tower with Radar,99,73,74,0,246,0,7,43,5,55,99,80,117,5,301,8,0,8,309
08/18/2022,PBI,FL,ASO,ES,Combined TRACON& Tower with Radar,123,70,75,0,268,0,5,50,4,59,123,75,125,4,327,0,0,0,327
08/19/2022,PBI,FL,ASO,ES,Combined TRACON& Tower with Radar,120,91,79,1,291,0,7,53,0,60,120,98,132,1,351,2,0,2,353
08/20/2022,PBI,FL,ASO,ES,Combined TRACON& Tower with Radar,107,63,47,0,217,0,2,32,0,34,107,65,79,0,251,0,0,0,251
08/21/2022,PBI,FL,ASO,ES,Combined TRACON& Tower with Radar,104,101,76,0,281,0,5,39,2,46,104,106,115,2,327,0,0,0,327
08/22/2022,PBI,FL,ASO,ES,Combined TRACON& Tower with Radar,98,66,75,1,240,0,27,42,0,69,98,93,117,1,309,0,0,0,309
08/23/2022,PBI,FL,ASO,ES,Combined TRACON& Tower with Radar,101,64,58,2,225,0,14,49,1,64,101,78,107,3,289,13,0,13,302
08/24/2022,PBI,FL,ASO,ES,Combined TRACON& Tower with Radar,105,67,74,0,246,0,6,46,0,52,105,73,120,0,298,0,0,0,298
08/25/2022,PBI,FL,ASO,ES,Combined TRACON& Tower with Radar,112,80,82,0,274,0,5,55,0,60,112,85,137,0,334,0,0,0,334
08/26/2022,PBI,FL,ASO,ES,Combined TRACON& Tower with Radar,109,76,47,1,233,0,8,34,1,43,109,84,81,2,276,0,0,0,276
08/27/2022,PBI,FL,ASO,ES,Combined TRACON& Tower with Radar,115,44,48,0,207,0,4,31,2,37,115,48,79,2,244,0,0,0,244
08/28/2022,PBI,FL,ASO,ES,Combined TRACON& Tower with Radar,105,59,60,0,224,0,4,39,0,43,105,63,99,0,267,0,0,0,267
08/29/2022,PBI,FL,ASO,ES,Combined TRACON& Tower with Radar,106,66,74,0,246,0,5,35,2,42,106,71,109,2,288,0,0,0,288
08/30/2022,PBI,FL,ASO,ES,Combined TRACON& Tower with Radar,99,61,73,0,233,0,4,51,0,55,99,65,124,0,288,0,0,0,288
08/31/2022,PBI,FL,ASO,ES,Combined TRACON& Tower with Radar,112,75,88,0,275,0,2,55,0,57,112,77,143,0,332,0,0,0,332
09/01/2022,PBI,FL,ASO,ES,Combined TRACON& Tower with Radar,117,87,108,0,312,0,8,58,2,68,117,95,166,2,380,4,0,4,384
09/02/2022,PBI,FL,ASO,ES,Combined TRACON& Tower with Radar,116,71,100,0,287,0,6,46,2,54,116,77,146,2,341,2,0,2,343
09/03/2022,PBI,FL,ASO,ES,Combined TRACON& Tower with Radar,106,61,39,0,206,0,3,28,0,31,106,64,67,0,237,0,0,0,237
09/04/2022,PBI,FL,ASO,ES,Combined TRACON& Tower with Radar,108,64,51,0,223,0,1,31,0,32,108,65,82,0,255,0,0,0,255
09/05/2022,PBI,FL,ASO,ES,Combined TRACON& Tower with Radar,104,95,79,0,278,0,3,51,0,54,104,98,130,0,332,12,0,12,344
09/06/2022,PBI,FL,ASO,ES,Combined TRACON& Tower with Radar,113,93,74,0,280,0,9,41,4,54,113,102,115,4,334,0,0,0,334
09/07/2022,PBI,FL,ASO,ES,Combined TRACON& Tower with Radar,103,79,62,0,244,0,3,52,0,55,103,82,114,0,299,0,0,0,299
09/08/2022,PBI,FL,ASO,ES,Combined TRACON& Tower with Radar,118,76,77,0,271,0,6,32,2,40,118,82,109,2,311,0,0,0,311
09/09/2022,PBI,FL,ASO,ES,Combined TRACON& Tower with Radar,115,94,69,2,280,0,1,29,2,32,115,95,98,4,312,0,0,0,312
09/10/2022,PBI,FL,ASO,ES,Combined TRACON& Tower with Radar,105,64,27,0,196,0,5,38,3,46,105,69,65,3,242,0,0,0,242
09/11/2022,PBI,FL,ASO,ES,Combined TRACON& Tower with Radar,107,89,78,1,275,0,1,37,0,38,107,90,115,1,313,0,0,0,313
09/12/2022,PBI,FL,ASO,ES,Combined TRACON& Tower with Radar,113,86,91,0,290,0,6,52,4,62,113,92,143,4,352,0,0,0,352
09/13/2022,PBI,FL,ASO,ES,Combined TRACON& Tower with Radar,113,76,86,1,276,1,2,59,2,64,114,78,145,3,340,0,0,0,340
09/14/2022,PBI,FL,ASO,ES,Combined TRACON& Tower with Radar,118,77,92,0,287,1,4,47,1,53,119,81,139,1,340,0,0,0,340
09/15/2022,PBI,FL,ASO,ES,Combined TRACON& Tower with Radar,118,83,88,0,289,0,3,43,0,46,118,86,131,0,335,0,0,0,335
09/16/2022,PBI,FL,ASO,ES,Combined TRACON& Tower with Radar,111,96,72,0,279,0,11,32,3,46,111,107,104,3,325,0,0,0,325
09/17/2022,PBI,FL,ASO,ES,Combined TRACON& Tower with Radar,101,51,50,0,202,0,3,21,0,24,101,54,71,0,226,0,0,0,226
09/18/2022,PBI,FL,ASO,ES,Combined TRACON& Tower with Radar,107,89,70,0,266,0,1,31,0,32,107,90,101,0,298,0,0,0,298
09/19/2022,PBI,FL,ASO,ES,Combined TRACON& Tower with Radar,111,81,86,0,278,0,2,39,0,41,111,83,125,0,319,0,0,0,319
09/20/2022,PBI,FL,ASO,ES,Combined TRACON& Tower with Radar,102,84,63,0,249,0,8,45,0,53,102,92,108,0,302,0,0,0,302
09/21/2022,PBI,FL,ASO,ES,Combined TRACON& Tower with Radar,101,86,96,0,283,0,6,47,2,55,101,92,143,2,338,0,0,0,338
09/22/2022,PBI,FL,ASO,ES,Combined TRACON& Tower with Radar,114,113,99,0,326,0,7,47,2,56,114,120,146,2,382,0,0,0,382
09/23/2022,PBI,FL,ASO,ES,Combined TRACON& Tower with Radar,117,107,94,0,318,0,3,47,0,50,117,110,141,0,368,4,0,4,372
09/24/2022,PBI,FL,ASO,ES,Combined TRACON& Tower with Radar,97,72,38,0,207,0,2,23,2,27,97,74,61,2,234,0,0,0,234
09/25/2022,PBI,FL,ASO,ES,Combined TRACON& Tower with Radar,105,89,78,0,272,1,5,39,1,46,106,94,117,1,318,6,0,6,324
09/26/2022,PBI,FL,ASO,ES,Combined TRACON& Tower with Radar,111,104,81,0,296,0,8,26,2,36,111,112,107,2,332,0,0,0,332
09/27/2022,PBI,FL,ASO,ES,Combined TRACON& Tower with Radar,106,70,43,12,231,0,0,7,7,14,106,70,50,19,245,0,0,0,245
09/28/2022,PBI,FL,ASO,ES,Combined TRACON& Tower with Radar,72,12,11,2,97,0,0,2,3,5,72,12,13,5,102,0,0,0,102
09/29/2022,PBI,FL,ASO,ES,Combined TRACON& Tower with Radar,114,36,27,8,185,0,2,18,4,24,114,38,45,12,209,0,0,0,209
09/30/2022,PBI,FL,ASO,ES,Combined TRACON& Tower with Radar,120,108,75,4,307,0,7,37,6,50,120,115,112,10,357,0,0,0,357
10/01/2022,PBI,FL,ASO,ES,Combined TRACON& Tower with Radar,107,88,69,2,266,0,4,28,2,34,107,92,97,4,300,0,0,0,300
10/02/2022,PBI,FL,ASO,ES,Combined TRACON& Tower with Radar,115,109,53,1,278,0,3,39,1,43,115,112,92,2,321,0,0,0,321
10/03/2022,PBI,FL,ASO,ES,Combined TRACON& Tower with Radar,112,99,96,0,307,0,14,71,4,89,112,113,167,4,396,2,0,2,398
10/04/2022,PBI,FL,ASO,ES,Combined TRACON& Tower with Radar,107,84,90,0,281,0,18,59,2,79,107,102,149,2,360,0,0,0,360
10/05/2022,PBI,FL,ASO,ES,Combined TRACON& Tower with Radar,111,107,92,1,311,0,9,57,0,66,111,116,149,1,377,0,0,0,377
10/06/2022,PBI,FL,ASO,ES,Combined TRACON& Tower with Radar,133,130,95,0,358,0,7,69,2,78,133,137,164,2,436,0,0,0,436
10/07/2022,PBI,FL,ASO,ES,Combined TRACON& Tower with Radar,130,126,114,0,370,0,4,60,9,73,130,130,174,9,443,0,0,0,443
10/08/2022,PBI,FL,ASO,ES,Combined TRACON& Tower with Radar,115,93,85,0,293,0,7,23,3,33,115,100,108,3,326,0,0,0,326
10/09/2022,PBI,FL,ASO,ES,Combined TRACON& Tower with Radar,136,124,87,0,347,0,2,36,1,39,136,126,123,1,386,0,0,0,386
10/10/2022,PBI,FL,ASO,ES,Combined TRACON& Tower with Radar,121,115,103,0,339,0,5,42,5,52,121,120,145,5,391,0,0,0,391
10/11/2022,PBI,FL,ASO,ES,Combined TRACON& Tower with Radar,122,107,98,0,327,0,4,41,2,47,122,111,139,2,374,0,0,0,374
10/12/2022,PBI,FL,ASO,ES,Combined TRACON& Tower with Radar,118,134,120,0,372,0,3,60,2,65,118,137,180,2,437,0,0,0,437
10/13/2022,PBI,FL,ASO,ES,Combined TRACON& Tower with Radar,137,129,116,3,385,0,5,28,0,33,137,134,144,3,418,0,0,0,418
10/14/2022,PBI,FL,ASO,ES,Combined TRACON& Tower with Radar,125,126,116,2,369,0,4,46,2,52,125,130,162,4,421,0,0,0,421
10/15/2022,PBI,FL,ASO,ES,Combined TRACON& Tower with Radar,121,125,63,0,309,0,3,24,1,28,121,128,87,1,337,0,0,0,337
10/16/2022,PBI,FL,ASO,ES,Combined TRACON& Tower with Radar,132,129,124,0,385,0,6,47,2,55,132,135,171,2,440,0,0,0,440
10/17/2022,PBI,FL,ASO,ES,Combined TRACON& Tower with Radar,120,146,115,0,381,0,3,45,0,48,120,149,160,0,429,0,0,0,429
10/18/2022,PBI,FL,ASO,ES,Combined TRACON& Tower with Radar,126,123,113,0,362,0,6,41,0,47,126,129,154,0,409,0,0,0,409
10/19/2022,PBI,FL,ASO,ES,Combined TRACON& Tower with Radar,120,142,117,0,379,0,7,49,2,58,120,149,166,2,437,0,0,0,437
10/20/2022,PBI,FL,ASO,ES,Combined TRACON& Tower with Radar,136,173,130,0,439,0,7,42,4,53,136,180,172,4,492,0,0,0,492
10/21/2022,PBI,FL,ASO,ES,Combined TRACON& Tower with Radar,128,138,114,1,381,0,6,59,4,69,128,144,173,5,450,2,0,2,452
10/22/2022,PBI,FL,ASO,ES,Combined TRACON& Tower with Radar,119,103,54,1,277,0,7,34,2,43,119,110,88,3,320,0,0,0,320
10/23/2022,PBI,FL,ASO,ES,Combined TRACON& Tower with Radar,137,155,131,1,424,0,3,37,0,40,137,158,168,1,464,0,0,0,464
10/24/2022,PBI,FL,ASO,ES,Combined TRACON& Tower with Radar,123,131,138,1,393,0,8,57,0,65,123,139,195,1,458,0,0,0,458
10/25/2022,PBI,FL,ASO,ES,Combined TRACON& Tower with Radar,118,137,143,0,398,0,15,65,2,82,118,152,208,2,480,0,0,0,480
10/26/2022,PBI,FL,ASO,ES,Combined TRACON& Tower with Radar,121,153,154,4,432,0,11,67,2,80,121,164,221,6,512,0,0,0,512
10/27/2022,PBI,FL,ASO,ES,Combined TRACON& Tower with Radar,138,194,159,1,492,0,9,55,3,67,138,203,214,4,559,0,0,0,559
10/28/2022,PBI,FL,ASO,ES,Combined TRACON& Tower with Radar,125,148,131,0,404,0,4,73,2,79,125,152,204,2,483,0,0,0,483
10/29/2022,PBI,FL,ASO,ES,Combined TRACON& Tower with Radar,119,111,91,0,321,0,3,36,0,39,119,114,127,0,360,0,0,0,360
10/30/2022,PBI,FL,ASO,ES,Combined TRACON& Tower with Radar,145,142,141,0,428,0,1,61,0,62,145,143,202,0,490,0,0,0,490
10/31/2022,PBI,FL,ASO,ES,Combined TRACON& Tower with Radar,127,108,107,0,342,0,2,66,0,68,127,110,173,0,410,16,0,16,426
11/01/2022,PBI,FL,ASO,ES,Combined TRACON& Tower with Radar,142,185,142,3,472,0,2,48,1,51,142,187,190,4,523,0,0,0,523
11/02/2022,PBI,FL,ASO,ES,Combined TRACON& Tower with Radar,141,173,164,3,481,0,11,64,2,77,141,184,228,5,558,0,0,0,558
11/03/2022,PBI,FL,ASO,ES,Combined TRACON& Tower with Radar,160,176,158,2,496,0,7,46,0,53,160,183,204,2,549,0,0,0,549
11/04/2022,PBI,FL,ASO,ES,Combined TRACON& Tower with Radar,142,178,132,7,459,0,4,53,5,62,142,182,185,12,521,0,0,0,521
11/05/2022,PBI,FL,ASO,ES,Combined TRACON& Tower with Radar,147,131,94,0,372,0,6,26,1,33,147,137,120,1,405,0,0,0,405
11/06/2022,PBI,FL,ASO,ES,Combined TRACON& Tower with Radar,163,191,175,3,532,0,8,38,6,52,163,199,213,9,584,0,0,0,584
11/07/2022,PBI,FL,ASO,ES,Combined TRACON& Tower with Radar,155,168,126,1,450,0,8,55,1,64,155,176,181,2,514,0,0,0,514
11/08/2022,PBI,FL,ASO,ES,Combined TRACON& Tower with Radar,162,161,143,0,466,0,3,26,0,29,162,164,169,0,495,0,0,0,495
11/09/2022,PBI,FL,ASO,ES,Combined TRACON& Tower with Radar,27,10,19,0,56,0,0,3,0,3,27,10,22,0,59,0,0,0,59
11/10/2022,PBI,FL,ASO,ES,Combined TRACON& Tower with Radar,142,68,79,1,290,0,2,21,1,24,142,70,100,2,314,0,0,0,314
11/11/2022,PBI,FL,ASO,ES,Combined TRACON& Tower with Radar,162,200,166,0,528,0,16,65,0,81,162,216,231,0,609,0,0,0,609
11/12/2022,PBI,FL,ASO,ES,Combined TRACON& Tower with Radar,155,123,100,0,378,0,3,37,0,40,155,126,137,0,418,0,0,0,418
11/13/2022,PBI,FL,ASO,ES,Combined TRACON& Tower with Radar,166,156,177,0,499,0,0,41,0,41,166,156,218,0,540,0,0,0,540
11/14/2022,PBI,FL,ASO,ES,Combined TRACON& Tower with Radar,164,129,151,0,444,0,2,53,0,55,164,131,204,0,499,16,0,16,515
11/15/2022,PBI,FL,ASO,ES,Combined TRACON& Tower with Radar,164,125,124,2,415,0,10,62,0,72,164,135,186,2,487,0,0,0,487
11/16/2022,PBI,FL,ASO,ES,Combined TRACON& Tower with Radar,163,183,150,0,496,0,6,63,0,69,163,189,213,0,565,0,0,0,565
11/17/2022,PBI,FL,ASO,ES,Combined TRACON& Tower with Radar,178,199,166,0,543,0,4,47,0,51,178,203,213,0,594,0,0,0,594
11/18/2022,PBI,FL,ASO,ES,Combined TRACON& Tower with Radar,172,201,174,0,547,0,4,79,2,85,172,205,253,2,632,0,0,0,632
11/19/2022,PBI,FL,ASO,ES,Combined TRACON& Tower with Radar,161,174,159,0,494,0,12,63,0,75,161,186,222,0,569,0,0,0,569
11/20/2022,PBI,FL,ASO,ES,Combined TRACON& Tower with Radar,180,162,154,0,496,0,1,5,2,8,180,163,159,2,504,0,0,0,504
11/21/2022,PBI,FL,ASO,ES,Combined TRACON& Tower with Radar,174,190,141,0,505,0,3,52,0,55,174,193,193,0,560,0,0,0,560
11/22/2022,PBI,FL,ASO,ES,Combined TRACON& Tower with Radar,183,227,152,0,562,0,4,28,0,32,183,231,180,0,594,0,0,0,594
11/23/2022,PBI,FL,ASO,ES,Combined TRACON& Tower with Radar,190,161,146,0,497,0,10,36,0,46,190,171,182,0,543,0,0,0,543
11/24/2022,PBI,FL,ASO,ES,Combined TRACON& Tower with Radar,108,80,32,0,220,0,5,39,0,44,108,85,71,0,264,0,0,0,264
11/25/2022,PBI,FL,ASO,ES,Combined TRACON& Tower with Radar,158,152,118,0,428,0,4,64,0,68,158,156,182,0,496,0,0,0,496
11/26/2022,PBI,FL,ASO,ES,Combined TRACON& Tower with Radar,179,214,133,0,526,0,7,44,0,51,179,221,177,0,577,4,0,4,581
11/27/2022,PBI,FL,ASO,ES,Combined TRACON& Tower with Radar,169,228,234,0,631,0,7,42,0,49,169,235,276,0,680,0,0,0,680
11/28/2022,PBI,FL,ASO,ES,Combined TRACON& Tower with Radar,183,197,159,0,539,0,13,51,1,65,183,210,210,1,604,0,0,0,604
11/29/2022,PBI,FL,ASO,ES,Combined TRACON& Tower with Radar,167,183,147,0,497,0,7,65,0,72,167,190,212,0,569,6,0,6,575
11/30/2022,PBI,FL,ASO,ES,Combined TRACON& Tower with Radar,165,193,159,0,517,0,7,38,0,45,165,200,197,0,562,6,0,6,568
12/01/2022,PBI,FL,ASO,ES,Combined TRACON& Tower with Radar,173,215,169,0,557,0,9,52,2,63,173,224,221,2,620,0,0,0,620
12/02/2022,PBI,FL,ASO,ES,Combined TRACON& Tower with Radar,168,206,137,0,511,0,6,54,3,63,168,212,191,3,574,0,0,0,574
12/03/2022,PBI,FL,ASO,ES,Combined TRACON& Tower with Radar,147,128,92,1,368,0,3,30,0,33,147,131,122,1,401,0,0,0,401
12/04/2022,PBI,FL,ASO,ES,Combined TRACON& Tower with Radar,159,199,166,2,526,0,1,49,2,52,159,200,215,4,578,0,0,0,578
12/05/2022,PBI,FL,ASO,ES,Combined TRACON& Tower with Radar,166,158,140,1,465,0,1,51,2,54,166,159,191,3,519,0,0,0,519
12/06/2022,PBI,FL,ASO,ES,Combined TRACON& Tower with Radar,159,156,145,2,462,0,6,63,0,69,159,162,208,2,531,14,0,14,545
12/07/2022,PBI,FL,ASO,ES,Combined TRACON& Tower with Radar,158,170,142,4,474,0,7,64,1,72,158,177,206,5,546,0,0,0,546
12/08/2022,PBI,FL,ASO,ES,Combined TRACON& Tower with Radar,172,197,190,0,559,0,9,69,0,78,172,206,259,0,637,20,0,20,657
12/09/2022,PBI,FL,ASO,ES,Combined TRACON& Tower with Radar,171,159,146,8,484,0,2,52,5,59,171,161,198,13,543,0,0,0,543
12/10/2022,PBI,FL,ASO,ES,Combined TRACON& Tower with Radar,148,109,83,0,340,0,5,31,0,36,148,114,114,0,376,0,0,0,376
12/11/2022,PBI,FL,ASO,ES,Combined TRACON& Tower with Radar,159,189,159,2,509,1,3,53,0,57,160,192,212,2,566,0,0,0,566
12/12/2022,PBI,FL,ASO,ES,Combined TRACON& Tower with Radar,168,146,144,1,459,0,9,53,0,62,168,155,197,1,521,31,0,31,552
12/13/2022,PBI,FL,ASO,ES,Combined TRACON& Tower with Radar,169,148,140,0,457,0,5,48,0,53,169,153,188,0,510,0,0,0,510
12/14/2022,PBI,FL,ASO,ES,Combined TRACON& Tower with Radar,162,161,144,1,468,0,4,43,5,52,162,165,187,6,520,51,0,51,571
12/15/2022,PBI,FL,ASO,ES,Combined TRACON& Tower with Radar,179,192,138,0,509,0,1,47,0,48,179,193,185,0,557,0,0,0,557
12/16/2022,PBI,FL,ASO,ES,Combined TRACON& Tower with Radar,189,179,180,1,549,0,7,46,0,53,189,186,226,1,602,0,0,0,602
12/17/2022,PBI,FL,ASO,ES,Combined TRACON& Tower with Radar,177,205,141,0,523,0,4,12,1,17,177,209,153,1,540,0,0,0,540
12/18/2022,PBI,FL,ASO,ES,Combined TRACON& Tower with Radar,179,214,156,1,550,0,3,47,0,50,179,217,203,1,600,14,0,14,614
12/19/2022,PBI,FL,ASO,ES,Combined TRACON& Tower with Radar,177,181,120,0,478,0,5,75,2,82,177,186,195,2,560,20,0,20,580
12/20/2022,PBI,FL,ASO,ES,Combined TRACON& Tower with Radar,180,146,115,4,445,0,6,55,1,62,180,152,170,5,507,0,0,0,507
12/21/2022,PBI,FL,ASO,ES,Combined TRACON& Tower with Radar,191,209,134,2,536,0,4,54,0,58,191,213,188,2,594,0,0,0,594
12/22/2022,PBI,FL,ASO,ES,Combined TRACON& Tower with Radar,200,195,150,0,545,0,3,55,0,58,200,198,205,0,603,0,0,0,603
12/23/2022,PBI,FL,ASO,ES,Combined TRACON& Tower with Radar,190,162,96,2,450,0,11,40,0,51,190,173,136,2,501,0,0,0,501
12/24/2022,PBI,FL,ASO,ES,Combined TRACON& Tower with Radar,151,123,75,0,349,0,4,25,2,31,151,127,100,2,380,0,0,0,380
12/25/2022,PBI,FL,ASO,ES,Combined TRACON& Tower with Radar,139,159,83,0,381,0,3,17,0,20,139,162,100,0,401,0,0,0,401
12/26/2022,PBI,FL,ASO,ES,Combined TRACON& Tower with Radar,177,279,210,0,666,0,9,49,2,60,177,288,259,2,726,0,0,0,726
12/27/2022,PBI,FL,ASO,ES,Combined TRACON& Tower with Radar,195,230,230,0,655,0,13,43,0,56,195,243,273,0,711,0,0,0,711
12/28/2022,PBI,FL,ASO,ES,Combined TRACON& Tower with Radar,190,252,170,2,614,0,18,62,2,82,190,270,232,4,696,0,0,0,696
12/29/2022,PBI,FL,ASO,ES,Combined TRACON& Tower with Radar,209,226,143,1,579,0,3,44,1,48,209,229,187,2,627,0,0,0,627
12/30/2022,PBI,FL,ASO,ES,Combined TRACON& Tower with Radar,214,178,163,0,555,0,5,51,0,56,214,183,214,0,611,0,0,0,611
12/31/2022,PBI,FL,ASO,ES,Combined TRACON& Tower with Radar,170,151,66,0,387,0,2,34,0,36,170,153,100,0,423,0,0,0,423
01/01/2023,PBI,FL,ASO,ES,Combined TRACON& Tower with Radar,183,209,145,0,537,0,8,43,0,51,183,217,188,0,588,2,0,2,590
01/02/2023,PBI,FL,ASO,ES,Combined TRACON& Tower with Radar,191,239,244,0,674,0,13,101,3,117,191,252,345,3,791,0,0,0,791
01/03/2023,PBI,FL,ASO,ES,Combined TRACON& Tower with Radar,179,217,180,0,576,0,12,57,1,70,179,229,237,1,646,0,0,0,646
01/04/2023,PBI,FL,ASO,ES,Combined TRACON& Tower with Radar,169,176,157,0,502,0,13,62,0,75,169,189,219,0,577,0,0,0,577
01/05/2023,PBI,FL,ASO,ES,Combined TRACON& Tower with Radar,174,162,180,1,517,0,1,52,0,53,174,163,232,1,570,0,0,0,570
01/06/2023,PBI,FL,ASO,ES,Combined TRACON& Tower with Radar,182,193,175,3,553,0,10,70,1,81,182,203,245,4,634,0,0,0,634
01/07/2023,PBI,FL,ASO,ES,Combined TRACON& Tower with Radar,180,153,124,0,457,0,7,47,0,54,180,160,171,0,511,0,0,0,511
01/08/2023,PBI,FL,ASO,ES,Combined TRACON& Tower with Radar,185,226,183,0,594,0,7,41,0,48,185,233,224,0,642,4,0,4,646
01/09/2023,PBI,FL,ASO,ES,Combined TRACON& Tower with Radar,175,130,111,0,416,0,7,57,0,64,175,137,168,0,480,0,0,0,480
01/10/2023,PBI,FL,ASO,ES,Combined TRACON& Tower with Radar,165,156,141,0,462,0,4,41,0,45,165,160,182,0,507,0,0,0,507
01/11/2023,PBI,FL,ASO,ES,Combined TRACON& Tower with Radar,153,180,127,0,460,0,17,54,0,71,153,197,181,0,531,15,0,15,546
01/12/2023,PBI,FL,ASO,ES,Combined TRACON& Tower with Radar,184,240,191,0,615,0,5,61,0,66,184,245,252,0,681,0,0,0,681
01/13/2023,PBI,FL,ASO,ES,Combined TRACON& Tower with Radar,189,213,151,0,553,0,7,47,3,57,189,220,198,3,610,0,0,0,610
01/14/2023,PBI,FL,ASO,ES,Combined TRACON& Tower with Radar,166,165,120,0,451,0,6,40,2,48,166,171,160,2,499,0,0,0,499
01/15/2023,PBI,FL,ASO,ES,Combined TRACON& Tower with Radar,178,167,153,0,498,0,1,46,0,47,178,168,199,0,545,0,0,0,545
01/16/2023,PBI,FL,ASO,ES,Combined TRACON& Tower with Radar,167,206,170,0,543,0,12,67,0,79,167,218,237,0,622,0,0,0,622
01/17/2023,PBI,FL,ASO,ES,Combined TRACON& Tower with Radar,168,152,128,0,448,0,16,84,0,100,168,168,212,0,548,0,0,0,548
01/18/2023,PBI,FL,ASO,ES,Combined TRACON& Tower with Radar,166,186,158,0,510,0,8,69,10,87,166,194,227,10,597,0,0,0,597
01/19/2023,PBI,FL,ASO,ES,Combined TRACON& Tower with Radar,187,193,158,0,538,0,8,74,5,87,187,201,232,5,625,0,0,0,625
01/20/2023,PBI,FL,ASO,ES,Combined TRACON& Tower with Radar,187,180,169,0,536,0,17,76,0,93,187,197,245,0,629,0,0,0,629
01/21/2023,PBI,FL,ASO,ES,Combined TRACON& Tower with Radar,173,149,124,1,447,0,3,43,0,46,173,152,167,1,493,0,0,0,493
01/22/2023,PBI,FL,ASO,ES,Combined TRACON& Tower with Radar,179,208,144,1,532,0,5,27,0,32,179,213,171,1,564,0,0,0,564
01/23/2023,PBI,FL,ASO,ES,Combined TRACON& Tower with Radar,167,153,143,0,463,0,8,52,4,64,167,161,195,4,527,0,0,0,527
01/24/2023,PBI,FL,ASO,ES,Combined TRACON& Tower with Radar,167,136,138,0,441,0,4,56,2,62,167,140,194,2,503,0,0,0,503
01/25/2023,PBI,FL,ASO,ES,Combined TRACON& Tower with Radar,162,176,143,1,482,0,5,54,0,59,162,181,197,1,541,0,0,0,541
01/26/2023,PBI,FL,ASO,ES,Combined TRACON& Tower with Radar,183,201,175,0,559,0,5,54,0,59,183,206,229,0,618,0,0,0,618
01/27/2023,PBI,FL,ASO,ES,Combined TRACON& Tower with Radar,187,181,176,0,544,0,6,57,0,63,187,187,233,0,607,0,0,0,607
01/28/2023,PBI,FL,ASO,ES,Combined TRACON& Tower with Radar,171,146,108,2,427,0,0,29,0,29,171,146,137,2,456,0,0,0,456
01/29/2023,PBI,FL,ASO,ES,Combined TRACON& Tower with Radar,181,232,189,0,602,0,2,64,0,66,181,234,253,0,668,0,0,0,668
01/30/2023,PBI,FL,ASO,ES,Combined TRACON& Tower with Radar,170,202,149,1,522,0,12,64,1,77,170,214,213,2,599,4,0,4,603
01/31/2023,PBI,FL,ASO,ES,Combined TRACON& Tower with Radar,157,143,129,0,429,0,9,62,2,73,157,152,191,2,502,0,0,0,502
02/01/2023,PBI,FL,ASO,ES,Combined TRACON& Tower with Radar,159,180,163,0,502,0,11,72,1,84,159,191,235,1,586,0,0,0,586
02/02/2023,PBI,FL,ASO,ES,Combined TRACON& Tower with Radar,183,225,170,0,578,0,12,35,4,51,183,237,205,4,629,0,0,0,629
02/03/2023,PBI,FL,ASO,ES,Combined TRACON& Tower with Radar,186,182,170,1,539,2,6,35,2,45,188,188,205,3,584,0,0,0,584
02/04/2023,PBI,FL,ASO,ES,Combined TRACON& Tower with Radar,176,138,101,0,415,0,3,12,0,15,176,141,113,0,430,0,0,0,430
02/05/2023,PBI,FL,ASO,ES,Combined TRACON& Tower with Radar,194,221,170,2,587,0,2,30,2,34,194,223,200,4,621,0,0,0,621
02/06/2023,PBI,FL,ASO,ES,Combined TRACON& Tower with Radar,180,163,175,3,521,0,16,54,0,70,180,179,229,3,591,0,0,0,591
02/07/2023,PBI,FL,ASO,ES,Combined TRACON& Tower with Radar,164,163,146,0,473,0,8,62,0,70,164,171,208,0,543,0,0,0,543
02/08/2023,PBI,FL,ASO,ES,Combined TRACON& Tower with Radar,164,204,168,0,536,0,8,62,0,70,164,212,230,0,606,4,0,4,610
02/09/2023,PBI,FL,ASO,ES,Combined TRACON& Tower with Radar,187,246,198,0,631,1,11,73,1,86,188,257,271,1,717,0,0,0,717
02/10/2023,PBI,FL,ASO,ES,Combined TRACON& Tower with Radar,187,202,189,2,580,0,6,62,0,68,187,208,251,2,648,0,0,0,648
02/11/2023,PBI,FL,ASO,ES,Combined TRACON& Tower with Radar,179,167,125,1,472,0,5,45,0,50,179,172,170,1,522,0,0,0,522
02/12/2023,PBI,FL,ASO,ES,Combined TRACON& Tower with Radar,187,202,174,0,563,0,2,56,0,58,187,204,230,0,621,0,0,0,621
02/13/2023,PBI,FL,ASO,ES,Combined TRACON& Tower with Radar,175,174,179,0,528,0,8,50,2,60,175,182,229,2,588,0,0,0,588
02/14/2023,PBI,FL,ASO,ES,Combined TRACON& Tower with Radar,168,174,119,0,461,0,11,64,0,75,168,185,183,0,536,0,0,0,536
02/15/2023,PBI,FL,ASO,ES,Combined TRACON& Tower with Radar,170,245,168,0,583,0,7,82,0,89,170,252,250,0,672,0,0,0,672
02/16/2023,PBI,FL,ASO,ES,Combined TRACON& Tower with Radar,198,289,224,2,713,0,6,85,2,93,198,295,309,4,806,0,0,0,806
02/17/2023,PBI,FL,ASO,ES,Combined TRACON& Tower with Radar,198,250,220,1,669,0,10,63,1,74,198,260,283,2,743,0,0,0,743
02/18/2023,PBI,FL,ASO,ES,Combined TRACON& Tower with Radar,202,180,132,1,515,0,3,23,1,27,202,183,155,2,542,0,0,0,542
02/19/2023,PBI,FL,ASO,ES,Combined TRACON& Tower with Radar,196,215,191,0,602,0,5,53,0,58,196,220,244,0,660,0,0,0,660
02/20/2023,PBI,FL,ASO,ES,Combined TRACON& Tower with Radar,194,260,223,3,680,0,16,70,0,86,194,276,293,3,766,0,0,0,766
02/21/2023,PBI,FL,ASO,ES,Combined TRACON& Tower with Radar,187,241,169,2,599,0,7,68,0,75,187,248,237,2,674,0,0,0,674
02/22/2023,PBI,FL,ASO,ES,Combined TRACON& Tower with Radar,185,206,174,2,567,0,3,57,3,63,185,209,231,5,630,0,0,0,630
02/23/2023,PBI,FL,ASO,ES,Combined TRACON& Tower with Radar,197,215,183,1,596,0,11,52,2,65,197,226,235,3,661,0,0,0,661
02/24/2023,PBI,FL,ASO,ES,Combined TRACON& Tower with Radar,200,227,206,2,635,0,12,80,0,92,200,239,286,2,727,0,0,0,727
02/25/2023,PBI,FL,ASO,ES,Combined TRACON& Tower with Radar,197,159,135,0,491,0,4,42,2,48,197,163,177,2,539,0,0,0,539
02/26/2023,PBI,FL,ASO,ES,Combined TRACON& Tower with Radar,195,246,220,3,664,0,8,57,2,67,195,254,277,5,731,0,0,0,731
02/27/2023,PBI,FL,ASO,ES,Combined TRACON& Tower with Radar,192,197,164,6,559,0,3,64,4,71,192,200,228,10,630,0,0,0,630
02/28/2023,PBI,FL,ASO,ES,Combined TRACON& Tower with Radar,184,183,130,16,513,0,6,59,4,69,184,189,189,20,582,0,0,0,582
03/01/2023,PBI,FL,ASO,ES,Combined TRACON& Tower with Radar,190,196,159,8,553,0,8,43,3,54,190,204,202,11,607,0,0,0,607
03/02/2023,PBI,FL,ASO,ES,Combined TRACON& Tower with Radar,200,195,203,8,606,0,12,51,2,65,200,207,254,10,671,0,0,0,671
03/03/2023,PBI,FL,ASO,ES,Combined TRACON& Tower with Radar,202,192,152,8,554,0,3,65,1,69,202,195,217,9,623,0,0,0,623
03/04/2023,PBI,FL,ASO,ES,Combined TRACON& Tower with Radar,193,180,139,1,513,0,10,44,0,54,193,190,183,1,567,0,0,0,567
03/05/2023,PBI,FL,ASO,ES,Combined TRACON& Tower with Radar,208,242,213,3,666,0,13,71,0,84,208,255,284,3,750,0,0,0,750
03/06/2023,PBI,FL,ASO,ES,Combined TRACON& Tower with Radar,201,182,169,0,552,0,6,54,1,61,201,188,223,1,613,0,0,0,613
03/07/2023,PBI,FL,ASO,ES,Combined TRACON& Tower with Radar,182,180,154,0,516,0,9,56,3,68,182,189,210,3,584,0,0,0,584
03/08/2023,PBI,FL,ASO,ES,Combined TRACON& Tower with Radar,191,215,155,0,561,0,18,69,1,88,191,233,224,1,649,4,0,4,653
03/09/2023,PBI,FL,ASO,ES,Combined TRACON& Tower with Radar,211,243,161,2,617,0,8,57,1,66,211,251,218,3,683,0,0,0,683
03/10/2023,PBI,FL,ASO,ES,Combined TRACON& Tower with Radar,203,212,175,0,590,0,10,65,6,81,203,222,240,6,671,0,0,0,671
03/11/2023,PBI,FL,ASO,ES,Combined TRACON& Tower with Radar,208,185,162,0,555,0,7,51,2,60,208,192,213,2,615,0,0,0,615
03/12/2023,PBI,FL,ASO,ES,Combined TRACON& Tower with Radar,203,219,175,3,600,0,11,60,0,71,203,230,235,3,671,0,0,0,671
03/13/2023,PBI,FL,ASO,ES,Combined TRACON& Tower with Radar,203,195,122,0,520,0,9,56,0,65,203,204,178,0,585,0,0,0,585
03/14/2023,PBI,FL,ASO,ES,Combined TRACON& Tower with Radar,185,134,138,4,461,0,6,45,0,51,185,140,183,4,512,0,0,0,512
03/15/2023,PBI,FL,ASO,ES,Combined TRACON& Tower with Radar,194,171,156,0,521,0,6,54,0,60,194,177,210,0,581,0,0,0,581
03/16/2023,PBI,FL,ASO,ES,Combined TRACON& Tower with Radar,211,229,186,1,627,0,7,65,0,72,211,236,251,1,699,0,0,0,699
03/17/2023,PBI,FL,ASO,ES,Combined TRACON& Tower with Radar,208,207,187,0,602,0,10,79,0,89,208,217,266,0,691,0,0,0,691
03/18/2023,PBI,FL,ASO,ES,Combined TRACON& Tower with Radar,215,230,145,0,590,0,12,67,2,81,215,242,212,2,671,0,0,0,671
03/19/2023,PBI,FL,ASO,ES,Combined TRACON& Tower with Radar,205,260,206,0,671,0,18,28,0,46,205,278,234,0,717,0,0,0,717
03/20/2023,PBI,FL,ASO,ES,Combined TRACON& Tower with Radar,207,183,128,2,520,0,8,33,0,41,207,191,161,2,561,0,0,0,561
03/21/2023,PBI,FL,ASO,ES,Combined TRACON& Tower with Radar,193,176,147,0,516,0,8,69,2,79,193,184,216,2,595,0,0,0,595
03/22/2023,PBI,FL,ASO,ES,Combined TRACON& Tower with Radar,195,208,149,1,553,0,7,70,0,77,195,215,219,1,630,0,0,0,630
03/23/2023,PBI,FL,ASO,ES,Combined TRACON& Tower with Radar,209,194,225,1,629,0,1,77,1,79,209,195,302,2,708,0,0,0,708
03/24/2023,PBI,FL,ASO,ES,Combined TRACON& Tower with Radar,206,218,205,0,629,0,14,63,5,82,206,232,268,5,711,0,0,0,711
03/25/2023,PBI,FL,ASO,ES,Combined TRACON& Tower with Radar,207,199,177,1,584,0,4,40,0,44,207,203,217,1,628,0,0,0,628
03/26/2023,PBI,FL,ASO,ES,Combined TRACON& Tower with Radar,205,247,217,0,669,0,17,66,1,84,205,264,283,1,753,0,0,0,753
03/27/2023,PBI,FL,ASO,ES,Combined TRACON& Tower with Radar,199,200,182,1,582,0,16,60,1,77,199,216,242,2,659,0,0,0,659
03/28/2023,PBI,FL,ASO,ES,Combined TRACON& Tower with Radar,197,163,143,2,505,0,5,53,1,59,197,168,196,3,564,0,0,0,564
03/29/2023,PBI,FL,ASO,ES,Combined TRACON& Tower with Radar,204,174,149,1,528,1,0,48,1,50,205,174,197,2,578,0,0,0,578
03/30/2023,PBI,FL,ASO,ES,Combined TRACON& Tower with Radar,207,188,177,1,573,0,7,75,1,83,207,195,252,2,656,0,0,0,656
03/31/2023,PBI,FL,ASO,ES,Combined TRACON& Tower with Radar,205,205,174,0,584,0,12,87,2,101,205,217,261,2,685,0,0,0,685
04/01/2023,PBI,FL,ASO,ES,Combined TRACON& Tower with Radar,188,207,135,0,530,0,11,59,0,70,188,218,194,0,600,0,0,0,600
04/02/2023,PBI,FL,ASO,ES,Combined TRACON& Tower with Radar,204,233,210,1,648,0,8,57,0,65,204,241,267,1,713,0,0,0,713
04/03/2023,PBI,FL,ASO,ES,Combined TRACON& Tower with Radar,205,172,143,2,522,0,9,54,0,63,205,181,197,2,585,0,0,0,585
04/04/2023,PBI,FL,ASO,ES,Combined TRACON& Tower with Radar,187,155,157,2,501,0,11,46,1,58,187,166,203,3,559,0,0,0,559
04/05/2023,PBI,FL,ASO,ES,Combined TRACON& Tower with Radar,194,182,155,2,533,0,16,84,0,100,194,198,239,2,633,0,0,0,633
04/06/2023,PBI,FL,ASO,ES,Combined TRACON& Tower with Radar,210,239,183,0,632,0,11,63,0,74,210,250,246,0,706,0,0,0,706
04/07/2023,PBI,FL,ASO,ES,Combined TRACON& Tower with Radar,197,205,149,2,553,0,10,78,1,89,197,215,227,3,642,0,0,0,642
04/08/2023,PBI,FL,ASO,ES,Combined TRACON& Tower with Radar,204,170,116,1,491,0,3,28,0,31,204,173,144,1,522,0,0,0,522
04/09/2023,PBI,FL,ASO,ES,Combined TRACON& Tower with Radar,224,214,133,1,572,1,6,37,0,44,225,220,170,1,616,0,0,0,616
04/10/2023,PBI,FL,ASO,ES,Combined TRACON& Tower with Radar,210,226,187,0,623,0,4,35,0,39,210,230,222,0,662,0,0,0,662
04/11/2023,PBI,FL,ASO,ES,Combined TRACON& Tower with Radar,196,178,152,0,526,0,3,25,5,33,196,181,177,5,559,0,0,0,559
04/12/2023,PBI,FL,ASO,ES,Combined TRACON& Tower with Radar,204,160,153,5,522,0,4,19,1,24,204,164,172,6,546,0,0,0,546
04/13/2023,PBI,FL,ASO,ES,Combined TRACON& Tower with Radar,223,210,148,0,581,0,0,55,4,59,223,210,203,4,640,0,0,0,640
04/14/2023,PBI,FL,ASO,ES,Combined TRACON& Tower with Radar,214,233,174,0,621,1,7,87,3,98,215,240,261,3,719,0,0,0,719
04/15/2023,PBI,FL,ASO,ES,Combined TRACON& Tower with Radar,190,176,101,0,467,0,13,53,0,66,190,189,154,0,533,0,0,0,533
04/16/2023,PBI,FL,ASO,ES,Combined TRACON& Tower with Radar,163,213,190,0,566,0,1,38,0,39,163,214,228,0,605,0,0,0,605
04/17/2023,PBI,FL,ASO,ES,Combined TRACON& Tower with Radar,210,197,154,0,561,0,9,36,2,47,210,206,190,2,608,0,0,0,608
04/18/2023,PBI,FL,ASO,ES,Combined TRACON& Tower with Radar,208,160,126,2,496,0,16,58,1,75,208,176,184,3,571,0,0,0,571
04/19/2023,PBI,FL,ASO,ES,Combined TRACON& Tower with Radar,186,182,136,3,507,0,7,64,6,77,186,189,200,9,584,0,0,0,584
04/20/2023,PBI,FL,ASO,ES,Combined TRACON& Tower with Radar,202,179,144,0,525,0,6,74,0,80,202,185,218,0,605,0,0,0,605
04/21/2023,PBI,FL,ASO,ES,Combined TRACON& Tower with Radar,204,162,135,2,503,0,11,64,0,75,204,173,199,2,578,0,0,0,578
04/22/2023,PBI,FL,ASO,ES,Combined TRACON& Tower with Radar,182,122,94,2,400,0,10,33,0,43,182,132,127,2,443,0,0,0,443
04/23/2023,PBI,FL,ASO,ES,Combined TRACON& Tower with Radar,199,196,165,2,562,0,6,50,0,56,199,202,215,2,618,0,0,0,618
04/24/2023,PBI,FL,ASO,ES,Combined TRACON& Tower with Radar,193,176,138,0,507,0,9,34,0,43,193,185,172,0,550,0,0,0,550
04/25/2023,PBI,FL,ASO,ES,Combined TRACON& Tower with Radar,185,156,119,0,460,0,3,42,0,45,185,159,161,0,505,0,0,0,505
04/26/2023,PBI,FL,ASO,ES,Combined TRACON& Tower with Radar,186,163,128,0,477,0,7,69,0,76,186,170,197,0,553,0,0,0,553
04/27/2023,PBI,FL,ASO,ES,Combined TRACON& Tower with Radar,186,140,149,3,478,0,8,75,0,83,186,148,224,3,561,0,0,0,561
04/28/2023,PBI,FL,ASO,ES,Combined TRACON& Tower with Radar,203,157,125,5,490,0,4,47,3,54,203,161,172,8,544,0,0,0,544
04/29/2023,PBI,FL,ASO,ES,Combined TRACON& Tower with Radar,178,132,96,0,406,0,6,41,1,48,178,138,137,1,454,0,0,0,454
04/30/2023,PBI,FL,ASO,ES,Combined TRACON& Tower with Radar,179,185,128,0,492,0,3,22,0,25,179,188,150,0,517,0,0,0,517
05/01/2023,PBI,FL,ASO,ES,Combined TRACON& Tower with Radar,197,173,130,0,500,0,14,80,0,94,197,187,210,0,594,31,0,31,625
05/02/2023,PBI,FL,ASO,ES,Combined TRACON& Tower with Radar,178,119,120,0,417,0,4,61,2,67,178,123,181,2,484,0,0,0,484
05/03/2023,PBI,FL,ASO,ES,Combined TRACON& Tower with Radar,180,189,161,0,530,0,8,74,0,82,180,197,235,0,612,0,0,0,612
05/04/2023,PBI,FL,ASO,ES,Combined TRACON& Tower with Radar,192,191,159,1,543,0,5,87,0,92,192,196,246,1,635,0,0,0,635
05/05/2023,PBI,FL,ASO,ES,Combined TRACON& Tower with Radar,170,170,135,7,482,0,12,77,4,93,170,182,212,11,575,0,0,0,575
05/06/2023,PBI,FL,ASO,ES,Combined TRACON& Tower with Radar,147,109,95,0,351,0,5,43,2,50,147,114,138,2,401,0,0,0,401
05/07/2023,PBI,FL,ASO,ES,Combined TRACON& Tower with Radar,154,175,159,3,491,0,1,56,0,57,154,176,215,3,548,0,0,0,548
05/08/2023,PBI,FL,ASO,ES,Combined TRACON& Tower with Radar,160,169,128,3,460,0,3,71,1,75,160,172,199,4,535,0,0,0,535
05/09/2023,PBI,FL,ASO,ES,Combined TRACON& Tower with Radar,149,146,132,4,431,0,16,47,2,65,149,162,179,6,496,0,0,0,496
05/10/2023,PBI,FL,ASO,ES,Combined TRACON& Tower with Radar,152,162,128,0,442,0,15,70,0,85,152,177,198,0,527,38,0,38,565
05/11/2023,PBI,FL,ASO,ES,Combined TRACON& Tower with Radar,156,149,152,0,457,0,5,64,0,69,156,154,216,0,526,10,0,10,536
05/12/2023,PBI,FL,ASO,ES,Combined TRACON& Tower with Radar,158,154,118,4,434,0,2,73,2,77,158,156,191,6,511,0,0,0,511
05/13/2023,PBI,FL,ASO,ES,Combined TRACON& Tower with Radar,144,117,84,3,348,0,4,54,2,60,144,121,138,5,408,6,0,6,414
05/14/2023,PBI,FL,ASO,ES,Combined TRACON& Tower with Radar,152,150,111,1,414,0,5,43,0,48,152,155,154,1,462,0,0,0,462
05/15/2023,PBI,FL,ASO,ES,Combined TRACON& Tower with Radar,154,158,98,1,411,0,6,55,2,63,154,164,153,3,474,2,0,2,476
05/16/2023,PBI,FL,ASO,ES,Combined TRACON& Tower with Radar,149,136,136,0,421,0,5,49,3,57,149,141,185,3,478,0,0,0,478
05/17/2023,PBI,FL,ASO,ES,Combined TRACON& Tower with Radar,152,155,136,1,444,1,1,59,3,64,153,156,195,4,508,0,0,0,508
05/18/2023,PBI,FL,ASO,ES,Combined TRACON& Tower with Radar,159,146,121,0,426,0,10,52,2,64,159,156,173,2,490,0,0,0,490
05/19/2023,PBI,FL,ASO,ES,Combined TRACON& Tower with Radar,160,138,122,0,420,0,9,57,6,72,160,147,179,6,492,0,0,0,492
05/20/2023,PBI,FL,ASO,ES,Combined TRACON& Tower with Radar,143,108,89,1,341,0,2,34,0,36,143,110,123,1,377,0,0,0,377
05/21/2023,PBI,FL,ASO,ES,Combined TRACON& Tower with Radar,157,143,111,1,412,0,3,45,1,49,157,146,156,2,461,4,0,4,465
05/22/2023,PBI,FL,ASO,ES,Combined TRACON& Tower with Radar,152,154,115,1,422,1,2,65,1,69,153,156,180,2,491,0,0,0,491
05/23/2023,PBI,FL,ASO,ES,Combined TRACON& Tower with Radar,147,117,117,1,382,0,9,42,5,56,147,126,159,6,438,0,0,0,438
05/24/2023,PBI,FL,ASO,ES,Combined TRACON& Tower with Radar,143,146,110,0,399,0,9,45,3,57,143,155,155,3,456,0,0,0,456
05/25/2023,PBI,FL,ASO,ES,Combined TRACON& Tower with Radar,158,167,111,0,436,0,8,70,0,78,158,175,181,0,514,0,0,0,514
05/26/2023,PBI,FL,ASO,ES,Combined TRACON& Tower with Radar,157,139,130,0,426,0,7,51,4,62,157,146,181,4,488,0,0,0,488
05/27/2023,PBI,FL,ASO,ES,Combined TRACON& Tower with Radar,136,117,58,0,311,0,7,40,3,50,136,124,98,3,361,0,0,0,361
05/28/2023,PBI,FL,ASO,ES,Combined TRACON& Tower with Radar,145,96,56,0,297,0,2,53,2,57,145,98,109,2,354,0,0,0,354
05/29/2023,PBI,FL,ASO,ES,Combined TRACON& Tower with Radar,143,138,111,0,392,0,5,74,11,90,143,143,185,11,482,0,0,0,482
05/30/2023,PBI,FL,ASO,ES,Combined TRACON& Tower with Radar,150,126,116,0,392,0,4,44,2,50,150,130,160,2,442,0,0,0,442
05/31/2023,PBI,FL,ASO,ES,Combined TRACON& Tower with Radar,160,87,99,0,346,0,0,41,1,42,160,87,140,1,388,0,0,0,388
06/01/2023,PBI,FL,ASO,ES,Combined TRACON& Tower with Radar,150,113,77,0,340,0,4,54,0,58,150,117,131,0,398,0,0,0,398
06/02/2023,PBI,FL,ASO,ES,Combined TRACON& Tower with Radar,139,107,91,0,337,0,5,58,1,64,139,112,149,1,401,32,0,32,433
06/03/2023,PBI,FL,ASO,ES,Combined TRACON& Tower with Radar,135,90,61,2,288,0,7,21,0,28,135,97,82,2,316,17,0,17,333
06/04/2023,PBI,FL,ASO,ES,Combined TRACON& Tower with Radar,137,105,74,1,317,0,2,38,2,42,137,107,112,3,359,0,0,0,359
06/05/2023,PBI,FL,ASO,ES,Combined TRACON& Tower with Radar,136,78,81,3,298,0,8,49,1,58,136,86,130,4,356,0,0,0,356
06/06/2023,PBI,FL,ASO,ES,Combined TRACON& Tower with Radar,135,105,77,0,317,0,6,75,2,83,135,111,152,2,400,0,0,0,400
06/07/2023,PBI,FL,ASO,ES,Combined TRACON& Tower with Radar,131,110,91,2,334,0,4,49,0,53,131,114,140,2,387,0,0,0,387
06/08/2023,PBI,FL,ASO,ES,Combined TRACON& Tower with Radar,161,114,95,0,370,0,25,44,1,70,161,139,139,1,440,10,0,10,450
06/09/2023,PBI,FL,ASO,ES,Combined TRACON& Tower with Radar,139,90,93,0,322,0,2,74,1,77,139,92,167,1,399,0,0,0,399
06/10/2023,PBI,FL,ASO,ES,Combined TRACON& Tower with Radar,132,68,65,0,265,0,10,46,0,56,132,78,111,0,321,0,0,0,321
06/11/2023,PBI,FL,ASO,ES,Combined TRACON& Tower with Radar,132,92,90,0,314,0,3,35,1,39,132,95,125,1,353,0,0,0,353
06/12/2023,PBI,FL,ASO,ES,Combined TRACON& Tower with Radar,129,82,74,0,285,0,2,39,0,41,129,84,113,0,326,0,0,0,326
06/13/2023,PBI,FL,ASO,ES,Combined TRACON& Tower with Radar,141,85,89,0,315,0,4,49,0,53,141,89,138,0,368,0,0,0,368
06/14/2023,PBI,FL,ASO,ES,Combined TRACON& Tower with Radar,129,97,74,3,303,0,6,54,2,62,129,103,128,5,365,0,0,0,365
06/15/2023,PBI,FL,ASO,ES,Combined TRACON& Tower with Radar,136,98,86,0,320,0,6,60,0,66,136,104,146,0,386,0,0,0,386
06/16/2023,PBI,FL,ASO,ES,Combined TRACON& Tower with Radar,124,94,96,0,314,0,6,39,2,47,124,100,135,2,361,0,0,0,361
06/17/2023,PBI,FL,ASO,ES,Combined TRACON& Tower with Radar,165,94,76,1,336,1,2,30,2,35,166,96,106,3,371,0,0,0,371
06/18/2023,PBI,FL,ASO,ES,Combined TRACON& Tower with Radar,131,87,74,0,292,0,2,28,3,33,131,89,102,3,325,0,0,0,325
06/19/2023,PBI,FL,ASO,ES,Combined TRACON& Tower with Radar,151,81,99,0,331,2,8,47,1,58,153,89,146,1,389,0,0,0,389
06/20/2023,PBI,FL,ASO,ES,Combined TRACON& Tower with Radar,136,77,74,0,287,0,8,48,2,58,136,85,122,2,345,0,0,0,345
06/21/2023,PBI,FL,ASO,ES,Combined TRACON& Tower with Radar,125,93,82,0,300,0,5,58,2,65,125,98,140,2,365,0,0,0,365
06/22/2023,PBI,FL,ASO,ES,Combined TRACON& Tower with Radar,144,88,78,20,330,0,9,54,2,65,144,97,132,22,395,0,0,0,395
06/23/2023,PBI,FL,ASO,ES,Combined TRACON& Tower with Radar,130,88,59,0,277,0,6,39,0,45,130,94,98,0,322,0,0,0,322
06/24/2023,PBI,FL,ASO,ES,Combined TRACON& Tower with Radar,119,66,73,0,258,0,4,35,0,39,119,70,108,0,297,0,0,0,297
06/25/2023,PBI,FL,ASO,ES,Combined TRACON& Tower with Radar,130,82,63,0,275,1,0,40,0,41,131,82,103,0,316,0,0,0,316
06/26/2023,PBI,FL,ASO,ES,Combined TRACON& Tower with Radar,124,84,45,0,253,0,1,54,0,55,124,85,99,0,308,0,0,0,308
06/27/2023,PBI,FL,ASO,ES,Combined TRACON& Tower with Radar,109,84,69,2,264,0,15,56,3,74,109,99,125,5,338,0,0,0,338
06/28/2023,PBI,FL,ASO,ES,Combined TRACON& Tower with Radar,115,106,72,0,293,0,1,71,0,72,115,107,143,0,365,0,0,0,365
06/29/2023,PBI,FL,ASO,ES,Combined TRACON& Tower with Radar,137,99,91,4,331,0,6,57,5,68,137,105,148,9,399,0,0,0,399
06/30/2023,PBI,FL,ASO,ES,Combined TRACON& Tower with Radar,131,97,99,4,331,0,8,73,0,81,131,105,172,4,412,0,0,0,412
07/01/2023,PBI,FL,ASO,ES,Combined TRACON& Tower with Radar,129,88,89,0,306,0,11,44,3,58,129,99,133,3,364,0,0,0,364
07/02/2023,PBI,FL,ASO,ES,Combined TRACON& Tower with Radar,121,60,38,0,219,0,3,46,1,50,121,63,84,1,269,0,0,0,269
07/03/2023,PBI,FL,ASO,ES,Combined TRACON& Tower with Radar,114,65,41,1,221,0,2,52,0,54,114,67,93,1,275,0,0,0,275
07/04/2023,PBI,FL,ASO,ES,Combined TRACON& Tower with Radar,109,41,23,0,173,0,4,32,2,38,109,45,55,2,211,0,0,0,211
07/05/2023,PBI,FL,ASO,ES,Combined TRACON& Tower with Radar,125,75,77,0,277,0,29,92,1,122,125,104,169,1,399,0,0,0,399
07/06/2023,PBI,FL,ASO,ES,Combined TRACON& Tower with Radar,136,86,68,0,290,0,1,44,4,49,136,87,112,4,339,0,0,0,339
07/07/2023,PBI,FL,ASO,ES,Combined TRACON& Tower with Radar,120,63,63,4,250,0,3,54,6,63,120,66,117,10,313,0,0,0,313
07/08/2023,PBI,FL,ASO,ES,Combined TRACON& Tower with Radar,123,51,55,0,229,0,2,44,1,47,123,53,99,1,276,0,0,0,276
07/09/2023,PBI,FL,ASO,ES,Combined TRACON& Tower with Radar,103,75,51,2,231,0,1,45,1,47,103,76,96,3,278,0,0,0,278
07/10/2023,PBI,FL,ASO,ES,Combined TRACON& Tower with Radar,111,71,74,0,256,0,8,61,2,71,111,79,135,2,327,67,0,67,394
07/11/2023,PBI,FL,ASO,ES,Combined TRACON& Tower with Radar,126,72,58,0,256,0,13,70,6,89,126,85,128,6,345,0,0,0,345
07/12/2023,PBI,FL,ASO,ES,Combined TRACON& Tower with Radar,124,69,72,0,265,0,17,53,2,72,124,86,125,2,337,0,0,0,337
07/13/2023,PBI,FL,ASO,ES,Combined TRACON& Tower with Radar,135,73,93,0,301,1,3,56,8,68,136,76,149,8,369,4,0,4,373
07/14/2023,PBI,FL,ASO,ES,Combined TRACON& Tower with Radar,125,77,64,0,266,0,7,63,2,72,125,84,127,2,338,0,0,0,338
07/15/2023,PBI,FL,ASO,ES,Combined TRACON& Tower with Radar,119,86,56,0,261,0,8,38,0,46,119,94,94,0,307,0,0,0,307
07/16/2023,PBI,FL,ASO,ES,Combined TRACON& Tower with Radar,111,81,66,0,258,0,5,25,0,30,111,86,91,0,288,0,0,0,288
07/17/2023,PBI,FL,ASO,ES,Combined TRACON& Tower with Radar,114,88,89,0,291,0,5,34,0,39,114,93,123,0,330,0,0,0,330
07/18/2023,PBI,FL,ASO,ES,Combined TRACON& Tower with Radar,127,85,50,0,262,0,8,48,4,60,127,93,98,4,322,0,0,0,322
07/19/2023,PBI,FL,ASO,ES,Combined TRACON& Tower with Radar,122,69,73,2,266,0,6,62,4,72,122,75,135,6,338,0,0,0,338
07/20/2023,PBI,FL,ASO,ES,Combined TRACON& Tower with Radar,131,84,57,0,272,0,53,45,0,98,131,137,102,0,370,0,0,0,370
07/21/2023,PBI,FL,ASO,ES,Combined TRACON& Tower with Radar,124,79,72,1,276,0,6,49,2,57,124,85,121,3,333,42,0,42,375
07/22/2023,PBI,FL,ASO,ES,Combined TRACON& Tower with Radar,132,40,51,1,224,0,4,42,2,48,132,44,93,3,272,0,0,0,272
07/23/2023,PBI,FL,ASO,ES,Combined TRACON& Tower with Radar,129,70,47,0,246,0,2,34,0,36,129,72,81,0,282,0,0,0,282
07/24/2023,PBI,FL,ASO,ES,Combined TRACON& Tower with Radar,125,81,66,2,274,0,5,42,0,47,125,86,108,2,321,0,0,0,321
07/25/2023,PBI,FL,ASO,ES,Combined TRACON& Tower with Radar,113,59,54,0,226,0,8,60,4,72,113,67,114,4,298,0,0,0,298
07/26/2023,PBI,FL,ASO,ES,Combined TRACON& Tower with Radar,141,80,57,0,278,0,0,37,4,41,141,80,94,4,319,0,0,0,319
07/27/2023,PBI,FL,ASO,ES,Combined TRACON& Tower with Radar,140,88,81,1,310,0,1,26,6,33,140,89,107,7,343,0,0,0,343
07/28/2023,PBI,FL,ASO,ES,Combined TRACON& Tower with Radar,125,92,61,0,278,0,4,67,1,72,125,96,128,1,350,0,0,0,350
07/29/2023,PBI,FL,ASO,ES,Combined TRACON& Tower with Radar,113,68,50,2,233,0,2,58,1,61,113,70,108,3,294,0,0,0,294
07/30/2023,PBI,FL,ASO,ES,Combined TRACON& Tower with Radar,127,82,59,0,268,0,24,50,1,75,127,106,109,1,343,0,0,0,343
07/31/2023,PBI,FL,ASO,ES,Combined TRACON& Tower with Radar,128,54,47,0,229,0,2,34,2,38,128,56,81,2,267,0,0,0,267
08/01/2023,PBI,FL,ASO,ES,Combined TRACON& Tower with Radar,123,72,59,0,254,0,15,69,4,88,123,87,128,4,342,0,0,0,342
08/02/2023,PBI,FL,ASO,ES,Combined TRACON& Tower with Radar,126,86,70,0,282,0,5,70,2,77,126,91,140,2,359,4,0,4,363
08/03/2023,PBI,FL,ASO,ES,Combined TRACON& Tower with Radar,135,81,75,1,292,0,32,54,4,90,135,113,129,5,382,0,0,0,382
08/04/2023,PBI,FL,ASO,ES,Combined TRACON& Tower with Radar,128,72,49,1,250,0,7,55,4,66,128,79,104,5,316,0,0,0,316
08/05/2023,PBI,FL,ASO,ES,Combined TRACON& Tower with Radar,125,61,48,0,234,0,3,32,0,35,125,64,80,0,269,0,0,0,269
08/06/2023,PBI,FL,ASO,ES,Combined TRACON& Tower with Radar,124,81,69,0,274,0,7,53,0,60,124,88,122,0,334,0,0,0,334
08/07/2023,PBI,FL,ASO,ES,Combined TRACON& Tower with Radar,103,86,73,2,264,0,14,56,0,70,103,100,129,2,334,0,0,0,334
08/08/2023,PBI,FL,ASO,ES,Combined TRACON& Tower with Radar,122,70,51,0,243,0,12,51,3,66,122,82,102,3,309,0,0,0,309
08/09/2023,PBI,FL,ASO,ES,Combined TRACON& Tower with Radar,121,86,74,0,281,0,4,59,3,66,121,90,133,3,347,0,0,0,347
08/10/2023,PBI,FL,ASO,ES,Combined TRACON& Tower with Radar,129,60,79,1,269,0,2,47,3,52,129,62,126,4,321,0,0,0,321
08/11/2023,PBI,FL,ASO,ES,Combined TRACON& Tower with Radar,127,70,80,5,282,0,11,62,3,76,127,81,142,8,358,0,0,0,358
08/12/2023,PBI,FL,ASO,ES,Combined TRACON& Tower with Radar,114,60,57,4,235,0,4,33,0,37,114,64,90,4,272,0,0,0,272
08/13/2023,PBI,FL,ASO,ES,Combined TRACON& Tower with Radar,132,67,53,1,253,0,5,42,3,50,132,72,95,4,303,0,0,0,303
08/14/2023,PBI,FL,ASO,ES,Combined TRACON& Tower with Radar,120,50,71,2,243,0,5,56,4,65,120,55,127,6,308,13,0,13,321
08/15/2023,PBI,FL,ASO,ES,Combined TRACON& Tower with Radar,141,65,64,0,270,1,6,67,3,77,142,71,131,3,347,0,0,0,347
08/16/2023,PBI,FL,ASO,ES,Combined TRACON& Tower with Radar,123,63,63,0,249,0,6,29,1,36,123,69,92,1,285,0,0,0,285
08/17/2023,PBI,FL,ASO,ES,Combined TRACON& Tower with Radar,159,79,55,0,293,0,5,43,3,51,159,84,98,3,344,0,0,0,344
08/18/2023,PBI,FL,ASO,ES,Combined TRACON& Tower with Radar,131,63,58,0,252,0,8,51,0,59,131,71,109,0,311,0,0,0,311
08/19/2023,PBI,FL,ASO,ES,Combined TRACON& Tower with Radar,126,52,31,0,209,0,3,18,0,21,126,55,49,0,230,0,0,0,230
08/20/2023,PBI,FL,ASO,ES,Combined TRACON& Tower with Radar,117,86,61,0,264,0,3,39,1,43,117,89,100,1,307,0,0,0,307
08/21/2023,PBI,FL,ASO,ES,Combined TRACON& Tower with Radar,119,79,46,0,244,0,6,44,0,50,119,85,90,0,294,0,0,0,294
08/22/2023,PBI,FL,ASO,ES,Combined TRACON& Tower with Radar,116,77,62,1,256,0,14,36,6,56,116,91,98,7,312,0,0,0,312
08/23/2023,PBI,FL,ASO,ES,Combined TRACON& Tower with Radar,119,71,53,0,243,0,12,37,1,50,119,83,90,1,293,0,0,0,293
08/24/2023,PBI,FL,ASO,ES,Combined TRACON& Tower with Radar,123,82,68,0,273,0,11,48,0,59,123,93,116,0,332,0,0,0,332
08/25/2023,PBI,FL,ASO,ES,Combined TRACON& Tower with Radar,120,72,48,1,241,0,9,72,2,83,120,81,120,3,324,0,0,0,324
08/26/2023,PBI,FL,ASO,ES,Combined TRACON& Tower with Radar,120,55,54,0,229,0,4,41,1,46,120,59,95,1,275,0,0,0,275
08/27/2023,PBI,FL,ASO,ES,Combined TRACON& Tower with Radar,116,86,55,0,257,0,2,34,0,36,116,88,89,0,293,0,0,0,293
08/28/2023,PBI,FL,ASO,ES,Combined TRACON& Tower with Radar,125,77,57,0,259,0,8,25,0,33,125,85,82,0,292,0,0,0,292
08/29/2023,PBI,FL,ASO,ES,Combined TRACON& Tower with Radar,129,64,59,6,258,0,0,42,2,44,129,64,101,8,302,0,0,0,302
08/30/2023,PBI,FL,ASO,ES,Combined TRACON& Tower with Radar,121,38,33,2,194,0,4,22,6,32,121,42,55,8,226,0,0,0,226
08/31/2023,PBI,FL,ASO,ES,Combined TRACON& Tower with Radar,136,85,85,4,310,0,8,34,1,43,136,93,119,5,353,0,0,0,353
