01/01/2000,PDT,OR,ANM,WE,Federal Contract Tower,0,3,1,0,4,0,1,6,3,10,0,4,7,3,14,2,0,2,16
01/02/2000,PDT,OR,ANM,WE,Federal Contract Tower,0,6,3,0,9,0,0,7,0,7,0,6,10,0,16,0,0,0,16
01/03/2000,PDT,OR,ANM,WE,Federal Contract Tower,0,12,4,0,16,0,5,106,0,111,0,17,110,0,127,0,0,0,127
01/04/2000,PDT,OR,ANM,WE,Federal Contract Tower,0,15,5,0,20,0,9,113,0,122,0,24,118,0,142,4,0,4,146
01/05/2000,PDT,OR,ANM,WE,Federal Contract Tower,0,12,3,2,17,0,17,116,6,139,0,29,119,8,156,0,10,10,166
01/06/2000,PDT,OR,ANM,WE,Federal Contract Tower,0,18,5,3,26,0,2,37,14,53,0,20,42,17,79,10,24,34,113
01/07/2000,PDT,OR,ANM,WE,Federal Contract Tower,0,16,4,3,23,0,8,119,5,132,0,24,123,8,155,14,2,16,171
01/08/2000,PDT,OR,ANM,WE,Federal Contract Tower,0,7,2,1,10,0,3,0,3,6,0,10,2,4,16,0,18,18,34
01/09/2000,PDT,OR,ANM,WE,Federal Contract Tower,0,4,0,0,4,0,2,0,0,2,0,6,0,0,6,0,0,0,6
01/10/2000,PDT,OR,ANM,WE,Federal Contract Tower,0,12,4,0,16,0,6,114,0,120,0,18,118,0,136,8,0,8,144
01/11/2000,PDT,OR,ANM,WE,Federal Contract Tower,0,11,3,0,14,0,11,124,0,135,0,22,127,0,149,10,2,12,161
01/12/2000,PDT,OR,ANM,WE,Federal Contract Tower,0,14,4,2,20,0,10,128,0,138,0,24,132,2,158,24,0,24,182
01/13/2000,PDT,OR,ANM,WE,Federal Contract Tower,0,14,4,2,20,0,6,117,5,128,0,20,121,7,148,0,0,0,148
01/14/2000,PDT,OR,ANM,WE,Federal Contract Tower,0,16,4,3,23,0,8,40,5,53,0,24,44,8,76,28,8,36,112
01/15/2000,PDT,OR,ANM,WE,Federal Contract Tower,0,6,2,0,8,0,2,144,0,146,0,8,146,0,154,16,0,16,170
01/16/2000,PDT,OR,ANM,WE,Federal Contract Tower,0,4,0,0,4,0,0,6,0,6,0,4,6,0,10,0,0,0,10
01/17/2000,PDT,OR,ANM,WE,Federal Contract Tower,0,7,2,2,11,0,5,127,0,132,0,12,129,2,143,2,0,2,145
01/18/2000,PDT,OR,ANM,WE,Federal Contract Tower,0,16,4,0,20,0,8,126,0,134,0,24,130,0,154,2,12,14,168
01/19/2000,PDT,OR,ANM,WE,Federal Contract Tower,0,20,8,5,33,0,0,2,1,3,0,20,10,6,36,8,18,26,62
01/20/2000,PDT,OR,ANM,WE,Federal Contract Tower,0,18,5,0,23,0,4,29,0,33,0,22,34,0,56,10,0,10,66
01/21/2000,PDT,OR,ANM,WE,Federal Contract Tower,0,4,0,0,4,0,2,0,0,2,0,6,0,0,6,0,0,0,6
01/22/2000,PDT,OR,ANM,WE,Federal Contract Tower,0,8,2,0,10,0,0,12,0,12,0,8,14,0,22,2,0,2,24
01/23/2000,PDT,OR,ANM,WE,Federal Contract Tower,0,6,2,0,8,0,0,0,0,0,0,6,2,0,8,0,0,0,8
01/24/2000,PDT,OR,ANM,WE,Federal Contract Tower,0,8,2,0,10,0,0,0,0,0,0,8,2,0,10,0,0,0,10
01/25/2000,PDT,OR,ANM,WE,Federal Contract Tower,0,20,2,2,24,0,2,0,2,4,0,22,2,4,28,0,0,0,28
01/26/2000,PDT,OR,ANM,WE,Federal Contract Tower,0,10,2,1,13,0,16,13,4,33,0,26,15,5,46,14,0,14,60
01/27/2000,PDT,OR,ANM,WE,Federal Contract Tower,0,10,3,1,14,0,16,37,1,54,0,26,40,2,68,36,2,38,106
01/28/2000,PDT,OR,ANM,WE,Federal Contract Tower,0,17,5,2,24,0,9,29,2,40,0,26,34,4,64,18,0,18,82
01/29/2000,PDT,OR,ANM,WE,Federal Contract Tower,0,8,2,0,10,0,1,1,0,2,0,9,3,0,12,0,0,0,12
01/30/2000,PDT,OR,ANM,WE,Federal Contract Tower,0,6,0,0,6,0,0,0,2,2,0,6,0,2,8,0,0,0,8
01/31/2000,PDT,OR,ANM,WE,Federal Contract Tower,0,13,4,1,18,0,13,26,5,44,0,26,30,6,62,12,2,14,76
02/01/2000,PDT,OR,ANM,WE,Federal Contract Tower,0,14,4,0,18,0,12,24,0,36,0,26,28,0,54,48,0,48,102
02/02/2000,PDT,OR,ANM,WE,Federal Contract Tower,0,9,2,1,12,0,15,28,8,51,0,24,30,9,63,40,10,50,113
02/03/2000,PDT,OR,ANM,WE,Federal Contract Tower,0,16,3,2,21,0,10,3,8,21,0,26,6,10,42,0,4,4,46
02/04/2000,PDT,OR,ANM,WE,Federal Contract Tower,0,21,5,2,28,0,5,15,10,30,0,26,20,12,58,0,0,0,58
02/05/2000,PDT,OR,ANM,WE,Federal Contract Tower,0,12,3,2,17,0,0,105,2,107,0,12,108,4,124,0,0,0,124
02/06/2000,PDT,OR,ANM,WE,Federal Contract Tower,0,16,4,2,22,0,0,42,8,50,0,16,46,10,72,48,0,48,120
02/07/2000,PDT,OR,ANM,WE,Federal Contract Tower,0,15,3,0,18,0,7,29,0,36,0,22,32,0,54,10,0,10,64
02/08/2000,PDT,OR,ANM,WE,Federal Contract Tower,0,9,3,0,12,0,9,11,0,20,0,18,14,0,32,34,0,34,66
02/09/2000,PDT,OR,ANM,WE,Federal Contract Tower,0,14,3,2,19,0,12,61,0,73,0,26,64,2,92,40,0,40,132
02/10/2000,PDT,OR,ANM,WE,Federal Contract Tower,0,12,3,0,15,0,7,52,0,59,0,19,55,0,74,16,0,16,90
02/11/2000,PDT,OR,ANM,WE,Federal Contract Tower,0,11,3,1,15,0,3,28,1,32,0,14,31,2,47,40,2,42,89
02/12/2000,PDT,OR,ANM,WE,Federal Contract Tower,0,6,2,0,8,0,10,6,0,16,0,16,8,0,24,0,0,0,24
02/13/2000,PDT,OR,ANM,WE,Federal Contract Tower,0,6,1,1,8,0,0,15,1,16,0,6,16,2,24,24,2,26,50
02/14/2000,PDT,OR,ANM,WE,Federal Contract Tower,0,12,3,0,15,0,12,1,0,13,0,24,4,0,28,0,0,0,28
02/15/2000,PDT,OR,ANM,WE,Federal Contract Tower,0,12,4,1,17,0,14,54,11,79,0,26,58,12,96,26,0,26,122
02/16/2000,PDT,OR,ANM,WE,Federal Contract Tower,0,12,3,1,16,0,11,34,0,45,0,23,37,1,61,34,0,34,95
02/17/2000,PDT,OR,ANM,WE,Federal Contract Tower,0,19,4,1,24,0,4,50,1,55,0,23,54,2,79,26,0,26,105
02/18/2000,PDT,OR,ANM,WE,Federal Contract Tower,0,12,3,0,15,0,7,47,2,56,0,19,50,2,71,20,0,20,91
02/19/2000,PDT,OR,ANM,WE,Federal Contract Tower,0,6,1,0,7,0,0,7,0,7,0,6,8,0,14,4,0,4,18
02/20/2000,PDT,OR,ANM,WE,Federal Contract Tower,0,6,3,0,9,0,0,33,0,33,0,6,36,0,42,20,0,20,62
02/21/2000,PDT,OR,ANM,WE,Federal Contract Tower,0,7,2,0,9,0,7,34,2,43,0,14,36,2,52,60,0,60,112
02/22/2000,PDT,OR,ANM,WE,Federal Contract Tower,0,16,3,1,20,0,7,39,5,51,0,23,42,6,71,10,0,10,81
02/23/2000,PDT,OR,ANM,WE,Federal Contract Tower,0,22,5,1,28,0,3,36,11,50,0,25,41,12,78,54,10,64,142
02/24/2000,PDT,OR,ANM,WE,Federal Contract Tower,0,16,3,1,20,0,8,45,5,58,0,24,48,6,78,32,20,52,130
02/25/2000,PDT,OR,ANM,WE,Federal Contract Tower,0,14,3,1,18,0,14,51,17,82,0,28,54,18,100,22,18,40,140
02/26/2000,PDT,OR,ANM,WE,Federal Contract Tower,0,8,2,0,10,0,6,20,2,28,0,14,22,2,38,8,0,8,46
02/27/2000,PDT,OR,ANM,WE,Federal Contract Tower,0,5,0,0,5,0,0,8,0,8,0,5,8,0,13,0,0,0,13
02/28/2000,PDT,OR,ANM,WE,Federal Contract Tower,0,13,4,0,17,0,5,31,11,47,0,18,35,11,64,10,4,14,78
02/29/2000,PDT,OR,ANM,WE,Federal Contract Tower,0,17,4,1,22,0,5,43,1,49,0,22,47,2,71,10,0,10,81
03/01/2000,PDT,OR,ANM,WE,Federal Contract Tower,0,14,3,1,18,0,12,92,5,109,0,26,95,6,127,52,20,72,199
03/02/2000,PDT,OR,ANM,WE,Federal Contract Tower,0,16,4,1,21,0,8,36,11,55,0,24,40,12,76,18,10,28,104
03/03/2000,PDT,OR,ANM,WE,Federal Contract Tower,0,12,3,1,16,0,14,53,11,78,0,26,56,12,94,12,6,18,112
03/04/2000,PDT,OR,ANM,WE,Federal Contract Tower,0,10,4,0,14,0,8,32,8,48,0,18,36,8,62,12,12,24,86
03/05/2000,PDT,OR,ANM,WE,Federal Contract Tower,0,3,1,0,4,0,5,19,14,38,0,8,20,14,42,22,0,22,64
03/06/2000,PDT,OR,ANM,WE,Federal Contract Tower,0,14,3,2,19,0,4,31,10,45,0,18,34,12,64,10,0,10,74
03/07/2000,PDT,OR,ANM,WE,Federal Contract Tower,0,14,2,0,16,0,10,53,0,63,0,24,55,0,79,10,0,10,89
03/08/2000,PDT,OR,ANM,WE,Federal Contract Tower,0,20,4,2,26,0,2,58,9,69,0,22,62,11,95,56,10,66,161
03/09/2000,PDT,OR,ANM,WE,Federal Contract Tower,0,23,4,3,30,0,5,84,15,104,0,28,88,18,134,0,0,0,134
03/10/2000,PDT,OR,ANM,WE,Federal Contract Tower,0,13,2,0,15,0,13,48,0,61,0,26,50,0,76,18,0,18,94
03/11/2000,PDT,OR,ANM,WE,Federal Contract Tower,0,9,2,0,11,0,3,49,0,52,0,12,51,0,63,32,0,32,95
03/12/2000,PDT,OR,ANM,WE,Federal Contract Tower,0,5,0,0,5,0,1,44,0,45,0,6,44,0,50,14,0,14,64
03/13/2000,PDT,OR,ANM,WE,Federal Contract Tower,0,17,4,2,23,0,1,49,2,52,0,18,53,4,75,22,0,22,97
03/14/2000,PDT,OR,ANM,WE,Federal Contract Tower,0,18,4,2,24,0,5,45,8,58,0,23,49,10,82,10,2,12,94
03/15/2000,PDT,OR,ANM,WE,Federal Contract Tower,0,18,4,2,24,0,6,65,8,79,0,24,69,10,103,42,20,62,165
03/16/2000,PDT,OR,ANM,WE,Federal Contract Tower,0,15,3,2,20,0,11,21,2,34,0,26,24,4,54,38,6,44,98
03/17/2000,PDT,OR,ANM,WE,Federal Contract Tower,0,15,3,2,20,0,11,37,0,48,0,26,40,2,68,8,0,8,76
03/18/2000,PDT,OR,ANM,WE,Federal Contract Tower,0,6,1,0,7,0,10,35,0,45,0,16,36,0,52,18,0,18,70
03/19/2000,PDT,OR,ANM,WE,Federal Contract Tower,0,6,1,0,7,0,2,17,0,19,0,8,18,0,26,0,0,0,26
03/20/2000,PDT,OR,ANM,WE,Federal Contract Tower,0,8,2,0,10,0,10,94,6,110,0,18,96,6,120,60,0,60,180
03/21/2000,PDT,OR,ANM,WE,Federal Contract Tower,0,12,2,1,15,0,10,101,7,118,0,22,103,8,133,56,6,62,195
03/22/2000,PDT,OR,ANM,WE,Federal Contract Tower,0,16,3,1,20,0,10,61,1,72,0,26,64,2,92,30,0,30,122
03/23/2000,PDT,OR,ANM,WE,Federal Contract Tower,0,14,2,0,16,0,8,55,0,63,0,22,57,0,79,4,0,4,83
03/24/2000,PDT,OR,ANM,WE,Federal Contract Tower,0,14,2,1,17,0,12,82,5,99,0,26,84,6,116,30,0,30,146
03/25/2000,PDT,OR,ANM,WE,Federal Contract Tower,0,8,1,0,9,0,6,86,0,92,0,14,87,0,101,32,0,32,133
03/26/2000,PDT,OR,ANM,WE,Federal Contract Tower,0,8,2,0,10,0,0,84,0,84,0,8,86,0,94,46,0,46,140
03/27/2000,PDT,OR,ANM,WE,Federal Contract Tower,0,8,2,0,10,0,18,36,0,54,0,26,38,0,64,20,0,20,84
03/28/2000,PDT,OR,ANM,WE,Federal Contract Tower,0,15,2,1,18,0,7,20,7,34,0,22,22,8,52,18,0,18,70
03/29/2000,PDT,OR,ANM,WE,Federal Contract Tower,0,10,2,0,12,0,12,58,8,78,0,22,60,8,90,48,0,48,138
03/30/2000,PDT,OR,ANM,WE,Federal Contract Tower,0,16,3,1,20,0,8,71,9,88,0,24,74,10,108,38,0,38,146
03/31/2000,PDT,OR,ANM,WE,Federal Contract Tower,0,13,2,1,16,0,13,82,5,100,0,26,84,6,116,28,0,28,144
04/01/2000,PDT,OR,ANM,WE,Federal Contract Tower,0,6,2,0,8,0,12,76,0,88,0,18,78,0,96,16,0,16,112
04/02/2000,PDT,OR,ANM,WE,Federal Contract Tower,0,4,3,0,7,0,0,75,0,75,0,4,78,0,82,40,0,40,122
04/03/2000,PDT,OR,ANM,WE,Federal Contract Tower,0,13,3,0,16,0,13,67,0,80,0,26,70,0,96,12,0,12,108
04/04/2000,PDT,OR,ANM,WE,Federal Contract Tower,0,21,5,0,26,0,3,32,0,35,0,24,37,0,61,6,0,6,67
04/05/2000,PDT,OR,ANM,WE,Federal Contract Tower,0,13,3,1,17,0,13,49,1,63,0,26,52,2,80,22,12,34,114
04/06/2000,PDT,OR,ANM,WE,Federal Contract Tower,0,9,2,0,11,0,17,55,0,72,0,26,57,0,83,18,0,18,101
04/07/2000,PDT,OR,ANM,WE,Federal Contract Tower,0,9,2,1,12,0,15,74,9,98,0,24,76,10,110,30,0,30,140
04/08/2000,PDT,OR,ANM,WE,Federal Contract Tower,0,6,2,1,9,0,4,68,0,72,0,10,70,1,81,20,0,20,101
04/09/2000,PDT,OR,ANM,WE,Federal Contract Tower,0,4,1,1,6,0,6,54,3,63,0,10,55,4,69,38,0,38,107
04/10/2000,PDT,OR,ANM,WE,Federal Contract Tower,0,6,1,1,8,0,16,59,1,76,0,22,60,2,84,2,0,2,86
04/11/2000,PDT,OR,ANM,WE,Federal Contract Tower,0,17,5,0,22,0,9,51,0,60,0,26,56,0,82,34,0,34,116
04/12/2000,PDT,OR,ANM,WE,Federal Contract Tower,0,16,4,1,21,0,12,54,15,81,0,28,58,16,102,26,10,36,138
04/13/2000,PDT,OR,ANM,WE,Federal Contract Tower,0,11,3,1,15,0,13,37,12,62,0,24,40,13,77,22,34,56,133
04/14/2000,PDT,OR,ANM,WE,Federal Contract Tower,0,11,3,1,15,0,13,30,21,64,0,24,33,22,79,18,36,54,133
04/15/2000,PDT,OR,ANM,WE,Federal Contract Tower,0,10,1,1,12,0,6,41,7,54,0,16,42,8,66,12,2,14,80
04/16/2000,PDT,OR,ANM,WE,Federal Contract Tower,0,5,0,1,6,0,5,36,9,50,0,10,36,10,56,8,0,8,64
04/17/2000,PDT,OR,ANM,WE,Federal Contract Tower,0,10,1,1,12,0,12,49,1,62,0,22,50,2,74,0,0,0,74
04/18/2000,PDT,OR,ANM,WE,Federal Contract Tower,0,11,2,0,13,0,9,67,6,82,0,20,69,6,95,10,0,10,105
04/19/2000,PDT,OR,ANM,WE,Federal Contract Tower,0,17,4,0,21,0,11,59,10,80,0,28,63,10,101,10,8,18,119
04/20/2000,PDT,OR,ANM,WE,Federal Contract Tower,0,12,3,0,15,0,16,37,6,59,0,28,40,6,74,36,6,42,116
04/21/2000,PDT,OR,ANM,WE,Federal Contract Tower,0,11,2,0,13,0,15,58,8,81,0,26,60,8,94,22,8,30,124
04/22/2000,PDT,OR,ANM,WE,Federal Contract Tower,0,8,2,0,10,0,4,34,10,48,0,12,36,10,58,0,0,0,58
04/23/2000,PDT,OR,ANM,WE,Federal Contract Tower,0,6,1,0,7,0,2,27,0,29,0,8,28,0,36,2,0,2,38
04/24/2000,PDT,OR,ANM,WE,Federal Contract Tower,0,12,3,0,15,0,12,49,7,68,0,24,52,7,83,18,2,20,103
04/25/2000,PDT,OR,ANM,WE,Federal Contract Tower,0,14,4,0,18,0,10,23,15,48,0,24,27,15,66,6,20,26,92
04/26/2000,PDT,OR,ANM,WE,Federal Contract Tower,0,18,5,0,23,0,4,45,4,53,0,22,50,4,76,8,2,10,86
04/27/2000,PDT,OR,ANM,WE,Federal Contract Tower,0,11,2,0,13,0,6,28,4,38,0,17,30,4,51,2,0,2,53
04/28/2000,PDT,OR,ANM,WE,Federal Contract Tower,0,11,3,0,14,0,8,37,3,48,0,19,40,3,62,14,10,24,86
04/29/2000,PDT,OR,ANM,WE,Federal Contract Tower,0,11,3,0,14,0,5,149,4,158,0,16,152,4,172,20,2,22,194
04/30/2000,PDT,OR,ANM,WE,Federal Contract Tower,0,8,2,0,10,0,2,66,0,68,0,10,68,0,78,22,0,22,100
05/01/2000,PDT,OR,ANM,WE,Federal Contract Tower,0,10,4,0,14,0,18,56,0,74,0,28,60,0,88,8,0,8,96
05/02/2000,PDT,OR,ANM,WE,Federal Contract Tower,0,12,4,2,18,0,10,126,6,142,0,22,130,8,160,6,2,8,168
05/03/2000,PDT,OR,ANM,WE,Federal Contract Tower,0,20,7,2,29,0,10,53,20,83,0,30,60,22,112,2,4,6,118
05/04/2000,PDT,OR,ANM,WE,Federal Contract Tower,0,9,3,1,13,0,19,39,7,65,0,28,42,8,78,16,8,24,102
05/05/2000,PDT,OR,ANM,WE,Federal Contract Tower,0,8,3,1,12,0,18,41,19,78,0,26,44,20,90,10,10,20,110
05/06/2000,PDT,OR,ANM,WE,Federal Contract Tower,0,7,3,1,11,0,8,149,12,169,0,15,152,13,180,6,0,6,186
05/07/2000,PDT,OR,ANM,WE,Federal Contract Tower,0,6,3,1,10,0,0,39,25,64,0,6,42,26,74,6,20,26,100
05/08/2000,PDT,OR,ANM,WE,Federal Contract Tower,0,9,4,1,14,0,17,38,9,64,0,26,42,10,78,8,20,28,106
05/09/2000,PDT,OR,ANM,WE,Federal Contract Tower,0,11,3,2,16,0,15,47,6,68,0,26,50,8,84,8,0,8,92
05/10/2000,PDT,OR,ANM,WE,Federal Contract Tower,0,8,3,1,12,0,13,13,5,31,0,21,16,6,43,0,10,10,53
05/11/2000,PDT,OR,ANM,WE,Federal Contract Tower,0,13,4,2,19,0,7,116,4,127,0,20,120,6,146,0,0,0,146
05/12/2000,PDT,OR,ANM,WE,Federal Contract Tower,0,17,5,2,24,0,7,64,7,78,0,24,69,9,102,22,0,22,124
05/13/2000,PDT,OR,ANM,WE,Federal Contract Tower,0,9,3,0,12,0,7,47,0,54,0,16,50,0,66,54,0,54,120
05/14/2000,PDT,OR,ANM,WE,Federal Contract Tower,0,7,2,0,9,0,1,58,0,59,0,8,60,0,68,44,0,44,112
05/15/2000,PDT,OR,ANM,WE,Federal Contract Tower,0,9,4,1,14,0,17,48,3,68,0,26,52,4,82,18,6,24,106
05/16/2000,PDT,OR,ANM,WE,Federal Contract Tower,0,10,2,0,12,0,15,28,0,43,0,25,30,0,55,34,0,34,89
05/17/2000,PDT,OR,ANM,WE,Federal Contract Tower,0,12,2,0,14,0,14,48,0,62,0,26,50,0,76,26,0,26,102
05/18/2000,PDT,OR,ANM,WE,Federal Contract Tower,0,13,2,2,17,0,10,48,3,61,0,23,50,5,78,36,6,42,120
05/19/2000,PDT,OR,ANM,WE,Federal Contract Tower,0,10,3,1,14,0,22,45,3,70,0,32,48,4,84,46,0,46,130
05/20/2000,PDT,OR,ANM,WE,Federal Contract Tower,0,6,2,0,8,0,6,130,12,148,0,12,132,12,156,8,0,8,164
05/21/2000,PDT,OR,ANM,WE,Federal Contract Tower,0,5,1,0,6,0,1,119,0,120,0,6,120,0,126,2,0,2,128
05/22/2000,PDT,OR,ANM,WE,Federal Contract Tower,0,8,3,0,11,0,13,43,2,58,0,21,46,2,69,14,10,24,93
05/23/2000,PDT,OR,ANM,WE,Federal Contract Tower,0,10,3,0,13,0,11,29,0,40,0,21,32,0,53,32,0,32,85
05/24/2000,PDT,OR,ANM,WE,Federal Contract Tower,0,9,3,0,12,0,14,21,8,43,0,23,24,8,55,18,12,30,85
05/25/2000,PDT,OR,ANM,WE,Federal Contract Tower,0,8,2,0,10,0,15,32,6,53,0,23,34,6,63,28,0,28,91
05/26/2000,PDT,OR,ANM,WE,Federal Contract Tower,0,8,2,0,10,0,18,48,0,66,0,26,50,0,76,10,0,10,86
05/27/2000,PDT,OR,ANM,WE,Federal Contract Tower,0,8,3,0,11,0,4,35,0,39,0,12,38,0,50,16,0,16,66
05/28/2000,PDT,OR,ANM,WE,Federal Contract Tower,0,5,2,0,7,0,1,41,0,42,0,6,43,0,49,8,0,8,57
05/29/2000,PDT,OR,ANM,WE,Federal Contract Tower,0,6,2,0,8,0,0,59,0,59,0,6,61,0,67,60,0,60,127
05/30/2000,PDT,OR,ANM,WE,Federal Contract Tower,0,15,5,1,21,0,21,53,1,75,0,36,58,2,96,56,0,56,152
05/31/2000,PDT,OR,ANM,WE,Federal Contract Tower,0,10,3,0,13,0,17,10,3,30,0,27,13,3,43,16,4,20,63
06/01/2000,PDT,OR,ANM,WE,Federal Contract Tower,0,12,4,0,16,0,16,42,0,58,0,28,46,0,74,36,0,36,110
06/02/2000,PDT,OR,ANM,WE,Federal Contract Tower,0,8,2,1,11,0,18,60,2,80,0,26,62,3,91,20,0,20,111
06/03/2000,PDT,OR,ANM,WE,Federal Contract Tower,0,5,2,1,8,0,9,135,0,144,0,14,137,1,152,24,0,24,176
06/04/2000,PDT,OR,ANM,WE,Federal Contract Tower,0,5,2,0,7,0,1,119,0,120,0,6,121,0,127,10,0,10,137
06/05/2000,PDT,OR,ANM,WE,Federal Contract Tower,0,8,2,1,11,0,15,41,0,56,0,23,43,1,67,12,6,18,85
06/06/2000,PDT,OR,ANM,WE,Federal Contract Tower,0,15,5,1,21,0,11,52,6,69,0,26,57,7,90,20,22,42,132
06/07/2000,PDT,OR,ANM,WE,Federal Contract Tower,0,16,5,1,22,0,12,63,1,76,0,28,68,2,98,30,0,30,128
06/08/2000,PDT,OR,ANM,WE,Federal Contract Tower,0,15,5,1,21,0,13,125,5,143,0,28,130,6,164,0,16,16,180
06/09/2000,PDT,OR,ANM,WE,Federal Contract Tower,0,8,2,1,11,0,14,121,1,136,0,22,123,2,147,16,0,16,163
06/10/2000,PDT,OR,ANM,WE,Federal Contract Tower,0,5,1,0,6,0,7,122,0,129,0,12,123,0,135,10,0,10,145
06/11/2000,PDT,OR,ANM,WE,Federal Contract Tower,0,5,1,0,6,0,7,133,0,140,0,12,134,0,146,18,0,18,164
06/12/2000,PDT,OR,ANM,WE,Federal Contract Tower,0,11,4,1,16,0,8,11,7,26,0,19,15,8,42,4,0,4,46
06/13/2000,PDT,OR,ANM,WE,Federal Contract Tower,0,15,5,1,21,0,11,65,19,95,0,26,70,20,116,30,6,36,152
06/14/2000,PDT,OR,ANM,WE,Federal Contract Tower,0,13,4,1,18,0,13,56,3,72,0,26,60,4,90,12,0,12,102
06/15/2000,PDT,OR,ANM,WE,Federal Contract Tower,0,9,1,1,11,0,15,29,1,45,0,24,30,2,56,50,0,50,106
06/16/2000,PDT,OR,ANM,WE,Federal Contract Tower,0,12,2,1,15,0,10,52,5,67,0,22,54,6,82,24,16,40,122
06/17/2000,PDT,OR,ANM,WE,Federal Contract Tower,0,7,1,0,8,0,5,74,0,79,0,12,75,0,87,14,0,14,101
06/18/2000,PDT,OR,ANM,WE,Federal Contract Tower,0,5,1,0,6,0,1,138,1,140,0,6,139,1,146,16,0,16,162
06/19/2000,PDT,OR,ANM,WE,Federal Contract Tower,0,10,3,0,13,0,6,37,0,43,0,16,40,0,56,20,0,20,76
06/20/2000,PDT,OR,ANM,WE,Federal Contract Tower,0,15,5,0,20,0,15,71,14,100,0,30,76,14,120,28,6,34,154
06/21/2000,PDT,OR,ANM,WE,Federal Contract Tower,0,9,3,0,12,0,14,36,4,54,0,23,39,4,66,12,0,12,78
06/22/2000,PDT,OR,ANM,WE,Federal Contract Tower,0,15,4,0,19,0,9,61,4,74,0,24,65,4,93,14,0,14,107
06/23/2000,PDT,OR,ANM,WE,Federal Contract Tower,0,10,3,0,13,0,14,50,5,69,0,24,53,5,82,20,4,24,106
06/24/2000,PDT,OR,ANM,WE,Federal Contract Tower,0,7,2,0,9,0,5,55,8,68,0,12,57,8,77,4,6,10,87
06/25/2000,PDT,OR,ANM,WE,Federal Contract Tower,0,6,2,0,8,0,0,28,0,28,0,6,30,0,36,4,0,4,40
06/26/2000,PDT,OR,ANM,WE,Federal Contract Tower,0,8,2,0,10,0,18,78,0,96,0,26,80,0,106,40,0,40,146
06/27/2000,PDT,OR,ANM,WE,Federal Contract Tower,0,11,3,0,14,0,10,68,0,78,0,21,71,0,92,16,0,16,108
06/28/2000,PDT,OR,ANM,WE,Federal Contract Tower,0,14,4,0,18,0,12,75,2,89,0,26,79,2,107,36,0,36,143
06/29/2000,PDT,OR,ANM,WE,Federal Contract Tower,0,12,3,0,15,0,16,51,1,68,0,28,54,1,83,20,0,20,103
06/30/2000,PDT,OR,ANM,WE,Federal Contract Tower,0,18,6,0,24,0,12,49,12,73,0,30,55,12,97,6,0,6,103
07/01/2000,PDT,OR,ANM,WE,Federal Contract Tower,0,7,2,1,10,0,5,36,5,46,0,12,38,6,56,10,0,10,66
07/02/2000,PDT,OR,ANM,WE,Federal Contract Tower,0,4,1,1,6,0,4,47,1,52,0,8,48,2,58,10,0,10,68
07/03/2000,PDT,OR,ANM,WE,Federal Contract Tower,0,7,3,0,10,0,11,137,0,148,0,18,140,0,158,6,0,6,164
07/04/2000,PDT,OR,ANM,WE,Federal Contract Tower,0,5,2,1,8,0,3,42,0,45,0,8,44,1,53,20,0,20,73
07/05/2000,PDT,OR,ANM,WE,Federal Contract Tower,0,9,4,0,13,0,15,38,0,53,0,24,42,0,66,4,0,4,70
07/06/2000,PDT,OR,ANM,WE,Federal Contract Tower,0,11,4,0,15,0,15,55,0,70,0,26,59,0,85,24,0,24,109
07/07/2000,PDT,OR,ANM,WE,Federal Contract Tower,0,16,5,2,23,0,14,55,8,77,0,30,60,10,100,30,0,30,130
07/08/2000,PDT,OR,ANM,WE,Federal Contract Tower,0,10,5,1,16,0,0,49,7,56,0,10,54,8,72,18,0,18,90
07/09/2000,PDT,OR,ANM,WE,Federal Contract Tower,0,6,2,1,9,0,2,40,5,47,0,8,42,6,56,12,6,18,74
07/10/2000,PDT,OR,ANM,WE,Federal Contract Tower,0,7,2,1,10,0,13,38,13,64,0,20,40,14,74,10,20,30,104
07/11/2000,PDT,OR,ANM,WE,Federal Contract Tower,0,14,5,1,20,0,10,54,23,87,0,24,59,24,107,22,8,30,137
07/12/2000,PDT,OR,ANM,WE,Federal Contract Tower,0,8,3,1,12,0,22,75,3,100,0,30,78,4,112,10,4,14,126
07/13/2000,PDT,OR,ANM,WE,Federal Contract Tower,0,9,4,1,14,0,19,44,9,72,0,28,48,10,86,10,10,20,106
07/14/2000,PDT,OR,ANM,WE,Federal Contract Tower,0,11,5,1,17,0,17,63,11,91,0,28,68,12,108,52,0,52,160
07/15/2000,PDT,OR,ANM,WE,Federal Contract Tower,0,5,2,0,7,0,7,50,0,57,0,12,52,0,64,18,0,18,82
07/16/2000,PDT,OR,ANM,WE,Federal Contract Tower,0,4,1,1,6,0,2,136,1,139,0,6,137,2,145,8,0,8,153
07/17/2000,PDT,OR,ANM,WE,Federal Contract Tower,0,7,3,1,11,0,13,43,2,58,0,20,46,3,69,0,20,20,89
07/18/2000,PDT,OR,ANM,WE,Federal Contract Tower,0,11,5,1,17,0,15,47,7,69,0,26,52,8,86,38,4,42,128
07/19/2000,PDT,OR,ANM,WE,Federal Contract Tower,0,12,4,1,17,0,14,40,3,57,0,26,44,4,74,14,0,14,88
07/20/2000,PDT,OR,ANM,WE,Federal Contract Tower,0,11,4,0,15,0,15,44,2,61,0,26,48,2,76,20,0,20,96
07/21/2000,PDT,OR,ANM,WE,Federal Contract Tower,0,13,5,0,18,0,11,51,2,64,0,24,56,2,82,4,0,4,86
07/22/2000,PDT,OR,ANM,WE,Federal Contract Tower,0,12,4,0,16,0,4,29,4,37,0,16,33,4,53,22,0,22,75
07/23/2000,PDT,OR,ANM,WE,Federal Contract Tower,0,6,2,0,8,0,0,44,4,48,0,6,46,4,56,6,0,6,62
07/24/2000,PDT,OR,ANM,WE,Federal Contract Tower,0,8,2,0,10,0,8,46,1,55,0,16,48,1,65,0,0,0,65
07/25/2000,PDT,OR,ANM,WE,Federal Contract Tower,0,8,3,0,11,0,18,49,4,71,0,26,52,4,82,10,0,10,92
07/26/2000,PDT,OR,ANM,WE,Federal Contract Tower,0,13,5,0,18,0,13,51,22,86,0,26,56,22,104,10,4,14,118
07/27/2000,PDT,OR,ANM,WE,Federal Contract Tower,0,8,3,0,11,0,18,37,4,59,0,26,40,4,70,12,16,28,98
07/28/2000,PDT,OR,ANM,WE,Federal Contract Tower,0,11,4,0,15,0,13,56,6,75,0,24,60,6,90,20,0,20,110
07/29/2000,PDT,OR,ANM,WE,Federal Contract Tower,0,7,2,0,9,0,3,29,0,32,0,10,31,0,41,32,0,32,73
07/30/2000,PDT,OR,ANM,WE,Federal Contract Tower,0,8,2,0,10,0,2,64,2,68,0,10,66,2,78,34,0,34,112
07/31/2000,PDT,OR,ANM,WE,Federal Contract Tower,0,12,4,0,16,0,14,44,4,62,0,26,48,4,78,18,2,20,98
08/01/2000,PDT,OR,ANM,WE,Federal Contract Tower,0,15,5,2,22,0,11,49,10,70,0,26,54,12,92,36,4,40,132
08/02/2000,PDT,OR,ANM,WE,Federal Contract Tower,0,13,5,2,20,0,13,60,4,77,0,26,65,6,97,28,10,38,135
08/03/2000,PDT,OR,ANM,WE,Federal Contract Tower,0,13,5,2,20,0,11,61,8,80,0,24,66,10,100,16,0,16,116
08/04/2000,PDT,OR,ANM,WE,Federal Contract Tower,0,13,5,2,20,0,13,58,8,79,0,26,63,10,99,12,6,18,117
08/05/2000,PDT,OR,ANM,WE,Federal Contract Tower,0,6,3,1,10,0,8,47,11,66,0,14,50,12,76,22,0,22,98
08/06/2000,PDT,OR,ANM,WE,Federal Contract Tower,0,4,2,1,7,0,4,38,3,45,0,8,40,4,52,26,0,26,78
08/07/2000,PDT,OR,ANM,WE,Federal Contract Tower,0,5,2,1,8,0,19,64,5,88,0,24,66,6,96,8,0,8,104
08/08/2000,PDT,OR,ANM,WE,Federal Contract Tower,0,14,5,2,21,0,14,77,6,97,0,28,82,8,118,14,0,14,132
08/09/2000,PDT,OR,ANM,WE,Federal Contract Tower,0,16,5,3,24,0,12,55,10,77,0,28,60,13,101,26,0,26,127
08/10/2000,PDT,OR,ANM,WE,Federal Contract Tower,0,11,3,0,14,0,13,58,0,71,0,24,61,0,85,10,0,10,95
08/11/2000,PDT,OR,ANM,WE,Federal Contract Tower,0,10,3,2,15,0,14,62,3,79,0,24,65,5,94,16,2,18,112
08/12/2000,PDT,OR,ANM,WE,Federal Contract Tower,0,7,3,1,11,0,5,57,1,63,0,12,60,2,74,30,0,30,104
08/13/2000,PDT,OR,ANM,WE,Federal Contract Tower,0,5,2,1,8,0,7,50,1,58,0,12,52,2,66,36,0,36,102
08/14/2000,PDT,OR,ANM,WE,Federal Contract Tower,0,9,3,2,14,0,9,56,2,67,0,18,59,4,81,28,0,28,109
08/15/2000,PDT,OR,ANM,WE,Federal Contract Tower,0,17,4,3,24,0,7,56,11,74,0,24,60,14,98,56,0,56,154
08/16/2000,PDT,OR,ANM,WE,Federal Contract Tower,0,16,5,2,23,0,11,107,2,120,0,27,112,4,143,114,2,116,259
08/17/2000,PDT,OR,ANM,WE,Federal Contract Tower,0,11,2,0,13,0,15,173,0,188,0,26,175,0,201,126,0,126,327
08/18/2000,PDT,OR,ANM,WE,Federal Contract Tower,0,16,4,0,20,0,16,140,0,156,0,32,144,0,176,132,0,132,308
08/19/2000,PDT,OR,ANM,WE,Federal Contract Tower,0,7,3,0,10,0,3,175,2,180,0,10,178,2,190,182,0,182,372
08/20/2000,PDT,OR,ANM,WE,Federal Contract Tower,0,5,1,0,6,0,1,73,1,75,0,6,74,1,81,38,0,38,119
08/21/2000,PDT,OR,ANM,WE,Federal Contract Tower,0,15,5,1,21,0,9,52,5,66,0,24,57,6,87,4,0,4,91
08/22/2000,PDT,OR,ANM,WE,Federal Contract Tower,0,14,5,1,20,0,8,52,3,63,0,22,57,4,83,32,0,32,115
08/23/2000,PDT,OR,ANM,WE,Federal Contract Tower,0,11,3,1,15,0,11,43,7,61,0,22,46,8,76,30,12,42,118
08/24/2000,PDT,OR,ANM,WE,Federal Contract Tower,0,12,4,1,17,0,12,46,23,81,0,24,50,24,98,18,2,20,118
08/25/2000,PDT,OR,ANM,WE,Federal Contract Tower,0,7,2,0,9,0,19,52,12,83,0,26,54,12,92,2,4,6,98
08/26/2000,PDT,OR,ANM,WE,Federal Contract Tower,0,5,2,0,7,0,3,29,3,35,0,8,31,3,42,2,0,2,44
08/27/2000,PDT,OR,ANM,WE,Federal Contract Tower,0,6,2,0,8,0,0,63,6,69,0,6,65,6,77,20,0,20,97
08/28/2000,PDT,OR,ANM,WE,Federal Contract Tower,0,12,4,1,17,0,8,75,14,97,0,20,79,15,114,24,2,26,140
08/29/2000,PDT,OR,ANM,WE,Federal Contract Tower,0,12,3,1,16,0,12,60,7,79,0,24,63,8,95,22,10,32,127
08/30/2000,PDT,OR,ANM,WE,Federal Contract Tower,0,16,5,1,22,0,12,79,21,112,0,28,84,22,134,16,8,24,158
08/31/2000,PDT,OR,ANM,WE,Federal Contract Tower,0,23,7,2,32,0,5,59,6,70,0,28,66,8,102,0,0,0,102
09/01/2000,PDT,OR,ANM,WE,Federal Contract Tower,0,13,4,2,19,0,11,37,9,57,0,24,41,11,76,22,0,22,98
09/02/2000,PDT,OR,ANM,WE,Federal Contract Tower,0,8,2,1,11,0,2,25,0,27,0,10,27,1,38,0,0,0,38
09/03/2000,PDT,OR,ANM,WE,Federal Contract Tower,0,5,1,1,7,0,1,28,3,32,0,6,29,4,39,2,0,2,41
09/04/2000,PDT,OR,ANM,WE,Federal Contract Tower,0,7,2,1,10,0,1,48,3,52,0,8,50,4,62,54,0,54,116
09/05/2000,PDT,OR,ANM,WE,Federal Contract Tower,0,10,3,2,15,0,16,57,4,77,0,26,60,6,92,30,0,30,122
09/06/2000,PDT,OR,ANM,WE,Federal Contract Tower,0,16,5,2,23,0,10,59,4,73,0,26,64,6,96,26,0,26,122
09/07/2000,PDT,OR,ANM,WE,Federal Contract Tower,0,11,3,2,16,0,17,75,3,95,0,28,78,5,111,14,0,14,125
09/08/2000,PDT,OR,ANM,WE,Federal Contract Tower,0,15,4,0,19,0,9,25,0,34,0,24,29,0,53,8,0,8,61
09/09/2000,PDT,OR,ANM,WE,Federal Contract Tower,0,5,1,1,7,0,5,26,1,32,0,10,27,2,39,8,0,8,47
09/10/2000,PDT,OR,ANM,WE,Federal Contract Tower,0,4,3,2,9,0,0,33,5,38,0,4,36,7,47,28,0,28,75
09/11/2000,PDT,OR,ANM,WE,Federal Contract Tower,0,8,2,0,10,0,18,50,0,68,0,26,52,0,78,44,2,46,124
09/12/2000,PDT,OR,ANM,WE,Federal Contract Tower,0,10,3,0,13,0,16,61,0,77,0,26,64,0,90,32,0,32,122
09/13/2000,PDT,OR,ANM,WE,Federal Contract Tower,0,17,5,2,24,0,11,48,5,64,0,28,53,7,88,30,2,32,120
09/14/2000,PDT,OR,ANM,WE,Federal Contract Tower,0,18,5,2,25,0,6,56,9,71,0,24,61,11,96,76,2,78,174
09/15/2000,PDT,OR,ANM,WE,Federal Contract Tower,0,16,3,2,21,0,18,84,8,110,0,34,87,10,131,106,20,126,257
09/16/2000,PDT,OR,ANM,WE,Federal Contract Tower,0,19,4,2,25,0,3,82,2,87,0,22,86,4,112,96,2,98,210
09/17/2000,PDT,OR,ANM,WE,Federal Contract Tower,0,6,1,0,7,0,2,55,2,59,0,8,56,2,66,14,0,14,80
09/18/2000,PDT,OR,ANM,WE,Federal Contract Tower,0,10,3,0,13,0,12,35,2,49,0,22,38,2,62,8,0,8,70
09/19/2000,PDT,OR,ANM,WE,Federal Contract Tower,0,14,4,1,19,0,12,27,1,40,0,26,31,2,59,16,20,36,95
09/20/2000,PDT,OR,ANM,WE,Federal Contract Tower,0,12,3,1,16,0,14,41,1,56,0,26,44,2,72,8,0,8,80
09/21/2000,PDT,OR,ANM,WE,Federal Contract Tower,0,17,5,0,22,0,9,38,0,47,0,26,43,0,69,8,0,8,77
09/22/2000,PDT,OR,ANM,WE,Federal Contract Tower,0,10,3,0,13,0,10,86,2,98,0,20,89,2,111,40,2,42,153
09/23/2000,PDT,OR,ANM,WE,Federal Contract Tower,0,9,3,0,12,0,3,53,6,62,0,12,56,6,74,22,10,32,106
09/24/2000,PDT,OR,ANM,WE,Federal Contract Tower,0,6,2,0,8,0,0,56,8,64,0,6,58,8,72,20,0,20,92
09/25/2000,PDT,OR,ANM,WE,Federal Contract Tower,0,10,3,0,13,0,12,47,2,61,0,22,50,2,74,14,2,16,90
09/26/2000,PDT,OR,ANM,WE,Federal Contract Tower,0,14,4,1,19,0,10,55,2,67,0,24,59,3,86,36,0,36,122
09/27/2000,PDT,OR,ANM,WE,Federal Contract Tower,0,12,3,0,15,0,14,55,0,69,0,26,58,0,84,88,0,88,172
09/28/2000,PDT,OR,ANM,WE,Federal Contract Tower,0,13,3,1,17,0,13,47,1,61,0,26,50,2,78,66,0,66,144
09/29/2000,PDT,OR,ANM,WE,Federal Contract Tower,0,11,3,1,15,0,15,37,1,53,0,26,40,2,68,4,0,4,72
09/30/2000,PDT,OR,ANM,WE,Federal Contract Tower,0,12,3,1,16,0,6,17,1,24,0,18,20,2,40,0,0,0,40
10/01/2000,PDT,OR,ANM,WE,Federal Contract Tower,0,7,1,0,8,0,1,15,0,16,0,8,16,0,24,0,0,0,24
10/02/2000,PDT,OR,ANM,WE,Federal Contract Tower,0,10,3,0,13,0,10,25,0,35,0,20,28,0,48,18,0,18,66
10/03/2000,PDT,OR,ANM,WE,Federal Contract Tower,0,15,4,1,20,0,11,54,7,72,0,26,58,8,92,40,4,44,136
10/04/2000,PDT,OR,ANM,WE,Federal Contract Tower,0,14,3,1,18,0,20,49,0,69,0,34,52,1,87,14,0,14,101
10/05/2000,PDT,OR,ANM,WE,Federal Contract Tower,0,12,3,1,16,0,14,51,11,76,0,26,54,12,92,18,0,18,110
10/06/2000,PDT,OR,ANM,WE,Federal Contract Tower,0,12,3,1,16,0,16,63,0,79,0,28,66,1,95,22,0,22,117
10/07/2000,PDT,OR,ANM,WE,Federal Contract Tower,0,11,3,1,15,0,1,53,1,55,0,12,56,2,70,20,12,32,102
10/08/2000,PDT,OR,ANM,WE,Federal Contract Tower,0,6,1,1,8,0,0,77,0,77,0,6,78,1,85,34,0,34,119
10/09/2000,PDT,OR,ANM,WE,Federal Contract Tower,0,11,3,0,14,0,7,30,0,37,0,18,33,0,51,26,2,28,79
10/10/2000,PDT,OR,ANM,WE,Federal Contract Tower,0,8,2,0,10,0,6,102,0,108,0,14,104,0,118,0,0,0,118
10/11/2000,PDT,OR,ANM,WE,Federal Contract Tower,0,26,6,2,34,0,2,40,4,46,0,28,46,6,80,0,6,6,86
10/12/2000,PDT,OR,ANM,WE,Federal Contract Tower,0,17,5,1,23,0,11,129,1,141,0,28,134,2,164,0,0,0,164
10/13/2000,PDT,OR,ANM,WE,Federal Contract Tower,0,14,3,1,18,0,8,30,11,49,0,22,33,12,67,26,12,38,105
10/14/2000,PDT,OR,ANM,WE,Federal Contract Tower,0,10,3,0,13,0,4,39,0,43,0,14,42,0,56,14,0,14,70
10/15/2000,PDT,OR,ANM,WE,Federal Contract Tower,0,6,2,0,8,0,0,89,0,89,0,6,91,0,97,52,0,52,149
10/16/2000,PDT,OR,ANM,WE,Federal Contract Tower,0,16,3,1,20,0,10,69,3,82,0,26,72,4,102,22,0,22,124
10/17/2000,PDT,OR,ANM,WE,Federal Contract Tower,0,12,2,1,15,0,14,60,1,75,0,26,62,2,90,22,0,22,112
10/18/2000,PDT,OR,ANM,WE,Federal Contract Tower,0,15,3,0,18,0,11,137,2,150,0,26,140,2,168,4,0,4,172
10/19/2000,PDT,OR,ANM,WE,Federal Contract Tower,0,14,3,0,17,0,10,57,0,67,0,24,60,0,84,12,0,12,96
10/20/2000,PDT,OR,ANM,WE,Federal Contract Tower,0,17,4,0,21,0,7,16,0,23,0,24,20,0,44,20,16,36,80
10/21/2000,PDT,OR,ANM,WE,Federal Contract Tower,0,10,2,0,12,0,10,31,3,44,0,20,33,3,56,16,0,16,72
10/22/2000,PDT,OR,ANM,WE,Federal Contract Tower,0,9,2,0,11,0,5,65,3,73,0,14,67,3,84,0,0,0,84
10/23/2000,PDT,OR,ANM,WE,Federal Contract Tower,0,15,4,0,19,0,7,47,28,82,0,22,51,28,101,6,18,24,125
10/24/2000,PDT,OR,ANM,WE,Federal Contract Tower,0,12,3,0,15,0,14,42,4,60,0,26,45,4,75,26,20,46,121
10/25/2000,PDT,OR,ANM,WE,Federal Contract Tower,0,15,3,0,18,0,9,59,2,70,0,24,62,2,88,12,20,32,120
10/26/2000,PDT,OR,ANM,WE,Federal Contract Tower,0,20,5,0,25,0,2,37,0,39,0,22,42,0,64,0,10,10,74
10/27/2000,PDT,OR,ANM,WE,Federal Contract Tower,0,18,5,0,23,0,8,45,0,53,0,26,50,0,76,8,0,8,84
10/28/2000,PDT,OR,ANM,WE,Federal Contract Tower,0,11,3,0,14,0,7,27,0,34,0,18,30,0,48,10,0,10,58
10/29/2000,PDT,OR,ANM,WE,Federal Contract Tower,0,8,3,0,11,0,0,38,0,38,0,8,41,0,49,14,0,14,63
10/30/2000,PDT,OR,ANM,WE,Federal Contract Tower,0,15,4,0,19,0,9,41,4,54,0,24,45,4,73,14,0,14,87
10/31/2000,PDT,OR,ANM,WE,Federal Contract Tower,0,22,6,0,28,0,10,30,4,44,0,32,36,4,72,12,0,12,84
11/01/2000,PDT,OR,ANM,WE,Federal Contract Tower,0,23,7,1,31,0,5,77,4,86,0,28,84,5,117,52,0,52,169
11/02/2000,PDT,OR,ANM,WE,Federal Contract Tower,0,14,3,2,19,0,16,53,0,69,0,30,56,2,88,10,6,16,104
11/03/2000,PDT,OR,ANM,WE,Federal Contract Tower,0,12,3,0,15,0,16,51,0,67,0,28,54,0,82,32,0,32,114
11/04/2000,PDT,OR,ANM,WE,Federal Contract Tower,0,13,3,2,18,0,1,121,2,124,0,14,124,4,142,0,4,4,146
11/05/2000,PDT,OR,ANM,WE,Federal Contract Tower,0,6,1,0,7,0,4,21,0,25,0,10,22,0,32,4,0,4,36
11/06/2000,PDT,OR,ANM,WE,Federal Contract Tower,0,12,3,0,15,0,12,113,0,125,0,24,116,0,140,10,0,10,150
11/07/2000,PDT,OR,ANM,WE,Federal Contract Tower,0,21,5,2,28,0,7,45,2,54,0,28,50,4,82,18,0,18,100
11/08/2000,PDT,OR,ANM,WE,Federal Contract Tower,0,24,5,2,31,0,4,9,0,13,0,28,14,2,44,0,2,2,46
11/09/2000,PDT,OR,ANM,WE,Federal Contract Tower,0,18,4,2,24,0,8,40,3,51,0,26,44,5,75,8,12,20,95
11/10/2000,PDT,OR,ANM,WE,Federal Contract Tower,0,8,2,0,10,0,14,138,0,152,0,22,140,0,162,0,0,0,162
11/11/2000,PDT,OR,ANM,WE,Federal Contract Tower,0,11,3,1,15,0,7,55,1,63,0,18,58,2,78,66,0,66,144
11/12/2000,PDT,OR,ANM,WE,Federal Contract Tower,0,6,1,0,7,0,2,27,0,29,0,8,28,0,36,36,0,36,72
11/13/2000,PDT,OR,ANM,WE,Federal Contract Tower,0,10,3,0,13,0,12,34,0,46,0,22,37,0,59,48,0,48,107
11/14/2000,PDT,OR,ANM,WE,Federal Contract Tower,0,18,5,2,25,0,10,41,6,57,0,28,46,8,82,4,4,8,90
11/15/2000,PDT,OR,ANM,WE,Federal Contract Tower,0,26,6,2,34,0,6,43,24,73,0,32,49,26,107,40,14,54,161
11/16/2000,PDT,OR,ANM,WE,Federal Contract Tower,0,25,6,2,33,0,7,26,20,53,0,32,32,22,86,8,44,52,138
11/17/2000,PDT,OR,ANM,WE,Federal Contract Tower,0,18,4,1,23,0,8,30,3,41,0,26,34,4,64,16,26,42,106
11/18/2000,PDT,OR,ANM,WE,Federal Contract Tower,0,14,3,1,18,0,0,30,9,39,0,14,33,10,57,2,0,2,59
11/19/2000,PDT,OR,ANM,WE,Federal Contract Tower,0,8,2,0,10,0,0,22,0,22,0,8,24,0,32,0,0,0,32
11/20/2000,PDT,OR,ANM,WE,Federal Contract Tower,0,14,3,0,17,0,4,13,0,17,0,18,16,0,34,0,0,0,34
11/21/2000,PDT,OR,ANM,WE,Federal Contract Tower,0,25,6,0,31,0,1,5,0,6,0,26,11,0,37,0,0,0,37
11/22/2000,PDT,OR,ANM,WE,Federal Contract Tower,0,10,3,0,13,0,2,5,0,7,0,12,8,0,20,0,0,0,20
11/23/2000,PDT,OR,ANM,WE,Federal Contract Tower,0,5,0,0,5,0,1,0,0,1,0,6,0,0,6,0,0,0,6
11/24/2000,PDT,OR,ANM,WE,Federal Contract Tower,0,5,0,0,5,0,1,0,0,1,0,6,0,0,6,0,0,0,6
11/25/2000,PDT,OR,ANM,WE,Federal Contract Tower,0,6,0,0,6,0,1,0,0,1,0,7,0,0,7,0,0,0,7
11/26/2000,PDT,OR,ANM,WE,Federal Contract Tower,0,7,1,0,8,0,1,12,0,13,0,8,13,0,21,6,0,6,27
11/27/2000,PDT,OR,ANM,WE,Federal Contract Tower,0,14,3,1,18,0,8,18,4,30,0,22,21,5,48,16,4,20,68
11/28/2000,PDT,OR,ANM,WE,Federal Contract Tower,0,20,5,1,26,0,6,45,13,64,0,26,50,14,90,8,14,22,112
11/29/2000,PDT,OR,ANM,WE,Federal Contract Tower,0,16,4,0,20,0,10,14,0,24,0,26,18,0,44,8,0,8,52
11/30/2000,PDT,OR,ANM,WE,Federal Contract Tower,0,17,4,1,22,0,9,33,17,59,0,26,37,18,81,48,52,100,181
12/01/2000,PDT,OR,ANM,WE,Federal Contract Tower,0,2,0,0,2,0,0,2,0,2,0,2,2,0,4,0,0,0,4
12/02/2000,PDT,OR,ANM,WE,Federal Contract Tower,0,12,1,1,14,0,5,24,14,43,0,17,25,15,57,6,38,44,101
12/03/2000,PDT,OR,ANM,WE,Federal Contract Tower,0,6,0,0,6,0,0,52,0,52,0,6,52,0,58,0,0,0,58
12/04/2000,PDT,OR,ANM,WE,Federal Contract Tower,0,16,2,0,18,0,6,16,0,22,0,22,18,0,40,0,0,0,40
12/05/2000,PDT,OR,ANM,WE,Federal Contract Tower,0,19,3,0,22,0,7,11,0,18,0,26,14,0,40,0,0,0,40
12/06/2000,PDT,OR,ANM,WE,Federal Contract Tower,0,20,4,2,26,0,2,47,4,53,0,22,51,6,79,0,12,12,91
12/07/2000,PDT,OR,ANM,WE,Federal Contract Tower,0,19,3,2,24,0,3,50,0,53,0,22,53,2,77,0,10,10,87
12/08/2000,PDT,OR,ANM,WE,Federal Contract Tower,0,20,3,2,25,0,0,50,6,56,0,20,53,8,81,0,14,14,95
12/09/2000,PDT,OR,ANM,WE,Federal Contract Tower,0,8,2,0,10,0,7,16,0,23,0,15,18,0,33,22,0,22,55
12/10/2000,PDT,OR,ANM,WE,Federal Contract Tower,0,7,0,0,7,0,1,14,0,15,0,8,14,0,22,6,0,6,28
12/11/2000,PDT,OR,ANM,WE,Federal Contract Tower,0,18,3,2,23,0,6,27,14,47,0,24,30,16,70,8,16,24,94
12/12/2000,PDT,OR,ANM,WE,Federal Contract Tower,0,19,3,2,24,0,7,21,0,28,0,26,24,2,52,16,6,22,74
12/13/2000,PDT,OR,ANM,WE,Federal Contract Tower,0,16,0,2,18,0,0,0,2,2,0,16,0,4,20,0,0,0,20
12/14/2000,PDT,OR,ANM,WE,Federal Contract Tower,0,16,2,0,18,0,2,1,0,3,0,18,3,0,21,0,0,0,21
12/15/2000,PDT,OR,ANM,WE,Federal Contract Tower,0,17,3,0,20,0,9,16,0,25,0,26,19,0,45,0,0,0,45
12/16/2000,PDT,OR,ANM,WE,Federal Contract Tower,0,11,1,2,14,0,11,7,0,18,0,22,8,2,32,2,0,2,34
12/17/2000,PDT,OR,ANM,WE,Federal Contract Tower,0,7,0,0,7,0,7,20,0,27,0,14,20,0,34,6,0,6,40
12/18/2000,PDT,OR,ANM,WE,Federal Contract Tower,0,9,2,1,12,0,13,50,11,74,0,22,52,12,86,12,18,30,116
12/19/2000,PDT,OR,ANM,WE,Federal Contract Tower,0,30,5,3,38,0,0,7,9,16,0,30,12,12,54,0,30,30,84
12/20/2000,PDT,OR,ANM,WE,Federal Contract Tower,0,21,4,0,25,8,7,10,0,25,8,28,14,0,50,0,0,0,50
12/21/2000,PDT,OR,ANM,WE,Federal Contract Tower,0,24,3,3,30,0,6,5,9,20,0,30,8,12,50,0,36,36,86
12/22/2000,PDT,OR,ANM,WE,Federal Contract Tower,0,4,0,0,4,0,0,2,0,2,0,4,2,0,6,0,0,0,6
12/23/2000,PDT,OR,ANM,WE,Federal Contract Tower,0,2,0,0,2,0,0,0,0,0,0,2,0,0,2,0,0,0,2
12/24/2000,PDT,OR,ANM,WE,Federal Contract Tower,0,8,2,0,10,0,0,19,0,19,0,8,21,0,29,12,0,12,41
12/25/2000,PDT,OR,ANM,WE,Federal Contract Tower,0,2,0,0,2,0,1,4,0,5,0,3,4,0,7,0,0,0,7
12/26/2000,PDT,OR,ANM,WE,Federal Contract Tower,0,5,0,0,5,0,19,20,0,39,0,24,20,0,44,36,0,36,80
12/27/2000,PDT,OR,ANM,WE,Federal Contract Tower,0,15,0,1,16,0,11,0,9,20,0,26,0,10,36,0,36,36,72
12/28/2000,PDT,OR,ANM,WE,Federal Contract Tower,0,20,0,1,21,0,2,0,1,3,0,22,0,2,24,0,10,10,34
12/29/2000,PDT,OR,ANM,WE,Federal Contract Tower,0,26,4,2,32,0,0,3,7,10,0,26,7,9,42,0,22,22,64
12/30/2000,PDT,OR,ANM,WE,Federal Contract Tower,0,13,2,0,15,0,3,8,0,11,0,16,10,0,26,22,0,22,48
12/31/2000,PDT,OR,ANM,WE,Federal Contract Tower,0,8,1,0,9,0,6,23,2,31,0,14,24,2,40,64,0,64,104
01/01/2001,PDT,OR,ANM,WE,Federal Contract Tower,0,0,0,0,0,0,1,0,0,1,0,1,0,0,1,0,0,0,1
01/02/2001,PDT,OR,ANM,WE,Federal Contract Tower,0,19,4,1,24,0,5,6,1,12,0,24,10,2,36,0,0,0,36
01/03/2001,PDT,OR,ANM,WE,Federal Contract Tower,0,20,5,1,26,0,6,1,1,8,0,26,6,2,34,20,0,20,54
01/04/2001,PDT,OR,ANM,WE,Federal Contract Tower,0,15,4,1,20,0,11,38,1,50,0,26,42,2,70,52,0,52,122
01/05/2001,PDT,OR,ANM,WE,Federal Contract Tower,0,16,4,1,21,0,8,44,5,57,0,24,48,6,78,16,12,28,106
01/06/2001,PDT,OR,ANM,WE,Federal Contract Tower,0,14,3,1,18,0,0,50,4,54,0,14,53,5,72,14,0,14,86
01/07/2001,PDT,OR,ANM,WE,Federal Contract Tower,0,10,3,0,13,0,0,12,0,12,0,10,15,0,25,0,0,0,25
01/08/2001,PDT,OR,ANM,WE,Federal Contract Tower,0,20,5,0,25,0,8,22,0,30,0,28,27,0,55,14,0,14,69
01/09/2001,PDT,OR,ANM,WE,Federal Contract Tower,0,15,3,0,18,0,5,29,0,34,0,20,32,0,52,32,0,32,84
01/10/2001,PDT,OR,ANM,WE,Federal Contract Tower,0,19,5,0,24,0,11,13,0,24,0,30,18,0,48,8,0,8,56
01/11/2001,PDT,OR,ANM,WE,Federal Contract Tower,0,15,4,0,19,0,6,0,0,6,0,21,4,0,25,0,0,0,25
01/12/2001,PDT,OR,ANM,WE,Federal Contract Tower,0,18,4,1,23,0,6,5,6,17,0,24,9,7,40,0,0,0,40
01/13/2001,PDT,OR,ANM,WE,Federal Contract Tower,0,15,4,1,20,0,1,9,2,12,0,16,13,3,32,16,0,16,48
01/14/2001,PDT,OR,ANM,WE,Federal Contract Tower,0,6,2,1,9,0,0,8,36,44,0,6,10,37,53,10,0,10,63
01/15/2001,PDT,OR,ANM,WE,Federal Contract Tower,0,12,1,1,14,0,4,7,3,14,0,16,8,4,28,8,0,8,36
01/16/2001,PDT,OR,ANM,WE,Federal Contract Tower,0,17,3,0,20,0,9,37,0,46,0,26,40,0,66,6,0,6,72
01/17/2001,PDT,OR,ANM,WE,Federal Contract Tower,0,17,3,1,21,0,10,6,7,23,0,27,9,8,44,0,16,16,60
01/18/2001,PDT,OR,ANM,WE,Federal Contract Tower,0,16,4,0,20,0,4,3,0,7,0,20,7,0,27,2,18,20,47
01/19/2001,PDT,OR,ANM,WE,Federal Contract Tower,0,5,0,0,5,0,1,0,0,1,0,6,0,0,6,0,0,0,6
01/20/2001,PDT,OR,ANM,WE,Federal Contract Tower,0,6,2,0,8,0,0,3,0,3,0,6,5,0,11,0,0,0,11
01/21/2001,PDT,OR,ANM,WE,Federal Contract Tower,0,5,0,0,5,0,1,6,0,7,0,6,6,0,12,18,0,18,30
01/22/2001,PDT,OR,ANM,WE,Federal Contract Tower,0,16,3,0,19,0,10,7,0,17,0,26,10,0,36,8,0,8,44
01/23/2001,PDT,OR,ANM,WE,Federal Contract Tower,0,21,5,0,26,0,5,11,0,16,0,26,16,0,42,0,0,0,42
01/24/2001,PDT,OR,ANM,WE,Federal Contract Tower,0,23,5,0,28,0,3,5,0,8,0,26,10,0,36,18,0,18,54
01/25/2001,PDT,OR,ANM,WE,Federal Contract Tower,0,24,6,0,30,0,1,32,0,33,0,25,38,0,63,63,0,63,126
01/26/2001,PDT,OR,ANM,WE,Federal Contract Tower,0,10,2,0,12,0,0,0,0,0,0,10,2,0,12,0,0,0,12
01/27/2001,PDT,OR,ANM,WE,Federal Contract Tower,0,11,2,0,13,0,2,12,0,14,0,13,14,0,27,4,0,4,31
01/28/2001,PDT,OR,ANM,WE,Federal Contract Tower,0,9,2,0,11,0,3,20,0,23,0,12,22,0,34,16,0,16,50
01/29/2001,PDT,OR,ANM,WE,Federal Contract Tower,0,11,2,0,13,0,7,17,0,24,0,18,19,0,37,4,28,32,69
01/30/2001,PDT,OR,ANM,WE,Federal Contract Tower,0,21,5,0,26,0,7,31,0,38,0,28,36,0,64,25,0,25,89
01/31/2001,PDT,OR,ANM,WE,Federal Contract Tower,0,19,4,0,23,0,13,36,3,52,0,32,40,3,75,8,0,8,83
02/01/2001,PDT,OR,ANM,WE,Federal Contract Tower,0,19,5,1,25,0,9,31,5,45,0,28,36,6,70,40,20,60,130
02/02/2001,PDT,OR,ANM,WE,Federal Contract Tower,0,17,3,2,22,0,9,133,2,144,0,26,136,4,166,10,0,10,176
02/03/2001,PDT,OR,ANM,WE,Federal Contract Tower,0,10,3,1,14,0,8,37,1,46,0,18,40,2,60,26,24,50,110
02/04/2001,PDT,OR,ANM,WE,Federal Contract Tower,0,8,2,0,10,0,0,113,0,113,0,8,115,0,123,18,0,18,141
02/05/2001,PDT,OR,ANM,WE,Federal Contract Tower,0,12,3,0,15,0,9,123,0,132,0,21,126,0,147,0,0,0,147
02/06/2001,PDT,OR,ANM,WE,Federal Contract Tower,0,16,3,0,19,0,14,16,0,30,0,30,19,0,49,0,0,0,49
02/07/2001,PDT,OR,ANM,WE,Federal Contract Tower,0,24,5,2,31,0,6,51,8,65,0,30,56,10,96,30,14,44,140
02/08/2001,PDT,OR,ANM,WE,Federal Contract Tower,0,23,5,2,30,0,9,33,12,54,0,32,38,14,84,20,8,28,112
02/09/2001,PDT,OR,ANM,WE,Federal Contract Tower,0,17,3,0,20,0,7,107,0,114,0,24,110,0,134,2,0,2,136
02/10/2001,PDT,OR,ANM,WE,Federal Contract Tower,0,10,0,0,10,0,3,0,0,3,0,13,0,0,13,0,0,0,13
02/11/2001,PDT,OR,ANM,WE,Federal Contract Tower,0,8,2,0,10,0,0,102,0,102,0,8,104,0,112,0,0,0,112
02/12/2001,PDT,OR,ANM,WE,Federal Contract Tower,0,15,3,2,20,0,11,32,0,43,0,26,35,2,63,12,24,36,99
02/13/2001,PDT,OR,ANM,WE,Federal Contract Tower,0,20,4,2,26,0,4,41,0,45,0,24,45,2,71,20,0,20,91
02/14/2001,PDT,OR,ANM,WE,Federal Contract Tower,0,15,3,2,20,0,11,19,26,56,0,26,22,28,76,8,8,16,92
02/15/2001,PDT,OR,ANM,WE,Federal Contract Tower,0,15,2,0,17,0,11,116,0,127,0,26,118,0,144,8,0,8,152
02/16/2001,PDT,OR,ANM,WE,Federal Contract Tower,0,18,4,1,23,0,7,13,13,33,0,25,17,14,56,10,36,46,102
02/17/2001,PDT,OR,ANM,WE,Federal Contract Tower,0,10,0,0,10,0,2,0,0,2,0,12,0,0,12,0,0,0,12
02/18/2001,PDT,OR,ANM,WE,Federal Contract Tower,0,8,3,0,11,0,0,56,0,56,0,8,59,0,67,26,0,26,93
02/19/2001,PDT,OR,ANM,WE,Federal Contract Tower,0,10,2,0,12,0,4,28,0,32,0,14,30,0,44,10,0,10,54
02/20/2001,PDT,OR,ANM,WE,Federal Contract Tower,0,15,3,1,19,0,11,15,9,35,0,26,18,10,54,2,2,4,58
02/21/2001,PDT,OR,ANM,WE,Federal Contract Tower,0,19,4,1,24,0,9,32,7,48,0,28,36,8,72,4,0,4,76
02/22/2001,PDT,OR,ANM,WE,Federal Contract Tower,0,21,4,1,26,0,0,0,5,5,0,21,4,6,31,0,26,26,57
02/23/2001,PDT,OR,ANM,WE,Federal Contract Tower,0,22,4,1,27,0,2,28,5,35,0,24,32,6,62,0,24,24,86
02/24/2001,PDT,OR,ANM,WE,Federal Contract Tower,0,9,2,0,11,0,5,48,2,55,0,14,50,2,66,0,22,22,88
02/25/2001,PDT,OR,ANM,WE,Federal Contract Tower,0,9,2,0,11,0,0,53,2,55,0,9,55,2,66,68,0,68,134
02/26/2001,PDT,OR,ANM,WE,Federal Contract Tower,0,11,3,0,14,0,15,63,0,78,0,26,66,0,92,50,0,50,142
02/27/2001,PDT,OR,ANM,WE,Federal Contract Tower,0,15,2,1,18,0,11,74,7,92,0,26,76,8,110,40,18,58,168
02/28/2001,PDT,OR,ANM,WE,Federal Contract Tower,0,18,4,1,23,0,8,63,3,74,0,26,67,4,97,14,0,14,111
03/01/2001,PDT,OR,ANM,WE,Federal Contract Tower,0,16,6,1,23,0,12,35,19,66,0,28,41,20,89,0,34,34,123
03/02/2001,PDT,OR,ANM,WE,Federal Contract Tower,0,18,6,1,25,0,4,13,1,18,0,22,19,2,43,2,28,30,73
03/03/2001,PDT,OR,ANM,WE,Federal Contract Tower,0,10,3,0,13,0,2,31,0,33,0,12,34,0,46,12,0,12,58
03/04/2001,PDT,OR,ANM,WE,Federal Contract Tower,0,12,3,2,17,0,0,23,0,23,0,12,26,2,40,18,0,18,58
03/05/2001,PDT,OR,ANM,WE,Federal Contract Tower,0,13,4,2,19,0,5,50,8,63,0,18,54,10,82,22,0,22,104
03/06/2001,PDT,OR,ANM,WE,Federal Contract Tower,0,13,4,2,19,0,13,93,4,110,0,26,97,6,129,24,0,24,153
03/07/2001,PDT,OR,ANM,WE,Federal Contract Tower,0,16,5,2,23,0,12,80,13,105,0,28,85,15,128,38,12,50,178
03/08/2001,PDT,OR,ANM,WE,Federal Contract Tower,0,21,7,2,30,0,7,24,4,35,0,28,31,6,65,0,4,4,69
03/09/2001,PDT,OR,ANM,WE,Federal Contract Tower,0,20,6,1,27,0,5,36,0,41,0,25,42,1,68,28,0,28,96
03/10/2001,PDT,OR,ANM,WE,Federal Contract Tower,0,12,3,2,17,0,0,39,16,55,0,12,42,18,72,12,26,38,110
03/11/2001,PDT,OR,ANM,WE,Federal Contract Tower,0,8,2,1,11,0,4,34,3,41,0,12,36,4,52,40,0,40,92
03/12/2001,PDT,OR,ANM,WE,Federal Contract Tower,0,15,4,2,21,0,9,30,4,43,0,24,34,6,64,0,4,4,68
03/13/2001,PDT,OR,ANM,WE,Federal Contract Tower,0,18,5,2,25,0,8,111,3,122,0,26,116,5,147,2,0,2,149
03/14/2001,PDT,OR,ANM,WE,Federal Contract Tower,0,15,4,2,21,0,17,48,0,65,0,32,52,2,86,0,0,0,86
03/15/2001,PDT,OR,ANM,WE,Federal Contract Tower,0,17,5,2,24,0,8,23,1,32,0,25,28,3,56,26,10,36,92
03/16/2001,PDT,OR,ANM,WE,Federal Contract Tower,0,21,6,2,29,0,9,62,6,77,0,30,68,8,106,32,10,42,148
03/17/2001,PDT,OR,ANM,WE,Federal Contract Tower,0,13,3,1,17,0,3,67,1,71,0,16,70,2,88,40,0,40,128
03/18/2001,PDT,OR,ANM,WE,Federal Contract Tower,0,10,3,0,13,0,0,115,0,115,0,10,118,0,128,12,0,12,140
03/19/2001,PDT,OR,ANM,WE,Federal Contract Tower,0,12,3,0,15,0,9,25,0,34,0,21,28,0,49,26,0,26,75
03/20/2001,PDT,OR,ANM,WE,Federal Contract Tower,0,14,4,1,19,0,12,56,7,75,0,26,60,8,94,70,4,74,168
03/21/2001,PDT,OR,ANM,WE,Federal Contract Tower,0,17,4,1,22,0,9,64,5,78,0,26,68,6,100,44,2,46,146
03/22/2001,PDT,OR,ANM,WE,Federal Contract Tower,0,15,4,1,20,0,11,96,1,108,0,26,100,2,128,68,0,68,196
03/23/2001,PDT,OR,ANM,WE,Federal Contract Tower,0,12,3,0,15,0,14,67,0,81,0,26,70,0,96,30,0,30,126
03/24/2001,PDT,OR,ANM,WE,Federal Contract Tower,0,10,3,0,13,0,0,124,0,124,0,10,127,0,137,6,0,6,143
03/25/2001,PDT,OR,ANM,WE,Federal Contract Tower,0,7,2,0,9,0,1,30,0,31,0,8,32,0,40,32,0,32,72
03/26/2001,PDT,OR,ANM,WE,Federal Contract Tower,0,12,3,0,15,0,11,25,0,36,0,23,28,0,51,20,0,20,71
03/27/2001,PDT,OR,ANM,WE,Federal Contract Tower,0,17,4,1,22,0,11,44,3,58,0,28,48,4,80,8,0,8,88
03/28/2001,PDT,OR,ANM,WE,Federal Contract Tower,0,17,4,1,22,0,9,32,11,52,0,26,36,12,74,8,0,8,82
03/29/2001,PDT,OR,ANM,WE,Federal Contract Tower,0,16,4,1,21,0,6,42,3,51,0,22,46,4,72,72,24,96,168
03/30/2001,PDT,OR,ANM,WE,Federal Contract Tower,0,20,5,1,26,0,4,66,3,73,0,24,71,4,99,4,16,20,119
03/31/2001,PDT,OR,ANM,WE,Federal Contract Tower,0,13,3,0,16,0,3,39,0,42,0,16,42,0,58,4,0,4,62
04/01/2001,PDT,OR,ANM,WE,Federal Contract Tower,0,8,3,0,11,0,0,41,0,41,0,8,44,0,52,136,0,136,188
04/02/2001,PDT,OR,ANM,WE,Federal Contract Tower,0,17,4,0,21,0,7,41,0,48,0,24,45,0,69,8,0,8,77
04/03/2001,PDT,OR,ANM,WE,Federal Contract Tower,0,17,5,1,23,0,11,45,3,59,0,28,50,4,82,30,0,30,112
04/04/2001,PDT,OR,ANM,WE,Federal Contract Tower,0,16,6,1,23,0,12,46,3,61,0,28,52,4,84,30,0,30,114
04/05/2001,PDT,OR,ANM,WE,Federal Contract Tower,0,15,0,0,15,0,7,95,0,102,0,22,95,0,117,18,0,18,135
04/06/2001,PDT,OR,ANM,WE,Federal Contract Tower,0,16,3,1,20,0,6,23,1,30,0,22,26,2,50,0,8,8,58
04/07/2001,PDT,OR,ANM,WE,Federal Contract Tower,0,11,3,0,14,0,5,23,0,28,0,16,26,0,42,14,0,14,56
04/08/2001,PDT,OR,ANM,WE,Federal Contract Tower,0,8,3,0,11,0,6,28,0,34,0,14,31,0,45,6,0,6,51
04/09/2001,PDT,OR,ANM,WE,Federal Contract Tower,0,10,1,0,11,0,16,53,0,69,0,26,54,0,80,48,0,48,128
04/10/2001,PDT,OR,ANM,WE,Federal Contract Tower,0,18,9,0,27,0,12,51,0,63,0,30,60,0,90,30,0,30,120
04/11/2001,PDT,OR,ANM,WE,Federal Contract Tower,0,22,4,0,26,0,4,7,4,15,0,26,11,4,41,10,12,22,63
04/12/2001,PDT,OR,ANM,WE,Federal Contract Tower,0,18,6,0,24,0,5,47,5,57,0,23,53,5,81,22,0,22,103
04/13/2001,PDT,OR,ANM,WE,Federal Contract Tower,0,15,5,0,20,0,9,50,4,63,0,24,55,4,83,30,30,60,143
04/14/2001,PDT,OR,ANM,WE,Federal Contract Tower,0,10,3,0,13,0,6,29,0,35,0,16,32,0,48,28,0,28,76
04/15/2001,PDT,OR,ANM,WE,Federal Contract Tower,0,8,2,0,10,0,0,83,0,83,0,8,85,0,93,14,0,14,107
04/16/2001,PDT,OR,ANM,WE,Federal Contract Tower,0,9,3,0,12,0,15,43,2,60,0,24,46,2,72,8,0,8,80
04/17/2001,PDT,OR,ANM,WE,Federal Contract Tower,0,16,3,2,21,0,7,40,8,55,0,23,43,10,76,16,16,32,108
04/18/2001,PDT,OR,ANM,WE,Federal Contract Tower,0,21,8,2,31,0,3,18,5,26,0,24,26,7,57,0,40,40,97
04/19/2001,PDT,OR,ANM,WE,Federal Contract Tower,0,20,4,4,28,0,10,41,11,62,0,30,45,15,90,18,6,24,114
04/20/2001,PDT,OR,ANM,WE,Federal Contract Tower,0,16,2,2,20,0,10,54,9,73,0,26,56,11,93,16,0,16,109
04/21/2001,PDT,OR,ANM,WE,Federal Contract Tower,0,9,1,0,10,0,7,83,6,96,0,16,84,6,106,40,0,40,146
04/22/2001,PDT,OR,ANM,WE,Federal Contract Tower,0,8,0,0,8,0,6,40,4,50,0,14,40,4,58,4,0,4,62
04/23/2001,PDT,OR,ANM,WE,Federal Contract Tower,0,16,5,0,21,0,6,30,11,47,0,22,35,11,68,14,8,22,90
04/24/2001,PDT,OR,ANM,WE,Federal Contract Tower,0,17,2,4,23,0,5,36,6,47,0,22,38,10,70,14,4,18,88
04/25/2001,PDT,OR,ANM,WE,Federal Contract Tower,0,15,2,4,21,0,13,38,35,86,0,28,40,39,107,26,20,46,153
04/26/2001,PDT,OR,ANM,WE,Federal Contract Tower,0,23,2,0,25,0,7,45,11,63,0,30,47,11,88,24,0,24,112
04/27/2001,PDT,OR,ANM,WE,Federal Contract Tower,0,18,9,0,27,0,12,57,8,77,0,30,66,8,104,30,0,30,134
04/28/2001,PDT,OR,ANM,WE,Federal Contract Tower,0,11,2,0,13,0,7,28,4,39,0,18,30,4,52,30,0,30,82
04/29/2001,PDT,OR,ANM,WE,Federal Contract Tower,0,8,1,0,9,0,0,22,2,24,0,8,23,2,33,20,0,20,53
04/30/2001,PDT,OR,ANM,WE,Federal Contract Tower,0,16,2,0,18,0,0,8,4,12,0,16,10,4,30,0,16,16,46
05/01/2001,PDT,OR,ANM,WE,Federal Contract Tower,0,18,2,0,20,0,10,24,8,42,0,28,26,8,62,30,32,62,124
05/02/2001,PDT,OR,ANM,WE,Federal Contract Tower,0,16,4,1,21,0,18,47,6,71,0,34,51,7,92,14,12,26,118
05/03/2001,PDT,OR,ANM,WE,Federal Contract Tower,0,13,3,0,16,0,17,59,8,84,0,30,62,8,100,10,24,34,134
05/04/2001,PDT,OR,ANM,WE,Federal Contract Tower,0,14,2,0,16,0,14,64,14,92,0,28,66,14,108,54,12,66,174
05/05/2001,PDT,OR,ANM,WE,Federal Contract Tower,0,10,1,3,14,0,4,15,11,30,0,14,16,14,44,6,10,16,60
05/06/2001,PDT,OR,ANM,WE,Federal Contract Tower,0,8,1,0,9,0,0,41,4,45,0,8,42,4,54,10,0,10,64
05/07/2001,PDT,OR,ANM,WE,Federal Contract Tower,0,15,3,2,20,0,7,65,14,86,0,22,68,16,106,16,34,50,156
05/08/2001,PDT,OR,ANM,WE,Federal Contract Tower,0,17,4,2,23,0,15,64,8,87,0,32,68,10,110,14,16,30,140
05/09/2001,PDT,OR,ANM,WE,Federal Contract Tower,0,16,5,0,21,0,14,49,6,69,0,30,54,6,90,18,14,32,122
05/10/2001,PDT,OR,ANM,WE,Federal Contract Tower,0,17,2,0,19,0,13,64,4,81,0,30,66,4,100,14,6,20,120
05/11/2001,PDT,OR,ANM,WE,Federal Contract Tower,0,16,3,2,21,0,4,62,7,73,0,20,65,9,94,12,18,30,124
05/12/2001,PDT,OR,ANM,WE,Federal Contract Tower,0,11,3,0,14,0,1,43,0,44,0,12,46,0,58,10,0,10,68
05/13/2001,PDT,OR,ANM,WE,Federal Contract Tower,0,8,0,0,8,0,2,35,2,39,0,10,35,2,47,8,2,10,57
05/14/2001,PDT,OR,ANM,WE,Federal Contract Tower,0,18,9,0,27,0,12,27,6,45,0,30,36,6,72,0,32,32,104
05/15/2001,PDT,OR,ANM,WE,Federal Contract Tower,0,21,5,1,27,0,13,63,17,93,0,34,68,18,120,18,18,36,156
05/16/2001,PDT,OR,ANM,WE,Federal Contract Tower,0,16,3,0,19,0,12,53,4,69,0,28,56,4,88,12,2,14,102
05/17/2001,PDT,OR,ANM,WE,Federal Contract Tower,0,17,2,0,19,0,9,34,6,49,0,26,36,6,68,12,0,12,80
05/18/2001,PDT,OR,ANM,WE,Federal Contract Tower,0,17,1,0,18,0,5,62,6,73,0,22,63,6,91,0,10,10,101
05/19/2001,PDT,OR,ANM,WE,Federal Contract Tower,0,8,1,0,9,0,0,48,2,50,0,8,49,2,59,8,0,8,67
05/20/2001,PDT,OR,ANM,WE,Federal Contract Tower,0,7,0,0,7,0,0,33,2,35,0,7,33,2,42,24,2,26,68
05/21/2001,PDT,OR,ANM,WE,Federal Contract Tower,0,12,1,0,13,0,14,61,0,75,0,26,62,0,88,18,0,18,106
05/22/2001,PDT,OR,ANM,WE,Federal Contract Tower,0,13,1,0,14,0,15,73,8,96,0,28,74,8,110,50,0,50,160
05/23/2001,PDT,OR,ANM,WE,Federal Contract Tower,0,17,5,6,28,0,5,47,17,69,0,22,52,23,97,14,32,46,143
05/24/2001,PDT,OR,ANM,WE,Federal Contract Tower,0,17,4,5,26,0,5,44,16,65,0,22,48,21,91,12,28,40,131
05/25/2001,PDT,OR,ANM,WE,Federal Contract Tower,0,15,5,0,20,0,9,49,2,60,0,24,54,2,80,16,4,20,100
05/26/2001,PDT,OR,ANM,WE,Federal Contract Tower,0,11,6,0,17,0,2,47,0,49,0,13,53,0,66,58,0,58,124
05/27/2001,PDT,OR,ANM,WE,Federal Contract Tower,0,7,1,0,8,0,3,29,0,32,0,10,30,0,40,10,0,10,50
05/28/2001,PDT,OR,ANM,WE,Federal Contract Tower,0,8,8,0,16,0,0,64,0,64,0,8,72,0,80,0,0,0,80
05/29/2001,PDT,OR,ANM,WE,Federal Contract Tower,0,13,3,0,16,0,7,46,0,53,0,20,49,0,69,12,22,34,103
05/30/2001,PDT,OR,ANM,WE,Federal Contract Tower,0,19,2,0,21,0,5,55,5,65,0,24,57,5,86,14,0,14,100
05/31/2001,PDT,OR,ANM,WE,Federal Contract Tower,0,16,2,0,18,0,10,58,0,68,0,26,60,0,86,18,0,18,104
06/01/2001,PDT,OR,ANM,WE,Federal Contract Tower,0,17,0,0,17,0,9,32,2,43,0,26,32,2,60,18,0,18,78
06/02/2001,PDT,OR,ANM,WE,Federal Contract Tower,0,11,0,0,11,0,7,34,20,61,0,18,34,20,72,18,12,30,102
06/03/2001,PDT,OR,ANM,WE,Federal Contract Tower,0,8,1,0,9,0,8,29,8,45,0,16,30,8,54,12,0,12,66
06/04/2001,PDT,OR,ANM,WE,Federal Contract Tower,0,12,3,0,15,0,9,54,0,63,0,21,57,0,78,6,0,6,84
06/05/2001,PDT,OR,ANM,WE,Federal Contract Tower,0,20,4,0,24,0,4,27,17,48,0,24,31,17,72,34,14,48,120
06/06/2001,PDT,OR,ANM,WE,Federal Contract Tower,0,14,3,0,17,0,12,62,1,75,0,26,65,1,92,36,0,36,128
06/07/2001,PDT,OR,ANM,WE,Federal Contract Tower,0,16,0,0,16,0,12,61,6,79,0,28,61,6,95,30,16,46,141
06/08/2001,PDT,OR,ANM,WE,Federal Contract Tower,0,19,5,0,24,0,6,46,0,52,0,25,51,0,76,18,0,18,94
06/09/2001,PDT,OR,ANM,WE,Federal Contract Tower,0,10,3,0,13,0,2,24,0,26,0,12,27,0,39,10,0,10,49
06/10/2001,PDT,OR,ANM,WE,Federal Contract Tower,0,8,3,0,11,0,0,18,0,18,0,8,21,0,29,6,0,6,35
06/11/2001,PDT,OR,ANM,WE,Federal Contract Tower,0,16,0,4,20,0,6,42,8,56,0,22,42,12,76,16,0,16,92
06/12/2001,PDT,OR,ANM,WE,Federal Contract Tower,0,15,6,0,21,0,11,29,0,40,0,26,35,0,61,6,0,6,67
06/13/2001,PDT,OR,ANM,WE,Federal Contract Tower,0,20,3,1,24,0,8,85,9,102,0,28,88,10,126,16,14,30,156
06/14/2001,PDT,OR,ANM,WE,Federal Contract Tower,0,16,3,0,19,0,16,63,0,79,0,32,66,0,98,18,0,18,116
06/15/2001,PDT,OR,ANM,WE,Federal Contract Tower,0,15,2,0,17,0,17,72,0,89,0,32,74,0,106,16,0,16,122
06/16/2001,PDT,OR,ANM,WE,Federal Contract Tower,0,8,4,0,12,0,2,40,2,44,0,10,44,2,56,8,0,8,64
06/17/2001,PDT,OR,ANM,WE,Federal Contract Tower,0,8,5,0,13,0,0,63,0,63,0,8,68,0,76,22,0,22,98
06/18/2001,PDT,OR,ANM,WE,Federal Contract Tower,0,14,1,0,15,0,4,43,0,47,0,18,44,0,62,10,0,10,72
06/19/2001,PDT,OR,ANM,WE,Federal Contract Tower,0,14,6,2,22,0,18,55,0,73,0,32,61,2,95,14,8,22,117
06/20/2001,PDT,OR,ANM,WE,Federal Contract Tower,0,17,4,2,23,0,15,50,12,77,0,32,54,14,100,30,2,32,132
06/21/2001,PDT,OR,ANM,WE,Federal Contract Tower,0,17,3,2,22,0,15,65,8,88,0,32,68,10,110,36,20,56,166
06/22/2001,PDT,OR,ANM,WE,Federal Contract Tower,0,15,4,0,19,0,7,57,6,70,0,22,61,6,89,12,0,12,101
06/23/2001,PDT,OR,ANM,WE,Federal Contract Tower,0,10,2,0,12,0,4,39,1,44,0,14,41,1,56,10,0,10,66
06/24/2001,PDT,OR,ANM,WE,Federal Contract Tower,0,8,4,0,12,0,0,34,5,39,0,8,38,5,51,0,0,0,51
06/25/2001,PDT,OR,ANM,WE,Federal Contract Tower,0,13,3,2,18,0,11,58,3,72,0,24,61,5,90,14,2,16,106
06/26/2001,PDT,OR,ANM,WE,Federal Contract Tower,0,15,8,2,25,0,17,58,6,81,0,32,66,8,106,30,12,42,148
06/27/2001,PDT,OR,ANM,WE,Federal Contract Tower,0,17,4,0,21,0,15,36,4,55,0,32,40,4,76,8,4,12,88
06/28/2001,PDT,OR,ANM,WE,Federal Contract Tower,0,17,0,0,17,0,5,49,7,61,0,22,49,7,78,12,0,12,90
06/29/2001,PDT,OR,ANM,WE,Federal Contract Tower,0,12,4,0,16,0,8,57,4,69,0,20,61,4,85,16,0,16,101
06/30/2001,PDT,OR,ANM,WE,Federal Contract Tower,0,10,1,0,11,0,6,45,2,53,0,16,46,2,64,40,0,40,104
07/01/2001,PDT,OR,ANM,WE,Federal Contract Tower,0,8,1,0,9,0,2,57,1,60,0,10,58,1,69,12,0,12,81
07/02/2001,PDT,OR,ANM,WE,Federal Contract Tower,0,14,2,0,16,0,16,48,0,64,0,30,50,0,80,36,0,36,116
07/03/2001,PDT,OR,ANM,WE,Federal Contract Tower,0,14,2,0,16,0,16,70,0,86,0,30,72,0,102,42,0,42,144
07/04/2001,PDT,OR,ANM,WE,Federal Contract Tower,0,7,1,0,8,0,0,57,2,59,0,7,58,2,67,16,0,16,83
07/05/2001,PDT,OR,ANM,WE,Federal Contract Tower,0,17,0,2,19,0,5,46,2,53,0,22,46,4,72,18,8,26,98
07/06/2001,PDT,OR,ANM,WE,Federal Contract Tower,0,17,5,0,22,0,7,67,0,74,0,24,72,0,96,20,0,20,116
07/07/2001,PDT,OR,ANM,WE,Federal Contract Tower,0,7,3,0,10,0,11,66,2,79,0,18,69,2,89,38,0,38,127
07/08/2001,PDT,OR,ANM,WE,Federal Contract Tower,0,8,6,0,14,0,4,74,4,82,0,12,80,4,96,12,0,12,108
07/09/2001,PDT,OR,ANM,WE,Federal Contract Tower,0,13,2,0,15,0,13,76,4,93,0,26,78,4,108,20,0,20,128
07/10/2001,PDT,OR,ANM,WE,Federal Contract Tower,0,14,0,0,14,0,16,58,4,78,0,30,58,4,92,18,0,18,110
07/11/2001,PDT,OR,ANM,WE,Federal Contract Tower,0,18,7,0,25,0,14,53,2,69,0,32,60,2,94,8,0,8,102
07/12/2001,PDT,OR,ANM,WE,Federal Contract Tower,0,19,6,0,25,0,13,54,12,79,0,32,60,12,104,30,6,36,140
07/13/2001,PDT,OR,ANM,WE,Federal Contract Tower,0,17,4,0,21,0,11,50,10,71,0,28,54,10,92,24,0,24,116
07/14/2001,PDT,OR,ANM,WE,Federal Contract Tower,0,13,6,0,19,0,7,50,6,63,0,20,56,6,82,14,2,16,98
07/15/2001,PDT,OR,ANM,WE,Federal Contract Tower,0,8,7,0,15,0,4,51,12,67,0,12,58,12,82,18,10,28,110
07/16/2001,PDT,OR,ANM,WE,Federal Contract Tower,0,14,1,0,15,0,8,56,6,70,0,22,57,6,85,0,2,2,87
07/17/2001,PDT,OR,ANM,WE,Federal Contract Tower,0,16,7,0,23,0,6,44,5,55,0,22,51,5,78,0,8,8,86
07/18/2001,PDT,OR,ANM,WE,Federal Contract Tower,0,19,6,1,26,0,9,63,6,78,0,28,69,7,104,14,6,20,124
07/19/2001,PDT,OR,ANM,WE,Federal Contract Tower,0,16,1,0,17,0,12,62,7,81,0,28,63,7,98,12,8,20,118
07/20/2001,PDT,OR,ANM,WE,Federal Contract Tower,0,16,6,0,22,0,12,60,2,74,0,28,66,2,96,34,0,34,130
07/21/2001,PDT,OR,ANM,WE,Federal Contract Tower,0,7,2,0,9,0,9,72,0,81,0,16,74,0,90,30,0,30,120
07/22/2001,PDT,OR,ANM,WE,Federal Contract Tower,0,8,4,0,12,0,0,52,2,54,0,8,56,2,66,22,0,22,88
07/23/2001,PDT,OR,ANM,WE,Federal Contract Tower,0,13,8,0,21,0,9,57,2,68,0,22,65,2,89,10,6,16,105
07/24/2001,PDT,OR,ANM,WE,Federal Contract Tower,0,17,10,2,29,0,15,57,4,76,0,32,67,6,105,18,0,18,123
07/25/2001,PDT,OR,ANM,WE,Federal Contract Tower,0,19,2,3,24,0,11,63,2,76,0,30,65,5,100,20,36,56,156
07/26/2001,PDT,OR,ANM,WE,Federal Contract Tower,0,15,2,0,17,0,15,50,0,65,0,30,52,0,82,18,0,18,100
07/27/2001,PDT,OR,ANM,WE,Federal Contract Tower,0,13,0,0,13,0,17,58,0,75,0,30,58,0,88,16,0,16,104
07/28/2001,PDT,OR,ANM,WE,Federal Contract Tower,0,11,1,2,14,0,5,29,2,36,0,16,30,4,50,16,0,16,66
07/29/2001,PDT,OR,ANM,WE,Federal Contract Tower,0,8,3,0,11,0,4,30,0,34,0,12,33,0,45,4,0,4,49
07/30/2001,PDT,OR,ANM,WE,Federal Contract Tower,0,18,6,0,24,0,12,39,0,51,0,30,45,0,75,12,0,12,87
07/31/2001,PDT,OR,ANM,WE,Federal Contract Tower,0,17,3,1,21,0,13,52,1,66,0,30,55,2,87,34,10,44,131
08/01/2001,PDT,OR,ANM,WE,Federal Contract Tower,0,20,4,2,26,0,12,84,2,98,0,32,88,4,124,122,14,136,260
08/02/2001,PDT,OR,ANM,WE,Federal Contract Tower,0,15,1,0,16,0,19,193,2,214,0,34,194,2,230,192,0,192,422
08/03/2001,PDT,OR,ANM,WE,Federal Contract Tower,0,13,8,0,21,0,11,143,0,154,0,24,151,0,175,128,0,128,303
08/04/2001,PDT,OR,ANM,WE,Federal Contract Tower,0,9,5,0,14,0,1,147,6,154,0,10,152,6,168,130,0,130,298
08/05/2001,PDT,OR,ANM,WE,Federal Contract Tower,0,8,2,0,10,0,2,94,4,100,0,10,96,4,110,26,0,26,136
08/06/2001,PDT,OR,ANM,WE,Federal Contract Tower,0,14,4,0,18,0,10,74,4,88,0,24,78,4,106,2,10,12,118
08/07/2001,PDT,OR,ANM,WE,Federal Contract Tower,0,20,1,0,21,0,10,71,2,83,0,30,72,2,104,30,0,30,134
08/08/2001,PDT,OR,ANM,WE,Federal Contract Tower,0,21,3,0,24,0,5,45,16,66,0,26,48,16,90,8,0,8,98
08/09/2001,PDT,OR,ANM,WE,Federal Contract Tower,0,19,4,2,25,0,7,69,2,78,0,26,73,4,103,12,2,14,117
08/10/2001,PDT,OR,ANM,WE,Federal Contract Tower,0,19,3,0,22,0,1,49,0,50,0,20,52,0,72,10,0,10,82
08/11/2001,PDT,OR,ANM,WE,Federal Contract Tower,0,10,1,0,11,0,4,48,0,52,0,14,49,0,63,12,0,12,75
08/12/2001,PDT,OR,ANM,WE,Federal Contract Tower,0,6,4,0,10,0,4,55,0,59,0,10,59,0,69,26,0,26,95
08/13/2001,PDT,OR,ANM,WE,Federal Contract Tower,0,14,2,0,16,0,10,40,0,50,0,24,42,0,66,12,0,12,78
08/14/2001,PDT,OR,ANM,WE,Federal Contract Tower,0,19,1,0,20,0,9,65,2,76,0,28,66,2,96,20,0,20,116
08/15/2001,PDT,OR,ANM,WE,Federal Contract Tower,0,19,0,2,21,0,7,48,5,60,0,26,48,7,81,6,0,6,87
08/16/2001,PDT,OR,ANM,WE,Federal Contract Tower,0,20,3,5,28,0,6,52,5,63,0,26,55,10,91,20,10,30,121
08/17/2001,PDT,OR,ANM,WE,Federal Contract Tower,0,13,4,0,17,0,11,55,8,74,0,24,59,8,91,6,12,18,109
08/18/2001,PDT,OR,ANM,WE,Federal Contract Tower,0,11,6,0,17,0,7,35,3,45,0,18,41,3,62,8,0,8,70
08/19/2001,PDT,OR,ANM,WE,Federal Contract Tower,0,8,2,0,10,0,10,50,6,66,0,18,52,6,76,12,2,14,90
08/20/2001,PDT,OR,ANM,WE,Federal Contract Tower,0,13,2,0,15,0,15,68,8,91,0,28,70,8,106,8,0,8,114
08/21/2001,PDT,OR,ANM,WE,Federal Contract Tower,0,13,2,0,15,0,11,61,9,81,0,24,63,9,96,10,0,10,106
08/22/2001,PDT,OR,ANM,WE,Federal Contract Tower,0,17,6,1,24,0,7,41,7,55,0,24,47,8,79,2,2,4,83
08/23/2001,PDT,OR,ANM,WE,Federal Contract Tower,0,19,0,2,21,0,13,58,6,77,0,32,58,8,98,18,0,18,116
08/24/2001,PDT,OR,ANM,WE,Federal Contract Tower,2,14,5,0,21,0,14,62,4,80,2,28,67,4,101,14,0,14,115
08/25/2001,PDT,OR,ANM,WE,Federal Contract Tower,0,10,1,0,11,0,12,59,4,75,0,22,60,4,86,8,0,8,94
08/26/2001,PDT,OR,ANM,WE,Federal Contract Tower,0,6,7,0,13,0,8,49,2,59,0,14,56,2,72,30,0,30,102
08/27/2001,PDT,OR,ANM,WE,Federal Contract Tower,0,17,3,0,20,0,7,58,0,65,0,24,61,0,85,22,0,22,107
08/28/2001,PDT,OR,ANM,WE,Federal Contract Tower,0,15,8,0,23,0,9,49,6,64,0,24,57,6,87,16,0,16,103
08/29/2001,PDT,OR,ANM,WE,Federal Contract Tower,0,19,6,0,25,0,7,49,0,56,0,26,55,0,81,20,0,20,101
08/30/2001,PDT,OR,ANM,WE,Federal Contract Tower,0,15,1,2,18,0,11,58,0,69,0,26,59,2,87,24,0,24,111
08/31/2001,PDT,OR,ANM,WE,Federal Contract Tower,0,13,3,0,16,0,13,55,0,68,0,26,58,0,84,18,0,18,102
09/01/2001,PDT,OR,ANM,WE,Federal Contract Tower,0,8,1,0,9,0,10,49,0,59,0,18,50,0,68,18,0,18,86
09/02/2001,PDT,OR,ANM,WE,Federal Contract Tower,0,7,2,0,9,0,0,27,0,27,0,7,29,0,36,20,0,20,56
09/03/2001,PDT,OR,ANM,WE,Federal Contract Tower,0,10,5,0,15,0,0,54,0,54,0,10,59,0,69,44,0,44,113
09/04/2001,PDT,OR,ANM,WE,Federal Contract Tower,0,13,3,0,16,0,11,42,0,53,0,24,45,0,69,12,10,22,91
09/05/2001,PDT,OR,ANM,WE,Federal Contract Tower,0,14,6,0,20,0,12,27,0,39,0,26,33,0,59,6,0,6,65
09/06/2001,PDT,OR,ANM,WE,Federal Contract Tower,0,15,3,0,18,0,11,53,0,64,0,26,56,0,82,10,0,10,92
09/07/2001,PDT,OR,ANM,WE,Federal Contract Tower,0,15,0,2,17,0,9,39,16,64,0,24,39,18,81,42,18,60,141
09/08/2001,PDT,OR,ANM,WE,Federal Contract Tower,0,10,5,0,15,0,2,43,0,45,0,12,48,0,60,8,0,8,68
09/09/2001,PDT,OR,ANM,WE,Federal Contract Tower,0,8,1,0,9,0,0,48,4,52,0,8,49,4,61,28,0,28,89
09/10/2001,PDT,OR,ANM,WE,Federal Contract Tower,0,10,5,0,15,0,14,52,0,66,0,24,57,0,81,10,0,10,91
09/11/2001,PDT,OR,ANM,WE,Federal Contract Tower,0,0,0,0,0,0,0,1,0,1,0,0,1,0,1,2,0,2,3
09/12/2001,PDT,OR,ANM,WE,Federal Contract Tower,0,0,0,0,0,0,0,0,0,0,0,0,0,0,0,0,0,0,0
09/13/2001,PDT,OR,ANM,WE,Federal Contract Tower,0,1,0,0,1,0,0,0,0,0,0,1,0,0,1,0,0,0,1
09/14/2001,PDT,OR,ANM,WE,Federal Contract Tower,0,26,3,0,29,0,0,0,0,0,0,26,3,0,29,0,0,0,29
09/15/2001,PDT,OR,ANM,WE,Federal Contract Tower,0,16,11,0,27,0,0,0,0,0,0,16,11,0,27,0,0,0,27
09/16/2001,PDT,OR,ANM,WE,Federal Contract Tower,0,10,5,0,15,0,0,0,0,0,0,10,5,0,15,0,0,0,15
09/17/2001,PDT,OR,ANM,WE,Federal Contract Tower,0,14,6,0,20,0,4,4,0,8,0,18,10,0,28,0,0,0,28
09/18/2001,PDT,OR,ANM,WE,Federal Contract Tower,0,18,8,0,26,0,10,0,4,14,0,28,8,4,40,0,0,0,40
09/19/2001,PDT,OR,ANM,WE,Federal Contract Tower,2,18,8,0,28,0,10,10,0,20,2,28,18,0,48,0,0,0,48
09/20/2001,PDT,OR,ANM,WE,Federal Contract Tower,0,18,6,2,26,0,4,25,3,32,0,22,31,5,58,0,0,0,58
09/21/2001,PDT,OR,ANM,WE,Federal Contract Tower,0,18,2,2,22,0,4,41,1,46,0,22,43,3,68,10,0,10,78
09/22/2001,PDT,OR,ANM,WE,Federal Contract Tower,0,6,3,0,9,0,6,34,0,40,0,12,37,0,49,0,0,0,49
09/23/2001,PDT,OR,ANM,WE,Federal Contract Tower,0,6,2,0,8,0,2,49,0,51,0,8,51,0,59,0,0,0,59
09/24/2001,PDT,OR,ANM,WE,Federal Contract Tower,0,14,3,0,17,0,12,45,0,57,0,26,48,0,74,14,0,14,88
09/25/2001,PDT,OR,ANM,WE,Federal Contract Tower,0,17,2,0,19,0,9,38,0,47,0,26,40,0,66,6,0,6,72
09/26/2001,PDT,OR,ANM,WE,Federal Contract Tower,0,17,1,0,18,0,7,31,0,38,0,24,32,0,56,38,0,38,94
09/27/2001,PDT,OR,ANM,WE,Federal Contract Tower,0,18,8,0,26,0,6,31,0,37,0,24,39,0,63,22,0,22,85
09/28/2001,PDT,OR,ANM,WE,Federal Contract Tower,0,14,1,2,17,0,8,51,8,67,0,22,52,10,84,58,8,66,150
09/29/2001,PDT,OR,ANM,WE,Federal Contract Tower,0,13,5,0,18,0,3,32,1,36,0,16,37,1,54,36,2,38,92
09/30/2001,PDT,OR,ANM,WE,Federal Contract Tower,0,6,2,0,8,0,6,32,0,38,0,12,34,0,46,20,0,20,66
10/01/2001,PDT,OR,ANM,WE,Federal Contract Tower,0,16,5,0,21,0,2,37,0,39,0,18,42,0,60,12,0,12,72
10/02/2001,PDT,OR,ANM,WE,Federal Contract Tower,0,17,0,4,21,0,6,32,8,46,0,23,32,12,67,20,26,46,113
10/03/2001,PDT,OR,ANM,WE,Federal Contract Tower,0,15,4,4,23,0,6,53,6,65,0,21,57,10,88,10,0,10,98
10/04/2001,PDT,OR,ANM,WE,Federal Contract Tower,0,16,3,4,23,0,8,52,2,62,0,24,55,6,85,16,0,16,101
10/05/2001,PDT,OR,ANM,WE,Federal Contract Tower,0,13,0,0,13,0,11,41,2,54,0,24,41,2,67,8,0,8,75
10/06/2001,PDT,OR,ANM,WE,Federal Contract Tower,0,10,4,2,16,0,14,24,0,38,0,24,28,2,54,14,2,16,70
10/07/2001,PDT,OR,ANM,WE,Federal Contract Tower,0,6,0,0,6,0,6,36,2,44,0,12,36,2,50,14,0,14,64
10/08/2001,PDT,OR,ANM,WE,Federal Contract Tower,0,10,0,0,10,0,2,15,0,17,0,12,15,0,27,0,0,0,27
10/09/2001,PDT,OR,ANM,WE,Federal Contract Tower,0,18,2,3,23,0,6,45,1,52,0,24,47,4,75,16,0,16,91
10/10/2001,PDT,OR,ANM,WE,Federal Contract Tower,0,17,1,4,22,0,11,44,9,64,0,28,45,13,86,16,10,26,112
10/11/2001,PDT,OR,ANM,WE,Federal Contract Tower,0,18,4,3,25,0,10,38,4,52,0,28,42,7,77,10,20,30,107
10/12/2001,PDT,OR,ANM,WE,Federal Contract Tower,0,18,6,4,28,0,4,41,3,48,0,22,47,7,76,16,12,28,104
10/13/2001,PDT,OR,ANM,WE,Federal Contract Tower,0,8,1,8,17,0,6,44,12,62,0,14,45,20,79,10,10,20,99
10/14/2001,PDT,OR,ANM,WE,Federal Contract Tower,0,6,6,5,17,0,2,27,3,32,0,8,33,8,49,0,0,0,49
10/15/2001,PDT,OR,ANM,WE,Federal Contract Tower,0,13,1,2,16,0,7,42,2,51,0,20,43,4,67,8,8,16,83
10/16/2001,PDT,OR,ANM,WE,Federal Contract Tower,0,20,4,8,32,0,8,38,8,54,0,28,42,16,86,26,36,62,148
10/17/2001,PDT,OR,ANM,WE,Federal Contract Tower,0,17,2,3,22,0,9,29,6,44,0,26,31,9,66,0,26,26,92
10/18/2001,PDT,OR,ANM,WE,Federal Contract Tower,0,17,6,3,26,0,11,32,3,46,0,28,38,6,72,12,4,16,88
10/19/2001,PDT,OR,ANM,WE,Federal Contract Tower,0,20,1,2,23,0,12,45,6,63,0,32,46,8,86,10,0,10,96
10/20/2001,PDT,OR,ANM,WE,Federal Contract Tower,0,9,4,0,13,0,2,37,0,39,0,11,41,0,52,0,0,0,52
10/21/2001,PDT,OR,ANM,WE,Federal Contract Tower,0,5,3,2,10,0,0,8,0,8,0,5,11,2,18,0,0,0,18
10/22/2001,PDT,OR,ANM,WE,Federal Contract Tower,0,12,1,1,14,0,12,20,1,33,0,24,21,2,47,2,32,34,81
10/23/2001,PDT,OR,ANM,WE,Federal Contract Tower,0,17,4,0,21,0,8,10,0,18,0,25,14,0,39,0,0,0,39
10/24/2001,PDT,OR,ANM,WE,Federal Contract Tower,0,20,5,9,34,0,8,57,13,78,0,28,62,22,112,18,36,54,166
10/25/2001,PDT,OR,ANM,WE,Federal Contract Tower,0,19,2,2,23,0,9,36,12,57,0,28,38,14,80,12,12,24,104
10/26/2001,PDT,OR,ANM,WE,Federal Contract Tower,0,17,5,1,23,0,5,27,1,33,0,22,32,2,56,10,18,28,84
10/27/2001,PDT,OR,ANM,WE,Federal Contract Tower,0,8,3,0,11,0,2,26,0,28,0,10,29,0,39,6,0,6,45
10/28/2001,PDT,OR,ANM,WE,Federal Contract Tower,0,4,1,0,5,0,0,16,0,16,0,4,17,0,21,24,0,24,45
10/29/2001,PDT,OR,ANM,WE,Federal Contract Tower,0,16,5,0,21,0,11,29,0,40,0,27,34,0,61,0,0,0,61
10/30/2001,PDT,OR,ANM,WE,Federal Contract Tower,0,19,3,2,24,0,1,9,0,10,0,20,12,2,34,4,0,4,38
10/31/2001,PDT,OR,ANM,WE,Federal Contract Tower,0,19,2,3,24,0,9,34,7,50,0,28,36,10,74,4,4,8,82
11/01/2001,PDT,OR,ANM,WE,Federal Contract Tower,0,19,2,1,22,0,1,23,3,27,0,20,25,4,49,12,38,50,99
11/02/2001,PDT,OR,ANM,WE,Federal Contract Tower,0,18,0,6,24,0,2,36,11,49,0,20,36,17,73,34,0,34,107
11/03/2001,PDT,OR,ANM,WE,Federal Contract Tower,0,8,12,3,23,0,0,53,1,54,0,8,65,4,77,6,10,16,93
11/04/2001,PDT,OR,ANM,WE,Federal Contract Tower,0,4,2,4,10,0,0,8,0,8,0,4,10,4,18,0,4,4,22
11/05/2001,PDT,OR,ANM,WE,Federal Contract Tower,0,14,4,1,19,0,4,41,9,54,0,18,45,10,73,20,10,30,103
11/06/2001,PDT,OR,ANM,WE,Federal Contract Tower,0,22,10,2,34,0,0,44,1,45,0,22,54,3,79,14,0,14,93
11/07/2001,PDT,OR,ANM,WE,Federal Contract Tower,0,16,4,2,22,0,4,37,2,43,0,20,41,4,65,74,26,100,165
11/08/2001,PDT,OR,ANM,WE,Federal Contract Tower,0,17,9,5,31,0,6,42,1,49,0,23,51,6,80,52,22,74,154
11/09/2001,PDT,OR,ANM,WE,Federal Contract Tower,0,2,5,0,7,0,0,0,0,0,0,2,5,0,7,0,0,0,7
11/10/2001,PDT,OR,ANM,WE,Federal Contract Tower,0,4,1,0,5,0,0,0,0,0,0,4,1,0,5,0,0,0,5
11/11/2001,PDT,OR,ANM,WE,Federal Contract Tower,0,3,2,0,5,0,0,0,0,0,0,3,2,0,5,0,0,0,5
11/12/2001,PDT,OR,ANM,WE,Federal Contract Tower,0,6,2,0,8,0,0,1,0,1,0,6,3,0,9,0,0,0,9
11/13/2001,PDT,OR,ANM,WE,Federal Contract Tower,0,20,2,2,24,0,1,35,2,38,0,21,37,4,62,24,2,26,88
11/14/2001,PDT,OR,ANM,WE,Federal Contract Tower,0,21,6,6,33,0,7,29,8,44,0,28,35,14,77,6,4,10,87
11/15/2001,PDT,OR,ANM,WE,Federal Contract Tower,0,18,7,0,25,0,10,32,2,44,0,28,39,2,69,10,8,18,87
11/16/2001,PDT,OR,ANM,WE,Federal Contract Tower,0,16,3,3,22,0,8,35,1,44,0,24,38,4,66,8,0,8,74
11/17/2001,PDT,OR,ANM,WE,Federal Contract Tower,0,8,10,6,24,0,4,44,4,52,0,12,54,10,76,120,8,128,204
11/18/2001,PDT,OR,ANM,WE,Federal Contract Tower,0,2,0,5,7,0,2,48,7,57,0,4,48,12,64,34,4,38,102
11/19/2001,PDT,OR,ANM,WE,Federal Contract Tower,0,10,9,0,19,0,4,5,0,9,0,14,14,0,28,16,0,16,44
11/20/2001,PDT,OR,ANM,WE,Federal Contract Tower,0,17,8,5,30,0,5,39,1,45,0,22,47,6,75,42,30,72,147
11/21/2001,PDT,OR,ANM,WE,Federal Contract Tower,0,15,6,3,24,0,8,36,1,45,0,23,42,4,69,36,6,42,111
11/22/2001,PDT,OR,ANM,WE,Federal Contract Tower,0,6,0,0,6,0,0,10,0,10,0,6,10,0,16,2,0,2,18
11/23/2001,PDT,OR,ANM,WE,Federal Contract Tower,0,17,0,0,17,0,9,36,0,45,0,26,36,0,62,40,0,40,102
11/24/2001,PDT,OR,ANM,WE,Federal Contract Tower,0,7,2,0,9,0,5,24,0,29,0,12,26,0,38,6,0,6,44
11/25/2001,PDT,OR,ANM,WE,Federal Contract Tower,0,4,4,0,8,0,0,1,0,1,0,4,5,0,9,0,0,0,9
11/26/2001,PDT,OR,ANM,WE,Federal Contract Tower,0,12,1,0,13,0,2,41,4,47,0,14,42,4,60,64,16,80,140
11/27/2001,PDT,OR,ANM,WE,Federal Contract Tower,0,20,5,3,28,0,8,53,5,66,0,28,58,8,94,38,6,44,138
11/28/2001,PDT,OR,ANM,WE,Federal Contract Tower,0,19,5,0,24,0,5,21,0,26,0,24,26,0,50,0,0,0,50
11/29/2001,PDT,OR,ANM,WE,Federal Contract Tower,0,17,1,0,18,0,7,15,4,26,0,24,16,4,44,8,24,32,76
11/30/2001,PDT,OR,ANM,WE,Federal Contract Tower,0,22,0,1,23,0,2,20,5,27,0,24,20,6,50,8,16,24,74
12/01/2001,PDT,OR,ANM,WE,Federal Contract Tower,0,6,2,0,8,0,1,4,2,7,0,7,6,2,15,2,10,12,27
12/02/2001,PDT,OR,ANM,WE,Federal Contract Tower,0,4,2,0,6,0,0,8,0,8,0,4,10,0,14,16,0,16,30
12/03/2001,PDT,OR,ANM,WE,Federal Contract Tower,0,15,3,1,19,0,3,20,1,24,0,18,23,2,43,0,0,0,43
12/04/2001,PDT,OR,ANM,WE,Federal Contract Tower,0,20,7,1,28,0,6,39,3,48,0,26,46,4,76,14,14,28,104
12/05/2001,PDT,OR,ANM,WE,Federal Contract Tower,0,21,2,0,23,0,5,42,4,51,0,26,44,4,74,8,8,16,90
12/06/2001,PDT,OR,ANM,WE,Federal Contract Tower,0,19,4,1,24,0,5,28,7,40,0,24,32,8,64,4,10,14,78
12/07/2001,PDT,OR,ANM,WE,Federal Contract Tower,0,16,5,0,21,0,4,44,0,48,0,20,49,0,69,24,0,24,93
12/08/2001,PDT,OR,ANM,WE,Federal Contract Tower,0,7,1,2,10,0,1,25,2,28,0,8,26,4,38,12,8,20,58
12/09/2001,PDT,OR,ANM,WE,Federal Contract Tower,0,4,3,0,7,0,0,20,2,22,0,4,23,2,29,0,4,4,33
12/10/2001,PDT,OR,ANM,WE,Federal Contract Tower,0,14,3,0,17,0,2,18,0,20,0,16,21,0,37,10,0,10,47
12/11/2001,PDT,OR,ANM,WE,Federal Contract Tower,0,22,5,0,27,0,4,25,4,33,0,26,30,4,60,12,16,28,88
12/12/2001,PDT,OR,ANM,WE,Federal Contract Tower,0,20,10,0,30,0,8,36,0,44,0,28,46,0,74,18,0,18,92
12/13/2001,PDT,OR,ANM,WE,Federal Contract Tower,0,17,3,0,20,0,1,24,15,40,0,18,27,15,60,0,8,8,68
12/14/2001,PDT,OR,ANM,WE,Federal Contract Tower,0,16,4,0,20,0,4,6,0,10,0,20,10,0,30,0,0,0,30
12/15/2001,PDT,OR,ANM,WE,Federal Contract Tower,0,9,1,0,10,0,4,28,0,32,0,13,29,0,42,26,0,26,68
12/16/2001,PDT,OR,ANM,WE,Federal Contract Tower,0,4,2,0,6,0,0,4,0,4,0,4,6,0,10,0,0,0,10
12/17/2001,PDT,OR,ANM,WE,Federal Contract Tower,0,18,8,0,26,0,0,31,4,35,0,18,39,4,61,22,12,34,95
12/18/2001,PDT,OR,ANM,WE,Federal Contract Tower,0,19,0,3,22,0,9,36,5,50,0,28,36,8,72,8,18,26,98
12/19/2001,PDT,OR,ANM,WE,Federal Contract Tower,0,19,6,3,28,0,11,44,5,60,0,30,50,8,88,34,10,44,132
12/20/2001,PDT,OR,ANM,WE,Federal Contract Tower,0,20,2,6,28,0,2,24,12,38,0,22,26,18,66,8,16,24,90
12/21/2001,PDT,OR,ANM,WE,Federal Contract Tower,0,14,3,5,22,0,0,37,6,43,0,14,40,11,65,8,12,20,85
12/22/2001,PDT,OR,ANM,WE,Federal Contract Tower,0,3,0,0,3,0,1,20,2,23,0,4,20,2,26,4,0,4,30
12/23/2001,PDT,OR,ANM,WE,Federal Contract Tower,0,4,3,0,7,0,1,13,0,14,0,5,16,0,21,10,0,10,31
12/24/2001,PDT,OR,ANM,WE,Federal Contract Tower,0,16,2,0,18,0,4,17,0,21,0,20,19,0,39,16,0,16,55
12/25/2001,PDT,OR,ANM,WE,Federal Contract Tower,0,4,0,0,4,0,0,0,0,0,0,4,0,0,4,0,0,0,4
12/26/2001,PDT,OR,ANM,WE,Federal Contract Tower,0,18,0,1,19,0,0,29,0,29,0,18,29,1,48,12,0,12,60
12/27/2001,PDT,OR,ANM,WE,Federal Contract Tower,0,24,8,1,33,0,8,24,3,35,0,32,32,4,68,18,6,24,92
12/28/2001,PDT,OR,ANM,WE,Federal Contract Tower,0,16,2,0,18,0,10,24,0,34,0,26,26,0,52,4,0,4,56
12/29/2001,PDT,OR,ANM,WE,Federal Contract Tower,0,6,0,0,6,0,2,4,0,6,0,8,4,0,12,0,0,0,12
12/30/2001,PDT,OR,ANM,WE,Federal Contract Tower,0,4,0,0,4,0,0,0,0,0,0,4,0,0,4,0,0,0,4
12/31/2001,PDT,OR,ANM,WE,Federal Contract Tower,0,14,0,0,14,0,4,6,0,10,0,18,6,0,24,6,0,6,30
01/01/2002,PDT,OR,ANM,WE,Federal Contract Tower,0,4,1,0,5,0,0,1,0,1,0,4,2,0,6,0,0,0,6
01/02/2002,PDT,OR,ANM,WE,Federal Contract Tower,0,11,1,0,12,0,0,0,0,0,0,11,1,0,12,0,0,0,12
01/03/2002,PDT,OR,ANM,WE,Federal Contract Tower,0,13,3,3,19,0,2,1,0,3,0,15,4,3,22,0,0,0,22
01/04/2002,PDT,OR,ANM,WE,Federal Contract Tower,0,11,2,1,14,0,2,13,5,20,0,13,15,6,34,6,28,34,68
01/05/2002,PDT,OR,ANM,WE,Federal Contract Tower,0,4,3,1,8,0,0,3,0,3,0,4,6,1,11,0,0,0,11
01/06/2002,PDT,OR,ANM,WE,Federal Contract Tower,0,2,0,3,5,0,0,6,0,6,0,2,6,3,11,0,0,0,11
01/07/2002,PDT,OR,ANM,WE,Federal Contract Tower,0,14,2,0,16,0,3,30,8,41,0,17,32,8,57,4,26,30,87
01/08/2002,PDT,OR,ANM,WE,Federal Contract Tower,0,14,2,3,19,0,12,35,5,52,0,26,37,8,71,12,0,12,83
01/09/2002,PDT,OR,ANM,WE,Federal Contract Tower,0,16,2,1,19,0,12,29,5,46,0,28,31,6,65,18,42,60,125
01/10/2002,PDT,OR,ANM,WE,Federal Contract Tower,0,19,8,1,28,0,11,50,1,62,0,30,58,2,90,42,0,42,132
01/11/2002,PDT,OR,ANM,WE,Federal Contract Tower,0,18,3,0,21,0,10,51,0,61,0,28,54,0,82,0,44,44,126
01/12/2002,PDT,OR,ANM,WE,Federal Contract Tower,0,7,0,0,7,0,1,2,0,3,0,8,2,0,10,0,0,0,10
01/13/2002,PDT,OR,ANM,WE,Federal Contract Tower,0,4,3,0,7,0,0,53,0,53,0,4,56,0,60,36,0,36,96
01/14/2002,PDT,OR,ANM,WE,Federal Contract Tower,0,16,6,0,22,0,8,37,10,55,0,24,43,10,77,12,22,34,111
01/15/2002,PDT,OR,ANM,WE,Federal Contract Tower,0,14,2,5,21,0,14,46,2,62,0,28,48,7,83,36,16,52,135
01/16/2002,PDT,OR,ANM,WE,Federal Contract Tower,0,18,5,0,23,0,10,33,8,51,0,28,38,8,74,12,6,18,92
01/17/2002,PDT,OR,ANM,WE,Federal Contract Tower,0,18,4,4,26,0,10,40,4,54,0,28,44,8,80,18,2,20,100
01/18/2002,PDT,OR,ANM,WE,Federal Contract Tower,0,18,4,2,24,0,3,24,8,35,0,21,28,10,59,12,2,14,73
01/19/2002,PDT,OR,ANM,WE,Federal Contract Tower,0,5,0,0,5,0,2,3,0,5,0,7,3,0,10,0,0,0,10
01/20/2002,PDT,OR,ANM,WE,Federal Contract Tower,0,4,5,0,9,0,0,0,0,0,0,4,5,0,9,0,0,0,9
01/21/2002,PDT,OR,ANM,WE,Federal Contract Tower,0,11,2,0,13,0,5,23,0,28,0,16,25,0,41,28,0,28,69
01/22/2002,PDT,OR,ANM,WE,Federal Contract Tower,0,20,8,2,30,0,12,42,6,60,0,32,50,8,90,20,0,20,110
01/23/2002,PDT,OR,ANM,WE,Federal Contract Tower,0,22,2,4,28,0,12,38,2,52,0,34,40,6,80,20,14,34,114
01/24/2002,PDT,OR,ANM,WE,Federal Contract Tower,0,20,3,0,23,0,2,18,0,20,0,22,21,0,43,8,0,8,51
01/25/2002,PDT,OR,ANM,WE,Federal Contract Tower,0,15,3,0,18,0,5,10,0,15,0,20,13,0,33,6,0,6,39
01/26/2002,PDT,OR,ANM,WE,Federal Contract Tower,0,9,5,0,14,0,11,21,0,32,0,20,26,0,46,16,0,16,62
01/27/2002,PDT,OR,ANM,WE,Federal Contract Tower,0,4,2,0,6,0,0,47,0,47,0,4,49,0,53,50,0,50,103
01/28/2002,PDT,OR,ANM,WE,Federal Contract Tower,0,15,1,0,16,0,11,29,0,40,0,26,30,0,56,18,0,18,74
01/29/2002,PDT,OR,ANM,WE,Federal Contract Tower,0,19,4,0,23,0,7,26,12,45,0,26,30,12,68,8,18,26,94
01/30/2002,PDT,OR,ANM,WE,Federal Contract Tower,0,19,6,3,28,0,5,26,7,38,0,24,32,10,66,12,24,36,102
01/31/2002,PDT,OR,ANM,WE,Federal Contract Tower,0,17,1,2,20,0,4,33,16,53,0,21,34,18,73,18,42,60,133
02/01/2002,PDT,OR,ANM,WE,Federal Contract Tower,0,20,0,4,24,0,5,26,15,46,0,25,26,19,70,12,26,38,108
02/02/2002,PDT,OR,ANM,WE,Federal Contract Tower,0,5,0,4,9,0,5,39,6,50,0,10,39,10,59,8,32,40,99
02/03/2002,PDT,OR,ANM,WE,Federal Contract Tower,0,6,2,0,8,0,4,8,0,12,0,10,10,0,20,4,0,4,24
02/04/2002,PDT,OR,ANM,WE,Federal Contract Tower,0,17,2,3,22,0,13,52,9,74,0,30,54,12,96,22,10,32,128
02/05/2002,PDT,OR,ANM,WE,Federal Contract Tower,0,10,6,0,16,0,0,2,0,2,0,10,8,0,18,0,2,2,20
02/06/2002,PDT,OR,ANM,WE,Federal Contract Tower,0,25,4,1,30,0,5,51,11,67,0,30,55,12,97,4,32,36,133
02/07/2002,PDT,OR,ANM,WE,Federal Contract Tower,0,20,6,4,30,0,10,16,8,34,0,30,22,12,64,0,0,0,64
02/08/2002,PDT,OR,ANM,WE,Federal Contract Tower,0,18,4,1,23,0,5,15,1,21,0,23,19,2,44,6,4,10,54
02/09/2002,PDT,OR,ANM,WE,Federal Contract Tower,0,8,1,2,11,0,10,49,8,67,0,18,50,10,78,72,26,98,176
02/10/2002,PDT,OR,ANM,WE,Federal Contract Tower,0,8,4,2,14,0,6,32,22,60,0,14,36,24,74,10,32,42,116
02/11/2002,PDT,OR,ANM,WE,Federal Contract Tower,0,17,2,0,19,0,6,38,0,44,0,23,40,0,63,0,0,0,63
02/12/2002,PDT,OR,ANM,WE,Federal Contract Tower,0,17,5,3,25,0,5,39,13,57,0,22,44,16,82,14,48,62,144
02/13/2002,PDT,OR,ANM,WE,Federal Contract Tower,0,21,5,3,29,0,5,36,55,96,0,26,41,58,125,4,150,154,279
02/14/2002,PDT,OR,ANM,WE,Federal Contract Tower,0,20,5,0,25,0,10,28,14,52,0,30,33,14,77,36,34,70,147
02/15/2002,PDT,OR,ANM,WE,Federal Contract Tower,0,19,1,0,20,0,9,31,22,62,0,28,32,22,82,44,128,172,254
02/16/2002,PDT,OR,ANM,WE,Federal Contract Tower,0,9,0,0,9,0,5,36,0,41,0,14,36,0,50,22,0,22,72
02/17/2002,PDT,OR,ANM,WE,Federal Contract Tower,0,6,1,0,7,0,0,28,0,28,0,6,29,0,35,22,0,22,57
02/18/2002,PDT,OR,ANM,WE,Federal Contract Tower,0,10,9,0,19,0,2,49,0,51,0,12,58,0,70,52,0,52,122
02/19/2002,PDT,OR,ANM,WE,Federal Contract Tower,0,21,6,4,31,0,9,32,0,41,0,30,38,4,72,18,0,18,90
02/20/2002,PDT,OR,ANM,WE,Federal Contract Tower,0,17,3,6,26,0,15,54,0,69,0,32,57,6,95,8,0,8,103
02/21/2002,PDT,OR,ANM,WE,Federal Contract Tower,0,19,4,0,23,0,9,34,2,45,0,28,38,2,68,20,16,36,104
02/22/2002,PDT,OR,ANM,WE,Federal Contract Tower,0,18,5,1,24,0,12,35,5,52,0,30,40,6,76,14,6,20,96
02/23/2002,PDT,OR,ANM,WE,Federal Contract Tower,0,9,0,0,9,0,1,3,0,4,0,10,3,0,13,0,0,0,13
02/24/2002,PDT,OR,ANM,WE,Federal Contract Tower,0,7,2,0,9,0,1,19,0,20,0,8,21,0,29,0,0,0,29
02/25/2002,PDT,OR,ANM,WE,Federal Contract Tower,0,18,4,0,22,0,3,34,4,41,0,21,38,4,63,18,0,18,81
02/26/2002,PDT,OR,ANM,WE,Federal Contract Tower,0,20,5,0,25,0,6,55,4,65,0,26,60,4,90,10,2,12,102
02/27/2002,PDT,OR,ANM,WE,Federal Contract Tower,0,22,3,3,28,0,4,47,13,64,0,26,50,16,92,18,26,44,136
02/28/2002,PDT,OR,ANM,WE,Federal Contract Tower,0,21,4,0,25,0,9,54,10,73,0,30,58,10,98,30,20,50,148
03/01/2002,PDT,OR,ANM,WE,Federal Contract Tower,0,18,10,2,30,0,6,33,6,45,0,24,43,8,75,8,20,28,103
03/02/2002,PDT,OR,ANM,WE,Federal Contract Tower,0,9,5,0,14,0,4,53,0,57,0,13,58,0,71,0,0,0,71
03/03/2002,PDT,OR,ANM,WE,Federal Contract Tower,0,6,2,0,8,0,0,44,0,44,0,6,46,0,52,42,0,42,94
03/04/2002,PDT,OR,ANM,WE,Federal Contract Tower,0,14,7,0,21,0,8,40,4,52,0,22,47,4,73,12,0,12,85
03/05/2002,PDT,OR,ANM,WE,Federal Contract Tower,0,18,3,0,21,0,10,43,18,71,0,28,46,18,92,20,16,36,128
03/06/2002,PDT,OR,ANM,WE,Federal Contract Tower,0,18,2,0,20,0,8,6,4,18,0,26,8,4,38,0,4,4,42
03/07/2002,PDT,OR,ANM,WE,Federal Contract Tower,0,22,2,5,29,0,2,13,2,17,0,24,15,7,46,0,30,30,76
03/08/2002,PDT,OR,ANM,WE,Federal Contract Tower,0,19,9,1,29,0,5,37,21,63,0,24,46,22,92,6,16,22,114
03/09/2002,PDT,OR,ANM,WE,Federal Contract Tower,0,8,1,0,9,0,4,10,5,19,0,12,11,5,28,6,8,14,42
03/10/2002,PDT,OR,ANM,WE,Federal Contract Tower,0,6,0,3,9,0,2,9,2,13,0,8,9,5,22,0,0,0,22
03/11/2002,PDT,OR,ANM,WE,Federal Contract Tower,0,18,4,0,22,0,8,16,2,26,0,26,20,2,48,8,0,8,56
03/12/2002,PDT,OR,ANM,WE,Federal Contract Tower,0,21,1,0,22,0,9,33,4,46,0,30,34,4,68,6,6,12,80
03/13/2002,PDT,OR,ANM,WE,Federal Contract Tower,0,20,3,1,24,0,2,25,5,32,0,22,28,6,56,4,10,14,70
03/14/2002,PDT,OR,ANM,WE,Federal Contract Tower,0,21,2,2,25,0,3,23,4,30,0,24,25,6,55,6,6,12,67
03/15/2002,PDT,OR,ANM,WE,Federal Contract Tower,0,17,1,0,18,0,7,35,1,43,0,24,36,1,61,12,0,12,73
03/16/2002,PDT,OR,ANM,WE,Federal Contract Tower,0,7,4,0,11,0,7,17,4,28,0,14,21,4,39,10,0,10,49
03/17/2002,PDT,OR,ANM,WE,Federal Contract Tower,0,6,4,0,10,0,2,18,2,22,0,8,22,2,32,40,2,42,74
03/18/2002,PDT,OR,ANM,WE,Federal Contract Tower,0,16,3,0,19,0,14,63,2,79,0,30,66,2,98,20,2,22,120
03/19/2002,PDT,OR,ANM,WE,Federal Contract Tower,0,18,0,0,18,0,5,31,6,42,0,23,31,6,60,6,0,6,66
03/20/2002,PDT,OR,ANM,WE,Federal Contract Tower,0,21,0,6,27,0,2,32,15,49,0,23,32,21,76,8,6,14,90
03/21/2002,PDT,OR,ANM,WE,Federal Contract Tower,0,24,4,0,28,0,3,37,12,52,0,27,41,12,80,0,24,24,104
03/22/2002,PDT,OR,ANM,WE,Federal Contract Tower,0,18,5,2,25,0,6,56,4,66,0,24,61,6,91,16,0,16,107
03/23/2002,PDT,OR,ANM,WE,Federal Contract Tower,0,11,2,0,13,0,7,38,0,45,0,18,40,0,58,8,0,8,66
03/24/2002,PDT,OR,ANM,WE,Federal Contract Tower,0,6,5,0,11,0,4,9,0,13,0,10,14,0,24,8,0,8,32
03/25/2002,PDT,OR,ANM,WE,Federal Contract Tower,0,15,0,2,17,0,7,63,0,70,0,22,63,2,87,16,0,16,103
03/26/2002,PDT,OR,ANM,WE,Federal Contract Tower,0,20,4,0,24,0,6,67,3,76,0,26,71,3,100,12,0,12,112
03/27/2002,PDT,OR,ANM,WE,Federal Contract Tower,0,19,6,0,25,0,7,25,2,34,0,26,31,2,59,0,0,0,59
03/28/2002,PDT,OR,ANM,WE,Federal Contract Tower,0,21,0,6,27,0,11,44,4,59,0,32,44,10,86,10,4,14,100
03/29/2002,PDT,OR,ANM,WE,Federal Contract Tower,0,19,6,0,25,0,9,32,2,43,0,28,38,2,68,18,0,18,86
03/30/2002,PDT,OR,ANM,WE,Federal Contract Tower,0,9,5,0,14,0,3,63,8,74,0,12,68,8,88,36,0,36,124
03/31/2002,PDT,OR,ANM,WE,Federal Contract Tower,0,6,5,0,11,0,0,53,0,53,0,6,58,0,64,0,0,0,64
04/01/2002,PDT,OR,ANM,WE,Federal Contract Tower,0,15,6,0,21,0,9,44,0,53,0,24,50,0,74,10,0,10,84
04/02/2002,PDT,OR,ANM,WE,Federal Contract Tower,0,16,2,0,18,0,11,65,0,76,0,27,67,0,94,14,0,14,108
04/03/2002,PDT,OR,ANM,WE,Federal Contract Tower,0,20,3,0,23,0,10,90,0,100,0,30,93,0,123,24,0,24,147
04/04/2002,PDT,OR,ANM,WE,Federal Contract Tower,0,21,0,0,21,0,9,100,0,109,0,30,100,0,130,30,0,30,160
04/05/2002,PDT,OR,ANM,WE,Federal Contract Tower,0,20,0,5,25,0,4,64,5,73,0,24,64,10,98,22,4,26,124
04/06/2002,PDT,OR,ANM,WE,Federal Contract Tower,0,12,3,0,15,0,2,34,3,39,0,14,37,3,54,30,0,30,84
04/07/2002,PDT,OR,ANM,WE,Federal Contract Tower,0,6,2,0,8,0,0,14,6,20,0,6,16,6,28,0,0,0,28
04/08/2002,PDT,OR,ANM,WE,Federal Contract Tower,0,13,5,0,18,0,9,36,0,45,0,22,41,0,63,46,0,46,109
04/09/2002,PDT,OR,ANM,WE,Federal Contract Tower,0,22,6,0,28,0,12,58,0,70,0,34,64,0,98,80,0,80,178
04/10/2002,PDT,OR,ANM,WE,Federal Contract Tower,0,22,3,2,27,0,8,49,8,65,0,30,52,10,92,22,18,40,132
04/11/2002,PDT,OR,ANM,WE,Federal Contract Tower,0,21,8,0,29,0,11,68,10,89,0,32,76,10,118,30,0,30,148
04/12/2002,PDT,OR,ANM,WE,Federal Contract Tower,0,18,2,0,20,0,6,47,3,56,0,24,49,3,76,40,0,40,116
04/13/2002,PDT,OR,ANM,WE,Federal Contract Tower,0,9,0,0,9,0,3,56,0,59,0,12,56,0,68,20,0,20,88
04/14/2002,PDT,OR,ANM,WE,Federal Contract Tower,0,6,4,0,10,0,0,12,2,14,0,6,16,2,24,0,0,0,24
04/15/2002,PDT,OR,ANM,WE,Federal Contract Tower,0,15,1,2,18,0,7,35,0,42,0,22,36,2,60,20,0,20,80
04/16/2002,PDT,OR,ANM,WE,Federal Contract Tower,0,23,5,0,28,0,5,67,8,80,0,28,72,8,108,36,0,36,144
04/17/2002,PDT,OR,ANM,WE,Federal Contract Tower,0,22,0,0,22,0,8,50,0,58,0,30,50,0,80,18,0,18,98
04/18/2002,PDT,OR,ANM,WE,Federal Contract Tower,0,19,9,2,30,0,3,50,9,62,0,22,59,11,92,34,2,36,128
04/19/2002,PDT,OR,ANM,WE,Federal Contract Tower,0,18,1,2,21,0,4,70,2,76,0,22,71,4,97,18,0,18,115
04/20/2002,PDT,OR,ANM,WE,Federal Contract Tower,0,8,1,0,9,0,8,110,0,118,0,16,111,0,127,28,0,28,155
04/21/2002,PDT,OR,ANM,WE,Federal Contract Tower,0,6,1,2,9,0,4,18,0,22,0,10,19,2,31,20,0,20,51
04/22/2002,PDT,OR,ANM,WE,Federal Contract Tower,0,16,4,0,20,0,10,42,8,60,0,26,46,8,80,8,0,8,88
04/23/2002,PDT,OR,ANM,WE,Federal Contract Tower,0,18,1,0,19,0,10,49,6,65,0,28,50,6,84,18,0,18,102
04/24/2002,PDT,OR,ANM,WE,Federal Contract Tower,0,19,5,1,25,0,4,64,4,72,0,23,69,5,97,20,14,34,131
04/25/2002,PDT,OR,ANM,WE,Federal Contract Tower,0,20,12,0,32,0,6,73,6,85,0,26,85,6,117,16,0,16,133
04/26/2002,PDT,OR,ANM,WE,Federal Contract Tower,0,17,4,0,21,0,3,51,6,60,0,20,55,6,81,22,16,38,119
04/27/2002,PDT,OR,ANM,WE,Federal Contract Tower,0,11,1,0,12,0,3,170,0,173,0,14,171,0,185,12,0,12,197
04/28/2002,PDT,OR,ANM,WE,Federal Contract Tower,0,10,2,0,12,0,2,80,0,82,0,12,82,0,94,30,0,30,124
04/29/2002,PDT,OR,ANM,WE,Federal Contract Tower,0,12,6,0,18,0,16,60,2,78,0,28,66,2,96,22,2,24,120
04/30/2002,PDT,OR,ANM,WE,Federal Contract Tower,0,14,3,7,24,0,8,43,16,67,0,22,46,23,91,18,6,24,115
05/01/2002,PDT,OR,ANM,WE,Federal Contract Tower,0,15,2,0,17,0,9,32,2,43,0,24,34,2,60,10,0,10,70
05/02/2002,PDT,OR,ANM,WE,Federal Contract Tower,0,18,2,2,22,0,9,33,6,48,0,27,35,8,70,6,0,6,76
05/03/2002,PDT,OR,ANM,WE,Federal Contract Tower,0,16,6,0,22,0,14,81,6,101,0,30,87,6,123,28,0,28,151
05/04/2002,PDT,OR,ANM,WE,Federal Contract Tower,0,5,4,6,15,0,7,140,24,171,0,12,144,30,186,140,22,162,348
05/05/2002,PDT,OR,ANM,WE,Federal Contract Tower,0,6,1,3,10,0,6,41,7,54,0,12,42,10,64,10,0,10,74
05/06/2002,PDT,OR,ANM,WE,Federal Contract Tower,0,14,7,0,21,0,6,26,3,35,0,20,33,3,56,4,0,4,60
05/07/2002,PDT,OR,ANM,WE,Federal Contract Tower,0,19,1,0,20,0,5,37,15,57,0,24,38,15,77,2,0,2,79
05/08/2002,PDT,OR,ANM,WE,Federal Contract Tower,0,13,3,0,16,0,10,48,10,68,0,23,51,10,84,10,6,16,100
05/09/2002,PDT,OR,ANM,WE,Federal Contract Tower,0,16,3,1,20,0,10,40,5,55,0,26,43,6,75,6,8,14,89
05/10/2002,PDT,OR,ANM,WE,Federal Contract Tower,0,17,8,0,25,0,8,42,0,50,0,25,50,0,75,44,0,44,119
05/11/2002,PDT,OR,ANM,WE,Federal Contract Tower,0,6,1,0,7,0,4,39,2,45,0,10,40,2,52,40,0,40,92
05/12/2002,PDT,OR,ANM,WE,Federal Contract Tower,0,6,4,0,10,0,0,34,0,34,0,6,38,0,44,0,0,0,44
05/13/2002,PDT,OR,ANM,WE,Federal Contract Tower,0,16,4,0,20,0,6,39,4,49,0,22,43,4,69,12,0,12,81
05/14/2002,PDT,OR,ANM,WE,Federal Contract Tower,0,18,2,5,25,0,10,49,7,66,0,28,51,12,91,10,4,14,105
05/15/2002,PDT,OR,ANM,WE,Federal Contract Tower,0,18,6,0,24,0,10,52,7,69,0,28,58,7,93,20,0,20,113
05/16/2002,PDT,OR,ANM,WE,Federal Contract Tower,0,15,3,0,18,0,13,45,8,66,0,28,48,8,84,20,2,22,106
05/17/2002,PDT,OR,ANM,WE,Federal Contract Tower,0,16,3,0,19,0,14,45,4,63,0,30,48,4,82,20,0,20,102
05/18/2002,PDT,OR,ANM,WE,Federal Contract Tower,0,7,4,1,12,0,5,42,9,56,0,12,46,10,68,22,0,22,90
05/19/2002,PDT,OR,ANM,WE,Federal Contract Tower,0,6,2,0,8,0,2,46,0,48,0,8,48,0,56,14,0,14,70
05/20/2002,PDT,OR,ANM,WE,Federal Contract Tower,0,14,4,2,20,0,12,47,4,63,0,26,51,6,83,8,22,30,113
05/21/2002,PDT,OR,ANM,WE,Federal Contract Tower,0,18,0,2,20,0,10,40,4,54,0,28,40,6,74,4,4,8,82
05/22/2002,PDT,OR,ANM,WE,Federal Contract Tower,0,16,0,0,16,0,12,26,2,40,0,28,26,2,56,4,10,14,70
05/23/2002,PDT,OR,ANM,WE,Federal Contract Tower,0,20,2,0,22,0,10,56,8,74,0,30,58,8,96,24,12,36,132
05/24/2002,PDT,OR,ANM,WE,Federal Contract Tower,0,17,2,0,19,0,5,62,0,67,0,22,64,0,86,26,0,26,112
05/25/2002,PDT,OR,ANM,WE,Federal Contract Tower,0,17,0,0,17,0,1,42,1,44,0,18,42,1,61,2,0,2,63
05/26/2002,PDT,OR,ANM,WE,Federal Contract Tower,0,4,2,0,6,0,0,24,0,24,0,4,26,0,30,16,0,16,46
05/27/2002,PDT,OR,ANM,WE,Federal Contract Tower,0,10,3,0,13,0,2,32,2,36,0,12,35,2,49,0,0,0,49
05/28/2002,PDT,OR,ANM,WE,Federal Contract Tower,2,13,0,0,15,0,13,54,8,75,2,26,54,8,90,12,0,12,102
05/29/2002,PDT,OR,ANM,WE,Federal Contract Tower,0,17,3,2,22,0,11,55,6,72,0,28,58,8,94,14,6,20,114
05/30/2002,PDT,OR,ANM,WE,Federal Contract Tower,0,14,5,0,19,0,12,45,0,57,0,26,50,0,76,12,0,12,88
05/31/2002,PDT,OR,ANM,WE,Federal Contract Tower,0,18,1,0,19,0,8,35,0,43,0,26,36,0,62,8,0,8,70
06/01/2002,PDT,OR,ANM,WE,Federal Contract Tower,0,10,2,2,14,0,2,43,12,57,0,12,45,14,71,26,0,26,97
06/02/2002,PDT,OR,ANM,WE,Federal Contract Tower,0,7,0,0,7,0,0,26,8,34,0,7,26,8,41,10,4,14,55
06/03/2002,PDT,OR,ANM,WE,Federal Contract Tower,0,13,3,0,16,0,13,33,8,54,0,26,36,8,70,18,4,22,92
06/04/2002,PDT,OR,ANM,WE,Federal Contract Tower,0,18,0,5,23,0,10,58,15,83,0,28,58,20,106,10,26,36,142
06/05/2002,PDT,OR,ANM,WE,Federal Contract Tower,0,16,3,0,19,0,10,42,1,53,0,26,45,1,72,6,0,6,78
06/06/2002,PDT,OR,ANM,WE,Federal Contract Tower,0,17,1,1,19,0,9,64,9,82,0,26,65,10,101,4,22,26,127
06/07/2002,PDT,OR,ANM,WE,Federal Contract Tower,0,13,0,0,13,0,15,33,1,49,0,28,33,1,62,0,0,0,62
06/08/2002,PDT,OR,ANM,WE,Federal Contract Tower,0,6,0,0,6,0,10,79,0,89,0,16,79,0,95,10,0,10,105
06/09/2002,PDT,OR,ANM,WE,Federal Contract Tower,0,6,5,0,11,0,2,25,0,27,0,8,30,0,38,8,0,8,46
06/10/2002,PDT,OR,ANM,WE,Federal Contract Tower,0,17,4,0,21,0,13,62,4,79,0,30,66,4,100,22,0,22,122
06/11/2002,PDT,OR,ANM,WE,Federal Contract Tower,0,18,4,0,22,0,10,64,12,86,0,28,68,12,108,20,6,26,134
06/12/2002,PDT,OR,ANM,WE,Federal Contract Tower,0,18,0,0,18,0,10,63,6,79,0,28,63,6,97,10,4,14,111
06/13/2002,PDT,OR,ANM,WE,Federal Contract Tower,0,23,0,1,24,0,11,73,12,96,0,34,73,13,120,24,0,24,144
06/14/2002,PDT,OR,ANM,WE,Federal Contract Tower,0,15,0,0,15,0,13,58,2,73,0,28,58,2,88,18,0,18,106
06/15/2002,PDT,OR,ANM,WE,Federal Contract Tower,0,8,2,0,10,0,10,68,0,78,0,18,70,0,88,74,0,74,162
06/16/2002,PDT,OR,ANM,WE,Federal Contract Tower,0,6,0,0,6,0,6,28,0,34,0,12,28,0,40,36,0,36,76
06/17/2002,PDT,OR,ANM,WE,Federal Contract Tower,0,18,2,2,22,0,6,50,4,60,0,24,52,6,82,8,2,10,92
06/18/2002,PDT,OR,ANM,WE,Federal Contract Tower,0,22,4,0,26,0,4,52,4,60,0,26,56,4,86,10,0,10,96
06/19/2002,PDT,OR,ANM,WE,Federal Contract Tower,0,20,2,0,22,0,10,46,10,66,0,30,48,10,88,34,6,40,128
06/20/2002,PDT,OR,ANM,WE,Federal Contract Tower,0,21,6,0,27,0,7,49,0,56,0,28,55,0,83,16,0,16,99
06/21/2002,PDT,OR,ANM,WE,Federal Contract Tower,0,17,1,2,20,0,11,47,4,62,0,28,48,6,82,16,6,22,104
06/22/2002,PDT,OR,ANM,WE,Federal Contract Tower,2,9,2,0,13,0,11,48,0,59,2,20,50,0,72,18,0,18,90
06/23/2002,PDT,OR,ANM,WE,Federal Contract Tower,0,8,2,0,10,0,0,22,0,22,0,8,24,0,32,10,0,10,42
06/24/2002,PDT,OR,ANM,WE,Federal Contract Tower,0,18,4,1,23,0,4,59,11,74,0,22,63,12,97,16,0,16,113
06/25/2002,PDT,OR,ANM,WE,Federal Contract Tower,0,15,3,5,23,0,11,55,5,71,0,26,58,10,94,30,6,36,130
06/26/2002,PDT,OR,ANM,WE,Federal Contract Tower,0,20,4,0,24,0,14,44,4,62,0,34,48,4,86,12,0,12,98
06/27/2002,PDT,OR,ANM,WE,Federal Contract Tower,0,18,6,2,26,0,12,54,4,70,0,30,60,6,96,12,12,24,120
06/28/2002,PDT,OR,ANM,WE,Federal Contract Tower,0,16,4,0,20,0,14,66,4,84,0,30,70,4,104,22,2,24,128
06/29/2002,PDT,OR,ANM,WE,Federal Contract Tower,0,9,0,0,9,0,1,25,0,26,0,10,25,0,35,16,0,16,51
06/30/2002,PDT,OR,ANM,WE,Federal Contract Tower,0,8,2,0,10,0,3,44,0,47,0,11,46,0,57,2,0,2,59
07/01/2002,PDT,OR,ANM,WE,Federal Contract Tower,0,16,0,0,16,0,4,47,2,53,0,20,47,2,69,12,0,12,81
07/02/2002,PDT,OR,ANM,WE,Federal Contract Tower,0,15,1,0,16,0,9,71,0,80,0,24,72,0,96,18,0,18,114
07/03/2002,PDT,OR,ANM,WE,Federal Contract Tower,0,16,13,0,29,0,12,47,4,63,0,28,60,4,92,20,0,20,112
07/04/2002,PDT,OR,ANM,WE,Federal Contract Tower,0,6,1,0,7,0,2,27,0,29,0,8,28,0,36,16,0,16,52
07/05/2002,PDT,OR,ANM,WE,Federal Contract Tower,0,15,1,0,16,0,5,56,0,61,0,20,57,0,77,18,0,18,95
07/06/2002,PDT,OR,ANM,WE,Federal Contract Tower,0,8,6,0,14,0,2,33,0,35,0,10,39,0,49,16,0,16,65
07/07/2002,PDT,OR,ANM,WE,Federal Contract Tower,0,9,1,0,10,0,3,64,0,67,0,12,65,0,77,28,0,28,105
07/08/2002,PDT,OR,ANM,WE,Federal Contract Tower,0,15,0,0,15,0,7,39,0,46,0,22,39,0,61,10,0,10,71
07/09/2002,PDT,OR,ANM,WE,Federal Contract Tower,0,16,7,0,23,0,14,55,2,71,0,30,62,2,94,8,0,8,102
07/10/2002,PDT,OR,ANM,WE,Federal Contract Tower,0,13,6,2,21,0,29,62,4,95,0,42,68,6,116,8,14,22,138
07/11/2002,PDT,OR,ANM,WE,Federal Contract Tower,0,16,5,0,21,0,8,70,2,80,0,24,75,2,101,10,4,14,115
07/12/2002,PDT,OR,ANM,WE,Federal Contract Tower,0,14,4,1,19,0,6,55,7,68,0,20,59,8,87,8,4,12,99
07/13/2002,PDT,OR,ANM,WE,Federal Contract Tower,0,12,1,0,13,0,2,33,1,36,0,14,34,1,49,10,0,10,59
07/14/2002,PDT,OR,ANM,WE,Federal Contract Tower,0,8,2,0,10,0,1,45,4,50,0,9,47,4,60,6,0,6,66
07/15/2002,PDT,OR,ANM,WE,Federal Contract Tower,0,14,1,0,15,0,12,67,12,91,0,26,68,12,106,22,0,22,128
07/16/2002,PDT,OR,ANM,WE,Federal Contract Tower,0,16,0,2,18,0,12,74,6,92,0,28,74,8,110,20,2,22,132
07/17/2002,PDT,OR,ANM,WE,Federal Contract Tower,0,17,5,0,22,0,7,50,14,71,0,24,55,14,93,16,0,16,109
07/18/2002,PDT,OR,ANM,WE,Federal Contract Tower,0,17,5,0,22,0,9,48,7,64,0,26,53,7,86,12,12,24,110
07/19/2002,PDT,OR,ANM,WE,Federal Contract Tower,0,18,3,2,23,0,8,40,11,59,0,26,43,13,82,8,22,30,112
07/20/2002,PDT,OR,ANM,WE,Federal Contract Tower,0,11,4,0,15,0,3,67,7,77,0,14,71,7,92,34,4,38,130
07/21/2002,PDT,OR,ANM,WE,Federal Contract Tower,0,8,4,0,12,0,6,46,0,52,0,14,50,0,64,56,0,56,120
07/22/2002,PDT,OR,ANM,WE,Federal Contract Tower,0,12,2,0,14,0,16,54,6,76,0,28,56,6,90,16,0,16,106
07/23/2002,PDT,OR,ANM,WE,Federal Contract Tower,0,16,1,0,17,0,8,58,4,70,0,24,59,4,87,16,0,16,103
07/24/2002,PDT,OR,ANM,WE,Federal Contract Tower,0,18,0,2,20,0,6,53,10,69,0,24,53,12,89,12,0,12,101
07/25/2002,PDT,OR,ANM,WE,Federal Contract Tower,0,16,2,2,20,0,10,101,7,118,0,26,103,9,138,36,2,38,176
07/26/2002,PDT,OR,ANM,WE,Federal Contract Tower,0,15,0,5,20,0,11,66,2,79,0,26,66,7,99,0,0,0,99
07/27/2002,PDT,OR,ANM,WE,Federal Contract Tower,0,10,0,0,10,0,2,42,0,44,0,12,42,0,54,6,0,6,60
07/28/2002,PDT,OR,ANM,WE,Federal Contract Tower,0,8,1,6,15,0,4,49,0,53,0,12,50,6,68,0,0,0,68
07/29/2002,PDT,OR,ANM,WE,Federal Contract Tower,0,14,3,0,17,0,7,48,5,60,0,21,51,5,77,10,0,10,87
07/30/2002,PDT,OR,ANM,WE,Federal Contract Tower,0,19,2,4,25,0,5,51,6,62,0,24,53,10,87,20,0,20,107
07/31/2002,PDT,OR,ANM,WE,Federal Contract Tower,0,12,2,0,14,0,14,62,0,76,0,26,64,0,90,12,0,12,102
08/01/2002,PDT,OR,ANM,WE,Federal Contract Tower,0,16,0,2,18,0,12,59,2,73,0,28,59,4,91,28,0,28,119
08/02/2002,PDT,OR,ANM,WE,Federal Contract Tower,0,17,4,0,21,0,11,90,6,107,0,28,94,6,128,26,0,26,154
08/03/2002,PDT,OR,ANM,WE,Federal Contract Tower,0,10,1,2,13,0,8,57,2,67,0,18,58,4,80,48,0,48,128
08/04/2002,PDT,OR,ANM,WE,Federal Contract Tower,0,8,6,2,16,0,0,41,2,43,0,8,47,4,59,32,0,32,91
08/05/2002,PDT,OR,ANM,WE,Federal Contract Tower,0,14,1,0,15,0,6,45,4,55,0,20,46,4,70,20,0,20,90
08/06/2002,PDT,OR,ANM,WE,Federal Contract Tower,0,16,3,0,19,0,8,34,7,49,0,24,37,7,68,0,2,2,70
08/07/2002,PDT,OR,ANM,WE,Federal Contract Tower,0,22,0,2,24,0,8,52,1,61,0,30,52,3,85,8,0,8,93
08/08/2002,PDT,OR,ANM,WE,Federal Contract Tower,0,17,1,1,19,0,11,73,7,91,0,28,74,8,110,30,10,40,150
08/09/2002,PDT,OR,ANM,WE,Federal Contract Tower,0,15,1,0,16,0,13,77,12,102,0,28,78,12,118,20,4,24,142
08/10/2002,PDT,OR,ANM,WE,Federal Contract Tower,0,10,3,0,13,0,5,49,1,55,0,15,52,1,68,12,0,12,80
08/11/2002,PDT,OR,ANM,WE,Federal Contract Tower,0,8,2,0,10,0,2,49,0,51,0,10,51,0,61,8,0,8,69
08/12/2002,PDT,OR,ANM,WE,Federal Contract Tower,0,13,3,2,18,0,13,46,24,83,0,26,49,26,101,14,0,14,115
08/13/2002,PDT,OR,ANM,WE,Federal Contract Tower,0,18,4,0,22,0,10,57,9,76,0,28,61,9,98,14,6,20,118
08/14/2002,PDT,OR,ANM,WE,Federal Contract Tower,0,16,2,2,20,0,12,66,8,86,0,28,68,10,106,10,0,10,116
08/15/2002,PDT,OR,ANM,WE,Federal Contract Tower,0,15,2,0,17,0,13,58,8,79,0,28,60,8,96,12,0,12,108
08/16/2002,PDT,OR,ANM,WE,Federal Contract Tower,0,18,1,0,19,0,6,67,1,74,0,24,68,1,93,32,0,32,125
08/17/2002,PDT,OR,ANM,WE,Federal Contract Tower,0,12,8,3,23,0,2,58,1,61,0,14,66,4,84,60,0,60,144
08/18/2002,PDT,OR,ANM,WE,Federal Contract Tower,0,6,1,0,7,0,0,60,2,62,0,6,61,2,69,76,0,76,145
08/19/2002,PDT,OR,ANM,WE,Federal Contract Tower,0,13,4,0,17,0,9,71,6,86,0,22,75,6,103,76,0,76,179
08/20/2002,PDT,OR,ANM,WE,Federal Contract Tower,0,19,2,0,21,0,9,56,6,71,0,28,58,6,92,100,0,100,192
08/21/2002,PDT,OR,ANM,WE,Federal Contract Tower,0,16,5,2,23,0,12,95,6,113,0,28,100,8,136,212,8,220,356
08/22/2002,PDT,OR,ANM,WE,Federal Contract Tower,0,18,4,0,22,0,4,139,7,150,0,22,143,7,172,98,6,104,276
08/23/2002,PDT,OR,ANM,WE,Federal Contract Tower,0,16,2,2,20,0,4,129,5,138,0,20,131,7,158,118,0,118,276
08/24/2002,PDT,OR,ANM,WE,Federal Contract Tower,0,9,0,0,9,0,9,107,0,116,0,18,107,0,125,152,0,152,277
08/25/2002,PDT,OR,ANM,WE,Federal Contract Tower,0,10,2,0,12,0,0,82,0,82,0,10,84,0,94,4,0,4,98
08/26/2002,PDT,OR,ANM,WE,Federal Contract Tower,0,15,1,0,16,0,7,59,2,68,0,22,60,2,84,18,0,18,102
08/27/2002,PDT,OR,ANM,WE,Federal Contract Tower,0,18,5,0,23,0,12,53,6,71,0,30,58,6,94,20,0,20,114
08/28/2002,PDT,OR,ANM,WE,Federal Contract Tower,0,18,3,0,21,0,4,42,4,50,0,22,45,4,71,14,14,28,99
08/29/2002,PDT,OR,ANM,WE,Federal Contract Tower,0,18,4,0,22,0,7,69,2,78,0,25,73,2,100,12,0,12,112
08/30/2002,PDT,OR,ANM,WE,Federal Contract Tower,0,15,3,0,18,0,7,50,2,59,0,22,53,2,77,18,0,18,95
08/31/2002,PDT,OR,ANM,WE,Federal Contract Tower,0,12,0,0,12,0,0,46,0,46,0,12,46,0,58,50,0,50,108
09/01/2002,PDT,OR,ANM,WE,Federal Contract Tower,0,4,2,0,6,0,2,38,0,40,0,6,40,0,46,40,0,40,86
09/02/2002,PDT,OR,ANM,WE,Federal Contract Tower,0,8,0,0,8,0,0,30,0,30,0,8,30,0,38,36,0,36,74
09/03/2002,PDT,OR,ANM,WE,Federal Contract Tower,0,15,4,0,19,0,7,31,4,42,0,22,35,4,61,2,6,8,69
09/04/2002,PDT,OR,ANM,WE,Federal Contract Tower,0,16,1,1,18,0,6,46,5,57,0,22,47,6,75,16,2,18,93
09/05/2002,PDT,OR,ANM,WE,Federal Contract Tower,0,19,0,0,19,0,7,57,5,69,0,26,57,5,88,8,10,18,106
09/06/2002,PDT,OR,ANM,WE,Federal Contract Tower,0,16,1,7,24,0,8,64,11,83,0,24,65,18,107,14,0,14,121
09/07/2002,PDT,OR,ANM,WE,Federal Contract Tower,0,12,0,0,12,0,14,30,6,50,0,26,30,6,62,84,0,84,146
09/08/2002,PDT,OR,ANM,WE,Federal Contract Tower,0,7,2,0,9,0,3,48,6,57,0,10,50,6,66,40,0,40,106
09/09/2002,PDT,OR,ANM,WE,Federal Contract Tower,0,13,2,0,15,0,9,26,2,37,0,22,28,2,52,10,14,24,76
09/10/2002,PDT,OR,ANM,WE,Federal Contract Tower,0,17,6,3,26,0,5,52,6,63,0,22,58,9,89,6,22,28,117
09/11/2002,PDT,OR,ANM,WE,Federal Contract Tower,0,16,1,1,18,0,6,52,1,59,0,22,53,2,77,12,0,12,89
09/12/2002,PDT,OR,ANM,WE,Federal Contract Tower,0,26,6,0,32,0,22,50,4,76,0,48,56,4,108,28,0,28,136
09/13/2002,PDT,OR,ANM,WE,Federal Contract Tower,0,15,3,0,18,0,13,91,4,108,0,28,94,4,126,70,0,70,196
09/14/2002,PDT,OR,ANM,WE,Federal Contract Tower,0,11,6,0,17,0,5,64,4,73,0,16,70,4,90,84,10,94,184
09/15/2002,PDT,OR,ANM,WE,Federal Contract Tower,0,6,8,0,14,0,0,41,0,41,0,6,49,0,55,0,0,0,55
09/16/2002,PDT,OR,ANM,WE,Federal Contract Tower,0,14,4,0,18,0,4,37,0,41,0,18,41,0,59,12,0,12,71
09/17/2002,PDT,OR,ANM,WE,Federal Contract Tower,0,19,5,0,24,0,3,33,15,51,0,22,38,15,75,4,30,34,109
09/18/2002,PDT,OR,ANM,WE,Federal Contract Tower,0,17,7,0,24,0,13,46,3,62,0,30,53,3,86,6,10,16,102
09/19/2002,PDT,OR,ANM,WE,Federal Contract Tower,0,15,1,0,16,0,15,109,12,136,0,30,110,12,152,32,0,32,184
09/20/2002,PDT,OR,ANM,WE,Federal Contract Tower,0,16,0,0,16,0,12,75,8,95,0,28,75,8,111,96,0,96,207
09/21/2002,PDT,OR,ANM,WE,Federal Contract Tower,0,9,4,5,18,0,3,54,1,58,0,12,58,6,76,54,8,62,138
09/22/2002,PDT,OR,ANM,WE,Federal Contract Tower,0,6,3,2,11,0,4,60,2,66,0,10,63,4,77,24,0,24,101
09/23/2002,PDT,OR,ANM,WE,Federal Contract Tower,0,14,7,2,23,0,10,50,0,60,0,24,57,2,83,14,6,20,103
09/24/2002,PDT,OR,ANM,WE,Federal Contract Tower,0,18,6,0,24,0,8,53,5,66,0,26,59,5,90,22,6,28,118
09/25/2002,PDT,OR,ANM,WE,Federal Contract Tower,0,18,1,0,19,0,10,63,6,79,0,28,64,6,98,20,0,20,118
09/26/2002,PDT,OR,ANM,WE,Federal Contract Tower,0,17,6,1,24,0,11,46,1,58,0,28,52,2,82,8,0,8,90
09/27/2002,PDT,OR,ANM,WE,Federal Contract Tower,0,18,0,1,19,0,6,76,5,87,0,24,76,6,106,18,2,20,126
09/28/2002,PDT,OR,ANM,WE,Federal Contract Tower,0,9,0,0,9,0,5,51,1,57,0,14,51,1,66,30,0,30,96
09/29/2002,PDT,OR,ANM,WE,Federal Contract Tower,0,6,2,0,8,0,0,22,0,22,0,6,24,0,30,4,0,4,34
09/30/2002,PDT,OR,ANM,WE,Federal Contract Tower,0,15,3,0,18,0,7,52,0,59,0,22,55,0,77,12,0,12,89
10/01/2002,PDT,OR,ANM,WE,Federal Contract Tower,0,23,5,0,28,0,3,63,8,74,0,26,68,8,102,14,4,18,120
10/02/2002,PDT,OR,ANM,WE,Federal Contract Tower,0,22,1,2,25,0,2,65,8,75,0,24,66,10,100,12,0,12,112
10/03/2002,PDT,OR,ANM,WE,Federal Contract Tower,0,23,7,2,32,0,2,15,2,19,0,25,22,4,51,2,0,2,53
10/04/2002,PDT,OR,ANM,WE,Federal Contract Tower,0,23,13,0,36,0,4,32,2,38,0,27,45,2,74,0,10,10,84
10/05/2002,PDT,OR,ANM,WE,Federal Contract Tower,0,12,2,0,14,0,0,44,0,44,0,12,46,0,58,32,0,32,90
10/06/2002,PDT,OR,ANM,WE,Federal Contract Tower,0,6,6,4,16,0,0,63,0,63,0,6,69,4,79,38,0,38,117
10/07/2002,PDT,OR,ANM,WE,Federal Contract Tower,0,18,2,0,20,0,6,46,0,52,0,24,48,0,72,14,0,14,86
10/08/2002,PDT,OR,ANM,WE,Federal Contract Tower,0,22,4,2,28,0,4,50,0,54,0,26,54,2,82,16,0,16,98
10/09/2002,PDT,OR,ANM,WE,Federal Contract Tower,0,16,1,2,19,0,8,46,2,56,0,24,47,4,75,6,6,12,87
10/10/2002,PDT,OR,ANM,WE,Federal Contract Tower,0,18,3,0,21,0,4,21,0,25,0,22,24,0,46,4,0,4,50
10/11/2002,PDT,OR,ANM,WE,Federal Contract Tower,0,17,5,0,22,0,8,42,0,50,0,25,47,0,72,16,0,16,88
10/12/2002,PDT,OR,ANM,WE,Federal Contract Tower,0,11,1,0,12,0,1,44,0,45,0,12,45,0,57,20,0,20,77
10/13/2002,PDT,OR,ANM,WE,Federal Contract Tower,0,6,0,0,6,0,4,61,0,65,0,10,61,0,71,22,0,22,93
10/14/2002,PDT,OR,ANM,WE,Federal Contract Tower,0,14,0,2,16,0,4,52,2,58,0,18,52,4,74,18,0,18,92
10/15/2002,PDT,OR,ANM,WE,Federal Contract Tower,0,15,5,0,20,0,7,33,7,47,0,22,38,7,67,8,18,26,93
10/16/2002,PDT,OR,ANM,WE,Federal Contract Tower,0,17,2,2,21,0,9,51,1,61,0,26,53,3,82,14,0,14,96
10/17/2002,PDT,OR,ANM,WE,Federal Contract Tower,0,16,3,4,23,0,12,61,7,80,0,28,64,11,103,82,14,96,199
10/18/2002,PDT,OR,ANM,WE,Federal Contract Tower,0,14,2,0,16,0,10,57,4,71,0,24,59,4,87,58,10,68,155
10/19/2002,PDT,OR,ANM,WE,Federal Contract Tower,0,9,6,0,15,0,7,46,0,53,0,16,52,0,68,70,0,70,138
10/20/2002,PDT,OR,ANM,WE,Federal Contract Tower,0,6,0,0,6,0,4,38,0,42,0,10,38,0,48,6,0,6,54
10/21/2002,PDT,OR,ANM,WE,Federal Contract Tower,0,17,1,2,20,0,5,57,2,64,0,22,58,4,84,6,6,12,96
10/22/2002,PDT,OR,ANM,WE,Federal Contract Tower,0,16,7,1,24,0,8,56,1,65,0,24,63,2,89,22,6,28,117
10/23/2002,PDT,OR,ANM,WE,Federal Contract Tower,0,18,6,0,24,0,2,51,6,59,0,20,57,6,83,20,22,42,125
10/24/2002,PDT,OR,ANM,WE,Federal Contract Tower,0,19,1,0,20,0,7,61,6,74,0,26,62,6,94,14,0,14,108
10/25/2002,PDT,OR,ANM,WE,Federal Contract Tower,0,19,2,0,21,0,7,62,2,71,0,26,64,2,92,24,8,32,124
10/26/2002,PDT,OR,ANM,WE,Federal Contract Tower,0,9,3,0,12,0,3,64,0,67,0,12,67,0,79,12,0,12,91
10/27/2002,PDT,OR,ANM,WE,Federal Contract Tower,0,6,5,0,11,0,3,9,0,12,0,9,14,0,23,0,0,0,23
10/28/2002,PDT,OR,ANM,WE,Federal Contract Tower,0,17,5,0,22,0,5,51,0,56,0,22,56,0,78,20,0,20,98
10/29/2002,PDT,OR,ANM,WE,Federal Contract Tower,0,22,3,0,25,0,0,0,0,0,0,22,3,0,25,0,0,0,25
10/30/2002,PDT,OR,ANM,WE,Federal Contract Tower,0,22,0,0,22,0,8,48,8,64,0,30,48,8,86,12,16,28,114
10/31/2002,PDT,OR,ANM,WE,Federal Contract Tower,0,15,0,0,15,0,13,32,12,57,0,28,32,12,72,12,2,14,86
11/01/2002,PDT,OR,ANM,WE,Federal Contract Tower,0,17,3,0,20,0,11,65,4,80,0,28,68,4,100,18,0,18,118
11/02/2002,PDT,OR,ANM,WE,Federal Contract Tower,0,10,1,0,11,0,2,25,0,27,0,12,26,0,38,30,0,30,68
11/03/2002,PDT,OR,ANM,WE,Federal Contract Tower,0,6,0,0,6,0,0,26,5,31,0,6,26,5,37,8,0,8,45
11/04/2002,PDT,OR,ANM,WE,Federal Contract Tower,0,14,3,0,17,0,12,26,2,40,0,26,29,2,57,6,8,14,71
11/05/2002,PDT,OR,ANM,WE,Federal Contract Tower,0,16,0,2,18,0,10,46,2,58,0,26,46,4,76,8,0,8,84
11/06/2002,PDT,OR,ANM,WE,Federal Contract Tower,0,18,2,4,24,0,10,38,0,48,0,28,40,4,72,20,0,20,92
11/07/2002,PDT,OR,ANM,WE,Federal Contract Tower,0,16,4,1,21,0,14,46,11,71,0,30,50,12,92,12,4,16,108
11/08/2002,PDT,OR,ANM,WE,Federal Contract Tower,0,21,0,0,21,0,5,23,0,28,0,26,23,0,49,8,0,8,57
11/09/2002,PDT,OR,ANM,WE,Federal Contract Tower,0,9,4,0,13,0,3,12,0,15,0,12,16,0,28,0,0,0,28
11/10/2002,PDT,OR,ANM,WE,Federal Contract Tower,0,6,1,0,7,0,0,5,0,5,0,6,6,0,12,30,0,30,42
11/11/2002,PDT,OR,ANM,WE,Federal Contract Tower,0,10,0,0,10,0,2,6,1,9,0,12,6,1,19,12,0,12,31
11/12/2002,PDT,OR,ANM,WE,Federal Contract Tower,0,18,0,0,18,0,10,26,4,40,0,28,26,4,58,22,18,40,98
11/13/2002,PDT,OR,ANM,WE,Federal Contract Tower,0,18,0,2,20,0,10,34,2,46,0,28,34,4,66,12,4,16,82
11/14/2002,PDT,OR,ANM,WE,Federal Contract Tower,0,20,5,0,25,0,5,31,2,38,0,25,36,2,63,8,2,10,73
11/15/2002,PDT,OR,ANM,WE,Federal Contract Tower,0,17,4,2,23,0,7,38,10,55,0,24,42,12,78,22,8,30,108
11/16/2002,PDT,OR,ANM,WE,Federal Contract Tower,0,9,1,0,10,0,1,17,0,18,0,10,18,0,28,0,0,0,28
11/17/2002,PDT,OR,ANM,WE,Federal Contract Tower,0,6,8,2,16,0,6,44,10,60,0,12,52,12,76,16,4,20,96
11/18/2002,PDT,OR,ANM,WE,Federal Contract Tower,0,16,3,3,22,0,12,45,5,62,0,28,48,8,84,30,8,38,122
11/19/2002,PDT,OR,ANM,WE,Federal Contract Tower,0,17,2,0,19,0,11,34,2,47,0,28,36,2,66,14,0,14,80
11/20/2002,PDT,OR,ANM,WE,Federal Contract Tower,0,20,2,2,24,0,6,56,6,68,0,26,58,8,92,26,8,34,126
11/21/2002,PDT,OR,ANM,WE,Federal Contract Tower,0,20,7,0,27,0,0,15,4,19,0,20,22,4,46,38,0,38,84
11/22/2002,PDT,OR,ANM,WE,Federal Contract Tower,0,17,1,2,20,0,7,5,0,12,0,24,6,2,32,30,0,30,62
11/23/2002,PDT,OR,ANM,WE,Federal Contract Tower,0,6,4,0,10,0,2,32,0,34,0,8,36,0,44,14,0,14,58
11/24/2002,PDT,OR,ANM,WE,Federal Contract Tower,0,6,3,0,9,0,4,47,0,51,0,10,50,0,60,20,0,20,80
11/25/2002,PDT,OR,ANM,WE,Federal Contract Tower,0,17,1,0,18,0,12,53,4,69,0,29,54,4,87,16,0,16,103
11/26/2002,PDT,OR,ANM,WE,Federal Contract Tower,0,23,8,2,33,0,0,34,0,34,0,23,42,2,67,16,0,16,83
11/27/2002,PDT,OR,ANM,WE,Federal Contract Tower,0,24,10,0,34,0,2,29,0,31,0,26,39,0,65,28,0,28,93
11/28/2002,PDT,OR,ANM,WE,Federal Contract Tower,0,2,1,0,3,0,0,0,0,0,0,2,1,0,3,0,0,0,3
11/29/2002,PDT,OR,ANM,WE,Federal Contract Tower,0,2,0,0,2,0,0,0,0,0,0,2,0,0,2,0,0,0,2
11/30/2002,PDT,OR,ANM,WE,Federal Contract Tower,0,11,0,0,11,0,0,0,0,0,0,11,0,0,11,0,0,0,11
12/01/2002,PDT,OR,ANM,WE,Federal Contract Tower,0,0,3,0,3,0,0,0,0,0,0,0,3,0,3,0,0,0,3
12/02/2002,PDT,OR,ANM,WE,Federal Contract Tower,0,22,1,0,23,0,0,0,0,0,0,22,1,0,23,0,0,0,23
12/03/2002,PDT,OR,ANM,WE,Federal Contract Tower,0,22,3,1,26,0,0,0,0,0,0,22,3,1,26,0,6,6,32
12/04/2002,PDT,OR,ANM,WE,Federal Contract Tower,0,24,4,0,28,0,0,0,0,0,0,24,4,0,28,0,0,0,28
12/05/2002,PDT,OR,ANM,WE,Federal Contract Tower,0,26,6,0,32,0,0,0,0,0,0,26,6,0,32,0,0,0,32
12/06/2002,PDT,OR,ANM,WE,Federal Contract Tower,0,24,1,0,25,0,4,1,2,7,0,28,2,2,32,6,6,12,44
12/07/2002,PDT,OR,ANM,WE,Federal Contract Tower,0,7,5,7,19,0,7,17,1,25,0,14,22,8,44,0,0,0,44
12/08/2002,PDT,OR,ANM,WE,Federal Contract Tower,0,6,6,0,12,0,0,8,0,8,0,6,14,0,20,0,0,0,20
12/09/2002,PDT,OR,ANM,WE,Federal Contract Tower,0,19,1,1,21,0,0,6,1,7,0,19,7,2,28,0,8,8,36
12/10/2002,PDT,OR,ANM,WE,Federal Contract Tower,0,21,2,0,23,0,3,34,4,41,0,24,36,4,64,10,8,18,82
12/11/2002,PDT,OR,ANM,WE,Federal Contract Tower,0,19,2,0,21,0,0,13,0,13,0,19,15,0,34,0,0,0,34
12/12/2002,PDT,OR,ANM,WE,Federal Contract Tower,0,21,2,1,24,0,7,36,7,50,0,28,38,8,74,4,8,12,86
12/13/2002,PDT,OR,ANM,WE,Federal Contract Tower,0,18,0,0,18,0,10,38,12,60,0,28,38,12,78,8,14,22,100
12/14/2002,PDT,OR,ANM,WE,Federal Contract Tower,0,11,0,0,11,0,1,2,0,3,0,12,2,0,14,0,0,0,14
12/15/2002,PDT,OR,ANM,WE,Federal Contract Tower,0,4,0,0,4,0,0,2,0,2,0,4,2,0,6,0,0,0,6
12/16/2002,PDT,OR,ANM,WE,Federal Contract Tower,0,16,0,0,16,0,0,12,0,12,0,16,12,0,28,0,0,0,28
12/17/2002,PDT,OR,ANM,WE,Federal Contract Tower,0,19,10,0,29,0,6,44,6,56,0,25,54,6,85,14,12,26,111
12/18/2002,PDT,OR,ANM,WE,Federal Contract Tower,0,17,1,2,20,0,9,25,4,38,0,26,26,6,58,6,4,10,68
12/19/2002,PDT,OR,ANM,WE,Federal Contract Tower,0,21,4,0,25,0,7,54,4,65,0,28,58,4,90,44,0,44,134
12/20/2002,PDT,OR,ANM,WE,Federal Contract Tower,0,17,2,0,19,0,5,43,0,48,0,22,45,0,67,20,0,20,87
12/21/2002,PDT,OR,ANM,WE,Federal Contract Tower,0,15,3,0,18,0,0,14,0,14,0,15,17,0,32,2,0,2,34
12/22/2002,PDT,OR,ANM,WE,Federal Contract Tower,0,8,1,0,9,0,0,26,0,26,0,8,27,0,35,18,0,18,53
12/23/2002,PDT,OR,ANM,WE,Federal Contract Tower,0,17,0,0,17,0,9,4,0,13,0,26,4,0,30,0,0,0,30
12/24/2002,PDT,OR,ANM,WE,Federal Contract Tower,0,22,0,0,22,0,0,17,0,17,0,22,17,0,39,8,0,8,47
12/25/2002,PDT,OR,ANM,WE,Federal Contract Tower,0,6,1,0,7,0,0,26,0,26,0,6,27,0,33,10,0,10,43
12/26/2002,PDT,OR,ANM,WE,Federal Contract Tower,0,21,4,0,25,0,1,27,0,28,0,22,31,0,53,12,0,12,65
12/27/2002,PDT,OR,ANM,WE,Federal Contract Tower,0,20,0,0,20,0,2,46,0,48,0,22,46,0,68,12,0,12,80
12/28/2002,PDT,OR,ANM,WE,Federal Contract Tower,0,17,12,0,29,0,0,0,0,0,0,17,12,0,29,9,0,9,38
12/29/2002,PDT,OR,ANM,WE,Federal Contract Tower,0,10,0,0,10,0,2,9,0,11,0,12,9,0,21,8,0,8,29
12/30/2002,PDT,OR,ANM,WE,Federal Contract Tower,0,16,0,0,16,0,10,10,0,20,0,26,10,0,36,4,0,4,40
12/31/2002,PDT,OR,ANM,WE,Federal Contract Tower,0,20,0,0,20,0,8,20,2,30,0,28,20,2,50,12,0,12,62
01/01/2003,PDT,OR,ANM,WE,Federal Contract Tower,0,6,0,0,6,0,0,10,0,10,0,6,10,0,16,4,0,4,20
01/02/2003,PDT,OR,ANM,WE,Federal Contract Tower,0,19,2,0,21,0,3,36,4,43,0,22,38,4,64,20,0,20,84
01/03/2003,PDT,OR,ANM,WE,Federal Contract Tower,0,16,0,1,17,0,4,22,3,29,0,20,22,4,46,6,0,6,52
01/04/2003,PDT,OR,ANM,WE,Federal Contract Tower,0,12,5,0,17,0,4,25,0,29,0,16,30,0,46,4,0,4,50
01/05/2003,PDT,OR,ANM,WE,Federal Contract Tower,0,8,2,0,10,0,8,42,0,50,0,16,44,0,60,26,0,26,86
01/06/2003,PDT,OR,ANM,WE,Federal Contract Tower,0,3,0,0,3,0,0,0,0,0,0,3,0,0,3,0,0,0,3
01/07/2003,PDT,OR,ANM,WE,Federal Contract Tower,0,22,4,0,26,0,0,0,0,0,0,22,4,0,26,0,0,0,26
01/08/2003,PDT,OR,ANM,WE,Federal Contract Tower,0,23,0,0,23,0,2,0,0,2,0,25,0,0,25,0,0,0,25
01/09/2003,PDT,OR,ANM,WE,Federal Contract Tower,0,23,4,0,27,0,1,11,4,16,0,24,15,4,43,0,12,12,55
01/10/2003,PDT,OR,ANM,WE,Federal Contract Tower,0,21,2,0,23,0,0,30,0,30,0,21,32,0,53,6,0,6,59
01/11/2003,PDT,OR,ANM,WE,Federal Contract Tower,0,11,0,2,13,0,3,12,0,15,0,14,12,2,28,2,0,2,30
01/12/2003,PDT,OR,ANM,WE,Federal Contract Tower,0,6,1,2,9,0,2,3,0,5,0,8,4,2,14,0,0,0,14
01/13/2003,PDT,OR,ANM,WE,Federal Contract Tower,0,6,2,0,8,0,0,3,0,3,0,6,5,0,11,0,0,0,11
01/14/2003,PDT,OR,ANM,WE,Federal Contract Tower,0,13,2,0,15,0,3,29,2,34,0,16,31,2,49,10,6,16,65
01/15/2003,PDT,OR,ANM,WE,Federal Contract Tower,0,22,1,3,26,0,2,7,5,14,0,24,8,8,40,0,0,0,40
01/16/2003,PDT,OR,ANM,WE,Federal Contract Tower,0,26,0,2,28,0,6,37,6,49,0,32,37,8,77,8,0,8,85
01/17/2003,PDT,OR,ANM,WE,Federal Contract Tower,0,26,6,0,32,0,6,52,6,64,0,32,58,6,96,8,0,8,104
01/18/2003,PDT,OR,ANM,WE,Federal Contract Tower,0,10,2,0,12,0,0,2,0,2,0,10,4,0,14,0,0,0,14
01/19/2003,PDT,OR,ANM,WE,Federal Contract Tower,0,6,4,0,10,0,0,0,0,0,0,6,4,0,10,0,0,0,10
01/20/2003,PDT,OR,ANM,WE,Federal Contract Tower,0,8,1,0,9,0,0,0,0,0,0,8,1,0,9,0,0,0,9
01/21/2003,PDT,OR,ANM,WE,Federal Contract Tower,0,22,4,0,26,0,2,4,0,6,0,24,8,0,32,0,0,0,32
01/22/2003,PDT,OR,ANM,WE,Federal Contract Tower,0,16,1,0,17,0,0,0,0,0,0,16,1,0,17,0,0,0,17
01/23/2003,PDT,OR,ANM,WE,Federal Contract Tower,0,18,1,0,19,0,10,35,4,49,0,28,36,4,68,10,0,10,78
01/24/2003,PDT,OR,ANM,WE,Federal Contract Tower,0,14,5,0,19,0,12,21,0,33,0,26,26,0,52,22,0,22,74
01/25/2003,PDT,OR,ANM,WE,Federal Contract Tower,0,8,1,0,9,0,4,34,0,38,0,12,35,0,47,24,0,24,71
01/26/2003,PDT,OR,ANM,WE,Federal Contract Tower,0,6,0,0,6,0,0,18,0,18,0,6,18,0,24,0,0,0,24
01/27/2003,PDT,OR,ANM,WE,Federal Contract Tower,0,14,2,0,16,0,6,22,10,38,0,20,24,10,54,10,20,30,84
01/28/2003,PDT,OR,ANM,WE,Federal Contract Tower,0,16,0,0,16,0,10,38,0,48,0,26,38,0,64,26,0,26,90
01/29/2003,PDT,OR,ANM,WE,Federal Contract Tower,0,22,2,0,24,0,6,36,10,52,0,28,38,10,76,6,12,18,94
01/30/2003,PDT,OR,ANM,WE,Federal Contract Tower,0,20,3,1,24,0,8,23,1,32,0,28,26,2,56,14,4,18,74
01/31/2003,PDT,OR,ANM,WE,Federal Contract Tower,0,16,3,2,21,0,6,27,6,39,0,22,30,8,60,10,0,10,70
02/01/2003,PDT,OR,ANM,WE,Federal Contract Tower,0,11,6,0,17,0,1,17,3,21,0,12,23,3,38,0,0,0,38
02/02/2003,PDT,OR,ANM,WE,Federal Contract Tower,0,6,3,0,9,0,2,36,3,41,0,8,39,3,50,12,0,12,62
02/03/2003,PDT,OR,ANM,WE,Federal Contract Tower,0,17,1,3,21,0,5,37,6,48,0,22,38,9,69,10,0,10,79
02/04/2003,PDT,OR,ANM,WE,Federal Contract Tower,0,18,3,2,23,0,8,57,6,71,0,26,60,8,94,20,10,30,124
02/05/2003,PDT,OR,ANM,WE,Federal Contract Tower,0,18,3,2,23,0,8,41,10,59,0,26,44,12,82,20,20,40,122
02/06/2003,PDT,OR,ANM,WE,Federal Contract Tower,0,20,2,4,26,0,4,24,21,49,0,24,26,25,75,6,28,34,109
02/07/2003,PDT,OR,ANM,WE,Federal Contract Tower,0,15,1,0,16,0,7,47,17,71,0,22,48,17,87,10,26,36,123
02/08/2003,PDT,OR,ANM,WE,Federal Contract Tower,0,12,0,2,14,0,0,27,9,36,0,12,27,11,50,6,10,16,66
02/09/2003,PDT,OR,ANM,WE,Federal Contract Tower,0,7,3,0,10,0,2,47,4,53,0,9,50,4,63,22,4,26,89
02/10/2003,PDT,OR,ANM,WE,Federal Contract Tower,0,15,2,4,21,0,11,42,2,55,0,26,44,6,76,6,4,10,86
02/11/2003,PDT,OR,ANM,WE,Federal Contract Tower,0,17,0,0,17,0,9,44,4,57,0,26,44,4,74,10,0,10,84
02/12/2003,PDT,OR,ANM,WE,Federal Contract Tower,0,21,5,0,26,0,4,39,8,51,0,25,44,8,77,4,14,18,95
02/13/2003,PDT,OR,ANM,WE,Federal Contract Tower,0,22,1,2,25,0,2,29,0,31,0,24,30,2,56,10,0,10,66
02/14/2003,PDT,OR,ANM,WE,Federal Contract Tower,0,19,3,2,24,0,3,36,3,42,0,22,39,5,66,18,0,18,84
02/15/2003,PDT,OR,ANM,WE,Federal Contract Tower,0,5,2,0,7,0,5,23,0,28,0,10,25,0,35,0,0,0,35
02/16/2003,PDT,OR,ANM,WE,Federal Contract Tower,0,6,1,0,7,0,2,13,0,15,0,8,14,0,22,4,0,4,26
02/17/2003,PDT,OR,ANM,WE,Federal Contract Tower,0,13,1,2,16,0,11,29,2,42,0,24,30,4,58,38,0,38,96
02/18/2003,PDT,OR,ANM,WE,Federal Contract Tower,0,19,2,1,22,0,5,36,5,46,0,24,38,6,68,6,0,6,74
02/19/2003,PDT,OR,ANM,WE,Federal Contract Tower,0,19,0,0,19,0,5,49,4,58,0,24,49,4,77,10,12,22,99
02/20/2003,PDT,OR,ANM,WE,Federal Contract Tower,0,21,2,0,23,0,3,39,1,43,0,24,41,1,66,10,0,10,76
02/21/2003,PDT,OR,ANM,WE,Federal Contract Tower,0,15,0,0,15,0,9,43,1,53,0,24,43,1,68,14,0,14,82
02/22/2003,PDT,OR,ANM,WE,Federal Contract Tower,0,9,4,0,13,0,9,26,0,35,0,18,30,0,48,10,0,10,58
02/23/2003,PDT,OR,ANM,WE,Federal Contract Tower,0,6,7,0,13,0,8,33,0,41,0,14,40,0,54,34,0,34,88
02/24/2003,PDT,OR,ANM,WE,Federal Contract Tower,0,14,1,2,17,0,10,62,0,72,0,24,63,2,89,22,0,22,111
02/25/2003,PDT,OR,ANM,WE,Federal Contract Tower,0,21,3,0,24,0,5,47,0,52,0,26,50,0,76,28,0,28,104
02/26/2003,PDT,OR,ANM,WE,Federal Contract Tower,0,19,3,1,23,0,7,60,5,72,0,26,63,6,95,20,14,34,129
02/27/2003,PDT,OR,ANM,WE,Federal Contract Tower,0,18,1,2,21,0,4,20,4,28,0,22,21,6,49,6,0,6,55
02/28/2003,PDT,OR,ANM,WE,Federal Contract Tower,0,22,4,0,26,0,8,20,0,28,0,30,24,0,54,4,0,4,58
03/01/2003,PDT,OR,ANM,WE,Federal Contract Tower,0,7,3,0,10,0,5,35,4,44,0,12,38,4,54,10,16,26,80
03/02/2003,PDT,OR,ANM,WE,Federal Contract Tower,0,6,5,0,11,0,0,23,0,23,0,6,28,0,34,8,0,8,42
03/03/2003,PDT,OR,ANM,WE,Federal Contract Tower,0,15,2,2,19,0,6,29,3,38,0,21,31,5,57,0,6,6,63
03/04/2003,PDT,OR,ANM,WE,Federal Contract Tower,0,16,2,0,18,0,8,27,3,38,0,24,29,3,56,4,0,4,60
03/05/2003,PDT,OR,ANM,WE,Federal Contract Tower,0,18,0,2,20,0,6,41,0,47,0,24,41,2,67,0,0,0,67
03/06/2003,PDT,OR,ANM,WE,Federal Contract Tower,0,20,2,0,22,0,6,42,6,54,0,26,44,6,76,0,0,0,76
03/07/2003,PDT,OR,ANM,WE,Federal Contract Tower,0,20,3,0,23,0,6,41,12,59,0,26,44,12,82,8,0,8,90
03/08/2003,PDT,OR,ANM,WE,Federal Contract Tower,0,11,2,0,13,0,1,33,0,34,0,12,35,0,47,24,0,24,71
03/09/2003,PDT,OR,ANM,WE,Federal Contract Tower,0,6,3,0,9,0,0,24,2,26,0,6,27,2,35,2,6,8,43
03/10/2003,PDT,OR,ANM,WE,Federal Contract Tower,0,13,3,0,16,0,7,56,0,63,0,20,59,0,79,22,0,22,101
03/11/2003,PDT,OR,ANM,WE,Federal Contract Tower,0,20,5,4,29,0,11,52,18,81,0,31,57,22,110,50,48,98,208
03/12/2003,PDT,OR,ANM,WE,Federal Contract Tower,0,20,7,4,31,0,10,61,16,87,0,30,68,20,118,18,42,60,178
03/13/2003,PDT,OR,ANM,WE,Federal Contract Tower,0,17,1,0,18,0,9,19,6,34,0,26,20,6,52,8,14,22,74
03/14/2003,PDT,OR,ANM,WE,Federal Contract Tower,0,16,1,0,17,0,4,23,0,27,0,20,24,0,44,6,0,6,50
03/15/2003,PDT,OR,ANM,WE,Federal Contract Tower,0,10,4,0,14,0,2,12,0,14,0,12,16,0,28,8,0,8,36
03/16/2003,PDT,OR,ANM,WE,Federal Contract Tower,0,6,0,4,10,0,0,49,0,49,0,6,49,4,59,32,0,32,91
03/17/2003,PDT,OR,ANM,WE,Federal Contract Tower,0,17,2,4,23,0,3,36,0,39,0,20,38,4,62,26,0,26,88
03/18/2003,PDT,OR,ANM,WE,Federal Contract Tower,0,18,2,2,22,0,10,46,2,58,0,28,48,4,80,32,0,32,112
03/19/2003,PDT,OR,ANM,WE,Federal Contract Tower,0,19,7,0,26,0,9,59,6,74,0,28,66,6,100,50,12,62,162
03/20/2003,PDT,OR,ANM,WE,Federal Contract Tower,0,18,2,0,20,0,6,55,4,65,0,24,57,4,85,14,10,24,109
03/21/2003,PDT,OR,ANM,WE,Federal Contract Tower,0,18,3,0,21,0,4,45,10,59,0,22,48,10,80,16,6,22,102
03/22/2003,PDT,OR,ANM,WE,Federal Contract Tower,0,7,1,2,10,0,5,20,2,27,0,12,21,4,37,8,0,8,45
03/23/2003,PDT,OR,ANM,WE,Federal Contract Tower,0,6,4,1,11,0,0,25,0,25,0,6,29,1,36,8,0,8,44
03/24/2003,PDT,OR,ANM,WE,Federal Contract Tower,0,14,2,0,16,0,14,80,16,110,0,28,82,16,126,184,0,184,310
03/25/2003,PDT,OR,ANM,WE,Federal Contract Tower,0,19,2,0,21,0,9,64,4,77,0,28,66,4,98,44,12,56,154
03/26/2003,PDT,OR,ANM,WE,Federal Contract Tower,0,20,2,0,22,0,6,27,14,47,0,26,29,14,69,4,8,12,81
03/27/2003,PDT,OR,ANM,WE,Federal Contract Tower,0,21,1,0,22,0,7,50,6,63,0,28,51,6,85,6,8,14,99
03/28/2003,PDT,OR,ANM,WE,Federal Contract Tower,0,16,2,0,18,0,8,46,2,56,0,24,48,2,74,64,14,78,152
03/29/2003,PDT,OR,ANM,WE,Federal Contract Tower,0,9,2,0,11,0,3,71,2,76,0,12,73,2,87,24,0,24,111
03/30/2003,PDT,OR,ANM,WE,Federal Contract Tower,0,6,6,0,12,0,2,50,0,52,0,8,56,0,64,28,0,28,92
03/31/2003,PDT,OR,ANM,WE,Federal Contract Tower,0,18,5,1,24,0,6,31,7,44,0,24,36,8,68,20,0,20,88
04/01/2003,PDT,OR,ANM,WE,Federal Contract Tower,0,22,0,0,22,0,2,48,6,56,0,24,48,6,78,14,0,14,92
04/02/2003,PDT,OR,ANM,WE,Federal Contract Tower,0,17,2,0,19,0,5,16,0,21,0,22,18,0,40,0,20,20,60
04/03/2003,PDT,OR,ANM,WE,Federal Contract Tower,0,19,0,0,19,0,7,50,4,61,0,26,50,4,80,26,0,26,106
04/04/2003,PDT,OR,ANM,WE,Federal Contract Tower,2,19,1,1,23,0,5,90,11,106,2,24,91,12,129,22,20,42,171
04/05/2003,PDT,OR,ANM,WE,Federal Contract Tower,0,11,2,0,13,0,5,50,0,55,0,16,52,0,68,18,0,18,86
04/06/2003,PDT,OR,ANM,WE,Federal Contract Tower,0,2,0,0,2,0,4,45,4,53,0,6,45,4,55,40,14,54,109
04/07/2003,PDT,OR,ANM,WE,Federal Contract Tower,0,14,0,0,14,0,6,28,2,36,0,20,28,2,50,28,0,28,78
04/08/2003,PDT,OR,ANM,WE,Federal Contract Tower,2,17,0,0,19,0,5,61,12,78,2,22,61,12,97,18,12,30,127
04/09/2003,PDT,OR,ANM,WE,Federal Contract Tower,0,17,1,0,18,0,6,35,7,48,0,23,36,7,66,8,4,12,78
04/10/2003,PDT,OR,ANM,WE,Federal Contract Tower,0,14,4,0,18,0,8,60,0,68,0,22,64,0,86,12,0,12,98
04/11/2003,PDT,OR,ANM,WE,Federal Contract Tower,0,14,3,0,17,0,10,47,6,63,0,24,50,6,80,42,0,42,122
04/12/2003,PDT,OR,ANM,WE,Federal Contract Tower,0,5,1,1,7,0,3,49,5,57,0,8,50,6,64,56,8,64,128
04/13/2003,PDT,OR,ANM,WE,Federal Contract Tower,0,4,1,0,5,0,0,40,6,46,0,4,41,6,51,46,10,56,107
04/14/2003,PDT,OR,ANM,WE,Federal Contract Tower,2,11,7,0,20,0,9,50,0,59,2,20,57,0,79,30,0,30,109
04/15/2003,PDT,OR,ANM,WE,Federal Contract Tower,0,18,6,2,26,0,10,41,7,58,0,28,47,9,84,64,10,74,158
04/16/2003,PDT,OR,ANM,WE,Federal Contract Tower,0,19,1,2,22,0,8,47,1,56,0,27,48,3,78,18,0,18,96
04/17/2003,PDT,OR,ANM,WE,Federal Contract Tower,0,16,1,2,19,0,9,45,2,56,0,25,46,4,75,8,0,8,83
04/18/2003,PDT,OR,ANM,WE,Federal Contract Tower,0,12,0,3,15,0,10,80,5,95,0,22,80,8,110,26,2,28,138
04/19/2003,PDT,OR,ANM,WE,Federal Contract Tower,0,5,5,0,10,0,3,61,0,64,0,8,66,0,74,32,0,32,106
04/20/2003,PDT,OR,ANM,WE,Federal Contract Tower,0,4,10,0,14,0,0,18,0,18,0,4,28,0,32,18,0,18,50
04/21/2003,PDT,OR,ANM,WE,Federal Contract Tower,2,13,4,0,19,0,5,55,0,60,2,18,59,0,79,20,0,20,99
04/22/2003,PDT,OR,ANM,WE,Federal Contract Tower,0,20,6,0,26,0,9,51,8,68,0,29,57,8,94,28,0,28,122
04/23/2003,PDT,OR,ANM,WE,Federal Contract Tower,0,17,6,9,32,0,13,82,23,118,0,30,88,32,150,36,14,50,200
04/24/2003,PDT,OR,ANM,WE,Federal Contract Tower,0,18,4,3,25,0,8,24,7,39,0,26,28,10,64,6,8,14,78
04/25/2003,PDT,OR,ANM,WE,Federal Contract Tower,0,21,4,0,25,0,6,57,6,69,0,27,61,6,94,14,0,14,108
04/26/2003,PDT,OR,ANM,WE,Federal Contract Tower,0,8,1,0,9,0,4,35,0,39,0,12,36,0,48,8,0,8,56
04/27/2003,PDT,OR,ANM,WE,Federal Contract Tower,0,5,1,0,6,0,1,52,0,53,0,6,53,0,59,78,0,78,137
04/28/2003,PDT,OR,ANM,WE,Federal Contract Tower,0,13,0,0,13,0,11,42,0,53,0,24,42,0,66,0,0,0,66
04/29/2003,PDT,OR,ANM,WE,Federal Contract Tower,0,13,5,2,20,0,11,49,10,70,0,24,54,12,90,26,4,30,120
04/30/2003,PDT,OR,ANM,WE,Federal Contract Tower,0,16,2,2,20,0,8,64,4,76,0,24,66,6,96,20,20,40,136
05/01/2003,PDT,OR,ANM,WE,Federal Contract Tower,2,16,4,3,25,0,8,72,11,91,2,24,76,14,116,26,8,34,150
05/02/2003,PDT,OR,ANM,WE,Federal Contract Tower,0,16,9,0,25,0,6,72,6,84,0,22,81,6,109,20,2,22,131
05/03/2003,PDT,OR,ANM,WE,Federal Contract Tower,0,7,2,0,9,0,3,59,0,62,0,10,61,0,71,16,0,16,87
05/04/2003,PDT,OR,ANM,WE,Federal Contract Tower,0,4,2,0,6,0,0,26,0,26,0,4,28,0,32,8,0,8,40
05/05/2003,PDT,OR,ANM,WE,Federal Contract Tower,0,13,2,0,15,0,9,48,4,61,0,22,50,4,76,22,4,26,102
05/06/2003,PDT,OR,ANM,WE,Federal Contract Tower,0,16,2,1,19,0,6,42,7,55,0,22,44,8,74,10,12,22,96
05/07/2003,PDT,OR,ANM,WE,Federal Contract Tower,0,14,0,2,16,0,6,33,4,43,0,20,33,6,59,6,18,24,83
05/08/2003,PDT,OR,ANM,WE,Federal Contract Tower,0,16,0,2,18,0,8,29,2,39,0,24,29,4,57,8,16,24,81
05/09/2003,PDT,OR,ANM,WE,Federal Contract Tower,0,13,5,2,20,0,5,26,3,34,0,18,31,5,54,2,20,22,76
05/10/2003,PDT,OR,ANM,WE,Federal Contract Tower,0,6,3,0,9,0,6,80,2,88,0,12,83,2,97,100,0,100,197
05/11/2003,PDT,OR,ANM,WE,Federal Contract Tower,0,4,2,0,6,0,2,32,0,34,0,6,34,0,40,22,0,22,62
05/12/2003,PDT,OR,ANM,WE,Federal Contract Tower,0,14,4,2,20,0,12,46,8,66,0,26,50,10,86,40,0,40,126
05/13/2003,PDT,OR,ANM,WE,Federal Contract Tower,0,14,1,3,18,0,10,61,7,78,0,24,62,10,96,16,6,22,118
05/14/2003,PDT,OR,ANM,WE,Federal Contract Tower,0,16,5,0,21,0,6,39,2,47,0,22,44,2,68,18,0,18,86
05/15/2003,PDT,OR,ANM,WE,Federal Contract Tower,0,15,4,2,21,0,9,57,3,69,0,24,61,5,90,16,0,16,106
05/16/2003,PDT,OR,ANM,WE,Federal Contract Tower,0,13,3,1,17,0,9,93,24,126,0,22,96,25,143,26,28,54,197
05/17/2003,PDT,OR,ANM,WE,Federal Contract Tower,0,6,0,6,12,0,18,236,18,272,0,24,236,24,284,420,48,468,752
05/18/2003,PDT,OR,ANM,WE,Federal Contract Tower,0,6,4,0,10,0,0,62,6,68,0,6,66,6,78,36,4,40,118
05/19/2003,PDT,OR,ANM,WE,Federal Contract Tower,0,11,3,0,14,0,5,49,2,56,0,16,52,2,70,38,0,38,108
05/20/2003,PDT,OR,ANM,WE,Federal Contract Tower,0,14,3,1,18,0,10,72,3,85,0,24,75,4,103,36,10,46,149
05/21/2003,PDT,OR,ANM,WE,Federal Contract Tower,0,14,4,0,18,0,10,73,2,85,0,24,77,2,103,50,4,54,157
05/22/2003,PDT,OR,ANM,WE,Federal Contract Tower,0,15,3,0,18,0,9,69,6,84,0,24,72,6,102,20,10,30,132
05/23/2003,PDT,OR,ANM,WE,Federal Contract Tower,0,14,1,0,15,0,10,59,8,77,0,24,60,8,92,30,4,34,126
05/24/2003,PDT,OR,ANM,WE,Federal Contract Tower,0,5,2,0,7,0,3,42,0,45,0,8,44,0,52,20,0,20,72
05/25/2003,PDT,OR,ANM,WE,Federal Contract Tower,0,4,8,0,12,0,0,33,0,33,0,4,41,0,45,16,0,16,61
05/26/2003,PDT,OR,ANM,WE,Federal Contract Tower,0,6,2,1,9,0,0,36,0,36,0,6,38,1,45,12,0,12,57
05/27/2003,PDT,OR,ANM,WE,Federal Contract Tower,0,14,1,0,15,0,2,48,4,54,0,16,49,4,69,20,0,20,89
05/28/2003,PDT,OR,ANM,WE,Federal Contract Tower,0,16,7,2,25,0,6,44,2,52,0,22,51,4,77,30,0,30,107
05/29/2003,PDT,OR,ANM,WE,Federal Contract Tower,0,15,4,0,19,0,7,42,2,51,0,22,46,2,70,16,6,22,92
05/30/2003,PDT,OR,ANM,WE,Federal Contract Tower,0,14,0,2,16,0,10,56,0,66,0,24,56,2,82,26,0,26,108
05/31/2003,PDT,OR,ANM,WE,Federal Contract Tower,0,4,6,0,10,0,6,60,8,74,0,10,66,8,84,26,0,26,110
06/01/2003,PDT,OR,ANM,WE,Federal Contract Tower,0,4,5,0,9,0,0,52,4,56,0,4,57,4,65,12,0,12,77
06/02/2003,PDT,OR,ANM,WE,Federal Contract Tower,0,13,3,0,16,0,9,33,10,52,0,22,36,10,68,8,0,8,76
06/03/2003,PDT,OR,ANM,WE,Federal Contract Tower,0,13,6,0,19,0,11,55,10,76,0,24,61,10,95,32,2,34,129
06/04/2003,PDT,OR,ANM,WE,Federal Contract Tower,0,14,0,3,17,0,12,50,17,79,0,26,50,20,96,20,6,26,122
06/05/2003,PDT,OR,ANM,WE,Federal Contract Tower,0,11,5,1,17,0,13,47,19,79,0,24,52,20,96,26,6,32,128
06/06/2003,PDT,OR,ANM,WE,Federal Contract Tower,0,13,6,0,19,0,8,50,12,70,0,21,56,12,89,16,6,22,111
06/07/2003,PDT,OR,ANM,WE,Federal Contract Tower,0,6,1,0,7,0,4,35,0,39,0,10,36,0,46,48,0,48,94
06/08/2003,PDT,OR,ANM,WE,Federal Contract Tower,0,6,3,0,9,0,2,24,2,28,0,8,27,2,37,12,0,12,49
06/09/2003,PDT,OR,ANM,WE,Federal Contract Tower,0,13,4,0,17,0,9,40,0,49,0,22,44,0,66,16,0,16,82
06/10/2003,PDT,OR,ANM,WE,Federal Contract Tower,0,18,3,0,21,0,6,75,8,89,0,24,78,8,110,34,0,34,144
06/11/2003,PDT,OR,ANM,WE,Federal Contract Tower,0,16,4,3,23,0,8,66,5,79,0,24,70,8,102,26,14,40,142
06/12/2003,PDT,OR,ANM,WE,Federal Contract Tower,0,17,5,0,22,0,7,61,8,76,0,24,66,8,98,28,0,28,126
06/13/2003,PDT,OR,ANM,WE,Federal Contract Tower,0,15,0,1,16,0,7,63,5,75,0,22,63,6,91,14,4,18,109
06/14/2003,PDT,OR,ANM,WE,Federal Contract Tower,0,8,3,0,11,0,8,44,0,52,0,16,47,0,63,92,0,92,155
06/15/2003,PDT,OR,ANM,WE,Federal Contract Tower,0,6,3,0,9,0,0,51,0,51,0,6,54,0,60,36,0,36,96
06/16/2003,PDT,OR,ANM,WE,Federal Contract Tower,0,11,2,1,14,0,5,70,1,76,0,16,72,2,90,16,0,16,106
06/17/2003,PDT,OR,ANM,WE,Federal Contract Tower,0,14,2,0,16,0,10,56,8,74,0,24,58,8,90,26,0,26,116
06/18/2003,PDT,OR,ANM,WE,Federal Contract Tower,0,16,1,0,17,0,6,37,4,47,0,22,38,4,64,18,0,18,82
06/19/2003,PDT,OR,ANM,WE,Federal Contract Tower,0,16,1,3,20,0,10,44,11,65,0,26,45,14,85,10,8,18,103
06/20/2003,PDT,OR,ANM,WE,Federal Contract Tower,0,15,3,0,18,0,7,25,0,32,0,22,28,0,50,34,0,34,84
06/21/2003,PDT,OR,ANM,WE,Federal Contract Tower,0,8,0,0,8,0,8,36,2,46,0,16,36,2,54,8,0,8,62
06/22/2003,PDT,OR,ANM,WE,Federal Contract Tower,0,6,3,0,9,0,2,35,4,41,0,8,38,4,50,14,2,16,66
06/23/2003,PDT,OR,ANM,WE,Federal Contract Tower,0,11,0,1,12,0,13,46,1,60,0,24,46,2,72,24,0,24,96
06/24/2003,PDT,OR,ANM,WE,Federal Contract Tower,0,15,4,0,19,0,7,34,0,41,0,22,38,0,60,18,0,18,78
06/25/2003,PDT,OR,ANM,WE,Federal Contract Tower,0,18,2,0,20,0,4,59,6,69,0,22,61,6,89,10,4,14,103
06/26/2003,PDT,OR,ANM,WE,Federal Contract Tower,0,17,4,0,21,0,11,47,12,70,0,28,51,12,91,58,0,58,149
06/27/2003,PDT,OR,ANM,WE,Federal Contract Tower,0,12,2,0,14,0,16,86,5,107,0,28,88,5,121,26,0,26,147
06/28/2003,PDT,OR,ANM,WE,Federal Contract Tower,0,7,1,0,8,0,3,49,0,52,0,10,50,0,60,34,0,34,94
06/29/2003,PDT,OR,ANM,WE,Federal Contract Tower,0,6,1,0,7,0,2,27,0,29,0,8,28,0,36,26,0,26,62
06/30/2003,PDT,OR,ANM,WE,Federal Contract Tower,0,11,0,0,11,0,7,27,6,40,0,18,27,6,51,0,10,10,61
07/01/2003,PDT,OR,ANM,WE,Federal Contract Tower,0,15,3,2,20,0,7,65,6,78,0,22,68,8,98,62,2,64,162
07/02/2003,PDT,OR,ANM,WE,Federal Contract Tower,0,14,1,0,15,0,6,22,5,33,0,20,23,5,48,54,16,70,118
07/03/2003,PDT,OR,ANM,WE,Federal Contract Tower,0,15,1,0,16,0,8,57,6,71,0,23,58,6,87,22,0,22,109
07/04/2003,PDT,OR,ANM,WE,Federal Contract Tower,0,4,0,0,4,0,0,36,2,38,0,4,36,2,42,4,0,4,46
07/05/2003,PDT,OR,ANM,WE,Federal Contract Tower,0,9,1,0,10,0,3,63,0,66,0,12,64,0,76,52,0,52,128
07/06/2003,PDT,OR,ANM,WE,Federal Contract Tower,0,6,5,0,11,0,0,64,0,64,0,6,69,0,75,32,0,32,107
07/07/2003,PDT,OR,ANM,WE,Federal Contract Tower,0,13,6,0,19,0,5,57,0,62,0,18,63,0,81,42,0,42,123
07/08/2003,PDT,OR,ANM,WE,Federal Contract Tower,0,16,2,0,18,0,12,50,0,62,0,28,52,0,80,10,0,10,90
07/09/2003,PDT,OR,ANM,WE,Federal Contract Tower,0,16,1,0,17,0,8,28,3,39,0,24,29,3,56,22,6,28,84
07/10/2003,PDT,OR,ANM,WE,Federal Contract Tower,0,14,0,0,14,0,10,40,0,50,0,24,40,0,64,42,0,42,106
07/11/2003,PDT,OR,ANM,WE,Federal Contract Tower,0,11,2,0,13,0,13,34,4,51,0,24,36,4,64,18,0,18,82
07/12/2003,PDT,OR,ANM,WE,Federal Contract Tower,0,6,3,1,10,0,6,38,0,44,0,12,41,1,54,12,0,12,66
07/13/2003,PDT,OR,ANM,WE,Federal Contract Tower,0,6,7,0,13,0,2,38,0,40,0,8,45,0,53,36,0,36,89
07/14/2003,PDT,OR,ANM,WE,Federal Contract Tower,0,18,2,0,20,0,6,63,10,79,0,24,65,10,99,22,4,26,125
07/15/2003,PDT,OR,ANM,WE,Federal Contract Tower,0,16,2,0,18,0,10,59,18,87,0,26,61,18,105,28,0,28,133
07/16/2003,PDT,OR,ANM,WE,Federal Contract Tower,0,15,0,0,15,0,11,100,18,129,0,26,100,18,144,40,0,40,184
07/17/2003,PDT,OR,ANM,WE,Federal Contract Tower,0,12,7,0,19,0,12,41,12,65,0,24,48,12,84,8,4,12,96
07/18/2003,PDT,OR,ANM,WE,Federal Contract Tower,0,17,6,2,25,0,7,48,19,74,0,24,54,21,99,28,8,36,135
07/19/2003,PDT,OR,ANM,WE,Federal Contract Tower,0,8,1,0,9,0,6,55,2,63,0,14,56,2,72,14,0,14,86
07/20/2003,PDT,OR,ANM,WE,Federal Contract Tower,0,6,2,0,8,0,6,50,0,56,0,12,52,0,64,20,0,20,84
07/21/2003,PDT,OR,ANM,WE,Federal Contract Tower,0,13,1,0,14,0,3,41,0,44,0,16,42,0,58,34,0,34,92
07/22/2003,PDT,OR,ANM,WE,Federal Contract Tower,0,15,0,0,15,0,11,46,2,59,0,26,46,2,74,14,0,14,88
07/23/2003,PDT,OR,ANM,WE,Federal Contract Tower,0,13,3,0,16,0,13,53,8,74,0,26,56,8,90,8,10,18,108
07/24/2003,PDT,OR,ANM,WE,Federal Contract Tower,0,18,2,4,24,0,8,51,6,65,0,26,53,10,89,10,4,14,103
07/25/2003,PDT,OR,ANM,WE,Federal Contract Tower,0,16,2,0,18,0,8,55,8,71,0,24,57,8,89,24,0,24,113
07/26/2003,PDT,OR,ANM,WE,Federal Contract Tower,0,8,1,0,9,0,6,50,4,60,0,14,51,4,69,14,0,14,83
07/27/2003,PDT,OR,ANM,WE,Federal Contract Tower,0,6,1,0,7,0,4,44,0,48,0,10,45,0,55,22,0,22,77
07/28/2003,PDT,OR,ANM,WE,Federal Contract Tower,0,11,4,0,15,0,11,34,0,45,0,22,38,0,60,12,0,12,72
07/29/2003,PDT,OR,ANM,WE,Federal Contract Tower,0,14,0,2,16,0,10,44,6,60,0,24,44,8,76,14,0,14,90
07/30/2003,PDT,OR,ANM,WE,Federal Contract Tower,0,15,4,0,19,0,9,42,8,59,0,24,46,8,78,18,0,18,96
07/31/2003,PDT,OR,ANM,WE,Federal Contract Tower,0,20,7,1,28,0,4,35,7,46,0,24,42,8,74,28,4,32,106
08/01/2003,PDT,OR,ANM,WE,Federal Contract Tower,0,14,3,1,18,0,12,44,7,63,0,26,47,8,81,10,0,10,91
08/02/2003,PDT,OR,ANM,WE,Federal Contract Tower,0,8,1,0,9,0,8,41,0,49,0,16,42,0,58,18,0,18,76
08/03/2003,PDT,OR,ANM,WE,Federal Contract Tower,0,6,5,0,11,0,4,41,0,45,0,10,46,0,56,12,0,12,68
08/04/2003,PDT,OR,ANM,WE,Federal Contract Tower,0,11,7,0,18,0,13,49,2,64,0,24,56,2,82,26,0,26,108
08/05/2003,PDT,OR,ANM,WE,Federal Contract Tower,0,13,1,0,14,0,11,79,2,92,0,24,80,2,106,30,0,30,136
08/06/2003,PDT,OR,ANM,WE,Federal Contract Tower,0,16,2,0,18,0,7,105,5,117,0,23,107,5,135,32,16,48,183
08/07/2003,PDT,OR,ANM,WE,Federal Contract Tower,0,13,1,6,20,0,13,56,5,74,0,26,57,11,94,8,0,8,102
08/08/2003,PDT,OR,ANM,WE,Federal Contract Tower,0,15,11,0,26,0,11,87,15,113,0,26,98,15,139,22,16,38,177
08/09/2003,PDT,OR,ANM,WE,Federal Contract Tower,0,10,5,4,19,0,6,55,10,71,0,16,60,14,90,28,0,28,118
08/10/2003,PDT,OR,ANM,WE,Federal Contract Tower,0,6,4,0,10,0,4,56,6,66,0,10,60,6,76,40,0,40,116
08/11/2003,PDT,OR,ANM,WE,Federal Contract Tower,0,12,1,0,13,0,10,52,2,64,0,22,53,2,77,32,0,32,109
08/12/2003,PDT,OR,ANM,WE,Federal Contract Tower,0,19,6,0,25,0,5,77,1,83,0,24,83,1,108,14,6,20,128
08/13/2003,PDT,OR,ANM,WE,Federal Contract Tower,0,14,5,1,20,0,14,53,9,76,0,28,58,10,96,22,0,22,118
08/14/2003,PDT,OR,ANM,WE,Federal Contract Tower,0,13,1,2,16,0,11,36,5,52,0,24,37,7,68,12,22,34,102
08/15/2003,PDT,OR,ANM,WE,Federal Contract Tower,0,15,2,6,23,0,9,76,12,97,0,24,78,18,120,26,10,36,156
08/16/2003,PDT,OR,ANM,WE,Federal Contract Tower,0,11,7,0,18,0,5,75,6,86,0,16,82,6,104,60,6,66,170
08/17/2003,PDT,OR,ANM,WE,Federal Contract Tower,0,6,6,0,12,0,0,66,0,66,0,6,72,0,78,44,0,44,122
08/18/2003,PDT,OR,ANM,WE,Federal Contract Tower,0,12,5,0,17,0,2,48,3,53,0,14,53,3,70,50,0,50,120
08/19/2003,PDT,OR,ANM,WE,Federal Contract Tower,0,15,1,0,16,0,9,41,0,50,0,24,42,0,66,46,0,46,112
08/20/2003,PDT,OR,ANM,WE,Federal Contract Tower,0,17,11,0,28,0,9,98,0,107,0,26,109,0,135,96,0,96,231
08/21/2003,PDT,OR,ANM,WE,Federal Contract Tower,0,14,4,0,18,0,12,126,6,144,0,26,130,6,162,210,0,210,372
08/22/2003,PDT,OR,ANM,WE,Federal Contract Tower,0,15,6,0,21,0,11,124,4,139,0,26,130,4,160,244,0,244,404
08/23/2003,PDT,OR,ANM,WE,Federal Contract Tower,0,10,3,2,15,0,2,124,3,129,0,12,127,5,144,110,0,110,254
08/24/2003,PDT,OR,ANM,WE,Federal Contract Tower,0,6,2,0,8,0,0,69,1,70,0,6,71,1,78,14,0,14,92
08/25/2003,PDT,OR,ANM,WE,Federal Contract Tower,0,12,1,0,13,0,6,20,13,39,0,18,21,13,52,6,12,18,70
08/26/2003,PDT,OR,ANM,WE,Federal Contract Tower,0,18,0,0,18,0,10,49,15,74,0,28,49,15,92,36,6,42,134
08/27/2003,PDT,OR,ANM,WE,Federal Contract Tower,0,13,3,0,16,0,13,51,6,70,0,26,54,6,86,18,0,18,104
08/28/2003,PDT,OR,ANM,WE,Federal Contract Tower,0,15,7,0,22,0,11,43,4,58,0,26,50,4,80,30,0,30,110
08/29/2003,PDT,OR,ANM,WE,Federal Contract Tower,0,14,5,0,19,0,8,28,4,40,0,22,33,4,59,44,6,50,109
08/30/2003,PDT,OR,ANM,WE,Federal Contract Tower,0,10,1,0,11,0,2,37,3,42,0,12,38,3,53,0,0,0,53
08/31/2003,PDT,OR,ANM,WE,Federal Contract Tower,2,6,0,0,8,0,0,21,1,22,2,6,21,1,30,16,0,16,46
09/01/2003,PDT,OR,ANM,WE,Federal Contract Tower,0,6,1,0,7,0,0,26,1,27,0,6,27,1,34,0,0,0,34
09/02/2003,PDT,OR,ANM,WE,Federal Contract Tower,0,10,0,4,14,0,16,60,16,92,0,26,60,20,106,30,20,50,156
09/03/2003,PDT,OR,ANM,WE,Federal Contract Tower,0,16,10,2,28,0,6,43,22,71,0,22,53,24,99,24,12,36,135
09/04/2003,PDT,OR,ANM,WE,Federal Contract Tower,0,16,7,4,27,0,8,54,4,66,0,24,61,8,93,16,6,22,115
09/05/2003,PDT,OR,ANM,WE,Federal Contract Tower,0,12,2,5,19,0,14,80,5,99,0,26,82,10,118,30,28,58,176
09/06/2003,PDT,OR,ANM,WE,Federal Contract Tower,0,10,6,0,16,0,4,91,4,99,0,14,97,4,115,16,14,30,145
09/07/2003,PDT,OR,ANM,WE,Federal Contract Tower,0,4,11,2,17,0,0,64,1,65,0,4,75,3,82,24,2,26,108
09/08/2003,PDT,OR,ANM,WE,Federal Contract Tower,0,16,12,0,28,0,0,35,0,35,0,16,47,0,63,6,0,6,69
09/09/2003,PDT,OR,ANM,WE,Federal Contract Tower,0,20,3,0,23,0,2,45,12,59,0,22,48,12,82,12,6,18,100
09/10/2003,PDT,OR,ANM,WE,Federal Contract Tower,0,23,7,3,33,0,5,42,5,52,0,28,49,8,85,34,6,40,125
09/11/2003,PDT,OR,ANM,WE,Federal Contract Tower,0,19,6,0,25,0,7,25,0,32,0,26,31,0,57,10,12,22,79
09/12/2003,PDT,OR,ANM,WE,Federal Contract Tower,0,17,3,0,20,0,5,52,1,58,0,22,55,1,78,36,0,36,114
09/13/2003,PDT,OR,ANM,WE,Federal Contract Tower,0,7,6,2,15,0,3,71,0,74,0,10,77,2,89,26,10,36,125
09/14/2003,PDT,OR,ANM,WE,Federal Contract Tower,0,4,0,1,5,0,4,56,1,61,0,8,56,2,66,18,0,18,84
09/15/2003,PDT,OR,ANM,WE,Federal Contract Tower,0,10,2,4,16,0,12,44,4,60,0,22,46,8,76,66,0,66,142
09/16/2003,PDT,OR,ANM,WE,Federal Contract Tower,0,13,3,3,19,0,9,44,0,53,0,22,47,3,72,12,2,14,86
09/17/2003,PDT,OR,ANM,WE,Federal Contract Tower,0,13,4,0,17,0,9,27,3,39,0,22,31,3,56,32,0,32,88
09/18/2003,PDT,OR,ANM,WE,Federal Contract Tower,0,15,2,2,19,0,11,34,8,53,0,26,36,10,72,52,4,56,128
09/19/2003,PDT,OR,ANM,WE,Federal Contract Tower,0,15,2,4,21,0,11,46,3,60,0,26,48,7,81,12,18,30,111
09/20/2003,PDT,OR,ANM,WE,Federal Contract Tower,0,6,0,2,8,0,3,41,2,46,0,9,41,4,54,8,0,8,62
09/21/2003,PDT,OR,ANM,WE,Federal Contract Tower,0,4,0,0,4,0,2,54,6,62,0,6,54,6,66,46,8,54,120
09/22/2003,PDT,OR,ANM,WE,Federal Contract Tower,0,12,5,4,21,0,9,40,7,56,0,21,45,11,77,20,10,30,107
09/23/2003,PDT,OR,ANM,WE,Federal Contract Tower,0,14,3,0,17,0,10,38,4,52,0,24,41,4,69,14,0,14,83
09/24/2003,PDT,OR,ANM,WE,Federal Contract Tower,0,18,2,0,20,0,8,60,18,86,0,26,62,18,106,12,0,12,118
09/25/2003,PDT,OR,ANM,WE,Federal Contract Tower,0,16,0,0,16,0,7,69,6,82,0,23,69,6,98,22,0,22,120
09/26/2003,PDT,OR,ANM,WE,Federal Contract Tower,0,17,3,3,23,0,3,46,3,52,0,20,49,6,75,32,2,34,109
09/27/2003,PDT,OR,ANM,WE,Federal Contract Tower,0,5,3,0,8,0,5,49,2,56,0,10,52,2,64,20,0,20,84
09/28/2003,PDT,OR,ANM,WE,Federal Contract Tower,0,5,1,0,6,0,0,37,0,37,0,5,38,0,43,12,0,12,55
09/29/2003,PDT,OR,ANM,WE,Federal Contract Tower,0,12,2,1,15,0,8,34,0,42,0,20,36,1,57,4,0,4,61
09/30/2003,PDT,OR,ANM,WE,Federal Contract Tower,0,16,5,1,22,0,6,26,4,36,0,22,31,5,58,8,4,12,70
10/01/2003,PDT,OR,ANM,WE,Federal Contract Tower,0,13,3,0,16,0,15,52,7,74,0,28,55,7,90,22,12,34,124
10/02/2003,PDT,OR,ANM,WE,Federal Contract Tower,0,15,3,1,19,0,11,31,15,57,0,26,34,16,76,4,6,10,86
10/03/2003,PDT,OR,ANM,WE,Federal Contract Tower,0,16,3,1,20,0,12,59,9,80,0,28,62,10,100,40,4,44,144
10/04/2003,PDT,OR,ANM,WE,Federal Contract Tower,0,5,0,1,6,0,7,39,1,47,0,12,39,2,53,4,8,12,65
10/05/2003,PDT,OR,ANM,WE,Federal Contract Tower,0,6,1,0,7,0,0,45,0,45,0,6,46,0,52,8,0,8,60
10/06/2003,PDT,OR,ANM,WE,Federal Contract Tower,0,13,3,1,17,0,7,28,6,41,0,20,31,7,58,22,12,34,92
10/07/2003,PDT,OR,ANM,WE,Federal Contract Tower,0,17,3,1,21,0,7,40,3,50,0,24,43,4,71,18,0,18,89
10/08/2003,PDT,OR,ANM,WE,Federal Contract Tower,0,23,5,1,29,0,7,51,9,67,0,30,56,10,96,30,0,30,126
10/09/2003,PDT,OR,ANM,WE,Federal Contract Tower,0,17,4,1,22,0,9,28,7,44,0,26,32,8,66,14,0,14,80
10/10/2003,PDT,OR,ANM,WE,Federal Contract Tower,0,15,3,1,19,0,7,38,1,46,0,22,41,2,65,14,10,24,89
10/11/2003,PDT,OR,ANM,WE,Federal Contract Tower,0,6,1,0,7,0,6,7,0,13,0,12,8,0,20,6,0,6,26
10/12/2003,PDT,OR,ANM,WE,Federal Contract Tower,0,4,1,0,5,0,0,30,0,30,0,4,31,0,35,0,0,0,35
10/13/2003,PDT,OR,ANM,WE,Federal Contract Tower,0,10,2,1,13,0,2,49,1,52,0,12,51,2,65,22,0,22,87
10/14/2003,PDT,OR,ANM,WE,Federal Contract Tower,0,16,3,1,20,0,10,27,5,42,0,26,30,6,62,8,0,8,70
10/15/2003,PDT,OR,ANM,WE,Federal Contract Tower,0,17,4,1,22,0,9,36,7,52,0,26,40,8,74,28,4,32,106
10/16/2003,PDT,OR,ANM,WE,Federal Contract Tower,0,15,3,1,19,0,9,28,3,40,0,24,31,4,59,20,0,20,79
10/17/2003,PDT,OR,ANM,WE,Federal Contract Tower,0,17,3,0,20,0,5,20,0,25,0,22,23,0,45,0,0,0,45
10/18/2003,PDT,OR,ANM,WE,Federal Contract Tower,0,8,1,0,9,0,2,37,0,39,0,10,38,0,48,38,0,38,86
10/19/2003,PDT,OR,ANM,WE,Federal Contract Tower,0,4,1,0,5,0,0,23,0,23,0,4,24,0,28,38,0,38,66
10/20/2003,PDT,OR,ANM,WE,Federal Contract Tower,0,15,3,0,18,0,3,34,0,37,0,18,37,0,55,20,0,20,75
10/21/2003,PDT,OR,ANM,WE,Federal Contract Tower,0,20,4,0,24,0,4,44,0,48,0,24,48,0,72,32,0,32,104
10/22/2003,PDT,OR,ANM,WE,Federal Contract Tower,0,16,3,0,19,0,10,38,4,52,0,26,41,4,71,16,16,32,103
10/23/2003,PDT,OR,ANM,WE,Federal Contract Tower,0,14,3,0,17,0,10,45,2,57,0,24,48,2,74,50,6,56,130
10/24/2003,PDT,OR,ANM,WE,Federal Contract Tower,0,20,4,0,24,0,4,70,2,76,0,24,74,2,100,38,0,38,138
10/25/2003,PDT,OR,ANM,WE,Federal Contract Tower,0,6,0,0,6,0,4,40,0,44,0,10,40,0,50,32,0,32,82
10/26/2003,PDT,OR,ANM,WE,Federal Contract Tower,0,5,0,0,5,0,3,30,0,33,0,8,30,0,38,22,0,22,60
10/27/2003,PDT,OR,ANM,WE,Federal Contract Tower,0,12,2,0,14,0,12,44,6,62,0,24,46,6,76,40,8,48,124
10/28/2003,PDT,OR,ANM,WE,Federal Contract Tower,0,14,2,0,16,0,8,2,0,10,0,22,4,0,26,0,0,0,26
10/29/2003,PDT,OR,ANM,WE,Federal Contract Tower,0,20,4,0,24,0,4,11,4,19,0,24,15,4,43,4,0,4,47
10/30/2003,PDT,OR,ANM,WE,Federal Contract Tower,0,18,3,0,21,0,9,35,4,48,0,27,38,4,69,2,0,2,71
10/31/2003,PDT,OR,ANM,WE,Federal Contract Tower,0,22,4,0,26,0,4,43,8,55,0,26,47,8,81,18,10,28,109
11/01/2003,PDT,OR,ANM,WE,Federal Contract Tower,0,8,2,0,10,0,2,16,0,18,0,10,18,0,28,10,0,10,38
11/02/2003,PDT,OR,ANM,WE,Federal Contract Tower,0,8,2,0,10,0,2,32,0,34,0,10,34,0,44,10,0,10,54
11/03/2003,PDT,OR,ANM,WE,Federal Contract Tower,0,14,4,0,18,0,4,41,16,61,0,18,45,16,79,22,12,34,113
11/04/2003,PDT,OR,ANM,WE,Federal Contract Tower,0,17,2,2,21,0,9,26,0,35,0,26,28,2,56,8,2,10,66
11/05/2003,PDT,OR,ANM,WE,Federal Contract Tower,0,15,3,1,19,0,9,40,9,58,0,24,43,10,77,12,8,20,97
11/06/2003,PDT,OR,ANM,WE,Federal Contract Tower,0,18,3,2,23,0,10,37,10,57,0,28,40,12,80,28,10,38,118
11/07/2003,PDT,OR,ANM,WE,Federal Contract Tower,0,16,3,1,20,0,10,43,3,56,0,26,46,4,76,14,2,16,92
11/08/2003,PDT,OR,ANM,WE,Federal Contract Tower,0,7,1,1,9,0,5,48,7,60,0,12,49,8,69,18,4,22,91
11/09/2003,PDT,OR,ANM,WE,Federal Contract Tower,0,8,2,0,10,0,0,17,0,17,0,8,19,0,27,2,0,2,29
11/10/2003,PDT,OR,ANM,WE,Federal Contract Tower,0,12,2,0,14,0,6,0,0,6,0,18,2,0,20,2,0,2,22
11/11/2003,PDT,OR,ANM,WE,Federal Contract Tower,0,14,3,1,18,0,6,4,4,14,0,20,7,5,32,0,10,10,42
11/12/2003,PDT,OR,ANM,WE,Federal Contract Tower,0,19,3,2,24,0,7,45,8,60,0,26,48,10,84,24,4,28,112
11/13/2003,PDT,OR,ANM,WE,Federal Contract Tower,0,23,4,2,29,0,3,45,16,64,0,26,49,18,93,14,8,22,115
11/14/2003,PDT,OR,ANM,WE,Federal Contract Tower,0,18,3,2,23,0,10,49,2,61,0,28,52,4,84,16,0,16,100
11/15/2003,PDT,OR,ANM,WE,Federal Contract Tower,0,6,1,0,7,0,4,3,0,7,0,10,4,0,14,0,0,0,14
11/16/2003,PDT,OR,ANM,WE,Federal Contract Tower,0,3,0,0,3,0,1,1,0,2,0,4,1,0,5,0,0,0,5
11/17/2003,PDT,OR,ANM,WE,Federal Contract Tower,0,9,2,1,12,0,9,3,1,13,0,18,5,2,25,0,10,10,35
11/18/2003,PDT,OR,ANM,WE,Federal Contract Tower,0,12,2,0,14,0,10,9,0,19,0,22,11,0,33,10,0,10,43
11/19/2003,PDT,OR,ANM,WE,Federal Contract Tower,0,20,3,1,24,0,2,25,3,30,0,22,28,4,54,4,0,4,58
11/20/2003,PDT,OR,ANM,WE,Federal Contract Tower,0,20,3,1,24,0,6,47,9,62,0,26,50,10,86,22,2,24,110
11/21/2003,PDT,OR,ANM,WE,Federal Contract Tower,0,25,4,1,30,0,5,37,5,47,0,30,41,6,77,12,0,12,89
11/22/2003,PDT,OR,ANM,WE,Federal Contract Tower,0,10,3,0,13,0,0,34,0,34,0,10,37,0,47,8,0,8,55
11/23/2003,PDT,OR,ANM,WE,Federal Contract Tower,0,4,0,0,4,0,0,15,19,34,0,4,15,19,38,26,14,40,78
11/24/2003,PDT,OR,ANM,WE,Federal Contract Tower,0,17,3,0,20,0,2,20,11,33,0,19,23,11,53,0,4,4,57
11/25/2003,PDT,OR,ANM,WE,Federal Contract Tower,0,16,3,0,19,0,10,29,8,47,0,26,32,8,66,8,0,8,74
11/26/2003,PDT,OR,ANM,WE,Federal Contract Tower,0,18,2,1,21,0,8,26,3,37,0,26,28,4,58,10,20,30,88
11/27/2003,PDT,OR,ANM,WE,Federal Contract Tower,0,4,0,0,4,0,0,4,0,4,0,4,4,0,8,0,0,0,8
11/28/2003,PDT,OR,ANM,WE,Federal Contract Tower,0,16,3,0,19,0,12,3,2,17,0,28,6,2,36,10,0,10,46
11/29/2003,PDT,OR,ANM,WE,Federal Contract Tower,0,12,3,0,15,0,0,24,0,24,0,12,27,0,39,16,0,16,55
11/30/2003,PDT,OR,ANM,WE,Federal Contract Tower,0,4,0,0,4,0,0,1,0,1,0,4,1,0,5,0,0,0,5
12/01/2003,PDT,OR,ANM,WE,Federal Contract Tower,0,21,3,0,24,0,3,31,0,34,0,24,34,0,58,8,0,8,66
12/02/2003,PDT,OR,ANM,WE,Federal Contract Tower,0,19,3,0,22,0,1,23,2,26,0,20,26,2,48,80,0,80,128
12/03/2003,PDT,OR,ANM,WE,Federal Contract Tower,0,19,3,0,22,0,3,34,18,55,0,22,37,18,77,28,14,42,119
12/04/2003,PDT,OR,ANM,WE,Federal Contract Tower,0,15,3,0,18,0,5,26,16,47,0,20,29,16,65,2,44,46,111
12/05/2003,PDT,OR,ANM,WE,Federal Contract Tower,0,16,3,0,19,0,4,28,7,39,0,20,31,7,58,0,20,20,78
12/06/2003,PDT,OR,ANM,WE,Federal Contract Tower,0,11,2,0,13,0,1,30,10,41,0,12,32,10,54,18,18,36,90
12/07/2003,PDT,OR,ANM,WE,Federal Contract Tower,0,7,2,0,9,0,1,18,2,21,0,8,20,2,30,20,0,20,50
12/08/2003,PDT,OR,ANM,WE,Federal Contract Tower,0,14,2,0,16,0,10,42,2,54,0,24,44,2,70,36,0,36,106
12/09/2003,PDT,OR,ANM,WE,Federal Contract Tower,0,25,4,0,29,0,3,31,2,36,0,28,35,2,65,0,0,0,65
12/10/2003,PDT,OR,ANM,WE,Federal Contract Tower,0,20,3,0,23,0,5,1,0,6,0,25,4,0,29,0,0,0,29
12/11/2003,PDT,OR,ANM,WE,Federal Contract Tower,0,23,4,0,27,0,9,13,0,22,0,32,17,0,49,0,0,0,49
12/12/2003,PDT,OR,ANM,WE,Federal Contract Tower,0,21,3,0,24,0,11,5,0,16,0,32,8,0,40,0,0,0,40
12/13/2003,PDT,OR,ANM,WE,Federal Contract Tower,0,7,2,0,9,0,1,2,0,3,0,8,4,0,12,0,0,0,12
12/14/2003,PDT,OR,ANM,WE,Federal Contract Tower,0,3,0,0,3,0,1,12,0,13,0,4,12,0,16,0,0,0,16
12/15/2003,PDT,OR,ANM,WE,Federal Contract Tower,0,20,2,1,23,0,2,30,3,35,0,22,32,4,58,14,0,14,72
12/16/2003,PDT,OR,ANM,WE,Federal Contract Tower,0,14,2,0,16,0,6,12,0,18,0,20,14,0,34,12,0,12,46
12/17/2003,PDT,OR,ANM,WE,Federal Contract Tower,0,19,2,0,21,0,5,44,11,60,0,24,46,11,81,46,10,56,137
12/18/2003,PDT,OR,ANM,WE,Federal Contract Tower,0,15,0,0,15,0,1,0,0,1,0,16,0,0,16,0,0,0,16
12/19/2003,PDT,OR,ANM,WE,Federal Contract Tower,0,16,2,0,18,0,0,0,0,0,0,16,2,0,18,0,0,0,18
12/20/2003,PDT,OR,ANM,WE,Federal Contract Tower,0,9,1,0,10,0,3,7,0,10,0,12,8,0,20,0,0,0,20
12/21/2003,PDT,OR,ANM,WE,Federal Contract Tower,0,2,0,0,2,0,0,3,0,3,0,2,3,0,5,0,0,0,5
12/22/2003,PDT,OR,ANM,WE,Federal Contract Tower,0,13,1,0,14,0,0,1,0,1,0,13,2,0,15,0,0,0,15
12/23/2003,PDT,OR,ANM,WE,Federal Contract Tower,0,6,0,0,6,0,1,0,0,1,0,7,0,0,7,0,0,0,7
12/24/2003,PDT,OR,ANM,WE,Federal Contract Tower,0,16,2,0,18,0,9,0,0,9,0,25,2,0,27,0,0,0,27
12/25/2003,PDT,OR,ANM,WE,Federal Contract Tower,0,4,0,0,4,0,0,8,0,8,0,4,8,0,12,0,0,0,12
12/26/2003,PDT,OR,ANM,WE,Federal Contract Tower,0,15,2,0,17,0,9,24,0,33,0,24,26,0,50,32,0,32,82
12/27/2003,PDT,OR,ANM,WE,Federal Contract Tower,0,7,0,0,7,0,0,21,0,21,0,7,21,0,28,0,0,0,28
12/28/2003,PDT,OR,ANM,WE,Federal Contract Tower,0,4,0,0,4,0,2,19,0,21,0,6,19,0,25,6,0,6,31
12/29/2003,PDT,OR,ANM,WE,Federal Contract Tower,0,11,1,0,12,0,0,0,0,0,0,11,1,0,12,0,0,0,12
12/30/2003,PDT,OR,ANM,WE,Federal Contract Tower,0,18,2,0,20,0,4,21,0,25,0,22,23,0,45,4,0,4,49
12/31/2003,PDT,OR,ANM,WE,Federal Contract Tower,0,16,0,0,16,0,2,0,0,2,0,18,0,0,18,0,0,0,18
01/01/2004,PDT,OR,ANM,WE,Federal Contract Tower,0,3,0,0,3,0,1,0,0,1,0,4,0,0,4,0,0,0,4
01/02/2004,PDT,OR,ANM,WE,Federal Contract Tower,0,13,2,0,15,0,5,7,0,12,0,18,9,0,27,16,0,16,43
01/03/2004,PDT,OR,ANM,WE,Federal Contract Tower,0,8,1,0,9,0,0,7,0,7,0,8,8,0,16,4,0,4,20
01/04/2004,PDT,OR,ANM,WE,Federal Contract Tower,0,4,1,0,5,0,0,2,0,2,0,4,3,0,7,2,0,2,9
01/05/2004,PDT,OR,ANM,WE,Federal Contract Tower,0,14,2,0,16,0,2,16,0,18,0,16,18,0,34,8,0,8,42
01/06/2004,PDT,OR,ANM,WE,Federal Contract Tower,0,11,1,0,12,0,1,9,0,10,0,12,10,0,22,0,0,0,22
01/07/2004,PDT,OR,ANM,WE,Federal Contract Tower,0,7,1,0,8,0,3,3,0,6,0,10,4,0,14,0,0,0,14
01/08/2004,PDT,OR,ANM,WE,Federal Contract Tower,0,8,0,0,8,0,2,0,0,2,0,10,0,0,10,10,0,10,20
01/09/2004,PDT,OR,ANM,WE,Federal Contract Tower,0,5,0,0,5,0,3,0,0,3,0,8,0,0,8,0,0,0,8
01/10/2004,PDT,OR,ANM,WE,Federal Contract Tower,0,5,1,0,6,0,0,3,1,4,0,5,4,1,10,6,0,6,16
01/11/2004,PDT,OR,ANM,WE,Federal Contract Tower,0,0,0,0,0,0,0,0,0,0,0,0,0,0,0,0,0,0,0
01/12/2004,PDT,OR,ANM,WE,Federal Contract Tower,0,18,3,0,21,0,0,3,0,3,0,18,6,0,24,0,0,0,24
01/13/2004,PDT,OR,ANM,WE,Federal Contract Tower,0,21,2,1,24,0,0,2,1,3,0,21,4,2,27,0,0,0,27
01/14/2004,PDT,OR,ANM,WE,Federal Contract Tower,0,4,0,0,4,0,2,0,0,2,0,6,0,0,6,0,0,0,6
01/15/2004,PDT,OR,ANM,WE,Federal Contract Tower,0,20,2,1,23,0,2,14,4,20,0,22,16,5,43,0,10,10,53
01/16/2004,PDT,OR,ANM,WE,Federal Contract Tower,0,7,0,0,7,0,3,1,0,4,0,10,1,0,11,0,0,0,11
01/17/2004,PDT,OR,ANM,WE,Federal Contract Tower,0,7,0,1,8,0,0,0,0,0,0,7,0,1,8,0,0,0,8
01/18/2004,PDT,OR,ANM,WE,Federal Contract Tower,0,3,0,0,3,0,1,4,0,5,0,4,4,0,8,0,0,0,8
01/19/2004,PDT,OR,ANM,WE,Federal Contract Tower,0,2,0,0,2,0,1,0,0,1,0,3,0,0,3,0,0,0,3
01/20/2004,PDT,OR,ANM,WE,Federal Contract Tower,0,16,2,0,18,0,3,0,0,3,0,19,2,0,21,4,0,4,25
01/21/2004,PDT,OR,ANM,WE,Federal Contract Tower,0,23,2,1,26,0,4,16,3,23,0,27,18,4,49,6,0,6,55
01/22/2004,PDT,OR,ANM,WE,Federal Contract Tower,0,12,1,0,13,0,3,18,0,21,0,15,19,0,34,8,0,8,42
01/23/2004,PDT,OR,ANM,WE,Federal Contract Tower,0,11,0,1,12,0,5,8,3,16,0,16,8,4,28,0,0,0,28
01/24/2004,PDT,OR,ANM,WE,Federal Contract Tower,0,13,1,0,14,0,1,17,4,22,0,14,18,4,36,6,0,6,42
01/25/2004,PDT,OR,ANM,WE,Federal Contract Tower,0,4,0,0,4,0,0,26,8,34,0,4,26,8,38,8,0,8,46
01/26/2004,PDT,OR,ANM,WE,Federal Contract Tower,0,16,1,0,17,0,2,27,2,31,0,18,28,2,48,10,0,10,58
01/27/2004,PDT,OR,ANM,WE,Federal Contract Tower,0,16,1,0,17,0,7,26,0,33,0,23,27,0,50,8,0,8,58
01/28/2004,PDT,OR,ANM,WE,Federal Contract Tower,0,23,2,0,25,0,6,17,2,25,0,29,19,2,50,2,0,2,52
01/29/2004,PDT,OR,ANM,WE,Federal Contract Tower,0,20,2,0,22,0,10,16,4,30,0,30,18,4,52,6,6,12,64
01/30/2004,PDT,OR,ANM,WE,Federal Contract Tower,0,16,1,0,17,0,6,13,4,23,0,22,14,4,40,6,6,12,52
01/31/2004,PDT,OR,ANM,WE,Federal Contract Tower,0,9,0,0,9,0,3,26,2,31,0,12,26,2,40,48,0,48,88
02/01/2004,PDT,OR,ANM,WE,Federal Contract Tower,0,6,2,0,8,0,0,40,0,40,0,6,42,0,48,8,0,8,56
02/02/2004,PDT,OR,ANM,WE,Federal Contract Tower,0,15,5,0,20,0,6,3,0,9,0,21,8,0,29,2,0,2,31
02/03/2004,PDT,OR,ANM,WE,Federal Contract Tower,0,19,6,0,25,0,3,6,7,16,0,22,12,7,41,0,0,0,41
02/04/2004,PDT,OR,ANM,WE,Federal Contract Tower,0,20,4,0,24,0,18,0,4,22,0,38,4,4,46,10,6,16,62
02/05/2004,PDT,OR,ANM,WE,Federal Contract Tower,0,16,5,0,21,0,10,33,6,49,0,26,38,6,70,14,0,14,84
02/06/2004,PDT,OR,ANM,WE,Federal Contract Tower,0,15,4,0,19,0,5,24,0,29,0,20,28,0,48,8,0,8,56
02/07/2004,PDT,OR,ANM,WE,Federal Contract Tower,0,5,1,1,7,0,0,10,4,14,0,5,11,5,21,0,10,10,31
02/08/2004,PDT,OR,ANM,WE,Federal Contract Tower,0,6,3,1,10,0,0,23,3,26,0,6,26,4,36,2,0,2,38
02/09/2004,PDT,OR,ANM,WE,Federal Contract Tower,0,18,4,1,23,0,5,47,1,53,0,23,51,2,76,18,0,18,94
02/10/2004,PDT,OR,ANM,WE,Federal Contract Tower,0,19,5,0,24,0,5,34,0,39,0,24,39,0,63,16,0,16,79
02/11/2004,PDT,OR,ANM,WE,Federal Contract Tower,0,21,5,1,27,0,7,11,1,19,0,28,16,2,46,12,0,12,58
02/12/2004,PDT,OR,ANM,WE,Federal Contract Tower,0,14,3,0,17,0,10,27,2,39,0,24,30,2,56,14,0,14,70
02/13/2004,PDT,OR,ANM,WE,Federal Contract Tower,0,23,5,0,28,0,1,21,0,22,0,24,26,0,50,16,0,16,66
02/14/2004,PDT,OR,ANM,WE,Federal Contract Tower,0,7,1,0,8,0,1,15,3,19,0,8,16,3,27,6,0,6,33
02/15/2004,PDT,OR,ANM,WE,Federal Contract Tower,0,12,2,0,14,0,2,30,1,33,0,14,32,1,47,32,0,32,79
02/16/2004,PDT,OR,ANM,WE,Federal Contract Tower,0,12,2,0,14,0,4,14,0,18,0,16,16,0,32,4,0,4,36
02/17/2004,PDT,OR,ANM,WE,Federal Contract Tower,0,17,4,0,21,0,7,24,0,31,0,24,28,0,52,10,0,10,62
02/18/2004,PDT,OR,ANM,WE,Federal Contract Tower,0,15,3,0,18,0,11,23,4,38,0,26,26,4,56,10,8,18,74
02/19/2004,PDT,OR,ANM,WE,Federal Contract Tower,0,25,6,0,31,0,5,45,3,53,0,30,51,3,84,14,6,20,104
02/20/2004,PDT,OR,ANM,WE,Federal Contract Tower,0,26,6,0,32,0,0,43,6,49,0,26,49,6,81,10,4,14,95
02/21/2004,PDT,OR,ANM,WE,Federal Contract Tower,0,12,3,0,15,0,0,29,0,29,0,12,32,0,44,14,0,14,58
02/22/2004,PDT,OR,ANM,WE,Federal Contract Tower,0,4,1,0,5,0,0,18,0,18,0,4,19,0,23,4,0,4,27
02/23/2004,PDT,OR,ANM,WE,Federal Contract Tower,0,20,5,0,25,0,6,50,0,56,0,26,55,0,81,30,0,30,111
02/24/2004,PDT,OR,ANM,WE,Federal Contract Tower,0,20,5,0,25,0,12,33,4,49,0,32,38,4,74,12,2,14,88
02/25/2004,PDT,OR,ANM,WE,Federal Contract Tower,0,19,4,0,23,0,7,8,1,16,0,26,12,1,39,2,0,2,41
02/26/2004,PDT,OR,ANM,WE,Federal Contract Tower,0,16,4,0,20,0,8,5,7,20,0,24,9,7,40,8,16,24,64
02/27/2004,PDT,OR,ANM,WE,Federal Contract Tower,0,20,4,0,24,0,10,19,1,30,0,30,23,1,54,18,0,18,72
02/28/2004,PDT,OR,ANM,WE,Federal Contract Tower,0,8,2,0,10,0,4,19,0,23,0,12,21,0,33,22,0,22,55
02/29/2004,PDT,OR,ANM,WE,Federal Contract Tower,0,5,1,0,6,0,3,29,0,32,0,8,30,0,38,20,0,20,58
03/01/2004,PDT,OR,ANM,WE,Federal Contract Tower,0,18,2,1,21,0,6,26,5,37,0,24,28,6,58,18,0,18,76
03/02/2004,PDT,OR,ANM,WE,Federal Contract Tower,0,20,3,1,24,0,6,28,0,34,0,26,31,1,58,0,0,0,58
03/03/2004,PDT,OR,ANM,WE,Federal Contract Tower,0,24,2,0,26,0,2,15,0,17,0,26,17,0,43,0,0,0,43
03/04/2004,PDT,OR,ANM,WE,Federal Contract Tower,0,21,3,1,25,0,9,15,1,25,0,30,18,2,50,0,4,4,54
03/05/2004,PDT,OR,ANM,WE,Federal Contract Tower,0,22,3,0,25,0,6,8,0,14,0,28,11,0,39,0,0,0,39
03/06/2004,PDT,OR,ANM,WE,Federal Contract Tower,0,8,0,0,8,0,4,22,0,26,0,12,22,0,34,14,0,14,48
03/07/2004,PDT,OR,ANM,WE,Federal Contract Tower,0,6,0,0,6,0,0,42,0,42,0,6,42,0,48,18,0,18,66
03/08/2004,PDT,OR,ANM,WE,Federal Contract Tower,0,21,3,1,25,0,1,66,7,74,0,22,69,8,99,10,0,10,109
03/09/2004,PDT,OR,ANM,WE,Federal Contract Tower,0,20,3,1,24,0,2,45,3,50,0,22,48,4,74,12,2,14,88
03/10/2004,PDT,OR,ANM,WE,Federal Contract Tower,0,20,3,1,24,0,4,66,9,79,0,24,69,10,103,12,4,16,119
03/11/2004,PDT,OR,ANM,WE,Federal Contract Tower,0,17,2,1,20,0,7,57,3,67,0,24,59,4,87,14,0,14,101
03/12/2004,PDT,OR,ANM,WE,Federal Contract Tower,0,25,2,2,29,0,5,78,10,93,0,30,80,12,122,36,8,44,166
03/13/2004,PDT,OR,ANM,WE,Federal Contract Tower,0,6,0,1,7,0,4,32,3,39,0,10,32,4,46,58,0,58,104
03/14/2004,PDT,OR,ANM,WE,Federal Contract Tower,0,4,0,1,5,0,0,9,9,18,0,4,9,10,23,0,0,0,23
03/15/2004,PDT,OR,ANM,WE,Federal Contract Tower,0,15,2,0,17,0,7,22,0,29,0,22,24,0,46,8,0,8,54
03/16/2004,PDT,OR,ANM,WE,Federal Contract Tower,0,19,3,0,22,0,5,23,0,28,0,24,26,0,50,26,0,26,76
03/17/2004,PDT,OR,ANM,WE,Federal Contract Tower,0,18,2,0,20,0,6,34,0,40,0,24,36,0,60,30,0,30,90
03/18/2004,PDT,OR,ANM,WE,Federal Contract Tower,0,17,2,0,19,0,11,30,0,41,0,28,32,0,60,14,0,14,74
03/19/2004,PDT,OR,ANM,WE,Federal Contract Tower,0,17,2,1,20,0,9,45,2,56,0,26,47,3,76,16,0,16,92
03/20/2004,PDT,OR,ANM,WE,Federal Contract Tower,0,8,0,0,8,0,0,73,0,73,0,8,73,0,81,14,0,14,95
03/21/2004,PDT,OR,ANM,WE,Federal Contract Tower,0,8,0,0,8,0,0,45,0,45,0,8,45,0,53,46,0,46,99
03/22/2004,PDT,OR,ANM,WE,Federal Contract Tower,0,15,2,0,17,0,9,46,0,55,0,24,48,0,72,12,0,12,84
03/23/2004,PDT,OR,ANM,WE,Federal Contract Tower,0,18,2,0,20,0,9,34,0,43,0,27,36,0,63,10,0,10,73
03/24/2004,PDT,OR,ANM,WE,Federal Contract Tower,0,19,3,0,22,0,9,45,2,56,0,28,48,2,78,26,0,26,104
03/25/2004,PDT,OR,ANM,WE,Federal Contract Tower,0,19,3,0,22,0,9,43,0,52,0,28,46,0,74,20,0,20,94
03/26/2004,PDT,OR,ANM,WE,Federal Contract Tower,0,22,3,0,25,0,2,32,2,36,0,24,35,2,61,22,0,22,83
03/27/2004,PDT,OR,ANM,WE,Federal Contract Tower,0,10,0,0,10,0,0,6,0,6,0,10,6,0,16,0,0,0,16
03/28/2004,PDT,OR,ANM,WE,Federal Contract Tower,0,6,0,0,6,0,0,55,0,55,0,6,55,0,61,16,0,16,77
03/29/2004,PDT,OR,ANM,WE,Federal Contract Tower,0,15,2,0,17,0,9,34,0,43,0,24,36,0,60,14,0,14,74
03/30/2004,PDT,OR,ANM,WE,Federal Contract Tower,0,19,3,0,22,0,3,23,4,30,0,22,26,4,52,10,6,16,68
03/31/2004,PDT,OR,ANM,WE,Federal Contract Tower,0,22,3,0,25,0,4,33,12,49,0,26,36,12,74,22,14,36,110
04/01/2004,PDT,OR,ANM,WE,Federal Contract Tower,0,22,5,0,27,0,2,40,2,44,0,24,45,2,71,8,0,8,79
04/02/2004,PDT,OR,ANM,WE,Federal Contract Tower,0,22,5,0,27,0,1,74,2,77,0,23,79,2,104,28,0,28,132
04/03/2004,PDT,OR,ANM,WE,Federal Contract Tower,0,6,1,0,7,0,1,65,6,72,0,7,66,6,79,106,14,120,199
04/04/2004,PDT,OR,ANM,WE,Federal Contract Tower,0,4,1,0,5,0,0,52,12,64,0,4,53,12,69,84,16,100,169
04/05/2004,PDT,OR,ANM,WE,Federal Contract Tower,0,15,4,1,20,0,1,50,9,60,0,16,54,10,80,66,0,66,146
04/06/2004,PDT,OR,ANM,WE,Federal Contract Tower,0,20,5,1,26,0,6,57,11,74,0,26,62,12,100,116,8,124,224
04/07/2004,PDT,OR,ANM,WE,Federal Contract Tower,0,19,5,1,25,0,9,47,1,57,0,28,52,2,82,14,0,14,96
04/08/2004,PDT,OR,ANM,WE,Federal Contract Tower,0,19,5,1,25,0,5,55,6,66,0,24,60,7,91,56,8,64,155
04/09/2004,PDT,OR,ANM,WE,Federal Contract Tower,0,12,3,1,16,0,12,64,1,77,0,24,67,2,93,24,0,24,117
04/10/2004,PDT,OR,ANM,WE,Federal Contract Tower,0,14,3,0,17,0,5,64,0,69,0,19,67,0,86,76,0,76,162
04/11/2004,PDT,OR,ANM,WE,Federal Contract Tower,0,4,1,0,5,0,6,29,0,35,0,10,30,0,40,16,0,16,56
04/12/2004,PDT,OR,ANM,WE,Federal Contract Tower,0,22,6,1,29,4,6,40,1,51,4,28,46,2,80,14,0,14,94
04/13/2004,PDT,OR,ANM,WE,Federal Contract Tower,0,18,5,1,24,0,3,30,5,38,0,21,35,6,62,40,13,53,115
04/14/2004,PDT,OR,ANM,WE,Federal Contract Tower,0,18,4,1,23,0,6,33,10,49,0,24,37,11,72,6,12,18,90
04/15/2004,PDT,OR,ANM,WE,Federal Contract Tower,0,17,4,1,22,0,9,27,0,36,0,26,31,1,58,16,0,16,74
04/16/2004,PDT,OR,ANM,WE,Federal Contract Tower,0,14,4,1,19,0,7,34,8,49,0,21,38,9,68,22,4,26,94
04/17/2004,PDT,OR,ANM,WE,Federal Contract Tower,0,18,3,0,21,0,3,41,0,44,0,21,44,0,65,30,0,30,95
04/18/2004,PDT,OR,ANM,WE,Federal Contract Tower,0,8,1,0,9,0,0,29,0,29,0,8,30,0,38,48,0,48,86
04/19/2004,PDT,OR,ANM,WE,Federal Contract Tower,0,12,1,0,13,0,6,20,0,26,0,18,21,0,39,0,0,0,39
04/20/2004,PDT,OR,ANM,WE,Federal Contract Tower,0,16,4,0,20,0,8,38,4,50,0,24,42,4,70,10,6,16,86
04/21/2004,PDT,OR,ANM,WE,Federal Contract Tower,0,27,7,0,34,0,2,23,6,31,0,29,30,6,65,12,12,24,89
04/22/2004,PDT,OR,ANM,WE,Federal Contract Tower,0,19,4,0,23,0,14,65,7,86,0,33,69,7,109,28,8,36,145
04/23/2004,PDT,OR,ANM,WE,Federal Contract Tower,0,18,4,0,22,0,8,54,4,66,0,26,58,4,88,8,0,8,96
04/24/2004,PDT,OR,ANM,WE,Federal Contract Tower,0,12,2,0,14,0,6,34,16,56,0,18,36,16,70,36,0,36,106
04/25/2004,PDT,OR,ANM,WE,Federal Contract Tower,0,5,3,0,8,0,0,57,1,58,0,5,60,1,66,16,0,16,82
04/26/2004,PDT,OR,ANM,WE,Federal Contract Tower,0,16,4,0,20,0,5,46,0,51,0,21,50,0,71,42,0,42,113
04/27/2004,PDT,OR,ANM,WE,Federal Contract Tower,0,18,4,0,22,0,6,28,4,38,0,24,32,4,60,20,0,20,80
04/28/2004,PDT,OR,ANM,WE,Federal Contract Tower,0,21,5,0,26,0,5,34,10,49,0,26,39,10,75,32,0,32,107
04/29/2004,PDT,OR,ANM,WE,Federal Contract Tower,0,19,4,0,23,0,5,54,6,65,0,24,58,6,88,26,4,30,118
04/30/2004,PDT,OR,ANM,WE,Federal Contract Tower,0,16,4,0,20,0,12,62,0,74,0,28,66,0,94,60,0,60,154
05/01/2004,PDT,OR,ANM,WE,Federal Contract Tower,0,9,2,0,11,0,11,57,2,70,0,20,59,2,81,20,0,20,101
05/02/2004,PDT,OR,ANM,WE,Federal Contract Tower,0,5,1,0,6,0,3,38,2,43,0,8,39,2,49,30,0,30,79
05/03/2004,PDT,OR,ANM,WE,Federal Contract Tower,0,13,3,0,16,0,9,43,2,54,0,22,46,2,70,38,0,38,108
05/04/2004,PDT,OR,ANM,WE,Federal Contract Tower,0,18,4,0,22,0,6,15,2,23,0,24,19,2,45,4,6,10,55
05/05/2004,PDT,OR,ANM,WE,Federal Contract Tower,0,23,4,0,27,0,7,32,8,47,0,30,36,8,74,12,4,16,90
05/06/2004,PDT,OR,ANM,WE,Federal Contract Tower,0,17,3,1,21,0,7,41,3,51,0,24,44,4,72,28,0,28,100
05/07/2004,PDT,OR,ANM,WE,Federal Contract Tower,0,17,2,0,19,0,4,22,0,26,0,21,24,0,45,20,0,20,65
05/08/2004,PDT,OR,ANM,WE,Federal Contract Tower,0,10,1,0,11,0,4,35,0,39,0,14,36,0,50,26,0,26,76
05/09/2004,PDT,OR,ANM,WE,Federal Contract Tower,0,8,1,1,10,0,0,36,1,37,0,8,37,2,47,4,0,4,51
05/10/2004,PDT,OR,ANM,WE,Federal Contract Tower,0,17,2,0,19,0,2,34,0,36,0,19,36,0,55,14,0,14,69
05/11/2004,PDT,OR,ANM,WE,Federal Contract Tower,0,19,3,1,23,0,9,77,1,87,0,28,80,2,110,38,0,38,148
05/12/2004,PDT,OR,ANM,WE,Federal Contract Tower,0,19,3,1,23,0,9,41,1,51,0,28,44,2,74,60,0,60,134
05/13/2004,PDT,OR,ANM,WE,Federal Contract Tower,0,17,3,0,20,0,7,32,0,39,0,24,35,0,59,18,0,18,77
05/14/2004,PDT,OR,ANM,WE,Federal Contract Tower,0,18,3,1,22,0,3,59,20,82,0,21,62,21,104,32,4,36,140
05/15/2004,PDT,OR,ANM,WE,Federal Contract Tower,0,10,1,0,11,0,5,34,3,42,0,15,35,3,53,42,0,42,95
05/16/2004,PDT,OR,ANM,WE,Federal Contract Tower,0,5,1,0,6,0,0,31,3,34,0,5,32,3,40,4,0,4,44
05/17/2004,PDT,OR,ANM,WE,Federal Contract Tower,0,14,2,0,16,0,10,34,4,48,0,24,36,4,64,22,0,22,86
05/18/2004,PDT,OR,ANM,WE,Federal Contract Tower,0,15,2,0,17,0,9,42,0,51,0,24,44,0,68,20,0,20,88
05/19/2004,PDT,OR,ANM,WE,Federal Contract Tower,0,21,3,0,24,0,1,41,2,44,0,22,44,2,68,8,0,8,76
05/20/2004,PDT,OR,ANM,WE,Federal Contract Tower,0,19,3,0,22,0,9,52,3,64,0,28,55,3,86,20,4,24,110
05/21/2004,PDT,OR,ANM,WE,Federal Contract Tower,0,19,3,0,22,0,3,8,13,24,0,22,11,13,46,0,0,0,46
05/22/2004,PDT,OR,ANM,WE,Federal Contract Tower,0,13,2,0,15,0,2,36,0,38,0,15,38,0,53,6,0,6,59
05/23/2004,PDT,OR,ANM,WE,Federal Contract Tower,0,6,0,0,6,0,0,22,0,22,0,6,22,0,28,8,0,8,36
05/24/2004,PDT,OR,ANM,WE,Federal Contract Tower,0,18,3,0,21,0,26,33,0,59,0,44,36,0,80,26,0,26,106
05/25/2004,PDT,OR,ANM,WE,Federal Contract Tower,0,16,2,0,18,0,8,15,0,23,0,24,17,0,41,2,0,2,43
05/26/2004,PDT,OR,ANM,WE,Federal Contract Tower,0,22,3,0,25,0,0,11,2,13,0,22,14,2,38,0,10,10,48
05/27/2004,PDT,OR,ANM,WE,Federal Contract Tower,0,21,3,0,24,0,9,19,1,29,0,30,22,1,53,26,0,26,79
05/28/2004,PDT,OR,ANM,WE,Federal Contract Tower,0,20,3,0,23,0,4,41,0,45,0,24,44,0,68,12,0,12,80
05/29/2004,PDT,OR,ANM,WE,Federal Contract Tower,0,8,1,0,9,0,4,29,0,33,0,12,30,0,42,4,0,4,46
05/30/2004,PDT,OR,ANM,WE,Federal Contract Tower,0,7,1,0,8,0,1,23,0,24,0,8,24,0,32,24,0,24,56
05/31/2004,PDT,OR,ANM,WE,Federal Contract Tower,0,7,1,0,8,0,0,27,0,27,0,7,28,0,35,6,0,6,41
06/01/2004,PDT,OR,ANM,WE,Federal Contract Tower,0,14,3,0,17,0,8,58,8,74,0,22,61,8,91,18,0,18,109
06/02/2004,PDT,OR,ANM,WE,Federal Contract Tower,0,16,3,0,19,0,12,60,8,80,0,28,63,8,99,12,0,12,111
06/03/2004,PDT,OR,ANM,WE,Federal Contract Tower,0,16,3,0,19,0,7,68,4,79,0,23,71,4,98,26,0,26,124
06/04/2004,PDT,OR,ANM,WE,Federal Contract Tower,0,22,4,0,26,0,14,73,10,97,0,36,77,10,123,24,4,28,151
06/05/2004,PDT,OR,ANM,WE,Federal Contract Tower,0,8,2,0,10,0,5,39,6,50,0,13,41,6,60,16,0,16,76
06/06/2004,PDT,OR,ANM,WE,Federal Contract Tower,0,7,2,0,9,0,0,44,3,47,0,7,46,3,56,11,0,11,67
06/07/2004,PDT,OR,ANM,WE,Federal Contract Tower,0,14,3,0,17,0,7,17,1,25,0,21,20,1,42,0,0,0,42
06/08/2004,PDT,OR,ANM,WE,Federal Contract Tower,0,25,4,0,29,0,24,37,2,63,0,49,41,2,92,20,0,20,112
06/09/2004,PDT,OR,ANM,WE,Federal Contract Tower,0,19,3,1,23,0,4,9,1,14,0,23,12,2,37,0,0,0,37
06/10/2004,PDT,OR,ANM,WE,Federal Contract Tower,0,25,4,1,30,0,11,44,7,62,0,36,48,8,92,6,4,10,102
06/11/2004,PDT,OR,ANM,WE,Federal Contract Tower,0,15,2,1,18,0,13,28,5,46,0,28,30,6,64,24,0,24,88
06/12/2004,PDT,OR,ANM,WE,Federal Contract Tower,0,9,1,1,11,0,6,31,19,56,0,15,32,20,67,22,0,22,89
06/13/2004,PDT,OR,ANM,WE,Federal Contract Tower,0,7,1,0,8,0,0,30,0,30,0,7,31,0,38,18,0,18,56
06/14/2004,PDT,OR,ANM,WE,Federal Contract Tower,0,17,2,1,20,0,11,31,1,43,0,28,33,2,63,4,6,10,73
06/15/2004,PDT,OR,ANM,WE,Federal Contract Tower,0,18,2,1,21,0,24,37,3,64,0,42,39,4,85,6,4,10,95
06/16/2004,PDT,OR,ANM,WE,Federal Contract Tower,0,18,2,1,21,0,34,58,1,93,0,52,60,2,114,30,4,34,148
06/17/2004,PDT,OR,ANM,WE,Federal Contract Tower,0,22,3,1,26,0,8,57,3,68,0,30,60,4,94,38,0,38,132
06/18/2004,PDT,OR,ANM,WE,Federal Contract Tower,0,18,2,0,20,0,7,50,0,57,0,25,52,0,77,18,0,18,95
06/19/2004,PDT,OR,ANM,WE,Federal Contract Tower,0,8,1,0,9,0,4,61,2,67,0,12,62,2,76,16,10,26,102
06/20/2004,PDT,OR,ANM,WE,Federal Contract Tower,0,8,1,0,9,0,2,52,0,54,0,10,53,0,63,24,0,24,87
06/21/2004,PDT,OR,ANM,WE,Federal Contract Tower,0,16,2,0,18,0,6,56,0,62,0,22,58,0,80,18,0,18,98
06/22/2004,PDT,OR,ANM,WE,Federal Contract Tower,0,17,2,0,19,0,11,48,12,71,0,28,50,12,90,36,4,40,130
06/23/2004,PDT,OR,ANM,WE,Federal Contract Tower,0,21,3,0,24,0,11,57,10,78,0,32,60,10,102,50,8,58,160
06/24/2004,PDT,OR,ANM,WE,Federal Contract Tower,0,19,2,0,21,0,5,63,20,88,0,24,65,20,109,36,6,42,151
06/25/2004,PDT,OR,ANM,WE,Federal Contract Tower,0,18,2,0,20,0,4,52,10,66,0,22,54,10,86,20,8,28,114
06/26/2004,PDT,OR,ANM,WE,Federal Contract Tower,0,10,1,0,11,0,6,45,0,51,0,16,46,0,62,14,0,14,76
06/27/2004,PDT,OR,ANM,WE,Federal Contract Tower,0,8,0,0,8,0,4,52,0,56,0,12,52,0,64,20,0,20,84
06/28/2004,PDT,OR,ANM,WE,Federal Contract Tower,0,15,2,0,17,0,11,34,2,47,0,26,36,2,64,10,2,12,76
06/29/2004,PDT,OR,ANM,WE,Federal Contract Tower,0,20,2,0,22,0,10,50,6,66,0,30,52,6,88,20,6,26,114
06/30/2004,PDT,OR,ANM,WE,Federal Contract Tower,0,25,3,0,28,0,0,64,2,66,0,25,67,2,94,18,0,18,112
07/01/2004,PDT,OR,ANM,WE,Federal Contract Tower,0,22,5,0,27,0,6,58,12,76,0,28,63,12,103,22,4,26,129
07/02/2004,PDT,OR,ANM,WE,Federal Contract Tower,0,18,4,0,22,0,6,75,2,83,0,24,79,2,105,26,0,26,131
07/03/2004,PDT,OR,ANM,WE,Federal Contract Tower,0,10,2,0,12,0,6,64,0,70,0,16,66,0,82,20,0,20,102
07/04/2004,PDT,OR,ANM,WE,Federal Contract Tower,0,7,2,0,9,0,9,58,2,69,0,16,60,2,78,22,0,22,100
07/05/2004,PDT,OR,ANM,WE,Federal Contract Tower,0,6,1,0,7,0,8,67,0,75,0,14,68,0,82,20,0,20,102
07/06/2004,PDT,OR,ANM,WE,Federal Contract Tower,0,17,3,1,21,0,3,76,1,80,0,20,79,2,101,12,0,12,113
07/07/2004,PDT,OR,ANM,WE,Federal Contract Tower,0,18,3,1,22,0,4,32,1,37,0,22,35,2,59,16,0,16,75
07/08/2004,PDT,OR,ANM,WE,Federal Contract Tower,0,24,4,1,29,0,6,49,3,58,0,30,53,4,87,32,6,38,125
07/09/2004,PDT,OR,ANM,WE,Federal Contract Tower,0,20,4,1,25,0,7,61,1,69,0,27,65,2,94,30,0,30,124
07/10/2004,PDT,OR,ANM,WE,Federal Contract Tower,0,10,1,1,12,0,8,47,3,58,0,18,48,4,70,12,0,12,82
07/11/2004,PDT,OR,ANM,WE,Federal Contract Tower,0,7,1,1,9,0,5,45,3,53,0,12,46,4,62,26,0,26,88
07/12/2004,PDT,OR,ANM,WE,Federal Contract Tower,0,15,2,1,18,0,5,36,0,41,0,20,38,1,59,10,0,10,69
07/13/2004,PDT,OR,ANM,WE,Federal Contract Tower,0,18,3,1,22,0,8,50,0,58,0,26,53,1,80,16,0,16,96
07/14/2004,PDT,OR,ANM,WE,Federal Contract Tower,0,19,3,0,22,0,9,44,0,53,0,28,47,0,75,30,0,30,105
07/15/2004,PDT,OR,ANM,WE,Federal Contract Tower,0,15,3,1,19,0,15,26,1,42,0,30,29,2,61,30,6,36,97
07/16/2004,PDT,OR,ANM,WE,Federal Contract Tower,0,15,3,1,19,0,11,65,11,87,0,26,68,12,106,54,12,66,172
07/17/2004,PDT,OR,ANM,WE,Federal Contract Tower,0,13,2,0,15,0,3,60,0,63,0,16,62,0,78,28,0,28,106
07/18/2004,PDT,OR,ANM,WE,Federal Contract Tower,0,6,1,0,7,0,0,53,1,54,0,6,54,1,61,8,0,8,69
07/19/2004,PDT,OR,ANM,WE,Federal Contract Tower,0,15,2,0,17,0,5,39,7,51,0,20,41,7,68,12,0,12,80
07/20/2004,PDT,OR,ANM,WE,Federal Contract Tower,0,21,4,0,25,0,3,64,8,75,0,24,68,8,100,24,0,24,124
07/21/2004,PDT,OR,ANM,WE,Federal Contract Tower,0,18,3,0,21,0,14,86,13,113,0,32,89,13,134,36,0,36,170
07/22/2004,PDT,OR,ANM,WE,Federal Contract Tower,0,17,3,0,20,0,9,87,12,108,0,26,90,12,128,18,0,18,146
07/23/2004,PDT,OR,ANM,WE,Federal Contract Tower,0,20,3,0,23,0,8,61,8,77,0,28,64,8,100,28,6,34,134
07/24/2004,PDT,OR,ANM,WE,Federal Contract Tower,0,9,1,0,10,0,1,15,8,24,0,10,16,8,34,10,0,10,44
07/25/2004,PDT,OR,ANM,WE,Federal Contract Tower,0,8,1,0,9,0,0,20,2,22,0,8,21,2,31,0,0,0,31
07/26/2004,PDT,OR,ANM,WE,Federal Contract Tower,0,15,2,0,17,0,2,18,3,23,0,17,20,3,40,4,0,4,44
07/27/2004,PDT,OR,ANM,WE,Federal Contract Tower,0,21,4,0,25,0,3,61,11,75,0,24,65,11,100,12,0,12,112
07/28/2004,PDT,OR,ANM,WE,Federal Contract Tower,0,16,2,0,18,0,4,43,4,51,0,20,45,4,69,12,4,16,85
07/29/2004,PDT,OR,ANM,WE,Federal Contract Tower,0,19,3,0,22,0,3,55,7,65,0,22,58,7,87,16,10,26,113
07/30/2004,PDT,OR,ANM,WE,Federal Contract Tower,0,21,4,0,25,0,0,35,14,49,0,21,39,14,74,0,24,24,98
07/31/2004,PDT,OR,ANM,WE,Federal Contract Tower,0,11,2,0,13,0,2,36,0,38,0,13,38,0,51,0,0,0,51
08/01/2004,PDT,OR,ANM,WE,Federal Contract Tower,0,1,1,0,2,0,7,40,0,47,0,8,41,0,49,46,0,46,95
08/02/2004,PDT,OR,ANM,WE,Federal Contract Tower,0,2,1,0,3,0,20,34,1,55,0,22,35,1,58,12,0,12,70
08/03/2004,PDT,OR,ANM,WE,Federal Contract Tower,0,2,1,0,3,0,26,39,0,65,0,28,40,0,68,16,0,16,84
08/04/2004,PDT,OR,ANM,WE,Federal Contract Tower,0,3,1,0,4,0,23,45,8,76,0,26,46,8,80,28,8,36,116
08/05/2004,PDT,OR,ANM,WE,Federal Contract Tower,0,2,2,0,4,0,20,64,5,89,0,22,66,5,93,16,0,16,109
08/06/2004,PDT,OR,ANM,WE,Federal Contract Tower,0,2,2,0,4,0,20,52,14,86,0,22,54,14,90,12,14,26,116
08/07/2004,PDT,OR,ANM,WE,Federal Contract Tower,0,1,1,0,2,0,19,45,3,67,0,20,46,3,69,34,0,34,103
08/08/2004,PDT,OR,ANM,WE,Federal Contract Tower,0,0,1,0,1,0,8,9,0,17,0,8,10,0,18,0,0,0,18
08/09/2004,PDT,OR,ANM,WE,Federal Contract Tower,0,2,1,0,3,0,24,37,8,69,0,26,38,8,72,40,4,44,116
08/10/2004,PDT,OR,ANM,WE,Federal Contract Tower,0,3,1,0,4,0,23,67,12,102,0,26,68,12,106,44,10,54,160
08/11/2004,PDT,OR,ANM,WE,Federal Contract Tower,0,3,1,0,4,0,22,43,2,67,0,25,44,2,71,64,0,64,135
08/12/2004,PDT,OR,ANM,WE,Federal Contract Tower,0,3,1,0,4,0,21,61,10,92,0,24,62,10,96,30,16,46,142
08/13/2004,PDT,OR,ANM,WE,Federal Contract Tower,0,2,2,0,4,0,24,62,13,99,0,26,64,13,103,22,14,36,139
08/14/2004,PDT,OR,ANM,WE,Federal Contract Tower,0,1,1,0,2,0,19,61,8,88,0,20,62,8,90,28,0,28,118
08/15/2004,PDT,OR,ANM,WE,Federal Contract Tower,0,0,1,0,1,0,8,35,4,47,0,8,36,4,48,40,0,40,88
08/16/2004,PDT,OR,ANM,WE,Federal Contract Tower,0,1,1,0,2,0,21,39,6,66,0,22,40,6,68,48,0,48,116
08/17/2004,PDT,OR,ANM,WE,Federal Contract Tower,0,3,0,0,3,0,20,61,20,101,0,23,61,20,104,12,10,22,126
08/18/2004,PDT,OR,ANM,WE,Federal Contract Tower,0,3,1,0,4,0,26,65,0,91,0,29,66,0,95,30,0,30,125
08/19/2004,PDT,OR,ANM,WE,Federal Contract Tower,0,3,1,0,4,0,36,59,12,107,0,39,60,12,111,10,12,22,133
08/20/2004,PDT,OR,ANM,WE,Federal Contract Tower,0,3,0,0,3,0,21,51,5,77,0,24,51,5,80,36,2,38,118
08/21/2004,PDT,OR,ANM,WE,Federal Contract Tower,0,1,0,0,1,0,11,38,2,51,0,12,38,2,52,40,0,40,92
08/22/2004,PDT,OR,ANM,WE,Federal Contract Tower,0,1,0,0,1,0,11,30,0,41,0,12,30,0,42,16,0,16,58
08/23/2004,PDT,OR,ANM,WE,Federal Contract Tower,0,3,0,0,3,0,15,43,2,60,0,18,43,2,63,40,4,44,107
08/24/2004,PDT,OR,ANM,WE,Federal Contract Tower,0,2,1,0,3,0,20,50,5,75,0,22,51,5,78,18,0,18,96
08/25/2004,PDT,OR,ANM,WE,Federal Contract Tower,0,2,1,0,3,0,22,52,10,84,0,24,53,10,87,40,8,48,135
08/26/2004,PDT,OR,ANM,WE,Federal Contract Tower,0,2,1,0,3,0,22,73,0,95,0,24,74,0,98,92,0,92,190
08/27/2004,PDT,OR,ANM,WE,Federal Contract Tower,0,2,1,0,3,0,26,119,32,177,0,28,120,32,180,120,18,138,318
08/28/2004,PDT,OR,ANM,WE,Federal Contract Tower,0,1,0,0,1,0,13,86,20,119,0,14,86,20,120,114,2,116,236
08/29/2004,PDT,OR,ANM,WE,Federal Contract Tower,0,1,0,0,1,0,8,56,0,64,0,9,56,0,65,10,0,10,75
08/30/2004,PDT,OR,ANM,WE,Federal Contract Tower,0,2,0,0,2,0,16,53,0,69,0,18,53,0,71,22,0,22,93
08/31/2004,PDT,OR,ANM,WE,Federal Contract Tower,0,3,1,0,4,0,19,56,4,79,0,22,57,4,83,18,0,18,101
09/01/2004,PDT,OR,ANM,WE,Federal Contract Tower,0,19,6,1,26,0,2,23,6,31,0,21,29,7,57,8,4,12,69
09/02/2004,PDT,OR,ANM,WE,Federal Contract Tower,1,23,7,1,32,0,5,43,9,57,1,28,50,10,89,36,24,60,149
09/03/2004,PDT,OR,ANM,WE,Federal Contract Tower,1,17,5,0,23,2,9,17,6,34,3,26,22,6,57,8,50,58,115
09/04/2004,PDT,OR,ANM,WE,Federal Contract Tower,0,8,2,0,10,0,3,27,0,30,0,11,29,0,40,2,0,2,42
09/05/2004,PDT,OR,ANM,WE,Federal Contract Tower,0,7,2,0,9,0,1,32,0,33,0,8,34,0,42,10,0,10,52
09/06/2004,PDT,OR,ANM,WE,Federal Contract Tower,0,6,2,1,9,0,4,45,3,52,0,10,47,4,61,22,0,22,83
09/07/2004,PDT,OR,ANM,WE,Federal Contract Tower,0,13,4,1,18,0,6,41,7,54,0,19,45,8,72,22,28,50,122
09/08/2004,PDT,OR,ANM,WE,Federal Contract Tower,0,16,5,0,21,0,10,61,0,71,0,26,66,0,92,54,0,54,146
09/09/2004,PDT,OR,ANM,WE,Federal Contract Tower,0,15,5,1,21,0,13,61,19,93,0,28,66,20,114,44,12,56,170
09/10/2004,PDT,OR,ANM,WE,Federal Contract Tower,0,14,5,1,20,0,6,50,0,56,0,20,55,1,76,48,0,48,124
09/11/2004,PDT,OR,ANM,WE,Federal Contract Tower,0,9,3,1,13,0,3,19,0,22,0,12,22,1,35,12,0,12,47
09/12/2004,PDT,OR,ANM,WE,Federal Contract Tower,0,4,1,0,5,0,0,41,0,41,0,4,42,0,46,8,0,8,54
09/13/2004,PDT,OR,ANM,WE,Federal Contract Tower,0,11,3,1,15,0,5,21,1,27,0,16,24,2,42,2,0,2,44
09/14/2004,PDT,OR,ANM,WE,Federal Contract Tower,0,16,5,1,22,0,10,21,1,32,0,26,26,2,54,32,4,36,90
09/15/2004,PDT,OR,ANM,WE,Federal Contract Tower,0,18,4,2,24,0,8,56,10,74,0,26,60,12,98,58,0,58,156
09/16/2004,PDT,OR,ANM,WE,Federal Contract Tower,0,22,5,2,29,0,4,30,0,34,0,26,35,2,63,4,0,4,67
09/17/2004,PDT,OR,ANM,WE,Federal Contract Tower,0,23,6,2,31,0,4,24,4,32,0,27,30,6,63,18,2,20,83
09/18/2004,PDT,OR,ANM,WE,Federal Contract Tower,0,9,2,1,12,0,3,39,8,50,0,12,41,9,62,20,0,20,82
09/19/2004,PDT,OR,ANM,WE,Federal Contract Tower,0,11,3,0,14,0,0,36,0,36,0,11,39,0,50,16,0,16,66
09/20/2004,PDT,OR,ANM,WE,Federal Contract Tower,0,16,5,1,22,0,0,21,11,32,0,16,26,12,54,6,14,20,74
09/21/2004,PDT,OR,ANM,WE,Federal Contract Tower,0,15,5,0,20,0,7,28,14,49,0,22,33,14,69,4,4,8,77
09/22/2004,PDT,OR,ANM,WE,Federal Contract Tower,0,28,9,1,38,0,0,43,3,46,0,28,52,4,84,0,22,22,106
09/23/2004,PDT,OR,ANM,WE,Federal Contract Tower,0,19,5,1,25,0,5,43,12,60,0,24,48,13,85,14,30,44,129
09/24/2004,PDT,OR,ANM,WE,Federal Contract Tower,0,20,6,1,27,0,0,36,11,47,0,20,42,12,74,52,20,72,146
09/25/2004,PDT,OR,ANM,WE,Federal Contract Tower,0,6,1,0,7,0,8,59,6,73,0,14,60,6,80,42,8,50,130
09/26/2004,PDT,OR,ANM,WE,Federal Contract Tower,0,4,1,0,5,0,2,43,12,57,0,6,44,12,62,32,6,38,100
09/27/2004,PDT,OR,ANM,WE,Federal Contract Tower,0,12,4,0,16,0,12,32,0,44,0,24,36,0,60,18,0,18,78
09/28/2004,PDT,OR,ANM,WE,Federal Contract Tower,0,23,6,1,30,0,3,39,7,49,0,26,45,8,79,12,8,20,99
09/29/2004,PDT,OR,ANM,WE,Federal Contract Tower,0,19,5,1,25,0,3,21,7,31,0,22,26,8,56,4,16,20,76
09/30/2004,PDT,OR,ANM,WE,Federal Contract Tower,0,20,5,1,26,0,10,56,6,72,0,30,61,7,98,24,0,24,122
10/01/2004,PDT,OR,ANM,WE,Federal Contract Tower,0,16,0,1,17,0,8,53,7,68,0,24,53,8,85,20,0,20,105
10/02/2004,PDT,OR,ANM,WE,Federal Contract Tower,0,8,3,0,11,0,6,31,0,37,0,14,34,0,48,30,0,30,78
10/03/2004,PDT,OR,ANM,WE,Federal Contract Tower,0,4,1,0,5,0,2,27,0,29,0,6,28,0,34,20,0,20,54
10/04/2004,PDT,OR,ANM,WE,Federal Contract Tower,0,13,2,3,18,0,5,25,4,34,0,18,27,7,52,0,4,4,56
10/05/2004,PDT,OR,ANM,WE,Federal Contract Tower,0,16,6,0,22,0,2,22,2,26,0,18,28,2,48,4,2,6,54
10/06/2004,PDT,OR,ANM,WE,Federal Contract Tower,0,20,3,2,25,0,12,41,14,67,0,32,44,16,92,16,0,16,108
10/07/2004,PDT,OR,ANM,WE,Federal Contract Tower,0,17,4,0,21,0,9,35,4,48,0,26,39,4,69,22,8,30,99
10/08/2004,PDT,OR,ANM,WE,Federal Contract Tower,0,14,3,0,17,0,10,43,6,59,0,24,46,6,76,30,0,30,106
10/09/2004,PDT,OR,ANM,WE,Federal Contract Tower,0,10,0,0,10,0,4,22,0,26,0,14,22,0,36,14,0,14,50
10/10/2004,PDT,OR,ANM,WE,Federal Contract Tower,0,4,3,0,7,0,0,25,4,29,0,4,28,4,36,2,0,2,38
10/11/2004,PDT,OR,ANM,WE,Federal Contract Tower,0,9,0,0,9,0,1,62,0,63,0,10,62,0,72,14,0,14,86
10/12/2004,PDT,OR,ANM,WE,Federal Contract Tower,0,16,0,0,16,0,10,56,10,76,0,26,56,10,92,18,0,18,110
10/13/2004,PDT,OR,ANM,WE,Federal Contract Tower,0,18,1,0,19,0,6,56,5,67,0,24,57,5,86,16,10,26,112
10/14/2004,PDT,OR,ANM,WE,Federal Contract Tower,0,18,8,0,26,0,8,56,0,64,0,26,64,0,90,22,0,22,112
10/15/2004,PDT,OR,ANM,WE,Federal Contract Tower,0,18,2,0,20,0,8,48,8,64,0,26,50,8,84,26,38,64,148
10/16/2004,PDT,OR,ANM,WE,Federal Contract Tower,0,7,4,0,11,0,7,17,0,24,0,14,21,0,35,0,8,8,43
10/17/2004,PDT,OR,ANM,WE,Federal Contract Tower,2,4,2,0,8,0,0,17,0,17,2,4,19,0,25,12,0,12,37
10/18/2004,PDT,OR,ANM,WE,Federal Contract Tower,0,13,0,0,13,0,1,31,0,32,0,14,31,0,45,10,0,10,55
10/19/2004,PDT,OR,ANM,WE,Federal Contract Tower,0,18,1,0,19,0,5,4,2,11,0,23,5,2,30,0,6,6,36
10/20/2004,PDT,OR,ANM,WE,Federal Contract Tower,0,20,0,0,20,0,0,2,3,5,0,20,2,3,25,0,8,8,33
10/21/2004,PDT,OR,ANM,WE,Federal Contract Tower,0,18,2,0,20,0,2,22,8,32,0,20,24,8,52,6,14,20,72
10/22/2004,PDT,OR,ANM,WE,Federal Contract Tower,0,19,0,0,19,0,2,0,6,8,0,21,0,6,27,0,16,16,43
10/23/2004,PDT,OR,ANM,WE,Federal Contract Tower,0,6,0,0,6,0,2,12,2,16,0,8,12,2,22,12,8,20,42
10/24/2004,PDT,OR,ANM,WE,Federal Contract Tower,0,4,4,0,8,0,0,26,0,26,0,4,30,0,34,14,0,14,48
10/25/2004,PDT,OR,ANM,WE,Federal Contract Tower,0,13,1,0,14,0,7,41,3,51,0,20,42,3,65,8,0,8,73
10/26/2004,PDT,OR,ANM,WE,Federal Contract Tower,0,14,1,0,15,0,2,35,10,47,0,16,36,10,62,16,2,18,80
10/27/2004,PDT,OR,ANM,WE,Federal Contract Tower,0,23,3,0,26,0,1,43,11,55,0,24,46,11,81,32,14,46,127
10/28/2004,PDT,OR,ANM,WE,Federal Contract Tower,0,22,3,2,27,0,12,36,6,54,0,34,39,8,81,22,0,22,103
10/29/2004,PDT,OR,ANM,WE,Federal Contract Tower,0,17,3,1,21,0,4,39,7,50,0,21,42,8,71,16,16,32,103
10/30/2004,PDT,OR,ANM,WE,Federal Contract Tower,0,8,0,0,8,0,2,13,0,15,0,10,13,0,23,6,0,6,29
10/31/2004,PDT,OR,ANM,WE,Federal Contract Tower,0,4,1,0,5,0,0,29,0,29,0,4,30,0,34,18,0,18,52
11/01/2004,PDT,OR,ANM,WE,Federal Contract Tower,0,14,3,0,17,0,6,37,6,49,0,20,40,6,66,10,6,16,82
11/02/2004,PDT,OR,ANM,WE,Federal Contract Tower,0,16,4,0,20,0,10,42,18,70,0,26,46,18,90,28,42,70,160
11/03/2004,PDT,OR,ANM,WE,Federal Contract Tower,0,18,4,0,22,0,4,34,8,46,0,22,38,8,68,12,6,18,86
11/04/2004,PDT,OR,ANM,WE,Federal Contract Tower,0,20,0,0,20,0,4,43,22,69,0,24,43,22,89,14,26,40,129
11/05/2004,PDT,OR,ANM,WE,Federal Contract Tower,0,20,1,1,22,0,4,39,14,57,0,24,40,15,79,32,10,42,121
11/06/2004,PDT,OR,ANM,WE,Federal Contract Tower,0,6,1,0,7,0,4,34,11,49,0,10,35,11,56,76,12,88,144
11/07/2004,PDT,OR,ANM,WE,Federal Contract Tower,0,4,0,0,4,0,4,32,0,36,0,8,32,0,40,10,0,10,50
11/08/2004,PDT,OR,ANM,WE,Federal Contract Tower,0,14,0,0,14,0,4,42,0,46,0,18,42,0,60,22,0,22,82
11/09/2004,PDT,OR,ANM,WE,Federal Contract Tower,0,20,2,0,22,0,2,25,0,27,0,22,27,0,49,6,0,6,55
11/10/2004,PDT,OR,ANM,WE,Federal Contract Tower,0,21,2,1,24,0,5,4,1,10,0,26,6,2,34,0,0,0,34
11/11/2004,PDT,OR,ANM,WE,Federal Contract Tower,0,14,1,0,15,0,0,0,0,0,0,14,1,0,15,2,0,2,17
11/12/2004,PDT,OR,ANM,WE,Federal Contract Tower,0,22,2,0,24,0,0,3,6,9,0,22,5,6,33,0,10,10,43
11/13/2004,PDT,OR,ANM,WE,Federal Contract Tower,0,9,0,0,9,0,0,12,0,12,0,9,12,0,21,4,0,4,25
11/14/2004,PDT,OR,ANM,WE,Federal Contract Tower,0,4,3,0,7,0,2,25,0,27,0,6,28,0,34,16,0,16,50
11/15/2004,PDT,OR,ANM,WE,Federal Contract Tower,0,15,1,0,16,0,3,2,2,7,0,18,3,2,23,0,0,0,23
11/16/2004,PDT,OR,ANM,WE,Federal Contract Tower,0,17,2,1,20,0,3,24,6,33,0,20,26,7,53,4,20,24,77
11/17/2004,PDT,OR,ANM,WE,Federal Contract Tower,0,18,1,2,21,0,12,29,5,46,0,30,30,7,67,12,14,26,93
11/18/2004,PDT,OR,ANM,WE,Federal Contract Tower,0,20,4,0,24,0,8,4,1,13,0,28,8,1,37,0,0,0,37
11/19/2004,PDT,OR,ANM,WE,Federal Contract Tower,0,19,2,0,21,0,7,42,0,49,0,26,44,0,70,18,0,18,88
11/20/2004,PDT,OR,ANM,WE,Federal Contract Tower,0,8,3,0,11,0,4,29,0,33,0,12,32,0,44,36,0,36,80
11/21/2004,PDT,OR,ANM,WE,Federal Contract Tower,0,4,3,0,7,0,0,17,0,17,0,4,20,0,24,0,0,0,24
11/22/2004,PDT,OR,ANM,WE,Federal Contract Tower,0,14,1,0,15,0,4,39,0,43,0,18,40,0,58,16,0,16,74
11/23/2004,PDT,OR,ANM,WE,Federal Contract Tower,0,19,5,0,24,0,9,43,4,56,0,28,48,4,80,26,6,32,112
11/24/2004,PDT,OR,ANM,WE,Federal Contract Tower,0,17,0,0,17,0,11,12,6,29,0,28,12,6,46,2,10,12,58
11/25/2004,PDT,OR,ANM,WE,Federal Contract Tower,0,4,0,0,4,0,0,22,0,22,0,4,22,0,26,8,0,8,34
11/26/2004,PDT,OR,ANM,WE,Federal Contract Tower,0,20,0,0,20,0,8,44,0,52,0,28,44,0,72,36,0,36,108
11/27/2004,PDT,OR,ANM,WE,Federal Contract Tower,0,8,3,0,11,0,2,23,0,25,0,10,26,0,36,8,0,8,44
11/28/2004,PDT,OR,ANM,WE,Federal Contract Tower,0,6,5,0,11,0,0,35,0,35,0,6,40,0,46,28,0,28,74
11/29/2004,PDT,OR,ANM,WE,Federal Contract Tower,0,13,0,0,13,0,3,32,4,39,0,16,32,4,52,14,10,24,76
11/30/2004,PDT,OR,ANM,WE,Federal Contract Tower,0,18,1,0,19,0,11,21,5,37,0,29,22,5,56,8,0,8,64
12/01/2004,PDT,OR,ANM,WE,Federal Contract Tower,0,26,4,0,30,0,4,10,4,18,0,30,14,4,48,0,0,0,48
12/02/2004,PDT,OR,ANM,WE,Federal Contract Tower,0,26,3,0,29,0,22,23,4,49,0,48,26,4,78,26,0,26,104
12/03/2004,PDT,OR,ANM,WE,Federal Contract Tower,0,18,0,0,18,0,2,34,3,39,0,20,34,3,57,18,8,26,83
12/04/2004,PDT,OR,ANM,WE,Federal Contract Tower,0,7,0,0,7,0,0,2,0,2,0,7,2,0,9,0,0,0,9
12/05/2004,PDT,OR,ANM,WE,Federal Contract Tower,0,6,0,0,6,0,0,0,0,0,0,6,0,0,6,0,0,0,6
12/06/2004,PDT,OR,ANM,WE,Federal Contract Tower,0,16,1,0,17,0,4,30,1,35,0,20,31,1,52,12,0,12,64
12/07/2004,PDT,OR,ANM,WE,Federal Contract Tower,0,19,2,0,21,0,7,30,8,45,0,26,32,8,66,42,28,70,136
12/08/2004,PDT,OR,ANM,WE,Federal Contract Tower,0,19,0,0,19,0,7,20,10,37,0,26,20,10,56,20,20,40,96
12/09/2004,PDT,OR,ANM,WE,Federal Contract Tower,0,16,2,4,22,0,4,28,14,46,0,20,30,18,68,14,18,32,100
12/10/2004,PDT,OR,ANM,WE,Federal Contract Tower,0,18,6,2,26,0,4,13,6,23,0,22,19,8,49,6,22,28,77
12/11/2004,PDT,OR,ANM,WE,Federal Contract Tower,0,8,0,0,8,0,6,1,0,7,0,14,1,0,15,0,0,0,15
12/12/2004,PDT,OR,ANM,WE,Federal Contract Tower,0,4,1,0,5,0,0,23,0,23,0,4,24,0,28,22,0,22,50
12/13/2004,PDT,OR,ANM,WE,Federal Contract Tower,0,15,0,0,15,0,5,42,12,59,0,20,42,12,74,26,8,34,108
12/14/2004,PDT,OR,ANM,WE,Federal Contract Tower,0,19,6,0,25,0,9,30,8,47,0,28,36,8,72,18,8,26,98
12/15/2004,PDT,OR,ANM,WE,Federal Contract Tower,0,16,4,2,22,0,6,44,9,59,0,22,48,11,81,6,22,28,109
12/16/2004,PDT,OR,ANM,WE,Federal Contract Tower,0,2,0,0,2,0,0,0,0,0,0,2,0,0,2,0,0,0,2
12/17/2004,PDT,OR,ANM,WE,Federal Contract Tower,0,12,4,2,18,0,2,6,4,12,0,14,10,6,30,0,0,0,30
12/18/2004,PDT,OR,ANM,WE,Federal Contract Tower,0,12,2,0,14,0,4,0,0,4,0,16,2,0,18,0,0,0,18
12/19/2004,PDT,OR,ANM,WE,Federal Contract Tower,0,4,1,0,5,0,2,17,0,19,0,6,18,0,24,12,0,12,36
12/20/2004,PDT,OR,ANM,WE,Federal Contract Tower,0,17,2,0,19,0,13,42,20,75,0,30,44,20,94,40,4,44,138
12/21/2004,PDT,OR,ANM,WE,Federal Contract Tower,0,23,2,0,25,0,3,29,2,34,0,26,31,2,59,4,0,4,63
12/22/2004,PDT,OR,ANM,WE,Federal Contract Tower,0,21,1,0,22,0,2,37,0,39,0,23,38,0,61,8,0,8,69
12/23/2004,PDT,OR,ANM,WE,Federal Contract Tower,0,20,0,0,20,0,2,27,0,29,0,22,27,0,49,4,0,4,53
12/24/2004,PDT,OR,ANM,WE,Federal Contract Tower,0,18,1,0,19,0,8,25,0,33,0,26,26,0,52,14,0,14,66
12/25/2004,PDT,OR,ANM,WE,Federal Contract Tower,0,4,0,0,4,0,0,20,0,20,0,4,20,0,24,6,0,6,30
12/26/2004,PDT,OR,ANM,WE,Federal Contract Tower,0,6,0,0,6,0,0,28,0,28,0,6,28,0,34,18,0,18,52
12/27/2004,PDT,OR,ANM,WE,Federal Contract Tower,0,18,4,0,22,0,2,12,0,14,0,20,16,0,36,2,0,2,38
12/28/2004,PDT,OR,ANM,WE,Federal Contract Tower,0,10,0,1,11,0,0,0,1,1,0,10,0,2,12,0,0,0,12
12/29/2004,PDT,OR,ANM,WE,Federal Contract Tower,0,18,2,0,20,0,6,1,0,7,0,24,3,0,27,0,0,0,27
12/30/2004,PDT,OR,ANM,WE,Federal Contract Tower,0,6,0,0,6,0,2,0,0,2,0,8,0,0,8,0,0,0,8
12/31/2004,PDT,OR,ANM,WE,Federal Contract Tower,0,8,0,0,8,0,0,0,0,0,0,8,0,0,8,0,0,0,8
01/01/2005,PDT,OR,ANM,WE,Federal Contract Tower,0,2,0,0,2,0,0,0,0,0,0,2,0,0,2,0,0,0,2
01/02/2005,PDT,OR,ANM,WE,Federal Contract Tower,0,8,0,0,8,0,0,0,0,0,0,8,0,0,8,0,0,0,8
01/03/2005,PDT,OR,ANM,WE,Federal Contract Tower,0,19,1,6,26,0,3,0,2,5,0,22,1,8,31,2,4,6,37
01/04/2005,PDT,OR,ANM,WE,Federal Contract Tower,0,12,4,0,16,0,0,2,5,7,0,12,6,5,23,0,0,0,23
01/05/2005,PDT,OR,ANM,WE,Federal Contract Tower,0,9,0,0,9,0,1,12,0,13,0,10,12,0,22,10,0,10,32
01/06/2005,PDT,OR,ANM,WE,Federal Contract Tower,0,22,2,0,24,0,6,38,0,44,0,28,40,0,68,16,0,16,84
01/07/2005,PDT,OR,ANM,WE,Federal Contract Tower,0,18,0,0,18,0,6,26,0,32,0,24,26,0,50,10,0,10,60
01/08/2005,PDT,OR,ANM,WE,Federal Contract Tower,0,5,0,0,5,0,3,10,0,13,0,8,10,0,18,4,0,4,22
01/09/2005,PDT,OR,ANM,WE,Federal Contract Tower,0,4,1,0,5,0,0,2,0,2,0,4,3,0,7,0,0,0,7
01/10/2005,PDT,OR,ANM,WE,Federal Contract Tower,0,17,4,0,21,0,9,0,0,9,0,26,4,0,30,0,0,0,30
01/11/2005,PDT,OR,ANM,WE,Federal Contract Tower,0,22,0,0,22,0,8,4,0,12,0,30,4,0,34,0,0,0,34
01/12/2005,PDT,OR,ANM,WE,Federal Contract Tower,0,23,0,0,23,0,7,13,0,20,0,30,13,0,43,0,0,0,43
01/13/2005,PDT,OR,ANM,WE,Federal Contract Tower,0,18,0,0,18,0,12,13,0,25,0,30,13,0,43,4,0,4,47
01/14/2005,PDT,OR,ANM,WE,Federal Contract Tower,0,17,2,0,19,0,1,5,0,6,0,18,7,0,25,0,0,0,25
01/15/2005,PDT,OR,ANM,WE,Federal Contract Tower,0,4,0,0,4,0,2,2,0,4,0,6,2,0,8,0,0,0,8
01/16/2005,PDT,OR,ANM,WE,Federal Contract Tower,0,4,2,0,6,0,0,8,0,8,0,4,10,0,14,0,0,0,14
01/17/2005,PDT,OR,ANM,WE,Federal Contract Tower,0,2,0,0,2,0,0,6,0,6,0,2,6,0,8,0,0,0,8
01/18/2005,PDT,OR,ANM,WE,Federal Contract Tower,0,18,2,0,20,0,8,24,2,34,0,26,26,2,54,8,0,8,62
01/19/2005,PDT,OR,ANM,WE,Federal Contract Tower,0,15,3,0,18,0,9,33,0,42,0,24,36,0,60,12,0,12,72
01/20/2005,PDT,OR,ANM,WE,Federal Contract Tower,0,21,2,2,25,0,1,23,0,24,0,22,25,2,49,6,0,6,55
01/21/2005,PDT,OR,ANM,WE,Federal Contract Tower,0,13,5,0,18,0,3,29,0,32,0,16,34,0,50,4,0,4,54
01/22/2005,PDT,OR,ANM,WE,Federal Contract Tower,0,4,2,0,6,0,1,9,0,10,0,5,11,0,16,4,0,4,20
01/23/2005,PDT,OR,ANM,WE,Federal Contract Tower,0,3,2,0,5,0,1,0,0,1,0,4,2,0,6,8,0,8,14
01/24/2005,PDT,OR,ANM,WE,Federal Contract Tower,0,5,3,2,10,0,1,0,0,1,0,6,3,2,11,0,0,0,11
01/25/2005,PDT,OR,ANM,WE,Federal Contract Tower,0,10,3,0,13,0,0,0,0,0,0,10,3,0,13,0,0,0,13
01/26/2005,PDT,OR,ANM,WE,Federal Contract Tower,0,11,0,1,12,0,1,1,0,2,0,12,1,1,14,0,0,0,14
01/27/2005,PDT,OR,ANM,WE,Federal Contract Tower,0,19,1,1,21,0,3,43,0,46,0,22,44,1,67,36,0,36,103
01/28/2005,PDT,OR,ANM,WE,Federal Contract Tower,0,17,1,0,18,0,8,20,0,28,0,25,21,0,46,0,0,0,46
01/29/2005,PDT,OR,ANM,WE,Federal Contract Tower,0,9,0,0,9,0,3,43,0,46,0,12,43,0,55,18,0,18,73
01/30/2005,PDT,OR,ANM,WE,Federal Contract Tower,0,4,3,0,7,0,0,31,0,31,0,4,34,0,38,46,0,46,84
01/31/2005,PDT,OR,ANM,WE,Federal Contract Tower,0,15,1,0,16,0,7,43,0,50,0,22,44,0,66,26,0,26,92
02/01/2005,PDT,OR,ANM,WE,Federal Contract Tower,0,20,0,0,20,0,2,38,4,44,0,22,38,4,64,20,2,22,86
02/02/2005,PDT,OR,ANM,WE,Federal Contract Tower,0,17,5,0,22,0,9,35,2,46,0,26,40,2,68,10,2,12,80
02/03/2005,PDT,OR,ANM,WE,Federal Contract Tower,0,22,7,0,29,0,12,45,5,62,0,34,52,5,91,22,2,24,115
02/04/2005,PDT,OR,ANM,WE,Federal Contract Tower,0,14,0,0,14,0,4,15,0,19,0,18,15,0,33,2,0,2,35
02/05/2005,PDT,OR,ANM,WE,Federal Contract Tower,0,6,0,0,6,0,2,18,0,20,0,8,18,0,26,18,0,18,44
02/06/2005,PDT,OR,ANM,WE,Federal Contract Tower,0,4,3,0,7,0,0,17,0,17,0,4,20,0,24,6,0,6,30
02/07/2005,PDT,OR,ANM,WE,Federal Contract Tower,0,15,1,0,16,0,3,30,1,34,0,18,31,1,50,10,6,16,66
02/08/2005,PDT,OR,ANM,WE,Federal Contract Tower,0,17,4,2,23,0,3,44,0,47,0,20,48,2,70,10,0,10,80
02/09/2005,PDT,OR,ANM,WE,Federal Contract Tower,0,22,4,4,30,0,8,46,2,56,0,30,50,6,86,20,28,48,134
02/10/2005,PDT,OR,ANM,WE,Federal Contract Tower,0,19,11,0,30,0,5,51,2,58,0,24,62,2,88,20,0,20,108
02/11/2005,PDT,OR,ANM,WE,Federal Contract Tower,0,16,1,2,19,0,8,37,8,53,0,24,38,10,72,30,0,30,102
02/12/2005,PDT,OR,ANM,WE,Federal Contract Tower,0,6,0,0,6,0,2,41,0,43,0,8,41,0,49,24,0,24,73
02/13/2005,PDT,OR,ANM,WE,Federal Contract Tower,0,4,2,0,6,0,0,3,0,3,0,4,5,0,9,14,0,14,23
02/14/2005,PDT,OR,ANM,WE,Federal Contract Tower,0,14,7,0,21,0,4,39,0,43,0,18,46,0,64,12,0,12,76
02/15/2005,PDT,OR,ANM,WE,Federal Contract Tower,0,14,4,0,18,0,18,55,0,73,0,32,59,0,91,10,0,10,101
02/16/2005,PDT,OR,ANM,WE,Federal Contract Tower,0,21,0,0,21,0,7,52,0,59,0,28,52,0,80,8,0,8,88
02/17/2005,PDT,OR,ANM,WE,Federal Contract Tower,0,16,2,0,18,0,12,56,0,68,0,28,58,0,86,22,0,22,108
02/18/2005,PDT,OR,ANM,WE,Federal Contract Tower,0,15,9,1,25,0,13,61,3,77,0,28,70,4,102,32,14,46,148
02/19/2005,PDT,OR,ANM,WE,Federal Contract Tower,0,8,0,0,8,0,2,11,0,13,0,10,11,0,21,0,0,0,21
02/20/2005,PDT,OR,ANM,WE,Federal Contract Tower,0,4,3,0,7,0,0,2,0,2,0,4,5,0,9,0,0,0,9
02/21/2005,PDT,OR,ANM,WE,Federal Contract Tower,0,10,0,0,10,0,5,6,0,11,0,15,6,0,21,0,0,0,21
02/22/2005,PDT,OR,ANM,WE,Federal Contract Tower,0,18,3,0,21,0,6,12,0,18,0,24,15,0,39,8,0,8,47
02/23/2005,PDT,OR,ANM,WE,Federal Contract Tower,0,15,3,0,18,0,9,27,0,36,0,24,30,0,54,16,0,16,70
02/24/2005,PDT,OR,ANM,WE,Federal Contract Tower,0,20,3,2,25,0,6,57,6,69,0,26,60,8,94,30,4,34,128
02/25/2005,PDT,OR,ANM,WE,Federal Contract Tower,0,17,3,0,20,0,3,70,0,73,0,20,73,0,93,24,0,24,117
02/26/2005,PDT,OR,ANM,WE,Federal Contract Tower,0,7,5,0,12,0,3,23,0,26,0,10,28,0,38,14,0,14,52
02/27/2005,PDT,OR,ANM,WE,Federal Contract Tower,0,5,3,0,8,0,0,21,0,21,0,5,24,0,29,12,0,12,41
02/28/2005,PDT,OR,ANM,WE,Federal Contract Tower,0,15,0,0,15,0,7,12,0,19,0,22,12,0,34,4,0,4,38
03/01/2005,PDT,OR,ANM,WE,Federal Contract Tower,0,17,1,0,18,0,7,23,0,30,0,24,24,0,48,16,0,16,64
03/02/2005,PDT,OR,ANM,WE,Federal Contract Tower,0,18,1,0,19,0,6,19,0,25,0,24,20,0,44,8,0,8,52
03/03/2005,PDT,OR,ANM,WE,Federal Contract Tower,0,18,5,0,23,0,4,18,0,22,0,22,23,0,45,0,0,0,45
03/04/2005,PDT,OR,ANM,WE,Federal Contract Tower,0,17,1,2,20,0,3,18,2,23,0,20,19,4,43,8,2,10,53
03/05/2005,PDT,OR,ANM,WE,Federal Contract Tower,0,10,1,0,11,0,4,26,1,31,0,14,27,1,42,18,0,18,60
03/06/2005,PDT,OR,ANM,WE,Federal Contract Tower,0,4,3,0,7,0,0,41,0,41,0,4,44,0,48,18,0,18,66
03/07/2005,PDT,OR,ANM,WE,Federal Contract Tower,0,15,4,0,19,0,9,44,0,53,0,24,48,0,72,26,0,26,98
03/08/2005,PDT,OR,ANM,WE,Federal Contract Tower,0,18,5,0,23,0,6,51,0,57,0,24,56,0,80,34,0,34,114
03/09/2005,PDT,OR,ANM,WE,Federal Contract Tower,0,19,1,0,20,0,3,38,0,41,0,22,39,0,61,10,0,10,71
03/10/2005,PDT,OR,ANM,WE,Federal Contract Tower,0,20,1,0,21,0,4,45,0,49,0,24,46,0,70,14,0,14,84
03/11/2005,PDT,OR,ANM,WE,Federal Contract Tower,0,17,4,0,21,0,9,65,0,74,0,26,69,0,95,26,0,26,121
03/12/2005,PDT,OR,ANM,WE,Federal Contract Tower,0,9,1,0,10,0,3,19,0,22,0,12,20,0,32,6,0,6,38
03/13/2005,PDT,OR,ANM,WE,Federal Contract Tower,0,4,0,0,4,0,2,16,0,18,0,6,16,0,22,8,0,8,30
03/14/2005,PDT,OR,ANM,WE,Federal Contract Tower,0,15,2,0,17,0,5,28,0,33,0,20,30,0,50,24,0,24,74
03/15/2005,PDT,OR,ANM,WE,Federal Contract Tower,0,19,0,0,19,0,1,24,0,25,0,20,24,0,44,10,0,10,54
03/16/2005,PDT,OR,ANM,WE,Federal Contract Tower,0,18,4,0,22,0,7,30,0,37,0,25,34,0,59,10,0,10,69
03/17/2005,PDT,OR,ANM,WE,Federal Contract Tower,0,19,0,7,26,0,1,45,3,49,0,20,45,10,75,14,14,28,103
03/18/2005,PDT,OR,ANM,WE,Federal Contract Tower,0,17,0,0,17,0,5,26,2,33,0,22,26,2,50,28,0,28,78
03/19/2005,PDT,OR,ANM,WE,Federal Contract Tower,0,10,0,0,10,0,2,46,0,48,0,12,46,0,58,24,0,24,82
03/20/2005,PDT,OR,ANM,WE,Federal Contract Tower,0,4,0,3,7,0,2,26,1,29,0,6,26,4,36,4,6,10,46
03/21/2005,PDT,OR,ANM,WE,Federal Contract Tower,0,16,4,0,20,0,2,36,0,38,0,18,40,0,58,26,0,26,84
03/22/2005,PDT,OR,ANM,WE,Federal Contract Tower,0,18,4,3,25,0,1,21,1,23,0,19,25,4,48,4,0,4,52
03/23/2005,PDT,OR,ANM,WE,Federal Contract Tower,0,20,9,2,31,0,8,27,0,35,0,28,36,2,66,10,0,10,76
03/24/2005,PDT,OR,ANM,WE,Federal Contract Tower,0,20,11,0,31,0,6,27,0,33,0,26,38,0,64,18,0,18,82
03/25/2005,PDT,OR,ANM,WE,Federal Contract Tower,0,20,0,0,20,0,8,60,0,68,0,28,60,0,88,30,0,30,118
03/26/2005,PDT,OR,ANM,WE,Federal Contract Tower,0,7,0,0,7,0,3,12,0,15,0,10,12,0,22,8,0,8,30
03/27/2005,PDT,OR,ANM,WE,Federal Contract Tower,0,4,0,0,4,0,0,0,0,0,0,4,0,0,4,0,0,0,4
03/28/2005,PDT,OR,ANM,WE,Federal Contract Tower,0,15,0,2,17,0,1,0,0,1,0,16,0,2,18,0,10,10,28
03/29/2005,PDT,OR,ANM,WE,Federal Contract Tower,0,19,0,0,19,0,11,11,4,26,0,30,11,4,45,14,0,14,59
03/30/2005,PDT,OR,ANM,WE,Federal Contract Tower,0,20,5,0,25,0,12,11,3,26,0,32,16,3,51,2,0,2,53
03/31/2005,PDT,OR,ANM,WE,Federal Contract Tower,0,17,0,0,17,0,9,40,4,53,0,26,40,4,70,40,0,40,110
04/01/2005,PDT,OR,ANM,WE,Federal Contract Tower,0,20,1,0,21,0,2,35,2,39,0,22,36,2,60,20,0,20,80
04/02/2005,PDT,OR,ANM,WE,Federal Contract Tower,0,9,5,0,14,0,1,44,0,45,0,10,49,0,59,0,0,0,59
04/03/2005,PDT,OR,ANM,WE,Federal Contract Tower,0,6,5,0,11,0,0,10,0,10,0,6,15,0,21,8,0,8,29
04/04/2005,PDT,OR,ANM,WE,Federal Contract Tower,0,15,4,0,19,0,1,18,2,21,0,16,22,2,40,8,0,8,48
04/05/2005,PDT,OR,ANM,WE,Federal Contract Tower,0,18,3,0,21,0,4,38,0,42,0,22,41,0,63,34,0,34,97
04/06/2005,PDT,OR,ANM,WE,Federal Contract Tower,0,22,0,0,22,0,0,47,2,49,0,22,47,2,71,38,0,38,109
04/07/2005,PDT,OR,ANM,WE,Federal Contract Tower,0,22,0,0,22,0,2,26,2,30,0,24,26,2,52,6,0,6,58
04/08/2005,PDT,OR,ANM,WE,Federal Contract Tower,0,17,0,0,17,0,3,32,0,35,0,20,32,0,52,32,0,32,84
04/09/2005,PDT,OR,ANM,WE,Federal Contract Tower,0,9,0,0,9,0,1,28,0,29,0,10,28,0,38,8,0,8,46
04/10/2005,PDT,OR,ANM,WE,Federal Contract Tower,0,4,3,0,7,0,0,22,0,22,0,4,25,0,29,4,0,4,33
04/11/2005,PDT,OR,ANM,WE,Federal Contract Tower,0,16,4,0,20,0,2,13,0,15,0,18,17,0,35,10,0,10,45
04/12/2005,PDT,OR,ANM,WE,Federal Contract Tower,0,21,4,0,25,0,7,40,0,47,0,28,44,0,72,30,0,30,102
04/13/2005,PDT,OR,ANM,WE,Federal Contract Tower,0,18,5,0,23,0,10,53,0,63,0,28,58,0,86,44,0,44,130
04/14/2005,PDT,OR,ANM,WE,Federal Contract Tower,0,20,3,2,25,0,4,22,0,26,0,24,25,2,51,6,4,10,61
04/15/2005,PDT,OR,ANM,WE,Federal Contract Tower,0,17,5,0,22,0,9,49,0,58,0,26,54,0,80,40,0,40,120
04/16/2005,PDT,OR,ANM,WE,Federal Contract Tower,0,11,2,0,13,0,7,24,0,31,0,18,26,0,44,6,0,6,50
04/17/2005,PDT,OR,ANM,WE,Federal Contract Tower,0,4,0,0,4,0,0,2,1,3,0,4,2,1,7,0,0,0,7
04/18/2005,PDT,OR,ANM,WE,Federal Contract Tower,0,16,0,0,16,0,12,36,0,48,0,28,36,0,64,12,0,12,76
04/19/2005,PDT,OR,ANM,WE,Federal Contract Tower,0,27,0,0,27,0,7,54,0,61,0,34,54,0,88,30,0,30,118
04/20/2005,PDT,OR,ANM,WE,Federal Contract Tower,0,19,0,0,19,0,5,31,0,36,0,24,31,0,55,8,0,8,63
04/21/2005,PDT,OR,ANM,WE,Federal Contract Tower,0,16,1,0,17,0,10,38,4,52,0,26,39,4,69,10,0,10,79
04/22/2005,PDT,OR,ANM,WE,Federal Contract Tower,0,18,0,0,18,0,0,24,2,26,0,18,24,2,44,22,0,22,66
04/23/2005,PDT,OR,ANM,WE,Federal Contract Tower,0,9,1,0,10,0,7,29,0,36,0,16,30,0,46,34,0,34,80
04/24/2005,PDT,OR,ANM,WE,Federal Contract Tower,0,4,0,0,4,0,2,14,0,16,0,6,14,0,20,12,0,12,32
04/25/2005,PDT,OR,ANM,WE,Federal Contract Tower,0,14,5,0,19,0,8,33,0,41,0,22,38,0,60,20,0,20,80
04/26/2005,PDT,OR,ANM,WE,Federal Contract Tower,0,17,2,0,19,0,3,25,2,30,0,20,27,2,49,24,0,24,73
04/27/2005,PDT,OR,ANM,WE,Federal Contract Tower,0,17,8,1,26,0,5,34,1,40,0,22,42,2,66,2,0,2,68
04/28/2005,PDT,OR,ANM,WE,Federal Contract Tower,0,18,7,0,25,0,10,54,2,66,0,28,61,2,91,36,0,36,127
04/29/2005,PDT,OR,ANM,WE,Federal Contract Tower,0,16,3,0,19,0,9,35,0,44,0,25,38,0,63,8,0,8,71
04/30/2005,PDT,OR,ANM,WE,Federal Contract Tower,0,8,6,0,14,0,8,44,0,52,0,16,50,0,66,46,0,46,112
05/01/2005,PDT,OR,ANM,WE,Federal Contract Tower,0,4,7,0,11,0,4,33,6,43,0,8,40,6,54,28,0,28,82
05/02/2005,PDT,OR,ANM,WE,Federal Contract Tower,0,14,3,0,17,0,4,20,0,24,0,18,23,0,41,0,0,0,41
05/03/2005,PDT,OR,ANM,WE,Federal Contract Tower,0,19,5,0,24,0,5,34,0,39,0,24,39,0,63,24,0,24,87
05/04/2005,PDT,OR,ANM,WE,Federal Contract Tower,0,17,2,2,21,0,9,32,8,49,0,26,34,10,70,72,4,76,146
05/05/2005,PDT,OR,ANM,WE,Federal Contract Tower,0,21,3,2,26,0,5,19,13,37,0,26,22,15,63,58,18,76,139
05/06/2005,PDT,OR,ANM,WE,Federal Contract Tower,0,18,4,0,22,0,8,26,4,38,0,26,30,4,60,44,0,44,104
05/07/2005,PDT,OR,ANM,WE,Federal Contract Tower,0,10,2,0,12,0,2,30,0,32,0,12,32,0,44,32,0,32,76
05/08/2005,PDT,OR,ANM,WE,Federal Contract Tower,0,6,2,0,8,0,0,24,0,24,0,6,26,0,32,0,0,0,32
05/09/2005,PDT,OR,ANM,WE,Federal Contract Tower,0,15,4,0,19,0,3,17,0,20,0,18,21,0,39,4,0,4,43
05/10/2005,PDT,OR,ANM,WE,Federal Contract Tower,0,20,2,0,22,0,4,10,2,16,0,24,12,2,38,4,0,4,42
05/11/2005,PDT,OR,ANM,WE,Federal Contract Tower,0,16,4,0,20,0,12,37,0,49,0,28,41,0,69,0,0,0,69
05/12/2005,PDT,OR,ANM,WE,Federal Contract Tower,0,16,9,1,26,0,12,51,5,68,0,28,60,6,94,28,0,28,122
05/13/2005,PDT,OR,ANM,WE,Federal Contract Tower,0,17,2,0,19,0,11,58,2,71,0,28,60,2,90,68,4,72,162
05/14/2005,PDT,OR,ANM,WE,Federal Contract Tower,0,8,4,0,12,0,1,20,0,21,0,9,24,0,33,12,0,12,45
05/15/2005,PDT,OR,ANM,WE,Federal Contract Tower,0,4,1,1,6,0,0,8,1,9,0,4,9,2,15,8,0,8,23
05/16/2005,PDT,OR,ANM,WE,Federal Contract Tower,0,15,0,0,15,0,3,7,0,10,0,18,7,0,25,18,0,18,43
05/17/2005,PDT,OR,ANM,WE,Federal Contract Tower,0,16,3,1,20,0,10,43,4,57,0,26,46,5,77,12,4,16,93
05/18/2005,PDT,OR,ANM,WE,Federal Contract Tower,0,17,2,0,19,0,9,30,0,39,0,26,32,0,58,34,0,34,92
05/19/2005,PDT,OR,ANM,WE,Federal Contract Tower,0,18,2,0,20,0,8,28,4,40,0,26,30,4,60,12,0,12,72
05/20/2005,PDT,OR,ANM,WE,Federal Contract Tower,0,16,0,0,16,0,9,23,0,32,0,25,23,0,48,18,0,18,66
05/21/2005,PDT,OR,ANM,WE,Federal Contract Tower,0,8,6,0,14,0,2,41,0,43,0,10,47,0,57,0,0,0,57
05/22/2005,PDT,OR,ANM,WE,Federal Contract Tower,0,4,3,0,7,0,0,11,0,11,0,4,14,0,18,0,0,0,18
05/23/2005,PDT,OR,ANM,WE,Federal Contract Tower,0,12,2,0,14,0,4,24,0,28,0,16,26,0,42,2,0,2,44
05/24/2005,PDT,OR,ANM,WE,Federal Contract Tower,0,15,0,0,15,0,13,24,0,37,0,28,24,0,52,16,0,16,68
05/25/2005,PDT,OR,ANM,WE,Federal Contract Tower,0,14,4,0,18,0,8,32,2,42,0,22,36,2,60,6,0,6,66
05/26/2005,PDT,OR,ANM,WE,Federal Contract Tower,0,15,0,0,15,0,3,33,0,36,0,18,33,0,51,30,0,30,81
05/27/2005,PDT,OR,ANM,WE,Federal Contract Tower,0,13,5,0,18,0,5,29,0,34,0,18,34,0,52,0,0,0,52
05/28/2005,PDT,OR,ANM,WE,Federal Contract Tower,0,7,3,0,10,0,7,30,2,39,0,14,33,2,49,18,0,18,67
05/29/2005,PDT,OR,ANM,WE,Federal Contract Tower,0,4,0,0,4,0,0,28,0,28,0,4,28,0,32,12,0,12,44
05/30/2005,PDT,OR,ANM,WE,Federal Contract Tower,0,6,1,0,7,0,0,39,2,41,0,6,40,2,48,12,0,12,60
05/31/2005,PDT,OR,ANM,WE,Federal Contract Tower,0,16,2,0,18,0,8,24,0,32,0,24,26,0,50,12,0,12,62
06/01/2005,PDT,OR,ANM,WE,Federal Contract Tower,0,17,0,0,17,0,3,23,0,26,0,20,23,0,43,4,0,4,47
06/02/2005,PDT,OR,ANM,WE,Federal Contract Tower,0,17,0,0,17,0,7,17,0,24,0,24,17,0,41,6,0,6,47
06/03/2005,PDT,OR,ANM,WE,Federal Contract Tower,0,14,3,1,18,0,6,33,16,55,0,20,36,17,73,8,0,8,81
06/04/2005,PDT,OR,ANM,WE,Federal Contract Tower,0,8,2,0,10,0,4,56,0,60,0,12,58,0,70,32,0,32,102
06/05/2005,PDT,OR,ANM,WE,Federal Contract Tower,0,4,2,0,6,0,2,26,0,28,0,6,28,0,34,18,0,18,52
06/06/2005,PDT,OR,ANM,WE,Federal Contract Tower,0,14,3,0,17,0,10,43,0,53,0,24,46,0,70,22,0,22,92
06/07/2005,PDT,OR,ANM,WE,Federal Contract Tower,0,16,2,0,18,0,6,14,2,22,0,22,16,2,40,18,0,18,58
06/08/2005,PDT,OR,ANM,WE,Federal Contract Tower,0,17,5,2,24,0,9,49,0,58,0,26,54,2,82,28,0,28,110
06/09/2005,PDT,OR,ANM,WE,Federal Contract Tower,0,14,2,0,16,0,8,19,6,33,0,22,21,6,49,6,0,6,55
06/10/2005,PDT,OR,ANM,WE,Federal Contract Tower,0,15,2,0,17,0,9,29,8,46,0,24,31,8,63,16,0,16,79
06/11/2005,PDT,OR,ANM,WE,Federal Contract Tower,0,7,0,0,7,0,5,8,9,22,0,12,8,9,29,6,0,6,35
06/12/2005,PDT,OR,ANM,WE,Federal Contract Tower,0,4,1,0,5,0,2,17,12,31,0,6,18,12,36,8,0,8,44
06/13/2005,PDT,OR,ANM,WE,Federal Contract Tower,0,13,2,4,19,0,5,26,20,51,0,18,28,24,70,6,12,18,88
06/14/2005,PDT,OR,ANM,WE,Federal Contract Tower,0,15,0,1,16,0,7,38,19,64,0,22,38,20,80,30,14,44,124
06/15/2005,PDT,OR,ANM,WE,Federal Contract Tower,0,16,2,1,19,0,10,55,23,88,0,26,57,24,107,22,16,38,145
06/16/2005,PDT,OR,ANM,WE,Federal Contract Tower,0,15,4,3,22,0,9,59,31,99,0,24,63,34,121,10,16,26,147
06/17/2005,PDT,OR,ANM,WE,Federal Contract Tower,0,17,0,3,20,0,7,42,35,84,0,24,42,38,104,20,8,28,132
06/18/2005,PDT,OR,ANM,WE,Federal Contract Tower,0,6,1,4,11,0,6,19,10,35,0,12,20,14,46,12,6,18,64
06/19/2005,PDT,OR,ANM,WE,Federal Contract Tower,0,4,1,2,7,0,6,42,4,52,0,10,43,6,59,10,0,10,69
06/20/2005,PDT,OR,ANM,WE,Federal Contract Tower,0,12,0,2,14,0,8,52,8,68,0,20,52,10,82,6,6,12,94
06/21/2005,PDT,OR,ANM,WE,Federal Contract Tower,0,16,1,4,21,0,7,37,15,59,0,23,38,19,80,6,10,16,96
06/22/2005,PDT,OR,ANM,WE,Federal Contract Tower,0,17,3,2,22,0,6,22,18,46,0,23,25,20,68,12,12,24,92
06/23/2005,PDT,OR,ANM,WE,Federal Contract Tower,0,14,4,3,21,0,12,34,29,75,0,26,38,32,96,14,0,14,110
06/24/2005,PDT,OR,ANM,WE,Federal Contract Tower,0,16,0,0,16,0,10,50,4,64,0,26,50,4,80,8,0,8,88
06/25/2005,PDT,OR,ANM,WE,Federal Contract Tower,0,6,2,0,8,0,1,28,2,31,0,7,30,2,39,0,0,0,39
06/26/2005,PDT,OR,ANM,WE,Federal Contract Tower,0,4,2,0,6,0,0,35,0,35,0,4,37,0,41,4,0,4,45
06/27/2005,PDT,OR,ANM,WE,Federal Contract Tower,0,16,5,0,21,0,2,20,2,24,0,18,25,2,45,0,22,22,67
06/28/2005,PDT,OR,ANM,WE,Federal Contract Tower,0,16,3,0,19,0,10,45,5,60,0,26,48,5,79,10,18,28,107
06/29/2005,PDT,OR,ANM,WE,Federal Contract Tower,0,16,3,0,19,0,10,37,0,47,0,26,40,0,66,18,0,18,84
06/30/2005,PDT,OR,ANM,WE,Federal Contract Tower,0,16,5,0,21,0,10,49,0,59,0,26,54,0,80,30,0,30,110
07/01/2005,PDT,OR,ANM,WE,Federal Contract Tower,0,17,2,0,19,0,3,33,4,40,0,20,35,4,59,10,10,20,79
07/02/2005,PDT,OR,ANM,WE,Federal Contract Tower,0,7,3,0,10,0,5,22,0,27,0,12,25,0,37,0,0,0,37
07/03/2005,PDT,OR,ANM,WE,Federal Contract Tower,0,4,0,0,4,0,0,17,0,17,0,4,17,0,21,14,0,14,35
07/04/2005,PDT,OR,ANM,WE,Federal Contract Tower,0,4,3,0,7,0,0,40,0,40,0,4,43,0,47,10,0,10,57
07/05/2005,PDT,OR,ANM,WE,Federal Contract Tower,0,14,0,0,14,0,12,42,0,54,0,26,42,0,68,12,0,12,80
07/06/2005,PDT,OR,ANM,WE,Federal Contract Tower,0,14,0,0,14,0,12,50,2,64,0,26,50,2,78,16,0,16,94
07/07/2005,PDT,OR,ANM,WE,Federal Contract Tower,0,16,4,0,20,0,5,41,6,52,0,21,45,6,72,12,4,16,88
07/08/2005,PDT,OR,ANM,WE,Federal Contract Tower,0,12,2,0,14,0,8,33,2,43,0,20,35,2,57,8,4,12,69
07/09/2005,PDT,OR,ANM,WE,Federal Contract Tower,0,9,3,0,12,0,5,35,2,42,0,14,38,2,54,32,2,34,88
07/10/2005,PDT,OR,ANM,WE,Federal Contract Tower,0,4,5,0,9,0,0,33,4,37,0,4,38,4,46,14,0,14,60
07/11/2005,PDT,OR,ANM,WE,Federal Contract Tower,0,12,0,0,12,0,8,26,0,34,0,20,26,0,46,14,0,14,60
07/12/2005,PDT,OR,ANM,WE,Federal Contract Tower,0,13,10,1,24,0,13,48,5,66,0,26,58,6,90,18,0,18,108
07/13/2005,PDT,OR,ANM,WE,Federal Contract Tower,0,17,2,4,23,0,7,34,4,45,0,24,36,8,68,6,0,6,74
07/14/2005,PDT,OR,ANM,WE,Federal Contract Tower,0,16,2,0,18,0,6,49,3,58,0,22,51,3,76,20,0,20,96
07/15/2005,PDT,OR,ANM,WE,Federal Contract Tower,0,11,1,0,12,0,11,42,0,53,0,22,43,0,65,20,0,20,85
07/16/2005,PDT,OR,ANM,WE,Federal Contract Tower,0,7,2,0,9,0,3,14,0,17,0,10,16,0,26,10,0,10,36
07/17/2005,PDT,OR,ANM,WE,Federal Contract Tower,0,4,0,0,4,0,4,58,0,62,0,8,58,0,66,12,0,12,78
07/18/2005,PDT,OR,ANM,WE,Federal Contract Tower,0,11,0,0,11,0,11,26,0,37,0,22,26,0,48,6,0,6,54
07/19/2005,PDT,OR,ANM,WE,Federal Contract Tower,0,16,2,0,18,0,6,14,0,20,0,22,16,0,38,0,0,0,38
07/20/2005,PDT,OR,ANM,WE,Federal Contract Tower,0,15,4,0,19,0,5,20,4,29,0,20,24,4,48,12,12,24,72
07/21/2005,PDT,OR,ANM,WE,Federal Contract Tower,0,15,3,0,18,0,9,22,2,33,0,24,25,2,51,8,0,8,59
07/22/2005,PDT,OR,ANM,WE,Federal Contract Tower,0,15,6,0,21,0,11,35,1,47,0,26,41,1,68,14,0,14,82
07/23/2005,PDT,OR,ANM,WE,Federal Contract Tower,0,7,1,0,8,0,7,65,0,72,0,14,66,0,80,20,0,20,100
07/24/2005,PDT,OR,ANM,WE,Federal Contract Tower,0,4,6,0,10,0,10,38,0,48,0,14,44,0,58,14,0,14,72
07/25/2005,PDT,OR,ANM,WE,Federal Contract Tower,0,15,1,0,16,0,3,57,0,60,0,18,58,0,76,22,0,22,98
07/26/2005,PDT,OR,ANM,WE,Federal Contract Tower,0,19,5,0,24,0,3,57,0,60,0,22,62,0,84,18,0,18,102
07/27/2005,PDT,OR,ANM,WE,Federal Contract Tower,0,16,4,1,21,0,10,55,2,67,0,26,59,3,88,24,0,24,112
07/28/2005,PDT,OR,ANM,WE,Federal Contract Tower,0,17,2,0,19,0,9,51,10,70,0,26,53,10,89,22,0,22,111
07/29/2005,PDT,OR,ANM,WE,Federal Contract Tower,0,14,2,0,16,0,12,32,0,44,0,26,34,0,60,28,0,28,88
07/30/2005,PDT,OR,ANM,WE,Federal Contract Tower,0,6,0,0,6,0,6,40,4,50,0,12,40,4,56,34,0,34,90
07/31/2005,PDT,OR,ANM,WE,Federal Contract Tower,0,6,5,0,11,0,0,43,0,43,0,6,48,0,54,16,0,16,70
08/01/2005,PDT,OR,ANM,WE,Federal Contract Tower,0,13,1,4,18,0,3,41,3,47,0,16,42,7,65,20,0,20,85
08/02/2005,PDT,OR,ANM,WE,Federal Contract Tower,0,17,1,0,18,0,5,57,0,62,0,22,58,0,80,28,0,28,108
08/03/2005,PDT,OR,ANM,WE,Federal Contract Tower,0,18,3,0,21,0,8,45,2,55,0,26,48,2,76,36,0,36,112
08/04/2005,PDT,OR,ANM,WE,Federal Contract Tower,0,15,1,0,16,0,11,31,0,42,0,26,32,0,58,20,0,20,78
08/05/2005,PDT,OR,ANM,WE,Federal Contract Tower,0,18,0,0,18,0,10,24,2,36,0,28,24,2,54,16,0,16,70
08/06/2005,PDT,OR,ANM,WE,Federal Contract Tower,0,6,0,0,6,0,4,51,1,56,0,10,51,1,62,18,0,18,80
08/07/2005,PDT,OR,ANM,WE,Federal Contract Tower,0,4,0,0,4,0,2,40,1,43,0,6,40,1,47,26,0,26,73
08/08/2005,PDT,OR,ANM,WE,Federal Contract Tower,0,12,0,0,12,0,8,47,6,61,0,20,47,6,73,16,0,16,89
08/09/2005,PDT,OR,ANM,WE,Federal Contract Tower,0,20,0,0,20,0,10,51,8,69,0,30,51,8,89,18,0,18,107
08/10/2005,PDT,OR,ANM,WE,Federal Contract Tower,0,16,7,0,23,0,10,37,4,51,0,26,44,4,74,22,0,22,96
08/11/2005,PDT,OR,ANM,WE,Federal Contract Tower,0,15,2,0,17,0,13,54,4,71,0,28,56,4,88,24,2,26,114
08/12/2005,PDT,OR,ANM,WE,Federal Contract Tower,0,13,5,1,19,0,5,45,7,57,0,18,50,8,76,10,0,10,86
08/13/2005,PDT,OR,ANM,WE,Federal Contract Tower,0,6,0,0,6,0,4,30,2,36,0,10,30,2,42,6,0,6,48
08/14/2005,PDT,OR,ANM,WE,Federal Contract Tower,0,2,0,1,3,0,0,36,2,38,0,2,36,3,41,16,0,16,57
08/15/2005,PDT,OR,ANM,WE,Federal Contract Tower,0,14,6,0,20,0,10,50,2,62,0,24,56,2,82,8,0,8,90
08/16/2005,PDT,OR,ANM,WE,Federal Contract Tower,0,12,2,0,14,0,10,38,0,48,0,22,40,0,62,22,0,22,84
08/17/2005,PDT,OR,ANM,WE,Federal Contract Tower,0,15,2,0,17,0,11,28,0,39,0,26,30,0,56,22,0,22,78
08/18/2005,PDT,OR,ANM,WE,Federal Contract Tower,0,18,3,0,21,0,7,36,4,47,0,25,39,4,68,16,0,16,84
08/19/2005,PDT,OR,ANM,WE,Federal Contract Tower,0,14,3,0,17,0,8,57,0,65,0,22,60,0,82,6,0,6,88
08/20/2005,PDT,OR,ANM,WE,Federal Contract Tower,0,7,0,0,7,0,5,38,0,43,0,12,38,0,50,16,0,16,66
08/21/2005,PDT,OR,ANM,WE,Federal Contract Tower,0,4,0,0,4,0,0,31,0,31,0,4,31,0,35,12,0,12,47
08/22/2005,PDT,OR,ANM,WE,Federal Contract Tower,0,12,4,0,16,0,12,52,2,66,0,24,56,2,82,36,0,36,118
08/23/2005,PDT,OR,ANM,WE,Federal Contract Tower,0,18,3,0,21,0,8,57,0,65,0,26,60,0,86,36,0,36,122
08/24/2005,PDT,OR,ANM,WE,Federal Contract Tower,0,17,5,0,22,0,5,80,3,88,0,22,85,3,110,64,0,64,174
08/25/2005,PDT,OR,ANM,WE,Federal Contract Tower,0,18,3,0,21,0,4,126,4,134,0,22,129,4,155,82,0,82,237
08/26/2005,PDT,OR,ANM,WE,Federal Contract Tower,0,12,1,0,13,0,7,114,0,121,0,19,115,0,134,88,0,88,222
08/27/2005,PDT,OR,ANM,WE,Federal Contract Tower,0,6,1,0,7,0,6,141,0,147,0,12,142,0,154,112,0,112,266
08/28/2005,PDT,OR,ANM,WE,Federal Contract Tower,0,4,0,0,4,0,2,52,0,54,0,6,52,0,58,18,0,18,76
08/29/2005,PDT,OR,ANM,WE,Federal Contract Tower,0,13,1,0,14,0,11,37,0,48,0,24,38,0,62,20,0,20,82
08/30/2005,PDT,OR,ANM,WE,Federal Contract Tower,0,16,3,0,19,0,6,33,0,39,0,22,36,0,58,6,0,6,64
08/31/2005,PDT,OR,ANM,WE,Federal Contract Tower,0,18,3,0,21,0,2,45,0,47,0,20,48,0,68,10,0,10,78
09/01/2005,PDT,OR,ANM,WE,Federal Contract Tower,0,16,9,1,26,0,6,43,0,49,0,22,52,1,75,10,0,10,85
09/02/2005,PDT,OR,ANM,WE,Federal Contract Tower,0,15,1,0,16,0,6,42,5,53,0,21,43,5,69,16,0,16,85
09/03/2005,PDT,OR,ANM,WE,Federal Contract Tower,0,8,0,0,8,0,2,46,1,49,0,10,46,1,57,24,0,24,81
09/04/2005,PDT,OR,ANM,WE,Federal Contract Tower,0,4,1,0,5,0,2,44,1,47,0,6,45,1,52,10,0,10,62
09/05/2005,PDT,OR,ANM,WE,Federal Contract Tower,0,7,2,0,9,0,0,25,0,25,0,7,27,0,34,2,0,2,36
09/06/2005,PDT,OR,ANM,WE,Federal Contract Tower,0,11,0,0,11,0,10,45,0,55,0,21,45,0,66,14,0,14,80
09/07/2005,PDT,OR,ANM,WE,Federal Contract Tower,0,12,1,0,13,0,12,23,0,35,0,24,24,0,48,10,0,10,58
09/08/2005,PDT,OR,ANM,WE,Federal Contract Tower,0,15,1,1,17,0,7,57,5,69,0,22,58,6,86,12,0,12,98
09/09/2005,PDT,OR,ANM,WE,Federal Contract Tower,0,14,3,0,17,0,8,27,0,35,0,22,30,0,52,14,0,14,66
09/10/2005,PDT,OR,ANM,WE,Federal Contract Tower,0,11,1,1,13,0,7,25,1,33,0,18,26,2,46,8,0,8,54
09/11/2005,PDT,OR,ANM,WE,Federal Contract Tower,0,4,4,0,8,0,0,32,0,32,0,4,36,0,40,0,0,0,40
09/12/2005,PDT,OR,ANM,WE,Federal Contract Tower,0,14,1,0,15,0,4,33,0,37,0,18,34,0,52,0,0,0,52
09/13/2005,PDT,OR,ANM,WE,Federal Contract Tower,0,18,9,0,27,0,4,57,1,62,0,22,66,1,89,44,0,44,133
09/14/2005,PDT,OR,ANM,WE,Federal Contract Tower,0,21,7,0,28,0,5,62,0,67,0,26,69,0,95,10,0,10,105
09/15/2005,PDT,OR,ANM,WE,Federal Contract Tower,0,17,6,0,23,0,7,66,3,76,0,24,72,3,99,8,0,8,107
09/16/2005,PDT,OR,ANM,WE,Federal Contract Tower,0,24,3,0,27,0,3,64,0,67,0,27,67,0,94,18,0,18,112
09/17/2005,PDT,OR,ANM,WE,Federal Contract Tower,0,10,5,0,15,0,2,32,0,34,0,12,37,0,49,4,0,4,53
09/18/2005,PDT,OR,ANM,WE,Federal Contract Tower,0,4,5,0,9,0,0,28,0,28,0,4,33,0,37,2,0,2,39
09/19/2005,PDT,OR,ANM,WE,Federal Contract Tower,0,14,4,0,18,0,6,29,0,35,0,20,33,0,53,6,0,6,59
09/20/2005,PDT,OR,ANM,WE,Federal Contract Tower,0,12,1,0,13,0,14,42,4,60,0,26,43,4,73,18,4,22,95
09/21/2005,PDT,OR,ANM,WE,Federal Contract Tower,0,17,1,0,18,0,9,39,2,50,0,26,40,2,68,10,0,10,78
09/22/2005,PDT,OR,ANM,WE,Federal Contract Tower,0,13,7,0,20,0,11,27,0,38,0,24,34,0,58,12,0,12,70
09/23/2005,PDT,OR,ANM,WE,Federal Contract Tower,0,12,3,0,15,0,9,35,0,44,0,21,38,0,59,0,0,0,59
09/24/2005,PDT,OR,ANM,WE,Federal Contract Tower,0,7,1,0,8,0,3,48,10,61,0,10,49,10,69,0,0,0,69
09/25/2005,PDT,OR,ANM,WE,Federal Contract Tower,0,4,2,0,6,0,0,37,2,39,0,4,39,2,45,14,0,14,59
09/26/2005,PDT,OR,ANM,WE,Federal Contract Tower,0,13,0,0,13,0,11,31,0,42,0,24,31,0,55,10,0,10,65
09/27/2005,PDT,OR,ANM,WE,Federal Contract Tower,0,16,3,0,19,0,10,23,2,35,0,26,26,2,54,20,0,20,74
09/28/2005,PDT,OR,ANM,WE,Federal Contract Tower,0,14,4,0,18,0,12,20,2,34,0,26,24,2,52,18,0,18,70
09/29/2005,PDT,OR,ANM,WE,Federal Contract Tower,0,17,3,2,22,0,3,10,2,15,0,20,13,4,37,0,0,0,37
09/30/2005,PDT,OR,ANM,WE,Federal Contract Tower,0,17,2,0,19,0,1,6,4,11,0,18,8,4,30,0,0,0,30
10/01/2005,PDT,OR,ANM,WE,Federal Contract Tower,0,9,1,0,10,0,1,15,0,16,0,10,16,0,26,2,0,2,28
10/02/2005,PDT,OR,ANM,WE,Federal Contract Tower,0,5,2,0,7,0,0,24,0,24,0,5,26,0,31,6,0,6,37
10/03/2005,PDT,OR,ANM,WE,Federal Contract Tower,0,15,7,0,22,0,11,37,2,50,0,26,44,2,72,30,0,30,102
10/04/2005,PDT,OR,ANM,WE,Federal Contract Tower,0,16,5,0,21,0,12,45,0,57,0,28,50,0,78,44,0,44,122
10/05/2005,PDT,OR,ANM,WE,Federal Contract Tower,0,16,3,0,19,0,4,35,4,43,0,20,38,4,62,30,0,30,92
10/06/2005,PDT,OR,ANM,WE,Federal Contract Tower,0,16,1,7,24,0,9,27,5,41,0,25,28,12,65,38,4,42,107
10/07/2005,PDT,OR,ANM,WE,Federal Contract Tower,0,16,0,0,16,0,2,16,2,20,0,18,16,2,36,4,0,4,40
10/08/2005,PDT,OR,ANM,WE,Federal Contract Tower,0,6,0,0,6,0,5,21,0,26,0,11,21,0,32,6,0,6,38
10/09/2005,PDT,OR,ANM,WE,Federal Contract Tower,0,4,2,0,6,0,0,22,0,22,0,4,24,0,28,18,0,18,46
10/10/2005,PDT,OR,ANM,WE,Federal Contract Tower,0,8,0,0,8,0,10,36,0,46,0,18,36,0,54,16,0,16,70
10/11/2005,PDT,OR,ANM,WE,Federal Contract Tower,0,20,4,0,24,0,6,38,4,48,0,26,42,4,72,8,0,8,80
10/12/2005,PDT,OR,ANM,WE,Federal Contract Tower,0,18,3,0,21,0,4,46,1,51,0,22,49,1,72,48,0,48,120
10/13/2005,PDT,OR,ANM,WE,Federal Contract Tower,0,17,2,0,19,0,7,33,0,40,0,24,35,0,59,48,0,48,107
10/14/2005,PDT,OR,ANM,WE,Federal Contract Tower,0,15,5,4,24,0,9,38,1,48,0,24,43,5,72,14,0,14,86
10/15/2005,PDT,OR,ANM,WE,Federal Contract Tower,0,9,9,2,20,0,3,19,16,38,0,12,28,18,58,30,0,30,88
10/16/2005,PDT,OR,ANM,WE,Federal Contract Tower,0,3,3,0,6,0,3,41,4,48,0,6,44,4,54,10,0,10,64
10/17/2005,PDT,OR,ANM,WE,Federal Contract Tower,0,12,3,0,15,0,8,39,0,47,0,20,42,0,62,12,0,12,74
10/18/2005,PDT,OR,ANM,WE,Federal Contract Tower,0,17,2,2,21,0,8,43,5,56,0,25,45,7,77,49,10,59,136
10/19/2005,PDT,OR,ANM,WE,Federal Contract Tower,0,18,2,0,20,0,4,32,0,36,0,22,34,0,56,22,0,22,78
10/20/2005,PDT,OR,ANM,WE,Federal Contract Tower,0,14,1,0,15,0,12,42,2,56,0,26,43,2,71,40,0,40,111
10/21/2005,PDT,OR,ANM,WE,Federal Contract Tower,0,14,4,0,18,0,12,36,2,50,0,26,40,2,68,26,0,26,94
10/22/2005,PDT,OR,ANM,WE,Federal Contract Tower,0,7,4,0,11,0,7,42,0,49,0,14,46,0,60,38,0,38,98
10/23/2005,PDT,OR,ANM,WE,Federal Contract Tower,0,4,1,0,5,0,0,14,0,14,0,4,15,0,19,0,0,0,19
10/24/2005,PDT,OR,ANM,WE,Federal Contract Tower,0,12,2,0,14,0,4,25,0,29,0,16,27,0,43,6,0,6,49
10/25/2005,PDT,OR,ANM,WE,Federal Contract Tower,0,18,4,5,27,0,4,21,1,26,0,22,25,6,53,4,18,22,75
10/26/2005,PDT,OR,ANM,WE,Federal Contract Tower,0,18,2,0,20,0,4,16,4,24,0,22,18,4,44,6,16,22,66
10/27/2005,PDT,OR,ANM,WE,Federal Contract Tower,0,18,4,0,22,0,4,33,2,39,0,22,37,2,61,16,4,20,81
10/28/2005,PDT,OR,ANM,WE,Federal Contract Tower,0,18,2,2,22,0,4,31,6,41,0,22,33,8,63,12,6,18,81
10/29/2005,PDT,OR,ANM,WE,Federal Contract Tower,0,7,4,0,11,0,1,27,0,28,0,8,31,0,39,4,0,4,43
10/30/2005,PDT,OR,ANM,WE,Federal Contract Tower,0,4,2,0,6,0,0,25,0,25,0,4,27,0,31,10,0,10,41
10/31/2005,PDT,OR,ANM,WE,Federal Contract Tower,0,14,0,0,14,0,0,7,0,7,0,14,7,0,21,2,0,2,23
11/01/2005,PDT,OR,ANM,WE,Federal Contract Tower,0,16,4,0,20,0,6,5,0,11,0,22,9,0,31,0,0,0,31
11/02/2005,PDT,OR,ANM,WE,Federal Contract Tower,0,17,0,3,20,0,7,22,1,30,0,24,22,4,50,22,10,32,82
11/03/2005,PDT,OR,ANM,WE,Federal Contract Tower,0,19,3,0,22,0,7,43,0,50,0,26,46,0,72,12,0,12,84
11/04/2005,PDT,OR,ANM,WE,Federal Contract Tower,0,18,7,0,25,0,2,6,0,8,0,20,13,0,33,0,0,0,33
11/05/2005,PDT,OR,ANM,WE,Federal Contract Tower,0,9,2,0,11,0,1,8,0,9,0,10,10,0,20,12,0,12,32
11/06/2005,PDT,OR,ANM,WE,Federal Contract Tower,0,4,5,0,9,0,0,27,0,27,0,4,32,0,36,20,0,20,56
11/07/2005,PDT,OR,ANM,WE,Federal Contract Tower,0,17,2,0,19,0,5,9,2,16,0,22,11,2,35,2,0,2,37
11/08/2005,PDT,OR,ANM,WE,Federal Contract Tower,0,16,6,0,22,0,6,36,6,48,0,22,42,6,70,8,2,10,80
11/09/2005,PDT,OR,ANM,WE,Federal Contract Tower,0,22,13,0,35,0,2,33,0,35,0,24,46,0,70,8,0,8,78
11/10/2005,PDT,OR,ANM,WE,Federal Contract Tower,0,14,3,0,17,0,6,17,2,25,0,20,20,2,42,0,0,0,42
11/11/2005,PDT,OR,ANM,WE,Federal Contract Tower,0,14,5,0,19,0,2,14,0,16,0,16,19,0,35,14,0,14,49
11/12/2005,PDT,OR,ANM,WE,Federal Contract Tower,0,5,1,0,6,0,3,27,0,30,0,8,28,0,36,6,0,6,42
11/13/2005,PDT,OR,ANM,WE,Federal Contract Tower,0,6,2,0,8,0,0,18,0,18,0,6,20,0,26,8,0,8,34
11/14/2005,PDT,OR,ANM,WE,Federal Contract Tower,0,15,3,0,18,0,11,37,0,48,0,26,40,0,66,18,0,18,84
11/15/2005,PDT,OR,ANM,WE,Federal Contract Tower,0,14,0,0,14,0,12,28,0,40,0,26,28,0,54,30,0,30,84
11/16/2005,PDT,OR,ANM,WE,Federal Contract Tower,0,15,8,0,23,0,9,30,2,41,0,24,38,2,64,4,0,4,68
11/17/2005,PDT,OR,ANM,WE,Federal Contract Tower,0,16,9,2,27,0,8,16,4,28,0,24,25,6,55,10,6,16,71
11/18/2005,PDT,OR,ANM,WE,Federal Contract Tower,0,14,2,1,17,0,2,4,0,6,0,16,6,1,23,2,0,2,25
11/19/2005,PDT,OR,ANM,WE,Federal Contract Tower,0,6,3,0,9,0,0,0,0,0,0,6,3,0,9,1,0,1,10
11/20/2005,PDT,OR,ANM,WE,Federal Contract Tower,0,4,4,0,8,0,2,0,0,2,0,6,4,0,10,0,0,0,10
11/21/2005,PDT,OR,ANM,WE,Federal Contract Tower,0,16,2,0,18,0,0,6,0,6,0,16,8,0,24,0,0,0,24
11/22/2005,PDT,OR,ANM,WE,Federal Contract Tower,0,22,5,0,27,0,0,1,0,1,0,22,6,0,28,0,0,0,28
11/23/2005,PDT,OR,ANM,WE,Federal Contract Tower,0,20,2,0,22,0,0,0,0,0,0,20,2,0,22,0,0,0,22
11/24/2005,PDT,OR,ANM,WE,Federal Contract Tower,0,4,2,0,6,0,0,0,0,0,0,4,2,0,6,0,0,0,6
11/25/2005,PDT,OR,ANM,WE,Federal Contract Tower,0,11,0,0,11,0,0,0,0,0,0,11,0,0,11,0,0,0,11
11/26/2005,PDT,OR,ANM,WE,Federal Contract Tower,0,12,2,0,14,0,4,10,0,14,0,16,12,0,28,16,0,16,44
11/27/2005,PDT,OR,ANM,WE,Federal Contract Tower,0,6,1,0,7,0,4,19,0,23,0,10,20,0,30,14,0,14,44
11/28/2005,PDT,OR,ANM,WE,Federal Contract Tower,0,13,6,0,19,0,7,4,0,11,0,20,10,0,30,20,0,20,50
11/29/2005,PDT,OR,ANM,WE,Federal Contract Tower,0,15,5,0,20,0,7,12,0,19,0,22,17,0,39,6,0,6,45
11/30/2005,PDT,OR,ANM,WE,Federal Contract Tower,0,22,4,0,26,0,2,10,0,12,0,24,14,0,38,16,0,16,54
12/01/2005,PDT,OR,ANM,WE,Federal Contract Tower,0,15,1,0,16,0,5,7,0,12,0,20,8,0,28,8,0,8,36
12/02/2005,PDT,OR,ANM,WE,Federal Contract Tower,0,17,2,0,19,0,7,26,0,33,0,24,28,0,52,12,0,12,64
12/03/2005,PDT,OR,ANM,WE,Federal Contract Tower,0,6,5,0,11,0,2,13,0,15,0,8,18,0,26,12,0,12,38
12/04/2005,PDT,OR,ANM,WE,Federal Contract Tower,0,6,0,0,6,0,0,7,2,9,0,6,7,2,15,6,14,20,35
12/05/2005,PDT,OR,ANM,WE,Federal Contract Tower,0,14,2,2,18,0,6,25,0,31,0,20,27,2,49,8,0,8,57
12/06/2005,PDT,OR,ANM,WE,Federal Contract Tower,0,18,2,0,20,0,4,20,0,24,0,22,22,0,44,10,0,10,54
12/07/2005,PDT,OR,ANM,WE,Federal Contract Tower,0,18,2,0,20,0,6,11,0,17,0,24,13,0,37,8,0,8,45
12/08/2005,PDT,OR,ANM,WE,Federal Contract Tower,0,14,2,0,16,0,14,38,4,56,0,28,40,4,72,12,0,12,84
12/09/2005,PDT,OR,ANM,WE,Federal Contract Tower,0,14,0,0,14,0,12,30,0,42,0,26,30,0,56,14,0,14,70
12/10/2005,PDT,OR,ANM,WE,Federal Contract Tower,0,6,3,0,9,0,0,2,0,2,0,6,5,0,11,0,0,0,11
12/11/2005,PDT,OR,ANM,WE,Federal Contract Tower,0,4,0,0,4,0,0,2,0,2,0,4,2,0,6,2,0,2,8
12/12/2005,PDT,OR,ANM,WE,Federal Contract Tower,0,2,0,0,2,0,0,0,0,0,0,2,0,0,2,0,0,0,2
12/13/2005,PDT,OR,ANM,WE,Federal Contract Tower,0,20,4,2,26,0,0,9,0,9,0,20,13,2,35,10,24,34,69
12/14/2005,PDT,OR,ANM,WE,Federal Contract Tower,0,10,0,0,10,0,0,0,0,0,0,10,0,0,10,0,0,0,10
12/15/2005,PDT,OR,ANM,WE,Federal Contract Tower,0,22,10,0,32,0,0,0,0,0,0,22,10,0,32,0,0,0,32
12/16/2005,PDT,OR,ANM,WE,Federal Contract Tower,0,20,2,2,24,0,0,0,0,0,0,20,2,2,24,0,0,0,24
12/17/2005,PDT,OR,ANM,WE,Federal Contract Tower,0,11,0,0,11,0,0,2,0,2,0,11,2,0,13,0,0,0,13
12/18/2005,PDT,OR,ANM,WE,Federal Contract Tower,0,2,0,0,2,0,0,0,0,0,0,2,0,0,2,0,0,0,2
12/19/2005,PDT,OR,ANM,WE,Federal Contract Tower,0,12,0,0,12,0,0,1,0,1,0,12,1,0,13,0,0,0,13
12/20/2005,PDT,OR,ANM,WE,Federal Contract Tower,0,10,2,0,12,0,0,0,0,0,0,10,2,0,12,0,0,0,12
12/21/2005,PDT,OR,ANM,WE,Federal Contract Tower,0,2,0,0,2,0,0,0,0,0,0,2,0,0,2,0,0,0,2
12/22/2005,PDT,OR,ANM,WE,Federal Contract Tower,0,17,4,0,21,0,3,2,0,5,0,20,6,0,26,0,0,0,26
12/23/2005,PDT,OR,ANM,WE,Federal Contract Tower,0,22,3,0,25,0,2,13,0,15,0,24,16,0,40,0,0,0,40
12/24/2005,PDT,OR,ANM,WE,Federal Contract Tower,0,5,0,0,5,0,5,13,0,18,0,10,13,0,23,0,0,0,23
12/25/2005,PDT,OR,ANM,WE,Federal Contract Tower,0,4,4,0,8,0,4,2,0,6,0,8,6,0,14,0,0,0,14
12/26/2005,PDT,OR,ANM,WE,Federal Contract Tower,0,6,1,0,7,0,0,5,0,5,0,6,6,0,12,0,0,0,12
12/27/2005,PDT,OR,ANM,WE,Federal Contract Tower,0,18,2,0,20,0,0,12,0,12,0,18,14,0,32,4,0,4,36
12/28/2005,PDT,OR,ANM,WE,Federal Contract Tower,0,21,0,0,21,0,0,1,0,1,0,21,1,0,22,0,0,0,22
12/29/2005,PDT,OR,ANM,WE,Federal Contract Tower,0,18,4,0,22,0,3,18,0,21,0,21,22,0,43,44,0,44,87
12/30/2005,PDT,OR,ANM,WE,Federal Contract Tower,0,18,0,0,18,0,4,0,0,4,0,22,0,0,22,0,0,0,22
12/31/2005,PDT,OR,ANM,WE,Federal Contract Tower,0,12,0,0,12,0,2,14,0,16,0,14,14,0,28,22,0,22,50
01/01/2006,PDT,OR,ANM,WE,Federal Contract Tower,0,4,0,0,4,0,0,8,0,8,0,4,8,0,12,4,0,4,16
01/02/2006,PDT,OR,ANM,WE,Federal Contract Tower,0,6,3,0,9,0,2,27,0,29,0,8,30,0,38,18,0,18,56
01/03/2006,PDT,OR,ANM,WE,Federal Contract Tower,0,16,4,0,20,0,5,21,0,26,0,21,25,0,46,0,0,0,46
01/04/2006,PDT,OR,ANM,WE,Federal Contract Tower,0,17,2,0,19,0,7,23,0,30,0,24,25,0,49,0,0,0,49
01/05/2006,PDT,OR,ANM,WE,Federal Contract Tower,0,15,5,0,20,0,5,27,4,36,0,20,32,4,56,0,16,16,72
01/06/2006,PDT,OR,ANM,WE,Federal Contract Tower,0,14,3,0,17,0,6,23,0,29,0,20,26,0,46,12,0,12,58
01/07/2006,PDT,OR,ANM,WE,Federal Contract Tower,0,8,3,2,13,0,2,17,2,21,0,10,20,4,34,24,8,32,66
01/08/2006,PDT,OR,ANM,WE,Federal Contract Tower,0,4,1,1,6,0,2,25,1,28,0,6,26,2,34,16,0,16,50
01/09/2006,PDT,OR,ANM,WE,Federal Contract Tower,0,15,0,0,15,0,5,14,0,19,0,20,14,0,34,0,0,0,34
01/10/2006,PDT,OR,ANM,WE,Federal Contract Tower,0,17,0,0,17,0,5,16,0,21,0,22,16,0,38,8,0,8,46
01/11/2006,PDT,OR,ANM,WE,Federal Contract Tower,0,17,2,0,19,0,5,8,0,13,0,22,10,0,32,0,0,0,32
01/12/2006,PDT,OR,ANM,WE,Federal Contract Tower,0,16,0,0,16,0,8,18,0,26,0,24,18,0,42,7,0,7,49
01/13/2006,PDT,OR,ANM,WE,Federal Contract Tower,0,17,1,0,18,0,9,17,0,26,0,26,18,0,44,8,0,8,52
01/14/2006,PDT,OR,ANM,WE,Federal Contract Tower,0,10,1,0,11,0,6,11,0,17,0,16,12,0,28,2,0,2,30
01/15/2006,PDT,OR,ANM,WE,Federal Contract Tower,0,4,2,0,6,0,0,3,0,3,0,4,5,0,9,0,0,0,9
01/16/2006,PDT,OR,ANM,WE,Federal Contract Tower,0,10,0,2,12,0,0,2,0,2,0,10,2,2,14,0,0,0,14
01/17/2006,PDT,OR,ANM,WE,Federal Contract Tower,0,17,0,0,17,0,7,10,0,17,0,24,10,0,34,6,0,6,40
01/18/2006,PDT,OR,ANM,WE,Federal Contract Tower,0,20,10,0,30,0,10,12,0,22,0,30,22,0,52,10,0,10,62
01/19/2006,PDT,OR,ANM,WE,Federal Contract Tower,0,20,3,0,23,0,8,17,0,25,0,28,20,0,48,14,0,14,62
01/20/2006,PDT,OR,ANM,WE,Federal Contract Tower,0,19,2,0,21,0,3,14,0,17,0,22,16,0,38,10,0,10,48
01/21/2006,PDT,OR,ANM,WE,Federal Contract Tower,0,7,2,0,9,0,1,16,0,17,0,8,18,0,26,6,0,6,32
01/22/2006,PDT,OR,ANM,WE,Federal Contract Tower,0,7,1,0,8,0,0,17,0,17,0,7,18,0,25,14,0,14,39
01/23/2006,PDT,OR,ANM,WE,Federal Contract Tower,0,17,5,0,22,0,9,19,0,28,0,26,24,0,50,10,0,10,60
01/24/2006,PDT,OR,ANM,WE,Federal Contract Tower,0,21,2,0,23,0,5,29,0,34,0,26,31,0,57,14,0,14,71
01/25/2006,PDT,OR,ANM,WE,Federal Contract Tower,0,12,4,1,17,0,6,10,1,17,0,18,14,2,34,6,2,8,42
01/26/2006,PDT,OR,ANM,WE,Federal Contract Tower,0,17,3,0,20,0,9,33,0,42,0,26,36,0,62,14,0,14,76
01/27/2006,PDT,OR,ANM,WE,Federal Contract Tower,0,17,1,1,19,0,5,6,0,11,0,22,7,1,30,0,0,0,30
01/28/2006,PDT,OR,ANM,WE,Federal Contract Tower,0,9,0,0,9,0,0,1,0,1,0,9,1,0,10,0,0,0,10
01/29/2006,PDT,OR,ANM,WE,Federal Contract Tower,0,5,5,0,10,0,0,5,0,5,0,5,10,0,15,4,0,4,19
01/30/2006,PDT,OR,ANM,WE,Federal Contract Tower,0,20,1,0,21,0,3,13,0,16,0,23,14,0,37,0,0,0,37
01/31/2006,PDT,OR,ANM,WE,Federal Contract Tower,0,17,2,4,23,0,9,14,0,23,0,26,16,4,46,0,0,0,46
02/01/2006,PDT,OR,ANM,WE,Federal Contract Tower,0,19,0,0,19,0,9,22,8,39,0,28,22,8,58,10,24,34,92
02/02/2006,PDT,OR,ANM,WE,Federal Contract Tower,0,15,4,0,19,0,3,24,1,28,0,18,28,1,47,14,0,14,61
02/03/2006,PDT,OR,ANM,WE,Federal Contract Tower,0,13,0,1,14,0,7,18,9,34,0,20,18,10,48,6,0,6,54
02/04/2006,PDT,OR,ANM,WE,Federal Contract Tower,0,9,0,0,9,0,1,4,0,5,0,10,4,0,14,6,0,6,20
02/05/2006,PDT,OR,ANM,WE,Federal Contract Tower,0,4,0,0,4,0,0,15,0,15,0,4,15,0,19,16,0,16,35
02/06/2006,PDT,OR,ANM,WE,Federal Contract Tower,0,13,8,0,21,0,11,34,0,45,0,24,42,0,66,16,0,16,82
02/07/2006,PDT,OR,ANM,WE,Federal Contract Tower,0,15,3,0,18,0,11,41,0,52,0,26,44,0,70,30,0,30,100
02/08/2006,PDT,OR,ANM,WE,Federal Contract Tower,0,12,3,4,19,0,6,20,3,29,0,18,23,7,48,12,0,12,60
02/09/2006,PDT,OR,ANM,WE,Federal Contract Tower,0,18,7,0,25,0,4,11,0,15,0,22,18,0,40,0,0,0,40
02/10/2006,PDT,OR,ANM,WE,Federal Contract Tower,0,13,0,0,13,0,6,19,0,25,0,19,19,0,38,6,0,6,44
02/11/2006,PDT,OR,ANM,WE,Federal Contract Tower,0,10,2,0,12,0,4,26,0,30,0,14,28,0,42,12,0,12,54
02/12/2006,PDT,OR,ANM,WE,Federal Contract Tower,0,4,3,0,7,0,0,31,0,31,0,4,34,0,38,6,0,6,44
02/13/2006,PDT,OR,ANM,WE,Federal Contract Tower,0,16,0,0,16,0,2,22,0,24,0,18,22,0,40,4,0,4,44
02/14/2006,PDT,OR,ANM,WE,Federal Contract Tower,0,16,2,0,18,0,6,15,0,21,0,22,17,0,39,2,0,2,41
02/15/2006,PDT,OR,ANM,WE,Federal Contract Tower,0,14,0,0,14,0,4,11,0,15,0,18,11,0,29,0,0,0,29
02/16/2006,PDT,OR,ANM,WE,Federal Contract Tower,0,15,0,0,15,0,9,18,0,27,0,24,18,0,42,14,0,14,56
02/17/2006,PDT,OR,ANM,WE,Federal Contract Tower,0,10,0,0,10,0,5,13,0,18,0,15,13,0,28,0,0,0,28
02/18/2006,PDT,OR,ANM,WE,Federal Contract Tower,0,6,1,0,7,0,8,27,0,35,0,14,28,0,42,10,0,10,52
02/19/2006,PDT,OR,ANM,WE,Federal Contract Tower,0,5,1,0,6,0,1,35,0,36,0,6,36,0,42,10,0,10,52
02/20/2006,PDT,OR,ANM,WE,Federal Contract Tower,0,12,0,0,12,0,0,14,0,14,0,12,14,0,26,6,0,6,32
02/21/2006,PDT,OR,ANM,WE,Federal Contract Tower,0,14,0,0,14,0,0,17,0,17,0,14,17,0,31,8,0,8,39
02/22/2006,PDT,OR,ANM,WE,Federal Contract Tower,0,18,2,0,20,0,0,19,0,19,0,18,21,0,39,4,0,4,43
02/23/2006,PDT,OR,ANM,WE,Federal Contract Tower,0,17,3,0,20,0,7,10,0,17,0,24,13,0,37,8,0,8,45
02/24/2006,PDT,OR,ANM,WE,Federal Contract Tower,0,11,0,0,11,0,7,14,0,21,0,18,14,0,32,6,0,6,38
02/25/2006,PDT,OR,ANM,WE,Federal Contract Tower,0,7,2,0,9,0,5,34,0,39,0,12,36,0,48,18,0,18,66
02/26/2006,PDT,OR,ANM,WE,Federal Contract Tower,0,4,4,0,8,0,0,8,0,8,0,4,12,0,16,0,0,0,16
02/27/2006,PDT,OR,ANM,WE,Federal Contract Tower,0,13,4,2,19,0,5,18,0,23,0,18,22,2,42,0,0,0,42
02/28/2006,PDT,OR,ANM,WE,Federal Contract Tower,0,19,5,2,26,0,3,3,0,6,0,22,8,2,32,0,0,0,32
03/01/2006,PDT,OR,ANM,WE,Federal Contract Tower,0,13,6,0,19,0,11,36,6,53,0,24,42,6,72,20,0,20,92
03/02/2006,PDT,OR,ANM,WE,Federal Contract Tower,0,18,1,0,19,0,8,29,4,41,0,26,30,4,60,8,0,8,68
03/03/2006,PDT,OR,ANM,WE,Federal Contract Tower,0,14,2,0,16,0,12,32,8,52,0,26,34,8,68,20,0,20,88
03/04/2006,PDT,OR,ANM,WE,Federal Contract Tower,0,9,2,0,11,0,1,10,4,15,0,10,12,4,26,0,0,0,26
03/05/2006,PDT,OR,ANM,WE,Federal Contract Tower,0,4,2,0,6,0,0,0,0,0,0,4,2,0,6,0,0,0,6
03/06/2006,PDT,OR,ANM,WE,Federal Contract Tower,0,13,0,3,16,0,1,1,1,3,0,14,1,4,19,0,18,18,37
03/07/2006,PDT,OR,ANM,WE,Federal Contract Tower,0,15,4,0,19,0,9,18,0,27,0,24,22,0,46,6,0,6,52
03/08/2006,PDT,OR,ANM,WE,Federal Contract Tower,0,19,2,2,23,0,9,26,0,35,0,28,28,2,58,8,0,8,66
03/09/2006,PDT,OR,ANM,WE,Federal Contract Tower,0,15,5,0,20,0,11,25,0,36,0,26,30,0,56,8,0,8,64
03/10/2006,PDT,OR,ANM,WE,Federal Contract Tower,0,11,3,0,14,0,7,16,0,23,0,18,19,0,37,10,0,10,47
03/11/2006,PDT,OR,ANM,WE,Federal Contract Tower,0,8,6,0,14,0,2,15,0,17,0,10,21,0,31,4,0,4,35
03/12/2006,PDT,OR,ANM,WE,Federal Contract Tower,0,4,0,0,4,0,0,11,0,11,0,4,11,0,15,6,0,6,21
03/13/2006,PDT,OR,ANM,WE,Federal Contract Tower,0,12,2,0,14,0,8,22,0,30,0,20,24,0,44,4,0,4,48
03/14/2006,PDT,OR,ANM,WE,Federal Contract Tower,0,15,3,0,18,0,7,17,0,24,0,22,20,0,42,8,0,8,50
03/15/2006,PDT,OR,ANM,WE,Federal Contract Tower,0,15,1,0,16,0,7,27,0,34,0,22,28,0,50,8,0,8,58
03/16/2006,PDT,OR,ANM,WE,Federal Contract Tower,0,15,2,0,17,0,5,13,0,18,0,20,15,0,35,2,0,2,37
03/17/2006,PDT,OR,ANM,WE,Federal Contract Tower,0,17,4,0,21,0,3,17,0,20,0,20,21,0,41,6,0,6,47
03/18/2006,PDT,OR,ANM,WE,Federal Contract Tower,0,8,1,0,9,0,2,16,0,18,0,10,17,0,27,6,0,6,33
03/19/2006,PDT,OR,ANM,WE,Federal Contract Tower,0,4,4,2,10,0,0,26,8,34,0,4,30,10,44,10,0,10,54
03/20/2006,PDT,OR,ANM,WE,Federal Contract Tower,0,13,7,0,20,0,9,33,0,42,0,22,40,0,62,18,0,18,80
03/21/2006,PDT,OR,ANM,WE,Federal Contract Tower,0,15,5,0,20,0,9,21,0,30,0,24,26,0,50,16,0,16,66
03/22/2006,PDT,OR,ANM,WE,Federal Contract Tower,0,15,1,0,16,0,3,28,0,31,0,18,29,0,47,6,0,6,53
03/23/2006,PDT,OR,ANM,WE,Federal Contract Tower,0,15,7,0,22,0,7,24,0,31,0,22,31,0,53,8,0,8,61
03/24/2006,PDT,OR,ANM,WE,Federal Contract Tower,0,13,1,0,14,0,9,21,0,30,0,22,22,0,44,14,0,14,58
03/25/2006,PDT,OR,ANM,WE,Federal Contract Tower,0,10,1,0,11,0,0,5,0,5,0,10,6,0,16,0,0,0,16
03/26/2006,PDT,OR,ANM,WE,Federal Contract Tower,0,4,2,0,6,0,2,18,0,20,0,6,20,0,26,20,0,20,46
03/27/2006,PDT,OR,ANM,WE,Federal Contract Tower,0,15,0,0,15,0,1,16,0,17,0,16,16,0,32,12,0,12,44
03/28/2006,PDT,OR,ANM,WE,Federal Contract Tower,0,18,0,0,18,0,5,20,1,26,0,23,20,1,44,22,0,22,66
03/29/2006,PDT,OR,ANM,WE,Federal Contract Tower,0,16,3,0,19,0,4,19,0,23,0,20,22,0,42,16,0,16,58
03/30/2006,PDT,OR,ANM,WE,Federal Contract Tower,0,16,0,0,16,0,4,21,0,25,0,20,21,0,41,16,0,16,57
03/31/2006,PDT,OR,ANM,WE,Federal Contract Tower,0,16,0,0,16,0,4,30,0,34,0,20,30,0,50,12,0,12,62
04/01/2006,PDT,OR,ANM,WE,Federal Contract Tower,0,10,1,0,11,0,4,23,0,27,0,14,24,0,38,18,0,18,56
04/02/2006,PDT,OR,ANM,WE,Federal Contract Tower,0,4,1,0,5,0,4,23,0,27,0,8,24,0,32,8,0,8,40
04/03/2006,PDT,OR,ANM,WE,Federal Contract Tower,0,15,1,0,16,0,5,14,2,21,0,20,15,2,37,4,0,4,41
04/04/2006,PDT,OR,ANM,WE,Federal Contract Tower,0,17,0,2,19,0,3,2,4,9,0,20,2,6,28,2,24,26,54
04/05/2006,PDT,OR,ANM,WE,Federal Contract Tower,0,18,2,2,22,0,2,4,0,6,0,20,6,2,28,0,0,0,28
04/06/2006,PDT,OR,ANM,WE,Federal Contract Tower,0,14,4,0,18,0,6,25,0,31,0,20,29,0,49,10,0,10,59
04/07/2006,PDT,OR,ANM,WE,Federal Contract Tower,0,14,3,0,17,0,6,51,0,57,0,20,54,0,74,20,0,20,94
04/08/2006,PDT,OR,ANM,WE,Federal Contract Tower,0,7,4,0,11,0,1,22,0,23,0,8,26,0,34,16,0,16,50
04/09/2006,PDT,OR,ANM,WE,Federal Contract Tower,0,4,3,0,7,0,0,43,0,43,0,4,46,0,50,14,0,14,64
04/10/2006,PDT,OR,ANM,WE,Federal Contract Tower,0,14,10,0,24,0,6,17,1,24,0,20,27,1,48,0,0,0,48
04/11/2006,PDT,OR,ANM,WE,Federal Contract Tower,0,15,6,0,21,0,7,29,2,38,0,22,35,2,59,31,0,31,90
04/12/2006,PDT,OR,ANM,WE,Federal Contract Tower,0,13,12,0,25,0,11,43,0,54,0,24,55,0,79,35,0,35,114
04/13/2006,PDT,OR,ANM,WE,Federal Contract Tower,0,14,7,2,23,0,8,35,10,53,0,22,42,12,76,80,22,102,178
04/14/2006,PDT,OR,ANM,WE,Federal Contract Tower,0,16,1,0,17,0,2,31,0,33,0,18,32,0,50,14,0,14,64
04/15/2006,PDT,OR,ANM,WE,Federal Contract Tower,0,10,0,0,10,0,0,6,0,6,0,10,6,0,16,2,0,2,18
04/16/2006,PDT,OR,ANM,WE,Federal Contract Tower,0,4,3,0,7,0,0,16,0,16,0,4,19,0,23,2,0,2,25
04/17/2006,PDT,OR,ANM,WE,Federal Contract Tower,0,14,4,0,18,0,6,31,0,37,0,20,35,0,55,10,0,10,65
04/18/2006,PDT,OR,ANM,WE,Federal Contract Tower,0,11,4,0,15,0,11,77,0,88,0,22,81,0,103,8,0,8,111
04/19/2006,PDT,OR,ANM,WE,Federal Contract Tower,0,13,7,2,22,0,13,105,2,120,0,26,112,4,142,38,0,38,180
04/20/2006,PDT,OR,ANM,WE,Federal Contract Tower,0,13,0,1,14,0,13,84,11,108,0,26,84,12,122,20,12,32,154
04/21/2006,PDT,OR,ANM,WE,Federal Contract Tower,0,14,0,4,18,0,4,5,10,19,0,18,5,14,37,0,0,0,37
04/22/2006,PDT,OR,ANM,WE,Federal Contract Tower,0,6,2,0,8,0,4,31,0,35,0,10,33,0,43,8,0,8,51
04/23/2006,PDT,OR,ANM,WE,Federal Contract Tower,0,4,5,0,9,0,4,31,0,35,0,8,36,0,44,10,0,10,54
04/24/2006,PDT,OR,ANM,WE,Federal Contract Tower,0,11,3,0,14,0,11,35,0,46,0,22,38,0,60,4,0,4,64
04/25/2006,PDT,OR,ANM,WE,Federal Contract Tower,0,13,8,0,21,0,7,42,2,51,0,20,50,2,72,30,0,30,102
04/26/2006,PDT,OR,ANM,WE,Federal Contract Tower,0,13,2,0,15,0,9,28,2,39,0,22,30,2,54,12,0,12,66
04/27/2006,PDT,OR,ANM,WE,Federal Contract Tower,0,13,2,0,15,0,5,39,1,45,0,18,41,1,60,12,0,12,72
04/28/2006,PDT,OR,ANM,WE,Federal Contract Tower,0,11,1,0,12,0,7,30,0,37,0,18,31,0,49,28,0,28,77
04/29/2006,PDT,OR,ANM,WE,Federal Contract Tower,0,7,4,0,11,0,3,17,0,20,0,10,21,0,31,22,0,22,53
04/30/2006,PDT,OR,ANM,WE,Federal Contract Tower,0,4,1,0,5,0,0,29,0,29,0,4,30,0,34,24,0,24,58
05/01/2006,PDT,OR,ANM,WE,Federal Contract Tower,0,10,4,1,15,0,12,28,11,51,0,22,32,12,66,20,14,34,100
05/02/2006,PDT,OR,ANM,WE,Federal Contract Tower,0,12,3,2,17,0,12,33,2,47,0,24,36,4,64,28,30,58,122
05/03/2006,PDT,OR,ANM,WE,Federal Contract Tower,0,17,3,2,22,0,5,30,3,38,0,22,33,5,60,8,0,8,68
05/04/2006,PDT,OR,ANM,WE,Federal Contract Tower,0,11,10,2,23,0,11,56,4,71,0,22,66,6,94,44,0,44,138
05/05/2006,PDT,OR,ANM,WE,Federal Contract Tower,0,13,4,1,18,0,13,34,3,50,0,26,38,4,68,16,0,16,84
05/06/2006,PDT,OR,ANM,WE,Federal Contract Tower,0,6,6,1,13,0,6,23,6,35,0,12,29,7,48,4,4,8,56
05/07/2006,PDT,OR,ANM,WE,Federal Contract Tower,0,4,2,3,9,0,2,26,3,31,0,6,28,6,40,8,0,8,48
05/08/2006,PDT,OR,ANM,WE,Federal Contract Tower,0,11,5,0,16,0,11,25,6,42,0,22,30,6,58,12,0,12,70
05/09/2006,PDT,OR,ANM,WE,Federal Contract Tower,0,12,11,2,25,0,8,51,0,59,0,20,62,2,84,30,2,32,116
05/10/2006,PDT,OR,ANM,WE,Federal Contract Tower,0,14,2,0,16,0,8,40,6,54,0,22,42,6,70,8,14,22,92
05/11/2006,PDT,OR,ANM,WE,Federal Contract Tower,0,14,2,0,16,0,6,39,8,53,0,20,41,8,69,16,20,36,105
05/12/2006,PDT,OR,ANM,WE,Federal Contract Tower,0,13,1,1,15,0,15,28,5,48,0,28,29,6,63,2,22,24,87
05/13/2006,PDT,OR,ANM,WE,Federal Contract Tower,0,8,4,0,12,0,6,42,2,50,0,14,46,2,62,14,0,14,76
05/14/2006,PDT,OR,ANM,WE,Federal Contract Tower,0,4,1,0,5,0,2,39,0,41,0,6,40,0,46,12,0,12,58
05/15/2006,PDT,OR,ANM,WE,Federal Contract Tower,0,7,4,2,13,0,7,17,4,28,0,14,21,6,41,0,10,10,51
05/16/2006,PDT,OR,ANM,WE,Federal Contract Tower,0,13,1,6,20,0,8,32,2,42,0,21,33,8,62,0,20,20,82
05/17/2006,PDT,OR,ANM,WE,Federal Contract Tower,0,12,6,4,22,0,16,33,5,54,0,28,39,9,76,26,4,30,106
05/18/2006,PDT,OR,ANM,WE,Federal Contract Tower,0,14,6,0,20,0,12,33,7,52,0,26,39,7,72,18,0,18,90
05/19/2006,PDT,OR,ANM,WE,Federal Contract Tower,0,13,2,2,17,0,13,52,6,71,0,26,54,8,88,44,4,48,136
05/20/2006,PDT,OR,ANM,WE,Federal Contract Tower,0,8,3,0,11,0,6,29,14,49,0,14,32,14,60,50,26,76,136
05/21/2006,PDT,OR,ANM,WE,Federal Contract Tower,0,4,3,2,9,0,6,56,0,62,0,10,59,2,71,22,0,22,93
05/22/2006,PDT,OR,ANM,WE,Federal Contract Tower,0,14,1,0,15,0,0,23,0,23,0,14,24,0,38,16,0,16,54
05/23/2006,PDT,OR,ANM,WE,Federal Contract Tower,0,17,2,0,19,0,7,24,0,31,0,24,26,0,50,14,0,14,64
05/24/2006,PDT,OR,ANM,WE,Federal Contract Tower,0,15,0,2,17,0,7,26,1,34,0,22,26,3,51,4,0,4,55
05/25/2006,PDT,OR,ANM,WE,Federal Contract Tower,0,14,13,0,27,0,14,45,12,71,0,28,58,12,98,20,24,44,142
05/26/2006,PDT,OR,ANM,WE,Federal Contract Tower,0,15,5,2,22,0,11,43,0,54,0,26,48,2,76,14,0,14,90
05/27/2006,PDT,OR,ANM,WE,Federal Contract Tower,0,10,2,0,12,0,6,12,0,18,0,16,14,0,30,8,0,8,38
05/28/2006,PDT,OR,ANM,WE,Federal Contract Tower,0,4,2,0,6,0,0,0,0,0,0,4,2,0,6,0,0,0,6
05/29/2006,PDT,OR,ANM,WE,Federal Contract Tower,0,7,1,0,8,0,3,25,0,28,0,10,26,0,36,20,0,20,56
05/30/2006,PDT,OR,ANM,WE,Federal Contract Tower,0,9,4,0,13,0,15,38,4,57,0,24,42,4,70,26,0,26,96
05/31/2006,PDT,OR,ANM,WE,Federal Contract Tower,0,13,5,3,21,0,13,41,3,57,0,26,46,6,78,20,0,20,98
06/01/2006,PDT,OR,ANM,WE,Federal Contract Tower,0,16,4,3,23,0,12,27,2,41,0,28,31,5,64,18,0,18,82
06/02/2006,PDT,OR,ANM,WE,Federal Contract Tower,0,17,6,0,23,0,11,24,0,35,0,28,30,0,58,14,0,14,72
06/03/2006,PDT,OR,ANM,WE,Federal Contract Tower,0,7,7,0,14,0,1,17,0,18,0,8,24,0,32,22,0,22,54
06/04/2006,PDT,OR,ANM,WE,Federal Contract Tower,0,6,1,0,7,0,0,15,0,15,0,6,16,0,22,0,0,0,22
06/05/2006,PDT,OR,ANM,WE,Federal Contract Tower,0,10,6,0,16,0,10,36,4,50,0,20,42,4,66,6,10,16,82
06/06/2006,PDT,OR,ANM,WE,Federal Contract Tower,0,14,7,2,23,0,8,31,4,43,0,22,38,6,66,8,12,20,86
06/07/2006,PDT,OR,ANM,WE,Federal Contract Tower,0,15,3,4,22,0,11,47,4,62,0,26,50,8,84,10,8,18,102
06/08/2006,PDT,OR,ANM,WE,Federal Contract Tower,0,12,5,2,19,0,6,8,14,28,0,18,13,16,47,0,20,20,67
06/09/2006,PDT,OR,ANM,WE,Federal Contract Tower,0,11,3,3,17,0,7,24,4,35,0,18,27,7,52,0,10,10,62
06/10/2006,PDT,OR,ANM,WE,Federal Contract Tower,0,8,5,0,13,0,2,38,0,40,0,10,43,0,53,30,0,30,83
06/11/2006,PDT,OR,ANM,WE,Federal Contract Tower,0,4,0,0,4,0,0,42,0,42,0,4,42,0,46,12,0,12,58
06/12/2006,PDT,OR,ANM,WE,Federal Contract Tower,0,13,0,0,13,0,11,38,0,49,0,24,38,0,62,20,0,20,82
06/13/2006,PDT,OR,ANM,WE,Federal Contract Tower,0,15,5,0,20,0,11,27,10,48,0,26,32,10,68,12,56,68,136
06/14/2006,PDT,OR,ANM,WE,Federal Contract Tower,0,15,2,3,20,0,5,27,2,34,0,20,29,5,54,4,22,26,80
06/15/2006,PDT,OR,ANM,WE,Federal Contract Tower,0,14,2,0,16,0,6,25,2,33,0,20,27,2,49,8,2,10,59
06/16/2006,PDT,OR,ANM,WE,Federal Contract Tower,0,12,1,0,13,0,6,17,4,27,0,18,18,4,40,12,20,32,72
06/17/2006,PDT,OR,ANM,WE,Federal Contract Tower,0,7,7,0,14,0,5,37,0,42,0,12,44,0,56,22,0,22,78
06/18/2006,PDT,OR,ANM,WE,Federal Contract Tower,0,4,3,2,9,0,2,33,2,37,0,6,36,4,46,14,2,16,62
06/19/2006,PDT,OR,ANM,WE,Federal Contract Tower,0,10,2,0,12,0,8,36,0,44,0,18,38,0,56,14,0,14,70
06/20/2006,PDT,OR,ANM,WE,Federal Contract Tower,0,14,5,0,19,0,4,36,0,40,0,18,41,0,59,18,0,18,77
06/21/2006,PDT,OR,ANM,WE,Federal Contract Tower,0,12,4,5,21,0,6,35,1,42,0,18,39,6,63,24,0,24,87
06/22/2006,PDT,OR,ANM,WE,Federal Contract Tower,0,10,4,0,14,0,8,34,0,42,0,18,38,0,56,44,0,44,100
06/23/2006,PDT,OR,ANM,WE,Federal Contract Tower,0,12,2,0,14,0,6,37,0,43,0,18,39,0,57,38,0,38,95
06/24/2006,PDT,OR,ANM,WE,Federal Contract Tower,0,8,5,0,13,0,4,45,0,49,0,12,50,0,62,40,0,40,102
06/25/2006,PDT,OR,ANM,WE,Federal Contract Tower,0,4,2,0,6,0,2,26,8,36,0,6,28,8,42,12,6,18,60
06/26/2006,PDT,OR,ANM,WE,Federal Contract Tower,0,9,2,2,13,0,11,19,10,40,0,20,21,12,53,0,28,28,81
06/27/2006,PDT,OR,ANM,WE,Federal Contract Tower,0,12,1,1,14,0,10,21,33,64,0,22,22,34,78,18,0,18,96
06/28/2006,PDT,OR,ANM,WE,Federal Contract Tower,0,13,7,5,25,0,11,35,14,60,0,24,42,19,85,28,20,48,133
06/29/2006,PDT,OR,ANM,WE,Federal Contract Tower,0,14,3,0,17,0,6,41,4,51,0,20,44,4,68,34,2,36,104
06/30/2006,PDT,OR,ANM,WE,Federal Contract Tower,0,16,3,0,19,0,8,37,10,55,0,24,40,10,74,20,6,26,100
07/01/2006,PDT,OR,ANM,WE,Federal Contract Tower,0,7,1,0,8,0,3,35,0,38,0,10,36,0,46,30,0,30,76
07/02/2006,PDT,OR,ANM,WE,Federal Contract Tower,0,4,2,0,6,0,0,29,0,29,0,4,31,0,35,6,0,6,41
07/03/2006,PDT,OR,ANM,WE,Federal Contract Tower,0,11,2,0,13,0,5,40,0,45,0,16,42,0,58,12,0,12,70
07/04/2006,PDT,OR,ANM,WE,Federal Contract Tower,0,6,1,0,7,0,2,18,0,20,0,8,19,0,27,0,0,0,27
07/05/2006,PDT,OR,ANM,WE,Federal Contract Tower,0,15,2,0,17,0,5,35,1,41,0,20,37,1,58,16,0,16,74
07/06/2006,PDT,OR,ANM,WE,Federal Contract Tower,0,12,0,2,14,0,10,34,8,52,0,22,34,10,66,14,0,14,80
07/07/2006,PDT,OR,ANM,WE,Federal Contract Tower,0,11,5,0,16,0,13,33,8,54,0,24,38,8,70,20,2,22,92
07/08/2006,PDT,OR,ANM,WE,Federal Contract Tower,0,10,1,0,11,0,0,24,0,24,0,10,25,0,35,22,0,22,57
07/09/2006,PDT,OR,ANM,WE,Federal Contract Tower,0,7,2,0,9,0,0,35,0,35,0,7,37,0,44,10,0,10,54
07/10/2006,PDT,OR,ANM,WE,Federal Contract Tower,0,10,2,0,12,0,8,34,0,42,0,18,36,0,54,0,0,0,54
07/11/2006,PDT,OR,ANM,WE,Federal Contract Tower,0,13,2,0,15,0,9,31,2,42,0,22,33,2,57,8,0,8,65
07/12/2006,PDT,OR,ANM,WE,Federal Contract Tower,0,14,6,0,20,0,12,32,4,48,0,26,38,4,68,20,0,20,88
07/13/2006,PDT,OR,ANM,WE,Federal Contract Tower,0,10,1,0,11,0,8,29,0,37,0,18,30,0,48,12,0,12,60
07/14/2006,PDT,OR,ANM,WE,Federal Contract Tower,0,11,2,0,13,0,7,34,0,41,0,18,36,0,54,0,0,0,54
07/15/2006,PDT,OR,ANM,WE,Federal Contract Tower,0,7,2,0,9,0,3,41,9,53,0,10,43,9,62,4,2,6,68
07/16/2006,PDT,OR,ANM,WE,Federal Contract Tower,0,0,4,0,4,0,4,16,2,22,0,4,20,2,26,0,2,2,28
07/17/2006,PDT,OR,ANM,WE,Federal Contract Tower,0,11,4,0,15,0,11,25,3,39,0,22,29,3,54,6,0,6,60
07/18/2006,PDT,OR,ANM,WE,Federal Contract Tower,0,10,4,3,17,0,6,32,3,41,0,16,36,6,58,58,20,78,136
07/19/2006,PDT,OR,ANM,WE,Federal Contract Tower,0,14,1,0,15,0,4,29,4,37,0,18,30,4,52,14,0,14,66
07/20/2006,PDT,OR,ANM,WE,Federal Contract Tower,0,11,3,0,14,0,10,27,2,39,0,21,30,2,53,0,18,18,71
07/21/2006,PDT,OR,ANM,WE,Federal Contract Tower,0,13,6,0,19,0,5,35,8,48,0,18,41,8,67,0,26,26,93
07/22/2006,PDT,OR,ANM,WE,Federal Contract Tower,0,8,0,0,8,0,4,27,0,31,0,12,27,0,39,16,0,16,55
07/23/2006,PDT,OR,ANM,WE,Federal Contract Tower,0,4,3,0,7,0,0,16,0,16,0,4,19,0,23,8,0,8,31
07/24/2006,PDT,OR,ANM,WE,Federal Contract Tower,0,11,4,0,15,0,9,34,2,45,0,20,38,2,60,10,0,10,70
07/25/2006,PDT,OR,ANM,WE,Federal Contract Tower,0,11,4,0,15,0,13,40,2,55,0,24,44,2,70,20,0,20,90
07/26/2006,PDT,OR,ANM,WE,Federal Contract Tower,0,16,5,0,21,0,6,20,2,28,0,22,25,2,49,16,0,16,65
07/27/2006,PDT,OR,ANM,WE,Federal Contract Tower,0,15,5,3,23,0,5,35,9,49,0,20,40,12,72,10,6,16,88
07/28/2006,PDT,OR,ANM,WE,Federal Contract Tower,0,15,1,0,16,0,5,31,0,36,0,20,32,0,52,22,0,22,74
07/29/2006,PDT,OR,ANM,WE,Federal Contract Tower,0,8,4,0,12,0,4,38,5,47,0,12,42,5,59,8,12,20,79
07/30/2006,PDT,OR,ANM,WE,Federal Contract Tower,0,4,6,0,10,0,4,30,2,36,0,8,36,2,46,20,0,20,66
07/31/2006,PDT,OR,ANM,WE,Federal Contract Tower,0,9,4,0,13,0,11,56,2,69,0,20,60,2,82,10,0,10,92
08/01/2006,PDT,OR,ANM,WE,Federal Contract Tower,0,11,5,2,18,0,6,30,0,36,0,17,35,2,54,6,0,6,60
08/02/2006,PDT,OR,ANM,WE,Federal Contract Tower,0,12,2,0,14,0,6,43,5,54,0,18,45,5,68,0,6,6,74
08/03/2006,PDT,OR,ANM,WE,Federal Contract Tower,0,12,2,0,14,0,5,37,2,44,0,17,39,2,58,0,0,0,58
08/04/2006,PDT,OR,ANM,WE,Federal Contract Tower,0,12,2,0,14,0,4,15,1,20,0,16,17,1,34,0,0,0,34
08/05/2006,PDT,OR,ANM,WE,Federal Contract Tower,0,5,0,0,5,0,3,44,6,53,0,8,44,6,58,40,26,66,124
08/06/2006,PDT,OR,ANM,WE,Federal Contract Tower,0,4,4,0,8,0,0,40,2,42,0,4,44,2,50,18,0,18,68
08/07/2006,PDT,OR,ANM,WE,Federal Contract Tower,0,12,0,0,12,0,2,31,6,39,0,14,31,6,51,12,4,16,67
08/08/2006,PDT,OR,ANM,WE,Federal Contract Tower,0,14,1,0,15,0,8,32,3,43,0,22,33,3,58,8,0,8,66
08/09/2006,PDT,OR,ANM,WE,Federal Contract Tower,0,15,4,0,19,0,11,30,6,47,0,26,34,6,66,10,0,10,76
08/10/2006,PDT,OR,ANM,WE,Federal Contract Tower,0,11,3,0,14,0,11,25,4,40,0,22,28,4,54,18,0,18,72
08/11/2006,PDT,OR,ANM,WE,Federal Contract Tower,0,12,1,0,13,0,6,25,0,31,0,18,26,0,44,18,0,18,62
08/12/2006,PDT,OR,ANM,WE,Federal Contract Tower,0,7,1,0,8,0,3,29,0,32,0,10,30,0,40,20,0,20,60
08/13/2006,PDT,OR,ANM,WE,Federal Contract Tower,0,4,1,0,5,0,0,38,4,42,0,4,39,4,47,8,0,8,55
08/14/2006,PDT,OR,ANM,WE,Federal Contract Tower,0,1,0,0,1,0,16,32,0,48,0,17,32,0,49,6,0,6,55
08/15/2006,PDT,OR,ANM,WE,Federal Contract Tower,0,13,0,4,17,0,9,47,0,56,0,22,47,4,73,12,0,12,85
08/16/2006,PDT,OR,ANM,WE,Federal Contract Tower,0,13,1,2,16,0,5,22,2,29,0,18,23,4,45,4,0,4,49
08/17/2006,PDT,OR,ANM,WE,Federal Contract Tower,0,11,2,2,15,0,9,28,0,37,0,20,30,2,52,20,0,20,72
08/18/2006,PDT,OR,ANM,WE,Federal Contract Tower,0,14,2,0,16,26,26,2,0,54,26,40,4,0,70,18,20,38,108
08/19/2006,PDT,OR,ANM,WE,Federal Contract Tower,0,8,1,0,9,0,4,34,0,38,0,12,35,0,47,8,0,8,55
08/20/2006,PDT,OR,ANM,WE,Federal Contract Tower,0,5,4,0,9,0,1,30,5,36,0,6,34,5,45,4,0,4,49
08/21/2006,PDT,OR,ANM,WE,Federal Contract Tower,0,11,4,0,15,0,11,32,4,47,0,22,36,4,62,14,8,22,84
08/22/2006,PDT,OR,ANM,WE,Federal Contract Tower,0,12,0,0,12,0,10,36,5,51,0,22,36,5,63,16,10,26,89
08/23/2006,PDT,OR,ANM,WE,Federal Contract Tower,2,14,2,0,18,0,8,68,0,76,2,22,70,0,94,74,0,74,168
08/24/2006,PDT,OR,ANM,WE,Federal Contract Tower,0,14,4,0,18,0,8,84,0,92,0,22,88,0,110,138,0,138,248
08/25/2006,PDT,OR,ANM,WE,Federal Contract Tower,0,12,2,0,14,0,8,132,0,140,0,20,134,0,154,133,0,133,287
08/26/2006,PDT,OR,ANM,WE,Federal Contract Tower,0,7,3,0,10,0,4,112,0,116,0,11,115,0,126,116,0,116,242
08/27/2006,PDT,OR,ANM,WE,Federal Contract Tower,0,6,1,0,7,0,2,76,0,78,0,8,77,0,85,36,0,36,121
08/28/2006,PDT,OR,ANM,WE,Federal Contract Tower,0,12,2,0,14,0,3,30,0,33,0,15,32,0,47,23,0,23,70
08/29/2006,PDT,OR,ANM,WE,Federal Contract Tower,0,13,2,0,15,0,9,20,2,31,0,22,22,2,46,10,2,12,58
08/30/2006,PDT,OR,ANM,WE,Federal Contract Tower,0,13,1,0,14,0,5,39,2,46,0,18,40,2,60,6,0,6,66
08/31/2006,PDT,OR,ANM,WE,Federal Contract Tower,0,12,0,0,12,0,6,32,0,38,0,18,32,0,50,10,0,10,60
09/01/2006,PDT,OR,ANM,WE,Federal Contract Tower,0,12,2,0,14,0,4,29,2,35,0,16,31,2,49,4,0,4,53
09/02/2006,PDT,OR,ANM,WE,Federal Contract Tower,0,10,1,0,11,0,4,33,0,37,0,14,34,0,48,30,0,30,78
09/03/2006,PDT,OR,ANM,WE,Federal Contract Tower,0,5,0,0,5,0,1,11,0,12,0,6,11,0,17,2,0,2,19
09/04/2006,PDT,OR,ANM,WE,Federal Contract Tower,0,8,1,0,9,0,2,35,0,37,0,10,36,0,46,10,0,10,56
09/05/2006,PDT,OR,ANM,WE,Federal Contract Tower,0,10,0,0,10,0,8,34,2,44,0,18,34,2,54,22,0,22,76
09/06/2006,PDT,OR,ANM,WE,Federal Contract Tower,0,15,11,0,26,0,3,26,2,31,0,18,37,2,57,14,0,14,71
09/07/2006,PDT,OR,ANM,WE,Federal Contract Tower,0,13,1,0,14,0,5,30,0,35,0,18,31,0,49,0,0,0,49
09/08/2006,PDT,OR,ANM,WE,Federal Contract Tower,0,13,3,0,16,0,6,28,3,37,0,19,31,3,53,6,0,6,59
09/09/2006,PDT,OR,ANM,WE,Federal Contract Tower,0,8,2,0,10,0,4,28,8,40,0,12,30,8,50,8,32,40,90
09/10/2006,PDT,OR,ANM,WE,Federal Contract Tower,0,4,3,0,7,0,2,31,8,41,0,6,34,8,48,12,24,36,84
09/11/2006,PDT,OR,ANM,WE,Federal Contract Tower,0,11,5,0,16,0,9,33,0,42,0,20,38,0,58,30,0,30,88
09/12/2006,PDT,OR,ANM,WE,Federal Contract Tower,0,12,7,0,19,0,7,28,2,37,0,19,35,2,56,22,0,22,78
09/13/2006,PDT,OR,ANM,WE,Federal Contract Tower,0,12,3,1,16,0,6,22,6,34,0,18,25,7,50,6,24,30,80
09/14/2006,PDT,OR,ANM,WE,Federal Contract Tower,0,15,9,0,24,0,7,39,0,46,0,22,48,0,70,18,2,20,90
09/15/2006,PDT,OR,ANM,WE,Federal Contract Tower,0,13,19,2,34,0,7,25,1,33,0,20,44,3,67,50,2,52,119
09/16/2006,PDT,OR,ANM,WE,Federal Contract Tower,0,9,8,1,18,0,5,42,5,52,0,14,50,6,70,32,10,42,112
09/17/2006,PDT,OR,ANM,WE,Federal Contract Tower,0,7,10,0,17,0,0,48,0,48,0,7,58,0,65,24,0,24,89
09/18/2006,PDT,OR,ANM,WE,Federal Contract Tower,0,10,0,0,10,0,2,13,0,15,0,12,13,0,25,2,0,2,27
09/19/2006,PDT,OR,ANM,WE,Federal Contract Tower,0,15,2,1,18,0,3,16,5,24,0,18,18,6,42,0,18,18,60
09/20/2006,PDT,OR,ANM,WE,Federal Contract Tower,2,16,4,0,22,0,0,27,12,39,2,16,31,12,61,10,20,30,91
09/21/2006,PDT,OR,ANM,WE,Federal Contract Tower,2,16,5,1,24,0,8,7,1,16,2,24,12,2,40,0,4,4,44
09/22/2006,PDT,OR,ANM,WE,Federal Contract Tower,0,12,1,0,13,0,4,32,0,36,0,16,33,0,49,8,0,8,57
09/23/2006,PDT,OR,ANM,WE,Federal Contract Tower,0,7,5,0,12,0,1,26,0,27,0,8,31,0,39,0,0,0,39
09/24/2006,PDT,OR,ANM,WE,Federal Contract Tower,0,4,2,0,6,0,0,36,0,36,0,4,38,0,42,16,0,16,58
09/25/2006,PDT,OR,ANM,WE,Federal Contract Tower,0,10,1,0,11,0,8,16,2,26,0,18,17,2,37,22,0,22,59
09/26/2006,PDT,OR,ANM,WE,Federal Contract Tower,0,12,8,0,20,0,8,56,0,64,0,20,64,0,84,20,0,20,104
09/27/2006,PDT,OR,ANM,WE,Federal Contract Tower,0,13,2,4,19,0,7,22,8,37,0,20,24,12,56,8,10,18,74
09/28/2006,PDT,OR,ANM,WE,Federal Contract Tower,0,12,0,2,14,0,8,36,10,54,0,20,36,12,68,22,12,34,102
09/29/2006,PDT,OR,ANM,WE,Federal Contract Tower,0,15,6,0,21,0,7,28,8,43,0,22,34,8,64,14,4,18,82
09/30/2006,PDT,OR,ANM,WE,Federal Contract Tower,0,9,1,0,10,0,1,37,0,38,0,10,38,0,48,6,0,6,54
10/01/2006,PDT,OR,ANM,WE,Federal Contract Tower,0,4,5,0,9,0,0,36,0,36,0,4,41,0,45,18,0,18,63
10/02/2006,PDT,OR,ANM,WE,Federal Contract Tower,0,11,0,0,11,0,7,29,0,36,0,18,29,0,47,10,0,10,57
10/03/2006,PDT,OR,ANM,WE,Federal Contract Tower,0,10,0,0,10,0,4,17,6,27,0,14,17,6,37,2,6,8,45
10/04/2006,PDT,OR,ANM,WE,Federal Contract Tower,0,17,0,0,17,0,7,26,12,45,0,24,26,12,62,12,40,52,114
10/05/2006,PDT,OR,ANM,WE,Federal Contract Tower,0,13,0,0,13,0,9,24,6,39,0,22,24,6,52,28,0,28,80
10/06/2006,PDT,OR,ANM,WE,Federal Contract Tower,0,14,2,0,16,0,4,16,6,26,0,18,18,6,42,0,22,22,64
10/07/2006,PDT,OR,ANM,WE,Federal Contract Tower,0,10,2,0,12,0,0,14,1,15,0,10,16,1,27,4,0,4,31
10/08/2006,PDT,OR,ANM,WE,Federal Contract Tower,0,4,1,0,5,0,0,26,0,26,0,4,27,0,31,6,0,6,37
10/09/2006,PDT,OR,ANM,WE,Federal Contract Tower,0,6,1,0,7,0,6,26,0,32,0,12,27,0,39,18,0,18,57
10/10/2006,PDT,OR,ANM,WE,Federal Contract Tower,0,10,4,2,16,0,10,36,2,48,0,20,40,4,64,20,0,20,84
10/11/2006,PDT,OR,ANM,WE,Federal Contract Tower,0,12,3,0,15,0,10,35,0,45,0,22,38,0,60,20,0,20,80
10/12/2006,PDT,OR,ANM,WE,Federal Contract Tower,0,13,4,0,17,0,3,22,2,27,0,16,26,2,44,4,0,4,48
10/13/2006,PDT,OR,ANM,WE,Federal Contract Tower,0,12,2,4,18,0,4,32,2,38,0,16,34,6,56,6,8,14,70
10/14/2006,PDT,OR,ANM,WE,Federal Contract Tower,0,8,1,3,12,0,4,38,18,60,0,12,39,21,72,14,30,44,116
10/15/2006,PDT,OR,ANM,WE,Federal Contract Tower,0,4,3,0,7,0,0,1,2,3,0,4,4,2,10,0,8,8,18
10/16/2006,PDT,OR,ANM,WE,Federal Contract Tower,0,15,1,0,16,0,3,9,2,14,0,18,10,2,30,8,0,8,38
10/17/2006,PDT,OR,ANM,WE,Federal Contract Tower,0,16,5,0,21,0,4,19,1,24,0,20,24,1,45,18,0,18,63
10/18/2006,PDT,OR,ANM,WE,Federal Contract Tower,0,14,4,0,18,0,2,6,4,12,0,16,10,4,30,2,0,2,32
10/19/2006,PDT,OR,ANM,WE,Federal Contract Tower,0,23,3,0,26,0,13,11,0,24,0,36,14,0,50,6,0,6,56
10/20/2006,PDT,OR,ANM,WE,Federal Contract Tower,0,12,5,1,18,0,4,16,3,23,0,16,21,4,41,18,14,32,73
10/21/2006,PDT,OR,ANM,WE,Federal Contract Tower,0,7,7,0,14,0,3,96,0,99,0,10,103,0,113,54,0,54,167
10/22/2006,PDT,OR,ANM,WE,Federal Contract Tower,0,4,3,0,7,0,0,27,0,27,0,4,30,0,34,30,0,30,64
10/23/2006,PDT,OR,ANM,WE,Federal Contract Tower,0,11,4,0,15,0,7,14,0,21,0,18,18,0,36,10,0,10,46
10/24/2006,PDT,OR,ANM,WE,Federal Contract Tower,0,16,3,0,19,0,10,32,0,42,0,26,35,0,61,12,0,12,73
10/25/2006,PDT,OR,ANM,WE,Federal Contract Tower,0,18,3,0,21,0,4,18,3,25,0,22,21,3,46,0,4,4,50
10/26/2006,PDT,OR,ANM,WE,Federal Contract Tower,0,11,7,2,20,0,10,32,3,45,0,21,39,5,65,6,8,14,79
10/27/2006,PDT,OR,ANM,WE,Federal Contract Tower,0,12,3,0,15,0,4,33,2,39,0,16,36,2,54,6,4,10,64
10/28/2006,PDT,OR,ANM,WE,Federal Contract Tower,0,10,4,0,14,0,8,35,0,43,0,18,39,0,57,28,0,28,85
10/29/2006,PDT,OR,ANM,WE,Federal Contract Tower,0,4,1,0,5,0,0,11,0,11,0,4,12,0,16,12,0,12,28
10/30/2006,PDT,OR,ANM,WE,Federal Contract Tower,0,11,2,0,13,0,3,22,0,25,0,14,24,0,38,10,0,10,48
10/31/2006,PDT,OR,ANM,WE,Federal Contract Tower,0,16,5,0,21,0,10,20,0,30,0,26,25,0,51,2,0,2,53
11/01/2006,PDT,OR,ANM,WE,Federal Contract Tower,0,18,3,0,21,0,6,14,8,28,0,24,17,8,49,22,6,28,77
11/02/2006,PDT,OR,ANM,WE,Federal Contract Tower,0,16,1,0,17,0,0,8,0,8,0,16,9,0,25,0,0,0,25
11/03/2006,PDT,OR,ANM,WE,Federal Contract Tower,0,16,1,0,17,0,2,17,2,21,0,18,18,2,38,10,0,10,48
11/04/2006,PDT,OR,ANM,WE,Federal Contract Tower,0,10,2,0,12,0,6,19,2,27,0,16,21,2,39,4,0,4,43
11/05/2006,PDT,OR,ANM,WE,Federal Contract Tower,0,3,0,0,3,0,0,4,0,4,0,3,4,0,7,6,0,6,13
11/06/2006,PDT,OR,ANM,WE,Federal Contract Tower,0,15,0,0,15,0,1,14,2,17,0,16,14,2,32,6,0,6,38
11/07/2006,PDT,OR,ANM,WE,Federal Contract Tower,0,15,0,0,15,0,3,8,2,13,0,18,8,2,28,2,0,2,30
11/08/2006,PDT,OR,ANM,WE,Federal Contract Tower,0,15,1,0,16,0,3,20,0,23,0,18,21,0,39,6,0,6,45
11/09/2006,PDT,OR,ANM,WE,Federal Contract Tower,0,13,4,0,17,0,5,20,0,25,0,18,24,0,42,6,0,6,48
11/10/2006,PDT,OR,ANM,WE,Federal Contract Tower,0,15,2,0,17,0,3,16,0,19,0,18,18,0,36,10,0,10,46
11/11/2006,PDT,OR,ANM,WE,Federal Contract Tower,0,9,0,0,9,0,1,12,0,13,0,10,12,0,22,2,0,2,24
11/12/2006,PDT,OR,ANM,WE,Federal Contract Tower,0,4,2,0,6,0,0,4,0,4,0,4,6,0,10,0,0,0,10
11/13/2006,PDT,OR,ANM,WE,Federal Contract Tower,0,11,2,0,13,0,5,0,0,5,0,16,2,0,18,0,0,0,18
11/14/2006,PDT,OR,ANM,WE,Federal Contract Tower,0,18,0,0,18,0,0,11,0,11,0,18,11,0,29,24,0,24,53
11/15/2006,PDT,OR,ANM,WE,Federal Contract Tower,2,15,0,0,17,0,5,0,0,5,2,20,0,0,22,0,0,0,22
11/16/2006,PDT,OR,ANM,WE,Federal Contract Tower,0,14,5,0,19,0,8,33,4,45,0,22,38,4,64,38,0,38,102
11/17/2006,PDT,OR,ANM,WE,Federal Contract Tower,0,13,2,2,17,0,3,36,0,39,0,16,38,2,56,20,4,24,80
11/18/2006,PDT,OR,ANM,WE,Federal Contract Tower,0,8,2,0,10,0,2,24,0,26,0,10,26,0,36,44,0,44,80
11/19/2006,PDT,OR,ANM,WE,Federal Contract Tower,0,2,11,0,13,0,0,7,1,8,0,2,18,1,21,0,0,0,21
11/20/2006,PDT,OR,ANM,WE,Federal Contract Tower,0,16,2,0,18,0,4,23,0,27,0,20,25,0,45,26,0,26,71
11/21/2006,PDT,OR,ANM,WE,Federal Contract Tower,0,17,0,0,17,0,7,22,0,29,0,24,22,0,46,8,0,8,54
11/22/2006,PDT,OR,ANM,WE,Federal Contract Tower,0,18,1,0,19,0,4,17,0,21,0,22,18,0,40,8,0,8,48
11/23/2006,PDT,OR,ANM,WE,Federal Contract Tower,0,5,0,0,5,0,1,10,0,11,0,6,10,0,16,2,0,2,18
11/24/2006,PDT,OR,ANM,WE,Federal Contract Tower,0,16,0,0,16,0,2,0,0,2,0,18,0,0,18,0,0,0,18
11/25/2006,PDT,OR,ANM,WE,Federal Contract Tower,0,8,4,0,12,0,6,13,0,19,0,14,17,0,31,4,0,4,35
11/26/2006,PDT,OR,ANM,WE,Federal Contract Tower,0,4,1,0,5,0,0,2,0,2,0,4,3,0,7,0,0,0,7
11/27/2006,PDT,OR,ANM,WE,Federal Contract Tower,0,14,1,0,15,0,4,15,8,27,0,18,16,8,42,10,6,16,58
11/28/2006,PDT,OR,ANM,WE,Federal Contract Tower,0,16,4,0,20,0,6,4,4,14,0,22,8,4,34,8,4,12,46
11/29/2006,PDT,OR,ANM,WE,Federal Contract Tower,0,13,0,0,13,0,9,6,1,16,0,22,6,1,29,0,0,0,29
11/30/2006,PDT,OR,ANM,WE,Federal Contract Tower,0,15,2,0,17,0,1,5,3,9,0,16,7,3,26,0,18,18,44
12/01/2006,PDT,OR,ANM,WE,Federal Contract Tower,0,17,1,0,18,0,5,11,6,22,0,22,12,6,40,6,12,18,58
12/02/2006,PDT,OR,ANM,WE,Federal Contract Tower,0,8,2,0,10,0,0,0,0,0,0,8,2,0,10,0,0,0,10
12/03/2006,PDT,OR,ANM,WE,Federal Contract Tower,0,8,2,2,12,0,0,0,0,0,0,8,2,2,12,0,0,0,12
12/04/2006,PDT,OR,ANM,WE,Federal Contract Tower,0,13,4,0,17,0,7,6,0,13,0,20,10,0,30,8,0,8,38
12/05/2006,PDT,OR,ANM,WE,Federal Contract Tower,0,14,5,4,23,0,4,5,4,13,0,18,10,8,36,0,0,0,36
12/06/2006,PDT,OR,ANM,WE,Federal Contract Tower,0,18,2,0,20,0,0,2,2,4,0,18,4,2,24,0,14,14,38
12/07/2006,PDT,OR,ANM,WE,Federal Contract Tower,0,17,14,2,33,0,0,0,0,0,0,17,14,2,33,0,0,0,33
12/08/2006,PDT,OR,ANM,WE,Federal Contract Tower,0,9,2,0,11,0,0,0,0,0,0,9,2,0,11,0,0,0,11
12/09/2006,PDT,OR,ANM,WE,Federal Contract Tower,0,2,0,0,2,0,0,0,0,0,0,2,0,0,2,2,0,2,4
12/10/2006,PDT,OR,ANM,WE,Federal Contract Tower,0,4,1,0,5,0,0,3,0,3,0,4,4,0,8,0,0,0,8
12/11/2006,PDT,OR,ANM,WE,Federal Contract Tower,0,11,0,0,11,0,3,6,8,17,0,14,6,8,28,0,2,2,30
12/12/2006,PDT,OR,ANM,WE,Federal Contract Tower,0,14,0,0,14,0,4,12,12,28,0,18,12,12,42,0,50,50,92
12/13/2006,PDT,OR,ANM,WE,Federal Contract Tower,2,18,0,0,20,0,2,10,18,30,2,20,10,18,50,16,30,46,96
12/14/2006,PDT,OR,ANM,WE,Federal Contract Tower,0,14,7,0,21,0,4,9,0,13,0,18,16,0,34,0,0,0,34
12/15/2006,PDT,OR,ANM,WE,Federal Contract Tower,0,14,0,2,16,0,4,10,0,14,0,18,10,2,30,0,4,4,34
12/16/2006,PDT,OR,ANM,WE,Federal Contract Tower,0,9,0,0,9,0,3,34,2,39,0,12,34,2,48,14,0,14,62
12/17/2006,PDT,OR,ANM,WE,Federal Contract Tower,0,4,0,0,4,0,0,18,2,20,0,4,18,2,24,4,0,4,28
12/18/2006,PDT,OR,ANM,WE,Federal Contract Tower,0,4,0,0,4,0,0,14,3,17,0,4,14,3,21,6,0,6,27
12/19/2006,PDT,OR,ANM,WE,Federal Contract Tower,0,14,2,0,16,0,0,0,0,0,0,14,2,0,16,0,0,0,16
12/20/2006,PDT,OR,ANM,WE,Federal Contract Tower,0,12,2,0,14,0,2,4,0,6,0,14,6,0,20,0,0,0,20
12/21/2006,PDT,OR,ANM,WE,Federal Contract Tower,0,20,2,0,22,0,2,10,0,12,0,22,12,0,34,0,0,0,34
12/22/2006,PDT,OR,ANM,WE,Federal Contract Tower,0,14,3,0,17,0,8,9,4,21,0,22,12,4,38,6,4,10,48
12/23/2006,PDT,OR,ANM,WE,Federal Contract Tower,0,8,0,0,8,0,2,10,0,12,0,10,10,0,20,6,0,6,26
12/24/2006,PDT,OR,ANM,WE,Federal Contract Tower,0,4,0,0,4,0,0,10,0,10,0,4,10,0,14,0,0,0,14
12/25/2006,PDT,OR,ANM,WE,Federal Contract Tower,0,6,0,0,6,0,4,12,0,16,0,10,12,0,22,0,0,0,22
12/26/2006,PDT,OR,ANM,WE,Federal Contract Tower,0,10,1,0,11,0,2,11,0,13,0,12,12,0,24,4,0,4,28
12/27/2006,PDT,OR,ANM,WE,Federal Contract Tower,0,15,0,0,15,0,5,8,0,13,0,20,8,0,28,0,0,0,28
12/28/2006,PDT,OR,ANM,WE,Federal Contract Tower,0,15,2,0,17,0,7,26,4,37,0,22,28,4,54,14,6,20,74
12/29/2006,PDT,OR,ANM,WE,Federal Contract Tower,0,12,0,0,12,0,4,10,0,14,0,16,10,0,26,4,0,4,30
12/30/2006,PDT,OR,ANM,WE,Federal Contract Tower,0,10,2,0,12,0,0,0,0,0,0,10,2,0,12,0,0,0,12
12/31/2006,PDT,OR,ANM,WE,Federal Contract Tower,0,4,0,0,4,0,0,0,0,0,0,4,0,0,4,0,0,0,4
01/01/2007,PDT,OR,ANM,WE,Federal Contract Tower,0,4,0,0,4,0,0,0,0,0,0,4,0,0,4,0,0,0,4
01/02/2007,PDT,OR,ANM,WE,Federal Contract Tower,0,13,3,0,16,0,2,5,0,7,0,15,8,0,23,0,0,0,23
01/03/2007,PDT,OR,ANM,WE,Federal Contract Tower,0,14,0,0,14,0,2,8,2,12,0,16,8,2,26,2,0,2,28
01/04/2007,PDT,OR,ANM,WE,Federal Contract Tower,0,16,1,0,17,0,6,16,4,26,0,22,17,4,43,10,0,10,53
01/05/2007,PDT,OR,ANM,WE,Federal Contract Tower,0,15,0,1,16,0,5,16,1,22,0,20,16,2,38,6,0,6,44
01/06/2007,PDT,OR,ANM,WE,Federal Contract Tower,0,9,4,0,13,0,3,11,0,14,0,12,15,0,27,4,0,4,31
01/07/2007,PDT,OR,ANM,WE,Federal Contract Tower,0,6,0,0,6,0,2,9,0,11,0,8,9,0,17,4,0,4,21
01/08/2007,PDT,OR,ANM,WE,Federal Contract Tower,0,14,0,0,14,0,6,18,2,26,0,20,18,2,40,10,0,10,50
01/09/2007,PDT,OR,ANM,WE,Federal Contract Tower,0,14,0,0,14,0,8,12,12,32,0,22,12,12,46,8,14,22,68
01/10/2007,PDT,OR,ANM,WE,Federal Contract Tower,0,15,3,0,18,0,5,16,6,27,0,20,19,6,45,6,4,10,55
01/11/2007,PDT,OR,ANM,WE,Federal Contract Tower,0,18,0,0,18,0,2,7,0,9,0,20,7,0,27,0,0,0,27
01/12/2007,PDT,OR,ANM,WE,Federal Contract Tower,0,14,1,0,15,0,6,18,6,30,0,20,19,6,45,6,14,20,65
01/13/2007,PDT,OR,ANM,WE,Federal Contract Tower,0,13,0,0,13,0,1,13,0,14,0,14,13,0,27,4,0,4,31
01/14/2007,PDT,OR,ANM,WE,Federal Contract Tower,0,4,0,0,4,0,0,12,0,12,0,4,12,0,16,4,0,4,20
01/15/2007,PDT,OR,ANM,WE,Federal Contract Tower,0,10,0,0,10,0,0,14,0,14,0,10,14,0,24,8,0,8,32
01/16/2007,PDT,OR,ANM,WE,Federal Contract Tower,0,13,1,1,15,0,1,1,3,5,0,14,2,4,20,0,28,28,48
01/17/2007,PDT,OR,ANM,WE,Federal Contract Tower,0,11,4,0,15,0,1,0,2,3,0,12,4,2,18,0,22,22,40
01/18/2007,PDT,OR,ANM,WE,Federal Contract Tower,0,15,1,0,16,0,1,0,0,1,0,16,1,0,17,0,0,0,17
01/19/2007,PDT,OR,ANM,WE,Federal Contract Tower,0,17,0,1,18,0,1,8,3,12,0,18,8,4,30,0,0,0,30
01/20/2007,PDT,OR,ANM,WE,Federal Contract Tower,0,14,0,0,14,14,16,0,0,30,14,30,0,0,44,12,0,12,56
01/21/2007,PDT,OR,ANM,WE,Federal Contract Tower,0,4,7,0,11,0,0,29,0,29,0,4,36,0,40,32,0,32,72
01/22/2007,PDT,OR,ANM,WE,Federal Contract Tower,0,16,2,2,20,0,4,22,12,38,0,20,24,14,58,0,16,16,74
01/23/2007,PDT,OR,ANM,WE,Federal Contract Tower,0,18,3,0,21,0,14,13,4,31,0,32,16,4,52,0,0,0,52
01/24/2007,PDT,OR,ANM,WE,Federal Contract Tower,0,22,4,0,26,0,14,16,8,38,0,36,20,8,64,8,10,18,82
01/25/2007,PDT,OR,ANM,WE,Federal Contract Tower,0,17,6,0,23,0,3,12,0,15,0,20,18,0,38,6,0,6,44
01/26/2007,PDT,OR,ANM,WE,Federal Contract Tower,0,17,2,0,19,0,1,2,0,3,0,18,4,0,22,0,0,0,22
01/27/2007,PDT,OR,ANM,WE,Federal Contract Tower,0,8,0,0,8,0,0,0,0,0,0,8,0,0,8,0,0,0,8
01/28/2007,PDT,OR,ANM,WE,Federal Contract Tower,0,4,1,1,6,0,0,0,4,4,0,4,1,5,10,0,0,0,10
01/29/2007,PDT,OR,ANM,WE,Federal Contract Tower,0,16,0,1,17,0,0,2,0,2,0,16,2,1,19,0,0,0,19
01/30/2007,PDT,OR,ANM,WE,Federal Contract Tower,0,18,0,2,20,0,1,0,2,3,0,19,0,4,23,0,0,0,23
01/31/2007,PDT,OR,ANM,WE,Federal Contract Tower,0,20,1,0,21,0,0,1,2,3,0,20,2,2,24,0,0,0,24
02/01/2007,PDT,OR,ANM,WE,Federal Contract Tower,0,16,0,2,18,0,0,0,2,2,0,16,0,4,20,0,0,0,20
02/02/2007,PDT,OR,ANM,WE,Federal Contract Tower,0,12,0,1,13,0,10,58,1,69,0,22,58,2,82,16,8,24,106
02/03/2007,PDT,OR,ANM,WE,Federal Contract Tower,0,9,2,0,11,0,1,20,0,21,0,10,22,0,32,18,0,18,50
02/04/2007,PDT,OR,ANM,WE,Federal Contract Tower,0,4,3,0,7,0,0,12,0,12,0,4,15,0,19,16,0,16,35
02/05/2007,PDT,OR,ANM,WE,Federal Contract Tower,0,8,0,0,8,0,0,0,0,0,0,8,0,0,8,0,0,0,8
02/06/2007,PDT,OR,ANM,WE,Federal Contract Tower,0,10,3,0,13,0,0,0,0,0,0,10,3,0,13,0,0,0,13
02/07/2007,PDT,OR,ANM,WE,Federal Contract Tower,0,14,0,0,14,0,4,10,2,16,0,18,10,2,30,0,12,12,42
02/08/2007,PDT,OR,ANM,WE,Federal Contract Tower,0,19,4,2,25,0,3,24,4,31,0,22,28,6,56,22,34,56,112
02/09/2007,PDT,OR,ANM,WE,Federal Contract Tower,0,12,2,0,14,0,2,5,2,9,0,14,7,2,23,10,8,18,41
02/10/2007,PDT,OR,ANM,WE,Federal Contract Tower,0,12,2,0,14,0,0,0,0,0,0,12,2,0,14,0,0,0,14
02/11/2007,PDT,OR,ANM,WE,Federal Contract Tower,0,6,0,0,6,0,0,0,0,0,0,6,0,0,6,0,0,0,6
02/12/2007,PDT,OR,ANM,WE,Federal Contract Tower,0,12,0,0,12,0,5,14,0,19,0,17,14,0,31,0,0,0,31
02/13/2007,PDT,OR,ANM,WE,Federal Contract Tower,0,12,3,0,15,0,6,5,0,11,0,18,8,0,26,0,0,0,26
02/14/2007,PDT,OR,ANM,WE,Federal Contract Tower,0,16,3,0,19,0,6,31,0,37,0,22,34,0,56,8,0,8,64
02/15/2007,PDT,OR,ANM,WE,Federal Contract Tower,0,16,10,1,27,0,2,9,9,20,0,18,19,10,47,2,26,28,75
02/16/2007,PDT,OR,ANM,WE,Federal Contract Tower,0,15,3,2,20,0,2,21,2,25,0,17,24,4,45,8,0,8,53
02/17/2007,PDT,OR,ANM,WE,Federal Contract Tower,0,6,5,0,11,0,5,46,0,51,0,11,51,0,62,50,0,50,112
02/18/2007,PDT,OR,ANM,WE,Federal Contract Tower,0,6,1,0,7,0,0,4,2,6,0,6,5,2,13,0,0,0,13
02/19/2007,PDT,OR,ANM,WE,Federal Contract Tower,0,8,4,0,12,0,2,4,0,6,0,10,8,0,18,4,0,4,22
02/20/2007,PDT,OR,ANM,WE,Federal Contract Tower,0,16,0,1,17,0,6,18,1,25,0,22,18,2,42,11,8,19,61
02/21/2007,PDT,OR,ANM,WE,Federal Contract Tower,0,16,2,2,20,0,2,17,1,20,0,18,19,3,40,8,14,22,62
02/22/2007,PDT,OR,ANM,WE,Federal Contract Tower,0,14,0,1,15,0,2,0,5,7,0,16,0,6,22,0,24,24,46
02/23/2007,PDT,OR,ANM,WE,Federal Contract Tower,0,14,2,2,18,0,2,7,6,15,0,16,9,8,33,0,12,12,45
02/24/2007,PDT,OR,ANM,WE,Federal Contract Tower,0,10,0,0,10,0,0,0,0,0,0,10,0,0,10,0,0,0,10
02/25/2007,PDT,OR,ANM,WE,Federal Contract Tower,0,4,0,0,4,0,0,0,0,0,0,4,0,0,4,0,0,0,4
02/26/2007,PDT,OR,ANM,WE,Federal Contract Tower,0,13,2,0,15,0,5,14,8,27,0,18,16,8,42,0,14,14,56
02/27/2007,PDT,OR,ANM,WE,Federal Contract Tower,0,16,1,0,17,0,2,12,13,27,0,18,13,13,44,4,24,28,72
02/28/2007,PDT,OR,ANM,WE,Federal Contract Tower,0,16,2,0,18,0,2,11,3,16,0,18,13,3,34,0,30,30,64
03/01/2007,PDT,OR,ANM,WE,Federal Contract Tower,0,18,1,2,21,0,4,14,8,26,0,22,15,10,47,6,12,18,65
03/02/2007,PDT,OR,ANM,WE,Federal Contract Tower,0,12,3,2,17,0,4,7,6,17,0,16,10,8,34,0,4,4,38
03/03/2007,PDT,OR,ANM,WE,Federal Contract Tower,0,10,0,0,10,0,4,14,6,24,0,14,14,6,34,12,16,28,62
03/04/2007,PDT,OR,ANM,WE,Federal Contract Tower,0,4,0,1,5,0,0,34,7,41,0,4,34,8,46,8,36,44,90
03/05/2007,PDT,OR,ANM,WE,Federal Contract Tower,0,14,1,0,15,0,0,28,0,28,0,14,29,0,43,8,0,8,51
03/06/2007,PDT,OR,ANM,WE,Federal Contract Tower,0,14,6,2,22,0,2,33,2,37,0,16,39,4,59,22,8,30,89
03/07/2007,PDT,OR,ANM,WE,Federal Contract Tower,0,14,0,0,14,0,4,24,8,36,0,18,24,8,50,4,40,44,94
03/08/2007,PDT,OR,ANM,WE,Federal Contract Tower,0,14,0,1,15,0,4,18,7,29,0,18,18,8,44,10,6,16,60
03/09/2007,PDT,OR,ANM,WE,Federal Contract Tower,0,14,2,0,16,0,8,36,0,44,0,22,38,0,60,34,0,34,94
03/10/2007,PDT,OR,ANM,WE,Federal Contract Tower,0,9,3,0,12,0,3,27,0,30,0,12,30,0,42,30,0,30,72
03/11/2007,PDT,OR,ANM,WE,Federal Contract Tower,0,4,4,0,8,0,0,9,0,9,0,4,13,0,17,0,0,0,17
03/12/2007,PDT,OR,ANM,WE,Federal Contract Tower,0,9,0,0,9,0,7,10,0,17,0,16,10,0,26,0,0,0,26
03/13/2007,PDT,OR,ANM,WE,Federal Contract Tower,0,12,6,0,18,0,6,25,0,31,0,18,31,0,49,8,0,8,57
03/14/2007,PDT,OR,ANM,WE,Federal Contract Tower,0,14,2,0,16,0,2,13,2,17,0,16,15,2,33,14,0,14,47
03/15/2007,PDT,OR,ANM,WE,Federal Contract Tower,0,12,4,0,16,0,8,36,6,50,0,20,40,6,66,12,0,12,78
03/16/2007,PDT,OR,ANM,WE,Federal Contract Tower,0,12,5,0,17,0,10,35,0,45,0,22,40,0,62,80,0,80,142
03/17/2007,PDT,OR,ANM,WE,Federal Contract Tower,0,7,3,0,10,0,1,51,0,52,0,8,54,0,62,14,0,14,76
03/18/2007,PDT,OR,ANM,WE,Federal Contract Tower,0,2,3,0,5,0,0,21,0,21,0,2,24,0,26,12,0,12,38
03/19/2007,PDT,OR,ANM,WE,Federal Contract Tower,0,11,2,0,13,0,5,23,0,28,0,16,25,0,41,8,0,8,49
03/20/2007,PDT,OR,ANM,WE,Federal Contract Tower,0,14,5,0,19,0,6,13,6,25,0,20,18,6,44,10,0,10,54
03/21/2007,PDT,OR,ANM,WE,Federal Contract Tower,0,12,4,1,17,0,8,28,5,41,0,20,32,6,58,24,6,30,88
03/22/2007,PDT,OR,ANM,WE,Federal Contract Tower,0,12,3,1,16,0,10,45,11,66,0,22,48,12,82,28,26,54,136
03/23/2007,PDT,OR,ANM,WE,Federal Contract Tower,0,11,7,0,18,0,7,31,4,42,0,18,38,4,60,16,0,16,76
03/24/2007,PDT,OR,ANM,WE,Federal Contract Tower,0,8,3,0,11,0,1,28,0,29,0,9,31,0,40,0,0,0,40
03/25/2007,PDT,OR,ANM,WE,Federal Contract Tower,0,4,0,0,4,0,0,4,0,4,0,4,4,0,8,2,0,2,10
03/26/2007,PDT,OR,ANM,WE,Federal Contract Tower,0,12,1,1,14,0,6,15,1,22,0,18,16,2,36,4,0,4,40
03/27/2007,PDT,OR,ANM,WE,Federal Contract Tower,0,15,1,0,16,0,3,17,0,20,0,18,18,0,36,4,0,4,40
03/28/2007,PDT,OR,ANM,WE,Federal Contract Tower,0,13,2,2,17,0,17,23,8,48,0,30,25,10,65,10,22,32,97
03/29/2007,PDT,OR,ANM,WE,Federal Contract Tower,0,12,2,0,14,0,6,46,0,52,0,18,48,0,66,0,0,0,66
03/30/2007,PDT,OR,ANM,WE,Federal Contract Tower,0,12,4,0,16,0,3,30,5,38,0,15,34,5,54,2,6,8,62
03/31/2007,PDT,OR,ANM,WE,Federal Contract Tower,0,9,3,0,12,0,3,10,0,13,0,12,13,0,25,0,0,0,25
04/01/2007,PDT,OR,ANM,WE,Federal Contract Tower,0,4,1,0,5,0,0,36,2,38,0,4,37,2,43,46,0,46,89
04/02/2007,PDT,OR,ANM,WE,Federal Contract Tower,0,13,2,0,15,0,7,16,2,25,0,20,18,2,40,8,0,8,48
04/03/2007,PDT,OR,ANM,WE,Federal Contract Tower,0,15,2,2,19,0,5,24,6,35,0,20,26,8,54,8,4,12,66
04/04/2007,PDT,OR,ANM,WE,Federal Contract Tower,0,13,3,2,18,0,3,15,4,22,0,16,18,6,40,0,0,0,40
04/05/2007,PDT,OR,ANM,WE,Federal Contract Tower,0,14,2,1,17,0,4,30,1,35,0,18,32,2,52,14,0,14,66
04/06/2007,PDT,OR,ANM,WE,Federal Contract Tower,0,11,4,0,15,0,7,40,6,53,0,18,44,6,68,0,18,18,86
04/07/2007,PDT,OR,ANM,WE,Federal Contract Tower,0,6,1,0,7,0,4,12,3,19,0,10,13,3,26,0,0,0,26
04/08/2007,PDT,OR,ANM,WE,Federal Contract Tower,0,4,0,0,4,0,2,22,1,25,0,6,22,1,29,10,2,12,41
04/09/2007,PDT,OR,ANM,WE,Federal Contract Tower,0,13,2,0,15,0,5,18,2,25,0,18,20,2,40,6,0,6,46
04/10/2007,PDT,OR,ANM,WE,Federal Contract Tower,0,12,2,0,14,0,3,5,11,19,0,15,7,11,33,0,20,20,53
04/11/2007,PDT,OR,ANM,WE,Federal Contract Tower,0,12,8,0,20,0,5,22,4,31,0,17,30,4,51,10,26,36,87
04/12/2007,PDT,OR,ANM,WE,Federal Contract Tower,0,14,3,0,17,0,8,16,2,26,0,22,19,2,43,4,0,4,47
04/13/2007,PDT,OR,ANM,WE,Federal Contract Tower,0,12,0,0,12,0,9,21,0,30,0,21,21,0,42,0,0,0,42
04/14/2007,PDT,OR,ANM,WE,Federal Contract Tower,0,9,1,0,10,0,1,3,12,16,0,10,4,12,26,2,18,20,46
04/15/2007,PDT,OR,ANM,WE,Federal Contract Tower,0,8,1,0,9,0,0,19,6,25,0,8,20,6,34,18,22,40,74
04/16/2007,PDT,OR,ANM,WE,Federal Contract Tower,0,11,4,2,17,0,3,13,6,22,0,14,17,8,39,0,24,24,63
04/17/2007,PDT,OR,ANM,WE,Federal Contract Tower,0,12,1,0,13,0,4,15,1,20,0,16,16,1,33,6,2,8,41
04/18/2007,PDT,OR,ANM,WE,Federal Contract Tower,0,15,4,0,19,0,3,22,4,29,0,18,26,4,48,6,2,8,56
04/19/2007,PDT,OR,ANM,WE,Federal Contract Tower,0,12,1,0,13,0,6,24,0,30,0,18,25,0,43,0,0,0,43
04/20/2007,PDT,OR,ANM,WE,Federal Contract Tower,0,12,2,0,14,0,4,36,2,42,0,16,38,2,56,6,0,6,62
04/21/2007,PDT,OR,ANM,WE,Federal Contract Tower,0,6,0,0,6,0,2,18,0,20,0,8,18,0,26,12,0,12,38
04/22/2007,PDT,OR,ANM,WE,Federal Contract Tower,0,4,1,0,5,0,0,4,0,4,0,4,5,0,9,0,0,0,9
04/23/2007,PDT,OR,ANM,WE,Federal Contract Tower,0,12,3,0,15,0,6,32,7,45,0,18,35,7,60,12,0,12,72
04/24/2007,PDT,OR,ANM,WE,Federal Contract Tower,0,12,2,0,14,0,8,20,2,30,0,20,22,2,44,6,0,6,50
04/25/2007,PDT,OR,ANM,WE,Federal Contract Tower,0,18,7,0,25,0,8,9,0,17,0,26,16,0,42,0,0,0,42
04/26/2007,PDT,OR,ANM,WE,Federal Contract Tower,0,13,1,1,15,0,7,33,3,43,0,20,34,4,58,28,8,36,94
04/27/2007,PDT,OR,ANM,WE,Federal Contract Tower,0,12,13,2,27,0,12,67,0,79,0,24,80,2,106,18,2,20,126
04/28/2007,PDT,OR,ANM,WE,Federal Contract Tower,0,5,1,1,7,0,4,16,1,21,0,9,17,2,28,2,0,2,30
04/29/2007,PDT,OR,ANM,WE,Federal Contract Tower,0,4,0,0,4,0,0,17,0,17,0,4,17,0,21,0,0,0,21
04/30/2007,PDT,OR,ANM,WE,Federal Contract Tower,0,11,2,0,13,0,8,24,1,33,0,19,26,1,46,8,0,8,54
05/01/2007,PDT,OR,ANM,WE,Federal Contract Tower,0,12,1,0,13,0,6,16,1,23,0,18,17,1,36,0,0,0,36
05/02/2007,PDT,OR,ANM,WE,Federal Contract Tower,0,18,7,0,25,0,6,21,0,27,0,24,28,0,52,12,0,12,64
05/03/2007,PDT,OR,ANM,WE,Federal Contract Tower,0,14,0,0,14,0,8,20,14,42,0,22,20,14,56,10,0,10,66
05/04/2007,PDT,OR,ANM,WE,Federal Contract Tower,0,12,2,0,14,0,2,17,1,20,0,14,19,1,34,0,0,0,34
05/05/2007,PDT,OR,ANM,WE,Federal Contract Tower,0,8,2,2,12,0,2,41,3,46,0,10,43,5,58,0,2,2,60
05/06/2007,PDT,OR,ANM,WE,Federal Contract Tower,0,2,1,0,3,0,0,40,0,40,0,2,41,0,43,10,0,10,53
05/07/2007,PDT,OR,ANM,WE,Federal Contract Tower,0,11,2,0,13,0,7,21,0,28,0,18,23,0,41,8,0,8,49
05/08/2007,PDT,OR,ANM,WE,Federal Contract Tower,0,14,2,0,16,0,8,36,0,44,0,22,38,0,60,14,0,14,74
05/09/2007,PDT,OR,ANM,WE,Federal Contract Tower,0,13,3,0,16,0,9,27,2,38,0,22,30,2,54,12,0,12,66
05/10/2007,PDT,OR,ANM,WE,Federal Contract Tower,0,14,4,0,18,0,6,34,2,42,0,20,38,2,60,22,0,22,82
05/11/2007,PDT,OR,ANM,WE,Federal Contract Tower,0,14,4,0,18,0,10,27,0,37,0,24,31,0,55,10,0,10,65
05/12/2007,PDT,OR,ANM,WE,Federal Contract Tower,0,9,0,0,9,0,3,22,0,25,0,12,22,0,34,14,0,14,48
05/13/2007,PDT,OR,ANM,WE,Federal Contract Tower,0,4,2,0,6,0,0,5,0,5,0,4,7,0,11,2,0,2,13
05/14/2007,PDT,OR,ANM,WE,Federal Contract Tower,0,10,2,0,12,0,10,34,4,48,0,20,36,4,60,14,14,28,88
05/15/2007,PDT,OR,ANM,WE,Federal Contract Tower,0,12,6,1,19,0,8,26,17,51,0,20,32,18,70,10,20,30,100
05/16/2007,PDT,OR,ANM,WE,Federal Contract Tower,0,15,1,0,16,0,1,24,4,29,0,16,25,4,45,10,4,14,59
05/17/2007,PDT,OR,ANM,WE,Federal Contract Tower,0,15,5,2,22,0,3,26,2,31,0,18,31,4,53,2,18,20,73
05/18/2007,PDT,OR,ANM,WE,Federal Contract Tower,0,12,6,0,18,0,6,26,4,36,0,18,32,4,54,8,18,26,80
05/19/2007,PDT,OR,ANM,WE,Federal Contract Tower,0,8,0,0,8,0,4,70,4,78,0,12,70,4,86,18,0,18,104
05/20/2007,PDT,OR,ANM,WE,Federal Contract Tower,0,4,3,0,7,0,0,35,4,39,0,4,38,4,46,12,0,12,58
05/21/2007,PDT,OR,ANM,WE,Federal Contract Tower,0,12,0,0,12,0,6,18,0,24,0,18,18,0,36,10,0,10,46
05/22/2007,PDT,OR,ANM,WE,Federal Contract Tower,0,14,14,1,29,0,4,31,5,40,0,18,45,6,69,0,18,18,87
05/23/2007,PDT,OR,ANM,WE,Federal Contract Tower,0,14,3,0,17,0,2,22,14,38,0,16,25,14,55,10,2,12,67
05/24/2007,PDT,OR,ANM,WE,Federal Contract Tower,0,14,1,0,15,0,3,24,12,39,0,17,25,12,54,6,6,12,66
05/25/2007,PDT,OR,ANM,WE,Federal Contract Tower,0,13,3,1,17,0,5,44,5,54,0,18,47,6,71,22,0,22,93
05/26/2007,PDT,OR,ANM,WE,Federal Contract Tower,0,9,6,0,15,0,9,92,0,101,0,18,98,0,116,66,0,66,182
05/27/2007,PDT,OR,ANM,WE,Federal Contract Tower,0,4,0,0,4,0,0,24,0,24,0,4,24,0,28,44,0,44,72
05/28/2007,PDT,OR,ANM,WE,Federal Contract Tower,0,7,0,0,7,0,0,47,0,47,0,7,47,0,54,26,0,26,80
05/29/2007,PDT,OR,ANM,WE,Federal Contract Tower,0,11,6,0,17,0,5,40,2,47,0,16,46,2,64,12,0,12,76
05/30/2007,PDT,OR,ANM,WE,Federal Contract Tower,0,11,5,0,16,0,7,51,8,66,0,18,56,8,82,16,16,32,114
05/31/2007,PDT,OR,ANM,WE,Federal Contract Tower,0,11,8,0,19,0,5,43,2,50,0,16,51,2,69,10,0,10,79
06/01/2007,PDT,OR,ANM,WE,Federal Contract Tower,0,11,3,6,20,0,13,35,8,56,0,24,38,14,76,12,34,46,122
06/02/2007,PDT,OR,ANM,WE,Federal Contract Tower,0,5,2,0,7,0,3,26,0,29,0,8,28,0,36,20,0,20,56
06/03/2007,PDT,OR,ANM,WE,Federal Contract Tower,0,4,1,2,7,0,0,18,2,20,0,4,19,4,27,4,0,4,31
06/04/2007,PDT,OR,ANM,WE,Federal Contract Tower,0,9,3,0,12,0,5,21,0,26,0,14,24,0,38,10,0,10,48
06/05/2007,PDT,OR,ANM,WE,Federal Contract Tower,0,14,3,0,17,0,6,16,2,24,0,20,19,2,41,0,6,6,47
06/06/2007,PDT,OR,ANM,WE,Federal Contract Tower,0,17,4,2,23,0,7,2,3,12,0,24,6,5,35,2,16,18,53
06/07/2007,PDT,OR,ANM,WE,Federal Contract Tower,0,15,2,0,17,0,9,30,10,49,0,24,32,10,66,22,10,32,98
06/08/2007,PDT,OR,ANM,WE,Federal Contract Tower,0,13,3,0,16,0,13,41,6,60,0,26,44,6,76,38,8,46,122
06/09/2007,PDT,OR,ANM,WE,Federal Contract Tower,0,8,3,1,12,0,1,18,1,20,0,9,21,2,32,0,0,0,32
06/10/2007,PDT,OR,ANM,WE,Federal Contract Tower,0,4,8,1,13,0,0,13,6,19,0,4,21,7,32,0,0,0,32
06/11/2007,PDT,OR,ANM,WE,Federal Contract Tower,0,11,4,0,15,0,5,15,4,24,0,16,19,4,39,24,8,32,71
06/12/2007,PDT,OR,ANM,WE,Federal Contract Tower,0,12,1,0,13,0,2,20,8,30,0,14,21,8,43,22,18,40,83
06/13/2007,PDT,OR,ANM,WE,Federal Contract Tower,0,14,5,0,19,0,10,45,10,65,0,24,50,10,84,38,20,58,142
06/14/2007,PDT,OR,ANM,WE,Federal Contract Tower,0,11,2,2,15,0,13,56,10,79,0,24,58,12,94,28,42,70,164
06/15/2007,PDT,OR,ANM,WE,Federal Contract Tower,0,15,4,3,22,0,8,19,8,35,0,23,23,11,57,12,6,18,75
06/16/2007,PDT,OR,ANM,WE,Federal Contract Tower,0,7,1,0,8,0,3,22,0,25,0,10,23,0,33,14,0,14,47
06/17/2007,PDT,OR,ANM,WE,Federal Contract Tower,0,4,3,0,7,0,0,17,0,17,0,4,20,0,24,0,0,0,24
06/18/2007,PDT,OR,ANM,WE,Federal Contract Tower,0,14,9,0,23,0,6,23,1,30,0,20,32,1,53,14,2,16,69
06/19/2007,PDT,OR,ANM,WE,Federal Contract Tower,0,9,8,1,18,0,11,30,1,42,0,20,38,2,60,32,2,34,94
06/20/2007,PDT,OR,ANM,WE,Federal Contract Tower,0,12,0,0,12,0,8,30,0,38,0,20,30,0,50,10,0,10,60
06/21/2007,PDT,OR,ANM,WE,Federal Contract Tower,0,15,6,2,23,0,4,20,3,27,0,19,26,5,50,6,0,6,56
06/22/2007,PDT,OR,ANM,WE,Federal Contract Tower,0,11,2,0,13,0,2,11,0,13,0,13,13,0,26,0,0,0,26
06/23/2007,PDT,OR,ANM,WE,Federal Contract Tower,0,10,4,0,14,0,3,16,0,19,0,13,20,0,33,2,0,2,35
06/24/2007,PDT,OR,ANM,WE,Federal Contract Tower,0,4,2,0,6,0,0,14,2,16,0,4,16,2,22,4,0,4,26
06/25/2007,PDT,OR,ANM,WE,Federal Contract Tower,0,12,6,0,18,0,6,20,8,34,0,18,26,8,52,20,30,50,102
06/26/2007,PDT,OR,ANM,WE,Federal Contract Tower,0,13,1,2,16,0,7,27,12,46,0,20,28,14,62,30,12,42,104
06/27/2007,PDT,OR,ANM,WE,Federal Contract Tower,0,14,3,0,17,0,4,22,8,34,0,18,25,8,51,14,6,20,71
06/28/2007,PDT,OR,ANM,WE,Federal Contract Tower,0,15,2,4,21,0,7,40,6,53,0,22,42,10,74,18,2,20,94
06/29/2007,PDT,OR,ANM,WE,Federal Contract Tower,0,11,7,0,18,0,11,22,6,39,0,22,29,6,57,30,2,32,89
06/30/2007,PDT,OR,ANM,WE,Federal Contract Tower,0,11,3,0,14,0,3,33,0,36,0,14,36,0,50,24,0,24,74
07/01/2007,PDT,OR,ANM,WE,Federal Contract Tower,0,4,3,0,7,0,2,21,4,27,0,6,24,4,34,16,0,16,50
07/02/2007,PDT,OR,ANM,WE,Federal Contract Tower,0,12,3,0,15,0,4,33,6,43,0,16,36,6,58,16,0,16,74
07/03/2007,PDT,OR,ANM,WE,Federal Contract Tower,0,15,2,0,17,0,3,18,1,22,0,18,20,1,39,16,0,16,55
07/04/2007,PDT,OR,ANM,WE,Federal Contract Tower,0,6,3,0,9,0,2,19,1,22,0,8,22,1,31,10,0,10,41
07/05/2007,PDT,OR,ANM,WE,Federal Contract Tower,0,12,1,0,13,0,10,37,3,50,0,22,38,3,63,8,2,10,73
07/06/2007,PDT,OR,ANM,WE,Federal Contract Tower,0,11,4,0,15,0,7,32,4,43,0,18,36,4,58,10,0,10,68
07/07/2007,PDT,OR,ANM,WE,Federal Contract Tower,0,4,0,0,4,0,4,24,0,28,0,8,24,0,32,14,0,14,46
07/08/2007,PDT,OR,ANM,WE,Federal Contract Tower,0,4,0,0,4,0,0,28,2,30,0,4,28,2,34,8,0,8,42
07/09/2007,PDT,OR,ANM,WE,Federal Contract Tower,0,14,0,0,14,0,2,10,2,14,0,16,10,2,28,2,0,2,30
07/10/2007,PDT,OR,ANM,WE,Federal Contract Tower,0,14,2,0,16,0,4,21,0,25,0,18,23,0,41,0,0,0,41
07/11/2007,PDT,OR,ANM,WE,Federal Contract Tower,0,14,4,0,18,0,10,50,1,61,0,24,54,1,79,38,0,38,117
07/12/2007,PDT,OR,ANM,WE,Federal Contract Tower,0,13,3,0,16,0,9,83,2,94,0,22,86,2,110,28,0,28,138
07/13/2007,PDT,OR,ANM,WE,Federal Contract Tower,0,13,4,0,17,0,9,82,6,97,0,22,86,6,114,20,0,20,134
07/14/2007,PDT,OR,ANM,WE,Federal Contract Tower,0,7,1,0,8,0,7,67,0,74,0,14,68,0,82,8,0,8,90
07/15/2007,PDT,OR,ANM,WE,Federal Contract Tower,0,4,2,0,6,0,0,17,3,20,0,4,19,3,26,6,0,6,32
07/16/2007,PDT,OR,ANM,WE,Federal Contract Tower,0,11,2,0,13,0,5,40,0,45,0,16,42,0,58,0,0,0,58
07/17/2007,PDT,OR,ANM,WE,Federal Contract Tower,0,14,3,2,19,0,4,48,4,56,0,18,51,6,75,32,14,46,121
07/18/2007,PDT,OR,ANM,WE,Federal Contract Tower,0,15,1,3,19,0,1,22,0,23,0,16,23,3,42,42,0,42,84
07/19/2007,PDT,OR,ANM,WE,Federal Contract Tower,0,13,2,3,18,0,7,34,3,44,0,20,36,6,62,30,18,48,110
07/20/2007,PDT,OR,ANM,WE,Federal Contract Tower,0,12,0,0,12,0,6,34,0,40,0,18,34,0,52,16,0,16,68
07/21/2007,PDT,OR,ANM,WE,Federal Contract Tower,0,6,1,0,7,0,0,13,2,15,0,6,14,2,22,0,0,0,22
07/22/2007,PDT,OR,ANM,WE,Federal Contract Tower,0,4,2,0,6,0,0,17,0,17,0,4,19,0,23,0,0,0,23
07/23/2007,PDT,OR,ANM,WE,Federal Contract Tower,0,11,0,1,12,0,3,14,5,22,0,14,14,6,34,6,0,6,40
07/24/2007,PDT,OR,ANM,WE,Federal Contract Tower,0,12,3,0,15,0,5,19,6,30,0,17,22,6,45,0,6,6,51
07/25/2007,PDT,OR,ANM,WE,Federal Contract Tower,0,13,0,1,14,0,5,30,5,40,0,18,30,6,54,24,8,32,86
07/26/2007,PDT,OR,ANM,WE,Federal Contract Tower,0,13,2,1,16,0,7,28,3,38,0,20,30,4,54,18,2,20,74
07/27/2007,PDT,OR,ANM,WE,Federal Contract Tower,0,12,0,1,13,0,4,19,15,38,0,16,19,16,51,4,8,12,63
07/28/2007,PDT,OR,ANM,WE,Federal Contract Tower,0,8,5,0,13,0,0,16,0,16,0,8,21,0,29,0,0,0,29
07/29/2007,PDT,OR,ANM,WE,Federal Contract Tower,0,4,0,0,4,0,0,50,0,50,0,4,50,0,54,10,0,10,64
07/30/2007,PDT,OR,ANM,WE,Federal Contract Tower,0,14,2,1,17,0,4,32,5,41,0,18,34,6,58,22,0,22,80
07/31/2007,PDT,OR,ANM,WE,Federal Contract Tower,0,14,0,0,14,0,4,18,8,30,0,18,18,8,44,8,16,24,68
08/01/2007,PDT,OR,ANM,WE,Federal Contract Tower,0,12,5,0,17,0,6,25,4,35,0,18,30,4,52,20,16,36,88
08/02/2007,PDT,OR,ANM,WE,Federal Contract Tower,0,13,2,3,18,0,5,13,6,24,0,18,15,9,42,0,0,0,42
08/03/2007,PDT,OR,ANM,WE,Federal Contract Tower,0,11,0,0,11,0,3,35,3,41,0,14,35,3,52,0,0,0,52
08/04/2007,PDT,OR,ANM,WE,Federal Contract Tower,0,8,0,0,8,0,0,31,16,47,0,8,31,16,55,40,30,70,125
08/05/2007,PDT,OR,ANM,WE,Federal Contract Tower,0,4,3,0,7,0,0,50,0,50,0,4,53,0,57,34,0,34,91
08/06/2007,PDT,OR,ANM,WE,Federal Contract Tower,0,11,4,1,16,0,9,20,3,32,0,20,24,4,48,38,10,48,96
08/07/2007,PDT,OR,ANM,WE,Federal Contract Tower,0,13,1,1,15,0,5,37,7,49,0,18,38,8,64,22,28,50,114
08/08/2007,PDT,OR,ANM,WE,Federal Contract Tower,0,16,4,2,22,0,4,94,14,112,0,20,98,16,134,66,0,66,200
08/09/2007,PDT,OR,ANM,WE,Federal Contract Tower,0,13,2,2,17,0,2,138,2,142,0,15,140,4,159,112,0,112,271
08/10/2007,PDT,OR,ANM,WE,Federal Contract Tower,0,13,2,0,15,0,4,266,1,271,0,17,268,1,286,240,0,240,526
08/11/2007,PDT,OR,ANM,WE,Federal Contract Tower,0,7,0,0,7,0,1,148,0,149,0,8,148,0,156,126,0,126,282
08/12/2007,PDT,OR,ANM,WE,Federal Contract Tower,0,4,1,0,5,0,2,67,2,71,0,6,68,2,76,110,0,110,186
08/13/2007,PDT,OR,ANM,WE,Federal Contract Tower,0,9,5,0,14,0,9,35,0,44,0,18,40,0,58,62,0,62,120
08/14/2007,PDT,OR,ANM,WE,Federal Contract Tower,0,17,4,2,23,0,3,14,4,21,0,20,18,6,44,12,12,24,68
08/15/2007,PDT,OR,ANM,WE,Federal Contract Tower,0,14,0,0,14,0,8,24,5,37,0,22,24,5,51,10,16,26,77
08/16/2007,PDT,OR,ANM,WE,Federal Contract Tower,0,15,2,2,19,0,9,19,4,32,0,24,21,6,51,36,0,36,87
08/17/2007,PDT,OR,ANM,WE,Federal Contract Tower,0,10,1,0,11,0,6,15,4,25,0,16,16,4,36,0,0,0,36
08/18/2007,PDT,OR,ANM,WE,Federal Contract Tower,0,7,2,0,9,0,7,34,0,41,0,14,36,0,50,16,0,16,66
08/19/2007,PDT,OR,ANM,WE,Federal Contract Tower,0,6,5,0,11,0,0,25,0,25,0,6,30,0,36,16,0,16,52
08/20/2007,PDT,OR,ANM,WE,Federal Contract Tower,0,14,0,0,14,0,4,9,2,15,0,18,9,2,29,0,0,0,29
08/21/2007,PDT,OR,ANM,WE,Federal Contract Tower,0,17,1,1,19,0,3,23,3,29,0,20,24,4,48,32,0,32,80
08/22/2007,PDT,OR,ANM,WE,Federal Contract Tower,0,13,3,0,16,0,5,24,1,30,0,18,27,1,46,4,0,4,50
08/23/2007,PDT,OR,ANM,WE,Federal Contract Tower,0,12,4,1,17,0,6,32,1,39,0,18,36,2,56,50,0,50,106
08/24/2007,PDT,OR,ANM,WE,Federal Contract Tower,0,12,4,1,17,0,8,24,3,35,0,20,28,4,52,16,0,16,68
08/25/2007,PDT,OR,ANM,WE,Federal Contract Tower,0,7,1,0,8,0,3,17,0,20,0,10,18,0,28,28,10,38,66
08/26/2007,PDT,OR,ANM,WE,Federal Contract Tower,0,4,1,0,5,0,0,13,0,13,0,4,14,0,18,0,0,0,18
08/27/2007,PDT,OR,ANM,WE,Federal Contract Tower,0,11,0,1,12,0,3,39,9,51,0,14,39,10,63,6,20,26,89
08/28/2007,PDT,OR,ANM,WE,Federal Contract Tower,0,13,0,3,16,0,4,31,4,39,0,17,31,7,55,4,6,10,65
08/29/2007,PDT,OR,ANM,WE,Federal Contract Tower,0,15,5,0,20,0,1,32,2,35,0,16,37,2,55,24,0,24,79
08/30/2007,PDT,OR,ANM,WE,Federal Contract Tower,0,16,1,2,19,0,12,29,16,57,0,28,30,18,76,18,30,48,124
08/31/2007,PDT,OR,ANM,WE,Federal Contract Tower,0,11,1,0,12,0,5,25,8,38,0,16,26,8,50,10,8,18,68
09/01/2007,PDT,OR,ANM,WE,Federal Contract Tower,0,8,0,0,8,0,2,45,0,47,0,10,45,0,55,40,0,40,95
09/02/2007,PDT,OR,ANM,WE,Federal Contract Tower,0,5,2,0,7,0,0,35,0,35,0,5,37,0,42,16,0,16,58
09/03/2007,PDT,OR,ANM,WE,Federal Contract Tower,0,7,1,0,8,0,0,36,0,36,0,7,37,0,44,22,0,22,66
09/04/2007,PDT,OR,ANM,WE,Federal Contract Tower,0,11,4,0,15,0,3,39,3,45,0,14,43,3,60,16,0,16,76
09/05/2007,PDT,OR,ANM,WE,Federal Contract Tower,0,14,0,0,14,0,0,8,7,15,0,14,8,7,29,0,7,7,36
09/06/2007,PDT,OR,ANM,WE,Federal Contract Tower,0,14,2,0,16,0,8,26,12,46,0,22,28,12,62,18,8,26,88
09/07/2007,PDT,OR,ANM,WE,Federal Contract Tower,0,12,2,1,15,0,6,25,4,35,0,18,27,5,50,6,6,12,62
09/08/2007,PDT,OR,ANM,WE,Federal Contract Tower,0,8,3,3,14,0,0,30,10,40,0,8,33,13,54,8,2,10,64
09/09/2007,PDT,OR,ANM,WE,Federal Contract Tower,0,6,5,0,11,0,0,30,8,38,0,6,35,8,49,18,0,18,67
09/10/2007,PDT,OR,ANM,WE,Federal Contract Tower,0,11,0,0,11,0,4,41,0,45,0,15,41,0,56,4,0,4,60
09/11/2007,PDT,OR,ANM,WE,Federal Contract Tower,0,13,0,1,14,0,7,36,7,50,0,20,36,8,64,40,2,42,106
09/12/2007,PDT,OR,ANM,WE,Federal Contract Tower,0,13,2,0,15,0,7,36,0,43,0,20,38,0,58,40,4,44,102
09/13/2007,PDT,OR,ANM,WE,Federal Contract Tower,0,10,8,0,18,0,4,49,1,54,0,14,57,1,72,0,0,0,72
09/14/2007,PDT,OR,ANM,WE,Federal Contract Tower,0,13,5,0,18,0,3,38,5,46,0,16,43,5,64,18,4,22,86
09/15/2007,PDT,OR,ANM,WE,Federal Contract Tower,0,8,5,0,13,0,0,23,3,26,0,8,28,3,39,6,6,12,51
09/16/2007,PDT,OR,ANM,WE,Federal Contract Tower,0,4,4,1,9,0,0,17,0,17,0,4,21,1,26,0,0,0,26
09/17/2007,PDT,OR,ANM,WE,Federal Contract Tower,0,10,5,2,17,0,4,11,6,21,0,14,16,8,38,6,0,6,44
09/18/2007,PDT,OR,ANM,WE,Federal Contract Tower,0,15,5,0,20,0,1,20,6,27,0,16,25,6,47,40,16,56,103
09/19/2007,PDT,OR,ANM,WE,Federal Contract Tower,0,19,0,3,22,0,6,17,3,26,0,25,17,6,48,0,0,0,48
09/20/2007,PDT,OR,ANM,WE,Federal Contract Tower,0,14,0,0,14,0,4,12,0,16,0,18,12,0,30,10,0,10,40
09/21/2007,PDT,OR,ANM,WE,Federal Contract Tower,0,13,2,1,16,0,4,35,1,40,0,17,37,2,56,10,0,10,66
09/22/2007,PDT,OR,ANM,WE,Federal Contract Tower,0,8,0,0,8,0,0,10,2,12,0,8,10,2,20,4,0,4,24
09/23/2007,PDT,OR,ANM,WE,Federal Contract Tower,0,4,0,2,6,0,0,18,0,18,0,4,18,2,24,0,0,0,24
09/24/2007,PDT,OR,ANM,WE,Federal Contract Tower,0,10,5,1,16,0,12,19,15,46,0,22,24,16,62,28,6,34,96
09/25/2007,PDT,OR,ANM,WE,Federal Contract Tower,0,14,1,0,15,0,4,8,13,25,0,18,9,13,40,0,10,10,50
09/26/2007,PDT,OR,ANM,WE,Federal Contract Tower,0,13,0,0,13,0,6,31,16,53,0,19,31,16,66,14,26,40,106
09/27/2007,PDT,OR,ANM,WE,Federal Contract Tower,0,12,2,0,14,0,4,31,5,40,0,16,33,5,54,0,12,12,66
09/28/2007,PDT,OR,ANM,WE,Federal Contract Tower,0,16,0,0,16,0,0,6,2,8,0,16,6,2,24,0,0,0,24
09/29/2007,PDT,OR,ANM,WE,Federal Contract Tower,0,10,1,0,11,0,4,29,0,33,0,14,30,0,44,20,0,20,64
09/30/2007,PDT,OR,ANM,WE,Federal Contract Tower,0,4,0,0,4,0,0,18,0,18,0,4,18,0,22,8,0,8,30
10/01/2007,PDT,OR,ANM,WE,Federal Contract Tower,0,12,0,1,13,0,4,11,8,23,0,16,11,9,36,0,0,0,36
10/02/2007,PDT,OR,ANM,WE,Federal Contract Tower,0,12,0,0,12,0,4,10,1,15,0,16,10,1,27,6,0,6,33
10/03/2007,PDT,OR,ANM,WE,Federal Contract Tower,0,13,0,1,14,0,9,6,2,17,0,22,6,3,31,2,12,14,45
10/04/2007,PDT,OR,ANM,WE,Federal Contract Tower,0,15,0,0,15,0,1,21,2,24,0,16,21,2,39,6,2,8,47
10/05/2007,PDT,OR,ANM,WE,Federal Contract Tower,0,17,1,0,18,0,11,35,2,48,0,28,36,2,66,18,0,18,84
10/06/2007,PDT,OR,ANM,WE,Federal Contract Tower,0,8,1,0,9,0,0,29,0,29,0,8,30,0,38,4,0,4,42
10/07/2007,PDT,OR,ANM,WE,Federal Contract Tower,0,4,2,0,6,0,0,19,0,19,0,4,21,0,25,18,0,18,43
10/08/2007,PDT,OR,ANM,WE,Federal Contract Tower,0,7,7,0,14,0,3,20,0,23,0,10,27,0,37,12,0,12,49
10/09/2007,PDT,OR,ANM,WE,Federal Contract Tower,0,15,0,3,18,0,7,25,3,35,0,22,25,6,53,36,0,36,89
10/10/2007,PDT,OR,ANM,WE,Federal Contract Tower,0,16,1,0,17,0,12,12,6,30,0,28,13,6,47,2,8,10,57
10/11/2007,PDT,OR,ANM,WE,Federal Contract Tower,0,0,2,0,2,0,20,14,6,40,0,20,16,6,42,28,6,34,76
10/12/2007,PDT,OR,ANM,WE,Federal Contract Tower,0,12,2,1,15,0,4,26,11,41,0,16,28,12,56,6,10,16,72
10/13/2007,PDT,OR,ANM,WE,Federal Contract Tower,0,9,4,2,15,0,0,19,2,21,0,9,23,4,36,0,0,0,36
10/14/2007,PDT,OR,ANM,WE,Federal Contract Tower,0,4,6,0,10,0,0,47,6,53,0,4,53,6,63,4,0,4,67
10/15/2007,PDT,OR,ANM,WE,Federal Contract Tower,0,14,4,0,18,0,4,21,4,29,0,18,25,4,47,0,0,0,47
10/16/2007,PDT,OR,ANM,WE,Federal Contract Tower,0,15,1,0,16,0,5,24,0,29,0,20,25,0,45,42,0,42,87
10/17/2007,PDT,OR,ANM,WE,Federal Contract Tower,0,14,4,0,18,0,6,24,0,30,0,20,28,0,48,12,0,12,60
10/18/2007,PDT,OR,ANM,WE,Federal Contract Tower,0,15,1,0,16,0,5,25,0,30,0,20,26,0,46,8,0,8,54
10/19/2007,PDT,OR,ANM,WE,Federal Contract Tower,0,12,4,0,16,0,4,9,0,13,0,16,13,0,29,10,0,10,39
10/20/2007,PDT,OR,ANM,WE,Federal Contract Tower,0,10,2,0,12,0,0,7,0,7,0,10,9,0,19,0,0,0,19
10/21/2007,PDT,OR,ANM,WE,Federal Contract Tower,0,4,4,0,8,0,0,15,0,15,0,4,19,0,23,10,0,10,33
10/22/2007,PDT,OR,ANM,WE,Federal Contract Tower,0,11,4,2,17,0,9,28,0,37,0,20,32,2,54,12,0,12,66
10/23/2007,PDT,OR,ANM,WE,Federal Contract Tower,0,12,3,1,16,0,6,27,7,40,0,18,30,8,56,20,30,50,106
10/24/2007,PDT,OR,ANM,WE,Federal Contract Tower,0,11,0,0,11,0,7,12,2,21,0,18,12,2,32,0,0,0,32
10/25/2007,PDT,OR,ANM,WE,Federal Contract Tower,0,15,3,1,19,0,1,13,11,25,0,16,16,12,44,8,14,22,66
10/26/2007,PDT,OR,ANM,WE,Federal Contract Tower,0,15,1,0,16,0,4,14,3,21,0,19,15,3,37,0,0,0,37
10/27/2007,PDT,OR,ANM,WE,Federal Contract Tower,0,8,3,0,11,0,0,19,0,19,0,8,22,0,30,0,0,0,30
10/28/2007,PDT,OR,ANM,WE,Federal Contract Tower,0,4,1,0,5,0,0,25,0,25,0,4,26,0,30,20,0,20,50
10/29/2007,PDT,OR,ANM,WE,Federal Contract Tower,0,12,3,0,15,0,10,17,4,31,0,22,20,4,46,10,8,18,64
10/30/2007,PDT,OR,ANM,WE,Federal Contract Tower,0,13,4,1,18,0,7,22,9,38,0,20,26,10,56,20,8,28,84
10/31/2007,PDT,OR,ANM,WE,Federal Contract Tower,0,12,1,0,13,0,6,14,2,22,0,18,15,2,35,32,2,34,69
11/01/2007,PDT,OR,ANM,WE,Federal Contract Tower,0,13,3,0,16,0,5,18,0,23,0,18,21,0,39,16,0,16,55
11/02/2007,PDT,OR,ANM,WE,Federal Contract Tower,0,11,0,0,11,0,2,21,0,23,0,13,21,0,34,0,0,0,34
11/03/2007,PDT,OR,ANM,WE,Federal Contract Tower,0,9,4,0,13,0,1,32,2,35,0,10,36,2,48,12,0,12,60
11/04/2007,PDT,OR,ANM,WE,Federal Contract Tower,0,5,1,0,6,0,1,19,4,24,0,6,20,4,30,2,0,2,32
11/05/2007,PDT,OR,ANM,WE,Federal Contract Tower,0,11,2,0,13,0,3,16,6,25,0,14,18,6,38,2,6,8,46
11/06/2007,PDT,OR,ANM,WE,Federal Contract Tower,0,13,1,0,14,0,4,9,8,21,0,17,10,8,35,4,6,10,45
11/07/2007,PDT,OR,ANM,WE,Federal Contract Tower,0,14,8,0,22,0,2,13,0,15,0,16,21,0,37,0,0,0,37
11/08/2007,PDT,OR,ANM,WE,Federal Contract Tower,2,11,8,0,21,0,3,13,2,18,2,14,21,2,39,8,0,8,47
11/09/2007,PDT,OR,ANM,WE,Federal Contract Tower,2,13,1,0,16,0,3,4,0,7,2,16,5,0,23,4,0,4,27
11/10/2007,PDT,OR,ANM,WE,Federal Contract Tower,0,12,0,0,12,0,0,11,2,13,0,12,11,2,25,0,2,2,27
11/11/2007,PDT,OR,ANM,WE,Federal Contract Tower,0,6,0,0,6,0,0,8,0,8,0,6,8,0,14,6,0,6,20
11/12/2007,PDT,OR,ANM,WE,Federal Contract Tower,0,9,0,0,9,0,0,2,0,2,0,9,2,0,11,0,0,0,11
11/13/2007,PDT,OR,ANM,WE,Federal Contract Tower,0,20,3,0,23,0,2,9,5,16,0,22,12,5,39,2,10,12,51
11/14/2007,PDT,OR,ANM,WE,Federal Contract Tower,0,13,0,0,13,0,1,17,4,22,0,14,17,4,35,2,2,4,39
11/15/2007,PDT,OR,ANM,WE,Federal Contract Tower,0,15,1,1,17,0,1,10,0,11,0,16,11,1,28,10,4,14,42
11/16/2007,PDT,OR,ANM,WE,Federal Contract Tower,0,13,2,0,15,0,2,5,0,7,0,15,7,0,22,0,0,0,22
11/17/2007,PDT,OR,ANM,WE,Federal Contract Tower,0,8,4,0,12,0,0,4,0,4,0,8,8,0,16,8,0,8,24
11/18/2007,PDT,OR,ANM,WE,Federal Contract Tower,0,8,4,0,12,0,0,0,0,0,0,8,4,0,12,2,0,2,14
11/19/2007,PDT,OR,ANM,WE,Federal Contract Tower,0,12,2,0,14,0,0,8,0,8,0,12,10,0,22,2,0,2,24
11/20/2007,PDT,OR,ANM,WE,Federal Contract Tower,0,15,1,0,16,0,0,4,5,9,0,15,5,5,25,2,20,22,47
11/21/2007,PDT,OR,ANM,WE,Federal Contract Tower,0,14,2,0,16,0,4,13,0,17,0,18,15,0,33,6,0,6,39
11/22/2007,PDT,OR,ANM,WE,Federal Contract Tower,0,5,3,0,8,0,0,0,0,0,0,5,3,0,8,0,0,0,8
11/23/2007,PDT,OR,ANM,WE,Federal Contract Tower,0,17,2,0,19,0,0,12,0,12,0,17,14,0,31,84,0,84,115
11/24/2007,PDT,OR,ANM,WE,Federal Contract Tower,0,8,0,0,8,0,2,7,0,9,0,10,7,0,17,26,0,26,43
11/25/2007,PDT,OR,ANM,WE,Federal Contract Tower,0,4,3,0,7,0,0,0,0,0,0,4,3,0,7,0,0,0,7
11/26/2007,PDT,OR,ANM,WE,Federal Contract Tower,0,18,2,0,20,0,0,0,0,0,0,18,2,0,20,0,0,0,20
11/27/2007,PDT,OR,ANM,WE,Federal Contract Tower,0,15,0,0,15,0,1,0,2,3,0,16,0,2,18,0,0,0,18
11/28/2007,PDT,OR,ANM,WE,Federal Contract Tower,0,12,0,0,12,0,0,16,2,18,0,12,16,2,30,39,4,43,73
11/29/2007,PDT,OR,ANM,WE,Federal Contract Tower,0,13,0,2,15,0,0,0,0,0,0,13,0,2,15,0,0,0,15
11/30/2007,PDT,OR,ANM,WE,Federal Contract Tower,0,18,0,1,19,0,0,0,0,0,0,18,0,1,19,0,0,0,19
12/01/2007,PDT,OR,ANM,WE,Federal Contract Tower,0,10,1,0,11,0,0,0,0,0,0,10,1,0,11,0,0,0,11
12/02/2007,PDT,OR,ANM,WE,Federal Contract Tower,0,5,1,0,6,0,0,4,0,4,0,5,5,0,10,0,0,0,10
12/03/2007,PDT,OR,ANM,WE,Federal Contract Tower,0,13,0,0,13,0,1,1,0,2,0,14,1,0,15,0,0,0,15
12/04/2007,PDT,OR,ANM,WE,Federal Contract Tower,0,14,1,0,15,0,2,4,4,10,0,16,5,4,25,0,4,4,29
12/05/2007,PDT,OR,ANM,WE,Federal Contract Tower,0,15,1,1,17,0,1,26,6,33,0,16,27,7,50,0,14,14,64
12/06/2007,PDT,OR,ANM,WE,Federal Contract Tower,0,15,2,0,17,0,0,4,0,4,0,15,6,0,21,4,0,4,25
12/07/2007,PDT,OR,ANM,WE,Federal Contract Tower,0,13,2,0,15,0,2,0,0,2,0,15,2,0,17,0,0,0,17
12/08/2007,PDT,OR,ANM,WE,Federal Contract Tower,0,8,2,0,10,0,0,12,0,12,0,8,14,0,22,0,0,0,22
12/09/2007,PDT,OR,ANM,WE,Federal Contract Tower,0,4,0,0,4,0,0,15,0,15,0,4,15,0,19,2,0,2,21
12/10/2007,PDT,OR,ANM,WE,Federal Contract Tower,0,15,2,0,17,0,0,0,2,2,0,15,2,2,19,0,2,2,21
12/11/2007,PDT,OR,ANM,WE,Federal Contract Tower,0,20,2,2,24,0,2,0,0,2,0,22,2,2,26,4,50,54,80
12/12/2007,PDT,OR,ANM,WE,Federal Contract Tower,0,17,0,0,17,0,1,18,16,35,0,18,18,16,52,0,36,36,88
12/13/2007,PDT,OR,ANM,WE,Federal Contract Tower,0,14,0,0,14,0,0,14,9,23,0,14,14,9,37,4,32,36,73
12/14/2007,PDT,OR,ANM,WE,Federal Contract Tower,0,14,2,0,16,0,2,9,2,13,0,16,11,2,29,0,0,0,29
12/15/2007,PDT,OR,ANM,WE,Federal Contract Tower,0,8,2,0,10,0,1,10,0,11,0,9,12,0,21,22,0,22,43
12/16/2007,PDT,OR,ANM,WE,Federal Contract Tower,0,4,0,0,4,0,0,16,0,16,0,4,16,0,20,6,0,6,26
12/17/2007,PDT,OR,ANM,WE,Federal Contract Tower,0,12,2,0,14,0,0,17,6,23,0,12,19,6,37,26,28,54,91
12/18/2007,PDT,OR,ANM,WE,Federal Contract Tower,0,14,2,2,18,0,1,1,2,4,0,15,3,4,22,0,13,13,35
12/19/2007,PDT,OR,ANM,WE,Federal Contract Tower,0,15,5,0,20,0,1,0,0,1,0,16,5,0,21,3,9,12,33
12/20/2007,PDT,OR,ANM,WE,Federal Contract Tower,0,13,0,0,13,0,0,0,0,0,0,13,0,0,13,0,0,0,13
12/21/2007,PDT,OR,ANM,WE,Federal Contract Tower,0,18,2,0,20,0,0,15,0,15,0,18,17,0,35,18,0,18,53
12/22/2007,PDT,OR,ANM,WE,Federal Contract Tower,0,7,0,0,7,0,1,0,0,1,0,8,0,0,8,0,0,0,8
12/23/2007,PDT,OR,ANM,WE,Federal Contract Tower,0,4,0,0,4,0,0,2,0,2,0,4,2,0,6,0,0,0,6
12/24/2007,PDT,OR,ANM,WE,Federal Contract Tower,0,16,0,0,16,0,2,0,0,2,0,18,0,0,18,0,0,0,18
12/25/2007,PDT,OR,ANM,WE,Federal Contract Tower,0,6,0,0,6,0,0,4,0,4,0,6,4,0,10,0,0,0,10
12/26/2007,PDT,OR,ANM,WE,Federal Contract Tower,0,16,0,0,16,0,0,0,0,0,0,16,0,0,16,0,0,0,16
12/27/2007,PDT,OR,ANM,WE,Federal Contract Tower,0,14,5,0,19,0,3,11,0,14,0,17,16,0,33,0,0,0,33
12/28/2007,PDT,OR,ANM,WE,Federal Contract Tower,0,14,3,2,19,0,0,15,0,15,0,14,18,2,34,2,0,2,36
12/29/2007,PDT,OR,ANM,WE,Federal Contract Tower,0,9,0,0,9,0,0,43,0,43,0,9,43,0,52,106,0,106,158
12/30/2007,PDT,OR,ANM,WE,Federal Contract Tower,0,4,0,0,4,0,0,0,0,0,0,4,0,0,4,0,0,0,4
12/31/2007,PDT,OR,ANM,WE,Federal Contract Tower,0,11,3,0,14,0,0,13,0,13,0,11,16,0,27,12,0,12,39
01/01/2008,PDT,OR,ANM,WE,Federal Contract Tower,0,4,0,0,4,0,2,5,0,7,0,6,5,0,11,0,0,0,11
01/02/2008,PDT,OR,ANM,WE,Federal Contract Tower,0,14,0,0,14,0,1,5,0,6,0,15,5,0,20,0,0,0,20
01/03/2008,PDT,OR,ANM,WE,Federal Contract Tower,0,13,0,1,14,0,4,2,9,15,0,17,2,10,29,0,20,20,49
01/04/2008,PDT,OR,ANM,WE,Federal Contract Tower,0,14,0,0,14,0,1,0,0,1,0,15,0,0,15,0,0,0,15
01/05/2008,PDT,OR,ANM,WE,Federal Contract Tower,0,8,2,0,10,0,2,5,0,7,0,10,7,0,17,0,0,0,17
01/06/2008,PDT,OR,ANM,WE,Federal Contract Tower,0,4,0,0,4,0,0,5,0,5,0,4,5,0,9,16,0,16,25
01/07/2008,PDT,OR,ANM,WE,Federal Contract Tower,0,13,0,0,13,0,1,2,0,3,0,14,2,0,16,0,0,0,16
01/08/2008,PDT,OR,ANM,WE,Federal Contract Tower,0,16,0,0,16,0,0,0,2,2,0,16,0,2,18,0,12,12,30
01/09/2008,PDT,OR,ANM,WE,Federal Contract Tower,0,16,0,1,17,0,0,12,2,14,0,16,12,3,31,0,20,20,51
01/10/2008,PDT,OR,ANM,WE,Federal Contract Tower,0,17,1,1,19,0,0,18,3,21,0,17,19,4,40,0,38,38,78
01/11/2008,PDT,OR,ANM,WE,Federal Contract Tower,0,13,0,0,13,0,2,6,0,8,0,15,6,0,21,0,0,0,21
01/12/2008,PDT,OR,ANM,WE,Federal Contract Tower,0,8,2,0,10,0,0,0,0,0,0,8,2,0,10,0,0,0,10
01/13/2008,PDT,OR,ANM,WE,Federal Contract Tower,0,4,1,0,5,0,0,35,0,35,0,4,36,0,40,18,0,18,58
01/14/2008,PDT,OR,ANM,WE,Federal Contract Tower,0,9,0,0,9,0,1,0,0,1,0,10,0,0,10,0,0,0,10
01/15/2008,PDT,OR,ANM,WE,Federal Contract Tower,0,16,2,0,18,0,2,15,4,21,0,18,17,4,39,0,2,2,41
01/16/2008,PDT,OR,ANM,WE,Federal Contract Tower,0,15,2,2,19,0,2,15,20,37,0,17,17,22,56,8,58,66,122
01/17/2008,PDT,OR,ANM,WE,Federal Contract Tower,0,15,3,1,19,0,1,5,2,8,0,16,8,3,27,0,40,40,67
01/18/2008,PDT,OR,ANM,WE,Federal Contract Tower,0,13,5,0,18,0,3,17,0,20,0,16,22,0,38,3,0,3,41
01/19/2008,PDT,OR,ANM,WE,Federal Contract Tower,0,8,1,1,10,0,3,34,0,37,0,11,35,1,47,18,0,18,65
01/20/2008,PDT,OR,ANM,WE,Federal Contract Tower,0,5,2,0,7,0,0,0,0,0,0,5,2,0,7,0,0,0,7
01/21/2008,PDT,OR,ANM,WE,Federal Contract Tower,0,9,0,1,10,0,0,3,0,3,0,9,3,1,13,1,0,1,14
01/22/2008,PDT,OR,ANM,WE,Federal Contract Tower,0,14,0,0,14,0,0,14,4,18,0,14,14,4,32,4,14,18,50
01/23/2008,PDT,OR,ANM,WE,Federal Contract Tower,0,14,3,0,17,0,1,22,0,23,0,15,25,0,40,0,0,0,40
01/24/2008,PDT,OR,ANM,WE,Federal Contract Tower,0,18,0,0,18,0,2,0,2,4,0,20,0,2,22,0,0,0,22
01/25/2008,PDT,OR,ANM,WE,Federal Contract Tower,0,14,1,0,15,0,2,7,0,9,0,16,8,0,24,0,0,0,24
01/26/2008,PDT,OR,ANM,WE,Federal Contract Tower,0,4,1,0,5,0,2,2,0,4,0,6,3,0,9,0,0,0,9
01/27/2008,PDT,OR,ANM,WE,Federal Contract Tower,0,0,1,0,1,0,0,0,0,0,0,0,1,0,1,0,0,0,1
01/28/2008,PDT,OR,ANM,WE,Federal Contract Tower,0,6,1,0,7,0,2,0,0,2,0,8,1,0,9,0,0,0,9
01/29/2008,PDT,OR,ANM,WE,Federal Contract Tower,0,16,2,0,18,0,2,0,2,4,0,18,2,2,22,0,16,16,38
01/30/2008,PDT,OR,ANM,WE,Federal Contract Tower,0,16,0,0,16,0,3,1,4,8,0,19,1,4,24,0,0,0,24
01/31/2008,PDT,OR,ANM,WE,Federal Contract Tower,0,20,1,0,21,0,1,0,0,1,0,21,1,0,22,0,0,0,22
02/01/2008,PDT,OR,ANM,WE,Federal Contract Tower,0,16,0,0,16,0,2,4,0,6,0,18,4,0,22,0,0,0,22
02/02/2008,PDT,OR,ANM,WE,Federal Contract Tower,0,10,0,0,10,0,0,2,0,2,0,10,2,0,12,20,0,20,32
02/03/2008,PDT,OR,ANM,WE,Federal Contract Tower,0,4,0,0,4,0,0,3,0,3,0,4,3,0,7,0,0,0,7
02/04/2008,PDT,OR,ANM,WE,Federal Contract Tower,0,12,4,0,16,0,1,0,0,1,0,13,4,0,17,2,2,4,21
02/05/2008,PDT,OR,ANM,WE,Federal Contract Tower,2,14,2,2,20,0,0,0,0,0,2,14,2,2,20,2,0,2,22
02/06/2008,PDT,OR,ANM,WE,Federal Contract Tower,0,15,2,0,17,0,1,1,0,2,0,16,3,0,19,0,0,0,19
02/07/2008,PDT,OR,ANM,WE,Federal Contract Tower,0,11,4,0,15,0,1,1,0,2,0,12,5,0,17,0,0,0,17
02/08/2008,PDT,OR,ANM,WE,Federal Contract Tower,0,12,2,0,14,0,2,3,4,9,0,14,5,4,23,0,24,24,47
02/09/2008,PDT,OR,ANM,WE,Federal Contract Tower,0,9,0,1,10,0,1,25,0,26,0,10,25,1,36,8,0,8,44
02/10/2008,PDT,OR,ANM,WE,Federal Contract Tower,0,4,0,0,4,0,0,1,0,1,0,4,1,0,5,0,0,0,5
02/11/2008,PDT,OR,ANM,WE,Federal Contract Tower,0,14,1,0,15,0,3,23,2,28,0,17,24,2,43,26,0,26,69
02/12/2008,PDT,OR,ANM,WE,Federal Contract Tower,0,14,0,0,14,0,2,9,2,13,0,16,9,2,27,0,0,0,27
02/13/2008,PDT,OR,ANM,WE,Federal Contract Tower,0,18,3,0,21,0,3,4,12,19,0,21,7,12,40,0,12,12,52
02/14/2008,PDT,OR,ANM,WE,Federal Contract Tower,0,15,4,0,19,0,3,22,2,27,0,18,26,2,46,16,2,18,64
02/15/2008,PDT,OR,ANM,WE,Federal Contract Tower,0,13,5,4,22,0,7,69,1,77,0,20,74,5,99,20,2,22,121
02/16/2008,PDT,OR,ANM,WE,Federal Contract Tower,0,6,0,0,6,0,4,19,0,23,0,10,19,0,29,8,0,8,37
02/17/2008,PDT,OR,ANM,WE,Federal Contract Tower,0,4,0,0,4,0,0,31,0,31,0,4,31,0,35,10,0,10,45
02/18/2008,PDT,OR,ANM,WE,Federal Contract Tower,0,9,4,0,13,0,1,18,0,19,0,10,22,0,32,4,0,4,36
02/19/2008,PDT,OR,ANM,WE,Federal Contract Tower,0,13,2,1,16,0,3,13,2,18,0,16,15,3,34,4,6,10,44
02/20/2008,PDT,OR,ANM,WE,Federal Contract Tower,0,14,0,1,15,0,2,11,12,25,0,16,11,13,40,4,44,48,88
02/21/2008,PDT,OR,ANM,WE,Federal Contract Tower,0,13,5,2,20,0,0,25,9,34,0,13,30,11,54,8,16,24,78
02/22/2008,PDT,OR,ANM,WE,Federal Contract Tower,0,15,3,0,18,0,4,6,0,10,0,19,9,0,28,6,0,6,34
02/23/2008,PDT,OR,ANM,WE,Federal Contract Tower,0,7,0,0,7,0,1,35,0,36,0,8,35,0,43,24,0,24,67
02/24/2008,PDT,OR,ANM,WE,Federal Contract Tower,0,4,7,0,11,0,0,3,0,3,0,4,10,0,14,0,0,0,14
02/25/2008,PDT,OR,ANM,WE,Federal Contract Tower,0,12,5,0,17,0,4,9,2,15,0,16,14,2,32,0,10,10,42
02/26/2008,PDT,OR,ANM,WE,Federal Contract Tower,0,12,3,0,15,0,4,23,2,29,0,16,26,2,44,8,0,8,52
02/27/2008,PDT,OR,ANM,WE,Federal Contract Tower,0,16,0,1,17,0,0,39,11,50,0,16,39,12,67,10,2,12,79
02/28/2008,PDT,OR,ANM,WE,Federal Contract Tower,0,12,2,2,16,0,4,28,7,39,0,16,30,9,55,6,6,12,67
02/29/2008,PDT,OR,ANM,WE,Federal Contract Tower,0,15,3,0,18,0,1,33,2,36,0,16,36,2,54,16,26,42,96
03/01/2008,PDT,OR,ANM,WE,Federal Contract Tower,0,10,0,0,10,0,0,10,0,10,0,10,10,0,20,0,0,0,20
03/02/2008,PDT,OR,ANM,WE,Federal Contract Tower,0,4,2,0,6,0,0,30,0,30,0,4,32,0,36,12,0,12,48
03/03/2008,PDT,OR,ANM,WE,Federal Contract Tower,0,12,0,0,12,0,2,14,0,16,0,14,14,0,28,0,0,0,28
03/04/2008,PDT,OR,ANM,WE,Federal Contract Tower,0,15,0,0,15,0,1,14,0,15,0,16,14,0,30,0,0,0,30
03/05/2008,PDT,OR,ANM,WE,Federal Contract Tower,0,15,0,0,15,0,6,29,1,36,0,21,29,1,51,14,0,14,65
03/06/2008,PDT,OR,ANM,WE,Federal Contract Tower,0,12,0,0,12,0,3,30,0,33,0,15,30,0,45,2,0,2,47
03/07/2008,PDT,OR,ANM,WE,Federal Contract Tower,0,10,2,2,14,0,3,38,8,49,0,13,40,10,63,8,12,20,83
03/08/2008,PDT,OR,ANM,WE,Federal Contract Tower,0,10,2,0,12,0,0,40,11,51,0,10,42,11,63,8,14,22,85
03/09/2008,PDT,OR,ANM,WE,Federal Contract Tower,0,6,0,0,6,0,0,34,0,34,0,6,34,0,40,4,0,4,44
03/10/2008,PDT,OR,ANM,WE,Federal Contract Tower,0,11,5,0,16,0,1,24,0,25,0,12,29,0,41,2,0,2,43
03/11/2008,PDT,OR,ANM,WE,Federal Contract Tower,0,11,0,0,11,0,2,2,3,7,0,13,2,3,18,0,1,1,19
03/12/2008,PDT,OR,ANM,WE,Federal Contract Tower,0,13,1,1,15,0,3,24,2,29,0,16,25,3,44,0,0,0,44
03/13/2008,PDT,OR,ANM,WE,Federal Contract Tower,0,16,0,0,16,0,0,3,6,9,0,16,3,6,25,0,12,12,37
03/14/2008,PDT,OR,ANM,WE,Federal Contract Tower,0,16,0,0,16,0,4,0,2,6,0,20,0,2,22,0,0,0,22
03/15/2008,PDT,OR,ANM,WE,Federal Contract Tower,0,10,0,0,10,0,0,12,0,12,0,10,12,0,22,14,0,14,36
03/16/2008,PDT,OR,ANM,WE,Federal Contract Tower,0,4,0,0,4,0,0,6,0,6,0,4,6,0,10,0,0,0,10
03/17/2008,PDT,OR,ANM,WE,Federal Contract Tower,0,13,4,0,17,0,3,12,2,17,0,16,16,2,34,21,6,27,61
03/18/2008,PDT,OR,ANM,WE,Federal Contract Tower,0,13,1,0,14,0,0,4,5,9,0,13,5,5,23,0,0,0,23
03/19/2008,PDT,OR,ANM,WE,Federal Contract Tower,0,16,5,0,21,0,0,10,4,14,0,16,15,4,35,22,0,22,57
03/20/2008,PDT,OR,ANM,WE,Federal Contract Tower,0,13,0,0,13,0,1,26,6,33,0,14,26,6,46,10,6,16,62
03/21/2008,PDT,OR,ANM,WE,Federal Contract Tower,0,8,3,1,12,0,0,12,6,18,0,8,15,7,30,6,0,6,36
03/22/2008,PDT,OR,ANM,WE,Federal Contract Tower,0,5,2,0,7,0,0,32,0,32,0,5,34,0,39,28,8,36,75
03/23/2008,PDT,OR,ANM,WE,Federal Contract Tower,0,4,2,0,6,0,0,19,2,21,0,4,21,2,27,4,0,4,31
03/24/2008,PDT,OR,ANM,WE,Federal Contract Tower,0,13,0,1,14,0,3,6,8,17,0,16,6,9,31,12,20,32,63
03/25/2008,PDT,OR,ANM,WE,Federal Contract Tower,0,14,0,0,14,0,5,14,0,19,0,19,14,0,33,10,0,10,43
03/26/2008,PDT,OR,ANM,WE,Federal Contract Tower,0,15,1,0,16,0,3,11,2,16,0,18,12,2,32,7,0,7,39
03/27/2008,PDT,OR,ANM,WE,Federal Contract Tower,0,12,6,2,20,0,2,27,0,29,0,14,33,2,49,0,0,0,49
03/28/2008,PDT,OR,ANM,WE,Federal Contract Tower,0,12,0,0,12,0,2,10,0,12,0,14,10,0,24,2,0,2,26
03/29/2008,PDT,OR,ANM,WE,Federal Contract Tower,0,8,1,0,9,0,0,4,0,4,0,8,5,0,13,0,0,0,13
03/30/2008,PDT,OR,ANM,WE,Federal Contract Tower,0,4,0,0,4,0,2,6,0,8,0,6,6,0,12,0,0,0,12
03/31/2008,PDT,OR,ANM,WE,Federal Contract Tower,0,9,5,0,14,0,5,9,2,16,0,14,14,2,30,0,6,6,36
04/01/2008,PDT,OR,ANM,WE,Federal Contract Tower,0,9,1,0,10,0,5,11,1,17,0,14,12,1,27,54,0,54,81
04/02/2008,PDT,OR,ANM,WE,Federal Contract Tower,0,10,4,5,19,0,2,31,2,35,0,12,35,7,54,18,10,28,82
04/03/2008,PDT,OR,ANM,WE,Federal Contract Tower,0,11,7,1,19,0,1,71,36,108,0,12,78,37,127,40,42,82,209
04/04/2008,PDT,OR,ANM,WE,Federal Contract Tower,0,10,4,2,16,0,3,20,8,31,0,13,24,10,47,0,50,50,97
04/05/2008,PDT,OR,ANM,WE,Federal Contract Tower,0,9,0,0,9,0,0,22,0,22,0,9,22,0,31,22,0,22,53
04/06/2008,PDT,OR,ANM,WE,Federal Contract Tower,0,4,0,0,4,0,0,8,6,14,0,4,8,6,18,0,0,0,18
04/07/2008,PDT,OR,ANM,WE,Federal Contract Tower,0,12,2,0,14,0,2,6,1,9,0,14,8,1,23,0,2,2,25
04/08/2008,PDT,OR,ANM,WE,Federal Contract Tower,0,16,3,0,19,0,0,21,0,21,0,16,24,0,40,50,0,50,90
04/09/2008,PDT,OR,ANM,WE,Federal Contract Tower,0,12,2,4,18,0,0,39,0,39,0,12,41,4,57,30,6,36,93
04/10/2008,PDT,OR,ANM,WE,Federal Contract Tower,0,12,4,0,16,0,2,9,4,15,0,14,13,4,31,0,0,0,31
04/11/2008,PDT,OR,ANM,WE,Federal Contract Tower,0,10,3,0,13,0,3,54,0,57,0,13,57,0,70,52,0,52,122
04/12/2008,PDT,OR,ANM,WE,Federal Contract Tower,0,7,2,0,9,0,0,66,2,68,0,7,68,2,77,28,0,28,105
04/13/2008,PDT,OR,ANM,WE,Federal Contract Tower,0,6,1,0,7,0,0,41,5,46,0,6,42,5,53,4,6,10,63
04/14/2008,PDT,OR,ANM,WE,Federal Contract Tower,0,12,3,0,15,0,3,8,2,13,0,15,11,2,28,0,0,0,28
04/15/2008,PDT,OR,ANM,WE,Federal Contract Tower,0,16,4,0,20,0,0,6,4,10,0,16,10,4,30,6,0,6,36
04/16/2008,PDT,OR,ANM,WE,Federal Contract Tower,0,12,6,2,20,0,2,11,15,28,0,14,17,17,48,0,168,168,216
04/17/2008,PDT,OR,ANM,WE,Federal Contract Tower,0,11,6,0,17,0,3,14,1,18,0,14,20,1,35,6,10,16,51
04/18/2008,PDT,OR,ANM,WE,Federal Contract Tower,0,11,10,0,21,0,3,9,0,12,0,14,19,0,33,14,0,14,47
04/19/2008,PDT,OR,ANM,WE,Federal Contract Tower,0,8,13,0,21,0,2,28,0,30,0,10,41,0,51,0,0,0,51
04/20/2008,PDT,OR,ANM,WE,Federal Contract Tower,0,4,2,0,6,0,0,3,0,3,0,4,5,0,9,0,0,0,9
04/21/2008,PDT,OR,ANM,WE,Federal Contract Tower,0,11,4,0,15,0,2,20,0,22,0,13,24,0,37,30,0,30,67
04/22/2008,PDT,OR,ANM,WE,Federal Contract Tower,0,14,0,0,14,0,0,12,5,17,0,14,12,5,31,6,58,64,95
04/23/2008,PDT,OR,ANM,WE,Federal Contract Tower,0,13,4,0,17,0,0,6,4,10,0,13,10,4,27,2,0,2,29
04/24/2008,PDT,OR,ANM,WE,Federal Contract Tower,0,13,2,0,15,0,1,13,3,17,0,14,15,3,32,0,0,0,32
04/25/2008,PDT,OR,ANM,WE,Federal Contract Tower,0,11,0,1,12,0,2,7,1,10,0,13,7,2,22,8,0,8,30
04/26/2008,PDT,OR,ANM,WE,Federal Contract Tower,0,6,0,0,6,0,2,80,0,82,0,8,80,0,88,42,0,42,130
04/27/2008,PDT,OR,ANM,WE,Federal Contract Tower,0,8,4,0,12,0,0,49,0,49,0,8,53,0,61,32,0,32,93
04/28/2008,PDT,OR,ANM,WE,Federal Contract Tower,0,14,1,2,17,0,3,33,0,36,0,17,34,2,53,10,0,10,63
04/29/2008,PDT,OR,ANM,WE,Federal Contract Tower,0,16,1,1,18,0,0,13,6,19,0,16,14,7,37,6,6,12,49
04/30/2008,PDT,OR,ANM,WE,Federal Contract Tower,0,15,4,2,21,0,1,9,2,12,0,16,13,4,33,0,11,11,44
05/01/2008,PDT,OR,ANM,WE,Federal Contract Tower,0,11,6,0,17,0,2,31,2,35,0,13,37,2,52,14,0,14,66
05/02/2008,PDT,OR,ANM,WE,Federal Contract Tower,0,13,0,2,15,0,4,21,0,25,0,17,21,2,40,42,0,42,82
05/03/2008,PDT,OR,ANM,WE,Federal Contract Tower,0,7,1,0,8,0,2,29,1,32,0,9,30,1,40,54,2,56,96
05/04/2008,PDT,OR,ANM,WE,Federal Contract Tower,0,4,0,0,4,0,0,30,0,30,0,4,30,0,34,25,0,25,59
05/05/2008,PDT,OR,ANM,WE,Federal Contract Tower,0,9,2,0,11,0,3,33,1,37,0,12,35,1,48,9,0,9,57
05/06/2008,PDT,OR,ANM,WE,Federal Contract Tower,0,16,1,2,19,0,1,9,4,14,0,17,10,6,33,0,16,16,49
05/07/2008,PDT,OR,ANM,WE,Federal Contract Tower,0,12,11,0,23,0,1,12,7,20,0,13,23,7,43,2,10,12,55
05/08/2008,PDT,OR,ANM,WE,Federal Contract Tower,0,11,1,2,14,0,2,25,0,27,0,13,26,2,41,20,0,20,61
05/09/2008,PDT,OR,ANM,WE,Federal Contract Tower,0,11,0,0,11,0,2,41,9,52,0,13,41,9,63,111,8,119,182
05/10/2008,PDT,OR,ANM,WE,Federal Contract Tower,0,7,4,0,11,0,4,38,0,42,0,11,42,0,53,37,0,37,90
05/11/2008,PDT,OR,ANM,WE,Federal Contract Tower,0,4,3,0,7,0,0,24,0,24,0,4,27,0,31,24,0,24,55
05/12/2008,PDT,OR,ANM,WE,Federal Contract Tower,0,12,0,1,13,0,1,25,12,38,0,13,25,13,51,6,62,68,119
05/13/2008,PDT,OR,ANM,WE,Federal Contract Tower,0,14,0,4,18,0,2,33,6,41,0,16,33,10,59,12,18,30,89
05/14/2008,PDT,OR,ANM,WE,Federal Contract Tower,0,13,5,3,21,0,0,30,9,39,0,13,35,12,60,4,4,8,68
05/15/2008,PDT,OR,ANM,WE,Federal Contract Tower,0,11,3,4,18,0,0,40,0,40,0,11,43,4,58,6,4,10,68
05/16/2008,PDT,OR,ANM,WE,Federal Contract Tower,0,10,2,0,12,0,4,22,1,27,0,14,24,1,39,4,0,4,43
05/17/2008,PDT,OR,ANM,WE,Federal Contract Tower,0,6,0,0,6,0,2,29,0,31,0,8,29,0,37,42,0,42,79
05/18/2008,PDT,OR,ANM,WE,Federal Contract Tower,2,6,0,0,8,0,2,13,0,15,2,8,13,0,23,0,0,0,23
05/19/2008,PDT,OR,ANM,WE,Federal Contract Tower,0,13,0,0,13,0,0,47,6,53,0,13,47,6,66,0,34,34,100
05/20/2008,PDT,OR,ANM,WE,Federal Contract Tower,0,22,4,1,27,0,0,3,4,7,0,22,7,5,34,3,36,39,73
05/21/2008,PDT,OR,ANM,WE,Federal Contract Tower,0,14,2,0,16,0,6,0,3,9,0,20,2,3,25,4,0,4,29
05/22/2008,PDT,OR,ANM,WE,Federal Contract Tower,0,16,1,2,19,0,0,18,4,22,0,16,19,6,41,10,4,14,55
05/23/2008,PDT,OR,ANM,WE,Federal Contract Tower,0,13,1,2,16,0,0,10,1,11,0,13,11,3,27,10,0,10,37
05/24/2008,PDT,OR,ANM,WE,Federal Contract Tower,0,9,1,0,10,0,1,38,0,39,0,10,39,0,49,26,0,26,75
05/25/2008,PDT,OR,ANM,WE,Federal Contract Tower,0,6,7,0,13,0,0,20,0,20,0,6,27,0,33,0,0,0,33
05/26/2008,PDT,OR,ANM,WE,Federal Contract Tower,0,7,2,0,9,0,1,13,0,14,0,8,15,0,23,44,0,44,67
05/27/2008,PDT,OR,ANM,WE,Federal Contract Tower,0,12,7,0,19,0,2,59,4,65,0,14,66,4,84,34,44,78,162
05/28/2008,PDT,OR,ANM,WE,Federal Contract Tower,0,10,0,1,11,0,4,18,0,22,0,14,18,1,33,0,0,0,33
05/29/2008,PDT,OR,ANM,WE,Federal Contract Tower,0,13,2,0,15,0,1,18,6,25,0,14,20,6,40,0,14,14,54
05/30/2008,PDT,OR,ANM,WE,Federal Contract Tower,0,10,11,2,23,0,1,49,6,56,0,11,60,8,79,48,36,84,163
05/31/2008,PDT,OR,ANM,WE,Federal Contract Tower,0,6,3,0,9,0,5,79,2,86,0,11,82,2,95,12,0,12,107
06/01/2008,PDT,OR,ANM,WE,Federal Contract Tower,0,4,2,0,6,0,0,27,1,28,0,4,29,1,34,4,0,4,38
06/02/2008,PDT,OR,ANM,WE,Federal Contract Tower,0,11,1,1,13,0,4,15,2,21,0,15,16,3,34,2,4,6,40
06/03/2008,PDT,OR,ANM,WE,Federal Contract Tower,0,15,6,2,23,0,1,5,0,6,0,16,11,2,29,8,0,8,37
06/04/2008,PDT,OR,ANM,WE,Federal Contract Tower,0,13,4,4,21,0,3,10,1,14,0,16,14,5,35,10,20,30,65
06/05/2008,PDT,OR,ANM,WE,Federal Contract Tower,0,11,2,2,15,0,2,35,4,41,0,13,37,6,56,6,6,12,68
06/06/2008,PDT,OR,ANM,WE,Federal Contract Tower,0,14,1,0,15,0,1,9,2,12,0,15,10,2,27,0,0,0,27
06/07/2008,PDT,OR,ANM,WE,Federal Contract Tower,0,8,1,0,9,0,1,12,0,13,0,9,13,0,22,3,0,3,25
06/08/2008,PDT,OR,ANM,WE,Federal Contract Tower,0,4,1,0,5,0,10,81,0,91,0,14,82,0,96,69,0,69,165
06/09/2008,PDT,OR,ANM,WE,Federal Contract Tower,0,11,0,1,12,0,0,8,1,9,0,11,8,2,21,2,0,2,23
06/10/2008,PDT,OR,ANM,WE,Federal Contract Tower,0,19,1,0,20,0,0,7,0,7,0,19,8,0,27,0,0,0,27
06/11/2008,PDT,OR,ANM,WE,Federal Contract Tower,0,10,0,0,10,0,3,2,2,7,0,13,2,2,17,0,2,2,19
06/12/2008,PDT,OR,ANM,WE,Federal Contract Tower,0,11,2,2,15,0,3,57,16,76,0,14,59,18,91,8,38,46,137
06/13/2008,PDT,OR,ANM,WE,Federal Contract Tower,0,8,3,0,11,0,3,20,2,25,0,11,23,2,36,8,0,8,44
06/14/2008,PDT,OR,ANM,WE,Federal Contract Tower,0,8,1,1,10,0,0,43,1,44,0,8,44,2,54,40,0,40,94
06/15/2008,PDT,OR,ANM,WE,Federal Contract Tower,0,9,0,0,9,0,1,31,0,32,0,10,31,0,41,4,0,4,45
06/16/2008,PDT,OR,ANM,WE,Federal Contract Tower,0,10,4,0,14,0,3,35,7,45,0,13,39,7,59,16,16,32,91
06/17/2008,PDT,OR,ANM,WE,Federal Contract Tower,0,13,0,4,17,0,5,34,6,45,0,18,34,10,62,20,43,63,125
06/18/2008,PDT,OR,ANM,WE,Federal Contract Tower,0,11,0,0,11,0,7,129,6,142,0,18,129,6,153,70,8,78,231
06/19/2008,PDT,OR,ANM,WE,Federal Contract Tower,0,8,7,1,16,0,4,103,5,112,0,12,110,6,128,278,20,298,426
06/20/2008,PDT,OR,ANM,WE,Federal Contract Tower,0,11,1,1,13,0,4,122,1,127,0,15,123,2,140,216,0,216,356
06/21/2008,PDT,OR,ANM,WE,Federal Contract Tower,0,8,0,1,9,0,2,75,1,78,0,10,75,2,87,108,0,108,195
06/22/2008,PDT,OR,ANM,WE,Federal Contract Tower,0,2,3,1,6,0,0,48,2,50,0,2,51,3,56,4,0,4,60
06/23/2008,PDT,OR,ANM,WE,Federal Contract Tower,0,10,5,0,15,0,4,9,10,23,0,14,14,10,38,0,10,10,48
06/24/2008,PDT,OR,ANM,WE,Federal Contract Tower,0,12,8,2,22,0,4,29,16,49,0,16,37,18,71,2,6,8,79
06/25/2008,PDT,OR,ANM,WE,Federal Contract Tower,0,11,1,0,12,0,3,31,1,35,0,14,32,1,47,28,0,28,75
06/26/2008,PDT,OR,ANM,WE,Federal Contract Tower,0,10,0,2,12,0,2,39,0,41,0,12,39,2,53,16,0,16,69
06/27/2008,PDT,OR,ANM,WE,Federal Contract Tower,0,10,10,0,20,0,3,19,0,22,0,13,29,0,42,6,0,6,48
06/28/2008,PDT,OR,ANM,WE,Federal Contract Tower,0,4,1,0,5,0,1,32,0,33,0,5,33,0,38,22,0,22,60
06/29/2008,PDT,OR,ANM,WE,Federal Contract Tower,0,4,2,0,6,0,0,13,1,14,0,4,15,1,20,6,0,6,26
06/30/2008,PDT,OR,ANM,WE,Federal Contract Tower,0,10,2,0,12,0,4,10,3,17,0,14,12,3,29,2,2,4,33
07/01/2008,PDT,OR,ANM,WE,Federal Contract Tower,0,14,0,2,16,0,4,33,0,37,0,18,33,2,53,14,2,16,69
07/02/2008,PDT,OR,ANM,WE,Federal Contract Tower,0,14,0,0,14,0,2,22,2,26,0,16,22,2,40,10,12,22,62
07/03/2008,PDT,OR,ANM,WE,Federal Contract Tower,0,14,3,4,21,0,3,31,0,34,0,17,34,4,55,16,0,16,71
07/04/2008,PDT,OR,ANM,WE,Federal Contract Tower,0,6,0,0,6,0,0,8,1,9,0,6,8,1,15,4,0,4,19
07/05/2008,PDT,OR,ANM,WE,Federal Contract Tower,0,5,0,0,5,0,1,57,0,58,0,6,57,0,63,14,0,14,77
07/06/2008,PDT,OR,ANM,WE,Federal Contract Tower,0,4,0,0,4,0,0,59,1,60,0,4,59,1,64,0,0,0,64
07/07/2008,PDT,OR,ANM,WE,Federal Contract Tower,0,10,3,0,13,0,4,19,0,23,0,14,22,0,36,6,0,6,42
07/08/2008,PDT,OR,ANM,WE,Federal Contract Tower,0,9,0,0,9,0,6,45,2,53,0,15,45,2,62,16,10,26,88
07/09/2008,PDT,OR,ANM,WE,Federal Contract Tower,0,13,3,0,16,0,3,17,5,25,0,16,20,5,41,8,16,24,65
07/10/2008,PDT,OR,ANM,WE,Federal Contract Tower,0,12,1,4,17,0,4,18,4,26,0,16,19,8,43,11,6,17,60
07/11/2008,PDT,OR,ANM,WE,Federal Contract Tower,0,11,1,0,12,0,4,30,0,34,0,15,31,0,46,0,0,0,46
07/12/2008,PDT,OR,ANM,WE,Federal Contract Tower,0,5,2,2,9,0,3,52,1,56,0,8,54,3,65,0,0,0,65
07/13/2008,PDT,OR,ANM,WE,Federal Contract Tower,0,4,3,3,10,0,0,38,1,39,0,4,41,4,49,26,16,42,91
07/14/2008,PDT,OR,ANM,WE,Federal Contract Tower,0,11,2,6,19,0,2,28,5,35,0,13,30,11,54,6,4,10,64
07/15/2008,PDT,OR,ANM,WE,Federal Contract Tower,0,10,2,0,12,0,6,22,2,30,0,16,24,2,42,4,2,6,48
07/16/2008,PDT,OR,ANM,WE,Federal Contract Tower,0,13,0,1,14,0,1,39,9,49,0,14,39,10,63,6,20,26,89
07/17/2008,PDT,OR,ANM,WE,Federal Contract Tower,0,12,3,4,19,0,4,30,4,38,0,16,33,8,57,2,2,4,61
07/18/2008,PDT,OR,ANM,WE,Federal Contract Tower,0,10,3,3,16,0,4,28,10,42,0,14,31,13,58,2,2,4,62
07/19/2008,PDT,OR,ANM,WE,Federal Contract Tower,0,7,0,0,7,0,1,57,0,58,0,8,57,0,65,26,0,26,91
07/20/2008,PDT,OR,ANM,WE,Federal Contract Tower,0,4,4,0,8,0,31,0,0,31,0,35,4,0,39,6,0,6,45
07/21/2008,PDT,OR,ANM,WE,Federal Contract Tower,0,12,1,0,13,0,5,14,0,19,0,17,15,0,32,0,0,0,32
07/22/2008,PDT,OR,ANM,WE,Federal Contract Tower,0,17,1,2,20,0,4,17,14,35,0,21,18,16,55,0,14,14,69
07/23/2008,PDT,OR,ANM,WE,Federal Contract Tower,0,13,0,1,14,0,3,38,11,52,0,16,38,12,66,4,44,48,114
07/24/2008,PDT,OR,ANM,WE,Federal Contract Tower,0,10,4,3,17,0,5,18,0,23,0,15,22,3,40,6,0,6,46
07/25/2008,PDT,OR,ANM,WE,Federal Contract Tower,0,10,0,3,13,0,5,23,0,28,0,15,23,3,41,4,0,4,45
07/26/2008,PDT,OR,ANM,WE,Federal Contract Tower,0,6,1,0,7,0,3,18,0,21,0,9,19,0,28,0,0,0,28
07/27/2008,PDT,OR,ANM,WE,Federal Contract Tower,0,5,1,0,6,0,0,19,0,19,0,5,20,0,25,0,0,0,25
07/28/2008,PDT,OR,ANM,WE,Federal Contract Tower,0,12,3,0,15,0,3,20,2,25,0,15,23,2,40,4,0,4,44
07/29/2008,PDT,OR,ANM,WE,Federal Contract Tower,0,12,2,0,14,0,4,28,7,39,0,16,30,7,53,12,18,30,83
07/30/2008,PDT,OR,ANM,WE,Federal Contract Tower,0,12,2,0,14,0,3,51,8,62,0,15,53,8,76,8,18,26,102
07/31/2008,PDT,OR,ANM,WE,Federal Contract Tower,0,11,2,0,13,0,5,84,3,92,0,16,86,3,105,154,11,165,270
08/01/2008,PDT,OR,ANM,WE,Federal Contract Tower,0,11,2,0,13,0,5,123,0,128,0,16,125,0,141,204,0,204,345
08/02/2008,PDT,OR,ANM,WE,Federal Contract Tower,0,8,1,0,9,0,0,72,0,72,0,8,73,0,81,16,0,16,97
08/03/2008,PDT,OR,ANM,WE,Federal Contract Tower,0,4,3,0,7,0,0,138,2,140,0,4,141,2,147,26,0,26,173
08/04/2008,PDT,OR,ANM,WE,Federal Contract Tower,0,10,0,0,10,0,4,94,2,100,0,14,94,2,110,46,0,46,156
08/05/2008,PDT,OR,ANM,WE,Federal Contract Tower,0,14,0,1,15,0,4,84,6,94,0,18,84,7,109,73,0,73,182
08/06/2008,PDT,OR,ANM,WE,Federal Contract Tower,0,13,0,0,13,0,3,192,10,205,0,16,192,10,218,110,2,112,330
08/07/2008,PDT,OR,ANM,WE,Federal Contract Tower,0,14,2,1,17,0,4,124,8,136,0,18,126,9,153,80,16,96,249
08/08/2008,PDT,OR,ANM,WE,Federal Contract Tower,0,12,2,4,18,0,8,88,9,105,0,20,90,13,123,52,0,52,175
08/09/2008,PDT,OR,ANM,WE,Federal Contract Tower,0,7,0,0,7,0,3,78,0,81,0,10,78,0,88,44,0,44,132
08/10/2008,PDT,OR,ANM,WE,Federal Contract Tower,0,4,1,1,6,0,0,113,0,113,0,4,114,1,119,18,0,18,137
08/11/2008,PDT,OR,ANM,WE,Federal Contract Tower,0,13,4,0,17,0,4,41,13,58,0,17,45,13,75,4,0,4,79
08/12/2008,PDT,OR,ANM,WE,Federal Contract Tower,0,14,2,6,22,0,3,57,15,75,0,17,59,21,97,26,8,34,131
08/13/2008,PDT,OR,ANM,WE,Federal Contract Tower,0,12,5,2,19,0,4,44,11,59,0,16,49,13,78,28,10,38,116
08/14/2008,PDT,OR,ANM,WE,Federal Contract Tower,0,10,2,1,13,0,4,24,8,36,0,14,26,9,49,6,0,6,55
08/15/2008,PDT,OR,ANM,WE,Federal Contract Tower,0,11,2,0,13,0,3,30,4,37,0,14,32,4,50,32,4,36,86
08/16/2008,PDT,OR,ANM,WE,Federal Contract Tower,0,6,2,0,8,0,2,29,0,31,0,8,31,0,39,4,0,4,43
08/17/2008,PDT,OR,ANM,WE,Federal Contract Tower,0,4,2,0,6,0,0,22,0,22,0,4,24,0,28,0,0,0,28
08/18/2008,PDT,OR,ANM,WE,Federal Contract Tower,0,12,2,0,14,0,2,20,0,22,0,14,22,0,36,0,0,0,36
08/19/2008,PDT,OR,ANM,WE,Federal Contract Tower,0,16,4,0,20,0,3,32,7,42,0,19,36,7,62,14,10,24,86
08/20/2008,PDT,OR,ANM,WE,Federal Contract Tower,0,14,4,0,18,0,2,19,0,21,0,16,23,0,39,30,0,30,69
08/21/2008,PDT,OR,ANM,WE,Federal Contract Tower,0,13,6,2,21,0,3,14,0,17,0,16,20,2,38,6,10,16,54
08/22/2008,PDT,OR,ANM,WE,Federal Contract Tower,0,13,1,0,14,0,3,47,3,53,0,16,48,3,67,2,2,4,71
08/23/2008,PDT,OR,ANM,WE,Federal Contract Tower,0,7,0,0,7,0,3,32,0,35,0,10,32,0,42,4,0,4,46
08/24/2008,PDT,OR,ANM,WE,Federal Contract Tower,0,4,2,2,8,0,0,11,3,14,0,4,13,5,22,8,30,38,60
08/25/2008,PDT,OR,ANM,WE,Federal Contract Tower,0,12,1,0,13,0,2,21,0,23,0,14,22,0,36,8,0,8,44
08/26/2008,PDT,OR,ANM,WE,Federal Contract Tower,0,14,1,2,17,0,4,17,4,25,0,18,18,6,42,12,6,18,60
08/27/2008,PDT,OR,ANM,WE,Federal Contract Tower,0,13,0,0,13,0,5,18,0,23,0,18,18,0,36,12,0,12,48
08/28/2008,PDT,OR,ANM,WE,Federal Contract Tower,0,12,4,0,16,0,4,15,1,20,0,16,19,1,36,0,0,0,36
08/29/2008,PDT,OR,ANM,WE,Federal Contract Tower,0,17,2,0,19,0,5,29,0,34,0,22,31,0,53,18,0,18,71
08/30/2008,PDT,OR,ANM,WE,Federal Contract Tower,0,8,6,0,14,0,1,15,0,16,0,9,21,0,30,0,0,0,30
08/31/2008,PDT,OR,ANM,WE,Federal Contract Tower,0,4,0,0,4,0,0,19,0,19,0,4,19,0,23,6,0,6,29
09/01/2008,PDT,OR,ANM,WE,Federal Contract Tower,0,7,0,0,7,0,0,23,0,23,0,7,23,0,30,18,0,18,48
09/02/2008,PDT,OR,ANM,WE,Federal Contract Tower,0,13,4,1,18,0,5,27,4,36,0,18,31,5,54,4,0,4,58
09/03/2008,PDT,OR,ANM,WE,Federal Contract Tower,0,14,1,1,16,0,8,26,0,34,0,22,27,1,50,14,0,14,64
09/04/2008,PDT,OR,ANM,WE,Federal Contract Tower,0,15,5,0,20,0,4,29,4,37,0,19,34,4,57,0,0,0,57
09/05/2008,PDT,OR,ANM,WE,Federal Contract Tower,0,12,2,1,15,0,4,33,0,37,0,16,35,1,52,4,0,4,56
09/06/2008,PDT,OR,ANM,WE,Federal Contract Tower,0,7,2,0,9,0,1,54,6,61,0,8,56,6,70,6,2,8,78
09/07/2008,PDT,OR,ANM,WE,Federal Contract Tower,0,4,0,0,4,0,0,33,2,35,0,4,33,2,39,22,2,24,63
09/08/2008,PDT,OR,ANM,WE,Federal Contract Tower,0,11,3,0,14,0,3,36,0,39,0,14,39,0,53,0,0,0,53
09/09/2008,PDT,OR,ANM,WE,Federal Contract Tower,0,15,7,0,22,0,4,15,1,20,0,19,22,1,42,0,0,0,42
09/10/2008,PDT,OR,ANM,WE,Federal Contract Tower,0,13,5,0,18,0,4,27,2,33,0,17,32,2,51,0,0,0,51
09/11/2008,PDT,OR,ANM,WE,Federal Contract Tower,0,13,8,0,21,0,5,26,4,35,0,18,34,4,56,10,0,10,66
09/12/2008,PDT,OR,ANM,WE,Federal Contract Tower,0,13,2,0,15,0,6,48,2,56,0,19,50,2,71,16,0,16,87
09/13/2008,PDT,OR,ANM,WE,Federal Contract Tower,0,7,2,0,9,0,1,24,0,25,0,8,26,0,34,18,0,18,52
09/14/2008,PDT,OR,ANM,WE,Federal Contract Tower,0,6,3,0,9,0,0,47,2,49,0,6,50,2,58,18,4,22,80
09/15/2008,PDT,OR,ANM,WE,Federal Contract Tower,0,11,0,0,11,0,4,24,0,28,0,15,24,0,39,0,0,0,39
09/16/2008,PDT,OR,ANM,WE,Federal Contract Tower,0,16,5,0,21,0,3,14,0,17,0,19,19,0,38,0,0,0,38
09/17/2008,PDT,OR,ANM,WE,Federal Contract Tower,0,12,1,0,13,0,5,17,0,22,0,17,18,0,35,10,0,10,45
09/18/2008,PDT,OR,ANM,WE,Federal Contract Tower,0,12,0,0,12,0,3,16,3,22,0,15,16,3,34,0,0,0,34
09/19/2008,PDT,OR,ANM,WE,Federal Contract Tower,0,11,3,2,16,0,3,21,7,31,0,14,24,9,47,8,0,8,55
09/20/2008,PDT,OR,ANM,WE,Federal Contract Tower,0,7,0,0,7,0,4,5,0,9,0,11,5,0,16,0,0,0,16
09/21/2008,PDT,OR,ANM,WE,Federal Contract Tower,0,5,0,2,7,0,0,3,4,7,0,5,3,6,14,0,0,0,14
09/22/2008,PDT,OR,ANM,WE,Federal Contract Tower,0,15,5,2,22,0,4,4,6,14,0,19,9,8,36,0,0,0,36
09/23/2008,PDT,OR,ANM,WE,Federal Contract Tower,0,13,4,0,17,0,3,23,4,30,0,16,27,4,47,12,2,14,61
09/24/2008,PDT,OR,ANM,WE,Federal Contract Tower,0,11,2,0,13,0,3,30,8,41,0,14,32,8,54,28,12,40,94
09/25/2008,PDT,OR,ANM,WE,Federal Contract Tower,0,12,0,0,12,0,2,27,6,35,0,14,27,6,47,8,0,8,55
09/26/2008,PDT,OR,ANM,WE,Federal Contract Tower,0,11,1,2,14,0,1,35,0,36,0,12,36,2,50,6,0,6,56
09/27/2008,PDT,OR,ANM,WE,Federal Contract Tower,0,9,2,0,11,0,1,45,0,46,0,10,47,0,57,20,0,20,77
09/28/2008,PDT,OR,ANM,WE,Federal Contract Tower,0,3,3,0,6,0,0,35,6,41,0,3,38,6,47,26,0,26,73
09/29/2008,PDT,OR,ANM,WE,Federal Contract Tower,0,11,0,0,11,0,3,32,0,35,0,14,32,0,46,4,0,4,50
09/30/2008,PDT,OR,ANM,WE,Federal Contract Tower,0,13,0,0,13,0,4,26,0,30,0,17,26,0,43,12,0,12,55
10/01/2008,PDT,OR,ANM,WE,Federal Contract Tower,0,11,0,0,11,0,3,19,10,32,0,14,19,10,43,2,20,22,65
10/02/2008,PDT,OR,ANM,WE,Federal Contract Tower,0,12,0,1,13,0,1,3,0,4,0,13,3,1,17,0,0,0,17
10/03/2008,PDT,OR,ANM,WE,Federal Contract Tower,0,13,3,0,16,0,0,14,18,32,0,13,17,18,48,0,0,0,48
10/04/2008,PDT,OR,ANM,WE,Federal Contract Tower,0,8,1,0,9,0,2,14,6,22,0,10,15,6,31,0,24,24,55
10/05/2008,PDT,OR,ANM,WE,Federal Contract Tower,0,2,2,2,6,0,0,35,14,49,0,2,37,16,55,12,50,62,117
10/06/2008,PDT,OR,ANM,WE,Federal Contract Tower,0,10,2,0,12,0,3,16,0,19,0,13,18,0,31,6,0,6,37
10/07/2008,PDT,OR,ANM,WE,Federal Contract Tower,0,17,3,0,20,0,1,7,1,9,0,18,10,1,29,2,0,2,31
10/08/2008,PDT,OR,ANM,WE,Federal Contract Tower,0,12,0,0,12,0,3,27,1,31,0,15,27,1,43,4,0,4,47
10/09/2008,PDT,OR,ANM,WE,Federal Contract Tower,0,13,0,0,13,0,0,9,0,9,0,13,9,0,22,2,0,2,24
10/10/2008,PDT,OR,ANM,WE,Federal Contract Tower,0,11,1,0,12,0,1,21,0,22,0,12,22,0,34,18,0,18,52
10/11/2008,PDT,OR,ANM,WE,Federal Contract Tower,0,6,2,0,8,0,0,16,0,16,0,6,18,0,24,4,0,4,28
10/12/2008,PDT,OR,ANM,WE,Federal Contract Tower,0,4,0,0,4,0,0,42,0,42,0,4,42,0,46,4,0,4,50
10/13/2008,PDT,OR,ANM,WE,Federal Contract Tower,0,8,1,0,9,0,1,11,2,14,0,9,12,2,23,6,0,6,29
10/14/2008,PDT,OR,ANM,WE,Federal Contract Tower,0,14,3,0,17,0,3,15,0,18,0,17,18,0,35,16,0,16,51
10/15/2008,PDT,OR,ANM,WE,Federal Contract Tower,0,10,0,0,10,0,3,10,0,13,0,13,10,0,23,0,0,0,23
10/16/2008,PDT,OR,ANM,WE,Federal Contract Tower,0,14,2,0,16,0,2,13,0,15,0,16,15,0,31,14,0,14,45
10/17/2008,PDT,OR,ANM,WE,Federal Contract Tower,0,10,6,2,18,0,3,33,5,41,0,13,39,7,59,36,4,40,99
10/18/2008,PDT,OR,ANM,WE,Federal Contract Tower,0,6,7,0,13,0,1,21,0,22,0,7,28,0,35,8,0,8,43
10/19/2008,PDT,OR,ANM,WE,Federal Contract Tower,0,6,0,0,6,0,0,16,0,16,0,6,16,0,22,10,0,10,32
10/20/2008,PDT,OR,ANM,WE,Federal Contract Tower,0,11,1,0,12,0,3,7,0,10,0,14,8,0,22,6,0,6,28
10/21/2008,PDT,OR,ANM,WE,Federal Contract Tower,0,13,10,0,23,0,4,11,2,17,0,17,21,2,40,4,0,4,44
10/22/2008,PDT,OR,ANM,WE,Federal Contract Tower,0,12,1,0,13,0,2,12,6,20,0,14,13,6,33,0,16,16,49
10/23/2008,PDT,OR,ANM,WE,Federal Contract Tower,0,11,0,0,11,0,3,12,2,17,0,14,12,2,28,2,10,12,40
10/24/2008,PDT,OR,ANM,WE,Federal Contract Tower,0,11,4,0,15,0,2,12,4,18,0,13,16,4,33,4,0,4,37
10/25/2008,PDT,OR,ANM,WE,Federal Contract Tower,0,7,2,0,9,0,1,29,0,30,0,8,31,0,39,32,0,32,71
10/26/2008,PDT,OR,ANM,WE,Federal Contract Tower,0,4,2,0,6,0,0,30,1,31,0,4,32,1,37,30,0,30,67
10/27/2008,PDT,OR,ANM,WE,Federal Contract Tower,0,8,11,0,19,0,4,8,4,16,0,12,19,4,35,2,0,2,37
10/28/2008,PDT,OR,ANM,WE,Federal Contract Tower,3,6,4,0,13,0,4,20,10,34,3,10,24,10,47,6,14,20,67
10/29/2008,PDT,OR,ANM,WE,Federal Contract Tower,3,5,2,0,10,0,3,10,0,13,3,8,12,0,23,2,0,2,25
10/30/2008,PDT,OR,ANM,WE,Federal Contract Tower,3,5,9,0,17,0,2,21,9,32,3,7,30,9,49,6,8,14,63
10/31/2008,PDT,OR,ANM,WE,Federal Contract Tower,3,7,6,0,16,0,2,9,3,14,3,9,15,3,30,2,0,2,32
11/01/2008,PDT,OR,ANM,WE,Federal Contract Tower,2,1,3,2,8,0,1,1,5,7,2,2,4,7,15,0,16,16,31
11/02/2008,PDT,OR,ANM,WE,Federal Contract Tower,1,0,0,0,1,0,0,2,0,2,1,0,2,0,3,8,0,8,11
11/03/2008,PDT,OR,ANM,WE,Federal Contract Tower,3,5,8,6,22,0,2,3,5,10,3,7,11,11,32,0,0,0,32
11/04/2008,PDT,OR,ANM,WE,Federal Contract Tower,1,13,2,0,16,0,0,0,2,2,1,13,2,2,18,0,0,0,18
11/05/2008,PDT,OR,ANM,WE,Federal Contract Tower,3,7,5,0,15,0,2,14,5,21,3,9,19,5,36,18,14,32,68
11/06/2008,PDT,OR,ANM,WE,Federal Contract Tower,3,7,5,0,15,0,0,9,3,12,3,7,14,3,27,0,6,6,33
11/07/2008,PDT,OR,ANM,WE,Federal Contract Tower,3,5,2,0,10,0,4,6,1,11,3,9,8,1,21,0,0,0,21
11/08/2008,PDT,OR,ANM,WE,Federal Contract Tower,2,1,0,0,3,0,0,2,0,2,2,1,2,0,5,10,0,10,15
11/09/2008,PDT,OR,ANM,WE,Federal Contract Tower,1,0,2,0,3,0,0,2,0,2,1,0,4,0,5,16,0,16,21
11/10/2008,PDT,OR,ANM,WE,Federal Contract Tower,3,8,2,0,13,0,0,25,1,26,3,8,27,1,39,10,0,10,49
11/11/2008,PDT,OR,ANM,WE,Federal Contract Tower,3,9,5,0,17,0,0,0,0,0,3,9,5,0,17,0,0,0,17
11/12/2008,PDT,OR,ANM,WE,Federal Contract Tower,2,8,2,2,14,0,0,0,0,0,2,8,2,2,14,10,0,10,24
11/13/2008,PDT,OR,ANM,WE,Federal Contract Tower,3,7,4,0,14,0,2,1,0,3,3,9,5,0,17,2,0,2,19
11/14/2008,PDT,OR,ANM,WE,Federal Contract Tower,3,6,3,0,12,0,2,15,5,22,3,8,18,5,34,18,21,39,73
11/15/2008,PDT,OR,ANM,WE,Federal Contract Tower,2,1,1,0,4,0,1,16,0,17,2,2,17,0,21,54,0,54,75
11/16/2008,PDT,OR,ANM,WE,Federal Contract Tower,1,0,1,0,2,0,0,13,0,13,1,0,14,0,15,0,0,0,15
11/17/2008,PDT,OR,ANM,WE,Federal Contract Tower,3,6,2,0,11,0,1,11,8,20,3,7,13,8,31,0,22,22,53
11/18/2008,PDT,OR,ANM,WE,Federal Contract Tower,3,7,2,3,15,0,1,9,4,14,3,8,11,7,29,20,2,22,51
11/19/2008,PDT,OR,ANM,WE,Federal Contract Tower,4,8,2,1,15,0,0,0,5,5,4,8,2,6,20,0,10,10,30
11/20/2008,PDT,OR,ANM,WE,Federal Contract Tower,3,8,3,0,14,0,1,3,4,8,3,9,6,4,22,0,32,32,54
11/21/2008,PDT,OR,ANM,WE,Federal Contract Tower,3,4,0,0,7,0,1,10,13,24,3,5,10,13,31,4,14,18,49
11/22/2008,PDT,OR,ANM,WE,Federal Contract Tower,2,5,0,0,7,0,0,7,0,7,2,5,7,0,14,0,0,0,14
11/23/2008,PDT,OR,ANM,WE,Federal Contract Tower,1,1,1,0,3,0,1,13,0,14,1,2,14,0,17,4,0,4,21
11/24/2008,PDT,OR,ANM,WE,Federal Contract Tower,1,7,0,2,10,0,1,13,5,19,1,8,13,7,29,20,10,30,59
11/25/2008,PDT,OR,ANM,WE,Federal Contract Tower,1,13,5,0,19,0,4,24,11,39,1,17,29,11,58,16,48,64,122
11/26/2008,PDT,OR,ANM,WE,Federal Contract Tower,3,6,1,0,10,0,0,1,0,1,3,6,2,0,11,0,0,0,11
11/27/2008,PDT,OR,ANM,WE,Federal Contract Tower,3,2,0,0,5,0,0,0,0,0,3,2,0,0,5,0,0,0,5
11/28/2008,PDT,OR,ANM,WE,Federal Contract Tower,1,7,2,0,10,0,1,8,0,9,1,8,10,0,19,0,0,0,19
11/29/2008,PDT,OR,ANM,WE,Federal Contract Tower,2,1,4,0,7,0,1,11,0,12,2,2,15,0,19,18,0,18,37
11/30/2008,PDT,OR,ANM,WE,Federal Contract Tower,1,0,1,0,2,0,0,4,0,4,1,0,5,0,6,0,0,0,6
12/01/2008,PDT,OR,ANM,WE,Federal Contract Tower,3,5,0,2,10,0,1,3,5,9,3,6,3,7,19,0,6,6,25
12/02/2008,PDT,OR,ANM,WE,Federal Contract Tower,0,12,8,0,20,0,0,7,3,10,0,12,15,3,30,2,16,18,48
12/03/2008,PDT,OR,ANM,WE,Federal Contract Tower,0,11,7,0,18,0,2,9,3,14,0,13,16,3,32,24,10,34,66
12/04/2008,PDT,OR,ANM,WE,Federal Contract Tower,0,11,2,0,13,0,1,11,11,23,0,12,13,11,36,0,38,38,74
12/05/2008,PDT,OR,ANM,WE,Federal Contract Tower,0,7,1,0,8,0,3,17,0,20,0,10,18,0,28,0,0,0,28
12/06/2008,PDT,OR,ANM,WE,Federal Contract Tower,0,6,1,0,7,0,0,24,0,24,0,6,25,0,31,6,0,6,37
12/07/2008,PDT,OR,ANM,WE,Federal Contract Tower,0,3,4,0,7,0,0,6,0,6,0,3,10,0,13,4,0,4,17
12/08/2008,PDT,OR,ANM,WE,Federal Contract Tower,0,13,0,0,13,0,1,5,3,9,0,14,5,3,22,0,4,4,26
12/09/2008,PDT,OR,ANM,WE,Federal Contract Tower,0,12,3,2,17,0,1,6,0,7,0,13,9,2,24,0,0,0,24
12/10/2008,PDT,OR,ANM,WE,Federal Contract Tower,0,11,0,0,11,0,4,7,0,11,0,15,7,0,22,0,0,0,22
12/11/2008,PDT,OR,ANM,WE,Federal Contract Tower,0,13,3,0,16,0,0,7,0,7,0,13,10,0,23,4,0,4,27
12/12/2008,PDT,OR,ANM,WE,Federal Contract Tower,0,10,0,0,10,0,0,7,0,7,0,10,7,0,17,0,0,0,17
12/13/2008,PDT,OR,ANM,WE,Federal Contract Tower,0,6,0,0,6,0,0,0,0,0,0,6,0,0,6,0,0,0,6
12/14/2008,PDT,OR,ANM,WE,Federal Contract Tower,0,5,0,0,5,0,0,0,0,0,0,5,0,0,5,0,0,0,5
12/15/2008,PDT,OR,ANM,WE,Federal Contract Tower,0,9,0,0,9,0,0,0,0,0,0,9,0,0,9,0,0,0,9
12/16/2008,PDT,OR,ANM,WE,Federal Contract Tower,0,15,0,0,15,0,3,4,0,7,0,18,4,0,22,0,0,0,22
12/17/2008,PDT,OR,ANM,WE,Federal Contract Tower,0,14,1,0,15,0,1,2,0,3,0,15,3,0,18,0,0,0,18
12/18/2008,PDT,OR,ANM,WE,Federal Contract Tower,0,12,0,0,12,0,0,0,0,0,0,12,0,0,12,4,0,4,16
12/19/2008,PDT,OR,ANM,WE,Federal Contract Tower,0,15,1,0,16,0,0,0,0,0,0,15,1,0,16,0,0,0,16
12/20/2008,PDT,OR,ANM,WE,Federal Contract Tower,0,9,0,0,9,0,0,6,0,6,0,9,6,0,15,10,0,10,25
12/21/2008,PDT,OR,ANM,WE,Federal Contract Tower,0,2,1,0,3,0,0,0,0,0,0,2,1,0,3,0,0,0,3
12/22/2008,PDT,OR,ANM,WE,Federal Contract Tower,0,8,0,0,8,0,0,0,0,0,0,8,0,0,8,0,0,0,8
12/23/2008,PDT,OR,ANM,WE,Federal Contract Tower,0,18,1,0,19,0,0,0,0,0,0,18,1,0,19,0,0,0,19
12/24/2008,PDT,OR,ANM,WE,Federal Contract Tower,0,17,2,0,19,0,0,0,0,0,0,17,2,0,19,0,0,0,19
12/25/2008,PDT,OR,ANM,WE,Federal Contract Tower,0,6,0,0,6,0,0,0,0,0,0,6,0,0,6,0,0,0,6
12/26/2008,PDT,OR,ANM,WE,Federal Contract Tower,0,15,0,0,15,0,2,0,0,2,0,17,0,0,17,0,0,0,17
12/27/2008,PDT,OR,ANM,WE,Federal Contract Tower,0,9,0,0,9,0,12,0,0,12,0,21,0,0,21,4,0,4,25
12/28/2008,PDT,OR,ANM,WE,Federal Contract Tower,0,4,0,0,4,0,0,2,0,2,0,4,2,0,6,0,0,0,6
12/29/2008,PDT,OR,ANM,WE,Federal Contract Tower,0,8,5,0,13,0,0,8,0,8,0,8,13,0,21,0,0,0,21
12/30/2008,PDT,OR,ANM,WE,Federal Contract Tower,0,12,0,0,12,0,0,0,0,0,0,12,0,0,12,2,0,2,14
12/31/2008,PDT,OR,ANM,WE,Federal Contract Tower,0,10,0,0,10,0,0,3,0,3,0,10,3,0,13,0,0,0,13
01/01/2009,PDT,OR,ANM,WE,Federal Contract Tower,0,6,0,0,6,0,0,7,0,7,0,6,7,0,13,0,0,0,13
01/02/2009,PDT,OR,ANM,WE,Federal Contract Tower,0,10,5,0,15,0,1,9,0,10,0,11,14,0,25,8,0,8,33
01/03/2009,PDT,OR,ANM,WE,Federal Contract Tower,0,7,2,0,9,0,0,6,0,6,0,7,8,0,15,0,0,0,15
01/04/2009,PDT,OR,ANM,WE,Federal Contract Tower,4,6,0,0,10,8,0,5,0,13,12,6,5,0,23,30,0,30,53
01/05/2009,PDT,OR,ANM,WE,Federal Contract Tower,0,10,0,0,10,0,0,2,0,2,0,10,2,0,12,4,0,4,16
01/06/2009,PDT,OR,ANM,WE,Federal Contract Tower,0,16,0,0,16,0,0,7,2,9,0,16,7,2,25,0,6,6,31
01/07/2009,PDT,OR,ANM,WE,Federal Contract Tower,0,14,0,0,14,0,1,3,0,4,0,15,3,0,18,2,0,2,20
01/08/2009,PDT,OR,ANM,WE,Federal Contract Tower,0,13,0,2,15,0,3,6,3,12,0,16,6,5,27,4,0,4,31
01/09/2009,PDT,OR,ANM,WE,Federal Contract Tower,0,9,1,0,10,0,2,10,2,14,0,11,11,2,24,22,0,22,46
01/10/2009,PDT,OR,ANM,WE,Federal Contract Tower,0,6,0,0,6,0,1,8,3,12,0,7,8,3,18,6,4,10,28
01/11/2009,PDT,OR,ANM,WE,Federal Contract Tower,0,5,2,0,7,0,0,24,2,26,0,5,26,2,33,8,0,8,41
01/12/2009,PDT,OR,ANM,WE,Federal Contract Tower,0,13,5,0,18,0,1,11,2,14,0,14,16,2,32,10,10,20,52
01/13/2009,PDT,OR,ANM,WE,Federal Contract Tower,0,13,2,0,15,0,2,14,0,16,0,15,16,0,31,8,0,8,39
01/14/2009,PDT,OR,ANM,WE,Federal Contract Tower,0,8,5,0,13,0,2,3,0,5,0,10,8,0,18,4,0,4,22
01/15/2009,PDT,OR,ANM,WE,Federal Contract Tower,0,3,0,0,3,0,0,0,0,0,0,3,0,0,3,0,0,0,3
01/16/2009,PDT,OR,ANM,WE,Federal Contract Tower,0,12,0,0,12,0,0,0,0,0,0,12,0,0,12,0,0,0,12
01/17/2009,PDT,OR,ANM,WE,Federal Contract Tower,0,6,1,0,7,0,0,0,0,0,0,6,1,0,7,0,0,0,7
01/18/2009,PDT,OR,ANM,WE,Federal Contract Tower,0,6,3,0,9,0,0,4,0,4,0,6,7,0,13,0,0,0,13
01/19/2009,PDT,OR,ANM,WE,Federal Contract Tower,0,11,0,0,11,0,0,1,0,1,0,11,1,0,12,0,0,0,12
01/20/2009,PDT,OR,ANM,WE,Federal Contract Tower,0,17,6,3,26,0,0,0,0,0,0,17,6,3,26,0,0,0,26
01/21/2009,PDT,OR,ANM,WE,Federal Contract Tower,0,15,4,0,19,0,0,0,0,0,0,15,4,0,19,0,0,0,19
01/22/2009,PDT,OR,ANM,WE,Federal Contract Tower,0,18,6,0,24,0,0,3,0,3,0,18,9,0,27,0,0,0,27
01/23/2009,PDT,OR,ANM,WE,Federal Contract Tower,0,14,3,0,17,0,1,0,0,1,0,15,3,0,18,0,0,0,18
01/24/2009,PDT,OR,ANM,WE,Federal Contract Tower,0,8,3,1,12,0,0,0,0,0,0,8,3,1,12,0,0,0,12
01/25/2009,PDT,OR,ANM,WE,Federal Contract Tower,0,7,0,0,7,0,0,4,0,4,0,7,4,0,11,0,0,0,11
01/26/2009,PDT,OR,ANM,WE,Federal Contract Tower,0,12,0,3,15,0,2,10,3,15,0,14,10,6,30,0,17,17,47
01/27/2009,PDT,OR,ANM,WE,Federal Contract Tower,0,12,0,0,12,0,4,2,17,23,0,16,2,17,35,0,2,2,37
01/28/2009,PDT,OR,ANM,WE,Federal Contract Tower,0,11,4,0,15,0,3,7,6,16,0,14,11,6,31,6,10,16,47
01/29/2009,PDT,OR,ANM,WE,Federal Contract Tower,0,13,7,0,20,0,3,15,8,26,0,16,22,8,46,6,4,10,56
01/30/2009,PDT,OR,ANM,WE,Federal Contract Tower,0,10,0,2,12,0,5,15,5,25,0,15,15,7,37,10,14,24,61
01/31/2009,PDT,OR,ANM,WE,Federal Contract Tower,0,8,2,0,10,0,2,23,0,25,0,10,25,0,35,22,0,22,57
02/01/2009,PDT,OR,ANM,WE,Federal Contract Tower,0,5,0,0,5,0,1,23,0,24,0,6,23,0,29,0,0,0,29
02/02/2009,PDT,OR,ANM,WE,Federal Contract Tower,0,8,7,0,15,0,4,10,2,16,0,12,17,2,31,4,16,20,51
02/03/2009,PDT,OR,ANM,WE,Federal Contract Tower,0,10,3,1,14,0,5,14,6,25,0,15,17,7,39,15,12,27,66
02/04/2009,PDT,OR,ANM,WE,Federal Contract Tower,0,13,0,1,14,0,2,17,6,25,0,15,17,7,39,4,2,6,45
02/05/2009,PDT,OR,ANM,WE,Federal Contract Tower,0,16,1,4,21,0,1,8,10,19,0,17,9,14,40,6,30,36,76
02/06/2009,PDT,OR,ANM,WE,Federal Contract Tower,0,17,1,0,18,0,1,11,8,20,0,18,12,8,38,10,46,56,94
02/07/2009,PDT,OR,ANM,WE,Federal Contract Tower,0,1,2,4,7,0,2,4,10,16,0,3,6,14,23,0,52,52,75
02/08/2009,PDT,OR,ANM,WE,Federal Contract Tower,0,4,2,1,7,0,0,0,1,1,0,4,2,2,8,0,0,0,8
02/09/2009,PDT,OR,ANM,WE,Federal Contract Tower,0,12,0,0,12,0,2,2,4,8,0,14,2,4,20,0,26,26,46
02/10/2009,PDT,OR,ANM,WE,Federal Contract Tower,0,14,0,0,14,0,2,10,13,25,0,16,10,13,39,50,40,90,129
02/11/2009,PDT,OR,ANM,WE,Federal Contract Tower,0,16,0,0,16,0,0,0,0,0,0,16,0,0,16,8,0,8,24
02/12/2009,PDT,OR,ANM,WE,Federal Contract Tower,0,17,0,0,17,0,1,10,0,11,0,18,10,0,28,4,0,4,32
02/13/2009,PDT,OR,ANM,WE,Federal Contract Tower,0,9,0,1,10,0,3,12,0,15,0,12,12,1,25,12,6,18,43
02/14/2009,PDT,OR,ANM,WE,Federal Contract Tower,0,6,0,0,6,0,1,7,0,8,0,7,7,0,14,7,0,7,21
02/15/2009,PDT,OR,ANM,WE,Federal Contract Tower,0,5,0,0,5,0,0,0,0,0,0,5,0,0,5,0,0,0,5
02/16/2009,PDT,OR,ANM,WE,Federal Contract Tower,0,10,0,0,10,0,0,7,0,7,0,10,7,0,17,4,0,4,21
02/17/2009,PDT,OR,ANM,WE,Federal Contract Tower,0,17,0,0,17,0,1,1,0,2,0,18,1,0,19,12,0,12,31
02/18/2009,PDT,OR,ANM,WE,Federal Contract Tower,0,13,3,0,16,0,1,19,0,20,0,14,22,0,36,0,0,0,36
02/19/2009,PDT,OR,ANM,WE,Federal Contract Tower,0,17,3,0,20,0,4,24,5,33,0,21,27,5,53,8,12,20,73
02/20/2009,PDT,OR,ANM,WE,Federal Contract Tower,0,13,3,0,16,0,0,0,0,0,0,13,3,0,16,0,0,0,16
02/21/2009,PDT,OR,ANM,WE,Federal Contract Tower,0,8,3,0,11,0,0,0,0,0,0,8,3,0,11,0,0,0,11
02/22/2009,PDT,OR,ANM,WE,Federal Contract Tower,0,6,0,2,8,0,0,3,0,3,0,6,3,2,11,0,0,0,11
02/23/2009,PDT,OR,ANM,WE,Federal Contract Tower,0,11,3,0,14,0,1,0,0,1,0,12,3,0,15,0,0,0,15
02/24/2009,PDT,OR,ANM,WE,Federal Contract Tower,0,12,4,0,16,0,3,10,2,15,0,15,14,2,31,24,0,24,55
02/25/2009,PDT,OR,ANM,WE,Federal Contract Tower,0,16,0,0,16,0,1,3,0,4,0,17,3,0,20,0,0,0,20
02/26/2009,PDT,OR,ANM,WE,Federal Contract Tower,0,13,1,0,14,0,2,0,0,2,0,15,1,0,16,0,0,0,16
02/27/2009,PDT,OR,ANM,WE,Federal Contract Tower,0,11,8,0,19,0,2,30,0,32,0,13,38,0,51,26,0,26,77
02/28/2009,PDT,OR,ANM,WE,Federal Contract Tower,0,7,0,0,7,0,4,30,2,36,0,11,30,2,43,26,0,26,69
03/01/2009,PDT,OR,ANM,WE,Federal Contract Tower,0,5,0,0,5,0,0,12,0,12,0,5,12,0,17,14,0,14,31
03/02/2009,PDT,OR,ANM,WE,Federal Contract Tower,0,16,0,0,16,0,3,2,0,5,0,19,2,0,21,0,0,0,21
03/03/2009,PDT,OR,ANM,WE,Federal Contract Tower,0,14,1,4,19,0,4,14,2,20,0,18,15,6,39,10,8,18,57
03/04/2009,PDT,OR,ANM,WE,Federal Contract Tower,0,12,2,2,16,0,3,8,1,12,0,15,10,3,28,0,0,0,28
03/05/2009,PDT,OR,ANM,WE,Federal Contract Tower,0,16,2,1,19,0,0,1,3,4,0,16,3,4,23,0,10,10,33
03/06/2009,PDT,OR,ANM,WE,Federal Contract Tower,0,12,5,2,19,0,3,29,7,39,0,15,34,9,58,24,12,36,94
03/07/2009,PDT,OR,ANM,WE,Federal Contract Tower,0,6,0,0,6,0,2,4,5,11,0,8,4,5,17,0,10,10,27
03/08/2009,PDT,OR,ANM,WE,Federal Contract Tower,0,5,0,0,5,0,0,0,9,9,0,5,0,9,14,0,42,42,56
03/09/2009,PDT,OR,ANM,WE,Federal Contract Tower,0,13,0,0,13,0,3,7,0,10,0,16,7,0,23,12,6,18,41
03/10/2009,PDT,OR,ANM,WE,Federal Contract Tower,0,14,0,1,15,0,2,20,6,28,0,16,20,7,43,36,54,90,133
03/11/2009,PDT,OR,ANM,WE,Federal Contract Tower,0,12,0,1,13,0,3,18,4,25,0,15,18,5,38,32,58,90,128
03/12/2009,PDT,OR,ANM,WE,Federal Contract Tower,0,8,6,0,14,0,7,29,0,36,0,15,35,0,50,10,0,10,60
03/13/2009,PDT,OR,ANM,WE,Federal Contract Tower,0,12,2,0,14,0,2,26,0,28,0,14,28,0,42,10,0,10,52
03/14/2009,PDT,OR,ANM,WE,Federal Contract Tower,0,9,0,0,9,0,1,7,0,8,0,10,7,0,17,4,0,4,21
03/15/2009,PDT,OR,ANM,WE,Federal Contract Tower,0,5,1,0,6,0,0,1,0,1,0,5,2,0,7,0,0,0,7
03/16/2009,PDT,OR,ANM,WE,Federal Contract Tower,0,12,3,1,16,0,1,7,5,13,0,13,10,6,29,0,24,24,53
03/17/2009,PDT,OR,ANM,WE,Federal Contract Tower,0,12,6,2,20,0,3,4,4,11,0,15,10,6,31,2,10,12,43
03/18/2009,PDT,OR,ANM,WE,Federal Contract Tower,0,11,3,0,14,0,3,21,4,28,0,14,24,4,42,6,12,18,60
03/19/2009,PDT,OR,ANM,WE,Federal Contract Tower,0,12,3,2,17,0,4,26,8,38,0,16,29,10,55,0,42,42,97
03/20/2009,PDT,OR,ANM,WE,Federal Contract Tower,0,10,6,1,17,0,2,28,3,33,0,12,34,4,50,10,60,70,120
03/21/2009,PDT,OR,ANM,WE,Federal Contract Tower,0,4,0,0,4,0,4,22,0,26,0,8,22,0,30,64,0,64,94
03/22/2009,PDT,OR,ANM,WE,Federal Contract Tower,0,5,1,0,6,0,0,7,0,7,0,5,8,0,13,0,0,0,13
03/23/2009,PDT,OR,ANM,WE,Federal Contract Tower,0,9,0,0,9,0,3,1,4,8,0,12,1,4,17,8,0,8,25
03/24/2009,PDT,OR,ANM,WE,Federal Contract Tower,0,14,1,0,15,0,2,2,0,4,0,16,3,0,19,2,0,2,21
03/25/2009,PDT,OR,ANM,WE,Federal Contract Tower,0,10,0,0,10,0,0,0,0,0,0,10,0,0,10,0,0,0,10
03/26/2009,PDT,OR,ANM,WE,Federal Contract Tower,0,13,0,0,13,0,2,15,0,17,0,15,15,0,30,28,0,28,58
03/27/2009,PDT,OR,ANM,WE,Federal Contract Tower,0,11,2,1,14,0,2,22,1,25,0,13,24,2,39,20,32,52,91
03/28/2009,PDT,OR,ANM,WE,Federal Contract Tower,0,8,1,0,9,0,0,2,0,2,0,8,3,0,11,0,0,0,11
03/29/2009,PDT,OR,ANM,WE,Federal Contract Tower,0,5,0,0,5,0,0,2,0,2,0,5,2,0,7,0,0,0,7
03/30/2009,PDT,OR,ANM,WE,Federal Contract Tower,0,8,2,1,11,0,5,13,5,23,0,13,15,6,34,0,20,20,54
03/31/2009,PDT,OR,ANM,WE,Federal Contract Tower,0,11,2,0,13,0,0,4,4,8,0,11,6,4,21,0,4,4,25
04/01/2009,PDT,OR,ANM,WE,Federal Contract Tower,0,11,0,0,11,0,4,1,0,5,0,15,1,0,16,0,2,2,18
04/02/2009,PDT,OR,ANM,WE,Federal Contract Tower,0,17,1,0,18,0,2,1,2,5,0,19,2,2,23,0,8,8,31
04/03/2009,PDT,OR,ANM,WE,Federal Contract Tower,0,12,0,0,12,0,2,11,3,16,0,14,11,3,28,14,12,26,54
04/04/2009,PDT,OR,ANM,WE,Federal Contract Tower,0,7,11,2,20,0,1,38,2,41,0,8,49,4,61,22,10,32,93
04/05/2009,PDT,OR,ANM,WE,Federal Contract Tower,0,5,1,1,7,0,0,41,5,46,0,5,42,6,53,52,8,60,113
04/06/2009,PDT,OR,ANM,WE,Federal Contract Tower,0,6,0,0,6,0,6,21,5,32,0,12,21,5,38,20,21,41,79
04/07/2009,PDT,OR,ANM,WE,Federal Contract Tower,0,12,0,0,12,0,5,24,5,34,0,17,24,5,46,4,8,12,58
04/08/2009,PDT,OR,ANM,WE,Federal Contract Tower,0,10,1,0,11,0,2,14,3,19,0,12,15,3,30,20,0,20,50
04/09/2009,PDT,OR,ANM,WE,Federal Contract Tower,0,11,11,0,22,0,4,21,2,27,0,15,32,2,49,20,4,24,73
04/10/2009,PDT,OR,ANM,WE,Federal Contract Tower,0,15,0,0,15,0,1,23,0,24,0,16,23,0,39,8,0,8,47
04/11/2009,PDT,OR,ANM,WE,Federal Contract Tower,0,7,1,0,8,0,1,20,0,21,0,8,21,0,29,8,0,8,37
04/12/2009,PDT,OR,ANM,WE,Federal Contract Tower,0,5,1,0,6,0,0,17,0,17,0,5,18,0,23,2,0,2,25
04/13/2009,PDT,OR,ANM,WE,Federal Contract Tower,0,12,0,0,12,0,0,12,0,12,0,12,12,0,24,4,0,4,28
04/14/2009,PDT,OR,ANM,WE,Federal Contract Tower,0,14,4,0,18,0,0,14,4,18,0,14,18,4,36,6,0,6,42
04/15/2009,PDT,OR,ANM,WE,Federal Contract Tower,0,10,1,0,11,0,4,15,2,21,0,14,16,2,32,2,4,6,38
04/16/2009,PDT,OR,ANM,WE,Federal Contract Tower,0,6,0,0,6,0,10,37,1,48,0,16,37,1,54,28,0,28,82
04/17/2009,PDT,OR,ANM,WE,Federal Contract Tower,0,14,1,0,15,0,2,29,1,32,0,16,30,1,47,10,0,10,57
04/18/2009,PDT,OR,ANM,WE,Federal Contract Tower,0,4,2,0,6,0,5,31,0,36,0,9,33,0,42,2,0,2,44
04/19/2009,PDT,OR,ANM,WE,Federal Contract Tower,0,3,3,0,6,0,2,49,0,51,0,5,52,0,57,12,0,12,69
04/20/2009,PDT,OR,ANM,WE,Federal Contract Tower,0,2,0,0,2,0,13,25,8,46,0,15,25,8,48,16,10,26,74
04/21/2009,PDT,OR,ANM,WE,Federal Contract Tower,0,8,0,2,10,0,7,27,8,42,0,15,27,10,52,10,14,24,76
04/22/2009,PDT,OR,ANM,WE,Federal Contract Tower,0,7,3,0,10,0,9,19,9,37,0,16,22,9,47,2,48,50,97
04/23/2009,PDT,OR,ANM,WE,Federal Contract Tower,0,10,5,0,15,0,6,13,11,30,0,16,18,11,45,18,184,202,247
04/24/2009,PDT,OR,ANM,WE,Federal Contract Tower,0,10,3,0,13,0,4,23,7,34,0,14,26,7,47,18,30,48,95
04/25/2009,PDT,OR,ANM,WE,Federal Contract Tower,0,6,4,0,10,0,1,16,2,19,0,7,20,2,29,6,0,6,35
04/26/2009,PDT,OR,ANM,WE,Federal Contract Tower,0,4,2,0,6,0,0,21,0,21,0,4,23,0,27,24,0,24,51
04/27/2009,PDT,OR,ANM,WE,Federal Contract Tower,0,10,2,0,12,0,4,6,4,14,0,14,8,4,26,12,2,14,40
04/28/2009,PDT,OR,ANM,WE,Federal Contract Tower,0,20,0,1,21,0,1,5,9,15,0,21,5,10,36,0,16,16,52
04/29/2009,PDT,OR,ANM,WE,Federal Contract Tower,0,13,2,1,16,0,2,7,2,11,0,15,9,3,27,16,2,18,45
04/30/2009,PDT,OR,ANM,WE,Federal Contract Tower,0,10,2,0,12,0,5,4,2,11,0,15,6,2,23,40,0,40,63
05/01/2009,PDT,OR,ANM,WE,Federal Contract Tower,0,9,0,0,9,0,4,23,4,31,0,13,23,4,40,38,8,46,86
05/02/2009,PDT,OR,ANM,WE,Federal Contract Tower,0,5,1,0,6,0,1,7,6,14,0,6,8,6,20,0,8,8,28
05/03/2009,PDT,OR,ANM,WE,Federal Contract Tower,0,4,2,1,7,0,0,9,6,15,0,4,11,7,22,0,20,20,42
05/04/2009,PDT,OR,ANM,WE,Federal Contract Tower,0,10,0,0,10,0,2,7,5,14,0,12,7,5,24,0,26,26,50
05/05/2009,PDT,OR,ANM,WE,Federal Contract Tower,0,15,2,0,17,0,0,0,0,0,0,15,2,0,17,0,0,0,17
05/06/2009,PDT,OR,ANM,WE,Federal Contract Tower,0,13,2,0,15,0,1,4,2,7,0,14,6,2,22,0,6,6,28
05/07/2009,PDT,OR,ANM,WE,Federal Contract Tower,0,14,1,0,15,0,2,6,3,11,0,16,7,3,26,0,10,10,36
05/08/2009,PDT,OR,ANM,WE,Federal Contract Tower,0,12,2,2,16,0,3,13,2,18,0,15,15,4,34,2,14,16,50
05/09/2009,PDT,OR,ANM,WE,Federal Contract Tower,0,5,2,0,7,0,4,27,0,31,0,9,29,0,38,30,0,30,68
05/10/2009,PDT,OR,ANM,WE,Federal Contract Tower,0,4,1,0,5,0,1,21,0,22,0,5,22,0,27,14,0,14,41
05/11/2009,PDT,OR,ANM,WE,Federal Contract Tower,0,8,2,0,10,0,6,25,0,31,0,14,27,0,41,32,0,32,73
05/12/2009,PDT,OR,ANM,WE,Federal Contract Tower,0,11,0,0,11,0,4,6,5,15,0,15,6,5,26,0,4,4,30
05/13/2009,PDT,OR,ANM,WE,Federal Contract Tower,0,11,0,2,13,0,4,20,8,32,0,15,20,10,45,20,64,84,129
05/14/2009,PDT,OR,ANM,WE,Federal Contract Tower,0,13,2,2,17,0,3,15,4,22,0,16,17,6,39,16,0,16,55
05/15/2009,PDT,OR,ANM,WE,Federal Contract Tower,0,8,0,3,11,0,5,55,1,61,0,13,55,4,72,112,0,112,184
05/16/2009,PDT,OR,ANM,WE,Federal Contract Tower,0,5,1,0,6,0,6,36,0,42,0,11,37,0,48,30,0,30,78
05/17/2009,PDT,OR,ANM,WE,Federal Contract Tower,0,2,0,0,2,0,2,30,0,32,0,4,30,0,34,12,0,12,46
05/18/2009,PDT,OR,ANM,WE,Federal Contract Tower,0,8,0,0,8,0,6,20,2,28,0,14,20,2,36,20,4,24,60
05/19/2009,PDT,OR,ANM,WE,Federal Contract Tower,0,14,0,0,14,0,2,14,6,22,0,16,14,6,36,6,52,58,94
05/20/2009,PDT,OR,ANM,WE,Federal Contract Tower,0,11,1,0,12,0,6,22,9,37,0,17,23,9,49,4,6,10,59
05/21/2009,PDT,OR,ANM,WE,Federal Contract Tower,0,10,3,4,17,0,4,31,4,39,0,14,34,8,56,20,0,20,76
05/22/2009,PDT,OR,ANM,WE,Federal Contract Tower,0,8,3,0,11,0,7,26,0,33,0,15,29,0,44,24,0,24,68
05/23/2009,PDT,OR,ANM,WE,Federal Contract Tower,0,7,1,0,8,0,1,21,0,22,0,8,22,0,30,25,0,25,55
05/24/2009,PDT,OR,ANM,WE,Federal Contract Tower,0,5,0,0,5,0,0,19,0,19,0,5,19,0,24,48,0,48,72
05/25/2009,PDT,OR,ANM,WE,Federal Contract Tower,0,3,0,0,3,0,1,26,0,27,0,4,26,0,30,22,0,22,52
05/26/2009,PDT,OR,ANM,WE,Federal Contract Tower,0,7,0,0,7,0,4,33,0,37,0,11,33,0,44,12,0,12,56
05/27/2009,PDT,OR,ANM,WE,Federal Contract Tower,0,7,2,2,11,0,8,27,5,40,0,15,29,7,51,14,14,28,79
05/28/2009,PDT,OR,ANM,WE,Federal Contract Tower,0,10,0,1,11,0,4,63,7,74,0,14,63,8,85,132,8,140,225
05/29/2009,PDT,OR,ANM,WE,Federal Contract Tower,0,8,0,2,10,0,7,60,3,70,0,15,60,5,80,124,12,136,216
05/30/2009,PDT,OR,ANM,WE,Federal Contract Tower,0,6,2,0,8,0,1,79,0,80,0,7,81,0,88,64,0,64,152
05/31/2009,PDT,OR,ANM,WE,Federal Contract Tower,0,5,1,0,6,0,0,18,0,18,0,5,19,0,24,6,0,6,30
06/01/2009,PDT,OR,ANM,WE,Federal Contract Tower,0,9,1,1,11,0,5,18,3,26,0,14,19,4,37,0,28,28,65
06/02/2009,PDT,OR,ANM,WE,Federal Contract Tower,0,10,2,0,12,0,4,15,11,30,0,14,17,11,42,16,16,32,74
06/03/2009,PDT,OR,ANM,WE,Federal Contract Tower,0,10,0,0,10,0,4,14,1,19,0,14,14,1,29,32,6,38,67
06/04/2009,PDT,OR,ANM,WE,Federal Contract Tower,0,11,0,0,11,0,3,11,1,15,0,14,11,1,26,14,10,24,50
06/05/2009,PDT,OR,ANM,WE,Federal Contract Tower,0,10,0,2,12,0,4,14,0,18,0,14,14,2,30,4,0,4,34
06/06/2009,PDT,OR,ANM,WE,Federal Contract Tower,0,5,2,0,7,0,3,14,0,17,0,8,16,0,24,4,0,4,28
06/07/2009,PDT,OR,ANM,WE,Federal Contract Tower,0,4,1,0,5,0,1,18,0,19,0,5,19,0,24,0,0,0,24
06/08/2009,PDT,OR,ANM,WE,Federal Contract Tower,0,8,5,2,15,0,4,14,2,20,0,12,19,4,35,40,0,40,75
06/09/2009,PDT,OR,ANM,WE,Federal Contract Tower,0,10,2,0,12,0,4,14,4,22,0,14,16,4,34,4,10,14,48
06/10/2009,PDT,OR,ANM,WE,Federal Contract Tower,0,13,0,0,13,0,2,25,1,28,0,15,25,1,41,4,14,18,59
06/11/2009,PDT,OR,ANM,WE,Federal Contract Tower,0,11,3,0,14,0,3,14,5,22,0,14,17,5,36,6,6,12,48
06/12/2009,PDT,OR,ANM,WE,Federal Contract Tower,0,9,0,0,9,0,5,20,0,25,0,14,20,0,34,10,0,10,44
06/13/2009,PDT,OR,ANM,WE,Federal Contract Tower,0,4,6,0,10,0,3,26,5,34,0,7,32,5,44,18,6,24,68
06/14/2009,PDT,OR,ANM,WE,Federal Contract Tower,0,4,1,0,5,0,1,14,0,15,0,5,15,0,20,10,0,10,30
06/15/2009,PDT,OR,ANM,WE,Federal Contract Tower,0,10,2,2,14,0,4,27,0,31,0,14,29,2,45,14,0,14,59
06/16/2009,PDT,OR,ANM,WE,Federal Contract Tower,0,10,0,2,12,0,6,16,0,22,0,16,16,2,34,12,0,12,46
06/17/2009,PDT,OR,ANM,WE,Federal Contract Tower,0,12,8,0,20,0,6,11,5,22,0,18,19,5,42,26,8,34,76
06/18/2009,PDT,OR,ANM,WE,Federal Contract Tower,0,10,2,0,12,0,3,25,6,34,0,13,27,6,46,40,50,90,136
06/19/2009,PDT,OR,ANM,WE,Federal Contract Tower,0,11,2,0,13,0,3,18,0,21,0,14,20,0,34,10,0,10,44
06/20/2009,PDT,OR,ANM,WE,Federal Contract Tower,0,5,1,0,6,0,2,32,7,41,0,7,33,7,47,72,54,126,173
06/21/2009,PDT,OR,ANM,WE,Federal Contract Tower,0,5,0,0,5,0,0,20,0,20,0,5,20,0,25,22,0,22,47
06/22/2009,PDT,OR,ANM,WE,Federal Contract Tower,0,10,5,0,15,0,2,13,0,15,0,12,18,0,30,16,0,16,46
06/23/2009,PDT,OR,ANM,WE,Federal Contract Tower,0,9,3,0,12,0,4,26,6,36,0,13,29,6,48,6,0,6,54
06/24/2009,PDT,OR,ANM,WE,Federal Contract Tower,0,9,2,0,11,0,6,12,10,28,0,15,14,10,39,0,31,31,70
06/25/2009,PDT,OR,ANM,WE,Federal Contract Tower,0,11,3,0,14,0,3,7,3,13,0,14,10,3,27,0,0,0,27
06/26/2009,PDT,OR,ANM,WE,Federal Contract Tower,0,8,0,2,10,0,9,22,3,34,0,17,22,5,44,0,26,26,70
06/27/2009,PDT,OR,ANM,WE,Federal Contract Tower,0,6,0,0,6,0,2,30,2,34,0,8,30,2,40,68,0,68,108
06/28/2009,PDT,OR,ANM,WE,Federal Contract Tower,0,5,0,0,5,0,0,27,0,27,0,5,27,0,32,50,0,50,82
06/29/2009,PDT,OR,ANM,WE,Federal Contract Tower,0,9,1,0,10,0,3,8,1,12,0,12,9,1,22,0,0,0,22
06/30/2009,PDT,OR,ANM,WE,Federal Contract Tower,0,9,2,0,11,0,3,25,0,28,0,12,27,0,39,16,0,16,55
07/01/2009,PDT,OR,ANM,WE,Federal Contract Tower,0,9,1,0,10,0,5,27,0,32,0,14,28,0,42,42,6,48,90
07/02/2009,PDT,OR,ANM,WE,Federal Contract Tower,0,10,3,1,14,0,5,22,6,33,0,15,25,7,47,20,20,40,87
07/03/2009,PDT,OR,ANM,WE,Federal Contract Tower,0,9,0,0,9,0,3,29,0,32,0,12,29,0,41,37,0,37,78
07/04/2009,PDT,OR,ANM,WE,Federal Contract Tower,0,2,0,0,2,0,3,16,2,21,0,5,16,2,23,10,0,10,33
07/05/2009,PDT,OR,ANM,WE,Federal Contract Tower,0,2,2,0,4,0,6,21,0,27,0,8,23,0,31,42,0,42,73
07/06/2009,PDT,OR,ANM,WE,Federal Contract Tower,0,7,0,0,7,0,5,13,0,18,0,12,13,0,25,10,0,10,35
07/07/2009,PDT,OR,ANM,WE,Federal Contract Tower,0,10,0,2,12,0,4,18,0,22,0,14,18,2,34,22,0,22,56
07/08/2009,PDT,OR,ANM,WE,Federal Contract Tower,0,8,1,0,9,0,6,15,4,25,0,14,16,4,34,4,30,34,68
07/09/2009,PDT,OR,ANM,WE,Federal Contract Tower,0,9,0,2,11,0,5,31,1,37,0,14,31,3,48,30,0,30,78
07/10/2009,PDT,OR,ANM,WE,Federal Contract Tower,0,8,2,0,10,0,6,31,1,38,0,14,33,1,48,6,0,6,54
07/11/2009,PDT,OR,ANM,WE,Federal Contract Tower,0,6,4,0,10,0,1,6,1,8,0,7,10,1,18,0,0,0,18
07/12/2009,PDT,OR,ANM,WE,Federal Contract Tower,0,4,2,0,6,0,1,15,0,16,0,5,17,0,22,34,0,34,56
07/13/2009,PDT,OR,ANM,WE,Federal Contract Tower,0,12,5,0,17,0,4,15,4,23,0,16,20,4,40,6,4,10,50
07/14/2009,PDT,OR,ANM,WE,Federal Contract Tower,0,10,10,0,20,0,3,32,11,46,0,13,42,11,66,52,66,118,184
07/15/2009,PDT,OR,ANM,WE,Federal Contract Tower,0,9,0,0,9,0,5,42,2,49,0,14,42,2,58,0,12,12,70
07/16/2009,PDT,OR,ANM,WE,Federal Contract Tower,0,8,2,0,10,0,6,61,2,69,0,14,63,2,79,32,6,38,117
07/17/2009,PDT,OR,ANM,WE,Federal Contract Tower,0,11,1,0,12,0,3,135,0,138,0,14,136,0,150,64,0,64,214
07/18/2009,PDT,OR,ANM,WE,Federal Contract Tower,0,6,3,0,9,0,3,104,0,107,0,9,107,0,116,53,0,53,169
07/19/2009,PDT,OR,ANM,WE,Federal Contract Tower,0,5,1,0,6,0,0,30,0,30,0,5,31,0,36,32,0,32,68
07/20/2009,PDT,OR,ANM,WE,Federal Contract Tower,0,8,1,0,9,0,3,14,0,17,0,11,15,0,26,18,0,18,44
07/21/2009,PDT,OR,ANM,WE,Federal Contract Tower,0,9,0,0,9,0,5,51,4,60,0,14,51,4,69,4,0,4,73
07/22/2009,PDT,OR,ANM,WE,Federal Contract Tower,0,10,0,2,12,0,4,28,0,32,0,14,28,2,44,2,0,2,46
07/23/2009,PDT,OR,ANM,WE,Federal Contract Tower,0,11,2,1,14,0,3,8,3,14,0,14,10,4,28,0,0,0,28
07/24/2009,PDT,OR,ANM,WE,Federal Contract Tower,0,10,2,0,12,0,5,18,1,24,0,15,20,1,36,16,0,16,52
07/25/2009,PDT,OR,ANM,WE,Federal Contract Tower,0,5,0,0,5,0,2,23,0,25,0,7,23,0,30,10,0,10,40
07/26/2009,PDT,OR,ANM,WE,Federal Contract Tower,0,2,0,0,2,0,4,18,0,22,0,6,18,0,24,12,0,12,36
07/27/2009,PDT,OR,ANM,WE,Federal Contract Tower,0,7,0,0,7,0,7,16,2,25,0,14,16,2,32,6,0,6,38
07/28/2009,PDT,OR,ANM,WE,Federal Contract Tower,0,10,3,0,13,0,4,17,0,21,0,14,20,0,34,0,0,0,34
07/29/2009,PDT,OR,ANM,WE,Federal Contract Tower,0,10,2,0,12,0,6,10,0,16,0,16,12,0,28,8,0,8,36
07/30/2009,PDT,OR,ANM,WE,Federal Contract Tower,0,9,0,0,9,0,5,22,0,27,0,14,22,0,36,26,0,26,62
07/31/2009,PDT,OR,ANM,WE,Federal Contract Tower,0,9,0,0,9,0,5,22,0,27,0,14,22,0,36,10,0,10,46
08/01/2009,PDT,OR,ANM,WE,Federal Contract Tower,0,5,2,0,7,0,3,78,0,81,0,8,80,0,88,18,0,18,106
08/02/2009,PDT,OR,ANM,WE,Federal Contract Tower,0,4,0,0,4,0,1,35,0,36,0,5,35,0,40,20,0,20,60
08/03/2009,PDT,OR,ANM,WE,Federal Contract Tower,0,10,0,0,10,0,8,26,0,34,0,18,26,0,44,20,0,20,64
08/04/2009,PDT,OR,ANM,WE,Federal Contract Tower,0,12,0,2,14,0,4,24,0,28,0,16,24,2,42,8,0,8,50
08/05/2009,PDT,OR,ANM,WE,Federal Contract Tower,0,11,0,0,11,0,3,88,10,101,0,14,88,10,112,90,36,126,238
08/06/2009,PDT,OR,ANM,WE,Federal Contract Tower,0,12,2,0,14,0,1,116,4,121,0,13,118,4,135,142,6,148,283
08/07/2009,PDT,OR,ANM,WE,Federal Contract Tower,0,12,1,0,13,0,3,68,2,73,0,15,69,2,86,50,4,54,140
08/08/2009,PDT,OR,ANM,WE,Federal Contract Tower,0,5,2,0,7,0,5,170,0,175,0,10,172,0,182,180,0,180,362
08/09/2009,PDT,OR,ANM,WE,Federal Contract Tower,0,5,4,0,9,0,0,44,0,44,0,5,48,0,53,2,0,2,55
08/10/2009,PDT,OR,ANM,WE,Federal Contract Tower,0,9,0,2,11,0,3,14,2,19,0,12,14,4,30,6,8,14,44
08/11/2009,PDT,OR,ANM,WE,Federal Contract Tower,0,9,0,0,9,0,5,25,1,31,0,14,25,1,40,8,0,8,48
08/12/2009,PDT,OR,ANM,WE,Federal Contract Tower,0,9,4,0,13,0,5,22,2,29,0,14,26,2,42,12,0,12,54
08/13/2009,PDT,OR,ANM,WE,Federal Contract Tower,0,10,2,0,12,0,4,16,0,20,0,14,18,0,32,24,0,24,56
08/14/2009,PDT,OR,ANM,WE,Federal Contract Tower,0,6,1,1,8,0,5,23,9,37,0,11,24,10,45,12,36,48,93
08/15/2009,PDT,OR,ANM,WE,Federal Contract Tower,0,7,2,0,9,0,1,34,0,35,0,8,36,0,44,18,0,18,62
08/16/2009,PDT,OR,ANM,WE,Federal Contract Tower,0,5,3,0,8,0,0,21,0,21,0,5,24,0,29,4,0,4,33
08/17/2009,PDT,OR,ANM,WE,Federal Contract Tower,0,7,0,4,11,0,5,22,1,28,0,12,22,5,39,15,0,15,54
08/18/2009,PDT,OR,ANM,WE,Federal Contract Tower,0,9,10,1,20,0,5,36,7,48,0,14,46,8,68,16,22,38,106
08/19/2009,PDT,OR,ANM,WE,Federal Contract Tower,0,11,3,0,14,0,3,12,2,17,0,14,15,2,31,6,0,6,37
08/20/2009,PDT,OR,ANM,WE,Federal Contract Tower,0,12,2,1,15,0,12,33,3,48,0,24,35,4,63,30,0,30,93
08/21/2009,PDT,OR,ANM,WE,Federal Contract Tower,0,9,2,2,13,0,4,27,18,49,0,13,29,20,62,8,0,8,70
08/22/2009,PDT,OR,ANM,WE,Federal Contract Tower,0,3,0,0,3,0,3,26,1,30,0,6,26,1,33,18,0,18,51
08/23/2009,PDT,OR,ANM,WE,Federal Contract Tower,0,5,1,0,6,0,1,28,0,29,0,6,29,0,35,30,0,30,65
08/24/2009,PDT,OR,ANM,WE,Federal Contract Tower,0,7,3,0,10,0,7,27,12,46,0,14,30,12,56,20,10,30,86
08/25/2009,PDT,OR,ANM,WE,Federal Contract Tower,0,7,0,0,7,0,9,16,25,50,0,16,16,25,57,6,76,82,139
08/26/2009,PDT,OR,ANM,WE,Federal Contract Tower,0,11,2,0,13,0,3,27,5,35,0,14,29,5,48,0,4,4,52
08/27/2009,PDT,OR,ANM,WE,Federal Contract Tower,0,12,2,0,14,0,3,14,2,19,0,15,16,2,33,0,0,0,33
08/28/2009,PDT,OR,ANM,WE,Federal Contract Tower,0,7,3,0,10,0,6,20,5,31,0,13,23,5,41,2,0,2,43
08/29/2009,PDT,OR,ANM,WE,Federal Contract Tower,0,7,0,0,7,0,1,15,0,16,0,8,15,0,23,10,0,10,33
08/30/2009,PDT,OR,ANM,WE,Federal Contract Tower,0,4,2,0,6,0,1,29,0,30,0,5,31,0,36,12,0,12,48
08/31/2009,PDT,OR,ANM,WE,Federal Contract Tower,0,9,6,2,17,0,2,25,3,30,0,11,31,5,47,30,0,30,77
09/01/2009,PDT,OR,ANM,WE,Federal Contract Tower,0,7,8,0,15,0,3,21,1,25,0,10,29,1,40,12,0,12,52
09/02/2009,PDT,OR,ANM,WE,Federal Contract Tower,0,10,7,0,17,0,4,31,2,37,0,14,38,2,54,14,8,22,76
09/03/2009,PDT,OR,ANM,WE,Federal Contract Tower,0,10,3,2,15,0,4,9,0,13,0,14,12,2,28,16,0,16,44
09/04/2009,PDT,OR,ANM,WE,Federal Contract Tower,0,12,1,0,13,0,4,29,0,33,0,16,30,0,46,32,0,32,78
09/05/2009,PDT,OR,ANM,WE,Federal Contract Tower,0,6,3,0,9,0,1,14,0,15,0,7,17,0,24,2,0,2,26
09/06/2009,PDT,OR,ANM,WE,Federal Contract Tower,0,6,2,0,8,0,1,14,0,15,0,7,16,0,23,0,0,0,23
09/07/2009,PDT,OR,ANM,WE,Federal Contract Tower,0,4,0,0,4,0,0,23,0,23,0,4,23,0,27,20,0,20,47
09/08/2009,PDT,OR,ANM,WE,Federal Contract Tower,0,8,3,0,11,0,5,24,0,29,0,13,27,0,40,2,0,2,42
09/09/2009,PDT,OR,ANM,WE,Federal Contract Tower,0,11,9,2,22,0,2,21,2,25,0,13,30,4,47,10,0,10,57
09/10/2009,PDT,OR,ANM,WE,Federal Contract Tower,0,9,0,0,9,0,2,28,3,33,0,11,28,3,42,20,0,20,62
09/11/2009,PDT,OR,ANM,WE,Federal Contract Tower,0,8,0,0,8,0,4,42,4,50,0,12,42,4,58,26,0,26,84
09/12/2009,PDT,OR,ANM,WE,Federal Contract Tower,0,3,2,0,5,0,2,35,4,41,0,5,37,4,46,30,0,30,76
09/13/2009,PDT,OR,ANM,WE,Federal Contract Tower,0,3,7,0,10,0,1,21,2,24,0,4,28,2,34,10,0,10,44
09/14/2009,PDT,OR,ANM,WE,Federal Contract Tower,0,9,2,2,13,0,3,7,11,21,0,12,9,13,34,0,10,10,44
09/15/2009,PDT,OR,ANM,WE,Federal Contract Tower,0,11,2,0,13,0,4,35,7,46,0,15,37,7,59,40,8,48,107
09/16/2009,PDT,OR,ANM,WE,Federal Contract Tower,0,11,4,0,15,0,3,27,0,30,0,14,31,0,45,68,0,68,113
09/17/2009,PDT,OR,ANM,WE,Federal Contract Tower,0,9,1,0,10,0,4,52,0,56,0,13,53,0,66,72,0,72,138
09/18/2009,PDT,OR,ANM,WE,Federal Contract Tower,0,12,11,4,27,0,10,56,0,66,0,22,67,4,93,50,0,50,143
09/19/2009,PDT,OR,ANM,WE,Federal Contract Tower,0,5,4,2,11,0,3,29,4,36,0,8,33,6,47,0,18,18,65
09/20/2009,PDT,OR,ANM,WE,Federal Contract Tower,0,3,4,0,7,0,2,38,0,40,0,5,42,0,47,20,0,20,67
09/21/2009,PDT,OR,ANM,WE,Federal Contract Tower,0,9,2,2,13,0,3,18,3,24,0,12,20,5,37,16,0,16,53
09/22/2009,PDT,OR,ANM,WE,Federal Contract Tower,0,10,2,1,13,0,4,14,0,18,0,14,16,1,31,14,0,14,45
09/23/2009,PDT,OR,ANM,WE,Federal Contract Tower,0,10,0,0,10,0,4,19,9,32,0,14,19,9,42,4,6,10,52
09/24/2009,PDT,OR,ANM,WE,Federal Contract Tower,0,9,0,0,9,0,7,16,4,27,0,16,16,4,36,4,0,4,40
09/25/2009,PDT,OR,ANM,WE,Federal Contract Tower,0,11,3,0,14,0,3,16,3,22,0,14,19,3,36,0,0,0,36
09/26/2009,PDT,OR,ANM,WE,Federal Contract Tower,0,5,5,5,15,0,1,17,1,19,0,6,22,6,34,0,0,0,34
09/27/2009,PDT,OR,ANM,WE,Federal Contract Tower,0,3,1,0,4,0,3,7,0,10,0,6,8,0,14,0,0,0,14
09/28/2009,PDT,OR,ANM,WE,Federal Contract Tower,0,8,0,0,8,0,5,35,2,42,0,13,35,2,50,8,6,14,64
09/29/2009,PDT,OR,ANM,WE,Federal Contract Tower,0,7,2,0,9,0,7,17,3,27,0,14,19,3,36,4,10,14,50
09/30/2009,PDT,OR,ANM,WE,Federal Contract Tower,0,9,0,0,9,0,5,16,1,22,0,14,16,1,31,14,2,16,47
10/01/2009,PDT,OR,ANM,WE,Federal Contract Tower,0,12,0,0,12,0,1,8,1,10,0,13,8,1,22,0,0,0,22
10/02/2009,PDT,OR,ANM,WE,Federal Contract Tower,0,10,0,0,10,0,4,1,0,5,0,14,1,0,15,0,0,0,15
10/03/2009,PDT,OR,ANM,WE,Federal Contract Tower,0,6,0,2,8,0,0,6,0,6,0,6,6,2,14,0,2,2,16
10/04/2009,PDT,OR,ANM,WE,Federal Contract Tower,0,5,4,2,11,0,2,8,0,10,0,7,12,2,21,0,0,0,21
10/05/2009,PDT,OR,ANM,WE,Federal Contract Tower,0,9,1,0,10,0,4,9,2,15,0,13,10,2,25,4,6,10,35
10/06/2009,PDT,OR,ANM,WE,Federal Contract Tower,0,11,0,0,11,0,3,10,5,18,0,14,10,5,29,0,2,2,31
10/07/2009,PDT,OR,ANM,WE,Federal Contract Tower,0,12,0,2,14,0,2,13,10,25,0,14,13,12,39,8,0,8,47
10/08/2009,PDT,OR,ANM,WE,Federal Contract Tower,0,15,0,0,15,0,1,8,8,17,0,16,8,8,32,0,72,72,104
10/09/2009,PDT,OR,ANM,WE,Federal Contract Tower,0,11,4,1,16,0,5,4,1,10,0,16,8,2,26,0,0,0,26
10/10/2009,PDT,OR,ANM,WE,Federal Contract Tower,0,8,2,0,10,0,1,5,4,10,0,9,7,4,20,14,0,14,34
10/11/2009,PDT,OR,ANM,WE,Federal Contract Tower,0,4,0,0,4,0,1,18,0,19,0,5,18,0,23,0,0,0,23
10/12/2009,PDT,OR,ANM,WE,Federal Contract Tower,0,7,1,0,8,0,1,13,0,14,0,8,14,0,22,2,0,2,24
10/13/2009,PDT,OR,ANM,WE,Federal Contract Tower,0,12,6,0,18,0,2,6,0,8,0,14,12,0,26,2,0,2,28
10/14/2009,PDT,OR,ANM,WE,Federal Contract Tower,0,7,2,0,9,0,1,4,0,5,0,8,6,0,14,0,0,0,14
10/15/2009,PDT,OR,ANM,WE,Federal Contract Tower,0,12,0,0,12,0,2,14,0,16,0,14,14,0,28,0,0,0,28
10/16/2009,PDT,OR,ANM,WE,Federal Contract Tower,0,9,0,2,11,0,1,5,0,6,0,10,5,2,17,22,0,22,39
10/17/2009,PDT,OR,ANM,WE,Federal Contract Tower,0,6,0,0,6,0,1,4,0,5,0,7,4,0,11,0,0,0,11
10/18/2009,PDT,OR,ANM,WE,Federal Contract Tower,0,5,2,0,7,0,2,21,0,23,0,7,23,0,30,0,0,0,30
10/19/2009,PDT,OR,ANM,WE,Federal Contract Tower,0,10,3,2,15,0,0,8,6,14,0,10,11,8,29,20,12,32,61
10/20/2009,PDT,OR,ANM,WE,Federal Contract Tower,0,11,0,0,11,0,3,11,4,18,0,14,11,4,29,0,0,0,29
10/21/2009,PDT,OR,ANM,WE,Federal Contract Tower,0,9,0,0,9,0,5,9,2,16,0,14,9,2,25,31,19,50,75
10/22/2009,PDT,OR,ANM,WE,Federal Contract Tower,0,12,1,1,14,0,3,15,3,21,0,15,16,4,35,0,9,9,44
10/23/2009,PDT,OR,ANM,WE,Federal Contract Tower,0,12,5,0,17,0,2,8,0,10,0,14,13,0,27,0,0,0,27
10/24/2009,PDT,OR,ANM,WE,Federal Contract Tower,0,6,0,0,6,0,1,11,1,13,0,7,11,1,19,8,0,8,27
10/25/2009,PDT,OR,ANM,WE,Federal Contract Tower,0,3,0,0,3,0,2,14,0,16,0,5,14,0,19,0,0,0,19
10/26/2009,PDT,OR,ANM,WE,Federal Contract Tower,0,11,1,0,12,0,1,1,0,2,0,12,2,0,14,0,0,0,14
10/27/2009,PDT,OR,ANM,WE,Federal Contract Tower,0,12,7,0,19,0,2,6,4,12,0,14,13,4,31,0,8,8,39
10/28/2009,PDT,OR,ANM,WE,Federal Contract Tower,0,14,6,0,20,0,2,17,4,23,0,16,23,4,43,4,8,12,55
10/29/2009,PDT,OR,ANM,WE,Federal Contract Tower,0,13,0,0,13,0,0,0,4,4,0,13,0,4,17,0,24,24,41
10/30/2009,PDT,OR,ANM,WE,Federal Contract Tower,0,11,0,1,12,0,3,3,1,7,0,14,3,2,19,0,12,12,31
10/31/2009,PDT,OR,ANM,WE,Federal Contract Tower,0,9,0,0,9,0,1,0,0,1,0,10,0,0,10,2,0,2,12
11/01/2009,PDT,OR,ANM,WE,Federal Contract Tower,0,4,3,0,7,0,3,32,0,35,0,7,35,0,42,14,0,14,56
11/02/2009,PDT,OR,ANM,WE,Federal Contract Tower,0,9,4,4,17,0,3,4,1,8,0,12,8,5,25,2,0,2,27
11/03/2009,PDT,OR,ANM,WE,Federal Contract Tower,0,12,2,1,15,0,2,12,0,14,0,14,14,1,29,0,0,0,29
11/04/2009,PDT,OR,ANM,WE,Federal Contract Tower,0,13,0,0,13,0,1,4,0,5,0,14,4,0,18,0,0,0,18
11/05/2009,PDT,OR,ANM,WE,Federal Contract Tower,0,15,1,0,16,0,1,7,0,8,0,16,8,0,24,0,0,0,24
11/06/2009,PDT,OR,ANM,WE,Federal Contract Tower,0,16,0,2,18,0,0,5,0,5,0,16,5,2,23,0,0,0,23
11/07/2009,PDT,OR,ANM,WE,Federal Contract Tower,0,6,3,0,9,0,1,5,5,11,0,7,8,5,20,0,14,14,34
11/08/2009,PDT,OR,ANM,WE,Federal Contract Tower,0,5,2,0,7,0,0,8,0,8,0,5,10,0,15,0,0,0,15
11/09/2009,PDT,OR,ANM,WE,Federal Contract Tower,0,10,0,2,12,0,6,4,0,10,0,16,4,2,22,0,0,0,22
11/10/2009,PDT,OR,ANM,WE,Federal Contract Tower,0,11,3,0,14,0,3,24,2,29,0,14,27,2,43,0,0,0,43
11/11/2009,PDT,OR,ANM,WE,Federal Contract Tower,0,8,3,0,11,0,1,7,0,8,0,9,10,0,19,0,0,0,19
11/12/2009,PDT,OR,ANM,WE,Federal Contract Tower,0,13,4,0,17,0,1,9,0,10,0,14,13,0,27,8,0,8,35
11/13/2009,PDT,OR,ANM,WE,Federal Contract Tower,0,11,2,0,13,0,3,10,0,13,0,14,12,0,26,0,2,2,28
11/14/2009,PDT,OR,ANM,WE,Federal Contract Tower,0,5,0,0,5,0,2,7,0,9,0,7,7,0,14,18,0,18,32
11/15/2009,PDT,OR,ANM,WE,Federal Contract Tower,0,3,1,0,4,0,2,12,0,14,0,5,13,0,18,2,0,2,20
11/16/2009,PDT,OR,ANM,WE,Federal Contract Tower,0,10,0,0,10,0,2,1,4,7,0,12,1,4,17,0,4,4,21
11/17/2009,PDT,OR,ANM,WE,Federal Contract Tower,0,14,0,0,14,0,0,2,0,2,0,14,2,0,16,0,0,0,16
11/18/2009,PDT,OR,ANM,WE,Federal Contract Tower,0,10,1,2,13,0,4,15,1,20,0,14,16,3,33,6,8,14,47
11/19/2009,PDT,OR,ANM,WE,Federal Contract Tower,0,13,0,0,13,0,1,12,2,15,0,14,12,2,28,0,2,2,30
11/20/2009,PDT,OR,ANM,WE,Federal Contract Tower,0,14,2,2,18,0,1,4,3,8,0,15,6,5,26,0,12,12,38
11/21/2009,PDT,OR,ANM,WE,Federal Contract Tower,0,5,1,0,6,0,2,3,0,5,0,7,4,0,11,0,0,0,11
11/22/2009,PDT,OR,ANM,WE,Federal Contract Tower,0,6,0,0,6,0,0,0,0,0,0,6,0,0,6,0,0,0,6
11/23/2009,PDT,OR,ANM,WE,Federal Contract Tower,0,10,4,0,14,0,2,15,0,17,0,12,19,0,31,0,0,0,31
11/24/2009,PDT,OR,ANM,WE,Federal Contract Tower,0,12,4,0,16,0,2,15,0,17,0,14,19,0,33,0,0,0,33
11/25/2009,PDT,OR,ANM,WE,Federal Contract Tower,0,11,0,0,11,0,3,13,0,16,0,14,13,0,27,0,0,0,27
11/26/2009,PDT,OR,ANM,WE,Federal Contract Tower,0,4,1,0,5,0,0,2,0,2,0,4,3,0,7,5,0,5,12
11/27/2009,PDT,OR,ANM,WE,Federal Contract Tower,0,16,0,0,16,0,0,1,0,1,0,16,1,0,17,0,0,0,17
11/28/2009,PDT,OR,ANM,WE,Federal Contract Tower,0,5,0,1,6,0,2,19,0,21,0,7,19,1,27,32,0,32,59
11/29/2009,PDT,OR,ANM,WE,Federal Contract Tower,0,4,0,1,5,0,2,20,0,22,0,6,20,1,27,0,0,0,27
11/30/2009,PDT,OR,ANM,WE,Federal Contract Tower,0,9,3,0,12,0,4,2,0,6,0,13,5,0,18,0,0,0,18
12/01/2009,PDT,OR,ANM,WE,Federal Contract Tower,0,11,5,0,16,0,2,0,0,2,0,13,5,0,18,0,0,0,18
12/02/2009,PDT,OR,ANM,WE,Federal Contract Tower,0,11,1,0,12,0,3,4,2,9,0,14,5,2,21,0,20,20,41
12/03/2009,PDT,OR,ANM,WE,Federal Contract Tower,0,16,2,0,18,0,0,4,4,8,0,16,6,4,26,0,40,40,66
12/04/2009,PDT,OR,ANM,WE,Federal Contract Tower,0,14,11,0,25,0,0,1,0,1,0,14,12,0,26,0,0,0,26
12/05/2009,PDT,OR,ANM,WE,Federal Contract Tower,0,6,2,1,9,0,0,10,0,10,0,6,12,1,19,18,0,18,37
12/06/2009,PDT,OR,ANM,WE,Federal Contract Tower,0,7,2,2,11,0,6,11,0,17,0,13,13,2,28,0,0,0,28
12/07/2009,PDT,OR,ANM,WE,Federal Contract Tower,0,8,0,0,8,0,5,2,0,7,0,13,2,0,15,0,0,0,15
12/08/2009,PDT,OR,ANM,WE,Federal Contract Tower,0,11,2,2,15,0,3,3,4,10,0,14,5,6,25,1,15,16,41
12/09/2009,PDT,OR,ANM,WE,Federal Contract Tower,0,8,0,0,8,0,6,4,4,14,0,14,4,4,22,0,4,4,26
12/10/2009,PDT,OR,ANM,WE,Federal Contract Tower,0,12,0,0,12,0,2,14,5,21,0,14,14,5,33,12,20,32,65
12/11/2009,PDT,OR,ANM,WE,Federal Contract Tower,0,9,0,0,9,0,3,14,0,17,0,12,14,0,26,8,0,8,34
12/12/2009,PDT,OR,ANM,WE,Federal Contract Tower,0,6,0,2,8,0,0,0,0,0,0,6,0,2,8,0,0,0,8
12/13/2009,PDT,OR,ANM,WE,Federal Contract Tower,0,0,8,0,8,0,0,0,0,0,0,0,8,0,8,0,0,0,8
12/14/2009,PDT,OR,ANM,WE,Federal Contract Tower,0,10,0,0,10,0,2,2,0,4,0,12,2,0,14,0,0,0,14
12/15/2009,PDT,OR,ANM,WE,Federal Contract Tower,0,9,0,0,9,0,0,0,0,0,0,9,0,0,9,0,0,0,9
12/16/2009,PDT,OR,ANM,WE,Federal Contract Tower,0,14,0,0,14,0,0,2,0,2,0,14,2,0,16,0,0,0,16
12/17/2009,PDT,OR,ANM,WE,Federal Contract Tower,0,12,7,0,19,0,5,6,19,30,0,17,13,19,49,0,12,12,61
12/18/2009,PDT,OR,ANM,WE,Federal Contract Tower,0,0,0,0,0,0,0,0,0,0,0,0,0,0,0,0,0,0,0
12/19/2009,PDT,OR,ANM,WE,Federal Contract Tower,0,10,0,0,10,0,0,1,0,1,0,10,1,0,11,0,0,0,11
12/20/2009,PDT,OR,ANM,WE,Federal Contract Tower,0,2,0,0,2,0,0,0,0,0,0,2,0,0,2,0,0,0,2
12/21/2009,PDT,OR,ANM,WE,Federal Contract Tower,0,11,1,2,14,0,1,0,2,3,0,12,1,4,17,0,0,0,17
12/22/2009,PDT,OR,ANM,WE,Federal Contract Tower,0,12,2,3,17,0,1,3,3,7,0,13,5,6,24,0,25,25,49
12/23/2009,PDT,OR,ANM,WE,Federal Contract Tower,0,16,6,0,22,0,0,15,0,15,0,16,21,0,37,0,0,0,37
12/24/2009,PDT,OR,ANM,WE,Federal Contract Tower,0,12,2,0,14,0,3,1,0,4,0,15,3,0,18,0,0,0,18
12/25/2009,PDT,OR,ANM,WE,Federal Contract Tower,0,4,0,0,4,0,0,0,0,0,0,4,0,0,4,0,0,0,4
12/26/2009,PDT,OR,ANM,WE,Federal Contract Tower,0,7,1,0,8,0,0,0,0,0,0,7,1,0,8,0,0,0,8
12/27/2009,PDT,OR,ANM,WE,Federal Contract Tower,0,7,1,0,8,0,0,0,0,0,0,7,1,0,8,0,0,0,8
12/28/2009,PDT,OR,ANM,WE,Federal Contract Tower,0,12,1,0,13,0,0,0,0,0,0,12,1,0,13,0,0,0,13
12/29/2009,PDT,OR,ANM,WE,Federal Contract Tower,0,15,0,1,16,0,0,0,0,0,0,15,0,1,16,0,0,0,16
12/30/2009,PDT,OR,ANM,WE,Federal Contract Tower,0,17,0,1,18,0,1,0,1,2,0,18,0,2,20,0,2,2,22
12/31/2009,PDT,OR,ANM,WE,Federal Contract Tower,0,13,3,0,16,0,2,0,0,2,0,15,3,0,18,0,0,0,18
01/01/2010,PDT,OR,ANM,WE,Federal Contract Tower,0,3,0,0,3,0,1,3,0,4,0,4,3,0,7,0,0,0,7
01/02/2010,PDT,OR,ANM,WE,Federal Contract Tower,0,7,0,0,7,0,0,6,0,6,0,7,6,0,13,2,0,2,15
01/03/2010,PDT,OR,ANM,WE,Federal Contract Tower,0,6,0,0,6,0,0,2,0,2,0,6,2,0,8,4,0,4,12
01/04/2010,PDT,OR,ANM,WE,Federal Contract Tower,0,3,0,0,3,0,0,0,0,0,0,3,0,0,3,0,0,0,3
01/05/2010,PDT,OR,ANM,WE,Federal Contract Tower,0,8,0,0,8,0,0,0,0,0,0,8,0,0,8,0,0,0,8
01/06/2010,PDT,OR,ANM,WE,Federal Contract Tower,0,14,0,0,14,0,0,2,0,2,0,14,2,0,16,0,0,0,16
01/07/2010,PDT,OR,ANM,WE,Federal Contract Tower,0,14,5,0,19,0,0,0,0,0,0,14,5,0,19,0,0,0,19
01/08/2010,PDT,OR,ANM,WE,Federal Contract Tower,0,14,2,0,16,0,0,0,0,0,0,14,2,0,16,0,0,0,16
01/09/2010,PDT,OR,ANM,WE,Federal Contract Tower,0,6,1,0,7,0,2,0,0,2,0,8,1,0,9,0,0,0,9
01/10/2010,PDT,OR,ANM,WE,Federal Contract Tower,0,11,0,0,11,0,0,0,0,0,0,11,0,0,11,0,0,0,11
01/11/2010,PDT,OR,ANM,WE,Federal Contract Tower,0,1,0,0,1,0,0,0,0,0,0,1,0,0,1,0,0,0,1
01/12/2010,PDT,OR,ANM,WE,Federal Contract Tower,0,7,2,2,11,0,1,0,7,8,0,8,2,9,19,0,30,30,49
01/13/2010,PDT,OR,ANM,WE,Federal Contract Tower,0,12,0,0,12,0,2,0,0,2,0,14,0,0,14,0,36,36,50
01/14/2010,PDT,OR,ANM,WE,Federal Contract Tower,0,8,2,2,12,0,4,8,6,18,0,12,10,8,30,0,21,21,51
01/15/2010,PDT,OR,ANM,WE,Federal Contract Tower,0,14,0,2,16,0,2,3,2,7,0,16,3,4,23,0,41,41,64
01/16/2010,PDT,OR,ANM,WE,Federal Contract Tower,7,0,0,0,7,0,1,12,5,18,7,1,12,5,25,4,28,32,57
01/17/2010,PDT,OR,ANM,WE,Federal Contract Tower,0,7,3,0,10,0,0,5,0,5,0,7,8,0,15,30,0,30,45
01/18/2010,PDT,OR,ANM,WE,Federal Contract Tower,0,6,0,0,6,0,0,6,7,13,0,6,6,7,19,1,61,62,81
01/19/2010,PDT,OR,ANM,WE,Federal Contract Tower,0,11,1,0,12,0,5,5,6,16,0,16,6,6,28,0,22,22,50
01/20/2010,PDT,OR,ANM,WE,Federal Contract Tower,0,10,1,2,13,0,2,2,1,5,0,12,3,3,18,0,16,16,34
01/21/2010,PDT,OR,ANM,WE,Federal Contract Tower,0,7,2,0,9,0,5,1,6,12,0,12,3,6,21,4,25,29,50
01/22/2010,PDT,OR,ANM,WE,Federal Contract Tower,0,12,4,2,18,0,1,1,2,4,0,13,5,4,22,0,2,2,24
01/23/2010,PDT,OR,ANM,WE,Federal Contract Tower,0,7,0,0,7,0,0,6,0,6,0,7,6,0,13,2,0,2,15
01/24/2010,PDT,OR,ANM,WE,Federal Contract Tower,0,5,7,0,12,0,0,0,0,0,0,5,7,0,12,5,0,5,17
01/25/2010,PDT,OR,ANM,WE,Federal Contract Tower,0,6,3,0,9,0,0,1,0,1,0,6,4,0,10,0,0,0,10
01/26/2010,PDT,OR,ANM,WE,Federal Contract Tower,0,12,0,0,12,0,0,0,0,0,0,12,0,0,12,0,0,0,12
01/27/2010,PDT,OR,ANM,WE,Federal Contract Tower,0,10,3,1,14,0,0,0,1,1,0,10,3,2,15,0,28,28,43
01/28/2010,PDT,OR,ANM,WE,Federal Contract Tower,0,10,1,0,11,0,2,7,9,18,0,12,8,9,29,0,20,20,49
01/29/2010,PDT,OR,ANM,WE,Federal Contract Tower,0,8,2,0,10,0,2,1,0,3,0,10,3,0,13,0,0,0,13
01/30/2010,PDT,OR,ANM,WE,Federal Contract Tower,0,7,1,0,8,0,0,1,0,1,0,7,2,0,9,0,0,0,9
01/31/2010,PDT,OR,ANM,WE,Federal Contract Tower,0,7,0,0,7,0,0,4,0,4,0,7,4,0,11,0,0,0,11
02/01/2010,PDT,OR,ANM,WE,Federal Contract Tower,0,9,2,0,11,0,1,8,0,9,0,10,10,0,20,0,0,0,20
02/02/2010,PDT,OR,ANM,WE,Federal Contract Tower,0,14,0,0,14,0,0,0,0,0,0,14,0,0,14,0,0,0,14
02/03/2010,PDT,OR,ANM,WE,Federal Contract Tower,0,11,5,0,16,0,1,4,0,5,0,12,9,0,21,0,23,23,44
02/04/2010,PDT,OR,ANM,WE,Federal Contract Tower,0,10,1,0,11,0,2,10,11,23,0,12,11,11,34,17,0,17,51
02/05/2010,PDT,OR,ANM,WE,Federal Contract Tower,0,11,7,0,18,0,1,14,4,19,0,12,21,4,37,10,26,36,73
02/06/2010,PDT,OR,ANM,WE,Federal Contract Tower,0,7,1,0,8,0,0,0,0,0,0,7,1,0,8,20,0,20,28
02/07/2010,PDT,OR,ANM,WE,Federal Contract Tower,0,5,0,0,5,0,0,0,0,0,0,5,0,0,5,18,0,18,23
02/08/2010,PDT,OR,ANM,WE,Federal Contract Tower,0,12,0,0,12,0,0,1,2,3,0,12,1,2,15,13,0,13,28
02/09/2010,PDT,OR,ANM,WE,Federal Contract Tower,0,13,0,0,13,0,1,4,6,11,0,14,4,6,24,0,10,10,34
02/10/2010,PDT,OR,ANM,WE,Federal Contract Tower,0,10,4,0,14,0,2,4,2,8,0,12,8,2,22,0,9,9,31
02/11/2010,PDT,OR,ANM,WE,Federal Contract Tower,0,13,0,1,14,0,0,2,10,12,0,13,2,11,26,0,0,0,26
02/12/2010,PDT,OR,ANM,WE,Federal Contract Tower,0,9,2,0,11,0,2,4,0,6,0,11,6,0,17,2,0,2,19
02/13/2010,PDT,OR,ANM,WE,Federal Contract Tower,0,5,4,0,9,0,2,12,0,14,0,7,16,0,23,0,0,0,23
02/14/2010,PDT,OR,ANM,WE,Federal Contract Tower,0,6,0,0,6,0,0,2,0,2,0,6,2,0,8,0,0,0,8
02/15/2010,PDT,OR,ANM,WE,Federal Contract Tower,0,6,0,0,6,0,0,0,0,0,0,6,0,0,6,0,0,0,6
02/16/2010,PDT,OR,ANM,WE,Federal Contract Tower,0,12,0,0,12,0,2,2,8,12,0,14,2,8,24,0,14,14,38
02/17/2010,PDT,OR,ANM,WE,Federal Contract Tower,0,11,0,0,11,0,1,3,1,5,0,12,3,1,16,8,0,8,24
02/18/2010,PDT,OR,ANM,WE,Federal Contract Tower,0,10,2,0,12,0,2,5,5,12,0,12,7,5,24,0,7,7,31
02/19/2010,PDT,OR,ANM,WE,Federal Contract Tower,0,10,5,0,15,0,2,35,4,41,0,12,40,4,56,20,0,20,76
02/20/2010,PDT,OR,ANM,WE,Federal Contract Tower,0,7,6,0,13,0,1,19,0,20,0,8,25,0,33,4,0,4,37
02/21/2010,PDT,OR,ANM,WE,Federal Contract Tower,0,4,2,0,6,0,2,18,2,22,0,6,20,2,28,26,0,26,54
02/22/2010,PDT,OR,ANM,WE,Federal Contract Tower,0,8,1,0,9,0,2,17,0,19,0,10,18,0,28,20,0,20,48
02/23/2010,PDT,OR,ANM,WE,Federal Contract Tower,0,12,2,0,14,0,2,18,0,20,0,14,20,0,34,4,0,4,38
02/24/2010,PDT,OR,ANM,WE,Federal Contract Tower,0,12,1,0,13,0,1,2,1,4,0,13,3,1,17,0,0,0,17
02/25/2010,PDT,OR,ANM,WE,Federal Contract Tower,0,10,2,4,16,0,1,7,2,10,0,11,9,6,26,0,12,12,38
02/26/2010,PDT,OR,ANM,WE,Federal Contract Tower,0,10,1,2,13,0,2,5,0,7,0,12,6,2,20,0,0,0,20
02/27/2010,PDT,OR,ANM,WE,Federal Contract Tower,0,4,0,0,4,0,3,6,0,9,0,7,6,0,13,0,0,0,13
02/28/2010,PDT,OR,ANM,WE,Federal Contract Tower,0,5,0,0,5,0,0,37,5,42,0,5,37,5,47,6,0,6,53
03/01/2010,PDT,OR,ANM,WE,Federal Contract Tower,0,8,0,5,13,0,1,19,6,26,0,9,19,11,39,10,27,37,76
03/02/2010,PDT,OR,ANM,WE,Federal Contract Tower,0,10,0,0,10,0,2,8,2,12,0,12,8,2,22,7,31,38,60
03/03/2010,PDT,OR,ANM,WE,Federal Contract Tower,0,12,0,2,14,0,0,6,2,8,0,12,6,4,22,0,2,2,24
03/04/2010,PDT,OR,ANM,WE,Federal Contract Tower,0,11,2,3,16,0,1,10,5,16,0,12,12,8,32,0,4,4,36
03/05/2010,PDT,OR,ANM,WE,Federal Contract Tower,0,8,0,2,10,0,2,5,5,12,0,10,5,7,22,2,12,14,36
03/06/2010,PDT,OR,ANM,WE,Federal Contract Tower,0,4,2,0,6,0,4,27,0,31,0,8,29,0,37,1,0,1,38
03/07/2010,PDT,OR,ANM,WE,Federal Contract Tower,0,4,0,0,4,0,3,22,8,33,0,7,22,8,37,0,8,8,45
03/08/2010,PDT,OR,ANM,WE,Federal Contract Tower,0,8,2,0,10,0,0,1,6,7,0,8,3,6,17,0,6,6,23
03/09/2010,PDT,OR,ANM,WE,Federal Contract Tower,0,12,1,2,15,0,0,20,5,25,0,12,21,7,40,0,2,2,42
03/10/2010,PDT,OR,ANM,WE,Federal Contract Tower,0,11,10,2,23,0,1,20,5,26,0,12,30,7,49,0,2,2,51
03/11/2010,PDT,OR,ANM,WE,Federal Contract Tower,0,13,0,0,13,0,2,2,3,7,0,15,2,3,20,0,54,54,74
03/12/2010,PDT,OR,ANM,WE,Federal Contract Tower,0,10,0,0,10,0,1,0,0,1,0,11,0,0,11,0,0,0,11
03/13/2010,PDT,OR,ANM,WE,Federal Contract Tower,0,7,0,0,7,0,4,11,2,17,0,11,11,2,24,0,0,0,24
03/14/2010,PDT,OR,ANM,WE,Federal Contract Tower,0,6,0,2,8,0,0,44,0,44,0,6,44,2,52,5,0,5,57
03/15/2010,PDT,OR,ANM,WE,Federal Contract Tower,0,8,2,0,10,0,2,9,0,11,0,10,11,0,21,0,0,0,21
03/16/2010,PDT,OR,ANM,WE,Federal Contract Tower,0,10,0,1,11,0,2,14,1,17,0,12,14,2,28,8,19,27,55
03/17/2010,PDT,OR,ANM,WE,Federal Contract Tower,0,9,2,0,11,0,3,17,0,20,0,12,19,0,31,6,0,6,37
03/18/2010,PDT,OR,ANM,WE,Federal Contract Tower,0,9,0,1,10,0,3,34,1,38,0,12,34,2,48,0,2,2,50
03/19/2010,PDT,OR,ANM,WE,Federal Contract Tower,0,7,1,0,8,0,7,22,0,29,0,14,23,0,37,20,0,20,57
03/20/2010,PDT,OR,ANM,WE,Federal Contract Tower,0,4,1,2,7,0,0,0,0,0,0,4,1,2,7,4,0,4,11
03/21/2010,PDT,OR,ANM,WE,Federal Contract Tower,0,6,0,1,7,0,0,9,1,10,0,6,9,2,17,0,0,0,17
03/22/2010,PDT,OR,ANM,WE,Federal Contract Tower,0,6,0,0,6,0,7,4,0,11,0,13,4,0,17,26,0,26,43
03/23/2010,PDT,OR,ANM,WE,Federal Contract Tower,0,11,0,0,11,0,1,9,3,13,0,12,9,3,24,8,2,10,34
03/24/2010,PDT,OR,ANM,WE,Federal Contract Tower,0,10,2,1,13,0,4,31,5,40,0,14,33,6,53,4,0,4,57
03/25/2010,PDT,OR,ANM,WE,Federal Contract Tower,0,11,1,0,12,0,1,3,1,5,0,12,4,1,17,52,0,52,69
03/26/2010,PDT,OR,ANM,WE,Federal Contract Tower,0,12,0,2,14,0,0,2,0,2,0,12,2,2,16,4,0,4,20
03/27/2010,PDT,OR,ANM,WE,Federal Contract Tower,0,5,0,0,5,0,2,19,2,23,0,7,19,2,28,27,0,27,55
03/28/2010,PDT,OR,ANM,WE,Federal Contract Tower,0,6,3,0,9,0,1,16,0,17,0,7,19,0,26,4,0,4,30
03/29/2010,PDT,OR,ANM,WE,Federal Contract Tower,0,10,0,0,10,0,1,0,0,1,0,11,0,0,11,0,0,0,11
03/30/2010,PDT,OR,ANM,WE,Federal Contract Tower,0,8,0,0,8,0,4,15,3,22,0,12,15,3,30,0,13,13,43
03/31/2010,PDT,OR,ANM,WE,Federal Contract Tower,0,8,1,0,9,0,4,6,10,20,0,12,7,10,29,28,25,53,82
04/01/2010,PDT,OR,ANM,WE,Federal Contract Tower,0,8,2,1,11,0,4,11,1,16,0,12,13,2,27,0,4,4,31
04/02/2010,PDT,OR,ANM,WE,Federal Contract Tower,0,10,1,0,11,0,0,0,0,0,0,10,1,0,11,0,0,0,11
04/03/2010,PDT,OR,ANM,WE,Federal Contract Tower,0,8,1,1,10,0,1,6,0,7,0,9,7,1,17,6,0,6,23
04/04/2010,PDT,OR,ANM,WE,Federal Contract Tower,0,5,0,0,5,0,1,3,0,4,0,6,3,0,9,2,0,2,11
04/05/2010,PDT,OR,ANM,WE,Federal Contract Tower,0,7,1,0,8,0,3,0,2,5,0,10,1,2,13,2,27,29,42
04/06/2010,PDT,OR,ANM,WE,Federal Contract Tower,0,10,1,2,13,0,4,2,6,12,0,14,3,8,25,2,30,32,57
04/07/2010,PDT,OR,ANM,WE,Federal Contract Tower,0,6,0,1,7,0,7,21,4,32,0,13,21,5,39,8,6,14,53
04/08/2010,PDT,OR,ANM,WE,Federal Contract Tower,0,6,0,0,6,0,2,1,0,3,0,8,1,0,9,0,0,0,9
04/09/2010,PDT,OR,ANM,WE,Federal Contract Tower,0,9,6,7,22,0,4,28,1,33,0,13,34,8,55,27,2,29,84
04/10/2010,PDT,OR,ANM,WE,Federal Contract Tower,0,7,2,0,9,0,1,9,0,10,0,8,11,0,19,0,0,0,19
04/11/2010,PDT,OR,ANM,WE,Federal Contract Tower,0,3,0,0,3,0,3,7,0,10,0,6,7,0,13,8,0,8,21
04/12/2010,PDT,OR,ANM,WE,Federal Contract Tower,0,6,0,0,6,0,6,4,0,10,0,12,4,0,16,4,0,4,20
04/13/2010,PDT,OR,ANM,WE,Federal Contract Tower,0,7,2,0,9,0,5,4,0,9,0,12,6,0,18,2,0,2,20
04/14/2010,PDT,OR,ANM,WE,Federal Contract Tower,0,8,2,0,10,0,4,8,0,12,0,12,10,0,22,0,0,0,22
04/15/2010,PDT,OR,ANM,WE,Federal Contract Tower,0,7,3,0,10,0,4,10,0,14,0,11,13,0,24,0,0,0,24
04/16/2010,PDT,OR,ANM,WE,Federal Contract Tower,0,10,2,0,12,0,1,19,0,20,0,11,21,0,32,23,0,23,55
04/17/2010,PDT,OR,ANM,WE,Federal Contract Tower,0,5,0,0,5,0,3,14,0,17,0,8,14,0,22,0,0,0,22
04/18/2010,PDT,OR,ANM,WE,Federal Contract Tower,0,2,4,0,6,0,2,16,0,18,0,4,20,0,24,2,0,2,26
04/19/2010,PDT,OR,ANM,WE,Federal Contract Tower,0,5,1,0,6,0,5,13,2,20,0,10,14,2,26,4,0,4,30
04/20/2010,PDT,OR,ANM,WE,Federal Contract Tower,0,10,5,0,15,0,4,5,1,10,0,14,10,1,25,0,9,9,34
04/21/2010,PDT,OR,ANM,WE,Federal Contract Tower,0,12,2,0,14,0,0,1,2,3,0,12,3,2,17,0,0,0,17
04/22/2010,PDT,OR,ANM,WE,Federal Contract Tower,0,10,1,2,13,0,1,8,0,9,0,11,9,2,22,0,0,0,22
04/23/2010,PDT,OR,ANM,WE,Federal Contract Tower,0,9,2,0,11,0,2,32,0,34,0,11,34,0,45,12,0,12,57
04/24/2010,PDT,OR,ANM,WE,Federal Contract Tower,0,7,2,0,9,0,1,4,0,5,0,8,6,0,14,0,0,0,14
04/25/2010,PDT,OR,ANM,WE,Federal Contract Tower,0,5,0,0,5,0,1,21,0,22,0,6,21,0,27,0,0,0,27
04/26/2010,PDT,OR,ANM,WE,Federal Contract Tower,0,7,0,0,7,0,3,18,0,21,0,10,18,0,28,0,0,0,28
04/27/2010,PDT,OR,ANM,WE,Federal Contract Tower,0,11,0,1,12,0,1,3,0,4,0,12,3,1,16,0,4,4,20
04/28/2010,PDT,OR,ANM,WE,Federal Contract Tower,0,10,4,0,14,0,4,0,0,4,0,14,4,0,18,0,0,0,18
04/29/2010,PDT,OR,ANM,WE,Federal Contract Tower,0,10,2,1,13,0,0,0,0,0,0,10,2,1,13,0,0,0,13
04/30/2010,PDT,OR,ANM,WE,Federal Contract Tower,0,7,8,0,15,0,4,13,3,20,0,11,21,3,35,30,0,30,65
05/01/2010,PDT,OR,ANM,WE,Federal Contract Tower,0,12,2,0,14,0,0,6,0,6,0,12,8,0,20,0,0,0,20
05/02/2010,PDT,OR,ANM,WE,Federal Contract Tower,0,6,0,0,6,0,0,15,5,20,0,6,15,5,26,0,0,0,26
05/03/2010,PDT,OR,ANM,WE,Federal Contract Tower,0,9,0,0,9,0,1,0,0,1,0,10,0,0,10,0,0,0,10
05/04/2010,PDT,OR,ANM,WE,Federal Contract Tower,0,8,13,0,21,0,6,7,4,17,0,14,20,4,38,0,0,0,38
05/05/2010,PDT,OR,ANM,WE,Federal Contract Tower,0,9,0,2,11,0,0,10,3,13,0,9,10,5,24,0,4,4,28
05/06/2010,PDT,OR,ANM,WE,Federal Contract Tower,0,8,4,2,14,0,4,133,8,145,0,12,137,10,159,6,6,12,171
05/07/2010,PDT,OR,ANM,WE,Federal Contract Tower,0,8,2,0,10,0,4,86,2,92,0,12,88,2,102,0,0,0,102
05/08/2010,PDT,OR,ANM,WE,Federal Contract Tower,0,7,3,0,10,0,3,130,2,135,0,10,133,2,145,27,0,27,172
05/09/2010,PDT,OR,ANM,WE,Federal Contract Tower,0,5,0,0,5,0,1,36,1,38,0,6,36,1,43,0,0,0,43
05/10/2010,PDT,OR,ANM,WE,Federal Contract Tower,0,9,0,0,9,0,3,0,0,3,0,12,0,0,12,0,0,0,12
05/11/2010,PDT,OR,ANM,WE,Federal Contract Tower,0,8,0,0,8,0,6,15,0,21,0,14,15,0,29,0,0,0,29
05/12/2010,PDT,OR,ANM,WE,Federal Contract Tower,0,9,0,0,9,0,3,23,0,26,0,12,23,0,35,0,0,0,35
05/13/2010,PDT,OR,ANM,WE,Federal Contract Tower,0,7,2,0,9,0,5,34,0,39,0,12,36,0,48,0,0,0,48
05/14/2010,PDT,OR,ANM,WE,Federal Contract Tower,0,8,0,0,8,0,3,24,6,33,0,11,24,6,41,0,0,0,41
05/15/2010,PDT,OR,ANM,WE,Federal Contract Tower,0,5,0,0,5,0,2,38,0,40,0,7,38,0,45,12,0,12,57
05/16/2010,PDT,OR,ANM,WE,Federal Contract Tower,0,6,0,0,6,0,0,16,2,18,0,6,16,2,24,0,4,4,28
05/17/2010,PDT,OR,ANM,WE,Federal Contract Tower,0,7,10,0,17,0,1,7,0,8,0,8,17,0,25,0,0,0,25
05/18/2010,PDT,OR,ANM,WE,Federal Contract Tower,0,9,4,0,13,0,3,4,0,7,0,12,8,0,20,0,18,18,38
05/19/2010,PDT,OR,ANM,WE,Federal Contract Tower,0,9,0,0,9,0,10,7,0,17,0,19,7,0,26,0,0,0,26
05/20/2010,PDT,OR,ANM,WE,Federal Contract Tower,0,11,0,0,11,0,3,0,6,9,0,14,0,6,20,0,12,12,32
05/21/2010,PDT,OR,ANM,WE,Federal Contract Tower,0,9,2,0,11,0,1,18,0,19,0,10,20,0,30,0,0,0,30
05/22/2010,PDT,OR,ANM,WE,Federal Contract Tower,0,8,0,0,8,0,0,7,0,7,0,8,7,0,15,2,0,2,17
05/23/2010,PDT,OR,ANM,WE,Federal Contract Tower,0,6,0,0,6,0,0,21,4,25,0,6,21,4,31,0,0,0,31
05/24/2010,PDT,OR,ANM,WE,Federal Contract Tower,0,8,2,2,12,0,2,23,0,25,0,10,25,2,37,0,0,0,37
05/25/2010,PDT,OR,ANM,WE,Federal Contract Tower,0,7,3,0,10,0,5,30,0,35,0,12,33,0,45,0,0,0,45
05/26/2010,PDT,OR,ANM,WE,Federal Contract Tower,0,10,6,2,18,0,2,15,0,17,0,12,21,2,35,0,0,0,35
05/27/2010,PDT,OR,ANM,WE,Federal Contract Tower,0,11,4,0,15,0,1,1,0,2,0,12,5,0,17,0,0,0,17
05/28/2010,PDT,OR,ANM,WE,Federal Contract Tower,0,11,1,0,12,0,1,7,0,8,0,12,8,0,20,0,0,0,20
05/29/2010,PDT,OR,ANM,WE,Federal Contract Tower,0,8,0,0,8,0,0,6,0,6,0,8,6,0,14,2,0,2,16
05/30/2010,PDT,OR,ANM,WE,Federal Contract Tower,0,6,6,0,12,0,1,29,0,30,0,7,35,0,42,4,0,4,46
05/31/2010,PDT,OR,ANM,WE,Federal Contract Tower,0,4,7,0,11,0,2,9,0,11,0,6,16,0,22,0,0,0,22
06/01/2010,PDT,OR,ANM,WE,Federal Contract Tower,0,6,8,0,14,0,4,21,0,25,0,10,29,0,39,0,0,0,39
06/02/2010,PDT,OR,ANM,WE,Federal Contract Tower,0,12,3,0,15,0,0,3,0,3,0,12,6,0,18,0,0,0,18
06/03/2010,PDT,OR,ANM,WE,Federal Contract Tower,0,10,2,0,12,0,14,11,4,29,0,24,13,4,41,5,22,27,68
06/04/2010,PDT,OR,ANM,WE,Federal Contract Tower,0,13,0,0,13,0,2,4,4,10,0,15,4,4,23,0,0,0,23
06/05/2010,PDT,OR,ANM,WE,Federal Contract Tower,0,6,1,4,11,0,2,22,9,33,0,8,23,13,44,0,12,12,56
06/06/2010,PDT,OR,ANM,WE,Federal Contract Tower,0,5,0,0,5,0,0,21,1,22,0,5,21,1,27,22,0,22,49
06/07/2010,PDT,OR,ANM,WE,Federal Contract Tower,0,8,0,0,8,0,2,17,9,28,0,10,17,9,36,0,6,6,42
06/08/2010,PDT,OR,ANM,WE,Federal Contract Tower,0,10,0,0,10,0,4,22,4,30,0,14,22,4,40,0,14,14,54
06/09/2010,PDT,OR,ANM,WE,Federal Contract Tower,0,12,3,0,15,0,0,9,0,9,0,12,12,0,24,0,2,2,26
06/10/2010,PDT,OR,ANM,WE,Federal Contract Tower,0,8,0,0,8,0,4,12,5,21,0,12,12,5,29,0,0,0,29
06/11/2010,PDT,OR,ANM,WE,Federal Contract Tower,0,9,6,0,15,0,1,11,0,12,0,10,17,0,27,0,0,0,27
06/12/2010,PDT,OR,ANM,WE,Federal Contract Tower,0,7,0,0,7,0,0,22,0,22,0,7,22,0,29,16,0,16,45
06/13/2010,PDT,OR,ANM,WE,Federal Contract Tower,0,2,1,2,5,0,3,31,0,34,0,5,32,2,39,12,0,12,51
06/14/2010,PDT,OR,ANM,WE,Federal Contract Tower,0,8,6,0,14,0,2,22,0,24,0,10,28,0,38,10,0,10,48
06/15/2010,PDT,OR,ANM,WE,Federal Contract Tower,0,7,0,1,8,0,5,12,6,23,0,12,12,7,31,0,14,14,45
06/16/2010,PDT,OR,ANM,WE,Federal Contract Tower,0,7,1,1,9,0,5,2,6,13,0,12,3,7,22,2,12,14,36
06/17/2010,PDT,OR,ANM,WE,Federal Contract Tower,0,10,6,4,20,0,2,15,7,24,0,12,21,11,44,0,6,6,50
06/18/2010,PDT,OR,ANM,WE,Federal Contract Tower,0,9,0,0,9,0,1,23,2,26,0,10,23,2,35,4,12,16,51
06/19/2010,PDT,OR,ANM,WE,Federal Contract Tower,0,8,0,0,8,0,0,14,0,14,0,8,14,0,22,6,0,6,28
06/20/2010,PDT,OR,ANM,WE,Federal Contract Tower,0,5,2,0,7,0,0,8,2,10,0,5,10,2,17,0,0,0,17
06/21/2010,PDT,OR,ANM,WE,Federal Contract Tower,0,14,6,0,20,0,0,15,4,19,0,14,21,4,39,0,0,0,39
06/22/2010,PDT,OR,ANM,WE,Federal Contract Tower,0,10,1,0,11,0,7,24,4,35,0,17,25,4,46,0,0,0,46
06/23/2010,PDT,OR,ANM,WE,Federal Contract Tower,0,8,6,2,16,0,4,21,2,27,0,12,27,4,43,6,0,6,49
06/24/2010,PDT,OR,ANM,WE,Federal Contract Tower,0,9,0,0,9,0,3,14,0,17,0,12,14,0,26,0,0,0,26
06/25/2010,PDT,OR,ANM,WE,Federal Contract Tower,0,11,1,1,13,0,1,12,0,13,0,12,13,1,26,2,0,2,28
06/26/2010,PDT,OR,ANM,WE,Federal Contract Tower,0,3,3,0,6,0,3,23,0,26,0,6,26,0,32,16,0,16,48
06/27/2010,PDT,OR,ANM,WE,Federal Contract Tower,0,3,2,0,5,0,2,53,0,55,0,5,55,0,60,47,0,47,107
06/28/2010,PDT,OR,ANM,WE,Federal Contract Tower,0,5,5,0,10,0,6,15,0,21,0,11,20,0,31,4,0,4,35
06/29/2010,PDT,OR,ANM,WE,Federal Contract Tower,0,8,1,2,11,0,4,18,0,22,0,12,19,2,33,0,0,0,33
06/30/2010,PDT,OR,ANM,WE,Federal Contract Tower,0,9,2,2,13,0,3,19,0,22,0,12,21,2,35,18,0,18,53
07/01/2010,PDT,OR,ANM,WE,Federal Contract Tower,0,9,4,0,13,0,3,27,0,30,0,12,31,0,43,0,0,0,43
07/02/2010,PDT,OR,ANM,WE,Federal Contract Tower,0,7,0,0,7,0,5,9,0,14,0,12,9,0,21,0,0,0,21
07/03/2010,PDT,OR,ANM,WE,Federal Contract Tower,0,7,2,0,9,0,1,14,2,17,0,8,16,2,26,0,0,0,26
07/04/2010,PDT,OR,ANM,WE,Federal Contract Tower,0,5,2,0,7,0,2,15,0,17,0,7,17,0,24,0,0,0,24
07/05/2010,PDT,OR,ANM,WE,Federal Contract Tower,0,4,1,0,5,0,0,20,0,20,0,4,21,0,25,8,0,8,33
07/06/2010,PDT,OR,ANM,WE,Federal Contract Tower,0,5,2,0,7,0,5,12,0,17,0,10,14,0,24,2,0,2,26
07/07/2010,PDT,OR,ANM,WE,Federal Contract Tower,0,10,1,0,11,0,2,19,0,21,0,12,20,0,32,20,0,20,52
07/08/2010,PDT,OR,ANM,WE,Federal Contract Tower,0,10,0,0,10,0,2,25,0,27,0,12,25,0,37,20,0,20,57
07/09/2010,PDT,OR,ANM,WE,Federal Contract Tower,0,9,2,2,13,0,2,18,0,20,0,11,20,2,33,11,0,11,44
07/10/2010,PDT,OR,ANM,WE,Federal Contract Tower,0,4,0,1,5,0,2,10,4,16,0,6,10,5,21,0,15,15,36
07/11/2010,PDT,OR,ANM,WE,Federal Contract Tower,0,3,0,0,3,0,2,21,0,23,0,5,21,0,26,0,0,0,26
07/12/2010,PDT,OR,ANM,WE,Federal Contract Tower,0,8,0,1,9,0,2,4,0,6,0,10,4,1,15,6,0,6,21
07/13/2010,PDT,OR,ANM,WE,Federal Contract Tower,0,9,0,0,9,0,4,11,0,15,0,13,11,0,24,14,0,14,38
07/14/2010,PDT,OR,ANM,WE,Federal Contract Tower,0,10,7,0,17,0,1,14,0,15,0,11,21,0,32,40,0,40,72
07/15/2010,PDT,OR,ANM,WE,Federal Contract Tower,0,8,3,0,11,0,4,24,0,28,0,12,27,0,39,0,0,0,39
07/16/2010,PDT,OR,ANM,WE,Federal Contract Tower,0,8,0,0,8,0,4,27,2,33,0,12,27,2,41,23,0,23,64
07/17/2010,PDT,OR,ANM,WE,Federal Contract Tower,0,6,8,0,14,0,0,37,0,37,0,6,45,0,51,12,0,12,63
07/18/2010,PDT,OR,ANM,WE,Federal Contract Tower,0,6,1,0,7,0,1,15,4,20,0,7,16,4,27,18,0,18,45
07/19/2010,PDT,OR,ANM,WE,Federal Contract Tower,0,7,4,0,11,0,3,40,5,48,0,10,44,5,59,36,0,36,95
07/20/2010,PDT,OR,ANM,WE,Federal Contract Tower,0,9,0,0,9,0,2,51,5,58,0,11,51,5,67,0,0,0,67
07/21/2010,PDT,OR,ANM,WE,Federal Contract Tower,0,10,5,0,15,0,2,111,0,113,0,12,116,0,128,8,2,10,138
07/22/2010,PDT,OR,ANM,WE,Federal Contract Tower,0,8,2,0,10,0,4,34,2,40,0,12,36,2,50,32,0,32,82
07/23/2010,PDT,OR,ANM,WE,Federal Contract Tower,0,7,0,0,7,0,4,38,1,43,0,11,38,1,50,12,0,12,62
07/24/2010,PDT,OR,ANM,WE,Federal Contract Tower,0,0,0,0,0,0,6,18,4,28,0,6,18,4,28,4,38,42,70
07/25/2010,PDT,OR,ANM,WE,Federal Contract Tower,0,3,2,0,5,0,2,18,0,20,0,5,20,0,25,18,0,18,43
07/26/2010,PDT,OR,ANM,WE,Federal Contract Tower,0,8,2,0,10,0,1,15,0,16,0,9,17,0,26,14,0,14,40
07/27/2010,PDT,OR,ANM,WE,Federal Contract Tower,0,9,1,2,12,0,3,19,0,22,0,12,20,2,34,0,0,0,34
07/28/2010,PDT,OR,ANM,WE,Federal Contract Tower,0,8,3,0,11,0,1,13,0,14,0,9,16,0,25,54,0,54,79
07/29/2010,PDT,OR,ANM,WE,Federal Contract Tower,1,11,0,0,12,1,3,18,5,27,2,14,18,5,39,10,0,10,49
07/30/2010,PDT,OR,ANM,WE,Federal Contract Tower,0,7,1,0,8,0,3,24,3,30,0,10,25,3,38,4,0,4,42
07/31/2010,PDT,OR,ANM,WE,Federal Contract Tower,0,5,0,0,5,0,0,16,0,16,0,5,16,0,21,0,0,0,21
08/01/2010,PDT,OR,ANM,WE,Federal Contract Tower,0,4,0,0,4,0,5,14,2,21,0,9,14,2,25,0,0,0,25
08/02/2010,PDT,OR,ANM,WE,Federal Contract Tower,0,8,2,0,10,0,2,8,0,10,0,10,10,0,20,8,0,8,28
08/03/2010,PDT,OR,ANM,WE,Federal Contract Tower,0,10,1,0,11,0,2,7,0,9,0,12,8,0,20,0,0,0,20
08/04/2010,PDT,OR,ANM,WE,Federal Contract Tower,10,0,1,0,11,0,1,22,0,23,10,1,23,0,34,20,0,20,54
08/05/2010,PDT,OR,ANM,WE,Federal Contract Tower,1,11,2,0,14,0,5,10,0,15,1,16,12,0,29,0,0,0,29
08/06/2010,PDT,OR,ANM,WE,Federal Contract Tower,0,8,0,0,8,0,3,20,0,23,0,11,20,0,31,14,0,14,45
08/07/2010,PDT,OR,ANM,WE,Federal Contract Tower,0,6,10,0,16,0,0,14,0,14,0,6,24,0,30,0,0,0,30
08/08/2010,PDT,OR,ANM,WE,Federal Contract Tower,0,5,2,0,7,0,0,13,0,13,0,5,15,0,20,0,0,0,20
08/09/2010,PDT,OR,ANM,WE,Federal Contract Tower,0,7,7,0,14,0,3,22,0,25,0,10,29,0,39,0,0,0,39
08/10/2010,PDT,OR,ANM,WE,Federal Contract Tower,0,10,3,0,13,0,3,15,0,18,0,13,18,0,31,8,0,8,39
08/11/2010,PDT,OR,ANM,WE,Federal Contract Tower,0,10,4,0,14,0,2,52,0,54,0,12,56,0,68,0,0,0,68
08/12/2010,PDT,OR,ANM,WE,Federal Contract Tower,0,9,1,0,10,0,3,102,0,105,0,12,103,0,115,0,0,0,115
08/13/2010,PDT,OR,ANM,WE,Federal Contract Tower,2,9,0,0,11,2,2,95,2,101,4,11,95,2,112,9,0,9,121
08/14/2010,PDT,OR,ANM,WE,Federal Contract Tower,0,6,2,0,8,0,0,69,0,69,0,6,71,0,77,0,0,0,77
08/15/2010,PDT,OR,ANM,WE,Federal Contract Tower,0,5,0,0,5,0,2,52,0,54,0,7,52,0,59,0,0,0,59
08/16/2010,PDT,OR,ANM,WE,Federal Contract Tower,0,8,1,0,9,0,2,15,0,17,0,10,16,0,26,0,0,0,26
08/17/2010,PDT,OR,ANM,WE,Federal Contract Tower,0,10,0,0,10,0,2,22,0,24,0,12,22,0,34,18,0,18,52
08/18/2010,PDT,OR,ANM,WE,Federal Contract Tower,2,10,2,0,14,0,2,7,0,9,2,12,9,0,23,0,0,0,23
08/19/2010,PDT,OR,ANM,WE,Federal Contract Tower,0,9,1,0,10,0,5,19,0,24,0,14,20,0,34,0,0,0,34
08/20/2010,PDT,OR,ANM,WE,Federal Contract Tower,0,10,2,0,12,0,1,22,0,23,0,11,24,0,35,39,0,39,74
08/21/2010,PDT,OR,ANM,WE,Federal Contract Tower,0,7,0,0,7,0,2,20,0,22,0,9,20,0,29,0,0,0,29
08/22/2010,PDT,OR,ANM,WE,Federal Contract Tower,0,6,0,0,6,0,1,9,0,10,0,7,9,0,16,0,0,0,16
08/23/2010,PDT,OR,ANM,WE,Federal Contract Tower,0,7,1,0,8,0,3,11,0,14,0,10,12,0,22,2,0,2,24
08/24/2010,PDT,OR,ANM,WE,Federal Contract Tower,0,10,2,0,12,0,4,7,0,11,0,14,9,0,23,0,0,0,23
08/25/2010,PDT,OR,ANM,WE,Federal Contract Tower,0,9,1,0,10,0,3,10,0,13,0,12,11,0,23,0,0,0,23
08/26/2010,PDT,OR,ANM,WE,Federal Contract Tower,0,10,1,0,11,0,4,11,2,17,0,14,12,2,28,4,0,4,32
08/27/2010,PDT,OR,ANM,WE,Federal Contract Tower,0,7,1,0,8,0,4,23,2,29,0,11,24,2,37,2,0,2,39
08/28/2010,PDT,OR,ANM,WE,Federal Contract Tower,0,4,3,0,7,0,1,18,0,19,0,5,21,0,26,0,0,0,26
08/29/2010,PDT,OR,ANM,WE,Federal Contract Tower,0,5,2,2,9,0,0,13,0,13,0,5,15,2,22,4,0,4,26
08/30/2010,PDT,OR,ANM,WE,Federal Contract Tower,0,8,0,0,8,0,1,5,0,6,0,9,5,0,14,0,0,0,14
08/31/2010,PDT,OR,ANM,WE,Federal Contract Tower,0,9,0,0,9,0,3,16,0,19,0,12,16,0,28,10,0,10,38
09/01/2010,PDT,OR,ANM,WE,Federal Contract Tower,0,10,3,2,15,0,2,7,0,9,0,12,10,2,24,0,0,0,24
09/02/2010,PDT,OR,ANM,WE,Federal Contract Tower,0,7,3,0,10,0,5,16,0,21,0,12,19,0,31,4,0,4,35
09/03/2010,PDT,OR,ANM,WE,Federal Contract Tower,0,8,10,0,18,0,4,19,0,23,0,12,29,0,41,10,0,10,51
09/04/2010,PDT,OR,ANM,WE,Federal Contract Tower,0,5,0,0,5,0,1,4,0,5,0,6,4,0,10,8,0,8,18
09/05/2010,PDT,OR,ANM,WE,Federal Contract Tower,0,5,2,0,7,0,0,11,0,11,0,5,13,0,18,0,0,0,18
09/06/2010,PDT,OR,ANM,WE,Federal Contract Tower,0,4,2,0,6,0,0,8,0,8,0,4,10,0,14,0,0,0,14
09/07/2010,PDT,OR,ANM,WE,Federal Contract Tower,0,10,4,0,14,0,2,18,0,20,0,12,22,0,34,0,0,0,34
09/08/2010,PDT,OR,ANM,WE,Federal Contract Tower,0,10,6,0,16,0,2,19,0,21,0,12,25,0,37,4,0,4,41
09/09/2010,PDT,OR,ANM,WE,Federal Contract Tower,0,12,1,0,13,0,2,16,0,18,0,14,17,0,31,0,0,0,31
09/10/2010,PDT,OR,ANM,WE,Federal Contract Tower,0,10,1,0,11,0,2,10,0,12,0,12,11,0,23,5,0,5,28
09/11/2010,PDT,OR,ANM,WE,Federal Contract Tower,0,5,0,0,5,0,0,15,0,15,0,5,15,0,20,2,0,2,22
09/12/2010,PDT,OR,ANM,WE,Federal Contract Tower,0,5,0,0,5,0,2,25,0,27,0,7,25,0,32,10,0,10,42
09/13/2010,PDT,OR,ANM,WE,Federal Contract Tower,0,7,3,4,14,0,3,34,0,37,0,10,37,4,51,2,0,2,53
09/14/2010,PDT,OR,ANM,WE,Federal Contract Tower,0,7,4,0,11,0,5,10,0,15,0,12,14,0,26,0,0,0,26
09/15/2010,PDT,OR,ANM,WE,Federal Contract Tower,0,14,14,2,30,0,6,20,0,26,0,20,34,2,56,5,0,5,61
09/16/2010,PDT,OR,ANM,WE,Federal Contract Tower,8,16,0,0,24,0,4,23,0,27,8,20,23,0,51,10,0,10,61
09/17/2010,PDT,OR,ANM,WE,Federal Contract Tower,0,16,19,0,35,0,4,18,0,22,0,20,37,0,57,18,0,18,75
09/18/2010,PDT,OR,ANM,WE,Federal Contract Tower,0,6,7,2,15,0,2,30,22,54,0,8,37,24,69,0,0,0,69
09/19/2010,PDT,OR,ANM,WE,Federal Contract Tower,0,7,11,0,18,0,0,11,0,11,0,7,22,0,29,0,0,0,29
09/20/2010,PDT,OR,ANM,WE,Federal Contract Tower,0,10,1,0,11,0,0,13,0,13,0,10,14,0,24,0,0,0,24
09/21/2010,PDT,OR,ANM,WE,Federal Contract Tower,0,9,1,0,10,0,2,25,0,27,0,11,26,0,37,7,0,7,44
09/22/2010,PDT,OR,ANM,WE,Federal Contract Tower,0,10,1,0,11,0,2,27,0,29,0,12,28,0,40,2,0,2,42
09/23/2010,PDT,OR,ANM,WE,Federal Contract Tower,0,11,0,0,11,0,5,6,0,11,0,16,6,0,22,8,0,8,30
09/24/2010,PDT,OR,ANM,WE,Federal Contract Tower,0,7,6,0,13,0,3,19,0,22,0,10,25,0,35,4,0,4,39
09/25/2010,PDT,OR,ANM,WE,Federal Contract Tower,0,6,0,0,6,0,1,26,0,27,0,7,26,0,33,15,0,15,48
09/26/2010,PDT,OR,ANM,WE,Federal Contract Tower,0,5,3,0,8,0,0,43,0,43,0,5,46,0,51,8,0,8,59
09/27/2010,PDT,OR,ANM,WE,Federal Contract Tower,0,8,1,0,9,0,2,19,0,21,0,10,20,0,30,0,0,0,30
09/28/2010,PDT,OR,ANM,WE,Federal Contract Tower,0,9,2,0,11,0,3,17,0,20,0,12,19,0,31,4,0,4,35
09/29/2010,PDT,OR,ANM,WE,Federal Contract Tower,0,9,0,0,9,0,3,17,0,20,0,12,17,0,29,38,0,38,67
09/30/2010,PDT,OR,ANM,WE,Federal Contract Tower,0,10,0,0,10,0,2,17,0,19,0,12,17,0,29,40,0,40,69
10/01/2010,PDT,OR,ANM,WE,Federal Contract Tower,0,9,0,0,9,0,2,13,0,15,0,11,13,0,24,20,0,20,44
10/02/2010,PDT,OR,ANM,WE,Federal Contract Tower,0,6,2,0,8,0,0,11,0,11,0,6,13,0,19,10,0,10,29
10/03/2010,PDT,OR,ANM,WE,Federal Contract Tower,0,5,2,0,7,0,0,6,0,6,0,5,8,0,13,10,0,10,23
10/04/2010,PDT,OR,ANM,WE,Federal Contract Tower,0,7,3,3,13,0,2,7,1,10,0,9,10,4,23,0,0,0,23
10/05/2010,PDT,OR,ANM,WE,Federal Contract Tower,0,9,2,0,11,0,3,21,0,24,0,12,23,0,35,0,0,0,35
10/06/2010,PDT,OR,ANM,WE,Federal Contract Tower,0,10,2,0,12,0,0,22,0,22,0,10,24,0,34,34,0,34,68
10/07/2010,PDT,OR,ANM,WE,Federal Contract Tower,0,13,1,0,14,0,1,5,1,7,0,14,6,1,21,16,0,16,37
10/08/2010,PDT,OR,ANM,WE,Federal Contract Tower,0,11,0,2,13,0,3,14,1,18,0,14,14,3,31,0,0,0,31
10/09/2010,PDT,OR,ANM,WE,Federal Contract Tower,0,6,1,0,7,0,0,7,0,7,0,6,8,0,14,14,0,14,28
10/10/2010,PDT,OR,ANM,WE,Federal Contract Tower,0,6,1,0,7,0,0,17,0,17,0,6,18,0,24,10,0,10,34
10/11/2010,PDT,OR,ANM,WE,Federal Contract Tower,0,7,3,0,10,0,0,14,0,14,0,7,17,0,24,0,0,0,24
10/12/2010,PDT,OR,ANM,WE,Federal Contract Tower,0,11,0,1,12,0,2,15,3,20,0,13,15,4,32,16,0,16,48
10/13/2010,PDT,OR,ANM,WE,Federal Contract Tower,0,10,2,4,16,0,0,2,0,2,0,10,4,4,18,4,0,4,22
10/14/2010,PDT,OR,ANM,WE,Federal Contract Tower,0,9,3,3,15,0,0,26,12,38,0,9,29,15,53,2,0,2,55
10/15/2010,PDT,OR,ANM,WE,Federal Contract Tower,0,10,4,0,14,0,1,26,0,27,0,11,30,0,41,0,0,0,41
10/16/2010,PDT,OR,ANM,WE,Federal Contract Tower,0,6,2,1,9,0,0,16,2,18,0,6,18,3,27,0,10,10,37
10/17/2010,PDT,OR,ANM,WE,Federal Contract Tower,0,5,2,1,8,0,3,20,3,26,0,8,22,4,34,0,6,6,40
10/18/2010,PDT,OR,ANM,WE,Federal Contract Tower,0,8,3,0,11,0,4,11,0,15,0,12,14,0,26,0,0,0,26
10/19/2010,PDT,OR,ANM,WE,Federal Contract Tower,0,9,2,0,11,0,3,16,0,19,0,12,18,0,30,0,0,0,30
10/20/2010,PDT,OR,ANM,WE,Federal Contract Tower,0,6,1,0,7,0,6,15,0,21,0,12,16,0,28,0,0,0,28
10/21/2010,PDT,OR,ANM,WE,Federal Contract Tower,0,9,0,0,9,0,4,23,0,27,0,13,23,0,36,10,0,10,46
10/22/2010,PDT,OR,ANM,WE,Federal Contract Tower,0,11,0,0,11,0,1,16,0,17,0,12,16,0,28,10,0,10,38
10/23/2010,PDT,OR,ANM,WE,Federal Contract Tower,0,6,0,0,6,0,0,0,0,0,0,6,0,0,6,60,0,60,66
10/24/2010,PDT,OR,ANM,WE,Federal Contract Tower,0,5,0,0,5,0,0,1,0,1,0,5,1,0,6,0,0,0,6
10/25/2010,PDT,OR,ANM,WE,Federal Contract Tower,0,10,0,0,10,0,2,0,0,2,0,12,0,0,12,0,0,0,12
10/26/2010,PDT,OR,ANM,WE,Federal Contract Tower,0,10,2,0,12,0,0,4,0,4,0,10,6,0,16,0,0,0,16
10/27/2010,PDT,OR,ANM,WE,Federal Contract Tower,0,12,4,2,18,0,1,4,0,5,0,13,8,2,23,0,0,0,23
10/28/2010,PDT,OR,ANM,WE,Federal Contract Tower,0,12,0,0,12,0,1,2,0,3,0,13,2,0,15,0,0,0,15
10/29/2010,PDT,OR,ANM,WE,Federal Contract Tower,0,11,2,0,13,0,0,25,0,25,0,11,27,0,38,12,0,12,50
10/30/2010,PDT,OR,ANM,WE,Federal Contract Tower,0,6,5,0,11,0,0,1,0,1,0,6,6,0,12,0,0,0,12
10/31/2010,PDT,OR,ANM,WE,Federal Contract Tower,0,5,0,0,5,0,0,14,0,14,0,5,14,0,19,28,0,28,47
11/01/2010,PDT,OR,ANM,WE,Federal Contract Tower,0,10,1,0,11,0,1,2,0,3,0,11,3,0,14,0,0,0,14
11/02/2010,PDT,OR,ANM,WE,Federal Contract Tower,0,11,2,0,13,0,2,5,0,7,0,13,7,0,20,0,0,0,20
11/03/2010,PDT,OR,ANM,WE,Federal Contract Tower,0,9,3,0,12,0,4,23,0,27,0,13,26,0,39,0,0,0,39
11/04/2010,PDT,OR,ANM,WE,Federal Contract Tower,0,12,6,1,19,0,0,23,1,24,0,12,29,2,43,18,0,18,61
11/05/2010,PDT,OR,ANM,WE,Federal Contract Tower,0,12,2,0,14,0,0,16,0,16,0,12,18,0,30,19,0,19,49
11/06/2010,PDT,OR,ANM,WE,Federal Contract Tower,0,7,6,0,13,0,1,16,0,17,0,8,22,0,30,8,0,8,38
11/07/2010,PDT,OR,ANM,WE,Federal Contract Tower,0,6,1,0,7,0,0,2,0,2,0,6,3,0,9,0,0,0,9
11/08/2010,PDT,OR,ANM,WE,Federal Contract Tower,0,10,2,0,12,0,3,10,5,18,0,13,12,5,30,14,0,14,44
11/09/2010,PDT,OR,ANM,WE,Federal Contract Tower,0,10,4,0,14,0,1,13,3,17,0,11,17,3,31,0,0,0,31
11/10/2010,PDT,OR,ANM,WE,Federal Contract Tower,0,11,1,2,14,0,0,0,2,2,0,11,1,4,16,0,0,0,16
11/11/2010,PDT,OR,ANM,WE,Federal Contract Tower,0,9,1,0,10,0,0,17,0,17,0,9,18,0,27,2,0,2,29
11/12/2010,PDT,OR,ANM,WE,Federal Contract Tower,0,11,2,0,13,0,3,9,0,12,0,14,11,0,25,14,0,14,39
11/13/2010,PDT,OR,ANM,WE,Federal Contract Tower,0,6,0,0,6,0,0,9,0,9,0,6,9,0,15,27,0,27,42
11/14/2010,PDT,OR,ANM,WE,Federal Contract Tower,0,6,2,0,8,0,0,12,0,12,0,6,14,0,20,0,0,0,20
11/15/2010,PDT,OR,ANM,WE,Federal Contract Tower,0,10,2,0,12,0,0,0,0,0,0,10,2,0,12,0,0,0,12
11/16/2010,PDT,OR,ANM,WE,Federal Contract Tower,0,12,0,0,12,0,2,0,0,2,0,14,0,0,14,0,0,0,14
11/17/2010,PDT,OR,ANM,WE,Federal Contract Tower,0,11,2,2,15,0,1,13,0,14,0,12,15,2,29,6,0,6,35
11/18/2010,PDT,OR,ANM,WE,Federal Contract Tower,0,13,5,1,19,0,2,7,1,10,0,15,12,2,29,6,0,6,35
11/19/2010,PDT,OR,ANM,WE,Federal Contract Tower,0,10,3,4,17,0,1,9,7,17,0,11,12,11,34,26,6,32,66
11/20/2010,PDT,OR,ANM,WE,Federal Contract Tower,0,5,0,4,9,0,1,20,0,21,0,6,20,4,30,12,0,12,42
11/21/2010,PDT,OR,ANM,WE,Federal Contract Tower,0,6,0,0,6,0,0,0,0,0,0,6,0,0,6,0,0,0,6
11/22/2010,PDT,OR,ANM,WE,Federal Contract Tower,0,13,2,0,15,0,1,0,0,1,0,14,2,0,16,0,0,0,16
11/23/2010,PDT,OR,ANM,WE,Federal Contract Tower,0,20,4,0,24,0,0,0,0,0,0,20,4,0,24,0,0,0,24
11/24/2010,PDT,OR,ANM,WE,Federal Contract Tower,0,13,0,0,13,0,4,4,0,8,0,17,4,0,21,0,0,0,21
11/25/2010,PDT,OR,ANM,WE,Federal Contract Tower,0,5,0,0,5,0,0,0,0,0,0,5,0,0,5,0,0,0,5
11/26/2010,PDT,OR,ANM,WE,Federal Contract Tower,0,8,0,0,8,0,1,6,0,7,0,9,6,0,15,0,0,0,15
11/27/2010,PDT,OR,ANM,WE,Federal Contract Tower,0,6,1,0,7,0,0,0,0,0,0,6,1,0,7,0,0,0,7
11/28/2010,PDT,OR,ANM,WE,Federal Contract Tower,0,5,6,0,11,0,1,4,0,5,0,6,10,0,16,0,0,0,16
11/29/2010,PDT,OR,ANM,WE,Federal Contract Tower,0,7,0,0,7,0,1,4,0,5,0,8,4,0,12,0,0,0,12
11/30/2010,PDT,OR,ANM,WE,Federal Contract Tower,0,18,0,0,18,0,0,0,0,0,0,18,0,0,18,0,0,0,18
12/01/2010,PDT,OR,ANM,WE,Federal Contract Tower,0,5,3,0,8,0,1,0,0,1,0,6,3,0,9,0,0,0,9
12/02/2010,PDT,OR,ANM,WE,Federal Contract Tower,0,14,2,0,16,0,0,0,0,0,0,14,2,0,16,0,0,0,16
12/03/2010,PDT,OR,ANM,WE,Federal Contract Tower,0,9,2,2,13,0,0,0,0,0,0,9,2,2,13,0,0,0,13
12/04/2010,PDT,OR,ANM,WE,Federal Contract Tower,0,6,0,0,6,0,0,0,0,0,0,6,0,0,6,0,0,0,6
12/05/2010,PDT,OR,ANM,WE,Federal Contract Tower,0,6,2,0,8,0,0,0,0,0,0,6,2,0,8,0,0,0,8
12/06/2010,PDT,OR,ANM,WE,Federal Contract Tower,0,9,1,0,10,0,1,6,0,7,0,10,7,0,17,0,0,0,17
12/07/2010,PDT,OR,ANM,WE,Federal Contract Tower,0,14,2,0,16,0,0,0,0,0,0,14,2,0,16,0,0,0,16
12/08/2010,PDT,OR,ANM,WE,Federal Contract Tower,0,12,0,0,12,0,1,1,0,2,0,13,1,0,14,21,0,21,35
12/09/2010,PDT,OR,ANM,WE,Federal Contract Tower,0,10,0,2,12,0,2,2,0,4,0,12,2,2,16,0,0,0,16
12/10/2010,PDT,OR,ANM,WE,Federal Contract Tower,0,11,9,0,20,0,0,9,0,9,0,11,18,0,29,7,0,7,36
12/11/2010,PDT,OR,ANM,WE,Federal Contract Tower,0,6,0,0,6,0,0,2,0,2,0,6,2,0,8,0,0,0,8
12/12/2010,PDT,OR,ANM,WE,Federal Contract Tower,0,5,4,0,9,0,1,3,0,4,0,6,7,0,13,0,0,0,13
12/13/2010,PDT,OR,ANM,WE,Federal Contract Tower,0,9,2,0,11,0,5,5,0,10,0,14,7,0,21,8,0,8,29
12/14/2010,PDT,OR,ANM,WE,Federal Contract Tower,0,12,0,1,13,0,1,2,3,6,0,13,2,4,19,0,0,0,19
12/15/2010,PDT,OR,ANM,WE,Federal Contract Tower,0,10,3,12,25,0,2,14,7,23,0,12,17,19,48,48,0,48,96
12/16/2010,PDT,OR,ANM,WE,Federal Contract Tower,0,10,4,0,14,0,2,20,0,22,0,12,24,0,36,0,0,0,36
12/17/2010,PDT,OR,ANM,WE,Federal Contract Tower,0,9,2,0,11,0,2,14,0,16,0,11,16,0,27,31,0,31,58
12/18/2010,PDT,OR,ANM,WE,Federal Contract Tower,0,7,0,0,7,0,0,0,0,0,0,7,0,0,7,0,0,0,7
12/19/2010,PDT,OR,ANM,WE,Federal Contract Tower,0,6,2,0,8,0,0,0,0,0,0,6,2,0,8,0,0,0,8
12/20/2010,PDT,OR,ANM,WE,Federal Contract Tower,0,10,0,0,10,0,2,0,0,2,0,12,0,0,12,0,0,0,12
12/21/2010,PDT,OR,ANM,WE,Federal Contract Tower,0,12,7,0,19,0,5,2,0,7,0,17,9,0,26,0,0,0,26
12/22/2010,PDT,OR,ANM,WE,Federal Contract Tower,0,6,0,0,6,0,0,0,0,0,0,6,0,0,6,0,0,0,6
12/23/2010,PDT,OR,ANM,WE,Federal Contract Tower,0,0,0,0,0,0,0,0,0,0,0,0,0,0,0,0,0,0,0
12/24/2010,PDT,OR,ANM,WE,Federal Contract Tower,0,0,0,0,0,0,0,0,0,0,0,0,0,0,0,0,0,0,0
12/25/2010,PDT,OR,ANM,WE,Federal Contract Tower,0,5,0,0,5,0,0,0,0,0,0,5,0,0,5,0,0,0,5
12/26/2010,PDT,OR,ANM,WE,Federal Contract Tower,0,5,0,0,5,0,1,5,0,6,0,6,5,0,11,0,0,0,11
12/27/2010,PDT,OR,ANM,WE,Federal Contract Tower,0,10,0,4,14,0,1,4,0,5,0,11,4,4,19,8,6,14,33
12/28/2010,PDT,OR,ANM,WE,Federal Contract Tower,0,13,2,0,15,0,0,4,0,4,0,13,6,0,19,6,0,6,25
12/29/2010,PDT,OR,ANM,WE,Federal Contract Tower,0,8,0,0,8,0,0,0,0,0,0,8,0,0,8,0,0,0,8
12/30/2010,PDT,OR,ANM,WE,Federal Contract Tower,0,12,0,0,12,0,0,0,0,0,0,12,0,0,12,2,0,2,14
12/31/2010,PDT,OR,ANM,WE,Federal Contract Tower,0,5,0,0,5,0,7,15,0,22,0,12,15,0,27,0,0,0,27
01/01/2011,PDT,OR,ANM,WE,Federal Contract Tower,6,0,0,0,6,0,0,6,0,6,6,0,6,0,12,0,0,0,12
01/02/2011,PDT,OR,ANM,WE,Federal Contract Tower,0,6,1,0,7,0,0,5,0,5,0,6,6,0,12,0,0,0,12
01/03/2011,PDT,OR,ANM,WE,Federal Contract Tower,0,8,0,0,8,0,2,4,0,6,0,10,4,0,14,0,0,0,14
01/04/2011,PDT,OR,ANM,WE,Federal Contract Tower,0,8,0,0,8,0,5,3,0,8,0,13,3,0,16,26,0,26,42
01/05/2011,PDT,OR,ANM,WE,Federal Contract Tower,0,9,2,0,11,0,4,5,0,9,0,13,7,0,20,0,0,0,20
01/06/2011,PDT,OR,ANM,WE,Federal Contract Tower,0,9,4,0,13,0,5,8,0,13,0,14,12,0,26,0,0,0,26
01/07/2011,PDT,OR,ANM,WE,Federal Contract Tower,0,7,2,0,9,0,6,17,0,23,0,13,19,0,32,4,0,4,36
01/08/2011,PDT,OR,ANM,WE,Federal Contract Tower,0,6,2,0,8,0,0,11,0,11,0,6,13,0,19,6,0,6,25
01/09/2011,PDT,OR,ANM,WE,Federal Contract Tower,0,6,0,0,6,0,0,0,0,0,0,6,0,0,6,0,0,0,6
01/10/2011,PDT,OR,ANM,WE,Federal Contract Tower,0,11,0,0,11,0,0,0,0,0,0,11,0,0,11,8,0,8,19
01/11/2011,PDT,OR,ANM,WE,Federal Contract Tower,0,12,0,0,12,0,0,0,0,0,0,12,0,0,12,0,0,0,12
01/12/2011,PDT,OR,ANM,WE,Federal Contract Tower,0,12,2,0,14,0,0,0,0,0,0,12,2,0,14,0,0,0,14
01/13/2011,PDT,OR,ANM,WE,Federal Contract Tower,0,10,0,0,10,0,3,4,0,7,0,13,4,0,17,0,0,0,17
01/14/2011,PDT,OR,ANM,WE,Federal Contract Tower,0,12,2,0,14,0,1,6,0,7,0,13,8,0,21,0,0,0,21
01/15/2011,PDT,OR,ANM,WE,Federal Contract Tower,0,6,0,0,6,0,0,10,0,10,0,6,10,0,16,0,0,0,16
01/16/2011,PDT,OR,ANM,WE,Federal Contract Tower,0,5,0,0,5,0,0,2,0,2,0,5,2,0,7,0,0,0,7
01/17/2011,PDT,OR,ANM,WE,Federal Contract Tower,0,8,1,0,9,0,1,2,0,3,0,9,3,0,12,0,0,0,12
01/18/2011,PDT,OR,ANM,WE,Federal Contract Tower,0,10,3,3,16,0,2,1,5,8,0,12,4,8,24,0,0,0,24
01/19/2011,PDT,OR,ANM,WE,Federal Contract Tower,0,11,2,2,15,0,0,0,0,0,0,11,2,2,15,0,0,0,15
01/20/2011,PDT,OR,ANM,WE,Federal Contract Tower,0,9,0,2,11,0,3,10,0,13,0,12,10,2,24,0,0,0,24
01/21/2011,PDT,OR,ANM,WE,Federal Contract Tower,0,13,2,0,15,0,0,0,0,0,0,13,2,0,15,0,0,0,15
01/22/2011,PDT,OR,ANM,WE,Federal Contract Tower,0,6,2,0,8,0,0,26,0,26,0,6,28,0,34,69,0,69,103
01/23/2011,PDT,OR,ANM,WE,Federal Contract Tower,0,7,3,0,10,0,10,1,0,11,0,17,4,0,21,6,0,6,27
01/24/2011,PDT,OR,ANM,WE,Federal Contract Tower,0,8,0,0,8,0,2,3,0,5,0,10,3,0,13,0,0,0,13
01/25/2011,PDT,OR,ANM,WE,Federal Contract Tower,0,10,0,0,10,0,3,11,0,14,0,13,11,0,24,14,0,14,38
01/26/2011,PDT,OR,ANM,WE,Federal Contract Tower,0,12,2,2,16,0,5,3,0,8,0,17,5,2,24,4,0,4,28
01/27/2011,PDT,OR,ANM,WE,Federal Contract Tower,0,8,1,0,9,0,0,0,0,0,0,8,1,0,9,0,0,0,9
01/28/2011,PDT,OR,ANM,WE,Federal Contract Tower,0,13,0,0,13,0,0,0,0,0,0,13,0,0,13,0,0,0,13
01/29/2011,PDT,OR,ANM,WE,Federal Contract Tower,0,8,0,0,8,0,3,7,0,10,0,11,7,0,18,18,0,18,36
01/30/2011,PDT,OR,ANM,WE,Federal Contract Tower,0,6,0,0,6,0,0,0,0,0,0,6,0,0,6,0,0,0,6
01/31/2011,PDT,OR,ANM,WE,Federal Contract Tower,0,9,0,0,9,0,2,3,0,5,0,11,3,0,14,0,0,0,14
02/01/2011,PDT,OR,ANM,WE,Federal Contract Tower,0,10,2,0,12,0,4,28,0,32,0,14,30,0,44,0,0,0,44
02/02/2011,PDT,OR,ANM,WE,Federal Contract Tower,0,12,0,0,12,0,4,10,0,14,0,16,10,0,26,16,0,16,42
02/03/2011,PDT,OR,ANM,WE,Federal Contract Tower,0,10,0,0,10,0,3,5,0,8,0,13,5,0,18,4,0,4,22
02/04/2011,PDT,OR,ANM,WE,Federal Contract Tower,0,10,0,0,10,0,2,4,0,6,0,12,4,0,16,0,0,0,16
02/05/2011,PDT,OR,ANM,WE,Federal Contract Tower,0,5,0,0,5,0,1,12,0,13,0,6,12,0,18,0,0,0,18
02/06/2011,PDT,OR,ANM,WE,Federal Contract Tower,0,6,0,0,6,0,0,0,0,0,0,6,0,0,6,0,0,0,6
02/07/2011,PDT,OR,ANM,WE,Federal Contract Tower,0,9,0,1,10,0,2,0,3,5,0,11,0,4,15,0,0,0,15
02/08/2011,PDT,OR,ANM,WE,Federal Contract Tower,0,10,0,1,11,0,3,1,5,9,0,13,1,6,20,0,0,0,20
02/09/2011,PDT,OR,ANM,WE,Federal Contract Tower,0,10,1,0,11,0,1,9,0,10,0,11,10,0,21,8,0,8,29
02/10/2011,PDT,OR,ANM,WE,Federal Contract Tower,0,9,0,0,9,0,5,10,0,15,0,14,10,0,24,0,0,0,24
02/11/2011,PDT,OR,ANM,WE,Federal Contract Tower,0,9,3,0,12,0,3,13,0,16,0,12,16,0,28,6,0,6,34
02/12/2011,PDT,OR,ANM,WE,Federal Contract Tower,0,7,0,0,7,0,3,8,0,11,0,10,8,0,18,20,0,20,38
02/13/2011,PDT,OR,ANM,WE,Federal Contract Tower,0,6,0,0,6,0,0,22,0,22,0,6,22,0,28,24,0,24,52
02/14/2011,PDT,OR,ANM,WE,Federal Contract Tower,0,7,0,0,7,0,4,2,0,6,0,11,2,0,13,0,0,0,13
02/15/2011,PDT,OR,ANM,WE,Federal Contract Tower,0,10,0,0,10,0,3,1,0,4,0,13,1,0,14,0,0,0,14
02/16/2011,PDT,OR,ANM,WE,Federal Contract Tower,0,11,2,0,13,0,1,8,0,9,0,12,10,0,22,26,0,26,48
02/17/2011,PDT,OR,ANM,WE,Federal Contract Tower,0,10,2,0,12,0,1,19,0,20,0,11,21,0,32,10,0,10,42
02/18/2011,PDT,OR,ANM,WE,Federal Contract Tower,0,10,0,0,10,0,1,17,0,18,0,11,17,0,28,6,0,6,34
02/19/2011,PDT,OR,ANM,WE,Federal Contract Tower,0,8,0,0,8,0,0,2,0,2,0,8,2,0,10,0,0,0,10
02/20/2011,PDT,OR,ANM,WE,Federal Contract Tower,0,5,0,0,5,0,0,17,0,17,0,5,17,0,22,2,0,2,24
02/21/2011,PDT,OR,ANM,WE,Federal Contract Tower,0,6,0,0,6,0,1,19,0,20,0,7,19,0,26,0,0,0,26
02/22/2011,PDT,OR,ANM,WE,Federal Contract Tower,0,11,2,0,13,0,2,2,0,4,0,13,4,0,17,0,0,0,17
02/23/2011,PDT,OR,ANM,WE,Federal Contract Tower,0,12,0,0,12,0,1,5,0,6,0,13,5,0,18,0,0,0,18
02/24/2011,PDT,OR,ANM,WE,Federal Contract Tower,0,10,4,0,14,0,3,2,0,5,0,13,6,0,19,6,0,6,25
02/25/2011,PDT,OR,ANM,WE,Federal Contract Tower,0,10,0,1,11,0,2,6,0,8,0,12,6,1,19,2,0,2,21
02/26/2011,PDT,OR,ANM,WE,Federal Contract Tower,0,6,0,0,6,0,2,12,0,14,0,8,12,0,20,0,0,0,20
02/27/2011,PDT,OR,ANM,WE,Federal Contract Tower,0,6,0,0,6,0,0,0,0,0,0,6,0,0,6,0,0,0,6
02/28/2011,PDT,OR,ANM,WE,Federal Contract Tower,0,10,2,0,12,0,1,4,0,5,0,11,6,0,17,0,0,0,17
03/01/2011,PDT,OR,ANM,WE,Federal Contract Tower,0,11,0,0,11,0,4,6,0,10,0,15,6,0,21,0,0,0,21
03/02/2011,PDT,OR,ANM,WE,Federal Contract Tower,0,8,0,0,8,0,5,2,0,7,0,13,2,0,15,0,0,0,15
03/03/2011,PDT,OR,ANM,WE,Federal Contract Tower,0,9,2,0,11,0,3,13,0,16,0,12,15,0,27,8,0,8,35
03/04/2011,PDT,OR,ANM,WE,Federal Contract Tower,0,10,2,0,12,0,4,31,0,35,0,14,33,0,47,4,0,4,51
03/05/2011,PDT,OR,ANM,WE,Federal Contract Tower,0,8,3,0,11,0,0,33,0,33,0,8,36,0,44,18,0,18,62
03/06/2011,PDT,OR,ANM,WE,Federal Contract Tower,0,6,2,0,8,0,0,18,0,18,0,6,20,0,26,20,0,20,46
03/07/2011,PDT,OR,ANM,WE,Federal Contract Tower,0,9,2,0,11,0,4,3,0,7,0,13,5,0,18,0,0,0,18
03/08/2011,PDT,OR,ANM,WE,Federal Contract Tower,0,12,2,0,14,0,3,5,0,8,0,15,7,0,22,0,0,0,22
03/09/2011,PDT,OR,ANM,WE,Federal Contract Tower,0,12,0,0,12,0,1,5,0,6,0,13,5,0,18,0,0,0,18
03/10/2011,PDT,OR,ANM,WE,Federal Contract Tower,0,9,2,0,11,0,4,3,0,7,0,13,5,0,18,0,0,0,18
03/11/2011,PDT,OR,ANM,WE,Federal Contract Tower,0,11,2,0,13,0,2,22,0,24,0,13,24,0,37,4,0,4,41
03/12/2011,PDT,OR,ANM,WE,Federal Contract Tower,0,4,0,0,4,0,3,24,0,27,0,7,24,0,31,4,0,4,35
03/13/2011,PDT,OR,ANM,WE,Federal Contract Tower,0,7,0,0,7,0,0,3,0,3,0,7,3,0,10,0,0,0,10
03/14/2011,PDT,OR,ANM,WE,Federal Contract Tower,0,8,2,0,10,0,4,26,0,30,0,12,28,0,40,0,0,0,40
03/15/2011,PDT,OR,ANM,WE,Federal Contract Tower,0,8,1,2,11,0,5,11,0,16,0,13,12,2,27,0,0,0,27
03/16/2011,PDT,OR,ANM,WE,Federal Contract Tower,0,10,2,0,12,0,3,11,0,14,0,13,13,0,26,2,0,2,28
03/17/2011,PDT,OR,ANM,WE,Federal Contract Tower,0,10,0,0,10,0,4,20,0,24,0,14,20,0,34,0,0,0,34
03/18/2011,PDT,OR,ANM,WE,Federal Contract Tower,0,11,1,0,12,0,4,20,0,24,0,15,21,0,36,0,0,0,36
03/19/2011,PDT,OR,ANM,WE,Federal Contract Tower,0,7,2,0,9,0,1,25,0,26,0,8,27,0,35,6,0,6,41
03/20/2011,PDT,OR,ANM,WE,Federal Contract Tower,0,6,3,0,9,0,0,4,0,4,0,6,7,0,13,0,0,0,13
03/21/2011,PDT,OR,ANM,WE,Federal Contract Tower,0,9,4,0,13,0,2,2,0,4,0,11,6,0,17,0,0,0,17
03/22/2011,PDT,OR,ANM,WE,Federal Contract Tower,0,9,0,2,11,0,7,19,0,26,0,16,19,2,37,6,0,6,43
03/23/2011,PDT,OR,ANM,WE,Federal Contract Tower,0,7,3,0,10,0,3,11,0,14,0,10,14,0,24,0,0,0,24
03/24/2011,PDT,OR,ANM,WE,Federal Contract Tower,0,9,8,0,17,0,4,12,0,16,0,13,20,0,33,0,0,0,33
03/25/2011,PDT,OR,ANM,WE,Federal Contract Tower,0,6,2,0,8,0,3,20,0,23,0,9,22,0,31,3,0,3,34
03/26/2011,PDT,OR,ANM,WE,Federal Contract Tower,0,8,4,0,12,0,0,2,0,2,0,8,6,0,14,0,0,0,14
03/27/2011,PDT,OR,ANM,WE,Federal Contract Tower,0,4,0,0,4,0,1,12,0,13,0,5,12,0,17,0,0,0,17
03/28/2011,PDT,OR,ANM,WE,Federal Contract Tower,0,9,2,0,11,0,1,10,4,15,0,10,12,4,26,0,0,0,26
03/29/2011,PDT,OR,ANM,WE,Federal Contract Tower,0,12,4,2,18,0,2,11,5,18,0,14,15,7,36,2,0,2,38
03/30/2011,PDT,OR,ANM,WE,Federal Contract Tower,0,10,2,0,12,0,2,3,2,7,0,12,5,2,19,0,0,0,19
03/31/2011,PDT,OR,ANM,WE,Federal Contract Tower,0,9,2,2,13,0,4,8,2,14,0,13,10,4,27,8,0,8,35
04/01/2011,PDT,OR,ANM,WE,Federal Contract Tower,0,11,5,0,16,0,5,35,0,40,0,16,40,0,56,13,0,13,69
04/02/2011,PDT,OR,ANM,WE,Federal Contract Tower,0,7,0,0,7,0,2,2,2,6,0,9,2,2,13,0,0,0,13
04/03/2011,PDT,OR,ANM,WE,Federal Contract Tower,0,8,0,0,8,0,0,20,0,20,0,8,20,0,28,0,0,0,28
04/04/2011,PDT,OR,ANM,WE,Federal Contract Tower,0,7,1,2,10,0,4,10,0,14,0,11,11,2,24,0,0,0,24
04/05/2011,PDT,OR,ANM,WE,Federal Contract Tower,0,10,2,2,14,0,4,0,0,4,0,14,2,2,18,0,0,0,18
04/06/2011,PDT,OR,ANM,WE,Federal Contract Tower,0,9,2,0,11,0,4,11,0,15,0,13,13,0,26,0,0,0,26
04/07/2011,PDT,OR,ANM,WE,Federal Contract Tower,0,7,4,4,15,0,5,15,0,20,0,12,19,4,35,2,0,2,37
04/08/2011,PDT,OR,ANM,WE,Federal Contract Tower,0,10,1,0,11,0,3,37,6,46,0,13,38,6,57,0,0,0,57
04/09/2011,PDT,OR,ANM,WE,Federal Contract Tower,0,9,3,2,14,0,1,38,2,41,0,10,41,4,55,2,0,2,57
04/10/2011,PDT,OR,ANM,WE,Federal Contract Tower,0,6,2,0,8,0,6,0,0,6,0,12,2,0,14,2,0,2,16
04/11/2011,PDT,OR,ANM,WE,Federal Contract Tower,0,8,1,0,9,0,2,3,0,5,0,10,4,0,14,0,0,0,14
04/12/2011,PDT,OR,ANM,WE,Federal Contract Tower,0,8,0,0,8,0,0,19,0,19,0,8,19,0,27,0,2,2,29
04/13/2011,PDT,OR,ANM,WE,Federal Contract Tower,0,10,0,0,10,0,4,14,0,18,0,14,14,0,28,0,0,0,28
04/14/2011,PDT,OR,ANM,WE,Federal Contract Tower,0,8,2,0,10,0,5,16,0,21,0,13,18,0,31,0,0,0,31
04/15/2011,PDT,OR,ANM,WE,Federal Contract Tower,0,9,1,0,10,0,3,14,0,17,0,12,15,0,27,2,0,2,29
04/16/2011,PDT,OR,ANM,WE,Federal Contract Tower,0,6,0,0,6,0,1,6,0,7,0,7,6,0,13,0,0,0,13
04/17/2011,PDT,OR,ANM,WE,Federal Contract Tower,0,4,1,0,5,0,0,20,0,20,0,4,21,0,25,0,0,0,25
04/18/2011,PDT,OR,ANM,WE,Federal Contract Tower,0,13,2,1,16,0,2,11,2,15,0,15,13,3,31,4,0,4,35
04/19/2011,PDT,OR,ANM,WE,Federal Contract Tower,0,14,2,1,17,0,5,26,3,34,0,19,28,4,51,6,0,6,57
04/20/2011,PDT,OR,ANM,WE,Federal Contract Tower,0,12,3,2,17,0,6,24,2,32,0,18,27,4,49,0,0,0,49
04/21/2011,PDT,OR,ANM,WE,Federal Contract Tower,0,11,0,0,11,0,4,1,0,5,0,15,1,0,16,0,0,0,16
04/22/2011,PDT,OR,ANM,WE,Federal Contract Tower,0,7,10,0,17,0,5,33,0,38,0,12,43,0,55,6,0,6,61
04/23/2011,PDT,OR,ANM,WE,Federal Contract Tower,0,0,0,0,0,0,2,51,0,53,0,2,51,0,53,20,0,20,73
04/24/2011,PDT,OR,ANM,WE,Federal Contract Tower,0,3,2,0,5,0,1,4,0,5,0,4,6,0,10,0,0,0,10
04/25/2011,PDT,OR,ANM,WE,Federal Contract Tower,0,10,2,0,12,0,2,0,0,2,0,12,2,0,14,0,0,0,14
04/26/2011,PDT,OR,ANM,WE,Federal Contract Tower,0,12,3,2,17,0,3,3,2,8,0,15,6,4,25,0,2,2,27
04/27/2011,PDT,OR,ANM,WE,Federal Contract Tower,0,12,1,0,13,0,5,11,0,16,0,17,12,0,29,4,0,4,33
04/28/2011,PDT,OR,ANM,WE,Federal Contract Tower,0,11,2,0,13,0,4,0,0,4,0,15,2,0,17,10,0,10,27
04/29/2011,PDT,OR,ANM,WE,Federal Contract Tower,0,10,10,0,20,0,21,3,0,24,0,31,13,0,44,0,0,0,44
04/30/2011,PDT,OR,ANM,WE,Federal Contract Tower,0,5,1,0,6,0,2,19,0,21,0,7,20,0,27,0,0,0,27
05/01/2011,PDT,OR,ANM,WE,Federal Contract Tower,0,3,1,0,4,0,0,32,0,32,0,3,33,0,36,22,0,22,58
05/02/2011,PDT,OR,ANM,WE,Federal Contract Tower,0,8,3,0,11,0,4,11,0,15,0,12,14,0,26,0,0,0,26
05/03/2011,PDT,OR,ANM,WE,Federal Contract Tower,0,10,3,0,13,0,5,3,0,8,0,15,6,0,21,0,0,0,21
05/04/2011,PDT,OR,ANM,WE,Federal Contract Tower,0,9,3,0,12,0,5,28,0,33,0,14,31,0,45,0,0,0,45
05/05/2011,PDT,OR,ANM,WE,Federal Contract Tower,0,10,4,0,14,0,7,15,0,22,0,17,19,0,36,0,0,0,36
05/06/2011,PDT,OR,ANM,WE,Federal Contract Tower,0,14,4,0,18,0,4,15,0,19,0,18,19,0,37,16,0,16,53
05/07/2011,PDT,OR,ANM,WE,Federal Contract Tower,0,2,0,0,2,0,1,12,0,13,0,3,12,0,15,2,0,2,17
05/08/2011,PDT,OR,ANM,WE,Federal Contract Tower,0,4,0,0,4,0,0,7,0,7,0,4,7,0,11,0,0,0,11
05/09/2011,PDT,OR,ANM,WE,Federal Contract Tower,0,11,0,0,11,0,3,20,0,23,0,14,20,0,34,2,0,2,36
05/10/2011,PDT,OR,ANM,WE,Federal Contract Tower,0,8,0,4,12,0,7,55,1,63,0,15,55,5,75,4,0,4,79
05/11/2011,PDT,OR,ANM,WE,Federal Contract Tower,0,8,2,0,10,0,8,44,5,57,0,16,46,5,67,2,0,2,69
05/12/2011,PDT,OR,ANM,WE,Federal Contract Tower,0,15,0,0,15,0,2,86,4,92,0,17,86,4,107,0,0,0,107
05/13/2011,PDT,OR,ANM,WE,Federal Contract Tower,0,10,0,0,10,0,5,53,0,58,0,15,53,0,68,4,0,4,72
05/14/2011,PDT,OR,ANM,WE,Federal Contract Tower,0,2,0,2,4,0,0,53,6,59,0,2,53,8,63,8,0,8,71
05/15/2011,PDT,OR,ANM,WE,Federal Contract Tower,0,5,2,2,9,0,0,10,0,10,0,5,12,2,19,4,0,4,23
05/16/2011,PDT,OR,ANM,WE,Federal Contract Tower,4,10,2,0,16,0,2,5,2,9,4,12,7,2,25,2,2,4,29
05/17/2011,PDT,OR,ANM,WE,Federal Contract Tower,0,13,0,0,13,0,2,17,3,22,0,15,17,3,35,2,0,2,37
05/18/2011,PDT,OR,ANM,WE,Federal Contract Tower,0,9,1,2,12,0,5,45,2,52,0,14,46,4,64,8,0,8,72
05/19/2011,PDT,OR,ANM,WE,Federal Contract Tower,0,12,0,0,12,0,6,30,3,39,0,18,30,3,51,4,0,4,55
05/20/2011,PDT,OR,ANM,WE,Federal Contract Tower,0,8,4,0,12,0,0,0,0,0,0,8,4,0,12,22,0,22,34
05/21/2011,PDT,OR,ANM,WE,Federal Contract Tower,0,2,2,0,4,0,0,25,1,26,0,2,27,1,30,0,0,0,30
05/22/2011,PDT,OR,ANM,WE,Federal Contract Tower,0,3,2,0,5,0,1,22,0,23,0,4,24,0,28,0,0,0,28
05/23/2011,PDT,OR,ANM,WE,Federal Contract Tower,0,12,1,1,14,0,1,4,0,5,0,13,5,1,19,0,1,1,20
05/24/2011,PDT,OR,ANM,WE,Federal Contract Tower,0,9,2,2,13,0,7,22,8,37,0,16,24,10,50,0,0,0,50
05/25/2011,PDT,OR,ANM,WE,Federal Contract Tower,0,13,2,0,15,0,1,17,0,18,0,14,19,0,33,0,0,0,33
05/26/2011,PDT,OR,ANM,WE,Federal Contract Tower,0,12,3,0,15,0,3,10,0,13,0,15,13,0,28,0,0,0,28
05/27/2011,PDT,OR,ANM,WE,Federal Contract Tower,0,12,3,0,15,0,2,10,0,12,0,14,13,0,27,12,0,12,39
05/28/2011,PDT,OR,ANM,WE,Federal Contract Tower,0,3,1,0,4,0,2,19,0,21,0,5,20,0,25,0,0,0,25
05/29/2011,PDT,OR,ANM,WE,Federal Contract Tower,0,6,0,0,6,0,0,6,0,6,0,6,6,0,12,0,0,0,12
05/30/2011,PDT,OR,ANM,WE,Federal Contract Tower,0,5,0,0,5,0,2,18,0,20,0,7,18,0,25,1,0,1,26
05/31/2011,PDT,OR,ANM,WE,Federal Contract Tower,0,10,0,0,10,0,6,13,0,19,0,16,13,0,29,0,0,0,29
06/01/2011,PDT,OR,ANM,WE,Federal Contract Tower,0,10,3,3,16,0,2,14,6,22,0,12,17,9,38,0,0,0,38
06/02/2011,PDT,OR,ANM,WE,Federal Contract Tower,0,12,1,4,17,0,5,5,6,16,0,17,6,10,33,0,0,0,33
06/03/2011,PDT,OR,ANM,WE,Federal Contract Tower,0,12,2,0,14,0,0,0,0,0,0,12,2,0,14,12,0,12,26
06/04/2011,PDT,OR,ANM,WE,Federal Contract Tower,0,1,2,0,3,0,1,65,0,66,0,2,67,0,69,12,0,12,81
06/05/2011,PDT,OR,ANM,WE,Federal Contract Tower,0,3,0,0,3,0,1,63,0,64,0,4,63,0,67,8,0,8,75
06/06/2011,PDT,OR,ANM,WE,Federal Contract Tower,0,10,2,0,12,0,3,19,2,24,0,13,21,2,36,12,0,12,48
06/07/2011,PDT,OR,ANM,WE,Federal Contract Tower,0,12,0,0,12,0,3,7,0,10,0,15,7,0,22,0,0,0,22
06/08/2011,PDT,OR,ANM,WE,Federal Contract Tower,0,9,0,1,10,0,3,15,3,21,0,12,15,4,31,0,0,0,31
06/09/2011,PDT,OR,ANM,WE,Federal Contract Tower,0,9,0,0,9,0,18,31,0,49,0,27,31,0,58,2,0,2,60
06/10/2011,PDT,OR,ANM,WE,Federal Contract Tower,0,11,0,0,11,0,4,38,0,42,0,15,38,0,53,4,0,4,57
06/11/2011,PDT,OR,ANM,WE,Federal Contract Tower,0,0,2,0,2,0,2,22,0,24,0,2,24,0,26,0,0,0,26
06/12/2011,PDT,OR,ANM,WE,Federal Contract Tower,0,3,4,0,7,0,1,44,0,45,0,4,48,0,52,0,0,0,52
06/13/2011,PDT,OR,ANM,WE,Federal Contract Tower,0,11,7,1,19,0,2,15,1,18,0,13,22,2,37,0,0,0,37
06/14/2011,PDT,OR,ANM,WE,Federal Contract Tower,0,9,0,0,9,0,4,14,2,20,0,13,14,2,29,8,0,8,37
06/15/2011,PDT,OR,ANM,WE,Federal Contract Tower,0,10,0,4,14,0,4,8,3,15,0,14,8,7,29,4,0,4,33
06/16/2011,PDT,OR,ANM,WE,Federal Contract Tower,0,11,0,0,11,0,4,45,4,53,0,15,45,4,64,14,0,14,78
06/17/2011,PDT,OR,ANM,WE,Federal Contract Tower,0,10,0,1,11,0,16,33,0,49,0,26,33,1,60,12,0,12,72
06/18/2011,PDT,OR,ANM,WE,Federal Contract Tower,0,2,1,0,3,0,0,13,0,13,0,2,14,0,16,6,0,6,22
06/19/2011,PDT,OR,ANM,WE,Federal Contract Tower,0,3,2,0,5,0,1,4,0,5,0,4,6,0,10,0,0,0,10
06/20/2011,PDT,OR,ANM,WE,Federal Contract Tower,0,9,0,3,12,0,4,5,3,12,0,13,5,6,24,0,0,0,24
06/21/2011,PDT,OR,ANM,WE,Federal Contract Tower,0,13,1,2,16,0,7,20,0,27,0,20,21,2,43,33,0,33,76
06/22/2011,PDT,OR,ANM,WE,Federal Contract Tower,0,10,4,2,16,0,4,22,2,28,0,14,26,4,44,10,0,10,54
06/23/2011,PDT,OR,ANM,WE,Federal Contract Tower,0,13,2,0,15,0,2,6,0,8,0,15,8,0,23,0,0,0,23
06/24/2011,PDT,OR,ANM,WE,Federal Contract Tower,0,10,1,0,11,0,20,26,0,46,0,30,27,0,57,10,0,10,67
06/25/2011,PDT,OR,ANM,WE,Federal Contract Tower,0,0,2,0,2,0,0,24,2,26,0,0,26,2,28,15,0,15,43
06/26/2011,PDT,OR,ANM,WE,Federal Contract Tower,0,4,0,0,4,0,0,16,0,16,0,4,16,0,20,2,0,2,22
06/27/2011,PDT,OR,ANM,WE,Federal Contract Tower,0,9,0,0,9,0,3,11,0,14,0,12,11,0,23,4,0,4,27
06/28/2011,PDT,OR,ANM,WE,Federal Contract Tower,0,12,3,2,17,0,2,7,0,9,0,14,10,2,26,0,0,0,26
06/29/2011,PDT,OR,ANM,WE,Federal Contract Tower,0,9,2,0,11,0,6,14,0,20,0,15,16,0,31,0,0,0,31
06/30/2011,PDT,OR,ANM,WE,Federal Contract Tower,0,16,2,0,18,0,1,11,0,12,0,17,13,0,30,6,0,6,36
07/01/2011,PDT,OR,ANM,WE,Federal Contract Tower,0,6,0,2,8,0,7,16,2,25,0,13,16,4,33,4,0,4,37
07/02/2011,PDT,OR,ANM,WE,Federal Contract Tower,0,1,0,0,1,0,1,19,0,20,0,2,19,0,21,0,0,0,21
07/03/2011,PDT,OR,ANM,WE,Federal Contract Tower,0,3,0,0,3,0,1,7,0,8,0,4,7,0,11,2,0,2,13
07/04/2011,PDT,OR,ANM,WE,Federal Contract Tower,0,5,3,0,8,0,0,7,0,7,0,5,10,0,15,0,0,0,15
07/05/2011,PDT,OR,ANM,WE,Federal Contract Tower,0,10,4,0,14,0,5,27,0,32,0,15,31,0,46,6,0,6,52
07/06/2011,PDT,OR,ANM,WE,Federal Contract Tower,0,12,0,0,12,0,12,11,0,23,0,24,11,0,35,6,0,6,41
07/07/2011,PDT,OR,ANM,WE,Federal Contract Tower,0,12,0,0,12,0,3,9,1,13,0,15,9,1,25,0,0,0,25
07/08/2011,PDT,OR,ANM,WE,Federal Contract Tower,0,12,1,0,13,0,3,6,0,9,0,15,7,0,22,60,0,60,82
07/09/2011,PDT,OR,ANM,WE,Federal Contract Tower,0,1,0,0,1,0,0,25,0,25,0,1,25,0,26,13,0,13,39
07/10/2011,PDT,OR,ANM,WE,Federal Contract Tower,0,1,0,0,1,0,1,7,0,8,0,2,7,0,9,27,0,27,36
07/11/2011,PDT,OR,ANM,WE,Federal Contract Tower,0,6,0,0,6,0,4,10,0,14,0,10,10,0,20,8,0,8,28
07/12/2011,PDT,OR,ANM,WE,Federal Contract Tower,0,9,0,0,9,0,2,33,0,35,0,11,33,0,44,22,0,22,66
07/13/2011,PDT,OR,ANM,WE,Federal Contract Tower,0,12,0,0,12,0,10,21,0,31,0,22,21,0,43,14,0,14,57
07/14/2011,PDT,OR,ANM,WE,Federal Contract Tower,0,9,0,0,9,0,9,17,0,26,0,18,17,0,35,50,0,50,85
07/15/2011,PDT,OR,ANM,WE,Federal Contract Tower,0,8,0,0,8,0,6,33,0,39,0,14,33,0,47,4,0,4,51
07/16/2011,PDT,OR,ANM,WE,Federal Contract Tower,0,1,1,1,3,0,0,18,1,19,0,1,19,2,22,10,0,10,32
07/17/2011,PDT,OR,ANM,WE,Federal Contract Tower,0,2,0,0,2,0,1,12,0,13,0,3,12,0,15,0,0,0,15
07/18/2011,PDT,OR,ANM,WE,Federal Contract Tower,0,13,5,1,19,0,3,11,1,15,0,16,16,2,34,2,0,2,36
07/19/2011,PDT,OR,ANM,WE,Federal Contract Tower,0,11,1,2,14,0,4,8,2,14,0,15,9,4,28,0,0,0,28
07/20/2011,PDT,OR,ANM,WE,Federal Contract Tower,0,10,0,0,10,0,7,21,1,29,0,17,21,1,39,10,0,10,49
07/21/2011,PDT,OR,ANM,WE,Federal Contract Tower,0,12,6,0,18,0,1,14,0,15,0,13,20,0,33,6,0,6,39
07/22/2011,PDT,OR,ANM,WE,Federal Contract Tower,0,12,2,0,14,0,5,18,2,25,0,17,20,2,39,0,4,4,43
07/23/2011,PDT,OR,ANM,WE,Federal Contract Tower,0,2,5,0,7,0,0,26,0,26,0,2,31,0,33,10,0,10,43
07/24/2011,PDT,OR,ANM,WE,Federal Contract Tower,0,3,4,0,7,0,1,15,0,16,0,4,19,0,23,0,0,0,23
07/25/2011,PDT,OR,ANM,WE,Federal Contract Tower,0,12,5,0,17,0,3,5,0,8,0,15,10,0,25,0,0,0,25
07/26/2011,PDT,OR,ANM,WE,Federal Contract Tower,0,15,0,0,15,0,1,11,0,12,0,16,11,0,27,2,0,2,29
07/27/2011,PDT,OR,ANM,WE,Federal Contract Tower,0,14,6,0,20,0,3,20,0,23,0,17,26,0,43,0,0,0,43
07/28/2011,PDT,OR,ANM,WE,Federal Contract Tower,0,13,0,0,13,0,2,56,0,58,0,15,56,0,71,0,0,0,71
07/29/2011,PDT,OR,ANM,WE,Federal Contract Tower,0,9,2,0,11,0,6,26,0,32,0,15,28,0,43,0,0,0,43
07/30/2011,PDT,OR,ANM,WE,Federal Contract Tower,0,1,4,0,5,0,1,40,0,41,0,2,44,0,46,2,0,2,48
07/31/2011,PDT,OR,ANM,WE,Federal Contract Tower,0,4,4,0,8,0,0,32,0,32,0,4,36,0,40,2,0,2,42
08/01/2011,PDT,OR,ANM,WE,Federal Contract Tower,0,10,0,2,12,0,3,39,0,42,0,13,39,2,54,0,0,0,54
08/02/2011,PDT,OR,ANM,WE,Federal Contract Tower,0,12,1,0,13,0,9,35,0,44,0,21,36,0,57,0,0,0,57
08/03/2011,PDT,OR,ANM,WE,Federal Contract Tower,0,11,0,0,11,0,5,28,0,33,0,16,28,0,44,4,0,4,48
08/04/2011,PDT,OR,ANM,WE,Federal Contract Tower,0,12,3,0,15,0,4,28,0,32,0,16,31,0,47,7,0,7,54
08/05/2011,PDT,OR,ANM,WE,Federal Contract Tower,0,12,2,0,14,0,5,7,0,12,0,17,9,0,26,0,0,0,26
08/06/2011,PDT,OR,ANM,WE,Federal Contract Tower,0,1,0,0,1,0,1,26,0,27,0,2,26,0,28,0,0,0,28
08/07/2011,PDT,OR,ANM,WE,Federal Contract Tower,0,4,0,0,4,0,0,27,0,27,0,4,27,0,31,2,0,2,33
08/08/2011,PDT,OR,ANM,WE,Federal Contract Tower,0,12,1,0,13,0,2,12,6,20,0,14,13,6,33,0,0,0,33
08/09/2011,PDT,OR,ANM,WE,Federal Contract Tower,0,13,2,2,17,0,2,17,4,23,0,15,19,6,40,0,0,0,40
08/10/2011,PDT,OR,ANM,WE,Federal Contract Tower,0,11,1,0,12,0,5,65,6,76,0,16,66,6,88,0,0,0,88
08/11/2011,PDT,OR,ANM,WE,Federal Contract Tower,0,10,5,0,15,0,8,134,3,145,0,18,139,3,160,14,0,14,174
08/12/2011,PDT,OR,ANM,WE,Federal Contract Tower,0,11,0,0,11,0,9,139,4,152,0,20,139,4,163,0,0,0,163
08/13/2011,PDT,OR,ANM,WE,Federal Contract Tower,0,1,0,0,1,0,0,93,0,93,0,1,93,0,94,2,0,2,96
08/14/2011,PDT,OR,ANM,WE,Federal Contract Tower,0,4,2,0,6,0,0,28,0,28,0,4,30,0,34,0,0,0,34
08/15/2011,PDT,OR,ANM,WE,Federal Contract Tower,0,15,11,0,26,0,5,12,4,21,0,20,23,4,47,0,0,0,47
08/16/2011,PDT,OR,ANM,WE,Federal Contract Tower,0,7,0,0,7,0,5,14,0,19,0,12,14,0,26,14,0,14,40
08/17/2011,PDT,OR,ANM,WE,Federal Contract Tower,0,10,0,0,10,0,6,12,0,18,0,16,12,0,28,0,0,0,28
08/18/2011,PDT,OR,ANM,WE,Federal Contract Tower,0,11,0,2,13,0,3,22,0,25,0,14,22,2,38,2,0,2,40
08/19/2011,PDT,OR,ANM,WE,Federal Contract Tower,0,11,0,0,11,0,3,20,0,23,0,14,20,0,34,2,0,2,36
08/20/2011,PDT,OR,ANM,WE,Federal Contract Tower,0,1,0,0,1,0,2,7,0,9,0,3,7,0,10,14,0,14,24
08/21/2011,PDT,OR,ANM,WE,Federal Contract Tower,0,3,0,0,3,0,0,15,0,15,0,3,15,0,18,16,0,16,34
08/22/2011,PDT,OR,ANM,WE,Federal Contract Tower,0,11,0,0,11,0,3,5,0,8,0,14,5,0,19,0,0,0,19
08/23/2011,PDT,OR,ANM,WE,Federal Contract Tower,0,12,0,0,12,0,2,8,0,10,0,14,8,0,22,0,0,0,22
08/24/2011,PDT,OR,ANM,WE,Federal Contract Tower,0,10,0,0,10,0,4,0,0,4,0,14,0,0,14,0,0,0,14
08/25/2011,PDT,OR,ANM,WE,Federal Contract Tower,0,9,1,0,10,0,4,28,0,32,0,13,29,0,42,0,0,0,42
08/26/2011,PDT,OR,ANM,WE,Federal Contract Tower,0,7,4,0,11,0,6,33,0,39,0,13,37,0,50,4,0,4,54
08/27/2011,PDT,OR,ANM,WE,Federal Contract Tower,0,1,0,0,1,0,0,21,0,21,0,1,21,0,22,0,0,0,22
08/28/2011,PDT,OR,ANM,WE,Federal Contract Tower,0,4,5,0,9,0,0,39,0,39,0,4,44,0,48,10,0,10,58
08/29/2011,PDT,OR,ANM,WE,Federal Contract Tower,0,9,10,0,19,0,3,13,0,16,0,12,23,0,35,0,0,0,35
08/30/2011,PDT,OR,ANM,WE,Federal Contract Tower,0,4,0,0,4,0,9,9,0,18,0,13,9,0,22,0,0,0,22
08/31/2011,PDT,OR,ANM,WE,Federal Contract Tower,0,10,2,0,12,0,4,4,0,8,0,14,6,0,20,0,0,0,20
09/01/2011,PDT,OR,ANM,WE,Federal Contract Tower,0,12,4,0,16,0,1,19,0,20,0,13,23,0,36,49,0,49,85
09/02/2011,PDT,OR,ANM,WE,Federal Contract Tower,0,7,5,0,12,0,7,30,2,39,0,14,35,2,51,6,0,6,57
09/03/2011,PDT,OR,ANM,WE,Federal Contract Tower,0,1,0,0,1,0,0,4,0,4,0,1,4,0,5,8,0,8,13
09/04/2011,PDT,OR,ANM,WE,Federal Contract Tower,0,3,2,0,5,0,0,13,0,13,0,3,15,0,18,0,0,0,18
09/05/2011,PDT,OR,ANM,WE,Federal Contract Tower,0,9,0,0,9,0,2,14,0,16,0,11,14,0,25,12,0,12,37
09/06/2011,PDT,OR,ANM,WE,Federal Contract Tower,0,9,0,0,9,0,3,7,0,10,0,12,7,0,19,6,0,6,25
09/07/2011,PDT,OR,ANM,WE,Federal Contract Tower,0,15,3,0,18,0,3,10,0,13,0,18,13,0,31,0,0,0,31
09/08/2011,PDT,OR,ANM,WE,Federal Contract Tower,0,15,0,2,17,0,1,11,0,12,0,16,11,2,29,4,0,4,33
09/09/2011,PDT,OR,ANM,WE,Federal Contract Tower,0,10,2,0,12,0,5,13,0,18,0,15,15,0,30,0,0,0,30
09/10/2011,PDT,OR,ANM,WE,Federal Contract Tower,0,1,3,0,4,0,1,14,1,16,0,2,17,1,20,7,0,7,27
09/11/2011,PDT,OR,ANM,WE,Federal Contract Tower,0,5,1,2,8,0,0,16,0,16,0,5,17,2,24,13,0,13,37
09/12/2011,PDT,OR,ANM,WE,Federal Contract Tower,0,13,1,0,14,0,2,17,0,19,0,15,18,0,33,0,0,0,33
09/13/2011,PDT,OR,ANM,WE,Federal Contract Tower,0,12,6,0,18,0,6,26,0,32,0,18,32,0,50,0,0,0,50
09/14/2011,PDT,OR,ANM,WE,Federal Contract Tower,0,12,6,0,18,0,3,30,0,33,0,15,36,0,51,40,0,40,91
09/15/2011,PDT,OR,ANM,WE,Federal Contract Tower,0,9,9,5,23,0,4,13,2,19,0,13,22,7,42,0,0,0,42
09/16/2011,PDT,OR,ANM,WE,Federal Contract Tower,0,11,9,2,22,0,6,31,2,39,0,17,40,4,61,0,1,1,62
09/17/2011,PDT,OR,ANM,WE,Federal Contract Tower,0,0,3,1,4,0,1,43,5,49,0,1,46,6,53,0,0,0,53
09/18/2011,PDT,OR,ANM,WE,Federal Contract Tower,0,4,8,2,14,0,0,18,4,22,0,4,26,6,36,2,0,2,38
09/19/2011,PDT,OR,ANM,WE,Federal Contract Tower,0,13,6,0,19,0,1,15,0,16,0,14,21,0,35,6,0,6,41
09/20/2011,PDT,OR,ANM,WE,Federal Contract Tower,0,12,3,2,17,0,5,19,0,24,0,17,22,2,41,12,0,12,53
09/21/2011,PDT,OR,ANM,WE,Federal Contract Tower,0,9,0,2,11,0,5,16,0,21,0,14,16,2,32,0,0,0,32
09/22/2011,PDT,OR,ANM,WE,Federal Contract Tower,0,11,5,0,16,0,3,18,0,21,0,14,23,0,37,6,0,6,43
09/23/2011,PDT,OR,ANM,WE,Federal Contract Tower,0,11,2,0,13,0,3,8,0,11,0,14,10,0,24,0,0,0,24
09/24/2011,PDT,OR,ANM,WE,Federal Contract Tower,0,1,4,0,5,0,1,18,0,19,0,2,22,0,24,10,0,10,34
09/25/2011,PDT,OR,ANM,WE,Federal Contract Tower,0,2,4,0,6,0,15,2,0,17,0,17,6,0,23,26,0,26,49
09/26/2011,PDT,OR,ANM,WE,Federal Contract Tower,0,11,2,0,13,0,3,8,0,11,0,14,10,0,24,0,0,0,24
09/27/2011,PDT,OR,ANM,WE,Federal Contract Tower,0,12,0,0,12,0,3,10,0,13,0,15,10,0,25,0,0,0,25
09/28/2011,PDT,OR,ANM,WE,Federal Contract Tower,0,14,5,0,19,0,3,12,0,15,0,17,17,0,34,0,0,0,34
09/29/2011,PDT,OR,ANM,WE,Federal Contract Tower,0,11,4,2,17,0,4,18,0,22,0,15,22,2,39,16,0,16,55
09/30/2011,PDT,OR,ANM,WE,Federal Contract Tower,0,11,1,0,12,0,3,21,0,24,0,14,22,0,36,18,0,18,54
10/01/2011,PDT,OR,ANM,WE,Federal Contract Tower,0,1,0,0,1,0,0,7,0,7,0,1,7,0,8,6,0,6,14
10/02/2011,PDT,OR,ANM,WE,Federal Contract Tower,0,4,4,0,8,0,0,7,0,7,0,4,11,0,15,0,0,0,15
10/03/2011,PDT,OR,ANM,WE,Federal Contract Tower,0,11,1,0,12,0,3,24,0,27,0,14,25,0,39,31,0,31,70
10/04/2011,PDT,OR,ANM,WE,Federal Contract Tower,0,14,1,0,15,0,0,5,0,5,0,14,6,0,20,0,0,0,20
10/05/2011,PDT,OR,ANM,WE,Federal Contract Tower,0,17,4,0,21,0,0,1,0,1,0,17,5,0,22,0,0,0,22
10/06/2011,PDT,OR,ANM,WE,Federal Contract Tower,0,16,6,0,22,0,0,1,0,1,0,16,7,0,23,0,0,0,23
10/07/2011,PDT,OR,ANM,WE,Federal Contract Tower,0,14,3,0,17,0,3,4,0,7,0,17,7,0,24,0,0,0,24
10/08/2011,PDT,OR,ANM,WE,Federal Contract Tower,0,5,2,0,7,0,4,11,0,15,0,9,13,0,22,20,0,20,42
10/09/2011,PDT,OR,ANM,WE,Federal Contract Tower,0,4,4,0,8,0,4,0,0,4,0,8,4,0,12,0,0,0,12
10/10/2011,PDT,OR,ANM,WE,Federal Contract Tower,0,11,4,0,15,0,0,0,0,0,0,11,4,0,15,0,0,0,15
10/11/2011,PDT,OR,ANM,WE,Federal Contract Tower,0,13,4,0,17,0,2,0,0,2,0,15,4,0,19,0,0,0,19
10/12/2011,PDT,OR,ANM,WE,Federal Contract Tower,0,13,0,0,13,0,2,4,0,6,0,15,4,0,19,0,0,0,19
10/13/2011,PDT,OR,ANM,WE,Federal Contract Tower,0,11,1,0,12,0,4,1,0,5,0,15,2,0,17,0,0,0,17
10/14/2011,PDT,OR,ANM,WE,Federal Contract Tower,0,12,2,4,18,0,1,14,0,15,0,13,16,4,33,0,0,0,33
10/15/2011,PDT,OR,ANM,WE,Federal Contract Tower,0,3,1,0,4,0,0,6,4,10,0,3,7,4,14,0,0,0,14
10/16/2011,PDT,OR,ANM,WE,Federal Contract Tower,0,2,0,1,3,0,0,0,5,5,0,2,0,6,8,0,0,0,8
10/17/2011,PDT,OR,ANM,WE,Federal Contract Tower,0,10,2,2,14,0,3,9,1,13,0,13,11,3,27,52,0,52,79
10/18/2011,PDT,OR,ANM,WE,Federal Contract Tower,0,14,11,0,25,0,4,15,0,19,0,18,26,0,44,0,0,0,44
10/19/2011,PDT,OR,ANM,WE,Federal Contract Tower,0,13,2,0,15,0,2,14,4,20,0,15,16,4,35,14,0,14,49
10/20/2011,PDT,OR,ANM,WE,Federal Contract Tower,0,13,2,2,17,0,2,8,1,11,0,15,10,3,28,0,0,0,28
10/21/2011,PDT,OR,ANM,WE,Federal Contract Tower,0,14,0,2,16,0,3,14,0,17,0,17,14,2,33,0,0,0,33
10/22/2011,PDT,OR,ANM,WE,Federal Contract Tower,0,1,0,0,1,0,1,19,0,20,0,2,19,0,21,32,0,32,53
10/23/2011,PDT,OR,ANM,WE,Federal Contract Tower,0,3,0,0,3,0,0,36,0,36,0,3,36,0,39,0,0,0,39
10/24/2011,PDT,OR,ANM,WE,Federal Contract Tower,0,9,1,0,10,0,6,9,0,15,0,15,10,0,25,0,0,0,25
10/25/2011,PDT,OR,ANM,WE,Federal Contract Tower,0,13,2,2,17,0,5,15,0,20,0,18,17,2,37,2,0,2,39
10/26/2011,PDT,OR,ANM,WE,Federal Contract Tower,0,14,1,0,15,0,3,9,0,12,0,17,10,0,27,4,0,4,31
10/27/2011,PDT,OR,ANM,WE,Federal Contract Tower,0,13,7,1,21,0,4,14,0,18,0,17,21,1,39,4,0,4,43
10/28/2011,PDT,OR,ANM,WE,Federal Contract Tower,0,11,0,0,11,0,6,8,0,14,0,17,8,0,25,0,0,0,25
10/29/2011,PDT,OR,ANM,WE,Federal Contract Tower,0,2,2,0,4,0,0,20,0,20,0,2,22,0,24,22,0,22,46
10/30/2011,PDT,OR,ANM,WE,Federal Contract Tower,0,3,0,0,3,0,0,17,0,17,0,3,17,0,20,0,0,0,20
10/31/2011,PDT,OR,ANM,WE,Federal Contract Tower,0,12,1,0,13,0,4,5,1,10,0,16,6,1,23,0,0,0,23
11/01/2011,PDT,OR,ANM,WE,Federal Contract Tower,0,13,2,0,15,0,7,8,1,16,0,20,10,1,31,0,33,33,64
11/02/2011,PDT,OR,ANM,WE,Federal Contract Tower,0,13,1,0,14,0,5,4,3,12,0,18,5,3,26,0,12,12,38
11/03/2011,PDT,OR,ANM,WE,Federal Contract Tower,0,14,6,0,20,0,3,5,0,8,0,17,11,0,28,0,18,18,46
11/04/2011,PDT,OR,ANM,WE,Federal Contract Tower,0,14,0,0,14,0,2,1,0,3,0,16,1,0,17,0,0,0,17
11/05/2011,PDT,OR,ANM,WE,Federal Contract Tower,0,0,6,0,6,0,1,16,0,17,0,1,22,0,23,2,0,2,25
11/06/2011,PDT,OR,ANM,WE,Federal Contract Tower,0,2,1,0,3,0,2,6,0,8,0,4,7,0,11,15,0,15,26
11/07/2011,PDT,OR,ANM,WE,Federal Contract Tower,0,12,1,0,13,0,3,7,0,10,0,15,8,0,23,0,0,0,23
11/08/2011,PDT,OR,ANM,WE,Federal Contract Tower,0,12,1,0,13,0,4,19,0,23,0,16,20,0,36,0,0,0,36
11/09/2011,PDT,OR,ANM,WE,Federal Contract Tower,0,12,0,0,12,0,3,12,0,15,0,15,12,0,27,0,0,0,27
11/10/2011,PDT,OR,ANM,WE,Federal Contract Tower,0,12,5,6,23,0,3,11,2,16,0,15,16,8,39,0,0,0,39
11/11/2011,PDT,OR,ANM,WE,Federal Contract Tower,0,10,1,0,11,0,4,13,0,17,0,14,14,0,28,8,0,8,36
11/12/2011,PDT,OR,ANM,WE,Federal Contract Tower,0,2,1,0,3,0,2,3,0,5,0,4,4,0,8,0,0,0,8
11/13/2011,PDT,OR,ANM,WE,Federal Contract Tower,0,2,2,0,4,0,2,0,0,2,0,4,2,0,6,0,0,0,6
11/14/2011,PDT,OR,ANM,WE,Federal Contract Tower,0,14,4,0,18,0,1,1,0,2,0,15,5,0,20,0,0,0,20
11/15/2011,PDT,OR,ANM,WE,Federal Contract Tower,0,10,1,0,11,0,2,12,0,14,0,12,13,0,25,12,0,12,37
11/16/2011,PDT,OR,ANM,WE,Federal Contract Tower,0,10,1,0,11,0,0,10,0,10,0,10,11,0,21,0,11,11,32
11/17/2011,PDT,OR,ANM,WE,Federal Contract Tower,0,10,0,1,11,0,1,3,2,6,0,11,3,3,17,0,14,14,31
11/18/2011,PDT,OR,ANM,WE,Federal Contract Tower,0,11,0,0,11,0,1,5,0,6,0,12,5,0,17,0,0,0,17
11/19/2011,PDT,OR,ANM,WE,Federal Contract Tower,0,2,5,0,7,0,0,0,0,0,0,2,5,0,7,0,0,0,7
11/20/2011,PDT,OR,ANM,WE,Federal Contract Tower,0,6,1,0,7,0,0,4,0,4,0,6,5,0,11,0,0,0,11
11/21/2011,PDT,OR,ANM,WE,Federal Contract Tower,0,15,2,0,17,0,0,4,0,4,0,15,6,0,21,0,0,0,21
11/22/2011,PDT,OR,ANM,WE,Federal Contract Tower,0,6,0,0,6,0,4,0,0,4,0,10,0,0,10,0,0,0,10
11/23/2011,PDT,OR,ANM,WE,Federal Contract Tower,0,11,0,0,11,0,5,4,1,10,0,16,4,1,21,0,5,5,26
11/24/2011,PDT,OR,ANM,WE,Federal Contract Tower,0,6,0,0,6,0,1,6,0,7,0,7,6,0,13,0,0,0,13
11/25/2011,PDT,OR,ANM,WE,Federal Contract Tower,0,13,0,0,13,0,3,6,0,9,0,16,6,0,22,0,0,0,22
11/26/2011,PDT,OR,ANM,WE,Federal Contract Tower,0,0,4,0,4,0,2,10,0,12,0,2,14,0,16,4,0,4,20
11/27/2011,PDT,OR,ANM,WE,Federal Contract Tower,0,3,0,0,3,0,1,1,0,2,0,4,1,0,5,24,0,24,29
11/28/2011,PDT,OR,ANM,WE,Federal Contract Tower,0,14,0,2,16,0,2,11,0,13,0,16,11,2,29,0,0,0,29
11/29/2011,PDT,OR,ANM,WE,Federal Contract Tower,0,13,0,0,13,0,1,7,0,8,0,14,7,0,21,0,0,0,21
11/30/2011,PDT,OR,ANM,WE,Federal Contract Tower,0,15,0,0,15,0,2,3,0,5,0,17,3,0,20,0,7,7,27
12/01/2011,PDT,OR,ANM,WE,Federal Contract Tower,0,12,0,0,12,0,2,4,2,8,0,14,4,2,20,4,3,7,27
12/02/2011,PDT,OR,ANM,WE,Federal Contract Tower,0,14,4,0,18,0,2,7,1,10,0,16,11,1,28,9,5,14,42
12/03/2011,PDT,OR,ANM,WE,Federal Contract Tower,0,0,0,0,0,0,2,7,2,11,0,2,7,2,11,0,0,0,11
12/04/2011,PDT,OR,ANM,WE,Federal Contract Tower,0,4,2,2,8,0,0,14,0,14,0,4,16,2,22,0,0,0,22
12/05/2011,PDT,OR,ANM,WE,Federal Contract Tower,0,11,1,1,13,0,5,1,2,8,0,16,2,3,21,0,15,15,36
12/06/2011,PDT,OR,ANM,WE,Federal Contract Tower,0,12,6,2,20,0,3,9,2,14,0,15,15,4,34,0,20,20,54
12/07/2011,PDT,OR,ANM,WE,Federal Contract Tower,0,15,0,2,17,0,4,8,1,13,0,19,8,3,30,2,0,2,32
12/08/2011,PDT,OR,ANM,WE,Federal Contract Tower,0,13,1,0,14,0,7,9,0,16,0,20,10,0,30,8,0,8,38
12/09/2011,PDT,OR,ANM,WE,Federal Contract Tower,0,1,0,0,1,0,0,0,0,0,0,1,0,0,1,0,0,0,1
12/10/2011,PDT,OR,ANM,WE,Federal Contract Tower,0,0,0,0,0,0,0,0,0,0,0,0,0,0,0,0,0,0,0
12/11/2011,PDT,OR,ANM,WE,Federal Contract Tower,0,7,0,0,7,0,0,0,0,0,0,7,0,0,7,0,0,0,7
12/12/2011,PDT,OR,ANM,WE,Federal Contract Tower,0,16,4,0,20,0,0,0,0,0,0,16,4,0,20,0,0,0,20
12/13/2011,PDT,OR,ANM,WE,Federal Contract Tower,0,17,0,4,21,0,0,0,1,1,0,17,0,5,22,0,6,6,28
12/14/2011,PDT,OR,ANM,WE,Federal Contract Tower,0,12,5,2,19,0,0,0,1,1,0,12,5,3,20,0,0,0,20
12/15/2011,PDT,OR,ANM,WE,Federal Contract Tower,0,19,4,3,26,0,0,2,0,2,0,19,6,3,28,0,26,26,54
12/16/2011,PDT,OR,ANM,WE,Federal Contract Tower,0,18,0,0,18,0,3,3,2,8,0,21,3,2,26,14,0,14,40
12/17/2011,PDT,OR,ANM,WE,Federal Contract Tower,0,0,2,0,2,0,0,0,0,0,0,0,2,0,2,0,0,0,2
12/18/2011,PDT,OR,ANM,WE,Federal Contract Tower,0,4,4,0,8,0,0,0,0,0,0,4,4,0,8,0,0,0,8
12/19/2011,PDT,OR,ANM,WE,Federal Contract Tower,0,1,0,0,1,0,0,0,0,0,0,1,0,0,1,0,0,0,1
12/20/2011,PDT,OR,ANM,WE,Federal Contract Tower,0,18,0,0,18,0,3,8,0,11,0,21,8,0,29,0,0,0,29
12/21/2011,PDT,OR,ANM,WE,Federal Contract Tower,0,14,1,0,15,0,3,2,4,9,0,17,3,4,24,0,13,13,37
12/22/2011,PDT,OR,ANM,WE,Federal Contract Tower,0,10,2,2,14,0,5,13,0,18,0,15,15,2,32,6,0,6,38
12/23/2011,PDT,OR,ANM,WE,Federal Contract Tower,0,14,1,0,15,0,4,11,0,15,0,18,12,0,30,0,0,0,30
12/24/2011,PDT,OR,ANM,WE,Federal Contract Tower,0,4,1,0,5,0,0,7,0,7,0,4,8,0,12,0,0,0,12
12/25/2011,PDT,OR,ANM,WE,Federal Contract Tower,0,3,0,0,3,0,0,0,0,0,0,3,0,0,3,0,0,0,3
12/26/2011,PDT,OR,ANM,WE,Federal Contract Tower,0,9,0,0,9,0,1,11,0,12,0,10,11,0,21,4,0,4,25
12/27/2011,PDT,OR,ANM,WE,Federal Contract Tower,0,11,1,1,13,0,2,7,1,10,0,13,8,2,23,6,8,14,37
12/28/2011,PDT,OR,ANM,WE,Federal Contract Tower,0,14,0,0,14,0,3,0,0,3,0,17,0,0,17,0,0,0,17
12/29/2011,PDT,OR,ANM,WE,Federal Contract Tower,0,12,4,0,16,0,2,8,0,10,0,14,12,0,26,7,0,7,33
12/30/2011,PDT,OR,ANM,WE,Federal Contract Tower,0,13,0,0,13,0,1,6,0,7,0,14,6,0,20,2,0,2,22
12/31/2011,PDT,OR,ANM,WE,Federal Contract Tower,0,0,0,0,0,0,2,19,0,21,0,2,19,0,21,24,0,24,45
01/01/2012,PDT,OR,ANM,WE,Federal Contract Tower,0,3,0,0,3,0,0,5,0,5,0,3,5,0,8,0,0,0,8
01/02/2012,PDT,OR,ANM,WE,Federal Contract Tower,0,7,1,0,8,0,1,7,0,8,0,8,8,0,16,0,0,0,16
01/03/2012,PDT,OR,ANM,WE,Federal Contract Tower,0,11,1,1,13,0,5,10,1,16,0,16,11,2,29,6,7,13,42
01/04/2012,PDT,OR,ANM,WE,Federal Contract Tower,0,13,0,0,13,0,1,7,8,16,0,14,7,8,29,0,0,0,29
01/05/2012,PDT,OR,ANM,WE,Federal Contract Tower,0,14,0,1,15,0,2,7,11,20,0,16,7,12,35,0,0,0,35
01/06/2012,PDT,OR,ANM,WE,Federal Contract Tower,0,12,0,2,14,0,0,2,0,2,0,12,2,2,16,7,0,7,23
01/07/2012,PDT,OR,ANM,WE,Federal Contract Tower,0,1,0,0,1,0,1,11,0,12,0,2,11,0,13,6,0,6,19
01/08/2012,PDT,OR,ANM,WE,Federal Contract Tower,0,4,0,0,4,0,9,8,0,17,0,13,8,0,21,4,19,23,44
01/09/2012,PDT,OR,ANM,WE,Federal Contract Tower,0,12,1,0,13,0,1,5,0,6,0,13,6,0,19,22,0,22,41
01/10/2012,PDT,OR,ANM,WE,Federal Contract Tower,0,14,1,0,15,0,2,2,0,4,0,16,3,0,19,0,23,23,42
01/11/2012,PDT,OR,ANM,WE,Federal Contract Tower,0,7,1,0,8,0,7,3,2,12,0,14,4,2,20,0,20,20,40
01/12/2012,PDT,OR,ANM,WE,Federal Contract Tower,0,9,1,1,11,0,7,11,3,21,0,16,12,4,32,0,24,24,56
01/13/2012,PDT,OR,ANM,WE,Federal Contract Tower,0,11,1,0,12,0,4,8,0,12,0,15,9,0,24,8,0,8,32
01/14/2012,PDT,OR,ANM,WE,Federal Contract Tower,0,0,0,0,0,0,2,8,0,10,0,2,8,0,10,0,0,0,10
01/15/2012,PDT,OR,ANM,WE,Federal Contract Tower,0,6,0,0,6,0,0,3,0,3,0,6,3,0,9,0,0,0,9
01/16/2012,PDT,OR,ANM,WE,Federal Contract Tower,0,9,2,0,11,0,1,2,0,3,0,10,4,0,14,0,0,0,14
01/17/2012,PDT,OR,ANM,WE,Federal Contract Tower,0,13,0,0,13,0,2,0,0,2,0,15,0,0,15,0,0,0,15
01/18/2012,PDT,OR,ANM,WE,Federal Contract Tower,0,12,4,0,16,0,0,0,0,0,0,12,4,0,16,0,0,0,16
01/19/2012,PDT,OR,ANM,WE,Federal Contract Tower,0,0,0,0,0,0,0,0,0,0,0,0,0,0,0,0,0,0,0
01/20/2012,PDT,OR,ANM,WE,Federal Contract Tower,0,0,0,0,0,0,0,0,0,0,0,0,0,0,0,0,0,0,0
01/21/2012,PDT,OR,ANM,WE,Federal Contract Tower,0,1,0,0,1,0,0,1,0,1,0,1,1,0,2,0,0,0,2
01/22/2012,PDT,OR,ANM,WE,Federal Contract Tower,0,3,2,0,5,0,1,2,0,3,0,4,4,0,8,0,0,0,8
01/23/2012,PDT,OR,ANM,WE,Federal Contract Tower,0,15,0,0,15,0,1,5,0,6,0,16,5,0,21,6,0,6,27
01/24/2012,PDT,OR,ANM,WE,Federal Contract Tower,0,12,2,0,14,0,2,0,0,2,0,14,2,0,16,0,0,0,16
01/25/2012,PDT,OR,ANM,WE,Federal Contract Tower,0,13,1,3,17,0,2,0,1,3,0,15,1,4,20,0,0,0,20
01/26/2012,PDT,OR,ANM,WE,Federal Contract Tower,0,14,2,2,18,0,2,1,0,3,0,16,3,2,21,0,0,0,21
01/27/2012,PDT,OR,ANM,WE,Federal Contract Tower,0,13,1,0,14,0,3,23,0,26,0,16,24,0,40,6,0,6,46
01/28/2012,PDT,OR,ANM,WE,Federal Contract Tower,0,0,3,0,3,0,2,14,0,16,0,2,17,0,19,16,0,16,35
01/29/2012,PDT,OR,ANM,WE,Federal Contract Tower,0,2,3,0,5,0,1,3,0,4,0,3,6,0,9,8,0,8,17
01/30/2012,PDT,OR,ANM,WE,Federal Contract Tower,0,15,5,0,20,0,1,3,0,4,0,16,8,0,24,0,0,0,24
01/31/2012,PDT,OR,ANM,WE,Federal Contract Tower,0,11,0,0,11,0,5,10,0,15,0,16,10,0,26,3,0,3,29
02/01/2012,PDT,OR,ANM,WE,Federal Contract Tower,0,11,0,4,15,0,3,0,0,3,0,14,0,4,18,0,0,0,18
02/02/2012,PDT,OR,ANM,WE,Federal Contract Tower,0,12,0,0,12,0,4,6,0,10,0,16,6,0,22,0,0,0,22
02/03/2012,PDT,OR,ANM,WE,Federal Contract Tower,0,12,0,0,12,0,1,0,0,1,0,13,0,0,13,0,0,0,13
02/04/2012,PDT,OR,ANM,WE,Federal Contract Tower,0,1,1,0,2,0,0,7,0,7,0,1,8,0,9,0,0,0,9
02/05/2012,PDT,OR,ANM,WE,Federal Contract Tower,0,2,0,0,2,0,1,0,0,1,0,3,0,0,3,0,0,0,3
02/06/2012,PDT,OR,ANM,WE,Federal Contract Tower,0,10,3,0,13,0,0,0,0,0,0,10,3,0,13,0,0,0,13
02/07/2012,PDT,OR,ANM,WE,Federal Contract Tower,0,10,0,0,10,0,0,0,0,0,0,10,0,0,10,0,0,0,10
02/08/2012,PDT,OR,ANM,WE,Federal Contract Tower,0,17,2,0,19,0,0,0,0,0,0,17,2,0,19,0,0,0,19
02/09/2012,PDT,OR,ANM,WE,Federal Contract Tower,16,0,0,0,16,0,0,0,0,0,16,0,0,0,16,0,0,0,16
02/10/2012,PDT,OR,ANM,WE,Federal Contract Tower,0,9,0,1,10,0,0,0,0,0,0,9,0,1,10,0,0,0,10
02/11/2012,PDT,OR,ANM,WE,Federal Contract Tower,0,1,0,2,3,0,0,5,0,5,0,1,5,2,8,2,0,2,10
02/12/2012,PDT,OR,ANM,WE,Federal Contract Tower,0,3,2,0,5,0,0,13,3,16,0,3,15,3,21,16,2,18,39
02/13/2012,PDT,OR,ANM,WE,Federal Contract Tower,0,13,0,0,13,0,0,2,0,2,0,13,2,0,15,0,0,0,15
02/14/2012,PDT,OR,ANM,WE,Federal Contract Tower,0,15,0,2,17,0,0,8,0,8,0,15,8,2,25,0,0,0,25
02/15/2012,PDT,OR,ANM,WE,Federal Contract Tower,0,13,0,0,13,0,0,13,2,15,0,13,13,2,28,0,27,27,55
02/16/2012,PDT,OR,ANM,WE,Federal Contract Tower,0,16,0,0,16,0,3,2,9,14,0,19,2,9,30,2,20,22,52
02/17/2012,PDT,OR,ANM,WE,Federal Contract Tower,0,13,0,0,13,0,1,15,5,21,0,14,15,5,34,28,10,38,72
02/18/2012,PDT,OR,ANM,WE,Federal Contract Tower,0,1,0,0,1,0,2,6,0,8,0,3,6,0,9,0,0,0,9
02/19/2012,PDT,OR,ANM,WE,Federal Contract Tower,0,5,3,0,8,0,0,9,0,9,0,5,12,0,17,14,0,14,31
02/20/2012,PDT,OR,ANM,WE,Federal Contract Tower,0,14,0,0,14,0,0,0,0,0,0,14,0,0,14,0,0,0,14
02/21/2012,PDT,OR,ANM,WE,Federal Contract Tower,0,13,0,0,13,0,3,0,0,3,0,16,0,0,16,0,0,0,16
02/22/2012,PDT,OR,ANM,WE,Federal Contract Tower,0,11,0,0,11,0,4,1,0,5,0,15,1,0,16,0,0,0,16
02/23/2012,PDT,OR,ANM,WE,Federal Contract Tower,0,13,2,0,15,0,1,25,1,27,0,14,27,1,42,4,0,4,46
02/24/2012,PDT,OR,ANM,WE,Federal Contract Tower,0,15,0,2,17,0,3,8,2,13,0,18,8,4,30,0,0,0,30
02/25/2012,PDT,OR,ANM,WE,Federal Contract Tower,0,1,0,0,1,0,0,0,0,0,0,1,0,0,1,0,0,0,1
02/26/2012,PDT,OR,ANM,WE,Federal Contract Tower,0,2,0,0,2,0,1,6,0,7,0,3,6,0,9,0,0,0,9
02/27/2012,PDT,OR,ANM,WE,Federal Contract Tower,0,14,2,0,16,0,0,5,2,7,0,14,7,2,23,0,17,17,40
02/28/2012,PDT,OR,ANM,WE,Federal Contract Tower,0,12,0,0,12,0,1,12,1,14,0,13,12,1,26,4,0,4,30
02/29/2012,PDT,OR,ANM,WE,Federal Contract Tower,0,10,0,0,10,0,4,6,0,10,0,14,6,0,20,0,0,0,20
03/01/2012,PDT,OR,ANM,WE,Federal Contract Tower,0,14,6,3,23,0,0,11,3,14,0,14,17,6,37,0,0,0,37
03/02/2012,PDT,OR,ANM,WE,Federal Contract Tower,0,16,0,0,16,0,15,19,0,34,0,31,19,0,50,0,12,12,62
03/03/2012,PDT,OR,ANM,WE,Federal Contract Tower,0,5,0,1,6,0,0,6,5,11,0,5,6,6,17,0,0,0,17
03/04/2012,PDT,OR,ANM,WE,Federal Contract Tower,0,2,2,1,5,0,1,18,43,62,0,3,20,44,67,0,0,0,67
03/05/2012,PDT,OR,ANM,WE,Federal Contract Tower,0,10,1,0,11,0,3,29,4,36,0,13,30,4,47,16,2,18,65
03/06/2012,PDT,OR,ANM,WE,Federal Contract Tower,0,13,0,0,13,0,3,4,0,7,0,16,4,0,20,0,23,23,43
03/07/2012,PDT,OR,ANM,WE,Federal Contract Tower,0,11,0,0,11,0,3,20,5,28,0,14,20,5,39,0,6,6,45
03/08/2012,PDT,OR,ANM,WE,Federal Contract Tower,0,14,0,1,15,0,1,16,5,22,0,15,16,6,37,12,0,12,49
03/09/2012,PDT,OR,ANM,WE,Federal Contract Tower,0,12,5,0,17,0,2,11,0,13,0,14,16,0,30,18,0,18,48
03/10/2012,PDT,OR,ANM,WE,Federal Contract Tower,0,0,0,0,0,0,3,26,0,29,0,3,26,0,29,4,0,4,33
03/11/2012,PDT,OR,ANM,WE,Federal Contract Tower,0,3,0,0,3,0,3,0,0,3,0,6,0,0,6,0,0,0,6
03/12/2012,PDT,OR,ANM,WE,Federal Contract Tower,0,13,4,0,17,0,1,3,0,4,0,14,7,0,21,0,0,0,21
03/13/2012,PDT,OR,ANM,WE,Federal Contract Tower,0,15,2,0,17,0,1,3,0,4,0,16,5,0,21,0,0,0,21
03/14/2012,PDT,OR,ANM,WE,Federal Contract Tower,0,17,2,4,23,0,2,7,2,11,0,19,9,6,34,6,0,6,40
03/15/2012,PDT,OR,ANM,WE,Federal Contract Tower,0,13,2,0,15,0,3,0,2,5,0,16,2,2,20,0,18,18,38
03/16/2012,PDT,OR,ANM,WE,Federal Contract Tower,0,12,2,0,14,0,5,14,0,19,0,17,16,0,33,2,0,2,35
03/17/2012,PDT,OR,ANM,WE,Federal Contract Tower,0,3,4,0,7,0,1,13,0,14,0,4,17,0,21,4,0,4,25
03/18/2012,PDT,OR,ANM,WE,Federal Contract Tower,0,3,1,2,6,0,0,16,0,16,0,3,17,2,22,0,0,0,22
03/19/2012,PDT,OR,ANM,WE,Federal Contract Tower,0,11,1,0,12,0,3,7,0,10,0,14,8,0,22,0,0,0,22
03/20/2012,PDT,OR,ANM,WE,Federal Contract Tower,0,13,0,0,13,0,2,0,0,2,0,15,0,0,15,0,2,2,17
03/21/2012,PDT,OR,ANM,WE,Federal Contract Tower,0,16,0,0,16,0,0,0,0,0,0,16,0,0,16,0,0,0,16
03/22/2012,PDT,OR,ANM,WE,Federal Contract Tower,0,12,0,1,13,0,2,1,3,6,0,14,1,4,19,0,0,0,19
03/23/2012,PDT,OR,ANM,WE,Federal Contract Tower,0,14,0,0,14,0,1,13,0,14,0,15,13,0,28,12,0,12,40
03/24/2012,PDT,OR,ANM,WE,Federal Contract Tower,0,1,2,0,3,0,2,18,0,20,0,3,20,0,23,42,0,42,65
03/25/2012,PDT,OR,ANM,WE,Federal Contract Tower,0,3,4,0,7,0,0,21,0,21,0,3,25,0,28,36,0,36,64
03/26/2012,PDT,OR,ANM,WE,Federal Contract Tower,0,11,0,3,14,0,1,15,0,16,0,12,15,3,30,0,15,15,45
03/27/2012,PDT,OR,ANM,WE,Federal Contract Tower,0,14,0,0,14,0,1,1,0,2,0,15,1,0,16,0,8,8,24
03/28/2012,PDT,OR,ANM,WE,Federal Contract Tower,0,11,2,0,13,0,5,5,1,11,0,16,7,1,24,1,1,2,26
03/29/2012,PDT,OR,ANM,WE,Federal Contract Tower,0,16,0,0,16,0,1,4,0,5,0,17,4,0,21,0,0,0,21
03/30/2012,PDT,OR,ANM,WE,Federal Contract Tower,0,14,3,0,17,0,0,2,0,2,0,14,5,0,19,0,0,0,19
03/31/2012,PDT,OR,ANM,WE,Federal Contract Tower,0,2,2,0,4,0,2,11,0,13,0,4,13,0,17,3,0,3,20
04/01/2012,PDT,OR,ANM,WE,Federal Contract Tower,0,3,3,0,6,0,0,0,0,0,0,3,3,0,6,0,0,0,6
04/02/2012,PDT,OR,ANM,WE,Federal Contract Tower,0,8,3,0,11,0,6,15,0,21,0,14,18,0,32,0,0,0,32
04/03/2012,PDT,OR,ANM,WE,Federal Contract Tower,0,11,0,0,11,0,4,9,0,13,0,15,9,0,24,0,0,0,24
04/04/2012,PDT,OR,ANM,WE,Federal Contract Tower,0,15,0,0,15,0,3,2,1,6,0,18,2,1,21,0,7,7,28
04/05/2012,PDT,OR,ANM,WE,Federal Contract Tower,0,14,0,1,15,0,0,0,0,0,0,14,0,1,15,0,12,12,27
04/06/2012,PDT,OR,ANM,WE,Federal Contract Tower,0,18,1,0,19,0,1,4,0,5,0,19,5,0,24,0,0,0,24
04/07/2012,PDT,OR,ANM,WE,Federal Contract Tower,0,0,0,0,0,0,3,28,0,31,0,3,28,0,31,10,0,10,41
04/08/2012,PDT,OR,ANM,WE,Federal Contract Tower,0,3,0,0,3,0,0,17,0,17,0,3,17,0,20,6,0,6,26
04/09/2012,PDT,OR,ANM,WE,Federal Contract Tower,0,12,0,1,13,0,4,15,1,20,0,16,15,2,33,0,6,6,39
04/10/2012,PDT,OR,ANM,WE,Federal Contract Tower,0,11,4,0,15,0,5,25,5,35,0,16,29,5,50,0,0,0,50
04/11/2012,PDT,OR,ANM,WE,Federal Contract Tower,0,12,3,0,15,0,4,20,6,30,0,16,23,6,45,2,4,6,51
04/12/2012,PDT,OR,ANM,WE,Federal Contract Tower,0,13,2,0,15,0,3,9,0,12,0,16,11,0,27,0,0,0,27
04/13/2012,PDT,OR,ANM,WE,Federal Contract Tower,0,5,0,0,5,0,8,25,1,34,0,13,25,1,39,38,0,38,77
04/14/2012,PDT,OR,ANM,WE,Federal Contract Tower,0,1,0,0,1,0,1,16,7,24,0,2,16,7,25,6,7,13,38
04/15/2012,PDT,OR,ANM,WE,Federal Contract Tower,0,1,2,0,3,0,2,20,0,22,0,3,22,0,25,20,0,20,45
04/16/2012,PDT,OR,ANM,WE,Federal Contract Tower,0,12,3,3,18,0,2,4,3,9,0,14,7,6,27,0,28,28,55
04/17/2012,PDT,OR,ANM,WE,Federal Contract Tower,0,11,1,1,13,0,3,42,0,45,0,14,43,1,58,0,7,7,65
04/18/2012,PDT,OR,ANM,WE,Federal Contract Tower,0,13,2,0,15,0,3,7,1,11,0,16,9,1,26,0,3,3,29
04/19/2012,PDT,OR,ANM,WE,Federal Contract Tower,0,12,0,0,12,0,1,11,0,12,0,13,11,0,24,2,0,2,26
04/20/2012,PDT,OR,ANM,WE,Federal Contract Tower,0,10,1,0,11,0,4,14,0,18,0,14,15,0,29,2,0,2,31
04/21/2012,PDT,OR,ANM,WE,Federal Contract Tower,0,0,0,0,0,0,3,38,0,41,0,3,38,0,41,18,0,18,59
04/22/2012,PDT,OR,ANM,WE,Federal Contract Tower,0,0,4,0,4,0,1,28,1,30,0,1,32,1,34,10,0,10,44
04/23/2012,PDT,OR,ANM,WE,Federal Contract Tower,0,6,5,0,11,0,8,10,0,18,0,14,15,0,29,0,0,0,29
04/24/2012,PDT,OR,ANM,WE,Federal Contract Tower,0,12,0,0,12,0,4,2,0,6,0,16,2,0,18,0,0,0,18
04/25/2012,PDT,OR,ANM,WE,Federal Contract Tower,0,14,0,0,14,0,4,9,0,13,0,18,9,0,27,2,0,2,29
04/26/2012,PDT,OR,ANM,WE,Federal Contract Tower,0,15,4,0,19,0,0,0,0,0,0,15,4,0,19,0,0,0,19
04/27/2012,PDT,OR,ANM,WE,Federal Contract Tower,0,15,0,0,15,0,2,8,0,10,0,17,8,0,25,2,0,2,27
04/28/2012,PDT,OR,ANM,WE,Federal Contract Tower,0,4,10,2,16,0,0,17,0,17,0,4,27,2,33,0,0,0,33
04/29/2012,PDT,OR,ANM,WE,Federal Contract Tower,0,5,2,2,9,0,1,17,0,18,0,6,19,2,27,0,0,0,27
04/30/2012,PDT,OR,ANM,WE,Federal Contract Tower,0,8,0,2,10,0,3,6,2,11,0,11,6,4,21,0,0,0,21
05/01/2012,PDT,OR,ANM,WE,Federal Contract Tower,0,12,0,0,12,0,3,1,1,5,0,15,1,1,17,0,0,0,17
05/02/2012,PDT,OR,ANM,WE,Federal Contract Tower,0,10,2,1,13,0,5,13,0,18,0,15,15,1,31,2,0,2,33
05/03/2012,PDT,OR,ANM,WE,Federal Contract Tower,0,13,3,0,16,0,2,4,0,6,0,15,7,0,22,0,0,0,22
05/04/2012,PDT,OR,ANM,WE,Federal Contract Tower,0,11,0,2,13,0,3,4,1,8,0,14,4,3,21,0,10,10,31
05/05/2012,PDT,OR,ANM,WE,Federal Contract Tower,0,1,2,0,3,0,1,9,4,14,0,2,11,4,17,2,0,2,19
05/06/2012,PDT,OR,ANM,WE,Federal Contract Tower,0,0,0,0,0,0,3,35,0,38,0,3,35,0,38,2,0,2,40
05/07/2012,PDT,OR,ANM,WE,Federal Contract Tower,0,9,2,0,11,0,5,17,0,22,0,14,19,0,33,8,19,27,60
05/08/2012,PDT,OR,ANM,WE,Federal Contract Tower,0,11,0,0,11,0,4,28,5,37,0,15,28,5,48,0,11,11,59
05/09/2012,PDT,OR,ANM,WE,Federal Contract Tower,0,11,3,0,14,0,5,7,0,12,0,16,10,0,26,0,0,0,26
05/10/2012,PDT,OR,ANM,WE,Federal Contract Tower,0,11,0,0,11,0,4,19,4,27,0,15,19,4,38,0,0,0,38
05/11/2012,PDT,OR,ANM,WE,Federal Contract Tower,0,10,3,0,13,0,5,14,0,19,0,15,17,0,32,2,0,2,34
05/12/2012,PDT,OR,ANM,WE,Federal Contract Tower,0,2,0,0,2,0,3,20,0,23,0,5,20,0,25,14,0,14,39
05/13/2012,PDT,OR,ANM,WE,Federal Contract Tower,0,1,4,0,5,0,2,14,0,16,0,3,18,0,21,0,0,0,21
05/14/2012,PDT,OR,ANM,WE,Federal Contract Tower,0,10,3,0,13,0,4,21,0,25,0,14,24,0,38,0,0,0,38
05/15/2012,PDT,OR,ANM,WE,Federal Contract Tower,0,12,1,0,13,0,3,24,0,27,0,15,25,0,40,16,0,16,56
05/16/2012,PDT,OR,ANM,WE,Federal Contract Tower,0,10,0,5,15,0,6,16,2,24,0,16,16,7,39,9,0,9,48
05/17/2012,PDT,OR,ANM,WE,Federal Contract Tower,0,10,3,0,13,0,6,10,4,20,0,16,13,4,33,50,14,64,97
05/18/2012,PDT,OR,ANM,WE,Federal Contract Tower,0,7,1,0,8,0,8,14,3,25,0,15,15,3,33,49,0,49,82
05/19/2012,PDT,OR,ANM,WE,Federal Contract Tower,0,0,0,0,0,0,4,28,0,32,0,4,28,0,32,60,0,60,92
05/20/2012,PDT,OR,ANM,WE,Federal Contract Tower,0,3,2,0,5,0,0,9,0,9,0,3,11,0,14,16,0,16,30
05/21/2012,PDT,OR,ANM,WE,Federal Contract Tower,0,14,0,0,14,0,2,4,0,6,0,16,4,0,20,0,0,0,20
05/22/2012,PDT,OR,ANM,WE,Federal Contract Tower,0,13,0,0,13,0,2,6,0,8,0,15,6,0,21,6,0,6,27
05/23/2012,PDT,OR,ANM,WE,Federal Contract Tower,0,13,0,0,13,0,4,8,8,20,0,17,8,8,33,0,0,0,33
05/24/2012,PDT,OR,ANM,WE,Federal Contract Tower,0,10,2,0,12,0,7,6,0,13,0,17,8,0,25,16,0,16,41
05/25/2012,PDT,OR,ANM,WE,Federal Contract Tower,0,11,7,0,18,0,3,17,0,20,0,14,24,0,38,0,0,0,38
05/26/2012,PDT,OR,ANM,WE,Federal Contract Tower,0,0,1,0,1,0,2,20,0,22,0,2,21,0,23,0,0,0,23
05/27/2012,PDT,OR,ANM,WE,Federal Contract Tower,0,5,1,0,6,0,0,13,0,13,0,5,14,0,19,4,0,4,23
05/28/2012,PDT,OR,ANM,WE,Federal Contract Tower,0,5,0,0,5,0,2,2,0,4,0,7,2,0,9,0,0,0,9
05/29/2012,PDT,OR,ANM,WE,Federal Contract Tower,0,10,0,1,11,0,4,10,2,16,0,14,10,3,27,0,11,11,38
05/30/2012,PDT,OR,ANM,WE,Federal Contract Tower,0,13,0,0,13,0,5,26,2,33,0,18,26,2,46,0,0,0,46
05/31/2012,PDT,OR,ANM,WE,Federal Contract Tower,0,11,1,0,12,0,3,22,0,25,0,14,23,0,37,10,0,10,47
06/01/2012,PDT,OR,ANM,WE,Federal Contract Tower,0,12,0,0,12,0,6,29,0,35,0,18,29,0,47,0,0,0,47
06/02/2012,PDT,OR,ANM,WE,Federal Contract Tower,0,6,3,0,9,0,2,22,0,24,0,8,25,0,33,0,0,0,33
06/03/2012,PDT,OR,ANM,WE,Federal Contract Tower,0,3,3,0,6,0,5,17,2,24,0,8,20,2,30,0,0,0,30
06/04/2012,PDT,OR,ANM,WE,Federal Contract Tower,0,11,0,0,11,0,1,2,0,3,0,12,2,0,14,18,0,18,32
06/05/2012,PDT,OR,ANM,WE,Federal Contract Tower,0,16,0,0,16,0,3,4,0,7,0,19,4,0,23,2,0,2,25
06/06/2012,PDT,OR,ANM,WE,Federal Contract Tower,0,12,0,0,12,0,5,3,0,8,0,17,3,0,20,0,4,4,24
06/07/2012,PDT,OR,ANM,WE,Federal Contract Tower,0,10,0,0,10,0,5,21,0,26,0,15,21,0,36,3,0,3,39
06/08/2012,PDT,OR,ANM,WE,Federal Contract Tower,0,10,0,0,10,0,3,14,1,18,0,13,14,1,28,12,0,12,40
06/09/2012,PDT,OR,ANM,WE,Federal Contract Tower,0,0,0,0,0,0,3,14,2,19,0,3,14,2,19,0,0,0,19
06/10/2012,PDT,OR,ANM,WE,Federal Contract Tower,0,3,0,0,3,0,0,21,0,21,0,3,21,0,24,6,0,6,30
06/11/2012,PDT,OR,ANM,WE,Federal Contract Tower,0,7,0,0,7,0,11,21,1,33,0,18,21,1,40,4,0,4,44
06/12/2012,PDT,OR,ANM,WE,Federal Contract Tower,0,10,1,0,11,0,5,11,0,16,0,15,12,0,27,4,0,4,31
06/13/2012,PDT,OR,ANM,WE,Federal Contract Tower,0,11,0,1,12,0,5,1,1,7,0,16,1,2,19,0,0,0,19
06/14/2012,PDT,OR,ANM,WE,Federal Contract Tower,0,11,1,0,12,0,4,26,0,30,0,15,27,0,42,14,0,14,56
06/15/2012,PDT,OR,ANM,WE,Federal Contract Tower,0,11,1,0,12,0,3,39,3,45,0,14,40,3,57,0,0,0,57
06/16/2012,PDT,OR,ANM,WE,Federal Contract Tower,0,0,3,0,3,0,3,32,2,37,0,3,35,2,40,0,0,0,40
06/17/2012,PDT,OR,ANM,WE,Federal Contract Tower,0,5,0,0,5,0,4,5,4,13,0,9,5,4,18,0,0,0,18
06/18/2012,PDT,OR,ANM,WE,Federal Contract Tower,0,7,2,0,9,0,7,5,5,17,0,14,7,5,26,15,0,15,41
06/19/2012,PDT,OR,ANM,WE,Federal Contract Tower,0,13,8,0,21,0,2,13,8,23,0,15,21,8,44,0,8,8,52
06/20/2012,PDT,OR,ANM,WE,Federal Contract Tower,0,13,0,0,13,0,6,26,1,33,0,19,26,1,46,18,5,23,69
06/21/2012,PDT,OR,ANM,WE,Federal Contract Tower,0,5,1,0,6,0,12,29,2,43,0,17,30,2,49,0,2,2,51
06/22/2012,PDT,OR,ANM,WE,Federal Contract Tower,0,8,1,3,12,0,7,9,5,21,0,15,10,8,33,2,4,6,39
06/23/2012,PDT,OR,ANM,WE,Federal Contract Tower,0,2,0,0,2,0,2,21,6,29,0,4,21,6,31,6,0,6,37
06/24/2012,PDT,OR,ANM,WE,Federal Contract Tower,0,3,2,2,7,0,1,18,1,20,0,4,20,3,27,8,0,8,35
06/25/2012,PDT,OR,ANM,WE,Federal Contract Tower,0,11,0,0,11,0,5,11,2,18,0,16,11,2,29,8,2,10,39
06/26/2012,PDT,OR,ANM,WE,Federal Contract Tower,0,16,2,0,18,0,2,2,2,6,0,18,4,2,24,2,0,2,26
06/27/2012,PDT,OR,ANM,WE,Federal Contract Tower,0,11,0,1,12,0,5,25,7,37,0,16,25,8,49,11,4,15,64
06/28/2012,PDT,OR,ANM,WE,Federal Contract Tower,0,11,1,0,12,0,4,20,6,30,0,15,21,6,42,0,0,0,42
06/29/2012,PDT,OR,ANM,WE,Federal Contract Tower,0,9,0,0,9,0,5,17,0,22,0,14,17,0,31,2,0,2,33
06/30/2012,PDT,OR,ANM,WE,Federal Contract Tower,0,2,1,0,3,0,3,13,0,16,0,5,14,0,19,0,0,0,19
07/01/2012,PDT,OR,ANM,WE,Federal Contract Tower,0,3,0,0,3,0,1,1,0,2,0,4,1,0,5,0,0,0,5
07/02/2012,PDT,OR,ANM,WE,Federal Contract Tower,0,12,1,0,13,0,7,13,0,20,0,19,14,0,33,14,2,16,49
07/03/2012,PDT,OR,ANM,WE,Federal Contract Tower,0,11,2,0,13,0,10,6,0,16,0,21,8,0,29,0,2,2,31
07/04/2012,PDT,OR,ANM,WE,Federal Contract Tower,0,6,0,0,6,0,0,13,0,13,0,6,13,0,19,3,0,3,22
07/05/2012,PDT,OR,ANM,WE,Federal Contract Tower,0,9,5,0,14,0,5,13,0,18,0,14,18,0,32,2,0,2,34
07/06/2012,PDT,OR,ANM,WE,Federal Contract Tower,0,10,0,0,10,0,7,14,0,21,0,17,14,0,31,2,0,2,33
07/07/2012,PDT,OR,ANM,WE,Federal Contract Tower,0,0,1,0,1,0,4,10,0,14,0,4,11,0,15,2,0,2,17
07/08/2012,PDT,OR,ANM,WE,Federal Contract Tower,0,0,1,0,1,0,2,16,0,18,0,2,17,0,19,6,0,6,25
07/09/2012,PDT,OR,ANM,WE,Federal Contract Tower,0,11,0,0,11,0,8,1,0,9,0,19,1,0,20,2,0,2,22
07/10/2012,PDT,OR,ANM,WE,Federal Contract Tower,0,10,0,0,10,0,6,17,0,23,0,16,17,0,33,1,0,1,34
07/11/2012,PDT,OR,ANM,WE,Federal Contract Tower,0,3,3,0,6,0,0,0,0,0,0,3,3,0,6,4,2,6,12
07/12/2012,PDT,OR,ANM,WE,Federal Contract Tower,0,7,2,0,9,0,10,9,1,20,0,17,11,1,29,3,0,3,32
07/13/2012,PDT,OR,ANM,WE,Federal Contract Tower,0,8,1,0,9,0,9,8,0,17,0,17,9,0,26,0,0,0,26
07/14/2012,PDT,OR,ANM,WE,Federal Contract Tower,0,3,1,2,6,0,1,8,3,12,0,4,9,5,18,0,0,0,18
07/15/2012,PDT,OR,ANM,WE,Federal Contract Tower,0,3,3,0,6,0,0,10,0,10,0,3,13,0,16,0,0,0,16
07/16/2012,PDT,OR,ANM,WE,Federal Contract Tower,0,8,0,0,8,0,6,12,3,21,0,14,12,3,29,11,13,24,53
07/17/2012,PDT,OR,ANM,WE,Federal Contract Tower,0,10,0,2,12,0,8,13,3,24,0,18,13,5,36,38,30,68,104
07/18/2012,PDT,OR,ANM,WE,Federal Contract Tower,0,9,0,0,9,0,8,12,3,23,0,17,12,3,32,16,2,18,50
07/19/2012,PDT,OR,ANM,WE,Federal Contract Tower,0,6,0,0,6,0,12,8,0,20,0,18,8,0,26,2,2,4,30
07/20/2012,PDT,OR,ANM,WE,Federal Contract Tower,0,9,3,0,12,0,6,27,1,34,0,15,30,1,46,2,2,4,50
07/21/2012,PDT,OR,ANM,WE,Federal Contract Tower,0,3,0,0,3,0,5,18,2,25,0,8,18,2,28,6,0,6,34
07/22/2012,PDT,OR,ANM,WE,Federal Contract Tower,0,3,0,0,3,0,0,14,0,14,0,3,14,0,17,6,0,6,23
07/23/2012,PDT,OR,ANM,WE,Federal Contract Tower,0,10,0,0,10,0,10,0,0,10,0,20,0,0,20,0,0,0,20
07/24/2012,PDT,OR,ANM,WE,Federal Contract Tower,0,10,0,0,10,0,6,12,0,18,0,16,12,0,28,2,0,2,30
07/25/2012,PDT,OR,ANM,WE,Federal Contract Tower,0,12,1,0,13,0,5,25,0,30,0,17,26,0,43,10,0,10,53
07/26/2012,PDT,OR,ANM,WE,Federal Contract Tower,0,9,4,0,13,0,16,14,0,30,0,25,18,0,43,13,6,19,62
07/27/2012,PDT,OR,ANM,WE,Federal Contract Tower,0,11,2,0,13,0,6,7,0,13,0,17,9,0,26,30,2,32,58
07/28/2012,PDT,OR,ANM,WE,Federal Contract Tower,0,1,0,0,1,0,6,5,0,11,0,7,5,0,12,16,0,16,28
07/29/2012,PDT,OR,ANM,WE,Federal Contract Tower,0,3,0,0,3,0,0,11,3,14,0,3,11,3,17,20,6,26,43
07/30/2012,PDT,OR,ANM,WE,Federal Contract Tower,0,9,0,1,10,0,7,5,2,14,0,16,5,3,24,18,0,18,42
07/31/2012,PDT,OR,ANM,WE,Federal Contract Tower,0,12,0,3,15,0,5,20,3,28,0,17,20,6,43,0,0,0,43
08/01/2012,PDT,OR,ANM,WE,Federal Contract Tower,0,12,0,0,12,0,5,6,0,11,0,17,6,0,23,7,0,7,30
08/02/2012,PDT,OR,ANM,WE,Federal Contract Tower,0,11,1,0,12,0,4,23,0,27,0,15,24,0,39,35,4,39,78
08/03/2012,PDT,OR,ANM,WE,Federal Contract Tower,0,12,3,0,15,0,9,21,0,30,0,21,24,0,45,6,2,8,53
08/04/2012,PDT,OR,ANM,WE,Federal Contract Tower,0,0,1,0,1,0,4,10,5,19,0,4,11,5,20,0,12,12,32
08/05/2012,PDT,OR,ANM,WE,Federal Contract Tower,0,2,0,0,2,0,2,6,4,12,0,4,6,4,14,27,0,27,41
08/06/2012,PDT,OR,ANM,WE,Federal Contract Tower,0,8,0,0,8,0,11,4,0,15,0,19,4,0,23,1,0,1,24
08/07/2012,PDT,OR,ANM,WE,Federal Contract Tower,0,8,0,2,10,0,6,11,0,17,0,14,11,2,27,0,0,0,27
08/08/2012,PDT,OR,ANM,WE,Federal Contract Tower,0,7,0,2,9,0,10,7,4,21,0,17,7,6,30,2,0,2,32
08/09/2012,PDT,OR,ANM,WE,Federal Contract Tower,0,12,3,0,15,0,8,34,4,46,0,20,37,4,61,16,0,16,77
08/10/2012,PDT,OR,ANM,WE,Federal Contract Tower,0,10,0,0,10,0,6,22,0,28,0,16,22,0,38,4,0,4,42
08/11/2012,PDT,OR,ANM,WE,Federal Contract Tower,0,4,2,0,6,0,3,12,0,15,0,7,14,0,21,2,0,2,23
08/12/2012,PDT,OR,ANM,WE,Federal Contract Tower,0,0,3,2,5,0,5,20,0,25,0,5,23,2,30,0,0,0,30
08/13/2012,PDT,OR,ANM,WE,Federal Contract Tower,0,7,0,0,7,0,7,18,0,25,0,14,18,0,32,0,4,4,36
08/14/2012,PDT,OR,ANM,WE,Federal Contract Tower,0,5,2,0,7,0,11,18,0,29,0,16,20,0,36,0,0,0,36
08/15/2012,PDT,OR,ANM,WE,Federal Contract Tower,0,12,0,0,12,0,6,10,4,20,0,18,10,4,32,5,0,5,37
08/16/2012,PDT,OR,ANM,WE,Federal Contract Tower,0,9,0,2,11,0,6,11,3,20,0,15,11,5,31,4,8,12,43
08/17/2012,PDT,OR,ANM,WE,Federal Contract Tower,0,10,0,0,10,0,6,16,4,26,0,16,16,4,36,2,0,2,38
08/18/2012,PDT,OR,ANM,WE,Federal Contract Tower,0,2,1,0,3,0,1,18,2,21,0,3,19,2,24,0,0,0,24
08/19/2012,PDT,OR,ANM,WE,Federal Contract Tower,0,2,1,0,3,0,3,10,0,13,0,5,11,0,16,0,0,0,16
08/20/2012,PDT,OR,ANM,WE,Federal Contract Tower,0,7,2,0,9,0,11,19,12,42,0,18,21,12,51,2,0,2,53
08/21/2012,PDT,OR,ANM,WE,Federal Contract Tower,0,12,1,0,13,0,7,15,6,28,0,19,16,6,41,0,0,0,41
08/22/2012,PDT,OR,ANM,WE,Federal Contract Tower,0,11,0,0,11,0,11,56,28,95,0,22,56,28,106,0,2,2,108
08/23/2012,PDT,OR,ANM,WE,Federal Contract Tower,0,11,0,0,11,0,8,120,7,135,0,19,120,7,146,4,0,4,150
08/24/2012,PDT,OR,ANM,WE,Federal Contract Tower,0,10,0,0,10,0,8,135,5,148,0,18,135,5,158,0,0,0,158
08/25/2012,PDT,OR,ANM,WE,Federal Contract Tower,0,1,2,0,3,0,5,93,1,99,0,6,95,1,102,3,0,3,105
08/26/2012,PDT,OR,ANM,WE,Federal Contract Tower,0,3,0,0,3,0,3,24,0,27,0,6,24,0,30,0,0,0,30
08/27/2012,PDT,OR,ANM,WE,Federal Contract Tower,0,8,3,0,11,0,8,16,2,26,0,16,19,2,37,0,2,2,39
08/28/2012,PDT,OR,ANM,WE,Federal Contract Tower,0,9,0,3,12,0,8,9,5,22,0,17,9,8,34,0,29,29,63
08/29/2012,PDT,OR,ANM,WE,Federal Contract Tower,0,8,3,0,11,0,11,16,9,36,0,19,19,9,47,6,0,6,53
08/30/2012,PDT,OR,ANM,WE,Federal Contract Tower,0,12,0,4,16,0,9,27,3,39,0,21,27,7,55,0,9,9,64
08/31/2012,PDT,OR,ANM,WE,Federal Contract Tower,0,12,0,0,12,0,6,13,0,19,0,18,13,0,31,10,0,10,41
09/01/2012,PDT,OR,ANM,WE,Federal Contract Tower,0,0,0,0,0,0,3,6,0,9,0,3,6,0,9,8,0,8,17
09/02/2012,PDT,OR,ANM,WE,Federal Contract Tower,0,1,2,0,3,0,4,18,0,22,0,5,20,0,25,4,0,4,29
09/03/2012,PDT,OR,ANM,WE,Federal Contract Tower,0,6,0,0,6,0,4,10,0,14,0,10,10,0,20,0,0,0,20
09/04/2012,PDT,OR,ANM,WE,Federal Contract Tower,0,12,0,0,12,0,4,8,6,18,0,16,8,6,30,0,0,0,30
09/05/2012,PDT,OR,ANM,WE,Federal Contract Tower,0,11,4,0,15,0,6,15,27,48,0,17,19,27,63,0,12,12,75
09/06/2012,PDT,OR,ANM,WE,Federal Contract Tower,0,8,5,0,13,0,6,16,0,22,0,14,21,0,35,4,0,4,39
09/07/2012,PDT,OR,ANM,WE,Federal Contract Tower,0,15,0,0,15,0,5,19,0,24,0,20,19,0,39,15,0,15,54
09/08/2012,PDT,OR,ANM,WE,Federal Contract Tower,0,1,7,0,8,0,7,10,5,22,0,8,17,5,30,0,0,0,30
09/09/2012,PDT,OR,ANM,WE,Federal Contract Tower,0,3,1,0,4,0,0,12,0,12,0,3,13,0,16,0,0,0,16
09/10/2012,PDT,OR,ANM,WE,Federal Contract Tower,0,10,4,0,14,0,12,15,0,27,0,22,19,0,41,0,0,0,41
09/11/2012,PDT,OR,ANM,WE,Federal Contract Tower,0,13,10,0,23,0,8,8,2,18,0,21,18,2,41,0,0,0,41
09/12/2012,PDT,OR,ANM,WE,Federal Contract Tower,0,11,1,0,12,0,5,25,5,35,0,16,26,5,47,2,0,2,49
09/13/2012,PDT,OR,ANM,WE,Federal Contract Tower,0,13,8,4,25,0,2,14,10,26,0,15,22,14,51,8,18,26,77
09/14/2012,PDT,OR,ANM,WE,Federal Contract Tower,0,10,7,0,17,0,16,17,0,33,0,26,24,0,50,10,0,10,60
09/15/2012,PDT,OR,ANM,WE,Federal Contract Tower,0,1,7,0,8,0,2,16,0,18,0,3,23,0,26,10,6,16,42
09/16/2012,PDT,OR,ANM,WE,Federal Contract Tower,0,2,5,0,7,0,5,33,0,38,0,7,38,0,45,0,0,0,45
09/17/2012,PDT,OR,ANM,WE,Federal Contract Tower,0,5,6,0,11,0,14,13,0,27,0,19,19,0,38,2,0,2,40
09/18/2012,PDT,OR,ANM,WE,Federal Contract Tower,0,11,3,0,14,0,7,17,2,26,0,18,20,2,40,0,22,22,62
09/19/2012,PDT,OR,ANM,WE,Federal Contract Tower,0,13,4,2,19,0,10,16,2,28,0,23,20,4,47,0,14,14,61
09/20/2012,PDT,OR,ANM,WE,Federal Contract Tower,0,13,12,0,25,0,6,18,1,25,0,19,30,1,50,0,0,0,50
09/21/2012,PDT,OR,ANM,WE,Federal Contract Tower,0,11,1,0,12,0,4,0,0,4,0,15,1,0,16,0,0,0,16
09/22/2012,PDT,OR,ANM,WE,Federal Contract Tower,0,3,3,0,6,0,3,13,0,16,0,6,16,0,22,15,0,15,37
09/23/2012,PDT,OR,ANM,WE,Federal Contract Tower,0,6,1,1,8,0,0,2,0,2,0,6,3,1,10,0,0,0,10
09/24/2012,PDT,OR,ANM,WE,Federal Contract Tower,0,11,0,1,12,0,3,6,2,11,0,14,6,3,23,0,8,8,31
09/25/2012,PDT,OR,ANM,WE,Federal Contract Tower,0,10,4,0,14,0,5,17,5,27,0,15,21,5,41,6,0,6,47
09/26/2012,PDT,OR,ANM,WE,Federal Contract Tower,0,11,5,2,18,0,3,24,8,35,0,14,29,10,53,6,0,6,59
09/27/2012,PDT,OR,ANM,WE,Federal Contract Tower,0,12,2,2,16,0,6,15,2,23,0,18,17,4,39,0,6,6,45
09/28/2012,PDT,OR,ANM,WE,Federal Contract Tower,0,16,2,0,18,0,6,18,0,24,0,22,20,0,42,12,0,12,54
09/29/2012,PDT,OR,ANM,WE,Federal Contract Tower,0,2,0,0,2,0,9,10,0,19,0,11,10,0,21,0,0,0,21
09/30/2012,PDT,OR,ANM,WE,Federal Contract Tower,0,0,0,0,0,0,3,7,0,10,0,3,7,0,10,0,0,0,10
10/01/2012,PDT,OR,ANM,WE,Federal Contract Tower,0,8,2,0,10,0,6,10,0,16,0,14,12,0,26,0,0,0,26
10/02/2012,PDT,OR,ANM,WE,Federal Contract Tower,0,10,0,0,10,0,7,2,0,9,0,17,2,0,19,2,5,7,26
10/03/2012,PDT,OR,ANM,WE,Federal Contract Tower,0,12,0,0,12,0,3,12,0,15,0,15,12,0,27,0,14,14,41
10/04/2012,PDT,OR,ANM,WE,Federal Contract Tower,0,10,0,2,12,0,8,9,1,18,0,18,9,3,30,2,0,2,32
10/05/2012,PDT,OR,ANM,WE,Federal Contract Tower,0,12,0,0,12,0,14,15,1,30,0,26,15,1,42,0,0,0,42
10/06/2012,PDT,OR,ANM,WE,Federal Contract Tower,0,2,0,0,2,0,2,32,0,34,0,4,32,0,36,0,0,0,36
10/07/2012,PDT,OR,ANM,WE,Federal Contract Tower,0,0,2,0,2,0,6,17,0,23,0,6,19,0,25,4,0,4,29
10/08/2012,PDT,OR,ANM,WE,Federal Contract Tower,0,8,0,0,8,0,15,13,0,28,0,23,13,0,36,0,0,0,36
10/09/2012,PDT,OR,ANM,WE,Federal Contract Tower,0,15,2,0,17,0,13,13,0,26,0,28,15,0,43,0,0,0,43
10/10/2012,PDT,OR,ANM,WE,Federal Contract Tower,0,12,0,1,13,0,11,19,7,37,0,23,19,8,50,0,10,10,60
10/11/2012,PDT,OR,ANM,WE,Federal Contract Tower,0,12,1,0,13,0,3,10,4,17,0,15,11,4,30,0,12,12,42
10/12/2012,PDT,OR,ANM,WE,Federal Contract Tower,0,8,0,0,8,0,9,8,0,17,0,17,8,0,25,0,0,0,25
10/13/2012,PDT,OR,ANM,WE,Federal Contract Tower,0,2,0,0,2,0,3,8,0,11,0,5,8,0,13,0,0,0,13
10/14/2012,PDT,OR,ANM,WE,Federal Contract Tower,0,3,0,0,3,0,0,11,0,11,0,3,11,0,14,0,0,0,14
10/15/2012,PDT,OR,ANM,WE,Federal Contract Tower,0,14,6,0,20,0,4,2,0,6,0,18,8,0,26,0,0,0,26
10/16/2012,PDT,OR,ANM,WE,Federal Contract Tower,0,12,0,0,12,0,3,0,0,3,0,15,0,0,15,0,0,0,15
10/17/2012,PDT,OR,ANM,WE,Federal Contract Tower,0,13,0,1,14,0,3,15,1,19,0,16,15,2,33,0,2,2,35
10/18/2012,PDT,OR,ANM,WE,Federal Contract Tower,0,14,2,0,16,0,3,11,0,14,0,17,13,0,30,0,0,0,30
10/19/2012,PDT,OR,ANM,WE,Federal Contract Tower,0,12,0,0,12,0,1,2,0,3,0,13,2,0,15,0,0,0,15
10/20/2012,PDT,OR,ANM,WE,Federal Contract Tower,0,2,3,0,5,0,3,5,0,8,0,5,8,0,13,0,0,0,13
10/21/2012,PDT,OR,ANM,WE,Federal Contract Tower,0,2,4,0,6,0,1,12,0,13,0,3,16,0,19,0,0,0,19
10/22/2012,PDT,OR,ANM,WE,Federal Contract Tower,0,12,2,0,14,0,4,0,1,5,0,16,2,1,19,0,0,0,19
10/23/2012,PDT,OR,ANM,WE,Federal Contract Tower,0,14,0,0,14,0,7,7,3,17,0,21,7,3,31,4,0,4,35
10/24/2012,PDT,OR,ANM,WE,Federal Contract Tower,0,14,0,0,14,0,4,4,4,12,0,18,4,4,26,2,0,2,28
10/25/2012,PDT,OR,ANM,WE,Federal Contract Tower,0,15,0,0,15,0,1,4,2,7,0,16,4,2,22,6,30,36,58
10/26/2012,PDT,OR,ANM,WE,Federal Contract Tower,0,15,0,0,15,0,2,4,0,6,0,17,4,0,21,0,0,0,21
10/27/2012,PDT,OR,ANM,WE,Federal Contract Tower,0,4,2,0,6,0,1,0,0,1,0,5,2,0,7,0,0,0,7
10/28/2012,PDT,OR,ANM,WE,Federal Contract Tower,0,3,0,0,3,0,0,0,0,0,0,3,0,0,3,0,0,0,3
10/29/2012,PDT,OR,ANM,WE,Federal Contract Tower,0,12,2,2,16,0,7,0,7,14,0,19,2,9,30,0,44,44,74
10/30/2012,PDT,OR,ANM,WE,Federal Contract Tower,0,14,0,8,22,0,4,4,3,11,0,18,4,11,33,7,34,41,74
10/31/2012,PDT,OR,ANM,WE,Federal Contract Tower,0,16,4,3,23,0,5,5,2,12,0,21,9,5,35,0,18,18,53
11/01/2012,PDT,OR,ANM,WE,Federal Contract Tower,0,15,3,2,20,0,1,6,4,11,0,16,9,6,31,0,2,2,33
11/02/2012,PDT,OR,ANM,WE,Federal Contract Tower,0,11,0,0,11,0,9,15,1,25,0,20,15,1,36,6,12,18,54
11/03/2012,PDT,OR,ANM,WE,Federal Contract Tower,0,3,4,4,11,0,0,7,1,8,0,3,11,5,19,6,0,6,25
11/04/2012,PDT,OR,ANM,WE,Federal Contract Tower,0,3,1,0,4,0,5,11,0,16,0,8,12,0,20,2,0,2,22
11/05/2012,PDT,OR,ANM,WE,Federal Contract Tower,0,16,2,0,18,0,4,14,0,18,0,20,16,0,36,25,0,25,61
11/06/2012,PDT,OR,ANM,WE,Federal Contract Tower,0,15,0,0,15,0,8,18,1,27,0,23,18,1,42,0,0,0,42
11/07/2012,PDT,OR,ANM,WE,Federal Contract Tower,0,15,2,0,17,0,2,5,0,7,0,17,7,0,24,4,28,32,56
11/08/2012,PDT,OR,ANM,WE,Federal Contract Tower,0,14,0,0,14,0,2,6,0,8,0,16,6,0,22,10,0,10,32
11/09/2012,PDT,OR,ANM,WE,Federal Contract Tower,0,16,0,0,16,0,2,0,0,2,0,18,0,0,18,0,0,0,18
11/10/2012,PDT,OR,ANM,WE,Federal Contract Tower,0,1,0,0,1,0,0,0,0,0,0,1,0,0,1,0,0,0,1
11/11/2012,PDT,OR,ANM,WE,Federal Contract Tower,0,3,0,0,3,0,0,8,0,8,0,3,8,0,11,0,0,0,11
11/12/2012,PDT,OR,ANM,WE,Federal Contract Tower,0,11,0,0,11,0,1,6,0,7,0,12,6,0,18,0,0,0,18
11/13/2012,PDT,OR,ANM,WE,Federal Contract Tower,0,17,0,0,17,0,4,3,0,7,0,21,3,0,24,4,0,4,28
11/14/2012,PDT,OR,ANM,WE,Federal Contract Tower,0,13,0,0,13,0,0,5,0,5,0,13,5,0,18,0,0,0,18
11/15/2012,PDT,OR,ANM,WE,Federal Contract Tower,0,15,5,0,20,0,0,1,0,1,0,15,6,0,21,0,0,0,21
11/16/2012,PDT,OR,ANM,WE,Federal Contract Tower,0,17,4,0,21,0,0,0,0,0,0,17,4,0,21,0,0,0,21
11/17/2012,PDT,OR,ANM,WE,Federal Contract Tower,0,2,2,0,4,0,0,2,0,2,0,2,4,0,6,0,0,0,6
11/18/2012,PDT,OR,ANM,WE,Federal Contract Tower,0,3,1,0,4,0,0,9,0,9,0,3,10,0,13,8,0,8,21
11/19/2012,PDT,OR,ANM,WE,Federal Contract Tower,0,13,0,0,13,0,1,1,2,4,0,14,1,2,17,0,0,0,17
11/20/2012,PDT,OR,ANM,WE,Federal Contract Tower,0,15,0,0,15,0,3,5,2,10,0,18,5,2,25,0,0,0,25
11/21/2012,PDT,OR,ANM,WE,Federal Contract Tower,0,15,0,0,15,0,1,2,1,4,0,16,2,1,19,0,35,35,54
11/22/2012,PDT,OR,ANM,WE,Federal Contract Tower,0,5,0,0,5,0,1,4,0,5,0,6,4,0,10,60,0,60,70
11/23/2012,PDT,OR,ANM,WE,Federal Contract Tower,0,13,0,0,13,0,5,24,0,29,0,18,24,0,42,4,0,4,46
11/24/2012,PDT,OR,ANM,WE,Federal Contract Tower,0,3,0,0,3,0,0,6,0,6,0,3,6,0,9,6,0,6,15
11/25/2012,PDT,OR,ANM,WE,Federal Contract Tower,0,3,0,0,3,0,0,23,0,23,0,3,23,0,26,0,0,0,26
11/26/2012,PDT,OR,ANM,WE,Federal Contract Tower,0,12,3,0,15,0,1,0,0,1,0,13,3,0,16,0,0,0,16
11/27/2012,PDT,OR,ANM,WE,Federal Contract Tower,0,16,1,0,17,0,0,0,0,0,0,16,1,0,17,0,0,0,17
11/28/2012,PDT,OR,ANM,WE,Federal Contract Tower,0,8,1,0,9,0,0,0,0,0,0,8,1,0,9,0,0,0,9
11/29/2012,PDT,OR,ANM,WE,Federal Contract Tower,0,15,0,0,15,0,0,0,0,0,0,15,0,0,15,0,0,0,15
11/30/2012,PDT,OR,ANM,WE,Federal Contract Tower,0,13,0,1,14,0,0,7,1,8,0,13,7,2,22,10,9,19,41
12/01/2012,PDT,OR,ANM,WE,Federal Contract Tower,0,2,2,0,4,0,1,7,0,8,0,3,9,0,12,12,0,12,24
12/02/2012,PDT,OR,ANM,WE,Federal Contract Tower,0,6,0,2,8,0,1,3,0,4,0,7,3,2,12,0,4,4,16
12/03/2012,PDT,OR,ANM,WE,Federal Contract Tower,0,12,1,0,13,0,2,14,0,16,0,14,15,0,29,0,2,2,31
12/04/2012,PDT,OR,ANM,WE,Federal Contract Tower,0,15,2,1,18,0,0,0,3,3,0,15,2,4,21,0,2,2,23
12/05/2012,PDT,OR,ANM,WE,Federal Contract Tower,0,14,0,2,16,0,3,1,6,10,0,17,1,8,26,0,58,58,84
12/06/2012,PDT,OR,ANM,WE,Federal Contract Tower,0,16,0,0,16,0,3,9,2,14,0,19,9,2,30,0,23,23,53
12/07/2012,PDT,OR,ANM,WE,Federal Contract Tower,0,11,0,2,13,0,5,9,0,14,0,16,9,2,27,0,6,6,33
12/08/2012,PDT,OR,ANM,WE,Federal Contract Tower,0,3,0,0,3,0,0,2,0,2,0,3,2,0,5,0,0,0,5
12/09/2012,PDT,OR,ANM,WE,Federal Contract Tower,0,3,0,0,3,0,0,2,0,2,0,3,2,0,5,0,0,0,5
12/10/2012,PDT,OR,ANM,WE,Federal Contract Tower,0,13,0,2,15,0,1,7,0,8,0,14,7,2,23,2,0,2,25
12/11/2012,PDT,OR,ANM,WE,Federal Contract Tower,0,14,0,6,20,0,2,7,0,9,0,16,7,6,29,2,47,49,78
12/12/2012,PDT,OR,ANM,WE,Federal Contract Tower,0,18,0,0,18,0,5,10,3,18,0,23,10,3,36,2,43,45,81
12/13/2012,PDT,OR,ANM,WE,Federal Contract Tower,0,12,1,1,14,0,5,5,0,10,0,17,6,1,24,0,0,0,24
12/14/2012,PDT,OR,ANM,WE,Federal Contract Tower,0,14,0,2,16,0,0,0,0,0,0,14,0,2,16,0,0,0,16
12/15/2012,PDT,OR,ANM,WE,Federal Contract Tower,0,2,1,0,3,0,1,5,0,6,0,3,6,0,9,0,0,0,9
12/16/2012,PDT,OR,ANM,WE,Federal Contract Tower,0,2,0,0,2,0,4,3,0,7,0,6,3,0,9,0,0,0,9
12/17/2012,PDT,OR,ANM,WE,Federal Contract Tower,0,8,3,0,11,0,5,1,0,6,0,13,4,0,17,0,0,0,17
12/18/2012,PDT,OR,ANM,WE,Federal Contract Tower,0,9,0,0,9,0,10,5,0,15,0,19,5,0,24,2,0,2,26
12/19/2012,PDT,OR,ANM,WE,Federal Contract Tower,0,14,4,0,18,0,0,0,0,0,0,14,4,0,18,7,0,7,25
12/20/2012,PDT,OR,ANM,WE,Federal Contract Tower,0,9,0,0,9,0,4,0,0,4,0,13,0,0,13,0,0,0,13
12/21/2012,PDT,OR,ANM,WE,Federal Contract Tower,0,9,0,0,9,0,6,6,0,12,0,15,6,0,21,0,0,0,21
12/22/2012,PDT,OR,ANM,WE,Federal Contract Tower,0,5,0,0,5,0,2,2,0,4,0,7,2,0,9,0,0,0,9
12/23/2012,PDT,OR,ANM,WE,Federal Contract Tower,0,2,0,0,2,0,3,2,0,5,0,5,2,0,7,0,0,0,7
12/24/2012,PDT,OR,ANM,WE,Federal Contract Tower,0,8,0,0,8,0,7,0,0,7,0,15,0,0,15,3,0,3,18
12/25/2012,PDT,OR,ANM,WE,Federal Contract Tower,0,7,0,0,7,0,0,0,0,0,0,7,0,0,7,0,0,0,7
12/26/2012,PDT,OR,ANM,WE,Federal Contract Tower,0,16,2,0,18,0,1,0,0,1,0,17,2,0,19,0,0,0,19
12/27/2012,PDT,OR,ANM,WE,Federal Contract Tower,0,11,0,0,11,0,5,0,0,5,0,16,0,0,16,0,0,0,16
12/28/2012,PDT,OR,ANM,WE,Federal Contract Tower,0,14,0,0,14,0,6,4,0,10,0,20,4,0,24,0,0,0,24
12/29/2012,PDT,OR,ANM,WE,Federal Contract Tower,0,4,0,0,4,0,0,2,0,2,0,4,2,0,6,0,0,0,6
12/30/2012,PDT,OR,ANM,WE,Federal Contract Tower,0,11,2,0,13,0,8,0,0,8,0,19,2,0,21,10,0,10,31
12/31/2012,PDT,OR,ANM,WE,Federal Contract Tower,0,13,0,0,13,0,1,4,0,5,0,14,4,0,18,0,0,0,18
01/01/2013,PDT,OR,ANM,WE,Federal Contract Tower,0,11,2,0,13,0,0,0,0,0,0,11,2,0,13,0,0,0,13
01/02/2013,PDT,OR,ANM,WE,Federal Contract Tower,0,14,0,0,14,0,4,0,0,4,0,18,0,0,18,0,0,0,18
01/03/2013,PDT,OR,ANM,WE,Federal Contract Tower,0,9,0,0,9,0,6,2,8,16,0,15,2,8,25,0,42,42,67
01/04/2013,PDT,OR,ANM,WE,Federal Contract Tower,0,11,0,0,11,0,8,2,0,10,0,19,2,0,21,0,0,0,21
01/05/2013,PDT,OR,ANM,WE,Federal Contract Tower,0,2,0,0,2,0,0,4,0,4,0,2,4,0,6,0,0,0,6
01/06/2013,PDT,OR,ANM,WE,Federal Contract Tower,0,1,2,0,3,0,1,2,16,19,0,2,4,16,22,8,0,8,30
01/07/2013,PDT,OR,ANM,WE,Federal Contract Tower,0,7,0,0,7,0,3,0,0,3,0,10,0,0,10,0,0,0,10
01/08/2013,PDT,OR,ANM,WE,Federal Contract Tower,0,13,0,2,15,0,4,1,1,6,0,17,1,3,21,0,8,8,29
01/09/2013,PDT,OR,ANM,WE,Federal Contract Tower,0,12,3,0,15,0,5,1,2,8,0,17,4,2,23,0,0,0,23
01/10/2013,PDT,OR,ANM,WE,Federal Contract Tower,0,14,0,0,14,0,1,0,0,1,0,15,0,0,15,0,0,0,15
01/11/2013,PDT,OR,ANM,WE,Federal Contract Tower,13,0,0,0,13,0,2,1,0,3,13,2,1,0,16,0,0,0,16
01/12/2013,PDT,OR,ANM,WE,Federal Contract Tower,0,1,0,0,1,0,3,3,0,6,0,4,3,0,7,0,0,0,7
01/13/2013,PDT,OR,ANM,WE,Federal Contract Tower,0,3,0,0,3,0,0,4,16,20,0,3,4,16,23,0,0,0,23
01/14/2013,PDT,OR,ANM,WE,Federal Contract Tower,0,8,0,1,9,0,4,4,1,9,0,12,4,2,18,4,8,12,30
01/15/2013,PDT,OR,ANM,WE,Federal Contract Tower,0,7,2,3,12,0,8,7,5,20,0,15,9,8,32,84,4,88,120
01/16/2013,PDT,OR,ANM,WE,Federal Contract Tower,0,7,2,0,9,0,4,0,0,4,0,11,2,0,13,0,0,0,13
01/17/2013,PDT,OR,ANM,WE,Federal Contract Tower,0,18,2,0,20,0,0,0,0,0,0,18,2,0,20,0,12,12,32
01/18/2013,PDT,OR,ANM,WE,Federal Contract Tower,0,13,0,0,13,0,2,0,0,2,0,15,0,0,15,50,0,50,65
01/19/2013,PDT,OR,ANM,WE,Federal Contract Tower,0,3,0,0,3,0,0,0,0,0,0,3,0,0,3,0,0,0,3
01/20/2013,PDT,OR,ANM,WE,Federal Contract Tower,0,3,2,0,5,0,0,0,0,0,0,3,2,0,5,0,0,0,5
01/21/2013,PDT,OR,ANM,WE,Federal Contract Tower,0,12,9,0,21,0,0,0,0,0,0,12,9,0,21,0,0,0,21
01/22/2013,PDT,OR,ANM,WE,Federal Contract Tower,0,16,0,0,16,0,0,0,0,0,0,16,0,0,16,0,0,0,16
01/23/2013,PDT,OR,ANM,WE,Federal Contract Tower,0,17,3,0,20,0,0,0,0,0,0,17,3,0,20,0,0,0,20
01/24/2013,PDT,OR,ANM,WE,Federal Contract Tower,0,11,0,0,11,0,1,0,4,5,0,12,0,4,16,0,20,20,36
01/25/2013,PDT,OR,ANM,WE,Federal Contract Tower,0,10,0,0,10,0,0,0,0,0,0,10,0,0,10,0,0,0,10
01/26/2013,PDT,OR,ANM,WE,Federal Contract Tower,0,3,1,0,4,0,0,9,0,9,0,3,10,0,13,0,0,0,13
01/27/2013,PDT,OR,ANM,WE,Federal Contract Tower,0,2,4,0,6,0,1,9,0,10,0,3,13,0,16,6,0,6,22
01/28/2013,PDT,OR,ANM,WE,Federal Contract Tower,0,10,2,0,12,0,2,0,2,4,0,12,2,2,16,0,4,4,20
01/29/2013,PDT,OR,ANM,WE,Federal Contract Tower,0,10,0,1,11,0,13,1,0,14,0,23,1,1,25,0,19,19,44
01/30/2013,PDT,OR,ANM,WE,Federal Contract Tower,0,11,0,5,16,0,9,1,2,12,0,20,1,7,28,5,19,24,52
01/31/2013,PDT,OR,ANM,WE,Federal Contract Tower,0,10,2,1,13,0,5,18,3,26,0,15,20,4,39,4,6,10,49
02/01/2013,PDT,OR,ANM,WE,Federal Contract Tower,0,12,2,0,14,0,5,22,0,27,0,17,24,0,41,10,0,10,51
02/02/2013,PDT,OR,ANM,WE,Federal Contract Tower,0,2,2,0,4,0,3,14,0,17,0,5,16,0,21,2,0,2,23
02/03/2013,PDT,OR,ANM,WE,Federal Contract Tower,0,2,0,0,2,0,1,5,0,6,0,3,5,0,8,0,0,0,8
02/04/2013,PDT,OR,ANM,WE,Federal Contract Tower,0,6,5,0,11,0,11,7,0,18,0,17,12,0,29,6,5,11,40
02/05/2013,PDT,OR,ANM,WE,Federal Contract Tower,0,7,2,5,14,0,16,2,5,23,0,23,4,10,37,4,0,4,41
02/06/2013,PDT,OR,ANM,WE,Federal Contract Tower,0,9,1,2,12,0,7,10,0,17,0,16,11,2,29,4,0,4,33
02/07/2013,PDT,OR,ANM,WE,Federal Contract Tower,0,11,2,4,17,0,6,0,20,26,0,17,2,24,43,0,23,23,66
02/08/2013,PDT,OR,ANM,WE,Federal Contract Tower,0,6,0,1,7,0,11,5,5,21,0,17,5,6,28,10,24,34,62
02/09/2013,PDT,OR,ANM,WE,Federal Contract Tower,0,3,0,0,3,0,2,14,9,25,0,5,14,9,28,0,20,20,48
02/10/2013,PDT,OR,ANM,WE,Federal Contract Tower,0,2,1,2,5,0,4,13,0,17,0,6,14,2,22,8,0,8,30
02/11/2013,PDT,OR,ANM,WE,Federal Contract Tower,0,8,0,0,8,0,4,6,9,19,0,12,6,9,27,0,60,60,87
02/12/2013,PDT,OR,ANM,WE,Federal Contract Tower,0,10,2,0,12,0,4,3,0,7,0,14,5,0,19,4,0,4,23
02/13/2013,PDT,OR,ANM,WE,Federal Contract Tower,0,10,1,0,11,0,6,0,0,6,0,16,1,0,17,0,30,30,47
02/14/2013,PDT,OR,ANM,WE,Federal Contract Tower,0,9,1,1,11,0,6,14,0,20,0,15,15,1,31,4,10,14,45
02/15/2013,PDT,OR,ANM,WE,Federal Contract Tower,0,9,9,1,19,0,11,14,4,29,0,20,23,5,48,0,8,8,56
02/16/2013,PDT,OR,ANM,WE,Federal Contract Tower,0,1,0,0,1,0,1,5,0,6,0,2,5,0,7,0,0,0,7
02/17/2013,PDT,OR,ANM,WE,Federal Contract Tower,0,0,0,0,0,0,3,12,0,15,0,3,12,0,15,2,0,2,17
02/18/2013,PDT,OR,ANM,WE,Federal Contract Tower,0,4,2,0,6,0,8,17,0,25,0,12,19,0,31,0,0,0,31
02/19/2013,PDT,OR,ANM,WE,Federal Contract Tower,16,0,0,0,16,0,3,0,2,5,16,3,0,2,21,0,4,4,25
02/20/2013,PDT,OR,ANM,WE,Federal Contract Tower,0,10,2,0,12,0,8,16,25,49,0,18,18,25,61,6,26,32,93
02/21/2013,PDT,OR,ANM,WE,Federal Contract Tower,0,10,1,7,18,0,9,3,0,12,0,19,4,7,30,0,0,0,30
02/22/2013,PDT,OR,ANM,WE,Federal Contract Tower,0,11,0,0,11,0,4,2,0,6,0,15,2,0,17,0,0,0,17
02/23/2013,PDT,OR,ANM,WE,Federal Contract Tower,0,1,0,0,1,0,2,2,0,4,0,3,2,0,5,0,0,0,5
02/24/2013,PDT,OR,ANM,WE,Federal Contract Tower,0,0,2,0,2,0,7,9,0,16,0,7,11,0,18,30,0,30,48
02/25/2013,PDT,OR,ANM,WE,Federal Contract Tower,0,6,0,0,6,0,8,1,0,9,0,14,1,0,15,2,0,2,17
02/26/2013,PDT,OR,ANM,WE,Federal Contract Tower,0,7,1,0,8,0,8,21,2,31,0,15,22,2,39,0,8,8,47
02/27/2013,PDT,OR,ANM,WE,Federal Contract Tower,0,7,5,0,12,0,7,5,3,15,0,14,10,3,27,2,11,13,40
02/28/2013,PDT,OR,ANM,WE,Federal Contract Tower,0,12,4,0,16,0,2,2,2,6,0,14,6,2,22,0,31,31,53
03/01/2013,PDT,OR,ANM,WE,Federal Contract Tower,0,5,2,0,7,0,9,22,2,33,0,14,24,2,40,0,8,8,48
03/02/2013,PDT,OR,ANM,WE,Federal Contract Tower,0,1,0,0,1,0,1,19,0,20,0,2,19,0,21,6,0,6,27
03/03/2013,PDT,OR,ANM,WE,Federal Contract Tower,0,3,0,0,3,0,4,7,0,11,0,7,7,0,14,60,0,60,74
03/04/2013,PDT,OR,ANM,WE,Federal Contract Tower,0,5,0,0,5,0,21,8,2,31,0,26,8,2,36,2,0,2,38
03/05/2013,PDT,OR,ANM,WE,Federal Contract Tower,0,9,0,5,14,0,6,3,3,12,0,15,3,8,26,2,24,26,52
03/06/2013,PDT,OR,ANM,WE,Federal Contract Tower,0,19,0,1,20,0,1,0,4,5,0,20,0,5,25,0,10,10,35
03/07/2013,PDT,OR,ANM,WE,Federal Contract Tower,0,10,3,1,14,0,10,20,4,34,0,20,23,5,48,6,23,29,77
03/08/2013,PDT,OR,ANM,WE,Federal Contract Tower,0,6,2,0,8,0,6,10,2,18,0,12,12,2,26,0,11,11,37
03/09/2013,PDT,OR,ANM,WE,Federal Contract Tower,0,0,0,2,2,0,4,14,6,24,0,4,14,8,26,0,24,24,50
03/10/2013,PDT,OR,ANM,WE,Federal Contract Tower,0,0,1,2,3,0,3,9,4,16,0,3,10,6,19,8,30,38,57
03/11/2013,PDT,OR,ANM,WE,Federal Contract Tower,0,10,0,4,14,0,7,7,0,14,0,17,7,4,28,8,0,8,36
03/12/2013,PDT,OR,ANM,WE,Federal Contract Tower,0,7,0,0,7,0,15,12,32,59,0,22,12,32,66,54,21,75,141
03/13/2013,PDT,OR,ANM,WE,Federal Contract Tower,0,9,4,0,13,0,8,12,0,20,0,17,16,0,33,8,62,70,103
03/14/2013,PDT,OR,ANM,WE,Federal Contract Tower,0,6,0,0,6,0,14,14,2,30,0,20,14,2,36,5,19,24,60
03/15/2013,PDT,OR,ANM,WE,Federal Contract Tower,0,18,3,0,21,0,7,19,2,28,0,25,22,2,49,8,17,25,74
03/16/2013,PDT,OR,ANM,WE,Federal Contract Tower,0,1,2,0,3,0,1,11,0,12,0,2,13,0,15,6,0,6,21
03/17/2013,PDT,OR,ANM,WE,Federal Contract Tower,0,1,0,0,1,0,4,3,0,7,0,5,3,0,8,4,0,4,12
03/18/2013,PDT,OR,ANM,WE,Federal Contract Tower,0,8,2,0,10,0,5,10,3,18,0,13,12,3,28,1,42,43,71
03/19/2013,PDT,OR,ANM,WE,Federal Contract Tower,0,6,0,2,8,0,9,17,1,27,0,15,17,3,35,4,40,44,79
03/20/2013,PDT,OR,ANM,WE,Federal Contract Tower,0,13,2,0,15,0,4,1,0,5,0,17,3,0,20,0,2,2,22
03/21/2013,PDT,OR,ANM,WE,Federal Contract Tower,0,12,0,0,12,0,7,0,0,7,0,19,0,0,19,0,0,0,19
03/22/2013,PDT,OR,ANM,WE,Federal Contract Tower,0,10,0,0,10,0,7,3,2,12,0,17,3,2,22,2,3,5,27
03/23/2013,PDT,OR,ANM,WE,Federal Contract Tower,0,1,0,0,1,0,3,17,0,20,0,4,17,0,21,17,0,17,38
03/24/2013,PDT,OR,ANM,WE,Federal Contract Tower,0,0,0,0,0,0,6,16,0,22,0,6,16,0,22,22,0,22,44
03/25/2013,PDT,OR,ANM,WE,Federal Contract Tower,0,4,2,0,6,0,9,13,1,23,0,13,15,1,29,5,7,12,41
03/26/2013,PDT,OR,ANM,WE,Federal Contract Tower,0,2,0,0,2,0,16,13,2,31,0,18,13,2,33,2,8,10,43
03/27/2013,PDT,OR,ANM,WE,Federal Contract Tower,0,7,2,0,9,0,8,12,2,22,0,15,14,2,31,1,3,4,35
03/28/2013,PDT,OR,ANM,WE,Federal Contract Tower,0,8,0,0,8,0,8,23,2,33,0,16,23,2,41,23,7,30,71
03/29/2013,PDT,OR,ANM,WE,Federal Contract Tower,0,7,0,0,7,0,9,9,0,18,0,16,9,0,25,4,0,4,29
03/30/2013,PDT,OR,ANM,WE,Federal Contract Tower,0,2,4,0,6,0,4,17,2,23,0,6,21,2,29,2,2,4,33
03/31/2013,PDT,OR,ANM,WE,Federal Contract Tower,0,0,1,0,1,0,5,15,0,20,0,5,16,0,21,4,0,4,25
04/01/2013,PDT,OR,ANM,WE,Federal Contract Tower,0,4,0,2,6,0,9,18,0,27,0,13,18,2,33,8,8,16,49
04/02/2013,PDT,OR,ANM,WE,Federal Contract Tower,0,7,2,0,9,0,10,9,0,19,0,17,11,0,28,0,0,0,28
04/03/2013,PDT,OR,ANM,WE,Federal Contract Tower,0,11,4,2,17,0,8,11,3,22,0,19,15,5,39,8,2,10,49
04/04/2013,PDT,OR,ANM,WE,Federal Contract Tower,0,10,0,4,14,0,8,8,0,16,0,18,8,4,30,0,0,0,30
04/05/2013,PDT,OR,ANM,WE,Federal Contract Tower,0,7,6,0,13,0,9,2,0,11,0,16,8,0,24,0,8,8,32
04/06/2013,PDT,OR,ANM,WE,Federal Contract Tower,0,2,1,0,3,0,4,5,6,15,0,6,6,6,18,6,48,54,72
04/07/2013,PDT,OR,ANM,WE,Federal Contract Tower,0,0,0,0,0,0,8,0,0,8,0,8,0,0,8,0,0,0,8
04/08/2013,PDT,OR,ANM,WE,Federal Contract Tower,0,10,2,0,12,0,7,18,0,25,0,17,20,0,37,4,0,4,41
04/09/2013,PDT,OR,ANM,WE,Federal Contract Tower,0,11,0,0,11,0,8,8,2,18,0,19,8,2,29,2,0,2,31
04/10/2013,PDT,OR,ANM,WE,Federal Contract Tower,0,14,1,0,15,0,5,5,0,10,0,19,6,0,25,4,4,8,33
04/11/2013,PDT,OR,ANM,WE,Federal Contract Tower,0,7,4,0,11,0,8,18,0,26,0,15,22,0,37,22,0,22,59
04/12/2013,PDT,OR,ANM,WE,Federal Contract Tower,0,6,1,0,7,0,10,13,0,23,0,16,14,0,30,12,0,12,42
04/13/2013,PDT,OR,ANM,WE,Federal Contract Tower,0,1,0,0,1,0,1,2,0,3,0,2,2,0,4,0,0,0,4
04/14/2013,PDT,OR,ANM,WE,Federal Contract Tower,0,2,0,0,2,0,3,13,0,16,0,5,13,0,18,26,0,26,44
04/15/2013,PDT,OR,ANM,WE,Federal Contract Tower,0,9,0,0,9,0,1,2,5,8,0,10,2,5,17,2,3,5,22
04/16/2013,PDT,OR,ANM,WE,Federal Contract Tower,0,5,0,2,7,0,5,12,8,25,0,10,12,10,32,8,6,14,46
04/17/2013,PDT,OR,ANM,WE,Federal Contract Tower,0,6,3,0,9,0,10,24,2,36,0,16,27,2,45,18,8,26,71
04/18/2013,PDT,OR,ANM,WE,Federal Contract Tower,0,9,2,0,11,0,18,10,0,28,0,27,12,0,39,0,0,0,39
04/19/2013,PDT,OR,ANM,WE,Federal Contract Tower,0,9,0,0,9,0,7,0,0,7,0,16,0,0,16,0,0,0,16
04/20/2013,PDT,OR,ANM,WE,Federal Contract Tower,0,1,3,0,4,0,5,3,2,10,0,6,6,2,14,0,3,3,17
04/21/2013,PDT,OR,ANM,WE,Federal Contract Tower,0,0,0,0,0,0,3,5,1,9,0,3,5,1,9,0,3,3,12
04/22/2013,PDT,OR,ANM,WE,Federal Contract Tower,0,4,0,2,6,0,12,14,0,26,0,16,14,2,32,6,2,8,40
04/23/2013,PDT,OR,ANM,WE,Federal Contract Tower,0,8,2,3,13,0,14,23,1,38,0,22,25,4,51,4,0,4,55
04/24/2013,PDT,OR,ANM,WE,Federal Contract Tower,0,6,3,0,9,0,13,27,0,40,0,19,30,0,49,5,0,5,54
04/25/2013,PDT,OR,ANM,WE,Federal Contract Tower,0,6,0,1,7,0,8,37,1,46,0,14,37,2,53,2,5,7,60
04/26/2013,PDT,OR,ANM,WE,Federal Contract Tower,0,6,2,0,8,0,14,19,0,33,0,20,21,0,41,2,0,2,43
04/27/2013,PDT,OR,ANM,WE,Federal Contract Tower,0,0,0,2,2,0,6,23,0,29,0,6,23,2,31,18,0,18,49
04/28/2013,PDT,OR,ANM,WE,Federal Contract Tower,0,0,0,2,2,0,9,9,0,18,0,9,9,2,20,0,0,0,20
04/29/2013,PDT,OR,ANM,WE,Federal Contract Tower,0,4,0,0,4,0,9,6,0,15,0,13,6,0,19,4,0,4,23
04/30/2013,PDT,OR,ANM,WE,Federal Contract Tower,0,8,4,0,12,0,7,9,0,16,0,15,13,0,28,2,0,2,30
05/01/2013,PDT,OR,ANM,WE,Federal Contract Tower,0,8,1,1,10,0,12,17,3,32,0,20,18,4,42,32,4,36,78
05/02/2013,PDT,OR,ANM,WE,Federal Contract Tower,0,6,0,0,6,0,12,12,0,24,0,18,12,0,30,12,0,12,42
05/03/2013,PDT,OR,ANM,WE,Federal Contract Tower,0,4,0,4,8,0,11,11,0,22,0,15,11,4,30,10,0,10,40
05/04/2013,PDT,OR,ANM,WE,Federal Contract Tower,0,0,4,0,4,0,2,13,0,15,0,2,17,0,19,10,0,10,29
05/05/2013,PDT,OR,ANM,WE,Federal Contract Tower,0,0,2,0,2,0,5,20,4,29,0,5,22,4,31,6,3,9,40
05/06/2013,PDT,OR,ANM,WE,Federal Contract Tower,0,3,0,0,3,0,16,6,1,23,0,19,6,1,26,2,0,2,28
05/07/2013,PDT,OR,ANM,WE,Federal Contract Tower,0,5,4,0,9,0,9,16,0,25,0,14,20,0,34,6,0,6,40
05/08/2013,PDT,OR,ANM,WE,Federal Contract Tower,0,7,2,2,11,0,23,34,1,58,0,30,36,3,69,6,4,10,79
05/09/2013,PDT,OR,ANM,WE,Federal Contract Tower,0,5,2,0,7,0,14,29,0,43,0,19,31,0,50,96,7,103,153
05/10/2013,PDT,OR,ANM,WE,Federal Contract Tower,0,7,0,0,7,0,12,17,0,29,0,19,17,0,36,101,0,101,137
05/11/2013,PDT,OR,ANM,WE,Federal Contract Tower,0,0,0,0,0,0,5,18,2,25,0,5,18,2,25,67,15,82,107
05/12/2013,PDT,OR,ANM,WE,Federal Contract Tower,0,2,1,2,5,0,6,7,0,13,0,8,8,2,18,5,28,33,51
05/13/2013,PDT,OR,ANM,WE,Federal Contract Tower,0,4,2,0,6,0,8,6,1,15,0,12,8,1,21,6,0,6,27
05/14/2013,PDT,OR,ANM,WE,Federal Contract Tower,0,4,0,2,6,0,17,9,11,37,0,21,9,13,43,2,0,2,45
05/15/2013,PDT,OR,ANM,WE,Federal Contract Tower,0,10,2,2,14,0,7,16,3,26,0,17,18,5,40,22,4,26,66
05/16/2013,PDT,OR,ANM,WE,Federal Contract Tower,0,9,3,0,12,0,9,10,12,31,0,18,13,12,43,12,13,25,68
05/17/2013,PDT,OR,ANM,WE,Federal Contract Tower,0,11,0,0,11,0,5,6,4,15,0,16,6,4,26,5,4,9,35
05/18/2013,PDT,OR,ANM,WE,Federal Contract Tower,0,1,2,0,3,0,2,5,0,7,0,3,7,0,10,0,0,0,10
05/19/2013,PDT,OR,ANM,WE,Federal Contract Tower,0,1,2,0,3,0,10,10,0,20,0,11,12,0,23,6,0,6,29
05/20/2013,PDT,OR,ANM,WE,Federal Contract Tower,0,3,0,2,5,0,12,15,6,33,0,15,15,8,38,6,0,6,44
05/21/2013,PDT,OR,ANM,WE,Federal Contract Tower,0,9,0,0,9,0,8,16,0,24,0,17,16,0,33,0,8,8,41
05/22/2013,PDT,OR,ANM,WE,Federal Contract Tower,0,14,0,0,14,0,3,3,0,6,0,17,3,0,20,2,0,2,22
05/23/2013,PDT,OR,ANM,WE,Federal Contract Tower,0,7,0,0,7,0,9,18,0,27,0,16,18,0,34,6,5,11,45
05/24/2013,PDT,OR,ANM,WE,Federal Contract Tower,0,12,2,0,14,0,5,11,0,16,0,17,13,0,30,0,0,0,30
05/25/2013,PDT,OR,ANM,WE,Federal Contract Tower,0,1,1,0,2,0,3,13,0,16,0,4,14,0,18,8,0,8,26
05/26/2013,PDT,OR,ANM,WE,Federal Contract Tower,0,1,0,0,1,0,6,2,0,8,0,7,2,0,9,0,0,0,9
05/27/2013,PDT,OR,ANM,WE,Federal Contract Tower,0,3,0,0,3,0,5,8,0,13,0,8,8,0,16,0,0,0,16
05/28/2013,PDT,OR,ANM,WE,Federal Contract Tower,0,5,0,0,5,0,10,3,0,13,0,15,3,0,18,0,8,8,26
05/29/2013,PDT,OR,ANM,WE,Federal Contract Tower,0,11,5,0,16,0,5,11,0,16,0,16,16,0,32,0,7,7,39
05/30/2013,PDT,OR,ANM,WE,Federal Contract Tower,0,12,0,0,12,0,7,9,0,16,0,19,9,0,28,18,0,18,46
05/31/2013,PDT,OR,ANM,WE,Federal Contract Tower,0,6,2,2,10,0,8,26,0,34,0,14,28,2,44,16,0,16,60
06/01/2013,PDT,OR,ANM,WE,Federal Contract Tower,0,0,0,0,0,0,6,21,6,33,0,6,21,6,33,12,19,31,64
06/02/2013,PDT,OR,ANM,WE,Federal Contract Tower,0,1,0,0,1,0,4,9,0,13,0,5,9,0,14,2,0,2,16
06/03/2013,PDT,OR,ANM,WE,Federal Contract Tower,0,4,0,0,4,0,12,9,3,24,0,16,9,3,28,4,13,17,45
06/04/2013,PDT,OR,ANM,WE,Federal Contract Tower,0,5,1,2,8,0,14,16,4,34,0,19,17,6,42,20,0,20,62
06/05/2013,PDT,OR,ANM,WE,Federal Contract Tower,0,7,1,0,8,0,8,10,2,20,0,15,11,2,28,0,0,0,28
06/06/2013,PDT,OR,ANM,WE,Federal Contract Tower,6,0,0,6,12,0,14,19,2,35,6,14,19,8,47,19,22,41,88
06/07/2013,PDT,OR,ANM,WE,Federal Contract Tower,0,5,0,0,5,0,9,13,0,22,0,14,13,0,27,2,0,2,29
06/08/2013,PDT,OR,ANM,WE,Federal Contract Tower,0,0,0,0,0,0,5,18,4,27,0,5,18,4,27,2,6,8,35
06/09/2013,PDT,OR,ANM,WE,Federal Contract Tower,0,0,0,0,0,0,3,14,0,17,0,3,14,0,17,2,0,2,19
06/10/2013,PDT,OR,ANM,WE,Federal Contract Tower,0,2,2,0,4,0,7,10,6,23,0,9,12,6,27,0,7,7,34
06/11/2013,PDT,OR,ANM,WE,Federal Contract Tower,0,7,2,1,10,0,12,15,3,30,0,19,17,4,40,0,22,22,62
06/12/2013,PDT,OR,ANM,WE,Federal Contract Tower,0,4,0,2,6,0,8,12,7,27,0,12,12,9,33,20,15,35,68
06/13/2013,PDT,OR,ANM,WE,Federal Contract Tower,0,5,1,10,16,0,5,6,0,11,0,10,7,10,27,6,9,15,42
06/14/2013,PDT,OR,ANM,WE,Federal Contract Tower,9,0,0,0,9,0,4,25,0,29,9,4,25,0,38,4,0,4,42
06/15/2013,PDT,OR,ANM,WE,Federal Contract Tower,0,0,0,0,0,0,2,26,2,30,0,2,26,2,30,4,0,4,34
06/16/2013,PDT,OR,ANM,WE,Federal Contract Tower,0,0,0,0,0,0,5,7,0,12,0,5,7,0,12,0,0,0,12
06/17/2013,PDT,OR,ANM,WE,Federal Contract Tower,0,1,2,0,3,0,8,7,3,18,0,9,9,3,21,15,0,15,36
06/18/2013,PDT,OR,ANM,WE,Federal Contract Tower,0,7,4,0,11,0,15,22,2,39,0,22,26,2,50,0,0,0,50
06/19/2013,PDT,OR,ANM,WE,Federal Contract Tower,0,8,3,0,11,0,9,5,0,14,0,17,8,0,25,0,4,4,29
06/20/2013,PDT,OR,ANM,WE,Federal Contract Tower,0,6,1,0,7,0,14,8,3,25,0,20,9,3,32,0,3,3,35
06/21/2013,PDT,OR,ANM,WE,Federal Contract Tower,0,4,1,0,5,0,8,8,13,29,0,12,9,13,34,0,2,2,36
06/22/2013,PDT,OR,ANM,WE,Federal Contract Tower,0,1,0,0,1,0,3,16,1,20,0,4,16,1,21,0,0,0,21
06/23/2013,PDT,OR,ANM,WE,Federal Contract Tower,0,1,0,2,3,0,4,14,1,19,0,5,14,3,22,0,0,0,22
06/24/2013,PDT,OR,ANM,WE,Federal Contract Tower,0,7,0,0,7,0,2,2,0,4,0,9,2,0,11,0,29,29,40
06/25/2013,PDT,OR,ANM,WE,Federal Contract Tower,0,7,0,2,9,0,7,6,0,13,0,14,6,2,22,24,3,27,49
06/26/2013,PDT,OR,ANM,WE,Federal Contract Tower,0,7,0,2,9,0,4,9,1,14,0,11,9,3,23,0,36,36,59
06/27/2013,PDT,OR,ANM,WE,Federal Contract Tower,0,5,0,0,5,0,9,12,2,23,0,14,12,2,28,14,7,21,49
06/28/2013,PDT,OR,ANM,WE,Federal Contract Tower,0,4,2,2,8,0,13,32,1,46,0,17,34,3,54,4,2,6,60
06/29/2013,PDT,OR,ANM,WE,Federal Contract Tower,0,1,0,2,3,0,9,19,1,29,0,10,19,3,32,6,0,6,38
06/30/2013,PDT,OR,ANM,WE,Federal Contract Tower,0,0,0,0,0,0,6,13,0,19,0,6,13,0,19,2,0,2,21
07/01/2013,PDT,OR,ANM,WE,Federal Contract Tower,0,1,0,0,1,0,10,10,0,20,0,11,10,0,21,0,0,0,21
07/02/2013,PDT,OR,ANM,WE,Federal Contract Tower,0,4,0,0,4,0,9,16,2,27,0,13,16,2,31,0,2,2,33
07/03/2013,PDT,OR,ANM,WE,Federal Contract Tower,0,3,1,0,4,0,13,22,4,39,0,16,23,4,43,2,0,2,45
07/04/2013,PDT,OR,ANM,WE,Federal Contract Tower,0,0,0,0,0,0,12,12,0,24,0,12,12,0,24,0,0,0,24
07/05/2013,PDT,OR,ANM,WE,Federal Contract Tower,0,7,0,0,7,0,11,16,0,27,0,18,16,0,34,0,0,0,34
07/06/2013,PDT,OR,ANM,WE,Federal Contract Tower,0,0,1,0,1,0,2,21,0,23,0,2,22,0,24,14,0,14,38
07/07/2013,PDT,OR,ANM,WE,Federal Contract Tower,0,0,1,0,1,0,7,12,0,19,0,7,13,0,20,4,0,4,24
07/08/2013,PDT,OR,ANM,WE,Federal Contract Tower,0,2,0,2,4,0,12,22,5,39,0,14,22,7,43,0,6,6,49
07/09/2013,PDT,OR,ANM,WE,Federal Contract Tower,0,5,0,0,5,0,10,15,0,25,0,15,15,0,30,4,0,4,34
07/10/2013,PDT,OR,ANM,WE,Federal Contract Tower,0,4,2,0,6,0,7,11,0,18,0,11,13,0,24,4,0,4,28
07/11/2013,PDT,OR,ANM,WE,Federal Contract Tower,5,0,0,1,6,0,12,14,1,27,5,12,14,2,33,0,0,0,33
07/12/2013,PDT,OR,ANM,WE,Federal Contract Tower,0,4,2,2,8,0,7,22,0,29,0,11,24,2,37,4,0,4,41
07/13/2013,PDT,OR,ANM,WE,Federal Contract Tower,0,0,0,5,5,0,2,22,2,26,0,2,22,7,31,8,26,34,65
07/14/2013,PDT,OR,ANM,WE,Federal Contract Tower,0,0,5,2,7,0,6,20,2,28,0,6,25,4,35,4,0,4,39
07/15/2013,PDT,OR,ANM,WE,Federal Contract Tower,0,1,0,0,1,0,14,72,4,90,0,15,72,4,91,22,4,26,117
07/16/2013,PDT,OR,ANM,WE,Federal Contract Tower,0,3,0,0,3,0,13,21,0,34,0,16,21,0,37,15,0,15,52
07/17/2013,PDT,OR,ANM,WE,Federal Contract Tower,0,4,0,0,4,0,7,17,2,26,0,11,17,2,30,16,14,30,60
07/18/2013,PDT,OR,ANM,WE,Federal Contract Tower,0,4,0,0,4,0,15,19,3,37,0,19,19,3,41,0,0,0,41
07/19/2013,PDT,OR,ANM,WE,Federal Contract Tower,0,4,0,0,4,0,2,12,0,14,0,6,12,0,18,2,2,4,22
07/20/2013,PDT,OR,ANM,WE,Federal Contract Tower,0,1,0,0,1,0,5,21,0,26,0,6,21,0,27,8,0,8,35
07/21/2013,PDT,OR,ANM,WE,Federal Contract Tower,0,1,0,0,1,0,6,8,0,14,0,7,8,0,15,2,0,2,17
07/22/2013,PDT,OR,ANM,WE,Federal Contract Tower,0,4,0,0,4,0,14,19,0,33,0,18,19,0,37,4,0,4,41
07/23/2013,PDT,OR,ANM,WE,Federal Contract Tower,0,3,2,0,5,0,9,16,0,25,0,12,18,0,30,0,0,0,30
07/24/2013,PDT,OR,ANM,WE,Federal Contract Tower,0,3,0,0,3,0,9,19,4,32,0,12,19,4,35,0,8,8,43
07/25/2013,PDT,OR,ANM,WE,Federal Contract Tower,0,4,2,0,6,0,21,12,2,35,0,25,14,2,41,2,0,2,43
07/26/2013,PDT,OR,ANM,WE,Federal Contract Tower,0,5,0,0,5,0,16,28,0,44,0,21,28,0,49,2,0,2,51
07/27/2013,PDT,OR,ANM,WE,Federal Contract Tower,0,2,3,0,5,0,0,20,0,20,0,2,23,0,25,10,0,10,35
07/28/2013,PDT,OR,ANM,WE,Federal Contract Tower,0,2,1,0,3,0,6,16,0,22,0,8,17,0,25,0,0,0,25
07/29/2013,PDT,OR,ANM,WE,Federal Contract Tower,0,1,0,0,1,0,7,15,0,22,0,8,15,0,23,2,4,6,29
07/30/2013,PDT,OR,ANM,WE,Federal Contract Tower,0,3,0,0,3,0,14,11,5,30,0,17,11,5,33,16,0,16,49
07/31/2013,PDT,OR,ANM,WE,Federal Contract Tower,0,4,1,0,5,0,10,19,3,32,0,14,20,3,37,6,3,9,46
08/01/2013,PDT,OR,ANM,WE,Federal Contract Tower,0,6,2,0,8,0,7,7,0,14,0,13,9,0,22,0,0,0,22
08/02/2013,PDT,OR,ANM,WE,Federal Contract Tower,0,5,1,2,8,0,8,20,0,28,0,13,21,2,36,4,10,14,50
08/03/2013,PDT,OR,ANM,WE,Federal Contract Tower,0,0,0,0,0,0,5,15,2,22,0,5,15,2,22,12,3,15,37
08/04/2013,PDT,OR,ANM,WE,Federal Contract Tower,0,0,0,0,0,0,6,20,0,26,0,6,20,0,26,28,0,28,54
08/05/2013,PDT,OR,ANM,WE,Federal Contract Tower,0,2,0,0,2,0,12,3,0,15,0,14,3,0,17,2,0,2,19
08/06/2013,PDT,OR,ANM,WE,Federal Contract Tower,0,2,2,1,5,0,8,25,4,37,0,10,27,5,42,8,0,8,50
08/07/2013,PDT,OR,ANM,WE,Federal Contract Tower,0,4,0,0,4,0,8,14,2,24,0,12,14,2,28,2,4,6,34
08/08/2013,PDT,OR,ANM,WE,Federal Contract Tower,0,4,5,0,9,0,7,13,2,22,0,11,18,2,31,4,3,7,38
08/09/2013,PDT,OR,ANM,WE,Federal Contract Tower,0,4,2,6,12,0,10,15,3,28,0,14,17,9,40,0,14,14,54
08/10/2013,PDT,OR,ANM,WE,Federal Contract Tower,0,0,0,1,1,0,5,10,1,16,0,5,10,2,17,0,0,0,17
08/11/2013,PDT,OR,ANM,WE,Federal Contract Tower,0,4,0,0,4,0,4,20,0,24,0,8,20,0,28,8,0,8,36
08/12/2013,PDT,OR,ANM,WE,Federal Contract Tower,0,2,0,0,2,0,14,12,5,31,0,16,12,5,33,9,3,12,45
08/13/2013,PDT,OR,ANM,WE,Federal Contract Tower,0,3,0,0,3,0,16,13,2,31,0,19,13,2,34,6,2,8,42
08/14/2013,PDT,OR,ANM,WE,Federal Contract Tower,0,4,3,0,7,0,10,16,3,29,0,14,19,3,36,7,0,7,43
08/15/2013,PDT,OR,ANM,WE,Federal Contract Tower,0,5,2,0,7,0,10,18,5,33,0,15,20,5,40,10,7,17,57
08/16/2013,PDT,OR,ANM,WE,Federal Contract Tower,0,3,0,0,3,0,13,22,12,47,0,16,22,12,50,10,26,36,86
08/17/2013,PDT,OR,ANM,WE,Federal Contract Tower,0,1,0,0,1,0,3,8,5,16,0,4,8,5,17,0,37,37,54
08/18/2013,PDT,OR,ANM,WE,Federal Contract Tower,0,0,0,0,0,0,4,4,7,15,0,4,4,7,15,0,10,10,25
08/19/2013,PDT,OR,ANM,WE,Federal Contract Tower,0,1,0,0,1,0,14,20,0,34,0,15,20,0,35,50,0,50,85
08/20/2013,PDT,OR,ANM,WE,Federal Contract Tower,0,4,4,0,8,0,16,29,1,46,0,20,33,1,54,22,0,22,76
08/21/2013,PDT,OR,ANM,WE,Federal Contract Tower,4,0,0,0,4,0,14,42,2,58,4,14,42,2,62,66,4,70,132
08/22/2013,PDT,OR,ANM,WE,Federal Contract Tower,0,6,0,0,6,0,4,32,2,38,0,10,32,2,44,153,0,153,197
08/23/2013,PDT,OR,ANM,WE,Federal Contract Tower,0,8,0,0,8,0,8,20,6,34,0,16,20,6,42,166,3,169,211
08/24/2013,PDT,OR,ANM,WE,Federal Contract Tower,0,0,0,0,0,0,6,13,1,20,0,6,13,1,20,102,0,102,122
08/25/2013,PDT,OR,ANM,WE,Federal Contract Tower,0,1,0,0,1,0,4,39,0,43,0,5,39,0,44,5,0,5,49
08/26/2013,PDT,OR,ANM,WE,Federal Contract Tower,0,3,1,0,4,0,6,14,7,27,0,9,15,7,31,0,29,29,60
08/27/2013,PDT,OR,ANM,WE,Federal Contract Tower,0,2,0,2,4,0,15,8,6,29,0,17,8,8,33,0,28,28,61
08/28/2013,PDT,OR,ANM,WE,Federal Contract Tower,0,4,4,2,10,0,11,12,4,27,0,15,16,6,37,0,28,28,65
08/29/2013,PDT,OR,ANM,WE,Federal Contract Tower,0,7,2,1,10,0,6,13,4,23,0,13,15,5,33,0,0,0,33
08/30/2013,PDT,OR,ANM,WE,Federal Contract Tower,0,5,0,0,5,0,7,24,0,31,0,12,24,0,36,6,0,6,42
08/31/2013,PDT,OR,ANM,WE,Federal Contract Tower,0,0,0,0,0,0,7,17,0,24,0,7,17,0,24,5,0,5,29
09/01/2013,PDT,OR,ANM,WE,Federal Contract Tower,0,0,0,0,0,0,8,6,0,14,0,8,6,0,14,0,0,0,14
09/02/2013,PDT,OR,ANM,WE,Federal Contract Tower,0,1,0,0,1,0,10,11,0,21,0,11,11,0,22,0,0,0,22
09/03/2013,PDT,OR,ANM,WE,Federal Contract Tower,0,3,0,0,3,0,10,8,1,19,0,13,8,1,22,4,0,4,26
09/04/2013,PDT,OR,ANM,WE,Federal Contract Tower,0,5,2,2,9,0,8,13,3,24,0,13,15,5,33,14,26,40,73
09/05/2013,PDT,OR,ANM,WE,Federal Contract Tower,0,6,5,2,13,0,8,8,0,16,0,14,13,2,29,0,3,3,32
09/06/2013,PDT,OR,ANM,WE,Federal Contract Tower,0,6,1,0,7,0,7,7,4,18,0,13,8,4,25,2,6,8,33
09/07/2013,PDT,OR,ANM,WE,Federal Contract Tower,0,0,0,0,0,0,4,19,0,23,0,4,19,0,23,20,0,20,43
09/08/2013,PDT,OR,ANM,WE,Federal Contract Tower,0,0,2,0,2,0,8,9,4,21,0,8,11,4,23,18,0,18,41
09/09/2013,PDT,OR,ANM,WE,Federal Contract Tower,0,1,0,0,1,0,10,13,0,23,0,11,13,0,24,6,0,6,30
09/10/2013,PDT,OR,ANM,WE,Federal Contract Tower,0,4,0,1,5,0,4,17,4,25,0,8,17,5,30,0,45,45,75
09/11/2013,PDT,OR,ANM,WE,Federal Contract Tower,0,4,10,0,14,0,15,33,2,50,0,19,43,2,64,11,3,14,78
09/12/2013,PDT,OR,ANM,WE,Federal Contract Tower,0,5,4,0,9,0,14,32,0,46,0,19,36,0,55,40,5,45,100
09/13/2013,PDT,OR,ANM,WE,Federal Contract Tower,0,7,4,0,11,0,11,17,0,28,0,18,21,0,39,40,0,40,79
09/14/2013,PDT,OR,ANM,WE,Federal Contract Tower,0,0,3,0,3,0,4,8,0,12,0,4,11,0,15,62,0,62,77
09/15/2013,PDT,OR,ANM,WE,Federal Contract Tower,0,0,4,0,4,0,3,20,0,23,0,3,24,0,27,0,0,0,27
09/16/2013,PDT,OR,ANM,WE,Federal Contract Tower,0,2,0,0,2,0,8,14,0,22,0,10,14,0,24,10,0,10,34
09/17/2013,PDT,OR,ANM,WE,Federal Contract Tower,0,4,0,0,4,0,8,3,0,11,0,12,3,0,15,0,0,0,15
09/18/2013,PDT,OR,ANM,WE,Federal Contract Tower,0,4,1,0,5,0,6,9,4,19,0,10,10,4,24,0,7,7,31
09/19/2013,PDT,OR,ANM,WE,Federal Contract Tower,0,5,5,0,10,0,6,29,2,37,0,11,34,2,47,4,3,7,54
09/20/2013,PDT,OR,ANM,WE,Federal Contract Tower,0,5,0,0,5,0,8,3,1,12,0,13,3,1,17,0,2,2,19
09/21/2013,PDT,OR,ANM,WE,Federal Contract Tower,0,3,2,0,5,0,8,7,0,15,0,11,9,0,20,0,0,0,20
09/22/2013,PDT,OR,ANM,WE,Federal Contract Tower,0,4,0,0,4,0,4,1,0,5,0,8,1,0,9,0,0,0,9
09/23/2013,PDT,OR,ANM,WE,Federal Contract Tower,0,3,0,0,3,0,5,3,1,9,0,8,3,1,12,0,3,3,15
09/24/2013,PDT,OR,ANM,WE,Federal Contract Tower,0,4,4,0,8,0,8,3,4,15,0,12,7,4,23,0,35,35,58
09/25/2013,PDT,OR,ANM,WE,Federal Contract Tower,0,6,0,0,6,0,5,8,6,19,0,11,8,6,25,0,33,33,58
09/26/2013,PDT,OR,ANM,WE,Federal Contract Tower,0,5,2,0,7,0,4,7,3,14,0,9,9,3,21,0,25,25,46
09/27/2013,PDT,OR,ANM,WE,Federal Contract Tower,0,8,0,0,8,0,8,7,2,17,0,16,7,2,25,0,20,20,45
09/28/2013,PDT,OR,ANM,WE,Federal Contract Tower,0,4,0,0,4,0,3,1,0,4,0,7,1,0,8,0,0,0,8
09/29/2013,PDT,OR,ANM,WE,Federal Contract Tower,0,1,0,0,1,0,3,0,0,3,0,4,0,0,4,0,0,0,4
09/30/2013,PDT,OR,ANM,WE,Federal Contract Tower,0,1,0,0,1,0,8,2,2,12,0,9,2,2,13,0,8,8,21
10/01/2013,PDT,OR,ANM,WE,Federal Contract Tower,0,4,2,0,6,0,5,8,0,13,0,9,10,0,19,0,0,0,19
10/02/2013,PDT,OR,ANM,WE,Federal Contract Tower,0,5,2,0,7,0,6,19,0,25,0,11,21,0,32,2,0,2,34
10/03/2013,PDT,OR,ANM,WE,Federal Contract Tower,0,10,1,0,11,0,6,7,0,13,0,16,8,0,24,10,0,10,34
10/04/2013,PDT,OR,ANM,WE,Federal Contract Tower,0,5,0,0,5,0,14,11,0,25,0,19,11,0,30,12,0,12,42
10/05/2013,PDT,OR,ANM,WE,Federal Contract Tower,0,0,2,0,2,0,8,15,0,23,0,8,17,0,25,2,0,2,27
10/06/2013,PDT,OR,ANM,WE,Federal Contract Tower,0,0,7,0,7,0,9,14,0,23,0,9,21,0,30,34,0,34,64
10/07/2013,PDT,OR,ANM,WE,Federal Contract Tower,0,2,0,0,2,0,12,8,0,20,0,14,8,0,22,0,0,0,22
10/08/2013,PDT,OR,ANM,WE,Federal Contract Tower,0,5,0,0,5,0,3,7,0,10,0,8,7,0,15,0,0,0,15
10/09/2013,PDT,OR,ANM,WE,Federal Contract Tower,0,6,3,0,9,0,5,11,0,16,0,11,14,0,25,2,0,2,27
10/10/2013,PDT,OR,ANM,WE,Federal Contract Tower,0,5,1,0,6,0,7,36,0,43,0,12,37,0,49,2,0,2,51
10/11/2013,PDT,OR,ANM,WE,Federal Contract Tower,0,7,1,0,8,0,8,8,0,16,0,15,9,0,24,0,0,0,24
10/12/2013,PDT,OR,ANM,WE,Federal Contract Tower,0,1,0,0,1,0,2,6,0,8,0,3,6,0,9,0,0,0,9
10/13/2013,PDT,OR,ANM,WE,Federal Contract Tower,0,2,4,0,6,0,5,0,0,5,0,7,4,0,11,0,0,0,11
10/14/2013,PDT,OR,ANM,WE,Federal Contract Tower,0,2,8,0,10,0,8,15,0,23,0,10,23,0,33,12,0,12,45
10/15/2013,PDT,OR,ANM,WE,Federal Contract Tower,0,5,12,0,17,0,15,14,0,29,0,20,26,0,46,4,0,4,50
10/16/2013,PDT,OR,ANM,WE,Federal Contract Tower,0,5,11,0,16,0,12,24,15,51,0,17,35,15,67,4,0,4,71
10/17/2013,PDT,OR,ANM,WE,Federal Contract Tower,0,3,0,1,4,0,8,12,8,28,0,11,12,9,32,2,0,2,34
10/18/2013,PDT,OR,ANM,WE,Federal Contract Tower,0,4,2,0,6,0,9,19,0,28,0,13,21,0,34,28,0,28,62
10/19/2013,PDT,OR,ANM,WE,Federal Contract Tower,0,0,13,0,13,0,2,22,0,24,0,2,35,0,37,2,0,2,39
10/20/2013,PDT,OR,ANM,WE,Federal Contract Tower,0,0,4,0,4,0,2,18,0,20,0,2,22,0,24,6,0,6,30
10/21/2013,PDT,OR,ANM,WE,Federal Contract Tower,0,2,1,1,4,0,8,7,1,16,0,10,8,2,20,8,0,8,28
10/22/2013,PDT,OR,ANM,WE,Federal Contract Tower,0,4,6,2,12,0,7,14,2,23,0,11,20,4,35,2,0,2,37
10/23/2013,PDT,OR,ANM,WE,Federal Contract Tower,0,3,0,1,4,0,10,16,7,33,0,13,16,8,37,2,18,20,57
10/24/2013,PDT,OR,ANM,WE,Federal Contract Tower,0,4,0,2,6,0,7,4,0,11,0,11,4,2,17,10,5,15,32
10/25/2013,PDT,OR,ANM,WE,Federal Contract Tower,0,6,1,2,9,0,6,6,0,12,0,12,7,2,21,2,0,2,23
10/26/2013,PDT,OR,ANM,WE,Federal Contract Tower,0,1,0,3,4,0,2,7,2,11,0,3,7,5,15,0,67,67,82
10/27/2013,PDT,OR,ANM,WE,Federal Contract Tower,0,1,0,1,2,0,4,4,0,8,0,5,4,1,10,0,0,0,10
10/28/2013,PDT,OR,ANM,WE,Federal Contract Tower,0,2,5,0,7,0,11,4,0,15,0,13,9,0,22,0,0,0,22
10/29/2013,PDT,OR,ANM,WE,Federal Contract Tower,0,3,2,1,6,0,7,7,13,27,0,10,9,14,33,0,26,26,59
10/30/2013,PDT,OR,ANM,WE,Federal Contract Tower,0,4,3,1,8,0,8,11,6,25,0,12,14,7,33,0,20,20,53
10/31/2013,PDT,OR,ANM,WE,Federal Contract Tower,0,6,2,0,8,0,6,1,2,9,0,12,3,2,17,0,14,14,31
11/01/2013,PDT,OR,ANM,WE,Federal Contract Tower,0,5,0,0,5,0,6,10,10,26,0,11,10,10,31,4,16,20,51
11/02/2013,PDT,OR,ANM,WE,Federal Contract Tower,0,2,0,2,4,0,1,0,0,1,0,3,0,2,5,0,12,12,17
11/03/2013,PDT,OR,ANM,WE,Federal Contract Tower,0,0,0,0,0,0,2,2,0,4,0,2,2,0,4,0,0,0,4
11/04/2013,PDT,OR,ANM,WE,Federal Contract Tower,0,2,0,0,2,0,15,11,0,26,0,17,11,0,28,0,0,0,28
11/05/2013,PDT,OR,ANM,WE,Federal Contract Tower,0,6,2,3,11,0,3,5,2,10,0,9,7,5,21,0,26,26,47
11/06/2013,PDT,OR,ANM,WE,Federal Contract Tower,0,10,0,8,18,0,3,1,1,5,0,13,1,9,23,0,64,64,87
11/07/2013,PDT,OR,ANM,WE,Federal Contract Tower,0,8,0,0,8,0,3,0,1,4,0,11,0,1,12,2,30,32,44
11/08/2013,PDT,OR,ANM,WE,Federal Contract Tower,0,4,1,0,5,0,8,9,2,19,0,12,10,2,24,2,6,8,32
11/09/2013,PDT,OR,ANM,WE,Federal Contract Tower,0,0,4,0,4,0,3,20,0,23,0,3,24,0,27,7,0,7,34
11/10/2013,PDT,OR,ANM,WE,Federal Contract Tower,0,0,0,0,0,0,3,3,0,6,0,3,3,0,6,12,0,12,18
11/11/2013,PDT,OR,ANM,WE,Federal Contract Tower,0,11,2,0,13,0,0,2,0,2,0,11,4,0,15,0,0,0,15
11/12/2013,PDT,OR,ANM,WE,Federal Contract Tower,0,5,1,0,6,0,6,2,0,8,0,11,3,0,14,0,0,0,14
11/13/2013,PDT,OR,ANM,WE,Federal Contract Tower,0,7,4,0,11,0,4,7,1,12,0,11,11,1,23,0,32,32,55
11/14/2013,PDT,OR,ANM,WE,Federal Contract Tower,0,6,0,1,7,0,12,6,2,20,0,18,6,3,27,0,6,6,33
11/15/2013,PDT,OR,ANM,WE,Federal Contract Tower,0,6,0,0,6,0,4,2,2,8,0,10,2,2,14,0,8,8,22
11/16/2013,PDT,OR,ANM,WE,Federal Contract Tower,0,1,0,0,1,0,4,0,0,4,0,5,0,0,5,0,0,0,5
11/17/2013,PDT,OR,ANM,WE,Federal Contract Tower,0,1,0,0,1,0,2,5,0,7,0,3,5,0,8,0,0,0,8
11/18/2013,PDT,OR,ANM,WE,Federal Contract Tower,0,6,4,0,10,0,7,7,0,14,0,13,11,0,24,6,20,26,50
11/19/2013,PDT,OR,ANM,WE,Federal Contract Tower,0,5,3,0,8,0,13,1,0,14,0,18,4,0,22,0,28,28,50
11/20/2013,PDT,OR,ANM,WE,Federal Contract Tower,0,4,0,2,6,0,9,9,7,25,0,13,9,9,31,2,36,38,69
11/21/2013,PDT,OR,ANM,WE,Federal Contract Tower,0,4,3,0,7,0,10,4,5,19,0,14,7,5,26,8,14,22,48
11/22/2013,PDT,OR,ANM,WE,Federal Contract Tower,0,6,2,0,8,0,7,9,0,16,0,13,11,0,24,0,0,0,24
11/23/2013,PDT,OR,ANM,WE,Federal Contract Tower,0,0,5,0,5,0,5,8,0,13,0,5,13,0,18,5,0,5,23
11/24/2013,PDT,OR,ANM,WE,Federal Contract Tower,0,0,3,0,3,0,5,6,0,11,0,5,9,0,14,0,0,0,14
11/25/2013,PDT,OR,ANM,WE,Federal Contract Tower,0,2,0,0,2,0,9,6,0,15,0,11,6,0,17,0,0,0,17
11/26/2013,PDT,OR,ANM,WE,Federal Contract Tower,0,5,3,0,8,0,8,8,0,16,0,13,11,0,24,22,10,32,56
11/27/2013,PDT,OR,ANM,WE,Federal Contract Tower,0,6,4,0,10,0,8,0,0,8,0,14,4,0,18,0,0,0,18
11/28/2013,PDT,OR,ANM,WE,Federal Contract Tower,0,6,0,0,6,0,2,4,0,6,0,8,4,0,12,0,0,0,12
11/29/2013,PDT,OR,ANM,WE,Federal Contract Tower,0,14,0,0,14,0,2,4,0,6,0,16,4,0,20,0,0,0,20
11/30/2013,PDT,OR,ANM,WE,Federal Contract Tower,0,3,0,0,3,0,0,5,0,5,0,3,5,0,8,0,0,0,8
12/01/2013,PDT,OR,ANM,WE,Federal Contract Tower,0,0,1,0,1,0,4,1,0,5,0,4,2,0,6,0,0,0,6
12/02/2013,PDT,OR,ANM,WE,Federal Contract Tower,0,4,2,0,6,0,5,0,0,5,0,9,2,0,11,0,0,0,11
12/03/2013,PDT,OR,ANM,WE,Federal Contract Tower,0,10,0,0,10,0,0,0,0,0,0,10,0,0,10,0,6,6,16
12/04/2013,PDT,OR,ANM,WE,Federal Contract Tower,0,5,0,3,8,0,7,8,7,22,0,12,8,10,30,0,22,22,52
12/05/2013,PDT,OR,ANM,WE,Federal Contract Tower,0,4,0,0,4,0,7,4,2,13,0,11,4,2,17,0,8,8,25
12/06/2013,PDT,OR,ANM,WE,Federal Contract Tower,0,7,0,0,7,0,1,0,0,1,0,8,0,0,8,0,50,50,58
12/07/2013,PDT,OR,ANM,WE,Federal Contract Tower,0,3,3,0,6,0,2,8,0,10,0,5,11,0,16,0,8,8,24
12/08/2013,PDT,OR,ANM,WE,Federal Contract Tower,0,2,3,0,5,0,2,4,0,6,0,4,7,0,11,0,0,0,11
12/09/2013,PDT,OR,ANM,WE,Federal Contract Tower,0,1,1,2,4,0,5,2,1,8,0,6,3,3,12,24,24,48,60
12/10/2013,PDT,OR,ANM,WE,Federal Contract Tower,0,5,2,1,8,0,6,2,7,15,0,11,4,8,23,66,30,96,119
12/11/2013,PDT,OR,ANM,WE,Federal Contract Tower,0,6,0,2,8,0,9,0,10,19,0,15,0,12,27,44,0,44,71
12/12/2013,PDT,OR,ANM,WE,Federal Contract Tower,0,4,0,2,6,0,6,0,13,19,0,10,0,15,25,24,30,54,79
12/13/2013,PDT,OR,ANM,WE,Federal Contract Tower,0,6,0,0,6,0,6,2,2,10,0,12,2,2,16,12,12,24,40
12/14/2013,PDT,OR,ANM,WE,Federal Contract Tower,0,1,0,0,1,0,4,5,0,9,0,5,5,0,10,6,0,6,16
12/15/2013,PDT,OR,ANM,WE,Federal Contract Tower,0,0,0,0,0,0,3,4,0,7,0,3,4,0,7,0,0,0,7
12/16/2013,PDT,OR,ANM,WE,Federal Contract Tower,0,3,1,0,4,0,14,5,5,24,0,17,6,5,28,0,18,18,46
12/17/2013,PDT,OR,ANM,WE,Federal Contract Tower,0,6,1,1,8,0,10,0,6,16,0,16,1,7,24,0,34,34,58
12/18/2013,PDT,OR,ANM,WE,Federal Contract Tower,0,4,0,0,4,0,7,2,0,9,0,11,2,0,13,0,0,0,13
12/19/2013,PDT,OR,ANM,WE,Federal Contract Tower,0,2,0,0,2,0,9,3,0,12,0,11,3,0,14,0,0,0,14
12/20/2013,PDT,OR,ANM,WE,Federal Contract Tower,0,8,1,0,9,0,4,0,0,4,0,12,1,0,13,0,0,0,13
12/21/2013,PDT,OR,ANM,WE,Federal Contract Tower,0,7,0,0,7,0,5,4,0,9,0,12,4,0,16,8,0,8,24
12/22/2013,PDT,OR,ANM,WE,Federal Contract Tower,0,2,0,0,2,0,0,0,0,0,0,2,0,0,2,0,0,0,2
12/23/2013,PDT,OR,ANM,WE,Federal Contract Tower,0,2,0,2,4,0,13,1,2,16,0,15,1,4,20,0,17,17,37
12/24/2013,PDT,OR,ANM,WE,Federal Contract Tower,0,6,0,0,6,0,5,5,0,10,0,11,5,0,16,0,0,0,16
12/25/2013,PDT,OR,ANM,WE,Federal Contract Tower,0,0,0,0,0,0,6,0,0,6,0,6,0,0,6,0,0,0,6
12/26/2013,PDT,OR,ANM,WE,Federal Contract Tower,0,14,4,0,18,0,6,4,0,10,0,20,8,0,28,0,0,0,28
12/27/2013,PDT,OR,ANM,WE,Federal Contract Tower,0,3,1,0,4,0,0,0,0,0,0,3,1,0,4,0,0,0,4
12/28/2013,PDT,OR,ANM,WE,Federal Contract Tower,0,3,2,0,5,0,6,1,0,7,0,9,3,0,12,0,0,0,12
12/29/2013,PDT,OR,ANM,WE,Federal Contract Tower,0,0,4,0,4,0,2,5,0,7,0,2,9,0,11,6,0,6,17
12/30/2013,PDT,OR,ANM,WE,Federal Contract Tower,0,8,0,0,8,0,4,2,0,6,0,12,2,0,14,0,0,0,14
12/31/2013,PDT,OR,ANM,WE,Federal Contract Tower,0,6,0,0,6,0,6,1,0,7,0,12,1,0,13,0,0,0,13
01/01/2014,PDT,OR,ANM,WE,Federal Contract Tower,0,3,0,0,3,0,1,7,0,8,0,4,7,0,11,5,0,5,16
01/02/2014,PDT,OR,ANM,WE,Federal Contract Tower,0,2,0,0,2,0,7,0,0,7,0,9,0,0,9,0,0,0,9
01/03/2014,PDT,OR,ANM,WE,Federal Contract Tower,0,5,2,2,9,0,10,17,6,33,0,15,19,8,42,0,32,32,74
01/04/2014,PDT,OR,ANM,WE,Federal Contract Tower,0,0,4,5,9,0,4,18,5,27,0,4,22,10,36,3,43,46,82
01/05/2014,PDT,OR,ANM,WE,Federal Contract Tower,0,6,4,2,12,0,1,12,0,13,0,7,16,2,25,0,4,4,29
01/06/2014,PDT,OR,ANM,WE,Federal Contract Tower,0,2,0,2,4,0,9,4,0,13,0,11,4,2,17,0,8,8,25
01/07/2014,PDT,OR,ANM,WE,Federal Contract Tower,0,4,0,4,8,0,10,2,1,13,0,14,2,5,21,3,2,5,26
01/08/2014,PDT,OR,ANM,WE,Federal Contract Tower,0,12,0,0,12,0,0,0,0,0,0,12,0,0,12,0,34,34,46
01/09/2014,PDT,OR,ANM,WE,Federal Contract Tower,0,6,0,4,10,0,4,0,4,8,0,10,0,8,18,0,0,0,18
01/10/2014,PDT,OR,ANM,WE,Federal Contract Tower,0,8,1,0,9,0,6,0,0,6,0,14,1,0,15,0,6,6,21
01/11/2014,PDT,OR,ANM,WE,Federal Contract Tower,0,4,1,0,5,0,0,5,0,5,0,4,6,0,10,2,0,2,12
01/12/2014,PDT,OR,ANM,WE,Federal Contract Tower,0,0,1,0,1,0,4,2,0,6,0,4,3,0,7,5,0,5,12
01/13/2014,PDT,OR,ANM,WE,Federal Contract Tower,0,3,2,0,5,0,6,2,5,13,0,9,4,5,18,6,0,6,24
01/14/2014,PDT,OR,ANM,WE,Federal Contract Tower,0,4,2,0,6,0,10,10,0,20,0,14,12,0,26,8,22,30,56
01/15/2014,PDT,OR,ANM,WE,Federal Contract Tower,0,7,4,0,11,0,11,2,0,13,0,18,6,0,24,0,0,0,24
01/16/2014,PDT,OR,ANM,WE,Federal Contract Tower,0,5,6,0,11,0,16,11,4,31,0,21,17,4,42,6,35,41,83
01/17/2014,PDT,OR,ANM,WE,Federal Contract Tower,0,10,3,0,13,0,2,0,0,2,0,12,3,0,15,29,0,29,44
01/18/2014,PDT,OR,ANM,WE,Federal Contract Tower,0,7,4,0,11,0,0,0,0,0,0,7,4,0,11,0,0,0,11
01/19/2014,PDT,OR,ANM,WE,Federal Contract Tower,0,2,1,0,3,0,0,0,0,0,0,2,1,0,3,0,0,0,3
01/20/2014,PDT,OR,ANM,WE,Federal Contract Tower,0,11,1,0,12,0,0,0,0,0,0,11,1,0,12,0,0,0,12
01/21/2014,PDT,OR,ANM,WE,Federal Contract Tower,0,13,6,0,19,0,0,0,0,0,0,13,6,0,19,0,0,0,19
01/22/2014,PDT,OR,ANM,WE,Federal Contract Tower,0,10,0,2,12,0,0,0,0,0,0,10,0,2,12,0,32,32,44
01/23/2014,PDT,OR,ANM,WE,Federal Contract Tower,0,9,2,0,11,0,0,0,0,0,0,9,2,0,11,0,0,0,11
01/24/2014,PDT,OR,ANM,WE,Federal Contract Tower,0,15,2,0,17,0,0,0,0,0,0,15,2,0,17,0,0,0,17
01/25/2014,PDT,OR,ANM,WE,Federal Contract Tower,0,3,0,0,3,0,0,0,0,0,0,3,0,0,3,0,0,0,3
01/26/2014,PDT,OR,ANM,WE,Federal Contract Tower,0,2,2,0,4,0,0,0,0,0,0,2,2,0,4,0,0,0,4
01/27/2014,PDT,OR,ANM,WE,Federal Contract Tower,0,6,8,0,14,0,0,0,0,0,0,6,8,0,14,0,0,0,14
01/28/2014,PDT,OR,ANM,WE,Federal Contract Tower,0,8,0,0,8,0,3,0,0,3,0,11,0,0,11,0,0,0,11
01/29/2014,PDT,OR,ANM,WE,Federal Contract Tower,0,1,2,0,3,0,9,4,4,17,0,10,6,4,20,0,50,50,70
01/30/2014,PDT,OR,ANM,WE,Federal Contract Tower,0,11,0,0,11,0,6,3,2,11,0,17,3,2,22,4,10,14,36
01/31/2014,PDT,OR,ANM,WE,Federal Contract Tower,0,9,2,0,11,0,1,3,0,4,0,10,5,0,15,10,0,10,25
02/01/2014,PDT,OR,ANM,WE,Federal Contract Tower,0,3,0,0,3,0,2,5,0,7,0,5,5,0,10,0,0,0,10
02/02/2014,PDT,OR,ANM,WE,Federal Contract Tower,0,2,0,0,2,0,0,0,0,0,0,2,0,0,2,0,0,0,2
02/03/2014,PDT,OR,ANM,WE,Federal Contract Tower,0,6,0,2,8,0,0,0,0,0,0,6,0,2,8,0,0,0,8
02/04/2014,PDT,OR,ANM,WE,Federal Contract Tower,0,8,0,2,10,0,11,2,0,13,0,19,2,2,23,0,0,0,23
02/05/2014,PDT,OR,ANM,WE,Federal Contract Tower,0,7,0,2,9,0,3,1,0,4,0,10,1,2,13,0,30,30,43
02/06/2014,PDT,OR,ANM,WE,Federal Contract Tower,0,6,4,0,10,0,2,3,0,5,0,8,7,0,15,0,6,6,21
02/07/2014,PDT,OR,ANM,WE,Federal Contract Tower,0,2,0,0,2,0,5,3,2,10,0,7,3,2,12,0,13,13,25
02/08/2014,PDT,OR,ANM,WE,Federal Contract Tower,0,0,1,10,11,0,0,1,0,1,0,0,2,10,12,0,0,0,12
02/09/2014,PDT,OR,ANM,WE,Federal Contract Tower,0,1,0,10,11,0,0,0,0,0,0,1,0,10,11,0,0,0,11
02/10/2014,PDT,OR,ANM,WE,Federal Contract Tower,0,6,0,9,15,0,5,2,0,7,0,11,2,9,22,0,7,7,29
02/11/2014,PDT,OR,ANM,WE,Federal Contract Tower,0,5,2,4,11,0,6,0,28,34,0,11,2,32,45,0,4,4,49
02/12/2014,PDT,OR,ANM,WE,Federal Contract Tower,0,2,0,1,3,0,7,0,1,8,0,9,0,2,11,0,0,0,11
02/13/2014,PDT,OR,ANM,WE,Federal Contract Tower,0,3,2,0,5,0,7,0,3,10,0,10,2,3,15,0,23,23,38
02/14/2014,PDT,OR,ANM,WE,Federal Contract Tower,0,4,0,0,4,0,8,0,2,10,0,12,0,2,14,8,0,8,22
02/15/2014,PDT,OR,ANM,WE,Federal Contract Tower,0,1,1,0,2,0,2,1,0,3,0,3,2,0,5,2,0,2,7
02/16/2014,PDT,OR,ANM,WE,Federal Contract Tower,0,11,0,0,11,0,4,0,0,4,0,15,0,0,15,0,0,0,15
02/17/2014,PDT,OR,ANM,WE,Federal Contract Tower,0,4,0,0,4,0,7,2,0,9,0,11,2,0,13,0,0,0,13
02/18/2014,PDT,OR,ANM,WE,Federal Contract Tower,0,4,0,2,6,0,8,1,2,11,0,12,1,4,17,0,14,14,31
02/19/2014,PDT,OR,ANM,WE,Federal Contract Tower,0,4,0,0,4,0,15,0,0,15,0,19,0,0,19,0,0,0,19
02/20/2014,PDT,OR,ANM,WE,Federal Contract Tower,0,9,0,2,11,0,11,0,5,16,0,20,0,7,27,0,4,4,31
02/21/2014,PDT,OR,ANM,WE,Federal Contract Tower,0,5,0,0,5,0,11,3,2,16,0,16,3,2,21,0,2,2,23
02/22/2014,PDT,OR,ANM,WE,Federal Contract Tower,0,2,8,0,10,0,4,12,0,16,0,6,20,0,26,23,0,23,49
02/23/2014,PDT,OR,ANM,WE,Federal Contract Tower,0,2,0,0,2,0,4,4,0,8,0,6,4,0,10,28,0,28,38
02/24/2014,PDT,OR,ANM,WE,Federal Contract Tower,0,9,2,0,11,0,0,0,0,0,0,9,2,0,11,0,0,0,11
02/25/2014,PDT,OR,ANM,WE,Federal Contract Tower,0,14,2,0,16,0,0,2,0,2,0,14,4,0,18,0,0,0,18
02/26/2014,PDT,OR,ANM,WE,Federal Contract Tower,0,10,4,4,18,0,0,0,0,0,0,10,4,4,18,12,32,44,62
02/27/2014,PDT,OR,ANM,WE,Federal Contract Tower,0,13,0,0,13,0,0,2,0,2,0,13,2,0,15,2,0,2,17
02/28/2014,PDT,OR,ANM,WE,Federal Contract Tower,0,12,3,0,15,0,4,6,2,12,0,16,9,2,27,8,4,12,39
03/01/2014,PDT,OR,ANM,WE,Federal Contract Tower,0,1,1,0,2,0,0,2,0,2,0,1,3,0,4,6,0,6,10
03/02/2014,PDT,OR,ANM,WE,Federal Contract Tower,0,1,1,0,2,0,0,0,0,0,0,1,1,0,2,0,0,0,2
03/03/2014,PDT,OR,ANM,WE,Federal Contract Tower,0,10,4,0,14,0,7,4,0,11,0,17,8,0,25,0,0,0,25
03/04/2014,PDT,OR,ANM,WE,Federal Contract Tower,0,3,4,0,7,0,9,5,5,19,0,12,9,5,26,0,6,6,32
03/05/2014,PDT,OR,ANM,WE,Federal Contract Tower,0,6,4,0,10,0,5,0,0,5,0,11,4,0,15,0,22,22,37
03/06/2014,PDT,OR,ANM,WE,Federal Contract Tower,0,7,1,0,8,0,6,3,2,11,0,13,4,2,19,12,12,24,43
03/07/2014,PDT,OR,ANM,WE,Federal Contract Tower,0,3,3,0,6,0,10,5,12,27,0,13,8,12,33,8,6,14,47
03/08/2014,PDT,OR,ANM,WE,Federal Contract Tower,0,0,2,4,6,0,8,9,2,19,0,8,11,6,25,0,28,28,53
03/09/2014,PDT,OR,ANM,WE,Federal Contract Tower,0,0,2,2,4,0,5,4,0,9,0,5,6,2,13,0,0,0,13
03/10/2014,PDT,OR,ANM,WE,Federal Contract Tower,0,2,2,0,4,0,7,0,0,7,0,9,2,0,11,0,0,0,11
03/11/2014,PDT,OR,ANM,WE,Federal Contract Tower,0,4,0,0,4,0,10,14,9,33,0,14,14,9,37,6,18,24,61
03/12/2014,PDT,OR,ANM,WE,Federal Contract Tower,0,4,2,0,6,0,8,10,5,23,0,12,12,5,29,0,0,0,29
03/13/2014,PDT,OR,ANM,WE,Federal Contract Tower,0,3,0,1,4,0,9,8,4,21,0,12,8,5,25,2,10,12,37
03/14/2014,PDT,OR,ANM,WE,Federal Contract Tower,0,3,0,0,3,0,7,2,2,11,0,10,2,2,14,28,0,28,42
03/15/2014,PDT,OR,ANM,WE,Federal Contract Tower,0,0,2,0,2,0,5,11,0,16,0,5,13,0,18,4,0,4,22
03/16/2014,PDT,OR,ANM,WE,Federal Contract Tower,0,2,0,0,2,0,4,9,0,13,0,6,9,0,15,12,0,12,27
03/17/2014,PDT,OR,ANM,WE,Federal Contract Tower,0,2,0,0,2,0,9,0,0,9,0,11,0,0,11,0,0,0,11
03/18/2014,PDT,OR,ANM,WE,Federal Contract Tower,0,5,0,2,7,0,9,8,2,19,0,14,8,4,26,2,13,15,41
03/19/2014,PDT,OR,ANM,WE,Federal Contract Tower,0,4,0,0,4,0,11,2,4,17,0,15,2,4,21,0,4,4,25
03/20/2014,PDT,OR,ANM,WE,Federal Contract Tower,0,4,1,0,5,0,6,5,3,14,0,10,6,3,19,0,10,10,29
03/21/2014,PDT,OR,ANM,WE,Federal Contract Tower,0,5,3,0,8,0,19,9,1,29,0,24,12,1,37,0,10,10,47
03/22/2014,PDT,OR,ANM,WE,Federal Contract Tower,0,1,0,0,1,0,8,21,2,31,0,9,21,2,32,12,4,16,48
03/23/2014,PDT,OR,ANM,WE,Federal Contract Tower,0,0,0,0,0,0,5,11,0,16,0,5,11,0,16,6,0,6,22
03/24/2014,PDT,OR,ANM,WE,Federal Contract Tower,0,2,4,4,10,0,7,5,2,14,0,9,9,6,24,10,4,14,38
03/25/2014,PDT,OR,ANM,WE,Federal Contract Tower,0,4,0,0,4,0,12,9,6,27,0,16,9,6,31,12,8,20,51
03/26/2014,PDT,OR,ANM,WE,Federal Contract Tower,0,5,2,0,7,0,8,9,0,17,0,13,11,0,24,0,6,6,30
03/27/2014,PDT,OR,ANM,WE,Federal Contract Tower,0,7,0,0,7,0,4,4,5,13,0,11,4,5,20,22,6,28,48
03/28/2014,PDT,OR,ANM,WE,Federal Contract Tower,0,10,2,0,12,0,0,0,2,2,0,10,2,2,14,16,2,18,32
03/29/2014,PDT,OR,ANM,WE,Federal Contract Tower,0,1,0,0,1,0,6,9,0,15,0,7,9,0,16,36,0,36,52
03/30/2014,PDT,OR,ANM,WE,Federal Contract Tower,0,1,0,0,1,0,1,2,0,3,0,2,2,0,4,10,0,10,14
03/31/2014,PDT,OR,ANM,WE,Federal Contract Tower,0,3,0,0,3,0,11,10,2,23,0,14,10,2,26,6,2,8,34
04/01/2014,PDT,OR,ANM,WE,Federal Contract Tower,0,6,1,0,7,0,6,9,1,16,0,12,10,1,23,22,0,22,45
04/02/2014,PDT,OR,ANM,WE,Federal Contract Tower,0,6,1,0,7,0,5,15,0,20,0,11,16,0,27,32,0,32,59
04/03/2014,PDT,OR,ANM,WE,Federal Contract Tower,0,4,0,1,5,0,9,17,1,27,0,13,17,2,32,2,12,14,46
04/04/2014,PDT,OR,ANM,WE,Federal Contract Tower,0,5,2,0,7,0,5,9,4,18,0,10,11,4,25,8,4,12,37
04/05/2014,PDT,OR,ANM,WE,Federal Contract Tower,0,6,0,0,6,0,5,2,0,7,0,11,2,0,13,8,0,8,21
04/06/2014,PDT,OR,ANM,WE,Federal Contract Tower,0,0,0,0,0,0,3,4,2,9,0,3,4,2,9,0,0,0,9
04/07/2014,PDT,OR,ANM,WE,Federal Contract Tower,0,5,0,2,7,0,13,27,1,41,0,18,27,3,48,20,12,32,80
04/08/2014,PDT,OR,ANM,WE,Federal Contract Tower,0,4,0,0,4,0,9,17,0,26,0,13,17,0,30,8,4,12,42
04/09/2014,PDT,OR,ANM,WE,Federal Contract Tower,0,4,3,0,7,0,7,14,0,21,0,11,17,0,28,4,22,26,54
04/10/2014,PDT,OR,ANM,WE,Federal Contract Tower,0,3,0,0,3,0,10,23,5,38,0,13,23,5,41,18,4,22,63
04/11/2014,PDT,OR,ANM,WE,Federal Contract Tower,0,4,0,0,4,0,11,15,2,28,0,15,15,2,32,0,0,0,32
04/12/2014,PDT,OR,ANM,WE,Federal Contract Tower,0,0,8,0,8,0,9,12,0,21,0,9,20,0,29,2,0,2,31
04/13/2014,PDT,OR,ANM,WE,Federal Contract Tower,0,0,0,0,0,0,4,29,2,35,0,4,29,2,35,6,0,6,41
04/14/2014,PDT,OR,ANM,WE,Federal Contract Tower,0,1,0,4,5,0,12,11,0,23,0,13,11,4,28,14,0,14,42
04/15/2014,PDT,OR,ANM,WE,Federal Contract Tower,0,5,0,4,9,0,29,2,0,31,0,34,2,4,40,0,0,0,40
04/16/2014,PDT,OR,ANM,WE,Federal Contract Tower,0,6,0,11,17,0,6,13,10,29,0,12,13,21,46,12,8,20,66
04/17/2014,PDT,OR,ANM,WE,Federal Contract Tower,0,9,3,2,14,0,3,0,0,3,0,12,3,2,17,0,0,0,17
04/18/2014,PDT,OR,ANM,WE,Federal Contract Tower,0,4,2,0,6,0,11,6,0,17,0,15,8,0,23,0,0,0,23
04/19/2014,PDT,OR,ANM,WE,Federal Contract Tower,0,0,1,0,1,0,5,20,0,25,0,5,21,0,26,4,0,4,30
04/20/2014,PDT,OR,ANM,WE,Federal Contract Tower,0,0,2,0,2,0,5,11,0,16,0,5,13,0,18,0,0,0,18
04/21/2014,PDT,OR,ANM,WE,Federal Contract Tower,0,2,0,4,6,0,12,15,3,30,0,14,15,7,36,10,0,10,46
04/22/2014,PDT,OR,ANM,WE,Federal Contract Tower,0,7,4,0,11,0,3,0,2,5,0,10,4,2,16,0,4,4,20
04/23/2014,PDT,OR,ANM,WE,Federal Contract Tower,0,7,4,1,12,0,12,7,6,25,0,19,11,7,37,2,10,12,49
04/24/2014,PDT,OR,ANM,WE,Federal Contract Tower,0,5,4,2,11,0,6,2,8,16,0,11,6,10,27,16,20,36,63
04/25/2014,PDT,OR,ANM,WE,Federal Contract Tower,0,7,1,0,8,0,7,9,2,18,0,14,10,2,26,14,0,14,40
04/26/2014,PDT,OR,ANM,WE,Federal Contract Tower,0,2,0,0,2,0,2,10,0,12,0,4,10,0,14,0,0,0,14
04/27/2014,PDT,OR,ANM,WE,Federal Contract Tower,0,1,1,0,2,0,2,7,0,9,0,3,8,0,11,2,0,2,13
04/28/2014,PDT,OR,ANM,WE,Federal Contract Tower,0,3,16,1,20,0,15,5,4,24,0,18,21,5,44,4,31,35,79
04/29/2014,PDT,OR,ANM,WE,Federal Contract Tower,0,1,0,0,1,0,9,19,6,34,0,10,19,6,35,16,22,38,73
04/30/2014,PDT,OR,ANM,WE,Federal Contract Tower,0,4,0,0,4,0,8,18,6,32,0,12,18,6,36,2,0,2,38
05/01/2014,PDT,OR,ANM,WE,Federal Contract Tower,0,4,2,1,7,0,12,42,2,56,0,16,44,3,63,2,4,6,69
05/02/2014,PDT,OR,ANM,WE,Federal Contract Tower,0,4,0,0,4,0,9,9,6,24,0,13,9,6,28,14,4,18,46
05/03/2014,PDT,OR,ANM,WE,Federal Contract Tower,0,0,0,0,0,0,6,6,3,15,0,6,6,3,15,0,6,6,21
05/04/2014,PDT,OR,ANM,WE,Federal Contract Tower,0,2,0,2,4,0,0,3,2,5,0,2,3,4,9,0,0,0,9
05/05/2014,PDT,OR,ANM,WE,Federal Contract Tower,0,2,0,0,2,0,7,12,2,21,0,9,12,2,23,0,14,14,37
05/06/2014,PDT,OR,ANM,WE,Federal Contract Tower,0,4,0,0,4,0,11,5,2,18,0,15,5,2,22,0,0,0,22
05/07/2014,PDT,OR,ANM,WE,Federal Contract Tower,0,2,2,0,4,0,11,16,5,32,0,13,18,5,36,2,23,25,61
05/08/2014,PDT,OR,ANM,WE,Federal Contract Tower,0,5,0,0,5,0,7,12,6,25,0,12,12,6,30,0,36,36,66
05/09/2014,PDT,OR,ANM,WE,Federal Contract Tower,0,7,0,0,7,0,10,4,3,17,0,17,4,3,24,0,18,18,42
05/10/2014,PDT,OR,ANM,WE,Federal Contract Tower,0,4,0,0,4,0,9,5,0,14,0,13,5,0,18,0,0,0,18
05/11/2014,PDT,OR,ANM,WE,Federal Contract Tower,0,0,0,0,0,0,3,0,0,3,0,3,0,0,3,0,0,0,3
05/12/2014,PDT,OR,ANM,WE,Federal Contract Tower,0,2,3,1,6,0,7,16,2,25,0,9,19,3,31,6,6,12,43
05/13/2014,PDT,OR,ANM,WE,Federal Contract Tower,0,4,0,2,6,0,14,17,4,35,0,18,17,6,41,2,10,12,53
05/14/2014,PDT,OR,ANM,WE,Federal Contract Tower,0,4,1,1,6,0,14,17,3,34,0,18,18,4,40,2,25,27,67
05/15/2014,PDT,OR,ANM,WE,Federal Contract Tower,0,4,2,3,9,0,9,43,6,58,0,13,45,9,67,42,10,52,119
05/16/2014,PDT,OR,ANM,WE,Federal Contract Tower,0,2,3,0,5,0,9,34,4,47,0,11,37,4,52,32,4,36,88
05/17/2014,PDT,OR,ANM,WE,Federal Contract Tower,0,0,2,0,2,0,5,66,2,73,0,5,68,2,75,4,0,4,79
05/18/2014,PDT,OR,ANM,WE,Federal Contract Tower,0,2,2,0,4,0,5,4,0,9,0,7,6,0,13,0,0,0,13
05/19/2014,PDT,OR,ANM,WE,Federal Contract Tower,0,9,2,0,11,0,10,13,0,23,0,19,15,0,34,13,0,13,47
05/20/2014,PDT,OR,ANM,WE,Federal Contract Tower,0,3,1,2,6,0,7,29,2,38,0,10,30,4,44,2,0,2,46
05/21/2014,PDT,OR,ANM,WE,Federal Contract Tower,0,4,4,2,10,0,6,19,11,36,0,10,23,13,46,8,0,8,54
05/22/2014,PDT,OR,ANM,WE,Federal Contract Tower,0,4,1,0,5,0,6,17,7,30,0,10,18,7,35,6,0,6,41
05/23/2014,PDT,OR,ANM,WE,Federal Contract Tower,0,6,2,0,8,0,5,15,2,22,0,11,17,2,30,4,0,4,34
05/24/2014,PDT,OR,ANM,WE,Federal Contract Tower,0,2,0,0,2,0,10,10,0,20,0,12,10,0,22,2,0,2,24
05/25/2014,PDT,OR,ANM,WE,Federal Contract Tower,0,0,2,0,2,0,6,10,0,16,0,6,12,0,18,6,0,6,24
05/26/2014,PDT,OR,ANM,WE,Federal Contract Tower,0,0,3,0,3,0,10,5,0,15,0,10,8,0,18,0,0,0,18
05/27/2014,PDT,OR,ANM,WE,Federal Contract Tower,0,2,0,1,3,0,8,9,1,18,0,10,9,2,21,24,14,38,59
05/28/2014,PDT,OR,ANM,WE,Federal Contract Tower,0,8,0,0,8,0,5,9,4,18,0,13,9,4,26,0,2,2,28
05/29/2014,PDT,OR,ANM,WE,Federal Contract Tower,0,5,1,0,6,0,6,9,12,27,0,11,10,12,33,0,14,14,47
05/30/2014,PDT,OR,ANM,WE,Federal Contract Tower,0,4,2,0,6,0,6,12,0,18,0,10,14,0,24,0,8,8,32
05/31/2014,PDT,OR,ANM,WE,Federal Contract Tower,0,0,0,0,0,0,3,20,0,23,0,3,20,0,23,0,0,0,23
06/01/2014,PDT,OR,ANM,WE,Federal Contract Tower,0,0,2,0,2,0,5,19,1,25,0,5,21,1,27,11,0,11,38
06/02/2014,PDT,OR,ANM,WE,Federal Contract Tower,0,1,0,0,1,0,11,13,0,24,0,12,13,0,25,2,0,2,27
06/03/2014,PDT,OR,ANM,WE,Federal Contract Tower,0,6,0,0,6,0,6,11,2,19,0,12,11,2,25,16,4,20,45
06/04/2014,PDT,OR,ANM,WE,Federal Contract Tower,6,1,2,0,9,0,9,16,0,25,6,10,18,0,34,24,0,24,58
06/05/2014,PDT,OR,ANM,WE,Federal Contract Tower,0,4,0,1,5,0,7,18,4,29,0,11,18,5,34,0,6,6,40
06/06/2014,PDT,OR,ANM,WE,Federal Contract Tower,0,3,1,2,6,0,8,14,0,22,0,11,15,2,28,2,0,2,30
06/07/2014,PDT,OR,ANM,WE,Federal Contract Tower,0,0,0,1,1,0,4,13,4,21,0,4,13,5,22,18,14,32,54
06/08/2014,PDT,OR,ANM,WE,Federal Contract Tower,0,0,2,0,2,0,15,10,6,31,0,15,12,6,33,15,0,15,48
06/09/2014,PDT,OR,ANM,WE,Federal Contract Tower,0,2,0,0,2,0,7,14,0,21,0,9,14,0,23,0,0,0,23
06/10/2014,PDT,OR,ANM,WE,Federal Contract Tower,0,5,2,0,7,0,6,10,0,16,0,11,12,0,23,4,0,4,27
06/11/2014,PDT,OR,ANM,WE,Federal Contract Tower,0,5,1,5,11,0,7,17,6,30,0,12,18,11,41,8,10,18,59
06/12/2014,PDT,OR,ANM,WE,Federal Contract Tower,0,2,1,3,6,0,6,13,5,24,0,8,14,8,30,0,8,8,38
06/13/2014,PDT,OR,ANM,WE,Federal Contract Tower,0,8,6,0,14,0,5,3,3,11,0,13,9,3,25,0,4,4,29
06/14/2014,PDT,OR,ANM,WE,Federal Contract Tower,0,0,1,1,2,0,8,6,7,21,0,8,7,8,23,0,0,0,23
06/15/2014,PDT,OR,ANM,WE,Federal Contract Tower,0,1,1,0,2,0,1,6,6,13,0,2,7,6,15,5,0,5,20
06/16/2014,PDT,OR,ANM,WE,Federal Contract Tower,0,4,0,0,4,0,6,3,5,14,0,10,3,5,18,0,22,22,40
06/17/2014,PDT,OR,ANM,WE,Federal Contract Tower,0,7,2,5,14,0,2,9,0,11,0,9,11,5,25,0,20,20,45
06/18/2014,PDT,OR,ANM,WE,Federal Contract Tower,0,5,2,0,7,0,10,15,4,29,0,15,17,4,36,4,12,16,52
06/19/2014,PDT,OR,ANM,WE,Federal Contract Tower,0,4,2,0,6,0,9,13,8,30,0,13,15,8,36,2,20,22,58
06/20/2014,PDT,OR,ANM,WE,Federal Contract Tower,0,5,1,3,9,0,7,9,11,27,0,12,10,14,36,2,0,2,38
06/21/2014,PDT,OR,ANM,WE,Federal Contract Tower,0,1,0,0,1,0,5,14,0,19,0,6,14,0,20,4,0,4,24
06/22/2014,PDT,OR,ANM,WE,Federal Contract Tower,0,0,0,0,0,0,8,10,10,28,0,8,10,10,28,4,0,4,32
06/23/2014,PDT,OR,ANM,WE,Federal Contract Tower,0,1,1,0,2,0,10,9,0,19,0,11,10,0,21,2,0,2,23
06/24/2014,PDT,OR,ANM,WE,Federal Contract Tower,0,5,0,0,5,0,9,4,0,13,0,14,4,0,18,4,0,4,22
06/25/2014,PDT,OR,ANM,WE,Federal Contract Tower,0,5,1,3,9,0,13,17,1,31,0,18,18,4,40,10,4,14,54
06/26/2014,PDT,OR,ANM,WE,Federal Contract Tower,0,7,1,0,8,0,5,5,2,12,0,12,6,2,20,0,26,26,46
06/27/2014,PDT,OR,ANM,WE,Federal Contract Tower,0,5,0,1,6,0,11,11,9,31,0,16,11,10,37,1,2,3,40
06/28/2014,PDT,OR,ANM,WE,Federal Contract Tower,0,0,3,0,3,0,8,15,0,23,0,8,18,0,26,4,0,4,30
06/29/2014,PDT,OR,ANM,WE,Federal Contract Tower,0,0,2,0,2,0,7,1,6,14,0,7,3,6,16,0,0,0,16
06/30/2014,PDT,OR,ANM,WE,Federal Contract Tower,0,2,2,0,4,0,10,15,0,25,0,12,17,0,29,10,0,10,39
07/01/2014,PDT,OR,ANM,WE,Federal Contract Tower,0,4,0,4,8,0,7,21,0,28,0,11,21,4,36,8,4,12,48
07/02/2014,PDT,OR,ANM,WE,Federal Contract Tower,0,5,3,0,8,0,6,25,4,35,0,11,28,4,43,2,0,2,45
07/03/2014,PDT,OR,ANM,WE,Federal Contract Tower,0,6,3,0,9,0,10,15,0,25,0,16,18,0,34,2,0,2,36
07/04/2014,PDT,OR,ANM,WE,Federal Contract Tower,0,0,0,0,0,0,7,12,0,19,0,7,12,0,19,2,0,2,21
07/05/2014,PDT,OR,ANM,WE,Federal Contract Tower,0,1,4,0,5,0,7,2,0,9,0,8,6,0,14,0,0,0,14
07/06/2014,PDT,OR,ANM,WE,Federal Contract Tower,0,0,0,0,0,0,12,17,0,29,0,12,17,0,29,5,0,5,34
07/07/2014,PDT,OR,ANM,WE,Federal Contract Tower,0,3,5,0,8,0,7,9,0,16,0,10,14,0,24,2,0,2,26
07/08/2014,PDT,OR,ANM,WE,Federal Contract Tower,0,4,4,0,8,0,7,15,4,26,0,11,19,4,34,0,0,0,34
07/09/2014,PDT,OR,ANM,WE,Federal Contract Tower,0,4,0,0,4,0,11,4,0,15,0,15,4,0,19,2,0,2,21
07/10/2014,PDT,OR,ANM,WE,Federal Contract Tower,0,5,0,1,6,0,9,10,0,19,0,14,10,1,25,0,0,0,25
07/11/2014,PDT,OR,ANM,WE,Federal Contract Tower,0,4,2,0,6,0,23,16,2,41,0,27,18,2,47,2,4,6,53
07/12/2014,PDT,OR,ANM,WE,Federal Contract Tower,0,1,0,0,1,0,2,8,7,17,0,3,8,7,18,0,6,6,24
07/13/2014,PDT,OR,ANM,WE,Federal Contract Tower,0,0,0,0,0,0,7,12,2,21,0,7,12,2,21,2,0,2,23
07/14/2014,PDT,OR,ANM,WE,Federal Contract Tower,0,2,0,0,2,0,6,21,0,27,0,8,21,0,29,0,0,0,29
07/15/2014,PDT,OR,ANM,WE,Federal Contract Tower,0,3,0,0,3,0,11,11,0,22,0,14,11,0,25,12,0,12,37
07/16/2014,PDT,OR,ANM,WE,Federal Contract Tower,0,4,0,0,4,0,7,20,1,28,0,11,20,1,32,6,0,6,38
07/17/2014,PDT,OR,ANM,WE,Federal Contract Tower,0,2,1,0,3,0,12,9,0,21,0,14,10,0,24,8,0,8,32
07/18/2014,PDT,OR,ANM,WE,Federal Contract Tower,0,4,4,0,8,0,15,18,0,33,0,19,22,0,41,4,0,4,45
07/19/2014,PDT,OR,ANM,WE,Federal Contract Tower,0,1,0,0,1,0,4,9,2,15,0,5,9,2,16,2,0,2,18
07/20/2014,PDT,OR,ANM,WE,Federal Contract Tower,0,0,0,0,0,0,7,6,2,15,0,7,6,2,15,0,0,0,15
07/21/2014,PDT,OR,ANM,WE,Federal Contract Tower,0,5,3,0,8,0,16,13,4,33,0,21,16,4,41,8,0,8,49
07/22/2014,PDT,OR,ANM,WE,Federal Contract Tower,0,6,0,0,6,0,7,12,2,21,0,13,12,2,27,4,0,4,31
07/23/2014,PDT,OR,ANM,WE,Federal Contract Tower,0,5,0,0,5,0,6,6,0,12,0,11,6,0,17,0,0,0,17
07/24/2014,PDT,OR,ANM,WE,Federal Contract Tower,0,6,7,3,16,0,10,11,3,24,0,16,18,6,40,0,4,4,44
07/25/2014,PDT,OR,ANM,WE,Federal Contract Tower,0,2,2,0,4,0,13,20,4,37,0,15,22,4,41,0,2,2,43
07/26/2014,PDT,OR,ANM,WE,Federal Contract Tower,0,0,2,0,2,0,4,21,6,31,0,4,23,6,33,6,10,16,49
07/27/2014,PDT,OR,ANM,WE,Federal Contract Tower,0,0,2,0,2,0,3,13,2,18,0,3,15,2,20,2,0,2,22
07/28/2014,PDT,OR,ANM,WE,Federal Contract Tower,0,1,4,0,5,0,9,8,2,19,0,10,12,2,24,16,0,16,40
07/29/2014,PDT,OR,ANM,WE,Federal Contract Tower,0,2,0,0,2,0,13,17,0,30,0,15,17,0,32,0,0,0,32
07/30/2014,PDT,OR,ANM,WE,Federal Contract Tower,0,5,0,0,5,0,9,11,0,20,0,14,11,0,25,2,0,2,27
07/31/2014,PDT,OR,ANM,WE,Federal Contract Tower,0,4,0,1,5,0,7,14,3,24,0,11,14,4,29,10,4,14,43
08/01/2014,PDT,OR,ANM,WE,Federal Contract Tower,0,4,0,0,4,0,6,6,2,14,0,10,6,2,18,2,4,6,24
08/02/2014,PDT,OR,ANM,WE,Federal Contract Tower,0,1,0,0,1,0,4,15,2,21,0,5,15,2,22,14,4,18,40
08/03/2014,PDT,OR,ANM,WE,Federal Contract Tower,0,0,0,0,0,0,5,3,11,19,0,5,3,11,19,0,6,6,25
08/04/2014,PDT,OR,ANM,WE,Federal Contract Tower,0,1,0,0,1,0,14,7,22,43,0,15,7,22,44,4,20,24,68
08/05/2014,PDT,OR,ANM,WE,Federal Contract Tower,0,4,0,2,6,0,10,10,4,24,0,14,10,6,30,4,0,4,34
08/06/2014,PDT,OR,ANM,WE,Federal Contract Tower,0,5,2,0,7,0,8,5,6,19,0,13,7,6,26,0,0,0,26
08/07/2014,PDT,OR,ANM,WE,Federal Contract Tower,0,4,1,0,5,0,6,14,5,25,0,10,15,5,30,0,0,0,30
08/08/2014,PDT,OR,ANM,WE,Federal Contract Tower,0,2,4,0,6,0,10,11,2,23,0,12,15,2,29,0,0,0,29
08/09/2014,PDT,OR,ANM,WE,Federal Contract Tower,0,2,1,0,3,0,10,14,2,26,0,12,15,2,29,2,0,2,31
08/10/2014,PDT,OR,ANM,WE,Federal Contract Tower,0,1,0,0,1,0,9,9,0,18,0,10,9,0,19,6,0,6,25
08/11/2014,PDT,OR,ANM,WE,Federal Contract Tower,0,2,0,0,2,0,9,12,0,21,0,11,12,0,23,4,4,8,31
08/12/2014,PDT,OR,ANM,WE,Federal Contract Tower,0,4,0,0,4,0,7,20,0,27,0,11,20,0,31,12,0,12,43
08/13/2014,PDT,OR,ANM,WE,Federal Contract Tower,0,5,5,0,10,0,5,61,6,72,0,10,66,6,82,24,0,24,106
08/14/2014,PDT,OR,ANM,WE,Federal Contract Tower,0,3,0,0,3,0,9,105,0,114,0,12,105,0,117,60,0,60,177
08/15/2014,PDT,OR,ANM,WE,Federal Contract Tower,0,2,1,0,3,0,10,81,5,96,0,12,82,5,99,8,0,8,107
08/16/2014,PDT,OR,ANM,WE,Federal Contract Tower,0,0,0,0,0,0,3,57,4,64,0,3,57,4,64,0,0,0,64
08/17/2014,PDT,OR,ANM,WE,Federal Contract Tower,0,0,0,0,0,0,5,35,0,40,0,5,35,0,40,5,0,5,45
08/18/2014,PDT,OR,ANM,WE,Federal Contract Tower,0,2,2,2,6,0,7,11,0,18,0,9,13,2,24,7,0,7,31
08/19/2014,PDT,OR,ANM,WE,Federal Contract Tower,0,4,2,4,10,0,12,7,7,26,0,16,9,11,36,12,4,16,52
08/20/2014,PDT,OR,ANM,WE,Federal Contract Tower,0,5,0,0,5,0,6,9,4,19,0,11,9,4,24,8,0,8,32
08/21/2014,PDT,OR,ANM,WE,Federal Contract Tower,0,4,0,1,5,0,15,8,4,27,0,19,8,5,32,0,0,0,32
08/22/2014,PDT,OR,ANM,WE,Federal Contract Tower,0,2,2,0,4,0,10,11,0,21,0,12,13,0,25,0,0,0,25
08/23/2014,PDT,OR,ANM,WE,Federal Contract Tower,0,1,0,0,1,0,2,13,2,17,0,3,13,2,18,5,0,5,23
08/24/2014,PDT,OR,ANM,WE,Federal Contract Tower,0,0,0,3,3,0,2,14,1,17,0,2,14,4,20,0,0,0,20
08/25/2014,PDT,OR,ANM,WE,Federal Contract Tower,0,2,1,5,8,0,5,14,13,32,0,7,15,18,40,10,10,20,60
08/26/2014,PDT,OR,ANM,WE,Federal Contract Tower,0,4,1,6,11,0,7,15,10,32,0,11,16,16,43,0,0,0,43
08/27/2014,PDT,OR,ANM,WE,Federal Contract Tower,0,4,1,0,5,0,8,12,4,24,0,12,13,4,29,12,2,14,43
08/28/2014,PDT,OR,ANM,WE,Federal Contract Tower,0,4,0,0,4,0,7,16,0,23,0,11,16,0,27,4,0,4,31
08/29/2014,PDT,OR,ANM,WE,Federal Contract Tower,0,4,7,0,11,0,4,5,0,9,0,8,12,0,20,0,0,0,20
08/30/2014,PDT,OR,ANM,WE,Federal Contract Tower,0,0,2,0,2,0,3,7,0,10,0,3,9,0,12,0,0,0,12
08/31/2014,PDT,OR,ANM,WE,Federal Contract Tower,0,2,1,0,3,0,3,4,0,7,0,5,5,0,10,0,0,0,10
09/01/2014,PDT,OR,ANM,WE,Federal Contract Tower,0,1,0,0,1,0,5,13,0,18,0,6,13,0,19,0,0,0,19
09/02/2014,PDT,OR,ANM,WE,Federal Contract Tower,0,3,1,0,4,0,17,16,0,33,0,20,17,0,37,0,0,0,37
09/03/2014,PDT,OR,ANM,WE,Federal Contract Tower,0,4,0,0,4,0,9,2,0,11,0,13,2,0,15,2,0,2,17
09/04/2014,PDT,OR,ANM,WE,Federal Contract Tower,0,4,0,0,4,0,10,16,0,26,0,14,16,0,30,0,0,0,30
09/05/2014,PDT,OR,ANM,WE,Federal Contract Tower,0,1,2,0,3,0,10,15,2,27,0,11,17,2,30,2,0,2,32
09/06/2014,PDT,OR,ANM,WE,Federal Contract Tower,0,1,0,1,2,0,0,0,0,0,0,1,0,1,2,0,0,0,2
09/07/2014,PDT,OR,ANM,WE,Federal Contract Tower,0,1,0,0,1,0,8,15,0,23,0,9,15,0,24,0,0,0,24
09/08/2014,PDT,OR,ANM,WE,Federal Contract Tower,0,2,4,2,8,0,6,3,0,9,0,8,7,2,17,10,6,16,33
09/09/2014,PDT,OR,ANM,WE,Federal Contract Tower,0,4,3,0,7,0,9,17,0,26,0,13,20,0,33,0,0,0,33
09/10/2014,PDT,OR,ANM,WE,Federal Contract Tower,0,2,2,1,5,0,11,11,8,30,0,13,13,9,35,0,0,0,35
09/11/2014,PDT,OR,ANM,WE,Federal Contract Tower,0,5,7,2,14,0,8,11,2,21,0,13,18,4,35,0,10,10,45
09/12/2014,PDT,OR,ANM,WE,Federal Contract Tower,0,3,7,0,10,0,7,32,3,42,0,10,39,3,52,28,9,37,89
09/13/2014,PDT,OR,ANM,WE,Federal Contract Tower,0,0,10,0,10,0,3,22,0,25,0,3,32,0,35,42,0,42,77
09/14/2014,PDT,OR,ANM,WE,Federal Contract Tower,0,1,2,0,3,0,8,20,0,28,0,9,22,0,31,0,0,0,31
09/15/2014,PDT,OR,ANM,WE,Federal Contract Tower,0,1,2,0,3,0,12,16,0,28,0,13,18,0,31,0,4,4,35
09/16/2014,PDT,OR,ANM,WE,Federal Contract Tower,0,2,1,0,3,0,13,12,4,29,0,15,13,4,32,2,8,10,42
09/17/2014,PDT,OR,ANM,WE,Federal Contract Tower,0,1,3,0,4,0,8,13,7,28,0,9,16,7,32,0,7,7,39
09/18/2014,PDT,OR,ANM,WE,Federal Contract Tower,0,6,0,1,7,0,9,5,1,15,0,15,5,2,22,0,5,5,27
09/19/2014,PDT,OR,ANM,WE,Federal Contract Tower,0,7,0,0,7,0,10,6,1,17,0,17,6,1,24,0,0,0,24
09/20/2014,PDT,OR,ANM,WE,Federal Contract Tower,0,1,0,0,1,0,2,6,0,8,0,3,6,0,9,0,0,0,9
09/21/2014,PDT,OR,ANM,WE,Federal Contract Tower,0,3,0,0,3,0,4,2,0,6,0,7,2,0,9,0,0,0,9
09/22/2014,PDT,OR,ANM,WE,Federal Contract Tower,0,3,0,0,3,0,8,12,0,20,0,11,12,0,23,6,0,6,29
09/23/2014,PDT,OR,ANM,WE,Federal Contract Tower,0,4,0,0,4,0,6,6,10,22,0,10,6,10,26,0,24,24,50
09/24/2014,PDT,OR,ANM,WE,Federal Contract Tower,0,6,2,0,8,0,4,8,1,13,0,10,10,1,21,6,4,10,31
09/25/2014,PDT,OR,ANM,WE,Federal Contract Tower,0,7,0,0,7,0,6,6,1,13,0,13,6,1,20,0,0,0,20
09/26/2014,PDT,OR,ANM,WE,Federal Contract Tower,0,6,4,0,10,0,13,1,4,18,0,19,5,4,28,26,2,28,56
09/27/2014,PDT,OR,ANM,WE,Federal Contract Tower,0,1,2,0,3,0,2,11,0,13,0,3,13,0,16,4,0,4,20
09/28/2014,PDT,OR,ANM,WE,Federal Contract Tower,0,0,1,0,1,0,4,6,0,10,0,4,7,0,11,0,0,0,11
09/29/2014,PDT,OR,ANM,WE,Federal Contract Tower,0,3,0,0,3,0,6,0,2,8,0,9,0,2,11,0,6,6,17
09/30/2014,PDT,OR,ANM,WE,Federal Contract Tower,0,3,0,0,3,0,12,3,0,15,0,15,3,0,18,2,12,14,32
10/01/2014,PDT,OR,ANM,WE,Federal Contract Tower,0,4,0,0,4,0,14,15,1,30,0,18,15,1,34,0,6,6,40
10/02/2014,PDT,OR,ANM,WE,Federal Contract Tower,0,4,0,0,4,0,17,7,3,27,0,21,7,3,31,4,0,4,35
10/03/2014,PDT,OR,ANM,WE,Federal Contract Tower,0,4,1,0,5,0,7,14,0,21,0,11,15,0,26,6,0,6,32
10/04/2014,PDT,OR,ANM,WE,Federal Contract Tower,0,2,1,0,3,0,6,17,0,23,0,8,18,0,26,0,0,0,26
10/05/2014,PDT,OR,ANM,WE,Federal Contract Tower,0,0,0,0,0,0,5,9,0,14,0,5,9,0,14,0,0,0,14
10/06/2014,PDT,OR,ANM,WE,Federal Contract Tower,0,2,4,0,6,0,12,17,3,32,0,14,21,3,38,6,6,12,50
10/07/2014,PDT,OR,ANM,WE,Federal Contract Tower,0,6,4,0,10,0,11,11,0,22,0,17,15,0,32,0,14,14,46
10/08/2014,PDT,OR,ANM,WE,Federal Contract Tower,0,5,0,1,6,0,8,11,5,24,0,13,11,6,30,0,0,0,30
10/09/2014,PDT,OR,ANM,WE,Federal Contract Tower,0,4,4,0,8,0,7,13,8,28,0,11,17,8,36,0,4,4,40
10/10/2014,PDT,OR,ANM,WE,Federal Contract Tower,0,4,0,0,4,0,13,18,0,31,0,17,18,0,35,0,0,0,35
10/11/2014,PDT,OR,ANM,WE,Federal Contract Tower,0,1,0,0,1,0,4,5,0,9,0,5,5,0,10,0,0,0,10
10/12/2014,PDT,OR,ANM,WE,Federal Contract Tower,0,0,2,0,2,0,4,6,3,13,0,4,8,3,15,0,0,0,15
10/13/2014,PDT,OR,ANM,WE,Federal Contract Tower,0,1,1,0,2,0,9,12,0,21,0,10,13,0,23,0,0,0,23
10/14/2014,PDT,OR,ANM,WE,Federal Contract Tower,0,4,0,0,4,0,8,5,0,13,0,12,5,0,17,0,0,0,17
10/15/2014,PDT,OR,ANM,WE,Federal Contract Tower,0,6,0,0,6,0,7,5,1,13,0,13,5,1,19,0,0,0,19
10/16/2014,PDT,OR,ANM,WE,Federal Contract Tower,0,5,2,0,7,0,6,8,10,24,0,11,10,10,31,0,0,0,31
10/17/2014,PDT,OR,ANM,WE,Federal Contract Tower,0,10,3,0,13,0,7,4,8,19,0,17,7,8,32,0,4,4,36
10/18/2014,PDT,OR,ANM,WE,Federal Contract Tower,0,3,0,0,3,0,4,3,6,13,0,7,3,6,16,0,2,2,18
10/19/2014,PDT,OR,ANM,WE,Federal Contract Tower,0,0,0,1,1,0,4,6,9,19,0,4,6,10,20,4,22,26,46
10/20/2014,PDT,OR,ANM,WE,Federal Contract Tower,0,4,0,0,4,0,3,4,3,10,0,7,4,3,14,0,2,2,16
10/21/2014,PDT,OR,ANM,WE,Federal Contract Tower,0,4,8,0,12,0,18,6,3,27,0,22,14,3,39,4,0,4,43
10/22/2014,PDT,OR,ANM,WE,Federal Contract Tower,0,10,0,0,10,0,4,0,18,22,0,14,0,18,32,0,0,0,32
10/23/2014,PDT,OR,ANM,WE,Federal Contract Tower,0,8,0,0,8,0,10,2,0,12,0,18,2,0,20,0,0,0,20
10/24/2014,PDT,OR,ANM,WE,Federal Contract Tower,0,7,0,0,7,0,4,1,0,5,0,11,1,0,12,0,0,0,12
10/25/2014,PDT,OR,ANM,WE,Federal Contract Tower,0,5,1,0,6,0,4,0,0,4,0,9,1,0,10,0,0,0,10
10/26/2014,PDT,OR,ANM,WE,Federal Contract Tower,0,2,1,0,3,0,2,2,0,4,0,4,3,0,7,0,0,0,7
10/27/2014,PDT,OR,ANM,WE,Federal Contract Tower,0,2,2,2,6,0,5,5,4,14,0,7,7,6,20,0,2,2,22
10/28/2014,PDT,OR,ANM,WE,Federal Contract Tower,0,6,3,0,9,0,12,5,3,20,0,18,8,3,29,0,18,18,47
10/29/2014,PDT,OR,ANM,WE,Federal Contract Tower,0,6,0,1,7,0,13,10,9,32,0,19,10,10,39,30,20,50,89
10/30/2014,PDT,OR,ANM,WE,Federal Contract Tower,0,7,0,0,7,0,4,0,0,4,0,11,0,0,11,0,0,0,11
10/31/2014,PDT,OR,ANM,WE,Federal Contract Tower,0,7,4,1,12,0,5,0,9,14,0,12,4,10,26,0,0,0,26
11/01/2014,PDT,OR,ANM,WE,Federal Contract Tower,0,3,0,0,3,0,2,3,6,11,0,5,3,6,14,0,0,0,14
11/02/2014,PDT,OR,ANM,WE,Federal Contract Tower,0,4,1,0,5,0,1,12,4,17,0,5,13,4,22,0,0,0,22
11/03/2014,PDT,OR,ANM,WE,Federal Contract Tower,0,5,2,1,8,0,4,8,5,17,0,9,10,6,25,49,15,64,89
11/04/2014,PDT,OR,ANM,WE,Federal Contract Tower,0,7,0,0,7,0,4,18,2,24,0,11,18,2,31,0,8,8,39
11/05/2014,PDT,OR,ANM,WE,Federal Contract Tower,0,4,0,0,4,0,8,10,3,21,0,12,10,3,25,0,4,4,29
11/06/2014,PDT,OR,ANM,WE,Federal Contract Tower,0,4,0,1,5,0,9,2,17,28,0,13,2,18,33,0,6,6,39
11/07/2014,PDT,OR,ANM,WE,Federal Contract Tower,0,7,3,0,10,0,13,33,0,46,0,20,36,0,56,16,0,16,72
11/08/2014,PDT,OR,ANM,WE,Federal Contract Tower,0,2,0,0,2,0,3,7,0,10,0,5,7,0,12,2,0,2,14
11/09/2014,PDT,OR,ANM,WE,Federal Contract Tower,0,1,1,0,2,0,6,0,0,6,0,7,1,0,8,0,0,0,8
11/10/2014,PDT,OR,ANM,WE,Federal Contract Tower,0,3,0,0,3,0,5,7,2,14,0,8,7,2,17,0,0,0,17
11/11/2014,PDT,OR,ANM,WE,Federal Contract Tower,0,2,4,0,6,0,10,16,0,26,0,12,20,0,32,12,0,12,44
11/12/2014,PDT,OR,ANM,WE,Federal Contract Tower,0,4,4,0,8,0,13,6,7,26,0,17,10,7,34,0,38,38,72
11/13/2014,PDT,OR,ANM,WE,Federal Contract Tower,0,4,0,0,4,0,4,0,0,4,0,8,0,0,8,0,0,0,8
11/14/2014,PDT,OR,ANM,WE,Federal Contract Tower,0,7,4,0,11,0,1,0,4,5,0,8,4,4,16,0,0,0,16
11/15/2014,PDT,OR,ANM,WE,Federal Contract Tower,0,0,1,0,1,0,6,5,3,14,0,6,6,3,15,0,8,8,23
11/16/2014,PDT,OR,ANM,WE,Federal Contract Tower,0,0,1,0,1,0,2,0,1,3,0,2,1,1,4,0,26,26,30
11/17/2014,PDT,OR,ANM,WE,Federal Contract Tower,0,9,1,0,10,0,3,0,4,7,0,12,1,4,17,4,10,14,31
11/18/2014,PDT,OR,ANM,WE,Federal Contract Tower,0,5,1,0,6,0,0,0,0,0,0,5,1,0,6,0,0,0,6
11/19/2014,PDT,OR,ANM,WE,Federal Contract Tower,0,13,2,2,17,0,0,0,2,2,0,13,2,4,19,0,20,20,39
11/20/2014,PDT,OR,ANM,WE,Federal Contract Tower,0,8,1,4,13,0,0,0,0,0,0,8,1,4,13,0,0,0,13
11/21/2014,PDT,OR,ANM,WE,Federal Contract Tower,0,12,2,2,16,0,2,0,2,4,0,14,2,4,20,4,12,16,36
11/22/2014,PDT,OR,ANM,WE,Federal Contract Tower,0,1,0,0,1,0,3,6,0,9,0,4,6,0,10,0,0,0,10
11/23/2014,PDT,OR,ANM,WE,Federal Contract Tower,0,0,3,0,3,0,4,0,0,4,0,4,3,0,7,0,0,0,7
11/24/2014,PDT,OR,ANM,WE,Federal Contract Tower,0,4,0,0,4,0,9,2,2,13,0,13,2,2,17,2,31,33,50
11/25/2014,PDT,OR,ANM,WE,Federal Contract Tower,0,8,0,0,8,0,2,0,0,2,0,10,0,0,10,0,6,6,16
11/26/2014,PDT,OR,ANM,WE,Federal Contract Tower,0,7,2,1,10,0,12,4,2,18,0,19,6,3,28,0,0,0,28
11/27/2014,PDT,OR,ANM,WE,Federal Contract Tower,0,2,1,0,3,0,7,1,0,8,0,9,2,0,11,0,0,0,11
11/28/2014,PDT,OR,ANM,WE,Federal Contract Tower,0,6,0,0,6,0,5,0,0,5,0,11,0,0,11,0,0,0,11
11/29/2014,PDT,OR,ANM,WE,Federal Contract Tower,0,0,2,0,2,0,1,0,0,1,0,1,2,0,3,0,0,0,3
11/30/2014,PDT,OR,ANM,WE,Federal Contract Tower,0,0,0,0,0,0,8,3,0,11,0,8,3,0,11,2,0,2,13
12/01/2014,PDT,OR,ANM,WE,Federal Contract Tower,0,9,4,0,13,0,1,0,0,1,0,10,4,0,14,0,0,0,14
12/02/2014,PDT,OR,ANM,WE,Federal Contract Tower,0,13,5,0,18,0,0,0,0,0,0,13,5,0,18,0,0,0,18
12/03/2014,PDT,OR,ANM,WE,Federal Contract Tower,0,5,3,0,8,0,5,1,0,6,0,10,4,0,14,0,12,12,26
12/04/2014,PDT,OR,ANM,WE,Federal Contract Tower,0,8,0,0,8,0,1,0,2,3,0,9,0,2,11,0,0,0,11
12/05/2014,PDT,OR,ANM,WE,Federal Contract Tower,0,12,4,0,16,0,0,0,0,0,0,12,4,0,16,0,0,0,16
12/06/2014,PDT,OR,ANM,WE,Federal Contract Tower,0,1,0,0,1,0,3,2,0,5,0,4,2,0,6,0,0,0,6
12/07/2014,PDT,OR,ANM,WE,Federal Contract Tower,0,0,2,0,2,0,0,2,0,2,0,0,4,0,4,0,0,0,4
12/08/2014,PDT,OR,ANM,WE,Federal Contract Tower,0,6,0,0,6,0,0,0,0,0,0,6,0,0,6,0,0,0,6
12/09/2014,PDT,OR,ANM,WE,Federal Contract Tower,0,6,0,0,6,0,8,1,4,13,0,14,1,4,19,0,0,0,19
12/10/2014,PDT,OR,ANM,WE,Federal Contract Tower,0,8,0,0,8,0,6,0,4,10,0,14,0,4,18,0,10,10,28
12/11/2014,PDT,OR,ANM,WE,Federal Contract Tower,0,6,0,0,6,0,8,0,2,10,0,14,0,2,16,0,0,0,16
12/12/2014,PDT,OR,ANM,WE,Federal Contract Tower,0,12,10,0,22,0,0,0,0,0,0,12,10,0,22,0,2,2,24
12/13/2014,PDT,OR,ANM,WE,Federal Contract Tower,0,0,2,0,2,0,1,6,0,7,0,1,8,0,9,0,0,0,9
12/14/2014,PDT,OR,ANM,WE,Federal Contract Tower,0,2,9,0,11,0,0,0,0,0,0,2,9,0,11,0,0,0,11
12/15/2014,PDT,OR,ANM,WE,Federal Contract Tower,0,4,2,0,6,0,2,0,2,4,0,6,2,2,10,0,0,0,10
12/16/2014,PDT,OR,ANM,WE,Federal Contract Tower,0,8,1,2,11,0,0,0,0,0,0,8,1,2,11,0,0,0,11
12/17/2014,PDT,OR,ANM,WE,Federal Contract Tower,0,9,0,0,9,0,0,0,0,0,0,9,0,0,9,0,0,0,9
12/18/2014,PDT,OR,ANM,WE,Federal Contract Tower,0,6,0,2,8,0,7,0,8,15,0,13,0,10,23,0,36,36,59
12/19/2014,PDT,OR,ANM,WE,Federal Contract Tower,0,9,1,0,10,0,2,2,1,5,0,11,3,1,15,12,8,20,35
12/20/2014,PDT,OR,ANM,WE,Federal Contract Tower,0,2,0,0,2,0,1,1,0,2,0,3,1,0,4,0,0,0,4
12/21/2014,PDT,OR,ANM,WE,Federal Contract Tower,0,0,1,0,1,0,7,2,0,9,0,7,3,0,10,0,0,0,10
12/22/2014,PDT,OR,ANM,WE,Federal Contract Tower,0,3,2,3,8,0,5,13,6,24,0,8,15,9,32,4,17,21,53
12/23/2014,PDT,OR,ANM,WE,Federal Contract Tower,0,4,0,0,4,0,7,7,2,16,0,11,7,2,20,0,4,4,24
12/24/2014,PDT,OR,ANM,WE,Federal Contract Tower,0,10,1,0,11,0,0,1,0,1,0,10,2,0,12,0,0,0,12
12/25/2014,PDT,OR,ANM,WE,Federal Contract Tower,0,2,0,0,2,0,4,3,0,7,0,6,3,0,9,0,0,0,9
12/26/2014,PDT,OR,ANM,WE,Federal Contract Tower,0,6,4,0,10,0,4,10,0,14,0,10,14,0,24,0,0,0,24
12/27/2014,PDT,OR,ANM,WE,Federal Contract Tower,0,1,0,0,1,0,4,0,0,4,0,5,0,0,5,0,0,0,5
12/28/2014,PDT,OR,ANM,WE,Federal Contract Tower,0,4,2,0,6,0,1,0,0,1,0,5,2,0,7,0,0,0,7
12/29/2014,PDT,OR,ANM,WE,Federal Contract Tower,0,10,0,0,10,0,4,0,2,6,0,14,0,2,16,0,19,19,35
12/30/2014,PDT,OR,ANM,WE,Federal Contract Tower,0,3,0,0,3,0,8,1,2,11,0,11,1,2,14,4,28,32,46
12/31/2014,PDT,OR,ANM,WE,Federal Contract Tower,0,3,1,0,4,0,9,5,0,14,0,12,6,0,18,0,0,0,18
01/01/2015,PDT,OR,ANM,WE,Federal Contract Tower,0,1,0,0,1,0,9,2,0,11,0,10,2,0,12,0,0,0,12
01/02/2015,PDT,OR,ANM,WE,Federal Contract Tower,0,6,0,0,6,0,11,14,0,25,0,17,14,0,31,0,0,0,31
01/03/2015,PDT,OR,ANM,WE,Federal Contract Tower,0,3,14,0,17,0,1,0,0,1,0,4,14,0,18,0,0,0,18
01/04/2015,PDT,OR,ANM,WE,Federal Contract Tower,0,1,0,0,1,0,0,0,0,0,0,1,0,0,1,0,0,0,1
01/05/2015,PDT,OR,ANM,WE,Federal Contract Tower,0,1,0,0,1,0,5,0,0,5,0,6,0,0,6,0,0,0,6
01/06/2015,PDT,OR,ANM,WE,Federal Contract Tower,0,5,0,1,6,0,8,3,0,11,0,13,3,1,17,0,0,0,17
01/07/2015,PDT,OR,ANM,WE,Federal Contract Tower,0,4,0,0,4,0,1,0,2,3,0,5,0,2,7,0,10,10,17
01/08/2015,PDT,OR,ANM,WE,Federal Contract Tower,0,10,0,2,12,0,0,0,0,0,0,10,0,2,12,0,0,0,12
01/09/2015,PDT,OR,ANM,WE,Federal Contract Tower,0,14,0,2,16,0,2,2,2,6,0,16,2,4,22,0,26,26,48
01/10/2015,PDT,OR,ANM,WE,Federal Contract Tower,0,7,4,0,11,0,0,0,2,2,0,7,4,2,13,0,0,0,13
01/11/2015,PDT,OR,ANM,WE,Federal Contract Tower,0,2,0,0,2,0,0,0,0,0,0,2,0,0,2,0,0,0,2
01/12/2015,PDT,OR,ANM,WE,Federal Contract Tower,0,9,1,4,14,0,1,0,0,1,0,10,1,4,15,0,0,0,15
01/13/2015,PDT,OR,ANM,WE,Federal Contract Tower,0,10,0,2,12,0,0,2,2,4,0,10,2,4,16,0,4,4,20
01/14/2015,PDT,OR,ANM,WE,Federal Contract Tower,0,11,0,0,11,0,0,0,5,5,0,11,0,5,16,0,12,12,28
01/15/2015,PDT,OR,ANM,WE,Federal Contract Tower,0,7,2,0,9,0,0,0,6,6,0,7,2,6,15,0,6,6,21
01/16/2015,PDT,OR,ANM,WE,Federal Contract Tower,0,9,5,2,16,0,3,5,0,8,0,12,10,2,24,4,0,4,28
01/17/2015,PDT,OR,ANM,WE,Federal Contract Tower,0,0,0,0,0,0,4,0,0,4,0,4,0,0,4,0,0,0,4
01/18/2015,PDT,OR,ANM,WE,Federal Contract Tower,0,0,1,0,1,0,4,6,0,10,0,4,7,0,11,0,0,0,11
01/19/2015,PDT,OR,ANM,WE,Federal Contract Tower,0,5,2,0,7,0,5,7,0,12,0,10,9,0,19,16,0,16,35
01/20/2015,PDT,OR,ANM,WE,Federal Contract Tower,0,5,0,0,5,0,7,8,10,25,0,12,8,10,30,0,16,16,46
01/21/2015,PDT,OR,ANM,WE,Federal Contract Tower,0,6,1,0,7,0,0,0,0,0,0,6,1,0,7,0,0,0,7
01/22/2015,PDT,OR,ANM,WE,Federal Contract Tower,0,17,3,0,20,0,1,0,0,1,0,18,3,0,21,0,0,0,21
01/23/2015,PDT,OR,ANM,WE,Federal Contract Tower,0,7,0,0,7,0,1,0,0,1,0,8,0,0,8,0,0,0,8
01/24/2015,PDT,OR,ANM,WE,Federal Contract Tower,0,2,5,0,7,0,1,13,0,14,0,3,18,0,21,0,0,0,21
01/25/2015,PDT,OR,ANM,WE,Federal Contract Tower,0,2,2,0,4,0,5,24,0,29,0,7,26,0,33,18,0,18,51
01/26/2015,PDT,OR,ANM,WE,Federal Contract Tower,0,7,0,2,9,0,0,0,0,0,0,7,0,2,9,0,0,0,9
01/27/2015,PDT,OR,ANM,WE,Federal Contract Tower,0,11,0,0,11,0,0,2,3,5,0,11,2,3,16,0,6,6,22
01/28/2015,PDT,OR,ANM,WE,Federal Contract Tower,0,10,0,0,10,0,2,9,8,19,0,12,9,8,29,0,72,72,101
01/29/2015,PDT,OR,ANM,WE,Federal Contract Tower,0,10,0,1,11,0,0,0,3,3,0,10,0,4,14,0,38,38,52
01/30/2015,PDT,OR,ANM,WE,Federal Contract Tower,0,10,2,0,12,0,0,0,0,0,0,10,2,0,12,0,0,0,12
01/31/2015,PDT,OR,ANM,WE,Federal Contract Tower,0,1,0,0,1,0,0,0,0,0,0,1,0,0,1,0,0,0,1
02/01/2015,PDT,OR,ANM,WE,Federal Contract Tower,0,6,1,0,7,0,0,0,0,0,0,6,1,0,7,0,0,0,7
02/02/2015,PDT,OR,ANM,WE,Federal Contract Tower,0,6,2,1,9,0,2,2,0,4,0,8,4,1,13,0,0,0,13
02/03/2015,PDT,OR,ANM,WE,Federal Contract Tower,0,13,0,0,13,0,2,0,2,4,0,15,0,2,17,0,12,12,29
02/04/2015,PDT,OR,ANM,WE,Federal Contract Tower,0,8,0,4,12,0,2,0,0,2,0,10,0,4,14,0,0,0,14
02/05/2015,PDT,OR,ANM,WE,Federal Contract Tower,0,9,3,2,14,0,0,1,1,2,0,9,4,3,16,0,0,0,16
02/06/2015,PDT,OR,ANM,WE,Federal Contract Tower,0,9,1,0,10,0,3,1,0,4,0,12,2,0,14,2,0,2,16
02/07/2015,PDT,OR,ANM,WE,Federal Contract Tower,0,0,0,0,0,0,3,0,4,7,0,3,0,4,7,0,0,0,7
02/08/2015,PDT,OR,ANM,WE,Federal Contract Tower,0,1,2,4,7,0,4,3,0,7,0,5,5,4,14,0,0,0,14
02/09/2015,PDT,OR,ANM,WE,Federal Contract Tower,0,5,1,2,8,0,5,0,2,7,0,10,1,4,15,0,8,8,23
02/10/2015,PDT,OR,ANM,WE,Federal Contract Tower,0,8,0,2,10,0,4,7,1,12,0,12,7,3,22,12,0,12,34
02/11/2015,PDT,OR,ANM,WE,Federal Contract Tower,0,6,0,0,6,0,8,10,5,23,0,14,10,5,29,4,0,4,33
02/12/2015,PDT,OR,ANM,WE,Federal Contract Tower,0,8,4,1,13,0,2,10,17,29,0,10,14,18,42,0,0,0,42
02/13/2015,PDT,OR,ANM,WE,Federal Contract Tower,0,10,3,0,13,0,4,0,0,4,0,14,3,0,17,0,0,0,17
02/14/2015,PDT,OR,ANM,WE,Federal Contract Tower,0,2,9,0,11,0,1,12,0,13,0,3,21,0,24,0,0,0,24
02/15/2015,PDT,OR,ANM,WE,Federal Contract Tower,0,0,3,0,3,0,7,19,0,26,0,7,22,0,29,4,0,4,33
02/16/2015,PDT,OR,ANM,WE,Federal Contract Tower,0,2,2,0,4,0,8,13,0,21,0,10,15,0,25,14,0,14,39
02/17/2015,PDT,OR,ANM,WE,Federal Contract Tower,0,4,1,1,6,0,6,17,4,27,0,10,18,5,33,14,10,24,57
02/18/2015,PDT,OR,ANM,WE,Federal Contract Tower,0,4,1,1,6,0,10,6,4,20,0,14,7,5,26,2,2,4,30
02/19/2015,PDT,OR,ANM,WE,Federal Contract Tower,0,6,3,0,9,0,3,7,5,15,0,9,10,5,24,0,0,0,24
02/20/2015,PDT,OR,ANM,WE,Federal Contract Tower,0,5,0,0,5,0,5,7,5,17,0,10,7,5,22,0,0,0,22
02/21/2015,PDT,OR,ANM,WE,Federal Contract Tower,0,2,0,0,2,0,2,8,0,10,0,4,8,0,12,10,0,10,22
02/22/2015,PDT,OR,ANM,WE,Federal Contract Tower,0,1,2,0,3,0,3,9,0,12,0,4,11,0,15,0,0,0,15
02/23/2015,PDT,OR,ANM,WE,Federal Contract Tower,0,2,5,1,8,0,7,15,1,23,0,9,20,2,31,0,6,6,37
02/24/2015,PDT,OR,ANM,WE,Federal Contract Tower,0,3,2,0,5,0,8,24,7,39,0,11,26,7,44,22,6,28,72
02/25/2015,PDT,OR,ANM,WE,Federal Contract Tower,0,6,0,1,7,0,7,9,4,20,0,13,9,5,27,4,6,10,37
02/26/2015,PDT,OR,ANM,WE,Federal Contract Tower,0,9,2,0,11,0,4,3,1,8,0,13,5,1,19,0,6,6,25
02/27/2015,PDT,OR,ANM,WE,Federal Contract Tower,0,8,2,0,10,0,8,7,2,17,0,16,9,2,27,0,22,22,49
02/28/2015,PDT,OR,ANM,WE,Federal Contract Tower,0,0,0,0,0,0,4,10,0,14,0,4,10,0,14,2,0,2,16
03/01/2015,PDT,OR,ANM,WE,Federal Contract Tower,0,0,2,0,2,0,9,7,0,16,0,9,9,0,18,24,0,24,42
03/02/2015,PDT,OR,ANM,WE,Federal Contract Tower,0,4,6,2,12,0,9,10,0,19,0,13,16,2,31,6,0,6,37
03/03/2015,PDT,OR,ANM,WE,Federal Contract Tower,0,5,1,1,7,0,4,15,0,19,0,9,16,1,26,4,0,4,30
03/04/2015,PDT,OR,ANM,WE,Federal Contract Tower,0,4,0,2,6,0,7,10,0,17,0,11,10,2,23,0,0,0,23
03/05/2015,PDT,OR,ANM,WE,Federal Contract Tower,0,4,1,0,5,0,6,17,7,30,0,10,18,7,35,4,14,18,53
03/06/2015,PDT,OR,ANM,WE,Federal Contract Tower,0,5,1,2,8,0,13,10,4,27,0,18,11,6,35,18,12,30,65
03/07/2015,PDT,OR,ANM,WE,Federal Contract Tower,0,0,0,2,2,0,3,21,2,26,0,3,21,4,28,16,0,16,44
03/08/2015,PDT,OR,ANM,WE,Federal Contract Tower,0,0,0,4,4,0,9,7,2,18,0,9,7,6,22,18,0,18,40
03/09/2015,PDT,OR,ANM,WE,Federal Contract Tower,0,1,2,0,3,0,8,8,0,16,0,9,10,0,19,0,0,0,19
03/10/2015,PDT,OR,ANM,WE,Federal Contract Tower,0,4,0,0,4,0,5,19,2,26,0,9,19,2,30,3,0,3,33
03/11/2015,PDT,OR,ANM,WE,Federal Contract Tower,0,6,0,0,6,0,4,4,0,8,0,10,4,0,14,30,0,30,44
03/12/2015,PDT,OR,ANM,WE,Federal Contract Tower,0,7,0,0,7,0,10,10,3,23,0,17,10,3,30,0,0,0,30
03/13/2015,PDT,OR,ANM,WE,Federal Contract Tower,0,4,3,0,7,0,4,21,2,27,0,8,24,2,34,6,2,8,42
03/14/2015,PDT,OR,ANM,WE,Federal Contract Tower,0,1,0,0,1,0,12,10,0,22,0,13,10,0,23,0,0,0,23
03/15/2015,PDT,OR,ANM,WE,Federal Contract Tower,0,0,1,0,1,0,4,11,0,15,0,4,12,0,16,0,0,0,16
03/16/2015,PDT,OR,ANM,WE,Federal Contract Tower,0,3,0,0,3,0,10,14,0,24,0,13,14,0,27,4,0,4,31
03/17/2015,PDT,OR,ANM,WE,Federal Contract Tower,0,10,0,2,12,0,5,1,0,6,0,15,1,2,18,0,0,0,18
03/18/2015,PDT,OR,ANM,WE,Federal Contract Tower,0,6,4,0,10,0,4,8,2,14,0,10,12,2,24,0,0,0,24
03/19/2015,PDT,OR,ANM,WE,Federal Contract Tower,0,4,1,0,5,0,7,22,2,31,0,11,23,2,36,2,0,2,38
03/20/2015,PDT,OR,ANM,WE,Federal Contract Tower,0,5,2,0,7,0,9,13,4,26,0,14,15,4,33,6,0,6,39
03/21/2015,PDT,OR,ANM,WE,Federal Contract Tower,0,1,1,0,2,0,0,10,0,10,0,1,11,0,12,0,0,0,12
03/22/2015,PDT,OR,ANM,WE,Federal Contract Tower,0,0,3,0,3,0,5,12,0,17,0,5,15,0,20,0,0,0,20
03/23/2015,PDT,OR,ANM,WE,Federal Contract Tower,0,8,2,1,11,0,5,0,0,5,0,13,2,1,16,4,0,4,20
03/24/2015,PDT,OR,ANM,WE,Federal Contract Tower,0,5,0,0,5,0,4,1,4,9,0,9,1,4,14,0,0,0,14
03/25/2015,PDT,OR,ANM,WE,Federal Contract Tower,0,11,1,2,14,0,5,9,0,14,0,16,10,2,28,54,0,54,82
03/26/2015,PDT,OR,ANM,WE,Federal Contract Tower,0,6,0,0,6,0,3,17,2,22,0,9,17,2,28,0,0,0,28
03/27/2015,PDT,OR,ANM,WE,Federal Contract Tower,0,3,0,1,4,0,8,16,4,28,0,11,16,5,32,0,30,30,62
03/28/2015,PDT,OR,ANM,WE,Federal Contract Tower,0,1,1,2,4,0,6,6,3,15,0,7,7,5,19,0,0,0,19
03/29/2015,PDT,OR,ANM,WE,Federal Contract Tower,0,0,3,0,3,0,3,19,0,22,0,3,22,0,25,0,0,0,25
03/30/2015,PDT,OR,ANM,WE,Federal Contract Tower,0,3,0,0,3,0,8,25,2,35,0,11,25,2,38,4,0,4,42
03/31/2015,PDT,OR,ANM,WE,Federal Contract Tower,0,6,0,0,6,0,4,4,0,8,0,10,4,0,14,0,0,0,14
04/01/2015,PDT,OR,ANM,WE,Federal Contract Tower,0,6,0,0,6,0,7,2,2,11,0,13,2,2,17,0,0,0,17
04/02/2015,PDT,OR,ANM,WE,Federal Contract Tower,0,5,0,0,5,0,7,17,4,28,0,12,17,4,33,0,4,4,37
04/03/2015,PDT,OR,ANM,WE,Federal Contract Tower,0,6,1,0,7,0,7,26,5,38,0,13,27,5,45,0,2,2,47
04/04/2015,PDT,OR,ANM,WE,Federal Contract Tower,0,1,0,0,1,0,0,15,2,17,0,1,15,2,18,0,0,0,18
04/05/2015,PDT,OR,ANM,WE,Federal Contract Tower,0,3,0,0,3,0,0,4,0,4,0,3,4,0,7,0,0,0,7
04/06/2015,PDT,OR,ANM,WE,Federal Contract Tower,0,4,0,1,5,0,7,2,2,11,0,11,2,3,16,32,0,32,48
04/07/2015,PDT,OR,ANM,WE,Federal Contract Tower,0,3,0,0,3,0,8,13,2,23,0,11,13,2,26,0,0,0,26
04/08/2015,PDT,OR,ANM,WE,Federal Contract Tower,0,7,2,0,9,0,10,9,3,22,0,17,11,3,31,0,0,0,31
04/09/2015,PDT,OR,ANM,WE,Federal Contract Tower,0,4,0,0,4,0,5,29,2,36,0,9,29,2,40,14,0,14,54
04/10/2015,PDT,OR,ANM,WE,Federal Contract Tower,0,6,0,0,6,0,8,13,4,25,0,14,13,4,31,2,2,4,35
04/11/2015,PDT,OR,ANM,WE,Federal Contract Tower,0,0,0,0,0,0,1,5,4,10,0,1,5,4,10,0,6,6,16
04/12/2015,PDT,OR,ANM,WE,Federal Contract Tower,0,1,2,0,3,0,3,4,0,7,0,4,6,0,10,10,0,10,20
04/13/2015,PDT,OR,ANM,WE,Federal Contract Tower,0,4,1,2,7,0,10,12,0,22,0,14,13,2,29,0,2,2,31
04/14/2015,PDT,OR,ANM,WE,Federal Contract Tower,0,4,0,0,4,0,8,5,5,18,0,12,5,5,22,0,4,4,26
04/15/2015,PDT,OR,ANM,WE,Federal Contract Tower,0,3,0,2,5,0,7,25,5,37,0,10,25,7,42,6,12,18,60
04/16/2015,PDT,OR,ANM,WE,Federal Contract Tower,0,4,2,0,6,0,9,13,2,24,0,13,15,2,30,0,0,0,30
04/17/2015,PDT,OR,ANM,WE,Federal Contract Tower,0,4,0,0,4,0,8,14,4,26,0,12,14,4,30,12,0,12,42
04/18/2015,PDT,OR,ANM,WE,Federal Contract Tower,0,0,2,0,2,0,5,23,0,28,0,5,25,0,30,2,0,2,32
04/19/2015,PDT,OR,ANM,WE,Federal Contract Tower,0,0,1,0,1,0,8,15,0,23,0,8,16,0,24,7,0,7,31
04/20/2015,PDT,OR,ANM,WE,Federal Contract Tower,0,2,0,1,3,0,10,15,1,26,0,12,15,2,29,6,12,18,47
04/21/2015,PDT,OR,ANM,WE,Federal Contract Tower,0,5,1,1,7,0,5,16,2,23,0,10,17,3,30,46,23,69,99
04/22/2015,PDT,OR,ANM,WE,Federal Contract Tower,0,6,2,4,12,0,7,11,5,23,0,13,13,9,35,48,24,72,107
04/23/2015,PDT,OR,ANM,WE,Federal Contract Tower,0,5,3,1,9,0,6,1,6,13,0,11,4,7,22,0,28,28,50
04/24/2015,PDT,OR,ANM,WE,Federal Contract Tower,0,6,6,1,13,0,5,10,7,22,0,11,16,8,35,0,16,16,51
04/25/2015,PDT,OR,ANM,WE,Federal Contract Tower,0,0,0,1,1,0,4,6,3,13,0,4,6,4,14,0,18,18,32
04/26/2015,PDT,OR,ANM,WE,Federal Contract Tower,0,0,3,0,3,0,7,10,0,17,0,7,13,0,20,0,0,0,20
04/27/2015,PDT,OR,ANM,WE,Federal Contract Tower,0,2,4,0,6,0,2,17,4,23,0,4,21,4,29,2,0,2,31
04/28/2015,PDT,OR,ANM,WE,Federal Contract Tower,0,4,6,0,10,0,2,7,0,9,0,6,13,0,19,3,0,3,22
04/29/2015,PDT,OR,ANM,WE,Federal Contract Tower,0,5,3,2,10,0,7,17,4,28,0,12,20,6,38,0,2,2,40
04/30/2015,PDT,OR,ANM,WE,Federal Contract Tower,0,6,3,0,9,0,4,29,2,35,0,10,32,2,44,0,0,0,44
05/01/2015,PDT,OR,ANM,WE,Federal Contract Tower,0,3,0,1,4,0,4,15,1,20,0,7,15,2,24,0,0,0,24
05/02/2015,PDT,OR,ANM,WE,Federal Contract Tower,0,0,1,0,1,0,4,19,0,23,0,4,20,0,24,0,0,0,24
05/03/2015,PDT,OR,ANM,WE,Federal Contract Tower,0,2,2,0,4,0,5,18,0,23,0,7,20,0,27,2,0,2,29
05/04/2015,PDT,OR,ANM,WE,Federal Contract Tower,0,0,8,0,8,0,8,12,4,24,0,8,20,4,32,0,0,0,32
05/05/2015,PDT,OR,ANM,WE,Federal Contract Tower,0,6,0,0,6,0,2,7,7,16,0,8,7,7,22,2,12,14,36
05/06/2015,PDT,OR,ANM,WE,Federal Contract Tower,0,5,2,0,7,0,4,9,2,15,0,9,11,2,22,0,0,0,22
05/07/2015,PDT,OR,ANM,WE,Federal Contract Tower,0,5,5,0,10,0,4,18,7,29,0,9,23,7,39,0,0,0,39
05/08/2015,PDT,OR,ANM,WE,Federal Contract Tower,2,5,4,0,11,0,10,13,4,27,2,15,17,4,38,10,0,10,48
05/09/2015,PDT,OR,ANM,WE,Federal Contract Tower,0,1,0,0,1,0,3,14,0,17,0,4,14,0,18,0,0,0,18
05/10/2015,PDT,OR,ANM,WE,Federal Contract Tower,0,0,0,0,0,0,13,14,0,27,0,13,14,0,27,0,0,0,27
05/11/2015,PDT,OR,ANM,WE,Federal Contract Tower,0,4,2,1,7,0,6,47,5,58,0,10,49,6,65,15,2,17,82
05/12/2015,PDT,OR,ANM,WE,Federal Contract Tower,0,9,2,1,12,0,6,25,2,33,0,15,27,3,45,0,0,0,45
05/13/2015,PDT,OR,ANM,WE,Federal Contract Tower,0,9,2,0,11,0,6,20,0,26,0,15,22,0,37,0,0,0,37
05/14/2015,PDT,OR,ANM,WE,Federal Contract Tower,0,6,1,1,8,0,6,35,3,44,0,12,36,4,52,0,0,0,52
05/15/2015,PDT,OR,ANM,WE,Federal Contract Tower,0,7,1,0,8,0,7,29,4,40,0,14,30,4,48,0,0,0,48
05/16/2015,PDT,OR,ANM,WE,Federal Contract Tower,0,0,1,0,1,0,1,31,0,32,0,1,32,0,33,0,0,0,33
05/17/2015,PDT,OR,ANM,WE,Federal Contract Tower,0,2,1,1,4,0,1,21,3,25,0,3,22,4,29,14,0,14,43
05/18/2015,PDT,OR,ANM,WE,Federal Contract Tower,0,1,0,0,1,0,3,5,4,12,0,4,5,4,13,0,6,6,19
05/19/2015,PDT,OR,ANM,WE,Federal Contract Tower,0,5,0,0,5,0,11,9,3,23,0,16,9,3,28,0,4,4,32
05/20/2015,PDT,OR,ANM,WE,Federal Contract Tower,0,3,0,2,5,0,7,9,2,18,0,10,9,4,23,0,0,0,23
05/21/2015,PDT,OR,ANM,WE,Federal Contract Tower,0,4,3,0,7,0,12,6,2,20,0,16,9,2,27,2,0,2,29
05/22/2015,PDT,OR,ANM,WE,Federal Contract Tower,0,6,0,0,6,0,5,12,2,19,0,11,12,2,25,2,0,2,27
05/23/2015,PDT,OR,ANM,WE,Federal Contract Tower,0,0,0,0,0,0,6,4,0,10,0,6,4,0,10,0,0,0,10
05/24/2015,PDT,OR,ANM,WE,Federal Contract Tower,0,1,0,0,1,0,7,6,0,13,0,8,6,0,14,2,0,2,16
05/25/2015,PDT,OR,ANM,WE,Federal Contract Tower,0,7,1,0,8,0,4,14,0,18,0,11,15,0,26,4,0,4,30
05/26/2015,PDT,OR,ANM,WE,Federal Contract Tower,0,4,5,0,9,0,6,13,0,19,0,10,18,0,28,0,6,6,34
05/27/2015,PDT,OR,ANM,WE,Federal Contract Tower,0,5,6,0,11,0,10,8,0,18,0,15,14,0,29,10,0,10,39
05/28/2015,PDT,OR,ANM,WE,Federal Contract Tower,0,6,6,0,12,0,9,28,2,39,0,15,34,2,51,8,0,8,59
05/29/2015,PDT,OR,ANM,WE,Federal Contract Tower,0,7,6,0,13,0,7,15,4,26,0,14,21,4,39,6,0,6,45
05/30/2015,PDT,OR,ANM,WE,Federal Contract Tower,0,1,5,0,6,0,4,22,0,26,0,5,27,0,32,22,0,22,54
05/31/2015,PDT,OR,ANM,WE,Federal Contract Tower,0,2,0,0,2,0,4,27,0,31,0,6,27,0,33,12,0,12,45
06/01/2015,PDT,OR,ANM,WE,Federal Contract Tower,0,4,1,0,5,0,6,10,3,19,0,10,11,3,24,0,18,18,42
06/02/2015,PDT,OR,ANM,WE,Federal Contract Tower,0,5,2,1,8,0,6,7,9,22,0,11,9,10,30,0,4,4,34
06/03/2015,PDT,OR,ANM,WE,Federal Contract Tower,0,8,5,1,14,0,28,14,6,48,0,36,19,7,62,2,4,6,68
06/04/2015,PDT,OR,ANM,WE,Federal Contract Tower,0,4,1,1,6,0,13,18,0,31,0,17,19,1,37,0,0,0,37
06/05/2015,PDT,OR,ANM,WE,Federal Contract Tower,0,5,0,2,7,0,5,13,2,20,0,10,13,4,27,0,0,0,27
06/06/2015,PDT,OR,ANM,WE,Federal Contract Tower,0,0,2,0,2,0,6,15,4,25,0,6,17,4,27,8,0,8,35
06/07/2015,PDT,OR,ANM,WE,Federal Contract Tower,0,0,0,2,2,0,4,26,3,33,0,4,26,5,35,26,0,26,61
06/08/2015,PDT,OR,ANM,WE,Federal Contract Tower,0,4,0,2,6,0,5,9,2,16,0,9,9,4,22,0,0,0,22
06/09/2015,PDT,OR,ANM,WE,Federal Contract Tower,0,5,6,0,11,0,14,10,2,26,0,19,16,2,37,0,10,10,47
06/10/2015,PDT,OR,ANM,WE,Federal Contract Tower,0,4,3,1,8,0,8,10,6,24,0,12,13,7,32,0,9,9,41
06/11/2015,PDT,OR,ANM,WE,Federal Contract Tower,0,4,2,0,6,0,6,7,2,15,0,10,9,2,21,0,2,2,23
06/12/2015,PDT,OR,ANM,WE,Federal Contract Tower,0,4,0,1,5,0,8,13,6,27,0,12,13,7,32,0,0,0,32
06/13/2015,PDT,OR,ANM,WE,Federal Contract Tower,0,0,0,0,0,0,3,30,2,35,0,3,30,2,35,14,5,19,54
06/14/2015,PDT,OR,ANM,WE,Federal Contract Tower,0,0,2,0,2,0,8,16,0,24,0,8,18,0,26,10,0,10,36
06/15/2015,PDT,OR,ANM,WE,Federal Contract Tower,0,2,8,0,10,0,8,12,2,22,0,10,20,2,32,0,2,2,34
06/16/2015,PDT,OR,ANM,WE,Federal Contract Tower,0,4,0,0,4,0,6,13,2,21,0,10,13,2,25,21,0,21,46
06/17/2015,PDT,OR,ANM,WE,Federal Contract Tower,0,4,0,0,4,0,8,20,3,31,0,12,20,3,35,14,0,14,49
06/18/2015,PDT,OR,ANM,WE,Federal Contract Tower,0,4,3,0,7,0,11,25,0,36,0,15,28,0,43,12,0,12,55
06/19/2015,PDT,OR,ANM,WE,Federal Contract Tower,0,6,3,2,11,0,10,21,3,34,0,16,24,5,45,0,0,0,45
06/20/2015,PDT,OR,ANM,WE,Federal Contract Tower,0,1,0,0,1,0,5,8,2,15,0,6,8,2,16,0,0,0,16
06/21/2015,PDT,OR,ANM,WE,Federal Contract Tower,0,0,0,0,0,0,4,40,0,44,0,4,40,0,44,9,0,9,53
06/22/2015,PDT,OR,ANM,WE,Federal Contract Tower,0,3,0,0,3,0,12,12,3,27,0,15,12,3,30,0,3,3,33
06/23/2015,PDT,OR,ANM,WE,Federal Contract Tower,0,4,2,2,8,0,13,8,2,23,0,17,10,4,31,2,0,2,33
06/24/2015,PDT,OR,ANM,WE,Federal Contract Tower,0,4,1,2,7,0,5,15,3,23,0,9,16,5,30,6,2,8,38
06/25/2015,PDT,OR,ANM,WE,Federal Contract Tower,0,6,2,0,8,0,12,11,5,28,0,18,13,5,36,0,2,2,38
06/26/2015,PDT,OR,ANM,WE,Federal Contract Tower,0,4,0,0,4,0,11,10,2,23,0,15,10,2,27,8,0,8,35
06/27/2015,PDT,OR,ANM,WE,Federal Contract Tower,0,0,0,0,0,0,11,7,0,18,0,11,7,0,18,0,0,0,18
06/28/2015,PDT,OR,ANM,WE,Federal Contract Tower,0,0,0,4,4,0,3,10,0,13,0,3,10,4,17,0,0,0,17
06/29/2015,PDT,OR,ANM,WE,Federal Contract Tower,0,2,0,0,2,0,10,7,2,19,0,12,7,2,21,0,0,0,21
06/30/2015,PDT,OR,ANM,WE,Federal Contract Tower,0,5,2,0,7,0,8,14,4,26,0,13,16,4,33,0,0,0,33
07/01/2015,PDT,OR,ANM,WE,Federal Contract Tower,0,4,2,0,6,0,7,6,2,15,0,11,8,2,21,0,0,0,21
07/02/2015,PDT,OR,ANM,WE,Federal Contract Tower,0,5,2,0,7,0,9,11,0,20,0,14,13,0,27,0,0,0,27
07/03/2015,PDT,OR,ANM,WE,Federal Contract Tower,0,2,6,0,8,0,11,11,0,22,0,13,17,0,30,0,0,0,30
07/04/2015,PDT,OR,ANM,WE,Federal Contract Tower,0,0,1,0,1,0,5,10,0,15,0,5,11,0,16,0,0,0,16
07/05/2015,PDT,OR,ANM,WE,Federal Contract Tower,0,0,0,0,0,0,4,6,0,10,0,4,6,0,10,6,0,6,16
07/06/2015,PDT,OR,ANM,WE,Federal Contract Tower,0,2,0,0,2,0,13,7,2,22,0,15,7,2,24,6,22,28,52
07/07/2015,PDT,OR,ANM,WE,Federal Contract Tower,0,2,2,0,4,0,12,17,2,31,0,14,19,2,35,0,10,10,45
07/08/2015,PDT,OR,ANM,WE,Federal Contract Tower,0,4,2,2,8,0,10,6,4,20,0,14,8,6,28,0,4,4,32
07/09/2015,PDT,OR,ANM,WE,Federal Contract Tower,0,7,2,1,10,0,7,11,3,21,0,14,13,4,31,0,10,10,41
07/10/2015,PDT,OR,ANM,WE,Federal Contract Tower,0,5,1,0,6,0,7,13,2,22,0,12,14,2,28,30,0,30,58
07/11/2015,PDT,OR,ANM,WE,Federal Contract Tower,0,0,2,6,8,0,4,15,2,21,0,4,17,8,29,0,12,12,41
07/12/2015,PDT,OR,ANM,WE,Federal Contract Tower,0,0,2,2,4,0,7,13,0,20,0,7,15,2,24,13,14,27,51
07/13/2015,PDT,OR,ANM,WE,Federal Contract Tower,0,4,0,3,7,0,3,7,1,11,0,7,7,4,18,2,0,2,20
07/14/2015,PDT,OR,ANM,WE,Federal Contract Tower,0,4,2,1,7,0,7,12,4,23,0,11,14,5,30,6,8,14,44
07/15/2015,PDT,OR,ANM,WE,Federal Contract Tower,0,4,4,0,8,0,9,13,2,24,0,13,17,2,32,2,0,2,34
07/16/2015,PDT,OR,ANM,WE,Federal Contract Tower,0,6,1,0,7,0,9,10,2,21,0,15,11,2,28,0,0,0,28
07/17/2015,PDT,OR,ANM,WE,Federal Contract Tower,0,4,0,0,4,0,10,13,5,28,0,14,13,5,32,5,4,9,41
07/18/2015,PDT,OR,ANM,WE,Federal Contract Tower,0,0,0,0,0,0,3,12,0,15,0,3,12,0,15,0,0,0,15
07/19/2015,PDT,OR,ANM,WE,Federal Contract Tower,0,0,0,0,0,0,8,7,1,16,0,8,7,1,16,2,0,2,18
07/20/2015,PDT,OR,ANM,WE,Federal Contract Tower,0,2,1,4,7,0,9,8,3,20,0,11,9,7,27,0,4,4,31
07/21/2015,PDT,OR,ANM,WE,Federal Contract Tower,0,6,3,0,9,0,12,14,0,26,0,18,17,0,35,0,0,0,35
07/22/2015,PDT,OR,ANM,WE,Federal Contract Tower,0,3,2,0,5,0,12,22,4,38,0,15,24,4,43,42,0,42,85
07/23/2015,PDT,OR,ANM,WE,Federal Contract Tower,0,6,0,0,6,0,6,14,0,20,0,12,14,0,26,12,0,12,38
07/24/2015,PDT,OR,ANM,WE,Federal Contract Tower,0,5,1,0,6,0,7,20,0,27,0,12,21,0,33,0,0,0,33
07/25/2015,PDT,OR,ANM,WE,Federal Contract Tower,0,3,2,0,5,0,6,7,0,13,0,9,9,0,18,0,0,0,18
07/26/2015,PDT,OR,ANM,WE,Federal Contract Tower,0,0,1,0,1,0,7,7,0,14,0,7,8,0,15,0,0,0,15
07/27/2015,PDT,OR,ANM,WE,Federal Contract Tower,0,4,1,0,5,0,4,7,2,13,0,8,8,2,18,0,0,0,18
07/28/2015,PDT,OR,ANM,WE,Federal Contract Tower,0,3,0,0,3,0,8,15,0,23,0,11,15,0,26,4,16,20,46
07/29/2015,PDT,OR,ANM,WE,Federal Contract Tower,0,4,2,1,7,0,9,17,3,29,0,13,19,4,36,4,10,14,50
07/30/2015,PDT,OR,ANM,WE,Federal Contract Tower,0,4,0,0,4,0,7,16,0,23,0,11,16,0,27,4,0,4,31
07/31/2015,PDT,OR,ANM,WE,Federal Contract Tower,0,4,2,0,6,0,13,13,2,28,0,17,15,2,34,2,0,2,36
08/01/2015,PDT,OR,ANM,WE,Federal Contract Tower,0,0,0,0,0,0,2,13,0,15,0,2,13,0,15,2,0,2,17
08/02/2015,PDT,OR,ANM,WE,Federal Contract Tower,0,1,2,0,3,0,6,11,1,18,0,7,13,1,21,0,0,0,21
08/03/2015,PDT,OR,ANM,WE,Federal Contract Tower,0,2,1,2,5,0,9,9,2,20,0,11,10,4,25,0,0,0,25
08/04/2015,PDT,OR,ANM,WE,Federal Contract Tower,0,5,1,0,6,0,11,18,2,31,0,16,19,2,37,0,6,6,43
08/05/2015,PDT,OR,ANM,WE,Federal Contract Tower,0,5,1,1,7,0,11,13,2,26,0,16,14,3,33,10,8,18,51
08/06/2015,PDT,OR,ANM,WE,Federal Contract Tower,0,5,0,0,5,0,9,19,0,28,0,14,19,0,33,0,0,0,33
08/07/2015,PDT,OR,ANM,WE,Federal Contract Tower,0,3,2,0,5,0,10,10,2,22,0,13,12,2,27,2,0,2,29
08/08/2015,PDT,OR,ANM,WE,Federal Contract Tower,0,1,0,0,1,0,1,25,0,26,0,2,25,0,27,2,0,2,29
08/09/2015,PDT,OR,ANM,WE,Federal Contract Tower,0,0,2,0,2,0,6,13,0,19,0,6,15,0,21,0,0,0,21
08/10/2015,PDT,OR,ANM,WE,Federal Contract Tower,0,4,0,0,4,0,7,5,3,15,0,11,5,3,19,0,0,0,19
08/11/2015,PDT,OR,ANM,WE,Federal Contract Tower,0,3,2,0,5,0,13,28,0,41,0,16,30,0,46,44,0,44,90
08/12/2015,PDT,OR,ANM,WE,Federal Contract Tower,0,7,3,0,10,0,13,53,0,66,0,20,56,0,76,20,0,20,96
08/13/2015,PDT,OR,ANM,WE,Federal Contract Tower,0,6,0,1,7,0,14,101,1,116,0,20,101,2,123,0,0,0,123
08/14/2015,PDT,OR,ANM,WE,Federal Contract Tower,0,8,3,0,11,0,4,57,0,61,0,12,60,0,72,0,0,0,72
08/15/2015,PDT,OR,ANM,WE,Federal Contract Tower,0,0,1,0,1,0,1,103,2,106,0,1,104,2,107,0,0,0,107
08/16/2015,PDT,OR,ANM,WE,Federal Contract Tower,0,0,1,0,1,0,2,22,4,28,0,2,23,4,29,0,2,2,31
08/17/2015,PDT,OR,ANM,WE,Federal Contract Tower,0,5,0,0,5,0,4,11,0,15,0,9,11,0,20,0,0,0,20
08/18/2015,PDT,OR,ANM,WE,Federal Contract Tower,0,6,4,2,12,0,3,6,6,15,0,9,10,8,27,0,0,0,27
08/19/2015,PDT,OR,ANM,WE,Federal Contract Tower,0,4,2,0,6,0,7,8,9,24,0,11,10,9,30,0,0,0,30
08/20/2015,PDT,OR,ANM,WE,Federal Contract Tower,0,6,6,0,12,0,12,9,1,22,0,18,15,1,34,0,0,0,34
08/21/2015,PDT,OR,ANM,WE,Federal Contract Tower,0,6,1,0,7,0,7,4,3,14,0,13,5,3,21,0,0,0,21
08/22/2015,PDT,OR,ANM,WE,Federal Contract Tower,0,1,0,0,1,0,1,4,0,5,0,2,4,0,6,0,0,0,6
08/23/2015,PDT,OR,ANM,WE,Federal Contract Tower,0,0,1,0,1,0,4,10,0,14,0,4,11,0,15,14,0,14,29
08/24/2015,PDT,OR,ANM,WE,Federal Contract Tower,0,5,0,0,5,0,5,12,6,23,0,10,12,6,28,42,8,50,78
08/25/2015,PDT,OR,ANM,WE,Federal Contract Tower,0,5,0,2,7,0,10,17,10,37,0,15,17,12,44,8,10,18,62
08/26/2015,PDT,OR,ANM,WE,Federal Contract Tower,0,4,6,3,13,0,7,19,3,29,0,11,25,6,42,24,2,26,68
08/27/2015,PDT,OR,ANM,WE,Federal Contract Tower,0,5,0,0,5,0,6,12,4,22,0,11,12,4,27,79,16,95,122
08/28/2015,PDT,OR,ANM,WE,Federal Contract Tower,0,7,0,0,7,0,11,7,0,18,0,18,7,0,25,0,0,0,25
08/29/2015,PDT,OR,ANM,WE,Federal Contract Tower,0,1,0,0,1,0,6,2,0,8,0,7,2,0,9,0,0,0,9
08/30/2015,PDT,OR,ANM,WE,Federal Contract Tower,0,3,1,0,4,0,3,3,0,6,0,6,4,0,10,0,0,0,10
08/31/2015,PDT,OR,ANM,WE,Federal Contract Tower,0,3,0,0,3,0,9,6,2,17,0,12,6,2,20,0,0,0,20
09/01/2015,PDT,OR,ANM,WE,Federal Contract Tower,0,4,0,2,6,0,8,9,2,19,0,12,9,4,25,0,2,2,27
09/02/2015,PDT,OR,ANM,WE,Federal Contract Tower,0,8,2,0,10,0,8,2,0,10,0,16,4,0,20,0,2,2,22
09/03/2015,PDT,OR,ANM,WE,Federal Contract Tower,0,5,1,0,6,0,14,11,12,37,0,19,12,12,43,0,6,6,49
09/04/2015,PDT,OR,ANM,WE,Federal Contract Tower,0,6,0,0,6,0,5,10,0,15,0,11,10,0,21,4,0,4,25
09/05/2015,PDT,OR,ANM,WE,Federal Contract Tower,0,4,1,0,5,0,3,5,0,8,0,7,6,0,13,14,0,14,27
09/06/2015,PDT,OR,ANM,WE,Federal Contract Tower,0,2,0,0,2,0,2,22,0,24,0,4,22,0,26,67,0,67,93
09/07/2015,PDT,OR,ANM,WE,Federal Contract Tower,0,3,2,0,5,0,4,32,0,36,0,7,34,0,41,4,0,4,45
09/08/2015,PDT,OR,ANM,WE,Federal Contract Tower,0,4,0,0,4,0,5,27,7,39,0,9,27,7,43,10,1,11,54
09/09/2015,PDT,OR,ANM,WE,Federal Contract Tower,0,3,3,1,7,0,5,19,4,28,0,8,22,5,35,12,2,14,49
09/10/2015,PDT,OR,ANM,WE,Federal Contract Tower,0,8,0,1,9,0,9,8,8,25,0,17,8,9,34,0,6,6,40
09/11/2015,PDT,OR,ANM,WE,Federal Contract Tower,0,5,1,0,6,0,10,19,10,39,0,15,20,10,45,2,0,2,47
09/12/2015,PDT,OR,ANM,WE,Federal Contract Tower,0,0,0,2,2,0,2,10,0,12,0,2,10,2,14,6,0,6,20
09/13/2015,PDT,OR,ANM,WE,Federal Contract Tower,0,0,7,0,7,0,6,17,0,23,0,6,24,0,30,4,0,4,34
09/14/2015,PDT,OR,ANM,WE,Federal Contract Tower,0,4,5,0,9,0,7,9,4,20,0,11,14,4,29,0,0,0,29
09/15/2015,PDT,OR,ANM,WE,Federal Contract Tower,0,8,3,0,11,0,8,8,2,18,0,16,11,2,29,0,0,0,29
09/16/2015,PDT,OR,ANM,WE,Federal Contract Tower,0,8,3,0,11,0,10,10,0,20,0,18,13,0,31,0,0,0,31
09/17/2015,PDT,OR,ANM,WE,Federal Contract Tower,0,6,6,0,12,0,8,0,2,10,0,14,6,2,22,1,0,1,23
09/18/2015,PDT,OR,ANM,WE,Federal Contract Tower,0,16,4,0,20,0,21,25,0,46,0,37,29,0,66,64,0,64,130
09/19/2015,PDT,OR,ANM,WE,Federal Contract Tower,0,0,12,0,12,0,4,27,0,31,0,4,39,0,43,66,0,66,109
09/20/2015,PDT,OR,ANM,WE,Federal Contract Tower,0,2,3,0,5,0,2,20,0,22,0,4,23,0,27,0,0,0,27
09/21/2015,PDT,OR,ANM,WE,Federal Contract Tower,0,3,0,0,3,0,6,22,0,28,0,9,22,0,31,8,0,8,39
09/22/2015,PDT,OR,ANM,WE,Federal Contract Tower,0,5,6,0,11,0,7,9,0,16,0,12,15,0,27,2,0,2,29
09/23/2015,PDT,OR,ANM,WE,Federal Contract Tower,0,4,1,0,5,0,12,10,2,24,0,16,11,2,29,6,0,6,35
09/24/2015,PDT,OR,ANM,WE,Federal Contract Tower,0,5,0,0,5,0,8,16,0,24,0,13,16,0,29,4,0,4,33
09/25/2015,PDT,OR,ANM,WE,Federal Contract Tower,0,8,3,9,20,0,9,24,8,41,0,17,27,17,61,0,0,0,61
09/26/2015,PDT,OR,ANM,WE,Federal Contract Tower,0,0,0,0,0,0,8,17,5,30,0,8,17,5,30,0,0,0,30
09/27/2015,PDT,OR,ANM,WE,Federal Contract Tower,0,0,1,0,1,0,3,8,0,11,0,3,9,0,12,0,0,0,12
09/28/2015,PDT,OR,ANM,WE,Federal Contract Tower,0,3,3,0,6,0,10,10,3,23,0,13,13,3,29,0,0,0,29
09/29/2015,PDT,OR,ANM,WE,Federal Contract Tower,0,5,1,0,6,0,8,17,6,31,0,13,18,6,37,1,0,1,38
09/30/2015,PDT,OR,ANM,WE,Federal Contract Tower,0,8,4,0,12,0,7,11,8,26,0,15,15,8,38,4,8,12,50
10/01/2015,PDT,OR,ANM,WE,Federal Contract Tower,0,8,0,1,9,0,9,8,5,22,0,17,8,6,31,0,0,0,31
10/02/2015,PDT,OR,ANM,WE,Federal Contract Tower,0,7,4,0,11,0,12,21,3,36,0,19,25,3,47,32,0,32,79
10/03/2015,PDT,OR,ANM,WE,Federal Contract Tower,0,3,0,1,4,0,6,9,3,18,0,9,9,4,22,42,0,42,64
10/04/2015,PDT,OR,ANM,WE,Federal Contract Tower,0,0,2,0,2,0,3,17,0,20,0,3,19,0,22,0,0,0,22
10/05/2015,PDT,OR,ANM,WE,Federal Contract Tower,0,2,0,0,2,0,8,24,3,35,0,10,24,3,37,10,10,20,57
10/06/2015,PDT,OR,ANM,WE,Federal Contract Tower,0,4,0,0,4,0,12,11,6,29,0,16,11,6,33,0,0,0,33
10/07/2015,PDT,OR,ANM,WE,Federal Contract Tower,0,8,3,0,11,0,6,4,4,14,0,14,7,4,25,4,2,6,31
10/08/2015,PDT,OR,ANM,WE,Federal Contract Tower,0,9,1,2,12,0,13,9,4,26,0,22,10,6,38,0,2,2,40
10/09/2015,PDT,OR,ANM,WE,Federal Contract Tower,0,5,1,0,6,0,5,8,9,22,0,10,9,9,28,2,8,10,38
10/10/2015,PDT,OR,ANM,WE,Federal Contract Tower,0,1,1,0,2,0,6,12,0,18,0,7,13,0,20,14,0,14,34
10/11/2015,PDT,OR,ANM,WE,Federal Contract Tower,0,0,2,0,2,0,4,5,0,9,0,4,7,0,11,0,0,0,11
10/12/2015,PDT,OR,ANM,WE,Federal Contract Tower,0,5,0,0,5,0,13,13,0,26,0,18,13,0,31,0,0,0,31
10/13/2015,PDT,OR,ANM,WE,Federal Contract Tower,0,8,1,0,9,0,9,5,0,14,0,17,6,0,23,8,0,8,31
10/14/2015,PDT,OR,ANM,WE,Federal Contract Tower,0,10,2,0,12,0,9,7,0,16,0,19,9,0,28,2,0,2,30
10/15/2015,PDT,OR,ANM,WE,Federal Contract Tower,0,10,4,1,15,0,7,28,0,35,0,17,32,1,50,6,0,6,56
10/16/2015,PDT,OR,ANM,WE,Federal Contract Tower,0,5,1,0,6,0,31,21,0,52,0,36,22,0,58,12,0,12,70
10/17/2015,PDT,OR,ANM,WE,Federal Contract Tower,0,1,0,0,1,0,4,8,0,12,0,5,8,0,13,4,0,4,17
10/18/2015,PDT,OR,ANM,WE,Federal Contract Tower,0,0,1,0,1,0,3,10,0,13,0,3,11,0,14,0,0,0,14
10/19/2015,PDT,OR,ANM,WE,Federal Contract Tower,0,5,1,0,6,0,6,4,4,14,0,11,5,4,20,0,2,2,22
10/20/2015,PDT,OR,ANM,WE,Federal Contract Tower,0,10,1,0,11,0,5,18,0,23,0,15,19,0,34,4,0,4,38
10/21/2015,PDT,OR,ANM,WE,Federal Contract Tower,0,9,0,0,9,0,12,28,0,40,0,21,28,0,49,0,0,0,49
10/22/2015,PDT,OR,ANM,WE,Federal Contract Tower,0,10,2,0,12,0,6,19,0,25,0,16,21,0,37,0,0,0,37
10/23/2015,PDT,OR,ANM,WE,Federal Contract Tower,0,6,0,0,6,0,17,34,0,51,0,23,34,0,57,0,0,0,57
10/24/2015,PDT,OR,ANM,WE,Federal Contract Tower,0,1,2,0,3,0,2,9,8,19,0,3,11,8,22,0,0,0,22
10/25/2015,PDT,OR,ANM,WE,Federal Contract Tower,0,0,1,0,1,0,5,3,0,8,0,5,4,0,9,0,0,0,9
10/26/2015,PDT,OR,ANM,WE,Federal Contract Tower,0,7,1,0,8,0,6,3,0,9,0,13,4,0,17,20,0,20,37
10/27/2015,PDT,OR,ANM,WE,Federal Contract Tower,0,6,0,0,6,0,10,12,0,22,0,16,12,0,28,2,0,2,30
10/28/2015,PDT,OR,ANM,WE,Federal Contract Tower,0,11,2,2,15,0,8,7,0,15,0,19,9,2,30,0,0,0,30
10/29/2015,PDT,OR,ANM,WE,Federal Contract Tower,0,13,0,0,13,0,4,3,2,9,0,17,3,2,22,0,0,0,22
10/30/2015,PDT,OR,ANM,WE,Federal Contract Tower,0,12,4,0,16,0,3,1,0,4,0,15,5,0,20,0,0,0,20
10/31/2015,PDT,OR,ANM,WE,Federal Contract Tower,0,5,2,0,7,0,4,2,2,8,0,9,4,2,15,0,0,0,15
11/01/2015,PDT,OR,ANM,WE,Federal Contract Tower,0,0,3,4,7,0,2,4,7,13,0,2,7,11,20,14,0,14,34
11/02/2015,PDT,OR,ANM,WE,Federal Contract Tower,0,5,3,1,9,0,8,8,9,25,0,13,11,10,34,4,0,4,38
11/03/2015,PDT,OR,ANM,WE,Federal Contract Tower,0,10,0,2,12,0,7,3,3,13,0,17,3,5,25,0,4,4,29
11/04/2015,PDT,OR,ANM,WE,Federal Contract Tower,0,7,5,0,12,0,16,14,14,44,0,23,19,14,56,0,0,0,56
11/05/2015,PDT,OR,ANM,WE,Federal Contract Tower,0,10,0,0,10,0,7,3,4,14,0,17,3,4,24,0,0,0,24
11/06/2015,PDT,OR,ANM,WE,Federal Contract Tower,0,8,2,1,11,0,0,0,0,0,0,8,2,1,11,0,0,0,11
11/07/2015,PDT,OR,ANM,WE,Federal Contract Tower,0,2,1,0,3,0,6,3,10,19,0,8,4,10,22,0,0,0,22
11/08/2015,PDT,OR,ANM,WE,Federal Contract Tower,0,3,0,1,4,0,2,4,7,13,0,5,4,8,17,0,0,0,17
11/09/2015,PDT,OR,ANM,WE,Federal Contract Tower,0,6,2,2,10,0,4,4,0,8,0,10,6,2,18,0,2,2,20
11/10/2015,PDT,OR,ANM,WE,Federal Contract Tower,0,10,0,0,10,0,7,7,2,16,0,17,7,2,26,0,0,0,26
11/11/2015,PDT,OR,ANM,WE,Federal Contract Tower,0,11,0,0,11,0,11,7,8,26,0,22,7,8,37,0,0,0,37
11/12/2015,PDT,OR,ANM,WE,Federal Contract Tower,0,8,2,4,14,0,11,7,3,21,0,19,9,7,35,0,8,8,43
11/13/2015,PDT,OR,ANM,WE,Federal Contract Tower,0,11,0,0,11,0,8,3,0,11,0,19,3,0,22,0,0,0,22
11/14/2015,PDT,OR,ANM,WE,Federal Contract Tower,0,2,0,0,2,0,10,10,2,22,0,12,10,2,24,14,0,14,38
11/15/2015,PDT,OR,ANM,WE,Federal Contract Tower,0,0,2,0,2,0,4,0,0,4,0,4,2,0,6,0,0,0,6
11/16/2015,PDT,OR,ANM,WE,Federal Contract Tower,0,4,0,2,6,0,10,3,2,15,0,14,3,4,21,0,0,0,21
11/17/2015,PDT,OR,ANM,WE,Federal Contract Tower,0,9,0,0,9,0,6,0,5,11,0,15,0,5,20,0,0,0,20
11/18/2015,PDT,OR,ANM,WE,Federal Contract Tower,0,12,1,2,15,0,13,5,1,19,0,25,6,3,34,0,0,0,34
11/19/2015,PDT,OR,ANM,WE,Federal Contract Tower,0,24,1,0,25,0,0,0,0,0,0,24,1,0,25,0,0,0,25
11/20/2015,PDT,OR,ANM,WE,Federal Contract Tower,0,14,2,0,16,0,16,8,0,24,0,30,10,0,40,2,0,2,42
11/21/2015,PDT,OR,ANM,WE,Federal Contract Tower,0,2,0,0,2,0,9,7,0,16,0,11,7,0,18,0,0,0,18
11/22/2015,PDT,OR,ANM,WE,Federal Contract Tower,0,0,0,0,0,0,0,0,0,0,0,0,0,0,0,0,0,0,0
11/23/2015,PDT,OR,ANM,WE,Federal Contract Tower,0,4,0,0,4,0,0,0,0,0,0,4,0,0,4,0,0,0,4
11/24/2015,PDT,OR,ANM,WE,Federal Contract Tower,0,6,4,0,10,0,0,0,0,0,0,6,4,0,10,0,0,0,10
11/25/2015,PDT,OR,ANM,WE,Federal Contract Tower,0,7,0,0,7,0,10,2,0,12,0,17,2,0,19,0,0,0,19
11/26/2015,PDT,OR,ANM,WE,Federal Contract Tower,0,0,2,0,2,0,6,0,0,6,0,6,2,0,8,0,0,0,8
11/27/2015,PDT,OR,ANM,WE,Federal Contract Tower,0,6,0,0,6,0,5,2,0,7,0,11,2,0,13,0,0,0,13
11/28/2015,PDT,OR,ANM,WE,Federal Contract Tower,0,3,2,0,5,0,0,0,0,0,0,3,2,0,5,0,0,0,5
11/29/2015,PDT,OR,ANM,WE,Federal Contract Tower,0,2,0,0,2,0,0,0,0,0,0,2,0,0,2,0,0,0,2
11/30/2015,PDT,OR,ANM,WE,Federal Contract Tower,0,10,0,2,12,0,0,1,4,5,0,10,1,6,17,0,14,14,31
12/01/2015,PDT,OR,ANM,WE,Federal Contract Tower,0,12,2,0,14,0,0,0,0,0,0,12,2,0,14,0,0,0,14
12/02/2015,PDT,OR,ANM,WE,Federal Contract Tower,0,15,0,0,15,0,0,0,0,0,0,15,0,0,15,0,0,0,15
12/03/2015,PDT,OR,ANM,WE,Federal Contract Tower,0,11,0,0,11,0,6,1,0,7,0,17,1,0,18,0,0,0,18
12/04/2015,PDT,OR,ANM,WE,Federal Contract Tower,0,9,1,2,12,0,4,1,0,5,0,13,2,2,17,0,0,0,17
12/05/2015,PDT,OR,ANM,WE,Federal Contract Tower,0,3,0,0,3,0,1,4,0,5,0,4,4,0,8,0,0,0,8
12/06/2015,PDT,OR,ANM,WE,Federal Contract Tower,0,1,3,0,4,0,4,7,0,11,0,5,10,0,15,2,0,2,17
12/07/2015,PDT,OR,ANM,WE,Federal Contract Tower,0,8,0,2,10,0,1,0,2,3,0,9,0,4,13,0,4,4,17
12/08/2015,PDT,OR,ANM,WE,Federal Contract Tower,0,5,3,0,8,0,3,0,0,3,0,8,3,0,11,0,0,0,11
12/09/2015,PDT,OR,ANM,WE,Federal Contract Tower,0,5,2,0,7,0,8,0,0,8,0,13,2,0,15,2,0,2,17
12/10/2015,PDT,OR,ANM,WE,Federal Contract Tower,0,9,0,0,9,0,4,0,0,4,0,13,0,0,13,2,0,2,15
12/11/2015,PDT,OR,ANM,WE,Federal Contract Tower,0,6,2,0,8,0,2,11,2,15,0,8,13,2,23,24,0,24,47
12/12/2015,PDT,OR,ANM,WE,Federal Contract Tower,0,2,6,1,9,0,0,3,0,3,0,2,9,1,12,0,0,0,12
12/13/2015,PDT,OR,ANM,WE,Federal Contract Tower,0,2,2,0,4,0,7,3,0,10,0,9,5,0,14,0,0,0,14
12/14/2015,PDT,OR,ANM,WE,Federal Contract Tower,0,4,0,0,4,0,7,6,0,13,0,11,6,0,17,0,0,0,17
12/15/2015,PDT,OR,ANM,WE,Federal Contract Tower,0,8,4,0,12,0,4,10,5,19,0,12,14,5,31,0,12,12,43
12/16/2015,PDT,OR,ANM,WE,Federal Contract Tower,0,9,3,0,12,0,5,3,2,10,0,14,6,2,22,0,8,8,30
12/17/2015,PDT,OR,ANM,WE,Federal Contract Tower,0,12,0,2,14,0,0,0,0,0,0,12,0,2,14,0,0,0,14
12/18/2015,PDT,OR,ANM,WE,Federal Contract Tower,0,10,0,0,10,0,5,0,0,5,0,15,0,0,15,0,0,0,15
12/19/2015,PDT,OR,ANM,WE,Federal Contract Tower,0,6,0,0,6,0,1,0,0,1,0,7,0,0,7,0,0,0,7
12/20/2015,PDT,OR,ANM,WE,Federal Contract Tower,0,3,0,0,3,0,0,2,0,2,0,3,2,0,5,0,0,0,5
12/21/2015,PDT,OR,ANM,WE,Federal Contract Tower,0,7,0,0,7,0,2,0,0,2,0,9,0,0,9,0,0,0,9
12/22/2015,PDT,OR,ANM,WE,Federal Contract Tower,0,9,0,0,9,0,6,5,0,11,0,15,5,0,20,0,0,0,20
12/23/2015,PDT,OR,ANM,WE,Federal Contract Tower,0,11,2,0,13,0,4,0,0,4,0,15,2,0,17,0,0,0,17
12/24/2015,PDT,OR,ANM,WE,Federal Contract Tower,0,7,0,0,7,0,4,0,0,4,0,11,0,0,11,0,0,0,11
12/25/2015,PDT,OR,ANM,WE,Federal Contract Tower,0,6,0,0,6,0,1,0,0,1,0,7,0,0,7,0,0,0,7
12/26/2015,PDT,OR,ANM,WE,Federal Contract Tower,0,7,3,0,10,0,2,6,0,8,0,9,9,0,18,6,0,6,24
12/27/2015,PDT,OR,ANM,WE,Federal Contract Tower,0,2,0,0,2,0,1,0,0,1,0,3,0,0,3,0,0,0,3
12/28/2015,PDT,OR,ANM,WE,Federal Contract Tower,0,8,0,1,9,0,0,0,0,0,0,8,0,1,9,0,0,0,9
12/29/2015,PDT,OR,ANM,WE,Federal Contract Tower,0,9,0,0,9,0,2,0,0,2,0,11,0,0,11,0,0,0,11
12/30/2015,PDT,OR,ANM,WE,Federal Contract Tower,0,12,2,0,14,0,2,1,0,3,0,14,3,0,17,0,0,0,17
12/31/2015,PDT,OR,ANM,WE,Federal Contract Tower,0,8,0,0,8,0,2,3,0,5,0,10,3,0,13,0,0,0,13
01/01/2016,PDT,OR,ANM,WE,Federal Contract Tower,0,2,0,0,2,0,0,0,0,0,0,2,0,0,2,0,0,0,2
01/02/2016,PDT,OR,ANM,WE,Federal Contract Tower,0,3,0,0,3,0,3,0,0,3,0,6,0,0,6,0,0,0,6
01/03/2016,PDT,OR,ANM,WE,Federal Contract Tower,0,1,0,0,1,0,2,0,0,2,0,3,0,0,3,0,0,0,3
01/04/2016,PDT,OR,ANM,WE,Federal Contract Tower,0,7,0,0,7,0,0,0,0,0,0,7,0,0,7,0,10,10,17
01/05/2016,PDT,OR,ANM,WE,Federal Contract Tower,0,4,2,0,6,0,0,0,0,0,0,4,2,0,6,0,0,0,6
01/06/2016,PDT,OR,ANM,WE,Federal Contract Tower,0,6,0,0,6,0,0,0,0,0,0,6,0,0,6,0,0,0,6
01/07/2016,PDT,OR,ANM,WE,Federal Contract Tower,0,9,2,0,11,0,0,0,0,0,0,9,2,0,11,0,0,0,11
01/08/2016,PDT,OR,ANM,WE,Federal Contract Tower,0,10,4,0,14,0,0,3,0,3,0,10,7,0,17,0,0,0,17
01/09/2016,PDT,OR,ANM,WE,Federal Contract Tower,0,2,1,0,3,0,0,0,0,0,0,2,1,0,3,0,0,0,3
01/10/2016,PDT,OR,ANM,WE,Federal Contract Tower,0,3,1,0,4,0,5,4,0,9,0,8,5,0,13,0,0,0,13
01/11/2016,PDT,OR,ANM,WE,Federal Contract Tower,0,5,1,0,6,0,7,12,0,19,0,12,13,0,25,0,0,0,25
01/12/2016,PDT,OR,ANM,WE,Federal Contract Tower,0,5,8,0,13,0,5,4,0,9,0,10,12,0,22,0,0,0,22
01/13/2016,PDT,OR,ANM,WE,Federal Contract Tower,0,12,2,0,14,0,4,5,4,13,0,16,7,4,27,0,0,0,27
01/14/2016,PDT,OR,ANM,WE,Federal Contract Tower,0,8,0,0,8,0,6,4,4,14,0,14,4,4,22,0,4,4,26
01/15/2016,PDT,OR,ANM,WE,Federal Contract Tower,0,11,1,0,12,0,1,6,0,7,0,12,7,0,19,14,0,14,33
01/16/2016,PDT,OR,ANM,WE,Federal Contract Tower,0,2,0,0,2,0,0,0,0,0,0,2,0,0,2,0,0,0,2
01/17/2016,PDT,OR,ANM,WE,Federal Contract Tower,0,3,0,4,7,0,0,3,0,3,0,3,3,4,10,0,0,0,10
01/18/2016,PDT,OR,ANM,WE,Federal Contract Tower,0,2,0,1,3,0,4,4,2,10,0,6,4,3,13,0,0,0,13
01/19/2016,PDT,OR,ANM,WE,Federal Contract Tower,0,11,1,6,18,0,1,0,1,2,0,12,1,7,20,0,0,0,20
01/20/2016,PDT,OR,ANM,WE,Federal Contract Tower,0,7,0,0,7,0,12,12,17,41,0,19,12,17,48,0,0,0,48
01/21/2016,PDT,OR,ANM,WE,Federal Contract Tower,0,11,3,1,15,0,4,0,15,19,0,15,3,16,34,0,8,8,42
01/22/2016,PDT,OR,ANM,WE,Federal Contract Tower,0,14,0,0,14,0,4,4,0,8,0,18,4,0,22,10,0,10,32
01/23/2016,PDT,OR,ANM,WE,Federal Contract Tower,0,0,2,0,2,0,1,17,0,18,0,1,19,0,20,14,0,14,34
01/24/2016,PDT,OR,ANM,WE,Federal Contract Tower,0,1,2,0,3,0,3,12,0,15,0,4,14,0,18,8,0,8,26
01/25/2016,PDT,OR,ANM,WE,Federal Contract Tower,0,4,1,0,5,0,6,10,0,16,0,10,11,0,21,6,0,6,27
01/26/2016,PDT,OR,ANM,WE,Federal Contract Tower,0,0,10,4,14,0,7,2,2,11,0,7,12,6,25,0,0,0,25
01/27/2016,PDT,OR,ANM,WE,Federal Contract Tower,0,9,2,0,11,0,3,3,2,8,0,12,5,2,19,0,0,0,19
01/28/2016,PDT,OR,ANM,WE,Federal Contract Tower,0,9,6,0,15,0,1,0,0,1,0,10,6,0,16,0,0,0,16
01/29/2016,PDT,OR,ANM,WE,Federal Contract Tower,0,10,2,1,13,0,3,0,0,3,0,13,2,1,16,0,8,8,24
01/30/2016,PDT,OR,ANM,WE,Federal Contract Tower,0,0,6,1,7,0,6,4,5,15,0,6,10,6,22,0,0,0,22
01/31/2016,PDT,OR,ANM,WE,Federal Contract Tower,0,2,0,0,2,0,1,15,0,16,0,3,15,0,18,18,0,18,36
02/01/2016,PDT,OR,ANM,WE,Federal Contract Tower,0,6,2,0,8,0,2,1,5,8,0,8,3,5,16,0,10,10,26
02/02/2016,PDT,OR,ANM,WE,Federal Contract Tower,0,5,0,3,8,0,14,15,4,33,0,19,15,7,41,2,20,22,63
02/03/2016,PDT,OR,ANM,WE,Federal Contract Tower,0,5,0,5,10,0,4,4,11,19,0,9,4,16,29,0,24,24,53
02/04/2016,PDT,OR,ANM,WE,Federal Contract Tower,0,8,0,0,8,0,3,4,5,12,0,11,4,5,20,0,12,12,32
02/05/2016,PDT,OR,ANM,WE,Federal Contract Tower,0,7,1,0,8,0,5,7,0,12,0,12,8,0,20,0,0,0,20
02/06/2016,PDT,OR,ANM,WE,Federal Contract Tower,0,0,3,0,3,0,7,9,0,16,0,7,12,0,19,10,0,10,29
02/07/2016,PDT,OR,ANM,WE,Federal Contract Tower,0,0,0,0,0,0,3,9,0,12,0,3,9,0,12,18,0,18,30
02/08/2016,PDT,OR,ANM,WE,Federal Contract Tower,0,2,0,1,3,0,6,0,1,7,0,8,0,2,10,0,24,24,34
02/09/2016,PDT,OR,ANM,WE,Federal Contract Tower,0,6,3,0,9,0,4,7,5,16,0,10,10,5,25,6,22,28,53
02/10/2016,PDT,OR,ANM,WE,Federal Contract Tower,0,4,1,1,6,0,7,19,5,31,0,11,20,6,37,14,14,28,65
02/11/2016,PDT,OR,ANM,WE,Federal Contract Tower,0,6,1,3,10,0,5,6,1,12,0,11,7,4,22,0,0,0,22
02/12/2016,PDT,OR,ANM,WE,Federal Contract Tower,0,4,2,0,6,0,2,3,0,5,0,6,5,0,11,0,0,0,11
02/13/2016,PDT,OR,ANM,WE,Federal Contract Tower,0,0,0,0,0,0,2,7,0,9,0,2,7,0,9,8,0,8,17
02/14/2016,PDT,OR,ANM,WE,Federal Contract Tower,0,3,0,0,3,0,10,0,0,10,0,13,0,0,13,0,0,0,13
02/15/2016,PDT,OR,ANM,WE,Federal Contract Tower,0,5,2,0,7,0,5,6,0,11,0,10,8,0,18,0,0,0,18
02/16/2016,PDT,OR,ANM,WE,Federal Contract Tower,0,4,2,0,6,0,6,0,4,10,0,10,2,4,16,0,0,0,16
02/17/2016,PDT,OR,ANM,WE,Federal Contract Tower,0,8,1,0,9,0,14,8,3,25,0,22,9,3,34,0,12,12,46
02/18/2016,PDT,OR,ANM,WE,Federal Contract Tower,0,5,2,1,8,0,6,1,1,8,0,11,3,2,16,0,0,0,16
02/19/2016,PDT,OR,ANM,WE,Federal Contract Tower,0,7,1,0,8,0,3,1,0,4,0,10,2,0,12,0,0,0,12
02/20/2016,PDT,OR,ANM,WE,Federal Contract Tower,0,0,4,2,6,0,3,16,0,19,0,3,20,2,25,0,0,0,25
02/21/2016,PDT,OR,ANM,WE,Federal Contract Tower,0,2,0,0,2,0,10,14,0,24,0,12,14,0,26,0,0,0,26
02/22/2016,PDT,OR,ANM,WE,Federal Contract Tower,0,6,1,0,7,0,11,5,6,22,0,17,6,6,29,0,0,0,29
02/23/2016,PDT,OR,ANM,WE,Federal Contract Tower,0,6,0,0,6,0,5,25,2,32,0,11,25,2,38,8,0,8,46
02/24/2016,PDT,OR,ANM,WE,Federal Contract Tower,0,4,5,0,9,0,10,16,2,28,0,14,21,2,37,0,0,0,37
02/25/2016,PDT,OR,ANM,WE,Federal Contract Tower,0,7,6,0,13,0,7,13,2,22,0,14,19,2,35,20,0,20,55
02/26/2016,PDT,OR,ANM,WE,Federal Contract Tower,0,5,0,0,5,0,7,11,2,20,0,12,11,2,25,6,0,6,31
02/27/2016,PDT,OR,ANM,WE,Federal Contract Tower,0,3,3,0,6,0,0,3,0,3,0,3,6,0,9,0,0,0,9
02/28/2016,PDT,OR,ANM,WE,Federal Contract Tower,0,1,2,0,3,0,7,10,0,17,0,8,12,0,20,4,0,4,24
02/29/2016,PDT,OR,ANM,WE,Federal Contract Tower,0,4,2,0,6,0,6,12,6,24,0,10,14,6,30,6,0,6,36
03/01/2016,PDT,OR,ANM,WE,Federal Contract Tower,0,8,0,0,8,0,8,2,0,10,0,16,2,0,18,2,0,2,20
03/02/2016,PDT,OR,ANM,WE,Federal Contract Tower,0,4,1,0,5,0,6,7,4,17,0,10,8,4,22,0,6,6,28
03/03/2016,PDT,OR,ANM,WE,Federal Contract Tower,0,2,2,0,4,0,10,8,2,20,0,12,10,2,24,2,2,4,28
03/04/2016,PDT,OR,ANM,WE,Federal Contract Tower,0,5,2,0,7,0,10,12,0,22,0,15,14,0,29,8,0,8,37
03/05/2016,PDT,OR,ANM,WE,Federal Contract Tower,0,0,2,0,2,0,1,6,0,7,0,1,8,0,9,2,0,2,11
03/06/2016,PDT,OR,ANM,WE,Federal Contract Tower,0,1,0,0,1,0,4,7,0,11,0,5,7,0,12,0,0,0,12
03/07/2016,PDT,OR,ANM,WE,Federal Contract Tower,0,3,1,0,4,0,17,9,2,28,0,20,10,2,32,2,8,10,42
03/08/2016,PDT,OR,ANM,WE,Federal Contract Tower,0,6,0,1,7,0,8,12,1,21,0,14,12,2,28,76,0,76,104
03/09/2016,PDT,OR,ANM,WE,Federal Contract Tower,0,8,2,0,10,0,4,8,0,12,0,12,10,0,22,0,0,0,22
03/10/2016,PDT,OR,ANM,WE,Federal Contract Tower,0,11,2,1,14,0,3,6,3,12,0,14,8,4,26,0,0,0,26
03/11/2016,PDT,OR,ANM,WE,Federal Contract Tower,0,6,0,0,6,0,6,4,0,10,0,12,4,0,16,0,0,0,16
03/12/2016,PDT,OR,ANM,WE,Federal Contract Tower,0,2,1,0,3,0,3,3,0,6,0,5,4,0,9,0,0,0,9
03/13/2016,PDT,OR,ANM,WE,Federal Contract Tower,0,1,2,0,3,0,5,0,0,5,0,6,2,0,8,0,0,0,8
03/14/2016,PDT,OR,ANM,WE,Federal Contract Tower,0,7,2,2,11,0,6,0,7,13,0,13,2,9,24,14,0,14,38
03/15/2016,PDT,OR,ANM,WE,Federal Contract Tower,0,5,2,0,7,0,8,2,0,10,0,13,4,0,17,0,0,0,17
03/16/2016,PDT,OR,ANM,WE,Federal Contract Tower,0,7,6,0,13,0,3,9,5,17,0,10,15,5,30,0,4,4,34
03/17/2016,PDT,OR,ANM,WE,Federal Contract Tower,0,4,2,0,6,0,9,28,0,37,0,13,30,0,43,8,0,8,51
03/18/2016,PDT,OR,ANM,WE,Federal Contract Tower,0,5,1,0,6,0,9,36,0,45,0,14,37,0,51,10,0,10,61
03/19/2016,PDT,OR,ANM,WE,Federal Contract Tower,0,1,2,0,3,0,7,22,0,29,0,8,24,0,32,0,0,0,32
03/20/2016,PDT,OR,ANM,WE,Federal Contract Tower,0,2,1,0,3,0,3,25,0,28,0,5,26,0,31,0,0,0,31
03/21/2016,PDT,OR,ANM,WE,Federal Contract Tower,0,5,0,0,5,0,9,3,0,12,0,14,3,0,17,0,0,0,17
03/22/2016,PDT,OR,ANM,WE,Federal Contract Tower,0,7,0,0,7,0,6,1,0,7,0,13,1,0,14,0,0,0,14
03/23/2016,PDT,OR,ANM,WE,Federal Contract Tower,0,6,0,0,6,0,10,19,0,29,0,16,19,0,35,4,0,4,39
03/24/2016,PDT,OR,ANM,WE,Federal Contract Tower,0,7,0,1,8,0,6,0,1,7,0,13,0,2,15,0,0,0,15
03/25/2016,PDT,OR,ANM,WE,Federal Contract Tower,0,6,0,0,6,0,6,2,0,8,0,12,2,0,14,2,0,2,16
03/26/2016,PDT,OR,ANM,WE,Federal Contract Tower,0,0,2,0,2,0,6,31,0,37,0,6,33,0,39,4,0,4,43
03/27/2016,PDT,OR,ANM,WE,Federal Contract Tower,0,1,0,0,1,0,3,7,0,10,0,4,7,0,11,0,0,0,11
03/28/2016,PDT,OR,ANM,WE,Federal Contract Tower,0,2,1,1,4,0,6,7,0,13,0,8,8,1,17,2,0,2,19
03/29/2016,PDT,OR,ANM,WE,Federal Contract Tower,0,6,8,0,14,0,3,8,9,20,0,9,16,9,34,4,14,18,52
03/30/2016,PDT,OR,ANM,WE,Federal Contract Tower,0,4,3,0,7,0,11,29,2,42,0,15,32,2,49,2,2,4,53
04/01/2016,PDT,OR,ANM,WE,Federal Contract Tower,0,5,5,0,10,0,9,51,0,60,0,14,56,0,70,24,0,24,94
04/02/2016,PDT,OR,ANM,WE,Federal Contract Tower,0,0,2,0,2,0,4,36,0,40,0,4,38,0,42,6,0,6,48
04/03/2016,PDT,OR,ANM,WE,Federal Contract Tower,0,1,4,0,5,0,4,25,0,29,0,5,29,0,34,20,0,20,54
04/04/2016,PDT,OR,ANM,WE,Federal Contract Tower,0,3,0,0,3,0,11,1,0,12,0,14,1,0,15,6,0,6,21
04/05/2016,PDT,OR,ANM,WE,Federal Contract Tower,0,4,2,0,6,0,8,20,4,32,0,12,22,4,38,6,0,6,44
04/06/2016,PDT,OR,ANM,WE,Federal Contract Tower,0,4,0,0,4,0,10,26,2,38,0,14,26,2,42,6,0,6,48
04/07/2016,PDT,OR,ANM,WE,Federal Contract Tower,0,4,1,2,7,0,6,21,6,33,0,10,22,8,40,0,6,6,46
04/08/2016,PDT,OR,ANM,WE,Federal Contract Tower,0,4,2,0,6,0,11,16,0,27,0,15,18,0,33,2,0,2,35
04/09/2016,PDT,OR,ANM,WE,Federal Contract Tower,0,1,1,0,2,0,3,17,2,22,0,4,18,2,24,0,6,6,30
04/10/2016,PDT,OR,ANM,WE,Federal Contract Tower,0,0,0,0,0,0,9,25,0,34,0,9,25,0,34,6,0,6,40
04/11/2016,PDT,OR,ANM,WE,Federal Contract Tower,0,3,5,0,8,0,8,18,0,26,0,11,23,0,34,0,0,0,34
04/12/2016,PDT,OR,ANM,WE,Federal Contract Tower,0,6,1,0,7,0,8,1,0,9,0,14,2,0,16,0,0,0,16
04/13/2016,PDT,OR,ANM,WE,Federal Contract Tower,0,7,1,0,8,0,11,13,8,32,0,18,14,8,40,4,6,10,50
04/14/2016,PDT,OR,ANM,WE,Federal Contract Tower,0,6,1,0,7,0,7,9,5,21,0,13,10,5,28,0,14,14,42
04/15/2016,PDT,OR,ANM,WE,Federal Contract Tower,0,6,0,0,6,0,6,26,4,36,0,12,26,4,42,8,0,8,50
04/16/2016,PDT,OR,ANM,WE,Federal Contract Tower,0,0,0,0,0,0,7,14,0,21,0,7,14,0,21,2,0,2,23
04/17/2016,PDT,OR,ANM,WE,Federal Contract Tower,0,0,2,0,2,0,6,14,0,20,0,6,16,0,22,4,0,4,26
04/18/2016,PDT,OR,ANM,WE,Federal Contract Tower,0,3,1,0,4,0,10,15,0,25,0,13,16,0,29,0,0,0,29
04/19/2016,PDT,OR,ANM,WE,Federal Contract Tower,0,6,2,0,8,0,22,22,3,47,0,28,24,3,55,2,10,12,67
04/20/2016,PDT,OR,ANM,WE,Federal Contract Tower,0,4,3,0,7,0,10,32,3,45,0,14,35,3,52,12,2,14,66
04/21/2016,PDT,OR,ANM,WE,Federal Contract Tower,0,5,4,0,9,0,15,28,6,49,0,20,32,6,58,12,0,12,70
04/22/2016,PDT,OR,ANM,WE,Federal Contract Tower,0,4,1,1,6,0,12,12,8,32,0,16,13,9,38,0,22,22,60
04/23/2016,PDT,OR,ANM,WE,Federal Contract Tower,0,2,0,0,2,0,5,1,0,6,0,7,1,0,8,0,0,0,8
04/24/2016,PDT,OR,ANM,WE,Federal Contract Tower,0,1,0,0,1,0,6,4,0,10,0,7,4,0,11,2,0,2,13
04/25/2016,PDT,OR,ANM,WE,Federal Contract Tower,0,1,0,0,1,0,10,13,0,23,0,11,13,0,24,0,0,0,24
04/26/2016,PDT,OR,ANM,WE,Federal Contract Tower,0,7,2,1,10,0,10,10,1,21,0,17,12,2,31,14,6,20,51
04/27/2016,PDT,OR,ANM,WE,Federal Contract Tower,0,9,0,0,9,0,11,2,0,13,0,20,2,0,22,0,0,0,22
04/28/2016,PDT,OR,ANM,WE,Federal Contract Tower,0,8,0,1,9,0,17,15,3,35,0,25,15,4,44,0,0,0,44
04/29/2016,PDT,OR,ANM,WE,Federal Contract Tower,0,10,1,0,11,0,10,11,0,21,0,20,12,0,32,0,0,0,32
04/30/2016,PDT,OR,ANM,WE,Federal Contract Tower,0,6,0,0,6,0,9,26,0,35,0,15,26,0,41,10,0,10,51
05/01/2016,PDT,OR,ANM,WE,Federal Contract Tower,0,0,0,0,0,0,7,27,0,34,0,7,27,0,34,16,0,16,50
05/02/2016,PDT,OR,ANM,WE,Federal Contract Tower,0,2,0,0,2,0,13,19,0,32,0,15,19,0,34,2,0,2,36
05/03/2016,PDT,OR,ANM,WE,Federal Contract Tower,0,4,0,2,6,0,18,18,2,38,0,22,18,4,44,4,0,4,48
05/04/2016,PDT,OR,ANM,WE,Federal Contract Tower,0,5,2,0,7,0,8,26,3,37,0,13,28,3,44,8,8,16,60
05/05/2016,PDT,OR,ANM,WE,Federal Contract Tower,0,10,1,0,11,0,14,22,0,36,0,24,23,0,47,0,0,0,47
05/06/2016,PDT,OR,ANM,WE,Federal Contract Tower,0,8,0,0,8,0,10,20,0,30,0,18,20,0,38,0,0,0,38
05/07/2016,PDT,OR,ANM,WE,Federal Contract Tower,0,1,2,0,3,0,6,22,0,28,0,7,24,0,31,2,0,2,33
05/08/2016,PDT,OR,ANM,WE,Federal Contract Tower,0,0,0,0,0,0,6,2,0,8,0,6,2,0,8,0,0,0,8
05/09/2016,PDT,OR,ANM,WE,Federal Contract Tower,0,5,4,1,10,0,7,2,1,10,0,12,6,2,20,0,0,0,20
05/10/2016,PDT,OR,ANM,WE,Federal Contract Tower,0,5,1,4,10,0,15,21,2,38,0,20,22,6,48,2,4,6,54
05/11/2016,PDT,OR,ANM,WE,Federal Contract Tower,0,6,2,1,9,0,11,27,0,38,0,17,29,1,47,5,2,7,54
05/12/2016,PDT,OR,ANM,WE,Federal Contract Tower,0,6,9,0,15,0,15,56,0,71,0,21,65,0,86,82,0,82,168
05/13/2016,PDT,OR,ANM,WE,Federal Contract Tower,0,5,3,2,10,0,10,80,2,92,0,15,83,4,102,72,0,72,174
05/14/2016,PDT,OR,ANM,WE,Federal Contract Tower,0,2,0,0,2,0,3,20,0,23,0,5,20,0,25,4,0,4,29
05/15/2016,PDT,OR,ANM,WE,Federal Contract Tower,0,2,0,0,2,0,4,4,0,8,0,6,4,0,10,6,0,6,16
05/16/2016,PDT,OR,ANM,WE,Federal Contract Tower,0,8,2,0,10,0,5,15,0,20,0,13,17,0,30,0,0,0,30
05/17/2016,PDT,OR,ANM,WE,Federal Contract Tower,0,8,0,0,8,0,9,14,8,31,0,17,14,8,39,0,0,0,39
05/18/2016,PDT,OR,ANM,WE,Federal Contract Tower,0,6,2,0,8,0,18,29,0,47,0,24,31,0,55,0,0,0,55
05/19/2016,PDT,OR,ANM,WE,Federal Contract Tower,0,10,0,0,10,0,6,9,0,15,0,16,9,0,25,0,0,0,25
05/20/2016,PDT,OR,ANM,WE,Federal Contract Tower,0,9,2,0,11,0,15,20,2,37,0,24,22,2,48,0,0,0,48
05/21/2016,PDT,OR,ANM,WE,Federal Contract Tower,0,1,0,0,1,0,2,7,0,9,0,3,7,0,10,0,0,0,10
05/22/2016,PDT,OR,ANM,WE,Federal Contract Tower,0,1,1,0,2,0,6,3,0,9,0,7,4,0,11,0,0,0,11
05/23/2016,PDT,OR,ANM,WE,Federal Contract Tower,0,2,5,0,7,0,14,10,0,24,0,16,15,0,31,0,0,0,31
05/24/2016,PDT,OR,ANM,WE,Federal Contract Tower,0,6,3,0,9,0,15,5,0,20,0,21,8,0,29,12,0,12,41
05/25/2016,PDT,OR,ANM,WE,Federal Contract Tower,0,9,2,2,13,0,11,11,0,22,0,20,13,2,35,16,0,16,51
05/26/2016,PDT,OR,ANM,WE,Federal Contract Tower,0,5,1,0,6,0,0,0,0,0,0,5,1,0,6,0,0,0,6
05/27/2016,PDT,OR,ANM,WE,Federal Contract Tower,0,8,10,0,18,0,13,17,0,30,0,21,27,0,48,0,0,0,48
05/28/2016,PDT,OR,ANM,WE,Federal Contract Tower,0,3,0,0,3,0,10,19,0,29,0,13,19,0,32,30,0,30,62
05/29/2016,PDT,OR,ANM,WE,Federal Contract Tower,0,0,2,0,2,0,5,15,0,20,0,5,17,0,22,0,0,0,22
05/30/2016,PDT,OR,ANM,WE,Federal Contract Tower,0,0,3,0,3,0,0,0,0,0,0,0,3,0,3,4,0,4,7
05/31/2016,PDT,OR,ANM,WE,Federal Contract Tower,0,5,0,0,5,0,0,0,0,0,0,5,0,0,5,0,0,0,5
06/01/2016,PDT,OR,ANM,WE,Federal Contract Tower,0,4,0,0,4,0,12,18,0,30,0,16,18,0,34,0,0,0,34
06/02/2016,PDT,OR,ANM,WE,Federal Contract Tower,0,7,0,0,7,0,11,10,0,21,0,18,10,0,28,0,0,0,28
06/03/2016,PDT,OR,ANM,WE,Federal Contract Tower,0,3,1,0,4,0,15,28,6,49,0,18,29,6,53,4,0,4,57
06/04/2016,PDT,OR,ANM,WE,Federal Contract Tower,0,1,2,0,3,0,10,10,0,20,0,11,12,0,23,0,0,0,23
06/05/2016,PDT,OR,ANM,WE,Federal Contract Tower,0,1,2,0,3,0,9,14,0,23,0,10,16,0,26,0,0,0,26
06/06/2016,PDT,OR,ANM,WE,Federal Contract Tower,0,3,1,0,4,0,0,0,0,0,0,3,1,0,4,16,10,26,30
06/07/2016,PDT,OR,ANM,WE,Federal Contract Tower,0,5,0,0,5,0,0,0,0,0,0,5,0,0,5,18,0,18,23
06/08/2016,PDT,OR,ANM,WE,Federal Contract Tower,0,2,1,0,3,0,11,4,0,15,0,13,5,0,18,4,0,4,22
06/09/2016,PDT,OR,ANM,WE,Federal Contract Tower,0,4,5,0,9,0,17,22,0,39,0,21,27,0,48,0,0,0,48
06/10/2016,PDT,OR,ANM,WE,Federal Contract Tower,0,11,4,0,15,0,9,10,0,19,0,20,14,0,34,0,0,0,34
06/11/2016,PDT,OR,ANM,WE,Federal Contract Tower,0,3,0,0,3,0,7,9,0,16,0,10,9,0,19,0,0,0,19
06/12/2016,PDT,OR,ANM,WE,Federal Contract Tower,0,0,1,0,1,0,6,16,0,22,0,6,17,0,23,2,0,2,25
06/13/2016,PDT,OR,ANM,WE,Federal Contract Tower,0,2,3,0,5,0,0,0,0,0,0,2,3,0,5,18,0,18,23
06/14/2016,PDT,OR,ANM,WE,Federal Contract Tower,0,11,2,0,13,0,0,0,0,0,0,11,2,0,13,0,0,0,13
06/15/2016,PDT,OR,ANM,WE,Federal Contract Tower,0,7,4,0,11,0,12,21,6,39,0,19,25,6,50,0,12,12,62
06/16/2016,PDT,OR,ANM,WE,Federal Contract Tower,0,8,1,0,9,0,16,7,0,23,0,24,8,0,32,0,0,0,32
06/17/2016,PDT,OR,ANM,WE,Federal Contract Tower,0,5,6,4,15,0,13,17,2,32,0,18,23,6,47,0,2,2,49
06/18/2016,PDT,OR,ANM,WE,Federal Contract Tower,0,3,0,0,3,0,6,7,0,13,0,9,7,0,16,0,0,0,16
06/19/2016,PDT,OR,ANM,WE,Federal Contract Tower,0,0,1,0,1,0,6,12,0,18,0,6,13,0,19,0,0,0,19
06/20/2016,PDT,OR,ANM,WE,Federal Contract Tower,0,2,2,0,4,0,0,0,0,0,0,2,2,0,4,0,0,0,4
06/21/2016,PDT,OR,ANM,WE,Federal Contract Tower,0,6,1,5,12,0,0,0,0,0,0,6,1,5,12,4,19,23,35
06/22/2016,PDT,OR,ANM,WE,Federal Contract Tower,0,6,7,5,18,0,12,19,7,38,0,18,26,12,56,2,0,2,58
06/23/2016,PDT,OR,ANM,WE,Federal Contract Tower,0,5,3,0,8,0,13,1,3,17,0,18,4,3,25,0,0,0,25
06/24/2016,PDT,OR,ANM,WE,Federal Contract Tower,0,6,2,0,8,0,13,5,7,25,0,19,7,7,33,0,10,10,43
06/25/2016,PDT,OR,ANM,WE,Federal Contract Tower,0,1,0,0,1,0,9,12,3,24,0,10,12,3,25,0,4,4,29
06/26/2016,PDT,OR,ANM,WE,Federal Contract Tower,0,5,0,0,5,0,6,24,0,30,0,11,24,0,35,0,0,0,35
06/27/2016,PDT,OR,ANM,WE,Federal Contract Tower,0,2,2,0,4,0,13,9,0,22,0,15,11,0,26,0,0,0,26
06/28/2016,PDT,OR,ANM,WE,Federal Contract Tower,0,3,6,0,9,0,15,10,0,25,0,18,16,0,34,0,0,0,34
06/29/2016,PDT,OR,ANM,WE,Federal Contract Tower,0,6,1,0,7,0,16,19,2,37,0,22,20,2,44,0,0,0,44
06/30/2016,PDT,OR,ANM,WE,Federal Contract Tower,0,7,1,0,8,0,18,13,12,43,0,25,14,12,51,0,22,22,73
07/01/2016,PDT,OR,ANM,WE,Federal Contract Tower,0,3,0,0,3,0,19,29,0,48,0,22,29,0,51,2,0,2,53
07/02/2016,PDT,OR,ANM,WE,Federal Contract Tower,0,1,0,0,1,0,7,27,0,34,0,8,27,0,35,20,0,20,55
07/03/2016,PDT,OR,ANM,WE,Federal Contract Tower,0,3,0,0,3,0,4,6,0,10,0,7,6,0,13,0,0,0,13
07/04/2016,PDT,OR,ANM,WE,Federal Contract Tower,0,0,2,0,2,0,7,15,0,22,0,7,17,0,24,2,0,2,26
07/05/2016,PDT,OR,ANM,WE,Federal Contract Tower,0,3,2,1,6,0,11,10,2,23,0,14,12,3,29,0,10,10,39
07/06/2016,PDT,OR,ANM,WE,Federal Contract Tower,0,4,0,0,4,0,17,19,12,48,0,21,19,12,52,6,0,6,58
07/07/2016,PDT,OR,ANM,WE,Federal Contract Tower,0,6,9,0,15,0,13,19,3,35,0,19,28,3,50,6,0,6,56
07/08/2016,PDT,OR,ANM,WE,Federal Contract Tower,0,11,0,12,23,0,4,15,0,19,0,15,15,12,42,0,0,0,42
07/09/2016,PDT,OR,ANM,WE,Federal Contract Tower,0,3,0,0,3,0,0,17,0,17,0,3,17,0,20,20,0,20,40
07/10/2016,PDT,OR,ANM,WE,Federal Contract Tower,0,3,2,0,5,0,7,6,0,13,0,10,8,0,18,0,0,0,18
07/11/2016,PDT,OR,ANM,WE,Federal Contract Tower,0,2,1,0,3,0,30,6,0,36,0,32,7,0,39,0,0,0,39
07/12/2016,PDT,OR,ANM,WE,Federal Contract Tower,0,7,2,2,11,0,10,9,0,19,0,17,11,2,30,0,2,2,32
07/13/2016,PDT,OR,ANM,WE,Federal Contract Tower,0,4,0,2,6,0,11,8,4,23,0,15,8,6,29,0,0,0,29
07/14/2016,PDT,OR,ANM,WE,Federal Contract Tower,0,4,0,0,4,0,11,17,1,29,0,15,17,1,33,6,0,6,39
07/15/2016,PDT,OR,ANM,WE,Federal Contract Tower,0,4,0,2,6,0,11,17,0,28,0,15,17,2,34,0,0,0,34
07/16/2016,PDT,OR,ANM,WE,Federal Contract Tower,0,0,4,0,4,0,6,15,0,21,0,6,19,0,25,2,0,2,27
07/17/2016,PDT,OR,ANM,WE,Federal Contract Tower,0,0,8,0,8,0,10,23,0,33,0,10,31,0,41,0,0,0,41
07/18/2016,PDT,OR,ANM,WE,Federal Contract Tower,0,2,1,0,3,0,8,18,0,26,0,10,19,0,29,0,0,0,29
07/19/2016,PDT,OR,ANM,WE,Federal Contract Tower,0,4,4,4,12,0,11,11,2,24,0,15,15,6,36,2,0,2,38
07/20/2016,PDT,OR,ANM,WE,Federal Contract Tower,0,3,0,0,3,0,12,12,4,28,0,15,12,4,31,10,4,14,45
07/21/2016,PDT,OR,ANM,WE,Federal Contract Tower,0,3,4,3,10,0,12,17,0,29,0,15,21,3,39,0,0,0,39
07/22/2016,PDT,OR,ANM,WE,Federal Contract Tower,0,4,2,0,6,0,9,9,0,18,0,13,11,0,24,0,0,0,24
07/23/2016,PDT,OR,ANM,WE,Federal Contract Tower,0,0,0,0,0,0,6,12,1,19,0,6,12,1,19,0,0,0,19
07/24/2016,PDT,OR,ANM,WE,Federal Contract Tower,0,0,5,0,5,0,7,19,0,26,0,7,24,0,31,0,0,0,31
07/25/2016,PDT,OR,ANM,WE,Federal Contract Tower,0,6,3,0,9,0,9,2,0,11,0,15,5,0,20,0,0,0,20
07/26/2016,PDT,OR,ANM,WE,Federal Contract Tower,0,5,2,0,7,0,11,10,0,21,0,16,12,0,28,0,0,0,28
07/27/2016,PDT,OR,ANM,WE,Federal Contract Tower,0,3,5,0,8,0,15,13,0,28,0,18,18,0,36,2,0,2,38
07/28/2016,PDT,OR,ANM,WE,Federal Contract Tower,0,2,6,0,8,0,10,16,0,26,0,12,22,0,34,0,0,0,34
07/29/2016,PDT,OR,ANM,WE,Federal Contract Tower,0,3,0,1,4,0,8,8,3,19,0,11,8,4,23,2,0,2,25
07/30/2016,PDT,OR,ANM,WE,Federal Contract Tower,0,0,3,0,3,0,8,11,0,19,0,8,14,0,22,0,0,0,22
07/31/2016,PDT,OR,ANM,WE,Federal Contract Tower,0,0,0,0,0,0,6,16,0,22,0,6,16,0,22,0,0,0,22
08/01/2016,PDT,OR,ANM,WE,Federal Contract Tower,0,2,0,0,2,0,9,10,2,21,0,11,10,2,23,14,0,14,37
08/02/2016,PDT,OR,ANM,WE,Federal Contract Tower,0,4,0,2,6,0,14,3,0,17,0,18,3,2,23,0,1,1,24
08/03/2016,PDT,OR,ANM,WE,Federal Contract Tower,0,4,0,0,4,0,8,13,0,21,0,12,13,0,25,0,0,0,25
08/04/2016,PDT,OR,ANM,WE,Federal Contract Tower,0,5,1,0,6,0,12,15,5,32,0,17,16,5,38,2,0,2,40
08/05/2016,PDT,OR,ANM,WE,Federal Contract Tower,0,3,2,0,5,0,10,23,1,34,0,13,25,1,39,0,0,0,39
08/06/2016,PDT,OR,ANM,WE,Federal Contract Tower,0,1,2,0,3,0,3,7,6,16,0,4,9,6,19,0,2,2,21
08/07/2016,PDT,OR,ANM,WE,Federal Contract Tower,0,1,0,0,1,0,10,25,0,35,0,11,25,0,36,0,0,0,36
08/08/2016,PDT,OR,ANM,WE,Federal Contract Tower,0,3,2,0,5,0,8,22,0,30,0,11,24,0,35,1,0,1,36
08/09/2016,PDT,OR,ANM,WE,Federal Contract Tower,0,2,0,2,4,0,9,7,0,16,0,11,7,2,20,2,4,6,26
08/10/2016,PDT,OR,ANM,WE,Federal Contract Tower,0,4,2,0,6,0,14,51,3,68,0,18,53,3,74,4,0,4,78
08/11/2016,PDT,OR,ANM,WE,Federal Contract Tower,0,4,2,2,8,0,8,138,2,148,0,12,140,4,156,224,0,224,380
08/12/2016,PDT,OR,ANM,WE,Federal Contract Tower,0,2,0,0,2,0,12,93,0,105,0,14,93,0,107,224,0,224,331
08/13/2016,PDT,OR,ANM,WE,Federal Contract Tower,0,0,4,3,7,0,10,77,0,87,0,10,81,3,94,80,0,80,174
08/14/2016,PDT,OR,ANM,WE,Federal Contract Tower,0,0,1,2,3,0,5,35,0,40,0,5,36,2,43,2,0,2,45
08/15/2016,PDT,OR,ANM,WE,Federal Contract Tower,0,3,1,0,4,0,11,13,0,24,0,14,14,0,28,0,0,0,28
08/16/2016,PDT,OR,ANM,WE,Federal Contract Tower,0,5,2,0,7,0,9,9,0,18,0,14,11,0,25,2,0,2,27
08/17/2016,PDT,OR,ANM,WE,Federal Contract Tower,0,4,1,0,5,0,10,21,0,31,0,14,22,0,36,0,0,0,36
08/18/2016,PDT,OR,ANM,WE,Federal Contract Tower,0,4,4,0,8,0,11,18,4,33,0,15,22,4,41,2,0,2,43
08/19/2016,PDT,OR,ANM,WE,Federal Contract Tower,0,4,0,0,4,0,8,10,2,20,0,12,10,2,24,0,0,0,24
08/20/2016,PDT,OR,ANM,WE,Federal Contract Tower,0,0,1,0,1,0,6,21,2,29,0,6,22,2,30,0,0,0,30
08/21/2016,PDT,OR,ANM,WE,Federal Contract Tower,0,0,0,0,0,0,9,12,0,21,0,9,12,0,21,0,0,0,21
08/22/2016,PDT,OR,ANM,WE,Federal Contract Tower,0,2,3,0,5,0,37,12,2,51,0,39,15,2,56,0,0,0,56
08/23/2016,PDT,OR,ANM,WE,Federal Contract Tower,0,4,0,0,4,0,20,21,0,41,0,24,21,0,45,12,0,12,57
08/24/2016,PDT,OR,ANM,WE,Federal Contract Tower,0,7,1,0,8,0,34,30,0,64,0,41,31,0,72,0,0,0,72
08/26/2016,PDT,OR,ANM,WE,Federal Contract Tower,0,4,0,0,4,0,26,28,2,56,0,30,28,2,60,0,0,0,60
08/27/2016,PDT,OR,ANM,WE,Federal Contract Tower,0,0,0,0,0,0,1,17,0,18,0,1,17,0,18,0,0,0,18
08/28/2016,PDT,OR,ANM,WE,Federal Contract Tower,0,0,0,0,0,0,0,0,0,0,0,0,0,0,0,0,0,0,0
08/29/2016,PDT,OR,ANM,WE,Federal Contract Tower,0,0,0,0,0,0,13,14,0,27,0,13,14,0,27,4,0,4,31
08/30/2016,PDT,OR,ANM,WE,Federal Contract Tower,0,6,0,0,6,0,18,9,0,27,0,24,9,0,33,0,0,0,33
08/31/2016,PDT,OR,ANM,WE,Federal Contract Tower,0,5,2,0,7,0,7,11,0,18,0,12,13,0,25,0,0,0,25
09/01/2016,PDT,OR,ANM,WE,Federal Contract Tower,0,7,2,0,9,0,11,9,0,20,0,18,11,0,29,0,0,0,29
09/02/2016,PDT,OR,ANM,WE,Federal Contract Tower,0,4,3,0,7,0,10,13,2,25,0,14,16,2,32,0,0,0,32
09/03/2016,PDT,OR,ANM,WE,Federal Contract Tower,0,0,0,0,0,0,5,9,0,14,0,5,9,0,14,2,0,2,16
09/04/2016,PDT,OR,ANM,WE,Federal Contract Tower,0,0,3,0,3,0,7,10,0,17,0,7,13,0,20,0,0,0,20
09/05/2016,PDT,OR,ANM,WE,Federal Contract Tower,0,0,3,0,3,0,8,20,0,28,0,8,23,0,31,0,0,0,31
09/06/2016,PDT,OR,ANM,WE,Federal Contract Tower,0,9,2,0,11,0,5,7,2,14,0,14,9,2,25,0,18,18,43
09/08/2016,PDT,OR,ANM,WE,Federal Contract Tower,0,5,15,0,20,0,8,6,2,16,0,13,21,2,36,0,0,0,36
09/09/2016,PDT,OR,ANM,WE,Federal Contract Tower,0,3,2,0,5,0,9,17,2,28,0,12,19,2,33,10,0,10,43
09/10/2016,PDT,OR,ANM,WE,Federal Contract Tower,0,0,0,0,0,0,4,18,3,25,0,4,18,3,25,0,0,0,25
09/11/2016,PDT,OR,ANM,WE,Federal Contract Tower,0,0,3,0,3,0,11,6,2,19,0,11,9,2,22,0,0,0,22
09/12/2016,PDT,OR,ANM,WE,Federal Contract Tower,0,6,2,0,8,0,9,12,0,21,0,15,14,0,29,0,0,0,29
09/13/2016,PDT,OR,ANM,WE,Federal Contract Tower,0,5,2,0,7,0,8,16,0,24,0,13,18,0,31,2,0,2,33
09/14/2016,PDT,OR,ANM,WE,Federal Contract Tower,0,4,5,0,9,0,6,7,0,13,0,10,12,0,22,0,0,0,22
09/15/2016,PDT,OR,ANM,WE,Federal Contract Tower,0,6,3,0,9,0,15,17,0,32,0,21,20,0,41,0,0,0,41
09/16/2016,PDT,OR,ANM,WE,Federal Contract Tower,0,2,3,2,7,0,8,28,0,36,0,10,31,2,43,0,0,0,43
09/17/2016,PDT,OR,ANM,WE,Federal Contract Tower,0,0,7,0,7,0,3,12,4,19,0,3,19,4,26,0,4,4,30
09/18/2016,PDT,OR,ANM,WE,Federal Contract Tower,0,1,6,0,7,0,6,7,0,13,0,7,13,0,20,0,0,0,20
09/19/2016,PDT,OR,ANM,WE,Federal Contract Tower,0,4,0,0,4,0,7,3,5,15,0,11,3,5,19,4,6,10,29
09/20/2016,PDT,OR,ANM,WE,Federal Contract Tower,0,6,2,0,8,0,7,18,0,25,0,13,20,0,33,6,0,6,39
09/21/2016,PDT,OR,ANM,WE,Federal Contract Tower,0,4,0,0,4,0,1,19,8,28,0,5,19,8,32,34,10,44,76
09/22/2016,PDT,OR,ANM,WE,Federal Contract Tower,0,4,0,0,4,0,4,1,0,5,0,8,1,0,9,0,0,0,9
09/23/2016,PDT,OR,ANM,WE,Federal Contract Tower,0,3,3,0,6,0,13,3,0,16,0,16,6,0,22,0,0,0,22
09/24/2016,PDT,OR,ANM,WE,Federal Contract Tower,0,0,2,0,2,0,5,5,0,10,0,5,7,0,12,0,0,0,12
09/25/2016,PDT,OR,ANM,WE,Federal Contract Tower,0,0,0,0,0,0,0,3,0,3,0,0,3,0,3,0,0,0,3
09/26/2016,PDT,OR,ANM,WE,Federal Contract Tower,0,3,0,2,5,0,6,17,1,24,0,9,17,3,29,18,0,18,47
09/27/2016,PDT,OR,ANM,WE,Federal Contract Tower,0,3,2,6,11,0,11,10,3,24,0,14,12,9,35,3,3,6,41
09/28/2016,PDT,OR,ANM,WE,Federal Contract Tower,0,5,1,0,6,0,0,15,0,15,0,5,16,0,21,0,0,0,21
09/29/2016,PDT,OR,ANM,WE,Federal Contract Tower,0,3,4,7,14,0,67,10,14,91,0,70,14,21,105,0,0,0,105
09/30/2016,PDT,OR,ANM,WE,Federal Contract Tower,0,3,0,1,4,0,9,12,23,44,0,12,12,24,48,14,0,14,62
10/01/2016,PDT,OR,ANM,WE,Federal Contract Tower,0,0,2,0,2,0,2,3,0,5,0,2,5,0,7,0,0,0,7
10/02/2016,PDT,OR,ANM,WE,Federal Contract Tower,0,3,8,0,11,0,0,0,0,0,0,3,8,0,11,26,0,26,37
10/03/2016,PDT,OR,ANM,WE,Federal Contract Tower,0,3,3,0,6,0,1,8,18,27,0,4,11,18,33,0,0,0,33
10/04/2016,PDT,OR,ANM,WE,Federal Contract Tower,0,2,1,0,3,0,4,7,0,11,0,6,8,0,14,16,0,16,30
10/05/2016,PDT,OR,ANM,WE,Federal Contract Tower,0,7,2,0,9,0,3,8,0,11,0,10,10,0,20,0,0,0,20
10/06/2016,PDT,OR,ANM,WE,Federal Contract Tower,0,5,1,4,10,0,4,13,0,17,0,9,14,4,27,0,0,0,27
10/07/2016,PDT,OR,ANM,WE,Federal Contract Tower,0,4,2,0,6,0,1,4,0,5,0,5,6,0,11,0,0,0,11
10/08/2016,PDT,OR,ANM,WE,Federal Contract Tower,0,0,1,0,1,0,4,10,1,15,0,4,11,1,16,0,0,0,16
10/09/2016,PDT,OR,ANM,WE,Federal Contract Tower,0,3,0,0,3,0,0,8,1,9,0,3,8,1,12,0,0,0,12
10/10/2016,PDT,OR,ANM,WE,Federal Contract Tower,0,2,2,0,4,0,1,14,0,15,0,3,16,0,19,0,0,0,19
10/11/2016,PDT,OR,ANM,WE,Federal Contract Tower,0,4,0,1,5,0,3,14,7,24,0,7,14,8,29,28,10,38,67
10/12/2016,PDT,OR,ANM,WE,Federal Contract Tower,0,7,0,1,8,0,6,15,13,34,0,13,15,14,42,0,0,0,42
10/13/2016,PDT,OR,ANM,WE,Federal Contract Tower,0,4,2,0,6,0,4,6,0,10,0,8,8,0,16,0,0,0,16
10/14/2016,PDT,OR,ANM,WE,Federal Contract Tower,0,3,0,0,3,0,2,0,0,2,0,5,0,0,5,0,0,0,5
10/15/2016,PDT,OR,ANM,WE,Federal Contract Tower,0,0,0,0,0,0,5,2,0,7,0,5,2,0,7,0,0,0,7
10/16/2016,PDT,OR,ANM,WE,Federal Contract Tower,0,0,0,0,0,0,3,4,0,7,0,3,4,0,7,0,0,0,7
10/17/2016,PDT,OR,ANM,WE,Federal Contract Tower,0,1,0,0,1,0,4,2,0,6,0,5,2,0,7,0,0,0,7
10/18/2016,PDT,OR,ANM,WE,Federal Contract Tower,0,3,0,2,5,0,5,3,10,18,0,8,3,12,23,0,8,8,31
10/19/2016,PDT,OR,ANM,WE,Federal Contract Tower,0,4,2,5,11,0,3,19,6,28,0,7,21,11,39,0,0,0,39
10/20/2016,PDT,OR,ANM,WE,Federal Contract Tower,0,3,0,0,3,0,0,0,0,0,0,3,0,0,3,0,0,0,3
10/21/2016,PDT,OR,ANM,WE,Federal Contract Tower,0,8,2,2,12,0,0,1,5,6,0,8,3,7,18,0,0,0,18
10/22/2016,PDT,OR,ANM,WE,Federal Contract Tower,0,0,3,2,5,0,4,14,8,26,0,4,17,10,31,10,0,10,41
10/23/2016,PDT,OR,ANM,WE,Federal Contract Tower,0,0,0,0,0,0,7,19,3,29,0,7,19,3,29,32,0,32,61
10/24/2016,PDT,OR,ANM,WE,Federal Contract Tower,0,2,0,0,2,0,2,2,0,4,0,4,2,0,6,0,0,0,6
10/25/2016,PDT,OR,ANM,WE,Federal Contract Tower,0,4,0,0,4,0,1,17,2,20,0,5,17,2,24,6,0,6,30
10/26/2016,PDT,OR,ANM,WE,Federal Contract Tower,0,6,0,0,6,0,0,0,0,0,0,6,0,0,6,0,0,0,6
10/27/2016,PDT,OR,ANM,WE,Federal Contract Tower,0,4,0,0,4,0,2,2,0,4,0,6,2,0,8,0,0,0,8
10/28/2016,PDT,OR,ANM,WE,Federal Contract Tower,0,9,2,0,11,0,8,17,42,67,0,17,19,42,78,32,0,32,110
10/29/2016,PDT,OR,ANM,WE,Federal Contract Tower,0,0,2,0,2,0,0,2,0,2,0,0,4,0,4,0,0,0,4
10/30/2016,PDT,OR,ANM,WE,Federal Contract Tower,0,0,0,0,0,0,0,0,0,0,0,0,0,0,0,0,0,0,0
10/31/2016,PDT,OR,ANM,WE,Federal Contract Tower,0,2,0,0,2,0,0,0,0,0,0,2,0,0,2,0,0,0,2
11/01/2016,PDT,OR,ANM,WE,Federal Contract Tower,0,3,2,0,5,0,4,10,2,16,0,7,12,2,21,0,0,0,21
11/02/2016,PDT,OR,ANM,WE,Federal Contract Tower,0,4,2,0,6,0,1,13,2,16,0,5,15,2,22,0,2,2,24
11/03/2016,PDT,OR,ANM,WE,Federal Contract Tower,0,4,4,0,8,0,6,9,4,19,0,10,13,4,27,0,22,22,49
11/04/2016,PDT,OR,ANM,WE,Federal Contract Tower,0,3,3,0,6,0,2,4,0,6,0,5,7,0,12,0,0,0,12
11/05/2016,PDT,OR,ANM,WE,Federal Contract Tower,0,0,3,0,3,0,2,17,0,19,0,2,20,0,22,6,0,6,28
11/06/2016,PDT,OR,ANM,WE,Federal Contract Tower,0,0,2,0,2,0,0,5,0,5,0,0,7,0,7,0,0,0,7
11/07/2016,PDT,OR,ANM,WE,Federal Contract Tower,0,2,4,0,6,0,3,14,0,17,0,5,18,0,23,0,0,0,23
11/08/2016,PDT,OR,ANM,WE,Federal Contract Tower,0,2,2,0,4,0,1,34,3,38,0,3,36,3,42,2,12,14,56
11/09/2016,PDT,OR,ANM,WE,Federal Contract Tower,0,4,1,0,5,0,0,4,0,4,0,4,5,0,9,10,34,44,53
11/10/2016,PDT,OR,ANM,WE,Federal Contract Tower,0,4,10,0,14,0,0,2,0,2,0,4,12,0,16,0,0,0,16
11/11/2016,PDT,OR,ANM,WE,Federal Contract Tower,0,2,0,0,2,0,0,0,0,0,0,2,0,0,2,0,0,0,2
11/12/2016,PDT,OR,ANM,WE,Federal Contract Tower,0,0,3,0,3,0,0,2,0,2,0,0,5,0,5,4,0,4,9
11/13/2016,PDT,OR,ANM,WE,Federal Contract Tower,0,0,2,0,2,0,1,12,0,13,0,1,14,0,15,4,0,4,19
11/14/2016,PDT,OR,ANM,WE,Federal Contract Tower,0,1,0,0,1,0,0,0,0,0,0,1,0,0,1,0,6,6,7
11/15/2016,PDT,OR,ANM,WE,Federal Contract Tower,0,6,0,0,6,0,6,4,3,13,0,12,4,3,19,0,12,12,31
11/16/2016,PDT,OR,ANM,WE,Federal Contract Tower,0,5,1,2,8,0,2,11,21,34,0,7,12,23,42,6,26,32,74
11/17/2016,PDT,OR,ANM,WE,Federal Contract Tower,0,4,2,0,6,0,0,0,0,0,0,4,2,0,6,0,2,2,8
11/18/2016,PDT,OR,ANM,WE,Federal Contract Tower,0,4,0,2,6,0,5,10,2,17,0,9,10,4,23,0,4,4,27
11/19/2016,PDT,OR,ANM,WE,Federal Contract Tower,0,0,0,0,0,0,0,1,0,1,0,0,1,0,1,0,0,0,1
11/20/2016,PDT,OR,ANM,WE,Federal Contract Tower,0,0,3,0,3,0,2,6,0,8,0,2,9,0,11,0,0,0,11
11/21/2016,PDT,OR,ANM,WE,Federal Contract Tower,0,3,1,1,5,0,4,14,6,24,0,7,15,7,29,0,6,6,35
11/22/2016,PDT,OR,ANM,WE,Federal Contract Tower,0,4,2,0,6,0,4,19,5,28,0,8,21,5,34,10,16,26,60
11/23/2016,PDT,OR,ANM,WE,Federal Contract Tower,0,4,0,1,5,0,5,0,1,6,0,9,0,2,11,0,0,0,11
11/24/2016,PDT,OR,ANM,WE,Federal Contract Tower,0,0,1,0,1,0,3,0,0,3,0,3,1,0,4,0,0,0,4
11/25/2016,PDT,OR,ANM,WE,Federal Contract Tower,0,3,1,0,4,0,4,2,0,6,0,7,3,0,10,0,0,0,10
11/26/2016,PDT,OR,ANM,WE,Federal Contract Tower,0,0,1,0,1,0,7,4,0,11,0,7,5,0,12,0,0,0,12
11/27/2016,PDT,OR,ANM,WE,Federal Contract Tower,0,0,2,0,2,0,4,6,0,10,0,4,8,0,12,0,0,0,12
11/28/2016,PDT,OR,ANM,WE,Federal Contract Tower,0,1,1,0,2,0,7,0,5,12,0,8,1,5,14,0,12,12,26
11/29/2016,PDT,OR,ANM,WE,Federal Contract Tower,0,4,2,0,6,0,11,11,6,28,0,15,13,6,34,27,19,46,80
11/30/2016,PDT,OR,ANM,WE,Federal Contract Tower,0,2,3,8,13,0,7,5,10,22,0,9,8,18,35,34,42,76,111
12/01/2016,PDT,OR,ANM,WE,Federal Contract Tower,0,3,0,0,3,0,20,7,0,27,0,23,7,0,30,0,12,12,42
12/02/2016,PDT,OR,ANM,WE,Federal Contract Tower,0,4,1,0,5,0,3,5,6,14,0,7,6,6,19,0,40,40,59
12/03/2016,PDT,OR,ANM,WE,Federal Contract Tower,0,0,0,0,0,0,3,4,0,7,0,3,4,0,7,2,0,2,9
12/04/2016,PDT,OR,ANM,WE,Federal Contract Tower,0,0,1,0,1,0,0,0,0,0,0,0,1,0,1,0,0,0,1
12/05/2016,PDT,OR,ANM,WE,Federal Contract Tower,0,2,2,1,5,0,0,8,5,13,0,2,10,6,18,0,28,28,46
12/06/2016,PDT,OR,ANM,WE,Federal Contract Tower,0,4,4,0,8,0,0,0,0,0,0,4,4,0,8,0,0,0,8
12/07/2016,PDT,OR,ANM,WE,Federal Contract Tower,0,5,9,0,14,0,1,24,6,31,0,6,33,6,45,18,4,22,67
12/08/2016,PDT,OR,ANM,WE,Federal Contract Tower,0,1,0,0,1,0,1,0,4,5,0,2,0,4,6,0,24,24,30
12/09/2016,PDT,OR,ANM,WE,Federal Contract Tower,0,2,1,0,3,0,0,0,0,0,0,2,1,0,3,0,0,0,3
12/10/2016,PDT,OR,ANM,WE,Federal Contract Tower,0,2,0,0,2,0,0,1,0,1,0,2,1,0,3,0,0,0,3
12/11/2016,PDT,OR,ANM,WE,Federal Contract Tower,0,0,0,0,0,0,0,0,0,0,0,0,0,0,0,0,0,0,0
12/12/2016,PDT,OR,ANM,WE,Federal Contract Tower,0,2,0,0,2,0,0,0,0,0,0,2,0,0,2,0,0,0,2
12/13/2016,PDT,OR,ANM,WE,Federal Contract Tower,0,6,0,0,6,0,0,0,5,5,0,6,0,5,11,0,12,12,23
12/14/2016,PDT,OR,ANM,WE,Federal Contract Tower,0,2,0,0,2,0,0,0,0,0,0,2,0,0,2,0,0,0,2
12/15/2016,PDT,OR,ANM,WE,Federal Contract Tower,0,4,0,0,4,0,2,0,0,2,0,6,0,0,6,0,0,0,6
12/16/2016,PDT,OR,ANM,WE,Federal Contract Tower,0,8,2,0,10,0,8,1,0,9,0,16,3,0,19,0,0,0,19
12/17/2016,PDT,OR,ANM,WE,Federal Contract Tower,0,4,0,0,4,0,9,0,0,9,0,13,0,0,13,12,0,12,25
12/18/2016,PDT,OR,ANM,WE,Federal Contract Tower,0,0,0,0,0,0,0,0,1,1,0,0,0,1,1,0,0,0,1
12/19/2016,PDT,OR,ANM,WE,Federal Contract Tower,0,9,0,0,9,0,0,0,9,9,0,9,0,9,18,0,24,24,42
12/20/2016,PDT,OR,ANM,WE,Federal Contract Tower,0,10,0,0,10,0,2,0,2,4,0,12,0,2,14,0,4,4,18
12/21/2016,PDT,OR,ANM,WE,Federal Contract Tower,0,7,3,0,10,0,7,7,3,17,0,14,10,3,27,2,16,18,45
12/22/2016,PDT,OR,ANM,WE,Federal Contract Tower,0,6,0,0,6,0,4,4,4,12,0,10,4,4,18,0,18,18,36
12/23/2016,PDT,OR,ANM,WE,Federal Contract Tower,0,13,0,0,13,0,0,0,0,0,0,13,0,0,13,0,0,0,13
12/24/2016,PDT,OR,ANM,WE,Federal Contract Tower,0,6,0,0,6,0,3,1,0,4,0,9,1,0,10,0,0,0,10
12/25/2016,PDT,OR,ANM,WE,Federal Contract Tower,0,2,0,0,2,0,0,0,0,0,0,2,0,0,2,0,0,0,2
12/26/2016,PDT,OR,ANM,WE,Federal Contract Tower,0,6,0,0,6,0,2,13,1,16,0,8,13,1,22,0,0,0,22
12/27/2016,PDT,OR,ANM,WE,Federal Contract Tower,0,9,1,0,10,0,0,1,0,1,0,9,2,0,11,0,0,0,11
12/28/2016,PDT,OR,ANM,WE,Federal Contract Tower,0,7,0,0,7,0,3,2,0,5,0,10,2,0,12,0,0,0,12
12/29/2016,PDT,OR,ANM,WE,Federal Contract Tower,0,9,0,2,11,0,8,4,2,14,0,17,4,4,25,20,4,24,49
12/30/2016,PDT,OR,ANM,WE,Federal Contract Tower,0,7,0,0,7,0,1,2,0,3,0,8,2,0,10,4,0,4,14
12/31/2016,PDT,OR,ANM,WE,Federal Contract Tower,0,8,0,0,8,0,2,7,0,9,0,10,7,0,17,36,0,36,53
01/01/2017,PDT,OR,ANM,WE,Federal Contract Tower,0,7,0,0,7,0,0,0,0,0,0,7,0,0,7,0,0,0,7
01/02/2017,PDT,OR,ANM,WE,Federal Contract Tower,0,6,0,0,6,0,0,0,0,0,0,6,0,0,6,0,0,0,6
01/03/2017,PDT,OR,ANM,WE,Federal Contract Tower,0,12,0,0,12,0,0,0,2,2,0,12,0,2,14,0,28,28,42
01/04/2017,PDT,OR,ANM,WE,Federal Contract Tower,0,10,0,0,10,0,0,0,0,0,0,10,0,0,10,0,6,6,16
01/05/2017,PDT,OR,ANM,WE,Federal Contract Tower,0,10,0,0,10,0,3,2,6,11,0,13,2,6,21,0,14,14,35
01/06/2017,PDT,OR,ANM,WE,Federal Contract Tower,0,9,0,0,9,0,3,2,2,7,0,12,2,2,16,0,42,42,58
01/07/2017,PDT,OR,ANM,WE,Federal Contract Tower,0,8,0,0,8,0,0,0,0,0,0,8,0,0,8,0,0,0,8
01/08/2017,PDT,OR,ANM,WE,Federal Contract Tower,0,2,0,0,2,0,0,0,0,0,0,2,0,0,2,2,0,2,4
01/09/2017,PDT,OR,ANM,WE,Federal Contract Tower,0,11,1,5,17,0,0,1,7,8,0,11,2,12,25,0,26,26,51
01/10/2017,PDT,OR,ANM,WE,Federal Contract Tower,0,8,0,1,9,0,0,0,0,0,0,8,0,1,9,0,0,0,9
01/11/2017,PDT,OR,ANM,WE,Federal Contract Tower,0,12,0,0,12,0,1,0,8,9,0,13,0,8,21,0,19,19,40
01/12/2017,PDT,OR,ANM,WE,Federal Contract Tower,0,16,0,0,16,0,3,0,5,8,0,19,0,5,24,0,6,6,30
01/13/2017,PDT,OR,ANM,WE,Federal Contract Tower,0,12,0,2,14,0,3,0,4,7,0,15,0,6,21,0,16,16,37
01/14/2017,PDT,OR,ANM,WE,Federal Contract Tower,0,6,0,0,6,0,0,2,0,2,0,6,2,0,8,0,0,0,8
01/15/2017,PDT,OR,ANM,WE,Federal Contract Tower,0,6,2,0,8,0,0,1,0,1,0,6,3,0,9,0,0,0,9
01/16/2017,PDT,OR,ANM,WE,Federal Contract Tower,0,11,0,0,11,0,2,1,0,3,0,13,1,0,14,0,0,0,14
01/17/2017,PDT,OR,ANM,WE,Federal Contract Tower,0,2,0,3,5,0,0,0,0,0,0,2,0,3,5,10,6,16,21
01/18/2017,PDT,OR,ANM,WE,Federal Contract Tower,0,5,0,0,5,0,2,1,0,3,0,7,1,0,8,0,0,0,8
01/19/2017,PDT,OR,ANM,WE,Federal Contract Tower,0,23,0,0,23,0,4,1,4,9,0,27,1,4,32,18,22,40,72
01/20/2017,PDT,OR,ANM,WE,Federal Contract Tower,0,10,2,1,13,0,2,0,0,2,0,12,2,1,15,0,14,14,29
01/21/2017,PDT,OR,ANM,WE,Federal Contract Tower,0,9,1,0,10,0,7,4,0,11,0,16,5,0,21,2,0,2,23
01/22/2017,PDT,OR,ANM,WE,Federal Contract Tower,0,7,0,0,7,0,0,2,0,2,0,7,2,0,9,0,0,0,9
01/23/2017,PDT,OR,ANM,WE,Federal Contract Tower,0,9,0,0,9,0,0,0,0,0,0,9,0,0,9,0,0,0,9
01/24/2017,PDT,OR,ANM,WE,Federal Contract Tower,0,5,2,0,7,0,0,0,0,0,0,5,2,0,7,0,0,0,7
01/25/2017,PDT,OR,ANM,WE,Federal Contract Tower,0,4,0,0,4,0,0,0,0,0,0,4,0,0,4,0,18,18,22
01/26/2017,PDT,OR,ANM,WE,Federal Contract Tower,0,11,0,0,11,0,0,0,0,0,0,11,0,0,11,0,0,0,11
01/27/2017,PDT,OR,ANM,WE,Federal Contract Tower,0,10,0,0,10,0,0,0,0,0,0,10,0,0,10,0,0,0,10
01/28/2017,PDT,OR,ANM,WE,Federal Contract Tower,0,7,0,0,7,0,0,0,0,0,0,7,0,0,7,0,0,0,7
01/29/2017,PDT,OR,ANM,WE,Federal Contract Tower,0,5,0,0,5,0,1,2,0,3,0,6,2,0,8,0,0,0,8
01/30/2017,PDT,OR,ANM,WE,Federal Contract Tower,0,11,2,0,13,0,11,13,0,24,0,22,15,0,37,8,24,32,69
01/31/2017,PDT,OR,ANM,WE,Federal Contract Tower,0,12,0,0,12,0,0,0,0,0,0,12,0,0,12,0,0,0,12
02/01/2017,PDT,OR,ANM,WE,Federal Contract Tower,0,5,0,0,5,0,0,0,6,6,0,5,0,6,11,0,46,46,57
02/02/2017,PDT,OR,ANM,WE,Federal Contract Tower,0,10,0,0,10,0,0,0,0,0,0,10,0,0,10,0,0,0,10
02/03/2017,PDT,OR,ANM,WE,Federal Contract Tower,0,5,0,0,5,0,0,0,0,0,0,5,0,0,5,0,0,0,5
02/05/2017,PDT,OR,ANM,WE,Federal Contract Tower,0,4,0,0,4,0,1,3,0,4,0,5,3,0,8,0,0,0,8
02/06/2017,PDT,OR,ANM,WE,Federal Contract Tower,0,7,1,0,8,0,2,7,0,9,0,9,8,0,17,2,0,2,19
02/07/2017,PDT,OR,ANM,WE,Federal Contract Tower,0,9,0,0,9,0,0,0,0,0,0,9,0,0,9,0,0,0,9
02/08/2017,PDT,OR,ANM,WE,Federal Contract Tower,0,3,0,0,3,0,0,0,0,0,0,3,0,0,3,0,0,0,3
02/09/2017,PDT,OR,ANM,WE,Federal Contract Tower,0,8,0,0,8,0,0,0,0,0,0,8,0,0,8,0,0,0,8
02/10/2017,PDT,OR,ANM,WE,Federal Contract Tower,0,10,0,1,11,0,3,8,11,22,0,13,8,12,33,20,16,36,69
02/11/2017,PDT,OR,ANM,WE,Federal Contract Tower,0,6,0,3,9,0,10,11,18,39,0,16,11,21,48,14,0,14,62
02/12/2017,PDT,OR,ANM,WE,Federal Contract Tower,0,5,0,0,5,0,8,25,0,33,0,13,25,0,38,30,0,30,68
02/13/2017,PDT,OR,ANM,WE,Federal Contract Tower,0,8,1,0,9,0,0,1,7,8,0,8,2,7,17,0,16,16,33
02/14/2017,PDT,OR,ANM,WE,Federal Contract Tower,0,2,5,0,7,0,0,1,0,1,0,2,6,0,8,0,0,0,8
02/15/2017,PDT,OR,ANM,WE,Federal Contract Tower,0,5,0,0,5,0,0,0,0,0,0,5,0,0,5,0,10,10,15
02/16/2017,PDT,OR,ANM,WE,Federal Contract Tower,0,10,0,0,10,0,0,2,2,4,0,10,2,2,14,0,0,0,14
02/17/2017,PDT,OR,ANM,WE,Federal Contract Tower,0,8,4,0,12,0,7,5,3,15,0,15,9,3,27,8,14,22,49
02/18/2017,PDT,OR,ANM,WE,Federal Contract Tower,0,7,0,0,7,0,0,0,0,0,0,7,0,0,7,0,0,0,7
02/19/2017,PDT,OR,ANM,WE,Federal Contract Tower,0,1,0,0,1,0,0,9,0,9,0,1,9,0,10,0,0,0,10
02/20/2017,PDT,OR,ANM,WE,Federal Contract Tower,0,4,2,0,6,0,1,0,4,5,0,5,2,4,11,0,0,0,11
02/21/2017,PDT,OR,ANM,WE,Federal Contract Tower,0,6,0,0,6,0,1,3,4,8,0,7,3,4,14,2,6,8,22
02/22/2017,PDT,OR,ANM,WE,Federal Contract Tower,0,5,2,0,7,0,1,9,37,47,0,6,11,37,54,2,92,94,148
02/23/2017,PDT,OR,ANM,WE,Federal Contract Tower,0,9,1,3,13,0,5,3,7,15,0,14,4,10,28,2,24,26,54
02/24/2017,PDT,OR,ANM,WE,Federal Contract Tower,0,10,1,2,13,0,1,21,8,30,0,11,22,10,43,42,0,42,85
02/25/2017,PDT,OR,ANM,WE,Federal Contract Tower,0,5,1,0,6,0,5,27,0,32,0,10,28,0,38,28,0,28,66
02/26/2017,PDT,OR,ANM,WE,Federal Contract Tower,0,1,1,3,5,0,0,0,10,10,0,1,1,13,15,0,28,28,43
02/27/2017,PDT,OR,ANM,WE,Federal Contract Tower,0,7,1,1,9,0,0,6,9,15,0,7,7,10,24,0,22,22,46
02/28/2017,PDT,OR,ANM,WE,Federal Contract Tower,0,10,2,0,12,0,5,6,0,11,0,15,8,0,23,4,0,4,27
03/01/2017,PDT,OR,ANM,WE,Federal Contract Tower,0,8,0,0,8,0,7,4,11,22,0,15,4,11,30,0,38,38,68
03/02/2017,PDT,OR,ANM,WE,Federal Contract Tower,0,10,3,0,13,0,2,18,10,30,0,12,21,10,43,12,0,12,55
03/03/2017,PDT,OR,ANM,WE,Federal Contract Tower,0,10,1,0,11,0,4,8,4,16,0,14,9,4,27,0,2,2,29
03/04/2017,PDT,OR,ANM,WE,Federal Contract Tower,0,6,0,0,6,0,1,0,6,7,0,7,0,6,13,0,26,26,39
03/05/2017,PDT,OR,ANM,WE,Federal Contract Tower,0,4,2,0,6,0,2,6,13,21,0,6,8,13,27,2,32,34,61
03/06/2017,PDT,OR,ANM,WE,Federal Contract Tower,0,8,0,0,8,0,2,0,5,7,0,10,0,5,15,0,2,2,17
03/07/2017,PDT,OR,ANM,WE,Federal Contract Tower,0,8,0,0,8,0,3,0,10,13,0,11,0,10,21,0,6,6,27
03/08/2017,PDT,OR,ANM,WE,Federal Contract Tower,0,10,1,1,12,0,8,5,3,16,0,18,6,4,28,42,10,52,80
03/09/2017,PDT,OR,ANM,WE,Federal Contract Tower,0,11,1,5,17,0,0,1,6,7,0,11,2,11,24,0,24,24,48
03/10/2017,PDT,OR,ANM,WE,Federal Contract Tower,0,9,1,0,10,0,2,3,2,7,0,11,4,2,17,180,0,180,197
03/11/2017,PDT,OR,ANM,WE,Federal Contract Tower,0,6,1,0,7,0,1,8,8,17,0,7,9,8,24,152,2,154,178
03/12/2017,PDT,OR,ANM,WE,Federal Contract Tower,0,6,4,0,10,0,2,19,0,21,0,8,23,0,31,14,0,14,45
03/13/2017,PDT,OR,ANM,WE,Federal Contract Tower,0,7,3,0,10,0,5,13,2,20,0,12,16,2,30,8,8,16,46
03/14/2017,PDT,OR,ANM,WE,Federal Contract Tower,0,10,1,0,11,0,5,11,5,21,0,15,12,5,32,4,6,10,42
03/15/2017,PDT,OR,ANM,WE,Federal Contract Tower,0,9,5,1,15,0,0,16,1,17,0,9,21,2,32,0,0,0,32
03/16/2017,PDT,OR,ANM,WE,Federal Contract Tower,0,9,0,0,9,0,5,22,1,28,0,14,22,1,37,146,0,146,183
03/17/2017,PDT,OR,ANM,WE,Federal Contract Tower,0,9,0,0,9,0,1,20,0,21,0,10,20,0,30,80,0,80,110
03/18/2017,PDT,OR,ANM,WE,Federal Contract Tower,0,6,0,0,6,0,0,8,4,12,0,6,8,4,18,12,6,18,36
03/19/2017,PDT,OR,ANM,WE,Federal Contract Tower,0,6,0,0,6,0,0,15,0,15,0,6,15,0,21,0,0,0,21
03/20/2017,PDT,OR,ANM,WE,Federal Contract Tower,0,8,4,0,12,0,0,9,0,9,0,8,13,0,21,8,0,8,29
03/21/2017,PDT,OR,ANM,WE,Federal Contract Tower,0,10,1,2,13,0,0,17,0,17,0,10,18,2,30,0,0,0,30
03/22/2017,PDT,OR,ANM,WE,Federal Contract Tower,0,10,4,0,14,0,2,9,0,11,0,12,13,0,25,24,0,24,49
03/23/2017,PDT,OR,ANM,WE,Federal Contract Tower,0,7,2,3,12,0,14,10,10,34,0,21,12,13,46,2,30,32,78
03/24/2017,PDT,OR,ANM,WE,Federal Contract Tower,0,8,2,3,13,0,1,7,0,8,0,9,9,3,21,0,0,0,21
03/25/2017,PDT,OR,ANM,WE,Federal Contract Tower,0,6,0,0,6,0,2,8,0,10,0,8,8,0,16,2,0,2,18
03/26/2017,PDT,OR,ANM,WE,Federal Contract Tower,0,5,0,0,5,0,0,7,0,7,0,5,7,0,12,0,0,0,12
03/27/2017,PDT,OR,ANM,WE,Federal Contract Tower,0,8,0,0,8,0,6,4,6,16,0,14,4,6,24,10,0,10,34
03/28/2017,PDT,OR,ANM,WE,Federal Contract Tower,0,9,2,0,11,0,2,13,7,22,0,11,15,7,33,0,20,20,53
03/29/2017,PDT,OR,ANM,WE,Federal Contract Tower,0,10,0,2,12,0,2,11,2,15,0,12,11,4,27,0,6,6,33
03/30/2017,PDT,OR,ANM,WE,Federal Contract Tower,0,3,0,0,3,0,2,2,11,15,0,5,2,11,18,0,28,28,46
04/01/2017,PDT,OR,ANM,WE,Federal Contract Tower,0,6,0,1,7,0,15,15,7,37,0,21,15,8,44,0,8,8,52
04/02/2017,PDT,OR,ANM,WE,Federal Contract Tower,0,6,1,0,7,0,1,7,6,14,0,7,8,6,21,6,18,24,45
04/03/2017,PDT,OR,ANM,WE,Federal Contract Tower,0,7,1,0,8,0,5,31,11,47,0,12,32,11,55,0,0,0,55
04/04/2017,PDT,OR,ANM,WE,Federal Contract Tower,0,4,13,0,17,0,3,25,1,29,0,7,38,1,46,0,0,0,46
04/05/2017,PDT,OR,ANM,WE,Federal Contract Tower,0,9,2,0,11,0,8,13,0,21,0,17,15,0,32,0,0,0,32
04/06/2017,PDT,OR,ANM,WE,Federal Contract Tower,0,9,4,1,14,0,5,13,2,20,0,14,17,3,34,2,0,2,36
04/07/2017,PDT,OR,ANM,WE,Federal Contract Tower,0,10,0,0,10,0,6,2,0,8,0,16,2,0,18,0,0,0,18
04/08/2017,PDT,OR,ANM,WE,Federal Contract Tower,0,5,0,0,5,0,5,10,1,16,0,10,10,1,21,4,0,4,25
04/09/2017,PDT,OR,ANM,WE,Federal Contract Tower,0,7,0,0,7,0,6,19,0,25,0,13,19,0,32,2,0,2,34
04/10/2017,PDT,OR,ANM,WE,Federal Contract Tower,0,7,0,0,7,0,2,4,1,7,0,9,4,1,14,0,0,0,14
04/11/2017,PDT,OR,ANM,WE,Federal Contract Tower,0,10,0,0,10,0,4,23,0,27,0,14,23,0,37,2,0,2,39
04/12/2017,PDT,OR,ANM,WE,Federal Contract Tower,0,13,5,0,18,0,2,6,0,8,0,15,11,0,26,0,0,0,26
04/13/2017,PDT,OR,ANM,WE,Federal Contract Tower,0,8,4,3,15,0,5,7,2,14,0,13,11,5,29,0,0,0,29
04/14/2017,PDT,OR,ANM,WE,Federal Contract Tower,0,11,4,2,17,0,0,4,1,5,0,11,8,3,22,0,0,0,22
04/15/2017,PDT,OR,ANM,WE,Federal Contract Tower,0,6,2,0,8,0,4,20,0,24,0,10,22,0,32,0,0,0,32
04/16/2017,PDT,OR,ANM,WE,Federal Contract Tower,0,6,2,0,8,0,7,20,0,27,0,13,22,0,35,0,0,0,35
04/17/2017,PDT,OR,ANM,WE,Federal Contract Tower,0,8,0,0,8,0,4,8,1,13,0,12,8,1,21,0,0,0,21
04/18/2017,PDT,OR,ANM,WE,Federal Contract Tower,0,10,4,1,15,0,4,7,6,17,0,14,11,7,32,8,4,12,44
04/19/2017,PDT,OR,ANM,WE,Federal Contract Tower,0,12,9,0,21,0,13,3,1,17,0,25,12,1,38,0,14,14,52
04/20/2017,PDT,OR,ANM,WE,Federal Contract Tower,0,8,4,2,14,0,4,3,4,11,0,12,7,6,25,0,20,20,45
04/21/2017,PDT,OR,ANM,WE,Federal Contract Tower,0,9,4,1,14,0,4,21,0,25,0,13,25,1,39,12,0,12,51
04/22/2017,PDT,OR,ANM,WE,Federal Contract Tower,0,6,0,0,6,0,11,14,0,25,0,17,14,0,31,14,0,14,45
04/23/2017,PDT,OR,ANM,WE,Federal Contract Tower,0,8,0,0,8,0,2,13,1,16,0,10,13,1,24,2,0,2,26
04/24/2017,PDT,OR,ANM,WE,Federal Contract Tower,0,8,3,1,12,0,2,0,5,7,0,10,3,6,19,0,0,0,19
04/25/2017,PDT,OR,ANM,WE,Federal Contract Tower,0,11,3,1,15,0,2,14,8,24,0,13,17,9,39,2,0,2,41
04/26/2017,PDT,OR,ANM,WE,Federal Contract Tower,0,11,2,0,13,0,0,1,4,5,0,11,3,4,18,0,0,0,18
04/27/2017,PDT,OR,ANM,WE,Federal Contract Tower,0,8,2,2,12,0,6,9,1,16,0,14,11,3,28,0,16,16,44
04/28/2017,PDT,OR,ANM,WE,Federal Contract Tower,0,9,0,0,9,0,1,15,11,27,0,10,15,11,36,10,0,10,46
04/29/2017,PDT,OR,ANM,WE,Federal Contract Tower,0,5,0,0,5,0,4,63,4,71,0,9,63,4,76,0,0,0,76
04/30/2017,PDT,OR,ANM,WE,Federal Contract Tower,0,5,0,0,5,0,1,7,0,8,0,6,7,0,13,0,0,0,13
05/01/2017,PDT,OR,ANM,WE,Federal Contract Tower,0,8,0,0,8,0,9,18,0,27,0,17,18,0,35,0,0,0,35
05/02/2017,PDT,OR,ANM,WE,Federal Contract Tower,0,9,8,2,19,0,5,16,9,30,0,14,24,11,49,0,10,10,59
05/03/2017,PDT,OR,ANM,WE,Federal Contract Tower,0,10,0,0,10,0,1,34,3,38,0,11,34,3,48,20,0,20,68
05/04/2017,PDT,OR,ANM,WE,Federal Contract Tower,0,9,0,0,9,0,10,14,3,27,0,19,14,3,36,0,0,0,36
05/05/2017,PDT,OR,ANM,WE,Federal Contract Tower,0,8,3,0,11,0,6,7,4,17,0,14,10,4,28,30,0,30,58
05/06/2017,PDT,OR,ANM,WE,Federal Contract Tower,0,7,3,2,12,0,4,18,2,24,0,11,21,4,36,0,0,0,36
05/07/2017,PDT,OR,ANM,WE,Federal Contract Tower,0,6,2,0,8,0,2,16,14,32,0,8,18,14,40,4,12,16,56
05/08/2017,PDT,OR,ANM,WE,Federal Contract Tower,0,8,1,0,9,0,9,17,3,29,0,17,18,3,38,0,0,0,38
05/09/2017,PDT,OR,ANM,WE,Federal Contract Tower,0,10,2,1,13,0,7,30,3,40,0,17,32,4,53,124,32,156,209
05/10/2017,PDT,OR,ANM,WE,Federal Contract Tower,0,10,1,0,11,0,4,47,4,55,0,14,48,4,66,0,10,10,76
05/11/2017,PDT,OR,ANM,WE,Federal Contract Tower,0,10,2,0,12,0,4,25,4,33,0,14,27,4,45,0,8,8,53
05/12/2017,PDT,OR,ANM,WE,Federal Contract Tower,0,11,1,0,12,0,3,18,0,21,0,14,19,0,33,0,0,0,33
05/13/2017,PDT,OR,ANM,WE,Federal Contract Tower,0,8,3,0,11,0,4,12,0,16,0,12,15,0,27,0,0,0,27
05/14/2017,PDT,OR,ANM,WE,Federal Contract Tower,0,1,3,0,4,0,4,26,0,30,0,5,29,0,34,0,0,0,34
05/15/2017,PDT,OR,ANM,WE,Federal Contract Tower,0,8,0,0,8,0,4,22,14,40,0,12,22,14,48,0,2,2,50
05/16/2017,PDT,OR,ANM,WE,Federal Contract Tower,0,6,2,0,8,0,1,3,1,5,0,7,5,1,13,0,0,0,13
05/17/2017,PDT,OR,ANM,WE,Federal Contract Tower,0,12,1,0,13,0,2,14,5,21,0,14,15,5,34,8,6,14,48
05/18/2017,PDT,OR,ANM,WE,Federal Contract Tower,0,9,0,0,9,0,3,29,5,37,0,12,29,5,46,30,0,30,76
05/19/2017,PDT,OR,ANM,WE,Federal Contract Tower,0,9,2,0,11,0,1,27,5,33,0,10,29,5,44,70,0,70,114
05/20/2017,PDT,OR,ANM,WE,Federal Contract Tower,0,6,2,1,9,0,2,41,4,47,0,8,43,5,56,28,8,36,92
05/21/2017,PDT,OR,ANM,WE,Federal Contract Tower,0,5,0,0,5,0,1,50,0,51,0,6,50,0,56,48,0,48,104
05/22/2017,PDT,OR,ANM,WE,Federal Contract Tower,0,8,0,0,8,0,0,24,0,24,0,8,24,0,32,4,0,4,36
05/23/2017,PDT,OR,ANM,WE,Federal Contract Tower,0,12,0,0,12,0,3,4,5,12,0,15,4,5,24,12,1,13,37
05/24/2017,PDT,OR,ANM,WE,Federal Contract Tower,0,10,5,2,17,0,7,16,6,29,0,17,21,8,46,2,22,24,70
05/25/2017,PDT,OR,ANM,WE,Federal Contract Tower,0,9,2,0,11,0,3,29,11,43,0,12,31,11,54,4,20,24,78
05/26/2017,PDT,OR,ANM,WE,Federal Contract Tower,0,9,0,0,9,0,7,29,19,55,0,16,29,19,64,52,32,84,148
05/27/2017,PDT,OR,ANM,WE,Federal Contract Tower,0,6,2,0,8,0,8,33,0,41,0,14,35,0,49,36,0,36,85
05/28/2017,PDT,OR,ANM,WE,Federal Contract Tower,0,7,1,0,8,0,5,13,0,18,0,12,14,0,26,0,0,0,26
05/29/2017,PDT,OR,ANM,WE,Federal Contract Tower,0,10,0,0,10,0,4,12,0,16,0,14,12,0,26,2,0,2,28
05/30/2017,PDT,OR,ANM,WE,Federal Contract Tower,0,9,6,0,15,0,6,8,1,15,0,15,14,1,30,20,2,22,52
05/31/2017,PDT,OR,ANM,WE,Federal Contract Tower,0,11,7,2,20,0,0,8,3,11,0,11,15,5,31,0,0,0,31
06/01/2017,PDT,OR,ANM,WE,Federal Contract Tower,0,9,0,0,9,0,0,0,0,0,0,9,0,0,9,14,0,14,23
06/02/2017,PDT,OR,ANM,WE,Federal Contract Tower,0,9,3,0,12,0,17,32,2,51,0,26,35,2,63,58,0,58,121
06/03/2017,PDT,OR,ANM,WE,Federal Contract Tower,0,6,4,0,10,0,10,27,8,45,0,16,31,8,55,10,8,18,73
06/04/2017,PDT,OR,ANM,WE,Federal Contract Tower,0,6,0,0,6,0,6,10,0,16,0,12,10,0,22,0,0,0,22
06/05/2017,PDT,OR,ANM,WE,Federal Contract Tower,0,7,0,0,7,0,1,20,16,37,0,8,20,16,44,0,0,0,44
06/06/2017,PDT,OR,ANM,WE,Federal Contract Tower,0,10,4,0,14,0,3,20,6,29,0,13,24,6,43,0,22,22,65
06/07/2017,PDT,OR,ANM,WE,Federal Contract Tower,0,11,1,1,13,0,0,37,2,39,0,11,38,3,52,16,0,16,68
06/08/2017,PDT,OR,ANM,WE,Federal Contract Tower,0,13,3,0,16,0,1,8,8,17,0,14,11,8,33,0,0,0,33
06/09/2017,PDT,OR,ANM,WE,Federal Contract Tower,0,10,2,0,12,0,5,16,5,26,0,15,18,5,38,2,0,2,40
06/10/2017,PDT,OR,ANM,WE,Federal Contract Tower,0,6,1,0,7,0,3,10,16,29,0,9,11,16,36,0,6,6,42
06/11/2017,PDT,OR,ANM,WE,Federal Contract Tower,0,7,0,3,10,0,5,6,13,24,0,12,6,16,34,0,6,6,40
06/12/2017,PDT,OR,ANM,WE,Federal Contract Tower,0,9,0,0,9,0,5,7,3,15,0,14,7,3,24,0,0,0,24
06/13/2017,PDT,OR,ANM,WE,Federal Contract Tower,0,9,2,0,11,0,1,5,4,10,0,10,7,4,21,0,2,2,23
06/14/2017,PDT,OR,ANM,WE,Federal Contract Tower,0,8,2,2,12,0,2,32,4,38,0,10,34,6,50,18,0,18,68
06/15/2017,PDT,OR,ANM,WE,Federal Contract Tower,0,9,1,0,10,0,0,0,0,0,0,9,1,0,10,0,0,0,10
06/16/2017,PDT,OR,ANM,WE,Federal Contract Tower,0,9,0,1,10,0,1,7,3,11,0,10,7,4,21,0,0,0,21
06/17/2017,PDT,OR,ANM,WE,Federal Contract Tower,0,6,3,3,12,0,3,33,6,42,0,9,36,9,54,2,0,2,56
06/18/2017,PDT,OR,ANM,WE,Federal Contract Tower,0,4,3,0,7,0,1,35,0,36,0,5,38,0,43,18,0,18,61
06/19/2017,PDT,OR,ANM,WE,Federal Contract Tower,0,8,1,0,9,0,1,34,0,35,0,9,35,0,44,14,0,14,58
06/20/2017,PDT,OR,ANM,WE,Federal Contract Tower,0,6,3,1,10,0,6,19,2,27,0,12,22,3,37,13,0,13,50
06/21/2017,PDT,OR,ANM,WE,Federal Contract Tower,0,11,1,0,12,0,0,20,6,26,0,11,21,6,38,0,10,10,48
06/22/2017,PDT,OR,ANM,WE,Federal Contract Tower,0,10,0,0,10,0,0,26,1,27,0,10,26,1,37,0,6,6,43
06/23/2017,PDT,OR,ANM,WE,Federal Contract Tower,0,8,1,1,10,0,2,19,2,23,0,10,20,3,33,14,0,14,47
06/24/2017,PDT,OR,ANM,WE,Federal Contract Tower,0,3,2,1,6,0,6,25,5,36,0,9,27,6,42,12,0,12,54
06/25/2017,PDT,OR,ANM,WE,Federal Contract Tower,0,6,0,0,6,0,5,17,2,24,0,11,17,2,30,0,0,0,30
06/26/2017,PDT,OR,ANM,WE,Federal Contract Tower,0,6,5,0,11,0,2,15,1,18,0,8,20,1,29,0,0,0,29
06/27/2017,PDT,OR,ANM,WE,Federal Contract Tower,0,10,4,1,15,0,3,6,1,10,0,13,10,2,25,0,0,0,25
06/28/2017,PDT,OR,ANM,WE,Federal Contract Tower,0,3,8,0,11,0,0,7,0,7,0,3,15,0,18,0,0,0,18
06/29/2017,PDT,OR,ANM,WE,Federal Contract Tower,0,12,0,0,12,0,2,7,2,11,0,14,7,2,23,0,0,0,23
06/30/2017,PDT,OR,ANM,WE,Federal Contract Tower,0,6,0,0,6,0,2,17,0,19,0,8,17,0,25,26,0,26,51
07/01/2017,PDT,OR,ANM,WE,Federal Contract Tower,0,6,1,0,7,0,4,16,0,20,0,10,17,0,27,10,0,10,37
07/02/2017,PDT,OR,ANM,WE,Federal Contract Tower,0,5,1,0,6,0,5,10,0,15,0,10,11,0,21,8,0,8,29
07/03/2017,PDT,OR,ANM,WE,Federal Contract Tower,0,7,1,0,8,0,2,20,0,22,0,9,21,0,30,30,0,30,60
07/04/2017,PDT,OR,ANM,WE,Federal Contract Tower,0,6,0,0,6,0,4,22,0,26,0,10,22,0,32,0,0,0,32
07/05/2017,PDT,OR,ANM,WE,Federal Contract Tower,0,5,2,0,7,0,5,16,0,21,0,10,18,0,28,0,0,0,28
07/06/2017,PDT,OR,ANM,WE,Federal Contract Tower,0,7,1,0,8,0,5,21,2,28,0,12,22,2,36,4,0,4,40
07/07/2017,PDT,OR,ANM,WE,Federal Contract Tower,0,8,2,0,10,0,0,11,3,14,0,8,13,3,24,6,0,6,30
07/08/2017,PDT,OR,ANM,WE,Federal Contract Tower,0,6,0,0,6,0,2,16,0,18,0,8,16,0,24,8,0,8,32
07/09/2017,PDT,OR,ANM,WE,Federal Contract Tower,0,6,0,0,6,0,3,18,0,21,0,9,18,0,27,2,0,2,29
07/10/2017,PDT,OR,ANM,WE,Federal Contract Tower,0,11,1,0,12,0,8,11,0,19,0,19,12,0,31,8,0,8,39
07/11/2017,PDT,OR,ANM,WE,Federal Contract Tower,0,9,3,0,12,0,13,20,1,34,0,22,23,1,46,0,0,0,46
07/12/2017,PDT,OR,ANM,WE,Federal Contract Tower,0,6,2,0,8,0,10,17,2,29,0,16,19,2,37,2,0,2,39
07/13/2017,PDT,OR,ANM,WE,Federal Contract Tower,0,7,2,0,9,0,3,15,0,18,0,10,17,0,27,0,0,0,27
07/14/2017,PDT,OR,ANM,WE,Federal Contract Tower,0,7,3,0,10,0,1,24,1,26,0,8,27,1,36,10,0,10,46
07/15/2017,PDT,OR,ANM,WE,Federal Contract Tower,0,8,1,0,9,0,3,12,0,15,0,11,13,0,24,16,0,16,40
07/16/2017,PDT,OR,ANM,WE,Federal Contract Tower,0,6,0,0,6,0,2,13,1,16,0,8,13,1,22,0,0,0,22
07/17/2017,PDT,OR,ANM,WE,Federal Contract Tower,0,8,0,0,8,0,6,10,0,16,0,14,10,0,24,4,0,4,28
07/18/2017,PDT,OR,ANM,WE,Federal Contract Tower,0,7,2,0,9,0,5,13,6,24,0,12,15,6,33,14,0,14,47
07/19/2017,PDT,OR,ANM,WE,Federal Contract Tower,0,8,3,0,11,0,1,21,1,23,0,9,24,1,34,0,0,0,34
07/20/2017,PDT,OR,ANM,WE,Federal Contract Tower,0,7,2,1,10,0,5,13,8,26,0,12,15,9,36,2,12,14,50
07/21/2017,PDT,OR,ANM,WE,Federal Contract Tower,0,9,4,0,13,0,5,15,5,25,0,14,19,5,38,34,2,36,74
07/22/2017,PDT,OR,ANM,WE,Federal Contract Tower,0,8,0,0,8,0,8,16,1,25,0,16,16,1,33,10,0,10,43
07/23/2017,PDT,OR,ANM,WE,Federal Contract Tower,0,9,0,0,9,0,2,18,1,21,0,11,18,1,30,28,0,28,58
07/24/2017,PDT,OR,ANM,WE,Federal Contract Tower,0,7,2,0,9,0,2,18,0,20,0,9,20,0,29,4,0,4,33
07/25/2017,PDT,OR,ANM,WE,Federal Contract Tower,0,9,1,4,14,0,1,16,8,25,0,10,17,12,39,4,0,4,43
07/26/2017,PDT,OR,ANM,WE,Federal Contract Tower,0,8,1,3,12,0,6,20,0,26,0,14,21,3,38,0,0,0,38
07/27/2017,PDT,OR,ANM,WE,Federal Contract Tower,0,9,0,0,9,0,10,12,2,24,0,19,12,2,33,4,2,6,39
07/28/2017,PDT,OR,ANM,WE,Federal Contract Tower,0,8,4,0,12,0,7,30,4,41,0,15,34,4,53,4,0,4,57
07/29/2017,PDT,OR,ANM,WE,Federal Contract Tower,0,6,0,1,7,0,9,12,1,22,0,15,12,2,29,4,0,4,33
07/30/2017,PDT,OR,ANM,WE,Federal Contract Tower,0,8,0,0,8,0,3,15,2,20,0,11,15,2,28,2,2,4,32
07/31/2017,PDT,OR,ANM,WE,Federal Contract Tower,0,8,0,0,8,0,9,15,2,26,0,17,15,2,34,0,2,2,36
08/01/2017,PDT,OR,ANM,WE,Federal Contract Tower,0,8,3,0,11,0,5,11,2,18,0,13,14,2,29,0,0,0,29
08/02/2017,PDT,OR,ANM,WE,Federal Contract Tower,0,10,8,0,18,0,2,9,0,11,0,12,17,0,29,0,0,0,29
08/03/2017,PDT,OR,ANM,WE,Federal Contract Tower,0,5,0,0,5,0,4,4,0,8,0,9,4,0,13,0,0,0,13
08/04/2017,PDT,OR,ANM,WE,Federal Contract Tower,0,11,2,1,14,0,3,1,3,7,0,14,3,4,21,0,12,12,33
08/05/2017,PDT,OR,ANM,WE,Federal Contract Tower,0,6,1,0,7,0,3,13,1,17,0,9,14,1,24,14,6,20,44
08/06/2017,PDT,OR,ANM,WE,Federal Contract Tower,0,5,0,0,5,0,2,5,4,11,0,7,5,4,16,2,0,2,18
08/08/2017,PDT,OR,ANM,WE,Federal Contract Tower,0,5,1,0,6,0,11,13,4,28,0,16,14,4,34,0,0,0,34
08/09/2017,PDT,OR,ANM,WE,Federal Contract Tower,0,4,6,0,10,0,2,18,0,20,0,6,24,0,30,0,0,0,30
08/10/2017,PDT,OR,ANM,WE,Federal Contract Tower,0,7,2,0,9,0,1,39,1,41,0,8,41,1,50,0,0,0,50
08/11/2017,PDT,OR,ANM,WE,Federal Contract Tower,0,7,3,0,10,0,1,67,0,68,0,8,70,0,78,0,0,0,78
08/12/2017,PDT,OR,ANM,WE,Federal Contract Tower,0,6,6,0,12,0,1,45,0,46,0,7,51,0,58,2,0,2,60
08/13/2017,PDT,OR,ANM,WE,Federal Contract Tower,0,7,0,0,7,0,1,9,0,10,0,8,9,0,17,0,0,0,17
08/14/2017,PDT,OR,ANM,WE,Federal Contract Tower,0,4,3,0,7,0,6,5,3,14,0,10,8,3,21,0,0,0,21
08/15/2017,PDT,OR,ANM,WE,Federal Contract Tower,0,6,4,0,10,0,4,12,0,16,0,10,16,0,26,4,0,4,30
08/16/2017,PDT,OR,ANM,WE,Federal Contract Tower,0,8,2,0,10,0,4,28,0,32,0,12,30,0,42,14,0,14,56
08/17/2017,PDT,OR,ANM,WE,Federal Contract Tower,0,7,0,0,7,0,3,19,14,36,0,10,19,14,43,6,0,6,49
08/18/2017,PDT,OR,ANM,WE,Federal Contract Tower,0,8,1,0,9,0,5,16,7,28,0,13,17,7,37,0,0,0,37
08/19/2017,PDT,OR,ANM,WE,Federal Contract Tower,0,6,1,0,7,0,3,19,6,28,0,9,20,6,35,0,0,0,35
08/20/2017,PDT,OR,ANM,WE,Federal Contract Tower,0,6,0,0,6,0,1,10,4,15,0,7,10,4,21,0,0,0,21
08/21/2017,PDT,OR,ANM,WE,Federal Contract Tower,0,10,2,0,12,0,7,30,0,37,0,17,32,0,49,0,0,0,49
08/22/2017,PDT,OR,ANM,WE,Federal Contract Tower,0,7,4,0,11,0,22,1,0,23,0,29,5,0,34,0,0,0,34
08/23/2017,PDT,OR,ANM,WE,Federal Contract Tower,0,6,2,0,8,0,8,18,1,27,0,14,20,1,35,4,0,4,39
08/24/2017,PDT,OR,ANM,WE,Federal Contract Tower,0,7,2,0,9,0,1,24,2,27,0,8,26,2,36,0,0,0,36
08/25/2017,PDT,OR,ANM,WE,Federal Contract Tower,0,7,1,0,8,0,4,25,0,29,0,11,26,0,37,0,0,0,37
08/26/2017,PDT,OR,ANM,WE,Federal Contract Tower,0,7,2,0,9,0,14,22,0,36,0,21,24,0,45,0,0,0,45
08/27/2017,PDT,OR,ANM,WE,Federal Contract Tower,0,6,0,0,6,0,3,13,0,16,0,9,13,0,22,0,0,0,22
08/28/2017,PDT,OR,ANM,WE,Federal Contract Tower,0,6,3,0,9,0,2,23,0,25,0,8,26,0,34,2,0,2,36
08/29/2017,PDT,OR,ANM,WE,Federal Contract Tower,0,7,5,0,12,0,7,6,0,13,0,14,11,0,25,0,0,0,25
08/30/2017,PDT,OR,ANM,WE,Federal Contract Tower,0,6,4,0,10,0,8,8,4,20,0,14,12,4,30,2,10,12,42
08/31/2017,PDT,OR,ANM,WE,Federal Contract Tower,0,8,0,0,8,0,7,15,0,22,0,15,15,0,30,13,0,13,43
09/01/2017,PDT,OR,ANM,WE,Federal Contract Tower,0,8,2,0,10,0,5,15,1,21,0,13,17,1,31,80,0,80,111
09/02/2017,PDT,OR,ANM,WE,Federal Contract Tower,0,6,3,0,9,0,4,21,0,25,0,10,24,0,34,2,0,2,36
09/03/2017,PDT,OR,ANM,WE,Federal Contract Tower,0,6,2,0,8,0,3,7,0,10,0,9,9,0,18,4,0,4,22
09/04/2017,PDT,OR,ANM,WE,Federal Contract Tower,0,5,9,0,14,0,0,15,0,15,0,5,24,0,29,2,0,2,31
09/05/2017,PDT,OR,ANM,WE,Federal Contract Tower,0,10,9,0,19,0,0,6,0,6,0,10,15,0,25,0,0,0,25
09/06/2017,PDT,OR,ANM,WE,Federal Contract Tower,0,13,10,0,23,0,0,1,0,1,0,13,11,0,24,0,0,0,24
09/07/2017,PDT,OR,ANM,WE,Federal Contract Tower,0,11,2,0,13,0,0,2,0,2,0,11,4,0,15,0,0,0,15
09/08/2017,PDT,OR,ANM,WE,Federal Contract Tower,0,11,4,0,15,0,3,2,0,5,0,14,6,0,20,0,0,0,20
09/09/2017,PDT,OR,ANM,WE,Federal Contract Tower,0,6,1,0,7,0,1,8,0,9,0,7,9,0,16,0,0,0,16
09/10/2017,PDT,OR,ANM,WE,Federal Contract Tower,0,6,0,0,6,0,3,7,0,10,0,9,7,0,16,0,0,0,16
09/11/2017,PDT,OR,ANM,WE,Federal Contract Tower,0,7,2,0,9,0,5,12,0,17,0,12,14,0,26,0,0,0,26
09/12/2017,PDT,OR,ANM,WE,Federal Contract Tower,0,8,2,0,10,0,24,6,1,31,0,32,8,1,41,6,0,6,47
09/13/2017,PDT,OR,ANM,WE,Federal Contract Tower,0,6,5,0,11,0,9,4,0,13,0,15,9,0,24,0,0,0,24
09/14/2017,PDT,OR,ANM,WE,Federal Contract Tower,0,13,2,0,15,0,3,17,0,20,0,16,19,0,35,0,0,0,35
09/15/2017,PDT,OR,ANM,WE,Federal Contract Tower,0,20,3,0,23,0,4,11,0,15,0,24,14,0,38,0,0,0,38
09/16/2017,PDT,OR,ANM,WE,Federal Contract Tower,0,6,4,0,10,0,8,24,4,36,0,14,28,4,46,1,0,1,47
09/17/2017,PDT,OR,ANM,WE,Federal Contract Tower,0,9,4,0,13,0,2,22,18,42,0,11,26,18,55,0,0,0,55
09/18/2017,PDT,OR,ANM,WE,Federal Contract Tower,0,8,2,0,10,0,0,8,0,8,0,8,10,0,18,0,0,0,18
09/19/2017,PDT,OR,ANM,WE,Federal Contract Tower,0,10,0,0,10,0,9,4,3,16,0,19,4,3,26,0,0,0,26
09/20/2017,PDT,OR,ANM,WE,Federal Contract Tower,0,11,0,0,11,0,6,4,0,10,0,17,4,0,21,0,0,0,21
09/21/2017,PDT,OR,ANM,WE,Federal Contract Tower,0,8,0,0,8,0,8,22,0,30,0,16,22,0,38,0,0,0,38
09/22/2017,PDT,OR,ANM,WE,Federal Contract Tower,0,9,0,0,9,0,1,28,0,29,0,10,28,0,38,0,0,0,38
09/23/2017,PDT,OR,ANM,WE,Federal Contract Tower,0,6,0,0,6,0,2,9,0,11,0,8,9,0,17,10,0,10,27
09/24/2017,PDT,OR,ANM,WE,Federal Contract Tower,0,7,0,0,7,0,6,14,0,20,0,13,14,0,27,0,0,0,27
09/25/2017,PDT,OR,ANM,WE,Federal Contract Tower,0,10,0,0,10,0,6,6,0,12,0,16,6,0,22,18,0,18,40
09/26/2017,PDT,OR,ANM,WE,Federal Contract Tower,0,10,2,0,12,0,2,12,1,15,0,12,14,1,27,2,2,4,31
09/27/2017,PDT,OR,ANM,WE,Federal Contract Tower,0,8,0,0,8,0,17,23,3,43,0,25,23,3,51,10,2,12,63
09/28/2017,PDT,OR,ANM,WE,Federal Contract Tower,0,8,0,0,8,0,8,7,0,15,0,16,7,0,23,36,2,38,61
09/29/2017,PDT,OR,ANM,WE,Federal Contract Tower,0,9,2,0,11,0,1,7,2,10,0,10,9,2,21,0,0,0,21
09/30/2017,PDT,OR,ANM,WE,Federal Contract Tower,0,9,0,0,9,0,5,7,0,12,0,14,7,0,21,12,0,12,33
10/01/2017,PDT,OR,ANM,WE,Federal Contract Tower,0,6,1,0,7,0,2,9,0,11,0,8,10,0,18,0,0,0,18
10/02/2017,PDT,OR,ANM,WE,Federal Contract Tower,0,9,0,2,11,0,2,14,2,18,0,11,14,4,29,0,7,7,36
10/03/2017,PDT,OR,ANM,WE,Federal Contract Tower,0,11,1,0,12,0,5,19,0,24,0,16,20,0,36,2,0,2,38
10/04/2017,PDT,OR,ANM,WE,Federal Contract Tower,0,7,0,0,7,0,8,14,3,25,0,15,14,3,32,12,0,12,44
10/05/2017,PDT,OR,ANM,WE,Federal Contract Tower,0,8,0,0,8,0,5,25,0,30,0,13,25,0,38,0,0,0,38
10/06/2017,PDT,OR,ANM,WE,Federal Contract Tower,0,10,0,0,10,0,3,14,2,19,0,13,14,2,29,2,0,2,31
10/07/2017,PDT,OR,ANM,WE,Federal Contract Tower,0,4,0,0,4,0,4,3,0,7,0,8,3,0,11,0,0,0,11
10/08/2017,PDT,OR,ANM,WE,Federal Contract Tower,0,6,4,0,10,0,3,8,0,11,0,9,12,0,21,12,0,12,33
10/09/2017,PDT,OR,ANM,WE,Federal Contract Tower,0,7,0,0,7,0,10,22,0,32,0,17,22,0,39,6,0,6,45
10/10/2017,PDT,OR,ANM,WE,Federal Contract Tower,0,10,0,0,10,0,5,7,0,12,0,15,7,0,22,2,0,2,24
10/11/2017,PDT,OR,ANM,WE,Federal Contract Tower,0,9,1,0,10,0,4,9,0,13,0,13,10,0,23,4,0,4,27
10/12/2017,PDT,OR,ANM,WE,Federal Contract Tower,0,9,2,0,11,0,5,1,0,6,0,14,3,0,17,0,0,0,17
10/13/2017,PDT,OR,ANM,WE,Federal Contract Tower,0,6,0,0,6,0,3,2,0,5,0,9,2,0,11,0,0,0,11
10/14/2017,PDT,OR,ANM,WE,Federal Contract Tower,0,5,2,0,7,0,2,15,2,19,0,7,17,2,26,11,0,11,37
10/15/2017,PDT,OR,ANM,WE,Federal Contract Tower,0,8,0,0,8,0,2,17,2,21,0,10,17,2,29,23,0,23,52
10/16/2017,PDT,OR,ANM,WE,Federal Contract Tower,0,8,0,0,8,0,4,6,4,14,0,12,6,4,22,4,30,34,56
10/17/2017,PDT,OR,ANM,WE,Federal Contract Tower,0,9,0,0,9,0,1,8,3,12,0,10,8,3,21,0,2,2,23
10/18/2017,PDT,OR,ANM,WE,Federal Contract Tower,0,9,0,0,9,0,0,2,0,2,0,9,2,0,11,20,2,22,33
10/19/2017,PDT,OR,ANM,WE,Federal Contract Tower,0,7,0,0,7,0,5,6,8,19,0,12,6,8,26,0,4,4,30
10/20/2017,PDT,OR,ANM,WE,Federal Contract Tower,0,8,0,0,8,0,6,0,2,8,0,14,0,2,16,0,11,11,27
10/21/2017,PDT,OR,ANM,WE,Federal Contract Tower,0,7,0,0,7,0,2,0,0,2,0,9,0,0,9,0,0,0,9
10/22/2017,PDT,OR,ANM,WE,Federal Contract Tower,0,7,0,0,7,0,1,0,0,1,0,8,0,0,8,0,0,0,8
10/23/2017,PDT,OR,ANM,WE,Federal Contract Tower,0,8,2,2,12,0,3,21,0,24,0,11,23,2,36,0,0,0,36
10/24/2017,PDT,OR,ANM,WE,Federal Contract Tower,0,10,1,0,11,0,5,38,4,47,0,15,39,4,58,10,0,10,68
10/25/2017,PDT,OR,ANM,WE,Federal Contract Tower,0,10,0,0,10,0,6,11,0,17,0,16,11,0,27,2,0,2,29
10/26/2017,PDT,OR,ANM,WE,Federal Contract Tower,0,8,0,2,10,0,6,19,4,29,0,14,19,6,39,4,8,12,51
10/27/2017,PDT,OR,ANM,WE,Federal Contract Tower,0,10,0,3,13,0,8,14,3,25,0,18,14,6,38,19,10,29,67
10/28/2017,PDT,OR,ANM,WE,Federal Contract Tower,0,10,2,0,12,0,8,38,0,46,0,18,40,0,58,0,0,0,58
10/29/2017,PDT,OR,ANM,WE,Federal Contract Tower,0,7,0,0,7,0,3,9,0,12,0,10,9,0,19,0,0,0,19
10/30/2017,PDT,OR,ANM,WE,Federal Contract Tower,0,8,2,0,10,0,1,8,3,12,0,9,10,3,22,0,0,0,22
10/31/2017,PDT,OR,ANM,WE,Federal Contract Tower,0,10,0,0,10,0,3,20,0,23,0,13,20,0,33,11,0,11,44
11/01/2017,PDT,OR,ANM,WE,Federal Contract Tower,0,9,1,0,10,0,3,3,0,6,0,12,4,0,16,0,0,0,16
11/02/2017,PDT,OR,ANM,WE,Federal Contract Tower,0,7,0,0,7,0,4,0,4,8,0,11,0,4,15,0,2,2,17
11/03/2017,PDT,OR,ANM,WE,Federal Contract Tower,0,9,0,0,9,0,3,0,0,3,0,12,0,0,12,0,0,0,12
11/04/2017,PDT,OR,ANM,WE,Federal Contract Tower,0,7,0,0,7,0,0,28,0,28,0,7,28,0,35,0,0,0,35
11/05/2017,PDT,OR,ANM,WE,Federal Contract Tower,0,6,3,0,9,0,0,3,0,3,0,6,6,0,12,0,0,0,12
11/06/2017,PDT,OR,ANM,WE,Federal Contract Tower,0,8,0,0,8,0,2,2,0,4,0,10,2,0,12,0,0,0,12
11/07/2017,PDT,OR,ANM,WE,Federal Contract Tower,0,9,1,0,10,0,1,3,0,4,0,10,4,0,14,0,0,0,14
11/08/2017,PDT,OR,ANM,WE,Federal Contract Tower,0,12,0,0,12,0,2,4,0,6,0,14,4,0,18,0,0,0,18
11/09/2017,PDT,OR,ANM,WE,Federal Contract Tower,0,4,0,0,4,0,3,2,0,5,0,7,2,0,9,0,6,6,15
11/10/2017,PDT,OR,ANM,WE,Federal Contract Tower,0,5,1,0,6,0,1,1,0,2,0,6,2,0,8,0,0,0,8
11/11/2017,PDT,OR,ANM,WE,Federal Contract Tower,0,6,4,0,10,0,1,11,0,12,0,7,15,0,22,6,0,6,28
11/12/2017,PDT,OR,ANM,WE,Federal Contract Tower,0,7,4,0,11,0,0,0,0,0,0,7,4,0,11,0,0,0,11
11/13/2017,PDT,OR,ANM,WE,Federal Contract Tower,0,8,0,0,8,0,1,0,0,1,0,9,0,0,9,0,0,0,9
11/14/2017,PDT,OR,ANM,WE,Federal Contract Tower,0,10,4,0,14,0,0,3,0,3,0,10,7,0,17,4,0,4,21
11/15/2017,PDT,OR,ANM,WE,Federal Contract Tower,0,12,0,2,14,0,5,2,1,8,0,17,2,3,22,0,48,48,70
11/16/2017,PDT,OR,ANM,WE,Federal Contract Tower,0,9,0,2,11,0,8,3,4,15,0,17,3,6,26,47,50,97,123
11/17/2017,PDT,OR,ANM,WE,Federal Contract Tower,0,9,1,1,11,0,4,7,4,15,0,13,8,5,26,2,2,4,30
11/18/2017,PDT,OR,ANM,WE,Federal Contract Tower,0,7,4,0,11,0,1,25,0,26,0,8,29,0,37,4,0,4,41
11/19/2017,PDT,OR,ANM,WE,Federal Contract Tower,0,6,2,0,8,0,3,11,0,14,0,9,13,0,22,0,0,0,22
11/20/2017,PDT,OR,ANM,WE,Federal Contract Tower,0,7,0,2,9,0,1,0,0,1,0,8,0,2,10,0,0,0,10
11/21/2017,PDT,OR,ANM,WE,Federal Contract Tower,0,8,0,1,9,0,0,2,2,4,0,8,2,3,13,22,4,26,39
11/22/2017,PDT,OR,ANM,WE,Federal Contract Tower,0,6,4,0,10,0,7,9,0,16,0,13,13,0,26,42,0,42,68
11/23/2017,PDT,OR,ANM,WE,Federal Contract Tower,0,5,0,0,5,0,0,0,0,0,0,5,0,0,5,0,0,0,5
11/24/2017,PDT,OR,ANM,WE,Federal Contract Tower,0,7,2,0,9,0,4,5,0,9,0,11,7,0,18,2,0,2,20
11/25/2017,PDT,OR,ANM,WE,Federal Contract Tower,0,8,0,0,8,0,0,10,0,10,0,8,10,0,18,26,0,26,44
11/26/2017,PDT,OR,ANM,WE,Federal Contract Tower,0,6,0,0,6,0,0,2,0,2,0,6,2,0,8,0,0,0,8
11/27/2017,PDT,OR,ANM,WE,Federal Contract Tower,0,7,2,0,9,0,3,4,3,10,0,10,6,3,19,4,10,14,33
11/28/2017,PDT,OR,ANM,WE,Federal Contract Tower,0,10,2,0,12,0,0,9,2,11,0,10,11,2,23,0,15,15,38
11/29/2017,PDT,OR,ANM,WE,Federal Contract Tower,0,10,1,0,11,0,4,4,2,10,0,14,5,2,21,0,14,14,35
11/30/2017,PDT,OR,ANM,WE,Federal Contract Tower,0,7,1,0,8,0,7,6,3,16,0,14,7,3,24,0,6,6,30
12/01/2017,PDT,OR,ANM,WE,Federal Contract Tower,0,7,2,0,9,0,4,1,4,9,0,11,3,4,18,2,20,22,40
12/02/2017,PDT,OR,ANM,WE,Federal Contract Tower,0,10,0,0,10,0,1,11,0,12,0,11,11,0,22,0,0,0,22
12/03/2017,PDT,OR,ANM,WE,Federal Contract Tower,0,8,0,0,8,0,1,0,0,1,0,9,0,0,9,0,0,0,9
12/04/2017,PDT,OR,ANM,WE,Federal Contract Tower,0,7,2,0,9,0,4,8,12,24,0,11,10,12,33,2,0,2,35
12/05/2017,PDT,OR,ANM,WE,Federal Contract Tower,0,8,2,1,11,0,2,7,2,11,0,10,9,3,22,4,22,26,48
12/06/2017,PDT,OR,ANM,WE,Federal Contract Tower,0,7,0,0,7,0,3,9,5,17,0,10,9,5,24,4,16,20,44
12/07/2017,PDT,OR,ANM,WE,Federal Contract Tower,0,15,0,0,15,0,0,0,0,0,0,15,0,0,15,0,0,0,15
12/08/2017,PDT,OR,ANM,WE,Federal Contract Tower,0,10,0,0,10,0,0,0,0,0,0,10,0,0,10,0,0,0,10
12/09/2017,PDT,OR,ANM,WE,Federal Contract Tower,0,6,0,0,6,0,0,1,0,1,0,6,1,0,7,0,0,0,7
12/10/2017,PDT,OR,ANM,WE,Federal Contract Tower,0,8,0,0,8,0,0,0,0,0,0,8,0,0,8,0,0,0,8
12/11/2017,PDT,OR,ANM,WE,Federal Contract Tower,0,11,3,0,14,0,2,2,0,4,0,13,5,0,18,0,0,0,18
12/12/2017,PDT,OR,ANM,WE,Federal Contract Tower,0,10,0,0,10,0,2,0,2,4,0,12,0,2,14,0,8,8,22
12/16/2017,PDT,OR,ANM,WE,Federal Contract Tower,0,8,0,0,8,0,0,7,4,11,0,8,7,4,19,15,21,36,55
12/17/2017,PDT,OR,ANM,WE,Federal Contract Tower,0,6,7,0,13,0,0,6,0,6,0,6,13,0,19,0,0,0,19
12/18/2017,PDT,OR,ANM,WE,Federal Contract Tower,0,8,0,0,8,0,3,4,2,9,0,11,4,2,17,0,0,0,17
12/19/2017,PDT,OR,ANM,WE,Federal Contract Tower,0,6,2,0,8,0,4,3,1,8,0,10,5,1,16,0,0,0,16
12/20/2017,PDT,OR,ANM,WE,Federal Contract Tower,0,9,0,0,9,0,4,0,4,8,0,13,0,4,17,0,19,19,36
12/21/2017,PDT,OR,ANM,WE,Federal Contract Tower,0,7,11,2,20,0,8,15,2,25,0,15,26,4,45,10,7,17,62
12/22/2017,PDT,OR,ANM,WE,Federal Contract Tower,0,8,2,0,10,0,0,0,0,0,0,8,2,0,10,0,0,0,10
12/23/2017,PDT,OR,ANM,WE,Federal Contract Tower,0,8,1,0,9,0,2,1,0,3,0,10,2,0,12,0,0,0,12
12/24/2017,PDT,OR,ANM,WE,Federal Contract Tower,0,7,0,0,7,0,1,0,0,1,0,8,0,0,8,0,0,0,8
12/25/2017,PDT,OR,ANM,WE,Federal Contract Tower,0,7,0,0,7,0,0,0,0,0,0,7,0,0,7,0,0,0,7
12/26/2017,PDT,OR,ANM,WE,Federal Contract Tower,0,10,0,0,10,0,0,0,0,0,0,10,0,0,10,0,0,0,10
12/27/2017,PDT,OR,ANM,WE,Federal Contract Tower,0,11,2,0,13,0,0,0,3,3,0,11,2,3,16,0,30,30,46
12/28/2017,PDT,OR,ANM,WE,Federal Contract Tower,0,6,1,0,7,0,0,0,0,0,0,6,1,0,7,0,40,40,47
12/29/2017,PDT,OR,ANM,WE,Federal Contract Tower,0,8,0,0,8,0,0,0,0,0,0,8,0,0,8,0,0,0,8
12/30/2017,PDT,OR,ANM,WE,Federal Contract Tower,0,6,5,0,11,0,4,13,0,17,0,10,18,0,28,9,0,9,37
12/31/2017,PDT,OR,ANM,WE,Federal Contract Tower,0,6,2,2,10,0,0,0,0,0,0,6,2,2,10,0,0,0,10
01/01/2018,PDT,OR,ANM,WE,Federal Contract Tower,0,9,0,0,9,0,0,0,0,0,0,9,0,0,9,0,0,0,9
01/02/2018,PDT,OR,ANM,WE,Federal Contract Tower,0,9,2,0,11,0,0,2,0,2,0,9,4,0,13,0,0,0,13
01/03/2018,PDT,OR,ANM,WE,Federal Contract Tower,0,16,1,0,17,0,0,0,0,0,0,16,1,0,17,0,12,12,29
01/04/2018,PDT,OR,ANM,WE,Federal Contract Tower,0,9,0,0,9,0,1,0,0,1,0,10,0,0,10,0,12,12,22
01/05/2018,PDT,OR,ANM,WE,Federal Contract Tower,0,6,0,0,6,0,0,0,0,0,0,6,0,0,6,0,10,10,16
01/06/2018,PDT,OR,ANM,WE,Federal Contract Tower,0,10,0,0,10,0,0,4,0,4,0,10,4,0,14,18,0,18,32
01/07/2018,PDT,OR,ANM,WE,Federal Contract Tower,0,3,4,0,7,0,2,12,0,14,0,5,16,0,21,36,0,36,57
01/08/2018,PDT,OR,ANM,WE,Federal Contract Tower,0,0,0,0,0,0,0,0,0,0,0,0,0,0,0,0,0,0,0
01/09/2018,PDT,OR,ANM,WE,Federal Contract Tower,0,12,0,3,15,0,0,0,1,1,0,12,0,4,16,0,0,0,16
01/10/2018,PDT,OR,ANM,WE,Federal Contract Tower,0,7,3,1,11,0,2,10,3,15,0,9,13,4,26,12,0,12,38
01/11/2018,PDT,OR,ANM,WE,Federal Contract Tower,0,5,2,0,7,0,0,0,2,2,0,5,2,2,9,0,15,15,24
01/12/2018,PDT,OR,ANM,WE,Federal Contract Tower,0,2,0,1,3,0,6,0,1,7,0,8,0,2,10,0,0,0,10
01/13/2018,PDT,OR,ANM,WE,Federal Contract Tower,0,10,1,0,11,0,2,10,0,12,0,12,11,0,23,12,0,12,35
01/14/2018,PDT,OR,ANM,WE,Federal Contract Tower,0,5,0,0,5,0,0,0,0,0,0,5,0,0,5,0,0,0,5
01/15/2018,PDT,OR,ANM,WE,Federal Contract Tower,0,9,1,0,10,0,0,0,0,0,0,9,1,0,10,0,0,0,10
01/16/2018,PDT,OR,ANM,WE,Federal Contract Tower,0,12,2,2,16,0,3,4,2,9,0,15,6,4,25,0,0,0,25
01/17/2018,PDT,OR,ANM,WE,Federal Contract Tower,0,9,0,0,9,0,4,17,1,22,0,13,17,1,31,12,1,13,44
01/18/2018,PDT,OR,ANM,WE,Federal Contract Tower,0,11,2,0,13,0,2,0,3,5,0,13,2,3,18,0,2,2,20
01/19/2018,PDT,OR,ANM,WE,Federal Contract Tower,0,10,0,1,11,0,4,2,3,9,0,14,2,4,20,0,4,4,24
01/20/2018,PDT,OR,ANM,WE,Federal Contract Tower,0,8,0,0,8,0,0,14,0,14,0,8,14,0,22,14,0,14,36
01/21/2018,PDT,OR,ANM,WE,Federal Contract Tower,0,6,0,0,6,0,3,4,0,7,0,9,4,0,13,0,0,0,13
01/22/2018,PDT,OR,ANM,WE,Federal Contract Tower,0,8,4,0,12,0,1,5,0,6,0,9,9,0,18,0,0,0,18
01/23/2018,PDT,OR,ANM,WE,Federal Contract Tower,0,10,0,0,10,0,5,1,4,10,0,15,1,4,20,0,8,8,28
01/24/2018,PDT,OR,ANM,WE,Federal Contract Tower,0,12,0,1,13,0,5,0,7,12,0,17,0,8,25,0,20,20,45
01/25/2018,PDT,OR,ANM,WE,Federal Contract Tower,0,7,2,4,13,0,4,3,7,14,0,11,5,11,27,0,56,56,83
01/26/2018,PDT,OR,ANM,WE,Federal Contract Tower,0,11,3,4,18,0,2,13,1,16,0,13,16,5,34,0,18,18,52
01/27/2018,PDT,OR,ANM,WE,Federal Contract Tower,0,6,2,0,8,0,3,0,6,9,0,9,2,6,17,0,34,34,51
01/28/2018,PDT,OR,ANM,WE,Federal Contract Tower,0,5,0,0,5,0,1,6,0,7,0,6,6,0,12,6,0,6,18
01/29/2018,PDT,OR,ANM,WE,Federal Contract Tower,0,14,2,4,20,0,3,0,0,3,0,17,2,4,23,2,0,2,25
01/30/2018,PDT,OR,ANM,WE,Federal Contract Tower,0,9,0,0,9,0,3,2,4,9,0,12,2,4,18,2,0,2,20
01/31/2018,PDT,OR,ANM,WE,Federal Contract Tower,0,9,2,2,13,0,4,4,1,9,0,13,6,3,22,0,6,6,28
02/01/2018,PDT,OR,ANM,WE,Federal Contract Tower,0,10,0,0,10,0,2,4,0,6,0,12,4,0,16,8,0,8,24
02/02/2018,PDT,OR,ANM,WE,Federal Contract Tower,0,11,0,0,11,0,6,6,1,13,0,17,6,1,24,0,0,0,24
02/03/2018,PDT,OR,ANM,WE,Federal Contract Tower,0,6,2,0,8,0,2,3,0,5,0,8,5,0,13,0,0,0,13
02/04/2018,PDT,OR,ANM,WE,Federal Contract Tower,0,6,0,0,6,0,0,1,0,1,0,6,1,0,7,0,0,0,7
02/05/2018,PDT,OR,ANM,WE,Federal Contract Tower,0,7,0,0,7,0,2,0,1,3,0,9,0,1,10,0,2,2,12
02/06/2018,PDT,OR,ANM,WE,Federal Contract Tower,0,10,4,0,14,0,3,2,5,10,0,13,6,5,24,0,6,6,30
02/07/2018,PDT,OR,ANM,WE,Federal Contract Tower,0,11,0,0,11,0,11,7,3,21,0,22,7,3,32,1,2,3,35
02/08/2018,PDT,OR,ANM,WE,Federal Contract Tower,0,10,0,0,10,0,11,3,2,16,0,21,3,2,26,0,10,10,36
02/09/2018,PDT,OR,ANM,WE,Federal Contract Tower,0,13,0,0,13,0,2,12,0,14,0,15,12,0,27,6,0,6,33
02/10/2018,PDT,OR,ANM,WE,Federal Contract Tower,0,6,0,2,8,0,0,36,4,40,0,6,36,6,48,10,0,10,58
02/11/2018,PDT,OR,ANM,WE,Federal Contract Tower,0,6,0,2,8,0,3,18,2,23,0,9,18,4,31,31,0,31,62
02/12/2018,PDT,OR,ANM,WE,Federal Contract Tower,0,8,0,0,8,0,2,9,4,15,0,10,9,4,23,0,0,0,23
02/13/2018,PDT,OR,ANM,WE,Federal Contract Tower,0,9,0,0,9,0,3,13,1,17,0,12,13,1,26,26,2,28,54
02/14/2018,PDT,OR,ANM,WE,Federal Contract Tower,0,10,4,0,14,0,4,0,6,10,0,14,4,6,24,0,3,3,27
02/15/2018,PDT,OR,ANM,WE,Federal Contract Tower,0,12,1,0,13,0,1,7,0,8,0,13,8,0,21,0,0,0,21
02/16/2018,PDT,OR,ANM,WE,Federal Contract Tower,0,9,0,0,9,0,4,0,0,4,0,13,0,0,13,0,0,0,13
02/17/2018,PDT,OR,ANM,WE,Federal Contract Tower,0,6,0,0,6,0,1,2,0,3,0,7,2,0,9,0,0,0,9
02/19/2018,PDT,OR,ANM,WE,Federal Contract Tower,0,2,0,0,2,0,3,3,0,6,0,5,3,0,8,16,0,16,24
02/20/2018,PDT,OR,ANM,WE,Federal Contract Tower,0,6,0,1,7,0,2,8,1,11,0,8,8,2,18,0,2,2,20
02/21/2018,PDT,OR,ANM,WE,Federal Contract Tower,0,6,2,3,11,0,2,5,3,10,0,8,7,6,21,0,14,14,35
02/22/2018,PDT,OR,ANM,WE,Federal Contract Tower,0,8,0,2,10,0,0,1,0,1,0,8,1,2,11,2,1,3,14
02/23/2018,PDT,OR,ANM,WE,Federal Contract Tower,0,8,4,0,12,0,1,16,0,17,0,9,20,0,29,56,0,56,85
02/24/2018,PDT,OR,ANM,WE,Federal Contract Tower,0,2,0,0,2,0,2,0,0,2,0,4,0,0,4,0,0,0,4
02/25/2018,PDT,OR,ANM,WE,Federal Contract Tower,0,0,1,0,1,0,3,5,0,8,0,3,6,0,9,0,0,0,9
02/26/2018,PDT,OR,ANM,WE,Federal Contract Tower,0,3,1,0,4,0,2,9,2,13,0,5,10,2,17,13,6,19,36
02/27/2018,PDT,OR,ANM,WE,Federal Contract Tower,0,10,0,0,10,0,1,5,2,8,0,11,5,2,18,10,24,34,52
02/28/2018,PDT,OR,ANM,WE,Federal Contract Tower,0,9,0,0,9,0,4,3,2,9,0,13,3,2,18,0,0,0,18
03/01/2018,PDT,OR,ANM,WE,Federal Contract Tower,0,10,0,0,10,0,0,0,0,0,0,10,0,0,10,0,0,0,10
03/02/2018,PDT,OR,ANM,WE,Federal Contract Tower,0,13,3,0,16,0,5,1,0,6,0,18,4,0,22,2,0,2,24
03/03/2018,PDT,OR,ANM,WE,Federal Contract Tower,0,7,2,1,10,0,6,10,0,16,0,13,12,1,26,31,2,33,59
03/04/2018,PDT,OR,ANM,WE,Federal Contract Tower,0,7,0,0,7,0,5,12,0,17,0,12,12,0,24,0,6,6,30
03/05/2018,PDT,OR,ANM,WE,Federal Contract Tower,0,7,1,0,8,0,5,10,2,17,0,12,11,2,25,6,0,6,31
03/06/2018,PDT,OR,ANM,WE,Federal Contract Tower,0,9,3,1,13,0,5,22,1,28,0,14,25,2,41,10,2,12,53
03/07/2018,PDT,OR,ANM,WE,Federal Contract Tower,0,9,2,0,11,0,2,20,7,29,0,11,22,7,40,2,25,27,67
03/08/2018,PDT,OR,ANM,WE,Federal Contract Tower,0,9,0,0,9,0,1,5,0,6,0,10,5,0,15,0,0,0,15
03/09/2018,PDT,OR,ANM,WE,Federal Contract Tower,0,8,6,0,14,0,3,1,2,6,0,11,7,2,20,0,0,0,20
03/10/2018,PDT,OR,ANM,WE,Federal Contract Tower,0,7,0,0,7,0,3,15,0,18,0,10,15,0,25,0,1,1,26
03/11/2018,PDT,OR,ANM,WE,Federal Contract Tower,0,6,0,0,6,0,3,41,0,44,0,9,41,0,50,0,0,0,50
03/12/2018,PDT,OR,ANM,WE,Federal Contract Tower,0,7,3,0,10,0,4,19,2,25,0,11,22,2,35,6,0,6,41
03/13/2018,PDT,OR,ANM,WE,Federal Contract Tower,0,9,0,1,10,0,3,23,0,26,0,12,23,1,36,22,0,22,58
03/14/2018,PDT,OR,ANM,WE,Federal Contract Tower,9,0,0,5,14,0,2,1,3,6,9,2,1,8,20,3,0,3,23
03/15/2018,PDT,OR,ANM,WE,Federal Contract Tower,0,8,2,1,11,0,5,15,13,33,0,13,17,14,44,2,0,2,46
03/16/2018,PDT,OR,ANM,WE,Federal Contract Tower,0,10,4,0,14,0,4,8,0,12,0,14,12,0,26,0,0,0,26
03/17/2018,PDT,OR,ANM,WE,Federal Contract Tower,0,0,6,0,6,0,5,2,0,7,0,5,8,0,13,0,0,0,13
03/18/2018,PDT,OR,ANM,WE,Federal Contract Tower,0,6,0,0,6,0,1,8,4,13,0,7,8,4,19,3,0,3,22
03/19/2018,PDT,OR,ANM,WE,Federal Contract Tower,0,8,0,0,8,0,4,9,4,17,0,12,9,4,25,5,14,19,44
03/20/2018,PDT,OR,ANM,WE,Federal Contract Tower,0,9,1,2,12,0,5,31,10,46,0,14,32,12,58,28,2,30,88
03/21/2018,PDT,OR,ANM,WE,Federal Contract Tower,0,10,0,5,15,0,4,2,6,12,0,14,2,11,27,64,6,70,97
03/22/2018,PDT,OR,ANM,WE,Federal Contract Tower,0,12,0,0,12,0,2,1,2,5,0,14,1,2,17,2,2,4,21
03/23/2018,PDT,OR,ANM,WE,Federal Contract Tower,0,9,0,0,9,0,2,2,1,5,0,11,2,1,14,44,0,44,58
03/24/2018,PDT,OR,ANM,WE,Federal Contract Tower,0,7,0,1,8,0,6,5,2,13,0,13,5,3,21,6,0,6,27
03/25/2018,PDT,OR,ANM,WE,Federal Contract Tower,0,6,3,0,9,0,1,8,0,9,0,7,11,0,18,2,0,2,20
03/26/2018,PDT,OR,ANM,WE,Federal Contract Tower,0,7,0,4,11,0,0,16,2,18,0,7,16,6,29,0,5,5,34
03/27/2018,PDT,OR,ANM,WE,Federal Contract Tower,0,10,0,0,10,0,4,1,5,10,0,14,1,5,20,4,10,14,34
03/28/2018,PDT,OR,ANM,WE,Federal Contract Tower,0,9,1,0,10,0,2,5,3,10,0,11,6,3,20,0,18,18,38
03/29/2018,PDT,OR,ANM,WE,Federal Contract Tower,0,8,6,0,14,0,7,30,0,37,0,15,36,0,51,35,4,39,90
03/30/2018,PDT,OR,ANM,WE,Federal Contract Tower,0,6,2,0,8,0,6,10,0,16,0,12,12,0,24,0,0,0,24
03/31/2018,PDT,OR,ANM,WE,Federal Contract Tower,0,8,2,0,10,0,2,30,0,32,0,10,32,0,42,4,0,4,46
04/01/2018,PDT,OR,ANM,WE,Federal Contract Tower,0,6,0,0,6,0,4,2,0,6,0,10,2,0,12,0,0,0,12
04/02/2018,PDT,OR,ANM,WE,Federal Contract Tower,0,7,0,0,7,0,2,1,0,3,0,9,1,0,10,0,0,0,10
04/03/2018,PDT,OR,ANM,WE,Federal Contract Tower,0,9,0,0,9,0,3,24,0,27,0,12,24,0,36,12,2,14,50
04/04/2018,PDT,OR,ANM,WE,Federal Contract Tower,0,10,0,0,10,0,8,2,0,10,0,18,2,0,20,2,0,2,22
04/05/2018,PDT,OR,ANM,WE,Federal Contract Tower,0,10,3,8,21,0,0,5,11,16,0,10,8,19,37,2,0,2,39
04/06/2018,PDT,OR,ANM,WE,Federal Contract Tower,0,11,1,0,12,0,1,14,3,18,0,12,15,3,30,2,0,2,32
04/07/2018,PDT,OR,ANM,WE,Federal Contract Tower,0,3,1,0,4,0,2,0,0,2,0,5,1,0,6,0,0,0,6
04/08/2018,PDT,OR,ANM,WE,Federal Contract Tower,0,7,1,0,8,0,0,2,0,2,0,7,3,0,10,0,0,0,10
04/09/2018,PDT,OR,ANM,WE,Federal Contract Tower,0,7,0,0,7,0,3,20,3,26,0,10,20,3,33,0,1,1,34
04/10/2018,PDT,OR,ANM,WE,Federal Contract Tower,0,10,0,0,10,0,2,12,4,18,0,12,12,4,28,0,0,0,28
04/11/2018,PDT,OR,ANM,WE,Federal Contract Tower,0,6,1,0,7,0,6,18,4,28,0,12,19,4,35,2,0,2,37
04/12/2018,PDT,OR,ANM,WE,Federal Contract Tower,0,8,4,0,12,0,5,0,4,9,0,13,4,4,21,0,0,0,21
04/13/2018,PDT,OR,ANM,WE,Federal Contract Tower,0,9,7,1,17,0,3,13,3,19,0,12,20,4,36,0,0,0,36
04/14/2018,PDT,OR,ANM,WE,Federal Contract Tower,0,6,5,0,11,0,5,28,0,33,0,11,33,0,44,0,0,0,44
04/15/2018,PDT,OR,ANM,WE,Federal Contract Tower,0,6,2,1,9,0,2,7,8,17,0,8,9,9,26,0,6,6,32
04/16/2018,PDT,OR,ANM,WE,Federal Contract Tower,0,6,0,0,6,0,4,2,0,6,0,10,2,0,12,0,0,0,12
04/17/2018,PDT,OR,ANM,WE,Federal Contract Tower,0,9,2,0,11,0,0,5,7,12,0,9,7,7,23,0,0,0,23
04/18/2018,PDT,OR,ANM,WE,Federal Contract Tower,0,8,0,1,9,0,14,14,1,29,0,22,14,2,38,2,0,2,40
04/19/2018,PDT,OR,ANM,WE,Federal Contract Tower,0,7,2,2,11,0,14,37,8,59,0,21,39,10,70,10,2,12,82
04/20/2018,PDT,OR,ANM,WE,Federal Contract Tower,0,8,5,0,13,0,3,28,18,49,0,11,33,18,62,8,0,8,70
04/21/2018,PDT,OR,ANM,WE,Federal Contract Tower,0,6,0,0,6,0,5,3,8,16,0,11,3,8,22,0,0,0,22
04/22/2018,PDT,OR,ANM,WE,Federal Contract Tower,0,6,6,2,14,0,3,31,3,37,0,9,37,5,51,0,0,0,51
04/23/2018,PDT,OR,ANM,WE,Federal Contract Tower,0,10,0,0,10,0,0,19,2,21,0,10,19,2,31,22,0,22,53
04/24/2018,PDT,OR,ANM,WE,Federal Contract Tower,0,6,4,0,10,0,1,23,0,24,0,7,27,0,34,20,0,20,54
04/25/2018,PDT,OR,ANM,WE,Federal Contract Tower,0,7,0,0,7,0,10,26,0,36,0,17,26,0,43,4,0,4,47
04/26/2018,PDT,OR,ANM,WE,Federal Contract Tower,0,8,0,0,8,0,7,40,2,49,0,15,40,2,57,30,0,30,87
04/27/2018,PDT,OR,ANM,WE,Federal Contract Tower,0,9,0,1,10,0,3,24,3,30,0,12,24,4,40,18,0,18,58
04/28/2018,PDT,OR,ANM,WE,Federal Contract Tower,0,8,0,0,8,0,2,4,15,21,0,10,4,15,29,10,0,10,39
04/29/2018,PDT,OR,ANM,WE,Federal Contract Tower,0,9,0,0,9,0,2,2,0,4,0,11,2,0,13,0,0,0,13
04/30/2018,PDT,OR,ANM,WE,Federal Contract Tower,0,9,2,0,11,0,0,6,4,10,0,9,8,4,21,0,0,0,21
05/01/2018,PDT,OR,ANM,WE,Federal Contract Tower,0,8,8,1,17,0,6,22,5,33,0,14,30,6,50,60,0,60,110
05/02/2018,PDT,OR,ANM,WE,Federal Contract Tower,0,8,4,0,12,0,6,25,3,34,0,14,29,3,46,12,1,13,59
05/03/2018,PDT,OR,ANM,WE,Federal Contract Tower,0,7,2,0,9,0,6,20,7,33,0,13,22,7,42,10,0,10,52
05/04/2018,PDT,OR,ANM,WE,Federal Contract Tower,0,8,1,0,9,0,5,13,3,21,0,13,14,3,30,2,8,10,40
05/05/2018,PDT,OR,ANM,WE,Federal Contract Tower,0,8,1,0,9,0,5,16,0,21,0,13,17,0,30,38,2,40,70
05/06/2018,PDT,OR,ANM,WE,Federal Contract Tower,0,6,0,0,6,0,3,7,2,12,0,9,7,2,18,4,0,4,22
05/07/2018,PDT,OR,ANM,WE,Federal Contract Tower,0,8,2,0,10,0,2,19,6,27,0,10,21,6,37,12,6,18,55
05/08/2018,PDT,OR,ANM,WE,Federal Contract Tower,0,7,1,0,8,0,6,25,2,33,0,13,26,2,41,18,0,18,59
05/09/2018,PDT,OR,ANM,WE,Federal Contract Tower,0,10,3,2,15,0,3,11,2,16,0,13,14,4,31,0,0,0,31
05/10/2018,PDT,OR,ANM,WE,Federal Contract Tower,0,7,0,0,7,0,7,6,3,16,0,14,6,3,23,0,5,5,28
05/11/2018,PDT,OR,ANM,WE,Federal Contract Tower,0,10,0,0,10,0,4,16,2,22,0,14,16,2,32,46,4,50,82
05/12/2018,PDT,OR,ANM,WE,Federal Contract Tower,0,9,2,0,11,0,1,12,0,13,0,10,14,0,24,29,0,29,53
05/13/2018,PDT,OR,ANM,WE,Federal Contract Tower,0,8,0,0,8,0,8,20,0,28,0,16,20,0,36,18,0,18,54
05/14/2018,PDT,OR,ANM,WE,Federal Contract Tower,0,8,0,0,8,0,4,30,0,34,0,12,30,0,42,21,0,21,63
05/15/2018,PDT,OR,ANM,WE,Federal Contract Tower,0,10,6,0,16,0,1,50,4,55,0,11,56,4,71,16,0,16,87
05/16/2018,PDT,OR,ANM,WE,Federal Contract Tower,0,10,2,0,12,0,4,18,2,24,0,14,20,2,36,18,0,18,54
05/17/2018,PDT,OR,ANM,WE,Federal Contract Tower,0,10,7,0,17,0,10,15,2,27,0,20,22,2,44,0,0,0,44
05/18/2018,PDT,OR,ANM,WE,Federal Contract Tower,0,9,2,0,11,0,5,9,2,16,0,14,11,2,27,8,2,10,37
05/19/2018,PDT,OR,ANM,WE,Federal Contract Tower,0,2,5,0,7,0,3,17,1,21,0,5,22,1,28,9,0,9,37
05/20/2018,PDT,OR,ANM,WE,Federal Contract Tower,0,3,4,0,7,0,2,6,0,8,0,5,10,0,15,0,0,0,15
05/21/2018,PDT,OR,ANM,WE,Federal Contract Tower,0,8,4,0,12,0,7,14,0,21,0,15,18,0,33,8,0,8,41
05/22/2018,PDT,OR,ANM,WE,Federal Contract Tower,0,8,0,0,8,0,3,20,0,23,0,11,20,0,31,12,0,12,43
05/23/2018,PDT,OR,ANM,WE,Federal Contract Tower,0,3,0,0,3,0,3,17,3,23,0,6,17,3,26,4,2,6,32
05/24/2018,PDT,OR,ANM,WE,Federal Contract Tower,0,8,3,0,11,0,4,16,24,44,0,12,19,24,55,87,16,103,158
05/25/2018,PDT,OR,ANM,WE,Federal Contract Tower,0,9,5,0,14,0,2,13,0,15,0,11,18,0,29,30,0,30,59
05/26/2018,PDT,OR,ANM,WE,Federal Contract Tower,0,8,0,0,8,0,0,7,0,7,0,8,7,0,15,3,0,3,18
05/27/2018,PDT,OR,ANM,WE,Federal Contract Tower,0,6,0,0,6,0,7,19,0,26,0,13,19,0,32,6,0,6,38
05/28/2018,PDT,OR,ANM,WE,Federal Contract Tower,0,6,8,0,14,0,1,20,0,21,0,7,28,0,35,6,0,6,41
05/29/2018,PDT,OR,ANM,WE,Federal Contract Tower,0,8,3,0,11,0,4,6,0,10,0,12,9,0,21,10,0,10,31
05/30/2018,PDT,OR,ANM,WE,Federal Contract Tower,0,10,2,0,12,0,5,25,0,30,0,15,27,0,42,9,0,9,51
05/31/2018,PDT,OR,ANM,WE,Federal Contract Tower,0,9,0,0,9,0,4,16,5,25,0,13,16,5,34,12,2,14,48
06/01/2018,PDT,OR,ANM,WE,Federal Contract Tower,0,10,2,0,12,0,4,8,10,22,0,14,10,10,34,94,4,98,132
06/02/2018,PDT,OR,ANM,WE,Federal Contract Tower,0,7,0,0,7,0,3,12,0,15,0,10,12,0,22,12,0,12,34
06/03/2018,PDT,OR,ANM,WE,Federal Contract Tower,0,6,0,0,6,0,6,12,2,20,0,12,12,2,26,0,4,4,30
06/04/2018,PDT,OR,ANM,WE,Federal Contract Tower,0,7,1,0,8,0,6,7,0,13,0,13,8,0,21,2,0,2,23
06/05/2018,PDT,OR,ANM,WE,Federal Contract Tower,0,8,3,1,12,0,3,26,7,36,0,11,29,8,48,12,4,16,64
06/06/2018,PDT,OR,ANM,WE,Federal Contract Tower,0,8,0,0,8,0,10,17,0,27,0,18,17,0,35,2,0,2,37
06/07/2018,PDT,OR,ANM,WE,Federal Contract Tower,0,9,0,0,9,0,4,20,0,24,0,13,20,0,33,2,0,2,35
06/08/2018,PDT,OR,ANM,WE,Federal Contract Tower,0,8,0,1,9,0,6,31,0,37,0,14,31,1,46,18,2,20,66
06/09/2018,PDT,OR,ANM,WE,Federal Contract Tower,0,6,0,0,6,0,3,8,0,11,0,9,8,0,17,0,0,0,17
06/10/2018,PDT,OR,ANM,WE,Federal Contract Tower,0,6,0,0,6,0,4,2,0,6,0,10,2,0,12,2,0,2,14
06/11/2018,PDT,OR,ANM,WE,Federal Contract Tower,0,7,1,0,8,0,4,19,0,23,0,11,20,0,31,8,0,8,39
06/12/2018,PDT,OR,ANM,WE,Federal Contract Tower,0,8,7,2,17,0,2,24,6,32,0,10,31,8,49,32,3,35,84
06/13/2018,PDT,OR,ANM,WE,Federal Contract Tower,0,8,3,2,13,0,6,16,2,24,0,14,19,4,37,12,0,12,49
06/14/2018,PDT,OR,ANM,WE,Federal Contract Tower,0,8,3,0,11,0,6,15,0,21,0,14,18,0,32,24,0,24,56
06/15/2018,PDT,OR,ANM,WE,Federal Contract Tower,0,8,5,0,13,0,3,28,0,31,0,11,33,0,44,24,0,24,68
06/16/2018,PDT,OR,ANM,WE,Federal Contract Tower,0,7,0,0,7,0,3,14,0,17,0,10,14,0,24,5,0,5,29
06/17/2018,PDT,OR,ANM,WE,Federal Contract Tower,0,6,1,0,7,0,9,2,0,11,0,15,3,0,18,0,0,0,18
06/18/2018,PDT,OR,ANM,WE,Federal Contract Tower,0,8,2,0,10,0,3,8,0,11,0,11,10,0,21,0,0,0,21
06/19/2018,PDT,OR,ANM,WE,Federal Contract Tower,0,7,3,2,12,0,12,20,19,51,0,19,23,21,63,14,3,17,80
06/20/2018,PDT,OR,ANM,WE,Federal Contract Tower,0,10,4,0,14,0,6,23,8,37,0,16,27,8,51,10,0,10,61
06/21/2018,PDT,OR,ANM,WE,Federal Contract Tower,0,10,1,0,11,0,3,4,6,13,0,13,5,6,24,0,2,2,26
06/22/2018,PDT,OR,ANM,WE,Federal Contract Tower,0,12,1,2,15,0,3,19,3,25,0,15,20,5,40,0,3,3,43
06/23/2018,PDT,OR,ANM,WE,Federal Contract Tower,0,7,2,0,9,0,0,20,0,20,0,7,22,0,29,10,0,10,39
06/24/2018,PDT,OR,ANM,WE,Federal Contract Tower,0,9,0,0,9,0,1,25,0,26,0,10,25,0,35,0,68,68,103
06/25/2018,PDT,OR,ANM,WE,Federal Contract Tower,0,7,1,0,8,0,3,12,1,16,0,10,13,1,24,4,0,4,28
06/26/2018,PDT,OR,ANM,WE,Federal Contract Tower,0,7,0,0,7,0,11,39,1,51,0,18,39,1,58,77,5,82,140
06/27/2018,PDT,OR,ANM,WE,Federal Contract Tower,0,9,0,0,9,0,4,11,0,15,0,13,11,0,24,6,2,8,32
06/28/2018,PDT,OR,ANM,WE,Federal Contract Tower,0,7,0,0,7,0,3,6,4,13,0,10,6,4,20,2,0,2,22
06/29/2018,PDT,OR,ANM,WE,Federal Contract Tower,0,8,0,0,8,0,13,30,2,45,0,21,30,2,53,18,2,20,73
06/30/2018,PDT,OR,ANM,WE,Federal Contract Tower,0,6,0,0,6,0,2,22,0,24,0,8,22,0,30,70,0,70,100
07/01/2018,PDT,OR,ANM,WE,Federal Contract Tower,0,7,7,0,14,0,1,7,0,8,0,8,14,0,22,0,0,0,22
07/02/2018,PDT,OR,ANM,WE,Federal Contract Tower,0,8,3,0,11,0,3,9,0,12,0,11,12,0,23,0,0,0,23
07/03/2018,PDT,OR,ANM,WE,Federal Contract Tower,0,9,2,0,11,0,7,27,0,34,0,16,29,0,45,10,0,10,55
07/04/2018,PDT,OR,ANM,WE,Federal Contract Tower,0,6,0,0,6,0,2,14,0,16,0,8,14,0,22,0,0,0,22
07/05/2018,PDT,OR,ANM,WE,Federal Contract Tower,0,9,0,0,9,0,4,9,0,13,0,13,9,0,22,9,0,9,31
07/06/2018,PDT,OR,ANM,WE,Federal Contract Tower,0,8,2,0,10,0,5,16,0,21,0,13,18,0,31,2,0,2,33
07/07/2018,PDT,OR,ANM,WE,Federal Contract Tower,0,4,1,0,5,0,3,14,2,19,0,7,15,2,24,0,0,0,24
07/08/2018,PDT,OR,ANM,WE,Federal Contract Tower,0,7,0,0,7,0,7,7,0,14,0,14,7,0,21,0,0,0,21
07/09/2018,PDT,OR,ANM,WE,Federal Contract Tower,0,9,4,0,13,0,6,7,5,18,0,15,11,5,31,0,37,37,68
07/10/2018,PDT,OR,ANM,WE,Federal Contract Tower,0,9,0,0,9,0,4,9,6,19,0,13,9,6,28,10,24,34,62
07/11/2018,PDT,OR,ANM,WE,Federal Contract Tower,0,10,2,1,13,0,9,13,3,25,0,19,15,4,38,6,43,49,87
07/12/2018,PDT,OR,ANM,WE,Federal Contract Tower,0,7,6,0,13,0,3,13,4,20,0,10,19,4,33,2,0,2,35
07/13/2018,PDT,OR,ANM,WE,Federal Contract Tower,0,8,6,2,16,0,4,26,2,32,0,12,32,4,48,2,2,4,52
07/14/2018,PDT,OR,ANM,WE,Federal Contract Tower,0,8,1,0,9,0,5,19,0,24,0,13,20,0,33,0,0,0,33
07/15/2018,PDT,OR,ANM,WE,Federal Contract Tower,0,7,6,0,13,0,6,16,0,22,0,13,22,0,35,9,0,9,44
07/16/2018,PDT,OR,ANM,WE,Federal Contract Tower,0,8,3,0,11,0,6,12,2,20,0,14,15,2,31,22,3,25,56
07/17/2018,PDT,OR,ANM,WE,Federal Contract Tower,0,8,3,0,11,0,5,17,1,23,0,13,20,1,34,32,2,34,68
07/18/2018,PDT,OR,ANM,WE,Federal Contract Tower,0,9,3,4,16,0,3,7,2,12,0,12,10,6,28,28,0,28,56
07/19/2018,PDT,OR,ANM,WE,Federal Contract Tower,0,7,3,0,10,0,5,13,0,18,0,12,16,0,28,17,0,17,45
07/20/2018,PDT,OR,ANM,WE,Federal Contract Tower,0,12,0,0,12,0,11,29,12,52,0,23,29,12,64,16,4,20,84
07/21/2018,PDT,OR,ANM,WE,Federal Contract Tower,0,7,0,0,7,0,2,21,0,23,0,9,21,0,30,50,0,50,80
07/22/2018,PDT,OR,ANM,WE,Federal Contract Tower,0,6,1,0,7,0,4,36,0,40,0,10,37,0,47,4,0,4,51
07/23/2018,PDT,OR,ANM,WE,Federal Contract Tower,0,7,0,0,7,0,4,19,0,23,0,11,19,0,30,10,0,10,40
07/24/2018,PDT,OR,ANM,WE,Federal Contract Tower,0,9,0,0,9,0,5,16,4,25,0,14,16,4,34,73,2,75,109
07/25/2018,PDT,OR,ANM,WE,Federal Contract Tower,0,7,4,0,11,0,4,13,0,17,0,11,17,0,28,34,0,34,62
07/26/2018,PDT,OR,ANM,WE,Federal Contract Tower,0,8,1,5,14,0,5,23,3,31,0,13,24,8,45,98,6,104,149
07/27/2018,PDT,OR,ANM,WE,Federal Contract Tower,0,6,7,0,13,0,5,21,0,26,0,11,28,0,39,50,2,52,91
07/28/2018,PDT,OR,ANM,WE,Federal Contract Tower,0,2,0,0,2,0,7,15,1,23,0,9,15,1,25,2,2,4,29
07/29/2018,PDT,OR,ANM,WE,Federal Contract Tower,0,7,0,0,7,0,2,13,1,16,0,9,13,1,23,0,0,0,23
07/30/2018,PDT,OR,ANM,WE,Federal Contract Tower,0,8,1,0,9,0,2,11,0,13,0,10,12,0,22,0,0,0,22
07/31/2018,PDT,OR,ANM,WE,Federal Contract Tower,0,9,2,0,11,0,3,6,0,9,0,12,8,0,20,0,0,0,20
08/01/2018,PDT,OR,ANM,WE,Federal Contract Tower,0,6,4,0,10,0,5,8,0,13,0,11,12,0,23,10,0,10,33
08/02/2018,PDT,OR,ANM,WE,Federal Contract Tower,0,10,3,0,13,0,5,16,1,22,0,15,19,1,35,2,0,2,37
08/03/2018,PDT,OR,ANM,WE,Federal Contract Tower,0,9,1,0,10,0,4,5,0,9,0,13,6,0,19,0,0,0,19
08/04/2018,PDT,OR,ANM,WE,Federal Contract Tower,0,7,2,0,9,0,3,15,4,22,0,10,17,4,31,11,2,13,44
08/05/2018,PDT,OR,ANM,WE,Federal Contract Tower,0,5,1,0,6,0,4,10,4,18,0,9,11,4,24,0,0,0,24
08/06/2018,PDT,OR,ANM,WE,Federal Contract Tower,0,6,0,0,6,0,5,8,4,17,0,11,8,4,23,0,0,0,23
08/07/2018,PDT,OR,ANM,WE,Federal Contract Tower,0,9,0,0,9,0,3,13,1,17,0,12,13,1,26,0,0,0,26
08/08/2018,PDT,OR,ANM,WE,Federal Contract Tower,0,10,2,0,12,0,5,19,1,25,0,15,21,1,37,0,0,0,37
08/09/2018,PDT,OR,ANM,WE,Federal Contract Tower,0,12,0,0,12,0,0,14,4,18,0,12,14,4,30,42,2,44,74
08/10/2018,PDT,OR,ANM,WE,Federal Contract Tower,0,10,0,0,10,0,2,9,28,39,0,12,9,28,49,0,0,0,49
08/11/2018,PDT,OR,ANM,WE,Federal Contract Tower,0,6,0,0,6,0,6,7,0,13,0,12,7,0,19,0,0,0,19
08/12/2018,PDT,OR,ANM,WE,Federal Contract Tower,0,6,0,0,6,0,3,16,0,19,0,9,16,0,25,20,0,20,45
08/13/2018,PDT,OR,ANM,WE,Federal Contract Tower,0,10,2,0,12,0,8,24,1,33,0,18,26,1,45,17,0,17,62
08/14/2018,PDT,OR,ANM,WE,Federal Contract Tower,0,10,5,2,17,0,0,1,4,5,0,10,6,6,22,0,0,0,22
08/15/2018,PDT,OR,ANM,WE,Federal Contract Tower,0,7,7,0,14,0,1,7,0,8,0,8,14,0,22,59,2,61,83
08/16/2018,PDT,OR,ANM,WE,Federal Contract Tower,0,6,3,0,9,0,3,8,1,12,0,9,11,1,21,0,0,0,21
08/17/2018,PDT,OR,ANM,WE,Federal Contract Tower,0,7,0,0,7,0,6,15,0,21,0,13,15,0,28,14,0,14,42
08/18/2018,PDT,OR,ANM,WE,Federal Contract Tower,0,6,0,0,6,0,6,29,0,35,0,12,29,0,41,4,0,4,45
08/19/2018,PDT,OR,ANM,WE,Federal Contract Tower,0,6,0,0,6,0,1,6,0,7,0,7,6,0,13,18,0,18,31
08/20/2018,PDT,OR,ANM,WE,Federal Contract Tower,0,10,2,0,12,0,0,1,0,1,0,10,3,0,13,0,0,0,13
08/21/2018,PDT,OR,ANM,WE,Federal Contract Tower,0,9,1,0,10,0,1,7,0,8,0,10,8,0,18,16,0,16,34
08/22/2018,PDT,OR,ANM,WE,Federal Contract Tower,0,7,2,0,9,0,6,5,0,11,0,13,7,0,20,1,0,1,21
08/23/2018,PDT,OR,ANM,WE,Federal Contract Tower,0,7,1,0,8,0,4,5,3,12,0,11,6,3,20,0,0,0,20
08/24/2018,PDT,OR,ANM,WE,Federal Contract Tower,0,9,3,1,13,0,7,17,27,51,0,16,20,28,64,2,0,2,66
08/25/2018,PDT,OR,ANM,WE,Federal Contract Tower,0,6,2,0,8,0,5,18,4,27,0,11,20,4,35,28,0,28,63
08/26/2018,PDT,OR,ANM,WE,Federal Contract Tower,0,6,11,1,18,0,1,12,20,33,0,7,23,21,51,20,1,21,72
08/27/2018,PDT,OR,ANM,WE,Federal Contract Tower,0,7,4,0,11,0,4,13,2,19,0,11,17,2,30,54,0,54,84
08/28/2018,PDT,OR,ANM,WE,Federal Contract Tower,0,7,5,0,12,0,6,21,0,27,0,13,26,0,39,96,0,96,135
08/29/2018,PDT,OR,ANM,WE,Federal Contract Tower,0,7,0,0,7,0,5,13,4,22,0,12,13,4,29,56,0,56,85
08/30/2018,PDT,OR,ANM,WE,Federal Contract Tower,0,9,4,0,13,0,5,10,6,21,0,14,14,6,34,50,0,50,84
08/31/2018,PDT,OR,ANM,WE,Federal Contract Tower,0,10,1,0,11,0,2,39,0,41,0,12,40,0,52,30,0,30,82
09/01/2018,PDT,OR,ANM,WE,Federal Contract Tower,0,8,0,0,8,0,2,26,0,28,0,10,26,0,36,12,0,12,48
09/02/2018,PDT,OR,ANM,WE,Federal Contract Tower,0,11,0,0,11,0,2,13,0,15,0,13,13,0,26,0,0,0,26
09/03/2018,PDT,OR,ANM,WE,Federal Contract Tower,0,6,0,0,6,0,2,20,0,22,0,8,20,0,28,10,0,10,38
09/04/2018,PDT,OR,ANM,WE,Federal Contract Tower,0,9,2,1,12,0,4,15,0,19,0,13,17,1,31,1,0,1,32
09/05/2018,PDT,OR,ANM,WE,Federal Contract Tower,0,9,4,0,13,0,10,27,0,37,0,19,31,0,50,20,0,20,70
09/06/2018,PDT,OR,ANM,WE,Federal Contract Tower,0,9,3,0,12,0,4,19,0,23,0,13,22,0,35,2,6,8,43
09/07/2018,PDT,OR,ANM,WE,Federal Contract Tower,0,10,4,0,14,0,2,16,0,18,0,12,20,0,32,0,0,0,32
09/08/2018,PDT,OR,ANM,WE,Federal Contract Tower,0,3,2,0,5,0,2,10,2,14,0,5,12,2,19,5,4,9,28
09/09/2018,PDT,OR,ANM,WE,Federal Contract Tower,0,4,0,0,4,0,8,26,4,38,0,12,26,4,42,19,0,19,61
09/10/2018,PDT,OR,ANM,WE,Federal Contract Tower,0,9,7,0,16,0,1,14,2,17,0,10,21,2,33,12,0,12,45
09/11/2018,PDT,OR,ANM,WE,Federal Contract Tower,0,8,4,4,16,0,2,6,1,9,0,10,10,5,25,5,3,8,33
09/12/2018,PDT,OR,ANM,WE,Federal Contract Tower,0,7,8,0,15,0,9,20,6,35,0,16,28,6,50,4,0,4,54
09/13/2018,PDT,OR,ANM,WE,Federal Contract Tower,0,12,2,0,14,0,4,11,2,17,0,16,13,2,31,30,4,34,65
09/14/2018,PDT,OR,ANM,WE,Federal Contract Tower,0,8,14,0,22,0,5,31,0,36,0,13,45,0,58,30,2,32,90
09/15/2018,PDT,OR,ANM,WE,Federal Contract Tower,0,9,2,0,11,0,0,38,1,39,0,9,40,1,50,12,0,12,62
09/16/2018,PDT,OR,ANM,WE,Federal Contract Tower,0,8,11,0,19,0,6,22,0,28,0,14,33,0,47,3,0,3,50
09/17/2018,PDT,OR,ANM,WE,Federal Contract Tower,0,7,0,0,7,0,4,10,0,14,0,11,10,0,21,7,0,7,28
09/18/2018,PDT,OR,ANM,WE,Federal Contract Tower,0,12,1,0,13,0,4,13,1,18,0,16,14,1,31,32,0,32,63
09/19/2018,PDT,OR,ANM,WE,Federal Contract Tower,0,8,5,0,13,0,7,20,2,29,0,15,25,2,42,16,0,16,58
09/20/2018,PDT,OR,ANM,WE,Federal Contract Tower,0,7,4,0,11,0,11,35,2,48,0,18,39,2,59,19,0,19,78
09/21/2018,PDT,OR,ANM,WE,Federal Contract Tower,0,8,0,0,8,0,3,20,0,23,0,11,20,0,31,0,0,0,31
09/22/2018,PDT,OR,ANM,WE,Federal Contract Tower,0,6,1,0,7,0,5,19,0,24,0,11,20,0,31,10,0,10,41
09/23/2018,PDT,OR,ANM,WE,Federal Contract Tower,0,1,1,0,2,0,5,4,0,9,0,6,5,0,11,0,0,0,11
09/24/2018,PDT,OR,ANM,WE,Federal Contract Tower,0,8,0,0,8,0,4,20,1,25,0,12,20,1,33,0,0,0,33
09/25/2018,PDT,OR,ANM,WE,Federal Contract Tower,0,10,1,0,11,0,4,11,0,15,0,14,12,0,26,10,0,10,36
09/26/2018,PDT,OR,ANM,WE,Federal Contract Tower,0,8,7,0,15,0,7,16,0,23,0,15,23,0,38,14,0,14,52
09/27/2018,PDT,OR,ANM,WE,Federal Contract Tower,0,8,3,0,11,0,7,15,0,22,0,15,18,0,33,0,0,0,33
09/28/2018,PDT,OR,ANM,WE,Federal Contract Tower,0,9,1,0,10,0,7,28,1,36,0,16,29,1,46,36,0,36,82
09/29/2018,PDT,OR,ANM,WE,Federal Contract Tower,0,6,0,0,6,0,1,10,0,11,0,7,10,0,17,8,0,8,25
09/30/2018,PDT,OR,ANM,WE,Federal Contract Tower,0,6,1,0,7,0,2,7,2,11,0,8,8,2,18,0,4,4,22
10/01/2018,PDT,OR,ANM,WE,Federal Contract Tower,0,7,1,3,11,0,6,21,0,27,0,13,22,3,38,0,3,3,41
10/02/2018,PDT,OR,ANM,WE,Federal Contract Tower,0,8,3,0,11,0,5,3,5,13,0,13,6,5,24,8,6,14,38
10/03/2018,PDT,OR,ANM,WE,Federal Contract Tower,0,7,6,0,13,0,5,10,4,19,0,12,16,4,32,18,0,18,50
10/04/2018,PDT,OR,ANM,WE,Federal Contract Tower,0,7,2,0,9,0,9,8,2,19,0,16,10,2,28,9,0,9,37
10/05/2018,PDT,OR,ANM,WE,Federal Contract Tower,0,9,2,0,11,0,9,17,1,27,0,18,19,1,38,18,2,20,58
10/06/2018,PDT,OR,ANM,WE,Federal Contract Tower,0,7,0,0,7,0,1,9,0,10,0,8,9,0,17,0,0,0,17
10/07/2018,PDT,OR,ANM,WE,Federal Contract Tower,0,6,0,0,6,0,4,8,0,12,0,10,8,0,18,12,0,12,30
10/08/2018,PDT,OR,ANM,WE,Federal Contract Tower,0,7,6,0,13,0,6,5,0,11,0,13,11,0,24,14,0,14,38
10/09/2018,PDT,OR,ANM,WE,Federal Contract Tower,0,10,0,0,10,0,2,1,2,5,0,12,1,2,15,6,0,6,21
10/10/2018,PDT,OR,ANM,WE,Federal Contract Tower,0,10,1,5,16,0,3,11,2,16,0,13,12,7,32,14,10,24,56
10/11/2018,PDT,OR,ANM,WE,Federal Contract Tower,0,10,0,1,11,0,2,9,0,11,0,12,9,1,22,12,0,12,34
10/12/2018,PDT,OR,ANM,WE,Federal Contract Tower,0,11,1,4,16,0,2,13,6,21,0,13,14,10,37,35,2,37,74
10/13/2018,PDT,OR,ANM,WE,Federal Contract Tower,0,6,0,0,6,0,3,26,8,37,0,9,26,8,43,0,0,0,43
10/14/2018,PDT,OR,ANM,WE,Federal Contract Tower,0,6,2,0,8,0,1,34,2,37,0,7,36,2,45,15,2,17,62
10/15/2018,PDT,OR,ANM,WE,Federal Contract Tower,6,9,2,0,17,0,4,9,2,15,6,13,11,2,32,8,0,8,40
10/16/2018,PDT,OR,ANM,WE,Federal Contract Tower,0,10,3,0,13,0,7,6,2,15,0,17,9,2,28,20,2,22,50
10/17/2018,PDT,OR,ANM,WE,Federal Contract Tower,0,9,1,0,10,0,3,25,4,32,0,12,26,4,42,60,0,60,102
10/18/2018,PDT,OR,ANM,WE,Federal Contract Tower,0,8,2,0,10,0,6,21,2,29,0,14,23,2,39,54,2,56,95
10/19/2018,PDT,OR,ANM,WE,Federal Contract Tower,0,9,1,0,10,0,4,19,2,25,0,13,20,2,35,29,5,34,69
10/20/2018,PDT,OR,ANM,WE,Federal Contract Tower,0,6,0,0,6,0,2,19,0,21,0,8,19,0,27,8,0,8,35
10/21/2018,PDT,OR,ANM,WE,Federal Contract Tower,0,6,1,0,7,0,1,9,0,10,0,7,10,0,17,9,0,9,26
10/22/2018,PDT,OR,ANM,WE,Federal Contract Tower,0,10,0,0,10,0,2,10,0,12,0,12,10,0,22,3,0,3,25
10/23/2018,PDT,OR,ANM,WE,Federal Contract Tower,0,6,1,0,7,0,1,19,5,25,0,7,20,5,32,12,4,16,48
10/24/2018,PDT,OR,ANM,WE,Federal Contract Tower,0,6,1,4,11,0,12,15,4,31,0,18,16,8,42,22,8,30,72
10/25/2018,PDT,OR,ANM,WE,Federal Contract Tower,0,7,1,0,8,0,4,13,1,18,0,11,14,1,26,22,0,22,48
10/26/2018,PDT,OR,ANM,WE,Federal Contract Tower,0,8,1,0,9,0,8,5,1,14,0,16,6,1,23,30,0,30,53
10/27/2018,PDT,OR,ANM,WE,Federal Contract Tower,0,8,0,0,8,0,1,25,0,26,0,9,25,0,34,22,0,22,56
10/28/2018,PDT,OR,ANM,WE,Federal Contract Tower,0,5,3,0,8,0,1,2,0,3,0,6,5,0,11,0,0,0,11
10/29/2018,PDT,OR,ANM,WE,Federal Contract Tower,0,8,0,0,8,0,1,7,0,8,0,9,7,0,16,14,0,14,30
10/30/2018,PDT,OR,ANM,WE,Federal Contract Tower,0,7,0,0,7,0,7,22,0,29,0,14,22,0,36,6,0,6,42
10/31/2018,PDT,OR,ANM,WE,Federal Contract Tower,0,9,5,1,15,0,6,6,0,12,0,15,11,1,27,20,0,20,47
11/01/2018,PDT,OR,ANM,WE,Federal Contract Tower,0,9,0,0,9,0,3,6,2,11,0,12,6,2,20,0,8,8,28
11/02/2018,PDT,OR,ANM,WE,Federal Contract Tower,0,9,1,2,12,0,5,3,3,11,0,14,4,5,23,8,8,16,39
11/03/2018,PDT,OR,ANM,WE,Federal Contract Tower,0,7,1,0,8,0,0,11,2,13,0,7,12,2,21,4,0,4,25
11/04/2018,PDT,OR,ANM,WE,Federal Contract Tower,0,7,0,0,7,0,1,0,0,1,0,8,0,0,8,0,0,0,8
11/05/2018,PDT,OR,ANM,WE,Federal Contract Tower,0,7,0,0,7,0,3,9,0,12,0,10,9,0,19,0,0,0,19
11/06/2018,PDT,OR,ANM,WE,Federal Contract Tower,0,10,3,0,13,0,2,8,2,12,0,12,11,2,25,5,2,7,32
11/07/2018,PDT,OR,ANM,WE,Federal Contract Tower,0,8,0,0,8,0,4,24,2,30,0,12,24,2,38,24,0,24,62
11/08/2018,PDT,OR,ANM,WE,Federal Contract Tower,0,7,2,0,9,0,9,12,8,29,0,16,14,8,38,10,0,10,48
11/09/2018,PDT,OR,ANM,WE,Federal Contract Tower,0,8,2,0,10,0,4,1,0,5,0,12,3,0,15,0,0,0,15
11/10/2018,PDT,OR,ANM,WE,Federal Contract Tower,0,6,3,0,9,0,2,7,0,9,0,8,10,0,18,6,0,6,24
11/11/2018,PDT,OR,ANM,WE,Federal Contract Tower,0,6,4,0,10,0,3,10,0,13,0,9,14,0,23,52,0,52,75
11/12/2018,PDT,OR,ANM,WE,Federal Contract Tower,0,26,5,0,31,0,0,0,0,0,0,26,5,0,31,0,0,0,31
11/13/2018,PDT,OR,ANM,WE,Federal Contract Tower,0,10,0,0,10,0,0,0,0,0,0,10,0,0,10,0,3,3,13
11/14/2018,PDT,OR,ANM,WE,Federal Contract Tower,0,8,2,0,10,0,5,5,2,12,0,13,7,2,22,35,4,39,61
11/15/2018,PDT,OR,ANM,WE,Federal Contract Tower,0,9,0,0,9,0,10,18,4,32,0,19,18,4,41,9,10,19,60
11/16/2018,PDT,OR,ANM,WE,Federal Contract Tower,0,10,0,0,10,0,1,19,2,22,0,11,19,2,32,66,6,72,104
11/17/2018,PDT,OR,ANM,WE,Federal Contract Tower,0,6,0,0,6,0,6,30,6,42,0,12,30,6,48,12,9,21,69
11/18/2018,PDT,OR,ANM,WE,Federal Contract Tower,0,9,0,0,9,0,4,14,0,18,0,13,14,0,27,6,0,6,33
11/19/2018,PDT,OR,ANM,WE,Federal Contract Tower,0,8,1,0,9,0,2,8,2,12,0,10,9,2,21,19,18,37,58
11/20/2018,PDT,OR,ANM,WE,Federal Contract Tower,0,1,0,0,1,0,0,0,0,0,0,1,0,0,1,0,0,0,1
11/21/2018,PDT,OR,ANM,WE,Federal Contract Tower,0,5,6,0,11,0,2,0,0,2,0,7,6,0,13,2,0,2,15
11/22/2018,PDT,OR,ANM,WE,Federal Contract Tower,0,6,0,0,6,0,0,3,0,3,0,6,3,0,9,0,0,0,9
11/23/2018,PDT,OR,ANM,WE,Federal Contract Tower,0,10,0,0,10,0,3,8,0,11,0,13,8,0,21,0,0,0,21
11/24/2018,PDT,OR,ANM,WE,Federal Contract Tower,0,6,1,0,7,0,1,9,0,10,0,7,10,0,17,0,0,0,17
11/25/2018,PDT,OR,ANM,WE,Federal Contract Tower,0,6,0,0,6,0,0,10,0,10,0,6,10,0,16,14,0,14,30
11/26/2018,PDT,OR,ANM,WE,Federal Contract Tower,0,10,1,0,11,0,0,1,0,1,0,10,2,0,12,0,16,16,28
11/27/2018,PDT,OR,ANM,WE,Federal Contract Tower,0,9,0,0,9,0,4,2,3,9,0,13,2,3,18,0,10,10,28
11/28/2018,PDT,OR,ANM,WE,Federal Contract Tower,0,5,0,0,5,0,1,9,6,16,0,6,9,6,21,2,12,14,35
11/29/2018,PDT,OR,ANM,WE,Federal Contract Tower,0,9,12,0,21,0,1,10,2,13,0,10,22,2,34,2,6,8,42
11/30/2018,PDT,OR,ANM,WE,Federal Contract Tower,0,8,4,0,12,0,2,5,4,11,0,10,9,4,23,0,13,13,36
12/01/2018,PDT,OR,ANM,WE,Federal Contract Tower,0,6,0,0,6,0,4,0,2,6,0,10,0,2,12,0,0,0,12
12/02/2018,PDT,OR,ANM,WE,Federal Contract Tower,0,7,0,0,7,0,0,4,0,4,0,7,4,0,11,0,0,0,11
12/03/2018,PDT,OR,ANM,WE,Federal Contract Tower,0,8,0,0,8,0,0,5,0,5,0,8,5,0,13,4,0,4,17
12/04/2018,PDT,OR,ANM,WE,Federal Contract Tower,0,6,0,0,6,0,0,11,1,12,0,6,11,1,18,2,2,4,22
12/05/2018,PDT,OR,ANM,WE,Federal Contract Tower,0,9,0,0,9,0,0,0,0,0,0,9,0,0,9,0,0,0,9
12/06/2018,PDT,OR,ANM,WE,Federal Contract Tower,0,9,0,0,9,0,1,2,4,7,0,10,2,4,16,0,0,0,16
12/07/2018,PDT,OR,ANM,WE,Federal Contract Tower,0,10,5,0,15,0,2,8,4,14,0,12,13,4,29,0,22,22,51
12/08/2018,PDT,OR,ANM,WE,Federal Contract Tower,0,7,0,0,7,0,2,2,0,4,0,9,2,0,11,0,0,0,11
12/09/2018,PDT,OR,ANM,WE,Federal Contract Tower,0,6,0,0,6,0,0,0,0,0,0,6,0,0,6,0,0,0,6
12/10/2018,PDT,OR,ANM,WE,Federal Contract Tower,0,10,1,0,11,0,1,5,0,6,0,11,6,0,17,0,0,0,17
12/11/2018,PDT,OR,ANM,WE,Federal Contract Tower,0,15,0,2,17,0,0,2,4,6,0,15,2,6,23,2,2,4,27
12/12/2018,PDT,OR,ANM,WE,Federal Contract Tower,0,8,2,0,10,0,2,4,5,11,0,10,6,5,21,6,2,8,29
12/13/2018,PDT,OR,ANM,WE,Federal Contract Tower,0,11,5,0,16,0,3,2,2,7,0,14,7,2,23,0,8,8,31
12/14/2018,PDT,OR,ANM,WE,Federal Contract Tower,0,7,0,0,7,0,4,0,0,4,0,11,0,0,11,0,0,0,11
12/15/2018,PDT,OR,ANM,WE,Federal Contract Tower,0,8,0,0,8,0,3,17,0,20,0,11,17,0,28,16,0,16,44
12/16/2018,PDT,OR,ANM,WE,Federal Contract Tower,0,6,0,0,6,0,0,5,0,5,0,6,5,0,11,0,0,0,11
12/17/2018,PDT,OR,ANM,WE,Federal Contract Tower,0,5,2,0,7,0,2,13,4,19,0,7,15,4,26,22,0,22,48
12/18/2018,PDT,OR,ANM,WE,Federal Contract Tower,0,6,0,0,6,0,1,0,4,5,0,7,0,4,11,0,10,10,21
12/19/2018,PDT,OR,ANM,WE,Federal Contract Tower,0,7,1,0,8,0,5,6,6,17,0,12,7,6,25,34,8,42,67
12/20/2018,PDT,OR,ANM,WE,Federal Contract Tower,0,8,3,0,11,0,4,7,11,22,0,12,10,11,33,0,14,14,47
12/21/2018,PDT,OR,ANM,WE,Federal Contract Tower,0,7,2,0,9,0,7,7,0,14,0,14,9,0,23,0,0,0,23
12/22/2018,PDT,OR,ANM,WE,Federal Contract Tower,0,8,2,0,10,0,3,8,0,11,0,11,10,0,21,33,0,33,54
12/23/2018,PDT,OR,ANM,WE,Federal Contract Tower,0,8,1,0,9,0,0,2,0,2,0,8,3,0,11,0,0,0,11
12/24/2018,PDT,OR,ANM,WE,Federal Contract Tower,0,9,0,0,9,0,0,0,0,0,0,9,0,0,9,0,0,0,9
12/25/2018,PDT,OR,ANM,WE,Federal Contract Tower,0,10,0,0,10,0,0,2,0,2,0,10,2,0,12,0,0,0,12
12/26/2018,PDT,OR,ANM,WE,Federal Contract Tower,0,10,2,0,12,0,0,0,2,2,0,10,2,2,14,0,0,0,14
12/27/2018,PDT,OR,ANM,WE,Federal Contract Tower,0,11,0,0,11,0,1,0,8,9,0,12,0,8,20,0,0,0,20
12/28/2018,PDT,OR,ANM,WE,Federal Contract Tower,0,12,0,1,13,0,2,1,5,8,0,14,1,6,21,17,16,33,54
12/29/2018,PDT,OR,ANM,WE,Federal Contract Tower,0,8,1,0,9,0,4,2,0,6,0,12,3,0,15,4,0,4,19
12/30/2018,PDT,OR,ANM,WE,Federal Contract Tower,0,7,0,0,7,0,5,0,0,5,0,12,0,0,12,0,0,0,12
12/31/2018,PDT,OR,ANM,WE,Federal Contract Tower,0,9,0,0,9,0,4,8,0,12,0,13,8,0,21,20,0,20,41
01/01/2019,PDT,OR,ANM,WE,Federal Contract Tower,0,7,0,0,7,0,2,16,0,18,0,9,16,0,25,18,0,18,43
01/02/2019,PDT,OR,ANM,WE,Federal Contract Tower,0,8,0,1,9,0,4,13,1,18,0,12,13,2,27,4,0,4,31
01/03/2019,PDT,OR,ANM,WE,Federal Contract Tower,0,8,2,0,10,0,9,13,6,28,0,17,15,6,38,35,22,57,95
01/04/2019,PDT,OR,ANM,WE,Federal Contract Tower,0,12,1,0,13,0,2,3,8,13,0,14,4,8,26,22,4,26,52
01/05/2019,PDT,OR,ANM,WE,Federal Contract Tower,0,10,3,0,13,0,4,14,0,18,0,14,17,0,31,15,0,15,46
01/06/2019,PDT,OR,ANM,WE,Federal Contract Tower,0,6,0,0,6,0,2,0,0,2,0,8,0,0,8,5,0,5,13
01/07/2019,PDT,OR,ANM,WE,Federal Contract Tower,0,8,1,1,10,0,2,17,5,24,0,10,18,6,34,31,2,33,67
01/08/2019,PDT,OR,ANM,WE,Federal Contract Tower,0,11,0,0,11,0,1,0,0,1,0,12,0,0,12,0,0,0,12
01/09/2019,PDT,OR,ANM,WE,Federal Contract Tower,0,7,0,0,7,0,0,1,0,1,0,7,1,0,8,0,4,4,12
01/10/2019,PDT,OR,ANM,WE,Federal Contract Tower,0,11,0,0,11,0,3,6,2,11,0,14,6,2,22,27,0,27,49
01/11/2019,PDT,OR,ANM,WE,Federal Contract Tower,0,1,0,0,1,0,0,0,0,0,0,1,0,0,1,0,0,0,1
01/12/2019,PDT,OR,ANM,WE,Federal Contract Tower,0,0,0,0,0,0,0,0,0,0,0,0,0,0,0,0,0,0,0
01/13/2019,PDT,OR,ANM,WE,Federal Contract Tower,0,10,3,0,13,0,0,0,0,0,0,10,3,0,13,0,0,0,13
01/14/2019,PDT,OR,ANM,WE,Federal Contract Tower,0,8,0,0,8,0,0,0,0,0,0,8,0,0,8,13,0,13,21
01/15/2019,PDT,OR,ANM,WE,Federal Contract Tower,0,12,3,0,15,0,0,0,6,6,0,12,3,6,21,0,0,0,21
01/16/2019,PDT,OR,ANM,WE,Federal Contract Tower,0,10,2,0,12,0,0,0,0,0,0,10,2,0,12,2,0,2,14
01/17/2019,PDT,OR,ANM,WE,Federal Contract Tower,0,8,0,0,8,0,0,0,0,0,0,8,0,0,8,0,0,0,8
01/18/2019,PDT,OR,ANM,WE,Federal Contract Tower,0,14,2,0,16,0,2,10,2,14,0,16,12,2,30,45,0,45,75
01/19/2019,PDT,OR,ANM,WE,Federal Contract Tower,0,6,0,0,6,0,4,0,0,4,0,10,0,0,10,0,0,0,10
01/20/2019,PDT,OR,ANM,WE,Federal Contract Tower,0,7,0,0,7,0,0,0,0,0,0,7,0,0,7,0,0,0,7
01/21/2019,PDT,OR,ANM,WE,Federal Contract Tower,0,8,1,0,9,0,2,7,0,9,0,10,8,0,18,0,0,0,18
01/22/2019,PDT,OR,ANM,WE,Federal Contract Tower,0,9,1,0,10,0,1,5,0,6,0,10,6,0,16,18,2,20,36
01/23/2019,PDT,OR,ANM,WE,Federal Contract Tower,0,11,7,0,18,0,1,1,2,4,0,12,8,2,22,6,6,12,34
01/24/2019,PDT,OR,ANM,WE,Federal Contract Tower,0,9,5,0,14,0,1,20,1,22,0,10,25,1,36,45,0,45,81
01/25/2019,PDT,OR,ANM,WE,Federal Contract Tower,0,10,5,0,15,0,2,35,5,42,0,12,40,5,57,27,3,30,87
01/26/2019,PDT,OR,ANM,WE,Federal Contract Tower,2,5,9,0,16,0,2,20,0,22,2,7,29,0,38,36,0,36,74
01/27/2019,PDT,OR,ANM,WE,Federal Contract Tower,0,1,1,0,2,0,4,9,0,13,0,5,10,0,15,0,0,0,15
01/28/2019,PDT,OR,ANM,WE,Federal Contract Tower,0,8,0,0,8,0,2,7,0,9,0,10,7,0,17,14,8,22,39
01/29/2019,PDT,OR,ANM,WE,Federal Contract Tower,0,10,2,0,12,0,0,2,2,4,0,10,4,2,16,0,22,22,38
01/30/2019,PDT,OR,ANM,WE,Federal Contract Tower,0,10,0,2,12,0,0,5,2,7,0,10,5,4,19,16,18,34,53
01/31/2019,PDT,OR,ANM,WE,Federal Contract Tower,0,11,0,0,11,0,0,0,0,0,0,11,0,0,11,10,0,10,21
02/01/2019,PDT,OR,ANM,WE,Federal Contract Tower,0,7,6,0,13,0,0,0,1,1,0,7,6,1,14,0,0,0,14
02/02/2019,PDT,OR,ANM,WE,Federal Contract Tower,0,8,3,0,11,0,8,21,0,29,0,16,24,0,40,20,0,20,60
02/03/2019,PDT,OR,ANM,WE,Federal Contract Tower,0,6,0,0,6,0,2,1,0,3,0,8,1,0,9,0,0,0,9
02/04/2019,PDT,OR,ANM,WE,Federal Contract Tower,0,7,0,0,7,0,0,0,2,2,0,7,0,2,9,0,0,0,9
02/05/2019,PDT,OR,ANM,WE,Federal Contract Tower,0,14,0,0,14,0,0,3,0,3,0,14,3,0,17,0,0,0,17
02/06/2019,PDT,OR,ANM,WE,Federal Contract Tower,0,9,0,0,9,0,7,15,2,24,0,16,15,2,33,0,0,0,33
02/07/2019,PDT,OR,ANM,WE,Federal Contract Tower,0,10,1,0,11,0,9,4,0,13,0,19,5,0,24,0,0,0,24
02/08/2019,PDT,OR,ANM,WE,Federal Contract Tower,0,12,0,0,12,0,0,0,1,1,0,12,0,1,13,0,0,0,13
02/09/2019,PDT,OR,ANM,WE,Federal Contract Tower,0,7,0,0,7,0,0,0,0,0,0,7,0,0,7,0,0,0,7
02/10/2019,PDT,OR,ANM,WE,Federal Contract Tower,0,11,0,0,11,0,0,0,0,0,0,11,0,0,11,0,0,0,11
02/11/2019,PDT,OR,ANM,WE,Federal Contract Tower,0,2,0,0,2,0,0,0,0,0,0,2,0,0,2,0,0,0,2
02/12/2019,PDT,OR,ANM,WE,Federal Contract Tower,0,9,0,2,11,0,0,0,2,2,0,9,0,4,13,0,0,0,13
02/13/2019,PDT,OR,ANM,WE,Federal Contract Tower,0,14,1,0,15,0,0,0,0,0,0,14,1,0,15,0,0,0,15
02/14/2019,PDT,OR,ANM,WE,Federal Contract Tower,0,10,0,0,10,0,0,0,0,0,0,10,0,0,10,0,0,0,10
02/15/2019,PDT,OR,ANM,WE,Federal Contract Tower,0,7,3,0,10,0,0,0,0,0,0,7,3,0,10,0,0,0,10
02/16/2019,PDT,OR,ANM,WE,Federal Contract Tower,0,6,0,0,6,0,0,0,0,0,0,6,0,0,6,0,0,0,6
02/17/2019,PDT,OR,ANM,WE,Federal Contract Tower,0,7,0,0,7,0,0,0,0,0,0,7,0,0,7,0,0,0,7
02/18/2019,PDT,OR,ANM,WE,Federal Contract Tower,0,5,1,0,6,0,3,6,1,10,0,8,7,1,16,4,0,4,20
02/19/2019,PDT,OR,ANM,WE,Federal Contract Tower,0,14,0,0,14,0,0,2,0,2,0,14,2,0,16,39,0,39,55
02/20/2019,PDT,OR,ANM,WE,Federal Contract Tower,0,10,0,0,10,0,4,5,2,11,0,14,5,2,21,2,34,36,57
02/21/2019,PDT,OR,ANM,WE,Federal Contract Tower,0,15,1,7,23,0,3,2,10,15,0,18,3,17,38,0,10,10,48
02/22/2019,PDT,OR,ANM,WE,Federal Contract Tower,0,10,0,0,10,0,0,2,4,6,0,10,2,4,16,32,6,38,54
02/23/2019,PDT,OR,ANM,WE,Federal Contract Tower,0,7,0,0,7,0,2,18,0,20,0,9,18,0,27,26,0,26,53
02/24/2019,PDT,OR,ANM,WE,Federal Contract Tower,0,4,0,0,4,0,0,0,0,0,0,4,0,0,4,0,0,0,4
02/25/2019,PDT,OR,ANM,WE,Federal Contract Tower,0,7,0,0,7,0,0,0,0,0,0,7,0,0,7,0,0,0,7
02/26/2019,PDT,OR,ANM,WE,Federal Contract Tower,0,10,0,0,10,0,3,6,8,17,0,13,6,8,27,0,22,22,49
02/27/2019,PDT,OR,ANM,WE,Federal Contract Tower,0,15,0,0,15,0,0,1,0,1,0,15,1,0,16,20,0,20,36
02/28/2019,PDT,OR,ANM,WE,Federal Contract Tower,0,10,0,0,10,0,5,3,4,12,0,15,3,4,22,20,4,24,46
03/01/2019,PDT,OR,ANM,WE,Federal Contract Tower,0,12,0,0,12,0,0,2,0,2,0,12,2,0,14,0,0,0,14
03/02/2019,PDT,OR,ANM,WE,Federal Contract Tower,0,6,0,0,6,0,0,0,0,0,0,6,0,0,6,0,4,4,10
03/03/2019,PDT,OR,ANM,WE,Federal Contract Tower,0,8,0,0,8,0,3,1,6,10,0,11,1,6,18,4,7,11,29
03/04/2019,PDT,OR,ANM,WE,Federal Contract Tower,0,8,0,0,8,0,6,9,15,30,0,14,9,15,38,0,18,18,56
03/05/2019,PDT,OR,ANM,WE,Federal Contract Tower,0,11,0,0,11,0,1,2,0,3,0,12,2,0,14,0,0,0,14
03/06/2019,PDT,OR,ANM,WE,Federal Contract Tower,0,10,0,0,10,0,0,0,0,0,0,10,0,0,10,0,0,0,10
03/07/2019,PDT,OR,ANM,WE,Federal Contract Tower,0,11,1,0,12,0,9,3,3,15,0,20,4,3,27,10,0,10,37
03/08/2019,PDT,OR,ANM,WE,Federal Contract Tower,0,10,5,0,15,0,1,12,7,20,0,11,17,7,35,22,4,26,61
03/09/2019,PDT,OR,ANM,WE,Federal Contract Tower,0,6,0,0,6,0,0,0,0,0,0,6,0,0,6,0,0,0,6
03/10/2019,PDT,OR,ANM,WE,Federal Contract Tower,0,8,0,0,8,0,2,1,0,3,0,10,1,0,11,0,0,0,11
03/11/2019,PDT,OR,ANM,WE,Federal Contract Tower,0,7,0,0,7,0,2,8,0,10,0,9,8,0,17,24,0,24,41
03/12/2019,PDT,OR,ANM,WE,Federal Contract Tower,0,12,0,0,12,0,0,0,0,0,0,12,0,0,12,0,0,0,12
03/13/2019,PDT,OR,ANM,WE,Federal Contract Tower,0,9,2,1,12,0,0,7,3,10,0,9,9,4,22,8,6,14,36
03/14/2019,PDT,OR,ANM,WE,Federal Contract Tower,0,9,0,0,9,0,0,0,0,0,0,9,0,0,9,47,0,47,56
03/15/2019,PDT,OR,ANM,WE,Federal Contract Tower,0,15,1,0,16,0,3,7,1,11,0,18,8,1,27,22,9,31,58
03/16/2019,PDT,OR,ANM,WE,Federal Contract Tower,0,7,1,0,8,0,0,16,4,20,0,7,17,4,28,13,4,17,45
03/17/2019,PDT,OR,ANM,WE,Federal Contract Tower,0,6,1,0,7,0,3,25,0,28,0,9,26,0,35,0,0,0,35
03/18/2019,PDT,OR,ANM,WE,Federal Contract Tower,0,7,0,0,7,0,9,11,3,23,0,16,11,3,30,7,0,7,37
03/19/2019,PDT,OR,ANM,WE,Federal Contract Tower,0,13,4,0,17,0,6,22,0,28,0,19,26,0,45,43,3,46,91
03/20/2019,PDT,OR,ANM,WE,Federal Contract Tower,0,9,4,0,13,0,3,25,7,35,0,12,29,7,48,32,10,42,90
03/21/2019,PDT,OR,ANM,WE,Federal Contract Tower,0,8,3,1,12,0,5,33,7,45,0,13,36,8,57,26,26,52,109
03/22/2019,PDT,OR,ANM,WE,Federal Contract Tower,0,7,1,1,9,0,5,24,1,30,0,12,25,2,39,14,1,15,54
03/23/2019,PDT,OR,ANM,WE,Federal Contract Tower,0,7,1,0,8,0,2,23,0,25,0,9,24,0,33,0,0,0,33
03/24/2019,PDT,OR,ANM,WE,Federal Contract Tower,0,6,2,0,8,0,3,5,0,8,0,9,7,0,16,0,0,0,16
03/25/2019,PDT,OR,ANM,WE,Federal Contract Tower,0,6,0,0,6,0,1,10,0,11,0,7,10,0,17,2,0,2,19
03/26/2019,PDT,OR,ANM,WE,Federal Contract Tower,0,10,3,0,13,0,7,19,0,26,0,17,22,0,39,55,1,56,95
03/27/2019,PDT,OR,ANM,WE,Federal Contract Tower,0,11,0,0,11,0,1,7,0,8,0,12,7,0,19,10,0,10,29
03/28/2019,PDT,OR,ANM,WE,Federal Contract Tower,0,9,1,1,11,0,5,21,3,29,0,14,22,4,40,10,0,10,50
03/29/2019,PDT,OR,ANM,WE,Federal Contract Tower,0,9,2,0,11,0,2,13,3,18,0,11,15,3,29,0,2,2,31
03/30/2019,PDT,OR,ANM,WE,Federal Contract Tower,0,6,7,0,13,0,4,23,0,27,0,10,30,0,40,4,0,4,44
03/31/2019,PDT,OR,ANM,WE,Federal Contract Tower,0,6,2,0,8,0,3,41,0,44,0,9,43,0,52,4,0,4,56
04/01/2019,PDT,OR,ANM,WE,Federal Contract Tower,0,7,1,0,8,0,3,22,0,25,0,10,23,0,33,19,0,19,52
04/02/2019,PDT,OR,ANM,WE,Federal Contract Tower,0,10,0,0,10,0,3,10,0,13,0,13,10,0,23,10,0,10,33
04/03/2019,PDT,OR,ANM,WE,Federal Contract Tower,0,9,1,7,17,0,2,13,9,24,0,11,14,16,41,7,0,7,48
04/04/2019,PDT,OR,ANM,WE,Federal Contract Tower,0,9,2,0,11,0,2,24,3,29,0,11,26,3,40,2,6,8,48
04/05/2019,PDT,OR,ANM,WE,Federal Contract Tower,0,8,2,0,10,0,1,9,5,15,0,9,11,5,25,0,0,0,25
04/06/2019,PDT,OR,ANM,WE,Federal Contract Tower,0,6,0,0,6,0,0,8,13,21,0,6,8,13,27,4,38,42,69
04/07/2019,PDT,OR,ANM,WE,Federal Contract Tower,0,7,2,0,9,0,0,2,0,2,0,7,4,0,11,0,0,0,11
04/08/2019,PDT,OR,ANM,WE,Federal Contract Tower,0,9,0,0,9,0,0,3,0,3,0,9,3,0,12,0,0,0,12
04/09/2019,PDT,OR,ANM,WE,Federal Contract Tower,0,9,0,0,9,0,1,4,4,9,0,10,4,4,18,0,0,0,18
04/10/2019,PDT,OR,ANM,WE,Federal Contract Tower,0,9,0,1,10,0,0,0,5,5,0,9,0,6,15,0,30,30,45
04/11/2019,PDT,OR,ANM,WE,Federal Contract Tower,0,5,0,2,7,0,3,14,8,25,0,8,14,10,32,8,9,17,49
04/12/2019,PDT,OR,ANM,WE,Federal Contract Tower,0,5,4,0,9,0,1,27,3,31,0,6,31,3,40,71,12,83,123
04/13/2019,PDT,OR,ANM,WE,Federal Contract Tower,0,7,2,0,9,0,2,18,0,20,0,9,20,0,29,6,0,6,35
04/14/2019,PDT,OR,ANM,WE,Federal Contract Tower,0,6,0,0,6,0,0,8,0,8,0,6,8,0,14,2,0,2,16
04/15/2019,PDT,OR,ANM,WE,Federal Contract Tower,0,2,4,2,8,0,0,19,0,19,0,2,23,2,27,21,0,21,48
04/16/2019,PDT,OR,ANM,WE,Federal Contract Tower,0,9,0,0,9,0,4,24,2,30,0,13,24,2,39,8,0,8,47
04/17/2019,PDT,OR,ANM,WE,Federal Contract Tower,0,6,2,0,8,0,5,23,2,30,0,11,25,2,38,53,0,53,91
04/18/2019,PDT,OR,ANM,WE,Federal Contract Tower,0,8,4,0,12,0,6,35,4,45,0,14,39,4,57,24,3,27,84
04/19/2019,PDT,OR,ANM,WE,Federal Contract Tower,0,9,5,0,14,0,9,22,5,36,0,18,27,5,50,43,4,47,97
04/20/2019,PDT,OR,ANM,WE,Federal Contract Tower,0,7,2,0,9,0,2,4,0,6,0,9,6,0,15,0,0,0,15
04/21/2019,PDT,OR,ANM,WE,Federal Contract Tower,0,6,2,0,8,0,5,15,0,20,0,11,17,0,28,17,0,17,45
04/22/2019,PDT,OR,ANM,WE,Federal Contract Tower,0,7,1,0,8,0,7,23,1,31,0,14,24,1,39,0,0,0,39
04/23/2019,PDT,OR,ANM,WE,Federal Contract Tower,0,11,4,0,15,0,3,20,0,23,0,14,24,0,38,4,8,12,50
04/24/2019,PDT,OR,ANM,WE,Federal Contract Tower,0,6,0,0,6,0,7,26,0,33,0,13,26,0,39,33,0,33,72
04/25/2019,PDT,OR,ANM,WE,Federal Contract Tower,0,7,0,0,7,0,8,25,0,33,0,15,25,0,40,43,0,43,83
04/26/2019,PDT,OR,ANM,WE,Federal Contract Tower,0,7,7,0,14,0,7,5,0,12,0,14,12,0,26,0,0,0,26
04/27/2019,PDT,OR,ANM,WE,Federal Contract Tower,0,7,1,0,8,0,2,1,0,3,0,9,2,0,11,0,0,0,11
04/28/2019,PDT,OR,ANM,WE,Federal Contract Tower,0,6,19,0,25,0,2,16,0,18,0,8,35,0,43,14,0,14,57
04/29/2019,PDT,OR,ANM,WE,Federal Contract Tower,0,8,1,0,9,0,2,31,0,33,0,10,32,0,42,24,0,24,66
04/30/2019,PDT,OR,ANM,WE,Federal Contract Tower,0,6,9,0,15,0,10,17,6,33,0,16,26,6,48,0,0,0,48
05/01/2019,PDT,OR,ANM,WE,Federal Contract Tower,0,6,1,1,8,0,5,15,13,33,0,11,16,14,41,2,0,2,43
05/02/2019,PDT,OR,ANM,WE,Federal Contract Tower,0,7,4,0,11,0,2,20,8,30,0,9,24,8,41,9,0,9,50
05/03/2019,PDT,OR,ANM,WE,Federal Contract Tower,0,7,1,0,8,0,7,28,2,37,0,14,29,2,45,40,0,40,85
05/04/2019,PDT,OR,ANM,WE,Federal Contract Tower,0,10,4,0,14,0,3,29,0,32,0,13,33,0,46,2,4,6,52
05/05/2019,PDT,OR,ANM,WE,Federal Contract Tower,0,7,2,0,9,0,6,29,2,37,0,13,31,2,46,12,0,12,58
05/06/2019,PDT,OR,ANM,WE,Federal Contract Tower,0,10,3,1,14,0,4,19,2,25,0,14,22,3,39,33,9,42,81
05/07/2019,PDT,OR,ANM,WE,Federal Contract Tower,0,5,0,0,5,0,8,19,2,29,0,13,19,2,34,16,5,21,55
05/08/2019,PDT,OR,ANM,WE,Federal Contract Tower,0,8,10,2,20,0,3,14,6,23,0,11,24,8,43,24,11,35,78
05/09/2019,PDT,OR,ANM,WE,Federal Contract Tower,0,8,8,1,17,0,4,13,4,21,0,12,21,5,38,17,2,19,57
05/10/2019,PDT,OR,ANM,WE,Federal Contract Tower,0,7,1,1,9,0,4,22,7,33,0,11,23,8,42,7,12,19,61
05/11/2019,PDT,OR,ANM,WE,Federal Contract Tower,0,6,2,0,8,0,0,22,0,22,0,6,24,0,30,0,0,0,30
05/12/2019,PDT,OR,ANM,WE,Federal Contract Tower,0,6,4,0,10,0,4,30,0,34,0,10,34,0,44,14,0,14,58
05/13/2019,PDT,OR,ANM,WE,Federal Contract Tower,0,7,0,0,7,0,5,23,0,28,0,12,23,0,35,27,0,27,62
05/14/2019,PDT,OR,ANM,WE,Federal Contract Tower,0,7,5,0,12,0,4,12,0,16,0,11,17,0,28,23,0,23,51
05/15/2019,PDT,OR,ANM,WE,Federal Contract Tower,0,7,0,2,9,0,5,17,3,25,0,12,17,5,34,24,0,24,58
05/16/2019,PDT,OR,ANM,WE,Federal Contract Tower,0,9,3,0,12,0,1,10,2,13,0,10,13,2,25,4,0,4,29
05/17/2019,PDT,OR,ANM,WE,Federal Contract Tower,0,8,0,0,8,0,3,1,0,4,0,11,1,0,12,0,0,0,12
05/18/2019,PDT,OR,ANM,WE,Federal Contract Tower,0,6,12,0,18,0,4,15,0,19,0,10,27,0,37,17,0,17,54
05/19/2019,PDT,OR,ANM,WE,Federal Contract Tower,0,8,0,0,8,0,1,8,1,10,0,9,8,1,18,0,0,0,18
05/20/2019,PDT,OR,ANM,WE,Federal Contract Tower,0,8,2,3,13,0,5,16,2,23,0,13,18,5,36,56,4,60,96
05/21/2019,PDT,OR,ANM,WE,Federal Contract Tower,0,12,1,0,13,0,3,3,1,7,0,15,4,1,20,14,4,18,38
05/22/2019,PDT,OR,ANM,WE,Federal Contract Tower,0,8,5,1,14,0,4,17,0,21,0,12,22,1,35,2,0,2,37
05/23/2019,PDT,OR,ANM,WE,Federal Contract Tower,0,7,8,0,15,0,7,12,0,19,0,14,20,0,34,2,4,6,40
05/24/2019,PDT,OR,ANM,WE,Federal Contract Tower,0,9,5,0,14,0,5,2,5,12,0,14,7,5,26,0,0,0,26
05/25/2019,PDT,OR,ANM,WE,Federal Contract Tower,0,4,1,0,5,0,3,22,0,25,0,7,23,0,30,4,0,4,34
05/26/2019,PDT,OR,ANM,WE,Federal Contract Tower,0,4,2,0,6,0,1,13,0,14,0,5,15,0,20,32,0,32,52
05/27/2019,PDT,OR,ANM,WE,Federal Contract Tower,0,3,2,0,5,0,4,6,0,10,0,7,8,0,15,2,0,2,17
05/28/2019,PDT,OR,ANM,WE,Federal Contract Tower,0,6,3,0,9,0,1,19,0,20,0,7,22,0,29,9,0,9,38
05/29/2019,PDT,OR,ANM,WE,Federal Contract Tower,0,9,6,1,16,0,9,24,1,34,0,18,30,2,50,0,8,8,58
05/30/2019,PDT,OR,ANM,WE,Federal Contract Tower,0,8,5,0,13,0,4,9,0,13,0,12,14,0,26,14,6,20,46
05/31/2019,PDT,OR,ANM,WE,Federal Contract Tower,0,8,6,0,14,0,4,23,0,27,0,12,29,0,41,10,8,18,59
06/01/2019,PDT,OR,ANM,WE,Federal Contract Tower,0,8,2,0,10,0,4,17,0,21,0,12,19,0,31,0,2,2,33
06/02/2019,PDT,OR,ANM,WE,Federal Contract Tower,0,6,2,0,8,0,5,27,0,32,0,11,29,0,40,18,0,18,58
06/03/2019,PDT,OR,ANM,WE,Federal Contract Tower,0,8,0,0,8,0,6,7,0,13,0,14,7,0,21,4,0,4,25
06/04/2019,PDT,OR,ANM,WE,Federal Contract Tower,0,9,5,0,14,0,5,25,0,30,0,14,30,0,44,14,0,14,58
06/05/2019,PDT,OR,ANM,WE,Federal Contract Tower,0,8,0,0,8,0,8,16,2,26,0,16,16,2,34,42,3,45,79
06/06/2019,PDT,OR,ANM,WE,Federal Contract Tower,0,11,4,2,17,0,2,2,1,5,0,13,6,3,22,6,10,16,38
06/07/2019,PDT,OR,ANM,WE,Federal Contract Tower,0,5,0,0,5,0,4,11,0,15,0,9,11,0,20,4,0,4,24
06/08/2019,PDT,OR,ANM,WE,Federal Contract Tower,0,6,5,0,11,0,2,27,0,29,0,8,32,0,40,8,0,8,48
06/09/2019,PDT,OR,ANM,WE,Federal Contract Tower,0,6,3,0,9,0,2,25,0,27,0,8,28,0,36,0,0,0,36
06/10/2019,PDT,OR,ANM,WE,Federal Contract Tower,0,7,0,0,7,0,6,11,0,17,0,13,11,0,24,17,0,17,41
06/11/2019,PDT,OR,ANM,WE,Federal Contract Tower,0,9,8,0,17,0,2,12,0,14,0,11,20,0,31,13,0,13,44
06/12/2019,PDT,OR,ANM,WE,Federal Contract Tower,0,7,2,0,9,0,4,22,0,26,0,11,24,0,35,25,0,25,60
06/13/2019,PDT,OR,ANM,WE,Federal Contract Tower,0,7,2,2,11,0,6,23,0,29,0,13,25,2,40,0,0,0,40
06/14/2019,PDT,OR,ANM,WE,Federal Contract Tower,0,7,1,2,10,0,3,19,0,22,0,10,20,2,32,22,0,22,54
06/15/2019,PDT,OR,ANM,WE,Federal Contract Tower,0,7,1,0,8,0,4,32,0,36,0,11,33,0,44,22,0,22,66
06/16/2019,PDT,OR,ANM,WE,Federal Contract Tower,0,7,3,0,10,0,4,27,2,33,0,11,30,2,43,4,0,4,47
06/17/2019,PDT,OR,ANM,WE,Federal Contract Tower,0,7,0,0,7,0,4,21,0,25,0,11,21,0,32,4,1,5,37
06/18/2019,PDT,OR,ANM,WE,Federal Contract Tower,0,11,5,0,16,0,6,20,0,26,0,17,25,0,42,10,0,10,52
06/19/2019,PDT,OR,ANM,WE,Federal Contract Tower,0,8,2,0,10,0,6,6,0,12,0,14,8,0,22,0,0,0,22
06/20/2019,PDT,OR,ANM,WE,Federal Contract Tower,0,9,2,0,11,0,3,12,1,16,0,12,14,1,27,0,3,3,30
06/21/2019,PDT,OR,ANM,WE,Federal Contract Tower,0,9,4,0,13,0,2,25,0,27,0,11,29,0,40,16,0,16,56
06/22/2019,PDT,OR,ANM,WE,Federal Contract Tower,0,6,2,0,8,0,6,24,1,31,0,12,26,1,39,10,1,11,50
06/23/2019,PDT,OR,ANM,WE,Federal Contract Tower,0,6,4,0,10,0,4,17,0,21,0,10,21,0,31,0,0,0,31
06/24/2019,PDT,OR,ANM,WE,Federal Contract Tower,0,8,0,0,8,0,2,21,2,25,0,10,21,2,33,22,0,22,55
06/25/2019,PDT,OR,ANM,WE,Federal Contract Tower,0,11,0,0,11,0,1,20,4,25,0,12,20,4,36,6,0,6,42
06/26/2019,PDT,OR,ANM,WE,Federal Contract Tower,0,8,3,0,11,0,7,9,0,16,0,15,12,0,27,10,0,10,37
06/27/2019,PDT,OR,ANM,WE,Federal Contract Tower,0,12,0,0,12,0,10,15,0,25,0,22,15,0,37,0,2,2,39
06/28/2019,PDT,OR,ANM,WE,Federal Contract Tower,0,8,9,1,18,0,5,17,1,23,0,13,26,2,41,0,0,0,41
06/29/2019,PDT,OR,ANM,WE,Federal Contract Tower,0,6,2,0,8,0,3,22,0,25,0,9,24,0,33,11,0,11,44
06/30/2019,PDT,OR,ANM,WE,Federal Contract Tower,0,7,0,0,7,0,2,8,0,10,0,9,8,0,17,42,0,42,59
07/01/2019,PDT,OR,ANM,WE,Federal Contract Tower,0,8,2,0,10,0,3,14,0,17,0,11,16,0,27,16,0,16,43
07/02/2019,PDT,OR,ANM,WE,Federal Contract Tower,0,9,4,0,13,0,0,11,0,11,0,9,15,0,24,0,2,2,26
07/03/2019,PDT,OR,ANM,WE,Federal Contract Tower,0,11,5,0,16,0,4,12,2,18,0,15,17,2,34,12,0,12,46
07/04/2019,PDT,OR,ANM,WE,Federal Contract Tower,0,6,2,0,8,0,2,7,0,9,0,8,9,0,17,4,0,4,21
07/05/2019,PDT,OR,ANM,WE,Federal Contract Tower,0,10,0,0,10,0,4,22,0,26,0,14,22,0,36,0,0,0,36
07/06/2019,PDT,OR,ANM,WE,Federal Contract Tower,0,6,3,0,9,0,2,17,0,19,0,8,20,0,28,14,0,14,42
07/07/2019,PDT,OR,ANM,WE,Federal Contract Tower,0,7,3,0,10,0,1,18,0,19,0,8,21,0,29,8,0,8,37
07/08/2019,PDT,OR,ANM,WE,Federal Contract Tower,0,9,0,1,10,0,2,10,3,15,0,11,10,4,25,3,0,3,28
07/09/2019,PDT,OR,ANM,WE,Federal Contract Tower,0,11,0,0,11,0,5,8,7,20,0,16,8,7,31,0,0,0,31
07/10/2019,PDT,OR,ANM,WE,Federal Contract Tower,0,7,0,0,7,0,5,16,2,23,0,12,16,2,30,5,4,9,39
07/11/2019,PDT,OR,ANM,WE,Federal Contract Tower,0,8,2,0,10,0,4,17,2,23,0,12,19,2,33,22,0,22,55
07/12/2019,PDT,OR,ANM,WE,Federal Contract Tower,0,8,0,0,8,0,4,25,8,37,0,12,25,8,45,6,16,22,67
07/13/2019,PDT,OR,ANM,WE,Federal Contract Tower,0,7,0,0,7,0,3,30,1,34,0,10,30,1,41,6,0,6,47
07/14/2019,PDT,OR,ANM,WE,Federal Contract Tower,0,7,0,0,7,0,2,25,0,27,0,9,25,0,34,6,0,6,40
07/15/2019,PDT,OR,ANM,WE,Federal Contract Tower,0,8,6,0,14,0,3,13,3,19,0,11,19,3,33,2,0,2,35
07/16/2019,PDT,OR,ANM,WE,Federal Contract Tower,0,8,2,1,11,0,8,16,1,25,0,16,18,2,36,6,0,6,42
07/17/2019,PDT,OR,ANM,WE,Federal Contract Tower,0,10,2,1,13,0,10,10,8,28,0,20,12,9,41,11,8,19,60
07/18/2019,PDT,OR,ANM,WE,Federal Contract Tower,0,8,8,0,16,0,5,14,1,20,0,13,22,1,36,0,0,0,36
07/19/2019,PDT,OR,ANM,WE,Federal Contract Tower,0,8,1,2,11,0,5,16,1,22,0,13,17,3,33,6,0,6,39
07/20/2019,PDT,OR,ANM,WE,Federal Contract Tower,0,5,2,0,7,0,3,32,0,35,0,8,34,0,42,16,0,16,58
07/21/2019,PDT,OR,ANM,WE,Federal Contract Tower,0,0,3,0,3,0,4,16,0,20,0,4,19,0,23,2,0,2,25
07/22/2019,PDT,OR,ANM,WE,Federal Contract Tower,0,2,2,0,4,0,3,5,2,10,0,5,7,2,14,2,0,2,16
07/23/2019,PDT,OR,ANM,WE,Federal Contract Tower,0,9,3,0,12,0,6,17,6,29,0,15,20,6,41,0,0,0,41
07/24/2019,PDT,OR,ANM,WE,Federal Contract Tower,0,7,6,0,13,0,5,19,2,26,0,12,25,2,39,42,6,48,87
07/25/2019,PDT,OR,ANM,WE,Federal Contract Tower,0,10,3,0,13,0,12,15,2,29,0,22,18,2,42,10,0,10,52
07/26/2019,PDT,OR,ANM,WE,Federal Contract Tower,0,8,7,0,15,0,8,14,3,25,0,16,21,3,40,4,0,4,44
07/27/2019,PDT,OR,ANM,WE,Federal Contract Tower,0,6,2,0,8,0,6,19,0,25,0,12,21,0,33,10,0,10,43
07/28/2019,PDT,OR,ANM,WE,Federal Contract Tower,0,7,2,0,9,0,7,29,0,36,0,14,31,0,45,36,0,36,81
07/29/2019,PDT,OR,ANM,WE,Federal Contract Tower,0,7,0,0,7,0,4,7,2,13,0,11,7,2,20,8,0,8,28
07/30/2019,PDT,OR,ANM,WE,Federal Contract Tower,0,12,0,0,12,0,4,20,0,24,0,16,20,0,36,6,0,6,42
07/31/2019,PDT,OR,ANM,WE,Federal Contract Tower,0,7,4,1,12,0,3,12,2,17,0,10,16,3,29,8,0,8,37
08/01/2019,PDT,OR,ANM,WE,Federal Contract Tower,0,8,2,0,10,0,6,16,8,30,0,14,18,8,40,2,0,2,42
08/02/2019,PDT,OR,ANM,WE,Federal Contract Tower,0,10,1,0,11,0,6,21,0,27,0,16,22,0,38,2,0,2,40
08/03/2019,PDT,OR,ANM,WE,Federal Contract Tower,0,6,2,2,10,0,4,23,2,29,0,10,25,4,39,9,0,9,48
08/04/2019,PDT,OR,ANM,WE,Federal Contract Tower,0,9,5,0,14,0,4,9,0,13,0,13,14,0,27,0,0,0,27
08/05/2019,PDT,OR,ANM,WE,Federal Contract Tower,0,11,3,0,14,0,3,9,1,13,0,14,12,1,27,6,0,6,33
08/06/2019,PDT,OR,ANM,WE,Federal Contract Tower,0,12,1,2,15,0,8,15,4,27,0,20,16,6,42,8,4,12,54
08/07/2019,PDT,OR,ANM,WE,Federal Contract Tower,0,4,10,0,14,0,3,16,0,19,0,7,26,0,33,45,0,45,78
08/08/2019,PDT,OR,ANM,WE,Federal Contract Tower,0,5,4,3,12,0,3,29,0,32,0,8,33,3,44,2,0,2,46
08/09/2019,PDT,OR,ANM,WE,Federal Contract Tower,0,7,3,0,10,0,3,17,9,29,0,10,20,9,39,2,6,8,47
08/10/2019,PDT,OR,ANM,WE,Federal Contract Tower,0,8,0,0,8,0,1,17,0,18,0,9,17,0,26,0,0,0,26
08/11/2019,PDT,OR,ANM,WE,Federal Contract Tower,0,8,0,0,8,0,0,14,0,14,0,8,14,0,22,1,0,1,23
08/12/2019,PDT,OR,ANM,WE,Federal Contract Tower,0,9,3,2,14,0,4,31,2,37,0,13,34,4,51,9,0,9,60
08/13/2019,PDT,OR,ANM,WE,Federal Contract Tower,0,11,0,0,11,0,7,23,2,32,0,18,23,2,43,34,0,34,77
08/14/2019,PDT,OR,ANM,WE,Federal Contract Tower,0,9,1,0,10,0,5,25,3,33,0,14,26,3,43,2,4,6,49
08/15/2019,PDT,OR,ANM,WE,Federal Contract Tower,0,8,1,1,10,0,8,23,0,31,0,16,24,1,41,8,10,18,59
08/16/2019,PDT,OR,ANM,WE,Federal Contract Tower,0,12,1,0,13,0,4,19,10,33,0,16,20,10,46,12,0,12,58
08/17/2019,PDT,OR,ANM,WE,Federal Contract Tower,0,8,3,0,11,0,2,18,0,20,0,10,21,0,31,20,0,20,51
08/18/2019,PDT,OR,ANM,WE,Federal Contract Tower,0,8,0,0,8,0,4,14,0,18,0,12,14,0,26,22,0,22,48
08/19/2019,PDT,OR,ANM,WE,Federal Contract Tower,0,10,2,2,14,0,1,14,0,15,0,11,16,2,29,12,0,12,41
08/20/2019,PDT,OR,ANM,WE,Federal Contract Tower,0,12,5,0,17,0,4,11,24,39,0,16,16,24,56,8,0,8,64
08/21/2019,PDT,OR,ANM,WE,Federal Contract Tower,0,8,2,0,10,0,2,3,10,15,0,10,5,10,25,0,2,2,27
08/22/2019,PDT,OR,ANM,WE,Federal Contract Tower,0,10,2,0,12,0,0,0,0,0,0,10,2,0,12,0,0,0,12
08/23/2019,PDT,OR,ANM,WE,Federal Contract Tower,0,12,2,0,14,0,4,13,2,19,0,16,15,2,33,18,2,20,53
08/24/2019,PDT,OR,ANM,WE,Federal Contract Tower,0,6,0,0,6,0,3,14,0,17,0,9,14,0,23,12,0,12,35
08/25/2019,PDT,OR,ANM,WE,Federal Contract Tower,0,9,2,0,11,0,2,20,0,22,0,11,22,0,33,0,0,0,33
08/26/2019,PDT,OR,ANM,WE,Federal Contract Tower,0,9,0,0,9,0,2,24,0,26,0,11,24,0,35,42,1,43,78
08/27/2019,PDT,OR,ANM,WE,Federal Contract Tower,0,10,0,0,10,0,5,19,0,24,0,15,19,0,34,16,0,16,50
08/28/2019,PDT,OR,ANM,WE,Federal Contract Tower,0,9,0,0,9,0,3,27,2,32,0,12,27,2,41,11,0,11,52
08/29/2019,PDT,OR,ANM,WE,Federal Contract Tower,0,8,1,0,9,0,9,9,2,20,0,17,10,2,29,8,6,14,43
08/30/2019,PDT,OR,ANM,WE,Federal Contract Tower,0,9,3,0,12,0,6,20,2,28,0,15,23,2,40,8,0,8,48
08/31/2019,PDT,OR,ANM,WE,Federal Contract Tower,0,8,1,0,9,0,2,19,0,21,0,10,20,0,30,0,0,0,30
09/01/2019,PDT,OR,ANM,WE,Federal Contract Tower,0,6,0,0,6,0,7,10,0,17,0,13,10,0,23,4,0,4,27
09/02/2019,PDT,OR,ANM,WE,Federal Contract Tower,0,10,1,0,11,0,0,16,0,16,0,10,17,0,27,13,0,13,40
09/03/2019,PDT,OR,ANM,WE,Federal Contract Tower,0,11,2,0,13,0,1,12,3,16,0,12,14,3,29,18,0,18,47
09/04/2019,PDT,OR,ANM,WE,Federal Contract Tower,0,11,8,0,19,0,4,16,3,23,0,15,24,3,42,5,0,5,47
09/05/2019,PDT,OR,ANM,WE,Federal Contract Tower,0,10,4,0,14,0,4,16,1,21,0,14,20,1,35,32,0,32,67
09/06/2019,PDT,OR,ANM,WE,Federal Contract Tower,0,10,5,0,15,0,3,48,0,51,0,13,53,0,66,19,0,19,85
09/07/2019,PDT,OR,ANM,WE,Federal Contract Tower,0,6,1,0,7,0,3,39,0,42,0,9,40,0,49,25,2,27,76
09/08/2019,PDT,OR,ANM,WE,Federal Contract Tower,0,6,6,0,12,0,20,4,0,24,0,26,10,0,36,4,0,4,40
09/09/2019,PDT,OR,ANM,WE,Federal Contract Tower,0,5,3,0,8,0,0,15,0,15,0,5,18,0,23,2,0,2,25
09/10/2019,PDT,OR,ANM,WE,Federal Contract Tower,0,12,2,1,15,0,2,13,2,17,0,14,15,3,32,12,2,14,46
09/11/2019,PDT,OR,ANM,WE,Federal Contract Tower,0,14,4,0,18,0,0,18,4,22,0,14,22,4,40,18,0,18,58
09/12/2019,PDT,OR,ANM,WE,Federal Contract Tower,0,17,2,0,19,0,3,30,4,37,0,20,32,4,56,55,4,59,115
09/13/2019,PDT,OR,ANM,WE,Federal Contract Tower,0,20,2,4,26,0,4,15,8,27,0,24,17,12,53,8,0,8,61
09/14/2019,PDT,OR,ANM,WE,Federal Contract Tower,0,8,5,0,13,0,3,28,0,31,0,11,33,0,44,25,0,25,69
09/15/2019,PDT,OR,ANM,WE,Federal Contract Tower,0,10,14,0,24,0,0,14,0,14,0,10,28,0,38,19,0,19,57
09/16/2019,PDT,OR,ANM,WE,Federal Contract Tower,0,15,0,0,15,0,0,7,0,7,0,15,7,0,22,0,0,0,22
09/17/2019,PDT,OR,ANM,WE,Federal Contract Tower,0,11,1,1,13,0,1,9,2,12,0,12,10,3,25,10,0,10,35
09/18/2019,PDT,OR,ANM,WE,Federal Contract Tower,0,10,0,0,10,0,3,26,7,36,0,13,26,7,46,2,0,2,48
09/19/2019,PDT,OR,ANM,WE,Federal Contract Tower,0,9,1,0,10,0,3,8,0,11,0,12,9,0,21,6,0,6,27
09/20/2019,PDT,OR,ANM,WE,Federal Contract Tower,0,10,1,0,11,0,6,16,0,22,0,16,17,0,33,28,0,28,61
09/21/2019,PDT,OR,ANM,WE,Federal Contract Tower,0,6,0,0,6,0,4,38,0,42,0,10,38,0,48,42,0,42,90
09/22/2019,PDT,OR,ANM,WE,Federal Contract Tower,0,8,0,0,8,0,0,12,2,14,0,8,12,2,22,0,0,0,22
09/23/2019,PDT,OR,ANM,WE,Federal Contract Tower,0,10,1,0,11,0,0,14,2,16,0,10,15,2,27,14,2,16,43
09/24/2019,PDT,OR,ANM,WE,Federal Contract Tower,0,13,0,0,13,0,4,12,13,29,0,17,12,13,42,31,2,33,75
09/25/2019,PDT,OR,ANM,WE,Federal Contract Tower,0,11,1,0,12,0,2,33,1,36,0,13,34,1,48,58,1,59,107
09/26/2019,PDT,OR,ANM,WE,Federal Contract Tower,0,9,2,0,11,0,5,12,1,18,0,14,14,1,29,4,0,4,33
09/27/2019,PDT,OR,ANM,WE,Federal Contract Tower,0,10,0,0,10,0,4,4,6,14,0,14,4,6,24,6,0,6,30
09/28/2019,PDT,OR,ANM,WE,Federal Contract Tower,0,7,0,0,7,0,1,1,0,2,0,8,1,0,9,0,0,0,9
09/29/2019,PDT,OR,ANM,WE,Federal Contract Tower,0,8,3,0,11,0,3,3,0,6,0,11,6,0,17,0,0,0,17
09/30/2019,PDT,OR,ANM,WE,Federal Contract Tower,0,9,4,0,13,0,15,3,0,18,0,24,7,0,31,52,2,54,85
10/01/2019,PDT,OR,ANM,WE,Federal Contract Tower,0,11,4,0,15,0,7,28,8,43,0,18,32,8,58,46,0,46,104
10/02/2019,PDT,OR,ANM,WE,Federal Contract Tower,0,8,2,0,10,0,3,19,2,24,0,11,21,2,34,6,0,6,40
10/03/2019,PDT,OR,ANM,WE,Federal Contract Tower,0,9,2,0,11,0,4,62,0,66,0,13,64,0,77,4,2,6,83
10/04/2019,PDT,OR,ANM,WE,Federal Contract Tower,0,10,2,0,12,0,5,35,6,46,0,15,37,6,58,25,0,25,83
10/05/2019,PDT,OR,ANM,WE,Federal Contract Tower,0,6,2,0,8,0,2,15,0,17,0,8,17,0,25,14,0,14,39
10/06/2019,PDT,OR,ANM,WE,Federal Contract Tower,0,9,7,0,16,0,5,35,0,40,0,14,42,0,56,25,0,25,81
10/07/2019,PDT,OR,ANM,WE,Federal Contract Tower,0,11,1,0,12,0,0,11,5,16,0,11,12,5,28,19,4,23,51
10/08/2019,PDT,OR,ANM,WE,Federal Contract Tower,0,9,0,0,9,0,3,1,4,8,0,12,1,4,17,0,0,0,17
10/09/2019,PDT,OR,ANM,WE,Federal Contract Tower,0,10,1,0,11,0,2,9,1,12,0,12,10,1,23,43,0,43,66
10/10/2019,PDT,OR,ANM,WE,Federal Contract Tower,0,9,3,0,12,0,4,17,3,24,0,13,20,3,36,36,3,39,75
10/11/2019,PDT,OR,ANM,WE,Federal Contract Tower,0,12,2,0,14,0,1,18,0,19,0,13,20,0,33,32,0,32,65
10/12/2019,PDT,OR,ANM,WE,Federal Contract Tower,0,6,0,0,6,0,7,14,0,21,0,13,14,0,27,12,0,12,39
10/13/2019,PDT,OR,ANM,WE,Federal Contract Tower,0,8,0,0,8,0,1,13,0,14,0,9,13,0,22,29,0,29,51
10/14/2019,PDT,OR,ANM,WE,Federal Contract Tower,0,2,3,0,5,0,2,6,0,8,0,4,9,0,13,20,0,20,33
10/15/2019,PDT,OR,ANM,WE,Federal Contract Tower,0,10,1,0,11,0,2,11,0,13,0,12,12,0,24,14,0,14,38
10/16/2019,PDT,OR,ANM,WE,Federal Contract Tower,0,8,1,0,9,0,4,2,2,8,0,12,3,2,17,2,0,2,19
10/17/2019,PDT,OR,ANM,WE,Federal Contract Tower,0,9,2,1,12,0,5,5,4,14,0,14,7,5,26,6,0,6,32
10/18/2019,PDT,OR,ANM,WE,Federal Contract Tower,0,10,0,0,10,0,2,7,3,12,0,12,7,3,22,22,0,22,44
10/19/2019,PDT,OR,ANM,WE,Federal Contract Tower,0,6,0,0,6,0,2,0,2,4,0,8,0,2,10,0,0,0,10
10/20/2019,PDT,OR,ANM,WE,Federal Contract Tower,0,8,0,0,8,0,2,5,2,9,0,10,5,2,17,28,0,28,45
10/21/2019,PDT,OR,ANM,WE,Federal Contract Tower,0,9,0,0,9,0,2,5,0,7,0,11,5,0,16,0,0,0,16
10/22/2019,PDT,OR,ANM,WE,Federal Contract Tower,0,11,6,0,17,0,2,2,2,6,0,13,8,2,23,0,0,0,23
10/23/2019,PDT,OR,ANM,WE,Federal Contract Tower,0,8,4,1,13,0,5,13,1,19,0,13,17,2,32,42,0,42,74
10/24/2019,PDT,OR,ANM,WE,Federal Contract Tower,0,8,2,0,10,0,5,32,0,37,0,13,34,0,47,41,0,41,88
10/25/2019,PDT,OR,ANM,WE,Federal Contract Tower,0,10,0,1,11,0,9,12,1,22,0,19,12,2,33,25,0,25,58
10/26/2019,PDT,OR,ANM,WE,Federal Contract Tower,0,9,2,0,11,0,1,5,0,6,0,10,7,0,17,4,0,4,21
10/27/2019,PDT,OR,ANM,WE,Federal Contract Tower,0,10,1,0,11,0,10,11,2,23,0,20,12,2,34,4,0,4,38
10/28/2019,PDT,OR,ANM,WE,Federal Contract Tower,0,9,0,0,9,0,3,14,0,17,0,12,14,0,26,21,0,21,47
10/29/2019,PDT,OR,ANM,WE,Federal Contract Tower,0,12,1,1,14,0,3,6,1,10,0,15,7,2,24,17,2,19,43
10/30/2019,PDT,OR,ANM,WE,Federal Contract Tower,0,8,0,0,8,0,7,9,0,16,0,15,9,0,24,21,22,43,67
10/31/2019,PDT,OR,ANM,WE,Federal Contract Tower,0,7,1,0,8,0,4,11,1,16,0,11,12,1,24,6,0,6,30
11/01/2019,PDT,OR,ANM,WE,Federal Contract Tower,0,10,0,0,10,0,3,19,2,24,0,13,19,2,34,15,0,15,49
11/02/2019,PDT,OR,ANM,WE,Federal Contract Tower,0,6,2,0,8,0,7,24,2,33,0,13,26,2,41,18,0,18,59
11/03/2019,PDT,OR,ANM,WE,Federal Contract Tower,0,6,2,0,8,0,3,9,0,12,0,9,11,0,20,22,0,22,42
11/04/2019,PDT,OR,ANM,WE,Federal Contract Tower,0,10,0,0,10,0,2,8,0,10,0,12,8,0,20,5,0,5,25
11/05/2019,PDT,OR,ANM,WE,Federal Contract Tower,0,7,5,0,12,0,5,18,2,25,0,12,23,2,37,14,4,18,55
11/06/2019,PDT,OR,ANM,WE,Federal Contract Tower,0,4,0,0,4,0,6,7,0,13,0,10,7,0,17,38,0,38,55
11/07/2019,PDT,OR,ANM,WE,Federal Contract Tower,0,9,3,0,12,0,2,16,4,22,0,11,19,4,34,0,22,22,56
11/08/2019,PDT,OR,ANM,WE,Federal Contract Tower,0,11,4,1,16,0,1,30,1,32,0,12,34,2,48,42,6,48,96
11/09/2019,PDT,OR,ANM,WE,Federal Contract Tower,0,6,3,0,9,0,2,17,0,19,0,8,20,0,28,10,0,10,38
11/10/2019,PDT,OR,ANM,WE,Federal Contract Tower,0,10,1,0,11,0,0,10,0,10,0,10,11,0,21,0,0,0,21
11/11/2019,PDT,OR,ANM,WE,Federal Contract Tower,0,11,0,0,11,0,1,8,0,9,0,12,8,0,20,0,0,0,20
11/12/2019,PDT,OR,ANM,WE,Federal Contract Tower,0,12,0,0,12,0,0,2,0,2,0,12,2,0,14,0,0,0,14
11/13/2019,PDT,OR,ANM,WE,Federal Contract Tower,0,11,2,0,13,0,0,0,0,0,0,11,2,0,13,0,0,0,13
11/14/2019,PDT,OR,ANM,WE,Federal Contract Tower,0,14,0,0,14,0,0,0,0,0,0,14,0,0,14,2,0,2,16
11/15/2019,PDT,OR,ANM,WE,Federal Contract Tower,0,6,1,0,7,0,1,3,0,4,0,7,4,0,11,0,0,0,11
11/16/2019,PDT,OR,ANM,WE,Federal Contract Tower,0,5,3,3,11,0,3,15,1,19,0,8,18,4,30,6,0,6,36
11/17/2019,PDT,OR,ANM,WE,Federal Contract Tower,0,8,2,0,10,0,0,4,0,4,0,8,6,0,14,0,0,0,14
11/18/2019,PDT,OR,ANM,WE,Federal Contract Tower,0,9,0,0,9,0,1,7,0,8,0,10,7,0,17,2,0,2,19
11/19/2019,PDT,OR,ANM,WE,Federal Contract Tower,0,12,0,0,12,0,1,7,2,10,0,13,7,2,22,0,7,7,29
11/20/2019,PDT,OR,ANM,WE,Federal Contract Tower,0,11,1,0,12,0,1,15,3,19,0,12,16,3,31,8,4,12,43
11/21/2019,PDT,OR,ANM,WE,Federal Contract Tower,0,9,3,0,12,0,2,7,4,13,0,11,10,4,25,4,16,20,45
11/22/2019,PDT,OR,ANM,WE,Federal Contract Tower,0,11,2,0,13,0,2,25,0,27,0,13,27,0,40,13,0,13,53
11/23/2019,PDT,OR,ANM,WE,Federal Contract Tower,0,8,0,0,8,0,4,13,0,17,0,12,13,0,25,34,0,34,59
11/24/2019,PDT,OR,ANM,WE,Federal Contract Tower,0,8,3,0,11,0,3,7,0,10,0,11,10,0,21,0,0,0,21
11/25/2019,PDT,OR,ANM,WE,Federal Contract Tower,0,10,0,0,10,0,5,1,2,8,0,15,1,2,18,0,7,7,25
11/26/2019,PDT,OR,ANM,WE,Federal Contract Tower,0,7,3,0,10,0,3,4,0,7,0,10,7,0,17,4,0,4,21
11/27/2019,PDT,OR,ANM,WE,Federal Contract Tower,0,11,0,0,11,0,2,4,0,6,0,13,4,0,17,4,0,4,21
11/28/2019,PDT,OR,ANM,WE,Federal Contract Tower,0,7,0,0,7,0,2,2,0,4,0,9,2,0,11,0,0,0,11
11/29/2019,PDT,OR,ANM,WE,Federal Contract Tower,0,13,2,0,15,0,3,6,0,9,0,16,8,0,24,4,0,4,28
11/30/2019,PDT,OR,ANM,WE,Federal Contract Tower,0,8,5,0,13,0,2,17,0,19,0,10,22,0,32,22,0,22,54
12/01/2019,PDT,OR,ANM,WE,Federal Contract Tower,0,11,2,0,13,0,0,0,0,0,0,11,2,0,13,0,0,0,13
12/02/2019,PDT,OR,ANM,WE,Federal Contract Tower,0,6,0,0,6,0,0,0,0,0,0,6,0,0,6,0,0,0,6
12/03/2019,PDT,OR,ANM,WE,Federal Contract Tower,0,10,0,0,10,0,3,8,6,17,0,13,8,6,27,23,10,33,60
12/04/2019,PDT,OR,ANM,WE,Federal Contract Tower,0,14,1,0,15,0,0,33,0,33,0,14,34,0,48,23,2,25,73
12/05/2019,PDT,OR,ANM,WE,Federal Contract Tower,0,11,2,0,13,0,2,4,10,16,0,13,6,10,29,16,4,20,49
12/06/2019,PDT,OR,ANM,WE,Federal Contract Tower,0,5,0,0,5,0,0,0,0,0,0,5,0,0,5,0,0,0,5
12/07/2019,PDT,OR,ANM,WE,Federal Contract Tower,0,2,1,0,3,0,0,0,0,0,0,2,1,0,3,0,0,0,3
12/08/2019,PDT,OR,ANM,WE,Federal Contract Tower,0,2,0,0,2,0,0,0,0,0,0,2,0,0,2,0,0,0,2
12/09/2019,PDT,OR,ANM,WE,Federal Contract Tower,0,1,0,0,1,0,0,0,0,0,0,1,0,0,1,0,0,0,1
12/10/2019,PDT,OR,ANM,WE,Federal Contract Tower,0,18,1,0,19,0,0,0,0,0,0,18,1,0,19,0,0,0,19
12/11/2019,PDT,OR,ANM,WE,Federal Contract Tower,0,12,1,0,13,0,0,4,0,4,0,12,5,0,17,6,28,34,51
12/12/2019,PDT,OR,ANM,WE,Federal Contract Tower,0,8,1,0,9,0,6,1,2,9,0,14,2,2,18,12,24,36,54
12/13/2019,PDT,OR,ANM,WE,Federal Contract Tower,0,14,4,0,18,0,6,0,4,10,0,20,4,4,28,20,26,46,74
12/14/2019,PDT,OR,ANM,WE,Federal Contract Tower,0,8,1,0,9,0,0,6,0,6,0,8,7,0,15,20,0,20,35
12/15/2019,PDT,OR,ANM,WE,Federal Contract Tower,0,7,2,0,9,0,0,3,0,3,0,7,5,0,12,6,0,6,18
12/16/2019,PDT,OR,ANM,WE,Federal Contract Tower,0,12,1,0,13,0,0,5,0,5,0,12,6,0,18,18,0,18,36
12/17/2019,PDT,OR,ANM,WE,Federal Contract Tower,0,5,0,0,5,0,0,0,0,0,0,5,0,0,5,0,0,0,5
12/18/2019,PDT,OR,ANM,WE,Federal Contract Tower,0,8,8,0,16,0,0,0,0,0,0,8,8,0,16,0,0,0,16
12/19/2019,PDT,OR,ANM,WE,Federal Contract Tower,0,10,0,0,10,0,2,0,0,2,0,12,0,0,12,2,14,16,28
12/20/2019,PDT,OR,ANM,WE,Federal Contract Tower,0,10,4,0,14,0,2,4,0,6,0,12,8,0,20,0,0,0,20
12/21/2019,PDT,OR,ANM,WE,Federal Contract Tower,0,7,2,0,9,0,2,7,0,9,0,9,9,0,18,4,0,4,22
12/22/2019,PDT,OR,ANM,WE,Federal Contract Tower,0,8,6,0,14,0,0,2,0,2,0,8,8,0,16,0,0,0,16
12/23/2019,PDT,OR,ANM,WE,Federal Contract Tower,0,11,4,0,15,0,4,6,0,10,0,15,10,0,25,0,0,0,25
12/24/2019,PDT,OR,ANM,WE,Federal Contract Tower,0,12,1,0,13,0,1,6,0,7,0,13,7,0,20,20,0,20,40
12/25/2019,PDT,OR,ANM,WE,Federal Contract Tower,0,4,2,0,6,0,0,0,0,0,0,4,2,0,6,0,0,0,6
12/26/2019,PDT,OR,ANM,WE,Federal Contract Tower,0,9,0,0,9,0,3,0,0,3,0,12,0,0,12,0,0,0,12
12/27/2019,PDT,OR,ANM,WE,Federal Contract Tower,0,11,4,0,15,0,0,2,0,2,0,11,6,0,17,36,0,36,53
12/28/2019,PDT,OR,ANM,WE,Federal Contract Tower,0,7,2,0,9,0,0,3,0,3,0,7,5,0,12,24,0,24,36
12/29/2019,PDT,OR,ANM,WE,Federal Contract Tower,0,8,0,0,8,0,0,0,0,0,0,8,0,0,8,0,0,0,8
12/30/2019,PDT,OR,ANM,WE,Federal Contract Tower,0,11,2,0,13,0,0,0,2,2,0,11,2,2,15,0,2,2,17
12/31/2019,PDT,OR,ANM,WE,Federal Contract Tower,0,12,0,0,12,0,3,0,0,3,0,15,0,0,15,0,2,2,17
01/01/2020,PDT,OR,ANM,WE,Federal Contract Tower,0,7,0,0,7,0,2,0,0,2,0,9,0,0,9,0,0,0,9
01/02/2020,PDT,OR,ANM,WE,Federal Contract Tower,0,10,4,0,14,0,1,0,5,6,0,11,4,5,20,0,2,2,22
01/03/2020,PDT,OR,ANM,WE,Federal Contract Tower,0,10,0,1,11,0,4,8,3,15,0,14,8,4,26,18,6,24,50
01/04/2020,PDT,OR,ANM,WE,Federal Contract Tower,0,7,2,0,9,0,3,0,0,3,0,10,2,0,12,4,0,4,16
01/05/2020,PDT,OR,ANM,WE,Federal Contract Tower,0,8,0,0,8,0,0,4,0,4,0,8,4,0,12,8,0,8,20
01/06/2020,PDT,OR,ANM,WE,Federal Contract Tower,0,10,1,0,11,0,3,0,2,5,0,13,1,2,16,0,20,20,36
01/07/2020,PDT,OR,ANM,WE,Federal Contract Tower,0,7,3,0,10,0,1,6,2,9,0,8,9,2,19,26,2,28,47
01/08/2020,PDT,OR,ANM,WE,Federal Contract Tower,0,5,0,2,7,0,4,0,4,8,0,9,0,6,15,0,21,21,36
01/09/2020,PDT,OR,ANM,WE,Federal Contract Tower,0,10,3,0,13,0,5,3,6,14,0,15,6,6,27,4,26,30,57
01/10/2020,PDT,OR,ANM,WE,Federal Contract Tower,0,11,0,0,11,0,0,0,6,6,0,11,0,6,17,8,35,43,60
01/11/2020,PDT,OR,ANM,WE,Federal Contract Tower,0,6,0,0,6,0,2,0,0,2,0,8,0,0,8,0,0,0,8
01/12/2020,PDT,OR,ANM,WE,Federal Contract Tower,0,8,0,0,8,0,5,0,2,7,0,13,0,2,15,0,32,32,47
01/13/2020,PDT,OR,ANM,WE,Federal Contract Tower,0,12,0,0,12,0,0,0,0,0,0,12,0,0,12,0,0,0,12
01/14/2020,PDT,OR,ANM,WE,Federal Contract Tower,0,17,0,0,17,0,1,0,7,8,0,18,0,7,25,0,32,32,57
01/15/2020,PDT,OR,ANM,WE,Federal Contract Tower,0,9,6,0,15,0,4,2,3,9,0,13,8,3,24,0,41,41,65
01/16/2020,PDT,OR,ANM,WE,Federal Contract Tower,0,18,2,0,20,0,2,0,0,2,0,20,2,0,22,0,0,0,22
01/17/2020,PDT,OR,ANM,WE,Federal Contract Tower,0,14,2,0,16,0,4,0,2,6,0,18,2,2,22,20,22,42,64
01/18/2020,PDT,OR,ANM,WE,Federal Contract Tower,0,5,0,0,5,0,0,13,0,13,0,5,13,0,18,0,0,0,18
01/19/2020,PDT,OR,ANM,WE,Federal Contract Tower,0,3,0,0,3,0,0,7,0,7,0,3,7,0,10,18,0,18,28
01/20/2020,PDT,OR,ANM,WE,Federal Contract Tower,0,10,0,0,10,0,2,0,0,2,0,12,0,0,12,0,0,0,12
01/21/2020,PDT,OR,ANM,WE,Federal Contract Tower,0,3,0,0,3,0,2,5,6,13,0,5,5,6,16,16,40,56,72
01/22/2020,PDT,OR,ANM,WE,Federal Contract Tower,0,11,0,0,11,0,2,1,3,6,0,13,1,3,17,0,38,38,55
01/23/2020,PDT,OR,ANM,WE,Federal Contract Tower,0,10,3,0,13,0,6,6,8,20,0,16,9,8,33,4,26,30,63
01/24/2020,PDT,OR,ANM,WE,Federal Contract Tower,0,9,2,0,11,0,2,4,2,8,0,11,6,2,19,6,28,34,53
01/25/2020,PDT,OR,ANM,WE,Federal Contract Tower,0,6,0,0,6,0,4,20,0,24,0,10,20,0,30,46,0,46,76
01/26/2020,PDT,OR,ANM,WE,Federal Contract Tower,0,8,4,0,12,0,2,3,0,5,0,10,7,0,17,42,0,42,59
01/27/2020,PDT,OR,ANM,WE,Federal Contract Tower,0,11,0,0,11,0,2,4,4,10,0,13,4,4,21,34,4,38,59
01/28/2020,PDT,OR,ANM,WE,Federal Contract Tower,0,10,2,0,12,0,6,4,18,28,0,16,6,18,40,35,5,40,80
01/29/2020,PDT,OR,ANM,WE,Federal Contract Tower,0,15,1,2,18,0,4,4,2,10,0,19,5,4,28,6,5,11,39
01/30/2020,PDT,OR,ANM,WE,Federal Contract Tower,0,8,4,0,12,0,0,5,3,8,0,8,9,3,20,4,12,16,36
01/31/2020,PDT,OR,ANM,WE,Federal Contract Tower,0,9,2,4,15,0,4,10,0,14,0,13,12,4,29,10,6,16,45
02/01/2020,PDT,OR,ANM,WE,Federal Contract Tower,0,12,1,0,13,0,0,0,0,0,0,12,1,0,13,4,0,4,17
02/02/2020,PDT,OR,ANM,WE,Federal Contract Tower,0,10,1,0,11,0,1,12,0,13,0,11,13,0,24,14,0,14,38
02/03/2020,PDT,OR,ANM,WE,Federal Contract Tower,0,11,3,0,14,0,6,13,0,19,0,17,16,0,33,8,0,8,41
02/04/2020,PDT,OR,ANM,WE,Federal Contract Tower,0,8,7,1,16,0,3,4,2,9,0,11,11,3,25,8,3,11,36
02/05/2020,PDT,OR,ANM,WE,Federal Contract Tower,0,9,0,0,9,0,1,1,5,7,0,10,1,5,16,4,14,18,34
02/06/2020,PDT,OR,ANM,WE,Federal Contract Tower,0,11,5,1,17,0,3,1,8,12,0,14,6,9,29,0,7,7,36
02/07/2020,PDT,OR,ANM,WE,Federal Contract Tower,0,11,1,0,12,0,1,32,10,43,0,12,33,10,55,25,0,25,80
02/08/2020,PDT,OR,ANM,WE,Federal Contract Tower,0,6,0,0,6,0,0,2,5,7,0,6,2,5,13,0,0,0,13
02/09/2020,PDT,OR,ANM,WE,Federal Contract Tower,0,8,0,0,8,0,1,29,7,37,0,9,29,7,45,16,0,16,61
02/10/2020,PDT,OR,ANM,WE,Federal Contract Tower,0,7,0,0,7,0,3,21,4,28,0,10,21,4,35,8,2,10,45
02/11/2020,PDT,OR,ANM,WE,Federal Contract Tower,0,12,0,0,12,0,4,18,1,23,0,16,18,1,35,6,0,6,41
02/12/2020,PDT,OR,ANM,WE,Federal Contract Tower,0,7,0,0,7,0,7,12,2,21,0,14,12,2,28,29,1,30,58
02/13/2020,PDT,OR,ANM,WE,Federal Contract Tower,0,7,2,0,9,0,6,12,2,20,0,13,14,2,29,6,9,15,44
02/14/2020,PDT,OR,ANM,WE,Federal Contract Tower,0,11,2,2,15,0,5,8,4,17,0,16,10,6,32,6,0,6,38
02/15/2020,PDT,OR,ANM,WE,Federal Contract Tower,0,8,0,0,8,0,0,10,0,10,0,8,10,0,18,6,0,6,24
02/16/2020,PDT,OR,ANM,WE,Federal Contract Tower,0,9,1,0,10,0,1,1,2,4,0,10,2,2,14,0,0,0,14
02/17/2020,PDT,OR,ANM,WE,Federal Contract Tower,0,5,0,0,5,0,0,6,0,6,0,5,6,0,11,4,0,4,15
02/18/2020,PDT,OR,ANM,WE,Federal Contract Tower,0,10,3,0,13,0,6,17,4,27,0,16,20,4,40,22,7,29,69
02/19/2020,PDT,OR,ANM,WE,Federal Contract Tower,0,6,2,1,9,0,5,27,2,34,0,11,29,3,43,40,5,45,88
02/20/2020,PDT,OR,ANM,WE,Federal Contract Tower,0,8,1,1,10,0,4,20,9,33,0,12,21,10,43,46,0,46,89
02/21/2020,PDT,OR,ANM,WE,Federal Contract Tower,0,12,0,1,13,0,3,14,3,20,0,15,14,4,33,24,4,28,61
02/22/2020,PDT,OR,ANM,WE,Federal Contract Tower,0,6,1,0,7,0,2,22,0,24,0,8,23,0,31,20,0,20,51
02/23/2020,PDT,OR,ANM,WE,Federal Contract Tower,0,4,1,0,5,0,2,1,0,3,0,6,2,0,8,4,0,4,12
02/24/2020,PDT,OR,ANM,WE,Federal Contract Tower,0,12,0,2,14,0,0,4,4,8,0,12,4,6,22,0,22,22,44
02/25/2020,PDT,OR,ANM,WE,Federal Contract Tower,0,13,5,0,18,0,6,14,4,24,0,19,19,4,42,50,17,67,109
02/26/2020,PDT,OR,ANM,WE,Federal Contract Tower,0,15,0,0,15,0,4,13,7,24,0,19,13,7,39,15,5,20,59
02/27/2020,PDT,OR,ANM,WE,Federal Contract Tower,0,8,1,4,13,0,4,29,8,41,0,12,30,12,54,52,0,52,106
02/28/2020,PDT,OR,ANM,WE,Federal Contract Tower,0,13,0,0,13,0,6,24,5,35,0,19,24,5,48,32,0,32,80
02/29/2020,PDT,OR,ANM,WE,Federal Contract Tower,0,8,1,0,9,0,0,0,0,0,0,8,1,0,9,0,0,0,9
03/01/2020,PDT,OR,ANM,WE,Federal Contract Tower,0,8,2,0,10,0,2,12,0,14,0,10,14,0,24,6,0,6,30
03/02/2020,PDT,OR,ANM,WE,Federal Contract Tower,0,10,0,0,10,0,5,0,9,14,0,15,0,9,24,0,4,4,28
03/03/2020,PDT,OR,ANM,WE,Federal Contract Tower,0,10,0,0,10,0,2,9,5,16,0,12,9,5,26,4,0,4,30
03/04/2020,PDT,OR,ANM,WE,Federal Contract Tower,0,8,0,0,8,0,6,12,5,23,0,14,12,5,31,10,4,14,45
03/05/2020,PDT,OR,ANM,WE,Federal Contract Tower,0,7,3,0,10,0,8,21,0,29,0,15,24,0,39,40,2,42,81
03/06/2020,PDT,OR,ANM,WE,Federal Contract Tower,0,9,2,0,11,0,4,14,4,22,0,13,16,4,33,14,0,14,47
03/07/2020,PDT,OR,ANM,WE,Federal Contract Tower,0,5,0,0,5,0,0,2,2,4,0,5,2,2,9,0,2,2,11
03/08/2020,PDT,OR,ANM,WE,Federal Contract Tower,0,0,3,0,3,0,6,25,3,34,0,6,28,3,37,14,6,20,57
03/09/2020,PDT,OR,ANM,WE,Federal Contract Tower,0,8,0,0,8,0,0,8,0,8,0,8,8,0,16,6,0,6,22
03/10/2020,PDT,OR,ANM,WE,Federal Contract Tower,0,11,1,0,12,0,4,22,0,26,0,15,23,0,38,10,0,10,48
03/11/2020,PDT,OR,ANM,WE,Federal Contract Tower,0,8,4,0,12,0,4,7,0,11,0,12,11,0,23,2,0,2,25
03/13/2020,PDT,OR,ANM,WE,Federal Contract Tower,0,9,3,0,12,0,6,7,0,13,0,15,10,0,25,18,0,18,43
03/14/2020,PDT,OR,ANM,WE,Federal Contract Tower,0,10,0,0,10,0,2,0,0,2,0,12,0,0,12,0,0,0,12
03/15/2020,PDT,OR,ANM,WE,Federal Contract Tower,0,10,0,0,10,0,2,0,0,2,0,12,0,0,12,0,0,0,12
03/16/2020,PDT,OR,ANM,WE,Federal Contract Tower,0,10,0,0,10,0,8,4,0,12,0,18,4,0,22,18,0,18,40
03/17/2020,PDT,OR,ANM,WE,Federal Contract Tower,0,10,1,0,11,0,6,12,0,18,0,16,13,0,29,73,0,73,102
03/18/2020,PDT,OR,ANM,WE,Federal Contract Tower,0,9,0,4,13,0,2,26,1,29,0,11,26,5,42,38,4,42,84
03/19/2020,PDT,OR,ANM,WE,Federal Contract Tower,0,8,1,0,9,0,3,33,3,39,0,11,34,3,48,31,0,31,79
03/20/2020,PDT,OR,ANM,WE,Federal Contract Tower,0,11,3,0,14,0,9,16,0,25,0,20,19,0,39,47,0,47,86
03/21/2020,PDT,OR,ANM,WE,Federal Contract Tower,0,6,0,0,6,0,3,8,0,11,0,9,8,0,17,10,0,10,27
03/22/2020,PDT,OR,ANM,WE,Federal Contract Tower,0,8,7,0,15,0,5,13,0,18,0,13,20,0,33,6,0,6,39
03/23/2020,PDT,OR,ANM,WE,Federal Contract Tower,0,9,0,0,9,0,1,4,0,5,0,10,4,0,14,4,0,4,18
03/24/2020,PDT,OR,ANM,WE,Federal Contract Tower,0,13,0,0,13,0,1,8,0,9,0,14,8,0,22,25,0,25,47
03/25/2020,PDT,OR,ANM,WE,Federal Contract Tower,0,9,2,0,11,0,5,1,2,8,0,14,3,2,19,4,0,4,23
03/26/2020,PDT,OR,ANM,WE,Federal Contract Tower,0,9,0,0,9,0,2,3,0,5,0,11,3,0,14,0,0,0,14
03/27/2020,PDT,OR,ANM,WE,Federal Contract Tower,0,10,0,0,10,0,1,16,0,17,0,11,16,0,27,0,0,0,27
03/28/2020,PDT,OR,ANM,WE,Federal Contract Tower,0,4,3,0,7,0,1,7,0,8,0,5,10,0,15,24,0,24,39
03/29/2020,PDT,OR,ANM,WE,Federal Contract Tower,0,8,0,0,8,0,1,3,0,4,0,9,3,0,12,0,0,0,12
03/30/2020,PDT,OR,ANM,WE,Federal Contract Tower,0,3,0,0,3,0,0,0,1,1,0,3,0,1,4,0,0,0,4
03/31/2020,PDT,OR,ANM,WE,Federal Contract Tower,0,7,0,0,7,0,2,0,1,3,0,9,0,1,10,0,0,0,10
04/01/2020,PDT,OR,ANM,WE,Federal Contract Tower,0,9,2,0,11,0,2,0,4,6,0,11,2,4,17,4,4,8,25
04/02/2020,PDT,OR,ANM,WE,Federal Contract Tower,0,10,0,0,10,0,1,8,3,12,0,11,8,3,22,19,0,19,41
04/03/2020,PDT,OR,ANM,WE,Federal Contract Tower,0,12,4,0,16,0,4,3,0,7,0,16,7,0,23,0,0,0,23
04/04/2020,PDT,OR,ANM,WE,Federal Contract Tower,0,10,0,0,10,0,2,14,0,16,0,12,14,0,26,30,0,30,56
04/05/2020,PDT,OR,ANM,WE,Federal Contract Tower,0,8,0,0,8,0,0,4,0,4,0,8,4,0,12,10,0,10,22
04/06/2020,PDT,OR,ANM,WE,Federal Contract Tower,0,10,1,0,11,0,3,5,0,8,0,13,6,0,19,45,0,45,64
04/07/2020,PDT,OR,ANM,WE,Federal Contract Tower,0,9,0,0,9,0,7,2,1,10,0,16,2,1,19,12,1,13,32
04/08/2020,PDT,OR,ANM,WE,Federal Contract Tower,0,9,0,0,9,0,3,20,1,24,0,12,20,1,33,48,0,48,81
04/09/2020,PDT,OR,ANM,WE,Federal Contract Tower,0,10,0,0,10,0,3,16,2,21,0,13,16,2,31,6,0,6,37
04/10/2020,PDT,OR,ANM,WE,Federal Contract Tower,0,10,0,0,10,0,4,2,0,6,0,14,2,0,16,14,0,14,30
04/11/2020,PDT,OR,ANM,WE,Federal Contract Tower,0,2,0,0,2,0,1,2,0,3,0,3,2,0,5,4,0,4,9
04/12/2020,PDT,OR,ANM,WE,Federal Contract Tower,0,8,0,0,8,0,0,13,0,13,0,8,13,0,21,24,0,24,45
04/13/2020,PDT,OR,ANM,WE,Federal Contract Tower,0,7,2,0,9,0,1,7,2,10,0,8,9,2,19,8,0,8,27
04/14/2020,PDT,OR,ANM,WE,Federal Contract Tower,0,9,0,0,9,0,2,6,1,9,0,11,6,1,18,40,0,40,58
04/15/2020,PDT,OR,ANM,WE,Federal Contract Tower,0,9,0,0,9,0,2,4,1,7,0,11,4,1,16,0,0,0,16
04/16/2020,PDT,OR,ANM,WE,Federal Contract Tower,0,9,0,0,9,0,3,12,4,19,0,12,12,4,28,14,4,18,46
04/17/2020,PDT,OR,ANM,WE,Federal Contract Tower,0,11,0,0,11,0,7,18,3,28,0,18,18,3,39,18,0,18,57
04/18/2020,PDT,OR,ANM,WE,Federal Contract Tower,0,2,0,0,2,0,5,16,0,21,0,7,16,0,23,4,0,4,27
04/19/2020,PDT,OR,ANM,WE,Federal Contract Tower,0,8,4,0,12,0,0,2,0,2,0,8,6,0,14,0,0,0,14
04/20/2020,PDT,OR,ANM,WE,Federal Contract Tower,0,8,2,0,10,0,7,10,1,18,0,15,12,1,28,0,2,2,30
04/21/2020,PDT,OR,ANM,WE,Federal Contract Tower,0,10,0,0,10,0,3,1,3,7,0,13,1,3,17,0,1,1,18
04/22/2020,PDT,OR,ANM,WE,Federal Contract Tower,0,11,0,0,11,0,1,4,6,11,0,12,4,6,22,10,2,12,34
04/23/2020,PDT,OR,ANM,WE,Federal Contract Tower,0,10,2,0,12,0,4,3,0,7,0,14,5,0,19,2,0,2,21
04/24/2020,PDT,OR,ANM,WE,Federal Contract Tower,0,9,0,0,9,0,5,23,0,28,0,14,23,0,37,14,0,14,51
04/25/2020,PDT,OR,ANM,WE,Federal Contract Tower,0,1,0,0,1,0,0,3,0,3,0,1,3,0,4,17,0,17,21
04/26/2020,PDT,OR,ANM,WE,Federal Contract Tower,0,8,1,0,9,0,4,18,0,22,0,12,19,0,31,10,0,10,41
04/27/2020,PDT,OR,ANM,WE,Federal Contract Tower,0,10,0,0,10,0,1,2,0,3,0,11,2,0,13,0,0,0,13
04/28/2020,PDT,OR,ANM,WE,Federal Contract Tower,0,11,2,0,13,0,3,24,2,29,0,14,26,2,42,22,2,24,66
04/29/2020,PDT,OR,ANM,WE,Federal Contract Tower,0,9,0,0,9,0,2,6,2,10,0,11,6,2,19,8,1,9,28
04/30/2020,PDT,OR,ANM,WE,Federal Contract Tower,0,12,0,0,12,0,2,2,0,4,0,14,2,0,16,0,4,4,20
05/01/2020,PDT,OR,ANM,WE,Federal Contract Tower,0,9,0,0,9,0,9,12,1,22,0,18,12,1,31,32,0,32,63
05/02/2020,PDT,OR,ANM,WE,Federal Contract Tower,0,2,0,0,2,0,1,0,0,1,0,3,0,0,3,2,0,2,5
05/03/2020,PDT,OR,ANM,WE,Federal Contract Tower,0,5,2,0,7,0,2,9,0,11,0,7,11,0,18,26,0,26,44
05/04/2020,PDT,OR,ANM,WE,Federal Contract Tower,0,1,0,0,1,0,1,17,5,23,0,2,17,5,24,8,0,8,32
05/05/2020,PDT,OR,ANM,WE,Federal Contract Tower,0,10,0,0,10,0,2,5,2,9,0,12,5,2,19,8,0,8,27
05/06/2020,PDT,OR,ANM,WE,Federal Contract Tower,0,10,0,0,10,0,5,3,24,32,0,15,3,24,42,0,0,0,42
05/07/2020,PDT,OR,ANM,WE,Federal Contract Tower,0,6,0,0,6,0,1,16,0,17,0,7,16,0,23,9,0,9,32
05/08/2020,PDT,OR,ANM,WE,Federal Contract Tower,0,1,2,0,3,0,5,14,0,19,0,6,16,0,22,16,0,16,38
05/09/2020,PDT,OR,ANM,WE,Federal Contract Tower,0,8,0,0,8,0,1,6,0,7,0,9,6,0,15,2,0,2,17
05/10/2020,PDT,OR,ANM,WE,Federal Contract Tower,0,8,0,0,8,0,2,9,0,11,0,10,9,0,19,2,0,2,21
05/11/2020,PDT,OR,ANM,WE,Federal Contract Tower,0,10,0,0,10,0,2,13,0,15,0,12,13,0,25,4,0,4,29
05/12/2020,PDT,OR,ANM,WE,Federal Contract Tower,0,12,0,0,12,0,0,3,0,3,0,12,3,0,15,0,0,0,15
05/13/2020,PDT,OR,ANM,WE,Federal Contract Tower,0,10,3,0,13,0,1,8,2,11,0,11,11,2,24,0,0,0,24
05/14/2020,PDT,OR,ANM,WE,Federal Contract Tower,0,6,0,0,6,0,1,7,0,8,0,7,7,0,14,0,0,0,14
05/15/2020,PDT,OR,ANM,WE,Federal Contract Tower,0,9,0,0,9,0,2,20,0,22,0,11,20,0,31,18,0,18,49
05/16/2020,PDT,OR,ANM,WE,Federal Contract Tower,0,2,0,0,2,0,5,8,0,13,0,7,8,0,15,6,0,6,21
05/17/2020,PDT,OR,ANM,WE,Federal Contract Tower,0,10,2,0,12,0,0,11,0,11,0,10,13,0,23,8,0,8,31
05/18/2020,PDT,OR,ANM,WE,Federal Contract Tower,0,10,0,0,10,0,3,8,0,11,0,13,8,0,21,10,0,10,31
05/19/2020,PDT,OR,ANM,WE,Federal Contract Tower,0,11,0,0,11,0,0,11,0,11,0,11,11,0,22,4,0,4,26
05/20/2020,PDT,OR,ANM,WE,Federal Contract Tower,0,12,0,0,12,0,2,3,0,5,0,14,3,0,17,0,0,0,17
05/21/2020,PDT,OR,ANM,WE,Federal Contract Tower,0,10,1,0,11,0,2,3,0,5,0,12,4,0,16,2,0,2,18
05/22/2020,PDT,OR,ANM,WE,Federal Contract Tower,0,11,2,0,13,0,3,11,0,14,0,14,13,0,27,22,0,22,49
05/23/2020,PDT,OR,ANM,WE,Federal Contract Tower,0,2,0,0,2,0,2,16,0,18,0,4,16,0,20,34,0,34,54
05/24/2020,PDT,OR,ANM,WE,Federal Contract Tower,0,8,0,0,8,0,0,32,0,32,0,8,32,0,40,40,0,40,80
05/25/2020,PDT,OR,ANM,WE,Federal Contract Tower,0,8,1,0,9,0,1,36,0,37,0,9,37,0,46,0,0,0,46
05/26/2020,PDT,OR,ANM,WE,Federal Contract Tower,0,10,0,0,10,0,2,8,0,10,0,12,8,0,20,18,0,18,38
05/27/2020,PDT,OR,ANM,WE,Federal Contract Tower,0,11,0,0,11,0,6,21,0,27,0,17,21,0,38,20,0,20,58
05/28/2020,PDT,OR,ANM,WE,Federal Contract Tower,0,11,0,0,11,0,4,25,0,29,0,15,25,0,40,4,0,4,44
05/29/2020,PDT,OR,ANM,WE,Federal Contract Tower,0,11,1,0,12,0,3,15,0,18,0,14,16,0,30,12,0,12,42
05/30/2020,PDT,OR,ANM,WE,Federal Contract Tower,0,2,0,0,2,0,0,7,0,7,0,2,7,0,9,4,0,4,13
05/31/2020,PDT,OR,ANM,WE,Federal Contract Tower,0,8,1,0,9,0,1,11,0,12,0,9,12,0,21,10,0,10,31
06/01/2020,PDT,OR,ANM,WE,Federal Contract Tower,0,9,0,0,9,0,0,0,0,0,0,9,0,0,9,32,0,32,41
06/02/2020,PDT,OR,ANM,WE,Federal Contract Tower,0,12,0,0,12,0,1,24,0,25,0,13,24,0,37,27,0,27,64
06/03/2020,PDT,OR,ANM,WE,Federal Contract Tower,0,11,2,0,13,0,3,33,0,36,0,14,35,0,49,22,0,22,71
06/04/2020,PDT,OR,ANM,WE,Federal Contract Tower,0,15,0,0,15,0,5,8,0,13,0,20,8,0,28,10,0,10,38
06/05/2020,PDT,OR,ANM,WE,Federal Contract Tower,0,13,0,0,13,0,0,15,0,15,0,13,15,0,28,16,0,16,44
06/06/2020,PDT,OR,ANM,WE,Federal Contract Tower,0,2,3,0,5,0,0,6,0,6,0,2,9,0,11,16,0,16,27
06/07/2020,PDT,OR,ANM,WE,Federal Contract Tower,0,10,3,0,13,0,1,1,0,2,0,11,4,0,15,0,0,0,15
06/08/2020,PDT,OR,ANM,WE,Federal Contract Tower,0,9,0,0,9,0,1,2,0,3,0,10,2,0,12,0,0,0,12
06/09/2020,PDT,OR,ANM,WE,Federal Contract Tower,0,11,0,0,11,0,0,11,0,11,0,11,11,0,22,8,0,8,30
06/10/2020,PDT,OR,ANM,WE,Federal Contract Tower,0,12,0,0,12,0,2,20,0,22,0,14,20,0,34,42,0,42,76
06/11/2020,PDT,OR,ANM,WE,Federal Contract Tower,0,9,0,0,9,0,6,9,0,15,0,15,9,0,24,24,0,24,48
06/12/2020,PDT,OR,ANM,WE,Federal Contract Tower,0,13,0,0,13,0,1,18,0,19,0,14,18,0,32,16,0,16,48
06/13/2020,PDT,OR,ANM,WE,Federal Contract Tower,0,2,1,0,3,0,4,8,0,12,0,6,9,0,15,0,0,0,15
06/14/2020,PDT,OR,ANM,WE,Federal Contract Tower,0,8,2,0,10,0,0,6,0,6,0,8,8,0,16,8,0,8,24
06/15/2020,PDT,OR,ANM,WE,Federal Contract Tower,0,10,2,0,12,0,3,9,0,12,0,13,11,0,24,0,0,0,24
06/16/2020,PDT,OR,ANM,WE,Federal Contract Tower,0,10,4,0,14,0,3,12,0,15,0,13,16,0,29,50,0,50,79
06/17/2020,PDT,OR,ANM,WE,Federal Contract Tower,0,9,0,0,9,0,3,15,0,18,0,12,15,0,27,23,0,23,50
06/18/2020,PDT,OR,ANM,WE,Federal Contract Tower,0,12,3,0,15,0,6,17,0,23,0,18,20,0,38,42,0,42,80
06/19/2020,PDT,OR,ANM,WE,Federal Contract Tower,0,10,1,0,11,0,2,19,0,21,0,12,20,0,32,28,0,28,60
06/20/2020,PDT,OR,ANM,WE,Federal Contract Tower,0,4,4,0,8,0,4,12,0,16,0,8,16,0,24,12,0,12,36
06/21/2020,PDT,OR,ANM,WE,Federal Contract Tower,0,8,0,0,8,0,0,6,0,6,0,8,6,0,14,4,0,4,18
06/22/2020,PDT,OR,ANM,WE,Federal Contract Tower,0,9,0,3,12,0,1,20,1,22,0,10,20,4,34,28,0,28,62
06/23/2020,PDT,OR,ANM,WE,Federal Contract Tower,0,10,0,0,10,0,3,7,2,12,0,13,7,2,22,39,0,39,61
06/24/2020,PDT,OR,ANM,WE,Federal Contract Tower,0,11,2,0,13,0,3,9,0,12,0,14,11,0,25,25,4,29,54
06/25/2020,PDT,OR,ANM,WE,Federal Contract Tower,0,10,1,0,11,0,6,26,1,33,0,16,27,1,44,36,4,40,84
06/27/2020,PDT,OR,ANM,WE,Federal Contract Tower,0,2,0,0,2,0,1,4,0,5,0,3,4,0,7,0,0,0,7
06/28/2020,PDT,OR,ANM,WE,Federal Contract Tower,0,8,0,0,8,0,2,7,0,9,0,10,7,0,17,2,0,2,19
06/29/2020,PDT,OR,ANM,WE,Federal Contract Tower,0,9,0,0,9,0,6,9,0,15,0,15,9,0,24,2,0,2,26
06/30/2020,PDT,OR,ANM,WE,Federal Contract Tower,0,9,2,0,11,0,4,2,0,6,0,13,4,0,17,4,0,4,21
07/01/2020,PDT,OR,ANM,WE,Federal Contract Tower,0,13,0,0,13,0,4,3,1,8,0,17,3,1,21,0,0,0,21
07/02/2020,PDT,OR,ANM,WE,Federal Contract Tower,0,11,0,0,11,0,2,11,0,13,0,13,11,0,24,8,0,8,32
07/03/2020,PDT,OR,ANM,WE,Federal Contract Tower,0,10,4,0,14,0,4,8,0,12,0,14,12,0,26,0,0,0,26
07/04/2020,PDT,OR,ANM,WE,Federal Contract Tower,0,2,3,0,5,0,2,19,0,21,0,4,22,0,26,36,0,36,62
07/05/2020,PDT,OR,ANM,WE,Federal Contract Tower,0,8,0,0,8,0,6,16,0,22,0,14,16,0,30,10,0,10,40
07/06/2020,PDT,OR,ANM,WE,Federal Contract Tower,0,12,3,2,17,0,1,20,0,21,0,13,23,2,38,31,6,37,75
07/07/2020,PDT,OR,ANM,WE,Federal Contract Tower,0,7,6,0,13,0,1,0,0,1,0,8,6,0,14,0,0,0,14
07/08/2020,PDT,OR,ANM,WE,Federal Contract Tower,0,10,9,0,19,0,2,10,0,12,0,12,19,0,31,28,0,28,59
07/09/2020,PDT,OR,ANM,WE,Federal Contract Tower,0,9,1,0,10,0,5,16,0,21,0,14,17,0,31,32,0,32,63
07/10/2020,PDT,OR,ANM,WE,Federal Contract Tower,0,10,7,0,17,0,3,33,0,36,0,13,40,0,53,42,0,42,95
07/11/2020,PDT,OR,ANM,WE,Federal Contract Tower,0,2,0,0,2,0,2,6,0,8,0,4,6,0,10,10,0,10,20
07/12/2020,PDT,OR,ANM,WE,Federal Contract Tower,0,8,0,0,8,0,7,14,0,21,0,15,14,0,29,2,0,2,31
07/13/2020,PDT,OR,ANM,WE,Federal Contract Tower,0,8,3,0,11,0,7,12,1,20,0,15,15,1,31,10,0,10,41
07/14/2020,PDT,OR,ANM,WE,Federal Contract Tower,0,7,0,0,7,0,4,9,0,13,0,11,9,0,20,18,0,18,38
07/15/2020,PDT,OR,ANM,WE,Federal Contract Tower,0,12,1,0,13,0,4,9,0,13,0,16,10,0,26,12,0,12,38
07/16/2020,PDT,OR,ANM,WE,Federal Contract Tower,0,9,0,0,9,0,5,15,0,20,0,14,15,0,29,10,0,10,39
07/17/2020,PDT,OR,ANM,WE,Federal Contract Tower,0,14,2,0,16,0,6,15,0,21,0,20,17,0,37,2,0,2,39
07/18/2020,PDT,OR,ANM,WE,Federal Contract Tower,0,2,2,0,4,0,3,25,2,30,0,5,27,2,34,12,0,12,46
07/19/2020,PDT,OR,ANM,WE,Federal Contract Tower,0,9,2,0,11,0,4,13,0,17,0,13,15,0,28,16,0,16,44
07/20/2020,PDT,OR,ANM,WE,Federal Contract Tower,0,9,4,0,13,0,3,8,0,11,0,12,12,0,24,8,0,8,32
07/21/2020,PDT,OR,ANM,WE,Federal Contract Tower,0,9,0,0,9,0,8,7,0,15,0,17,7,0,24,10,0,10,34
07/22/2020,PDT,OR,ANM,WE,Federal Contract Tower,0,7,8,0,15,0,5,12,0,17,0,12,20,0,32,16,0,16,48
07/23/2020,PDT,OR,ANM,WE,Federal Contract Tower,0,15,2,0,17,0,5,14,0,19,0,20,16,0,36,26,0,26,62
07/24/2020,PDT,OR,ANM,WE,Federal Contract Tower,0,13,3,0,16,0,2,8,0,10,0,15,11,0,26,14,0,14,40
07/25/2020,PDT,OR,ANM,WE,Federal Contract Tower,0,2,3,0,5,0,15,18,0,33,0,17,21,0,38,4,0,4,42
07/26/2020,PDT,OR,ANM,WE,Federal Contract Tower,0,8,2,0,10,0,11,6,0,17,0,19,8,0,27,6,0,6,33
07/27/2020,PDT,OR,ANM,WE,Federal Contract Tower,0,8,4,0,12,0,5,10,4,19,0,13,14,4,31,14,8,22,53
07/28/2020,PDT,OR,ANM,WE,Federal Contract Tower,0,8,4,2,14,0,5,29,2,36,0,13,33,4,50,22,4,26,76
07/29/2020,PDT,OR,ANM,WE,Federal Contract Tower,0,8,0,0,8,0,3,25,2,30,0,11,25,2,38,46,0,46,84
07/30/2020,PDT,OR,ANM,WE,Federal Contract Tower,0,7,3,0,10,0,4,22,0,26,0,11,25,0,36,36,0,36,72
07/31/2020,PDT,OR,ANM,WE,Federal Contract Tower,0,10,1,0,11,0,5,10,0,15,0,15,11,0,26,18,0,18,44
08/01/2020,PDT,OR,ANM,WE,Federal Contract Tower,0,2,0,0,2,0,3,9,3,15,0,5,9,3,17,18,0,18,35
08/02/2020,PDT,OR,ANM,WE,Federal Contract Tower,0,8,3,1,12,0,4,7,0,11,0,12,10,1,23,8,0,8,31
08/03/2020,PDT,OR,ANM,WE,Federal Contract Tower,0,10,4,0,14,0,2,13,10,25,0,12,17,10,39,26,0,26,65
08/04/2020,PDT,OR,ANM,WE,Federal Contract Tower,0,6,9,0,15,0,6,18,0,24,0,12,27,0,39,30,0,30,69
08/05/2020,PDT,OR,ANM,WE,Federal Contract Tower,0,9,0,3,12,0,3,19,5,27,0,12,19,8,39,32,0,32,71
08/06/2020,PDT,OR,ANM,WE,Federal Contract Tower,0,7,1,0,8,0,4,6,0,10,0,11,7,0,18,0,0,0,18
08/07/2020,PDT,OR,ANM,WE,Federal Contract Tower,0,9,11,1,21,0,6,30,2,38,0,15,41,3,59,32,0,32,91
08/08/2020,PDT,OR,ANM,WE,Federal Contract Tower,0,2,1,0,3,0,4,14,0,18,0,6,15,0,21,8,0,8,29
08/09/2020,PDT,OR,ANM,WE,Federal Contract Tower,0,10,2,0,12,0,3,15,4,22,0,13,17,4,34,16,0,16,50
08/10/2020,PDT,OR,ANM,WE,Federal Contract Tower,0,9,3,0,12,0,4,5,2,11,0,13,8,2,23,16,0,16,39
08/11/2020,PDT,OR,ANM,WE,Federal Contract Tower,0,9,1,0,10,0,5,5,0,10,0,14,6,0,20,10,0,10,30
08/12/2020,PDT,OR,ANM,WE,Federal Contract Tower,0,9,4,0,13,0,5,16,0,21,0,14,20,0,34,20,0,20,54
08/13/2020,PDT,OR,ANM,WE,Federal Contract Tower,0,7,2,0,9,0,2,17,0,19,0,9,19,0,28,14,2,16,44
08/14/2020,PDT,OR,ANM,WE,Federal Contract Tower,0,10,0,0,10,0,4,13,0,17,0,14,13,0,27,8,2,10,37
08/15/2020,PDT,OR,ANM,WE,Federal Contract Tower,0,3,2,0,5,0,3,15,0,18,0,6,17,0,23,2,0,2,25
08/16/2020,PDT,OR,ANM,WE,Federal Contract Tower,0,8,5,0,13,0,2,6,0,8,0,10,11,0,21,0,0,0,21
08/17/2020,PDT,OR,ANM,WE,Federal Contract Tower,0,9,1,1,11,0,4,6,1,11,0,13,7,2,22,10,0,10,32
08/18/2020,PDT,OR,ANM,WE,Federal Contract Tower,0,7,0,1,8,0,3,3,3,9,0,10,3,4,17,12,2,14,31
08/19/2020,PDT,OR,ANM,WE,Federal Contract Tower,0,8,0,0,8,0,1,11,0,12,0,9,11,0,20,17,0,17,37
08/20/2020,PDT,OR,ANM,WE,Federal Contract Tower,0,8,6,0,14,0,5,31,0,36,0,13,37,0,50,34,0,34,84
08/21/2020,PDT,OR,ANM,WE,Federal Contract Tower,0,11,0,0,11,0,5,34,0,39,0,16,34,0,50,6,0,6,56
08/22/2020,PDT,OR,ANM,WE,Federal Contract Tower,0,2,1,0,3,0,4,35,2,41,0,6,36,2,44,10,0,10,54
08/23/2020,PDT,OR,ANM,WE,Federal Contract Tower,0,8,1,0,9,0,1,36,0,37,0,9,37,0,46,26,0,26,72
08/24/2020,PDT,OR,ANM,WE,Federal Contract Tower,0,9,5,0,14,0,2,26,0,28,0,11,31,0,42,35,0,35,77
08/25/2020,PDT,OR,ANM,WE,Federal Contract Tower,0,9,1,0,10,0,4,24,0,28,0,13,25,0,38,39,4,43,81
08/26/2020,PDT,OR,ANM,WE,Federal Contract Tower,0,7,1,0,8,0,6,35,1,42,0,13,36,1,50,45,0,45,95
08/27/2020,PDT,OR,ANM,WE,Federal Contract Tower,0,9,2,0,11,0,3,19,2,24,0,12,21,2,35,36,0,36,71
08/28/2020,PDT,OR,ANM,WE,Federal Contract Tower,0,9,0,0,9,0,5,12,6,23,0,14,12,6,32,42,0,42,74
08/29/2020,PDT,OR,ANM,WE,Federal Contract Tower,0,2,1,0,3,0,2,14,0,16,0,4,15,0,19,16,0,16,35
08/30/2020,PDT,OR,ANM,WE,Federal Contract Tower,0,7,0,0,7,0,3,18,0,21,0,10,18,0,28,30,0,30,58
08/31/2020,PDT,OR,ANM,WE,Federal Contract Tower,0,1,7,0,8,0,4,13,0,17,0,5,20,0,25,24,0,24,49
09/01/2020,PDT,OR,ANM,WE,Federal Contract Tower,0,9,2,0,11,0,3,24,0,27,0,12,26,0,38,28,0,28,66
09/02/2020,PDT,OR,ANM,WE,Federal Contract Tower,0,10,0,0,10,0,1,25,0,26,0,11,25,0,36,47,0,47,83
09/03/2020,PDT,OR,ANM,WE,Federal Contract Tower,0,10,5,0,15,0,0,16,0,16,0,10,21,0,31,20,0,20,51
09/04/2020,PDT,OR,ANM,WE,Federal Contract Tower,0,10,5,0,15,0,4,16,0,20,0,14,21,0,35,4,0,4,39
09/05/2020,PDT,OR,ANM,WE,Federal Contract Tower,0,10,0,0,10,0,5,9,0,14,0,15,9,0,24,7,0,7,31
09/06/2020,PDT,OR,ANM,WE,Federal Contract Tower,0,8,1,0,9,0,6,0,0,6,0,14,1,0,15,4,0,4,19
09/07/2020,PDT,OR,ANM,WE,Federal Contract Tower,0,12,0,0,12,0,0,13,0,13,0,12,13,0,25,0,0,0,25
09/08/2020,PDT,OR,ANM,WE,Federal Contract Tower,0,5,2,0,7,0,1,20,0,21,0,6,22,0,28,23,0,23,51
09/09/2020,PDT,OR,ANM,WE,Federal Contract Tower,0,10,2,0,12,0,4,14,0,18,0,14,16,0,30,82,0,82,112
09/10/2020,PDT,OR,ANM,WE,Federal Contract Tower,0,12,4,0,16,0,6,4,0,10,0,18,8,0,26,42,0,42,68
09/11/2020,PDT,OR,ANM,WE,Federal Contract Tower,0,6,4,0,10,0,0,1,0,1,0,6,5,0,11,12,0,12,23
09/12/2020,PDT,OR,ANM,WE,Federal Contract Tower,0,1,6,0,7,0,0,0,0,0,0,1,6,0,7,0,0,0,7
09/13/2020,PDT,OR,ANM,WE,Federal Contract Tower,0,0,0,0,0,0,0,0,0,0,0,0,0,0,0,0,0,0,0
09/14/2020,PDT,OR,ANM,WE,Federal Contract Tower,0,0,7,0,7,0,0,0,0,0,0,0,7,0,7,0,0,0,7
09/15/2020,PDT,OR,ANM,WE,Federal Contract Tower,0,6,3,0,9,0,0,0,0,0,0,6,3,0,9,0,0,0,9
09/16/2020,PDT,OR,ANM,WE,Federal Contract Tower,0,9,4,0,13,0,0,0,0,0,0,9,4,0,13,0,0,0,13
09/17/2020,PDT,OR,ANM,WE,Federal Contract Tower,0,12,4,0,16,0,0,0,0,0,0,12,4,0,16,0,0,0,16
09/18/2020,PDT,OR,ANM,WE,Federal Contract Tower,0,18,5,0,23,0,0,0,0,0,0,18,5,0,23,0,0,0,23
09/19/2020,PDT,OR,ANM,WE,Federal Contract Tower,0,2,0,0,2,0,5,5,0,10,0,7,5,0,12,37,0,37,49
09/20/2020,PDT,OR,ANM,WE,Federal Contract Tower,0,8,2,0,10,0,2,15,0,17,0,10,17,0,27,28,0,28,55
09/21/2020,PDT,OR,ANM,WE,Federal Contract Tower,0,10,2,0,12,0,3,8,0,11,0,13,10,0,23,74,0,74,97
09/22/2020,PDT,OR,ANM,WE,Federal Contract Tower,0,8,4,0,12,0,6,31,0,37,0,14,35,0,49,72,0,72,121
09/23/2020,PDT,OR,ANM,WE,Federal Contract Tower,0,9,0,0,9,0,4,15,0,19,0,13,15,0,28,45,0,45,73
09/24/2020,PDT,OR,ANM,WE,Federal Contract Tower,0,8,3,0,11,0,4,3,0,7,0,12,6,0,18,7,0,7,25
09/25/2020,PDT,OR,ANM,WE,Federal Contract Tower,0,9,5,0,14,0,3,3,0,6,0,12,8,0,20,0,0,0,20
09/26/2020,PDT,OR,ANM,WE,Federal Contract Tower,0,2,2,0,4,0,4,23,0,27,0,6,25,0,31,8,0,8,39
09/27/2020,PDT,OR,ANM,WE,Federal Contract Tower,0,8,0,0,8,0,3,17,0,20,0,11,17,0,28,8,0,8,36
09/28/2020,PDT,OR,ANM,WE,Federal Contract Tower,0,11,4,0,15,0,6,19,0,25,0,17,23,0,40,50,0,50,90
09/29/2020,PDT,OR,ANM,WE,Federal Contract Tower,0,9,2,0,11,0,7,11,0,18,0,16,13,0,29,22,0,22,51
09/30/2020,PDT,OR,ANM,WE,Federal Contract Tower,0,7,12,0,19,0,3,19,0,22,0,10,31,0,41,30,0,30,71
10/01/2020,PDT,OR,ANM,WE,Federal Contract Tower,0,9,1,0,10,0,5,18,0,23,0,14,19,0,33,22,0,22,55
10/02/2020,PDT,OR,ANM,WE,Federal Contract Tower,0,10,3,0,13,0,5,14,0,19,0,15,17,0,32,24,0,24,56
10/03/2020,PDT,OR,ANM,WE,Federal Contract Tower,0,2,2,0,4,0,6,7,0,13,0,8,9,0,17,6,0,6,23
10/04/2020,PDT,OR,ANM,WE,Federal Contract Tower,0,8,1,0,9,0,4,15,0,19,0,12,16,0,28,8,0,8,36
10/05/2020,PDT,OR,ANM,WE,Federal Contract Tower,0,9,0,0,9,0,6,14,0,20,0,15,14,0,29,24,0,24,53
10/06/2020,PDT,OR,ANM,WE,Federal Contract Tower,0,7,2,0,9,0,3,19,0,22,0,10,21,0,31,49,0,49,80
10/07/2020,PDT,OR,ANM,WE,Federal Contract Tower,0,8,4,0,12,0,17,25,2,44,0,25,29,2,56,45,4,49,105
10/08/2020,PDT,OR,ANM,WE,Federal Contract Tower,0,8,3,0,11,0,7,13,0,20,0,15,16,0,31,10,0,10,41
10/09/2020,PDT,OR,ANM,WE,Federal Contract Tower,0,10,0,0,10,0,4,18,0,22,0,14,18,0,32,34,0,34,66
10/10/2020,PDT,OR,ANM,WE,Federal Contract Tower,0,2,0,0,2,0,0,3,0,3,0,2,3,0,5,0,0,0,5
10/11/2020,PDT,OR,ANM,WE,Federal Contract Tower,0,8,1,0,9,0,3,7,0,10,0,11,8,0,19,2,0,2,21
10/12/2020,PDT,OR,ANM,WE,Federal Contract Tower,0,9,0,0,9,0,1,2,0,3,0,10,2,0,12,1,0,1,13
10/13/2020,PDT,OR,ANM,WE,Federal Contract Tower,0,7,0,0,7,0,0,2,0,2,0,7,2,0,9,6,0,6,15
10/14/2020,PDT,OR,ANM,WE,Federal Contract Tower,0,10,0,0,10,0,3,14,9,26,0,13,14,9,36,5,10,15,51
10/15/2020,PDT,OR,ANM,WE,Federal Contract Tower,0,8,0,0,8,0,3,35,0,38,0,11,35,0,46,76,0,76,122
10/16/2020,PDT,OR,ANM,WE,Federal Contract Tower,0,8,1,0,9,0,8,11,0,19,0,16,12,0,28,15,0,15,43
10/17/2020,PDT,OR,ANM,WE,Federal Contract Tower,0,8,0,0,8,0,3,2,0,5,0,11,2,0,13,1,0,1,14
10/18/2020,PDT,OR,ANM,WE,Federal Contract Tower,0,9,0,0,9,0,3,2,0,5,0,12,2,0,14,0,0,0,14
10/19/2020,PDT,OR,ANM,WE,Federal Contract Tower,0,9,0,2,11,0,0,0,0,0,0,9,0,2,11,0,0,0,11
10/20/2020,PDT,OR,ANM,WE,Federal Contract Tower,0,9,4,0,13,0,2,23,0,25,0,11,27,0,38,64,0,64,102
10/21/2020,PDT,OR,ANM,WE,Federal Contract Tower,0,9,5,2,16,0,0,4,0,4,0,9,9,2,20,11,0,11,31
10/22/2020,PDT,OR,ANM,WE,Federal Contract Tower,0,8,2,0,10,0,2,24,4,30,0,10,26,4,40,56,0,56,96
10/23/2020,PDT,OR,ANM,WE,Federal Contract Tower,0,6,0,0,6,0,5,0,0,5,0,11,0,0,11,2,0,2,13
10/24/2020,PDT,OR,ANM,WE,Federal Contract Tower,0,6,0,0,6,0,0,5,0,5,0,6,5,0,11,6,0,6,17
10/25/2020,PDT,OR,ANM,WE,Federal Contract Tower,0,5,1,0,6,0,5,6,8,19,0,10,7,8,25,8,0,8,33
10/26/2020,PDT,OR,ANM,WE,Federal Contract Tower,0,8,2,0,10,0,3,4,0,7,0,11,6,0,17,20,0,20,37
10/27/2020,PDT,OR,ANM,WE,Federal Contract Tower,0,8,1,0,9,0,3,29,0,32,0,11,30,0,41,41,0,41,82
10/28/2020,PDT,OR,ANM,WE,Federal Contract Tower,0,7,4,0,11,0,3,9,0,12,0,10,13,0,23,42,0,42,65
10/29/2020,PDT,OR,ANM,WE,Federal Contract Tower,0,8,1,0,9,0,1,21,2,24,0,9,22,2,33,46,6,52,85
10/30/2020,PDT,OR,ANM,WE,Federal Contract Tower,0,6,8,3,17,0,3,16,0,19,0,9,24,3,36,4,0,4,40
10/31/2020,PDT,OR,ANM,WE,Federal Contract Tower,0,5,5,0,10,0,4,20,0,24,0,9,25,0,34,10,0,10,44
11/01/2020,PDT,OR,ANM,WE,Federal Contract Tower,0,5,7,0,12,0,1,12,0,13,0,6,19,0,25,2,0,2,27
11/02/2020,PDT,OR,ANM,WE,Federal Contract Tower,0,6,6,0,12,0,3,13,0,16,0,9,19,0,28,82,0,82,110
11/03/2020,PDT,OR,ANM,WE,Federal Contract Tower,0,9,1,0,10,0,2,2,0,4,0,11,3,0,14,40,0,40,54
11/04/2020,PDT,OR,ANM,WE,Federal Contract Tower,0,8,0,0,8,0,2,12,0,14,0,10,12,0,22,18,0,18,40
11/05/2020,PDT,OR,ANM,WE,Federal Contract Tower,0,8,2,0,10,0,1,4,0,5,0,9,6,0,15,22,0,22,37
11/06/2020,PDT,OR,ANM,WE,Federal Contract Tower,0,12,0,0,12,0,0,2,0,2,0,12,2,0,14,0,0,0,14
11/07/2020,PDT,OR,ANM,WE,Federal Contract Tower,0,5,1,0,6,0,4,3,0,7,0,9,4,0,13,0,0,0,13
11/08/2020,PDT,OR,ANM,WE,Federal Contract Tower,0,6,1,0,7,0,0,0,0,0,0,6,1,0,7,0,0,0,7
11/09/2020,PDT,OR,ANM,WE,Federal Contract Tower,0,6,0,0,6,0,3,14,1,18,0,9,14,1,24,18,0,18,42
11/10/2020,PDT,OR,ANM,WE,Federal Contract Tower,0,9,5,0,14,0,1,6,0,7,0,10,11,0,21,2,0,2,23
11/11/2020,PDT,OR,ANM,WE,Federal Contract Tower,0,8,1,0,9,0,1,6,0,7,0,9,7,0,16,46,0,46,62
11/12/2020,PDT,OR,ANM,WE,Federal Contract Tower,0,14,3,0,17,0,7,4,0,11,0,21,7,0,28,81,0,81,109
11/13/2020,PDT,OR,ANM,WE,Federal Contract Tower,0,9,2,0,11,0,0,2,0,2,0,9,4,0,13,6,0,6,19
11/14/2020,PDT,OR,ANM,WE,Federal Contract Tower,0,0,2,0,2,0,3,0,0,3,0,3,2,0,5,0,0,0,5
11/15/2020,PDT,OR,ANM,WE,Federal Contract Tower,0,1,11,0,12,0,1,3,0,4,0,2,14,0,16,0,0,0,16
11/16/2020,PDT,OR,ANM,WE,Federal Contract Tower,0,6,0,0,6,0,0,0,0,0,0,6,0,0,6,22,0,22,28
11/17/2020,PDT,OR,ANM,WE,Federal Contract Tower,0,7,3,0,10,0,2,0,0,2,0,9,3,0,12,2,0,2,14
11/18/2020,PDT,OR,ANM,WE,Federal Contract Tower,0,7,1,0,8,0,2,2,0,4,0,9,3,0,12,14,0,14,26
11/19/2020,PDT,OR,ANM,WE,Federal Contract Tower,0,8,0,0,8,0,3,8,0,11,0,11,8,0,19,6,0,6,25
11/20/2020,PDT,OR,ANM,WE,Federal Contract Tower,0,6,2,0,8,0,3,14,0,17,0,9,16,0,25,55,0,55,80
11/21/2020,PDT,OR,ANM,WE,Federal Contract Tower,0,5,7,0,12,0,2,23,0,25,0,7,30,0,37,18,0,18,55
11/22/2020,PDT,OR,ANM,WE,Federal Contract Tower,0,3,6,0,9,0,1,0,0,1,0,4,6,0,10,0,0,0,10
11/23/2020,PDT,OR,ANM,WE,Federal Contract Tower,0,6,1,0,7,0,0,7,0,7,0,6,8,0,14,2,0,2,16
11/24/2020,PDT,OR,ANM,WE,Federal Contract Tower,0,13,2,0,15,0,5,15,0,20,0,18,17,0,35,14,0,14,49
11/25/2020,PDT,OR,ANM,WE,Federal Contract Tower,0,6,1,0,7,0,1,1,0,2,0,7,2,0,9,0,0,0,9
11/26/2020,PDT,OR,ANM,WE,Federal Contract Tower,0,0,0,0,0,0,2,0,0,2,0,2,0,0,2,0,0,0,2
11/27/2020,PDT,OR,ANM,WE,Federal Contract Tower,0,11,0,0,11,0,2,16,0,18,0,13,16,0,29,20,0,20,49
11/28/2020,PDT,OR,ANM,WE,Federal Contract Tower,0,5,0,0,5,0,4,19,0,23,0,9,19,0,28,10,0,10,38
11/29/2020,PDT,OR,ANM,WE,Federal Contract Tower,0,10,2,0,12,0,13,2,0,15,0,23,4,0,27,24,0,24,51
11/30/2020,PDT,OR,ANM,WE,Federal Contract Tower,0,7,3,0,10,0,3,2,0,5,0,10,5,0,15,0,0,0,15
12/01/2020,PDT,OR,ANM,WE,Federal Contract Tower,0,7,3,0,10,0,6,8,4,18,0,13,11,4,28,28,0,28,56
12/02/2020,PDT,OR,ANM,WE,Federal Contract Tower,0,8,0,0,8,0,3,0,0,3,0,11,0,0,11,0,12,12,23
12/03/2020,PDT,OR,ANM,WE,Federal Contract Tower,0,10,2,0,12,0,1,1,0,2,0,11,3,0,14,10,0,10,24
12/04/2020,PDT,OR,ANM,WE,Federal Contract Tower,0,7,2,0,9,0,0,0,0,0,0,7,2,0,9,0,0,0,9
12/05/2020,PDT,OR,ANM,WE,Federal Contract Tower,0,0,0,0,0,0,0,0,0,0,0,0,0,0,0,0,0,0,0
12/06/2020,PDT,OR,ANM,WE,Federal Contract Tower,0,4,0,0,4,0,0,3,0,3,0,4,3,0,7,2,0,2,9
12/07/2020,PDT,OR,ANM,WE,Federal Contract Tower,0,1,0,0,1,0,0,0,0,0,0,1,0,0,1,0,0,0,1
12/08/2020,PDT,OR,ANM,WE,Federal Contract Tower,0,4,3,0,7,0,5,14,0,19,0,9,17,0,26,30,0,30,56
12/09/2020,PDT,OR,ANM,WE,Federal Contract Tower,0,6,2,0,8,0,2,10,2,14,0,8,12,2,22,10,0,10,32
12/10/2020,PDT,OR,ANM,WE,Federal Contract Tower,0,16,0,0,16,0,1,1,0,2,0,17,1,0,18,8,0,8,26
12/11/2020,PDT,OR,ANM,WE,Federal Contract Tower,0,7,0,2,9,0,1,0,0,1,0,8,0,2,10,32,0,32,42
12/12/2020,PDT,OR,ANM,WE,Federal Contract Tower,0,6,0,0,6,0,0,13,0,13,0,6,13,0,19,2,0,2,21
12/13/2020,PDT,OR,ANM,WE,Federal Contract Tower,0,5,0,0,5,0,0,0,0,0,0,5,0,0,5,0,0,0,5
12/14/2020,PDT,OR,ANM,WE,Federal Contract Tower,0,8,0,0,8,0,2,2,0,4,0,10,2,0,12,16,0,16,28
12/15/2020,PDT,OR,ANM,WE,Federal Contract Tower,0,15,4,0,19,0,1,9,0,10,0,16,13,0,29,4,0,4,33
12/16/2020,PDT,OR,ANM,WE,Federal Contract Tower,0,8,0,0,8,0,5,8,0,13,0,13,8,0,21,28,0,28,49
12/17/2020,PDT,OR,ANM,WE,Federal Contract Tower,0,6,2,0,8,0,4,3,0,7,0,10,5,0,15,4,0,4,19
12/18/2020,PDT,OR,ANM,WE,Federal Contract Tower,0,8,2,0,10,0,3,9,0,12,0,11,11,0,22,54,0,54,76
12/19/2020,PDT,OR,ANM,WE,Federal Contract Tower,0,7,0,0,7,0,1,2,0,3,0,8,2,0,10,4,0,4,14
12/20/2020,PDT,OR,ANM,WE,Federal Contract Tower,0,5,0,0,5,0,0,2,0,2,0,5,2,0,7,0,0,0,7
12/21/2020,PDT,OR,ANM,WE,Federal Contract Tower,0,7,0,0,7,0,2,3,0,5,0,9,3,0,12,10,4,14,26
12/22/2020,PDT,OR,ANM,WE,Federal Contract Tower,0,8,0,0,8,0,1,0,2,3,0,9,0,2,11,0,8,8,19
12/23/2020,PDT,OR,ANM,WE,Federal Contract Tower,0,7,0,0,7,0,2,16,0,18,0,9,16,0,25,14,0,14,39
12/24/2020,PDT,OR,ANM,WE,Federal Contract Tower,0,9,0,0,9,0,4,18,0,22,0,13,18,0,31,4,0,4,35
12/25/2020,PDT,OR,ANM,WE,Federal Contract Tower,0,0,0,0,0,0,0,1,0,1,0,0,1,0,1,0,0,0,1
12/26/2020,PDT,OR,ANM,WE,Federal Contract Tower,0,4,0,0,4,0,2,0,0,2,0,6,0,0,6,2,0,2,8
12/27/2020,PDT,OR,ANM,WE,Federal Contract Tower,0,4,4,0,8,0,0,3,0,3,0,4,7,0,11,0,0,0,11
12/28/2020,PDT,OR,ANM,WE,Federal Contract Tower,0,4,4,0,8,0,0,0,0,0,0,4,4,0,8,0,0,0,8
12/29/2020,PDT,OR,ANM,WE,Federal Contract Tower,0,10,3,0,13,0,4,3,0,7,0,14,6,0,20,0,0,0,20
12/30/2020,PDT,OR,ANM,WE,Federal Contract Tower,0,9,0,0,9,0,0,2,0,2,0,9,2,0,11,0,0,0,11
12/31/2020,PDT,OR,ANM,WE,Federal Contract Tower,0,12,0,0,12,0,1,2,0,3,0,13,2,0,15,12,0,12,27
01/01/2021,PDT,OR,ANM,WE,Federal Contract Tower,0,0,0,0,0,0,0,0,0,0,0,0,0,0,0,0,0,0,0
01/02/2021,PDT,OR,ANM,WE,Federal Contract Tower,0,8,0,0,8,0,5,2,0,7,0,13,2,0,15,0,0,0,15
01/03/2021,PDT,OR,ANM,WE,Federal Contract Tower,0,4,0,0,4,0,3,6,0,9,0,7,6,0,13,0,0,0,13
01/04/2021,PDT,OR,ANM,WE,Federal Contract Tower,0,6,0,0,6,0,3,0,0,3,0,9,0,0,9,2,0,2,11
01/05/2021,PDT,OR,ANM,WE,Federal Contract Tower,0,12,0,0,12,0,7,5,1,13,0,19,5,1,25,28,0,28,53
01/06/2021,PDT,OR,ANM,WE,Federal Contract Tower,0,9,2,0,11,0,1,2,0,3,0,10,4,0,14,8,0,8,22
01/07/2021,PDT,OR,ANM,WE,Federal Contract Tower,0,8,2,0,10,0,1,6,0,7,0,9,8,0,17,38,20,58,75
01/08/2021,PDT,OR,ANM,WE,Federal Contract Tower,0,10,0,0,10,0,0,0,0,0,0,10,0,0,10,0,0,0,10
01/09/2021,PDT,OR,ANM,WE,Federal Contract Tower,0,5,2,0,7,0,0,0,0,0,0,5,2,0,7,2,0,2,9
01/10/2021,PDT,OR,ANM,WE,Federal Contract Tower,0,2,0,0,2,0,1,2,0,3,0,3,2,0,5,0,0,0,5
01/11/2021,PDT,OR,ANM,WE,Federal Contract Tower,0,2,0,0,2,0,1,2,0,3,0,3,2,0,5,16,0,16,21
01/12/2021,PDT,OR,ANM,WE,Federal Contract Tower,0,9,0,0,9,0,0,1,0,1,0,9,1,0,10,0,0,0,10
01/13/2021,PDT,OR,ANM,WE,Federal Contract Tower,0,5,0,0,5,0,0,4,0,4,0,5,4,0,9,0,0,0,9
01/14/2021,PDT,OR,ANM,WE,Federal Contract Tower,0,7,6,0,13,0,3,17,0,20,0,10,23,0,33,48,0,48,81
01/15/2021,PDT,OR,ANM,WE,Federal Contract Tower,0,7,1,0,8,0,1,3,0,4,0,8,4,0,12,36,0,36,48
01/16/2021,PDT,OR,ANM,WE,Federal Contract Tower,0,5,0,0,5,0,1,4,0,5,0,6,4,0,10,2,0,2,12
01/17/2021,PDT,OR,ANM,WE,Federal Contract Tower,0,4,0,0,4,0,1,8,0,9,0,5,8,0,13,2,0,2,15
01/18/2021,PDT,OR,ANM,WE,Federal Contract Tower,0,6,0,0,6,0,3,16,0,19,0,9,16,0,25,52,0,52,77
01/19/2021,PDT,OR,ANM,WE,Federal Contract Tower,0,8,2,0,10,0,3,12,0,15,0,11,14,0,25,66,0,66,91
01/20/2021,PDT,OR,ANM,WE,Federal Contract Tower,0,6,6,1,13,0,3,11,1,15,0,9,17,2,28,36,0,36,64
01/21/2021,PDT,OR,ANM,WE,Federal Contract Tower,0,10,0,0,10,0,0,0,0,0,0,10,0,0,10,0,0,0,10
01/22/2021,PDT,OR,ANM,WE,Federal Contract Tower,0,5,0,0,5,0,2,0,0,2,0,7,0,0,7,6,0,6,13
01/23/2021,PDT,OR,ANM,WE,Federal Contract Tower,0,5,0,0,5,0,8,27,6,41,0,13,27,6,46,40,0,40,86
01/24/2021,PDT,OR,ANM,WE,Federal Contract Tower,0,5,1,0,6,0,2,12,0,14,0,7,13,0,20,0,0,0,20
01/25/2021,PDT,OR,ANM,WE,Federal Contract Tower,0,13,0,0,13,0,0,0,0,0,0,13,0,0,13,0,0,0,13
01/26/2021,PDT,OR,ANM,WE,Federal Contract Tower,0,4,0,0,4,0,2,9,6,17,0,6,9,6,21,46,0,46,67
01/27/2021,PDT,OR,ANM,WE,Federal Contract Tower,0,10,2,0,12,0,3,2,0,5,0,13,4,0,17,10,0,10,27
01/28/2021,PDT,OR,ANM,WE,Federal Contract Tower,0,3,0,0,3,0,2,2,0,4,0,5,2,0,7,26,0,26,33
01/29/2021,PDT,OR,ANM,WE,Federal Contract Tower,0,11,2,0,13,0,0,0,0,0,0,11,2,0,13,12,0,12,25
01/30/2021,PDT,OR,ANM,WE,Federal Contract Tower,0,5,0,0,5,0,4,16,1,21,0,9,16,1,26,2,0,2,28
01/31/2021,PDT,OR,ANM,WE,Federal Contract Tower,0,4,0,0,4,0,1,2,0,3,0,5,2,0,7,4,0,4,11
02/01/2021,PDT,OR,ANM,WE,Federal Contract Tower,0,6,3,0,9,0,5,0,0,5,0,11,3,0,14,4,0,4,18
02/02/2021,PDT,OR,ANM,WE,Federal Contract Tower,0,10,7,0,17,0,4,5,0,9,0,14,12,0,26,10,0,10,36
02/03/2021,PDT,OR,ANM,WE,Federal Contract Tower,0,10,4,0,14,0,1,4,0,5,0,11,8,0,19,20,6,26,45
02/04/2021,PDT,OR,ANM,WE,Federal Contract Tower,0,6,2,0,8,0,2,2,1,5,0,8,4,1,13,22,6,28,41
02/05/2021,PDT,OR,ANM,WE,Federal Contract Tower,0,7,0,0,7,0,5,2,0,7,0,12,2,0,14,0,0,0,14
02/06/2021,PDT,OR,ANM,WE,Federal Contract Tower,0,5,0,0,5,0,1,0,0,1,0,6,0,0,6,2,0,2,8
02/07/2021,PDT,OR,ANM,WE,Federal Contract Tower,0,4,4,0,8,0,1,0,0,1,0,5,4,0,9,0,0,0,9
02/08/2021,PDT,OR,ANM,WE,Federal Contract Tower,0,6,4,0,10,0,2,0,0,2,0,8,4,0,12,8,0,8,20
02/09/2021,PDT,OR,ANM,WE,Federal Contract Tower,0,11,2,0,13,0,3,6,0,9,0,14,8,0,22,10,0,10,32
02/10/2021,PDT,OR,ANM,WE,Federal Contract Tower,0,9,6,2,17,0,3,16,0,19,0,12,22,2,36,45,0,45,81
02/11/2021,PDT,OR,ANM,WE,Federal Contract Tower,0,10,0,0,10,0,0,0,0,0,0,10,0,0,10,0,0,0,10
02/12/2021,PDT,OR,ANM,WE,Federal Contract Tower,0,5,0,0,5,0,0,0,0,0,0,5,0,0,5,0,0,0,5
02/13/2021,PDT,OR,ANM,WE,Federal Contract Tower,0,0,0,0,0,0,0,0,0,0,0,0,0,0,0,0,0,0,0
02/14/2021,PDT,OR,ANM,WE,Federal Contract Tower,0,0,0,0,0,0,0,0,0,0,0,0,0,0,0,0,0,0,0
02/15/2021,PDT,OR,ANM,WE,Federal Contract Tower,0,4,0,0,4,0,0,2,0,2,0,4,2,0,6,0,0,0,6
02/17/2021,PDT,OR,ANM,WE,Federal Contract Tower,0,8,0,0,8,0,10,1,0,11,0,18,1,0,19,0,0,0,19
02/18/2021,PDT,OR,ANM,WE,Federal Contract Tower,0,11,0,0,11,0,3,2,0,5,0,14,2,0,16,4,0,4,20
02/19/2021,PDT,OR,ANM,WE,Federal Contract Tower,0,8,4,0,12,0,1,0,0,1,0,9,4,0,13,20,0,20,33
02/20/2021,PDT,OR,ANM,WE,Federal Contract Tower,0,8,0,0,8,0,3,5,0,8,0,11,5,0,16,12,0,12,28
02/21/2021,PDT,OR,ANM,WE,Federal Contract Tower,0,5,0,0,5,0,0,0,0,0,0,5,0,0,5,0,0,0,5
02/22/2021,PDT,OR,ANM,WE,Federal Contract Tower,0,7,0,0,7,0,5,2,0,7,0,12,2,0,14,8,0,8,22
02/23/2021,PDT,OR,ANM,WE,Federal Contract Tower,0,6,0,0,6,0,2,0,0,2,0,8,0,0,8,0,0,0,8
02/24/2021,PDT,OR,ANM,WE,Federal Contract Tower,0,8,1,0,9,0,4,24,0,28,0,12,25,0,37,79,0,79,116
02/25/2021,PDT,OR,ANM,WE,Federal Contract Tower,0,9,4,0,13,0,0,1,0,1,0,9,5,0,14,0,0,0,14
02/26/2021,PDT,OR,ANM,WE,Federal Contract Tower,0,10,0,2,12,0,0,0,0,0,0,10,0,2,12,0,0,0,12
02/27/2021,PDT,OR,ANM,WE,Federal Contract Tower,0,0,2,0,2,0,0,6,0,6,0,0,8,0,8,41,0,41,49
02/28/2021,PDT,OR,ANM,WE,Federal Contract Tower,0,4,8,0,12,0,2,21,0,23,0,6,29,0,35,0,0,0,35
03/01/2021,PDT,OR,ANM,WE,Federal Contract Tower,0,5,0,0,5,0,3,9,0,12,0,8,9,0,17,24,0,24,41
03/02/2021,PDT,OR,ANM,WE,Federal Contract Tower,0,10,1,0,11,0,1,2,0,3,0,11,3,0,14,60,0,60,74
03/03/2021,PDT,OR,ANM,WE,Federal Contract Tower,0,5,2,0,7,0,2,19,0,21,0,7,21,0,28,66,0,66,94
03/04/2021,PDT,OR,ANM,WE,Federal Contract Tower,0,6,2,0,8,0,8,19,0,27,0,14,21,0,35,44,0,44,79
03/05/2021,PDT,OR,ANM,WE,Federal Contract Tower,0,8,0,0,8,0,2,3,0,5,0,10,3,0,13,0,0,0,13
03/06/2021,PDT,OR,ANM,WE,Federal Contract Tower,0,5,0,0,5,0,2,13,0,15,0,7,13,0,20,42,0,42,62
03/07/2021,PDT,OR,ANM,WE,Federal Contract Tower,0,5,1,0,6,0,1,16,0,17,0,6,17,0,23,0,0,0,23
03/08/2021,PDT,OR,ANM,WE,Federal Contract Tower,0,7,0,0,7,0,4,8,0,12,0,11,8,0,19,22,0,22,41
03/09/2021,PDT,OR,ANM,WE,Federal Contract Tower,0,8,0,0,8,0,5,24,0,29,0,13,24,0,37,16,0,16,53
03/10/2021,PDT,OR,ANM,WE,Federal Contract Tower,0,12,6,0,18,0,0,24,0,24,0,12,30,0,42,11,0,11,53
03/11/2021,PDT,OR,ANM,WE,Federal Contract Tower,0,5,6,0,11,0,4,29,0,33,0,9,35,0,44,12,0,12,56
03/12/2021,PDT,OR,ANM,WE,Federal Contract Tower,0,5,2,0,7,0,3,37,0,40,0,8,39,0,47,37,0,37,84
03/13/2021,PDT,OR,ANM,WE,Federal Contract Tower,0,5,5,0,10,0,2,35,0,37,0,7,40,0,47,49,0,49,96
03/14/2021,PDT,OR,ANM,WE,Federal Contract Tower,0,5,0,0,5,0,2,29,0,31,0,7,29,0,36,14,0,14,50
03/15/2021,PDT,OR,ANM,WE,Federal Contract Tower,0,5,0,2,7,0,2,2,0,4,0,7,2,2,11,12,0,12,23
03/16/2021,PDT,OR,ANM,WE,Federal Contract Tower,0,8,0,0,8,0,3,17,0,20,0,11,17,0,28,30,0,30,58
03/17/2021,PDT,OR,ANM,WE,Federal Contract Tower,0,7,0,0,7,0,13,9,0,22,0,20,9,0,29,20,0,20,49
03/18/2021,PDT,OR,ANM,WE,Federal Contract Tower,0,7,0,0,7,0,1,19,0,20,0,8,19,0,27,41,0,41,68
03/19/2021,PDT,OR,ANM,WE,Federal Contract Tower,0,10,0,0,10,0,3,10,0,13,0,13,10,0,23,41,0,41,64
03/20/2021,PDT,OR,ANM,WE,Federal Contract Tower,0,5,1,0,6,0,2,17,0,19,0,7,18,0,25,0,0,0,25
03/21/2021,PDT,OR,ANM,WE,Federal Contract Tower,0,6,4,0,10,0,2,9,0,11,0,8,13,0,21,0,0,0,21
03/22/2021,PDT,OR,ANM,WE,Federal Contract Tower,0,6,2,0,8,0,5,0,0,5,0,11,2,0,13,8,0,8,21
03/23/2021,PDT,OR,ANM,WE,Federal Contract Tower,0,11,1,0,12,0,7,18,0,25,0,18,19,0,37,47,0,47,84
03/24/2021,PDT,OR,ANM,WE,Federal Contract Tower,0,9,1,2,12,0,5,5,0,10,0,14,6,2,22,4,0,4,26
03/25/2021,PDT,OR,ANM,WE,Federal Contract Tower,0,7,2,2,11,0,4,2,0,6,0,11,4,2,17,30,0,30,47
03/26/2021,PDT,OR,ANM,WE,Federal Contract Tower,0,7,2,0,9,0,2,12,0,14,0,9,14,0,23,15,2,17,40
03/27/2021,PDT,OR,ANM,WE,Federal Contract Tower,0,3,0,0,3,0,4,33,0,37,0,7,33,0,40,37,2,39,79
03/28/2021,PDT,OR,ANM,WE,Federal Contract Tower,0,5,0,0,5,0,2,5,0,7,0,7,5,0,12,0,0,0,12
03/29/2021,PDT,OR,ANM,WE,Federal Contract Tower,0,7,0,0,7,0,0,2,0,2,0,7,2,0,9,0,0,0,9
03/30/2021,PDT,OR,ANM,WE,Federal Contract Tower,0,9,0,0,9,0,3,4,2,9,0,12,4,2,18,54,4,58,76
03/31/2021,PDT,OR,ANM,WE,Federal Contract Tower,0,6,0,0,6,0,7,8,0,15,0,13,8,0,21,82,2,84,105
04/01/2021,PDT,OR,ANM,WE,Federal Contract Tower,0,5,0,0,5,0,6,6,0,12,0,11,6,0,17,81,0,81,98
04/02/2021,PDT,OR,ANM,WE,Federal Contract Tower,0,8,0,0,8,0,2,5,0,7,0,10,5,0,15,24,0,24,39
04/03/2021,PDT,OR,ANM,WE,Federal Contract Tower,0,4,4,0,8,0,4,25,3,32,0,8,29,3,40,17,0,17,57
04/04/2021,PDT,OR,ANM,WE,Federal Contract Tower,0,5,0,0,5,0,4,7,0,11,0,9,7,0,16,4,0,4,20
04/05/2021,PDT,OR,ANM,WE,Federal Contract Tower,0,6,0,0,6,0,8,10,1,19,0,14,10,1,25,84,0,84,109
04/06/2021,PDT,OR,ANM,WE,Federal Contract Tower,0,9,0,0,9,0,7,19,2,28,0,16,19,2,37,44,8,52,89
04/07/2021,PDT,OR,ANM,WE,Federal Contract Tower,0,4,0,0,4,0,7,2,0,9,0,11,2,0,13,6,0,6,19
04/08/2021,PDT,OR,ANM,WE,Federal Contract Tower,0,7,0,0,7,0,3,2,0,5,0,10,2,0,12,0,0,0,12
04/09/2021,PDT,OR,ANM,WE,Federal Contract Tower,0,5,2,2,9,0,4,9,5,18,0,9,11,7,27,52,6,58,85
04/10/2021,PDT,OR,ANM,WE,Federal Contract Tower,0,5,2,1,8,0,0,0,0,0,0,5,2,1,8,0,0,0,8
04/11/2021,PDT,OR,ANM,WE,Federal Contract Tower,0,5,5,0,10,0,1,29,3,33,0,6,34,3,43,2,0,2,45
04/12/2021,PDT,OR,ANM,WE,Federal Contract Tower,0,5,3,0,8,0,1,18,2,21,0,6,21,2,29,58,0,58,87
04/13/2021,PDT,OR,ANM,WE,Federal Contract Tower,0,7,2,4,13,0,1,4,3,8,0,8,6,7,21,65,10,75,96
04/14/2021,PDT,OR,ANM,WE,Federal Contract Tower,0,5,3,0,8,0,4,6,6,16,0,9,9,6,24,48,0,48,72
04/15/2021,PDT,OR,ANM,WE,Federal Contract Tower,0,3,4,2,9,0,8,29,8,45,0,11,33,10,54,90,16,106,160
04/16/2021,PDT,OR,ANM,WE,Federal Contract Tower,0,3,6,0,9,0,6,21,5,32,0,9,27,5,41,24,0,24,65
04/17/2021,PDT,OR,ANM,WE,Federal Contract Tower,0,0,0,0,0,0,4,17,2,23,0,4,17,2,23,8,0,8,31
04/18/2021,PDT,OR,ANM,WE,Federal Contract Tower,0,4,2,0,6,0,2,15,2,19,0,6,17,2,25,2,0,2,27
04/19/2021,PDT,OR,ANM,WE,Federal Contract Tower,0,6,8,1,15,0,6,9,9,24,0,12,17,10,39,54,6,60,99
04/20/2021,PDT,OR,ANM,WE,Federal Contract Tower,0,9,1,2,12,0,8,17,9,34,0,17,18,11,46,136,6,142,188
04/21/2021,PDT,OR,ANM,WE,Federal Contract Tower,0,9,1,1,11,0,4,23,1,28,0,13,24,2,39,88,0,88,127
04/22/2021,PDT,OR,ANM,WE,Federal Contract Tower,0,8,5,1,14,0,0,5,7,12,0,8,10,8,26,60,0,60,86
04/23/2021,PDT,OR,ANM,WE,Federal Contract Tower,0,9,3,0,12,0,2,13,0,15,0,11,16,0,27,54,0,54,81
04/24/2021,PDT,OR,ANM,WE,Federal Contract Tower,0,4,2,1,7,0,2,2,3,7,0,6,4,4,14,0,0,0,14
04/25/2021,PDT,OR,ANM,WE,Federal Contract Tower,0,4,1,0,5,0,0,4,3,7,0,4,5,3,12,0,0,0,12
04/26/2021,PDT,OR,ANM,WE,Federal Contract Tower,0,6,0,1,7,0,4,27,3,34,0,10,27,4,41,66,0,66,107
04/27/2021,PDT,OR,ANM,WE,Federal Contract Tower,0,7,7,1,15,0,5,16,0,21,0,12,23,1,36,52,0,52,88
04/28/2021,PDT,OR,ANM,WE,Federal Contract Tower,0,7,0,0,7,0,1,24,0,25,0,8,24,0,32,88,0,88,120
04/29/2021,PDT,OR,ANM,WE,Federal Contract Tower,0,7,1,0,8,0,5,12,2,19,0,12,13,2,27,64,1,65,92
04/30/2021,PDT,OR,ANM,WE,Federal Contract Tower,0,6,3,0,9,0,1,8,1,10,0,7,11,1,19,48,7,55,74
05/01/2021,PDT,OR,ANM,WE,Federal Contract Tower,0,6,1,0,7,0,1,8,4,13,0,7,9,4,20,0,0,0,20
05/02/2021,PDT,OR,ANM,WE,Federal Contract Tower,0,4,3,0,7,0,0,15,1,16,0,4,18,1,23,4,0,4,27
05/03/2021,PDT,OR,ANM,WE,Federal Contract Tower,0,10,3,0,13,0,4,7,0,11,0,14,10,0,24,76,0,76,100
05/04/2021,PDT,OR,ANM,WE,Federal Contract Tower,0,8,0,0,8,0,3,20,3,26,0,11,20,3,34,77,0,77,111
05/05/2021,PDT,OR,ANM,WE,Federal Contract Tower,0,3,1,1,5,0,4,23,1,28,0,7,24,2,33,102,2,104,137
05/06/2021,PDT,OR,ANM,WE,Federal Contract Tower,0,4,3,0,7,0,1,21,4,26,0,5,24,4,33,33,13,46,79
05/07/2021,PDT,OR,ANM,WE,Federal Contract Tower,0,9,4,0,13,0,5,4,1,10,0,14,8,1,23,0,0,0,23
05/08/2021,PDT,OR,ANM,WE,Federal Contract Tower,0,8,1,0,9,0,4,9,0,13,0,12,10,0,22,8,0,8,30
05/09/2021,PDT,OR,ANM,WE,Federal Contract Tower,0,4,8,0,12,0,0,14,0,14,0,4,22,0,26,2,0,2,28
05/10/2021,PDT,OR,ANM,WE,Federal Contract Tower,0,3,0,1,4,0,4,28,3,35,0,7,28,4,39,80,6,86,125
05/11/2021,PDT,OR,ANM,WE,Federal Contract Tower,0,8,1,2,11,0,12,18,3,33,0,20,19,5,44,114,6,120,164
05/12/2021,PDT,OR,ANM,WE,Federal Contract Tower,0,6,1,0,7,0,11,19,6,36,0,17,20,6,43,88,4,92,135
05/13/2021,PDT,OR,ANM,WE,Federal Contract Tower,0,5,2,0,7,0,7,12,6,25,0,12,14,6,32,56,18,74,106
05/14/2021,PDT,OR,ANM,WE,Federal Contract Tower,0,6,4,3,13,0,5,17,1,23,0,11,21,4,36,52,0,52,88
05/15/2021,PDT,OR,ANM,WE,Federal Contract Tower,0,4,0,0,4,0,3,22,0,25,0,7,22,0,29,19,0,19,48
05/16/2021,PDT,OR,ANM,WE,Federal Contract Tower,0,4,1,0,5,0,0,18,0,18,0,4,19,0,23,10,0,10,33
05/17/2021,PDT,OR,ANM,WE,Federal Contract Tower,0,7,1,0,8,0,3,3,0,6,0,10,4,0,14,0,0,0,14
05/18/2021,PDT,OR,ANM,WE,Federal Contract Tower,0,7,0,0,7,0,2,9,8,19,0,9,9,8,26,2,8,10,36
05/19/2021,PDT,OR,ANM,WE,Federal Contract Tower,0,7,1,0,8,0,8,17,13,38,0,15,18,13,46,7,0,7,53
05/20/2021,PDT,OR,ANM,WE,Federal Contract Tower,0,4,4,0,8,0,1,11,0,12,0,5,15,0,20,68,0,68,88
05/21/2021,PDT,OR,ANM,WE,Federal Contract Tower,0,5,2,0,7,0,8,13,0,21,0,13,15,0,28,50,0,50,78
05/22/2021,PDT,OR,ANM,WE,Federal Contract Tower,0,4,0,0,4,0,2,5,0,7,0,6,5,0,11,18,0,18,29
05/23/2021,PDT,OR,ANM,WE,Federal Contract Tower,0,5,0,0,5,0,2,8,0,10,0,7,8,0,15,0,0,0,15
05/24/2021,PDT,OR,ANM,WE,Federal Contract Tower,0,5,2,0,7,0,4,7,4,15,0,9,9,4,22,2,0,2,24
05/25/2021,PDT,OR,ANM,WE,Federal Contract Tower,0,6,3,0,9,0,4,10,8,22,0,10,13,8,31,61,0,61,92
05/26/2021,PDT,OR,ANM,WE,Federal Contract Tower,0,5,5,0,10,0,4,23,4,31,0,9,28,4,41,80,1,81,122
05/27/2021,PDT,OR,ANM,WE,Federal Contract Tower,0,10,7,2,19,0,4,11,1,16,0,14,18,3,35,43,0,43,78
05/28/2021,PDT,OR,ANM,WE,Federal Contract Tower,0,7,2,0,9,0,3,17,1,21,0,10,19,1,30,4,0,4,34
05/29/2021,PDT,OR,ANM,WE,Federal Contract Tower,0,6,7,0,13,0,2,19,0,21,0,8,26,0,34,22,0,22,56
05/30/2021,PDT,OR,ANM,WE,Federal Contract Tower,0,5,1,0,6,0,1,14,0,15,0,6,15,0,21,18,0,18,39
06/01/2021,PDT,OR,ANM,WE,Federal Contract Tower,0,6,2,0,8,0,4,15,3,22,0,10,17,3,30,40,0,40,70
06/02/2021,PDT,OR,ANM,WE,Federal Contract Tower,0,7,0,0,7,0,9,23,6,38,0,16,23,6,45,52,0,52,97
06/03/2021,PDT,OR,ANM,WE,Federal Contract Tower,0,10,2,0,12,0,8,13,0,21,0,18,15,0,33,46,0,46,79
06/04/2021,PDT,OR,ANM,WE,Federal Contract Tower,0,9,4,0,13,0,5,11,3,19,0,14,15,3,32,2,0,2,34
06/05/2021,PDT,OR,ANM,WE,Federal Contract Tower,0,5,2,0,7,0,3,4,3,10,0,8,6,3,17,14,0,14,31
06/06/2021,PDT,OR,ANM,WE,Federal Contract Tower,0,5,0,0,5,0,3,9,2,14,0,8,9,2,19,8,0,8,27
06/07/2021,PDT,OR,ANM,WE,Federal Contract Tower,0,7,0,0,7,0,0,32,4,36,0,7,32,4,43,74,0,74,117
06/08/2021,PDT,OR,ANM,WE,Federal Contract Tower,0,10,4,0,14,0,2,32,3,37,0,12,36,3,51,83,0,83,134
06/09/2021,PDT,OR,ANM,WE,Federal Contract Tower,0,8,0,0,8,0,4,31,2,37,0,12,31,2,45,96,2,98,143
06/10/2021,PDT,OR,ANM,WE,Federal Contract Tower,0,6,1,0,7,0,2,4,2,8,0,8,5,2,15,0,0,0,15
06/11/2021,PDT,OR,ANM,WE,Federal Contract Tower,0,1,3,1,5,0,6,9,13,28,0,7,12,14,33,38,0,38,71
06/12/2021,PDT,OR,ANM,WE,Federal Contract Tower,0,2,0,0,2,0,4,25,0,29,0,6,25,0,31,10,0,10,41
06/13/2021,PDT,OR,ANM,WE,Federal Contract Tower,0,0,7,0,7,0,4,7,0,11,0,4,14,0,18,2,0,2,20
06/14/2021,PDT,OR,ANM,WE,Federal Contract Tower,0,7,5,1,13,0,9,3,1,13,0,16,8,2,26,38,8,46,72
06/15/2021,PDT,OR,ANM,WE,Federal Contract Tower,0,11,1,0,12,0,5,3,2,10,0,16,4,2,22,28,5,33,55
06/16/2021,PDT,OR,ANM,WE,Federal Contract Tower,0,4,7,2,13,0,4,24,3,31,0,8,31,5,44,60,0,60,104
06/17/2021,PDT,OR,ANM,WE,Federal Contract Tower,0,6,2,0,8,0,0,0,0,0,0,6,2,0,8,62,0,62,70
06/18/2021,PDT,OR,ANM,WE,Federal Contract Tower,0,7,3,0,10,0,3,22,0,25,0,10,25,0,35,46,0,46,81
06/19/2021,PDT,OR,ANM,WE,Federal Contract Tower,0,5,4,0,9,0,2,11,0,13,0,7,15,0,22,4,0,4,26
06/20/2021,PDT,OR,ANM,WE,Federal Contract Tower,0,5,3,2,10,0,6,16,0,22,0,11,19,2,32,11,0,11,43
06/21/2021,PDT,OR,ANM,WE,Federal Contract Tower,0,4,0,3,7,0,4,17,2,23,0,8,17,5,30,22,0,22,52
06/22/2021,PDT,OR,ANM,WE,Federal Contract Tower,0,8,2,0,10,0,3,11,4,18,0,11,13,4,28,16,0,16,44
06/23/2021,PDT,OR,ANM,WE,Federal Contract Tower,0,9,2,0,11,0,3,16,1,20,0,12,18,1,31,16,3,19,50
06/24/2021,PDT,OR,ANM,WE,Federal Contract Tower,0,8,4,2,14,0,7,7,0,14,0,15,11,2,28,12,0,12,40
06/25/2021,PDT,OR,ANM,WE,Federal Contract Tower,0,7,1,0,8,0,9,19,0,28,0,16,20,0,36,10,0,10,46
06/26/2021,PDT,OR,ANM,WE,Federal Contract Tower,0,5,0,0,5,0,6,17,0,23,0,11,17,0,28,13,0,13,41
06/27/2021,PDT,OR,ANM,WE,Federal Contract Tower,0,5,3,0,8,0,4,12,0,16,0,9,15,0,24,6,0,6,30
06/28/2021,PDT,OR,ANM,WE,Federal Contract Tower,0,6,3,0,9,0,3,7,2,12,0,9,10,2,21,4,0,4,25
06/29/2021,PDT,OR,ANM,WE,Federal Contract Tower,0,9,3,2,14,0,5,4,0,9,0,14,7,2,23,0,0,0,23
06/30/2021,PDT,OR,ANM,WE,Federal Contract Tower,0,8,5,0,13,0,4,5,2,11,0,12,10,2,24,4,0,4,28
07/01/2021,PDT,OR,ANM,WE,Federal Contract Tower,0,8,5,1,14,0,11,15,1,27,0,19,20,2,41,18,0,18,59
07/02/2021,PDT,OR,ANM,WE,Federal Contract Tower,0,6,3,0,9,0,4,10,3,17,0,10,13,3,26,10,0,10,36
07/03/2021,PDT,OR,ANM,WE,Federal Contract Tower,0,7,0,0,7,0,3,18,2,23,0,10,18,2,30,10,0,10,40
07/04/2021,PDT,OR,ANM,WE,Federal Contract Tower,0,5,0,0,5,0,6,5,0,11,0,11,5,0,16,2,0,2,18
07/05/2021,PDT,OR,ANM,WE,Federal Contract Tower,0,5,11,0,16,0,5,11,0,16,0,10,22,0,32,0,0,0,32
07/06/2021,PDT,OR,ANM,WE,Federal Contract Tower,0,8,1,0,9,0,3,17,3,23,0,11,18,3,32,14,0,14,46
07/07/2021,PDT,OR,ANM,WE,Federal Contract Tower,0,9,0,0,9,0,2,3,0,5,0,11,3,0,14,0,0,0,14
07/08/2021,PDT,OR,ANM,WE,Federal Contract Tower,0,8,0,0,8,0,2,25,6,33,0,10,25,6,41,20,4,24,65
07/09/2021,PDT,OR,ANM,WE,Federal Contract Tower,0,7,3,0,10,0,6,27,8,41,0,13,30,8,51,14,8,22,73
07/10/2021,PDT,OR,ANM,WE,Federal Contract Tower,0,1,3,0,4,0,1,13,0,14,0,2,16,0,18,0,0,0,18
07/11/2021,PDT,OR,ANM,WE,Federal Contract Tower,0,8,1,0,9,0,4,21,0,25,0,12,22,0,34,10,0,10,44
07/12/2021,PDT,OR,ANM,WE,Federal Contract Tower,0,7,8,0,15,0,4,19,0,23,0,11,27,0,38,10,0,10,48
07/13/2021,PDT,OR,ANM,WE,Federal Contract Tower,0,9,6,1,16,0,7,10,0,17,0,16,16,1,33,32,0,32,65
07/14/2021,PDT,OR,ANM,WE,Federal Contract Tower,0,8,6,1,15,0,3,12,1,16,0,11,18,2,31,16,4,20,51
07/15/2021,PDT,OR,ANM,WE,Federal Contract Tower,0,9,4,1,14,0,2,19,1,22,0,11,23,2,36,16,0,16,52
07/16/2021,PDT,OR,ANM,WE,Federal Contract Tower,0,10,3,0,13,0,7,56,0,63,0,17,59,0,76,30,0,30,106
07/17/2021,PDT,OR,ANM,WE,Federal Contract Tower,0,5,7,0,12,0,7,17,0,24,0,12,24,0,36,14,0,14,50
07/18/2021,PDT,OR,ANM,WE,Federal Contract Tower,0,5,0,0,5,0,7,31,0,38,0,12,31,0,43,2,0,2,45
07/19/2021,PDT,OR,ANM,WE,Federal Contract Tower,0,6,2,0,8,0,3,18,0,21,0,9,20,0,29,22,0,22,51
07/20/2021,PDT,OR,ANM,WE,Federal Contract Tower,0,10,4,0,14,0,6,25,3,34,0,16,29,3,48,39,0,39,87
07/21/2021,PDT,OR,ANM,WE,Federal Contract Tower,0,11,8,0,19,0,8,14,1,23,0,19,22,1,42,31,0,31,73
07/22/2021,PDT,OR,ANM,WE,Federal Contract Tower,0,7,2,1,10,0,9,20,1,30,0,16,22,2,40,74,0,74,114
07/23/2021,PDT,OR,ANM,WE,Federal Contract Tower,0,7,2,0,9,0,3,25,0,28,0,10,27,0,37,39,4,43,80
07/24/2021,PDT,OR,ANM,WE,Federal Contract Tower,0,5,3,0,8,0,0,15,0,15,0,5,18,0,23,0,0,0,23
07/25/2021,PDT,OR,ANM,WE,Federal Contract Tower,0,5,3,0,8,0,2,12,0,14,0,7,15,0,22,10,0,10,32
07/26/2021,PDT,OR,ANM,WE,Federal Contract Tower,0,7,5,0,12,0,4,4,0,8,0,11,9,0,20,36,0,36,56
07/27/2021,PDT,OR,ANM,WE,Federal Contract Tower,0,9,0,2,11,0,2,9,4,15,0,11,9,6,26,42,0,42,68
07/28/2021,PDT,OR,ANM,WE,Federal Contract Tower,0,14,3,0,17,0,4,15,1,20,0,18,18,1,37,54,0,54,91
07/29/2021,PDT,OR,ANM,WE,Federal Contract Tower,0,9,1,0,10,0,4,12,0,16,0,13,13,0,26,45,0,45,71
07/30/2021,PDT,OR,ANM,WE,Federal Contract Tower,0,9,0,0,9,0,6,9,0,15,0,15,9,0,24,21,0,21,45
07/31/2021,PDT,OR,ANM,WE,Federal Contract Tower,0,7,0,0,7,0,4,6,0,10,0,11,6,0,17,0,0,0,17
08/01/2021,PDT,OR,ANM,WE,Federal Contract Tower,0,5,2,0,7,0,0,5,0,5,0,5,7,0,12,0,0,0,12
08/02/2021,PDT,OR,ANM,WE,Federal Contract Tower,0,11,0,0,11,0,4,11,0,15,0,15,11,0,26,8,0,8,34
08/03/2021,PDT,OR,ANM,WE,Federal Contract Tower,0,9,1,1,11,0,7,11,0,18,0,16,12,1,29,8,0,8,37
08/04/2021,PDT,OR,ANM,WE,Federal Contract Tower,0,9,0,0,9,0,4,17,0,21,0,13,17,0,30,28,2,30,60
08/05/2021,PDT,OR,ANM,WE,Federal Contract Tower,0,7,4,1,12,0,2,21,0,23,0,9,25,1,35,40,0,40,75
08/06/2021,PDT,OR,ANM,WE,Federal Contract Tower,0,11,4,0,15,0,4,2,2,8,0,15,6,2,23,10,0,10,33
08/07/2021,PDT,OR,ANM,WE,Federal Contract Tower,0,5,5,0,10,0,1,18,0,19,0,6,23,0,29,16,0,16,45
08/08/2021,PDT,OR,ANM,WE,Federal Contract Tower,0,9,4,0,13,0,2,10,0,12,0,11,14,0,25,0,0,0,25
08/09/2021,PDT,OR,ANM,WE,Federal Contract Tower,0,5,2,0,7,0,4,25,0,29,0,9,27,0,36,86,0,86,122
08/10/2021,PDT,OR,ANM,WE,Federal Contract Tower,0,10,0,0,10,0,2,14,2,18,0,12,14,2,28,58,0,58,86
08/11/2021,PDT,OR,ANM,WE,Federal Contract Tower,0,6,0,0,6,0,8,6,12,26,0,14,6,12,32,42,0,42,74
08/12/2021,PDT,OR,ANM,WE,Federal Contract Tower,0,9,3,2,14,0,3,8,1,12,0,12,11,3,26,20,8,28,54
08/13/2021,PDT,OR,ANM,WE,Federal Contract Tower,0,11,3,0,14,0,0,0,0,0,0,11,3,0,14,56,0,56,70
08/14/2021,PDT,OR,ANM,WE,Federal Contract Tower,0,9,2,0,11,0,3,1,0,4,0,12,3,0,15,16,0,16,31
08/15/2021,PDT,OR,ANM,WE,Federal Contract Tower,0,6,5,0,11,0,2,8,0,10,0,8,13,0,21,0,0,0,21
08/16/2021,PDT,OR,ANM,WE,Federal Contract Tower,0,6,1,0,7,0,3,6,0,9,0,9,7,0,16,19,0,19,35
08/17/2021,PDT,OR,ANM,WE,Federal Contract Tower,0,11,0,0,11,0,2,4,0,6,0,13,4,0,17,5,0,5,22
08/18/2021,PDT,OR,ANM,WE,Federal Contract Tower,0,10,0,0,10,0,5,10,0,15,0,15,10,0,25,64,0,64,89
08/19/2021,PDT,OR,ANM,WE,Federal Contract Tower,0,10,4,1,15,0,3,25,0,28,0,13,29,1,43,48,2,50,93
08/20/2021,PDT,OR,ANM,WE,Federal Contract Tower,0,7,1,0,8,0,3,14,0,17,0,10,15,0,25,34,0,34,59
08/21/2021,PDT,OR,ANM,WE,Federal Contract Tower,0,6,2,0,8,0,1,11,0,12,0,7,13,0,20,10,0,10,30
08/22/2021,PDT,OR,ANM,WE,Federal Contract Tower,0,5,3,0,8,0,1,20,2,23,0,6,23,2,31,6,0,6,37
08/23/2021,PDT,OR,ANM,WE,Federal Contract Tower,0,6,0,0,6,0,3,18,8,29,0,9,18,8,35,84,4,88,123
08/24/2021,PDT,OR,ANM,WE,Federal Contract Tower,0,8,0,1,9,0,7,22,6,35,0,15,22,7,44,53,1,54,98
08/25/2021,PDT,OR,ANM,WE,Federal Contract Tower,0,8,3,1,12,0,4,19,1,24,0,12,22,2,36,48,2,50,86
08/26/2021,PDT,OR,ANM,WE,Federal Contract Tower,0,7,3,1,11,0,2,5,1,8,0,9,8,2,19,26,1,27,46
08/27/2021,PDT,OR,ANM,WE,Federal Contract Tower,0,2,2,3,7,0,6,14,1,21,0,8,16,4,28,6,0,6,34
08/28/2021,PDT,OR,ANM,WE,Federal Contract Tower,0,4,0,0,4,0,3,73,0,76,0,7,73,0,80,12,0,12,92
08/29/2021,PDT,OR,ANM,WE,Federal Contract Tower,0,10,5,0,15,0,4,15,10,29,0,14,20,10,44,6,0,6,50
08/30/2021,PDT,OR,ANM,WE,Federal Contract Tower,0,7,2,0,9,0,1,5,10,16,0,8,7,10,25,23,0,23,48
08/31/2021,PDT,OR,ANM,WE,Federal Contract Tower,0,9,0,1,10,0,0,8,15,23,0,9,8,16,33,6,0,6,39
09/01/2021,PDT,OR,ANM,WE,Federal Contract Tower,0,8,1,0,9,0,3,11,2,16,0,11,12,2,25,55,0,55,80
09/02/2021,PDT,OR,ANM,WE,Federal Contract Tower,0,7,0,0,7,0,2,5,7,14,0,9,5,7,21,54,0,54,75
09/03/2021,PDT,OR,ANM,WE,Federal Contract Tower,0,7,0,0,7,0,1,19,0,20,0,8,19,0,27,44,0,44,71
09/04/2021,PDT,OR,ANM,WE,Federal Contract Tower,0,4,2,0,6,0,2,13,0,15,0,6,15,0,21,6,0,6,27
09/05/2021,PDT,OR,ANM,WE,Federal Contract Tower,0,5,6,0,11,0,2,5,0,7,0,7,11,0,18,2,0,2,20
09/06/2021,PDT,OR,ANM,WE,Federal Contract Tower,0,7,0,0,7,0,2,12,0,14,0,9,12,0,21,6,0,6,27
09/07/2021,PDT,OR,ANM,WE,Federal Contract Tower,0,7,0,0,7,0,2,8,0,10,0,9,8,0,17,46,0,46,63
09/08/2021,PDT,OR,ANM,WE,Federal Contract Tower,0,9,2,0,11,0,2,5,0,7,0,11,7,0,18,56,0,56,74
09/09/2021,PDT,OR,ANM,WE,Federal Contract Tower,0,9,2,0,11,0,4,7,0,11,0,13,9,0,22,30,4,34,56
09/10/2021,PDT,OR,ANM,WE,Federal Contract Tower,0,8,4,0,12,0,1,7,0,8,0,9,11,0,20,0,0,0,20
09/11/2021,PDT,OR,ANM,WE,Federal Contract Tower,0,6,0,0,6,0,4,21,0,25,0,10,21,0,31,0,0,0,31
09/12/2021,PDT,OR,ANM,WE,Federal Contract Tower,0,5,3,0,8,0,2,6,0,8,0,7,9,0,16,0,0,0,16
09/13/2021,PDT,OR,ANM,WE,Federal Contract Tower,0,5,3,0,8,0,5,21,4,30,0,10,24,4,38,8,0,8,46
09/14/2021,PDT,OR,ANM,WE,Federal Contract Tower,0,10,2,1,13,0,3,27,0,30,0,13,29,1,43,59,11,70,113
09/15/2021,PDT,OR,ANM,WE,Federal Contract Tower,0,9,5,1,15,0,3,19,4,26,0,12,24,5,41,18,2,20,61
09/16/2021,PDT,OR,ANM,WE,Federal Contract Tower,0,10,7,0,17,0,8,23,5,36,0,18,30,5,53,46,10,56,109
09/17/2021,PDT,OR,ANM,WE,Federal Contract Tower,0,10,3,0,13,0,4,17,0,21,0,14,20,0,34,34,2,36,70
09/18/2021,PDT,OR,ANM,WE,Federal Contract Tower,0,5,9,0,14,0,2,9,1,12,0,7,18,1,26,6,0,6,32
09/19/2021,PDT,OR,ANM,WE,Federal Contract Tower,0,6,11,0,17,0,4,8,0,12,0,10,19,0,29,22,0,22,51
09/20/2021,PDT,OR,ANM,WE,Federal Contract Tower,0,8,0,0,8,0,3,11,2,16,0,11,11,2,24,44,2,46,70
09/21/2021,PDT,OR,ANM,WE,Federal Contract Tower,0,7,0,0,7,0,4,10,0,14,0,11,10,0,21,49,2,51,72
09/22/2021,PDT,OR,ANM,WE,Federal Contract Tower,0,10,1,0,11,0,2,5,0,7,0,12,6,0,18,28,0,28,46
09/23/2021,PDT,OR,ANM,WE,Federal Contract Tower,0,9,1,2,12,0,5,10,4,19,0,14,11,6,31,30,12,42,73
09/24/2021,PDT,OR,ANM,WE,Federal Contract Tower,0,8,0,0,8,0,8,8,0,16,0,16,8,0,24,33,0,33,57
09/25/2021,PDT,OR,ANM,WE,Federal Contract Tower,0,7,8,0,15,0,7,17,0,24,0,14,25,0,39,8,0,8,47
09/26/2021,PDT,OR,ANM,WE,Federal Contract Tower,0,5,0,0,5,0,6,10,0,16,0,11,10,0,21,14,0,14,35
09/27/2021,PDT,OR,ANM,WE,Federal Contract Tower,0,7,3,0,10,0,1,3,2,6,0,8,6,2,16,16,0,16,32
09/28/2021,PDT,OR,ANM,WE,Federal Contract Tower,0,11,0,1,12,0,1,2,5,8,0,12,2,6,20,4,14,18,38
09/29/2021,PDT,OR,ANM,WE,Federal Contract Tower,0,10,0,0,10,0,4,12,1,17,0,14,12,1,27,83,4,87,114
09/30/2021,PDT,OR,ANM,WE,Federal Contract Tower,0,7,0,0,7,0,1,11,4,16,0,8,11,4,23,49,9,58,81
10/01/2021,PDT,OR,ANM,WE,Federal Contract Tower,0,3,0,0,3,0,4,22,0,26,0,7,22,0,29,54,0,54,83
10/02/2021,PDT,OR,ANM,WE,Federal Contract Tower,0,5,0,0,5,0,2,13,0,15,0,7,13,0,20,0,0,0,20
10/03/2021,PDT,OR,ANM,WE,Federal Contract Tower,0,5,2,0,7,0,3,17,0,20,0,8,19,0,27,0,0,0,27
10/04/2021,PDT,OR,ANM,WE,Federal Contract Tower,0,7,0,2,9,0,5,7,0,12,0,12,7,2,21,35,0,35,56
10/05/2021,PDT,OR,ANM,WE,Federal Contract Tower,0,7,0,2,9,0,5,10,1,16,0,12,10,3,25,36,0,36,61
10/06/2021,PDT,OR,ANM,WE,Federal Contract Tower,0,3,4,0,7,0,1,6,0,7,0,4,10,0,14,28,0,28,42
10/07/2021,PDT,OR,ANM,WE,Federal Contract Tower,0,4,1,1,6,0,6,10,0,16,0,10,11,1,22,50,6,56,78
10/08/2021,PDT,OR,ANM,WE,Federal Contract Tower,0,8,0,0,8,0,2,15,0,17,0,10,15,0,25,46,0,46,71
10/09/2021,PDT,OR,ANM,WE,Federal Contract Tower,0,5,0,0,5,0,3,13,0,16,0,8,13,0,21,12,0,12,33
10/10/2021,PDT,OR,ANM,WE,Federal Contract Tower,0,7,2,0,9,0,3,7,0,10,0,10,9,0,19,0,0,0,19
10/11/2021,PDT,OR,ANM,WE,Federal Contract Tower,0,6,2,0,8,0,2,5,0,7,0,8,7,0,15,16,0,16,31
10/12/2021,PDT,OR,ANM,WE,Federal Contract Tower,0,11,2,1,14,0,5,9,5,19,0,16,11,6,33,31,2,33,66
10/13/2021,PDT,OR,ANM,WE,Federal Contract Tower,0,8,0,2,10,0,6,6,6,18,0,14,6,8,28,0,0,0,28
10/14/2021,PDT,OR,ANM,WE,Federal Contract Tower,0,11,3,1,15,0,4,8,2,14,0,15,11,3,29,20,3,23,52
10/15/2021,PDT,OR,ANM,WE,Federal Contract Tower,0,7,3,0,10,0,7,36,2,45,0,14,39,2,55,35,0,35,90
10/16/2021,PDT,OR,ANM,WE,Federal Contract Tower,0,5,2,0,7,0,6,21,0,27,0,11,23,0,34,7,0,7,41
10/17/2021,PDT,OR,ANM,WE,Federal Contract Tower,0,5,5,0,10,0,3,8,0,11,0,8,13,0,21,4,0,4,25
10/18/2021,PDT,OR,ANM,WE,Federal Contract Tower,0,9,0,0,9,0,4,7,2,13,0,13,7,2,22,16,0,16,38
10/19/2021,PDT,OR,ANM,WE,Federal Contract Tower,0,11,1,0,12,0,4,16,2,22,0,15,17,2,34,18,0,18,52
10/20/2021,PDT,OR,ANM,WE,Federal Contract Tower,0,5,4,0,9,0,3,5,0,8,0,8,9,0,17,0,6,6,23
10/21/2021,PDT,OR,ANM,WE,Federal Contract Tower,0,4,6,0,10,0,2,12,1,15,0,6,18,1,25,30,0,30,55
10/22/2021,PDT,OR,ANM,WE,Federal Contract Tower,0,4,0,0,4,0,1,1,0,2,0,5,1,0,6,0,0,0,6
10/23/2021,PDT,OR,ANM,WE,Federal Contract Tower,0,5,7,5,17,0,4,2,9,15,0,9,9,14,32,2,0,2,34
10/24/2021,PDT,OR,ANM,WE,Federal Contract Tower,0,6,0,0,6,0,2,0,0,2,0,8,0,0,8,0,0,0,8
10/25/2021,PDT,OR,ANM,WE,Federal Contract Tower,0,6,3,0,9,0,5,7,2,14,0,11,10,2,23,65,2,67,90
10/26/2021,PDT,OR,ANM,WE,Federal Contract Tower,0,8,1,0,9,0,4,3,0,7,0,12,4,0,16,11,8,19,35
10/27/2021,PDT,OR,ANM,WE,Federal Contract Tower,0,9,2,0,11,0,4,6,10,20,0,13,8,10,31,28,0,28,59
10/28/2021,PDT,OR,ANM,WE,Federal Contract Tower,0,11,0,0,11,0,5,6,2,13,0,16,6,2,24,12,0,12,36
10/29/2021,PDT,OR,ANM,WE,Federal Contract Tower,0,9,0,0,9,0,2,1,1,4,0,11,1,1,13,2,0,2,15
10/30/2021,PDT,OR,ANM,WE,Federal Contract Tower,0,6,3,0,9,0,2,17,0,19,0,8,20,0,28,16,0,16,44
10/31/2021,PDT,OR,ANM,WE,Federal Contract Tower,0,2,4,0,6,0,1,1,0,2,0,3,5,0,8,0,0,0,8
11/01/2021,PDT,OR,ANM,WE,Federal Contract Tower,0,9,0,1,10,0,1,8,2,11,0,10,8,3,21,42,0,42,63
11/02/2021,PDT,OR,ANM,WE,Federal Contract Tower,0,18,1,2,21,0,0,0,2,2,0,18,1,4,23,0,0,0,23
11/03/2021,PDT,OR,ANM,WE,Federal Contract Tower,0,10,2,0,12,0,0,2,0,2,0,10,4,0,14,0,0,0,14
11/04/2021,PDT,OR,ANM,WE,Federal Contract Tower,0,13,0,0,13,0,5,3,0,8,0,18,3,0,21,10,0,10,31
11/05/2021,PDT,OR,ANM,WE,Federal Contract Tower,0,7,2,0,9,0,4,6,4,14,0,11,8,4,23,18,0,18,41
11/06/2021,PDT,OR,ANM,WE,Federal Contract Tower,0,6,0,0,6,0,3,2,5,10,0,9,2,5,16,2,6,8,24
11/07/2021,PDT,OR,ANM,WE,Federal Contract Tower,0,7,2,0,9,0,6,14,0,20,0,13,16,0,29,2,0,2,31
11/08/2021,PDT,OR,ANM,WE,Federal Contract Tower,0,8,2,2,12,0,2,17,7,26,0,10,19,9,38,34,8,42,80
11/09/2021,PDT,OR,ANM,WE,Federal Contract Tower,0,11,1,1,13,0,0,1,6,7,0,11,2,7,20,2,1,3,23
11/10/2021,PDT,OR,ANM,WE,Federal Contract Tower,0,6,1,2,9,0,3,20,4,27,0,9,21,6,36,96,0,96,132
11/11/2021,PDT,OR,ANM,WE,Federal Contract Tower,0,10,7,0,17,0,0,0,0,0,0,10,7,0,17,4,0,4,21
11/12/2021,PDT,OR,ANM,WE,Federal Contract Tower,0,10,2,0,12,0,5,6,0,11,0,15,8,0,23,44,0,44,67
11/13/2021,PDT,OR,ANM,WE,Federal Contract Tower,0,5,5,0,10,0,3,20,0,23,0,8,25,0,33,42,0,42,75
11/14/2021,PDT,OR,ANM,WE,Federal Contract Tower,0,5,3,0,8,0,2,3,0,5,0,7,6,0,13,0,0,0,13
11/15/2021,PDT,OR,ANM,WE,Federal Contract Tower,0,8,0,0,8,0,0,5,0,5,0,8,5,0,13,28,0,28,41
11/16/2021,PDT,OR,ANM,WE,Federal Contract Tower,0,10,4,0,14,0,2,7,4,13,0,12,11,4,27,8,13,21,48
11/17/2021,PDT,OR,ANM,WE,Federal Contract Tower,0,7,5,0,12,0,6,24,5,35,0,13,29,5,47,34,15,49,96
11/18/2021,PDT,OR,ANM,WE,Federal Contract Tower,0,10,0,0,10,0,3,2,6,11,0,13,2,6,21,28,10,38,59
11/19/2021,PDT,OR,ANM,WE,Federal Contract Tower,0,11,3,0,14,0,0,0,0,0,0,11,3,0,14,0,0,0,14
11/20/2021,PDT,OR,ANM,WE,Federal Contract Tower,0,7,5,0,12,0,5,20,0,25,0,12,25,0,37,6,0,6,43
11/21/2021,PDT,OR,ANM,WE,Federal Contract Tower,0,1,6,0,7,0,0,0,0,0,0,1,6,0,7,0,0,0,7
11/22/2021,PDT,OR,ANM,WE,Federal Contract Tower,0,0,1,0,1,0,0,0,0,0,0,0,1,0,1,0,0,0,1
11/23/2021,PDT,OR,ANM,WE,Federal Contract Tower,0,9,2,0,11,0,2,2,2,6,0,11,4,2,17,0,6,6,23
11/24/2021,PDT,OR,ANM,WE,Federal Contract Tower,0,11,3,0,14,0,3,10,0,13,0,14,13,0,27,60,0,60,87
11/25/2021,PDT,OR,ANM,WE,Federal Contract Tower,0,0,0,0,0,0,7,6,0,13,0,7,6,0,13,0,0,0,13
11/26/2021,PDT,OR,ANM,WE,Federal Contract Tower,0,7,1,0,8,0,5,9,0,14,0,12,10,0,22,12,0,12,34
11/27/2021,PDT,OR,ANM,WE,Federal Contract Tower,0,5,5,0,10,0,1,6,0,7,0,6,11,0,17,2,0,2,19
11/28/2021,PDT,OR,ANM,WE,Federal Contract Tower,0,5,3,0,8,0,0,7,0,7,0,5,10,0,15,2,0,2,17
11/29/2021,PDT,OR,ANM,WE,Federal Contract Tower,0,7,0,0,7,0,0,5,0,5,0,7,5,0,12,44,0,44,56
11/30/2021,PDT,OR,ANM,WE,Federal Contract Tower,0,9,1,0,10,0,2,14,1,17,0,11,15,1,27,90,0,90,117
12/01/2021,PDT,OR,ANM,WE,Federal Contract Tower,0,7,2,0,9,0,4,10,0,14,0,11,12,0,23,36,0,36,59
12/02/2021,PDT,OR,ANM,WE,Federal Contract Tower,0,8,3,0,11,0,4,17,4,25,0,12,20,4,36,0,4,4,40
12/03/2021,PDT,OR,ANM,WE,Federal Contract Tower,0,7,2,0,9,0,1,25,0,26,0,8,27,0,35,24,0,24,59
12/04/2021,PDT,OR,ANM,WE,Federal Contract Tower,0,6,0,2,8,0,2,6,0,8,0,8,6,2,16,4,0,4,20
12/05/2021,PDT,OR,ANM,WE,Federal Contract Tower,0,6,2,0,8,0,0,18,6,24,0,6,20,6,32,4,2,6,38
12/06/2021,PDT,OR,ANM,WE,Federal Contract Tower,0,7,0,0,7,0,2,0,0,2,0,9,0,0,9,0,0,0,9
12/07/2021,PDT,OR,ANM,WE,Federal Contract Tower,0,5,3,0,8,0,1,7,0,8,0,6,10,0,16,21,0,21,37
12/08/2021,PDT,OR,ANM,WE,Federal Contract Tower,0,7,1,0,8,0,2,0,2,4,0,9,1,2,12,6,4,10,22
12/09/2021,PDT,OR,ANM,WE,Federal Contract Tower,0,9,4,0,13,0,2,3,2,7,0,11,7,2,20,42,6,48,68
12/10/2021,PDT,OR,ANM,WE,Federal Contract Tower,0,11,2,0,13,0,2,2,0,4,0,13,4,0,17,14,0,14,31
12/11/2021,PDT,OR,ANM,WE,Federal Contract Tower,0,5,2,0,7,0,2,0,0,2,0,7,2,0,9,0,0,0,9
12/12/2021,PDT,OR,ANM,WE,Federal Contract Tower,0,4,0,0,4,0,1,3,0,4,0,5,3,0,8,0,0,0,8
12/13/2021,PDT,OR,ANM,WE,Federal Contract Tower,0,7,0,0,7,0,2,0,4,6,0,9,0,4,13,24,4,28,41
12/14/2021,PDT,OR,ANM,WE,Federal Contract Tower,0,10,6,0,16,0,0,23,4,27,0,10,29,4,43,9,12,21,64
12/15/2021,PDT,OR,ANM,WE,Federal Contract Tower,0,9,0,0,9,0,3,5,1,9,0,12,5,1,18,5,3,8,26
12/16/2021,PDT,OR,ANM,WE,Federal Contract Tower,0,10,0,0,10,0,2,0,2,4,0,12,0,2,14,5,12,17,31
12/17/2021,PDT,OR,ANM,WE,Federal Contract Tower,0,9,0,0,9,0,1,11,0,12,0,10,11,0,21,33,0,33,54
12/18/2021,PDT,OR,ANM,WE,Federal Contract Tower,0,5,0,0,5,0,3,4,0,7,0,8,4,0,12,4,0,4,16
12/19/2021,PDT,OR,ANM,WE,Federal Contract Tower,0,8,1,0,9,0,0,0,0,0,0,8,1,0,9,0,0,0,9
12/20/2021,PDT,OR,ANM,WE,Federal Contract Tower,0,7,0,0,7,0,0,1,0,1,0,7,1,0,8,0,0,0,8
12/21/2021,PDT,OR,ANM,WE,Federal Contract Tower,0,12,0,0,12,0,0,0,0,0,0,12,0,0,12,0,0,0,12
12/22/2021,PDT,OR,ANM,WE,Federal Contract Tower,0,16,0,0,16,0,2,8,0,10,0,18,8,0,26,22,0,22,48
12/23/2021,PDT,OR,ANM,WE,Federal Contract Tower,0,18,0,0,18,0,2,0,0,2,0,20,0,0,20,2,0,2,22
12/24/2021,PDT,OR,ANM,WE,Federal Contract Tower,0,13,0,0,13,0,1,0,0,1,0,14,0,0,14,0,0,0,14
12/25/2021,PDT,OR,ANM,WE,Federal Contract Tower,0,2,2,0,4,0,0,4,0,4,0,2,6,0,8,0,0,0,8
12/26/2021,PDT,OR,ANM,WE,Federal Contract Tower,0,2,2,0,4,0,0,0,0,0,0,2,2,0,4,0,0,0,4
12/27/2021,PDT,OR,ANM,WE,Federal Contract Tower,0,4,0,0,4,0,0,4,0,4,0,4,4,0,8,2,0,2,10
12/28/2021,PDT,OR,ANM,WE,Federal Contract Tower,0,15,0,0,15,0,0,0,0,0,0,15,0,0,15,0,0,0,15
12/29/2021,PDT,OR,ANM,WE,Federal Contract Tower,0,18,0,0,18,0,0,0,0,0,0,18,0,0,18,0,0,0,18
12/30/2021,PDT,OR,ANM,WE,Federal Contract Tower,0,9,0,0,9,0,0,0,0,0,0,9,0,0,9,0,0,0,9
12/31/2021,PDT,OR,ANM,WE,Federal Contract Tower,0,13,1,0,14,0,2,3,0,5,0,15,4,0,19,0,0,0,19
01/01/2022,PDT,OR,ANM,WE,Federal Contract Tower,0,0,0,0,0,0,2,4,0,6,0,2,4,0,6,0,0,0,6
01/02/2022,PDT,OR,ANM,WE,Federal Contract Tower,0,4,5,0,9,0,0,3,0,3,0,4,8,0,12,0,0,0,12
01/03/2022,PDT,OR,ANM,WE,Federal Contract Tower,0,0,0,0,0,0,0,0,0,0,0,0,0,0,0,0,0,0,0
01/04/2022,PDT,OR,ANM,WE,Federal Contract Tower,0,11,0,0,11,0,0,0,0,0,0,11,0,0,11,0,0,0,11
01/05/2022,PDT,OR,ANM,WE,Federal Contract Tower,0,15,0,0,15,0,0,0,0,0,0,15,0,0,15,0,0,0,15
01/06/2022,PDT,OR,ANM,WE,Federal Contract Tower,0,4,0,0,4,0,0,0,4,4,0,4,0,4,8,0,20,20,28
01/07/2022,PDT,OR,ANM,WE,Federal Contract Tower,0,14,1,0,15,0,4,0,2,6,0,18,1,2,21,0,0,0,21
01/08/2022,PDT,OR,ANM,WE,Federal Contract Tower,0,7,5,0,12,0,2,24,0,26,0,9,29,0,38,48,0,48,86
01/09/2022,PDT,OR,ANM,WE,Federal Contract Tower,0,6,3,0,9,0,5,17,7,29,0,11,20,7,38,2,4,6,44
01/10/2022,PDT,OR,ANM,WE,Federal Contract Tower,8,0,0,0,8,11,0,0,0,11,19,0,0,0,19,18,0,18,37
01/11/2022,PDT,OR,ANM,WE,Federal Contract Tower,0,9,0,0,9,0,0,40,0,40,0,9,40,0,49,0,0,0,49
01/12/2022,PDT,OR,ANM,WE,Federal Contract Tower,0,6,0,0,6,0,3,13,2,18,0,9,13,2,24,54,2,56,80
01/13/2022,PDT,OR,ANM,WE,Federal Contract Tower,0,9,2,0,11,0,1,6,1,8,0,10,8,1,19,8,5,13,32
01/14/2022,PDT,OR,ANM,WE,Federal Contract Tower,0,8,1,0,9,0,2,11,0,13,0,10,12,0,22,38,0,38,60
01/15/2022,PDT,OR,ANM,WE,Federal Contract Tower,0,1,0,0,1,0,0,0,0,0,0,1,0,0,1,0,0,0,1
01/16/2022,PDT,OR,ANM,WE,Federal Contract Tower,0,7,0,0,7,0,0,0,0,0,0,7,0,0,7,0,0,0,7
01/17/2022,PDT,OR,ANM,WE,Federal Contract Tower,0,8,0,0,8,0,1,0,0,1,0,9,0,0,9,0,0,0,9
01/18/2022,PDT,OR,ANM,WE,Federal Contract Tower,0,21,1,0,22,0,0,1,4,5,0,21,2,4,27,0,0,0,27
01/19/2022,PDT,OR,ANM,WE,Federal Contract Tower,16,3,0,0,19,1,0,0,0,1,17,3,0,0,20,20,0,20,40
01/20/2022,PDT,OR,ANM,WE,Federal Contract Tower,0,10,1,0,11,0,3,5,0,8,0,13,6,0,19,6,2,8,27
01/21/2022,PDT,OR,ANM,WE,Federal Contract Tower,0,6,2,0,8,0,0,31,0,31,0,6,33,0,39,72,0,72,111
01/22/2022,PDT,OR,ANM,WE,Federal Contract Tower,0,4,4,0,8,0,1,29,0,30,0,5,33,0,38,44,0,44,82
01/23/2022,PDT,OR,ANM,WE,Federal Contract Tower,0,1,1,0,2,0,0,0,0,0,0,1,1,0,2,0,0,0,2
01/24/2022,PDT,OR,ANM,WE,Federal Contract Tower,0,7,1,0,8,0,0,0,0,0,0,7,1,0,8,0,0,0,8
01/25/2022,PDT,OR,ANM,WE,Federal Contract Tower,0,10,0,0,10,0,0,0,0,0,0,10,0,0,10,0,2,2,12
01/26/2022,PDT,OR,ANM,WE,Federal Contract Tower,0,10,0,0,10,0,0,0,4,4,0,10,0,4,14,0,4,4,18
01/27/2022,PDT,OR,ANM,WE,Federal Contract Tower,0,16,1,0,17,0,0,0,2,2,0,16,1,2,19,0,8,8,27
01/28/2022,PDT,OR,ANM,WE,Federal Contract Tower,0,7,7,0,14,0,2,1,2,5,0,9,8,2,19,0,0,0,19
01/29/2022,PDT,OR,ANM,WE,Federal Contract Tower,0,5,2,0,7,0,0,1,0,1,0,5,3,0,8,0,0,0,8
01/30/2022,PDT,OR,ANM,WE,Federal Contract Tower,0,5,3,0,8,0,0,5,0,5,0,5,8,0,13,0,0,0,13
01/31/2022,PDT,OR,ANM,WE,Federal Contract Tower,0,7,0,0,7,0,1,3,2,6,0,8,3,2,13,0,0,0,13
02/01/2022,PDT,OR,ANM,WE,Federal Contract Tower,0,10,1,0,11,0,3,6,0,9,0,13,7,0,20,2,0,2,22
02/02/2022,PDT,OR,ANM,WE,Federal Contract Tower,0,12,0,0,12,0,5,17,0,22,0,17,17,0,34,30,0,30,64
02/03/2022,PDT,OR,ANM,WE,Federal Contract Tower,0,10,0,0,10,0,2,13,0,15,0,12,13,0,25,78,0,78,103
02/04/2022,PDT,OR,ANM,WE,Federal Contract Tower,0,7,7,2,16,0,5,8,0,13,0,12,15,2,29,22,0,22,51
02/05/2022,PDT,OR,ANM,WE,Federal Contract Tower,0,5,0,0,5,0,1,13,0,14,0,6,13,0,19,16,0,16,35
02/06/2022,PDT,OR,ANM,WE,Federal Contract Tower,0,4,0,0,4,0,1,34,0,35,0,5,34,0,39,31,2,33,72
02/07/2022,PDT,OR,ANM,WE,Federal Contract Tower,0,8,0,0,8,0,1,6,0,7,0,9,6,0,15,18,0,18,33
02/08/2022,PDT,OR,ANM,WE,Federal Contract Tower,0,8,7,0,15,0,3,21,8,32,0,11,28,8,47,39,3,42,89
02/09/2022,PDT,OR,ANM,WE,Federal Contract Tower,0,7,0,0,7,0,8,17,2,27,0,15,17,2,34,54,0,54,88
02/10/2022,PDT,OR,ANM,WE,Federal Contract Tower,0,12,2,1,15,0,5,14,4,23,0,17,16,5,38,46,2,48,86
02/11/2022,PDT,OR,ANM,WE,Federal Contract Tower,0,7,0,0,7,0,9,8,1,18,0,16,8,1,25,44,2,46,71
02/12/2022,PDT,OR,ANM,WE,Federal Contract Tower,0,6,3,0,9,0,3,32,0,35,0,9,35,0,44,19,0,19,63
02/13/2022,PDT,OR,ANM,WE,Federal Contract Tower,0,8,2,0,10,0,1,11,0,12,0,9,13,0,22,0,0,0,22
02/14/2022,PDT,OR,ANM,WE,Federal Contract Tower,0,6,0,0,6,0,1,9,0,10,0,7,9,0,16,6,0,6,22
02/15/2022,PDT,OR,ANM,WE,Federal Contract Tower,0,10,0,0,10,0,2,10,0,12,0,12,10,0,22,16,2,18,40
02/16/2022,PDT,OR,ANM,WE,Federal Contract Tower,0,9,2,0,11,0,2,9,4,15,0,11,11,4,26,30,8,38,64
02/17/2022,PDT,OR,ANM,WE,Federal Contract Tower,0,9,4,0,13,0,3,15,0,18,0,12,19,0,31,16,6,22,53
02/18/2022,PDT,OR,ANM,WE,Federal Contract Tower,0,9,0,0,9,0,0,23,1,24,0,9,23,1,33,30,0,30,63
02/19/2022,PDT,OR,ANM,WE,Federal Contract Tower,0,6,2,0,8,0,2,19,0,21,0,8,21,0,29,4,0,4,33
02/20/2022,PDT,OR,ANM,WE,Federal Contract Tower,0,6,0,0,6,0,2,8,0,10,0,8,8,0,16,0,0,0,16
02/21/2022,PDT,OR,ANM,WE,Federal Contract Tower,0,8,0,0,8,0,1,7,0,8,0,9,7,0,16,4,0,4,20
02/22/2022,PDT,OR,ANM,WE,Federal Contract Tower,0,9,0,0,9,0,6,0,2,8,0,15,0,2,17,0,14,14,31
02/23/2022,PDT,OR,ANM,WE,Federal Contract Tower,0,12,0,0,12,0,7,10,1,18,0,19,10,1,30,4,6,10,40
02/24/2022,PDT,OR,ANM,WE,Federal Contract Tower,0,14,3,0,17,0,0,0,3,3,0,14,3,3,20,0,2,2,22
02/25/2022,PDT,OR,ANM,WE,Federal Contract Tower,0,5,2,2,9,0,8,11,0,19,0,13,13,2,28,8,0,8,36
02/26/2022,PDT,OR,ANM,WE,Federal Contract Tower,0,6,0,0,6,0,6,14,0,20,0,12,14,0,26,12,0,12,38
02/27/2022,PDT,OR,ANM,WE,Federal Contract Tower,0,6,4,0,10,0,1,2,0,3,0,7,6,0,13,6,0,6,19
02/28/2022,PDT,OR,ANM,WE,Federal Contract Tower,0,6,0,0,6,0,0,0,0,0,0,6,0,0,6,0,0,0,6
03/01/2022,PDT,OR,ANM,WE,Federal Contract Tower,0,8,0,0,8,0,2,5,0,7,0,10,5,0,15,30,11,41,56
03/02/2022,PDT,OR,ANM,WE,Federal Contract Tower,0,9,2,0,11,0,0,0,0,0,0,9,2,0,11,6,0,6,17
03/03/2022,PDT,OR,ANM,WE,Federal Contract Tower,0,10,1,0,11,0,0,6,0,6,0,10,7,0,17,18,2,20,37
03/04/2022,PDT,OR,ANM,WE,Federal Contract Tower,0,9,0,0,9,0,3,12,16,31,0,12,12,16,40,42,6,48,88
03/05/2022,PDT,OR,ANM,WE,Federal Contract Tower,0,8,5,0,13,0,0,31,0,31,0,8,36,0,44,32,0,32,76
03/06/2022,PDT,OR,ANM,WE,Federal Contract Tower,0,6,3,0,9,0,0,0,0,0,0,6,3,0,9,22,0,22,31
03/07/2022,PDT,OR,ANM,WE,Federal Contract Tower,0,11,0,0,11,0,15,8,3,26,0,26,8,3,37,24,6,30,67
03/08/2022,PDT,OR,ANM,WE,Federal Contract Tower,0,6,0,0,6,0,2,1,5,8,0,8,1,5,14,0,0,0,14
03/09/2022,PDT,OR,ANM,WE,Federal Contract Tower,0,9,1,0,10,0,4,0,0,4,0,13,1,0,14,20,0,20,34
03/10/2022,PDT,OR,ANM,WE,Federal Contract Tower,0,10,1,0,11,0,4,14,2,20,0,14,15,2,31,46,0,46,77
03/11/2022,PDT,OR,ANM,WE,Federal Contract Tower,0,10,2,0,12,0,2,18,3,23,0,12,20,3,35,58,0,58,93
03/12/2022,PDT,OR,ANM,WE,Federal Contract Tower,0,5,3,0,8,0,0,0,0,0,0,5,3,0,8,6,0,6,14
03/13/2022,PDT,OR,ANM,WE,Federal Contract Tower,0,5,1,0,6,0,1,1,0,2,0,6,2,0,8,0,0,0,8
03/14/2022,PDT,OR,ANM,WE,Federal Contract Tower,0,11,2,0,13,0,4,11,0,15,0,15,13,0,28,34,3,37,65
03/15/2022,PDT,OR,ANM,WE,Federal Contract Tower,0,9,2,0,11,0,5,6,3,14,0,14,8,3,25,17,11,28,53
03/16/2022,PDT,OR,ANM,WE,Federal Contract Tower,0,7,2,0,9,0,3,11,7,21,0,10,13,7,30,33,0,33,63
03/17/2022,PDT,OR,ANM,WE,Federal Contract Tower,0,8,0,0,8,0,3,9,13,25,0,11,9,13,33,20,8,28,61
03/18/2022,PDT,OR,ANM,WE,Federal Contract Tower,0,7,2,0,9,0,2,17,8,27,0,9,19,8,36,35,0,35,71
03/19/2022,PDT,OR,ANM,WE,Federal Contract Tower,0,6,3,0,9,0,1,8,2,11,0,7,11,2,20,0,0,0,20
03/20/2022,PDT,OR,ANM,WE,Federal Contract Tower,0,5,3,0,8,0,1,13,0,14,0,6,16,0,22,0,0,0,22
03/21/2022,PDT,OR,ANM,WE,Federal Contract Tower,0,7,0,0,7,0,1,0,8,9,0,8,0,8,16,2,0,2,18
03/22/2022,PDT,OR,ANM,WE,Federal Contract Tower,0,10,4,0,14,0,1,17,10,28,0,11,21,10,42,66,0,66,108
03/23/2022,PDT,OR,ANM,WE,Federal Contract Tower,0,9,0,0,9,0,0,8,2,10,0,9,8,2,19,41,0,41,60
03/24/2022,PDT,OR,ANM,WE,Federal Contract Tower,0,8,0,0,8,0,1,21,4,26,0,9,21,4,34,60,0,60,94
03/25/2022,PDT,OR,ANM,WE,Federal Contract Tower,0,7,0,0,7,0,3,18,6,27,0,10,18,6,34,16,4,20,54
03/26/2022,PDT,OR,ANM,WE,Federal Contract Tower,0,6,4,0,10,0,4,25,0,29,0,10,29,0,39,0,0,0,39
03/27/2022,PDT,OR,ANM,WE,Federal Contract Tower,0,7,0,0,7,0,5,17,0,22,0,12,17,0,29,42,0,42,71
03/28/2022,PDT,OR,ANM,WE,Federal Contract Tower,0,9,1,0,10,0,5,1,8,14,0,14,2,8,24,14,6,20,44
03/29/2022,PDT,OR,ANM,WE,Federal Contract Tower,0,11,1,1,13,0,3,23,4,30,0,14,24,5,43,67,8,75,118
03/30/2022,PDT,OR,ANM,WE,Federal Contract Tower,0,11,0,0,11,0,3,2,1,6,0,14,2,1,17,0,2,2,19
03/31/2022,PDT,OR,ANM,WE,Federal Contract Tower,0,8,0,0,8,0,7,6,0,13,0,15,6,0,21,32,0,32,53
04/01/2022,PDT,OR,ANM,WE,Federal Contract Tower,0,8,3,0,11,0,6,26,2,34,0,14,29,2,45,56,0,56,101
04/02/2022,PDT,OR,ANM,WE,Federal Contract Tower,0,6,1,0,7,0,0,0,0,0,0,6,1,0,7,0,0,0,7
04/03/2022,PDT,OR,ANM,WE,Federal Contract Tower,0,5,4,0,9,0,4,13,0,17,0,9,17,0,26,4,0,4,30
04/04/2022,PDT,OR,ANM,WE,Federal Contract Tower,0,5,0,0,5,0,1,2,0,3,0,6,2,0,8,0,0,0,8
04/05/2022,PDT,OR,ANM,WE,Federal Contract Tower,0,8,0,0,8,0,5,2,0,7,0,13,2,0,15,0,0,0,15
04/06/2022,PDT,OR,ANM,WE,Federal Contract Tower,0,6,5,0,11,0,3,24,0,27,0,9,29,0,38,26,0,26,64
04/07/2022,PDT,OR,ANM,WE,Federal Contract Tower,0,7,0,2,9,0,3,17,6,26,0,10,17,8,35,16,0,16,51
04/08/2022,PDT,OR,ANM,WE,Federal Contract Tower,0,8,0,0,8,0,4,8,0,12,0,12,8,0,20,4,0,4,24
04/09/2022,PDT,OR,ANM,WE,Federal Contract Tower,0,7,0,0,7,0,3,2,0,5,0,10,2,0,12,0,0,0,12
04/10/2022,PDT,OR,ANM,WE,Federal Contract Tower,0,6,0,0,6,0,1,0,0,1,0,7,0,0,7,0,0,0,7
04/11/2022,PDT,OR,ANM,WE,Federal Contract Tower,0,5,0,0,5,0,0,0,1,1,0,5,0,1,6,0,0,0,6
04/12/2022,PDT,OR,ANM,WE,Federal Contract Tower,0,8,0,0,8,0,1,2,4,7,0,9,2,4,15,2,0,2,17
04/13/2022,PDT,OR,ANM,WE,Federal Contract Tower,0,10,0,1,11,0,1,1,1,3,0,11,1,2,14,14,0,14,28
04/14/2022,PDT,OR,ANM,WE,Federal Contract Tower,0,7,2,0,9,0,0,0,2,2,0,7,2,2,11,6,2,8,19
04/15/2022,PDT,OR,ANM,WE,Federal Contract Tower,0,13,0,0,13,0,2,18,0,20,0,15,18,0,33,66,0,66,99
04/16/2022,PDT,OR,ANM,WE,Federal Contract Tower,0,6,0,0,6,0,0,1,0,1,0,6,1,0,7,0,0,0,7
04/17/2022,PDT,OR,ANM,WE,Federal Contract Tower,0,6,2,0,8,0,2,23,0,25,0,8,25,0,33,4,0,4,37
04/18/2022,PDT,OR,ANM,WE,Federal Contract Tower,0,12,0,0,12,0,3,5,1,9,0,15,5,1,21,38,0,38,59
04/19/2022,PDT,OR,ANM,WE,Federal Contract Tower,0,8,2,3,13,0,8,12,0,20,0,16,14,3,33,38,0,38,71
04/20/2022,PDT,OR,ANM,WE,Federal Contract Tower,0,6,1,1,8,0,6,20,1,27,0,12,21,2,35,22,0,22,57
04/21/2022,PDT,OR,ANM,WE,Federal Contract Tower,0,10,2,0,12,0,6,11,2,19,0,16,13,2,31,52,2,54,85
04/22/2022,PDT,OR,ANM,WE,Federal Contract Tower,0,7,2,0,9,0,3,21,0,24,0,10,23,0,33,76,0,76,109
04/23/2022,PDT,OR,ANM,WE,Federal Contract Tower,0,7,1,0,8,0,1,12,0,13,0,8,13,0,21,12,0,12,33
04/24/2022,PDT,OR,ANM,WE,Federal Contract Tower,0,6,3,0,9,0,1,17,12,30,0,7,20,12,39,4,0,4,43
04/25/2022,PDT,OR,ANM,WE,Federal Contract Tower,0,12,0,0,12,0,3,17,3,23,0,15,17,3,35,98,0,98,133
04/26/2022,PDT,OR,ANM,WE,Federal Contract Tower,0,7,0,0,7,0,4,1,7,12,0,11,1,7,19,2,0,2,21
04/27/2022,PDT,OR,ANM,WE,Federal Contract Tower,0,7,0,0,7,0,27,23,4,54,0,34,23,4,61,66,5,71,132
04/28/2022,PDT,OR,ANM,WE,Federal Contract Tower,0,10,1,0,11,0,2,3,12,17,0,12,4,12,28,78,2,80,108
04/29/2022,PDT,OR,ANM,WE,Federal Contract Tower,0,10,2,1,13,0,3,13,13,29,0,13,15,14,42,72,6,78,120
04/30/2022,PDT,OR,ANM,WE,Federal Contract Tower,0,3,0,0,3,0,0,2,0,2,0,3,2,0,5,8,0,8,13
05/01/2022,PDT,OR,ANM,WE,Federal Contract Tower,0,5,0,0,5,0,1,19,10,30,0,6,19,10,35,4,0,4,39
05/02/2022,PDT,OR,ANM,WE,Federal Contract Tower,0,7,2,0,9,0,1,3,0,4,0,8,5,0,13,2,0,2,15
05/03/2022,PDT,OR,ANM,WE,Federal Contract Tower,0,8,1,0,9,0,1,2,2,5,0,9,3,2,14,82,0,82,96
05/04/2022,PDT,OR,ANM,WE,Federal Contract Tower,0,10,2,0,12,0,2,20,10,32,0,12,22,10,44,112,0,112,156
05/05/2022,PDT,OR,ANM,WE,Federal Contract Tower,0,10,1,0,11,0,3,2,8,13,0,13,3,8,24,24,5,29,53
05/06/2022,PDT,OR,ANM,WE,Federal Contract Tower,0,6,2,0,8,0,3,3,4,10,0,9,5,4,18,32,6,38,56
05/07/2022,PDT,OR,ANM,WE,Federal Contract Tower,0,6,0,0,6,0,3,3,4,10,0,9,3,4,16,0,0,0,16
05/08/2022,PDT,OR,ANM,WE,Federal Contract Tower,0,8,2,0,10,0,3,5,2,10,0,11,7,2,20,0,4,4,24
05/09/2022,PDT,OR,ANM,WE,Federal Contract Tower,0,13,3,0,16,0,1,4,0,5,0,14,7,0,21,12,6,18,39
05/10/2022,PDT,OR,ANM,WE,Federal Contract Tower,0,6,1,0,7,0,7,7,0,14,0,13,8,0,21,13,10,23,44
05/11/2022,PDT,OR,ANM,WE,Federal Contract Tower,0,8,3,1,12,0,10,20,0,30,0,18,23,1,42,44,0,44,86
05/12/2022,PDT,OR,ANM,WE,Federal Contract Tower,0,10,7,0,17,0,2,8,2,12,0,12,15,2,29,18,6,24,53
05/13/2022,PDT,OR,ANM,WE,Federal Contract Tower,0,5,5,2,12,0,2,18,3,23,0,7,23,5,35,20,4,24,59
05/14/2022,PDT,OR,ANM,WE,Federal Contract Tower,0,6,3,0,9,0,1,7,0,8,0,7,10,0,17,60,0,60,77
05/15/2022,PDT,OR,ANM,WE,Federal Contract Tower,0,5,4,0,9,0,2,23,0,25,0,7,27,0,34,4,0,4,38
05/16/2022,PDT,OR,ANM,WE,Federal Contract Tower,0,7,2,0,9,0,3,2,0,5,0,10,4,0,14,28,0,28,42
05/17/2022,PDT,OR,ANM,WE,Federal Contract Tower,0,8,3,0,11,0,3,30,1,34,0,11,33,1,45,61,0,61,106
05/18/2022,PDT,OR,ANM,WE,Federal Contract Tower,0,10,1,0,11,0,0,4,2,6,0,10,5,2,17,28,0,28,45
05/19/2022,PDT,OR,ANM,WE,Federal Contract Tower,0,8,0,0,8,0,4,1,0,5,0,12,1,0,13,0,0,0,13
05/20/2022,PDT,OR,ANM,WE,Federal Contract Tower,0,8,0,0,8,0,3,22,2,27,0,11,22,2,35,42,0,42,77
05/21/2022,PDT,OR,ANM,WE,Federal Contract Tower,0,5,2,0,7,0,3,14,2,19,0,8,16,2,26,16,0,16,42
05/22/2022,PDT,OR,ANM,WE,Federal Contract Tower,0,7,5,0,12,0,8,9,0,17,0,15,14,0,29,2,0,2,31
05/23/2022,PDT,OR,ANM,WE,Federal Contract Tower,0,6,5,3,14,0,7,9,8,24,0,13,14,11,38,32,0,32,70
05/24/2022,PDT,OR,ANM,WE,Federal Contract Tower,0,6,2,4,12,0,3,38,8,49,0,9,40,12,61,36,0,36,97
05/25/2022,PDT,OR,ANM,WE,Federal Contract Tower,0,4,2,0,6,0,6,10,0,16,0,10,12,0,22,28,0,28,50
05/26/2022,PDT,OR,ANM,WE,Federal Contract Tower,0,8,3,0,11,0,8,40,0,48,0,16,43,0,59,32,0,32,91
05/27/2022,PDT,OR,ANM,WE,Federal Contract Tower,0,10,2,0,12,0,3,17,0,20,0,13,19,0,32,6,0,6,38
05/28/2022,PDT,OR,ANM,WE,Federal Contract Tower,0,13,0,0,13,0,0,9,0,9,0,13,9,0,22,10,0,10,32
05/29/2022,PDT,OR,ANM,WE,Federal Contract Tower,0,7,0,0,7,0,0,0,0,0,0,7,0,0,7,0,0,0,7
05/30/2022,PDT,OR,ANM,WE,Federal Contract Tower,0,5,0,0,5,0,4,10,0,14,0,9,10,0,19,4,0,4,23
05/31/2022,PDT,OR,ANM,WE,Federal Contract Tower,0,7,1,1,9,0,3,50,3,56,0,10,51,4,65,54,0,54,119
06/01/2022,PDT,OR,ANM,WE,Federal Contract Tower,0,5,4,0,9,0,2,15,1,18,0,7,19,1,27,35,0,35,62
06/02/2022,PDT,OR,ANM,WE,Federal Contract Tower,0,5,0,0,5,0,1,12,0,13,0,6,12,0,18,20,0,20,38
06/03/2022,PDT,OR,ANM,WE,Federal Contract Tower,0,5,1,0,6,0,0,10,0,10,0,5,11,0,16,31,0,31,47
06/04/2022,PDT,OR,ANM,WE,Federal Contract Tower,0,6,1,0,7,0,2,21,0,23,0,8,22,0,30,10,0,10,40
06/05/2022,PDT,OR,ANM,WE,Federal Contract Tower,0,5,9,0,14,0,0,13,0,13,0,5,22,0,27,8,0,8,35
06/06/2022,PDT,OR,ANM,WE,Federal Contract Tower,0,7,4,0,11,0,3,11,0,14,0,10,15,0,25,32,0,32,57
06/07/2022,PDT,OR,ANM,WE,Federal Contract Tower,0,6,1,0,7,0,2,37,2,41,0,8,38,2,48,38,0,38,86
06/08/2022,PDT,OR,ANM,WE,Federal Contract Tower,0,6,1,1,8,0,22,7,0,29,0,28,8,1,37,14,3,17,54
06/09/2022,PDT,OR,ANM,WE,Federal Contract Tower,0,5,2,0,7,0,0,22,4,26,0,5,24,4,33,40,0,40,73
06/10/2022,PDT,OR,ANM,WE,Federal Contract Tower,0,6,5,3,14,0,2,9,4,15,0,8,14,7,29,28,0,28,57
06/11/2022,PDT,OR,ANM,WE,Federal Contract Tower,0,6,0,0,6,0,0,4,0,4,0,6,4,0,10,22,0,22,32
06/12/2022,PDT,OR,ANM,WE,Federal Contract Tower,0,5,3,0,8,0,0,18,0,18,0,5,21,0,26,8,0,8,34
06/13/2022,PDT,OR,ANM,WE,Federal Contract Tower,0,7,0,0,7,0,1,3,3,7,0,8,3,3,14,0,0,0,14
06/14/2022,PDT,OR,ANM,WE,Federal Contract Tower,0,6,5,2,13,0,2,3,0,5,0,8,8,2,18,0,0,0,18
06/15/2022,PDT,OR,ANM,WE,Federal Contract Tower,0,5,3,0,8,0,1,28,4,33,0,6,31,4,41,48,0,48,89
06/16/2022,PDT,OR,ANM,WE,Federal Contract Tower,0,6,2,0,8,0,1,27,0,28,0,7,29,0,36,48,0,48,84
06/17/2022,PDT,OR,ANM,WE,Federal Contract Tower,0,5,2,1,8,0,3,5,0,8,0,8,7,1,16,24,0,24,40
06/18/2022,PDT,OR,ANM,WE,Federal Contract Tower,0,7,1,0,8,0,2,14,2,18,0,9,15,2,26,22,0,22,48
06/19/2022,PDT,OR,ANM,WE,Federal Contract Tower,0,5,2,0,7,0,1,9,0,10,0,6,11,0,17,6,0,6,23
06/20/2022,PDT,OR,ANM,WE,Federal Contract Tower,0,4,1,1,6,0,5,16,5,26,0,9,17,6,32,46,0,46,78
06/21/2022,PDT,OR,ANM,WE,Federal Contract Tower,0,7,0,0,7,0,4,16,3,23,0,11,16,3,30,44,0,44,74
06/22/2022,PDT,OR,ANM,WE,Federal Contract Tower,0,5,1,0,6,0,3,16,3,22,0,8,17,3,28,52,0,52,80
06/23/2022,PDT,OR,ANM,WE,Federal Contract Tower,0,5,0,0,5,0,1,19,3,23,0,6,19,3,28,58,0,58,86
06/24/2022,PDT,OR,ANM,WE,Federal Contract Tower,0,5,3,0,8,0,21,24,2,47,0,26,27,2,55,10,0,10,65
06/25/2022,PDT,OR,ANM,WE,Federal Contract Tower,0,5,0,0,5,0,5,155,1,161,0,10,155,1,166,22,0,22,188
06/26/2022,PDT,OR,ANM,WE,Federal Contract Tower,0,6,0,0,6,0,6,16,0,22,0,12,16,0,28,16,0,16,44
06/27/2022,PDT,OR,ANM,WE,Federal Contract Tower,0,5,0,0,5,0,3,3,0,6,0,8,3,0,11,24,0,24,35
06/28/2022,PDT,OR,ANM,WE,Federal Contract Tower,0,6,0,0,6,0,4,16,0,20,0,10,16,0,26,10,0,10,36
06/29/2022,PDT,OR,ANM,WE,Federal Contract Tower,0,5,1,0,6,0,2,14,0,16,0,7,15,0,22,26,0,26,48
06/30/2022,PDT,OR,ANM,WE,Federal Contract Tower,0,5,0,0,5,0,3,18,0,21,0,8,18,0,26,60,0,60,86
07/01/2022,PDT,OR,ANM,WE,Federal Contract Tower,0,5,1,0,6,0,0,25,0,25,0,5,26,0,31,38,0,38,69
07/02/2022,PDT,OR,ANM,WE,Federal Contract Tower,0,6,0,0,6,0,1,15,0,16,0,7,15,0,22,26,0,26,48
07/03/2022,PDT,OR,ANM,WE,Federal Contract Tower,0,6,2,0,8,0,5,4,0,9,0,11,6,0,17,10,0,10,27
07/04/2022,PDT,OR,ANM,WE,Federal Contract Tower,0,8,2,0,10,0,4,11,0,15,0,12,13,0,25,10,0,10,35
07/05/2022,PDT,OR,ANM,WE,Federal Contract Tower,0,5,1,0,6,0,2,9,5,16,0,7,10,5,22,6,0,6,28
07/06/2022,PDT,OR,ANM,WE,Federal Contract Tower,0,8,1,0,9,0,4,13,1,18,0,12,14,1,27,10,0,10,37
07/07/2022,PDT,OR,ANM,WE,Federal Contract Tower,0,5,1,0,6,0,5,14,4,23,0,10,15,4,29,2,0,2,31
07/08/2022,PDT,OR,ANM,WE,Federal Contract Tower,0,7,4,0,11,0,3,21,4,28,0,10,25,4,39,88,0,88,127
07/09/2022,PDT,OR,ANM,WE,Federal Contract Tower,0,6,2,1,9,0,7,6,3,16,0,13,8,4,25,28,0,28,53
07/10/2022,PDT,OR,ANM,WE,Federal Contract Tower,0,7,0,0,7,0,0,13,0,13,0,7,13,0,20,8,0,8,28
07/11/2022,PDT,OR,ANM,WE,Federal Contract Tower,0,5,4,0,9,0,4,16,2,22,0,9,20,2,31,32,0,32,63
07/12/2022,PDT,OR,ANM,WE,Federal Contract Tower,0,5,0,0,5,0,1,11,2,14,0,6,11,2,19,34,0,34,53
07/13/2022,PDT,OR,ANM,WE,Federal Contract Tower,0,5,0,0,5,0,6,22,2,30,0,11,22,2,35,48,0,48,83
07/14/2022,PDT,OR,ANM,WE,Federal Contract Tower,0,5,2,0,7,0,1,27,0,28,0,6,29,0,35,42,0,42,77
07/15/2022,PDT,OR,ANM,WE,Federal Contract Tower,0,6,6,0,12,0,6,8,0,14,0,12,14,0,26,50,0,50,76
07/16/2022,PDT,OR,ANM,WE,Federal Contract Tower,0,5,2,0,7,0,2,3,0,5,0,7,5,0,12,60,0,60,72
07/17/2022,PDT,OR,ANM,WE,Federal Contract Tower,0,5,4,0,9,0,5,20,0,25,0,10,24,0,34,11,0,11,45
07/18/2022,PDT,OR,ANM,WE,Federal Contract Tower,0,5,0,0,5,0,4,17,0,21,0,9,17,0,26,20,0,20,46
07/19/2022,PDT,OR,ANM,WE,Federal Contract Tower,0,6,0,0,6,0,2,5,3,10,0,8,5,3,16,24,0,24,40
07/20/2022,PDT,OR,ANM,WE,Federal Contract Tower,0,5,0,0,5,0,3,13,0,16,0,8,13,0,21,22,0,22,43
07/21/2022,PDT,OR,ANM,WE,Federal Contract Tower,0,5,1,0,6,0,2,26,0,28,0,7,27,0,34,27,0,27,61
07/22/2022,PDT,OR,ANM,WE,Federal Contract Tower,0,6,1,0,7,0,2,9,2,13,0,8,10,2,20,14,0,14,34
07/23/2022,PDT,OR,ANM,WE,Federal Contract Tower,0,5,7,0,12,0,3,15,0,18,0,8,22,0,30,40,0,40,70
07/24/2022,PDT,OR,ANM,WE,Federal Contract Tower,0,5,1,0,6,0,3,14,10,27,0,8,15,10,33,150,0,150,183
07/25/2022,PDT,OR,ANM,WE,Federal Contract Tower,0,6,0,0,6,0,5,18,0,23,0,11,18,0,29,32,0,32,61
07/26/2022,PDT,OR,ANM,WE,Federal Contract Tower,0,5,0,0,5,0,2,9,2,13,0,7,9,2,18,14,0,14,32
07/27/2022,PDT,OR,ANM,WE,Federal Contract Tower,0,5,0,1,6,0,2,20,0,22,0,7,20,1,28,6,0,6,34
07/28/2022,PDT,OR,ANM,WE,Federal Contract Tower,0,5,0,0,5,0,1,9,0,10,0,6,9,0,15,16,0,16,31
07/29/2022,PDT,OR,ANM,WE,Federal Contract Tower,0,5,2,0,7,0,7,22,0,29,0,12,24,0,36,47,0,47,83
07/30/2022,PDT,OR,ANM,WE,Federal Contract Tower,0,6,0,0,6,0,4,10,0,14,0,10,10,0,20,20,0,20,40
07/31/2022,PDT,OR,ANM,WE,Federal Contract Tower,0,5,0,0,5,0,3,10,0,13,0,8,10,0,18,0,0,0,18
08/01/2022,PDT,OR,ANM,WE,Federal Contract Tower,0,7,0,0,7,0,1,11,0,12,0,8,11,0,19,0,0,0,19
08/02/2022,PDT,OR,ANM,WE,Federal Contract Tower,0,6,6,0,12,0,1,10,0,11,0,7,16,0,23,66,0,66,89
08/03/2022,PDT,OR,ANM,WE,Federal Contract Tower,0,6,5,0,11,0,3,9,4,16,0,9,14,4,27,18,0,18,45
08/04/2022,PDT,OR,ANM,WE,Federal Contract Tower,0,3,1,0,4,0,0,12,4,16,0,3,13,4,20,18,2,20,40
08/05/2022,PDT,OR,ANM,WE,Federal Contract Tower,0,3,2,0,5,0,4,26,7,37,0,7,28,7,42,60,0,60,102
08/06/2022,PDT,OR,ANM,WE,Federal Contract Tower,0,5,5,3,13,0,1,19,0,20,0,6,24,3,33,6,0,6,39
08/07/2022,PDT,OR,ANM,WE,Federal Contract Tower,0,5,3,0,8,0,1,31,1,33,0,6,34,1,41,0,0,0,41
08/08/2022,PDT,OR,ANM,WE,Federal Contract Tower,0,6,0,1,7,0,2,9,2,13,0,8,9,3,20,7,0,7,27
08/09/2022,PDT,OR,ANM,WE,Federal Contract Tower,0,5,0,0,5,0,1,12,0,13,0,6,12,0,18,30,0,30,48
08/10/2022,PDT,OR,ANM,WE,Federal Contract Tower,0,5,0,0,5,0,4,15,0,19,0,9,15,0,24,22,0,22,46
08/11/2022,PDT,OR,ANM,WE,Federal Contract Tower,0,3,1,0,4,0,0,11,0,11,0,3,12,0,15,14,0,14,29
08/12/2022,PDT,OR,ANM,WE,Federal Contract Tower,0,3,0,0,3,0,1,16,0,17,0,4,16,0,20,14,0,14,34
08/13/2022,PDT,OR,ANM,WE,Federal Contract Tower,0,6,2,0,8,0,2,10,0,12,0,8,12,0,20,16,0,16,36
08/14/2022,PDT,OR,ANM,WE,Federal Contract Tower,0,5,1,0,6,0,10,17,0,27,0,15,18,0,33,10,0,10,43
08/15/2022,PDT,OR,ANM,WE,Federal Contract Tower,0,7,0,2,9,0,1,3,1,5,0,8,3,3,14,26,0,26,40
08/16/2022,PDT,OR,ANM,WE,Federal Contract Tower,0,5,2,0,7,0,3,10,2,15,0,8,12,2,22,14,2,16,38
08/17/2022,PDT,OR,ANM,WE,Federal Contract Tower,0,5,2,0,7,0,2,19,2,23,0,7,21,2,30,14,0,14,44
08/18/2022,PDT,OR,ANM,WE,Federal Contract Tower,0,6,0,0,6,0,1,4,3,8,0,7,4,3,14,4,2,6,20
08/19/2022,PDT,OR,ANM,WE,Federal Contract Tower,0,2,0,0,2,0,4,12,0,16,0,6,12,0,18,16,0,16,34
08/20/2022,PDT,OR,ANM,WE,Federal Contract Tower,0,5,0,0,5,0,2,11,0,13,0,7,11,0,18,10,0,10,28
08/21/2022,PDT,OR,ANM,WE,Federal Contract Tower,0,6,4,0,10,0,3,18,3,24,0,9,22,3,34,2,0,2,36
08/22/2022,PDT,OR,ANM,WE,Federal Contract Tower,0,4,1,0,5,0,5,17,0,22,0,9,18,0,27,14,0,14,41
08/23/2022,PDT,OR,ANM,WE,Federal Contract Tower,0,5,0,0,5,0,2,10,0,12,0,7,10,0,17,30,0,30,47
08/24/2022,PDT,OR,ANM,WE,Federal Contract Tower,0,6,0,0,6,0,5,13,0,18,0,11,13,0,24,10,0,10,34
08/25/2022,PDT,OR,ANM,WE,Federal Contract Tower,0,5,0,0,5,0,2,19,0,21,0,7,19,0,26,24,0,24,50
08/26/2022,PDT,OR,ANM,WE,Federal Contract Tower,0,6,4,0,10,0,4,0,0,4,0,10,4,0,14,21,0,21,35
08/27/2022,PDT,OR,ANM,WE,Federal Contract Tower,0,5,0,0,5,0,2,6,0,8,0,7,6,0,13,0,0,0,13
08/28/2022,PDT,OR,ANM,WE,Federal Contract Tower,0,5,0,0,5,0,1,27,0,28,0,6,27,0,33,9,0,9,42
08/29/2022,PDT,OR,ANM,WE,Federal Contract Tower,0,6,0,0,6,0,0,10,0,10,0,6,10,0,16,20,0,20,36
08/30/2022,PDT,OR,ANM,WE,Federal Contract Tower,0,5,1,0,6,0,3,2,2,7,0,8,3,2,13,28,0,28,41
08/31/2022,PDT,OR,ANM,WE,Federal Contract Tower,0,0,2,0,2,0,2,0,0,2,0,2,2,0,4,0,0,0,4
09/01/2022,PDT,OR,ANM,WE,Federal Contract Tower,0,6,2,0,8,0,2,16,0,18,0,8,18,0,26,30,0,30,56
09/02/2022,PDT,OR,ANM,WE,Federal Contract Tower,0,5,6,0,11,0,2,8,0,10,0,7,14,0,21,36,0,36,57
09/03/2022,PDT,OR,ANM,WE,Federal Contract Tower,0,6,3,0,9,0,4,10,0,14,0,10,13,0,23,0,0,0,23
09/04/2022,PDT,OR,ANM,WE,Federal Contract Tower,0,6,0,0,6,0,2,14,0,16,0,8,14,0,22,12,0,12,34
09/05/2022,PDT,OR,ANM,WE,Federal Contract Tower,0,6,3,0,9,0,5,6,0,11,0,11,9,0,20,6,0,6,26
09/06/2022,PDT,OR,ANM,WE,Federal Contract Tower,0,2,1,0,3,0,2,7,1,10,0,4,8,1,13,28,2,30,43
09/07/2022,PDT,OR,ANM,WE,Federal Contract Tower,0,2,0,0,2,0,6,12,4,22,0,8,12,4,24,22,0,22,46
09/08/2022,PDT,OR,ANM,WE,Federal Contract Tower,0,4,8,0,12,0,3,10,0,13,0,7,18,0,25,46,0,46,71
09/09/2022,PDT,OR,ANM,WE,Federal Contract Tower,0,5,2,0,7,0,1,13,0,14,0,6,15,0,21,28,2,30,51
09/10/2022,PDT,OR,ANM,WE,Federal Contract Tower,0,8,4,0,12,0,6,11,2,19,0,14,15,2,31,2,0,2,33
09/11/2022,PDT,OR,ANM,WE,Federal Contract Tower,0,8,5,0,13,0,3,6,10,19,0,11,11,10,32,2,14,16,48
09/12/2022,PDT,OR,ANM,WE,Federal Contract Tower,0,4,7,0,11,0,1,8,0,9,0,5,15,0,20,28,6,34,54
09/13/2022,PDT,OR,ANM,WE,Federal Contract Tower,0,6,6,2,14,0,3,6,3,12,0,9,12,5,26,0,0,0,26
09/14/2022,PDT,OR,ANM,WE,Federal Contract Tower,0,5,12,0,17,0,3,12,2,17,0,8,24,2,34,23,1,24,58
09/15/2022,PDT,OR,ANM,WE,Federal Contract Tower,0,5,13,0,18,0,0,17,2,19,0,5,30,2,37,50,0,50,87
09/16/2022,PDT,OR,ANM,WE,Federal Contract Tower,0,10,6,0,16,0,1,14,0,15,0,11,20,0,31,28,0,28,59
09/17/2022,PDT,OR,ANM,WE,Federal Contract Tower,0,5,6,0,11,0,6,12,0,18,0,11,18,0,29,0,0,0,29
09/18/2022,PDT,OR,ANM,WE,Federal Contract Tower,0,5,19,0,24,0,3,20,0,23,0,8,39,0,47,20,0,20,67
09/19/2022,PDT,OR,ANM,WE,Federal Contract Tower,0,9,2,0,11,0,0,9,4,13,0,9,11,4,24,72,8,80,104
09/20/2022,PDT,OR,ANM,WE,Federal Contract Tower,0,8,0,0,8,0,3,13,0,16,0,11,13,0,24,44,0,44,68
09/21/2022,PDT,OR,ANM,WE,Federal Contract Tower,0,6,0,0,6,0,2,5,4,11,0,8,5,4,17,48,0,48,65
09/22/2022,PDT,OR,ANM,WE,Federal Contract Tower,0,5,1,2,8,0,4,0,0,4,0,9,1,2,12,14,0,14,26
09/23/2022,PDT,OR,ANM,WE,Federal Contract Tower,0,5,4,0,9,0,12,0,0,12,0,17,4,0,21,51,0,51,72
09/24/2022,PDT,OR,ANM,WE,Federal Contract Tower,0,5,0,0,5,0,2,24,0,26,0,7,24,0,31,6,0,6,37
09/25/2022,PDT,OR,ANM,WE,Federal Contract Tower,0,5,1,0,6,0,3,15,0,18,0,8,16,0,24,23,0,23,47
09/26/2022,PDT,OR,ANM,WE,Federal Contract Tower,0,9,4,0,13,0,1,10,1,12,0,10,14,1,25,8,2,10,35
09/27/2022,PDT,OR,ANM,WE,Federal Contract Tower,0,8,2,0,10,0,1,16,2,19,0,9,18,2,29,18,0,18,47
09/28/2022,PDT,OR,ANM,WE,Federal Contract Tower,0,7,1,0,8,0,4,24,0,28,0,11,25,0,36,31,0,31,67
09/29/2022,PDT,OR,ANM,WE,Federal Contract Tower,0,5,3,1,9,0,1,9,2,12,0,6,12,3,21,22,0,22,43
09/30/2022,PDT,OR,ANM,WE,Federal Contract Tower,0,7,2,1,10,0,8,13,0,21,0,15,15,1,31,46,0,46,77
10/01/2022,PDT,OR,ANM,WE,Federal Contract Tower,0,6,1,0,7,0,4,18,0,22,0,10,19,0,29,0,0,0,29
10/02/2022,PDT,OR,ANM,WE,Federal Contract Tower,0,10,4,0,14,0,3,22,0,25,0,13,26,0,39,12,0,12,51
10/03/2022,PDT,OR,ANM,WE,Federal Contract Tower,0,5,0,1,6,0,1,10,3,14,0,6,10,4,20,36,0,36,56
10/04/2022,PDT,OR,ANM,WE,Federal Contract Tower,0,7,5,4,16,0,0,31,1,32,0,7,36,5,48,28,0,28,76
10/05/2022,PDT,OR,ANM,WE,Federal Contract Tower,0,5,1,0,6,0,0,12,0,12,0,5,13,0,18,12,0,12,30
10/06/2022,PDT,OR,ANM,WE,Federal Contract Tower,0,5,4,1,10,0,0,23,4,27,0,5,27,5,37,29,0,29,66
10/07/2022,PDT,OR,ANM,WE,Federal Contract Tower,0,5,5,0,10,0,1,14,2,17,0,6,19,2,27,16,0,16,43
10/08/2022,PDT,OR,ANM,WE,Federal Contract Tower,0,8,2,0,10,0,2,5,0,7,0,10,7,0,17,0,0,0,17
10/09/2022,PDT,OR,ANM,WE,Federal Contract Tower,0,5,0,0,5,0,5,30,0,35,0,10,30,0,40,26,0,26,66
10/10/2022,PDT,OR,ANM,WE,Federal Contract Tower,0,6,0,0,6,0,0,9,1,10,0,6,9,1,16,35,0,35,51
10/11/2022,PDT,OR,ANM,WE,Federal Contract Tower,0,6,1,0,7,0,0,23,4,27,0,6,24,4,34,52,6,58,92
10/12/2022,PDT,OR,ANM,WE,Federal Contract Tower,5,0,0,1,6,0,2,13,9,24,5,2,13,10,30,22,0,22,52
10/13/2022,PDT,OR,ANM,WE,Federal Contract Tower,0,6,0,0,6,0,2,26,1,29,0,8,26,1,35,40,2,42,77
10/14/2022,PDT,OR,ANM,WE,Federal Contract Tower,0,5,1,0,6,0,1,31,2,34,0,6,32,2,40,80,0,80,120
10/15/2022,PDT,OR,ANM,WE,Federal Contract Tower,0,6,0,0,6,0,6,6,0,12,0,12,6,0,18,0,0,0,18
10/16/2022,PDT,OR,ANM,WE,Federal Contract Tower,0,6,0,0,6,0,5,28,0,33,0,11,28,0,39,0,0,0,39
10/17/2022,PDT,OR,ANM,WE,Federal Contract Tower,0,6,0,0,6,0,2,10,6,18,0,8,10,6,24,60,0,60,84
10/18/2022,PDT,OR,ANM,WE,Federal Contract Tower,0,4,1,4,9,0,3,9,1,13,0,7,10,5,22,65,0,65,87
10/19/2022,PDT,OR,ANM,WE,Federal Contract Tower,0,5,0,1,6,0,1,20,10,31,0,6,20,11,37,47,6,53,90
10/20/2022,PDT,OR,ANM,WE,Federal Contract Tower,0,7,0,0,7,0,1,27,0,28,0,8,27,0,35,43,0,43,78
10/21/2022,PDT,OR,ANM,WE,Federal Contract Tower,0,5,2,0,7,0,1,5,3,9,0,6,7,3,16,0,0,0,16
10/22/2022,PDT,OR,ANM,WE,Federal Contract Tower,0,7,1,2,10,0,0,2,2,4,0,7,3,4,14,0,0,0,14
10/23/2022,PDT,OR,ANM,WE,Federal Contract Tower,0,5,0,0,5,0,5,11,8,24,0,10,11,8,29,28,0,28,57
10/24/2022,PDT,OR,ANM,WE,Federal Contract Tower,0,5,1,0,6,0,0,3,4,7,0,5,4,4,13,0,2,2,15
10/25/2022,PDT,OR,ANM,WE,Federal Contract Tower,0,5,1,5,11,0,0,21,3,24,0,5,22,8,35,44,4,48,83
10/26/2022,PDT,OR,ANM,WE,Federal Contract Tower,0,5,0,0,5,0,0,8,0,8,0,5,8,0,13,8,0,8,21
10/27/2022,PDT,OR,ANM,WE,Federal Contract Tower,0,5,2,2,9,0,0,14,8,22,0,5,16,10,31,25,16,41,72
10/28/2022,PDT,OR,ANM,WE,Federal Contract Tower,0,5,2,0,7,0,0,29,4,33,0,5,31,4,40,51,16,67,107
10/29/2022,PDT,OR,ANM,WE,Federal Contract Tower,0,5,0,0,5,0,2,13,0,15,0,7,13,0,20,14,0,14,34
10/30/2022,PDT,OR,ANM,WE,Federal Contract Tower,0,6,6,0,12,0,2,8,0,10,0,8,14,0,22,12,0,12,34
10/31/2022,PDT,OR,ANM,WE,Federal Contract Tower,0,6,0,0,6,0,0,3,0,3,0,6,3,0,9,38,0,38,47
11/01/2022,PDT,OR,ANM,WE,Federal Contract Tower,0,6,0,0,6,0,0,0,0,0,0,6,0,0,6,0,0,0,6
11/02/2022,PDT,OR,ANM,WE,Federal Contract Tower,0,7,0,0,7,0,0,0,8,8,0,7,0,8,15,46,1,47,62
11/03/2022,PDT,OR,ANM,WE,Federal Contract Tower,0,7,2,0,9,0,0,7,3,10,0,7,9,3,19,26,10,36,55
11/04/2022,PDT,OR,ANM,WE,Federal Contract Tower,0,8,0,0,8,0,2,0,2,4,0,10,0,2,12,10,0,10,22
11/05/2022,PDT,OR,ANM,WE,Federal Contract Tower,0,7,0,0,7,0,1,2,4,7,0,8,2,4,14,0,2,2,16
11/06/2022,PDT,OR,ANM,WE,Federal Contract Tower,0,6,2,0,8,0,4,5,2,11,0,10,7,2,19,2,0,2,21
11/07/2022,PDT,OR,ANM,WE,Federal Contract Tower,0,6,2,0,8,0,2,2,4,8,0,8,4,4,16,18,2,20,36
11/08/2022,PDT,OR,ANM,WE,Federal Contract Tower,0,5,2,0,7,0,1,9,6,16,0,6,11,6,23,33,0,33,56
11/09/2022,PDT,OR,ANM,WE,Federal Contract Tower,0,6,4,0,10,0,2,11,0,13,0,8,15,0,23,32,0,32,55
11/10/2022,PDT,OR,ANM,WE,Federal Contract Tower,0,5,1,0,6,0,4,26,6,36,0,9,27,6,42,30,1,31,73
11/11/2022,PDT,OR,ANM,WE,Federal Contract Tower,0,5,0,0,5,0,0,10,0,10,0,5,10,0,15,24,0,24,39
11/12/2022,PDT,OR,ANM,WE,Federal Contract Tower,0,6,0,0,6,0,5,2,0,7,0,11,2,0,13,10,0,10,23
11/13/2022,PDT,OR,ANM,WE,Federal Contract Tower,0,6,4,0,10,0,0,13,0,13,0,6,17,0,23,14,0,14,37
11/14/2022,PDT,OR,ANM,WE,Federal Contract Tower,0,5,0,0,5,0,0,1,7,8,0,5,1,7,13,42,4,46,59
11/15/2022,PDT,OR,ANM,WE,Federal Contract Tower,0,5,2,0,7,0,2,4,1,7,0,7,6,1,14,55,0,55,69
11/16/2022,PDT,OR,ANM,WE,Federal Contract Tower,0,7,2,0,9,0,0,0,0,0,0,7,2,0,9,0,0,0,9
11/17/2022,PDT,OR,ANM,WE,Federal Contract Tower,0,6,2,0,8,0,0,1,0,1,0,6,3,0,9,2,0,2,11
11/18/2022,PDT,OR,ANM,WE,Federal Contract Tower,0,12,1,2,15,0,0,3,0,3,0,12,4,2,18,26,0,26,44
11/19/2022,PDT,OR,ANM,WE,Federal Contract Tower,0,9,3,0,12,0,0,2,0,2,0,9,5,0,14,0,0,0,14
11/20/2022,PDT,OR,ANM,WE,Federal Contract Tower,0,8,1,0,9,0,0,0,0,0,0,8,1,0,9,0,0,0,9
11/21/2022,PDT,OR,ANM,WE,Federal Contract Tower,0,8,3,0,11,0,0,1,0,1,0,8,4,0,12,0,0,0,12
11/22/2022,PDT,OR,ANM,WE,Federal Contract Tower,0,6,0,0,6,0,0,0,0,0,0,6,0,0,6,0,0,0,6
11/23/2022,PDT,OR,ANM,WE,Federal Contract Tower,0,6,2,0,8,0,1,18,7,26,0,7,20,7,34,11,3,14,48
11/24/2022,PDT,OR,ANM,WE,Federal Contract Tower,0,0,2,0,2,0,0,0,0,0,0,0,2,0,2,0,0,0,2
11/25/2022,PDT,OR,ANM,WE,Federal Contract Tower,0,7,0,0,7,0,0,0,0,0,0,7,0,0,7,0,0,0,7
11/26/2022,PDT,OR,ANM,WE,Federal Contract Tower,0,8,2,0,10,0,5,10,0,15,0,13,12,0,25,8,0,8,33
11/27/2022,PDT,OR,ANM,WE,Federal Contract Tower,0,6,0,0,6,0,1,0,0,1,0,7,0,0,7,0,0,0,7
11/28/2022,PDT,OR,ANM,WE,Federal Contract Tower,0,8,2,0,10,0,0,0,0,0,0,8,2,0,10,4,0,4,14
11/29/2022,PDT,OR,ANM,WE,Federal Contract Tower,0,7,0,0,7,0,3,3,0,6,0,10,3,0,13,26,0,26,39
11/30/2022,PDT,OR,ANM,WE,Federal Contract Tower,0,8,0,0,8,0,0,1,0,1,0,8,1,0,9,0,0,0,9
12/01/2022,PDT,OR,ANM,WE,Federal Contract Tower,0,8,2,0,10,0,4,6,0,10,0,12,8,0,20,24,0,24,44
12/02/2022,PDT,OR,ANM,WE,Federal Contract Tower,0,9,2,0,11,0,1,8,0,9,0,10,10,0,20,35,0,35,55
12/03/2022,PDT,OR,ANM,WE,Federal Contract Tower,0,6,0,0,6,0,3,15,0,18,0,9,15,0,24,26,0,26,50
12/04/2022,PDT,OR,ANM,WE,Federal Contract Tower,0,6,0,0,6,0,0,0,0,0,0,6,0,0,6,0,0,0,6
12/05/2022,PDT,OR,ANM,WE,Federal Contract Tower,0,8,0,0,8,0,0,0,0,0,0,8,0,0,8,0,0,0,8
12/06/2022,PDT,OR,ANM,WE,Federal Contract Tower,0,12,5,0,17,0,2,2,4,8,0,14,7,4,25,17,7,24,49
12/07/2022,PDT,OR,ANM,WE,Federal Contract Tower,0,14,1,0,15,0,0,0,0,0,0,14,1,0,15,0,0,0,15
12/08/2022,PDT,OR,ANM,WE,Federal Contract Tower,0,14,2,0,16,0,1,5,1,7,0,15,7,1,23,4,20,24,47
12/09/2022,PDT,OR,ANM,WE,Federal Contract Tower,0,17,1,0,18,0,2,14,9,25,0,19,15,9,43,24,10,34,77
12/10/2022,PDT,OR,ANM,WE,Federal Contract Tower,0,6,0,0,6,0,0,4,0,4,0,6,4,0,10,0,0,0,10
12/11/2022,PDT,OR,ANM,WE,Federal Contract Tower,0,5,1,0,6,0,0,0,0,0,0,5,1,0,6,0,0,0,6
12/12/2022,PDT,OR,ANM,WE,Federal Contract Tower,0,9,1,0,10,0,1,2,10,13,0,10,3,10,23,16,8,24,47
12/13/2022,PDT,OR,ANM,WE,Federal Contract Tower,0,8,2,0,10,0,2,3,9,14,0,10,5,9,24,37,13,50,74
12/14/2022,PDT,OR,ANM,WE,Federal Contract Tower,0,9,1,0,10,0,0,0,0,0,0,9,1,0,10,0,0,0,10
12/15/2022,PDT,OR,ANM,WE,Federal Contract Tower,0,11,2,0,13,0,0,0,0,0,0,11,2,0,13,0,0,0,13
12/16/2022,PDT,OR,ANM,WE,Federal Contract Tower,0,8,3,0,11,0,0,0,0,0,0,8,3,0,11,20,0,20,31
12/17/2022,PDT,OR,ANM,WE,Federal Contract Tower,0,4,0,0,4,0,0,2,0,2,0,4,2,0,6,0,0,0,6
12/18/2022,PDT,OR,ANM,WE,Federal Contract Tower,0,11,0,0,11,0,0,0,0,0,0,11,0,0,11,0,0,0,11
12/19/2022,PDT,OR,ANM,WE,Federal Contract Tower,0,14,4,0,18,0,0,10,0,10,0,14,14,0,28,10,0,10,38
12/20/2022,PDT,OR,ANM,WE,Federal Contract Tower,0,7,0,0,7,0,3,8,0,11,0,10,8,0,18,10,0,10,28
12/21/2022,PDT,OR,ANM,WE,Federal Contract Tower,0,16,3,0,19,0,2,5,0,7,0,18,8,0,26,17,0,17,43
12/22/2022,PDT,OR,ANM,WE,Federal Contract Tower,0,7,0,0,7,0,2,2,0,4,0,9,2,0,11,0,0,0,11
12/23/2022,PDT,OR,ANM,WE,Federal Contract Tower,0,0,0,0,0,0,0,0,0,0,0,0,0,0,0,0,0,0,0
12/24/2022,PDT,OR,ANM,WE,Federal Contract Tower,0,0,1,0,1,0,0,0,0,0,0,0,1,0,1,0,0,0,1
12/25/2022,PDT,OR,ANM,WE,Federal Contract Tower,0,0,0,0,0,0,0,0,0,0,0,0,0,0,0,0,0,0,0
12/26/2022,PDT,OR,ANM,WE,Federal Contract Tower,0,7,0,0,7,0,0,0,0,0,0,7,0,0,7,0,0,0,7
12/27/2022,PDT,OR,ANM,WE,Federal Contract Tower,0,8,1,0,9,0,2,0,0,2,0,10,1,0,11,0,0,0,11
12/28/2022,PDT,OR,ANM,WE,Federal Contract Tower,0,6,1,0,7,0,2,4,0,6,0,8,5,0,13,2,0,2,15
12/29/2022,PDT,OR,ANM,WE,Federal Contract Tower,0,9,0,0,9,0,0,2,0,2,0,9,2,0,11,4,0,4,15
12/30/2022,PDT,OR,ANM,WE,Federal Contract Tower,0,14,0,0,14,0,0,8,0,8,0,14,8,0,22,26,0,26,48
12/31/2022,PDT,OR,ANM,WE,Federal Contract Tower,0,4,0,0,4,0,0,14,0,14,0,4,14,0,18,12,0,12,30
01/01/2023,PDT,OR,ANM,WE,Federal Contract Tower,0,4,0,0,4,0,0,1,0,1,0,4,1,0,5,0,0,0,5
01/02/2023,PDT,OR,ANM,WE,Federal Contract Tower,0,11,0,0,11,0,0,0,0,0,0,11,0,0,11,0,0,0,11
01/03/2023,PDT,OR,ANM,WE,Federal Contract Tower,0,7,2,0,9,0,3,2,2,7,0,10,4,2,16,20,0,20,36
01/04/2023,PDT,OR,ANM,WE,Federal Contract Tower,0,6,1,0,7,0,0,3,0,3,0,6,4,0,10,42,0,42,52
01/05/2023,PDT,OR,ANM,WE,Federal Contract Tower,0,6,4,0,10,0,0,6,3,9,0,6,10,3,19,21,21,42,61
01/06/2023,PDT,OR,ANM,WE,Federal Contract Tower,0,9,1,1,11,0,4,13,4,21,0,13,14,5,32,64,1,65,97
01/07/2023,PDT,OR,ANM,WE,Federal Contract Tower,0,5,0,0,5,0,0,0,0,0,0,5,0,0,5,0,0,0,5
01/08/2023,PDT,OR,ANM,WE,Federal Contract Tower,0,6,4,0,10,0,0,0,0,0,0,6,4,0,10,0,0,0,10
01/09/2023,PDT,OR,ANM,WE,Federal Contract Tower,0,8,2,0,10,0,3,2,0,5,0,11,4,0,15,4,0,4,19
01/10/2023,PDT,OR,ANM,WE,Federal Contract Tower,0,11,2,0,13,0,0,3,0,3,0,11,5,0,16,14,12,26,42
01/11/2023,PDT,OR,ANM,WE,Federal Contract Tower,0,6,0,0,6,0,0,5,0,5,0,6,5,0,11,28,0,28,39
01/12/2023,PDT,OR,ANM,WE,Federal Contract Tower,0,4,1,1,6,0,0,2,8,10,0,4,3,9,16,2,26,28,44
01/13/2023,PDT,OR,ANM,WE,Federal Contract Tower,0,12,0,0,12,0,0,0,6,6,0,12,0,6,18,0,0,0,18
01/14/2023,PDT,OR,ANM,WE,Federal Contract Tower,0,10,4,0,14,0,4,11,2,17,0,14,15,2,31,4,0,4,35
01/15/2023,PDT,OR,ANM,WE,Federal Contract Tower,0,9,1,0,10,0,1,0,0,1,0,10,1,0,11,0,0,0,11
01/16/2023,PDT,OR,ANM,WE,Federal Contract Tower,0,7,1,0,8,0,3,9,0,12,0,10,10,0,20,0,0,0,20
01/17/2023,PDT,OR,ANM,WE,Federal Contract Tower,0,9,0,0,9,0,2,2,6,10,0,11,2,6,19,12,20,32,51
01/18/2023,PDT,OR,ANM,WE,Federal Contract Tower,0,6,3,0,9,0,0,2,4,6,0,6,5,4,15,12,18,30,45
01/19/2023,PDT,OR,ANM,WE,Federal Contract Tower,0,7,6,1,14,0,2,10,1,13,0,9,16,2,27,10,16,26,53
01/20/2023,PDT,OR,ANM,WE,Federal Contract Tower,0,6,5,0,11,0,0,17,0,17,0,6,22,0,28,13,0,13,41
01/21/2023,PDT,OR,ANM,WE,Federal Contract Tower,0,6,2,0,8,0,0,5,0,5,0,6,7,0,13,0,0,0,13
01/22/2023,PDT,OR,ANM,WE,Federal Contract Tower,0,6,2,0,8,0,0,0,0,0,0,6,2,0,8,0,0,0,8
01/23/2023,PDT,OR,ANM,WE,Federal Contract Tower,0,6,1,0,7,0,4,10,0,14,0,10,11,0,21,0,0,0,21
01/24/2023,PDT,OR,ANM,WE,Federal Contract Tower,0,6,0,0,6,0,0,10,0,10,0,6,10,0,16,27,0,27,43
01/25/2023,PDT,OR,ANM,WE,Federal Contract Tower,0,6,0,0,6,0,5,10,0,15,0,11,10,0,21,19,0,19,40
01/26/2023,PDT,OR,ANM,WE,Federal Contract Tower,0,10,3,0,13,0,1,11,4,16,0,11,14,4,29,2,12,14,43
01/27/2023,PDT,OR,ANM,WE,Federal Contract Tower,0,6,0,0,6,0,0,0,4,4,0,6,0,4,10,0,8,8,18
01/28/2023,PDT,OR,ANM,WE,Federal Contract Tower,0,5,0,0,5,0,2,0,0,2,0,7,0,0,7,0,0,0,7
01/29/2023,PDT,OR,ANM,WE,Federal Contract Tower,0,6,2,0,8,0,3,12,0,15,0,9,14,0,23,0,0,0,23
01/30/2023,PDT,OR,ANM,WE,Federal Contract Tower,0,6,2,0,8,0,2,26,3,31,0,8,28,3,39,4,10,14,53
01/31/2023,PDT,OR,ANM,WE,Federal Contract Tower,0,5,2,0,7,0,0,7,0,7,0,5,9,0,14,36,10,46,60
02/01/2023,PDT,OR,ANM,WE,Federal Contract Tower,0,5,3,1,9,0,1,11,1,13,0,6,14,2,22,8,0,8,30
02/02/2023,PDT,OR,ANM,WE,Federal Contract Tower,0,6,0,0,6,0,0,8,8,16,0,6,8,8,22,2,8,10,32
02/03/2023,PDT,OR,ANM,WE,Federal Contract Tower,0,6,5,0,11,0,1,8,0,9,0,7,13,0,20,6,0,6,26
02/04/2023,PDT,OR,ANM,WE,Federal Contract Tower,0,7,4,0,11,0,2,10,3,15,0,9,14,3,26,38,0,38,64
02/05/2023,PDT,OR,ANM,WE,Federal Contract Tower,0,7,0,0,7,0,0,0,0,0,0,7,0,0,7,0,0,0,7
02/06/2023,PDT,OR,ANM,WE,Federal Contract Tower,0,5,2,0,7,0,0,4,2,6,0,5,6,2,13,8,2,10,23
02/07/2023,PDT,OR,ANM,WE,Federal Contract Tower,0,8,2,0,10,0,2,4,2,8,0,10,6,2,18,10,0,10,28
02/08/2023,PDT,OR,ANM,WE,Federal Contract Tower,0,8,0,0,8,0,1,5,4,10,0,9,5,4,18,14,8,22,40
02/09/2023,PDT,OR,ANM,WE,Federal Contract Tower,0,5,6,0,11,0,4,19,5,28,0,9,25,5,39,19,12,31,70
02/10/2023,PDT,OR,ANM,WE,Federal Contract Tower,0,7,0,0,7,0,3,20,2,25,0,10,20,2,32,16,0,16,48
02/11/2023,PDT,OR,ANM,WE,Federal Contract Tower,0,5,1,0,6,0,2,33,0,35,0,7,34,0,41,20,0,20,61
02/12/2023,PDT,OR,ANM,WE,Federal Contract Tower,0,5,0,0,5,0,0,20,0,20,0,5,20,0,25,29,0,29,54
02/13/2023,PDT,OR,ANM,WE,Federal Contract Tower,0,5,0,0,5,0,1,0,0,1,0,6,0,0,6,0,0,0,6
02/14/2023,PDT,OR,ANM,WE,Federal Contract Tower,0,5,0,0,5,0,0,4,2,6,0,5,4,2,11,4,0,4,15
02/15/2023,PDT,OR,ANM,WE,Federal Contract Tower,0,6,2,0,8,0,0,21,0,21,0,6,23,0,29,20,0,20,49
02/16/2023,PDT,OR,ANM,WE,Federal Contract Tower,0,5,0,0,5,0,0,14,3,17,0,5,14,3,22,10,0,10,32
02/17/2023,PDT,OR,ANM,WE,Federal Contract Tower,0,6,1,0,7,0,14,0,0,14,0,20,1,0,21,0,0,0,21
02/18/2023,PDT,OR,ANM,WE,Federal Contract Tower,0,5,0,0,5,0,0,4,0,4,0,5,4,0,9,2,0,2,11
02/19/2023,PDT,OR,ANM,WE,Federal Contract Tower,0,6,0,0,6,0,4,2,0,6,0,10,2,0,12,0,0,0,12
02/20/2023,PDT,OR,ANM,WE,Federal Contract Tower,0,5,0,0,5,0,4,0,0,4,0,9,0,0,9,0,0,0,9
02/21/2023,PDT,OR,ANM,WE,Federal Contract Tower,0,5,0,0,5,0,2,0,0,2,0,7,0,0,7,0,0,0,7
02/22/2023,PDT,OR,ANM,WE,Federal Contract Tower,0,3,0,0,3,0,0,0,0,0,0,3,0,0,3,0,0,0,3
02/23/2023,PDT,OR,ANM,WE,Federal Contract Tower,0,3,2,0,5,0,0,0,0,0,0,3,2,0,5,0,0,0,5
02/24/2023,PDT,OR,ANM,WE,Federal Contract Tower,0,6,0,0,6,0,0,6,0,6,0,6,6,0,12,6,0,6,18
02/25/2023,PDT,OR,ANM,WE,Federal Contract Tower,0,6,4,0,10,0,0,13,0,13,0,6,17,0,23,4,0,4,27
02/26/2023,PDT,OR,ANM,WE,Federal Contract Tower,0,7,2,0,9,0,1,0,0,1,0,8,2,0,10,0,0,0,10
02/27/2023,PDT,OR,ANM,WE,Federal Contract Tower,0,6,2,0,8,0,1,0,6,7,0,7,2,6,15,8,0,8,23
02/28/2023,PDT,OR,ANM,WE,Federal Contract Tower,0,6,2,0,8,0,3,0,0,3,0,9,2,0,11,0,0,0,11
03/01/2023,PDT,OR,ANM,WE,Federal Contract Tower,0,9,4,0,13,0,1,10,0,11,0,10,14,0,24,4,0,4,28
03/02/2023,PDT,OR,ANM,WE,Federal Contract Tower,0,5,2,0,7,0,0,0,6,6,0,5,2,6,13,4,3,7,20
03/03/2023,PDT,OR,ANM,WE,Federal Contract Tower,0,5,2,2,9,0,0,4,11,15,0,5,6,13,24,0,0,0,24
03/04/2023,PDT,OR,ANM,WE,Federal Contract Tower,0,5,0,0,5,0,1,6,0,7,0,6,6,0,12,0,0,0,12
03/05/2023,PDT,OR,ANM,WE,Federal Contract Tower,0,6,5,0,11,0,1,11,26,38,0,7,16,26,49,4,0,4,53
03/06/2023,PDT,OR,ANM,WE,Federal Contract Tower,0,5,0,0,5,0,7,3,12,22,0,12,3,12,27,52,0,52,79
03/07/2023,PDT,OR,ANM,WE,Federal Contract Tower,0,5,0,0,5,0,2,12,4,18,0,7,12,4,23,26,0,26,49
03/08/2023,PDT,OR,ANM,WE,Federal Contract Tower,0,5,0,0,5,0,1,5,4,10,0,6,5,4,15,20,0,20,35
03/09/2023,PDT,OR,ANM,WE,Federal Contract Tower,0,6,3,0,9,0,3,7,4,14,0,9,10,4,23,10,2,12,35
03/10/2023,PDT,OR,ANM,WE,Federal Contract Tower,0,6,2,0,8,0,0,2,3,5,0,6,4,3,13,0,0,0,13
03/11/2023,PDT,OR,ANM,WE,Federal Contract Tower,0,6,2,0,8,0,0,9,0,9,0,6,11,0,17,50,0,50,67
03/12/2023,PDT,OR,ANM,WE,Federal Contract Tower,0,5,0,0,5,0,0,19,0,19,0,5,19,0,24,36,0,36,60
03/13/2023,PDT,OR,ANM,WE,Federal Contract Tower,0,6,1,0,7,0,1,0,0,1,0,7,1,0,8,0,0,0,8
03/14/2023,PDT,OR,ANM,WE,Federal Contract Tower,0,6,0,0,6,0,7,8,5,20,0,13,8,5,26,24,0,24,50
03/15/2023,PDT,OR,ANM,WE,Federal Contract Tower,0,5,1,1,7,0,2,10,9,21,0,7,11,10,28,2,6,8,36
03/16/2023,PDT,OR,ANM,WE,Federal Contract Tower,0,5,0,0,5,0,2,28,14,44,0,7,28,14,49,39,0,39,88
03/17/2023,PDT,OR,ANM,WE,Federal Contract Tower,0,6,2,0,8,0,4,27,8,39,0,10,29,8,47,23,0,23,70
03/18/2023,PDT,OR,ANM,WE,Federal Contract Tower,0,7,2,0,9,0,3,21,14,38,0,10,23,14,47,0,0,0,47
03/19/2023,PDT,OR,ANM,WE,Federal Contract Tower,0,7,6,0,13,0,0,6,0,6,0,7,12,0,19,4,0,4,23
03/20/2023,PDT,OR,ANM,WE,Federal Contract Tower,0,6,2,0,8,0,0,0,6,6,0,6,2,6,14,4,6,10,24
03/21/2023,PDT,OR,ANM,WE,Federal Contract Tower,0,6,1,0,7,0,2,6,18,26,0,8,7,18,33,2,0,2,35
03/22/2023,PDT,OR,ANM,WE,Federal Contract Tower,0,7,1,2,10,0,1,9,6,16,0,8,10,8,26,0,0,0,26
03/23/2023,PDT,OR,ANM,WE,Federal Contract Tower,0,6,0,0,6,0,1,1,5,7,0,7,1,5,13,0,4,4,17
03/24/2023,PDT,OR,ANM,WE,Federal Contract Tower,0,10,3,0,13,0,0,7,0,7,0,10,10,0,20,0,0,0,20
03/25/2023,PDT,OR,ANM,WE,Federal Contract Tower,0,6,1,0,7,0,0,7,0,7,0,6,8,0,14,4,0,4,18
03/26/2023,PDT,OR,ANM,WE,Federal Contract Tower,0,10,1,0,11,0,1,8,0,9,0,11,9,0,20,34,0,34,54
03/27/2023,PDT,OR,ANM,WE,Federal Contract Tower,0,6,0,0,6,0,3,17,2,22,0,9,17,2,28,78,0,78,106
03/28/2023,PDT,OR,ANM,WE,Federal Contract Tower,0,10,0,0,10,0,0,3,6,9,0,10,3,6,19,8,0,8,27
03/29/2023,PDT,OR,ANM,WE,Federal Contract Tower,0,6,0,0,6,0,0,4,2,6,0,6,4,2,12,0,0,0,12
03/30/2023,PDT,OR,ANM,WE,Federal Contract Tower,0,6,0,0,6,0,0,10,6,16,0,6,10,6,22,4,1,5,27
03/31/2023,PDT,OR,ANM,WE,Federal Contract Tower,0,5,0,0,5,0,1,3,4,8,0,6,3,4,13,14,2,16,29
04/01/2023,PDT,OR,ANM,WE,Federal Contract Tower,0,7,0,0,7,0,1,0,0,1,0,8,0,0,8,0,0,0,8
04/02/2023,PDT,OR,ANM,WE,Federal Contract Tower,0,6,0,0,6,0,0,3,2,5,0,6,3,2,11,0,0,0,11
04/03/2023,PDT,OR,ANM,WE,Federal Contract Tower,0,6,0,0,6,0,0,0,0,0,0,6,0,0,6,0,0,0,6
04/04/2023,PDT,OR,ANM,WE,Federal Contract Tower,0,6,1,0,7,0,4,4,3,11,0,10,5,3,18,12,0,12,30
04/05/2023,PDT,OR,ANM,WE,Federal Contract Tower,0,8,3,0,11,0,3,16,10,29,0,11,19,10,40,23,0,23,63
04/06/2023,PDT,OR,ANM,WE,Federal Contract Tower,0,6,0,0,6,0,0,9,1,10,0,6,9,1,16,23,2,25,41
04/07/2023,PDT,OR,ANM,WE,Federal Contract Tower,0,6,0,0,6,0,0,3,0,3,0,6,3,0,9,0,0,0,9
04/08/2023,PDT,OR,ANM,WE,Federal Contract Tower,0,6,2,0,8,0,5,19,0,24,0,11,21,0,32,0,0,0,32
04/09/2023,PDT,OR,ANM,WE,Federal Contract Tower,0,6,0,0,6,0,2,5,0,7,0,8,5,0,13,0,0,0,13
04/10/2023,PDT,OR,ANM,WE,Federal Contract Tower,0,8,2,0,10,0,0,8,2,10,0,8,10,2,20,8,10,18,38
04/11/2023,PDT,OR,ANM,WE,Federal Contract Tower,0,7,1,0,8,0,1,8,4,13,0,8,9,4,21,0,6,6,27
04/12/2023,PDT,OR,ANM,WE,Federal Contract Tower,0,8,7,0,15,0,2,13,0,15,0,10,20,0,30,4,0,4,34
04/13/2023,PDT,OR,ANM,WE,Federal Contract Tower,0,8,0,0,8,0,3,7,2,12,0,11,7,2,20,23,0,23,43
04/14/2023,PDT,OR,ANM,WE,Federal Contract Tower,0,6,8,0,14,0,0,21,3,24,0,6,29,3,38,8,2,10,48
04/15/2023,PDT,OR,ANM,WE,Federal Contract Tower,0,6,1,0,7,0,4,26,3,33,0,10,27,3,40,6,0,6,46
04/16/2023,PDT,OR,ANM,WE,Federal Contract Tower,0,6,3,0,9,0,0,9,10,19,0,6,12,10,28,0,3,3,31
04/17/2023,PDT,OR,ANM,WE,Federal Contract Tower,0,5,0,0,5,0,1,1,4,6,0,6,1,4,11,24,0,24,35
04/18/2023,PDT,OR,ANM,WE,Federal Contract Tower,0,6,0,0,6,0,1,1,0,2,0,7,1,0,8,14,0,14,22
04/19/2023,PDT,OR,ANM,WE,Federal Contract Tower,0,7,3,0,10,0,2,6,0,8,0,9,9,0,18,56,0,56,74
04/20/2023,PDT,OR,ANM,WE,Federal Contract Tower,0,7,0,0,7,0,1,22,1,24,0,8,22,1,31,85,0,85,116
04/21/2023,PDT,OR,ANM,WE,Federal Contract Tower,0,6,2,0,8,0,2,9,2,13,0,8,11,2,21,29,0,29,50
04/22/2023,PDT,OR,ANM,WE,Federal Contract Tower,0,10,2,0,12,0,3,23,0,26,0,13,25,0,38,10,0,10,48
04/23/2023,PDT,OR,ANM,WE,Federal Contract Tower,0,6,3,0,9,0,0,2,0,2,0,6,5,0,11,6,0,6,17
04/24/2023,PDT,OR,ANM,WE,Federal Contract Tower,0,6,0,0,6,0,0,4,0,4,0,6,4,0,10,11,0,11,21
04/25/2023,PDT,OR,ANM,WE,Federal Contract Tower,0,7,1,0,8,0,5,11,0,16,0,12,12,0,24,30,0,30,54
04/26/2023,PDT,OR,ANM,WE,Federal Contract Tower,0,6,2,0,8,0,7,34,17,58,0,13,36,17,66,60,0,60,126
04/27/2023,PDT,OR,ANM,WE,Federal Contract Tower,0,6,1,0,7,0,2,21,1,24,0,8,22,1,31,93,14,107,138
04/28/2023,PDT,OR,ANM,WE,Federal Contract Tower,0,6,2,0,8,0,4,12,0,16,0,10,14,0,24,56,0,56,80
04/29/2023,PDT,OR,ANM,WE,Federal Contract Tower,0,5,2,0,7,0,3,30,0,33,0,8,32,0,40,10,0,10,50
04/30/2023,PDT,OR,ANM,WE,Federal Contract Tower,0,5,0,0,5,0,0,9,0,9,0,5,9,0,14,11,0,11,25
05/01/2023,PDT,OR,ANM,WE,Federal Contract Tower,0,5,2,0,7,0,3,8,0,11,0,8,10,0,18,4,0,4,22
05/02/2023,PDT,OR,ANM,WE,Federal Contract Tower,0,7,1,0,8,0,8,16,0,24,0,15,17,0,32,16,0,16,48
05/03/2023,PDT,OR,ANM,WE,Federal Contract Tower,0,6,2,0,8,0,1,24,0,25,0,7,26,0,33,52,0,52,85
05/04/2023,PDT,OR,ANM,WE,Federal Contract Tower,0,7,0,0,7,0,0,8,0,8,0,7,8,0,15,26,0,26,41
05/05/2023,PDT,OR,ANM,WE,Federal Contract Tower,0,6,0,4,10,0,5,1,0,6,0,11,1,4,16,2,0,2,18
05/06/2023,PDT,OR,ANM,WE,Federal Contract Tower,0,6,0,0,6,0,3,10,6,19,0,9,10,6,25,4,8,12,37
05/07/2023,PDT,OR,ANM,WE,Federal Contract Tower,0,6,0,0,6,0,1,6,6,13,0,7,6,6,19,0,4,4,23
05/08/2023,PDT,OR,ANM,WE,Federal Contract Tower,0,6,1,1,8,0,0,11,4,15,0,6,12,5,23,8,0,8,31
05/09/2023,PDT,OR,ANM,WE,Federal Contract Tower,0,6,1,1,8,0,0,4,2,6,0,6,5,3,14,38,6,44,58
05/10/2023,PDT,OR,ANM,WE,Federal Contract Tower,0,5,3,1,9,0,3,43,6,52,0,8,46,7,61,40,4,44,105
05/11/2023,PDT,OR,ANM,WE,Federal Contract Tower,0,6,2,2,10,0,0,29,9,38,0,6,31,11,48,70,10,80,128
05/12/2023,PDT,OR,ANM,WE,Federal Contract Tower,0,5,1,0,6,0,1,26,4,31,0,6,27,4,37,51,0,51,88
05/13/2023,PDT,OR,ANM,WE,Federal Contract Tower,0,6,2,0,8,0,3,19,0,22,0,9,21,0,30,8,0,8,38
05/14/2023,PDT,OR,ANM,WE,Federal Contract Tower,0,6,0,0,6,0,3,24,0,27,0,9,24,0,33,11,0,11,44
05/15/2023,PDT,OR,ANM,WE,Federal Contract Tower,0,5,1,0,6,0,2,13,0,15,0,7,14,0,21,32,0,32,53
05/16/2023,PDT,OR,ANM,WE,Federal Contract Tower,0,8,0,0,8,0,2,13,8,23,0,10,13,8,31,44,4,48,79
05/17/2023,PDT,OR,ANM,WE,Federal Contract Tower,0,5,0,0,5,0,0,13,12,25,0,5,13,12,30,11,24,35,65
05/18/2023,PDT,OR,ANM,WE,Federal Contract Tower,0,5,1,0,6,0,1,30,5,36,0,6,31,5,42,51,2,53,95
05/19/2023,PDT,OR,ANM,WE,Federal Contract Tower,0,6,3,0,9,0,2,13,0,15,0,8,16,0,24,54,0,54,78
05/20/2023,PDT,OR,ANM,WE,Federal Contract Tower,0,7,0,0,7,0,1,7,0,8,0,8,7,0,15,0,0,0,15
05/21/2023,PDT,OR,ANM,WE,Federal Contract Tower,0,5,0,0,5,0,0,4,0,4,0,5,4,0,9,0,0,0,9
05/22/2023,PDT,OR,ANM,WE,Federal Contract Tower,0,5,0,0,5,0,1,6,4,11,0,6,6,4,16,0,0,0,16
05/23/2023,PDT,OR,ANM,WE,Federal Contract Tower,0,5,1,0,6,0,1,18,7,26,0,6,19,7,32,46,0,46,78
05/24/2023,PDT,OR,ANM,WE,Federal Contract Tower,0,5,3,0,8,0,3,23,0,26,0,8,26,0,34,70,0,70,104
05/25/2023,PDT,OR,ANM,WE,Federal Contract Tower,0,6,0,0,6,0,2,27,3,32,0,8,27,3,38,14,0,14,52
05/26/2023,PDT,OR,ANM,WE,Federal Contract Tower,0,5,0,0,5,0,0,15,0,15,0,5,15,0,20,3,0,3,23
05/27/2023,PDT,OR,ANM,WE,Federal Contract Tower,0,5,2,0,7,0,3,22,0,25,0,8,24,0,32,2,0,2,34
05/28/2023,PDT,OR,ANM,WE,Federal Contract Tower,0,5,0,0,5,0,1,16,1,18,0,6,16,1,23,0,0,0,23
05/29/2023,PDT,OR,ANM,WE,Federal Contract Tower,0,5,0,0,5,0,2,18,1,21,0,7,18,1,26,0,0,0,26
05/30/2023,PDT,OR,ANM,WE,Federal Contract Tower,0,5,1,0,6,0,2,4,0,6,0,7,5,0,12,6,0,6,18
05/31/2023,PDT,OR,ANM,WE,Federal Contract Tower,0,6,1,0,7,0,2,9,0,11,0,8,10,0,18,9,0,9,27
06/01/2023,PDT,OR,ANM,WE,Federal Contract Tower,0,6,0,0,6,0,0,17,0,17,0,6,17,0,23,18,0,18,41
06/02/2023,PDT,OR,ANM,WE,Federal Contract Tower,0,6,0,0,6,0,7,19,0,26,0,13,19,0,32,12,0,12,44
06/03/2023,PDT,OR,ANM,WE,Federal Contract Tower,0,5,1,0,6,0,2,25,0,27,0,7,26,0,33,4,0,4,37
06/04/2023,PDT,OR,ANM,WE,Federal Contract Tower,0,5,2,0,7,0,3,21,0,24,0,8,23,0,31,20,0,20,51
06/05/2023,PDT,OR,ANM,WE,Federal Contract Tower,0,5,0,0,5,0,3,9,2,14,0,8,9,2,19,22,1,23,42
06/06/2023,PDT,OR,ANM,WE,Federal Contract Tower,0,6,0,0,6,0,0,19,1,20,0,6,19,1,26,24,2,26,52
06/07/2023,PDT,OR,ANM,WE,Federal Contract Tower,0,6,0,0,6,0,2,4,0,6,0,8,4,0,12,11,0,11,23
06/08/2023,PDT,OR,ANM,WE,Federal Contract Tower,0,6,2,0,8,0,0,10,3,13,0,6,12,3,21,48,0,48,69
06/09/2023,PDT,OR,ANM,WE,Federal Contract Tower,0,7,2,0,9,0,0,8,0,8,0,7,10,0,17,13,0,13,30
06/10/2023,PDT,OR,ANM,WE,Federal Contract Tower,0,6,0,0,6,0,2,15,4,21,0,8,15,4,27,4,2,6,33
06/11/2023,PDT,OR,ANM,WE,Federal Contract Tower,0,6,0,0,6,0,0,19,2,21,0,6,19,2,27,18,0,18,45
06/12/2023,PDT,OR,ANM,WE,Federal Contract Tower,0,5,2,2,9,0,2,13,0,15,0,7,15,2,24,23,0,23,47
06/13/2023,PDT,OR,ANM,WE,Federal Contract Tower,0,5,2,0,7,0,1,3,0,4,0,6,5,0,11,4,0,4,15
06/14/2023,PDT,OR,ANM,WE,Federal Contract Tower,0,6,0,0,6,0,1,10,2,13,0,7,10,2,19,8,0,8,27
06/15/2023,PDT,OR,ANM,WE,Federal Contract Tower,0,10,0,0,10,0,0,15,1,16,0,10,15,1,26,26,0,26,52
06/16/2023,PDT,OR,ANM,WE,Federal Contract Tower,0,6,1,0,7,0,0,21,0,21,0,6,22,0,28,14,0,14,42
06/17/2023,PDT,OR,ANM,WE,Federal Contract Tower,0,6,1,0,7,0,1,2,0,3,0,7,3,0,10,0,0,0,10
06/18/2023,PDT,OR,ANM,WE,Federal Contract Tower,0,6,0,0,6,0,0,3,0,3,0,6,3,0,9,4,0,4,13
06/19/2023,PDT,OR,ANM,WE,Federal Contract Tower,0,6,2,0,8,0,3,6,0,9,0,9,8,0,17,0,0,0,17
06/20/2023,PDT,OR,ANM,WE,Federal Contract Tower,0,5,0,0,5,0,9,16,1,26,0,14,16,1,31,18,2,20,51
06/21/2023,PDT,OR,ANM,WE,Federal Contract Tower,0,5,0,0,5,0,3,18,0,21,0,8,18,0,26,24,0,24,50
06/22/2023,PDT,OR,ANM,WE,Federal Contract Tower,0,5,4,0,9,0,4,12,1,17,0,9,16,1,26,27,0,27,53
06/23/2023,PDT,OR,ANM,WE,Federal Contract Tower,0,5,0,0,5,0,1,18,5,24,0,6,18,5,29,16,0,16,45
06/24/2023,PDT,OR,ANM,WE,Federal Contract Tower,0,5,0,0,5,0,0,132,0,132,0,5,132,0,137,2,0,2,139
06/25/2023,PDT,OR,ANM,WE,Federal Contract Tower,0,5,5,0,10,0,2,10,0,12,0,7,15,0,22,3,0,3,25
06/26/2023,PDT,OR,ANM,WE,Federal Contract Tower,0,6,0,0,6,0,2,21,2,25,0,8,21,2,31,7,0,7,38
06/27/2023,PDT,OR,ANM,WE,Federal Contract Tower,0,6,3,1,10,0,1,13,1,15,0,7,16,2,25,42,0,42,67
06/28/2023,PDT,OR,ANM,WE,Federal Contract Tower,0,5,1,0,6,0,7,15,0,22,0,12,16,0,28,40,0,40,68
06/29/2023,PDT,OR,ANM,WE,Federal Contract Tower,0,5,0,0,5,0,2,22,4,28,0,7,22,4,33,59,0,59,92
06/30/2023,PDT,OR,ANM,WE,Federal Contract Tower,0,5,4,0,9,0,1,27,0,28,0,6,31,0,37,28,0,28,65
07/01/2023,PDT,OR,ANM,WE,Federal Contract Tower,0,5,0,0,5,0,1,13,4,18,0,6,13,4,23,5,0,5,28
07/02/2023,PDT,OR,ANM,WE,Federal Contract Tower,0,5,3,0,8,0,0,0,0,0,0,5,3,0,8,20,0,20,28
07/03/2023,PDT,OR,ANM,WE,Federal Contract Tower,0,5,0,0,5,0,5,17,0,22,0,10,17,0,27,40,0,40,67
07/04/2023,PDT,OR,ANM,WE,Federal Contract Tower,0,6,0,0,6,0,4,9,1,14,0,10,9,1,20,22,0,22,42
07/05/2023,PDT,OR,ANM,WE,Federal Contract Tower,0,6,5,0,11,0,6,10,0,16,0,12,15,0,27,17,0,17,44
07/06/2023,PDT,OR,ANM,WE,Federal Contract Tower,0,5,2,0,7,0,3,18,0,21,0,8,20,0,28,13,0,13,41
07/07/2023,PDT,OR,ANM,WE,Federal Contract Tower,0,9,0,2,11,0,6,21,0,27,0,15,21,2,38,42,0,42,80
07/08/2023,PDT,OR,ANM,WE,Federal Contract Tower,0,8,1,0,9,0,0,62,0,62,0,8,63,0,71,14,0,14,85
07/09/2023,PDT,OR,ANM,WE,Federal Contract Tower,0,6,0,0,6,0,0,18,0,18,0,6,18,0,24,0,0,0,24
07/10/2023,PDT,OR,ANM,WE,Federal Contract Tower,0,7,4,0,11,0,0,10,4,14,0,7,14,4,25,15,2,17,42
07/11/2023,PDT,OR,ANM,WE,Federal Contract Tower,0,7,4,0,11,0,4,17,2,23,0,11,21,2,34,24,0,24,58
07/12/2023,PDT,OR,ANM,WE,Federal Contract Tower,0,5,0,0,5,0,0,7,0,7,0,5,7,0,12,16,0,16,28
07/13/2023,PDT,OR,ANM,WE,Federal Contract Tower,0,7,4,0,11,0,0,13,0,13,0,7,17,0,24,16,0,16,40
07/14/2023,PDT,OR,ANM,WE,Federal Contract Tower,0,6,1,0,7,0,3,26,2,31,0,9,27,2,38,43,0,43,81
07/15/2023,PDT,OR,ANM,WE,Federal Contract Tower,0,6,2,0,8,0,4,20,0,24,0,10,22,0,32,28,0,28,60
07/16/2023,PDT,OR,ANM,WE,Federal Contract Tower,0,6,2,0,8,0,5,11,13,29,0,11,13,13,37,0,0,0,37
07/17/2023,PDT,OR,ANM,WE,Federal Contract Tower,0,6,0,0,6,0,0,2,1,3,0,6,2,1,9,4,9,13,22
07/18/2023,PDT,OR,ANM,WE,Federal Contract Tower,0,7,2,0,9,0,0,32,8,40,0,7,34,8,49,28,4,32,81
07/19/2023,PDT,OR,ANM,WE,Federal Contract Tower,0,7,2,0,9,0,1,10,2,13,0,8,12,2,22,20,3,23,45
07/20/2023,PDT,OR,ANM,WE,Federal Contract Tower,0,10,0,0,10,0,1,13,1,15,0,11,13,1,25,53,0,53,78
07/21/2023,PDT,OR,ANM,WE,Federal Contract Tower,0,7,0,0,7,0,2,15,4,21,0,9,15,4,28,29,0,29,57
07/22/2023,PDT,OR,ANM,WE,Federal Contract Tower,0,7,7,0,14,0,0,19,0,19,0,7,26,0,33,12,0,12,45
07/23/2023,PDT,OR,ANM,WE,Federal Contract Tower,0,6,1,0,7,0,5,8,0,13,0,11,9,0,20,16,0,16,36
07/24/2023,PDT,OR,ANM,WE,Federal Contract Tower,0,6,0,0,6,0,3,11,4,18,0,9,11,4,24,23,8,31,55
07/25/2023,PDT,OR,ANM,WE,Federal Contract Tower,0,6,3,1,10,0,0,4,3,7,0,6,7,4,17,30,0,30,47
07/26/2023,PDT,OR,ANM,WE,Federal Contract Tower,0,8,6,0,14,0,4,20,3,27,0,12,26,3,41,49,0,49,90
07/27/2023,PDT,OR,ANM,WE,Federal Contract Tower,0,7,0,0,7,0,2,32,1,35,0,9,32,1,42,58,0,58,100
07/28/2023,PDT,OR,ANM,WE,Federal Contract Tower,0,6,0,0,6,0,3,18,0,21,0,9,18,0,27,16,0,16,43
07/29/2023,PDT,OR,ANM,WE,Federal Contract Tower,0,7,7,0,14,0,4,19,1,24,0,11,26,1,38,4,0,4,42
07/30/2023,PDT,OR,ANM,WE,Federal Contract Tower,0,5,0,0,5,0,1,13,0,14,0,6,13,0,19,0,0,0,19
07/31/2023,PDT,OR,ANM,WE,Federal Contract Tower,0,6,8,0,14,0,3,28,2,33,0,9,36,2,47,42,0,42,89
08/01/2023,PDT,OR,ANM,WE,Federal Contract Tower,0,6,1,0,7,0,4,32,4,40,0,10,33,4,47,50,0,50,97
08/02/2023,PDT,OR,ANM,WE,Federal Contract Tower,0,6,2,0,8,0,6,23,0,29,0,12,25,0,37,52,0,52,89
08/03/2023,PDT,OR,ANM,WE,Federal Contract Tower,0,10,4,0,14,0,5,23,4,32,0,15,27,4,46,45,26,71,117
08/04/2023,PDT,OR,ANM,WE,Federal Contract Tower,0,7,0,0,7,0,1,19,4,24,0,8,19,4,31,24,1,25,56
08/05/2023,PDT,OR,ANM,WE,Federal Contract Tower,0,8,4,0,12,0,8,10,0,18,0,16,14,0,30,34,6,40,70
08/06/2023,PDT,OR,ANM,WE,Federal Contract Tower,0,5,0,0,5,0,6,17,2,25,0,11,17,2,30,0,5,5,35
08/07/2023,PDT,OR,ANM,WE,Federal Contract Tower,0,8,0,0,8,0,0,6,0,6,0,8,6,0,14,0,0,0,14
08/08/2023,PDT,OR,ANM,WE,Federal Contract Tower,0,5,1,0,6,0,2,19,10,31,0,7,20,10,37,72,18,90,127
08/09/2023,PDT,OR,ANM,WE,Federal Contract Tower,0,5,1,0,6,0,3,8,12,23,0,8,9,12,29,76,14,90,119
08/10/2023,PDT,OR,ANM,WE,Federal Contract Tower,0,5,1,0,6,0,5,25,6,36,0,10,26,6,42,89,8,97,139
08/11/2023,PDT,OR,ANM,WE,Federal Contract Tower,0,8,0,0,8,0,1,23,2,26,0,9,23,2,34,45,2,47,81
08/12/2023,PDT,OR,ANM,WE,Federal Contract Tower,0,7,3,0,10,0,6,37,0,43,0,13,40,0,53,53,0,53,106
08/13/2023,PDT,OR,ANM,WE,Federal Contract Tower,0,7,1,0,8,0,2,17,0,19,0,9,18,0,27,78,0,78,105
08/14/2023,PDT,OR,ANM,WE,Federal Contract Tower,0,7,0,0,7,0,3,14,0,17,0,10,14,0,24,70,0,70,94
08/15/2023,PDT,OR,ANM,WE,Federal Contract Tower,0,9,1,0,10,0,2,15,0,17,0,11,16,0,27,79,0,79,106
08/16/2023,PDT,OR,ANM,WE,Federal Contract Tower,0,6,0,0,6,0,4,16,1,21,0,10,16,1,27,48,0,48,75
08/17/2023,PDT,OR,ANM,WE,Federal Contract Tower,0,6,2,0,8,0,3,13,2,18,0,9,15,2,26,52,2,54,80
08/18/2023,PDT,OR,ANM,WE,Federal Contract Tower,0,6,2,0,8,0,0,8,0,8,0,6,10,0,16,11,0,11,27
08/19/2023,PDT,OR,ANM,WE,Federal Contract Tower,0,5,2,0,7,0,3,21,0,24,0,8,23,0,31,42,0,42,73
08/20/2023,PDT,OR,ANM,WE,Federal Contract Tower,0,6,0,0,6,0,0,0,0,0,0,6,0,0,6,0,0,0,6
08/21/2023,PDT,OR,ANM,WE,Federal Contract Tower,0,11,0,0,11,0,0,0,0,0,0,11,0,0,11,6,0,6,17
08/22/2023,PDT,OR,ANM,WE,Federal Contract Tower,0,6,2,0,8,0,0,2,4,6,0,6,4,4,14,26,0,26,40
08/23/2023,PDT,OR,ANM,WE,Federal Contract Tower,0,8,2,0,10,0,2,25,5,32,0,10,27,5,42,48,15,63,105
08/24/2023,PDT,OR,ANM,WE,Federal Contract Tower,0,5,2,3,10,0,3,26,9,38,0,8,28,12,48,60,8,68,116
08/25/2023,PDT,OR,ANM,WE,Federal Contract Tower,0,6,0,0,6,0,2,6,0,8,0,8,6,0,14,2,0,2,16
08/26/2023,PDT,OR,ANM,WE,Federal Contract Tower,0,6,0,0,6,0,0,24,0,24,0,6,24,0,30,31,0,31,61
08/27/2023,PDT,OR,ANM,WE,Federal Contract Tower,0,6,0,0,6,0,3,11,0,14,0,9,11,0,20,0,0,0,20
08/28/2023,PDT,OR,ANM,WE,Federal Contract Tower,0,5,0,0,5,0,2,12,0,14,0,7,12,0,19,18,0,18,37
08/29/2023,PDT,OR,ANM,WE,Federal Contract Tower,0,6,0,2,8,0,1,2,2,5,0,7,2,4,13,0,2,2,15
08/30/2023,PDT,OR,ANM,WE,Federal Contract Tower,0,8,0,0,8,0,0,5,0,5,0,8,5,0,13,10,6,16,29
08/31/2023,PDT,OR,ANM,WE,Federal Contract Tower,0,6,3,0,9,0,2,17,0,19,0,8,20,0,28,26,0,26,54
